01/01/2000,RFD,IL,AGL,CE,Towers with Radar,0,10,22,0,32,0,3,34,0,37,0,13,56,0,69,32,0,32,101
01/02/2000,RFD,IL,AGL,CE,Towers with Radar,5,15,40,0,60,0,0,7,0,7,5,15,47,0,67,20,0,20,87
01/03/2000,RFD,IL,AGL,CE,Towers with Radar,21,19,46,0,86,0,0,7,0,7,21,19,53,0,93,4,0,4,97
01/04/2000,RFD,IL,AGL,CE,Towers with Radar,29,24,55,0,108,23,6,19,0,48,52,30,74,0,156,18,0,18,174
01/05/2000,RFD,IL,AGL,CE,Towers with Radar,40,32,77,3,152,14,0,63,7,84,54,32,140,10,236,66,16,82,318
01/06/2000,RFD,IL,AGL,CE,Towers with Radar,41,22,79,3,145,13,0,60,1,74,54,22,139,4,219,66,14,80,299
01/07/2000,RFD,IL,AGL,CE,Towers with Radar,34,27,65,2,128,2,3,69,0,74,36,30,134,2,202,98,0,98,300
01/08/2000,RFD,IL,AGL,CE,Towers with Radar,9,13,34,0,56,0,0,155,0,155,9,13,189,0,211,210,0,210,421
01/09/2000,RFD,IL,AGL,CE,Towers with Radar,1,7,12,1,21,0,3,0,0,3,1,10,12,1,24,0,0,0,24
01/10/2000,RFD,IL,AGL,CE,Towers with Radar,20,21,47,3,91,0,6,8,4,18,20,27,55,7,109,8,12,20,129
01/11/2000,RFD,IL,AGL,CE,Towers with Radar,40,26,76,3,145,9,0,32,0,41,49,26,108,3,186,28,0,28,214
01/12/2000,RFD,IL,AGL,CE,Towers with Radar,39,31,87,4,161,0,0,107,20,127,39,31,194,24,288,86,40,126,414
01/13/2000,RFD,IL,AGL,CE,Towers with Radar,43,30,101,0,174,0,0,35,0,35,43,30,136,0,209,56,0,56,265
01/14/2000,RFD,IL,AGL,CE,Towers with Radar,40,29,77,0,146,0,0,34,0,34,40,29,111,0,180,44,0,44,224
01/15/2000,RFD,IL,AGL,CE,Towers with Radar,9,11,41,0,61,0,0,109,0,109,9,11,150,0,170,152,0,152,322
01/16/2000,RFD,IL,AGL,CE,Towers with Radar,5,11,36,0,52,0,0,40,0,40,5,11,76,0,92,102,0,102,194
01/17/2000,RFD,IL,AGL,CE,Towers with Radar,23,18,37,0,78,0,0,0,0,0,23,18,37,0,78,26,0,26,104
01/18/2000,RFD,IL,AGL,CE,Towers with Radar,42,30,77,0,149,17,0,18,0,35,59,30,95,0,184,26,0,26,210
01/19/2000,RFD,IL,AGL,CE,Towers with Radar,30,23,55,0,108,25,3,13,0,41,55,26,68,0,149,20,0,20,169
01/20/2000,RFD,IL,AGL,CE,Towers with Radar,41,24,75,4,144,9,0,27,4,40,50,24,102,8,184,42,26,68,252
01/21/2000,RFD,IL,AGL,CE,Towers with Radar,31,24,58,0,113,15,7,68,0,90,46,31,126,0,203,60,0,60,263
01/22/2000,RFD,IL,AGL,CE,Towers with Radar,12,9,29,2,52,0,0,0,9,9,12,9,29,11,61,0,4,4,65
01/23/2000,RFD,IL,AGL,CE,Towers with Radar,1,15,36,0,52,0,3,62,0,65,1,18,98,0,117,62,0,62,179
01/24/2000,RFD,IL,AGL,CE,Towers with Radar,21,21,51,0,93,0,17,53,0,70,21,38,104,0,163,48,0,48,211
01/25/2000,RFD,IL,AGL,CE,Towers with Radar,45,30,84,3,162,11,0,69,21,101,56,30,153,24,263,98,44,142,405
01/26/2000,RFD,IL,AGL,CE,Towers with Radar,41,19,77,0,137,12,0,46,0,58,53,19,123,0,195,64,0,64,259
01/27/2000,RFD,IL,AGL,CE,Towers with Radar,42,26,78,3,149,8,0,110,1,119,50,26,188,4,268,120,14,134,402
01/28/2000,RFD,IL,AGL,CE,Towers with Radar,29,23,54,0,106,7,11,73,0,91,36,34,127,0,197,118,0,118,315
01/29/2000,RFD,IL,AGL,CE,Towers with Radar,10,16,57,0,83,0,0,71,0,71,10,16,128,0,154,124,0,124,278
01/30/2000,RFD,IL,AGL,CE,Towers with Radar,1,6,13,0,20,0,8,0,0,8,1,14,13,0,28,0,0,0,28
01/31/2000,RFD,IL,AGL,CE,Towers with Radar,21,28,68,0,117,0,13,74,0,87,21,41,142,0,204,78,0,78,282
02/01/2000,RFD,IL,AGL,CE,Towers with Radar,41,32,77,0,150,17,9,18,0,44,58,41,95,0,194,54,0,54,248
02/02/2000,RFD,IL,AGL,CE,Towers with Radar,45,32,83,4,164,20,0,16,18,54,65,32,99,22,218,6,54,60,278
02/03/2000,RFD,IL,AGL,CE,Towers with Radar,44,30,82,4,160,6,0,40,35,81,50,30,122,39,241,60,46,106,347
02/04/2000,RFD,IL,AGL,CE,Towers with Radar,38,30,70,1,139,10,0,47,0,57,48,30,117,1,196,34,0,34,230
02/05/2000,RFD,IL,AGL,CE,Towers with Radar,9,8,37,2,56,0,0,91,0,91,9,8,128,2,147,100,6,106,253
02/06/2000,RFD,IL,AGL,CE,Towers with Radar,0,18,44,0,62,0,3,49,0,52,0,21,93,0,114,110,0,110,224
02/07/2000,RFD,IL,AGL,CE,Towers with Radar,17,18,50,1,86,0,0,38,0,38,17,18,88,1,124,46,0,46,170
02/08/2000,RFD,IL,AGL,CE,Towers with Radar,47,36,86,0,169,10,0,19,0,29,57,36,105,0,198,24,0,24,222
02/09/2000,RFD,IL,AGL,CE,Towers with Radar,44,21,81,0,146,11,0,52,0,63,55,21,133,0,209,88,0,88,297
02/10/2000,RFD,IL,AGL,CE,Towers with Radar,47,30,88,0,165,5,0,29,0,34,52,30,117,0,199,6,0,6,205
02/11/2000,RFD,IL,AGL,CE,Towers with Radar,32,25,59,0,116,5,2,87,0,94,37,27,146,0,210,52,0,52,262
02/12/2000,RFD,IL,AGL,CE,Towers with Radar,8,10,45,0,63,0,0,126,0,126,8,10,171,0,189,146,0,146,335
02/13/2000,RFD,IL,AGL,CE,Towers with Radar,0,9,17,0,26,0,9,0,0,9,0,18,17,0,35,4,0,4,39
02/14/2000,RFD,IL,AGL,CE,Towers with Radar,24,24,58,3,109,0,14,27,11,52,24,38,85,14,161,34,0,34,195
02/15/2000,RFD,IL,AGL,CE,Towers with Radar,45,31,82,4,162,16,0,50,17,83,61,31,132,21,245,14,30,44,289
02/16/2000,RFD,IL,AGL,CE,Towers with Radar,47,29,83,4,163,8,0,89,0,97,55,29,172,4,260,96,8,104,364
02/17/2000,RFD,IL,AGL,CE,Towers with Radar,40,30,72,0,142,10,13,56,0,79,50,43,128,0,221,150,0,150,371
02/18/2000,RFD,IL,AGL,CE,Towers with Radar,18,13,33,0,64,19,0,8,0,27,37,13,41,0,91,0,0,0,91
02/19/2000,RFD,IL,AGL,CE,Towers with Radar,8,14,46,0,68,0,0,36,0,36,8,14,82,0,104,22,0,22,126
02/20/2000,RFD,IL,AGL,CE,Towers with Radar,0,18,41,0,59,0,16,93,0,109,0,34,134,0,168,168,0,168,336
02/21/2000,RFD,IL,AGL,CE,Towers with Radar,18,25,60,2,105,0,9,74,2,85,18,34,134,4,190,68,0,68,258
02/22/2000,RFD,IL,AGL,CE,Towers with Radar,45,33,80,3,161,8,0,65,5,78,53,33,145,8,239,66,12,78,317
02/23/2000,RFD,IL,AGL,CE,Towers with Radar,45,35,81,0,161,11,41,69,0,121,56,76,150,0,282,120,8,128,410
02/24/2000,RFD,IL,AGL,CE,Towers with Radar,52,33,98,0,183,0,0,58,0,58,52,33,156,0,241,42,0,42,283
02/25/2000,RFD,IL,AGL,CE,Towers with Radar,39,29,70,2,140,1,3,57,0,61,40,32,127,2,201,22,0,22,223
02/26/2000,RFD,IL,AGL,CE,Towers with Radar,8,10,44,0,62,0,0,8,0,8,8,10,52,0,70,32,0,32,102
02/27/2000,RFD,IL,AGL,CE,Towers with Radar,0,11,34,1,46,0,0,87,3,90,0,11,121,4,136,58,42,100,236
02/28/2000,RFD,IL,AGL,CE,Towers with Radar,20,22,52,2,96,0,4,159,12,175,20,26,211,14,271,88,10,98,369
02/29/2000,RFD,IL,AGL,CE,Towers with Radar,42,32,74,0,148,11,10,37,0,58,53,42,111,0,206,76,0,76,282
03/01/2000,RFD,IL,AGL,CE,Towers with Radar,46,33,90,1,170,10,13,27,9,59,56,46,117,10,229,96,0,96,325
03/02/2000,RFD,IL,AGL,CE,Towers with Radar,45,32,88,1,166,7,1,141,0,149,52,33,229,1,315,192,0,192,507
03/03/2000,RFD,IL,AGL,CE,Towers with Radar,42,31,84,1,158,0,10,48,6,64,42,41,132,7,222,84,18,102,324
03/04/2000,RFD,IL,AGL,CE,Towers with Radar,8,13,22,0,43,0,0,0,0,0,8,13,22,0,43,54,0,54,97
03/05/2000,RFD,IL,AGL,CE,Towers with Radar,0,13,49,0,62,0,0,112,0,112,0,13,161,0,174,114,0,114,288
03/06/2000,RFD,IL,AGL,CE,Towers with Radar,19,21,58,0,98,0,8,72,0,80,19,29,130,0,178,52,0,52,230
03/07/2000,RFD,IL,AGL,CE,Towers with Radar,41,30,80,1,152,11,3,127,3,144,52,33,207,4,296,68,0,68,364
03/08/2000,RFD,IL,AGL,CE,Towers with Radar,40,27,79,0,146,22,0,9,0,31,62,27,88,0,177,36,0,36,213
03/09/2000,RFD,IL,AGL,CE,Towers with Radar,40,29,71,0,140,23,8,0,0,31,63,37,71,0,171,14,0,14,185
03/10/2000,RFD,IL,AGL,CE,Towers with Radar,37,27,72,1,137,5,21,29,3,58,42,48,101,4,195,24,0,24,219
03/11/2000,RFD,IL,AGL,CE,Towers with Radar,9,15,44,0,68,0,1,76,0,77,9,16,120,0,145,140,0,140,285
03/12/2000,RFD,IL,AGL,CE,Towers with Radar,0,16,46,1,63,0,7,95,2,104,0,23,141,3,167,194,0,194,361
03/13/2000,RFD,IL,AGL,CE,Towers with Radar,23,21,70,0,114,0,0,5,0,5,23,21,75,0,119,30,0,30,149
03/14/2000,RFD,IL,AGL,CE,Towers with Radar,43,31,84,0,158,14,4,67,0,85,57,35,151,0,243,196,0,196,439
03/15/2000,RFD,IL,AGL,CE,Towers with Radar,50,29,98,0,177,6,0,17,0,23,56,29,115,0,200,44,0,44,244
03/16/2000,RFD,IL,AGL,CE,Towers with Radar,39,28,74,1,142,15,6,19,1,41,54,34,93,2,183,30,0,30,213
03/17/2000,RFD,IL,AGL,CE,Towers with Radar,40,29,77,0,146,0,6,128,0,134,40,35,205,0,280,98,0,98,378
03/18/2000,RFD,IL,AGL,CE,Towers with Radar,9,8,44,0,61,0,0,35,0,35,9,8,79,0,96,48,0,48,144
03/19/2000,RFD,IL,AGL,CE,Towers with Radar,2,12,34,0,48,0,5,10,0,15,2,17,44,0,63,8,0,8,71
03/20/2000,RFD,IL,AGL,CE,Towers with Radar,19,26,68,0,113,0,4,0,0,4,19,30,68,0,117,14,0,14,131
03/21/2000,RFD,IL,AGL,CE,Towers with Radar,46,32,88,0,166,10,7,19,0,36,56,39,107,0,202,62,0,62,264
03/22/2000,RFD,IL,AGL,CE,Towers with Radar,55,27,112,0,194,0,0,66,0,66,55,27,178,0,260,90,2,92,352
03/23/2000,RFD,IL,AGL,CE,Towers with Radar,41,26,78,0,145,15,0,127,0,142,56,26,205,0,287,90,0,90,377
03/24/2000,RFD,IL,AGL,CE,Towers with Radar,36,26,71,0,133,0,0,52,0,52,36,26,123,0,185,4,0,4,189
03/25/2000,RFD,IL,AGL,CE,Towers with Radar,8,12,34,0,54,0,0,55,0,55,8,12,89,0,109,24,0,24,133
03/26/2000,RFD,IL,AGL,CE,Towers with Radar,0,16,47,0,63,0,0,105,0,105,0,16,152,0,168,104,0,104,272
03/27/2000,RFD,IL,AGL,CE,Towers with Radar,22,21,55,0,98,0,0,68,0,68,22,21,123,0,166,74,0,74,240
03/28/2000,RFD,IL,AGL,CE,Towers with Radar,40,27,75,0,142,18,2,24,0,44,58,29,99,0,186,78,0,78,264
03/29/2000,RFD,IL,AGL,CE,Towers with Radar,44,24,84,0,152,11,0,156,0,167,55,24,240,0,319,168,0,168,487
03/30/2000,RFD,IL,AGL,CE,Towers with Radar,39,27,73,0,139,16,13,113,6,148,55,40,186,6,287,94,0,94,381
03/31/2000,RFD,IL,AGL,CE,Towers with Radar,35,23,67,0,125,3,0,85,2,90,38,23,152,2,215,116,0,116,331
04/01/2000,RFD,IL,AGL,CE,Towers with Radar,7,12,59,0,78,0,0,48,0,48,7,12,107,0,126,212,2,214,340
04/02/2000,RFD,IL,AGL,CE,Towers with Radar,0,18,58,0,76,0,0,60,0,60,0,18,118,0,136,70,0,70,206
04/03/2000,RFD,IL,AGL,CE,Towers with Radar,24,21,53,0,98,2,21,109,0,132,26,42,162,0,230,136,0,136,366
04/04/2000,RFD,IL,AGL,CE,Towers with Radar,28,23,65,0,116,24,0,34,0,58,52,23,99,0,174,24,0,24,198
04/05/2000,RFD,IL,AGL,CE,Towers with Radar,36,27,79,0,142,19,0,66,0,85,55,27,145,0,227,58,0,58,285
04/06/2000,RFD,IL,AGL,CE,Towers with Radar,33,28,72,0,133,18,1,100,0,119,51,29,172,0,252,72,22,94,346
04/07/2000,RFD,IL,AGL,CE,Towers with Radar,25,22,31,0,78,14,8,0,0,22,39,30,31,0,100,16,0,16,116
04/08/2000,RFD,IL,AGL,CE,Towers with Radar,9,17,51,0,77,0,0,55,0,55,9,17,106,0,132,82,0,82,214
04/09/2000,RFD,IL,AGL,CE,Towers with Radar,0,14,61,0,75,0,0,89,0,89,0,14,150,0,164,122,0,122,286
04/10/2000,RFD,IL,AGL,CE,Towers with Radar,21,22,64,0,107,0,0,31,0,31,21,22,95,0,138,40,0,40,178
04/11/2000,RFD,IL,AGL,CE,Towers with Radar,29,25,58,2,114,24,8,0,7,39,53,33,58,9,153,24,0,24,177
04/12/2000,RFD,IL,AGL,CE,Towers with Radar,50,26,109,0,185,2,0,124,0,126,52,26,233,0,311,194,0,194,505
04/13/2000,RFD,IL,AGL,CE,Towers with Radar,38,31,80,1,150,14,0,40,0,54,52,31,120,1,204,92,16,108,312
04/14/2000,RFD,IL,AGL,CE,Towers with Radar,32,26,69,0,127,9,2,99,0,110,41,28,168,0,237,148,8,156,393
04/15/2000,RFD,IL,AGL,CE,Towers with Radar,8,18,57,1,84,0,0,98,1,99,8,18,155,2,183,142,0,142,325
04/16/2000,RFD,IL,AGL,CE,Towers with Radar,0,16,46,1,63,0,10,29,0,39,0,26,75,1,102,32,0,32,134
04/17/2000,RFD,IL,AGL,CE,Towers with Radar,19,25,68,2,114,0,6,30,3,39,19,31,98,5,153,18,0,18,171
04/18/2000,RFD,IL,AGL,CE,Towers with Radar,50,33,106,3,192,6,0,34,6,46,56,33,140,9,238,64,38,102,340
04/19/2000,RFD,IL,AGL,CE,Towers with Radar,36,30,77,2,145,16,0,2,8,26,52,30,79,10,171,0,0,0,171
04/20/2000,RFD,IL,AGL,CE,Towers with Radar,30,18,53,0,101,15,0,0,0,15,45,18,53,0,116,0,0,0,116
04/21/2000,RFD,IL,AGL,CE,Towers with Radar,35,21,36,2,94,0,1,26,0,27,35,22,62,2,121,34,46,80,201
04/22/2000,RFD,IL,AGL,CE,Towers with Radar,9,12,34,0,55,0,2,8,0,10,9,14,42,0,65,112,0,112,177
04/23/2000,RFD,IL,AGL,CE,Towers with Radar,0,16,19,0,35,0,3,12,0,15,0,19,31,0,50,18,0,18,68
04/24/2000,RFD,IL,AGL,CE,Towers with Radar,8,14,69,3,94,0,0,72,5,77,8,14,141,8,171,66,10,76,247
04/25/2000,RFD,IL,AGL,CE,Towers with Radar,38,27,80,3,148,17,0,132,3,152,55,27,212,6,300,90,0,90,390
04/26/2000,RFD,IL,AGL,CE,Towers with Radar,38,26,79,3,146,18,0,172,3,193,56,26,251,6,339,120,0,120,459
04/27/2000,RFD,IL,AGL,CE,Towers with Radar,55,29,42,8,134,0,6,102,0,108,55,35,144,8,242,38,0,38,280
04/28/2000,RFD,IL,AGL,CE,Towers with Radar,40,22,73,2,137,0,7,78,0,85,40,29,151,2,222,130,0,130,352
04/29/2000,RFD,IL,AGL,CE,Towers with Radar,8,24,61,0,93,0,8,36,0,44,8,32,97,0,137,98,0,98,235
04/30/2000,RFD,IL,AGL,CE,Towers with Radar,0,22,43,0,65,0,0,93,0,93,0,22,136,0,158,108,0,108,266
05/01/2000,RFD,IL,AGL,CE,Towers with Radar,22,14,64,0,100,0,4,42,0,46,22,18,106,0,146,58,0,58,204
05/02/2000,RFD,IL,AGL,CE,Towers with Radar,34,16,76,0,126,20,0,96,0,116,54,16,172,0,242,110,0,110,352
05/03/2000,RFD,IL,AGL,CE,Towers with Radar,38,18,84,2,142,18,5,100,3,126,56,23,184,5,268,94,4,98,366
05/04/2000,RFD,IL,AGL,CE,Towers with Radar,40,18,87,2,147,13,1,56,0,70,53,19,143,2,217,80,8,88,305
05/05/2000,RFD,IL,AGL,CE,Towers with Radar,33,15,74,1,123,3,12,82,0,97,36,27,156,1,220,144,0,144,364
05/06/2000,RFD,IL,AGL,CE,Towers with Radar,6,4,48,4,62,2,2,52,0,56,8,6,100,4,118,82,14,96,214
05/07/2000,RFD,IL,AGL,CE,Towers with Radar,3,10,62,1,76,0,0,91,25,116,3,10,153,26,192,44,24,68,260
05/08/2000,RFD,IL,AGL,CE,Towers with Radar,21,12,60,0,93,2,0,6,0,8,23,12,66,0,101,14,0,14,115
05/09/2000,RFD,IL,AGL,CE,Towers with Radar,57,17,72,0,146,1,0,7,0,8,58,17,79,0,154,38,0,38,192
05/10/2000,RFD,IL,AGL,CE,Towers with Radar,38,16,82,0,136,16,0,67,0,83,54,16,149,0,219,146,0,146,365
05/11/2000,RFD,IL,AGL,CE,Towers with Radar,50,32,68,0,150,2,2,25,0,29,52,34,93,0,179,16,0,16,195
05/12/2000,RFD,IL,AGL,CE,Towers with Radar,39,18,72,0,129,11,1,0,0,12,50,19,72,0,141,16,0,16,157
05/13/2000,RFD,IL,AGL,CE,Towers with Radar,10,7,46,0,63,0,0,35,0,35,10,7,81,0,98,28,0,28,126
05/14/2000,RFD,IL,AGL,CE,Towers with Radar,0,8,37,0,45,0,0,38,0,38,0,8,75,0,83,50,0,50,133
05/15/2000,RFD,IL,AGL,CE,Towers with Radar,21,12,71,0,104,0,0,72,0,72,21,12,143,0,176,144,0,144,320
05/16/2000,RFD,IL,AGL,CE,Towers with Radar,44,21,95,0,160,9,5,110,0,124,53,26,205,0,284,76,0,76,360
05/17/2000,RFD,IL,AGL,CE,Towers with Radar,56,20,74,0,150,0,12,9,0,21,56,32,83,0,171,6,0,6,177
05/18/2000,RFD,IL,AGL,CE,Towers with Radar,46,14,54,0,114,1,3,7,0,11,47,17,61,0,125,0,0,0,125
05/19/2000,RFD,IL,AGL,CE,Towers with Radar,43,10,98,1,152,0,0,26,0,26,43,10,124,1,178,74,2,76,254
05/20/2000,RFD,IL,AGL,CE,Towers with Radar,9,11,48,0,68,0,1,124,0,125,9,12,172,0,193,180,0,180,373
05/21/2000,RFD,IL,AGL,CE,Towers with Radar,0,7,50,0,57,0,0,102,0,102,0,7,152,0,159,88,0,88,247
05/22/2000,RFD,IL,AGL,CE,Towers with Radar,16,12,116,2,146,2,0,67,4,73,18,12,183,6,219,48,0,48,267
05/23/2000,RFD,IL,AGL,CE,Towers with Radar,38,14,83,1,136,18,0,100,0,118,56,14,183,1,254,58,0,58,312
05/24/2000,RFD,IL,AGL,CE,Towers with Radar,48,12,64,0,124,2,4,95,0,101,50,16,159,0,225,42,0,42,267
05/25/2000,RFD,IL,AGL,CE,Towers with Radar,59,24,76,0,159,2,0,76,0,78,61,24,152,0,237,62,0,62,299
05/26/2000,RFD,IL,AGL,CE,Towers with Radar,32,11,76,0,119,2,2,68,0,72,34,13,144,0,191,6,0,6,197
05/27/2000,RFD,IL,AGL,CE,Towers with Radar,5,8,40,0,53,0,0,1,0,1,5,8,41,0,54,22,0,22,76
05/28/2000,RFD,IL,AGL,CE,Towers with Radar,0,4,28,0,32,0,0,0,0,0,0,4,28,0,32,0,0,0,32
05/29/2000,RFD,IL,AGL,CE,Towers with Radar,0,7,45,0,52,0,0,53,0,53,0,7,98,0,105,62,0,62,167
05/30/2000,RFD,IL,AGL,CE,Towers with Radar,17,13,50,0,80,2,0,30,0,32,19,13,80,0,112,24,0,24,136
05/31/2000,RFD,IL,AGL,CE,Towers with Radar,30,15,51,0,96,24,2,0,0,26,54,17,51,0,122,0,0,0,122
06/01/2000,RFD,IL,AGL,CE,Towers with Radar,59,18,73,8,158,4,0,44,1,49,63,18,117,9,207,14,24,38,245
06/02/2000,RFD,IL,AGL,CE,Towers with Radar,39,10,78,2,129,3,1,98,0,102,42,11,176,2,231,82,2,84,315
06/03/2000,RFD,IL,AGL,CE,Towers with Radar,7,3,50,0,60,0,0,173,0,173,7,3,223,0,233,210,0,210,443
06/04/2000,RFD,IL,AGL,CE,Towers with Radar,0,9,53,2,64,0,0,77,0,77,0,9,130,2,141,72,0,72,213
06/05/2000,RFD,IL,AGL,CE,Towers with Radar,22,12,70,2,106,0,0,49,0,49,22,12,119,2,155,36,0,36,191
06/06/2000,RFD,IL,AGL,CE,Towers with Radar,40,21,85,0,146,18,6,160,0,184,58,27,245,0,330,98,0,98,428
06/07/2000,RFD,IL,AGL,CE,Towers with Radar,37,13,78,0,128,19,0,72,0,91,56,13,150,0,219,44,0,44,263
06/08/2000,RFD,IL,AGL,CE,Towers with Radar,32,16,68,2,118,21,1,72,6,100,53,17,140,8,218,74,22,96,314
06/09/2000,RFD,IL,AGL,CE,Towers with Radar,29,15,63,0,107,5,2,62,0,69,34,17,125,0,176,58,0,58,234
06/10/2000,RFD,IL,AGL,CE,Towers with Radar,10,7,39,0,56,0,0,55,1,56,10,7,94,1,112,60,0,60,172
06/11/2000,RFD,IL,AGL,CE,Towers with Radar,0,7,55,0,62,0,0,63,0,63,0,7,118,0,125,80,0,80,205
06/12/2000,RFD,IL,AGL,CE,Towers with Radar,19,14,65,1,99,0,0,0,13,13,19,14,65,14,112,0,22,22,134
06/13/2000,RFD,IL,AGL,CE,Towers with Radar,28,14,50,0,92,23,8,0,0,31,51,22,50,0,123,36,0,36,159
06/14/2000,RFD,IL,AGL,CE,Towers with Radar,59,25,53,0,137,2,1,32,0,35,61,26,85,0,172,62,0,62,234
06/15/2000,RFD,IL,AGL,CE,Towers with Radar,45,19,95,1,160,13,0,75,7,95,58,19,170,8,255,120,32,152,407
06/16/2000,RFD,IL,AGL,CE,Towers with Radar,38,21,76,2,137,2,0,38,0,40,40,21,114,2,177,46,0,46,223
06/17/2000,RFD,IL,AGL,CE,Towers with Radar,9,11,43,0,63,0,1,75,11,87,9,12,118,11,150,104,16,120,270
06/18/2000,RFD,IL,AGL,CE,Towers with Radar,0,10,41,0,51,0,8,82,0,90,0,18,123,0,141,146,0,146,287
06/19/2000,RFD,IL,AGL,CE,Towers with Radar,20,14,62,0,96,0,4,110,0,114,20,18,172,0,210,50,0,50,260
06/20/2000,RFD,IL,AGL,CE,Towers with Radar,41,20,86,0,147,19,1,1,0,21,60,21,87,0,168,34,4,38,206
06/21/2000,RFD,IL,AGL,CE,Towers with Radar,50,25,104,0,179,5,10,100,0,115,55,35,204,0,294,120,0,120,414
06/22/2000,RFD,IL,AGL,CE,Towers with Radar,52,23,108,3,186,2,34,79,0,115,54,57,187,3,301,158,14,172,473
06/23/2000,RFD,IL,AGL,CE,Towers with Radar,33,16,71,0,120,6,0,97,0,103,39,16,168,0,223,94,0,94,317
06/24/2000,RFD,IL,AGL,CE,Towers with Radar,7,11,43,0,61,3,1,6,0,10,10,12,49,0,71,26,0,26,97
06/25/2000,RFD,IL,AGL,CE,Towers with Radar,0,7,61,1,69,0,0,90,19,109,0,7,151,20,178,128,0,128,306
06/26/2000,RFD,IL,AGL,CE,Towers with Radar,18,14,73,1,106,2,0,45,1,48,20,14,118,2,154,146,0,146,300
06/27/2000,RFD,IL,AGL,CE,Towers with Radar,56,14,75,0,145,1,1,95,0,97,57,15,170,0,242,140,0,140,382
06/28/2000,RFD,IL,AGL,CE,Towers with Radar,46,19,95,1,161,8,0,30,3,41,54,19,125,4,202,58,12,70,272
06/29/2000,RFD,IL,AGL,CE,Towers with Radar,47,22,97,0,166,10,2,133,0,145,57,24,230,0,311,196,0,196,507
06/30/2000,RFD,IL,AGL,CE,Towers with Radar,38,20,88,0,146,0,14,87,0,101,38,34,175,0,247,76,0,76,323
07/01/2000,RFD,IL,AGL,CE,Towers with Radar,8,6,40,0,54,0,3,87,0,90,8,9,127,0,144,12,0,12,156
07/02/2000,RFD,IL,AGL,CE,Towers with Radar,1,5,33,0,39,0,0,9,0,9,1,5,42,0,48,34,0,34,82
07/03/2000,RFD,IL,AGL,CE,Towers with Radar,16,5,67,0,88,0,0,26,0,26,16,5,93,0,114,10,0,10,124
07/04/2000,RFD,IL,AGL,CE,Towers with Radar,24,13,42,0,79,0,0,25,0,25,24,13,67,0,104,28,0,28,132
07/05/2000,RFD,IL,AGL,CE,Towers with Radar,29,11,54,0,94,0,2,65,0,67,29,13,119,0,161,146,0,146,307
07/06/2000,RFD,IL,AGL,CE,Towers with Radar,58,14,77,6,155,0,4,71,8,83,58,18,148,14,238,44,8,52,290
07/07/2000,RFD,IL,AGL,CE,Towers with Radar,35,11,72,2,120,10,0,107,1,118,45,11,179,3,238,44,0,44,282
07/08/2000,RFD,IL,AGL,CE,Towers with Radar,12,5,38,1,56,0,0,62,10,72,12,5,100,11,128,40,0,40,168
07/09/2000,RFD,IL,AGL,CE,Towers with Radar,0,5,38,0,43,0,0,37,0,37,0,5,75,0,80,48,0,48,128
07/10/2000,RFD,IL,AGL,CE,Towers with Radar,21,12,105,0,138,0,2,18,0,20,21,14,123,0,158,70,0,70,228
07/11/2000,RFD,IL,AGL,CE,Towers with Radar,41,13,86,0,140,19,12,89,0,120,60,25,175,0,260,52,0,52,312
07/12/2000,RFD,IL,AGL,CE,Towers with Radar,38,11,78,2,129,27,7,140,0,174,65,18,218,2,303,68,0,68,371
07/13/2000,RFD,IL,AGL,CE,Towers with Radar,42,11,87,2,142,13,0,137,5,155,55,11,224,7,297,146,4,150,447
07/14/2000,RFD,IL,AGL,CE,Towers with Radar,33,11,68,2,114,8,8,115,0,131,41,19,183,2,245,80,10,90,335
07/15/2000,RFD,IL,AGL,CE,Towers with Radar,9,6,46,0,61,0,0,93,0,93,9,6,139,0,154,90,0,90,244
07/16/2000,RFD,IL,AGL,CE,Towers with Radar,0,6,46,0,52,0,0,96,0,96,0,6,142,0,148,110,0,110,258
07/17/2000,RFD,IL,AGL,CE,Towers with Radar,27,10,69,1,107,0,8,95,6,109,27,18,164,7,216,80,0,80,296
07/18/2000,RFD,IL,AGL,CE,Towers with Radar,37,12,77,0,126,23,2,124,0,149,60,14,201,0,275,180,4,184,459
07/19/2000,RFD,IL,AGL,CE,Towers with Radar,40,13,83,1,137,19,2,85,3,109,59,15,168,4,246,178,6,184,430
07/20/2000,RFD,IL,AGL,CE,Towers with Radar,41,10,86,1,138,19,0,118,27,164,60,10,204,28,302,132,36,168,470
07/21/2000,RFD,IL,AGL,CE,Towers with Radar,34,12,75,0,121,10,2,100,0,112,44,14,175,0,233,128,0,128,361
07/22/2000,RFD,IL,AGL,CE,Towers with Radar,8,8,51,0,67,0,0,182,0,182,8,8,233,0,249,72,0,72,321
07/23/2000,RFD,IL,AGL,CE,Towers with Radar,0,8,53,0,61,0,2,127,0,129,0,10,180,0,190,32,0,32,222
07/24/2000,RFD,IL,AGL,CE,Towers with Radar,22,9,61,0,92,0,0,129,0,129,22,9,190,0,221,128,0,128,349
07/25/2000,RFD,IL,AGL,CE,Towers with Radar,72,16,88,3,179,0,0,103,2,105,72,16,191,5,284,126,0,126,410
07/26/2000,RFD,IL,AGL,CE,Towers with Radar,40,14,85,0,139,23,7,54,0,84,63,21,139,0,223,118,0,118,341
07/27/2000,RFD,IL,AGL,CE,Towers with Radar,48,17,102,0,167,10,1,1,0,12,58,18,103,0,179,56,0,56,235
07/28/2000,RFD,IL,AGL,CE,Towers with Radar,45,12,70,1,128,0,0,47,1,48,45,12,117,2,176,54,2,56,232
07/29/2000,RFD,IL,AGL,CE,Towers with Radar,9,6,67,0,82,0,0,16,0,16,9,6,83,0,98,6,2,8,106
07/30/2000,RFD,IL,AGL,CE,Towers with Radar,0,6,63,1,70,0,0,28,0,28,0,6,91,1,98,10,0,10,108
07/31/2000,RFD,IL,AGL,CE,Towers with Radar,12,7,84,0,103,0,0,27,0,27,12,7,111,0,130,12,0,12,142
08/01/2000,RFD,IL,AGL,CE,Towers with Radar,58,16,58,3,135,1,1,46,0,48,59,17,104,3,183,70,28,98,281
08/02/2000,RFD,IL,AGL,CE,Towers with Radar,66,17,90,2,175,0,3,62,0,65,66,20,152,2,240,98,2,100,340
08/03/2000,RFD,IL,AGL,CE,Towers with Radar,44,15,83,0,142,11,0,115,0,126,55,15,198,0,268,102,0,102,370
08/04/2000,RFD,IL,AGL,CE,Towers with Radar,32,14,62,0,108,16,0,61,0,77,48,14,123,0,185,26,0,26,211
08/05/2000,RFD,IL,AGL,CE,Towers with Radar,13,7,39,0,59,0,0,37,0,37,13,7,76,0,96,54,0,54,150
08/06/2000,RFD,IL,AGL,CE,Towers with Radar,0,9,42,2,53,0,0,23,2,25,0,9,65,4,78,26,10,36,114
08/07/2000,RFD,IL,AGL,CE,Towers with Radar,18,13,78,0,109,1,1,80,0,82,19,14,158,0,191,100,0,100,291
08/08/2000,RFD,IL,AGL,CE,Towers with Radar,59,18,59,3,139,1,3,35,0,39,60,21,94,3,178,50,18,68,246
08/09/2000,RFD,IL,AGL,CE,Towers with Radar,40,16,75,1,132,22,2,105,0,129,62,18,180,1,261,66,0,66,327
08/10/2000,RFD,IL,AGL,CE,Towers with Radar,49,10,90,4,153,12,0,66,7,85,61,10,156,11,238,116,12,128,366
08/11/2000,RFD,IL,AGL,CE,Towers with Radar,39,20,75,1,135,1,3,65,0,69,40,23,140,1,204,42,0,42,246
08/12/2000,RFD,IL,AGL,CE,Towers with Radar,13,10,48,0,71,0,1,95,0,96,13,11,143,0,167,70,0,70,237
08/13/2000,RFD,IL,AGL,CE,Towers with Radar,0,6,35,0,41,0,2,33,0,35,0,8,68,0,76,48,0,48,124
08/14/2000,RFD,IL,AGL,CE,Towers with Radar,20,16,73,0,109,1,0,93,0,94,21,16,166,0,203,126,16,142,345
08/15/2000,RFD,IL,AGL,CE,Towers with Radar,40,15,74,2,131,21,0,36,10,67,61,15,110,12,198,88,18,106,304
08/16/2000,RFD,IL,AGL,CE,Towers with Radar,43,15,80,0,138,15,0,86,0,101,58,15,166,0,239,118,0,118,357
08/17/2000,RFD,IL,AGL,CE,Towers with Radar,57,7,80,0,144,1,0,26,0,27,58,7,106,0,171,128,0,128,299
08/18/2000,RFD,IL,AGL,CE,Towers with Radar,44,13,96,0,153,1,0,83,1,85,45,13,179,1,238,152,0,152,390
08/19/2000,RFD,IL,AGL,CE,Towers with Radar,10,12,54,0,76,0,1,62,0,63,10,13,116,0,139,150,0,150,289
08/20/2000,RFD,IL,AGL,CE,Towers with Radar,0,6,49,0,55,0,0,73,0,73,0,6,122,0,128,108,0,108,236
08/21/2000,RFD,IL,AGL,CE,Towers with Radar,20,15,81,0,116,1,0,78,0,79,21,15,159,0,195,84,0,84,279
08/22/2000,RFD,IL,AGL,CE,Towers with Radar,50,20,68,0,138,2,0,41,0,43,52,20,109,0,181,56,0,56,237
08/23/2000,RFD,IL,AGL,CE,Towers with Radar,52,17,96,3,168,13,0,35,5,53,65,17,131,8,221,90,6,96,317
08/24/2000,RFD,IL,AGL,CE,Towers with Radar,73,18,79,0,170,2,2,65,3,72,75,20,144,3,242,70,0,70,312
08/25/2000,RFD,IL,AGL,CE,Towers with Radar,43,24,60,2,129,1,5,90,0,96,44,29,150,2,225,86,0,86,311
08/26/2000,RFD,IL,AGL,CE,Towers with Radar,9,8,39,0,56,0,5,39,0,44,9,13,78,0,100,66,0,66,166
08/27/2000,RFD,IL,AGL,CE,Towers with Radar,0,7,59,1,67,0,0,53,0,53,0,7,112,1,120,70,0,70,190
08/28/2000,RFD,IL,AGL,CE,Towers with Radar,16,15,71,2,104,0,0,73,0,73,16,15,144,2,177,30,2,32,209
08/29/2000,RFD,IL,AGL,CE,Towers with Radar,53,20,98,0,171,9,0,26,0,35,62,20,124,0,206,30,0,30,236
08/30/2000,RFD,IL,AGL,CE,Towers with Radar,53,14,97,3,167,5,0,52,5,62,58,14,149,8,229,46,0,46,275
08/31/2000,RFD,IL,AGL,CE,Towers with Radar,60,13,75,7,155,1,2,85,2,90,61,15,160,9,245,82,32,114,359
09/01/2000,RFD,IL,AGL,CE,Towers with Radar,40,16,70,0,126,6,8,103,0,117,46,24,173,0,243,28,0,28,271
09/02/2000,RFD,IL,AGL,CE,Towers with Radar,10,4,44,0,58,0,0,80,0,80,10,4,124,0,138,82,0,82,220
09/03/2000,RFD,IL,AGL,CE,Towers with Radar,2,5,27,0,34,0,1,34,0,35,2,6,61,0,69,36,0,36,105
09/04/2000,RFD,IL,AGL,CE,Towers with Radar,0,12,67,0,79,0,0,54,0,54,0,12,121,0,133,88,0,88,221
09/05/2000,RFD,IL,AGL,CE,Towers with Radar,18,14,62,0,94,0,1,119,0,120,18,15,181,0,214,44,0,44,258
09/06/2000,RFD,IL,AGL,CE,Towers with Radar,47,14,83,0,144,12,0,93,0,105,59,14,176,0,249,126,0,126,375
09/07/2000,RFD,IL,AGL,CE,Towers with Radar,46,10,82,2,140,15,0,84,2,101,61,10,166,4,241,58,0,58,299
09/08/2000,RFD,IL,AGL,CE,Towers with Radar,43,21,83,0,147,0,5,105,0,110,43,26,188,0,257,90,0,90,347
09/09/2000,RFD,IL,AGL,CE,Towers with Radar,12,10,81,0,103,0,0,20,0,20,12,10,101,0,123,44,0,44,167
09/10/2000,RFD,IL,AGL,CE,Towers with Radar,1,6,35,0,42,0,0,40,0,40,1,6,75,0,82,26,0,26,108
09/11/2000,RFD,IL,AGL,CE,Towers with Radar,15,16,30,2,63,0,0,5,0,5,15,16,35,2,68,2,0,2,70
09/12/2000,RFD,IL,AGL,CE,Towers with Radar,44,19,78,0,141,9,1,93,0,103,53,20,171,0,244,36,0,36,280
09/13/2000,RFD,IL,AGL,CE,Towers with Radar,48,20,86,3,157,13,0,81,5,99,61,20,167,8,256,154,10,164,420
09/14/2000,RFD,IL,AGL,CE,Towers with Radar,40,18,71,0,129,18,4,67,0,89,58,22,138,0,218,72,0,72,290
09/15/2000,RFD,IL,AGL,CE,Towers with Radar,43,23,62,0,128,0,3,51,0,54,43,26,113,0,182,54,0,54,236
09/16/2000,RFD,IL,AGL,CE,Towers with Radar,9,7,38,1,55,0,0,141,22,163,9,7,179,23,218,112,34,146,364
09/17/2000,RFD,IL,AGL,CE,Towers with Radar,0,6,32,0,38,0,0,71,0,71,0,6,103,0,109,66,0,66,175
09/18/2000,RFD,IL,AGL,CE,Towers with Radar,20,12,47,0,79,0,5,29,0,34,20,17,76,0,113,46,0,46,159
09/19/2000,RFD,IL,AGL,CE,Towers with Radar,35,15,62,2,114,21,3,23,23,70,56,18,85,25,184,38,16,54,238
09/20/2000,RFD,IL,AGL,CE,Towers with Radar,48,21,84,3,156,15,5,5,2,27,63,26,89,5,183,6,20,26,209
09/21/2000,RFD,IL,AGL,CE,Towers with Radar,44,20,78,2,144,20,12,94,12,138,64,32,172,14,282,84,10,94,376
09/22/2000,RFD,IL,AGL,CE,Towers with Radar,39,17,68,2,126,17,2,27,0,46,56,19,95,2,172,20,2,22,194
09/23/2000,RFD,IL,AGL,CE,Towers with Radar,11,7,51,0,69,0,0,71,0,71,11,7,122,0,140,52,0,52,192
09/24/2000,RFD,IL,AGL,CE,Towers with Radar,0,9,53,0,62,0,0,100,0,100,0,9,153,0,162,146,0,146,308
09/25/2000,RFD,IL,AGL,CE,Towers with Radar,21,14,52,0,87,0,1,70,0,71,21,15,122,0,158,86,0,86,244
09/26/2000,RFD,IL,AGL,CE,Towers with Radar,38,16,70,2,126,19,0,81,0,100,57,16,151,2,226,100,2,102,328
09/27/2000,RFD,IL,AGL,CE,Towers with Radar,36,17,66,0,119,19,1,58,0,78,55,18,124,0,197,44,0,44,241
09/28/2000,RFD,IL,AGL,CE,Towers with Radar,63,15,65,0,143,0,0,88,0,88,63,15,153,0,231,76,0,76,307
09/29/2000,RFD,IL,AGL,CE,Towers with Radar,43,20,80,2,145,0,8,94,0,102,43,28,174,2,247,10,0,10,257
09/30/2000,RFD,IL,AGL,CE,Towers with Radar,7,8,34,0,49,0,1,70,0,71,7,9,104,0,120,60,0,60,180
10/01/2000,RFD,IL,AGL,CE,Towers with Radar,2,5,30,0,37,4,0,70,0,74,6,5,100,0,111,106,0,106,217
10/02/2000,RFD,IL,AGL,CE,Towers with Radar,20,14,60,1,95,0,4,57,6,67,20,18,117,7,162,58,6,64,226
10/03/2000,RFD,IL,AGL,CE,Towers with Radar,35,19,78,1,133,23,4,43,6,76,58,23,121,7,209,74,4,78,287
10/04/2000,RFD,IL,AGL,CE,Towers with Radar,58,17,66,4,145,7,0,59,6,72,65,17,125,10,217,102,8,110,327
10/05/2000,RFD,IL,AGL,CE,Towers with Radar,47,14,98,0,159,6,0,24,0,30,53,14,122,0,189,46,0,46,235
10/06/2000,RFD,IL,AGL,CE,Towers with Radar,46,17,97,0,160,3,3,34,0,40,49,20,131,0,200,58,0,58,258
10/07/2000,RFD,IL,AGL,CE,Towers with Radar,14,6,39,0,59,0,0,50,0,50,14,6,89,0,109,64,0,64,173
10/08/2000,RFD,IL,AGL,CE,Towers with Radar,1,8,37,0,46,0,0,62,0,62,1,8,99,0,108,90,0,90,198
10/09/2000,RFD,IL,AGL,CE,Towers with Radar,18,12,65,0,95,3,0,84,0,87,21,12,149,0,182,66,0,66,248
10/10/2000,RFD,IL,AGL,CE,Towers with Radar,36,17,76,2,131,22,5,96,0,123,58,22,172,2,254,104,18,122,376
10/11/2000,RFD,IL,AGL,CE,Towers with Radar,38,18,81,0,137,28,9,89,0,126,66,27,170,0,263,92,0,92,355
10/12/2000,RFD,IL,AGL,CE,Towers with Radar,59,17,78,0,154,2,0,74,0,76,61,17,152,0,230,14,0,14,244
10/13/2000,RFD,IL,AGL,CE,Towers with Radar,49,18,67,0,134,0,0,62,0,62,49,18,129,0,196,82,0,82,278
10/14/2000,RFD,IL,AGL,CE,Towers with Radar,5,3,55,4,67,3,2,96,6,107,8,5,151,10,174,122,2,124,298
10/15/2000,RFD,IL,AGL,CE,Towers with Radar,2,10,63,1,76,0,0,21,7,28,2,10,84,8,104,72,28,100,204
10/16/2000,RFD,IL,AGL,CE,Towers with Radar,20,16,74,0,110,0,0,35,0,35,20,16,109,0,145,48,0,48,193
10/17/2000,RFD,IL,AGL,CE,Towers with Radar,43,20,89,1,153,20,7,40,1,68,63,27,129,2,221,62,0,62,283
10/18/2000,RFD,IL,AGL,CE,Towers with Radar,54,21,79,0,154,3,1,82,0,86,57,22,161,0,240,78,0,78,318
10/19/2000,RFD,IL,AGL,CE,Towers with Radar,57,21,69,5,152,2,2,81,4,89,59,23,150,9,241,82,6,88,329
10/20/2000,RFD,IL,AGL,CE,Towers with Radar,40,19,56,0,115,3,5,100,0,108,43,24,156,0,223,94,0,94,317
10/21/2000,RFD,IL,AGL,CE,Towers with Radar,5,4,54,0,63,3,1,53,0,57,8,5,107,0,120,114,0,114,234
10/22/2000,RFD,IL,AGL,CE,Towers with Radar,0,7,56,0,63,0,0,85,0,85,0,7,141,0,148,56,0,56,204
10/23/2000,RFD,IL,AGL,CE,Towers with Radar,15,12,87,0,114,0,0,9,0,9,15,12,96,0,123,24,0,24,147
10/24/2000,RFD,IL,AGL,CE,Towers with Radar,64,13,117,8,202,3,0,15,9,27,67,13,132,17,229,40,0,40,269
10/25/2000,RFD,IL,AGL,CE,Towers with Radar,55,26,90,0,171,0,0,20,0,20,55,26,110,0,191,0,0,0,191
10/26/2000,RFD,IL,AGL,CE,Towers with Radar,47,24,98,0,169,13,3,26,0,42,60,27,124,0,211,36,0,36,247
10/27/2000,RFD,IL,AGL,CE,Towers with Radar,41,20,86,1,148,0,0,49,1,50,41,20,135,2,198,30,2,32,230
10/28/2000,RFD,IL,AGL,CE,Towers with Radar,8,9,61,0,78,0,0,71,0,71,8,9,132,0,149,92,0,92,241
10/29/2000,RFD,IL,AGL,CE,Towers with Radar,0,11,46,0,57,0,2,114,0,116,0,13,160,0,173,60,1,61,234
10/30/2000,RFD,IL,AGL,CE,Towers with Radar,14,13,66,0,93,3,0,82,0,85,17,13,148,0,178,32,0,32,210
10/31/2000,RFD,IL,AGL,CE,Towers with Radar,59,17,60,0,136,4,0,62,1,67,63,17,122,1,203,72,0,72,275
11/01/2000,RFD,IL,AGL,CE,Towers with Radar,49,22,84,4,159,8,0,66,20,94,57,22,150,24,253,76,40,116,369
11/02/2000,RFD,IL,AGL,CE,Towers with Radar,52,16,84,0,152,3,1,55,0,59,55,17,139,0,211,72,0,72,283
11/03/2000,RFD,IL,AGL,CE,Towers with Radar,41,14,63,0,118,3,0,65,7,75,44,14,128,7,193,38,0,38,231
11/04/2000,RFD,IL,AGL,CE,Towers with Radar,8,10,51,2,71,0,0,55,1,56,8,10,106,3,127,98,0,98,225
11/05/2000,RFD,IL,AGL,CE,Towers with Radar,0,8,53,3,64,0,0,72,10,82,0,8,125,13,146,106,0,106,252
11/06/2000,RFD,IL,AGL,CE,Towers with Radar,23,16,53,0,92,2,1,7,0,10,25,17,60,0,102,24,0,24,126
11/07/2000,RFD,IL,AGL,CE,Towers with Radar,58,13,53,9,133,2,0,23,7,32,60,13,76,16,165,10,0,10,175
11/08/2000,RFD,IL,AGL,CE,Towers with Radar,56,15,115,10,196,2,2,78,6,88,58,17,193,16,284,18,30,48,332
11/09/2000,RFD,IL,AGL,CE,Towers with Radar,34,14,45,0,93,24,4,0,0,28,58,18,45,0,121,0,0,0,121
11/10/2000,RFD,IL,AGL,CE,Towers with Radar,41,18,67,0,126,8,0,58,0,66,49,18,125,0,192,38,0,38,230
11/11/2000,RFD,IL,AGL,CE,Towers with Radar,13,10,53,0,76,0,0,85,0,85,13,10,138,0,161,112,0,112,273
11/12/2000,RFD,IL,AGL,CE,Towers with Radar,0,15,50,0,65,0,2,31,0,33,0,17,81,0,98,22,0,22,120
11/13/2000,RFD,IL,AGL,CE,Towers with Radar,22,9,39,0,70,0,0,9,0,9,22,9,48,0,79,0,0,0,79
11/14/2000,RFD,IL,AGL,CE,Towers with Radar,67,14,44,1,126,2,0,9,1,12,69,14,53,2,138,4,0,4,142
11/15/2000,RFD,IL,AGL,CE,Towers with Radar,50,19,82,5,156,8,0,82,4,94,58,19,164,9,250,124,12,136,386
11/16/2000,RFD,IL,AGL,CE,Towers with Radar,40,17,53,4,114,24,4,0,10,38,64,21,53,14,152,0,12,12,164
11/17/2000,RFD,IL,AGL,CE,Towers with Radar,37,15,61,0,113,9,1,40,0,50,46,16,101,0,163,48,0,48,211
11/18/2000,RFD,IL,AGL,CE,Towers with Radar,10,7,34,0,51,0,0,57,0,57,10,7,91,0,108,54,0,54,162
11/19/2000,RFD,IL,AGL,CE,Towers with Radar,0,7,51,0,58,0,4,14,0,18,0,11,65,0,76,36,0,36,112
11/20/2000,RFD,IL,AGL,CE,Towers with Radar,19,11,45,0,75,0,1,17,0,18,19,12,62,0,93,0,0,0,93
11/21/2000,RFD,IL,AGL,CE,Towers with Radar,44,18,71,5,138,23,0,63,3,89,67,18,134,8,227,114,32,146,373
11/22/2000,RFD,IL,AGL,CE,Towers with Radar,52,22,85,2,161,17,1,62,0,80,69,23,147,2,241,84,14,98,339
11/23/2000,RFD,IL,AGL,CE,Towers with Radar,16,8,28,0,52,10,1,27,0,38,26,9,55,0,90,4,0,4,94
11/24/2000,RFD,IL,AGL,CE,Towers with Radar,6,7,44,0,57,0,0,104,0,104,6,7,148,0,161,118,0,118,279
11/25/2000,RFD,IL,AGL,CE,Towers with Radar,3,5,41,0,49,0,0,37,0,37,3,5,78,0,86,120,0,120,206
11/26/2000,RFD,IL,AGL,CE,Towers with Radar,0,5,43,0,48,0,0,0,0,0,0,5,43,0,48,8,0,8,56
11/27/2000,RFD,IL,AGL,CE,Towers with Radar,20,15,57,3,95,0,0,14,22,36,20,15,71,25,131,16,4,20,151
11/28/2000,RFD,IL,AGL,CE,Towers with Radar,46,20,76,4,146,26,1,75,6,108,72,21,151,10,254,166,18,184,438
11/29/2000,RFD,IL,AGL,CE,Towers with Radar,74,26,59,11,170,2,0,16,8,26,76,26,75,19,196,0,24,24,220
11/30/2000,RFD,IL,AGL,CE,Towers with Radar,70,21,59,6,156,1,0,5,8,14,71,21,64,14,170,2,20,22,192
12/01/2000,RFD,IL,AGL,CE,Towers with Radar,48,15,47,0,110,1,0,25,0,26,49,15,72,0,136,26,0,26,162
12/02/2000,RFD,IL,AGL,CE,Towers with Radar,13,6,32,0,51,0,1,64,0,65,13,7,96,0,116,60,0,60,176
12/03/2000,RFD,IL,AGL,CE,Towers with Radar,0,7,48,0,55,0,0,77,8,85,0,7,125,8,140,80,14,94,234
12/04/2000,RFD,IL,AGL,CE,Towers with Radar,21,13,64,0,98,0,2,42,0,44,21,15,106,0,142,0,0,0,142
12/05/2000,RFD,IL,AGL,CE,Towers with Radar,71,18,64,0,153,3,4,41,0,48,74,22,105,0,201,60,0,60,261
12/06/2000,RFD,IL,AGL,CE,Towers with Radar,68,15,69,2,154,13,0,42,0,55,81,15,111,2,209,4,8,12,221
12/07/2000,RFD,IL,AGL,CE,Towers with Radar,74,26,36,0,136,0,0,21,0,21,74,26,57,0,157,0,0,0,157
12/08/2000,RFD,IL,AGL,CE,Towers with Radar,46,18,55,1,120,0,1,44,0,45,46,19,99,1,165,32,2,34,199
12/09/2000,RFD,IL,AGL,CE,Towers with Radar,14,6,26,0,46,0,0,48,0,48,14,6,74,0,94,88,0,88,182
12/10/2000,RFD,IL,AGL,CE,Towers with Radar,0,7,29,0,36,0,1,1,0,2,0,8,30,0,38,0,0,0,38
12/11/2000,RFD,IL,AGL,CE,Towers with Radar,17,9,25,0,51,0,1,2,0,3,17,10,27,0,54,0,0,0,54
12/12/2000,RFD,IL,AGL,CE,Towers with Radar,60,12,61,0,133,4,0,16,0,20,64,12,77,0,153,24,0,24,177
12/13/2000,RFD,IL,AGL,CE,Towers with Radar,66,20,58,0,144,0,1,7,0,8,66,21,65,0,152,2,0,2,154
12/14/2000,RFD,IL,AGL,CE,Towers with Radar,68,21,64,15,168,0,1,65,16,82,68,22,129,31,250,88,56,144,394
12/15/2000,RFD,IL,AGL,CE,Towers with Radar,49,12,46,0,107,5,0,0,0,5,54,12,46,0,112,0,0,0,112
12/16/2000,RFD,IL,AGL,CE,Towers with Radar,13,8,14,0,35,0,2,2,0,4,13,10,16,0,39,0,0,0,39
12/17/2000,RFD,IL,AGL,CE,Towers with Radar,3,6,19,0,28,0,3,7,0,10,3,9,26,0,38,8,0,8,46
12/18/2000,RFD,IL,AGL,CE,Towers with Radar,15,13,60,0,88,0,0,13,0,13,15,13,73,0,101,10,0,10,111
12/19/2000,RFD,IL,AGL,CE,Towers with Radar,88,36,66,8,198,0,1,42,6,49,88,37,108,14,247,30,0,30,277
12/20/2000,RFD,IL,AGL,CE,Towers with Radar,61,19,63,0,143,19,0,1,0,20,80,19,64,0,163,4,0,4,167
12/21/2000,RFD,IL,AGL,CE,Towers with Radar,66,21,37,16,140,0,1,17,0,18,66,22,54,16,158,64,14,78,236
12/22/2000,RFD,IL,AGL,CE,Towers with Radar,54,18,56,4,132,24,0,14,1,39,78,18,70,5,171,40,0,40,211
12/23/2000,RFD,IL,AGL,CE,Towers with Radar,32,7,20,0,59,20,0,0,0,20,52,7,20,0,79,62,0,62,141
12/24/2000,RFD,IL,AGL,CE,Towers with Radar,0,3,13,0,16,0,5,16,0,21,0,8,29,0,37,14,0,14,51
12/25/2000,RFD,IL,AGL,CE,Towers with Radar,0,6,3,0,9,0,1,3,0,4,0,7,6,0,13,0,0,0,13
12/26/2000,RFD,IL,AGL,CE,Towers with Radar,21,11,47,3,82,0,0,39,26,65,21,11,86,29,147,26,58,84,231
12/27/2000,RFD,IL,AGL,CE,Towers with Radar,56,8,54,14,132,0,0,49,14,63,56,8,103,28,195,72,46,118,313
12/28/2000,RFD,IL,AGL,CE,Towers with Radar,45,12,47,3,107,15,0,76,3,94,60,12,123,6,201,62,8,70,271
12/29/2000,RFD,IL,AGL,CE,Towers with Radar,46,13,20,0,79,0,1,0,0,1,46,14,20,0,80,8,0,8,88
12/30/2000,RFD,IL,AGL,CE,Towers with Radar,8,6,20,0,34,0,0,11,0,11,8,6,31,0,45,0,0,0,45
12/31/2000,RFD,IL,AGL,CE,Towers with Radar,0,4,14,0,18,0,3,11,0,14,0,7,25,0,32,42,0,42,74
01/01/2001,RFD,IL,AGL,CE,Towers with Radar,0,7,19,0,26,0,2,21,0,23,0,9,40,0,49,38,0,38,87
01/02/2001,RFD,IL,AGL,CE,Towers with Radar,20,10,52,5,87,0,0,62,14,76,20,10,114,19,163,22,28,50,213
01/03/2001,RFD,IL,AGL,CE,Towers with Radar,39,14,29,5,87,20,2,0,26,48,59,16,29,31,135,22,0,22,157
01/04/2001,RFD,IL,AGL,CE,Towers with Radar,62,11,36,0,109,0,2,0,0,2,62,13,36,0,111,0,0,0,111
01/05/2001,RFD,IL,AGL,CE,Towers with Radar,30,10,44,0,84,16,2,23,0,41,46,12,67,0,125,8,0,8,133
01/06/2001,RFD,IL,AGL,CE,Towers with Radar,12,6,43,0,61,0,0,57,0,57,12,6,100,0,118,64,0,64,182
01/07/2001,RFD,IL,AGL,CE,Towers with Radar,0,5,31,0,36,0,0,41,0,41,0,5,72,0,77,14,0,14,91
01/08/2001,RFD,IL,AGL,CE,Towers with Radar,19,11,45,1,76,0,1,54,0,55,19,12,99,1,131,6,0,6,137
01/09/2001,RFD,IL,AGL,CE,Towers with Radar,56,17,78,8,159,8,0,113,1,122,64,17,191,9,281,72,10,82,363
01/10/2001,RFD,IL,AGL,CE,Towers with Radar,49,18,68,5,140,12,0,53,0,65,61,18,121,5,205,88,10,98,303
01/11/2001,RFD,IL,AGL,CE,Towers with Radar,45,14,63,6,128,13,0,31,4,48,58,14,94,10,176,24,28,52,228
01/12/2001,RFD,IL,AGL,CE,Towers with Radar,46,16,48,0,110,5,0,4,0,9,51,16,52,0,119,0,0,0,119
01/13/2001,RFD,IL,AGL,CE,Towers with Radar,8,4,16,0,28,0,0,0,0,0,8,4,16,0,28,2,0,2,30
01/14/2001,RFD,IL,AGL,CE,Towers with Radar,0,4,15,0,19,0,1,2,0,3,0,5,17,0,22,0,0,0,22
01/15/2001,RFD,IL,AGL,CE,Towers with Radar,18,9,35,0,62,0,4,0,0,4,18,13,35,0,66,0,0,0,66
01/16/2001,RFD,IL,AGL,CE,Towers with Radar,59,17,38,15,129,2,1,6,1,10,61,18,44,16,139,30,0,30,169
01/17/2001,RFD,IL,AGL,CE,Towers with Radar,48,14,67,6,135,7,0,63,24,94,55,14,130,30,229,52,44,96,325
01/18/2001,RFD,IL,AGL,CE,Towers with Radar,48,18,66,8,140,9,0,59,12,80,57,18,125,20,220,32,46,78,298
01/19/2001,RFD,IL,AGL,CE,Towers with Radar,37,8,44,0,89,2,0,39,0,41,39,8,83,0,130,44,0,44,174
01/20/2001,RFD,IL,AGL,CE,Towers with Radar,9,6,35,0,50,0,0,111,0,111,9,6,146,0,161,110,0,110,271
01/21/2001,RFD,IL,AGL,CE,Towers with Radar,0,2,68,0,70,0,0,84,0,84,0,2,152,0,154,81,0,81,235
01/22/2001,RFD,IL,AGL,CE,Towers with Radar,21,15,54,5,95,0,1,128,15,144,21,16,182,20,239,60,32,92,331
01/23/2001,RFD,IL,AGL,CE,Towers with Radar,44,16,48,6,114,15,0,0,2,17,59,16,48,8,131,24,10,34,165
01/24/2001,RFD,IL,AGL,CE,Towers with Radar,44,17,61,6,128,15,6,52,2,75,59,23,113,8,203,14,10,24,227
01/25/2001,RFD,IL,AGL,CE,Towers with Radar,54,14,74,7,149,9,0,97,13,119,63,14,171,20,268,72,14,86,354
01/26/2001,RFD,IL,AGL,CE,Towers with Radar,37,15,21,0,73,2,0,5,0,7,39,15,26,0,80,0,0,0,80
01/27/2001,RFD,IL,AGL,CE,Towers with Radar,13,5,42,4,64,0,0,106,44,150,13,5,148,48,214,104,12,116,330
01/28/2001,RFD,IL,AGL,CE,Towers with Radar,0,5,52,1,58,2,0,24,1,27,2,5,76,2,85,32,0,32,117
01/29/2001,RFD,IL,AGL,CE,Towers with Radar,18,12,27,0,57,1,3,4,0,8,19,15,31,0,65,0,0,0,65
01/30/2001,RFD,IL,AGL,CE,Towers with Radar,60,16,21,4,101,1,1,0,1,3,61,17,21,5,104,0,0,0,104
01/31/2001,RFD,IL,AGL,CE,Towers with Radar,60,14,42,0,116,1,0,14,0,15,61,14,56,0,131,0,0,0,131
02/01/2001,RFD,IL,AGL,CE,Towers with Radar,59,15,54,10,138,1,0,29,10,40,60,15,83,20,178,14,22,36,214
02/02/2001,RFD,IL,AGL,CE,Towers with Radar,39,15,64,0,118,3,0,34,0,37,42,15,98,0,155,40,0,40,195
02/03/2001,RFD,IL,AGL,CE,Towers with Radar,9,8,37,0,54,0,1,39,0,40,9,9,76,0,94,124,0,124,218
02/04/2001,RFD,IL,AGL,CE,Towers with Radar,0,6,28,0,34,2,0,2,0,4,2,6,30,0,38,2,0,2,40
02/05/2001,RFD,IL,AGL,CE,Towers with Radar,19,13,58,4,94,0,0,8,0,8,19,13,66,4,102,82,10,92,194
02/06/2001,RFD,IL,AGL,CE,Towers with Radar,47,12,76,6,141,15,0,53,14,82,62,12,129,20,223,56,38,94,317
02/07/2001,RFD,IL,AGL,CE,Towers with Radar,39,15,63,0,117,17,0,2,0,19,56,15,65,0,136,10,0,10,146
02/08/2001,RFD,IL,AGL,CE,Towers with Radar,30,12,41,0,83,31,2,0,0,33,61,14,41,0,116,6,0,6,122
02/09/2001,RFD,IL,AGL,CE,Towers with Radar,44,8,18,0,70,2,0,1,0,3,46,8,19,0,73,0,0,0,73
02/10/2001,RFD,IL,AGL,CE,Towers with Radar,7,6,48,0,61,2,0,108,0,110,9,6,156,0,171,88,0,88,259
02/11/2001,RFD,IL,AGL,CE,Towers with Radar,1,10,51,0,62,0,0,72,0,72,1,10,123,0,134,116,0,116,250
02/12/2001,RFD,IL,AGL,CE,Towers with Radar,23,13,59,5,100,0,0,74,14,88,23,13,133,19,188,38,38,76,264
02/13/2001,RFD,IL,AGL,CE,Towers with Radar,60,16,79,0,155,1,2,16,0,19,61,18,95,0,174,30,0,30,204
02/14/2001,RFD,IL,AGL,CE,Towers with Radar,59,22,36,0,117,2,0,0,0,2,61,22,36,0,119,0,0,0,119
02/15/2001,RFD,IL,AGL,CE,Towers with Radar,59,17,84,11,171,2,0,37,7,46,61,17,121,18,217,52,10,62,279
02/16/2001,RFD,IL,AGL,CE,Towers with Radar,38,15,50,6,109,2,0,34,0,36,40,15,84,6,145,38,22,60,205
02/17/2001,RFD,IL,AGL,CE,Towers with Radar,6,4,68,0,78,2,0,67,0,69,8,4,135,0,147,70,0,70,217
02/18/2001,RFD,IL,AGL,CE,Towers with Radar,0,8,41,0,49,0,0,63,0,63,0,8,104,0,112,66,0,66,178
02/19/2001,RFD,IL,AGL,CE,Towers with Radar,21,15,51,0,87,1,1,42,0,44,22,16,93,0,131,10,0,10,141
02/20/2001,RFD,IL,AGL,CE,Towers with Radar,50,19,78,6,153,14,2,50,31,97,64,21,128,37,250,50,50,100,350
02/21/2001,RFD,IL,AGL,CE,Towers with Radar,53,15,74,3,145,1,2,40,0,43,54,17,114,3,188,38,44,82,270
02/22/2001,RFD,IL,AGL,CE,Towers with Radar,57,16,60,6,139,1,2,19,2,24,58,18,79,8,163,2,24,26,189
02/23/2001,RFD,IL,AGL,CE,Towers with Radar,37,16,69,5,127,0,1,49,1,51,37,17,118,6,178,18,8,26,204
02/24/2001,RFD,IL,AGL,CE,Towers with Radar,10,11,15,0,36,1,1,2,0,4,11,12,17,0,40,10,0,10,50
02/25/2001,RFD,IL,AGL,CE,Towers with Radar,0,7,9,0,16,0,1,0,0,1,0,8,9,0,17,4,0,4,21
02/26/2001,RFD,IL,AGL,CE,Towers with Radar,20,18,55,0,93,1,1,64,0,66,21,19,119,0,159,48,0,48,207
02/27/2001,RFD,IL,AGL,CE,Towers with Radar,58,24,49,0,131,0,0,55,0,55,58,24,104,0,186,68,8,76,262
02/28/2001,RFD,IL,AGL,CE,Towers with Radar,58,16,78,0,152,1,3,78,0,82,59,19,156,0,234,84,0,84,318
03/01/2001,RFD,IL,AGL,CE,Towers with Radar,54,24,61,10,149,1,1,60,2,64,55,25,121,12,213,54,10,64,277
03/02/2001,RFD,IL,AGL,CE,Towers with Radar,36,22,60,0,118,1,14,31,0,46,37,36,91,0,164,12,0,12,176
03/03/2001,RFD,IL,AGL,CE,Towers with Radar,6,9,57,2,74,0,0,78,3,81,6,9,135,5,155,48,18,66,221
03/04/2001,RFD,IL,AGL,CE,Towers with Radar,1,12,52,0,65,1,1,42,0,44,2,13,94,0,109,50,0,50,159
03/05/2001,RFD,IL,AGL,CE,Towers with Radar,17,22,45,8,92,1,11,75,5,92,18,33,120,13,184,46,30,76,260
03/06/2001,RFD,IL,AGL,CE,Towers with Radar,39,13,73,1,126,19,0,56,0,75,58,13,129,1,201,96,0,96,297
03/07/2001,RFD,IL,AGL,CE,Towers with Radar,60,18,59,6,143,1,0,71,3,75,61,18,130,9,218,80,18,98,316
03/08/2001,RFD,IL,AGL,CE,Towers with Radar,42,17,79,0,138,14,11,0,0,25,56,28,79,0,163,26,0,26,189
03/09/2001,RFD,IL,AGL,CE,Towers with Radar,41,16,77,0,134,0,12,68,0,80,41,28,145,0,214,84,0,84,298
03/10/2001,RFD,IL,AGL,CE,Towers with Radar,8,3,41,0,52,0,0,103,0,103,8,3,144,0,155,77,0,77,232
03/11/2001,RFD,IL,AGL,CE,Towers with Radar,2,8,46,0,56,0,0,70,0,70,2,8,116,0,126,94,0,94,220
03/12/2001,RFD,IL,AGL,CE,Towers with Radar,18,17,44,0,79,1,0,14,0,15,19,17,58,0,94,0,0,0,94
03/13/2001,RFD,IL,AGL,CE,Towers with Radar,58,22,41,0,121,4,1,32,0,37,62,23,73,0,158,4,0,4,162
03/14/2001,RFD,IL,AGL,CE,Towers with Radar,45,20,83,2,150,15,1,46,11,73,60,21,129,13,223,50,2,52,275
03/15/2001,RFD,IL,AGL,CE,Towers with Radar,36,15,66,0,117,21,2,1,0,24,57,17,67,0,141,28,0,28,169
03/16/2001,RFD,IL,AGL,CE,Towers with Radar,42,18,41,0,101,1,0,1,0,2,43,18,42,0,103,2,0,2,105
03/17/2001,RFD,IL,AGL,CE,Towers with Radar,9,4,47,0,60,0,0,69,0,69,9,4,116,0,129,88,0,88,217
03/18/2001,RFD,IL,AGL,CE,Towers with Radar,0,8,45,0,53,0,0,100,0,100,0,8,145,0,153,92,0,92,245
03/19/2001,RFD,IL,AGL,CE,Towers with Radar,19,12,63,0,94,0,0,87,0,87,19,12,150,0,181,52,0,52,233
03/20/2001,RFD,IL,AGL,CE,Towers with Radar,42,15,77,3,137,16,0,82,8,106,58,15,159,11,243,48,0,48,291
03/21/2001,RFD,IL,AGL,CE,Towers with Radar,59,13,79,12,163,1,0,80,9,90,60,13,159,21,253,76,32,108,361
03/22/2001,RFD,IL,AGL,CE,Towers with Radar,44,19,81,3,147,12,10,61,7,90,56,29,142,10,237,28,8,36,273
03/23/2001,RFD,IL,AGL,CE,Towers with Radar,42,10,104,13,169,1,0,43,5,49,43,10,147,18,218,72,10,82,300
03/24/2001,RFD,IL,AGL,CE,Towers with Radar,8,4,64,0,76,0,1,62,0,63,8,5,126,0,139,86,0,86,225
03/25/2001,RFD,IL,AGL,CE,Towers with Radar,0,5,23,0,28,0,1,15,0,16,0,6,38,0,44,22,0,22,66
03/26/2001,RFD,IL,AGL,CE,Towers with Radar,19,10,50,1,80,0,1,43,5,49,19,11,93,6,129,32,30,62,191
03/27/2001,RFD,IL,AGL,CE,Towers with Radar,42,16,76,0,134,20,6,69,0,95,62,22,145,0,229,48,0,48,277
03/28/2001,RFD,IL,AGL,CE,Towers with Radar,58,11,61,1,131,0,1,28,0,29,58,12,89,1,160,17,0,17,177
03/29/2001,RFD,IL,AGL,CE,Towers with Radar,62,17,68,0,147,2,0,30,0,32,64,17,98,0,179,52,0,52,231
03/30/2001,RFD,IL,AGL,CE,Towers with Radar,41,11,84,2,138,0,0,95,0,95,41,11,179,2,233,52,0,52,285
03/31/2001,RFD,IL,AGL,CE,Towers with Radar,8,9,86,0,103,0,1,107,0,108,8,10,193,0,211,134,0,134,345
04/01/2001,RFD,IL,AGL,CE,Towers with Radar,0,4,46,0,50,0,0,86,0,86,0,4,132,0,136,116,0,116,252
04/02/2001,RFD,IL,AGL,CE,Towers with Radar,18,8,52,3,81,0,0,126,0,126,18,8,178,3,207,40,0,40,247
04/03/2001,RFD,IL,AGL,CE,Towers with Radar,39,15,65,3,122,25,0,28,5,58,64,15,93,8,180,18,0,18,198
04/04/2001,RFD,IL,AGL,CE,Towers with Radar,61,11,73,0,145,1,0,88,0,89,62,11,161,0,234,36,0,36,270
04/05/2001,RFD,IL,AGL,CE,Towers with Radar,59,9,36,0,104,1,0,12,0,13,60,9,48,0,117,0,0,0,117
04/06/2001,RFD,IL,AGL,CE,Towers with Radar,44,14,77,0,135,0,0,0,0,0,44,14,77,0,135,32,0,32,167
04/07/2001,RFD,IL,AGL,CE,Towers with Radar,18,6,26,1,51,8,0,0,3,11,26,6,26,4,62,6,6,12,74
04/08/2001,RFD,IL,AGL,CE,Towers with Radar,0,8,75,2,85,0,1,134,3,138,0,9,209,5,223,64,14,78,301
04/09/2001,RFD,IL,AGL,CE,Towers with Radar,17,13,58,18,106,1,0,34,16,51,18,13,92,34,157,0,28,28,185
04/10/2001,RFD,IL,AGL,CE,Towers with Radar,64,10,114,23,211,1,0,25,18,44,65,10,139,41,255,94,62,156,411
04/11/2001,RFD,IL,AGL,CE,Towers with Radar,55,19,40,0,114,1,0,6,0,7,56,19,46,0,121,0,0,0,121
04/12/2001,RFD,IL,AGL,CE,Towers with Radar,58,17,32,1,108,1,0,15,1,17,59,17,47,2,125,0,0,0,125
04/13/2001,RFD,IL,AGL,CE,Towers with Radar,38,13,68,0,119,0,0,147,0,147,38,13,215,0,266,106,0,106,372
04/14/2001,RFD,IL,AGL,CE,Towers with Radar,8,3,43,0,54,0,0,133,0,133,8,3,176,0,187,136,0,136,323
04/15/2001,RFD,IL,AGL,CE,Towers with Radar,0,6,35,0,41,0,1,20,0,21,0,7,55,0,62,34,0,34,96
04/16/2001,RFD,IL,AGL,CE,Towers with Radar,20,11,43,0,74,1,0,12,0,13,21,11,55,0,87,0,0,0,87
04/17/2001,RFD,IL,AGL,CE,Towers with Radar,38,14,64,3,119,20,8,55,13,96,58,22,119,16,215,40,32,72,287
04/18/2001,RFD,IL,AGL,CE,Towers with Radar,49,18,82,5,154,9,5,100,17,131,58,23,182,22,285,93,0,93,378
04/19/2001,RFD,IL,AGL,CE,Towers with Radar,43,15,72,4,134,17,0,40,5,62,60,15,112,9,196,62,12,74,270
04/20/2001,RFD,IL,AGL,CE,Towers with Radar,39,13,68,0,120,0,0,38,0,38,39,13,106,0,158,52,0,52,210
04/21/2001,RFD,IL,AGL,CE,Towers with Radar,8,3,29,0,40,0,0,14,0,14,8,3,43,0,54,2,0,2,56
04/22/2001,RFD,IL,AGL,CE,Towers with Radar,1,5,56,0,62,1,0,41,0,42,2,5,97,0,104,14,0,14,118
04/23/2001,RFD,IL,AGL,CE,Towers with Radar,26,8,19,0,53,1,0,14,0,15,27,8,33,0,68,2,0,2,70
04/24/2001,RFD,IL,AGL,CE,Towers with Radar,45,14,72,1,132,15,0,81,0,96,60,14,153,1,228,90,0,90,318
04/25/2001,RFD,IL,AGL,CE,Towers with Radar,50,17,80,4,151,9,6,56,8,79,59,23,136,12,230,138,12,150,380
04/26/2001,RFD,IL,AGL,CE,Towers with Radar,42,14,68,0,124,29,9,70,0,108,71,23,138,0,232,22,0,22,254
04/27/2001,RFD,IL,AGL,CE,Towers with Radar,44,21,67,2,134,0,0,98,0,98,44,21,165,2,232,68,0,68,300
04/28/2001,RFD,IL,AGL,CE,Towers with Radar,9,2,37,2,50,0,0,80,0,80,9,2,117,2,130,128,0,128,258
04/29/2001,RFD,IL,AGL,CE,Towers with Radar,0,5,42,0,47,0,0,96,0,96,0,5,138,0,143,78,0,78,221
04/30/2001,RFD,IL,AGL,CE,Towers with Radar,22,15,68,0,105,0,6,89,0,95,22,21,157,0,200,40,0,40,240
05/01/2001,RFD,IL,AGL,CE,Towers with Radar,41,16,58,4,119,18,9,71,4,102,59,25,129,8,221,48,32,80,301
05/02/2001,RFD,IL,AGL,CE,Towers with Radar,39,17,56,3,115,19,0,46,22,87,58,17,102,25,202,42,48,90,292
05/03/2001,RFD,IL,AGL,CE,Towers with Radar,41,14,58,0,113,19,0,53,0,72,60,14,111,0,185,24,0,24,209
05/04/2001,RFD,IL,AGL,CE,Towers with Radar,41,15,74,0,130,0,0,52,0,52,41,15,126,0,182,32,0,32,214
05/05/2001,RFD,IL,AGL,CE,Towers with Radar,8,9,47,3,67,0,0,46,1,47,8,9,93,4,114,36,0,36,150
05/06/2001,RFD,IL,AGL,CE,Towers with Radar,0,5,38,0,43,0,0,192,0,192,0,5,230,0,235,52,0,52,287
05/07/2001,RFD,IL,AGL,CE,Towers with Radar,21,8,57,4,90,0,0,56,10,66,21,8,113,14,156,48,10,58,214
05/08/2001,RFD,IL,AGL,CE,Towers with Radar,42,16,59,4,121,19,0,45,11,75,61,16,104,15,196,26,32,58,254
05/09/2001,RFD,IL,AGL,CE,Towers with Radar,41,15,58,0,114,18,0,136,0,154,59,15,194,0,268,66,0,66,334
05/10/2001,RFD,IL,AGL,CE,Towers with Radar,37,15,54,0,106,23,0,38,0,61,60,15,92,0,167,94,0,94,261
05/11/2001,RFD,IL,AGL,CE,Towers with Radar,44,17,16,6,83,0,0,47,0,47,44,17,63,6,130,40,8,48,178
05/12/2001,RFD,IL,AGL,CE,Towers with Radar,8,3,53,0,64,0,0,124,0,124,8,3,177,0,188,76,0,76,264
05/13/2001,RFD,IL,AGL,CE,Towers with Radar,0,2,47,0,49,0,0,56,0,56,0,2,103,0,105,85,0,85,190
05/14/2001,RFD,IL,AGL,CE,Towers with Radar,31,16,57,0,104,0,3,36,0,39,31,19,93,0,143,14,0,14,157
05/15/2001,RFD,IL,AGL,CE,Towers with Radar,42,12,63,4,121,16,0,76,20,112,58,12,139,24,233,68,30,98,331
05/16/2001,RFD,IL,AGL,CE,Towers with Radar,63,13,59,16,151,0,0,92,3,95,63,13,151,19,246,134,32,166,412
05/17/2001,RFD,IL,AGL,CE,Towers with Radar,62,14,50,4,130,0,0,64,0,64,62,14,114,4,194,82,12,94,288
05/18/2001,RFD,IL,AGL,CE,Towers with Radar,41,17,62,2,122,0,3,42,0,45,41,20,104,2,167,110,0,110,277
05/19/2001,RFD,IL,AGL,CE,Towers with Radar,10,12,40,0,62,0,1,107,0,108,10,13,147,0,170,82,0,82,252
05/20/2001,RFD,IL,AGL,CE,Towers with Radar,0,5,41,2,48,0,0,104,0,104,0,5,145,2,152,32,0,32,184
05/21/2001,RFD,IL,AGL,CE,Towers with Radar,21,15,61,3,100,0,0,20,0,20,21,15,81,3,120,6,0,6,126
05/22/2001,RFD,IL,AGL,CE,Towers with Radar,44,18,65,5,132,5,0,19,4,28,49,18,84,9,160,58,14,72,232
05/23/2001,RFD,IL,AGL,CE,Towers with Radar,54,23,79,0,156,11,47,13,0,71,65,70,92,0,227,52,0,52,279
05/24/2001,RFD,IL,AGL,CE,Towers with Radar,64,27,68,7,166,0,0,48,4,52,64,27,116,11,218,56,12,68,286
05/25/2001,RFD,IL,AGL,CE,Towers with Radar,42,19,65,0,126,0,5,43,0,48,42,24,108,0,174,38,0,38,212
05/26/2001,RFD,IL,AGL,CE,Towers with Radar,10,9,42,0,61,0,0,23,0,23,10,9,65,0,84,53,0,53,137
05/27/2001,RFD,IL,AGL,CE,Towers with Radar,0,2,69,0,71,0,0,48,0,48,0,2,117,0,119,36,0,36,155
05/28/2001,RFD,IL,AGL,CE,Towers with Radar,2,5,48,1,56,0,0,65,1,66,2,5,113,2,122,114,0,114,236
05/29/2001,RFD,IL,AGL,CE,Towers with Radar,22,17,55,0,94,0,2,127,0,129,22,19,182,0,223,92,0,92,315
05/30/2001,RFD,IL,AGL,CE,Towers with Radar,48,16,72,5,141,11,0,85,1,97,59,16,157,6,238,66,10,76,314
05/31/2001,RFD,IL,AGL,CE,Towers with Radar,54,23,79,0,156,5,5,48,0,58,59,28,127,0,214,40,0,40,254
06/01/2001,RFD,IL,AGL,CE,Towers with Radar,41,11,90,2,144,0,8,45,4,57,41,19,135,6,201,50,10,60,261
06/02/2001,RFD,IL,AGL,CE,Towers with Radar,8,1,100,0,109,0,1,29,0,30,8,2,129,0,139,58,0,58,197
06/03/2001,RFD,IL,AGL,CE,Towers with Radar,0,0,103,0,103,0,1,55,0,56,0,1,158,0,159,50,0,50,209
06/04/2001,RFD,IL,AGL,CE,Towers with Radar,20,4,73,2,99,0,0,37,7,44,20,4,110,9,143,42,24,66,209
06/05/2001,RFD,IL,AGL,CE,Towers with Radar,30,7,36,0,73,34,0,0,0,34,64,7,36,0,107,0,0,0,107
06/06/2001,RFD,IL,AGL,CE,Towers with Radar,54,13,105,0,172,31,0,59,0,90,85,13,164,0,262,26,0,26,288
06/07/2001,RFD,IL,AGL,CE,Towers with Radar,59,11,114,1,185,0,0,52,0,52,59,11,166,1,237,26,0,26,263
06/08/2001,RFD,IL,AGL,CE,Towers with Radar,43,13,79,1,136,0,28,53,0,81,43,41,132,1,217,84,2,86,303
06/09/2001,RFD,IL,AGL,CE,Towers with Radar,8,1,39,0,48,0,0,67,0,67,8,1,106,0,115,80,0,80,195
06/10/2001,RFD,IL,AGL,CE,Towers with Radar,0,2,63,3,68,0,0,63,0,63,0,2,126,3,131,38,8,46,177
06/11/2001,RFD,IL,AGL,CE,Towers with Radar,23,10,68,0,101,0,2,22,0,24,23,12,90,0,125,20,2,22,147
06/12/2001,RFD,IL,AGL,CE,Towers with Radar,65,17,72,0,154,0,0,23,0,23,65,17,95,0,177,102,0,102,279
06/13/2001,RFD,IL,AGL,CE,Towers with Radar,41,11,77,2,131,19,3,76,5,103,60,14,153,7,234,108,22,130,364
06/14/2001,RFD,IL,AGL,CE,Towers with Radar,57,20,44,3,124,0,5,31,1,37,57,25,75,4,161,82,34,116,277
06/15/2001,RFD,IL,AGL,CE,Towers with Radar,42,11,79,0,132,1,4,36,0,41,43,15,115,0,173,22,0,22,195
06/16/2001,RFD,IL,AGL,CE,Towers with Radar,8,11,40,0,59,0,7,95,6,108,8,18,135,6,167,84,0,84,251
06/17/2001,RFD,IL,AGL,CE,Towers with Radar,0,4,39,0,43,0,0,72,0,72,0,4,111,0,115,56,0,56,171
06/18/2001,RFD,IL,AGL,CE,Towers with Radar,19,4,44,0,67,0,0,37,0,37,19,4,81,0,104,6,0,6,110
06/19/2001,RFD,IL,AGL,CE,Towers with Radar,44,5,85,1,135,20,0,30,5,55,64,5,115,6,190,108,16,124,314
06/20/2001,RFD,IL,AGL,CE,Towers with Radar,56,10,92,6,164,0,0,98,4,102,56,10,190,10,266,60,0,60,326
06/21/2001,RFD,IL,AGL,CE,Towers with Radar,62,10,72,8,152,0,11,59,0,70,62,21,131,8,222,26,22,48,270
06/22/2001,RFD,IL,AGL,CE,Towers with Radar,44,8,90,2,144,0,0,77,3,80,44,8,167,5,224,36,2,38,262
06/23/2001,RFD,IL,AGL,CE,Towers with Radar,10,3,53,0,66,0,0,114,0,114,10,3,167,0,180,92,0,92,272
06/24/2001,RFD,IL,AGL,CE,Towers with Radar,2,8,52,1,63,0,3,124,0,127,2,11,176,1,190,108,0,108,298
06/25/2001,RFD,IL,AGL,CE,Towers with Radar,19,8,75,6,108,0,0,100,0,100,19,8,175,6,208,78,36,114,322
06/26/2001,RFD,IL,AGL,CE,Towers with Radar,38,9,72,0,119,18,8,93,0,119,56,17,165,0,238,48,4,52,290
06/27/2001,RFD,IL,AGL,CE,Towers with Radar,62,12,77,0,151,1,0,86,0,87,63,12,163,0,238,144,0,144,382
06/28/2001,RFD,IL,AGL,CE,Towers with Radar,56,13,83,4,156,0,0,134,0,134,56,13,217,4,290,104,26,130,420
06/29/2001,RFD,IL,AGL,CE,Towers with Radar,42,16,50,0,108,0,0,69,0,69,42,16,119,0,177,36,0,36,213
06/30/2001,RFD,IL,AGL,CE,Towers with Radar,8,3,61,0,72,0,0,32,0,32,8,3,93,0,104,70,0,70,174
07/01/2001,RFD,IL,AGL,CE,Towers with Radar,0,1,38,2,41,0,0,80,2,82,0,1,118,4,123,19,0,19,142
07/02/2001,RFD,IL,AGL,CE,Towers with Radar,18,3,59,8,88,1,0,86,0,87,19,3,145,8,175,136,6,142,317
07/03/2001,RFD,IL,AGL,CE,Towers with Radar,59,7,44,0,110,1,1,23,0,25,60,8,67,0,135,48,0,48,183
07/04/2001,RFD,IL,AGL,CE,Towers with Radar,36,1,22,0,59,0,0,19,0,19,36,1,41,0,78,18,0,18,96
07/05/2001,RFD,IL,AGL,CE,Towers with Radar,21,3,56,14,94,0,0,75,1,76,21,3,131,15,170,40,10,50,220
07/06/2001,RFD,IL,AGL,CE,Towers with Radar,42,5,67,0,114,0,0,69,0,69,42,5,136,0,183,56,0,56,239
07/07/2001,RFD,IL,AGL,CE,Towers with Radar,9,6,39,0,54,0,3,59,0,62,9,9,98,0,116,62,0,62,178
07/08/2001,RFD,IL,AGL,CE,Towers with Radar,0,2,44,4,50,0,0,62,4,66,0,2,106,8,116,64,33,97,213
07/09/2001,RFD,IL,AGL,CE,Towers with Radar,21,5,51,4,81,0,0,52,4,56,21,5,103,8,137,92,20,112,249
07/10/2001,RFD,IL,AGL,CE,Towers with Radar,36,9,67,0,112,20,7,105,0,132,56,16,172,0,244,128,0,128,372
07/11/2001,RFD,IL,AGL,CE,Towers with Radar,64,6,69,6,145,0,0,121,6,127,64,6,190,12,272,68,14,82,354
07/12/2001,RFD,IL,AGL,CE,Towers with Radar,41,9,74,6,130,25,1,119,16,161,66,10,193,22,291,94,28,122,413
07/13/2001,RFD,IL,AGL,CE,Towers with Radar,40,6,74,1,121,0,0,87,0,87,40,6,161,1,208,138,36,174,382
07/14/2001,RFD,IL,AGL,CE,Towers with Radar,11,4,43,1,59,0,0,88,2,90,11,4,131,3,149,58,0,58,207
07/15/2001,RFD,IL,AGL,CE,Towers with Radar,0,2,39,1,42,0,0,78,0,78,0,2,117,1,120,8,0,8,128
07/16/2001,RFD,IL,AGL,CE,Towers with Radar,18,10,68,9,105,0,2,76,3,81,18,12,144,12,186,14,20,34,220
07/17/2001,RFD,IL,AGL,CE,Towers with Radar,30,7,56,5,98,22,5,32,2,61,52,12,88,7,159,58,22,80,239
07/18/2001,RFD,IL,AGL,CE,Towers with Radar,42,10,77,0,129,18,7,39,0,64,60,17,116,0,193,30,0,30,223
07/19/2001,RFD,IL,AGL,CE,Towers with Radar,63,14,98,4,179,0,0,99,6,105,63,14,197,10,284,36,16,52,336
07/20/2001,RFD,IL,AGL,CE,Towers with Radar,36,6,76,1,119,0,0,79,0,79,36,6,155,1,198,72,0,72,270
07/21/2001,RFD,IL,AGL,CE,Towers with Radar,10,0,71,4,85,0,0,85,1,86,10,0,156,5,171,68,2,70,241
07/22/2001,RFD,IL,AGL,CE,Towers with Radar,2,7,60,1,70,0,0,156,0,156,2,7,216,1,226,24,0,24,250
07/23/2001,RFD,IL,AGL,CE,Towers with Radar,19,6,68,0,93,0,0,48,0,48,19,6,116,0,141,12,12,24,165
07/24/2001,RFD,IL,AGL,CE,Towers with Radar,42,10,79,5,136,17,6,70,3,96,59,16,149,8,232,40,14,54,286
07/25/2001,RFD,IL,AGL,CE,Towers with Radar,57,10,95,7,169,4,0,0,9,13,61,10,95,16,182,12,0,12,194
07/26/2001,RFD,IL,AGL,CE,Towers with Radar,58,8,76,10,152,0,0,78,0,78,58,8,154,10,230,50,12,62,292
07/27/2001,RFD,IL,AGL,CE,Towers with Radar,39,3,39,2,83,0,0,49,5,54,39,3,88,7,137,12,0,12,149
07/28/2001,RFD,IL,AGL,CE,Towers with Radar,6,1,52,0,59,0,2,17,0,19,6,3,69,0,78,2,14,16,94
07/29/2001,RFD,IL,AGL,CE,Towers with Radar,0,5,26,1,32,0,0,24,0,24,0,5,50,1,56,2,2,4,60
07/30/2001,RFD,IL,AGL,CE,Towers with Radar,19,7,64,4,94,0,3,47,36,86,19,10,111,40,180,34,34,68,248
07/31/2001,RFD,IL,AGL,CE,Towers with Radar,35,7,66,0,108,41,2,50,0,93,76,9,116,0,201,4,0,4,205
08/01/2001,RFD,IL,AGL,CE,Towers with Radar,58,8,41,0,107,0,0,74,0,74,58,8,115,0,181,100,0,100,281
08/02/2001,RFD,IL,AGL,CE,Towers with Radar,59,12,39,0,110,0,3,24,0,27,59,15,63,0,137,40,0,40,177
08/03/2001,RFD,IL,AGL,CE,Towers with Radar,37,10,70,1,118,0,0,73,2,75,37,10,143,3,193,36,0,36,229
08/04/2001,RFD,IL,AGL,CE,Towers with Radar,8,2,39,0,49,0,0,78,0,78,8,2,117,0,127,87,0,87,214
08/05/2001,RFD,IL,AGL,CE,Towers with Radar,0,5,36,1,42,0,1,53,1,55,0,6,89,2,97,30,4,34,131
08/06/2001,RFD,IL,AGL,CE,Towers with Radar,22,7,67,0,96,0,3,105,1,109,22,10,172,1,205,64,0,64,269
08/07/2001,RFD,IL,AGL,CE,Towers with Radar,81,7,47,7,142,0,0,30,0,30,81,7,77,7,172,64,22,86,258
08/08/2001,RFD,IL,AGL,CE,Towers with Radar,60,16,50,5,131,0,0,92,0,92,60,16,142,5,223,102,32,134,357
08/09/2001,RFD,IL,AGL,CE,Towers with Radar,42,9,60,0,111,16,5,5,0,26,58,14,65,0,137,14,0,14,151
08/10/2001,RFD,IL,AGL,CE,Towers with Radar,36,9,51,0,96,12,1,81,0,94,48,10,132,0,190,26,0,26,216
08/11/2001,RFD,IL,AGL,CE,Towers with Radar,8,7,43,0,58,0,0,59,0,59,8,7,102,0,117,30,0,30,147
08/12/2001,RFD,IL,AGL,CE,Towers with Radar,0,5,53,0,58,0,0,60,0,60,0,5,113,0,118,96,0,96,214
08/13/2001,RFD,IL,AGL,CE,Towers with Radar,22,6,60,4,92,0,0,97,0,97,22,6,157,4,189,36,2,38,227
08/14/2001,RFD,IL,AGL,CE,Towers with Radar,43,7,61,0,111,18,0,53,0,71,61,7,114,0,182,68,0,68,250
08/15/2001,RFD,IL,AGL,CE,Towers with Radar,58,7,47,8,120,0,5,93,4,102,58,12,140,12,222,124,26,150,372
08/16/2001,RFD,IL,AGL,CE,Towers with Radar,56,8,102,9,175,0,1,23,0,24,56,9,125,9,199,34,18,52,251
08/17/2001,RFD,IL,AGL,CE,Towers with Radar,39,9,56,1,105,2,8,25,0,35,41,17,81,1,140,8,0,8,148
08/18/2001,RFD,IL,AGL,CE,Towers with Radar,12,4,38,0,54,0,0,27,0,27,12,4,65,0,81,14,0,14,95
08/19/2001,RFD,IL,AGL,CE,Towers with Radar,0,0,50,4,54,0,0,14,5,19,0,0,64,9,73,12,28,40,113
08/20/2001,RFD,IL,AGL,CE,Towers with Radar,21,3,54,1,79,0,0,82,2,84,21,3,136,3,163,54,6,60,223
08/21/2001,RFD,IL,AGL,CE,Towers with Radar,58,12,69,0,139,0,0,42,0,42,58,12,111,0,181,42,0,42,223
08/22/2001,RFD,IL,AGL,CE,Towers with Radar,48,8,71,0,127,13,0,23,0,36,61,8,94,0,163,50,0,50,213
08/23/2001,RFD,IL,AGL,CE,Towers with Radar,51,8,76,1,136,10,0,50,3,63,61,8,126,4,199,50,12,62,261
08/24/2001,RFD,IL,AGL,CE,Towers with Radar,42,10,99,0,151,0,0,5,0,5,42,10,104,0,156,24,0,24,180
08/25/2001,RFD,IL,AGL,CE,Towers with Radar,8,2,35,0,45,0,0,2,0,2,8,2,37,0,47,8,0,8,55
08/26/2001,RFD,IL,AGL,CE,Towers with Radar,0,1,61,0,62,0,0,63,0,63,0,1,124,0,125,78,0,78,203
08/27/2001,RFD,IL,AGL,CE,Towers with Radar,19,11,46,5,81,0,0,68,6,74,19,11,114,11,155,72,56,128,283
08/28/2001,RFD,IL,AGL,CE,Towers with Radar,45,10,67,0,122,9,7,65,0,81,54,17,132,0,203,46,0,46,249
08/29/2001,RFD,IL,AGL,CE,Towers with Radar,50,12,75,1,138,13,3,150,7,173,63,15,225,8,311,98,18,116,427
08/30/2001,RFD,IL,AGL,CE,Towers with Radar,41,9,61,0,111,40,3,33,0,76,81,12,94,0,187,68,10,78,265
08/31/2001,RFD,IL,AGL,CE,Towers with Radar,44,10,66,0,120,4,6,107,0,117,48,16,173,0,237,80,0,80,317
09/01/2001,RFD,IL,AGL,CE,Towers with Radar,7,0,47,0,54,0,1,38,0,39,7,1,85,0,93,54,0,54,147
09/02/2001,RFD,IL,AGL,CE,Towers with Radar,0,0,37,0,37,0,0,52,0,52,0,0,89,0,89,56,0,56,145
09/03/2001,RFD,IL,AGL,CE,Towers with Radar,2,5,60,0,67,0,0,62,0,62,2,5,122,0,129,62,0,62,191
09/04/2001,RFD,IL,AGL,CE,Towers with Radar,17,2,58,5,82,0,0,103,2,105,17,2,161,7,187,122,33,155,342
09/05/2001,RFD,IL,AGL,CE,Towers with Radar,34,6,82,7,129,20,0,92,19,131,54,6,174,26,260,62,32,94,354
09/06/2001,RFD,IL,AGL,CE,Towers with Radar,61,13,55,2,131,3,0,52,0,55,64,13,107,2,186,62,2,64,250
09/07/2001,RFD,IL,AGL,CE,Towers with Radar,35,14,52,8,109,3,6,31,1,41,38,20,83,9,150,46,6,52,202
09/08/2001,RFD,IL,AGL,CE,Towers with Radar,6,3,33,0,42,3,1,28,0,32,9,4,61,0,74,58,40,98,172
09/09/2001,RFD,IL,AGL,CE,Towers with Radar,1,0,37,3,41,3,1,8,0,12,4,1,45,3,53,10,0,10,63
09/10/2001,RFD,IL,AGL,CE,Towers with Radar,17,6,56,5,84,0,0,105,9,114,17,6,161,14,198,60,34,94,292
09/11/2001,RFD,IL,AGL,CE,Towers with Radar,38,6,8,0,52,3,3,5,0,11,41,9,13,0,63,0,0,0,63
09/12/2001,RFD,IL,AGL,CE,Towers with Radar,0,0,3,0,3,0,1,0,0,1,0,1,3,0,4,0,0,0,4
09/13/2001,RFD,IL,AGL,CE,Towers with Radar,4,2,0,0,6,11,14,0,0,25,15,16,0,0,31,0,0,0,31
09/14/2001,RFD,IL,AGL,CE,Towers with Radar,22,13,11,0,46,3,5,0,0,8,25,18,11,0,54,0,0,0,54
09/15/2001,RFD,IL,AGL,CE,Towers with Radar,6,8,57,0,71,0,3,7,0,10,6,11,64,0,81,0,0,0,81
09/16/2001,RFD,IL,AGL,CE,Towers with Radar,0,7,63,0,70,0,0,14,0,14,0,7,77,0,84,0,0,0,84
09/17/2001,RFD,IL,AGL,CE,Towers with Radar,18,4,41,5,68,0,0,0,27,27,18,4,41,32,95,0,0,0,95
09/18/2001,RFD,IL,AGL,CE,Towers with Radar,51,19,86,8,164,3,1,0,6,10,54,20,86,14,174,0,8,8,182
09/19/2001,RFD,IL,AGL,CE,Towers with Radar,25,9,35,6,75,31,3,0,21,55,56,12,35,27,130,0,64,64,194
09/20/2001,RFD,IL,AGL,CE,Towers with Radar,50,11,80,2,143,3,0,31,0,34,53,11,111,2,177,2,30,32,209
09/21/2001,RFD,IL,AGL,CE,Towers with Radar,38,10,77,7,132,3,1,4,2,10,41,11,81,9,142,6,20,26,168
09/22/2001,RFD,IL,AGL,CE,Towers with Radar,9,7,53,0,69,0,1,43,0,44,9,8,96,0,113,52,0,52,165
09/23/2001,RFD,IL,AGL,CE,Towers with Radar,0,1,66,1,68,0,1,11,0,12,0,2,77,1,80,34,0,34,114
09/24/2001,RFD,IL,AGL,CE,Towers with Radar,16,7,61,1,85,0,0,45,0,45,16,7,106,1,130,24,2,26,156
09/25/2001,RFD,IL,AGL,CE,Towers with Radar,56,9,92,8,165,3,0,30,4,37,59,9,122,12,202,30,0,30,232
09/26/2001,RFD,IL,AGL,CE,Towers with Radar,48,5,105,4,162,3,1,60,0,64,51,6,165,4,226,76,14,90,316
09/27/2001,RFD,IL,AGL,CE,Towers with Radar,51,8,74,4,137,3,0,82,0,85,54,8,156,4,222,42,0,42,264
09/28/2001,RFD,IL,AGL,CE,Towers with Radar,38,9,88,8,143,0,0,0,5,5,38,9,88,13,148,28,4,32,180
09/29/2001,RFD,IL,AGL,CE,Towers with Radar,8,6,55,0,69,0,0,88,0,88,8,6,143,0,157,86,0,86,243
09/30/2001,RFD,IL,AGL,CE,Towers with Radar,0,3,62,0,65,0,23,49,0,72,0,26,111,0,137,86,0,86,223
10/01/2001,RFD,IL,AGL,CE,Towers with Radar,13,8,86,2,109,3,0,70,0,73,16,8,156,2,182,72,0,72,254
10/02/2001,RFD,IL,AGL,CE,Towers with Radar,52,19,89,4,164,5,3,60,2,70,57,22,149,6,234,46,16,62,296
10/03/2001,RFD,IL,AGL,CE,Towers with Radar,43,12,86,3,144,9,0,42,23,74,52,12,128,26,218,98,56,154,372
10/04/2001,RFD,IL,AGL,CE,Towers with Radar,43,13,86,0,142,9,11,14,0,34,52,24,100,0,176,24,0,24,200
10/05/2001,RFD,IL,AGL,CE,Towers with Radar,38,11,76,0,125,4,3,34,0,41,42,14,110,0,166,96,0,96,262
10/06/2001,RFD,IL,AGL,CE,Towers with Radar,7,4,60,0,71,3,1,85,0,89,10,5,145,0,160,2,0,2,162
10/07/2001,RFD,IL,AGL,CE,Towers with Radar,0,8,64,0,72,0,0,17,0,17,0,8,81,0,89,36,0,36,125
10/08/2001,RFD,IL,AGL,CE,Towers with Radar,16,7,50,0,73,0,0,81,0,81,16,7,131,0,154,12,0,12,166
10/09/2001,RFD,IL,AGL,CE,Towers with Radar,51,12,69,20,152,3,0,43,10,56,54,12,112,30,208,42,52,94,302
10/10/2001,RFD,IL,AGL,CE,Towers with Radar,30,8,43,0,81,25,11,0,0,36,55,19,43,0,117,0,0,0,117
10/11/2001,RFD,IL,AGL,CE,Towers with Radar,39,11,80,3,133,20,8,55,0,83,59,19,135,3,216,52,0,52,268
10/12/2001,RFD,IL,AGL,CE,Towers with Radar,39,8,89,2,138,0,0,95,0,95,39,8,184,2,233,82,4,86,319
10/13/2001,RFD,IL,AGL,CE,Towers with Radar,23,4,41,0,68,3,0,5,0,8,26,4,46,0,76,4,0,4,80
10/14/2001,RFD,IL,AGL,CE,Towers with Radar,2,4,58,2,66,0,0,68,11,79,2,4,126,13,145,76,16,92,237
10/15/2001,RFD,IL,AGL,CE,Towers with Radar,19,7,52,1,79,0,4,30,0,34,19,11,82,1,113,40,0,40,153
10/16/2001,RFD,IL,AGL,CE,Towers with Radar,36,8,73,0,117,19,0,48,0,67,55,8,121,0,184,52,0,52,236
10/17/2001,RFD,IL,AGL,CE,Towers with Radar,52,9,103,4,168,5,0,154,4,163,57,9,257,8,331,146,0,146,477
10/18/2001,RFD,IL,AGL,CE,Towers with Radar,40,11,80,3,134,4,11,11,11,37,44,22,91,14,171,16,12,28,199
10/19/2001,RFD,IL,AGL,CE,Towers with Radar,39,11,81,3,134,0,17,91,2,110,39,28,172,5,244,74,0,74,318
10/20/2001,RFD,IL,AGL,CE,Towers with Radar,8,8,62,0,78,0,0,63,0,63,8,8,125,0,141,80,0,80,221
10/21/2001,RFD,IL,AGL,CE,Towers with Radar,0,4,60,1,65,0,0,67,0,67,0,4,127,1,132,66,0,66,198
10/22/2001,RFD,IL,AGL,CE,Towers with Radar,17,7,52,0,76,0,2,6,0,8,17,9,58,0,84,8,0,8,92
10/23/2001,RFD,IL,AGL,CE,Towers with Radar,42,8,82,3,135,14,0,48,1,63,56,8,130,4,198,46,0,46,244
10/24/2001,RFD,IL,AGL,CE,Towers with Radar,58,6,31,0,95,0,4,6,1,11,58,10,37,1,106,0,0,0,106
10/25/2001,RFD,IL,AGL,CE,Towers with Radar,52,16,20,0,88,2,8,1,0,11,54,24,21,0,99,6,0,6,105
10/26/2001,RFD,IL,AGL,CE,Towers with Radar,25,6,50,0,81,10,7,40,0,57,35,13,90,0,138,12,0,12,150
10/27/2001,RFD,IL,AGL,CE,Towers with Radar,7,2,70,0,79,2,7,39,0,48,9,9,109,0,127,78,0,78,205
10/28/2001,RFD,IL,AGL,CE,Towers with Radar,3,4,38,0,45,0,3,32,0,35,3,7,70,0,80,44,0,44,124
10/29/2001,RFD,IL,AGL,CE,Towers with Radar,16,2,71,0,89,2,2,72,0,76,18,4,143,0,165,74,0,74,239
10/30/2001,RFD,IL,AGL,CE,Towers with Radar,52,4,42,0,98,2,2,47,0,51,54,6,89,0,149,10,0,10,159
10/31/2001,RFD,IL,AGL,CE,Towers with Radar,52,12,28,4,96,2,0,44,9,55,54,12,72,13,151,22,22,44,195
11/01/2001,RFD,IL,AGL,CE,Towers with Radar,52,7,23,0,82,2,4,40,0,46,54,11,63,0,128,36,0,36,164
11/02/2001,RFD,IL,AGL,CE,Towers with Radar,36,11,52,3,102,3,12,38,0,53,39,23,90,3,155,40,34,74,229
11/03/2001,RFD,IL,AGL,CE,Towers with Radar,10,5,27,4,46,0,0,15,2,17,10,5,42,6,63,4,10,14,77
11/04/2001,RFD,IL,AGL,CE,Towers with Radar,4,0,30,1,35,0,0,34,0,34,4,0,64,1,69,48,0,48,117
11/05/2001,RFD,IL,AGL,CE,Towers with Radar,18,7,37,0,62,0,2,35,0,37,18,9,72,0,99,60,0,60,159
11/06/2001,RFD,IL,AGL,CE,Towers with Radar,36,11,52,6,105,19,4,21,0,44,55,15,73,6,149,42,38,80,229
11/07/2001,RFD,IL,AGL,CE,Towers with Radar,49,26,69,0,144,2,4,55,0,61,51,30,124,0,205,76,0,76,281
11/08/2001,RFD,IL,AGL,CE,Towers with Radar,51,18,62,2,133,1,0,33,0,34,52,18,95,2,167,14,0,14,181
11/09/2001,RFD,IL,AGL,CE,Towers with Radar,35,22,56,0,113,2,2,64,0,68,37,24,120,0,181,37,0,37,218
11/10/2001,RFD,IL,AGL,CE,Towers with Radar,10,6,30,0,46,0,1,82,0,83,10,7,112,0,129,68,0,68,197
11/11/2001,RFD,IL,AGL,CE,Towers with Radar,0,4,41,0,45,0,0,119,0,119,0,4,160,0,164,128,0,128,292
11/12/2001,RFD,IL,AGL,CE,Towers with Radar,16,8,43,0,67,2,1,55,0,58,18,9,98,0,125,42,0,42,167
11/13/2001,RFD,IL,AGL,CE,Towers with Radar,42,14,63,8,127,9,5,31,51,96,51,19,94,59,223,6,34,40,263
11/14/2001,RFD,IL,AGL,CE,Towers with Radar,52,10,68,22,152,2,0,56,11,69,54,10,124,33,221,34,82,116,337
11/15/2001,RFD,IL,AGL,CE,Towers with Radar,40,13,64,9,126,0,0,50,14,64,40,13,114,23,190,22,8,30,220
11/16/2001,RFD,IL,AGL,CE,Towers with Radar,37,12,55,0,104,14,3,58,0,75,51,15,113,0,179,80,0,80,259
11/17/2001,RFD,IL,AGL,CE,Towers with Radar,11,5,45,0,61,0,0,14,0,14,11,5,59,0,75,28,0,28,103
11/18/2001,RFD,IL,AGL,CE,Towers with Radar,2,2,56,0,60,2,1,52,0,55,4,3,108,0,115,64,0,64,179
11/19/2001,RFD,IL,AGL,CE,Towers with Radar,17,9,41,2,69,0,4,62,0,66,17,13,103,2,135,26,6,32,167
11/20/2001,RFD,IL,AGL,CE,Towers with Radar,41,15,60,7,123,34,6,82,16,138,75,21,142,23,261,78,52,130,391
11/21/2001,RFD,IL,AGL,CE,Towers with Radar,40,14,59,0,113,19,5,71,0,95,59,19,130,0,208,44,0,44,252
11/22/2001,RFD,IL,AGL,CE,Towers with Radar,11,4,17,0,32,12,0,26,0,38,23,4,43,0,70,12,0,12,82
11/23/2001,RFD,IL,AGL,CE,Towers with Radar,4,1,69,0,74,2,4,64,0,70,6,5,133,0,144,38,0,38,182
11/24/2001,RFD,IL,AGL,CE,Towers with Radar,3,0,0,0,3,2,37,0,0,39,5,37,0,0,42,0,0,0,42
11/25/2001,RFD,IL,AGL,CE,Towers with Radar,0,8,40,0,48,0,0,26,0,26,0,8,66,0,74,18,0,18,92
11/26/2001,RFD,IL,AGL,CE,Towers with Radar,20,10,46,6,82,0,0,55,17,72,20,10,101,23,154,38,30,68,222
11/27/2001,RFD,IL,AGL,CE,Towers with Radar,68,15,57,11,151,2,0,38,3,43,70,15,95,14,194,4,26,30,224
11/28/2001,RFD,IL,AGL,CE,Towers with Radar,61,14,36,24,135,2,0,0,17,19,63,14,36,41,154,12,46,58,212
11/29/2001,RFD,IL,AGL,CE,Towers with Radar,60,16,68,12,156,2,0,19,10,31,62,16,87,22,187,2,14,16,203
11/30/2001,RFD,IL,AGL,CE,Towers with Radar,40,12,57,0,109,8,2,23,0,33,48,14,80,0,142,0,0,0,142
12/01/2001,RFD,IL,AGL,CE,Towers with Radar,12,0,63,0,75,0,4,41,0,45,12,4,104,0,120,36,0,36,156
12/02/2001,RFD,IL,AGL,CE,Towers with Radar,0,2,53,1,56,0,0,84,0,84,0,2,137,1,140,72,0,72,212
12/03/2001,RFD,IL,AGL,CE,Towers with Radar,23,12,65,0,100,0,1,96,0,97,23,13,161,0,197,36,0,36,233
12/04/2001,RFD,IL,AGL,CE,Towers with Radar,46,14,69,2,131,27,5,48,0,80,73,19,117,2,211,130,0,130,341
12/05/2001,RFD,IL,AGL,CE,Towers with Radar,70,17,28,12,127,0,1,17,0,18,70,18,45,12,145,4,28,32,177
12/06/2001,RFD,IL,AGL,CE,Towers with Radar,67,15,66,14,162,0,0,61,11,72,67,15,127,25,234,58,30,88,322
12/07/2001,RFD,IL,AGL,CE,Towers with Radar,42,13,85,0,140,0,0,78,0,78,42,13,163,0,218,58,0,58,276
12/08/2001,RFD,IL,AGL,CE,Towers with Radar,13,0,66,1,80,0,6,87,0,93,13,6,153,1,173,58,0,58,231
12/09/2001,RFD,IL,AGL,CE,Towers with Radar,0,6,41,0,47,0,0,93,0,93,0,6,134,0,140,88,0,88,228
12/10/2001,RFD,IL,AGL,CE,Towers with Radar,20,11,46,5,82,0,0,43,4,47,20,11,89,9,129,14,24,38,167
12/11/2001,RFD,IL,AGL,CE,Towers with Radar,51,15,78,5,149,18,0,30,39,87,69,15,108,44,236,68,52,120,356
12/12/2001,RFD,IL,AGL,CE,Towers with Radar,48,15,73,5,141,22,5,6,5,38,70,20,79,10,179,6,16,22,201
12/13/2001,RFD,IL,AGL,CE,Towers with Radar,73,31,50,4,158,0,7,20,3,30,73,38,70,7,188,16,0,16,204
12/14/2001,RFD,IL,AGL,CE,Towers with Radar,41,23,54,0,118,0,3,24,0,27,41,26,78,0,145,90,0,90,235
12/15/2001,RFD,IL,AGL,CE,Towers with Radar,14,9,40,0,63,0,78,34,0,112,14,87,74,0,175,0,0,0,175
12/16/2001,RFD,IL,AGL,CE,Towers with Radar,0,2,33,0,35,0,0,42,0,42,0,2,75,0,77,30,0,30,107
12/17/2001,RFD,IL,AGL,CE,Towers with Radar,24,12,79,9,124,0,0,33,14,47,24,12,112,23,171,20,30,50,221
12/18/2001,RFD,IL,AGL,CE,Towers with Radar,54,16,83,5,158,23,6,51,3,83,77,22,134,8,241,84,0,84,325
12/19/2001,RFD,IL,AGL,CE,Towers with Radar,72,22,56,4,154,0,0,49,0,49,72,22,105,4,203,8,0,8,211
12/20/2001,RFD,IL,AGL,CE,Towers with Radar,75,28,95,4,202,0,0,55,8,63,75,28,150,12,265,152,20,172,437
12/21/2001,RFD,IL,AGL,CE,Towers with Radar,55,17,84,0,156,24,3,85,0,112,79,20,169,0,268,54,0,54,322
12/22/2001,RFD,IL,AGL,CE,Towers with Radar,26,8,40,0,74,19,2,5,0,26,45,10,45,0,100,16,0,16,116
12/23/2001,RFD,IL,AGL,CE,Towers with Radar,0,5,26,0,31,0,2,11,0,13,0,7,37,0,44,0,0,0,44
12/24/2001,RFD,IL,AGL,CE,Towers with Radar,1,1,27,0,29,0,1,2,0,3,1,2,29,0,32,22,0,22,54
12/25/2001,RFD,IL,AGL,CE,Towers with Radar,0,0,17,0,17,0,2,1,0,3,0,2,18,0,20,12,0,12,32
12/26/2001,RFD,IL,AGL,CE,Towers with Radar,23,2,58,0,83,0,1,18,0,19,23,3,76,0,102,28,0,28,130
12/27/2001,RFD,IL,AGL,CE,Towers with Radar,33,6,52,4,95,25,0,40,23,88,58,6,92,27,183,34,28,62,245
12/28/2001,RFD,IL,AGL,CE,Towers with Radar,29,9,47,0,85,8,1,29,0,38,37,10,76,0,123,42,0,42,165
12/29/2001,RFD,IL,AGL,CE,Towers with Radar,5,2,37,0,44,0,0,89,0,89,5,2,126,0,133,170,0,170,303
12/30/2001,RFD,IL,AGL,CE,Towers with Radar,0,3,50,0,53,0,1,62,0,63,0,4,112,0,116,22,0,22,138
12/31/2001,RFD,IL,AGL,CE,Towers with Radar,2,1,54,0,57,0,2,34,0,36,2,3,88,0,93,62,0,62,155
01/01/2002,RFD,IL,AGL,CE,Towers with Radar,0,0,36,0,36,1,2,36,0,39,1,2,72,0,75,26,0,26,101
01/02/2002,RFD,IL,AGL,CE,Towers with Radar,22,4,43,0,69,1,0,76,0,77,23,4,119,0,146,60,0,60,206
01/03/2002,RFD,IL,AGL,CE,Towers with Radar,51,12,70,4,137,3,2,113,2,120,54,14,183,6,257,64,0,64,321
01/04/2002,RFD,IL,AGL,CE,Towers with Radar,29,8,51,7,95,10,8,77,5,100,39,16,128,12,195,40,12,52,247
01/05/2002,RFD,IL,AGL,CE,Towers with Radar,8,4,31,2,45,0,4,72,0,76,8,8,103,2,121,70,0,70,191
01/06/2002,RFD,IL,AGL,CE,Towers with Radar,0,0,32,0,32,0,0,57,0,57,0,0,89,0,89,28,0,28,117
01/07/2002,RFD,IL,AGL,CE,Towers with Radar,14,15,40,0,69,3,9,53,0,65,17,24,93,0,134,56,0,56,190
01/08/2002,RFD,IL,AGL,CE,Towers with Radar,32,9,56,6,103,20,2,34,15,71,52,11,90,21,174,46,70,116,290
01/09/2002,RFD,IL,AGL,CE,Towers with Radar,32,9,57,6,104,21,0,44,16,81,53,9,101,22,185,78,56,134,319
01/10/2002,RFD,IL,AGL,CE,Towers with Radar,48,11,69,3,131,2,2,68,3,75,50,13,137,6,206,26,4,30,236
01/11/2002,RFD,IL,AGL,CE,Towers with Radar,37,1,44,16,98,2,3,94,0,99,39,4,138,16,197,128,54,182,379
01/12/2002,RFD,IL,AGL,CE,Towers with Radar,8,4,35,0,47,0,6,67,0,73,8,10,102,0,120,52,0,52,172
01/13/2002,RFD,IL,AGL,CE,Towers with Radar,0,5,34,0,39,0,0,46,0,46,0,5,80,0,85,30,0,30,115
01/14/2002,RFD,IL,AGL,CE,Towers with Radar,18,7,48,6,79,0,5,30,10,45,18,12,78,16,124,10,0,10,134
01/15/2002,RFD,IL,AGL,CE,Towers with Radar,30,8,52,7,97,17,8,11,25,61,47,16,63,32,158,26,40,66,224
01/16/2002,RFD,IL,AGL,CE,Towers with Radar,51,15,29,0,95,2,2,10,0,14,53,17,39,0,109,0,0,0,109
01/17/2002,RFD,IL,AGL,CE,Towers with Radar,43,11,71,9,134,11,0,19,2,32,54,11,90,11,166,42,14,56,222
01/18/2002,RFD,IL,AGL,CE,Towers with Radar,33,19,59,5,116,2,8,93,0,103,35,27,152,5,219,72,38,110,329
01/19/2002,RFD,IL,AGL,CE,Towers with Radar,8,5,38,0,51,0,4,85,0,89,8,9,123,0,140,58,0,58,198
01/20/2002,RFD,IL,AGL,CE,Towers with Radar,0,3,42,3,48,0,0,68,0,68,0,3,110,3,116,32,0,32,148
01/21/2002,RFD,IL,AGL,CE,Towers with Radar,13,0,60,0,73,2,3,31,0,36,15,3,91,0,109,72,0,72,181
01/22/2002,RFD,IL,AGL,CE,Towers with Radar,35,7,58,0,100,14,0,52,0,66,49,7,110,0,166,28,12,40,206
01/23/2002,RFD,IL,AGL,CE,Towers with Radar,41,7,69,9,126,11,0,44,54,109,52,7,113,63,235,40,110,150,385
01/24/2002,RFD,IL,AGL,CE,Towers with Radar,67,10,88,29,194,2,6,117,0,125,69,16,205,29,319,132,92,224,543
01/25/2002,RFD,IL,AGL,CE,Towers with Radar,33,8,50,0,91,2,1,53,0,56,35,9,103,0,147,26,0,26,173
01/26/2002,RFD,IL,AGL,CE,Towers with Radar,8,6,44,0,58,0,4,102,0,106,8,10,146,0,164,88,0,88,252
01/27/2002,RFD,IL,AGL,CE,Towers with Radar,1,3,36,0,40,0,0,74,0,74,1,3,110,0,114,24,0,24,138
01/28/2002,RFD,IL,AGL,CE,Towers with Radar,16,3,64,12,95,2,0,84,0,86,18,3,148,12,181,44,72,116,297
01/29/2002,RFD,IL,AGL,CE,Towers with Radar,51,10,32,5,98,2,1,9,2,14,53,11,41,7,112,0,0,0,112
01/30/2002,RFD,IL,AGL,CE,Towers with Radar,46,24,55,0,125,2,1,14,0,17,48,25,69,0,142,12,0,12,154
01/31/2002,RFD,IL,AGL,CE,Towers with Radar,43,19,39,0,101,2,1,0,0,3,45,20,39,0,104,0,0,0,104
02/01/2002,RFD,IL,AGL,CE,Towers with Radar,34,11,49,0,94,22,1,23,0,46,56,12,72,0,140,16,0,16,156
02/02/2002,RFD,IL,AGL,CE,Towers with Radar,8,7,29,0,44,0,1,92,0,93,8,8,121,0,137,30,0,30,167
02/03/2002,RFD,IL,AGL,CE,Towers with Radar,0,3,28,0,31,0,0,70,0,70,0,3,98,0,101,52,0,52,153
02/04/2002,RFD,IL,AGL,CE,Towers with Radar,17,7,50,0,74,1,0,65,0,66,18,7,115,0,140,126,0,126,266
02/05/2002,RFD,IL,AGL,CE,Towers with Radar,53,8,75,4,140,2,0,78,3,83,55,8,153,7,223,126,24,150,373
02/06/2002,RFD,IL,AGL,CE,Towers with Radar,45,15,65,0,125,19,2,61,0,82,64,17,126,0,207,214,0,214,421
02/07/2002,RFD,IL,AGL,CE,Towers with Radar,49,15,69,3,136,10,12,87,9,118,59,27,156,12,254,62,18,80,334
02/08/2002,RFD,IL,AGL,CE,Towers with Radar,36,7,63,0,106,0,1,99,0,100,36,8,162,0,206,60,0,60,266
02/09/2002,RFD,IL,AGL,CE,Towers with Radar,8,5,28,1,42,0,0,98,0,98,8,5,126,1,140,90,0,90,230
02/10/2002,RFD,IL,AGL,CE,Towers with Radar,2,4,14,0,20,1,0,8,0,9,3,4,22,0,29,14,0,14,43
02/11/2002,RFD,IL,AGL,CE,Towers with Radar,17,10,39,0,66,1,7,64,0,72,18,17,103,0,138,94,0,94,232
02/12/2002,RFD,IL,AGL,CE,Towers with Radar,32,9,46,2,89,9,6,28,18,61,41,15,74,20,150,2,18,20,170
02/13/2002,RFD,IL,AGL,CE,Towers with Radar,43,13,62,0,118,12,4,104,0,120,55,17,166,0,238,66,0,66,304
02/14/2002,RFD,IL,AGL,CE,Towers with Radar,56,12,20,3,91,1,0,47,1,49,57,12,67,4,140,26,4,30,170
02/15/2002,RFD,IL,AGL,CE,Towers with Radar,36,9,47,0,92,0,0,35,0,35,36,9,82,0,127,34,0,34,161
02/16/2002,RFD,IL,AGL,CE,Towers with Radar,8,5,37,0,50,1,5,61,0,67,9,10,98,0,117,60,0,60,177
02/17/2002,RFD,IL,AGL,CE,Towers with Radar,0,5,62,0,67,0,0,175,0,175,0,5,237,0,242,124,0,124,366
02/18/2002,RFD,IL,AGL,CE,Towers with Radar,18,10,53,0,81,0,5,51,0,56,18,15,104,0,137,112,0,112,249
02/19/2002,RFD,IL,AGL,CE,Towers with Radar,43,12,59,2,116,17,6,43,0,66,60,18,102,2,182,30,0,30,212
02/20/2002,RFD,IL,AGL,CE,Towers with Radar,37,10,44,2,93,4,1,0,1,6,41,11,44,3,99,0,0,0,99
02/21/2002,RFD,IL,AGL,CE,Towers with Radar,50,16,32,14,112,0,0,28,20,48,50,16,60,34,160,54,24,78,238
02/22/2002,RFD,IL,AGL,CE,Towers with Radar,36,11,57,0,104,0,1,85,0,86,36,12,142,0,190,82,0,82,272
02/23/2002,RFD,IL,AGL,CE,Towers with Radar,9,2,77,0,88,0,0,71,0,71,9,2,148,0,159,62,0,62,221
02/24/2002,RFD,IL,AGL,CE,Towers with Radar,0,8,38,0,46,0,0,70,0,70,0,8,108,0,116,90,0,90,206
02/25/2002,RFD,IL,AGL,CE,Towers with Radar,17,6,24,1,48,0,2,0,0,2,17,8,24,1,50,0,0,0,50
02/26/2002,RFD,IL,AGL,CE,Towers with Radar,51,8,31,5,95,0,0,1,3,4,51,8,32,8,99,2,10,12,111
02/27/2002,RFD,IL,AGL,CE,Towers with Radar,37,11,52,2,102,20,10,39,3,72,57,21,91,5,174,42,2,44,218
02/28/2002,RFD,IL,AGL,CE,Towers with Radar,52,12,72,3,139,1,0,22,26,49,53,12,94,29,188,50,0,50,238
03/01/2002,RFD,IL,AGL,CE,Towers with Radar,35,9,59,0,103,3,0,87,0,90,38,9,146,0,193,120,22,142,335
03/02/2002,RFD,IL,AGL,CE,Towers with Radar,9,1,5,0,15,0,0,1,0,1,9,1,6,0,16,0,0,0,16
03/03/2002,RFD,IL,AGL,CE,Towers with Radar,1,5,24,1,31,0,6,22,0,28,1,11,46,1,59,2,0,2,61
03/04/2002,RFD,IL,AGL,CE,Towers with Radar,17,6,26,0,49,0,6,25,0,31,17,12,51,0,80,24,0,24,104
03/05/2002,RFD,IL,AGL,CE,Towers with Radar,54,16,48,0,118,0,2,16,0,18,54,18,64,0,136,30,0,30,166
03/06/2002,RFD,IL,AGL,CE,Towers with Radar,46,14,77,7,144,5,13,31,21,70,51,27,108,28,214,48,26,74,288
03/07/2002,RFD,IL,AGL,CE,Towers with Radar,43,13,72,6,134,12,5,1,41,59,55,18,73,47,193,28,34,62,255
03/08/2002,RFD,IL,AGL,CE,Towers with Radar,41,6,36,0,83,0,1,20,0,21,41,7,56,0,104,31,34,65,169
03/09/2002,RFD,IL,AGL,CE,Towers with Radar,15,2,9,1,27,0,0,0,0,0,15,2,9,1,27,0,0,0,27
03/10/2002,RFD,IL,AGL,CE,Towers with Radar,0,6,38,0,44,0,2,102,0,104,0,8,140,0,148,25,0,25,173
03/11/2002,RFD,IL,AGL,CE,Towers with Radar,19,11,38,0,68,0,2,68,0,70,19,13,106,0,138,56,0,56,194
03/12/2002,RFD,IL,AGL,CE,Towers with Radar,40,4,68,0,112,16,0,98,0,114,56,4,166,0,226,204,0,204,430
03/13/2002,RFD,IL,AGL,CE,Towers with Radar,55,7,92,0,154,0,0,38,0,38,55,7,130,0,192,124,0,124,316
03/14/2002,RFD,IL,AGL,CE,Towers with Radar,46,14,78,8,146,3,10,43,14,70,49,24,121,22,216,0,32,32,248
03/15/2002,RFD,IL,AGL,CE,Towers with Radar,40,11,67,0,118,5,4,19,0,28,45,15,86,0,146,88,0,88,234
03/16/2002,RFD,IL,AGL,CE,Towers with Radar,9,9,48,0,66,0,1,131,0,132,9,10,179,0,198,92,0,92,290
03/17/2002,RFD,IL,AGL,CE,Towers with Radar,0,8,42,0,50,0,6,28,0,34,0,14,70,0,84,66,0,66,150
03/18/2002,RFD,IL,AGL,CE,Towers with Radar,17,19,84,3,123,0,4,53,1,58,17,23,137,4,181,88,0,88,269
03/19/2002,RFD,IL,AGL,CE,Towers with Radar,50,5,68,30,153,0,1,49,25,75,50,6,117,55,228,82,24,106,334
03/20/2002,RFD,IL,AGL,CE,Towers with Radar,52,20,85,30,187,0,0,49,21,70,52,20,134,51,257,54,64,118,375
03/21/2002,RFD,IL,AGL,CE,Towers with Radar,33,10,54,6,103,23,0,0,10,33,56,10,54,16,136,38,20,58,194
03/22/2002,RFD,IL,AGL,CE,Towers with Radar,34,8,46,0,88,0,0,59,0,59,34,8,105,0,147,28,0,28,175
03/23/2002,RFD,IL,AGL,CE,Towers with Radar,8,8,78,0,94,0,0,92,0,92,8,8,170,0,186,44,0,44,230
03/24/2002,RFD,IL,AGL,CE,Towers with Radar,0,3,46,0,49,0,2,56,0,58,0,5,102,0,107,40,0,40,147
03/25/2002,RFD,IL,AGL,CE,Towers with Radar,16,8,44,0,68,0,2,31,0,33,16,10,75,0,101,38,0,38,139
03/26/2002,RFD,IL,AGL,CE,Towers with Radar,36,12,62,6,116,19,7,87,19,132,55,19,149,25,248,87,36,123,371
03/27/2002,RFD,IL,AGL,CE,Towers with Radar,53,11,64,4,132,0,0,129,0,129,53,11,193,4,261,74,6,80,341
03/28/2002,RFD,IL,AGL,CE,Towers with Radar,39,13,67,6,125,12,2,110,26,150,51,15,177,32,275,52,28,80,355
03/29/2002,RFD,IL,AGL,CE,Towers with Radar,37,1,54,0,92,0,0,43,0,43,37,1,97,0,135,50,0,50,185
03/30/2002,RFD,IL,AGL,CE,Towers with Radar,6,4,90,0,100,0,1,85,2,88,6,5,175,2,188,22,0,22,210
03/31/2002,RFD,IL,AGL,CE,Towers with Radar,0,2,25,0,27,0,0,19,0,19,0,2,44,0,46,6,0,6,52
04/01/2002,RFD,IL,AGL,CE,Towers with Radar,13,3,58,0,74,2,4,38,0,44,15,7,96,0,118,86,0,86,204
04/02/2002,RFD,IL,AGL,CE,Towers with Radar,51,6,37,39,133,4,2,14,27,47,55,8,51,66,180,0,0,0,180
04/03/2002,RFD,IL,AGL,CE,Towers with Radar,48,10,50,3,111,2,3,43,1,49,50,13,93,4,160,20,0,20,180
04/04/2002,RFD,IL,AGL,CE,Towers with Radar,47,13,53,5,118,0,0,67,5,72,47,13,120,10,190,34,0,34,224
04/05/2002,RFD,IL,AGL,CE,Towers with Radar,34,7,57,0,98,2,3,48,0,53,36,10,105,0,151,92,0,92,243
04/06/2002,RFD,IL,AGL,CE,Towers with Radar,6,5,81,0,92,2,6,61,0,69,8,11,142,0,161,134,0,134,295
04/07/2002,RFD,IL,AGL,CE,Towers with Radar,0,2,27,0,29,1,2,0,0,3,1,4,27,0,32,4,0,4,36
04/08/2002,RFD,IL,AGL,CE,Towers with Radar,14,5,42,2,63,0,0,22,10,32,14,5,64,12,95,0,0,0,95
04/09/2002,RFD,IL,AGL,CE,Towers with Radar,61,5,116,14,196,2,0,75,20,97,63,5,191,34,293,120,28,148,441
04/10/2002,RFD,IL,AGL,CE,Towers with Radar,40,10,75,0,125,13,1,91,0,105,53,11,166,0,230,88,0,88,318
04/11/2002,RFD,IL,AGL,CE,Towers with Radar,35,6,66,4,111,19,0,85,22,126,54,6,151,26,237,48,26,74,311
04/12/2002,RFD,IL,AGL,CE,Towers with Radar,38,15,87,0,140,2,5,32,0,39,40,20,119,0,179,4,0,4,183
04/13/2002,RFD,IL,AGL,CE,Towers with Radar,10,6,58,0,74,0,0,74,0,74,10,6,132,0,148,120,0,120,268
04/14/2002,RFD,IL,AGL,CE,Towers with Radar,0,3,75,0,78,0,0,152,0,152,0,3,227,0,230,60,0,60,290
04/15/2002,RFD,IL,AGL,CE,Towers with Radar,16,5,46,4,71,2,2,55,0,59,18,7,101,4,130,66,0,66,196
04/16/2002,RFD,IL,AGL,CE,Towers with Radar,37,7,71,5,120,15,0,46,27,88,52,7,117,32,208,28,40,68,276
04/17/2002,RFD,IL,AGL,CE,Towers with Radar,54,15,61,1,131,2,1,80,1,84,56,16,141,2,215,124,0,124,339
04/18/2002,RFD,IL,AGL,CE,Towers with Radar,52,14,34,7,107,2,3,53,16,74,54,17,87,23,181,80,60,140,321
04/19/2002,RFD,IL,AGL,CE,Towers with Radar,33,9,64,0,106,5,3,59,0,67,38,12,123,0,173,22,0,22,195
04/20/2002,RFD,IL,AGL,CE,Towers with Radar,7,2,44,0,53,0,4,75,0,79,7,6,119,0,132,72,0,72,204
04/21/2002,RFD,IL,AGL,CE,Towers with Radar,0,2,26,0,28,0,4,3,0,7,0,6,29,0,35,0,0,0,35
04/22/2002,RFD,IL,AGL,CE,Towers with Radar,16,11,41,7,75,1,3,19,0,23,17,14,60,7,98,52,24,76,174
04/23/2002,RFD,IL,AGL,CE,Towers with Radar,52,7,73,0,132,1,0,54,0,55,53,7,127,0,187,136,0,136,323
04/24/2002,RFD,IL,AGL,CE,Towers with Radar,58,14,38,5,115,1,0,19,4,24,59,14,57,9,139,22,20,42,181
04/25/2002,RFD,IL,AGL,CE,Towers with Radar,56,10,53,0,119,1,3,79,0,83,57,13,132,0,202,32,0,32,234
04/26/2002,RFD,IL,AGL,CE,Towers with Radar,38,9,73,0,120,0,1,155,0,156,38,10,228,0,276,192,0,192,468
04/27/2002,RFD,IL,AGL,CE,Towers with Radar,12,2,32,0,46,0,0,20,0,20,12,2,52,0,66,4,0,4,70
04/28/2002,RFD,IL,AGL,CE,Towers with Radar,0,2,36,0,38,0,0,23,0,23,0,2,59,0,61,0,0,0,61
04/29/2002,RFD,IL,AGL,CE,Towers with Radar,16,2,73,0,91,1,2,70,0,73,17,4,143,0,164,130,0,130,294
04/30/2002,RFD,IL,AGL,CE,Towers with Radar,34,8,62,4,108,19,7,79,6,111,53,15,141,10,219,126,30,156,375
05/01/2002,RFD,IL,AGL,CE,Towers with Radar,54,9,31,12,106,1,1,49,4,55,55,10,80,16,161,76,22,98,259
05/02/2002,RFD,IL,AGL,CE,Towers with Radar,59,14,48,0,121,1,2,75,0,78,60,16,123,0,199,42,0,42,241
05/03/2002,RFD,IL,AGL,CE,Towers with Radar,35,8,47,0,90,7,0,110,0,117,42,8,157,0,207,120,0,120,327
05/04/2002,RFD,IL,AGL,CE,Towers with Radar,9,3,24,1,37,0,0,109,2,111,9,3,133,3,148,66,0,66,214
05/05/2002,RFD,IL,AGL,CE,Towers with Radar,0,8,49,6,63,0,2,298,1,301,0,10,347,7,364,52,10,62,426
05/06/2002,RFD,IL,AGL,CE,Towers with Radar,15,8,78,15,116,1,0,82,4,87,16,8,160,19,203,114,70,184,387
05/07/2002,RFD,IL,AGL,CE,Towers with Radar,40,11,53,1,105,16,3,76,0,95,56,14,129,1,200,102,0,102,302
05/08/2002,RFD,IL,AGL,CE,Towers with Radar,41,12,54,0,107,9,12,27,0,48,50,24,81,0,155,34,0,34,189
05/09/2002,RFD,IL,AGL,CE,Towers with Radar,63,17,33,0,113,0,3,26,0,29,63,20,59,0,142,0,0,0,142
05/10/2002,RFD,IL,AGL,CE,Towers with Radar,36,10,51,0,97,0,0,179,0,179,36,10,230,0,276,156,0,156,432
05/11/2002,RFD,IL,AGL,CE,Towers with Radar,9,5,15,0,29,0,4,21,0,25,9,9,36,0,54,18,0,18,72
05/12/2002,RFD,IL,AGL,CE,Towers with Radar,0,1,26,0,27,0,0,42,0,42,0,1,68,0,69,0,0,0,69
05/13/2002,RFD,IL,AGL,CE,Towers with Radar,16,6,85,0,107,0,0,0,0,0,16,6,85,0,107,148,0,148,255
05/14/2002,RFD,IL,AGL,CE,Towers with Radar,41,12,55,0,108,20,0,80,0,100,61,12,135,0,208,20,6,26,234
05/15/2002,RFD,IL,AGL,CE,Towers with Radar,38,10,50,2,100,21,3,70,0,94,59,13,120,2,194,4,0,4,198
05/16/2002,RFD,IL,AGL,CE,Towers with Radar,41,12,55,0,108,1,4,3,0,8,42,16,58,0,116,10,0,10,126
05/17/2002,RFD,IL,AGL,CE,Towers with Radar,39,8,67,0,114,0,2,108,0,110,39,10,175,0,224,104,0,104,328
05/18/2002,RFD,IL,AGL,CE,Towers with Radar,7,9,52,0,68,0,6,61,0,67,7,15,113,0,135,132,0,132,267
05/19/2002,RFD,IL,AGL,CE,Towers with Radar,0,6,30,0,36,0,8,71,0,79,0,14,101,0,115,128,0,128,243
05/20/2002,RFD,IL,AGL,CE,Towers with Radar,16,1,44,0,61,0,1,24,0,25,16,2,68,0,86,168,0,168,254
05/21/2002,RFD,IL,AGL,CE,Towers with Radar,72,11,53,0,136,0,5,118,2,125,72,16,171,2,261,122,0,122,383
05/22/2002,RFD,IL,AGL,CE,Towers with Radar,36,9,47,0,92,13,15,71,0,99,49,24,118,0,191,91,0,91,282
05/23/2002,RFD,IL,AGL,CE,Towers with Radar,35,9,46,2,92,24,3,50,3,80,59,12,96,5,172,58,18,76,248
05/24/2002,RFD,IL,AGL,CE,Towers with Radar,41,5,39,0,85,0,0,97,0,97,41,5,136,0,182,100,0,100,282
05/25/2002,RFD,IL,AGL,CE,Towers with Radar,10,3,49,0,62,0,1,40,0,41,10,4,89,0,103,30,0,30,133
05/26/2002,RFD,IL,AGL,CE,Towers with Radar,0,4,21,0,25,0,0,118,0,118,0,4,139,0,143,132,0,132,275
05/27/2002,RFD,IL,AGL,CE,Towers with Radar,0,5,31,0,36,0,0,85,0,85,0,5,116,0,121,64,0,64,185
05/28/2002,RFD,IL,AGL,CE,Towers with Radar,16,9,44,3,72,0,0,100,0,100,16,9,144,3,172,138,6,144,316
05/29/2002,RFD,IL,AGL,CE,Towers with Radar,37,7,50,2,96,14,0,53,6,73,51,7,103,8,169,60,0,60,229
05/30/2002,RFD,IL,AGL,CE,Towers with Radar,37,10,50,2,99,20,1,65,13,99,57,11,115,15,198,64,56,120,318
05/31/2002,RFD,IL,AGL,CE,Towers with Radar,34,5,45,0,84,5,0,103,0,108,39,5,148,0,192,96,0,96,288
06/01/2002,RFD,IL,AGL,CE,Towers with Radar,7,6,30,0,43,0,4,85,0,89,7,10,115,0,132,52,0,52,184
06/02/2002,RFD,IL,AGL,CE,Towers with Radar,0,7,30,0,37,0,2,80,0,82,0,9,110,0,119,42,0,42,161
06/03/2002,RFD,IL,AGL,CE,Towers with Radar,19,6,31,0,56,0,2,1,0,3,19,8,32,0,59,0,0,0,59
06/04/2002,RFD,IL,AGL,CE,Towers with Radar,51,9,28,0,88,0,0,12,0,12,51,9,40,0,100,4,0,4,104
06/05/2002,RFD,IL,AGL,CE,Towers with Radar,50,15,76,4,145,1,3,12,14,30,51,18,88,18,175,36,8,44,219
06/06/2002,RFD,IL,AGL,CE,Towers with Radar,43,12,63,2,120,4,2,131,2,139,47,14,194,4,259,188,0,188,447
06/07/2002,RFD,IL,AGL,CE,Towers with Radar,37,12,55,2,106,0,8,93,21,122,37,20,148,23,228,98,24,122,350
06/08/2002,RFD,IL,AGL,CE,Towers with Radar,6,2,27,0,35,0,6,104,0,110,6,8,131,0,145,72,0,72,217
06/09/2002,RFD,IL,AGL,CE,Towers with Radar,0,2,30,1,33,0,1,57,0,58,0,3,87,1,91,44,0,44,135
06/10/2002,RFD,IL,AGL,CE,Towers with Radar,29,8,40,1,78,0,0,65,0,65,29,8,105,1,143,58,0,58,201
06/11/2002,RFD,IL,AGL,CE,Towers with Radar,30,9,45,2,86,22,4,54,26,106,52,13,99,28,192,104,50,154,346
06/12/2002,RFD,IL,AGL,CE,Towers with Radar,50,30,69,3,152,0,1,53,1,55,50,31,122,4,207,42,22,64,271
06/13/2002,RFD,IL,AGL,CE,Towers with Radar,46,13,68,2,129,2,7,52,0,61,48,20,120,2,190,43,0,43,233
06/14/2002,RFD,IL,AGL,CE,Towers with Radar,37,8,55,2,102,1,0,42,0,43,38,8,97,2,145,57,4,61,206
06/15/2002,RFD,IL,AGL,CE,Towers with Radar,5,5,58,0,68,0,0,57,0,57,5,5,115,0,125,100,0,100,225
06/16/2002,RFD,IL,AGL,CE,Towers with Radar,1,4,34,0,39,0,0,82,0,82,1,4,116,0,121,70,0,70,191
06/17/2002,RFD,IL,AGL,CE,Towers with Radar,19,13,39,0,71,0,1,77,0,78,19,14,116,0,149,96,0,96,245
06/18/2002,RFD,IL,AGL,CE,Towers with Radar,42,13,66,4,125,12,2,99,5,118,54,15,165,9,243,134,18,152,395
06/19/2002,RFD,IL,AGL,CE,Towers with Radar,33,11,49,3,96,17,6,87,25,135,50,17,136,28,231,96,48,144,375
06/20/2002,RFD,IL,AGL,CE,Towers with Radar,36,7,55,3,101,15,0,76,6,97,51,7,131,9,198,93,18,111,309
06/21/2002,RFD,IL,AGL,CE,Towers with Radar,33,10,49,0,92,5,5,95,0,105,38,15,144,0,197,98,0,98,295
06/22/2002,RFD,IL,AGL,CE,Towers with Radar,7,5,64,0,76,0,0,70,0,70,7,5,134,0,146,46,0,46,192
06/23/2002,RFD,IL,AGL,CE,Towers with Radar,2,3,45,1,51,0,0,83,0,83,2,3,128,1,134,114,0,114,248
06/24/2002,RFD,IL,AGL,CE,Towers with Radar,14,11,51,3,79,0,3,97,2,102,14,14,148,5,181,158,0,158,339
06/25/2002,RFD,IL,AGL,CE,Towers with Radar,32,9,47,0,88,20,5,84,0,109,52,14,131,0,197,66,0,66,263
06/26/2002,RFD,IL,AGL,CE,Towers with Radar,36,10,54,0,100,20,4,64,0,88,56,14,118,0,188,115,0,115,303
06/27/2002,RFD,IL,AGL,CE,Towers with Radar,43,13,67,0,123,9,0,155,0,164,52,13,222,0,287,62,0,62,349
06/28/2002,RFD,IL,AGL,CE,Towers with Radar,35,10,52,0,97,3,4,139,0,146,38,14,191,0,243,108,0,108,351
06/29/2002,RFD,IL,AGL,CE,Towers with Radar,8,4,24,0,36,0,0,71,0,71,8,4,95,0,107,132,0,132,239
06/30/2002,RFD,IL,AGL,CE,Towers with Radar,0,6,30,0,36,0,4,67,0,71,0,10,97,0,107,46,0,46,153
07/01/2002,RFD,IL,AGL,CE,Towers with Radar,19,10,33,3,65,0,0,73,11,84,19,10,106,14,149,44,0,44,193
07/02/2002,RFD,IL,AGL,CE,Towers with Radar,54,6,36,0,96,3,0,88,0,91,57,6,124,0,187,64,0,64,251
07/03/2002,RFD,IL,AGL,CE,Towers with Radar,23,8,36,3,70,25,0,96,7,128,48,8,132,10,198,118,20,138,336
07/04/2002,RFD,IL,AGL,CE,Towers with Radar,29,3,18,0,50,2,0,61,0,63,31,3,79,0,113,38,0,38,151
07/05/2002,RFD,IL,AGL,CE,Towers with Radar,2,3,27,0,32,3,7,93,0,103,5,10,120,0,135,132,0,132,267
07/06/2002,RFD,IL,AGL,CE,Towers with Radar,3,5,17,0,25,0,2,64,0,66,3,7,81,0,91,100,0,100,191
07/07/2002,RFD,IL,AGL,CE,Towers with Radar,1,8,38,0,47,0,0,86,0,86,1,8,124,0,133,126,0,126,259
07/08/2002,RFD,IL,AGL,CE,Towers with Radar,15,11,35,0,61,0,9,75,0,84,15,20,110,0,145,82,0,82,227
07/09/2002,RFD,IL,AGL,CE,Towers with Radar,52,28,81,0,161,3,0,49,0,52,55,28,130,0,213,32,0,32,245
07/10/2002,RFD,IL,AGL,CE,Towers with Radar,54,19,40,0,113,3,1,44,0,48,57,20,84,0,161,36,0,36,197
07/11/2002,RFD,IL,AGL,CE,Towers with Radar,49,17,62,2,130,3,4,87,0,94,52,21,149,2,224,48,8,56,280
07/12/2002,RFD,IL,AGL,CE,Towers with Radar,33,15,51,3,102,3,0,86,3,92,36,15,137,6,194,57,10,67,261
07/13/2002,RFD,IL,AGL,CE,Towers with Radar,8,7,29,0,44,0,0,193,0,193,8,7,222,0,237,58,0,58,295
07/14/2002,RFD,IL,AGL,CE,Towers with Radar,0,10,32,0,42,0,5,72,0,77,0,15,104,0,119,28,0,28,147
07/15/2002,RFD,IL,AGL,CE,Towers with Radar,16,13,34,0,63,3,0,59,0,62,19,13,93,0,125,94,0,94,219
07/16/2002,RFD,IL,AGL,CE,Towers with Radar,44,7,75,0,126,3,0,97,0,100,47,7,172,0,226,90,0,90,316
07/17/2002,RFD,IL,AGL,CE,Towers with Radar,33,8,52,3,96,18,0,120,13,151,51,8,172,16,247,118,6,124,371
07/18/2002,RFD,IL,AGL,CE,Towers with Radar,50,9,53,5,117,3,5,86,5,99,53,14,139,10,216,50,14,64,280
07/19/2002,RFD,IL,AGL,CE,Towers with Radar,33,8,63,4,108,0,0,108,2,110,33,8,171,6,218,34,2,36,254
07/20/2002,RFD,IL,AGL,CE,Towers with Radar,3,4,51,1,59,4,6,141,0,151,7,10,192,1,210,46,0,46,256
07/21/2002,RFD,IL,AGL,CE,Towers with Radar,0,5,21,1,27,0,6,84,0,90,0,11,105,1,117,96,0,96,213
07/22/2002,RFD,IL,AGL,CE,Towers with Radar,14,12,47,0,73,0,14,70,0,84,14,26,117,0,157,62,0,62,219
07/23/2002,RFD,IL,AGL,CE,Towers with Radar,55,9,39,8,111,3,0,114,7,124,58,9,153,15,235,66,20,86,321
07/24/2002,RFD,IL,AGL,CE,Towers with Radar,36,15,55,4,110,10,2,92,14,118,46,17,147,18,228,95,16,111,339
07/25/2002,RFD,IL,AGL,CE,Towers with Radar,44,19,66,5,134,9,11,68,18,106,53,30,134,23,240,34,38,72,312
07/26/2002,RFD,IL,AGL,CE,Towers with Radar,35,11,70,5,121,0,0,81,7,88,35,11,151,12,209,54,0,54,263
07/27/2002,RFD,IL,AGL,CE,Towers with Radar,6,3,16,0,25,2,1,18,0,21,8,4,34,0,46,2,4,6,52
07/28/2002,RFD,IL,AGL,CE,Towers with Radar,2,13,52,0,67,0,0,53,0,53,2,13,105,0,120,32,0,32,152
07/29/2002,RFD,IL,AGL,CE,Towers with Radar,14,14,51,11,90,2,1,105,3,111,16,15,156,14,201,112,20,132,333
07/30/2002,RFD,IL,AGL,CE,Towers with Radar,47,14,51,3,115,0,2,47,1,50,47,16,98,4,165,72,4,76,241
07/31/2002,RFD,IL,AGL,CE,Towers with Radar,28,12,44,3,87,22,6,81,0,109,50,18,125,3,196,43,50,93,289
08/01/2002,RFD,IL,AGL,CE,Towers with Radar,42,13,67,2,124,8,6,100,0,114,50,19,167,2,238,98,2,100,338
08/02/2002,RFD,IL,AGL,CE,Towers with Radar,35,16,62,3,116,1,0,122,0,123,36,16,184,3,239,106,0,106,345
08/03/2002,RFD,IL,AGL,CE,Towers with Radar,6,3,39,0,48,1,5,86,2,94,7,8,125,2,142,122,0,122,264
08/04/2002,RFD,IL,AGL,CE,Towers with Radar,8,5,35,1,49,0,9,58,0,67,8,14,93,1,116,62,0,62,178
08/05/2002,RFD,IL,AGL,CE,Towers with Radar,16,9,50,2,77,0,8,49,14,71,16,17,99,16,148,98,10,108,256
08/06/2002,RFD,IL,AGL,CE,Towers with Radar,38,10,60,0,108,11,7,64,0,82,49,17,124,0,190,88,0,88,278
08/07/2002,RFD,IL,AGL,CE,Towers with Radar,32,5,50,2,89,17,0,109,11,137,49,5,159,13,226,114,20,134,360
08/08/2002,RFD,IL,AGL,CE,Towers with Radar,33,8,54,2,97,17,3,132,0,152,50,11,186,2,249,176,0,176,425
08/09/2002,RFD,IL,AGL,CE,Towers with Radar,32,8,52,2,94,1,0,77,6,84,33,8,129,8,178,196,0,196,374
08/10/2002,RFD,IL,AGL,CE,Towers with Radar,7,2,36,0,45,0,0,35,0,35,7,2,71,0,80,50,0,50,130
08/11/2002,RFD,IL,AGL,CE,Towers with Radar,0,6,47,1,54,0,0,61,1,62,0,6,108,2,116,68,0,68,184
08/12/2002,RFD,IL,AGL,CE,Towers with Radar,17,7,40,7,71,0,0,52,0,52,17,7,92,7,123,38,20,58,181
08/13/2002,RFD,IL,AGL,CE,Towers with Radar,28,7,41,0,76,27,0,9,0,36,55,7,50,0,112,8,0,8,120
08/14/2002,RFD,IL,AGL,CE,Towers with Radar,51,7,41,0,99,2,0,98,0,100,53,7,139,0,199,160,0,160,359
08/15/2002,RFD,IL,AGL,CE,Towers with Radar,47,12,48,6,113,0,1,58,0,59,47,13,106,6,172,48,18,66,238
08/16/2002,RFD,IL,AGL,CE,Towers with Radar,55,14,48,0,117,0,5,107,0,112,55,19,155,0,229,110,0,110,339
08/17/2002,RFD,IL,AGL,CE,Towers with Radar,6,4,24,0,34,0,7,26,0,33,6,11,50,0,67,60,0,60,127
08/18/2002,RFD,IL,AGL,CE,Towers with Radar,1,7,39,0,47,0,10,146,0,156,1,17,185,0,203,70,0,70,273
08/19/2002,RFD,IL,AGL,CE,Towers with Radar,15,6,47,0,68,0,0,63,0,63,15,6,110,0,131,130,0,130,261
08/20/2002,RFD,IL,AGL,CE,Towers with Radar,39,11,61,0,111,12,0,111,0,123,51,11,172,0,234,170,0,170,404
08/21/2002,RFD,IL,AGL,CE,Towers with Radar,37,10,58,1,106,17,2,34,3,56,54,12,92,4,162,38,42,80,242
08/22/2002,RFD,IL,AGL,CE,Towers with Radar,41,8,63,0,112,22,0,1,0,23,63,8,64,0,135,22,0,22,157
08/23/2002,RFD,IL,AGL,CE,Towers with Radar,38,5,42,2,87,0,1,29,2,32,38,6,71,4,119,36,10,46,165
08/24/2002,RFD,IL,AGL,CE,Towers with Radar,7,5,67,0,79,0,5,43,0,48,7,10,110,0,127,88,0,88,215
08/25/2002,RFD,IL,AGL,CE,Towers with Radar,0,5,33,1,39,0,5,48,0,53,0,10,81,1,92,84,0,84,176
08/26/2002,RFD,IL,AGL,CE,Towers with Radar,15,6,42,0,63,0,3,80,0,83,15,9,122,0,146,74,0,74,220
08/27/2002,RFD,IL,AGL,CE,Towers with Radar,50,3,49,12,114,0,5,73,12,90,50,8,122,24,204,120,46,166,370
08/28/2002,RFD,IL,AGL,CE,Towers with Radar,54,9,83,0,146,0,5,73,0,78,54,14,156,0,224,72,0,72,296
08/29/2002,RFD,IL,AGL,CE,Towers with Radar,43,11,66,1,121,13,5,75,0,93,56,16,141,1,214,62,0,62,276
08/30/2002,RFD,IL,AGL,CE,Towers with Radar,32,21,60,1,114,0,0,82,0,82,32,21,142,1,196,202,0,202,398
08/31/2002,RFD,IL,AGL,CE,Towers with Radar,10,0,52,0,62,0,4,41,0,45,10,4,93,0,107,0,94,94,201
09/01/2002,RFD,IL,AGL,CE,Towers with Radar,0,2,24,0,26,0,0,76,0,76,0,2,100,0,102,42,0,42,144
09/02/2002,RFD,IL,AGL,CE,Towers with Radar,0,3,29,1,33,0,0,18,0,18,0,3,47,1,51,4,0,4,55
09/03/2002,RFD,IL,AGL,CE,Towers with Radar,19,6,46,1,72,0,0,82,0,82,19,6,128,1,154,134,1,135,289
09/04/2002,RFD,IL,AGL,CE,Towers with Radar,32,9,55,2,98,22,0,61,0,83,54,9,116,2,181,62,0,62,243
09/05/2002,RFD,IL,AGL,CE,Towers with Radar,34,12,59,2,107,22,2,98,9,131,56,14,157,11,238,78,12,90,328
09/06/2002,RFD,IL,AGL,CE,Towers with Radar,0,0,0,0,0,40,10,131,7,188,40,10,131,7,188,56,12,68,256
09/07/2002,RFD,IL,AGL,CE,Towers with Radar,11,3,47,0,61,0,0,55,0,55,11,3,102,0,116,84,0,84,200
09/08/2002,RFD,IL,AGL,CE,Towers with Radar,4,6,28,1,39,0,7,95,4,106,4,13,123,5,145,68,0,68,213
09/09/2002,RFD,IL,AGL,CE,Towers with Radar,17,6,31,0,54,0,4,67,0,71,17,10,98,0,125,96,0,96,221
09/10/2002,RFD,IL,AGL,CE,Towers with Radar,35,10,61,2,108,14,0,36,0,50,49,10,97,2,158,56,0,56,214
09/11/2002,RFD,IL,AGL,CE,Towers with Radar,38,13,65,0,116,18,20,49,0,87,56,33,114,0,203,72,0,72,275
09/12/2002,RFD,IL,AGL,CE,Towers with Radar,34,12,60,0,106,23,2,79,0,104,57,14,139,0,210,76,2,78,288
09/13/2002,RFD,IL,AGL,CE,Towers with Radar,32,11,56,0,99,7,4,88,0,99,39,15,144,0,198,66,0,66,264
09/14/2002,RFD,IL,AGL,CE,Towers with Radar,7,4,29,0,40,0,0,49,0,49,7,4,78,0,89,30,0,30,119
09/15/2002,RFD,IL,AGL,CE,Towers with Radar,0,9,45,2,56,0,1,31,0,32,0,10,76,2,88,46,0,46,134
09/16/2002,RFD,IL,AGL,CE,Towers with Radar,18,8,44,0,70,0,0,108,0,108,18,8,152,0,178,94,0,94,272
09/17/2002,RFD,IL,AGL,CE,Towers with Radar,33,11,57,0,101,23,5,85,0,113,56,16,142,0,214,52,0,52,266
09/18/2002,RFD,IL,AGL,CE,Towers with Radar,37,8,65,0,110,13,0,43,0,56,50,8,108,0,166,64,0,64,230
09/19/2002,RFD,IL,AGL,CE,Towers with Radar,33,10,57,0,100,15,0,26,0,41,48,10,83,0,141,26,0,26,167
09/20/2002,RFD,IL,AGL,CE,Towers with Radar,38,13,67,1,119,1,1,43,11,56,39,14,110,12,175,66,2,68,243
09/21/2002,RFD,IL,AGL,CE,Towers with Radar,7,4,58,0,69,0,3,111,0,114,7,7,169,0,183,74,0,74,257
09/22/2002,RFD,IL,AGL,CE,Towers with Radar,0,8,41,0,49,0,0,67,2,69,0,8,108,2,118,56,0,56,174
09/23/2002,RFD,IL,AGL,CE,Towers with Radar,17,10,51,0,78,0,2,90,0,92,17,12,141,0,170,44,0,44,214
09/24/2002,RFD,IL,AGL,CE,Towers with Radar,52,6,70,0,128,0,0,64,0,64,52,6,134,0,192,36,0,36,228
09/25/2002,RFD,IL,AGL,CE,Towers with Radar,35,12,60,1,108,15,3,49,1,68,50,15,109,2,176,146,0,146,322
09/26/2002,RFD,IL,AGL,CE,Towers with Radar,53,18,50,0,121,1,1,123,0,125,54,19,173,0,246,158,0,158,404
09/27/2002,RFD,IL,AGL,CE,Towers with Radar,40,13,74,0,127,0,0,67,0,67,40,13,141,0,194,28,0,28,222
09/28/2002,RFD,IL,AGL,CE,Towers with Radar,11,10,52,0,73,0,4,71,0,75,11,14,123,0,148,66,0,66,214
09/29/2002,RFD,IL,AGL,CE,Towers with Radar,0,8,55,0,63,0,0,17,0,17,0,8,72,0,80,18,0,18,98
09/30/2002,RFD,IL,AGL,CE,Towers with Radar,20,7,39,0,66,0,13,89,0,102,20,20,128,0,168,58,0,58,226
10/01/2002,RFD,IL,AGL,CE,Towers with Radar,50,18,48,4,120,4,0,48,5,57,54,18,96,9,177,48,10,58,235
10/02/2002,RFD,IL,AGL,CE,Towers with Radar,53,16,60,8,137,3,1,30,6,40,56,17,90,14,177,0,0,0,177
10/03/2002,RFD,IL,AGL,CE,Towers with Radar,50,15,83,0,148,0,10,56,0,66,50,25,139,0,214,44,0,44,258
10/04/2002,RFD,IL,AGL,CE,Towers with Radar,36,5,31,0,72,3,0,15,0,18,39,5,46,0,90,0,0,0,90
10/05/2002,RFD,IL,AGL,CE,Towers with Radar,4,3,38,0,45,3,2,107,0,112,7,5,145,0,157,50,0,50,207
10/06/2002,RFD,IL,AGL,CE,Towers with Radar,1,5,27,0,33,0,9,42,0,51,1,14,69,0,84,0,0,0,84
10/07/2002,RFD,IL,AGL,CE,Towers with Radar,15,8,42,0,65,0,0,91,0,91,15,8,133,0,156,130,0,130,286
10/08/2002,RFD,IL,AGL,CE,Towers with Radar,32,9,51,4,96,20,2,98,2,122,52,11,149,6,218,102,14,116,334
10/09/2002,RFD,IL,AGL,CE,Towers with Radar,46,10,73,5,134,1,0,111,20,132,47,10,184,25,266,98,48,146,412
10/10/2002,RFD,IL,AGL,CE,Towers with Radar,49,13,76,0,138,14,1,34,0,49,63,14,110,0,187,90,0,90,277
10/11/2002,RFD,IL,AGL,CE,Towers with Radar,34,9,55,0,98,0,1,74,0,75,34,10,129,0,173,26,0,26,199
10/12/2002,RFD,IL,AGL,CE,Towers with Radar,7,5,33,0,45,0,2,35,0,37,7,7,68,0,82,48,0,48,130
10/13/2002,RFD,IL,AGL,CE,Towers with Radar,0,5,32,0,37,0,4,93,0,97,0,9,125,0,134,36,0,36,170
10/14/2002,RFD,IL,AGL,CE,Towers with Radar,14,3,38,0,55,2,5,76,0,83,16,8,114,0,138,74,0,74,212
10/15/2002,RFD,IL,AGL,CE,Towers with Radar,55,5,43,3,106,2,2,73,1,78,57,7,116,4,184,100,0,100,284
10/16/2002,RFD,IL,AGL,CE,Towers with Radar,44,10,69,5,128,7,0,114,12,133,51,10,183,17,261,222,40,262,523
10/17/2002,RFD,IL,AGL,CE,Towers with Radar,47,15,26,8,96,2,0,18,5,25,49,15,44,13,121,0,4,4,125
10/18/2002,RFD,IL,AGL,CE,Towers with Radar,30,8,48,0,86,10,15,19,0,44,40,23,67,0,130,4,0,4,134
10/19/2002,RFD,IL,AGL,CE,Towers with Radar,10,4,33,0,47,0,0,72,0,72,10,4,105,0,119,96,0,96,215
10/20/2002,RFD,IL,AGL,CE,Towers with Radar,0,6,38,1,45,0,4,118,0,122,0,10,156,1,167,98,0,98,265
10/21/2002,RFD,IL,AGL,CE,Towers with Radar,16,13,57,12,98,2,2,61,5,70,18,15,118,17,168,80,30,110,278
10/22/2002,RFD,IL,AGL,CE,Towers with Radar,38,9,60,4,111,16,0,38,22,76,54,9,98,26,187,66,44,110,297
10/23/2002,RFD,IL,AGL,CE,Towers with Radar,45,7,64,0,116,2,1,39,0,42,47,8,103,0,158,40,0,40,198
10/24/2002,RFD,IL,AGL,CE,Towers with Radar,52,8,47,0,107,2,5,15,0,22,54,13,62,0,129,8,0,8,137
10/25/2002,RFD,IL,AGL,CE,Towers with Radar,35,7,86,0,128,2,63,38,0,103,37,70,124,0,231,44,0,44,275
10/26/2002,RFD,IL,AGL,CE,Towers with Radar,7,2,76,0,85,2,17,44,0,63,9,19,120,0,148,82,0,82,230
10/27/2002,RFD,IL,AGL,CE,Towers with Radar,0,6,40,0,46,0,2,134,0,136,0,8,174,0,182,94,0,94,276
10/28/2002,RFD,IL,AGL,CE,Towers with Radar,16,6,41,2,65,0,3,48,15,66,16,9,89,17,131,32,28,60,191
10/29/2002,RFD,IL,AGL,CE,Towers with Radar,35,9,56,3,103,21,24,88,4,137,56,33,144,7,240,91,10,101,341
10/30/2002,RFD,IL,AGL,CE,Towers with Radar,53,7,91,0,151,2,4,109,0,115,55,11,200,0,266,190,0,190,456
10/31/2002,RFD,IL,AGL,CE,Towers with Radar,50,2,40,0,92,2,0,89,0,91,52,2,129,0,183,80,0,80,263
11/01/2002,RFD,IL,AGL,CE,Towers with Radar,22,4,41,0,67,15,8,38,0,61,37,12,79,0,128,10,0,10,138
11/02/2002,RFD,IL,AGL,CE,Towers with Radar,4,0,62,0,66,3,0,63,0,66,7,0,125,0,132,72,0,72,204
11/03/2002,RFD,IL,AGL,CE,Towers with Radar,0,4,40,0,44,0,7,141,2,150,0,11,181,2,194,98,0,98,292
11/04/2002,RFD,IL,AGL,CE,Towers with Radar,15,4,50,1,70,0,14,67,1,82,15,18,117,2,152,36,0,36,188
11/05/2002,RFD,IL,AGL,CE,Towers with Radar,48,3,38,14,103,3,1,3,0,7,51,4,41,14,110,0,30,30,140
11/06/2002,RFD,IL,AGL,CE,Towers with Radar,55,14,93,0,162,7,4,39,0,50,62,18,132,0,212,96,0,96,308
11/07/2002,RFD,IL,AGL,CE,Towers with Radar,36,6,66,0,108,17,9,59,0,85,53,15,125,0,193,80,0,80,273
11/08/2002,RFD,IL,AGL,CE,Towers with Radar,36,14,34,0,84,3,1,54,0,58,39,15,88,0,142,76,0,76,218
11/09/2002,RFD,IL,AGL,CE,Towers with Radar,12,1,32,0,45,0,0,30,0,30,12,1,62,0,75,46,0,46,121
11/10/2002,RFD,IL,AGL,CE,Towers with Radar,0,0,61,0,61,0,0,76,0,76,0,0,137,0,137,24,0,24,161
11/11/2002,RFD,IL,AGL,CE,Towers with Radar,18,3,31,0,52,0,1,0,0,1,18,4,31,0,53,2,0,2,55
11/12/2002,RFD,IL,AGL,CE,Towers with Radar,47,3,63,0,113,3,7,78,0,88,50,10,141,0,201,116,0,116,317
11/13/2002,RFD,IL,AGL,CE,Towers with Radar,53,5,83,6,147,3,6,106,6,121,56,11,189,12,268,56,4,60,328
11/14/2002,RFD,IL,AGL,CE,Towers with Radar,37,6,66,3,112,13,5,38,14,70,50,11,104,17,182,34,34,68,250
11/15/2002,RFD,IL,AGL,CE,Towers with Radar,34,15,46,0,95,3,1,78,0,82,37,16,124,0,177,106,0,106,283
11/16/2002,RFD,IL,AGL,CE,Towers with Radar,5,2,57,0,64,3,0,45,0,48,8,2,102,0,112,68,0,68,180
11/17/2002,RFD,IL,AGL,CE,Towers with Radar,0,5,38,1,44,0,7,81,0,88,0,12,119,1,132,60,0,60,192
11/18/2002,RFD,IL,AGL,CE,Towers with Radar,15,8,58,0,81,3,0,50,0,53,18,8,108,0,134,90,0,90,224
11/19/2002,RFD,IL,AGL,CE,Towers with Radar,48,8,37,7,100,3,0,83,4,90,51,8,120,11,190,68,10,78,268
11/20/2002,RFD,IL,AGL,CE,Towers with Radar,47,10,67,3,127,3,6,52,3,64,50,16,119,6,191,56,6,62,253
11/21/2002,RFD,IL,AGL,CE,Towers with Radar,48,10,55,3,116,3,0,21,2,26,51,10,76,5,142,2,16,18,160
11/22/2002,RFD,IL,AGL,CE,Towers with Radar,30,6,54,0,90,10,1,81,0,92,40,7,135,0,182,62,0,62,244
11/23/2002,RFD,IL,AGL,CE,Towers with Radar,8,4,35,1,48,0,4,112,0,116,8,8,147,1,164,88,0,88,252
11/24/2002,RFD,IL,AGL,CE,Towers with Radar,0,3,30,0,33,0,2,43,0,45,0,5,73,0,78,62,0,62,140
11/25/2002,RFD,IL,AGL,CE,Towers with Radar,22,2,46,0,70,0,0,74,0,74,22,2,120,0,144,68,0,68,212
11/26/2002,RFD,IL,AGL,CE,Towers with Radar,43,8,77,2,130,27,2,88,0,117,70,10,165,2,247,206,2,208,455
11/27/2002,RFD,IL,AGL,CE,Towers with Radar,32,7,58,0,97,23,2,64,0,89,55,9,122,0,186,112,0,112,298
11/28/2002,RFD,IL,AGL,CE,Towers with Radar,21,1,10,0,32,3,1,21,0,25,24,2,31,0,57,24,0,24,81
11/29/2002,RFD,IL,AGL,CE,Towers with Radar,2,4,37,0,43,0,0,27,0,27,2,4,64,0,70,32,0,32,102
11/30/2002,RFD,IL,AGL,CE,Towers with Radar,1,1,14,0,16,0,0,0,0,0,1,1,14,0,16,6,0,6,22
12/01/2002,RFD,IL,AGL,CE,Towers with Radar,3,5,59,0,67,0,0,30,0,30,3,5,89,0,97,62,0,62,159
12/02/2002,RFD,IL,AGL,CE,Towers with Radar,22,8,47,0,77,0,14,25,0,39,22,22,72,0,116,28,0,28,144
12/03/2002,RFD,IL,AGL,CE,Towers with Radar,64,15,96,0,175,2,13,54,0,69,66,28,150,0,244,122,0,122,366
12/04/2002,RFD,IL,AGL,CE,Towers with Radar,41,10,62,3,116,28,2,103,3,136,69,12,165,6,252,92,26,118,370
12/05/2002,RFD,IL,AGL,CE,Towers with Radar,47,11,72,4,134,16,0,26,28,70,63,11,98,32,204,24,54,78,282
12/06/2002,RFD,IL,AGL,CE,Towers with Radar,41,3,43,0,87,2,0,67,0,69,43,3,110,0,156,166,0,166,322
12/07/2002,RFD,IL,AGL,CE,Towers with Radar,7,5,67,0,79,1,5,79,0,85,8,10,146,0,164,104,0,104,268
12/08/2002,RFD,IL,AGL,CE,Towers with Radar,1,6,40,0,47,0,9,118,0,127,1,15,158,0,174,134,0,134,308
12/09/2002,RFD,IL,AGL,CE,Towers with Radar,15,7,46,2,70,0,8,80,12,100,15,15,126,14,170,88,22,110,280
12/10/2002,RFD,IL,AGL,CE,Towers with Radar,45,12,68,0,125,27,9,62,0,98,72,21,130,0,223,104,0,104,327
12/11/2002,RFD,IL,AGL,CE,Towers with Radar,48,12,72,4,136,20,4,70,24,118,68,16,142,28,254,102,54,156,410
12/12/2002,RFD,IL,AGL,CE,Towers with Radar,61,13,65,0,139,1,7,27,0,35,62,20,92,0,174,74,0,74,248
12/13/2002,RFD,IL,AGL,CE,Towers with Radar,38,5,37,0,80,4,2,21,0,27,42,7,58,0,107,0,0,0,107
12/14/2002,RFD,IL,AGL,CE,Towers with Radar,10,2,44,0,56,0,0,52,0,52,10,2,96,0,108,30,0,30,138
12/15/2002,RFD,IL,AGL,CE,Towers with Radar,0,6,37,0,43,0,14,104,0,118,0,20,141,0,161,20,0,20,181
12/16/2002,RFD,IL,AGL,CE,Towers with Radar,28,7,47,2,84,0,15,53,10,78,28,22,100,12,162,60,18,78,240
12/17/2002,RFD,IL,AGL,CE,Towers with Radar,37,10,34,0,81,41,1,0,0,42,78,11,34,0,123,18,0,18,141
12/18/2002,RFD,IL,AGL,CE,Towers with Radar,69,21,21,2,113,2,0,1,0,3,71,21,22,2,116,0,0,0,116
12/19/2002,RFD,IL,AGL,CE,Towers with Radar,65,8,69,2,144,2,4,25,0,31,67,12,94,2,175,54,14,68,243
12/20/2002,RFD,IL,AGL,CE,Towers with Radar,37,10,48,0,95,6,13,0,0,19,43,23,48,0,114,0,0,0,114
12/21/2002,RFD,IL,AGL,CE,Towers with Radar,15,6,32,0,53,0,1,53,0,54,15,7,85,0,107,38,0,38,145
12/22/2002,RFD,IL,AGL,CE,Towers with Radar,0,4,26,0,30,0,9,7,0,16,0,13,33,0,46,18,0,18,64
12/23/2002,RFD,IL,AGL,CE,Towers with Radar,23,17,37,0,77,2,0,64,0,66,25,17,101,0,143,30,0,30,173
12/24/2002,RFD,IL,AGL,CE,Towers with Radar,21,6,33,0,60,27,2,60,0,89,48,8,93,0,149,66,0,66,215
12/25/2002,RFD,IL,AGL,CE,Towers with Radar,0,1,7,0,8,0,0,0,0,0,0,1,7,0,8,2,0,2,10
12/26/2002,RFD,IL,AGL,CE,Towers with Radar,16,2,28,0,46,2,6,77,0,85,18,8,105,0,131,104,0,104,235
12/27/2002,RFD,IL,AGL,CE,Towers with Radar,35,8,53,0,96,1,0,67,0,68,36,8,120,0,164,34,0,34,198
12/28/2002,RFD,IL,AGL,CE,Towers with Radar,9,5,32,0,46,0,2,16,0,18,9,7,48,0,64,26,0,26,90
12/29/2002,RFD,IL,AGL,CE,Towers with Radar,0,7,41,0,48,0,4,52,0,56,0,11,93,0,104,18,0,18,122
12/30/2002,RFD,IL,AGL,CE,Towers with Radar,14,4,27,28,73,2,0,15,3,20,16,4,42,31,93,46,48,94,187
12/31/2002,RFD,IL,AGL,CE,Towers with Radar,38,6,65,0,109,2,8,63,0,73,40,14,128,0,182,110,0,110,292
01/01/2003,RFD,IL,AGL,CE,Towers with Radar,0,1,14,0,15,0,1,15,0,16,0,2,29,0,31,12,0,12,43
01/02/2003,RFD,IL,AGL,CE,Towers with Radar,16,7,29,0,52,0,3,34,0,37,16,10,63,0,89,24,0,24,113
01/03/2003,RFD,IL,AGL,CE,Towers with Radar,36,9,51,1,97,7,7,83,18,115,43,16,134,19,212,80,12,92,304
01/04/2003,RFD,IL,AGL,CE,Towers with Radar,6,0,43,0,49,1,8,61,0,70,7,8,104,0,119,42,0,42,161
01/05/2003,RFD,IL,AGL,CE,Towers with Radar,0,3,21,0,24,0,1,3,0,4,0,4,24,0,28,0,0,0,28
01/06/2003,RFD,IL,AGL,CE,Towers with Radar,15,5,44,1,65,0,0,56,14,70,15,5,100,15,135,50,22,72,207
01/07/2003,RFD,IL,AGL,CE,Towers with Radar,39,10,55,1,105,14,12,33,8,67,53,22,88,9,172,50,10,60,232
01/08/2003,RFD,IL,AGL,CE,Towers with Radar,47,11,54,0,112,1,3,82,0,86,48,14,136,0,198,102,0,102,300
01/09/2003,RFD,IL,AGL,CE,Towers with Radar,34,8,48,0,90,20,10,0,0,30,54,18,48,0,120,14,0,14,134
01/10/2003,RFD,IL,AGL,CE,Towers with Radar,34,11,37,3,85,1,0,28,1,30,35,11,65,4,115,26,8,34,149
01/11/2003,RFD,IL,AGL,CE,Towers with Radar,7,0,30,0,37,0,0,50,0,50,7,0,80,0,87,100,0,100,187
01/12/2003,RFD,IL,AGL,CE,Towers with Radar,0,0,30,0,30,0,0,65,0,65,0,0,95,0,95,44,0,44,139
01/13/2003,RFD,IL,AGL,CE,Towers with Radar,16,8,45,0,69,0,4,49,0,53,16,12,94,0,122,106,0,106,228
01/14/2003,RFD,IL,AGL,CE,Towers with Radar,33,9,46,2,90,27,0,77,27,131,60,9,123,29,221,58,6,64,285
01/15/2003,RFD,IL,AGL,CE,Towers with Radar,41,10,56,2,109,12,2,43,2,59,53,12,99,4,168,86,0,86,254
01/16/2003,RFD,IL,AGL,CE,Towers with Radar,36,5,51,2,94,18,0,61,1,80,54,5,112,3,174,68,0,68,242
01/17/2003,RFD,IL,AGL,CE,Towers with Radar,33,8,46,0,87,7,6,94,0,107,40,14,140,0,194,104,0,104,298
01/18/2003,RFD,IL,AGL,CE,Towers with Radar,8,1,32,0,41,1,8,24,0,33,9,9,56,0,74,86,0,86,160
01/19/2003,RFD,IL,AGL,CE,Towers with Radar,0,5,28,0,33,0,3,71,0,74,0,8,99,0,107,22,0,22,129
01/20/2003,RFD,IL,AGL,CE,Towers with Radar,21,8,48,0,77,0,9,67,0,76,21,17,115,0,153,90,0,90,243
01/21/2003,RFD,IL,AGL,CE,Towers with Radar,45,11,67,0,123,0,1,56,0,57,45,12,123,0,180,126,0,126,306
01/22/2003,RFD,IL,AGL,CE,Towers with Radar,39,10,54,0,103,16,2,43,0,61,55,12,97,0,164,68,0,68,232
01/23/2003,RFD,IL,AGL,CE,Towers with Radar,54,7,16,0,77,1,2,23,0,26,55,9,39,0,103,18,0,18,121
01/24/2003,RFD,IL,AGL,CE,Towers with Radar,34,9,55,0,98,0,0,73,0,73,34,9,128,0,171,134,0,134,305
01/25/2003,RFD,IL,AGL,CE,Towers with Radar,7,3,45,2,57,1,0,22,0,23,8,3,67,2,80,46,10,56,136
01/26/2003,RFD,IL,AGL,CE,Towers with Radar,0,6,36,0,42,0,0,32,0,32,0,6,68,0,74,68,0,68,142
01/27/2003,RFD,IL,AGL,CE,Towers with Radar,6,1,11,0,18,19,8,48,5,80,25,9,59,5,98,30,6,36,134
01/28/2003,RFD,IL,AGL,CE,Towers with Radar,58,8,25,0,91,2,0,3,0,5,60,8,28,0,96,0,0,0,96
01/29/2003,RFD,IL,AGL,CE,Towers with Radar,52,20,43,0,115,1,1,66,0,68,53,21,109,0,183,140,0,140,323
01/30/2003,RFD,IL,AGL,CE,Towers with Radar,49,11,72,0,132,1,4,45,0,50,50,15,117,0,182,26,0,26,208
01/31/2003,RFD,IL,AGL,CE,Towers with Radar,33,7,27,0,67,1,2,3,0,6,34,9,30,0,73,0,0,0,73
02/01/2003,RFD,IL,AGL,CE,Towers with Radar,7,6,15,0,28,1,0,2,0,3,8,6,17,0,31,4,0,4,35
02/02/2003,RFD,IL,AGL,CE,Towers with Radar,0,3,20,0,23,0,0,0,0,0,0,3,20,0,23,0,0,0,23
02/03/2003,RFD,IL,AGL,CE,Towers with Radar,15,1,16,0,32,1,0,0,0,1,16,1,16,0,33,0,0,0,33
02/04/2003,RFD,IL,AGL,CE,Towers with Radar,53,12,31,0,96,1,6,23,0,30,54,18,54,0,126,38,0,38,164
02/05/2003,RFD,IL,AGL,CE,Towers with Radar,43,9,60,3,115,6,0,101,15,122,49,9,161,18,237,170,36,206,443
02/06/2003,RFD,IL,AGL,CE,Towers with Radar,37,9,51,2,99,13,13,67,4,97,50,22,118,6,196,122,12,134,330
02/07/2003,RFD,IL,AGL,CE,Towers with Radar,32,7,44,0,83,4,4,73,0,81,36,11,117,0,164,38,0,38,202
02/08/2003,RFD,IL,AGL,CE,Towers with Radar,7,1,28,0,36,0,0,0,0,0,7,1,28,0,36,0,0,0,36
02/09/2003,RFD,IL,AGL,CE,Towers with Radar,0,1,61,0,62,0,3,28,0,31,0,4,89,0,93,54,0,54,147
02/10/2003,RFD,IL,AGL,CE,Towers with Radar,17,10,34,0,61,0,4,33,0,37,17,14,67,0,98,36,0,36,134
02/11/2003,RFD,IL,AGL,CE,Towers with Radar,56,6,43,0,105,0,1,4,0,5,56,7,47,0,110,2,0,2,112
02/12/2003,RFD,IL,AGL,CE,Towers with Radar,55,10,38,0,103,0,0,52,0,52,55,10,90,0,155,72,0,72,227
02/13/2003,RFD,IL,AGL,CE,Towers with Radar,48,10,65,3,126,10,5,70,0,85,58,15,135,3,211,228,0,228,439
02/14/2003,RFD,IL,AGL,CE,Towers with Radar,28,1,37,0,66,7,0,45,0,52,35,1,82,0,118,182,0,182,300
02/15/2003,RFD,IL,AGL,CE,Towers with Radar,7,2,21,0,30,0,5,22,0,27,7,7,43,0,57,58,0,58,115
02/16/2003,RFD,IL,AGL,CE,Towers with Radar,0,2,41,0,43,0,10,37,0,47,0,12,78,0,90,52,0,52,142
02/17/2003,RFD,IL,AGL,CE,Towers with Radar,17,4,49,0,70,1,2,25,0,28,18,6,74,0,98,22,0,22,120
02/18/2003,RFD,IL,AGL,CE,Towers with Radar,47,8,54,3,112,3,6,0,2,11,50,14,54,5,123,28,0,28,151
02/19/2003,RFD,IL,AGL,CE,Towers with Radar,51,5,57,0,113,0,4,88,0,92,51,9,145,0,205,78,0,78,283
02/20/2003,RFD,IL,AGL,CE,Towers with Radar,39,8,54,2,103,20,12,83,1,116,59,20,137,3,219,66,10,76,295
02/21/2003,RFD,IL,AGL,CE,Towers with Radar,28,5,39,0,72,11,3,116,0,130,39,8,155,0,202,140,0,140,342
02/22/2003,RFD,IL,AGL,CE,Towers with Radar,10,1,20,0,31,0,0,2,0,2,10,1,22,0,33,0,0,0,33
02/23/2003,RFD,IL,AGL,CE,Towers with Radar,1,5,35,0,41,0,1,67,0,68,1,6,102,0,109,64,0,64,173
02/24/2003,RFD,IL,AGL,CE,Towers with Radar,12,6,47,2,67,0,3,21,10,34,12,9,68,12,101,24,65,89,190
02/25/2003,RFD,IL,AGL,CE,Towers with Radar,51,4,41,0,96,0,2,90,0,92,51,6,131,0,188,139,0,139,327
02/26/2003,RFD,IL,AGL,CE,Towers with Radar,50,3,64,0,117,0,0,67,0,67,50,3,131,0,184,132,0,132,316
02/27/2003,RFD,IL,AGL,CE,Towers with Radar,47,5,64,2,118,6,0,74,4,84,53,5,138,6,202,112,0,112,314
02/28/2003,RFD,IL,AGL,CE,Towers with Radar,37,7,51,1,96,2,12,52,12,78,39,19,103,13,174,76,52,128,302
03/01/2003,RFD,IL,AGL,CE,Towers with Radar,7,5,32,0,44,0,2,47,0,49,7,7,79,0,93,34,0,34,127
03/02/2003,RFD,IL,AGL,CE,Towers with Radar,2,5,37,0,44,0,1,25,0,26,2,6,62,0,70,84,0,84,154
03/03/2003,RFD,IL,AGL,CE,Towers with Radar,20,5,36,0,61,8,15,0,3,26,28,20,36,3,87,98,0,98,185
03/04/2003,RFD,IL,AGL,CE,Towers with Radar,21,7,31,0,59,38,16,0,0,54,59,23,31,0,113,14,0,14,127
03/05/2003,RFD,IL,AGL,CE,Towers with Radar,54,8,45,0,107,3,0,48,0,51,57,8,93,0,158,132,0,132,290
03/06/2003,RFD,IL,AGL,CE,Towers with Radar,45,9,65,7,126,3,4,74,4,85,48,13,139,11,211,42,22,64,275
03/07/2003,RFD,IL,AGL,CE,Towers with Radar,42,4,15,0,61,3,8,5,0,16,45,12,20,0,77,6,0,6,83
03/08/2003,RFD,IL,AGL,CE,Towers with Radar,8,3,26,0,37,0,3,8,0,11,8,6,34,0,48,4,0,4,52
03/09/2003,RFD,IL,AGL,CE,Towers with Radar,0,5,46,0,51,0,1,42,0,43,0,6,88,0,94,28,0,28,122
03/10/2003,RFD,IL,AGL,CE,Towers with Radar,14,5,64,0,83,3,8,64,0,75,17,13,128,0,158,104,0,104,262
03/11/2003,RFD,IL,AGL,CE,Towers with Radar,49,8,47,15,119,3,10,42,2,57,52,18,89,17,176,110,22,132,308
03/12/2003,RFD,IL,AGL,CE,Towers with Radar,53,5,47,0,105,3,11,63,0,77,56,16,110,0,182,146,0,146,328
03/13/2003,RFD,IL,AGL,CE,Towers with Radar,50,5,53,0,108,3,0,73,17,93,53,5,126,17,201,88,24,112,313
03/14/2003,RFD,IL,AGL,CE,Towers with Radar,36,4,97,0,137,2,4,105,10,121,38,8,202,10,258,204,32,236,494
03/15/2003,RFD,IL,AGL,CE,Towers with Radar,7,7,58,0,72,0,0,120,0,120,7,7,178,0,192,88,0,88,280
03/16/2003,RFD,IL,AGL,CE,Towers with Radar,0,2,103,0,105,0,0,35,0,35,0,2,138,0,140,142,0,142,282
03/17/2003,RFD,IL,AGL,CE,Towers with Radar,15,6,52,0,73,0,9,109,0,118,15,15,161,0,191,116,0,116,307
03/18/2003,RFD,IL,AGL,CE,Towers with Radar,56,8,40,0,104,2,1,8,0,11,58,9,48,0,115,38,0,38,153
03/19/2003,RFD,IL,AGL,CE,Towers with Radar,56,6,52,0,114,2,0,14,0,16,58,6,66,0,130,24,0,24,154
03/20/2003,RFD,IL,AGL,CE,Towers with Radar,51,29,51,0,131,2,1,14,0,17,53,30,65,0,148,16,0,16,164
03/21/2003,RFD,IL,AGL,CE,Towers with Radar,31,6,53,0,90,9,14,58,0,81,40,20,111,0,171,144,0,144,315
03/22/2003,RFD,IL,AGL,CE,Towers with Radar,8,7,62,0,77,0,0,125,0,125,8,7,187,0,202,272,0,272,474
03/23/2003,RFD,IL,AGL,CE,Towers with Radar,0,1,73,0,74,0,2,78,0,80,0,3,151,0,154,66,0,66,220
03/24/2003,RFD,IL,AGL,CE,Towers with Radar,15,3,38,9,65,2,1,51,12,66,17,4,89,21,131,104,66,170,301
03/25/2003,RFD,IL,AGL,CE,Towers with Radar,47,10,40,0,97,2,0,44,0,46,49,10,84,0,143,66,0,66,209
03/26/2003,RFD,IL,AGL,CE,Towers with Radar,46,7,52,0,105,2,1,60,0,63,48,8,112,0,168,80,0,80,248
03/27/2003,RFD,IL,AGL,CE,Towers with Radar,37,7,65,1,110,16,0,113,6,135,53,7,178,7,245,62,22,84,329
03/28/2003,RFD,IL,AGL,CE,Towers with Radar,20,4,32,0,56,18,1,0,0,19,38,5,32,0,75,16,0,16,91
03/29/2003,RFD,IL,AGL,CE,Towers with Radar,8,9,19,0,36,2,12,46,0,60,10,21,65,0,96,82,0,82,178
03/30/2003,RFD,IL,AGL,CE,Towers with Radar,0,0,53,0,53,0,0,69,0,69,0,0,122,0,122,128,0,128,250
03/31/2003,RFD,IL,AGL,CE,Towers with Radar,15,3,30,0,48,2,1,44,0,47,17,4,74,0,95,46,0,46,141
04/01/2003,RFD,IL,AGL,CE,Towers with Radar,48,6,45,1,100,0,6,73,1,80,48,12,118,2,180,178,0,178,358
04/02/2003,RFD,IL,AGL,CE,Towers with Radar,59,7,39,1,106,6,2,73,2,83,65,9,112,3,189,36,44,80,269
04/03/2003,RFD,IL,AGL,CE,Towers with Radar,62,9,39,2,112,0,0,27,1,28,62,9,66,3,140,48,0,48,188
04/04/2003,RFD,IL,AGL,CE,Towers with Radar,30,4,18,0,52,11,4,0,0,15,41,8,18,0,67,0,0,0,67
04/05/2003,RFD,IL,AGL,CE,Towers with Radar,10,3,59,7,79,0,8,60,3,71,10,11,119,10,150,58,4,62,212
04/06/2003,RFD,IL,AGL,CE,Towers with Radar,1,4,42,1,48,0,9,47,0,56,1,13,89,1,104,124,0,124,228
04/07/2003,RFD,IL,AGL,CE,Towers with Radar,14,4,18,0,36,0,7,0,0,7,14,11,18,0,43,0,0,0,43
04/08/2003,RFD,IL,AGL,CE,Towers with Radar,49,14,34,0,97,0,8,34,0,42,49,22,68,0,139,78,0,78,217
04/09/2003,RFD,IL,AGL,CE,Towers with Radar,46,7,61,0,114,5,2,97,0,104,51,9,158,0,218,144,0,144,362
04/10/2003,RFD,IL,AGL,CE,Towers with Radar,61,6,51,2,120,0,1,69,1,71,61,7,120,3,191,120,2,122,313
04/11/2003,RFD,IL,AGL,CE,Towers with Radar,37,5,50,0,92,1,0,107,0,108,38,5,157,0,200,116,0,116,316
04/12/2003,RFD,IL,AGL,CE,Towers with Radar,7,5,33,0,45,0,3,124,0,127,7,8,157,0,172,106,0,106,278
04/13/2003,RFD,IL,AGL,CE,Towers with Radar,1,2,36,0,39,1,0,63,0,64,2,2,99,0,103,72,0,72,175
04/14/2003,RFD,IL,AGL,CE,Towers with Radar,15,6,54,0,75,0,0,59,0,59,15,6,113,0,134,120,0,120,254
04/15/2003,RFD,IL,AGL,CE,Towers with Radar,41,6,56,3,106,19,0,93,9,121,60,6,149,12,227,94,36,130,357
04/16/2003,RFD,IL,AGL,CE,Towers with Radar,36,7,48,2,93,13,1,48,13,75,49,8,96,15,168,108,0,108,276
04/17/2003,RFD,IL,AGL,CE,Towers with Radar,50,6,48,22,126,0,0,41,8,49,50,6,89,30,175,98,70,168,343
04/18/2003,RFD,IL,AGL,CE,Towers with Radar,34,6,62,2,104,0,0,70,0,70,34,6,132,2,174,64,18,82,256
04/19/2003,RFD,IL,AGL,CE,Towers with Radar,7,3,22,0,32,0,3,12,0,15,7,6,34,0,47,0,0,0,47
04/20/2003,RFD,IL,AGL,CE,Towers with Radar,0,2,14,0,16,0,3,5,0,8,0,5,19,0,24,0,0,0,24
04/21/2003,RFD,IL,AGL,CE,Towers with Radar,16,2,72,0,90,0,8,34,0,42,16,10,106,0,132,74,0,74,206
04/22/2003,RFD,IL,AGL,CE,Towers with Radar,43,7,58,0,108,13,4,119,0,136,56,11,177,0,244,0,168,168,412
04/23/2003,RFD,IL,AGL,CE,Towers with Radar,44,7,60,4,115,4,1,79,10,94,48,8,139,14,209,66,6,72,281
04/24/2003,RFD,IL,AGL,CE,Towers with Radar,49,9,44,0,102,0,1,54,0,55,49,10,98,0,157,102,0,102,259
04/25/2003,RFD,IL,AGL,CE,Towers with Radar,36,10,22,0,68,0,3,61,0,64,36,13,83,0,132,74,0,74,206
04/26/2003,RFD,IL,AGL,CE,Towers with Radar,7,2,59,0,68,0,0,106,0,106,7,2,165,0,174,20,0,20,194
04/27/2003,RFD,IL,AGL,CE,Towers with Radar,0,5,74,0,79,0,5,40,0,45,0,10,114,0,124,148,0,148,272
04/28/2003,RFD,IL,AGL,CE,Towers with Radar,17,4,31,0,52,0,10,73,0,83,17,14,104,0,135,126,0,126,261
04/29/2003,RFD,IL,AGL,CE,Towers with Radar,40,6,54,4,104,10,2,31,17,60,50,8,85,21,164,60,16,76,240
04/30/2003,RFD,IL,AGL,CE,Towers with Radar,53,5,56,0,114,0,0,20,0,20,53,5,76,0,134,6,0,6,140
05/01/2003,RFD,IL,AGL,CE,Towers with Radar,54,8,46,0,108,0,0,8,0,8,54,8,54,0,116,18,0,18,134
05/02/2003,RFD,IL,AGL,CE,Towers with Radar,37,10,73,1,121,0,5,134,0,139,37,15,207,1,260,104,0,104,364
05/03/2003,RFD,IL,AGL,CE,Towers with Radar,9,7,55,5,76,0,0,108,4,112,9,7,163,9,188,134,36,170,358
05/04/2003,RFD,IL,AGL,CE,Towers with Radar,0,1,32,2,35,0,0,228,0,228,0,1,260,2,263,40,2,42,305
05/05/2003,RFD,IL,AGL,CE,Towers with Radar,17,10,63,7,97,0,0,13,3,16,17,10,76,10,113,26,16,42,155
05/06/2003,RFD,IL,AGL,CE,Towers with Radar,53,7,34,2,96,0,0,85,0,85,53,7,119,2,181,66,18,84,265
05/07/2003,RFD,IL,AGL,CE,Towers with Radar,50,3,45,5,103,0,4,18,1,23,50,7,63,6,126,0,0,0,126
05/08/2003,RFD,IL,AGL,CE,Towers with Radar,43,10,72,7,132,8,4,31,6,49,51,14,103,13,181,82,0,82,263
05/09/2003,RFD,IL,AGL,CE,Towers with Radar,35,9,62,6,112,0,3,35,25,63,35,12,97,31,175,42,24,66,241
05/10/2003,RFD,IL,AGL,CE,Towers with Radar,10,2,51,0,63,0,0,12,0,12,10,2,63,0,75,196,0,196,271
05/11/2003,RFD,IL,AGL,CE,Towers with Radar,0,1,3,0,4,0,5,0,0,5,0,6,3,0,9,0,0,0,9
05/12/2003,RFD,IL,AGL,CE,Towers with Radar,18,5,26,0,49,0,2,46,0,48,18,7,72,0,97,40,0,40,137
05/13/2003,RFD,IL,AGL,CE,Towers with Radar,36,7,60,6,109,14,0,91,20,125,50,7,151,26,234,170,110,280,514
05/14/2003,RFD,IL,AGL,CE,Towers with Radar,49,10,57,4,120,0,0,7,2,9,49,10,64,6,129,16,4,20,149
05/15/2003,RFD,IL,AGL,CE,Towers with Radar,55,18,86,20,179,0,9,75,12,96,55,27,161,32,275,30,48,78,353
05/16/2003,RFD,IL,AGL,CE,Towers with Radar,39,8,68,6,121,7,8,115,0,130,46,16,183,6,251,100,24,124,375
05/17/2003,RFD,IL,AGL,CE,Towers with Radar,12,4,50,0,66,3,1,23,0,27,15,5,73,0,93,48,0,48,141
05/18/2003,RFD,IL,AGL,CE,Towers with Radar,0,4,50,0,54,0,6,46,0,52,0,10,96,0,106,60,0,60,166
05/19/2003,RFD,IL,AGL,CE,Towers with Radar,20,6,56,0,82,0,0,41,0,41,20,6,97,0,123,10,0,10,133
05/20/2003,RFD,IL,AGL,CE,Towers with Radar,37,7,62,6,112,23,6,16,16,61,60,13,78,22,173,62,14,76,249
05/21/2003,RFD,IL,AGL,CE,Towers with Radar,36,8,61,6,111,11,3,104,34,152,47,11,165,40,263,154,78,232,495
05/22/2003,RFD,IL,AGL,CE,Towers with Radar,59,7,93,1,160,0,2,156,1,159,59,9,249,2,319,184,0,184,503
05/23/2003,RFD,IL,AGL,CE,Towers with Radar,43,6,62,4,115,0,18,105,4,127,43,24,167,8,242,84,16,100,342
05/24/2003,RFD,IL,AGL,CE,Towers with Radar,14,1,72,0,87,0,0,92,0,92,14,1,164,0,179,84,0,84,263
05/25/2003,RFD,IL,AGL,CE,Towers with Radar,0,0,18,0,18,0,7,36,0,43,0,7,54,0,61,36,0,36,97
05/26/2003,RFD,IL,AGL,CE,Towers with Radar,0,5,38,0,43,0,1,103,0,104,0,6,141,0,147,74,0,74,221
05/27/2003,RFD,IL,AGL,CE,Towers with Radar,15,5,48,5,73,0,4,64,4,72,15,9,112,9,145,88,6,94,239
05/28/2003,RFD,IL,AGL,CE,Towers with Radar,32,7,54,1,94,29,2,36,0,67,61,9,90,1,161,70,0,70,231
05/29/2003,RFD,IL,AGL,CE,Towers with Radar,37,7,62,6,112,12,5,76,6,99,49,12,138,12,211,36,8,44,255
05/30/2003,RFD,IL,AGL,CE,Towers with Radar,28,7,49,5,89,25,8,24,3,60,53,15,73,8,149,26,22,48,197
05/31/2003,RFD,IL,AGL,CE,Towers with Radar,7,7,44,1,59,0,0,40,0,40,7,7,84,1,99,72,0,72,171
06/01/2003,RFD,IL,AGL,CE,Towers with Radar,0,7,39,0,46,0,0,85,0,85,0,7,124,0,131,92,0,92,223
06/02/2003,RFD,IL,AGL,CE,Towers with Radar,13,9,48,0,70,2,1,42,0,45,15,10,90,0,115,44,0,44,159
06/03/2003,RFD,IL,AGL,CE,Towers with Radar,27,9,47,2,85,27,0,43,16,86,54,9,90,18,171,24,18,42,213
06/04/2003,RFD,IL,AGL,CE,Towers with Radar,46,9,60,0,115,2,1,66,0,69,48,10,126,0,184,68,0,68,252
06/05/2003,RFD,IL,AGL,CE,Towers with Radar,49,11,65,0,125,2,0,85,0,87,51,11,150,0,212,98,0,98,310
06/06/2003,RFD,IL,AGL,CE,Towers with Radar,31,7,36,0,74,2,6,34,0,42,33,13,70,0,116,26,0,26,142
06/07/2003,RFD,IL,AGL,CE,Towers with Radar,5,9,61,3,78,1,3,38,5,47,6,12,99,8,125,18,26,44,169
06/08/2003,RFD,IL,AGL,CE,Towers with Radar,0,6,37,3,46,0,0,6,10,16,0,6,43,13,62,28,8,36,98
06/09/2003,RFD,IL,AGL,CE,Towers with Radar,13,9,43,0,65,0,1,130,0,131,13,10,173,0,196,150,0,150,346
06/10/2003,RFD,IL,AGL,CE,Towers with Radar,46,10,34,11,101,2,4,42,3,51,48,14,76,14,152,80,36,116,268
06/11/2003,RFD,IL,AGL,CE,Towers with Radar,47,13,80,0,140,7,0,34,0,41,54,13,114,0,181,92,0,92,273
06/12/2003,RFD,IL,AGL,CE,Towers with Radar,56,7,54,12,129,2,7,40,0,49,58,14,94,12,178,28,8,36,214
06/13/2003,RFD,IL,AGL,CE,Towers with Radar,38,17,81,7,143,0,14,78,5,97,38,31,159,12,240,24,0,24,264
06/14/2003,RFD,IL,AGL,CE,Towers with Radar,11,2,48,0,61,0,0,27,0,27,11,2,75,0,88,94,0,94,182
06/15/2003,RFD,IL,AGL,CE,Towers with Radar,0,2,36,0,38,0,11,53,0,64,0,13,89,0,102,28,0,28,130
06/16/2003,RFD,IL,AGL,CE,Towers with Radar,14,18,59,3,94,1,0,66,0,67,15,18,125,3,161,148,12,160,321
06/17/2003,RFD,IL,AGL,CE,Towers with Radar,47,11,40,11,109,1,4,87,1,93,48,15,127,12,202,96,60,156,358
06/18/2003,RFD,IL,AGL,CE,Towers with Radar,37,13,62,0,112,22,17,64,0,103,59,30,126,0,215,180,0,180,395
06/19/2003,RFD,IL,AGL,CE,Towers with Radar,47,10,50,15,122,1,3,94,9,107,48,13,144,24,229,118,42,160,389
06/20/2003,RFD,IL,AGL,CE,Towers with Radar,31,11,52,0,94,6,19,114,0,139,37,30,166,0,233,110,0,110,343
06/21/2003,RFD,IL,AGL,CE,Towers with Radar,9,7,32,0,48,0,8,137,0,145,9,15,169,0,193,112,0,112,305
06/22/2003,RFD,IL,AGL,CE,Towers with Radar,9,5,29,0,43,0,1,44,0,45,9,6,73,0,88,20,0,20,108
06/23/2003,RFD,IL,AGL,CE,Towers with Radar,14,7,43,2,66,1,0,73,0,74,15,7,116,2,140,106,18,124,264
06/24/2003,RFD,IL,AGL,CE,Towers with Radar,34,12,57,4,107,16,7,10,25,58,50,19,67,29,165,102,28,130,295
06/25/2003,RFD,IL,AGL,CE,Towers with Radar,34,11,57,0,102,20,17,7,0,44,54,28,64,0,146,18,0,18,164
06/26/2003,RFD,IL,AGL,CE,Towers with Radar,35,12,59,4,110,25,4,43,13,85,60,16,102,17,195,148,8,156,351
06/27/2003,RFD,IL,AGL,CE,Towers with Radar,35,13,63,0,111,0,1,119,0,120,35,14,182,0,231,85,0,85,316
06/28/2003,RFD,IL,AGL,CE,Towers with Radar,8,6,33,0,47,0,14,9,0,23,8,20,42,0,70,82,0,82,152
06/29/2003,RFD,IL,AGL,CE,Towers with Radar,0,8,37,0,45,0,0,92,0,92,0,8,129,0,137,56,0,56,193
06/30/2003,RFD,IL,AGL,CE,Towers with Radar,15,7,38,3,63,1,1,76,5,83,16,8,114,8,146,168,6,174,320
07/01/2003,RFD,IL,AGL,CE,Towers with Radar,51,7,61,0,119,1,0,81,0,82,52,7,142,0,201,70,0,70,271
07/02/2003,RFD,IL,AGL,CE,Towers with Radar,53,8,36,0,97,0,2,68,0,70,53,10,104,0,167,48,0,48,215
07/03/2003,RFD,IL,AGL,CE,Towers with Radar,43,8,32,2,85,0,2,49,0,51,43,10,81,2,136,44,6,50,186
07/04/2003,RFD,IL,AGL,CE,Towers with Radar,0,4,14,0,18,0,8,33,0,41,0,12,47,0,59,20,0,20,79
07/05/2003,RFD,IL,AGL,CE,Towers with Radar,7,5,28,0,40,0,7,23,0,30,7,12,51,0,70,32,0,32,102
07/06/2003,RFD,IL,AGL,CE,Towers with Radar,26,4,28,0,58,0,1,24,0,25,26,5,52,0,83,36,0,36,119
07/07/2003,RFD,IL,AGL,CE,Towers with Radar,19,11,27,0,57,0,0,11,0,11,19,11,38,0,68,0,0,0,68
07/08/2003,RFD,IL,AGL,CE,Towers with Radar,55,10,19,0,84,0,0,1,0,1,55,10,20,0,85,0,0,0,85
07/09/2003,RFD,IL,AGL,CE,Towers with Radar,47,8,56,0,111,0,3,27,0,30,47,11,83,0,141,22,0,22,163
07/10/2003,RFD,IL,AGL,CE,Towers with Radar,44,12,64,4,124,5,5,73,20,103,49,17,137,24,227,36,16,52,279
07/11/2003,RFD,IL,AGL,CE,Towers with Radar,30,8,42,0,80,5,0,41,0,46,35,8,83,0,126,6,0,6,132
07/12/2003,RFD,IL,AGL,CE,Towers with Radar,6,1,43,5,55,0,6,50,12,68,6,7,93,17,123,66,2,68,191
07/13/2003,RFD,IL,AGL,CE,Towers with Radar,0,5,30,0,35,0,0,61,0,61,0,5,91,0,96,96,0,96,192
07/14/2003,RFD,IL,AGL,CE,Towers with Radar,22,8,39,2,71,0,0,79,11,90,22,8,118,13,161,90,16,106,267
07/15/2003,RFD,IL,AGL,CE,Towers with Radar,35,9,51,3,98,36,0,32,2,70,71,9,83,5,168,120,4,124,292
07/16/2003,RFD,IL,AGL,CE,Towers with Radar,51,6,54,3,114,0,1,77,3,81,51,7,131,6,195,32,0,32,227
07/17/2003,RFD,IL,AGL,CE,Towers with Radar,76,8,47,0,131,0,13,48,0,61,76,21,95,0,192,20,0,20,212
07/18/2003,RFD,IL,AGL,CE,Towers with Radar,37,5,76,18,136,0,3,59,0,62,37,8,135,18,198,104,12,116,314
07/19/2003,RFD,IL,AGL,CE,Towers with Radar,7,6,42,0,55,0,0,81,0,81,7,6,123,0,136,174,0,174,310
07/20/2003,RFD,IL,AGL,CE,Towers with Radar,1,3,39,0,43,0,1,12,0,13,1,4,51,0,56,2,0,2,58
07/21/2003,RFD,IL,AGL,CE,Towers with Radar,11,7,48,2,68,0,7,80,0,87,11,14,128,2,155,50,2,52,207
07/22/2003,RFD,IL,AGL,CE,Towers with Radar,51,12,49,12,124,0,1,76,9,86,51,13,125,21,210,132,34,166,376
07/23/2003,RFD,IL,AGL,CE,Towers with Radar,50,8,37,4,99,0,3,115,0,118,50,11,152,4,217,78,14,92,309
07/24/2003,RFD,IL,AGL,CE,Towers with Radar,39,10,57,3,109,9,10,93,7,119,48,20,150,10,228,62,6,68,296
07/25/2003,RFD,IL,AGL,CE,Towers with Radar,31,7,46,0,84,3,5,120,0,128,34,12,166,0,212,124,0,124,336
07/26/2003,RFD,IL,AGL,CE,Towers with Radar,10,4,40,0,54,0,2,160,0,162,10,6,200,0,216,144,0,144,360
07/27/2003,RFD,IL,AGL,CE,Towers with Radar,1,13,60,0,74,0,0,164,0,164,1,13,224,0,238,136,0,136,374
07/28/2003,RFD,IL,AGL,CE,Towers with Radar,15,10,55,2,82,0,2,193,0,195,15,12,248,2,277,180,0,180,457
07/29/2003,RFD,IL,AGL,CE,Towers with Radar,47,18,73,4,142,0,0,104,0,104,47,18,177,4,246,68,12,80,326
07/30/2003,RFD,IL,AGL,CE,Towers with Radar,49,5,61,0,115,0,9,58,0,67,49,14,119,0,182,78,0,78,260
07/31/2003,RFD,IL,AGL,CE,Towers with Radar,47,14,83,0,144,0,0,33,0,33,47,14,116,0,177,38,0,38,215
08/01/2003,RFD,IL,AGL,CE,Towers with Radar,46,11,26,4,87,2,7,51,5,65,48,18,77,9,152,4,18,22,174
08/02/2003,RFD,IL,AGL,CE,Towers with Radar,11,4,39,0,54,2,3,42,0,47,13,7,81,0,101,54,0,54,155
08/03/2003,RFD,IL,AGL,CE,Towers with Radar,12,2,41,0,55,2,0,37,0,39,14,2,78,0,94,150,2,152,246
08/04/2003,RFD,IL,AGL,CE,Towers with Radar,37,9,59,4,109,17,0,43,6,66,54,9,102,10,175,108,60,168,343
08/05/2003,RFD,IL,AGL,CE,Towers with Radar,35,9,56,4,104,19,0,61,6,86,54,9,117,10,190,108,60,168,358
08/06/2003,RFD,IL,AGL,CE,Towers with Radar,34,9,54,4,101,19,3,74,21,117,53,12,128,25,218,110,16,126,344
08/07/2003,RFD,IL,AGL,CE,Towers with Radar,53,9,51,5,118,1,4,86,1,92,54,13,137,6,210,90,6,96,306
08/08/2003,RFD,IL,AGL,CE,Towers with Radar,33,7,52,0,92,1,6,67,0,74,34,13,119,0,166,62,28,90,256
08/09/2003,RFD,IL,AGL,CE,Towers with Radar,7,5,38,0,50,0,15,117,0,132,7,20,155,0,182,76,0,76,258
08/10/2003,RFD,IL,AGL,CE,Towers with Radar,2,6,40,3,51,0,2,102,7,111,2,8,142,10,162,138,0,138,300
08/11/2003,RFD,IL,AGL,CE,Towers with Radar,17,4,53,7,81,1,0,34,2,37,18,4,87,9,118,60,40,100,218
08/12/2003,RFD,IL,AGL,CE,Towers with Radar,41,10,65,0,116,11,4,97,0,112,52,14,162,0,228,94,2,96,324
08/13/2003,RFD,IL,AGL,CE,Towers with Radar,54,13,89,6,162,0,8,79,7,94,54,21,168,13,256,58,14,72,328
08/14/2003,RFD,IL,AGL,CE,Towers with Radar,65,8,65,0,138,1,6,14,0,21,66,14,79,0,159,20,0,20,179
08/15/2003,RFD,IL,AGL,CE,Towers with Radar,25,9,61,1,96,0,4,19,0,23,25,13,80,1,119,86,0,86,205
08/16/2003,RFD,IL,AGL,CE,Towers with Radar,8,6,42,0,56,1,5,47,0,53,9,11,89,0,109,64,0,64,173
08/17/2003,RFD,IL,AGL,CE,Towers with Radar,0,5,40,1,46,0,2,52,0,54,0,7,92,1,100,20,0,20,120
08/18/2003,RFD,IL,AGL,CE,Towers with Radar,25,6,44,0,75,0,2,88,0,90,25,8,132,0,165,116,0,116,281
08/19/2003,RFD,IL,AGL,CE,Towers with Radar,46,3,51,0,100,1,3,71,0,75,47,6,122,0,175,102,0,102,277
08/20/2003,RFD,IL,AGL,CE,Towers with Radar,51,8,65,0,124,1,80,42,0,123,52,88,107,0,247,86,0,86,333
08/21/2003,RFD,IL,AGL,CE,Towers with Radar,29,7,46,3,85,19,9,71,1,100,48,16,117,4,185,74,26,100,285
08/22/2003,RFD,IL,AGL,CE,Towers with Radar,29,6,47,0,82,7,4,88,0,99,36,10,135,0,181,136,0,136,317
08/23/2003,RFD,IL,AGL,CE,Towers with Radar,7,5,50,4,66,1,9,46,3,59,8,14,96,7,125,144,10,154,279
08/24/2003,RFD,IL,AGL,CE,Towers with Radar,0,3,49,1,53,0,6,89,0,95,0,9,138,1,148,164,0,164,312
08/25/2003,RFD,IL,AGL,CE,Towers with Radar,23,6,40,3,72,0,1,87,41,129,23,7,127,44,201,96,96,192,393
08/26/2003,RFD,IL,AGL,CE,Towers with Radar,81,11,45,2,139,3,1,60,0,64,84,12,105,2,203,54,16,70,273
08/27/2003,RFD,IL,AGL,CE,Towers with Radar,50,11,54,0,115,0,0,74,0,74,50,11,128,0,189,144,0,144,333
08/28/2003,RFD,IL,AGL,CE,Towers with Radar,30,6,48,2,86,21,3,77,0,101,51,9,125,2,187,98,6,104,291
08/29/2003,RFD,IL,AGL,CE,Towers with Radar,38,14,46,0,98,3,1,54,0,58,41,15,100,0,156,44,0,44,200
08/30/2003,RFD,IL,AGL,CE,Towers with Radar,9,1,33,0,43,0,0,69,0,69,9,1,102,0,112,132,0,132,244
08/31/2003,RFD,IL,AGL,CE,Towers with Radar,4,3,20,0,27,1,0,49,0,50,5,3,69,0,77,22,0,22,99
09/01/2003,RFD,IL,AGL,CE,Towers with Radar,2,9,43,0,54,0,0,19,0,19,2,9,62,0,73,8,0,8,81
09/02/2003,RFD,IL,AGL,CE,Towers with Radar,15,1,43,2,61,0,0,83,11,94,15,1,126,13,155,122,48,170,325
09/03/2003,RFD,IL,AGL,CE,Towers with Radar,58,7,52,2,119,3,0,61,0,64,61,7,113,2,183,44,0,44,227
09/04/2003,RFD,IL,AGL,CE,Towers with Radar,49,9,49,0,107,3,0,59,0,62,52,9,108,0,169,74,0,74,243
09/05/2003,RFD,IL,AGL,CE,Towers with Radar,26,10,48,0,84,9,0,77,0,86,35,10,125,0,170,108,0,108,278
09/06/2003,RFD,IL,AGL,CE,Towers with Radar,14,9,41,1,65,0,1,74,0,75,14,10,115,1,140,74,0,74,214
09/07/2003,RFD,IL,AGL,CE,Towers with Radar,1,2,36,0,39,3,0,71,0,74,4,2,107,0,113,56,0,56,169
09/08/2003,RFD,IL,AGL,CE,Towers with Radar,15,3,53,8,79,3,1,67,2,73,18,4,120,10,152,26,2,28,180
09/09/2003,RFD,IL,AGL,CE,Towers with Radar,54,8,64,0,126,3,0,45,0,48,57,8,109,0,174,64,0,64,238
09/10/2003,RFD,IL,AGL,CE,Towers with Radar,47,5,43,0,95,3,1,43,0,47,50,6,86,0,142,124,0,124,266
09/11/2003,RFD,IL,AGL,CE,Towers with Radar,35,11,63,2,111,23,8,75,3,109,58,19,138,5,220,152,0,152,372
09/12/2003,RFD,IL,AGL,CE,Towers with Radar,40,14,70,0,124,3,0,0,0,3,43,14,70,0,127,0,0,0,127
09/13/2003,RFD,IL,AGL,CE,Towers with Radar,8,8,40,0,56,3,0,13,0,16,11,8,53,0,72,0,0,0,72
09/14/2003,RFD,IL,AGL,CE,Towers with Radar,4,8,46,0,58,0,0,48,0,48,4,8,94,0,106,24,0,24,130
09/15/2003,RFD,IL,AGL,CE,Towers with Radar,13,5,47,2,67,3,5,90,0,98,16,10,137,2,165,116,42,158,323
09/16/2003,RFD,IL,AGL,CE,Towers with Radar,46,9,58,0,113,3,0,83,0,86,49,9,141,0,199,126,0,126,325
09/17/2003,RFD,IL,AGL,CE,Towers with Radar,44,11,70,0,125,5,4,100,0,109,49,15,170,0,234,164,0,164,398
09/18/2003,RFD,IL,AGL,CE,Towers with Radar,55,7,47,5,114,2,3,102,5,112,57,10,149,10,226,90,6,96,322
09/19/2003,RFD,IL,AGL,CE,Towers with Radar,34,11,61,0,106,12,0,48,0,60,46,11,109,0,166,14,0,14,180
09/20/2003,RFD,IL,AGL,CE,Towers with Radar,9,7,38,1,55,0,15,107,10,132,9,22,145,11,187,120,42,162,349
09/21/2003,RFD,IL,AGL,CE,Towers with Radar,7,2,35,0,44,2,3,61,0,66,9,5,96,0,110,102,0,102,212
09/22/2003,RFD,IL,AGL,CE,Towers with Radar,17,6,51,0,74,0,0,90,0,90,17,6,141,0,164,84,0,84,248
09/23/2003,RFD,IL,AGL,CE,Towers with Radar,36,12,63,3,114,12,5,94,2,113,48,17,157,5,227,44,0,44,271
09/24/2003,RFD,IL,AGL,CE,Towers with Radar,39,13,68,1,121,12,18,86,0,116,51,31,154,1,237,158,2,160,397
09/25/2003,RFD,IL,AGL,CE,Towers with Radar,37,11,64,3,115,20,0,71,18,109,57,11,135,21,224,104,18,122,346
09/26/2003,RFD,IL,AGL,CE,Towers with Radar,37,14,71,3,125,0,7,27,0,34,37,21,98,3,159,52,2,54,213
09/27/2003,RFD,IL,AGL,CE,Towers with Radar,13,5,34,0,52,0,0,37,0,37,13,5,71,0,89,64,0,64,153
09/28/2003,RFD,IL,AGL,CE,Towers with Radar,4,10,55,1,70,0,1,67,0,68,4,11,122,1,138,136,0,136,274
09/29/2003,RFD,IL,AGL,CE,Towers with Radar,19,5,49,0,73,0,0,88,0,88,19,5,137,0,161,152,0,152,313
09/30/2003,RFD,IL,AGL,CE,Towers with Radar,52,15,49,4,120,2,0,76,0,78,54,15,125,4,198,100,20,120,318
10/01/2003,RFD,IL,AGL,CE,Towers with Radar,34,8,48,0,90,18,8,50,0,76,52,16,98,0,166,68,0,68,234
10/02/2003,RFD,IL,AGL,CE,Towers with Radar,38,6,54,0,98,14,0,75,0,89,52,6,129,0,187,76,0,76,263
10/03/2003,RFD,IL,AGL,CE,Towers with Radar,34,8,49,2,93,7,13,21,0,41,41,21,70,2,134,28,0,28,162
10/04/2003,RFD,IL,AGL,CE,Towers with Radar,9,7,41,1,58,0,13,67,7,87,9,20,108,8,145,142,46,188,333
10/05/2003,RFD,IL,AGL,CE,Towers with Radar,4,4,45,0,53,0,0,72,0,72,4,4,117,0,125,126,0,126,251
10/06/2003,RFD,IL,AGL,CE,Towers with Radar,17,7,53,0,77,0,0,76,0,76,17,7,129,0,153,200,0,200,353
10/07/2003,RFD,IL,AGL,CE,Towers with Radar,33,5,47,3,88,9,0,61,5,75,42,5,108,8,163,38,30,68,231
10/08/2003,RFD,IL,AGL,CE,Towers with Radar,37,7,52,0,96,12,0,114,0,126,49,7,166,0,222,104,0,104,326
10/09/2003,RFD,IL,AGL,CE,Towers with Radar,34,7,49,0,90,19,7,36,0,62,53,14,85,0,152,120,0,120,272
10/10/2003,RFD,IL,AGL,CE,Towers with Radar,41,9,59,0,109,3,12,33,0,48,44,21,92,0,157,80,0,80,237
10/11/2003,RFD,IL,AGL,CE,Towers with Radar,10,7,53,0,70,0,0,43,0,43,10,7,96,0,113,44,0,44,157
10/12/2003,RFD,IL,AGL,CE,Towers with Radar,4,4,33,0,41,0,7,46,0,53,4,11,79,0,94,68,0,68,162
10/13/2003,RFD,IL,AGL,CE,Towers with Radar,19,3,39,0,61,0,0,81,0,81,19,3,120,0,142,74,0,74,216
10/14/2003,RFD,IL,AGL,CE,Towers with Radar,33,7,48,2,90,21,6,8,11,46,54,13,56,13,136,26,8,34,170
10/15/2003,RFD,IL,AGL,CE,Towers with Radar,34,6,48,0,88,14,0,81,0,95,48,6,129,0,183,54,0,54,237
10/16/2003,RFD,IL,AGL,CE,Towers with Radar,37,7,50,2,96,17,8,71,8,104,54,15,121,10,200,62,6,68,268
10/17/2003,RFD,IL,AGL,CE,Towers with Radar,36,7,48,2,93,4,0,60,5,69,40,7,108,7,162,64,24,88,250
10/18/2003,RFD,IL,AGL,CE,Towers with Radar,10,6,44,2,62,0,1,89,2,92,10,7,133,4,154,132,10,142,296
10/19/2003,RFD,IL,AGL,CE,Towers with Radar,2,6,39,0,47,0,5,65,0,70,2,11,104,0,117,52,0,52,169
10/20/2003,RFD,IL,AGL,CE,Towers with Radar,16,4,27,0,47,0,1,35,0,36,16,5,62,0,83,16,0,16,99
10/21/2003,RFD,IL,AGL,CE,Towers with Radar,33,7,45,0,85,17,0,30,0,47,50,7,75,0,132,38,0,38,170
10/22/2003,RFD,IL,AGL,CE,Towers with Radar,36,7,49,3,95,14,0,79,4,97,50,7,128,7,192,134,22,156,348
10/23/2003,RFD,IL,AGL,CE,Towers with Radar,42,8,57,2,109,8,2,89,12,111,50,10,146,14,220,248,56,304,524
10/24/2003,RFD,IL,AGL,CE,Towers with Radar,33,6,45,1,85,6,0,32,0,38,39,6,77,1,123,20,4,24,147
10/25/2003,RFD,IL,AGL,CE,Towers with Radar,9,5,35,0,49,0,3,101,0,104,9,8,136,0,153,24,0,24,177
10/26/2003,RFD,IL,AGL,CE,Towers with Radar,4,5,43,2,54,0,0,36,1,37,4,5,79,3,91,58,2,60,151
10/27/2003,RFD,IL,AGL,CE,Towers with Radar,19,6,38,0,63,0,5,41,0,46,19,11,79,0,109,28,0,28,137
10/28/2003,RFD,IL,AGL,CE,Towers with Radar,35,7,48,2,92,12,1,30,8,51,47,8,78,10,143,46,12,58,201
10/29/2003,RFD,IL,AGL,CE,Towers with Radar,34,7,45,2,88,18,13,74,10,115,52,20,119,12,203,74,12,86,289
10/30/2003,RFD,IL,AGL,CE,Towers with Radar,33,7,45,3,88,18,1,56,3,78,51,8,101,6,166,64,12,76,242
10/31/2003,RFD,IL,AGL,CE,Towers with Radar,35,8,49,0,92,0,1,46,0,47,35,9,95,0,139,54,0,54,193
11/01/2003,RFD,IL,AGL,CE,Towers with Radar,17,6,46,0,69,0,0,98,0,98,17,6,144,0,167,40,0,40,207
11/02/2003,RFD,IL,AGL,CE,Towers with Radar,4,3,32,0,39,0,0,26,0,26,4,3,58,0,65,0,0,0,65
11/03/2003,RFD,IL,AGL,CE,Towers with Radar,23,3,30,0,56,0,0,0,0,0,23,3,30,0,56,14,0,14,70
11/04/2003,RFD,IL,AGL,CE,Towers with Radar,33,5,50,1,89,28,0,2,0,30,61,5,52,1,119,18,0,18,137
11/05/2003,RFD,IL,AGL,CE,Towers with Radar,38,8,58,1,105,24,4,6,0,34,62,12,64,1,139,104,0,104,243
11/06/2003,RFD,IL,AGL,CE,Towers with Radar,34,6,51,0,91,15,7,63,0,85,49,13,114,0,176,90,20,110,286
11/07/2003,RFD,IL,AGL,CE,Towers with Radar,34,7,52,2,95,5,2,90,1,98,39,9,142,3,193,98,20,118,311
11/08/2003,RFD,IL,AGL,CE,Towers with Radar,12,5,42,0,59,0,3,103,0,106,12,8,145,0,165,114,0,114,279
11/09/2003,RFD,IL,AGL,CE,Towers with Radar,3,3,32,0,38,0,1,127,0,128,3,4,159,0,166,128,0,128,294
11/10/2003,RFD,IL,AGL,CE,Towers with Radar,16,5,50,2,73,0,0,54,7,61,16,5,104,9,134,42,14,56,190
11/11/2003,RFD,IL,AGL,CE,Towers with Radar,40,7,59,0,106,10,3,0,0,13,50,10,59,0,119,42,0,42,161
11/12/2003,RFD,IL,AGL,CE,Towers with Radar,28,5,42,2,77,24,7,16,13,60,52,12,58,15,137,24,30,54,191
11/13/2003,RFD,IL,AGL,CE,Towers with Radar,31,5,48,1,85,23,7,27,0,57,54,12,75,1,142,54,0,54,196
11/14/2003,RFD,IL,AGL,CE,Towers with Radar,30,3,46,2,81,6,0,36,4,46,36,3,82,6,127,12,2,14,141
11/15/2003,RFD,IL,AGL,CE,Towers with Radar,11,0,38,0,49,0,0,24,0,24,11,0,62,0,73,32,0,32,105
11/16/2003,RFD,IL,AGL,CE,Towers with Radar,4,4,40,1,49,0,0,12,0,12,4,4,52,1,61,6,0,6,67
11/17/2003,RFD,IL,AGL,CE,Towers with Radar,21,5,46,0,72,0,0,27,0,27,21,5,73,0,99,2,0,2,101
11/18/2003,RFD,IL,AGL,CE,Towers with Radar,38,4,55,2,99,26,0,2,8,36,64,4,57,10,135,26,10,36,171
11/19/2003,RFD,IL,AGL,CE,Towers with Radar,39,7,56,0,102,1,0,103,0,104,40,7,159,0,206,84,0,84,290
11/20/2003,RFD,IL,AGL,CE,Towers with Radar,36,7,53,0,96,17,0,77,0,94,53,7,130,0,190,66,0,66,256
11/21/2003,RFD,IL,AGL,CE,Towers with Radar,40,7,58,0,105,1,18,84,0,103,41,25,142,0,208,160,0,160,368
11/22/2003,RFD,IL,AGL,CE,Towers with Radar,10,5,43,0,58,0,2,54,0,56,10,7,97,0,114,100,0,100,214
11/23/2003,RFD,IL,AGL,CE,Towers with Radar,4,2,15,0,21,0,3,0,0,3,4,5,15,0,24,10,0,10,34
11/24/2003,RFD,IL,AGL,CE,Towers with Radar,18,3,30,0,51,0,11,31,0,42,18,14,61,0,93,38,0,38,131
11/25/2003,RFD,IL,AGL,CE,Towers with Radar,37,4,54,0,95,14,0,49,0,63,51,4,103,0,158,58,16,74,232
11/26/2003,RFD,IL,AGL,CE,Towers with Radar,41,8,60,2,111,13,1,75,1,90,54,9,135,3,201,100,12,112,313
11/27/2003,RFD,IL,AGL,CE,Towers with Radar,15,2,20,0,37,15,0,0,0,15,30,2,20,0,52,2,0,2,54
11/28/2003,RFD,IL,AGL,CE,Towers with Radar,3,1,15,0,19,0,1,20,0,21,3,2,35,0,40,48,0,48,88
11/29/2003,RFD,IL,AGL,CE,Towers with Radar,2,5,41,0,48,0,0,40,0,40,2,5,81,0,88,70,0,70,158
11/30/2003,RFD,IL,AGL,CE,Towers with Radar,5,5,44,1,55,0,0,59,40,99,5,5,103,41,154,112,8,120,274
12/01/2003,RFD,IL,AGL,CE,Towers with Radar,16,3,31,2,52,0,0,23,4,27,16,3,54,6,79,34,32,66,145
12/02/2003,RFD,IL,AGL,CE,Towers with Radar,52,10,50,3,115,2,0,23,1,26,54,10,73,4,141,46,48,94,235
12/03/2003,RFD,IL,AGL,CE,Towers with Radar,55,13,53,0,121,11,0,44,0,55,66,13,97,0,176,96,0,96,272
12/04/2003,RFD,IL,AGL,CE,Towers with Radar,50,13,47,3,113,35,5,11,4,55,85,18,58,7,168,62,0,62,230
12/05/2003,RFD,IL,AGL,CE,Towers with Radar,41,9,41,2,93,0,0,49,0,49,41,9,90,2,142,122,0,122,264
12/06/2003,RFD,IL,AGL,CE,Towers with Radar,11,1,40,0,52,0,0,110,0,110,11,1,150,0,162,86,0,86,248
12/07/2003,RFD,IL,AGL,CE,Towers with Radar,6,5,34,2,47,0,0,72,1,73,6,5,106,3,120,54,0,54,174
12/08/2003,RFD,IL,AGL,CE,Towers with Radar,21,11,39,2,73,0,13,40,12,65,21,24,79,14,138,32,0,32,170
12/09/2003,RFD,IL,AGL,CE,Towers with Radar,33,9,31,0,73,24,1,2,0,27,57,10,33,0,100,2,0,2,102
12/10/2003,RFD,IL,AGL,CE,Towers with Radar,33,4,16,0,53,32,0,0,0,32,65,4,16,0,85,2,0,2,87
12/11/2003,RFD,IL,AGL,CE,Towers with Radar,48,12,46,4,110,17,16,82,7,122,65,28,128,11,232,64,2,66,298
12/12/2003,RFD,IL,AGL,CE,Towers with Radar,42,11,41,0,94,10,17,82,0,109,52,28,123,0,203,44,0,44,247
12/13/2003,RFD,IL,AGL,CE,Towers with Radar,10,2,27,0,39,0,0,103,0,103,10,2,130,0,142,32,0,32,174
12/14/2003,RFD,IL,AGL,CE,Towers with Radar,5,5,20,0,30,0,0,1,0,1,5,5,21,0,31,12,0,12,43
12/15/2003,RFD,IL,AGL,CE,Towers with Radar,23,8,30,3,64,0,3,12,6,21,23,11,42,9,85,0,16,16,101
12/16/2003,RFD,IL,AGL,CE,Towers with Radar,41,10,37,3,91,26,15,5,2,48,67,25,42,5,139,0,0,0,139
12/17/2003,RFD,IL,AGL,CE,Towers with Radar,57,14,43,1,115,18,13,0,0,31,75,27,43,1,146,38,0,38,184
12/18/2003,RFD,IL,AGL,CE,Towers with Radar,54,13,50,0,117,11,38,18,0,67,65,51,68,0,184,14,0,14,198
12/19/2003,RFD,IL,AGL,CE,Towers with Radar,50,12,47,4,113,0,2,56,2,60,50,14,103,6,173,40,0,40,213
12/20/2003,RFD,IL,AGL,CE,Towers with Radar,10,2,30,0,42,0,0,50,0,50,10,2,80,0,92,64,0,64,156
12/21/2003,RFD,IL,AGL,CE,Towers with Radar,6,5,20,0,31,0,0,16,0,16,6,5,36,0,47,34,0,34,81
12/22/2003,RFD,IL,AGL,CE,Towers with Radar,38,7,37,3,85,0,0,131,7,138,38,7,168,10,223,112,34,146,369
12/23/2003,RFD,IL,AGL,CE,Towers with Radar,49,12,45,0,106,35,4,14,0,53,84,16,59,0,159,4,0,4,163
12/24/2003,RFD,IL,AGL,CE,Towers with Radar,23,5,20,0,48,22,5,25,0,52,45,10,45,0,100,38,0,38,138
12/25/2003,RFD,IL,AGL,CE,Towers with Radar,4,0,10,0,14,0,0,12,0,12,4,0,22,0,26,0,0,0,26
12/26/2003,RFD,IL,AGL,CE,Towers with Radar,4,6,32,0,42,0,0,88,0,88,4,6,120,0,130,86,0,86,216
12/27/2003,RFD,IL,AGL,CE,Towers with Radar,3,4,28,1,36,0,0,36,0,36,3,4,64,1,72,66,0,66,138
12/28/2003,RFD,IL,AGL,CE,Towers with Radar,4,4,20,0,28,0,0,42,0,42,4,4,62,0,70,44,0,44,114
12/29/2003,RFD,IL,AGL,CE,Towers with Radar,16,5,22,0,43,0,2,55,0,57,16,7,77,0,100,96,0,96,196
12/30/2003,RFD,IL,AGL,CE,Towers with Radar,33,3,31,2,69,20,0,58,5,83,53,3,89,7,152,74,34,108,260
12/31/2003,RFD,IL,AGL,CE,Towers with Radar,25,0,23,0,48,12,0,64,0,76,37,0,87,0,124,32,0,32,156
01/01/2004,RFD,IL,AGL,CE,Towers with Radar,4,0,15,0,19,0,0,28,0,28,4,0,43,0,47,0,0,0,47
01/02/2004,RFD,IL,AGL,CE,Towers with Radar,4,3,10,0,17,0,0,0,0,0,4,3,10,0,17,0,0,0,17
01/03/2004,RFD,IL,AGL,CE,Towers with Radar,3,0,30,0,33,0,0,40,0,40,3,0,70,0,73,28,0,28,101
01/04/2004,RFD,IL,AGL,CE,Towers with Radar,5,0,12,0,17,0,0,0,0,0,5,0,12,0,17,0,0,0,17
01/05/2004,RFD,IL,AGL,CE,Towers with Radar,17,4,27,0,48,0,0,21,0,21,17,4,48,0,69,36,0,36,105
01/06/2004,RFD,IL,AGL,CE,Towers with Radar,32,6,35,0,73,21,0,20,0,41,53,6,55,0,114,16,0,16,130
01/07/2004,RFD,IL,AGL,CE,Towers with Radar,45,7,49,0,101,7,0,83,0,90,52,7,132,0,191,80,0,80,271
01/08/2004,RFD,IL,AGL,CE,Towers with Radar,36,7,41,0,84,17,2,20,0,39,53,9,61,0,123,22,0,22,145
01/09/2004,RFD,IL,AGL,CE,Towers with Radar,33,7,37,0,77,9,5,33,0,47,42,12,70,0,124,18,0,18,142
01/10/2004,RFD,IL,AGL,CE,Towers with Radar,8,5,29,0,42,0,2,40,0,42,8,7,69,0,84,36,0,36,120
01/11/2004,RFD,IL,AGL,CE,Towers with Radar,4,0,23,0,27,0,0,31,0,31,4,0,54,0,58,40,0,40,98
01/12/2004,RFD,IL,AGL,CE,Towers with Radar,18,5,27,0,50,0,5,25,0,30,18,10,52,0,80,50,0,50,130
01/13/2004,RFD,IL,AGL,CE,Towers with Radar,44,5,46,0,95,7,0,79,0,86,51,5,125,0,181,98,0,98,279
01/14/2004,RFD,IL,AGL,CE,Towers with Radar,34,6,31,0,71,16,1,0,0,17,50,7,31,0,88,0,0,0,88
01/15/2004,RFD,IL,AGL,CE,Towers with Radar,44,4,46,1,95,11,0,56,4,71,55,4,102,5,166,36,22,58,224
01/16/2004,RFD,IL,AGL,CE,Towers with Radar,39,3,43,0,85,0,0,59,0,59,39,3,102,0,144,26,0,26,170
01/17/2004,RFD,IL,AGL,CE,Towers with Radar,12,0,13,0,25,0,0,2,0,2,12,0,15,0,27,0,0,0,27
01/18/2004,RFD,IL,AGL,CE,Towers with Radar,2,1,20,0,23,0,0,39,0,39,2,1,59,0,62,60,0,60,122
01/19/2004,RFD,IL,AGL,CE,Towers with Radar,23,5,34,0,62,0,4,81,0,85,23,9,115,0,147,100,0,100,247
01/20/2004,RFD,IL,AGL,CE,Towers with Radar,40,2,41,0,83,23,0,34,0,57,63,2,75,0,140,82,0,82,222
01/21/2004,RFD,IL,AGL,CE,Towers with Radar,34,5,35,0,74,16,4,28,0,48,50,9,63,0,122,56,0,56,178
01/22/2004,RFD,IL,AGL,CE,Towers with Radar,38,6,40,0,84,23,7,52,0,82,61,13,92,0,166,36,0,36,202
01/23/2004,RFD,IL,AGL,CE,Towers with Radar,36,6,38,0,80,6,2,0,0,8,42,8,38,0,88,36,0,36,124
01/24/2004,RFD,IL,AGL,CE,Towers with Radar,8,3,24,0,35,0,2,96,0,98,8,5,120,0,133,58,0,58,191
01/25/2004,RFD,IL,AGL,CE,Towers with Radar,6,0,16,0,22,0,0,13,0,13,6,0,29,0,35,4,0,4,39
01/26/2004,RFD,IL,AGL,CE,Towers with Radar,14,4,15,0,33,0,2,0,0,2,14,6,15,0,35,18,0,18,53
01/27/2004,RFD,IL,AGL,CE,Towers with Radar,26,4,19,0,49,23,2,0,0,25,49,6,19,0,74,0,0,0,74
01/28/2004,RFD,IL,AGL,CE,Towers with Radar,32,5,33,0,70,23,1,39,0,63,55,6,72,0,133,18,0,18,151
01/29/2004,RFD,IL,AGL,CE,Towers with Radar,35,4,37,0,76,23,0,9,15,47,58,4,46,15,123,20,28,48,171
01/30/2004,RFD,IL,AGL,CE,Towers with Radar,28,4,30,0,62,19,3,13,0,35,47,7,43,0,97,4,0,4,101
01/31/2004,RFD,IL,AGL,CE,Towers with Radar,9,4,29,0,42,0,1,69,2,72,9,5,98,2,114,56,0,56,170
02/01/2004,RFD,IL,AGL,CE,Towers with Radar,4,4,21,0,29,0,2,55,0,57,4,6,76,0,86,88,0,88,174
02/02/2004,RFD,IL,AGL,CE,Towers with Radar,12,2,14,0,28,4,3,2,0,9,16,5,16,0,37,8,0,8,45
02/03/2004,RFD,IL,AGL,CE,Towers with Radar,27,4,20,0,51,26,12,0,0,38,53,16,20,0,89,0,0,0,89
02/04/2004,RFD,IL,AGL,CE,Towers with Radar,32,4,37,0,73,23,0,108,0,131,55,4,145,0,204,148,0,148,352
02/05/2004,RFD,IL,AGL,CE,Towers with Radar,24,4,25,0,53,32,7,0,0,39,56,11,25,0,92,12,0,12,104
02/06/2004,RFD,IL,AGL,CE,Towers with Radar,31,5,35,3,74,7,2,8,4,21,38,7,43,7,95,10,14,24,119
02/07/2004,RFD,IL,AGL,CE,Towers with Radar,9,2,26,2,39,0,0,11,22,33,9,2,37,24,72,50,56,106,178
02/08/2004,RFD,IL,AGL,CE,Towers with Radar,4,5,31,0,40,0,0,5,0,5,4,5,36,0,45,6,0,6,51
02/09/2004,RFD,IL,AGL,CE,Towers with Radar,20,2,26,0,48,0,0,2,0,2,20,2,28,0,50,8,0,8,58
02/10/2004,RFD,IL,AGL,CE,Towers with Radar,34,4,39,3,80,20,0,60,7,87,54,4,99,10,167,26,20,46,213
02/11/2004,RFD,IL,AGL,CE,Towers with Radar,30,6,35,3,74,19,1,46,1,67,49,7,81,4,141,102,14,116,257
02/12/2004,RFD,IL,AGL,CE,Towers with Radar,39,6,44,2,91,16,1,36,0,53,55,7,80,2,144,68,26,94,238
02/13/2004,RFD,IL,AGL,CE,Towers with Radar,36,4,41,0,81,11,0,32,0,43,47,4,73,0,124,54,0,54,178
02/14/2004,RFD,IL,AGL,CE,Towers with Radar,10,5,28,0,43,0,6,86,0,92,10,11,114,0,135,98,0,98,233
02/15/2004,RFD,IL,AGL,CE,Towers with Radar,4,3,24,0,31,0,1,77,0,78,4,4,101,0,109,122,2,124,233
02/16/2004,RFD,IL,AGL,CE,Towers with Radar,18,4,34,0,56,0,0,74,0,74,18,4,108,0,130,62,0,62,192
02/17/2004,RFD,IL,AGL,CE,Towers with Radar,34,4,37,0,75,10,0,52,0,62,44,4,89,0,137,90,0,90,227
02/18/2004,RFD,IL,AGL,CE,Towers with Radar,35,4,37,0,76,15,0,58,0,73,50,4,95,0,149,28,0,28,177
02/19/2004,RFD,IL,AGL,CE,Towers with Radar,49,8,54,3,114,0,1,57,18,76,49,9,111,21,190,56,14,70,260
02/20/2004,RFD,IL,AGL,CE,Towers with Radar,38,7,32,0,77,0,0,0,0,0,38,7,32,0,77,2,6,8,85
02/21/2004,RFD,IL,AGL,CE,Towers with Radar,9,4,24,0,37,0,7,36,0,43,9,11,60,0,80,78,0,78,158
02/22/2004,RFD,IL,AGL,CE,Towers with Radar,2,1,35,0,38,0,0,72,0,72,2,1,107,0,110,76,0,76,186
02/23/2004,RFD,IL,AGL,CE,Towers with Radar,17,0,25,1,43,0,0,32,12,44,17,0,57,13,87,8,18,26,113
02/24/2004,RFD,IL,AGL,CE,Towers with Radar,32,4,34,0,70,14,0,19,0,33,46,4,53,0,103,0,0,0,103
02/25/2004,RFD,IL,AGL,CE,Towers with Radar,50,6,54,3,113,5,0,69,7,81,55,6,123,10,194,52,22,74,268
02/26/2004,RFD,IL,AGL,CE,Towers with Radar,45,7,48,0,100,9,0,91,0,100,54,7,139,0,200,24,0,24,224
02/27/2004,RFD,IL,AGL,CE,Towers with Radar,36,7,44,0,87,0,0,80,0,80,36,7,124,0,167,38,0,38,205
02/28/2004,RFD,IL,AGL,CE,Towers with Radar,10,3,24,0,37,0,0,55,0,55,10,3,79,0,92,68,0,68,160
02/29/2004,RFD,IL,AGL,CE,Towers with Radar,2,1,29,0,32,0,0,55,0,55,2,1,84,0,87,90,0,90,177
03/01/2004,RFD,IL,AGL,CE,Towers with Radar,20,4,23,4,51,0,2,0,17,19,20,6,23,21,70,4,56,60,130
03/02/2004,RFD,IL,AGL,CE,Towers with Radar,37,5,47,4,93,12,0,26,2,40,49,5,73,6,133,22,12,34,167
03/03/2004,RFD,IL,AGL,CE,Towers with Radar,38,7,47,4,96,18,7,24,1,50,56,14,71,5,146,34,4,38,184
03/04/2004,RFD,IL,AGL,CE,Towers with Radar,43,5,54,5,107,16,0,55,33,104,59,5,109,38,211,12,18,30,241
03/05/2004,RFD,IL,AGL,CE,Towers with Radar,28,5,26,0,59,22,1,0,0,23,50,6,26,0,82,2,0,2,84
03/06/2004,RFD,IL,AGL,CE,Towers with Radar,9,1,29,0,39,0,0,26,0,26,9,1,55,0,65,54,0,54,119
03/07/2004,RFD,IL,AGL,CE,Towers with Radar,6,1,11,0,18,0,0,0,0,0,6,1,11,0,18,2,0,2,20
03/08/2004,RFD,IL,AGL,CE,Towers with Radar,17,5,37,1,60,0,0,81,0,81,17,5,118,1,141,76,0,76,217
03/09/2004,RFD,IL,AGL,CE,Towers with Radar,40,6,50,0,96,7,0,53,0,60,47,6,103,0,156,54,0,54,210
03/10/2004,RFD,IL,AGL,CE,Towers with Radar,39,7,49,6,101,18,10,47,0,75,57,17,96,6,176,54,36,90,266
03/11/2004,RFD,IL,AGL,CE,Towers with Radar,28,4,36,0,68,29,0,15,0,44,57,4,51,0,112,6,0,6,118
03/12/2004,RFD,IL,AGL,CE,Towers with Radar,40,1,50,5,96,5,0,114,1,120,45,1,164,6,216,40,0,40,256
03/13/2004,RFD,IL,AGL,CE,Towers with Radar,10,4,27,0,41,0,0,100,0,100,10,4,127,0,141,86,0,86,227
03/14/2004,RFD,IL,AGL,CE,Towers with Radar,2,2,20,1,25,0,2,26,0,28,2,4,46,1,53,14,2,16,69
03/15/2004,RFD,IL,AGL,CE,Towers with Radar,21,5,45,0,71,0,0,120,0,120,21,5,165,0,191,70,0,70,261
03/16/2004,RFD,IL,AGL,CE,Towers with Radar,38,1,47,0,86,24,0,31,0,55,62,1,78,0,141,86,0,86,227
03/17/2004,RFD,IL,AGL,CE,Towers with Radar,32,5,30,0,67,28,4,0,0,32,60,9,30,0,99,30,0,30,129
03/18/2004,RFD,IL,AGL,CE,Towers with Radar,36,5,43,3,87,21,2,32,3,58,57,7,75,6,145,32,0,32,177
03/19/2004,RFD,IL,AGL,CE,Towers with Radar,38,6,51,0,95,0,0,92,0,92,38,6,143,0,187,68,0,68,255
03/20/2004,RFD,IL,AGL,CE,Towers with Radar,9,3,36,0,48,0,0,38,0,38,9,3,74,0,86,40,0,40,126
03/21/2004,RFD,IL,AGL,CE,Towers with Radar,5,1,36,0,42,0,0,76,0,76,5,1,112,0,118,84,0,84,202
03/22/2004,RFD,IL,AGL,CE,Towers with Radar,21,8,54,4,87,0,0,58,3,61,21,8,112,7,148,166,20,186,334
03/23/2004,RFD,IL,AGL,CE,Towers with Radar,46,8,55,3,112,7,0,35,0,42,53,8,90,3,154,66,10,76,230
03/24/2004,RFD,IL,AGL,CE,Towers with Radar,41,6,50,0,97,16,1,36,0,53,57,7,86,0,150,46,0,46,196
03/25/2004,RFD,IL,AGL,CE,Towers with Radar,49,5,58,4,116,7,0,16,11,34,56,5,74,15,150,24,0,24,174
03/26/2004,RFD,IL,AGL,CE,Towers with Radar,38,7,59,4,108,0,0,42,2,44,38,7,101,6,152,38,0,38,190
03/27/2004,RFD,IL,AGL,CE,Towers with Radar,10,2,41,0,53,0,0,44,0,44,10,2,85,0,97,38,0,38,135
03/28/2004,RFD,IL,AGL,CE,Towers with Radar,6,4,25,0,35,0,0,0,0,0,6,4,25,0,35,22,0,22,57
03/29/2004,RFD,IL,AGL,CE,Towers with Radar,17,7,54,0,78,0,8,85,0,93,17,15,139,0,171,106,0,106,277
03/30/2004,RFD,IL,AGL,CE,Towers with Radar,49,9,59,5,122,4,2,22,3,31,53,11,81,8,153,66,8,74,227
03/31/2004,RFD,IL,AGL,CE,Towers with Radar,49,7,59,5,120,4,0,45,16,65,53,7,104,21,185,86,58,144,329
04/01/2004,RFD,IL,AGL,CE,Towers with Radar,43,9,58,2,112,10,3,84,2,99,53,12,142,4,211,142,4,146,357
04/02/2004,RFD,IL,AGL,CE,Towers with Radar,39,7,53,0,99,1,0,88,0,89,40,7,141,0,188,88,0,88,276
04/03/2004,RFD,IL,AGL,CE,Towers with Radar,13,2,47,0,62,0,0,36,0,36,13,2,83,0,98,88,0,88,186
04/04/2004,RFD,IL,AGL,CE,Towers with Radar,5,5,35,0,45,0,0,85,0,85,5,5,120,0,130,80,0,80,210
04/05/2004,RFD,IL,AGL,CE,Towers with Radar,17,5,39,0,61,0,0,102,0,102,17,5,141,0,163,50,0,50,213
04/06/2004,RFD,IL,AGL,CE,Towers with Radar,33,8,45,0,86,19,6,93,0,118,52,14,138,0,204,110,0,110,314
04/07/2004,RFD,IL,AGL,CE,Towers with Radar,32,5,44,0,81,19,0,86,0,105,51,5,130,0,186,88,0,88,274
04/08/2004,RFD,IL,AGL,CE,Towers with Radar,41,9,56,0,106,13,2,17,0,32,54,11,73,0,138,70,0,70,208
04/09/2004,RFD,IL,AGL,CE,Towers with Radar,36,9,56,0,101,0,0,57,0,57,36,9,113,0,158,112,0,112,270
04/10/2004,RFD,IL,AGL,CE,Towers with Radar,9,5,30,0,44,0,0,58,0,58,9,5,88,0,102,140,0,140,242
04/11/2004,RFD,IL,AGL,CE,Towers with Radar,4,1,28,0,33,0,0,48,0,48,4,1,76,0,81,40,0,40,121
04/12/2004,RFD,IL,AGL,CE,Towers with Radar,16,6,37,1,60,0,0,63,1,64,16,6,100,2,124,86,10,96,220
04/13/2004,RFD,IL,AGL,CE,Towers with Radar,38,4,49,1,92,13,0,33,7,53,51,4,82,8,145,106,14,120,265
04/14/2004,RFD,IL,AGL,CE,Towers with Radar,41,4,54,2,101,9,0,105,10,124,50,4,159,12,225,90,14,104,329
04/15/2004,RFD,IL,AGL,CE,Towers with Radar,39,5,50,0,94,19,0,10,0,29,58,5,60,0,123,36,0,36,159
04/16/2004,RFD,IL,AGL,CE,Towers with Radar,38,4,50,0,92,4,0,80,0,84,42,4,130,0,176,56,0,56,232
04/17/2004,RFD,IL,AGL,CE,Towers with Radar,9,2,32,0,43,0,0,97,0,97,9,2,129,0,140,68,0,68,208
04/18/2004,RFD,IL,AGL,CE,Towers with Radar,5,1,26,0,32,0,0,19,0,19,5,1,45,0,51,6,0,6,57
04/19/2004,RFD,IL,AGL,CE,Towers with Radar,18,7,46,0,71,0,6,0,0,6,18,13,46,0,77,42,0,42,119
04/20/2004,RFD,IL,AGL,CE,Towers with Radar,38,7,50,0,95,13,2,14,0,29,51,9,64,0,124,16,0,16,140
04/21/2004,RFD,IL,AGL,CE,Towers with Radar,37,8,48,2,95,13,3,27,4,47,50,11,75,6,142,66,6,72,214
04/22/2004,RFD,IL,AGL,CE,Towers with Radar,48,9,62,0,119,9,15,42,0,66,57,24,104,0,185,14,0,14,199
04/23/2004,RFD,IL,AGL,CE,Towers with Radar,35,7,46,1,89,3,5,62,0,70,38,12,108,1,159,68,0,68,227
04/24/2004,RFD,IL,AGL,CE,Towers with Radar,3,4,30,0,37,0,5,22,0,27,3,9,52,0,64,20,0,20,84
04/25/2004,RFD,IL,AGL,CE,Towers with Radar,3,5,32,0,40,0,4,20,0,24,3,9,52,0,64,20,0,20,84
04/26/2004,RFD,IL,AGL,CE,Towers with Radar,16,5,37,0,58,0,0,29,0,29,16,5,66,0,87,6,0,6,93
04/27/2004,RFD,IL,AGL,CE,Towers with Radar,38,7,50,2,97,17,15,97,9,138,55,22,147,11,235,98,4,102,337
04/28/2004,RFD,IL,AGL,CE,Towers with Radar,30,6,38,2,76,22,3,21,14,60,52,9,59,16,136,32,4,36,172
04/29/2004,RFD,IL,AGL,CE,Towers with Radar,34,7,45,0,86,21,3,14,0,38,55,10,59,0,124,6,0,6,130
04/30/2004,RFD,IL,AGL,CE,Towers with Radar,39,5,55,0,99,0,0,7,0,7,39,5,62,0,106,2,0,2,108
05/01/2004,RFD,IL,AGL,CE,Towers with Radar,14,6,41,0,61,0,0,32,0,32,14,6,73,0,93,64,0,64,157
05/02/2004,RFD,IL,AGL,CE,Towers with Radar,5,4,46,0,55,0,0,156,0,156,5,4,202,0,211,38,0,38,249
05/03/2004,RFD,IL,AGL,CE,Towers with Radar,22,3,40,0,65,0,0,93,0,93,22,3,133,0,158,114,0,114,272
05/04/2004,RFD,IL,AGL,CE,Towers with Radar,33,9,55,2,99,23,0,53,0,76,56,9,108,2,175,36,0,36,211
05/05/2004,RFD,IL,AGL,CE,Towers with Radar,34,10,57,0,101,19,1,104,0,124,53,11,161,0,225,152,10,162,387
05/06/2004,RFD,IL,AGL,CE,Towers with Radar,29,8,48,1,86,22,9,26,3,60,51,17,74,4,146,4,18,22,168
05/07/2004,RFD,IL,AGL,CE,Towers with Radar,39,12,56,0,107,2,8,0,0,10,41,20,56,0,117,18,0,18,135
05/08/2004,RFD,IL,AGL,CE,Towers with Radar,9,5,33,0,47,0,0,56,0,56,9,5,89,0,103,54,0,54,157
05/09/2004,RFD,IL,AGL,CE,Towers with Radar,13,6,31,1,51,0,6,0,1,7,13,12,31,2,58,0,0,0,58
05/10/2004,RFD,IL,AGL,CE,Towers with Radar,18,2,44,0,64,0,0,22,0,22,18,2,66,0,86,50,0,50,136
05/11/2004,RFD,IL,AGL,CE,Towers with Radar,40,8,66,2,116,14,0,21,24,59,54,8,87,26,175,30,32,62,237
05/12/2004,RFD,IL,AGL,CE,Towers with Radar,30,9,51,1,91,21,8,20,1,50,51,17,71,2,141,62,0,62,203
05/13/2004,RFD,IL,AGL,CE,Towers with Radar,39,10,53,3,105,19,0,0,7,26,58,10,53,10,131,0,0,0,131
05/14/2004,RFD,IL,AGL,CE,Towers with Radar,37,1,64,0,102,0,0,52,0,52,37,1,116,0,154,4,0,4,158
05/15/2004,RFD,IL,AGL,CE,Towers with Radar,10,8,53,0,71,0,2,133,0,135,10,10,186,0,206,122,0,122,328
05/16/2004,RFD,IL,AGL,CE,Towers with Radar,6,2,42,0,50,0,0,34,0,34,6,2,76,0,84,40,0,40,124
05/17/2004,RFD,IL,AGL,CE,Towers with Radar,19,6,39,1,65,0,1,40,0,41,19,7,79,1,106,18,22,40,146
05/18/2004,RFD,IL,AGL,CE,Towers with Radar,41,10,65,0,116,13,9,5,0,27,54,19,70,0,143,40,0,40,183
05/19/2004,RFD,IL,AGL,CE,Towers with Radar,52,13,83,0,148,4,6,8,0,18,56,19,91,0,166,60,0,60,226
05/20/2004,RFD,IL,AGL,CE,Towers with Radar,38,6,61,0,105,18,0,16,0,34,56,6,77,0,139,12,0,12,151
05/21/2004,RFD,IL,AGL,CE,Towers with Radar,34,8,54,0,96,11,0,19,0,30,45,8,73,0,126,44,0,44,170
05/22/2004,RFD,IL,AGL,CE,Towers with Radar,15,3,34,0,52,0,0,1,0,1,15,3,35,0,53,0,0,0,53
05/23/2004,RFD,IL,AGL,CE,Towers with Radar,11,1,31,0,43,0,0,24,0,24,11,1,55,0,67,66,0,66,133
05/24/2004,RFD,IL,AGL,CE,Towers with Radar,14,9,59,0,82,0,20,196,0,216,14,29,255,0,298,74,0,74,372
05/25/2004,RFD,IL,AGL,CE,Towers with Radar,51,7,83,3,144,2,0,69,19,90,53,7,152,22,234,92,10,102,336
05/26/2004,RFD,IL,AGL,CE,Towers with Radar,45,11,71,0,127,9,11,143,0,163,54,22,214,0,290,210,0,210,500
05/27/2004,RFD,IL,AGL,CE,Towers with Radar,39,10,63,0,112,16,2,69,0,87,55,12,132,0,199,46,0,46,245
05/28/2004,RFD,IL,AGL,CE,Towers with Radar,41,3,70,0,114,0,0,133,0,133,41,3,203,0,247,126,0,126,373
05/29/2004,RFD,IL,AGL,CE,Towers with Radar,8,1,33,0,42,0,0,47,0,47,8,1,80,0,89,56,0,56,145
05/30/2004,RFD,IL,AGL,CE,Towers with Radar,7,1,10,0,18,0,0,0,0,0,7,1,10,0,18,0,0,0,18
05/31/2004,RFD,IL,AGL,CE,Towers with Radar,1,3,15,0,19,0,0,0,0,0,1,3,15,0,19,36,0,36,55
06/01/2004,RFD,IL,AGL,CE,Towers with Radar,15,3,52,1,71,0,0,31,7,38,15,3,83,8,109,30,50,80,189
06/02/2004,RFD,IL,AGL,CE,Towers with Radar,58,9,76,2,145,0,0,48,17,65,58,9,124,19,210,76,26,102,312
06/03/2004,RFD,IL,AGL,CE,Towers with Radar,50,8,62,0,120,12,18,122,0,152,62,26,184,0,272,144,0,144,416
06/04/2004,RFD,IL,AGL,CE,Towers with Radar,46,8,58,0,112,0,0,88,0,88,46,8,146,0,200,66,0,66,266
06/05/2004,RFD,IL,AGL,CE,Towers with Radar,9,5,38,0,52,0,0,116,0,116,9,5,154,0,168,72,0,72,240
06/06/2004,RFD,IL,AGL,CE,Towers with Radar,3,5,43,0,51,0,3,40,0,43,3,8,83,0,94,28,0,28,122
06/07/2004,RFD,IL,AGL,CE,Towers with Radar,19,6,50,2,77,0,4,89,4,97,19,10,139,6,174,110,56,166,340
06/08/2004,RFD,IL,AGL,CE,Towers with Radar,47,3,8,2,60,5,0,0,5,10,52,3,8,7,70,72,0,72,142
06/09/2004,RFD,IL,AGL,CE,Towers with Radar,42,6,53,0,101,15,0,23,0,38,57,6,76,0,139,24,0,24,163
06/10/2004,RFD,IL,AGL,CE,Towers with Radar,52,7,66,0,125,5,0,0,0,5,57,7,66,0,130,20,0,20,150
06/11/2004,RFD,IL,AGL,CE,Towers with Radar,42,6,72,0,120,0,0,14,0,14,42,6,86,0,134,14,0,14,148
06/12/2004,RFD,IL,AGL,CE,Towers with Radar,14,4,64,0,82,0,0,68,0,68,14,4,132,0,150,154,0,154,304
06/13/2004,RFD,IL,AGL,CE,Towers with Radar,6,5,52,1,64,0,0,37,0,37,6,5,89,1,101,182,0,182,283
06/14/2004,RFD,IL,AGL,CE,Towers with Radar,25,7,55,1,88,0,6,56,0,62,25,13,111,1,150,108,0,108,258
06/15/2004,RFD,IL,AGL,CE,Towers with Radar,46,8,58,0,112,9,6,59,0,74,55,14,117,0,186,78,0,78,264
06/16/2004,RFD,IL,AGL,CE,Towers with Radar,51,8,62,2,123,7,5,32,1,45,58,13,94,3,168,144,4,148,316
06/17/2004,RFD,IL,AGL,CE,Towers with Radar,57,8,80,3,148,0,0,36,3,39,57,8,116,6,187,120,6,126,313
06/18/2004,RFD,IL,AGL,CE,Towers with Radar,42,16,133,1,192,0,0,12,0,12,42,16,145,1,204,72,0,72,276
06/19/2004,RFD,IL,AGL,CE,Towers with Radar,11,2,45,0,58,0,0,94,0,94,11,2,139,0,152,180,0,180,332
06/20/2004,RFD,IL,AGL,CE,Towers with Radar,1,5,48,1,55,0,0,77,0,77,1,5,125,1,132,72,0,72,204
06/21/2004,RFD,IL,AGL,CE,Towers with Radar,19,7,50,1,77,0,8,17,1,26,19,15,67,2,103,2,18,20,123
06/22/2004,RFD,IL,AGL,CE,Towers with Radar,53,6,64,0,123,7,0,146,0,153,60,6,210,0,276,72,0,72,348
06/23/2004,RFD,IL,AGL,CE,Towers with Radar,53,5,65,2,125,0,0,110,14,124,53,5,175,16,249,94,16,110,359
06/24/2004,RFD,IL,AGL,CE,Towers with Radar,55,4,70,2,131,0,0,18,4,22,55,4,88,6,153,14,8,22,175
06/25/2004,RFD,IL,AGL,CE,Towers with Radar,42,9,73,2,126,0,13,89,2,104,42,22,162,4,230,118,26,144,374
06/26/2004,RFD,IL,AGL,CE,Towers with Radar,9,5,42,1,57,0,4,100,5,109,9,9,142,6,166,108,8,116,282
06/27/2004,RFD,IL,AGL,CE,Towers with Radar,3,3,45,0,51,0,0,52,0,52,3,3,97,0,103,62,0,62,165
06/28/2004,RFD,IL,AGL,CE,Towers with Radar,17,6,56,1,80,0,3,94,1,98,17,9,150,2,178,44,6,50,228
06/29/2004,RFD,IL,AGL,CE,Towers with Radar,50,6,61,1,118,0,0,120,10,130,50,6,181,11,248,92,0,92,340
06/30/2004,RFD,IL,AGL,CE,Towers with Radar,49,8,59,0,116,10,0,79,0,89,59,8,138,0,205,66,0,66,271
07/01/2004,RFD,IL,AGL,CE,Towers with Radar,39,11,59,0,109,20,2,67,0,89,59,13,126,0,198,76,0,76,274
07/02/2004,RFD,IL,AGL,CE,Towers with Radar,37,8,56,0,101,8,0,48,0,56,45,8,104,0,157,48,0,48,205
07/03/2004,RFD,IL,AGL,CE,Towers with Radar,12,6,22,0,40,0,2,0,0,2,12,8,22,0,42,8,0,8,50
07/04/2004,RFD,IL,AGL,CE,Towers with Radar,4,4,24,0,32,0,0,12,0,12,4,4,36,0,44,4,0,4,48
07/05/2004,RFD,IL,AGL,CE,Towers with Radar,3,6,50,0,59,0,0,62,0,62,3,6,112,0,121,78,0,78,199
07/06/2004,RFD,IL,AGL,CE,Towers with Radar,21,6,43,1,71,0,0,46,3,49,21,6,89,4,120,120,14,134,254
07/07/2004,RFD,IL,AGL,CE,Towers with Radar,39,9,59,1,108,16,0,69,9,94,55,9,128,10,202,94,28,122,324
07/08/2004,RFD,IL,AGL,CE,Towers with Radar,34,10,51,0,95,24,4,101,0,129,58,14,152,0,224,130,0,130,354
07/09/2004,RFD,IL,AGL,CE,Towers with Radar,37,11,56,0,104,6,13,15,0,34,43,24,71,0,138,4,0,4,142
07/10/2004,RFD,IL,AGL,CE,Towers with Radar,15,8,47,2,72,0,4,41,0,45,15,12,88,2,117,62,0,62,179
07/11/2004,RFD,IL,AGL,CE,Towers with Radar,3,6,37,1,47,0,1,67,1,69,3,7,104,2,116,62,0,62,178
07/12/2004,RFD,IL,AGL,CE,Towers with Radar,23,7,49,0,79,0,0,78,0,78,23,7,127,0,157,152,0,152,309
07/13/2004,RFD,IL,AGL,CE,Towers with Radar,35,9,52,2,98,20,12,19,9,60,55,21,71,11,158,10,26,36,194
07/14/2004,RFD,IL,AGL,CE,Towers with Radar,37,9,55,2,103,14,1,65,0,80,51,10,120,2,183,106,0,106,289
07/15/2004,RFD,IL,AGL,CE,Towers with Radar,36,6,53,0,95,16,0,95,0,111,52,6,148,0,206,104,0,104,310
07/16/2004,RFD,IL,AGL,CE,Towers with Radar,31,4,44,0,79,7,0,41,0,48,38,4,85,0,127,72,0,72,199
07/17/2004,RFD,IL,AGL,CE,Towers with Radar,17,5,48,2,72,0,0,52,6,58,17,5,100,8,130,46,12,58,188
07/18/2004,RFD,IL,AGL,CE,Towers with Radar,5,4,42,0,51,0,0,35,0,35,5,4,77,0,86,51,0,51,137
07/19/2004,RFD,IL,AGL,CE,Towers with Radar,16,4,45,0,65,0,0,54,0,54,16,4,99,0,119,132,0,132,251
07/20/2004,RFD,IL,AGL,CE,Towers with Radar,36,9,51,1,97,30,4,78,1,113,66,13,129,2,210,24,0,24,234
07/21/2004,RFD,IL,AGL,CE,Towers with Radar,28,7,42,0,77,31,1,0,0,32,59,8,42,0,109,22,0,22,131
07/22/2004,RFD,IL,AGL,CE,Towers with Radar,36,9,52,0,97,45,7,24,0,76,81,16,76,0,173,70,0,70,243
07/23/2004,RFD,IL,AGL,CE,Towers with Radar,34,2,49,0,85,6,0,99,0,105,40,2,148,0,190,112,0,112,302
07/24/2004,RFD,IL,AGL,CE,Towers with Radar,11,2,42,0,55,0,0,206,0,206,11,2,248,0,261,68,0,68,329
07/25/2004,RFD,IL,AGL,CE,Towers with Radar,3,7,50,0,60,0,0,156,0,156,3,7,206,0,216,188,0,188,404
07/26/2004,RFD,IL,AGL,CE,Towers with Radar,22,8,50,0,80,0,4,109,0,113,22,12,159,0,193,198,0,198,391
07/27/2004,RFD,IL,AGL,CE,Towers with Radar,39,10,57,0,106,18,1,87,0,106,57,11,144,0,212,82,0,82,294
07/28/2004,RFD,IL,AGL,CE,Towers with Radar,42,10,61,0,113,11,0,94,0,105,53,10,155,0,218,58,0,58,276
07/29/2004,RFD,IL,AGL,CE,Towers with Radar,51,5,74,0,130,41,0,81,0,122,92,5,155,0,252,98,0,98,350
07/30/2004,RFD,IL,AGL,CE,Towers with Radar,41,12,86,0,139,0,0,21,0,21,41,12,107,0,160,4,0,4,164
07/31/2004,RFD,IL,AGL,CE,Towers with Radar,10,11,63,0,84,0,4,134,0,138,10,15,197,0,222,126,0,126,348
08/01/2004,RFD,IL,AGL,CE,Towers with Radar,3,2,62,3,70,0,0,55,0,55,3,2,117,3,125,64,0,64,189
08/02/2004,RFD,IL,AGL,CE,Towers with Radar,20,7,43,0,70,0,0,69,0,69,20,7,112,0,139,94,0,94,233
08/03/2004,RFD,IL,AGL,CE,Towers with Radar,30,8,47,0,85,21,13,46,0,80,51,21,93,0,165,64,0,64,229
08/04/2004,RFD,IL,AGL,CE,Towers with Radar,38,7,59,1,105,20,0,42,0,62,58,7,101,1,167,18,2,20,187
08/05/2004,RFD,IL,AGL,CE,Towers with Radar,39,10,59,3,111,24,6,117,11,158,63,16,176,14,269,134,36,170,439
08/06/2004,RFD,IL,AGL,CE,Towers with Radar,31,3,50,0,84,10,0,117,0,127,41,3,167,0,211,190,0,190,401
08/07/2004,RFD,IL,AGL,CE,Towers with Radar,11,7,42,1,61,0,8,89,0,97,11,15,131,1,158,116,0,116,274
08/08/2004,RFD,IL,AGL,CE,Towers with Radar,5,4,38,0,47,0,0,58,0,58,5,4,96,0,105,84,0,84,189
08/09/2004,RFD,IL,AGL,CE,Towers with Radar,19,5,34,1,59,0,0,22,1,23,19,5,56,2,82,54,18,72,154
08/10/2004,RFD,IL,AGL,CE,Towers with Radar,38,7,58,4,107,15,0,31,0,46,53,7,89,4,153,24,18,42,195
08/11/2004,RFD,IL,AGL,CE,Towers with Radar,38,10,58,4,110,11,0,50,5,66,49,10,108,9,176,38,2,40,216
08/12/2004,RFD,IL,AGL,CE,Towers with Radar,53,6,81,1,141,2,0,11,0,13,55,6,92,1,154,22,14,36,190
08/13/2004,RFD,IL,AGL,CE,Towers with Radar,32,7,50,3,92,4,0,67,11,82,36,7,117,14,174,104,24,128,302
08/14/2004,RFD,IL,AGL,CE,Towers with Radar,8,6,37,0,51,0,4,65,0,69,8,10,102,0,120,48,0,48,168
08/15/2004,RFD,IL,AGL,CE,Towers with Radar,4,4,37,0,45,0,0,64,0,64,4,4,101,0,109,77,0,77,186
08/16/2004,RFD,IL,AGL,CE,Towers with Radar,15,9,61,0,85,0,0,46,0,46,15,9,107,0,131,74,0,74,205
08/17/2004,RFD,IL,AGL,CE,Towers with Radar,24,5,35,0,64,32,2,35,0,69,56,7,70,0,133,108,0,108,241
08/18/2004,RFD,IL,AGL,CE,Towers with Radar,43,10,64,0,117,12,2,20,0,34,55,12,84,0,151,12,0,12,163
08/19/2004,RFD,IL,AGL,CE,Towers with Radar,47,11,70,4,132,20,5,76,11,112,67,16,146,15,244,62,16,78,322
08/20/2004,RFD,IL,AGL,CE,Towers with Radar,31,7,46,0,84,13,10,55,0,78,44,17,101,0,162,62,0,62,224
08/21/2004,RFD,IL,AGL,CE,Towers with Radar,9,5,38,3,55,0,0,96,3,99,9,5,134,6,154,14,10,24,178
08/22/2004,RFD,IL,AGL,CE,Towers with Radar,6,5,38,0,49,0,0,53,0,53,6,5,91,0,102,24,0,24,126
08/23/2004,RFD,IL,AGL,CE,Towers with Radar,17,9,52,0,78,0,1,40,0,41,17,10,92,0,119,22,2,24,143
08/24/2004,RFD,IL,AGL,CE,Towers with Radar,33,6,47,2,88,27,0,0,4,31,60,6,47,6,119,42,16,58,177
08/25/2004,RFD,IL,AGL,CE,Towers with Radar,44,10,66,0,120,10,2,12,0,24,54,12,78,0,144,10,0,10,154
08/26/2004,RFD,IL,AGL,CE,Towers with Radar,43,10,64,3,120,7,1,61,4,73,50,11,125,7,193,30,0,30,223
08/27/2004,RFD,IL,AGL,CE,Towers with Radar,36,8,54,2,100,14,5,60,15,94,50,13,114,17,194,132,32,164,358
08/28/2004,RFD,IL,AGL,CE,Towers with Radar,13,7,46,0,66,0,5,59,0,64,13,12,105,0,130,30,0,30,160
08/29/2004,RFD,IL,AGL,CE,Towers with Radar,4,9,52,0,65,0,2,45,0,47,4,11,97,0,112,100,0,100,212
08/30/2004,RFD,IL,AGL,CE,Towers with Radar,16,6,39,2,63,0,7,82,7,96,16,13,121,9,159,80,16,96,255
08/31/2004,RFD,IL,AGL,CE,Towers with Radar,36,9,53,2,100,15,1,108,3,127,51,10,161,5,227,116,10,126,353
09/01/2004,RFD,IL,AGL,CE,Towers with Radar,35,11,45,3,94,21,2,55,0,78,56,13,100,3,172,60,10,70,242
09/02/2004,RFD,IL,AGL,CE,Towers with Radar,40,13,51,4,108,21,0,77,19,117,61,13,128,23,225,82,30,112,337
09/03/2004,RFD,IL,AGL,CE,Towers with Radar,44,14,57,0,115,0,1,90,0,91,44,15,147,0,206,78,0,78,284
09/04/2004,RFD,IL,AGL,CE,Towers with Radar,9,4,32,0,45,0,0,39,0,39,9,4,71,0,84,86,0,86,170
09/05/2004,RFD,IL,AGL,CE,Towers with Radar,4,5,29,2,40,0,0,33,1,34,4,5,62,3,74,32,24,56,130
09/06/2004,RFD,IL,AGL,CE,Towers with Radar,1,5,38,0,44,0,0,27,0,27,1,5,65,0,71,0,0,0,71
09/07/2004,RFD,IL,AGL,CE,Towers with Radar,27,2,39,0,68,0,0,75,0,75,27,2,114,0,143,60,0,60,203
09/08/2004,RFD,IL,AGL,CE,Towers with Radar,35,10,44,0,89,19,0,79,0,98,54,10,123,0,187,80,0,80,267
09/09/2004,RFD,IL,AGL,CE,Towers with Radar,42,5,53,0,100,16,0,40,0,56,58,5,93,0,156,12,0,12,168
09/10/2004,RFD,IL,AGL,CE,Towers with Radar,33,12,55,0,100,0,4,83,0,87,33,16,138,0,187,30,0,30,217
09/11/2004,RFD,IL,AGL,CE,Towers with Radar,11,6,29,0,46,0,6,92,0,98,11,12,121,0,144,22,0,22,166
09/12/2004,RFD,IL,AGL,CE,Towers with Radar,25,4,35,0,64,0,0,66,0,66,25,4,101,0,130,30,0,30,160
09/13/2004,RFD,IL,AGL,CE,Towers with Radar,16,1,31,0,48,0,0,39,0,39,16,1,70,0,87,8,26,34,121
09/14/2004,RFD,IL,AGL,CE,Towers with Radar,40,12,48,4,104,14,10,59,28,111,54,22,107,32,215,62,102,164,379
09/15/2004,RFD,IL,AGL,CE,Towers with Radar,43,13,52,5,113,5,6,28,1,40,48,19,80,6,153,22,0,22,175
09/16/2004,RFD,IL,AGL,CE,Towers with Radar,43,12,52,5,112,13,0,96,6,115,56,12,148,11,227,56,12,68,295
09/17/2004,RFD,IL,AGL,CE,Towers with Radar,38,11,46,3,98,2,0,66,0,68,40,11,112,3,166,14,20,34,200
09/18/2004,RFD,IL,AGL,CE,Towers with Radar,9,7,32,0,48,0,2,58,0,60,9,9,90,0,108,80,0,80,188
09/19/2004,RFD,IL,AGL,CE,Towers with Radar,5,5,38,0,48,0,0,67,0,67,5,5,105,0,115,38,0,38,153
09/20/2004,RFD,IL,AGL,CE,Towers with Radar,17,4,33,0,54,0,0,77,0,77,17,4,110,0,131,0,0,0,131
09/21/2004,RFD,IL,AGL,CE,Towers with Radar,32,8,38,3,81,20,1,87,0,108,52,9,125,3,189,74,24,98,287
09/22/2004,RFD,IL,AGL,CE,Towers with Radar,40,11,49,0,100,13,16,73,0,102,53,27,122,0,202,44,0,44,246
09/23/2004,RFD,IL,AGL,CE,Towers with Radar,42,12,50,0,104,13,9,62,0,84,55,21,112,0,188,36,0,36,224
09/24/2004,RFD,IL,AGL,CE,Towers with Radar,39,12,53,0,104,0,1,51,0,52,39,13,104,0,156,28,0,28,184
09/25/2004,RFD,IL,AGL,CE,Towers with Radar,10,3,30,1,44,0,0,93,0,93,10,3,123,1,137,78,0,78,215
09/26/2004,RFD,IL,AGL,CE,Towers with Radar,29,3,34,0,66,5,0,77,0,82,34,3,111,0,148,8,0,8,156
09/27/2004,RFD,IL,AGL,CE,Towers with Radar,17,8,36,2,63,0,5,85,0,90,17,13,121,2,153,88,4,92,245
09/28/2004,RFD,IL,AGL,CE,Towers with Radar,49,13,60,0,122,2,2,48,0,52,51,15,108,0,174,58,0,58,232
09/29/2004,RFD,IL,AGL,CE,Towers with Radar,42,12,53,0,107,15,3,61,0,79,57,15,114,0,186,50,0,50,236
09/30/2004,RFD,IL,AGL,CE,Towers with Radar,41,12,51,4,108,20,0,78,3,101,61,12,129,7,209,50,46,96,305
10/01/2004,RFD,IL,AGL,CE,Combined TRACON& Tower with Radar,40,18,35,5,98,0,0,29,8,37,40,18,64,13,135,12,18,30,165
10/02/2004,RFD,IL,AGL,CE,Combined TRACON& Tower with Radar,11,4,27,4,46,0,0,92,4,96,11,4,119,8,142,58,4,62,204
10/03/2004,RFD,IL,AGL,CE,Combined TRACON& Tower with Radar,7,8,42,0,57,0,1,54,0,55,7,9,96,0,112,10,0,10,122
10/04/2004,RFD,IL,AGL,CE,Combined TRACON& Tower with Radar,19,8,26,0,53,0,1,44,9,54,19,9,70,9,107,26,2,28,135
10/05/2004,RFD,IL,AGL,CE,Combined TRACON& Tower with Radar,63,9,25,6,103,14,0,42,0,56,77,9,67,6,159,30,14,44,203
10/06/2004,RFD,IL,AGL,CE,Combined TRACON& Tower with Radar,55,12,71,2,140,0,1,37,0,38,55,13,108,2,178,68,0,68,246
10/07/2004,RFD,IL,AGL,CE,Combined TRACON& Tower with Radar,56,18,48,0,122,0,4,68,0,72,56,22,116,0,194,14,0,14,208
10/08/2004,RFD,IL,AGL,CE,Combined TRACON& Tower with Radar,42,12,61,10,125,0,0,11,6,17,42,12,72,16,142,0,2,2,144
10/09/2004,RFD,IL,AGL,CE,Combined TRACON& Tower with Radar,11,4,42,0,57,0,0,69,0,69,11,4,111,0,126,88,0,88,214
10/10/2004,RFD,IL,AGL,CE,Combined TRACON& Tower with Radar,6,2,25,0,33,0,0,70,2,72,6,2,95,2,105,82,0,82,187
10/11/2004,RFD,IL,AGL,CE,Combined TRACON& Tower with Radar,18,22,60,0,100,0,7,72,0,79,18,29,132,0,179,58,0,58,237
10/12/2004,RFD,IL,AGL,CE,Combined TRACON& Tower with Radar,68,2,49,0,119,0,0,47,0,47,68,2,96,0,166,62,0,62,228
10/13/2004,RFD,IL,AGL,CE,Combined TRACON& Tower with Radar,53,8,45,8,114,0,0,61,7,68,53,8,106,15,182,44,28,72,254
10/14/2004,RFD,IL,AGL,CE,Combined TRACON& Tower with Radar,53,8,62,6,129,0,0,11,0,11,53,8,73,6,140,34,0,34,174
10/15/2004,RFD,IL,AGL,CE,Combined TRACON& Tower with Radar,41,13,40,5,99,0,0,22,4,26,41,13,62,9,125,32,30,62,187
10/16/2004,RFD,IL,AGL,CE,Combined TRACON& Tower with Radar,10,4,35,0,49,0,0,29,0,29,10,4,64,0,78,0,0,0,78
10/17/2004,RFD,IL,AGL,CE,Combined TRACON& Tower with Radar,9,5,94,0,108,0,0,43,0,43,9,5,137,0,151,146,0,146,297
10/18/2004,RFD,IL,AGL,CE,Combined TRACON& Tower with Radar,19,7,64,11,101,0,0,24,0,24,19,7,88,11,125,56,0,56,181
10/19/2004,RFD,IL,AGL,CE,Combined TRACON& Tower with Radar,52,18,84,10,164,0,0,1,2,3,52,18,85,12,167,86,6,92,259
10/20/2004,RFD,IL,AGL,CE,Combined TRACON& Tower with Radar,55,8,142,0,205,0,0,8,0,8,55,8,150,0,213,38,0,38,251
10/21/2004,RFD,IL,AGL,CE,Combined TRACON& Tower with Radar,59,6,56,0,121,0,0,37,0,37,59,6,93,0,158,48,0,48,206
10/22/2004,RFD,IL,AGL,CE,Combined TRACON& Tower with Radar,36,11,67,0,114,0,0,4,0,4,36,11,71,0,118,22,0,22,140
10/23/2004,RFD,IL,AGL,CE,Combined TRACON& Tower with Radar,9,7,21,0,37,0,1,10,0,11,9,8,31,0,48,0,0,0,48
10/24/2004,RFD,IL,AGL,CE,Combined TRACON& Tower with Radar,6,5,61,0,72,0,0,107,0,107,6,5,168,0,179,52,0,52,231
10/25/2004,RFD,IL,AGL,CE,Combined TRACON& Tower with Radar,18,8,73,0,99,0,0,87,0,87,18,8,160,0,186,54,2,56,242
10/26/2004,RFD,IL,AGL,CE,Combined TRACON& Tower with Radar,53,7,62,6,128,0,0,16,7,23,53,7,78,13,151,4,6,10,161
10/27/2004,RFD,IL,AGL,CE,Combined TRACON& Tower with Radar,55,16,70,14,155,3,0,31,10,44,58,16,101,24,199,18,8,26,225
10/28/2004,RFD,IL,AGL,CE,Combined TRACON& Tower with Radar,61,16,69,6,152,0,0,24,0,24,61,16,93,6,176,10,14,24,200
10/29/2004,RFD,IL,AGL,CE,Combined TRACON& Tower with Radar,42,11,51,0,104,0,1,30,0,31,42,12,81,0,135,0,0,0,135
10/30/2004,RFD,IL,AGL,CE,Combined TRACON& Tower with Radar,15,4,14,0,33,0,0,6,0,6,15,4,20,0,39,0,0,0,39
10/31/2004,RFD,IL,AGL,CE,Combined TRACON& Tower with Radar,4,5,65,0,74,0,5,60,0,65,4,10,125,0,139,26,0,26,165
11/01/2004,RFD,IL,AGL,CE,Combined TRACON& Tower with Radar,20,10,39,0,69,0,0,7,0,7,20,10,46,0,76,6,0,6,82
11/02/2004,RFD,IL,AGL,CE,Combined TRACON& Tower with Radar,63,15,48,0,126,5,0,34,0,39,68,15,82,0,165,38,0,38,203
11/03/2004,RFD,IL,AGL,CE,Combined TRACON& Tower with Radar,49,6,39,4,98,0,0,42,0,42,49,6,81,4,140,50,30,80,220
11/04/2004,RFD,IL,AGL,CE,Combined TRACON& Tower with Radar,61,7,35,0,103,0,2,14,0,16,61,9,49,0,119,52,0,52,171
11/05/2004,RFD,IL,AGL,CE,Combined TRACON& Tower with Radar,40,4,46,0,90,0,0,64,0,64,40,4,110,0,154,24,0,24,178
11/06/2004,RFD,IL,AGL,CE,Combined TRACON& Tower with Radar,8,2,33,0,43,0,0,72,0,72,8,2,105,0,115,34,0,34,149
11/07/2004,RFD,IL,AGL,CE,Combined TRACON& Tower with Radar,5,2,39,0,46,0,0,58,0,58,5,2,97,0,104,80,0,80,184
11/08/2004,RFD,IL,AGL,CE,Combined TRACON& Tower with Radar,18,6,49,2,75,0,1,51,2,54,18,7,100,4,129,42,4,46,175
11/09/2004,RFD,IL,AGL,CE,Combined TRACON& Tower with Radar,50,13,71,8,142,0,0,74,0,74,50,13,145,8,216,72,14,86,302
11/10/2004,RFD,IL,AGL,CE,Combined TRACON& Tower with Radar,57,10,63,10,140,0,5,27,0,32,57,15,90,10,172,106,62,168,340
11/11/2004,RFD,IL,AGL,CE,Combined TRACON& Tower with Radar,58,12,33,0,103,0,0,38,0,38,58,12,71,0,141,74,0,74,215
11/12/2004,RFD,IL,AGL,CE,Combined TRACON& Tower with Radar,39,16,59,0,114,0,0,61,0,61,39,16,120,0,175,64,0,64,239
11/13/2004,RFD,IL,AGL,CE,Combined TRACON& Tower with Radar,7,13,32,0,52,0,1,98,0,99,7,14,130,0,151,80,0,80,231
11/14/2004,RFD,IL,AGL,CE,Combined TRACON& Tower with Radar,4,5,39,0,48,0,0,50,0,50,4,5,89,0,98,70,4,74,172
11/15/2004,RFD,IL,AGL,CE,Combined TRACON& Tower with Radar,16,6,39,11,72,0,1,40,0,41,16,7,79,11,113,30,26,56,169
11/16/2004,RFD,IL,AGL,CE,Combined TRACON& Tower with Radar,57,9,105,18,189,0,0,39,15,54,57,9,144,33,243,12,0,12,255
11/17/2004,RFD,IL,AGL,CE,Combined TRACON& Tower with Radar,52,14,79,11,156,0,0,43,9,52,52,14,122,20,208,24,0,24,232
11/18/2004,RFD,IL,AGL,CE,Combined TRACON& Tower with Radar,54,10,75,2,141,0,0,0,0,0,54,10,75,2,141,4,8,12,153
11/19/2004,RFD,IL,AGL,CE,Combined TRACON& Tower with Radar,39,8,48,0,95,0,0,1,0,1,39,8,49,0,96,0,0,0,96
11/20/2004,RFD,IL,AGL,CE,Combined TRACON& Tower with Radar,14,5,175,0,194,0,0,15,0,15,14,5,190,0,209,52,0,52,261
11/21/2004,RFD,IL,AGL,CE,Combined TRACON& Tower with Radar,5,0,125,0,130,0,0,74,0,74,5,0,199,0,204,120,0,120,324
11/22/2004,RFD,IL,AGL,CE,Combined TRACON& Tower with Radar,18,7,49,3,77,0,0,49,2,51,18,7,98,5,128,64,10,74,202
11/23/2004,RFD,IL,AGL,CE,Combined TRACON& Tower with Radar,72,10,57,0,139,0,0,72,0,72,72,10,129,0,211,164,0,164,375
11/24/2004,RFD,IL,AGL,CE,Combined TRACON& Tower with Radar,65,7,32,0,104,0,1,5,0,6,65,8,37,0,110,0,0,0,110
11/25/2004,RFD,IL,AGL,CE,Combined TRACON& Tower with Radar,33,3,12,0,48,0,0,39,0,39,33,3,51,0,87,4,2,6,93
11/26/2004,RFD,IL,AGL,CE,Combined TRACON& Tower with Radar,6,3,23,0,32,0,0,28,0,28,6,3,51,0,60,42,0,42,102
11/27/2004,RFD,IL,AGL,CE,Combined TRACON& Tower with Radar,3,5,19,0,27,0,2,7,0,9,3,7,26,0,36,0,0,0,36
11/28/2004,RFD,IL,AGL,CE,Combined TRACON& Tower with Radar,6,1,70,0,77,0,0,93,0,93,6,1,163,0,170,88,0,88,258
11/29/2004,RFD,IL,AGL,CE,Combined TRACON& Tower with Radar,18,9,37,0,64,0,1,13,0,14,18,10,50,0,78,14,0,14,92
11/30/2004,RFD,IL,AGL,CE,Combined TRACON& Tower with Radar,64,9,18,0,91,0,2,17,0,19,64,11,35,0,110,14,0,14,124
12/01/2004,RFD,IL,AGL,CE,Combined TRACON& Tower with Radar,65,7,37,0,109,0,5,104,1,110,65,12,141,1,219,58,0,58,277
12/02/2004,RFD,IL,AGL,CE,Combined TRACON& Tower with Radar,62,9,50,0,121,0,1,89,0,90,62,10,139,0,211,38,0,38,249
12/03/2004,RFD,IL,AGL,CE,Combined TRACON& Tower with Radar,43,11,31,0,85,0,1,64,0,65,43,12,95,0,150,12,0,12,162
12/04/2004,RFD,IL,AGL,CE,Combined TRACON& Tower with Radar,14,3,32,6,55,0,2,53,0,55,14,5,85,6,110,30,12,42,152
12/05/2004,RFD,IL,AGL,CE,Combined TRACON& Tower with Radar,6,0,36,0,42,0,0,54,0,54,6,0,90,0,96,86,0,86,182
12/06/2004,RFD,IL,AGL,CE,Combined TRACON& Tower with Radar,18,16,27,0,61,0,1,7,0,8,18,17,34,0,69,0,0,0,69
12/07/2004,RFD,IL,AGL,CE,Combined TRACON& Tower with Radar,70,9,56,7,142,0,0,11,6,17,70,9,67,13,159,14,6,20,179
12/08/2004,RFD,IL,AGL,CE,Combined TRACON& Tower with Radar,70,23,89,0,182,0,2,18,2,22,70,25,107,2,204,60,0,60,264
12/09/2004,RFD,IL,AGL,CE,Combined TRACON& Tower with Radar,66,21,65,0,152,3,4,2,0,9,69,25,67,0,161,2,0,2,163
12/10/2004,RFD,IL,AGL,CE,Combined TRACON& Tower with Radar,48,18,39,5,110,0,0,2,0,2,48,18,41,5,112,2,2,4,116
12/11/2004,RFD,IL,AGL,CE,Combined TRACON& Tower with Radar,15,8,53,0,76,0,0,50,0,50,15,8,103,0,126,62,0,62,188
12/12/2004,RFD,IL,AGL,CE,Combined TRACON& Tower with Radar,6,9,14,0,29,0,0,10,0,10,6,9,24,0,39,4,0,4,43
12/13/2004,RFD,IL,AGL,CE,Combined TRACON& Tower with Radar,19,9,26,0,54,0,0,17,0,17,19,9,43,0,71,2,0,2,73
12/14/2004,RFD,IL,AGL,CE,Combined TRACON& Tower with Radar,64,16,64,0,144,0,0,37,0,37,64,16,101,0,181,54,0,54,235
12/15/2004,RFD,IL,AGL,CE,Combined TRACON& Tower with Radar,61,24,32,0,117,0,0,55,0,55,61,24,87,0,172,44,0,44,216
12/16/2004,RFD,IL,AGL,CE,Combined TRACON& Tower with Radar,70,20,48,0,138,0,8,43,0,51,70,28,91,0,189,66,0,66,255
12/17/2004,RFD,IL,AGL,CE,Combined TRACON& Tower with Radar,46,16,49,0,111,0,0,67,0,67,46,16,116,0,178,70,0,70,248
12/18/2004,RFD,IL,AGL,CE,Combined TRACON& Tower with Radar,11,9,20,0,40,0,0,39,0,39,11,9,59,0,79,18,0,18,97
12/19/2004,RFD,IL,AGL,CE,Combined TRACON& Tower with Radar,8,7,22,0,37,0,0,30,0,30,8,7,52,0,67,8,0,8,75
12/20/2004,RFD,IL,AGL,CE,Combined TRACON& Tower with Radar,28,4,22,6,60,0,0,12,1,13,28,4,34,7,73,24,0,24,97
12/21/2004,RFD,IL,AGL,CE,Combined TRACON& Tower with Radar,77,23,43,0,143,0,5,52,0,57,77,28,95,0,200,36,0,36,236
12/22/2004,RFD,IL,AGL,CE,Combined TRACON& Tower with Radar,73,20,75,0,168,0,0,17,0,17,73,20,92,0,185,10,0,10,195
12/23/2004,RFD,IL,AGL,CE,Combined TRACON& Tower with Radar,73,14,42,0,129,0,2,57,0,59,73,16,99,0,188,14,0,14,202
12/24/2004,RFD,IL,AGL,CE,Combined TRACON& Tower with Radar,59,7,8,0,74,0,0,20,0,20,59,7,28,0,94,2,0,2,96
12/25/2004,RFD,IL,AGL,CE,Combined TRACON& Tower with Radar,2,1,1,0,4,0,0,0,0,0,2,1,1,0,4,0,0,0,4
12/26/2004,RFD,IL,AGL,CE,Combined TRACON& Tower with Radar,9,4,36,0,49,0,0,67,0,67,9,4,103,0,116,2,0,2,118
12/27/2004,RFD,IL,AGL,CE,Combined TRACON& Tower with Radar,23,4,48,0,75,0,0,72,0,72,23,4,120,0,147,38,0,38,185
12/28/2004,RFD,IL,AGL,CE,Combined TRACON& Tower with Radar,58,4,28,0,90,0,0,50,0,50,58,4,78,0,140,22,0,22,162
12/29/2004,RFD,IL,AGL,CE,Combined TRACON& Tower with Radar,62,5,113,0,180,0,0,1,0,1,62,5,114,0,181,12,0,12,193
12/30/2004,RFD,IL,AGL,CE,Combined TRACON& Tower with Radar,65,7,20,0,92,2,0,5,0,7,67,7,25,0,99,0,0,0,99
12/31/2004,RFD,IL,AGL,CE,Combined TRACON& Tower with Radar,41,2,28,0,71,0,0,38,0,38,41,2,66,0,109,60,0,60,169
01/01/2005,RFD,IL,AGL,CE,Combined TRACON& Tower with Radar,3,4,11,0,18,0,0,7,0,7,3,4,18,0,25,26,0,26,51
01/02/2005,RFD,IL,AGL,CE,Combined TRACON& Tower with Radar,7,2,29,0,38,0,0,5,0,5,7,2,34,0,43,15,0,15,58
01/03/2005,RFD,IL,AGL,CE,Combined TRACON& Tower with Radar,18,3,5,0,26,0,0,1,0,1,18,3,6,0,27,0,0,0,27
01/04/2005,RFD,IL,AGL,CE,Combined TRACON& Tower with Radar,50,3,60,0,113,0,0,0,0,0,50,3,60,0,113,2,0,2,115
01/05/2005,RFD,IL,AGL,CE,Combined TRACON& Tower with Radar,49,4,7,0,60,0,0,0,0,0,49,4,7,0,60,0,0,0,60
01/06/2005,RFD,IL,AGL,CE,Combined TRACON& Tower with Radar,59,8,21,0,88,0,0,13,0,13,59,8,34,0,101,30,0,30,131
01/07/2005,RFD,IL,AGL,CE,Combined TRACON& Tower with Radar,41,7,35,0,83,0,0,23,0,23,41,7,58,0,106,6,0,6,112
01/08/2005,RFD,IL,AGL,CE,Combined TRACON& Tower with Radar,9,5,29,10,53,0,0,27,8,35,9,5,56,18,88,0,0,0,88
01/09/2005,RFD,IL,AGL,CE,Combined TRACON& Tower with Radar,2,1,21,0,24,0,0,0,0,0,2,1,21,0,24,0,0,0,24
01/10/2005,RFD,IL,AGL,CE,Combined TRACON& Tower with Radar,18,9,55,0,82,0,0,56,0,56,18,9,111,0,138,14,0,14,152
01/11/2005,RFD,IL,AGL,CE,Combined TRACON& Tower with Radar,56,5,18,0,79,0,0,0,0,0,56,5,18,0,79,0,0,0,79
01/12/2005,RFD,IL,AGL,CE,Combined TRACON& Tower with Radar,58,16,1,0,75,0,0,0,0,0,58,16,1,0,75,0,0,0,75
01/13/2005,RFD,IL,AGL,CE,Combined TRACON& Tower with Radar,56,12,20,0,88,0,3,3,0,6,56,15,23,0,94,4,0,4,98
01/14/2005,RFD,IL,AGL,CE,Combined TRACON& Tower with Radar,40,9,56,0,105,0,1,27,0,28,40,10,83,0,133,0,0,0,133
01/15/2005,RFD,IL,AGL,CE,Combined TRACON& Tower with Radar,11,9,33,0,53,0,0,42,0,42,11,9,75,0,95,30,0,30,125
01/16/2005,RFD,IL,AGL,CE,Combined TRACON& Tower with Radar,2,8,43,0,53,0,2,43,0,45,2,10,86,0,98,30,0,30,128
01/17/2005,RFD,IL,AGL,CE,Combined TRACON& Tower with Radar,17,6,31,0,54,0,0,36,0,36,17,6,67,0,90,0,0,0,90
01/18/2005,RFD,IL,AGL,CE,Combined TRACON& Tower with Radar,52,17,39,22,130,0,0,43,12,55,52,17,82,34,185,0,46,46,231
01/19/2005,RFD,IL,AGL,CE,Combined TRACON& Tower with Radar,51,6,40,0,97,0,0,49,0,49,51,6,89,0,146,10,0,10,156
01/20/2005,RFD,IL,AGL,CE,Combined TRACON& Tower with Radar,55,6,23,0,84,0,0,2,0,2,55,6,25,0,86,0,0,0,86
01/21/2005,RFD,IL,AGL,CE,Combined TRACON& Tower with Radar,40,10,40,0,90,0,0,20,0,20,40,10,60,0,110,0,0,0,110
01/22/2005,RFD,IL,AGL,CE,Combined TRACON& Tower with Radar,26,2,11,0,39,0,0,8,0,8,26,2,19,0,47,0,0,0,47
01/23/2005,RFD,IL,AGL,CE,Combined TRACON& Tower with Radar,2,4,50,0,56,0,0,56,0,56,2,4,106,0,112,26,0,26,138
01/24/2005,RFD,IL,AGL,CE,Combined TRACON& Tower with Radar,18,8,43,3,72,0,0,52,2,54,18,8,95,5,126,48,10,58,184
01/25/2005,RFD,IL,AGL,CE,Combined TRACON& Tower with Radar,51,9,36,10,106,0,9,50,8,67,51,18,86,18,173,12,10,22,195
01/26/2005,RFD,IL,AGL,CE,Combined TRACON& Tower with Radar,52,7,35,0,94,0,0,29,0,29,52,7,64,0,123,48,0,48,171
01/27/2005,RFD,IL,AGL,CE,Combined TRACON& Tower with Radar,55,9,66,0,130,0,0,82,0,82,55,9,148,0,212,52,0,52,264
01/28/2005,RFD,IL,AGL,CE,Combined TRACON& Tower with Radar,38,5,60,0,103,0,0,55,0,55,38,5,115,0,158,14,0,14,172
01/29/2005,RFD,IL,AGL,CE,Combined TRACON& Tower with Radar,13,3,21,0,37,0,0,58,0,58,13,3,79,0,95,36,0,36,131
01/30/2005,RFD,IL,AGL,CE,Combined TRACON& Tower with Radar,3,5,61,0,69,0,3,66,0,69,3,8,127,0,138,76,0,76,214
01/31/2005,RFD,IL,AGL,CE,Combined TRACON& Tower with Radar,18,5,37,0,60,0,0,24,0,24,18,5,61,0,84,34,0,34,118
02/01/2005,RFD,IL,AGL,CE,Combined TRACON& Tower with Radar,48,1,90,0,139,0,0,5,0,5,48,1,95,0,144,22,0,22,166
02/02/2005,RFD,IL,AGL,CE,Combined TRACON& Tower with Radar,57,5,64,0,126,0,0,79,0,79,57,5,143,0,205,140,0,140,345
02/03/2005,RFD,IL,AGL,CE,Combined TRACON& Tower with Radar,55,6,41,6,108,0,0,54,2,56,55,6,95,8,164,42,22,64,228
02/04/2005,RFD,IL,AGL,CE,Combined TRACON& Tower with Radar,44,16,69,0,129,0,2,76,0,78,44,18,145,0,207,12,0,12,219
02/05/2005,RFD,IL,AGL,CE,Combined TRACON& Tower with Radar,10,3,60,0,73,0,0,77,0,77,10,3,137,0,150,44,0,44,194
02/06/2005,RFD,IL,AGL,CE,Combined TRACON& Tower with Radar,5,1,42,0,48,0,2,49,0,51,5,3,91,0,99,36,0,36,135
02/07/2005,RFD,IL,AGL,CE,Combined TRACON& Tower with Radar,20,5,12,4,41,0,0,0,2,2,20,5,12,6,43,0,0,0,43
02/08/2005,RFD,IL,AGL,CE,Combined TRACON& Tower with Radar,55,8,44,0,107,0,0,16,18,34,55,8,60,18,141,20,4,24,165
02/09/2005,RFD,IL,AGL,CE,Combined TRACON& Tower with Radar,54,4,50,0,108,0,0,17,0,17,54,4,67,0,125,0,0,0,125
02/10/2005,RFD,IL,AGL,CE,Combined TRACON& Tower with Radar,57,14,86,0,157,0,0,36,0,36,57,14,122,0,193,50,0,50,243
02/11/2005,RFD,IL,AGL,CE,Combined TRACON& Tower with Radar,0,11,65,0,76,47,0,65,0,112,47,11,130,0,188,38,0,38,226
02/12/2005,RFD,IL,AGL,CE,Combined TRACON& Tower with Radar,15,5,94,0,114,0,0,98,0,98,15,5,192,0,212,50,0,50,262
02/13/2005,RFD,IL,AGL,CE,Combined TRACON& Tower with Radar,9,3,26,2,40,0,0,10,0,10,9,3,36,2,50,2,0,2,52
02/14/2005,RFD,IL,AGL,CE,Combined TRACON& Tower with Radar,26,6,25,9,66,2,0,13,8,23,28,6,38,17,89,0,0,0,89
02/15/2005,RFD,IL,AGL,CE,Combined TRACON& Tower with Radar,53,18,39,0,110,0,0,9,0,9,53,18,48,0,119,2,0,2,121
02/16/2005,RFD,IL,AGL,CE,Combined TRACON& Tower with Radar,55,26,63,4,148,0,0,57,3,60,55,26,120,7,208,2,44,46,254
02/17/2005,RFD,IL,AGL,CE,Combined TRACON& Tower with Radar,57,12,44,1,114,0,0,36,0,36,57,12,80,1,150,10,0,10,160
02/18/2005,RFD,IL,AGL,CE,Combined TRACON& Tower with Radar,44,7,56,1,108,0,2,44,0,46,44,9,100,1,154,10,0,10,164
02/19/2005,RFD,IL,AGL,CE,Combined TRACON& Tower with Radar,16,3,76,0,95,0,1,74,0,75,16,4,150,0,170,52,0,52,222
02/20/2005,RFD,IL,AGL,CE,Combined TRACON& Tower with Radar,8,2,9,0,19,0,0,0,0,0,8,2,9,0,19,0,0,0,19
02/21/2005,RFD,IL,AGL,CE,Combined TRACON& Tower with Radar,28,4,33,0,65,0,2,14,0,16,28,6,47,0,81,0,0,0,81
02/22/2005,RFD,IL,AGL,CE,Combined TRACON& Tower with Radar,55,11,34,6,106,0,0,22,1,23,55,11,56,7,129,32,18,50,179
02/23/2005,RFD,IL,AGL,CE,Combined TRACON& Tower with Radar,52,14,109,0,175,0,4,47,0,51,52,18,156,0,226,100,0,100,326
02/24/2005,RFD,IL,AGL,CE,Combined TRACON& Tower with Radar,60,10,65,2,137,3,1,14,0,18,63,11,79,2,155,2,30,32,187
02/25/2005,RFD,IL,AGL,CE,Combined TRACON& Tower with Radar,50,10,44,0,104,0,0,41,0,41,50,10,85,0,145,6,2,8,153
02/26/2005,RFD,IL,AGL,CE,Combined TRACON& Tower with Radar,12,2,70,0,84,0,1,104,0,105,12,3,174,0,189,70,0,70,259
02/27/2005,RFD,IL,AGL,CE,Combined TRACON& Tower with Radar,9,9,44,0,62,0,2,44,0,46,9,11,88,0,108,28,0,28,136
02/28/2005,RFD,IL,AGL,CE,Combined TRACON& Tower with Radar,25,3,16,0,44,0,0,3,0,3,25,3,19,0,47,0,0,0,47
03/01/2005,RFD,IL,AGL,CE,Combined TRACON& Tower with Radar,54,11,36,5,106,0,0,26,0,26,54,11,62,5,132,16,28,44,176
03/02/2005,RFD,IL,AGL,CE,Combined TRACON& Tower with Radar,52,8,67,0,127,0,2,43,0,45,52,10,110,0,172,118,0,118,290
03/03/2005,RFD,IL,AGL,CE,Combined TRACON& Tower with Radar,59,7,70,6,142,0,0,76,4,80,59,7,146,10,222,54,40,94,316
03/04/2005,RFD,IL,AGL,CE,Combined TRACON& Tower with Radar,46,13,51,1,111,0,0,68,0,68,46,13,119,1,179,38,18,56,235
03/05/2005,RFD,IL,AGL,CE,Combined TRACON& Tower with Radar,14,7,28,2,51,0,1,23,0,24,14,8,51,2,75,12,10,22,97
03/06/2005,RFD,IL,AGL,CE,Combined TRACON& Tower with Radar,14,5,43,0,62,0,0,74,0,74,14,5,117,0,136,32,0,32,168
03/07/2005,RFD,IL,AGL,CE,Combined TRACON& Tower with Radar,26,6,25,15,72,0,0,11,10,21,26,6,36,25,93,14,26,40,133
03/08/2005,RFD,IL,AGL,CE,Combined TRACON& Tower with Radar,49,13,63,22,147,0,9,73,19,101,49,22,136,41,248,90,68,158,406
03/09/2005,RFD,IL,AGL,CE,Combined TRACON& Tower with Radar,58,3,52,5,118,0,0,59,5,64,58,3,111,10,182,138,40,178,360
03/10/2005,RFD,IL,AGL,CE,Combined TRACON& Tower with Radar,66,5,30,0,101,0,0,8,0,8,66,5,38,0,109,0,0,0,109
03/11/2005,RFD,IL,AGL,CE,Combined TRACON& Tower with Radar,49,13,37,8,107,0,4,24,6,34,49,17,61,14,141,40,18,58,199
03/12/2005,RFD,IL,AGL,CE,Combined TRACON& Tower with Radar,14,7,34,0,55,0,6,84,0,90,14,13,118,0,145,38,0,38,183
03/13/2005,RFD,IL,AGL,CE,Combined TRACON& Tower with Radar,10,1,59,0,70,0,0,89,0,89,10,1,148,0,159,98,0,98,257
03/14/2005,RFD,IL,AGL,CE,Combined TRACON& Tower with Radar,27,10,81,15,133,0,0,46,1,47,27,10,127,16,180,26,14,40,220
03/15/2005,RFD,IL,AGL,CE,Combined TRACON& Tower with Radar,51,10,42,1,104,0,1,84,0,85,51,11,126,1,189,20,4,24,213
03/16/2005,RFD,IL,AGL,CE,Combined TRACON& Tower with Radar,53,11,30,0,94,0,0,63,0,63,53,11,93,0,157,0,0,0,157
03/17/2005,RFD,IL,AGL,CE,Combined TRACON& Tower with Radar,65,12,34,0,111,0,0,4,0,4,65,12,38,0,115,0,0,0,115
03/18/2005,RFD,IL,AGL,CE,Combined TRACON& Tower with Radar,40,11,57,1,109,0,1,38,0,39,40,12,95,1,148,4,0,4,152
03/19/2005,RFD,IL,AGL,CE,Combined TRACON& Tower with Radar,12,5,40,0,57,3,0,15,0,18,15,5,55,0,75,0,0,0,75
03/20/2005,RFD,IL,AGL,CE,Combined TRACON& Tower with Radar,11,9,75,0,95,0,0,44,0,44,11,9,119,0,139,56,0,56,195
03/21/2005,RFD,IL,AGL,CE,Combined TRACON& Tower with Radar,25,5,51,1,82,0,0,71,0,71,25,5,122,1,153,30,28,58,211
03/22/2005,RFD,IL,AGL,CE,Combined TRACON& Tower with Radar,53,10,42,10,115,0,0,20,6,26,53,10,62,16,141,24,14,38,179
03/23/2005,RFD,IL,AGL,CE,Combined TRACON& Tower with Radar,53,12,54,10,129,0,0,48,10,58,53,12,102,20,187,14,0,14,201
03/24/2005,RFD,IL,AGL,CE,Combined TRACON& Tower with Radar,74,8,79,0,161,0,0,7,0,7,74,8,86,0,168,20,0,20,188
03/25/2005,RFD,IL,AGL,CE,Combined TRACON& Tower with Radar,47,10,44,0,101,0,4,20,0,24,47,14,64,0,125,2,0,2,127
03/26/2005,RFD,IL,AGL,CE,Combined TRACON& Tower with Radar,13,4,43,0,60,0,0,60,0,60,13,4,103,0,120,98,0,98,218
03/27/2005,RFD,IL,AGL,CE,Combined TRACON& Tower with Radar,11,6,21,0,38,0,0,41,0,41,11,6,62,0,79,28,0,28,107
03/28/2005,RFD,IL,AGL,CE,Combined TRACON& Tower with Radar,23,5,68,13,109,0,0,54,0,54,23,5,122,13,163,30,12,42,205
03/29/2005,RFD,IL,AGL,CE,Combined TRACON& Tower with Radar,55,10,62,0,127,0,0,58,0,58,55,10,120,0,185,22,0,22,207
03/30/2005,RFD,IL,AGL,CE,Combined TRACON& Tower with Radar,65,3,18,2,88,0,2,16,0,18,65,5,34,2,106,2,2,4,110
03/31/2005,RFD,IL,AGL,CE,Combined TRACON& Tower with Radar,59,14,45,1,119,0,5,31,1,37,59,19,76,2,156,14,0,14,170
04/01/2005,RFD,IL,AGL,CE,Combined TRACON& Tower with Radar,43,10,29,0,82,0,0,47,0,47,43,10,76,0,129,28,0,28,157
04/02/2005,RFD,IL,AGL,CE,Combined TRACON& Tower with Radar,16,3,45,0,64,38,0,55,0,93,54,3,100,0,157,116,0,116,273
04/03/2005,RFD,IL,AGL,CE,Combined TRACON& Tower with Radar,9,4,50,0,63,0,8,81,0,89,9,12,131,0,152,38,0,38,190
04/04/2005,RFD,IL,AGL,CE,Combined TRACON& Tower with Radar,24,8,46,0,78,0,0,39,0,39,24,8,85,0,117,12,2,14,131
04/05/2005,RFD,IL,AGL,CE,Combined TRACON& Tower with Radar,53,5,64,12,134,0,6,48,2,56,53,11,112,14,190,50,34,84,274
04/06/2005,RFD,IL,AGL,CE,Combined TRACON& Tower with Radar,55,15,57,4,131,0,0,24,0,24,55,15,81,4,155,24,20,44,199
04/07/2005,RFD,IL,AGL,CE,Combined TRACON& Tower with Radar,57,1,69,0,127,0,0,20,0,20,57,1,89,0,147,48,0,48,195
04/08/2005,RFD,IL,AGL,CE,Combined TRACON& Tower with Radar,46,7,74,0,127,0,1,122,0,123,46,8,196,0,250,82,0,82,332
04/09/2005,RFD,IL,AGL,CE,Combined TRACON& Tower with Radar,12,1,63,0,76,0,0,23,0,23,12,1,86,0,99,60,0,60,159
04/10/2005,RFD,IL,AGL,CE,Combined TRACON& Tower with Radar,5,3,41,0,49,0,1,90,0,91,5,4,131,0,140,48,0,48,188
04/11/2005,RFD,IL,AGL,CE,Combined TRACON& Tower with Radar,25,2,26,0,53,0,0,33,0,33,25,2,59,0,86,38,0,38,124
04/12/2005,RFD,IL,AGL,CE,Combined TRACON& Tower with Radar,52,9,53,0,114,0,0,19,0,19,52,9,72,0,133,0,0,0,133
04/13/2005,RFD,IL,AGL,CE,Combined TRACON& Tower with Radar,51,11,47,0,109,0,0,60,0,60,51,11,107,0,169,30,0,30,199
04/14/2005,RFD,IL,AGL,CE,Combined TRACON& Tower with Radar,58,5,85,0,148,1,0,99,0,100,59,5,184,0,248,88,0,88,336
04/15/2005,RFD,IL,AGL,CE,Combined TRACON& Tower with Radar,46,9,68,0,123,0,1,101,0,102,46,10,169,0,225,14,0,14,239
04/16/2005,RFD,IL,AGL,CE,Combined TRACON& Tower with Radar,11,3,40,0,54,0,0,99,0,99,11,3,139,0,153,16,0,16,169
04/17/2005,RFD,IL,AGL,CE,Combined TRACON& Tower with Radar,7,1,31,0,39,0,3,39,0,42,7,4,70,0,81,48,2,50,131
04/18/2005,RFD,IL,AGL,CE,Combined TRACON& Tower with Radar,24,4,28,0,56,0,0,64,0,64,24,4,92,0,120,40,12,52,172
04/19/2005,RFD,IL,AGL,CE,Combined TRACON& Tower with Radar,51,16,48,3,118,0,0,52,0,52,51,16,100,3,170,30,10,40,210
04/20/2005,RFD,IL,AGL,CE,Combined TRACON& Tower with Radar,59,10,62,0,131,0,1,10,0,11,59,11,72,0,142,30,0,30,172
04/21/2005,RFD,IL,AGL,CE,Combined TRACON& Tower with Radar,62,9,81,0,152,0,0,84,0,84,62,9,165,0,236,38,0,38,274
04/22/2005,RFD,IL,AGL,CE,Combined TRACON& Tower with Radar,49,4,22,14,89,0,0,3,0,3,49,4,25,14,92,0,26,26,118
04/23/2005,RFD,IL,AGL,CE,Combined TRACON& Tower with Radar,10,4,24,0,38,0,0,20,0,20,10,4,44,0,58,54,0,54,112
04/24/2005,RFD,IL,AGL,CE,Combined TRACON& Tower with Radar,6,5,25,1,37,0,0,35,1,36,6,5,60,2,73,26,0,26,99
04/25/2005,RFD,IL,AGL,CE,Combined TRACON& Tower with Radar,27,8,46,4,85,2,0,69,2,73,29,8,115,6,158,16,8,24,182
04/26/2005,RFD,IL,AGL,CE,Combined TRACON& Tower with Radar,56,5,24,0,85,0,0,37,0,37,56,5,61,0,122,24,0,24,146
04/27/2005,RFD,IL,AGL,CE,Combined TRACON& Tower with Radar,57,10,51,1,119,0,1,66,0,67,57,11,117,1,186,66,0,66,252
04/28/2005,RFD,IL,AGL,CE,Combined TRACON& Tower with Radar,62,3,80,0,145,0,2,33,0,35,62,5,113,0,180,38,0,38,218
04/29/2005,RFD,IL,AGL,CE,Combined TRACON& Tower with Radar,46,12,45,0,103,1,2,33,0,36,47,14,78,0,139,96,0,96,235
04/30/2005,RFD,IL,AGL,CE,Combined TRACON& Tower with Radar,19,4,36,0,59,0,0,83,0,83,19,4,119,0,142,82,0,82,224
05/01/2005,RFD,IL,AGL,CE,Combined TRACON& Tower with Radar,7,6,30,0,43,0,0,175,0,175,7,6,205,0,218,20,0,20,238
05/02/2005,RFD,IL,AGL,CE,Combined TRACON& Tower with Radar,29,10,36,0,75,0,0,60,0,60,29,10,96,0,135,4,0,4,139
05/03/2005,RFD,IL,AGL,CE,Combined TRACON& Tower with Radar,52,20,96,0,168,0,0,81,0,81,52,20,177,0,249,36,8,44,293
05/04/2005,RFD,IL,AGL,CE,Combined TRACON& Tower with Radar,59,11,66,0,136,0,0,115,1,116,59,11,181,1,252,60,0,60,312
05/05/2005,RFD,IL,AGL,CE,Combined TRACON& Tower with Radar,57,9,66,1,133,0,0,69,0,69,57,9,135,1,202,120,0,120,322
05/06/2005,RFD,IL,AGL,CE,Combined TRACON& Tower with Radar,50,19,58,0,127,0,0,82,0,82,50,19,140,0,209,46,0,46,255
05/07/2005,RFD,IL,AGL,CE,Combined TRACON& Tower with Radar,16,9,55,0,80,0,1,55,0,56,16,10,110,0,136,56,0,56,192
05/08/2005,RFD,IL,AGL,CE,Combined TRACON& Tower with Radar,9,2,31,0,42,0,0,51,0,51,9,2,82,0,93,14,0,14,107
05/09/2005,RFD,IL,AGL,CE,Combined TRACON& Tower with Radar,28,5,46,0,79,0,4,25,0,29,28,9,71,0,108,12,0,12,120
05/10/2005,RFD,IL,AGL,CE,Combined TRACON& Tower with Radar,57,9,56,0,122,1,3,57,0,61,58,12,113,0,183,78,0,78,261
05/11/2005,RFD,IL,AGL,CE,Combined TRACON& Tower with Radar,56,13,74,0,143,0,0,35,0,35,56,13,109,0,178,6,0,6,184
05/12/2005,RFD,IL,AGL,CE,Combined TRACON& Tower with Radar,61,16,69,4,150,0,4,44,2,50,61,20,113,6,200,18,4,22,222
05/13/2005,RFD,IL,AGL,CE,Combined TRACON& Tower with Radar,46,13,52,0,111,0,0,24,0,24,46,13,76,0,135,0,0,0,135
05/14/2005,RFD,IL,AGL,CE,Combined TRACON& Tower with Radar,22,11,70,1,104,0,1,74,0,75,22,12,144,1,179,66,0,66,245
05/15/2005,RFD,IL,AGL,CE,Combined TRACON& Tower with Radar,9,6,38,0,53,0,0,54,0,54,9,6,92,0,107,64,0,64,171
05/16/2005,RFD,IL,AGL,CE,Combined TRACON& Tower with Radar,28,6,73,0,107,3,0,73,0,76,31,6,146,0,183,88,0,88,271
05/17/2005,RFD,IL,AGL,CE,Combined TRACON& Tower with Radar,57,13,61,0,131,0,0,86,0,86,57,13,147,0,217,86,0,86,303
05/18/2005,RFD,IL,AGL,CE,Combined TRACON& Tower with Radar,54,7,59,5,125,2,1,31,0,34,56,8,90,5,159,54,14,68,227
05/19/2005,RFD,IL,AGL,CE,Combined TRACON& Tower with Radar,63,11,63,0,137,0,1,0,0,1,63,12,63,0,138,0,4,4,142
05/20/2005,RFD,IL,AGL,CE,Combined TRACON& Tower with Radar,51,13,84,0,148,0,0,77,0,77,51,13,161,0,225,30,0,30,255
05/21/2005,RFD,IL,AGL,CE,Combined TRACON& Tower with Radar,14,9,53,0,76,0,0,101,0,101,14,9,154,0,177,72,0,72,249
05/22/2005,RFD,IL,AGL,CE,Combined TRACON& Tower with Radar,10,10,29,0,49,0,0,43,0,43,10,10,72,0,92,26,0,26,118
05/23/2005,RFD,IL,AGL,CE,Combined TRACON& Tower with Radar,25,13,16,4,58,6,0,87,3,96,31,13,103,7,154,38,2,40,194
05/24/2005,RFD,IL,AGL,CE,Combined TRACON& Tower with Radar,57,10,56,1,124,0,2,79,0,81,57,12,135,1,205,84,0,84,289
05/25/2005,RFD,IL,AGL,CE,Combined TRACON& Tower with Radar,59,4,72,0,135,0,0,87,0,87,59,4,159,0,222,50,0,50,272
05/26/2005,RFD,IL,AGL,CE,Combined TRACON& Tower with Radar,60,11,55,4,130,3,0,99,2,104,63,11,154,6,234,58,12,70,304
05/27/2005,RFD,IL,AGL,CE,Combined TRACON& Tower with Radar,53,12,45,0,110,0,16,42,0,58,53,28,87,0,168,66,0,66,234
05/28/2005,RFD,IL,AGL,CE,Combined TRACON& Tower with Radar,15,2,41,0,58,0,0,48,0,48,15,2,89,0,106,76,0,76,182
05/29/2005,RFD,IL,AGL,CE,Combined TRACON& Tower with Radar,8,2,23,1,34,1,0,48,0,49,9,2,71,1,83,16,0,16,99
05/30/2005,RFD,IL,AGL,CE,Combined TRACON& Tower with Radar,8,5,62,0,75,0,0,96,0,96,8,5,158,0,171,124,0,124,295
05/31/2005,RFD,IL,AGL,CE,Combined TRACON& Tower with Radar,28,12,61,3,104,0,0,66,0,66,28,12,127,3,170,98,0,98,268
06/01/2005,RFD,IL,AGL,CE,Combined TRACON& Tower with Radar,57,7,63,0,127,0,60,55,0,115,57,67,118,0,242,46,0,46,288
06/02/2005,RFD,IL,AGL,CE,Combined TRACON& Tower with Radar,63,6,78,0,147,0,0,58,0,58,63,6,136,0,205,32,0,32,237
06/03/2005,RFD,IL,AGL,CE,Combined TRACON& Tower with Radar,46,19,85,0,150,0,3,25,0,28,46,22,110,0,178,20,0,20,198
06/04/2005,RFD,IL,AGL,CE,Combined TRACON& Tower with Radar,19,10,44,0,73,0,0,53,0,53,19,10,97,0,126,54,0,54,180
06/05/2005,RFD,IL,AGL,CE,Combined TRACON& Tower with Radar,8,3,35,1,47,0,0,25,0,25,8,3,60,1,72,52,0,52,124
06/06/2005,RFD,IL,AGL,CE,Combined TRACON& Tower with Radar,27,16,58,0,101,2,2,80,0,84,29,18,138,0,185,60,0,60,245
06/07/2005,RFD,IL,AGL,CE,Combined TRACON& Tower with Radar,66,5,55,0,126,0,0,78,0,78,66,5,133,0,204,30,0,30,234
06/08/2005,RFD,IL,AGL,CE,Combined TRACON& Tower with Radar,55,15,22,0,92,0,4,36,0,40,55,19,58,0,132,54,0,54,186
06/09/2005,RFD,IL,AGL,CE,Combined TRACON& Tower with Radar,58,14,46,1,119,1,16,15,0,32,59,30,61,1,151,28,0,28,179
06/10/2005,RFD,IL,AGL,CE,Combined TRACON& Tower with Radar,48,10,34,9,101,0,0,81,11,92,48,10,115,20,193,54,12,66,259
06/11/2005,RFD,IL,AGL,CE,Combined TRACON& Tower with Radar,16,9,34,0,59,0,0,30,0,30,16,9,64,0,89,6,0,6,95
06/12/2005,RFD,IL,AGL,CE,Combined TRACON& Tower with Radar,5,1,90,1,97,0,11,34,0,45,5,12,124,1,142,34,0,34,176
06/13/2005,RFD,IL,AGL,CE,Combined TRACON& Tower with Radar,26,7,40,0,73,0,6,66,0,72,26,13,106,0,145,24,0,24,169
06/14/2005,RFD,IL,AGL,CE,Combined TRACON& Tower with Radar,58,6,40,4,108,0,0,53,5,58,58,6,93,9,166,100,10,110,276
06/15/2005,RFD,IL,AGL,CE,Combined TRACON& Tower with Radar,50,6,62,0,118,0,0,35,15,50,50,6,97,15,168,54,20,74,242
06/16/2005,RFD,IL,AGL,CE,Combined TRACON& Tower with Radar,61,7,42,0,110,0,0,96,0,96,61,7,138,0,206,140,0,140,346
06/17/2005,RFD,IL,AGL,CE,Combined TRACON& Tower with Radar,47,12,60,0,119,1,0,104,0,105,48,12,164,0,224,26,0,26,250
06/18/2005,RFD,IL,AGL,CE,Combined TRACON& Tower with Radar,13,10,38,0,61,0,7,94,0,101,13,17,132,0,162,28,0,28,190
06/19/2005,RFD,IL,AGL,CE,Combined TRACON& Tower with Radar,9,4,19,0,32,0,0,51,0,51,9,4,70,0,83,26,0,26,109
06/20/2005,RFD,IL,AGL,CE,Combined TRACON& Tower with Radar,28,7,59,0,94,0,0,87,0,87,28,7,146,0,181,72,0,72,253
06/21/2005,RFD,IL,AGL,CE,Combined TRACON& Tower with Radar,54,7,49,0,110,0,0,67,0,67,54,7,116,0,177,82,0,82,259
06/22/2005,RFD,IL,AGL,CE,Combined TRACON& Tower with Radar,55,11,85,0,151,2,4,99,0,105,57,15,184,0,256,148,0,148,404
06/23/2005,RFD,IL,AGL,CE,Combined TRACON& Tower with Radar,61,8,55,2,126,0,0,63,0,63,61,8,118,2,189,98,0,98,287
06/24/2005,RFD,IL,AGL,CE,Combined TRACON& Tower with Radar,50,16,34,0,100,0,0,60,0,60,50,16,94,0,160,18,0,18,178
06/25/2005,RFD,IL,AGL,CE,Combined TRACON& Tower with Radar,17,5,47,0,69,0,3,60,0,63,17,8,107,0,132,22,0,22,154
06/26/2005,RFD,IL,AGL,CE,Combined TRACON& Tower with Radar,10,8,44,0,62,0,0,59,0,59,10,8,103,0,121,52,0,52,173
06/27/2005,RFD,IL,AGL,CE,Combined TRACON& Tower with Radar,27,8,61,6,102,0,0,29,1,30,27,8,90,7,132,34,18,52,184
06/28/2005,RFD,IL,AGL,CE,Combined TRACON& Tower with Radar,53,8,48,2,111,0,0,76,0,76,53,8,124,2,187,102,38,140,327
06/29/2005,RFD,IL,AGL,CE,Combined TRACON& Tower with Radar,56,9,64,0,129,0,3,49,0,52,56,12,113,0,181,6,0,6,187
06/30/2005,RFD,IL,AGL,CE,Combined TRACON& Tower with Radar,60,10,73,0,143,0,0,56,0,56,60,10,129,0,199,66,0,66,265
07/01/2005,RFD,IL,AGL,CE,Combined TRACON& Tower with Radar,49,9,63,0,121,0,3,113,0,116,49,12,176,0,237,62,0,62,299
07/02/2005,RFD,IL,AGL,CE,Combined TRACON& Tower with Radar,17,2,44,0,63,0,2,105,0,107,17,4,149,0,170,72,0,72,242
07/03/2005,RFD,IL,AGL,CE,Combined TRACON& Tower with Radar,8,2,65,0,75,0,0,21,0,21,8,2,86,0,96,20,0,20,116
07/04/2005,RFD,IL,AGL,CE,Combined TRACON& Tower with Radar,9,3,17,0,29,0,2,20,0,22,9,5,37,0,51,24,0,24,75
07/05/2005,RFD,IL,AGL,CE,Combined TRACON& Tower with Radar,25,7,63,0,95,0,0,84,0,84,25,7,147,0,179,34,0,34,213
07/06/2005,RFD,IL,AGL,CE,Combined TRACON& Tower with Radar,58,10,91,0,159,0,0,63,0,63,58,10,154,0,222,12,0,12,234
07/07/2005,RFD,IL,AGL,CE,Combined TRACON& Tower with Radar,61,15,70,0,146,1,0,119,0,120,62,15,189,0,266,48,0,48,314
07/08/2005,RFD,IL,AGL,CE,Combined TRACON& Tower with Radar,49,7,51,13,120,0,0,62,16,78,49,7,113,29,198,36,29,65,263
07/09/2005,RFD,IL,AGL,CE,Combined TRACON& Tower with Radar,13,2,66,17,98,0,0,88,9,97,13,2,154,26,195,86,28,114,309
07/10/2005,RFD,IL,AGL,CE,Combined TRACON& Tower with Radar,8,2,64,0,74,0,0,107,0,107,8,2,171,0,181,78,0,78,259
07/11/2005,RFD,IL,AGL,CE,Combined TRACON& Tower with Radar,28,13,31,1,73,0,8,74,0,82,28,21,105,1,155,38,2,40,195
07/12/2005,RFD,IL,AGL,CE,Combined TRACON& Tower with Radar,50,46,83,0,179,0,1,29,0,30,50,47,112,0,209,0,0,0,209
07/13/2005,RFD,IL,AGL,CE,Combined TRACON& Tower with Radar,56,9,87,1,153,0,0,30,0,30,56,9,117,1,183,82,0,82,265
07/14/2005,RFD,IL,AGL,CE,Combined TRACON& Tower with Radar,55,19,41,0,115,0,3,96,0,99,55,22,137,0,214,220,0,220,434
07/15/2005,RFD,IL,AGL,CE,Combined TRACON& Tower with Radar,46,12,55,1,114,0,1,105,7,113,46,13,160,8,227,40,14,54,281
07/16/2005,RFD,IL,AGL,CE,Combined TRACON& Tower with Radar,12,4,89,2,107,0,2,13,7,22,12,6,102,9,129,26,2,28,157
07/17/2005,RFD,IL,AGL,CE,Combined TRACON& Tower with Radar,10,3,41,0,54,1,4,90,0,95,11,7,131,0,149,64,0,64,213
07/18/2005,RFD,IL,AGL,CE,Combined TRACON& Tower with Radar,24,7,94,1,126,0,1,56,0,57,24,8,150,1,183,28,0,28,211
07/19/2005,RFD,IL,AGL,CE,Combined TRACON& Tower with Radar,54,1,60,0,115,0,1,76,0,77,54,2,136,0,192,20,0,20,212
07/20/2005,RFD,IL,AGL,CE,Combined TRACON& Tower with Radar,58,9,39,7,113,0,0,55,7,62,58,9,94,14,175,48,4,52,227
07/21/2005,RFD,IL,AGL,CE,Combined TRACON& Tower with Radar,62,13,39,1,115,5,0,44,3,52,67,13,83,4,167,26,0,26,193
07/22/2005,RFD,IL,AGL,CE,Combined TRACON& Tower with Radar,52,3,55,0,110,0,0,208,0,208,52,3,263,0,318,92,0,92,410
07/23/2005,RFD,IL,AGL,CE,Combined TRACON& Tower with Radar,11,3,36,0,50,2,0,67,0,69,13,3,103,0,119,10,0,10,129
07/24/2005,RFD,IL,AGL,CE,Combined TRACON& Tower with Radar,11,8,35,0,54,0,0,132,0,132,11,8,167,0,186,8,4,12,198
07/25/2005,RFD,IL,AGL,CE,Combined TRACON& Tower with Radar,31,7,52,1,91,0,0,53,0,53,31,7,105,1,144,4,0,4,148
07/26/2005,RFD,IL,AGL,CE,Combined TRACON& Tower with Radar,55,9,55,3,122,0,0,26,0,26,55,9,81,3,148,10,0,10,158
07/27/2005,RFD,IL,AGL,CE,Combined TRACON& Tower with Radar,60,15,60,1,136,0,0,71,1,72,60,15,131,2,208,56,0,56,264
07/28/2005,RFD,IL,AGL,CE,Combined TRACON& Tower with Radar,67,16,60,2,145,0,0,106,0,106,67,16,166,2,251,46,0,46,297
07/29/2005,RFD,IL,AGL,CE,Combined TRACON& Tower with Radar,47,10,32,0,89,0,4,61,0,65,47,14,93,0,154,20,0,20,174
07/30/2005,RFD,IL,AGL,CE,Combined TRACON& Tower with Radar,20,2,22,0,44,0,1,48,2,51,20,3,70,2,95,22,0,22,117
07/31/2005,RFD,IL,AGL,CE,Combined TRACON& Tower with Radar,11,8,39,0,58,0,0,74,0,74,11,8,113,0,132,40,0,40,172
08/01/2005,RFD,IL,AGL,CE,Combined TRACON& Tower with Radar,25,3,34,0,62,0,0,96,0,96,25,3,130,0,158,8,0,8,166
08/02/2005,RFD,IL,AGL,CE,Combined TRACON& Tower with Radar,52,8,33,0,93,0,0,71,0,71,52,8,104,0,164,30,0,30,194
08/03/2005,RFD,IL,AGL,CE,Combined TRACON& Tower with Radar,54,6,77,0,137,0,0,38,0,38,54,6,115,0,175,12,0,12,187
08/04/2005,RFD,IL,AGL,CE,Combined TRACON& Tower with Radar,61,9,36,0,106,3,0,78,0,81,64,9,114,0,187,58,0,58,245
08/05/2005,RFD,IL,AGL,CE,Combined TRACON& Tower with Radar,46,7,19,5,77,0,0,87,6,93,46,7,106,11,170,94,54,148,318
08/06/2005,RFD,IL,AGL,CE,Combined TRACON& Tower with Radar,15,4,18,0,37,0,0,66,0,66,15,4,84,0,103,20,0,20,123
08/07/2005,RFD,IL,AGL,CE,Combined TRACON& Tower with Radar,12,0,19,3,34,0,2,69,0,71,12,2,88,3,105,28,0,28,133
08/08/2005,RFD,IL,AGL,CE,Combined TRACON& Tower with Radar,27,9,49,6,91,0,0,63,2,65,27,9,112,8,156,34,0,34,190
08/09/2005,RFD,IL,AGL,CE,Combined TRACON& Tower with Radar,54,13,48,0,115,0,1,51,0,52,54,14,99,0,167,6,0,6,173
08/10/2005,RFD,IL,AGL,CE,Combined TRACON& Tower with Radar,54,10,43,3,110,1,8,82,0,91,55,18,125,3,201,86,0,86,287
08/11/2005,RFD,IL,AGL,CE,Combined TRACON& Tower with Radar,53,10,30,0,93,0,0,28,0,28,53,10,58,0,121,12,0,12,133
08/12/2005,RFD,IL,AGL,CE,Combined TRACON& Tower with Radar,49,10,79,4,142,0,2,45,16,63,49,12,124,20,205,58,10,68,273
08/13/2005,RFD,IL,AGL,CE,Combined TRACON& Tower with Radar,12,5,27,0,44,0,2,51,0,53,12,7,78,0,97,14,0,14,111
08/14/2005,RFD,IL,AGL,CE,Combined TRACON& Tower with Radar,8,3,42,0,53,0,0,74,0,74,8,3,116,0,127,36,0,36,163
08/15/2005,RFD,IL,AGL,CE,Combined TRACON& Tower with Radar,21,11,43,2,77,2,0,107,0,109,23,11,150,2,186,84,0,84,270
08/16/2005,RFD,IL,AGL,CE,Combined TRACON& Tower with Radar,51,7,78,9,145,0,0,57,0,57,51,7,135,9,202,30,10,40,242
08/17/2005,RFD,IL,AGL,CE,Combined TRACON& Tower with Radar,53,17,84,0,154,0,0,62,0,62,53,17,146,0,216,94,0,94,310
08/18/2005,RFD,IL,AGL,CE,Combined TRACON& Tower with Radar,64,13,58,0,135,0,1,46,0,47,64,14,104,0,182,32,0,32,214
08/19/2005,RFD,IL,AGL,CE,Combined TRACON& Tower with Radar,51,14,61,8,134,0,10,110,0,120,51,24,171,8,254,94,14,108,362
08/20/2005,RFD,IL,AGL,CE,Combined TRACON& Tower with Radar,12,11,58,1,82,0,2,50,5,57,12,13,108,6,139,7,4,11,150
08/21/2005,RFD,IL,AGL,CE,Combined TRACON& Tower with Radar,10,4,45,0,59,0,0,36,2,38,10,4,81,2,97,10,0,10,107
08/22/2005,RFD,IL,AGL,CE,Combined TRACON& Tower with Radar,26,10,32,0,68,0,0,86,0,86,26,10,118,0,154,78,0,78,232
08/23/2005,RFD,IL,AGL,CE,Combined TRACON& Tower with Radar,51,12,96,10,169,0,0,61,0,61,51,12,157,10,230,50,6,56,286
08/24/2005,RFD,IL,AGL,CE,Combined TRACON& Tower with Radar,54,5,115,0,174,0,3,67,1,71,54,8,182,1,245,26,0,26,271
08/25/2005,RFD,IL,AGL,CE,Combined TRACON& Tower with Radar,32,13,93,9,147,30,0,115,11,156,62,13,208,20,303,66,54,120,423
08/26/2005,RFD,IL,AGL,CE,Combined TRACON& Tower with Radar,48,19,68,0,135,0,0,42,0,42,48,19,110,0,177,20,0,20,197
08/27/2005,RFD,IL,AGL,CE,Combined TRACON& Tower with Radar,11,9,52,0,72,0,0,54,0,54,11,9,106,0,126,44,0,44,170
08/28/2005,RFD,IL,AGL,CE,Combined TRACON& Tower with Radar,6,7,54,0,67,1,0,43,0,44,7,7,97,0,111,32,0,32,143
08/29/2005,RFD,IL,AGL,CE,Combined TRACON& Tower with Radar,25,11,43,0,79,0,0,32,0,32,25,11,75,0,111,16,0,16,127
08/30/2005,RFD,IL,AGL,CE,Combined TRACON& Tower with Radar,56,29,72,2,159,0,0,45,0,45,56,29,117,2,204,18,0,18,222
08/31/2005,RFD,IL,AGL,CE,Combined TRACON& Tower with Radar,55,9,56,5,125,1,0,77,1,79,56,9,133,6,204,48,12,60,264
09/01/2005,RFD,IL,AGL,CE,Combined TRACON& Tower with Radar,58,13,51,0,122,0,0,93,0,93,58,13,144,0,215,36,0,36,251
09/02/2005,RFD,IL,AGL,CE,Combined TRACON& Tower with Radar,47,5,34,1,87,0,4,90,2,96,47,9,124,3,183,70,16,86,269
09/03/2005,RFD,IL,AGL,CE,Combined TRACON& Tower with Radar,11,7,36,3,57,0,2,63,0,65,11,9,99,3,122,72,46,118,240
09/04/2005,RFD,IL,AGL,CE,Combined TRACON& Tower with Radar,8,2,22,0,32,0,1,38,0,39,8,3,60,0,71,0,0,0,71
09/05/2005,RFD,IL,AGL,CE,Combined TRACON& Tower with Radar,10,3,54,3,70,0,0,64,0,64,10,3,118,3,134,4,10,14,148
09/06/2005,RFD,IL,AGL,CE,Combined TRACON& Tower with Radar,22,8,59,7,96,7,1,51,1,60,29,9,110,8,156,30,20,50,206
09/07/2005,RFD,IL,AGL,CE,Combined TRACON& Tower with Radar,53,9,45,0,107,0,0,48,0,48,53,9,93,0,155,46,0,46,201
09/08/2005,RFD,IL,AGL,CE,Combined TRACON& Tower with Radar,62,22,74,1,159,0,8,41,6,55,62,30,115,7,214,86,0,86,300
09/09/2005,RFD,IL,AGL,CE,Combined TRACON& Tower with Radar,47,21,73,6,147,1,1,92,0,94,48,22,165,6,241,22,8,30,271
09/10/2005,RFD,IL,AGL,CE,Combined TRACON& Tower with Radar,11,5,47,1,64,0,0,59,0,59,11,5,106,1,123,2,0,2,125
09/11/2005,RFD,IL,AGL,CE,Combined TRACON& Tower with Radar,12,3,39,0,54,0,0,37,0,37,12,3,76,0,91,10,0,10,101
09/12/2005,RFD,IL,AGL,CE,Combined TRACON& Tower with Radar,25,6,49,0,80,0,2,32,0,34,25,8,81,0,114,64,0,64,178
09/13/2005,RFD,IL,AGL,CE,Combined TRACON& Tower with Radar,58,19,45,1,123,0,7,51,1,59,58,26,96,2,182,8,0,8,190
09/14/2005,RFD,IL,AGL,CE,Combined TRACON& Tower with Radar,53,26,55,16,150,0,14,45,0,59,53,40,100,16,209,52,52,104,313
09/15/2005,RFD,IL,AGL,CE,Combined TRACON& Tower with Radar,64,13,48,5,130,0,6,0,0,6,64,19,48,5,136,22,24,46,182
09/16/2005,RFD,IL,AGL,CE,Combined TRACON& Tower with Radar,53,11,36,0,100,0,9,67,0,76,53,20,103,0,176,50,0,50,226
09/17/2005,RFD,IL,AGL,CE,Combined TRACON& Tower with Radar,11,11,66,0,88,0,0,92,0,92,11,11,158,0,180,54,0,54,234
09/18/2005,RFD,IL,AGL,CE,Combined TRACON& Tower with Radar,8,14,34,0,56,1,0,52,0,53,9,14,86,0,109,36,0,36,145
09/19/2005,RFD,IL,AGL,CE,Combined TRACON& Tower with Radar,22,19,22,0,63,3,0,21,0,24,25,19,43,0,87,0,0,0,87
09/20/2005,RFD,IL,AGL,CE,Combined TRACON& Tower with Radar,64,23,63,0,150,2,0,61,0,63,66,23,124,0,213,66,0,66,279
09/21/2005,RFD,IL,AGL,CE,Combined TRACON& Tower with Radar,54,27,69,11,161,0,0,44,1,45,54,27,113,12,206,42,16,58,264
09/22/2005,RFD,IL,AGL,CE,Combined TRACON& Tower with Radar,60,66,56,0,182,1,2,44,0,47,61,68,100,0,229,16,0,16,245
09/23/2005,RFD,IL,AGL,CE,Combined TRACON& Tower with Radar,46,20,99,1,166,0,0,129,1,130,46,20,228,2,296,44,0,44,340
09/24/2005,RFD,IL,AGL,CE,Combined TRACON& Tower with Radar,11,22,47,0,80,0,0,24,0,24,11,22,71,0,104,18,0,18,122
09/25/2005,RFD,IL,AGL,CE,Combined TRACON& Tower with Radar,12,8,39,2,61,0,1,30,0,31,12,9,69,2,92,4,0,4,96
09/26/2005,RFD,IL,AGL,CE,Combined TRACON& Tower with Radar,25,10,74,0,109,0,4,19,0,23,25,14,93,0,132,42,0,42,174
09/27/2005,RFD,IL,AGL,CE,Combined TRACON& Tower with Radar,54,11,80,0,145,0,0,76,0,76,54,11,156,0,221,56,0,56,277
09/28/2005,RFD,IL,AGL,CE,Combined TRACON& Tower with Radar,54,6,39,1,100,0,1,18,1,20,54,7,57,2,120,0,0,0,120
09/29/2005,RFD,IL,AGL,CE,Combined TRACON& Tower with Radar,58,6,87,0,151,3,0,72,0,75,61,6,159,0,226,122,0,122,348
09/30/2005,RFD,IL,AGL,CE,Combined TRACON& Tower with Radar,45,8,41,0,94,0,0,55,0,55,45,8,96,0,149,26,0,26,175
10/01/2005,RFD,IL,AGL,CE,Combined TRACON& Tower with Radar,11,6,41,0,58,0,2,87,0,89,11,8,128,0,147,20,0,20,167
10/02/2005,RFD,IL,AGL,CE,Combined TRACON& Tower with Radar,6,4,40,0,50,0,3,28,0,31,6,7,68,0,81,20,0,20,101
10/03/2005,RFD,IL,AGL,CE,Combined TRACON& Tower with Radar,16,4,29,9,58,0,4,46,3,53,16,8,75,12,111,18,36,54,165
10/04/2005,RFD,IL,AGL,CE,Combined TRACON& Tower with Radar,42,13,60,0,115,0,0,71,0,71,42,13,131,0,186,38,0,38,224
10/05/2005,RFD,IL,AGL,CE,Combined TRACON& Tower with Radar,53,22,45,0,120,0,0,53,0,53,53,22,98,0,173,18,64,82,255
10/06/2005,RFD,IL,AGL,CE,Combined TRACON& Tower with Radar,63,10,53,0,126,1,0,76,0,77,64,10,129,0,203,12,0,12,215
10/07/2005,RFD,IL,AGL,CE,Combined TRACON& Tower with Radar,46,9,47,0,102,0,0,70,0,70,46,9,117,0,172,0,18,18,190
10/08/2005,RFD,IL,AGL,CE,Combined TRACON& Tower with Radar,9,8,35,0,52,0,6,291,0,297,9,14,326,0,349,26,0,26,375
10/09/2005,RFD,IL,AGL,CE,Combined TRACON& Tower with Radar,8,4,37,0,49,0,0,57,0,57,8,4,94,0,106,76,0,76,182
10/10/2005,RFD,IL,AGL,CE,Combined TRACON& Tower with Radar,24,6,78,0,108,0,0,19,0,19,24,6,97,0,127,50,14,64,191
10/11/2005,RFD,IL,AGL,CE,Combined TRACON& Tower with Radar,55,11,55,3,124,1,3,91,2,97,56,14,146,5,221,16,20,36,257
10/12/2005,RFD,IL,AGL,CE,Combined TRACON& Tower with Radar,54,11,95,31,191,0,0,20,0,20,54,11,115,31,211,30,40,70,281
10/13/2005,RFD,IL,AGL,CE,Combined TRACON& Tower with Radar,56,17,57,10,140,0,0,50,5,55,56,17,107,15,195,54,20,74,269
10/14/2005,RFD,IL,AGL,CE,Combined TRACON& Tower with Radar,43,11,28,0,82,0,0,65,0,65,43,11,93,0,147,32,0,32,179
10/15/2005,RFD,IL,AGL,CE,Combined TRACON& Tower with Radar,11,5,72,0,88,0,0,32,0,32,11,5,104,0,120,10,0,10,130
10/16/2005,RFD,IL,AGL,CE,Combined TRACON& Tower with Radar,4,5,81,0,90,0,0,0,0,0,4,5,81,0,90,16,2,18,108
10/17/2005,RFD,IL,AGL,CE,Combined TRACON& Tower with Radar,21,10,43,0,74,0,1,48,0,49,21,11,91,0,123,0,0,0,123
10/18/2005,RFD,IL,AGL,CE,Combined TRACON& Tower with Radar,52,7,79,5,143,0,0,60,0,60,52,7,139,5,203,10,12,22,225
10/19/2005,RFD,IL,AGL,CE,Combined TRACON& Tower with Radar,57,19,34,0,110,0,3,67,0,70,57,22,101,0,180,20,0,20,200
10/20/2005,RFD,IL,AGL,CE,Combined TRACON& Tower with Radar,59,11,57,9,136,0,0,51,8,59,59,11,108,17,195,78,30,108,303
10/21/2005,RFD,IL,AGL,CE,Combined TRACON& Tower with Radar,43,9,61,0,113,0,3,64,0,67,43,12,125,0,180,32,0,32,212
10/22/2005,RFD,IL,AGL,CE,Combined TRACON& Tower with Radar,17,5,70,0,92,0,1,15,0,16,17,6,85,0,108,28,0,28,136
10/23/2005,RFD,IL,AGL,CE,Combined TRACON& Tower with Radar,6,19,22,0,47,0,9,11,0,20,6,28,33,0,67,0,0,0,67
10/24/2005,RFD,IL,AGL,CE,Combined TRACON& Tower with Radar,21,9,43,4,77,0,3,40,0,43,21,12,83,4,120,12,26,38,158
10/25/2005,RFD,IL,AGL,CE,Combined TRACON& Tower with Radar,47,6,52,4,109,0,6,28,0,34,47,12,80,4,143,24,14,38,181
10/26/2005,RFD,IL,AGL,CE,Combined TRACON& Tower with Radar,48,8,65,0,121,0,0,63,0,63,48,8,128,0,184,66,0,66,250
10/27/2005,RFD,IL,AGL,CE,Combined TRACON& Tower with Radar,60,14,31,0,105,0,0,84,0,84,60,14,115,0,189,32,0,32,221
10/28/2005,RFD,IL,AGL,CE,Combined TRACON& Tower with Radar,42,7,32,4,85,0,2,77,3,82,42,9,109,7,167,24,6,30,197
10/29/2005,RFD,IL,AGL,CE,Combined TRACON& Tower with Radar,10,5,27,0,42,0,0,77,0,77,10,5,104,0,119,14,0,14,133
10/30/2005,RFD,IL,AGL,CE,Combined TRACON& Tower with Radar,7,12,46,0,65,2,3,60,0,65,9,15,106,0,130,38,0,38,168
10/31/2005,RFD,IL,AGL,CE,Combined TRACON& Tower with Radar,20,7,39,0,66,0,0,11,0,11,20,7,50,0,77,18,0,18,95
11/01/2005,RFD,IL,AGL,CE,Combined TRACON& Tower with Radar,56,8,44,4,112,0,0,56,2,58,56,8,100,6,170,26,4,30,200
11/02/2005,RFD,IL,AGL,CE,Combined TRACON& Tower with Radar,51,5,37,4,97,0,1,52,0,53,51,6,89,4,150,54,6,60,210
11/03/2005,RFD,IL,AGL,CE,Combined TRACON& Tower with Radar,64,6,45,0,115,0,1,75,0,76,64,7,120,0,191,64,0,64,255
11/04/2005,RFD,IL,AGL,CE,Combined TRACON& Tower with Radar,49,4,41,3,97,0,0,77,1,78,49,4,118,4,175,80,0,80,255
11/05/2005,RFD,IL,AGL,CE,Combined TRACON& Tower with Radar,16,8,57,1,82,0,0,31,0,31,16,8,88,1,113,24,0,24,137
11/06/2005,RFD,IL,AGL,CE,Combined TRACON& Tower with Radar,9,3,43,1,56,0,0,31,0,31,9,3,74,1,87,0,0,0,87
11/07/2005,RFD,IL,AGL,CE,Combined TRACON& Tower with Radar,23,11,34,15,83,0,2,26,3,31,23,13,60,18,114,40,24,64,178
11/08/2005,RFD,IL,AGL,CE,Combined TRACON& Tower with Radar,50,6,60,17,133,0,0,43,6,49,50,6,103,23,182,18,30,48,230
11/09/2005,RFD,IL,AGL,CE,Combined TRACON& Tower with Radar,52,6,34,0,92,0,0,29,0,29,52,6,63,0,121,0,0,0,121
11/10/2005,RFD,IL,AGL,CE,Combined TRACON& Tower with Radar,63,9,36,1,109,0,0,57,0,57,63,9,93,1,166,20,0,20,186
11/11/2005,RFD,IL,AGL,CE,Combined TRACON& Tower with Radar,44,12,27,0,83,0,2,102,0,104,44,14,129,0,187,36,0,36,223
11/12/2005,RFD,IL,AGL,CE,Combined TRACON& Tower with Radar,11,4,34,0,49,0,0,38,0,38,11,4,72,0,87,16,0,16,103
11/13/2005,RFD,IL,AGL,CE,Combined TRACON& Tower with Radar,12,4,8,0,24,0,1,12,0,13,12,5,20,0,37,8,0,8,45
11/14/2005,RFD,IL,AGL,CE,Combined TRACON& Tower with Radar,23,7,33,0,63,0,0,24,0,24,23,7,57,0,87,10,0,10,97
11/15/2005,RFD,IL,AGL,CE,Combined TRACON& Tower with Radar,60,5,43,38,146,0,0,0,0,0,60,5,43,38,146,0,0,0,146
11/16/2005,RFD,IL,AGL,CE,Combined TRACON& Tower with Radar,54,13,18,22,107,0,0,3,0,3,54,13,21,22,110,4,12,16,126
11/17/2005,RFD,IL,AGL,CE,Combined TRACON& Tower with Radar,69,4,69,3,145,0,0,61,0,61,69,4,130,3,206,70,2,72,278
11/18/2005,RFD,IL,AGL,CE,Combined TRACON& Tower with Radar,46,9,67,0,122,0,0,29,0,29,46,9,96,0,151,26,0,26,177
11/19/2005,RFD,IL,AGL,CE,Combined TRACON& Tower with Radar,11,4,38,0,53,0,0,32,0,32,11,4,70,0,85,32,0,32,117
11/20/2005,RFD,IL,AGL,CE,Combined TRACON& Tower with Radar,10,4,36,0,50,0,0,28,0,28,10,4,64,0,78,36,0,36,114
11/21/2005,RFD,IL,AGL,CE,Combined TRACON& Tower with Radar,23,10,100,18,151,0,0,48,0,48,23,10,148,18,199,16,26,42,241
11/22/2005,RFD,IL,AGL,CE,Combined TRACON& Tower with Radar,60,16,69,9,154,1,0,71,8,80,61,16,140,17,234,80,0,80,314
11/23/2005,RFD,IL,AGL,CE,Combined TRACON& Tower with Radar,52,11,20,6,89,0,0,18,2,20,52,11,38,8,109,0,32,32,141
11/24/2005,RFD,IL,AGL,CE,Combined TRACON& Tower with Radar,25,2,2,0,29,0,0,7,0,7,25,2,9,0,36,0,0,0,36
11/25/2005,RFD,IL,AGL,CE,Combined TRACON& Tower with Radar,10,9,47,0,66,0,0,42,0,42,10,9,89,0,108,18,0,18,126
11/26/2005,RFD,IL,AGL,CE,Combined TRACON& Tower with Radar,5,11,84,0,100,0,0,33,0,33,5,11,117,0,133,62,0,62,195
11/27/2005,RFD,IL,AGL,CE,Combined TRACON& Tower with Radar,9,8,67,0,84,0,1,0,0,1,9,9,67,0,85,0,0,0,85
11/28/2005,RFD,IL,AGL,CE,Combined TRACON& Tower with Radar,22,16,25,30,93,1,0,2,11,14,23,16,27,41,107,0,78,78,185
11/29/2005,RFD,IL,AGL,CE,Combined TRACON& Tower with Radar,61,7,33,4,105,0,1,8,0,9,61,8,41,4,114,2,14,16,130
11/30/2005,RFD,IL,AGL,CE,Combined TRACON& Tower with Radar,61,7,49,0,117,0,0,66,0,66,61,7,115,0,183,44,0,44,227
12/01/2005,RFD,IL,AGL,CE,Combined TRACON& Tower with Radar,65,14,21,7,107,0,5,6,0,11,65,19,27,7,118,4,10,14,132
12/02/2005,RFD,IL,AGL,CE,Combined TRACON& Tower with Radar,47,9,31,0,87,1,0,69,0,70,48,9,100,0,157,44,0,44,201
12/03/2005,RFD,IL,AGL,CE,Combined TRACON& Tower with Radar,15,6,20,0,41,0,3,28,0,31,15,9,48,0,72,30,0,30,102
12/04/2005,RFD,IL,AGL,CE,Combined TRACON& Tower with Radar,9,4,33,1,47,0,0,39,0,39,9,4,72,1,86,42,0,42,128
12/05/2005,RFD,IL,AGL,CE,Combined TRACON& Tower with Radar,23,11,32,1,67,0,9,33,0,42,23,20,65,1,109,18,0,18,127
12/06/2005,RFD,IL,AGL,CE,Combined TRACON& Tower with Radar,64,11,28,6,109,0,1,14,2,17,64,12,42,8,126,8,4,12,138
12/07/2005,RFD,IL,AGL,CE,Combined TRACON& Tower with Radar,56,10,45,0,111,0,1,76,0,77,56,11,121,0,188,50,0,50,238
12/08/2005,RFD,IL,AGL,CE,Combined TRACON& Tower with Radar,71,10,38,0,119,0,0,8,0,8,71,10,46,0,127,46,0,46,173
12/09/2005,RFD,IL,AGL,CE,Combined TRACON& Tower with Radar,45,15,45,0,105,0,0,55,0,55,45,15,100,0,160,48,0,48,208
12/10/2005,RFD,IL,AGL,CE,Combined TRACON& Tower with Radar,17,7,20,1,45,0,0,26,0,26,17,7,46,1,71,10,0,10,81
12/11/2005,RFD,IL,AGL,CE,Combined TRACON& Tower with Radar,9,5,28,0,42,0,0,25,0,25,9,5,53,0,67,14,0,14,81
12/12/2005,RFD,IL,AGL,CE,Combined TRACON& Tower with Radar,23,8,42,2,75,0,2,26,2,30,23,10,68,4,105,14,0,14,119
12/13/2005,RFD,IL,AGL,CE,Combined TRACON& Tower with Radar,58,8,41,12,119,0,2,20,9,31,58,10,61,21,150,0,14,14,164
12/14/2005,RFD,IL,AGL,CE,Combined TRACON& Tower with Radar,68,19,19,0,106,0,0,2,0,2,68,19,21,0,108,0,0,0,108
12/15/2005,RFD,IL,AGL,CE,Combined TRACON& Tower with Radar,74,10,21,0,105,0,0,0,0,0,74,10,21,0,105,0,0,0,105
12/16/2005,RFD,IL,AGL,CE,Combined TRACON& Tower with Radar,49,15,25,0,89,0,0,11,0,11,49,15,36,0,100,6,0,6,106
12/17/2005,RFD,IL,AGL,CE,Combined TRACON& Tower with Radar,15,8,55,0,78,1,0,95,0,96,16,8,150,0,174,46,0,46,220
12/18/2005,RFD,IL,AGL,CE,Combined TRACON& Tower with Radar,13,6,33,0,52,0,0,63,0,63,13,6,96,0,115,26,0,26,141
12/19/2005,RFD,IL,AGL,CE,Combined TRACON& Tower with Radar,26,19,33,2,80,0,0,46,0,46,26,19,79,2,126,8,0,8,134
12/20/2005,RFD,IL,AGL,CE,Combined TRACON& Tower with Radar,69,15,56,11,151,0,3,68,8,79,69,18,124,19,230,28,28,56,286
12/21/2005,RFD,IL,AGL,CE,Combined TRACON& Tower with Radar,78,8,70,0,156,11,0,7,0,18,89,8,77,0,174,16,0,16,190
12/22/2005,RFD,IL,AGL,CE,Combined TRACON& Tower with Radar,88,17,32,5,142,0,0,50,4,54,88,17,82,9,196,58,12,70,266
12/23/2005,RFD,IL,AGL,CE,Combined TRACON& Tower with Radar,73,25,30,0,128,0,1,45,0,46,73,26,75,0,174,8,0,8,182
12/24/2005,RFD,IL,AGL,CE,Combined TRACON& Tower with Radar,42,12,9,0,63,0,10,0,0,10,42,22,9,0,73,0,0,0,73
12/25/2005,RFD,IL,AGL,CE,Combined TRACON& Tower with Radar,14,3,3,0,20,0,0,0,0,0,14,3,3,0,20,0,0,0,20
12/26/2005,RFD,IL,AGL,CE,Combined TRACON& Tower with Radar,8,8,60,0,76,0,0,17,0,17,8,8,77,0,93,24,0,24,117
12/27/2005,RFD,IL,AGL,CE,Combined TRACON& Tower with Radar,21,4,20,0,45,0,0,0,0,0,21,4,20,0,45,0,0,0,45
12/28/2005,RFD,IL,AGL,CE,Combined TRACON& Tower with Radar,53,4,32,29,118,0,0,0,0,0,53,4,32,29,118,0,0,0,118
12/29/2005,RFD,IL,AGL,CE,Combined TRACON& Tower with Radar,60,5,31,0,96,0,0,36,0,36,60,5,67,0,132,50,8,58,190
12/30/2005,RFD,IL,AGL,CE,Combined TRACON& Tower with Radar,54,6,14,2,76,0,0,5,0,5,54,6,19,2,81,0,0,0,81
12/31/2005,RFD,IL,AGL,CE,Combined TRACON& Tower with Radar,32,8,11,0,51,0,2,8,0,10,32,10,19,0,61,0,0,0,61
01/01/2006,RFD,IL,AGL,CE,Combined TRACON& Tower with Radar,9,1,35,0,45,0,0,42,0,42,9,1,77,0,87,18,0,18,105
01/02/2006,RFD,IL,AGL,CE,Combined TRACON& Tower with Radar,9,4,7,0,20,0,0,0,0,0,9,4,7,0,20,0,0,0,20
01/03/2006,RFD,IL,AGL,CE,Combined TRACON& Tower with Radar,20,9,31,0,60,0,1,9,0,10,20,10,40,0,70,10,0,10,80
01/04/2006,RFD,IL,AGL,CE,Combined TRACON& Tower with Radar,56,3,29,0,88,0,0,14,0,14,56,3,43,0,102,14,0,14,116
01/05/2006,RFD,IL,AGL,CE,Combined TRACON& Tower with Radar,57,8,23,1,89,0,0,24,3,27,57,8,47,4,116,10,0,10,126
01/06/2006,RFD,IL,AGL,CE,Combined TRACON& Tower with Radar,44,6,47,0,97,0,6,46,0,52,44,12,93,0,149,42,0,42,191
01/07/2006,RFD,IL,AGL,CE,Combined TRACON& Tower with Radar,10,4,65,1,80,0,0,73,15,88,10,4,138,16,168,74,32,106,274
01/08/2006,RFD,IL,AGL,CE,Combined TRACON& Tower with Radar,6,6,24,0,36,0,1,48,0,49,6,7,72,0,85,40,0,40,125
01/09/2006,RFD,IL,AGL,CE,Combined TRACON& Tower with Radar,21,8,38,5,72,0,4,38,3,45,21,12,76,8,117,8,2,10,127
01/10/2006,RFD,IL,AGL,CE,Combined TRACON& Tower with Radar,52,6,62,0,120,0,7,65,0,72,52,13,127,0,192,92,0,92,284
01/11/2006,RFD,IL,AGL,CE,Combined TRACON& Tower with Radar,51,7,39,0,97,0,0,22,0,22,51,7,61,0,119,20,0,20,139
01/12/2006,RFD,IL,AGL,CE,Combined TRACON& Tower with Radar,56,5,41,0,102,0,1,71,0,72,56,6,112,0,174,34,0,34,208
01/13/2006,RFD,IL,AGL,CE,Combined TRACON& Tower with Radar,43,6,16,9,74,0,0,12,0,12,43,6,28,9,86,2,0,2,88
01/14/2006,RFD,IL,AGL,CE,Combined TRACON& Tower with Radar,11,15,67,0,93,0,0,73,0,73,11,15,140,0,166,82,0,82,248
01/15/2006,RFD,IL,AGL,CE,Combined TRACON& Tower with Radar,6,4,31,0,41,0,0,51,0,51,6,4,82,0,92,62,0,62,154
01/16/2006,RFD,IL,AGL,CE,Combined TRACON& Tower with Radar,18,6,44,0,68,0,0,91,0,91,18,6,135,0,159,28,0,28,187
01/17/2006,RFD,IL,AGL,CE,Combined TRACON& Tower with Radar,43,5,31,10,89,2,0,35,0,37,45,5,66,10,126,16,8,24,150
01/18/2006,RFD,IL,AGL,CE,Combined TRACON& Tower with Radar,51,7,46,11,115,0,1,30,0,31,51,8,76,11,146,54,26,80,226
01/19/2006,RFD,IL,AGL,CE,Combined TRACON& Tower with Radar,57,5,36,0,98,1,1,77,0,79,58,6,113,0,177,48,0,48,225
01/20/2006,RFD,IL,AGL,CE,Combined TRACON& Tower with Radar,43,9,25,0,77,0,0,3,0,3,43,9,28,0,80,0,0,0,80
01/21/2006,RFD,IL,AGL,CE,Combined TRACON& Tower with Radar,10,1,39,0,50,0,0,18,0,18,10,1,57,0,68,0,0,0,68
01/22/2006,RFD,IL,AGL,CE,Combined TRACON& Tower with Radar,6,2,13,0,21,0,0,9,0,9,6,2,22,0,30,0,0,0,30
01/23/2006,RFD,IL,AGL,CE,Combined TRACON& Tower with Radar,23,11,28,0,62,0,5,14,0,19,23,16,42,0,81,34,0,34,115
01/24/2006,RFD,IL,AGL,CE,Combined TRACON& Tower with Radar,52,10,24,9,95,0,0,13,9,22,52,10,37,18,117,6,34,40,157
01/25/2006,RFD,IL,AGL,CE,Combined TRACON& Tower with Radar,50,7,30,4,91,0,0,47,3,50,50,7,77,7,141,94,0,94,235
01/26/2006,RFD,IL,AGL,CE,Combined TRACON& Tower with Radar,54,6,44,7,111,0,0,79,0,79,54,6,123,7,190,88,18,106,296
01/27/2006,RFD,IL,AGL,CE,Combined TRACON& Tower with Radar,45,14,40,7,106,0,0,63,6,69,45,14,103,13,175,17,6,23,198
01/28/2006,RFD,IL,AGL,CE,Combined TRACON& Tower with Radar,10,1,39,0,50,0,0,26,0,26,10,1,65,0,76,0,0,0,76
01/29/2006,RFD,IL,AGL,CE,Combined TRACON& Tower with Radar,5,2,30,0,37,0,0,6,0,6,5,2,36,0,43,0,0,0,43
01/30/2006,RFD,IL,AGL,CE,Combined TRACON& Tower with Radar,18,8,39,18,83,0,1,12,0,13,18,9,51,18,96,0,74,74,170
01/31/2006,RFD,IL,AGL,CE,Combined TRACON& Tower with Radar,52,6,48,0,106,0,0,59,0,59,52,6,107,0,165,38,0,38,203
02/01/2006,RFD,IL,AGL,CE,Combined TRACON& Tower with Radar,59,11,48,0,118,0,0,17,0,17,59,11,65,0,135,14,0,14,149
02/02/2006,RFD,IL,AGL,CE,Combined TRACON& Tower with Radar,56,4,54,5,119,0,0,46,3,49,56,4,100,8,168,34,4,38,206
02/03/2006,RFD,IL,AGL,CE,Combined TRACON& Tower with Radar,40,13,20,0,73,0,0,11,0,11,40,13,31,0,84,16,0,16,100
02/04/2006,RFD,IL,AGL,CE,Combined TRACON& Tower with Radar,14,2,7,0,23,0,0,5,0,5,14,2,12,0,28,0,0,0,28
02/05/2006,RFD,IL,AGL,CE,Combined TRACON& Tower with Radar,8,3,44,0,55,0,2,20,0,22,8,5,64,0,77,30,0,30,107
02/06/2006,RFD,IL,AGL,CE,Combined TRACON& Tower with Radar,21,10,30,2,63,0,2,61,2,65,21,12,91,4,128,52,0,52,180
02/07/2006,RFD,IL,AGL,CE,Combined TRACON& Tower with Radar,51,8,60,5,124,0,0,31,0,31,51,8,91,5,155,34,0,34,189
02/08/2006,RFD,IL,AGL,CE,Combined TRACON& Tower with Radar,50,9,54,2,115,0,0,3,0,3,50,9,57,2,118,26,44,70,188
02/09/2006,RFD,IL,AGL,CE,Combined TRACON& Tower with Radar,65,1,26,0,92,0,0,68,0,68,65,1,94,0,160,74,0,74,234
02/10/2006,RFD,IL,AGL,CE,Combined TRACON& Tower with Radar,43,18,42,0,103,0,6,40,0,46,43,24,82,0,149,22,28,50,199
02/11/2006,RFD,IL,AGL,CE,Combined TRACON& Tower with Radar,13,2,32,0,47,0,0,45,0,45,13,2,77,0,92,20,0,20,112
02/12/2006,RFD,IL,AGL,CE,Combined TRACON& Tower with Radar,4,3,42,0,49,0,0,6,0,6,4,3,48,0,55,26,0,26,81
02/13/2006,RFD,IL,AGL,CE,Combined TRACON& Tower with Radar,21,7,60,20,108,0,1,53,0,54,21,8,113,20,162,72,36,108,270
02/14/2006,RFD,IL,AGL,CE,Combined TRACON& Tower with Radar,48,7,59,37,151,0,0,36,1,37,48,7,95,38,188,10,44,54,242
02/15/2006,RFD,IL,AGL,CE,Combined TRACON& Tower with Radar,58,6,35,0,99,0,0,48,11,59,58,6,83,11,158,42,8,50,208
02/16/2006,RFD,IL,AGL,CE,Combined TRACON& Tower with Radar,66,5,24,0,95,0,0,1,0,1,66,5,25,0,96,0,0,0,96
02/17/2006,RFD,IL,AGL,CE,Combined TRACON& Tower with Radar,48,12,21,10,91,0,0,32,1,33,48,12,53,11,124,20,18,38,162
02/18/2006,RFD,IL,AGL,CE,Combined TRACON& Tower with Radar,15,2,26,0,43,0,0,16,0,16,15,2,42,0,59,10,0,10,69
02/19/2006,RFD,IL,AGL,CE,Combined TRACON& Tower with Radar,4,4,30,0,38,0,1,22,0,23,4,5,52,0,61,52,0,52,113
02/20/2006,RFD,IL,AGL,CE,Combined TRACON& Tower with Radar,18,17,27,0,62,0,1,24,0,25,18,18,51,0,87,0,0,0,87
02/21/2006,RFD,IL,AGL,CE,Combined TRACON& Tower with Radar,49,7,34,1,91,0,1,35,0,36,49,8,69,1,127,44,0,44,171
02/22/2006,RFD,IL,AGL,CE,Combined TRACON& Tower with Radar,54,12,77,0,143,2,0,58,1,61,56,12,135,1,204,38,0,38,242
02/23/2006,RFD,IL,AGL,CE,Combined TRACON& Tower with Radar,58,18,63,0,139,2,0,44,0,46,60,18,107,0,185,16,0,16,201
02/24/2006,RFD,IL,AGL,CE,Combined TRACON& Tower with Radar,44,11,51,7,113,0,0,35,1,36,44,11,86,8,149,16,20,36,185
02/25/2006,RFD,IL,AGL,CE,Combined TRACON& Tower with Radar,15,2,35,1,53,3,0,68,0,71,18,2,103,1,124,22,0,22,146
02/26/2006,RFD,IL,AGL,CE,Combined TRACON& Tower with Radar,4,2,83,2,91,0,0,15,0,15,4,2,98,2,106,76,0,76,182
02/27/2006,RFD,IL,AGL,CE,Combined TRACON& Tower with Radar,19,7,42,4,72,0,2,32,1,35,19,9,74,5,107,20,14,34,141
02/28/2006,RFD,IL,AGL,CE,Combined TRACON& Tower with Radar,49,2,52,1,104,0,0,27,0,27,49,2,79,1,131,26,0,26,157
03/01/2006,RFD,IL,AGL,CE,Combined TRACON& Tower with Radar,58,12,30,11,111,0,1,37,7,45,58,13,67,18,156,30,12,42,198
03/02/2006,RFD,IL,AGL,CE,Combined TRACON& Tower with Radar,52,12,32,0,96,0,0,25,0,25,52,12,57,0,121,16,0,16,137
03/03/2006,RFD,IL,AGL,CE,Combined TRACON& Tower with Radar,50,14,48,0,112,0,0,60,0,60,50,14,108,0,172,47,0,47,219
03/04/2006,RFD,IL,AGL,CE,Combined TRACON& Tower with Radar,17,7,57,0,81,0,0,117,0,117,17,7,174,0,198,86,0,86,284
03/05/2006,RFD,IL,AGL,CE,Combined TRACON& Tower with Radar,7,7,8,0,22,0,0,1,0,1,7,7,9,0,23,0,0,0,23
03/06/2006,RFD,IL,AGL,CE,Combined TRACON& Tower with Radar,21,9,25,0,55,0,0,5,0,5,21,9,30,0,60,4,0,4,64
03/07/2006,RFD,IL,AGL,CE,Combined TRACON& Tower with Radar,60,8,66,1,135,0,3,99,0,102,60,11,165,1,237,102,0,102,339
03/08/2006,RFD,IL,AGL,CE,Combined TRACON& Tower with Radar,54,15,34,2,105,0,0,28,0,28,54,15,62,2,133,18,0,18,151
03/09/2006,RFD,IL,AGL,CE,Combined TRACON& Tower with Radar,64,10,18,0,92,0,0,11,0,11,64,10,29,0,103,8,0,8,111
03/10/2006,RFD,IL,AGL,CE,Combined TRACON& Tower with Radar,43,17,76,0,136,0,0,104,0,104,43,17,180,0,240,57,2,59,299
03/11/2006,RFD,IL,AGL,CE,Combined TRACON& Tower with Radar,17,9,43,1,70,0,0,59,1,60,17,9,102,2,130,48,4,52,182
03/12/2006,RFD,IL,AGL,CE,Combined TRACON& Tower with Radar,7,8,49,0,64,0,0,92,0,92,7,8,141,0,156,74,0,74,230
03/13/2006,RFD,IL,AGL,CE,Combined TRACON& Tower with Radar,41,16,16,0,73,0,0,4,0,4,41,16,20,0,77,0,42,42,119
03/14/2006,RFD,IL,AGL,CE,Combined TRACON& Tower with Radar,54,10,33,0,97,0,0,34,2,36,54,10,67,2,133,8,2,10,143
03/15/2006,RFD,IL,AGL,CE,Combined TRACON& Tower with Radar,55,22,110,0,187,0,7,141,0,148,55,29,251,0,335,158,0,158,493
03/16/2006,RFD,IL,AGL,CE,Combined TRACON& Tower with Radar,60,12,16,0,88,0,0,0,0,0,60,12,16,0,88,0,0,0,88
03/17/2006,RFD,IL,AGL,CE,Combined TRACON& Tower with Radar,43,21,53,0,117,0,0,92,0,92,43,21,145,0,209,0,0,0,209
03/18/2006,RFD,IL,AGL,CE,Combined TRACON& Tower with Radar,15,6,82,0,103,0,0,146,0,146,15,6,228,0,249,68,0,68,317
03/19/2006,RFD,IL,AGL,CE,Combined TRACON& Tower with Radar,8,9,51,0,68,0,3,125,0,128,8,12,176,0,196,42,0,42,238
03/20/2006,RFD,IL,AGL,CE,Combined TRACON& Tower with Radar,20,27,41,0,88,0,20,52,0,72,20,47,93,0,160,22,0,22,182
03/21/2006,RFD,IL,AGL,CE,Combined TRACON& Tower with Radar,64,13,29,6,112,0,2,3,5,10,64,15,32,11,122,30,14,44,166
03/22/2006,RFD,IL,AGL,CE,Combined TRACON& Tower with Radar,61,32,88,0,181,0,1,80,0,81,61,33,168,0,262,40,0,40,302
03/23/2006,RFD,IL,AGL,CE,Combined TRACON& Tower with Radar,62,16,48,6,132,0,1,47,4,52,62,17,95,10,184,28,8,36,220
03/24/2006,RFD,IL,AGL,CE,Combined TRACON& Tower with Radar,47,8,24,0,79,0,0,22,2,24,47,8,46,2,103,48,0,48,151
03/25/2006,RFD,IL,AGL,CE,Combined TRACON& Tower with Radar,17,1,39,0,57,0,0,53,0,53,17,1,92,0,110,30,0,30,140
03/26/2006,RFD,IL,AGL,CE,Combined TRACON& Tower with Radar,7,7,58,0,72,0,1,127,0,128,7,8,185,0,200,138,0,138,338
03/27/2006,RFD,IL,AGL,CE,Combined TRACON& Tower with Radar,24,11,36,3,74,0,0,22,0,22,24,11,58,3,96,59,0,59,155
03/28/2006,RFD,IL,AGL,CE,Combined TRACON& Tower with Radar,55,20,67,17,159,0,0,12,2,14,55,20,79,19,173,16,42,58,231
03/29/2006,RFD,IL,AGL,CE,Combined TRACON& Tower with Radar,57,26,80,4,167,0,1,53,5,59,57,27,133,9,226,90,4,94,320
03/30/2006,RFD,IL,AGL,CE,Combined TRACON& Tower with Radar,51,22,65,4,142,0,0,63,2,65,51,22,128,6,207,18,20,38,245
03/31/2006,RFD,IL,AGL,CE,Combined TRACON& Tower with Radar,51,20,22,0,93,0,0,9,0,9,51,20,31,0,102,0,0,0,102
04/01/2006,RFD,IL,AGL,CE,Combined TRACON& Tower with Radar,16,7,52,0,75,0,0,58,0,58,16,7,110,0,133,50,0,50,183
04/02/2006,RFD,IL,AGL,CE,Combined TRACON& Tower with Radar,8,8,24,0,40,0,0,2,0,2,8,8,26,0,42,0,0,0,42
04/03/2006,RFD,IL,AGL,CE,Combined TRACON& Tower with Radar,20,12,18,12,62,0,0,3,0,3,20,12,21,12,65,22,10,32,97
04/04/2006,RFD,IL,AGL,CE,Combined TRACON& Tower with Radar,63,23,39,0,125,0,3,58,0,61,63,26,97,0,186,8,0,8,194
04/05/2006,RFD,IL,AGL,CE,Combined TRACON& Tower with Radar,57,13,46,0,116,0,0,107,0,107,57,13,153,0,223,78,0,78,301
04/06/2006,RFD,IL,AGL,CE,Combined TRACON& Tower with Radar,60,10,51,0,121,0,0,24,0,24,60,10,75,0,145,14,0,14,159
04/07/2006,RFD,IL,AGL,CE,Combined TRACON& Tower with Radar,48,16,38,9,111,0,2,14,0,16,48,18,52,9,127,4,6,10,137
04/08/2006,RFD,IL,AGL,CE,Combined TRACON& Tower with Radar,17,15,45,0,77,0,9,128,0,137,17,24,173,0,214,138,0,138,352
04/09/2006,RFD,IL,AGL,CE,Combined TRACON& Tower with Radar,6,7,86,1,100,0,0,6,0,6,6,7,92,1,106,129,0,129,235
04/10/2006,RFD,IL,AGL,CE,Combined TRACON& Tower with Radar,22,8,46,0,76,0,0,80,0,80,22,8,126,0,156,74,2,76,232
04/11/2006,RFD,IL,AGL,CE,Combined TRACON& Tower with Radar,51,7,38,6,102,0,0,63,6,69,51,7,101,12,171,90,18,108,279
04/12/2006,RFD,IL,AGL,CE,Combined TRACON& Tower with Radar,58,16,52,0,126,0,3,48,0,51,58,19,100,0,177,42,6,48,225
04/13/2006,RFD,IL,AGL,CE,Combined TRACON& Tower with Radar,57,10,51,5,123,0,0,108,4,112,57,10,159,9,235,94,24,118,353
04/14/2006,RFD,IL,AGL,CE,Combined TRACON& Tower with Radar,47,7,74,0,128,0,0,67,0,67,47,7,141,0,195,96,0,96,291
04/15/2006,RFD,IL,AGL,CE,Combined TRACON& Tower with Radar,16,8,58,0,82,0,3,142,0,145,16,11,200,0,227,130,0,130,357
04/16/2006,RFD,IL,AGL,CE,Combined TRACON& Tower with Radar,7,3,6,0,16,0,0,2,0,2,7,3,8,0,18,14,0,14,32
04/17/2006,RFD,IL,AGL,CE,Combined TRACON& Tower with Radar,21,5,65,5,96,0,0,85,3,88,21,5,150,8,184,92,16,108,292
04/18/2006,RFD,IL,AGL,CE,Combined TRACON& Tower with Radar,58,14,44,0,116,0,0,90,0,90,58,14,134,0,206,80,0,80,286
04/19/2006,RFD,IL,AGL,CE,Combined TRACON& Tower with Radar,53,15,36,4,108,0,0,57,5,62,53,15,93,9,170,16,18,34,204
04/20/2006,RFD,IL,AGL,CE,Combined TRACON& Tower with Radar,59,10,126,0,195,0,0,62,0,62,59,10,188,0,257,40,0,40,297
04/21/2006,RFD,IL,AGL,CE,Combined TRACON& Tower with Radar,43,23,39,2,107,0,0,121,1,122,43,23,160,3,229,144,2,146,375
04/22/2006,RFD,IL,AGL,CE,Combined TRACON& Tower with Radar,15,8,109,0,132,0,0,48,0,48,15,8,157,0,180,42,0,42,222
04/23/2006,RFD,IL,AGL,CE,Combined TRACON& Tower with Radar,9,7,49,0,65,0,0,189,0,189,9,7,238,0,254,62,0,62,316
04/24/2006,RFD,IL,AGL,CE,Combined TRACON& Tower with Radar,24,8,58,12,102,0,1,124,10,135,24,9,182,22,237,108,48,156,393
04/25/2006,RFD,IL,AGL,CE,Combined TRACON& Tower with Radar,52,9,46,5,112,1,0,66,4,71,53,9,112,9,183,44,6,50,233
04/26/2006,RFD,IL,AGL,CE,Combined TRACON& Tower with Radar,55,21,62,0,138,0,1,143,0,144,55,22,205,0,282,160,16,176,458
04/27/2006,RFD,IL,AGL,CE,Combined TRACON& Tower with Radar,57,13,84,0,154,0,0,110,0,110,57,13,194,0,264,88,8,96,360
04/28/2006,RFD,IL,AGL,CE,Combined TRACON& Tower with Radar,44,14,88,0,146,0,18,88,0,106,44,32,176,0,252,152,0,152,404
04/29/2006,RFD,IL,AGL,CE,Combined TRACON& Tower with Radar,10,26,93,0,129,0,0,20,0,20,10,26,113,0,149,0,0,0,149
04/30/2006,RFD,IL,AGL,CE,Combined TRACON& Tower with Radar,5,11,19,0,35,0,2,3,0,5,5,13,22,0,40,0,0,0,40
05/01/2006,RFD,IL,AGL,CE,Combined TRACON& Tower with Radar,24,11,56,0,91,0,0,29,0,29,24,11,85,0,120,22,0,22,142
05/02/2006,RFD,IL,AGL,CE,Combined TRACON& Tower with Radar,52,12,86,0,150,0,0,62,0,62,52,12,148,0,212,64,0,64,276
05/03/2006,RFD,IL,AGL,CE,Combined TRACON& Tower with Radar,50,15,46,7,118,0,0,0,0,0,50,15,46,7,118,56,32,88,206
05/04/2006,RFD,IL,AGL,CE,Combined TRACON& Tower with Radar,58,15,92,15,180,0,0,71,0,71,58,15,163,15,251,14,18,32,283
05/05/2006,RFD,IL,AGL,CE,Combined TRACON& Tower with Radar,52,34,104,22,212,0,0,73,0,73,52,34,177,22,285,36,14,50,335
05/06/2006,RFD,IL,AGL,CE,Combined TRACON& Tower with Radar,9,10,33,0,52,0,1,115,0,116,9,11,148,0,168,72,0,72,240
05/07/2006,RFD,IL,AGL,CE,Combined TRACON& Tower with Radar,8,14,21,0,43,0,5,304,0,309,8,19,325,0,352,44,0,44,396
05/08/2006,RFD,IL,AGL,CE,Combined TRACON& Tower with Radar,23,14,89,0,126,0,0,54,0,54,23,14,143,0,180,76,0,76,256
05/09/2006,RFD,IL,AGL,CE,Combined TRACON& Tower with Radar,58,11,31,14,114,0,0,22,0,22,58,11,53,14,136,38,48,86,222
05/10/2006,RFD,IL,AGL,CE,Combined TRACON& Tower with Radar,50,8,70,9,137,0,0,78,8,86,50,8,148,17,223,52,22,74,297
05/11/2006,RFD,IL,AGL,CE,Combined TRACON& Tower with Radar,54,9,33,0,96,0,1,8,0,9,54,10,41,0,105,2,0,2,107
05/12/2006,RFD,IL,AGL,CE,Combined TRACON& Tower with Radar,49,21,47,0,117,0,2,29,0,31,49,23,76,0,148,38,0,38,186
05/13/2006,RFD,IL,AGL,CE,Combined TRACON& Tower with Radar,13,13,72,0,98,1,0,49,0,50,14,13,121,0,148,26,0,26,174
05/14/2006,RFD,IL,AGL,CE,Combined TRACON& Tower with Radar,4,6,54,0,64,0,0,23,0,23,4,6,77,0,87,28,0,28,115
05/15/2006,RFD,IL,AGL,CE,Combined TRACON& Tower with Radar,19,17,60,10,106,0,0,19,0,19,19,17,79,10,125,12,24,36,161
05/16/2006,RFD,IL,AGL,CE,Combined TRACON& Tower with Radar,51,11,49,6,117,0,0,34,5,39,51,11,83,11,156,10,24,34,190
05/17/2006,RFD,IL,AGL,CE,Combined TRACON& Tower with Radar,53,28,50,0,131,0,0,0,0,0,53,28,50,0,131,24,0,24,155
05/18/2006,RFD,IL,AGL,CE,Combined TRACON& Tower with Radar,54,13,55,8,130,0,5,74,5,84,54,18,129,13,214,74,42,116,330
05/19/2006,RFD,IL,AGL,CE,Combined TRACON& Tower with Radar,52,21,64,9,146,0,4,147,6,157,52,25,211,15,303,150,42,192,495
05/20/2006,RFD,IL,AGL,CE,Combined TRACON& Tower with Radar,13,14,25,0,52,0,0,124,0,124,13,14,149,0,176,80,0,80,256
05/21/2006,RFD,IL,AGL,CE,Combined TRACON& Tower with Radar,5,13,56,0,74,0,0,0,0,0,5,13,56,0,74,92,0,92,166
05/22/2006,RFD,IL,AGL,CE,Combined TRACON& Tower with Radar,23,16,61,0,100,0,0,58,0,58,23,16,119,0,158,146,0,146,304
05/23/2006,RFD,IL,AGL,CE,Combined TRACON& Tower with Radar,55,13,43,7,118,0,1,89,6,96,55,14,132,13,214,60,22,82,296
05/24/2006,RFD,IL,AGL,CE,Combined TRACON& Tower with Radar,70,21,33,0,124,0,0,37,0,37,70,21,70,0,161,22,0,22,183
05/25/2006,RFD,IL,AGL,CE,Combined TRACON& Tower with Radar,65,22,34,0,121,0,4,42,0,46,65,26,76,0,167,14,0,14,181
05/26/2006,RFD,IL,AGL,CE,Combined TRACON& Tower with Radar,45,22,141,0,208,0,0,87,0,87,45,22,228,0,295,48,0,48,343
05/27/2006,RFD,IL,AGL,CE,Combined TRACON& Tower with Radar,12,13,64,2,91,0,0,66,1,67,12,13,130,3,158,38,2,40,198
05/28/2006,RFD,IL,AGL,CE,Combined TRACON& Tower with Radar,6,14,27,0,47,0,2,67,0,69,6,16,94,0,116,56,0,56,172
05/29/2006,RFD,IL,AGL,CE,Combined TRACON& Tower with Radar,22,15,43,0,80,0,0,89,0,89,22,15,132,0,169,96,0,96,265
05/30/2006,RFD,IL,AGL,CE,Combined TRACON& Tower with Radar,23,13,47,5,88,0,0,42,2,44,23,13,89,7,132,28,22,50,182
05/31/2006,RFD,IL,AGL,CE,Combined TRACON& Tower with Radar,59,20,59,1,139,0,5,56,17,78,59,25,115,18,217,16,72,88,305
06/01/2006,RFD,IL,AGL,CE,Combined TRACON& Tower with Radar,65,18,60,2,145,0,0,132,2,134,65,18,192,4,279,98,28,126,405
06/02/2006,RFD,IL,AGL,CE,Combined TRACON& Tower with Radar,51,34,76,4,165,0,0,87,0,87,51,34,163,4,252,20,2,22,274
06/03/2006,RFD,IL,AGL,CE,Combined TRACON& Tower with Radar,18,15,86,0,119,0,0,92,0,92,18,15,178,0,211,108,0,108,319
06/04/2006,RFD,IL,AGL,CE,Combined TRACON& Tower with Radar,7,6,42,0,55,0,0,97,0,97,7,6,139,0,152,42,0,42,194
06/05/2006,RFD,IL,AGL,CE,Combined TRACON& Tower with Radar,20,22,73,0,115,0,0,109,0,109,20,22,182,0,224,62,0,62,286
06/06/2006,RFD,IL,AGL,CE,Combined TRACON& Tower with Radar,57,23,32,0,112,0,0,35,0,35,57,23,67,0,147,0,0,0,147
06/07/2006,RFD,IL,AGL,CE,Combined TRACON& Tower with Radar,57,28,60,0,145,0,3,115,0,118,57,31,175,0,263,130,0,130,393
06/08/2006,RFD,IL,AGL,CE,Combined TRACON& Tower with Radar,59,25,85,8,177,0,2,94,1,97,59,27,179,9,274,22,24,46,320
06/09/2006,RFD,IL,AGL,CE,Combined TRACON& Tower with Radar,49,33,123,0,205,0,1,76,0,77,49,34,199,0,282,100,0,100,382
06/10/2006,RFD,IL,AGL,CE,Combined TRACON& Tower with Radar,12,10,58,0,80,0,0,60,0,60,12,10,118,0,140,24,0,24,164
06/11/2006,RFD,IL,AGL,CE,Combined TRACON& Tower with Radar,8,6,56,3,73,0,0,97,2,99,8,6,153,5,172,64,0,64,236
06/12/2006,RFD,IL,AGL,CE,Combined TRACON& Tower with Radar,25,9,51,2,87,0,0,119,0,119,25,9,170,2,206,58,6,64,270
06/13/2006,RFD,IL,AGL,CE,Combined TRACON& Tower with Radar,53,13,50,4,120,0,0,51,0,51,53,13,101,4,171,100,0,100,271
06/14/2006,RFD,IL,AGL,CE,Combined TRACON& Tower with Radar,56,23,62,0,141,0,0,83,0,83,56,23,145,0,224,14,0,14,238
06/15/2006,RFD,IL,AGL,CE,Combined TRACON& Tower with Radar,54,17,94,0,165,0,0,82,0,82,54,17,176,0,247,72,0,72,319
06/16/2006,RFD,IL,AGL,CE,Combined TRACON& Tower with Radar,46,21,84,0,151,0,0,81,0,81,46,21,165,0,232,28,0,28,260
06/17/2006,RFD,IL,AGL,CE,Combined TRACON& Tower with Radar,12,6,50,0,68,0,0,58,0,58,12,6,108,0,126,26,0,26,152
06/18/2006,RFD,IL,AGL,CE,Combined TRACON& Tower with Radar,4,3,31,0,38,0,0,23,0,23,4,3,54,0,61,2,0,2,63
06/19/2006,RFD,IL,AGL,CE,Combined TRACON& Tower with Radar,22,9,68,2,101,0,0,55,0,55,22,9,123,2,156,68,10,78,234
06/20/2006,RFD,IL,AGL,CE,Combined TRACON& Tower with Radar,57,18,84,0,159,0,0,31,5,36,57,18,115,5,195,80,0,80,275
06/21/2006,RFD,IL,AGL,CE,Combined TRACON& Tower with Radar,52,14,41,0,107,0,0,39,0,39,52,14,80,0,146,38,0,38,184
06/22/2006,RFD,IL,AGL,CE,Combined TRACON& Tower with Radar,54,16,56,0,126,0,0,79,0,79,54,16,135,0,205,74,0,74,279
06/23/2006,RFD,IL,AGL,CE,Combined TRACON& Tower with Radar,50,13,78,1,142,0,1,125,0,126,50,14,203,1,268,72,0,72,340
06/24/2006,RFD,IL,AGL,CE,Combined TRACON& Tower with Radar,13,7,57,0,77,0,0,127,0,127,13,7,184,0,204,38,0,38,242
06/25/2006,RFD,IL,AGL,CE,Combined TRACON& Tower with Radar,9,6,48,0,63,0,0,20,0,20,9,6,68,0,83,14,0,14,97
06/26/2006,RFD,IL,AGL,CE,Combined TRACON& Tower with Radar,22,8,60,0,90,0,0,57,0,57,22,8,117,0,147,22,0,22,169
06/27/2006,RFD,IL,AGL,CE,Combined TRACON& Tower with Radar,57,16,131,0,204,0,3,111,0,114,57,19,242,0,318,68,0,68,386
06/28/2006,RFD,IL,AGL,CE,Combined TRACON& Tower with Radar,63,12,83,0,158,0,3,84,0,87,63,15,167,0,245,54,0,54,299
06/29/2006,RFD,IL,AGL,CE,Combined TRACON& Tower with Radar,49,19,93,0,161,0,0,158,0,158,49,19,251,0,319,112,0,112,431
06/30/2006,RFD,IL,AGL,CE,Combined TRACON& Tower with Radar,49,20,88,2,159,0,0,111,0,111,49,20,199,2,270,82,0,82,352
07/01/2006,RFD,IL,AGL,CE,Combined TRACON& Tower with Radar,15,8,39,0,62,0,0,49,0,49,15,8,88,0,111,18,0,18,129
07/02/2006,RFD,IL,AGL,CE,Combined TRACON& Tower with Radar,8,1,61,0,70,0,0,24,0,24,8,1,85,0,94,22,0,22,116
07/03/2006,RFD,IL,AGL,CE,Combined TRACON& Tower with Radar,19,2,37,0,58,0,0,18,0,18,19,2,55,0,76,40,0,40,116
07/04/2006,RFD,IL,AGL,CE,Combined TRACON& Tower with Radar,24,6,54,0,84,0,0,101,0,101,24,6,155,0,185,54,0,54,239
07/05/2006,RFD,IL,AGL,CE,Combined TRACON& Tower with Radar,20,11,50,9,90,0,0,123,8,131,20,11,173,17,221,104,0,104,325
07/06/2006,RFD,IL,AGL,CE,Combined TRACON& Tower with Radar,59,12,108,18,197,0,1,144,11,156,59,13,252,29,353,98,32,130,483
07/07/2006,RFD,IL,AGL,CE,Combined TRACON& Tower with Radar,43,17,97,3,160,0,0,136,2,138,43,17,233,5,298,116,26,142,440
07/08/2006,RFD,IL,AGL,CE,Combined TRACON& Tower with Radar,11,10,94,0,115,0,0,91,0,91,11,10,185,0,206,56,0,56,262
07/09/2006,RFD,IL,AGL,CE,Combined TRACON& Tower with Radar,10,13,30,1,54,0,0,17,0,17,10,13,47,1,71,54,0,54,125
07/10/2006,RFD,IL,AGL,CE,Combined TRACON& Tower with Radar,23,20,73,7,123,0,1,61,7,69,23,21,134,14,192,28,12,40,232
07/11/2006,RFD,IL,AGL,CE,Combined TRACON& Tower with Radar,53,19,87,10,169,0,2,39,8,49,53,21,126,18,218,18,24,42,260
07/12/2006,RFD,IL,AGL,CE,Combined TRACON& Tower with Radar,56,15,86,5,162,0,2,57,4,63,56,17,143,9,225,92,22,114,339
07/13/2006,RFD,IL,AGL,CE,Combined TRACON& Tower with Radar,63,14,144,0,221,0,2,64,1,67,63,16,208,1,288,48,0,48,336
07/14/2006,RFD,IL,AGL,CE,Combined TRACON& Tower with Radar,48,14,50,0,112,0,0,58,0,58,48,14,108,0,170,14,0,14,184
07/15/2006,RFD,IL,AGL,CE,Combined TRACON& Tower with Radar,12,6,34,0,52,0,0,79,0,79,12,6,113,0,131,34,0,34,165
07/16/2006,RFD,IL,AGL,CE,Combined TRACON& Tower with Radar,3,11,29,0,43,0,0,86,0,86,3,11,115,0,129,20,0,20,149
07/17/2006,RFD,IL,AGL,CE,Combined TRACON& Tower with Radar,25,13,38,12,88,0,0,53,9,62,25,13,91,21,150,10,50,60,210
07/18/2006,RFD,IL,AGL,CE,Combined TRACON& Tower with Radar,51,18,69,22,160,0,0,80,0,80,51,18,149,22,240,62,48,110,350
07/19/2006,RFD,IL,AGL,CE,Combined TRACON& Tower with Radar,69,15,40,1,125,0,0,41,1,42,69,15,81,2,167,64,0,64,231
07/20/2006,RFD,IL,AGL,CE,Combined TRACON& Tower with Radar,64,8,66,0,138,0,0,33,0,33,64,8,99,0,171,10,0,10,181
07/21/2006,RFD,IL,AGL,CE,Combined TRACON& Tower with Radar,49,19,88,2,158,0,1,3,0,4,49,20,91,2,162,38,22,60,222
07/22/2006,RFD,IL,AGL,CE,Combined TRACON& Tower with Radar,17,24,30,0,71,0,7,98,0,105,17,31,128,0,176,96,0,96,272
07/23/2006,RFD,IL,AGL,CE,Combined TRACON& Tower with Radar,5,17,26,0,48,0,6,320,0,326,5,23,346,0,374,26,0,26,400
07/24/2006,RFD,IL,AGL,CE,Combined TRACON& Tower with Radar,30,13,15,2,60,0,0,41,0,41,30,13,56,2,101,2,22,24,125
07/25/2006,RFD,IL,AGL,CE,Combined TRACON& Tower with Radar,50,29,45,1,125,0,2,63,3,68,50,31,108,4,193,32,0,32,225
07/26/2006,RFD,IL,AGL,CE,Combined TRACON& Tower with Radar,57,19,61,0,137,0,0,52,0,52,57,19,113,0,189,8,0,8,197
07/27/2006,RFD,IL,AGL,CE,Combined TRACON& Tower with Radar,76,14,64,8,162,0,1,25,0,26,76,15,89,8,188,22,12,34,222
07/28/2006,RFD,IL,AGL,CE,Combined TRACON& Tower with Radar,53,12,44,0,109,0,2,76,1,79,53,14,120,1,188,42,0,42,230
07/29/2006,RFD,IL,AGL,CE,Combined TRACON& Tower with Radar,19,11,36,0,66,0,0,47,0,47,19,11,83,0,113,16,0,16,129
07/30/2006,RFD,IL,AGL,CE,Combined TRACON& Tower with Radar,8,8,32,0,48,0,0,43,0,43,8,8,75,0,91,28,0,28,119
07/31/2006,RFD,IL,AGL,CE,Combined TRACON& Tower with Radar,29,8,56,5,98,0,0,82,0,82,29,8,138,5,180,44,10,54,234
08/01/2006,RFD,IL,AGL,CE,Combined TRACON& Tower with Radar,53,20,51,37,161,0,0,61,9,70,53,20,112,46,231,68,44,112,343
08/02/2006,RFD,IL,AGL,CE,Combined TRACON& Tower with Radar,81,9,67,0,157,0,0,46,0,46,81,9,113,0,203,36,0,36,239
08/03/2006,RFD,IL,AGL,CE,Combined TRACON& Tower with Radar,36,12,50,3,101,0,0,84,1,85,36,12,134,4,186,36,0,36,222
08/04/2006,RFD,IL,AGL,CE,Combined TRACON& Tower with Radar,45,7,64,11,127,0,0,106,0,106,45,7,170,11,233,10,22,32,265
08/05/2006,RFD,IL,AGL,CE,Combined TRACON& Tower with Radar,15,8,62,0,85,8,0,95,0,103,23,8,157,0,188,58,0,58,246
08/06/2006,RFD,IL,AGL,CE,Combined TRACON& Tower with Radar,6,10,47,0,63,0,0,20,0,20,6,10,67,0,83,14,0,14,97
08/07/2006,RFD,IL,AGL,CE,Combined TRACON& Tower with Radar,23,11,52,9,95,0,0,80,0,80,23,11,132,9,175,62,6,68,243
08/08/2006,RFD,IL,AGL,CE,Combined TRACON& Tower with Radar,59,5,93,10,167,0,0,71,1,72,59,5,164,11,239,102,30,132,371
08/09/2006,RFD,IL,AGL,CE,Combined TRACON& Tower with Radar,59,14,38,2,113,0,0,0,0,0,59,14,38,2,113,44,20,64,177
08/10/2006,RFD,IL,AGL,CE,Combined TRACON& Tower with Radar,53,9,82,5,149,0,0,52,2,54,53,9,134,7,203,0,0,0,203
08/11/2006,RFD,IL,AGL,CE,Combined TRACON& Tower with Radar,47,12,54,2,115,0,0,7,0,7,47,12,61,2,122,48,0,48,170
08/12/2006,RFD,IL,AGL,CE,Combined TRACON& Tower with Radar,16,7,33,5,61,0,0,81,0,81,16,7,114,5,142,46,0,46,188
08/13/2006,RFD,IL,AGL,CE,Combined TRACON& Tower with Radar,7,5,63,0,75,0,0,67,1,68,7,5,130,1,143,162,0,162,305
08/14/2006,RFD,IL,AGL,CE,Combined TRACON& Tower with Radar,0,18,57,0,75,0,5,66,0,71,0,23,123,0,146,55,4,59,205
08/15/2006,RFD,IL,AGL,CE,Combined TRACON& Tower with Radar,56,7,66,6,135,0,3,132,4,139,56,10,198,10,274,68,10,78,352
08/16/2006,RFD,IL,AGL,CE,Combined TRACON& Tower with Radar,59,16,92,0,167,0,0,138,0,138,59,16,230,0,305,128,0,128,433
08/17/2006,RFD,IL,AGL,CE,Combined TRACON& Tower with Radar,63,9,51,6,129,0,0,53,4,57,63,9,104,10,186,22,8,30,216
08/18/2006,RFD,IL,AGL,CE,Combined TRACON& Tower with Radar,16,7,94,0,117,0,0,18,0,18,16,7,112,0,135,16,0,16,151
08/19/2006,RFD,IL,AGL,CE,Combined TRACON& Tower with Radar,16,7,92,0,115,0,0,17,0,17,16,7,109,0,132,8,0,8,140
08/20/2006,RFD,IL,AGL,CE,Combined TRACON& Tower with Radar,9,6,41,0,56,0,0,83,0,83,9,6,124,0,139,10,0,10,149
08/21/2006,RFD,IL,AGL,CE,Combined TRACON& Tower with Radar,23,11,77,5,116,0,2,100,5,107,23,13,177,10,223,22,16,38,261
08/22/2006,RFD,IL,AGL,CE,Combined TRACON& Tower with Radar,62,7,55,8,132,0,3,104,6,113,62,10,159,14,245,58,14,72,317
08/23/2006,RFD,IL,AGL,CE,Combined TRACON& Tower with Radar,69,12,63,6,150,0,1,109,1,111,69,13,172,7,261,84,78,162,423
08/24/2006,RFD,IL,AGL,CE,Combined TRACON& Tower with Radar,73,12,41,0,126,0,0,31,0,31,73,12,72,0,157,38,0,38,195
08/25/2006,RFD,IL,AGL,CE,Combined TRACON& Tower with Radar,56,14,46,0,116,0,1,33,0,34,56,15,79,0,150,6,0,6,156
08/26/2006,RFD,IL,AGL,CE,Combined TRACON& Tower with Radar,14,6,66,1,87,0,1,43,0,44,14,7,109,1,131,4,0,4,135
08/27/2006,RFD,IL,AGL,CE,Combined TRACON& Tower with Radar,7,5,116,0,128,0,1,23,0,24,7,6,139,0,152,70,0,70,222
08/28/2006,RFD,IL,AGL,CE,Combined TRACON& Tower with Radar,30,8,38,0,76,0,1,48,0,49,30,9,86,0,125,42,0,42,167
08/29/2006,RFD,IL,AGL,CE,Combined TRACON& Tower with Radar,54,16,104,10,184,0,0,98,8,106,54,16,202,18,290,58,24,82,372
08/30/2006,RFD,IL,AGL,CE,Combined TRACON& Tower with Radar,53,22,34,4,113,0,4,69,3,76,53,26,103,7,189,66,32,98,287
08/31/2006,RFD,IL,AGL,CE,Combined TRACON& Tower with Radar,64,34,134,1,233,0,1,80,0,81,64,35,214,1,314,52,0,52,366
09/01/2006,RFD,IL,AGL,CE,Combined TRACON& Tower with Radar,45,13,70,1,129,0,2,89,0,91,45,15,159,1,220,62,0,62,282
09/02/2006,RFD,IL,AGL,CE,Combined TRACON& Tower with Radar,12,4,54,0,70,0,0,52,0,52,12,4,106,0,122,22,0,22,144
09/03/2006,RFD,IL,AGL,CE,Combined TRACON& Tower with Radar,0,0,0,0,0,9,1,116,0,126,9,1,116,0,126,42,0,42,168
09/04/2006,RFD,IL,AGL,CE,Combined TRACON& Tower with Radar,6,10,42,0,58,0,0,34,0,34,6,10,76,0,92,8,0,8,100
09/05/2006,RFD,IL,AGL,CE,Combined TRACON& Tower with Radar,24,11,76,0,111,0,0,44,0,44,24,11,120,0,155,78,0,78,233
09/06/2006,RFD,IL,AGL,CE,Combined TRACON& Tower with Radar,52,25,68,11,156,0,2,70,8,80,52,27,138,19,236,22,34,56,292
09/07/2006,RFD,IL,AGL,CE,Combined TRACON& Tower with Radar,64,13,77,5,159,0,0,77,0,77,64,13,154,5,236,22,0,22,258
09/08/2006,RFD,IL,AGL,CE,Combined TRACON& Tower with Radar,36,12,55,0,103,0,0,63,0,63,36,12,118,0,166,40,0,40,206
09/09/2006,RFD,IL,AGL,CE,Combined TRACON& Tower with Radar,15,8,62,4,89,0,0,62,3,65,15,8,124,7,154,2,14,16,170
09/10/2006,RFD,IL,AGL,CE,Combined TRACON& Tower with Radar,4,13,56,0,73,0,0,22,0,22,4,13,78,0,95,12,0,12,107
09/11/2006,RFD,IL,AGL,CE,Combined TRACON& Tower with Radar,28,13,51,0,92,0,0,0,0,0,28,13,51,0,92,4,0,4,96
09/12/2006,RFD,IL,AGL,CE,Combined TRACON& Tower with Radar,64,16,44,0,124,0,0,0,0,0,64,16,44,0,124,0,0,0,124
09/13/2006,RFD,IL,AGL,CE,Combined TRACON& Tower with Radar,57,14,74,0,145,0,2,52,0,54,57,16,126,0,199,14,0,14,213
09/14/2006,RFD,IL,AGL,CE,Combined TRACON& Tower with Radar,64,16,69,0,149,0,0,97,0,97,64,16,166,0,246,98,0,98,344
09/15/2006,RFD,IL,AGL,CE,Combined TRACON& Tower with Radar,56,20,61,0,137,0,1,56,0,57,56,21,117,0,194,26,0,26,220
09/16/2006,RFD,IL,AGL,CE,Combined TRACON& Tower with Radar,15,11,46,0,72,0,2,97,0,99,15,13,143,0,171,36,0,36,207
09/17/2006,RFD,IL,AGL,CE,Combined TRACON& Tower with Radar,12,10,22,0,44,0,0,23,0,23,12,10,45,0,67,32,0,32,99
09/18/2006,RFD,IL,AGL,CE,Combined TRACON& Tower with Radar,22,16,65,0,103,0,100,27,0,127,22,116,92,0,230,8,0,8,238
09/19/2006,RFD,IL,AGL,CE,Combined TRACON& Tower with Radar,57,26,36,0,119,0,7,39,0,46,57,33,75,0,165,16,0,16,181
09/20/2006,RFD,IL,AGL,CE,Combined TRACON& Tower with Radar,60,19,192,2,273,0,0,3,0,3,60,19,195,2,276,56,12,68,344
09/21/2006,RFD,IL,AGL,CE,Combined TRACON& Tower with Radar,61,13,37,10,121,0,8,64,4,76,61,21,101,14,197,24,24,48,245
09/22/2006,RFD,IL,AGL,CE,Combined TRACON& Tower with Radar,44,7,13,13,77,0,1,48,0,49,44,8,61,13,126,54,0,54,180
09/23/2006,RFD,IL,AGL,CE,Combined TRACON& Tower with Radar,14,8,4,6,32,0,1,13,0,14,14,9,17,6,46,8,0,8,54
09/24/2006,RFD,IL,AGL,CE,Combined TRACON& Tower with Radar,7,13,17,5,42,0,0,23,0,23,7,13,40,5,65,0,0,0,65
09/25/2006,RFD,IL,AGL,CE,Combined TRACON& Tower with Radar,28,16,47,23,114,0,0,48,0,48,28,16,95,23,162,46,0,46,208
09/26/2006,RFD,IL,AGL,CE,Combined TRACON& Tower with Radar,60,24,71,6,161,0,3,128,3,134,60,27,199,9,295,142,16,158,453
09/27/2006,RFD,IL,AGL,CE,Combined TRACON& Tower with Radar,56,19,52,0,127,0,1,38,0,39,56,20,90,0,166,16,0,16,182
09/28/2006,RFD,IL,AGL,CE,Combined TRACON& Tower with Radar,59,11,87,1,158,0,0,90,0,90,59,11,177,1,248,54,0,54,302
09/29/2006,RFD,IL,AGL,CE,Combined TRACON& Tower with Radar,46,12,116,25,199,0,1,51,0,52,46,13,167,25,251,44,4,48,299
09/30/2006,RFD,IL,AGL,CE,Combined TRACON& Tower with Radar,20,4,46,0,70,0,43,47,0,90,20,47,93,0,160,46,0,46,206
10/01/2006,RFD,IL,AGL,CE,Combined TRACON& Tower with Radar,14,7,35,0,56,0,0,93,0,93,14,7,128,0,149,32,0,32,181
10/02/2006,RFD,IL,AGL,CE,Combined TRACON& Tower with Radar,31,15,34,5,85,0,0,52,4,56,31,15,86,9,141,18,8,26,167
10/03/2006,RFD,IL,AGL,CE,Combined TRACON& Tower with Radar,61,11,68,0,140,0,0,71,0,71,61,11,139,0,211,4,0,4,215
10/04/2006,RFD,IL,AGL,CE,Combined TRACON& Tower with Radar,57,15,46,10,128,0,0,25,4,29,57,15,71,14,157,20,18,38,195
10/05/2006,RFD,IL,AGL,CE,Combined TRACON& Tower with Radar,65,15,123,0,203,0,0,60,0,60,65,15,183,0,263,56,0,56,319
10/06/2006,RFD,IL,AGL,CE,Combined TRACON& Tower with Radar,43,10,61,0,114,0,0,115,0,115,43,10,176,0,229,80,0,80,309
10/07/2006,RFD,IL,AGL,CE,Combined TRACON& Tower with Radar,10,6,47,0,63,0,0,115,1,116,10,6,162,1,179,66,0,66,245
10/08/2006,RFD,IL,AGL,CE,Combined TRACON& Tower with Radar,9,6,22,0,37,0,0,64,0,64,9,6,86,0,101,22,0,22,123
10/09/2006,RFD,IL,AGL,CE,Combined TRACON& Tower with Radar,26,8,37,0,71,0,2,75,0,77,26,10,112,0,148,30,0,30,178
10/10/2006,RFD,IL,AGL,CE,Combined TRACON& Tower with Radar,57,12,73,0,142,0,0,76,0,76,57,12,149,0,218,40,0,40,258
10/11/2006,RFD,IL,AGL,CE,Combined TRACON& Tower with Radar,56,12,37,10,115,1,0,17,7,25,57,12,54,17,140,32,58,90,230
10/12/2006,RFD,IL,AGL,CE,Combined TRACON& Tower with Radar,56,10,28,0,94,0,0,10,0,10,56,10,38,0,104,4,0,4,108
10/13/2006,RFD,IL,AGL,CE,Combined TRACON& Tower with Radar,41,22,32,0,95,0,0,30,0,30,41,22,62,0,125,24,0,24,149
10/14/2006,RFD,IL,AGL,CE,Combined TRACON& Tower with Radar,11,5,76,0,92,83,0,83,0,166,94,5,159,0,258,94,0,94,352
10/15/2006,RFD,IL,AGL,CE,Combined TRACON& Tower with Radar,10,4,53,0,67,0,0,133,0,133,10,4,186,0,200,124,0,124,324
10/16/2006,RFD,IL,AGL,CE,Combined TRACON& Tower with Radar,28,4,49,9,90,0,0,41,4,45,28,4,90,13,135,6,12,18,153
10/17/2006,RFD,IL,AGL,CE,Combined TRACON& Tower with Radar,57,19,89,7,172,0,0,49,4,53,57,19,138,11,225,70,14,84,309
10/18/2006,RFD,IL,AGL,CE,Combined TRACON& Tower with Radar,64,13,96,7,180,0,2,63,6,71,64,15,159,13,251,6,0,6,257
10/19/2006,RFD,IL,AGL,CE,Combined TRACON& Tower with Radar,64,17,37,5,123,0,0,61,4,65,64,17,98,9,188,122,8,130,318
10/20/2006,RFD,IL,AGL,CE,Combined TRACON& Tower with Radar,47,21,36,0,104,0,6,107,0,113,47,27,143,0,217,120,0,120,337
10/21/2006,RFD,IL,AGL,CE,Combined TRACON& Tower with Radar,16,13,61,0,90,0,0,73,0,73,16,13,134,0,163,42,0,42,205
10/22/2006,RFD,IL,AGL,CE,Combined TRACON& Tower with Radar,7,12,47,0,66,0,2,21,0,23,7,14,68,0,89,24,0,24,113
10/23/2006,RFD,IL,AGL,CE,Combined TRACON& Tower with Radar,18,24,49,7,98,0,1,44,2,47,18,25,93,9,145,82,0,82,227
10/24/2006,RFD,IL,AGL,CE,Combined TRACON& Tower with Radar,58,11,121,11,201,0,0,102,0,102,58,11,223,11,303,144,20,164,467
10/25/2006,RFD,IL,AGL,CE,Combined TRACON& Tower with Radar,58,18,63,11,150,0,4,119,7,130,58,22,182,18,280,74,24,98,378
10/26/2006,RFD,IL,AGL,CE,Combined TRACON& Tower with Radar,62,18,73,0,153,0,0,20,0,20,62,18,93,0,173,28,0,28,201
10/27/2006,RFD,IL,AGL,CE,Combined TRACON& Tower with Radar,43,21,69,0,133,0,0,33,0,33,43,21,102,0,166,2,0,2,168
10/28/2006,RFD,IL,AGL,CE,Combined TRACON& Tower with Radar,17,16,37,0,70,0,0,64,0,64,17,16,101,0,134,10,0,10,144
10/29/2006,RFD,IL,AGL,CE,Combined TRACON& Tower with Radar,8,10,73,0,91,0,0,63,0,63,8,10,136,0,154,118,0,118,272
10/30/2006,RFD,IL,AGL,CE,Combined TRACON& Tower with Radar,29,9,56,8,102,0,0,0,0,0,29,9,56,8,102,56,22,78,180
10/31/2006,RFD,IL,AGL,CE,Combined TRACON& Tower with Radar,60,19,23,0,102,0,7,55,0,62,60,26,78,0,164,144,0,144,308
11/01/2006,RFD,IL,AGL,CE,Combined TRACON& Tower with Radar,59,11,72,0,142,0,4,83,0,87,59,15,155,0,229,34,0,34,263
11/02/2006,RFD,IL,AGL,CE,Combined TRACON& Tower with Radar,58,11,55,0,124,0,0,63,0,63,58,11,118,0,187,10,0,10,197
11/03/2006,RFD,IL,AGL,CE,Combined TRACON& Tower with Radar,44,12,62,0,118,0,3,11,0,14,44,15,73,0,132,54,0,54,186
11/04/2006,RFD,IL,AGL,CE,Combined TRACON& Tower with Radar,17,18,37,1,73,0,0,48,3,51,17,18,85,4,124,72,0,72,196
11/05/2006,RFD,IL,AGL,CE,Combined TRACON& Tower with Radar,7,5,87,0,99,0,0,77,2,79,7,5,164,2,178,112,0,112,290
11/06/2006,RFD,IL,AGL,CE,Combined TRACON& Tower with Radar,22,18,57,0,97,0,8,61,0,69,22,26,118,0,166,68,0,68,234
11/07/2006,RFD,IL,AGL,CE,Combined TRACON& Tower with Radar,60,8,50,0,118,0,0,36,0,36,60,8,86,0,154,86,0,86,240
11/08/2006,RFD,IL,AGL,CE,Combined TRACON& Tower with Radar,64,11,60,7,142,0,0,72,4,76,64,11,132,11,218,56,22,78,296
11/09/2006,RFD,IL,AGL,CE,Combined TRACON& Tower with Radar,62,20,89,10,181,0,2,119,10,131,62,22,208,20,312,80,24,104,416
11/10/2006,RFD,IL,AGL,CE,Combined TRACON& Tower with Radar,70,31,29,0,130,0,3,14,0,17,70,34,43,0,147,4,0,4,151
11/11/2006,RFD,IL,AGL,CE,Combined TRACON& Tower with Radar,15,8,85,0,108,0,0,41,0,41,15,8,126,0,149,118,6,124,273
11/12/2006,RFD,IL,AGL,CE,Combined TRACON& Tower with Radar,6,14,37,0,57,0,1,97,0,98,6,15,134,0,155,128,0,128,283
11/13/2006,RFD,IL,AGL,CE,Combined TRACON& Tower with Radar,22,9,31,0,62,0,0,6,0,6,22,9,37,0,68,34,0,34,102
11/14/2006,RFD,IL,AGL,CE,Combined TRACON& Tower with Radar,59,13,67,10,149,0,0,51,7,58,59,13,118,17,207,12,32,44,251
11/15/2006,RFD,IL,AGL,CE,Combined TRACON& Tower with Radar,56,21,22,7,106,0,6,25,7,38,56,27,47,14,144,2,32,34,178
11/16/2006,RFD,IL,AGL,CE,Combined TRACON& Tower with Radar,62,12,29,13,116,0,2,25,11,38,62,14,54,24,154,16,54,70,224
11/17/2006,RFD,IL,AGL,CE,Combined TRACON& Tower with Radar,44,24,103,0,171,0,2,38,0,40,44,26,141,0,211,26,0,26,237
11/18/2006,RFD,IL,AGL,CE,Combined TRACON& Tower with Radar,13,7,41,0,61,0,0,56,0,56,13,7,97,0,117,82,0,82,199
11/19/2006,RFD,IL,AGL,CE,Combined TRACON& Tower with Radar,10,7,42,0,59,0,0,93,0,93,10,7,135,0,152,94,0,94,246
11/20/2006,RFD,IL,AGL,CE,Combined TRACON& Tower with Radar,28,20,35,5,88,0,6,66,4,76,28,26,101,9,164,50,20,70,234
11/21/2006,RFD,IL,AGL,CE,Combined TRACON& Tower with Radar,78,11,51,14,154,0,0,69,9,78,78,11,120,23,232,12,32,44,276
11/22/2006,RFD,IL,AGL,CE,Combined TRACON& Tower with Radar,64,21,32,5,122,0,4,82,3,89,64,25,114,8,211,68,22,90,301
11/23/2006,RFD,IL,AGL,CE,Combined TRACON& Tower with Radar,34,1,9,0,44,0,0,21,0,21,34,1,30,0,65,22,0,22,87
11/24/2006,RFD,IL,AGL,CE,Combined TRACON& Tower with Radar,13,10,83,0,106,0,0,73,0,73,13,10,156,0,179,57,0,57,236
11/25/2006,RFD,IL,AGL,CE,Combined TRACON& Tower with Radar,11,13,84,0,108,0,0,61,0,61,11,13,145,0,169,94,0,94,263
11/26/2006,RFD,IL,AGL,CE,Combined TRACON& Tower with Radar,9,8,38,0,55,0,1,32,0,33,9,9,70,0,88,8,0,8,96
11/27/2006,RFD,IL,AGL,CE,Combined TRACON& Tower with Radar,29,12,56,0,97,0,0,37,0,37,29,12,93,0,134,24,0,24,158
11/28/2006,RFD,IL,AGL,CE,Combined TRACON& Tower with Radar,78,2,44,0,124,0,0,10,0,10,78,2,54,0,134,6,0,6,140
11/29/2006,RFD,IL,AGL,CE,Combined TRACON& Tower with Radar,82,14,39,0,135,0,0,1,0,1,82,14,40,0,136,0,0,0,136
11/30/2006,RFD,IL,AGL,CE,Combined TRACON& Tower with Radar,68,9,59,1,137,0,2,17,0,19,68,11,76,1,156,4,0,4,160
12/01/2006,RFD,IL,AGL,CE,Combined TRACON& Tower with Radar,59,8,6,0,73,0,0,7,0,7,59,8,13,0,80,0,0,0,80
12/02/2006,RFD,IL,AGL,CE,Combined TRACON& Tower with Radar,20,20,41,0,81,0,7,46,0,53,20,27,87,0,134,0,0,0,134
12/03/2006,RFD,IL,AGL,CE,Combined TRACON& Tower with Radar,11,12,31,1,55,0,0,44,0,44,11,12,75,1,99,42,0,42,141
12/04/2006,RFD,IL,AGL,CE,Combined TRACON& Tower with Radar,31,11,29,11,82,0,0,14,1,15,31,11,43,12,97,16,20,36,133
12/05/2006,RFD,IL,AGL,CE,Combined TRACON& Tower with Radar,75,11,48,10,144,0,0,17,1,18,75,11,65,11,162,12,10,22,184
12/06/2006,RFD,IL,AGL,CE,Combined TRACON& Tower with Radar,74,20,71,0,165,0,0,39,0,39,74,20,110,0,204,34,0,34,238
12/07/2006,RFD,IL,AGL,CE,Combined TRACON& Tower with Radar,80,9,30,0,119,0,1,57,0,58,80,10,87,0,177,28,0,28,205
12/08/2006,RFD,IL,AGL,CE,Combined TRACON& Tower with Radar,61,6,58,0,125,0,0,22,0,22,61,6,80,0,147,20,0,20,167
12/09/2006,RFD,IL,AGL,CE,Combined TRACON& Tower with Radar,19,4,41,0,64,0,0,49,0,49,19,4,90,0,113,62,0,62,175
12/10/2006,RFD,IL,AGL,CE,Combined TRACON& Tower with Radar,9,8,58,0,75,0,0,39,0,39,9,8,97,0,114,22,0,22,136
12/11/2006,RFD,IL,AGL,CE,Combined TRACON& Tower with Radar,33,10,76,0,119,0,0,11,0,11,33,10,87,0,130,8,0,8,138
12/12/2006,RFD,IL,AGL,CE,Combined TRACON& Tower with Radar,82,14,12,0,108,0,0,0,0,0,82,14,12,0,108,0,0,0,108
12/13/2006,RFD,IL,AGL,CE,Combined TRACON& Tower with Radar,77,16,93,2,188,0,0,58,0,58,77,16,151,2,246,36,0,36,282
12/14/2006,RFD,IL,AGL,CE,Combined TRACON& Tower with Radar,93,17,36,0,146,0,0,57,0,57,93,17,93,0,203,8,8,16,219
12/15/2006,RFD,IL,AGL,CE,Combined TRACON& Tower with Radar,65,24,42,3,134,0,0,69,2,71,65,24,111,5,205,14,18,32,237
12/16/2006,RFD,IL,AGL,CE,Combined TRACON& Tower with Radar,21,15,58,0,94,0,0,41,0,41,21,15,99,0,135,12,0,12,147
12/17/2006,RFD,IL,AGL,CE,Combined TRACON& Tower with Radar,16,8,31,0,55,0,0,46,0,46,16,8,77,0,101,62,0,62,163
12/18/2006,RFD,IL,AGL,CE,Combined TRACON& Tower with Radar,33,23,54,0,110,0,5,89,0,94,33,28,143,0,204,46,0,46,250
12/19/2006,RFD,IL,AGL,CE,Combined TRACON& Tower with Radar,127,20,71,0,218,0,1,135,0,136,127,21,206,0,354,32,0,32,386
12/20/2006,RFD,IL,AGL,CE,Combined TRACON& Tower with Radar,127,21,85,0,233,0,3,80,0,83,127,24,165,0,316,6,0,6,322
12/21/2006,RFD,IL,AGL,CE,Combined TRACON& Tower with Radar,128,15,38,6,187,0,0,0,0,0,128,15,38,6,187,0,0,0,187
12/22/2006,RFD,IL,AGL,CE,Combined TRACON& Tower with Radar,94,16,10,0,120,0,0,0,0,0,94,16,10,0,120,0,0,0,120
12/23/2006,RFD,IL,AGL,CE,Combined TRACON& Tower with Radar,49,17,27,0,93,0,0,5,0,5,49,17,32,0,98,10,0,10,108
12/24/2006,RFD,IL,AGL,CE,Combined TRACON& Tower with Radar,14,5,10,0,29,0,0,23,0,23,14,5,33,0,52,6,0,6,58
12/25/2006,RFD,IL,AGL,CE,Combined TRACON& Tower with Radar,5,3,0,0,8,0,0,0,0,0,5,3,0,0,8,0,0,0,8
12/26/2006,RFD,IL,AGL,CE,Combined TRACON& Tower with Radar,24,10,37,2,73,0,0,60,1,61,24,10,97,3,134,42,0,42,176
12/27/2006,RFD,IL,AGL,CE,Combined TRACON& Tower with Radar,59,4,32,0,95,0,0,69,0,69,59,4,101,0,164,94,0,94,258
12/28/2006,RFD,IL,AGL,CE,Combined TRACON& Tower with Radar,63,7,91,2,163,0,0,79,0,79,63,7,170,2,242,110,20,130,372
12/29/2006,RFD,IL,AGL,CE,Combined TRACON& Tower with Radar,44,2,28,0,74,0,0,51,0,51,44,2,79,0,125,48,0,48,173
12/30/2006,RFD,IL,AGL,CE,Combined TRACON& Tower with Radar,7,6,44,0,57,0,0,24,0,24,7,6,68,0,81,30,0,30,111
12/31/2006,RFD,IL,AGL,CE,Combined TRACON& Tower with Radar,6,6,16,0,28,0,0,7,0,7,6,6,23,0,35,0,0,0,35
01/01/2007,RFD,IL,AGL,CE,Combined TRACON& Tower with Radar,8,7,8,0,23,0,0,14,0,14,8,7,22,0,37,4,0,4,41
01/02/2007,RFD,IL,AGL,CE,Combined TRACON& Tower with Radar,23,14,25,0,62,0,2,73,0,75,23,16,98,0,137,30,0,30,167
01/03/2007,RFD,IL,AGL,CE,Combined TRACON& Tower with Radar,64,13,76,5,158,0,0,49,0,49,64,13,125,5,207,44,22,66,273
01/04/2007,RFD,IL,AGL,CE,Combined TRACON& Tower with Radar,66,9,41,0,116,0,0,23,0,23,66,9,64,0,139,68,0,68,207
01/05/2007,RFD,IL,AGL,CE,Combined TRACON& Tower with Radar,47,20,77,0,144,0,1,34,0,35,47,21,111,0,179,10,0,10,189
01/06/2007,RFD,IL,AGL,CE,Combined TRACON& Tower with Radar,16,7,60,0,83,0,0,80,0,80,16,7,140,0,163,36,0,36,199
01/07/2007,RFD,IL,AGL,CE,Combined TRACON& Tower with Radar,7,8,18,0,33,2,2,51,1,56,9,10,69,1,89,20,0,20,109
01/08/2007,RFD,IL,AGL,CE,Combined TRACON& Tower with Radar,23,9,75,0,107,0,0,50,0,50,23,9,125,0,157,40,0,40,197
01/09/2007,RFD,IL,AGL,CE,Combined TRACON& Tower with Radar,52,10,35,0,97,1,0,55,0,56,53,10,90,0,153,8,0,8,161
01/10/2007,RFD,IL,AGL,CE,Combined TRACON& Tower with Radar,59,22,33,5,119,0,0,73,2,75,59,22,106,7,194,30,32,62,256
01/11/2007,RFD,IL,AGL,CE,Combined TRACON& Tower with Radar,67,19,33,0,119,0,0,44,0,44,67,19,77,0,163,52,0,52,215
01/12/2007,RFD,IL,AGL,CE,Combined TRACON& Tower with Radar,44,18,16,0,78,0,1,3,0,4,44,19,19,0,82,0,0,0,82
01/13/2007,RFD,IL,AGL,CE,Combined TRACON& Tower with Radar,15,6,10,0,31,6,2,17,0,25,21,8,27,0,56,40,0,40,96
01/14/2007,RFD,IL,AGL,CE,Combined TRACON& Tower with Radar,9,5,4,0,18,0,0,0,0,0,9,5,4,0,18,0,0,0,18
01/15/2007,RFD,IL,AGL,CE,Combined TRACON& Tower with Radar,28,6,10,3,47,0,2,60,1,63,28,8,70,4,110,0,2,2,112
01/16/2007,RFD,IL,AGL,CE,Combined TRACON& Tower with Radar,46,20,42,5,113,0,1,35,7,43,46,21,77,12,156,10,0,10,166
01/17/2007,RFD,IL,AGL,CE,Combined TRACON& Tower with Radar,60,8,53,5,126,0,0,45,8,53,60,8,98,13,179,6,22,28,207
01/18/2007,RFD,IL,AGL,CE,Combined TRACON& Tower with Radar,65,9,23,4,101,0,0,9,3,12,65,9,32,7,113,0,0,0,113
01/19/2007,RFD,IL,AGL,CE,Combined TRACON& Tower with Radar,46,20,45,0,111,0,1,26,0,27,46,21,71,0,138,22,0,22,160
01/20/2007,RFD,IL,AGL,CE,Combined TRACON& Tower with Radar,14,5,66,0,85,0,1,115,0,116,14,6,181,0,201,62,0,62,263
01/21/2007,RFD,IL,AGL,CE,Combined TRACON& Tower with Radar,9,2,7,0,18,0,0,0,0,0,9,2,7,0,18,0,0,0,18
01/22/2007,RFD,IL,AGL,CE,Combined TRACON& Tower with Radar,21,31,16,0,68,0,7,15,0,22,21,38,31,0,90,20,0,20,110
01/23/2007,RFD,IL,AGL,CE,Combined TRACON& Tower with Radar,63,17,52,12,144,1,2,36,12,51,64,19,88,24,195,30,54,84,279
01/24/2007,RFD,IL,AGL,CE,Combined TRACON& Tower with Radar,57,13,44,0,114,0,0,48,0,48,57,13,92,0,162,40,0,40,202
01/25/2007,RFD,IL,AGL,CE,Combined TRACON& Tower with Radar,63,15,51,5,134,0,3,82,5,90,63,18,133,10,224,68,48,116,340
01/26/2007,RFD,IL,AGL,CE,Combined TRACON& Tower with Radar,48,22,20,0,90,0,4,39,0,43,48,26,59,0,133,40,0,40,173
01/27/2007,RFD,IL,AGL,CE,Combined TRACON& Tower with Radar,13,12,28,0,53,0,7,42,0,49,13,19,70,0,102,30,0,30,132
01/28/2007,RFD,IL,AGL,CE,Combined TRACON& Tower with Radar,8,9,16,0,33,0,0,15,0,15,8,9,31,0,48,0,0,0,48
01/29/2007,RFD,IL,AGL,CE,Combined TRACON& Tower with Radar,27,17,37,13,94,0,6,14,0,20,27,23,51,13,114,2,26,28,142
01/30/2007,RFD,IL,AGL,CE,Combined TRACON& Tower with Radar,61,18,37,6,122,0,0,70,13,83,61,18,107,19,205,14,68,82,287
01/31/2007,RFD,IL,AGL,CE,Combined TRACON& Tower with Radar,60,14,37,0,111,0,4,45,0,49,60,18,82,0,160,2,0,2,162
02/01/2007,RFD,IL,AGL,CE,Combined TRACON& Tower with Radar,61,11,50,7,129,0,1,60,4,65,61,12,110,11,194,52,42,94,288
02/02/2007,RFD,IL,AGL,CE,Combined TRACON& Tower with Radar,46,12,36,2,96,0,0,30,0,30,46,12,66,2,126,2,0,2,128
02/03/2007,RFD,IL,AGL,CE,Combined TRACON& Tower with Radar,14,5,8,0,27,0,0,5,0,5,14,5,13,0,32,0,0,0,32
02/04/2007,RFD,IL,AGL,CE,Combined TRACON& Tower with Radar,8,2,11,0,21,0,0,9,0,9,8,2,20,0,30,2,0,2,32
02/05/2007,RFD,IL,AGL,CE,Combined TRACON& Tower with Radar,25,8,28,0,61,0,1,25,0,26,25,9,53,0,87,6,0,6,93
02/06/2007,RFD,IL,AGL,CE,Combined TRACON& Tower with Radar,58,2,22,0,82,0,0,0,0,0,58,2,22,0,82,0,0,0,82
02/07/2007,RFD,IL,AGL,CE,Combined TRACON& Tower with Radar,57,12,31,0,100,0,2,44,0,46,57,14,75,0,146,44,0,44,190
02/08/2007,RFD,IL,AGL,CE,Combined TRACON& Tower with Radar,69,12,47,0,128,0,3,62,0,65,69,15,109,0,193,46,0,46,239
02/09/2007,RFD,IL,AGL,CE,Combined TRACON& Tower with Radar,47,13,94,0,154,0,0,25,0,25,47,13,119,0,179,44,0,44,223
02/10/2007,RFD,IL,AGL,CE,Combined TRACON& Tower with Radar,15,4,33,0,52,0,0,59,0,59,15,4,92,0,111,50,0,50,161
02/11/2007,RFD,IL,AGL,CE,Combined TRACON& Tower with Radar,9,8,11,0,28,0,0,9,0,9,9,8,20,0,37,4,0,4,41
02/12/2007,RFD,IL,AGL,CE,Combined TRACON& Tower with Radar,24,6,17,5,52,0,0,6,5,11,24,6,23,10,63,0,12,12,75
02/13/2007,RFD,IL,AGL,CE,Combined TRACON& Tower with Radar,61,12,12,0,85,0,0,0,0,0,61,12,12,0,85,0,0,0,85
02/14/2007,RFD,IL,AGL,CE,Combined TRACON& Tower with Radar,55,17,31,0,103,0,4,24,0,28,55,21,55,0,131,12,0,12,143
02/15/2007,RFD,IL,AGL,CE,Combined TRACON& Tower with Radar,61,24,97,18,200,0,2,60,0,62,61,26,157,18,262,38,8,46,308
02/16/2007,RFD,IL,AGL,CE,Combined TRACON& Tower with Radar,48,20,57,0,125,1,5,66,0,72,49,25,123,0,197,38,0,38,235
02/17/2007,RFD,IL,AGL,CE,Combined TRACON& Tower with Radar,20,14,27,0,61,0,0,50,0,50,20,14,77,0,111,50,0,50,161
02/18/2007,RFD,IL,AGL,CE,Combined TRACON& Tower with Radar,10,10,33,0,53,0,0,60,0,60,10,10,93,0,113,62,0,62,175
02/19/2007,RFD,IL,AGL,CE,Combined TRACON& Tower with Radar,26,29,19,0,74,0,1,31,0,32,26,30,50,0,106,4,0,4,110
02/20/2007,RFD,IL,AGL,CE,Combined TRACON& Tower with Radar,63,18,47,5,133,0,2,52,5,59,63,20,99,10,192,46,14,60,252
02/21/2007,RFD,IL,AGL,CE,Combined TRACON& Tower with Radar,60,26,43,13,142,0,11,96,9,116,60,37,139,22,258,70,18,88,346
02/22/2007,RFD,IL,AGL,CE,Combined TRACON& Tower with Radar,69,24,23,0,116,0,0,34,0,34,69,24,57,0,150,14,0,14,164
02/23/2007,RFD,IL,AGL,CE,Combined TRACON& Tower with Radar,57,18,57,0,132,0,7,48,0,55,57,25,105,0,187,12,0,12,199
02/24/2007,RFD,IL,AGL,CE,Combined TRACON& Tower with Radar,16,5,4,0,25,0,0,1,0,1,16,5,5,0,26,0,8,8,34
02/25/2007,RFD,IL,AGL,CE,Combined TRACON& Tower with Radar,14,4,4,0,22,0,0,0,0,0,14,4,4,0,22,0,0,0,22
02/26/2007,RFD,IL,AGL,CE,Combined TRACON& Tower with Radar,27,11,31,6,75,0,1,3,5,9,27,12,34,11,84,0,20,20,104
02/27/2007,RFD,IL,AGL,CE,Combined TRACON& Tower with Radar,64,20,40,8,132,0,4,49,7,60,64,24,89,15,192,66,16,82,274
02/28/2007,RFD,IL,AGL,CE,Combined TRACON& Tower with Radar,64,17,54,6,141,0,1,34,5,40,64,18,88,11,181,24,32,56,237
03/01/2007,RFD,IL,AGL,CE,Combined TRACON& Tower with Radar,72,17,19,0,108,0,0,2,0,2,72,17,21,0,110,0,0,0,110
03/02/2007,RFD,IL,AGL,CE,Combined TRACON& Tower with Radar,55,8,8,7,78,0,0,4,0,4,55,8,12,7,82,0,4,4,86
03/03/2007,RFD,IL,AGL,CE,Combined TRACON& Tower with Radar,16,10,25,0,51,0,3,14,0,17,16,13,39,0,68,6,0,6,74
03/04/2007,RFD,IL,AGL,CE,Combined TRACON& Tower with Radar,9,7,52,0,68,0,3,140,0,143,9,10,192,0,211,52,0,52,263
03/05/2007,RFD,IL,AGL,CE,Combined TRACON& Tower with Radar,26,9,48,11,94,4,0,102,9,115,30,9,150,20,209,42,56,98,307
03/06/2007,RFD,IL,AGL,CE,Combined TRACON& Tower with Radar,61,14,36,16,127,0,0,43,6,49,61,14,79,22,176,14,66,80,256
03/07/2007,RFD,IL,AGL,CE,Combined TRACON& Tower with Radar,59,13,32,0,104,0,4,50,0,54,59,17,82,0,158,36,0,36,194
03/08/2007,RFD,IL,AGL,CE,Combined TRACON& Tower with Radar,61,5,80,22,168,0,0,116,17,133,61,5,196,39,301,82,48,130,431
03/09/2007,RFD,IL,AGL,CE,Combined TRACON& Tower with Radar,42,13,97,0,152,0,0,35,0,35,42,13,132,0,187,76,40,116,303
03/10/2007,RFD,IL,AGL,CE,Combined TRACON& Tower with Radar,17,4,50,0,71,0,1,127,0,128,17,5,177,0,199,10,0,10,209
03/11/2007,RFD,IL,AGL,CE,Combined TRACON& Tower with Radar,14,6,51,0,71,0,3,94,0,97,14,9,145,0,168,88,2,90,258
03/12/2007,RFD,IL,AGL,CE,Combined TRACON& Tower with Radar,25,8,49,9,91,0,0,101,5,106,25,8,150,14,197,60,78,138,335
03/13/2007,RFD,IL,AGL,CE,Combined TRACON& Tower with Radar,63,15,40,11,129,0,3,76,7,86,63,18,116,18,215,30,54,84,299
03/14/2007,RFD,IL,AGL,CE,Combined TRACON& Tower with Radar,65,16,52,17,150,0,1,28,15,44,65,17,80,32,194,62,38,100,294
03/15/2007,RFD,IL,AGL,CE,Combined TRACON& Tower with Radar,66,24,62,2,154,4,0,57,0,61,70,24,119,2,215,20,18,38,253
03/16/2007,RFD,IL,AGL,CE,Combined TRACON& Tower with Radar,46,15,52,0,113,0,0,15,0,15,46,15,67,0,128,18,0,18,146
03/17/2007,RFD,IL,AGL,CE,Combined TRACON& Tower with Radar,19,7,56,0,82,0,2,120,0,122,19,9,176,0,204,102,0,102,306
03/18/2007,RFD,IL,AGL,CE,Combined TRACON& Tower with Radar,8,6,39,0,53,0,0,82,0,82,8,6,121,0,135,58,0,58,193
03/19/2007,RFD,IL,AGL,CE,Combined TRACON& Tower with Radar,26,8,26,0,60,0,3,66,0,69,26,11,92,0,129,34,0,34,163
03/20/2007,RFD,IL,AGL,CE,Combined TRACON& Tower with Radar,60,24,63,9,156,0,8,111,10,129,60,32,174,19,285,62,30,92,377
03/21/2007,RFD,IL,AGL,CE,Combined TRACON& Tower with Radar,65,15,50,0,130,0,0,25,0,25,65,15,75,0,155,0,0,0,155
03/22/2007,RFD,IL,AGL,CE,Combined TRACON& Tower with Radar,65,7,52,9,133,0,0,60,7,67,65,7,112,16,200,36,37,73,273
03/23/2007,RFD,IL,AGL,CE,Combined TRACON& Tower with Radar,48,14,66,0,128,0,0,3,0,3,48,14,69,0,131,0,0,0,131
03/24/2007,RFD,IL,AGL,CE,Combined TRACON& Tower with Radar,20,9,40,0,69,0,0,6,0,6,20,9,46,0,75,6,0,6,81
03/25/2007,RFD,IL,AGL,CE,Combined TRACON& Tower with Radar,10,9,18,0,37,0,3,36,0,39,10,12,54,0,76,54,0,54,130
03/26/2007,RFD,IL,AGL,CE,Combined TRACON& Tower with Radar,25,10,53,2,90,0,0,78,1,79,25,10,131,3,169,76,6,82,251
03/27/2007,RFD,IL,AGL,CE,Combined TRACON& Tower with Radar,65,9,67,8,149,0,3,52,6,61,65,12,119,14,210,52,46,98,308
03/28/2007,RFD,IL,AGL,CE,Combined TRACON& Tower with Radar,63,14,57,4,138,0,2,24,3,29,63,16,81,7,167,2,4,6,173
03/29/2007,RFD,IL,AGL,CE,Combined TRACON& Tower with Radar,62,11,71,2,146,0,0,50,1,51,62,11,121,3,197,56,20,76,273
03/30/2007,RFD,IL,AGL,CE,Combined TRACON& Tower with Radar,47,12,33,0,92,0,0,34,0,34,47,12,67,0,126,8,0,8,134
03/31/2007,RFD,IL,AGL,CE,Combined TRACON& Tower with Radar,25,6,27,0,58,0,0,26,0,26,25,6,53,0,84,36,0,36,120
04/01/2007,RFD,IL,AGL,CE,Combined TRACON& Tower with Radar,12,10,20,0,42,0,0,9,0,9,12,10,29,0,51,6,0,6,57
04/02/2007,RFD,IL,AGL,CE,Combined TRACON& Tower with Radar,26,11,36,7,80,0,0,83,1,84,26,11,119,8,164,17,28,45,209
04/03/2007,RFD,IL,AGL,CE,Combined TRACON& Tower with Radar,52,14,14,4,84,0,6,5,1,12,52,20,19,5,96,32,16,48,144
04/04/2007,RFD,IL,AGL,CE,Combined TRACON& Tower with Radar,64,14,12,0,90,0,4,3,0,7,64,18,15,0,97,8,0,8,105
04/05/2007,RFD,IL,AGL,CE,Combined TRACON& Tower with Radar,65,10,49,15,139,0,3,65,10,78,65,13,114,25,217,18,34,52,269
04/06/2007,RFD,IL,AGL,CE,Combined TRACON& Tower with Radar,48,11,45,0,104,0,3,77,0,80,48,14,122,0,184,34,0,34,218
04/07/2007,RFD,IL,AGL,CE,Combined TRACON& Tower with Radar,17,6,18,0,41,0,1,43,0,44,17,7,61,0,85,52,0,52,137
04/08/2007,RFD,IL,AGL,CE,Combined TRACON& Tower with Radar,7,5,22,0,34,1,3,60,0,64,8,8,82,0,98,54,0,54,152
04/09/2007,RFD,IL,AGL,CE,Combined TRACON& Tower with Radar,24,12,45,7,88,0,1,109,4,114,24,13,154,11,202,40,28,68,270
04/10/2007,RFD,IL,AGL,CE,Combined TRACON& Tower with Radar,69,9,68,0,146,0,3,102,0,105,69,12,170,0,251,54,0,54,305
04/11/2007,RFD,IL,AGL,CE,Combined TRACON& Tower with Radar,66,13,17,2,98,0,0,0,0,0,66,13,17,2,98,6,0,6,104
04/12/2007,RFD,IL,AGL,CE,Combined TRACON& Tower with Radar,64,10,14,0,88,0,0,9,2,11,64,10,23,2,99,0,2,2,101
04/13/2007,RFD,IL,AGL,CE,Combined TRACON& Tower with Radar,50,11,90,15,166,0,0,128,4,132,50,11,218,19,298,92,20,112,410
04/14/2007,RFD,IL,AGL,CE,Combined TRACON& Tower with Radar,14,8,88,0,110,0,0,159,2,161,14,8,247,2,271,64,0,64,335
04/15/2007,RFD,IL,AGL,CE,Combined TRACON& Tower with Radar,6,9,87,0,102,0,0,164,0,164,6,9,251,0,266,106,0,106,372
04/16/2007,RFD,IL,AGL,CE,Combined TRACON& Tower with Radar,24,9,48,4,85,0,2,87,3,92,24,11,135,7,177,60,16,76,253
04/17/2007,RFD,IL,AGL,CE,Combined TRACON& Tower with Radar,62,19,46,0,127,0,8,83,0,91,62,27,129,0,218,62,0,62,280
04/18/2007,RFD,IL,AGL,CE,Combined TRACON& Tower with Radar,62,15,48,2,127,0,7,34,0,41,62,22,82,2,168,18,16,34,202
04/19/2007,RFD,IL,AGL,CE,Combined TRACON& Tower with Radar,61,11,67,16,155,0,1,70,10,81,61,12,137,26,236,114,38,152,388
04/20/2007,RFD,IL,AGL,CE,Combined TRACON& Tower with Radar,56,10,141,0,207,0,1,36,0,37,56,11,177,0,244,96,0,96,340
04/21/2007,RFD,IL,AGL,CE,Combined TRACON& Tower with Radar,12,3,63,0,78,0,0,138,0,138,12,3,201,0,216,66,0,66,282
04/22/2007,RFD,IL,AGL,CE,Combined TRACON& Tower with Radar,11,7,82,0,100,0,0,30,0,30,11,7,112,0,130,52,0,52,182
04/23/2007,RFD,IL,AGL,CE,Combined TRACON& Tower with Radar,29,26,37,2,94,0,8,44,0,52,29,34,81,2,146,54,46,100,246
04/24/2007,RFD,IL,AGL,CE,Combined TRACON& Tower with Radar,70,8,34,22,134,0,1,63,17,81,70,9,97,39,215,70,94,164,379
04/25/2007,RFD,IL,AGL,CE,Combined TRACON& Tower with Radar,67,17,45,0,129,0,2,19,0,21,67,19,64,0,150,50,0,50,200
04/26/2007,RFD,IL,AGL,CE,Combined TRACON& Tower with Radar,65,18,23,2,108,0,0,4,0,4,65,18,27,2,112,0,0,0,112
04/27/2007,RFD,IL,AGL,CE,Combined TRACON& Tower with Radar,48,11,138,0,197,0,2,27,0,29,48,13,165,0,226,84,0,84,310
04/28/2007,RFD,IL,AGL,CE,Combined TRACON& Tower with Radar,13,8,48,0,69,0,1,99,0,100,13,9,147,0,169,44,0,44,213
04/29/2007,RFD,IL,AGL,CE,Combined TRACON& Tower with Radar,14,5,20,0,39,1,2,60,0,63,15,7,80,0,102,54,0,54,156
04/30/2007,RFD,IL,AGL,CE,Combined TRACON& Tower with Radar,29,7,45,2,83,0,1,83,2,86,29,8,128,4,169,4,2,6,175
05/01/2007,RFD,IL,AGL,CE,Combined TRACON& Tower with Radar,59,8,29,0,96,0,3,40,0,43,59,11,69,0,139,60,0,60,199
05/02/2007,RFD,IL,AGL,CE,Combined TRACON& Tower with Radar,58,18,39,11,126,0,2,84,9,95,58,20,123,20,221,66,22,88,309
05/03/2007,RFD,IL,AGL,CE,Combined TRACON& Tower with Radar,73,22,30,11,136,0,7,106,7,120,73,29,136,18,256,42,38,80,336
05/04/2007,RFD,IL,AGL,CE,Combined TRACON& Tower with Radar,45,25,28,5,103,0,8,44,0,52,45,33,72,5,155,38,44,82,237
05/05/2007,RFD,IL,AGL,CE,Combined TRACON& Tower with Radar,14,5,67,0,86,0,5,72,0,77,14,10,139,0,163,26,0,26,189
05/06/2007,RFD,IL,AGL,CE,Combined TRACON& Tower with Radar,7,10,29,0,46,0,2,152,0,154,7,12,181,0,200,8,0,8,208
05/07/2007,RFD,IL,AGL,CE,Combined TRACON& Tower with Radar,21,8,38,1,68,5,1,89,0,95,26,9,127,1,163,18,6,24,187
05/08/2007,RFD,IL,AGL,CE,Combined TRACON& Tower with Radar,59,15,56,6,136,0,1,62,4,67,59,16,118,10,203,22,10,32,235
05/09/2007,RFD,IL,AGL,CE,Combined TRACON& Tower with Radar,64,14,48,10,136,0,1,79,5,85,64,15,127,15,221,12,0,12,233
05/10/2007,RFD,IL,AGL,CE,Combined TRACON& Tower with Radar,66,17,42,0,125,0,2,82,0,84,66,19,124,0,209,66,0,66,275
05/11/2007,RFD,IL,AGL,CE,Combined TRACON& Tower with Radar,57,22,53,0,132,0,6,107,0,113,57,28,160,0,245,80,0,80,325
05/12/2007,RFD,IL,AGL,CE,Combined TRACON& Tower with Radar,15,9,42,0,66,0,10,92,0,102,15,19,134,0,168,66,0,66,234
05/13/2007,RFD,IL,AGL,CE,Combined TRACON& Tower with Radar,6,20,31,0,57,0,0,44,0,44,6,20,75,0,101,42,0,42,143
05/14/2007,RFD,IL,AGL,CE,Combined TRACON& Tower with Radar,24,10,22,0,56,0,6,36,0,42,24,16,58,0,98,10,0,10,108
05/15/2007,RFD,IL,AGL,CE,Combined TRACON& Tower with Radar,64,21,45,10,140,0,1,21,8,30,64,22,66,18,170,14,20,34,204
05/16/2007,RFD,IL,AGL,CE,Combined TRACON& Tower with Radar,67,17,59,7,150,0,4,97,6,107,67,21,156,13,257,26,0,26,283
05/17/2007,RFD,IL,AGL,CE,Combined TRACON& Tower with Radar,69,21,52,4,146,0,9,126,3,138,69,30,178,7,284,86,48,134,418
05/18/2007,RFD,IL,AGL,CE,Combined TRACON& Tower with Radar,48,19,70,1,138,0,14,123,0,137,48,33,193,1,275,56,0,56,331
05/19/2007,RFD,IL,AGL,CE,Combined TRACON& Tower with Radar,24,20,26,0,70,1,7,94,0,102,25,27,120,0,172,66,0,66,238
05/20/2007,RFD,IL,AGL,CE,Combined TRACON& Tower with Radar,11,19,30,0,60,0,7,59,0,66,11,26,89,0,126,36,0,36,162
05/21/2007,RFD,IL,AGL,CE,Combined TRACON& Tower with Radar,27,17,28,2,74,0,1,56,0,57,27,18,84,2,131,38,0,38,169
05/22/2007,RFD,IL,AGL,CE,Combined TRACON& Tower with Radar,60,16,56,4,136,0,3,82,2,87,60,19,138,6,223,70,0,70,293
05/23/2007,RFD,IL,AGL,CE,Combined TRACON& Tower with Radar,59,17,42,5,123,0,3,62,2,67,59,20,104,7,190,16,4,20,210
05/24/2007,RFD,IL,AGL,CE,Combined TRACON& Tower with Radar,63,7,36,0,106,0,1,43,0,44,63,8,79,0,150,8,0,8,158
05/25/2007,RFD,IL,AGL,CE,Combined TRACON& Tower with Radar,49,22,99,6,176,0,4,93,0,97,49,26,192,6,273,103,26,129,402
05/26/2007,RFD,IL,AGL,CE,Combined TRACON& Tower with Radar,17,4,19,0,40,0,0,8,0,8,17,4,27,0,48,0,0,0,48
05/27/2007,RFD,IL,AGL,CE,Combined TRACON& Tower with Radar,7,7,39,1,54,0,3,47,9,59,7,10,86,10,113,62,0,62,175
05/28/2007,RFD,IL,AGL,CE,Combined TRACON& Tower with Radar,6,5,56,0,67,0,4,53,0,57,6,9,109,0,124,48,0,48,172
05/29/2007,RFD,IL,AGL,CE,Combined TRACON& Tower with Radar,26,12,52,0,90,0,5,62,0,67,26,17,114,0,157,40,0,40,197
05/30/2007,RFD,IL,AGL,CE,Combined TRACON& Tower with Radar,59,10,49,12,130,0,6,60,5,71,59,16,109,17,201,41,35,76,277
05/31/2007,RFD,IL,AGL,CE,Combined TRACON& Tower with Radar,63,14,20,22,119,0,5,52,5,62,63,19,72,27,181,18,6,24,205
06/01/2007,RFD,IL,AGL,CE,Combined TRACON& Tower with Radar,50,10,27,17,104,0,1,9,1,11,50,11,36,18,115,0,0,0,115
06/02/2007,RFD,IL,AGL,CE,Combined TRACON& Tower with Radar,15,10,10,0,35,0,0,0,0,0,15,10,10,0,35,68,0,68,103
06/03/2007,RFD,IL,AGL,CE,Combined TRACON& Tower with Radar,8,4,15,9,36,0,3,24,1,28,8,7,39,10,64,50,0,50,114
06/04/2007,RFD,IL,AGL,CE,Combined TRACON& Tower with Radar,28,9,39,19,95,0,4,34,4,42,28,13,73,23,137,26,0,26,163
06/05/2007,RFD,IL,AGL,CE,Combined TRACON& Tower with Radar,71,6,64,7,148,0,5,83,7,95,71,11,147,14,243,60,24,84,327
06/06/2007,RFD,IL,AGL,CE,Combined TRACON& Tower with Radar,59,4,62,2,127,0,5,118,2,125,59,9,180,4,252,84,3,87,339
06/07/2007,RFD,IL,AGL,CE,Combined TRACON& Tower with Radar,62,20,29,0,111,0,3,18,0,21,62,23,47,0,132,18,0,18,150
06/08/2007,RFD,IL,AGL,CE,Combined TRACON& Tower with Radar,45,12,43,4,104,0,5,88,3,96,45,17,131,7,200,44,0,44,244
06/09/2007,RFD,IL,AGL,CE,Combined TRACON& Tower with Radar,13,11,53,4,81,0,10,131,3,144,13,21,184,7,225,104,0,104,329
06/10/2007,RFD,IL,AGL,CE,Combined TRACON& Tower with Radar,8,7,54,0,69,0,8,96,0,104,8,15,150,0,173,62,0,62,235
06/11/2007,RFD,IL,AGL,CE,Combined TRACON& Tower with Radar,26,17,43,0,86,0,9,85,0,94,26,26,128,0,180,106,0,106,286
06/12/2007,RFD,IL,AGL,CE,Combined TRACON& Tower with Radar,58,25,30,10,123,0,11,72,9,92,58,36,102,19,215,70,46,116,331
06/13/2007,RFD,IL,AGL,CE,Combined TRACON& Tower with Radar,60,8,41,0,109,0,6,113,0,119,60,14,154,0,228,64,0,64,292
06/14/2007,RFD,IL,AGL,CE,Combined TRACON& Tower with Radar,56,17,59,4,136,0,6,113,5,124,56,23,172,9,260,42,36,78,338
06/15/2007,RFD,IL,AGL,CE,Combined TRACON& Tower with Radar,46,23,58,5,132,0,0,50,0,50,46,23,108,5,182,51,0,51,233
06/16/2007,RFD,IL,AGL,CE,Combined TRACON& Tower with Radar,14,6,30,3,53,0,4,81,3,88,14,10,111,6,141,28,0,28,169
06/17/2007,RFD,IL,AGL,CE,Combined TRACON& Tower with Radar,6,13,42,2,63,0,7,26,0,33,6,20,68,2,96,16,0,16,112
06/18/2007,RFD,IL,AGL,CE,Combined TRACON& Tower with Radar,25,10,27,6,68,0,5,29,5,39,25,15,56,11,107,22,18,40,147
06/19/2007,RFD,IL,AGL,CE,Combined TRACON& Tower with Radar,56,23,64,10,153,0,5,60,6,71,56,28,124,16,224,12,0,12,236
06/20/2007,RFD,IL,AGL,CE,Combined TRACON& Tower with Radar,64,9,53,12,138,0,6,110,4,120,64,15,163,16,258,30,8,38,296
06/21/2007,RFD,IL,AGL,CE,Combined TRACON& Tower with Radar,57,22,34,0,113,0,14,62,0,76,57,36,96,0,189,24,0,24,213
06/22/2007,RFD,IL,AGL,CE,Combined TRACON& Tower with Radar,43,15,24,3,85,0,0,52,0,52,43,15,76,3,137,36,0,36,173
06/23/2007,RFD,IL,AGL,CE,Combined TRACON& Tower with Radar,15,1,44,0,60,0,7,32,0,39,15,8,76,0,99,2,0,2,101
06/24/2007,RFD,IL,AGL,CE,Combined TRACON& Tower with Radar,7,2,64,1,74,0,5,41,0,46,7,7,105,1,120,22,0,22,142
06/25/2007,RFD,IL,AGL,CE,Combined TRACON& Tower with Radar,23,11,69,0,103,0,5,55,0,60,23,16,124,0,163,8,0,8,171
06/26/2007,RFD,IL,AGL,CE,Combined TRACON& Tower with Radar,85,22,65,0,172,0,7,69,0,76,85,29,134,0,248,102,0,102,350
06/27/2007,RFD,IL,AGL,CE,Combined TRACON& Tower with Radar,62,4,43,0,109,0,0,52,0,52,62,4,95,0,161,30,0,30,191
06/28/2007,RFD,IL,AGL,CE,Combined TRACON& Tower with Radar,58,20,69,3,150,0,7,135,5,147,58,27,204,8,297,120,22,142,439
06/29/2007,RFD,IL,AGL,CE,Combined TRACON& Tower with Radar,56,23,145,0,224,0,0,37,0,37,56,23,182,0,261,98,0,98,359
06/30/2007,RFD,IL,AGL,CE,Combined TRACON& Tower with Radar,13,8,51,0,72,0,6,91,0,97,13,14,142,0,169,69,4,73,242
07/01/2007,RFD,IL,AGL,CE,Combined TRACON& Tower with Radar,1,13,27,1,42,0,9,65,0,74,1,22,92,1,116,4,0,4,120
07/02/2007,RFD,IL,AGL,CE,Combined TRACON& Tower with Radar,20,9,37,0,66,0,9,100,0,109,20,18,137,0,175,6,54,60,235
07/03/2007,RFD,IL,AGL,CE,Combined TRACON& Tower with Radar,59,12,71,14,156,0,6,79,11,96,59,18,150,25,252,46,78,124,376
07/04/2007,RFD,IL,AGL,CE,Combined TRACON& Tower with Radar,37,6,14,0,57,0,5,22,0,27,37,11,36,0,84,16,0,16,100
07/05/2007,RFD,IL,AGL,CE,Combined TRACON& Tower with Radar,28,14,39,1,82,1,8,84,0,93,29,22,123,1,175,69,0,69,244
07/06/2007,RFD,IL,AGL,CE,Combined TRACON& Tower with Radar,47,15,82,0,144,0,4,130,0,134,47,19,212,0,278,26,0,26,304
07/07/2007,RFD,IL,AGL,CE,Combined TRACON& Tower with Radar,17,9,20,1,47,0,2,59,0,61,17,11,79,1,108,30,0,30,138
07/08/2007,RFD,IL,AGL,CE,Combined TRACON& Tower with Radar,12,3,25,0,40,1,4,58,0,63,13,7,83,0,103,30,0,30,133
07/09/2007,RFD,IL,AGL,CE,Combined TRACON& Tower with Radar,26,14,27,0,67,0,2,47,0,49,26,16,74,0,116,28,0,28,144
07/10/2007,RFD,IL,AGL,CE,Combined TRACON& Tower with Radar,59,15,44,0,118,0,8,41,0,49,59,23,85,0,167,12,0,12,179
07/11/2007,RFD,IL,AGL,CE,Combined TRACON& Tower with Radar,59,15,45,5,124,1,5,84,3,93,60,20,129,8,217,46,6,52,269
07/12/2007,RFD,IL,AGL,CE,Combined TRACON& Tower with Radar,61,20,44,0,125,0,5,104,0,109,61,25,148,0,234,94,0,94,328
07/13/2007,RFD,IL,AGL,CE,Combined TRACON& Tower with Radar,48,18,42,7,115,0,4,110,6,120,48,22,152,13,235,36,16,52,287
07/14/2007,RFD,IL,AGL,CE,Combined TRACON& Tower with Radar,17,7,25,3,52,2,4,59,5,70,19,11,84,8,122,32,8,40,162
07/15/2007,RFD,IL,AGL,CE,Combined TRACON& Tower with Radar,8,9,42,0,59,0,5,102,0,107,8,14,144,0,166,56,2,58,224
07/16/2007,RFD,IL,AGL,CE,Combined TRACON& Tower with Radar,26,10,23,4,63,0,2,43,0,45,26,12,66,4,108,12,0,12,120
07/17/2007,RFD,IL,AGL,CE,Combined TRACON& Tower with Radar,57,9,40,0,106,0,5,56,0,61,57,14,96,0,167,18,4,22,189
07/18/2007,RFD,IL,AGL,CE,Combined TRACON& Tower with Radar,61,11,36,10,118,0,2,49,14,65,61,13,85,24,183,54,96,150,333
07/19/2007,RFD,IL,AGL,CE,Combined TRACON& Tower with Radar,60,23,79,21,183,0,25,83,66,174,60,48,162,87,357,42,52,94,451
07/20/2007,RFD,IL,AGL,CE,Combined TRACON& Tower with Radar,36,13,83,6,138,0,0,195,7,202,36,13,278,13,340,132,10,142,482
07/21/2007,RFD,IL,AGL,CE,Combined TRACON& Tower with Radar,10,9,39,0,58,0,7,109,0,116,10,16,148,0,174,102,0,102,276
07/22/2007,RFD,IL,AGL,CE,Combined TRACON& Tower with Radar,3,10,35,0,48,0,3,147,0,150,3,13,182,0,198,34,0,34,232
07/23/2007,RFD,IL,AGL,CE,Combined TRACON& Tower with Radar,25,8,32,0,65,0,1,78,1,80,25,9,110,1,145,22,26,48,193
07/24/2007,RFD,IL,AGL,CE,Combined TRACON& Tower with Radar,62,22,49,0,133,0,14,64,0,78,62,36,113,0,211,14,0,14,225
07/25/2007,RFD,IL,AGL,CE,Combined TRACON& Tower with Radar,57,33,42,0,132,0,10,63,0,73,57,43,105,0,205,48,0,48,253
07/26/2007,RFD,IL,AGL,CE,Combined TRACON& Tower with Radar,68,9,56,1,134,0,5,50,0,55,68,14,106,1,189,11,0,11,200
07/27/2007,RFD,IL,AGL,CE,Combined TRACON& Tower with Radar,48,16,77,3,144,0,0,21,0,21,48,16,98,3,165,27,0,27,192
07/28/2007,RFD,IL,AGL,CE,Combined TRACON& Tower with Radar,15,9,46,0,70,0,0,31,0,31,15,9,77,0,101,38,0,38,139
07/29/2007,RFD,IL,AGL,CE,Combined TRACON& Tower with Radar,8,4,27,0,39,0,2,85,1,88,8,6,112,1,127,30,0,30,157
07/30/2007,RFD,IL,AGL,CE,Combined TRACON& Tower with Radar,8,16,41,0,65,0,8,96,0,104,8,24,137,0,169,38,0,38,207
07/31/2007,RFD,IL,AGL,CE,Combined TRACON& Tower with Radar,62,15,74,8,159,0,1,142,7,150,62,16,216,15,309,32,24,56,365
08/01/2007,RFD,IL,AGL,CE,Combined TRACON& Tower with Radar,57,18,63,5,143,0,5,125,2,132,57,23,188,7,275,54,20,74,349
08/02/2007,RFD,IL,AGL,CE,Combined TRACON& Tower with Radar,63,18,44,0,125,0,3,79,0,82,63,21,123,0,207,68,0,68,275
08/03/2007,RFD,IL,AGL,CE,Combined TRACON& Tower with Radar,48,9,51,0,108,0,9,119,0,128,48,18,170,0,236,34,0,34,270
08/04/2007,RFD,IL,AGL,CE,Combined TRACON& Tower with Radar,17,8,20,0,45,0,4,44,0,48,17,12,64,0,93,36,0,36,129
08/05/2007,RFD,IL,AGL,CE,Combined TRACON& Tower with Radar,10,7,28,0,45,0,3,18,0,21,10,10,46,0,66,8,0,8,74
08/06/2007,RFD,IL,AGL,CE,Combined TRACON& Tower with Radar,23,3,41,2,69,0,5,19,0,24,23,8,60,2,93,10,0,10,103
08/07/2007,RFD,IL,AGL,CE,Combined TRACON& Tower with Radar,64,17,33,0,114,0,12,69,0,81,64,29,102,0,195,48,0,48,243
08/08/2007,RFD,IL,AGL,CE,Combined TRACON& Tower with Radar,66,7,38,7,118,0,3,35,7,45,66,10,73,14,163,38,8,46,209
08/09/2007,RFD,IL,AGL,CE,Combined TRACON& Tower with Radar,64,14,66,17,161,0,4,58,0,62,64,18,124,17,223,85,52,137,360
08/10/2007,RFD,IL,AGL,CE,Combined TRACON& Tower with Radar,50,15,41,0,106,0,8,114,0,122,50,23,155,0,228,60,0,60,288
08/11/2007,RFD,IL,AGL,CE,Combined TRACON& Tower with Radar,15,3,44,0,62,0,5,92,0,97,15,8,136,0,159,36,2,38,197
08/12/2007,RFD,IL,AGL,CE,Combined TRACON& Tower with Radar,10,9,26,0,45,0,5,53,0,58,10,14,79,0,103,14,0,14,117
08/13/2007,RFD,IL,AGL,CE,Combined TRACON& Tower with Radar,22,12,43,0,77,0,1,82,0,83,22,13,125,0,160,12,0,12,172
08/14/2007,RFD,IL,AGL,CE,Combined TRACON& Tower with Radar,68,16,43,30,157,0,2,43,20,65,68,18,86,50,222,0,150,150,372
08/15/2007,RFD,IL,AGL,CE,Combined TRACON& Tower with Radar,67,23,26,5,121,0,12,24,5,41,67,35,50,10,162,34,16,50,212
08/16/2007,RFD,IL,AGL,CE,Combined TRACON& Tower with Radar,62,18,53,0,133,0,2,59,0,61,62,20,112,0,194,4,0,4,198
08/17/2007,RFD,IL,AGL,CE,Combined TRACON& Tower with Radar,58,27,39,2,126,0,4,97,1,102,58,31,136,3,228,19,0,19,247
08/18/2007,RFD,IL,AGL,CE,Combined TRACON& Tower with Radar,20,10,24,5,59,0,6,21,2,29,20,16,45,7,88,2,2,4,92
08/19/2007,RFD,IL,AGL,CE,Combined TRACON& Tower with Radar,8,9,29,0,46,0,3,14,0,17,8,12,43,0,63,6,0,6,69
08/20/2007,RFD,IL,AGL,CE,Combined TRACON& Tower with Radar,27,10,36,8,81,0,4,12,7,23,27,14,48,15,104,0,10,10,114
08/21/2007,RFD,IL,AGL,CE,Combined TRACON& Tower with Radar,57,18,74,9,158,0,3,28,9,40,57,21,102,18,198,18,78,96,294
08/22/2007,RFD,IL,AGL,CE,Combined TRACON& Tower with Radar,70,12,52,1,135,0,3,41,2,46,70,15,93,3,181,50,0,50,231
08/23/2007,RFD,IL,AGL,CE,Combined TRACON& Tower with Radar,75,19,39,3,136,0,1,41,2,44,75,20,80,5,180,10,4,14,194
08/24/2007,RFD,IL,AGL,CE,Combined TRACON& Tower with Radar,51,14,45,0,110,0,0,36,0,36,51,14,81,0,146,34,0,34,180
08/25/2007,RFD,IL,AGL,CE,Combined TRACON& Tower with Radar,15,11,46,0,72,0,6,90,0,96,15,17,136,0,168,80,0,80,248
08/26/2007,RFD,IL,AGL,CE,Combined TRACON& Tower with Radar,8,11,38,0,57,0,4,77,0,81,8,15,115,0,138,82,0,82,220
08/27/2007,RFD,IL,AGL,CE,Combined TRACON& Tower with Radar,31,20,40,0,91,0,20,68,0,88,31,40,108,0,179,58,0,58,237
08/28/2007,RFD,IL,AGL,CE,Combined TRACON& Tower with Radar,53,18,76,10,157,0,1,91,4,96,53,19,167,14,253,74,0,74,327
08/29/2007,RFD,IL,AGL,CE,Combined TRACON& Tower with Radar,56,8,55,23,142,0,4,63,17,84,56,12,118,40,226,50,32,82,308
08/30/2007,RFD,IL,AGL,CE,Combined TRACON& Tower with Radar,66,15,16,6,103,0,6,0,4,10,66,21,16,10,113,50,14,64,177
08/31/2007,RFD,IL,AGL,CE,Combined TRACON& Tower with Radar,55,20,35,1,111,0,7,124,0,131,55,27,159,1,242,45,0,45,287
09/01/2007,RFD,IL,AGL,CE,Combined TRACON& Tower with Radar,12,6,49,0,67,8,5,83,0,96,20,11,132,0,163,31,0,31,194
09/02/2007,RFD,IL,AGL,CE,Combined TRACON& Tower with Radar,3,11,19,1,34,0,8,51,1,60,3,19,70,2,94,68,0,68,162
09/03/2007,RFD,IL,AGL,CE,Combined TRACON& Tower with Radar,6,13,16,0,35,0,4,55,0,59,6,17,71,0,94,12,0,12,106
09/04/2007,RFD,IL,AGL,CE,Combined TRACON& Tower with Radar,23,9,30,0,62,0,1,52,0,53,23,10,82,0,115,18,0,18,133
09/05/2007,RFD,IL,AGL,CE,Combined TRACON& Tower with Radar,56,8,34,1,99,0,2,78,0,80,56,10,112,1,179,30,0,30,209
09/06/2007,RFD,IL,AGL,CE,Combined TRACON& Tower with Radar,68,18,46,14,146,0,5,44,11,60,68,23,90,25,206,8,6,14,220
09/07/2007,RFD,IL,AGL,CE,Combined TRACON& Tower with Radar,50,18,48,4,120,0,3,8,0,11,50,21,56,4,131,16,10,26,157
09/08/2007,RFD,IL,AGL,CE,Combined TRACON& Tower with Radar,14,8,30,0,52,0,5,82,0,87,14,13,112,0,139,58,0,58,197
09/09/2007,RFD,IL,AGL,CE,Combined TRACON& Tower with Radar,3,8,58,4,73,0,6,98,2,106,3,14,156,6,179,64,0,64,243
09/10/2007,RFD,IL,AGL,CE,Combined TRACON& Tower with Radar,26,16,46,7,95,0,5,22,4,31,26,21,68,11,126,22,14,36,162
09/11/2007,RFD,IL,AGL,CE,Combined TRACON& Tower with Radar,66,11,26,3,106,0,0,30,3,33,66,11,56,6,139,12,2,14,153
09/12/2007,RFD,IL,AGL,CE,Combined TRACON& Tower with Radar,56,7,61,4,128,0,6,152,7,165,56,13,213,11,293,50,44,94,387
09/13/2007,RFD,IL,AGL,CE,Combined TRACON& Tower with Radar,66,23,53,17,159,0,10,97,15,122,66,33,150,32,281,56,16,72,353
09/14/2007,RFD,IL,AGL,CE,Combined TRACON& Tower with Radar,47,15,31,0,93,4,6,35,0,45,51,21,66,0,138,2,0,2,140
09/15/2007,RFD,IL,AGL,CE,Combined TRACON& Tower with Radar,12,13,41,1,67,0,3,114,11,128,12,16,155,12,195,34,0,34,229
09/16/2007,RFD,IL,AGL,CE,Combined TRACON& Tower with Radar,9,10,15,2,36,0,6,48,0,54,9,16,63,2,90,64,0,64,154
09/17/2007,RFD,IL,AGL,CE,Combined TRACON& Tower with Radar,25,12,46,6,89,0,3,61,3,67,25,15,107,9,156,10,0,10,166
09/18/2007,RFD,IL,AGL,CE,Combined TRACON& Tower with Radar,64,11,40,0,115,0,4,45,0,49,64,15,85,0,164,14,0,14,178
09/19/2007,RFD,IL,AGL,CE,Combined TRACON& Tower with Radar,57,24,54,2,137,0,4,71,1,76,57,28,125,3,213,16,0,16,229
09/20/2007,RFD,IL,AGL,CE,Combined TRACON& Tower with Radar,56,31,52,2,141,0,6,94,0,100,56,37,146,2,241,46,0,46,287
09/21/2007,RFD,IL,AGL,CE,Combined TRACON& Tower with Radar,53,28,30,0,111,0,6,60,0,66,53,34,90,0,177,8,0,8,185
09/22/2007,RFD,IL,AGL,CE,Combined TRACON& Tower with Radar,15,10,39,0,64,0,3,87,0,90,15,13,126,0,154,32,0,32,186
09/23/2007,RFD,IL,AGL,CE,Combined TRACON& Tower with Radar,4,15,33,0,52,0,3,54,0,57,4,18,87,0,109,54,0,54,163
09/24/2007,RFD,IL,AGL,CE,Combined TRACON& Tower with Radar,28,14,31,1,74,0,4,55,0,59,28,18,86,1,133,16,0,16,149
09/25/2007,RFD,IL,AGL,CE,Combined TRACON& Tower with Radar,71,13,24,0,108,0,1,14,0,15,71,14,38,0,123,6,0,6,129
09/26/2007,RFD,IL,AGL,CE,Combined TRACON& Tower with Radar,59,15,73,15,162,0,8,114,9,131,59,23,187,24,293,79,26,105,398
09/27/2007,RFD,IL,AGL,CE,Combined TRACON& Tower with Radar,61,17,45,18,141,0,3,65,18,86,61,20,110,36,227,24,26,50,277
09/28/2007,RFD,IL,AGL,CE,Combined TRACON& Tower with Radar,52,20,140,0,212,0,1,43,0,44,52,21,183,0,256,40,0,40,296
09/29/2007,RFD,IL,AGL,CE,Combined TRACON& Tower with Radar,20,7,51,1,79,1,4,91,0,96,21,11,142,1,175,104,0,104,279
09/30/2007,RFD,IL,AGL,CE,Combined TRACON& Tower with Radar,3,5,32,0,40,0,9,38,0,47,3,14,70,0,87,24,0,24,111
10/01/2007,RFD,IL,AGL,CE,Combined TRACON& Tower with Radar,27,9,47,6,89,0,3,26,5,34,27,12,73,11,123,18,0,18,141
10/02/2007,RFD,IL,AGL,CE,Combined TRACON& Tower with Radar,68,17,17,9,111,0,1,20,1,22,68,18,37,10,133,12,26,38,171
10/03/2007,RFD,IL,AGL,CE,Combined TRACON& Tower with Radar,61,16,28,0,105,0,3,72,0,75,61,19,100,0,180,18,0,18,198
10/04/2007,RFD,IL,AGL,CE,Combined TRACON& Tower with Radar,60,14,43,17,134,0,8,77,11,96,60,22,120,28,230,38,40,78,308
10/05/2007,RFD,IL,AGL,CE,Combined TRACON& Tower with Radar,47,15,32,1,95,0,2,71,1,74,47,17,103,2,169,4,0,4,173
10/06/2007,RFD,IL,AGL,CE,Combined TRACON& Tower with Radar,13,9,45,0,67,0,4,87,0,91,13,13,132,0,158,62,0,62,220
10/07/2007,RFD,IL,AGL,CE,Combined TRACON& Tower with Radar,3,9,29,0,41,0,7,35,0,42,3,16,64,0,83,26,0,26,109
10/08/2007,RFD,IL,AGL,CE,Combined TRACON& Tower with Radar,24,10,22,0,56,0,6,45,0,51,24,16,67,0,107,14,0,14,121
10/09/2007,RFD,IL,AGL,CE,Combined TRACON& Tower with Radar,51,12,16,2,81,0,2,54,1,57,51,14,70,3,138,24,12,36,174
10/10/2007,RFD,IL,AGL,CE,Combined TRACON& Tower with Radar,68,13,34,8,123,0,2,28,3,33,68,15,62,11,156,20,38,58,214
10/11/2007,RFD,IL,AGL,CE,Combined TRACON& Tower with Radar,65,11,58,0,134,0,9,59,0,68,65,20,117,0,202,92,0,92,294
10/12/2007,RFD,IL,AGL,CE,Combined TRACON& Tower with Radar,43,8,64,3,118,0,13,121,3,137,43,21,185,6,255,60,0,60,315
10/13/2007,RFD,IL,AGL,CE,Combined TRACON& Tower with Radar,13,8,53,1,75,0,8,92,0,100,13,16,145,1,175,74,4,78,253
10/14/2007,RFD,IL,AGL,CE,Combined TRACON& Tower with Radar,5,7,26,3,41,0,4,20,0,24,5,11,46,3,65,0,0,0,65
10/15/2007,RFD,IL,AGL,CE,Combined TRACON& Tower with Radar,23,8,54,0,85,0,2,61,0,63,23,10,115,0,148,32,0,32,180
10/16/2007,RFD,IL,AGL,CE,Combined TRACON& Tower with Radar,62,10,53,0,125,0,5,37,0,42,62,15,90,0,167,26,0,26,193
10/17/2007,RFD,IL,AGL,CE,Combined TRACON& Tower with Radar,61,8,40,0,109,0,1,75,0,76,61,9,115,0,185,22,0,22,207
10/18/2007,RFD,IL,AGL,CE,Combined TRACON& Tower with Radar,61,8,34,3,106,0,0,6,1,7,61,8,40,4,113,24,0,24,137
10/19/2007,RFD,IL,AGL,CE,Combined TRACON& Tower with Radar,49,11,27,2,89,0,4,17,0,21,49,15,44,2,110,2,0,2,112
10/20/2007,RFD,IL,AGL,CE,Combined TRACON& Tower with Radar,12,9,85,0,106,0,11,134,0,145,12,20,219,0,251,104,0,104,355
10/21/2007,RFD,IL,AGL,CE,Combined TRACON& Tower with Radar,8,10,29,0,47,0,3,41,0,44,8,13,70,0,91,26,0,26,117
10/22/2007,RFD,IL,AGL,CE,Combined TRACON& Tower with Radar,29,14,49,0,92,0,6,56,0,62,29,20,105,0,154,20,0,20,174
10/23/2007,RFD,IL,AGL,CE,Combined TRACON& Tower with Radar,59,13,56,0,128,0,3,89,0,92,59,16,145,0,220,34,0,34,254
10/24/2007,RFD,IL,AGL,CE,Combined TRACON& Tower with Radar,60,9,59,0,128,0,2,70,0,72,60,11,129,0,200,26,0,26,226
10/25/2007,RFD,IL,AGL,CE,Combined TRACON& Tower with Radar,64,17,44,4,129,0,8,81,3,92,64,25,125,7,221,68,24,92,313
10/26/2007,RFD,IL,AGL,CE,Combined TRACON& Tower with Radar,52,9,55,0,116,0,5,40,0,45,52,14,95,0,161,31,0,31,192
10/27/2007,RFD,IL,AGL,CE,Combined TRACON& Tower with Radar,12,5,38,0,55,0,5,34,0,39,12,10,72,0,94,36,0,36,130
10/28/2007,RFD,IL,AGL,CE,Combined TRACON& Tower with Radar,7,8,34,0,49,0,6,94,0,100,7,14,128,0,149,86,0,86,235
10/29/2007,RFD,IL,AGL,CE,Combined TRACON& Tower with Radar,24,11,52,4,91,0,4,61,1,66,24,15,113,5,157,80,34,114,271
10/30/2007,RFD,IL,AGL,CE,Combined TRACON& Tower with Radar,58,16,65,13,152,0,8,89,9,106,58,24,154,22,258,44,48,92,350
10/31/2007,RFD,IL,AGL,CE,Combined TRACON& Tower with Radar,61,11,49,10,131,0,4,64,8,76,61,15,113,18,207,22,92,114,321
11/01/2007,RFD,IL,AGL,CE,Combined TRACON& Tower with Radar,62,16,48,3,129,0,4,109,2,115,62,20,157,5,244,48,38,86,330
11/02/2007,RFD,IL,AGL,CE,Combined TRACON& Tower with Radar,45,19,29,1,94,0,8,88,0,96,45,27,117,1,190,50,0,50,240
11/03/2007,RFD,IL,AGL,CE,Combined TRACON& Tower with Radar,14,4,31,5,54,2,4,82,5,93,16,8,113,10,147,118,32,150,297
11/04/2007,RFD,IL,AGL,CE,Combined TRACON& Tower with Radar,4,7,31,1,43,0,4,62,0,66,4,11,93,1,109,8,0,8,117
11/05/2007,RFD,IL,AGL,CE,Combined TRACON& Tower with Radar,22,13,23,0,58,0,2,21,0,23,22,15,44,0,81,6,0,6,87
11/06/2007,RFD,IL,AGL,CE,Combined TRACON& Tower with Radar,59,7,21,0,87,0,2,26,0,28,59,9,47,0,115,0,0,0,115
11/07/2007,RFD,IL,AGL,CE,Combined TRACON& Tower with Radar,59,15,40,0,114,0,6,62,0,68,59,21,102,0,182,48,0,48,230
11/08/2007,RFD,IL,AGL,CE,Combined TRACON& Tower with Radar,63,29,48,0,140,0,0,64,0,64,63,29,112,0,204,98,0,98,302
11/09/2007,RFD,IL,AGL,CE,Combined TRACON& Tower with Radar,53,23,135,2,213,0,3,28,0,31,53,26,163,2,244,88,0,88,332
11/10/2007,RFD,IL,AGL,CE,Combined TRACON& Tower with Radar,14,10,36,0,60,0,0,71,0,71,14,10,107,0,131,44,0,44,175
11/11/2007,RFD,IL,AGL,CE,Combined TRACON& Tower with Radar,5,5,46,0,56,0,3,24,0,27,5,8,70,0,83,2,0,2,85
11/12/2007,RFD,IL,AGL,CE,Combined TRACON& Tower with Radar,27,9,25,0,61,0,4,27,0,31,27,13,52,0,92,12,0,12,104
11/13/2007,RFD,IL,AGL,CE,Combined TRACON& Tower with Radar,60,24,86,7,177,0,13,111,5,129,60,37,197,12,306,54,10,64,370
11/14/2007,RFD,IL,AGL,CE,Combined TRACON& Tower with Radar,62,11,36,0,109,0,0,38,0,38,62,11,74,0,147,2,0,2,149
11/15/2007,RFD,IL,AGL,CE,Combined TRACON& Tower with Radar,68,23,42,0,133,0,62,61,0,123,68,85,103,0,256,30,0,30,286
11/16/2007,RFD,IL,AGL,CE,Combined TRACON& Tower with Radar,55,8,63,9,135,0,7,108,10,125,55,15,171,19,260,66,32,98,358
11/17/2007,RFD,IL,AGL,CE,Combined TRACON& Tower with Radar,18,6,38,0,62,0,9,32,0,41,18,15,70,0,103,46,0,46,149
11/18/2007,RFD,IL,AGL,CE,Combined TRACON& Tower with Radar,6,11,44,0,61,0,0,84,0,84,6,11,128,0,145,66,0,66,211
11/19/2007,RFD,IL,AGL,CE,Combined TRACON& Tower with Radar,30,12,45,0,87,0,3,35,0,38,30,15,80,0,125,0,0,0,125
11/20/2007,RFD,IL,AGL,CE,Combined TRACON& Tower with Radar,69,14,21,0,104,0,0,0,0,0,69,14,21,0,104,0,0,0,104
11/21/2007,RFD,IL,AGL,CE,Combined TRACON& Tower with Radar,67,11,31,5,114,0,2,10,5,17,67,13,41,10,131,6,14,20,151
11/22/2007,RFD,IL,AGL,CE,Combined TRACON& Tower with Radar,26,5,8,0,39,0,2,4,0,6,26,7,12,0,45,4,0,4,49
11/23/2007,RFD,IL,AGL,CE,Combined TRACON& Tower with Radar,13,5,56,0,74,0,1,93,0,94,13,6,149,0,168,18,0,18,186
11/24/2007,RFD,IL,AGL,CE,Combined TRACON& Tower with Radar,5,4,43,0,52,0,2,79,0,81,5,6,122,0,133,82,0,82,215
11/25/2007,RFD,IL,AGL,CE,Combined TRACON& Tower with Radar,6,7,54,0,67,0,2,55,0,57,6,9,109,0,124,42,0,42,166
11/26/2007,RFD,IL,AGL,CE,Combined TRACON& Tower with Radar,32,11,23,1,67,0,6,24,0,30,32,17,47,1,97,18,0,18,115
11/27/2007,RFD,IL,AGL,CE,Combined TRACON& Tower with Radar,62,19,48,2,131,0,6,70,0,76,62,25,118,2,207,4,0,4,211
11/28/2007,RFD,IL,AGL,CE,Combined TRACON& Tower with Radar,78,13,53,9,153,0,6,18,5,29,78,19,71,14,182,38,22,60,242
11/29/2007,RFD,IL,AGL,CE,Combined TRACON& Tower with Radar,74,13,65,0,152,0,0,78,0,78,74,13,143,0,230,44,0,44,274
11/30/2007,RFD,IL,AGL,CE,Combined TRACON& Tower with Radar,64,10,37,3,114,0,3,67,0,70,64,13,104,3,184,32,12,44,228
12/01/2007,RFD,IL,AGL,CE,Combined TRACON& Tower with Radar,16,6,10,4,36,0,1,12,3,16,16,7,22,7,52,0,0,0,52
12/02/2007,RFD,IL,AGL,CE,Combined TRACON& Tower with Radar,8,6,12,0,26,0,1,0,0,1,8,7,12,0,27,0,0,0,27
12/03/2007,RFD,IL,AGL,CE,Combined TRACON& Tower with Radar,30,8,32,0,70,0,6,50,0,56,30,14,82,0,126,42,0,42,168
12/04/2007,RFD,IL,AGL,CE,Combined TRACON& Tower with Radar,74,22,35,9,140,0,7,35,8,50,74,29,70,17,190,6,0,6,196
12/05/2007,RFD,IL,AGL,CE,Combined TRACON& Tower with Radar,79,17,38,0,134,0,4,20,0,24,79,21,58,0,158,0,0,0,158
12/06/2007,RFD,IL,AGL,CE,Combined TRACON& Tower with Radar,86,16,31,3,136,0,3,47,0,50,86,19,78,3,186,46,28,74,260
12/07/2007,RFD,IL,AGL,CE,Combined TRACON& Tower with Radar,51,11,20,0,82,0,3,5,0,8,51,14,25,0,90,0,0,0,90
12/08/2007,RFD,IL,AGL,CE,Combined TRACON& Tower with Radar,15,8,49,0,72,0,2,48,0,50,15,10,97,0,122,28,0,28,150
12/09/2007,RFD,IL,AGL,CE,Combined TRACON& Tower with Radar,9,8,6,0,23,0,1,0,0,1,9,9,6,0,24,0,0,0,24
12/10/2007,RFD,IL,AGL,CE,Combined TRACON& Tower with Radar,34,5,22,1,62,0,0,4,0,4,34,5,26,1,66,2,2,4,70
12/11/2007,RFD,IL,AGL,CE,Combined TRACON& Tower with Radar,68,9,5,0,82,0,0,0,0,0,68,9,5,0,82,0,0,0,82
12/12/2007,RFD,IL,AGL,CE,Combined TRACON& Tower with Radar,76,13,81,0,170,0,3,76,0,79,76,16,157,0,249,68,0,68,317
12/13/2007,RFD,IL,AGL,CE,Combined TRACON& Tower with Radar,72,12,26,0,110,0,0,11,0,11,72,12,37,0,121,2,0,2,123
12/14/2007,RFD,IL,AGL,CE,Combined TRACON& Tower with Radar,69,17,72,0,158,0,3,108,0,111,69,20,180,0,269,82,0,82,351
12/15/2007,RFD,IL,AGL,CE,Combined TRACON& Tower with Radar,18,3,7,0,28,0,0,1,0,1,18,3,8,0,29,0,0,0,29
12/16/2007,RFD,IL,AGL,CE,Combined TRACON& Tower with Radar,7,16,23,0,46,0,6,33,0,39,7,22,56,0,85,38,0,38,123
12/17/2007,RFD,IL,AGL,CE,Combined TRACON& Tower with Radar,25,25,52,0,102,0,2,31,0,33,25,27,83,0,135,20,0,20,155
12/18/2007,RFD,IL,AGL,CE,Combined TRACON& Tower with Radar,91,42,46,0,179,0,9,46,0,55,91,51,92,0,234,54,0,54,288
12/19/2007,RFD,IL,AGL,CE,Combined TRACON& Tower with Radar,97,21,63,0,181,0,2,18,0,20,97,23,81,0,201,0,0,0,201
12/20/2007,RFD,IL,AGL,CE,Combined TRACON& Tower with Radar,86,18,50,6,160,0,4,20,4,28,86,22,70,10,188,50,4,54,242
12/21/2007,RFD,IL,AGL,CE,Combined TRACON& Tower with Radar,78,10,19,0,107,0,0,3,0,3,78,10,22,0,110,0,0,0,110
12/22/2007,RFD,IL,AGL,CE,Combined TRACON& Tower with Radar,49,5,9,0,63,0,0,0,0,0,49,5,9,0,63,0,0,0,63
12/23/2007,RFD,IL,AGL,CE,Combined TRACON& Tower with Radar,14,5,10,0,29,0,0,0,0,0,14,5,10,0,29,0,0,0,29
12/24/2007,RFD,IL,AGL,CE,Combined TRACON& Tower with Radar,11,5,18,0,34,0,0,28,0,28,11,5,46,0,62,22,0,22,84
12/25/2007,RFD,IL,AGL,CE,Combined TRACON& Tower with Radar,2,7,24,0,33,0,0,8,0,8,2,7,32,0,41,30,0,30,71
12/26/2007,RFD,IL,AGL,CE,Combined TRACON& Tower with Radar,23,9,52,0,84,0,6,96,0,102,23,15,148,0,186,22,0,22,208
12/27/2007,RFD,IL,AGL,CE,Combined TRACON& Tower with Radar,59,9,24,0,92,0,3,22,0,25,59,12,46,0,117,6,0,6,123
12/28/2007,RFD,IL,AGL,CE,Combined TRACON& Tower with Radar,56,9,13,0,78,0,0,0,0,0,56,9,13,0,78,0,0,0,78
12/29/2007,RFD,IL,AGL,CE,Combined TRACON& Tower with Radar,21,3,18,0,42,0,0,12,0,12,21,3,30,0,54,0,0,0,54
12/30/2007,RFD,IL,AGL,CE,Combined TRACON& Tower with Radar,6,10,19,0,35,0,0,2,0,2,6,10,21,0,37,0,0,0,37
12/31/2007,RFD,IL,AGL,CE,Combined TRACON& Tower with Radar,12,8,7,1,28,0,0,0,0,0,12,8,7,1,28,0,0,0,28
01/01/2008,RFD,IL,AGL,CE,Combined TRACON& Tower with Radar,3,5,2,0,10,0,3,0,0,3,3,8,2,0,13,0,0,0,13
01/02/2008,RFD,IL,AGL,CE,Combined TRACON& Tower with Radar,25,9,23,0,57,0,9,34,0,43,25,18,57,0,100,10,0,10,110
01/03/2008,RFD,IL,AGL,CE,Combined TRACON& Tower with Radar,56,11,26,0,93,0,2,48,0,50,56,13,74,0,143,22,0,22,165
01/04/2008,RFD,IL,AGL,CE,Combined TRACON& Tower with Radar,50,10,17,0,77,0,6,42,0,48,50,16,59,0,125,56,0,56,181
01/05/2008,RFD,IL,AGL,CE,Combined TRACON& Tower with Radar,16,8,64,0,88,0,5,46,0,51,16,13,110,0,139,26,0,26,165
01/06/2008,RFD,IL,AGL,CE,Combined TRACON& Tower with Radar,12,6,28,0,46,0,1,3,0,4,12,7,31,0,50,4,0,4,54
01/07/2008,RFD,IL,AGL,CE,Combined TRACON& Tower with Radar,31,10,34,0,75,0,1,16,0,17,31,11,50,0,92,22,0,22,114
01/08/2008,RFD,IL,AGL,CE,Combined TRACON& Tower with Radar,57,16,35,0,108,0,1,10,0,11,57,17,45,0,119,16,0,16,135
01/09/2008,RFD,IL,AGL,CE,Combined TRACON& Tower with Radar,63,11,59,0,133,0,8,87,0,95,63,19,146,0,228,54,0,54,282
01/10/2008,RFD,IL,AGL,CE,Combined TRACON& Tower with Radar,63,16,47,10,136,0,3,50,5,58,63,19,97,15,194,24,18,42,236
01/11/2008,RFD,IL,AGL,CE,Combined TRACON& Tower with Radar,49,8,23,0,80,0,0,3,0,3,49,8,26,0,83,0,0,0,83
01/12/2008,RFD,IL,AGL,CE,Combined TRACON& Tower with Radar,15,13,55,0,83,0,1,78,0,79,15,14,133,0,162,24,0,24,186
01/13/2008,RFD,IL,AGL,CE,Combined TRACON& Tower with Radar,7,4,18,0,29,0,1,1,0,2,7,5,19,0,31,0,4,4,35
01/14/2008,RFD,IL,AGL,CE,Combined TRACON& Tower with Radar,30,8,34,0,72,0,3,19,0,22,30,11,53,0,94,0,0,0,94
01/15/2008,RFD,IL,AGL,CE,Combined TRACON& Tower with Radar,56,11,42,0,109,0,1,65,0,66,56,12,107,0,175,34,0,34,209
01/16/2008,RFD,IL,AGL,CE,Combined TRACON& Tower with Radar,58,11,39,16,124,0,2,89,10,101,58,13,128,26,225,46,50,96,321
01/17/2008,RFD,IL,AGL,CE,Combined TRACON& Tower with Radar,62,20,21,5,108,571,0,5,3,579,633,20,26,8,687,0,42,42,729
01/18/2008,RFD,IL,AGL,CE,Combined TRACON& Tower with Radar,54,6,31,0,91,0,0,0,0,0,54,6,31,0,91,0,0,0,91
01/19/2008,RFD,IL,AGL,CE,Combined TRACON& Tower with Radar,18,19,17,0,54,0,8,26,0,34,18,27,43,0,88,20,0,20,108
01/20/2008,RFD,IL,AGL,CE,Combined TRACON& Tower with Radar,7,9,10,0,26,0,3,19,0,22,7,12,29,0,48,8,0,8,56
01/21/2008,RFD,IL,AGL,CE,Combined TRACON& Tower with Radar,29,6,23,0,58,0,3,3,0,6,29,9,26,0,64,0,0,0,64
01/22/2008,RFD,IL,AGL,CE,Combined TRACON& Tower with Radar,61,8,33,8,110,0,7,42,8,57,61,15,75,16,167,22,20,42,209
01/23/2008,RFD,IL,AGL,CE,Combined TRACON& Tower with Radar,63,10,18,0,91,0,1,6,0,7,63,11,24,0,98,2,0,2,100
01/24/2008,RFD,IL,AGL,CE,Combined TRACON& Tower with Radar,62,9,34,0,105,0,14,35,0,49,62,23,69,0,154,4,8,12,166
01/25/2008,RFD,IL,AGL,CE,Combined TRACON& Tower with Radar,53,10,23,0,86,0,1,19,0,20,53,11,42,0,106,2,0,2,108
01/26/2008,RFD,IL,AGL,CE,Combined TRACON& Tower with Radar,20,10,10,0,40,0,9,21,0,30,20,19,31,0,70,16,0,16,86
01/27/2008,RFD,IL,AGL,CE,Combined TRACON& Tower with Radar,7,12,41,0,60,0,7,87,0,94,7,19,128,0,154,26,0,26,180
01/28/2008,RFD,IL,AGL,CE,Combined TRACON& Tower with Radar,26,7,20,1,54,0,0,11,0,11,26,7,31,1,65,0,0,0,65
01/29/2008,RFD,IL,AGL,CE,Combined TRACON& Tower with Radar,59,14,8,0,81,0,1,0,0,1,59,15,8,0,82,10,0,10,92
01/30/2008,RFD,IL,AGL,CE,Combined TRACON& Tower with Radar,65,9,27,11,112,1,6,26,12,45,66,15,53,23,157,7,20,27,184
01/31/2008,RFD,IL,AGL,CE,Combined TRACON& Tower with Radar,61,20,27,0,108,0,5,12,0,17,61,25,39,0,125,8,0,8,133
02/01/2008,RFD,IL,AGL,CE,Combined TRACON& Tower with Radar,55,7,12,0,74,0,1,5,0,6,55,8,17,0,80,0,0,0,80
02/02/2008,RFD,IL,AGL,CE,Combined TRACON& Tower with Radar,14,10,14,2,40,0,1,1,0,2,14,11,15,2,42,0,0,0,42
02/03/2008,RFD,IL,AGL,CE,Combined TRACON& Tower with Radar,12,13,1,0,26,0,0,12,0,12,12,13,13,0,38,0,0,0,38
02/04/2008,RFD,IL,AGL,CE,Combined TRACON& Tower with Radar,0,0,0,0,0,0,0,0,0,0,0,0,0,0,0,0,0,0,0
02/05/2008,RFD,IL,AGL,CE,Combined TRACON& Tower with Radar,57,12,20,0,89,0,1,8,0,9,57,13,28,0,98,28,48,76,174
02/06/2008,RFD,IL,AGL,CE,Combined TRACON& Tower with Radar,60,12,5,0,77,0,0,0,0,0,60,12,5,0,77,0,0,0,77
02/07/2008,RFD,IL,AGL,CE,Combined TRACON& Tower with Radar,58,41,26,0,125,0,25,28,0,53,58,66,54,0,178,34,0,34,212
02/08/2008,RFD,IL,AGL,CE,Combined TRACON& Tower with Radar,55,14,28,0,97,2,1,4,0,7,57,15,32,0,104,0,0,0,104
02/09/2008,RFD,IL,AGL,CE,Combined TRACON& Tower with Radar,15,7,10,0,32,3,4,7,0,14,18,11,17,0,46,26,0,26,72
02/10/2008,RFD,IL,AGL,CE,Combined TRACON& Tower with Radar,7,7,6,0,20,0,2,1,0,3,7,9,7,0,23,0,0,0,23
02/11/2008,RFD,IL,AGL,CE,Combined TRACON& Tower with Radar,23,6,18,0,47,0,0,7,0,7,23,6,25,0,54,0,0,0,54
02/12/2008,RFD,IL,AGL,CE,Combined TRACON& Tower with Radar,57,6,15,0,78,0,1,0,0,1,57,7,15,0,79,0,0,0,79
02/13/2008,RFD,IL,AGL,CE,Combined TRACON& Tower with Radar,66,20,79,13,178,0,15,94,9,118,66,35,173,22,296,46,8,54,350
02/14/2008,RFD,IL,AGL,CE,Combined TRACON& Tower with Radar,63,17,28,27,135,0,8,14,14,36,63,25,42,41,171,4,46,50,221
02/15/2008,RFD,IL,AGL,CE,Combined TRACON& Tower with Radar,52,13,49,0,114,0,9,98,0,107,52,22,147,0,221,38,0,38,259
02/16/2008,RFD,IL,AGL,CE,Combined TRACON& Tower with Radar,15,9,51,0,75,1,5,103,0,109,16,14,154,0,184,50,0,50,234
02/17/2008,RFD,IL,AGL,CE,Combined TRACON& Tower with Radar,10,6,7,0,23,0,2,1,0,3,10,8,8,0,26,0,0,0,26
02/18/2008,RFD,IL,AGL,CE,Combined TRACON& Tower with Radar,31,13,22,0,66,0,2,9,0,11,31,15,31,0,77,0,0,0,77
02/19/2008,RFD,IL,AGL,CE,Combined TRACON& Tower with Radar,60,10,52,2,124,0,1,57,0,58,60,11,109,2,182,12,0,12,194
02/20/2008,RFD,IL,AGL,CE,Combined TRACON& Tower with Radar,66,9,24,0,99,0,2,41,0,43,66,11,65,0,142,54,0,54,196
02/21/2008,RFD,IL,AGL,CE,Combined TRACON& Tower with Radar,74,20,25,11,130,0,12,57,9,78,74,32,82,20,208,2,36,38,246
02/22/2008,RFD,IL,AGL,CE,Combined TRACON& Tower with Radar,55,9,34,0,98,0,2,44,0,46,55,11,78,0,144,4,0,4,148
02/23/2008,RFD,IL,AGL,CE,Combined TRACON& Tower with Radar,20,8,38,0,66,0,1,106,0,107,20,9,144,0,173,110,0,110,283
02/24/2008,RFD,IL,AGL,CE,Combined TRACON& Tower with Radar,6,8,42,0,56,0,1,87,0,88,6,9,129,0,144,60,0,60,204
02/25/2008,RFD,IL,AGL,CE,Combined TRACON& Tower with Radar,27,9,7,0,43,0,0,0,0,0,27,9,7,0,43,0,0,0,43
02/26/2008,RFD,IL,AGL,CE,Combined TRACON& Tower with Radar,64,8,23,14,109,0,6,9,0,15,64,14,32,14,124,12,20,32,156
02/27/2008,RFD,IL,AGL,CE,Combined TRACON& Tower with Radar,65,11,49,0,125,0,9,80,0,89,65,20,129,0,214,22,0,22,236
02/28/2008,RFD,IL,AGL,CE,Combined TRACON& Tower with Radar,63,9,33,0,105,0,19,34,0,53,63,28,67,0,158,8,0,8,166
02/29/2008,RFD,IL,AGL,CE,Combined TRACON& Tower with Radar,54,6,26,0,86,0,2,19,0,21,54,8,45,0,107,1,0,1,108
03/01/2008,RFD,IL,AGL,CE,Combined TRACON& Tower with Radar,18,6,36,0,60,0,6,98,0,104,18,12,134,0,164,74,0,74,238
03/02/2008,RFD,IL,AGL,CE,Combined TRACON& Tower with Radar,13,14,17,1,45,0,7,9,0,16,13,21,26,1,61,0,0,0,61
03/03/2008,RFD,IL,AGL,CE,Combined TRACON& Tower with Radar,27,20,19,9,75,0,8,15,6,29,27,28,34,15,104,10,12,22,126
03/04/2008,RFD,IL,AGL,CE,Combined TRACON& Tower with Radar,60,13,46,0,119,0,2,10,0,12,60,15,56,0,131,0,0,0,131
03/05/2008,RFD,IL,AGL,CE,Combined TRACON& Tower with Radar,72,13,39,8,132,0,2,73,8,83,72,15,112,16,215,42,32,74,289
03/06/2008,RFD,IL,AGL,CE,Combined TRACON& Tower with Radar,59,17,48,0,124,0,4,75,0,79,59,21,123,0,203,36,0,36,239
03/07/2008,RFD,IL,AGL,CE,Combined TRACON& Tower with Radar,55,9,35,0,99,0,7,47,0,54,55,16,82,0,153,52,0,52,205
03/08/2008,RFD,IL,AGL,CE,Combined TRACON& Tower with Radar,14,14,40,0,68,0,8,71,0,79,14,22,111,0,147,56,0,56,203
03/09/2008,RFD,IL,AGL,CE,Combined TRACON& Tower with Radar,10,5,30,0,45,0,4,13,0,17,10,9,43,0,62,14,0,14,76
03/10/2008,RFD,IL,AGL,CE,Combined TRACON& Tower with Radar,28,10,35,0,73,0,5,30,0,35,28,15,65,0,108,30,0,30,138
03/11/2008,RFD,IL,AGL,CE,Combined TRACON& Tower with Radar,60,7,61,3,131,0,4,80,2,86,60,11,141,5,217,32,6,38,255
03/12/2008,RFD,IL,AGL,CE,Combined TRACON& Tower with Radar,65,7,55,0,127,0,0,74,2,76,65,7,129,2,203,46,0,46,249
03/13/2008,RFD,IL,AGL,CE,Combined TRACON& Tower with Radar,63,10,54,6,133,0,0,97,4,101,63,10,151,10,234,64,14,78,312
03/14/2008,RFD,IL,AGL,CE,Combined TRACON& Tower with Radar,54,10,29,0,93,0,7,73,0,80,54,17,102,0,173,60,0,60,233
03/15/2008,RFD,IL,AGL,CE,Combined TRACON& Tower with Radar,20,7,54,0,81,7,1,89,0,97,27,8,143,0,178,94,0,94,272
03/16/2008,RFD,IL,AGL,CE,Combined TRACON& Tower with Radar,9,5,48,0,62,0,2,89,0,91,9,7,137,0,153,32,0,32,185
03/17/2008,RFD,IL,AGL,CE,Combined TRACON& Tower with Radar,29,4,17,2,52,0,8,25,0,33,29,12,42,2,85,0,14,14,99
03/18/2008,RFD,IL,AGL,CE,Combined TRACON& Tower with Radar,65,18,12,2,97,2,1,6,2,11,67,19,18,4,108,8,6,14,122
03/19/2008,RFD,IL,AGL,CE,Combined TRACON& Tower with Radar,75,18,43,13,149,0,6,37,8,51,75,24,80,21,200,74,32,106,306
03/20/2008,RFD,IL,AGL,CE,Combined TRACON& Tower with Radar,63,17,58,1,139,1,11,125,1,138,64,28,183,2,277,84,0,84,361
03/21/2008,RFD,IL,AGL,CE,Combined TRACON& Tower with Radar,52,20,20,0,92,0,0,0,0,0,52,20,20,0,92,0,0,0,92
03/22/2008,RFD,IL,AGL,CE,Combined TRACON& Tower with Radar,15,8,31,0,54,0,1,66,0,67,15,9,97,0,121,58,0,58,179
03/23/2008,RFD,IL,AGL,CE,Combined TRACON& Tower with Radar,10,2,6,0,18,0,2,15,0,17,10,4,21,0,35,12,0,12,47
03/24/2008,RFD,IL,AGL,CE,Combined TRACON& Tower with Radar,26,7,29,2,64,0,1,23,0,24,26,8,52,2,88,4,0,4,92
03/25/2008,RFD,IL,AGL,CE,Combined TRACON& Tower with Radar,62,10,33,0,105,0,9,23,0,32,62,19,56,0,137,6,0,6,143
03/26/2008,RFD,IL,AGL,CE,Combined TRACON& Tower with Radar,68,14,64,0,146,0,4,136,0,140,68,18,200,0,286,86,0,86,372
03/27/2008,RFD,IL,AGL,CE,Combined TRACON& Tower with Radar,66,14,20,0,100,0,0,4,0,4,66,14,24,0,104,2,0,2,106
03/28/2008,RFD,IL,AGL,CE,Combined TRACON& Tower with Radar,57,7,46,4,114,0,6,63,2,71,57,13,109,6,185,22,0,22,207
03/29/2008,RFD,IL,AGL,CE,Combined TRACON& Tower with Radar,13,12,48,0,73,0,4,70,0,74,13,16,118,0,147,50,0,50,197
03/30/2008,RFD,IL,AGL,CE,Combined TRACON& Tower with Radar,9,8,43,0,60,0,1,10,0,11,9,9,53,0,71,18,0,18,89
03/31/2008,RFD,IL,AGL,CE,Combined TRACON& Tower with Radar,28,14,17,1,60,0,4,2,0,6,28,18,19,1,66,0,0,0,66
04/01/2008,RFD,IL,AGL,CE,Combined TRACON& Tower with Radar,51,16,14,13,94,0,4,23,7,34,51,20,37,20,128,12,48,60,188
04/02/2008,RFD,IL,AGL,CE,Combined TRACON& Tower with Radar,67,13,45,15,140,0,3,85,11,99,67,16,130,26,239,40,28,68,307
04/03/2008,RFD,IL,AGL,CE,Combined TRACON& Tower with Radar,61,12,47,1,121,0,2,57,0,59,61,14,104,1,180,62,0,62,242
04/04/2008,RFD,IL,AGL,CE,Combined TRACON& Tower with Radar,62,11,77,0,150,0,0,58,0,58,62,11,135,0,208,27,0,27,235
04/05/2008,RFD,IL,AGL,CE,Combined TRACON& Tower with Radar,20,3,24,0,47,1,7,100,0,108,21,10,124,0,155,130,0,130,285
04/06/2008,RFD,IL,AGL,CE,Combined TRACON& Tower with Radar,8,10,19,0,37,0,4,44,0,48,8,14,63,0,85,20,0,20,105
04/07/2008,RFD,IL,AGL,CE,Combined TRACON& Tower with Radar,32,9,26,0,67,0,5,32,0,37,32,14,58,0,104,32,0,32,136
04/08/2008,RFD,IL,AGL,CE,Combined TRACON& Tower with Radar,64,11,28,0,103,0,2,19,0,21,64,13,47,0,124,2,0,2,126
04/09/2008,RFD,IL,AGL,CE,Combined TRACON& Tower with Radar,51,15,51,4,121,0,4,48,4,56,51,19,99,8,177,64,24,88,265
04/10/2008,RFD,IL,AGL,CE,Combined TRACON& Tower with Radar,61,15,13,0,89,0,2,4,0,6,61,17,17,0,95,0,0,0,95
04/11/2008,RFD,IL,AGL,CE,Combined TRACON& Tower with Radar,52,20,30,2,104,0,0,3,0,3,52,20,33,2,107,2,6,8,115
04/12/2008,RFD,IL,AGL,CE,Combined TRACON& Tower with Radar,12,10,13,1,36,0,0,6,0,6,12,10,19,1,42,0,0,0,42
04/13/2008,RFD,IL,AGL,CE,Combined TRACON& Tower with Radar,6,10,41,0,57,0,5,39,0,44,6,15,80,0,101,28,0,28,129
04/14/2008,RFD,IL,AGL,CE,Combined TRACON& Tower with Radar,37,10,47,0,94,12,2,97,0,111,49,12,144,0,205,86,28,114,319
04/15/2008,RFD,IL,AGL,CE,Combined TRACON& Tower with Radar,62,25,38,12,137,0,8,63,10,81,62,33,101,22,218,22,46,68,286
04/16/2008,RFD,IL,AGL,CE,Combined TRACON& Tower with Radar,63,13,15,9,100,0,0,16,5,21,63,13,31,14,121,0,20,20,141
04/17/2008,RFD,IL,AGL,CE,Combined TRACON& Tower with Radar,58,25,49,0,132,0,10,81,0,91,58,35,130,0,223,42,0,42,265
04/18/2008,RFD,IL,AGL,CE,Combined TRACON& Tower with Radar,62,13,73,0,148,0,0,20,0,20,62,13,93,0,168,35,0,35,203
04/19/2008,RFD,IL,AGL,CE,Combined TRACON& Tower with Radar,17,6,62,0,85,0,0,44,0,44,17,6,106,0,129,8,0,8,137
04/20/2008,RFD,IL,AGL,CE,Combined TRACON& Tower with Radar,67,7,50,0,124,0,2,74,0,76,67,9,124,0,200,110,0,110,310
04/21/2008,RFD,IL,AGL,CE,Combined TRACON& Tower with Radar,28,10,47,0,85,0,5,90,0,95,28,15,137,0,180,98,0,98,278
04/22/2008,RFD,IL,AGL,CE,Combined TRACON& Tower with Radar,58,14,40,0,112,0,5,40,0,45,58,19,80,0,157,24,0,24,181
04/23/2008,RFD,IL,AGL,CE,Combined TRACON& Tower with Radar,61,13,35,0,109,0,15,99,0,114,61,28,134,0,223,50,0,50,273
04/24/2008,RFD,IL,AGL,CE,Combined TRACON& Tower with Radar,60,10,42,0,112,0,4,22,0,26,60,14,64,0,138,24,0,24,162
04/25/2008,RFD,IL,AGL,CE,Combined TRACON& Tower with Radar,61,17,21,0,99,0,0,0,0,0,61,17,21,0,99,0,0,0,99
04/26/2008,RFD,IL,AGL,CE,Combined TRACON& Tower with Radar,10,9,11,1,31,0,6,10,0,16,10,15,21,1,47,0,0,0,47
04/27/2008,RFD,IL,AGL,CE,Combined TRACON& Tower with Radar,5,5,32,0,42,0,3,57,0,60,5,8,89,0,102,80,0,80,182
04/28/2008,RFD,IL,AGL,CE,Combined TRACON& Tower with Radar,26,5,29,1,61,0,2,13,0,15,26,7,42,1,76,4,0,4,80
04/29/2008,RFD,IL,AGL,CE,Combined TRACON& Tower with Radar,55,16,46,3,120,0,5,83,1,89,55,21,129,4,209,78,16,94,303
04/30/2008,RFD,IL,AGL,CE,Combined TRACON& Tower with Radar,60,10,82,6,158,0,3,145,3,151,60,13,227,9,309,98,34,132,441
05/01/2008,RFD,IL,AGL,CE,Combined TRACON& Tower with Radar,59,7,57,9,132,0,0,11,6,17,59,7,68,15,149,447,19,466,615
05/02/2008,RFD,IL,AGL,CE,Combined TRACON& Tower with Radar,53,12,15,7,87,0,0,5,3,8,53,12,20,10,95,6,2,8,103
05/03/2008,RFD,IL,AGL,CE,Combined TRACON& Tower with Radar,15,9,28,0,52,0,0,19,0,19,15,9,47,0,71,12,0,12,83
05/04/2008,RFD,IL,AGL,CE,Combined TRACON& Tower with Radar,8,9,55,1,73,0,0,208,0,208,8,9,263,1,281,62,0,62,343
05/05/2008,RFD,IL,AGL,CE,Combined TRACON& Tower with Radar,25,11,38,0,74,0,2,73,0,75,25,13,111,0,149,110,0,110,259
05/06/2008,RFD,IL,AGL,CE,Combined TRACON& Tower with Radar,57,22,39,6,124,0,7,62,4,73,57,29,101,10,197,46,36,82,279
05/07/2008,RFD,IL,AGL,CE,Combined TRACON& Tower with Radar,68,13,61,7,149,0,2,32,5,39,68,15,93,12,188,4,62,66,254
05/08/2008,RFD,IL,AGL,CE,Combined TRACON& Tower with Radar,58,11,26,5,100,0,5,59,4,68,58,16,85,9,168,50,14,64,232
05/09/2008,RFD,IL,AGL,CE,Combined TRACON& Tower with Radar,51,14,52,0,117,0,3,49,0,52,51,17,101,0,169,42,0,42,211
05/10/2008,RFD,IL,AGL,CE,Combined TRACON& Tower with Radar,15,13,46,0,74,0,2,93,0,95,15,15,139,0,169,78,0,78,247
05/11/2008,RFD,IL,AGL,CE,Combined TRACON& Tower with Radar,9,10,3,0,22,0,0,3,0,3,9,10,6,0,25,0,0,0,25
05/12/2008,RFD,IL,AGL,CE,Combined TRACON& Tower with Radar,30,15,35,0,80,0,3,90,0,93,30,18,125,0,173,40,0,40,213
05/13/2008,RFD,IL,AGL,CE,Combined TRACON& Tower with Radar,62,19,39,13,133,0,0,45,10,55,62,19,84,23,188,8,20,28,216
05/14/2008,RFD,IL,AGL,CE,Combined TRACON& Tower with Radar,66,10,100,1,177,0,2,86,0,88,66,12,186,1,265,78,4,82,347
05/15/2008,RFD,IL,AGL,CE,Combined TRACON& Tower with Radar,62,20,62,1,145,0,9,65,0,74,62,29,127,1,219,80,0,80,299
05/16/2008,RFD,IL,AGL,CE,Combined TRACON& Tower with Radar,49,6,78,0,133,0,1,140,0,141,49,7,218,0,274,128,0,128,402
05/17/2008,RFD,IL,AGL,CE,Combined TRACON& Tower with Radar,14,10,54,1,79,0,3,129,0,132,14,13,183,1,211,24,0,24,235
05/18/2008,RFD,IL,AGL,CE,Combined TRACON& Tower with Radar,8,6,24,0,38,0,1,89,0,90,8,7,113,0,128,20,0,20,148
05/19/2008,RFD,IL,AGL,CE,Combined TRACON& Tower with Radar,27,11,57,0,95,0,1,64,0,65,27,12,121,0,160,26,0,26,186
05/20/2008,RFD,IL,AGL,CE,Combined TRACON& Tower with Radar,58,14,52,0,124,0,0,47,0,47,58,14,99,0,171,10,0,10,181
05/21/2008,RFD,IL,AGL,CE,Combined TRACON& Tower with Radar,64,13,42,3,122,0,8,79,0,87,64,21,121,3,209,84,32,116,325
05/22/2008,RFD,IL,AGL,CE,Combined TRACON& Tower with Radar,57,13,41,0,111,0,5,75,0,80,57,18,116,0,191,30,0,30,221
05/23/2008,RFD,IL,AGL,CE,Combined TRACON& Tower with Radar,57,19,42,1,119,0,5,40,1,46,57,24,82,2,165,82,2,84,249
05/24/2008,RFD,IL,AGL,CE,Combined TRACON& Tower with Radar,14,10,33,1,58,0,1,71,0,72,14,11,104,1,130,18,0,18,148
05/25/2008,RFD,IL,AGL,CE,Combined TRACON& Tower with Radar,8,9,8,0,25,0,0,21,0,21,8,9,29,0,46,6,0,6,52
05/26/2008,RFD,IL,AGL,CE,Combined TRACON& Tower with Radar,12,9,18,0,39,0,0,7,0,7,12,9,25,0,46,0,0,0,46
05/27/2008,RFD,IL,AGL,CE,Combined TRACON& Tower with Radar,21,13,17,10,61,0,4,33,9,46,21,17,50,19,107,34,20,54,161
05/28/2008,RFD,IL,AGL,CE,Combined TRACON& Tower with Radar,51,14,61,0,126,0,2,85,0,87,51,16,146,0,213,40,0,40,253
05/29/2008,RFD,IL,AGL,CE,Combined TRACON& Tower with Radar,64,9,30,0,103,0,0,35,0,35,64,9,65,0,138,44,0,44,182
05/30/2008,RFD,IL,AGL,CE,Combined TRACON& Tower with Radar,59,12,13,0,84,0,0,15,0,15,59,12,28,0,99,11,0,11,110
05/31/2008,RFD,IL,AGL,CE,Combined TRACON& Tower with Radar,15,11,25,0,51,0,0,36,0,36,15,11,61,0,87,14,0,14,101
06/01/2008,RFD,IL,AGL,CE,Combined TRACON& Tower with Radar,4,8,26,1,39,0,2,53,0,55,4,10,79,1,94,42,0,42,136
06/02/2008,RFD,IL,AGL,CE,Combined TRACON& Tower with Radar,23,10,30,0,63,0,5,55,0,60,23,15,85,0,123,10,0,10,133
06/03/2008,RFD,IL,AGL,CE,Combined TRACON& Tower with Radar,61,22,21,5,109,0,8,10,5,23,61,30,31,10,132,12,24,36,168
06/04/2008,RFD,IL,AGL,CE,Combined TRACON& Tower with Radar,63,23,28,3,117,1,5,23,0,29,64,28,51,3,146,15,0,15,161
06/05/2008,RFD,IL,AGL,CE,Combined TRACON& Tower with Radar,61,15,11,14,101,0,4,29,10,43,61,19,40,24,144,6,28,34,178
06/06/2008,RFD,IL,AGL,CE,Combined TRACON& Tower with Radar,48,12,32,13,105,0,0,13,0,13,48,12,45,13,118,0,14,14,132
06/07/2008,RFD,IL,AGL,CE,Combined TRACON& Tower with Radar,18,3,15,1,37,0,0,8,0,8,18,3,23,1,45,0,0,0,45
06/08/2008,RFD,IL,AGL,CE,Combined TRACON& Tower with Radar,17,4,11,4,36,1,0,13,0,14,18,4,24,4,50,16,0,16,66
06/09/2008,RFD,IL,AGL,CE,Combined TRACON& Tower with Radar,26,6,31,18,81,0,0,16,0,16,26,6,47,18,97,0,0,0,97
06/10/2008,RFD,IL,AGL,CE,Combined TRACON& Tower with Radar,60,8,48,1,117,0,7,97,0,104,60,15,145,1,221,110,0,110,331
06/11/2008,RFD,IL,AGL,CE,Combined TRACON& Tower with Radar,58,22,42,0,122,0,13,71,0,84,58,35,113,0,206,44,0,44,250
06/12/2008,RFD,IL,AGL,CE,Combined TRACON& Tower with Radar,60,14,15,0,89,0,3,33,0,36,60,17,48,0,125,12,0,12,137
06/13/2008,RFD,IL,AGL,CE,Combined TRACON& Tower with Radar,50,11,36,1,98,0,0,27,1,28,50,11,63,2,126,32,0,32,158
06/14/2008,RFD,IL,AGL,CE,Combined TRACON& Tower with Radar,10,4,39,2,55,0,3,95,0,98,10,7,134,2,153,82,0,82,235
06/15/2008,RFD,IL,AGL,CE,Combined TRACON& Tower with Radar,10,3,29,0,42,0,0,29,0,29,10,3,58,0,71,28,0,28,99
06/16/2008,RFD,IL,AGL,CE,Combined TRACON& Tower with Radar,26,3,41,2,72,0,5,75,1,81,26,8,116,3,153,74,0,74,227
06/17/2008,RFD,IL,AGL,CE,Combined TRACON& Tower with Radar,55,11,37,8,111,0,1,70,6,77,55,12,107,14,188,89,20,109,297
06/18/2008,RFD,IL,AGL,CE,Combined TRACON& Tower with Radar,52,13,58,6,129,5,3,88,5,101,57,16,146,11,230,102,18,120,350
06/19/2008,RFD,IL,AGL,CE,Combined TRACON& Tower with Radar,62,12,48,0,122,0,7,111,0,118,62,19,159,0,240,80,0,80,320
06/20/2008,RFD,IL,AGL,CE,Combined TRACON& Tower with Radar,61,13,58,2,134,0,9,51,1,61,61,22,109,3,195,102,0,102,297
06/21/2008,RFD,IL,AGL,CE,Combined TRACON& Tower with Radar,11,10,36,7,64,0,1,64,0,65,11,11,100,7,129,42,0,42,171
06/22/2008,RFD,IL,AGL,CE,Combined TRACON& Tower with Radar,10,9,34,0,53,0,0,34,0,34,10,9,68,0,87,50,0,50,137
06/23/2008,RFD,IL,AGL,CE,Combined TRACON& Tower with Radar,29,3,52,0,84,0,2,57,0,59,29,5,109,0,143,32,0,32,175
06/24/2008,RFD,IL,AGL,CE,Combined TRACON& Tower with Radar,62,7,68,0,137,0,5,112,0,117,62,12,180,0,254,45,0,45,299
06/25/2008,RFD,IL,AGL,CE,Combined TRACON& Tower with Radar,82,5,56,0,143,1,0,34,0,35,83,5,90,0,178,60,0,60,238
06/26/2008,RFD,IL,AGL,CE,Combined TRACON& Tower with Radar,65,14,63,0,142,0,2,90,0,92,65,16,153,0,234,170,0,170,404
06/27/2008,RFD,IL,AGL,CE,Combined TRACON& Tower with Radar,56,24,39,0,119,0,10,24,0,34,56,34,63,0,153,33,0,33,186
06/28/2008,RFD,IL,AGL,CE,Combined TRACON& Tower with Radar,17,10,29,0,56,0,0,44,0,44,17,10,73,0,100,42,0,42,142
06/29/2008,RFD,IL,AGL,CE,Combined TRACON& Tower with Radar,9,8,24,0,41,0,3,30,0,33,9,11,54,0,74,8,0,8,82
06/30/2008,RFD,IL,AGL,CE,Combined TRACON& Tower with Radar,30,8,66,0,104,0,2,101,0,103,30,10,167,0,207,112,0,112,319
07/01/2008,RFD,IL,AGL,CE,Combined TRACON& Tower with Radar,57,10,74,0,141,0,0,64,0,64,57,10,138,0,205,72,10,82,287
07/02/2008,RFD,IL,AGL,CE,Combined TRACON& Tower with Radar,70,13,52,2,137,0,0,13,0,13,70,13,65,2,150,0,0,0,150
07/03/2008,RFD,IL,AGL,CE,Combined TRACON& Tower with Radar,57,13,46,5,121,0,0,52,0,52,57,13,98,5,173,66,0,66,239
07/04/2008,RFD,IL,AGL,CE,Combined TRACON& Tower with Radar,5,4,32,1,42,0,0,42,0,42,5,4,74,1,84,24,0,24,108
07/05/2008,RFD,IL,AGL,CE,Combined TRACON& Tower with Radar,4,3,45,0,52,0,1,27,0,28,4,4,72,0,80,14,0,14,94
07/06/2008,RFD,IL,AGL,CE,Combined TRACON& Tower with Radar,10,1,70,0,81,0,3,37,0,40,10,4,107,0,121,48,0,48,169
07/07/2008,RFD,IL,AGL,CE,Combined TRACON& Tower with Radar,17,4,57,0,78,0,1,20,0,21,17,5,77,0,99,14,0,14,113
07/08/2008,RFD,IL,AGL,CE,Combined TRACON& Tower with Radar,67,16,43,18,144,0,3,28,1,32,67,19,71,19,176,52,64,116,292
07/09/2008,RFD,IL,AGL,CE,Combined TRACON& Tower with Radar,73,12,102,0,187,0,5,63,1,69,73,17,165,1,256,78,2,80,336
07/10/2008,RFD,IL,AGL,CE,Combined TRACON& Tower with Radar,55,15,35,3,108,0,1,11,0,12,55,16,46,3,120,10,12,22,142
07/11/2008,RFD,IL,AGL,CE,Combined TRACON& Tower with Radar,52,11,69,2,134,0,3,28,0,31,52,14,97,2,165,16,0,16,181
07/12/2008,RFD,IL,AGL,CE,Combined TRACON& Tower with Radar,19,7,53,0,79,0,4,15,4,23,19,11,68,4,102,36,0,36,138
07/13/2008,RFD,IL,AGL,CE,Combined TRACON& Tower with Radar,7,5,58,1,71,0,0,38,0,38,7,5,96,1,109,24,0,24,133
07/14/2008,RFD,IL,AGL,CE,Combined TRACON& Tower with Radar,29,8,72,1,110,0,5,67,0,72,29,13,139,1,182,80,0,80,262
07/15/2008,RFD,IL,AGL,CE,Combined TRACON& Tower with Radar,56,8,64,3,131,0,0,53,0,53,56,8,117,3,184,94,4,98,282
07/16/2008,RFD,IL,AGL,CE,Combined TRACON& Tower with Radar,68,8,89,5,170,0,4,65,0,69,68,12,154,5,239,24,26,50,289
07/17/2008,RFD,IL,AGL,CE,Combined TRACON& Tower with Radar,58,8,69,5,140,0,3,69,0,72,58,11,138,5,212,78,0,78,290
07/18/2008,RFD,IL,AGL,CE,Combined TRACON& Tower with Radar,63,5,88,1,157,0,0,96,0,96,63,5,184,1,253,60,0,60,313
07/19/2008,RFD,IL,AGL,CE,Combined TRACON& Tower with Radar,14,3,46,0,63,0,0,5,0,5,14,3,51,0,68,12,0,12,80
07/20/2008,RFD,IL,AGL,CE,Combined TRACON& Tower with Radar,8,7,29,1,45,0,2,17,0,19,8,9,46,1,64,3,0,3,67
07/21/2008,RFD,IL,AGL,CE,Combined TRACON& Tower with Radar,26,12,50,0,88,0,1,31,0,32,26,13,81,0,120,14,0,14,134
07/22/2008,RFD,IL,AGL,CE,Combined TRACON& Tower with Radar,59,6,46,0,111,0,2,44,0,46,59,8,90,0,157,38,0,38,195
07/23/2008,RFD,IL,AGL,CE,Combined TRACON& Tower with Radar,66,6,75,0,147,0,0,73,0,73,66,6,148,0,220,48,0,48,268
07/24/2008,RFD,IL,AGL,CE,Combined TRACON& Tower with Radar,67,43,119,0,229,0,1,75,0,76,67,44,194,0,305,66,0,66,371
07/25/2008,RFD,IL,AGL,CE,Combined TRACON& Tower with Radar,51,9,77,0,137,0,2,64,0,66,51,11,141,0,203,54,0,54,257
07/26/2008,RFD,IL,AGL,CE,Combined TRACON& Tower with Radar,20,3,36,0,59,0,6,154,0,160,20,9,190,0,219,20,0,20,239
07/27/2008,RFD,IL,AGL,CE,Combined TRACON& Tower with Radar,10,3,29,2,44,0,0,46,0,46,10,3,75,2,90,12,0,12,102
07/28/2008,RFD,IL,AGL,CE,Combined TRACON& Tower with Radar,22,8,41,0,71,0,0,45,0,45,22,8,86,0,116,10,0,10,126
07/29/2008,RFD,IL,AGL,CE,Combined TRACON& Tower with Radar,53,9,27,3,92,0,1,37,2,40,53,10,64,5,132,18,14,32,164
07/30/2008,RFD,IL,AGL,CE,Combined TRACON& Tower with Radar,64,10,40,3,117,0,1,25,0,26,64,11,65,3,143,12,0,12,155
07/31/2008,RFD,IL,AGL,CE,Combined TRACON& Tower with Radar,62,7,50,0,119,0,4,32,2,38,62,11,82,2,157,0,0,0,157
08/01/2008,RFD,IL,AGL,CE,Combined TRACON& Tower with Radar,50,9,28,0,87,0,0,58,0,58,50,9,86,0,145,0,0,0,145
08/02/2008,RFD,IL,AGL,CE,Combined TRACON& Tower with Radar,18,2,16,1,37,0,0,56,0,56,18,2,72,1,93,34,0,34,127
08/03/2008,RFD,IL,AGL,CE,Combined TRACON& Tower with Radar,6,9,16,0,31,0,0,35,0,35,6,9,51,0,66,10,0,10,76
08/04/2008,RFD,IL,AGL,CE,Combined TRACON& Tower with Radar,26,2,36,0,64,0,2,9,0,11,26,4,45,0,75,4,0,4,79
08/05/2008,RFD,IL,AGL,CE,Combined TRACON& Tower with Radar,59,9,58,11,137,0,1,41,0,42,59,10,99,11,179,38,18,56,235
08/06/2008,RFD,IL,AGL,CE,Combined TRACON& Tower with Radar,65,2,50,7,124,0,1,48,0,49,65,3,98,7,173,8,0,8,181
08/07/2008,RFD,IL,AGL,CE,Combined TRACON& Tower with Radar,56,4,41,27,128,0,0,39,1,40,56,4,80,28,168,54,42,96,264
08/08/2008,RFD,IL,AGL,CE,Combined TRACON& Tower with Radar,49,11,62,0,122,0,0,58,0,58,49,11,120,0,180,48,2,50,230
08/09/2008,RFD,IL,AGL,CE,Combined TRACON& Tower with Radar,17,1,36,13,67,0,2,12,2,16,17,3,48,15,83,52,0,52,135
08/10/2008,RFD,IL,AGL,CE,Combined TRACON& Tower with Radar,7,10,69,3,89,0,1,47,0,48,7,11,116,3,137,24,0,24,161
08/11/2008,RFD,IL,AGL,CE,Combined TRACON& Tower with Radar,24,5,55,3,87,0,0,32,0,32,24,5,87,3,119,86,14,100,219
08/12/2008,RFD,IL,AGL,CE,Combined TRACON& Tower with Radar,56,11,60,1,128,0,0,32,0,32,56,11,92,1,160,44,0,44,204
08/13/2008,RFD,IL,AGL,CE,Combined TRACON& Tower with Radar,62,11,51,0,124,0,0,47,0,47,62,11,98,0,171,22,0,22,193
08/14/2008,RFD,IL,AGL,CE,Combined TRACON& Tower with Radar,55,21,29,0,105,0,0,33,0,33,55,21,62,0,138,56,0,56,194
08/15/2008,RFD,IL,AGL,CE,Combined TRACON& Tower with Radar,49,18,51,1,119,0,0,45,0,45,49,18,96,1,164,58,0,58,222
08/16/2008,RFD,IL,AGL,CE,Combined TRACON& Tower with Radar,11,1,104,0,116,0,1,48,0,49,11,2,152,0,165,71,0,71,236
08/17/2008,RFD,IL,AGL,CE,Combined TRACON& Tower with Radar,10,7,42,0,59,0,0,24,0,24,10,7,66,0,83,70,0,70,153
08/18/2008,RFD,IL,AGL,CE,Combined TRACON& Tower with Radar,19,26,52,0,97,0,1,25,0,26,19,27,77,0,123,50,0,50,173
08/19/2008,RFD,IL,AGL,CE,Combined TRACON& Tower with Radar,54,13,84,0,151,0,2,44,0,46,54,15,128,0,197,54,0,54,251
08/20/2008,RFD,IL,AGL,CE,Combined TRACON& Tower with Radar,50,15,50,0,115,0,1,36,0,37,50,16,86,0,152,14,0,14,166
08/21/2008,RFD,IL,AGL,CE,Combined TRACON& Tower with Radar,53,20,30,1,104,0,2,32,0,34,53,22,62,1,138,60,0,60,198
08/22/2008,RFD,IL,AGL,CE,Combined TRACON& Tower with Radar,42,7,34,1,84,0,2,11,1,14,42,9,45,2,98,16,6,22,120
08/23/2008,RFD,IL,AGL,CE,Combined TRACON& Tower with Radar,19,16,49,2,86,0,4,18,0,22,19,20,67,2,108,30,0,30,138
08/24/2008,RFD,IL,AGL,CE,Combined TRACON& Tower with Radar,5,6,66,5,82,0,2,46,1,49,5,8,112,6,131,26,0,26,157
08/25/2008,RFD,IL,AGL,CE,Combined TRACON& Tower with Radar,26,11,67,18,122,3,1,48,0,52,29,12,115,18,174,80,14,94,268
08/26/2008,RFD,IL,AGL,CE,Combined TRACON& Tower with Radar,55,10,44,0,109,0,1,58,0,59,55,11,102,0,168,62,4,66,234
08/27/2008,RFD,IL,AGL,CE,Combined TRACON& Tower with Radar,60,3,87,0,150,0,0,38,1,39,60,3,125,1,189,26,0,26,215
08/28/2008,RFD,IL,AGL,CE,Combined TRACON& Tower with Radar,47,11,62,21,141,0,3,24,1,28,47,14,86,22,169,16,18,34,203
08/29/2008,RFD,IL,AGL,CE,Combined TRACON& Tower with Radar,48,9,97,0,154,0,1,97,1,99,48,10,194,1,253,44,0,44,297
08/30/2008,RFD,IL,AGL,CE,Combined TRACON& Tower with Radar,13,2,35,0,50,0,2,37,1,40,13,4,72,1,90,24,26,50,140
08/31/2008,RFD,IL,AGL,CE,Combined TRACON& Tower with Radar,15,3,15,0,33,0,1,38,0,39,15,4,53,0,72,10,0,10,82
09/01/2008,RFD,IL,AGL,CE,Combined TRACON& Tower with Radar,3,3,33,0,39,0,1,36,0,37,3,4,69,0,76,50,0,50,126
09/02/2008,RFD,IL,AGL,CE,Combined TRACON& Tower with Radar,26,9,64,11,110,0,2,62,1,65,26,11,126,12,175,36,20,56,231
09/03/2008,RFD,IL,AGL,CE,Combined TRACON& Tower with Radar,62,9,90,2,163,0,3,24,4,31,62,12,114,6,194,22,4,26,220
09/04/2008,RFD,IL,AGL,CE,Combined TRACON& Tower with Radar,58,7,36,0,101,0,0,0,0,0,58,7,36,0,101,1,0,1,102
09/05/2008,RFD,IL,AGL,CE,Combined TRACON& Tower with Radar,40,7,57,0,104,0,0,32,3,35,40,7,89,3,139,20,0,20,159
09/06/2008,RFD,IL,AGL,CE,Combined TRACON& Tower with Radar,16,0,43,0,59,0,0,45,0,45,16,0,88,0,104,32,0,32,136
09/07/2008,RFD,IL,AGL,CE,Combined TRACON& Tower with Radar,3,7,23,0,33,2,9,42,2,55,5,16,65,2,88,58,2,60,148
09/08/2008,RFD,IL,AGL,CE,Combined TRACON& Tower with Radar,22,3,61,2,88,0,0,14,0,14,22,3,75,2,102,0,0,0,102
09/09/2008,RFD,IL,AGL,CE,Combined TRACON& Tower with Radar,54,21,64,9,148,0,0,79,0,79,54,21,143,9,227,50,12,62,289
09/10/2008,RFD,IL,AGL,CE,Combined TRACON& Tower with Radar,55,24,86,8,173,0,3,61,0,64,55,27,147,8,237,44,22,66,303
09/11/2008,RFD,IL,AGL,CE,Combined TRACON& Tower with Radar,50,13,69,9,141,0,0,33,0,33,50,13,102,9,174,46,16,62,236
09/12/2008,RFD,IL,AGL,CE,Combined TRACON& Tower with Radar,49,8,51,1,109,0,1,0,0,1,49,9,51,1,110,8,0,8,118
09/13/2008,RFD,IL,AGL,CE,Combined TRACON& Tower with Radar,19,8,30,1,58,0,1,0,0,1,19,9,30,1,59,16,0,16,75
09/14/2008,RFD,IL,AGL,CE,Combined TRACON& Tower with Radar,4,7,23,0,34,0,2,1,0,3,4,9,24,0,37,2,0,2,39
09/15/2008,RFD,IL,AGL,CE,Combined TRACON& Tower with Radar,25,3,49,0,77,0,0,21,0,21,25,3,70,0,98,18,0,18,116
09/16/2008,RFD,IL,AGL,CE,Combined TRACON& Tower with Radar,57,3,52,0,112,0,2,42,0,44,57,5,94,0,156,28,0,28,184
09/17/2008,RFD,IL,AGL,CE,Combined TRACON& Tower with Radar,67,3,93,7,170,0,1,38,0,39,67,4,131,7,209,82,6,88,297
09/18/2008,RFD,IL,AGL,CE,Combined TRACON& Tower with Radar,54,22,62,2,140,0,2,68,0,70,54,24,130,2,210,36,0,36,246
09/19/2008,RFD,IL,AGL,CE,Combined TRACON& Tower with Radar,44,6,73,0,123,0,0,65,0,65,44,6,138,0,188,76,0,76,264
09/20/2008,RFD,IL,AGL,CE,Combined TRACON& Tower with Radar,14,0,46,0,60,0,2,45,0,47,14,2,91,0,107,22,0,22,129
09/21/2008,RFD,IL,AGL,CE,Combined TRACON& Tower with Radar,3,12,67,0,82,0,0,31,0,31,3,12,98,0,113,40,0,40,153
09/22/2008,RFD,IL,AGL,CE,Combined TRACON& Tower with Radar,19,28,55,0,102,0,0,35,0,35,19,28,90,0,137,24,0,24,161
09/23/2008,RFD,IL,AGL,CE,Combined TRACON& Tower with Radar,59,5,32,11,107,0,4,33,0,37,59,9,65,11,144,38,36,74,218
09/24/2008,RFD,IL,AGL,CE,Combined TRACON& Tower with Radar,58,28,48,10,144,0,2,27,0,29,58,30,75,10,173,36,24,60,233
09/25/2008,RFD,IL,AGL,CE,Combined TRACON& Tower with Radar,54,6,45,1,106,0,1,34,0,35,54,7,79,1,141,16,0,16,157
09/26/2008,RFD,IL,AGL,CE,Combined TRACON& Tower with Radar,41,8,33,2,84,0,0,36,3,39,41,8,69,5,123,6,0,6,129
09/27/2008,RFD,IL,AGL,CE,Combined TRACON& Tower with Radar,10,7,43,2,62,0,1,40,0,41,10,8,83,2,103,2,0,2,105
09/28/2008,RFD,IL,AGL,CE,Combined TRACON& Tower with Radar,3,1,55,2,61,0,1,16,0,17,3,2,71,2,78,36,0,36,114
09/29/2008,RFD,IL,AGL,CE,Combined TRACON& Tower with Radar,22,2,50,0,74,0,0,3,0,3,22,2,53,0,77,14,0,14,91
09/30/2008,RFD,IL,AGL,CE,Combined TRACON& Tower with Radar,61,3,31,0,95,0,0,37,0,37,61,3,68,0,132,0,0,0,132
10/01/2008,RFD,IL,AGL,CE,Combined TRACON& Tower with Radar,52,7,72,1,132,0,0,53,0,53,52,7,125,1,185,6,0,6,191
10/02/2008,RFD,IL,AGL,CE,Combined TRACON& Tower with Radar,52,12,46,0,110,0,1,44,0,45,52,13,90,0,155,62,0,62,217
10/03/2008,RFD,IL,AGL,CE,Combined TRACON& Tower with Radar,52,15,63,5,135,0,0,67,2,69,52,15,130,7,204,44,14,58,262
10/04/2008,RFD,IL,AGL,CE,Combined TRACON& Tower with Radar,11,0,36,13,60,0,2,52,1,55,11,2,88,14,115,20,74,94,209
10/05/2008,RFD,IL,AGL,CE,Combined TRACON& Tower with Radar,6,3,53,0,62,0,1,33,0,34,6,4,86,0,96,28,0,28,124
10/06/2008,RFD,IL,AGL,CE,Combined TRACON& Tower with Radar,24,1,53,0,78,0,1,51,0,52,24,2,104,0,130,14,0,14,144
10/07/2008,RFD,IL,AGL,CE,Combined TRACON& Tower with Radar,52,2,44,0,98,0,0,12,0,12,52,2,56,0,110,4,0,4,114
10/08/2008,RFD,IL,AGL,CE,Combined TRACON& Tower with Radar,58,6,80,20,164,0,0,54,1,55,58,6,134,21,219,74,42,116,335
10/09/2008,RFD,IL,AGL,CE,Combined TRACON& Tower with Radar,57,30,47,14,148,0,1,60,0,61,57,31,107,14,209,24,22,46,255
10/10/2008,RFD,IL,AGL,CE,Combined TRACON& Tower with Radar,47,4,52,0,103,0,0,57,0,57,47,4,109,0,160,76,0,76,236
10/11/2008,RFD,IL,AGL,CE,Combined TRACON& Tower with Radar,13,5,57,0,75,0,0,46,0,46,13,5,103,0,121,12,0,12,133
10/12/2008,RFD,IL,AGL,CE,Combined TRACON& Tower with Radar,11,0,49,0,60,0,10,16,0,26,11,10,65,0,86,60,0,60,146
10/13/2008,RFD,IL,AGL,CE,Combined TRACON& Tower with Radar,22,4,49,0,75,0,1,42,0,43,22,5,91,0,118,60,0,60,178
10/14/2008,RFD,IL,AGL,CE,Combined TRACON& Tower with Radar,56,4,50,0,110,0,0,42,0,42,56,4,92,0,152,36,0,36,188
10/15/2008,RFD,IL,AGL,CE,Combined TRACON& Tower with Radar,52,7,124,0,183,0,0,4,0,4,52,7,128,0,187,2,0,2,189
10/16/2008,RFD,IL,AGL,CE,Combined TRACON& Tower with Radar,50,8,45,0,103,0,1,49,0,50,50,9,94,0,153,20,0,20,173
10/17/2008,RFD,IL,AGL,CE,Combined TRACON& Tower with Radar,43,14,84,1,142,0,2,45,0,47,43,16,129,1,189,26,0,26,215
10/18/2008,RFD,IL,AGL,CE,Combined TRACON& Tower with Radar,8,3,36,0,47,0,0,28,0,28,8,3,64,0,75,32,0,32,107
10/19/2008,RFD,IL,AGL,CE,Combined TRACON& Tower with Radar,6,2,27,0,35,0,0,24,0,24,6,2,51,0,59,32,0,32,91
10/20/2008,RFD,IL,AGL,CE,Combined TRACON& Tower with Radar,20,2,48,0,70,0,0,25,0,25,20,2,73,0,95,34,0,34,129
10/21/2008,RFD,IL,AGL,CE,Combined TRACON& Tower with Radar,58,7,42,0,107,0,1,69,0,70,58,8,111,0,177,38,0,38,215
10/22/2008,RFD,IL,AGL,CE,Combined TRACON& Tower with Radar,47,7,55,0,109,0,0,42,0,42,47,7,97,0,151,26,0,26,177
10/23/2008,RFD,IL,AGL,CE,Combined TRACON& Tower with Radar,55,8,50,6,119,0,0,16,0,16,55,8,66,6,135,26,2,28,163
10/24/2008,RFD,IL,AGL,CE,Combined TRACON& Tower with Radar,39,9,97,10,155,0,0,7,0,7,39,9,104,10,162,4,74,78,240
10/25/2008,RFD,IL,AGL,CE,Combined TRACON& Tower with Radar,9,7,31,0,47,0,0,16,0,16,9,7,47,0,63,22,0,22,85
10/26/2008,RFD,IL,AGL,CE,Combined TRACON& Tower with Radar,8,3,14,0,25,0,0,0,0,0,8,3,14,0,25,0,0,0,25
10/27/2008,RFD,IL,AGL,CE,Combined TRACON& Tower with Radar,20,20,58,0,98,0,2,22,0,24,20,22,80,0,122,16,0,16,138
10/28/2008,RFD,IL,AGL,CE,Combined TRACON& Tower with Radar,53,4,46,0,103,0,0,43,0,43,53,4,89,0,146,38,0,38,184
10/29/2008,RFD,IL,AGL,CE,Combined TRACON& Tower with Radar,58,5,69,0,132,0,2,66,0,68,58,7,135,0,200,42,0,42,242
10/30/2008,RFD,IL,AGL,CE,Combined TRACON& Tower with Radar,53,9,68,0,130,0,1,50,0,51,53,10,118,0,181,46,0,46,227
10/31/2008,RFD,IL,AGL,CE,Combined TRACON& Tower with Radar,44,4,42,0,90,0,1,70,0,71,44,5,112,0,161,58,0,58,219
11/01/2008,RFD,IL,AGL,CE,Combined TRACON& Tower with Radar,9,7,31,1,48,0,0,43,0,43,9,7,74,1,91,78,0,78,169
11/02/2008,RFD,IL,AGL,CE,Combined TRACON& Tower with Radar,11,1,43,0,55,0,1,27,0,28,11,2,70,0,83,50,0,50,133
11/03/2008,RFD,IL,AGL,CE,Combined TRACON& Tower with Radar,21,17,49,0,87,0,7,43,0,50,21,24,92,0,137,98,0,98,235
11/04/2008,RFD,IL,AGL,CE,Combined TRACON& Tower with Radar,50,4,53,0,107,0,4,49,0,53,50,8,102,0,160,30,0,30,190
11/05/2008,RFD,IL,AGL,CE,Combined TRACON& Tower with Radar,60,3,80,14,157,0,2,32,0,34,60,5,112,14,191,66,8,74,265
11/06/2008,RFD,IL,AGL,CE,Combined TRACON& Tower with Radar,49,2,23,0,74,0,0,8,0,8,49,2,31,0,82,0,0,0,82
11/07/2008,RFD,IL,AGL,CE,Combined TRACON& Tower with Radar,48,5,27,21,101,0,1,6,0,7,48,6,33,21,108,0,0,0,108
11/08/2008,RFD,IL,AGL,CE,Combined TRACON& Tower with Radar,8,1,1,0,10,0,0,0,0,0,8,1,1,0,10,0,0,0,10
11/09/2008,RFD,IL,AGL,CE,Combined TRACON& Tower with Radar,5,2,16,0,23,0,1,15,0,16,5,3,31,0,39,0,0,0,39
11/10/2008,RFD,IL,AGL,CE,Combined TRACON& Tower with Radar,22,9,58,0,89,0,0,38,0,38,22,9,96,0,127,44,0,44,171
11/11/2008,RFD,IL,AGL,CE,Combined TRACON& Tower with Radar,52,2,46,0,100,0,0,4,0,4,52,2,50,0,104,12,0,12,116
11/12/2008,RFD,IL,AGL,CE,Combined TRACON& Tower with Radar,59,1,105,0,165,0,0,2,0,2,59,1,107,0,167,30,0,30,197
11/13/2008,RFD,IL,AGL,CE,Combined TRACON& Tower with Radar,48,5,73,11,137,0,0,14,0,14,48,5,87,11,151,66,0,66,217
11/14/2008,RFD,IL,AGL,CE,Combined TRACON& Tower with Radar,45,9,57,8,119,0,0,15,0,15,45,9,72,8,134,30,6,36,170
11/15/2008,RFD,IL,AGL,CE,Combined TRACON& Tower with Radar,9,6,8,0,23,0,1,3,0,4,9,7,11,0,27,6,0,6,33
11/16/2008,RFD,IL,AGL,CE,Combined TRACON& Tower with Radar,7,3,36,0,46,0,1,14,0,15,7,4,50,0,61,10,0,10,71
11/17/2008,RFD,IL,AGL,CE,Combined TRACON& Tower with Radar,22,8,68,0,98,0,0,12,0,12,22,8,80,0,110,12,0,12,122
11/18/2008,RFD,IL,AGL,CE,Combined TRACON& Tower with Radar,55,10,82,4,151,0,0,62,2,64,55,10,144,6,215,40,24,64,279
11/19/2008,RFD,IL,AGL,CE,Combined TRACON& Tower with Radar,61,23,42,0,126,0,3,20,0,23,61,26,62,0,149,72,0,72,221
11/20/2008,RFD,IL,AGL,CE,Combined TRACON& Tower with Radar,60,16,37,0,113,0,2,23,0,25,60,18,60,0,138,34,0,34,172
11/21/2008,RFD,IL,AGL,CE,Combined TRACON& Tower with Radar,43,9,45,20,117,0,1,37,0,38,43,10,82,20,155,56,6,62,217
11/22/2008,RFD,IL,AGL,CE,Combined TRACON& Tower with Radar,16,0,47,0,63,0,0,52,0,52,16,0,99,0,115,74,0,74,189
11/23/2008,RFD,IL,AGL,CE,Combined TRACON& Tower with Radar,4,5,66,0,75,0,0,28,0,28,4,5,94,0,103,31,0,31,134
11/24/2008,RFD,IL,AGL,CE,Combined TRACON& Tower with Radar,28,4,25,0,57,0,0,12,0,12,28,4,37,0,69,8,0,8,77
11/25/2008,RFD,IL,AGL,CE,Combined TRACON& Tower with Radar,62,16,62,0,140,0,2,40,0,42,62,18,102,0,182,65,0,65,247
11/26/2008,RFD,IL,AGL,CE,Combined TRACON& Tower with Radar,63,4,45,1,113,0,0,53,0,53,63,4,98,1,166,36,0,36,202
11/27/2008,RFD,IL,AGL,CE,Combined TRACON& Tower with Radar,21,0,6,0,27,0,0,11,0,11,21,0,17,0,38,54,0,54,92
11/28/2008,RFD,IL,AGL,CE,Combined TRACON& Tower with Radar,4,2,41,1,48,0,1,50,0,51,4,3,91,1,99,52,0,52,151
11/29/2008,RFD,IL,AGL,CE,Combined TRACON& Tower with Radar,5,0,47,0,52,0,0,42,0,42,5,0,89,0,94,0,0,0,94
11/30/2008,RFD,IL,AGL,CE,Combined TRACON& Tower with Radar,5,5,9,0,19,0,0,0,0,0,5,5,9,0,19,0,0,0,19
12/01/2008,RFD,IL,AGL,CE,Combined TRACON& Tower with Radar,24,4,21,0,49,0,0,3,0,3,24,4,24,0,52,0,0,0,52
12/02/2008,RFD,IL,AGL,CE,Combined TRACON& Tower with Radar,73,14,21,0,108,0,0,22,0,22,73,14,43,0,130,12,0,12,142
12/03/2008,RFD,IL,AGL,CE,Combined TRACON& Tower with Radar,63,0,10,0,73,0,0,3,0,3,63,0,13,0,76,12,0,12,88
12/04/2008,RFD,IL,AGL,CE,Combined TRACON& Tower with Radar,73,2,51,0,126,0,0,15,0,15,73,2,66,0,141,18,0,18,159
12/05/2008,RFD,IL,AGL,CE,Combined TRACON& Tower with Radar,59,2,70,0,131,0,0,28,0,28,59,2,98,0,159,6,0,6,165
12/06/2008,RFD,IL,AGL,CE,Combined TRACON& Tower with Radar,10,3,9,0,22,0,0,0,0,0,10,3,9,0,22,0,0,0,22
12/07/2008,RFD,IL,AGL,CE,Combined TRACON& Tower with Radar,9,2,50,0,61,0,0,9,0,9,9,2,59,0,70,16,0,16,86
12/08/2008,RFD,IL,AGL,CE,Combined TRACON& Tower with Radar,23,3,45,0,71,0,3,6,0,9,23,6,51,0,80,2,0,2,82
12/09/2008,RFD,IL,AGL,CE,Combined TRACON& Tower with Radar,73,16,4,2,95,0,0,0,0,0,73,16,4,2,95,0,0,0,95
12/10/2008,RFD,IL,AGL,CE,Combined TRACON& Tower with Radar,69,25,39,0,133,0,1,30,0,31,69,26,69,0,164,4,0,4,168
12/11/2008,RFD,IL,AGL,CE,Combined TRACON& Tower with Radar,61,18,34,5,118,0,2,35,1,38,61,20,69,6,156,52,22,74,230
12/12/2008,RFD,IL,AGL,CE,Combined TRACON& Tower with Radar,53,12,48,2,115,0,0,51,0,51,53,12,99,2,166,44,0,44,210
12/13/2008,RFD,IL,AGL,CE,Combined TRACON& Tower with Radar,13,3,22,0,38,0,0,11,0,11,13,3,33,0,49,6,0,6,55
12/14/2008,RFD,IL,AGL,CE,Combined TRACON& Tower with Radar,5,2,13,0,20,0,0,1,0,1,5,2,14,0,21,0,0,0,21
12/15/2008,RFD,IL,AGL,CE,Combined TRACON& Tower with Radar,34,6,21,9,70,0,0,7,0,7,34,6,28,9,77,2,10,12,89
12/16/2008,RFD,IL,AGL,CE,Combined TRACON& Tower with Radar,82,13,24,16,135,0,0,16,0,16,82,13,40,16,151,0,12,12,163
12/17/2008,RFD,IL,AGL,CE,Combined TRACON& Tower with Radar,94,12,50,0,156,0,1,23,0,24,94,13,73,0,180,24,0,24,204
12/18/2008,RFD,IL,AGL,CE,Combined TRACON& Tower with Radar,90,26,35,0,151,0,1,23,0,24,90,27,58,0,175,28,0,28,203
12/19/2008,RFD,IL,AGL,CE,Combined TRACON& Tower with Radar,50,10,9,0,69,0,0,1,0,1,50,10,10,0,70,0,0,0,70
12/20/2008,RFD,IL,AGL,CE,Combined TRACON& Tower with Radar,17,4,8,0,29,0,3,1,0,4,17,7,9,0,33,0,0,0,33
12/21/2008,RFD,IL,AGL,CE,Combined TRACON& Tower with Radar,11,2,9,0,22,0,0,0,0,0,11,2,9,0,22,0,0,0,22
12/22/2008,RFD,IL,AGL,CE,Combined TRACON& Tower with Radar,29,21,59,0,109,0,0,16,0,16,29,21,75,0,125,24,0,24,149
12/23/2008,RFD,IL,AGL,CE,Combined TRACON& Tower with Radar,90,6,14,0,110,0,0,0,0,0,90,6,14,0,110,0,0,0,110
12/24/2008,RFD,IL,AGL,CE,Combined TRACON& Tower with Radar,70,4,9,0,83,0,0,0,0,0,70,4,9,0,83,2,0,2,85
12/25/2008,RFD,IL,AGL,CE,Combined TRACON& Tower with Radar,5,1,6,0,12,0,0,2,0,2,5,1,8,0,14,4,0,4,18
12/26/2008,RFD,IL,AGL,CE,Combined TRACON& Tower with Radar,15,1,3,0,19,0,0,0,0,0,15,1,3,0,19,0,0,0,19
12/27/2008,RFD,IL,AGL,CE,Combined TRACON& Tower with Radar,13,0,0,0,13,0,0,0,0,0,13,0,0,0,13,0,0,0,13
12/28/2008,RFD,IL,AGL,CE,Combined TRACON& Tower with Radar,9,2,26,0,37,0,0,25,0,25,9,2,51,0,62,40,0,40,102
12/29/2008,RFD,IL,AGL,CE,Combined TRACON& Tower with Radar,23,1,49,2,75,0,0,41,0,41,23,1,90,2,116,26,0,26,142
12/30/2008,RFD,IL,AGL,CE,Combined TRACON& Tower with Radar,56,7,35,0,98,0,0,26,0,26,56,7,61,0,124,6,0,6,130
12/31/2008,RFD,IL,AGL,CE,Combined TRACON& Tower with Radar,39,24,45,0,108,0,4,41,0,45,39,28,86,0,153,44,0,44,197
01/01/2009,RFD,IL,AGL,CE,Combined TRACON& Tower with Radar,9,0,14,0,23,0,0,6,0,6,9,0,20,0,29,10,0,10,39
01/02/2009,RFD,IL,AGL,CE,Combined TRACON& Tower with Radar,11,3,35,0,49,0,0,32,0,32,11,3,67,0,81,28,0,28,109
01/03/2009,RFD,IL,AGL,CE,Combined TRACON& Tower with Radar,14,0,33,0,47,0,0,25,0,25,14,0,58,0,72,20,0,20,92
01/04/2009,RFD,IL,AGL,CE,Combined TRACON& Tower with Radar,9,2,12,0,23,0,0,4,0,4,9,2,16,0,27,0,0,0,27
01/05/2009,RFD,IL,AGL,CE,Combined TRACON& Tower with Radar,26,4,49,0,79,0,1,37,0,38,26,5,86,0,117,24,0,24,141
01/06/2009,RFD,IL,AGL,CE,Combined TRACON& Tower with Radar,54,6,37,0,97,0,3,9,0,12,54,9,46,0,109,22,6,28,137
01/07/2009,RFD,IL,AGL,CE,Combined TRACON& Tower with Radar,56,1,37,1,95,0,0,1,0,1,56,1,38,1,96,2,0,2,98
01/08/2009,RFD,IL,AGL,CE,Combined TRACON& Tower with Radar,54,12,29,5,100,0,8,60,0,68,54,20,89,5,168,68,0,68,236
01/09/2009,RFD,IL,AGL,CE,Combined TRACON& Tower with Radar,45,2,8,1,56,0,0,3,0,3,45,2,11,1,59,0,0,0,59
01/10/2009,RFD,IL,AGL,CE,Combined TRACON& Tower with Radar,19,0,9,0,28,0,0,2,0,2,19,0,11,0,30,0,0,0,30
01/11/2009,RFD,IL,AGL,CE,Combined TRACON& Tower with Radar,7,1,10,0,18,0,0,3,0,3,7,1,13,0,21,14,0,14,35
01/12/2009,RFD,IL,AGL,CE,Combined TRACON& Tower with Radar,22,2,8,0,32,0,0,1,0,1,22,2,9,0,33,0,0,0,33
01/13/2009,RFD,IL,AGL,CE,Combined TRACON& Tower with Radar,53,2,22,0,77,0,0,12,0,12,53,2,34,0,89,8,0,8,97
01/14/2009,RFD,IL,AGL,CE,Combined TRACON& Tower with Radar,57,4,10,0,71,0,0,2,0,2,57,4,12,0,73,0,0,0,73
01/15/2009,RFD,IL,AGL,CE,Combined TRACON& Tower with Radar,61,1,10,0,72,0,0,7,0,7,61,1,17,0,79,6,0,6,85
01/16/2009,RFD,IL,AGL,CE,Combined TRACON& Tower with Radar,44,8,19,0,71,0,0,3,0,3,44,8,22,0,74,12,0,12,86
01/17/2009,RFD,IL,AGL,CE,Combined TRACON& Tower with Radar,18,2,4,0,24,0,0,1,0,1,18,2,5,0,25,0,0,0,25
01/18/2009,RFD,IL,AGL,CE,Combined TRACON& Tower with Radar,0,1,30,0,31,0,0,14,0,14,0,1,44,0,45,12,0,12,57
01/19/2009,RFD,IL,AGL,CE,Combined TRACON& Tower with Radar,19,5,35,0,59,0,1,33,0,34,19,6,68,0,93,38,0,38,131
01/20/2009,RFD,IL,AGL,CE,Combined TRACON& Tower with Radar,55,6,21,0,82,0,0,33,0,33,55,6,54,0,115,36,0,36,151
01/21/2009,RFD,IL,AGL,CE,Combined TRACON& Tower with Radar,54,3,45,0,102,0,0,42,0,42,54,3,87,0,144,4,0,4,148
01/22/2009,RFD,IL,AGL,CE,Combined TRACON& Tower with Radar,54,3,85,0,142,0,1,42,0,43,54,4,127,0,185,16,0,16,201
01/23/2009,RFD,IL,AGL,CE,Combined TRACON& Tower with Radar,48,22,61,13,144,0,0,18,0,18,48,22,79,13,162,18,0,18,180
01/24/2009,RFD,IL,AGL,CE,Combined TRACON& Tower with Radar,10,5,42,1,58,0,1,23,0,24,10,6,65,1,82,30,0,30,112
01/25/2009,RFD,IL,AGL,CE,Combined TRACON& Tower with Radar,6,2,7,0,15,0,0,18,0,18,6,2,25,0,33,24,0,24,57
01/26/2009,RFD,IL,AGL,CE,Combined TRACON& Tower with Radar,25,4,25,0,54,0,0,20,1,21,25,4,45,1,75,0,0,0,75
01/27/2009,RFD,IL,AGL,CE,Combined TRACON& Tower with Radar,54,4,19,0,77,0,0,17,0,17,54,4,36,0,94,22,0,22,116
01/28/2009,RFD,IL,AGL,CE,Combined TRACON& Tower with Radar,54,7,54,0,115,0,1,37,0,38,54,8,91,0,153,78,0,78,231
01/29/2009,RFD,IL,AGL,CE,Combined TRACON& Tower with Radar,56,5,16,0,77,0,0,8,0,8,56,5,24,0,85,0,0,0,85
01/30/2009,RFD,IL,AGL,CE,Combined TRACON& Tower with Radar,46,5,63,0,114,0,2,59,0,61,46,7,122,0,175,94,0,94,269
01/31/2009,RFD,IL,AGL,CE,Combined TRACON& Tower with Radar,13,1,53,3,70,0,1,27,0,28,13,2,80,3,98,96,12,108,206
02/01/2009,RFD,IL,AGL,CE,Combined TRACON& Tower with Radar,7,0,58,0,65,0,0,34,0,34,7,0,92,0,99,32,0,32,131
02/02/2009,RFD,IL,AGL,CE,Combined TRACON& Tower with Radar,25,4,50,7,86,0,0,28,1,29,25,4,78,8,115,28,10,38,153
02/03/2009,RFD,IL,AGL,CE,Combined TRACON& Tower with Radar,52,9,16,0,77,0,0,7,0,7,52,9,23,0,84,16,0,16,100
02/04/2009,RFD,IL,AGL,CE,Combined TRACON& Tower with Radar,56,3,43,0,102,0,0,16,0,16,56,3,59,0,118,8,0,8,126
02/05/2009,RFD,IL,AGL,CE,Combined TRACON& Tower with Radar,50,6,28,1,85,0,0,37,0,37,50,6,65,1,122,44,0,44,166
02/06/2009,RFD,IL,AGL,CE,Combined TRACON& Tower with Radar,47,11,55,0,113,0,0,50,0,50,47,11,105,0,163,42,0,42,205
02/07/2009,RFD,IL,AGL,CE,Combined TRACON& Tower with Radar,16,5,45,0,66,0,3,31,0,34,16,8,76,0,100,36,0,36,136
02/08/2009,RFD,IL,AGL,CE,Combined TRACON& Tower with Radar,7,1,39,0,47,0,0,21,0,21,7,1,60,0,68,22,0,22,90
02/09/2009,RFD,IL,AGL,CE,Combined TRACON& Tower with Radar,27,0,43,0,70,0,0,8,0,8,27,0,51,0,78,2,0,2,80
02/10/2009,RFD,IL,AGL,CE,Combined TRACON& Tower with Radar,46,2,18,3,69,0,1,34,0,35,46,3,52,3,104,40,2,42,146
02/11/2009,RFD,IL,AGL,CE,Combined TRACON& Tower with Radar,54,5,17,0,76,0,0,0,0,0,54,5,17,0,76,0,0,0,76
02/12/2009,RFD,IL,AGL,CE,Combined TRACON& Tower with Radar,50,11,36,0,97,0,4,34,0,38,50,15,70,0,135,54,0,54,189
02/13/2009,RFD,IL,AGL,CE,Combined TRACON& Tower with Radar,42,3,63,0,108,0,1,25,0,26,42,4,88,0,134,2,22,24,158
02/14/2009,RFD,IL,AGL,CE,Combined TRACON& Tower with Radar,16,0,27,1,44,0,0,20,0,20,16,0,47,1,64,14,0,14,78
02/15/2009,RFD,IL,AGL,CE,Combined TRACON& Tower with Radar,7,4,43,0,54,0,0,28,0,28,7,4,71,0,82,38,0,38,120
02/16/2009,RFD,IL,AGL,CE,Combined TRACON& Tower with Radar,20,8,58,0,86,0,1,54,0,55,20,9,112,0,141,32,0,32,173
02/17/2009,RFD,IL,AGL,CE,Combined TRACON& Tower with Radar,53,4,63,18,138,0,0,27,1,28,53,4,90,19,166,54,16,70,236
02/18/2009,RFD,IL,AGL,CE,Combined TRACON& Tower with Radar,50,2,9,0,61,0,0,0,0,0,50,2,9,0,61,0,0,0,61
02/19/2009,RFD,IL,AGL,CE,Combined TRACON& Tower with Radar,51,24,59,2,136,0,0,24,0,24,51,24,83,2,160,22,0,22,182
02/20/2009,RFD,IL,AGL,CE,Combined TRACON& Tower with Radar,47,3,87,2,139,0,0,35,0,35,47,3,122,2,174,28,0,28,202
02/21/2009,RFD,IL,AGL,CE,Combined TRACON& Tower with Radar,21,0,8,0,29,0,0,0,0,0,21,0,8,0,29,0,0,0,29
02/22/2009,RFD,IL,AGL,CE,Combined TRACON& Tower with Radar,6,4,55,0,65,0,0,23,0,23,6,4,78,0,88,38,0,38,126
02/23/2009,RFD,IL,AGL,CE,Combined TRACON& Tower with Radar,22,1,25,0,48,0,0,28,0,28,22,1,53,0,76,24,0,24,100
02/24/2009,RFD,IL,AGL,CE,Combined TRACON& Tower with Radar,47,5,46,0,98,0,0,25,0,25,47,5,71,0,123,22,0,22,145
02/25/2009,RFD,IL,AGL,CE,Combined TRACON& Tower with Radar,53,0,46,6,105,0,4,15,0,19,53,4,61,6,124,22,20,42,166
02/26/2009,RFD,IL,AGL,CE,Combined TRACON& Tower with Radar,55,9,29,0,93,0,0,3,0,3,55,9,32,0,96,0,0,0,96
02/27/2009,RFD,IL,AGL,CE,Combined TRACON& Tower with Radar,44,6,45,2,97,0,0,27,0,27,44,6,72,2,124,0,0,0,124
02/28/2009,RFD,IL,AGL,CE,Combined TRACON& Tower with Radar,15,0,34,0,49,0,0,16,0,16,15,0,50,0,65,40,0,40,105
03/01/2009,RFD,IL,AGL,CE,Combined TRACON& Tower with Radar,10,2,45,0,57,0,0,21,0,21,10,2,66,0,78,36,0,36,114
03/02/2009,RFD,IL,AGL,CE,Combined TRACON& Tower with Radar,25,29,43,0,97,0,0,25,0,25,25,29,68,0,122,62,0,62,184
03/03/2009,RFD,IL,AGL,CE,Combined TRACON& Tower with Radar,51,14,42,0,107,0,1,26,0,27,51,15,68,0,134,22,0,22,156
03/04/2009,RFD,IL,AGL,CE,Combined TRACON& Tower with Radar,46,12,76,4,138,0,0,35,0,35,46,12,111,4,173,22,0,22,195
03/05/2009,RFD,IL,AGL,CE,Combined TRACON& Tower with Radar,52,8,20,4,84,0,1,32,0,33,52,9,52,4,117,6,0,6,123
03/06/2009,RFD,IL,AGL,CE,Combined TRACON& Tower with Radar,51,3,36,1,91,0,0,35,0,35,51,3,71,1,126,64,0,64,190
03/07/2009,RFD,IL,AGL,CE,Combined TRACON& Tower with Radar,13,1,21,0,35,0,0,0,0,0,13,1,21,0,35,4,0,4,39
03/08/2009,RFD,IL,AGL,CE,Combined TRACON& Tower with Radar,17,3,8,0,28,0,0,0,0,0,17,3,8,0,28,16,0,16,44
03/09/2009,RFD,IL,AGL,CE,Combined TRACON& Tower with Radar,28,5,41,3,77,0,1,22,0,23,28,6,63,3,100,10,0,10,110
03/10/2009,RFD,IL,AGL,CE,Combined TRACON& Tower with Radar,45,6,18,2,71,0,0,0,0,0,45,6,18,2,71,4,0,4,75
03/11/2009,RFD,IL,AGL,CE,Combined TRACON& Tower with Radar,52,2,28,0,82,0,0,21,0,21,52,2,49,0,103,4,0,4,107
03/12/2009,RFD,IL,AGL,CE,Combined TRACON& Tower with Radar,53,7,55,12,127,0,0,58,0,58,53,7,113,12,185,22,18,40,225
03/13/2009,RFD,IL,AGL,CE,Combined TRACON& Tower with Radar,47,10,38,1,96,0,6,42,0,48,47,16,80,1,144,47,4,51,195
03/14/2009,RFD,IL,AGL,CE,Combined TRACON& Tower with Radar,19,0,101,0,120,0,1,53,0,54,19,1,154,0,174,18,4,22,196
03/15/2009,RFD,IL,AGL,CE,Combined TRACON& Tower with Radar,13,4,73,1,91,0,0,45,0,45,13,4,118,1,136,68,0,68,204
03/16/2009,RFD,IL,AGL,CE,Combined TRACON& Tower with Radar,23,2,49,2,76,0,1,47,1,49,23,3,96,3,125,88,0,88,213
03/17/2009,RFD,IL,AGL,CE,Combined TRACON& Tower with Radar,47,8,35,2,92,0,4,39,0,43,47,12,74,2,135,30,0,30,165
03/18/2009,RFD,IL,AGL,CE,Combined TRACON& Tower with Radar,53,5,58,0,116,0,1,25,0,26,53,6,83,0,142,16,0,16,158
03/19/2009,RFD,IL,AGL,CE,Combined TRACON& Tower with Radar,56,2,75,2,135,0,2,59,0,61,56,4,134,2,196,36,0,36,232
03/20/2009,RFD,IL,AGL,CE,Combined TRACON& Tower with Radar,46,1,34,2,83,0,3,49,0,52,46,4,83,2,135,30,0,30,165
03/21/2009,RFD,IL,AGL,CE,Combined TRACON& Tower with Radar,19,5,62,0,86,0,1,35,0,36,19,6,97,0,122,22,0,22,144
03/22/2009,RFD,IL,AGL,CE,Combined TRACON& Tower with Radar,17,9,44,2,72,0,0,23,0,23,17,9,67,2,95,28,0,28,123
03/23/2009,RFD,IL,AGL,CE,Combined TRACON& Tower with Radar,22,20,36,0,78,0,0,16,0,16,22,20,52,0,94,4,0,4,98
03/24/2009,RFD,IL,AGL,CE,Combined TRACON& Tower with Radar,51,3,7,0,61,0,0,6,0,6,51,3,13,0,67,0,0,0,67
03/25/2009,RFD,IL,AGL,CE,Combined TRACON& Tower with Radar,49,6,29,8,92,0,0,19,2,21,49,6,48,10,113,34,0,34,147
03/26/2009,RFD,IL,AGL,CE,Combined TRACON& Tower with Radar,57,4,68,2,131,0,2,38,0,40,57,6,106,2,171,44,0,44,215
03/27/2009,RFD,IL,AGL,CE,Combined TRACON& Tower with Radar,42,1,60,0,103,0,2,30,0,32,42,3,90,0,135,30,0,30,165
03/28/2009,RFD,IL,AGL,CE,Combined TRACON& Tower with Radar,16,3,36,0,55,0,0,10,0,10,16,3,46,0,65,6,0,6,71
03/29/2009,RFD,IL,AGL,CE,Combined TRACON& Tower with Radar,11,6,14,1,32,0,0,11,0,11,11,6,25,1,43,12,0,12,55
03/30/2009,RFD,IL,AGL,CE,Combined TRACON& Tower with Radar,20,3,39,0,62,0,0,55,0,55,20,3,94,0,117,22,0,22,139
03/31/2009,RFD,IL,AGL,CE,Combined TRACON& Tower with Radar,45,7,13,9,74,0,0,1,0,1,45,7,14,9,75,0,6,6,81
04/01/2009,RFD,IL,AGL,CE,Combined TRACON& Tower with Radar,49,9,26,0,84,0,0,15,0,15,49,9,41,0,99,8,0,8,107
04/02/2009,RFD,IL,AGL,CE,Combined TRACON& Tower with Radar,56,0,62,26,144,0,0,9,0,9,56,0,71,26,153,15,34,49,202
04/03/2009,RFD,IL,AGL,CE,Combined TRACON& Tower with Radar,43,4,81,0,128,0,3,52,0,55,43,7,133,0,183,8,0,8,191
04/04/2009,RFD,IL,AGL,CE,Combined TRACON& Tower with Radar,16,2,96,0,114,0,5,53,0,58,16,7,149,0,172,50,0,50,222
04/05/2009,RFD,IL,AGL,CE,Combined TRACON& Tower with Radar,17,0,3,0,20,0,1,0,0,1,17,1,3,0,21,0,0,0,21
04/06/2009,RFD,IL,AGL,CE,Combined TRACON& Tower with Radar,23,9,22,0,54,0,0,8,0,8,23,9,30,0,62,10,0,10,72
04/07/2009,RFD,IL,AGL,CE,Combined TRACON& Tower with Radar,44,9,59,3,115,0,2,15,0,17,44,11,74,3,132,42,12,54,186
04/08/2009,RFD,IL,AGL,CE,Combined TRACON& Tower with Radar,45,10,67,0,122,0,0,76,0,76,45,10,143,0,198,32,0,32,230
04/09/2009,RFD,IL,AGL,CE,Combined TRACON& Tower with Radar,49,4,78,0,131,0,1,49,0,50,49,5,127,0,181,8,0,8,189
04/10/2009,RFD,IL,AGL,CE,Combined TRACON& Tower with Radar,42,16,28,0,86,0,0,40,0,40,42,16,68,0,126,22,0,22,148
04/11/2009,RFD,IL,AGL,CE,Combined TRACON& Tower with Radar,12,1,54,2,69,0,0,43,0,43,12,1,97,2,112,20,0,20,132
04/12/2009,RFD,IL,AGL,CE,Combined TRACON& Tower with Radar,11,4,27,0,42,0,0,27,0,27,11,4,54,0,69,10,0,10,79
04/13/2009,RFD,IL,AGL,CE,Combined TRACON& Tower with Radar,21,3,9,2,35,0,0,0,0,0,21,3,9,2,35,0,0,0,35
04/14/2009,RFD,IL,AGL,CE,Combined TRACON& Tower with Radar,49,4,45,1,99,0,0,13,0,13,49,4,58,1,112,14,0,14,126
04/15/2009,RFD,IL,AGL,CE,Combined TRACON& Tower with Radar,45,10,83,0,138,0,1,45,1,47,45,11,128,1,185,68,0,68,253
04/16/2009,RFD,IL,AGL,CE,Combined TRACON& Tower with Radar,50,9,39,0,98,0,3,47,0,50,50,12,86,0,148,10,0,10,158
04/17/2009,RFD,IL,AGL,CE,Combined TRACON& Tower with Radar,43,2,50,0,95,0,4,56,1,61,43,6,106,1,156,32,0,32,188
04/18/2009,RFD,IL,AGL,CE,Combined TRACON& Tower with Radar,14,0,32,3,49,0,0,42,0,42,14,0,74,3,91,62,30,92,183
04/19/2009,RFD,IL,AGL,CE,Combined TRACON& Tower with Radar,12,2,43,0,57,0,0,0,0,0,12,2,43,0,57,6,0,6,63
04/20/2009,RFD,IL,AGL,CE,Combined TRACON& Tower with Radar,18,2,29,0,49,0,0,4,0,4,18,2,33,0,53,2,0,2,55
04/21/2009,RFD,IL,AGL,CE,Combined TRACON& Tower with Radar,44,6,14,0,64,0,1,3,0,4,44,7,17,0,68,6,0,6,74
04/22/2009,RFD,IL,AGL,CE,Combined TRACON& Tower with Radar,48,7,48,0,103,0,1,50,0,51,48,8,98,0,154,12,0,12,166
04/23/2009,RFD,IL,AGL,CE,Combined TRACON& Tower with Radar,52,4,48,1,105,0,0,32,0,32,52,4,80,1,137,9,0,9,146
04/24/2009,RFD,IL,AGL,CE,Combined TRACON& Tower with Radar,38,16,55,2,111,0,3,34,0,37,38,19,89,2,148,14,0,14,162
04/25/2009,RFD,IL,AGL,CE,Combined TRACON& Tower with Radar,36,2,18,0,56,0,0,7,0,7,36,2,25,0,63,20,0,20,83
04/26/2009,RFD,IL,AGL,CE,Combined TRACON& Tower with Radar,12,9,12,0,33,0,0,2,0,2,12,9,14,0,35,10,0,10,45
04/27/2009,RFD,IL,AGL,CE,Combined TRACON& Tower with Radar,23,2,39,2,66,0,0,6,0,6,23,2,45,2,72,6,0,6,78
04/28/2009,RFD,IL,AGL,CE,Combined TRACON& Tower with Radar,47,1,46,15,109,0,0,45,0,45,47,1,91,15,154,42,0,42,196
04/29/2009,RFD,IL,AGL,CE,Combined TRACON& Tower with Radar,43,12,142,0,197,0,0,8,0,8,43,12,150,0,205,26,0,26,231
04/30/2009,RFD,IL,AGL,CE,Combined TRACON& Tower with Radar,47,1,61,0,109,0,0,2,0,2,47,1,63,0,111,2,0,2,113
05/01/2009,RFD,IL,AGL,CE,Combined TRACON& Tower with Radar,41,2,37,3,83,0,0,35,0,35,41,2,72,3,118,12,0,12,130
05/02/2009,RFD,IL,AGL,CE,Combined TRACON& Tower with Radar,11,0,61,6,78,0,0,54,0,54,11,0,115,6,132,12,0,12,144
05/03/2009,RFD,IL,AGL,CE,Combined TRACON& Tower with Radar,13,0,35,3,51,0,0,190,0,190,13,0,225,3,241,8,0,8,249
05/04/2009,RFD,IL,AGL,CE,Combined TRACON& Tower with Radar,23,1,54,0,78,0,0,43,0,43,23,1,97,0,121,46,0,46,167
05/05/2009,RFD,IL,AGL,CE,Combined TRACON& Tower with Radar,48,0,47,9,104,0,0,42,0,42,48,0,89,9,146,0,56,56,202
05/06/2009,RFD,IL,AGL,CE,Combined TRACON& Tower with Radar,49,2,12,12,75,0,1,15,2,18,49,3,27,14,93,8,16,24,117
05/07/2009,RFD,IL,AGL,CE,Combined TRACON& Tower with Radar,51,0,44,0,95,0,0,50,0,50,51,0,94,0,145,66,0,66,211
05/08/2009,RFD,IL,AGL,CE,Combined TRACON& Tower with Radar,36,0,58,12,106,0,0,49,1,50,36,0,107,13,156,24,50,74,230
05/09/2009,RFD,IL,AGL,CE,Combined TRACON& Tower with Radar,10,4,24,21,59,0,2,8,3,13,10,6,32,24,72,32,34,66,138
05/10/2009,RFD,IL,AGL,CE,Combined TRACON& Tower with Radar,8,1,21,1,31,0,0,27,0,27,8,1,48,1,58,22,0,22,80
05/11/2009,RFD,IL,AGL,CE,Combined TRACON& Tower with Radar,22,0,22,0,44,0,0,51,0,51,22,0,73,0,95,32,0,32,127
05/12/2009,RFD,IL,AGL,CE,Combined TRACON& Tower with Radar,45,10,76,0,131,0,2,65,0,67,45,12,141,0,198,46,0,46,244
05/13/2009,RFD,IL,AGL,CE,Combined TRACON& Tower with Radar,48,7,23,1,79,0,0,2,0,2,48,7,25,1,81,0,0,0,81
05/14/2009,RFD,IL,AGL,CE,Combined TRACON& Tower with Radar,48,11,61,2,122,0,3,43,0,46,48,14,104,2,168,64,0,64,232
05/15/2009,RFD,IL,AGL,CE,Combined TRACON& Tower with Radar,39,6,35,1,81,0,0,6,0,6,39,6,41,1,87,0,0,0,87
05/16/2009,RFD,IL,AGL,CE,Combined TRACON& Tower with Radar,12,0,27,1,40,0,1,34,0,35,12,1,61,1,75,24,0,24,99
05/17/2009,RFD,IL,AGL,CE,Combined TRACON& Tower with Radar,7,6,41,0,54,0,1,64,0,65,7,7,105,0,119,56,0,56,175
05/18/2009,RFD,IL,AGL,CE,Combined TRACON& Tower with Radar,18,9,28,1,56,0,0,20,0,20,18,9,48,1,76,6,0,6,82
05/19/2009,RFD,IL,AGL,CE,Combined TRACON& Tower with Radar,45,12,33,1,91,0,1,52,0,53,45,13,85,1,144,64,0,64,208
05/20/2009,RFD,IL,AGL,CE,Combined TRACON& Tower with Radar,45,3,30,0,78,0,0,53,0,53,45,3,83,0,131,24,0,24,155
05/21/2009,RFD,IL,AGL,CE,Combined TRACON& Tower with Radar,51,12,64,15,142,0,0,53,0,53,51,12,117,15,195,36,26,62,257
05/22/2009,RFD,IL,AGL,CE,Combined TRACON& Tower with Radar,39,3,54,0,96,0,0,48,0,48,39,3,102,0,144,24,0,24,168
05/23/2009,RFD,IL,AGL,CE,Combined TRACON& Tower with Radar,11,8,58,0,77,0,0,34,0,34,11,8,92,0,111,24,0,24,135
05/24/2009,RFD,IL,AGL,CE,Combined TRACON& Tower with Radar,4,5,66,1,76,0,2,23,0,25,4,7,89,1,101,68,0,68,169
05/25/2009,RFD,IL,AGL,CE,Combined TRACON& Tower with Radar,7,9,29,2,47,0,7,16,0,23,7,16,45,2,70,34,0,34,104
05/26/2009,RFD,IL,AGL,CE,Combined TRACON& Tower with Radar,17,12,28,0,57,0,0,6,0,6,17,12,34,0,63,8,0,8,71
05/27/2009,RFD,IL,AGL,CE,Combined TRACON& Tower with Radar,49,9,90,8,156,0,0,1,0,1,49,9,91,8,157,18,6,24,181
05/28/2009,RFD,IL,AGL,CE,Combined TRACON& Tower with Radar,49,16,133,8,206,0,0,26,0,26,49,16,159,8,232,28,0,28,260
05/29/2009,RFD,IL,AGL,CE,Combined TRACON& Tower with Radar,39,4,35,1,79,0,1,52,0,53,39,5,87,1,132,12,18,30,162
05/30/2009,RFD,IL,AGL,CE,Combined TRACON& Tower with Radar,8,4,49,0,61,0,7,41,0,48,8,11,90,0,109,6,0,6,115
05/31/2009,RFD,IL,AGL,CE,Combined TRACON& Tower with Radar,8,8,32,1,49,0,1,40,0,41,8,9,72,1,90,74,0,74,164
06/01/2009,RFD,IL,AGL,CE,Combined TRACON& Tower with Radar,18,1,17,0,36,0,0,11,0,11,18,1,28,0,47,12,0,12,59
06/02/2009,RFD,IL,AGL,CE,Combined TRACON& Tower with Radar,46,5,31,10,92,0,3,37,0,40,46,8,68,10,132,90,18,108,240
06/03/2009,RFD,IL,AGL,CE,Combined TRACON& Tower with Radar,55,6,25,1,87,0,4,33,0,37,55,10,58,1,124,43,0,43,167
06/04/2009,RFD,IL,AGL,CE,Combined TRACON& Tower with Radar,49,2,38,0,89,0,4,90,1,95,49,6,128,1,184,62,0,62,246
06/05/2009,RFD,IL,AGL,CE,Combined TRACON& Tower with Radar,38,2,62,1,103,0,3,57,0,60,38,5,119,1,163,28,0,28,191
06/06/2009,RFD,IL,AGL,CE,Combined TRACON& Tower with Radar,15,0,22,0,37,0,0,20,0,20,15,0,42,0,57,12,0,12,69
06/07/2009,RFD,IL,AGL,CE,Combined TRACON& Tower with Radar,9,4,10,1,24,0,5,10,0,15,9,9,20,1,39,10,0,10,49
06/08/2009,RFD,IL,AGL,CE,Combined TRACON& Tower with Radar,16,9,29,0,54,0,6,7,0,13,16,15,36,0,67,0,0,0,67
06/09/2009,RFD,IL,AGL,CE,Combined TRACON& Tower with Radar,44,12,58,2,116,0,5,37,0,42,44,17,95,2,158,94,0,94,252
06/10/2009,RFD,IL,AGL,CE,Combined TRACON& Tower with Radar,53,6,24,13,96,0,4,25,0,29,53,10,49,13,125,34,28,62,187
06/11/2009,RFD,IL,AGL,CE,Combined TRACON& Tower with Radar,48,1,24,10,83,0,2,21,0,23,48,3,45,10,106,24,18,42,148
06/12/2009,RFD,IL,AGL,CE,Combined TRACON& Tower with Radar,43,3,43,0,89,0,3,72,0,75,43,6,115,0,164,28,0,28,192
06/13/2009,RFD,IL,AGL,CE,Combined TRACON& Tower with Radar,16,2,43,0,61,0,0,10,0,10,16,2,53,0,71,32,0,32,103
06/14/2009,RFD,IL,AGL,CE,Combined TRACON& Tower with Radar,7,3,15,3,28,0,2,53,0,55,7,5,68,3,83,24,0,24,107
06/15/2009,RFD,IL,AGL,CE,Combined TRACON& Tower with Radar,18,2,30,2,52,0,0,55,0,55,18,2,85,2,107,50,0,50,157
06/16/2009,RFD,IL,AGL,CE,Combined TRACON& Tower with Radar,49,2,28,8,87,0,2,21,0,23,49,4,49,8,110,0,0,0,110
06/17/2009,RFD,IL,AGL,CE,Combined TRACON& Tower with Radar,51,6,48,6,111,0,2,23,1,26,51,8,71,7,137,52,0,52,189
06/18/2009,RFD,IL,AGL,CE,Combined TRACON& Tower with Radar,45,6,15,7,73,0,2,15,0,17,45,8,30,7,90,20,0,20,110
06/19/2009,RFD,IL,AGL,CE,Combined TRACON& Tower with Radar,57,0,18,1,76,0,0,19,0,19,57,0,37,1,95,28,0,28,123
06/20/2009,RFD,IL,AGL,CE,Combined TRACON& Tower with Radar,28,2,45,0,75,0,2,40,0,42,28,4,85,0,117,0,0,0,117
06/21/2009,RFD,IL,AGL,CE,Combined TRACON& Tower with Radar,12,2,22,0,36,0,0,35,0,35,12,2,57,0,71,6,0,6,77
06/22/2009,RFD,IL,AGL,CE,Combined TRACON& Tower with Radar,22,3,39,0,64,0,1,39,0,40,22,4,78,0,104,16,0,16,120
06/23/2009,RFD,IL,AGL,CE,Combined TRACON& Tower with Radar,46,7,24,31,108,0,3,62,4,69,46,10,86,35,177,72,4,76,253
06/24/2009,RFD,IL,AGL,CE,Combined TRACON& Tower with Radar,54,6,30,3,93,0,2,64,0,66,54,8,94,3,159,16,0,16,175
06/25/2009,RFD,IL,AGL,CE,Combined TRACON& Tower with Radar,48,2,26,1,77,0,0,38,0,38,48,2,64,1,115,30,0,30,145
06/26/2009,RFD,IL,AGL,CE,Combined TRACON& Tower with Radar,40,5,31,5,81,0,6,40,0,46,40,11,71,5,127,42,0,42,169
06/27/2009,RFD,IL,AGL,CE,Combined TRACON& Tower with Radar,16,1,29,2,48,0,0,37,0,37,16,1,66,2,85,4,0,4,89
06/28/2009,RFD,IL,AGL,CE,Combined TRACON& Tower with Radar,15,4,25,0,44,0,0,14,0,14,15,4,39,0,58,6,0,6,64
06/29/2009,RFD,IL,AGL,CE,Combined TRACON& Tower with Radar,27,2,38,0,67,0,3,39,0,42,27,5,77,0,109,40,0,40,149
06/30/2009,RFD,IL,AGL,CE,Combined TRACON& Tower with Radar,45,7,49,2,103,0,0,20,0,20,45,7,69,2,123,24,0,24,147
07/01/2009,RFD,IL,AGL,CE,Combined TRACON& Tower with Radar,50,5,106,14,175,0,0,27,0,27,50,5,133,14,202,32,12,44,246
07/02/2009,RFD,IL,AGL,CE,Combined TRACON& Tower with Radar,45,3,36,0,84,0,3,79,0,82,45,6,115,0,166,108,0,108,274
07/03/2009,RFD,IL,AGL,CE,Combined TRACON& Tower with Radar,38,0,30,0,68,0,0,48,0,48,38,0,78,0,116,26,0,26,142
07/04/2009,RFD,IL,AGL,CE,Combined TRACON& Tower with Radar,6,0,8,0,14,0,0,2,0,2,6,0,10,0,16,0,0,0,16
07/05/2009,RFD,IL,AGL,CE,Combined TRACON& Tower with Radar,18,1,25,0,44,0,0,38,0,38,18,1,63,0,82,28,0,28,110
07/06/2009,RFD,IL,AGL,CE,Combined TRACON& Tower with Radar,27,0,18,2,47,0,6,48,0,54,27,6,66,2,101,14,0,14,115
07/07/2009,RFD,IL,AGL,CE,Combined TRACON& Tower with Radar,47,4,17,8,76,0,0,69,0,69,47,4,86,8,145,18,14,32,177
07/08/2009,RFD,IL,AGL,CE,Combined TRACON& Tower with Radar,47,1,59,0,107,0,0,18,0,18,47,1,77,0,125,34,0,34,159
07/09/2009,RFD,IL,AGL,CE,Combined TRACON& Tower with Radar,47,0,28,9,84,0,0,41,0,41,47,0,69,9,125,90,2,92,217
07/10/2009,RFD,IL,AGL,CE,Combined TRACON& Tower with Radar,39,4,18,0,61,0,4,7,0,11,39,8,25,0,72,2,0,2,74
07/11/2009,RFD,IL,AGL,CE,Combined TRACON& Tower with Radar,13,3,18,2,36,0,4,51,0,55,13,7,69,2,91,12,2,14,105
07/12/2009,RFD,IL,AGL,CE,Combined TRACON& Tower with Radar,8,0,18,3,29,0,5,36,2,43,8,5,54,5,72,18,4,22,94
07/13/2009,RFD,IL,AGL,CE,Combined TRACON& Tower with Radar,16,6,19,4,45,0,2,52,0,54,16,8,71,4,99,20,10,30,129
07/14/2009,RFD,IL,AGL,CE,Combined TRACON& Tower with Radar,54,6,35,4,99,0,4,54,0,58,54,10,89,4,157,62,0,62,219
07/15/2009,RFD,IL,AGL,CE,Combined TRACON& Tower with Radar,45,4,38,0,87,0,4,23,0,27,45,8,61,0,114,52,0,52,166
07/16/2009,RFD,IL,AGL,CE,Combined TRACON& Tower with Radar,47,7,42,1,97,0,15,79,0,94,47,22,121,1,191,62,0,62,253
07/17/2009,RFD,IL,AGL,CE,Combined TRACON& Tower with Radar,45,5,38,25,113,0,1,40,0,41,45,6,78,25,154,40,46,86,240
07/18/2009,RFD,IL,AGL,CE,Combined TRACON& Tower with Radar,13,0,20,3,36,0,4,40,0,44,13,4,60,3,80,30,0,30,110
07/19/2009,RFD,IL,AGL,CE,Combined TRACON& Tower with Radar,6,0,29,1,36,0,1,36,1,38,6,1,65,2,74,28,0,28,102
07/20/2009,RFD,IL,AGL,CE,Combined TRACON& Tower with Radar,18,2,31,0,51,0,0,77,1,78,18,2,108,1,129,112,0,112,241
07/21/2009,RFD,IL,AGL,CE,Combined TRACON& Tower with Radar,42,0,33,2,77,0,4,19,0,23,42,4,52,2,100,54,0,54,154
07/22/2009,RFD,IL,AGL,CE,Combined TRACON& Tower with Radar,44,0,36,6,86,0,4,39,0,43,44,4,75,6,129,44,4,48,177
07/23/2009,RFD,IL,AGL,CE,Combined TRACON& Tower with Radar,48,5,35,0,88,0,0,52,1,53,48,5,87,1,141,30,0,30,171
07/24/2009,RFD,IL,AGL,CE,Combined TRACON& Tower with Radar,43,6,50,2,101,0,3,117,1,121,43,9,167,3,222,28,0,28,250
07/25/2009,RFD,IL,AGL,CE,Combined TRACON& Tower with Radar,12,4,18,0,34,0,5,58,0,63,12,9,76,0,97,4,0,4,101
07/26/2009,RFD,IL,AGL,CE,Combined TRACON& Tower with Radar,8,4,18,1,31,0,1,48,1,50,8,5,66,2,81,14,0,14,95
07/27/2009,RFD,IL,AGL,CE,Combined TRACON& Tower with Radar,18,8,26,2,54,0,3,37,0,40,18,11,63,2,94,28,0,28,122
07/28/2009,RFD,IL,AGL,CE,Combined TRACON& Tower with Radar,45,4,17,8,74,0,3,34,0,37,45,7,51,8,111,14,12,26,137
07/29/2009,RFD,IL,AGL,CE,Combined TRACON& Tower with Radar,51,0,33,4,88,0,4,42,0,46,51,4,75,4,134,16,0,16,150
07/30/2009,RFD,IL,AGL,CE,Combined TRACON& Tower with Radar,51,2,18,0,71,0,2,17,0,19,51,4,35,0,90,6,0,6,96
07/31/2009,RFD,IL,AGL,CE,Combined TRACON& Tower with Radar,42,8,30,6,86,0,5,38,1,44,42,13,68,7,130,10,0,10,140
08/01/2009,RFD,IL,AGL,CE,Combined TRACON& Tower with Radar,15,1,24,2,42,0,0,16,0,16,15,1,40,2,58,2,0,2,60
08/02/2009,RFD,IL,AGL,CE,Combined TRACON& Tower with Radar,7,1,10,4,22,0,1,41,1,43,7,2,51,5,65,10,2,12,77
08/03/2009,RFD,IL,AGL,CE,Combined TRACON& Tower with Radar,17,2,34,0,53,0,0,40,1,41,17,2,74,1,94,30,0,30,124
08/04/2009,RFD,IL,AGL,CE,Combined TRACON& Tower with Radar,50,3,23,3,79,0,8,27,0,35,50,11,50,3,114,12,0,12,126
08/05/2009,RFD,IL,AGL,CE,Combined TRACON& Tower with Radar,47,5,31,0,83,0,2,71,2,75,47,7,102,2,158,56,0,56,214
08/06/2009,RFD,IL,AGL,CE,Combined TRACON& Tower with Radar,46,8,21,3,78,0,6,41,0,47,46,14,62,3,125,16,0,16,141
08/07/2009,RFD,IL,AGL,CE,Combined TRACON& Tower with Radar,39,3,31,0,73,0,0,3,0,3,39,3,34,0,76,15,0,15,91
08/08/2009,RFD,IL,AGL,CE,Combined TRACON& Tower with Radar,14,2,12,0,28,0,0,10,0,10,14,2,22,0,38,2,0,2,40
08/09/2009,RFD,IL,AGL,CE,Combined TRACON& Tower with Radar,3,4,13,1,21,0,0,12,0,12,3,4,25,1,33,0,0,0,33
08/10/2009,RFD,IL,AGL,CE,Combined TRACON& Tower with Radar,15,6,21,0,42,0,8,24,0,32,15,14,45,0,74,60,0,60,134
08/11/2009,RFD,IL,AGL,CE,Combined TRACON& Tower with Radar,50,4,13,0,67,0,4,40,1,45,50,8,53,1,112,60,0,60,172
08/12/2009,RFD,IL,AGL,CE,Combined TRACON& Tower with Radar,47,10,32,3,92,0,0,51,1,52,47,10,83,4,144,172,0,172,316
08/13/2009,RFD,IL,AGL,CE,Combined TRACON& Tower with Radar,47,2,33,0,82,0,2,54,1,57,47,4,87,1,139,42,0,42,181
08/14/2009,RFD,IL,AGL,CE,Combined TRACON& Tower with Radar,44,6,26,0,76,0,0,50,3,53,44,6,76,3,129,30,0,30,159
08/15/2009,RFD,IL,AGL,CE,Combined TRACON& Tower with Radar,10,8,9,0,27,0,6,41,0,47,10,14,50,0,74,14,0,14,88
08/16/2009,RFD,IL,AGL,CE,Combined TRACON& Tower with Radar,12,3,24,1,40,0,0,7,0,7,12,3,31,1,47,4,0,4,51
08/17/2009,RFD,IL,AGL,CE,Combined TRACON& Tower with Radar,20,0,29,1,50,0,0,18,1,19,20,0,47,2,69,54,0,54,123
08/18/2009,RFD,IL,AGL,CE,Combined TRACON& Tower with Radar,44,4,26,8,82,1,4,38,0,43,45,8,64,8,125,50,0,50,175
08/19/2009,RFD,IL,AGL,CE,Combined TRACON& Tower with Radar,46,3,30,3,82,0,4,27,4,35,46,7,57,7,117,62,0,62,179
08/20/2009,RFD,IL,AGL,CE,Combined TRACON& Tower with Radar,47,7,38,4,96,0,2,20,1,23,47,9,58,5,119,26,0,26,145
08/21/2009,RFD,IL,AGL,CE,Combined TRACON& Tower with Radar,37,8,21,13,79,0,7,72,4,83,37,15,93,17,162,18,0,18,180
08/22/2009,RFD,IL,AGL,CE,Combined TRACON& Tower with Radar,15,5,9,4,33,0,5,51,4,60,15,10,60,8,93,10,0,10,103
08/23/2009,RFD,IL,AGL,CE,Combined TRACON& Tower with Radar,4,3,11,8,26,0,6,59,6,71,4,9,70,14,97,4,18,22,119
08/24/2009,RFD,IL,AGL,CE,Combined TRACON& Tower with Radar,17,3,33,8,61,0,5,70,6,81,17,8,103,14,142,32,14,46,188
08/25/2009,RFD,IL,AGL,CE,Combined TRACON& Tower with Radar,43,2,25,4,74,0,0,45,0,45,43,2,70,4,119,28,0,28,147
08/26/2009,RFD,IL,AGL,CE,Combined TRACON& Tower with Radar,46,6,63,2,117,0,6,1,0,7,46,12,64,2,124,4,0,4,128
08/27/2009,RFD,IL,AGL,CE,Combined TRACON& Tower with Radar,42,5,52,1,100,0,0,5,1,6,42,5,57,2,106,4,0,4,110
08/28/2009,RFD,IL,AGL,CE,Combined TRACON& Tower with Radar,40,2,30,1,73,0,3,6,0,9,40,5,36,1,82,5,0,5,87
08/29/2009,RFD,IL,AGL,CE,Combined TRACON& Tower with Radar,12,2,16,1,31,0,5,8,0,13,12,7,24,1,44,0,0,0,44
08/30/2009,RFD,IL,AGL,CE,Combined TRACON& Tower with Radar,7,2,19,3,31,0,0,46,0,46,7,2,65,3,77,24,0,24,101
08/31/2009,RFD,IL,AGL,CE,Combined TRACON& Tower with Radar,17,1,28,0,46,0,0,43,0,43,17,1,71,0,89,2,0,2,91
09/01/2009,RFD,IL,AGL,CE,Combined TRACON& Tower with Radar,43,1,16,3,63,0,2,47,2,51,43,3,63,5,114,42,0,42,156
09/02/2009,RFD,IL,AGL,CE,Combined TRACON& Tower with Radar,43,2,33,4,82,0,2,44,4,50,43,4,77,8,132,82,0,82,214
09/03/2009,RFD,IL,AGL,CE,Combined TRACON& Tower with Radar,44,8,32,0,84,0,0,58,1,59,44,8,90,1,143,58,0,58,201
09/04/2009,RFD,IL,AGL,CE,Combined TRACON& Tower with Radar,40,6,32,1,79,0,5,50,0,55,40,11,82,1,134,42,0,42,176
09/05/2009,RFD,IL,AGL,CE,Combined TRACON& Tower with Radar,11,1,36,0,48,0,2,36,0,38,11,3,72,0,86,62,0,62,148
09/06/2009,RFD,IL,AGL,CE,Combined TRACON& Tower with Radar,3,2,8,2,15,0,0,16,0,16,3,2,24,2,31,8,6,14,45
09/07/2009,RFD,IL,AGL,CE,Combined TRACON& Tower with Radar,6,4,28,1,39,0,0,35,0,35,6,4,63,1,74,2,0,2,76
09/08/2009,RFD,IL,AGL,CE,Combined TRACON& Tower with Radar,12,1,17,4,34,0,3,25,0,28,12,4,42,4,62,22,8,30,92
09/09/2009,RFD,IL,AGL,CE,Combined TRACON& Tower with Radar,47,5,42,4,98,0,2,23,0,25,47,7,65,4,123,26,0,26,149
09/10/2009,RFD,IL,AGL,CE,Combined TRACON& Tower with Radar,46,5,26,0,77,0,3,31,0,34,46,8,57,0,111,0,0,0,111
09/11/2009,RFD,IL,AGL,CE,Combined TRACON& Tower with Radar,44,1,14,0,59,0,13,53,0,66,44,14,67,0,125,20,0,20,145
09/12/2009,RFD,IL,AGL,CE,Combined TRACON& Tower with Radar,18,3,32,0,53,0,2,28,0,30,18,5,60,0,83,16,0,16,99
09/13/2009,RFD,IL,AGL,CE,Combined TRACON& Tower with Radar,4,2,27,1,34,0,2,44,0,46,4,4,71,1,80,30,0,30,110
09/14/2009,RFD,IL,AGL,CE,Combined TRACON& Tower with Radar,19,6,29,2,56,0,2,61,1,64,19,8,90,3,120,36,4,40,160
09/15/2009,RFD,IL,AGL,CE,Combined TRACON& Tower with Radar,46,10,23,22,101,0,11,30,0,41,46,21,53,22,142,28,30,58,200
09/16/2009,RFD,IL,AGL,CE,Combined TRACON& Tower with Radar,39,7,21,11,78,0,5,26,0,31,39,12,47,11,109,46,8,54,163
09/17/2009,RFD,IL,AGL,CE,Combined TRACON& Tower with Radar,45,4,16,15,80,0,9,58,1,68,45,13,74,16,148,68,20,88,236
09/18/2009,RFD,IL,AGL,CE,Combined TRACON& Tower with Radar,37,2,31,3,73,0,9,57,0,66,37,11,88,3,139,56,0,56,195
09/19/2009,RFD,IL,AGL,CE,Combined TRACON& Tower with Radar,11,0,33,40,84,0,0,42,0,42,11,0,75,40,126,30,50,80,206
09/20/2009,RFD,IL,AGL,CE,Combined TRACON& Tower with Radar,9,3,36,2,50,0,2,18,0,20,9,5,54,2,70,4,0,4,74
09/21/2009,RFD,IL,AGL,CE,Combined TRACON& Tower with Radar,23,8,38,4,73,0,0,12,0,12,23,8,50,4,85,12,0,12,97
09/22/2009,RFD,IL,AGL,CE,Combined TRACON& Tower with Radar,41,6,36,0,83,0,0,9,0,9,41,6,45,0,92,68,0,68,160
09/23/2009,RFD,IL,AGL,CE,Combined TRACON& Tower with Radar,45,12,63,0,120,0,0,10,0,10,45,12,73,0,130,18,0,18,148
09/24/2009,RFD,IL,AGL,CE,Combined TRACON& Tower with Radar,44,11,43,26,124,0,1,23,0,24,44,12,66,26,148,20,56,76,224
09/25/2009,RFD,IL,AGL,CE,Combined TRACON& Tower with Radar,40,5,47,1,93,0,0,30,0,30,40,5,77,1,123,14,2,16,139
09/26/2009,RFD,IL,AGL,CE,Combined TRACON& Tower with Radar,13,6,30,5,54,0,4,11,0,15,13,10,41,5,69,28,0,28,97
09/27/2009,RFD,IL,AGL,CE,Combined TRACON& Tower with Radar,7,8,27,3,45,0,2,16,0,18,7,10,43,3,63,4,24,28,91
09/28/2009,RFD,IL,AGL,CE,Combined TRACON& Tower with Radar,18,0,6,0,24,0,0,1,0,1,18,0,7,0,25,6,0,6,31
09/29/2009,RFD,IL,AGL,CE,Combined TRACON& Tower with Radar,43,5,24,2,74,0,2,24,0,26,43,7,48,2,100,6,0,6,106
09/30/2009,RFD,IL,AGL,CE,Combined TRACON& Tower with Radar,44,8,50,2,104,0,0,77,1,78,44,8,127,3,182,70,0,70,252
10/01/2009,RFD,IL,AGL,CE,Combined TRACON& Tower with Radar,44,5,23,6,78,0,2,7,0,9,44,7,30,6,87,0,0,0,87
10/02/2009,RFD,IL,AGL,CE,Combined TRACON& Tower with Radar,38,5,40,2,85,0,2,4,0,6,38,7,44,2,91,0,0,0,91
10/03/2009,RFD,IL,AGL,CE,Combined TRACON& Tower with Radar,11,8,28,0,47,0,2,2,0,4,11,10,30,0,51,22,0,22,73
10/04/2009,RFD,IL,AGL,CE,Combined TRACON& Tower with Radar,10,1,38,0,49,0,1,15,0,16,10,2,53,0,65,22,0,22,87
10/05/2009,RFD,IL,AGL,CE,Combined TRACON& Tower with Radar,22,4,36,3,65,0,3,46,0,49,22,7,82,3,114,52,0,52,166
10/06/2009,RFD,IL,AGL,CE,Combined TRACON& Tower with Radar,40,2,13,0,55,0,0,2,0,2,40,2,15,0,57,0,0,0,57
10/07/2009,RFD,IL,AGL,CE,Combined TRACON& Tower with Radar,50,8,26,6,90,0,4,45,0,49,50,12,71,6,139,20,20,40,179
10/08/2009,RFD,IL,AGL,CE,Combined TRACON& Tower with Radar,48,8,35,12,103,0,0,11,0,11,48,8,46,12,114,20,10,30,144
10/09/2009,RFD,IL,AGL,CE,Combined TRACON& Tower with Radar,45,7,40,8,100,0,0,12,0,12,45,7,52,8,112,12,14,26,138
10/10/2009,RFD,IL,AGL,CE,Combined TRACON& Tower with Radar,13,1,8,4,26,0,0,42,0,42,13,1,50,4,68,14,0,14,82
10/11/2009,RFD,IL,AGL,CE,Combined TRACON& Tower with Radar,8,4,38,2,52,0,4,46,0,50,8,8,84,2,102,28,0,28,130
10/12/2009,RFD,IL,AGL,CE,Combined TRACON& Tower with Radar,20,3,31,1,55,0,2,31,0,33,20,5,62,1,88,38,0,38,126
10/13/2009,RFD,IL,AGL,CE,Combined TRACON& Tower with Radar,41,7,45,18,111,0,2,57,1,60,41,9,102,19,171,2,34,36,207
10/14/2009,RFD,IL,AGL,CE,Combined TRACON& Tower with Radar,45,6,33,2,86,0,0,23,0,23,45,6,56,2,109,31,4,35,144
10/15/2009,RFD,IL,AGL,CE,Combined TRACON& Tower with Radar,40,10,32,6,88,0,3,6,1,10,40,13,38,7,98,0,0,0,98
10/16/2009,RFD,IL,AGL,CE,Combined TRACON& Tower with Radar,39,7,20,1,67,0,0,29,0,29,39,7,49,1,96,16,0,16,112
10/17/2009,RFD,IL,AGL,CE,Combined TRACON& Tower with Radar,10,3,12,34,59,0,3,38,0,41,10,6,50,34,100,30,90,120,220
10/18/2009,RFD,IL,AGL,CE,Combined TRACON& Tower with Radar,6,5,37,0,48,0,3,38,1,42,6,8,75,1,90,32,0,32,122
10/19/2009,RFD,IL,AGL,CE,Combined TRACON& Tower with Radar,19,4,30,7,60,0,8,51,0,59,19,12,81,7,119,51,10,61,180
10/20/2009,RFD,IL,AGL,CE,Combined TRACON& Tower with Radar,43,6,32,4,85,0,2,25,0,27,43,8,57,4,112,10,0,10,122
10/21/2009,RFD,IL,AGL,CE,Combined TRACON& Tower with Radar,45,2,23,10,80,0,3,42,1,46,45,5,65,11,126,26,22,48,174
10/22/2009,RFD,IL,AGL,CE,Combined TRACON& Tower with Radar,46,0,35,1,82,0,0,3,0,3,46,0,38,1,85,8,0,8,93
10/23/2009,RFD,IL,AGL,CE,Combined TRACON& Tower with Radar,38,0,35,0,73,0,0,0,0,0,38,0,35,0,73,2,0,2,75
10/24/2009,RFD,IL,AGL,CE,Combined TRACON& Tower with Radar,11,5,28,3,47,0,5,13,0,18,11,10,41,3,65,26,0,26,91
10/25/2009,RFD,IL,AGL,CE,Combined TRACON& Tower with Radar,9,5,8,0,22,0,4,29,0,33,9,9,37,0,55,18,0,18,73
10/26/2009,RFD,IL,AGL,CE,Combined TRACON& Tower with Radar,16,2,32,0,50,0,0,0,0,0,16,2,32,0,50,0,0,0,50
10/27/2009,RFD,IL,AGL,CE,Combined TRACON& Tower with Radar,43,2,32,8,85,0,2,19,0,21,43,4,51,8,106,26,0,26,132
10/28/2009,RFD,IL,AGL,CE,Combined TRACON& Tower with Radar,48,4,43,6,101,0,0,5,0,5,48,4,48,6,106,16,0,16,122
10/29/2009,RFD,IL,AGL,CE,Combined TRACON& Tower with Radar,47,3,30,0,80,0,0,22,0,22,47,3,52,0,102,6,0,6,108
10/30/2009,RFD,IL,AGL,CE,Combined TRACON& Tower with Radar,38,2,28,0,68,0,0,6,0,6,38,2,34,0,74,4,0,4,78
10/31/2009,RFD,IL,AGL,CE,Combined TRACON& Tower with Radar,11,1,15,0,27,0,0,13,0,13,11,1,28,0,40,12,0,12,52
11/01/2009,RFD,IL,AGL,CE,Combined TRACON& Tower with Radar,5,2,22,0,29,0,4,46,0,50,5,6,68,0,79,36,0,36,115
11/02/2009,RFD,IL,AGL,CE,Combined TRACON& Tower with Radar,18,4,33,0,55,0,0,51,1,52,18,4,84,1,107,32,0,32,139
11/03/2009,RFD,IL,AGL,CE,Combined TRACON& Tower with Radar,44,7,30,0,81,0,5,67,0,72,44,12,97,0,153,42,0,42,195
11/04/2009,RFD,IL,AGL,CE,Combined TRACON& Tower with Radar,47,3,45,0,95,0,4,41,0,45,47,7,86,0,140,52,0,52,192
11/05/2009,RFD,IL,AGL,CE,Combined TRACON& Tower with Radar,45,10,38,0,93,0,3,92,0,95,45,13,130,0,188,64,0,64,252
11/06/2009,RFD,IL,AGL,CE,Combined TRACON& Tower with Radar,41,2,20,0,63,0,2,27,0,29,41,4,47,0,92,2,0,2,94
11/07/2009,RFD,IL,AGL,CE,Combined TRACON& Tower with Radar,10,4,22,2,38,0,10,46,0,56,10,14,68,2,94,74,0,74,168
11/08/2009,RFD,IL,AGL,CE,Combined TRACON& Tower with Radar,4,2,24,0,30,0,5,34,2,41,4,7,58,2,71,8,0,8,79
11/09/2009,RFD,IL,AGL,CE,Combined TRACON& Tower with Radar,20,7,21,2,50,0,3,32,0,35,20,10,53,2,85,12,0,12,97
11/10/2009,RFD,IL,AGL,CE,Combined TRACON& Tower with Radar,41,9,29,6,85,0,4,25,0,29,41,13,54,6,114,64,16,80,194
11/11/2009,RFD,IL,AGL,CE,Combined TRACON& Tower with Radar,46,5,42,0,93,0,2,35,0,37,46,7,77,0,130,12,0,12,142
11/12/2009,RFD,IL,AGL,CE,Combined TRACON& Tower with Radar,45,0,43,0,88,0,9,51,0,60,45,9,94,0,148,40,0,40,188
11/13/2009,RFD,IL,AGL,CE,Combined TRACON& Tower with Radar,39,9,14,6,68,0,3,35,0,38,39,12,49,6,106,66,18,84,190
11/14/2009,RFD,IL,AGL,CE,Combined TRACON& Tower with Radar,18,2,39,0,59,0,0,21,0,21,18,2,60,0,80,24,0,24,104
11/15/2009,RFD,IL,AGL,CE,Combined TRACON& Tower with Radar,7,4,17,0,28,0,0,32,0,32,7,4,49,0,60,38,0,38,98
11/16/2009,RFD,IL,AGL,CE,Combined TRACON& Tower with Radar,20,5,16,0,41,0,2,18,0,20,20,7,34,0,61,16,0,16,77
11/17/2009,RFD,IL,AGL,CE,Combined TRACON& Tower with Radar,50,5,17,4,76,0,1,6,0,7,50,6,23,4,83,2,22,24,107
11/18/2009,RFD,IL,AGL,CE,Combined TRACON& Tower with Radar,52,6,13,8,79,0,4,6,0,10,52,10,19,8,89,8,14,22,111
11/19/2009,RFD,IL,AGL,CE,Combined TRACON& Tower with Radar,41,4,41,0,86,0,4,7,0,11,41,8,48,0,97,40,0,40,137
11/20/2009,RFD,IL,AGL,CE,Combined TRACON& Tower with Radar,50,3,49,8,110,0,4,43,2,49,50,7,92,10,159,67,46,113,272
11/21/2009,RFD,IL,AGL,CE,Combined TRACON& Tower with Radar,18,3,29,0,50,0,1,50,0,51,18,4,79,0,101,54,0,54,155
11/22/2009,RFD,IL,AGL,CE,Combined TRACON& Tower with Radar,4,5,30,0,39,0,0,48,0,48,4,5,78,0,87,72,0,72,159
11/23/2009,RFD,IL,AGL,CE,Combined TRACON& Tower with Radar,20,2,20,0,42,0,0,0,0,0,20,2,20,0,42,10,0,10,52
11/24/2009,RFD,IL,AGL,CE,Combined TRACON& Tower with Radar,55,3,27,0,85,0,0,0,0,0,55,3,27,0,85,0,8,8,93
11/25/2009,RFD,IL,AGL,CE,Combined TRACON& Tower with Radar,46,8,39,0,93,0,2,3,0,5,46,10,42,0,98,38,0,38,136
11/26/2009,RFD,IL,AGL,CE,Combined TRACON& Tower with Radar,25,4,0,0,29,0,2,2,0,4,25,6,2,0,33,0,0,0,33
11/27/2009,RFD,IL,AGL,CE,Combined TRACON& Tower with Radar,15,1,26,0,42,0,2,42,0,44,15,3,68,0,86,45,0,45,131
11/28/2009,RFD,IL,AGL,CE,Combined TRACON& Tower with Radar,14,7,29,0,50,0,3,65,0,68,14,10,94,0,118,34,0,34,152
11/29/2009,RFD,IL,AGL,CE,Combined TRACON& Tower with Radar,2,3,51,0,56,0,0,0,0,0,2,3,51,0,56,32,0,32,88
11/30/2009,RFD,IL,AGL,CE,Combined TRACON& Tower with Radar,26,11,24,0,61,0,2,41,0,43,26,13,65,0,104,24,0,24,128
12/01/2009,RFD,IL,AGL,CE,Combined TRACON& Tower with Radar,46,13,21,0,80,0,10,56,0,66,46,23,77,0,146,80,0,80,226
12/02/2009,RFD,IL,AGL,CE,Combined TRACON& Tower with Radar,56,13,24,12,105,0,6,21,1,28,56,19,45,13,133,22,34,56,189
12/03/2009,RFD,IL,AGL,CE,Combined TRACON& Tower with Radar,49,7,23,0,79,0,0,11,0,11,49,7,34,0,90,6,0,6,96
12/04/2009,RFD,IL,AGL,CE,Combined TRACON& Tower with Radar,39,6,22,6,73,0,0,16,0,16,39,6,38,6,89,12,8,20,109
12/05/2009,RFD,IL,AGL,CE,Combined TRACON& Tower with Radar,14,5,7,0,26,0,2,34,0,36,14,7,41,0,62,4,0,4,66
12/06/2009,RFD,IL,AGL,CE,Combined TRACON& Tower with Radar,8,5,28,1,42,0,0,44,1,45,8,5,72,2,87,36,0,36,123
12/07/2009,RFD,IL,AGL,CE,Combined TRACON& Tower with Radar,22,4,33,0,59,0,0,5,0,5,22,4,38,0,64,12,4,16,80
12/08/2009,RFD,IL,AGL,CE,Combined TRACON& Tower with Radar,35,4,9,3,51,0,0,2,0,2,35,4,11,3,53,0,4,4,57
12/09/2009,RFD,IL,AGL,CE,Combined TRACON& Tower with Radar,18,9,4,0,31,0,0,0,0,0,18,9,4,0,31,0,0,0,31
12/10/2009,RFD,IL,AGL,CE,Combined TRACON& Tower with Radar,48,11,18,13,90,0,2,11,0,13,48,13,29,13,103,12,24,36,139
12/11/2009,RFD,IL,AGL,CE,Combined TRACON& Tower with Radar,38,10,49,0,97,0,0,30,0,30,38,10,79,0,127,46,0,46,173
12/12/2009,RFD,IL,AGL,CE,Combined TRACON& Tower with Radar,12,6,18,0,36,0,0,35,0,35,12,6,53,0,71,78,0,78,149
12/13/2009,RFD,IL,AGL,CE,Combined TRACON& Tower with Radar,11,0,13,0,24,0,0,1,0,1,11,0,14,0,25,0,0,0,25
12/14/2009,RFD,IL,AGL,CE,Combined TRACON& Tower with Radar,16,6,10,0,32,0,0,0,0,0,16,6,10,0,32,0,0,0,32
12/15/2009,RFD,IL,AGL,CE,Combined TRACON& Tower with Radar,68,11,31,0,110,0,0,18,0,18,68,11,49,0,128,46,4,50,178
12/16/2009,RFD,IL,AGL,CE,Combined TRACON& Tower with Radar,70,11,66,9,156,0,2,40,0,42,70,13,106,9,198,92,4,96,294
12/17/2009,RFD,IL,AGL,CE,Combined TRACON& Tower with Radar,65,2,33,3,103,0,0,42,0,42,65,2,75,3,145,52,0,52,197
12/18/2009,RFD,IL,AGL,CE,Combined TRACON& Tower with Radar,51,5,35,0,91,0,2,2,0,4,51,7,37,0,95,18,0,18,113
12/19/2009,RFD,IL,AGL,CE,Combined TRACON& Tower with Radar,11,1,14,0,26,0,0,2,0,2,11,1,16,0,28,6,0,6,34
12/20/2009,RFD,IL,AGL,CE,Combined TRACON& Tower with Radar,15,2,13,0,30,0,0,0,2,2,15,2,13,2,32,2,0,2,34
12/21/2009,RFD,IL,AGL,CE,Combined TRACON& Tower with Radar,33,2,16,7,58,0,0,1,0,1,33,2,17,7,59,38,0,38,97
12/22/2009,RFD,IL,AGL,CE,Combined TRACON& Tower with Radar,90,8,21,2,121,0,0,2,0,2,90,8,23,2,123,6,2,8,131
12/23/2009,RFD,IL,AGL,CE,Combined TRACON& Tower with Radar,89,4,11,0,104,0,2,0,0,2,89,6,11,0,106,0,0,0,106
12/24/2009,RFD,IL,AGL,CE,Combined TRACON& Tower with Radar,67,0,3,0,70,0,0,0,0,0,67,0,3,0,70,0,0,0,70
12/25/2009,RFD,IL,AGL,CE,Combined TRACON& Tower with Radar,9,1,0,0,10,0,0,0,0,0,9,1,0,0,10,0,0,0,10
12/26/2009,RFD,IL,AGL,CE,Combined TRACON& Tower with Radar,8,1,7,0,16,0,0,0,0,0,8,1,7,0,16,0,0,0,16
12/27/2009,RFD,IL,AGL,CE,Combined TRACON& Tower with Radar,9,0,15,0,24,0,0,1,0,1,9,0,16,0,25,0,0,0,25
12/28/2009,RFD,IL,AGL,CE,Combined TRACON& Tower with Radar,26,1,19,0,46,0,0,11,0,11,26,1,30,0,57,28,0,28,85
12/29/2009,RFD,IL,AGL,CE,Combined TRACON& Tower with Radar,48,1,42,9,100,0,4,67,0,71,48,5,109,9,171,44,26,70,241
12/30/2009,RFD,IL,AGL,CE,Combined TRACON& Tower with Radar,47,1,11,1,60,0,0,0,0,0,47,1,11,1,60,0,0,0,60
12/31/2009,RFD,IL,AGL,CE,Combined TRACON& Tower with Radar,39,0,11,0,50,0,4,1,0,5,39,4,12,0,55,24,0,24,79
01/01/2010,RFD,IL,AGL,CE,Combined TRACON& Tower with Radar,8,0,6,0,14,0,0,10,0,10,8,0,16,0,24,2,0,2,26
01/02/2010,RFD,IL,AGL,CE,Combined TRACON& Tower with Radar,10,0,20,0,30,0,0,16,0,16,10,0,36,0,46,14,0,14,60
01/03/2010,RFD,IL,AGL,CE,Combined TRACON& Tower with Radar,16,4,26,0,46,0,5,25,0,30,16,9,51,0,76,38,0,38,114
01/04/2010,RFD,IL,AGL,CE,Combined TRACON& Tower with Radar,20,0,4,4,28,0,4,20,2,26,20,4,24,6,54,34,12,46,100
01/05/2010,RFD,IL,AGL,CE,Combined TRACON& Tower with Radar,43,2,18,0,63,0,2,27,0,29,43,4,45,0,92,70,0,70,162
01/06/2010,RFD,IL,AGL,CE,Combined TRACON& Tower with Radar,45,16,20,11,92,0,0,4,0,4,45,16,24,11,96,30,12,42,138
01/07/2010,RFD,IL,AGL,CE,Combined TRACON& Tower with Radar,40,0,9,0,49,0,0,0,0,0,40,0,9,0,49,0,0,0,49
01/08/2010,RFD,IL,AGL,CE,Combined TRACON& Tower with Radar,35,3,3,0,41,0,3,16,0,19,35,6,19,0,60,0,0,0,60
01/09/2010,RFD,IL,AGL,CE,Combined TRACON& Tower with Radar,11,0,26,0,37,0,4,33,0,37,11,4,59,0,74,34,0,34,108
01/10/2010,RFD,IL,AGL,CE,Combined TRACON& Tower with Radar,6,1,11,0,18,0,7,23,0,30,6,8,34,0,48,14,0,14,62
01/11/2010,RFD,IL,AGL,CE,Combined TRACON& Tower with Radar,12,2,21,0,35,0,0,19,0,19,12,2,40,0,54,34,0,34,88
01/12/2010,RFD,IL,AGL,CE,Combined TRACON& Tower with Radar,39,3,18,8,68,0,2,33,0,35,39,5,51,8,103,36,12,48,151
01/13/2010,RFD,IL,AGL,CE,Combined TRACON& Tower with Radar,42,0,39,21,102,0,12,41,0,53,42,12,80,21,155,44,54,98,253
01/14/2010,RFD,IL,AGL,CE,Combined TRACON& Tower with Radar,37,7,16,0,60,0,0,6,0,6,37,7,22,0,66,30,0,30,96
01/15/2010,RFD,IL,AGL,CE,Combined TRACON& Tower with Radar,37,2,14,13,66,0,0,0,0,0,37,2,14,13,66,6,22,28,94
01/16/2010,RFD,IL,AGL,CE,Combined TRACON& Tower with Radar,15,2,15,2,34,0,0,0,0,0,15,2,15,2,34,0,0,0,34
01/17/2010,RFD,IL,AGL,CE,Combined TRACON& Tower with Radar,10,2,1,0,13,0,0,0,0,0,10,2,1,0,13,0,0,0,13
01/18/2010,RFD,IL,AGL,CE,Combined TRACON& Tower with Radar,23,2,8,0,33,0,0,0,0,0,23,2,8,0,33,0,0,0,33
01/19/2010,RFD,IL,AGL,CE,Combined TRACON& Tower with Radar,41,0,30,7,78,0,2,41,0,43,41,2,71,7,121,54,10,64,185
01/20/2010,RFD,IL,AGL,CE,Combined TRACON& Tower with Radar,47,1,10,0,58,0,0,5,0,5,47,1,15,0,63,22,0,22,85
01/21/2010,RFD,IL,AGL,CE,Combined TRACON& Tower with Radar,43,4,15,0,62,0,0,5,0,5,43,4,20,0,67,26,0,26,93
01/22/2010,RFD,IL,AGL,CE,Combined TRACON& Tower with Radar,36,12,45,8,101,0,0,2,0,2,36,12,47,8,103,26,6,32,135
01/23/2010,RFD,IL,AGL,CE,Combined TRACON& Tower with Radar,16,3,11,0,30,0,0,0,0,0,16,3,11,0,30,0,0,0,30
01/24/2010,RFD,IL,AGL,CE,Combined TRACON& Tower with Radar,13,0,7,0,20,0,0,0,0,0,13,0,7,0,20,0,0,0,20
01/25/2010,RFD,IL,AGL,CE,Combined TRACON& Tower with Radar,20,6,21,7,54,0,0,2,0,2,20,6,23,7,56,34,0,34,90
01/26/2010,RFD,IL,AGL,CE,Combined TRACON& Tower with Radar,43,5,16,9,73,0,2,14,0,16,43,7,30,9,89,34,16,50,139
01/27/2010,RFD,IL,AGL,CE,Combined TRACON& Tower with Radar,42,4,34,6,86,0,4,13,0,17,42,8,47,6,103,30,14,44,147
01/28/2010,RFD,IL,AGL,CE,Combined TRACON& Tower with Radar,41,5,29,0,75,0,6,45,0,51,41,11,74,0,126,28,0,28,154
01/29/2010,RFD,IL,AGL,CE,Combined TRACON& Tower with Radar,39,10,36,0,85,0,0,46,0,46,39,10,82,0,131,52,0,52,183
01/30/2010,RFD,IL,AGL,CE,Combined TRACON& Tower with Radar,11,3,33,0,47,0,0,29,1,30,11,3,62,1,77,44,0,44,121
01/31/2010,RFD,IL,AGL,CE,Combined TRACON& Tower with Radar,10,4,22,0,36,0,2,39,0,41,10,6,61,0,77,46,0,46,123
02/01/2010,RFD,IL,AGL,CE,Combined TRACON& Tower with Radar,17,0,15,0,32,0,2,16,1,19,17,2,31,1,51,10,0,10,61
02/02/2010,RFD,IL,AGL,CE,Combined TRACON& Tower with Radar,41,2,5,0,48,0,0,2,0,2,41,2,7,0,50,0,0,0,50
02/03/2010,RFD,IL,AGL,CE,Combined TRACON& Tower with Radar,45,5,22,0,72,0,4,27,0,31,45,9,49,0,103,40,0,40,143
02/04/2010,RFD,IL,AGL,CE,Combined TRACON& Tower with Radar,44,2,32,0,78,0,2,15,0,17,44,4,47,0,95,8,0,8,103
02/05/2010,RFD,IL,AGL,CE,Combined TRACON& Tower with Radar,35,9,20,19,83,0,0,11,0,11,35,9,31,19,94,28,32,60,154
02/06/2010,RFD,IL,AGL,CE,Combined TRACON& Tower with Radar,15,1,9,23,48,0,0,32,0,32,15,1,41,23,80,54,30,84,164
02/07/2010,RFD,IL,AGL,CE,Combined TRACON& Tower with Radar,13,8,31,0,52,0,0,32,1,33,13,8,63,1,85,40,0,40,125
02/08/2010,RFD,IL,AGL,CE,Combined TRACON& Tower with Radar,26,2,19,0,47,0,2,8,0,10,26,4,27,0,57,18,0,18,75
02/09/2010,RFD,IL,AGL,CE,Combined TRACON& Tower with Radar,40,10,8,0,58,0,0,0,0,0,40,10,8,0,58,0,0,0,58
02/10/2010,RFD,IL,AGL,CE,Combined TRACON& Tower with Radar,49,17,17,0,83,0,0,8,0,8,49,17,25,0,91,6,0,6,97
02/11/2010,RFD,IL,AGL,CE,Combined TRACON& Tower with Radar,40,2,45,0,87,0,6,48,0,54,40,8,93,0,141,31,0,31,172
02/12/2010,RFD,IL,AGL,CE,Combined TRACON& Tower with Radar,44,6,17,0,67,0,1,25,0,26,44,7,42,0,93,24,0,24,117
02/13/2010,RFD,IL,AGL,CE,Combined TRACON& Tower with Radar,14,2,23,0,39,0,0,24,0,24,14,2,47,0,63,0,0,0,63
02/14/2010,RFD,IL,AGL,CE,Combined TRACON& Tower with Radar,13,1,9,0,23,0,0,30,0,30,13,1,39,0,53,20,0,20,73
02/15/2010,RFD,IL,AGL,CE,Combined TRACON& Tower with Radar,21,6,8,0,35,0,2,19,0,21,21,8,27,0,56,62,0,62,118
02/16/2010,RFD,IL,AGL,CE,Combined TRACON& Tower with Radar,43,1,16,0,60,0,0,21,0,21,43,1,37,0,81,32,0,32,113
02/17/2010,RFD,IL,AGL,CE,Combined TRACON& Tower with Radar,42,5,29,9,85,0,3,17,0,20,42,8,46,9,105,16,26,42,147
02/18/2010,RFD,IL,AGL,CE,Combined TRACON& Tower with Radar,38,10,49,8,105,0,5,66,0,71,38,15,115,8,176,64,8,72,248
02/19/2010,RFD,IL,AGL,CE,Combined TRACON& Tower with Radar,34,7,33,3,77,0,0,60,1,61,34,7,93,4,138,44,0,44,182
02/20/2010,RFD,IL,AGL,CE,Combined TRACON& Tower with Radar,14,1,14,0,29,0,0,0,0,0,14,1,14,0,29,2,0,2,31
02/21/2010,RFD,IL,AGL,CE,Combined TRACON& Tower with Radar,9,1,9,0,19,0,0,2,0,2,9,1,11,0,21,4,0,4,25
02/22/2010,RFD,IL,AGL,CE,Combined TRACON& Tower with Radar,21,7,20,0,48,0,0,0,0,0,21,7,20,0,48,12,0,12,60
02/23/2010,RFD,IL,AGL,CE,Combined TRACON& Tower with Radar,42,6,39,3,90,0,2,24,0,26,42,8,63,3,116,22,0,22,138
02/24/2010,RFD,IL,AGL,CE,Combined TRACON& Tower with Radar,40,5,9,0,54,0,0,2,0,2,40,5,11,0,56,0,0,0,56
02/25/2010,RFD,IL,AGL,CE,Combined TRACON& Tower with Radar,40,1,39,1,81,0,0,65,0,65,40,1,104,1,146,24,0,24,170
02/26/2010,RFD,IL,AGL,CE,Combined TRACON& Tower with Radar,37,0,33,0,70,0,2,38,0,40,37,2,71,0,110,18,0,18,128
02/27/2010,RFD,IL,AGL,CE,Combined TRACON& Tower with Radar,17,3,7,0,27,0,0,17,0,17,17,3,24,0,44,28,0,28,72
02/28/2010,RFD,IL,AGL,CE,Combined TRACON& Tower with Radar,11,1,23,1,36,0,0,17,0,17,11,1,40,1,53,28,0,28,81
03/01/2010,RFD,IL,AGL,CE,Combined TRACON& Tower with Radar,20,7,17,5,49,0,2,26,0,28,20,9,43,5,77,16,6,22,99
03/02/2010,RFD,IL,AGL,CE,Combined TRACON& Tower with Radar,40,5,17,0,62,0,0,21,0,21,40,5,38,0,83,14,0,14,97
03/03/2010,RFD,IL,AGL,CE,Combined TRACON& Tower with Radar,47,5,55,7,114,0,2,50,0,52,47,7,105,7,166,24,2,26,192
03/04/2010,RFD,IL,AGL,CE,Combined TRACON& Tower with Radar,38,16,41,0,95,1,0,68,0,69,39,16,109,0,164,62,0,62,226
03/05/2010,RFD,IL,AGL,CE,Combined TRACON& Tower with Radar,35,2,51,0,88,0,1,71,2,74,35,3,122,2,162,62,0,62,224
03/06/2010,RFD,IL,AGL,CE,Combined TRACON& Tower with Radar,18,0,25,0,43,0,0,68,0,68,18,0,93,0,111,66,0,66,177
03/07/2010,RFD,IL,AGL,CE,Combined TRACON& Tower with Radar,7,2,30,0,39,0,0,1,0,1,7,2,31,0,40,18,0,18,58
03/08/2010,RFD,IL,AGL,CE,Combined TRACON& Tower with Radar,25,6,22,16,69,0,0,2,0,2,25,6,24,16,71,8,0,8,79
03/09/2010,RFD,IL,AGL,CE,Combined TRACON& Tower with Radar,41,5,47,0,93,0,0,17,0,17,41,5,64,0,110,70,0,70,180
03/10/2010,RFD,IL,AGL,CE,Combined TRACON& Tower with Radar,44,3,38,0,85,0,2,8,0,10,44,5,46,0,95,0,0,0,95
03/11/2010,RFD,IL,AGL,CE,Combined TRACON& Tower with Radar,41,11,23,8,83,0,2,13,0,15,41,13,36,8,98,4,8,12,110
03/12/2010,RFD,IL,AGL,CE,Combined TRACON& Tower with Radar,38,14,31,11,94,0,6,30,0,36,38,20,61,11,130,36,2,38,168
03/13/2010,RFD,IL,AGL,CE,Combined TRACON& Tower with Radar,16,3,10,10,39,0,0,1,0,1,16,3,11,10,40,6,12,18,58
03/14/2010,RFD,IL,AGL,CE,Combined TRACON& Tower with Radar,12,0,42,0,54,0,2,11,0,13,12,2,53,0,67,38,0,38,105
03/15/2010,RFD,IL,AGL,CE,Combined TRACON& Tower with Radar,19,5,30,2,56,0,0,39,0,39,19,5,69,2,95,66,0,66,161
03/16/2010,RFD,IL,AGL,CE,Combined TRACON& Tower with Radar,38,7,42,0,87,0,6,68,0,74,38,13,110,0,161,66,0,66,227
03/17/2010,RFD,IL,AGL,CE,Combined TRACON& Tower with Radar,51,6,21,12,90,0,6,65,0,71,51,12,86,12,161,40,26,66,227
03/18/2010,RFD,IL,AGL,CE,Combined TRACON& Tower with Radar,34,2,34,0,70,0,6,61,0,67,34,8,95,0,137,38,0,38,175
03/19/2010,RFD,IL,AGL,CE,Combined TRACON& Tower with Radar,36,1,23,0,60,0,4,46,2,52,36,5,69,2,112,52,0,52,164
03/20/2010,RFD,IL,AGL,CE,Combined TRACON& Tower with Radar,20,0,6,0,26,1,0,0,0,1,21,0,6,0,27,2,0,2,29
03/21/2010,RFD,IL,AGL,CE,Combined TRACON& Tower with Radar,7,4,22,0,33,0,3,24,0,27,7,7,46,0,60,10,0,10,70
03/22/2010,RFD,IL,AGL,CE,Combined TRACON& Tower with Radar,16,0,31,0,47,0,4,45,0,49,16,4,76,0,96,18,0,18,114
03/23/2010,RFD,IL,AGL,CE,Combined TRACON& Tower with Radar,39,4,30,10,83,0,6,36,0,42,39,10,66,10,125,48,12,60,185
03/24/2010,RFD,IL,AGL,CE,Combined TRACON& Tower with Radar,48,7,37,2,94,0,2,51,0,53,48,9,88,2,147,28,0,28,175
03/25/2010,RFD,IL,AGL,CE,Combined TRACON& Tower with Radar,43,4,19,10,76,0,0,12,0,12,43,4,31,10,88,38,0,38,126
03/26/2010,RFD,IL,AGL,CE,Combined TRACON& Tower with Radar,33,5,19,0,57,0,0,58,0,58,33,5,77,0,115,20,0,20,135
03/27/2010,RFD,IL,AGL,CE,Combined TRACON& Tower with Radar,20,1,24,1,46,0,4,44,0,48,20,5,68,1,94,42,0,42,136
03/28/2010,RFD,IL,AGL,CE,Combined TRACON& Tower with Radar,12,3,11,0,26,0,6,21,0,27,12,9,32,0,53,14,0,14,67
03/29/2010,RFD,IL,AGL,CE,Combined TRACON& Tower with Radar,18,4,47,12,81,0,3,39,0,42,18,7,86,12,123,48,2,50,173
03/30/2010,RFD,IL,AGL,CE,Combined TRACON& Tower with Radar,38,7,26,12,83,0,3,20,0,23,38,10,46,12,106,14,0,14,120
03/31/2010,RFD,IL,AGL,CE,Combined TRACON& Tower with Radar,47,9,15,0,71,0,2,39,0,41,47,11,54,0,112,18,0,18,130
04/01/2010,RFD,IL,AGL,CE,Combined TRACON& Tower with Radar,40,4,25,6,75,0,9,39,0,48,40,13,64,6,123,32,0,32,155
04/02/2010,RFD,IL,AGL,CE,Combined TRACON& Tower with Radar,32,0,15,0,47,0,7,30,0,37,32,7,45,0,84,28,0,28,112
04/03/2010,RFD,IL,AGL,CE,Combined TRACON& Tower with Radar,21,1,15,0,37,0,4,14,0,18,21,5,29,0,55,26,0,26,81
04/04/2010,RFD,IL,AGL,CE,Combined TRACON& Tower with Radar,9,1,8,0,18,0,2,10,0,12,9,3,18,0,30,4,0,4,34
04/05/2010,RFD,IL,AGL,CE,Combined TRACON& Tower with Radar,24,2,23,2,51,0,1,48,0,49,24,3,71,2,100,34,0,34,134
04/06/2010,RFD,IL,AGL,CE,Combined TRACON& Tower with Radar,42,3,22,1,68,0,0,7,0,7,42,3,29,1,75,6,0,6,81
04/07/2010,RFD,IL,AGL,CE,Combined TRACON& Tower with Radar,39,0,19,1,59,0,0,0,0,0,39,0,19,1,59,0,0,0,59
04/08/2010,RFD,IL,AGL,CE,Combined TRACON& Tower with Radar,39,8,16,0,63,0,2,10,0,12,39,10,26,0,75,8,0,8,83
04/09/2010,RFD,IL,AGL,CE,Combined TRACON& Tower with Radar,36,3,53,1,93,0,1,76,1,78,36,4,129,2,171,36,2,38,209
04/10/2010,RFD,IL,AGL,CE,Combined TRACON& Tower with Radar,15,0,33,0,48,0,2,42,0,44,15,2,75,0,92,30,0,30,122
04/11/2010,RFD,IL,AGL,CE,Combined TRACON& Tower with Radar,9,0,29,3,41,0,3,26,0,29,9,3,55,3,70,10,0,10,80
04/12/2010,RFD,IL,AGL,CE,Combined TRACON& Tower with Radar,20,4,27,0,51,0,2,24,1,27,20,6,51,1,78,14,0,14,92
04/13/2010,RFD,IL,AGL,CE,Combined TRACON& Tower with Radar,41,1,31,6,79,0,2,43,0,45,41,3,74,6,124,34,12,46,170
04/14/2010,RFD,IL,AGL,CE,Combined TRACON& Tower with Radar,37,3,36,0,76,0,2,26,0,28,37,5,62,0,104,40,0,40,144
04/15/2010,RFD,IL,AGL,CE,Combined TRACON& Tower with Radar,43,2,29,0,74,0,0,36,0,36,43,2,65,0,110,12,0,12,122
04/16/2010,RFD,IL,AGL,CE,Combined TRACON& Tower with Radar,30,4,27,2,63,0,2,20,0,22,30,6,47,2,85,22,0,22,107
04/17/2010,RFD,IL,AGL,CE,Combined TRACON& Tower with Radar,8,1,25,20,54,0,0,15,0,15,8,1,40,20,69,46,26,72,141
04/18/2010,RFD,IL,AGL,CE,Combined TRACON& Tower with Radar,3,1,34,0,38,0,5,42,0,47,3,6,76,0,85,62,1,63,148
04/19/2010,RFD,IL,AGL,CE,Combined TRACON& Tower with Radar,21,3,24,0,48,0,4,38,1,43,21,7,62,1,91,10,0,10,101
04/20/2010,RFD,IL,AGL,CE,Combined TRACON& Tower with Radar,38,8,29,0,75,0,0,62,2,64,38,8,91,2,139,66,0,66,205
04/21/2010,RFD,IL,AGL,CE,Combined TRACON& Tower with Radar,42,14,50,1,107,0,0,54,0,54,42,14,104,1,161,66,0,66,227
04/22/2010,RFD,IL,AGL,CE,Combined TRACON& Tower with Radar,40,8,42,0,90,0,1,33,0,34,40,9,75,0,124,20,0,20,144
04/23/2010,RFD,IL,AGL,CE,Combined TRACON& Tower with Radar,33,7,33,0,73,0,2,28,0,30,33,9,61,0,103,28,0,28,131
04/24/2010,RFD,IL,AGL,CE,Combined TRACON& Tower with Radar,17,3,27,0,47,0,0,0,0,0,17,3,27,0,47,8,0,8,55
04/25/2010,RFD,IL,AGL,CE,Combined TRACON& Tower with Radar,6,2,49,0,57,0,0,1,0,1,6,2,50,0,58,20,2,22,80
04/26/2010,RFD,IL,AGL,CE,Combined TRACON& Tower with Radar,17,14,35,8,74,0,3,38,1,42,17,17,73,9,116,38,4,42,158
04/27/2010,RFD,IL,AGL,CE,Combined TRACON& Tower with Radar,35,25,35,0,95,0,6,60,1,67,35,31,95,1,162,70,0,70,232
04/28/2010,RFD,IL,AGL,CE,Combined TRACON& Tower with Radar,43,1,45,1,90,0,2,75,2,79,43,3,120,3,169,70,0,70,239
04/29/2010,RFD,IL,AGL,CE,Combined TRACON& Tower with Radar,40,7,10,0,57,0,4,13,0,17,40,11,23,0,74,0,0,0,74
04/30/2010,RFD,IL,AGL,CE,Combined TRACON& Tower with Radar,34,5,19,5,63,0,0,8,0,8,34,5,27,5,71,6,2,8,79
05/01/2010,RFD,IL,AGL,CE,Combined TRACON& Tower with Radar,13,1,21,5,40,0,0,20,0,20,13,1,41,5,60,6,0,6,66
05/02/2010,RFD,IL,AGL,CE,Combined TRACON& Tower with Radar,13,1,20,2,36,0,4,104,0,108,13,5,124,2,144,46,0,46,190
05/03/2010,RFD,IL,AGL,CE,Combined TRACON& Tower with Radar,19,13,17,0,49,0,4,29,0,33,19,17,46,0,82,12,0,12,94
05/04/2010,RFD,IL,AGL,CE,Combined TRACON& Tower with Radar,36,2,18,2,58,0,6,38,0,44,36,8,56,2,102,4,0,4,106
05/05/2010,RFD,IL,AGL,CE,Combined TRACON& Tower with Radar,35,27,22,0,84,0,5,12,0,17,35,32,34,0,101,12,0,12,113
05/06/2010,RFD,IL,AGL,CE,Combined TRACON& Tower with Radar,38,10,36,13,97,0,5,65,0,70,38,15,101,13,167,24,28,52,219
05/07/2010,RFD,IL,AGL,CE,Combined TRACON& Tower with Radar,43,2,24,0,69,0,0,1,0,1,43,2,25,0,70,2,0,2,72
05/08/2010,RFD,IL,AGL,CE,Combined TRACON& Tower with Radar,7,4,32,0,43,0,2,20,8,30,7,6,52,8,73,14,0,14,87
05/09/2010,RFD,IL,AGL,CE,Combined TRACON& Tower with Radar,6,0,21,0,27,0,1,49,0,50,6,1,70,0,77,42,0,42,119
05/10/2010,RFD,IL,AGL,CE,Combined TRACON& Tower with Radar,22,12,23,0,57,0,5,21,0,26,22,17,44,0,83,74,0,74,157
05/11/2010,RFD,IL,AGL,CE,Combined TRACON& Tower with Radar,37,3,38,0,78,0,0,0,0,0,37,3,38,0,78,0,0,0,78
05/12/2010,RFD,IL,AGL,CE,Combined TRACON& Tower with Radar,34,3,36,0,73,0,3,0,0,3,34,6,36,0,76,14,2,16,92
05/13/2010,RFD,IL,AGL,CE,Combined TRACON& Tower with Radar,45,8,17,0,70,0,2,8,0,10,45,10,25,0,80,10,0,10,90
05/14/2010,RFD,IL,AGL,CE,Combined TRACON& Tower with Radar,34,17,31,16,98,0,4,47,0,51,34,21,78,16,149,34,30,64,213
05/15/2010,RFD,IL,AGL,CE,Combined TRACON& Tower with Radar,15,2,32,13,62,0,4,60,0,64,15,6,92,13,126,74,56,130,256
05/16/2010,RFD,IL,AGL,CE,Combined TRACON& Tower with Radar,7,2,34,0,43,0,8,54,0,62,7,10,88,0,105,72,0,72,177
05/17/2010,RFD,IL,AGL,CE,Combined TRACON& Tower with Radar,18,4,27,0,49,0,0,23,0,23,18,4,50,0,72,34,0,34,106
05/18/2010,RFD,IL,AGL,CE,Combined TRACON& Tower with Radar,42,1,22,0,65,0,0,38,0,38,42,1,60,0,103,38,0,38,141
05/19/2010,RFD,IL,AGL,CE,Combined TRACON& Tower with Radar,42,11,30,0,83,0,2,56,0,58,42,13,86,0,141,34,0,34,175
05/20/2010,RFD,IL,AGL,CE,Combined TRACON& Tower with Radar,40,3,35,0,78,0,3,44,0,47,40,6,79,0,125,12,0,12,137
05/21/2010,RFD,IL,AGL,CE,Combined TRACON& Tower with Radar,32,4,32,0,68,0,0,14,0,14,32,4,46,0,82,12,0,12,94
05/22/2010,RFD,IL,AGL,CE,Combined TRACON& Tower with Radar,18,2,38,7,65,0,4,18,0,22,18,6,56,7,87,14,8,22,109
05/23/2010,RFD,IL,AGL,CE,Combined TRACON& Tower with Radar,9,1,28,1,39,0,0,28,1,29,9,1,56,2,68,74,0,74,142
05/24/2010,RFD,IL,AGL,CE,Combined TRACON& Tower with Radar,17,4,19,0,40,0,5,37,0,42,17,9,56,0,82,24,0,24,106
05/25/2010,RFD,IL,AGL,CE,Combined TRACON& Tower with Radar,36,4,18,0,58,0,0,24,0,24,36,4,42,0,82,0,0,0,82
05/26/2010,RFD,IL,AGL,CE,Combined TRACON& Tower with Radar,52,2,42,0,96,0,0,23,0,23,52,2,65,0,119,4,0,4,123
05/27/2010,RFD,IL,AGL,CE,Combined TRACON& Tower with Radar,39,2,40,0,81,0,2,40,1,43,39,4,80,1,124,0,0,0,124
05/28/2010,RFD,IL,AGL,CE,Combined TRACON& Tower with Radar,33,4,48,0,85,0,0,50,1,51,33,4,98,1,136,30,0,30,166
05/29/2010,RFD,IL,AGL,CE,Combined TRACON& Tower with Radar,21,2,34,0,57,0,0,43,0,43,21,2,77,0,100,54,0,54,154
05/30/2010,RFD,IL,AGL,CE,Combined TRACON& Tower with Radar,6,0,17,0,23,0,2,29,0,31,6,2,46,0,54,62,0,62,116
05/31/2010,RFD,IL,AGL,CE,Combined TRACON& Tower with Radar,10,0,15,0,25,0,6,10,0,16,10,6,25,0,41,20,0,20,61
06/01/2010,RFD,IL,AGL,CE,Combined TRACON& Tower with Radar,13,6,28,8,55,0,0,33,1,34,13,6,61,9,89,58,19,77,166
06/02/2010,RFD,IL,AGL,CE,Combined TRACON& Tower with Radar,44,3,15,0,62,0,0,13,0,13,44,3,28,0,75,3,0,3,78
06/03/2010,RFD,IL,AGL,CE,Combined TRACON& Tower with Radar,48,2,34,9,93,0,8,45,0,53,48,10,79,9,146,24,6,30,176
06/04/2010,RFD,IL,AGL,CE,Combined TRACON& Tower with Radar,37,2,28,1,68,0,6,23,0,29,37,8,51,1,97,24,0,24,121
06/05/2010,RFD,IL,AGL,CE,Combined TRACON& Tower with Radar,17,1,13,0,31,1,0,8,0,9,18,1,21,0,40,0,0,0,40
06/06/2010,RFD,IL,AGL,CE,Combined TRACON& Tower with Radar,8,1,40,0,49,0,6,38,0,44,8,7,78,0,93,68,0,68,161
06/07/2010,RFD,IL,AGL,CE,Combined TRACON& Tower with Radar,19,3,47,0,69,0,2,80,0,82,19,5,127,0,151,88,0,88,239
06/08/2010,RFD,IL,AGL,CE,Combined TRACON& Tower with Radar,39,5,19,0,63,0,4,5,0,9,39,9,24,0,72,14,0,14,86
06/09/2010,RFD,IL,AGL,CE,Combined TRACON& Tower with Radar,42,15,24,0,81,0,0,46,0,46,42,15,70,0,127,44,0,44,171
06/10/2010,RFD,IL,AGL,CE,Combined TRACON& Tower with Radar,56,6,62,12,136,0,0,56,1,57,56,6,118,13,193,24,0,24,217
06/11/2010,RFD,IL,AGL,CE,Combined TRACON& Tower with Radar,51,10,15,13,89,0,0,16,1,17,51,10,31,14,106,0,40,40,146
06/12/2010,RFD,IL,AGL,CE,Combined TRACON& Tower with Radar,20,0,19,22,61,0,6,5,2,13,20,6,24,24,74,16,56,72,146
06/13/2010,RFD,IL,AGL,CE,Combined TRACON& Tower with Radar,6,2,26,2,36,0,0,2,0,2,6,2,28,2,38,5,0,5,43
06/14/2010,RFD,IL,AGL,CE,Combined TRACON& Tower with Radar,23,1,57,0,81,0,4,3,0,7,23,5,60,0,88,12,0,12,100
06/15/2010,RFD,IL,AGL,CE,Combined TRACON& Tower with Radar,43,6,55,2,106,0,1,4,0,5,43,7,59,2,111,4,0,4,115
06/16/2010,RFD,IL,AGL,CE,Combined TRACON& Tower with Radar,40,6,45,8,99,0,3,58,0,61,40,9,103,8,160,34,0,34,194
06/17/2010,RFD,IL,AGL,CE,Combined TRACON& Tower with Radar,46,9,45,6,106,0,3,45,1,49,46,12,90,7,155,28,6,34,189
06/18/2010,RFD,IL,AGL,CE,Combined TRACON& Tower with Radar,37,23,27,0,87,0,0,19,1,20,37,23,46,1,107,14,0,14,121
06/19/2010,RFD,IL,AGL,CE,Combined TRACON& Tower with Radar,16,17,35,0,68,0,6,33,0,39,16,23,68,0,107,92,0,92,199
06/20/2010,RFD,IL,AGL,CE,Combined TRACON& Tower with Radar,9,2,15,1,27,0,1,32,0,33,9,3,47,1,60,58,0,58,118
06/21/2010,RFD,IL,AGL,CE,Combined TRACON& Tower with Radar,21,5,46,1,73,0,2,12,0,14,21,7,58,1,87,2,0,2,89
06/22/2010,RFD,IL,AGL,CE,Combined TRACON& Tower with Radar,46,13,39,0,98,0,0,33,1,34,46,13,72,1,132,32,0,32,164
06/23/2010,RFD,IL,AGL,CE,Combined TRACON& Tower with Radar,50,9,33,2,94,0,2,4,0,6,50,11,37,2,100,16,0,16,116
06/24/2010,RFD,IL,AGL,CE,Combined TRACON& Tower with Radar,42,10,22,0,74,0,7,48,0,55,42,17,70,0,129,68,0,68,197
06/25/2010,RFD,IL,AGL,CE,Combined TRACON& Tower with Radar,36,5,52,7,100,0,2,50,0,52,36,7,102,7,152,80,21,101,253
06/26/2010,RFD,IL,AGL,CE,Combined TRACON& Tower with Radar,22,11,17,0,50,0,1,26,0,27,22,12,43,0,77,42,0,42,119
06/27/2010,RFD,IL,AGL,CE,Combined TRACON& Tower with Radar,11,2,28,1,42,0,2,9,0,11,11,4,37,1,53,0,0,0,53
06/28/2010,RFD,IL,AGL,CE,Combined TRACON& Tower with Radar,20,3,34,6,63,0,0,50,0,50,20,3,84,6,113,54,8,62,175
06/29/2010,RFD,IL,AGL,CE,Combined TRACON& Tower with Radar,43,9,30,0,82,0,5,79,0,84,43,14,109,0,166,42,2,44,210
06/30/2010,RFD,IL,AGL,CE,Combined TRACON& Tower with Radar,38,3,48,1,90,0,3,75,2,80,38,6,123,3,170,44,0,44,214
07/01/2010,RFD,IL,AGL,CE,Combined TRACON& Tower with Radar,40,3,19,3,65,0,2,74,0,76,40,5,93,3,141,24,0,24,165
07/02/2010,RFD,IL,AGL,CE,Combined TRACON& Tower with Radar,35,10,32,1,78,0,0,60,0,60,35,10,92,1,138,132,2,134,272
07/03/2010,RFD,IL,AGL,CE,Combined TRACON& Tower with Radar,12,1,20,0,33,0,2,33,0,35,12,3,53,0,68,24,0,24,92
07/04/2010,RFD,IL,AGL,CE,Combined TRACON& Tower with Radar,10,3,6,1,20,0,5,18,0,23,10,8,24,1,43,12,0,12,55
07/05/2010,RFD,IL,AGL,CE,Combined TRACON& Tower with Radar,10,1,19,1,31,0,4,19,0,23,10,5,38,1,54,12,0,12,66
07/06/2010,RFD,IL,AGL,CE,Combined TRACON& Tower with Radar,24,7,46,18,95,0,4,21,0,25,24,11,67,18,120,30,0,30,150
07/07/2010,RFD,IL,AGL,CE,Combined TRACON& Tower with Radar,47,4,24,0,75,0,1,15,1,17,47,5,39,1,92,54,0,54,146
07/08/2010,RFD,IL,AGL,CE,Combined TRACON& Tower with Radar,50,6,34,0,90,0,9,31,0,40,50,15,65,0,130,18,0,18,148
07/09/2010,RFD,IL,AGL,CE,Combined TRACON& Tower with Radar,41,11,28,8,88,0,1,62,1,64,41,12,90,9,152,28,13,41,193
07/10/2010,RFD,IL,AGL,CE,Combined TRACON& Tower with Radar,18,2,24,6,50,0,6,38,3,47,18,8,62,9,97,48,7,55,152
07/11/2010,RFD,IL,AGL,CE,Combined TRACON& Tower with Radar,7,7,35,4,53,0,4,31,0,35,7,11,66,4,88,42,0,42,130
07/12/2010,RFD,IL,AGL,CE,Combined TRACON& Tower with Radar,20,5,39,0,64,0,0,27,2,29,20,5,66,2,93,54,0,54,147
07/13/2010,RFD,IL,AGL,CE,Combined TRACON& Tower with Radar,45,1,42,27,115,0,0,60,0,60,45,1,102,27,175,58,22,80,255
07/14/2010,RFD,IL,AGL,CE,Combined TRACON& Tower with Radar,39,6,51,6,102,0,12,24,0,36,39,18,75,6,138,42,36,78,216
07/15/2010,RFD,IL,AGL,CE,Combined TRACON& Tower with Radar,41,8,36,5,90,0,16,33,0,49,41,24,69,5,139,10,0,10,149
07/16/2010,RFD,IL,AGL,CE,Combined TRACON& Tower with Radar,32,6,26,0,64,0,3,49,0,52,32,9,75,0,116,26,0,26,142
07/17/2010,RFD,IL,AGL,CE,Combined TRACON& Tower with Radar,17,1,10,1,29,0,1,30,2,33,17,2,40,3,62,10,0,10,72
07/18/2010,RFD,IL,AGL,CE,Combined TRACON& Tower with Radar,9,2,17,0,28,0,2,15,0,17,9,4,32,0,45,28,0,28,73
07/19/2010,RFD,IL,AGL,CE,Combined TRACON& Tower with Radar,26,5,31,0,62,0,1,29,0,30,26,6,60,0,92,20,0,20,112
07/20/2010,RFD,IL,AGL,CE,Combined TRACON& Tower with Radar,42,12,62,8,124,0,4,16,0,20,42,16,78,8,144,28,14,42,186
07/21/2010,RFD,IL,AGL,CE,Combined TRACON& Tower with Radar,45,11,48,16,120,0,6,51,1,58,45,17,99,17,178,56,24,80,258
07/22/2010,RFD,IL,AGL,CE,Combined TRACON& Tower with Radar,43,10,33,3,89,0,2,37,0,39,43,12,70,3,128,16,0,16,144
07/23/2010,RFD,IL,AGL,CE,Combined TRACON& Tower with Radar,37,3,51,0,91,0,6,77,0,83,37,9,128,0,174,28,0,28,202
07/24/2010,RFD,IL,AGL,CE,Combined TRACON& Tower with Radar,13,1,27,2,43,0,9,103,0,112,13,10,130,2,155,2,0,2,157
07/25/2010,RFD,IL,AGL,CE,Combined TRACON& Tower with Radar,6,2,22,0,30,0,2,55,0,57,6,4,77,0,87,12,0,12,99
07/26/2010,RFD,IL,AGL,CE,Combined TRACON& Tower with Radar,25,2,29,2,58,0,3,57,0,60,25,5,86,2,118,2,0,2,120
07/27/2010,RFD,IL,AGL,CE,Combined TRACON& Tower with Radar,45,8,26,12,91,0,0,54,0,54,45,8,80,12,145,8,14,22,167
07/28/2010,RFD,IL,AGL,CE,Combined TRACON& Tower with Radar,38,3,24,2,67,0,4,21,0,25,38,7,45,2,92,0,0,0,92
07/29/2010,RFD,IL,AGL,CE,Combined TRACON& Tower with Radar,37,11,22,23,93,0,0,44,6,50,37,11,66,29,143,12,18,30,173
07/30/2010,RFD,IL,AGL,CE,Combined TRACON& Tower with Radar,21,2,3,3,29,0,0,11,0,11,21,2,14,3,40,6,0,6,46
07/31/2010,RFD,IL,AGL,CE,Combined TRACON& Tower with Radar,8,0,16,0,24,0,6,8,8,22,8,6,24,8,46,4,22,26,72
08/01/2010,RFD,IL,AGL,CE,Combined TRACON& Tower with Radar,14,1,10,6,31,0,14,47,1,62,14,15,57,7,93,40,0,40,133
08/02/2010,RFD,IL,AGL,CE,Combined TRACON& Tower with Radar,22,2,22,10,56,0,2,68,2,72,22,4,90,12,128,46,6,52,180
08/03/2010,RFD,IL,AGL,CE,Combined TRACON& Tower with Radar,38,3,29,0,70,0,3,17,0,20,38,6,46,0,90,42,0,42,132
08/04/2010,RFD,IL,AGL,CE,Combined TRACON& Tower with Radar,50,4,26,0,80,0,4,10,0,14,50,8,36,0,94,38,0,38,132
08/05/2010,RFD,IL,AGL,CE,Combined TRACON& Tower with Radar,38,10,50,16,114,0,4,56,0,60,38,14,106,16,174,10,0,10,184
08/06/2010,RFD,IL,AGL,CE,Combined TRACON& Tower with Radar,34,10,38,0,82,0,2,58,0,60,34,12,96,0,142,13,0,13,155
08/07/2010,RFD,IL,AGL,CE,Combined TRACON& Tower with Radar,10,5,34,0,49,0,0,49,0,49,10,5,83,0,98,90,0,90,188
08/08/2010,RFD,IL,AGL,CE,Combined TRACON& Tower with Radar,6,1,8,0,15,0,0,19,0,19,6,1,27,0,34,4,0,4,38
08/09/2010,RFD,IL,AGL,CE,Combined TRACON& Tower with Radar,26,2,11,0,39,0,0,29,0,29,26,2,40,0,68,14,0,14,82
08/10/2010,RFD,IL,AGL,CE,Combined TRACON& Tower with Radar,40,5,17,0,62,0,2,15,0,17,40,7,32,0,79,0,0,0,79
08/11/2010,RFD,IL,AGL,CE,Combined TRACON& Tower with Radar,44,4,30,0,78,0,4,28,0,32,44,8,58,0,110,28,0,28,138
08/12/2010,RFD,IL,AGL,CE,Combined TRACON& Tower with Radar,43,6,38,1,88,0,2,39,4,45,43,8,77,5,133,32,4,36,169
08/13/2010,RFD,IL,AGL,CE,Combined TRACON& Tower with Radar,35,5,25,1,66,0,4,26,0,30,35,9,51,1,96,4,0,4,100
08/14/2010,RFD,IL,AGL,CE,Combined TRACON& Tower with Radar,13,3,38,14,68,0,0,35,1,36,13,3,73,15,104,78,0,78,182
08/15/2010,RFD,IL,AGL,CE,Combined TRACON& Tower with Radar,7,3,22,8,40,0,0,43,1,44,7,3,65,9,84,38,16,54,138
08/16/2010,RFD,IL,AGL,CE,Combined TRACON& Tower with Radar,18,1,29,0,48,0,0,36,0,36,18,1,65,0,84,72,0,72,156
08/17/2010,RFD,IL,AGL,CE,Combined TRACON& Tower with Radar,38,7,21,6,72,0,2,33,0,35,38,9,54,6,107,22,14,36,143
08/18/2010,RFD,IL,AGL,CE,Combined TRACON& Tower with Radar,35,0,27,2,64,0,3,62,0,65,35,3,89,2,129,16,0,16,145
08/19/2010,RFD,IL,AGL,CE,Combined TRACON& Tower with Radar,48,1,40,9,98,0,3,39,0,42,48,4,79,9,140,10,0,10,150
08/20/2010,RFD,IL,AGL,CE,Combined TRACON& Tower with Radar,37,1,20,2,60,0,0,21,0,21,37,1,41,2,81,26,0,26,107
08/21/2010,RFD,IL,AGL,CE,Combined TRACON& Tower with Radar,10,1,39,0,50,0,2,12,0,14,10,3,51,0,64,64,0,64,128
08/22/2010,RFD,IL,AGL,CE,Combined TRACON& Tower with Radar,9,0,29,4,42,0,2,33,0,35,9,2,62,4,77,26,12,38,115
08/23/2010,RFD,IL,AGL,CE,Combined TRACON& Tower with Radar,20,1,35,3,59,0,2,83,0,85,20,3,118,3,144,34,0,34,178
08/24/2010,RFD,IL,AGL,CE,Combined TRACON& Tower with Radar,36,13,32,0,81,0,0,41,0,41,36,13,73,0,122,32,0,32,154
08/25/2010,RFD,IL,AGL,CE,Combined TRACON& Tower with Radar,36,1,27,0,64,0,0,35,0,35,36,1,62,0,99,20,0,20,119
08/26/2010,RFD,IL,AGL,CE,Combined TRACON& Tower with Radar,36,2,24,0,62,0,6,62,0,68,36,8,86,0,130,24,0,24,154
08/27/2010,RFD,IL,AGL,CE,Combined TRACON& Tower with Radar,32,3,24,0,59,0,2,27,0,29,32,5,51,0,88,62,0,62,150
08/28/2010,RFD,IL,AGL,CE,Combined TRACON& Tower with Radar,12,3,25,6,46,0,6,37,4,47,12,9,62,10,93,46,8,54,147
08/29/2010,RFD,IL,AGL,CE,Combined TRACON& Tower with Radar,5,1,20,0,26,0,0,23,0,23,5,1,43,0,49,12,0,12,61
08/30/2010,RFD,IL,AGL,CE,Combined TRACON& Tower with Radar,18,6,30,4,58,0,2,56,0,58,18,8,86,4,116,24,0,24,140
08/31/2010,RFD,IL,AGL,CE,Combined TRACON& Tower with Radar,35,4,39,0,78,0,8,6,0,14,35,12,45,0,92,6,0,6,98
09/01/2010,RFD,IL,AGL,CE,Combined TRACON& Tower with Radar,38,8,50,8,104,0,0,14,0,14,38,8,64,8,118,14,0,14,132
09/02/2010,RFD,IL,AGL,CE,Combined TRACON& Tower with Radar,44,3,26,14,87,0,2,13,0,15,44,5,39,14,102,12,38,50,152
09/03/2010,RFD,IL,AGL,CE,Combined TRACON& Tower with Radar,34,6,24,0,64,0,0,14,0,14,34,6,38,0,78,2,0,2,80
09/04/2010,RFD,IL,AGL,CE,Combined TRACON& Tower with Radar,7,1,29,0,37,0,4,36,0,40,7,5,65,0,77,20,0,20,97
09/05/2010,RFD,IL,AGL,CE,Combined TRACON& Tower with Radar,9,1,21,0,31,0,2,31,0,33,9,3,52,0,64,24,0,24,88
09/06/2010,RFD,IL,AGL,CE,Combined TRACON& Tower with Radar,6,1,10,0,17,0,0,23,0,23,6,1,33,0,40,6,0,6,46
09/07/2010,RFD,IL,AGL,CE,Combined TRACON& Tower with Radar,18,1,12,0,31,0,4,6,0,10,18,5,18,0,41,0,0,0,41
09/08/2010,RFD,IL,AGL,CE,Combined TRACON& Tower with Radar,35,18,46,0,99,0,2,64,0,66,35,20,110,0,165,82,2,84,249
09/09/2010,RFD,IL,AGL,CE,Combined TRACON& Tower with Radar,34,8,46,0,88,0,3,48,0,51,34,11,94,0,139,24,0,24,163
09/10/2010,RFD,IL,AGL,CE,Combined TRACON& Tower with Radar,33,5,36,16,90,0,2,66,2,70,33,7,102,18,160,56,20,76,236
09/11/2010,RFD,IL,AGL,CE,Combined TRACON& Tower with Radar,12,0,45,2,59,0,0,12,0,12,12,0,57,2,71,4,0,4,75
09/12/2010,RFD,IL,AGL,CE,Combined TRACON& Tower with Radar,4,5,29,4,42,0,2,47,0,49,4,7,76,4,91,22,0,22,113
09/13/2010,RFD,IL,AGL,CE,Combined TRACON& Tower with Radar,20,1,31,0,52,0,2,57,2,61,20,3,88,2,113,66,0,66,179
09/14/2010,RFD,IL,AGL,CE,Combined TRACON& Tower with Radar,37,6,20,6,69,0,1,45,0,46,37,7,65,6,115,24,0,24,139
09/15/2010,RFD,IL,AGL,CE,Combined TRACON& Tower with Radar,38,7,22,4,71,0,2,42,0,44,38,9,64,4,115,50,26,76,191
09/16/2010,RFD,IL,AGL,CE,Combined TRACON& Tower with Radar,37,8,23,10,78,0,2,29,0,31,37,10,52,10,109,20,0,20,129
09/17/2010,RFD,IL,AGL,CE,Combined TRACON& Tower with Radar,31,10,38,0,79,0,4,56,0,60,31,14,94,0,139,84,0,84,223
09/18/2010,RFD,IL,AGL,CE,Combined TRACON& Tower with Radar,16,3,24,0,43,0,0,9,0,9,16,3,33,0,52,18,0,18,70
09/19/2010,RFD,IL,AGL,CE,Combined TRACON& Tower with Radar,8,2,21,0,31,0,0,25,0,25,8,2,46,0,56,37,1,38,94
09/20/2010,RFD,IL,AGL,CE,Combined TRACON& Tower with Radar,17,13,13,0,43,0,0,26,4,30,17,13,39,4,73,22,0,22,95
09/21/2010,RFD,IL,AGL,CE,Combined TRACON& Tower with Radar,35,4,18,4,61,0,0,19,0,19,35,4,37,4,80,12,14,26,106
09/22/2010,RFD,IL,AGL,CE,Combined TRACON& Tower with Radar,41,8,71,0,120,0,0,17,0,17,41,8,88,0,137,26,0,26,163
09/23/2010,RFD,IL,AGL,CE,Combined TRACON& Tower with Radar,35,5,22,0,62,1,0,15,0,16,36,5,37,0,78,10,0,10,88
09/24/2010,RFD,IL,AGL,CE,Combined TRACON& Tower with Radar,26,1,24,0,51,0,2,21,0,23,26,3,45,0,74,12,0,12,86
09/25/2010,RFD,IL,AGL,CE,Combined TRACON& Tower with Radar,14,4,24,0,42,0,4,469,0,473,14,8,493,0,515,4,0,4,519
09/26/2010,RFD,IL,AGL,CE,Combined TRACON& Tower with Radar,2,8,22,0,32,0,0,48,0,48,2,8,70,0,80,18,0,18,98
09/27/2010,RFD,IL,AGL,CE,Combined TRACON& Tower with Radar,16,5,35,0,56,0,2,55,0,57,16,7,90,0,113,32,0,32,145
09/28/2010,RFD,IL,AGL,CE,Combined TRACON& Tower with Radar,39,4,57,7,107,0,2,59,0,61,39,6,116,7,168,48,16,64,232
09/29/2010,RFD,IL,AGL,CE,Combined TRACON& Tower with Radar,41,13,28,0,82,0,2,46,0,48,41,15,74,0,130,58,0,58,188
09/30/2010,RFD,IL,AGL,CE,Combined TRACON& Tower with Radar,40,3,44,0,87,0,0,43,1,44,40,3,87,1,131,68,0,68,199
10/01/2010,RFD,IL,AGL,CE,Combined TRACON& Tower with Radar,39,19,36,0,94,0,0,53,0,53,39,19,89,0,147,32,0,32,179
10/02/2010,RFD,IL,AGL,CE,Combined TRACON& Tower with Radar,12,1,14,0,27,0,2,13,0,15,12,3,27,0,42,10,0,10,52
10/03/2010,RFD,IL,AGL,CE,Combined TRACON& Tower with Radar,8,5,35,0,48,0,0,34,0,34,8,5,69,0,82,52,0,52,134
10/04/2010,RFD,IL,AGL,CE,Combined TRACON& Tower with Radar,22,5,13,0,40,0,6,29,0,35,22,11,42,0,75,28,0,28,103
10/05/2010,RFD,IL,AGL,CE,Combined TRACON& Tower with Radar,40,3,14,0,57,0,4,45,0,49,40,7,59,0,106,16,0,16,122
10/06/2010,RFD,IL,AGL,CE,Combined TRACON& Tower with Radar,33,18,26,0,77,0,0,33,0,33,33,18,59,0,110,24,0,24,134
10/07/2010,RFD,IL,AGL,CE,Combined TRACON& Tower with Radar,41,2,25,0,68,0,0,30,0,30,41,2,55,0,98,28,0,28,126
10/08/2010,RFD,IL,AGL,CE,Combined TRACON& Tower with Radar,38,4,33,0,75,0,2,30,0,32,38,6,63,0,107,26,0,26,133
10/09/2010,RFD,IL,AGL,CE,Combined TRACON& Tower with Radar,11,2,8,0,21,0,0,54,1,55,11,2,62,1,76,44,0,44,120
10/10/2010,RFD,IL,AGL,CE,Combined TRACON& Tower with Radar,6,2,11,2,21,0,7,45,0,52,6,9,56,2,73,44,0,44,117
10/11/2010,RFD,IL,AGL,CE,Combined TRACON& Tower with Radar,20,2,41,0,63,0,0,34,0,34,20,2,75,0,97,66,0,66,163
10/12/2010,RFD,IL,AGL,CE,Combined TRACON& Tower with Radar,41,11,18,7,77,0,2,34,0,36,41,13,52,7,113,14,12,26,139
10/13/2010,RFD,IL,AGL,CE,Combined TRACON& Tower with Radar,35,2,22,0,59,0,1,24,1,26,35,3,46,1,85,56,0,56,141
10/14/2010,RFD,IL,AGL,CE,Combined TRACON& Tower with Radar,42,0,32,1,75,0,7,41,0,48,42,7,73,1,123,16,0,16,139
10/15/2010,RFD,IL,AGL,CE,Combined TRACON& Tower with Radar,44,3,35,1,83,0,2,39,0,41,44,5,74,1,124,0,0,0,124
10/16/2010,RFD,IL,AGL,CE,Combined TRACON& Tower with Radar,11,0,21,0,32,0,0,41,0,41,11,0,62,0,73,0,0,0,73
10/17/2010,RFD,IL,AGL,CE,Combined TRACON& Tower with Radar,3,2,16,0,21,0,0,39,0,39,3,2,55,0,60,0,0,0,60
10/18/2010,RFD,IL,AGL,CE,Combined TRACON& Tower with Radar,26,2,26,8,62,0,6,18,0,24,26,8,44,8,86,52,0,52,138
10/19/2010,RFD,IL,AGL,CE,Combined TRACON& Tower with Radar,36,6,18,0,60,0,2,31,0,33,36,8,49,0,93,14,0,14,107
10/20/2010,RFD,IL,AGL,CE,Combined TRACON& Tower with Radar,36,1,33,0,70,0,2,13,0,15,36,3,46,0,85,6,0,6,91
10/21/2010,RFD,IL,AGL,CE,Combined TRACON& Tower with Radar,38,2,26,0,66,0,0,30,0,30,38,2,56,0,96,40,0,40,136
10/22/2010,RFD,IL,AGL,CE,Combined TRACON& Tower with Radar,40,8,21,0,69,0,4,46,0,50,40,12,67,0,119,34,0,34,153
10/23/2010,RFD,IL,AGL,CE,Combined TRACON& Tower with Radar,9,0,12,0,21,0,0,6,0,6,9,0,18,0,27,16,0,16,43
10/24/2010,RFD,IL,AGL,CE,Combined TRACON& Tower with Radar,7,2,16,0,25,0,2,5,0,7,7,4,21,0,32,30,0,30,62
10/25/2010,RFD,IL,AGL,CE,Combined TRACON& Tower with Radar,19,1,24,0,44,0,8,13,0,21,19,9,37,0,65,52,2,54,119
10/26/2010,RFD,IL,AGL,CE,Combined TRACON& Tower with Radar,34,1,6,0,41,0,0,0,0,0,34,1,6,0,41,0,0,0,41
10/27/2010,RFD,IL,AGL,CE,Combined TRACON& Tower with Radar,33,3,14,0,50,0,2,3,0,5,33,5,17,0,55,0,0,0,55
10/28/2010,RFD,IL,AGL,CE,Combined TRACON& Tower with Radar,37,10,36,3,86,0,0,14,0,14,37,10,50,3,100,0,0,0,100
10/29/2010,RFD,IL,AGL,CE,Combined TRACON& Tower with Radar,37,7,41,2,87,0,4,56,4,64,37,11,97,6,151,112,0,112,263
10/30/2010,RFD,IL,AGL,CE,Combined TRACON& Tower with Radar,12,2,17,0,31,0,2,33,0,35,12,4,50,0,66,18,0,18,84
10/31/2010,RFD,IL,AGL,CE,Combined TRACON& Tower with Radar,5,1,16,0,22,0,0,18,0,18,5,1,34,0,40,18,0,18,58
11/01/2010,RFD,IL,AGL,CE,Combined TRACON& Tower with Radar,28,2,23,16,69,0,2,27,2,31,28,4,50,18,100,20,22,42,142
11/02/2010,RFD,IL,AGL,CE,Combined TRACON& Tower with Radar,34,2,15,4,55,0,0,46,0,46,34,2,61,4,101,48,10,58,159
11/03/2010,RFD,IL,AGL,CE,Combined TRACON& Tower with Radar,36,3,32,0,71,0,0,37,0,37,36,3,69,0,108,22,0,22,130
11/04/2010,RFD,IL,AGL,CE,Combined TRACON& Tower with Radar,35,6,21,1,63,0,3,20,0,23,35,9,41,1,86,95,0,95,181
11/05/2010,RFD,IL,AGL,CE,Combined TRACON& Tower with Radar,33,11,24,0,68,0,2,55,0,57,33,13,79,0,125,20,0,20,145
11/06/2010,RFD,IL,AGL,CE,Combined TRACON& Tower with Radar,10,2,19,0,31,0,2,32,0,34,10,4,51,0,65,14,0,14,79
11/07/2010,RFD,IL,AGL,CE,Combined TRACON& Tower with Radar,4,5,22,0,31,0,0,25,0,25,4,5,47,0,56,24,0,24,80
11/08/2010,RFD,IL,AGL,CE,Combined TRACON& Tower with Radar,20,0,20,0,40,0,1,34,3,38,20,1,54,3,78,12,0,12,90
11/09/2010,RFD,IL,AGL,CE,Combined TRACON& Tower with Radar,34,9,26,10,79,0,4,45,0,49,34,13,71,10,128,82,2,84,212
11/10/2010,RFD,IL,AGL,CE,Combined TRACON& Tower with Radar,43,5,37,0,85,0,3,37,0,40,43,8,74,0,125,65,0,65,190
11/11/2010,RFD,IL,AGL,CE,Combined TRACON& Tower with Radar,39,4,17,0,60,0,0,35,0,35,39,4,52,0,95,38,0,38,133
11/12/2010,RFD,IL,AGL,CE,Combined TRACON& Tower with Radar,36,5,25,21,87,0,3,16,0,19,36,8,41,21,106,32,12,44,150
11/13/2010,RFD,IL,AGL,CE,Combined TRACON& Tower with Radar,11,1,33,16,61,0,0,3,0,3,11,1,36,16,64,34,54,88,152
11/14/2010,RFD,IL,AGL,CE,Combined TRACON& Tower with Radar,6,0,8,0,14,0,0,16,1,17,6,0,24,1,31,52,0,52,83
11/15/2010,RFD,IL,AGL,CE,Combined TRACON& Tower with Radar,24,2,30,0,56,0,4,52,1,57,24,6,82,1,113,60,0,60,173
11/16/2010,RFD,IL,AGL,CE,Combined TRACON& Tower with Radar,41,3,43,8,95,0,4,42,0,46,41,7,85,8,141,0,0,0,141
11/17/2010,RFD,IL,AGL,CE,Combined TRACON& Tower with Radar,42,14,41,9,106,0,0,8,0,8,42,14,49,9,114,44,34,78,192
11/18/2010,RFD,IL,AGL,CE,Combined TRACON& Tower with Radar,31,2,53,0,86,0,3,20,0,23,31,5,73,0,109,44,1,45,154
11/19/2010,RFD,IL,AGL,CE,Combined TRACON& Tower with Radar,44,10,29,0,83,0,0,21,0,21,44,10,50,0,104,10,0,10,114
11/20/2010,RFD,IL,AGL,CE,Combined TRACON& Tower with Radar,13,5,48,1,67,0,0,36,0,36,13,5,84,1,103,44,0,44,147
11/21/2010,RFD,IL,AGL,CE,Combined TRACON& Tower with Radar,1,5,56,0,62,0,1,0,0,1,1,6,56,0,63,8,0,8,71
11/22/2010,RFD,IL,AGL,CE,Combined TRACON& Tower with Radar,43,6,17,0,66,0,3,3,0,6,43,9,20,0,72,2,0,2,74
11/23/2010,RFD,IL,AGL,CE,Combined TRACON& Tower with Radar,49,6,51,16,122,1,2,62,0,65,50,8,113,16,187,80,56,136,323
11/24/2010,RFD,IL,AGL,CE,Combined TRACON& Tower with Radar,44,3,28,0,75,0,0,6,0,6,44,3,34,0,81,10,0,10,91
11/25/2010,RFD,IL,AGL,CE,Combined TRACON& Tower with Radar,18,0,0,0,18,0,2,0,0,2,18,2,0,0,20,0,0,0,20
11/26/2010,RFD,IL,AGL,CE,Combined TRACON& Tower with Radar,16,3,7,0,26,0,2,24,0,26,16,5,31,0,52,50,0,50,102
11/27/2010,RFD,IL,AGL,CE,Combined TRACON& Tower with Radar,2,0,25,0,27,0,4,56,0,60,2,4,81,0,87,44,0,44,131
11/28/2010,RFD,IL,AGL,CE,Combined TRACON& Tower with Radar,4,3,31,0,38,0,0,27,0,27,4,3,58,0,65,34,0,34,99
11/29/2010,RFD,IL,AGL,CE,Combined TRACON& Tower with Radar,28,0,21,0,49,0,0,9,0,9,28,0,30,0,58,28,0,28,86
11/30/2010,RFD,IL,AGL,CE,Combined TRACON& Tower with Radar,55,2,9,0,66,0,0,2,0,2,55,2,11,0,68,0,0,0,68
12/01/2010,RFD,IL,AGL,CE,Combined TRACON& Tower with Radar,47,2,14,3,66,0,2,17,0,19,47,4,31,3,85,0,0,0,85
12/02/2010,RFD,IL,AGL,CE,Combined TRACON& Tower with Radar,52,6,33,9,100,0,1,44,0,45,52,7,77,9,145,27,6,33,178
12/03/2010,RFD,IL,AGL,CE,Combined TRACON& Tower with Radar,46,1,29,0,76,0,4,37,0,41,46,5,66,0,117,80,0,80,197
12/04/2010,RFD,IL,AGL,CE,Combined TRACON& Tower with Radar,14,1,9,0,24,0,0,1,0,1,14,1,10,0,25,6,0,6,31
12/05/2010,RFD,IL,AGL,CE,Combined TRACON& Tower with Radar,2,0,15,0,17,0,2,9,0,11,2,2,24,0,28,4,0,4,32
12/06/2010,RFD,IL,AGL,CE,Combined TRACON& Tower with Radar,27,2,21,0,50,0,1,12,0,13,27,3,33,0,63,8,0,8,71
12/07/2010,RFD,IL,AGL,CE,Combined TRACON& Tower with Radar,53,4,29,8,94,0,2,26,0,28,53,6,55,8,122,32,10,42,164
12/08/2010,RFD,IL,AGL,CE,Combined TRACON& Tower with Radar,48,1,30,0,79,0,0,31,0,31,48,1,61,0,110,6,0,6,116
12/09/2010,RFD,IL,AGL,CE,Combined TRACON& Tower with Radar,51,11,22,0,84,0,0,4,0,4,51,11,26,0,88,0,0,0,88
12/10/2010,RFD,IL,AGL,CE,Combined TRACON& Tower with Radar,45,13,30,0,88,0,1,32,0,33,45,14,62,0,121,70,0,70,191
12/11/2010,RFD,IL,AGL,CE,Combined TRACON& Tower with Radar,11,1,1,0,13,0,0,0,0,0,11,1,1,0,13,0,0,0,13
12/12/2010,RFD,IL,AGL,CE,Combined TRACON& Tower with Radar,5,5,1,0,11,0,0,0,0,0,5,5,1,0,11,0,0,0,11
12/13/2010,RFD,IL,AGL,CE,Combined TRACON& Tower with Radar,26,5,21,1,53,0,0,6,0,6,26,5,27,1,59,0,0,0,59
12/14/2010,RFD,IL,AGL,CE,Combined TRACON& Tower with Radar,74,3,39,10,126,0,0,16,0,16,74,3,55,10,142,16,0,16,158
12/15/2010,RFD,IL,AGL,CE,Combined TRACON& Tower with Radar,67,10,46,8,131,0,2,32,0,34,67,12,78,8,165,42,0,42,207
12/16/2010,RFD,IL,AGL,CE,Combined TRACON& Tower with Radar,57,3,13,0,73,0,0,5,0,5,57,3,18,0,78,2,0,2,80
12/17/2010,RFD,IL,AGL,CE,Combined TRACON& Tower with Radar,63,6,21,0,90,0,8,17,0,25,63,14,38,0,115,20,0,20,135
12/18/2010,RFD,IL,AGL,CE,Combined TRACON& Tower with Radar,13,1,37,0,51,0,0,28,0,28,13,1,65,0,79,18,0,18,97
12/19/2010,RFD,IL,AGL,CE,Combined TRACON& Tower with Radar,11,0,26,0,37,0,10,32,0,42,11,10,58,0,79,38,0,38,117
12/20/2010,RFD,IL,AGL,CE,Combined TRACON& Tower with Radar,30,10,30,0,70,0,4,12,1,17,30,14,42,1,87,22,0,22,109
12/21/2010,RFD,IL,AGL,CE,Combined TRACON& Tower with Radar,81,4,4,1,90,0,0,0,0,0,81,4,4,1,90,0,0,0,90
12/22/2010,RFD,IL,AGL,CE,Combined TRACON& Tower with Radar,88,9,10,2,109,0,2,12,6,20,88,11,22,8,129,22,0,22,151
12/23/2010,RFD,IL,AGL,CE,Combined TRACON& Tower with Radar,89,7,40,0,136,0,0,27,0,27,89,7,67,0,163,30,0,30,193
12/24/2010,RFD,IL,AGL,CE,Combined TRACON& Tower with Radar,60,1,7,0,68,0,0,0,0,0,60,1,7,0,68,0,0,0,68
12/25/2010,RFD,IL,AGL,CE,Combined TRACON& Tower with Radar,7,2,1,0,10,0,0,1,0,1,7,2,2,0,11,0,0,0,11
12/26/2010,RFD,IL,AGL,CE,Combined TRACON& Tower with Radar,10,2,8,0,20,0,6,3,0,9,10,8,11,0,29,4,0,4,33
12/27/2010,RFD,IL,AGL,CE,Combined TRACON& Tower with Radar,24,0,13,0,37,0,0,13,0,13,24,0,26,0,50,8,0,8,58
12/28/2010,RFD,IL,AGL,CE,Combined TRACON& Tower with Radar,42,7,33,0,82,0,4,41,0,45,42,11,74,0,127,80,0,80,207
12/29/2010,RFD,IL,AGL,CE,Combined TRACON& Tower with Radar,42,3,32,0,77,0,6,20,0,26,42,9,52,0,103,28,0,28,131
12/30/2010,RFD,IL,AGL,CE,Combined TRACON& Tower with Radar,38,2,13,0,53,0,0,0,0,0,38,2,13,0,53,0,0,0,53
12/31/2010,RFD,IL,AGL,CE,Combined TRACON& Tower with Radar,34,3,9,1,47,0,4,1,0,5,34,7,10,1,52,0,0,0,52
01/01/2011,RFD,IL,AGL,CE,Combined TRACON& Tower with Radar,4,2,7,0,13,0,4,1,0,5,4,6,8,0,18,4,0,4,22
01/02/2011,RFD,IL,AGL,CE,Combined TRACON& Tower with Radar,7,2,21,0,30,0,4,30,0,34,7,6,51,0,64,34,0,34,98
01/03/2011,RFD,IL,AGL,CE,Combined TRACON& Tower with Radar,38,4,28,0,70,0,1,46,0,47,38,5,74,0,117,20,0,20,137
01/04/2011,RFD,IL,AGL,CE,Combined TRACON& Tower with Radar,35,1,36,0,72,0,0,34,0,34,35,1,70,0,106,26,0,26,132
01/05/2011,RFD,IL,AGL,CE,Combined TRACON& Tower with Radar,35,5,19,1,60,0,0,18,1,19,35,5,37,2,79,16,0,16,95
01/06/2011,RFD,IL,AGL,CE,Combined TRACON& Tower with Radar,37,2,22,2,63,0,0,21,0,21,37,2,43,2,84,14,0,14,98
01/07/2011,RFD,IL,AGL,CE,Combined TRACON& Tower with Radar,38,4,15,0,57,0,0,19,2,21,38,4,34,2,78,18,0,18,96
01/08/2011,RFD,IL,AGL,CE,Combined TRACON& Tower with Radar,13,6,35,0,54,0,4,26,0,30,13,10,61,0,84,54,0,54,138
01/09/2011,RFD,IL,AGL,CE,Combined TRACON& Tower with Radar,3,0,29,0,32,0,2,58,0,60,3,2,87,0,92,24,0,24,116
01/10/2011,RFD,IL,AGL,CE,Combined TRACON& Tower with Radar,21,3,15,0,39,0,0,19,0,19,21,3,34,0,58,8,0,8,66
01/11/2011,RFD,IL,AGL,CE,Combined TRACON& Tower with Radar,36,7,9,0,52,0,0,0,0,0,36,7,9,0,52,0,0,0,52
01/12/2011,RFD,IL,AGL,CE,Combined TRACON& Tower with Radar,39,18,18,0,75,0,0,12,0,12,39,18,30,0,87,28,0,28,115
01/13/2011,RFD,IL,AGL,CE,Combined TRACON& Tower with Radar,22,6,39,2,69,2,7,30,0,39,24,13,69,2,108,0,0,0,108
01/14/2011,RFD,IL,AGL,CE,Combined TRACON& Tower with Radar,38,4,15,0,57,0,0,18,2,20,38,4,33,2,77,14,0,14,91
01/15/2011,RFD,IL,AGL,CE,Combined TRACON& Tower with Radar,13,6,35,0,54,0,4,26,0,30,13,10,61,0,84,22,0,22,106
01/16/2011,RFD,IL,AGL,CE,Combined TRACON& Tower with Radar,3,0,29,0,32,0,2,55,0,57,3,2,84,0,89,10,0,10,99
01/17/2011,RFD,IL,AGL,CE,Combined TRACON& Tower with Radar,21,3,15,0,39,0,0,19,0,19,21,3,34,0,58,4,0,4,62
01/18/2011,RFD,IL,AGL,CE,Combined TRACON& Tower with Radar,36,7,9,0,52,0,0,1,0,1,36,7,10,0,53,0,4,4,57
01/19/2011,RFD,IL,AGL,CE,Combined TRACON& Tower with Radar,39,16,21,0,76,0,0,14,0,14,39,16,35,0,90,36,0,36,126
01/20/2011,RFD,IL,AGL,CE,Combined TRACON& Tower with Radar,31,3,26,2,62,0,0,29,4,33,31,3,55,6,95,10,2,12,107
01/21/2011,RFD,IL,AGL,CE,Combined TRACON& Tower with Radar,40,1,27,0,68,0,2,14,0,16,40,3,41,0,84,16,0,16,100
01/22/2011,RFD,IL,AGL,CE,Combined TRACON& Tower with Radar,8,5,7,0,20,0,0,1,0,1,8,5,8,0,21,16,0,16,37
01/23/2011,RFD,IL,AGL,CE,Combined TRACON& Tower with Radar,4,1,9,0,14,0,4,5,0,9,4,5,14,0,23,18,0,18,41
01/24/2011,RFD,IL,AGL,CE,Combined TRACON& Tower with Radar,22,4,27,0,53,0,0,0,0,0,22,4,27,0,53,0,0,0,53
01/25/2011,RFD,IL,AGL,CE,Combined TRACON& Tower with Radar,35,5,14,3,57,0,0,7,0,7,35,5,21,3,64,29,0,29,93
01/26/2011,RFD,IL,AGL,CE,Combined TRACON& Tower with Radar,32,3,26,0,61,0,2,10,0,12,32,5,36,0,73,0,0,0,73
01/27/2011,RFD,IL,AGL,CE,Combined TRACON& Tower with Radar,36,5,15,0,56,0,0,2,0,2,36,5,17,0,58,0,0,0,58
01/28/2011,RFD,IL,AGL,CE,Combined TRACON& Tower with Radar,34,10,20,0,64,0,0,25,0,25,34,10,45,0,89,20,0,20,109
01/29/2011,RFD,IL,AGL,CE,Combined TRACON& Tower with Radar,10,0,25,0,35,0,2,21,0,23,10,2,46,0,58,46,0,46,104
01/30/2011,RFD,IL,AGL,CE,Combined TRACON& Tower with Radar,4,1,13,0,18,0,0,15,1,16,4,1,28,1,34,42,0,42,76
01/31/2011,RFD,IL,AGL,CE,Combined TRACON& Tower with Radar,26,10,16,0,52,0,0,13,0,13,26,10,29,0,65,6,0,6,71
02/01/2011,RFD,IL,AGL,CE,Combined TRACON& Tower with Radar,31,2,0,0,33,0,0,0,0,0,31,2,0,0,33,0,0,0,33
02/02/2011,RFD,IL,AGL,CE,Combined TRACON& Tower with Radar,8,5,7,0,20,0,2,0,0,2,8,7,7,0,22,0,0,0,22
02/03/2011,RFD,IL,AGL,CE,Combined TRACON& Tower with Radar,27,1,6,0,34,0,0,16,0,16,27,1,22,0,50,6,0,6,56
02/04/2011,RFD,IL,AGL,CE,Combined TRACON& Tower with Radar,42,4,21,0,67,0,2,20,1,23,42,6,41,1,90,10,0,10,100
02/05/2011,RFD,IL,AGL,CE,Combined TRACON& Tower with Radar,10,1,19,0,30,0,2,27,0,29,10,3,46,0,59,18,0,18,77
02/06/2011,RFD,IL,AGL,CE,Combined TRACON& Tower with Radar,6,1,3,0,10,0,0,0,0,0,6,1,3,0,10,0,0,0,10
02/07/2011,RFD,IL,AGL,CE,Combined TRACON& Tower with Radar,21,1,26,0,48,0,0,6,0,6,21,1,32,0,54,22,0,22,76
02/08/2011,RFD,IL,AGL,CE,Combined TRACON& Tower with Radar,37,5,12,8,62,0,3,22,0,25,37,8,34,8,87,12,6,18,105
02/09/2011,RFD,IL,AGL,CE,Combined TRACON& Tower with Radar,45,5,13,0,63,0,0,18,0,18,45,5,31,0,81,16,0,16,97
02/10/2011,RFD,IL,AGL,CE,Combined TRACON& Tower with Radar,44,7,21,4,76,0,10,20,0,30,44,17,41,4,106,62,12,74,180
02/11/2011,RFD,IL,AGL,CE,Combined TRACON& Tower with Radar,19,11,9,4,43,0,8,17,0,25,19,19,26,4,68,34,10,44,112
02/12/2011,RFD,IL,AGL,CE,Combined TRACON& Tower with Radar,14,3,35,12,64,0,0,33,11,44,14,3,68,23,108,54,26,80,188
02/13/2011,RFD,IL,AGL,CE,Combined TRACON& Tower with Radar,10,3,10,0,23,0,0,26,0,26,10,3,36,0,49,82,0,82,131
02/14/2011,RFD,IL,AGL,CE,Combined TRACON& Tower with Radar,28,3,18,0,49,0,14,20,4,38,28,17,38,4,87,74,0,74,161
02/15/2011,RFD,IL,AGL,CE,Combined TRACON& Tower with Radar,33,4,16,4,57,0,0,18,0,18,33,4,34,4,75,20,2,22,97
02/16/2011,RFD,IL,AGL,CE,Combined TRACON& Tower with Radar,35,7,52,8,102,0,2,3,0,5,35,9,55,8,107,6,4,10,117
02/17/2011,RFD,IL,AGL,CE,Combined TRACON& Tower with Radar,33,9,21,0,63,0,0,2,0,2,33,9,23,0,65,0,0,0,65
02/18/2011,RFD,IL,AGL,CE,Combined TRACON& Tower with Radar,37,2,15,0,54,0,0,19,0,19,37,2,34,0,73,34,0,34,107
02/19/2011,RFD,IL,AGL,CE,Combined TRACON& Tower with Radar,14,1,49,0,64,0,0,61,0,61,14,1,110,0,125,76,0,76,201
02/20/2011,RFD,IL,AGL,CE,Combined TRACON& Tower with Radar,8,1,7,0,16,0,0,0,0,0,8,1,7,0,16,0,0,0,16
02/21/2011,RFD,IL,AGL,CE,Combined TRACON& Tower with Radar,24,2,4,0,30,0,0,0,0,0,24,2,4,0,30,0,0,0,30
02/22/2011,RFD,IL,AGL,CE,Combined TRACON& Tower with Radar,34,7,11,0,52,0,1,13,0,14,34,8,24,0,66,16,0,16,82
02/23/2011,RFD,IL,AGL,CE,Combined TRACON& Tower with Radar,46,3,17,0,66,0,0,10,0,10,46,3,27,0,76,24,0,24,100
02/24/2011,RFD,IL,AGL,CE,Combined TRACON& Tower with Radar,48,6,27,0,81,0,2,12,0,14,48,8,39,0,95,26,0,26,121
02/25/2011,RFD,IL,AGL,CE,Combined TRACON& Tower with Radar,38,5,13,2,58,0,1,26,2,29,38,6,39,4,87,12,2,14,101
02/26/2011,RFD,IL,AGL,CE,Combined TRACON& Tower with Radar,14,3,7,0,24,0,0,2,0,2,14,3,9,0,26,0,0,0,26
02/27/2011,RFD,IL,AGL,CE,Combined TRACON& Tower with Radar,9,3,18,2,32,0,0,0,0,0,9,3,18,2,32,6,0,6,38
02/28/2011,RFD,IL,AGL,CE,Combined TRACON& Tower with Radar,20,6,32,0,58,0,2,16,0,18,20,8,48,0,76,38,0,38,114
03/01/2011,RFD,IL,AGL,CE,Combined TRACON& Tower with Radar,40,7,35,0,82,0,2,33,0,35,40,9,68,0,117,74,0,74,191
03/02/2011,RFD,IL,AGL,CE,Combined TRACON& Tower with Radar,38,5,44,0,87,0,0,34,0,34,38,5,78,0,121,32,0,32,153
03/03/2011,RFD,IL,AGL,CE,Combined TRACON& Tower with Radar,36,3,28,0,67,0,0,12,0,12,36,3,40,0,79,12,0,12,91
03/04/2011,RFD,IL,AGL,CE,Combined TRACON& Tower with Radar,38,7,23,6,74,0,0,2,1,3,38,7,25,7,77,22,0,22,99
03/05/2011,RFD,IL,AGL,CE,Combined TRACON& Tower with Radar,15,0,8,0,23,0,2,4,0,6,15,2,12,0,29,22,0,22,51
03/06/2011,RFD,IL,AGL,CE,Combined TRACON& Tower with Radar,10,1,45,0,56,0,2,40,0,42,10,3,85,0,98,88,0,88,186
03/07/2011,RFD,IL,AGL,CE,Combined TRACON& Tower with Radar,22,4,18,0,44,0,0,3,0,3,22,4,21,0,47,0,0,0,47
03/08/2011,RFD,IL,AGL,CE,Combined TRACON& Tower with Radar,38,5,29,0,72,0,0,16,0,16,38,5,45,0,88,24,0,24,112
03/09/2011,RFD,IL,AGL,CE,Combined TRACON& Tower with Radar,42,1,7,0,50,0,0,0,0,0,42,1,7,0,50,0,0,0,50
03/10/2011,RFD,IL,AGL,CE,Combined TRACON& Tower with Radar,36,7,23,5,71,0,3,21,4,28,36,10,44,9,99,46,4,50,149
03/11/2011,RFD,IL,AGL,CE,Combined TRACON& Tower with Radar,37,8,64,0,109,0,1,48,0,49,37,9,112,0,158,50,0,50,208
03/12/2011,RFD,IL,AGL,CE,Combined TRACON& Tower with Radar,18,2,11,0,31,0,0,5,0,5,18,2,16,0,36,14,0,14,50
03/13/2011,RFD,IL,AGL,CE,Combined TRACON& Tower with Radar,10,1,22,0,33,0,2,39,0,41,10,3,61,0,74,16,0,16,90
03/14/2011,RFD,IL,AGL,CE,Combined TRACON& Tower with Radar,25,4,29,0,58,0,2,27,0,29,25,6,56,0,87,14,0,14,101
03/15/2011,RFD,IL,AGL,CE,Combined TRACON& Tower with Radar,36,0,40,0,76,0,2,17,2,21,36,2,57,2,97,38,0,38,135
03/16/2011,RFD,IL,AGL,CE,Combined TRACON& Tower with Radar,43,5,52,0,100,0,1,75,0,76,43,6,127,0,176,66,0,66,242
03/17/2011,RFD,IL,AGL,CE,Combined TRACON& Tower with Radar,35,4,11,0,50,0,1,18,0,19,35,5,29,0,69,72,0,72,141
03/18/2011,RFD,IL,AGL,CE,Combined TRACON& Tower with Radar,39,5,29,0,73,0,6,22,0,28,39,11,51,0,101,26,0,26,127
03/19/2011,RFD,IL,AGL,CE,Combined TRACON& Tower with Radar,15,3,49,0,67,0,3,42,0,45,15,6,91,0,112,70,0,70,182
03/20/2011,RFD,IL,AGL,CE,Combined TRACON& Tower with Radar,19,2,5,0,26,0,0,0,0,0,19,2,5,0,26,0,0,0,26
03/21/2011,RFD,IL,AGL,CE,Combined TRACON& Tower with Radar,21,3,30,0,54,0,0,13,0,13,21,3,43,0,67,30,0,30,97
03/22/2011,RFD,IL,AGL,CE,Combined TRACON& Tower with Radar,46,1,20,0,67,0,0,1,0,1,46,1,21,0,68,2,0,2,70
03/23/2011,RFD,IL,AGL,CE,Combined TRACON& Tower with Radar,40,0,24,0,64,0,0,2,0,2,40,0,26,0,66,6,0,6,72
03/24/2011,RFD,IL,AGL,CE,Combined TRACON& Tower with Radar,49,8,36,0,93,0,4,53,0,57,49,12,89,0,150,76,0,76,226
03/25/2011,RFD,IL,AGL,CE,Combined TRACON& Tower with Radar,37,5,33,0,75,0,4,22,0,26,37,9,55,0,101,18,0,18,119
03/26/2011,RFD,IL,AGL,CE,Combined TRACON& Tower with Radar,18,3,12,0,33,0,0,22,0,22,18,3,34,0,55,30,0,30,85
03/27/2011,RFD,IL,AGL,CE,Combined TRACON& Tower with Radar,7,9,33,0,49,0,2,23,0,25,7,11,56,0,74,44,0,44,118
03/28/2011,RFD,IL,AGL,CE,Combined TRACON& Tower with Radar,22,3,16,0,41,0,2,26,0,28,22,5,42,0,69,50,0,50,119
03/29/2011,RFD,IL,AGL,CE,Combined TRACON& Tower with Radar,44,6,19,0,69,0,8,34,0,42,44,14,53,0,111,80,0,80,191
03/30/2011,RFD,IL,AGL,CE,Combined TRACON& Tower with Radar,49,7,46,0,102,0,0,37,0,37,49,7,83,0,139,58,0,58,197
03/31/2011,RFD,IL,AGL,CE,Combined TRACON& Tower with Radar,51,17,47,8,123,0,5,54,0,59,51,22,101,8,182,28,2,30,212
04/01/2011,RFD,IL,AGL,CE,Combined TRACON& Tower with Radar,45,6,14,0,65,0,2,2,0,4,45,8,16,0,69,4,0,4,73
04/02/2011,RFD,IL,AGL,CE,Combined TRACON& Tower with Radar,19,3,11,1,34,0,0,25,3,28,19,3,36,4,62,22,0,22,84
04/03/2011,RFD,IL,AGL,CE,Combined TRACON& Tower with Radar,8,3,6,0,17,0,0,3,0,3,8,3,9,0,20,4,0,4,24
04/04/2011,RFD,IL,AGL,CE,Combined TRACON& Tower with Radar,23,9,19,0,51,0,4,4,0,8,23,13,23,0,59,0,0,0,59
04/05/2011,RFD,IL,AGL,CE,Combined TRACON& Tower with Radar,53,4,16,0,73,0,0,30,0,30,53,4,46,0,103,52,0,52,155
04/06/2011,RFD,IL,AGL,CE,Combined TRACON& Tower with Radar,45,6,38,2,91,0,2,23,0,25,45,8,61,2,116,14,0,14,130
04/07/2011,RFD,IL,AGL,CE,Combined TRACON& Tower with Radar,41,9,17,10,77,0,0,5,0,5,41,9,22,10,82,22,42,64,146
04/08/2011,RFD,IL,AGL,CE,Combined TRACON& Tower with Radar,36,4,25,0,65,0,2,0,0,2,36,6,25,0,67,2,0,2,69
04/09/2011,RFD,IL,AGL,CE,Combined TRACON& Tower with Radar,16,3,49,0,68,0,0,18,4,22,16,3,67,4,90,52,0,52,142
04/10/2011,RFD,IL,AGL,CE,Combined TRACON& Tower with Radar,6,2,15,2,25,0,2,16,2,20,6,4,31,4,45,36,26,62,107
04/11/2011,RFD,IL,AGL,CE,Combined TRACON& Tower with Radar,23,2,13,0,38,0,0,16,2,18,23,2,29,2,56,12,0,12,68
04/12/2011,RFD,IL,AGL,CE,Combined TRACON& Tower with Radar,37,9,47,0,93,0,1,46,0,47,37,10,93,0,140,114,0,114,254
04/13/2011,RFD,IL,AGL,CE,Combined TRACON& Tower with Radar,39,16,61,6,122,0,0,69,0,69,39,16,130,6,191,60,0,60,251
04/14/2011,RFD,IL,AGL,CE,Combined TRACON& Tower with Radar,41,6,30,0,77,0,2,19,0,21,41,8,49,0,98,10,0,10,108
04/15/2011,RFD,IL,AGL,CE,Combined TRACON& Tower with Radar,37,7,11,0,55,0,0,0,0,0,37,7,11,0,55,0,0,0,55
04/16/2011,RFD,IL,AGL,CE,Combined TRACON& Tower with Radar,10,1,8,0,19,0,0,0,0,0,10,1,8,0,19,0,0,0,19
04/17/2011,RFD,IL,AGL,CE,Combined TRACON& Tower with Radar,8,1,23,0,32,0,2,19,0,21,8,3,42,0,53,40,0,40,93
04/18/2011,RFD,IL,AGL,CE,Combined TRACON& Tower with Radar,21,3,21,0,45,0,0,4,0,4,21,3,25,0,49,16,0,16,65
04/19/2011,RFD,IL,AGL,CE,Combined TRACON& Tower with Radar,44,3,26,0,73,0,0,0,0,0,44,3,26,0,73,0,0,0,73
04/20/2011,RFD,IL,AGL,CE,Combined TRACON& Tower with Radar,39,3,17,0,59,0,0,13,0,13,39,3,30,0,72,26,0,26,98
04/21/2011,RFD,IL,AGL,CE,Combined TRACON& Tower with Radar,43,2,42,0,87,0,0,68,0,68,43,2,110,0,155,48,0,48,203
04/22/2011,RFD,IL,AGL,CE,Combined TRACON& Tower with Radar,21,5,40,0,66,0,0,3,0,3,21,5,43,0,69,16,0,16,85
04/23/2011,RFD,IL,AGL,CE,Combined TRACON& Tower with Radar,12,1,39,0,52,0,0,13,0,13,12,1,52,0,65,54,0,54,119
04/24/2011,RFD,IL,AGL,CE,Combined TRACON& Tower with Radar,9,2,23,0,34,0,10,14,0,24,9,12,37,0,58,0,0,0,58
04/25/2011,RFD,IL,AGL,CE,Combined TRACON& Tower with Radar,20,2,35,0,57,0,0,7,0,7,20,2,42,0,64,6,0,6,70
04/26/2011,RFD,IL,AGL,CE,Combined TRACON& Tower with Radar,41,4,11,0,56,0,0,3,0,3,41,4,14,0,59,2,0,2,61
04/27/2011,RFD,IL,AGL,CE,Combined TRACON& Tower with Radar,35,7,33,0,75,0,4,6,0,10,35,11,39,0,85,26,0,26,111
04/28/2011,RFD,IL,AGL,CE,Combined TRACON& Tower with Radar,44,7,30,4,85,0,0,11,0,11,44,7,41,4,96,50,0,50,146
04/29/2011,RFD,IL,AGL,CE,Combined TRACON& Tower with Radar,42,14,38,0,94,0,6,65,0,71,42,20,103,0,165,126,0,126,291
04/30/2011,RFD,IL,AGL,CE,Combined TRACON& Tower with Radar,10,2,20,0,32,0,2,4,0,6,10,4,24,0,38,0,0,0,38
05/01/2011,RFD,IL,AGL,CE,Combined TRACON& Tower with Radar,11,3,38,0,52,0,5,88,1,94,11,8,126,1,146,0,0,0,146
05/02/2011,RFD,IL,AGL,CE,Combined TRACON& Tower with Radar,26,3,18,0,47,0,5,30,0,35,26,8,48,0,82,16,0,16,98
05/03/2011,RFD,IL,AGL,CE,Combined TRACON& Tower with Radar,36,6,34,0,76,0,10,31,0,41,36,16,65,0,117,54,0,54,171
05/04/2011,RFD,IL,AGL,CE,Combined TRACON& Tower with Radar,28,8,89,0,125,0,3,79,0,82,28,11,168,0,207,142,0,142,349
05/05/2011,RFD,IL,AGL,CE,Combined TRACON& Tower with Radar,35,13,25,0,73,0,0,10,0,10,35,13,35,0,83,14,0,14,97
05/06/2011,RFD,IL,AGL,CE,Combined TRACON& Tower with Radar,32,12,51,0,95,0,2,59,0,61,32,14,110,0,156,84,0,84,240
05/07/2011,RFD,IL,AGL,CE,Combined TRACON& Tower with Radar,12,2,28,1,43,0,3,10,0,13,12,5,38,1,56,56,8,64,120
05/08/2011,RFD,IL,AGL,CE,Combined TRACON& Tower with Radar,10,2,10,1,23,0,0,27,0,27,10,2,37,1,50,50,0,50,100
05/09/2011,RFD,IL,AGL,CE,Combined TRACON& Tower with Radar,22,3,10,0,35,0,2,11,0,13,22,5,21,0,48,24,0,24,72
05/10/2011,RFD,IL,AGL,CE,Combined TRACON& Tower with Radar,42,12,30,0,84,0,5,30,0,35,42,17,60,0,119,46,0,46,165
05/11/2011,RFD,IL,AGL,CE,Combined TRACON& Tower with Radar,50,5,39,0,94,0,2,13,0,15,50,7,52,0,109,8,2,10,119
05/12/2011,RFD,IL,AGL,CE,Combined TRACON& Tower with Radar,47,7,27,15,96,0,2,27,1,30,47,9,54,16,126,16,8,24,150
05/13/2011,RFD,IL,AGL,CE,Combined TRACON& Tower with Radar,31,2,14,1,48,0,2,17,0,19,31,4,31,1,67,8,0,8,75
05/14/2011,RFD,IL,AGL,CE,Combined TRACON& Tower with Radar,12,4,42,0,58,0,2,0,0,2,12,6,42,0,60,30,0,30,90
05/15/2011,RFD,IL,AGL,CE,Combined TRACON& Tower with Radar,12,1,5,1,19,0,4,1,0,5,12,5,6,1,24,6,0,6,30
05/16/2011,RFD,IL,AGL,CE,Combined TRACON& Tower with Radar,14,1,26,0,41,0,2,22,0,24,14,3,48,0,65,40,0,40,105
05/17/2011,RFD,IL,AGL,CE,Combined TRACON& Tower with Radar,41,1,29,6,77,0,2,32,0,34,41,3,61,6,111,58,28,86,197
05/18/2011,RFD,IL,AGL,CE,Combined TRACON& Tower with Radar,36,8,60,0,104,0,2,3,0,5,36,10,63,0,109,8,0,8,117
05/19/2011,RFD,IL,AGL,CE,Combined TRACON& Tower with Radar,42,2,64,0,108,0,2,26,2,30,42,4,90,2,138,70,2,72,210
05/20/2011,RFD,IL,AGL,CE,Combined TRACON& Tower with Radar,35,5,51,0,91,0,2,44,1,47,35,7,95,1,138,68,0,68,206
05/21/2011,RFD,IL,AGL,CE,Combined TRACON& Tower with Radar,14,4,27,0,45,0,0,7,0,7,14,4,34,0,52,14,0,14,66
05/22/2011,RFD,IL,AGL,CE,Combined TRACON& Tower with Radar,7,0,18,0,25,0,0,15,0,15,7,0,33,0,40,32,0,32,72
05/23/2011,RFD,IL,AGL,CE,Combined TRACON& Tower with Radar,15,9,39,0,63,0,1,32,0,33,15,10,71,0,96,28,0,28,124
05/24/2011,RFD,IL,AGL,CE,Combined TRACON& Tower with Radar,40,7,38,16,101,0,3,30,0,33,40,10,68,16,134,10,10,20,154
05/25/2011,RFD,IL,AGL,CE,Combined TRACON& Tower with Radar,36,0,24,0,60,0,0,0,0,0,36,0,24,0,60,0,0,0,60
05/26/2011,RFD,IL,AGL,CE,Combined TRACON& Tower with Radar,45,4,22,2,73,0,0,12,0,12,45,4,34,2,85,38,2,40,125
05/27/2011,RFD,IL,AGL,CE,Combined TRACON& Tower with Radar,33,12,54,0,99,0,2,55,0,57,33,14,109,0,156,90,0,90,246
05/28/2011,RFD,IL,AGL,CE,Combined TRACON& Tower with Radar,11,0,49,0,60,0,2,4,0,6,11,2,53,0,66,40,0,40,106
05/29/2011,RFD,IL,AGL,CE,Combined TRACON& Tower with Radar,19,0,7,0,26,0,0,1,0,1,19,0,8,0,27,0,0,0,27
05/30/2011,RFD,IL,AGL,CE,Combined TRACON& Tower with Radar,3,4,25,0,32,0,0,41,0,41,3,4,66,0,73,30,0,30,103
05/31/2011,RFD,IL,AGL,CE,Combined TRACON& Tower with Radar,15,4,20,2,41,0,5,17,8,30,15,9,37,10,71,6,6,12,83
06/01/2011,RFD,IL,AGL,CE,Combined TRACON& Tower with Radar,36,5,40,1,82,0,4,60,0,64,36,9,100,1,146,46,0,46,192
06/02/2011,RFD,IL,AGL,CE,Combined TRACON& Tower with Radar,46,0,54,7,107,0,1,54,2,57,46,1,108,9,164,48,16,64,228
06/03/2011,RFD,IL,AGL,CE,Combined TRACON& Tower with Radar,30,3,17,23,73,0,4,28,3,35,30,7,45,26,108,12,14,26,134
06/04/2011,RFD,IL,AGL,CE,Combined TRACON& Tower with Radar,13,3,7,3,26,0,3,18,1,22,13,6,25,4,48,12,0,12,60
06/05/2011,RFD,IL,AGL,CE,Combined TRACON& Tower with Radar,8,1,19,12,40,0,5,34,6,45,8,6,53,18,85,2,4,6,91
06/06/2011,RFD,IL,AGL,CE,Combined TRACON& Tower with Radar,18,9,29,12,68,0,1,25,1,27,18,10,54,13,95,20,0,20,115
06/07/2011,RFD,IL,AGL,CE,Combined TRACON& Tower with Radar,37,13,26,5,81,0,0,33,0,33,37,13,59,5,114,40,0,40,154
06/08/2011,RFD,IL,AGL,CE,Combined TRACON& Tower with Radar,33,3,19,0,55,0,0,27,0,27,33,3,46,0,82,8,0,8,90
06/09/2011,RFD,IL,AGL,CE,Combined TRACON& Tower with Radar,37,9,24,0,70,0,2,10,0,12,37,11,34,0,82,24,0,24,106
06/10/2011,RFD,IL,AGL,CE,Combined TRACON& Tower with Radar,29,2,42,1,74,0,0,4,0,4,29,2,46,1,78,16,0,16,94
06/11/2011,RFD,IL,AGL,CE,Combined TRACON& Tower with Radar,12,7,67,1,87,0,2,5,0,7,12,9,72,1,94,24,0,24,118
06/12/2011,RFD,IL,AGL,CE,Combined TRACON& Tower with Radar,9,3,47,1,60,0,2,54,0,56,9,5,101,1,116,58,0,58,174
06/13/2011,RFD,IL,AGL,CE,Combined TRACON& Tower with Radar,14,10,32,5,61,0,3,45,0,48,14,13,77,5,109,24,0,24,133
06/14/2011,RFD,IL,AGL,CE,Combined TRACON& Tower with Radar,40,8,24,0,72,0,0,34,0,34,40,8,58,0,106,20,0,20,126
06/15/2011,RFD,IL,AGL,CE,Combined TRACON& Tower with Radar,35,6,18,0,59,0,2,4,0,6,35,8,22,0,65,14,0,14,79
06/16/2011,RFD,IL,AGL,CE,Combined TRACON& Tower with Radar,40,10,26,0,76,0,1,25,0,26,40,11,51,0,102,22,0,22,124
06/17/2011,RFD,IL,AGL,CE,Combined TRACON& Tower with Radar,27,4,19,14,64,0,2,41,1,44,27,6,60,15,108,72,6,78,186
06/18/2011,RFD,IL,AGL,CE,Combined TRACON& Tower with Radar,15,2,20,0,37,0,1,19,0,20,15,3,39,0,57,76,0,76,133
06/19/2011,RFD,IL,AGL,CE,Combined TRACON& Tower with Radar,10,3,19,0,32,0,0,4,0,4,10,3,23,0,36,0,0,0,36
06/20/2011,RFD,IL,AGL,CE,Combined TRACON& Tower with Radar,13,1,21,6,41,0,2,9,0,11,13,3,30,6,52,24,12,36,88
06/21/2011,RFD,IL,AGL,CE,Combined TRACON& Tower with Radar,42,5,15,0,62,0,0,11,0,11,42,5,26,0,73,28,0,28,101
06/22/2011,RFD,IL,AGL,CE,Combined TRACON& Tower with Radar,39,9,26,0,74,0,0,8,0,8,39,9,34,0,82,42,0,42,124
06/23/2011,RFD,IL,AGL,CE,Combined TRACON& Tower with Radar,40,5,37,12,94,0,0,15,0,15,40,5,52,12,109,46,26,72,181
06/24/2011,RFD,IL,AGL,CE,Combined TRACON& Tower with Radar,32,0,45,5,82,0,0,27,0,27,32,0,72,5,109,12,6,18,127
06/25/2011,RFD,IL,AGL,CE,Combined TRACON& Tower with Radar,12,4,26,2,44,0,1,53,1,55,12,5,79,3,99,64,0,64,163
06/26/2011,RFD,IL,AGL,CE,Combined TRACON& Tower with Radar,9,3,12,1,25,0,4,37,0,41,9,7,49,1,66,40,2,42,108
06/27/2011,RFD,IL,AGL,CE,Combined TRACON& Tower with Radar,16,8,26,0,50,0,6,19,0,25,16,14,45,0,75,64,0,64,139
06/28/2011,RFD,IL,AGL,CE,Combined TRACON& Tower with Radar,35,8,30,2,75,0,2,51,0,53,35,10,81,2,128,82,2,84,212
06/29/2011,RFD,IL,AGL,CE,Combined TRACON& Tower with Radar,37,2,50,9,98,0,3,33,0,36,37,5,83,9,134,84,20,104,238
06/30/2011,RFD,IL,AGL,CE,Combined TRACON& Tower with Radar,45,17,45,0,107,0,1,43,1,45,45,18,88,1,152,100,0,100,252
07/01/2011,RFD,IL,AGL,CE,Combined TRACON& Tower with Radar,34,5,18,0,57,0,2,16,0,18,34,7,34,0,75,34,0,34,109
07/02/2011,RFD,IL,AGL,CE,Combined TRACON& Tower with Radar,10,2,22,0,34,0,0,18,0,18,10,2,40,0,52,50,0,50,102
07/03/2011,RFD,IL,AGL,CE,Combined TRACON& Tower with Radar,7,0,27,0,34,0,4,18,1,23,7,4,45,1,57,44,0,44,101
07/04/2011,RFD,IL,AGL,CE,Combined TRACON& Tower with Radar,4,0,21,0,25,0,2,25,0,27,4,2,46,0,52,34,0,34,86
07/05/2011,RFD,IL,AGL,CE,Combined TRACON& Tower with Radar,16,4,25,1,46,0,1,33,0,34,16,5,58,1,80,74,0,74,154
07/06/2011,RFD,IL,AGL,CE,Combined TRACON& Tower with Radar,30,1,38,0,69,0,0,39,0,39,30,1,77,0,108,68,0,68,176
07/07/2011,RFD,IL,AGL,CE,Combined TRACON& Tower with Radar,41,11,46,1,99,0,1,37,3,41,41,12,83,4,140,98,0,98,238
07/08/2011,RFD,IL,AGL,CE,Combined TRACON& Tower with Radar,28,4,23,3,58,0,0,42,0,42,28,4,65,3,100,12,0,12,112
07/09/2011,RFD,IL,AGL,CE,Combined TRACON& Tower with Radar,12,2,25,3,42,0,2,33,1,36,12,4,58,4,78,56,0,56,134
07/10/2011,RFD,IL,AGL,CE,Combined TRACON& Tower with Radar,10,4,12,1,27,0,0,12,0,12,10,4,24,1,39,16,0,16,55
07/11/2011,RFD,IL,AGL,CE,Combined TRACON& Tower with Radar,22,2,10,0,34,0,1,19,0,20,22,3,29,0,54,30,0,30,84
07/12/2011,RFD,IL,AGL,CE,Combined TRACON& Tower with Radar,38,9,21,12,80,0,0,35,0,35,38,9,56,12,115,22,18,40,155
07/13/2011,RFD,IL,AGL,CE,Combined TRACON& Tower with Radar,48,1,38,13,100,0,13,21,0,34,48,14,59,13,134,56,24,80,214
07/14/2011,RFD,IL,AGL,CE,Combined TRACON& Tower with Radar,38,3,19,3,63,0,2,45,1,48,38,5,64,4,111,106,0,106,217
07/15/2011,RFD,IL,AGL,CE,Combined TRACON& Tower with Radar,27,5,21,11,64,0,0,36,0,36,27,5,57,11,100,48,2,50,150
07/16/2011,RFD,IL,AGL,CE,Combined TRACON& Tower with Radar,8,4,22,0,34,0,0,20,0,20,8,4,42,0,54,46,0,46,100
07/17/2011,RFD,IL,AGL,CE,Combined TRACON& Tower with Radar,6,2,20,0,28,0,1,24,0,25,6,3,44,0,53,40,0,40,93
07/18/2011,RFD,IL,AGL,CE,Combined TRACON& Tower with Radar,8,5,32,0,45,0,0,11,0,11,8,5,43,0,56,0,0,0,56
07/19/2011,RFD,IL,AGL,CE,Combined TRACON& Tower with Radar,42,1,28,2,73,0,0,40,2,42,42,1,68,4,115,22,2,24,139
07/20/2011,RFD,IL,AGL,CE,Combined TRACON& Tower with Radar,39,0,46,2,87,0,2,29,0,31,39,2,75,2,118,26,0,26,144
07/21/2011,RFD,IL,AGL,CE,Combined TRACON& Tower with Radar,42,4,27,14,87,0,0,37,1,38,42,4,64,15,125,22,2,24,149
07/22/2011,RFD,IL,AGL,CE,Combined TRACON& Tower with Radar,30,3,82,0,115,0,3,47,0,50,30,6,129,0,165,20,0,20,185
07/23/2011,RFD,IL,AGL,CE,Combined TRACON& Tower with Radar,10,1,20,0,31,0,0,20,0,20,10,1,40,0,51,6,0,6,57
07/24/2011,RFD,IL,AGL,CE,Combined TRACON& Tower with Radar,8,1,8,0,17,0,4,18,0,22,8,5,26,0,39,0,0,0,39
07/25/2011,RFD,IL,AGL,CE,Combined TRACON& Tower with Radar,13,7,36,0,56,0,2,25,0,27,13,9,61,0,83,74,0,74,157
07/26/2011,RFD,IL,AGL,CE,Combined TRACON& Tower with Radar,42,5,17,4,68,0,8,33,0,41,42,13,50,4,109,50,4,54,163
07/27/2011,RFD,IL,AGL,CE,Combined TRACON& Tower with Radar,28,0,26,4,58,0,2,22,0,24,28,2,48,4,82,0,0,0,82
07/28/2011,RFD,IL,AGL,CE,Combined TRACON& Tower with Radar,39,4,16,0,59,0,2,15,0,17,39,6,31,0,76,38,0,38,114
07/29/2011,RFD,IL,AGL,CE,Combined TRACON& Tower with Radar,34,18,19,2,73,0,2,17,2,21,34,20,36,4,94,20,0,20,114
07/30/2011,RFD,IL,AGL,CE,Combined TRACON& Tower with Radar,10,8,20,0,38,0,1,22,2,25,10,9,42,2,63,28,10,38,101
07/31/2011,RFD,IL,AGL,CE,Combined TRACON& Tower with Radar,8,5,13,0,26,0,6,10,0,16,8,11,23,0,42,36,0,36,78
08/01/2011,RFD,IL,AGL,CE,Combined TRACON& Tower with Radar,16,10,24,0,50,0,3,18,0,21,16,13,42,0,71,22,0,22,93
08/02/2011,RFD,IL,AGL,CE,Combined TRACON& Tower with Radar,45,23,17,2,87,0,4,23,9,36,45,27,40,11,123,19,0,19,142
08/03/2011,RFD,IL,AGL,CE,Combined TRACON& Tower with Radar,37,22,48,0,107,0,5,24,0,29,37,27,72,0,136,17,0,17,153
08/04/2011,RFD,IL,AGL,CE,Combined TRACON& Tower with Radar,43,22,47,0,112,0,1,36,0,37,43,23,83,0,149,14,6,20,169
08/05/2011,RFD,IL,AGL,CE,Combined TRACON& Tower with Radar,26,4,41,0,71,0,6,25,2,33,26,10,66,2,104,12,0,12,116
08/06/2011,RFD,IL,AGL,CE,Combined TRACON& Tower with Radar,13,1,26,0,40,0,0,35,0,35,13,1,61,0,75,24,0,24,99
08/07/2011,RFD,IL,AGL,CE,Combined TRACON& Tower with Radar,13,1,21,0,35,0,0,3,0,3,13,1,24,0,38,8,0,8,46
08/08/2011,RFD,IL,AGL,CE,Combined TRACON& Tower with Radar,13,0,20,0,33,0,0,9,0,9,13,0,29,0,42,24,0,24,66
08/09/2011,RFD,IL,AGL,CE,Combined TRACON& Tower with Radar,38,2,17,0,57,0,2,20,2,24,38,4,37,2,81,34,0,34,115
08/10/2011,RFD,IL,AGL,CE,Combined TRACON& Tower with Radar,35,0,25,0,60,0,0,40,0,40,35,0,65,0,100,40,0,40,140
08/11/2011,RFD,IL,AGL,CE,Combined TRACON& Tower with Radar,43,8,31,1,83,0,0,38,1,39,43,8,69,2,122,44,0,44,166
08/12/2011,RFD,IL,AGL,CE,Combined TRACON& Tower with Radar,26,13,35,2,76,0,4,18,0,22,26,17,53,2,98,20,2,22,120
08/13/2011,RFD,IL,AGL,CE,Combined TRACON& Tower with Radar,10,0,19,1,30,0,0,3,0,3,10,0,22,1,33,0,0,0,33
08/14/2011,RFD,IL,AGL,CE,Combined TRACON& Tower with Radar,10,1,40,0,51,0,1,36,0,37,10,2,76,0,88,96,0,96,184
08/15/2011,RFD,IL,AGL,CE,Combined TRACON& Tower with Radar,15,3,41,1,60,0,1,43,0,44,15,4,84,1,104,56,0,56,160
08/16/2011,RFD,IL,AGL,CE,Combined TRACON& Tower with Radar,41,6,50,0,97,0,2,38,0,40,41,8,88,0,137,58,0,58,195
08/17/2011,RFD,IL,AGL,CE,Combined TRACON& Tower with Radar,32,3,46,0,81,0,0,26,0,26,32,3,72,0,107,32,0,32,139
08/18/2011,RFD,IL,AGL,CE,Combined TRACON& Tower with Radar,39,2,47,8,96,0,5,51,2,58,39,7,98,10,154,72,0,72,226
08/19/2011,RFD,IL,AGL,CE,Combined TRACON& Tower with Radar,27,2,48,4,81,0,0,39,0,39,27,2,87,4,120,87,8,95,215
08/20/2011,RFD,IL,AGL,CE,Combined TRACON& Tower with Radar,16,2,12,12,42,0,3,12,2,17,16,5,24,14,59,30,4,34,93
08/21/2011,RFD,IL,AGL,CE,Combined TRACON& Tower with Radar,7,6,18,0,31,0,2,30,0,32,7,8,48,0,63,115,1,116,179
08/22/2011,RFD,IL,AGL,CE,Combined TRACON& Tower with Radar,13,17,40,6,76,0,1,54,2,57,13,18,94,8,133,56,0,56,189
08/23/2011,RFD,IL,AGL,CE,Combined TRACON& Tower with Radar,39,0,10,14,63,0,0,4,0,4,39,0,14,14,67,0,22,22,89
08/24/2011,RFD,IL,AGL,CE,Combined TRACON& Tower with Radar,41,0,31,0,72,0,0,20,2,22,41,0,51,2,94,18,0,18,112
08/25/2011,RFD,IL,AGL,CE,Combined TRACON& Tower with Radar,35,5,41,3,84,0,10,61,0,71,35,15,102,3,155,118,12,130,285
08/26/2011,RFD,IL,AGL,CE,Combined TRACON& Tower with Radar,29,4,42,4,79,0,2,88,0,90,29,6,130,4,169,62,0,62,231
08/27/2011,RFD,IL,AGL,CE,Combined TRACON& Tower with Radar,8,7,21,7,43,0,4,68,1,73,8,11,89,8,116,78,0,78,194
08/28/2011,RFD,IL,AGL,CE,Combined TRACON& Tower with Radar,8,6,41,0,55,0,4,72,0,76,8,10,113,0,131,84,0,84,215
08/29/2011,RFD,IL,AGL,CE,Combined TRACON& Tower with Radar,18,3,26,0,47,0,4,39,0,43,18,7,65,0,90,40,0,40,130
08/30/2011,RFD,IL,AGL,CE,Combined TRACON& Tower with Radar,36,6,37,0,79,0,0,26,0,26,36,6,63,0,105,76,0,76,181
08/31/2011,RFD,IL,AGL,CE,Combined TRACON& Tower with Radar,30,3,45,2,80,0,0,41,2,43,30,3,86,4,123,22,0,22,145
09/01/2011,RFD,IL,AGL,CE,Combined TRACON& Tower with Radar,32,8,28,1,69,0,0,23,0,23,32,8,51,1,92,34,0,34,126
09/02/2011,RFD,IL,AGL,CE,Combined TRACON& Tower with Radar,27,5,29,0,61,0,1,20,0,21,27,6,49,0,82,22,2,24,106
09/03/2011,RFD,IL,AGL,CE,Combined TRACON& Tower with Radar,12,0,4,0,16,0,8,5,0,13,12,8,9,0,29,0,0,0,29
09/04/2011,RFD,IL,AGL,CE,Combined TRACON& Tower with Radar,7,0,6,0,13,0,8,25,0,33,7,8,31,0,46,8,0,8,54
09/05/2011,RFD,IL,AGL,CE,Combined TRACON& Tower with Radar,3,2,23,0,28,0,6,32,0,38,3,8,55,0,66,75,0,75,141
09/06/2011,RFD,IL,AGL,CE,Combined TRACON& Tower with Radar,11,2,44,0,57,0,2,47,1,50,11,4,91,1,107,28,0,28,135
09/07/2011,RFD,IL,AGL,CE,Combined TRACON& Tower with Radar,31,1,35,0,67,0,1,58,2,61,31,2,93,2,128,70,0,70,198
09/08/2011,RFD,IL,AGL,CE,Combined TRACON& Tower with Radar,42,3,22,6,73,0,2,41,0,43,42,5,63,6,116,50,0,50,166
09/09/2011,RFD,IL,AGL,CE,Combined TRACON& Tower with Radar,30,5,39,0,74,0,3,22,0,25,30,8,61,0,99,44,0,44,143
09/10/2011,RFD,IL,AGL,CE,Combined TRACON& Tower with Radar,8,4,18,0,30,0,2,50,0,52,8,6,68,0,82,76,0,76,158
09/11/2011,RFD,IL,AGL,CE,Combined TRACON& Tower with Radar,15,4,26,1,46,0,0,45,0,45,15,4,71,1,91,62,0,62,153
09/12/2011,RFD,IL,AGL,CE,Combined TRACON& Tower with Radar,15,1,24,1,41,0,10,35,0,45,15,11,59,1,86,66,0,66,152
09/13/2011,RFD,IL,AGL,CE,Combined TRACON& Tower with Radar,37,5,27,10,79,0,2,33,0,35,37,7,60,10,114,38,4,42,156
09/14/2011,RFD,IL,AGL,CE,Combined TRACON& Tower with Radar,37,6,28,6,77,0,0,36,0,36,37,6,64,6,113,44,16,60,173
09/15/2011,RFD,IL,AGL,CE,Combined TRACON& Tower with Radar,35,2,44,24,105,0,3,45,1,49,35,5,89,25,154,108,52,160,314
09/16/2011,RFD,IL,AGL,CE,Combined TRACON& Tower with Radar,26,2,21,0,49,0,2,23,0,25,26,4,44,0,74,58,0,58,132
09/17/2011,RFD,IL,AGL,CE,Combined TRACON& Tower with Radar,9,6,24,0,39,0,5,30,0,35,9,11,54,0,74,43,0,43,117
09/18/2011,RFD,IL,AGL,CE,Combined TRACON& Tower with Radar,7,3,37,0,47,0,0,4,0,4,7,3,41,0,51,28,0,28,79
09/19/2011,RFD,IL,AGL,CE,Combined TRACON& Tower with Radar,13,4,23,0,40,0,5,13,0,18,13,9,36,0,58,84,0,84,142
09/20/2011,RFD,IL,AGL,CE,Combined TRACON& Tower with Radar,32,6,24,22,84,0,8,33,0,41,32,14,57,22,125,96,28,124,249
09/21/2011,RFD,IL,AGL,CE,Combined TRACON& Tower with Radar,34,6,21,0,61,0,6,22,0,28,34,12,43,0,89,22,0,22,111
09/22/2011,RFD,IL,AGL,CE,Combined TRACON& Tower with Radar,36,4,54,0,94,0,7,33,0,40,36,11,87,0,134,12,0,12,146
09/23/2011,RFD,IL,AGL,CE,Combined TRACON& Tower with Radar,25,4,28,0,57,0,3,35,0,38,25,7,63,0,95,74,2,76,171
09/24/2011,RFD,IL,AGL,CE,Combined TRACON& Tower with Radar,8,2,14,0,24,0,9,17,0,26,8,11,31,0,50,44,0,44,94
09/25/2011,RFD,IL,AGL,CE,Combined TRACON& Tower with Radar,10,3,23,0,36,0,2,4,0,6,10,5,27,0,42,44,0,44,86
09/26/2011,RFD,IL,AGL,CE,Combined TRACON& Tower with Radar,14,4,31,0,49,0,0,0,0,0,14,4,31,0,49,8,0,8,57
09/27/2011,RFD,IL,AGL,CE,Combined TRACON& Tower with Radar,37,2,16,14,69,0,2,4,0,6,37,4,20,14,75,46,10,56,131
09/28/2011,RFD,IL,AGL,CE,Combined TRACON& Tower with Radar,40,6,45,0,91,0,6,27,0,33,40,12,72,0,124,14,0,14,138
09/29/2011,RFD,IL,AGL,CE,Combined TRACON& Tower with Radar,37,13,22,4,76,0,0,7,0,7,37,13,29,4,83,10,2,12,95
09/30/2011,RFD,IL,AGL,CE,Combined TRACON& Tower with Radar,31,6,33,0,70,0,4,14,0,18,31,10,47,0,88,44,8,52,140
10/01/2011,RFD,IL,AGL,CE,Combined TRACON& Tower with Radar,9,1,32,2,44,0,10,48,0,58,9,11,80,2,102,80,0,80,182
10/02/2011,RFD,IL,AGL,CE,Combined TRACON& Tower with Radar,7,5,30,0,42,0,2,44,0,46,7,7,74,0,88,108,0,108,196
10/03/2011,RFD,IL,AGL,CE,Combined TRACON& Tower with Radar,13,5,44,5,67,0,2,40,1,43,13,7,84,6,110,28,12,40,150
10/04/2011,RFD,IL,AGL,CE,Combined TRACON& Tower with Radar,34,14,37,4,89,0,1,43,0,44,34,15,80,4,133,60,8,68,201
10/05/2011,RFD,IL,AGL,CE,Combined TRACON& Tower with Radar,33,10,62,1,106,0,4,53,1,58,33,14,115,2,164,82,4,86,250
10/06/2011,RFD,IL,AGL,CE,Combined TRACON& Tower with Radar,36,5,44,0,85,0,2,35,0,37,36,7,79,0,122,46,2,48,170
10/07/2011,RFD,IL,AGL,CE,Combined TRACON& Tower with Radar,27,17,20,0,64,0,0,22,0,22,27,17,42,0,86,18,0,18,104
10/08/2011,RFD,IL,AGL,CE,Combined TRACON& Tower with Radar,10,1,22,0,33,0,14,39,0,53,10,15,61,0,86,66,0,66,152
10/09/2011,RFD,IL,AGL,CE,Combined TRACON& Tower with Radar,8,3,41,0,52,0,6,44,0,50,8,9,85,0,102,14,0,14,116
10/10/2011,RFD,IL,AGL,CE,Combined TRACON& Tower with Radar,13,5,36,0,54,0,4,55,0,59,13,9,91,0,113,60,0,60,173
10/11/2011,RFD,IL,AGL,CE,Combined TRACON& Tower with Radar,42,2,23,9,76,0,1,29,0,30,42,3,52,9,106,42,0,42,148
10/12/2011,RFD,IL,AGL,CE,Combined TRACON& Tower with Radar,22,2,33,2,59,0,2,9,0,11,22,4,42,2,70,0,0,0,70
10/13/2011,RFD,IL,AGL,CE,Combined TRACON& Tower with Radar,37,9,37,0,83,0,0,9,0,9,37,9,46,0,92,56,0,56,148
10/14/2011,RFD,IL,AGL,CE,Combined TRACON& Tower with Radar,23,14,47,0,84,0,0,24,0,24,23,14,71,0,108,80,0,80,188
10/15/2011,RFD,IL,AGL,CE,Combined TRACON& Tower with Radar,9,5,23,0,37,0,2,17,0,19,9,7,40,0,56,54,0,54,110
10/16/2011,RFD,IL,AGL,CE,Combined TRACON& Tower with Radar,7,0,36,0,43,0,0,31,0,31,7,0,67,0,74,58,0,58,132
10/17/2011,RFD,IL,AGL,CE,Combined TRACON& Tower with Radar,11,2,36,0,49,0,2,35,0,37,11,4,71,0,86,42,0,42,128
10/18/2011,RFD,IL,AGL,CE,Combined TRACON& Tower with Radar,41,4,20,4,69,0,2,36,0,38,41,6,56,4,107,100,4,104,211
10/19/2011,RFD,IL,AGL,CE,Combined TRACON& Tower with Radar,28,10,17,0,55,0,2,15,0,17,28,12,32,0,72,10,0,10,82
10/20/2011,RFD,IL,AGL,CE,Combined TRACON& Tower with Radar,39,3,17,0,59,0,2,4,0,6,39,5,21,0,65,0,0,0,65
10/21/2011,RFD,IL,AGL,CE,Combined TRACON& Tower with Radar,30,4,32,0,66,0,2,54,0,56,30,6,86,0,122,68,0,68,190
10/22/2011,RFD,IL,AGL,CE,Combined TRACON& Tower with Radar,10,5,36,0,51,0,2,50,0,52,10,7,86,0,103,82,0,82,185
10/23/2011,RFD,IL,AGL,CE,Combined TRACON& Tower with Radar,14,2,29,0,45,0,0,30,0,30,14,2,59,0,75,38,0,38,113
10/24/2011,RFD,IL,AGL,CE,Combined TRACON& Tower with Radar,17,3,20,6,46,0,2,27,3,32,17,5,47,9,78,72,6,78,156
10/25/2011,RFD,IL,AGL,CE,Combined TRACON& Tower with Radar,38,6,10,10,64,0,2,14,0,16,38,8,24,10,80,44,0,44,124
10/26/2011,RFD,IL,AGL,CE,Combined TRACON& Tower with Radar,35,5,38,12,90,0,0,3,0,3,35,5,41,12,93,72,24,96,189
10/27/2011,RFD,IL,AGL,CE,Combined TRACON& Tower with Radar,44,4,37,6,91,0,4,42,0,46,44,8,79,6,137,62,6,68,205
10/28/2011,RFD,IL,AGL,CE,Combined TRACON& Tower with Radar,30,9,24,4,67,0,0,33,0,33,30,9,57,4,100,68,4,72,172
10/29/2011,RFD,IL,AGL,CE,Combined TRACON& Tower with Radar,15,3,10,0,28,0,4,35,0,39,15,7,45,0,67,248,0,248,315
10/30/2011,RFD,IL,AGL,CE,Combined TRACON& Tower with Radar,5,1,15,0,21,0,0,11,0,11,5,1,26,0,32,36,0,36,68
10/31/2011,RFD,IL,AGL,CE,Combined TRACON& Tower with Radar,16,4,12,10,42,0,0,17,1,18,16,4,29,11,60,0,0,0,60
11/01/2011,RFD,IL,AGL,CE,Combined TRACON& Tower with Radar,34,0,29,0,63,0,0,31,0,31,34,0,60,0,94,78,0,78,172
11/02/2011,RFD,IL,AGL,CE,Combined TRACON& Tower with Radar,38,3,44,0,85,0,2,19,0,21,38,5,63,0,106,50,0,50,156
11/03/2011,RFD,IL,AGL,CE,Combined TRACON& Tower with Radar,36,4,22,0,62,0,2,4,0,6,36,6,26,0,68,4,0,4,72
11/04/2011,RFD,IL,AGL,CE,Combined TRACON& Tower with Radar,25,6,45,22,98,0,2,73,0,75,25,8,118,22,173,70,46,116,289
11/05/2011,RFD,IL,AGL,CE,Combined TRACON& Tower with Radar,10,0,34,0,44,0,2,43,0,45,10,2,77,0,89,78,0,78,167
11/06/2011,RFD,IL,AGL,CE,Combined TRACON& Tower with Radar,6,0,19,0,25,0,0,8,0,8,6,0,27,0,33,80,0,80,113
11/07/2011,RFD,IL,AGL,CE,Combined TRACON& Tower with Radar,19,1,18,0,38,0,0,16,0,16,19,1,34,0,54,36,0,36,90
11/08/2011,RFD,IL,AGL,CE,Combined TRACON& Tower with Radar,34,5,20,0,59,0,0,3,0,3,34,5,23,0,62,0,0,0,62
11/09/2011,RFD,IL,AGL,CE,Combined TRACON& Tower with Radar,36,2,33,6,77,0,4,3,0,7,36,6,36,6,84,2,6,8,92
11/10/2011,RFD,IL,AGL,CE,Combined TRACON& Tower with Radar,42,5,28,1,76,1,0,20,0,21,43,5,48,1,97,14,0,14,111
11/11/2011,RFD,IL,AGL,CE,Combined TRACON& Tower with Radar,28,1,36,0,65,0,1,47,1,49,28,2,83,1,114,148,0,148,262
11/12/2011,RFD,IL,AGL,CE,Combined TRACON& Tower with Radar,7,2,20,0,29,0,2,33,0,35,7,4,53,0,64,80,0,80,144
11/13/2011,RFD,IL,AGL,CE,Combined TRACON& Tower with Radar,10,4,9,0,23,0,0,8,0,8,10,4,17,0,31,12,0,12,43
11/14/2011,RFD,IL,AGL,CE,Combined TRACON& Tower with Radar,21,1,20,0,42,0,3,22,0,25,21,4,42,0,67,22,0,22,89
11/15/2011,RFD,IL,AGL,CE,Combined TRACON& Tower with Radar,34,8,26,0,68,0,2,32,0,34,34,10,58,0,102,16,0,16,118
11/16/2011,RFD,IL,AGL,CE,Combined TRACON& Tower with Radar,31,8,26,20,85,0,0,26,0,26,31,8,52,20,111,26,48,74,185
11/17/2011,RFD,IL,AGL,CE,Combined TRACON& Tower with Radar,45,13,33,2,93,0,6,33,0,39,45,19,66,2,132,34,0,34,166
11/18/2011,RFD,IL,AGL,CE,Combined TRACON& Tower with Radar,29,12,10,1,52,0,0,11,0,11,29,12,21,1,63,4,14,18,81
11/19/2011,RFD,IL,AGL,CE,Combined TRACON& Tower with Radar,9,10,21,0,40,0,0,5,0,5,9,10,26,0,45,22,0,22,67
11/20/2011,RFD,IL,AGL,CE,Combined TRACON& Tower with Radar,10,0,33,0,43,0,0,18,0,18,10,0,51,0,61,34,0,34,95
11/21/2011,RFD,IL,AGL,CE,Combined TRACON& Tower with Radar,21,2,37,2,62,0,0,27,0,27,21,2,64,2,89,114,0,114,203
11/22/2011,RFD,IL,AGL,CE,Combined TRACON& Tower with Radar,44,16,42,6,108,0,0,2,0,2,44,16,44,6,110,20,4,24,134
11/23/2011,RFD,IL,AGL,CE,Combined TRACON& Tower with Radar,35,3,35,3,76,0,1,30,1,32,35,4,65,4,108,42,0,42,150
11/24/2011,RFD,IL,AGL,CE,Combined TRACON& Tower with Radar,9,0,6,0,15,0,0,2,0,2,9,0,8,0,17,0,0,0,17
11/25/2011,RFD,IL,AGL,CE,Combined TRACON& Tower with Radar,5,7,21,0,33,0,0,20,0,20,5,7,41,0,53,42,0,42,95
11/26/2011,RFD,IL,AGL,CE,Combined TRACON& Tower with Radar,4,3,30,0,37,0,4,3,0,7,4,7,33,0,44,28,0,28,72
11/27/2011,RFD,IL,AGL,CE,Combined TRACON& Tower with Radar,8,2,15,0,25,0,0,9,0,9,8,2,24,0,34,74,0,74,108
11/28/2011,RFD,IL,AGL,CE,Combined TRACON& Tower with Radar,24,0,47,0,71,0,2,22,0,24,24,2,69,0,95,76,4,80,175
11/29/2011,RFD,IL,AGL,CE,Combined TRACON& Tower with Radar,40,6,12,0,58,0,20,7,0,27,40,26,19,0,85,104,0,104,189
11/30/2011,RFD,IL,AGL,CE,Combined TRACON& Tower with Radar,44,9,33,2,88,0,3,31,2,36,44,12,64,4,124,64,0,64,188
12/01/2011,RFD,IL,AGL,CE,Combined TRACON& Tower with Radar,48,4,21,2,75,0,8,22,1,31,48,12,43,3,106,28,0,28,134
12/02/2011,RFD,IL,AGL,CE,Combined TRACON& Tower with Radar,40,10,37,0,87,0,0,36,0,36,40,10,73,0,123,30,0,30,153
12/03/2011,RFD,IL,AGL,CE,Combined TRACON& Tower with Radar,11,3,18,0,32,0,1,8,0,9,11,4,26,0,41,42,0,42,83
12/04/2011,RFD,IL,AGL,CE,Combined TRACON& Tower with Radar,8,1,10,0,19,0,0,3,0,3,8,1,13,0,22,2,0,2,24
12/05/2011,RFD,IL,AGL,CE,Combined TRACON& Tower with Radar,23,6,8,0,37,0,2,2,0,4,23,8,10,0,41,0,0,0,41
12/06/2011,RFD,IL,AGL,CE,Combined TRACON& Tower with Radar,44,5,38,8,95,0,0,25,0,25,44,5,63,8,120,42,22,64,184
12/07/2011,RFD,IL,AGL,CE,Combined TRACON& Tower with Radar,43,5,39,2,89,0,0,41,0,41,43,5,80,2,130,32,0,32,162
12/08/2011,RFD,IL,AGL,CE,Combined TRACON& Tower with Radar,46,5,31,0,82,0,7,35,0,42,46,12,66,0,124,28,0,28,152
12/09/2011,RFD,IL,AGL,CE,Combined TRACON& Tower with Radar,38,14,26,11,89,0,1,21,0,22,38,15,47,11,111,32,0,32,143
12/10/2011,RFD,IL,AGL,CE,Combined TRACON& Tower with Radar,8,8,45,0,61,0,7,48,0,55,8,15,93,0,116,38,28,66,182
12/11/2011,RFD,IL,AGL,CE,Combined TRACON& Tower with Radar,10,3,35,0,48,0,0,37,0,37,10,3,72,0,85,86,0,86,171
12/12/2011,RFD,IL,AGL,CE,Combined TRACON& Tower with Radar,19,4,32,0,55,0,2,42,1,45,19,6,74,1,100,38,0,38,138
12/13/2011,RFD,IL,AGL,CE,Combined TRACON& Tower with Radar,57,5,16,1,79,0,2,15,0,17,57,7,31,1,96,4,0,4,100
12/14/2011,RFD,IL,AGL,CE,Combined TRACON& Tower with Radar,60,12,13,0,85,0,0,0,0,0,60,12,13,0,85,0,0,0,85
12/15/2011,RFD,IL,AGL,CE,Combined TRACON& Tower with Radar,54,24,48,0,126,0,0,4,0,4,54,24,52,0,130,16,0,16,146
12/16/2011,RFD,IL,AGL,CE,Combined TRACON& Tower with Radar,45,21,39,1,106,0,7,41,0,48,45,28,80,1,154,68,0,68,222
12/17/2011,RFD,IL,AGL,CE,Combined TRACON& Tower with Radar,7,2,11,0,20,0,0,7,0,7,7,2,18,0,27,30,0,30,57
12/18/2011,RFD,IL,AGL,CE,Combined TRACON& Tower with Radar,9,1,24,1,35,0,2,20,1,23,9,3,44,2,58,70,0,70,128
12/19/2011,RFD,IL,AGL,CE,Combined TRACON& Tower with Radar,35,0,29,2,66,0,2,27,0,29,35,2,56,2,95,16,0,16,111
12/20/2011,RFD,IL,AGL,CE,Combined TRACON& Tower with Radar,75,14,25,4,118,0,0,8,0,8,75,14,33,4,126,4,2,6,132
12/21/2011,RFD,IL,AGL,CE,Combined TRACON& Tower with Radar,85,6,30,1,122,0,0,2,0,2,85,6,32,1,124,12,0,12,136
12/22/2011,RFD,IL,AGL,CE,Combined TRACON& Tower with Radar,77,18,18,1,114,0,5,4,1,10,77,23,22,2,124,10,0,10,134
12/23/2011,RFD,IL,AGL,CE,Combined TRACON& Tower with Radar,68,10,43,0,121,0,0,41,0,41,68,10,84,0,162,90,0,90,252
12/24/2011,RFD,IL,AGL,CE,Combined TRACON& Tower with Radar,8,1,11,0,20,0,0,14,0,14,8,1,25,0,34,38,0,38,72
12/25/2011,RFD,IL,AGL,CE,Combined TRACON& Tower with Radar,10,1,2,0,13,0,0,2,0,2,10,1,4,0,15,2,0,2,17
12/26/2011,RFD,IL,AGL,CE,Combined TRACON& Tower with Radar,15,0,26,0,41,0,0,27,0,27,15,0,53,0,68,36,0,36,104
12/27/2011,RFD,IL,AGL,CE,Combined TRACON& Tower with Radar,18,3,16,0,37,0,4,13,0,17,18,7,29,0,54,38,0,38,92
12/28/2011,RFD,IL,AGL,CE,Combined TRACON& Tower with Radar,42,7,28,0,77,0,5,44,1,50,42,12,72,1,127,70,0,70,197
12/29/2011,RFD,IL,AGL,CE,Combined TRACON& Tower with Radar,40,6,22,0,68,0,0,32,0,32,40,6,54,0,100,20,0,20,120
12/30/2011,RFD,IL,AGL,CE,Combined TRACON& Tower with Radar,37,0,7,0,44,0,0,0,0,0,37,0,7,0,44,0,0,0,44
12/31/2011,RFD,IL,AGL,CE,Combined TRACON& Tower with Radar,8,3,33,0,44,0,0,0,0,0,8,3,33,0,44,16,0,16,60
01/01/2012,RFD,IL,AGL,CE,Combined TRACON& Tower with Radar,14,2,2,0,18,0,0,1,0,1,14,2,3,0,19,0,0,0,19
01/02/2012,RFD,IL,AGL,CE,Combined TRACON& Tower with Radar,10,2,16,0,28,0,0,2,0,2,10,2,18,0,30,8,0,8,38
01/03/2012,RFD,IL,AGL,CE,Combined TRACON& Tower with Radar,15,6,9,6,36,0,0,22,1,23,15,6,31,7,59,32,0,32,91
01/04/2012,RFD,IL,AGL,CE,Combined TRACON& Tower with Radar,34,3,40,0,77,0,0,34,0,34,34,3,74,0,111,34,0,34,145
01/05/2012,RFD,IL,AGL,CE,Combined TRACON& Tower with Radar,38,8,22,0,68,0,2,27,0,29,38,10,49,0,97,24,0,24,121
01/06/2012,RFD,IL,AGL,CE,Combined TRACON& Tower with Radar,32,12,26,8,78,0,1,47,0,48,32,13,73,8,126,30,36,66,192
01/07/2012,RFD,IL,AGL,CE,Combined TRACON& Tower with Radar,14,15,39,0,68,0,0,37,0,37,14,15,76,0,105,106,0,106,211
01/08/2012,RFD,IL,AGL,CE,Combined TRACON& Tower with Radar,9,25,27,4,65,0,0,27,0,27,9,25,54,4,92,62,0,62,154
01/09/2012,RFD,IL,AGL,CE,Combined TRACON& Tower with Radar,24,3,30,0,57,0,3,21,0,24,24,6,51,0,81,26,0,26,107
01/10/2012,RFD,IL,AGL,CE,Combined TRACON& Tower with Radar,33,6,38,2,79,0,4,38,0,42,33,10,76,2,121,64,0,64,185
01/11/2012,RFD,IL,AGL,CE,Combined TRACON& Tower with Radar,38,9,56,10,113,0,4,39,0,43,38,13,95,10,156,88,10,98,254
01/12/2012,RFD,IL,AGL,CE,Combined TRACON& Tower with Radar,36,1,9,0,46,0,0,0,0,0,36,1,9,0,46,0,0,0,46
01/13/2012,RFD,IL,AGL,CE,Combined TRACON& Tower with Radar,32,3,12,0,47,0,0,6,0,6,32,3,18,0,53,0,0,0,53
01/14/2012,RFD,IL,AGL,CE,Combined TRACON& Tower with Radar,8,3,13,0,24,0,0,13,0,13,8,3,26,0,37,58,0,58,95
01/15/2012,RFD,IL,AGL,CE,Combined TRACON& Tower with Radar,8,0,12,0,20,0,0,20,0,20,8,0,32,0,40,32,0,32,72
01/16/2012,RFD,IL,AGL,CE,Combined TRACON& Tower with Radar,8,4,18,0,30,0,0,25,0,25,8,4,43,0,55,16,0,16,71
01/17/2012,RFD,IL,AGL,CE,Combined TRACON& Tower with Radar,14,5,8,0,27,0,0,1,0,1,14,5,9,0,28,0,0,0,28
01/18/2012,RFD,IL,AGL,CE,Combined TRACON& Tower with Radar,35,2,33,2,72,0,0,28,0,28,35,2,61,2,100,56,4,60,160
01/19/2012,RFD,IL,AGL,CE,Combined TRACON& Tower with Radar,35,6,10,2,53,0,0,20,0,20,35,6,30,2,73,16,16,32,105
01/20/2012,RFD,IL,AGL,CE,Combined TRACON& Tower with Radar,30,4,13,0,47,0,4,0,0,4,30,8,13,0,51,1,1,2,53
01/21/2012,RFD,IL,AGL,CE,Combined TRACON& Tower with Radar,8,1,14,0,23,0,1,13,0,14,8,2,27,0,37,36,0,36,73
01/22/2012,RFD,IL,AGL,CE,Combined TRACON& Tower with Radar,9,2,3,0,14,0,0,0,0,0,9,2,3,0,14,0,0,0,14
01/23/2012,RFD,IL,AGL,CE,Combined TRACON& Tower with Radar,19,0,6,0,25,0,0,0,0,0,19,0,6,0,25,0,0,0,25
01/24/2012,RFD,IL,AGL,CE,Combined TRACON& Tower with Radar,39,11,30,0,80,0,1,45,0,46,39,12,75,0,126,96,0,96,222
01/25/2012,RFD,IL,AGL,CE,Combined TRACON& Tower with Radar,36,5,24,8,73,0,0,24,0,24,36,5,48,8,97,26,18,44,141
01/26/2012,RFD,IL,AGL,CE,Combined TRACON& Tower with Radar,35,5,17,0,57,0,0,0,0,0,35,5,17,0,57,0,0,0,57
01/27/2012,RFD,IL,AGL,CE,Combined TRACON& Tower with Radar,32,6,27,0,65,0,2,42,0,44,32,8,69,0,109,40,0,40,149
01/28/2012,RFD,IL,AGL,CE,Combined TRACON& Tower with Radar,8,2,2,0,12,0,0,13,0,13,8,2,15,0,25,28,0,28,53
01/29/2012,RFD,IL,AGL,CE,Combined TRACON& Tower with Radar,13,0,13,0,26,0,0,9,0,9,13,0,22,0,35,8,0,8,43
01/30/2012,RFD,IL,AGL,CE,Combined TRACON& Tower with Radar,21,2,22,0,45,0,4,23,0,27,21,6,45,0,72,14,0,14,86
01/31/2012,RFD,IL,AGL,CE,Combined TRACON& Tower with Radar,37,4,17,0,58,0,0,10,0,10,37,4,27,0,68,12,0,12,80
02/01/2012,RFD,IL,AGL,CE,Combined TRACON& Tower with Radar,37,4,36,0,77,0,1,9,0,10,37,5,45,0,87,46,0,46,133
02/02/2012,RFD,IL,AGL,CE,Combined TRACON& Tower with Radar,37,17,20,6,80,0,0,1,0,1,37,17,21,6,81,4,62,66,147
02/03/2012,RFD,IL,AGL,CE,Combined TRACON& Tower with Radar,30,8,39,0,77,0,0,0,0,0,30,8,39,0,77,12,0,12,89
02/04/2012,RFD,IL,AGL,CE,Combined TRACON& Tower with Radar,10,3,26,0,39,0,0,17,0,17,10,3,43,0,56,38,0,38,94
02/05/2012,RFD,IL,AGL,CE,Combined TRACON& Tower with Radar,7,0,39,0,46,0,0,29,0,29,7,0,68,0,75,22,0,22,97
02/06/2012,RFD,IL,AGL,CE,Combined TRACON& Tower with Radar,17,5,28,6,56,0,0,0,0,0,17,5,28,6,56,18,12,30,86
02/07/2012,RFD,IL,AGL,CE,Combined TRACON& Tower with Radar,32,1,15,23,71,0,0,5,0,5,32,1,20,23,76,2,58,60,136
02/08/2012,RFD,IL,AGL,CE,Combined TRACON& Tower with Radar,23,17,34,0,74,0,0,61,0,61,23,17,95,0,135,76,0,76,211
02/09/2012,RFD,IL,AGL,CE,Combined TRACON& Tower with Radar,38,1,41,10,90,0,0,33,0,33,38,1,74,10,123,30,6,36,159
02/10/2012,RFD,IL,AGL,CE,Combined TRACON& Tower with Radar,35,7,12,0,54,0,0,0,0,0,35,7,12,0,54,10,0,10,64
02/11/2012,RFD,IL,AGL,CE,Combined TRACON& Tower with Radar,9,1,9,0,19,0,0,23,0,23,9,1,32,0,42,18,0,18,60
02/12/2012,RFD,IL,AGL,CE,Combined TRACON& Tower with Radar,11,3,34,0,48,0,0,32,0,32,11,3,66,0,80,30,0,30,110
02/13/2012,RFD,IL,AGL,CE,Combined TRACON& Tower with Radar,19,7,18,0,44,0,0,6,0,6,19,7,24,0,50,14,0,14,64
02/14/2012,RFD,IL,AGL,CE,Combined TRACON& Tower with Radar,31,2,16,0,49,0,0,1,0,1,31,2,17,0,50,8,0,8,58
02/15/2012,RFD,IL,AGL,CE,Combined TRACON& Tower with Radar,36,3,37,0,76,0,0,17,0,17,36,3,54,0,93,2,0,2,95
02/16/2012,RFD,IL,AGL,CE,Combined TRACON& Tower with Radar,35,4,15,8,62,0,4,17,0,21,35,8,32,8,83,10,4,14,97
02/17/2012,RFD,IL,AGL,CE,Combined TRACON& Tower with Radar,32,3,36,1,72,0,2,40,0,42,32,5,76,1,114,30,0,30,144
02/18/2012,RFD,IL,AGL,CE,Combined TRACON& Tower with Radar,17,3,43,2,65,0,1,48,0,49,17,4,91,2,114,52,0,52,166
02/19/2012,RFD,IL,AGL,CE,Combined TRACON& Tower with Radar,8,3,35,0,46,0,1,58,0,59,8,4,93,0,105,14,0,14,119
02/20/2012,RFD,IL,AGL,CE,Combined TRACON& Tower with Radar,9,3,31,0,43,0,1,26,0,27,9,4,57,0,70,4,0,4,74
02/21/2012,RFD,IL,AGL,CE,Combined TRACON& Tower with Radar,18,3,24,0,45,0,2,4,0,6,18,5,28,0,51,0,0,0,51
02/22/2012,RFD,IL,AGL,CE,Combined TRACON& Tower with Radar,40,8,28,2,78,0,0,21,0,21,40,8,49,2,99,8,0,8,107
02/23/2012,RFD,IL,AGL,CE,Combined TRACON& Tower with Radar,34,3,16,0,53,0,0,5,0,5,34,3,21,0,58,2,0,2,60
02/24/2012,RFD,IL,AGL,CE,Combined TRACON& Tower with Radar,34,5,19,0,58,0,6,12,0,18,34,11,31,0,76,13,0,13,89
02/25/2012,RFD,IL,AGL,CE,Combined TRACON& Tower with Radar,10,4,35,0,49,0,0,36,1,37,10,4,71,1,86,61,1,62,148
02/26/2012,RFD,IL,AGL,CE,Combined TRACON& Tower with Radar,8,4,15,0,27,0,0,22,0,22,8,4,37,0,49,4,0,4,53
02/27/2012,RFD,IL,AGL,CE,Combined TRACON& Tower with Radar,17,3,30,0,50,0,3,30,0,33,17,6,60,0,83,16,0,16,99
02/28/2012,RFD,IL,AGL,CE,Combined TRACON& Tower with Radar,36,6,22,12,76,0,2,15,0,17,36,8,37,12,93,40,4,44,137
02/29/2012,RFD,IL,AGL,CE,Combined TRACON& Tower with Radar,37,0,10,0,47,0,0,9,0,9,37,0,19,0,56,18,0,18,74
03/01/2012,RFD,IL,AGL,CE,Combined TRACON& Tower with Radar,35,3,26,2,66,0,2,16,0,18,35,5,42,2,84,12,0,12,96
03/02/2012,RFD,IL,AGL,CE,Combined TRACON& Tower with Radar,37,4,20,0,61,0,0,2,0,2,37,4,22,0,63,0,0,0,63
03/03/2012,RFD,IL,AGL,CE,Combined TRACON& Tower with Radar,11,1,9,0,21,0,0,3,0,3,11,1,12,0,24,8,1,9,33
03/04/2012,RFD,IL,AGL,CE,Combined TRACON& Tower with Radar,7,1,16,0,24,0,0,9,0,9,7,1,25,0,33,6,0,6,39
03/05/2012,RFD,IL,AGL,CE,Combined TRACON& Tower with Radar,23,7,26,0,56,0,0,44,1,45,23,7,70,1,101,50,0,50,151
03/06/2012,RFD,IL,AGL,CE,Combined TRACON& Tower with Radar,33,10,23,0,66,0,0,22,0,22,33,10,45,0,88,20,0,20,108
03/07/2012,RFD,IL,AGL,CE,Combined TRACON& Tower with Radar,38,0,15,0,53,0,0,1,0,1,38,0,16,0,54,0,0,0,54
03/08/2012,RFD,IL,AGL,CE,Combined TRACON& Tower with Radar,37,8,29,0,74,0,0,15,0,15,37,8,44,0,89,10,0,10,99
03/09/2012,RFD,IL,AGL,CE,Combined TRACON& Tower with Radar,33,4,33,0,70,0,4,47,0,51,33,8,80,0,121,84,0,84,205
03/10/2012,RFD,IL,AGL,CE,Combined TRACON& Tower with Radar,18,6,23,0,47,0,0,14,0,14,18,6,37,0,61,28,0,28,89
03/11/2012,RFD,IL,AGL,CE,Combined TRACON& Tower with Radar,12,1,21,0,34,0,0,31,0,31,12,1,52,0,65,86,0,86,151
03/12/2012,RFD,IL,AGL,CE,Combined TRACON& Tower with Radar,26,15,10,0,51,0,0,1,0,1,26,15,11,0,52,0,0,0,52
03/13/2012,RFD,IL,AGL,CE,Combined TRACON& Tower with Radar,35,6,42,22,105,0,0,47,0,47,35,6,89,22,152,122,36,158,310
03/14/2012,RFD,IL,AGL,CE,Combined TRACON& Tower with Radar,39,12,33,9,93,0,4,44,0,48,39,16,77,9,141,32,18,50,191
03/15/2012,RFD,IL,AGL,CE,Combined TRACON& Tower with Radar,44,7,19,7,77,0,7,29,0,36,44,14,48,7,113,40,0,40,153
03/16/2012,RFD,IL,AGL,CE,Combined TRACON& Tower with Radar,40,14,29,0,83,0,2,30,0,32,40,16,59,0,115,34,0,34,149
03/17/2012,RFD,IL,AGL,CE,Combined TRACON& Tower with Radar,27,0,26,0,53,0,0,24,0,24,27,0,50,0,77,64,0,64,141
03/18/2012,RFD,IL,AGL,CE,Combined TRACON& Tower with Radar,10,2,30,0,42,0,0,28,0,28,10,2,58,0,70,82,0,82,152
03/19/2012,RFD,IL,AGL,CE,Combined TRACON& Tower with Radar,17,6,9,0,32,0,0,3,0,3,17,6,12,0,35,0,0,0,35
03/20/2012,RFD,IL,AGL,CE,Combined TRACON& Tower with Radar,42,7,24,1,74,0,4,19,0,23,42,11,43,1,97,34,0,34,131
03/21/2012,RFD,IL,AGL,CE,Combined TRACON& Tower with Radar,41,13,29,5,88,0,1,30,0,31,41,14,59,5,119,20,0,20,139
03/22/2012,RFD,IL,AGL,CE,Combined TRACON& Tower with Radar,42,19,20,0,81,0,3,18,1,22,42,22,38,1,103,4,0,4,107
03/23/2012,RFD,IL,AGL,CE,Combined TRACON& Tower with Radar,36,7,57,2,102,0,7,8,0,15,36,14,65,2,117,48,0,48,165
03/24/2012,RFD,IL,AGL,CE,Combined TRACON& Tower with Radar,21,4,73,0,98,0,2,3,0,5,21,6,76,0,103,82,0,82,185
03/25/2012,RFD,IL,AGL,CE,Combined TRACON& Tower with Radar,11,0,32,0,43,0,6,30,0,36,11,6,62,0,79,38,0,38,117
03/26/2012,RFD,IL,AGL,CE,Combined TRACON& Tower with Radar,20,1,17,0,38,0,9,21,0,30,20,10,38,0,68,10,0,10,78
03/27/2012,RFD,IL,AGL,CE,Combined TRACON& Tower with Radar,38,2,16,11,67,0,3,5,0,8,38,5,21,11,75,6,20,26,101
03/28/2012,RFD,IL,AGL,CE,Combined TRACON& Tower with Radar,37,2,22,1,62,0,5,15,0,20,37,7,37,1,82,26,0,26,108
03/29/2012,RFD,IL,AGL,CE,Combined TRACON& Tower with Radar,40,12,54,9,115,0,4,43,1,48,40,16,97,10,163,38,10,48,211
03/30/2012,RFD,IL,AGL,CE,Combined TRACON& Tower with Radar,35,6,21,6,68,0,4,4,0,8,35,10,25,6,76,6,20,26,102
03/31/2012,RFD,IL,AGL,CE,Combined TRACON& Tower with Radar,20,3,34,11,68,0,3,5,0,8,20,6,39,11,76,44,0,44,120
04/01/2012,RFD,IL,AGL,CE,Combined TRACON& Tower with Radar,11,4,46,2,63,0,7,6,0,13,11,11,52,2,76,56,0,56,132
04/02/2012,RFD,IL,AGL,CE,Combined TRACON& Tower with Radar,22,5,38,0,65,0,5,32,0,37,22,10,70,0,102,100,0,100,202
04/03/2012,RFD,IL,AGL,CE,Combined TRACON& Tower with Radar,39,2,22,2,65,0,4,33,0,37,39,6,55,2,102,32,2,34,136
04/04/2012,RFD,IL,AGL,CE,Combined TRACON& Tower with Radar,34,6,34,0,74,0,8,39,0,47,34,14,73,0,121,76,0,76,197
04/05/2012,RFD,IL,AGL,CE,Combined TRACON& Tower with Radar,42,3,36,2,83,0,3,33,0,36,42,6,69,2,119,60,0,60,179
04/06/2012,RFD,IL,AGL,CE,Combined TRACON& Tower with Radar,34,2,63,14,113,0,6,67,1,74,34,8,130,15,187,108,16,124,311
04/07/2012,RFD,IL,AGL,CE,Combined TRACON& Tower with Radar,16,0,22,0,38,0,4,28,0,32,16,4,50,0,70,22,0,22,92
04/08/2012,RFD,IL,AGL,CE,Combined TRACON& Tower with Radar,11,0,9,0,20,0,0,4,0,4,11,0,13,0,24,0,0,0,24
04/09/2012,RFD,IL,AGL,CE,Combined TRACON& Tower with Radar,21,1,15,0,37,0,4,17,0,21,21,5,32,0,58,6,0,6,64
04/10/2012,RFD,IL,AGL,CE,Combined TRACON& Tower with Radar,36,1,9,2,48,0,1,18,1,20,36,2,27,3,68,4,0,4,72
04/11/2012,RFD,IL,AGL,CE,Combined TRACON& Tower with Radar,39,7,38,1,85,0,10,49,3,62,39,17,87,4,147,34,0,34,181
04/12/2012,RFD,IL,AGL,CE,Combined TRACON& Tower with Radar,35,2,42,4,83,0,4,70,2,76,35,6,112,6,159,84,2,86,245
04/13/2012,RFD,IL,AGL,CE,Combined TRACON& Tower with Radar,31,13,20,0,64,0,8,20,0,28,31,21,40,0,92,38,2,40,132
04/14/2012,RFD,IL,AGL,CE,Combined TRACON& Tower with Radar,13,6,31,0,50,0,4,4,0,8,13,10,35,0,58,8,0,8,66
04/15/2012,RFD,IL,AGL,CE,Combined TRACON& Tower with Radar,10,2,14,0,26,0,0,10,0,10,10,2,24,0,36,14,0,14,50
04/16/2012,RFD,IL,AGL,CE,Combined TRACON& Tower with Radar,17,1,9,0,27,0,0,4,0,4,17,1,13,0,31,0,0,0,31
04/17/2012,RFD,IL,AGL,CE,Combined TRACON& Tower with Radar,36,4,39,12,91,0,2,51,0,53,36,6,90,12,144,46,42,88,232
04/18/2012,RFD,IL,AGL,CE,Combined TRACON& Tower with Radar,32,10,40,0,82,0,2,24,0,26,32,12,64,0,108,26,0,26,134
04/19/2012,RFD,IL,AGL,CE,Combined TRACON& Tower with Radar,39,5,43,1,88,0,7,9,0,16,39,12,52,1,104,20,0,20,124
04/20/2012,RFD,IL,AGL,CE,Combined TRACON& Tower with Radar,36,8,22,15,81,0,0,2,0,2,36,8,24,15,83,26,8,34,117
04/21/2012,RFD,IL,AGL,CE,Combined TRACON& Tower with Radar,7,8,37,2,54,0,4,45,0,49,7,12,82,2,103,54,0,54,157
04/22/2012,RFD,IL,AGL,CE,Combined TRACON& Tower with Radar,6,1,20,1,28,0,6,34,0,40,6,7,54,1,68,54,0,54,122
04/23/2012,RFD,IL,AGL,CE,Combined TRACON& Tower with Radar,21,2,19,0,42,0,3,22,0,25,21,5,41,0,67,10,0,10,77
04/24/2012,RFD,IL,AGL,CE,Combined TRACON& Tower with Radar,37,1,30,12,80,0,14,34,1,49,37,15,64,13,129,78,0,78,207
04/25/2012,RFD,IL,AGL,CE,Combined TRACON& Tower with Radar,33,2,20,4,59,0,10,7,0,17,33,12,27,4,76,38,4,42,118
04/26/2012,RFD,IL,AGL,CE,Combined TRACON& Tower with Radar,37,4,40,34,115,0,5,28,0,33,37,9,68,34,148,76,26,102,250
04/27/2012,RFD,IL,AGL,CE,Combined TRACON& Tower with Radar,33,4,28,10,75,0,6,38,2,46,33,10,66,12,121,60,14,74,195
04/28/2012,RFD,IL,AGL,CE,Combined TRACON& Tower with Radar,12,2,35,0,49,0,2,4,0,6,12,4,39,0,55,18,0,18,73
04/29/2012,RFD,IL,AGL,CE,Combined TRACON& Tower with Radar,6,4,20,0,30,0,6,18,0,24,6,10,38,0,54,54,0,54,108
04/30/2012,RFD,IL,AGL,CE,Combined TRACON& Tower with Radar,19,7,46,0,72,0,0,3,0,3,19,7,49,0,75,6,0,6,81
05/01/2012,RFD,IL,AGL,CE,Combined TRACON& Tower with Radar,34,8,29,1,72,0,2,9,0,11,34,10,38,1,83,24,0,24,107
05/02/2012,RFD,IL,AGL,CE,Combined TRACON& Tower with Radar,35,2,20,7,64,0,0,14,0,14,35,2,34,7,78,48,14,62,140
05/03/2012,RFD,IL,AGL,CE,Combined TRACON& Tower with Radar,45,7,25,4,81,0,5,13,0,18,45,12,38,4,99,16,0,16,115
05/04/2012,RFD,IL,AGL,CE,Combined TRACON& Tower with Radar,29,7,27,6,69,0,6,32,0,38,29,13,59,6,107,26,14,40,147
05/05/2012,RFD,IL,AGL,CE,Combined TRACON& Tower with Radar,9,6,27,11,53,0,0,5,3,8,9,6,32,14,61,20,0,20,81
05/06/2012,RFD,IL,AGL,CE,Combined TRACON& Tower with Radar,20,6,26,1,53,0,3,20,0,23,20,9,46,1,76,8,0,8,84
05/07/2012,RFD,IL,AGL,CE,Combined TRACON& Tower with Radar,17,2,18,0,37,0,0,16,0,16,17,2,34,0,53,32,0,32,85
05/08/2012,RFD,IL,AGL,CE,Combined TRACON& Tower with Radar,33,23,45,0,101,0,10,53,0,63,33,33,98,0,164,68,2,70,234
05/09/2012,RFD,IL,AGL,CE,Combined TRACON& Tower with Radar,32,17,43,8,100,0,5,33,1,39,32,22,76,9,139,88,20,108,247
05/10/2012,RFD,IL,AGL,CE,Combined TRACON& Tower with Radar,34,12,39,6,91,0,4,62,4,70,34,16,101,10,161,70,38,108,269
05/11/2012,RFD,IL,AGL,CE,Combined TRACON& Tower with Radar,27,11,58,0,96,0,0,47,0,47,27,11,105,0,143,60,0,60,203
05/12/2012,RFD,IL,AGL,CE,Combined TRACON& Tower with Radar,6,2,55,0,63,0,4,17,0,21,6,6,72,0,84,24,0,24,108
05/13/2012,RFD,IL,AGL,CE,Combined TRACON& Tower with Radar,7,2,11,0,20,0,2,26,0,28,7,4,37,0,48,18,0,18,66
05/14/2012,RFD,IL,AGL,CE,Combined TRACON& Tower with Radar,15,4,56,4,79,0,2,39,0,41,15,6,95,4,120,58,6,64,184
05/15/2012,RFD,IL,AGL,CE,Combined TRACON& Tower with Radar,33,0,37,0,70,0,4,23,0,27,33,4,60,0,97,4,0,4,101
05/16/2012,RFD,IL,AGL,CE,Combined TRACON& Tower with Radar,31,6,26,0,63,0,3,45,1,49,31,9,71,1,112,22,0,22,134
05/17/2012,RFD,IL,AGL,CE,Combined TRACON& Tower with Radar,19,0,0,0,19,0,0,0,0,0,19,0,0,0,19,0,0,0,19
05/18/2012,RFD,IL,AGL,CE,Combined TRACON& Tower with Radar,32,7,32,10,81,0,4,37,2,43,32,11,69,12,124,49,7,56,180
05/19/2012,RFD,IL,AGL,CE,Combined TRACON& Tower with Radar,10,3,28,2,43,0,4,18,3,25,10,7,46,5,68,21,0,21,89
05/20/2012,RFD,IL,AGL,CE,Combined TRACON& Tower with Radar,8,3,16,1,28,0,4,24,1,29,8,7,40,2,57,20,0,20,77
05/21/2012,RFD,IL,AGL,CE,Combined TRACON& Tower with Radar,17,4,26,2,49,0,2,19,0,21,17,6,45,2,70,25,1,26,96
05/22/2012,RFD,IL,AGL,CE,Combined TRACON& Tower with Radar,28,7,31,5,71,0,5,33,0,38,28,12,64,5,109,41,6,47,156
05/23/2012,RFD,IL,AGL,CE,Combined TRACON& Tower with Radar,13,2,4,0,19,0,0,1,0,1,13,2,5,0,20,0,0,0,20
05/24/2012,RFD,IL,AGL,CE,Combined TRACON& Tower with Radar,37,1,20,0,58,0,2,19,0,21,37,3,39,0,79,2,0,2,81
05/25/2012,RFD,IL,AGL,CE,Combined TRACON& Tower with Radar,33,11,31,0,75,0,8,38,0,46,33,19,69,0,121,24,2,26,147
05/26/2012,RFD,IL,AGL,CE,Combined TRACON& Tower with Radar,8,0,8,0,16,0,4,17,0,21,8,4,25,0,37,22,0,22,59
05/27/2012,RFD,IL,AGL,CE,Combined TRACON& Tower with Radar,4,1,10,0,15,0,6,23,0,29,4,7,33,0,44,8,0,8,52
05/28/2012,RFD,IL,AGL,CE,Combined TRACON& Tower with Radar,7,1,17,0,25,0,4,9,0,13,7,5,26,0,38,16,0,16,54
05/29/2012,RFD,IL,AGL,CE,Combined TRACON& Tower with Radar,13,3,25,0,41,0,4,33,0,37,13,7,58,0,78,34,0,34,112
05/30/2012,RFD,IL,AGL,CE,Combined TRACON& Tower with Radar,39,6,45,19,109,0,2,41,4,47,39,8,86,23,156,74,62,136,292
05/31/2012,RFD,IL,AGL,CE,Combined TRACON& Tower with Radar,36,6,26,13,81,0,2,7,0,9,36,8,33,13,90,2,6,8,98
06/01/2012,RFD,IL,AGL,CE,Combined TRACON& Tower with Radar,32,9,21,34,96,0,2,44,9,55,32,11,65,43,151,32,0,32,183
06/02/2012,RFD,IL,AGL,CE,Combined TRACON& Tower with Radar,12,3,8,1,24,0,6,27,24,57,12,9,35,25,81,0,0,0,81
06/03/2012,RFD,IL,AGL,CE,Combined TRACON& Tower with Radar,6,4,13,4,27,0,6,42,7,55,6,10,55,11,82,8,0,8,90
06/04/2012,RFD,IL,AGL,CE,Combined TRACON& Tower with Radar,21,8,25,11,65,0,2,28,2,32,21,10,53,13,97,10,0,10,107
06/05/2012,RFD,IL,AGL,CE,Combined TRACON& Tower with Radar,40,10,31,2,83,0,4,50,1,55,40,14,81,3,138,54,0,54,192
06/06/2012,RFD,IL,AGL,CE,Combined TRACON& Tower with Radar,41,6,35,4,86,0,3,23,1,27,41,9,58,5,113,24,8,32,145
06/07/2012,RFD,IL,AGL,CE,Combined TRACON& Tower with Radar,34,12,32,0,78,0,1,39,0,40,34,13,71,0,118,54,0,54,172
06/08/2012,RFD,IL,AGL,CE,Combined TRACON& Tower with Radar,31,5,20,0,56,0,0,46,0,46,31,5,66,0,102,38,0,38,140
06/09/2012,RFD,IL,AGL,CE,Combined TRACON& Tower with Radar,9,3,9,0,21,0,7,20,0,27,9,10,29,0,48,18,0,18,66
06/10/2012,RFD,IL,AGL,CE,Combined TRACON& Tower with Radar,3,6,16,0,25,0,5,27,0,32,3,11,43,0,57,10,0,10,67
06/11/2012,RFD,IL,AGL,CE,Combined TRACON& Tower with Radar,19,5,20,0,44,0,5,31,0,36,19,10,51,0,80,64,0,64,144
06/12/2012,RFD,IL,AGL,CE,Combined TRACON& Tower with Radar,39,10,48,0,97,0,6,84,0,90,39,16,132,0,187,82,0,82,269
06/13/2012,RFD,IL,AGL,CE,Combined TRACON& Tower with Radar,38,5,27,14,84,0,5,43,0,48,38,10,70,14,132,40,12,52,184
06/14/2012,RFD,IL,AGL,CE,Combined TRACON& Tower with Radar,40,10,18,3,71,0,7,31,2,40,40,17,49,5,111,22,0,22,133
06/15/2012,RFD,IL,AGL,CE,Combined TRACON& Tower with Radar,30,8,19,4,61,0,7,48,0,55,30,15,67,4,116,24,2,26,142
06/16/2012,RFD,IL,AGL,CE,Combined TRACON& Tower with Radar,12,12,24,0,48,0,6,5,0,11,12,18,29,0,59,8,0,8,67
06/17/2012,RFD,IL,AGL,CE,Combined TRACON& Tower with Radar,6,5,29,0,40,0,2,15,0,17,6,7,44,0,57,20,0,20,77
06/18/2012,RFD,IL,AGL,CE,Combined TRACON& Tower with Radar,20,11,10,0,41,0,3,4,0,7,20,14,14,0,48,4,0,4,52
06/19/2012,RFD,IL,AGL,CE,Combined TRACON& Tower with Radar,35,20,16,9,80,0,2,13,0,15,35,22,29,9,95,50,0,50,145
06/20/2012,RFD,IL,AGL,CE,Combined TRACON& Tower with Radar,38,11,23,0,72,0,5,11,0,16,38,16,34,0,88,26,0,26,114
06/21/2012,RFD,IL,AGL,CE,Combined TRACON& Tower with Radar,21,14,54,2,91,0,4,31,0,35,21,18,85,2,126,12,0,12,138
06/22/2012,RFD,IL,AGL,CE,Combined TRACON& Tower with Radar,30,8,25,0,63,0,5,43,2,50,30,13,68,2,113,40,0,40,153
06/23/2012,RFD,IL,AGL,CE,Combined TRACON& Tower with Radar,12,4,19,0,35,0,17,33,0,50,12,21,52,0,85,40,0,40,125
06/24/2012,RFD,IL,AGL,CE,Combined TRACON& Tower with Radar,3,1,16,0,20,0,10,15,1,26,3,11,31,1,46,29,1,30,76
06/25/2012,RFD,IL,AGL,CE,Combined TRACON& Tower with Radar,18,13,22,0,53,0,7,25,0,32,18,20,47,0,85,46,0,46,131
06/26/2012,RFD,IL,AGL,CE,Combined TRACON& Tower with Radar,38,3,47,0,88,0,12,49,0,61,38,15,96,0,149,30,0,30,179
06/27/2012,RFD,IL,AGL,CE,Combined TRACON& Tower with Radar,39,10,34,0,83,0,4,29,0,33,39,14,63,0,116,36,0,36,152
06/28/2012,RFD,IL,AGL,CE,Combined TRACON& Tower with Radar,23,4,36,0,63,0,2,27,0,29,23,6,63,0,92,14,0,14,106
06/29/2012,RFD,IL,AGL,CE,Combined TRACON& Tower with Radar,34,11,12,0,57,0,2,28,0,30,34,13,40,0,87,0,0,0,87
06/30/2012,RFD,IL,AGL,CE,Combined TRACON& Tower with Radar,13,1,19,0,33,0,8,24,0,32,13,9,43,0,65,16,0,16,81
07/01/2012,RFD,IL,AGL,CE,Combined TRACON& Tower with Radar,18,4,10,0,32,0,8,16,0,24,18,12,26,0,56,30,0,30,86
07/02/2012,RFD,IL,AGL,CE,Combined TRACON& Tower with Radar,18,3,18,0,39,0,0,28,0,28,18,3,46,0,67,16,0,16,83
07/03/2012,RFD,IL,AGL,CE,Combined TRACON& Tower with Radar,28,11,19,0,58,0,3,26,0,29,28,14,45,0,87,12,0,12,99
07/04/2012,RFD,IL,AGL,CE,Combined TRACON& Tower with Radar,24,3,10,0,37,0,5,36,0,41,24,8,46,0,78,18,0,18,96
07/05/2012,RFD,IL,AGL,CE,Combined TRACON& Tower with Radar,38,32,11,6,87,0,6,26,1,33,38,38,37,7,120,32,8,40,160
07/06/2012,RFD,IL,AGL,CE,Combined TRACON& Tower with Radar,27,11,12,0,50,0,7,20,0,27,27,18,32,0,77,28,0,28,105
07/07/2012,RFD,IL,AGL,CE,Combined TRACON& Tower with Radar,10,9,21,2,42,0,7,18,0,25,10,16,39,2,67,36,0,36,103
07/08/2012,RFD,IL,AGL,CE,Combined TRACON& Tower with Radar,1,1,27,0,29,0,4,27,0,31,1,5,54,0,60,32,0,32,92
07/09/2012,RFD,IL,AGL,CE,Combined TRACON& Tower with Radar,18,16,24,0,58,0,9,33,1,43,18,25,57,1,101,20,0,20,121
07/10/2012,RFD,IL,AGL,CE,Combined TRACON& Tower with Radar,31,13,33,7,84,0,5,37,0,42,31,18,70,7,126,48,0,48,174
07/11/2012,RFD,IL,AGL,CE,Combined TRACON& Tower with Radar,34,3,29,19,85,0,8,61,1,70,34,11,90,20,155,44,28,72,227
07/12/2012,RFD,IL,AGL,CE,Combined TRACON& Tower with Radar,39,7,23,0,69,0,0,40,1,41,39,7,63,1,110,36,0,36,146
07/13/2012,RFD,IL,AGL,CE,Combined TRACON& Tower with Radar,32,7,17,18,74,0,1,23,2,26,32,8,40,20,100,27,28,55,155
07/14/2012,RFD,IL,AGL,CE,Combined TRACON& Tower with Radar,12,3,14,0,29,0,3,15,1,19,12,6,29,1,48,12,0,12,60
07/15/2012,RFD,IL,AGL,CE,Combined TRACON& Tower with Radar,3,0,32,2,37,0,3,25,0,28,3,3,57,2,65,24,0,24,89
07/16/2012,RFD,IL,AGL,CE,Combined TRACON& Tower with Radar,15,3,21,10,49,0,1,23,2,26,15,4,44,12,75,30,0,30,105
07/17/2012,RFD,IL,AGL,CE,Combined TRACON& Tower with Radar,41,3,16,1,61,0,0,41,5,46,41,3,57,6,107,32,0,32,139
07/18/2012,RFD,IL,AGL,CE,Combined TRACON& Tower with Radar,35,20,25,1,81,0,2,39,3,44,35,22,64,4,125,42,0,42,167
07/19/2012,RFD,IL,AGL,CE,Combined TRACON& Tower with Radar,44,9,68,0,121,0,3,39,0,42,44,12,107,0,163,46,0,46,209
07/20/2012,RFD,IL,AGL,CE,Combined TRACON& Tower with Radar,32,4,81,1,118,0,4,187,1,192,32,8,268,2,310,152,0,152,462
07/21/2012,RFD,IL,AGL,CE,Combined TRACON& Tower with Radar,11,3,15,2,31,0,8,30,0,38,11,11,45,2,69,48,0,48,117
07/22/2012,RFD,IL,AGL,CE,Combined TRACON& Tower with Radar,5,4,11,1,21,0,2,6,3,11,5,6,17,4,32,24,0,24,56
07/23/2012,RFD,IL,AGL,CE,Combined TRACON& Tower with Radar,18,3,18,4,43,0,4,15,2,21,18,7,33,6,64,10,2,12,76
07/24/2012,RFD,IL,AGL,CE,Combined TRACON& Tower with Radar,35,6,19,0,60,0,2,14,0,16,35,8,33,0,76,30,0,30,106
07/25/2012,RFD,IL,AGL,CE,Combined TRACON& Tower with Radar,39,10,19,2,70,0,0,23,2,25,39,10,42,4,95,0,20,20,115
07/26/2012,RFD,IL,AGL,CE,Combined TRACON& Tower with Radar,33,7,27,0,67,0,10,18,0,28,33,17,45,0,95,12,0,12,107
07/27/2012,RFD,IL,AGL,CE,Combined TRACON& Tower with Radar,34,12,17,0,63,0,6,23,0,29,34,18,40,0,92,4,0,4,96
07/28/2012,RFD,IL,AGL,CE,Combined TRACON& Tower with Radar,12,3,15,0,30,0,5,18,0,23,12,8,33,0,53,38,0,38,91
07/29/2012,RFD,IL,AGL,CE,Combined TRACON& Tower with Radar,6,2,14,0,22,0,10,6,0,16,6,12,20,0,38,2,0,2,40
07/30/2012,RFD,IL,AGL,CE,Combined TRACON& Tower with Radar,17,8,18,0,43,0,2,27,0,29,17,10,45,0,72,6,0,6,78
07/31/2012,RFD,IL,AGL,CE,Combined TRACON& Tower with Radar,29,7,18,0,54,0,4,21,0,25,29,11,39,0,79,4,0,4,83
08/01/2012,RFD,IL,AGL,CE,Combined TRACON& Tower with Radar,12,8,31,0,51,0,7,50,0,57,12,15,81,0,108,38,0,38,146
08/02/2012,RFD,IL,AGL,CE,Combined TRACON& Tower with Radar,25,5,18,8,56,0,2,37,0,39,25,7,55,8,95,24,24,48,143
08/03/2012,RFD,IL,AGL,CE,Combined TRACON& Tower with Radar,11,6,29,0,46,0,3,62,1,66,11,9,91,1,112,4,0,4,116
08/04/2012,RFD,IL,AGL,CE,Combined TRACON& Tower with Radar,12,5,10,0,27,0,3,8,0,11,12,8,18,0,38,22,0,22,60
08/05/2012,RFD,IL,AGL,CE,Combined TRACON& Tower with Radar,4,4,20,0,28,0,6,19,0,25,4,10,39,0,53,12,0,12,65
08/06/2012,RFD,IL,AGL,CE,Combined TRACON& Tower with Radar,21,1,20,1,43,0,6,31,1,38,21,7,51,2,81,24,0,24,105
08/07/2012,RFD,IL,AGL,CE,Combined TRACON& Tower with Radar,34,8,19,0,61,0,5,38,0,43,34,13,57,0,104,44,0,44,148
08/08/2012,RFD,IL,AGL,CE,Combined TRACON& Tower with Radar,27,1,22,0,50,0,2,17,0,19,27,3,39,0,69,8,0,8,77
08/09/2012,RFD,IL,AGL,CE,Combined TRACON& Tower with Radar,26,5,14,0,45,0,4,15,0,19,26,9,29,0,64,0,0,0,64
08/10/2012,RFD,IL,AGL,CE,Combined TRACON& Tower with Radar,32,10,12,1,55,0,6,17,0,23,32,16,29,1,78,30,0,30,108
08/11/2012,RFD,IL,AGL,CE,Combined TRACON& Tower with Radar,8,6,22,0,36,0,5,43,2,50,8,11,65,2,86,60,0,60,146
08/12/2012,RFD,IL,AGL,CE,Combined TRACON& Tower with Radar,3,5,22,1,31,0,4,12,0,16,3,9,34,1,47,16,0,16,63
08/13/2012,RFD,IL,AGL,CE,Combined TRACON& Tower with Radar,16,4,22,2,44,0,0,5,0,5,16,4,27,2,49,8,2,10,59
08/14/2012,RFD,IL,AGL,CE,Combined TRACON& Tower with Radar,29,4,16,0,49,0,8,27,1,36,29,12,43,1,85,22,0,22,107
08/15/2012,RFD,IL,AGL,CE,Combined TRACON& Tower with Radar,35,10,25,1,71,0,4,40,0,44,35,14,65,1,115,20,0,20,135
08/16/2012,RFD,IL,AGL,CE,Combined TRACON& Tower with Radar,28,8,35,0,71,0,5,11,0,16,28,13,46,0,87,0,0,0,87
08/17/2012,RFD,IL,AGL,CE,Combined TRACON& Tower with Radar,25,4,21,0,50,0,7,42,0,49,25,11,63,0,99,10,0,10,109
08/18/2012,RFD,IL,AGL,CE,Combined TRACON& Tower with Radar,10,4,17,2,33,0,12,22,0,34,10,16,39,2,67,38,0,38,105
08/19/2012,RFD,IL,AGL,CE,Combined TRACON& Tower with Radar,5,4,18,0,27,0,1,24,0,25,5,5,42,0,52,4,0,4,56
08/20/2012,RFD,IL,AGL,CE,Combined TRACON& Tower with Radar,15,2,21,0,38,0,15,21,0,36,15,17,42,0,74,0,0,0,74
08/21/2012,RFD,IL,AGL,CE,Combined TRACON& Tower with Radar,29,3,16,0,48,0,1,48,0,49,29,4,64,0,97,72,0,72,169
08/22/2012,RFD,IL,AGL,CE,Combined TRACON& Tower with Radar,36,8,22,0,66,0,0,49,0,49,36,8,71,0,115,56,0,56,171
08/23/2012,RFD,IL,AGL,CE,Combined TRACON& Tower with Radar,34,18,15,0,67,0,4,31,0,35,34,22,46,0,102,0,0,0,102
08/24/2012,RFD,IL,AGL,CE,Combined TRACON& Tower with Radar,27,16,20,2,65,0,3,53,0,56,27,19,73,2,121,58,0,58,179
08/25/2012,RFD,IL,AGL,CE,Combined TRACON& Tower with Radar,15,13,11,0,39,0,12,19,0,31,15,25,30,0,70,2,0,2,72
08/26/2012,RFD,IL,AGL,CE,Combined TRACON& Tower with Radar,6,1,8,0,15,0,2,1,0,3,6,3,9,0,18,2,0,2,20
08/27/2012,RFD,IL,AGL,CE,Combined TRACON& Tower with Radar,16,3,25,0,44,0,6,27,0,33,16,9,52,0,77,72,2,74,151
08/28/2012,RFD,IL,AGL,CE,Combined TRACON& Tower with Radar,29,3,27,0,59,0,5,51,0,56,29,8,78,0,115,20,0,20,135
08/29/2012,RFD,IL,AGL,CE,Combined TRACON& Tower with Radar,30,6,22,0,58,0,9,31,0,40,30,15,53,0,98,4,0,4,102
08/30/2012,RFD,IL,AGL,CE,Combined TRACON& Tower with Radar,29,6,13,2,50,0,7,32,0,39,29,13,45,2,89,16,0,16,105
08/31/2012,RFD,IL,AGL,CE,Combined TRACON& Tower with Radar,24,13,19,4,60,0,8,29,0,37,24,21,48,4,97,64,14,78,175
09/01/2012,RFD,IL,AGL,CE,Combined TRACON& Tower with Radar,14,0,2,0,16,0,8,9,0,17,14,8,11,0,33,2,0,2,35
09/02/2012,RFD,IL,AGL,CE,Combined TRACON& Tower with Radar,3,0,14,4,21,0,4,12,0,16,3,4,26,4,37,2,10,12,49
09/03/2012,RFD,IL,AGL,CE,Combined TRACON& Tower with Radar,6,3,7,6,22,0,2,19,0,21,6,5,26,6,43,46,0,46,89
09/04/2012,RFD,IL,AGL,CE,Combined TRACON& Tower with Radar,11,2,15,1,29,0,5,15,0,20,11,7,30,1,49,0,0,0,49
09/05/2012,RFD,IL,AGL,CE,Combined TRACON& Tower with Radar,32,2,18,0,52,0,9,19,0,28,32,11,37,0,80,22,0,22,102
09/06/2012,RFD,IL,AGL,CE,Combined TRACON& Tower with Radar,33,0,16,4,53,0,0,20,0,20,33,0,36,4,73,24,0,24,97
09/07/2012,RFD,IL,AGL,CE,Combined TRACON& Tower with Radar,26,3,16,0,45,0,0,15,0,15,26,3,31,0,60,0,2,2,62
09/08/2012,RFD,IL,AGL,CE,Combined TRACON& Tower with Radar,8,4,9,12,33,0,5,24,2,31,8,9,33,14,64,20,6,26,90
09/09/2012,RFD,IL,AGL,CE,Combined TRACON& Tower with Radar,5,0,24,1,30,0,6,20,0,26,5,6,44,1,56,8,0,8,64
09/10/2012,RFD,IL,AGL,CE,Combined TRACON& Tower with Radar,16,2,23,0,41,0,15,26,0,41,16,17,49,0,82,20,0,20,102
09/11/2012,RFD,IL,AGL,CE,Combined TRACON& Tower with Radar,33,13,27,4,77,0,14,30,2,46,33,27,57,6,123,22,0,22,145
09/12/2012,RFD,IL,AGL,CE,Combined TRACON& Tower with Radar,30,9,27,0,66,0,11,31,0,42,30,20,58,0,108,62,0,62,170
09/13/2012,RFD,IL,AGL,CE,Combined TRACON& Tower with Radar,31,8,29,0,68,0,4,8,0,12,31,12,37,0,80,0,0,0,80
09/14/2012,RFD,IL,AGL,CE,Combined TRACON& Tower with Radar,29,7,21,2,59,0,15,31,0,46,29,22,52,2,105,24,0,24,129
09/15/2012,RFD,IL,AGL,CE,Combined TRACON& Tower with Radar,13,0,19,0,32,0,11,35,0,46,13,11,54,0,78,50,0,50,128
09/16/2012,RFD,IL,AGL,CE,Combined TRACON& Tower with Radar,4,1,8,1,14,0,2,8,0,10,4,3,16,1,24,2,0,2,26
09/17/2012,RFD,IL,AGL,CE,Combined TRACON& Tower with Radar,19,2,28,0,49,0,4,9,0,13,19,6,37,0,62,36,0,36,98
09/18/2012,RFD,IL,AGL,CE,Combined TRACON& Tower with Radar,30,1,14,0,45,0,10,16,0,26,30,11,30,0,71,0,0,0,71
09/19/2012,RFD,IL,AGL,CE,Combined TRACON& Tower with Radar,29,4,8,0,41,0,3,11,2,16,29,7,19,2,57,26,0,26,83
09/20/2012,RFD,IL,AGL,CE,Combined TRACON& Tower with Radar,35,8,15,0,58,0,3,31,0,34,35,11,46,0,92,32,0,32,124
09/21/2012,RFD,IL,AGL,CE,Combined TRACON& Tower with Radar,26,7,24,2,59,0,6,19,0,25,26,13,43,2,84,28,0,28,112
09/22/2012,RFD,IL,AGL,CE,Combined TRACON& Tower with Radar,9,2,15,0,26,0,10,21,0,31,9,12,36,0,57,58,0,58,115
09/23/2012,RFD,IL,AGL,CE,Combined TRACON& Tower with Radar,4,2,21,4,31,0,4,60,0,64,4,6,81,4,95,174,12,186,281
09/24/2012,RFD,IL,AGL,CE,Combined TRACON& Tower with Radar,18,4,18,0,40,0,10,14,0,24,18,14,32,0,64,32,0,32,96
09/25/2012,RFD,IL,AGL,CE,Combined TRACON& Tower with Radar,28,4,18,0,50,0,2,32,0,34,28,6,50,0,84,122,0,122,206
09/26/2012,RFD,IL,AGL,CE,Combined TRACON& Tower with Radar,32,9,30,0,71,0,6,31,0,37,32,15,61,0,108,78,0,78,186
09/27/2012,RFD,IL,AGL,CE,Combined TRACON& Tower with Radar,31,12,29,0,72,0,11,32,0,43,31,23,61,0,115,84,2,86,201
09/28/2012,RFD,IL,AGL,CE,Combined TRACON& Tower with Radar,23,14,20,0,57,0,4,35,0,39,23,18,55,0,96,16,0,16,112
09/29/2012,RFD,IL,AGL,CE,Combined TRACON& Tower with Radar,16,6,10,0,32,0,5,33,0,38,16,11,43,0,70,20,0,20,90
09/30/2012,RFD,IL,AGL,CE,Combined TRACON& Tower with Radar,6,2,17,0,25,0,3,31,0,34,6,5,48,0,59,24,0,24,83
10/01/2012,RFD,IL,AGL,CE,Combined TRACON& Tower with Radar,19,8,19,0,46,0,0,29,0,29,19,8,48,0,75,40,2,42,117
10/02/2012,RFD,IL,AGL,CE,Combined TRACON& Tower with Radar,32,4,16,0,52,0,5,29,0,34,32,9,45,0,86,50,0,50,136
10/03/2012,RFD,IL,AGL,CE,Combined TRACON& Tower with Radar,33,2,20,0,55,0,3,16,0,19,33,5,36,0,74,2,0,2,76
10/04/2012,RFD,IL,AGL,CE,Combined TRACON& Tower with Radar,36,3,11,6,56,0,4,19,2,25,36,7,30,8,81,6,0,6,87
10/05/2012,RFD,IL,AGL,CE,Combined TRACON& Tower with Radar,38,4,13,0,55,0,7,16,1,24,38,11,29,1,79,58,0,58,137
10/06/2012,RFD,IL,AGL,CE,Combined TRACON& Tower with Radar,17,1,11,1,30,0,4,17,0,21,17,5,28,1,51,0,0,0,51
10/07/2012,RFD,IL,AGL,CE,Combined TRACON& Tower with Radar,3,1,15,0,19,0,4,11,0,15,3,5,26,0,34,4,0,4,38
10/08/2012,RFD,IL,AGL,CE,Combined TRACON& Tower with Radar,21,0,12,0,33,0,5,8,0,13,21,5,20,0,46,14,0,14,60
10/09/2012,RFD,IL,AGL,CE,Combined TRACON& Tower with Radar,36,2,7,0,45,0,9,13,0,22,36,11,20,0,67,26,0,26,93
10/10/2012,RFD,IL,AGL,CE,Combined TRACON& Tower with Radar,39,1,19,0,59,0,5,16,0,21,39,6,35,0,80,18,0,18,98
10/11/2012,RFD,IL,AGL,CE,Combined TRACON& Tower with Radar,37,6,9,0,52,0,5,12,0,17,37,11,21,0,69,14,0,14,83
10/12/2012,RFD,IL,AGL,CE,Combined TRACON& Tower with Radar,33,3,29,7,72,0,1,52,0,53,33,4,81,7,125,76,0,76,201
10/13/2012,RFD,IL,AGL,CE,Combined TRACON& Tower with Radar,14,0,15,0,29,0,2,1,0,3,14,2,16,0,32,0,0,0,32
10/14/2012,RFD,IL,AGL,CE,Combined TRACON& Tower with Radar,10,0,12,0,22,0,2,0,0,2,10,2,12,0,24,4,0,4,28
10/15/2012,RFD,IL,AGL,CE,Combined TRACON& Tower with Radar,18,5,34,0,57,0,8,21,0,29,18,13,55,0,86,30,0,30,116
10/16/2012,RFD,IL,AGL,CE,Combined TRACON& Tower with Radar,32,5,19,0,56,0,6,34,0,40,32,11,53,0,96,18,0,18,114
10/17/2012,RFD,IL,AGL,CE,Combined TRACON& Tower with Radar,34,3,18,0,55,0,1,6,0,7,34,4,24,0,62,16,0,16,78
10/18/2012,RFD,IL,AGL,CE,Combined TRACON& Tower with Radar,33,3,25,3,64,0,5,0,0,5,33,8,25,3,69,2,0,2,71
10/19/2012,RFD,IL,AGL,CE,Combined TRACON& Tower with Radar,31,4,25,3,63,0,8,4,0,12,31,12,29,3,75,16,0,16,91
10/20/2012,RFD,IL,AGL,CE,Combined TRACON& Tower with Radar,14,1,32,0,47,0,10,41,2,53,14,11,73,2,100,56,0,56,156
10/21/2012,RFD,IL,AGL,CE,Combined TRACON& Tower with Radar,5,3,19,0,27,0,1,45,0,46,5,4,64,0,73,118,0,118,191
10/22/2012,RFD,IL,AGL,CE,Combined TRACON& Tower with Radar,20,0,15,0,35,0,0,2,0,2,20,0,17,0,37,0,0,0,37
10/23/2012,RFD,IL,AGL,CE,Combined TRACON& Tower with Radar,37,7,25,0,69,0,4,12,0,16,37,11,37,0,85,40,0,40,125
10/24/2012,RFD,IL,AGL,CE,Combined TRACON& Tower with Radar,30,6,32,0,68,0,5,35,0,40,30,11,67,0,108,72,0,72,180
10/25/2012,RFD,IL,AGL,CE,Combined TRACON& Tower with Radar,30,5,11,0,46,0,5,4,0,9,30,10,15,0,55,4,0,4,59
10/26/2012,RFD,IL,AGL,CE,Combined TRACON& Tower with Radar,30,7,31,0,68,0,2,33,0,35,30,9,64,0,103,76,0,76,179
10/27/2012,RFD,IL,AGL,CE,Combined TRACON& Tower with Radar,7,0,15,0,22,0,6,28,0,34,7,6,43,0,56,6,0,6,62
10/28/2012,RFD,IL,AGL,CE,Combined TRACON& Tower with Radar,3,1,9,0,13,0,4,21,0,25,3,5,30,0,38,22,0,22,60
10/29/2012,RFD,IL,AGL,CE,Combined TRACON& Tower with Radar,13,2,23,0,38,0,5,14,0,19,13,7,37,0,57,20,0,20,77
10/30/2012,RFD,IL,AGL,CE,Combined TRACON& Tower with Radar,30,0,8,1,39,0,9,15,0,24,30,9,23,1,63,32,0,32,95
10/31/2012,RFD,IL,AGL,CE,Combined TRACON& Tower with Radar,31,0,16,0,47,0,4,31,0,35,31,4,47,0,82,32,0,32,114
11/01/2012,RFD,IL,AGL,CE,Combined TRACON& Tower with Radar,31,3,33,4,71,0,2,28,0,30,31,5,61,4,101,28,0,28,129
11/02/2012,RFD,IL,AGL,CE,Combined TRACON& Tower with Radar,28,1,32,5,66,0,6,23,0,29,28,7,55,5,95,0,0,0,95
11/03/2012,RFD,IL,AGL,CE,Combined TRACON& Tower with Radar,6,1,18,0,25,0,6,17,0,23,6,7,35,0,48,24,0,24,72
11/04/2012,RFD,IL,AGL,CE,Combined TRACON& Tower with Radar,6,2,21,0,29,0,5,25,0,30,6,7,46,0,59,36,0,36,95
11/05/2012,RFD,IL,AGL,CE,Combined TRACON& Tower with Radar,16,14,15,0,45,0,2,21,0,23,16,16,36,0,68,14,0,14,82
11/06/2012,RFD,IL,AGL,CE,Combined TRACON& Tower with Radar,26,5,26,0,57,0,0,1,0,1,26,5,27,0,58,4,0,4,62
11/07/2012,RFD,IL,AGL,CE,Combined TRACON& Tower with Radar,28,8,30,0,66,0,2,2,0,4,28,10,32,0,70,6,0,6,76
11/08/2012,RFD,IL,AGL,CE,Combined TRACON& Tower with Radar,31,5,33,3,72,0,1,25,0,26,31,6,58,3,98,28,0,28,126
11/09/2012,RFD,IL,AGL,CE,Combined TRACON& Tower with Radar,25,7,26,0,58,0,1,18,0,19,25,8,44,0,77,44,0,44,121
11/10/2012,RFD,IL,AGL,CE,Combined TRACON& Tower with Radar,12,2,7,0,21,0,2,8,0,10,12,4,15,0,31,44,0,44,75
11/11/2012,RFD,IL,AGL,CE,Combined TRACON& Tower with Radar,3,1,5,0,9,0,2,2,0,4,3,3,7,0,13,0,0,0,13
11/12/2012,RFD,IL,AGL,CE,Combined TRACON& Tower with Radar,15,2,17,0,34,0,2,9,0,11,15,4,26,0,45,32,0,32,77
11/13/2012,RFD,IL,AGL,CE,Combined TRACON& Tower with Radar,30,9,23,1,63,0,7,50,0,57,30,16,73,1,120,36,0,36,156
11/14/2012,RFD,IL,AGL,CE,Combined TRACON& Tower with Radar,31,5,30,1,67,0,3,22,0,25,31,8,52,1,92,46,0,46,138
11/15/2012,RFD,IL,AGL,CE,Combined TRACON& Tower with Radar,26,9,19,3,57,0,3,65,0,68,26,12,84,3,125,68,0,68,193
11/16/2012,RFD,IL,AGL,CE,Combined TRACON& Tower with Radar,30,0,34,2,66,0,3,51,0,54,30,3,85,2,120,34,0,34,154
11/17/2012,RFD,IL,AGL,CE,Combined TRACON& Tower with Radar,6,4,25,0,35,0,4,33,0,37,6,8,58,0,72,80,0,80,152
11/18/2012,RFD,IL,AGL,CE,Combined TRACON& Tower with Radar,6,5,15,1,27,0,3,27,0,30,6,8,42,1,57,30,0,30,87
11/19/2012,RFD,IL,AGL,CE,Combined TRACON& Tower with Radar,21,2,21,0,44,0,3,22,0,25,21,5,43,0,69,2,0,2,71
11/20/2012,RFD,IL,AGL,CE,Combined TRACON& Tower with Radar,40,2,25,0,67,0,7,24,0,31,40,9,49,0,98,8,0,8,106
11/21/2012,RFD,IL,AGL,CE,Combined TRACON& Tower with Radar,35,0,25,0,60,0,2,17,0,19,35,2,42,0,79,10,0,10,89
11/22/2012,RFD,IL,AGL,CE,Combined TRACON& Tower with Radar,1,2,8,0,11,0,5,9,0,14,1,7,17,0,25,24,0,24,49
11/23/2012,RFD,IL,AGL,CE,Combined TRACON& Tower with Radar,3,8,5,0,16,0,2,4,0,6,3,10,9,0,22,10,0,10,32
11/24/2012,RFD,IL,AGL,CE,Combined TRACON& Tower with Radar,9,1,12,0,22,0,2,18,0,20,9,3,30,0,42,10,0,10,52
11/25/2012,RFD,IL,AGL,CE,Combined TRACON& Tower with Radar,5,3,14,0,22,0,2,19,0,21,5,5,33,0,43,24,0,24,67
11/26/2012,RFD,IL,AGL,CE,Combined TRACON& Tower with Radar,17,1,20,0,38,0,5,35,0,40,17,6,55,0,78,36,0,36,114
11/27/2012,RFD,IL,AGL,CE,Combined TRACON& Tower with Radar,34,5,22,0,61,0,6,18,0,24,34,11,40,0,85,52,0,52,137
11/28/2012,RFD,IL,AGL,CE,Combined TRACON& Tower with Radar,34,4,22,0,60,0,6,31,1,38,34,10,53,1,98,62,0,62,160
11/29/2012,RFD,IL,AGL,CE,Combined TRACON& Tower with Radar,37,4,19,0,60,0,9,30,5,44,37,13,49,5,104,44,0,44,148
11/30/2012,RFD,IL,AGL,CE,Combined TRACON& Tower with Radar,29,13,21,0,63,0,2,15,0,17,29,15,36,0,80,24,0,24,104
12/01/2012,RFD,IL,AGL,CE,Combined TRACON& Tower with Radar,9,2,48,0,59,0,2,7,0,9,9,4,55,0,68,46,0,46,114
12/02/2012,RFD,IL,AGL,CE,Combined TRACON& Tower with Radar,2,3,39,0,44,0,0,18,0,18,2,3,57,0,62,8,0,8,70
12/03/2012,RFD,IL,AGL,CE,Combined TRACON& Tower with Radar,16,6,13,0,35,0,0,2,0,2,16,6,15,0,37,8,0,8,45
12/04/2012,RFD,IL,AGL,CE,Combined TRACON& Tower with Radar,35,4,26,0,65,0,4,19,0,23,35,8,45,0,88,68,0,68,156
12/05/2012,RFD,IL,AGL,CE,Combined TRACON& Tower with Radar,36,14,74,0,124,0,6,29,0,35,36,20,103,0,159,74,0,74,233
12/06/2012,RFD,IL,AGL,CE,Combined TRACON& Tower with Radar,36,9,31,6,82,0,4,24,0,28,36,13,55,6,110,22,0,22,132
12/07/2012,RFD,IL,AGL,CE,Combined TRACON& Tower with Radar,33,9,14,14,70,0,3,10,0,13,33,12,24,14,83,20,10,30,113
12/08/2012,RFD,IL,AGL,CE,Combined TRACON& Tower with Radar,7,2,14,0,23,0,0,8,0,8,7,2,22,0,31,10,0,10,41
12/09/2012,RFD,IL,AGL,CE,Combined TRACON& Tower with Radar,5,2,5,0,12,0,0,0,0,0,5,2,5,0,12,8,0,8,20
12/10/2012,RFD,IL,AGL,CE,Combined TRACON& Tower with Radar,19,12,15,0,46,0,4,2,0,6,19,16,17,0,52,10,0,10,62
12/11/2012,RFD,IL,AGL,CE,Combined TRACON& Tower with Radar,59,7,27,0,93,0,4,27,0,31,59,11,54,0,124,18,0,18,142
12/12/2012,RFD,IL,AGL,CE,Combined TRACON& Tower with Radar,52,3,34,10,99,0,2,40,0,42,52,5,74,10,141,64,0,64,205
12/13/2012,RFD,IL,AGL,CE,Combined TRACON& Tower with Radar,56,7,37,0,100,0,3,34,0,37,56,10,71,0,137,46,0,46,183
12/14/2012,RFD,IL,AGL,CE,Combined TRACON& Tower with Radar,37,3,31,6,77,0,0,42,0,42,37,3,73,6,119,22,8,30,149
12/15/2012,RFD,IL,AGL,CE,Combined TRACON& Tower with Radar,8,3,10,2,23,0,2,1,0,3,8,5,11,2,26,0,0,0,26
12/16/2012,RFD,IL,AGL,CE,Combined TRACON& Tower with Radar,6,11,19,0,36,0,2,0,0,2,6,13,19,0,38,14,0,14,52
12/17/2012,RFD,IL,AGL,CE,Combined TRACON& Tower with Radar,24,1,42,0,67,0,4,6,0,10,24,5,48,0,77,18,0,18,95
12/18/2012,RFD,IL,AGL,CE,Combined TRACON& Tower with Radar,73,0,30,0,103,0,0,1,0,1,73,0,31,0,104,8,0,8,112
12/19/2012,RFD,IL,AGL,CE,Combined TRACON& Tower with Radar,71,11,36,2,120,0,4,18,0,22,71,15,54,2,142,58,0,58,200
12/20/2012,RFD,IL,AGL,CE,Combined TRACON& Tower with Radar,56,2,4,0,62,0,0,0,0,0,56,2,4,0,62,0,0,0,62
12/21/2012,RFD,IL,AGL,CE,Combined TRACON& Tower with Radar,16,0,13,0,29,0,2,5,0,7,16,2,18,0,36,2,0,2,38
12/22/2012,RFD,IL,AGL,CE,Combined TRACON& Tower with Radar,30,6,50,0,86,0,4,50,0,54,30,10,100,0,140,128,0,128,268
12/23/2012,RFD,IL,AGL,CE,Combined TRACON& Tower with Radar,7,2,11,0,20,0,4,5,0,9,7,6,16,0,29,6,0,6,35
12/24/2012,RFD,IL,AGL,CE,Combined TRACON& Tower with Radar,7,0,5,0,12,0,11,4,0,15,7,11,9,0,27,28,0,28,55
12/25/2012,RFD,IL,AGL,CE,Combined TRACON& Tower with Radar,2,0,4,0,6,0,5,10,0,15,2,5,14,0,21,0,0,0,21
12/26/2012,RFD,IL,AGL,CE,Combined TRACON& Tower with Radar,14,2,9,0,25,0,2,3,0,5,14,4,12,0,30,6,0,6,36
12/27/2012,RFD,IL,AGL,CE,Combined TRACON& Tower with Radar,33,2,21,0,56,0,1,14,0,15,33,3,35,0,71,0,0,0,71
12/28/2012,RFD,IL,AGL,CE,Combined TRACON& Tower with Radar,28,2,4,0,34,0,3,0,0,3,28,5,4,0,37,0,0,0,37
12/29/2012,RFD,IL,AGL,CE,Combined TRACON& Tower with Radar,10,3,12,0,25,0,2,3,0,5,10,5,15,0,30,18,0,18,48
12/30/2012,RFD,IL,AGL,CE,Combined TRACON& Tower with Radar,9,2,13,0,24,0,4,22,0,26,9,6,35,0,50,12,0,12,62
12/31/2012,RFD,IL,AGL,CE,Combined TRACON& Tower with Radar,7,1,11,0,19,0,4,1,0,5,7,5,12,0,24,8,0,8,32
01/01/2013,RFD,IL,AGL,CE,Combined TRACON& Tower with Radar,2,1,6,0,9,0,6,16,0,22,2,7,22,0,31,16,0,16,47
01/02/2013,RFD,IL,AGL,CE,Combined TRACON& Tower with Radar,19,4,17,0,40,0,9,33,0,42,19,13,50,0,82,32,0,32,114
01/03/2013,RFD,IL,AGL,CE,Combined TRACON& Tower with Radar,34,2,8,0,44,0,2,1,0,3,34,4,9,0,47,4,0,4,51
01/04/2013,RFD,IL,AGL,CE,Combined TRACON& Tower with Radar,29,1,30,1,61,0,8,22,0,30,29,9,52,1,91,46,0,46,137
01/05/2013,RFD,IL,AGL,CE,Combined TRACON& Tower with Radar,8,0,23,0,31,0,6,16,0,22,8,6,39,0,53,64,2,66,119
01/06/2013,RFD,IL,AGL,CE,Combined TRACON& Tower with Radar,5,0,15,0,20,0,4,8,0,12,5,4,23,0,32,14,0,14,46
01/07/2013,RFD,IL,AGL,CE,Combined TRACON& Tower with Radar,15,5,30,0,50,0,4,29,0,33,15,9,59,0,83,50,0,50,133
01/08/2013,RFD,IL,AGL,CE,Combined TRACON& Tower with Radar,31,4,24,0,59,0,20,33,0,53,31,24,57,0,112,112,26,138,250
01/09/2013,RFD,IL,AGL,CE,Combined TRACON& Tower with Radar,29,2,18,1,50,0,22,21,0,43,29,24,39,1,93,250,8,258,351
01/10/2013,RFD,IL,AGL,CE,Combined TRACON& Tower with Radar,36,3,18,0,57,0,13,20,0,33,36,16,38,0,90,56,30,86,176
01/11/2013,RFD,IL,AGL,CE,Combined TRACON& Tower with Radar,31,4,20,0,55,0,0,0,0,0,31,4,20,0,55,4,0,4,59
01/12/2013,RFD,IL,AGL,CE,Combined TRACON& Tower with Radar,8,4,14,0,26,0,4,9,0,13,8,8,23,0,39,30,2,32,71
01/13/2013,RFD,IL,AGL,CE,Combined TRACON& Tower with Radar,4,0,6,0,10,0,2,10,0,12,4,2,16,0,22,100,0,100,122
01/14/2013,RFD,IL,AGL,CE,Combined TRACON& Tower with Radar,16,5,18,0,39,0,11,14,0,25,16,16,32,0,64,2,0,2,66
01/15/2013,RFD,IL,AGL,CE,Combined TRACON& Tower with Radar,28,2,29,0,59,0,9,25,0,34,28,11,54,0,93,47,0,47,140
01/16/2013,RFD,IL,AGL,CE,Combined TRACON& Tower with Radar,28,4,16,4,52,0,6,10,0,16,28,10,26,4,68,52,20,72,140
01/17/2013,RFD,IL,AGL,CE,Combined TRACON& Tower with Radar,36,6,14,9,65,0,5,17,0,22,36,11,31,9,87,40,4,44,131
01/18/2013,RFD,IL,AGL,CE,Combined TRACON& Tower with Radar,29,13,19,3,64,0,5,14,0,19,29,18,33,3,83,6,0,6,89
01/19/2013,RFD,IL,AGL,CE,Combined TRACON& Tower with Radar,9,9,39,0,57,0,1,36,0,37,9,10,75,0,94,80,0,80,174
01/20/2013,RFD,IL,AGL,CE,Combined TRACON& Tower with Radar,4,2,18,1,25,0,4,18,0,22,4,6,36,1,47,42,0,42,89
01/21/2013,RFD,IL,AGL,CE,Combined TRACON& Tower with Radar,8,2,10,0,20,0,6,1,0,7,8,8,11,0,27,6,0,6,33
01/22/2013,RFD,IL,AGL,CE,Combined TRACON& Tower with Radar,13,3,15,0,31,0,1,13,0,14,13,4,28,0,45,66,0,66,111
01/23/2013,RFD,IL,AGL,CE,Combined TRACON& Tower with Radar,29,3,19,11,62,0,1,2,0,3,29,4,21,11,65,4,16,20,85
01/24/2013,RFD,IL,AGL,CE,Combined TRACON& Tower with Radar,32,5,20,0,57,0,0,10,0,10,32,5,30,0,67,14,4,18,85
01/25/2013,RFD,IL,AGL,CE,Combined TRACON& Tower with Radar,22,10,26,3,61,0,3,1,0,4,22,13,27,3,65,24,0,24,89
01/26/2013,RFD,IL,AGL,CE,Combined TRACON& Tower with Radar,8,10,32,0,50,0,5,45,0,50,8,15,77,0,100,56,0,56,156
01/27/2013,RFD,IL,AGL,CE,Combined TRACON& Tower with Radar,4,0,3,0,7,0,0,0,0,0,4,0,3,0,7,0,0,0,7
01/28/2013,RFD,IL,AGL,CE,Combined TRACON& Tower with Radar,19,13,43,0,75,0,0,1,0,1,19,13,44,0,76,32,0,32,108
01/29/2013,RFD,IL,AGL,CE,Combined TRACON& Tower with Radar,31,11,18,0,60,0,0,1,0,1,31,11,19,0,61,4,0,4,65
01/30/2013,RFD,IL,AGL,CE,Combined TRACON& Tower with Radar,32,6,11,0,49,0,0,0,0,0,32,6,11,0,49,0,0,0,49
01/31/2013,RFD,IL,AGL,CE,Combined TRACON& Tower with Radar,33,6,19,0,58,0,2,5,0,7,33,8,24,0,65,2,0,2,67
02/01/2013,RFD,IL,AGL,CE,Combined TRACON& Tower with Radar,28,6,25,0,59,0,4,20,0,24,28,10,45,0,83,14,0,14,97
02/02/2013,RFD,IL,AGL,CE,Combined TRACON& Tower with Radar,11,3,2,0,16,0,2,1,0,3,11,5,3,0,19,0,0,0,19
02/03/2013,RFD,IL,AGL,CE,Combined TRACON& Tower with Radar,4,1,8,0,13,0,0,3,0,3,4,1,11,0,16,12,0,12,28
02/04/2013,RFD,IL,AGL,CE,Combined TRACON& Tower with Radar,24,1,13,0,38,0,4,10,0,14,24,5,23,0,52,8,0,8,60
02/05/2013,RFD,IL,AGL,CE,Combined TRACON& Tower with Radar,28,4,15,0,47,0,2,8,0,10,28,6,23,0,57,10,0,10,67
02/06/2013,RFD,IL,AGL,CE,Combined TRACON& Tower with Radar,32,13,41,0,86,0,1,36,0,37,32,14,77,0,123,54,0,54,177
02/07/2013,RFD,IL,AGL,CE,Combined TRACON& Tower with Radar,32,3,11,0,46,0,0,0,0,0,32,3,11,0,46,0,0,0,46
02/08/2013,RFD,IL,AGL,CE,Combined TRACON& Tower with Radar,35,5,18,0,58,0,0,15,0,15,35,5,33,0,73,6,0,6,79
02/09/2013,RFD,IL,AGL,CE,Combined TRACON& Tower with Radar,19,4,36,0,59,0,6,9,0,15,19,10,45,0,74,38,0,38,112
02/10/2013,RFD,IL,AGL,CE,Combined TRACON& Tower with Radar,4,2,5,0,11,0,0,0,0,0,4,2,5,0,11,0,0,0,11
02/11/2013,RFD,IL,AGL,CE,Combined TRACON& Tower with Radar,27,3,5,1,36,0,6,2,0,8,27,9,7,1,44,8,0,8,52
02/12/2013,RFD,IL,AGL,CE,Combined TRACON& Tower with Radar,28,12,26,4,70,2,4,18,0,24,30,16,44,4,94,50,10,60,154
02/13/2013,RFD,IL,AGL,CE,Combined TRACON& Tower with Radar,37,14,59,6,116,0,6,42,0,48,37,20,101,6,164,152,20,172,336
02/14/2013,RFD,IL,AGL,CE,Combined TRACON& Tower with Radar,35,2,18,0,55,0,2,5,0,7,35,4,23,0,62,0,0,0,62
02/15/2013,RFD,IL,AGL,CE,Combined TRACON& Tower with Radar,32,13,21,0,66,0,2,21,0,23,32,15,42,0,89,0,0,0,89
02/16/2013,RFD,IL,AGL,CE,Combined TRACON& Tower with Radar,9,8,26,0,43,0,1,23,0,24,9,9,49,0,67,68,0,68,135
02/17/2013,RFD,IL,AGL,CE,Combined TRACON& Tower with Radar,7,5,35,0,47,0,5,31,0,36,7,10,66,0,83,62,0,62,145
02/18/2013,RFD,IL,AGL,CE,Combined TRACON& Tower with Radar,11,4,25,0,40,0,0,20,0,20,11,4,45,0,60,22,0,22,82
02/19/2013,RFD,IL,AGL,CE,Combined TRACON& Tower with Radar,12,3,19,0,34,0,4,1,0,5,12,7,20,0,39,2,0,2,41
02/20/2013,RFD,IL,AGL,CE,Combined TRACON& Tower with Radar,31,7,47,0,85,0,8,28,0,36,31,15,75,0,121,88,10,98,219
02/21/2013,RFD,IL,AGL,CE,Combined TRACON& Tower with Radar,32,6,5,0,43,0,2,2,0,4,32,8,7,0,47,0,0,0,47
02/22/2013,RFD,IL,AGL,CE,Combined TRACON& Tower with Radar,34,10,5,0,49,0,0,0,0,0,34,10,5,0,49,0,0,0,49
02/23/2013,RFD,IL,AGL,CE,Combined TRACON& Tower with Radar,11,4,16,0,31,0,4,12,0,16,11,8,28,0,47,24,0,24,71
02/24/2013,RFD,IL,AGL,CE,Combined TRACON& Tower with Radar,9,5,26,0,40,0,12,42,0,54,9,17,68,0,94,42,0,42,136
02/25/2013,RFD,IL,AGL,CE,Combined TRACON& Tower with Radar,21,13,28,0,62,0,0,50,0,50,21,13,78,0,112,86,0,86,198
02/26/2013,RFD,IL,AGL,CE,Combined TRACON& Tower with Radar,28,9,3,0,40,0,0,0,0,0,28,9,3,0,40,0,0,0,40
02/27/2013,RFD,IL,AGL,CE,Combined TRACON& Tower with Radar,34,5,6,5,50,0,0,0,0,0,34,5,6,5,50,2,0,2,52
02/28/2013,RFD,IL,AGL,CE,Combined TRACON& Tower with Radar,34,6,37,0,77,0,6,3,0,9,34,12,40,0,86,38,0,38,124
03/01/2013,RFD,IL,AGL,CE,Combined TRACON& Tower with Radar,37,6,7,0,50,0,0,3,0,3,37,6,10,0,53,0,0,0,53
03/02/2013,RFD,IL,AGL,CE,Combined TRACON& Tower with Radar,13,3,38,0,54,0,5,37,0,42,13,8,75,0,96,72,0,72,168
03/03/2013,RFD,IL,AGL,CE,Combined TRACON& Tower with Radar,7,3,37,0,47,0,4,44,0,48,7,7,81,0,95,48,0,48,143
03/04/2013,RFD,IL,AGL,CE,Combined TRACON& Tower with Radar,22,1,13,0,36,0,0,5,0,5,22,1,18,0,41,14,0,14,55
03/05/2013,RFD,IL,AGL,CE,Combined TRACON& Tower with Radar,28,3,0,0,31,0,0,0,0,0,28,3,0,0,31,0,0,0,31
03/06/2013,RFD,IL,AGL,CE,Combined TRACON& Tower with Radar,42,7,11,0,60,0,12,3,0,15,42,19,14,0,75,0,0,0,75
03/07/2013,RFD,IL,AGL,CE,Combined TRACON& Tower with Radar,33,2,28,0,63,0,4,19,1,24,33,6,47,1,87,40,0,40,127
03/08/2013,RFD,IL,AGL,CE,Combined TRACON& Tower with Radar,32,3,29,0,64,0,4,28,3,35,32,7,57,3,99,26,4,30,129
03/09/2013,RFD,IL,AGL,CE,Combined TRACON& Tower with Radar,14,1,8,0,23,0,2,4,0,6,14,3,12,0,29,24,0,24,53
03/10/2013,RFD,IL,AGL,CE,Combined TRACON& Tower with Radar,10,6,28,0,44,0,0,0,0,0,10,6,28,0,44,28,0,28,72
03/11/2013,RFD,IL,AGL,CE,Combined TRACON& Tower with Radar,25,1,11,0,37,0,0,0,0,0,25,1,11,0,37,0,0,0,37
03/12/2013,RFD,IL,AGL,CE,Combined TRACON& Tower with Radar,31,2,24,0,57,0,0,5,0,5,31,2,29,0,62,2,2,4,66
03/13/2013,RFD,IL,AGL,CE,Combined TRACON& Tower with Radar,38,7,39,10,94,0,9,40,0,49,38,16,79,10,143,44,14,58,201
03/14/2013,RFD,IL,AGL,CE,Combined TRACON& Tower with Radar,40,4,34,0,78,0,1,4,0,5,40,5,38,0,83,10,0,10,93
03/15/2013,RFD,IL,AGL,CE,Combined TRACON& Tower with Radar,37,15,22,5,79,0,0,4,0,4,37,15,26,5,83,4,0,4,87
03/16/2013,RFD,IL,AGL,CE,Combined TRACON& Tower with Radar,27,1,24,0,52,0,2,3,0,5,27,3,27,0,57,38,0,38,95
03/17/2013,RFD,IL,AGL,CE,Combined TRACON& Tower with Radar,10,1,33,2,46,0,4,27,0,31,10,5,60,2,77,70,0,70,147
03/18/2013,RFD,IL,AGL,CE,Combined TRACON& Tower with Radar,21,2,0,0,23,0,2,0,0,2,21,4,0,0,25,0,0,0,25
03/19/2013,RFD,IL,AGL,CE,Combined TRACON& Tower with Radar,35,0,15,0,50,0,2,3,0,5,35,2,18,0,55,3,0,3,58
03/20/2013,RFD,IL,AGL,CE,Combined TRACON& Tower with Radar,38,12,8,0,58,0,12,14,0,26,38,24,22,0,84,20,0,20,104
03/21/2013,RFD,IL,AGL,CE,Combined TRACON& Tower with Radar,41,2,34,0,77,0,5,37,0,42,41,7,71,0,119,54,0,54,173
03/22/2013,RFD,IL,AGL,CE,Combined TRACON& Tower with Radar,32,8,30,4,74,0,2,19,0,21,32,10,49,4,95,72,0,72,167
03/23/2013,RFD,IL,AGL,CE,Combined TRACON& Tower with Radar,20,4,28,0,52,0,3,42,0,45,20,7,70,0,97,76,0,76,173
03/24/2013,RFD,IL,AGL,CE,Combined TRACON& Tower with Radar,9,2,6,0,17,0,0,0,0,0,9,2,6,0,17,4,0,4,21
03/25/2013,RFD,IL,AGL,CE,Combined TRACON& Tower with Radar,23,4,14,0,41,0,1,6,0,7,23,5,20,0,48,18,0,18,66
03/26/2013,RFD,IL,AGL,CE,Combined TRACON& Tower with Radar,38,10,23,8,79,0,6,25,0,31,38,16,48,8,110,16,20,36,146
03/27/2013,RFD,IL,AGL,CE,Combined TRACON& Tower with Radar,37,3,24,0,64,0,4,26,0,30,37,7,50,0,94,12,0,12,106
03/28/2013,RFD,IL,AGL,CE,Combined TRACON& Tower with Radar,41,6,32,8,87,0,8,30,0,38,41,14,62,8,125,70,12,82,207
03/29/2013,RFD,IL,AGL,CE,Combined TRACON& Tower with Radar,31,4,37,4,76,0,10,58,0,68,31,14,95,4,144,132,6,138,282
03/30/2013,RFD,IL,AGL,CE,Combined TRACON& Tower with Radar,16,2,16,0,34,0,0,30,0,30,16,2,46,0,64,100,0,100,164
03/31/2013,RFD,IL,AGL,CE,Combined TRACON& Tower with Radar,13,2,8,0,23,0,2,3,0,5,13,4,11,0,28,0,0,0,28
04/01/2013,RFD,IL,AGL,CE,Combined TRACON& Tower with Radar,20,1,14,0,35,0,8,25,0,33,20,9,39,0,68,46,0,46,114
04/02/2013,RFD,IL,AGL,CE,Combined TRACON& Tower with Radar,37,6,10,1,54,0,8,22,2,32,37,14,32,3,86,42,2,44,130
04/03/2013,RFD,IL,AGL,CE,Combined TRACON& Tower with Radar,35,9,20,0,64,0,8,32,0,40,35,17,52,0,104,90,0,90,194
04/04/2013,RFD,IL,AGL,CE,Combined TRACON& Tower with Radar,37,4,26,0,67,0,7,22,0,29,37,11,48,0,96,66,0,66,162
04/05/2013,RFD,IL,AGL,CE,Combined TRACON& Tower with Radar,32,9,20,0,61,0,5,28,0,33,32,14,48,0,94,28,0,28,122
04/06/2013,RFD,IL,AGL,CE,Combined TRACON& Tower with Radar,16,0,7,0,23,0,5,2,0,7,16,5,9,0,30,2,0,2,32
04/07/2013,RFD,IL,AGL,CE,Combined TRACON& Tower with Radar,9,3,28,0,40,0,2,34,0,36,9,5,62,0,76,46,0,46,122
04/08/2013,RFD,IL,AGL,CE,Combined TRACON& Tower with Radar,19,6,23,0,48,0,6,15,0,21,19,12,38,0,69,26,0,26,95
04/09/2013,RFD,IL,AGL,CE,Combined TRACON& Tower with Radar,34,6,37,2,79,0,1,1,0,2,34,7,38,2,81,36,0,36,117
04/10/2013,RFD,IL,AGL,CE,Combined TRACON& Tower with Radar,36,1,8,0,45,0,0,0,0,0,36,1,8,0,45,0,0,0,45
04/11/2013,RFD,IL,AGL,CE,Combined TRACON& Tower with Radar,37,3,22,0,62,0,0,0,0,0,37,3,22,0,62,0,0,0,62
04/12/2013,RFD,IL,AGL,CE,Combined TRACON& Tower with Radar,32,4,18,0,54,0,0,4,1,5,32,4,22,1,59,10,0,10,69
04/13/2013,RFD,IL,AGL,CE,Combined TRACON& Tower with Radar,18,2,14,0,34,0,8,30,0,38,18,10,44,0,72,48,0,48,120
04/14/2013,RFD,IL,AGL,CE,Combined TRACON& Tower with Radar,10,1,11,0,22,0,2,8,0,10,10,3,19,0,32,16,0,16,48
04/15/2013,RFD,IL,AGL,CE,Combined TRACON& Tower with Radar,17,11,29,0,57,0,0,17,0,17,17,11,46,0,74,36,0,36,110
04/16/2013,RFD,IL,AGL,CE,Combined TRACON& Tower with Radar,32,6,40,0,78,0,3,45,0,48,32,9,85,0,126,62,0,62,188
04/17/2013,RFD,IL,AGL,CE,Combined TRACON& Tower with Radar,33,2,11,0,46,0,0,0,0,0,33,2,11,0,46,0,0,0,46
04/18/2013,RFD,IL,AGL,CE,Combined TRACON& Tower with Radar,30,7,8,0,45,0,0,3,0,3,30,7,11,0,48,0,0,0,48
04/19/2013,RFD,IL,AGL,CE,Combined TRACON& Tower with Radar,30,5,5,0,40,0,3,2,0,5,30,8,7,0,45,0,0,0,45
04/20/2013,RFD,IL,AGL,CE,Combined TRACON& Tower with Radar,14,1,24,0,39,0,7,42,0,49,14,8,66,0,88,74,0,74,162
04/21/2013,RFD,IL,AGL,CE,Combined TRACON& Tower with Radar,7,5,33,0,45,0,2,19,0,21,7,7,52,0,66,38,0,38,104
04/22/2013,RFD,IL,AGL,CE,Combined TRACON& Tower with Radar,17,5,24,0,46,0,6,30,0,36,17,11,54,0,82,48,0,48,130
04/23/2013,RFD,IL,AGL,CE,Combined TRACON& Tower with Radar,26,4,45,1,76,0,0,0,0,0,26,4,45,1,76,38,0,38,114
04/24/2013,RFD,IL,AGL,CE,Combined TRACON& Tower with Radar,30,6,44,0,80,0,6,26,0,32,30,12,70,0,112,36,0,36,148
04/25/2013,RFD,IL,AGL,CE,Combined TRACON& Tower with Radar,35,15,23,0,73,0,7,31,1,39,35,22,54,1,112,30,0,30,142
04/26/2013,RFD,IL,AGL,CE,Combined TRACON& Tower with Radar,35,5,18,0,58,0,4,59,0,63,35,9,77,0,121,110,0,110,231
04/27/2013,RFD,IL,AGL,CE,Combined TRACON& Tower with Radar,14,9,41,0,64,0,13,93,0,106,14,22,134,0,170,196,0,196,366
04/28/2013,RFD,IL,AGL,CE,Combined TRACON& Tower with Radar,6,1,25,0,32,0,5,13,0,18,6,6,38,0,50,6,0,6,56
04/29/2013,RFD,IL,AGL,CE,Combined TRACON& Tower with Radar,15,2,18,0,35,0,2,21,0,23,15,4,39,0,58,0,0,0,58
04/30/2013,RFD,IL,AGL,CE,Combined TRACON& Tower with Radar,28,5,11,0,44,0,4,13,0,17,28,9,24,0,61,4,0,4,65
05/01/2013,RFD,IL,AGL,CE,Combined TRACON& Tower with Radar,35,7,37,1,80,0,11,48,0,59,35,18,85,1,139,54,0,54,193
05/02/2013,RFD,IL,AGL,CE,Combined TRACON& Tower with Radar,35,2,17,0,54,0,0,7,0,7,35,2,24,0,61,2,0,2,63
05/03/2013,RFD,IL,AGL,CE,Combined TRACON& Tower with Radar,32,4,28,0,64,0,0,0,0,0,32,4,28,0,64,6,0,6,70
05/04/2013,RFD,IL,AGL,CE,Combined TRACON& Tower with Radar,13,3,2,3,21,0,3,15,1,19,13,6,17,4,40,14,0,14,54
05/05/2013,RFD,IL,AGL,CE,Combined TRACON& Tower with Radar,7,0,24,0,31,0,2,141,0,143,7,2,165,0,174,34,0,34,208
05/06/2013,RFD,IL,AGL,CE,Combined TRACON& Tower with Radar,17,10,20,0,47,0,6,20,0,26,17,16,40,0,73,24,0,24,97
05/07/2013,RFD,IL,AGL,CE,Combined TRACON& Tower with Radar,27,12,26,2,67,0,6,45,0,51,27,18,71,2,118,10,26,36,154
05/08/2013,RFD,IL,AGL,CE,Combined TRACON& Tower with Radar,36,7,19,0,62,0,5,40,0,45,36,12,59,0,107,34,0,34,141
05/09/2013,RFD,IL,AGL,CE,Combined TRACON& Tower with Radar,38,4,31,0,73,0,0,12,0,12,38,4,43,0,85,22,0,22,107
05/10/2013,RFD,IL,AGL,CE,Combined TRACON& Tower with Radar,35,4,43,8,90,0,0,7,0,7,35,4,50,8,97,50,0,50,147
05/11/2013,RFD,IL,AGL,CE,Combined TRACON& Tower with Radar,16,3,23,1,43,0,2,19,0,21,16,5,42,1,64,12,0,12,76
05/12/2013,RFD,IL,AGL,CE,Combined TRACON& Tower with Radar,5,2,13,0,20,0,2,7,0,9,5,4,20,0,29,8,0,8,37
05/13/2013,RFD,IL,AGL,CE,Combined TRACON& Tower with Radar,14,7,29,0,50,0,8,32,0,40,14,15,61,0,90,54,0,54,144
05/14/2013,RFD,IL,AGL,CE,Combined TRACON& Tower with Radar,31,1,17,0,49,0,5,25,0,30,31,6,42,0,79,10,0,10,89
05/15/2013,RFD,IL,AGL,CE,Combined TRACON& Tower with Radar,32,9,34,0,75,0,10,49,0,59,32,19,83,0,134,102,0,102,236
05/16/2013,RFD,IL,AGL,CE,Combined TRACON& Tower with Radar,37,2,35,0,74,0,0,45,0,45,37,2,80,0,119,52,0,52,171
05/17/2013,RFD,IL,AGL,CE,Combined TRACON& Tower with Radar,34,3,21,0,58,0,5,33,0,38,34,8,54,0,96,14,0,14,110
05/18/2013,RFD,IL,AGL,CE,Combined TRACON& Tower with Radar,14,2,23,0,39,0,5,30,0,35,14,7,53,0,74,30,0,30,104
05/19/2013,RFD,IL,AGL,CE,Combined TRACON& Tower with Radar,5,0,16,0,21,0,8,23,0,31,5,8,39,0,52,8,0,8,60
05/20/2013,RFD,IL,AGL,CE,Combined TRACON& Tower with Radar,16,5,23,10,54,0,4,9,0,13,16,9,32,10,67,26,0,26,93
05/21/2013,RFD,IL,AGL,CE,Combined TRACON& Tower with Radar,31,1,32,1,65,0,9,21,0,30,31,10,53,1,95,28,2,30,125
05/22/2013,RFD,IL,AGL,CE,Combined TRACON& Tower with Radar,75,7,39,0,121,0,2,36,0,38,75,9,75,0,159,54,0,54,213
05/23/2013,RFD,IL,AGL,CE,Combined TRACON& Tower with Radar,33,10,32,2,77,0,7,18,1,26,33,17,50,3,103,42,0,42,145
05/24/2013,RFD,IL,AGL,CE,Combined TRACON& Tower with Radar,32,2,38,0,72,0,2,69,0,71,32,4,107,0,143,48,0,48,191
05/25/2013,RFD,IL,AGL,CE,Combined TRACON& Tower with Radar,13,0,23,0,36,0,5,25,0,30,13,5,48,0,66,44,0,44,110
05/26/2013,RFD,IL,AGL,CE,Combined TRACON& Tower with Radar,3,0,9,0,12,0,0,6,0,6,3,0,15,0,18,0,0,0,18
05/27/2013,RFD,IL,AGL,CE,Combined TRACON& Tower with Radar,6,3,26,0,35,0,0,0,0,0,6,3,26,0,35,14,0,14,49
05/28/2013,RFD,IL,AGL,CE,Combined TRACON& Tower with Radar,15,4,28,0,47,0,0,6,0,6,15,4,34,0,53,56,0,56,109
05/29/2013,RFD,IL,AGL,CE,Combined TRACON& Tower with Radar,34,7,30,0,71,0,3,28,0,31,34,10,58,0,102,42,0,42,144
05/30/2013,RFD,IL,AGL,CE,Combined TRACON& Tower with Radar,39,5,26,0,70,0,1,21,0,22,39,6,47,0,92,76,0,76,168
05/31/2013,RFD,IL,AGL,CE,Combined TRACON& Tower with Radar,30,6,23,0,59,0,2,8,0,10,30,8,31,0,69,4,0,4,73
06/01/2013,RFD,IL,AGL,CE,Combined TRACON& Tower with Radar,16,1,24,0,41,0,2,5,0,7,16,3,29,0,48,10,0,10,58
06/02/2013,RFD,IL,AGL,CE,Combined TRACON& Tower with Radar,3,3,42,0,48,0,3,13,0,16,3,6,55,0,64,62,0,62,126
06/03/2013,RFD,IL,AGL,CE,Combined TRACON& Tower with Radar,14,0,40,0,54,0,2,57,0,59,14,2,97,0,113,154,0,154,267
06/04/2013,RFD,IL,AGL,CE,Combined TRACON& Tower with Radar,34,0,33,1,68,0,1,55,0,56,34,1,88,1,124,84,0,84,208
06/05/2013,RFD,IL,AGL,CE,Combined TRACON& Tower with Radar,33,6,25,0,64,0,1,6,0,7,33,7,31,0,71,4,0,4,75
06/06/2013,RFD,IL,AGL,CE,Combined TRACON& Tower with Radar,40,4,29,0,73,0,1,16,3,20,40,5,45,3,93,56,0,56,149
06/07/2013,RFD,IL,AGL,CE,Combined TRACON& Tower with Radar,29,6,20,2,57,0,5,35,0,40,29,11,55,2,97,72,0,72,169
06/08/2013,RFD,IL,AGL,CE,Combined TRACON& Tower with Radar,19,2,25,0,46,0,4,45,2,51,19,6,70,2,97,58,0,58,155
06/09/2013,RFD,IL,AGL,CE,Combined TRACON& Tower with Radar,7,2,19,0,28,0,2,19,0,21,7,4,38,0,49,20,0,20,69
06/10/2013,RFD,IL,AGL,CE,Combined TRACON& Tower with Radar,16,5,22,1,44,0,0,28,0,28,16,5,50,1,72,24,0,24,96
06/11/2013,RFD,IL,AGL,CE,Combined TRACON& Tower with Radar,31,6,18,0,55,0,0,17,0,17,31,6,35,0,72,88,0,88,160
06/12/2013,RFD,IL,AGL,CE,Combined TRACON& Tower with Radar,34,5,27,0,66,0,0,12,0,12,34,5,39,0,78,12,0,12,90
06/13/2013,RFD,IL,AGL,CE,Combined TRACON& Tower with Radar,38,7,34,0,79,0,7,38,0,45,38,14,72,0,124,62,0,62,186
06/14/2013,RFD,IL,AGL,CE,Combined TRACON& Tower with Radar,35,4,47,0,86,0,8,59,0,67,35,12,106,0,153,102,0,102,255
06/15/2013,RFD,IL,AGL,CE,Combined TRACON& Tower with Radar,16,3,14,0,33,0,0,9,0,9,16,3,23,0,42,20,0,20,62
06/16/2013,RFD,IL,AGL,CE,Combined TRACON& Tower with Radar,7,1,19,0,27,0,3,24,0,27,7,4,43,0,54,80,0,80,134
06/17/2013,RFD,IL,AGL,CE,Combined TRACON& Tower with Radar,13,7,16,2,38,0,2,18,0,20,13,9,34,2,58,16,0,16,74
06/18/2013,RFD,IL,AGL,CE,Combined TRACON& Tower with Radar,35,2,22,1,60,0,6,22,2,30,35,8,44,3,90,8,0,8,98
06/19/2013,RFD,IL,AGL,CE,Combined TRACON& Tower with Radar,38,0,27,0,65,0,8,37,0,45,38,8,64,0,110,30,0,30,140
06/20/2013,RFD,IL,AGL,CE,Combined TRACON& Tower with Radar,38,6,33,0,77,0,3,24,1,28,38,9,57,1,105,40,0,40,145
06/21/2013,RFD,IL,AGL,CE,Combined TRACON& Tower with Radar,27,2,23,0,52,0,0,28,0,28,27,2,51,0,80,20,0,20,100
06/22/2013,RFD,IL,AGL,CE,Combined TRACON& Tower with Radar,17,2,26,0,45,0,1,10,0,11,17,3,36,0,56,20,0,20,76
06/23/2013,RFD,IL,AGL,CE,Combined TRACON& Tower with Radar,7,3,23,0,33,0,4,20,0,24,7,7,43,0,57,52,0,52,109
06/24/2013,RFD,IL,AGL,CE,Combined TRACON& Tower with Radar,19,0,9,0,28,0,0,0,0,0,19,0,9,0,28,0,0,0,28
06/25/2013,RFD,IL,AGL,CE,Combined TRACON& Tower with Radar,33,2,31,0,66,0,4,23,0,27,33,6,54,0,93,38,0,38,131
06/26/2013,RFD,IL,AGL,CE,Combined TRACON& Tower with Radar,39,2,56,0,97,0,2,23,0,25,39,4,79,0,122,42,0,42,164
06/27/2013,RFD,IL,AGL,CE,Combined TRACON& Tower with Radar,40,5,28,0,73,0,7,35,1,43,40,12,63,1,116,40,0,40,156
06/28/2013,RFD,IL,AGL,CE,Combined TRACON& Tower with Radar,35,10,25,0,70,0,2,19,1,22,35,12,44,1,92,12,0,12,104
06/29/2013,RFD,IL,AGL,CE,Combined TRACON& Tower with Radar,14,1,20,0,35,0,2,5,0,7,14,3,25,0,42,44,0,44,86
06/30/2013,RFD,IL,AGL,CE,Combined TRACON& Tower with Radar,5,9,22,1,37,0,5,19,0,24,5,14,41,1,61,46,0,46,107
07/01/2013,RFD,IL,AGL,CE,Combined TRACON& Tower with Radar,12,0,26,0,38,0,11,22,4,37,12,11,48,4,75,0,0,0,75
07/02/2013,RFD,IL,AGL,CE,Combined TRACON& Tower with Radar,32,7,22,0,61,0,9,32,0,41,32,16,54,0,102,96,0,96,198
07/03/2013,RFD,IL,AGL,CE,Combined TRACON& Tower with Radar,34,1,54,14,103,0,2,10,0,12,34,3,64,14,115,26,0,26,141
07/04/2013,RFD,IL,AGL,CE,Combined TRACON& Tower with Radar,27,1,19,0,47,0,4,38,0,42,27,5,57,0,89,16,0,16,105
07/05/2013,RFD,IL,AGL,CE,Combined TRACON& Tower with Radar,13,7,27,0,47,0,2,51,0,53,13,9,78,0,100,34,0,34,134
07/06/2013,RFD,IL,AGL,CE,Combined TRACON& Tower with Radar,7,1,9,0,17,0,5,28,0,33,7,6,37,0,50,22,0,22,72
07/07/2013,RFD,IL,AGL,CE,Combined TRACON& Tower with Radar,9,9,16,0,34,0,7,20,0,27,9,16,36,0,61,20,2,22,83
07/08/2013,RFD,IL,AGL,CE,Combined TRACON& Tower with Radar,14,5,31,0,50,0,6,17,0,23,14,11,48,0,73,4,0,4,77
07/09/2013,RFD,IL,AGL,CE,Combined TRACON& Tower with Radar,31,6,7,0,44,0,0,12,0,12,31,6,19,0,56,28,0,28,84
07/10/2013,RFD,IL,AGL,CE,Combined TRACON& Tower with Radar,29,8,39,11,87,0,12,35,0,47,29,20,74,11,134,104,16,120,254
07/11/2013,RFD,IL,AGL,CE,Combined TRACON& Tower with Radar,34,9,23,0,66,0,4,52,0,56,34,13,75,0,122,118,0,118,240
07/12/2013,RFD,IL,AGL,CE,Combined TRACON& Tower with Radar,30,4,31,0,65,0,2,54,0,56,30,6,85,0,121,36,0,36,157
07/13/2013,RFD,IL,AGL,CE,Combined TRACON& Tower with Radar,9,5,24,6,44,0,7,46,2,55,9,12,70,8,99,54,0,54,153
07/14/2013,RFD,IL,AGL,CE,Combined TRACON& Tower with Radar,4,2,37,0,43,0,4,41,0,45,4,6,78,0,88,56,0,56,144
07/15/2013,RFD,IL,AGL,CE,Combined TRACON& Tower with Radar,14,12,20,0,46,0,3,27,0,30,14,15,47,0,76,20,0,20,96
07/16/2013,RFD,IL,AGL,CE,Combined TRACON& Tower with Radar,32,5,29,2,68,0,9,45,2,56,32,14,74,4,124,14,0,14,138
07/17/2013,RFD,IL,AGL,CE,Combined TRACON& Tower with Radar,29,13,33,0,75,0,5,46,0,51,29,18,79,0,126,88,0,88,214
07/18/2013,RFD,IL,AGL,CE,Combined TRACON& Tower with Radar,39,1,39,0,79,0,0,39,2,41,39,1,78,2,120,50,0,50,170
07/19/2013,RFD,IL,AGL,CE,Combined TRACON& Tower with Radar,30,0,28,0,58,0,8,52,0,60,30,8,80,0,118,20,0,20,138
07/20/2013,RFD,IL,AGL,CE,Combined TRACON& Tower with Radar,9,2,18,1,30,0,4,28,0,32,9,6,46,1,62,29,0,29,91
07/21/2013,RFD,IL,AGL,CE,Combined TRACON& Tower with Radar,4,1,22,2,29,0,4,27,1,32,4,5,49,3,61,10,0,10,71
07/22/2013,RFD,IL,AGL,CE,Combined TRACON& Tower with Radar,18,2,31,0,51,0,1,39,0,40,18,3,70,0,91,118,0,118,209
07/23/2013,RFD,IL,AGL,CE,Combined TRACON& Tower with Radar,31,8,24,0,63,0,1,53,0,54,31,9,77,0,117,32,0,32,149
07/24/2013,RFD,IL,AGL,CE,Combined TRACON& Tower with Radar,32,6,35,2,75,0,5,63,3,71,32,11,98,5,146,90,0,90,236
07/25/2013,RFD,IL,AGL,CE,Combined TRACON& Tower with Radar,34,4,54,13,105,0,3,90,4,97,34,7,144,17,202,106,2,108,310
07/26/2013,RFD,IL,AGL,CE,Combined TRACON& Tower with Radar,29,6,91,0,126,0,1,34,0,35,29,7,125,0,161,20,0,20,181
07/27/2013,RFD,IL,AGL,CE,Combined TRACON& Tower with Radar,9,6,18,0,33,0,0,40,0,40,9,6,58,0,73,22,0,22,95
07/28/2013,RFD,IL,AGL,CE,Combined TRACON& Tower with Radar,5,1,25,0,31,0,2,36,0,38,5,3,61,0,69,24,0,24,93
07/29/2013,RFD,IL,AGL,CE,Combined TRACON& Tower with Radar,15,10,17,1,43,0,8,51,0,59,15,18,68,1,102,46,0,46,148
07/30/2013,RFD,IL,AGL,CE,Combined TRACON& Tower with Radar,31,10,19,1,61,0,10,8,0,18,31,20,27,1,79,8,0,8,87
07/31/2013,RFD,IL,AGL,CE,Combined TRACON& Tower with Radar,29,8,32,0,69,0,6,25,1,32,29,14,57,1,101,4,0,4,105
08/01/2013,RFD,IL,AGL,CE,Combined TRACON& Tower with Radar,31,5,34,0,70,0,21,50,0,71,31,26,84,0,141,28,0,28,169
08/02/2013,RFD,IL,AGL,CE,Combined TRACON& Tower with Radar,32,7,13,0,52,0,22,51,0,73,32,29,64,0,125,36,0,36,161
08/03/2013,RFD,IL,AGL,CE,Combined TRACON& Tower with Radar,8,2,12,0,22,0,8,41,1,50,8,10,53,1,72,2,0,2,74
08/04/2013,RFD,IL,AGL,CE,Combined TRACON& Tower with Radar,9,3,31,5,48,0,3,30,0,33,9,6,61,5,81,38,0,38,119
08/05/2013,RFD,IL,AGL,CE,Combined TRACON& Tower with Radar,14,2,20,0,36,0,1,9,1,11,14,3,29,1,47,6,0,6,53
08/06/2013,RFD,IL,AGL,CE,Combined TRACON& Tower with Radar,30,22,35,0,87,0,3,12,0,15,30,25,47,0,102,14,0,14,116
08/07/2013,RFD,IL,AGL,CE,Combined TRACON& Tower with Radar,32,12,17,1,62,0,7,29,0,36,32,19,46,1,98,50,0,50,148
08/08/2013,RFD,IL,AGL,CE,Combined TRACON& Tower with Radar,34,9,24,1,68,0,3,47,0,50,34,12,71,1,118,50,0,50,168
08/09/2013,RFD,IL,AGL,CE,Combined TRACON& Tower with Radar,28,1,21,5,55,0,8,27,0,35,28,9,48,5,90,14,0,14,104
08/10/2013,RFD,IL,AGL,CE,Combined TRACON& Tower with Radar,7,6,22,0,35,0,10,27,0,37,7,16,49,0,72,48,0,48,120
08/11/2013,RFD,IL,AGL,CE,Combined TRACON& Tower with Radar,6,2,19,1,28,0,4,21,0,25,6,6,40,1,53,26,0,26,79
08/12/2013,RFD,IL,AGL,CE,Combined TRACON& Tower with Radar,21,3,16,0,40,0,4,10,0,14,21,7,26,0,54,0,0,0,54
08/13/2013,RFD,IL,AGL,CE,Combined TRACON& Tower with Radar,29,1,34,4,68,0,4,50,1,55,29,5,84,5,123,36,0,36,159
08/14/2013,RFD,IL,AGL,CE,Combined TRACON& Tower with Radar,29,3,37,4,73,0,3,38,0,41,29,6,75,4,114,20,0,20,134
08/15/2013,RFD,IL,AGL,CE,Combined TRACON& Tower with Radar,35,6,34,0,75,0,2,45,0,47,35,8,79,0,122,18,0,18,140
08/16/2013,RFD,IL,AGL,CE,Combined TRACON& Tower with Radar,24,4,34,1,63,0,2,36,0,38,24,6,70,1,101,44,0,44,145
08/17/2013,RFD,IL,AGL,CE,Combined TRACON& Tower with Radar,7,1,20,0,28,0,5,35,0,40,7,6,55,0,68,8,0,8,76
08/18/2013,RFD,IL,AGL,CE,Combined TRACON& Tower with Radar,5,5,22,1,33,0,3,26,0,29,5,8,48,1,62,8,0,8,70
08/19/2013,RFD,IL,AGL,CE,Combined TRACON& Tower with Radar,15,2,27,0,44,0,5,24,0,29,15,7,51,0,73,20,0,20,93
08/20/2013,RFD,IL,AGL,CE,Combined TRACON& Tower with Radar,30,10,23,0,63,0,2,28,0,30,30,12,51,0,93,26,0,26,119
08/21/2013,RFD,IL,AGL,CE,Combined TRACON& Tower with Radar,31,6,35,16,88,0,3,22,0,25,31,9,57,16,113,28,28,56,169
08/22/2013,RFD,IL,AGL,CE,Combined TRACON& Tower with Radar,33,15,14,4,66,0,3,15,0,18,33,18,29,4,84,6,4,10,94
08/23/2013,RFD,IL,AGL,CE,Combined TRACON& Tower with Radar,25,8,25,13,71,0,1,52,0,53,25,9,77,13,124,62,18,80,204
08/24/2013,RFD,IL,AGL,CE,Combined TRACON& Tower with Radar,7,7,30,0,44,0,6,36,0,42,7,13,66,0,86,106,0,106,192
08/25/2013,RFD,IL,AGL,CE,Combined TRACON& Tower with Radar,4,1,18,0,23,0,6,28,0,34,4,7,46,0,57,34,0,34,91
08/26/2013,RFD,IL,AGL,CE,Combined TRACON& Tower with Radar,11,3,14,2,30,0,2,12,0,14,11,5,26,2,44,50,0,50,94
08/27/2013,RFD,IL,AGL,CE,Combined TRACON& Tower with Radar,27,7,25,0,59,0,2,28,0,30,27,9,53,0,89,18,2,20,109
08/28/2013,RFD,IL,AGL,CE,Combined TRACON& Tower with Radar,32,4,25,0,61,0,2,10,0,12,32,6,35,0,73,36,0,36,109
08/29/2013,RFD,IL,AGL,CE,Combined TRACON& Tower with Radar,32,10,52,0,94,0,3,22,0,25,32,13,74,0,119,0,0,0,119
08/30/2013,RFD,IL,AGL,CE,Combined TRACON& Tower with Radar,23,7,14,0,44,0,7,40,0,47,23,14,54,0,91,22,0,22,113
08/31/2013,RFD,IL,AGL,CE,Combined TRACON& Tower with Radar,7,3,24,0,34,0,5,9,0,14,7,8,33,0,48,62,0,62,110
09/01/2013,RFD,IL,AGL,CE,Combined TRACON& Tower with Radar,6,0,21,0,27,0,6,3,0,9,6,6,24,0,36,10,0,10,46
09/02/2013,RFD,IL,AGL,CE,Combined TRACON& Tower with Radar,6,3,31,0,40,0,6,48,0,54,6,9,79,0,94,35,0,35,129
09/03/2013,RFD,IL,AGL,CE,Combined TRACON& Tower with Radar,11,2,31,2,46,0,6,48,0,54,11,8,79,2,100,0,0,0,100
09/04/2013,RFD,IL,AGL,CE,Combined TRACON& Tower with Radar,29,14,59,0,102,0,0,42,0,42,29,14,101,0,144,70,0,70,214
09/05/2013,RFD,IL,AGL,CE,Combined TRACON& Tower with Radar,35,5,33,0,73,0,3,26,0,29,35,8,59,0,102,0,0,0,102
09/06/2013,RFD,IL,AGL,CE,Combined TRACON& Tower with Radar,26,19,22,2,69,0,7,44,0,51,26,26,66,2,120,40,0,40,160
09/07/2013,RFD,IL,AGL,CE,Combined TRACON& Tower with Radar,6,4,11,0,21,0,6,22,0,28,6,10,33,0,49,32,0,32,81
09/08/2013,RFD,IL,AGL,CE,Combined TRACON& Tower with Radar,4,2,24,1,31,0,8,9,0,17,4,10,33,1,48,12,0,12,60
09/09/2013,RFD,IL,AGL,CE,Combined TRACON& Tower with Radar,14,6,29,0,49,0,4,25,0,29,14,10,54,0,78,20,0,20,98
09/10/2013,RFD,IL,AGL,CE,Combined TRACON& Tower with Radar,26,12,18,0,56,0,3,18,0,21,26,15,36,0,77,10,0,10,87
09/11/2013,RFD,IL,AGL,CE,Combined TRACON& Tower with Radar,30,3,24,0,57,0,4,16,0,20,30,7,40,0,77,48,0,48,125
09/12/2013,RFD,IL,AGL,CE,Combined TRACON& Tower with Radar,30,4,28,0,62,0,6,41,0,47,30,10,69,0,109,26,0,26,135
09/13/2013,RFD,IL,AGL,CE,Combined TRACON& Tower with Radar,23,7,26,6,62,0,6,33,0,39,23,13,59,6,101,68,0,68,169
09/14/2013,RFD,IL,AGL,CE,Combined TRACON& Tower with Radar,11,2,17,0,30,0,1,29,0,30,11,3,46,0,60,24,0,24,84
09/15/2013,RFD,IL,AGL,CE,Combined TRACON& Tower with Radar,7,1,24,0,32,0,1,1,0,2,7,2,25,0,34,12,0,12,46
09/16/2013,RFD,IL,AGL,CE,Combined TRACON& Tower with Radar,12,12,25,3,52,0,7,32,0,39,12,19,57,3,91,44,8,52,143
09/17/2013,RFD,IL,AGL,CE,Combined TRACON& Tower with Radar,26,13,36,9,84,0,2,24,0,26,26,15,60,9,110,72,0,72,182
09/18/2013,RFD,IL,AGL,CE,Combined TRACON& Tower with Radar,38,4,21,0,63,0,10,9,0,19,38,14,30,0,82,18,0,18,100
09/19/2013,RFD,IL,AGL,CE,Combined TRACON& Tower with Radar,31,23,24,0,78,0,2,3,0,5,31,25,27,0,83,38,0,38,121
09/20/2013,RFD,IL,AGL,CE,Combined TRACON& Tower with Radar,24,9,57,0,90,0,3,25,0,28,24,12,82,0,118,80,0,80,198
09/21/2013,RFD,IL,AGL,CE,Combined TRACON& Tower with Radar,8,5,17,9,39,0,7,28,1,36,8,12,45,10,75,68,6,74,149
09/22/2013,RFD,IL,AGL,CE,Combined TRACON& Tower with Radar,4,6,22,0,32,0,2,50,0,52,4,8,72,0,84,36,0,36,120
09/23/2013,RFD,IL,AGL,CE,Combined TRACON& Tower with Radar,11,7,27,0,45,0,4,22,0,26,11,11,49,0,71,24,0,24,95
09/24/2013,RFD,IL,AGL,CE,Combined TRACON& Tower with Radar,29,4,32,0,65,0,5,34,1,40,29,9,66,1,105,28,0,28,133
09/25/2013,RFD,IL,AGL,CE,Combined TRACON& Tower with Radar,28,4,40,0,72,0,6,51,0,57,28,10,91,0,129,66,0,66,195
09/26/2013,RFD,IL,AGL,CE,Combined TRACON& Tower with Radar,35,3,40,0,78,0,5,46,0,51,35,8,86,0,129,52,0,52,181
09/27/2013,RFD,IL,AGL,CE,Combined TRACON& Tower with Radar,22,5,21,0,48,0,11,29,0,40,22,16,50,0,88,22,0,22,110
09/28/2013,RFD,IL,AGL,CE,Combined TRACON& Tower with Radar,11,3,19,2,35,0,5,15,0,20,11,8,34,2,55,42,0,42,97
09/29/2013,RFD,IL,AGL,CE,Combined TRACON& Tower with Radar,4,6,30,0,40,0,6,24,0,30,4,12,54,0,70,32,2,34,104
09/30/2013,RFD,IL,AGL,CE,Combined TRACON& Tower with Radar,10,2,36,0,48,0,4,42,0,46,10,6,78,0,94,74,0,74,168
10/01/2013,RFD,IL,AGL,CE,Combined TRACON& Tower with Radar,27,2,24,0,53,0,2,20,0,22,27,4,44,0,75,30,0,30,105
10/02/2013,RFD,IL,AGL,CE,Combined TRACON& Tower with Radar,28,6,27,0,61,0,7,47,0,54,28,13,74,0,115,30,0,30,145
10/03/2013,RFD,IL,AGL,CE,Combined TRACON& Tower with Radar,37,5,19,0,61,0,1,7,0,8,37,6,26,0,69,6,0,6,75
10/04/2013,RFD,IL,AGL,CE,Combined TRACON& Tower with Radar,23,4,23,0,50,0,0,4,0,4,23,4,27,0,54,10,0,10,64
10/05/2013,RFD,IL,AGL,CE,Combined TRACON& Tower with Radar,12,3,27,0,42,0,4,0,0,4,12,7,27,0,46,30,0,30,76
10/06/2013,RFD,IL,AGL,CE,Combined TRACON& Tower with Radar,6,1,39,0,46,0,4,20,0,24,6,5,59,0,70,40,0,40,110
10/07/2013,RFD,IL,AGL,CE,Combined TRACON& Tower with Radar,12,9,40,0,61,0,8,22,0,30,12,17,62,0,91,62,0,62,153
10/08/2013,RFD,IL,AGL,CE,Combined TRACON& Tower with Radar,28,15,35,0,78,0,2,36,0,38,28,17,71,0,116,28,0,28,144
10/09/2013,RFD,IL,AGL,CE,Combined TRACON& Tower with Radar,30,1,22,0,53,0,0,31,0,31,30,1,53,0,84,12,0,12,96
10/10/2013,RFD,IL,AGL,CE,Combined TRACON& Tower with Radar,36,6,38,1,81,0,2,25,0,27,36,8,63,1,108,28,0,28,136
10/11/2013,RFD,IL,AGL,CE,Combined TRACON& Tower with Radar,23,6,19,0,48,0,1,27,0,28,23,7,46,0,76,32,4,36,112
10/12/2013,RFD,IL,AGL,CE,Combined TRACON& Tower with Radar,12,3,15,0,30,0,7,6,0,13,12,10,21,0,43,4,0,4,47
10/13/2013,RFD,IL,AGL,CE,Combined TRACON& Tower with Radar,6,3,18,0,27,0,5,46,0,51,6,8,64,0,78,42,0,42,120
10/14/2013,RFD,IL,AGL,CE,Combined TRACON& Tower with Radar,10,2,31,0,43,0,4,38,0,42,10,6,69,0,85,0,0,0,85
10/15/2013,RFD,IL,AGL,CE,Combined TRACON& Tower with Radar,28,5,17,0,50,0,3,4,0,7,28,8,21,0,57,12,0,12,69
10/16/2013,RFD,IL,AGL,CE,Combined TRACON& Tower with Radar,29,7,48,0,84,0,5,9,0,14,29,12,57,0,98,38,0,38,136
10/17/2013,RFD,IL,AGL,CE,Combined TRACON& Tower with Radar,35,3,28,0,66,0,2,13,0,15,35,5,41,0,81,22,0,22,103
10/18/2013,RFD,IL,AGL,CE,Combined TRACON& Tower with Radar,29,10,36,0,75,0,3,16,0,19,29,13,52,0,94,74,0,74,168
10/19/2013,RFD,IL,AGL,CE,Combined TRACON& Tower with Radar,7,1,17,0,25,0,2,25,0,27,7,3,42,0,52,68,0,68,120
10/20/2013,RFD,IL,AGL,CE,Combined TRACON& Tower with Radar,7,2,15,0,24,0,6,11,0,17,7,8,26,0,41,58,0,58,99
10/21/2013,RFD,IL,AGL,CE,Combined TRACON& Tower with Radar,18,18,26,0,62,0,6,20,0,26,18,24,46,0,88,32,0,32,120
10/22/2013,RFD,IL,AGL,CE,Combined TRACON& Tower with Radar,34,6,44,0,84,0,1,14,0,15,34,7,58,0,99,26,0,26,125
10/23/2013,RFD,IL,AGL,CE,Combined TRACON& Tower with Radar,23,4,35,2,64,0,4,23,0,27,23,8,58,2,91,70,0,70,161
10/24/2013,RFD,IL,AGL,CE,Combined TRACON& Tower with Radar,25,4,23,0,52,0,2,39,0,41,25,6,62,0,93,34,0,34,127
10/25/2013,RFD,IL,AGL,CE,Combined TRACON& Tower with Radar,24,6,16,0,46,0,1,42,0,43,24,7,58,0,89,90,0,90,179
10/26/2013,RFD,IL,AGL,CE,Combined TRACON& Tower with Radar,9,2,12,0,23,0,8,21,0,29,9,10,33,0,52,16,0,16,68
10/27/2013,RFD,IL,AGL,CE,Combined TRACON& Tower with Radar,6,2,18,0,26,0,8,33,0,41,6,10,51,0,67,58,0,58,125
10/28/2013,RFD,IL,AGL,CE,Combined TRACON& Tower with Radar,14,4,17,0,35,0,2,16,0,18,14,6,33,0,53,46,0,46,99
10/29/2013,RFD,IL,AGL,CE,Combined TRACON& Tower with Radar,29,7,21,0,57,0,4,28,0,32,29,11,49,0,89,18,0,18,107
10/30/2013,RFD,IL,AGL,CE,Combined TRACON& Tower with Radar,29,6,20,0,55,0,0,0,0,0,29,6,20,0,55,0,0,0,55
10/31/2013,RFD,IL,AGL,CE,Combined TRACON& Tower with Radar,35,3,15,0,53,0,2,0,0,2,35,5,15,0,55,2,0,2,57
11/01/2013,RFD,IL,AGL,CE,Combined TRACON& Tower with Radar,28,2,19,0,49,0,4,4,0,8,28,6,23,0,57,20,0,20,77
11/02/2013,RFD,IL,AGL,CE,Combined TRACON& Tower with Radar,6,1,20,8,35,0,2,11,1,14,6,3,31,9,49,50,0,50,99
11/03/2013,RFD,IL,AGL,CE,Combined TRACON& Tower with Radar,8,2,25,0,35,0,3,21,1,25,8,5,46,1,60,122,0,122,182
11/04/2013,RFD,IL,AGL,CE,Combined TRACON& Tower with Radar,14,3,5,0,22,0,0,11,0,11,14,3,16,0,33,14,0,14,47
11/05/2013,RFD,IL,AGL,CE,Combined TRACON& Tower with Radar,26,0,30,0,56,0,0,6,0,6,26,0,36,0,62,6,0,6,68
11/06/2013,RFD,IL,AGL,CE,Combined TRACON& Tower with Radar,27,2,5,0,34,0,0,0,0,0,27,2,5,0,34,0,0,0,34
11/07/2013,RFD,IL,AGL,CE,Combined TRACON& Tower with Radar,32,3,17,0,52,0,1,26,0,27,32,4,43,0,79,110,0,110,189
11/08/2013,RFD,IL,AGL,CE,Combined TRACON& Tower with Radar,26,6,29,0,61,0,1,19,0,20,26,7,48,0,81,38,0,38,119
11/09/2013,RFD,IL,AGL,CE,Combined TRACON& Tower with Radar,7,3,24,0,34,0,7,15,0,22,7,10,39,0,56,38,0,38,94
11/10/2013,RFD,IL,AGL,CE,Combined TRACON& Tower with Radar,6,4,21,0,31,0,6,43,0,49,6,10,64,0,80,90,0,90,170
11/11/2013,RFD,IL,AGL,CE,Combined TRACON& Tower with Radar,11,3,5,0,19,0,1,8,0,9,11,4,13,0,28,16,0,16,44
11/12/2013,RFD,IL,AGL,CE,Combined TRACON& Tower with Radar,27,3,36,0,66,0,2,27,0,29,27,5,63,0,95,100,0,100,195
11/13/2013,RFD,IL,AGL,CE,Combined TRACON& Tower with Radar,31,4,11,0,46,0,7,16,0,23,31,11,27,0,69,44,0,44,113
11/14/2013,RFD,IL,AGL,CE,Combined TRACON& Tower with Radar,33,1,11,1,46,0,0,20,1,21,33,1,31,2,67,20,2,22,89
11/15/2013,RFD,IL,AGL,CE,Combined TRACON& Tower with Radar,25,3,30,5,63,0,4,46,0,50,25,7,76,5,113,52,0,52,165
11/16/2013,RFD,IL,AGL,CE,Combined TRACON& Tower with Radar,4,4,12,0,20,0,4,0,0,4,4,8,12,0,24,8,0,8,32
11/17/2013,RFD,IL,AGL,CE,Combined TRACON& Tower with Radar,8,5,7,0,20,0,0,2,0,2,8,5,9,0,22,6,0,6,28
11/18/2013,RFD,IL,AGL,CE,Combined TRACON& Tower with Radar,13,4,33,0,50,0,8,3,0,11,13,12,36,0,61,6,0,6,67
11/19/2013,RFD,IL,AGL,CE,Combined TRACON& Tower with Radar,28,1,24,1,54,0,0,39,0,39,28,1,63,1,93,54,0,54,147
11/20/2013,RFD,IL,AGL,CE,Combined TRACON& Tower with Radar,25,6,15,10,56,0,5,17,0,22,25,11,32,10,78,14,14,28,106
11/21/2013,RFD,IL,AGL,CE,Combined TRACON& Tower with Radar,35,11,25,0,71,0,2,7,0,9,35,13,32,0,80,10,0,10,90
11/22/2013,RFD,IL,AGL,CE,Combined TRACON& Tower with Radar,26,8,32,0,66,0,1,22,0,23,26,9,54,0,89,42,0,42,131
11/23/2013,RFD,IL,AGL,CE,Combined TRACON& Tower with Radar,4,4,13,0,21,0,3,11,0,14,4,7,24,0,35,16,0,16,51
11/24/2013,RFD,IL,AGL,CE,Combined TRACON& Tower with Radar,6,6,14,0,26,0,5,18,0,23,6,11,32,0,49,26,0,26,75
11/25/2013,RFD,IL,AGL,CE,Combined TRACON& Tower with Radar,17,0,8,0,25,0,0,1,0,1,17,0,9,0,26,16,0,16,42
11/26/2013,RFD,IL,AGL,CE,Combined TRACON& Tower with Radar,29,10,26,0,65,0,5,32,0,37,29,15,58,0,102,2,0,2,104
11/27/2013,RFD,IL,AGL,CE,Combined TRACON& Tower with Radar,37,5,22,7,71,0,3,21,0,24,37,8,43,7,95,82,18,100,195
11/28/2013,RFD,IL,AGL,CE,Combined TRACON& Tower with Radar,2,2,2,0,6,0,2,6,0,8,2,4,8,0,14,0,0,0,14
11/29/2013,RFD,IL,AGL,CE,Combined TRACON& Tower with Radar,1,0,15,0,16,0,2,27,0,29,1,2,42,0,45,52,0,52,97
11/30/2013,RFD,IL,AGL,CE,Combined TRACON& Tower with Radar,2,5,18,0,25,0,5,33,0,38,2,10,51,0,63,32,0,32,95
12/01/2013,RFD,IL,AGL,CE,Combined TRACON& Tower with Radar,6,4,26,0,36,0,5,22,0,27,6,9,48,0,63,72,0,72,135
12/02/2013,RFD,IL,AGL,CE,Combined TRACON& Tower with Radar,14,5,38,0,57,0,6,20,0,26,14,11,58,0,83,40,0,40,123
12/03/2013,RFD,IL,AGL,CE,Combined TRACON& Tower with Radar,28,4,17,0,49,0,0,0,0,0,28,4,17,0,49,8,0,8,57
12/04/2013,RFD,IL,AGL,CE,Combined TRACON& Tower with Radar,33,2,18,0,53,0,0,1,0,1,33,2,19,0,54,10,0,10,64
12/05/2013,RFD,IL,AGL,CE,Combined TRACON& Tower with Radar,32,2,34,0,68,0,3,29,0,32,32,5,63,0,100,4,0,4,104
12/06/2013,RFD,IL,AGL,CE,Combined TRACON& Tower with Radar,26,8,16,4,54,0,2,9,0,11,26,10,25,4,65,18,0,18,83
12/07/2013,RFD,IL,AGL,CE,Combined TRACON& Tower with Radar,11,1,24,0,36,0,8,17,0,25,11,9,41,0,61,78,0,78,139
12/08/2013,RFD,IL,AGL,CE,Combined TRACON& Tower with Radar,6,1,16,0,23,0,0,1,0,1,6,1,17,0,24,12,0,12,36
12/09/2013,RFD,IL,AGL,CE,Combined TRACON& Tower with Radar,15,0,7,0,22,0,0,9,0,9,15,0,16,0,31,10,0,10,41
12/10/2013,RFD,IL,AGL,CE,Combined TRACON& Tower with Radar,40,8,16,0,64,0,2,9,0,11,40,10,25,0,75,4,0,4,79
12/11/2013,RFD,IL,AGL,CE,Combined TRACON& Tower with Radar,45,8,8,0,61,0,0,6,0,6,45,8,14,0,67,4,0,4,71
12/12/2013,RFD,IL,AGL,CE,Combined TRACON& Tower with Radar,42,9,32,0,83,0,2,25,0,27,42,11,57,0,110,44,0,44,154
12/13/2013,RFD,IL,AGL,CE,Combined TRACON& Tower with Radar,34,4,9,0,47,0,0,10,0,10,34,4,19,0,57,6,0,6,63
12/14/2013,RFD,IL,AGL,CE,Combined TRACON& Tower with Radar,8,3,3,0,14,0,1,1,0,2,8,4,4,0,16,2,0,2,18
12/15/2013,RFD,IL,AGL,CE,Combined TRACON& Tower with Radar,10,2,14,0,26,0,2,16,0,18,10,4,30,0,44,14,0,14,58
12/16/2013,RFD,IL,AGL,CE,Combined TRACON& Tower with Radar,24,4,5,0,33,0,2,4,0,6,24,6,9,0,39,34,0,34,73
12/17/2013,RFD,IL,AGL,CE,Combined TRACON& Tower with Radar,61,16,15,0,92,0,0,6,0,6,61,16,21,0,98,2,0,2,100
12/18/2013,RFD,IL,AGL,CE,Combined TRACON& Tower with Radar,63,10,29,0,102,0,6,15,0,21,63,16,44,0,123,26,0,26,149
12/19/2013,RFD,IL,AGL,CE,Combined TRACON& Tower with Radar,78,11,25,0,114,0,2,14,0,16,78,13,39,0,130,22,0,22,152
12/20/2013,RFD,IL,AGL,CE,Combined TRACON& Tower with Radar,52,8,10,0,70,0,0,0,0,0,52,8,10,0,70,4,0,4,74
12/21/2013,RFD,IL,AGL,CE,Combined TRACON& Tower with Radar,26,4,0,0,30,0,0,0,0,0,26,4,0,0,30,0,0,0,30
12/22/2013,RFD,IL,AGL,CE,Combined TRACON& Tower with Radar,17,2,4,0,23,0,0,0,0,0,17,2,4,0,23,0,0,0,23
12/23/2013,RFD,IL,AGL,CE,Combined TRACON& Tower with Radar,13,1,8,9,31,0,4,11,0,15,13,5,19,9,46,12,0,12,58
12/24/2013,RFD,IL,AGL,CE,Combined TRACON& Tower with Radar,53,2,15,0,70,0,2,10,0,12,53,4,25,0,82,52,0,52,134
12/25/2013,RFD,IL,AGL,CE,Combined TRACON& Tower with Radar,0,3,3,0,6,0,0,1,0,1,0,3,4,0,7,0,0,0,7
12/26/2013,RFD,IL,AGL,CE,Combined TRACON& Tower with Radar,18,2,21,0,41,0,3,9,0,12,18,5,30,0,53,6,0,6,59
12/27/2013,RFD,IL,AGL,CE,Combined TRACON& Tower with Radar,34,3,25,0,62,0,3,26,0,29,34,6,51,0,91,12,0,12,103
12/28/2013,RFD,IL,AGL,CE,Combined TRACON& Tower with Radar,16,2,39,0,57,0,0,37,0,37,16,2,76,0,94,52,0,52,146
12/29/2013,RFD,IL,AGL,CE,Combined TRACON& Tower with Radar,9,2,4,0,15,0,1,2,0,3,9,3,6,0,18,0,0,0,18
12/30/2013,RFD,IL,AGL,CE,Combined TRACON& Tower with Radar,11,1,17,0,29,0,3,10,0,13,11,4,27,0,42,8,0,8,50
12/31/2013,RFD,IL,AGL,CE,Combined TRACON& Tower with Radar,24,1,6,0,31,0,2,6,0,8,24,3,12,0,39,14,0,14,53
01/01/2014,RFD,IL,AGL,CE,Combined TRACON& Tower with Radar,3,1,2,0,6,0,0,0,0,0,3,1,2,0,6,0,0,0,6
01/02/2014,RFD,IL,AGL,CE,Combined TRACON& Tower with Radar,25,2,1,0,28,0,0,7,0,7,25,2,8,0,35,0,0,0,35
01/03/2014,RFD,IL,AGL,CE,Combined TRACON& Tower with Radar,30,2,12,0,44,0,0,11,0,11,30,2,23,0,55,12,0,12,67
01/04/2014,RFD,IL,AGL,CE,Combined TRACON& Tower with Radar,10,1,5,0,16,0,0,0,0,0,10,1,5,0,16,0,0,0,16
01/05/2014,RFD,IL,AGL,CE,Combined TRACON& Tower with Radar,11,0,6,0,17,0,0,0,0,0,11,0,6,0,17,0,0,0,17
01/06/2014,RFD,IL,AGL,CE,Combined TRACON& Tower with Radar,12,0,3,0,15,0,0,2,0,2,12,0,5,0,17,0,0,0,17
01/07/2014,RFD,IL,AGL,CE,Combined TRACON& Tower with Radar,34,0,11,0,45,0,0,3,0,3,34,0,14,0,48,16,0,16,64
01/08/2014,RFD,IL,AGL,CE,Combined TRACON& Tower with Radar,35,7,16,0,58,0,2,10,0,12,35,9,26,0,70,18,0,18,88
01/09/2014,RFD,IL,AGL,CE,Combined TRACON& Tower with Radar,35,9,23,0,67,0,1,3,0,4,35,10,26,0,71,26,0,26,97
01/10/2014,RFD,IL,AGL,CE,Combined TRACON& Tower with Radar,26,1,5,0,32,0,0,0,0,0,26,1,5,0,32,0,0,0,32
01/11/2014,RFD,IL,AGL,CE,Combined TRACON& Tower with Radar,8,0,9,0,17,0,2,2,0,4,8,2,11,0,21,0,0,0,21
01/12/2014,RFD,IL,AGL,CE,Combined TRACON& Tower with Radar,9,7,26,0,42,0,4,10,0,14,9,11,36,0,56,40,0,40,96
01/13/2014,RFD,IL,AGL,CE,Combined TRACON& Tower with Radar,12,6,19,0,37,0,0,11,0,11,12,6,30,0,48,36,0,36,84
01/14/2014,RFD,IL,AGL,CE,Combined TRACON& Tower with Radar,30,0,6,4,40,0,0,0,0,0,30,0,6,4,40,0,0,0,40
01/15/2014,RFD,IL,AGL,CE,Combined TRACON& Tower with Radar,25,3,23,0,51,0,11,14,0,25,25,14,37,0,76,18,0,18,94
01/16/2014,RFD,IL,AGL,CE,Combined TRACON& Tower with Radar,36,1,1,5,43,0,0,0,0,0,36,1,1,5,43,2,6,8,51
01/17/2014,RFD,IL,AGL,CE,Combined TRACON& Tower with Radar,25,6,14,0,45,0,3,1,0,4,25,9,15,0,49,0,0,0,49
01/18/2014,RFD,IL,AGL,CE,Combined TRACON& Tower with Radar,7,2,3,0,12,0,0,1,0,1,7,2,4,0,13,0,0,0,13
01/19/2014,RFD,IL,AGL,CE,Combined TRACON& Tower with Radar,9,7,5,0,21,0,6,14,0,20,9,13,19,0,41,42,0,42,83
01/20/2014,RFD,IL,AGL,CE,Combined TRACON& Tower with Radar,7,2,25,0,34,0,2,18,0,20,7,4,43,0,54,12,0,12,66
01/21/2014,RFD,IL,AGL,CE,Combined TRACON& Tower with Radar,7,5,13,3,28,0,4,23,0,27,7,9,36,3,55,12,0,12,67
01/22/2014,RFD,IL,AGL,CE,Combined TRACON& Tower with Radar,33,4,20,0,57,0,2,2,0,4,33,6,22,0,61,8,0,8,69
01/23/2014,RFD,IL,AGL,CE,Combined TRACON& Tower with Radar,35,9,19,0,63,0,6,14,0,20,35,15,33,0,83,6,0,6,89
01/24/2014,RFD,IL,AGL,CE,Combined TRACON& Tower with Radar,28,2,4,0,34,0,4,4,0,8,28,6,8,0,42,2,0,2,44
01/25/2014,RFD,IL,AGL,CE,Combined TRACON& Tower with Radar,12,2,6,0,20,0,3,4,0,7,12,5,10,0,27,0,0,0,27
01/26/2014,RFD,IL,AGL,CE,Combined TRACON& Tower with Radar,9,3,11,0,23,0,4,3,0,7,9,7,14,0,30,16,0,16,46
01/27/2014,RFD,IL,AGL,CE,Combined TRACON& Tower with Radar,15,3,11,0,29,0,1,3,0,4,15,4,14,0,33,24,0,24,57
01/28/2014,RFD,IL,AGL,CE,Combined TRACON& Tower with Radar,29,7,6,0,42,0,0,8,0,8,29,7,14,0,50,4,0,4,54
01/29/2014,RFD,IL,AGL,CE,Combined TRACON& Tower with Radar,30,1,34,0,65,0,2,26,0,28,30,3,60,0,93,16,0,16,109
01/30/2014,RFD,IL,AGL,CE,Combined TRACON& Tower with Radar,38,12,11,0,61,0,3,3,0,6,38,15,14,0,67,0,0,0,67
01/31/2014,RFD,IL,AGL,CE,Combined TRACON& Tower with Radar,27,8,19,0,54,0,1,17,0,18,27,9,36,0,72,20,0,20,92
02/01/2014,RFD,IL,AGL,CE,Combined TRACON& Tower with Radar,10,6,0,0,16,0,0,0,0,0,10,6,0,0,16,0,0,0,16
02/02/2014,RFD,IL,AGL,CE,Combined TRACON& Tower with Radar,8,3,16,0,27,0,2,18,0,20,8,5,34,0,47,14,0,14,61
02/03/2014,RFD,IL,AGL,CE,Combined TRACON& Tower with Radar,15,1,26,0,42,0,6,16,0,22,15,7,42,0,64,32,0,32,96
02/04/2014,RFD,IL,AGL,CE,Combined TRACON& Tower with Radar,30,0,11,2,43,0,1,1,0,2,30,1,12,2,45,4,0,4,49
02/05/2014,RFD,IL,AGL,CE,Combined TRACON& Tower with Radar,31,0,9,0,40,0,2,5,0,7,31,2,14,0,47,0,0,0,47
02/06/2014,RFD,IL,AGL,CE,Combined TRACON& Tower with Radar,36,4,16,0,56,0,3,19,0,22,36,7,35,0,78,48,0,48,126
02/07/2014,RFD,IL,AGL,CE,Combined TRACON& Tower with Radar,24,5,18,6,53,0,0,25,0,25,24,5,43,6,78,22,8,30,108
02/08/2014,RFD,IL,AGL,CE,Combined TRACON& Tower with Radar,10,9,9,0,28,0,2,0,0,2,10,11,9,0,30,8,0,8,38
02/09/2014,RFD,IL,AGL,CE,Combined TRACON& Tower with Radar,10,2,5,0,17,0,1,13,0,14,10,3,18,0,31,10,0,10,41
02/10/2014,RFD,IL,AGL,CE,Combined TRACON& Tower with Radar,13,4,22,7,46,0,0,17,0,17,13,4,39,7,63,22,0,22,85
02/11/2014,RFD,IL,AGL,CE,Combined TRACON& Tower with Radar,30,0,14,0,44,0,2,10,0,12,30,2,24,0,56,6,0,6,62
02/12/2014,RFD,IL,AGL,CE,Combined TRACON& Tower with Radar,31,0,32,10,73,0,0,14,0,14,31,0,46,10,87,8,8,16,103
02/13/2014,RFD,IL,AGL,CE,Combined TRACON& Tower with Radar,35,5,20,4,64,0,4,16,0,20,35,9,36,4,84,8,12,20,104
02/14/2014,RFD,IL,AGL,CE,Combined TRACON& Tower with Radar,33,4,20,0,57,0,3,21,0,24,33,7,41,0,81,22,0,22,103
02/15/2014,RFD,IL,AGL,CE,Combined TRACON& Tower with Radar,7,6,15,0,28,0,3,16,0,19,7,9,31,0,47,34,0,34,81
02/16/2014,RFD,IL,AGL,CE,Combined TRACON& Tower with Radar,6,0,13,0,19,0,2,11,0,13,6,2,24,0,32,8,0,8,40
02/17/2014,RFD,IL,AGL,CE,Combined TRACON& Tower with Radar,14,6,7,0,27,0,0,1,0,1,14,6,8,0,28,0,0,0,28
02/18/2014,RFD,IL,AGL,CE,Combined TRACON& Tower with Radar,14,6,31,0,51,0,2,19,0,21,14,8,50,0,72,14,0,14,86
02/19/2014,RFD,IL,AGL,CE,Combined TRACON& Tower with Radar,34,0,25,0,59,0,12,32,0,44,34,12,57,0,103,42,0,42,145
02/20/2014,RFD,IL,AGL,CE,Combined TRACON& Tower with Radar,32,3,6,0,41,0,0,0,0,0,32,3,6,0,41,0,0,0,41
02/21/2014,RFD,IL,AGL,CE,Combined TRACON& Tower with Radar,34,3,6,0,43,0,0,3,0,3,34,3,9,0,46,0,0,0,46
02/22/2014,RFD,IL,AGL,CE,Combined TRACON& Tower with Radar,10,2,33,2,47,0,0,34,2,36,10,2,67,4,83,108,0,108,191
02/23/2014,RFD,IL,AGL,CE,Combined TRACON& Tower with Radar,5,2,7,0,14,0,0,8,0,8,5,2,15,0,22,30,0,30,52
02/24/2014,RFD,IL,AGL,CE,Combined TRACON& Tower with Radar,23,5,17,0,45,0,2,19,0,21,23,7,36,0,66,0,0,0,66
02/25/2014,RFD,IL,AGL,CE,Combined TRACON& Tower with Radar,25,2,22,1,50,0,6,9,0,15,25,8,31,1,65,10,0,10,75
02/26/2014,RFD,IL,AGL,CE,Combined TRACON& Tower with Radar,36,3,15,6,60,0,2,11,0,13,36,5,26,6,73,4,12,16,89
02/27/2014,RFD,IL,AGL,CE,Combined TRACON& Tower with Radar,36,1,19,0,56,0,4,4,0,8,36,5,23,0,64,2,0,2,66
02/28/2014,RFD,IL,AGL,CE,Combined TRACON& Tower with Radar,32,4,15,0,51,0,1,9,0,10,32,5,24,0,61,24,0,24,85
03/01/2014,RFD,IL,AGL,CE,Combined TRACON& Tower with Radar,10,2,19,0,31,0,2,6,0,8,10,4,25,0,39,34,0,34,73
03/02/2014,RFD,IL,AGL,CE,Combined TRACON& Tower with Radar,6,3,3,0,12,0,3,1,0,4,6,6,4,0,16,6,0,6,22
03/03/2014,RFD,IL,AGL,CE,Combined TRACON& Tower with Radar,18,5,9,0,32,0,9,12,0,21,18,14,21,0,53,10,0,10,63
03/04/2014,RFD,IL,AGL,CE,Combined TRACON& Tower with Radar,29,2,14,0,45,0,2,8,0,10,29,4,22,0,55,2,0,2,57
03/05/2014,RFD,IL,AGL,CE,Combined TRACON& Tower with Radar,35,3,14,0,52,0,0,1,0,1,35,3,15,0,53,4,0,4,57
03/06/2014,RFD,IL,AGL,CE,Combined TRACON& Tower with Radar,34,2,30,0,66,0,0,18,0,18,34,2,48,0,84,54,0,54,138
03/07/2014,RFD,IL,AGL,CE,Combined TRACON& Tower with Radar,28,7,16,2,53,0,4,14,0,18,28,11,30,2,71,40,0,40,111
03/08/2014,RFD,IL,AGL,CE,Combined TRACON& Tower with Radar,12,0,12,0,24,0,2,8,0,10,12,2,20,0,34,30,0,30,64
03/09/2014,RFD,IL,AGL,CE,Combined TRACON& Tower with Radar,7,1,18,0,26,1,1,21,0,23,8,2,39,0,49,18,0,18,67
03/10/2014,RFD,IL,AGL,CE,Combined TRACON& Tower with Radar,16,2,18,2,38,0,1,14,3,18,16,3,32,5,56,18,0,18,74
03/11/2014,RFD,IL,AGL,CE,Combined TRACON& Tower with Radar,28,2,9,0,39,0,0,3,0,3,28,2,12,0,42,6,0,6,48
03/12/2014,RFD,IL,AGL,CE,Combined TRACON& Tower with Radar,32,3,24,0,59,0,0,3,0,3,32,3,27,0,62,16,0,16,78
03/13/2014,RFD,IL,AGL,CE,Combined TRACON& Tower with Radar,35,1,28,4,68,0,0,26,0,26,35,1,54,4,94,42,0,42,136
03/14/2014,RFD,IL,AGL,CE,Combined TRACON& Tower with Radar,32,0,22,2,56,0,0,23,2,25,32,0,45,4,81,34,8,42,123
03/15/2014,RFD,IL,AGL,CE,Combined TRACON& Tower with Radar,14,0,43,0,57,0,0,32,0,32,14,0,75,0,89,90,0,90,179
03/16/2014,RFD,IL,AGL,CE,Combined TRACON& Tower with Radar,6,3,7,0,16,0,2,8,0,10,6,5,15,0,26,0,0,0,26
03/17/2014,RFD,IL,AGL,CE,Combined TRACON& Tower with Radar,25,2,18,1,46,0,1,13,1,15,25,3,31,2,61,0,0,0,61
03/18/2014,RFD,IL,AGL,CE,Combined TRACON& Tower with Radar,31,7,39,1,78,0,0,12,3,15,31,7,51,4,93,38,4,42,135
03/19/2014,RFD,IL,AGL,CE,Combined TRACON& Tower with Radar,37,7,3,1,48,0,0,0,1,1,37,7,3,2,49,6,0,6,55
03/20/2014,RFD,IL,AGL,CE,Combined TRACON& Tower with Radar,37,0,25,2,64,0,1,37,3,41,37,1,62,5,105,66,0,66,171
03/21/2014,RFD,IL,AGL,CE,Combined TRACON& Tower with Radar,30,6,12,0,48,0,0,23,0,23,30,6,35,0,71,36,0,36,107
03/22/2014,RFD,IL,AGL,CE,Combined TRACON& Tower with Radar,17,2,31,0,50,0,0,24,0,24,17,2,55,0,74,44,0,44,118
03/23/2014,RFD,IL,AGL,CE,Combined TRACON& Tower with Radar,8,0,27,0,35,0,0,20,0,20,8,0,47,0,55,53,0,53,108
03/24/2014,RFD,IL,AGL,CE,Combined TRACON& Tower with Radar,19,3,28,2,52,0,0,22,2,24,19,3,50,4,76,50,0,50,126
03/25/2014,RFD,IL,AGL,CE,Combined TRACON& Tower with Radar,36,5,20,2,63,0,0,15,2,17,36,5,35,4,80,34,0,34,114
03/26/2014,RFD,IL,AGL,CE,Combined TRACON& Tower with Radar,33,0,43,0,76,0,2,34,1,37,33,2,77,1,113,60,0,60,173
03/27/2014,RFD,IL,AGL,CE,Combined TRACON& Tower with Radar,31,3,10,1,45,0,1,0,0,1,31,4,10,1,46,4,0,4,50
03/28/2014,RFD,IL,AGL,CE,Combined TRACON& Tower with Radar,30,3,14,1,48,0,2,17,2,21,30,5,31,3,69,46,0,46,115
03/29/2014,RFD,IL,AGL,CE,Combined TRACON& Tower with Radar,17,9,43,1,70,0,0,29,0,29,17,9,72,1,99,68,0,68,167
03/30/2014,RFD,IL,AGL,CE,Combined TRACON& Tower with Radar,6,3,37,1,47,0,0,40,1,41,6,3,77,2,88,62,0,62,150
03/31/2014,RFD,IL,AGL,CE,Combined TRACON& Tower with Radar,19,6,7,2,34,0,0,3,2,5,19,6,10,4,39,8,0,8,47
04/01/2014,RFD,IL,AGL,CE,Combined TRACON& Tower with Radar,30,0,28,0,58,0,2,8,2,12,30,2,36,2,70,16,0,16,86
04/02/2014,RFD,IL,AGL,CE,Combined TRACON& Tower with Radar,35,0,22,12,69,0,4,4,2,10,35,4,26,14,79,14,16,30,109
04/03/2014,RFD,IL,AGL,CE,Combined TRACON& Tower with Radar,33,2,13,0,48,0,0,0,0,0,33,2,13,0,48,0,0,0,48
04/04/2014,RFD,IL,AGL,CE,Combined TRACON& Tower with Radar,39,1,5,1,46,0,0,1,2,3,39,1,6,3,49,4,0,4,53
04/05/2014,RFD,IL,AGL,CE,Combined TRACON& Tower with Radar,12,5,19,1,37,0,0,59,0,59,12,5,78,1,96,79,0,79,175
04/06/2014,RFD,IL,AGL,CE,Combined TRACON& Tower with Radar,6,7,24,0,37,0,0,24,0,24,6,7,48,0,61,48,0,48,109
04/07/2014,RFD,IL,AGL,CE,Combined TRACON& Tower with Radar,17,2,14,2,35,0,2,12,2,16,17,4,26,4,51,16,0,16,67
04/08/2014,RFD,IL,AGL,CE,Combined TRACON& Tower with Radar,30,2,40,7,79,0,0,29,3,32,30,2,69,10,111,46,18,64,175
04/09/2014,RFD,IL,AGL,CE,Combined TRACON& Tower with Radar,30,3,24,1,58,0,2,34,2,38,30,5,58,3,96,22,0,22,118
04/10/2014,RFD,IL,AGL,CE,Combined TRACON& Tower with Radar,31,5,25,0,61,0,2,17,0,19,31,7,42,0,80,28,0,28,108
04/11/2014,RFD,IL,AGL,CE,Combined TRACON& Tower with Radar,27,6,38,10,81,0,4,41,3,48,27,10,79,13,129,50,4,54,183
04/12/2014,RFD,IL,AGL,CE,Combined TRACON& Tower with Radar,12,0,8,2,22,0,0,3,4,7,12,0,11,6,29,4,0,4,33
04/13/2014,RFD,IL,AGL,CE,Combined TRACON& Tower with Radar,6,2,16,1,25,0,0,0,1,1,6,2,16,2,26,12,0,12,38
04/14/2014,RFD,IL,AGL,CE,Combined TRACON& Tower with Radar,17,5,16,1,39,0,0,2,1,3,17,5,18,2,42,0,0,0,42
04/15/2014,RFD,IL,AGL,CE,Combined TRACON& Tower with Radar,27,3,18,2,50,0,0,28,2,30,27,3,46,4,80,66,0,66,146
04/16/2014,RFD,IL,AGL,CE,Combined TRACON& Tower with Radar,30,0,22,3,55,0,0,12,2,14,30,0,34,5,69,52,8,60,129
04/17/2014,RFD,IL,AGL,CE,Combined TRACON& Tower with Radar,30,3,15,1,49,0,0,17,1,18,30,3,32,2,67,24,0,24,91
04/18/2014,RFD,IL,AGL,CE,Combined TRACON& Tower with Radar,28,1,32,4,65,0,0,40,2,42,28,1,72,6,107,38,0,38,145
04/19/2014,RFD,IL,AGL,CE,Combined TRACON& Tower with Radar,8,0,21,1,30,0,2,15,1,18,8,2,36,2,48,68,0,68,116
04/20/2014,RFD,IL,AGL,CE,Combined TRACON& Tower with Radar,6,0,8,1,15,0,0,15,1,16,6,0,23,2,31,12,0,12,43
04/21/2014,RFD,IL,AGL,CE,Combined TRACON& Tower with Radar,17,1,23,3,44,0,0,17,4,21,17,1,40,7,65,12,0,12,77
04/22/2014,RFD,IL,AGL,CE,Combined TRACON& Tower with Radar,28,5,35,12,80,0,0,45,1,46,28,5,80,13,126,66,4,70,196
04/23/2014,RFD,IL,AGL,CE,Combined TRACON& Tower with Radar,25,2,32,13,72,0,0,36,1,37,25,2,68,14,109,44,8,52,161
04/24/2014,RFD,IL,AGL,CE,Combined TRACON& Tower with Radar,34,3,11,1,49,0,2,5,4,11,34,5,16,5,60,12,0,12,72
04/25/2014,RFD,IL,AGL,CE,Combined TRACON& Tower with Radar,26,9,20,2,57,0,0,25,2,27,26,9,45,4,84,50,0,50,134
04/26/2014,RFD,IL,AGL,CE,Combined TRACON& Tower with Radar,10,3,29,2,44,0,6,36,2,44,10,9,65,4,88,56,0,56,144
04/27/2014,RFD,IL,AGL,CE,Combined TRACON& Tower with Radar,7,4,9,1,21,0,0,5,1,6,7,4,14,2,27,6,0,6,33
04/28/2014,RFD,IL,AGL,CE,Combined TRACON& Tower with Radar,14,2,24,0,40,0,0,3,0,3,14,2,27,0,43,32,0,32,75
04/29/2014,RFD,IL,AGL,CE,Combined TRACON& Tower with Radar,51,11,19,2,83,0,0,1,1,2,51,11,20,3,85,10,0,10,95
04/30/2014,RFD,IL,AGL,CE,Combined TRACON& Tower with Radar,25,2,39,0,66,0,10,6,0,16,25,12,45,0,82,20,0,20,102
05/01/2014,RFD,IL,AGL,CE,Combined TRACON& Tower with Radar,33,2,20,3,58,0,0,2,3,5,33,2,22,6,63,0,0,0,63
05/02/2014,RFD,IL,AGL,CE,Combined TRACON& Tower with Radar,29,8,31,7,75,0,0,9,0,9,29,8,40,7,84,26,0,26,110
05/03/2014,RFD,IL,AGL,CE,Combined TRACON& Tower with Radar,4,1,15,1,21,0,4,24,3,31,4,5,39,4,52,62,0,62,114
05/04/2014,RFD,IL,AGL,CE,Combined TRACON& Tower with Radar,2,2,21,2,27,0,0,30,2,32,2,2,51,4,59,34,0,34,93
05/05/2014,RFD,IL,AGL,CE,Combined TRACON& Tower with Radar,17,3,33,0,53,0,1,27,0,28,17,4,60,0,81,16,0,16,97
05/06/2014,RFD,IL,AGL,CE,Combined TRACON& Tower with Radar,28,2,28,3,61,0,1,27,1,29,28,3,55,4,90,58,2,60,150
05/07/2014,RFD,IL,AGL,CE,Combined TRACON& Tower with Radar,28,0,38,1,67,0,0,8,1,9,28,0,46,2,76,70,0,70,146
05/08/2014,RFD,IL,AGL,CE,Combined TRACON& Tower with Radar,28,5,23,4,60,0,0,13,2,15,28,5,36,6,75,38,0,38,113
05/09/2014,RFD,IL,AGL,CE,Combined TRACON& Tower with Radar,30,5,13,1,49,0,3,14,1,18,30,8,27,2,67,42,0,42,109
05/10/2014,RFD,IL,AGL,CE,Combined TRACON& Tower with Radar,4,1,39,2,46,0,0,44,2,46,4,1,83,4,92,52,0,52,144
05/11/2014,RFD,IL,AGL,CE,Combined TRACON& Tower with Radar,3,4,14,0,21,0,0,10,0,10,3,4,24,0,31,34,0,34,65
05/12/2014,RFD,IL,AGL,CE,Combined TRACON& Tower with Radar,23,3,27,2,55,0,0,2,0,2,23,3,29,2,57,6,0,6,63
05/13/2014,RFD,IL,AGL,CE,Combined TRACON& Tower with Radar,41,2,44,4,91,0,0,5,1,6,41,2,49,5,97,6,0,6,103
05/14/2014,RFD,IL,AGL,CE,Combined TRACON& Tower with Radar,28,3,38,2,71,0,10,41,2,53,28,13,79,4,124,68,0,68,192
05/15/2014,RFD,IL,AGL,CE,Combined TRACON& Tower with Radar,31,10,23,1,65,0,0,21,2,23,31,10,44,3,88,40,0,40,128
05/16/2014,RFD,IL,AGL,CE,Combined TRACON& Tower with Radar,29,7,14,2,52,0,0,25,1,26,29,7,39,3,78,22,0,22,100
05/17/2014,RFD,IL,AGL,CE,Combined TRACON& Tower with Radar,7,0,36,2,45,0,0,59,2,61,7,0,95,4,106,60,0,60,166
05/18/2014,RFD,IL,AGL,CE,Combined TRACON& Tower with Radar,5,1,16,3,25,0,1,31,1,33,5,2,47,4,58,10,0,10,68
05/19/2014,RFD,IL,AGL,CE,Combined TRACON& Tower with Radar,16,2,31,0,49,0,0,14,0,14,16,2,45,0,63,34,0,34,97
05/20/2014,RFD,IL,AGL,CE,Combined TRACON& Tower with Radar,29,8,42,1,80,0,0,19,1,20,29,8,61,2,100,28,0,28,128
05/21/2014,RFD,IL,AGL,CE,Combined TRACON& Tower with Radar,36,5,23,2,66,0,0,42,2,44,36,5,65,4,110,98,0,98,208
05/22/2014,RFD,IL,AGL,CE,Combined TRACON& Tower with Radar,29,6,47,1,83,0,3,41,1,45,29,9,88,2,128,38,0,38,166
05/23/2014,RFD,IL,AGL,CE,Combined TRACON& Tower with Radar,27,8,22,2,59,0,0,29,2,31,27,8,51,4,90,22,0,22,112
05/24/2014,RFD,IL,AGL,CE,Combined TRACON& Tower with Radar,5,4,15,3,27,0,0,23,3,26,5,4,38,6,53,26,0,26,79
05/25/2014,RFD,IL,AGL,CE,Combined TRACON& Tower with Radar,4,3,11,2,20,0,0,16,2,18,4,3,27,4,38,18,0,18,56
05/26/2014,RFD,IL,AGL,CE,Combined TRACON& Tower with Radar,8,2,13,2,25,0,1,26,2,29,8,3,39,4,54,44,0,44,98
05/27/2014,RFD,IL,AGL,CE,Combined TRACON& Tower with Radar,12,4,31,3,50,0,0,21,5,26,12,4,52,8,76,6,0,6,82
05/28/2014,RFD,IL,AGL,CE,Combined TRACON& Tower with Radar,34,0,22,0,56,0,1,11,0,12,34,1,33,0,68,10,0,10,78
05/29/2014,RFD,IL,AGL,CE,Combined TRACON& Tower with Radar,30,10,28,2,70,0,0,21,0,21,30,10,49,2,91,32,0,32,123
05/30/2014,RFD,IL,AGL,CE,Combined TRACON& Tower with Radar,29,21,32,19,101,0,1,38,3,42,29,22,70,22,143,74,8,82,225
05/31/2014,RFD,IL,AGL,CE,Combined TRACON& Tower with Radar,7,3,24,3,37,0,1,33,3,37,7,4,57,6,74,6,0,6,80
06/01/2014,RFD,IL,AGL,CE,Combined TRACON& Tower with Radar,4,11,18,1,34,0,0,7,0,7,4,11,25,1,41,6,0,6,47
06/02/2014,RFD,IL,AGL,CE,Combined TRACON& Tower with Radar,18,10,16,1,45,0,3,11,1,15,18,13,27,2,60,4,0,4,64
06/03/2014,RFD,IL,AGL,CE,Combined TRACON& Tower with Radar,34,4,25,2,65,0,0,39,2,41,34,4,64,4,106,54,0,54,160
06/04/2014,RFD,IL,AGL,CE,Combined TRACON& Tower with Radar,31,3,33,5,72,0,0,12,2,14,31,3,45,7,86,32,12,44,130
06/05/2014,RFD,IL,AGL,CE,Combined TRACON& Tower with Radar,32,3,22,9,66,0,0,48,1,49,32,3,70,10,115,64,0,64,179
06/06/2014,RFD,IL,AGL,CE,Combined TRACON& Tower with Radar,27,2,13,5,47,0,0,15,3,18,27,2,28,8,65,12,0,12,77
06/07/2014,RFD,IL,AGL,CE,Combined TRACON& Tower with Radar,9,1,7,2,19,0,4,28,22,54,9,5,35,24,73,22,0,22,95
06/08/2014,RFD,IL,AGL,CE,Combined TRACON& Tower with Radar,1,2,13,18,34,0,1,41,1,43,1,3,54,19,77,14,0,14,91
06/09/2014,RFD,IL,AGL,CE,Combined TRACON& Tower with Radar,21,3,30,12,66,0,0,62,4,66,21,3,92,16,132,74,20,94,226
06/10/2014,RFD,IL,AGL,CE,Combined TRACON& Tower with Radar,27,6,33,4,70,0,0,8,0,8,27,6,41,4,78,12,0,12,90
06/11/2014,RFD,IL,AGL,CE,Combined TRACON& Tower with Radar,32,5,28,3,68,0,8,9,2,19,32,13,37,5,87,14,0,14,101
06/12/2014,RFD,IL,AGL,CE,Combined TRACON& Tower with Radar,31,2,23,0,56,0,0,17,0,17,31,2,40,0,73,16,0,16,89
06/13/2014,RFD,IL,AGL,CE,Combined TRACON& Tower with Radar,26,4,35,2,67,0,0,49,2,51,26,4,84,4,118,96,0,96,214
06/14/2014,RFD,IL,AGL,CE,Combined TRACON& Tower with Radar,7,0,21,1,29,0,0,15,1,16,7,0,36,2,45,78,0,78,123
06/15/2014,RFD,IL,AGL,CE,Combined TRACON& Tower with Radar,3,3,13,2,21,0,0,2,2,4,3,3,15,4,25,8,0,8,33
06/16/2014,RFD,IL,AGL,CE,Combined TRACON& Tower with Radar,18,15,46,2,81,0,1,48,2,51,18,16,94,4,132,92,0,92,224
06/17/2014,RFD,IL,AGL,CE,Combined TRACON& Tower with Radar,26,8,35,1,70,0,6,28,3,37,26,14,63,4,107,14,0,14,121
06/18/2014,RFD,IL,AGL,CE,Combined TRACON& Tower with Radar,34,27,22,2,85,0,0,9,2,11,34,27,31,4,96,8,0,8,104
06/19/2014,RFD,IL,AGL,CE,Combined TRACON& Tower with Radar,33,8,31,0,72,0,1,4,0,5,33,9,35,0,77,18,0,18,95
06/20/2014,RFD,IL,AGL,CE,Combined TRACON& Tower with Radar,30,10,39,1,80,0,1,17,1,19,30,11,56,2,99,80,0,80,179
06/21/2014,RFD,IL,AGL,CE,Combined TRACON& Tower with Radar,15,4,28,2,49,0,2,8,0,10,15,6,36,2,59,12,0,12,71
06/22/2014,RFD,IL,AGL,CE,Combined TRACON& Tower with Radar,3,1,20,1,25,0,0,19,2,21,3,1,39,3,46,86,0,86,132
06/23/2014,RFD,IL,AGL,CE,Combined TRACON& Tower with Radar,18,6,22,1,47,0,0,17,0,17,18,6,39,1,64,14,0,14,78
06/24/2014,RFD,IL,AGL,CE,Combined TRACON& Tower with Radar,39,4,44,3,90,0,2,32,3,37,39,6,76,6,127,58,0,58,185
06/25/2014,RFD,IL,AGL,CE,Combined TRACON& Tower with Radar,30,4,24,1,59,0,9,11,1,21,30,13,35,2,80,18,0,18,98
06/26/2014,RFD,IL,AGL,CE,Combined TRACON& Tower with Radar,37,3,42,1,83,0,0,12,2,14,37,3,54,3,97,18,0,18,115
06/27/2014,RFD,IL,AGL,CE,Combined TRACON& Tower with Radar,28,2,31,3,64,0,0,30,4,34,28,2,61,7,98,24,0,24,122
06/28/2014,RFD,IL,AGL,CE,Combined TRACON& Tower with Radar,11,1,18,4,34,0,0,8,3,11,11,1,26,7,45,38,0,38,83
06/29/2014,RFD,IL,AGL,CE,Combined TRACON& Tower with Radar,2,0,30,0,32,0,4,14,0,18,2,4,44,0,50,28,0,28,78
06/30/2014,RFD,IL,AGL,CE,Combined TRACON& Tower with Radar,21,6,15,3,45,0,2,11,3,16,21,8,26,6,61,10,0,10,71
07/01/2014,RFD,IL,AGL,CE,Combined TRACON& Tower with Radar,31,5,12,1,49,0,0,12,1,13,31,5,24,2,62,4,0,4,66
07/02/2014,RFD,IL,AGL,CE,Combined TRACON& Tower with Radar,28,5,30,2,65,0,1,10,1,12,28,6,40,3,77,14,0,14,91
07/03/2014,RFD,IL,AGL,CE,Combined TRACON& Tower with Radar,26,6,27,3,62,0,2,36,4,42,26,8,63,7,104,36,0,36,140
07/04/2014,RFD,IL,AGL,CE,Combined TRACON& Tower with Radar,10,0,10,5,25,0,0,44,4,48,10,0,54,9,73,40,0,40,113
07/05/2014,RFD,IL,AGL,CE,Combined TRACON& Tower with Radar,7,1,8,2,18,0,0,10,2,12,7,1,18,4,30,26,0,26,56
07/06/2014,RFD,IL,AGL,CE,Combined TRACON& Tower with Radar,6,3,25,0,34,0,2,8,1,11,6,5,33,1,45,22,0,22,67
07/07/2014,RFD,IL,AGL,CE,Combined TRACON& Tower with Radar,14,3,22,0,39,0,2,23,1,26,14,5,45,1,65,24,0,24,89
07/08/2014,RFD,IL,AGL,CE,Combined TRACON& Tower with Radar,29,4,18,3,54,0,0,10,2,12,29,4,28,5,66,22,0,22,88
07/09/2014,RFD,IL,AGL,CE,Combined TRACON& Tower with Radar,41,5,24,2,72,0,5,55,2,62,41,10,79,4,134,56,0,56,190
07/10/2014,RFD,IL,AGL,CE,Combined TRACON& Tower with Radar,29,2,40,1,72,0,5,52,1,58,29,7,92,2,130,64,0,64,194
07/11/2014,RFD,IL,AGL,CE,Combined TRACON& Tower with Radar,27,6,21,9,63,0,0,23,1,24,27,6,44,10,87,24,0,24,111
07/12/2014,RFD,IL,AGL,CE,Combined TRACON& Tower with Radar,6,0,15,3,24,0,0,5,3,8,6,0,20,6,32,36,0,36,68
07/13/2014,RFD,IL,AGL,CE,Combined TRACON& Tower with Radar,4,5,26,3,38,0,0,21,3,24,4,5,47,6,62,27,0,27,89
07/14/2014,RFD,IL,AGL,CE,Combined TRACON& Tower with Radar,15,0,21,1,37,0,1,24,1,26,15,1,45,2,63,0,0,0,63
07/15/2014,RFD,IL,AGL,CE,Combined TRACON& Tower with Radar,31,3,24,1,59,0,2,19,1,22,31,5,43,2,81,66,0,66,147
07/16/2014,RFD,IL,AGL,CE,Combined TRACON& Tower with Radar,31,7,37,8,83,0,1,56,1,58,31,8,93,9,141,12,10,22,163
07/17/2014,RFD,IL,AGL,CE,Combined TRACON& Tower with Radar,28,5,31,2,66,0,1,49,2,52,28,6,80,4,118,34,0,34,152
07/18/2014,RFD,IL,AGL,CE,Combined TRACON& Tower with Radar,30,0,21,5,56,0,0,45,6,51,30,0,66,11,107,24,10,34,141
07/19/2014,RFD,IL,AGL,CE,Combined TRACON& Tower with Radar,6,2,11,2,21,0,2,28,2,32,6,4,39,4,53,24,0,24,77
07/20/2014,RFD,IL,AGL,CE,Combined TRACON& Tower with Radar,2,2,20,2,26,0,0,15,2,17,2,2,35,4,43,22,0,22,65
07/21/2014,RFD,IL,AGL,CE,Combined TRACON& Tower with Radar,16,3,36,3,58,0,5,20,4,29,16,8,56,7,87,34,0,34,121
07/22/2014,RFD,IL,AGL,CE,Combined TRACON& Tower with Radar,27,2,8,1,38,0,0,14,1,15,27,2,22,2,53,12,0,12,65
07/23/2014,RFD,IL,AGL,CE,Combined TRACON& Tower with Radar,28,5,25,14,72,0,2,43,0,45,28,7,68,14,117,44,0,44,161
07/24/2014,RFD,IL,AGL,CE,Combined TRACON& Tower with Radar,29,3,33,4,69,0,0,54,2,56,29,3,87,6,125,76,0,76,201
07/25/2014,RFD,IL,AGL,CE,Combined TRACON& Tower with Radar,26,10,66,1,103,0,3,67,1,71,26,13,133,2,174,68,0,68,242
07/26/2014,RFD,IL,AGL,CE,Combined TRACON& Tower with Radar,5,4,31,2,42,0,1,30,2,33,5,5,61,4,75,12,0,12,87
07/27/2014,RFD,IL,AGL,CE,Combined TRACON& Tower with Radar,2,3,18,4,27,0,0,25,4,29,2,3,43,8,56,10,0,10,66
07/28/2014,RFD,IL,AGL,CE,Combined TRACON& Tower with Radar,16,7,10,2,35,0,0,25,2,27,16,7,35,4,62,14,0,14,76
07/29/2014,RFD,IL,AGL,CE,Combined TRACON& Tower with Radar,29,5,31,0,65,0,1,18,0,19,29,6,49,0,84,36,0,36,120
07/30/2014,RFD,IL,AGL,CE,Combined TRACON& Tower with Radar,36,6,37,2,81,0,1,31,2,34,36,7,68,4,115,16,0,16,131
07/31/2014,RFD,IL,AGL,CE,Combined TRACON& Tower with Radar,29,1,30,1,61,0,2,24,1,27,29,3,54,2,88,24,0,24,112
08/01/2014,RFD,IL,AGL,CE,Combined TRACON& Tower with Radar,32,8,16,5,61,0,2,21,3,26,32,10,37,8,87,8,0,8,95
08/02/2014,RFD,IL,AGL,CE,Combined TRACON& Tower with Radar,5,3,13,3,24,0,1,23,3,27,5,4,36,6,51,12,0,12,63
08/03/2014,RFD,IL,AGL,CE,Combined TRACON& Tower with Radar,5,2,26,3,36,0,0,24,3,27,5,2,50,6,63,44,0,44,107
08/04/2014,RFD,IL,AGL,CE,Combined TRACON& Tower with Radar,15,8,12,1,36,0,0,19,1,20,15,8,31,2,56,22,0,22,78
08/05/2014,RFD,IL,AGL,CE,Combined TRACON& Tower with Radar,33,3,24,1,61,0,1,21,0,22,33,4,45,1,83,108,0,108,191
08/06/2014,RFD,IL,AGL,CE,Combined TRACON& Tower with Radar,31,8,22,1,62,0,1,31,1,33,31,9,53,2,95,54,0,54,149
08/07/2014,RFD,IL,AGL,CE,Combined TRACON& Tower with Radar,36,6,38,5,85,0,1,32,6,39,36,7,70,11,124,6,14,20,144
08/08/2014,RFD,IL,AGL,CE,Combined TRACON& Tower with Radar,35,5,18,15,73,0,0,20,3,23,35,5,38,18,96,6,16,22,118
08/09/2014,RFD,IL,AGL,CE,Combined TRACON& Tower with Radar,6,4,16,2,28,0,6,27,2,35,6,10,43,4,63,12,0,12,75
08/10/2014,RFD,IL,AGL,CE,Combined TRACON& Tower with Radar,4,0,28,1,33,0,0,25,1,26,4,0,53,2,59,18,0,18,77
08/11/2014,RFD,IL,AGL,CE,Combined TRACON& Tower with Radar,20,1,9,1,31,0,2,14,1,17,20,3,23,2,48,0,0,0,48
08/12/2014,RFD,IL,AGL,CE,Combined TRACON& Tower with Radar,32,7,13,3,55,0,0,14,1,15,32,7,27,4,70,10,0,10,80
08/13/2014,RFD,IL,AGL,CE,Combined TRACON& Tower with Radar,29,3,26,16,74,0,2,65,1,68,29,5,91,17,142,40,14,54,196
08/14/2014,RFD,IL,AGL,CE,Combined TRACON& Tower with Radar,33,7,28,3,71,0,2,43,3,48,33,9,71,6,119,30,2,32,151
08/15/2014,RFD,IL,AGL,CE,Combined TRACON& Tower with Radar,25,2,33,1,61,0,0,21,1,22,25,2,54,2,83,6,0,6,89
08/16/2014,RFD,IL,AGL,CE,Combined TRACON& Tower with Radar,6,2,29,2,39,0,2,23,1,26,6,4,52,3,65,20,0,20,85
08/17/2014,RFD,IL,AGL,CE,Combined TRACON& Tower with Radar,6,0,26,0,32,0,0,5,1,6,6,0,31,1,38,6,0,6,44
08/18/2014,RFD,IL,AGL,CE,Combined TRACON& Tower with Radar,5,6,27,1,39,0,1,24,0,25,5,7,51,1,64,14,0,14,78
08/19/2014,RFD,IL,AGL,CE,Combined TRACON& Tower with Radar,17,8,24,4,53,0,0,10,4,14,17,8,34,8,67,22,0,22,89
08/20/2014,RFD,IL,AGL,CE,Combined TRACON& Tower with Radar,27,2,20,2,51,0,2,31,3,36,27,4,51,5,87,22,0,22,109
08/21/2014,RFD,IL,AGL,CE,Combined TRACON& Tower with Radar,30,1,14,4,49,0,0,5,2,7,30,1,19,6,56,4,0,4,60
08/22/2014,RFD,IL,AGL,CE,Combined TRACON& Tower with Radar,24,12,9,3,48,0,0,15,2,17,24,12,24,5,65,12,0,12,77
08/23/2014,RFD,IL,AGL,CE,Combined TRACON& Tower with Radar,18,10,6,0,34,0,0,2,0,2,18,10,8,0,36,32,0,32,68
08/24/2014,RFD,IL,AGL,CE,Combined TRACON& Tower with Radar,8,1,29,8,46,0,2,26,1,29,8,3,55,9,75,40,0,40,115
08/25/2014,RFD,IL,AGL,CE,Combined TRACON& Tower with Radar,19,5,18,0,42,0,3,5,0,8,19,8,23,0,50,0,0,0,50
08/26/2014,RFD,IL,AGL,CE,Combined TRACON& Tower with Radar,35,5,18,2,60,0,3,24,1,28,35,8,42,3,88,10,0,10,98
08/27/2014,RFD,IL,AGL,CE,Combined TRACON& Tower with Radar,32,18,30,5,85,0,2,35,4,41,32,20,65,9,126,26,0,26,152
08/28/2014,RFD,IL,AGL,CE,Combined TRACON& Tower with Radar,37,20,32,1,90,0,2,27,1,30,37,22,59,2,120,26,0,26,146
08/29/2014,RFD,IL,AGL,CE,Combined TRACON& Tower with Radar,22,26,14,1,63,0,5,13,1,19,22,31,27,2,82,16,0,16,98
08/30/2014,RFD,IL,AGL,CE,Combined TRACON& Tower with Radar,11,12,20,1,44,0,0,7,2,9,11,12,27,3,53,14,0,14,67
08/31/2014,RFD,IL,AGL,CE,Combined TRACON& Tower with Radar,6,2,9,2,19,0,0,12,2,14,6,2,21,4,33,12,0,12,45
09/01/2014,RFD,IL,AGL,CE,Combined TRACON& Tower with Radar,2,2,20,2,26,0,0,11,2,13,2,2,31,4,39,2,0,2,41
09/02/2014,RFD,IL,AGL,CE,Combined TRACON& Tower with Radar,9,5,22,1,37,0,3,29,1,33,9,8,51,2,70,44,0,44,114
09/03/2014,RFD,IL,AGL,CE,Combined TRACON& Tower with Radar,26,1,29,16,72,0,5,29,1,35,26,6,58,17,107,14,4,18,125
09/04/2014,RFD,IL,AGL,CE,Combined TRACON& Tower with Radar,33,3,12,1,49,0,0,4,1,5,33,3,16,2,54,26,0,26,80
09/05/2014,RFD,IL,AGL,CE,Combined TRACON& Tower with Radar,31,1,21,10,63,0,1,14,2,17,31,2,35,12,80,10,6,16,96
09/06/2014,RFD,IL,AGL,CE,Combined TRACON& Tower with Radar,4,1,21,5,31,0,0,33,1,34,4,1,54,6,65,32,0,32,97
09/07/2014,RFD,IL,AGL,CE,Combined TRACON& Tower with Radar,7,1,23,3,34,0,0,33,4,37,7,1,56,7,71,0,0,0,71
09/08/2014,RFD,IL,AGL,CE,Combined TRACON& Tower with Radar,12,6,20,2,40,0,5,27,3,35,12,11,47,5,75,26,0,26,101
09/09/2014,RFD,IL,AGL,CE,Combined TRACON& Tower with Radar,27,3,14,2,46,0,2,13,5,20,27,5,27,7,66,0,0,0,66
09/10/2014,RFD,IL,AGL,CE,Combined TRACON& Tower with Radar,26,5,13,7,51,0,0,1,1,2,26,5,14,8,53,24,4,28,81
09/11/2014,RFD,IL,AGL,CE,Combined TRACON& Tower with Radar,37,8,47,1,93,0,1,23,1,25,37,9,70,2,118,8,0,8,126
09/12/2014,RFD,IL,AGL,CE,Combined TRACON& Tower with Radar,27,2,26,4,59,0,0,7,4,11,27,2,33,8,70,12,0,12,82
09/13/2014,RFD,IL,AGL,CE,Combined TRACON& Tower with Radar,6,1,15,1,23,0,5,24,1,30,6,6,39,2,53,16,0,16,69
09/14/2014,RFD,IL,AGL,CE,Combined TRACON& Tower with Radar,18,4,23,2,47,0,2,27,3,32,18,6,50,5,79,34,0,34,113
09/15/2014,RFD,IL,AGL,CE,Combined TRACON& Tower with Radar,10,2,20,7,39,0,0,9,0,9,10,2,29,7,48,20,0,20,68
09/16/2014,RFD,IL,AGL,CE,Combined TRACON& Tower with Radar,28,0,20,3,51,0,2,36,4,42,28,2,56,7,93,36,8,44,137
09/17/2014,RFD,IL,AGL,CE,Combined TRACON& Tower with Radar,25,2,33,4,64,0,2,35,4,41,25,4,68,8,105,60,0,60,165
09/18/2014,RFD,IL,AGL,CE,Combined TRACON& Tower with Radar,36,9,32,2,79,0,1,31,2,34,36,10,63,4,113,12,0,12,125
09/19/2014,RFD,IL,AGL,CE,Combined TRACON& Tower with Radar,23,1,28,1,53,0,0,30,1,31,23,1,58,2,84,16,0,16,100
09/20/2014,RFD,IL,AGL,CE,Combined TRACON& Tower with Radar,4,0,14,2,20,0,0,15,2,17,4,0,29,4,37,20,0,20,57
09/21/2014,RFD,IL,AGL,CE,Combined TRACON& Tower with Radar,8,3,13,1,25,0,0,17,1,18,8,3,30,2,43,0,0,0,43
09/22/2014,RFD,IL,AGL,CE,Combined TRACON& Tower with Radar,9,0,13,1,23,0,1,33,1,35,9,1,46,2,58,14,0,14,72
09/23/2014,RFD,IL,AGL,CE,Combined TRACON& Tower with Radar,37,4,26,3,70,0,0,35,3,38,37,4,61,6,108,30,2,32,140
09/24/2014,RFD,IL,AGL,CE,Combined TRACON& Tower with Radar,27,7,22,1,57,0,2,29,1,32,27,9,51,2,89,6,0,6,95
09/25/2014,RFD,IL,AGL,CE,Combined TRACON& Tower with Radar,36,7,24,2,69,0,3,54,2,59,36,10,78,4,128,28,0,28,156
09/26/2014,RFD,IL,AGL,CE,Combined TRACON& Tower with Radar,26,3,11,1,41,0,0,29,3,32,26,3,40,4,73,14,0,14,87
09/27/2014,RFD,IL,AGL,CE,Combined TRACON& Tower with Radar,14,6,13,1,34,0,2,50,1,53,14,8,63,2,87,18,0,18,105
09/28/2014,RFD,IL,AGL,CE,Combined TRACON& Tower with Radar,7,4,8,1,20,0,0,27,2,29,7,4,35,3,49,22,0,22,71
09/29/2014,RFD,IL,AGL,CE,Combined TRACON& Tower with Radar,8,3,11,4,26,0,0,28,3,31,8,3,39,7,57,6,0,6,63
09/30/2014,RFD,IL,AGL,CE,Combined TRACON& Tower with Radar,27,4,15,1,47,1,2,23,1,27,28,6,38,2,74,40,0,40,114
10/01/2014,RFD,IL,AGL,CE,Combined TRACON& Tower with Radar,28,5,23,4,60,0,2,33,2,37,28,7,56,6,97,26,12,38,135
10/02/2014,RFD,IL,AGL,CE,Combined TRACON& Tower with Radar,15,19,9,0,43,2,1,3,0,6,17,20,12,0,49,30,0,30,79
10/03/2014,RFD,IL,AGL,CE,Combined TRACON& Tower with Radar,7,15,21,2,45,0,1,6,2,9,7,16,27,4,54,18,0,18,72
10/04/2014,RFD,IL,AGL,CE,Combined TRACON& Tower with Radar,4,2,7,2,15,0,0,15,2,17,4,2,22,4,32,24,0,24,56
10/05/2014,RFD,IL,AGL,CE,Combined TRACON& Tower with Radar,7,0,5,3,15,0,0,15,3,18,7,0,20,6,33,12,0,12,45
10/06/2014,RFD,IL,AGL,CE,Combined TRACON& Tower with Radar,9,4,12,1,26,0,0,10,1,11,9,4,22,2,37,6,0,6,43
10/07/2014,RFD,IL,AGL,CE,Combined TRACON& Tower with Radar,24,15,10,2,51,0,4,17,2,23,24,19,27,4,74,8,0,8,82
10/08/2014,RFD,IL,AGL,CE,Combined TRACON& Tower with Radar,25,9,12,3,49,0,2,32,1,35,25,11,44,4,84,16,0,16,100
10/09/2014,RFD,IL,AGL,CE,Combined TRACON& Tower with Radar,31,2,10,2,45,0,4,19,1,24,31,6,29,3,69,14,0,14,83
10/10/2014,RFD,IL,AGL,CE,Combined TRACON& Tower with Radar,21,3,10,2,36,0,0,24,1,25,21,3,34,3,61,34,0,34,95
10/11/2014,RFD,IL,AGL,CE,Combined TRACON& Tower with Radar,4,4,4,2,14,0,0,324,1,325,4,4,328,3,339,24,0,24,363
10/12/2014,RFD,IL,AGL,CE,Combined TRACON& Tower with Radar,6,2,6,6,20,0,0,20,4,24,6,2,26,10,44,0,0,0,44
10/13/2014,RFD,IL,AGL,CE,Combined TRACON& Tower with Radar,9,0,21,0,30,0,0,0,0,0,9,0,21,0,30,2,0,2,32
10/14/2014,RFD,IL,AGL,CE,Combined TRACON& Tower with Radar,29,7,13,1,50,0,0,1,1,2,29,7,14,2,52,0,0,0,52
10/15/2014,RFD,IL,AGL,CE,Combined TRACON& Tower with Radar,26,8,36,0,70,0,0,0,0,0,26,8,36,0,70,0,0,0,70
10/16/2014,RFD,IL,AGL,CE,Combined TRACON& Tower with Radar,34,4,33,1,72,0,6,8,1,15,34,10,41,2,87,0,0,0,87
10/17/2014,RFD,IL,AGL,CE,Combined TRACON& Tower with Radar,23,10,10,1,44,0,4,27,3,34,23,14,37,4,78,2,0,2,80
10/18/2014,RFD,IL,AGL,CE,Combined TRACON& Tower with Radar,5,0,18,3,26,0,0,13,2,15,5,0,31,5,41,2,0,2,43
10/19/2014,RFD,IL,AGL,CE,Combined TRACON& Tower with Radar,5,6,16,2,29,0,0,17,2,19,5,6,33,4,48,48,0,48,96
10/20/2014,RFD,IL,AGL,CE,Combined TRACON& Tower with Radar,13,11,30,3,57,0,2,20,3,25,13,13,50,6,82,22,0,22,104
10/21/2014,RFD,IL,AGL,CE,Combined TRACON& Tower with Radar,25,4,18,3,50,0,2,23,3,28,25,6,41,6,78,18,6,24,102
10/22/2014,RFD,IL,AGL,CE,Combined TRACON& Tower with Radar,27,5,22,11,65,0,3,49,4,56,27,8,71,15,121,94,24,118,239
10/23/2014,RFD,IL,AGL,CE,Combined TRACON& Tower with Radar,35,4,17,4,60,0,0,9,1,10,35,4,26,5,70,8,0,8,78
10/24/2014,RFD,IL,AGL,CE,Combined TRACON& Tower with Radar,23,4,22,0,49,0,0,24,0,24,23,4,46,0,73,32,0,32,105
10/25/2014,RFD,IL,AGL,CE,Combined TRACON& Tower with Radar,4,6,12,0,22,0,2,32,0,34,4,8,44,0,56,20,0,20,76
10/26/2014,RFD,IL,AGL,CE,Combined TRACON& Tower with Radar,6,7,15,3,31,0,0,29,2,31,6,7,44,5,62,34,0,34,96
10/27/2014,RFD,IL,AGL,CE,Combined TRACON& Tower with Radar,14,6,18,4,42,0,0,19,1,20,14,6,37,5,62,8,0,8,70
10/28/2014,RFD,IL,AGL,CE,Combined TRACON& Tower with Radar,26,5,20,2,53,0,0,13,2,15,26,5,33,4,68,10,0,10,78
10/29/2014,RFD,IL,AGL,CE,Combined TRACON& Tower with Radar,27,1,18,1,47,0,0,26,1,27,27,1,44,2,74,12,0,12,86
10/30/2014,RFD,IL,AGL,CE,Combined TRACON& Tower with Radar,35,2,21,2,60,0,1,31,2,34,35,3,52,4,94,28,0,28,122
10/31/2014,RFD,IL,AGL,CE,Combined TRACON& Tower with Radar,24,5,7,2,38,0,0,4,2,6,24,5,11,4,44,0,0,0,44
11/01/2014,RFD,IL,AGL,CE,Combined TRACON& Tower with Radar,5,3,15,2,25,0,4,27,2,33,5,7,42,4,58,16,0,16,74
11/02/2014,RFD,IL,AGL,CE,Combined TRACON& Tower with Radar,6,1,16,3,26,0,1,31,3,35,6,2,47,6,61,8,0,8,69
11/03/2014,RFD,IL,AGL,CE,Combined TRACON& Tower with Radar,13,9,17,1,40,0,3,20,1,24,13,12,37,2,64,0,0,0,64
11/04/2014,RFD,IL,AGL,CE,Combined TRACON& Tower with Radar,26,2,10,1,39,0,0,5,1,6,26,2,15,2,45,18,0,18,63
11/05/2014,RFD,IL,AGL,CE,Combined TRACON& Tower with Radar,28,2,15,2,47,0,0,26,2,28,28,2,41,4,75,50,0,50,125
11/06/2014,RFD,IL,AGL,CE,Combined TRACON& Tower with Radar,33,4,4,1,42,0,1,6,1,8,33,5,10,2,50,0,0,0,50
11/07/2014,RFD,IL,AGL,CE,Combined TRACON& Tower with Radar,25,3,41,2,71,0,0,40,2,42,25,3,81,4,113,28,0,28,141
11/08/2014,RFD,IL,AGL,CE,Combined TRACON& Tower with Radar,4,4,10,2,20,0,1,19,2,22,4,5,29,4,42,68,0,68,110
11/09/2014,RFD,IL,AGL,CE,Combined TRACON& Tower with Radar,8,5,16,2,31,0,3,17,3,23,8,8,33,5,54,2,0,2,56
11/10/2014,RFD,IL,AGL,CE,Combined TRACON& Tower with Radar,13,1,12,2,28,0,0,14,1,15,13,1,26,3,43,4,0,4,47
11/11/2014,RFD,IL,AGL,CE,Combined TRACON& Tower with Radar,33,2,10,1,46,0,0,0,1,1,33,2,10,2,47,0,0,0,47
11/12/2014,RFD,IL,AGL,CE,Combined TRACON& Tower with Radar,27,2,15,1,45,0,1,27,1,29,27,3,42,2,74,78,0,78,152
11/13/2014,RFD,IL,AGL,CE,Combined TRACON& Tower with Radar,34,6,26,2,68,0,1,11,2,14,34,7,37,4,82,32,0,32,114
11/14/2014,RFD,IL,AGL,CE,Combined TRACON& Tower with Radar,24,0,11,4,39,0,0,23,4,27,24,0,34,8,66,50,0,50,116
11/15/2014,RFD,IL,AGL,CE,Combined TRACON& Tower with Radar,6,3,17,2,28,0,2,19,2,23,6,5,36,4,51,24,0,24,75
11/16/2014,RFD,IL,AGL,CE,Combined TRACON& Tower with Radar,6,1,3,0,10,0,0,0,0,0,6,1,3,0,10,0,0,0,10
11/17/2014,RFD,IL,AGL,CE,Combined TRACON& Tower with Radar,18,0,11,1,30,0,0,5,1,6,18,0,16,2,36,0,0,0,36
11/18/2014,RFD,IL,AGL,CE,Combined TRACON& Tower with Radar,26,10,18,1,55,0,0,15,2,17,26,10,33,3,72,8,0,8,80
11/19/2014,RFD,IL,AGL,CE,Combined TRACON& Tower with Radar,28,3,18,0,49,0,1,8,0,9,28,4,26,0,58,0,0,0,58
11/20/2014,RFD,IL,AGL,CE,Combined TRACON& Tower with Radar,32,12,23,4,71,0,0,10,2,12,32,12,33,6,83,2,0,2,85
11/21/2014,RFD,IL,AGL,CE,Combined TRACON& Tower with Radar,26,6,33,2,67,0,0,39,2,41,26,6,72,4,108,4,0,4,112
11/22/2014,RFD,IL,AGL,CE,Combined TRACON& Tower with Radar,8,0,18,0,26,0,0,1,0,1,8,0,19,0,27,6,0,6,33
11/23/2014,RFD,IL,AGL,CE,Combined TRACON& Tower with Radar,4,2,21,0,27,0,0,0,0,0,4,2,21,0,27,16,0,16,43
11/24/2014,RFD,IL,AGL,CE,Combined TRACON& Tower with Radar,19,2,6,0,27,0,0,0,0,0,19,2,6,0,27,0,0,0,27
11/25/2014,RFD,IL,AGL,CE,Combined TRACON& Tower with Radar,49,2,30,4,85,0,0,21,4,25,49,2,51,8,110,24,0,24,134
11/26/2014,RFD,IL,AGL,CE,Combined TRACON& Tower with Radar,39,1,11,10,61,0,0,7,0,7,39,1,18,10,68,22,0,22,90
11/27/2014,RFD,IL,AGL,CE,Combined TRACON& Tower with Radar,4,1,3,0,8,0,0,1,0,1,4,1,4,0,9,0,0,0,9
11/28/2014,RFD,IL,AGL,CE,Combined TRACON& Tower with Radar,6,2,5,1,14,0,0,6,1,7,6,2,11,2,21,22,0,22,43
11/29/2014,RFD,IL,AGL,CE,Combined TRACON& Tower with Radar,3,4,13,0,20,0,0,17,0,17,3,4,30,0,37,48,0,48,85
11/30/2014,RFD,IL,AGL,CE,Combined TRACON& Tower with Radar,6,0,8,1,15,0,0,0,1,1,6,0,8,2,16,0,0,0,16
12/01/2014,RFD,IL,AGL,CE,Combined TRACON& Tower with Radar,20,4,11,2,37,0,2,17,3,22,20,6,28,5,59,30,0,30,89
12/02/2014,RFD,IL,AGL,CE,Combined TRACON& Tower with Radar,42,8,14,2,66,0,0,12,1,13,42,8,26,3,79,2,0,2,81
12/03/2014,RFD,IL,AGL,CE,Combined TRACON& Tower with Radar,42,12,18,1,73,0,2,21,2,25,42,14,39,3,98,14,0,14,112
12/04/2014,RFD,IL,AGL,CE,Combined TRACON& Tower with Radar,49,6,19,2,76,0,3,32,2,37,49,9,51,4,113,22,0,22,135
12/05/2014,RFD,IL,AGL,CE,Combined TRACON& Tower with Radar,35,12,14,0,61,0,0,1,0,1,35,12,15,0,62,0,0,0,62
12/06/2014,RFD,IL,AGL,CE,Combined TRACON& Tower with Radar,9,0,17,2,28,0,0,14,2,16,9,0,31,4,44,12,0,12,56
12/07/2014,RFD,IL,AGL,CE,Combined TRACON& Tower with Radar,8,4,11,2,25,0,0,16,2,18,8,4,27,4,43,18,0,18,61
12/08/2014,RFD,IL,AGL,CE,Combined TRACON& Tower with Radar,19,4,8,0,31,0,0,0,0,0,19,4,8,0,31,0,0,0,31
12/09/2014,RFD,IL,AGL,CE,Combined TRACON& Tower with Radar,41,12,28,5,86,0,0,5,1,6,41,12,33,6,92,34,0,34,126
12/10/2014,RFD,IL,AGL,CE,Combined TRACON& Tower with Radar,48,1,12,5,66,0,0,8,2,10,48,1,20,7,76,16,10,26,102
12/11/2014,RFD,IL,AGL,CE,Combined TRACON& Tower with Radar,48,6,33,0,87,0,3,18,0,21,48,9,51,0,108,30,2,32,140
12/12/2014,RFD,IL,AGL,CE,Combined TRACON& Tower with Radar,35,3,4,0,42,0,0,0,0,0,35,3,4,0,42,0,0,0,42
12/13/2014,RFD,IL,AGL,CE,Combined TRACON& Tower with Radar,8,5,11,0,24,0,0,0,0,0,8,5,11,0,24,6,0,6,30
12/14/2014,RFD,IL,AGL,CE,Combined TRACON& Tower with Radar,6,2,12,0,20,0,0,0,0,0,6,2,12,0,20,16,0,16,36
12/15/2014,RFD,IL,AGL,CE,Combined TRACON& Tower with Radar,22,4,16,0,42,0,0,1,0,1,22,4,17,0,43,0,0,0,43
12/16/2014,RFD,IL,AGL,CE,Combined TRACON& Tower with Radar,62,1,10,0,73,0,0,4,0,4,62,1,14,0,77,0,0,0,77
12/17/2014,RFD,IL,AGL,CE,Combined TRACON& Tower with Radar,64,10,35,2,111,0,0,10,2,12,64,10,45,4,123,52,0,52,175
12/18/2014,RFD,IL,AGL,CE,Combined TRACON& Tower with Radar,61,8,22,9,100,0,2,22,3,27,61,10,44,12,127,14,8,22,149
12/19/2014,RFD,IL,AGL,CE,Combined TRACON& Tower with Radar,52,3,22,1,78,0,0,17,1,18,52,3,39,2,96,62,0,62,158
12/20/2014,RFD,IL,AGL,CE,Combined TRACON& Tower with Radar,26,1,4,0,31,0,1,7,1,9,26,2,11,1,40,34,0,34,74
12/21/2014,RFD,IL,AGL,CE,Combined TRACON& Tower with Radar,23,0,6,1,30,0,0,2,1,3,23,0,8,2,33,38,0,38,71
12/22/2014,RFD,IL,AGL,CE,Combined TRACON& Tower with Radar,55,2,6,0,63,0,0,5,0,5,55,2,11,0,68,0,0,0,68
12/23/2014,RFD,IL,AGL,CE,Combined TRACON& Tower with Radar,70,0,23,0,93,0,0,11,1,12,70,0,34,1,105,0,0,0,105
12/24/2014,RFD,IL,AGL,CE,Combined TRACON& Tower with Radar,55,0,3,0,58,0,0,0,0,0,55,0,3,0,58,0,0,0,58
12/25/2014,RFD,IL,AGL,CE,Combined TRACON& Tower with Radar,6,1,2,2,11,0,0,6,1,7,6,1,8,3,18,10,0,10,28
12/26/2014,RFD,IL,AGL,CE,Combined TRACON& Tower with Radar,13,2,48,1,64,0,0,50,0,50,13,2,98,1,114,76,0,76,190
12/27/2014,RFD,IL,AGL,CE,Combined TRACON& Tower with Radar,8,0,8,0,16,0,0,1,0,1,8,0,9,0,17,0,0,0,17
12/28/2014,RFD,IL,AGL,CE,Combined TRACON& Tower with Radar,10,2,18,2,32,0,0,29,2,31,10,2,47,4,63,34,0,34,97
12/29/2014,RFD,IL,AGL,CE,Combined TRACON& Tower with Radar,20,1,25,4,50,0,0,14,2,16,20,1,39,6,66,36,0,36,102
12/30/2014,RFD,IL,AGL,CE,Combined TRACON& Tower with Radar,43,0,20,2,65,0,0,9,2,11,43,0,29,4,76,0,0,0,76
12/31/2014,RFD,IL,AGL,CE,Combined TRACON& Tower with Radar,35,1,4,0,40,0,0,14,0,14,35,1,18,0,54,28,0,28,82
01/01/2015,RFD,IL,AGL,CE,Combined TRACON& Tower with Radar,7,1,6,0,14,0,0,7,0,7,7,1,13,0,21,0,0,0,21
01/02/2015,RFD,IL,AGL,CE,Combined TRACON& Tower with Radar,11,11,27,1,50,0,0,39,1,40,11,11,66,2,90,56,0,56,146
01/03/2015,RFD,IL,AGL,CE,Combined TRACON& Tower with Radar,11,0,3,0,14,0,0,0,0,0,11,0,3,0,14,0,0,0,14
01/04/2015,RFD,IL,AGL,CE,Combined TRACON& Tower with Radar,11,1,0,0,12,0,0,0,0,0,11,1,0,0,12,0,0,0,12
01/05/2015,RFD,IL,AGL,CE,Combined TRACON& Tower with Radar,11,3,5,1,20,0,0,2,1,3,11,3,7,2,23,0,0,0,23
01/06/2015,RFD,IL,AGL,CE,Combined TRACON& Tower with Radar,24,1,6,7,38,0,0,9,0,9,24,1,15,7,47,10,0,10,57
01/07/2015,RFD,IL,AGL,CE,Combined TRACON& Tower with Radar,32,0,2,0,34,0,0,0,0,0,32,0,2,0,34,0,0,0,34
01/08/2015,RFD,IL,AGL,CE,Combined TRACON& Tower with Radar,32,2,6,0,40,0,0,0,0,0,32,2,6,0,40,0,0,0,40
01/09/2015,RFD,IL,AGL,CE,Combined TRACON& Tower with Radar,32,2,7,0,41,0,0,2,1,3,32,2,9,1,44,16,0,16,60
01/10/2015,RFD,IL,AGL,CE,Combined TRACON& Tower with Radar,9,1,2,2,14,0,0,6,1,7,9,1,8,3,21,2,0,2,23
01/11/2015,RFD,IL,AGL,CE,Combined TRACON& Tower with Radar,9,1,11,1,22,0,0,19,1,20,9,1,30,2,42,14,0,14,56
01/12/2015,RFD,IL,AGL,CE,Combined TRACON& Tower with Radar,13,3,19,1,36,0,2,18,2,22,13,5,37,3,58,58,0,58,116
01/13/2015,RFD,IL,AGL,CE,Combined TRACON& Tower with Radar,30,6,21,2,59,0,0,15,1,16,30,6,36,3,75,46,0,46,121
01/14/2015,RFD,IL,AGL,CE,Combined TRACON& Tower with Radar,28,2,22,5,57,0,2,23,4,29,28,4,45,9,86,54,0,54,140
01/15/2015,RFD,IL,AGL,CE,Combined TRACON& Tower with Radar,35,3,15,2,55,0,4,36,2,42,35,7,51,4,97,34,0,34,131
01/16/2015,RFD,IL,AGL,CE,Combined TRACON& Tower with Radar,26,3,18,1,48,0,1,18,2,21,26,4,36,3,69,34,0,34,103
01/17/2015,RFD,IL,AGL,CE,Combined TRACON& Tower with Radar,7,1,12,2,22,0,0,16,1,17,7,1,28,3,39,20,0,20,59
01/18/2015,RFD,IL,AGL,CE,Combined TRACON& Tower with Radar,9,0,13,2,24,0,0,14,2,16,9,0,27,4,40,70,0,70,110
01/19/2015,RFD,IL,AGL,CE,Combined TRACON& Tower with Radar,7,5,24,1,37,0,4,12,1,17,7,9,36,2,54,38,0,38,92
01/20/2015,RFD,IL,AGL,CE,Combined TRACON& Tower with Radar,12,2,9,0,23,0,0,0,0,0,12,2,9,0,23,0,0,0,23
01/21/2015,RFD,IL,AGL,CE,Combined TRACON& Tower with Radar,26,3,13,4,46,0,0,0,0,0,26,3,13,4,46,8,2,10,56
01/22/2015,RFD,IL,AGL,CE,Combined TRACON& Tower with Radar,32,1,14,1,48,0,0,1,1,2,32,1,15,2,50,0,0,0,50
01/23/2015,RFD,IL,AGL,CE,Combined TRACON& Tower with Radar,28,10,11,16,65,0,1,8,4,13,28,11,19,20,78,6,8,14,92
01/24/2015,RFD,IL,AGL,CE,Combined TRACON& Tower with Radar,9,1,32,2,44,0,0,27,2,29,9,1,59,4,73,24,0,24,97
01/25/2015,RFD,IL,AGL,CE,Combined TRACON& Tower with Radar,9,1,4,2,16,0,0,1,2,3,9,1,5,4,19,4,0,4,23
01/26/2015,RFD,IL,AGL,CE,Combined TRACON& Tower with Radar,16,3,19,0,38,0,0,1,0,1,16,3,20,0,39,0,0,0,39
01/27/2015,RFD,IL,AGL,CE,Combined TRACON& Tower with Radar,26,4,20,5,55,0,2,6,0,8,26,6,26,5,63,34,0,34,97
01/28/2015,RFD,IL,AGL,CE,Combined TRACON& Tower with Radar,32,9,19,2,62,0,2,19,2,23,32,11,38,4,85,16,8,24,109
01/29/2015,RFD,IL,AGL,CE,Combined TRACON& Tower with Radar,32,5,19,0,56,0,0,1,0,1,32,5,20,0,57,4,0,4,61
01/30/2015,RFD,IL,AGL,CE,Combined TRACON& Tower with Radar,31,0,25,21,77,0,6,37,2,45,31,6,62,23,122,60,36,96,218
01/31/2015,RFD,IL,AGL,CE,Combined TRACON& Tower with Radar,7,2,28,4,41,0,2,45,3,50,7,4,73,7,91,40,0,40,131
02/01/2015,RFD,IL,AGL,CE,Combined TRACON& Tower with Radar,4,0,1,0,5,0,0,0,0,0,4,0,1,0,5,0,0,0,5
02/02/2015,RFD,IL,AGL,CE,Combined TRACON& Tower with Radar,18,2,13,2,35,0,0,4,2,6,18,2,17,4,41,18,0,18,59
02/03/2015,RFD,IL,AGL,CE,Combined TRACON& Tower with Radar,29,2,7,0,38,0,0,0,0,0,29,2,7,0,38,6,0,6,44
02/04/2015,RFD,IL,AGL,CE,Combined TRACON& Tower with Radar,29,0,27,1,57,0,2,5,1,8,29,2,32,2,65,18,0,18,83
02/05/2015,RFD,IL,AGL,CE,Combined TRACON& Tower with Radar,34,1,12,1,48,0,0,15,0,15,34,1,27,1,63,4,0,4,67
02/06/2015,RFD,IL,AGL,CE,Combined TRACON& Tower with Radar,26,5,21,3,55,0,0,27,2,29,26,5,48,5,84,60,0,60,144
02/07/2015,RFD,IL,AGL,CE,Combined TRACON& Tower with Radar,9,1,18,2,30,0,0,25,2,27,9,1,43,4,57,60,0,60,117
02/08/2015,RFD,IL,AGL,CE,Combined TRACON& Tower with Radar,8,1,3,0,12,0,0,0,0,0,8,1,3,0,12,0,0,0,12
02/09/2015,RFD,IL,AGL,CE,Combined TRACON& Tower with Radar,12,0,29,0,41,0,0,25,0,25,12,0,54,0,66,52,0,52,118
02/10/2015,RFD,IL,AGL,CE,Combined TRACON& Tower with Radar,29,0,31,2,62,0,0,25,3,28,29,0,56,5,90,54,0,54,144
02/11/2015,RFD,IL,AGL,CE,Combined TRACON& Tower with Radar,29,9,13,1,52,0,1,13,0,14,29,10,26,1,66,14,0,14,80
02/12/2015,RFD,IL,AGL,CE,Combined TRACON& Tower with Radar,40,1,13,0,54,0,0,13,0,13,40,1,26,0,67,10,0,10,77
02/13/2015,RFD,IL,AGL,CE,Combined TRACON& Tower with Radar,26,5,10,3,44,0,2,10,2,14,26,7,20,5,58,32,0,32,90
02/14/2015,RFD,IL,AGL,CE,Combined TRACON& Tower with Radar,10,1,2,2,15,0,0,7,1,8,10,1,9,3,23,0,0,0,23
02/15/2015,RFD,IL,AGL,CE,Combined TRACON& Tower with Radar,8,0,11,0,19,0,0,17,0,17,8,0,28,0,36,24,0,24,60
02/16/2015,RFD,IL,AGL,CE,Combined TRACON& Tower with Radar,9,2,27,1,39,0,0,19,1,20,9,2,46,2,59,14,0,14,73
02/17/2015,RFD,IL,AGL,CE,Combined TRACON& Tower with Radar,10,2,17,2,31,0,0,17,2,19,10,2,34,4,50,16,0,16,66
02/18/2015,RFD,IL,AGL,CE,Combined TRACON& Tower with Radar,33,1,20,1,55,0,0,2,1,3,33,1,22,2,58,10,0,10,68
02/19/2015,RFD,IL,AGL,CE,Combined TRACON& Tower with Radar,31,6,23,0,60,0,2,6,0,8,31,8,29,0,68,38,0,38,106
02/20/2015,RFD,IL,AGL,CE,Combined TRACON& Tower with Radar,29,4,18,0,51,0,0,3,0,3,29,4,21,0,54,26,0,26,80
02/21/2015,RFD,IL,AGL,CE,Combined TRACON& Tower with Radar,11,0,11,1,23,0,0,12,1,13,11,0,23,2,36,20,0,20,56
02/22/2015,RFD,IL,AGL,CE,Combined TRACON& Tower with Radar,8,1,18,0,27,0,0,8,0,8,8,1,26,0,35,4,0,4,39
02/23/2015,RFD,IL,AGL,CE,Combined TRACON& Tower with Radar,13,4,9,3,29,0,0,11,3,14,13,4,20,6,43,4,0,4,47
02/24/2015,RFD,IL,AGL,CE,Combined TRACON& Tower with Radar,28,3,9,5,45,0,0,5,3,8,28,3,14,8,53,0,0,0,53
02/25/2015,RFD,IL,AGL,CE,Combined TRACON& Tower with Radar,34,1,16,0,51,0,0,8,0,8,34,1,24,0,59,12,0,12,71
02/26/2015,RFD,IL,AGL,CE,Combined TRACON& Tower with Radar,36,3,20,2,61,0,0,9,0,9,36,3,29,2,70,22,0,22,92
02/27/2015,RFD,IL,AGL,CE,Combined TRACON& Tower with Radar,28,2,28,1,59,0,0,23,1,24,28,2,51,2,83,34,0,34,117
02/28/2015,RFD,IL,AGL,CE,Combined TRACON& Tower with Radar,8,0,39,2,49,0,0,17,2,19,8,0,56,4,68,38,0,38,106
03/01/2015,RFD,IL,AGL,CE,Combined TRACON& Tower with Radar,13,1,12,0,26,0,0,10,0,10,13,1,22,0,36,14,0,14,50
03/02/2015,RFD,IL,AGL,CE,Combined TRACON& Tower with Radar,15,1,26,1,43,0,2,28,2,32,15,3,54,3,75,34,0,34,109
03/03/2015,RFD,IL,AGL,CE,Combined TRACON& Tower with Radar,24,1,5,2,32,0,0,0,1,1,24,1,5,3,33,0,0,0,33
03/04/2015,RFD,IL,AGL,CE,Combined TRACON& Tower with Radar,34,3,12,2,51,0,0,9,2,11,34,3,21,4,62,2,0,2,64
03/05/2015,RFD,IL,AGL,CE,Combined TRACON& Tower with Radar,40,4,20,7,71,0,0,26,1,27,40,4,46,8,98,14,2,16,114
03/06/2015,RFD,IL,AGL,CE,Combined TRACON& Tower with Radar,35,5,20,3,63,0,0,34,2,36,35,5,54,5,99,42,0,42,141
03/07/2015,RFD,IL,AGL,CE,Combined TRACON& Tower with Radar,11,0,20,2,33,0,0,33,3,36,11,0,53,5,69,44,0,44,113
03/08/2015,RFD,IL,AGL,CE,Combined TRACON& Tower with Radar,12,0,27,0,39,0,0,21,0,21,12,0,48,0,60,16,0,16,76
03/09/2015,RFD,IL,AGL,CE,Combined TRACON& Tower with Radar,13,3,25,1,42,0,0,28,1,29,13,3,53,2,71,16,0,16,87
03/10/2015,RFD,IL,AGL,CE,Combined TRACON& Tower with Radar,35,0,4,0,39,0,0,0,0,0,35,0,4,0,39,0,0,0,39
03/11/2015,RFD,IL,AGL,CE,Combined TRACON& Tower with Radar,33,2,23,2,60,0,2,28,2,32,33,4,51,4,92,32,0,32,124
03/12/2015,RFD,IL,AGL,CE,Combined TRACON& Tower with Radar,36,7,37,2,82,0,0,47,3,50,36,7,84,5,132,22,0,22,154
03/13/2015,RFD,IL,AGL,CE,Combined TRACON& Tower with Radar,29,5,41,1,76,0,0,32,1,33,29,5,73,2,109,34,0,34,143
03/14/2015,RFD,IL,AGL,CE,Combined TRACON& Tower with Radar,18,1,20,2,41,0,2,19,2,23,18,3,39,4,64,26,0,26,90
03/15/2015,RFD,IL,AGL,CE,Combined TRACON& Tower with Radar,12,3,24,1,40,0,2,22,1,25,12,5,46,2,65,38,0,38,103
03/16/2015,RFD,IL,AGL,CE,Combined TRACON& Tower with Radar,18,1,25,1,45,0,0,27,0,27,18,1,52,1,72,10,0,10,82
03/17/2015,RFD,IL,AGL,CE,Combined TRACON& Tower with Radar,29,3,15,2,49,0,0,19,2,21,29,3,34,4,70,22,0,22,92
03/18/2015,RFD,IL,AGL,CE,Combined TRACON& Tower with Radar,30,0,18,0,48,0,2,25,0,27,30,2,43,0,75,36,0,36,111
03/19/2015,RFD,IL,AGL,CE,Combined TRACON& Tower with Radar,37,5,28,3,73,0,3,18,3,24,37,8,46,6,97,14,0,14,111
03/20/2015,RFD,IL,AGL,CE,Combined TRACON& Tower with Radar,36,22,18,2,78,0,0,26,1,27,36,22,44,3,105,58,4,62,167
03/21/2015,RFD,IL,AGL,CE,Combined TRACON& Tower with Radar,16,12,22,1,51,0,0,27,2,29,16,12,49,3,80,24,0,24,104
03/22/2015,RFD,IL,AGL,CE,Combined TRACON& Tower with Radar,12,11,24,4,51,0,0,12,2,14,12,11,36,6,65,20,0,20,85
03/23/2015,RFD,IL,AGL,CE,Combined TRACON& Tower with Radar,21,1,11,0,33,0,0,0,0,0,21,1,11,0,33,0,0,0,33
03/24/2015,RFD,IL,AGL,CE,Combined TRACON& Tower with Radar,30,4,27,9,70,0,0,8,1,9,30,4,35,10,79,34,12,46,125
03/25/2015,RFD,IL,AGL,CE,Combined TRACON& Tower with Radar,36,1,14,1,52,0,0,3,1,4,36,1,17,2,56,0,0,0,56
03/26/2015,RFD,IL,AGL,CE,Combined TRACON& Tower with Radar,36,6,37,5,84,0,0,25,2,27,36,6,62,7,111,62,18,80,191
03/27/2015,RFD,IL,AGL,CE,Combined TRACON& Tower with Radar,34,10,27,13,84,0,2,16,0,18,34,12,43,13,102,28,12,40,142
03/28/2015,RFD,IL,AGL,CE,Combined TRACON& Tower with Radar,14,0,36,5,55,0,0,42,6,48,14,0,78,11,103,60,0,60,163
03/29/2015,RFD,IL,AGL,CE,Combined TRACON& Tower with Radar,10,2,5,0,17,0,2,0,1,3,10,4,5,1,20,2,0,2,22
03/30/2015,RFD,IL,AGL,CE,Combined TRACON& Tower with Radar,18,0,28,2,48,0,0,33,1,34,18,0,61,3,82,20,0,20,102
03/31/2015,RFD,IL,AGL,CE,Combined TRACON& Tower with Radar,30,5,45,3,83,0,1,26,2,29,30,6,71,5,112,26,0,26,138
04/01/2015,RFD,IL,AGL,CE,Combined TRACON& Tower with Radar,21,2,31,3,57,0,0,20,2,22,21,2,51,5,79,42,0,42,121
04/02/2015,RFD,IL,AGL,CE,Combined TRACON& Tower with Radar,16,3,31,0,50,0,0,10,0,10,16,3,41,0,60,18,0,18,78
04/03/2015,RFD,IL,AGL,CE,Combined TRACON& Tower with Radar,30,1,17,15,63,0,0,19,1,20,30,1,36,16,83,4,32,36,119
04/04/2015,RFD,IL,AGL,CE,Combined TRACON& Tower with Radar,15,1,9,3,28,0,0,15,3,18,15,1,24,6,46,34,0,34,80
04/05/2015,RFD,IL,AGL,CE,Combined TRACON& Tower with Radar,8,0,11,1,20,0,0,21,1,22,8,0,32,2,42,36,0,36,78
04/06/2015,RFD,IL,AGL,CE,Combined TRACON& Tower with Radar,17,1,18,1,37,0,0,28,1,29,17,1,46,2,66,28,0,28,94
04/07/2015,RFD,IL,AGL,CE,Combined TRACON& Tower with Radar,30,6,25,0,61,0,0,3,0,3,30,6,28,0,64,4,0,4,68
04/08/2015,RFD,IL,AGL,CE,Combined TRACON& Tower with Radar,31,0,14,0,45,0,0,1,0,1,31,0,15,0,46,0,0,0,46
04/09/2015,RFD,IL,AGL,CE,Combined TRACON& Tower with Radar,50,9,11,0,70,0,0,0,0,0,50,9,11,0,70,2,0,2,72
04/10/2015,RFD,IL,AGL,CE,Combined TRACON& Tower with Radar,26,6,19,2,53,0,7,31,2,40,26,13,50,4,93,8,0,8,101
04/11/2015,RFD,IL,AGL,CE,Combined TRACON& Tower with Radar,17,5,33,1,56,0,7,43,1,51,17,12,76,2,107,48,0,48,155
04/12/2015,RFD,IL,AGL,CE,Combined TRACON& Tower with Radar,6,1,10,5,22,0,1,18,4,23,6,2,28,9,45,13,0,13,58
04/13/2015,RFD,IL,AGL,CE,Combined TRACON& Tower with Radar,17,5,21,1,44,0,0,19,1,20,17,5,40,2,64,12,0,12,76
04/14/2015,RFD,IL,AGL,CE,Combined TRACON& Tower with Radar,31,2,17,1,51,0,1,37,1,39,31,3,54,2,90,30,0,30,120
04/15/2015,RFD,IL,AGL,CE,Combined TRACON& Tower with Radar,24,4,29,0,57,0,0,18,0,18,24,4,47,0,75,4,0,4,79
04/16/2015,RFD,IL,AGL,CE,Combined TRACON& Tower with Radar,31,4,31,4,70,0,0,29,0,29,31,4,60,4,99,40,14,54,153
04/17/2015,RFD,IL,AGL,CE,Combined TRACON& Tower with Radar,25,2,12,0,39,0,0,43,0,43,25,2,55,0,82,26,0,26,108
04/18/2015,RFD,IL,AGL,CE,Combined TRACON& Tower with Radar,6,2,19,1,28,0,0,47,1,48,6,2,66,2,76,116,0,116,192
04/19/2015,RFD,IL,AGL,CE,Combined TRACON& Tower with Radar,4,1,11,2,18,0,0,18,1,19,4,1,29,3,37,28,0,28,65
04/20/2015,RFD,IL,AGL,CE,Combined TRACON& Tower with Radar,15,2,7,1,25,0,1,5,1,7,15,3,12,2,32,2,0,2,34
04/21/2015,RFD,IL,AGL,CE,Combined TRACON& Tower with Radar,31,1,12,1,45,0,0,3,1,4,31,1,15,2,49,0,0,0,49
04/22/2015,RFD,IL,AGL,CE,Combined TRACON& Tower with Radar,26,1,11,2,40,0,1,15,3,19,26,2,26,5,59,10,0,10,69
04/23/2015,RFD,IL,AGL,CE,Combined TRACON& Tower with Radar,31,6,20,3,60,0,0,37,3,40,31,6,57,6,100,50,0,50,150
04/24/2015,RFD,IL,AGL,CE,Combined TRACON& Tower with Radar,31,8,19,4,62,0,2,18,0,20,31,10,37,4,82,18,0,18,100
04/25/2015,RFD,IL,AGL,CE,Combined TRACON& Tower with Radar,5,1,11,1,18,0,0,1,1,2,5,1,12,2,20,0,0,0,20
04/26/2015,RFD,IL,AGL,CE,Combined TRACON& Tower with Radar,7,1,32,2,42,0,0,42,2,44,7,1,74,4,86,48,0,48,134
04/27/2015,RFD,IL,AGL,CE,Combined TRACON& Tower with Radar,16,7,13,1,37,0,0,20,2,22,16,7,33,3,59,30,0,30,89
04/28/2015,RFD,IL,AGL,CE,Combined TRACON& Tower with Radar,28,5,36,2,71,0,2,46,1,49,28,7,82,3,120,66,0,66,186
04/29/2015,RFD,IL,AGL,CE,Combined TRACON& Tower with Radar,25,8,32,1,66,0,2,38,1,41,25,10,70,2,107,54,0,54,161
04/30/2015,RFD,IL,AGL,CE,Combined TRACON& Tower with Radar,32,8,33,2,75,0,3,34,1,38,32,11,67,3,113,52,2,54,167
05/01/2015,RFD,IL,AGL,CE,Combined TRACON& Tower with Radar,25,3,48,2,78,0,1,45,3,49,25,4,93,5,127,70,0,70,197
05/02/2015,RFD,IL,AGL,CE,Combined TRACON& Tower with Radar,3,1,20,2,26,0,0,35,2,37,3,1,55,4,63,12,0,12,75
05/03/2015,RFD,IL,AGL,CE,Combined TRACON& Tower with Radar,4,0,21,2,27,0,0,23,3,26,4,0,44,5,53,38,0,38,91
05/04/2015,RFD,IL,AGL,CE,Combined TRACON& Tower with Radar,13,1,33,3,50,0,0,9,3,12,13,1,42,6,62,30,0,30,92
05/05/2015,RFD,IL,AGL,CE,Combined TRACON& Tower with Radar,28,1,37,0,66,0,0,3,0,3,28,1,40,0,69,30,0,30,99
05/06/2015,RFD,IL,AGL,CE,Combined TRACON& Tower with Radar,27,7,32,0,66,0,0,19,1,20,27,7,51,1,86,30,2,32,118
05/07/2015,RFD,IL,AGL,CE,Combined TRACON& Tower with Radar,32,3,25,2,62,0,0,31,2,33,32,3,56,4,95,24,0,24,119
05/08/2015,RFD,IL,AGL,CE,Combined TRACON& Tower with Radar,36,6,35,3,80,0,0,10,1,11,36,6,45,4,91,10,0,10,101
05/09/2015,RFD,IL,AGL,CE,Combined TRACON& Tower with Radar,4,4,16,2,26,0,0,9,2,11,4,4,25,4,37,0,0,0,37
05/10/2015,RFD,IL,AGL,CE,Combined TRACON& Tower with Radar,4,3,12,0,19,0,0,0,0,0,4,3,12,0,19,0,0,0,19
05/11/2015,RFD,IL,AGL,CE,Combined TRACON& Tower with Radar,16,4,15,1,36,0,0,9,1,10,16,4,24,2,46,4,0,4,50
05/12/2015,RFD,IL,AGL,CE,Combined TRACON& Tower with Radar,28,5,26,1,60,0,1,19,0,20,28,6,45,1,80,4,0,4,84
05/13/2015,RFD,IL,AGL,CE,Combined TRACON& Tower with Radar,21,4,49,4,78,0,2,70,1,73,21,6,119,5,151,14,6,20,171
05/14/2015,RFD,IL,AGL,CE,Combined TRACON& Tower with Radar,34,7,18,1,60,0,2,19,1,22,34,9,37,2,82,16,0,16,98
05/15/2015,RFD,IL,AGL,CE,Combined TRACON& Tower with Radar,25,9,37,0,71,0,0,35,0,35,25,9,72,0,106,44,0,44,150
05/16/2015,RFD,IL,AGL,CE,Combined TRACON& Tower with Radar,5,1,26,0,32,0,0,21,0,21,5,1,47,0,53,42,0,42,95
05/17/2015,RFD,IL,AGL,CE,Combined TRACON& Tower with Radar,7,4,13,2,26,0,0,1,0,1,7,4,14,2,27,18,0,18,45
05/18/2015,RFD,IL,AGL,CE,Combined TRACON& Tower with Radar,14,6,28,1,49,0,0,18,1,19,14,6,46,2,68,24,0,24,92
05/19/2015,RFD,IL,AGL,CE,Combined TRACON& Tower with Radar,29,1,24,9,63,0,0,32,1,33,29,1,56,10,96,42,10,52,148
05/20/2015,RFD,IL,AGL,CE,Combined TRACON& Tower with Radar,29,2,25,4,60,0,0,16,2,18,29,2,41,6,78,12,26,38,116
05/21/2015,RFD,IL,AGL,CE,Combined TRACON& Tower with Radar,31,5,25,2,63,0,0,28,2,30,31,5,53,4,93,14,0,14,107
05/22/2015,RFD,IL,AGL,CE,Combined TRACON& Tower with Radar,29,7,24,1,61,0,1,55,1,57,29,8,79,2,118,62,0,62,180
05/23/2015,RFD,IL,AGL,CE,Combined TRACON& Tower with Radar,6,0,22,3,31,0,0,36,2,38,6,0,58,5,69,12,0,12,81
05/24/2015,RFD,IL,AGL,CE,Combined TRACON& Tower with Radar,4,0,8,1,13,0,0,7,1,8,4,0,15,2,21,14,0,14,35
05/25/2015,RFD,IL,AGL,CE,Combined TRACON& Tower with Radar,6,3,13,0,22,0,4,2,1,7,6,7,15,1,29,2,0,2,31
05/26/2015,RFD,IL,AGL,CE,Combined TRACON& Tower with Radar,10,13,6,5,34,0,0,1,1,2,10,13,7,6,36,2,0,2,38
05/27/2015,RFD,IL,AGL,CE,Combined TRACON& Tower with Radar,26,3,38,5,72,0,0,25,1,26,26,3,63,6,98,20,0,20,118
05/28/2015,RFD,IL,AGL,CE,Combined TRACON& Tower with Radar,33,5,27,2,67,0,3,38,2,43,33,8,65,4,110,40,0,40,150
05/29/2015,RFD,IL,AGL,CE,Combined TRACON& Tower with Radar,25,4,7,1,37,0,3,5,1,9,25,7,12,2,46,4,0,4,50
05/30/2015,RFD,IL,AGL,CE,Combined TRACON& Tower with Radar,6,2,25,0,33,0,0,0,0,0,6,2,25,0,33,2,0,2,35
05/31/2015,RFD,IL,AGL,CE,Combined TRACON& Tower with Radar,4,5,11,1,21,0,0,11,1,12,4,5,22,2,33,8,0,8,41
06/01/2015,RFD,IL,AGL,CE,Combined TRACON& Tower with Radar,15,4,24,1,44,0,2,20,1,23,15,6,44,2,67,30,0,30,97
06/02/2015,RFD,IL,AGL,CE,Combined TRACON& Tower with Radar,31,0,22,0,53,0,0,39,0,39,31,0,61,0,92,42,0,42,134
06/03/2015,RFD,IL,AGL,CE,Combined TRACON& Tower with Radar,25,8,30,4,67,0,0,40,7,47,25,8,70,11,114,46,6,52,166
06/04/2015,RFD,IL,AGL,CE,Combined TRACON& Tower with Radar,32,2,9,6,49,0,6,27,25,58,32,8,36,31,107,10,18,28,135
06/05/2015,RFD,IL,AGL,CE,Combined TRACON& Tower with Radar,28,6,9,9,52,0,1,15,24,40,28,7,24,33,92,42,36,78,170
06/06/2015,RFD,IL,AGL,CE,Combined TRACON& Tower with Radar,7,0,19,9,35,0,1,44,31,76,7,1,63,40,111,30,0,30,141
06/07/2015,RFD,IL,AGL,CE,Combined TRACON& Tower with Radar,4,3,5,7,19,0,9,7,17,33,4,12,12,24,52,10,0,10,62
06/08/2015,RFD,IL,AGL,CE,Combined TRACON& Tower with Radar,20,2,26,5,53,0,2,15,0,17,20,4,41,5,70,48,0,48,118
06/09/2015,RFD,IL,AGL,CE,Combined TRACON& Tower with Radar,30,1,18,5,54,0,1,43,0,44,30,2,61,5,98,78,0,78,176
06/10/2015,RFD,IL,AGL,CE,Combined TRACON& Tower with Radar,31,2,25,3,61,0,1,36,5,42,31,3,61,8,103,72,0,72,175
06/11/2015,RFD,IL,AGL,CE,Combined TRACON& Tower with Radar,33,5,13,4,55,0,3,18,1,22,33,8,31,5,77,18,2,20,97
06/12/2015,RFD,IL,AGL,CE,Combined TRACON& Tower with Radar,31,5,31,1,68,0,0,4,1,5,31,5,35,2,73,22,0,22,95
06/13/2015,RFD,IL,AGL,CE,Combined TRACON& Tower with Radar,12,3,42,1,58,0,4,9,1,14,12,7,51,2,72,42,0,42,114
06/14/2015,RFD,IL,AGL,CE,Combined TRACON& Tower with Radar,4,3,33,0,40,0,2,9,1,12,4,5,42,1,52,25,0,25,77
06/15/2015,RFD,IL,AGL,CE,Combined TRACON& Tower with Radar,17,3,5,0,25,0,0,5,0,5,17,3,10,0,30,6,0,6,36
06/16/2015,RFD,IL,AGL,CE,Combined TRACON& Tower with Radar,33,1,35,3,72,0,1,52,1,54,33,2,87,4,126,68,0,68,194
06/17/2015,RFD,IL,AGL,CE,Combined TRACON& Tower with Radar,30,3,13,4,50,0,0,20,2,22,30,3,33,6,72,48,0,48,120
06/18/2015,RFD,IL,AGL,CE,Combined TRACON& Tower with Radar,29,4,32,1,66,0,0,32,1,33,29,4,64,2,99,14,2,16,115
06/19/2015,RFD,IL,AGL,CE,Combined TRACON& Tower with Radar,28,5,26,3,62,0,3,47,1,51,28,8,73,4,113,74,4,78,191
06/20/2015,RFD,IL,AGL,CE,Combined TRACON& Tower with Radar,9,1,5,0,15,0,1,5,0,6,9,2,10,0,21,30,0,30,51
06/21/2015,RFD,IL,AGL,CE,Combined TRACON& Tower with Radar,4,0,22,4,30,0,0,26,1,27,4,0,48,5,57,16,0,16,73
06/22/2015,RFD,IL,AGL,CE,Combined TRACON& Tower with Radar,13,0,21,0,34,0,0,0,0,0,13,0,21,0,34,10,0,10,44
06/23/2015,RFD,IL,AGL,CE,Combined TRACON& Tower with Radar,30,7,25,4,66,0,2,40,5,47,30,9,65,9,113,32,0,32,145
06/24/2015,RFD,IL,AGL,CE,Combined TRACON& Tower with Radar,33,8,21,9,71,0,1,38,0,39,33,9,59,9,110,56,0,56,166
06/25/2015,RFD,IL,AGL,CE,Combined TRACON& Tower with Radar,31,2,38,3,74,0,0,10,0,10,31,2,48,3,84,38,2,40,124
06/26/2015,RFD,IL,AGL,CE,Combined TRACON& Tower with Radar,27,2,36,0,65,0,6,7,0,13,27,8,43,0,78,22,0,22,100
06/27/2015,RFD,IL,AGL,CE,Combined TRACON& Tower with Radar,14,2,25,9,50,0,2,25,5,32,14,4,50,14,82,10,0,10,92
06/28/2015,RFD,IL,AGL,CE,Combined TRACON& Tower with Radar,3,0,13,2,18,0,0,23,2,25,3,0,36,4,43,36,0,36,79
06/29/2015,RFD,IL,AGL,CE,Combined TRACON& Tower with Radar,16,0,21,0,37,0,2,4,0,6,16,2,25,0,43,16,0,16,59
06/30/2015,RFD,IL,AGL,CE,Combined TRACON& Tower with Radar,33,6,35,1,75,0,0,19,1,20,33,6,54,2,95,12,0,12,107
07/01/2015,RFD,IL,AGL,CE,Combined TRACON& Tower with Radar,29,6,39,1,75,0,0,7,1,8,29,6,46,2,83,34,0,34,117
07/02/2015,RFD,IL,AGL,CE,Combined TRACON& Tower with Radar,30,3,31,4,68,0,2,36,3,41,30,5,67,7,109,22,0,22,131
07/03/2015,RFD,IL,AGL,CE,Combined TRACON& Tower with Radar,24,4,28,1,57,0,4,33,1,38,24,8,61,2,95,24,0,24,119
07/04/2015,RFD,IL,AGL,CE,Combined TRACON& Tower with Radar,7,6,5,2,20,0,0,21,2,23,7,6,26,4,43,8,0,8,51
07/05/2015,RFD,IL,AGL,CE,Combined TRACON& Tower with Radar,4,2,33,4,43,0,0,21,4,25,4,2,54,8,68,20,0,20,88
07/06/2015,RFD,IL,AGL,CE,Combined TRACON& Tower with Radar,16,6,14,3,39,0,0,4,1,5,16,6,18,4,44,22,0,22,66
07/07/2015,RFD,IL,AGL,CE,Combined TRACON& Tower with Radar,32,0,46,7,85,0,2,28,1,31,32,2,74,8,116,56,20,76,192
07/08/2015,RFD,IL,AGL,CE,Combined TRACON& Tower with Radar,27,18,25,1,71,0,0,20,1,21,27,18,45,2,92,4,0,4,96
07/09/2015,RFD,IL,AGL,CE,Combined TRACON& Tower with Radar,34,0,24,1,59,0,0,26,2,28,34,0,50,3,87,36,0,36,123
07/10/2015,RFD,IL,AGL,CE,Combined TRACON& Tower with Radar,26,4,23,17,70,0,0,59,2,61,26,4,82,19,131,64,14,78,209
07/11/2015,RFD,IL,AGL,CE,Combined TRACON& Tower with Radar,9,0,13,0,22,0,0,16,0,16,9,0,29,0,38,18,0,18,56
07/12/2015,RFD,IL,AGL,CE,Combined TRACON& Tower with Radar,6,0,27,0,33,0,0,15,0,15,6,0,42,0,48,38,0,38,86
07/13/2015,RFD,IL,AGL,CE,Combined TRACON& Tower with Radar,14,3,12,1,30,0,0,10,1,11,14,3,22,2,41,26,0,26,67
07/14/2015,RFD,IL,AGL,CE,Combined TRACON& Tower with Radar,29,1,20,1,51,0,0,31,1,32,29,1,51,2,83,104,0,104,187
07/15/2015,RFD,IL,AGL,CE,Combined TRACON& Tower with Radar,32,3,39,1,75,0,2,45,1,48,32,5,84,2,123,40,0,40,163
07/16/2015,RFD,IL,AGL,CE,Combined TRACON& Tower with Radar,36,1,42,0,79,0,4,23,0,27,36,5,65,0,106,14,0,14,120
07/17/2015,RFD,IL,AGL,CE,Combined TRACON& Tower with Radar,25,6,70,0,101,0,1,101,1,103,25,7,171,1,204,96,0,96,300
07/18/2015,RFD,IL,AGL,CE,Combined TRACON& Tower with Radar,25,14,22,7,68,0,0,48,3,51,25,14,70,10,119,2,0,2,121
07/19/2015,RFD,IL,AGL,CE,Combined TRACON& Tower with Radar,4,5,19,1,29,0,0,36,2,38,4,5,55,3,67,14,0,14,81
07/20/2015,RFD,IL,AGL,CE,Combined TRACON& Tower with Radar,8,4,25,1,38,0,0,7,3,10,8,4,32,4,48,6,0,6,54
07/21/2015,RFD,IL,AGL,CE,Combined TRACON& Tower with Radar,10,2,36,5,53,0,0,42,3,45,10,2,78,8,98,36,0,36,134
07/22/2015,RFD,IL,AGL,CE,Combined TRACON& Tower with Radar,29,2,24,1,56,0,3,19,1,23,29,5,43,2,79,22,0,22,101
07/23/2015,RFD,IL,AGL,CE,Combined TRACON& Tower with Radar,33,3,30,2,68,0,0,44,2,46,33,3,74,4,114,84,0,84,198
07/24/2015,RFD,IL,AGL,CE,Combined TRACON& Tower with Radar,25,9,26,0,60,0,0,20,0,20,25,9,46,0,80,20,0,20,100
07/25/2015,RFD,IL,AGL,CE,Combined TRACON& Tower with Radar,6,1,10,0,17,0,0,21,1,22,6,1,31,1,39,6,0,6,45
07/26/2015,RFD,IL,AGL,CE,Combined TRACON& Tower with Radar,4,3,20,2,29,0,0,27,0,27,4,3,47,2,56,24,0,24,80
07/27/2015,RFD,IL,AGL,CE,Combined TRACON& Tower with Radar,16,2,29,0,47,0,0,40,0,40,16,2,69,0,87,58,0,58,145
07/28/2015,RFD,IL,AGL,CE,Combined TRACON& Tower with Radar,27,2,18,1,48,0,5,16,1,22,27,7,34,2,70,34,0,34,104
07/29/2015,RFD,IL,AGL,CE,Combined TRACON& Tower with Radar,27,14,29,1,71,0,0,18,1,19,27,14,47,2,90,30,0,30,120
07/30/2015,RFD,IL,AGL,CE,Combined TRACON& Tower with Radar,31,5,22,1,59,0,0,28,1,29,31,5,50,2,88,42,0,42,130
07/31/2015,RFD,IL,AGL,CE,Combined TRACON& Tower with Radar,26,15,30,2,73,0,1,30,3,34,26,16,60,5,107,68,0,68,175
08/01/2015,RFD,IL,AGL,CE,Combined TRACON& Tower with Radar,4,3,25,2,34,0,2,48,2,52,4,5,73,4,86,60,0,60,146
08/02/2015,RFD,IL,AGL,CE,Combined TRACON& Tower with Radar,9,0,27,1,37,0,0,2,1,3,9,0,29,2,40,14,0,14,54
08/03/2015,RFD,IL,AGL,CE,Combined TRACON& Tower with Radar,13,5,15,2,35,0,2,27,1,30,13,7,42,3,65,60,20,80,145
08/04/2015,RFD,IL,AGL,CE,Combined TRACON& Tower with Radar,27,4,17,0,48,0,1,34,0,35,27,5,51,0,83,52,0,52,135
08/05/2015,RFD,IL,AGL,CE,Combined TRACON& Tower with Radar,29,6,28,2,65,0,2,43,3,48,29,8,71,5,113,40,0,40,153
08/06/2015,RFD,IL,AGL,CE,Combined TRACON& Tower with Radar,32,4,43,6,85,0,4,35,5,44,32,8,78,11,129,32,0,32,161
08/07/2015,RFD,IL,AGL,CE,Combined TRACON& Tower with Radar,27,0,28,15,70,0,2,18,9,29,27,2,46,24,99,50,6,56,155
08/08/2015,RFD,IL,AGL,CE,Combined TRACON& Tower with Radar,4,0,20,1,25,0,0,13,1,14,4,0,33,2,39,30,0,30,69
08/09/2015,RFD,IL,AGL,CE,Combined TRACON& Tower with Radar,4,0,37,0,41,0,0,6,0,6,4,0,43,0,47,48,0,48,95
08/10/2015,RFD,IL,AGL,CE,Combined TRACON& Tower with Radar,21,0,17,0,38,0,3,17,0,20,21,3,34,0,58,42,0,42,100
08/11/2015,RFD,IL,AGL,CE,Combined TRACON& Tower with Radar,29,5,37,2,73,0,1,49,3,53,29,6,86,5,126,32,0,32,158
08/12/2015,RFD,IL,AGL,CE,Combined TRACON& Tower with Radar,29,4,27,10,70,0,0,38,0,38,29,4,65,10,108,86,0,86,194
08/13/2015,RFD,IL,AGL,CE,Combined TRACON& Tower with Radar,29,4,39,1,73,0,0,40,1,41,29,4,79,2,114,12,0,12,126
08/14/2015,RFD,IL,AGL,CE,Combined TRACON& Tower with Radar,29,2,25,8,64,0,4,12,2,18,29,6,37,10,82,0,6,6,88
08/15/2015,RFD,IL,AGL,CE,Combined TRACON& Tower with Radar,9,1,18,2,30,0,1,36,2,39,9,2,54,4,69,14,0,14,83
08/16/2015,RFD,IL,AGL,CE,Combined TRACON& Tower with Radar,5,2,15,1,23,0,0,39,1,40,5,2,54,2,63,16,0,16,79
08/17/2015,RFD,IL,AGL,CE,Combined TRACON& Tower with Radar,17,1,29,1,48,0,0,14,0,14,17,1,43,1,62,6,0,6,68
08/18/2015,RFD,IL,AGL,CE,Combined TRACON& Tower with Radar,28,2,36,0,66,0,1,4,0,5,28,3,40,0,71,24,0,24,95
08/19/2015,RFD,IL,AGL,CE,Combined TRACON& Tower with Radar,25,4,27,9,65,0,1,11,2,14,25,5,38,11,79,14,4,18,97
08/20/2015,RFD,IL,AGL,CE,Combined TRACON& Tower with Radar,30,3,32,7,72,0,1,22,3,26,30,4,54,10,98,50,0,50,148
08/21/2015,RFD,IL,AGL,CE,Combined TRACON& Tower with Radar,27,0,43,8,78,0,0,66,2,68,27,0,109,10,146,70,0,70,216
08/22/2015,RFD,IL,AGL,CE,Combined TRACON& Tower with Radar,4,1,25,4,34,0,4,22,2,28,4,5,47,6,62,74,0,74,136
08/23/2015,RFD,IL,AGL,CE,Combined TRACON& Tower with Radar,5,3,13,5,26,0,0,14,1,15,5,3,27,6,41,0,0,0,41
08/24/2015,RFD,IL,AGL,CE,Combined TRACON& Tower with Radar,15,0,18,2,35,0,6,17,3,26,15,6,35,5,61,18,0,18,79
08/25/2015,RFD,IL,AGL,CE,Combined TRACON& Tower with Radar,30,3,26,3,62,0,3,23,2,28,30,6,49,5,90,100,0,100,190
08/26/2015,RFD,IL,AGL,CE,Combined TRACON& Tower with Radar,28,5,18,2,53,0,1,29,0,30,28,6,47,2,83,89,8,97,180
08/27/2015,RFD,IL,AGL,CE,Combined TRACON& Tower with Radar,32,5,24,3,64,0,1,41,1,43,32,6,65,4,107,12,0,12,119
08/28/2015,RFD,IL,AGL,CE,Combined TRACON& Tower with Radar,24,9,28,3,64,0,1,33,4,38,24,10,61,7,102,58,0,58,160
08/29/2015,RFD,IL,AGL,CE,Combined TRACON& Tower with Radar,5,1,33,0,39,0,0,2,0,2,5,1,35,0,41,32,0,32,73
08/30/2015,RFD,IL,AGL,CE,Combined TRACON& Tower with Radar,5,0,34,2,41,0,0,10,2,12,5,0,44,4,53,24,2,26,79
08/31/2015,RFD,IL,AGL,CE,Combined TRACON& Tower with Radar,18,5,30,5,58,0,1,30,2,33,18,6,60,7,91,2,6,8,99
09/01/2015,RFD,IL,AGL,CE,Combined TRACON& Tower with Radar,30,3,34,0,67,0,1,24,0,25,30,4,58,0,92,10,0,10,102
09/02/2015,RFD,IL,AGL,CE,Combined TRACON& Tower with Radar,27,1,31,3,62,0,4,49,3,56,27,5,80,6,118,58,0,58,176
09/03/2015,RFD,IL,AGL,CE,Combined TRACON& Tower with Radar,34,7,29,0,70,0,2,29,0,31,34,9,58,0,101,6,0,6,107
09/04/2015,RFD,IL,AGL,CE,Combined TRACON& Tower with Radar,31,7,15,2,55,0,2,31,2,35,31,9,46,4,90,22,0,22,112
09/05/2015,RFD,IL,AGL,CE,Combined TRACON& Tower with Radar,4,1,29,1,35,0,1,19,1,21,4,2,48,2,56,10,0,10,66
09/06/2015,RFD,IL,AGL,CE,Combined TRACON& Tower with Radar,6,3,17,4,30,0,1,18,4,23,6,4,35,8,53,4,0,4,57
09/07/2015,RFD,IL,AGL,CE,Combined TRACON& Tower with Radar,10,7,18,2,37,0,3,26,3,32,10,10,44,5,69,26,0,26,95
09/08/2015,RFD,IL,AGL,CE,Combined TRACON& Tower with Radar,11,2,16,1,30,0,0,5,0,5,11,2,21,1,35,4,0,4,39
09/09/2015,RFD,IL,AGL,CE,Combined TRACON& Tower with Radar,30,1,20,1,52,0,0,53,2,55,30,1,73,3,107,78,0,78,185
09/10/2015,RFD,IL,AGL,CE,Combined TRACON& Tower with Radar,33,4,17,2,56,0,3,13,2,18,33,7,30,4,74,24,0,24,98
09/11/2015,RFD,IL,AGL,CE,Combined TRACON& Tower with Radar,29,4,29,4,66,0,2,33,1,36,29,6,62,5,102,66,0,66,168
09/12/2015,RFD,IL,AGL,CE,Combined TRACON& Tower with Radar,6,2,35,3,46,0,4,129,4,137,6,6,164,7,183,98,0,98,281
09/13/2015,RFD,IL,AGL,CE,Combined TRACON& Tower with Radar,6,1,25,2,34,0,0,97,4,101,6,1,122,6,135,116,0,116,251
09/14/2015,RFD,IL,AGL,CE,Combined TRACON& Tower with Radar,15,11,16,3,45,0,0,25,2,27,15,11,41,5,72,16,0,16,88
09/15/2015,RFD,IL,AGL,CE,Combined TRACON& Tower with Radar,26,2,16,1,45,0,1,29,2,32,26,3,45,3,77,44,0,44,121
09/16/2015,RFD,IL,AGL,CE,Combined TRACON& Tower with Radar,25,0,20,8,53,0,2,29,0,31,25,2,49,8,84,68,2,70,154
09/17/2015,RFD,IL,AGL,CE,Combined TRACON& Tower with Radar,37,5,17,1,60,0,1,23,1,25,37,6,40,2,85,6,0,6,91
09/18/2015,RFD,IL,AGL,CE,Combined TRACON& Tower with Radar,28,9,35,0,72,0,0,7,0,7,28,9,42,0,79,14,0,14,93
09/19/2015,RFD,IL,AGL,CE,Combined TRACON& Tower with Radar,7,7,20,1,35,0,2,27,2,31,7,9,47,3,66,18,0,18,84
09/20/2015,RFD,IL,AGL,CE,Combined TRACON& Tower with Radar,4,1,18,3,26,0,2,30,3,35,4,3,48,6,61,46,0,46,107
09/21/2015,RFD,IL,AGL,CE,Combined TRACON& Tower with Radar,14,8,40,1,63,0,1,26,1,28,14,9,66,2,91,60,0,60,151
09/22/2015,RFD,IL,AGL,CE,Combined TRACON& Tower with Radar,27,1,19,1,48,0,9,29,1,39,27,10,48,2,87,14,0,14,101
09/23/2015,RFD,IL,AGL,CE,Combined TRACON& Tower with Radar,26,5,28,3,62,0,1,40,1,42,26,6,68,4,104,56,0,56,160
09/24/2015,RFD,IL,AGL,CE,Combined TRACON& Tower with Radar,34,8,23,4,69,0,2,37,2,41,34,10,60,6,110,48,0,48,158
09/25/2015,RFD,IL,AGL,CE,Combined TRACON& Tower with Radar,27,12,34,6,79,0,2,38,3,43,27,14,72,9,122,40,0,40,162
09/26/2015,RFD,IL,AGL,CE,Combined TRACON& Tower with Radar,6,0,12,3,21,0,8,26,3,37,6,8,38,6,58,20,0,20,78
09/27/2015,RFD,IL,AGL,CE,Combined TRACON& Tower with Radar,4,3,26,3,36,0,0,19,0,19,4,3,45,3,55,22,0,22,77
09/28/2015,RFD,IL,AGL,CE,Combined TRACON& Tower with Radar,15,10,47,0,72,0,2,32,0,34,15,12,79,0,106,30,0,30,136
09/29/2015,RFD,IL,AGL,CE,Combined TRACON& Tower with Radar,27,4,6,0,37,0,0,7,6,13,27,4,13,6,50,0,0,0,50
09/30/2015,RFD,IL,AGL,CE,Combined TRACON& Tower with Radar,26,8,17,1,52,0,1,24,1,26,26,9,41,2,78,2,2,4,82
10/01/2015,RFD,IL,AGL,CE,Combined TRACON& Tower with Radar,29,10,23,3,65,0,0,15,4,19,29,10,38,7,84,16,0,16,100
10/02/2015,RFD,IL,AGL,CE,Combined TRACON& Tower with Radar,26,9,22,1,58,0,0,26,1,27,26,9,48,2,85,42,0,42,127
10/03/2015,RFD,IL,AGL,CE,Combined TRACON& Tower with Radar,6,7,13,1,27,0,0,7,1,8,6,7,20,2,35,0,0,0,35
10/04/2015,RFD,IL,AGL,CE,Combined TRACON& Tower with Radar,4,3,36,1,44,0,2,1,1,4,4,5,37,2,48,30,0,30,78
10/05/2015,RFD,IL,AGL,CE,Combined TRACON& Tower with Radar,15,6,27,1,49,0,0,2,1,3,15,6,29,2,52,2,0,2,54
10/06/2015,RFD,IL,AGL,CE,Combined TRACON& Tower with Radar,29,0,31,2,62,0,0,27,3,30,29,0,58,5,92,44,0,44,136
10/07/2015,RFD,IL,AGL,CE,Combined TRACON& Tower with Radar,26,2,31,12,71,0,0,42,2,44,26,2,73,14,115,64,14,78,193
10/08/2015,RFD,IL,AGL,CE,Combined TRACON& Tower with Radar,32,2,14,2,50,0,4,15,2,21,32,6,29,4,71,20,0,20,91
10/09/2015,RFD,IL,AGL,CE,Combined TRACON& Tower with Radar,27,10,20,1,58,0,0,35,1,36,27,10,55,2,94,20,0,20,114
10/10/2015,RFD,IL,AGL,CE,Combined TRACON& Tower with Radar,3,3,17,0,23,0,0,33,1,34,3,3,50,1,57,24,0,24,81
10/11/2015,RFD,IL,AGL,CE,Combined TRACON& Tower with Radar,5,2,22,1,30,0,0,24,1,25,5,2,46,2,55,0,0,0,55
10/12/2015,RFD,IL,AGL,CE,Combined TRACON& Tower with Radar,14,9,18,7,48,0,0,19,0,19,14,9,37,7,67,20,20,40,107
10/13/2015,RFD,IL,AGL,CE,Combined TRACON& Tower with Radar,29,3,18,1,51,0,0,20,1,21,29,3,38,2,72,22,0,22,94
10/14/2015,RFD,IL,AGL,CE,Combined TRACON& Tower with Radar,26,5,34,10,75,0,1,53,2,56,26,6,87,12,131,58,6,64,195
10/15/2015,RFD,IL,AGL,CE,Combined TRACON& Tower with Radar,31,4,7,3,45,0,2,17,3,22,31,6,24,6,67,4,0,4,71
10/16/2015,RFD,IL,AGL,CE,Combined TRACON& Tower with Radar,27,4,18,2,51,0,0,38,2,40,27,4,56,4,91,8,0,8,99
10/17/2015,RFD,IL,AGL,CE,Combined TRACON& Tower with Radar,4,4,13,1,22,0,0,20,1,21,4,4,33,2,43,12,0,12,55
10/18/2015,RFD,IL,AGL,CE,Combined TRACON& Tower with Radar,4,4,13,2,23,0,0,41,2,43,4,4,54,4,66,20,0,20,86
10/19/2015,RFD,IL,AGL,CE,Combined TRACON& Tower with Radar,18,11,11,3,43,0,2,8,0,10,18,13,19,3,53,0,0,0,53
10/20/2015,RFD,IL,AGL,CE,Combined TRACON& Tower with Radar,31,2,23,3,59,0,0,20,2,22,31,2,43,5,81,8,0,8,89
10/21/2015,RFD,IL,AGL,CE,Combined TRACON& Tower with Radar,28,0,30,2,60,0,0,37,2,39,28,0,67,4,99,50,0,50,149
10/22/2015,RFD,IL,AGL,CE,Combined TRACON& Tower with Radar,29,15,44,0,88,0,2,40,0,42,29,17,84,0,130,42,0,42,172
10/23/2015,RFD,IL,AGL,CE,Combined TRACON& Tower with Radar,26,23,14,2,65,0,1,7,2,10,26,24,21,4,75,50,0,50,125
10/24/2015,RFD,IL,AGL,CE,Combined TRACON& Tower with Radar,7,1,21,0,29,0,0,1,0,1,7,1,22,0,30,18,0,18,48
10/25/2015,RFD,IL,AGL,CE,Combined TRACON& Tower with Radar,4,1,32,3,40,0,0,55,3,58,4,1,87,6,98,40,0,40,138
10/26/2015,RFD,IL,AGL,CE,Combined TRACON& Tower with Radar,17,5,37,1,60,0,0,49,1,50,17,5,86,2,110,42,0,42,152
10/27/2015,RFD,IL,AGL,CE,Combined TRACON& Tower with Radar,30,15,15,0,60,0,0,8,0,8,30,15,23,0,68,12,2,14,82
10/28/2015,RFD,IL,AGL,CE,Combined TRACON& Tower with Radar,28,4,28,3,63,0,0,0,3,3,28,4,28,6,66,2,0,2,68
10/29/2015,RFD,IL,AGL,CE,Combined TRACON& Tower with Radar,33,3,12,1,49,0,2,5,1,8,33,5,17,2,57,0,0,0,57
10/30/2015,RFD,IL,AGL,CE,Combined TRACON& Tower with Radar,27,1,9,3,40,0,3,18,3,24,27,4,27,6,64,30,0,30,94
10/31/2015,RFD,IL,AGL,CE,Combined TRACON& Tower with Radar,6,2,16,0,24,0,0,0,0,0,6,2,16,0,24,6,0,6,30
11/01/2015,RFD,IL,AGL,CE,Combined TRACON& Tower with Radar,4,0,18,1,23,0,0,36,1,37,4,0,54,2,60,38,0,38,98
11/02/2015,RFD,IL,AGL,CE,Combined TRACON& Tower with Radar,17,9,19,1,46,0,0,18,1,19,17,9,37,2,65,68,0,68,133
11/03/2015,RFD,IL,AGL,CE,Combined TRACON& Tower with Radar,29,2,23,1,55,0,0,24,1,25,29,2,47,2,80,6,0,6,86
11/04/2015,RFD,IL,AGL,CE,Combined TRACON& Tower with Radar,29,1,30,2,62,0,4,11,2,17,29,5,41,4,79,12,0,12,91
11/05/2015,RFD,IL,AGL,CE,Combined TRACON& Tower with Radar,35,5,16,1,57,0,2,20,1,23,35,7,36,2,80,4,0,4,84
11/06/2015,RFD,IL,AGL,CE,Combined TRACON& Tower with Radar,25,3,54,14,96,0,0,24,2,26,25,3,78,16,122,40,10,50,172
11/07/2015,RFD,IL,AGL,CE,Combined TRACON& Tower with Radar,5,2,16,0,23,0,0,15,0,15,5,2,31,0,38,10,0,10,48
11/08/2015,RFD,IL,AGL,CE,Combined TRACON& Tower with Radar,4,1,34,1,40,0,0,33,1,34,4,1,67,2,74,26,0,26,100
11/09/2015,RFD,IL,AGL,CE,Combined TRACON& Tower with Radar,17,14,21,4,56,0,1,24,3,28,17,15,45,7,84,16,0,16,100
11/10/2015,RFD,IL,AGL,CE,Combined TRACON& Tower with Radar,29,16,31,2,78,0,2,37,3,42,29,18,68,5,120,28,0,28,148
11/11/2015,RFD,IL,AGL,CE,Combined TRACON& Tower with Radar,31,0,21,1,53,0,5,14,2,21,31,5,35,3,74,14,0,14,88
11/12/2015,RFD,IL,AGL,CE,Combined TRACON& Tower with Radar,32,18,4,3,57,0,0,0,3,3,32,18,4,6,60,6,0,6,66
11/13/2015,RFD,IL,AGL,CE,Combined TRACON& Tower with Radar,25,4,15,2,46,0,0,19,4,23,25,4,34,6,69,8,0,8,77
11/14/2015,RFD,IL,AGL,CE,Combined TRACON& Tower with Radar,7,3,31,3,44,0,1,23,3,27,7,4,54,6,71,60,0,60,131
11/15/2015,RFD,IL,AGL,CE,Combined TRACON& Tower with Radar,6,6,24,4,40,0,1,44,2,47,6,7,68,6,87,174,2,176,263
11/16/2015,RFD,IL,AGL,CE,Combined TRACON& Tower with Radar,17,4,16,4,41,0,2,6,1,9,17,6,22,5,50,6,0,6,56
11/17/2015,RFD,IL,AGL,CE,Combined TRACON& Tower with Radar,30,4,18,0,52,0,0,0,0,0,30,4,18,0,52,0,0,0,52
11/18/2015,RFD,IL,AGL,CE,Combined TRACON& Tower with Radar,24,1,12,1,38,0,0,4,1,5,24,1,16,2,43,6,0,6,49
11/19/2015,RFD,IL,AGL,CE,Combined TRACON& Tower with Radar,38,11,6,1,56,0,0,18,1,19,38,11,24,2,75,4,2,6,81
11/20/2015,RFD,IL,AGL,CE,Combined TRACON& Tower with Radar,26,24,22,1,73,0,19,23,1,43,26,43,45,2,116,40,0,40,156
11/21/2015,RFD,IL,AGL,CE,Combined TRACON& Tower with Radar,7,1,2,2,12,0,0,1,3,4,7,1,3,5,16,0,0,0,16
11/22/2015,RFD,IL,AGL,CE,Combined TRACON& Tower with Radar,6,3,6,0,15,0,0,11,0,11,6,3,17,0,26,8,0,8,34
11/23/2015,RFD,IL,AGL,CE,Combined TRACON& Tower with Radar,23,15,27,23,88,0,1,30,1,32,23,16,57,24,120,56,0,56,176
11/24/2015,RFD,IL,AGL,CE,Combined TRACON& Tower with Radar,46,4,30,1,81,0,1,20,1,22,46,5,50,2,103,48,0,48,151
11/25/2015,RFD,IL,AGL,CE,Combined TRACON& Tower with Radar,41,12,13,3,69,0,7,12,3,22,41,19,25,6,91,40,0,40,131
11/26/2015,RFD,IL,AGL,CE,Combined TRACON& Tower with Radar,2,3,0,0,5,0,0,0,0,0,2,3,0,0,5,0,0,0,5
11/27/2015,RFD,IL,AGL,CE,Combined TRACON& Tower with Radar,7,2,8,1,18,0,0,1,1,2,7,2,9,2,20,8,0,8,28
11/28/2015,RFD,IL,AGL,CE,Combined TRACON& Tower with Radar,6,1,15,2,24,0,0,24,2,26,6,1,39,4,50,20,0,20,70
11/29/2015,RFD,IL,AGL,CE,Combined TRACON& Tower with Radar,6,5,27,0,38,0,0,34,0,34,6,5,61,0,72,38,0,38,110
11/30/2015,RFD,IL,AGL,CE,Combined TRACON& Tower with Radar,21,5,18,0,44,0,0,6,0,6,21,5,24,0,50,10,0,10,60
12/01/2015,RFD,IL,AGL,CE,Combined TRACON& Tower with Radar,49,1,5,0,55,0,0,10,0,10,49,1,15,0,65,14,0,14,79
12/02/2015,RFD,IL,AGL,CE,Combined TRACON& Tower with Radar,48,4,13,0,65,0,0,1,0,1,48,4,14,0,66,0,0,0,66
12/03/2015,RFD,IL,AGL,CE,Combined TRACON& Tower with Radar,51,9,26,0,86,0,0,1,0,1,51,9,27,0,87,10,0,10,97
12/04/2015,RFD,IL,AGL,CE,Combined TRACON& Tower with Radar,36,3,27,3,69,0,2,27,1,30,36,5,54,4,99,4,0,4,103
12/05/2015,RFD,IL,AGL,CE,Combined TRACON& Tower with Radar,4,0,24,3,31,0,0,13,3,16,4,0,37,6,47,16,0,16,63
12/06/2015,RFD,IL,AGL,CE,Combined TRACON& Tower with Radar,10,4,29,6,49,0,2,31,0,33,10,6,60,6,82,8,8,16,98
12/07/2015,RFD,IL,AGL,CE,Combined TRACON& Tower with Radar,24,3,20,0,47,0,0,0,0,0,24,3,20,0,47,0,0,0,47
12/08/2015,RFD,IL,AGL,CE,Combined TRACON& Tower with Radar,46,2,20,2,70,0,0,11,2,13,46,2,31,4,83,10,0,10,93
12/09/2015,RFD,IL,AGL,CE,Combined TRACON& Tower with Radar,50,4,22,2,78,0,0,21,0,21,50,4,43,2,99,22,0,22,121
12/10/2015,RFD,IL,AGL,CE,Combined TRACON& Tower with Radar,45,10,14,2,71,0,0,18,1,19,45,10,32,3,90,10,0,10,100
12/11/2015,RFD,IL,AGL,CE,Combined TRACON& Tower with Radar,39,0,31,1,71,0,2,38,1,41,39,2,69,2,112,28,2,30,142
12/12/2015,RFD,IL,AGL,CE,Combined TRACON& Tower with Radar,5,4,24,0,33,0,0,0,0,0,5,4,24,0,33,0,0,0,33
12/13/2015,RFD,IL,AGL,CE,Combined TRACON& Tower with Radar,6,3,23,0,32,0,0,0,0,0,6,3,23,0,32,2,0,2,34
12/14/2015,RFD,IL,AGL,CE,Combined TRACON& Tower with Radar,21,6,17,2,46,0,0,2,2,4,21,6,19,4,50,10,0,10,60
12/15/2015,RFD,IL,AGL,CE,Combined TRACON& Tower with Radar,68,10,12,1,91,0,0,12,1,13,68,10,24,2,104,16,0,16,120
12/16/2015,RFD,IL,AGL,CE,Combined TRACON& Tower with Radar,64,15,17,11,107,0,0,2,1,3,64,15,19,12,110,2,12,14,124
12/17/2015,RFD,IL,AGL,CE,Combined TRACON& Tower with Radar,68,5,15,5,93,0,0,19,2,21,68,5,34,7,114,10,10,20,134
12/18/2015,RFD,IL,AGL,CE,Combined TRACON& Tower with Radar,48,9,10,0,67,0,0,16,0,16,48,9,26,0,83,8,0,8,91
12/19/2015,RFD,IL,AGL,CE,Combined TRACON& Tower with Radar,25,0,28,1,54,0,0,32,1,33,25,0,60,2,87,28,0,28,115
12/20/2015,RFD,IL,AGL,CE,Combined TRACON& Tower with Radar,6,0,6,1,13,0,0,13,1,14,6,0,19,2,27,4,0,4,31
12/21/2015,RFD,IL,AGL,CE,Combined TRACON& Tower with Radar,23,13,6,0,42,0,1,1,0,2,23,14,7,0,44,0,0,0,44
12/22/2015,RFD,IL,AGL,CE,Combined TRACON& Tower with Radar,84,6,19,2,111,0,0,1,0,1,84,6,20,2,112,8,2,10,122
12/23/2015,RFD,IL,AGL,CE,Combined TRACON& Tower with Radar,86,0,12,1,99,0,0,1,1,2,86,0,13,2,101,2,0,2,103
12/24/2015,RFD,IL,AGL,CE,Combined TRACON& Tower with Radar,55,9,14,2,80,0,3,14,2,19,55,12,28,4,99,8,0,8,107
12/25/2015,RFD,IL,AGL,CE,Combined TRACON& Tower with Radar,1,3,2,0,6,0,0,0,0,0,1,3,2,0,6,20,0,20,26
12/26/2015,RFD,IL,AGL,CE,Combined TRACON& Tower with Radar,6,7,15,0,28,0,0,0,0,0,6,7,15,0,28,8,0,8,36
12/27/2015,RFD,IL,AGL,CE,Combined TRACON& Tower with Radar,9,4,25,8,46,0,1,1,6,8,9,5,26,14,54,10,0,10,64
12/28/2015,RFD,IL,AGL,CE,Combined TRACON& Tower with Radar,12,1,2,0,15,0,0,0,0,0,12,1,2,0,15,0,0,0,15
12/29/2015,RFD,IL,AGL,CE,Combined TRACON& Tower with Radar,33,6,9,1,49,0,1,1,1,3,33,7,10,2,52,12,0,12,64
12/30/2015,RFD,IL,AGL,CE,Combined TRACON& Tower with Radar,38,2,11,0,51,0,1,2,0,3,38,3,13,0,54,6,0,6,60
12/31/2015,RFD,IL,AGL,CE,Combined TRACON& Tower with Radar,28,8,17,2,55,0,2,19,0,21,28,10,36,2,76,32,0,32,108
01/01/2016,RFD,IL,AGL,CE,Combined TRACON& Tower with Radar,3,1,6,3,13,0,1,12,3,16,3,2,18,6,29,6,0,6,35
01/02/2016,RFD,IL,AGL,CE,Combined TRACON& Tower with Radar,7,0,19,3,29,0,0,15,3,18,7,0,34,6,47,8,0,8,55
01/03/2016,RFD,IL,AGL,CE,Combined TRACON& Tower with Radar,8,0,8,0,16,0,0,9,0,9,8,0,17,0,25,12,0,12,37
01/04/2016,RFD,IL,AGL,CE,Combined TRACON& Tower with Radar,18,3,28,4,53,0,2,15,2,19,18,5,43,6,72,34,4,38,110
01/05/2016,RFD,IL,AGL,CE,Combined TRACON& Tower with Radar,32,7,33,3,75,0,4,34,1,39,32,11,67,4,114,44,0,44,158
01/06/2016,RFD,IL,AGL,CE,Combined TRACON& Tower with Radar,26,2,19,8,55,0,1,19,1,21,26,3,38,9,76,9,2,11,87
01/07/2016,RFD,IL,AGL,CE,Combined TRACON& Tower with Radar,32,2,19,2,55,0,0,1,0,1,32,2,20,2,56,0,0,0,56
01/08/2016,RFD,IL,AGL,CE,Combined TRACON& Tower with Radar,28,4,4,0,36,0,0,0,0,0,28,4,4,0,36,0,0,0,36
01/09/2016,RFD,IL,AGL,CE,Combined TRACON& Tower with Radar,7,1,2,0,10,0,0,0,0,0,7,1,2,0,10,0,0,0,10
01/10/2016,RFD,IL,AGL,CE,Combined TRACON& Tower with Radar,8,3,8,1,20,0,0,2,1,3,8,3,10,2,23,10,0,10,33
01/11/2016,RFD,IL,AGL,CE,Combined TRACON& Tower with Radar,18,1,9,1,29,0,4,3,1,8,18,5,12,2,37,0,0,0,37
01/12/2016,RFD,IL,AGL,CE,Combined TRACON& Tower with Radar,29,3,18,1,51,0,0,14,1,15,29,3,32,2,66,4,0,4,70
01/13/2016,RFD,IL,AGL,CE,Combined TRACON& Tower with Radar,30,4,8,11,53,0,1,8,0,9,30,5,16,11,62,18,0,18,80
01/14/2016,RFD,IL,AGL,CE,Combined TRACON& Tower with Radar,29,5,28,14,76,0,0,39,0,39,29,5,67,14,115,52,6,58,173
01/15/2016,RFD,IL,AGL,CE,Combined TRACON& Tower with Radar,29,0,15,0,44,0,0,0,0,0,29,0,15,0,44,2,0,2,46
01/16/2016,RFD,IL,AGL,CE,Combined TRACON& Tower with Radar,6,1,11,0,18,0,0,13,0,13,6,1,24,0,31,6,0,6,37
01/17/2016,RFD,IL,AGL,CE,Combined TRACON& Tower with Radar,6,0,3,2,11,0,0,1,2,3,6,0,4,4,14,2,0,2,16
01/18/2016,RFD,IL,AGL,CE,Combined TRACON& Tower with Radar,8,4,10,0,22,0,0,11,1,12,8,4,21,1,34,2,0,2,36
01/19/2016,RFD,IL,AGL,CE,Combined TRACON& Tower with Radar,16,3,40,1,60,0,0,41,0,41,16,3,81,1,101,68,0,68,169
01/20/2016,RFD,IL,AGL,CE,Combined TRACON& Tower with Radar,28,1,33,1,63,0,1,11,2,14,28,2,44,3,77,18,0,18,95
01/21/2016,RFD,IL,AGL,CE,Combined TRACON& Tower with Radar,31,9,28,0,68,0,0,13,0,13,31,9,41,0,81,32,0,32,113
01/22/2016,RFD,IL,AGL,CE,Combined TRACON& Tower with Radar,32,6,8,0,46,0,0,5,0,5,32,6,13,0,51,4,0,4,55
01/23/2016,RFD,IL,AGL,CE,Combined TRACON& Tower with Radar,6,0,17,2,25,0,0,28,3,31,6,0,45,5,56,24,0,24,80
01/24/2016,RFD,IL,AGL,CE,Combined TRACON& Tower with Radar,9,7,2,2,20,0,0,0,1,1,9,7,2,3,21,0,0,0,21
01/25/2016,RFD,IL,AGL,CE,Combined TRACON& Tower with Radar,20,0,7,2,29,0,0,3,2,5,20,0,10,4,34,10,0,10,44
01/26/2016,RFD,IL,AGL,CE,Combined TRACON& Tower with Radar,29,3,6,0,38,0,0,5,1,6,29,3,11,1,44,8,0,8,52
01/27/2016,RFD,IL,AGL,CE,Combined TRACON& Tower with Radar,27,2,11,6,46,0,3,26,2,31,27,5,37,8,77,74,0,74,151
01/28/2016,RFD,IL,AGL,CE,Combined TRACON& Tower with Radar,34,3,18,2,57,0,1,15,2,18,34,4,33,4,75,10,0,10,85
01/29/2016,RFD,IL,AGL,CE,Combined TRACON& Tower with Radar,31,4,18,1,54,0,2,23,0,25,31,6,41,1,79,18,0,18,97
01/30/2016,RFD,IL,AGL,CE,Combined TRACON& Tower with Radar,7,5,39,2,53,0,3,41,2,46,7,8,80,4,99,10,0,10,109
01/31/2016,RFD,IL,AGL,CE,Combined TRACON& Tower with Radar,6,2,7,0,15,0,0,0,0,0,6,2,7,0,15,0,0,0,15
02/01/2016,RFD,IL,AGL,CE,Combined TRACON& Tower with Radar,17,1,21,0,39,0,0,2,0,2,17,1,23,0,41,0,0,0,41
02/02/2016,RFD,IL,AGL,CE,Combined TRACON& Tower with Radar,27,1,6,0,34,0,0,0,0,0,27,1,6,0,34,12,0,12,46
02/03/2016,RFD,IL,AGL,CE,Combined TRACON& Tower with Radar,29,5,10,0,44,0,0,0,0,0,29,5,10,0,44,0,0,0,44
02/04/2016,RFD,IL,AGL,CE,Combined TRACON& Tower with Radar,33,0,26,2,61,0,0,18,2,20,33,0,44,4,81,6,0,6,87
02/05/2016,RFD,IL,AGL,CE,Combined TRACON& Tower with Radar,27,4,24,2,57,0,4,28,1,33,27,8,52,3,90,32,0,32,122
02/06/2016,RFD,IL,AGL,CE,Combined TRACON& Tower with Radar,15,0,16,0,31,0,0,15,0,15,15,0,31,0,46,18,0,18,64
02/07/2016,RFD,IL,AGL,CE,Combined TRACON& Tower with Radar,8,0,13,2,23,0,2,19,2,23,8,2,32,4,46,20,0,20,66
02/08/2016,RFD,IL,AGL,CE,Combined TRACON& Tower with Radar,19,3,12,1,35,0,3,1,1,5,19,6,13,2,40,6,0,6,46
02/09/2016,RFD,IL,AGL,CE,Combined TRACON& Tower with Radar,29,2,17,0,48,0,1,1,0,2,29,3,18,0,50,2,0,2,52
02/10/2016,RFD,IL,AGL,CE,Combined TRACON& Tower with Radar,40,3,30,0,73,0,0,19,0,19,40,3,49,0,92,16,0,16,108
02/11/2016,RFD,IL,AGL,CE,Combined TRACON& Tower with Radar,36,7,23,11,77,0,4,25,3,32,36,11,48,14,109,28,12,40,149
02/12/2016,RFD,IL,AGL,CE,Combined TRACON& Tower with Radar,29,2,9,2,42,0,1,8,2,11,29,3,17,4,53,0,0,0,53
02/13/2016,RFD,IL,AGL,CE,Combined TRACON& Tower with Radar,9,2,27,0,38,0,3,25,0,28,9,5,52,0,66,36,0,36,102
02/14/2016,RFD,IL,AGL,CE,Combined TRACON& Tower with Radar,8,0,3,0,11,0,0,0,0,0,8,0,3,0,11,0,0,0,11
02/15/2016,RFD,IL,AGL,CE,Combined TRACON& Tower with Radar,7,0,16,0,23,0,0,0,0,0,7,0,16,0,23,0,0,0,23
02/16/2016,RFD,IL,AGL,CE,Combined TRACON& Tower with Radar,15,4,12,0,31,0,0,0,1,1,15,4,12,1,32,0,0,0,32
02/17/2016,RFD,IL,AGL,CE,Combined TRACON& Tower with Radar,34,0,31,19,84,0,0,35,0,35,34,0,66,19,119,28,20,48,167
02/18/2016,RFD,IL,AGL,CE,Combined TRACON& Tower with Radar,36,1,24,1,62,0,0,19,1,20,36,1,43,2,82,34,0,34,116
02/19/2016,RFD,IL,AGL,CE,Combined TRACON& Tower with Radar,31,1,7,1,40,0,0,1,1,2,31,1,8,2,42,0,0,0,42
02/20/2016,RFD,IL,AGL,CE,Combined TRACON& Tower with Radar,13,2,29,0,44,0,3,38,0,41,13,5,67,0,85,22,0,22,107
02/21/2016,RFD,IL,AGL,CE,Combined TRACON& Tower with Radar,16,0,14,0,30,0,0,15,0,15,16,0,29,0,45,10,10,20,65
02/22/2016,RFD,IL,AGL,CE,Combined TRACON& Tower with Radar,16,3,34,4,57,0,3,37,2,42,16,6,71,6,99,36,0,36,135
02/23/2016,RFD,IL,AGL,CE,Combined TRACON& Tower with Radar,30,0,6,1,37,0,0,33,0,33,30,0,39,1,70,20,0,20,90
02/24/2016,RFD,IL,AGL,CE,Combined TRACON& Tower with Radar,34,8,11,0,53,0,0,8,0,8,34,8,19,0,61,10,0,10,71
02/25/2016,RFD,IL,AGL,CE,Combined TRACON& Tower with Radar,35,7,16,5,63,0,0,11,4,15,35,7,27,9,78,20,0,20,98
02/26/2016,RFD,IL,AGL,CE,Combined TRACON& Tower with Radar,28,1,21,0,50,0,6,32,1,39,28,7,53,1,89,46,0,46,135
02/27/2016,RFD,IL,AGL,CE,Combined TRACON& Tower with Radar,14,1,25,1,41,0,1,27,8,36,14,2,52,9,77,12,0,12,89
02/28/2016,RFD,IL,AGL,CE,Combined TRACON& Tower with Radar,8,1,15,1,25,0,0,4,1,5,8,1,19,2,30,0,0,0,30
02/29/2016,RFD,IL,AGL,CE,Combined TRACON& Tower with Radar,14,3,24,1,42,0,3,21,2,26,14,6,45,3,68,22,0,22,90
03/01/2016,RFD,IL,AGL,CE,Combined TRACON& Tower with Radar,37,5,10,0,52,0,0,2,0,2,37,5,12,0,54,0,0,0,54
03/02/2016,RFD,IL,AGL,CE,Combined TRACON& Tower with Radar,32,4,29,11,76,0,0,34,1,35,32,4,63,12,111,10,6,16,127
03/03/2016,RFD,IL,AGL,CE,Combined TRACON& Tower with Radar,35,2,20,1,58,0,0,1,1,2,35,2,21,2,60,18,0,18,78
03/04/2016,RFD,IL,AGL,CE,Combined TRACON& Tower with Radar,29,6,25,13,73,0,0,34,0,34,29,6,59,13,107,34,0,34,141
03/05/2016,RFD,IL,AGL,CE,Combined TRACON& Tower with Radar,12,3,19,1,35,0,2,15,1,18,12,5,34,2,53,50,0,50,103
03/06/2016,RFD,IL,AGL,CE,Combined TRACON& Tower with Radar,8,2,24,2,36,0,0,30,4,34,8,2,54,6,70,38,0,38,108
03/07/2016,RFD,IL,AGL,CE,Combined TRACON& Tower with Radar,17,1,18,1,37,0,0,24,0,24,17,1,42,1,61,8,0,8,69
03/08/2016,RFD,IL,AGL,CE,Combined TRACON& Tower with Radar,28,6,6,0,40,0,3,7,0,10,28,9,13,0,50,6,0,6,56
03/09/2016,RFD,IL,AGL,CE,Combined TRACON& Tower with Radar,38,3,31,1,73,0,3,12,1,16,38,6,43,2,89,10,0,10,99
03/10/2016,RFD,IL,AGL,CE,Combined TRACON& Tower with Radar,38,10,16,10,74,0,2,17,1,20,38,12,33,11,94,26,4,30,124
03/11/2016,RFD,IL,AGL,CE,Combined TRACON& Tower with Radar,30,1,39,7,77,0,2,52,2,56,30,3,91,9,133,68,10,78,211
03/12/2016,RFD,IL,AGL,CE,Combined TRACON& Tower with Radar,15,0,36,0,51,0,2,31,0,33,15,2,67,0,84,68,0,68,152
03/13/2016,RFD,IL,AGL,CE,Combined TRACON& Tower with Radar,8,0,20,0,28,0,0,0,0,0,8,0,20,0,28,6,0,6,34
03/14/2016,RFD,IL,AGL,CE,Combined TRACON& Tower with Radar,15,6,27,3,51,0,0,0,1,1,15,6,27,4,52,4,0,4,56
03/15/2016,RFD,IL,AGL,CE,Combined TRACON& Tower with Radar,26,2,9,0,37,0,0,2,0,2,26,2,11,0,39,0,0,0,39
03/16/2016,RFD,IL,AGL,CE,Combined TRACON& Tower with Radar,38,2,5,0,45,0,0,2,0,2,38,2,7,0,47,6,0,6,53
03/17/2016,RFD,IL,AGL,CE,Combined TRACON& Tower with Radar,34,0,16,4,54,0,0,14,0,14,34,0,30,4,68,34,0,34,102
03/18/2016,RFD,IL,AGL,CE,Combined TRACON& Tower with Radar,29,5,20,1,55,0,4,35,0,39,29,9,55,1,94,58,0,58,152
03/19/2016,RFD,IL,AGL,CE,Combined TRACON& Tower with Radar,17,2,9,10,38,0,0,18,2,20,17,2,27,12,58,36,0,36,94
03/20/2016,RFD,IL,AGL,CE,Combined TRACON& Tower with Radar,10,0,16,0,26,0,2,51,0,53,10,2,67,0,79,66,0,66,145
03/21/2016,RFD,IL,AGL,CE,Combined TRACON& Tower with Radar,23,6,26,0,55,0,0,40,0,40,23,6,66,0,95,70,0,70,165
03/22/2016,RFD,IL,AGL,CE,Combined TRACON& Tower with Radar,31,2,25,3,61,0,3,23,1,27,31,5,48,4,88,20,0,20,108
03/23/2016,RFD,IL,AGL,CE,Combined TRACON& Tower with Radar,35,2,8,6,51,0,0,0,0,0,35,2,8,6,51,16,8,24,75
03/24/2016,RFD,IL,AGL,CE,Combined TRACON& Tower with Radar,37,7,4,3,51,0,0,0,1,1,37,7,4,4,52,0,0,0,52
03/25/2016,RFD,IL,AGL,CE,Combined TRACON& Tower with Radar,28,6,50,13,97,0,1,62,2,65,28,7,112,15,162,44,0,44,206
03/26/2016,RFD,IL,AGL,CE,Combined TRACON& Tower with Radar,17,6,18,2,43,0,1,28,1,30,17,7,46,3,73,4,0,4,77
03/27/2016,RFD,IL,AGL,CE,Combined TRACON& Tower with Radar,14,4,11,0,29,0,0,3,0,3,14,4,14,0,32,2,0,2,34
03/28/2016,RFD,IL,AGL,CE,Combined TRACON& Tower with Radar,21,5,36,3,65,0,3,28,1,32,21,8,64,4,97,16,0,16,113
03/29/2016,RFD,IL,AGL,CE,Combined TRACON& Tower with Radar,36,2,28,1,67,0,0,46,2,48,36,2,74,3,115,60,0,60,175
03/30/2016,RFD,IL,AGL,CE,Combined TRACON& Tower with Radar,37,1,14,1,53,0,0,2,0,2,37,1,16,1,55,16,0,16,71
03/31/2016,RFD,IL,AGL,CE,Combined TRACON& Tower with Radar,40,3,2,0,45,0,0,1,0,1,40,3,3,0,46,0,0,0,46
04/01/2016,RFD,IL,AGL,CE,Combined TRACON& Tower with Radar,27,2,11,3,43,0,0,5,3,8,27,2,16,6,51,4,0,4,55
04/02/2016,RFD,IL,AGL,CE,Combined TRACON& Tower with Radar,14,4,3,0,21,0,0,0,0,0,14,4,3,0,21,0,0,0,21
04/03/2016,RFD,IL,AGL,CE,Combined TRACON& Tower with Radar,8,8,9,1,26,0,4,8,1,13,8,12,17,2,39,0,0,0,39
04/04/2016,RFD,IL,AGL,CE,Combined TRACON& Tower with Radar,17,1,17,1,36,0,3,3,0,6,17,4,20,1,42,0,0,0,42
04/05/2016,RFD,IL,AGL,CE,Combined TRACON& Tower with Radar,33,0,19,2,54,0,3,23,3,29,33,3,42,5,83,8,0,8,91
04/06/2016,RFD,IL,AGL,CE,Combined TRACON& Tower with Radar,31,0,13,8,52,0,0,5,0,5,31,0,18,8,57,2,6,8,65
04/07/2016,RFD,IL,AGL,CE,Combined TRACON& Tower with Radar,34,0,20,7,61,0,2,22,1,25,34,2,42,8,86,40,0,40,126
04/08/2016,RFD,IL,AGL,CE,Combined TRACON& Tower with Radar,25,8,8,2,43,0,0,0,2,2,25,8,8,4,45,0,0,0,45
04/09/2016,RFD,IL,AGL,CE,Combined TRACON& Tower with Radar,10,7,31,3,51,0,1,64,1,66,10,8,95,4,117,22,0,22,139
04/10/2016,RFD,IL,AGL,CE,Combined TRACON& Tower with Radar,8,0,12,0,20,0,0,0,0,0,8,0,12,0,20,4,0,4,24
04/11/2016,RFD,IL,AGL,CE,Combined TRACON& Tower with Radar,17,6,24,4,51,0,1,28,5,34,17,7,52,9,85,12,0,12,97
04/12/2016,RFD,IL,AGL,CE,Combined TRACON& Tower with Radar,29,1,28,1,59,0,2,48,2,52,29,3,76,3,111,6,0,6,117
04/13/2016,RFD,IL,AGL,CE,Combined TRACON& Tower with Radar,25,19,26,4,74,0,0,38,4,42,25,19,64,8,116,56,0,56,172
04/14/2016,RFD,IL,AGL,CE,Combined TRACON& Tower with Radar,33,2,24,9,68,0,6,57,3,66,33,8,81,12,134,12,10,22,156
04/15/2016,RFD,IL,AGL,CE,Combined TRACON& Tower with Radar,24,3,17,6,50,0,0,39,0,39,24,3,56,6,89,54,6,60,149
04/16/2016,RFD,IL,AGL,CE,Combined TRACON& Tower with Radar,5,5,36,4,50,0,0,45,3,48,5,5,81,7,98,54,0,54,152
04/17/2016,RFD,IL,AGL,CE,Combined TRACON& Tower with Radar,6,3,9,3,21,0,0,25,0,25,6,3,34,3,46,20,0,20,66
04/18/2016,RFD,IL,AGL,CE,Combined TRACON& Tower with Radar,16,4,20,4,44,0,0,34,4,38,16,4,54,8,82,6,0,6,88
04/19/2016,RFD,IL,AGL,CE,Combined TRACON& Tower with Radar,29,1,18,1,49,0,0,6,2,8,29,1,24,3,57,20,0,20,77
04/20/2016,RFD,IL,AGL,CE,Combined TRACON& Tower with Radar,28,2,26,4,60,0,0,25,3,28,28,2,51,7,88,50,0,50,138
04/21/2016,RFD,IL,AGL,CE,Combined TRACON& Tower with Radar,33,1,14,1,49,0,0,20,1,21,33,1,34,2,70,72,0,72,142
04/22/2016,RFD,IL,AGL,CE,Combined TRACON& Tower with Radar,23,6,37,0,66,0,0,22,0,22,23,6,59,0,88,12,0,12,100
04/23/2016,RFD,IL,AGL,CE,Combined TRACON& Tower with Radar,5,2,37,1,45,0,0,24,1,25,5,2,61,2,70,24,0,24,94
04/24/2016,RFD,IL,AGL,CE,Combined TRACON& Tower with Radar,7,0,22,0,29,0,0,22,0,22,7,0,44,0,51,18,0,18,69
04/25/2016,RFD,IL,AGL,CE,Combined TRACON& Tower with Radar,13,0,8,1,22,0,0,15,1,16,13,0,23,2,38,4,0,4,42
04/26/2016,RFD,IL,AGL,CE,Combined TRACON& Tower with Radar,25,7,49,1,82,0,1,5,0,6,25,8,54,1,88,44,0,44,132
04/27/2016,RFD,IL,AGL,CE,Combined TRACON& Tower with Radar,31,5,17,1,54,0,0,5,1,6,31,5,22,2,60,4,0,4,64
04/28/2016,RFD,IL,AGL,CE,Combined TRACON& Tower with Radar,34,2,20,0,56,0,4,4,0,8,34,6,24,0,64,18,0,18,82
04/29/2016,RFD,IL,AGL,CE,Combined TRACON& Tower with Radar,24,6,37,1,68,0,0,12,3,15,24,6,49,4,83,40,0,40,123
04/30/2016,RFD,IL,AGL,CE,Combined TRACON& Tower with Radar,6,1,22,2,31,0,0,1,1,2,6,1,23,3,33,2,0,2,35
05/01/2016,RFD,IL,AGL,CE,Combined TRACON& Tower with Radar,9,4,18,0,31,0,0,6,0,6,9,4,24,0,37,28,0,28,65
05/02/2016,RFD,IL,AGL,CE,Combined TRACON& Tower with Radar,12,0,16,0,28,0,1,48,2,51,12,1,64,2,79,21,0,21,100
05/03/2016,RFD,IL,AGL,CE,Combined TRACON& Tower with Radar,30,6,27,1,64,0,0,27,3,30,30,6,54,4,94,68,12,80,174
05/04/2016,RFD,IL,AGL,CE,Combined TRACON& Tower with Radar,28,2,18,11,59,0,2,15,1,18,28,4,33,12,77,42,16,58,135
05/05/2016,RFD,IL,AGL,CE,Combined TRACON& Tower with Radar,34,2,21,1,58,0,0,34,3,37,34,2,55,4,95,18,0,18,113
05/06/2016,RFD,IL,AGL,CE,Combined TRACON& Tower with Radar,25,0,26,12,63,0,0,34,3,37,25,0,60,15,100,10,10,20,120
05/07/2016,RFD,IL,AGL,CE,Combined TRACON& Tower with Radar,4,0,20,15,39,0,4,16,1,21,4,4,36,16,60,46,8,54,114
05/08/2016,RFD,IL,AGL,CE,Combined TRACON& Tower with Radar,6,2,32,0,40,0,0,18,0,18,6,2,50,0,58,56,0,56,114
05/09/2016,RFD,IL,AGL,CE,Combined TRACON& Tower with Radar,16,1,22,2,41,0,2,6,2,10,16,3,28,4,51,0,0,0,51
05/10/2016,RFD,IL,AGL,CE,Combined TRACON& Tower with Radar,26,1,19,0,46,0,0,0,0,0,26,1,19,0,46,0,0,0,46
05/11/2016,RFD,IL,AGL,CE,Combined TRACON& Tower with Radar,32,8,32,2,74,0,0,1,0,1,32,8,33,2,75,2,0,2,77
05/12/2016,RFD,IL,AGL,CE,Combined TRACON& Tower with Radar,33,1,29,2,65,0,0,20,2,22,33,1,49,4,87,24,0,24,111
05/13/2016,RFD,IL,AGL,CE,Combined TRACON& Tower with Radar,23,1,23,3,50,0,3,39,1,43,23,4,62,4,93,32,0,32,125
05/14/2016,RFD,IL,AGL,CE,Combined TRACON& Tower with Radar,5,0,20,1,26,0,3,22,2,27,5,3,42,3,53,0,0,0,53
05/15/2016,RFD,IL,AGL,CE,Combined TRACON& Tower with Radar,6,0,14,2,22,0,1,28,2,31,6,1,42,4,53,16,0,16,69
05/16/2016,RFD,IL,AGL,CE,Combined TRACON& Tower with Radar,15,2,36,6,59,0,0,19,1,20,15,2,55,7,79,28,8,36,115
05/17/2016,RFD,IL,AGL,CE,Combined TRACON& Tower with Radar,27,10,37,2,76,0,2,35,2,39,27,12,72,4,115,22,0,22,137
05/18/2016,RFD,IL,AGL,CE,Combined TRACON& Tower with Radar,27,3,18,15,63,0,0,43,3,46,27,3,61,18,109,22,24,46,155
05/19/2016,RFD,IL,AGL,CE,Combined TRACON& Tower with Radar,33,2,25,2,62,0,0,37,2,39,33,2,62,4,101,16,0,16,117
05/20/2016,RFD,IL,AGL,CE,Combined TRACON& Tower with Radar,26,3,33,27,89,0,0,37,2,39,26,3,70,29,128,78,0,78,206
05/21/2016,RFD,IL,AGL,CE,Combined TRACON& Tower with Radar,8,1,22,3,34,0,0,37,4,41,8,1,59,7,75,30,0,30,105
05/22/2016,RFD,IL,AGL,CE,Combined TRACON& Tower with Radar,6,1,36,2,45,0,0,32,1,33,6,1,68,3,78,4,0,4,82
05/23/2016,RFD,IL,AGL,CE,Combined TRACON& Tower with Radar,13,11,27,0,51,0,4,41,0,45,13,15,68,0,96,20,0,20,116
05/24/2016,RFD,IL,AGL,CE,Combined TRACON& Tower with Radar,29,4,11,3,47,0,1,24,1,26,29,5,35,4,73,24,0,24,97
05/25/2016,RFD,IL,AGL,CE,Combined TRACON& Tower with Radar,38,2,15,0,55,0,0,21,0,21,38,2,36,0,76,28,0,28,104
05/26/2016,RFD,IL,AGL,CE,Combined TRACON& Tower with Radar,32,6,28,5,71,0,3,29,3,35,32,9,57,8,106,36,2,38,144
05/27/2016,RFD,IL,AGL,CE,Combined TRACON& Tower with Radar,24,6,9,2,41,0,0,7,2,9,24,6,16,4,50,4,0,4,54
05/28/2016,RFD,IL,AGL,CE,Combined TRACON& Tower with Radar,9,1,14,0,24,0,4,3,1,8,9,5,17,1,32,2,0,2,34
05/29/2016,RFD,IL,AGL,CE,Combined TRACON& Tower with Radar,6,0,13,1,20,0,0,16,1,17,6,0,29,2,37,6,0,6,43
05/30/2016,RFD,IL,AGL,CE,Combined TRACON& Tower with Radar,4,3,21,2,30,0,0,31,2,33,4,3,52,4,63,26,0,26,89
05/31/2016,RFD,IL,AGL,CE,Combined TRACON& Tower with Radar,18,6,8,1,33,0,1,4,1,6,18,7,12,2,39,0,0,0,39
06/01/2016,RFD,IL,AGL,CE,Combined TRACON& Tower with Radar,31,0,28,2,61,0,1,19,0,20,31,1,47,2,81,26,0,26,107
06/02/2016,RFD,IL,AGL,CE,Combined TRACON& Tower with Radar,32,2,33,3,70,0,0,71,4,75,32,2,104,7,145,42,0,42,187
06/03/2016,RFD,IL,AGL,CE,Combined TRACON& Tower with Radar,26,0,33,2,61,0,2,51,1,54,26,2,84,3,115,22,0,22,137
06/04/2016,RFD,IL,AGL,CE,Combined TRACON& Tower with Radar,15,1,17,0,33,0,0,6,0,6,15,1,23,0,39,2,0,2,41
06/05/2016,RFD,IL,AGL,CE,Combined TRACON& Tower with Radar,6,4,48,1,59,0,0,34,1,35,6,4,82,2,94,30,0,30,124
06/06/2016,RFD,IL,AGL,CE,Combined TRACON& Tower with Radar,12,6,26,14,58,0,0,13,2,15,12,6,39,16,73,12,8,20,93
06/07/2016,RFD,IL,AGL,CE,Combined TRACON& Tower with Radar,33,2,23,10,68,0,0,42,4,46,33,2,65,14,114,62,4,66,180
06/08/2016,RFD,IL,AGL,CE,Combined TRACON& Tower with Radar,26,1,27,19,73,0,0,55,3,58,26,1,82,22,131,126,16,142,273
06/09/2016,RFD,IL,AGL,CE,Combined TRACON& Tower with Radar,35,6,9,8,58,0,0,2,0,2,35,6,11,8,60,0,0,0,60
06/10/2016,RFD,IL,AGL,CE,Combined TRACON& Tower with Radar,24,7,41,0,72,0,2,42,0,44,24,9,83,0,116,24,0,24,140
06/11/2016,RFD,IL,AGL,CE,Combined TRACON& Tower with Radar,12,0,27,1,40,0,0,23,3,26,12,0,50,4,66,36,0,36,102
06/12/2016,RFD,IL,AGL,CE,Combined TRACON& Tower with Radar,6,0,18,2,26,0,1,22,1,24,6,1,40,3,50,6,0,6,56
06/13/2016,RFD,IL,AGL,CE,Combined TRACON& Tower with Radar,15,9,22,2,48,0,0,24,2,26,15,9,46,4,74,8,0,8,82
06/14/2016,RFD,IL,AGL,CE,Combined TRACON& Tower with Radar,28,2,7,1,38,0,0,12,1,13,28,2,19,2,51,4,0,4,55
06/15/2016,RFD,IL,AGL,CE,Combined TRACON& Tower with Radar,29,0,4,2,35,0,0,19,2,21,29,0,23,4,56,0,0,0,56
06/16/2016,RFD,IL,AGL,CE,Combined TRACON& Tower with Radar,14,2,18,22,56,0,0,20,2,22,14,2,38,24,78,18,6,24,102
06/17/2016,RFD,IL,AGL,CE,Combined TRACON& Tower with Radar,23,2,35,1,61,0,0,73,5,78,23,2,108,6,139,178,2,180,319
06/18/2016,RFD,IL,AGL,CE,Combined TRACON& Tower with Radar,11,1,15,2,29,0,0,29,3,32,11,1,44,5,61,54,0,54,115
06/19/2016,RFD,IL,AGL,CE,Combined TRACON& Tower with Radar,5,5,16,1,27,0,0,14,0,14,5,5,30,1,41,10,0,10,51
06/20/2016,RFD,IL,AGL,CE,Combined TRACON& Tower with Radar,14,6,16,3,39,0,1,34,3,38,14,7,50,6,77,24,0,24,101
06/21/2016,RFD,IL,AGL,CE,Combined TRACON& Tower with Radar,31,2,13,0,46,0,0,28,0,28,31,2,41,0,74,30,0,30,104
06/22/2016,RFD,IL,AGL,CE,Combined TRACON& Tower with Radar,36,5,8,1,50,0,0,2,1,3,36,5,10,2,53,6,0,6,59
06/23/2016,RFD,IL,AGL,CE,Combined TRACON& Tower with Radar,37,11,51,1,100,0,1,11,1,13,37,12,62,2,113,40,0,40,153
06/24/2016,RFD,IL,AGL,CE,Combined TRACON& Tower with Radar,24,6,52,4,86,0,4,43,2,49,24,10,95,6,135,24,0,24,159
06/25/2016,RFD,IL,AGL,CE,Combined TRACON& Tower with Radar,12,1,16,23,52,0,0,38,2,40,12,1,54,25,92,24,0,24,116
06/26/2016,RFD,IL,AGL,CE,Combined TRACON& Tower with Radar,6,0,11,0,17,0,0,5,0,5,6,0,16,0,22,12,0,12,34
06/27/2016,RFD,IL,AGL,CE,Combined TRACON& Tower with Radar,13,3,14,3,33,0,2,17,4,23,13,5,31,7,56,70,0,70,126
06/28/2016,RFD,IL,AGL,CE,Combined TRACON& Tower with Radar,20,0,13,0,33,0,0,33,0,33,20,0,46,0,66,56,0,56,122
06/29/2016,RFD,IL,AGL,CE,Combined TRACON& Tower with Radar,13,0,26,1,40,0,0,47,1,48,13,0,73,2,88,28,0,28,116
06/30/2016,RFD,IL,AGL,CE,Combined TRACON& Tower with Radar,34,13,16,1,64,0,1,21,1,23,34,14,37,2,87,0,0,0,87
07/01/2016,RFD,IL,AGL,CE,Combined TRACON& Tower with Radar,21,6,25,2,54,0,2,34,3,39,21,8,59,5,93,14,0,14,107
07/02/2016,RFD,IL,AGL,CE,Combined TRACON& Tower with Radar,13,7,13,3,36,0,6,28,2,36,13,13,41,5,72,10,0,10,82
07/03/2016,RFD,IL,AGL,CE,Combined TRACON& Tower with Radar,4,1,9,2,16,0,0,14,2,16,4,1,23,4,32,12,0,12,44
07/04/2016,RFD,IL,AGL,CE,Combined TRACON& Tower with Radar,6,3,18,0,27,0,0,13,0,13,6,3,31,0,40,8,0,8,48
07/05/2016,RFD,IL,AGL,CE,Combined TRACON& Tower with Radar,9,5,13,1,28,0,3,20,1,24,9,8,33,2,52,10,0,10,62
07/06/2016,RFD,IL,AGL,CE,Combined TRACON& Tower with Radar,27,2,5,4,38,0,2,24,1,27,27,4,29,5,65,22,0,22,87
07/07/2016,RFD,IL,AGL,CE,Combined TRACON& Tower with Radar,37,1,14,14,66,0,0,18,2,20,37,1,32,16,86,12,6,18,104
07/08/2016,RFD,IL,AGL,CE,Combined TRACON& Tower with Radar,26,5,19,2,52,0,2,18,2,22,26,7,37,4,74,20,0,20,94
07/09/2016,RFD,IL,AGL,CE,Combined TRACON& Tower with Radar,12,0,11,18,41,0,0,21,7,28,12,0,32,25,69,24,0,24,93
07/10/2016,RFD,IL,AGL,CE,Combined TRACON& Tower with Radar,4,1,15,2,22,0,0,23,3,26,4,1,38,5,48,0,0,0,48
07/11/2016,RFD,IL,AGL,CE,Combined TRACON& Tower with Radar,18,3,34,1,56,0,1,23,0,24,18,4,57,1,80,0,0,0,80
07/12/2016,RFD,IL,AGL,CE,Combined TRACON& Tower with Radar,29,4,18,0,51,0,0,16,0,16,29,4,34,0,67,32,0,32,99
07/13/2016,RFD,IL,AGL,CE,Combined TRACON& Tower with Radar,28,1,18,2,49,0,0,11,2,13,28,1,29,4,62,0,0,0,62
07/14/2016,RFD,IL,AGL,CE,Combined TRACON& Tower with Radar,32,4,28,2,66,0,0,63,2,65,32,4,91,4,131,38,0,38,169
07/15/2016,RFD,IL,AGL,CE,Combined TRACON& Tower with Radar,29,0,51,7,87,0,6,32,3,41,29,6,83,10,128,54,0,54,182
07/16/2016,RFD,IL,AGL,CE,Combined TRACON& Tower with Radar,13,2,29,2,46,0,2,46,2,50,13,4,75,4,96,24,0,24,120
07/17/2016,RFD,IL,AGL,CE,Combined TRACON& Tower with Radar,4,1,11,2,18,0,0,7,0,7,4,1,18,2,25,0,0,0,25
07/18/2016,RFD,IL,AGL,CE,Combined TRACON& Tower with Radar,15,5,24,2,46,0,0,37,1,38,15,5,61,3,84,24,0,24,108
07/19/2016,RFD,IL,AGL,CE,Combined TRACON& Tower with Radar,31,2,15,16,64,0,0,48,0,48,31,2,63,16,112,18,14,32,144
07/20/2016,RFD,IL,AGL,CE,Combined TRACON& Tower with Radar,26,2,19,0,47,0,3,25,0,28,26,5,44,0,75,20,0,20,95
07/21/2016,RFD,IL,AGL,CE,Combined TRACON& Tower with Radar,34,5,44,12,95,0,0,35,0,35,34,5,79,12,130,12,0,12,142
07/22/2016,RFD,IL,AGL,CE,Combined TRACON& Tower with Radar,34,6,77,1,118,0,0,93,1,94,34,6,170,2,212,24,0,24,236
07/23/2016,RFD,IL,AGL,CE,Combined TRACON& Tower with Radar,8,2,29,0,39,0,2,17,0,19,8,4,46,0,58,14,0,14,72
07/24/2016,RFD,IL,AGL,CE,Combined TRACON& Tower with Radar,12,3,15,0,30,0,0,25,0,25,12,3,40,0,55,14,0,14,69
07/25/2016,RFD,IL,AGL,CE,Combined TRACON& Tower with Radar,17,5,32,2,56,0,0,42,3,45,17,5,74,5,101,50,0,50,151
07/26/2016,RFD,IL,AGL,CE,Combined TRACON& Tower with Radar,28,2,17,3,50,0,0,30,5,35,28,2,47,8,85,0,0,0,85
07/27/2016,RFD,IL,AGL,CE,Combined TRACON& Tower with Radar,37,5,26,3,71,0,0,26,2,28,37,5,52,5,99,4,0,4,103
07/28/2016,RFD,IL,AGL,CE,Combined TRACON& Tower with Radar,31,1,26,1,59,0,0,10,1,11,31,1,36,2,70,0,0,0,70
07/29/2016,RFD,IL,AGL,CE,Combined TRACON& Tower with Radar,31,0,19,2,52,0,0,4,0,4,31,0,23,2,56,0,0,0,56
07/30/2016,RFD,IL,AGL,CE,Combined TRACON& Tower with Radar,10,4,35,0,49,0,0,21,1,22,10,4,56,1,71,6,0,6,77
07/31/2016,RFD,IL,AGL,CE,Combined TRACON& Tower with Radar,7,1,18,2,28,0,0,29,3,32,7,1,47,5,60,14,0,14,74
08/01/2016,RFD,IL,AGL,CE,Combined TRACON& Tower with Radar,16,0,30,1,47,0,0,28,1,29,16,0,58,2,76,12,0,12,88
08/02/2016,RFD,IL,AGL,CE,Combined TRACON& Tower with Radar,30,1,25,3,59,0,3,39,3,45,30,4,64,6,104,66,0,66,170
08/03/2016,RFD,IL,AGL,CE,Combined TRACON& Tower with Radar,26,1,36,13,76,0,0,13,2,15,26,1,49,15,91,10,0,10,101
08/04/2016,RFD,IL,AGL,CE,Combined TRACON& Tower with Radar,32,5,21,10,68,0,3,30,2,35,32,8,51,12,103,32,6,38,141
08/05/2016,RFD,IL,AGL,CE,Combined TRACON& Tower with Radar,27,3,29,0,59,0,2,16,0,18,27,5,45,0,77,24,0,24,101
08/06/2016,RFD,IL,AGL,CE,Combined TRACON& Tower with Radar,7,0,23,11,41,0,0,43,6,49,7,0,66,17,90,48,0,48,138
08/07/2016,RFD,IL,AGL,CE,Combined TRACON& Tower with Radar,4,0,18,2,24,0,0,28,1,29,4,0,46,3,53,10,0,10,63
08/08/2016,RFD,IL,AGL,CE,Combined TRACON& Tower with Radar,19,0,28,3,50,0,2,28,3,33,19,2,56,6,83,22,0,22,105
08/09/2016,RFD,IL,AGL,CE,Combined TRACON& Tower with Radar,32,1,29,1,63,0,0,36,1,37,32,1,65,2,100,34,0,34,134
08/10/2016,RFD,IL,AGL,CE,Combined TRACON& Tower with Radar,28,6,24,1,59,0,0,34,1,35,28,6,58,2,94,20,0,20,114
08/11/2016,RFD,IL,AGL,CE,Combined TRACON& Tower with Radar,31,2,33,5,71,0,0,47,1,48,31,2,80,6,119,52,0,52,171
08/12/2016,RFD,IL,AGL,CE,Combined TRACON& Tower with Radar,30,2,16,1,49,0,0,3,0,3,30,2,19,1,52,0,0,0,52
08/13/2016,RFD,IL,AGL,CE,Combined TRACON& Tower with Radar,6,2,46,4,58,0,0,10,2,12,6,2,56,6,70,10,0,10,80
08/14/2016,RFD,IL,AGL,CE,Combined TRACON& Tower with Radar,8,2,26,1,37,0,0,37,1,38,8,2,63,2,75,18,0,18,93
08/15/2016,RFD,IL,AGL,CE,Combined TRACON& Tower with Radar,17,0,17,4,38,0,0,19,3,22,17,0,36,7,60,8,0,8,68
08/16/2016,RFD,IL,AGL,CE,Combined TRACON& Tower with Radar,26,2,7,1,36,0,0,22,2,24,26,2,29,3,60,34,0,34,94
08/17/2016,RFD,IL,AGL,CE,Combined TRACON& Tower with Radar,27,2,18,1,48,0,2,20,0,22,27,4,38,1,70,8,0,8,78
08/18/2016,RFD,IL,AGL,CE,Combined TRACON& Tower with Radar,32,2,21,4,59,0,2,25,2,29,32,4,46,6,88,0,0,0,88
08/19/2016,RFD,IL,AGL,CE,Combined TRACON& Tower with Radar,33,0,21,1,55,0,0,26,1,27,33,0,47,2,82,0,0,0,82
08/20/2016,RFD,IL,AGL,CE,Combined TRACON& Tower with Radar,5,3,9,1,18,0,2,0,1,3,5,5,9,2,21,4,0,4,25
08/21/2016,RFD,IL,AGL,CE,Combined TRACON& Tower with Radar,7,1,26,4,38,0,0,22,3,25,7,1,48,7,63,2,0,2,65
08/22/2016,RFD,IL,AGL,CE,Combined TRACON& Tower with Radar,14,5,18,1,38,0,1,36,1,38,14,6,54,2,76,10,0,10,86
08/23/2016,RFD,IL,AGL,CE,Combined TRACON& Tower with Radar,28,12,55,1,96,0,3,51,3,57,28,15,106,4,153,6,0,6,159
08/24/2016,RFD,IL,AGL,CE,Combined TRACON& Tower with Radar,26,6,25,0,57,0,0,6,1,7,26,6,31,1,64,0,0,0,64
08/25/2016,RFD,IL,AGL,CE,Combined TRACON& Tower with Radar,34,5,24,6,69,0,0,26,6,32,34,5,50,12,101,12,0,12,113
08/26/2016,RFD,IL,AGL,CE,Combined TRACON& Tower with Radar,28,3,29,6,66,0,3,42,4,49,28,6,71,10,115,10,0,10,125
08/27/2016,RFD,IL,AGL,CE,Combined TRACON& Tower with Radar,4,4,30,1,39,0,0,11,1,12,4,4,41,2,51,20,0,20,71
08/28/2016,RFD,IL,AGL,CE,Combined TRACON& Tower with Radar,6,0,20,1,27,0,0,19,0,19,6,0,39,1,46,12,0,12,58
08/29/2016,RFD,IL,AGL,CE,Combined TRACON& Tower with Radar,27,0,18,1,46,0,3,15,1,19,27,3,33,2,65,8,0,8,73
08/30/2016,RFD,IL,AGL,CE,Combined TRACON& Tower with Radar,29,4,33,1,67,0,0,9,1,10,29,4,42,2,77,10,0,10,87
08/31/2016,RFD,IL,AGL,CE,Combined TRACON& Tower with Radar,28,7,25,1,61,0,0,27,1,28,28,7,52,2,89,10,0,10,99
09/01/2016,RFD,IL,AGL,CE,Combined TRACON& Tower with Radar,34,3,42,0,79,0,0,35,0,35,34,3,77,0,114,38,0,38,152
09/02/2016,RFD,IL,AGL,CE,Combined TRACON& Tower with Radar,27,6,21,2,56,0,0,43,2,45,27,6,64,4,101,10,0,10,111
09/03/2016,RFD,IL,AGL,CE,Combined TRACON& Tower with Radar,5,0,17,2,24,0,0,27,3,30,5,0,44,5,54,22,0,22,76
09/04/2016,RFD,IL,AGL,CE,Combined TRACON& Tower with Radar,8,0,22,4,34,0,0,14,2,16,8,0,36,6,50,2,0,2,52
09/05/2016,RFD,IL,AGL,CE,Combined TRACON& Tower with Radar,6,8,15,0,29,0,0,24,0,24,6,8,39,0,53,18,0,18,71
09/06/2016,RFD,IL,AGL,CE,Combined TRACON& Tower with Radar,12,4,17,5,38,0,0,17,3,20,12,4,34,8,58,14,6,20,78
09/07/2016,RFD,IL,AGL,CE,Combined TRACON& Tower with Radar,33,2,16,12,63,0,0,3,1,4,33,2,19,13,67,10,14,24,91
09/08/2016,RFD,IL,AGL,CE,Combined TRACON& Tower with Radar,39,1,24,10,74,0,2,11,1,14,39,3,35,11,88,2,4,6,94
09/09/2016,RFD,IL,AGL,CE,Combined TRACON& Tower with Radar,32,1,23,20,76,0,0,13,0,13,32,1,36,20,89,4,8,12,101
09/10/2016,RFD,IL,AGL,CE,Combined TRACON& Tower with Radar,11,0,9,1,21,0,1,5,1,7,11,1,14,2,28,14,0,14,42
09/11/2016,RFD,IL,AGL,CE,Combined TRACON& Tower with Radar,10,0,30,2,42,0,2,50,2,54,10,2,80,4,96,8,0,8,104
09/12/2016,RFD,IL,AGL,CE,Combined TRACON& Tower with Radar,18,1,37,2,58,0,0,21,2,23,18,1,58,4,81,28,0,28,109
09/13/2016,RFD,IL,AGL,CE,Combined TRACON& Tower with Radar,34,0,27,1,62,0,0,12,1,13,34,0,39,2,75,12,0,12,87
09/14/2016,RFD,IL,AGL,CE,Combined TRACON& Tower with Radar,28,4,35,5,72,0,0,42,1,43,28,4,77,6,115,90,20,110,225
09/15/2016,RFD,IL,AGL,CE,Combined TRACON& Tower with Radar,36,2,34,0,72,0,2,37,0,39,36,4,71,0,111,32,0,32,143
09/16/2016,RFD,IL,AGL,CE,Combined TRACON& Tower with Radar,28,9,19,18,74,0,1,13,2,16,28,10,32,20,90,2,0,2,92
09/17/2016,RFD,IL,AGL,CE,Combined TRACON& Tower with Radar,10,6,16,4,36,0,0,12,4,16,10,6,28,8,52,6,2,8,60
09/18/2016,RFD,IL,AGL,CE,Combined TRACON& Tower with Radar,9,3,15,3,30,0,0,22,2,24,9,3,37,5,54,0,0,0,54
09/19/2016,RFD,IL,AGL,CE,Combined TRACON& Tower with Radar,18,5,26,1,50,0,0,24,1,25,18,5,50,2,75,34,0,34,109
09/20/2016,RFD,IL,AGL,CE,Combined TRACON& Tower with Radar,30,4,34,0,68,0,0,45,0,45,30,4,79,0,113,36,2,38,151
09/21/2016,RFD,IL,AGL,CE,Combined TRACON& Tower with Radar,31,1,12,0,44,0,0,7,1,8,31,1,19,1,52,0,0,0,52
09/22/2016,RFD,IL,AGL,CE,Combined TRACON& Tower with Radar,41,7,35,2,85,0,0,38,2,40,41,7,73,4,125,4,0,4,129
09/23/2016,RFD,IL,AGL,CE,Combined TRACON& Tower with Radar,29,1,37,4,71,0,0,12,1,13,29,1,49,5,84,4,0,4,88
09/24/2016,RFD,IL,AGL,CE,Combined TRACON& Tower with Radar,12,1,38,4,55,0,0,13,0,13,12,1,51,4,68,20,0,20,88
09/25/2016,RFD,IL,AGL,CE,Combined TRACON& Tower with Radar,8,0,17,3,28,0,0,15,1,16,8,0,32,4,44,20,0,20,64
09/26/2016,RFD,IL,AGL,CE,Combined TRACON& Tower with Radar,14,6,18,1,39,0,1,17,1,19,14,7,35,2,58,8,0,8,66
09/27/2016,RFD,IL,AGL,CE,Combined TRACON& Tower with Radar,35,6,11,4,56,0,0,12,5,17,35,6,23,9,73,10,0,10,83
09/28/2016,RFD,IL,AGL,CE,Combined TRACON& Tower with Radar,31,9,27,1,68,0,0,11,1,12,31,9,38,2,80,12,0,12,92
09/29/2016,RFD,IL,AGL,CE,Combined TRACON& Tower with Radar,39,6,33,3,81,0,0,8,2,10,39,6,41,5,91,0,0,0,91
09/30/2016,RFD,IL,AGL,CE,Combined TRACON& Tower with Radar,32,5,31,21,89,0,0,4,1,5,32,5,35,22,94,6,12,18,112
10/01/2016,RFD,IL,AGL,CE,Combined TRACON& Tower with Radar,9,7,41,2,59,0,0,3,0,3,9,7,44,2,62,18,0,18,80
10/02/2016,RFD,IL,AGL,CE,Combined TRACON& Tower with Radar,10,1,25,2,38,0,1,6,2,9,10,2,31,4,47,0,0,0,47
10/03/2016,RFD,IL,AGL,CE,Combined TRACON& Tower with Radar,18,4,41,1,64,0,0,58,1,59,18,4,99,2,123,42,0,42,165
10/04/2016,RFD,IL,AGL,CE,Combined TRACON& Tower with Radar,33,4,23,2,62,0,0,30,3,33,33,4,53,5,95,20,0,20,115
10/05/2016,RFD,IL,AGL,CE,Combined TRACON& Tower with Radar,37,7,30,3,77,0,0,22,2,24,37,7,52,5,101,2,0,2,103
10/06/2016,RFD,IL,AGL,CE,Combined TRACON& Tower with Radar,38,3,6,0,47,0,0,3,0,3,38,3,9,0,50,10,0,10,60
10/07/2016,RFD,IL,AGL,CE,Combined TRACON& Tower with Radar,28,10,28,1,67,0,1,15,1,17,28,11,43,2,84,30,0,30,114
10/08/2016,RFD,IL,AGL,CE,Combined TRACON& Tower with Radar,11,7,31,1,50,0,2,28,2,32,11,9,59,3,82,30,0,30,112
10/09/2016,RFD,IL,AGL,CE,Combined TRACON& Tower with Radar,11,12,34,5,62,0,0,34,1,35,11,12,68,6,97,36,0,36,133
10/10/2016,RFD,IL,AGL,CE,Combined TRACON& Tower with Radar,18,6,23,4,51,0,2,31,2,35,18,8,54,6,86,12,0,12,98
10/11/2016,RFD,IL,AGL,CE,Combined TRACON& Tower with Radar,33,9,29,0,71,0,0,22,0,22,33,9,51,0,93,8,0,8,101
10/12/2016,RFD,IL,AGL,CE,Combined TRACON& Tower with Radar,31,4,22,0,57,0,0,6,0,6,31,4,28,0,63,8,0,8,71
10/13/2016,RFD,IL,AGL,CE,Combined TRACON& Tower with Radar,37,9,34,0,80,0,1,36,0,37,37,10,70,0,117,40,0,40,157
10/14/2016,RFD,IL,AGL,CE,Combined TRACON& Tower with Radar,29,7,20,3,59,0,0,38,4,42,29,7,58,7,101,28,0,28,129
10/15/2016,RFD,IL,AGL,CE,Combined TRACON& Tower with Radar,11,1,29,3,44,0,0,2,0,2,11,1,31,3,46,12,0,12,58
10/16/2016,RFD,IL,AGL,CE,Combined TRACON& Tower with Radar,10,3,19,1,33,0,0,4,0,4,10,3,23,1,37,16,2,18,55
10/17/2016,RFD,IL,AGL,CE,Combined TRACON& Tower with Radar,17,5,24,1,47,0,0,7,1,8,17,5,31,2,55,0,0,0,55
10/18/2016,RFD,IL,AGL,CE,Combined TRACON& Tower with Radar,35,0,38,3,76,0,0,36,0,36,35,0,74,3,112,22,0,22,134
10/19/2016,RFD,IL,AGL,CE,Combined TRACON& Tower with Radar,29,0,23,1,53,0,0,41,1,42,29,0,64,2,95,20,0,20,115
10/20/2016,RFD,IL,AGL,CE,Combined TRACON& Tower with Radar,39,2,35,2,78,0,0,11,1,12,39,2,46,3,90,20,0,20,110
10/21/2016,RFD,IL,AGL,CE,Combined TRACON& Tower with Radar,32,2,35,4,73,0,2,28,2,32,32,4,63,6,105,6,0,6,111
10/22/2016,RFD,IL,AGL,CE,Combined TRACON& Tower with Radar,13,1,29,3,46,0,1,41,3,45,13,2,70,6,91,46,0,46,137
10/23/2016,RFD,IL,AGL,CE,Combined TRACON& Tower with Radar,16,2,33,3,54,0,0,31,2,33,16,2,64,5,87,6,2,8,95
10/24/2016,RFD,IL,AGL,CE,Combined TRACON& Tower with Radar,17,13,25,4,59,0,0,52,4,56,17,13,77,8,115,56,0,56,171
10/25/2016,RFD,IL,AGL,CE,Combined TRACON& Tower with Radar,34,2,31,2,69,0,0,26,5,31,34,2,57,7,100,26,0,26,126
10/26/2016,RFD,IL,AGL,CE,Combined TRACON& Tower with Radar,30,6,17,0,53,0,0,1,0,1,30,6,18,0,54,0,0,0,54
10/27/2016,RFD,IL,AGL,CE,Combined TRACON& Tower with Radar,34,1,25,2,62,0,0,10,1,11,34,1,35,3,73,22,0,22,95
10/28/2016,RFD,IL,AGL,CE,Combined TRACON& Tower with Radar,31,4,33,3,71,0,0,18,3,21,31,4,51,6,92,8,0,8,100
10/29/2016,RFD,IL,AGL,CE,Combined TRACON& Tower with Radar,13,6,19,13,51,0,0,18,4,22,13,6,37,17,73,46,0,46,119
10/30/2016,RFD,IL,AGL,CE,Combined TRACON& Tower with Radar,10,2,34,3,49,0,0,9,3,12,10,2,43,6,61,46,0,46,107
10/31/2016,RFD,IL,AGL,CE,Combined TRACON& Tower with Radar,17,3,20,2,42,0,0,29,1,30,17,3,49,3,72,22,0,22,94
11/01/2016,RFD,IL,AGL,CE,Combined TRACON& Tower with Radar,34,0,15,3,52,0,0,30,1,31,34,0,45,4,83,32,0,32,115
11/02/2016,RFD,IL,AGL,CE,Combined TRACON& Tower with Radar,33,0,18,0,51,0,0,2,0,2,33,0,20,0,53,14,0,14,67
11/03/2016,RFD,IL,AGL,CE,Combined TRACON& Tower with Radar,39,3,19,1,62,0,0,20,3,23,39,3,39,4,85,32,0,32,117
11/04/2016,RFD,IL,AGL,CE,Combined TRACON& Tower with Radar,29,2,26,2,59,0,2,38,1,41,29,4,64,3,100,18,0,18,118
11/05/2016,RFD,IL,AGL,CE,Combined TRACON& Tower with Radar,17,2,32,4,55,0,0,40,2,42,17,2,72,6,97,8,0,8,105
11/06/2016,RFD,IL,AGL,CE,Combined TRACON& Tower with Radar,15,1,29,1,46,0,0,41,2,43,15,1,70,3,89,24,0,24,113
11/07/2016,RFD,IL,AGL,CE,Combined TRACON& Tower with Radar,19,3,33,3,58,0,0,47,3,50,19,3,80,6,108,24,0,24,132
11/08/2016,RFD,IL,AGL,CE,Combined TRACON& Tower with Radar,36,2,14,1,53,0,0,10,1,11,36,2,24,2,64,0,0,0,64
11/09/2016,RFD,IL,AGL,CE,Combined TRACON& Tower with Radar,32,1,19,1,53,0,0,26,3,29,32,1,45,4,82,42,0,42,124
11/10/2016,RFD,IL,AGL,CE,Combined TRACON& Tower with Radar,44,3,17,2,66,0,2,41,3,46,44,5,58,5,112,36,0,36,148
11/11/2016,RFD,IL,AGL,CE,Combined TRACON& Tower with Radar,32,0,17,4,53,0,0,30,2,32,32,0,47,6,85,50,0,50,135
11/12/2016,RFD,IL,AGL,CE,Combined TRACON& Tower with Radar,17,5,15,0,37,0,0,31,0,31,17,5,46,0,68,42,0,42,110
11/13/2016,RFD,IL,AGL,CE,Combined TRACON& Tower with Radar,14,3,10,1,28,0,1,19,1,21,14,4,29,2,49,28,0,28,77
11/14/2016,RFD,IL,AGL,CE,Combined TRACON& Tower with Radar,18,2,20,2,42,0,0,37,1,38,18,2,57,3,80,8,0,8,88
11/15/2016,RFD,IL,AGL,CE,Combined TRACON& Tower with Radar,38,3,18,2,61,0,0,27,3,30,38,3,45,5,91,44,0,44,135
11/16/2016,RFD,IL,AGL,CE,Combined TRACON& Tower with Radar,28,2,36,13,79,0,0,31,2,33,28,2,67,15,112,10,14,24,136
11/17/2016,RFD,IL,AGL,CE,Combined TRACON& Tower with Radar,42,0,28,2,72,0,0,20,2,22,42,0,48,4,94,10,0,10,104
11/18/2016,RFD,IL,AGL,CE,Combined TRACON& Tower with Radar,29,6,11,1,47,0,0,5,1,6,29,6,16,2,53,4,0,4,57
11/19/2016,RFD,IL,AGL,CE,Combined TRACON& Tower with Radar,14,0,4,1,19,0,0,1,1,2,14,0,5,2,21,2,0,2,23
11/20/2016,RFD,IL,AGL,CE,Combined TRACON& Tower with Radar,12,3,25,0,40,0,0,21,0,21,12,3,46,0,61,0,0,0,61
11/21/2016,RFD,IL,AGL,CE,Combined TRACON& Tower with Radar,21,3,35,1,60,0,0,35,2,37,21,3,70,3,97,54,0,54,151
11/22/2016,RFD,IL,AGL,CE,Combined TRACON& Tower with Radar,61,14,21,3,99,0,4,17,0,21,61,18,38,3,120,22,0,22,142
11/23/2016,RFD,IL,AGL,CE,Combined TRACON& Tower with Radar,56,0,10,2,68,0,0,0,0,0,56,0,10,2,68,0,0,0,68
11/24/2016,RFD,IL,AGL,CE,Combined TRACON& Tower with Radar,9,1,2,1,13,0,0,0,1,1,9,1,2,2,14,0,0,0,14
11/25/2016,RFD,IL,AGL,CE,Combined TRACON& Tower with Radar,11,0,19,1,31,0,0,3,1,4,11,0,22,2,35,0,0,0,35
11/26/2016,RFD,IL,AGL,CE,Combined TRACON& Tower with Radar,5,0,33,3,41,0,0,25,3,28,5,0,58,6,69,14,0,14,83
11/27/2016,RFD,IL,AGL,CE,Combined TRACON& Tower with Radar,6,1,26,0,33,0,0,0,0,0,6,1,26,0,33,0,0,0,33
11/28/2016,RFD,IL,AGL,CE,Combined TRACON& Tower with Radar,22,0,5,0,27,0,0,1,0,1,22,0,6,0,28,0,0,0,28
11/29/2016,RFD,IL,AGL,CE,Combined TRACON& Tower with Radar,55,0,24,2,81,0,0,54,2,56,55,0,78,4,137,42,0,42,179
11/30/2016,RFD,IL,AGL,CE,Combined TRACON& Tower with Radar,54,1,22,0,77,0,2,8,0,10,54,3,30,0,87,2,0,2,89
12/01/2016,RFD,IL,AGL,CE,Combined TRACON& Tower with Radar,59,4,7,0,70,0,0,3,0,3,59,4,10,0,73,0,0,0,73
12/02/2016,RFD,IL,AGL,CE,Combined TRACON& Tower with Radar,40,4,13,18,75,0,1,15,0,16,40,5,28,18,91,4,0,4,95
12/03/2016,RFD,IL,AGL,CE,Combined TRACON& Tower with Radar,11,2,27,2,42,0,1,18,2,21,11,3,45,4,63,20,0,20,83
12/04/2016,RFD,IL,AGL,CE,Combined TRACON& Tower with Radar,8,2,0,0,10,0,0,0,0,0,8,2,0,0,10,0,0,0,10
12/05/2016,RFD,IL,AGL,CE,Combined TRACON& Tower with Radar,20,5,10,0,35,0,0,0,0,0,20,5,10,0,35,0,0,0,35
12/06/2016,RFD,IL,AGL,CE,Combined TRACON& Tower with Radar,63,6,13,1,83,0,0,8,1,9,63,6,21,2,92,0,0,0,92
12/07/2016,RFD,IL,AGL,CE,Combined TRACON& Tower with Radar,57,0,3,3,63,0,0,13,2,15,57,0,16,5,78,0,0,0,78
12/08/2016,RFD,IL,AGL,CE,Combined TRACON& Tower with Radar,62,1,23,0,86,0,0,2,0,2,62,1,25,0,88,10,0,10,98
12/09/2016,RFD,IL,AGL,CE,Combined TRACON& Tower with Radar,41,6,15,1,63,0,0,15,1,16,41,6,30,2,79,30,0,30,109
12/10/2016,RFD,IL,AGL,CE,Combined TRACON& Tower with Radar,9,2,19,1,31,0,0,11,1,12,9,2,30,2,43,4,0,4,47
12/11/2016,RFD,IL,AGL,CE,Combined TRACON& Tower with Radar,8,4,4,0,16,0,0,0,0,0,8,4,4,0,16,0,0,0,16
12/12/2016,RFD,IL,AGL,CE,Combined TRACON& Tower with Radar,20,10,22,1,53,0,1,13,1,15,20,11,35,2,68,0,0,0,68
12/13/2016,RFD,IL,AGL,CE,Combined TRACON& Tower with Radar,78,3,21,2,104,0,0,16,2,18,78,3,37,4,122,10,0,10,132
12/14/2016,RFD,IL,AGL,CE,Combined TRACON& Tower with Radar,83,4,8,1,96,0,4,3,1,8,83,8,11,2,104,0,0,0,104
12/15/2016,RFD,IL,AGL,CE,Combined TRACON& Tower with Radar,92,5,15,8,120,0,2,32,3,37,92,7,47,11,157,28,0,28,185
12/16/2016,RFD,IL,AGL,CE,Combined TRACON& Tower with Radar,57,0,10,0,67,0,0,0,0,0,57,0,10,0,67,0,0,0,67
12/17/2016,RFD,IL,AGL,CE,Combined TRACON& Tower with Radar,38,5,1,0,44,0,0,0,0,0,38,5,1,0,44,0,0,0,44
12/18/2016,RFD,IL,AGL,CE,Combined TRACON& Tower with Radar,16,0,7,2,25,0,0,2,2,4,16,0,9,4,29,0,0,0,29
12/19/2016,RFD,IL,AGL,CE,Combined TRACON& Tower with Radar,30,4,17,1,52,0,0,10,1,11,30,4,27,2,63,0,0,0,63
12/20/2016,RFD,IL,AGL,CE,Combined TRACON& Tower with Radar,97,13,31,1,142,0,0,13,3,16,97,13,44,4,158,0,0,0,158
12/21/2016,RFD,IL,AGL,CE,Combined TRACON& Tower with Radar,97,5,30,11,143,0,0,10,1,11,97,5,40,12,154,2,22,24,178
12/22/2016,RFD,IL,AGL,CE,Combined TRACON& Tower with Radar,99,6,31,1,137,0,1,30,1,32,99,7,61,2,169,14,0,14,183
12/23/2016,RFD,IL,AGL,CE,Combined TRACON& Tower with Radar,70,4,10,0,84,0,0,5,0,5,70,4,15,0,89,0,0,0,89
12/24/2016,RFD,IL,AGL,CE,Combined TRACON& Tower with Radar,55,0,4,0,59,0,0,1,0,1,55,0,5,0,60,0,0,0,60
12/25/2016,RFD,IL,AGL,CE,Combined TRACON& Tower with Radar,4,0,1,0,5,0,0,0,0,0,4,0,1,0,5,0,0,0,5
12/26/2016,RFD,IL,AGL,CE,Combined TRACON& Tower with Radar,13,2,12,1,28,0,0,1,1,2,13,2,13,2,30,4,0,4,34
12/27/2016,RFD,IL,AGL,CE,Combined TRACON& Tower with Radar,21,2,15,1,39,0,3,15,2,20,21,5,30,3,59,14,0,14,73
12/28/2016,RFD,IL,AGL,CE,Combined TRACON& Tower with Radar,55,0,10,0,65,0,0,8,0,8,55,0,18,0,73,16,0,16,89
12/29/2016,RFD,IL,AGL,CE,Combined TRACON& Tower with Radar,53,1,10,2,66,0,0,3,2,5,53,1,13,4,71,0,0,0,71
12/30/2016,RFD,IL,AGL,CE,Combined TRACON& Tower with Radar,35,12,19,13,79,0,1,24,2,27,35,13,43,15,106,12,20,32,138
12/31/2016,RFD,IL,AGL,CE,Combined TRACON& Tower with Radar,15,0,5,0,20,0,0,3,1,4,15,0,8,1,24,12,0,12,36
01/01/2017,RFD,IL,AGL,CE,Combined TRACON& Tower with Radar,13,0,22,3,38,0,0,17,2,19,13,0,39,5,57,30,0,30,87
01/02/2017,RFD,IL,AGL,CE,Combined TRACON& Tower with Radar,13,0,17,0,30,0,0,0,0,0,13,0,17,0,30,0,0,0,30
01/03/2017,RFD,IL,AGL,CE,Combined TRACON& Tower with Radar,20,2,6,1,29,0,0,0,1,1,20,2,6,2,30,0,0,0,30
01/04/2017,RFD,IL,AGL,CE,Combined TRACON& Tower with Radar,38,1,10,1,50,0,0,10,1,11,38,1,20,2,61,10,0,10,71
01/05/2017,RFD,IL,AGL,CE,Combined TRACON& Tower with Radar,38,3,22,5,68,0,1,10,3,14,38,4,32,8,82,6,0,6,88
01/06/2017,RFD,IL,AGL,CE,Combined TRACON& Tower with Radar,36,2,12,10,60,0,0,6,0,6,36,2,18,10,66,26,12,38,104
01/07/2017,RFD,IL,AGL,CE,Combined TRACON& Tower with Radar,13,0,27,11,51,0,0,18,1,19,13,0,45,12,70,46,16,62,132
01/08/2017,RFD,IL,AGL,CE,Combined TRACON& Tower with Radar,14,3,20,3,40,0,0,18,3,21,14,3,38,6,61,16,0,16,77
01/09/2017,RFD,IL,AGL,CE,Combined TRACON& Tower with Radar,19,1,18,0,38,0,0,14,0,14,19,1,32,0,52,18,0,18,70
01/10/2017,RFD,IL,AGL,CE,Combined TRACON& Tower with Radar,34,0,25,0,59,0,0,0,0,0,34,0,25,0,59,0,0,0,59
01/11/2017,RFD,IL,AGL,CE,Combined TRACON& Tower with Radar,35,2,43,0,80,0,0,10,0,10,35,2,53,0,90,14,0,14,104
01/12/2017,RFD,IL,AGL,CE,Combined TRACON& Tower with Radar,41,0,17,7,65,0,0,10,3,13,41,0,27,10,78,0,16,16,94
01/13/2017,RFD,IL,AGL,CE,Combined TRACON& Tower with Radar,32,1,27,2,62,0,1,24,8,33,32,2,51,10,95,16,0,16,111
01/14/2017,RFD,IL,AGL,CE,Combined TRACON& Tower with Radar,13,4,17,1,35,0,0,20,0,20,13,4,37,1,55,14,0,14,69
01/15/2017,RFD,IL,AGL,CE,Combined TRACON& Tower with Radar,15,0,17,0,32,0,0,10,0,10,15,0,27,0,42,10,0,10,52
01/16/2017,RFD,IL,AGL,CE,Combined TRACON& Tower with Radar,16,1,6,0,23,0,0,0,0,0,16,1,6,0,23,0,0,0,23
01/17/2017,RFD,IL,AGL,CE,Combined TRACON& Tower with Radar,22,0,19,0,41,0,0,0,0,0,22,0,19,0,41,12,0,12,53
01/18/2017,RFD,IL,AGL,CE,Combined TRACON& Tower with Radar,32,2,40,7,81,0,0,0,0,0,32,2,40,7,81,0,4,4,85
01/19/2017,RFD,IL,AGL,CE,Combined TRACON& Tower with Radar,41,5,38,0,84,0,0,0,0,0,41,5,38,0,84,0,0,0,84
01/20/2017,RFD,IL,AGL,CE,Combined TRACON& Tower with Radar,28,3,17,0,48,0,0,0,0,0,28,3,17,0,48,4,0,4,52
01/21/2017,RFD,IL,AGL,CE,Combined TRACON& Tower with Radar,17,0,23,1,41,0,0,28,1,29,17,0,51,2,70,36,0,36,106
01/22/2017,RFD,IL,AGL,CE,Combined TRACON& Tower with Radar,18,0,10,0,28,0,0,2,0,2,18,0,12,0,30,20,0,20,50
01/23/2017,RFD,IL,AGL,CE,Combined TRACON& Tower with Radar,18,0,7,3,28,0,0,2,3,5,18,0,9,6,33,0,0,0,33
01/24/2017,RFD,IL,AGL,CE,Combined TRACON& Tower with Radar,39,4,27,0,70,0,0,0,0,0,39,4,27,0,70,2,0,2,72
01/25/2017,RFD,IL,AGL,CE,Combined TRACON& Tower with Radar,35,3,4,0,42,0,0,0,0,0,35,3,4,0,42,0,0,0,42
01/26/2017,RFD,IL,AGL,CE,Combined TRACON& Tower with Radar,45,4,17,1,67,0,0,7,1,8,45,4,24,2,75,46,0,46,121
01/27/2017,RFD,IL,AGL,CE,Combined TRACON& Tower with Radar,32,8,23,0,63,0,0,20,0,20,32,8,43,0,83,8,0,8,91
01/28/2017,RFD,IL,AGL,CE,Combined TRACON& Tower with Radar,16,11,11,0,38,0,0,8,0,8,16,11,19,0,46,2,0,2,48
01/29/2017,RFD,IL,AGL,CE,Combined TRACON& Tower with Radar,15,0,0,2,17,0,0,4,2,6,15,0,4,4,23,4,0,4,27
01/30/2017,RFD,IL,AGL,CE,Combined TRACON& Tower with Radar,22,2,5,0,29,0,0,31,0,31,22,2,36,0,60,10,0,10,70
01/31/2017,RFD,IL,AGL,CE,Combined TRACON& Tower with Radar,33,2,16,0,51,0,0,9,0,9,33,2,25,0,60,12,0,12,72
02/01/2017,RFD,IL,AGL,CE,Combined TRACON& Tower with Radar,37,3,19,0,59,0,0,15,0,15,37,3,34,0,74,4,0,4,78
02/02/2017,RFD,IL,AGL,CE,Combined TRACON& Tower with Radar,41,3,30,3,77,0,0,38,4,42,41,3,68,7,119,38,0,38,157
02/03/2017,RFD,IL,AGL,CE,Combined TRACON& Tower with Radar,31,0,36,8,75,0,0,25,2,27,31,0,61,10,102,14,20,34,136
02/04/2017,RFD,IL,AGL,CE,Combined TRACON& Tower with Radar,19,0,16,1,36,0,0,12,1,13,19,0,28,2,49,4,0,4,53
02/05/2017,RFD,IL,AGL,CE,Combined TRACON& Tower with Radar,14,2,12,1,29,0,0,21,3,24,14,2,33,4,53,6,0,6,59
02/06/2017,RFD,IL,AGL,CE,Combined TRACON& Tower with Radar,24,0,10,4,38,0,0,18,2,20,24,0,28,6,58,16,0,16,74
02/07/2017,RFD,IL,AGL,CE,Combined TRACON& Tower with Radar,36,2,20,0,58,0,0,2,1,3,36,2,22,1,61,16,0,16,77
02/08/2017,RFD,IL,AGL,CE,Combined TRACON& Tower with Radar,34,2,35,11,82,0,0,21,1,22,34,2,56,12,104,40,26,66,170
02/09/2017,RFD,IL,AGL,CE,Combined TRACON& Tower with Radar,40,17,36,3,96,0,0,31,3,34,40,17,67,6,130,8,0,8,138
02/10/2017,RFD,IL,AGL,CE,Combined TRACON& Tower with Radar,39,6,14,0,59,0,0,15,0,15,39,6,29,0,74,2,0,2,76
02/11/2017,RFD,IL,AGL,CE,Combined TRACON& Tower with Radar,17,1,34,2,54,0,0,28,2,30,17,1,62,4,84,10,0,10,94
02/12/2017,RFD,IL,AGL,CE,Combined TRACON& Tower with Radar,16,1,19,1,37,0,0,4,3,7,16,1,23,4,44,14,0,14,58
02/13/2017,RFD,IL,AGL,CE,Combined TRACON& Tower with Radar,22,2,30,3,57,0,5,46,1,52,22,7,76,4,109,66,0,66,175
02/14/2017,RFD,IL,AGL,CE,Combined TRACON& Tower with Radar,41,0,17,1,59,0,4,4,3,11,41,4,21,4,70,6,0,6,76
02/15/2017,RFD,IL,AGL,CE,Combined TRACON& Tower with Radar,35,2,38,2,77,0,0,29,1,30,35,2,67,3,107,28,0,28,135
02/16/2017,RFD,IL,AGL,CE,Combined TRACON& Tower with Radar,38,0,44,3,85,0,0,28,2,30,38,0,72,5,115,50,0,50,165
02/17/2017,RFD,IL,AGL,CE,Combined TRACON& Tower with Radar,35,2,24,1,62,0,0,24,1,25,35,2,48,2,87,34,0,34,121
02/18/2017,RFD,IL,AGL,CE,Combined TRACON& Tower with Radar,13,0,13,2,28,0,0,41,3,44,13,0,54,5,72,10,0,10,82
02/19/2017,RFD,IL,AGL,CE,Combined TRACON& Tower with Radar,12,0,21,5,38,0,0,26,4,30,12,0,47,9,68,102,0,102,170
02/20/2017,RFD,IL,AGL,CE,Combined TRACON& Tower with Radar,13,3,32,3,51,0,0,20,1,21,13,3,52,4,72,14,0,14,86
02/21/2017,RFD,IL,AGL,CE,Combined TRACON& Tower with Radar,25,3,29,1,58,0,0,22,1,23,25,3,51,2,81,38,0,38,119
02/22/2017,RFD,IL,AGL,CE,Combined TRACON& Tower with Radar,38,1,16,3,58,0,0,11,0,11,38,1,27,3,69,6,12,18,87
02/23/2017,RFD,IL,AGL,CE,Combined TRACON& Tower with Radar,43,3,32,0,78,0,0,4,0,4,43,3,36,0,82,4,0,4,86
02/24/2017,RFD,IL,AGL,CE,Combined TRACON& Tower with Radar,36,8,6,0,50,0,0,0,0,0,36,8,6,0,50,0,0,0,50
02/25/2017,RFD,IL,AGL,CE,Combined TRACON& Tower with Radar,19,4,14,0,37,0,0,5,4,9,19,4,19,4,46,0,0,0,46
02/26/2017,RFD,IL,AGL,CE,Combined TRACON& Tower with Radar,19,0,14,0,33,0,0,10,2,12,19,0,24,2,45,16,0,16,61
02/27/2017,RFD,IL,AGL,CE,Combined TRACON& Tower with Radar,21,0,47,1,69,0,0,33,1,34,21,0,80,2,103,30,0,30,133
02/28/2017,RFD,IL,AGL,CE,Combined TRACON& Tower with Radar,38,2,41,0,81,0,3,0,0,3,38,5,41,0,84,0,0,0,84
03/01/2017,RFD,IL,AGL,CE,Combined TRACON& Tower with Radar,40,3,5,0,48,0,0,0,0,0,40,3,5,0,48,0,0,0,48
03/02/2017,RFD,IL,AGL,CE,Combined TRACON& Tower with Radar,40,4,18,1,63,0,0,12,1,13,40,4,30,2,76,6,0,6,82
03/03/2017,RFD,IL,AGL,CE,Combined TRACON& Tower with Radar,33,4,34,1,72,0,0,23,1,24,33,4,57,2,96,0,0,0,96
03/04/2017,RFD,IL,AGL,CE,Combined TRACON& Tower with Radar,20,4,13,2,39,0,0,13,4,17,20,4,26,6,56,6,0,6,62
03/05/2017,RFD,IL,AGL,CE,Combined TRACON& Tower with Radar,16,6,9,2,33,0,0,15,2,17,16,6,24,4,50,2,0,2,52
03/06/2017,RFD,IL,AGL,CE,Combined TRACON& Tower with Radar,21,4,13,0,38,0,0,0,0,0,21,4,13,0,38,0,0,0,38
03/07/2017,RFD,IL,AGL,CE,Combined TRACON& Tower with Radar,37,1,5,0,43,0,0,7,2,9,37,1,12,2,52,0,0,0,52
03/08/2017,RFD,IL,AGL,CE,Combined TRACON& Tower with Radar,38,4,4,0,46,0,0,6,0,6,38,4,10,0,52,4,0,4,56
03/09/2017,RFD,IL,AGL,CE,Combined TRACON& Tower with Radar,42,2,32,20,96,0,0,38,2,40,42,2,70,22,136,48,14,62,198
03/10/2017,RFD,IL,AGL,CE,Combined TRACON& Tower with Radar,36,4,17,0,57,0,0,26,2,28,36,4,43,2,85,24,0,24,109
03/11/2017,RFD,IL,AGL,CE,Combined TRACON& Tower with Radar,16,0,23,0,39,0,2,29,2,33,16,2,52,2,72,42,0,42,114
03/12/2017,RFD,IL,AGL,CE,Combined TRACON& Tower with Radar,14,2,18,1,35,0,0,16,3,19,14,2,34,4,54,20,0,20,74
03/13/2017,RFD,IL,AGL,CE,Combined TRACON& Tower with Radar,18,2,6,1,27,0,0,2,1,3,18,2,8,2,30,0,0,0,30
03/14/2017,RFD,IL,AGL,CE,Combined TRACON& Tower with Radar,42,1,28,1,72,0,0,10,2,12,42,1,38,3,84,28,0,28,112
03/15/2017,RFD,IL,AGL,CE,Combined TRACON& Tower with Radar,38,14,28,2,82,0,0,26,3,29,38,14,54,5,111,56,0,56,167
03/16/2017,RFD,IL,AGL,CE,Combined TRACON& Tower with Radar,42,2,31,2,77,0,0,31,2,33,42,2,62,4,110,32,0,32,142
03/17/2017,RFD,IL,AGL,CE,Combined TRACON& Tower with Radar,40,4,8,0,52,0,0,0,2,2,40,4,8,2,54,0,0,0,54
03/18/2017,RFD,IL,AGL,CE,Combined TRACON& Tower with Radar,23,1,10,1,35,1,0,11,0,12,24,1,21,1,47,12,0,12,59
03/19/2017,RFD,IL,AGL,CE,Combined TRACON& Tower with Radar,14,0,31,2,47,0,0,37,1,38,14,0,68,3,85,50,0,50,135
03/20/2017,RFD,IL,AGL,CE,Combined TRACON& Tower with Radar,21,0,52,0,73,0,0,20,0,20,21,0,72,0,93,76,0,76,169
03/21/2017,RFD,IL,AGL,CE,Combined TRACON& Tower with Radar,42,4,33,2,81,0,1,27,5,33,42,5,60,7,114,98,0,98,212
03/22/2017,RFD,IL,AGL,CE,Combined TRACON& Tower with Radar,54,0,38,4,96,0,1,28,4,33,54,1,66,8,129,74,0,74,203
03/23/2017,RFD,IL,AGL,CE,Combined TRACON& Tower with Radar,43,10,42,0,95,0,0,28,2,30,43,10,70,2,125,18,0,18,143
03/24/2017,RFD,IL,AGL,CE,Combined TRACON& Tower with Radar,34,3,33,1,71,0,0,15,1,16,34,3,48,2,87,4,0,4,91
03/25/2017,RFD,IL,AGL,CE,Combined TRACON& Tower with Radar,25,5,6,0,36,0,0,0,0,0,25,5,6,0,36,0,0,0,36
03/26/2017,RFD,IL,AGL,CE,Combined TRACON& Tower with Radar,15,0,31,1,47,0,0,0,1,1,15,0,31,2,48,2,0,2,50
03/27/2017,RFD,IL,AGL,CE,Combined TRACON& Tower with Radar,23,0,28,0,51,0,0,3,0,3,23,0,31,0,54,8,0,8,62
03/28/2017,RFD,IL,AGL,CE,Combined TRACON& Tower with Radar,46,8,21,1,76,0,0,11,2,13,46,8,32,3,89,14,0,14,103
03/29/2017,RFD,IL,AGL,CE,Combined TRACON& Tower with Radar,45,4,30,0,79,0,0,26,0,26,45,4,56,0,105,10,0,10,115
03/30/2017,RFD,IL,AGL,CE,Combined TRACON& Tower with Radar,45,7,5,0,57,0,0,0,0,0,45,7,5,0,57,0,0,0,57
03/31/2017,RFD,IL,AGL,CE,Combined TRACON& Tower with Radar,36,3,24,8,71,0,0,0,0,0,36,3,24,8,71,6,4,10,81
04/01/2017,RFD,IL,AGL,CE,Combined TRACON& Tower with Radar,19,1,24,0,44,0,0,38,1,39,19,1,62,1,83,26,0,26,109
04/02/2017,RFD,IL,AGL,CE,Combined TRACON& Tower with Radar,18,4,17,2,41,0,0,15,1,16,18,4,32,3,57,50,0,50,107
04/03/2017,RFD,IL,AGL,CE,Combined TRACON& Tower with Radar,20,1,18,4,43,0,0,8,2,10,20,1,26,6,53,4,0,4,57
04/04/2017,RFD,IL,AGL,CE,Combined TRACON& Tower with Radar,41,2,33,3,79,0,0,8,0,8,41,2,41,3,87,14,4,18,105
04/05/2017,RFD,IL,AGL,CE,Combined TRACON& Tower with Radar,40,3,12,4,59,1,0,3,0,4,41,3,15,4,63,0,0,0,63
04/06/2017,RFD,IL,AGL,CE,Combined TRACON& Tower with Radar,45,9,27,4,85,0,0,22,3,25,45,9,49,7,110,18,0,18,128
04/07/2017,RFD,IL,AGL,CE,Combined TRACON& Tower with Radar,36,4,45,3,88,0,1,43,3,47,36,5,88,6,135,20,0,20,155
04/08/2017,RFD,IL,AGL,CE,Combined TRACON& Tower with Radar,15,2,17,2,36,0,6,18,0,24,15,8,35,2,60,18,0,18,78
04/09/2017,RFD,IL,AGL,CE,Combined TRACON& Tower with Radar,19,2,16,1,38,0,1,12,0,13,19,3,28,1,51,0,0,0,51
04/10/2017,RFD,IL,AGL,CE,Combined TRACON& Tower with Radar,23,0,11,0,34,0,0,17,0,17,23,0,28,0,51,24,0,24,75
04/11/2017,RFD,IL,AGL,CE,Combined TRACON& Tower with Radar,40,6,35,0,81,0,0,17,0,17,40,6,52,0,98,80,0,80,178
04/12/2017,RFD,IL,AGL,CE,Combined TRACON& Tower with Radar,38,14,34,12,98,0,1,37,2,40,38,15,71,14,138,58,12,70,208
04/13/2017,RFD,IL,AGL,CE,Combined TRACON& Tower with Radar,42,11,18,1,72,0,0,14,0,14,42,11,32,1,86,30,0,30,116
04/14/2017,RFD,IL,AGL,CE,Combined TRACON& Tower with Radar,35,2,20,1,58,0,0,17,1,18,35,2,37,2,76,0,0,0,76
04/15/2017,RFD,IL,AGL,CE,Combined TRACON& Tower with Radar,13,4,8,2,27,0,0,9,2,11,13,4,17,4,38,26,0,26,64
04/16/2017,RFD,IL,AGL,CE,Combined TRACON& Tower with Radar,17,2,6,2,27,0,0,5,2,7,17,2,11,4,34,0,0,0,34
04/17/2017,RFD,IL,AGL,CE,Combined TRACON& Tower with Radar,23,0,25,1,49,0,1,51,1,53,23,1,76,2,102,68,0,68,170
04/18/2017,RFD,IL,AGL,CE,Combined TRACON& Tower with Radar,38,6,31,1,76,0,1,15,2,18,38,7,46,3,94,10,0,10,104
04/19/2017,RFD,IL,AGL,CE,Combined TRACON& Tower with Radar,37,4,20,1,62,0,0,2,0,2,37,4,22,1,64,0,0,0,64
04/20/2017,RFD,IL,AGL,CE,Combined TRACON& Tower with Radar,41,4,27,8,80,0,0,8,0,8,41,4,35,8,88,40,10,50,138
04/21/2017,RFD,IL,AGL,CE,Combined TRACON& Tower with Radar,37,16,45,1,99,0,2,43,1,46,37,18,88,2,145,58,0,58,203
04/22/2017,RFD,IL,AGL,CE,Combined TRACON& Tower with Radar,16,0,26,8,50,0,1,47,5,53,16,1,73,13,103,54,0,54,157
04/23/2017,RFD,IL,AGL,CE,Combined TRACON& Tower with Radar,14,3,11,0,28,0,0,33,2,35,14,3,44,2,63,24,0,24,87
04/24/2017,RFD,IL,AGL,CE,Combined TRACON& Tower with Radar,21,8,29,2,60,0,0,39,4,43,21,8,68,6,103,40,0,40,143
04/25/2017,RFD,IL,AGL,CE,Combined TRACON& Tower with Radar,36,10,30,5,81,0,2,35,3,40,36,12,65,8,121,40,0,40,161
04/26/2017,RFD,IL,AGL,CE,Combined TRACON& Tower with Radar,34,6,23,1,64,0,0,4,0,4,34,6,27,1,68,32,0,32,100
04/27/2017,RFD,IL,AGL,CE,Combined TRACON& Tower with Radar,39,9,14,1,63,0,0,9,2,11,39,9,23,3,74,12,0,12,86
04/28/2017,RFD,IL,AGL,CE,Combined TRACON& Tower with Radar,32,0,11,1,44,0,0,10,2,12,32,0,21,3,56,44,0,44,100
04/29/2017,RFD,IL,AGL,CE,Combined TRACON& Tower with Radar,17,0,15,0,32,0,0,2,0,2,17,0,17,0,34,0,0,0,34
04/30/2017,RFD,IL,AGL,CE,Combined TRACON& Tower with Radar,14,3,3,3,23,0,0,1,0,1,14,3,4,3,24,0,0,0,24
05/01/2017,RFD,IL,AGL,CE,Combined TRACON& Tower with Radar,21,2,14,2,39,0,0,5,3,8,21,2,19,5,47,0,0,0,47
05/02/2017,RFD,IL,AGL,CE,Combined TRACON& Tower with Radar,39,3,21,1,64,0,0,9,1,10,39,3,30,2,74,8,0,8,82
05/03/2017,RFD,IL,AGL,CE,Combined TRACON& Tower with Radar,29,2,41,0,72,0,2,50,3,55,29,4,91,3,127,84,0,84,211
05/04/2017,RFD,IL,AGL,CE,Combined TRACON& Tower with Radar,18,5,23,6,52,0,0,32,2,34,18,5,55,8,86,36,0,36,122
05/05/2017,RFD,IL,AGL,CE,Combined TRACON& Tower with Radar,28,8,33,24,93,0,0,24,4,28,28,8,57,28,121,38,0,38,159
05/06/2017,RFD,IL,AGL,CE,Combined TRACON& Tower with Radar,9,0,17,2,28,0,0,15,3,18,9,0,32,5,46,26,0,26,72
05/07/2017,RFD,IL,AGL,CE,Combined TRACON& Tower with Radar,12,0,30,3,45,0,0,35,4,39,12,0,65,7,84,42,0,42,126
05/08/2017,RFD,IL,AGL,CE,Combined TRACON& Tower with Radar,16,2,21,2,41,0,0,46,2,48,16,2,67,4,89,42,0,42,131
05/09/2017,RFD,IL,AGL,CE,Combined TRACON& Tower with Radar,40,4,26,1,71,0,0,13,3,16,40,4,39,4,87,0,0,0,87
05/10/2017,RFD,IL,AGL,CE,Combined TRACON& Tower with Radar,32,4,28,3,67,0,0,15,2,17,32,4,43,5,84,50,0,50,134
05/11/2017,RFD,IL,AGL,CE,Combined TRACON& Tower with Radar,46,4,40,1,91,0,0,18,1,19,46,4,58,2,110,28,0,28,138
05/12/2017,RFD,IL,AGL,CE,Combined TRACON& Tower with Radar,36,2,46,2,86,0,0,61,2,63,36,2,107,4,149,64,0,64,213
05/13/2017,RFD,IL,AGL,CE,Combined TRACON& Tower with Radar,12,1,20,1,34,0,0,32,1,33,12,1,52,2,67,42,0,42,109
05/14/2017,RFD,IL,AGL,CE,Combined TRACON& Tower with Radar,10,2,19,2,33,0,0,29,2,31,10,2,48,4,64,62,0,62,126
05/15/2017,RFD,IL,AGL,CE,Combined TRACON& Tower with Radar,14,0,27,2,43,0,0,26,2,28,14,0,53,4,71,44,0,44,115
05/16/2017,RFD,IL,AGL,CE,Combined TRACON& Tower with Radar,37,2,14,3,56,0,2,18,4,24,37,4,32,7,80,52,0,52,132
05/17/2017,RFD,IL,AGL,CE,Combined TRACON& Tower with Radar,32,2,14,1,49,0,0,3,1,4,32,2,17,2,53,20,0,20,73
05/18/2017,RFD,IL,AGL,CE,Combined TRACON& Tower with Radar,38,4,19,7,68,0,0,15,3,18,38,4,34,10,86,20,0,20,106
05/19/2017,RFD,IL,AGL,CE,Combined TRACON& Tower with Radar,36,8,27,9,80,0,3,3,1,7,36,11,30,10,87,18,0,18,105
05/20/2017,RFD,IL,AGL,CE,Combined TRACON& Tower with Radar,8,0,26,1,35,0,0,0,1,1,8,0,26,2,36,0,0,0,36
05/21/2017,RFD,IL,AGL,CE,Combined TRACON& Tower with Radar,9,3,11,8,31,0,0,18,2,20,9,3,29,10,51,30,0,30,81
05/22/2017,RFD,IL,AGL,CE,Combined TRACON& Tower with Radar,19,0,15,2,36,0,0,27,2,29,19,0,42,4,65,32,0,32,97
05/23/2017,RFD,IL,AGL,CE,Combined TRACON& Tower with Radar,34,2,17,0,53,0,0,3,1,4,34,2,20,1,57,2,0,2,59
05/24/2017,RFD,IL,AGL,CE,Combined TRACON& Tower with Radar,40,9,37,0,86,0,0,12,0,12,40,9,49,0,98,4,0,4,102
05/25/2017,RFD,IL,AGL,CE,Combined TRACON& Tower with Radar,31,2,30,1,64,0,0,17,2,19,31,2,47,3,83,12,0,12,95
05/26/2017,RFD,IL,AGL,CE,Combined TRACON& Tower with Radar,35,1,29,0,65,0,1,19,0,20,35,2,48,0,85,42,0,42,127
05/27/2017,RFD,IL,AGL,CE,Combined TRACON& Tower with Radar,16,1,17,0,34,0,2,33,3,38,16,3,50,3,72,52,0,52,124
05/28/2017,RFD,IL,AGL,CE,Combined TRACON& Tower with Radar,10,0,9,3,22,0,0,9,2,11,10,0,18,5,33,4,0,4,37
05/29/2017,RFD,IL,AGL,CE,Combined TRACON& Tower with Radar,12,1,17,0,30,0,0,14,1,15,12,1,31,1,45,52,0,52,97
05/30/2017,RFD,IL,AGL,CE,Combined TRACON& Tower with Radar,19,4,21,2,46,0,3,20,1,24,19,7,41,3,70,38,0,38,108
05/31/2017,RFD,IL,AGL,CE,Combined TRACON& Tower with Radar,43,9,32,1,85,0,0,35,1,36,43,9,67,2,121,86,0,86,207
06/01/2017,RFD,IL,AGL,CE,Combined TRACON& Tower with Radar,41,2,35,2,80,0,0,48,2,50,41,2,83,4,130,2,0,2,132
06/02/2017,RFD,IL,AGL,CE,Combined TRACON& Tower with Radar,31,2,22,1,56,0,0,30,4,34,31,2,52,5,90,12,0,12,102
06/03/2017,RFD,IL,AGL,CE,Combined TRACON& Tower with Radar,14,1,23,1,39,0,0,18,1,19,14,1,41,2,58,30,0,30,88
06/04/2017,RFD,IL,AGL,CE,Combined TRACON& Tower with Radar,8,6,17,2,33,0,2,22,3,27,8,8,39,5,60,22,0,22,82
06/05/2017,RFD,IL,AGL,CE,Combined TRACON& Tower with Radar,19,0,13,4,36,0,0,20,4,24,19,0,33,8,60,42,0,42,102
06/06/2017,RFD,IL,AGL,CE,Combined TRACON& Tower with Radar,41,8,15,2,66,0,0,32,2,34,41,8,47,4,100,28,0,28,128
06/07/2017,RFD,IL,AGL,CE,Combined TRACON& Tower with Radar,35,12,33,0,80,0,0,36,2,38,35,12,69,2,118,30,0,30,148
06/08/2017,RFD,IL,AGL,CE,Combined TRACON& Tower with Radar,38,2,33,2,75,0,0,35,1,36,38,2,68,3,111,28,0,28,139
06/09/2017,RFD,IL,AGL,CE,Combined TRACON& Tower with Radar,32,10,20,2,64,0,0,30,2,32,32,10,50,4,96,38,0,38,134
06/10/2017,RFD,IL,AGL,CE,Combined TRACON& Tower with Radar,14,4,20,2,40,0,0,34,4,38,14,4,54,6,78,42,0,42,120
06/11/2017,RFD,IL,AGL,CE,Combined TRACON& Tower with Radar,12,3,27,3,45,0,0,24,5,29,12,3,51,8,74,38,0,38,112
06/12/2017,RFD,IL,AGL,CE,Combined TRACON& Tower with Radar,17,2,19,1,39,0,0,21,1,22,17,2,40,2,61,12,0,12,73
06/13/2017,RFD,IL,AGL,CE,Combined TRACON& Tower with Radar,38,2,21,2,63,0,0,17,3,20,38,2,38,5,83,22,0,22,105
06/14/2017,RFD,IL,AGL,CE,Combined TRACON& Tower with Radar,38,8,12,0,58,0,0,7,0,7,38,8,19,0,65,0,0,0,65
06/15/2017,RFD,IL,AGL,CE,Combined TRACON& Tower with Radar,41,2,16,4,63,0,0,22,2,24,41,2,38,6,87,46,0,46,133
06/16/2017,RFD,IL,AGL,CE,Combined TRACON& Tower with Radar,37,9,12,1,59,0,0,27,1,28,37,9,39,2,87,12,0,12,99
06/17/2017,RFD,IL,AGL,CE,Combined TRACON& Tower with Radar,17,1,29,1,48,0,0,13,1,14,17,1,42,2,62,62,0,62,124
06/18/2017,RFD,IL,AGL,CE,Combined TRACON& Tower with Radar,9,0,31,2,42,0,0,19,4,23,9,0,50,6,65,68,0,68,133
06/19/2017,RFD,IL,AGL,CE,Combined TRACON& Tower with Radar,20,1,16,2,39,0,0,18,1,19,20,1,34,3,58,12,0,12,70
06/20/2017,RFD,IL,AGL,CE,Combined TRACON& Tower with Radar,40,2,26,13,81,0,0,40,3,43,40,2,66,16,124,46,12,58,182
06/21/2017,RFD,IL,AGL,CE,Combined TRACON& Tower with Radar,44,2,28,5,79,0,0,46,6,52,44,2,74,11,131,48,0,48,179
06/22/2017,RFD,IL,AGL,CE,Combined TRACON& Tower with Radar,36,7,24,0,67,0,0,17,0,17,36,7,41,0,84,46,0,46,130
06/23/2017,RFD,IL,AGL,CE,Combined TRACON& Tower with Radar,38,7,30,3,78,0,0,16,1,17,38,7,46,4,95,32,0,32,127
06/24/2017,RFD,IL,AGL,CE,Combined TRACON& Tower with Radar,17,4,15,4,40,0,0,17,2,19,17,4,32,6,59,36,0,36,95
06/25/2017,RFD,IL,AGL,CE,Combined TRACON& Tower with Radar,8,0,11,2,21,0,0,19,0,19,8,0,30,2,40,40,0,40,80
06/26/2017,RFD,IL,AGL,CE,Combined TRACON& Tower with Radar,26,5,37,1,69,0,0,28,1,29,26,5,65,2,98,22,0,22,120
06/27/2017,RFD,IL,AGL,CE,Combined TRACON& Tower with Radar,39,9,50,0,98,0,0,57,1,58,39,9,107,1,156,60,0,60,216
06/28/2017,RFD,IL,AGL,CE,Combined TRACON& Tower with Radar,33,4,19,2,58,0,0,4,0,4,33,4,23,2,62,6,0,6,68
06/29/2017,RFD,IL,AGL,CE,Combined TRACON& Tower with Radar,41,6,33,2,82,0,0,11,1,12,41,6,44,3,94,8,0,8,102
06/30/2017,RFD,IL,AGL,CE,Combined TRACON& Tower with Radar,35,4,34,1,74,0,0,24,2,26,35,4,58,3,100,19,0,19,119
07/01/2017,RFD,IL,AGL,CE,Combined TRACON& Tower with Radar,11,2,26,1,40,0,0,18,2,20,11,2,44,3,60,12,0,12,72
07/02/2017,RFD,IL,AGL,CE,Combined TRACON& Tower with Radar,8,1,22,3,34,0,0,24,2,26,8,1,46,5,60,20,0,20,80
07/03/2017,RFD,IL,AGL,CE,Combined TRACON& Tower with Radar,9,1,19,0,29,0,0,20,1,21,9,1,39,1,50,13,0,13,63
07/04/2017,RFD,IL,AGL,CE,Combined TRACON& Tower with Radar,10,7,12,1,30,0,0,29,0,29,10,7,41,1,59,8,0,8,67
07/05/2017,RFD,IL,AGL,CE,Combined TRACON& Tower with Radar,20,6,12,0,38,0,0,28,2,30,20,6,40,2,68,36,0,36,104
07/06/2017,RFD,IL,AGL,CE,Combined TRACON& Tower with Radar,39,2,23,2,66,0,0,28,2,30,39,2,51,4,96,34,0,34,130
07/07/2017,RFD,IL,AGL,CE,Combined TRACON& Tower with Radar,29,5,23,2,59,0,0,36,2,38,29,5,59,4,97,34,0,34,131
07/08/2017,RFD,IL,AGL,CE,Combined TRACON& Tower with Radar,15,0,30,3,48,0,0,38,2,40,15,0,68,5,88,38,0,38,126
07/09/2017,RFD,IL,AGL,CE,Combined TRACON& Tower with Radar,7,0,19,1,27,0,0,27,1,28,7,0,46,2,55,12,0,12,67
07/10/2017,RFD,IL,AGL,CE,Combined TRACON& Tower with Radar,20,0,15,2,37,0,0,18,3,21,20,0,33,5,58,12,0,12,70
07/11/2017,RFD,IL,AGL,CE,Combined TRACON& Tower with Radar,32,2,37,2,73,0,0,18,2,20,32,2,55,4,93,12,1,13,106
07/12/2017,RFD,IL,AGL,CE,Combined TRACON& Tower with Radar,51,3,15,1,70,0,0,9,1,10,51,3,24,2,80,28,0,28,108
07/13/2017,RFD,IL,AGL,CE,Combined TRACON& Tower with Radar,39,6,36,4,85,0,0,22,2,24,39,6,58,6,109,28,0,28,137
07/14/2017,RFD,IL,AGL,CE,Combined TRACON& Tower with Radar,34,10,36,1,81,0,1,34,1,36,34,11,70,2,117,36,0,36,153
07/15/2017,RFD,IL,AGL,CE,Combined TRACON& Tower with Radar,14,2,16,1,33,0,1,31,1,33,14,3,47,2,66,27,0,27,93
07/16/2017,RFD,IL,AGL,CE,Combined TRACON& Tower with Radar,9,1,25,0,35,0,0,18,1,19,9,1,43,1,54,14,0,14,68
07/17/2017,RFD,IL,AGL,CE,Combined TRACON& Tower with Radar,21,3,39,2,65,0,0,40,2,42,21,3,79,4,107,22,0,22,129
07/18/2017,RFD,IL,AGL,CE,Combined TRACON& Tower with Radar,45,4,27,3,79,0,0,31,1,32,45,4,58,4,111,22,0,22,133
07/19/2017,RFD,IL,AGL,CE,Combined TRACON& Tower with Radar,47,7,32,1,87,0,0,33,1,34,47,7,65,2,121,20,0,20,141
07/20/2017,RFD,IL,AGL,CE,Combined TRACON& Tower with Radar,44,2,19,0,65,0,0,31,0,31,44,2,50,0,96,4,0,4,100
07/21/2017,RFD,IL,AGL,CE,Combined TRACON& Tower with Radar,38,2,78,0,118,0,0,62,0,62,38,2,140,0,180,18,0,18,198
07/22/2017,RFD,IL,AGL,CE,Combined TRACON& Tower with Radar,13,3,23,1,40,0,0,44,2,46,13,3,67,3,86,6,0,6,92
07/23/2017,RFD,IL,AGL,CE,Combined TRACON& Tower with Radar,10,0,21,1,32,0,0,40,3,43,10,0,61,4,75,1,0,1,76
07/24/2017,RFD,IL,AGL,CE,Combined TRACON& Tower with Radar,16,6,17,1,40,0,0,22,2,24,16,6,39,3,64,4,0,4,68
07/25/2017,RFD,IL,AGL,CE,Combined TRACON& Tower with Radar,46,3,11,4,64,0,2,28,2,32,46,5,39,6,96,36,8,44,140
07/26/2017,RFD,IL,AGL,CE,Combined TRACON& Tower with Radar,42,4,20,0,66,0,0,17,0,17,42,4,37,0,83,14,0,14,97
07/27/2017,RFD,IL,AGL,CE,Combined TRACON& Tower with Radar,45,6,29,1,81,0,0,14,1,15,45,6,43,2,96,10,0,10,106
07/28/2017,RFD,IL,AGL,CE,Combined TRACON& Tower with Radar,30,2,21,1,54,0,0,22,1,23,30,2,43,2,77,10,0,10,87
07/29/2017,RFD,IL,AGL,CE,Combined TRACON& Tower with Radar,13,5,18,5,41,0,1,31,3,35,13,6,49,8,76,16,0,16,92
07/30/2017,RFD,IL,AGL,CE,Combined TRACON& Tower with Radar,8,0,14,2,24,0,0,33,1,34,8,0,47,3,58,20,0,20,78
07/31/2017,RFD,IL,AGL,CE,Combined TRACON& Tower with Radar,20,0,18,3,41,0,0,54,5,59,20,0,72,8,100,55,0,55,155
08/01/2017,RFD,IL,AGL,CE,Combined TRACON& Tower with Radar,39,6,16,1,62,0,0,36,1,37,39,6,52,2,99,10,0,10,109
08/02/2017,RFD,IL,AGL,CE,Combined TRACON& Tower with Radar,40,0,10,6,56,0,0,38,0,38,40,0,48,6,94,54,0,54,148
08/03/2017,RFD,IL,AGL,CE,Combined TRACON& Tower with Radar,62,2,14,1,79,0,0,5,0,5,62,2,19,1,84,0,0,0,84
08/04/2017,RFD,IL,AGL,CE,Combined TRACON& Tower with Radar,31,6,40,1,78,0,0,20,1,21,31,6,60,2,99,7,0,7,106
08/05/2017,RFD,IL,AGL,CE,Combined TRACON& Tower with Radar,13,6,21,0,40,0,0,28,4,32,13,6,49,4,72,86,0,86,158
08/06/2017,RFD,IL,AGL,CE,Combined TRACON& Tower with Radar,8,1,18,0,27,0,0,28,0,28,8,1,46,0,55,12,0,12,67
08/07/2017,RFD,IL,AGL,CE,Combined TRACON& Tower with Radar,19,6,34,1,60,0,0,40,1,41,19,6,74,2,101,100,0,100,201
08/08/2017,RFD,IL,AGL,CE,Combined TRACON& Tower with Radar,47,10,31,1,89,0,0,59,1,60,47,10,90,2,149,76,0,76,225
08/09/2017,RFD,IL,AGL,CE,Combined TRACON& Tower with Radar,45,8,31,0,84,0,0,52,0,52,45,8,83,0,136,54,0,54,190
08/10/2017,RFD,IL,AGL,CE,Combined TRACON& Tower with Radar,41,11,27,7,86,0,0,29,4,33,41,11,56,11,119,16,0,16,135
08/11/2017,RFD,IL,AGL,CE,Combined TRACON& Tower with Radar,32,4,18,2,56,0,0,18,1,19,32,4,36,3,75,50,8,58,133
08/12/2017,RFD,IL,AGL,CE,Combined TRACON& Tower with Radar,12,3,14,3,32,0,0,36,3,39,12,3,50,6,71,56,0,56,127
08/13/2017,RFD,IL,AGL,CE,Combined TRACON& Tower with Radar,12,2,15,1,30,0,0,23,1,24,12,2,38,2,54,34,2,36,90
08/14/2017,RFD,IL,AGL,CE,Combined TRACON& Tower with Radar,21,4,20,5,50,0,0,28,4,32,21,4,48,9,82,30,0,30,112
08/15/2017,RFD,IL,AGL,CE,Combined TRACON& Tower with Radar,43,3,28,0,74,0,0,29,0,29,43,3,57,0,103,20,0,20,123
08/16/2017,RFD,IL,AGL,CE,Combined TRACON& Tower with Radar,41,9,21,8,79,0,0,13,0,13,41,9,34,8,92,42,12,54,146
08/17/2017,RFD,IL,AGL,CE,Combined TRACON& Tower with Radar,47,5,10,3,65,0,0,5,1,6,47,5,15,4,71,2,4,6,77
08/18/2017,RFD,IL,AGL,CE,Combined TRACON& Tower with Radar,33,8,30,0,71,0,1,39,0,40,33,9,69,0,111,66,0,66,177
08/19/2017,RFD,IL,AGL,CE,Combined TRACON& Tower with Radar,12,4,20,2,38,0,0,29,3,32,12,4,49,5,70,16,0,16,86
08/20/2017,RFD,IL,AGL,CE,Combined TRACON& Tower with Radar,11,1,21,1,34,0,0,24,0,24,11,1,45,1,58,15,0,15,73
08/21/2017,RFD,IL,AGL,CE,Combined TRACON& Tower with Radar,21,0,23,0,44,0,0,7,0,7,21,0,30,0,51,16,0,16,67
08/22/2017,RFD,IL,AGL,CE,Combined TRACON& Tower with Radar,43,11,29,3,86,0,0,16,3,19,43,11,45,6,105,16,0,16,121
08/23/2017,RFD,IL,AGL,CE,Combined TRACON& Tower with Radar,49,3,27,7,86,0,0,30,1,31,49,3,57,8,117,20,6,26,143
08/24/2017,RFD,IL,AGL,CE,Combined TRACON& Tower with Radar,50,9,31,2,92,0,1,35,2,38,50,10,66,4,130,22,0,22,152
08/25/2017,RFD,IL,AGL,CE,Combined TRACON& Tower with Radar,33,3,33,10,79,0,0,45,2,47,33,3,78,12,126,42,16,58,184
08/26/2017,RFD,IL,AGL,CE,Combined TRACON& Tower with Radar,11,1,18,0,30,0,1,28,0,29,11,2,46,0,59,30,0,30,89
08/27/2017,RFD,IL,AGL,CE,Combined TRACON& Tower with Radar,9,1,12,2,24,0,0,10,2,12,9,1,22,4,36,10,18,28,64
08/28/2017,RFD,IL,AGL,CE,Combined TRACON& Tower with Radar,33,4,15,0,52,0,0,3,0,3,33,4,18,0,55,4,0,4,59
08/29/2017,RFD,IL,AGL,CE,Combined TRACON& Tower with Radar,46,2,14,2,64,0,0,11,4,15,46,2,25,6,79,34,0,34,113
08/30/2017,RFD,IL,AGL,CE,Combined TRACON& Tower with Radar,43,6,56,0,105,0,0,46,0,46,43,6,102,0,151,70,0,70,221
08/31/2017,RFD,IL,AGL,CE,Combined TRACON& Tower with Radar,51,10,30,2,93,0,0,19,2,21,51,10,49,4,114,28,0,28,142
09/01/2017,RFD,IL,AGL,CE,Combined TRACON& Tower with Radar,35,5,36,1,77,0,0,24,1,25,35,5,60,2,102,10,0,10,112
09/02/2017,RFD,IL,AGL,CE,Combined TRACON& Tower with Radar,15,2,11,0,28,0,0,27,0,27,15,2,38,0,55,24,0,24,79
09/03/2017,RFD,IL,AGL,CE,Combined TRACON& Tower with Radar,11,0,11,1,23,0,0,17,1,18,11,0,28,2,41,22,0,22,63
09/04/2017,RFD,IL,AGL,CE,Combined TRACON& Tower with Radar,13,2,18,2,35,0,0,13,3,16,13,2,31,5,51,20,0,20,71
09/05/2017,RFD,IL,AGL,CE,Combined TRACON& Tower with Radar,16,2,22,1,41,0,0,17,3,20,16,2,39,4,61,6,0,6,67
09/06/2017,RFD,IL,AGL,CE,Combined TRACON& Tower with Radar,48,4,29,2,83,0,2,32,3,37,48,6,61,5,120,30,0,30,150
09/07/2017,RFD,IL,AGL,CE,Combined TRACON& Tower with Radar,50,5,24,3,82,1,0,27,2,30,51,5,51,5,112,44,0,44,156
09/08/2017,RFD,IL,AGL,CE,Combined TRACON& Tower with Radar,33,6,27,1,67,0,0,26,1,27,33,6,53,2,94,6,0,6,100
09/09/2017,RFD,IL,AGL,CE,Combined TRACON& Tower with Radar,11,2,17,5,35,0,0,52,4,56,11,2,69,9,91,24,0,24,115
09/10/2017,RFD,IL,AGL,CE,Combined TRACON& Tower with Radar,9,0,18,1,28,0,0,42,0,42,9,0,60,1,70,4,0,4,74
09/11/2017,RFD,IL,AGL,CE,Combined TRACON& Tower with Radar,19,3,14,4,40,0,0,19,6,25,19,3,33,10,65,46,0,46,111
09/12/2017,RFD,IL,AGL,CE,Combined TRACON& Tower with Radar,44,4,25,2,75,0,0,30,2,32,44,4,55,4,107,16,0,16,123
09/13/2017,RFD,IL,AGL,CE,Combined TRACON& Tower with Radar,43,3,30,3,79,0,0,22,5,27,43,3,52,8,106,28,0,28,134
09/14/2017,RFD,IL,AGL,CE,Combined TRACON& Tower with Radar,50,12,23,0,85,0,2,18,0,20,50,14,41,0,105,52,0,52,157
09/15/2017,RFD,IL,AGL,CE,Combined TRACON& Tower with Radar,32,7,21,2,62,0,1,36,3,40,32,8,57,5,102,40,0,40,142
09/16/2017,RFD,IL,AGL,CE,Combined TRACON& Tower with Radar,14,9,20,7,50,0,0,38,4,42,14,9,58,11,92,36,0,36,128
09/17/2017,RFD,IL,AGL,CE,Combined TRACON& Tower with Radar,11,3,18,1,33,0,0,18,3,21,11,3,36,4,54,2,0,2,56
09/18/2017,RFD,IL,AGL,CE,Combined TRACON& Tower with Radar,20,4,26,6,56,0,0,15,4,19,20,4,41,10,75,54,0,54,129
09/19/2017,RFD,IL,AGL,CE,Combined TRACON& Tower with Radar,44,2,19,3,68,0,0,19,4,23,44,2,38,7,91,16,0,16,107
09/20/2017,RFD,IL,AGL,CE,Combined TRACON& Tower with Radar,46,5,20,1,72,0,0,23,2,25,46,5,43,3,97,30,0,30,127
09/21/2017,RFD,IL,AGL,CE,Combined TRACON& Tower with Radar,50,7,26,0,83,0,0,24,1,25,50,7,50,1,108,62,1,63,171
09/22/2017,RFD,IL,AGL,CE,Combined TRACON& Tower with Radar,37,4,17,2,60,0,0,40,0,40,37,4,57,2,100,84,0,84,184
09/23/2017,RFD,IL,AGL,CE,Combined TRACON& Tower with Radar,11,0,23,3,37,0,0,37,4,41,11,0,60,7,78,32,0,32,110
09/24/2017,RFD,IL,AGL,CE,Combined TRACON& Tower with Radar,13,5,16,4,38,0,0,28,2,30,13,5,44,6,68,70,0,70,138
09/25/2017,RFD,IL,AGL,CE,Combined TRACON& Tower with Radar,22,7,13,3,45,0,0,35,3,38,22,7,48,6,83,26,0,26,109
09/26/2017,RFD,IL,AGL,CE,Combined TRACON& Tower with Radar,47,4,18,1,70,0,0,23,1,24,47,4,41,2,94,7,0,7,101
09/27/2017,RFD,IL,AGL,CE,Combined TRACON& Tower with Radar,41,4,16,7,68,0,0,30,3,33,41,4,46,10,101,38,0,38,139
09/28/2017,RFD,IL,AGL,CE,Combined TRACON& Tower with Radar,52,6,36,0,94,0,0,39,0,39,52,6,75,0,133,22,0,22,155
09/29/2017,RFD,IL,AGL,CE,Combined TRACON& Tower with Radar,31,4,15,8,58,0,0,33,0,33,31,4,48,8,91,12,20,32,123
09/30/2017,RFD,IL,AGL,CE,Combined TRACON& Tower with Radar,11,10,18,1,40,0,2,51,0,53,11,12,69,1,93,18,0,18,111
10/01/2017,RFD,IL,AGL,CE,Combined TRACON& Tower with Radar,15,0,18,3,36,0,0,33,5,38,15,0,51,8,74,90,0,90,164
10/02/2017,RFD,IL,AGL,CE,Combined TRACON& Tower with Radar,24,1,24,1,50,0,0,9,1,10,24,1,33,2,60,6,0,6,66
10/03/2017,RFD,IL,AGL,CE,Combined TRACON& Tower with Radar,48,4,39,1,92,0,0,21,1,22,48,4,60,2,114,8,0,8,122
10/04/2017,RFD,IL,AGL,CE,Combined TRACON& Tower with Radar,51,7,25,2,85,0,0,34,0,34,51,7,59,2,119,32,0,32,151
10/05/2017,RFD,IL,AGL,CE,Combined TRACON& Tower with Radar,48,1,26,16,91,0,0,33,1,34,48,1,59,17,125,24,12,36,161
10/06/2017,RFD,IL,AGL,CE,Combined TRACON& Tower with Radar,35,4,20,0,59,0,0,0,0,0,35,4,20,0,59,6,0,6,65
10/07/2017,RFD,IL,AGL,CE,Combined TRACON& Tower with Radar,18,1,3,5,27,0,0,2,3,5,18,1,5,8,32,0,4,4,36
10/08/2017,RFD,IL,AGL,CE,Combined TRACON& Tower with Radar,10,2,23,1,36,0,1,20,1,22,10,3,43,2,58,18,0,18,76
10/09/2017,RFD,IL,AGL,CE,Combined TRACON& Tower with Radar,22,6,16,0,44,0,0,21,2,23,22,6,37,2,67,10,0,10,77
10/10/2017,RFD,IL,AGL,CE,Combined TRACON& Tower with Radar,47,4,11,0,62,0,0,1,0,1,47,4,12,0,63,0,0,0,63
10/11/2017,RFD,IL,AGL,CE,Combined TRACON& Tower with Radar,54,3,38,0,95,0,0,1,0,1,54,3,39,0,96,16,0,16,112
10/12/2017,RFD,IL,AGL,CE,Combined TRACON& Tower with Radar,47,11,29,2,89,0,0,1,0,1,47,11,30,2,90,0,0,0,90
10/13/2017,RFD,IL,AGL,CE,Combined TRACON& Tower with Radar,34,3,33,4,74,0,2,26,0,28,34,5,59,4,102,14,0,14,116
10/14/2017,RFD,IL,AGL,CE,Combined TRACON& Tower with Radar,22,0,12,0,34,0,0,0,0,0,22,0,12,0,34,0,0,0,34
10/15/2017,RFD,IL,AGL,CE,Combined TRACON& Tower with Radar,14,1,4,2,21,0,0,2,2,4,14,1,6,4,25,0,0,0,25
10/16/2017,RFD,IL,AGL,CE,Combined TRACON& Tower with Radar,23,0,45,2,70,0,0,43,2,45,23,0,88,4,115,62,0,62,177
10/17/2017,RFD,IL,AGL,CE,Combined TRACON& Tower with Radar,47,5,26,3,81,0,0,40,2,42,47,5,66,5,123,38,0,38,161
10/18/2017,RFD,IL,AGL,CE,Combined TRACON& Tower with Radar,51,3,24,2,80,0,0,31,2,33,51,3,55,4,113,2,1,3,116
10/19/2017,RFD,IL,AGL,CE,Combined TRACON& Tower with Radar,46,3,24,1,74,0,0,48,1,49,46,3,72,2,123,12,0,12,135
10/20/2017,RFD,IL,AGL,CE,Combined TRACON& Tower with Radar,37,0,19,2,58,0,2,40,2,44,37,2,59,4,102,0,0,0,102
10/21/2017,RFD,IL,AGL,CE,Combined TRACON& Tower with Radar,15,0,4,1,20,0,0,13,1,14,15,0,17,2,34,4,0,4,38
10/22/2017,RFD,IL,AGL,CE,Combined TRACON& Tower with Radar,10,1,8,0,19,0,0,8,0,8,10,1,16,0,27,8,0,8,35
10/23/2017,RFD,IL,AGL,CE,Combined TRACON& Tower with Radar,20,7,15,2,44,0,0,11,1,12,20,7,26,3,56,0,0,0,56
10/24/2017,RFD,IL,AGL,CE,Combined TRACON& Tower with Radar,46,3,12,1,62,0,0,0,0,0,46,3,12,1,62,0,0,0,62
10/25/2017,RFD,IL,AGL,CE,Combined TRACON& Tower with Radar,52,1,14,4,71,0,3,33,0,36,52,4,47,4,107,22,0,22,129
10/26/2017,RFD,IL,AGL,CE,Combined TRACON& Tower with Radar,46,3,25,3,77,0,0,15,3,18,46,3,40,6,95,30,0,30,125
10/27/2017,RFD,IL,AGL,CE,Combined TRACON& Tower with Radar,37,8,25,8,78,0,1,14,0,15,37,9,39,8,93,46,30,76,169
10/28/2017,RFD,IL,AGL,CE,Combined TRACON& Tower with Radar,16,2,8,1,27,0,0,15,1,16,16,2,23,2,43,74,0,74,117
10/29/2017,RFD,IL,AGL,CE,Combined TRACON& Tower with Radar,10,0,36,3,49,0,0,27,3,30,10,0,63,6,79,20,0,20,99
10/30/2017,RFD,IL,AGL,CE,Combined TRACON& Tower with Radar,19,0,14,0,33,0,0,19,0,19,19,0,33,0,52,28,0,28,80
10/31/2017,RFD,IL,AGL,CE,Combined TRACON& Tower with Radar,49,0,4,4,57,0,2,16,2,20,49,2,20,6,77,28,0,28,105
11/01/2017,RFD,IL,AGL,CE,Combined TRACON& Tower with Radar,54,5,8,3,70,0,0,14,0,14,54,5,22,3,84,34,6,40,124
11/02/2017,RFD,IL,AGL,CE,Combined TRACON& Tower with Radar,50,4,14,1,69,0,0,1,1,2,50,4,15,2,71,20,0,20,91
11/03/2017,RFD,IL,AGL,CE,Combined TRACON& Tower with Radar,37,0,38,1,76,0,0,38,3,41,37,0,76,4,117,86,0,86,203
11/04/2017,RFD,IL,AGL,CE,Combined TRACON& Tower with Radar,12,0,7,0,19,0,0,0,0,0,12,0,7,0,19,2,0,2,21
11/05/2017,RFD,IL,AGL,CE,Combined TRACON& Tower with Radar,12,0,18,0,30,0,0,3,0,3,12,0,21,0,33,26,0,26,59
11/06/2017,RFD,IL,AGL,CE,Combined TRACON& Tower with Radar,24,2,31,1,58,0,0,23,1,24,24,2,54,2,82,22,0,22,104
11/07/2017,RFD,IL,AGL,CE,Combined TRACON& Tower with Radar,55,11,24,15,105,0,2,43,0,45,55,13,67,15,150,136,28,164,314
11/08/2017,RFD,IL,AGL,CE,Combined TRACON& Tower with Radar,57,2,26,11,96,0,0,36,1,37,57,2,62,12,133,42,4,46,179
11/09/2017,RFD,IL,AGL,CE,Combined TRACON& Tower with Radar,63,7,16,1,87,0,1,20,2,23,63,8,36,3,110,0,0,0,110
11/10/2017,RFD,IL,AGL,CE,Combined TRACON& Tower with Radar,46,0,13,2,61,0,1,19,3,23,46,1,32,5,84,12,0,12,96
11/11/2017,RFD,IL,AGL,CE,Combined TRACON& Tower with Radar,23,2,15,1,41,0,2,18,2,22,23,4,33,3,63,6,0,6,69
11/12/2017,RFD,IL,AGL,CE,Combined TRACON& Tower with Radar,20,0,5,0,25,0,0,0,0,0,20,0,5,0,25,0,0,0,25
11/13/2017,RFD,IL,AGL,CE,Combined TRACON& Tower with Radar,36,0,28,0,64,0,0,0,0,0,36,0,28,0,64,2,0,2,66
11/14/2017,RFD,IL,AGL,CE,Combined TRACON& Tower with Radar,56,4,14,4,78,0,0,19,0,19,56,4,33,4,97,40,0,40,137
11/15/2017,RFD,IL,AGL,CE,Combined TRACON& Tower with Radar,61,2,16,1,80,0,0,8,1,9,61,2,24,2,89,26,0,26,115
11/16/2017,RFD,IL,AGL,CE,Combined TRACON& Tower with Radar,64,1,30,1,96,0,0,27,1,28,64,1,57,2,124,34,0,34,158
11/17/2017,RFD,IL,AGL,CE,Combined TRACON& Tower with Radar,40,7,15,0,62,0,0,3,0,3,40,7,18,0,65,0,0,0,65
11/18/2017,RFD,IL,AGL,CE,Combined TRACON& Tower with Radar,22,2,8,1,33,0,0,2,1,3,22,2,10,2,36,6,0,6,42
11/19/2017,RFD,IL,AGL,CE,Combined TRACON& Tower with Radar,25,3,41,3,72,0,0,29,4,33,25,3,70,7,105,108,0,108,213
11/20/2017,RFD,IL,AGL,CE,Combined TRACON& Tower with Radar,34,0,18,3,55,0,0,12,3,15,34,0,30,6,70,72,0,72,142
11/21/2017,RFD,IL,AGL,CE,Combined TRACON& Tower with Radar,103,4,23,6,136,0,0,10,7,17,103,4,33,13,153,80,0,80,233
11/22/2017,RFD,IL,AGL,CE,Combined TRACON& Tower with Radar,82,1,20,3,106,0,0,36,2,38,82,1,56,5,144,30,0,30,174
11/23/2017,RFD,IL,AGL,CE,Combined TRACON& Tower with Radar,23,0,6,0,29,0,0,7,0,7,23,0,13,0,36,22,0,22,58
11/24/2017,RFD,IL,AGL,CE,Combined TRACON& Tower with Radar,18,0,6,2,26,0,0,12,4,16,18,0,18,6,42,28,0,28,70
11/25/2017,RFD,IL,AGL,CE,Combined TRACON& Tower with Radar,28,2,27,1,58,0,0,24,1,25,28,2,51,2,83,94,0,94,177
11/26/2017,RFD,IL,AGL,CE,Combined TRACON& Tower with Radar,19,0,36,2,57,0,0,33,2,35,19,0,69,4,92,68,0,68,160
11/27/2017,RFD,IL,AGL,CE,Combined TRACON& Tower with Radar,37,9,34,6,86,0,0,18,5,23,37,9,52,11,109,74,0,74,183
11/28/2017,RFD,IL,AGL,CE,Combined TRACON& Tower with Radar,94,4,17,0,115,1,2,25,1,29,95,6,42,1,144,40,0,40,184
11/29/2017,RFD,IL,AGL,CE,Combined TRACON& Tower with Radar,97,5,17,1,120,0,2,33,2,37,97,7,50,3,157,40,0,40,197
11/30/2017,RFD,IL,AGL,CE,Combined TRACON& Tower with Radar,100,6,26,0,132,0,1,25,0,26,100,7,51,0,158,0,0,0,158
12/01/2017,RFD,IL,AGL,CE,Combined TRACON& Tower with Radar,59,7,12,0,78,0,1,22,0,23,59,8,34,0,101,20,0,20,121
12/02/2017,RFD,IL,AGL,CE,Combined TRACON& Tower with Radar,24,1,34,1,60,0,3,34,1,38,24,4,68,2,98,100,0,100,198
12/03/2017,RFD,IL,AGL,CE,Combined TRACON& Tower with Radar,22,6,22,1,51,0,1,31,1,33,22,7,53,2,84,44,0,44,128
12/04/2017,RFD,IL,AGL,CE,Combined TRACON& Tower with Radar,44,3,22,0,69,0,0,3,0,3,44,3,25,0,72,0,0,0,72
12/05/2017,RFD,IL,AGL,CE,Combined TRACON& Tower with Radar,92,9,7,0,108,0,0,3,0,3,92,9,10,0,111,0,0,0,111
12/06/2017,RFD,IL,AGL,CE,Combined TRACON& Tower with Radar,104,3,9,1,117,0,0,9,1,10,104,3,18,2,127,10,0,10,137
12/07/2017,RFD,IL,AGL,CE,Combined TRACON& Tower with Radar,94,6,9,0,109,0,0,18,0,18,94,6,27,0,127,2,0,2,129
12/08/2017,RFD,IL,AGL,CE,Combined TRACON& Tower with Radar,61,8,18,0,87,0,0,22,2,24,61,8,40,2,111,6,0,6,117
12/09/2017,RFD,IL,AGL,CE,Combined TRACON& Tower with Radar,23,2,5,2,32,0,0,0,2,2,23,2,5,4,34,2,0,2,36
12/10/2017,RFD,IL,AGL,CE,Combined TRACON& Tower with Radar,25,4,29,0,58,0,0,31,0,31,25,4,60,0,89,22,0,22,111
12/11/2017,RFD,IL,AGL,CE,Combined TRACON& Tower with Radar,39,6,7,0,52,0,0,0,0,0,39,6,7,0,52,0,0,0,52
12/12/2017,RFD,IL,AGL,CE,Combined TRACON& Tower with Radar,121,2,10,2,135,0,0,10,2,12,121,2,20,4,147,9,0,9,156
12/13/2017,RFD,IL,AGL,CE,Combined TRACON& Tower with Radar,123,6,11,5,145,0,2,3,1,6,123,8,14,6,151,12,6,18,169
12/14/2017,RFD,IL,AGL,CE,Combined TRACON& Tower with Radar,130,8,23,10,171,0,0,27,6,33,130,8,50,16,204,40,14,54,258
12/15/2017,RFD,IL,AGL,CE,Combined TRACON& Tower with Radar,73,7,9,6,95,0,0,11,0,11,73,7,20,6,106,0,4,4,110
12/16/2017,RFD,IL,AGL,CE,Combined TRACON& Tower with Radar,37,19,29,0,85,0,0,24,0,24,37,19,53,0,109,37,0,37,146
12/17/2017,RFD,IL,AGL,CE,Combined TRACON& Tower with Radar,21,4,3,0,28,0,0,0,0,0,21,4,3,0,28,0,0,0,28
12/18/2017,RFD,IL,AGL,CE,Combined TRACON& Tower with Radar,46,5,16,0,67,0,0,15,0,15,46,5,31,0,82,14,0,14,96
12/19/2017,RFD,IL,AGL,CE,Combined TRACON& Tower with Radar,143,11,23,0,177,0,0,25,0,25,143,11,48,0,202,22,0,22,224
12/20/2017,RFD,IL,AGL,CE,Combined TRACON& Tower with Radar,141,12,23,0,176,0,0,35,0,35,141,12,58,0,211,50,0,50,261
12/21/2017,RFD,IL,AGL,CE,Combined TRACON& Tower with Radar,135,5,32,1,173,0,0,15,1,16,135,5,47,2,189,26,0,26,215
12/22/2017,RFD,IL,AGL,CE,Combined TRACON& Tower with Radar,91,2,5,0,98,0,0,0,0,0,91,2,5,0,98,0,0,0,98
12/23/2017,RFD,IL,AGL,CE,Combined TRACON& Tower with Radar,65,0,25,0,90,0,0,11,2,13,65,0,36,2,103,28,0,28,131
12/24/2017,RFD,IL,AGL,CE,Combined TRACON& Tower with Radar,23,0,2,0,25,0,0,0,1,1,23,0,2,1,26,0,0,0,26
12/25/2017,RFD,IL,AGL,CE,Combined TRACON& Tower with Radar,5,0,4,0,9,0,0,1,0,1,5,0,5,0,10,0,0,0,10
12/26/2017,RFD,IL,AGL,CE,Combined TRACON& Tower with Radar,28,2,14,0,44,0,0,4,0,4,28,2,18,0,48,8,0,8,56
12/27/2017,RFD,IL,AGL,CE,Combined TRACON& Tower with Radar,86,0,12,5,103,0,0,10,4,14,86,0,22,9,117,3,6,9,126
12/28/2017,RFD,IL,AGL,CE,Combined TRACON& Tower with Radar,83,3,1,1,88,0,0,2,0,2,83,3,3,1,90,0,0,0,90
12/29/2017,RFD,IL,AGL,CE,Combined TRACON& Tower with Radar,46,1,6,0,53,0,0,5,0,5,46,1,11,0,58,0,0,0,58
12/30/2017,RFD,IL,AGL,CE,Combined TRACON& Tower with Radar,29,1,5,1,36,0,0,4,1,5,29,1,9,2,41,0,0,0,41
12/31/2017,RFD,IL,AGL,CE,Combined TRACON& Tower with Radar,22,0,6,1,29,0,0,4,1,5,22,0,10,2,34,0,0,0,34
01/01/2018,RFD,IL,AGL,CE,Combined TRACON& Tower with Radar,10,1,6,1,18,0,0,2,1,3,10,1,8,2,21,0,0,0,21
01/02/2018,RFD,IL,AGL,CE,Combined TRACON& Tower with Radar,33,4,7,0,44,0,0,1,2,3,33,4,8,2,47,0,0,0,47
01/03/2018,RFD,IL,AGL,CE,Combined TRACON& Tower with Radar,73,12,3,0,88,0,0,8,0,8,73,12,11,0,96,0,0,0,96
01/04/2018,RFD,IL,AGL,CE,Combined TRACON& Tower with Radar,70,5,11,1,87,0,0,12,1,13,70,5,23,2,100,2,0,2,102
01/05/2018,RFD,IL,AGL,CE,Combined TRACON& Tower with Radar,45,12,9,1,67,0,0,11,1,12,45,12,20,2,79,8,2,10,89
01/06/2018,RFD,IL,AGL,CE,Combined TRACON& Tower with Radar,29,6,12,0,47,0,1,10,0,11,29,7,22,0,58,20,0,20,78
01/07/2018,RFD,IL,AGL,CE,Combined TRACON& Tower with Radar,24,1,11,0,36,0,0,0,0,0,24,1,11,0,36,0,0,0,36
01/08/2018,RFD,IL,AGL,CE,Combined TRACON& Tower with Radar,33,3,24,2,62,0,0,21,2,23,33,3,45,4,85,30,0,30,115
01/09/2018,RFD,IL,AGL,CE,Combined TRACON& Tower with Radar,75,9,13,2,99,0,0,4,0,4,75,9,17,2,103,14,0,14,117
01/10/2018,RFD,IL,AGL,CE,Combined TRACON& Tower with Radar,65,2,3,0,70,0,0,0,0,0,65,2,3,0,70,0,0,0,70
01/11/2018,RFD,IL,AGL,CE,Combined TRACON& Tower with Radar,73,2,9,0,84,0,0,0,0,0,73,2,9,0,84,0,0,0,84
01/12/2018,RFD,IL,AGL,CE,Combined TRACON& Tower with Radar,50,8,15,0,73,0,0,8,0,8,50,8,23,0,81,6,0,6,87
01/13/2018,RFD,IL,AGL,CE,Combined TRACON& Tower with Radar,20,6,18,2,46,0,0,15,2,17,20,6,33,4,63,24,0,24,87
01/14/2018,RFD,IL,AGL,CE,Combined TRACON& Tower with Radar,19,2,6,1,28,0,0,14,1,15,19,2,20,2,43,14,0,14,57
01/15/2018,RFD,IL,AGL,CE,Combined TRACON& Tower with Radar,18,1,1,0,20,0,0,1,0,1,18,1,2,0,21,0,0,0,21
01/16/2018,RFD,IL,AGL,CE,Combined TRACON& Tower with Radar,34,3,14,0,51,0,0,8,0,8,34,3,22,0,59,6,0,6,65
01/17/2018,RFD,IL,AGL,CE,Combined TRACON& Tower with Radar,65,3,15,1,84,0,0,20,1,21,65,3,35,2,105,12,0,12,117
01/18/2018,RFD,IL,AGL,CE,Combined TRACON& Tower with Radar,70,2,24,1,97,0,0,29,3,32,70,2,53,4,129,0,0,0,129
01/19/2018,RFD,IL,AGL,CE,Combined TRACON& Tower with Radar,52,0,13,0,65,0,0,26,1,27,52,0,39,1,92,6,0,6,98
01/20/2018,RFD,IL,AGL,CE,Combined TRACON& Tower with Radar,17,2,9,4,32,0,0,41,5,46,17,2,50,9,78,38,0,38,116
01/21/2018,RFD,IL,AGL,CE,Combined TRACON& Tower with Radar,18,2,2,2,24,0,0,0,0,0,18,2,2,2,24,0,0,0,24
01/22/2018,RFD,IL,AGL,CE,Combined TRACON& Tower with Radar,33,0,7,0,40,0,0,0,0,0,33,0,7,0,40,0,0,0,40
01/23/2018,RFD,IL,AGL,CE,Combined TRACON& Tower with Radar,69,7,9,0,85,0,0,0,0,0,69,7,9,0,85,0,0,0,85
01/24/2018,RFD,IL,AGL,CE,Combined TRACON& Tower with Radar,66,0,7,0,73,0,0,1,0,1,66,0,8,0,74,0,0,0,74
01/25/2018,RFD,IL,AGL,CE,Combined TRACON& Tower with Radar,68,4,22,3,97,0,0,25,3,28,68,4,47,6,125,0,0,0,125
01/26/2018,RFD,IL,AGL,CE,Combined TRACON& Tower with Radar,51,5,9,1,66,0,0,15,1,16,51,5,24,2,82,0,0,0,82
01/27/2018,RFD,IL,AGL,CE,Combined TRACON& Tower with Radar,17,2,13,4,36,0,0,30,3,33,17,2,43,7,69,28,0,28,97
01/28/2018,RFD,IL,AGL,CE,Combined TRACON& Tower with Radar,19,0,18,0,37,0,0,8,0,8,19,0,26,0,45,20,0,20,65
01/29/2018,RFD,IL,AGL,CE,Combined TRACON& Tower with Radar,26,0,6,0,32,0,0,12,0,12,26,0,18,0,44,10,0,10,54
01/30/2018,RFD,IL,AGL,CE,Combined TRACON& Tower with Radar,63,2,18,1,84,0,0,19,1,20,63,2,37,2,104,36,0,36,140
01/31/2018,RFD,IL,AGL,CE,Combined TRACON& Tower with Radar,69,4,13,2,88,0,3,12,10,25,69,7,25,12,113,6,6,12,125
02/01/2018,RFD,IL,AGL,CE,Combined TRACON& Tower with Radar,73,3,13,2,91,0,0,14,1,15,73,3,27,3,106,30,0,30,136
02/02/2018,RFD,IL,AGL,CE,Combined TRACON& Tower with Radar,47,2,20,5,74,0,0,19,2,21,47,2,39,7,95,46,0,46,141
02/03/2018,RFD,IL,AGL,CE,Combined TRACON& Tower with Radar,21,1,15,1,38,0,0,2,1,3,21,1,17,2,41,16,0,16,57
02/04/2018,RFD,IL,AGL,CE,Combined TRACON& Tower with Radar,22,0,7,0,29,0,0,0,0,0,22,0,7,0,29,0,0,0,29
02/05/2018,RFD,IL,AGL,CE,Combined TRACON& Tower with Radar,30,2,15,1,48,0,0,2,1,3,30,2,17,2,51,0,0,0,51
02/06/2018,RFD,IL,AGL,CE,Combined TRACON& Tower with Radar,64,2,13,14,93,0,0,23,2,25,64,2,36,16,118,10,12,22,140
02/07/2018,RFD,IL,AGL,CE,Combined TRACON& Tower with Radar,70,0,22,1,93,0,0,9,1,10,70,0,31,2,103,0,0,0,103
02/08/2018,RFD,IL,AGL,CE,Combined TRACON& Tower with Radar,70,6,8,1,85,0,0,8,1,9,70,6,16,2,94,4,0,4,98
02/09/2018,RFD,IL,AGL,CE,Combined TRACON& Tower with Radar,46,5,6,1,58,0,0,2,1,3,46,5,8,2,61,0,0,0,61
02/10/2018,RFD,IL,AGL,CE,Combined TRACON& Tower with Radar,21,0,12,0,33,0,0,7,0,7,21,0,19,0,40,0,0,0,40
02/11/2018,RFD,IL,AGL,CE,Combined TRACON& Tower with Radar,19,2,5,1,27,0,0,6,2,8,19,2,11,3,35,0,0,0,35
02/12/2018,RFD,IL,AGL,CE,Combined TRACON& Tower with Radar,35,6,16,3,60,0,1,35,2,38,35,7,51,5,98,12,0,12,110
02/13/2018,RFD,IL,AGL,CE,Combined TRACON& Tower with Radar,73,6,18,2,99,0,2,26,5,33,73,8,44,7,132,14,0,14,146
02/14/2018,RFD,IL,AGL,CE,Combined TRACON& Tower with Radar,79,7,14,0,100,0,0,13,0,13,79,7,27,0,113,12,0,12,125
02/15/2018,RFD,IL,AGL,CE,Combined TRACON& Tower with Radar,69,2,19,0,90,0,0,4,0,4,69,2,23,0,94,12,0,12,106
02/16/2018,RFD,IL,AGL,CE,Combined TRACON& Tower with Radar,48,4,31,1,84,0,0,39,1,40,48,4,70,2,124,18,0,18,142
02/17/2018,RFD,IL,AGL,CE,Combined TRACON& Tower with Radar,19,0,11,1,31,0,0,13,1,14,19,0,24,2,45,6,0,6,51
02/18/2018,RFD,IL,AGL,CE,Combined TRACON& Tower with Radar,18,0,5,0,23,0,0,5,0,5,18,0,10,0,28,0,0,0,28
02/19/2018,RFD,IL,AGL,CE,Combined TRACON& Tower with Radar,17,0,6,0,23,0,0,0,0,0,17,0,6,0,23,0,0,0,23
02/20/2018,RFD,IL,AGL,CE,Combined TRACON& Tower with Radar,37,0,7,0,44,0,0,0,0,0,37,0,7,0,44,0,0,0,44
02/21/2018,RFD,IL,AGL,CE,Combined TRACON& Tower with Radar,75,0,48,0,123,0,0,26,0,26,75,0,74,0,149,38,0,38,187
02/22/2018,RFD,IL,AGL,CE,Combined TRACON& Tower with Radar,72,3,23,2,100,0,0,14,2,16,72,3,37,4,116,2,0,2,118
02/23/2018,RFD,IL,AGL,CE,Combined TRACON& Tower with Radar,50,11,25,0,86,0,0,3,0,3,50,11,28,0,89,14,0,14,103
02/24/2018,RFD,IL,AGL,CE,Combined TRACON& Tower with Radar,22,0,5,0,27,0,0,0,0,0,22,0,5,0,27,6,0,6,33
02/25/2018,RFD,IL,AGL,CE,Combined TRACON& Tower with Radar,18,2,23,3,46,0,0,14,4,18,18,2,37,7,64,2,0,2,66
02/26/2018,RFD,IL,AGL,CE,Combined TRACON& Tower with Radar,31,4,31,1,67,0,0,43,2,45,31,4,74,3,112,66,0,66,178
02/27/2018,RFD,IL,AGL,CE,Combined TRACON& Tower with Radar,64,8,18,3,93,0,1,19,3,23,64,9,37,6,116,34,0,34,150
02/28/2018,RFD,IL,AGL,CE,Combined TRACON& Tower with Radar,73,2,7,7,89,0,0,12,1,13,73,2,19,8,102,6,0,6,108
03/01/2018,RFD,IL,AGL,CE,Combined TRACON& Tower with Radar,73,0,19,0,92,0,0,8,0,8,73,0,27,0,100,10,0,10,110
03/02/2018,RFD,IL,AGL,CE,Combined TRACON& Tower with Radar,48,0,22,1,71,0,0,42,1,43,48,0,64,2,114,12,0,12,126
03/03/2018,RFD,IL,AGL,CE,Combined TRACON& Tower with Radar,21,0,13,0,34,0,0,23,0,23,21,0,36,0,57,18,0,18,75
03/04/2018,RFD,IL,AGL,CE,Combined TRACON& Tower with Radar,18,1,15,2,36,0,0,19,2,21,18,1,34,4,57,2,0,2,59
03/05/2018,RFD,IL,AGL,CE,Combined TRACON& Tower with Radar,29,6,10,0,45,0,2,4,0,6,29,8,14,0,51,8,0,8,59
03/06/2018,RFD,IL,AGL,CE,Combined TRACON& Tower with Radar,72,0,32,0,104,0,0,0,0,0,72,0,32,0,104,2,0,2,106
03/07/2018,RFD,IL,AGL,CE,Combined TRACON& Tower with Radar,72,5,22,9,108,0,0,16,7,23,72,5,38,16,131,8,0,8,139
03/08/2018,RFD,IL,AGL,CE,Combined TRACON& Tower with Radar,73,13,19,2,107,0,0,26,3,29,73,13,45,5,136,10,0,10,146
03/09/2018,RFD,IL,AGL,CE,Combined TRACON& Tower with Radar,50,2,23,0,75,0,0,39,0,39,50,2,62,0,114,2,0,2,116
03/10/2018,RFD,IL,AGL,CE,Combined TRACON& Tower with Radar,23,0,21,2,46,0,0,34,4,38,23,0,55,6,84,32,0,32,116
03/11/2018,RFD,IL,AGL,CE,Combined TRACON& Tower with Radar,18,1,8,3,30,0,0,17,3,20,18,1,25,6,50,2,0,2,52
03/12/2018,RFD,IL,AGL,CE,Combined TRACON& Tower with Radar,30,4,9,1,44,0,0,8,1,9,30,4,17,2,53,0,0,0,53
03/13/2018,RFD,IL,AGL,CE,Combined TRACON& Tower with Radar,81,0,10,0,91,0,0,10,0,10,81,0,20,0,101,0,0,0,101
03/14/2018,RFD,IL,AGL,CE,Combined TRACON& Tower with Radar,74,2,23,1,100,0,0,17,1,18,74,2,40,2,118,2,0,2,120
03/15/2018,RFD,IL,AGL,CE,Combined TRACON& Tower with Radar,71,4,29,3,107,0,0,46,2,48,71,4,75,5,155,38,0,38,193
03/16/2018,RFD,IL,AGL,CE,Combined TRACON& Tower with Radar,51,0,41,2,94,0,0,22,3,25,51,0,63,5,119,14,0,14,133
03/17/2018,RFD,IL,AGL,CE,Combined TRACON& Tower with Radar,25,2,15,1,43,0,0,22,1,23,25,2,37,2,66,28,0,28,94
03/18/2018,RFD,IL,AGL,CE,Combined TRACON& Tower with Radar,18,4,40,0,62,0,0,30,0,30,18,4,70,0,92,26,0,26,118
03/19/2018,RFD,IL,AGL,CE,Combined TRACON& Tower with Radar,27,1,20,1,49,0,0,10,2,12,27,1,30,3,61,10,0,10,71
03/20/2018,RFD,IL,AGL,CE,Combined TRACON& Tower with Radar,74,8,12,4,98,0,1,11,2,14,74,9,23,6,112,20,0,20,132
03/21/2018,RFD,IL,AGL,CE,Combined TRACON& Tower with Radar,73,3,36,4,116,0,2,40,3,45,73,5,76,7,161,58,0,58,219
03/22/2018,RFD,IL,AGL,CE,Combined TRACON& Tower with Radar,76,9,47,1,133,0,0,41,2,43,76,9,88,3,176,52,0,52,228
03/23/2018,RFD,IL,AGL,CE,Combined TRACON& Tower with Radar,54,2,21,2,79,0,0,23,2,25,54,2,44,4,104,4,0,4,108
03/24/2018,RFD,IL,AGL,CE,Combined TRACON& Tower with Radar,31,4,10,0,45,0,0,1,0,1,31,4,11,0,46,0,0,0,46
03/25/2018,RFD,IL,AGL,CE,Combined TRACON& Tower with Radar,19,2,24,2,47,0,0,25,2,27,19,2,49,4,74,50,0,50,124
03/26/2018,RFD,IL,AGL,CE,Combined TRACON& Tower with Radar,30,2,23,0,55,0,0,15,0,15,30,2,38,0,70,0,0,0,70
03/27/2018,RFD,IL,AGL,CE,Combined TRACON& Tower with Radar,81,7,28,1,117,0,0,1,1,2,81,7,29,2,119,1,0,1,120
03/28/2018,RFD,IL,AGL,CE,Combined TRACON& Tower with Radar,82,3,25,0,110,0,0,29,0,29,82,3,54,0,139,34,0,34,173
03/29/2018,RFD,IL,AGL,CE,Combined TRACON& Tower with Radar,75,3,18,5,101,0,0,19,1,20,75,3,37,6,121,6,2,8,129
03/30/2018,RFD,IL,AGL,CE,Combined TRACON& Tower with Radar,48,1,21,2,72,0,0,29,2,31,48,1,50,4,103,10,0,10,113
03/31/2018,RFD,IL,AGL,CE,Combined TRACON& Tower with Radar,28,1,3,0,32,0,0,1,0,1,28,1,4,0,33,0,0,0,33
04/01/2018,RFD,IL,AGL,CE,Combined TRACON& Tower with Radar,18,0,9,2,29,0,1,2,5,8,18,1,11,7,37,0,0,0,37
04/02/2018,RFD,IL,AGL,CE,Combined TRACON& Tower with Radar,32,1,16,4,53,0,0,20,1,21,32,1,36,5,74,26,0,26,100
04/03/2018,RFD,IL,AGL,CE,Combined TRACON& Tower with Radar,81,5,12,0,98,0,0,0,0,0,81,5,12,0,98,0,0,0,98
04/04/2018,RFD,IL,AGL,CE,Combined TRACON& Tower with Radar,75,4,13,8,100,0,0,14,1,15,75,4,27,9,115,16,0,16,131
04/05/2018,RFD,IL,AGL,CE,Combined TRACON& Tower with Radar,73,2,2,1,78,0,0,5,1,6,73,2,7,2,84,0,0,0,84
04/06/2018,RFD,IL,AGL,CE,Combined TRACON& Tower with Radar,51,3,13,1,68,0,0,6,1,7,51,3,19,2,75,5,0,5,80
04/07/2018,RFD,IL,AGL,CE,Combined TRACON& Tower with Radar,28,1,31,0,60,0,0,40,1,41,28,1,71,1,101,20,0,20,121
04/08/2018,RFD,IL,AGL,CE,Combined TRACON& Tower with Radar,19,1,19,0,39,0,0,29,2,31,19,1,48,2,70,16,0,16,86
04/09/2018,RFD,IL,AGL,CE,Combined TRACON& Tower with Radar,35,0,8,1,44,0,0,11,1,12,35,0,19,2,56,10,0,10,66
04/10/2018,RFD,IL,AGL,CE,Combined TRACON& Tower with Radar,78,2,17,1,98,0,0,27,1,28,78,2,44,2,126,6,0,6,132
04/11/2018,RFD,IL,AGL,CE,Combined TRACON& Tower with Radar,74,4,25,0,103,1,0,34,3,38,75,4,59,3,141,26,0,26,167
04/12/2018,RFD,IL,AGL,CE,Combined TRACON& Tower with Radar,68,5,18,1,92,1,0,21,3,25,69,5,39,4,117,14,0,14,131
04/13/2018,RFD,IL,AGL,CE,Combined TRACON& Tower with Radar,54,0,15,0,69,0,0,2,0,2,54,0,17,0,71,0,0,0,71
04/14/2018,RFD,IL,AGL,CE,Combined TRACON& Tower with Radar,18,2,0,0,20,0,0,0,0,0,18,2,0,0,20,0,0,0,20
04/15/2018,RFD,IL,AGL,CE,Combined TRACON& Tower with Radar,19,1,7,0,27,0,0,0,0,0,19,1,7,0,27,0,0,0,27
04/16/2018,RFD,IL,AGL,CE,Combined TRACON& Tower with Radar,31,2,17,0,50,0,0,0,0,0,31,2,17,0,50,0,0,0,50
04/17/2018,RFD,IL,AGL,CE,Combined TRACON& Tower with Radar,79,2,26,1,108,0,0,37,1,38,79,2,63,2,146,40,0,40,186
04/18/2018,RFD,IL,AGL,CE,Combined TRACON& Tower with Radar,71,3,8,0,82,0,0,0,0,0,71,3,8,0,82,0,0,0,82
04/19/2018,RFD,IL,AGL,CE,Combined TRACON& Tower with Radar,73,5,22,6,106,0,0,28,6,34,73,5,50,12,140,2,0,2,142
04/20/2018,RFD,IL,AGL,CE,Combined TRACON& Tower with Radar,51,1,25,2,79,0,0,42,2,44,51,1,67,4,123,16,0,16,139
04/21/2018,RFD,IL,AGL,CE,Combined TRACON& Tower with Radar,17,1,16,0,34,0,0,31,0,31,17,1,47,0,65,18,0,18,83
04/22/2018,RFD,IL,AGL,CE,Combined TRACON& Tower with Radar,18,0,37,2,57,0,0,34,2,36,18,0,71,4,93,38,0,38,131
04/23/2018,RFD,IL,AGL,CE,Combined TRACON& Tower with Radar,28,3,34,2,67,0,0,21,1,22,28,3,55,3,89,14,0,14,103
04/24/2018,RFD,IL,AGL,CE,Combined TRACON& Tower with Radar,74,5,51,0,130,0,0,25,1,26,74,5,76,1,156,54,0,54,210
04/25/2018,RFD,IL,AGL,CE,Combined TRACON& Tower with Radar,68,3,30,4,105,0,0,26,5,31,68,3,56,9,136,24,0,24,160
04/26/2018,RFD,IL,AGL,CE,Combined TRACON& Tower with Radar,80,3,23,1,107,0,0,48,2,50,80,3,71,3,157,4,0,4,161
04/27/2018,RFD,IL,AGL,CE,Combined TRACON& Tower with Radar,52,9,20,5,86,0,0,27,2,29,52,9,47,7,115,9,0,9,124
04/28/2018,RFD,IL,AGL,CE,Combined TRACON& Tower with Radar,16,5,20,1,42,0,2,23,1,26,16,7,43,2,68,8,0,8,76
04/29/2018,RFD,IL,AGL,CE,Combined TRACON& Tower with Radar,16,3,19,2,40,0,0,26,2,28,16,3,45,4,68,10,0,10,78
04/30/2018,RFD,IL,AGL,CE,Combined TRACON& Tower with Radar,28,6,26,1,61,0,0,32,1,33,28,6,58,2,94,40,0,40,134
05/01/2018,RFD,IL,AGL,CE,Combined TRACON& Tower with Radar,73,3,11,0,87,0,0,2,3,5,73,3,13,3,92,0,0,0,92
05/02/2018,RFD,IL,AGL,CE,Combined TRACON& Tower with Radar,78,6,9,3,96,0,0,7,0,7,78,6,16,3,103,0,16,16,119
05/03/2018,RFD,IL,AGL,CE,Combined TRACON& Tower with Radar,86,8,15,1,110,1,0,8,1,10,87,8,23,2,120,4,0,4,124
05/04/2018,RFD,IL,AGL,CE,Combined TRACON& Tower with Radar,50,0,16,0,66,0,0,33,1,34,50,0,49,1,100,40,0,40,140
05/05/2018,RFD,IL,AGL,CE,Combined TRACON& Tower with Radar,14,4,38,1,57,0,1,32,1,34,14,5,70,2,91,14,0,14,105
05/06/2018,RFD,IL,AGL,CE,Combined TRACON& Tower with Radar,16,2,12,0,30,0,0,24,0,24,16,2,36,0,54,8,0,8,62
05/07/2018,RFD,IL,AGL,CE,Combined TRACON& Tower with Radar,27,2,22,1,52,0,0,30,0,30,27,2,52,1,82,30,0,30,112
05/08/2018,RFD,IL,AGL,CE,Combined TRACON& Tower with Radar,72,2,17,1,92,0,0,33,1,34,72,2,50,2,126,32,0,32,158
05/09/2018,RFD,IL,AGL,CE,Combined TRACON& Tower with Radar,77,3,21,0,101,0,0,7,2,9,77,3,28,2,110,2,0,2,112
05/10/2018,RFD,IL,AGL,CE,Combined TRACON& Tower with Radar,74,6,34,3,117,0,0,38,4,42,74,6,72,7,159,8,0,8,167
05/11/2018,RFD,IL,AGL,CE,Combined TRACON& Tower with Radar,52,0,12,6,70,0,0,3,1,4,52,0,15,7,74,2,0,2,76
05/12/2018,RFD,IL,AGL,CE,Combined TRACON& Tower with Radar,19,0,9,0,28,0,0,0,0,0,19,0,9,0,28,0,0,0,28
05/13/2018,RFD,IL,AGL,CE,Combined TRACON& Tower with Radar,14,5,18,0,37,0,0,10,0,10,14,5,28,0,47,22,0,22,69
05/14/2018,RFD,IL,AGL,CE,Combined TRACON& Tower with Radar,29,2,20,1,52,0,0,16,1,17,29,2,36,2,69,14,0,14,83
05/15/2018,RFD,IL,AGL,CE,Combined TRACON& Tower with Radar,71,4,16,1,92,0,0,26,2,28,71,4,42,3,120,20,0,20,140
05/16/2018,RFD,IL,AGL,CE,Combined TRACON& Tower with Radar,77,2,31,4,114,0,0,44,2,46,77,2,75,6,160,30,0,30,190
05/17/2018,RFD,IL,AGL,CE,Combined TRACON& Tower with Radar,67,4,25,2,98,0,0,39,1,40,67,4,64,3,138,46,0,46,184
05/18/2018,RFD,IL,AGL,CE,Combined TRACON& Tower with Radar,48,7,39,2,96,0,0,69,4,73,48,7,108,6,169,14,36,50,219
05/19/2018,RFD,IL,AGL,CE,Combined TRACON& Tower with Radar,19,0,55,2,76,0,0,17,4,21,19,0,72,6,97,91,0,91,188
05/20/2018,RFD,IL,AGL,CE,Combined TRACON& Tower with Radar,14,1,13,1,29,0,0,0,0,0,14,1,13,1,29,8,0,8,37
05/21/2018,RFD,IL,AGL,CE,Combined TRACON& Tower with Radar,36,3,26,0,65,0,0,0,0,0,36,3,26,0,65,0,0,0,65
05/22/2018,RFD,IL,AGL,CE,Combined TRACON& Tower with Radar,79,4,30,0,113,0,0,14,2,16,79,4,44,2,129,8,0,8,137
05/23/2018,RFD,IL,AGL,CE,Combined TRACON& Tower with Radar,79,11,41,2,133,0,1,41,2,44,79,12,82,4,177,2,0,2,179
05/24/2018,RFD,IL,AGL,CE,Combined TRACON& Tower with Radar,75,5,31,3,114,0,0,30,3,33,75,5,61,6,147,27,0,27,174
05/25/2018,RFD,IL,AGL,CE,Combined TRACON& Tower with Radar,49,3,26,2,80,0,0,25,2,27,49,3,51,4,107,4,0,4,111
05/26/2018,RFD,IL,AGL,CE,Combined TRACON& Tower with Radar,15,0,17,1,33,0,2,35,1,38,15,2,52,2,71,42,0,42,113
05/27/2018,RFD,IL,AGL,CE,Combined TRACON& Tower with Radar,14,0,11,1,26,0,0,21,1,22,14,0,32,2,48,1,0,1,49
05/28/2018,RFD,IL,AGL,CE,Combined TRACON& Tower with Radar,13,0,12,4,29,0,0,24,4,28,13,0,36,8,57,20,0,20,77
05/29/2018,RFD,IL,AGL,CE,Combined TRACON& Tower with Radar,27,5,17,1,50,0,0,37,1,38,27,5,54,2,88,18,0,18,106
05/30/2018,RFD,IL,AGL,CE,Combined TRACON& Tower with Radar,86,2,17,0,105,0,0,2,0,2,86,2,19,0,107,0,0,0,107
05/31/2018,RFD,IL,AGL,CE,Combined TRACON& Tower with Radar,75,5,20,2,102,0,2,36,2,40,75,7,56,4,142,16,0,16,158
06/01/2018,RFD,IL,AGL,CE,Combined TRACON& Tower with Radar,55,4,25,2,86,0,0,17,2,19,55,4,42,4,105,16,0,16,121
06/02/2018,RFD,IL,AGL,CE,Combined TRACON& Tower with Radar,15,0,14,0,29,0,0,15,0,15,15,0,29,0,44,12,0,12,56
06/03/2018,RFD,IL,AGL,CE,Combined TRACON& Tower with Radar,16,2,13,1,32,0,0,9,2,11,16,2,22,3,43,0,0,0,43
06/04/2018,RFD,IL,AGL,CE,Combined TRACON& Tower with Radar,26,5,21,2,54,0,0,18,2,20,26,5,39,4,74,2,0,2,76
06/05/2018,RFD,IL,AGL,CE,Combined TRACON& Tower with Radar,74,2,33,0,109,0,0,21,0,21,74,2,54,0,130,14,0,14,144
06/06/2018,RFD,IL,AGL,CE,Combined TRACON& Tower with Radar,94,2,27,7,130,0,0,23,3,26,94,2,50,10,156,0,0,0,156
06/07/2018,RFD,IL,AGL,CE,Combined TRACON& Tower with Radar,75,5,31,1,112,0,0,38,1,39,75,5,69,2,151,20,0,20,171
06/08/2018,RFD,IL,AGL,CE,Combined TRACON& Tower with Radar,48,3,12,1,64,0,0,17,1,18,48,3,29,2,82,2,0,2,84
06/09/2018,RFD,IL,AGL,CE,Combined TRACON& Tower with Radar,14,2,13,2,31,0,0,20,5,25,14,2,33,7,56,2,0,2,58
06/10/2018,RFD,IL,AGL,CE,Combined TRACON& Tower with Radar,14,2,18,0,34,0,0,1,0,1,14,2,19,0,35,6,0,6,41
06/11/2018,RFD,IL,AGL,CE,Combined TRACON& Tower with Radar,28,5,51,6,90,0,0,6,2,8,28,5,57,8,98,13,0,13,111
06/12/2018,RFD,IL,AGL,CE,Combined TRACON& Tower with Radar,75,4,27,1,107,0,0,8,0,8,75,4,35,1,115,32,1,33,148
06/13/2018,RFD,IL,AGL,CE,Combined TRACON& Tower with Radar,73,5,38,6,122,0,0,42,2,44,73,5,80,8,166,31,0,31,197
06/14/2018,RFD,IL,AGL,CE,Combined TRACON& Tower with Radar,75,6,18,3,102,0,0,29,3,32,75,6,47,6,134,4,0,4,138
06/15/2018,RFD,IL,AGL,CE,Combined TRACON& Tower with Radar,49,3,21,2,75,0,0,17,2,19,49,3,38,4,94,0,0,0,94
06/16/2018,RFD,IL,AGL,CE,Combined TRACON& Tower with Radar,20,4,28,3,55,0,0,17,4,21,20,4,45,7,76,0,0,0,76
06/17/2018,RFD,IL,AGL,CE,Combined TRACON& Tower with Radar,12,1,17,1,31,0,0,19,1,20,12,1,36,2,51,0,0,0,51
06/18/2018,RFD,IL,AGL,CE,Combined TRACON& Tower with Radar,27,3,20,1,51,0,0,20,1,21,27,3,40,2,72,2,0,2,74
06/19/2018,RFD,IL,AGL,CE,Combined TRACON& Tower with Radar,82,2,18,0,102,0,0,8,0,8,82,2,26,0,110,10,0,10,120
06/20/2018,RFD,IL,AGL,CE,Combined TRACON& Tower with Radar,73,11,45,0,129,0,0,7,6,13,73,11,52,6,142,28,0,28,170
06/21/2018,RFD,IL,AGL,CE,Combined TRACON& Tower with Radar,79,6,22,2,109,0,0,0,0,0,79,6,22,2,109,0,0,0,109
06/22/2018,RFD,IL,AGL,CE,Combined TRACON& Tower with Radar,46,4,24,1,75,0,0,4,1,5,46,4,28,2,80,6,0,6,86
06/23/2018,RFD,IL,AGL,CE,Combined TRACON& Tower with Radar,15,1,38,0,54,0,1,56,1,58,15,2,94,1,112,52,0,52,164
06/24/2018,RFD,IL,AGL,CE,Combined TRACON& Tower with Radar,14,1,32,4,51,0,0,39,4,43,14,1,71,8,94,2,0,2,96
06/25/2018,RFD,IL,AGL,CE,Combined TRACON& Tower with Radar,27,4,26,4,61,0,0,30,4,34,27,4,56,8,95,12,0,12,107
06/26/2018,RFD,IL,AGL,CE,Combined TRACON& Tower with Radar,84,5,10,0,99,0,0,3,0,3,84,5,13,0,102,2,0,2,104
06/27/2018,RFD,IL,AGL,CE,Combined TRACON& Tower with Radar,76,4,46,2,128,0,0,16,2,18,76,4,62,4,146,36,0,36,182
06/28/2018,RFD,IL,AGL,CE,Combined TRACON& Tower with Radar,75,2,20,1,98,0,0,43,1,44,75,2,63,2,142,46,0,46,188
06/29/2018,RFD,IL,AGL,CE,Combined TRACON& Tower with Radar,51,0,18,27,96,0,0,17,1,18,51,0,35,28,114,36,7,43,157
06/30/2018,RFD,IL,AGL,CE,Combined TRACON& Tower with Radar,15,5,12,3,35,0,0,14,1,15,15,5,26,4,50,6,8,14,64
07/01/2018,RFD,IL,AGL,CE,Combined TRACON& Tower with Radar,24,5,5,1,35,0,0,3,1,4,24,5,8,2,39,0,0,0,39
07/02/2018,RFD,IL,AGL,CE,Combined TRACON& Tower with Radar,23,3,28,3,57,0,0,43,2,45,23,3,71,5,102,28,0,28,130
07/03/2018,RFD,IL,AGL,CE,Combined TRACON& Tower with Radar,79,4,35,2,120,0,2,28,3,33,79,6,63,5,153,32,0,32,185
07/04/2018,RFD,IL,AGL,CE,Combined TRACON& Tower with Radar,45,5,10,1,61,0,0,14,0,14,45,5,24,1,75,14,0,14,89
07/05/2018,RFD,IL,AGL,CE,Combined TRACON& Tower with Radar,46,1,9,1,57,0,0,16,1,17,46,1,25,2,74,6,0,6,80
07/06/2018,RFD,IL,AGL,CE,Combined TRACON& Tower with Radar,53,2,27,3,85,0,0,48,1,49,53,2,75,4,134,20,0,20,154
07/07/2018,RFD,IL,AGL,CE,Combined TRACON& Tower with Radar,11,3,13,0,27,0,0,27,1,28,11,3,40,1,55,12,6,18,73
07/08/2018,RFD,IL,AGL,CE,Combined TRACON& Tower with Radar,11,0,22,1,34,0,0,35,1,36,11,0,57,2,70,4,0,4,74
07/09/2018,RFD,IL,AGL,CE,Combined TRACON& Tower with Radar,27,6,18,2,53,0,1,28,2,31,27,7,46,4,84,8,0,8,92
07/10/2018,RFD,IL,AGL,CE,Combined TRACON& Tower with Radar,77,9,13,1,100,0,0,37,1,38,77,9,50,2,138,46,0,46,184
07/11/2018,RFD,IL,AGL,CE,Combined TRACON& Tower with Radar,74,1,24,14,113,0,0,39,3,42,74,1,63,17,155,21,10,31,186
07/12/2018,RFD,IL,AGL,CE,Combined TRACON& Tower with Radar,78,4,23,0,105,0,0,27,0,27,78,4,50,0,132,30,0,30,162
07/13/2018,RFD,IL,AGL,CE,Combined TRACON& Tower with Radar,48,6,23,7,84,0,0,28,1,29,48,6,51,8,113,12,0,12,125
07/14/2018,RFD,IL,AGL,CE,Combined TRACON& Tower with Radar,11,0,9,1,21,0,0,7,1,8,11,0,16,2,29,0,0,0,29
07/15/2018,RFD,IL,AGL,CE,Combined TRACON& Tower with Radar,13,2,16,4,35,0,0,12,2,14,13,2,28,6,49,12,0,12,61
07/16/2018,RFD,IL,AGL,CE,Combined TRACON& Tower with Radar,36,1,16,1,54,0,4,13,1,18,36,5,29,2,72,52,0,52,124
07/17/2018,RFD,IL,AGL,CE,Combined TRACON& Tower with Radar,79,5,36,1,121,0,0,40,1,41,79,5,76,2,162,10,0,10,172
07/18/2018,RFD,IL,AGL,CE,Combined TRACON& Tower with Radar,74,4,31,10,119,0,1,30,0,31,74,5,61,10,150,6,4,10,160
07/19/2018,RFD,IL,AGL,CE,Combined TRACON& Tower with Radar,85,2,50,1,138,0,0,39,1,40,85,2,89,2,178,16,0,16,194
07/20/2018,RFD,IL,AGL,CE,Combined TRACON& Tower with Radar,54,5,110,0,169,0,0,50,0,50,54,5,160,0,219,4,0,4,223
07/21/2018,RFD,IL,AGL,CE,Combined TRACON& Tower with Radar,13,1,22,2,38,0,1,28,2,31,13,2,50,4,69,10,0,10,79
07/22/2018,RFD,IL,AGL,CE,Combined TRACON& Tower with Radar,13,0,25,0,38,0,0,15,1,16,13,0,40,1,54,8,0,8,62
07/23/2018,RFD,IL,AGL,CE,Combined TRACON& Tower with Radar,27,5,23,2,57,0,0,27,1,28,27,5,50,3,85,44,0,44,129
07/24/2018,RFD,IL,AGL,CE,Combined TRACON& Tower with Radar,76,7,21,3,107,0,0,41,1,42,76,7,62,4,149,24,0,24,173
07/25/2018,RFD,IL,AGL,CE,Combined TRACON& Tower with Radar,70,7,15,5,97,0,0,32,1,33,70,7,47,6,130,40,0,40,170
07/26/2018,RFD,IL,AGL,CE,Combined TRACON& Tower with Radar,76,8,25,1,110,0,0,20,1,21,76,8,45,2,131,6,0,6,137
07/27/2018,RFD,IL,AGL,CE,Combined TRACON& Tower with Radar,47,2,22,3,74,0,0,32,3,35,47,2,54,6,109,26,0,26,135
07/28/2018,RFD,IL,AGL,CE,Combined TRACON& Tower with Radar,11,0,14,3,28,0,0,33,2,35,11,0,47,5,63,22,0,22,85
07/29/2018,RFD,IL,AGL,CE,Combined TRACON& Tower with Radar,14,1,23,1,39,0,0,15,1,16,14,1,38,2,55,0,0,0,55
07/30/2018,RFD,IL,AGL,CE,Combined TRACON& Tower with Radar,26,6,37,7,76,0,0,33,1,34,26,6,70,8,110,54,0,54,164
07/31/2018,RFD,IL,AGL,CE,Combined TRACON& Tower with Radar,74,0,36,2,112,0,0,31,2,33,74,0,67,4,145,26,0,26,171
08/01/2018,RFD,IL,AGL,CE,Combined TRACON& Tower with Radar,81,5,21,0,107,0,1,19,0,20,81,6,40,0,127,0,0,0,127
08/02/2018,RFD,IL,AGL,CE,Combined TRACON& Tower with Radar,75,6,24,18,123,0,0,24,1,25,75,6,48,19,148,9,0,9,157
08/03/2018,RFD,IL,AGL,CE,Combined TRACON& Tower with Radar,51,3,17,1,72,0,0,43,1,44,51,3,60,2,116,42,0,42,158
08/04/2018,RFD,IL,AGL,CE,Combined TRACON& Tower with Radar,12,2,12,2,28,0,0,31,3,34,12,2,43,5,62,34,0,34,96
08/05/2018,RFD,IL,AGL,CE,Combined TRACON& Tower with Radar,12,1,12,2,27,0,0,10,1,11,12,1,22,3,38,8,0,8,46
08/06/2018,RFD,IL,AGL,CE,Combined TRACON& Tower with Radar,28,2,15,3,48,0,0,11,4,15,28,2,26,7,63,2,0,2,65
08/07/2018,RFD,IL,AGL,CE,Combined TRACON& Tower with Radar,81,2,28,1,112,0,0,12,0,12,81,2,40,1,124,8,0,8,132
08/08/2018,RFD,IL,AGL,CE,Combined TRACON& Tower with Radar,71,4,40,5,120,0,0,45,1,46,71,4,85,6,166,28,14,42,208
08/09/2018,RFD,IL,AGL,CE,Combined TRACON& Tower with Radar,81,4,21,6,112,0,0,36,2,38,81,4,57,8,150,10,6,16,166
08/10/2018,RFD,IL,AGL,CE,Combined TRACON& Tower with Radar,52,2,27,1,82,0,0,22,1,23,52,2,49,2,105,8,0,8,113
08/11/2018,RFD,IL,AGL,CE,Combined TRACON& Tower with Radar,16,0,31,1,48,0,0,47,1,48,16,0,78,2,96,8,0,8,104
08/12/2018,RFD,IL,AGL,CE,Combined TRACON& Tower with Radar,14,0,15,2,31,0,0,22,1,23,14,0,37,3,54,10,0,10,64
08/13/2018,RFD,IL,AGL,CE,Combined TRACON& Tower with Radar,31,1,27,8,67,0,4,43,4,51,31,5,70,12,118,26,0,26,144
08/14/2018,RFD,IL,AGL,CE,Combined TRACON& Tower with Radar,73,2,18,6,99,0,0,37,2,39,73,2,55,8,138,34,0,34,172
08/15/2018,RFD,IL,AGL,CE,Combined TRACON& Tower with Radar,78,3,14,3,98,0,0,6,0,6,78,3,20,3,104,14,0,14,118
08/16/2018,RFD,IL,AGL,CE,Combined TRACON& Tower with Radar,70,4,26,4,104,0,0,11,0,11,70,4,37,4,115,10,0,10,125
08/17/2018,RFD,IL,AGL,CE,Combined TRACON& Tower with Radar,57,7,31,0,95,0,0,33,0,33,57,7,64,0,128,4,0,4,132
08/18/2018,RFD,IL,AGL,CE,Combined TRACON& Tower with Radar,12,5,25,3,45,0,0,27,2,29,12,5,52,5,74,60,0,60,134
08/19/2018,RFD,IL,AGL,CE,Combined TRACON& Tower with Radar,16,11,25,0,52,0,0,32,0,32,16,11,57,0,84,10,0,10,94
08/20/2018,RFD,IL,AGL,CE,Combined TRACON& Tower with Radar,28,9,11,0,48,0,0,3,0,3,28,9,14,0,51,0,0,0,51
08/21/2018,RFD,IL,AGL,CE,Combined TRACON& Tower with Radar,77,12,40,0,129,0,0,14,0,14,77,12,54,0,143,16,0,16,159
08/22/2018,RFD,IL,AGL,CE,Combined TRACON& Tower with Radar,71,13,40,0,124,0,0,49,0,49,71,13,89,0,173,20,0,20,193
08/23/2018,RFD,IL,AGL,CE,Combined TRACON& Tower with Radar,79,6,31,1,117,0,0,42,1,43,79,6,73,2,160,26,0,26,186
08/24/2018,RFD,IL,AGL,CE,Combined TRACON& Tower with Radar,46,6,19,0,71,0,0,3,0,3,46,6,22,0,74,16,0,16,90
08/25/2018,RFD,IL,AGL,CE,Combined TRACON& Tower with Radar,14,1,37,1,53,0,0,8,1,9,14,1,45,2,62,10,0,10,72
08/26/2018,RFD,IL,AGL,CE,Combined TRACON& Tower with Radar,17,0,27,14,58,0,0,19,0,19,17,0,46,14,77,24,0,24,101
08/27/2018,RFD,IL,AGL,CE,Combined TRACON& Tower with Radar,29,5,29,3,66,0,0,32,2,34,29,5,61,5,100,14,0,14,114
08/28/2018,RFD,IL,AGL,CE,Combined TRACON& Tower with Radar,77,1,24,1,103,0,0,9,1,10,77,1,33,2,113,14,0,14,127
08/29/2018,RFD,IL,AGL,CE,Combined TRACON& Tower with Radar,75,5,28,4,112,0,0,16,3,19,75,5,44,7,131,24,0,24,155
08/30/2018,RFD,IL,AGL,CE,Combined TRACON& Tower with Radar,78,4,48,1,131,0,0,53,0,53,78,4,101,1,184,16,0,16,200
08/31/2018,RFD,IL,AGL,CE,Combined TRACON& Tower with Radar,49,9,17,3,78,0,0,20,1,21,49,9,37,4,99,20,0,20,119
09/01/2018,RFD,IL,AGL,CE,Combined TRACON& Tower with Radar,10,1,5,1,17,0,0,3,1,4,10,1,8,2,21,6,0,6,27
09/02/2018,RFD,IL,AGL,CE,Combined TRACON& Tower with Radar,13,2,17,3,35,0,0,9,2,11,13,2,26,5,46,14,0,14,60
09/03/2018,RFD,IL,AGL,CE,Combined TRACON& Tower with Radar,13,3,4,0,20,0,0,2,0,2,13,3,6,0,22,0,0,0,22
09/04/2018,RFD,IL,AGL,CE,Combined TRACON& Tower with Radar,23,0,31,1,55,0,0,25,1,26,23,0,56,2,81,48,0,48,129
09/05/2018,RFD,IL,AGL,CE,Combined TRACON& Tower with Radar,77,7,10,1,95,0,0,8,1,9,77,7,18,2,104,0,0,0,104
09/06/2018,RFD,IL,AGL,CE,Combined TRACON& Tower with Radar,77,11,14,2,104,0,0,23,1,24,77,11,37,3,128,16,0,16,144
09/07/2018,RFD,IL,AGL,CE,Combined TRACON& Tower with Radar,47,3,43,1,94,0,0,15,1,16,47,3,58,2,110,14,0,14,124
09/08/2018,RFD,IL,AGL,CE,Combined TRACON& Tower with Radar,12,2,27,8,49,0,0,20,8,28,12,2,47,16,77,18,0,18,95
09/09/2018,RFD,IL,AGL,CE,Combined TRACON& Tower with Radar,14,1,10,1,26,0,0,14,1,15,14,1,24,2,41,8,0,8,49
09/10/2018,RFD,IL,AGL,CE,Combined TRACON& Tower with Radar,28,6,29,3,66,0,1,32,0,33,28,7,61,3,99,38,30,68,167
09/11/2018,RFD,IL,AGL,CE,Combined TRACON& Tower with Radar,70,7,19,0,96,0,0,29,1,30,70,7,48,1,126,10,0,10,136
09/12/2018,RFD,IL,AGL,CE,Combined TRACON& Tower with Radar,72,4,19,2,97,0,0,37,2,39,72,4,56,4,136,12,0,12,148
09/13/2018,RFD,IL,AGL,CE,Combined TRACON& Tower with Radar,88,4,24,4,120,0,0,34,3,37,88,4,58,7,157,4,0,4,161
09/14/2018,RFD,IL,AGL,CE,Combined TRACON& Tower with Radar,53,1,21,9,84,0,0,27,4,31,53,1,48,13,115,6,0,6,121
09/15/2018,RFD,IL,AGL,CE,Combined TRACON& Tower with Radar,15,2,8,3,28,0,0,37,1,38,15,2,45,4,66,18,0,18,84
09/16/2018,RFD,IL,AGL,CE,Combined TRACON& Tower with Radar,17,0,13,3,33,0,0,22,3,25,17,0,35,6,58,0,0,0,58
09/17/2018,RFD,IL,AGL,CE,Combined TRACON& Tower with Radar,38,3,21,1,63,0,0,27,1,28,38,3,48,2,91,12,0,12,103
09/18/2018,RFD,IL,AGL,CE,Combined TRACON& Tower with Radar,73,2,8,2,85,0,0,11,1,12,73,2,19,3,97,0,0,0,97
09/19/2018,RFD,IL,AGL,CE,Combined TRACON& Tower with Radar,75,4,39,0,118,0,0,0,0,0,75,4,39,0,118,0,0,0,118
09/20/2018,RFD,IL,AGL,CE,Combined TRACON& Tower with Radar,76,3,18,0,97,0,0,14,0,14,76,3,32,0,111,6,0,6,117
09/21/2018,RFD,IL,AGL,CE,Combined TRACON& Tower with Radar,54,3,17,2,76,0,0,11,2,13,54,3,28,4,89,14,0,14,103
09/22/2018,RFD,IL,AGL,CE,Combined TRACON& Tower with Radar,17,2,25,2,46,0,2,41,3,46,17,4,66,5,92,16,0,16,108
09/23/2018,RFD,IL,AGL,CE,Combined TRACON& Tower with Radar,16,1,25,3,45,0,0,34,2,36,16,1,59,5,81,54,0,54,135
09/24/2018,RFD,IL,AGL,CE,Combined TRACON& Tower with Radar,33,1,33,1,68,0,0,6,1,7,33,1,39,2,75,0,0,0,75
09/25/2018,RFD,IL,AGL,CE,Combined TRACON& Tower with Radar,76,7,12,0,95,0,0,3,0,3,76,7,15,0,98,0,0,0,98
09/26/2018,RFD,IL,AGL,CE,Combined TRACON& Tower with Radar,70,4,20,4,98,0,0,25,4,29,70,4,45,8,127,40,0,40,167
09/27/2018,RFD,IL,AGL,CE,Combined TRACON& Tower with Radar,80,4,25,5,114,0,0,29,7,36,80,4,54,12,150,18,0,18,168
09/28/2018,RFD,IL,AGL,CE,Combined TRACON& Tower with Radar,56,3,32,8,99,0,0,12,1,13,56,3,44,9,112,0,6,6,118
09/29/2018,RFD,IL,AGL,CE,Combined TRACON& Tower with Radar,17,2,123,2,144,0,2,154,2,158,17,4,277,4,302,10,0,10,312
09/30/2018,RFD,IL,AGL,CE,Combined TRACON& Tower with Radar,16,2,14,0,32,0,0,0,0,0,16,2,14,0,32,0,0,0,32
10/01/2018,RFD,IL,AGL,CE,Combined TRACON& Tower with Radar,32,4,55,1,92,0,0,3,1,4,32,4,58,2,96,8,0,8,104
10/02/2018,RFD,IL,AGL,CE,Combined TRACON& Tower with Radar,70,5,37,1,113,0,0,0,1,1,70,5,37,2,114,6,0,6,120
10/03/2018,RFD,IL,AGL,CE,Combined TRACON& Tower with Radar,71,4,17,1,93,0,0,19,1,20,71,4,36,2,113,0,0,0,113
10/04/2018,RFD,IL,AGL,CE,Combined TRACON& Tower with Radar,77,5,33,1,116,0,0,38,1,39,77,5,71,2,155,38,0,38,193
10/05/2018,RFD,IL,AGL,CE,Combined TRACON& Tower with Radar,49,2,15,0,66,0,0,2,0,2,49,2,17,0,68,0,0,0,68
10/06/2018,RFD,IL,AGL,CE,Combined TRACON& Tower with Radar,17,0,30,0,47,0,0,0,0,0,17,0,30,0,47,1,0,1,48
10/07/2018,RFD,IL,AGL,CE,Combined TRACON& Tower with Radar,16,0,25,0,41,0,0,0,0,0,16,0,25,0,41,0,0,0,41
10/08/2018,RFD,IL,AGL,CE,Combined TRACON& Tower with Radar,29,5,25,1,60,0,2,18,1,21,29,7,43,2,81,6,0,6,87
10/09/2018,RFD,IL,AGL,CE,Combined TRACON& Tower with Radar,74,12,20,0,106,0,0,19,0,19,74,12,39,0,125,22,0,22,147
10/10/2018,RFD,IL,AGL,CE,Combined TRACON& Tower with Radar,75,6,25,0,106,0,0,2,0,2,75,6,27,0,108,38,0,38,146
10/11/2018,RFD,IL,AGL,CE,Combined TRACON& Tower with Radar,71,7,17,2,97,0,0,14,2,16,71,7,31,4,113,12,0,12,125
10/12/2018,RFD,IL,AGL,CE,Combined TRACON& Tower with Radar,50,2,23,0,75,0,0,22,0,22,50,2,45,0,97,48,0,48,145
10/13/2018,RFD,IL,AGL,CE,Combined TRACON& Tower with Radar,18,3,10,0,31,0,0,20,0,20,18,3,30,0,51,0,0,0,51
10/14/2018,RFD,IL,AGL,CE,Combined TRACON& Tower with Radar,16,2,18,2,38,0,0,9,1,10,16,2,27,3,48,20,0,20,68
10/15/2018,RFD,IL,AGL,CE,Combined TRACON& Tower with Radar,32,7,16,2,57,0,0,13,2,15,32,7,29,4,72,4,0,4,76
10/16/2018,RFD,IL,AGL,CE,Combined TRACON& Tower with Radar,71,6,23,1,101,0,1,25,1,27,71,7,48,2,128,42,0,42,170
10/17/2018,RFD,IL,AGL,CE,Combined TRACON& Tower with Radar,68,6,20,2,96,0,0,31,2,33,68,6,51,4,129,28,30,58,187
10/18/2018,RFD,IL,AGL,CE,Combined TRACON& Tower with Radar,74,2,18,2,96,0,0,36,0,36,74,2,54,2,132,30,0,30,162
10/19/2018,RFD,IL,AGL,CE,Combined TRACON& Tower with Radar,50,9,14,1,74,0,0,5,1,6,50,9,19,2,80,0,0,0,80
10/20/2018,RFD,IL,AGL,CE,Combined TRACON& Tower with Radar,18,3,8,2,31,0,0,2,2,4,18,3,10,4,35,0,0,0,35
10/21/2018,RFD,IL,AGL,CE,Combined TRACON& Tower with Radar,18,3,18,3,42,0,0,26,3,29,18,3,44,6,71,22,0,22,93
10/22/2018,RFD,IL,AGL,CE,Combined TRACON& Tower with Radar,29,9,20,3,61,0,0,32,1,33,29,9,52,4,94,2,0,2,96
10/23/2018,RFD,IL,AGL,CE,Combined TRACON& Tower with Radar,72,9,24,2,107,0,0,36,2,38,72,9,60,4,145,32,0,32,177
10/24/2018,RFD,IL,AGL,CE,Combined TRACON& Tower with Radar,70,4,37,9,120,0,1,33,2,36,70,5,70,11,156,68,10,78,234
10/25/2018,RFD,IL,AGL,CE,Combined TRACON& Tower with Radar,72,5,18,2,97,0,1,32,2,35,72,6,50,4,132,20,0,20,152
10/26/2018,RFD,IL,AGL,CE,Combined TRACON& Tower with Radar,48,1,37,0,86,0,0,17,0,17,48,1,54,0,103,0,0,0,103
10/27/2018,RFD,IL,AGL,CE,Combined TRACON& Tower with Radar,19,0,7,1,27,0,0,10,1,11,19,0,17,2,38,26,0,26,64
10/28/2018,RFD,IL,AGL,CE,Combined TRACON& Tower with Radar,16,1,2,1,20,0,0,0,2,2,16,1,2,3,22,0,0,0,22
10/29/2018,RFD,IL,AGL,CE,Combined TRACON& Tower with Radar,34,6,18,4,62,0,4,36,2,42,34,10,54,6,104,24,0,24,128
10/30/2018,RFD,IL,AGL,CE,Combined TRACON& Tower with Radar,70,5,16,4,95,0,0,15,2,17,70,5,31,6,112,4,0,4,116
10/31/2018,RFD,IL,AGL,CE,Combined TRACON& Tower with Radar,70,7,30,1,108,0,0,33,1,34,70,7,63,2,142,16,0,16,158
11/01/2018,RFD,IL,AGL,CE,Combined TRACON& Tower with Radar,71,2,34,1,108,0,0,32,1,33,71,2,66,2,141,22,0,22,163
11/02/2018,RFD,IL,AGL,CE,Combined TRACON& Tower with Radar,48,5,26,3,82,0,0,44,2,46,48,5,70,5,128,30,0,30,158
11/03/2018,RFD,IL,AGL,CE,Combined TRACON& Tower with Radar,15,4,15,1,35,0,0,16,1,17,15,4,31,2,52,46,0,46,98
11/04/2018,RFD,IL,AGL,CE,Combined TRACON& Tower with Radar,18,1,1,1,21,0,0,0,0,0,18,1,1,1,21,0,0,0,21
11/05/2018,RFD,IL,AGL,CE,Combined TRACON& Tower with Radar,27,3,21,2,53,0,0,14,2,16,27,3,35,4,69,8,0,8,77
11/06/2018,RFD,IL,AGL,CE,Combined TRACON& Tower with Radar,70,7,1,1,79,0,0,3,1,4,70,7,4,2,83,0,0,0,83
11/07/2018,RFD,IL,AGL,CE,Combined TRACON& Tower with Radar,67,9,14,8,98,0,0,10,0,10,67,9,24,8,108,18,6,24,132
11/08/2018,RFD,IL,AGL,CE,Combined TRACON& Tower with Radar,73,4,21,3,101,0,0,30,2,32,73,4,51,5,133,12,0,12,145
11/09/2018,RFD,IL,AGL,CE,Combined TRACON& Tower with Radar,49,0,6,12,67,0,0,7,1,8,49,0,13,13,75,18,28,46,121
11/10/2018,RFD,IL,AGL,CE,Combined TRACON& Tower with Radar,19,0,26,2,47,0,0,32,1,33,19,0,58,3,80,20,0,20,100
11/11/2018,RFD,IL,AGL,CE,Combined TRACON& Tower with Radar,20,0,15,0,35,0,0,19,1,20,20,0,34,1,55,0,0,0,55
11/12/2018,RFD,IL,AGL,CE,Combined TRACON& Tower with Radar,30,14,7,4,55,0,0,16,3,19,30,14,23,7,74,8,0,8,82
11/13/2018,RFD,IL,AGL,CE,Combined TRACON& Tower with Radar,71,7,22,17,117,0,0,21,1,22,71,7,43,18,139,56,0,56,195
11/14/2018,RFD,IL,AGL,CE,Combined TRACON& Tower with Radar,70,10,18,1,99,0,0,45,4,49,70,10,63,5,148,78,0,78,226
11/15/2018,RFD,IL,AGL,CE,Combined TRACON& Tower with Radar,74,4,18,1,97,0,0,14,0,14,74,4,32,1,111,17,0,17,128
11/16/2018,RFD,IL,AGL,CE,Combined TRACON& Tower with Radar,54,6,12,1,73,0,0,10,1,11,54,6,22,2,84,6,0,6,90
11/17/2018,RFD,IL,AGL,CE,Combined TRACON& Tower with Radar,16,0,5,0,21,0,0,1,0,1,16,0,6,0,22,20,0,20,42
11/18/2018,RFD,IL,AGL,CE,Combined TRACON& Tower with Radar,17,0,28,1,46,0,0,17,1,18,17,0,45,2,64,10,0,10,74
11/19/2018,RFD,IL,AGL,CE,Combined TRACON& Tower with Radar,36,2,28,4,70,0,0,16,4,20,36,2,44,8,90,26,0,26,116
11/20/2018,RFD,IL,AGL,CE,Combined TRACON& Tower with Radar,104,9,32,1,146,0,0,36,1,37,104,9,68,2,183,28,0,28,211
11/21/2018,RFD,IL,AGL,CE,Combined TRACON& Tower with Radar,92,0,18,7,117,0,0,21,2,23,92,0,39,9,140,12,8,20,160
11/22/2018,RFD,IL,AGL,CE,Combined TRACON& Tower with Radar,13,1,2,3,19,0,0,3,3,6,13,1,5,6,25,12,0,12,37
11/23/2018,RFD,IL,AGL,CE,Combined TRACON& Tower with Radar,13,3,6,0,22,0,0,12,0,12,13,3,18,0,34,0,0,0,34
11/24/2018,RFD,IL,AGL,CE,Combined TRACON& Tower with Radar,22,1,24,0,47,0,0,2,0,2,22,1,26,0,49,10,0,10,59
11/25/2018,RFD,IL,AGL,CE,Combined TRACON& Tower with Radar,14,0,2,0,16,0,0,0,0,0,14,0,2,0,16,0,0,0,16
11/26/2018,RFD,IL,AGL,CE,Combined TRACON& Tower with Radar,48,9,6,1,64,0,1,4,1,6,48,10,10,2,70,0,0,0,70
11/27/2018,RFD,IL,AGL,CE,Combined TRACON& Tower with Radar,99,3,10,9,121,0,1,20,2,23,99,4,30,11,144,17,0,17,161
11/28/2018,RFD,IL,AGL,CE,Combined TRACON& Tower with Radar,98,3,11,1,113,0,0,29,1,30,98,3,40,2,143,20,0,20,163
11/29/2018,RFD,IL,AGL,CE,Combined TRACON& Tower with Radar,107,2,4,1,114,0,1,7,3,11,107,3,11,4,125,6,0,6,131
11/30/2018,RFD,IL,AGL,CE,Combined TRACON& Tower with Radar,58,11,22,6,97,0,0,13,0,13,58,11,35,6,110,0,8,8,118
12/01/2018,RFD,IL,AGL,CE,Combined TRACON& Tower with Radar,21,0,2,0,23,0,0,0,0,0,21,0,2,0,23,0,0,0,23
12/02/2018,RFD,IL,AGL,CE,Combined TRACON& Tower with Radar,18,0,4,0,22,0,0,0,0,0,18,0,4,0,22,0,0,0,22
12/03/2018,RFD,IL,AGL,CE,Combined TRACON& Tower with Radar,35,2,16,0,53,0,0,4,0,4,35,2,20,0,57,44,0,44,101
12/04/2018,RFD,IL,AGL,CE,Combined TRACON& Tower with Radar,94,1,8,0,103,0,0,5,0,5,94,1,13,0,108,14,0,14,122
12/05/2018,RFD,IL,AGL,CE,Combined TRACON& Tower with Radar,99,4,23,1,127,1,0,31,1,33,100,4,54,2,160,34,0,34,194
12/06/2018,RFD,IL,AGL,CE,Combined TRACON& Tower with Radar,105,9,16,3,133,0,0,41,2,43,105,9,57,5,176,34,0,34,210
12/07/2018,RFD,IL,AGL,CE,Combined TRACON& Tower with Radar,57,0,19,5,81,0,0,25,1,26,57,0,44,6,107,12,0,12,119
12/08/2018,RFD,IL,AGL,CE,Combined TRACON& Tower with Radar,19,0,29,0,48,0,0,24,0,24,19,0,53,0,72,28,0,28,100
12/09/2018,RFD,IL,AGL,CE,Combined TRACON& Tower with Radar,18,1,45,0,64,0,0,23,0,23,18,1,68,0,87,18,0,18,105
12/10/2018,RFD,IL,AGL,CE,Combined TRACON& Tower with Radar,39,2,58,1,100,0,0,30,1,31,39,2,88,2,131,32,0,32,163
12/11/2018,RFD,IL,AGL,CE,Combined TRACON& Tower with Radar,122,4,29,1,156,0,2,31,1,34,122,6,60,2,190,24,0,24,214
12/12/2018,RFD,IL,AGL,CE,Combined TRACON& Tower with Radar,120,3,9,0,132,0,0,2,0,2,120,3,11,0,134,0,0,0,134
12/13/2018,RFD,IL,AGL,CE,Combined TRACON& Tower with Radar,124,9,37,4,174,0,0,19,0,19,124,9,56,4,193,14,0,14,207
12/14/2018,RFD,IL,AGL,CE,Combined TRACON& Tower with Radar,69,4,16,2,91,0,0,2,0,2,69,4,18,2,93,14,0,14,107
12/15/2018,RFD,IL,AGL,CE,Combined TRACON& Tower with Radar,31,2,25,3,61,0,0,44,3,47,31,2,69,6,108,86,0,86,194
12/16/2018,RFD,IL,AGL,CE,Combined TRACON& Tower with Radar,20,6,20,3,49,0,2,32,1,35,20,8,52,4,84,32,0,32,116
12/17/2018,RFD,IL,AGL,CE,Combined TRACON& Tower with Radar,48,1,23,3,75,0,0,32,3,35,48,1,55,6,110,48,0,48,158
12/18/2018,RFD,IL,AGL,CE,Combined TRACON& Tower with Radar,132,2,36,2,172,0,0,24,2,26,132,2,60,4,198,6,0,6,204
12/19/2018,RFD,IL,AGL,CE,Combined TRACON& Tower with Radar,138,3,31,14,186,0,0,23,3,26,138,3,54,17,212,0,0,0,212
12/20/2018,RFD,IL,AGL,CE,Combined TRACON& Tower with Radar,142,4,8,0,154,0,1,1,0,2,142,5,9,0,156,0,0,0,156
12/21/2018,RFD,IL,AGL,CE,Combined TRACON& Tower with Radar,135,5,9,2,151,0,0,10,2,12,135,5,19,4,163,0,0,0,163
12/22/2018,RFD,IL,AGL,CE,Combined TRACON& Tower with Radar,79,1,10,0,90,0,0,0,0,0,79,1,10,0,90,0,0,0,90
12/23/2018,RFD,IL,AGL,CE,Combined TRACON& Tower with Radar,23,2,5,2,32,0,0,7,3,10,23,2,12,5,42,0,0,0,42
12/24/2018,RFD,IL,AGL,CE,Combined TRACON& Tower with Radar,21,0,24,2,47,0,0,15,1,16,21,0,39,3,63,0,0,0,63
12/25/2018,RFD,IL,AGL,CE,Combined TRACON& Tower with Radar,8,1,12,1,22,0,0,10,1,11,8,1,22,2,33,0,0,0,33
12/26/2018,RFD,IL,AGL,CE,Combined TRACON& Tower with Radar,25,3,13,8,49,0,2,20,0,22,25,5,33,8,71,0,0,0,71
12/27/2018,RFD,IL,AGL,CE,Combined TRACON& Tower with Radar,87,2,3,0,92,0,0,0,0,0,87,2,3,0,92,0,0,0,92
12/28/2018,RFD,IL,AGL,CE,Combined TRACON& Tower with Radar,56,0,3,0,59,0,0,0,0,0,56,0,3,0,59,0,0,0,59
12/29/2018,RFD,IL,AGL,CE,Combined TRACON& Tower with Radar,24,0,3,0,27,0,0,0,0,0,24,0,3,0,27,0,0,0,27
12/30/2018,RFD,IL,AGL,CE,Combined TRACON& Tower with Radar,20,0,7,3,30,0,0,22,3,25,20,0,29,6,55,0,0,0,55
12/31/2018,RFD,IL,AGL,CE,Combined TRACON& Tower with Radar,17,0,0,1,18,0,0,0,0,0,17,0,0,1,18,0,0,0,18
01/01/2019,RFD,IL,AGL,CE,Combined TRACON& Tower with Radar,4,0,0,0,4,0,0,0,0,0,4,0,0,0,4,0,0,0,4
01/02/2019,RFD,IL,AGL,CE,Combined TRACON& Tower with Radar,32,2,2,1,37,0,2,0,1,3,32,4,2,2,40,0,0,0,40
01/03/2019,RFD,IL,AGL,CE,Combined TRACON& Tower with Radar,86,5,30,2,123,0,0,46,2,48,86,5,76,4,171,29,0,29,200
01/04/2019,RFD,IL,AGL,CE,Combined TRACON& Tower with Radar,57,0,28,21,106,0,0,51,3,54,57,0,79,24,160,70,0,70,230
01/05/2019,RFD,IL,AGL,CE,Combined TRACON& Tower with Radar,24,0,29,1,54,0,0,42,3,45,24,0,71,4,99,14,0,14,113
01/06/2019,RFD,IL,AGL,CE,Combined TRACON& Tower with Radar,21,3,30,0,54,0,0,18,0,18,21,3,48,0,72,14,0,14,86
01/07/2019,RFD,IL,AGL,CE,Combined TRACON& Tower with Radar,33,1,0,0,34,0,0,1,1,2,33,1,1,1,36,2,0,2,38
01/08/2019,RFD,IL,AGL,CE,Combined TRACON& Tower with Radar,71,5,5,3,84,0,0,1,3,4,71,5,6,6,88,0,0,0,88
01/09/2019,RFD,IL,AGL,CE,Combined TRACON& Tower with Radar,68,3,33,0,104,1,2,19,0,22,69,5,52,0,126,18,0,18,144
01/10/2019,RFD,IL,AGL,CE,Combined TRACON& Tower with Radar,70,7,28,2,107,0,0,42,2,44,70,7,70,4,151,36,0,36,187
01/11/2019,RFD,IL,AGL,CE,Combined TRACON& Tower with Radar,52,8,26,2,88,0,0,18,4,22,52,8,44,6,110,0,0,0,110
01/12/2019,RFD,IL,AGL,CE,Combined TRACON& Tower with Radar,19,4,3,0,26,0,0,0,0,0,19,4,3,0,26,0,0,0,26
01/13/2019,RFD,IL,AGL,CE,Combined TRACON& Tower with Radar,20,1,16,0,37,0,1,17,0,18,20,2,33,0,55,8,0,8,63
01/14/2019,RFD,IL,AGL,CE,Combined TRACON& Tower with Radar,33,0,7,0,40,0,0,0,0,0,33,0,7,0,40,6,0,6,46
01/15/2019,RFD,IL,AGL,CE,Combined TRACON& Tower with Radar,67,0,5,2,74,0,0,1,0,1,67,0,6,2,75,0,0,0,75
01/16/2019,RFD,IL,AGL,CE,Combined TRACON& Tower with Radar,68,6,30,1,105,0,2,36,3,41,68,8,66,4,146,16,0,16,162
01/17/2019,RFD,IL,AGL,CE,Combined TRACON& Tower with Radar,68,2,17,9,96,0,0,0,0,0,68,2,17,9,96,0,8,8,104
01/18/2019,RFD,IL,AGL,CE,Combined TRACON& Tower with Radar,49,2,7,0,58,0,0,4,0,4,49,2,11,0,62,14,0,14,76
01/19/2019,RFD,IL,AGL,CE,Combined TRACON& Tower with Radar,24,3,2,0,29,0,0,0,0,0,24,3,2,0,29,0,0,0,29
01/20/2019,RFD,IL,AGL,CE,Combined TRACON& Tower with Radar,22,0,18,1,41,0,0,17,1,18,22,0,35,2,59,8,0,8,67
01/21/2019,RFD,IL,AGL,CE,Combined TRACON& Tower with Radar,29,1,10,2,42,0,0,5,2,7,29,1,15,4,49,6,0,6,55
01/22/2019,RFD,IL,AGL,CE,Combined TRACON& Tower with Radar,64,4,2,0,70,0,0,0,0,0,64,4,2,0,70,0,0,0,70
01/23/2019,RFD,IL,AGL,CE,Combined TRACON& Tower with Radar,71,3,4,0,78,0,0,3,0,3,71,3,7,0,81,0,0,0,81
01/24/2019,RFD,IL,AGL,CE,Combined TRACON& Tower with Radar,69,7,11,0,87,0,0,7,1,8,69,7,18,1,95,0,0,0,95
01/25/2019,RFD,IL,AGL,CE,Combined TRACON& Tower with Radar,49,4,4,3,60,0,0,5,2,7,49,4,9,5,67,0,0,0,67
01/26/2019,RFD,IL,AGL,CE,Combined TRACON& Tower with Radar,20,3,11,0,34,0,1,5,0,6,20,4,16,0,40,0,0,0,40
01/27/2019,RFD,IL,AGL,CE,Combined TRACON& Tower with Radar,17,0,20,1,38,0,0,12,0,12,17,0,32,1,50,28,0,28,78
01/28/2019,RFD,IL,AGL,CE,Combined TRACON& Tower with Radar,30,3,4,2,39,0,0,0,0,0,30,3,4,2,39,0,0,0,39
01/29/2019,RFD,IL,AGL,CE,Combined TRACON& Tower with Radar,59,2,6,3,70,0,1,4,0,5,59,3,10,3,75,0,0,0,75
01/30/2019,RFD,IL,AGL,CE,Combined TRACON& Tower with Radar,10,5,3,0,18,0,0,1,0,1,10,5,4,0,19,0,0,0,19
01/31/2019,RFD,IL,AGL,CE,Combined TRACON& Tower with Radar,23,9,3,2,37,0,0,10,0,10,23,9,13,2,47,0,0,0,47
02/01/2019,RFD,IL,AGL,CE,Combined TRACON& Tower with Radar,52,2,13,1,68,0,1,19,1,21,52,3,32,2,89,0,0,0,89
02/02/2019,RFD,IL,AGL,CE,Combined TRACON& Tower with Radar,18,0,4,0,22,0,0,0,0,0,18,0,4,0,22,0,0,0,22
02/03/2019,RFD,IL,AGL,CE,Combined TRACON& Tower with Radar,12,0,0,0,12,0,0,0,0,0,12,0,0,0,12,0,0,0,12
02/04/2019,RFD,IL,AGL,CE,Combined TRACON& Tower with Radar,30,3,15,6,54,0,0,1,0,1,30,3,16,6,55,0,0,0,55
02/05/2019,RFD,IL,AGL,CE,Combined TRACON& Tower with Radar,63,7,29,5,104,0,0,15,4,19,63,7,44,9,123,32,0,32,155
02/06/2019,RFD,IL,AGL,CE,Combined TRACON& Tower with Radar,64,0,10,2,76,0,0,0,0,0,64,0,10,2,76,0,0,0,76
02/07/2019,RFD,IL,AGL,CE,Combined TRACON& Tower with Radar,70,6,7,2,85,0,0,0,0,0,70,6,7,2,85,0,0,0,85
02/08/2019,RFD,IL,AGL,CE,Combined TRACON& Tower with Radar,50,4,13,2,69,0,0,7,2,9,50,4,20,4,78,0,0,0,78
02/09/2019,RFD,IL,AGL,CE,Combined TRACON& Tower with Radar,18,6,43,3,70,0,0,41,4,45,18,6,84,7,115,76,0,76,191
02/10/2019,RFD,IL,AGL,CE,Combined TRACON& Tower with Radar,20,0,12,2,34,0,0,7,0,7,20,0,19,2,41,0,0,0,41
02/11/2019,RFD,IL,AGL,CE,Combined TRACON& Tower with Radar,31,0,5,1,37,0,0,0,0,0,31,0,5,1,37,0,0,0,37
02/12/2019,RFD,IL,AGL,CE,Combined TRACON& Tower with Radar,61,1,13,4,79,0,0,0,0,0,61,1,13,4,79,0,0,0,79
02/13/2019,RFD,IL,AGL,CE,Combined TRACON& Tower with Radar,75,8,38,2,123,0,0,8,2,10,75,8,46,4,133,6,0,6,139
02/14/2019,RFD,IL,AGL,CE,Combined TRACON& Tower with Radar,70,4,30,4,108,0,2,33,1,36,70,6,63,5,144,18,0,18,162
02/15/2019,RFD,IL,AGL,CE,Combined TRACON& Tower with Radar,50,0,8,2,60,0,0,16,0,16,50,0,24,2,76,12,0,12,88
02/16/2019,RFD,IL,AGL,CE,Combined TRACON& Tower with Radar,22,1,26,0,49,0,1,43,0,44,22,2,69,0,93,76,0,76,169
02/17/2019,RFD,IL,AGL,CE,Combined TRACON& Tower with Radar,19,2,2,2,25,0,0,0,0,0,19,2,2,2,25,0,0,0,25
02/18/2019,RFD,IL,AGL,CE,Combined TRACON& Tower with Radar,30,9,13,3,55,0,2,8,3,13,30,11,21,6,68,8,0,8,76
02/19/2019,RFD,IL,AGL,CE,Combined TRACON& Tower with Radar,67,3,12,6,88,0,0,23,2,25,67,3,35,8,113,34,4,38,151
02/20/2019,RFD,IL,AGL,CE,Combined TRACON& Tower with Radar,67,7,2,0,76,0,0,0,0,0,67,7,2,0,76,0,0,0,76
02/21/2019,RFD,IL,AGL,CE,Combined TRACON& Tower with Radar,74,2,22,1,99,0,0,33,1,34,74,2,55,2,133,48,0,48,181
02/22/2019,RFD,IL,AGL,CE,Combined TRACON& Tower with Radar,50,5,32,6,93,0,2,48,1,51,50,7,80,7,144,54,0,54,198
02/23/2019,RFD,IL,AGL,CE,Combined TRACON& Tower with Radar,19,0,1,2,22,0,0,0,0,0,19,0,1,2,22,0,0,0,22
02/24/2019,RFD,IL,AGL,CE,Combined TRACON& Tower with Radar,23,2,3,2,30,0,0,0,0,0,23,2,3,2,30,0,0,0,30
02/25/2019,RFD,IL,AGL,CE,Combined TRACON& Tower with Radar,34,7,11,5,57,0,0,16,1,17,34,7,27,6,74,24,0,24,98
02/26/2019,RFD,IL,AGL,CE,Combined TRACON& Tower with Radar,66,8,14,6,94,0,0,5,2,7,66,8,19,8,101,6,0,6,107
02/27/2019,RFD,IL,AGL,CE,Combined TRACON& Tower with Radar,69,3,6,0,78,0,0,11,0,11,69,3,17,0,89,12,0,12,101
02/28/2019,RFD,IL,AGL,CE,Combined TRACON& Tower with Radar,70,5,19,5,99,0,1,17,4,22,70,6,36,9,121,6,0,6,127
03/01/2019,RFD,IL,AGL,CE,Combined TRACON& Tower with Radar,47,3,17,3,70,0,0,29,3,32,47,3,46,6,102,20,0,20,122
03/02/2019,RFD,IL,AGL,CE,Combined TRACON& Tower with Radar,19,2,14,2,37,0,0,8,0,8,19,2,22,2,45,6,0,6,51
03/03/2019,RFD,IL,AGL,CE,Combined TRACON& Tower with Radar,17,5,18,0,40,0,0,19,1,20,17,5,37,1,60,28,0,28,88
03/04/2019,RFD,IL,AGL,CE,Combined TRACON& Tower with Radar,25,4,16,0,45,0,0,3,0,3,25,4,19,0,48,10,0,10,58
03/05/2019,RFD,IL,AGL,CE,Combined TRACON& Tower with Radar,70,5,20,3,98,0,0,4,1,5,70,5,24,4,103,16,0,16,119
03/06/2019,RFD,IL,AGL,CE,Combined TRACON& Tower with Radar,75,1,27,1,104,0,0,37,1,38,75,1,64,2,142,50,0,50,192
03/07/2019,RFD,IL,AGL,CE,Combined TRACON& Tower with Radar,70,12,19,4,105,0,1,28,3,32,70,13,47,7,137,72,0,72,209
03/08/2019,RFD,IL,AGL,CE,Combined TRACON& Tower with Radar,45,11,13,2,71,0,0,19,0,19,45,11,32,2,90,12,0,12,102
03/09/2019,RFD,IL,AGL,CE,Combined TRACON& Tower with Radar,19,0,6,0,25,0,0,2,0,2,19,0,8,0,27,2,0,2,29
03/10/2019,RFD,IL,AGL,CE,Combined TRACON& Tower with Radar,18,0,6,1,25,0,0,0,1,1,18,0,6,2,26,4,0,4,30
03/11/2019,RFD,IL,AGL,CE,Combined TRACON& Tower with Radar,31,1,20,3,55,0,0,27,3,30,31,1,47,6,85,2,0,2,87
03/12/2019,RFD,IL,AGL,CE,Combined TRACON& Tower with Radar,67,7,33,0,107,0,1,31,1,33,67,8,64,1,140,8,0,8,148
03/13/2019,RFD,IL,AGL,CE,Combined TRACON& Tower with Radar,75,0,22,2,99,0,0,5,1,6,75,0,27,3,105,10,0,10,115
03/14/2019,RFD,IL,AGL,CE,Combined TRACON& Tower with Radar,71,2,8,0,81,0,0,5,0,5,71,2,13,0,86,8,0,8,94
03/15/2019,RFD,IL,AGL,CE,Combined TRACON& Tower with Radar,47,4,7,0,58,0,0,1,1,2,47,4,8,1,60,0,0,0,60
03/16/2019,RFD,IL,AGL,CE,Combined TRACON& Tower with Radar,21,0,20,2,43,0,2,29,1,32,21,2,49,3,75,82,0,82,157
03/17/2019,RFD,IL,AGL,CE,Combined TRACON& Tower with Radar,16,0,23,2,41,0,0,26,2,28,16,0,49,4,69,26,0,26,95
03/18/2019,RFD,IL,AGL,CE,Combined TRACON& Tower with Radar,28,5,27,2,62,0,0,14,3,17,28,5,41,5,79,0,0,0,79
03/19/2019,RFD,IL,AGL,CE,Combined TRACON& Tower with Radar,69,4,35,3,111,0,0,27,2,29,69,4,62,5,140,14,0,14,154
03/20/2019,RFD,IL,AGL,CE,Combined TRACON& Tower with Radar,70,8,8,0,86,0,0,2,0,2,70,8,10,0,88,0,0,0,88
03/21/2019,RFD,IL,AGL,CE,Combined TRACON& Tower with Radar,66,6,25,8,105,0,0,11,3,14,66,6,36,11,119,8,0,8,127
03/22/2019,RFD,IL,AGL,CE,Combined TRACON& Tower with Radar,53,8,29,2,92,0,0,27,3,30,53,8,56,5,122,43,0,43,165
03/23/2019,RFD,IL,AGL,CE,Combined TRACON& Tower with Radar,25,0,33,2,60,0,0,51,1,52,25,0,84,3,112,58,0,58,170
03/24/2019,RFD,IL,AGL,CE,Combined TRACON& Tower with Radar,18,0,13,0,31,0,0,0,0,0,18,0,13,0,31,4,0,4,35
03/25/2019,RFD,IL,AGL,CE,Combined TRACON& Tower with Radar,32,2,25,2,61,0,0,19,2,21,32,2,44,4,82,14,0,14,96
03/26/2019,RFD,IL,AGL,CE,Combined TRACON& Tower with Radar,70,3,26,0,99,0,0,36,0,36,70,3,62,0,135,4,0,4,139
03/27/2019,RFD,IL,AGL,CE,Combined TRACON& Tower with Radar,75,7,16,2,100,0,0,15,2,17,75,7,31,4,117,8,0,8,125
03/28/2019,RFD,IL,AGL,CE,Combined TRACON& Tower with Radar,71,2,26,5,104,0,0,26,5,31,71,2,52,10,135,17,0,17,152
03/29/2019,RFD,IL,AGL,CE,Combined TRACON& Tower with Radar,44,1,15,3,63,0,2,13,3,18,44,3,28,6,81,11,0,11,92
03/30/2019,RFD,IL,AGL,CE,Combined TRACON& Tower with Radar,25,2,8,2,37,0,0,9,2,11,25,2,17,4,48,0,0,0,48
03/31/2019,RFD,IL,AGL,CE,Combined TRACON& Tower with Radar,21,0,34,1,56,0,0,43,1,44,21,0,77,2,100,14,0,14,114
04/01/2019,RFD,IL,AGL,CE,Combined TRACON& Tower with Radar,26,1,24,1,52,0,0,9,1,10,26,1,33,2,62,4,0,4,66
04/02/2019,RFD,IL,AGL,CE,Combined TRACON& Tower with Radar,72,5,30,1,108,0,0,19,1,20,72,5,49,2,128,28,0,28,156
04/03/2019,RFD,IL,AGL,CE,Combined TRACON& Tower with Radar,73,1,17,7,98,0,0,19,1,20,73,1,36,8,118,20,2,22,140
04/04/2019,RFD,IL,AGL,CE,Combined TRACON& Tower with Radar,69,3,28,0,100,0,0,0,0,0,69,3,28,0,100,0,0,0,100
04/05/2019,RFD,IL,AGL,CE,Combined TRACON& Tower with Radar,47,4,19,2,72,0,0,3,2,5,47,4,22,4,77,0,0,0,77
04/06/2019,RFD,IL,AGL,CE,Combined TRACON& Tower with Radar,27,0,30,17,74,0,0,15,4,19,27,0,45,21,93,60,0,60,153
04/07/2019,RFD,IL,AGL,CE,Combined TRACON& Tower with Radar,19,0,4,1,24,0,2,1,0,3,19,2,5,1,27,10,0,10,37
04/08/2019,RFD,IL,AGL,CE,Combined TRACON& Tower with Radar,27,3,26,4,60,0,0,18,5,23,27,3,44,9,83,60,0,60,143
04/09/2019,RFD,IL,AGL,CE,Combined TRACON& Tower with Radar,75,6,22,4,107,0,4,18,1,23,75,10,40,5,130,4,0,4,134
04/10/2019,RFD,IL,AGL,CE,Combined TRACON& Tower with Radar,71,3,8,0,82,0,0,1,0,1,71,3,9,0,83,8,0,8,91
04/11/2019,RFD,IL,AGL,CE,Combined TRACON& Tower with Radar,77,1,12,0,90,0,0,0,1,1,77,1,12,1,91,0,0,0,91
04/12/2019,RFD,IL,AGL,CE,Combined TRACON& Tower with Radar,46,4,12,4,66,0,0,5,4,9,46,4,17,8,75,6,0,6,81
04/13/2019,RFD,IL,AGL,CE,Combined TRACON& Tower with Radar,19,1,39,2,61,0,0,35,1,36,19,1,74,3,97,46,0,46,143
04/14/2019,RFD,IL,AGL,CE,Combined TRACON& Tower with Radar,14,1,1,0,16,0,0,0,0,0,14,1,1,0,16,0,0,0,16
04/15/2019,RFD,IL,AGL,CE,Combined TRACON& Tower with Radar,24,10,23,1,58,0,0,22,1,23,24,10,45,2,81,16,0,16,97
04/16/2019,RFD,IL,AGL,CE,Combined TRACON& Tower with Radar,74,1,25,12,112,0,0,41,0,41,74,1,66,12,153,12,16,28,181
04/17/2019,RFD,IL,AGL,CE,Combined TRACON& Tower with Radar,71,7,9,1,88,0,0,7,1,8,71,7,16,2,96,0,0,0,96
04/18/2019,RFD,IL,AGL,CE,Combined TRACON& Tower with Radar,71,4,17,0,92,0,0,1,0,1,71,4,18,0,93,0,0,0,93
04/19/2019,RFD,IL,AGL,CE,Combined TRACON& Tower with Radar,47,3,7,3,60,0,0,9,4,13,47,3,16,7,73,6,0,6,79
04/20/2019,RFD,IL,AGL,CE,Combined TRACON& Tower with Radar,18,0,13,1,32,0,0,20,1,21,18,0,33,2,53,38,0,38,91
04/21/2019,RFD,IL,AGL,CE,Combined TRACON& Tower with Radar,14,0,9,2,25,0,0,10,3,13,14,0,19,5,38,14,0,14,52
04/22/2019,RFD,IL,AGL,CE,Combined TRACON& Tower with Radar,26,3,7,1,37,0,0,11,0,11,26,3,18,1,48,28,0,28,76
04/23/2019,RFD,IL,AGL,CE,Combined TRACON& Tower with Radar,72,5,42,2,121,0,0,22,2,24,72,5,64,4,145,26,0,26,171
04/24/2019,RFD,IL,AGL,CE,Combined TRACON& Tower with Radar,64,13,38,1,116,0,0,50,1,51,64,13,88,2,167,54,0,54,221
04/25/2019,RFD,IL,AGL,CE,Combined TRACON& Tower with Radar,64,8,26,0,98,0,2,18,0,20,64,10,44,0,118,22,0,22,140
04/26/2019,RFD,IL,AGL,CE,Combined TRACON& Tower with Radar,44,6,11,5,66,0,0,6,4,10,44,6,17,9,76,0,0,0,76
04/27/2019,RFD,IL,AGL,CE,Combined TRACON& Tower with Radar,13,0,7,0,20,0,0,0,0,0,13,0,7,0,20,0,0,0,20
04/28/2019,RFD,IL,AGL,CE,Combined TRACON& Tower with Radar,14,4,30,0,48,0,0,34,0,34,14,4,64,0,82,10,0,10,92
04/29/2019,RFD,IL,AGL,CE,Combined TRACON& Tower with Radar,29,2,10,1,42,0,0,1,1,2,29,2,11,2,44,0,0,0,44
04/30/2019,RFD,IL,AGL,CE,Combined TRACON& Tower with Radar,66,8,20,0,94,0,0,0,0,0,66,8,20,0,94,8,0,8,102
05/01/2019,RFD,IL,AGL,CE,Combined TRACON& Tower with Radar,67,3,37,2,109,0,0,3,2,5,67,3,40,4,114,29,0,29,143
05/02/2019,RFD,IL,AGL,CE,Combined TRACON& Tower with Radar,77,5,18,0,100,0,0,0,0,0,77,5,18,0,100,0,0,0,100
05/03/2019,RFD,IL,AGL,CE,Combined TRACON& Tower with Radar,49,1,34,0,84,0,0,40,0,40,49,1,74,0,124,10,0,10,134
05/04/2019,RFD,IL,AGL,CE,Combined TRACON& Tower with Radar,19,1,28,9,57,0,0,113,2,115,19,1,141,11,172,74,0,74,246
05/05/2019,RFD,IL,AGL,CE,Combined TRACON& Tower with Radar,19,0,12,0,31,0,2,27,0,29,19,2,39,0,60,4,0,4,64
05/06/2019,RFD,IL,AGL,CE,Combined TRACON& Tower with Radar,35,6,22,1,64,0,2,13,1,16,35,8,35,2,80,0,0,0,80
05/07/2019,RFD,IL,AGL,CE,Combined TRACON& Tower with Radar,76,6,17,0,99,0,0,6,0,6,76,6,23,0,105,0,0,0,105
05/08/2019,RFD,IL,AGL,CE,Combined TRACON& Tower with Radar,76,2,15,1,94,0,0,0,1,1,76,2,15,2,95,4,0,4,99
05/09/2019,RFD,IL,AGL,CE,Combined TRACON& Tower with Radar,82,9,21,2,114,0,0,0,1,1,82,9,21,3,115,0,0,0,115
05/10/2019,RFD,IL,AGL,CE,Combined TRACON& Tower with Radar,54,9,38,4,105,0,0,44,1,45,54,9,82,5,150,20,0,20,170
05/11/2019,RFD,IL,AGL,CE,Combined TRACON& Tower with Radar,22,3,21,2,48,0,0,16,2,18,22,3,37,4,66,0,0,0,66
05/12/2019,RFD,IL,AGL,CE,Combined TRACON& Tower with Radar,21,4,23,3,51,0,0,8,1,9,21,4,31,4,60,0,0,0,60
05/13/2019,RFD,IL,AGL,CE,Combined TRACON& Tower with Radar,36,3,34,2,75,0,1,50,2,53,36,4,84,4,128,52,0,52,180
05/14/2019,RFD,IL,AGL,CE,Combined TRACON& Tower with Radar,79,7,61,3,150,1,1,57,3,62,80,8,118,6,212,72,0,72,284
05/15/2019,RFD,IL,AGL,CE,Combined TRACON& Tower with Radar,78,6,29,2,115,0,1,56,2,59,78,7,85,4,174,35,0,35,209
05/16/2019,RFD,IL,AGL,CE,Combined TRACON& Tower with Radar,81,7,11,1,100,0,0,20,1,21,81,7,31,2,121,12,0,12,133
05/17/2019,RFD,IL,AGL,CE,Combined TRACON& Tower with Radar,59,6,18,4,87,2,0,11,0,13,61,6,29,4,100,22,0,22,122
05/18/2019,RFD,IL,AGL,CE,Combined TRACON& Tower with Radar,22,2,11,4,39,0,0,6,1,7,22,2,17,5,46,0,0,0,46
05/19/2019,RFD,IL,AGL,CE,Combined TRACON& Tower with Radar,17,2,3,1,23,0,0,0,1,1,17,2,3,2,24,0,0,0,24
05/20/2019,RFD,IL,AGL,CE,Combined TRACON& Tower with Radar,32,7,25,0,64,0,0,25,0,25,32,7,50,0,89,26,0,26,115
05/21/2019,RFD,IL,AGL,CE,Combined TRACON& Tower with Radar,72,0,19,0,91,0,0,2,0,2,72,0,21,0,93,2,0,2,95
05/22/2019,RFD,IL,AGL,CE,Combined TRACON& Tower with Radar,80,2,17,2,101,0,0,13,0,13,80,2,30,2,114,4,0,4,118
05/23/2019,RFD,IL,AGL,CE,Combined TRACON& Tower with Radar,78,9,39,2,128,1,0,30,2,33,79,9,69,4,161,0,0,0,161
05/24/2019,RFD,IL,AGL,CE,Combined TRACON& Tower with Radar,52,3,9,2,66,0,0,11,2,13,52,3,20,4,79,0,0,0,79
05/25/2019,RFD,IL,AGL,CE,Combined TRACON& Tower with Radar,22,0,16,1,39,0,0,4,1,5,22,0,20,2,44,34,0,34,78
05/26/2019,RFD,IL,AGL,CE,Combined TRACON& Tower with Radar,21,0,18,0,39,0,0,11,0,11,21,0,29,0,50,0,0,0,50
05/27/2019,RFD,IL,AGL,CE,Combined TRACON& Tower with Radar,29,2,8,0,39,0,0,5,0,5,29,2,13,0,44,0,0,0,44
05/28/2019,RFD,IL,AGL,CE,Combined TRACON& Tower with Radar,30,8,20,0,58,0,0,2,0,2,30,8,22,0,60,0,0,0,60
05/29/2019,RFD,IL,AGL,CE,Combined TRACON& Tower with Radar,92,6,22,1,121,0,0,4,0,4,92,6,26,1,125,28,0,28,153
05/30/2019,RFD,IL,AGL,CE,Combined TRACON& Tower with Radar,81,6,24,0,111,0,0,18,0,18,81,6,42,0,129,2,0,2,131
05/31/2019,RFD,IL,AGL,CE,Combined TRACON& Tower with Radar,58,2,32,1,93,0,0,63,1,64,58,2,95,2,157,54,0,54,211
06/01/2019,RFD,IL,AGL,CE,Combined TRACON& Tower with Radar,20,0,6,1,27,0,0,17,0,17,20,0,23,1,44,18,0,18,62
06/02/2019,RFD,IL,AGL,CE,Combined TRACON& Tower with Radar,21,0,43,1,65,0,0,23,0,23,21,0,66,1,88,0,0,0,88
06/03/2019,RFD,IL,AGL,CE,Combined TRACON& Tower with Radar,32,3,26,2,63,0,0,50,2,52,32,3,76,4,115,30,0,30,145
06/04/2019,RFD,IL,AGL,CE,Combined TRACON& Tower with Radar,81,1,24,1,107,0,0,12,1,13,81,1,36,2,120,0,0,0,120
06/05/2019,RFD,IL,AGL,CE,Combined TRACON& Tower with Radar,79,10,19,1,109,0,0,23,1,24,79,10,42,2,133,10,0,10,143
06/06/2019,RFD,IL,AGL,CE,Combined TRACON& Tower with Radar,80,12,24,1,117,0,1,27,2,30,80,13,51,3,147,22,0,22,169
06/07/2019,RFD,IL,AGL,CE,Combined TRACON& Tower with Radar,50,6,32,3,91,0,0,43,2,45,50,6,75,5,136,56,0,56,192
06/08/2019,RFD,IL,AGL,CE,Combined TRACON& Tower with Radar,26,1,20,12,59,0,0,23,7,30,26,1,43,19,89,8,0,8,97
06/09/2019,RFD,IL,AGL,CE,Combined TRACON& Tower with Radar,18,1,29,1,49,0,0,5,1,6,18,1,34,2,55,18,0,18,73
06/10/2019,RFD,IL,AGL,CE,Combined TRACON& Tower with Radar,32,2,16,1,51,0,0,29,2,31,32,2,45,3,82,36,0,36,118
06/11/2019,RFD,IL,AGL,CE,Combined TRACON& Tower with Radar,78,2,38,4,122,0,2,34,3,39,78,4,72,7,161,0,0,0,161
06/12/2019,RFD,IL,AGL,CE,Combined TRACON& Tower with Radar,85,4,5,0,94,0,0,3,0,3,85,4,8,0,97,0,0,0,97
06/13/2019,RFD,IL,AGL,CE,Combined TRACON& Tower with Radar,78,3,17,2,100,0,0,25,3,28,78,3,42,5,128,34,0,34,162
06/14/2019,RFD,IL,AGL,CE,Combined TRACON& Tower with Radar,51,6,12,3,72,0,0,10,1,11,51,6,22,4,83,11,0,11,94
06/15/2019,RFD,IL,AGL,CE,Combined TRACON& Tower with Radar,27,3,8,0,38,0,0,12,0,12,27,3,20,0,50,26,0,26,76
06/16/2019,RFD,IL,AGL,CE,Combined TRACON& Tower with Radar,20,3,20,0,43,0,0,0,0,0,20,3,20,0,43,0,0,0,43
06/17/2019,RFD,IL,AGL,CE,Combined TRACON& Tower with Radar,36,3,24,1,64,0,0,17,0,17,36,3,41,1,81,6,0,6,87
06/18/2019,RFD,IL,AGL,CE,Combined TRACON& Tower with Radar,76,8,27,3,114,0,0,21,0,21,76,8,48,3,135,7,0,7,142
06/19/2019,RFD,IL,AGL,CE,Combined TRACON& Tower with Radar,80,0,33,0,113,0,0,11,0,11,80,0,44,0,124,32,0,32,156
06/20/2019,RFD,IL,AGL,CE,Combined TRACON& Tower with Radar,80,3,27,1,111,0,0,21,1,22,80,3,48,2,133,18,0,18,151
06/21/2019,RFD,IL,AGL,CE,Combined TRACON& Tower with Radar,53,3,14,1,71,0,0,32,3,35,53,3,46,4,106,12,0,12,118
06/22/2019,RFD,IL,AGL,CE,Combined TRACON& Tower with Radar,24,1,16,1,42,0,0,18,3,21,24,1,34,4,63,24,0,24,87
06/23/2019,RFD,IL,AGL,CE,Combined TRACON& Tower with Radar,18,2,14,2,36,0,0,8,2,10,18,2,22,4,46,4,0,4,50
06/24/2019,RFD,IL,AGL,CE,Combined TRACON& Tower with Radar,35,4,13,1,53,0,0,3,2,5,35,4,16,3,58,0,0,0,58
06/25/2019,RFD,IL,AGL,CE,Combined TRACON& Tower with Radar,85,5,12,3,105,0,0,22,2,24,85,5,34,5,129,12,0,12,141
06/26/2019,RFD,IL,AGL,CE,Combined TRACON& Tower with Radar,91,2,27,2,122,0,2,33,3,38,91,4,60,5,160,12,0,12,172
06/27/2019,RFD,IL,AGL,CE,Combined TRACON& Tower with Radar,86,7,21,2,116,0,0,41,1,42,86,7,62,3,158,16,0,16,174
06/28/2019,RFD,IL,AGL,CE,Combined TRACON& Tower with Radar,64,4,15,2,85,0,0,8,2,10,64,4,23,4,95,0,0,0,95
06/29/2019,RFD,IL,AGL,CE,Combined TRACON& Tower with Radar,24,2,26,1,53,0,0,38,1,39,24,2,64,2,92,58,0,58,150
06/30/2019,RFD,IL,AGL,CE,Combined TRACON& Tower with Radar,26,0,17,1,44,0,0,4,1,5,26,0,21,2,49,0,0,0,49
07/01/2019,RFD,IL,AGL,CE,Combined TRACON& Tower with Radar,40,0,12,1,53,0,0,18,1,19,40,0,30,2,72,2,0,2,74
07/02/2019,RFD,IL,AGL,CE,Combined TRACON& Tower with Radar,78,7,15,3,103,0,0,10,2,12,78,7,25,5,115,2,0,2,117
07/03/2019,RFD,IL,AGL,CE,Combined TRACON& Tower with Radar,96,4,8,5,113,0,0,15,0,15,96,4,23,5,128,18,0,18,146
07/04/2019,RFD,IL,AGL,CE,Combined TRACON& Tower with Radar,36,1,15,1,53,0,0,20,0,20,36,1,35,1,73,10,0,10,83
07/05/2019,RFD,IL,AGL,CE,Combined TRACON& Tower with Radar,12,0,12,3,27,0,0,4,2,6,12,0,16,5,33,0,0,0,33
07/06/2019,RFD,IL,AGL,CE,Combined TRACON& Tower with Radar,24,2,21,0,47,0,0,13,1,14,24,2,34,1,61,16,0,16,77
07/07/2019,RFD,IL,AGL,CE,Combined TRACON& Tower with Radar,23,2,23,0,48,0,4,32,0,36,23,6,55,0,84,32,0,32,116
07/08/2019,RFD,IL,AGL,CE,Combined TRACON& Tower with Radar,37,1,35,1,74,0,0,24,0,24,37,1,59,1,98,34,0,34,132
07/09/2019,RFD,IL,AGL,CE,Combined TRACON& Tower with Radar,81,0,19,0,100,0,2,33,0,35,81,2,52,0,135,2,0,2,137
07/10/2019,RFD,IL,AGL,CE,Combined TRACON& Tower with Radar,82,0,16,3,101,0,0,24,4,28,82,0,40,7,129,30,0,30,159
07/11/2019,RFD,IL,AGL,CE,Combined TRACON& Tower with Radar,76,6,27,2,111,0,0,36,2,38,76,6,63,4,149,26,0,26,175
07/12/2019,RFD,IL,AGL,CE,Combined TRACON& Tower with Radar,56,4,29,2,91,0,0,27,1,28,56,4,56,3,119,46,0,46,165
07/13/2019,RFD,IL,AGL,CE,Combined TRACON& Tower with Radar,27,1,18,3,49,0,0,19,3,22,27,1,37,6,71,14,0,14,85
07/14/2019,RFD,IL,AGL,CE,Combined TRACON& Tower with Radar,30,1,15,3,49,1,0,11,2,14,31,1,26,5,63,0,0,0,63
07/15/2019,RFD,IL,AGL,CE,Combined TRACON& Tower with Radar,32,6,35,6,79,1,0,27,3,31,33,6,62,9,110,14,0,14,124
07/16/2019,RFD,IL,AGL,CE,Combined TRACON& Tower with Radar,84,6,32,0,122,0,0,13,0,13,84,6,45,0,135,28,0,28,163
07/17/2019,RFD,IL,AGL,CE,Combined TRACON& Tower with Radar,88,8,25,0,121,0,0,20,0,20,88,8,45,0,141,20,0,20,161
07/18/2019,RFD,IL,AGL,CE,Combined TRACON& Tower with Radar,91,8,24,11,134,0,0,37,1,38,91,8,61,12,172,28,0,28,200
07/19/2019,RFD,IL,AGL,CE,Combined TRACON& Tower with Radar,57,3,70,3,133,0,1,81,2,84,57,4,151,5,217,0,0,0,217
07/20/2019,RFD,IL,AGL,CE,Combined TRACON& Tower with Radar,33,4,35,0,72,0,0,82,0,82,33,4,117,0,154,28,0,28,182
07/21/2019,RFD,IL,AGL,CE,Combined TRACON& Tower with Radar,29,0,26,0,55,0,0,40,0,40,29,0,66,0,95,8,0,8,103
07/22/2019,RFD,IL,AGL,CE,Combined TRACON& Tower with Radar,33,7,23,3,66,0,0,22,2,24,33,7,45,5,90,14,0,14,104
07/23/2019,RFD,IL,AGL,CE,Combined TRACON& Tower with Radar,84,4,17,3,108,0,0,26,2,28,84,4,43,5,136,0,0,0,136
07/24/2019,RFD,IL,AGL,CE,Combined TRACON& Tower with Radar,81,4,20,2,107,0,0,32,3,35,81,4,52,5,142,0,0,0,142
07/25/2019,RFD,IL,AGL,CE,Combined TRACON& Tower with Radar,78,3,33,2,116,0,0,17,1,18,78,3,50,3,134,14,0,14,148
07/26/2019,RFD,IL,AGL,CE,Combined TRACON& Tower with Radar,54,5,24,1,84,0,0,17,2,19,54,5,41,3,103,0,0,0,103
07/27/2019,RFD,IL,AGL,CE,Combined TRACON& Tower with Radar,24,0,11,4,39,0,0,15,2,17,24,0,26,6,56,0,0,0,56
07/28/2019,RFD,IL,AGL,CE,Combined TRACON& Tower with Radar,22,1,14,4,41,0,0,22,2,24,22,1,36,6,65,22,0,22,87
07/29/2019,RFD,IL,AGL,CE,Combined TRACON& Tower with Radar,41,3,20,5,69,1,0,15,2,18,42,3,35,7,87,0,0,0,87
07/30/2019,RFD,IL,AGL,CE,Combined TRACON& Tower with Radar,79,8,27,1,115,0,0,39,1,40,79,8,66,2,155,40,0,40,195
07/31/2019,RFD,IL,AGL,CE,Combined TRACON& Tower with Radar,80,4,21,0,105,0,0,58,1,59,80,4,79,1,164,34,0,34,198
08/01/2019,RFD,IL,AGL,CE,Combined TRACON& Tower with Radar,83,6,20,7,116,0,2,38,3,43,83,8,58,10,159,12,0,12,171
08/02/2019,RFD,IL,AGL,CE,Combined TRACON& Tower with Radar,54,2,26,1,83,0,0,31,1,32,54,2,57,2,115,0,0,0,115
08/03/2019,RFD,IL,AGL,CE,Combined TRACON& Tower with Radar,23,2,20,1,46,0,1,27,1,29,23,3,47,2,75,40,0,40,115
08/04/2019,RFD,IL,AGL,CE,Combined TRACON& Tower with Radar,22,4,12,5,43,0,0,23,3,26,22,4,35,8,69,0,0,0,69
08/05/2019,RFD,IL,AGL,CE,Combined TRACON& Tower with Radar,35,1,13,2,51,0,2,20,2,24,35,3,33,4,75,10,0,10,85
08/06/2019,RFD,IL,AGL,CE,Combined TRACON& Tower with Radar,76,3,25,5,109,0,0,23,3,26,76,3,48,8,135,2,8,10,145
08/07/2019,RFD,IL,AGL,CE,Combined TRACON& Tower with Radar,78,3,28,3,112,0,0,34,1,35,78,3,62,4,147,2,0,2,149
08/08/2019,RFD,IL,AGL,CE,Combined TRACON& Tower with Radar,83,11,20,4,118,0,0,19,4,23,83,11,39,8,141,34,0,34,175
08/09/2019,RFD,IL,AGL,CE,Combined TRACON& Tower with Radar,54,3,14,1,72,0,0,31,1,32,54,3,45,2,104,12,0,12,116
08/10/2019,RFD,IL,AGL,CE,Combined TRACON& Tower with Radar,23,3,18,2,46,0,1,30,3,34,23,4,48,5,80,12,0,12,92
08/11/2019,RFD,IL,AGL,CE,Combined TRACON& Tower with Radar,22,0,18,3,43,0,0,8,1,9,22,0,26,4,52,18,0,18,70
08/12/2019,RFD,IL,AGL,CE,Combined TRACON& Tower with Radar,35,2,22,4,63,0,0,3,0,3,35,2,25,4,66,6,0,6,72
08/13/2019,RFD,IL,AGL,CE,Combined TRACON& Tower with Radar,82,2,24,3,111,0,0,12,1,13,82,2,36,4,124,2,0,2,126
08/14/2019,RFD,IL,AGL,CE,Combined TRACON& Tower with Radar,74,2,27,5,108,0,0,21,1,22,74,2,48,6,130,6,0,6,136
08/15/2019,RFD,IL,AGL,CE,Combined TRACON& Tower with Radar,81,4,34,7,126,0,2,38,3,43,81,6,72,10,169,28,0,28,197
08/16/2019,RFD,IL,AGL,CE,Combined TRACON& Tower with Radar,60,1,22,6,89,0,0,11,1,12,60,1,33,7,101,12,0,12,113
08/17/2019,RFD,IL,AGL,CE,Combined TRACON& Tower with Radar,21,0,21,2,44,0,0,26,1,27,21,0,47,3,71,30,0,30,101
08/18/2019,RFD,IL,AGL,CE,Combined TRACON& Tower with Radar,21,0,9,2,32,0,0,7,2,9,21,0,16,4,41,0,0,0,41
08/19/2019,RFD,IL,AGL,CE,Combined TRACON& Tower with Radar,32,3,19,1,55,0,1,13,0,14,32,4,32,1,69,0,0,0,69
08/20/2019,RFD,IL,AGL,CE,Combined TRACON& Tower with Radar,75,1,11,0,87,0,0,3,0,3,75,1,14,0,90,2,0,2,92
08/21/2019,RFD,IL,AGL,CE,Combined TRACON& Tower with Radar,80,2,31,1,114,2,0,31,1,34,82,2,62,2,148,34,0,34,182
08/22/2019,RFD,IL,AGL,CE,Combined TRACON& Tower with Radar,81,4,25,5,115,0,0,43,3,46,81,4,68,8,161,20,0,20,181
08/23/2019,RFD,IL,AGL,CE,Combined TRACON& Tower with Radar,54,0,35,3,92,0,0,27,3,30,54,0,62,6,122,16,0,16,138
08/24/2019,RFD,IL,AGL,CE,Combined TRACON& Tower with Radar,20,1,28,3,52,0,0,36,2,38,20,1,64,5,90,78,0,78,168
08/25/2019,RFD,IL,AGL,CE,Combined TRACON& Tower with Radar,24,2,11,1,38,0,0,20,2,22,24,2,31,3,60,18,0,18,78
08/26/2019,RFD,IL,AGL,CE,Combined TRACON& Tower with Radar,41,5,14,0,60,0,0,0,0,0,41,5,14,0,60,0,0,0,60
08/27/2019,RFD,IL,AGL,CE,Combined TRACON& Tower with Radar,74,10,27,3,114,0,0,21,0,21,74,10,48,3,135,18,0,18,153
08/28/2019,RFD,IL,AGL,CE,Combined TRACON& Tower with Radar,75,7,14,2,98,0,0,22,3,25,75,7,36,5,123,8,0,8,131
08/29/2019,RFD,IL,AGL,CE,Combined TRACON& Tower with Radar,73,7,13,6,99,0,1,15,3,19,73,8,28,9,118,2,0,2,120
08/30/2019,RFD,IL,AGL,CE,Combined TRACON& Tower with Radar,54,5,21,2,82,0,3,50,2,55,54,8,71,4,137,32,0,32,169
08/31/2019,RFD,IL,AGL,CE,Combined TRACON& Tower with Radar,25,0,10,0,35,0,0,24,0,24,25,0,34,0,59,24,0,24,83
09/01/2019,RFD,IL,AGL,CE,Combined TRACON& Tower with Radar,20,0,19,4,43,0,0,3,0,3,20,0,22,4,46,6,0,6,52
09/02/2019,RFD,IL,AGL,CE,Combined TRACON& Tower with Radar,18,2,12,3,35,0,0,24,3,27,18,2,36,6,62,0,0,0,62
09/03/2019,RFD,IL,AGL,CE,Combined TRACON& Tower with Radar,33,2,11,1,47,0,0,5,1,6,33,2,16,2,53,0,0,0,53
09/04/2019,RFD,IL,AGL,CE,Combined TRACON& Tower with Radar,80,4,37,2,123,0,0,41,2,43,80,4,78,4,166,52,0,52,218
09/05/2019,RFD,IL,AGL,CE,Combined TRACON& Tower with Radar,83,4,20,4,111,0,0,34,4,38,83,4,54,8,149,28,0,28,177
09/06/2019,RFD,IL,AGL,CE,Combined TRACON& Tower with Radar,55,1,15,3,74,0,0,17,3,20,55,1,32,6,94,4,0,4,98
09/07/2019,RFD,IL,AGL,CE,Combined TRACON& Tower with Radar,23,0,20,1,44,0,0,35,1,36,23,0,55,2,80,50,0,50,130
09/08/2019,RFD,IL,AGL,CE,Combined TRACON& Tower with Radar,22,1,27,1,51,0,0,3,0,3,22,1,30,1,54,0,0,0,54
09/09/2019,RFD,IL,AGL,CE,Combined TRACON& Tower with Radar,36,3,11,1,51,0,0,8,0,8,36,3,19,1,59,8,0,8,67
09/10/2019,RFD,IL,AGL,CE,Combined TRACON& Tower with Radar,79,6,10,1,96,0,0,13,1,14,79,6,23,2,110,0,0,0,110
09/11/2019,RFD,IL,AGL,CE,Combined TRACON& Tower with Radar,81,0,13,0,94,0,2,19,0,21,81,2,32,0,115,14,0,14,129
09/12/2019,RFD,IL,AGL,CE,Combined TRACON& Tower with Radar,75,3,6,2,86,0,0,4,1,5,75,3,10,3,91,0,0,0,91
09/13/2019,RFD,IL,AGL,CE,Combined TRACON& Tower with Radar,72,5,27,5,109,0,0,12,4,16,72,5,39,9,125,50,2,52,177
09/14/2019,RFD,IL,AGL,CE,Combined TRACON& Tower with Radar,22,0,16,5,43,0,0,41,3,44,22,0,57,8,87,0,0,0,87
09/15/2019,RFD,IL,AGL,CE,Combined TRACON& Tower with Radar,27,2,19,1,49,0,0,8,1,9,27,2,27,2,58,16,0,16,74
09/16/2019,RFD,IL,AGL,CE,Combined TRACON& Tower with Radar,41,5,23,3,72,0,2,29,2,33,41,7,52,5,105,2,0,2,107
09/17/2019,RFD,IL,AGL,CE,Combined TRACON& Tower with Radar,79,3,36,1,119,0,0,19,2,21,79,3,55,3,140,16,0,16,156
09/18/2019,RFD,IL,AGL,CE,Combined TRACON& Tower with Radar,80,5,35,2,122,0,0,32,0,32,80,5,67,2,154,6,0,6,160
09/19/2019,RFD,IL,AGL,CE,Combined TRACON& Tower with Radar,83,6,16,0,105,0,0,13,0,13,83,6,29,0,118,10,22,32,150
09/20/2019,RFD,IL,AGL,CE,Combined TRACON& Tower with Radar,54,0,31,0,85,0,0,35,0,35,54,0,66,0,120,20,0,20,140
09/21/2019,RFD,IL,AGL,CE,Combined TRACON& Tower with Radar,21,1,6,0,28,0,0,6,0,6,21,1,12,0,34,0,0,0,34
09/22/2019,RFD,IL,AGL,CE,Combined TRACON& Tower with Radar,22,2,4,0,28,0,0,0,0,0,22,2,4,0,28,0,0,0,28
09/23/2019,RFD,IL,AGL,CE,Combined TRACON& Tower with Radar,35,2,34,0,71,0,0,51,0,51,35,2,85,0,122,58,8,66,188
09/24/2019,RFD,IL,AGL,CE,Combined TRACON& Tower with Radar,80,1,18,2,101,0,0,26,1,27,80,1,44,3,128,12,0,12,140
09/25/2019,RFD,IL,AGL,CE,Combined TRACON& Tower with Radar,79,2,32,3,116,0,0,38,2,40,79,2,70,5,156,46,0,46,202
09/26/2019,RFD,IL,AGL,CE,Combined TRACON& Tower with Radar,85,9,47,0,141,0,0,47,1,48,85,9,94,1,189,40,2,42,231
09/27/2019,RFD,IL,AGL,CE,Combined TRACON& Tower with Radar,60,5,6,1,72,0,0,2,1,3,60,5,8,2,75,0,0,0,75
09/28/2019,RFD,IL,AGL,CE,Combined TRACON& Tower with Radar,27,2,41,1,71,0,0,8,1,9,27,2,49,2,80,8,0,8,88
09/29/2019,RFD,IL,AGL,CE,Combined TRACON& Tower with Radar,23,3,3,0,29,0,0,0,0,0,23,3,3,0,29,0,0,0,29
09/30/2019,RFD,IL,AGL,CE,Combined TRACON& Tower with Radar,37,5,28,0,70,0,0,25,1,26,37,5,53,1,96,40,0,40,136
10/01/2019,RFD,IL,AGL,CE,Combined TRACON& Tower with Radar,81,2,11,1,95,0,0,29,0,29,81,2,40,1,124,14,0,14,138
10/02/2019,RFD,IL,AGL,CE,Combined TRACON& Tower with Radar,82,5,21,0,108,0,0,5,0,5,82,5,26,0,113,24,0,24,137
10/03/2019,RFD,IL,AGL,CE,Combined TRACON& Tower with Radar,87,6,22,2,117,0,2,6,2,10,87,8,28,4,127,22,0,22,149
10/04/2019,RFD,IL,AGL,CE,Combined TRACON& Tower with Radar,55,0,41,3,99,0,0,41,3,44,55,0,82,6,143,108,0,108,251
10/05/2019,RFD,IL,AGL,CE,Combined TRACON& Tower with Radar,27,0,14,0,41,0,0,8,0,8,27,0,22,0,49,2,0,2,51
10/06/2019,RFD,IL,AGL,CE,Combined TRACON& Tower with Radar,24,2,22,1,49,0,0,35,2,37,24,2,57,3,86,48,0,48,134
10/07/2019,RFD,IL,AGL,CE,Combined TRACON& Tower with Radar,38,4,25,5,72,0,3,17,5,25,38,7,42,10,97,6,2,8,105
10/08/2019,RFD,IL,AGL,CE,Combined TRACON& Tower with Radar,78,4,28,1,111,0,0,50,2,52,78,4,78,3,163,58,0,58,221
10/09/2019,RFD,IL,AGL,CE,Combined TRACON& Tower with Radar,86,9,34,2,131,0,1,45,1,47,86,10,79,3,178,46,0,46,224
10/10/2019,RFD,IL,AGL,CE,Combined TRACON& Tower with Radar,85,5,21,2,113,0,0,19,1,20,85,5,40,3,133,12,0,12,145
10/11/2019,RFD,IL,AGL,CE,Combined TRACON& Tower with Radar,60,0,12,0,72,0,0,1,0,1,60,0,13,0,73,0,0,0,73
10/12/2019,RFD,IL,AGL,CE,Combined TRACON& Tower with Radar,33,2,13,2,50,0,0,5,3,8,33,2,18,5,58,14,0,14,72
10/13/2019,RFD,IL,AGL,CE,Combined TRACON& Tower with Radar,21,1,13,2,37,0,1,13,2,16,21,2,26,4,53,4,0,4,57
10/14/2019,RFD,IL,AGL,CE,Combined TRACON& Tower with Radar,41,1,23,4,69,0,0,29,4,33,41,1,52,8,102,34,0,34,136
10/15/2019,RFD,IL,AGL,CE,Combined TRACON& Tower with Radar,81,2,20,1,104,0,0,10,1,11,81,2,30,2,115,0,0,0,115
10/16/2019,RFD,IL,AGL,CE,Combined TRACON& Tower with Radar,80,2,17,1,100,0,0,17,2,19,80,2,34,3,119,56,0,56,175
10/17/2019,RFD,IL,AGL,CE,Combined TRACON& Tower with Radar,90,3,30,3,126,0,0,38,2,40,90,3,68,5,166,28,0,28,194
10/18/2019,RFD,IL,AGL,CE,Combined TRACON& Tower with Radar,58,1,26,29,114,0,0,43,2,45,58,1,69,31,159,50,44,94,253
10/19/2019,RFD,IL,AGL,CE,Combined TRACON& Tower with Radar,32,0,17,2,51,0,0,33,3,36,32,0,50,5,87,36,0,36,123
10/20/2019,RFD,IL,AGL,CE,Combined TRACON& Tower with Radar,25,2,23,1,51,0,0,27,1,28,25,2,50,2,79,14,0,14,93
10/21/2019,RFD,IL,AGL,CE,Combined TRACON& Tower with Radar,42,4,8,0,54,0,0,4,0,4,42,4,12,0,58,0,0,0,58
10/22/2019,RFD,IL,AGL,CE,Combined TRACON& Tower with Radar,82,0,13,2,97,0,0,3,2,5,82,0,16,4,102,0,0,0,102
10/23/2019,RFD,IL,AGL,CE,Combined TRACON& Tower with Radar,86,6,22,2,116,0,0,23,0,23,86,6,45,2,139,10,0,10,149
10/24/2019,RFD,IL,AGL,CE,Combined TRACON& Tower with Radar,87,4,27,1,119,0,0,32,1,33,87,4,59,2,152,40,0,40,192
10/25/2019,RFD,IL,AGL,CE,Combined TRACON& Tower with Radar,60,0,19,0,79,0,0,31,0,31,60,0,50,0,110,40,0,40,150
10/26/2019,RFD,IL,AGL,CE,Combined TRACON& Tower with Radar,29,0,17,0,46,0,0,8,0,8,29,0,25,0,54,0,0,0,54
10/27/2019,RFD,IL,AGL,CE,Combined TRACON& Tower with Radar,24,1,27,1,53,0,0,41,1,42,24,1,68,2,95,34,0,34,129
10/28/2019,RFD,IL,AGL,CE,Combined TRACON& Tower with Radar,36,8,14,1,59,0,0,9,1,10,36,8,23,2,69,0,0,0,69
10/29/2019,RFD,IL,AGL,CE,Combined TRACON& Tower with Radar,83,4,14,2,103,0,0,15,2,17,83,4,29,4,120,0,0,0,120
10/30/2019,RFD,IL,AGL,CE,Combined TRACON& Tower with Radar,88,1,9,0,98,0,0,1,0,1,88,1,10,0,99,0,0,0,99
10/31/2019,RFD,IL,AGL,CE,Combined TRACON& Tower with Radar,86,1,7,0,94,0,0,0,1,1,86,1,7,1,95,0,0,0,95
11/01/2019,RFD,IL,AGL,CE,Combined TRACON& Tower with Radar,60,9,15,3,87,0,0,10,6,16,60,9,25,9,103,6,0,6,109
11/02/2019,RFD,IL,AGL,CE,Combined TRACON& Tower with Radar,27,0,8,3,38,0,0,5,3,8,27,0,13,6,46,8,0,8,54
11/03/2019,RFD,IL,AGL,CE,Combined TRACON& Tower with Radar,24,0,23,0,47,0,0,24,0,24,24,0,47,0,71,46,0,46,117
11/04/2019,RFD,IL,AGL,CE,Combined TRACON& Tower with Radar,36,8,9,3,56,0,0,16,2,18,36,8,25,5,74,24,0,24,98
11/05/2019,RFD,IL,AGL,CE,Combined TRACON& Tower with Radar,82,2,11,1,96,0,0,29,1,30,82,2,40,2,126,26,0,26,152
11/06/2019,RFD,IL,AGL,CE,Combined TRACON& Tower with Radar,88,0,13,0,101,0,0,14,0,14,88,0,27,0,115,10,0,10,125
11/07/2019,RFD,IL,AGL,CE,Combined TRACON& Tower with Radar,88,11,30,5,134,0,0,49,1,50,88,11,79,6,184,70,14,84,268
11/08/2019,RFD,IL,AGL,CE,Combined TRACON& Tower with Radar,55,1,31,0,87,0,1,30,0,31,55,2,61,0,118,56,0,56,174
11/09/2019,RFD,IL,AGL,CE,Combined TRACON& Tower with Radar,29,0,19,4,52,0,0,30,3,33,29,0,49,7,85,26,0,26,111
11/10/2019,RFD,IL,AGL,CE,Combined TRACON& Tower with Radar,24,0,3,1,28,0,0,1,0,1,24,0,4,1,29,0,0,0,29
11/11/2019,RFD,IL,AGL,CE,Combined TRACON& Tower with Radar,39,2,5,2,48,0,1,3,2,6,39,3,8,4,54,0,0,0,54
11/12/2019,RFD,IL,AGL,CE,Combined TRACON& Tower with Radar,86,3,14,1,104,0,0,12,1,13,86,3,26,2,117,0,0,0,117
11/13/2019,RFD,IL,AGL,CE,Combined TRACON& Tower with Radar,89,2,15,1,107,0,0,5,1,6,89,2,20,2,113,6,0,6,119
11/14/2019,RFD,IL,AGL,CE,Combined TRACON& Tower with Radar,92,3,10,2,107,0,0,11,1,12,92,3,21,3,119,6,0,6,125
11/15/2019,RFD,IL,AGL,CE,Combined TRACON& Tower with Radar,56,0,38,1,95,0,0,30,1,31,56,0,68,2,126,64,0,64,190
11/16/2019,RFD,IL,AGL,CE,Combined TRACON& Tower with Radar,27,0,28,1,56,0,0,30,1,31,27,0,58,2,87,62,0,62,149
11/17/2019,RFD,IL,AGL,CE,Combined TRACON& Tower with Radar,28,0,13,2,43,0,0,4,2,6,28,0,17,4,49,0,0,0,49
11/18/2019,RFD,IL,AGL,CE,Combined TRACON& Tower with Radar,42,2,11,0,55,0,0,2,0,2,42,2,13,0,57,0,0,0,57
11/19/2019,RFD,IL,AGL,CE,Combined TRACON& Tower with Radar,84,1,9,0,94,0,0,0,0,0,84,1,9,0,94,0,0,0,94
11/20/2019,RFD,IL,AGL,CE,Combined TRACON& Tower with Radar,88,1,52,1,142,0,0,13,1,14,88,1,65,2,156,24,0,24,180
11/21/2019,RFD,IL,AGL,CE,Combined TRACON& Tower with Radar,89,10,5,1,105,0,0,0,1,1,89,10,5,2,106,0,0,0,106
11/22/2019,RFD,IL,AGL,CE,Combined TRACON& Tower with Radar,58,0,26,3,87,0,0,30,3,33,58,0,56,6,120,4,0,4,124
11/23/2019,RFD,IL,AGL,CE,Combined TRACON& Tower with Radar,29,3,19,0,51,0,1,30,1,32,29,4,49,1,83,72,0,72,155
11/24/2019,RFD,IL,AGL,CE,Combined TRACON& Tower with Radar,27,0,20,2,49,0,0,29,1,30,27,0,49,3,79,38,0,38,117
11/25/2019,RFD,IL,AGL,CE,Combined TRACON& Tower with Radar,48,2,20,7,77,0,1,23,0,24,48,3,43,7,101,6,28,34,135
11/26/2019,RFD,IL,AGL,CE,Combined TRACON& Tower with Radar,114,0,17,2,133,0,0,18,0,18,114,0,35,2,151,20,0,20,171
11/27/2019,RFD,IL,AGL,CE,Combined TRACON& Tower with Radar,119,3,7,0,129,1,0,2,0,3,120,3,9,0,132,0,0,0,132
11/28/2019,RFD,IL,AGL,CE,Combined TRACON& Tower with Radar,54,1,10,2,67,0,0,3,2,5,54,1,13,4,72,0,0,0,72
11/29/2019,RFD,IL,AGL,CE,Combined TRACON& Tower with Radar,8,0,7,0,15,0,0,0,0,0,8,0,7,0,15,2,0,2,17
11/30/2019,RFD,IL,AGL,CE,Combined TRACON& Tower with Radar,37,2,5,0,44,0,0,0,0,0,37,2,5,0,44,0,0,0,44
12/01/2019,RFD,IL,AGL,CE,Combined TRACON& Tower with Radar,26,3,4,0,33,0,0,0,0,0,26,3,4,0,33,0,0,0,33
12/02/2019,RFD,IL,AGL,CE,Combined TRACON& Tower with Radar,39,3,12,7,61,0,0,13,0,13,39,3,25,7,74,18,2,20,94
12/03/2019,RFD,IL,AGL,CE,Combined TRACON& Tower with Radar,120,2,19,1,142,0,0,13,2,15,120,2,32,3,157,22,0,22,179
12/04/2019,RFD,IL,AGL,CE,Combined TRACON& Tower with Radar,117,3,16,3,139,0,0,13,2,15,117,3,29,5,154,10,2,12,166
12/05/2019,RFD,IL,AGL,CE,Combined TRACON& Tower with Radar,121,3,17,2,143,0,2,36,0,38,121,5,53,2,181,34,10,44,225
12/06/2019,RFD,IL,AGL,CE,Combined TRACON& Tower with Radar,67,2,19,1,89,0,0,26,1,27,67,2,45,2,116,12,0,12,128
12/07/2019,RFD,IL,AGL,CE,Combined TRACON& Tower with Radar,26,1,23,0,50,0,0,23,0,23,26,1,46,0,73,16,0,16,89
12/08/2019,RFD,IL,AGL,CE,Combined TRACON& Tower with Radar,26,0,13,0,39,0,0,1,0,1,26,0,14,0,40,2,0,2,42
12/09/2019,RFD,IL,AGL,CE,Combined TRACON& Tower with Radar,45,4,19,1,69,0,0,0,1,1,45,4,19,2,70,0,0,0,70
12/10/2019,RFD,IL,AGL,CE,Combined TRACON& Tower with Radar,136,2,25,4,167,0,0,29,2,31,136,2,54,6,198,16,0,16,214
12/11/2019,RFD,IL,AGL,CE,Combined TRACON& Tower with Radar,142,7,12,0,161,0,1,12,0,13,142,8,24,0,174,0,0,0,174
12/12/2019,RFD,IL,AGL,CE,Combined TRACON& Tower with Radar,133,4,11,0,148,0,0,5,0,5,133,4,16,0,153,6,0,6,159
12/13/2019,RFD,IL,AGL,CE,Combined TRACON& Tower with Radar,77,6,23,1,107,0,0,16,1,17,77,6,39,2,124,30,0,30,154
12/14/2019,RFD,IL,AGL,CE,Combined TRACON& Tower with Radar,30,0,5,1,36,0,0,0,1,1,30,0,5,2,37,0,0,0,37
12/15/2019,RFD,IL,AGL,CE,Combined TRACON& Tower with Radar,26,2,16,1,45,0,0,21,1,22,26,2,37,2,67,14,0,14,81
12/16/2019,RFD,IL,AGL,CE,Combined TRACON& Tower with Radar,61,4,14,0,79,0,0,13,0,13,61,4,27,0,92,42,0,42,134
12/17/2019,RFD,IL,AGL,CE,Combined TRACON& Tower with Radar,147,6,16,0,169,0,0,0,0,0,147,6,16,0,169,0,0,0,169
12/18/2019,RFD,IL,AGL,CE,Combined TRACON& Tower with Radar,160,4,19,3,186,0,0,25,1,26,160,4,44,4,212,10,0,10,222
12/19/2019,RFD,IL,AGL,CE,Combined TRACON& Tower with Radar,162,5,24,1,192,0,3,48,1,52,162,8,72,2,244,110,0,110,354
12/20/2019,RFD,IL,AGL,CE,Combined TRACON& Tower with Radar,158,0,29,2,189,0,0,27,1,28,158,0,56,3,217,40,0,40,257
12/21/2019,RFD,IL,AGL,CE,Combined TRACON& Tower with Radar,161,0,28,2,191,1,1,28,1,31,162,1,56,3,222,0,0,0,222
12/22/2019,RFD,IL,AGL,CE,Combined TRACON& Tower with Radar,86,2,13,4,105,0,2,22,4,28,86,4,35,8,133,36,0,36,169
12/23/2019,RFD,IL,AGL,CE,Combined TRACON& Tower with Radar,67,0,23,3,93,0,0,38,3,41,67,0,61,6,134,2,0,2,136
12/24/2019,RFD,IL,AGL,CE,Combined TRACON& Tower with Radar,106,0,1,1,108,0,0,7,1,8,106,0,8,2,116,0,0,0,116
12/25/2019,RFD,IL,AGL,CE,Combined TRACON& Tower with Radar,4,2,1,1,8,0,0,0,1,1,4,2,1,2,9,0,0,0,9
12/26/2019,RFD,IL,AGL,CE,Combined TRACON& Tower with Radar,28,1,15,1,45,0,0,8,1,9,28,1,23,2,54,6,0,6,60
12/27/2019,RFD,IL,AGL,CE,Combined TRACON& Tower with Radar,60,1,16,2,79,0,0,9,0,9,60,1,25,2,88,6,2,8,96
12/28/2019,RFD,IL,AGL,CE,Combined TRACON& Tower with Radar,39,3,9,0,51,0,0,0,0,0,39,3,9,0,51,0,0,0,51
12/29/2019,RFD,IL,AGL,CE,Combined TRACON& Tower with Radar,25,6,7,0,38,0,0,1,0,1,25,6,8,0,39,0,0,0,39
12/30/2019,RFD,IL,AGL,CE,Combined TRACON& Tower with Radar,41,2,1,0,44,0,0,1,0,1,41,2,2,0,45,0,0,0,45
12/31/2019,RFD,IL,AGL,CE,Combined TRACON& Tower with Radar,76,0,0,0,76,0,0,0,0,0,76,0,0,0,76,0,0,0,76
01/01/2020,RFD,IL,AGL,CE,Combined TRACON& Tower with Radar,4,1,7,4,16,0,0,4,4,8,4,1,11,8,24,0,0,0,24
01/02/2020,RFD,IL,AGL,CE,Combined TRACON& Tower with Radar,25,0,8,2,35,0,0,16,2,18,25,0,24,4,53,2,0,2,55
01/03/2020,RFD,IL,AGL,CE,Combined TRACON& Tower with Radar,64,4,7,0,75,0,7,6,0,13,64,11,13,0,88,0,0,0,88
01/04/2020,RFD,IL,AGL,CE,Combined TRACON& Tower with Radar,39,0,5,1,45,0,0,2,1,3,39,0,7,2,48,0,0,0,48
01/05/2020,RFD,IL,AGL,CE,Combined TRACON& Tower with Radar,30,0,4,1,35,0,0,2,1,3,30,0,6,2,38,0,0,0,38
01/06/2020,RFD,IL,AGL,CE,Combined TRACON& Tower with Radar,42,0,26,2,70,0,0,12,2,14,42,0,38,4,84,8,0,8,92
01/07/2020,RFD,IL,AGL,CE,Combined TRACON& Tower with Radar,87,2,23,0,112,0,0,8,2,10,87,2,31,2,122,12,0,12,134
01/08/2020,RFD,IL,AGL,CE,Combined TRACON& Tower with Radar,95,1,12,4,112,0,0,14,3,17,95,1,26,7,129,14,0,14,143
01/09/2020,RFD,IL,AGL,CE,Combined TRACON& Tower with Radar,99,5,2,0,106,0,0,3,1,4,99,5,5,1,110,0,0,0,110
01/10/2020,RFD,IL,AGL,CE,Combined TRACON& Tower with Radar,62,0,16,0,78,0,0,4,0,4,62,0,20,0,82,14,0,14,96
01/11/2020,RFD,IL,AGL,CE,Combined TRACON& Tower with Radar,29,0,0,0,29,0,0,0,0,0,29,0,0,0,29,0,0,0,29
01/12/2020,RFD,IL,AGL,CE,Combined TRACON& Tower with Radar,27,1,5,0,33,0,0,2,0,2,27,1,7,0,35,0,0,0,35
01/13/2020,RFD,IL,AGL,CE,Combined TRACON& Tower with Radar,45,0,9,2,56,0,0,5,0,5,45,0,14,2,61,2,0,2,63
01/14/2020,RFD,IL,AGL,CE,Combined TRACON& Tower with Radar,86,2,17,2,107,0,0,5,0,5,86,2,22,2,112,0,0,0,112
01/15/2020,RFD,IL,AGL,CE,Combined TRACON& Tower with Radar,85,1,2,0,88,0,0,0,0,0,85,1,2,0,88,0,0,0,88
01/16/2020,RFD,IL,AGL,CE,Combined TRACON& Tower with Radar,87,11,30,2,130,0,0,51,2,53,87,11,81,4,183,44,0,44,227
01/17/2020,RFD,IL,AGL,CE,Combined TRACON& Tower with Radar,58,4,10,0,72,0,0,4,0,4,58,4,14,0,76,14,0,14,90
01/18/2020,RFD,IL,AGL,CE,Combined TRACON& Tower with Radar,31,0,3,1,35,0,0,0,1,1,31,0,3,2,36,0,0,0,36
01/19/2020,RFD,IL,AGL,CE,Combined TRACON& Tower with Radar,24,0,10,1,35,0,0,7,1,8,24,0,17,2,43,0,0,0,43
01/20/2020,RFD,IL,AGL,CE,Combined TRACON& Tower with Radar,36,5,31,0,72,0,0,24,0,24,36,5,55,0,96,12,0,12,108
01/21/2020,RFD,IL,AGL,CE,Combined TRACON& Tower with Radar,84,0,32,1,117,0,0,21,1,22,84,0,53,2,139,0,0,0,139
01/22/2020,RFD,IL,AGL,CE,Combined TRACON& Tower with Radar,87,0,14,3,104,0,0,24,3,27,87,0,38,6,131,4,0,4,135
01/23/2020,RFD,IL,AGL,CE,Combined TRACON& Tower with Radar,90,0,8,0,98,0,0,0,0,0,90,0,8,0,98,0,0,0,98
01/24/2020,RFD,IL,AGL,CE,Combined TRACON& Tower with Radar,56,8,11,0,75,0,0,0,0,0,56,8,11,0,75,0,0,0,75
01/25/2020,RFD,IL,AGL,CE,Combined TRACON& Tower with Radar,27,0,2,0,29,0,0,0,0,0,27,0,2,0,29,0,0,0,29
01/26/2020,RFD,IL,AGL,CE,Combined TRACON& Tower with Radar,24,0,4,0,28,0,0,1,0,1,24,0,5,0,29,0,0,0,29
01/27/2020,RFD,IL,AGL,CE,Combined TRACON& Tower with Radar,38,0,9,0,47,0,0,1,0,1,38,0,10,0,48,0,0,0,48
01/28/2020,RFD,IL,AGL,CE,Combined TRACON& Tower with Radar,80,0,9,0,89,0,0,2,0,2,80,0,11,0,91,0,0,0,91
01/29/2020,RFD,IL,AGL,CE,Combined TRACON& Tower with Radar,87,0,10,1,98,0,0,1,1,2,87,0,11,2,100,0,0,0,100
01/30/2020,RFD,IL,AGL,CE,Combined TRACON& Tower with Radar,90,0,15,7,112,0,0,15,0,15,90,0,30,7,127,12,18,30,157
01/31/2020,RFD,IL,AGL,CE,Combined TRACON& Tower with Radar,56,3,4,0,63,0,0,3,0,3,56,3,7,0,66,0,0,0,66
02/01/2020,RFD,IL,AGL,CE,Combined TRACON& Tower with Radar,28,1,4,0,33,0,0,3,0,3,28,1,7,0,36,0,0,0,36
02/02/2020,RFD,IL,AGL,CE,Combined TRACON& Tower with Radar,24,0,28,2,54,0,0,30,2,32,24,0,58,4,86,0,0,0,86
02/03/2020,RFD,IL,AGL,CE,Combined TRACON& Tower with Radar,39,0,20,2,61,2,0,27,2,31,41,0,47,4,92,0,0,0,92
02/04/2020,RFD,IL,AGL,CE,Combined TRACON& Tower with Radar,82,0,8,2,92,0,0,10,2,12,82,0,18,4,104,8,0,8,112
02/05/2020,RFD,IL,AGL,CE,Combined TRACON& Tower with Radar,94,3,16,2,115,0,0,10,2,12,94,3,26,4,127,12,0,12,139
02/06/2020,RFD,IL,AGL,CE,Combined TRACON& Tower with Radar,89,2,15,0,106,0,0,24,1,25,89,2,39,1,131,28,0,28,159
02/07/2020,RFD,IL,AGL,CE,Combined TRACON& Tower with Radar,61,4,25,2,92,0,0,25,2,27,61,4,50,4,119,54,0,54,173
02/08/2020,RFD,IL,AGL,CE,Combined TRACON& Tower with Radar,27,2,14,0,43,0,0,19,0,19,27,2,33,0,62,26,0,26,88
02/09/2020,RFD,IL,AGL,CE,Combined TRACON& Tower with Radar,26,0,2,0,28,0,0,0,0,0,26,0,2,0,28,0,0,0,28
02/10/2020,RFD,IL,AGL,CE,Combined TRACON& Tower with Radar,38,6,10,1,55,0,0,18,1,19,38,6,28,2,74,16,0,16,90
02/11/2020,RFD,IL,AGL,CE,Combined TRACON& Tower with Radar,85,1,22,1,109,0,0,30,1,31,85,1,52,2,140,20,0,20,160
02/12/2020,RFD,IL,AGL,CE,Combined TRACON& Tower with Radar,92,4,16,2,114,0,0,5,2,7,92,4,21,4,121,0,0,0,121
02/13/2020,RFD,IL,AGL,CE,Combined TRACON& Tower with Radar,90,5,6,0,101,0,0,2,0,2,90,5,8,0,103,0,0,0,103
02/14/2020,RFD,IL,AGL,CE,Combined TRACON& Tower with Radar,59,2,14,2,77,0,0,12,1,13,59,2,26,3,90,0,0,0,90
02/15/2020,RFD,IL,AGL,CE,Combined TRACON& Tower with Radar,28,0,17,1,46,0,0,10,1,11,28,0,27,2,57,0,0,0,57
02/16/2020,RFD,IL,AGL,CE,Combined TRACON& Tower with Radar,25,0,18,2,45,0,0,39,3,42,25,0,57,5,87,8,0,8,95
02/17/2020,RFD,IL,AGL,CE,Combined TRACON& Tower with Radar,38,2,8,0,48,0,0,0,0,0,38,2,8,0,48,0,0,0,48
02/18/2020,RFD,IL,AGL,CE,Combined TRACON& Tower with Radar,84,0,23,4,111,0,0,7,6,13,84,0,30,10,124,18,0,18,142
02/19/2020,RFD,IL,AGL,CE,Combined TRACON& Tower with Radar,98,5,27,3,133,0,0,33,7,40,98,5,60,10,173,60,0,60,233
02/20/2020,RFD,IL,AGL,CE,Combined TRACON& Tower with Radar,92,2,21,0,115,0,0,26,0,26,92,2,47,0,141,12,0,12,153
02/21/2020,RFD,IL,AGL,CE,Combined TRACON& Tower with Radar,57,4,19,2,82,0,0,30,5,35,57,4,49,7,117,50,0,50,167
02/22/2020,RFD,IL,AGL,CE,Combined TRACON& Tower with Radar,27,1,21,3,52,0,0,50,2,52,27,1,71,5,104,68,0,68,172
02/23/2020,RFD,IL,AGL,CE,Combined TRACON& Tower with Radar,26,0,25,1,52,0,0,35,1,36,26,0,60,2,88,6,0,6,94
02/24/2020,RFD,IL,AGL,CE,Combined TRACON& Tower with Radar,44,4,15,0,63,0,0,10,0,10,44,4,25,0,73,0,0,0,73
02/25/2020,RFD,IL,AGL,CE,Combined TRACON& Tower with Radar,82,1,1,0,84,0,0,0,0,0,82,1,1,0,84,0,0,0,84
02/26/2020,RFD,IL,AGL,CE,Combined TRACON& Tower with Radar,97,0,10,1,108,0,0,12,1,13,97,0,22,2,121,8,0,8,129
02/27/2020,RFD,IL,AGL,CE,Combined TRACON& Tower with Radar,97,8,22,3,130,0,0,14,0,14,97,8,36,3,144,10,0,10,154
02/28/2020,RFD,IL,AGL,CE,Combined TRACON& Tower with Radar,64,0,33,4,101,0,0,7,2,9,64,0,40,6,110,10,0,10,120
02/29/2020,RFD,IL,AGL,CE,Combined TRACON& Tower with Radar,32,0,31,1,64,0,0,33,2,35,32,0,64,3,99,38,0,38,137
03/01/2020,RFD,IL,AGL,CE,Combined TRACON& Tower with Radar,25,0,28,3,56,0,0,22,2,24,25,0,50,5,80,0,0,0,80
03/02/2020,RFD,IL,AGL,CE,Combined TRACON& Tower with Radar,40,0,11,2,53,0,0,9,2,11,40,0,20,4,64,36,0,36,100
03/03/2020,RFD,IL,AGL,CE,Combined TRACON& Tower with Radar,81,2,21,1,105,0,0,11,1,12,81,2,32,2,117,0,0,0,117
03/04/2020,RFD,IL,AGL,CE,Combined TRACON& Tower with Radar,96,0,19,1,116,0,0,23,1,24,96,0,42,2,140,40,0,40,180
03/05/2020,RFD,IL,AGL,CE,Combined TRACON& Tower with Radar,97,2,19,0,118,0,0,7,0,7,97,2,26,0,125,0,0,0,125
03/06/2020,RFD,IL,AGL,CE,Combined TRACON& Tower with Radar,61,1,9,0,71,0,0,19,1,20,61,1,28,1,91,16,0,16,107
03/07/2020,RFD,IL,AGL,CE,Combined TRACON& Tower with Radar,30,0,21,2,53,0,0,38,2,40,30,0,59,4,93,42,0,42,135
03/08/2020,RFD,IL,AGL,CE,Combined TRACON& Tower with Radar,24,0,9,1,34,0,0,6,1,7,24,0,15,2,41,12,0,12,53
03/09/2020,RFD,IL,AGL,CE,Combined TRACON& Tower with Radar,39,6,19,0,64,0,0,3,0,3,39,6,22,0,67,0,0,0,67
03/10/2020,RFD,IL,AGL,CE,Combined TRACON& Tower with Radar,86,2,35,0,123,0,0,14,1,15,86,2,49,1,138,28,0,28,166
03/11/2020,RFD,IL,AGL,CE,Combined TRACON& Tower with Radar,96,2,23,1,122,0,0,6,0,6,96,2,29,1,128,4,0,4,132
03/12/2020,RFD,IL,AGL,CE,Combined TRACON& Tower with Radar,87,3,23,1,114,0,0,2,2,4,87,3,25,3,118,0,0,0,118
03/13/2020,RFD,IL,AGL,CE,Combined TRACON& Tower with Radar,62,3,15,2,82,0,0,24,1,25,62,3,39,3,107,10,0,10,117
03/14/2020,RFD,IL,AGL,CE,Combined TRACON& Tower with Radar,34,3,20,0,57,0,0,2,0,2,34,3,22,0,59,0,0,0,59
03/15/2020,RFD,IL,AGL,CE,Combined TRACON& Tower with Radar,26,0,16,3,45,0,0,17,3,20,26,0,33,6,65,0,0,0,65
03/16/2020,RFD,IL,AGL,CE,Combined TRACON& Tower with Radar,37,0,6,0,43,1,0,6,0,7,38,0,12,0,50,0,0,0,50
03/17/2020,RFD,IL,AGL,CE,Combined TRACON& Tower with Radar,88,0,23,2,113,0,2,25,2,29,88,2,48,4,142,0,0,0,142
03/18/2020,RFD,IL,AGL,CE,Combined TRACON& Tower with Radar,95,2,14,0,111,0,0,2,0,2,95,2,16,0,113,4,0,4,117
03/19/2020,RFD,IL,AGL,CE,Combined TRACON& Tower with Radar,94,1,5,0,100,0,0,0,0,0,94,1,5,0,100,0,0,0,100
03/20/2020,RFD,IL,AGL,CE,Combined TRACON& Tower with Radar,59,0,3,0,62,0,0,7,1,8,59,0,10,1,70,0,0,0,70
03/21/2020,RFD,IL,AGL,CE,Combined TRACON& Tower with Radar,31,4,12,2,49,0,0,18,1,19,31,4,30,3,68,0,0,0,68
03/22/2020,RFD,IL,AGL,CE,Combined TRACON& Tower with Radar,22,1,1,1,25,0,0,1,1,2,22,1,2,2,27,0,0,0,27
03/23/2020,RFD,IL,AGL,CE,Combined TRACON& Tower with Radar,40,0,3,0,43,0,0,0,0,0,40,0,3,0,43,0,0,0,43
03/24/2020,RFD,IL,AGL,CE,Combined TRACON& Tower with Radar,89,1,6,0,96,0,0,2,0,2,89,1,8,0,98,0,0,0,98
03/25/2020,RFD,IL,AGL,CE,Combined TRACON& Tower with Radar,92,0,19,0,111,0,0,14,0,14,92,0,33,0,125,20,0,20,145
03/26/2020,RFD,IL,AGL,CE,Combined TRACON& Tower with Radar,90,2,2,2,96,0,0,0,0,0,90,2,2,2,96,0,0,0,96
03/27/2020,RFD,IL,AGL,CE,Combined TRACON& Tower with Radar,55,0,10,0,65,0,0,0,0,0,55,0,10,0,65,0,0,0,65
03/28/2020,RFD,IL,AGL,CE,Combined TRACON& Tower with Radar,27,0,3,1,31,0,0,0,0,0,27,0,3,1,31,0,0,0,31
03/29/2020,RFD,IL,AGL,CE,Combined TRACON& Tower with Radar,18,0,0,1,19,0,0,0,1,1,18,0,0,2,20,0,0,0,20
03/30/2020,RFD,IL,AGL,CE,Combined TRACON& Tower with Radar,35,10,5,1,51,0,0,11,1,12,35,10,16,2,63,0,0,0,63
03/31/2020,RFD,IL,AGL,CE,Combined TRACON& Tower with Radar,88,0,6,1,95,0,0,1,1,2,88,0,7,2,97,0,0,0,97
04/01/2020,RFD,IL,AGL,CE,Combined TRACON& Tower with Radar,86,1,12,0,99,0,0,12,1,13,86,1,24,1,112,22,0,22,134
04/02/2020,RFD,IL,AGL,CE,Combined TRACON& Tower with Radar,87,5,9,2,103,1,0,23,1,25,88,5,32,3,128,54,0,54,182
04/03/2020,RFD,IL,AGL,CE,Combined TRACON& Tower with Radar,56,0,7,3,66,0,0,12,3,15,56,0,19,6,81,0,0,0,81
04/04/2020,RFD,IL,AGL,CE,Combined TRACON& Tower with Radar,22,0,16,0,38,0,0,30,0,30,22,0,46,0,68,8,0,8,76
04/05/2020,RFD,IL,AGL,CE,Combined TRACON& Tower with Radar,17,0,9,1,27,0,0,26,1,27,17,0,35,2,54,0,0,0,54
04/06/2020,RFD,IL,AGL,CE,Combined TRACON& Tower with Radar,39,6,6,1,52,0,0,2,1,3,39,6,8,2,55,0,0,0,55
04/07/2020,RFD,IL,AGL,CE,Combined TRACON& Tower with Radar,86,0,8,0,94,0,0,11,0,11,86,0,19,0,105,0,0,0,105
04/08/2020,RFD,IL,AGL,CE,Combined TRACON& Tower with Radar,83,0,21,1,105,0,0,9,2,11,83,0,30,3,116,26,0,26,142
04/09/2020,RFD,IL,AGL,CE,Combined TRACON& Tower with Radar,90,0,0,1,91,0,0,2,0,2,90,0,2,1,93,0,0,0,93
04/10/2020,RFD,IL,AGL,CE,Combined TRACON& Tower with Radar,54,2,11,0,67,0,0,7,0,7,54,2,18,0,74,10,0,10,84
04/11/2020,RFD,IL,AGL,CE,Combined TRACON& Tower with Radar,21,0,4,2,27,0,0,10,2,12,21,0,14,4,39,6,0,6,45
04/12/2020,RFD,IL,AGL,CE,Combined TRACON& Tower with Radar,15,0,4,0,19,0,0,2,0,2,15,0,6,0,21,0,0,0,21
04/13/2020,RFD,IL,AGL,CE,Combined TRACON& Tower with Radar,35,0,1,0,36,0,0,0,0,0,35,0,1,0,36,0,0,0,36
04/14/2020,RFD,IL,AGL,CE,Combined TRACON& Tower with Radar,85,0,5,0,90,0,0,2,1,3,85,0,7,1,93,0,0,0,93
04/15/2020,RFD,IL,AGL,CE,Combined TRACON& Tower with Radar,81,2,11,3,97,0,0,8,0,8,81,2,19,3,105,2,0,2,107
04/16/2020,RFD,IL,AGL,CE,Combined TRACON& Tower with Radar,86,2,8,0,96,0,0,10,0,10,86,2,18,0,106,4,0,4,110
04/17/2020,RFD,IL,AGL,CE,Combined TRACON& Tower with Radar,53,0,6,0,59,0,0,3,0,3,53,0,9,0,62,0,0,0,62
04/18/2020,RFD,IL,AGL,CE,Combined TRACON& Tower with Radar,21,0,7,0,28,0,0,3,0,3,21,0,10,0,31,0,0,0,31
04/19/2020,RFD,IL,AGL,CE,Combined TRACON& Tower with Radar,18,0,18,0,36,0,0,21,0,21,18,0,39,0,57,10,0,10,67
04/20/2020,RFD,IL,AGL,CE,Combined TRACON& Tower with Radar,34,2,10,0,46,0,0,15,0,15,34,2,25,0,61,0,0,0,61
04/21/2020,RFD,IL,AGL,CE,Combined TRACON& Tower with Radar,83,0,8,0,91,0,0,21,0,21,83,0,29,0,112,12,0,12,124
04/22/2020,RFD,IL,AGL,CE,Combined TRACON& Tower with Radar,85,0,10,0,95,0,0,7,0,7,85,0,17,0,102,0,0,0,102
04/23/2020,RFD,IL,AGL,CE,Combined TRACON& Tower with Radar,86,2,21,0,109,0,0,5,0,5,86,2,26,0,114,2,0,2,116
04/24/2020,RFD,IL,AGL,CE,Combined TRACON& Tower with Radar,55,0,11,0,66,0,0,3,0,3,55,0,14,0,69,14,0,14,83
04/25/2020,RFD,IL,AGL,CE,Combined TRACON& Tower with Radar,21,2,6,0,29,0,0,3,0,3,21,2,9,0,32,0,0,0,32
04/26/2020,RFD,IL,AGL,CE,Combined TRACON& Tower with Radar,18,0,17,1,36,0,2,45,1,48,18,2,62,2,84,68,0,68,152
04/27/2020,RFD,IL,AGL,CE,Combined TRACON& Tower with Radar,38,0,10,1,49,0,0,10,1,11,38,0,20,2,60,10,0,10,70
04/28/2020,RFD,IL,AGL,CE,Combined TRACON& Tower with Radar,80,2,7,0,89,0,0,10,0,10,80,2,17,0,99,0,0,0,99
04/29/2020,RFD,IL,AGL,CE,Combined TRACON& Tower with Radar,84,0,2,0,86,0,0,0,0,0,84,0,2,0,86,0,0,0,86
04/30/2020,RFD,IL,AGL,CE,Combined TRACON& Tower with Radar,90,2,13,0,105,0,0,14,0,14,90,2,27,0,119,0,0,0,119
05/01/2020,RFD,IL,AGL,CE,Combined TRACON& Tower with Radar,57,0,21,0,78,0,0,38,0,38,57,0,59,0,116,18,0,18,134
05/02/2020,RFD,IL,AGL,CE,Combined TRACON& Tower with Radar,21,0,20,1,42,0,0,23,1,24,21,0,43,2,66,24,0,24,90
05/03/2020,RFD,IL,AGL,CE,Combined TRACON& Tower with Radar,21,0,13,0,34,0,1,18,0,19,21,1,31,0,53,10,0,10,63
05/04/2020,RFD,IL,AGL,CE,Combined TRACON& Tower with Radar,38,0,6,0,44,0,0,20,0,20,38,0,26,0,64,18,0,18,82
05/05/2020,RFD,IL,AGL,CE,Combined TRACON& Tower with Radar,87,0,5,0,92,0,0,4,0,4,87,0,9,0,96,0,0,0,96
05/06/2020,RFD,IL,AGL,CE,Combined TRACON& Tower with Radar,91,0,25,0,116,0,0,24,0,24,91,0,49,0,140,14,0,14,154
05/07/2020,RFD,IL,AGL,CE,Combined TRACON& Tower with Radar,96,1,10,0,107,0,0,30,0,30,96,1,40,0,137,0,0,0,137
05/08/2020,RFD,IL,AGL,CE,Combined TRACON& Tower with Radar,59,0,18,4,81,0,0,12,1,13,59,0,30,5,94,14,0,14,108
05/09/2020,RFD,IL,AGL,CE,Combined TRACON& Tower with Radar,22,0,19,0,41,0,0,20,0,20,22,0,39,0,61,32,0,32,93
05/10/2020,RFD,IL,AGL,CE,Combined TRACON& Tower with Radar,20,0,0,0,20,0,0,0,0,0,20,0,0,0,20,0,0,0,20
05/11/2020,RFD,IL,AGL,CE,Combined TRACON& Tower with Radar,37,0,10,0,47,0,0,12,0,12,37,0,22,0,59,18,0,18,77
05/12/2020,RFD,IL,AGL,CE,Combined TRACON& Tower with Radar,88,1,28,0,117,0,0,42,0,42,88,1,70,0,159,74,0,74,233
05/13/2020,RFD,IL,AGL,CE,Combined TRACON& Tower with Radar,79,1,20,0,100,0,0,12,0,12,79,1,32,0,112,0,0,0,112
05/14/2020,RFD,IL,AGL,CE,Combined TRACON& Tower with Radar,85,0,17,0,102,0,0,0,0,0,85,0,17,0,102,0,0,0,102
05/15/2020,RFD,IL,AGL,CE,Combined TRACON& Tower with Radar,50,0,17,0,67,0,0,31,0,31,50,0,48,0,98,16,0,16,114
05/16/2020,RFD,IL,AGL,CE,Combined TRACON& Tower with Radar,16,0,13,0,29,0,0,16,0,16,16,0,29,0,45,0,0,0,45
05/17/2020,RFD,IL,AGL,CE,Combined TRACON& Tower with Radar,15,0,7,0,22,0,0,0,0,0,15,0,7,0,22,0,0,0,22
05/18/2020,RFD,IL,AGL,CE,Combined TRACON& Tower with Radar,30,0,43,0,73,0,0,6,0,6,30,0,49,0,79,0,0,0,79
05/19/2020,RFD,IL,AGL,CE,Combined TRACON& Tower with Radar,80,0,19,0,99,0,0,0,0,0,80,0,19,0,99,0,0,0,99
05/20/2020,RFD,IL,AGL,CE,Combined TRACON& Tower with Radar,84,3,21,0,108,0,0,19,0,19,84,3,40,0,127,34,0,34,161
05/21/2020,RFD,IL,AGL,CE,Combined TRACON& Tower with Radar,84,2,13,2,101,0,0,22,0,22,84,2,35,2,123,12,0,12,135
05/22/2020,RFD,IL,AGL,CE,Combined TRACON& Tower with Radar,52,0,33,0,85,0,0,27,0,27,52,0,60,0,112,26,0,26,138
05/23/2020,RFD,IL,AGL,CE,Combined TRACON& Tower with Radar,18,0,9,0,27,0,0,17,0,17,18,0,26,0,44,14,0,14,58
05/24/2020,RFD,IL,AGL,CE,Combined TRACON& Tower with Radar,17,3,12,0,32,0,0,14,0,14,17,3,26,0,46,16,0,16,62
05/25/2020,RFD,IL,AGL,CE,Combined TRACON& Tower with Radar,16,0,7,0,23,0,0,23,0,23,16,0,30,0,46,40,0,40,86
05/26/2020,RFD,IL,AGL,CE,Combined TRACON& Tower with Radar,28,2,19,0,49,0,0,26,0,26,28,2,45,0,75,42,0,42,117
05/27/2020,RFD,IL,AGL,CE,Combined TRACON& Tower with Radar,84,0,15,0,99,0,0,22,0,22,84,0,37,0,121,22,0,22,143
05/28/2020,RFD,IL,AGL,CE,Combined TRACON& Tower with Radar,92,4,17,0,113,0,0,0,0,0,92,4,17,0,113,0,0,0,113
05/29/2020,RFD,IL,AGL,CE,Combined TRACON& Tower with Radar,58,0,20,1,79,0,0,25,1,26,58,0,45,2,105,10,0,10,115
05/30/2020,RFD,IL,AGL,CE,Combined TRACON& Tower with Radar,20,2,25,0,47,0,0,42,0,42,20,2,67,0,89,8,0,8,97
05/31/2020,RFD,IL,AGL,CE,Combined TRACON& Tower with Radar,23,4,17,0,44,0,0,32,0,32,23,4,49,0,76,28,0,28,104
06/01/2020,RFD,IL,AGL,CE,Combined TRACON& Tower with Radar,39,1,6,1,47,0,0,9,0,9,39,1,15,1,56,16,0,16,72
06/02/2020,RFD,IL,AGL,CE,Combined TRACON& Tower with Radar,82,7,16,0,105,0,0,16,0,16,82,7,32,0,121,2,0,2,123
06/03/2020,RFD,IL,AGL,CE,Combined TRACON& Tower with Radar,90,3,22,0,115,0,0,17,0,17,90,3,39,0,132,0,0,0,132
06/04/2020,RFD,IL,AGL,CE,Combined TRACON& Tower with Radar,97,2,23,0,122,0,0,30,0,30,97,2,53,0,152,4,0,4,156
06/05/2020,RFD,IL,AGL,CE,Combined TRACON& Tower with Radar,65,0,29,0,94,0,0,36,0,36,65,0,65,0,130,24,0,24,154
06/06/2020,RFD,IL,AGL,CE,Combined TRACON& Tower with Radar,28,1,27,0,56,0,0,46,0,46,28,1,73,0,102,0,0,0,102
06/07/2020,RFD,IL,AGL,CE,Combined TRACON& Tower with Radar,23,0,16,0,39,0,0,36,0,36,23,0,52,0,75,82,0,82,157
06/08/2020,RFD,IL,AGL,CE,Combined TRACON& Tower with Radar,46,0,19,0,65,0,0,31,0,31,46,0,50,0,96,52,0,52,148
06/09/2020,RFD,IL,AGL,CE,Combined TRACON& Tower with Radar,85,0,5,0,90,0,4,5,0,9,85,4,10,0,99,0,0,0,99
06/10/2020,RFD,IL,AGL,CE,Combined TRACON& Tower with Radar,88,2,3,0,93,0,0,5,0,5,88,2,8,0,98,0,0,0,98
06/11/2020,RFD,IL,AGL,CE,Combined TRACON& Tower with Radar,98,0,27,0,125,0,0,16,0,16,98,0,43,0,141,0,0,0,141
06/12/2020,RFD,IL,AGL,CE,Combined TRACON& Tower with Radar,64,0,21,0,85,0,0,36,0,36,64,0,57,0,121,26,0,26,147
06/13/2020,RFD,IL,AGL,CE,Combined TRACON& Tower with Radar,28,1,22,0,51,0,0,32,0,32,28,1,54,0,83,34,0,34,117
06/14/2020,RFD,IL,AGL,CE,Combined TRACON& Tower with Radar,27,1,9,0,37,0,0,13,0,13,27,1,22,0,50,0,0,0,50
06/15/2020,RFD,IL,AGL,CE,Combined TRACON& Tower with Radar,42,0,18,0,60,0,0,15,0,15,42,0,33,0,75,0,0,0,75
06/16/2020,RFD,IL,AGL,CE,Combined TRACON& Tower with Radar,86,3,29,1,119,1,0,38,0,39,87,3,67,1,158,8,0,8,166
06/17/2020,RFD,IL,AGL,CE,Combined TRACON& Tower with Radar,85,0,14,2,101,0,0,24,2,26,85,0,38,4,127,16,0,16,143
06/18/2020,RFD,IL,AGL,CE,Combined TRACON& Tower with Radar,98,3,51,1,153,0,0,29,1,30,98,3,80,2,183,0,0,0,183
06/19/2020,RFD,IL,AGL,CE,Combined TRACON& Tower with Radar,62,0,23,0,85,0,0,17,0,17,62,0,40,0,102,0,0,0,102
06/20/2020,RFD,IL,AGL,CE,Combined TRACON& Tower with Radar,29,2,16,0,47,0,0,9,0,9,29,2,25,0,56,0,0,0,56
06/21/2020,RFD,IL,AGL,CE,Combined TRACON& Tower with Radar,23,4,9,1,37,0,0,10,1,11,23,4,19,2,48,0,0,0,48
06/22/2020,RFD,IL,AGL,CE,Combined TRACON& Tower with Radar,40,0,20,1,61,0,0,10,0,10,40,0,30,1,71,18,0,18,89
06/23/2020,RFD,IL,AGL,CE,Combined TRACON& Tower with Radar,85,0,26,2,113,0,0,22,2,24,85,0,48,4,137,2,0,2,139
06/24/2020,RFD,IL,AGL,CE,Combined TRACON& Tower with Radar,90,0,23,1,114,0,0,34,1,35,90,0,57,2,149,56,0,56,205
06/25/2020,RFD,IL,AGL,CE,Combined TRACON& Tower with Radar,96,0,31,3,130,0,0,44,2,46,96,0,75,5,176,55,0,55,231
06/26/2020,RFD,IL,AGL,CE,Combined TRACON& Tower with Radar,57,7,6,3,73,0,0,6,2,8,57,7,12,5,81,8,0,8,89
06/27/2020,RFD,IL,AGL,CE,Combined TRACON& Tower with Radar,29,0,11,1,41,0,0,35,1,36,29,0,46,2,77,78,0,78,155
06/28/2020,RFD,IL,AGL,CE,Combined TRACON& Tower with Radar,27,0,8,2,37,0,0,9,2,11,27,0,17,4,48,28,0,28,76
06/29/2020,RFD,IL,AGL,CE,Combined TRACON& Tower with Radar,40,8,8,2,58,0,0,6,2,8,40,8,14,4,66,0,0,0,66
06/30/2020,RFD,IL,AGL,CE,Combined TRACON& Tower with Radar,85,2,22,1,110,0,2,11,2,15,85,4,33,3,125,0,0,0,125
07/01/2020,RFD,IL,AGL,CE,Combined TRACON& Tower with Radar,96,5,24,2,127,0,1,24,2,27,96,6,48,4,154,16,0,16,170
07/02/2020,RFD,IL,AGL,CE,Combined TRACON& Tower with Radar,96,2,13,2,113,0,0,25,1,26,96,2,38,3,139,6,0,6,145
07/03/2020,RFD,IL,AGL,CE,Combined TRACON& Tower with Radar,53,0,13,0,66,0,0,22,0,22,53,0,35,0,88,4,0,4,92
07/04/2020,RFD,IL,AGL,CE,Combined TRACON& Tower with Radar,6,0,6,2,14,0,1,7,2,10,6,1,13,4,24,10,0,10,34
07/05/2020,RFD,IL,AGL,CE,Combined TRACON& Tower with Radar,17,3,18,2,40,0,0,15,1,16,17,3,33,3,56,32,0,32,88
07/06/2020,RFD,IL,AGL,CE,Combined TRACON& Tower with Radar,39,3,23,3,68,0,0,15,3,18,39,3,38,6,86,0,0,0,86
07/07/2020,RFD,IL,AGL,CE,Combined TRACON& Tower with Radar,89,0,18,2,109,0,0,14,1,15,89,0,32,3,124,8,0,8,132
07/08/2020,RFD,IL,AGL,CE,Combined TRACON& Tower with Radar,90,2,18,0,110,0,0,13,0,13,90,2,31,0,123,0,0,0,123
07/09/2020,RFD,IL,AGL,CE,Combined TRACON& Tower with Radar,93,9,13,1,116,0,0,6,0,6,93,9,19,1,122,0,0,0,122
07/10/2020,RFD,IL,AGL,CE,Combined TRACON& Tower with Radar,62,0,34,1,97,0,0,17,1,18,62,0,51,2,115,6,0,6,121
07/11/2020,RFD,IL,AGL,CE,Combined TRACON& Tower with Radar,31,0,8,0,39,0,0,6,1,7,31,0,14,1,46,8,0,8,54
07/12/2020,RFD,IL,AGL,CE,Combined TRACON& Tower with Radar,26,0,15,3,44,0,0,16,4,20,26,0,31,7,64,26,0,26,90
07/13/2020,RFD,IL,AGL,CE,Combined TRACON& Tower with Radar,42,2,21,2,67,0,2,22,1,25,42,4,43,3,92,22,0,22,114
07/14/2020,RFD,IL,AGL,CE,Combined TRACON& Tower with Radar,93,0,9,2,104,0,0,26,0,26,93,0,35,2,130,6,0,6,136
07/15/2020,RFD,IL,AGL,CE,Combined TRACON& Tower with Radar,90,2,17,1,110,0,0,8,1,9,90,2,25,2,119,0,0,0,119
07/16/2020,RFD,IL,AGL,CE,Combined TRACON& Tower with Radar,94,9,28,2,133,0,4,34,0,38,94,13,62,2,171,92,0,92,263
07/17/2020,RFD,IL,AGL,CE,Combined TRACON& Tower with Radar,65,3,24,0,92,0,2,28,0,30,65,5,52,0,122,16,0,16,138
07/18/2020,RFD,IL,AGL,CE,Combined TRACON& Tower with Radar,27,0,17,1,45,0,0,17,2,19,27,0,34,3,64,0,0,0,64
07/19/2020,RFD,IL,AGL,CE,Combined TRACON& Tower with Radar,26,0,9,0,35,0,0,11,0,11,26,0,20,0,46,4,0,4,50
07/20/2020,RFD,IL,AGL,CE,Combined TRACON& Tower with Radar,43,0,22,5,70,0,0,31,3,34,43,0,53,8,104,18,0,18,122
07/21/2020,RFD,IL,AGL,CE,Combined TRACON& Tower with Radar,85,2,11,2,100,0,0,12,2,14,85,2,23,4,114,0,0,0,114
07/22/2020,RFD,IL,AGL,CE,Combined TRACON& Tower with Radar,90,0,29,5,124,0,0,20,0,20,90,0,49,5,144,10,0,10,154
07/23/2020,RFD,IL,AGL,CE,Combined TRACON& Tower with Radar,94,2,24,4,124,0,2,24,2,28,94,4,48,6,152,0,0,0,152
07/24/2020,RFD,IL,AGL,CE,Combined TRACON& Tower with Radar,60,0,19,13,92,0,0,63,0,63,60,0,82,13,155,20,24,44,199
07/25/2020,RFD,IL,AGL,CE,Combined TRACON& Tower with Radar,28,0,22,1,51,0,0,27,4,31,28,0,49,5,82,42,0,42,124
07/26/2020,RFD,IL,AGL,CE,Combined TRACON& Tower with Radar,25,0,11,4,40,0,0,13,6,19,25,0,24,10,59,24,0,24,83
07/27/2020,RFD,IL,AGL,CE,Combined TRACON& Tower with Radar,43,2,12,10,67,0,0,11,0,11,43,2,23,10,78,2,0,2,80
07/28/2020,RFD,IL,AGL,CE,Combined TRACON& Tower with Radar,83,2,27,1,113,0,1,41,1,43,83,3,68,2,156,10,0,10,166
07/29/2020,RFD,IL,AGL,CE,Combined TRACON& Tower with Radar,90,3,13,1,107,0,0,27,1,28,90,3,40,2,135,56,0,56,191
07/30/2020,RFD,IL,AGL,CE,Combined TRACON& Tower with Radar,91,1,15,0,107,0,0,39,0,39,91,1,54,0,146,16,0,16,162
07/31/2020,RFD,IL,AGL,CE,Combined TRACON& Tower with Radar,61,5,28,3,97,0,0,17,4,21,61,5,45,7,118,2,0,2,120
08/01/2020,RFD,IL,AGL,CE,Combined TRACON& Tower with Radar,27,2,7,0,36,0,0,13,1,14,27,2,20,1,50,0,0,0,50
08/02/2020,RFD,IL,AGL,CE,Combined TRACON& Tower with Radar,24,5,12,0,41,0,0,21,0,21,24,5,33,0,62,36,0,36,98
08/03/2020,RFD,IL,AGL,CE,Combined TRACON& Tower with Radar,39,1,42,1,83,0,0,9,1,10,39,1,51,2,93,42,0,42,135
08/04/2020,RFD,IL,AGL,CE,Combined TRACON& Tower with Radar,90,3,13,1,107,0,0,41,1,42,90,3,54,2,149,38,0,38,187
08/05/2020,RFD,IL,AGL,CE,Combined TRACON& Tower with Radar,89,3,19,0,111,0,0,34,0,34,89,3,53,0,145,24,0,24,169
08/06/2020,RFD,IL,AGL,CE,Combined TRACON& Tower with Radar,93,1,14,6,114,0,0,41,6,47,93,1,55,12,161,30,0,30,191
08/07/2020,RFD,IL,AGL,CE,Combined TRACON& Tower with Radar,57,3,22,2,84,0,2,27,2,31,57,5,49,4,115,46,0,46,161
08/08/2020,RFD,IL,AGL,CE,Combined TRACON& Tower with Radar,31,1,12,2,46,0,2,28,2,32,31,3,40,4,78,90,0,90,168
08/09/2020,RFD,IL,AGL,CE,Combined TRACON& Tower with Radar,23,1,17,1,42,0,0,7,1,8,23,1,24,2,50,8,0,8,58
08/10/2020,RFD,IL,AGL,CE,Combined TRACON& Tower with Radar,43,3,17,2,65,0,0,5,1,6,43,3,22,3,71,2,0,2,73
08/11/2020,RFD,IL,AGL,CE,Combined TRACON& Tower with Radar,86,0,29,0,115,0,0,35,0,35,86,0,64,0,150,42,0,42,192
08/12/2020,RFD,IL,AGL,CE,Combined TRACON& Tower with Radar,88,0,30,0,118,0,0,39,0,39,88,0,69,0,157,48,0,48,205
08/13/2020,RFD,IL,AGL,CE,Combined TRACON& Tower with Radar,96,0,20,1,117,0,0,38,1,39,96,0,58,2,156,0,0,0,156
08/14/2020,RFD,IL,AGL,CE,Combined TRACON& Tower with Radar,57,0,32,0,89,0,0,40,0,40,57,0,72,0,129,26,0,26,155
08/15/2020,RFD,IL,AGL,CE,Combined TRACON& Tower with Radar,28,2,2,1,33,0,0,9,1,10,28,2,11,2,43,26,0,26,69
08/16/2020,RFD,IL,AGL,CE,Combined TRACON& Tower with Radar,25,0,16,0,41,0,0,22,0,22,25,0,38,0,63,42,0,42,105
08/17/2020,RFD,IL,AGL,CE,Combined TRACON& Tower with Radar,41,1,21,2,65,0,0,25,0,25,41,1,46,2,90,58,0,58,148
08/18/2020,RFD,IL,AGL,CE,Combined TRACON& Tower with Radar,85,4,28,4,121,0,0,22,4,26,85,4,50,8,147,44,0,44,191
08/19/2020,RFD,IL,AGL,CE,Combined TRACON& Tower with Radar,85,0,25,2,112,0,0,17,2,19,85,0,42,4,131,32,0,32,163
08/20/2020,RFD,IL,AGL,CE,Combined TRACON& Tower with Radar,91,0,17,2,110,0,0,31,6,37,91,0,48,8,147,0,0,0,147
08/21/2020,RFD,IL,AGL,CE,Combined TRACON& Tower with Radar,54,6,19,4,83,0,0,35,4,39,54,6,54,8,122,0,0,0,122
08/22/2020,RFD,IL,AGL,CE,Combined TRACON& Tower with Radar,21,1,9,1,32,0,0,20,1,21,21,1,29,2,53,48,0,48,101
08/23/2020,RFD,IL,AGL,CE,Combined TRACON& Tower with Radar,25,2,16,3,46,0,0,19,1,20,25,2,35,4,66,20,0,20,86
08/24/2020,RFD,IL,AGL,CE,Combined TRACON& Tower with Radar,41,2,14,2,59,0,0,22,3,25,41,2,36,5,84,36,0,36,120
08/25/2020,RFD,IL,AGL,CE,Combined TRACON& Tower with Radar,86,2,12,2,102,0,0,21,1,22,86,2,33,3,124,30,0,30,154
08/26/2020,RFD,IL,AGL,CE,Combined TRACON& Tower with Radar,88,3,28,1,120,0,0,18,1,19,88,3,46,2,139,0,0,0,139
08/27/2020,RFD,IL,AGL,CE,Combined TRACON& Tower with Radar,89,0,24,4,117,0,0,16,0,16,89,0,40,4,133,30,0,30,163
08/28/2020,RFD,IL,AGL,CE,Combined TRACON& Tower with Radar,59,2,18,3,82,0,0,6,4,10,59,2,24,7,92,4,0,4,96
08/29/2020,RFD,IL,AGL,CE,Combined TRACON& Tower with Radar,21,1,14,3,39,0,0,21,1,22,21,1,35,4,61,28,0,28,89
08/30/2020,RFD,IL,AGL,CE,Combined TRACON& Tower with Radar,23,0,16,0,39,0,0,25,0,25,23,0,41,0,64,0,0,0,64
08/31/2020,RFD,IL,AGL,CE,Combined TRACON& Tower with Radar,42,1,13,0,56,0,0,15,0,15,42,1,28,0,71,0,0,0,71
09/01/2020,RFD,IL,AGL,CE,Combined TRACON& Tower with Radar,83,0,25,2,110,0,0,10,3,13,83,0,35,5,123,0,0,0,123
09/02/2020,RFD,IL,AGL,CE,Combined TRACON& Tower with Radar,85,5,23,2,115,0,0,31,1,32,85,5,54,3,147,14,0,14,161
09/03/2020,RFD,IL,AGL,CE,Combined TRACON& Tower with Radar,90,3,10,2,105,0,0,14,3,17,90,3,24,5,122,46,0,46,168
09/04/2020,RFD,IL,AGL,CE,Combined TRACON& Tower with Radar,60,2,27,1,90,0,0,40,1,41,60,2,67,2,131,40,0,40,171
09/05/2020,RFD,IL,AGL,CE,Combined TRACON& Tower with Radar,21,0,6,0,27,0,0,16,1,17,21,0,22,1,44,2,0,2,46
09/06/2020,RFD,IL,AGL,CE,Combined TRACON& Tower with Radar,23,0,0,0,23,0,0,0,0,0,23,0,0,0,23,12,0,12,35
09/07/2020,RFD,IL,AGL,CE,Combined TRACON& Tower with Radar,21,0,18,1,40,0,0,21,1,22,21,0,39,2,62,2,0,2,64
09/08/2020,RFD,IL,AGL,CE,Combined TRACON& Tower with Radar,32,0,22,0,54,0,0,0,0,0,32,0,22,0,54,0,0,0,54
09/09/2020,RFD,IL,AGL,CE,Combined TRACON& Tower with Radar,89,4,54,0,147,0,0,0,0,0,89,4,54,0,147,2,0,2,149
09/10/2020,RFD,IL,AGL,CE,Combined TRACON& Tower with Radar,100,2,39,0,141,0,0,0,0,0,100,2,39,0,141,24,0,24,165
09/11/2020,RFD,IL,AGL,CE,Combined TRACON& Tower with Radar,58,0,59,0,117,0,0,0,0,0,58,0,59,0,117,50,0,50,167
09/12/2020,RFD,IL,AGL,CE,Combined TRACON& Tower with Radar,22,8,40,1,71,0,0,0,1,1,22,8,40,2,72,0,0,0,72
09/13/2020,RFD,IL,AGL,CE,Combined TRACON& Tower with Radar,23,2,23,1,49,0,8,53,1,62,23,10,76,2,111,16,0,16,127
09/14/2020,RFD,IL,AGL,CE,Combined TRACON& Tower with Radar,43,0,31,1,75,0,2,28,2,32,43,2,59,3,107,36,0,36,143
09/15/2020,RFD,IL,AGL,CE,Combined TRACON& Tower with Radar,90,2,31,5,128,0,0,41,4,45,90,2,72,9,173,72,0,72,245
09/16/2020,RFD,IL,AGL,CE,Combined TRACON& Tower with Radar,92,2,22,7,123,0,0,37,4,41,92,2,59,11,164,6,0,6,170
09/17/2020,RFD,IL,AGL,CE,Combined TRACON& Tower with Radar,100,6,33,1,140,0,0,51,1,52,100,6,84,2,192,70,0,70,262
09/18/2020,RFD,IL,AGL,CE,Combined TRACON& Tower with Radar,53,0,23,2,78,0,0,41,2,43,53,0,64,4,121,22,0,22,143
09/19/2020,RFD,IL,AGL,CE,Combined TRACON& Tower with Radar,21,2,19,1,43,0,0,36,1,37,21,2,55,2,80,58,0,58,138
09/20/2020,RFD,IL,AGL,CE,Combined TRACON& Tower with Radar,25,1,17,0,43,0,6,22,0,28,25,7,39,0,71,46,0,46,117
09/21/2020,RFD,IL,AGL,CE,Combined TRACON& Tower with Radar,38,6,25,1,70,0,0,23,3,26,38,6,48,4,96,48,0,48,144
09/22/2020,RFD,IL,AGL,CE,Combined TRACON& Tower with Radar,87,8,39,2,136,0,0,44,2,46,87,8,83,4,182,56,0,56,238
09/23/2020,RFD,IL,AGL,CE,Combined TRACON& Tower with Radar,91,5,22,1,119,0,0,30,0,30,91,5,52,1,149,52,0,52,201
09/24/2020,RFD,IL,AGL,CE,Combined TRACON& Tower with Radar,102,0,27,8,137,0,0,33,5,38,102,0,60,13,175,48,0,48,223
09/25/2020,RFD,IL,AGL,CE,Combined TRACON& Tower with Radar,60,2,28,0,90,0,0,33,0,33,60,2,61,0,123,24,0,24,147
09/26/2020,RFD,IL,AGL,CE,Combined TRACON& Tower with Radar,23,0,15,1,39,0,0,13,1,14,23,0,28,2,53,26,0,26,79
09/27/2020,RFD,IL,AGL,CE,Combined TRACON& Tower with Radar,26,0,21,13,60,0,0,18,0,18,26,0,39,13,78,4,0,4,82
09/28/2020,RFD,IL,AGL,CE,Combined TRACON& Tower with Radar,38,4,11,2,55,0,1,14,2,17,38,5,25,4,72,8,0,8,80
09/29/2020,RFD,IL,AGL,CE,Combined TRACON& Tower with Radar,86,0,20,7,113,0,0,18,4,22,86,0,38,11,135,10,0,10,145
09/30/2020,RFD,IL,AGL,CE,Combined TRACON& Tower with Radar,87,2,17,2,108,0,1,13,1,15,87,3,30,3,123,12,10,22,145
10/01/2020,RFD,IL,AGL,CE,Combined TRACON& Tower with Radar,100,5,21,3,129,0,0,10,3,13,100,5,31,6,142,14,0,14,156
10/02/2020,RFD,IL,AGL,CE,Combined TRACON& Tower with Radar,58,1,26,2,87,0,0,60,2,62,58,1,86,4,149,90,0,90,239
10/03/2020,RFD,IL,AGL,CE,Combined TRACON& Tower with Radar,25,0,12,0,37,0,0,24,0,24,25,0,36,0,61,76,0,76,137
10/04/2020,RFD,IL,AGL,CE,Combined TRACON& Tower with Radar,25,2,12,2,41,0,0,23,3,26,25,2,35,5,67,84,0,84,151
10/05/2020,RFD,IL,AGL,CE,Combined TRACON& Tower with Radar,40,2,16,2,60,0,4,10,1,15,40,6,26,3,75,8,0,8,83
10/06/2020,RFD,IL,AGL,CE,Combined TRACON& Tower with Radar,83,0,16,3,102,0,0,24,3,27,83,0,40,6,129,14,0,14,143
10/07/2020,RFD,IL,AGL,CE,Combined TRACON& Tower with Radar,93,2,17,0,112,0,0,17,0,17,93,2,34,0,129,34,0,34,163
10/08/2020,RFD,IL,AGL,CE,Combined TRACON& Tower with Radar,99,0,37,0,136,0,2,28,4,34,99,2,65,4,170,0,0,0,170
10/09/2020,RFD,IL,AGL,CE,Combined TRACON& Tower with Radar,62,0,11,3,76,0,0,11,2,13,62,0,22,5,89,0,0,0,89
10/10/2020,RFD,IL,AGL,CE,Combined TRACON& Tower with Radar,29,0,12,3,44,0,0,21,3,24,29,0,33,6,68,6,0,6,74
10/11/2020,RFD,IL,AGL,CE,Combined TRACON& Tower with Radar,24,0,24,2,50,0,0,11,3,14,24,0,35,5,64,6,0,6,70
10/12/2020,RFD,IL,AGL,CE,Combined TRACON& Tower with Radar,38,1,9,2,50,0,0,2,1,3,38,1,11,3,53,0,0,0,53
10/13/2020,RFD,IL,AGL,CE,Combined TRACON& Tower with Radar,88,0,12,1,101,0,0,20,1,21,88,0,32,2,122,16,0,16,138
10/14/2020,RFD,IL,AGL,CE,Combined TRACON& Tower with Radar,94,2,8,2,106,0,0,9,4,13,94,2,17,6,119,0,0,0,119
10/15/2020,RFD,IL,AGL,CE,Combined TRACON& Tower with Radar,101,2,24,1,128,0,0,17,0,17,101,2,41,1,145,6,0,6,151
10/16/2020,RFD,IL,AGL,CE,Combined TRACON& Tower with Radar,52,2,19,3,76,0,0,24,3,27,52,2,43,6,103,30,0,30,133
10/17/2020,RFD,IL,AGL,CE,Combined TRACON& Tower with Radar,26,0,7,1,34,0,0,0,1,1,26,0,7,2,35,0,0,0,35
10/18/2020,RFD,IL,AGL,CE,Combined TRACON& Tower with Radar,30,0,15,0,45,0,0,1,2,3,30,0,16,2,48,0,0,0,48
10/19/2020,RFD,IL,AGL,CE,Combined TRACON& Tower with Radar,35,0,17,1,53,0,0,13,1,14,35,0,30,2,67,2,0,2,69
10/20/2020,RFD,IL,AGL,CE,Combined TRACON& Tower with Radar,91,16,26,6,139,0,0,4,1,5,91,16,30,7,144,52,10,62,206
10/21/2020,RFD,IL,AGL,CE,Combined TRACON& Tower with Radar,95,0,31,1,127,0,0,21,1,22,95,0,52,2,149,66,0,66,215
10/22/2020,RFD,IL,AGL,CE,Combined TRACON& Tower with Radar,99,0,25,0,124,0,0,2,0,2,99,0,27,0,126,0,0,0,126
10/23/2020,RFD,IL,AGL,CE,Combined TRACON& Tower with Radar,61,4,35,0,100,0,0,0,1,1,61,4,35,1,101,0,0,0,101
10/24/2020,RFD,IL,AGL,CE,Combined TRACON& Tower with Radar,24,2,28,2,56,0,0,44,2,46,24,2,72,4,102,0,0,0,102
10/25/2020,RFD,IL,AGL,CE,Combined TRACON& Tower with Radar,22,0,15,2,39,0,0,5,1,6,22,0,20,3,45,28,0,28,73
10/26/2020,RFD,IL,AGL,CE,Combined TRACON& Tower with Radar,42,0,14,1,57,0,0,1,1,2,42,0,15,2,59,0,0,0,59
10/27/2020,RFD,IL,AGL,CE,Combined TRACON& Tower with Radar,91,2,29,4,126,0,1,24,3,28,91,3,53,7,154,14,0,14,168
10/28/2020,RFD,IL,AGL,CE,Combined TRACON& Tower with Radar,89,1,30,13,133,0,1,28,1,30,89,2,58,14,163,12,20,32,195
10/29/2020,RFD,IL,AGL,CE,Combined TRACON& Tower with Radar,92,2,17,4,115,0,0,6,5,11,92,2,23,9,126,0,0,0,126
10/30/2020,RFD,IL,AGL,CE,Combined TRACON& Tower with Radar,62,0,38,1,101,0,0,43,0,43,62,0,81,1,144,58,0,58,202
10/31/2020,RFD,IL,AGL,CE,Combined TRACON& Tower with Radar,25,0,9,1,35,0,0,16,1,17,25,0,25,2,52,14,0,14,66
11/01/2020,RFD,IL,AGL,CE,Combined TRACON& Tower with Radar,31,3,2,0,36,0,0,3,0,3,31,3,5,0,39,0,0,0,39
11/02/2020,RFD,IL,AGL,CE,Combined TRACON& Tower with Radar,45,0,17,4,66,0,0,26,3,29,45,0,43,7,95,42,0,42,137
11/03/2020,RFD,IL,AGL,CE,Combined TRACON& Tower with Radar,93,2,28,4,127,0,0,39,3,42,93,2,67,7,169,70,0,70,239
11/04/2020,RFD,IL,AGL,CE,Combined TRACON& Tower with Radar,88,2,18,1,109,0,2,25,1,28,88,4,43,2,137,0,0,0,137
11/05/2020,RFD,IL,AGL,CE,Combined TRACON& Tower with Radar,95,8,31,2,136,0,0,37,2,39,95,8,68,4,175,26,0,26,201
11/06/2020,RFD,IL,AGL,CE,Combined TRACON& Tower with Radar,58,0,18,11,87,0,0,34,2,36,58,0,52,13,123,42,20,62,185
11/07/2020,RFD,IL,AGL,CE,Combined TRACON& Tower with Radar,27,0,36,0,63,0,2,26,0,28,27,2,62,0,91,40,0,40,131
11/08/2020,RFD,IL,AGL,CE,Combined TRACON& Tower with Radar,30,0,23,0,53,0,2,36,0,38,30,2,59,0,91,68,0,68,159
11/09/2020,RFD,IL,AGL,CE,Combined TRACON& Tower with Radar,41,0,11,2,54,0,0,14,1,15,41,0,25,3,69,40,0,40,109
11/10/2020,RFD,IL,AGL,CE,Combined TRACON& Tower with Radar,85,2,11,2,100,0,0,0,0,0,85,2,11,2,100,10,0,10,110
11/11/2020,RFD,IL,AGL,CE,Combined TRACON& Tower with Radar,93,4,22,1,120,0,0,29,5,34,93,4,51,6,154,50,0,50,204
11/12/2020,RFD,IL,AGL,CE,Combined TRACON& Tower with Radar,96,2,28,6,132,0,1,50,9,60,96,3,78,15,192,18,0,18,210
11/13/2020,RFD,IL,AGL,CE,Combined TRACON& Tower with Radar,68,0,26,4,98,1,0,49,6,56,69,0,75,10,154,50,0,50,204
11/14/2020,RFD,IL,AGL,CE,Combined TRACON& Tower with Radar,27,0,16,1,44,0,0,5,1,6,27,0,21,2,50,0,0,0,50
11/15/2020,RFD,IL,AGL,CE,Combined TRACON& Tower with Radar,26,6,3,2,37,0,0,0,2,2,26,6,3,4,39,0,0,0,39
11/16/2020,RFD,IL,AGL,CE,Combined TRACON& Tower with Radar,43,5,10,1,59,0,3,24,2,29,43,8,34,3,88,0,0,0,88
11/17/2020,RFD,IL,AGL,CE,Combined TRACON& Tower with Radar,90,3,20,1,114,0,0,11,1,12,90,3,31,2,126,4,0,4,130
11/18/2020,RFD,IL,AGL,CE,Combined TRACON& Tower with Radar,88,5,16,3,112,0,0,13,3,16,88,5,29,6,128,0,0,0,128
11/19/2020,RFD,IL,AGL,CE,Combined TRACON& Tower with Radar,104,3,3,2,112,1,0,12,2,15,105,3,15,4,127,0,2,2,129
11/20/2020,RFD,IL,AGL,CE,Combined TRACON& Tower with Radar,65,3,35,2,105,0,2,51,3,56,65,5,86,5,161,88,0,88,249
11/21/2020,RFD,IL,AGL,CE,Combined TRACON& Tower with Radar,27,3,20,4,54,0,0,39,3,42,27,3,59,7,96,32,0,32,128
11/22/2020,RFD,IL,AGL,CE,Combined TRACON& Tower with Radar,28,2,10,1,41,0,0,13,1,14,28,2,23,2,55,36,0,36,91
11/23/2020,RFD,IL,AGL,CE,Combined TRACON& Tower with Radar,51,9,17,6,83,0,4,32,5,41,51,13,49,11,124,56,0,56,180
11/24/2020,RFD,IL,AGL,CE,Combined TRACON& Tower with Radar,121,3,0,0,124,0,0,0,0,0,121,3,0,0,124,0,0,0,124
11/25/2020,RFD,IL,AGL,CE,Combined TRACON& Tower with Radar,121,3,6,0,130,0,0,0,0,0,121,3,6,0,130,0,0,0,130
11/26/2020,RFD,IL,AGL,CE,Combined TRACON& Tower with Radar,54,1,3,0,58,0,0,2,0,2,54,1,5,0,60,0,0,0,60
11/27/2020,RFD,IL,AGL,CE,Combined TRACON& Tower with Radar,9,1,12,0,22,0,0,15,0,15,9,1,27,0,37,10,0,10,47
11/28/2020,RFD,IL,AGL,CE,Combined TRACON& Tower with Radar,37,2,40,0,79,0,2,39,0,41,37,4,79,0,120,0,0,0,120
11/29/2020,RFD,IL,AGL,CE,Combined TRACON& Tower with Radar,28,0,14,2,44,0,0,19,2,21,28,0,33,4,65,6,0,6,71
11/30/2020,RFD,IL,AGL,CE,Combined TRACON& Tower with Radar,49,4,16,1,70,0,2,5,1,8,49,6,21,2,78,34,0,34,112
12/01/2020,RFD,IL,AGL,CE,Combined TRACON& Tower with Radar,117,2,19,3,141,0,0,19,3,22,117,2,38,6,163,54,0,54,217
12/02/2020,RFD,IL,AGL,CE,Combined TRACON& Tower with Radar,117,2,41,6,166,0,0,38,4,42,117,2,79,10,208,54,0,54,262
12/03/2020,RFD,IL,AGL,CE,Combined TRACON& Tower with Radar,129,6,26,0,161,0,0,28,1,29,129,6,54,1,190,60,0,60,250
12/04/2020,RFD,IL,AGL,CE,Combined TRACON& Tower with Radar,71,2,16,2,91,0,0,31,1,32,71,2,47,3,123,18,0,18,141
12/05/2020,RFD,IL,AGL,CE,Combined TRACON& Tower with Radar,29,0,22,1,52,0,0,38,1,39,29,0,60,2,91,26,0,26,117
12/06/2020,RFD,IL,AGL,CE,Combined TRACON& Tower with Radar,27,0,19,0,46,0,2,17,0,19,27,2,36,0,65,12,0,12,77
12/07/2020,RFD,IL,AGL,CE,Combined TRACON& Tower with Radar,49,0,26,0,75,0,0,13,0,13,49,0,39,0,88,4,0,4,92
12/08/2020,RFD,IL,AGL,CE,Combined TRACON& Tower with Radar,115,0,15,0,130,0,0,10,0,10,115,0,25,0,140,2,0,2,142
12/09/2020,RFD,IL,AGL,CE,Combined TRACON& Tower with Radar,116,7,42,1,166,0,0,56,1,57,116,7,98,2,223,40,0,40,263
12/10/2020,RFD,IL,AGL,CE,Combined TRACON& Tower with Radar,120,7,28,1,156,0,0,31,1,32,120,7,59,2,188,78,0,78,266
12/11/2020,RFD,IL,AGL,CE,Combined TRACON& Tower with Radar,68,10,4,0,82,0,0,0,0,0,68,10,4,0,82,0,0,0,82
12/12/2020,RFD,IL,AGL,CE,Combined TRACON& Tower with Radar,31,0,4,1,36,0,0,0,1,1,31,0,4,2,37,0,0,0,37
12/13/2020,RFD,IL,AGL,CE,Combined TRACON& Tower with Radar,27,0,23,1,51,0,0,31,1,32,27,0,54,2,83,40,0,40,123
12/14/2020,RFD,IL,AGL,CE,Combined TRACON& Tower with Radar,53,2,18,3,76,0,2,24,3,29,53,4,42,6,105,18,0,18,123
12/15/2020,RFD,IL,AGL,CE,Combined TRACON& Tower with Radar,134,13,27,3,177,0,0,19,4,23,134,13,46,7,200,4,0,4,204
12/16/2020,RFD,IL,AGL,CE,Combined TRACON& Tower with Radar,131,5,6,1,143,0,0,10,0,10,131,5,16,1,153,0,0,0,153
12/17/2020,RFD,IL,AGL,CE,Combined TRACON& Tower with Radar,134,15,17,1,167,0,0,15,1,16,134,15,32,2,183,82,0,82,265
12/18/2020,RFD,IL,AGL,CE,Combined TRACON& Tower with Radar,134,4,23,1,162,0,0,15,1,16,134,4,38,2,178,4,0,4,182
12/19/2020,RFD,IL,AGL,CE,Combined TRACON& Tower with Radar,143,3,10,0,156,0,0,4,0,4,143,3,14,0,160,2,0,2,162
12/20/2020,RFD,IL,AGL,CE,Combined TRACON& Tower with Radar,96,3,33,3,135,0,0,14,2,16,96,3,47,5,151,22,0,22,173
12/21/2020,RFD,IL,AGL,CE,Combined TRACON& Tower with Radar,99,0,14,4,117,0,0,12,2,14,99,0,26,6,131,18,0,18,149
12/22/2020,RFD,IL,AGL,CE,Combined TRACON& Tower with Radar,161,4,21,0,186,0,0,29,0,29,161,4,50,0,215,22,0,22,237
12/23/2020,RFD,IL,AGL,CE,Combined TRACON& Tower with Radar,152,2,4,1,159,0,0,3,1,4,152,2,7,2,163,0,0,0,163
12/24/2020,RFD,IL,AGL,CE,Combined TRACON& Tower with Radar,101,0,8,0,109,0,0,0,1,1,101,0,8,1,110,0,0,0,110
12/25/2020,RFD,IL,AGL,CE,Combined TRACON& Tower with Radar,2,2,4,4,12,0,0,7,2,9,2,2,11,6,21,8,0,8,29
12/26/2020,RFD,IL,AGL,CE,Combined TRACON& Tower with Radar,17,1,19,1,38,0,1,22,1,24,17,2,41,2,62,18,0,18,80
12/27/2020,RFD,IL,AGL,CE,Combined TRACON& Tower with Radar,26,0,14,1,41,0,0,14,1,15,26,0,28,2,56,12,0,12,68
12/28/2020,RFD,IL,AGL,CE,Combined TRACON& Tower with Radar,52,1,21,0,74,0,0,22,0,22,52,1,43,0,96,0,0,0,96
12/29/2020,RFD,IL,AGL,CE,Combined TRACON& Tower with Radar,107,2,11,5,125,0,0,11,5,16,107,2,22,10,141,8,0,8,149
12/30/2020,RFD,IL,AGL,CE,Combined TRACON& Tower with Radar,111,1,2,0,114,0,0,0,1,1,111,1,2,1,115,0,0,0,115
12/31/2020,RFD,IL,AGL,CE,Combined TRACON& Tower with Radar,93,0,7,2,102,0,0,10,0,10,93,0,17,2,112,14,0,14,126
01/01/2021,RFD,IL,AGL,CE,Combined TRACON& Tower with Radar,0,2,0,0,2,0,0,0,0,0,0,2,0,0,2,0,0,0,2
01/02/2021,RFD,IL,AGL,CE,Combined TRACON& Tower with Radar,14,2,4,0,20,0,0,0,0,0,14,2,4,0,20,0,0,0,20
01/03/2021,RFD,IL,AGL,CE,Combined TRACON& Tower with Radar,26,0,9,0,35,0,0,0,0,0,26,0,9,0,35,0,0,0,35
01/04/2021,RFD,IL,AGL,CE,Combined TRACON& Tower with Radar,46,2,1,0,49,0,0,0,0,0,46,2,1,0,49,0,0,0,49
01/05/2021,RFD,IL,AGL,CE,Combined TRACON& Tower with Radar,93,0,0,0,93,0,0,0,0,0,93,0,0,0,93,0,0,0,93
01/06/2021,RFD,IL,AGL,CE,Combined TRACON& Tower with Radar,97,0,7,0,104,0,0,0,0,0,97,0,7,0,104,0,0,0,104
01/07/2021,RFD,IL,AGL,CE,Combined TRACON& Tower with Radar,95,0,4,0,99,0,0,2,0,2,95,0,6,0,101,0,0,0,101
01/08/2021,RFD,IL,AGL,CE,Combined TRACON& Tower with Radar,64,10,3,1,78,0,0,3,1,4,64,10,6,2,82,8,0,8,90
01/09/2021,RFD,IL,AGL,CE,Combined TRACON& Tower with Radar,27,0,18,3,48,0,0,12,2,14,27,0,30,5,62,4,0,4,66
01/10/2021,RFD,IL,AGL,CE,Combined TRACON& Tower with Radar,26,0,7,0,33,0,0,4,0,4,26,0,11,0,37,0,0,0,37
01/11/2021,RFD,IL,AGL,CE,Combined TRACON& Tower with Radar,44,0,11,0,55,0,0,4,0,4,44,0,15,0,59,0,0,0,59
01/12/2021,RFD,IL,AGL,CE,Combined TRACON& Tower with Radar,103,1,29,4,137,0,0,37,6,43,103,1,66,10,180,56,0,56,236
01/13/2021,RFD,IL,AGL,CE,Combined TRACON& Tower with Radar,102,11,33,3,149,0,0,28,2,30,102,11,61,5,179,14,0,14,193
01/14/2021,RFD,IL,AGL,CE,Combined TRACON& Tower with Radar,92,17,5,0,114,0,0,5,0,5,92,17,10,0,119,8,0,8,127
01/15/2021,RFD,IL,AGL,CE,Combined TRACON& Tower with Radar,63,0,6,0,69,0,0,0,0,0,63,0,6,0,69,0,0,0,69
01/16/2021,RFD,IL,AGL,CE,Combined TRACON& Tower with Radar,29,4,4,0,37,0,0,2,0,2,29,4,6,0,39,0,0,0,39
01/17/2021,RFD,IL,AGL,CE,Combined TRACON& Tower with Radar,24,0,8,0,32,0,0,2,0,2,24,0,10,0,34,0,0,0,34
01/18/2021,RFD,IL,AGL,CE,Combined TRACON& Tower with Radar,41,9,5,1,56,0,0,4,1,5,41,9,9,2,61,38,0,38,99
01/19/2021,RFD,IL,AGL,CE,Combined TRACON& Tower with Radar,96,2,13,3,114,0,0,2,3,5,96,2,15,6,119,10,0,10,129
01/20/2021,RFD,IL,AGL,CE,Combined TRACON& Tower with Radar,97,0,20,4,121,0,0,16,4,20,97,0,36,8,141,2,0,2,143
01/21/2021,RFD,IL,AGL,CE,Combined TRACON& Tower with Radar,98,4,18,1,121,0,0,15,1,16,98,4,33,2,137,24,0,24,161
01/22/2021,RFD,IL,AGL,CE,Combined TRACON& Tower with Radar,64,5,22,1,92,0,0,19,1,20,64,5,41,2,112,0,0,0,112
01/23/2021,RFD,IL,AGL,CE,Combined TRACON& Tower with Radar,28,2,27,1,58,0,0,24,1,25,28,2,51,2,83,6,0,6,89
01/24/2021,RFD,IL,AGL,CE,Combined TRACON& Tower with Radar,20,0,1,2,23,0,0,0,2,2,20,0,1,4,25,0,0,0,25
01/25/2021,RFD,IL,AGL,CE,Combined TRACON& Tower with Radar,42,1,8,0,51,0,0,1,0,1,42,1,9,0,52,2,0,2,54
01/26/2021,RFD,IL,AGL,CE,Combined TRACON& Tower with Radar,89,0,0,1,90,0,0,0,1,1,89,0,0,2,91,0,0,0,91
01/27/2021,RFD,IL,AGL,CE,Combined TRACON& Tower with Radar,99,4,17,4,124,0,1,18,1,20,99,5,35,5,144,6,0,6,150
01/28/2021,RFD,IL,AGL,CE,Combined TRACON& Tower with Radar,106,2,53,3,164,0,1,38,3,42,106,3,91,6,206,72,0,72,278
01/29/2021,RFD,IL,AGL,CE,Combined TRACON& Tower with Radar,61,9,25,1,96,1,0,33,2,36,62,9,58,3,132,46,0,46,178
01/30/2021,RFD,IL,AGL,CE,Combined TRACON& Tower with Radar,24,1,8,0,33,0,0,20,0,20,24,1,28,0,53,48,0,48,101
01/31/2021,RFD,IL,AGL,CE,Combined TRACON& Tower with Radar,27,4,0,0,31,0,0,0,0,0,27,4,0,0,31,0,0,0,31
02/01/2021,RFD,IL,AGL,CE,Combined TRACON& Tower with Radar,27,13,12,3,55,0,0,27,3,30,27,13,39,6,85,52,0,52,137
02/02/2021,RFD,IL,AGL,CE,Combined TRACON& Tower with Radar,104,0,18,0,122,0,0,14,0,14,104,0,32,0,136,2,0,2,138
02/03/2021,RFD,IL,AGL,CE,Combined TRACON& Tower with Radar,105,0,17,2,124,0,0,30,3,33,105,0,47,5,157,66,0,66,223
02/04/2021,RFD,IL,AGL,CE,Combined TRACON& Tower with Radar,89,3,6,0,98,0,0,0,0,0,89,3,6,0,98,0,0,0,98
02/05/2021,RFD,IL,AGL,CE,Combined TRACON& Tower with Radar,59,2,9,3,73,0,0,2,0,2,59,2,11,3,75,0,0,0,75
02/06/2021,RFD,IL,AGL,CE,Combined TRACON& Tower with Radar,29,0,4,6,39,0,0,2,3,5,29,0,6,9,44,0,0,0,44
02/07/2021,RFD,IL,AGL,CE,Combined TRACON& Tower with Radar,25,0,7,1,33,1,18,8,1,28,26,18,15,2,61,22,0,22,83
02/08/2021,RFD,IL,AGL,CE,Combined TRACON& Tower with Radar,41,6,4,0,51,0,0,2,0,2,41,6,6,0,53,0,0,0,53
02/09/2021,RFD,IL,AGL,CE,Combined TRACON& Tower with Radar,91,0,8,8,107,0,0,9,4,13,91,0,17,12,120,54,0,54,174
02/10/2021,RFD,IL,AGL,CE,Combined TRACON& Tower with Radar,106,0,5,6,117,0,0,10,4,14,106,0,15,10,131,28,0,28,159
02/11/2021,RFD,IL,AGL,CE,Combined TRACON& Tower with Radar,90,0,5,1,96,0,0,2,1,3,90,0,7,2,99,0,0,0,99
02/12/2021,RFD,IL,AGL,CE,Combined TRACON& Tower with Radar,54,3,11,4,72,0,0,10,4,14,54,3,21,8,86,4,0,4,90
02/13/2021,RFD,IL,AGL,CE,Combined TRACON& Tower with Radar,28,0,3,0,31,0,0,0,0,0,28,0,3,0,31,0,0,0,31
02/14/2021,RFD,IL,AGL,CE,Combined TRACON& Tower with Radar,19,0,5,0,24,0,0,4,0,4,19,0,9,0,28,0,0,0,28
02/15/2021,RFD,IL,AGL,CE,Combined TRACON& Tower with Radar,33,3,5,0,41,0,0,3,0,3,33,3,8,0,44,0,0,0,44
02/16/2021,RFD,IL,AGL,CE,Combined TRACON& Tower with Radar,83,1,14,2,100,0,0,17,2,19,83,1,31,4,119,0,0,0,119
02/17/2021,RFD,IL,AGL,CE,Combined TRACON& Tower with Radar,86,0,18,1,105,0,0,20,2,22,86,0,38,3,127,30,0,30,157
02/18/2021,RFD,IL,AGL,CE,Combined TRACON& Tower with Radar,93,0,4,0,97,0,0,9,4,13,93,0,13,4,110,26,0,26,136
02/19/2021,RFD,IL,AGL,CE,Combined TRACON& Tower with Radar,65,0,26,0,91,0,0,15,0,15,65,0,41,0,106,28,0,28,134
02/20/2021,RFD,IL,AGL,CE,Combined TRACON& Tower with Radar,29,0,37,2,68,0,0,36,3,39,29,0,73,5,107,60,0,60,167
02/21/2021,RFD,IL,AGL,CE,Combined TRACON& Tower with Radar,23,0,5,1,29,0,0,3,1,4,23,0,8,2,33,0,0,0,33
02/22/2021,RFD,IL,AGL,CE,Combined TRACON& Tower with Radar,39,0,4,2,45,0,0,0,3,3,39,0,4,5,48,0,0,0,48
02/23/2021,RFD,IL,AGL,CE,Combined TRACON& Tower with Radar,101,4,31,1,137,0,0,33,2,35,101,4,64,3,172,30,0,30,202
02/24/2021,RFD,IL,AGL,CE,Combined TRACON& Tower with Radar,101,0,27,2,130,0,0,17,1,18,101,0,44,3,148,32,0,32,180
02/25/2021,RFD,IL,AGL,CE,Combined TRACON& Tower with Radar,98,0,20,0,118,0,0,42,1,43,98,0,62,1,161,8,0,8,169
02/26/2021,RFD,IL,AGL,CE,Combined TRACON& Tower with Radar,62,2,15,3,82,0,0,17,1,18,62,2,32,4,100,30,0,30,130
02/27/2021,RFD,IL,AGL,CE,Combined TRACON& Tower with Radar,33,0,41,0,74,0,0,45,0,45,33,0,86,0,119,12,0,12,131
02/28/2021,RFD,IL,AGL,CE,Combined TRACON& Tower with Radar,27,2,5,2,36,0,0,0,1,1,27,2,5,3,37,0,0,0,37
03/01/2021,RFD,IL,AGL,CE,Combined TRACON& Tower with Radar,41,2,21,1,65,0,0,20,1,21,41,2,41,2,86,44,0,44,130
03/02/2021,RFD,IL,AGL,CE,Combined TRACON& Tower with Radar,97,2,19,1,119,0,0,16,1,17,97,2,35,2,136,14,0,14,150
03/03/2021,RFD,IL,AGL,CE,Combined TRACON& Tower with Radar,108,4,23,2,137,0,0,34,2,36,108,4,57,4,173,62,0,62,235
03/04/2021,RFD,IL,AGL,CE,Combined TRACON& Tower with Radar,102,9,32,1,144,0,0,25,1,26,102,9,57,2,170,36,0,36,206
03/05/2021,RFD,IL,AGL,CE,Combined TRACON& Tower with Radar,63,1,26,1,91,0,0,31,1,32,63,1,57,2,123,62,0,62,185
03/06/2021,RFD,IL,AGL,CE,Combined TRACON& Tower with Radar,31,2,35,1,69,0,0,43,1,44,31,2,78,2,113,60,0,60,173
03/07/2021,RFD,IL,AGL,CE,Combined TRACON& Tower with Radar,23,2,15,2,42,0,0,22,2,24,23,2,37,4,66,28,0,28,94
03/08/2021,RFD,IL,AGL,CE,Combined TRACON& Tower with Radar,44,8,21,0,73,0,4,22,0,26,44,12,43,0,99,40,0,40,139
03/09/2021,RFD,IL,AGL,CE,Combined TRACON& Tower with Radar,94,0,21,2,117,0,3,11,2,16,94,3,32,4,133,0,0,0,133
03/10/2021,RFD,IL,AGL,CE,Combined TRACON& Tower with Radar,102,5,12,1,120,0,0,0,2,2,102,5,12,3,122,4,0,4,126
03/11/2021,RFD,IL,AGL,CE,Combined TRACON& Tower with Radar,108,8,14,2,132,0,0,8,1,9,108,8,22,3,141,4,0,4,145
03/12/2021,RFD,IL,AGL,CE,Combined TRACON& Tower with Radar,65,3,23,2,93,0,0,28,2,30,65,3,51,4,123,38,0,38,161
03/13/2021,RFD,IL,AGL,CE,Combined TRACON& Tower with Radar,38,1,59,1,99,0,2,44,1,47,38,3,103,2,146,76,0,76,222
03/14/2021,RFD,IL,AGL,CE,Combined TRACON& Tower with Radar,21,2,10,0,33,0,2,6,0,8,21,4,16,0,41,24,0,24,65
03/15/2021,RFD,IL,AGL,CE,Combined TRACON& Tower with Radar,45,2,4,0,51,0,0,0,0,0,45,2,4,0,51,0,0,0,51
03/16/2021,RFD,IL,AGL,CE,Combined TRACON& Tower with Radar,107,0,13,0,120,0,0,0,0,0,107,0,13,0,120,0,0,0,120
03/17/2021,RFD,IL,AGL,CE,Combined TRACON& Tower with Radar,105,6,13,0,124,0,0,0,0,0,105,6,13,0,124,4,0,4,128
03/18/2021,RFD,IL,AGL,CE,Combined TRACON& Tower with Radar,106,0,2,0,108,0,0,0,0,0,106,0,2,0,108,0,0,0,108
03/19/2021,RFD,IL,AGL,CE,Combined TRACON& Tower with Radar,71,5,27,2,105,0,5,26,2,33,71,10,53,4,138,30,0,30,168
03/20/2021,RFD,IL,AGL,CE,Combined TRACON& Tower with Radar,41,4,26,1,72,0,0,26,1,27,41,4,52,2,99,114,0,114,213
03/21/2021,RFD,IL,AGL,CE,Combined TRACON& Tower with Radar,24,4,28,1,57,0,0,15,1,16,24,4,43,2,73,32,0,32,105
03/22/2021,RFD,IL,AGL,CE,Combined TRACON& Tower with Radar,43,4,30,1,78,0,0,21,1,22,43,4,51,2,100,12,0,12,112
03/23/2021,RFD,IL,AGL,CE,Combined TRACON& Tower with Radar,108,5,12,0,125,0,1,16,0,17,108,6,28,0,142,12,0,12,154
03/24/2021,RFD,IL,AGL,CE,Combined TRACON& Tower with Radar,109,4,28,4,145,0,2,0,0,2,109,6,28,4,147,0,0,0,147
03/25/2021,RFD,IL,AGL,CE,Combined TRACON& Tower with Radar,104,4,23,0,131,0,0,0,0,0,104,4,23,0,131,0,0,0,131
03/26/2021,RFD,IL,AGL,CE,Combined TRACON& Tower with Radar,61,8,15,1,85,0,2,4,1,7,61,10,19,2,92,36,0,36,128
03/27/2021,RFD,IL,AGL,CE,Combined TRACON& Tower with Radar,37,1,14,1,53,0,0,0,1,1,37,1,14,2,54,0,0,0,54
03/28/2021,RFD,IL,AGL,CE,Combined TRACON& Tower with Radar,22,2,3,1,28,0,0,0,0,0,22,2,3,1,28,0,0,0,28
03/29/2021,RFD,IL,AGL,CE,Combined TRACON& Tower with Radar,49,2,7,3,61,0,0,17,3,20,49,2,24,6,81,18,0,18,99
03/30/2021,RFD,IL,AGL,CE,Combined TRACON& Tower with Radar,102,0,16,1,119,0,0,11,2,13,102,0,27,3,132,0,0,0,132
03/31/2021,RFD,IL,AGL,CE,Combined TRACON& Tower with Radar,98,4,22,3,127,1,2,21,3,27,99,6,43,6,154,2,0,2,156
04/01/2021,RFD,IL,AGL,CE,Combined TRACON& Tower with Radar,98,8,33,0,139,0,3,22,0,25,98,11,55,0,164,26,0,26,190
04/02/2021,RFD,IL,AGL,CE,Combined TRACON& Tower with Radar,63,1,20,3,87,0,2,40,4,46,63,3,60,7,133,28,0,28,161
04/03/2021,RFD,IL,AGL,CE,Combined TRACON& Tower with Radar,31,0,9,2,42,0,2,15,1,18,31,2,24,3,60,58,0,58,118
04/04/2021,RFD,IL,AGL,CE,Combined TRACON& Tower with Radar,25,1,13,0,39,0,5,16,1,22,25,6,29,1,61,24,0,24,85
04/05/2021,RFD,IL,AGL,CE,Combined TRACON& Tower with Radar,42,0,21,3,66,0,0,6,3,9,42,0,27,6,75,0,0,0,75
04/06/2021,RFD,IL,AGL,CE,Combined TRACON& Tower with Radar,93,2,25,3,123,0,1,38,1,40,93,3,63,4,163,0,0,0,163
04/07/2021,RFD,IL,AGL,CE,Combined TRACON& Tower with Radar,102,4,8,1,115,0,3,12,1,16,102,7,20,2,131,2,0,2,133
04/08/2021,RFD,IL,AGL,CE,Combined TRACON& Tower with Radar,103,4,5,0,112,0,1,4,0,5,103,5,9,0,117,0,0,0,117
04/09/2021,RFD,IL,AGL,CE,Combined TRACON& Tower with Radar,62,4,31,1,98,0,0,9,1,10,62,4,40,2,108,2,0,2,110
04/10/2021,RFD,IL,AGL,CE,Combined TRACON& Tower with Radar,30,0,23,0,53,0,0,1,0,1,30,0,24,0,54,0,0,0,54
04/11/2021,RFD,IL,AGL,CE,Combined TRACON& Tower with Radar,24,0,28,0,52,0,0,0,0,0,24,0,28,0,52,0,0,0,52
04/12/2021,RFD,IL,AGL,CE,Combined TRACON& Tower with Radar,45,2,26,1,74,0,0,25,1,26,45,2,51,2,100,10,0,10,110
04/13/2021,RFD,IL,AGL,CE,Combined TRACON& Tower with Radar,90,3,22,0,115,0,2,16,0,18,90,5,38,0,133,28,0,28,161
04/14/2021,RFD,IL,AGL,CE,Combined TRACON& Tower with Radar,96,4,16,2,118,0,0,18,2,20,96,4,34,4,138,12,0,12,150
04/15/2021,RFD,IL,AGL,CE,Combined TRACON& Tower with Radar,100,0,11,2,113,0,0,25,1,26,100,0,36,3,139,34,0,34,173
04/16/2021,RFD,IL,AGL,CE,Combined TRACON& Tower with Radar,60,2,29,1,92,0,0,33,1,34,60,2,62,2,126,38,0,38,164
04/17/2021,RFD,IL,AGL,CE,Combined TRACON& Tower with Radar,23,0,33,2,58,0,2,36,2,40,23,2,69,4,98,36,0,36,134
04/18/2021,RFD,IL,AGL,CE,Combined TRACON& Tower with Radar,16,2,18,1,37,0,1,24,1,26,16,3,42,2,63,14,0,14,77
04/19/2021,RFD,IL,AGL,CE,Combined TRACON& Tower with Radar,45,1,16,6,68,0,0,5,4,9,45,1,21,10,77,0,0,0,77
04/20/2021,RFD,IL,AGL,CE,Combined TRACON& Tower with Radar,93,0,20,0,113,0,0,9,0,9,93,0,29,0,122,0,0,0,122
04/21/2021,RFD,IL,AGL,CE,Combined TRACON& Tower with Radar,93,4,12,3,112,0,0,13,1,14,93,4,25,4,126,10,0,10,136
04/22/2021,RFD,IL,AGL,CE,Combined TRACON& Tower with Radar,100,18,20,3,141,0,0,29,2,31,100,18,49,5,172,16,0,16,188
04/23/2021,RFD,IL,AGL,CE,Combined TRACON& Tower with Radar,66,1,36,2,105,0,0,32,1,33,66,1,68,3,138,32,0,32,170
04/24/2021,RFD,IL,AGL,CE,Combined TRACON& Tower with Radar,27,2,27,1,57,0,4,21,1,26,27,6,48,2,83,26,0,26,109
04/25/2021,RFD,IL,AGL,CE,Combined TRACON& Tower with Radar,23,2,28,1,54,0,1,35,1,37,23,3,63,2,91,48,0,48,139
04/26/2021,RFD,IL,AGL,CE,Combined TRACON& Tower with Radar,44,2,5,1,52,0,0,10,1,11,44,2,15,2,63,10,0,10,73
04/27/2021,RFD,IL,AGL,CE,Combined TRACON& Tower with Radar,95,1,35,2,133,0,0,23,2,25,95,1,58,4,158,8,0,8,166
04/28/2021,RFD,IL,AGL,CE,Combined TRACON& Tower with Radar,86,0,28,1,115,0,0,25,1,26,86,0,53,2,141,50,0,50,191
04/29/2021,RFD,IL,AGL,CE,Combined TRACON& Tower with Radar,105,4,19,1,129,0,0,4,1,5,105,4,23,2,134,12,0,12,146
04/30/2021,RFD,IL,AGL,CE,Combined TRACON& Tower with Radar,59,0,25,0,84,0,0,20,0,20,59,0,45,0,104,12,0,12,116
05/01/2021,RFD,IL,AGL,CE,Combined TRACON& Tower with Radar,27,0,4,3,34,0,0,7,3,10,27,0,11,6,44,4,0,4,48
05/02/2021,RFD,IL,AGL,CE,Combined TRACON& Tower with Radar,24,0,4,6,34,0,0,6,5,11,24,0,10,11,45,0,0,0,45
05/03/2021,RFD,IL,AGL,CE,Combined TRACON& Tower with Radar,40,0,28,0,68,0,0,3,0,3,40,0,31,0,71,2,0,2,73
05/04/2021,RFD,IL,AGL,CE,Combined TRACON& Tower with Radar,94,2,32,1,129,0,0,1,1,2,94,2,33,2,131,16,0,16,147
05/05/2021,RFD,IL,AGL,CE,Combined TRACON& Tower with Radar,96,0,40,4,140,0,0,43,2,45,96,0,83,6,185,36,0,36,221
05/06/2021,RFD,IL,AGL,CE,Combined TRACON& Tower with Radar,103,8,25,0,136,0,3,4,0,7,103,11,29,0,143,0,0,0,143
05/07/2021,RFD,IL,AGL,CE,Combined TRACON& Tower with Radar,62,2,23,1,88,0,0,23,1,24,62,2,46,2,112,10,0,10,122
05/08/2021,RFD,IL,AGL,CE,Combined TRACON& Tower with Radar,29,2,23,0,54,0,0,21,0,21,29,2,44,0,75,10,0,10,85
05/09/2021,RFD,IL,AGL,CE,Combined TRACON& Tower with Radar,28,3,5,0,36,0,0,11,0,11,28,3,16,0,47,0,0,0,47
05/10/2021,RFD,IL,AGL,CE,Combined TRACON& Tower with Radar,43,1,22,2,68,0,0,20,2,22,43,1,42,4,90,0,0,0,90
05/11/2021,RFD,IL,AGL,CE,Combined TRACON& Tower with Radar,94,0,8,1,103,0,0,39,2,41,94,0,47,3,144,12,0,12,156
05/12/2021,RFD,IL,AGL,CE,Combined TRACON& Tower with Radar,95,0,34,3,132,0,0,23,2,25,95,0,57,5,157,58,0,58,215
05/13/2021,RFD,IL,AGL,CE,Combined TRACON& Tower with Radar,95,3,26,3,127,0,3,35,4,42,95,6,61,7,169,44,0,44,213
05/14/2021,RFD,IL,AGL,CE,Combined TRACON& Tower with Radar,61,4,26,1,92,0,0,30,1,31,61,4,56,2,123,38,0,38,161
05/15/2021,RFD,IL,AGL,CE,Combined TRACON& Tower with Radar,30,0,23,0,53,0,0,3,0,3,30,0,26,0,56,0,0,0,56
05/16/2021,RFD,IL,AGL,CE,Combined TRACON& Tower with Radar,26,0,20,0,46,0,0,16,0,16,26,0,36,0,62,0,0,0,62
05/17/2021,RFD,IL,AGL,CE,Combined TRACON& Tower with Radar,42,0,35,1,78,0,0,6,1,7,42,0,41,2,85,0,0,0,85
05/18/2021,RFD,IL,AGL,CE,Combined TRACON& Tower with Radar,90,0,14,0,104,0,0,2,0,2,90,0,16,0,106,0,0,0,106
05/19/2021,RFD,IL,AGL,CE,Combined TRACON& Tower with Radar,97,6,21,1,125,0,0,15,1,16,97,6,36,2,141,6,0,6,147
05/20/2021,RFD,IL,AGL,CE,Combined TRACON& Tower with Radar,98,2,17,21,138,0,0,8,2,10,98,2,25,23,148,12,26,38,186
05/21/2021,RFD,IL,AGL,CE,Combined TRACON& Tower with Radar,58,2,29,4,93,0,0,10,2,12,58,2,39,6,105,24,0,24,129
05/22/2021,RFD,IL,AGL,CE,Combined TRACON& Tower with Radar,24,1,13,3,41,0,0,19,2,21,24,1,32,5,62,16,0,16,78
05/23/2021,RFD,IL,AGL,CE,Combined TRACON& Tower with Radar,25,2,12,1,40,0,0,2,1,3,25,2,14,2,43,6,0,6,49
05/24/2021,RFD,IL,AGL,CE,Combined TRACON& Tower with Radar,45,1,15,1,62,0,0,46,1,47,45,1,61,2,109,26,0,26,135
05/25/2021,RFD,IL,AGL,CE,Combined TRACON& Tower with Radar,93,2,9,2,106,0,0,13,2,15,93,2,22,4,121,20,0,20,141
05/26/2021,RFD,IL,AGL,CE,Combined TRACON& Tower with Radar,95,10,24,1,130,0,0,37,1,38,95,10,61,2,168,56,0,56,224
05/27/2021,RFD,IL,AGL,CE,Combined TRACON& Tower with Radar,101,8,2,2,113,0,5,6,2,13,101,13,8,4,126,2,0,2,128
05/28/2021,RFD,IL,AGL,CE,Combined TRACON& Tower with Radar,60,1,10,1,72,0,0,0,1,1,60,1,10,2,73,0,0,0,73
05/29/2021,RFD,IL,AGL,CE,Combined TRACON& Tower with Radar,33,2,24,3,62,0,0,25,3,28,33,2,49,6,90,42,0,42,132
05/30/2021,RFD,IL,AGL,CE,Combined TRACON& Tower with Radar,27,2,23,2,54,0,0,31,2,33,27,2,54,4,87,40,0,40,127
05/31/2021,RFD,IL,AGL,CE,Combined TRACON& Tower with Radar,22,5,10,1,38,0,0,29,2,31,22,5,39,3,69,64,0,64,133
06/01/2021,RFD,IL,AGL,CE,Combined TRACON& Tower with Radar,41,2,34,1,78,0,0,23,2,25,41,2,57,3,103,26,0,26,129
06/02/2021,RFD,IL,AGL,CE,Combined TRACON& Tower with Radar,93,0,7,1,101,0,1,18,2,21,93,1,25,3,122,28,0,28,150
06/03/2021,RFD,IL,AGL,CE,Combined TRACON& Tower with Radar,97,2,25,5,129,0,0,40,4,44,97,2,65,9,173,28,0,28,201
06/04/2021,RFD,IL,AGL,CE,Combined TRACON& Tower with Radar,63,0,23,3,89,0,3,18,1,22,63,3,41,4,111,28,0,28,139
06/05/2021,RFD,IL,AGL,CE,Combined TRACON& Tower with Radar,28,0,20,2,50,0,0,11,2,13,28,0,31,4,63,0,0,0,63
06/06/2021,RFD,IL,AGL,CE,Combined TRACON& Tower with Radar,30,2,19,2,53,0,0,14,2,16,30,2,33,4,69,36,0,36,105
06/07/2021,RFD,IL,AGL,CE,Combined TRACON& Tower with Radar,43,11,19,1,74,0,0,5,1,6,43,11,24,2,80,0,0,0,80
06/08/2021,RFD,IL,AGL,CE,Combined TRACON& Tower with Radar,88,2,9,2,101,0,0,17,3,20,88,2,26,5,121,24,0,24,145
06/09/2021,RFD,IL,AGL,CE,Combined TRACON& Tower with Radar,102,5,28,4,139,0,0,22,3,25,102,5,50,7,164,0,0,0,164
06/10/2021,RFD,IL,AGL,CE,Combined TRACON& Tower with Radar,101,1,10,5,117,0,0,16,2,18,101,1,26,7,135,20,0,20,155
06/11/2021,RFD,IL,AGL,CE,Combined TRACON& Tower with Radar,59,7,20,3,89,0,0,22,3,25,59,7,42,6,114,12,0,12,126
06/12/2021,RFD,IL,AGL,CE,Combined TRACON& Tower with Radar,31,2,23,2,58,0,0,17,2,19,31,2,40,4,77,8,0,8,85
06/13/2021,RFD,IL,AGL,CE,Combined TRACON& Tower with Radar,27,0,15,2,44,0,0,20,3,23,27,0,35,5,67,10,0,10,77
06/14/2021,RFD,IL,AGL,CE,Combined TRACON& Tower with Radar,43,0,19,15,77,0,0,18,1,19,43,0,37,16,96,8,16,24,120
06/15/2021,RFD,IL,AGL,CE,Combined TRACON& Tower with Radar,96,0,8,1,105,0,0,36,1,37,96,0,44,2,142,8,0,8,150
06/16/2021,RFD,IL,AGL,CE,Combined TRACON& Tower with Radar,96,2,36,2,136,0,0,49,2,51,96,2,85,4,187,72,0,72,259
06/17/2021,RFD,IL,AGL,CE,Combined TRACON& Tower with Radar,99,2,24,4,129,0,0,23,3,26,99,2,47,7,155,48,0,48,203
06/18/2021,RFD,IL,AGL,CE,Combined TRACON& Tower with Radar,68,4,27,2,101,0,0,20,2,22,68,4,47,4,123,22,0,22,145
06/19/2021,RFD,IL,AGL,CE,Combined TRACON& Tower with Radar,29,3,21,1,54,0,0,16,2,18,29,3,37,3,72,26,0,26,98
06/20/2021,RFD,IL,AGL,CE,Combined TRACON& Tower with Radar,27,3,1,13,44,0,2,9,2,13,27,5,10,15,57,14,0,14,71
06/21/2021,RFD,IL,AGL,CE,Combined TRACON& Tower with Radar,44,1,17,5,67,0,0,14,4,18,44,1,31,9,85,0,0,0,85
06/22/2021,RFD,IL,AGL,CE,Combined TRACON& Tower with Radar,101,4,17,7,129,0,2,37,6,45,101,6,54,13,174,58,0,58,232
06/23/2021,RFD,IL,AGL,CE,Combined TRACON& Tower with Radar,95,1,31,11,138,0,0,9,6,15,95,1,40,17,153,10,0,10,163
06/24/2021,RFD,IL,AGL,CE,Combined TRACON& Tower with Radar,101,5,13,2,121,0,0,6,1,7,101,5,19,3,128,0,0,0,128
06/25/2021,RFD,IL,AGL,CE,Combined TRACON& Tower with Radar,65,4,16,2,87,0,0,4,0,4,65,4,20,2,91,0,0,0,91
06/26/2021,RFD,IL,AGL,CE,Combined TRACON& Tower with Radar,35,2,21,1,59,0,0,0,2,2,35,2,21,3,61,0,0,0,61
06/27/2021,RFD,IL,AGL,CE,Combined TRACON& Tower with Radar,27,4,30,0,61,0,0,18,0,18,27,4,48,0,79,30,0,30,109
06/28/2021,RFD,IL,AGL,CE,Combined TRACON& Tower with Radar,50,3,23,1,77,0,0,5,0,5,50,3,28,1,82,0,0,0,82
06/29/2021,RFD,IL,AGL,CE,Combined TRACON& Tower with Radar,94,2,21,1,118,0,0,11,2,13,94,2,32,3,131,22,0,22,153
06/30/2021,RFD,IL,AGL,CE,Combined TRACON& Tower with Radar,99,3,37,2,141,0,0,40,1,41,99,3,77,3,182,64,0,64,246
07/01/2021,RFD,IL,AGL,CE,Combined TRACON& Tower with Radar,105,9,37,2,153,0,0,43,2,45,105,9,80,4,198,62,0,62,260
07/02/2021,RFD,IL,AGL,CE,Combined TRACON& Tower with Radar,67,3,38,1,109,0,0,38,1,39,67,3,76,2,148,38,0,38,186
07/03/2021,RFD,IL,AGL,CE,Combined TRACON& Tower with Radar,28,2,10,3,43,0,0,21,3,24,28,2,31,6,67,18,0,18,85
07/04/2021,RFD,IL,AGL,CE,Combined TRACON& Tower with Radar,10,0,8,2,20,0,0,1,3,4,10,0,9,5,24,0,0,0,24
07/05/2021,RFD,IL,AGL,CE,Combined TRACON& Tower with Radar,13,0,19,3,35,0,0,22,2,24,13,0,41,5,59,16,0,16,75
07/06/2021,RFD,IL,AGL,CE,Combined TRACON& Tower with Radar,33,0,15,1,49,0,0,22,1,23,33,0,37,2,72,0,0,0,72
07/07/2021,RFD,IL,AGL,CE,Combined TRACON& Tower with Radar,108,0,16,0,124,0,0,6,0,6,108,0,22,0,130,0,0,0,130
07/08/2021,RFD,IL,AGL,CE,Combined TRACON& Tower with Radar,95,3,46,2,146,0,0,8,3,11,95,3,54,5,157,16,0,16,173
07/09/2021,RFD,IL,AGL,CE,Combined TRACON& Tower with Radar,66,1,19,2,88,0,0,14,1,15,66,1,33,3,103,10,0,10,113
07/10/2021,RFD,IL,AGL,CE,Combined TRACON& Tower with Radar,28,2,11,0,41,0,0,11,1,12,28,2,22,1,53,6,0,6,59
07/11/2021,RFD,IL,AGL,CE,Combined TRACON& Tower with Radar,24,0,18,1,43,0,2,7,1,10,24,2,25,2,53,14,0,14,67
07/12/2021,RFD,IL,AGL,CE,Combined TRACON& Tower with Radar,46,0,29,1,76,0,2,1,0,3,46,2,30,1,79,8,0,8,87
07/13/2021,RFD,IL,AGL,CE,Combined TRACON& Tower with Radar,96,1,12,1,110,0,0,31,1,32,96,1,43,2,142,44,0,44,186
07/14/2021,RFD,IL,AGL,CE,Combined TRACON& Tower with Radar,90,2,18,0,110,0,0,16,0,16,90,2,34,0,126,0,0,0,126
07/15/2021,RFD,IL,AGL,CE,Combined TRACON& Tower with Radar,95,8,14,0,117,0,0,6,0,6,95,8,20,0,123,4,0,4,127
07/16/2021,RFD,IL,AGL,CE,Combined TRACON& Tower with Radar,66,5,21,0,92,0,0,15,0,15,66,5,36,0,107,26,0,26,133
07/17/2021,RFD,IL,AGL,CE,Combined TRACON& Tower with Radar,32,2,23,0,57,0,1,25,0,26,32,3,48,0,83,4,0,4,87
07/18/2021,RFD,IL,AGL,CE,Combined TRACON& Tower with Radar,26,1,23,1,51,0,2,31,4,37,26,3,54,5,88,52,0,52,140
07/19/2021,RFD,IL,AGL,CE,Combined TRACON& Tower with Radar,42,1,26,0,69,0,2,36,2,40,42,3,62,2,109,32,0,32,141
07/20/2021,RFD,IL,AGL,CE,Combined TRACON& Tower with Radar,95,6,20,0,121,0,2,23,0,25,95,8,43,0,146,0,0,0,146
07/21/2021,RFD,IL,AGL,CE,Combined TRACON& Tower with Radar,95,3,28,0,126,0,4,20,2,26,95,7,48,2,152,6,0,6,158
07/22/2021,RFD,IL,AGL,CE,Combined TRACON& Tower with Radar,98,7,38,0,143,0,0,44,1,45,98,7,82,1,188,40,0,40,228
07/23/2021,RFD,IL,AGL,CE,Combined TRACON& Tower with Radar,66,3,20,1,90,0,0,46,0,46,66,3,66,1,136,60,0,60,196
07/24/2021,RFD,IL,AGL,CE,Combined TRACON& Tower with Radar,33,0,16,0,49,0,0,20,0,20,33,0,36,0,69,18,0,18,87
07/25/2021,RFD,IL,AGL,CE,Combined TRACON& Tower with Radar,30,3,10,1,44,0,0,26,1,27,30,3,36,2,71,28,0,28,99
07/26/2021,RFD,IL,AGL,CE,Combined TRACON& Tower with Radar,40,2,8,2,52,0,1,14,3,18,40,3,22,5,70,4,0,4,74
07/27/2021,RFD,IL,AGL,CE,Combined TRACON& Tower with Radar,89,8,20,1,118,0,0,14,1,15,89,8,34,2,133,12,0,12,145
07/28/2021,RFD,IL,AGL,CE,Combined TRACON& Tower with Radar,87,3,21,4,115,0,0,10,1,11,87,3,31,5,126,12,0,12,138
07/29/2021,RFD,IL,AGL,CE,Combined TRACON& Tower with Radar,95,4,19,1,119,0,0,6,2,8,95,4,25,3,127,0,0,0,127
07/30/2021,RFD,IL,AGL,CE,Combined TRACON& Tower with Radar,68,2,18,6,94,0,0,29,1,30,68,2,47,7,124,6,0,6,130
07/31/2021,RFD,IL,AGL,CE,Combined TRACON& Tower with Radar,29,4,6,0,39,0,0,7,0,7,29,4,13,0,46,12,0,12,58
08/01/2021,RFD,IL,AGL,CE,Combined TRACON& Tower with Radar,30,2,19,0,51,0,2,15,1,18,30,4,34,1,69,0,0,0,69
08/02/2021,RFD,IL,AGL,CE,Combined TRACON& Tower with Radar,39,1,18,3,61,0,1,19,1,21,39,2,37,4,82,10,0,10,92
08/03/2021,RFD,IL,AGL,CE,Combined TRACON& Tower with Radar,86,2,25,5,118,0,0,41,2,43,86,2,66,7,161,0,0,0,161
08/04/2021,RFD,IL,AGL,CE,Combined TRACON& Tower with Radar,95,5,26,0,126,0,0,32,0,32,95,5,58,0,158,0,0,0,158
08/05/2021,RFD,IL,AGL,CE,Combined TRACON& Tower with Radar,94,6,22,1,123,0,0,24,1,25,94,6,46,2,148,10,0,10,158
08/06/2021,RFD,IL,AGL,CE,Combined TRACON& Tower with Radar,61,4,20,1,86,0,0,20,1,21,61,4,40,2,107,18,0,18,125
08/07/2021,RFD,IL,AGL,CE,Combined TRACON& Tower with Radar,29,0,16,1,46,0,0,18,1,19,29,0,34,2,65,14,0,14,79
08/08/2021,RFD,IL,AGL,CE,Combined TRACON& Tower with Radar,28,2,19,1,50,1,0,10,1,12,29,2,29,2,62,10,0,10,72
08/09/2021,RFD,IL,AGL,CE,Combined TRACON& Tower with Radar,55,5,9,0,69,1,0,2,0,3,56,5,11,0,72,0,0,0,72
08/10/2021,RFD,IL,AGL,CE,Combined TRACON& Tower with Radar,88,9,19,2,118,0,2,12,0,14,88,11,31,2,132,44,0,44,176
08/11/2021,RFD,IL,AGL,CE,Combined TRACON& Tower with Radar,86,2,9,2,99,0,0,13,2,15,86,2,22,4,114,6,0,6,120
08/12/2021,RFD,IL,AGL,CE,Combined TRACON& Tower with Radar,96,10,36,0,142,0,0,30,3,33,96,10,66,3,175,26,8,34,209
08/13/2021,RFD,IL,AGL,CE,Combined TRACON& Tower with Radar,65,2,40,3,110,0,0,21,0,21,65,2,61,3,131,4,0,4,135
08/14/2021,RFD,IL,AGL,CE,Combined TRACON& Tower with Radar,26,1,29,8,64,0,0,39,0,39,26,1,68,8,103,52,0,52,155
08/15/2021,RFD,IL,AGL,CE,Combined TRACON& Tower with Radar,26,2,21,4,53,0,0,34,0,34,26,2,55,4,87,38,0,38,125
08/16/2021,RFD,IL,AGL,CE,Combined TRACON& Tower with Radar,45,5,26,0,76,0,0,42,0,42,45,5,68,0,118,66,0,66,184
08/17/2021,RFD,IL,AGL,CE,Combined TRACON& Tower with Radar,89,3,33,0,125,0,0,28,0,28,89,3,61,0,153,14,0,14,167
08/18/2021,RFD,IL,AGL,CE,Combined TRACON& Tower with Radar,84,3,19,4,110,0,0,26,0,26,84,3,45,4,136,24,0,24,160
08/19/2021,RFD,IL,AGL,CE,Combined TRACON& Tower with Radar,94,10,15,0,119,0,0,27,1,28,94,10,42,1,147,42,0,42,189
08/20/2021,RFD,IL,AGL,CE,Combined TRACON& Tower with Radar,73,4,25,2,104,0,0,24,2,26,73,4,49,4,130,22,0,22,152
08/21/2021,RFD,IL,AGL,CE,Combined TRACON& Tower with Radar,25,4,14,4,47,0,0,8,5,13,25,4,22,9,60,38,0,38,98
08/22/2021,RFD,IL,AGL,CE,Combined TRACON& Tower with Radar,26,2,14,3,45,0,0,29,3,32,26,2,43,6,77,60,0,60,137
08/23/2021,RFD,IL,AGL,CE,Combined TRACON& Tower with Radar,37,6,10,2,55,0,0,5,1,6,37,6,15,3,61,6,0,6,67
08/24/2021,RFD,IL,AGL,CE,Combined TRACON& Tower with Radar,91,5,13,0,109,0,0,10,0,10,91,5,23,0,119,2,0,2,121
08/25/2021,RFD,IL,AGL,CE,Combined TRACON& Tower with Radar,99,4,27,0,130,0,0,21,1,22,99,4,48,1,152,50,6,56,208
08/26/2021,RFD,IL,AGL,CE,Combined TRACON& Tower with Radar,95,2,18,4,119,0,0,17,4,21,95,2,35,8,140,22,0,22,162
08/27/2021,RFD,IL,AGL,CE,Combined TRACON& Tower with Radar,67,4,14,1,86,0,0,17,1,18,67,4,31,2,104,0,0,0,104
08/28/2021,RFD,IL,AGL,CE,Combined TRACON& Tower with Radar,34,2,10,4,50,0,0,8,2,10,34,2,18,6,60,2,0,2,62
08/29/2021,RFD,IL,AGL,CE,Combined TRACON& Tower with Radar,32,2,13,1,48,0,0,9,1,10,32,2,22,2,58,40,0,40,98
08/30/2021,RFD,IL,AGL,CE,Combined TRACON& Tower with Radar,43,0,37,0,80,0,0,39,0,39,43,0,76,0,119,40,0,40,159
08/31/2021,RFD,IL,AGL,CE,Combined TRACON& Tower with Radar,91,2,19,2,114,0,0,23,3,26,91,2,42,5,140,0,0,0,140
09/01/2021,RFD,IL,AGL,CE,Combined TRACON& Tower with Radar,86,4,14,5,109,0,2,51,4,57,86,6,65,9,166,34,0,34,200
09/02/2021,RFD,IL,AGL,CE,Combined TRACON& Tower with Radar,100,5,23,19,147,0,0,43,1,44,100,5,66,20,191,30,30,60,251
09/03/2021,RFD,IL,AGL,CE,Combined TRACON& Tower with Radar,63,8,10,1,82,0,2,23,1,26,63,10,33,2,108,10,0,10,118
09/04/2021,RFD,IL,AGL,CE,Combined TRACON& Tower with Radar,31,2,27,2,62,0,2,6,2,10,31,4,33,4,72,4,0,4,76
09/05/2021,RFD,IL,AGL,CE,Combined TRACON& Tower with Radar,12,1,18,2,33,0,2,27,2,31,12,3,45,4,64,38,0,38,102
09/06/2021,RFD,IL,AGL,CE,Combined TRACON& Tower with Radar,10,4,28,3,45,0,0,23,4,27,10,4,51,7,72,18,0,18,90
09/07/2021,RFD,IL,AGL,CE,Combined TRACON& Tower with Radar,47,3,15,3,68,0,0,9,1,10,47,3,24,4,78,28,0,28,106
09/08/2021,RFD,IL,AGL,CE,Combined TRACON& Tower with Radar,93,5,24,0,122,0,0,26,0,26,93,5,50,0,148,18,0,18,166
09/09/2021,RFD,IL,AGL,CE,Combined TRACON& Tower with Radar,92,12,25,0,129,0,0,37,0,37,92,12,62,0,166,44,0,44,210
09/10/2021,RFD,IL,AGL,CE,Combined TRACON& Tower with Radar,67,2,29,0,98,1,0,35,0,36,68,2,64,0,134,8,0,8,142
09/11/2021,RFD,IL,AGL,CE,Combined TRACON& Tower with Radar,29,0,18,0,47,0,4,42,0,46,29,4,60,0,93,12,0,12,105
09/12/2021,RFD,IL,AGL,CE,Combined TRACON& Tower with Radar,29,2,23,0,54,0,6,42,0,48,29,8,65,0,102,10,0,10,112
09/13/2021,RFD,IL,AGL,CE,Combined TRACON& Tower with Radar,37,6,16,4,63,0,0,15,0,15,37,6,31,4,78,4,2,6,84
09/14/2021,RFD,IL,AGL,CE,Combined TRACON& Tower with Radar,98,2,9,0,109,0,0,18,0,18,98,2,27,0,127,20,0,20,147
09/15/2021,RFD,IL,AGL,CE,Combined TRACON& Tower with Radar,93,4,21,1,119,0,2,46,0,48,93,6,67,1,167,64,0,64,231
09/16/2021,RFD,IL,AGL,CE,Combined TRACON& Tower with Radar,99,2,23,0,124,0,0,33,2,35,99,2,56,2,159,30,0,30,189
09/17/2021,RFD,IL,AGL,CE,Combined TRACON& Tower with Radar,64,5,18,0,87,1,0,32,1,34,65,5,50,1,121,0,0,0,121
09/18/2021,RFD,IL,AGL,CE,Combined TRACON& Tower with Radar,28,0,18,0,46,0,0,52,1,53,28,0,70,1,99,22,0,22,121
09/19/2021,RFD,IL,AGL,CE,Combined TRACON& Tower with Radar,25,3,20,0,48,0,8,50,2,60,25,11,70,2,108,40,0,40,148
09/20/2021,RFD,IL,AGL,CE,Combined TRACON& Tower with Radar,43,2,35,2,82,0,0,3,1,4,43,2,38,3,86,20,0,20,106
09/21/2021,RFD,IL,AGL,CE,Combined TRACON& Tower with Radar,93,5,37,0,135,0,0,16,0,16,93,5,53,0,151,16,0,16,167
09/22/2021,RFD,IL,AGL,CE,Combined TRACON& Tower with Radar,91,7,14,1,113,0,0,13,1,14,91,7,27,2,127,4,0,4,131
09/23/2021,RFD,IL,AGL,CE,Combined TRACON& Tower with Radar,100,11,19,0,130,0,0,13,2,15,100,11,32,2,145,0,0,0,145
09/24/2021,RFD,IL,AGL,CE,Combined TRACON& Tower with Radar,68,2,22,1,93,0,0,23,0,23,68,2,45,1,116,32,0,32,148
09/25/2021,RFD,IL,AGL,CE,Combined TRACON& Tower with Radar,29,0,20,0,49,0,0,19,1,20,29,0,39,1,69,30,0,30,99
09/26/2021,RFD,IL,AGL,CE,Combined TRACON& Tower with Radar,25,0,27,1,53,0,0,14,0,14,25,0,41,1,67,20,0,20,87
09/27/2021,RFD,IL,AGL,CE,Combined TRACON& Tower with Radar,41,1,29,0,71,0,0,34,2,36,41,1,63,2,107,50,0,50,157
09/28/2021,RFD,IL,AGL,CE,Combined TRACON& Tower with Radar,89,4,51,0,144,0,0,59,1,60,89,4,110,1,204,46,0,46,250
09/29/2021,RFD,IL,AGL,CE,Combined TRACON& Tower with Radar,92,0,36,0,128,0,2,46,0,48,92,2,82,0,176,36,0,36,212
09/30/2021,RFD,IL,AGL,CE,Combined TRACON& Tower with Radar,95,1,30,0,126,0,0,50,0,50,95,1,80,0,176,26,0,26,202
10/01/2021,RFD,IL,AGL,CE,Combined TRACON& Tower with Radar,68,1,23,0,92,0,0,46,0,46,68,1,69,0,138,34,0,34,172
10/02/2021,RFD,IL,AGL,CE,Combined TRACON& Tower with Radar,27,4,18,0,49,0,0,6,0,6,27,4,24,0,55,12,0,12,67
10/03/2021,RFD,IL,AGL,CE,Combined TRACON& Tower with Radar,26,3,12,0,41,0,0,17,1,18,26,3,29,1,59,38,0,38,97
10/04/2021,RFD,IL,AGL,CE,Combined TRACON& Tower with Radar,39,5,44,0,88,0,0,5,0,5,39,5,49,0,93,14,0,14,107
10/05/2021,RFD,IL,AGL,CE,Combined TRACON& Tower with Radar,92,5,37,0,134,0,0,9,0,9,92,5,46,0,143,16,0,16,159
10/06/2021,RFD,IL,AGL,CE,Combined TRACON& Tower with Radar,92,5,64,0,161,0,0,1,1,2,92,5,65,1,163,10,0,10,173
10/07/2021,RFD,IL,AGL,CE,Combined TRACON& Tower with Radar,95,3,22,0,120,0,0,4,0,4,95,3,26,0,124,24,0,24,148
10/08/2021,RFD,IL,AGL,CE,Combined TRACON& Tower with Radar,73,6,21,4,104,0,0,3,2,5,73,6,24,6,109,2,0,2,111
10/09/2021,RFD,IL,AGL,CE,Combined TRACON& Tower with Radar,29,2,39,1,71,0,0,34,0,34,29,2,73,1,105,26,0,26,131
10/10/2021,RFD,IL,AGL,CE,Combined TRACON& Tower with Radar,30,3,7,1,41,0,0,4,1,5,30,3,11,2,46,0,0,0,46
10/11/2021,RFD,IL,AGL,CE,Combined TRACON& Tower with Radar,38,1,6,0,45,0,0,2,0,2,38,1,8,0,47,0,0,0,47
10/12/2021,RFD,IL,AGL,CE,Combined TRACON& Tower with Radar,94,5,16,0,115,0,0,9,0,9,94,5,25,0,124,0,0,0,124
10/13/2021,RFD,IL,AGL,CE,Combined TRACON& Tower with Radar,100,5,13,0,118,0,2,10,1,13,100,7,23,1,131,14,0,14,145
10/14/2021,RFD,IL,AGL,CE,Combined TRACON& Tower with Radar,100,6,29,1,136,0,0,37,0,37,100,6,66,1,173,42,0,42,215
10/15/2021,RFD,IL,AGL,CE,Combined TRACON& Tower with Radar,63,0,13,0,76,0,0,18,0,18,63,0,31,0,94,10,0,10,104
10/16/2021,RFD,IL,AGL,CE,Combined TRACON& Tower with Radar,34,2,24,0,60,0,0,30,2,32,34,2,54,2,92,48,0,48,140
10/17/2021,RFD,IL,AGL,CE,Combined TRACON& Tower with Radar,28,6,18,0,52,0,4,25,0,29,28,10,43,0,81,72,0,72,153
10/18/2021,RFD,IL,AGL,CE,Combined TRACON& Tower with Radar,44,1,17,0,62,0,0,26,0,26,44,1,43,0,88,14,0,14,102
10/19/2021,RFD,IL,AGL,CE,Combined TRACON& Tower with Radar,98,5,18,1,122,0,1,29,0,30,98,6,47,1,152,12,0,12,164
10/20/2021,RFD,IL,AGL,CE,Combined TRACON& Tower with Radar,89,3,24,0,116,0,0,19,3,22,89,3,43,3,138,14,0,14,152
10/21/2021,RFD,IL,AGL,CE,Combined TRACON& Tower with Radar,96,3,21,0,120,0,0,11,0,11,96,3,32,0,131,4,0,4,135
10/22/2021,RFD,IL,AGL,CE,Combined TRACON& Tower with Radar,71,5,28,1,105,0,0,39,0,39,71,5,67,1,144,64,0,64,208
10/23/2021,RFD,IL,AGL,CE,Combined TRACON& Tower with Radar,35,1,38,0,74,0,0,38,2,40,35,1,76,2,114,76,0,76,190
10/24/2021,RFD,IL,AGL,CE,Combined TRACON& Tower with Radar,29,0,13,1,43,0,0,2,0,2,29,0,15,1,45,2,0,2,47
10/25/2021,RFD,IL,AGL,CE,Combined TRACON& Tower with Radar,40,8,10,0,58,0,0,6,0,6,40,8,16,0,64,8,0,8,72
10/26/2021,RFD,IL,AGL,CE,Combined TRACON& Tower with Radar,107,0,27,0,134,0,0,46,2,48,107,0,73,2,182,36,0,36,218
10/27/2021,RFD,IL,AGL,CE,Combined TRACON& Tower with Radar,89,3,28,0,120,0,0,31,2,33,89,3,59,2,153,66,0,66,219
10/28/2021,RFD,IL,AGL,CE,Combined TRACON& Tower with Radar,101,3,16,0,120,0,0,0,0,0,101,3,16,0,120,2,0,2,122
10/29/2021,RFD,IL,AGL,CE,Combined TRACON& Tower with Radar,67,2,7,0,76,0,0,1,0,1,67,2,8,0,77,0,0,0,77
10/30/2021,RFD,IL,AGL,CE,Combined TRACON& Tower with Radar,25,5,40,0,70,0,0,29,0,29,25,5,69,0,99,22,0,22,121
10/31/2021,RFD,IL,AGL,CE,Combined TRACON& Tower with Radar,28,1,22,0,51,0,0,17,3,20,28,1,39,3,71,32,0,32,103
11/01/2021,RFD,IL,AGL,CE,Combined TRACON& Tower with Radar,49,0,27,0,76,0,0,28,1,29,49,0,55,1,105,32,0,32,137
11/02/2021,RFD,IL,AGL,CE,Combined TRACON& Tower with Radar,102,20,18,0,140,0,4,32,0,36,102,24,50,0,176,52,0,52,228
11/03/2021,RFD,IL,AGL,CE,Combined TRACON& Tower with Radar,93,7,27,0,127,0,0,43,0,43,93,7,70,0,170,72,0,72,242
11/04/2021,RFD,IL,AGL,CE,Combined TRACON& Tower with Radar,104,2,19,0,125,0,0,31,0,31,104,2,50,0,156,54,0,54,210
11/05/2021,RFD,IL,AGL,CE,Combined TRACON& Tower with Radar,70,5,28,0,103,0,0,28,0,28,70,5,56,0,131,24,0,24,155
11/06/2021,RFD,IL,AGL,CE,Combined TRACON& Tower with Radar,35,3,24,0,62,0,0,21,0,21,35,3,45,0,83,12,0,12,95
11/07/2021,RFD,IL,AGL,CE,Combined TRACON& Tower with Radar,37,4,14,0,55,0,0,25,1,26,37,4,39,1,81,12,0,12,93
11/08/2021,RFD,IL,AGL,CE,Combined TRACON& Tower with Radar,48,0,24,0,72,0,0,26,0,26,48,0,50,0,98,44,0,44,142
11/09/2021,RFD,IL,AGL,CE,Combined TRACON& Tower with Radar,97,0,17,0,114,0,0,40,0,40,97,0,57,0,154,44,0,44,198
11/10/2021,RFD,IL,AGL,CE,Combined TRACON& Tower with Radar,94,4,20,0,118,0,0,10,0,10,94,4,30,0,128,16,0,16,144
11/11/2021,RFD,IL,AGL,CE,Combined TRACON& Tower with Radar,105,2,5,0,112,0,0,1,1,2,105,2,6,1,114,0,0,0,114
11/12/2021,RFD,IL,AGL,CE,Combined TRACON& Tower with Radar,64,8,4,2,78,0,0,1,0,1,64,8,5,2,79,0,0,0,79
11/13/2021,RFD,IL,AGL,CE,Combined TRACON& Tower with Radar,37,0,13,0,50,0,0,13,0,13,37,0,26,0,63,36,0,36,99
11/14/2021,RFD,IL,AGL,CE,Combined TRACON& Tower with Radar,29,5,6,0,40,0,0,2,1,3,29,5,8,1,43,2,0,2,45
11/15/2021,RFD,IL,AGL,CE,Combined TRACON& Tower with Radar,44,6,10,0,60,0,0,12,0,12,44,6,22,0,72,0,0,0,72
11/16/2021,RFD,IL,AGL,CE,Combined TRACON& Tower with Radar,96,1,22,0,119,0,0,19,0,19,96,1,41,0,138,14,0,14,152
11/17/2021,RFD,IL,AGL,CE,Combined TRACON& Tower with Radar,93,3,9,4,109,0,0,19,1,20,93,3,28,5,129,40,0,40,169
11/18/2021,RFD,IL,AGL,CE,Combined TRACON& Tower with Radar,105,0,8,4,117,0,0,8,10,18,105,0,16,14,135,2,0,2,137
11/19/2021,RFD,IL,AGL,CE,Combined TRACON& Tower with Radar,65,3,33,2,103,1,0,38,1,40,66,3,71,3,143,56,0,56,199
11/20/2021,RFD,IL,AGL,CE,Combined TRACON& Tower with Radar,32,6,27,2,67,0,0,20,2,22,32,6,47,4,89,14,0,14,103
11/21/2021,RFD,IL,AGL,CE,Combined TRACON& Tower with Radar,35,2,9,0,46,0,0,9,0,9,35,2,18,0,55,2,0,2,57
11/22/2021,RFD,IL,AGL,CE,Combined TRACON& Tower with Radar,51,16,17,0,84,0,0,20,1,21,51,16,37,1,105,26,0,26,131
11/23/2021,RFD,IL,AGL,CE,Combined TRACON& Tower with Radar,126,0,26,0,152,0,0,31,1,32,126,0,57,1,184,18,0,18,202
11/24/2021,RFD,IL,AGL,CE,Combined TRACON& Tower with Radar,125,1,11,0,137,0,0,9,2,11,125,1,20,2,148,8,0,8,156
11/25/2021,RFD,IL,AGL,CE,Combined TRACON& Tower with Radar,41,0,1,0,42,0,0,1,0,1,41,0,2,0,43,0,0,0,43
11/26/2021,RFD,IL,AGL,CE,Combined TRACON& Tower with Radar,19,3,18,0,40,0,0,29,1,30,19,3,47,1,70,44,0,44,114
11/27/2021,RFD,IL,AGL,CE,Combined TRACON& Tower with Radar,42,1,15,0,58,0,0,8,0,8,42,1,23,0,66,24,0,24,90
11/28/2021,RFD,IL,AGL,CE,Combined TRACON& Tower with Radar,27,0,9,0,36,0,0,11,1,12,27,0,20,1,48,8,0,8,56
11/29/2021,RFD,IL,AGL,CE,Combined TRACON& Tower with Radar,59,4,12,0,75,0,0,6,1,7,59,4,18,1,82,44,0,44,126
11/30/2021,RFD,IL,AGL,CE,Combined TRACON& Tower with Radar,118,4,18,1,141,0,0,25,1,26,118,4,43,2,167,56,0,56,223
12/01/2021,RFD,IL,AGL,CE,Combined TRACON& Tower with Radar,130,5,24,3,162,0,0,12,1,13,130,5,36,4,175,28,0,28,203
12/02/2021,RFD,IL,AGL,CE,Combined TRACON& Tower with Radar,125,5,9,0,139,0,0,11,2,13,125,5,20,2,152,26,0,26,178
12/03/2021,RFD,IL,AGL,CE,Combined TRACON& Tower with Radar,79,1,24,0,104,0,0,23,1,24,79,1,47,1,128,18,0,18,146
12/04/2021,RFD,IL,AGL,CE,Combined TRACON& Tower with Radar,34,4,30,0,68,0,2,49,0,51,34,6,79,0,119,76,0,76,195
12/05/2021,RFD,IL,AGL,CE,Combined TRACON& Tower with Radar,33,0,3,0,36,0,0,0,0,0,33,0,3,0,36,0,0,0,36
12/06/2021,RFD,IL,AGL,CE,Combined TRACON& Tower with Radar,57,2,5,0,64,0,0,3,0,3,57,2,8,0,67,4,0,4,71
12/07/2021,RFD,IL,AGL,CE,Combined TRACON& Tower with Radar,128,0,22,2,152,0,0,9,0,9,128,0,31,2,161,2,0,2,163
12/08/2021,RFD,IL,AGL,CE,Combined TRACON& Tower with Radar,130,3,23,10,166,0,0,41,1,42,130,3,64,11,208,58,0,58,266
12/09/2021,RFD,IL,AGL,CE,Combined TRACON& Tower with Radar,138,4,16,7,165,0,2,16,7,25,138,6,32,14,190,54,0,54,244
12/10/2021,RFD,IL,AGL,CE,Combined TRACON& Tower with Radar,74,6,11,0,91,0,0,7,0,7,74,6,18,0,98,6,0,6,104
12/11/2021,RFD,IL,AGL,CE,Combined TRACON& Tower with Radar,40,0,4,0,44,0,0,2,1,3,40,0,6,1,47,0,0,0,47
12/12/2021,RFD,IL,AGL,CE,Combined TRACON& Tower with Radar,36,4,14,0,54,0,0,18,0,18,36,4,32,0,72,0,0,0,72
12/13/2021,RFD,IL,AGL,CE,Combined TRACON& Tower with Radar,52,12,37,0,101,0,0,31,0,31,52,12,68,0,132,72,0,72,204
12/14/2021,RFD,IL,AGL,CE,Combined TRACON& Tower with Radar,148,14,17,0,179,0,0,25,0,25,148,14,42,0,204,66,0,66,270
12/15/2021,RFD,IL,AGL,CE,Combined TRACON& Tower with Radar,159,1,12,0,172,0,0,3,0,3,159,1,15,0,175,1,0,1,176
12/16/2021,RFD,IL,AGL,CE,Combined TRACON& Tower with Radar,170,4,18,0,192,0,0,0,1,1,170,4,18,1,193,0,0,0,193
12/17/2021,RFD,IL,AGL,CE,Combined TRACON& Tower with Radar,141,0,24,0,165,0,0,38,1,39,141,0,62,1,204,46,2,48,252
12/18/2021,RFD,IL,AGL,CE,Combined TRACON& Tower with Radar,148,1,15,0,164,0,0,12,1,13,148,1,27,1,177,16,0,16,193
12/19/2021,RFD,IL,AGL,CE,Combined TRACON& Tower with Radar,85,1,18,0,104,0,0,7,1,8,85,1,25,1,112,0,0,0,112
12/20/2021,RFD,IL,AGL,CE,Combined TRACON& Tower with Radar,82,2,25,1,110,0,2,26,2,30,82,4,51,3,140,52,0,52,192
12/21/2021,RFD,IL,AGL,CE,Combined TRACON& Tower with Radar,152,1,17,0,170,0,0,29,1,30,152,1,46,1,200,92,0,92,292
12/22/2021,RFD,IL,AGL,CE,Combined TRACON& Tower with Radar,154,2,12,7,175,0,0,40,1,41,154,2,52,8,216,48,0,48,264
12/23/2021,RFD,IL,AGL,CE,Combined TRACON& Tower with Radar,159,3,12,0,174,0,0,24,0,24,159,3,36,0,198,32,0,32,230
12/24/2021,RFD,IL,AGL,CE,Combined TRACON& Tower with Radar,85,4,6,0,95,0,0,0,0,0,85,4,6,0,95,0,0,0,95
12/25/2021,RFD,IL,AGL,CE,Combined TRACON& Tower with Radar,5,2,3,0,10,0,0,9,1,10,5,2,12,1,20,6,0,6,26
12/26/2021,RFD,IL,AGL,CE,Combined TRACON& Tower with Radar,10,1,10,0,21,0,0,13,0,13,10,1,23,0,34,46,0,46,80
12/27/2021,RFD,IL,AGL,CE,Combined TRACON& Tower with Radar,48,3,8,0,59,0,0,2,1,3,48,3,10,1,62,0,0,0,62
12/28/2021,RFD,IL,AGL,CE,Combined TRACON& Tower with Radar,108,3,5,0,116,0,0,0,0,0,108,3,5,0,116,0,0,0,116
12/29/2021,RFD,IL,AGL,CE,Combined TRACON& Tower with Radar,124,1,7,0,132,0,0,16,0,16,124,1,23,0,148,8,0,8,156
12/30/2021,RFD,IL,AGL,CE,Combined TRACON& Tower with Radar,124,0,7,1,132,0,0,0,1,1,124,0,7,2,133,0,0,0,133
12/31/2021,RFD,IL,AGL,CE,Combined TRACON& Tower with Radar,62,2,8,0,72,0,0,0,0,0,62,2,8,0,72,0,0,0,72
01/01/2022,RFD,IL,AGL,CE,Combined TRACON& Tower with Radar,7,0,2,0,9,0,0,0,0,0,7,0,2,0,9,0,0,0,9
01/02/2022,RFD,IL,AGL,CE,Combined TRACON& Tower with Radar,37,3,10,1,51,0,0,6,1,7,37,3,16,2,58,0,0,0,58
01/03/2022,RFD,IL,AGL,CE,Combined TRACON& Tower with Radar,44,0,14,1,59,0,0,22,0,22,44,0,36,1,81,4,0,4,85
01/04/2022,RFD,IL,AGL,CE,Combined TRACON& Tower with Radar,95,0,18,0,113,0,0,12,2,14,95,0,30,2,127,0,0,0,127
01/05/2022,RFD,IL,AGL,CE,Combined TRACON& Tower with Radar,91,0,4,0,95,0,0,0,0,0,91,0,4,0,95,0,0,0,95
01/06/2022,RFD,IL,AGL,CE,Combined TRACON& Tower with Radar,102,1,6,0,109,0,0,8,0,8,102,1,14,0,117,28,0,28,145
01/07/2022,RFD,IL,AGL,CE,Combined TRACON& Tower with Radar,69,3,11,0,83,0,0,10,2,12,69,3,21,2,95,0,0,0,95
01/08/2022,RFD,IL,AGL,CE,Combined TRACON& Tower with Radar,31,0,4,1,36,0,0,8,1,9,31,0,12,2,45,0,0,0,45
01/09/2022,RFD,IL,AGL,CE,Combined TRACON& Tower with Radar,30,3,9,0,42,0,0,11,0,11,30,3,20,0,53,0,0,0,53
01/10/2022,RFD,IL,AGL,CE,Combined TRACON& Tower with Radar,37,3,4,0,44,0,0,5,1,6,37,3,9,1,50,36,0,36,86
01/11/2022,RFD,IL,AGL,CE,Combined TRACON& Tower with Radar,93,2,11,0,106,0,0,15,3,18,93,2,26,3,124,20,0,20,144
01/12/2022,RFD,IL,AGL,CE,Combined TRACON& Tower with Radar,99,2,18,0,119,0,0,14,0,14,99,2,32,0,133,12,0,12,145
01/13/2022,RFD,IL,AGL,CE,Combined TRACON& Tower with Radar,99,1,23,0,123,0,0,10,0,10,99,1,33,0,133,4,0,4,137
01/14/2022,RFD,IL,AGL,CE,Combined TRACON& Tower with Radar,65,6,5,0,76,0,0,0,0,0,65,6,5,0,76,0,0,0,76
01/15/2022,RFD,IL,AGL,CE,Combined TRACON& Tower with Radar,30,0,9,0,39,0,0,6,2,8,30,0,15,2,47,0,0,0,47
01/16/2022,RFD,IL,AGL,CE,Combined TRACON& Tower with Radar,34,1,14,0,49,0,0,18,0,18,34,1,32,0,67,20,0,20,87
01/17/2022,RFD,IL,AGL,CE,Combined TRACON& Tower with Radar,39,1,6,0,46,0,1,5,0,6,39,2,11,0,52,14,0,14,66
01/18/2022,RFD,IL,AGL,CE,Combined TRACON& Tower with Radar,86,4,7,1,98,0,0,20,2,22,86,4,27,3,120,20,0,20,140
01/19/2022,RFD,IL,AGL,CE,Combined TRACON& Tower with Radar,87,12,6,0,105,0,0,4,1,5,87,12,10,1,110,0,0,0,110
01/20/2022,RFD,IL,AGL,CE,Combined TRACON& Tower with Radar,102,3,12,0,117,0,0,18,1,19,102,3,30,1,136,18,0,18,154
01/21/2022,RFD,IL,AGL,CE,Combined TRACON& Tower with Radar,63,5,16,10,94,0,0,26,3,29,63,5,42,13,123,36,36,72,195
01/22/2022,RFD,IL,AGL,CE,Combined TRACON& Tower with Radar,27,2,6,0,35,0,0,10,0,10,27,2,16,0,45,12,0,12,57
01/23/2022,RFD,IL,AGL,CE,Combined TRACON& Tower with Radar,29,4,10,0,43,0,0,14,0,14,29,4,24,0,57,6,0,6,63
01/24/2022,RFD,IL,AGL,CE,Combined TRACON& Tower with Radar,42,1,7,0,50,0,0,1,0,1,42,1,8,0,51,0,0,0,51
01/25/2022,RFD,IL,AGL,CE,Combined TRACON& Tower with Radar,90,0,20,0,110,0,0,16,0,16,90,0,36,0,126,2,0,2,128
01/26/2022,RFD,IL,AGL,CE,Combined TRACON& Tower with Radar,84,5,14,0,103,0,0,14,0,14,84,5,28,0,117,17,0,17,134
01/27/2022,RFD,IL,AGL,CE,Combined TRACON& Tower with Radar,93,3,10,1,107,0,0,5,0,5,93,3,15,1,112,8,0,8,120
01/28/2022,RFD,IL,AGL,CE,Combined TRACON& Tower with Radar,60,0,6,0,66,0,2,15,0,17,60,2,21,0,83,6,0,6,89
01/29/2022,RFD,IL,AGL,CE,Combined TRACON& Tower with Radar,23,0,10,0,33,0,0,19,0,19,23,0,29,0,52,36,0,36,88
01/30/2022,RFD,IL,AGL,CE,Combined TRACON& Tower with Radar,31,2,16,0,49,0,0,24,0,24,31,2,40,0,73,50,0,50,123
01/31/2022,RFD,IL,AGL,CE,Combined TRACON& Tower with Radar,40,7,14,0,61,0,0,22,0,22,40,7,36,0,83,14,0,14,97
02/01/2022,RFD,IL,AGL,CE,Combined TRACON& Tower with Radar,95,7,10,0,112,0,0,16,0,16,95,7,26,0,128,18,0,18,146
02/02/2022,RFD,IL,AGL,CE,Combined TRACON& Tower with Radar,82,6,1,0,89,0,0,2,0,2,82,6,3,0,91,0,0,0,91
02/03/2022,RFD,IL,AGL,CE,Combined TRACON& Tower with Radar,90,0,3,2,95,0,0,16,3,19,90,0,19,5,114,26,0,26,140
02/04/2022,RFD,IL,AGL,CE,Combined TRACON& Tower with Radar,78,1,19,1,99,0,0,10,0,10,78,1,29,1,109,0,0,0,109
02/05/2022,RFD,IL,AGL,CE,Combined TRACON& Tower with Radar,32,3,12,0,47,0,0,22,4,26,32,3,34,4,73,26,0,26,99
02/06/2022,RFD,IL,AGL,CE,Combined TRACON& Tower with Radar,25,0,13,2,40,0,0,14,0,14,25,0,27,2,54,34,0,34,88
02/07/2022,RFD,IL,AGL,CE,Combined TRACON& Tower with Radar,41,0,14,0,55,0,0,16,1,17,41,0,30,1,72,20,0,20,92
02/08/2022,RFD,IL,AGL,CE,Combined TRACON& Tower with Radar,93,1,33,0,127,0,0,14,2,16,93,1,47,2,143,14,0,14,157
02/09/2022,RFD,IL,AGL,CE,Combined TRACON& Tower with Radar,87,4,12,0,103,0,0,9,0,9,87,4,21,0,112,4,0,4,116
02/10/2022,RFD,IL,AGL,CE,Combined TRACON& Tower with Radar,94,6,17,0,117,0,0,8,1,9,94,6,25,1,126,4,0,4,130
02/11/2022,RFD,IL,AGL,CE,Combined TRACON& Tower with Radar,66,5,1,0,72,0,0,3,0,3,66,5,4,0,75,8,0,8,83
02/12/2022,RFD,IL,AGL,CE,Combined TRACON& Tower with Radar,27,3,13,4,47,0,0,15,0,15,27,3,28,4,62,24,0,24,86
02/13/2022,RFD,IL,AGL,CE,Combined TRACON& Tower with Radar,30,0,10,2,42,0,0,12,2,14,30,0,22,4,56,26,0,26,82
02/14/2022,RFD,IL,AGL,CE,Combined TRACON& Tower with Radar,45,2,7,0,54,0,0,14,0,14,45,2,21,0,68,16,0,16,84
02/15/2022,RFD,IL,AGL,CE,Combined TRACON& Tower with Radar,86,6,24,0,116,0,0,28,0,28,86,6,52,0,144,0,0,0,144
02/16/2022,RFD,IL,AGL,CE,Combined TRACON& Tower with Radar,100,4,12,0,116,0,0,0,0,0,100,4,12,0,116,0,0,0,116
02/17/2022,RFD,IL,AGL,CE,Combined TRACON& Tower with Radar,101,3,8,0,112,0,0,2,0,2,101,3,10,0,114,0,0,0,114
02/18/2022,RFD,IL,AGL,CE,Combined TRACON& Tower with Radar,59,0,4,0,63,0,0,10,0,10,59,0,14,0,73,14,0,14,87
02/19/2022,RFD,IL,AGL,CE,Combined TRACON& Tower with Radar,35,2,10,0,47,0,0,27,0,27,35,2,37,0,74,54,0,54,128
02/20/2022,RFD,IL,AGL,CE,Combined TRACON& Tower with Radar,29,1,8,0,38,0,0,5,0,5,29,1,13,0,43,10,0,10,53
02/21/2022,RFD,IL,AGL,CE,Combined TRACON& Tower with Radar,43,2,8,1,54,0,0,0,1,1,43,2,8,2,55,0,0,0,55
02/22/2022,RFD,IL,AGL,CE,Combined TRACON& Tower with Radar,83,3,1,0,87,0,0,0,0,0,83,3,1,0,87,1,0,1,88
02/23/2022,RFD,IL,AGL,CE,Combined TRACON& Tower with Radar,101,5,31,2,139,0,0,18,0,18,101,5,49,2,157,10,0,10,167
02/24/2022,RFD,IL,AGL,CE,Combined TRACON& Tower with Radar,92,6,7,0,105,0,0,1,0,1,92,6,8,0,106,10,0,10,116
02/25/2022,RFD,IL,AGL,CE,Combined TRACON& Tower with Radar,66,14,12,0,92,0,1,13,0,14,66,15,25,0,106,0,0,0,106
02/26/2022,RFD,IL,AGL,CE,Combined TRACON& Tower with Radar,33,3,21,0,57,0,0,29,2,31,33,3,50,2,88,34,0,34,122
02/27/2022,RFD,IL,AGL,CE,Combined TRACON& Tower with Radar,24,3,30,0,57,0,8,28,0,36,24,11,58,0,93,34,0,34,127
02/28/2022,RFD,IL,AGL,CE,Combined TRACON& Tower with Radar,43,15,22,0,80,0,0,15,2,17,43,15,37,2,97,28,0,28,125
03/01/2022,RFD,IL,AGL,CE,Combined TRACON& Tower with Radar,95,6,24,6,131,0,0,28,6,34,95,6,52,12,165,34,0,34,199
03/02/2022,RFD,IL,AGL,CE,Combined TRACON& Tower with Radar,104,11,15,4,134,0,0,31,3,34,104,11,46,7,168,34,0,34,202
03/03/2022,RFD,IL,AGL,CE,Combined TRACON& Tower with Radar,95,4,24,1,124,0,0,36,2,38,95,4,60,3,162,22,0,22,184
03/04/2022,RFD,IL,AGL,CE,Combined TRACON& Tower with Radar,64,2,11,9,86,0,0,20,1,21,64,2,31,10,107,20,0,20,127
03/05/2022,RFD,IL,AGL,CE,Combined TRACON& Tower with Radar,32,2,13,0,47,0,0,17,0,17,32,2,30,0,64,0,0,0,64
03/06/2022,RFD,IL,AGL,CE,Combined TRACON& Tower with Radar,28,2,4,0,34,0,0,6,1,7,28,2,10,1,41,10,0,10,51
03/07/2022,RFD,IL,AGL,CE,Combined TRACON& Tower with Radar,40,1,4,0,45,0,0,0,1,1,40,1,4,1,46,0,0,0,46
03/08/2022,RFD,IL,AGL,CE,Combined TRACON& Tower with Radar,95,2,20,5,122,0,2,19,1,22,95,4,39,6,144,32,0,32,176
03/09/2022,RFD,IL,AGL,CE,Combined TRACON& Tower with Radar,97,6,31,1,135,0,0,39,1,40,97,6,70,2,175,10,0,10,185
03/10/2022,RFD,IL,AGL,CE,Combined TRACON& Tower with Radar,95,0,24,9,128,0,0,14,1,15,95,0,38,10,143,12,0,12,155
03/11/2022,RFD,IL,AGL,CE,Combined TRACON& Tower with Radar,63,0,21,7,91,0,0,23,1,24,63,0,44,8,115,38,10,48,163
03/12/2022,RFD,IL,AGL,CE,Combined TRACON& Tower with Radar,35,2,22,0,59,0,0,24,1,25,35,2,46,1,84,6,8,14,98
03/13/2022,RFD,IL,AGL,CE,Combined TRACON& Tower with Radar,26,3,36,0,65,0,0,35,1,36,26,3,71,1,101,10,0,10,111
03/14/2022,RFD,IL,AGL,CE,Combined TRACON& Tower with Radar,41,0,33,0,74,0,0,23,0,23,41,0,56,0,97,48,0,48,145
03/15/2022,RFD,IL,AGL,CE,Combined TRACON& Tower with Radar,90,1,14,0,105,0,1,29,0,30,90,2,43,0,135,18,0,18,153
03/16/2022,RFD,IL,AGL,CE,Combined TRACON& Tower with Radar,96,0,40,3,139,0,0,34,3,37,96,0,74,6,176,44,0,44,220
03/17/2022,RFD,IL,AGL,CE,Combined TRACON& Tower with Radar,93,8,44,1,146,0,0,37,3,40,93,8,81,4,186,40,0,40,226
03/18/2022,RFD,IL,AGL,CE,Combined TRACON& Tower with Radar,65,0,15,0,80,0,0,5,1,6,65,0,20,1,86,8,0,8,94
03/19/2022,RFD,IL,AGL,CE,Combined TRACON& Tower with Radar,38,0,2,3,43,0,0,1,2,3,38,0,3,5,46,48,0,48,94
03/20/2022,RFD,IL,AGL,CE,Combined TRACON& Tower with Radar,28,6,22,0,56,0,0,38,2,40,28,6,60,2,96,46,0,46,142
03/21/2022,RFD,IL,AGL,CE,Combined TRACON& Tower with Radar,48,7,19,4,78,0,3,18,0,21,48,10,37,4,99,4,12,16,115
03/22/2022,RFD,IL,AGL,CE,Combined TRACON& Tower with Radar,100,0,13,0,113,0,0,1,0,1,100,0,14,0,114,0,0,0,114
03/23/2022,RFD,IL,AGL,CE,Combined TRACON& Tower with Radar,96,1,12,0,109,0,0,0,0,0,96,1,12,0,109,0,0,0,109
03/24/2022,RFD,IL,AGL,CE,Combined TRACON& Tower with Radar,95,2,9,0,106,0,0,0,0,0,95,2,9,0,106,0,0,0,106
03/25/2022,RFD,IL,AGL,CE,Combined TRACON& Tower with Radar,65,6,9,0,80,0,0,10,0,10,65,6,19,0,90,14,0,14,104
03/26/2022,RFD,IL,AGL,CE,Combined TRACON& Tower with Radar,39,2,9,0,50,0,0,7,0,7,39,2,16,0,57,10,0,10,67
03/27/2022,RFD,IL,AGL,CE,Combined TRACON& Tower with Radar,24,2,21,0,47,0,8,27,0,35,24,10,48,0,82,6,0,6,88
03/28/2022,RFD,IL,AGL,CE,Combined TRACON& Tower with Radar,43,2,29,0,74,0,0,19,2,21,43,2,48,2,95,16,0,16,111
03/29/2022,RFD,IL,AGL,CE,Combined TRACON& Tower with Radar,89,3,11,0,103,0,0,8,0,8,89,3,19,0,111,8,0,8,119
03/30/2022,RFD,IL,AGL,CE,Combined TRACON& Tower with Radar,102,1,7,0,110,0,0,0,0,0,102,1,7,0,110,0,0,0,110
03/31/2022,RFD,IL,AGL,CE,Combined TRACON& Tower with Radar,83,1,2,0,86,0,0,1,0,1,83,1,3,0,87,0,0,0,87
04/01/2022,RFD,IL,AGL,CE,Combined TRACON& Tower with Radar,62,0,24,0,86,0,0,28,0,28,62,0,52,0,114,42,0,42,156
04/02/2022,RFD,IL,AGL,CE,Combined TRACON& Tower with Radar,32,2,0,0,34,0,0,0,0,0,32,2,0,0,34,0,0,0,34
04/03/2022,RFD,IL,AGL,CE,Combined TRACON& Tower with Radar,28,1,17,0,46,0,0,23,1,24,28,1,40,1,70,30,0,30,100
04/04/2022,RFD,IL,AGL,CE,Combined TRACON& Tower with Radar,45,6,8,0,59,0,0,11,2,13,45,6,19,2,72,8,0,8,80
04/05/2022,RFD,IL,AGL,CE,Combined TRACON& Tower with Radar,94,6,21,4,125,0,0,10,1,11,94,6,31,5,136,0,0,0,136
04/06/2022,RFD,IL,AGL,CE,Combined TRACON& Tower with Radar,96,7,13,0,116,0,1,2,1,4,96,8,15,1,120,0,0,0,120
04/07/2022,RFD,IL,AGL,CE,Combined TRACON& Tower with Radar,89,4,12,0,105,0,0,0,0,0,89,4,12,0,105,0,0,0,105
04/08/2022,RFD,IL,AGL,CE,Combined TRACON& Tower with Radar,59,7,7,0,73,0,0,0,0,0,59,7,7,0,73,0,0,0,73
04/09/2022,RFD,IL,AGL,CE,Combined TRACON& Tower with Radar,31,0,16,0,47,0,0,34,1,35,31,0,50,1,82,20,0,20,102
04/10/2022,RFD,IL,AGL,CE,Combined TRACON& Tower with Radar,26,1,11,0,38,0,0,16,0,16,26,1,27,0,54,0,0,0,54
04/11/2022,RFD,IL,AGL,CE,Combined TRACON& Tower with Radar,47,13,19,0,79,0,6,28,0,34,47,19,47,0,113,12,0,12,125
04/12/2022,RFD,IL,AGL,CE,Combined TRACON& Tower with Radar,91,2,13,0,106,0,0,17,0,17,91,2,30,0,123,24,0,24,147
04/13/2022,RFD,IL,AGL,CE,Combined TRACON& Tower with Radar,97,4,2,0,103,0,0,2,0,2,97,4,4,0,105,0,0,0,105
04/14/2022,RFD,IL,AGL,CE,Combined TRACON& Tower with Radar,94,3,15,0,112,0,0,5,1,6,94,3,20,1,118,0,0,0,118
04/15/2022,RFD,IL,AGL,CE,Combined TRACON& Tower with Radar,67,3,17,0,87,0,0,23,0,23,67,3,40,0,110,10,0,10,120
04/16/2022,RFD,IL,AGL,CE,Combined TRACON& Tower with Radar,36,1,8,0,45,0,1,26,0,27,36,2,34,0,72,36,0,36,108
04/17/2022,RFD,IL,AGL,CE,Combined TRACON& Tower with Radar,29,1,13,0,43,0,2,20,0,22,29,3,33,0,65,18,0,18,83
04/18/2022,RFD,IL,AGL,CE,Combined TRACON& Tower with Radar,46,3,4,0,53,1,0,0,0,1,47,3,4,0,54,0,0,0,54
04/19/2022,RFD,IL,AGL,CE,Combined TRACON& Tower with Radar,92,2,47,2,143,0,0,35,0,35,92,2,82,2,178,48,0,48,226
04/20/2022,RFD,IL,AGL,CE,Combined TRACON& Tower with Radar,91,5,14,0,110,0,0,5,0,5,91,5,19,0,115,2,0,2,117
04/21/2022,RFD,IL,AGL,CE,Combined TRACON& Tower with Radar,93,1,28,0,122,0,0,30,0,30,93,1,58,0,152,14,0,14,166
04/22/2022,RFD,IL,AGL,CE,Combined TRACON& Tower with Radar,63,9,6,0,78,0,2,5,0,7,63,11,11,0,85,0,0,0,85
04/23/2022,RFD,IL,AGL,CE,Combined TRACON& Tower with Radar,27,0,10,0,37,0,0,9,1,10,27,0,19,1,47,0,0,0,47
04/24/2022,RFD,IL,AGL,CE,Combined TRACON& Tower with Radar,28,2,11,0,41,0,0,3,1,4,28,2,14,1,45,2,0,2,47
04/25/2022,RFD,IL,AGL,CE,Combined TRACON& Tower with Radar,46,1,16,0,63,0,0,6,1,7,46,1,22,1,70,8,0,8,78
04/26/2022,RFD,IL,AGL,CE,Combined TRACON& Tower with Radar,92,2,12,0,106,0,0,19,2,21,92,2,31,2,127,4,0,4,131
04/27/2022,RFD,IL,AGL,CE,Combined TRACON& Tower with Radar,92,0,28,0,120,0,0,37,0,37,92,0,65,0,157,46,0,46,203
04/28/2022,RFD,IL,AGL,CE,Combined TRACON& Tower with Radar,93,0,19,0,112,0,0,14,0,14,93,0,33,0,126,22,0,22,148
04/29/2022,RFD,IL,AGL,CE,Combined TRACON& Tower with Radar,63,7,26,0,96,0,0,31,0,31,63,7,57,0,127,36,0,36,163
04/30/2022,RFD,IL,AGL,CE,Combined TRACON& Tower with Radar,37,3,15,0,55,1,0,1,1,3,38,3,16,1,58,2,0,2,60
05/01/2022,RFD,IL,AGL,CE,Combined TRACON& Tower with Radar,25,0,23,3,51,0,0,2,0,2,25,0,25,3,53,0,0,0,53
05/02/2022,RFD,IL,AGL,CE,Combined TRACON& Tower with Radar,47,0,22,0,69,0,1,11,1,13,47,1,33,1,82,28,0,28,110
05/03/2022,RFD,IL,AGL,CE,Combined TRACON& Tower with Radar,89,0,7,0,96,0,0,2,0,2,89,0,9,0,98,0,0,0,98
05/04/2022,RFD,IL,AGL,CE,Combined TRACON& Tower with Radar,89,3,49,2,143,0,0,61,1,62,89,3,110,3,205,73,0,73,278
05/05/2022,RFD,IL,AGL,CE,Combined TRACON& Tower with Radar,94,0,11,0,105,0,0,7,0,7,94,0,18,0,112,0,0,0,112
05/06/2022,RFD,IL,AGL,CE,Combined TRACON& Tower with Radar,67,4,11,1,83,0,0,2,0,2,67,4,13,1,85,4,0,4,89
05/07/2022,RFD,IL,AGL,CE,Combined TRACON& Tower with Radar,27,0,36,0,63,0,6,48,1,55,27,6,84,1,118,18,0,18,136
05/08/2022,RFD,IL,AGL,CE,Combined TRACON& Tower with Radar,24,0,13,0,37,0,0,12,3,15,24,0,25,3,52,12,0,12,64
05/09/2022,RFD,IL,AGL,CE,Combined TRACON& Tower with Radar,41,2,6,0,49,0,0,8,0,8,41,2,14,0,57,0,0,0,57
05/10/2022,RFD,IL,AGL,CE,Combined TRACON& Tower with Radar,89,8,11,2,110,0,0,26,2,28,89,8,37,4,138,42,0,42,180
05/11/2022,RFD,IL,AGL,CE,Combined TRACON& Tower with Radar,90,2,12,1,105,0,0,17,3,20,90,2,29,4,125,26,0,26,151
05/12/2022,RFD,IL,AGL,CE,Combined TRACON& Tower with Radar,97,0,15,2,114,0,0,30,2,32,97,0,45,4,146,34,0,34,180
05/13/2022,RFD,IL,AGL,CE,Combined TRACON& Tower with Radar,63,0,25,0,88,0,0,38,1,39,63,0,63,1,127,30,0,30,157
05/14/2022,RFD,IL,AGL,CE,Combined TRACON& Tower with Radar,29,1,20,0,50,0,0,31,1,32,29,1,51,1,82,66,0,66,148
05/15/2022,RFD,IL,AGL,CE,Combined TRACON& Tower with Radar,22,0,18,0,40,0,0,7,0,7,22,0,25,0,47,0,0,0,47
05/16/2022,RFD,IL,AGL,CE,Combined TRACON& Tower with Radar,45,3,11,3,62,0,0,21,1,22,45,3,32,4,84,18,0,18,102
05/17/2022,RFD,IL,AGL,CE,Combined TRACON& Tower with Radar,90,5,18,3,116,0,1,21,1,23,90,6,39,4,139,14,0,14,153
05/18/2022,RFD,IL,AGL,CE,Combined TRACON& Tower with Radar,91,2,24,2,119,0,0,0,0,0,91,2,24,2,119,0,0,0,119
05/19/2022,RFD,IL,AGL,CE,Combined TRACON& Tower with Radar,92,2,32,4,130,0,0,45,5,50,92,2,77,9,180,56,0,56,236
05/20/2022,RFD,IL,AGL,CE,Combined TRACON& Tower with Radar,64,6,17,0,87,0,0,6,1,7,64,6,23,1,94,10,0,10,104
05/21/2022,RFD,IL,AGL,CE,Combined TRACON& Tower with Radar,28,2,11,0,41,0,0,9,2,11,28,2,20,2,52,0,0,0,52
05/22/2022,RFD,IL,AGL,CE,Combined TRACON& Tower with Radar,26,1,14,1,42,0,0,29,2,31,26,1,43,3,73,0,0,0,73
05/23/2022,RFD,IL,AGL,CE,Combined TRACON& Tower with Radar,49,4,22,2,77,0,0,25,0,25,49,4,47,2,102,24,0,24,126
05/24/2022,RFD,IL,AGL,CE,Combined TRACON& Tower with Radar,88,0,27,7,122,0,0,26,0,26,88,0,53,7,148,0,8,8,156
05/25/2022,RFD,IL,AGL,CE,Combined TRACON& Tower with Radar,89,9,5,0,103,0,0,0,0,0,89,9,5,0,103,0,0,0,103
05/26/2022,RFD,IL,AGL,CE,Combined TRACON& Tower with Radar,91,4,15,0,110,0,0,14,0,14,91,4,29,0,124,22,0,22,146
05/27/2022,RFD,IL,AGL,CE,Combined TRACON& Tower with Radar,57,0,29,0,86,0,0,3,0,3,57,0,32,0,89,2,0,2,91
05/28/2022,RFD,IL,AGL,CE,Combined TRACON& Tower with Radar,26,0,16,0,42,0,0,27,0,27,26,0,43,0,69,44,0,44,113
05/29/2022,RFD,IL,AGL,CE,Combined TRACON& Tower with Radar,23,0,11,0,34,0,0,7,0,7,23,0,18,0,41,26,0,26,67
05/30/2022,RFD,IL,AGL,CE,Combined TRACON& Tower with Radar,34,10,11,0,55,0,0,8,0,8,34,10,19,0,63,0,0,0,63
05/31/2022,RFD,IL,AGL,CE,Combined TRACON& Tower with Radar,46,0,22,0,68,0,0,6,0,6,46,0,28,0,74,8,0,8,82
06/01/2022,RFD,IL,AGL,CE,Combined TRACON& Tower with Radar,86,0,24,0,110,0,0,33,0,33,86,0,57,0,143,46,0,46,189
06/02/2022,RFD,IL,AGL,CE,Combined TRACON& Tower with Radar,107,2,28,5,142,0,0,52,2,54,107,2,80,7,196,86,0,86,282
06/03/2022,RFD,IL,AGL,CE,Combined TRACON& Tower with Radar,67,2,28,4,101,0,2,44,3,49,67,4,72,7,150,34,0,34,184
06/04/2022,RFD,IL,AGL,CE,Combined TRACON& Tower with Radar,30,1,24,0,55,0,0,21,1,22,30,1,45,1,77,6,0,6,83
06/05/2022,RFD,IL,AGL,CE,Combined TRACON& Tower with Radar,23,2,42,0,67,0,0,25,1,26,23,2,67,1,93,24,0,24,117
06/06/2022,RFD,IL,AGL,CE,Combined TRACON& Tower with Radar,51,0,8,0,59,0,0,12,0,12,51,0,20,0,71,6,0,6,77
06/07/2022,RFD,IL,AGL,CE,Combined TRACON& Tower with Radar,98,9,28,11,146,0,0,29,0,29,98,9,57,11,175,24,12,36,211
06/08/2022,RFD,IL,AGL,CE,Combined TRACON& Tower with Radar,91,6,15,0,112,0,0,5,0,5,91,6,20,0,117,4,0,4,121
06/09/2022,RFD,IL,AGL,CE,Combined TRACON& Tower with Radar,93,7,39,0,139,0,1,41,0,42,93,8,80,0,181,8,0,8,189
06/10/2022,RFD,IL,AGL,CE,Combined TRACON& Tower with Radar,68,6,22,0,96,0,0,29,0,29,68,6,51,0,125,24,0,24,149
06/11/2022,RFD,IL,AGL,CE,Combined TRACON& Tower with Radar,28,1,24,0,53,0,0,23,0,23,28,1,47,0,76,2,0,2,78
06/12/2022,RFD,IL,AGL,CE,Combined TRACON& Tower with Radar,25,5,23,0,53,0,0,30,0,30,25,5,53,0,83,20,0,20,103
06/13/2022,RFD,IL,AGL,CE,Combined TRACON& Tower with Radar,74,8,17,0,99,0,0,5,0,5,74,8,22,0,104,0,0,0,104
06/14/2022,RFD,IL,AGL,CE,Combined TRACON& Tower with Radar,100,3,13,0,116,0,0,27,0,27,100,3,40,0,143,14,0,14,157
06/15/2022,RFD,IL,AGL,CE,Combined TRACON& Tower with Radar,79,1,21,1,102,0,0,14,0,14,79,1,35,1,116,10,0,10,126
06/16/2022,RFD,IL,AGL,CE,Combined TRACON& Tower with Radar,92,2,12,0,106,0,0,27,0,27,92,2,39,0,133,18,0,18,151
06/17/2022,RFD,IL,AGL,CE,Combined TRACON& Tower with Radar,68,7,27,6,108,0,0,41,0,41,68,7,68,6,149,38,0,38,187
06/18/2022,RFD,IL,AGL,CE,Combined TRACON& Tower with Radar,29,0,29,0,58,0,2,39,2,43,29,2,68,2,101,80,0,80,181
06/19/2022,RFD,IL,AGL,CE,Combined TRACON& Tower with Radar,22,2,10,0,34,0,0,25,1,26,22,2,35,1,60,32,0,32,92
06/20/2022,RFD,IL,AGL,CE,Combined TRACON& Tower with Radar,50,1,21,0,72,0,0,35,0,35,50,1,56,0,107,0,0,0,107
06/21/2022,RFD,IL,AGL,CE,Combined TRACON& Tower with Radar,88,2,13,0,103,0,0,10,0,10,88,2,23,0,113,6,0,6,119
06/22/2022,RFD,IL,AGL,CE,Combined TRACON& Tower with Radar,86,2,33,0,121,0,0,68,0,68,86,2,101,0,189,76,0,76,265
06/23/2022,RFD,IL,AGL,CE,Combined TRACON& Tower with Radar,93,8,21,0,122,0,0,48,0,48,93,8,69,0,170,46,0,46,216
06/24/2022,RFD,IL,AGL,CE,Combined TRACON& Tower with Radar,61,6,20,0,87,0,0,42,0,42,61,6,62,0,129,66,0,66,195
06/25/2022,RFD,IL,AGL,CE,Combined TRACON& Tower with Radar,28,1,6,0,35,0,0,2,0,2,28,1,8,0,37,0,0,0,37
06/26/2022,RFD,IL,AGL,CE,Combined TRACON& Tower with Radar,20,1,24,1,46,0,0,22,1,23,20,1,46,2,69,18,0,18,87
06/27/2022,RFD,IL,AGL,CE,Combined TRACON& Tower with Radar,48,5,30,0,83,0,0,39,0,39,48,5,69,0,122,10,0,10,132
06/28/2022,RFD,IL,AGL,CE,Combined TRACON& Tower with Radar,89,5,25,0,119,0,0,29,0,29,89,5,54,0,148,42,0,42,190
06/29/2022,RFD,IL,AGL,CE,Combined TRACON& Tower with Radar,89,5,32,2,128,0,2,45,1,48,89,7,77,3,176,48,0,48,224
06/30/2022,RFD,IL,AGL,CE,Combined TRACON& Tower with Radar,87,7,21,4,119,0,0,23,1,24,87,7,44,5,143,4,0,4,147
07/01/2022,RFD,IL,AGL,CE,Combined TRACON& Tower with Radar,61,2,25,1,89,0,0,25,1,26,61,2,50,2,115,48,0,48,163
07/02/2022,RFD,IL,AGL,CE,Combined TRACON& Tower with Radar,27,2,16,1,46,0,4,26,0,30,27,6,42,1,76,42,0,42,118
07/03/2022,RFD,IL,AGL,CE,Combined TRACON& Tower with Radar,24,0,19,0,43,0,0,37,1,38,24,0,56,1,81,34,0,34,115
07/04/2022,RFD,IL,AGL,CE,Combined TRACON& Tower with Radar,16,0,13,0,29,0,0,13,0,13,16,0,26,0,42,0,0,0,42
07/05/2022,RFD,IL,AGL,CE,Combined TRACON& Tower with Radar,23,0,15,2,40,0,0,4,1,5,23,0,19,3,45,8,0,8,53
07/06/2022,RFD,IL,AGL,CE,Combined TRACON& Tower with Radar,96,2,15,0,113,0,0,19,1,20,96,2,34,1,133,56,0,56,189
07/07/2022,RFD,IL,AGL,CE,Combined TRACON& Tower with Radar,86,2,24,0,112,0,0,14,0,14,86,2,38,0,126,14,0,14,140
07/08/2022,RFD,IL,AGL,CE,Combined TRACON& Tower with Radar,66,4,8,2,80,0,0,4,0,4,66,4,12,2,84,0,0,0,84
07/09/2022,RFD,IL,AGL,CE,Combined TRACON& Tower with Radar,25,4,15,0,44,0,0,26,0,26,25,4,41,0,70,26,0,26,96
07/10/2022,RFD,IL,AGL,CE,Combined TRACON& Tower with Radar,24,6,26,0,56,0,0,26,1,27,24,6,52,1,83,28,0,28,111
07/11/2022,RFD,IL,AGL,CE,Combined TRACON& Tower with Radar,45,12,16,0,73,0,1,17,0,18,45,13,33,0,91,18,0,18,109
07/12/2022,RFD,IL,AGL,CE,Combined TRACON& Tower with Radar,82,0,27,4,113,0,2,35,0,37,82,2,62,4,150,0,0,0,150
07/13/2022,RFD,IL,AGL,CE,Combined TRACON& Tower with Radar,95,1,18,0,114,0,0,34,0,34,95,1,52,0,148,32,0,32,180
07/14/2022,RFD,IL,AGL,CE,Combined TRACON& Tower with Radar,88,3,22,2,115,0,2,35,2,39,88,5,57,4,154,52,0,52,206
07/15/2022,RFD,IL,AGL,CE,Combined TRACON& Tower with Radar,61,2,9,0,72,0,0,3,1,4,61,2,12,1,76,4,0,4,80
07/16/2022,RFD,IL,AGL,CE,Combined TRACON& Tower with Radar,27,3,36,0,66,0,0,5,0,5,27,3,41,0,71,16,0,16,87
07/17/2022,RFD,IL,AGL,CE,Combined TRACON& Tower with Radar,27,2,16,0,45,0,0,22,1,23,27,2,38,1,68,48,0,48,116
07/18/2022,RFD,IL,AGL,CE,Combined TRACON& Tower with Radar,39,0,21,0,60,0,0,49,1,50,39,0,70,1,110,24,0,24,134
07/19/2022,RFD,IL,AGL,CE,Combined TRACON& Tower with Radar,90,2,28,0,120,0,0,41,2,43,90,2,69,2,163,22,0,22,185
07/20/2022,RFD,IL,AGL,CE,Combined TRACON& Tower with Radar,90,4,26,2,122,0,0,22,1,23,90,4,48,3,145,42,0,42,187
07/21/2022,RFD,IL,AGL,CE,Combined TRACON& Tower with Radar,88,7,22,0,117,3,2,15,1,21,91,9,37,1,138,32,0,32,170
07/22/2022,RFD,IL,AGL,CE,Combined TRACON& Tower with Radar,57,1,23,0,81,0,0,45,0,45,57,1,68,0,126,44,0,44,170
07/23/2022,RFD,IL,AGL,CE,Combined TRACON& Tower with Radar,29,4,5,0,38,0,0,21,0,21,29,4,26,0,59,8,0,8,67
07/24/2022,RFD,IL,AGL,CE,Combined TRACON& Tower with Radar,23,1,13,0,37,0,0,21,0,21,23,1,34,0,58,0,0,0,58
07/25/2022,RFD,IL,AGL,CE,Combined TRACON& Tower with Radar,42,4,21,1,68,0,0,33,1,34,42,4,54,2,102,30,0,30,132
07/26/2022,RFD,IL,AGL,CE,Combined TRACON& Tower with Radar,87,5,21,0,113,0,0,23,0,23,87,5,44,0,136,2,0,2,138
07/27/2022,RFD,IL,AGL,CE,Combined TRACON& Tower with Radar,96,6,23,0,125,0,0,19,1,20,96,6,42,1,145,6,0,6,151
07/28/2022,RFD,IL,AGL,CE,Combined TRACON& Tower with Radar,93,5,18,0,116,0,0,23,0,23,93,5,41,0,139,8,0,8,147
07/29/2022,RFD,IL,AGL,CE,Combined TRACON& Tower with Radar,64,1,17,0,82,0,0,13,0,13,64,1,30,0,95,12,0,12,107
07/30/2022,RFD,IL,AGL,CE,Combined TRACON& Tower with Radar,25,2,16,0,43,0,0,20,0,20,25,2,36,0,63,0,0,0,63
07/31/2022,RFD,IL,AGL,CE,Combined TRACON& Tower with Radar,18,1,18,0,37,0,0,21,3,24,18,1,39,3,61,30,0,30,91
08/01/2022,RFD,IL,AGL,CE,Combined TRACON& Tower with Radar,40,1,11,0,52,0,0,18,0,18,40,1,29,0,70,14,0,14,84
08/02/2022,RFD,IL,AGL,CE,Combined TRACON& Tower with Radar,88,4,15,0,107,0,0,24,0,24,88,4,39,0,131,44,0,44,175
08/03/2022,RFD,IL,AGL,CE,Combined TRACON& Tower with Radar,82,8,5,0,95,0,0,11,0,11,82,8,16,0,106,34,0,34,140
08/04/2022,RFD,IL,AGL,CE,Combined TRACON& Tower with Radar,87,3,19,2,111,0,0,20,2,22,87,3,39,4,133,18,0,18,151
08/05/2022,RFD,IL,AGL,CE,Combined TRACON& Tower with Radar,63,7,19,5,94,0,0,22,0,22,63,7,41,5,116,16,8,24,140
08/06/2022,RFD,IL,AGL,CE,Combined TRACON& Tower with Radar,26,1,16,2,45,0,0,26,0,26,26,1,42,2,71,2,0,2,73
08/07/2022,RFD,IL,AGL,CE,Combined TRACON& Tower with Radar,25,5,6,0,36,0,0,0,0,0,25,5,6,0,36,0,0,0,36
08/08/2022,RFD,IL,AGL,CE,Combined TRACON& Tower with Radar,44,8,20,0,72,0,0,2,0,2,44,8,22,0,74,8,0,8,82
08/09/2022,RFD,IL,AGL,CE,Combined TRACON& Tower with Radar,88,3,12,0,103,0,0,37,3,40,88,3,49,3,143,16,0,16,159
08/10/2022,RFD,IL,AGL,CE,Combined TRACON& Tower with Radar,83,4,15,0,102,0,0,37,0,37,83,4,52,0,139,12,0,12,151
08/11/2022,RFD,IL,AGL,CE,Combined TRACON& Tower with Radar,90,1,29,0,120,0,2,35,0,37,90,3,64,0,157,60,0,60,217
08/12/2022,RFD,IL,AGL,CE,Combined TRACON& Tower with Radar,63,7,15,0,85,0,1,24,0,25,63,8,39,0,110,14,0,14,124
08/13/2022,RFD,IL,AGL,CE,Combined TRACON& Tower with Radar,22,0,15,2,39,0,0,18,1,19,22,0,33,3,58,32,0,32,90
08/14/2022,RFD,IL,AGL,CE,Combined TRACON& Tower with Radar,26,0,13,6,45,0,0,5,0,5,26,0,18,6,50,82,0,82,132
08/15/2022,RFD,IL,AGL,CE,Combined TRACON& Tower with Radar,39,3,17,0,59,0,0,22,0,22,39,3,39,0,81,60,0,60,141
08/16/2022,RFD,IL,AGL,CE,Combined TRACON& Tower with Radar,91,9,37,0,137,0,0,53,0,53,91,9,90,0,190,52,0,52,242
08/17/2022,RFD,IL,AGL,CE,Combined TRACON& Tower with Radar,77,8,27,0,112,0,0,45,0,45,77,8,72,0,157,98,0,98,255
08/18/2022,RFD,IL,AGL,CE,Combined TRACON& Tower with Radar,92,2,27,0,121,0,0,33,0,33,92,2,60,0,154,40,0,40,194
08/19/2022,RFD,IL,AGL,CE,Combined TRACON& Tower with Radar,56,3,24,0,83,0,3,19,0,22,56,6,43,0,105,40,0,40,145
08/20/2022,RFD,IL,AGL,CE,Combined TRACON& Tower with Radar,29,0,3,0,32,0,0,8,0,8,29,0,11,0,40,36,0,36,76
08/21/2022,RFD,IL,AGL,CE,Combined TRACON& Tower with Radar,22,2,19,0,43,0,0,6,0,6,22,2,25,0,49,0,0,0,49
08/22/2022,RFD,IL,AGL,CE,Combined TRACON& Tower with Radar,43,8,19,0,70,0,0,25,1,26,43,8,44,1,96,38,0,38,134
08/23/2022,RFD,IL,AGL,CE,Combined TRACON& Tower with Radar,89,2,11,0,102,0,0,33,1,34,89,2,44,1,136,14,0,14,150
08/24/2022,RFD,IL,AGL,CE,Combined TRACON& Tower with Radar,86,0,20,1,107,0,0,26,0,26,86,0,46,1,133,20,0,20,153
08/25/2022,RFD,IL,AGL,CE,Combined TRACON& Tower with Radar,86,2,35,0,123,0,0,10,0,10,86,2,45,0,133,0,0,0,133
08/26/2022,RFD,IL,AGL,CE,Combined TRACON& Tower with Radar,61,6,32,1,100,0,0,21,2,23,61,6,53,3,123,38,0,38,161
08/27/2022,RFD,IL,AGL,CE,Combined TRACON& Tower with Radar,25,5,30,0,60,0,0,40,0,40,25,5,70,0,100,80,0,80,180
08/28/2022,RFD,IL,AGL,CE,Combined TRACON& Tower with Radar,24,3,19,0,46,0,0,10,1,11,24,3,29,1,57,10,0,10,67
08/29/2022,RFD,IL,AGL,CE,Combined TRACON& Tower with Radar,55,2,12,0,69,0,0,7,1,8,55,2,19,1,77,0,0,0,77
08/30/2022,RFD,IL,AGL,CE,Combined TRACON& Tower with Radar,82,22,30,0,134,0,1,31,1,33,82,23,61,1,167,0,0,0,167
08/31/2022,RFD,IL,AGL,CE,Combined TRACON& Tower with Radar,84,9,25,0,118,0,0,35,1,36,84,9,60,1,154,44,0,44,198
09/01/2022,RFD,IL,AGL,CE,Combined TRACON& Tower with Radar,86,11,28,0,125,0,2,33,0,35,86,13,61,0,160,60,0,60,220
09/02/2022,RFD,IL,AGL,CE,Combined TRACON& Tower with Radar,57,4,28,0,89,0,0,28,0,28,57,4,56,0,117,18,0,18,135
09/03/2022,RFD,IL,AGL,CE,Combined TRACON& Tower with Radar,26,2,3,0,31,0,0,5,0,5,26,2,8,0,36,0,0,0,36
09/04/2022,RFD,IL,AGL,CE,Combined TRACON& Tower with Radar,21,1,13,0,35,0,0,2,0,2,21,1,15,0,37,0,0,0,37
09/05/2022,RFD,IL,AGL,CE,Combined TRACON& Tower with Radar,30,2,39,1,72,0,0,5,0,5,30,2,44,1,77,22,0,22,99
09/06/2022,RFD,IL,AGL,CE,Combined TRACON& Tower with Radar,33,4,33,0,70,0,0,14,0,14,33,4,47,0,84,34,0,34,118
09/07/2022,RFD,IL,AGL,CE,Combined TRACON& Tower with Radar,86,9,26,1,122,0,0,30,0,30,86,9,56,1,152,30,0,30,182
09/08/2022,RFD,IL,AGL,CE,Combined TRACON& Tower with Radar,89,7,17,1,114,0,0,39,0,39,89,7,56,1,153,30,0,30,183
09/09/2022,RFD,IL,AGL,CE,Combined TRACON& Tower with Radar,64,8,38,0,110,0,0,38,1,39,64,8,76,1,149,26,0,26,175
09/10/2022,RFD,IL,AGL,CE,Combined TRACON& Tower with Radar,28,1,15,0,44,0,2,38,0,40,28,3,53,0,84,2,0,2,86
09/11/2022,RFD,IL,AGL,CE,Combined TRACON& Tower with Radar,26,1,8,0,35,0,0,0,1,1,26,1,8,1,36,0,0,0,36
09/12/2022,RFD,IL,AGL,CE,Combined TRACON& Tower with Radar,38,3,18,0,59,0,0,0,0,0,38,3,18,0,59,0,0,0,59
09/13/2022,RFD,IL,AGL,CE,Combined TRACON& Tower with Radar,84,4,28,0,116,0,2,34,1,37,84,6,62,1,153,14,0,14,167
09/14/2022,RFD,IL,AGL,CE,Combined TRACON& Tower with Radar,85,16,37,2,140,0,0,31,0,31,85,16,68,2,171,28,0,28,199
09/15/2022,RFD,IL,AGL,CE,Combined TRACON& Tower with Radar,86,4,18,1,109,0,2,33,3,38,86,6,51,4,147,34,0,34,181
09/16/2022,RFD,IL,AGL,CE,Combined TRACON& Tower with Radar,63,3,31,0,97,0,0,63,1,64,63,3,94,1,161,62,0,62,223
09/17/2022,RFD,IL,AGL,CE,Combined TRACON& Tower with Radar,26,1,12,0,39,0,1,30,1,32,26,2,42,1,71,92,0,92,163
09/18/2022,RFD,IL,AGL,CE,Combined TRACON& Tower with Radar,20,4,21,0,45,0,0,35,1,36,20,4,56,1,81,86,0,86,167
09/19/2022,RFD,IL,AGL,CE,Combined TRACON& Tower with Radar,42,1,25,0,68,0,0,36,0,36,42,1,61,0,104,66,0,66,170
09/20/2022,RFD,IL,AGL,CE,Combined TRACON& Tower with Radar,107,0,31,0,138,0,0,13,0,13,107,0,44,0,151,0,0,0,151
09/21/2022,RFD,IL,AGL,CE,Combined TRACON& Tower with Radar,82,4,19,0,105,0,0,29,1,30,82,4,48,1,135,18,0,18,153
09/22/2022,RFD,IL,AGL,CE,Combined TRACON& Tower with Radar,83,4,21,0,108,0,0,38,1,39,83,4,59,1,147,32,0,32,179
09/23/2022,RFD,IL,AGL,CE,Combined TRACON& Tower with Radar,60,3,24,0,87,0,1,29,2,32,60,4,53,2,119,14,0,14,133
09/24/2022,RFD,IL,AGL,CE,Combined TRACON& Tower with Radar,27,1,30,0,58,0,0,5,0,5,27,1,35,0,63,0,0,0,63
09/25/2022,RFD,IL,AGL,CE,Combined TRACON& Tower with Radar,25,1,11,0,37,0,0,6,1,7,25,1,17,1,44,6,0,6,50
09/26/2022,RFD,IL,AGL,CE,Combined TRACON& Tower with Radar,41,7,23,0,71,0,0,26,1,27,41,7,49,1,98,18,0,18,116
09/27/2022,RFD,IL,AGL,CE,Combined TRACON& Tower with Radar,79,0,16,0,95,0,0,14,0,14,79,0,30,0,109,14,0,14,123
09/28/2022,RFD,IL,AGL,CE,Combined TRACON& Tower with Radar,84,8,31,0,123,0,0,41,1,42,84,8,72,1,165,36,0,36,201
09/29/2022,RFD,IL,AGL,CE,Combined TRACON& Tower with Radar,78,2,35,2,117,0,0,26,0,26,78,2,61,2,143,12,2,14,157
09/30/2022,RFD,IL,AGL,CE,Combined TRACON& Tower with Radar,64,2,26,0,92,0,0,47,1,48,64,2,73,1,140,6,0,6,146
10/01/2022,RFD,IL,AGL,CE,Combined TRACON& Tower with Radar,28,0,14,0,42,0,0,25,1,26,28,0,39,1,68,66,0,66,134
10/02/2022,RFD,IL,AGL,CE,Combined TRACON& Tower with Radar,21,2,20,0,43,0,0,12,2,14,21,2,32,2,57,14,0,14,71
10/03/2022,RFD,IL,AGL,CE,Combined TRACON& Tower with Radar,44,2,17,0,63,0,0,23,1,24,44,2,40,1,87,42,0,42,129
10/04/2022,RFD,IL,AGL,CE,Combined TRACON& Tower with Radar,77,3,26,0,106,0,0,28,1,29,77,3,54,1,135,30,0,30,165
10/05/2022,RFD,IL,AGL,CE,Combined TRACON& Tower with Radar,90,4,17,0,111,0,0,45,4,49,90,4,62,4,160,52,0,52,212
10/06/2022,RFD,IL,AGL,CE,Combined TRACON& Tower with Radar,85,9,26,0,120,0,0,13,0,13,85,9,39,0,133,0,0,0,133
10/07/2022,RFD,IL,AGL,CE,Combined TRACON& Tower with Radar,62,4,24,0,90,0,0,31,0,31,62,4,55,0,121,64,0,64,185
10/08/2022,RFD,IL,AGL,CE,Combined TRACON& Tower with Radar,28,4,19,0,51,0,0,20,1,21,28,4,39,1,72,18,0,18,90
10/09/2022,RFD,IL,AGL,CE,Combined TRACON& Tower with Radar,23,0,33,0,56,0,0,33,0,33,23,0,66,0,89,16,0,16,105
10/10/2022,RFD,IL,AGL,CE,Combined TRACON& Tower with Radar,38,2,18,0,58,0,0,16,0,16,38,2,34,0,74,16,0,16,90
10/11/2022,RFD,IL,AGL,CE,Combined TRACON& Tower with Radar,82,3,10,0,95,0,0,5,0,5,82,3,15,0,100,4,0,4,104
10/12/2022,RFD,IL,AGL,CE,Combined TRACON& Tower with Radar,88,7,14,0,109,0,0,12,1,13,88,7,26,1,122,12,0,12,134
10/13/2022,RFD,IL,AGL,CE,Combined TRACON& Tower with Radar,91,3,15,4,113,0,0,14,2,16,91,3,29,6,129,0,0,0,129
10/14/2022,RFD,IL,AGL,CE,Combined TRACON& Tower with Radar,55,3,19,0,77,0,0,16,3,19,55,3,35,3,96,30,0,30,126
10/15/2022,RFD,IL,AGL,CE,Combined TRACON& Tower with Radar,32,0,19,0,51,0,0,26,1,27,32,0,45,1,78,32,0,32,110
10/16/2022,RFD,IL,AGL,CE,Combined TRACON& Tower with Radar,24,4,17,2,47,0,0,14,2,16,24,4,31,4,63,40,0,40,103
10/17/2022,RFD,IL,AGL,CE,Combined TRACON& Tower with Radar,40,3,11,0,54,0,0,4,1,5,40,3,15,1,59,0,0,0,59
10/18/2022,RFD,IL,AGL,CE,Combined TRACON& Tower with Radar,86,1,6,0,93,0,0,7,0,7,86,1,13,0,100,6,0,6,106
10/19/2022,RFD,IL,AGL,CE,Combined TRACON& Tower with Radar,90,3,23,0,116,0,2,33,0,35,90,5,56,0,151,20,0,20,171
10/20/2022,RFD,IL,AGL,CE,Combined TRACON& Tower with Radar,88,10,32,0,130,0,0,55,4,59,88,10,87,4,189,74,0,74,263
10/21/2022,RFD,IL,AGL,CE,Combined TRACON& Tower with Radar,59,11,19,0,89,0,0,40,0,40,59,11,59,0,129,22,0,22,151
10/22/2022,RFD,IL,AGL,CE,Combined TRACON& Tower with Radar,31,2,25,0,58,0,0,13,0,13,31,2,38,0,71,6,0,6,77
10/23/2022,RFD,IL,AGL,CE,Combined TRACON& Tower with Radar,23,0,10,0,33,0,2,12,0,14,23,2,22,0,47,16,0,16,63
10/24/2022,RFD,IL,AGL,CE,Combined TRACON& Tower with Radar,43,2,11,0,56,0,0,5,0,5,43,2,16,0,61,0,0,0,61
10/25/2022,RFD,IL,AGL,CE,Combined TRACON& Tower with Radar,81,4,18,0,103,0,0,0,0,0,81,4,18,0,103,0,0,0,103
10/26/2022,RFD,IL,AGL,CE,Combined TRACON& Tower with Radar,85,1,23,0,109,0,0,24,0,24,85,1,47,0,133,30,0,30,163
10/27/2022,RFD,IL,AGL,CE,Combined TRACON& Tower with Radar,85,5,29,0,119,0,0,32,0,32,85,5,61,0,151,40,0,40,191
10/28/2022,RFD,IL,AGL,CE,Combined TRACON& Tower with Radar,57,10,19,0,86,0,1,32,0,33,57,11,51,0,119,44,0,44,163
10/29/2022,RFD,IL,AGL,CE,Combined TRACON& Tower with Radar,32,1,19,0,52,0,0,25,0,25,32,1,44,0,77,40,0,40,117
10/30/2022,RFD,IL,AGL,CE,Combined TRACON& Tower with Radar,24,4,24,0,52,0,0,22,2,24,24,4,46,2,76,26,0,26,102
10/31/2022,RFD,IL,AGL,CE,Combined TRACON& Tower with Radar,47,0,19,0,66,0,0,17,1,18,47,0,36,1,84,36,0,36,120
11/01/2022,RFD,IL,AGL,CE,Combined TRACON& Tower with Radar,79,2,23,0,104,0,0,26,2,28,79,2,49,2,132,12,0,12,144
11/02/2022,RFD,IL,AGL,CE,Combined TRACON& Tower with Radar,87,2,23,0,112,0,0,36,1,37,87,2,59,1,149,62,0,62,211
11/03/2022,RFD,IL,AGL,CE,Combined TRACON& Tower with Radar,98,0,18,1,117,0,0,22,1,23,98,0,40,2,140,20,0,20,160
11/04/2022,RFD,IL,AGL,CE,Combined TRACON& Tower with Radar,58,4,6,0,68,0,0,2,1,3,58,4,8,1,71,0,0,0,71
11/05/2022,RFD,IL,AGL,CE,Combined TRACON& Tower with Radar,42,5,3,0,50,0,0,0,1,1,42,5,3,1,51,0,0,0,51
11/06/2022,RFD,IL,AGL,CE,Combined TRACON& Tower with Radar,31,0,23,1,55,0,0,27,6,33,31,0,50,7,88,4,0,4,92
11/07/2022,RFD,IL,AGL,CE,Combined TRACON& Tower with Radar,44,2,39,0,85,0,0,46,1,47,44,2,85,1,132,22,0,22,154
11/08/2022,RFD,IL,AGL,CE,Combined TRACON& Tower with Radar,90,7,27,0,124,0,0,24,1,25,90,7,51,1,149,8,0,8,157
11/09/2022,RFD,IL,AGL,CE,Combined TRACON& Tower with Radar,92,2,24,0,118,0,0,22,1,23,92,2,46,1,141,26,0,26,167
11/10/2022,RFD,IL,AGL,CE,Combined TRACON& Tower with Radar,92,6,13,0,111,0,0,28,0,28,92,6,41,0,139,54,0,54,193
11/11/2022,RFD,IL,AGL,CE,Combined TRACON& Tower with Radar,63,0,9,0,72,0,0,17,1,18,63,0,26,1,90,38,0,38,128
11/12/2022,RFD,IL,AGL,CE,Combined TRACON& Tower with Radar,36,0,3,0,39,0,0,0,0,0,36,0,3,0,39,0,0,0,39
11/13/2022,RFD,IL,AGL,CE,Combined TRACON& Tower with Radar,30,2,37,0,69,0,2,53,0,55,30,4,90,0,124,70,0,70,194
11/14/2022,RFD,IL,AGL,CE,Combined TRACON& Tower with Radar,41,12,31,0,84,0,0,32,0,32,41,12,63,0,116,20,0,20,136
11/15/2022,RFD,IL,AGL,CE,Combined TRACON& Tower with Radar,88,2,0,0,90,0,0,0,0,0,88,2,0,0,90,0,0,0,90
11/16/2022,RFD,IL,AGL,CE,Combined TRACON& Tower with Radar,95,2,7,0,104,0,0,0,0,0,95,2,7,0,104,0,0,0,104
11/17/2022,RFD,IL,AGL,CE,Combined TRACON& Tower with Radar,88,0,8,0,96,0,0,4,0,4,88,0,12,0,100,4,0,4,104
11/18/2022,RFD,IL,AGL,CE,Combined TRACON& Tower with Radar,65,3,8,1,77,0,0,3,0,3,65,3,11,1,80,0,0,0,80
11/19/2022,RFD,IL,AGL,CE,Combined TRACON& Tower with Radar,38,3,2,0,43,0,0,1,1,2,38,3,3,1,45,0,0,0,45
11/20/2022,RFD,IL,AGL,CE,Combined TRACON& Tower with Radar,30,0,25,0,55,0,0,21,0,21,30,0,46,0,76,26,0,26,102
11/21/2022,RFD,IL,AGL,CE,Combined TRACON& Tower with Radar,53,2,22,0,77,0,0,30,1,31,53,2,52,1,108,88,0,88,196
11/22/2022,RFD,IL,AGL,CE,Combined TRACON& Tower with Radar,123,5,20,0,148,0,1,40,0,41,123,6,60,0,189,46,0,46,235
11/23/2022,RFD,IL,AGL,CE,Combined TRACON& Tower with Radar,114,0,37,0,151,1,0,30,1,32,115,0,67,1,183,32,0,32,215
11/24/2022,RFD,IL,AGL,CE,Combined TRACON& Tower with Radar,37,0,11,0,48,0,0,6,0,6,37,0,17,0,54,16,0,16,70
11/25/2022,RFD,IL,AGL,CE,Combined TRACON& Tower with Radar,6,6,21,0,33,0,0,41,0,41,6,6,62,0,74,88,0,88,162
11/26/2022,RFD,IL,AGL,CE,Combined TRACON& Tower with Radar,36,2,10,0,48,0,0,19,0,19,36,2,29,0,67,26,0,26,93
11/27/2022,RFD,IL,AGL,CE,Combined TRACON& Tower with Radar,31,2,13,0,46,0,0,3,0,3,31,2,16,0,49,0,0,0,49
11/28/2022,RFD,IL,AGL,CE,Combined TRACON& Tower with Radar,56,1,8,0,65,0,0,14,0,14,56,1,22,0,79,12,0,12,91
11/29/2022,RFD,IL,AGL,CE,Combined TRACON& Tower with Radar,120,15,3,0,138,0,0,0,0,0,120,15,3,0,138,10,0,10,148
11/30/2022,RFD,IL,AGL,CE,Combined TRACON& Tower with Radar,127,1,9,0,137,0,0,1,0,1,127,1,10,0,138,0,0,0,138
12/01/2022,RFD,IL,AGL,CE,Combined TRACON& Tower with Radar,124,6,23,2,155,0,0,34,0,34,124,6,57,2,189,40,0,40,229
12/02/2022,RFD,IL,AGL,CE,Combined TRACON& Tower with Radar,72,2,6,0,80,0,0,7,0,7,72,2,13,0,87,36,0,36,123
12/03/2022,RFD,IL,AGL,CE,Combined TRACON& Tower with Radar,40,0,16,0,56,0,0,13,0,13,40,0,29,0,69,26,0,26,95
12/04/2022,RFD,IL,AGL,CE,Combined TRACON& Tower with Radar,30,1,33,0,64,0,0,51,0,51,30,1,84,0,115,56,0,56,171
12/05/2022,RFD,IL,AGL,CE,Combined TRACON& Tower with Radar,50,5,12,0,67,0,2,21,0,23,50,7,33,0,90,8,0,8,98
12/06/2022,RFD,IL,AGL,CE,Combined TRACON& Tower with Radar,127,2,15,0,144,0,1,15,0,16,127,3,30,0,160,0,0,0,160
12/07/2022,RFD,IL,AGL,CE,Combined TRACON& Tower with Radar,119,1,25,2,147,0,0,7,0,7,119,1,32,2,154,22,0,22,176
12/08/2022,RFD,IL,AGL,CE,Combined TRACON& Tower with Radar,123,5,20,0,148,0,0,29,0,29,123,5,49,0,177,40,0,40,217
12/09/2022,RFD,IL,AGL,CE,Combined TRACON& Tower with Radar,68,6,2,0,76,0,0,0,0,0,68,6,2,0,76,0,0,0,76
12/10/2022,RFD,IL,AGL,CE,Combined TRACON& Tower with Radar,40,3,2,0,45,0,0,0,0,0,40,3,2,0,45,0,0,0,45
12/11/2022,RFD,IL,AGL,CE,Combined TRACON& Tower with Radar,28,2,8,0,38,0,0,10,0,10,28,2,18,0,48,0,0,0,48
12/12/2022,RFD,IL,AGL,CE,Combined TRACON& Tower with Radar,55,0,17,0,72,0,0,11,0,11,55,0,28,0,83,0,0,0,83
12/13/2022,RFD,IL,AGL,CE,Combined TRACON& Tower with Radar,138,2,13,0,153,0,0,18,0,18,138,2,31,0,171,8,0,8,179
12/14/2022,RFD,IL,AGL,CE,Combined TRACON& Tower with Radar,133,0,7,0,140,0,0,0,0,0,133,0,7,0,140,0,0,0,140
12/15/2022,RFD,IL,AGL,CE,Combined TRACON& Tower with Radar,144,2,13,0,159,0,0,0,0,0,144,2,13,0,159,0,0,0,159
12/16/2022,RFD,IL,AGL,CE,Combined TRACON& Tower with Radar,134,4,7,1,146,0,0,1,4,5,134,4,8,5,151,0,0,0,151
12/17/2022,RFD,IL,AGL,CE,Combined TRACON& Tower with Radar,122,0,4,0,126,0,1,0,2,3,122,1,4,2,129,4,0,4,133
12/18/2022,RFD,IL,AGL,CE,Combined TRACON& Tower with Radar,92,1,19,1,113,0,0,21,0,21,92,1,40,1,134,36,0,36,170
12/19/2022,RFD,IL,AGL,CE,Combined TRACON& Tower with Radar,80,3,30,0,113,0,1,31,0,32,80,4,61,0,145,12,0,12,157
12/20/2022,RFD,IL,AGL,CE,Combined TRACON& Tower with Radar,146,0,17,0,163,0,0,13,0,13,146,0,30,0,176,0,0,0,176
12/21/2022,RFD,IL,AGL,CE,Combined TRACON& Tower with Radar,134,3,11,0,148,0,2,9,0,11,134,5,20,0,159,4,0,4,163
12/22/2022,RFD,IL,AGL,CE,Combined TRACON& Tower with Radar,116,0,3,0,119,0,0,0,0,0,116,0,3,0,119,0,0,0,119
12/23/2022,RFD,IL,AGL,CE,Combined TRACON& Tower with Radar,55,2,1,0,58,0,0,0,0,0,55,2,1,0,58,0,0,0,58
12/24/2022,RFD,IL,AGL,CE,Combined TRACON& Tower with Radar,11,4,0,0,15,0,0,0,0,0,11,4,0,0,15,0,0,0,15
12/25/2022,RFD,IL,AGL,CE,Combined TRACON& Tower with Radar,7,3,1,0,11,0,0,1,0,1,7,3,2,0,12,2,0,2,14
12/26/2022,RFD,IL,AGL,CE,Combined TRACON& Tower with Radar,7,5,5,0,17,0,0,4,0,4,7,5,9,0,21,0,0,0,21
12/27/2022,RFD,IL,AGL,CE,Combined TRACON& Tower with Radar,47,0,11,0,58,0,0,12,0,12,47,0,23,0,70,16,0,16,86
12/28/2022,RFD,IL,AGL,CE,Combined TRACON& Tower with Radar,112,4,13,0,129,0,0,18,2,20,112,4,31,2,149,10,0,10,159
12/29/2022,RFD,IL,AGL,CE,Combined TRACON& Tower with Radar,121,1,17,0,139,0,0,2,0,2,121,1,19,0,141,0,0,0,141
12/30/2022,RFD,IL,AGL,CE,Combined TRACON& Tower with Radar,66,1,4,0,71,0,0,8,0,8,66,1,12,0,79,6,0,6,85
12/31/2022,RFD,IL,AGL,CE,Combined TRACON& Tower with Radar,12,1,20,0,33,0,0,16,0,16,12,1,36,0,49,32,0,32,81
01/01/2023,RFD,IL,AGL,CE,Combined TRACON& Tower with Radar,8,0,7,0,15,0,0,0,0,0,8,0,7,0,15,0,0,0,15
01/02/2023,RFD,IL,AGL,CE,Combined TRACON& Tower with Radar,27,2,15,0,44,0,0,14,0,14,27,2,29,0,58,12,0,12,70
01/03/2023,RFD,IL,AGL,CE,Combined TRACON& Tower with Radar,43,4,12,0,59,0,0,0,0,0,43,4,12,0,59,2,0,2,61
01/04/2023,RFD,IL,AGL,CE,Combined TRACON& Tower with Radar,88,3,3,4,98,0,0,0,0,0,88,3,3,4,98,0,0,0,98
01/05/2023,RFD,IL,AGL,CE,Combined TRACON& Tower with Radar,90,1,11,0,102,0,0,0,0,0,90,1,11,0,102,0,0,0,102
01/06/2023,RFD,IL,AGL,CE,Combined TRACON& Tower with Radar,68,2,13,0,83,0,0,2,0,2,68,2,15,0,85,0,0,0,85
01/07/2023,RFD,IL,AGL,CE,Combined TRACON& Tower with Radar,33,2,18,0,53,0,0,1,0,1,33,2,19,0,54,0,0,0,54
01/08/2023,RFD,IL,AGL,CE,Combined TRACON& Tower with Radar,27,2,6,0,35,0,0,0,0,0,27,2,6,0,35,0,0,0,35
01/09/2023,RFD,IL,AGL,CE,Combined TRACON& Tower with Radar,46,4,13,0,63,0,0,35,0,35,46,4,48,0,98,26,0,26,124
01/10/2023,RFD,IL,AGL,CE,Combined TRACON& Tower with Radar,91,2,36,0,129,0,1,30,0,31,91,3,66,0,160,22,0,22,182
01/11/2023,RFD,IL,AGL,CE,Combined TRACON& Tower with Radar,98,1,23,2,124,0,0,16,0,16,98,1,39,2,140,24,0,24,164
01/12/2023,RFD,IL,AGL,CE,Combined TRACON& Tower with Radar,95,4,8,0,107,0,0,0,0,0,95,4,8,0,107,12,0,12,119
01/13/2023,RFD,IL,AGL,CE,Combined TRACON& Tower with Radar,65,1,12,0,78,0,0,17,0,17,65,1,29,0,95,4,0,4,99
01/14/2023,RFD,IL,AGL,CE,Combined TRACON& Tower with Radar,32,1,12,0,45,0,0,9,0,9,32,1,21,0,54,6,0,6,60
01/15/2023,RFD,IL,AGL,CE,Combined TRACON& Tower with Radar,30,1,17,0,48,0,0,33,0,33,30,1,50,0,81,14,0,14,95
01/16/2023,RFD,IL,AGL,CE,Combined TRACON& Tower with Radar,41,1,13,0,55,0,0,0,0,0,41,1,13,0,55,0,0,0,55
01/17/2023,RFD,IL,AGL,CE,Combined TRACON& Tower with Radar,97,28,6,0,131,0,0,1,0,1,97,28,7,0,132,2,0,2,134
01/18/2023,RFD,IL,AGL,CE,Combined TRACON& Tower with Radar,90,2,8,0,100,0,0,8,0,8,90,2,16,0,108,4,0,4,112
01/19/2023,RFD,IL,AGL,CE,Combined TRACON& Tower with Radar,97,8,3,0,108,0,0,0,0,0,97,8,3,0,108,0,0,0,108
01/20/2023,RFD,IL,AGL,CE,Combined TRACON& Tower with Radar,68,0,24,0,92,0,0,5,0,5,68,0,29,0,97,8,0,8,105
01/21/2023,RFD,IL,AGL,CE,Combined TRACON& Tower with Radar,34,0,4,0,38,0,0,0,0,0,34,0,4,0,38,0,0,0,38
01/22/2023,RFD,IL,AGL,CE,Combined TRACON& Tower with Radar,27,0,4,0,31,0,0,0,0,0,27,0,4,0,31,0,0,0,31
01/23/2023,RFD,IL,AGL,CE,Combined TRACON& Tower with Radar,43,8,6,0,57,0,0,0,0,0,43,8,6,0,57,2,0,2,59
01/24/2023,RFD,IL,AGL,CE,Combined TRACON& Tower with Radar,93,5,16,0,114,0,0,14,0,14,93,5,30,0,128,0,0,0,128
01/25/2023,RFD,IL,AGL,CE,Combined TRACON& Tower with Radar,91,0,0,0,91,0,0,0,0,0,91,0,0,0,91,0,0,0,91
01/26/2023,RFD,IL,AGL,CE,Combined TRACON& Tower with Radar,96,5,8,0,109,0,0,0,0,0,96,5,8,0,109,0,0,0,109
01/27/2023,RFD,IL,AGL,CE,Combined TRACON& Tower with Radar,63,19,6,0,88,0,0,1,0,1,63,19,7,0,89,0,0,0,89
01/28/2023,RFD,IL,AGL,CE,Combined TRACON& Tower with Radar,25,0,0,0,25,0,0,0,0,0,25,0,0,0,25,0,0,0,25
01/29/2023,RFD,IL,AGL,CE,Combined TRACON& Tower with Radar,30,4,7,0,41,0,0,2,0,2,30,4,9,0,43,0,0,0,43
01/30/2023,RFD,IL,AGL,CE,Combined TRACON& Tower with Radar,36,2,13,0,51,0,0,18,0,18,36,2,31,0,69,6,0,6,75
01/31/2023,RFD,IL,AGL,CE,Combined TRACON& Tower with Radar,93,10,12,0,115,0,0,13,0,13,93,10,25,0,128,0,0,0,128
02/01/2023,RFD,IL,AGL,CE,Combined TRACON& Tower with Radar,84,8,26,0,118,0,1,35,0,36,84,9,61,0,154,0,0,0,154
02/02/2023,RFD,IL,AGL,CE,Combined TRACON& Tower with Radar,89,7,26,8,130,0,0,24,0,24,89,7,50,8,154,22,6,28,182
02/03/2023,RFD,IL,AGL,CE,Combined TRACON& Tower with Radar,64,11,15,0,90,0,0,18,0,18,64,11,33,0,108,0,0,0,108
02/04/2023,RFD,IL,AGL,CE,Combined TRACON& Tower with Radar,29,0,20,0,49,0,0,37,0,37,29,0,57,0,86,66,0,66,152
02/05/2023,RFD,IL,AGL,CE,Combined TRACON& Tower with Radar,23,1,20,0,44,0,0,52,0,52,23,1,72,0,96,68,0,68,164
02/06/2023,RFD,IL,AGL,CE,Combined TRACON& Tower with Radar,39,4,21,0,64,0,0,14,0,14,39,4,35,0,78,14,0,14,92
02/07/2023,RFD,IL,AGL,CE,Combined TRACON& Tower with Radar,87,10,7,0,104,0,0,4,0,4,87,10,11,0,108,0,0,0,108
02/08/2023,RFD,IL,AGL,CE,Combined TRACON& Tower with Radar,85,3,31,4,123,0,0,31,2,33,85,3,62,6,156,20,0,20,176
02/09/2023,RFD,IL,AGL,CE,Combined TRACON& Tower with Radar,91,6,0,0,97,0,0,0,0,0,91,6,0,0,97,0,0,0,97
02/10/2023,RFD,IL,AGL,CE,Combined TRACON& Tower with Radar,61,2,27,0,90,0,0,27,0,27,61,2,54,0,117,46,0,46,163
02/11/2023,RFD,IL,AGL,CE,Combined TRACON& Tower with Radar,30,3,26,0,59,0,0,35,0,35,30,3,61,0,94,10,0,10,104
02/12/2023,RFD,IL,AGL,CE,Combined TRACON& Tower with Radar,27,0,12,1,40,0,0,32,1,33,27,0,44,2,73,10,0,10,83
02/13/2023,RFD,IL,AGL,CE,Combined TRACON& Tower with Radar,40,2,23,0,65,0,0,30,0,30,40,2,53,0,95,12,0,12,107
02/14/2023,RFD,IL,AGL,CE,Combined TRACON& Tower with Radar,87,5,9,0,101,0,0,8,0,8,87,5,17,0,109,2,0,2,111
02/15/2023,RFD,IL,AGL,CE,Combined TRACON& Tower with Radar,99,4,2,0,105,0,0,4,0,4,99,4,6,0,109,16,0,16,125
02/16/2023,RFD,IL,AGL,CE,Combined TRACON& Tower with Radar,92,3,2,0,97,0,0,0,0,0,92,3,2,0,97,0,0,0,97
02/17/2023,RFD,IL,AGL,CE,Combined TRACON& Tower with Radar,64,8,19,0,91,0,0,22,0,22,64,8,41,0,113,0,0,0,113
02/18/2023,RFD,IL,AGL,CE,Combined TRACON& Tower with Radar,27,1,12,0,40,0,0,36,0,36,27,1,48,0,76,24,0,24,100
02/19/2023,RFD,IL,AGL,CE,Combined TRACON& Tower with Radar,26,5,19,0,50,0,0,25,0,25,26,5,44,0,75,44,0,44,119
02/20/2023,RFD,IL,AGL,CE,Combined TRACON& Tower with Radar,36,3,34,0,73,0,0,29,0,29,36,3,63,0,102,10,0,10,112
02/21/2023,RFD,IL,AGL,CE,Combined TRACON& Tower with Radar,89,5,15,0,109,0,0,19,0,19,89,5,34,0,128,10,0,10,138
02/22/2023,RFD,IL,AGL,CE,Combined TRACON& Tower with Radar,82,7,0,0,89,0,0,0,0,0,82,7,0,0,89,0,0,0,89
02/23/2023,RFD,IL,AGL,CE,Combined TRACON& Tower with Radar,89,3,6,0,98,0,0,1,0,1,89,3,7,0,99,0,0,0,99
02/24/2023,RFD,IL,AGL,CE,Combined TRACON& Tower with Radar,68,1,16,0,85,0,0,15,0,15,68,1,31,0,100,12,0,12,112
02/25/2023,RFD,IL,AGL,CE,Combined TRACON& Tower with Radar,30,1,19,0,50,0,0,16,0,16,30,1,35,0,66,8,0,8,74
02/26/2023,RFD,IL,AGL,CE,Combined TRACON& Tower with Radar,32,5,29,0,66,0,0,50,0,50,32,5,79,0,116,70,0,70,186
02/27/2023,RFD,IL,AGL,CE,Combined TRACON& Tower with Radar,39,4,4,0,47,0,0,3,0,3,39,4,7,0,50,0,0,0,50
02/28/2023,RFD,IL,AGL,CE,Combined TRACON& Tower with Radar,92,10,29,2,133,0,2,46,0,48,92,12,75,2,181,4,0,4,185
03/01/2023,RFD,IL,AGL,CE,Combined TRACON& Tower with Radar,93,0,31,1,125,0,0,14,0,14,93,0,45,1,139,0,0,0,139
03/02/2023,RFD,IL,AGL,CE,Combined TRACON& Tower with Radar,83,0,9,0,92,0,2,6,0,8,83,2,15,0,100,0,0,0,100
03/03/2023,RFD,IL,AGL,CE,Combined TRACON& Tower with Radar,72,0,5,0,77,0,0,7,0,7,72,0,12,0,84,0,0,0,84
03/04/2023,RFD,IL,AGL,CE,Combined TRACON& Tower with Radar,28,0,13,0,41,0,0,15,0,15,28,0,28,0,56,0,0,0,56
03/05/2023,RFD,IL,AGL,CE,Combined TRACON& Tower with Radar,29,0,14,0,43,0,0,37,0,37,29,0,51,0,80,26,0,26,106
03/06/2023,RFD,IL,AGL,CE,Combined TRACON& Tower with Radar,36,10,14,1,61,0,0,8,0,8,36,10,22,1,69,22,0,22,91
03/07/2023,RFD,IL,AGL,CE,Combined TRACON& Tower with Radar,91,2,33,0,126,0,0,42,0,42,91,2,75,0,168,44,0,44,212
03/08/2023,RFD,IL,AGL,CE,Combined TRACON& Tower with Radar,89,0,20,2,111,0,0,38,0,38,89,0,58,2,149,46,0,46,195
03/09/2023,RFD,IL,AGL,CE,Combined TRACON& Tower with Radar,87,6,5,0,98,0,0,11,0,11,87,6,16,0,109,4,0,4,113
03/10/2023,RFD,IL,AGL,CE,Combined TRACON& Tower with Radar,67,0,2,0,69,0,0,1,0,1,67,0,3,0,70,0,0,0,70
03/11/2023,RFD,IL,AGL,CE,Combined TRACON& Tower with Radar,32,1,5,0,38,0,0,6,0,6,32,1,11,0,44,18,0,18,62
03/12/2023,RFD,IL,AGL,CE,Combined TRACON& Tower with Radar,28,1,0,0,29,0,0,0,0,0,28,1,0,0,29,0,0,0,29
03/13/2023,RFD,IL,AGL,CE,Combined TRACON& Tower with Radar,37,12,4,0,53,0,0,0,0,0,37,12,4,0,53,0,0,0,53
03/14/2023,RFD,IL,AGL,CE,Combined TRACON& Tower with Radar,82,1,28,2,113,0,0,32,0,32,82,1,60,2,145,28,0,28,173
03/15/2023,RFD,IL,AGL,CE,Combined TRACON& Tower with Radar,93,8,17,0,118,0,0,18,0,18,93,8,35,0,136,14,0,14,150
03/16/2023,RFD,IL,AGL,CE,Combined TRACON& Tower with Radar,91,6,7,0,104,1,0,2,0,3,92,6,9,0,107,6,0,6,113
03/17/2023,RFD,IL,AGL,CE,Combined TRACON& Tower with Radar,60,0,2,0,62,0,0,3,0,3,60,0,5,0,65,0,0,0,65
03/18/2023,RFD,IL,AGL,CE,Combined TRACON& Tower with Radar,37,0,14,0,51,0,0,0,0,0,37,0,14,0,51,0,0,0,51
03/19/2023,RFD,IL,AGL,CE,Combined TRACON& Tower with Radar,27,2,24,0,53,0,0,39,0,39,27,2,63,0,92,46,0,46,138
03/20/2023,RFD,IL,AGL,CE,Combined TRACON& Tower with Radar,42,2,12,0,56,0,0,16,0,16,42,2,28,0,72,4,0,4,76
03/21/2023,RFD,IL,AGL,CE,Combined TRACON& Tower with Radar,91,3,24,0,118,0,0,47,0,47,91,3,71,0,165,44,0,44,209
03/22/2023,RFD,IL,AGL,CE,Combined TRACON& Tower with Radar,95,2,19,1,117,0,0,0,0,0,95,2,19,1,117,6,0,6,123
03/23/2023,RFD,IL,AGL,CE,Combined TRACON& Tower with Radar,87,4,4,11,106,0,0,19,1,20,87,4,23,12,126,24,0,24,150
03/24/2023,RFD,IL,AGL,CE,Combined TRACON& Tower with Radar,60,2,30,0,92,0,0,44,0,44,60,2,74,0,136,56,0,56,192
03/25/2023,RFD,IL,AGL,CE,Combined TRACON& Tower with Radar,39,0,7,0,46,0,0,0,0,0,39,0,7,0,46,4,0,4,50
03/26/2023,RFD,IL,AGL,CE,Combined TRACON& Tower with Radar,29,0,6,0,35,0,0,7,0,7,29,0,13,0,42,18,0,18,60
03/27/2023,RFD,IL,AGL,CE,Combined TRACON& Tower with Radar,46,8,17,0,71,0,0,33,0,33,46,8,50,0,104,70,0,70,174
03/28/2023,RFD,IL,AGL,CE,Combined TRACON& Tower with Radar,89,8,25,0,122,0,2,46,0,48,89,10,71,0,170,8,0,8,178
03/29/2023,RFD,IL,AGL,CE,Combined TRACON& Tower with Radar,88,2,16,0,106,0,2,18,0,20,88,4,34,0,126,26,0,26,152
03/30/2023,RFD,IL,AGL,CE,Combined TRACON& Tower with Radar,93,0,5,0,98,0,0,13,0,13,93,0,18,0,111,0,0,0,111
03/31/2023,RFD,IL,AGL,CE,Combined TRACON& Tower with Radar,59,0,3,0,62,0,0,0,0,0,59,0,3,0,62,0,0,0,62
04/01/2023,RFD,IL,AGL,CE,Combined TRACON& Tower with Radar,44,0,3,0,47,1,0,6,0,7,45,0,9,0,54,0,0,0,54
04/02/2023,RFD,IL,AGL,CE,Combined TRACON& Tower with Radar,10,4,26,0,40,0,0,25,0,25,10,4,51,0,65,20,0,20,85
04/03/2023,RFD,IL,AGL,CE,Combined TRACON& Tower with Radar,39,4,12,0,55,0,0,10,0,10,39,4,22,0,65,10,0,10,75
04/04/2023,RFD,IL,AGL,CE,Combined TRACON& Tower with Radar,94,4,9,0,107,0,0,0,0,0,94,4,9,0,107,0,0,0,107
04/05/2023,RFD,IL,AGL,CE,Combined TRACON& Tower with Radar,88,5,16,0,109,0,0,4,0,4,88,5,20,0,113,0,0,0,113
04/06/2023,RFD,IL,AGL,CE,Combined TRACON& Tower with Radar,89,4,10,1,104,0,0,29,2,31,89,4,39,3,135,58,0,58,193
04/07/2023,RFD,IL,AGL,CE,Combined TRACON& Tower with Radar,63,4,24,2,93,0,0,45,0,45,63,4,69,2,138,32,0,32,170
04/08/2023,RFD,IL,AGL,CE,Combined TRACON& Tower with Radar,30,2,21,0,53,0,4,24,0,28,30,6,45,0,81,30,0,30,111
04/09/2023,RFD,IL,AGL,CE,Combined TRACON& Tower with Radar,23,4,17,0,44,0,3,14,0,17,23,7,31,0,61,0,0,0,61
04/10/2023,RFD,IL,AGL,CE,Combined TRACON& Tower with Radar,45,2,24,0,71,0,0,34,0,34,45,2,58,0,105,0,0,0,105
04/11/2023,RFD,IL,AGL,CE,Combined TRACON& Tower with Radar,88,5,33,1,127,0,0,24,1,25,88,5,57,2,152,6,0,6,158
04/12/2023,RFD,IL,AGL,CE,Combined TRACON& Tower with Radar,86,1,21,0,108,0,0,52,0,52,86,1,73,0,160,76,0,76,236
04/13/2023,RFD,IL,AGL,CE,Combined TRACON& Tower with Radar,91,4,25,0,120,0,2,45,0,47,91,6,70,0,167,28,0,28,195
04/14/2023,RFD,IL,AGL,CE,Combined TRACON& Tower with Radar,60,5,20,0,85,0,0,42,0,42,60,5,62,0,127,66,0,66,193
04/15/2023,RFD,IL,AGL,CE,Combined TRACON& Tower with Radar,36,2,8,0,46,0,0,19,0,19,36,2,27,0,65,10,0,10,75
04/16/2023,RFD,IL,AGL,CE,Combined TRACON& Tower with Radar,23,0,1,0,24,0,0,1,0,1,23,0,2,0,25,0,0,0,25
04/17/2023,RFD,IL,AGL,CE,Combined TRACON& Tower with Radar,46,1,6,0,53,0,0,1,0,1,46,1,7,0,54,0,0,0,54
04/18/2023,RFD,IL,AGL,CE,Combined TRACON& Tower with Radar,85,4,22,0,111,0,0,44,0,44,85,4,66,0,155,50,0,50,205
04/19/2023,RFD,IL,AGL,CE,Combined TRACON& Tower with Radar,90,4,14,0,108,0,0,17,0,17,90,4,31,0,125,12,0,12,137
04/20/2023,RFD,IL,AGL,CE,Combined TRACON& Tower with Radar,96,0,2,0,98,0,0,3,0,3,96,0,5,0,101,0,0,0,101
04/21/2023,RFD,IL,AGL,CE,Combined TRACON& Tower with Radar,61,1,13,18,93,0,0,24,0,24,61,1,37,18,117,22,34,56,173
04/22/2023,RFD,IL,AGL,CE,Combined TRACON& Tower with Radar,26,6,3,0,35,0,0,1,0,1,26,6,4,0,36,0,0,0,36
04/23/2023,RFD,IL,AGL,CE,Combined TRACON& Tower with Radar,23,1,8,0,32,0,0,17,0,17,23,1,25,0,49,46,0,46,95
04/24/2023,RFD,IL,AGL,CE,Combined TRACON& Tower with Radar,46,0,35,0,81,0,0,51,0,51,46,0,86,0,132,60,0,60,192
04/25/2023,RFD,IL,AGL,CE,Combined TRACON& Tower with Radar,79,0,15,0,94,0,0,16,0,16,79,0,31,0,110,78,0,78,188
04/26/2023,RFD,IL,AGL,CE,Combined TRACON& Tower with Radar,93,4,45,0,142,0,4,55,0,59,93,8,100,0,201,44,0,44,245
04/27/2023,RFD,IL,AGL,CE,Combined TRACON& Tower with Radar,91,8,21,2,122,0,6,34,1,41,91,14,55,3,163,106,0,106,269
04/28/2023,RFD,IL,AGL,CE,Combined TRACON& Tower with Radar,58,3,25,1,87,0,3,33,1,37,58,6,58,2,124,14,0,14,138
04/29/2023,RFD,IL,AGL,CE,Combined TRACON& Tower with Radar,24,0,2,0,26,0,2,6,0,8,24,2,8,0,34,8,0,8,42
04/30/2023,RFD,IL,AGL,CE,Combined TRACON& Tower with Radar,27,0,7,0,34,0,0,0,0,0,27,0,7,0,34,0,0,0,34
05/01/2023,RFD,IL,AGL,CE,Combined TRACON& Tower with Radar,40,2,7,0,49,0,0,1,0,1,40,2,8,0,50,0,0,0,50
05/02/2023,RFD,IL,AGL,CE,Combined TRACON& Tower with Radar,86,4,11,0,101,0,2,8,0,10,86,6,19,0,111,12,0,12,123
05/03/2023,RFD,IL,AGL,CE,Combined TRACON& Tower with Radar,88,3,27,0,118,0,4,37,0,41,88,7,64,0,159,36,0,36,195
05/04/2023,RFD,IL,AGL,CE,Combined TRACON& Tower with Radar,91,3,32,0,126,0,5,53,0,58,91,8,85,0,184,26,0,26,210
05/05/2023,RFD,IL,AGL,CE,Combined TRACON& Tower with Radar,57,1,14,0,72,0,0,21,0,21,57,1,35,0,93,22,0,22,115
05/06/2023,RFD,IL,AGL,CE,Combined TRACON& Tower with Radar,29,0,25,0,54,0,2,9,0,11,29,2,34,0,65,0,0,0,65
05/07/2023,RFD,IL,AGL,CE,Combined TRACON& Tower with Radar,22,3,9,0,34,0,3,25,0,28,22,6,34,0,62,18,0,18,80
05/08/2023,RFD,IL,AGL,CE,Combined TRACON& Tower with Radar,40,0,15,0,55,0,0,0,0,0,40,0,15,0,55,0,0,0,55
05/09/2023,RFD,IL,AGL,CE,Combined TRACON& Tower with Radar,79,0,28,0,107,0,4,28,0,32,79,4,56,0,139,32,0,32,171
05/10/2023,RFD,IL,AGL,CE,Combined TRACON& Tower with Radar,87,2,26,0,115,0,2,40,0,42,87,4,66,0,157,12,0,12,169
05/11/2023,RFD,IL,AGL,CE,Combined TRACON& Tower with Radar,90,2,22,0,114,0,3,29,0,32,90,5,51,0,146,22,0,22,168
05/12/2023,RFD,IL,AGL,CE,Combined TRACON& Tower with Radar,60,2,17,0,79,0,0,5,0,5,60,2,22,0,84,8,0,8,92
05/13/2023,RFD,IL,AGL,CE,Combined TRACON& Tower with Radar,30,1,35,0,66,0,2,5,0,7,30,3,40,0,73,40,0,40,113
05/14/2023,RFD,IL,AGL,CE,Combined TRACON& Tower with Radar,24,1,7,0,32,0,2,5,0,7,24,3,12,0,39,2,0,2,41
05/15/2023,RFD,IL,AGL,CE,Combined TRACON& Tower with Radar,42,8,21,0,71,0,2,37,0,39,42,10,58,0,110,52,0,52,162
05/16/2023,RFD,IL,AGL,CE,Combined TRACON& Tower with Radar,83,3,14,0,100,0,0,29,0,29,83,3,43,0,129,42,0,42,171
05/17/2023,RFD,IL,AGL,CE,Combined TRACON& Tower with Radar,85,2,17,0,104,0,0,24,0,24,85,2,41,0,128,28,0,28,156
05/18/2023,RFD,IL,AGL,CE,Combined TRACON& Tower with Radar,95,4,18,8,125,0,6,41,0,47,95,10,59,8,172,66,4,70,242
05/19/2023,RFD,IL,AGL,CE,Combined TRACON& Tower with Radar,55,1,16,1,73,0,0,18,0,18,55,1,34,1,91,18,0,18,109
05/20/2023,RFD,IL,AGL,CE,Combined TRACON& Tower with Radar,30,4,13,0,47,0,0,22,0,22,30,4,35,0,69,70,0,70,139
05/21/2023,RFD,IL,AGL,CE,Combined TRACON& Tower with Radar,20,5,24,0,49,0,5,34,0,39,20,10,58,0,88,14,0,14,102
05/22/2023,RFD,IL,AGL,CE,Combined TRACON& Tower with Radar,43,2,16,2,63,0,3,43,0,46,43,5,59,2,109,52,0,52,161
05/23/2023,RFD,IL,AGL,CE,Combined TRACON& Tower with Radar,82,1,8,0,91,0,4,28,0,32,82,5,36,0,123,2,0,2,125
05/24/2023,RFD,IL,AGL,CE,Combined TRACON& Tower with Radar,86,3,11,0,100,0,3,13,0,16,86,6,24,0,116,34,0,34,150
05/25/2023,RFD,IL,AGL,CE,Combined TRACON& Tower with Radar,89,0,25,0,114,0,2,27,0,29,89,2,52,0,143,28,0,28,171
05/26/2023,RFD,IL,AGL,CE,Combined TRACON& Tower with Radar,58,6,21,0,85,0,2,31,0,33,58,8,52,0,118,24,0,24,142
05/27/2023,RFD,IL,AGL,CE,Combined TRACON& Tower with Radar,32,0,13,0,45,0,2,20,0,22,32,2,33,0,67,8,0,8,75
05/28/2023,RFD,IL,AGL,CE,Combined TRACON& Tower with Radar,24,0,11,0,35,0,0,28,0,28,24,0,39,0,63,14,0,14,77
05/29/2023,RFD,IL,AGL,CE,Combined TRACON& Tower with Radar,27,0,19,0,46,0,6,35,0,41,27,6,54,0,87,12,0,12,99
05/30/2023,RFD,IL,AGL,CE,Combined TRACON& Tower with Radar,29,1,21,1,52,0,1,34,0,35,29,2,55,1,87,44,0,44,131
05/31/2023,RFD,IL,AGL,CE,Combined TRACON& Tower with Radar,87,2,22,0,111,0,2,24,0,26,87,4,46,0,137,0,0,0,137
06/01/2023,RFD,IL,AGL,CE,Combined TRACON& Tower with Radar,84,0,5,0,89,0,0,18,0,18,84,0,23,0,107,0,0,0,107
06/02/2023,RFD,IL,AGL,CE,Combined TRACON& Tower with Radar,58,6,29,0,93,0,2,18,0,20,58,8,47,0,113,22,0,22,135
06/03/2023,RFD,IL,AGL,CE,Combined TRACON& Tower with Radar,25,0,26,1,52,0,8,36,0,44,25,8,62,1,96,66,0,66,162
06/04/2023,RFD,IL,AGL,CE,Combined TRACON& Tower with Radar,20,2,33,0,55,0,2,41,0,43,20,4,74,0,98,32,0,32,130
06/05/2023,RFD,IL,AGL,CE,Combined TRACON& Tower with Radar,40,1,17,7,65,0,2,23,0,25,40,3,40,7,90,60,12,72,162
06/06/2023,RFD,IL,AGL,CE,Combined TRACON& Tower with Radar,80,2,17,0,99,1,0,38,0,39,81,2,55,0,138,18,0,18,156
06/07/2023,RFD,IL,AGL,CE,Combined TRACON& Tower with Radar,84,5,23,0,112,0,2,52,0,54,84,7,75,0,166,48,0,48,214
06/08/2023,RFD,IL,AGL,CE,Combined TRACON& Tower with Radar,87,3,22,0,112,0,2,33,0,35,87,5,55,0,147,26,0,26,173
06/09/2023,RFD,IL,AGL,CE,Combined TRACON& Tower with Radar,56,7,14,0,77,0,2,29,0,31,56,9,43,0,108,16,0,16,124
06/10/2023,RFD,IL,AGL,CE,Combined TRACON& Tower with Radar,45,0,42,0,87,0,14,43,0,57,45,14,85,0,144,30,0,30,174
06/11/2023,RFD,IL,AGL,CE,Combined TRACON& Tower with Radar,26,0,12,0,38,0,1,0,0,1,26,1,12,0,39,0,0,0,39
06/12/2023,RFD,IL,AGL,CE,Combined TRACON& Tower with Radar,45,0,14,2,61,0,4,14,0,18,45,4,28,2,79,0,0,0,79
06/13/2023,RFD,IL,AGL,CE,Combined TRACON& Tower with Radar,83,0,7,0,90,0,0,4,0,4,83,0,11,0,94,0,0,0,94
06/14/2023,RFD,IL,AGL,CE,Combined TRACON& Tower with Radar,89,1,17,0,107,0,0,30,1,31,89,1,47,1,138,42,0,42,180
06/15/2023,RFD,IL,AGL,CE,Combined TRACON& Tower with Radar,84,3,18,0,105,0,4,13,0,17,84,7,31,0,122,16,0,16,138
06/16/2023,RFD,IL,AGL,CE,Combined TRACON& Tower with Radar,61,0,30,0,91,0,8,26,1,35,61,8,56,1,126,18,0,18,144
06/17/2023,RFD,IL,AGL,CE,Combined TRACON& Tower with Radar,27,2,8,0,37,0,6,32,0,38,27,8,40,0,75,56,0,56,131
06/18/2023,RFD,IL,AGL,CE,Combined TRACON& Tower with Radar,23,2,13,0,38,0,2,17,0,19,23,4,30,0,57,36,0,36,93
06/19/2023,RFD,IL,AGL,CE,Combined TRACON& Tower with Radar,40,0,10,0,50,0,4,35,0,39,40,4,45,0,89,60,0,60,149
06/20/2023,RFD,IL,AGL,CE,Combined TRACON& Tower with Radar,77,0,25,4,106,0,6,27,2,35,77,6,52,6,141,80,8,88,229
06/21/2023,RFD,IL,AGL,CE,Combined TRACON& Tower with Radar,89,3,21,0,113,0,0,26,0,26,89,3,47,0,139,26,0,26,165
06/22/2023,RFD,IL,AGL,CE,Combined TRACON& Tower with Radar,86,0,30,0,116,0,0,29,0,29,86,0,59,0,145,74,0,74,219
06/23/2023,RFD,IL,AGL,CE,Combined TRACON& Tower with Radar,56,0,28,0,84,0,0,28,0,28,56,0,56,0,112,50,0,50,162
06/24/2023,RFD,IL,AGL,CE,Combined TRACON& Tower with Radar,25,1,11,0,37,0,2,25,0,27,25,3,36,0,64,30,0,30,94
06/25/2023,RFD,IL,AGL,CE,Combined TRACON& Tower with Radar,28,4,4,0,36,0,0,5,0,5,28,4,9,0,41,14,0,14,55
06/26/2023,RFD,IL,AGL,CE,Combined TRACON& Tower with Radar,36,7,13,0,56,0,0,3,0,3,36,7,16,0,59,0,0,0,59
06/27/2023,RFD,IL,AGL,CE,Combined TRACON& Tower with Radar,80,1,28,0,109,0,0,0,0,0,80,1,28,0,109,0,0,0,109
06/28/2023,RFD,IL,AGL,CE,Combined TRACON& Tower with Radar,94,1,36,1,132,0,0,4,0,4,94,1,40,1,136,0,0,0,136
06/29/2023,RFD,IL,AGL,CE,Combined TRACON& Tower with Radar,83,8,11,0,102,0,0,0,0,0,83,8,11,0,102,0,0,0,102
06/30/2023,RFD,IL,AGL,CE,Combined TRACON& Tower with Radar,62,7,19,1,89,0,0,6,0,6,62,7,25,1,95,0,0,0,95
07/01/2023,RFD,IL,AGL,CE,Combined TRACON& Tower with Radar,31,1,7,1,40,0,0,19,0,19,31,1,26,1,59,8,0,8,67
07/02/2023,RFD,IL,AGL,CE,Combined TRACON& Tower with Radar,25,2,7,0,34,0,0,13,0,13,25,2,20,0,47,16,0,16,63
07/03/2023,RFD,IL,AGL,CE,Combined TRACON& Tower with Radar,27,0,10,0,37,0,0,44,0,44,27,0,54,0,81,58,0,58,139
07/04/2023,RFD,IL,AGL,CE,Combined TRACON& Tower with Radar,3,2,6,0,11,0,0,10,0,10,3,2,16,0,21,22,0,22,43
07/05/2023,RFD,IL,AGL,CE,Combined TRACON& Tower with Radar,42,5,9,0,56,0,0,7,0,7,42,5,16,0,63,8,0,8,71
07/06/2023,RFD,IL,AGL,CE,Combined TRACON& Tower with Radar,91,1,32,0,124,0,0,33,0,33,91,1,65,0,157,38,0,38,195
07/07/2023,RFD,IL,AGL,CE,Combined TRACON& Tower with Radar,57,6,16,1,80,0,0,24,0,24,57,6,40,1,104,36,0,36,140
07/08/2023,RFD,IL,AGL,CE,Combined TRACON& Tower with Radar,30,2,15,0,47,0,0,30,0,30,30,2,45,0,77,6,0,6,83
07/09/2023,RFD,IL,AGL,CE,Combined TRACON& Tower with Radar,22,2,9,0,33,0,0,29,0,29,22,2,38,0,62,18,0,18,80
07/10/2023,RFD,IL,AGL,CE,Combined TRACON& Tower with Radar,42,2,16,0,60,0,0,26,0,26,42,2,42,0,86,44,0,44,130
07/11/2023,RFD,IL,AGL,CE,Combined TRACON& Tower with Radar,80,1,4,0,85,0,0,18,0,18,80,1,22,0,103,4,0,4,107
07/12/2023,RFD,IL,AGL,CE,Combined TRACON& Tower with Radar,106,4,9,0,119,0,0,1,0,1,106,4,10,0,120,0,0,0,120
07/13/2023,RFD,IL,AGL,CE,Combined TRACON& Tower with Radar,87,4,20,0,111,0,0,16,0,16,87,4,36,0,127,20,0,20,147
07/14/2023,RFD,IL,AGL,CE,Combined TRACON& Tower with Radar,65,6,14,0,85,0,0,18,0,18,65,6,32,0,103,0,0,0,103
07/15/2023,RFD,IL,AGL,CE,Combined TRACON& Tower with Radar,31,6,12,0,49,0,0,16,0,16,31,6,28,0,65,28,0,28,93
07/16/2023,RFD,IL,AGL,CE,Combined TRACON& Tower with Radar,25,1,10,0,36,0,0,17,0,17,25,1,27,0,53,22,0,22,75
07/17/2023,RFD,IL,AGL,CE,Combined TRACON& Tower with Radar,34,4,23,0,61,0,1,53,0,54,34,5,76,0,115,46,0,46,161
07/18/2023,RFD,IL,AGL,CE,Combined TRACON& Tower with Radar,85,2,47,0,134,0,1,39,0,40,85,3,86,0,174,18,0,18,192
07/19/2023,RFD,IL,AGL,CE,Combined TRACON& Tower with Radar,90,1,25,0,116,0,4,51,0,55,90,5,76,0,171,74,0,74,245
07/20/2023,RFD,IL,AGL,CE,Combined TRACON& Tower with Radar,86,8,19,0,113,0,0,17,0,17,86,8,36,0,130,0,0,0,130
07/21/2023,RFD,IL,AGL,CE,Combined TRACON& Tower with Radar,57,0,13,0,70,0,0,27,0,27,57,0,40,0,97,48,0,48,145
07/22/2023,RFD,IL,AGL,CE,Combined TRACON& Tower with Radar,26,2,14,0,42,0,0,24,0,24,26,2,38,0,66,26,0,26,92
07/23/2023,RFD,IL,AGL,CE,Combined TRACON& Tower with Radar,25,2,18,0,45,0,0,30,1,31,25,2,48,1,76,0,0,0,76
07/24/2023,RFD,IL,AGL,CE,Combined TRACON& Tower with Radar,24,11,3,0,38,0,2,11,0,13,24,13,14,0,51,0,8,8,59
07/25/2023,RFD,IL,AGL,CE,Combined TRACON& Tower with Radar,37,12,14,0,63,0,0,10,0,10,37,12,24,0,73,4,0,4,77
07/26/2023,RFD,IL,AGL,CE,Combined TRACON& Tower with Radar,99,0,14,0,113,0,0,21,2,23,99,0,35,2,136,14,4,18,154
07/27/2023,RFD,IL,AGL,CE,Combined TRACON& Tower with Radar,71,11,6,2,90,0,2,32,0,34,71,13,38,2,124,10,0,10,134
07/28/2023,RFD,IL,AGL,CE,Combined TRACON& Tower with Radar,56,6,7,0,69,0,0,12,0,12,56,6,19,0,81,14,0,14,95
07/29/2023,RFD,IL,AGL,CE,Combined TRACON& Tower with Radar,32,0,13,0,45,0,0,23,0,23,32,0,36,0,68,18,0,18,86
07/30/2023,RFD,IL,AGL,CE,Combined TRACON& Tower with Radar,25,5,10,2,42,0,1,23,1,25,25,6,33,3,67,28,0,28,95
07/31/2023,RFD,IL,AGL,CE,Combined TRACON& Tower with Radar,45,0,8,2,55,0,0,41,0,41,45,0,49,2,96,14,0,14,110
08/01/2023,RFD,IL,AGL,CE,Combined TRACON& Tower with Radar,84,2,21,0,107,0,0,21,0,21,84,2,42,0,128,8,0,8,136
08/02/2023,RFD,IL,AGL,CE,Combined TRACON& Tower with Radar,89,2,20,1,112,0,0,45,0,45,89,2,65,1,157,80,0,80,237
08/03/2023,RFD,IL,AGL,CE,Combined TRACON& Tower with Radar,87,4,33,2,126,0,0,25,0,25,87,4,58,2,151,64,0,64,215
08/04/2023,RFD,IL,AGL,CE,Combined TRACON& Tower with Radar,55,2,16,1,74,0,2,25,0,27,55,4,41,1,101,12,0,12,113
08/05/2023,RFD,IL,AGL,CE,Combined TRACON& Tower with Radar,28,0,13,0,41,0,4,21,0,25,28,4,34,0,66,10,0,10,76
08/06/2023,RFD,IL,AGL,CE,Combined TRACON& Tower with Radar,22,0,14,1,37,0,0,11,0,11,22,0,25,1,48,4,0,4,52
08/07/2023,RFD,IL,AGL,CE,Combined TRACON& Tower with Radar,41,0,13,0,54,0,0,34,0,34,41,0,47,0,88,76,0,76,164
08/08/2023,RFD,IL,AGL,CE,Combined TRACON& Tower with Radar,84,0,18,0,102,0,2,21,0,23,84,2,39,0,125,30,0,30,155
08/09/2023,RFD,IL,AGL,CE,Combined TRACON& Tower with Radar,82,5,26,0,113,0,0,16,0,16,82,5,42,0,129,8,0,8,137
08/10/2023,RFD,IL,AGL,CE,Combined TRACON& Tower with Radar,86,2,31,0,119,0,0,20,0,20,86,2,51,0,139,32,0,32,171
08/11/2023,RFD,IL,AGL,CE,Combined TRACON& Tower with Radar,60,5,18,4,87,0,3,8,0,11,60,8,26,4,98,8,0,8,106
08/12/2023,RFD,IL,AGL,CE,Combined TRACON& Tower with Radar,29,6,17,2,54,0,1,28,0,29,29,7,45,2,83,12,0,12,95
08/13/2023,RFD,IL,AGL,CE,Combined TRACON& Tower with Radar,21,2,15,0,38,0,0,17,0,17,21,2,32,0,55,16,0,16,71
08/14/2023,RFD,IL,AGL,CE,Combined TRACON& Tower with Radar,45,0,1,0,46,0,2,0,0,2,45,2,1,0,48,0,0,0,48
08/15/2023,RFD,IL,AGL,CE,Combined TRACON& Tower with Radar,80,5,22,0,107,0,2,35,0,37,80,7,57,0,144,66,0,66,210
08/16/2023,RFD,IL,AGL,CE,Combined TRACON& Tower with Radar,81,4,27,0,112,0,0,41,2,43,81,4,68,2,155,78,0,78,233
08/17/2023,RFD,IL,AGL,CE,Combined TRACON& Tower with Radar,91,0,17,0,108,0,0,30,2,32,91,0,47,2,140,16,0,16,156
08/18/2023,RFD,IL,AGL,CE,Combined TRACON& Tower with Radar,61,6,32,0,99,0,0,34,0,34,61,6,66,0,133,38,0,38,171
08/19/2023,RFD,IL,AGL,CE,Combined TRACON& Tower with Radar,31,2,12,0,45,0,0,32,0,32,31,2,44,0,77,10,0,10,87
08/20/2023,RFD,IL,AGL,CE,Combined TRACON& Tower with Radar,26,4,11,0,41,0,1,20,0,21,26,5,31,0,62,38,0,38,100
08/21/2023,RFD,IL,AGL,CE,Combined TRACON& Tower with Radar,49,4,15,0,68,0,0,26,0,26,49,4,41,0,94,4,0,4,98
08/22/2023,RFD,IL,AGL,CE,Combined TRACON& Tower with Radar,82,6,21,0,109,0,0,26,0,26,82,6,47,0,135,0,0,0,135
08/23/2023,RFD,IL,AGL,CE,Combined TRACON& Tower with Radar,87,2,7,0,96,0,0,23,0,23,87,2,30,0,119,18,0,18,137
08/24/2023,RFD,IL,AGL,CE,Combined TRACON& Tower with Radar,84,0,14,0,98,0,0,3,0,3,84,0,17,0,101,0,0,0,101
08/25/2023,RFD,IL,AGL,CE,Combined TRACON& Tower with Radar,62,3,14,0,79,0,0,23,2,25,62,3,37,2,104,12,0,12,116
08/26/2023,RFD,IL,AGL,CE,Combined TRACON& Tower with Radar,27,0,37,0,64,0,0,9,0,9,27,0,46,0,73,52,0,52,125
08/27/2023,RFD,IL,AGL,CE,Combined TRACON& Tower with Radar,22,2,21,0,45,0,0,28,0,28,22,2,49,0,73,48,0,48,121
08/28/2023,RFD,IL,AGL,CE,Combined TRACON& Tower with Radar,40,2,33,4,79,0,0,35,0,35,40,2,68,4,114,18,0,18,132
08/29/2023,RFD,IL,AGL,CE,Combined TRACON& Tower with Radar,83,8,16,0,107,0,0,25,0,25,83,8,41,0,132,6,0,6,138
08/30/2023,RFD,IL,AGL,CE,Combined TRACON& Tower with Radar,82,7,16,0,105,0,0,33,1,34,82,7,49,1,139,48,0,48,187
08/31/2023,RFD,IL,AGL,CE,Combined TRACON& Tower with Radar,86,6,29,2,123,0,0,25,0,25,86,6,54,2,148,49,0,49,197
