01/01/2000,RIC,VA,AEA,EN,Towers with Radar,0,1,20,0,21,72,25,2,0,99,72,26,22,0,120,80,34,114,234
01/02/2000,RIC,VA,AEA,EN,Towers with Radar,0,1,45,1,47,110,47,0,0,157,110,48,45,1,204,68,0,68,272
01/03/2000,RIC,VA,AEA,EN,Towers with Radar,0,1,34,4,39,106,64,26,8,204,106,65,60,12,243,80,34,114,357
01/04/2000,RIC,VA,AEA,EN,Towers with Radar,0,1,8,0,9,130,103,46,8,287,130,104,54,8,296,2,6,8,304
01/05/2000,RIC,VA,AEA,EN,Towers with Radar,0,1,59,7,67,156,110,28,36,330,156,111,87,43,397,6,32,38,435
01/06/2000,RIC,VA,AEA,EN,Towers with Radar,0,2,66,8,76,121,95,34,20,270,121,97,100,28,346,22,26,48,394
01/07/2000,RIC,VA,AEA,EN,Towers with Radar,0,1,56,7,64,128,106,18,12,264,128,107,74,19,328,51,12,63,391
01/08/2000,RIC,VA,AEA,EN,Towers with Radar,0,2,45,9,56,101,55,0,14,170,101,57,45,23,226,0,0,0,226
01/09/2000,RIC,VA,AEA,EN,Towers with Radar,0,1,28,4,33,92,61,20,6,179,92,62,48,10,212,0,0,0,212
01/10/2000,RIC,VA,AEA,EN,Towers with Radar,0,1,8,1,10,113,64,79,6,262,113,65,87,7,272,0,8,8,280
01/11/2000,RIC,VA,AEA,EN,Towers with Radar,0,1,38,5,44,132,104,62,24,322,132,105,100,29,366,46,30,76,442
01/12/2000,RIC,VA,AEA,EN,Towers with Radar,0,2,85,10,97,130,138,26,24,318,130,140,111,34,415,0,24,24,439
01/13/2000,RIC,VA,AEA,EN,Towers with Radar,0,1,22,3,26,130,105,68,26,329,130,106,90,29,355,0,0,0,355
01/14/2000,RIC,VA,AEA,EN,Towers with Radar,0,1,63,6,70,137,110,23,37,307,137,111,86,43,377,42,42,84,461
01/15/2000,RIC,VA,AEA,EN,Towers with Radar,0,1,34,0,35,105,52,0,0,157,105,53,34,0,192,14,10,24,216
01/16/2000,RIC,VA,AEA,EN,Towers with Radar,0,0,32,0,32,99,49,0,0,148,99,49,32,0,180,2,0,2,182
01/17/2000,RIC,VA,AEA,EN,Towers with Radar,0,0,50,0,50,103,76,23,0,202,103,76,73,0,252,50,0,50,302
01/18/2000,RIC,VA,AEA,EN,Towers with Radar,0,0,25,2,27,118,89,50,5,262,118,89,75,7,289,62,0,62,351
01/19/2000,RIC,VA,AEA,EN,Towers with Radar,0,0,51,5,56,131,113,78,31,353,131,113,129,36,409,122,40,162,571
01/20/2000,RIC,VA,AEA,EN,Towers with Radar,0,0,9,0,9,127,95,51,15,288,127,95,60,15,297,0,0,0,297
01/21/2000,RIC,VA,AEA,EN,Towers with Radar,0,0,51,5,56,118,112,38,26,294,118,112,89,31,350,6,20,26,376
01/22/2000,RIC,VA,AEA,EN,Towers with Radar,0,0,37,4,41,132,53,0,0,185,132,53,37,4,226,58,0,58,284
01/23/2000,RIC,VA,AEA,EN,Towers with Radar,0,0,1,0,1,86,54,24,0,164,86,54,25,0,165,0,0,0,165
01/24/2000,RIC,VA,AEA,EN,Towers with Radar,0,0,19,2,21,112,79,54,13,258,112,79,73,15,279,4,8,12,291
01/25/2000,RIC,VA,AEA,EN,Towers with Radar,0,0,0,0,0,26,29,3,0,58,26,29,3,0,58,0,0,0,58
01/26/2000,RIC,VA,AEA,EN,Towers with Radar,0,0,22,2,24,75,50,34,0,159,75,50,56,2,183,2,0,2,185
01/27/2000,RIC,VA,AEA,EN,Towers with Radar,0,0,37,5,42,122,111,47,6,286,122,111,84,11,328,0,0,0,328
01/28/2000,RIC,VA,AEA,EN,Towers with Radar,0,0,47,5,52,118,103,44,21,286,118,103,91,26,338,60,8,68,406
01/29/2000,RIC,VA,AEA,EN,Towers with Radar,0,0,33,0,33,86,53,5,0,144,86,53,38,0,177,12,0,12,189
01/30/2000,RIC,VA,AEA,EN,Towers with Radar,0,0,2,0,2,26,15,2,0,43,26,15,4,0,45,0,0,0,45
01/31/2000,RIC,VA,AEA,EN,Towers with Radar,0,0,20,2,22,89,60,50,37,236,89,60,70,39,258,4,0,4,262
02/01/2000,RIC,VA,AEA,EN,Towers with Radar,133,103,100,27,363,1,1,65,15,82,134,104,165,42,445,26,34,60,505
02/02/2000,RIC,VA,AEA,EN,Towers with Radar,115,120,103,45,383,1,0,61,3,65,116,120,164,48,448,12,18,30,478
02/03/2000,RIC,VA,AEA,EN,Towers with Radar,130,105,101,28,364,0,7,55,26,88,130,112,156,54,452,12,10,22,474
02/04/2000,RIC,VA,AEA,EN,Towers with Radar,120,110,87,35,352,3,0,52,7,62,123,110,139,42,414,10,0,10,424
02/05/2000,RIC,VA,AEA,EN,Towers with Radar,84,61,64,18,227,15,0,31,4,50,99,61,95,22,277,24,14,38,315
02/06/2000,RIC,VA,AEA,EN,Towers with Radar,82,48,63,16,209,14,0,24,0,38,96,48,87,16,247,46,0,46,293
02/07/2000,RIC,VA,AEA,EN,Towers with Radar,101,73,82,22,278,0,0,81,0,81,101,73,163,22,359,38,16,54,413
02/08/2000,RIC,VA,AEA,EN,Towers with Radar,126,112,109,30,377,0,8,93,36,137,126,120,202,66,514,8,38,46,560
02/09/2000,RIC,VA,AEA,EN,Towers with Radar,140,109,105,29,383,1,15,98,3,117,141,124,203,32,500,0,0,0,500
02/10/2000,RIC,VA,AEA,EN,Towers with Radar,119,105,102,28,354,0,1,82,20,103,119,106,184,48,457,78,44,122,579
02/11/2000,RIC,VA,AEA,EN,Towers with Radar,133,109,106,29,377,0,6,82,24,112,133,115,188,53,489,32,66,98,587
02/12/2000,RIC,VA,AEA,EN,Towers with Radar,64,46,24,12,146,36,0,0,0,36,100,46,24,12,182,22,0,22,204
02/13/2000,RIC,VA,AEA,EN,Towers with Radar,92,61,47,11,211,0,0,1,0,1,92,61,48,11,212,0,0,0,212
02/14/2000,RIC,VA,AEA,EN,Towers with Radar,88,74,80,22,264,0,0,45,17,62,88,74,125,39,326,24,16,40,366
02/15/2000,RIC,VA,AEA,EN,Towers with Radar,133,121,123,44,421,0,0,62,12,74,133,121,185,56,495,74,54,128,623
02/16/2000,RIC,VA,AEA,EN,Towers with Radar,137,106,102,27,372,2,5,79,18,104,139,111,181,45,476,28,16,44,520
02/17/2000,RIC,VA,AEA,EN,Towers with Radar,121,105,104,28,358,0,0,98,11,109,121,105,202,39,467,60,24,84,551
02/18/2000,RIC,VA,AEA,EN,Towers with Radar,108,83,81,7,279,11,25,36,0,72,119,108,117,7,351,0,0,0,351
02/19/2000,RIC,VA,AEA,EN,Towers with Radar,111,60,53,15,239,0,0,34,6,40,111,60,87,21,279,26,6,32,311
02/20/2000,RIC,VA,AEA,EN,Towers with Radar,101,64,61,3,229,0,0,63,3,66,101,64,124,6,295,34,0,34,329
02/21/2000,RIC,VA,AEA,EN,Towers with Radar,106,71,76,1,254,0,0,73,0,73,106,71,149,1,327,16,0,16,343
02/22/2000,RIC,VA,AEA,EN,Towers with Radar,132,85,92,18,327,0,1,69,5,75,132,86,161,23,402,22,20,42,444
02/23/2000,RIC,VA,AEA,EN,Towers with Radar,131,119,118,10,378,0,1,87,8,96,131,120,205,18,474,28,30,58,532
02/24/2000,RIC,VA,AEA,EN,Towers with Radar,133,110,105,29,377,0,4,76,13,93,133,114,181,42,470,28,50,78,548
02/25/2000,RIC,VA,AEA,EN,Towers with Radar,136,114,114,28,392,0,0,101,10,111,136,114,215,38,503,20,0,20,523
02/26/2000,RIC,VA,AEA,EN,Towers with Radar,100,54,48,8,210,0,1,10,0,11,100,55,58,8,221,8,0,8,229
02/27/2000,RIC,VA,AEA,EN,Towers with Radar,86,46,62,5,199,12,0,0,0,12,98,46,62,5,211,0,0,0,211
02/28/2000,RIC,VA,AEA,EN,Towers with Radar,108,78,83,15,284,0,0,64,0,64,108,78,147,15,348,58,20,78,426
02/29/2000,RIC,VA,AEA,EN,Towers with Radar,120,93,89,19,321,11,15,80,0,106,131,108,169,19,427,16,0,16,443
03/01/2000,RIC,VA,AEA,EN,Towers with Radar,122,115,88,23,348,0,0,79,2,81,122,115,167,25,429,36,16,52,481
03/02/2000,RIC,VA,AEA,EN,Towers with Radar,144,111,124,25,404,0,4,83,3,90,144,115,207,28,494,62,20,82,576
03/03/2000,RIC,VA,AEA,EN,Towers with Radar,132,129,96,19,376,0,2,86,0,88,132,131,182,19,464,38,10,48,512
03/04/2000,RIC,VA,AEA,EN,Towers with Radar,107,60,43,6,216,0,0,59,1,60,107,60,102,7,276,12,0,12,288
03/05/2000,RIC,VA,AEA,EN,Towers with Radar,101,49,37,6,193,0,0,57,7,64,101,49,94,13,257,13,22,35,292
03/06/2000,RIC,VA,AEA,EN,Towers with Radar,105,76,88,3,272,0,1,63,0,64,105,77,151,3,336,26,0,26,362
03/07/2000,RIC,VA,AEA,EN,Towers with Radar,128,111,118,23,380,0,1,94,1,96,128,112,212,24,476,54,42,96,572
03/08/2000,RIC,VA,AEA,EN,Towers with Radar,131,116,105,19,371,0,0,96,0,96,131,116,201,19,467,50,58,108,575
03/09/2000,RIC,VA,AEA,EN,Towers with Radar,131,106,102,16,355,0,0,72,2,74,131,106,174,18,429,32,12,44,473
03/10/2000,RIC,VA,AEA,EN,Towers with Radar,127,115,93,30,365,0,0,91,7,98,127,115,184,37,463,22,8,30,493
03/11/2000,RIC,VA,AEA,EN,Towers with Radar,104,58,50,13,225,0,0,27,5,32,104,58,77,18,257,58,0,58,315
03/12/2000,RIC,VA,AEA,EN,Towers with Radar,107,57,59,30,253,0,0,16,4,20,107,57,75,34,273,38,124,162,435
03/13/2000,RIC,VA,AEA,EN,Towers with Radar,106,80,85,7,278,0,0,72,0,72,106,80,157,7,350,26,0,26,376
03/14/2000,RIC,VA,AEA,EN,Towers with Radar,134,111,99,22,366,0,21,77,17,115,134,132,176,39,481,14,38,52,533
03/15/2000,RIC,VA,AEA,EN,Towers with Radar,130,119,96,23,368,0,0,80,6,86,130,119,176,29,454,26,6,32,486
03/16/2000,RIC,VA,AEA,EN,Towers with Radar,138,111,117,25,391,0,0,33,4,37,138,111,150,29,428,54,14,68,496
03/17/2000,RIC,VA,AEA,EN,Towers with Radar,132,107,96,21,356,7,7,7,12,33,139,114,103,33,389,40,40,80,469
03/18/2000,RIC,VA,AEA,EN,Towers with Radar,90,65,65,1,221,17,0,44,0,61,107,65,109,1,282,86,0,86,368
03/19/2000,RIC,VA,AEA,EN,Towers with Radar,91,75,67,0,233,0,0,16,0,16,91,75,83,0,249,0,0,0,249
03/20/2000,RIC,VA,AEA,EN,Towers with Radar,124,74,96,4,298,0,0,17,3,20,124,74,113,7,318,12,0,12,330
03/21/2000,RIC,VA,AEA,EN,Towers with Radar,126,131,102,15,374,0,0,1,0,1,126,131,103,15,375,2,2,4,379
03/22/2000,RIC,VA,AEA,EN,Towers with Radar,137,121,129,32,419,0,0,1,1,2,137,121,130,33,421,0,10,10,431
03/23/2000,RIC,VA,AEA,EN,Towers with Radar,142,111,116,33,402,0,1,57,7,65,142,112,173,40,467,52,14,66,533
03/24/2000,RIC,VA,AEA,EN,Towers with Radar,149,111,105,51,416,0,1,110,11,122,149,112,215,62,538,64,10,74,612
03/25/2000,RIC,VA,AEA,EN,Towers with Radar,118,73,52,24,267,0,0,76,0,76,118,73,128,24,343,28,0,28,371
03/26/2000,RIC,VA,AEA,EN,Towers with Radar,107,68,77,14,266,0,0,60,0,60,107,68,137,14,326,14,16,30,356
03/27/2000,RIC,VA,AEA,EN,Towers with Radar,103,94,111,23,331,0,0,27,0,27,103,94,138,23,358,4,24,28,386
03/28/2000,RIC,VA,AEA,EN,Towers with Radar,137,140,102,38,417,0,0,57,3,60,137,140,159,41,477,0,26,26,503
03/29/2000,RIC,VA,AEA,EN,Towers with Radar,129,109,99,22,359,0,19,54,15,88,129,128,153,37,447,16,4,20,467
03/30/2000,RIC,VA,AEA,EN,Towers with Radar,136,135,104,20,395,0,0,75,5,80,136,135,179,25,475,12,6,18,493
03/31/2000,RIC,VA,AEA,EN,Towers with Radar,148,122,92,25,387,0,0,88,2,90,148,122,180,27,477,18,12,30,507
04/01/2000,RIC,VA,AEA,EN,Towers with Radar,105,86,45,0,236,3,1,83,3,90,108,87,128,3,326,52,0,52,378
04/02/2000,RIC,VA,AEA,EN,Towers with Radar,93,70,47,4,214,3,0,25,0,28,96,70,72,4,242,0,10,10,252
04/03/2000,RIC,VA,AEA,EN,Towers with Radar,107,71,101,8,287,3,0,37,6,46,110,71,138,14,333,4,0,4,337
04/04/2000,RIC,VA,AEA,EN,Towers with Radar,121,123,94,16,354,3,0,10,2,15,124,123,104,18,369,14,36,50,419
04/05/2000,RIC,VA,AEA,EN,Towers with Radar,137,113,112,34,396,3,1,71,9,84,140,114,183,43,480,20,28,48,528
04/06/2000,RIC,VA,AEA,EN,Towers with Radar,126,130,93,43,392,3,3,73,11,90,129,133,166,54,482,70,58,128,610
04/07/2000,RIC,VA,AEA,EN,Towers with Radar,122,136,126,22,406,3,2,111,11,127,125,138,237,33,533,64,36,100,633
04/08/2000,RIC,VA,AEA,EN,Towers with Radar,106,77,42,6,231,3,0,10,10,23,109,77,52,16,254,31,8,39,293
04/09/2000,RIC,VA,AEA,EN,Towers with Radar,89,68,57,2,216,3,0,15,0,18,92,68,72,2,234,0,0,0,234
04/10/2000,RIC,VA,AEA,EN,Towers with Radar,116,88,98,11,313,0,0,109,0,109,116,88,207,11,422,60,4,64,486
04/11/2000,RIC,VA,AEA,EN,Towers with Radar,132,115,127,17,391,3,1,69,2,75,135,116,196,19,466,18,2,20,486
04/12/2000,RIC,VA,AEA,EN,Towers with Radar,120,109,109,17,355,0,17,61,18,96,120,126,170,35,451,14,48,62,513
04/13/2000,RIC,VA,AEA,EN,Towers with Radar,127,130,113,22,392,3,0,53,6,62,130,130,166,28,454,6,6,12,466
04/14/2000,RIC,VA,AEA,EN,Towers with Radar,131,122,125,20,398,0,0,64,9,73,131,122,189,29,471,118,36,154,625
04/15/2000,RIC,VA,AEA,EN,Towers with Radar,110,58,48,3,219,3,0,0,0,3,113,58,48,3,222,0,0,0,222
04/16/2000,RIC,VA,AEA,EN,Towers with Radar,93,71,61,1,226,3,0,23,1,27,96,71,84,2,253,0,0,0,253
04/17/2000,RIC,VA,AEA,EN,Towers with Radar,106,84,80,4,274,2,1,18,6,27,108,85,98,10,301,16,0,16,317
04/18/2000,RIC,VA,AEA,EN,Towers with Radar,135,117,127,23,402,2,1,0,0,3,137,118,127,23,405,0,0,0,405
04/19/2000,RIC,VA,AEA,EN,Towers with Radar,148,116,143,38,445,2,1,68,6,77,150,117,211,44,522,52,14,66,588
04/20/2000,RIC,VA,AEA,EN,Towers with Radar,130,109,111,27,377,2,1,81,1,85,132,110,192,28,462,24,28,52,514
04/21/2000,RIC,VA,AEA,EN,Towers with Radar,126,96,66,14,302,2,2,17,3,24,128,98,83,17,326,0,0,0,326
04/22/2000,RIC,VA,AEA,EN,Towers with Radar,86,48,32,0,166,2,1,24,0,27,88,49,56,0,193,0,0,0,193
04/23/2000,RIC,VA,AEA,EN,Towers with Radar,92,66,45,0,203,2,1,26,0,29,94,67,71,0,232,8,0,8,240
04/24/2000,RIC,VA,AEA,EN,Towers with Radar,108,85,97,16,306,0,0,89,91,180,108,85,186,107,486,20,24,44,530
04/25/2000,RIC,VA,AEA,EN,Towers with Radar,136,124,147,16,423,2,1,0,0,3,138,125,147,16,426,2,0,2,428
04/26/2000,RIC,VA,AEA,EN,Towers with Radar,130,117,116,19,382,0,0,76,9,85,130,117,192,28,467,36,6,42,509
04/27/2000,RIC,VA,AEA,EN,Towers with Radar,142,106,150,50,448,2,2,17,2,23,144,108,167,52,471,40,34,74,545
04/28/2000,RIC,VA,AEA,EN,Towers with Radar,132,102,162,30,426,2,1,14,0,17,134,103,176,30,443,20,0,20,463
04/29/2000,RIC,VA,AEA,EN,Towers with Radar,112,62,55,0,229,2,1,34,2,39,114,63,89,2,268,64,0,64,332
04/30/2000,RIC,VA,AEA,EN,Towers with Radar,107,67,76,4,254,2,1,65,0,68,109,68,141,4,322,38,0,38,360
05/01/2000,RIC,VA,AEA,EN,Towers with Radar,120,88,87,13,308,1,0,85,4,90,121,88,172,17,398,46,20,66,464
05/02/2000,RIC,VA,AEA,EN,Towers with Radar,136,110,113,22,381,0,13,48,16,77,136,123,161,38,458,32,28,60,518
05/03/2000,RIC,VA,AEA,EN,Towers with Radar,139,125,121,32,417,1,0,105,0,106,140,125,226,32,523,29,0,29,552
05/04/2000,RIC,VA,AEA,EN,Towers with Radar,138,113,195,33,479,1,0,105,0,106,139,113,300,33,585,16,20,36,621
05/05/2000,RIC,VA,AEA,EN,Towers with Radar,133,116,157,17,423,1,0,117,7,125,134,116,274,24,548,2,0,2,550
05/06/2000,RIC,VA,AEA,EN,Towers with Radar,111,77,136,4,328,1,0,112,6,119,112,77,248,10,447,0,0,0,447
05/07/2000,RIC,VA,AEA,EN,Towers with Radar,101,80,131,4,316,1,1,107,12,121,102,81,238,16,437,8,0,8,445
05/08/2000,RIC,VA,AEA,EN,Towers with Radar,110,78,74,16,278,1,0,92,8,101,111,78,166,24,379,36,16,52,431
05/09/2000,RIC,VA,AEA,EN,Towers with Radar,141,125,111,49,426,1,0,69,8,78,142,125,180,57,504,16,56,72,576
05/10/2000,RIC,VA,AEA,EN,Towers with Radar,153,105,98,23,379,1,1,36,19,57,154,106,134,42,436,0,10,10,446
05/11/2000,RIC,VA,AEA,EN,Towers with Radar,135,121,134,34,424,1,0,92,12,105,136,121,226,46,529,24,28,52,581
05/12/2000,RIC,VA,AEA,EN,Towers with Radar,129,119,107,30,385,1,0,66,7,74,130,119,173,37,459,14,8,22,481
05/13/2000,RIC,VA,AEA,EN,Towers with Radar,99,65,18,3,185,1,0,36,7,44,100,65,54,10,229,0,0,0,229
05/14/2000,RIC,VA,AEA,EN,Towers with Radar,109,59,29,3,200,1,0,52,2,55,110,59,81,5,255,66,0,66,321
05/15/2000,RIC,VA,AEA,EN,Towers with Radar,116,89,119,9,333,1,0,92,3,96,117,89,211,12,429,12,2,14,443
05/16/2000,RIC,VA,AEA,EN,Towers with Radar,139,135,125,17,416,0,7,90,6,103,139,142,215,23,519,42,0,42,561
05/17/2000,RIC,VA,AEA,EN,Towers with Radar,135,115,120,20,390,0,4,107,0,111,135,119,227,20,501,0,0,0,501
05/18/2000,RIC,VA,AEA,EN,Towers with Radar,125,115,128,20,388,0,1,51,10,62,125,116,179,30,450,14,10,24,474
05/19/2000,RIC,VA,AEA,EN,Towers with Radar,126,97,106,27,356,0,0,35,3,38,126,97,141,30,394,4,0,4,398
05/20/2000,RIC,VA,AEA,EN,Towers with Radar,117,72,69,2,260,0,0,0,0,0,117,72,69,2,260,10,0,10,270
05/21/2000,RIC,VA,AEA,EN,Towers with Radar,86,57,50,3,196,0,0,6,0,6,86,57,56,3,202,12,0,12,214
05/22/2000,RIC,VA,AEA,EN,Towers with Radar,121,75,107,16,319,0,0,7,3,10,121,75,114,19,329,0,0,0,329
05/23/2000,RIC,VA,AEA,EN,Towers with Radar,133,132,132,61,458,0,0,44,9,53,133,132,176,70,511,10,38,48,559
05/24/2000,RIC,VA,AEA,EN,Towers with Radar,130,110,90,35,365,0,0,66,0,66,130,110,156,35,431,20,40,60,491
05/25/2000,RIC,VA,AEA,EN,Towers with Radar,132,127,113,37,409,0,1,56,6,63,132,128,169,43,472,26,8,34,506
05/26/2000,RIC,VA,AEA,EN,Towers with Radar,145,110,100,35,390,0,1,111,15,127,145,111,211,50,517,14,64,78,595
05/27/2000,RIC,VA,AEA,EN,Towers with Radar,101,58,52,0,211,0,0,24,0,24,101,58,76,0,235,10,0,10,245
05/28/2000,RIC,VA,AEA,EN,Towers with Radar,94,56,56,2,208,0,0,0,0,0,94,56,56,2,208,8,0,8,216
05/29/2000,RIC,VA,AEA,EN,Towers with Radar,108,67,34,2,211,0,0,9,0,9,108,67,43,2,220,0,0,0,220
05/30/2000,RIC,VA,AEA,EN,Towers with Radar,125,97,95,5,322,0,2,57,3,62,125,99,152,8,384,28,14,42,426
05/31/2000,RIC,VA,AEA,EN,Towers with Radar,148,108,104,50,410,0,0,91,13,104,148,108,195,63,514,78,28,106,620
06/01/2000,RIC,VA,AEA,EN,Towers with Radar,152,125,98,31,406,1,0,98,9,108,153,125,196,40,514,40,12,52,566
06/02/2000,RIC,VA,AEA,EN,Towers with Radar,125,110,67,19,321,1,1,67,12,81,126,111,134,31,402,18,12,30,432
06/03/2000,RIC,VA,AEA,EN,Towers with Radar,108,71,36,6,221,1,0,67,1,69,109,71,103,7,290,64,8,72,362
06/04/2000,RIC,VA,AEA,EN,Towers with Radar,103,59,47,4,213,1,0,30,1,32,104,59,77,5,245,8,0,8,253
06/05/2000,RIC,VA,AEA,EN,Towers with Radar,114,79,91,16,300,1,0,6,0,7,115,79,97,16,307,0,0,0,307
06/06/2000,RIC,VA,AEA,EN,Towers with Radar,136,123,122,23,404,1,2,19,0,22,137,125,141,23,426,40,14,54,480
06/07/2000,RIC,VA,AEA,EN,Towers with Radar,137,119,112,55,423,1,1,80,2,84,138,120,192,57,507,34,26,60,567
06/08/2000,RIC,VA,AEA,EN,Towers with Radar,138,114,136,51,439,1,0,98,9,108,139,114,234,60,547,24,60,84,631
06/09/2000,RIC,VA,AEA,EN,Towers with Radar,137,122,100,42,401,1,3,92,0,96,138,125,192,42,497,24,0,24,521
06/10/2000,RIC,VA,AEA,EN,Towers with Radar,116,62,50,21,249,1,0,62,1,64,117,62,112,22,313,8,6,14,327
06/11/2000,RIC,VA,AEA,EN,Towers with Radar,105,51,37,23,216,1,0,48,0,49,106,51,85,23,265,14,6,20,285
06/12/2000,RIC,VA,AEA,EN,Towers with Radar,107,80,93,13,293,0,1,55,1,57,107,81,148,14,350,10,6,16,366
06/13/2000,RIC,VA,AEA,EN,Towers with Radar,137,115,117,40,409,0,0,30,4,34,137,115,147,44,443,0,30,30,473
06/14/2000,RIC,VA,AEA,EN,Towers with Radar,119,102,101,11,333,0,0,12,0,12,119,102,113,11,345,0,0,0,345
06/15/2000,RIC,VA,AEA,EN,Towers with Radar,115,130,108,60,413,0,1,26,5,32,115,131,134,65,445,4,28,32,477
06/16/2000,RIC,VA,AEA,EN,Towers with Radar,141,140,120,36,437,0,1,44,7,52,141,141,164,43,489,42,26,68,557
06/17/2000,RIC,VA,AEA,EN,Towers with Radar,117,72,27,2,218,0,0,48,3,51,117,72,75,5,269,24,0,24,293
06/18/2000,RIC,VA,AEA,EN,Towers with Radar,105,67,42,2,216,0,0,21,8,29,105,67,63,10,245,22,0,22,267
06/19/2000,RIC,VA,AEA,EN,Towers with Radar,102,100,110,8,320,0,0,40,14,54,102,100,150,22,374,30,4,34,408
06/20/2000,RIC,VA,AEA,EN,Towers with Radar,167,119,110,21,417,0,0,73,10,83,167,119,183,31,500,24,12,36,536
06/21/2000,RIC,VA,AEA,EN,Towers with Radar,137,121,119,31,408,0,0,77,6,83,137,121,196,37,491,40,18,58,549
06/22/2000,RIC,VA,AEA,EN,Towers with Radar,144,120,106,27,397,0,3,50,6,59,144,123,156,33,456,0,46,46,502
06/23/2000,RIC,VA,AEA,EN,Towers with Radar,147,114,79,19,359,0,1,79,16,96,147,115,158,35,455,4,6,10,465
06/24/2000,RIC,VA,AEA,EN,Towers with Radar,96,81,71,19,267,0,0,20,55,75,96,81,91,74,342,78,2,80,422
06/25/2000,RIC,VA,AEA,EN,Towers with Radar,105,68,55,3,231,0,0,43,12,55,105,68,98,15,286,26,6,32,318
06/26/2000,RIC,VA,AEA,EN,Towers with Radar,124,75,89,13,301,0,0,45,7,52,124,75,134,20,353,48,10,58,411
06/27/2000,RIC,VA,AEA,EN,Towers with Radar,136,110,157,30,433,0,0,57,8,65,136,110,214,38,498,0,16,16,514
06/28/2000,RIC,VA,AEA,EN,Towers with Radar,133,144,127,17,421,0,0,15,0,15,133,144,142,17,436,0,30,30,466
06/29/2000,RIC,VA,AEA,EN,Towers with Radar,129,112,105,16,362,0,0,28,6,34,129,112,133,22,396,10,30,40,436
06/30/2000,RIC,VA,AEA,EN,Towers with Radar,134,120,81,18,353,0,0,91,16,107,134,120,172,34,460,22,20,42,502
07/01/2000,RIC,VA,AEA,EN,Towers with Radar,109,74,40,10,233,2,2,78,0,82,111,76,118,10,315,22,0,22,337
07/02/2000,RIC,VA,AEA,EN,Towers with Radar,97,49,19,3,168,2,3,36,0,41,99,52,55,3,209,12,0,12,221
07/03/2000,RIC,VA,AEA,EN,Towers with Radar,81,62,61,3,207,6,6,46,0,58,87,68,107,3,265,8,0,8,273
07/04/2000,RIC,VA,AEA,EN,Towers with Radar,98,71,32,0,201,1,2,23,0,26,99,73,55,0,227,14,0,14,241
07/05/2000,RIC,VA,AEA,EN,Towers with Radar,109,79,87,15,290,0,0,70,7,77,109,79,157,22,367,36,12,48,415
07/06/2000,RIC,VA,AEA,EN,Towers with Radar,131,115,95,23,364,1,2,66,0,69,132,117,161,23,433,20,4,24,457
07/07/2000,RIC,VA,AEA,EN,Towers with Radar,137,109,104,17,367,0,1,79,25,105,137,110,183,42,472,10,10,20,492
07/08/2000,RIC,VA,AEA,EN,Towers with Radar,96,68,71,4,239,26,0,81,0,107,122,68,152,4,346,0,0,0,346
07/09/2000,RIC,VA,AEA,EN,Towers with Radar,95,65,70,12,242,9,0,11,2,22,104,65,81,14,264,0,0,0,264
07/10/2000,RIC,VA,AEA,EN,Towers with Radar,109,81,94,16,300,0,0,71,3,74,109,81,165,19,374,0,0,0,374
07/11/2000,RIC,VA,AEA,EN,Towers with Radar,129,112,107,18,366,0,7,88,14,109,129,119,195,32,475,20,6,26,501
07/12/2000,RIC,VA,AEA,EN,Towers with Radar,128,111,106,17,362,0,5,91,0,96,128,116,197,17,458,4,2,6,464
07/13/2000,RIC,VA,AEA,EN,Towers with Radar,134,107,103,17,361,0,14,58,18,90,134,121,161,35,451,0,22,22,473
07/14/2000,RIC,VA,AEA,EN,Towers with Radar,132,111,111,17,371,0,0,86,21,107,132,111,197,38,478,10,10,20,498
07/15/2000,RIC,VA,AEA,EN,Towers with Radar,91,65,56,10,222,38,0,0,2,40,129,65,56,12,262,0,18,18,280
07/16/2000,RIC,VA,AEA,EN,Towers with Radar,96,74,71,11,252,19,0,19,8,46,115,74,90,19,298,0,36,36,334
07/17/2000,RIC,VA,AEA,EN,Towers with Radar,115,102,98,3,318,0,14,64,0,78,115,116,162,3,396,20,8,28,424
07/18/2000,RIC,VA,AEA,EN,Towers with Radar,146,119,117,22,404,1,2,63,3,69,147,121,180,25,473,36,0,36,509
07/19/2000,RIC,VA,AEA,EN,Towers with Radar,129,110,133,25,397,1,3,43,5,52,130,113,176,30,449,6,0,6,455
07/20/2000,RIC,VA,AEA,EN,Towers with Radar,131,131,121,14,397,1,3,46,11,61,132,134,167,25,458,12,8,20,478
07/21/2000,RIC,VA,AEA,EN,Towers with Radar,128,120,116,22,386,1,2,82,4,89,129,122,198,26,475,6,10,16,491
07/22/2000,RIC,VA,AEA,EN,Towers with Radar,118,70,53,5,246,1,2,23,5,31,119,72,76,10,277,4,0,4,281
07/23/2000,RIC,VA,AEA,EN,Towers with Radar,105,51,63,3,222,1,2,17,2,22,106,53,80,5,244,10,0,10,254
07/24/2000,RIC,VA,AEA,EN,Towers with Radar,125,77,92,2,296,0,0,16,0,16,125,77,108,2,312,0,0,0,312
07/25/2000,RIC,VA,AEA,EN,Towers with Radar,131,122,111,29,393,1,3,9,6,19,132,125,120,35,412,6,12,18,430
07/26/2000,RIC,VA,AEA,EN,Towers with Radar,118,119,121,13,371,1,2,0,1,4,119,121,121,14,375,0,0,0,375
07/27/2000,RIC,VA,AEA,EN,Towers with Radar,146,116,124,24,410,1,1,67,5,74,147,117,191,29,484,0,0,0,484
07/28/2000,RIC,VA,AEA,EN,Towers with Radar,119,97,91,14,321,0,5,70,15,90,119,102,161,29,411,12,10,22,433
07/29/2000,RIC,VA,AEA,EN,Towers with Radar,113,62,51,8,234,1,1,34,3,39,114,63,85,11,273,8,2,10,283
07/30/2000,RIC,VA,AEA,EN,Towers with Radar,93,55,51,4,203,1,1,11,0,13,94,56,62,4,216,0,0,0,216
07/31/2000,RIC,VA,AEA,EN,Towers with Radar,91,91,89,6,277,1,1,8,0,10,92,92,97,6,287,0,0,0,287
08/01/2000,RIC,VA,AEA,EN,Towers with Radar,121,131,85,43,380,1,1,51,5,58,122,132,136,48,438,0,0,0,438
08/02/2000,RIC,VA,AEA,EN,Towers with Radar,126,115,139,47,427,1,3,40,6,50,127,118,179,53,477,0,0,0,477
08/03/2000,RIC,VA,AEA,EN,Towers with Radar,145,115,110,41,411,1,0,49,5,55,146,115,159,46,466,0,0,0,466
08/04/2000,RIC,VA,AEA,EN,Towers with Radar,111,119,99,24,353,0,22,13,13,48,111,141,112,37,401,0,0,0,401
08/05/2000,RIC,VA,AEA,EN,Towers with Radar,116,99,65,10,290,1,0,28,6,35,117,99,93,16,325,0,0,0,325
08/06/2000,RIC,VA,AEA,EN,Towers with Radar,105,79,56,2,242,1,0,12,3,16,106,79,68,5,258,0,0,0,258
08/07/2000,RIC,VA,AEA,EN,Towers with Radar,102,99,80,8,289,1,0,69,8,78,103,99,149,16,367,0,0,0,367
08/08/2000,RIC,VA,AEA,EN,Towers with Radar,143,130,103,24,400,1,0,62,8,71,144,130,165,32,471,0,0,0,471
08/09/2000,RIC,VA,AEA,EN,Towers with Radar,139,111,104,13,367,1,0,67,9,77,140,111,171,22,444,0,0,0,444
08/10/2000,RIC,VA,AEA,EN,Towers with Radar,138,129,92,40,399,1,0,60,6,67,139,129,152,46,466,0,0,0,466
08/11/2000,RIC,VA,AEA,EN,Towers with Radar,137,121,86,46,390,1,1,78,4,84,138,122,164,50,474,0,0,0,474
08/12/2000,RIC,VA,AEA,EN,Towers with Radar,133,70,50,18,271,1,0,64,1,66,134,70,114,19,337,0,0,0,337
08/13/2000,RIC,VA,AEA,EN,Towers with Radar,124,53,60,1,238,1,0,10,2,13,125,53,70,3,251,0,0,0,251
08/14/2000,RIC,VA,AEA,EN,Towers with Radar,114,76,93,32,315,1,0,40,3,44,115,76,133,35,359,0,0,0,359
08/15/2000,RIC,VA,AEA,EN,Towers with Radar,129,140,98,39,406,1,0,67,5,73,130,140,165,44,479,0,0,0,479
08/16/2000,RIC,VA,AEA,EN,Towers with Radar,137,119,117,22,395,1,1,55,12,69,138,120,172,34,464,0,0,0,464
08/17/2000,RIC,VA,AEA,EN,Towers with Radar,120,116,102,21,359,1,0,76,3,80,121,116,178,24,439,0,0,0,439
08/18/2000,RIC,VA,AEA,EN,Towers with Radar,131,126,79,7,343,1,0,14,1,16,132,126,93,8,359,0,0,0,359
08/19/2000,RIC,VA,AEA,EN,Towers with Radar,135,75,51,3,264,1,0,44,0,45,136,75,95,3,309,0,0,0,309
08/20/2000,RIC,VA,AEA,EN,Towers with Radar,110,66,62,0,238,1,0,42,0,43,111,66,104,0,281,0,0,0,281
08/21/2000,RIC,VA,AEA,EN,Towers with Radar,112,96,68,24,300,1,0,69,7,77,113,96,137,31,377,0,0,0,377
08/22/2000,RIC,VA,AEA,EN,Towers with Radar,134,131,118,14,397,1,1,70,11,83,135,132,188,25,480,0,0,0,480
08/23/2000,RIC,VA,AEA,EN,Towers with Radar,125,123,107,28,383,1,0,65,4,70,126,123,172,32,453,0,0,0,453
08/24/2000,RIC,VA,AEA,EN,Towers with Radar,130,128,98,10,366,1,2,33,2,38,131,130,131,12,404,0,0,0,404
08/25/2000,RIC,VA,AEA,EN,Towers with Radar,133,124,91,39,387,1,0,47,0,48,134,124,138,39,435,0,0,0,435
08/26/2000,RIC,VA,AEA,EN,Towers with Radar,125,69,51,20,265,1,0,57,0,58,126,69,108,20,323,0,0,0,323
08/27/2000,RIC,VA,AEA,EN,Towers with Radar,107,77,48,6,238,1,0,19,0,20,108,77,67,6,258,0,0,0,258
08/28/2000,RIC,VA,AEA,EN,Towers with Radar,118,97,143,18,376,1,0,25,2,28,119,97,168,20,404,0,0,0,404
08/29/2000,RIC,VA,AEA,EN,Towers with Radar,143,118,131,26,418,1,0,26,0,27,144,118,157,26,445,0,0,0,445
08/30/2000,RIC,VA,AEA,EN,Towers with Radar,133,124,110,28,395,1,0,13,0,14,134,124,123,28,409,0,0,0,409
08/31/2000,RIC,VA,AEA,EN,Towers with Radar,140,118,111,24,393,0,0,6,0,6,140,118,117,24,399,0,0,0,399
09/01/2000,RIC,VA,AEA,EN,Towers with Radar,140,141,83,18,382,1,0,21,1,23,141,141,104,19,405,0,0,0,405
09/02/2000,RIC,VA,AEA,EN,Towers with Radar,94,77,57,6,234,1,0,4,0,5,95,77,61,6,239,8,16,24,263
09/03/2000,RIC,VA,AEA,EN,Towers with Radar,89,60,25,10,184,1,0,1,0,2,90,60,26,10,186,4,6,10,196
09/04/2000,RIC,VA,AEA,EN,Towers with Radar,105,71,39,11,226,1,3,10,2,16,106,74,49,13,242,6,30,36,278
09/05/2000,RIC,VA,AEA,EN,Towers with Radar,129,95,96,29,349,1,0,35,3,39,130,95,131,32,388,4,52,56,444
09/06/2000,RIC,VA,AEA,EN,Towers with Radar,133,123,112,26,394,1,0,66,3,70,134,123,178,29,464,2,20,22,486
09/07/2000,RIC,VA,AEA,EN,Towers with Radar,138,130,220,12,500,1,0,104,6,111,139,130,324,18,611,18,0,18,629
09/08/2000,RIC,VA,AEA,EN,Towers with Radar,138,145,161,21,465,1,0,130,3,134,139,145,291,24,599,8,4,12,611
09/09/2000,RIC,VA,AEA,EN,Towers with Radar,113,101,122,32,368,1,0,115,9,125,114,101,237,41,493,26,10,36,529
09/10/2000,RIC,VA,AEA,EN,Towers with Radar,121,57,143,18,339,18,0,83,6,107,139,57,226,24,446,62,16,78,524
09/11/2000,RIC,VA,AEA,EN,Towers with Radar,107,114,108,30,359,0,0,54,12,66,107,114,162,42,425,12,26,38,463
09/12/2000,RIC,VA,AEA,EN,Towers with Radar,143,119,103,64,429,0,1,38,4,43,143,120,141,68,472,2,48,50,522
09/13/2000,RIC,VA,AEA,EN,Towers with Radar,140,144,120,31,435,0,0,75,6,81,140,144,195,37,516,12,0,12,528
09/14/2000,RIC,VA,AEA,EN,Towers with Radar,124,156,115,30,425,0,0,63,6,69,124,156,178,36,494,20,8,28,522
09/15/2000,RIC,VA,AEA,EN,Towers with Radar,143,143,90,53,429,0,0,56,9,65,143,143,146,62,494,9,40,49,543
09/16/2000,RIC,VA,AEA,EN,Towers with Radar,140,67,58,2,267,0,0,60,1,61,140,67,118,3,328,0,10,10,338
09/17/2000,RIC,VA,AEA,EN,Towers with Radar,118,69,62,1,250,0,0,70,2,72,118,69,132,3,322,4,0,4,326
09/18/2000,RIC,VA,AEA,EN,Towers with Radar,117,114,95,7,333,0,0,48,4,52,117,114,143,11,385,10,16,26,411
09/19/2000,RIC,VA,AEA,EN,Towers with Radar,146,132,85,15,378,0,0,14,7,21,146,132,99,22,399,0,10,10,409
09/20/2000,RIC,VA,AEA,EN,Towers with Radar,127,148,108,31,414,0,0,87,11,98,127,148,195,42,512,20,22,42,554
09/21/2000,RIC,VA,AEA,EN,Towers with Radar,143,138,109,15,405,0,0,67,3,70,143,138,176,18,475,12,16,28,503
09/22/2000,RIC,VA,AEA,EN,Towers with Radar,133,125,107,21,386,0,29,82,9,120,133,154,189,30,506,0,0,0,506
09/23/2000,RIC,VA,AEA,EN,Towers with Radar,128,64,57,6,255,0,0,0,0,0,128,64,57,6,255,0,0,0,255
09/24/2000,RIC,VA,AEA,EN,Towers with Radar,127,64,59,18,268,0,0,27,1,28,127,64,86,19,296,8,0,8,304
09/25/2000,RIC,VA,AEA,EN,Towers with Radar,114,114,115,21,364,0,0,10,0,10,114,114,125,21,374,0,0,0,374
09/26/2000,RIC,VA,AEA,EN,Towers with Radar,156,126,89,9,380,0,0,9,0,9,156,126,98,9,389,0,0,0,389
09/27/2000,RIC,VA,AEA,EN,Towers with Radar,140,126,119,22,407,0,0,107,6,113,140,126,226,28,520,54,14,68,588
09/28/2000,RIC,VA,AEA,EN,Towers with Radar,133,142,91,18,384,0,0,126,6,132,133,142,217,24,516,40,58,98,614
09/29/2000,RIC,VA,AEA,EN,Towers with Radar,140,140,103,14,397,0,0,100,2,102,140,140,203,16,499,24,0,24,523
09/30/2000,RIC,VA,AEA,EN,Towers with Radar,131,69,26,0,226,0,0,70,0,70,131,69,96,0,296,14,0,14,310
10/01/2000,RIC,VA,AEA,EN,Towers with Radar,99,98,65,4,266,1,1,52,1,55,100,99,117,5,321,0,0,0,321
10/02/2000,RIC,VA,AEA,EN,Towers with Radar,145,85,91,8,329,1,1,70,2,74,146,86,161,10,403,58,0,58,461
10/03/2000,RIC,VA,AEA,EN,Towers with Radar,134,113,82,21,350,1,3,52,10,66,135,116,134,31,416,10,0,10,426
10/04/2000,RIC,VA,AEA,EN,Towers with Radar,129,140,75,22,366,1,2,89,12,104,130,142,164,34,470,44,68,112,582
10/05/2000,RIC,VA,AEA,EN,Towers with Radar,130,132,107,17,386,1,1,54,6,62,131,133,161,23,448,0,22,22,470
10/06/2000,RIC,VA,AEA,EN,Towers with Radar,156,103,88,31,378,1,2,65,6,74,157,105,153,37,452,0,0,0,452
10/07/2000,RIC,VA,AEA,EN,Towers with Radar,135,74,70,2,281,1,0,59,0,60,136,74,129,2,341,12,0,12,353
10/08/2000,RIC,VA,AEA,EN,Towers with Radar,102,60,50,0,212,1,0,52,0,53,103,60,102,0,265,10,0,10,275
10/09/2000,RIC,VA,AEA,EN,Towers with Radar,123,82,80,0,285,1,0,64,1,66,124,82,144,1,351,45,0,45,396
10/10/2000,RIC,VA,AEA,EN,Towers with Radar,135,101,98,3,337,4,15,67,6,92,139,116,165,9,429,10,8,18,447
10/11/2000,RIC,VA,AEA,EN,Towers with Radar,156,130,89,15,390,1,0,89,9,99,157,130,178,24,489,16,12,28,517
10/12/2000,RIC,VA,AEA,EN,Towers with Radar,145,130,117,23,415,1,4,96,6,107,146,134,213,29,522,0,0,0,522
10/13/2000,RIC,VA,AEA,EN,Towers with Radar,171,112,85,36,404,1,0,83,10,94,172,112,168,46,498,10,16,26,524
10/14/2000,RIC,VA,AEA,EN,Towers with Radar,137,61,52,19,269,0,1,73,9,83,137,62,125,28,352,48,16,64,416
10/15/2000,RIC,VA,AEA,EN,Towers with Radar,101,83,44,27,255,0,1,87,14,102,101,84,131,41,357,20,8,28,385
10/16/2000,RIC,VA,AEA,EN,Towers with Radar,111,96,83,18,308,0,3,54,1,58,111,99,137,19,366,40,0,40,406
10/17/2000,RIC,VA,AEA,EN,Towers with Radar,148,132,103,26,409,0,1,50,4,55,148,133,153,30,464,0,0,0,464
10/18/2000,RIC,VA,AEA,EN,Towers with Radar,144,123,119,29,415,0,1,45,3,49,144,124,164,32,464,6,32,38,502
10/19/2000,RIC,VA,AEA,EN,Towers with Radar,155,114,94,16,379,0,3,98,4,105,155,117,192,20,484,6,32,38,522
10/20/2000,RIC,VA,AEA,EN,Towers with Radar,159,132,95,31,417,0,2,86,18,106,159,134,181,49,523,0,0,0,523
10/21/2000,RIC,VA,AEA,EN,Towers with Radar,130,66,52,0,248,0,1,66,3,70,130,67,118,3,318,0,0,0,318
10/22/2000,RIC,VA,AEA,EN,Towers with Radar,118,60,74,17,269,4,0,9,1,14,122,60,83,18,283,2,8,10,293
10/23/2000,RIC,VA,AEA,EN,Towers with Radar,123,102,88,5,318,0,7,87,0,94,123,109,175,5,412,6,2,8,420
10/24/2000,RIC,VA,AEA,EN,Towers with Radar,136,140,107,85,468,0,4,66,3,73,136,144,173,88,541,56,54,110,651
10/25/2000,RIC,VA,AEA,EN,Towers with Radar,172,119,108,37,436,0,1,69,4,74,172,120,177,41,510,28,34,62,572
10/26/2000,RIC,VA,AEA,EN,Towers with Radar,149,116,117,71,453,0,1,55,10,66,149,117,172,81,519,18,40,58,577
10/27/2000,RIC,VA,AEA,EN,Towers with Radar,142,124,129,46,441,0,2,32,2,36,142,126,161,48,477,2,40,42,519
10/28/2000,RIC,VA,AEA,EN,Towers with Radar,145,58,39,5,247,0,1,36,2,39,145,59,75,7,286,8,0,8,294
10/29/2000,RIC,VA,AEA,EN,Towers with Radar,132,48,47,2,229,0,1,38,3,42,132,49,85,5,271,58,6,64,335
10/30/2000,RIC,VA,AEA,EN,Towers with Radar,135,82,116,7,340,0,3,68,5,76,135,85,184,12,416,34,0,34,450
10/31/2000,RIC,VA,AEA,EN,Towers with Radar,165,119,127,29,440,0,1,92,2,95,165,120,219,31,535,36,10,46,581
11/01/2000,RIC,VA,AEA,EN,Towers with Radar,185,96,103,30,414,0,1,77,3,81,185,97,180,33,495,0,0,0,495
11/02/2000,RIC,VA,AEA,EN,Towers with Radar,127,144,96,25,392,0,3,71,13,87,127,147,167,38,479,18,2,20,499
11/03/2000,RIC,VA,AEA,EN,Towers with Radar,150,135,109,30,424,0,2,84,3,89,150,137,193,33,513,12,8,20,533
11/04/2000,RIC,VA,AEA,EN,Towers with Radar,119,79,70,18,286,14,0,25,15,54,133,79,95,33,340,28,96,124,464
11/05/2000,RIC,VA,AEA,EN,Towers with Radar,129,51,37,9,226,0,1,44,2,47,129,52,81,11,273,2,0,2,275
11/06/2000,RIC,VA,AEA,EN,Towers with Radar,128,95,105,21,349,0,3,122,1,126,128,98,227,22,475,10,0,10,485
11/07/2000,RIC,VA,AEA,EN,Towers with Radar,165,134,84,52,435,0,1,59,3,63,165,135,143,55,498,0,14,14,512
11/08/2000,RIC,VA,AEA,EN,Towers with Radar,145,121,101,50,417,0,2,44,5,51,145,123,145,55,468,0,0,0,468
11/09/2000,RIC,VA,AEA,EN,Towers with Radar,152,123,116,4,395,0,1,3,0,4,152,124,119,4,399,0,0,0,399
11/10/2000,RIC,VA,AEA,EN,Towers with Radar,139,135,85,8,367,0,1,40,2,43,139,136,125,10,410,16,0,16,426
11/11/2000,RIC,VA,AEA,EN,Towers with Radar,116,90,39,2,247,0,1,29,2,32,116,91,68,4,279,14,0,14,293
11/12/2000,RIC,VA,AEA,EN,Towers with Radar,131,57,50,2,240,0,1,64,2,67,131,58,114,4,307,0,0,0,307
11/13/2000,RIC,VA,AEA,EN,Towers with Radar,118,113,106,15,352,0,0,55,0,55,118,113,161,15,407,40,16,56,463
11/14/2000,RIC,VA,AEA,EN,Towers with Radar,154,136,107,44,441,0,0,45,7,52,154,136,152,51,493,20,74,94,587
11/15/2000,RIC,VA,AEA,EN,Towers with Radar,121,140,110,37,408,0,1,67,5,73,121,141,177,42,481,26,32,58,539
11/16/2000,RIC,VA,AEA,EN,Towers with Radar,137,134,139,38,448,0,0,56,10,66,137,134,195,48,514,10,22,32,546
11/17/2000,RIC,VA,AEA,EN,Towers with Radar,134,144,119,20,417,0,0,56,10,66,134,144,175,30,483,18,9,27,510
11/18/2000,RIC,VA,AEA,EN,Towers with Radar,152,61,34,3,250,0,0,53,6,59,152,61,87,9,309,8,0,8,317
11/19/2000,RIC,VA,AEA,EN,Towers with Radar,129,57,52,5,243,0,0,24,3,27,129,57,76,8,270,16,0,16,286
11/20/2000,RIC,VA,AEA,EN,Towers with Radar,116,93,88,21,318,0,0,40,3,43,116,93,128,24,361,14,16,30,391
11/21/2000,RIC,VA,AEA,EN,Towers with Radar,150,119,103,36,408,0,1,50,5,56,150,120,153,41,464,42,8,50,514
11/22/2000,RIC,VA,AEA,EN,Towers with Radar,160,121,89,30,400,0,1,43,0,44,160,122,132,30,444,10,22,32,476
11/23/2000,RIC,VA,AEA,EN,Towers with Radar,141,76,10,0,227,0,0,17,0,17,141,76,27,0,244,0,0,0,244
11/24/2000,RIC,VA,AEA,EN,Towers with Radar,98,64,38,5,205,0,0,56,0,56,98,64,94,5,261,6,0,6,267
11/25/2000,RIC,VA,AEA,EN,Towers with Radar,113,81,17,0,211,0,0,3,0,3,113,81,20,0,214,0,0,0,214
11/26/2000,RIC,VA,AEA,EN,Towers with Radar,115,61,63,4,243,0,0,13,0,13,115,61,76,4,256,0,0,0,256
11/27/2000,RIC,VA,AEA,EN,Towers with Radar,118,107,88,26,339,0,1,67,3,71,118,108,155,29,410,24,14,38,448
11/28/2000,RIC,VA,AEA,EN,Towers with Radar,160,127,96,26,409,0,0,87,13,100,160,127,183,39,509,18,8,26,535
11/29/2000,RIC,VA,AEA,EN,Towers with Radar,146,122,114,46,428,0,0,67,9,76,146,122,181,55,504,18,40,58,562
11/30/2000,RIC,VA,AEA,EN,Towers with Radar,157,129,80,45,411,0,1,56,15,72,157,130,136,60,483,0,6,6,489
12/01/2000,RIC,VA,AEA,EN,Towers with Radar,133,140,102,5,380,0,0,72,20,92,133,140,174,25,472,26,2,28,500
12/02/2000,RIC,VA,AEA,EN,Towers with Radar,111,105,33,14,263,0,0,32,8,40,111,105,65,22,303,2,0,2,305
12/03/2000,RIC,VA,AEA,EN,Towers with Radar,123,54,31,5,213,0,1,7,0,8,123,55,38,5,221,0,1,1,222
12/04/2000,RIC,VA,AEA,EN,Towers with Radar,132,90,92,17,331,0,0,71,9,80,132,90,163,26,411,20,10,30,441
12/05/2000,RIC,VA,AEA,EN,Towers with Radar,142,142,84,26,394,0,0,41,0,41,142,142,125,26,435,8,6,14,449
12/06/2000,RIC,VA,AEA,EN,Towers with Radar,153,140,107,33,433,0,0,51,12,63,153,140,158,45,496,26,30,56,552
12/07/2000,RIC,VA,AEA,EN,Towers with Radar,132,146,102,23,403,0,0,42,6,48,132,146,144,29,451,0,6,6,457
12/08/2000,RIC,VA,AEA,EN,Towers with Radar,156,127,94,33,410,0,0,67,5,72,156,127,161,38,482,0,0,0,482
12/09/2000,RIC,VA,AEA,EN,Towers with Radar,124,79,54,3,260,0,0,46,0,46,124,79,100,3,306,8,0,8,314
12/10/2000,RIC,VA,AEA,EN,Towers with Radar,112,72,50,16,250,27,0,6,0,33,139,72,56,16,283,0,0,0,283
12/11/2000,RIC,VA,AEA,EN,Towers with Radar,115,89,123,4,331,0,0,3,0,3,115,89,126,4,334,4,0,4,338
12/12/2000,RIC,VA,AEA,EN,Towers with Radar,137,130,108,29,404,0,0,28,4,32,137,130,136,33,436,24,3,27,463
12/13/2000,RIC,VA,AEA,EN,Towers with Radar,137,121,111,19,388,0,0,78,5,83,137,121,189,24,471,8,4,12,483
12/14/2000,RIC,VA,AEA,EN,Towers with Radar,146,118,98,19,381,0,0,13,0,13,146,118,111,19,394,0,0,0,394
12/15/2000,RIC,VA,AEA,EN,Towers with Radar,147,124,144,35,450,0,6,83,10,99,147,130,227,45,549,32,36,68,617
12/16/2000,RIC,VA,AEA,EN,Towers with Radar,133,55,25,1,214,0,0,1,1,2,133,55,26,2,216,0,0,0,216
12/17/2000,RIC,VA,AEA,EN,Towers with Radar,109,29,29,7,174,0,0,1,0,1,109,29,30,7,175,0,0,0,175
12/18/2000,RIC,VA,AEA,EN,Towers with Radar,110,87,92,18,307,0,0,65,3,68,110,87,157,21,375,34,28,62,437
12/19/2000,RIC,VA,AEA,EN,Towers with Radar,160,102,69,32,363,0,0,24,5,29,160,102,93,37,392,0,0,0,392
12/20/2000,RIC,VA,AEA,EN,Towers with Radar,158,118,99,35,410,0,0,56,7,63,158,118,155,42,473,0,0,0,473
12/21/2000,RIC,VA,AEA,EN,Towers with Radar,133,112,77,18,340,0,7,65,21,93,133,119,142,39,433,6,16,22,455
12/22/2000,RIC,VA,AEA,EN,Towers with Radar,133,97,66,7,303,43,20,10,0,73,176,117,76,7,376,8,0,8,384
12/23/2000,RIC,VA,AEA,EN,Towers with Radar,141,73,14,0,228,0,0,51,0,51,141,73,65,0,279,0,0,0,279
12/24/2000,RIC,VA,AEA,EN,Towers with Radar,105,28,7,0,140,0,0,19,0,19,105,28,26,0,159,0,0,0,159
12/25/2000,RIC,VA,AEA,EN,Towers with Radar,101,32,2,0,135,0,0,12,0,12,101,32,14,0,147,0,0,0,147
12/26/2000,RIC,VA,AEA,EN,Towers with Radar,110,84,45,8,247,0,0,55,0,55,110,84,100,8,302,0,0,0,302
12/27/2000,RIC,VA,AEA,EN,Towers with Radar,131,118,47,25,321,0,0,41,1,42,131,118,88,26,363,6,18,24,387
12/28/2000,RIC,VA,AEA,EN,Towers with Radar,140,117,44,30,331,0,0,34,6,40,140,117,78,36,371,0,18,18,389
12/29/2000,RIC,VA,AEA,EN,Towers with Radar,151,111,30,15,307,0,0,60,1,61,151,111,90,16,368,10,12,22,390
12/30/2000,RIC,VA,AEA,EN,Towers with Radar,104,40,23,1,168,0,0,24,0,24,104,40,47,1,192,44,0,44,236
12/31/2000,RIC,VA,AEA,EN,Towers with Radar,106,30,15,4,155,0,0,11,0,11,106,30,26,4,166,0,0,0,166
01/01/2001,RIC,VA,AEA,EN,Towers with Radar,89,61,45,0,195,4,0,45,0,49,93,61,90,0,244,20,0,20,264
01/02/2001,RIC,VA,AEA,EN,Towers with Radar,117,94,60,14,285,0,6,0,0,6,117,100,60,14,291,16,8,24,315
01/03/2001,RIC,VA,AEA,EN,Towers with Radar,159,86,61,7,313,4,1,53,1,59,163,87,114,8,372,5,0,5,377
01/04/2001,RIC,VA,AEA,EN,Towers with Radar,144,119,60,29,352,4,0,53,1,58,148,119,113,30,410,4,8,12,422
01/05/2001,RIC,VA,AEA,EN,Towers with Radar,154,108,71,22,355,3,0,32,3,38,157,108,103,25,393,10,12,22,415
01/06/2001,RIC,VA,AEA,EN,Towers with Radar,113,76,38,29,256,3,0,40,9,52,116,76,78,38,308,2,24,26,334
01/07/2001,RIC,VA,AEA,EN,Towers with Radar,113,86,41,25,265,3,1,41,8,53,116,87,82,33,318,12,30,42,360
01/08/2001,RIC,VA,AEA,EN,Towers with Radar,120,86,62,8,276,6,0,10,0,16,126,86,72,8,292,0,0,0,292
01/09/2001,RIC,VA,AEA,EN,Towers with Radar,157,119,79,22,377,0,0,55,1,56,157,119,134,23,433,0,0,0,433
01/10/2001,RIC,VA,AEA,EN,Towers with Radar,139,117,85,24,365,0,0,111,23,134,139,117,196,47,499,8,26,34,533
01/11/2001,RIC,VA,AEA,EN,Towers with Radar,138,124,82,24,368,0,32,90,16,138,138,156,172,40,506,34,30,64,570
01/12/2001,RIC,VA,AEA,EN,Towers with Radar,130,126,83,24,363,0,32,60,21,113,130,158,143,45,476,4,18,22,498
01/13/2001,RIC,VA,AEA,EN,Towers with Radar,106,79,55,14,254,18,0,52,0,70,124,79,107,14,324,0,0,0,324
01/14/2001,RIC,VA,AEA,EN,Towers with Radar,108,87,52,5,252,0,3,0,0,3,108,90,52,5,255,0,0,0,255
01/15/2001,RIC,VA,AEA,EN,Towers with Radar,119,55,60,2,236,34,0,28,0,62,153,55,88,2,298,10,0,10,308
01/16/2001,RIC,VA,AEA,EN,Towers with Radar,168,71,85,17,341,13,0,71,0,84,181,71,156,17,425,18,40,58,483
01/17/2001,RIC,VA,AEA,EN,Towers with Radar,168,111,89,26,394,0,0,79,34,113,168,111,168,60,507,66,38,104,611
01/18/2001,RIC,VA,AEA,EN,Towers with Radar,147,113,75,7,342,8,29,9,0,46,155,142,84,7,388,18,12,30,418
01/19/2001,RIC,VA,AEA,EN,Towers with Radar,149,124,101,0,374,3,0,0,0,3,152,124,101,0,377,0,0,0,377
01/20/2001,RIC,VA,AEA,EN,Towers with Radar,124,57,29,5,215,3,0,0,0,3,127,57,29,5,218,0,0,0,218
01/21/2001,RIC,VA,AEA,EN,Towers with Radar,92,43,48,3,186,32,0,33,0,65,124,43,81,3,251,34,0,34,285
01/22/2001,RIC,VA,AEA,EN,Towers with Radar,140,92,72,21,325,5,0,35,4,44,145,92,107,25,369,0,0,0,369
01/23/2001,RIC,VA,AEA,EN,Towers with Radar,139,142,94,27,402,0,1,79,48,128,139,143,173,75,530,44,24,68,598
01/24/2001,RIC,VA,AEA,EN,Towers with Radar,135,130,86,25,376,0,13,83,17,113,135,143,169,42,489,2,6,8,497
01/25/2001,RIC,VA,AEA,EN,Towers with Radar,129,124,82,24,359,0,32,48,21,101,129,156,130,45,460,0,10,10,470
01/26/2001,RIC,VA,AEA,EN,Towers with Radar,136,120,78,23,357,0,28,67,8,103,136,148,145,31,460,36,40,76,536
01/27/2001,RIC,VA,AEA,EN,Towers with Radar,95,60,49,10,214,49,0,46,0,95,144,60,95,10,309,24,0,24,333
01/28/2001,RIC,VA,AEA,EN,Towers with Radar,116,69,50,6,241,3,0,56,0,59,119,69,106,6,300,8,6,14,314
01/29/2001,RIC,VA,AEA,EN,Towers with Radar,111,114,76,8,309,3,0,44,3,50,114,114,120,11,359,0,0,0,359
01/30/2001,RIC,VA,AEA,EN,Towers with Radar,139,109,72,20,340,0,33,10,15,58,139,142,82,35,398,2,8,10,408
01/31/2001,RIC,VA,AEA,EN,Towers with Radar,154,118,78,22,372,9,6,32,7,54,163,124,110,29,426,0,0,0,426
02/01/2001,RIC,VA,AEA,EN,Towers with Radar,151,129,90,39,409,0,2,73,5,80,151,131,163,44,489,0,42,42,531
02/02/2001,RIC,VA,AEA,EN,Towers with Radar,167,169,97,25,458,0,2,70,4,76,167,171,167,29,534,0,0,0,534
02/03/2001,RIC,VA,AEA,EN,Towers with Radar,112,74,40,0,226,0,2,50,7,59,112,76,90,7,285,11,0,11,296
02/04/2001,RIC,VA,AEA,EN,Towers with Radar,114,69,34,0,217,0,3,47,9,59,114,72,81,9,276,24,6,30,306
02/05/2001,RIC,VA,AEA,EN,Towers with Radar,127,101,77,16,321,0,2,11,2,15,127,103,88,18,336,8,6,14,350
02/06/2001,RIC,VA,AEA,EN,Towers with Radar,144,112,83,22,361,0,7,65,13,85,144,119,148,35,446,0,0,0,446
02/07/2001,RIC,VA,AEA,EN,Towers with Radar,165,102,108,48,423,0,3,72,6,81,165,105,180,54,504,32,50,82,586
02/08/2001,RIC,VA,AEA,EN,Towers with Radar,146,124,93,43,406,0,2,87,8,97,146,126,180,51,503,12,30,42,545
02/09/2001,RIC,VA,AEA,EN,Towers with Radar,162,121,90,19,392,0,2,66,7,75,162,123,156,26,467,12,12,24,491
02/10/2001,RIC,VA,AEA,EN,Towers with Radar,129,108,30,9,276,10,3,19,6,38,139,111,49,15,314,12,0,12,326
02/11/2001,RIC,VA,AEA,EN,Towers with Radar,115,82,39,19,255,0,1,40,3,44,115,83,79,22,299,0,0,0,299
02/12/2001,RIC,VA,AEA,EN,Towers with Radar,109,110,58,1,278,0,1,14,3,18,109,111,72,4,296,0,0,0,296
02/13/2001,RIC,VA,AEA,EN,Towers with Radar,141,154,87,31,413,0,1,36,15,52,141,155,123,46,465,28,16,44,509
02/14/2001,RIC,VA,AEA,EN,Towers with Radar,157,132,80,5,374,0,1,5,1,7,157,133,85,6,381,0,0,0,381
02/15/2001,RIC,VA,AEA,EN,Towers with Radar,127,150,98,22,397,0,1,19,7,27,127,151,117,29,424,0,0,0,424
02/16/2001,RIC,VA,AEA,EN,Towers with Radar,149,111,115,5,380,0,1,2,1,4,149,112,117,6,384,0,0,0,384
02/17/2001,RIC,VA,AEA,EN,Towers with Radar,108,74,53,4,239,7,0,24,0,31,115,74,77,4,270,16,0,16,286
02/18/2001,RIC,VA,AEA,EN,Towers with Radar,101,51,50,0,202,61,0,0,0,61,162,51,50,0,263,0,0,0,263
02/19/2001,RIC,VA,AEA,EN,Towers with Radar,155,59,61,2,277,0,1,49,0,50,155,60,110,2,327,4,0,4,331
02/20/2001,RIC,VA,AEA,EN,Towers with Radar,141,112,96,30,379,0,4,75,19,98,141,116,171,49,477,18,14,32,509
02/21/2001,RIC,VA,AEA,EN,Towers with Radar,140,126,95,50,411,0,1,46,10,57,140,127,141,60,468,18,20,38,506
02/22/2001,RIC,VA,AEA,EN,Towers with Radar,126,104,66,4,300,0,1,12,1,14,126,105,78,5,314,0,0,0,314
02/23/2001,RIC,VA,AEA,EN,Towers with Radar,146,132,80,15,373,0,2,53,10,65,146,134,133,25,438,18,12,30,468
02/24/2001,RIC,VA,AEA,EN,Towers with Radar,131,56,35,7,229,0,1,63,7,71,131,57,98,14,300,31,0,31,331
02/25/2001,RIC,VA,AEA,EN,Towers with Radar,135,47,50,4,236,0,3,2,1,6,135,50,52,5,242,0,0,0,242
02/26/2001,RIC,VA,AEA,EN,Towers with Radar,134,89,60,18,301,0,1,68,7,76,134,90,128,25,377,30,30,60,437
02/27/2001,RIC,VA,AEA,EN,Towers with Radar,151,134,83,26,394,0,22,62,11,95,151,156,145,37,489,16,10,26,515
02/28/2001,RIC,VA,AEA,EN,Towers with Radar,123,141,80,32,376,0,2,39,14,55,123,143,119,46,431,0,0,0,431
03/01/2001,RIC,VA,AEA,EN,Towers with Radar,122,143,82,24,371,2,0,60,16,78,124,143,142,40,449,0,0,0,449
03/02/2001,RIC,VA,AEA,EN,Towers with Radar,179,114,76,26,395,2,1,48,9,60,181,115,124,35,455,0,18,18,473
03/03/2001,RIC,VA,AEA,EN,Towers with Radar,142,44,36,10,232,2,0,62,8,72,144,44,98,18,304,12,12,24,328
03/04/2001,RIC,VA,AEA,EN,Towers with Radar,123,46,40,1,210,2,0,2,0,4,125,46,42,1,214,0,0,0,214
03/05/2001,RIC,VA,AEA,EN,Towers with Radar,119,47,26,7,199,2,0,6,0,8,121,47,32,7,207,0,0,0,207
03/06/2001,RIC,VA,AEA,EN,Towers with Radar,124,113,64,40,341,2,1,3,9,15,126,114,67,49,356,0,36,36,392
03/07/2001,RIC,VA,AEA,EN,Towers with Radar,152,115,96,71,434,2,1,55,11,69,154,116,151,82,503,4,14,18,521
03/08/2001,RIC,VA,AEA,EN,Towers with Radar,206,104,114,45,469,2,0,68,12,82,208,104,182,57,551,0,12,12,563
03/09/2001,RIC,VA,AEA,EN,Towers with Radar,165,84,87,45,381,2,0,59,6,67,167,84,146,51,448,0,0,0,448
03/10/2001,RIC,VA,AEA,EN,Towers with Radar,127,68,54,12,261,12,0,84,3,99,139,68,138,15,360,14,0,14,374
03/11/2001,RIC,VA,AEA,EN,Towers with Radar,127,55,51,27,260,2,0,64,4,70,129,55,115,31,330,30,0,30,360
03/12/2001,RIC,VA,AEA,EN,Towers with Radar,151,83,70,28,332,2,0,55,1,58,153,83,125,29,390,30,2,32,422
03/13/2001,RIC,VA,AEA,EN,Towers with Radar,154,119,89,39,401,2,0,17,4,23,156,119,106,43,424,0,0,0,424
03/14/2001,RIC,VA,AEA,EN,Towers with Radar,197,106,86,37,426,2,2,83,7,94,199,108,169,44,520,20,12,32,552
03/15/2001,RIC,VA,AEA,EN,Towers with Radar,145,137,85,35,402,2,0,10,3,15,147,137,95,38,417,16,7,23,440
03/16/2001,RIC,VA,AEA,EN,Towers with Radar,131,91,70,6,298,9,17,13,0,39,140,108,83,6,337,16,0,16,353
03/17/2001,RIC,VA,AEA,EN,Towers with Radar,165,135,103,33,436,0,19,10,12,41,165,154,113,45,477,18,24,42,519
03/18/2001,RIC,VA,AEA,EN,Towers with Radar,114,90,59,0,263,2,0,32,0,34,116,90,91,0,297,8,0,8,305
03/19/2001,RIC,VA,AEA,EN,Towers with Radar,143,90,67,10,310,2,0,70,2,74,145,90,137,12,384,10,6,16,400
03/20/2001,RIC,VA,AEA,EN,Towers with Radar,130,135,109,26,400,2,0,37,5,44,132,135,146,31,444,12,8,20,464
03/21/2001,RIC,VA,AEA,EN,Towers with Radar,174,92,75,22,363,2,0,0,0,2,176,92,75,22,365,2,8,10,375
03/22/2001,RIC,VA,AEA,EN,Towers with Radar,131,133,101,22,387,2,1,24,15,42,133,134,125,37,429,28,14,42,471
03/23/2001,RIC,VA,AEA,EN,Towers with Radar,147,112,86,27,372,0,2,83,3,88,147,114,169,30,460,34,14,48,508
03/24/2001,RIC,VA,AEA,EN,Towers with Radar,111,79,28,10,228,2,2,23,2,29,113,81,51,12,257,0,0,0,257
03/25/2001,RIC,VA,AEA,EN,Towers with Radar,150,49,48,4,251,1,1,55,0,57,151,50,103,4,308,26,0,26,334
03/26/2001,RIC,VA,AEA,EN,Towers with Radar,130,96,96,28,350,1,1,50,2,54,131,97,146,30,404,18,8,26,430
03/27/2001,RIC,VA,AEA,EN,Towers with Radar,147,135,112,9,403,1,1,72,9,83,148,136,184,18,486,30,12,42,528
03/28/2001,RIC,VA,AEA,EN,Towers with Radar,159,109,88,25,381,1,5,81,16,103,160,114,169,41,484,0,0,0,484
03/29/2001,RIC,VA,AEA,EN,Towers with Radar,141,148,119,21,429,1,0,8,1,10,142,148,127,22,439,0,4,4,443
03/30/2001,RIC,VA,AEA,EN,Towers with Radar,136,122,79,28,365,1,1,28,2,32,137,123,107,30,397,50,14,64,461
03/31/2001,RIC,VA,AEA,EN,Towers with Radar,120,59,70,21,270,0,0,11,13,24,120,59,81,34,294,0,0,0,294
04/01/2001,RIC,VA,AEA,EN,Towers with Radar,135,54,57,5,251,1,0,4,0,5,136,54,61,5,256,0,0,0,256
04/02/2001,RIC,VA,AEA,EN,Towers with Radar,143,96,99,19,357,1,0,43,0,44,144,96,142,19,401,0,0,0,401
04/03/2001,RIC,VA,AEA,EN,Towers with Radar,176,93,109,28,406,1,0,25,1,27,177,93,134,29,433,0,10,10,443
04/04/2001,RIC,VA,AEA,EN,Towers with Radar,159,111,118,39,427,1,1,23,6,31,160,112,141,45,458,12,22,34,492
04/05/2001,RIC,VA,AEA,EN,Towers with Radar,159,133,96,24,412,1,3,65,0,69,160,136,161,24,481,36,12,48,529
04/06/2001,RIC,VA,AEA,EN,Towers with Radar,167,107,105,37,416,1,1,71,0,73,168,108,176,37,489,20,42,62,551
04/07/2001,RIC,VA,AEA,EN,Towers with Radar,147,41,38,29,255,0,0,40,3,43,147,41,78,32,298,18,20,38,336
04/08/2001,RIC,VA,AEA,EN,Towers with Radar,108,81,43,29,261,0,0,34,3,37,108,81,77,32,298,14,12,26,324
04/09/2001,RIC,VA,AEA,EN,Towers with Radar,132,112,71,15,330,1,2,69,6,78,133,114,140,21,408,6,20,26,434
04/10/2001,RIC,VA,AEA,EN,Towers with Radar,139,133,116,26,414,0,2,73,12,87,139,135,189,38,501,44,24,68,569
04/11/2001,RIC,VA,AEA,EN,Towers with Radar,143,127,99,6,375,0,0,2,0,2,143,127,101,6,377,0,0,0,377
04/12/2001,RIC,VA,AEA,EN,Towers with Radar,156,78,94,16,344,0,1,33,8,42,156,79,127,24,386,42,28,70,456
04/13/2001,RIC,VA,AEA,EN,Towers with Radar,184,71,65,36,356,0,3,77,5,85,184,74,142,41,441,0,0,0,441
04/14/2001,RIC,VA,AEA,EN,Towers with Radar,151,41,38,2,232,0,0,76,0,76,151,41,114,2,308,2,0,2,310
04/15/2001,RIC,VA,AEA,EN,Towers with Radar,111,57,33,8,209,0,1,31,0,32,111,58,64,8,241,16,0,16,257
04/16/2001,RIC,VA,AEA,EN,Towers with Radar,160,74,94,31,359,0,1,37,0,38,160,75,131,31,397,0,12,12,409
04/17/2001,RIC,VA,AEA,EN,Towers with Radar,165,81,113,19,378,0,2,37,9,48,165,83,150,28,426,4,8,12,438
04/18/2001,RIC,VA,AEA,EN,Towers with Radar,176,94,92,25,387,0,3,36,76,115,176,97,128,101,502,8,50,58,560
04/19/2001,RIC,VA,AEA,EN,Towers with Radar,188,84,73,26,371,0,4,96,10,110,188,88,169,36,481,10,16,26,507
04/20/2001,RIC,VA,AEA,EN,Towers with Radar,183,91,101,32,407,0,3,62,1,66,183,94,163,33,473,5,4,9,482
04/21/2001,RIC,VA,AEA,EN,Towers with Radar,110,75,44,6,235,0,0,41,0,41,110,75,85,6,276,4,0,4,280
04/22/2001,RIC,VA,AEA,EN,Towers with Radar,120,61,51,1,233,0,0,42,0,42,120,61,93,1,275,12,0,12,287
04/23/2001,RIC,VA,AEA,EN,Towers with Radar,165,42,88,4,299,0,1,53,0,54,165,43,141,4,353,6,0,6,359
04/24/2001,RIC,VA,AEA,EN,Towers with Radar,187,78,87,11,363,0,0,34,2,36,187,78,121,13,399,2,8,10,409
04/25/2001,RIC,VA,AEA,EN,Towers with Radar,189,97,132,35,453,0,0,56,0,56,189,97,188,35,509,16,24,40,549
04/26/2001,RIC,VA,AEA,EN,Towers with Radar,175,85,111,30,401,0,11,77,0,88,175,96,188,30,489,78,0,78,567
04/27/2001,RIC,VA,AEA,EN,Towers with Radar,192,85,79,22,378,0,6,80,3,89,192,91,159,25,467,20,22,42,509
04/28/2001,RIC,VA,AEA,EN,Towers with Radar,138,59,39,12,248,0,0,64,1,65,138,59,103,13,313,16,0,16,329
04/29/2001,RIC,VA,AEA,EN,Towers with Radar,141,52,67,9,269,0,0,56,0,56,141,52,123,9,325,14,0,14,339
04/30/2001,RIC,VA,AEA,EN,Towers with Radar,165,61,69,10,305,0,1,57,0,58,165,62,126,10,363,10,0,10,373
05/01/2001,RIC,VA,AEA,EN,Towers with Radar,183,84,93,4,364,1,0,85,6,92,184,84,178,10,456,16,2,18,474
05/02/2001,RIC,VA,AEA,EN,Towers with Radar,114,125,107,16,362,1,0,71,8,80,115,125,178,24,442,28,10,38,480
05/03/2001,RIC,VA,AEA,EN,Towers with Radar,134,139,151,15,439,1,4,90,8,103,135,143,241,23,542,12,10,22,564
05/04/2001,RIC,VA,AEA,EN,Towers with Radar,146,130,121,17,414,1,6,102,14,123,147,136,223,31,537,14,12,26,563
05/05/2001,RIC,VA,AEA,EN,Towers with Radar,123,95,135,6,359,1,0,113,10,124,124,95,248,16,483,16,8,24,507
05/06/2001,RIC,VA,AEA,EN,Towers with Radar,141,43,141,5,330,1,0,77,4,82,142,43,218,9,412,6,0,6,418
05/07/2001,RIC,VA,AEA,EN,Towers with Radar,160,70,90,21,341,1,0,64,2,67,161,70,154,23,408,17,36,53,461
05/08/2001,RIC,VA,AEA,EN,Towers with Radar,169,104,108,15,396,1,0,42,0,43,170,104,150,15,439,20,8,28,467
05/09/2001,RIC,VA,AEA,EN,Towers with Radar,149,116,102,14,381,1,0,55,2,58,150,116,157,16,439,18,2,20,459
05/10/2001,RIC,VA,AEA,EN,Towers with Radar,139,131,104,43,417,0,2,98,6,106,139,133,202,49,523,16,8,24,547
05/11/2001,RIC,VA,AEA,EN,Towers with Radar,166,104,105,30,405,1,0,67,9,77,167,104,172,39,482,18,4,22,504
05/12/2001,RIC,VA,AEA,EN,Towers with Radar,150,49,35,8,242,1,0,35,2,38,151,49,70,10,280,8,0,8,288
05/13/2001,RIC,VA,AEA,EN,Towers with Radar,144,43,47,3,237,1,0,31,1,33,145,43,78,4,270,0,0,0,270
05/14/2001,RIC,VA,AEA,EN,Towers with Radar,169,74,69,7,319,1,0,71,2,74,170,74,140,9,393,8,20,28,421
05/15/2001,RIC,VA,AEA,EN,Towers with Radar,172,89,87,37,385,1,2,52,5,60,173,91,139,42,445,62,76,138,583
05/16/2001,RIC,VA,AEA,EN,Towers with Radar,179,89,77,26,371,1,0,64,7,72,180,89,141,33,443,8,34,42,485
05/17/2001,RIC,VA,AEA,EN,Towers with Radar,165,79,123,27,394,0,0,39,7,46,165,79,162,34,440,30,46,76,516
05/18/2001,RIC,VA,AEA,EN,Towers with Radar,181,94,102,42,419,1,0,12,4,17,182,94,114,46,436,0,10,10,446
05/19/2001,RIC,VA,AEA,EN,Towers with Radar,130,75,55,22,282,0,0,11,2,13,130,75,66,24,295,0,0,0,295
05/20/2001,RIC,VA,AEA,EN,Towers with Radar,130,55,69,12,266,0,0,5,0,5,130,55,74,12,271,16,4,20,291
05/21/2001,RIC,VA,AEA,EN,Towers with Radar,155,77,82,6,320,0,0,2,0,2,155,77,84,6,322,0,0,0,322
05/22/2001,RIC,VA,AEA,EN,Towers with Radar,160,85,75,24,344,0,0,27,6,33,160,85,102,30,377,0,0,0,377
05/23/2001,RIC,VA,AEA,EN,Towers with Radar,184,87,95,47,413,0,2,75,10,87,184,89,170,57,500,24,32,56,556
05/24/2001,RIC,VA,AEA,EN,Towers with Radar,175,85,99,16,375,0,1,81,19,101,175,86,180,35,476,22,18,40,516
05/25/2001,RIC,VA,AEA,EN,Towers with Radar,126,136,74,14,350,0,1,40,0,41,126,137,114,14,391,12,0,12,403
05/26/2001,RIC,VA,AEA,EN,Towers with Radar,97,61,20,2,180,2,17,0,0,19,99,78,20,2,199,0,12,12,211
05/27/2001,RIC,VA,AEA,EN,Towers with Radar,93,48,36,3,180,0,0,11,0,11,93,48,47,3,191,0,4,4,195
05/28/2001,RIC,VA,AEA,EN,Towers with Radar,101,73,46,0,220,0,0,38,2,40,101,73,84,2,260,18,0,18,278
05/29/2001,RIC,VA,AEA,EN,Towers with Radar,131,106,99,8,344,0,0,57,7,64,131,106,156,15,408,6,22,28,436
05/30/2001,RIC,VA,AEA,EN,Towers with Radar,145,103,99,20,367,0,34,12,24,70,145,137,111,44,437,33,2,35,472
05/31/2001,RIC,VA,AEA,EN,Towers with Radar,124,154,92,65,435,0,2,115,6,123,124,156,207,71,558,0,60,60,618
06/01/2001,RIC,VA,AEA,EN,Towers with Radar,125,158,84,32,399,1,0,28,2,31,126,158,112,34,430,10,8,18,448
06/02/2001,RIC,VA,AEA,EN,Towers with Radar,111,102,48,27,288,1,0,24,4,29,112,102,72,31,317,8,24,32,349
06/03/2001,RIC,VA,AEA,EN,Towers with Radar,124,71,40,13,248,1,0,44,5,50,125,71,84,18,298,8,12,20,318
06/04/2001,RIC,VA,AEA,EN,Towers with Radar,124,80,76,20,300,17,0,41,0,58,141,80,117,20,358,18,30,48,406
06/05/2001,RIC,VA,AEA,EN,Towers with Radar,131,132,136,34,433,0,2,32,2,36,131,134,168,36,469,48,18,66,535
06/06/2001,RIC,VA,AEA,EN,Towers with Radar,118,153,114,30,415,0,1,28,4,33,118,154,142,34,448,52,22,74,522
06/07/2001,RIC,VA,AEA,EN,Towers with Radar,156,121,107,23,407,0,1,19,2,22,156,122,126,25,429,38,12,50,479
06/08/2001,RIC,VA,AEA,EN,Towers with Radar,129,144,81,23,377,0,2,63,7,72,129,146,144,30,449,26,1,27,476
06/09/2001,RIC,VA,AEA,EN,Towers with Radar,95,98,32,12,237,0,4,51,0,55,95,102,83,12,292,46,18,64,356
06/10/2001,RIC,VA,AEA,EN,Towers with Radar,126,78,30,1,235,13,0,47,0,60,139,78,77,1,295,8,0,8,303
06/11/2001,RIC,VA,AEA,EN,Towers with Radar,106,119,90,9,324,0,0,58,1,59,106,119,148,10,383,2,0,2,385
06/12/2001,RIC,VA,AEA,EN,Towers with Radar,124,125,87,27,363,0,31,80,9,120,124,156,167,36,483,2,2,4,487
06/13/2001,RIC,VA,AEA,EN,Towers with Radar,125,154,108,43,430,0,1,46,5,52,125,155,154,48,482,28,8,36,518
06/14/2001,RIC,VA,AEA,EN,Towers with Radar,157,114,98,31,400,0,1,36,4,41,157,115,134,35,441,10,31,41,482
06/15/2001,RIC,VA,AEA,EN,Towers with Radar,160,96,96,18,370,0,0,0,0,0,160,96,96,18,370,10,0,10,380
06/16/2001,RIC,VA,AEA,EN,Towers with Radar,111,87,37,8,243,0,0,2,0,2,111,87,39,8,245,0,0,0,245
06/17/2001,RIC,VA,AEA,EN,Towers with Radar,99,85,42,12,238,66,1,48,1,116,165,86,90,13,354,0,6,6,360
06/18/2001,RIC,VA,AEA,EN,Towers with Radar,112,123,67,7,309,0,2,71,8,81,112,125,138,15,390,14,0,14,404
06/19/2001,RIC,VA,AEA,EN,Towers with Radar,136,133,94,62,425,0,1,76,12,89,136,134,170,74,514,4,18,22,536
06/20/2001,RIC,VA,AEA,EN,Towers with Radar,153,118,71,36,378,0,4,70,4,78,153,122,141,40,456,14,58,72,528
06/21/2001,RIC,VA,AEA,EN,Towers with Radar,162,111,113,43,429,0,3,66,12,81,162,114,179,55,510,0,22,22,532
06/22/2001,RIC,VA,AEA,EN,Towers with Radar,152,101,75,50,378,0,1,39,7,47,152,102,114,57,425,18,15,33,458
06/23/2001,RIC,VA,AEA,EN,Towers with Radar,126,85,24,2,237,0,0,14,0,14,126,85,38,2,251,0,0,0,251
06/24/2001,RIC,VA,AEA,EN,Towers with Radar,114,78,46,3,241,0,0,37,2,39,114,78,83,5,280,14,0,14,294
06/25/2001,RIC,VA,AEA,EN,Towers with Radar,146,77,74,18,315,0,0,56,1,57,146,77,130,19,372,32,16,48,420
06/26/2001,RIC,VA,AEA,EN,Towers with Radar,168,111,118,47,444,0,7,78,3,88,168,118,196,50,532,8,6,14,546
06/27/2001,RIC,VA,AEA,EN,Towers with Radar,124,141,127,31,423,0,2,79,8,89,124,143,206,39,512,28,20,48,560
06/28/2001,RIC,VA,AEA,EN,Towers with Radar,125,150,128,28,431,0,5,90,8,103,125,155,218,36,534,4,6,10,544
06/29/2001,RIC,VA,AEA,EN,Towers with Radar,121,136,74,24,355,0,2,54,9,65,121,138,128,33,420,2,54,56,476
06/30/2001,RIC,VA,AEA,EN,Towers with Radar,125,80,47,9,261,0,0,49,1,50,125,80,96,10,311,0,0,0,311
07/01/2001,RIC,VA,AEA,EN,Towers with Radar,116,53,62,4,235,1,0,18,0,19,117,53,80,4,254,16,0,16,270
07/02/2001,RIC,VA,AEA,EN,Towers with Radar,101,105,79,22,307,1,3,45,4,53,102,108,124,26,360,0,12,12,372
07/03/2001,RIC,VA,AEA,EN,Towers with Radar,129,121,73,21,344,1,3,61,8,73,130,124,134,29,417,2,16,18,435
07/04/2001,RIC,VA,AEA,EN,Towers with Radar,101,86,34,0,221,1,0,25,0,26,102,86,59,0,247,16,0,16,263
07/05/2001,RIC,VA,AEA,EN,Towers with Radar,95,107,51,21,274,1,1,74,3,79,96,108,125,24,353,6,1,7,360
07/06/2001,RIC,VA,AEA,EN,Towers with Radar,123,119,69,44,355,1,5,73,0,79,124,124,142,44,434,14,16,30,464
07/07/2001,RIC,VA,AEA,EN,Towers with Radar,128,61,24,4,217,1,0,60,4,65,129,61,84,8,282,2,10,12,294
07/08/2001,RIC,VA,AEA,EN,Towers with Radar,118,71,36,6,231,1,0,13,12,26,119,71,49,18,257,4,4,8,265
07/09/2001,RIC,VA,AEA,EN,Towers with Radar,140,76,94,2,312,1,2,66,7,76,141,78,160,9,388,2,32,34,422
07/10/2001,RIC,VA,AEA,EN,Towers with Radar,139,111,126,22,398,0,2,53,9,64,139,113,179,31,462,6,30,36,498
07/11/2001,RIC,VA,AEA,EN,Towers with Radar,113,130,120,45,408,1,0,67,26,94,114,130,187,71,502,10,26,36,538
07/12/2001,RIC,VA,AEA,EN,Towers with Radar,118,145,95,28,386,1,13,68,11,93,119,158,163,39,479,22,52,74,553
07/13/2001,RIC,VA,AEA,EN,Towers with Radar,145,123,79,16,363,1,2,67,13,83,146,125,146,29,446,0,10,10,456
07/14/2001,RIC,VA,AEA,EN,Towers with Radar,125,73,49,16,263,1,2,57,8,68,126,75,106,24,331,26,12,38,369
07/15/2001,RIC,VA,AEA,EN,Towers with Radar,129,74,47,1,251,0,4,55,9,68,129,78,102,10,319,0,8,8,327
07/16/2001,RIC,VA,AEA,EN,Towers with Radar,99,107,77,18,301,0,2,55,9,66,99,109,132,27,367,24,31,55,422
07/17/2001,RIC,VA,AEA,EN,Towers with Radar,129,146,78,32,385,36,4,77,9,126,165,150,155,41,511,16,4,20,531
07/18/2001,RIC,VA,AEA,EN,Towers with Radar,141,134,96,16,387,0,0,47,0,47,141,134,143,16,434,0,0,0,434
07/19/2001,RIC,VA,AEA,EN,Towers with Radar,138,105,119,22,384,0,0,13,7,20,138,105,132,29,404,24,0,24,428
07/20/2001,RIC,VA,AEA,EN,Towers with Radar,146,92,122,16,376,0,5,62,5,72,146,97,184,21,448,0,0,0,448
07/21/2001,RIC,VA,AEA,EN,Towers with Radar,121,69,39,0,229,0,0,40,3,43,121,69,79,3,272,26,0,26,298
07/22/2001,RIC,VA,AEA,EN,Towers with Radar,93,89,45,8,235,0,5,43,4,52,93,94,88,12,287,14,6,20,307
07/23/2001,RIC,VA,AEA,EN,Towers with Radar,115,110,88,9,322,0,0,54,4,58,115,110,142,13,380,28,12,40,420
07/24/2001,RIC,VA,AEA,EN,Towers with Radar,131,143,87,16,377,0,1,36,5,42,131,144,123,21,419,28,12,40,459
07/25/2001,RIC,VA,AEA,EN,Towers with Radar,98,137,79,29,343,0,2,34,12,48,98,139,113,41,391,8,2,10,401
07/26/2001,RIC,VA,AEA,EN,Towers with Radar,130,139,103,28,400,0,0,20,3,23,130,139,123,31,423,6,18,24,447
07/27/2001,RIC,VA,AEA,EN,Towers with Radar,115,153,85,25,378,0,0,52,11,63,115,153,137,36,441,18,0,18,459
07/28/2001,RIC,VA,AEA,EN,Towers with Radar,92,89,41,9,231,0,0,43,1,44,92,89,84,10,275,10,6,16,291
07/29/2001,RIC,VA,AEA,EN,Towers with Radar,107,82,35,11,235,0,0,1,0,1,107,82,36,11,236,4,0,4,240
07/30/2001,RIC,VA,AEA,EN,Towers with Radar,107,136,69,30,342,0,0,35,6,41,107,136,104,36,383,0,18,18,401
07/31/2001,RIC,VA,AEA,EN,Towers with Radar,154,122,105,21,402,0,0,82,2,84,154,122,187,23,486,18,10,28,514
08/01/2001,RIC,VA,AEA,EN,Towers with Radar,142,125,107,43,417,1,9,90,12,112,143,134,197,55,529,4,16,20,549
08/02/2001,RIC,VA,AEA,EN,Towers with Radar,98,159,97,24,378,1,6,74,6,87,99,165,171,30,465,28,8,36,501
08/03/2001,RIC,VA,AEA,EN,Towers with Radar,125,144,93,34,396,1,0,90,7,98,126,144,183,41,494,18,14,32,526
08/04/2001,RIC,VA,AEA,EN,Towers with Radar,98,92,43,15,248,1,3,51,8,63,99,95,94,23,311,32,30,62,373
08/05/2001,RIC,VA,AEA,EN,Towers with Radar,127,70,52,0,249,1,0,19,2,22,128,70,71,2,271,0,0,0,271
08/06/2001,RIC,VA,AEA,EN,Towers with Radar,94,120,68,0,282,1,0,45,2,48,95,120,113,2,330,30,0,30,360
08/07/2001,RIC,VA,AEA,EN,Towers with Radar,131,129,89,25,374,1,0,43,14,58,132,129,132,39,432,12,22,34,466
08/08/2001,RIC,VA,AEA,EN,Towers with Radar,119,145,92,26,382,1,0,67,6,74,120,145,159,32,456,16,8,24,480
08/09/2001,RIC,VA,AEA,EN,Towers with Radar,121,148,95,17,381,1,0,35,2,38,122,148,130,19,419,10,2,12,431
08/10/2001,RIC,VA,AEA,EN,Towers with Radar,139,102,80,38,359,0,0,42,1,43,139,102,122,39,402,0,0,0,402
08/11/2001,RIC,VA,AEA,EN,Towers with Radar,130,63,26,15,234,1,0,8,2,11,131,63,34,17,245,0,0,0,245
08/12/2001,RIC,VA,AEA,EN,Towers with Radar,86,94,56,1,237,0,0,0,0,0,86,94,56,1,237,38,0,38,275
08/13/2001,RIC,VA,AEA,EN,Towers with Radar,96,105,58,6,265,0,0,21,1,22,96,105,79,7,287,10,4,14,301
08/14/2001,RIC,VA,AEA,EN,Towers with Radar,156,115,105,19,395,0,0,45,6,51,156,115,150,25,446,20,0,20,466
08/15/2001,RIC,VA,AEA,EN,Towers with Radar,121,158,109,28,416,0,1,81,3,85,121,159,190,31,501,44,27,71,572
08/16/2001,RIC,VA,AEA,EN,Towers with Radar,138,104,96,26,364,0,4,76,6,86,138,108,172,32,450,5,16,21,471
08/17/2001,RIC,VA,AEA,EN,Towers with Radar,128,104,101,19,352,37,5,46,2,90,165,109,147,21,442,4,14,18,460
08/18/2001,RIC,VA,AEA,EN,Towers with Radar,115,88,42,16,261,0,0,35,3,38,115,88,77,19,299,62,0,62,361
08/19/2001,RIC,VA,AEA,EN,Towers with Radar,92,92,71,0,255,0,0,2,4,6,92,92,73,4,261,4,4,8,269
08/20/2001,RIC,VA,AEA,EN,Towers with Radar,107,123,84,10,324,0,0,57,6,63,107,123,141,16,387,0,6,6,393
08/21/2001,RIC,VA,AEA,EN,Towers with Radar,130,127,88,14,359,0,14,95,0,109,130,141,183,14,468,8,0,8,476
08/22/2001,RIC,VA,AEA,EN,Towers with Radar,117,146,97,31,391,0,4,56,5,65,117,150,153,36,456,18,14,32,488
08/23/2001,RIC,VA,AEA,EN,Towers with Radar,144,129,72,19,364,0,5,58,3,66,144,134,130,22,430,20,2,22,452
08/24/2001,RIC,VA,AEA,EN,Towers with Radar,130,135,82,42,389,0,4,50,5,59,130,139,132,47,448,14,30,44,492
08/25/2001,RIC,VA,AEA,EN,Towers with Radar,150,70,43,3,266,0,0,41,1,42,150,70,84,4,308,50,0,50,358
08/26/2001,RIC,VA,AEA,EN,Towers with Radar,99,111,49,4,263,0,1,60,1,62,99,112,109,5,325,26,2,28,353
08/27/2001,RIC,VA,AEA,EN,Towers with Radar,87,104,65,17,273,0,0,34,1,35,87,104,99,18,308,4,2,6,314
08/28/2001,RIC,VA,AEA,EN,Towers with Radar,146,140,92,38,416,0,0,20,1,21,146,140,112,39,437,0,2,2,439
08/29/2001,RIC,VA,AEA,EN,Towers with Radar,159,118,109,42,428,0,4,68,9,81,159,122,177,51,509,18,6,24,533
08/30/2001,RIC,VA,AEA,EN,Towers with Radar,109,154,107,33,403,0,4,42,1,47,109,158,149,34,450,10,8,18,468
08/31/2001,RIC,VA,AEA,EN,Towers with Radar,135,138,118,32,423,0,9,32,3,44,135,147,150,35,467,28,18,46,513
09/01/2001,RIC,VA,AEA,EN,Towers with Radar,101,82,37,0,220,0,1,8,2,11,101,83,45,2,231,2,0,2,233
09/02/2001,RIC,VA,AEA,EN,Towers with Radar,70,90,28,0,188,0,2,30,0,32,70,92,58,0,220,38,0,38,258
09/03/2001,RIC,VA,AEA,EN,Towers with Radar,93,65,29,0,187,28,1,0,0,29,121,66,29,0,216,0,0,0,216
09/04/2001,RIC,VA,AEA,EN,Towers with Radar,120,100,107,13,340,0,3,35,0,38,120,103,142,13,378,0,0,0,378
09/05/2001,RIC,VA,AEA,EN,Towers with Radar,133,134,114,41,422,0,3,77,7,87,133,137,191,48,509,40,28,68,577
09/06/2001,RIC,VA,AEA,EN,Towers with Radar,118,162,170,30,480,0,6,122,2,130,118,168,292,32,610,148,88,236,846
09/07/2001,RIC,VA,AEA,EN,Towers with Radar,112,137,154,28,431,0,1,84,2,87,112,138,238,30,518,18,4,22,540
09/08/2001,RIC,VA,AEA,EN,Towers with Radar,105,115,87,17,324,7,3,194,8,212,112,118,281,25,536,28,0,28,564
09/09/2001,RIC,VA,AEA,EN,Towers with Radar,89,105,129,10,333,0,0,88,15,103,89,105,217,25,436,58,0,58,494
09/10/2001,RIC,VA,AEA,EN,Towers with Radar,112,94,97,13,316,27,2,27,1,57,139,96,124,14,373,6,16,22,395
09/11/2001,RIC,VA,AEA,EN,Towers with Radar,57,65,53,6,181,0,3,14,2,19,57,68,67,8,200,0,0,0,200
09/12/2001,RIC,VA,AEA,EN,Towers with Radar,1,0,3,4,8,0,0,0,1,1,1,0,3,5,9,0,6,6,15
09/13/2001,RIC,VA,AEA,EN,Towers with Radar,0,1,1,14,16,0,1,0,1,2,0,2,1,15,18,0,0,0,18
09/14/2001,RIC,VA,AEA,EN,Towers with Radar,24,47,16,21,108,0,0,0,1,1,24,47,16,22,109,0,0,0,109
09/15/2001,RIC,VA,AEA,EN,Towers with Radar,55,68,35,6,164,0,0,5,0,5,55,68,40,6,169,0,0,0,169
09/16/2001,RIC,VA,AEA,EN,Towers with Radar,67,92,16,15,190,0,3,1,0,4,67,95,17,15,194,0,6,6,200
09/17/2001,RIC,VA,AEA,EN,Towers with Radar,97,93,65,17,272,68,5,5,0,78,165,98,70,17,350,0,18,18,368
09/18/2001,RIC,VA,AEA,EN,Towers with Radar,98,141,125,26,390,0,4,8,0,12,98,145,133,26,402,10,10,20,422
09/19/2001,RIC,VA,AEA,EN,Towers with Radar,93,148,97,30,368,0,13,2,3,18,93,161,99,33,386,0,34,34,420
09/20/2001,RIC,VA,AEA,EN,Towers with Radar,96,140,69,14,319,0,7,0,0,7,96,147,69,14,326,0,6,6,332
09/21/2001,RIC,VA,AEA,EN,Towers with Radar,117,110,90,18,335,0,0,9,0,9,117,110,99,18,344,0,8,8,352
09/22/2001,RIC,VA,AEA,EN,Towers with Radar,75,96,62,1,234,0,0,8,0,8,75,96,70,1,242,0,0,0,242
09/23/2001,RIC,VA,AEA,EN,Towers with Radar,73,83,46,10,212,0,2,27,1,30,73,85,73,11,242,24,0,24,266
09/24/2001,RIC,VA,AEA,EN,Towers with Radar,79,110,65,19,273,0,0,0,3,3,79,110,65,22,276,6,0,6,282
09/25/2001,RIC,VA,AEA,EN,Towers with Radar,95,138,66,44,343,0,1,21,2,24,95,139,87,46,367,38,40,78,445
09/26/2001,RIC,VA,AEA,EN,Towers with Radar,130,104,59,20,313,3,32,0,0,35,133,136,59,20,348,20,6,26,374
09/27/2001,RIC,VA,AEA,EN,Towers with Radar,137,79,91,14,321,0,2,51,5,58,137,81,142,19,379,28,8,36,415
09/28/2001,RIC,VA,AEA,EN,Towers with Radar,119,101,99,28,347,0,6,52,0,58,119,107,151,28,405,0,0,0,405
09/29/2001,RIC,VA,AEA,EN,Towers with Radar,66,82,42,10,200,0,1,25,0,26,66,83,67,10,226,0,0,0,226
09/30/2001,RIC,VA,AEA,EN,Towers with Radar,75,101,55,3,234,0,1,8,1,10,75,102,63,4,244,46,0,46,290
10/01/2001,RIC,VA,AEA,EN,Towers with Radar,82,111,48,21,262,1,11,15,1,28,83,122,63,22,290,26,40,66,356
10/02/2001,RIC,VA,AEA,EN,Towers with Radar,94,146,65,24,329,1,29,20,2,52,95,175,85,26,381,4,8,12,393
10/03/2001,RIC,VA,AEA,EN,Towers with Radar,108,135,74,31,348,1,5,64,2,72,109,140,138,33,420,0,4,4,424
10/04/2001,RIC,VA,AEA,EN,Towers with Radar,123,125,85,34,367,1,0,63,1,65,124,125,148,35,432,14,2,16,448
10/05/2001,RIC,VA,AEA,EN,Towers with Radar,107,152,95,39,393,1,2,72,7,82,108,154,167,46,475,14,16,30,505
10/06/2001,RIC,VA,AEA,EN,Towers with Radar,81,84,40,20,225,1,0,17,0,18,82,84,57,20,243,16,0,16,259
10/07/2001,RIC,VA,AEA,EN,Towers with Radar,83,72,43,9,207,1,0,31,8,40,84,72,74,17,247,20,6,26,273
10/08/2001,RIC,VA,AEA,EN,Towers with Radar,79,112,78,9,278,1,1,58,0,60,80,113,136,9,338,30,0,30,368
10/09/2001,RIC,VA,AEA,EN,Towers with Radar,121,91,96,30,338,1,0,55,1,57,122,91,151,31,395,2,12,14,409
10/10/2001,RIC,VA,AEA,EN,Towers with Radar,92,143,78,29,342,47,0,62,4,113,139,143,140,33,455,0,6,6,461
10/11/2001,RIC,VA,AEA,EN,Towers with Radar,96,157,92,32,377,1,10,60,0,71,97,167,152,32,448,24,26,50,498
10/12/2001,RIC,VA,AEA,EN,Towers with Radar,77,132,92,17,318,1,3,60,2,66,78,135,152,19,384,22,14,36,420
10/13/2001,RIC,VA,AEA,EN,Towers with Radar,66,91,40,13,210,1,2,28,0,31,67,93,68,13,241,10,12,22,263
10/14/2001,RIC,VA,AEA,EN,Towers with Radar,65,95,38,2,200,1,0,12,0,13,66,95,50,2,213,6,0,6,219
10/15/2001,RIC,VA,AEA,EN,Towers with Radar,71,119,85,21,296,1,0,55,0,56,72,119,140,21,352,30,14,44,396
10/16/2001,RIC,VA,AEA,EN,Towers with Radar,111,137,84,17,349,1,0,32,0,33,112,137,116,17,382,4,8,12,394
10/17/2001,RIC,VA,AEA,EN,Towers with Radar,92,146,90,23,351,73,0,41,4,118,165,146,131,27,469,0,0,0,469
10/18/2001,RIC,VA,AEA,EN,Towers with Radar,88,144,86,26,344,0,6,66,10,82,88,150,152,36,426,0,0,0,426
10/19/2001,RIC,VA,AEA,EN,Towers with Radar,88,154,92,34,368,1,0,55,2,58,89,154,147,36,426,0,0,0,426
10/20/2001,RIC,VA,AEA,EN,Towers with Radar,72,91,52,6,221,1,0,55,1,57,73,91,107,7,278,30,18,48,326
10/21/2001,RIC,VA,AEA,EN,Towers with Radar,65,98,37,8,208,1,0,50,0,51,66,98,87,8,259,6,0,6,265
10/22/2001,RIC,VA,AEA,EN,Towers with Radar,77,117,87,12,293,2,0,38,0,40,79,117,125,12,333,18,4,22,355
10/23/2001,RIC,VA,AEA,EN,Towers with Radar,92,143,72,37,344,1,5,51,1,58,93,148,123,38,402,22,20,42,444
10/24/2001,RIC,VA,AEA,EN,Towers with Radar,87,142,70,59,358,1,5,44,3,53,88,147,114,62,411,36,32,68,479
10/25/2001,RIC,VA,AEA,EN,Towers with Radar,107,135,96,22,360,0,2,21,2,25,107,137,117,24,385,8,18,26,411
10/26/2001,RIC,VA,AEA,EN,Towers with Radar,115,129,87,34,365,0,1,47,7,55,115,130,134,41,420,4,0,4,424
10/27/2001,RIC,VA,AEA,EN,Towers with Radar,67,89,53,8,217,7,2,494,0,503,74,91,547,8,720,34,0,34,754
10/28/2001,RIC,VA,AEA,EN,Towers with Radar,92,69,49,8,218,0,0,33,1,34,92,69,82,9,252,24,0,24,276
10/29/2001,RIC,VA,AEA,EN,Towers with Radar,69,108,65,15,257,0,12,48,0,60,69,120,113,15,317,72,4,76,393
10/30/2001,RIC,VA,AEA,EN,Towers with Radar,100,132,73,22,327,0,3,35,5,43,100,135,108,27,370,10,22,32,402
10/31/2001,RIC,VA,AEA,EN,Towers with Radar,97,125,97,24,343,0,4,53,4,61,97,129,150,28,404,18,14,32,436
11/01/2001,RIC,VA,AEA,EN,Towers with Radar,125,112,86,31,354,0,4,30,2,36,125,116,116,33,390,0,22,22,412
11/02/2001,RIC,VA,AEA,EN,Towers with Radar,114,119,103,31,367,0,1,29,9,39,114,120,132,40,406,0,0,0,406
11/03/2001,RIC,VA,AEA,EN,Towers with Radar,108,52,59,7,226,0,5,33,12,50,108,57,92,19,276,20,28,48,324
11/04/2001,RIC,VA,AEA,EN,Towers with Radar,81,85,61,4,231,0,2,52,13,67,81,87,113,17,298,66,6,72,370
11/05/2001,RIC,VA,AEA,EN,Towers with Radar,74,109,68,15,266,0,3,44,1,48,74,112,112,16,314,20,8,28,342
11/06/2001,RIC,VA,AEA,EN,Towers with Radar,102,154,74,36,366,0,8,28,2,38,102,162,102,38,404,10,32,42,446
11/07/2001,RIC,VA,AEA,EN,Towers with Radar,129,144,96,38,407,0,1,93,6,100,129,145,189,44,507,32,6,38,545
11/08/2001,RIC,VA,AEA,EN,Towers with Radar,100,126,98,37,361,0,1,45,4,50,100,127,143,41,411,24,48,72,483
11/09/2001,RIC,VA,AEA,EN,Towers with Radar,107,135,54,11,307,0,6,49,1,56,107,141,103,12,363,0,0,0,363
11/10/2001,RIC,VA,AEA,EN,Towers with Radar,75,81,17,12,185,64,1,44,2,111,139,82,61,14,296,6,10,16,312
11/11/2001,RIC,VA,AEA,EN,Towers with Radar,74,77,44,8,203,0,4,22,1,27,74,81,66,9,230,34,0,34,264
11/12/2001,RIC,VA,AEA,EN,Towers with Radar,79,93,72,7,251,0,1,39,0,40,79,94,111,7,291,34,0,34,325
11/13/2001,RIC,VA,AEA,EN,Towers with Radar,99,122,85,22,328,0,3,65,0,68,99,125,150,22,396,26,4,30,426
11/14/2001,RIC,VA,AEA,EN,Towers with Radar,114,148,91,28,381,0,1,66,0,67,114,149,157,28,448,12,14,26,474
11/15/2001,RIC,VA,AEA,EN,Towers with Radar,101,144,108,25,378,0,8,67,6,81,101,152,175,31,459,26,22,48,507
11/16/2001,RIC,VA,AEA,EN,Towers with Radar,91,149,97,38,375,0,3,70,0,73,91,152,167,38,448,10,14,24,472
11/17/2001,RIC,VA,AEA,EN,Towers with Radar,94,73,52,4,223,71,1,51,3,126,165,74,103,7,349,6,0,6,355
11/18/2001,RIC,VA,AEA,EN,Towers with Radar,78,100,44,11,233,0,6,32,1,39,78,106,76,12,272,10,0,10,282
11/19/2001,RIC,VA,AEA,EN,Towers with Radar,83,111,79,22,295,0,3,47,4,54,83,114,126,26,349,24,2,26,375
11/20/2001,RIC,VA,AEA,EN,Towers with Radar,100,134,90,46,370,0,1,31,4,36,100,135,121,50,406,6,6,12,418
11/21/2001,RIC,VA,AEA,EN,Towers with Radar,102,131,78,13,324,0,4,98,2,104,102,135,176,15,428,16,0,16,444
11/22/2001,RIC,VA,AEA,EN,Towers with Radar,69,75,9,4,157,0,0,27,0,27,69,75,36,4,184,0,0,0,184
11/23/2001,RIC,VA,AEA,EN,Towers with Radar,67,55,26,4,152,0,3,46,0,49,67,58,72,4,201,16,0,16,217
11/24/2001,RIC,VA,AEA,EN,Towers with Radar,61,55,34,7,157,36,0,0,0,36,97,55,34,7,193,0,0,0,193
11/25/2001,RIC,VA,AEA,EN,Towers with Radar,86,98,48,6,238,0,0,5,0,5,86,98,53,6,243,0,0,0,243
11/26/2001,RIC,VA,AEA,EN,Towers with Radar,111,87,81,10,289,0,0,32,0,32,111,87,113,10,321,0,0,0,321
11/27/2001,RIC,VA,AEA,EN,Towers with Radar,93,141,98,12,344,0,8,26,2,36,93,149,124,14,380,0,0,0,380
11/28/2001,RIC,VA,AEA,EN,Towers with Radar,101,142,123,27,393,0,0,34,4,38,101,142,157,31,431,4,28,32,463
11/29/2001,RIC,VA,AEA,EN,Towers with Radar,113,131,125,43,412,0,1,34,0,35,113,132,159,43,447,32,10,42,489
11/30/2001,RIC,VA,AEA,EN,Towers with Radar,105,114,93,17,329,0,0,18,5,23,105,114,111,22,352,0,10,10,362
12/01/2001,RIC,VA,AEA,EN,Towers with Radar,82,73,50,4,209,1,1,33,3,38,83,74,83,7,247,32,0,32,279
12/02/2001,RIC,VA,AEA,EN,Towers with Radar,64,88,48,8,208,1,1,34,6,42,65,89,82,14,250,6,0,6,256
12/03/2001,RIC,VA,AEA,EN,Towers with Radar,85,103,80,12,280,1,3,49,0,53,86,106,129,12,333,10,4,14,347
12/04/2001,RIC,VA,AEA,EN,Towers with Radar,105,148,87,40,380,1,3,53,4,61,106,151,140,44,441,2,28,30,471
12/05/2001,RIC,VA,AEA,EN,Towers with Radar,93,149,84,38,364,1,4,58,2,65,94,153,142,40,429,58,26,84,513
12/06/2001,RIC,VA,AEA,EN,Towers with Radar,95,143,75,35,348,1,1,45,6,53,96,144,120,41,401,8,16,24,425
12/07/2001,RIC,VA,AEA,EN,Towers with Radar,105,124,80,32,341,1,1,40,2,44,106,125,120,34,385,90,12,102,487
12/08/2001,RIC,VA,AEA,EN,Towers with Radar,87,72,38,11,208,1,1,0,0,2,88,73,38,11,210,6,0,6,216
12/09/2001,RIC,VA,AEA,EN,Towers with Radar,71,93,34,5,203,1,1,9,2,13,72,94,43,7,216,12,0,12,228
12/10/2001,RIC,VA,AEA,EN,Towers with Radar,82,108,79,44,313,57,2,44,0,103,139,110,123,44,416,6,22,28,444
12/11/2001,RIC,VA,AEA,EN,Towers with Radar,87,126,91,27,331,1,1,0,0,2,88,127,91,27,333,2,4,6,339
12/12/2001,RIC,VA,AEA,EN,Towers with Radar,125,118,82,23,348,0,0,26,4,30,125,118,108,27,378,0,0,0,378
12/13/2001,RIC,VA,AEA,EN,Towers with Radar,140,111,108,17,376,1,1,4,0,6,141,112,112,17,382,4,0,4,386
12/14/2001,RIC,VA,AEA,EN,Towers with Radar,111,117,105,18,351,1,1,13,3,18,112,118,118,21,369,6,0,6,375
12/15/2001,RIC,VA,AEA,EN,Towers with Radar,80,81,52,5,218,9,0,23,0,32,89,81,75,5,250,22,0,22,272
12/16/2001,RIC,VA,AEA,EN,Towers with Radar,79,82,50,10,221,0,0,33,0,33,79,82,83,10,254,12,0,12,266
12/17/2001,RIC,VA,AEA,EN,Towers with Radar,81,93,92,30,296,84,2,31,3,120,165,95,123,33,416,30,12,42,458
12/18/2001,RIC,VA,AEA,EN,Towers with Radar,125,97,75,36,333,0,5,21,2,28,125,102,96,38,361,20,16,36,397
12/19/2001,RIC,VA,AEA,EN,Towers with Radar,113,131,84,23,351,0,0,106,14,120,113,131,190,37,471,4,12,16,487
12/20/2001,RIC,VA,AEA,EN,Towers with Radar,102,137,90,28,357,0,4,46,12,62,102,141,136,40,419,0,16,16,435
12/21/2001,RIC,VA,AEA,EN,Towers with Radar,100,128,81,28,337,0,3,60,0,63,100,131,141,28,400,0,14,14,414
12/22/2001,RIC,VA,AEA,EN,Towers with Radar,98,70,32,7,207,0,3,47,1,51,98,73,79,8,258,38,0,38,296
12/23/2001,RIC,VA,AEA,EN,Towers with Radar,71,85,23,1,180,0,1,24,1,26,71,86,47,2,206,28,0,28,234
12/24/2001,RIC,VA,AEA,EN,Towers with Radar,59,62,9,1,131,0,3,11,1,15,59,65,20,2,146,0,0,0,146
12/25/2001,RIC,VA,AEA,EN,Towers with Radar,72,53,6,1,132,0,4,19,1,24,72,57,25,2,156,0,0,0,156
12/26/2001,RIC,VA,AEA,EN,Towers with Radar,91,90,44,0,225,0,1,50,4,55,91,91,94,4,280,8,0,8,288
12/27/2001,RIC,VA,AEA,EN,Towers with Radar,111,95,50,15,271,0,2,48,9,59,111,97,98,24,330,22,6,28,358
12/28/2001,RIC,VA,AEA,EN,Towers with Radar,118,97,64,14,293,0,1,34,3,38,118,98,98,17,331,12,50,62,393
12/29/2001,RIC,VA,AEA,EN,Towers with Radar,114,55,20,1,190,0,1,39,1,41,114,56,59,2,231,0,0,0,231
12/30/2001,RIC,VA,AEA,EN,Towers with Radar,86,69,20,0,175,0,3,36,1,40,86,72,56,1,215,6,0,6,221
12/31/2001,RIC,VA,AEA,EN,Towers with Radar,74,64,14,1,153,0,1,48,1,50,74,65,62,2,203,2,0,2,205
01/01/2002,RIC,VA,AEA,EN,Towers with Radar,92,66,24,4,186,0,1,54,0,55,92,67,78,4,241,16,0,16,257
01/02/2002,RIC,VA,AEA,EN,Towers with Radar,75,109,40,14,238,0,1,38,1,40,75,110,78,15,278,28,12,40,318
01/03/2002,RIC,VA,AEA,EN,Towers with Radar,74,93,36,5,208,0,1,1,0,2,74,94,37,5,210,0,0,0,210
01/04/2002,RIC,VA,AEA,EN,Towers with Radar,132,100,83,3,318,0,1,29,6,36,132,101,112,9,354,28,0,28,382
01/05/2002,RIC,VA,AEA,EN,Towers with Radar,92,54,34,4,184,0,4,41,10,55,92,58,75,14,239,64,0,64,303
01/06/2002,RIC,VA,AEA,EN,Towers with Radar,71,76,19,6,172,0,1,11,3,15,71,77,30,9,187,0,0,0,187
01/07/2002,RIC,VA,AEA,EN,Towers with Radar,82,83,68,31,264,0,1,18,0,19,82,84,86,31,283,22,38,60,343
01/08/2002,RIC,VA,AEA,EN,Towers with Radar,108,114,73,21,316,4,7,44,9,64,112,121,117,30,380,18,6,24,404
01/09/2002,RIC,VA,AEA,EN,Towers with Radar,104,129,66,33,332,0,26,43,4,73,104,155,109,37,405,52,52,104,509
01/10/2002,RIC,VA,AEA,EN,Towers with Radar,122,99,81,17,319,17,11,52,5,85,139,110,133,22,404,10,6,16,420
01/11/2002,RIC,VA,AEA,EN,Towers with Radar,97,128,76,27,328,0,3,40,1,44,97,131,116,28,372,4,8,12,384
01/12/2002,RIC,VA,AEA,EN,Towers with Radar,78,66,40,14,198,0,3,57,4,64,78,69,97,18,262,8,0,8,270
01/13/2002,RIC,VA,AEA,EN,Towers with Radar,71,94,36,7,208,0,1,18,3,22,71,95,54,10,230,0,0,0,230
01/14/2002,RIC,VA,AEA,EN,Towers with Radar,98,97,67,18,280,0,3,49,3,55,98,100,116,21,335,20,14,34,369
01/15/2002,RIC,VA,AEA,EN,Towers with Radar,107,112,96,18,333,0,3,58,4,65,107,115,154,22,398,18,4,22,420
01/16/2002,RIC,VA,AEA,EN,Towers with Radar,106,109,110,61,386,0,1,59,7,67,106,110,169,68,453,6,44,50,503
01/17/2002,RIC,VA,AEA,EN,Towers with Radar,117,106,87,48,358,48,1,55,4,108,165,107,142,52,466,0,34,34,500
01/18/2002,RIC,VA,AEA,EN,Towers with Radar,98,128,59,21,306,0,5,48,3,56,98,133,107,24,362,26,2,28,390
01/19/2002,RIC,VA,AEA,EN,Towers with Radar,68,58,11,3,140,0,3,4,0,7,68,61,15,3,147,0,0,0,147
01/20/2002,RIC,VA,AEA,EN,Towers with Radar,76,93,32,4,205,0,4,42,2,48,76,97,74,6,253,14,12,26,279
01/21/2002,RIC,VA,AEA,EN,Towers with Radar,94,95,47,8,244,0,6,18,0,24,94,101,65,8,268,0,0,0,268
01/22/2002,RIC,VA,AEA,EN,Towers with Radar,105,109,88,25,327,0,6,65,4,75,105,115,153,29,402,34,22,56,458
01/23/2002,RIC,VA,AEA,EN,Towers with Radar,120,114,115,4,353,0,1,8,0,9,120,115,123,4,362,2,0,2,364
01/24/2002,RIC,VA,AEA,EN,Towers with Radar,95,136,102,45,378,0,2,13,2,17,95,138,115,47,395,78,126,204,599
01/25/2002,RIC,VA,AEA,EN,Towers with Radar,95,137,100,21,353,0,2,62,8,72,95,139,162,29,425,26,12,38,463
01/26/2002,RIC,VA,AEA,EN,Towers with Radar,81,60,56,11,208,15,0,48,0,63,96,60,104,11,271,98,42,140,411
01/27/2002,RIC,VA,AEA,EN,Towers with Radar,99,69,36,2,206,0,0,43,0,43,99,69,79,2,249,0,0,0,249
01/28/2002,RIC,VA,AEA,EN,Towers with Radar,72,101,68,26,267,0,1,75,1,77,72,102,143,27,344,8,6,14,358
01/29/2002,RIC,VA,AEA,EN,Towers with Radar,93,121,77,26,317,0,6,53,4,63,93,127,130,30,380,6,4,10,390
01/30/2002,RIC,VA,AEA,EN,Towers with Radar,94,131,80,29,334,0,3,71,8,82,94,134,151,37,416,8,52,60,476
01/31/2002,RIC,VA,AEA,EN,Towers with Radar,91,131,127,19,368,0,0,13,1,14,91,131,140,20,382,2,0,2,384
02/01/2002,RIC,VA,AEA,EN,Towers with Radar,93,140,69,8,310,0,0,12,3,15,93,140,81,11,325,0,0,0,325
02/02/2002,RIC,VA,AEA,EN,Towers with Radar,88,63,22,15,188,0,0,42,12,54,88,63,64,27,242,38,14,52,294
02/03/2002,RIC,VA,AEA,EN,Towers with Radar,89,66,35,2,192,0,0,30,7,37,89,66,65,9,229,18,0,18,247
02/04/2002,RIC,VA,AEA,EN,Towers with Radar,80,102,75,19,276,0,0,38,1,39,80,102,113,20,315,6,12,18,333
02/05/2002,RIC,VA,AEA,EN,Towers with Radar,87,130,104,23,344,0,2,62,9,73,87,132,166,32,417,16,6,22,439
02/06/2002,RIC,VA,AEA,EN,Towers with Radar,103,109,77,13,302,6,7,77,0,90,109,116,154,13,392,0,0,0,392
02/07/2002,RIC,VA,AEA,EN,Towers with Radar,127,113,78,1,319,0,0,1,1,2,127,113,79,2,321,0,0,0,321
02/08/2002,RIC,VA,AEA,EN,Towers with Radar,92,133,84,26,335,0,4,76,9,89,92,137,160,35,424,22,16,38,462
02/09/2002,RIC,VA,AEA,EN,Towers with Radar,74,79,30,2,185,0,0,66,3,69,74,79,96,5,254,2,8,10,264
02/10/2002,RIC,VA,AEA,EN,Towers with Radar,96,64,42,4,206,43,0,12,0,55,139,64,54,4,261,0,0,0,261
02/11/2002,RIC,VA,AEA,EN,Towers with Radar,77,109,69,36,291,0,0,25,0,25,77,109,94,36,316,4,60,64,380
02/12/2002,RIC,VA,AEA,EN,Towers with Radar,112,151,93,31,387,0,2,43,6,51,112,153,136,37,438,26,38,64,502
02/13/2002,RIC,VA,AEA,EN,Towers with Radar,103,131,85,58,377,0,3,68,0,71,103,134,153,58,448,2,38,40,488
02/14/2002,RIC,VA,AEA,EN,Towers with Radar,117,127,98,14,356,0,0,62,6,68,117,127,160,20,424,24,30,54,478
02/15/2002,RIC,VA,AEA,EN,Towers with Radar,123,109,115,17,364,0,7,72,2,81,123,116,187,19,445,6,0,6,451
02/16/2002,RIC,VA,AEA,EN,Towers with Radar,96,60,38,5,199,0,0,70,1,71,96,60,108,6,270,8,0,8,278
02/17/2002,RIC,VA,AEA,EN,Towers with Radar,69,89,43,2,203,96,0,46,0,142,165,89,89,2,345,2,0,2,347
02/18/2002,RIC,VA,AEA,EN,Towers with Radar,88,103,76,10,277,0,6,54,1,61,88,109,130,11,338,0,0,0,338
02/19/2002,RIC,VA,AEA,EN,Towers with Radar,115,100,97,31,343,0,0,56,6,62,115,100,153,37,405,32,22,54,459
02/20/2002,RIC,VA,AEA,EN,Towers with Radar,106,109,75,31,321,0,1,38,1,40,106,110,113,32,361,0,0,0,361
02/21/2002,RIC,VA,AEA,EN,Towers with Radar,107,127,118,23,375,0,5,50,9,64,107,132,168,32,439,28,4,32,471
02/22/2002,RIC,VA,AEA,EN,Towers with Radar,90,136,92,35,353,0,2,77,4,83,90,138,169,39,436,4,36,40,476
02/23/2002,RIC,VA,AEA,EN,Towers with Radar,87,85,37,5,214,0,1,29,2,32,87,86,66,7,246,10,6,16,262
02/24/2002,RIC,VA,AEA,EN,Towers with Radar,80,91,44,4,219,0,4,56,0,60,80,95,100,4,279,10,0,10,289
02/25/2002,RIC,VA,AEA,EN,Towers with Radar,107,77,75,19,278,0,2,62,0,64,107,79,137,19,342,12,14,26,368
02/26/2002,RIC,VA,AEA,EN,Towers with Radar,126,108,85,35,354,0,1,47,2,50,126,109,132,37,404,0,0,0,404
02/27/2002,RIC,VA,AEA,EN,Towers with Radar,114,112,99,47,372,0,4,35,12,51,114,116,134,59,423,20,40,60,483
02/28/2002,RIC,VA,AEA,EN,Towers with Radar,94,114,99,10,317,0,0,79,5,84,94,114,178,15,401,8,20,28,429
03/01/2002,RIC,VA,AEA,EN,Towers with Radar,87,141,83,39,350,1,4,95,3,103,88,145,178,42,453,10,26,36,489
03/02/2002,RIC,VA,AEA,EN,Towers with Radar,88,63,21,10,182,1,2,9,4,16,89,65,30,14,198,34,0,34,232
03/03/2002,RIC,VA,AEA,EN,Towers with Radar,73,101,37,19,230,1,0,4,0,5,74,101,41,19,235,0,4,4,239
03/04/2002,RIC,VA,AEA,EN,Towers with Radar,88,109,53,44,294,1,0,49,0,50,89,109,102,44,344,0,28,28,372
03/05/2002,RIC,VA,AEA,EN,Towers with Radar,113,125,82,23,343,1,0,66,1,68,114,125,148,24,411,20,22,42,453
03/06/2002,RIC,VA,AEA,EN,Towers with Radar,87,141,86,44,358,1,1,61,6,69,88,142,147,50,427,14,16,30,457
03/07/2002,RIC,VA,AEA,EN,Towers with Radar,86,134,86,25,331,1,1,67,3,72,87,135,153,28,403,114,64,178,581
03/08/2002,RIC,VA,AEA,EN,Towers with Radar,91,150,92,39,372,1,2,82,4,89,92,152,174,43,461,20,26,46,507
03/09/2002,RIC,VA,AEA,EN,Towers with Radar,67,82,48,13,210,1,0,17,6,24,68,82,65,19,234,10,0,10,244
03/10/2002,RIC,VA,AEA,EN,Towers with Radar,65,97,41,13,216,74,0,25,4,103,139,97,66,17,319,8,6,14,333
03/11/2002,RIC,VA,AEA,EN,Towers with Radar,80,114,77,22,293,1,1,62,1,65,81,115,139,23,358,10,12,22,380
03/12/2002,RIC,VA,AEA,EN,Towers with Radar,84,117,74,24,299,0,27,30,2,59,84,144,104,26,358,12,6,18,376
03/13/2002,RIC,VA,AEA,EN,Towers with Radar,82,121,114,16,333,1,0,0,0,1,83,121,114,16,334,0,6,6,340
03/14/2002,RIC,VA,AEA,EN,Towers with Radar,103,116,81,16,316,1,0,54,2,57,104,116,135,18,373,12,16,28,401
03/15/2002,RIC,VA,AEA,EN,Towers with Radar,118,106,84,18,326,1,1,43,8,53,119,107,127,26,379,30,8,38,417
03/16/2002,RIC,VA,AEA,EN,Towers with Radar,90,70,28,6,194,1,0,29,0,30,91,70,57,6,224,10,0,10,234
03/17/2002,RIC,VA,AEA,EN,Towers with Radar,82,90,51,10,233,83,0,1,0,84,165,90,52,10,317,0,0,0,317
03/18/2002,RIC,VA,AEA,EN,Towers with Radar,81,105,79,6,271,1,0,0,0,1,82,105,79,6,272,15,2,17,289
03/19/2002,RIC,VA,AEA,EN,Towers with Radar,97,137,86,34,354,1,0,15,0,16,98,137,101,34,370,8,8,16,386
03/20/2002,RIC,VA,AEA,EN,Towers with Radar,129,110,103,49,391,0,0,1,0,1,129,110,104,49,392,18,6,24,416
03/21/2002,RIC,VA,AEA,EN,Towers with Radar,111,143,90,29,373,0,0,86,18,104,111,143,176,47,477,2,2,4,481
03/22/2002,RIC,VA,AEA,EN,Towers with Radar,120,114,80,36,350,0,0,37,2,39,120,114,117,38,389,16,6,22,411
03/23/2002,RIC,VA,AEA,EN,Towers with Radar,73,93,40,13,219,0,1,41,0,42,73,94,81,13,261,0,0,0,261
03/24/2002,RIC,VA,AEA,EN,Towers with Radar,65,93,39,17,214,0,0,59,2,61,65,93,98,19,275,0,0,0,275
03/25/2002,RIC,VA,AEA,EN,Towers with Radar,75,104,68,39,286,0,26,35,0,61,75,130,103,39,347,10,24,34,381
03/26/2002,RIC,VA,AEA,EN,Towers with Radar,128,115,86,23,352,0,0,6,0,6,128,115,92,23,358,6,6,12,370
03/27/2002,RIC,VA,AEA,EN,Towers with Radar,114,141,116,21,392,0,0,43,1,44,114,141,159,22,436,66,44,110,546
03/28/2002,RIC,VA,AEA,EN,Towers with Radar,93,139,114,31,377,0,1,85,11,97,93,140,199,42,474,14,6,20,494
03/29/2002,RIC,VA,AEA,EN,Towers with Radar,92,121,70,21,304,0,0,55,2,57,92,121,125,23,361,12,2,14,375
03/30/2002,RIC,VA,AEA,EN,Towers with Radar,63,74,35,8,180,0,0,12,0,12,63,74,47,8,192,30,0,30,222
03/31/2002,RIC,VA,AEA,EN,Towers with Radar,93,67,31,11,202,0,0,0,0,0,93,67,31,11,202,0,0,0,202
04/01/2002,RIC,VA,AEA,EN,Towers with Radar,112,82,69,12,275,0,2,50,1,53,112,84,119,13,328,4,8,12,340
04/02/2002,RIC,VA,AEA,EN,Towers with Radar,125,104,75,23,327,0,6,59,2,67,125,110,134,25,394,0,0,0,394
04/03/2002,RIC,VA,AEA,EN,Towers with Radar,123,111,72,25,331,0,2,34,1,37,123,113,106,26,368,0,24,24,392
04/04/2002,RIC,VA,AEA,EN,Towers with Radar,93,154,83,20,350,0,1,64,4,69,93,155,147,24,419,0,8,8,427
04/05/2002,RIC,VA,AEA,EN,Towers with Radar,121,105,86,21,333,0,1,71,3,75,121,106,157,24,408,6,12,18,426
04/06/2002,RIC,VA,AEA,EN,Towers with Radar,69,83,53,11,216,3,0,16,0,19,72,83,69,11,235,0,0,0,235
04/07/2002,RIC,VA,AEA,EN,Towers with Radar,72,90,36,8,206,0,1,58,1,60,72,91,94,9,266,8,0,8,274
04/08/2002,RIC,VA,AEA,EN,Towers with Radar,76,124,76,19,295,0,1,40,5,46,76,125,116,24,341,10,5,15,356
04/09/2002,RIC,VA,AEA,EN,Towers with Radar,106,146,83,15,350,0,2,42,3,47,106,148,125,18,397,0,0,0,397
04/10/2002,RIC,VA,AEA,EN,Towers with Radar,93,156,112,28,389,46,2,46,2,96,139,158,158,30,485,16,44,60,545
04/11/2002,RIC,VA,AEA,EN,Towers with Radar,91,160,93,26,370,0,2,68,1,71,91,162,161,27,441,0,0,0,441
04/12/2002,RIC,VA,AEA,EN,Towers with Radar,95,155,109,29,388,0,1,27,2,30,95,156,136,31,418,6,10,16,434
04/13/2002,RIC,VA,AEA,EN,Towers with Radar,82,85,51,7,225,0,0,41,4,45,82,85,92,11,270,28,6,34,304
04/14/2002,RIC,VA,AEA,EN,Towers with Radar,91,76,42,0,209,0,0,41,0,41,91,76,83,0,250,10,24,34,284
04/15/2002,RIC,VA,AEA,EN,Towers with Radar,115,95,90,15,315,0,0,38,0,38,115,95,128,15,353,30,22,52,405
04/16/2002,RIC,VA,AEA,EN,Towers with Radar,99,148,104,23,374,0,3,66,6,75,99,151,170,29,449,4,4,8,457
04/17/2002,RIC,VA,AEA,EN,Towers with Radar,86,158,79,17,340,79,0,60,3,142,165,158,139,20,482,20,6,26,508
04/18/2002,RIC,VA,AEA,EN,Towers with Radar,80,141,81,11,313,0,0,53,1,54,80,141,134,12,367,50,4,54,421
04/19/2002,RIC,VA,AEA,EN,Towers with Radar,92,149,83,21,345,0,1,55,6,62,92,150,138,27,407,30,2,32,439
04/20/2002,RIC,VA,AEA,EN,Towers with Radar,90,80,36,11,217,0,0,39,1,40,90,80,75,12,257,7,4,11,268
04/21/2002,RIC,VA,AEA,EN,Towers with Radar,65,111,74,9,259,0,0,11,4,15,65,111,85,13,274,10,0,10,284
04/22/2002,RIC,VA,AEA,EN,Towers with Radar,88,129,78,14,309,0,0,36,1,37,88,129,114,15,346,6,0,6,352
04/23/2002,RIC,VA,AEA,EN,Towers with Radar,88,164,93,18,363,0,0,60,10,70,88,164,153,28,433,16,8,24,457
04/24/2002,RIC,VA,AEA,EN,Towers with Radar,104,139,112,17,372,3,77,9,1,90,107,216,121,18,462,42,6,48,510
04/25/2002,RIC,VA,AEA,EN,Towers with Radar,124,116,99,18,357,0,1,14,8,23,124,117,113,26,380,4,0,4,384
04/26/2002,RIC,VA,AEA,EN,Towers with Radar,101,145,78,6,330,0,1,83,6,90,101,146,161,12,420,12,0,12,432
04/27/2002,RIC,VA,AEA,EN,Towers with Radar,68,82,44,7,201,11,0,0,0,11,79,82,44,7,212,6,8,14,226
04/28/2002,RIC,VA,AEA,EN,Towers with Radar,75,83,41,0,199,0,0,8,1,9,75,83,49,1,208,0,0,0,208
04/29/2002,RIC,VA,AEA,EN,Towers with Radar,85,121,45,2,253,0,2,47,0,49,85,123,92,2,302,14,0,14,316
04/30/2002,RIC,VA,AEA,EN,Towers with Radar,93,152,75,25,345,0,3,72,3,78,93,155,147,28,423,22,46,68,491
05/01/2002,RIC,VA,AEA,EN,Towers with Radar,124,111,102,20,357,1,2,67,6,76,125,113,169,26,433,26,10,36,469
05/02/2002,RIC,VA,AEA,EN,Towers with Radar,108,112,136,24,380,1,1,24,0,26,109,113,160,24,406,0,0,0,406
05/03/2002,RIC,VA,AEA,EN,Towers with Radar,71,90,73,4,238,0,0,40,0,40,71,90,113,4,278,0,20,20,298
05/04/2002,RIC,VA,AEA,EN,Towers with Radar,104,138,104,22,368,0,0,119,33,152,104,138,223,55,520,18,6,24,544
05/05/2002,RIC,VA,AEA,EN,Towers with Radar,68,110,148,20,346,1,1,91,5,98,69,111,239,25,444,96,0,96,540
05/06/2002,RIC,VA,AEA,EN,Towers with Radar,100,92,71,11,274,1,1,45,0,47,101,93,116,11,321,0,0,0,321
05/07/2002,RIC,VA,AEA,EN,Towers with Radar,92,133,87,18,330,1,1,49,1,52,93,134,136,19,382,16,2,18,400
05/08/2002,RIC,VA,AEA,EN,Towers with Radar,137,117,119,25,398,1,1,45,5,52,138,118,164,30,450,12,10,22,472
05/09/2002,RIC,VA,AEA,EN,Towers with Radar,88,130,119,3,340,1,3,7,0,11,89,133,126,3,351,0,0,0,351
05/10/2002,RIC,VA,AEA,EN,Towers with Radar,126,120,100,23,369,13,1,72,3,89,139,121,172,26,458,0,0,0,458
05/11/2002,RIC,VA,AEA,EN,Towers with Radar,81,81,24,1,187,1,1,63,0,65,82,82,87,1,252,18,0,18,270
05/12/2002,RIC,VA,AEA,EN,Towers with Radar,73,94,42,0,209,1,1,34,0,36,74,95,76,0,245,12,0,12,257
05/13/2002,RIC,VA,AEA,EN,Towers with Radar,73,97,56,11,237,1,1,20,2,24,74,98,76,13,261,0,10,10,271
05/14/2002,RIC,VA,AEA,EN,Towers with Radar,96,138,94,9,337,1,1,46,4,52,97,139,140,13,389,6,0,6,395
05/15/2002,RIC,VA,AEA,EN,Towers with Radar,88,142,98,9,337,1,3,88,6,98,89,145,186,15,435,0,0,0,435
05/16/2002,RIC,VA,AEA,EN,Towers with Radar,90,151,95,15,351,1,5,62,12,80,91,156,157,27,431,36,8,44,475
05/17/2002,RIC,VA,AEA,EN,Towers with Radar,110,115,85,25,335,55,1,46,4,106,165,116,131,29,441,2,12,14,455
05/18/2002,RIC,VA,AEA,EN,Towers with Radar,96,69,35,5,205,1,1,14,0,16,97,70,49,5,221,0,0,0,221
05/19/2002,RIC,VA,AEA,EN,Towers with Radar,78,86,42,17,223,1,5,43,0,49,79,91,85,17,272,8,14,22,294
05/20/2002,RIC,VA,AEA,EN,Towers with Radar,103,87,62,16,268,0,2,63,3,68,103,89,125,19,336,10,18,28,364
05/21/2002,RIC,VA,AEA,EN,Towers with Radar,91,155,93,24,363,0,2,66,0,68,91,157,159,24,431,20,30,50,481
05/22/2002,RIC,VA,AEA,EN,Towers with Radar,94,145,106,37,382,0,4,89,0,93,94,149,195,37,475,2,14,16,491
05/23/2002,RIC,VA,AEA,EN,Towers with Radar,116,130,98,20,364,7,7,93,21,128,123,137,191,41,492,12,22,34,526
05/24/2002,RIC,VA,AEA,EN,Towers with Radar,101,130,85,15,331,0,4,78,0,82,101,134,163,15,413,16,10,26,439
05/25/2002,RIC,VA,AEA,EN,Towers with Radar,76,64,34,0,174,0,2,24,0,26,76,66,58,0,200,0,0,0,200
05/26/2002,RIC,VA,AEA,EN,Towers with Radar,80,48,20,1,149,0,2,17,0,19,80,50,37,1,168,0,0,0,168
05/27/2002,RIC,VA,AEA,EN,Towers with Radar,71,88,48,1,208,0,1,50,0,51,71,89,98,1,259,10,0,10,269
05/28/2002,RIC,VA,AEA,EN,Towers with Radar,75,114,62,16,267,0,1,53,0,54,75,115,115,16,321,14,16,30,351
05/29/2002,RIC,VA,AEA,EN,Towers with Radar,144,98,77,28,347,0,2,37,7,46,144,100,114,35,393,0,6,6,399
05/30/2002,RIC,VA,AEA,EN,Towers with Radar,116,106,98,20,340,7,0,39,24,70,123,106,137,44,410,4,12,16,426
05/31/2002,RIC,VA,AEA,EN,Towers with Radar,116,104,75,29,324,0,4,33,17,54,116,108,108,46,378,8,30,38,416
06/01/2002,RIC,VA,AEA,EN,Towers with Radar,100,57,31,0,188,1,0,30,2,33,101,57,61,2,221,16,58,74,295
06/02/2002,RIC,VA,AEA,EN,Towers with Radar,68,87,31,2,188,1,1,31,2,35,69,88,62,4,223,0,6,6,229
06/03/2002,RIC,VA,AEA,EN,Towers with Radar,96,101,79,4,280,0,2,56,3,61,96,103,135,7,341,34,16,50,391
06/04/2002,RIC,VA,AEA,EN,Towers with Radar,124,102,90,55,371,0,1,64,8,73,124,103,154,63,444,0,8,8,452
06/05/2002,RIC,VA,AEA,EN,Towers with Radar,112,111,83,21,327,0,0,74,14,88,112,111,157,35,415,10,54,64,479
06/06/2002,RIC,VA,AEA,EN,Towers with Radar,94,107,77,33,311,0,1,47,5,53,94,108,124,38,364,0,2,2,366
06/07/2002,RIC,VA,AEA,EN,Towers with Radar,111,114,73,16,314,0,1,45,12,58,111,115,118,28,372,16,22,38,410
06/08/2002,RIC,VA,AEA,EN,Towers with Radar,77,85,37,15,214,0,1,48,3,52,77,86,85,18,266,16,4,20,286
06/09/2002,RIC,VA,AEA,EN,Towers with Radar,95,75,38,7,215,0,2,0,49,51,95,77,38,56,266,28,0,28,294
06/10/2002,RIC,VA,AEA,EN,Towers with Radar,112,77,66,12,267,27,1,47,7,82,139,78,113,19,349,28,20,48,397
06/11/2002,RIC,VA,AEA,EN,Towers with Radar,97,124,82,24,327,0,1,80,24,105,97,125,162,48,432,4,22,26,458
06/12/2002,RIC,VA,AEA,EN,Towers with Radar,98,142,114,29,383,0,3,75,23,101,98,145,189,52,484,2,4,6,490
06/13/2002,RIC,VA,AEA,EN,Towers with Radar,92,146,91,15,344,0,3,61,3,67,92,149,152,18,411,8,8,16,427
06/14/2002,RIC,VA,AEA,EN,Towers with Radar,99,134,82,23,338,0,4,19,5,28,99,138,101,28,366,16,0,16,382
06/15/2002,RIC,VA,AEA,EN,Towers with Radar,77,93,40,1,211,0,1,38,3,42,77,94,78,4,253,20,0,20,273
06/16/2002,RIC,VA,AEA,EN,Towers with Radar,105,83,50,2,240,0,1,28,4,33,105,84,78,6,273,0,0,0,273
06/17/2002,RIC,VA,AEA,EN,Towers with Radar,112,83,79,8,282,53,2,35,5,95,165,85,114,13,377,10,6,16,393
06/18/2002,RIC,VA,AEA,EN,Towers with Radar,95,135,109,21,360,0,2,68,9,79,95,137,177,30,439,0,0,0,439
06/19/2002,RIC,VA,AEA,EN,Towers with Radar,99,135,96,21,351,0,1,48,12,61,99,136,144,33,412,0,16,16,428
06/20/2002,RIC,VA,AEA,EN,Towers with Radar,91,134,110,39,374,0,0,68,5,73,91,134,178,44,447,0,26,26,473
06/21/2002,RIC,VA,AEA,EN,Towers with Radar,107,131,71,22,331,0,2,62,2,66,107,133,133,24,397,0,4,4,401
06/22/2002,RIC,VA,AEA,EN,Towers with Radar,86,76,30,0,192,0,0,35,1,36,86,76,65,1,228,6,0,6,234
06/23/2002,RIC,VA,AEA,EN,Towers with Radar,94,74,40,5,213,0,0,23,0,23,94,74,63,5,236,2,0,2,238
06/24/2002,RIC,VA,AEA,EN,Towers with Radar,82,111,56,36,285,0,0,41,4,45,82,111,97,40,330,2,4,6,336
06/25/2002,RIC,VA,AEA,EN,Towers with Radar,88,139,75,25,327,0,2,65,4,71,88,141,140,29,398,28,14,42,440
06/26/2002,RIC,VA,AEA,EN,Towers with Radar,90,144,95,45,374,0,2,75,8,85,90,146,170,53,459,28,14,42,501
06/27/2002,RIC,VA,AEA,EN,Towers with Radar,98,129,83,29,339,0,0,42,6,48,98,129,125,35,387,0,0,0,387
06/28/2002,RIC,VA,AEA,EN,Towers with Radar,130,127,97,40,394,0,5,45,8,58,130,132,142,48,452,4,4,8,460
06/29/2002,RIC,VA,AEA,EN,Towers with Radar,91,70,50,0,211,0,0,101,2,103,91,70,151,2,314,8,0,8,322
06/30/2002,RIC,VA,AEA,EN,Towers with Radar,77,100,54,9,240,0,0,54,1,55,77,100,108,10,295,20,4,24,319
07/01/2002,RIC,VA,AEA,EN,Towers with Radar,77,112,50,31,270,1,1,64,4,70,78,113,114,35,340,2,16,18,358
07/02/2002,RIC,VA,AEA,EN,Towers with Radar,90,144,61,20,315,1,4,45,4,54,91,148,106,24,369,36,6,42,411
07/03/2002,RIC,VA,AEA,EN,Towers with Radar,123,116,75,16,330,1,0,22,9,32,124,116,97,25,362,4,12,16,378
07/04/2002,RIC,VA,AEA,EN,Towers with Radar,100,59,13,0,172,1,0,16,0,17,101,59,29,0,189,0,0,0,189
07/05/2002,RIC,VA,AEA,EN,Towers with Radar,92,66,21,0,179,1,0,46,3,50,93,66,67,3,229,28,0,28,257
07/06/2002,RIC,VA,AEA,EN,Towers with Radar,116,58,21,0,195,1,1,60,0,62,117,59,81,0,257,0,0,0,257
07/07/2002,RIC,VA,AEA,EN,Towers with Radar,68,110,63,0,241,0,3,47,0,50,68,113,110,0,291,0,0,0,291
07/08/2002,RIC,VA,AEA,EN,Towers with Radar,106,102,54,18,280,1,1,40,4,46,107,103,94,22,326,20,12,32,358
07/09/2002,RIC,VA,AEA,EN,Towers with Radar,119,125,102,42,388,1,4,53,9,67,120,129,155,51,455,20,18,38,493
07/10/2002,RIC,VA,AEA,EN,Towers with Radar,139,106,76,9,330,0,0,47,7,54,139,106,123,16,384,30,18,48,432
07/11/2002,RIC,VA,AEA,EN,Towers with Radar,131,111,89,31,362,1,0,59,9,69,132,111,148,40,431,0,34,34,465
07/12/2002,RIC,VA,AEA,EN,Towers with Radar,90,143,85,24,342,1,0,114,7,122,91,143,199,31,464,20,10,30,494
07/13/2002,RIC,VA,AEA,EN,Towers with Radar,87,75,26,14,202,1,0,40,8,49,88,75,66,22,251,8,14,22,273
07/14/2002,RIC,VA,AEA,EN,Towers with Radar,88,85,56,9,238,13,0,0,0,13,101,85,56,9,251,0,0,0,251
07/15/2002,RIC,VA,AEA,EN,Towers with Radar,103,92,91,49,335,1,0,47,3,51,104,92,138,52,386,24,56,80,466
07/16/2002,RIC,VA,AEA,EN,Towers with Radar,128,108,90,50,376,1,2,52,11,66,129,110,142,61,442,12,36,48,490
07/17/2002,RIC,VA,AEA,EN,Towers with Radar,118,115,117,24,374,47,1,53,8,109,165,116,170,32,483,6,6,12,495
07/18/2002,RIC,VA,AEA,EN,Towers with Radar,102,137,85,20,344,1,0,61,7,69,103,137,146,27,413,6,30,36,449
07/19/2002,RIC,VA,AEA,EN,Towers with Radar,98,140,71,19,328,1,0,49,10,60,99,140,120,29,388,6,20,26,414
07/20/2002,RIC,VA,AEA,EN,Towers with Radar,96,86,39,6,227,0,3,33,5,41,96,89,72,11,268,26,0,26,294
07/21/2002,RIC,VA,AEA,EN,Towers with Radar,102,82,39,0,223,0,1,43,1,45,102,83,82,1,268,0,0,0,268
07/22/2002,RIC,VA,AEA,EN,Towers with Radar,78,107,60,0,245,0,1,32,3,36,78,108,92,3,281,0,0,0,281
07/23/2002,RIC,VA,AEA,EN,Towers with Radar,94,124,82,30,330,0,1,48,10,59,94,125,130,40,389,3,1,4,393
07/24/2002,RIC,VA,AEA,EN,Towers with Radar,103,150,80,18,351,0,4,28,9,41,103,154,108,27,392,12,52,64,456
07/25/2002,RIC,VA,AEA,EN,Towers with Radar,106,144,96,10,356,0,1,10,6,17,106,145,106,16,373,30,4,34,407
07/26/2002,RIC,VA,AEA,EN,Towers with Radar,98,138,78,16,330,0,1,5,2,8,98,139,83,18,338,2,0,2,340
07/27/2002,RIC,VA,AEA,EN,Towers with Radar,76,88,27,0,191,0,1,10,1,12,76,89,37,1,203,1,0,1,204
07/28/2002,RIC,VA,AEA,EN,Towers with Radar,72,94,37,4,207,0,35,1,1,37,72,129,38,5,244,10,0,10,254
07/29/2002,RIC,VA,AEA,EN,Towers with Radar,79,104,62,22,267,0,1,47,2,50,79,105,109,24,317,6,6,12,329
07/30/2002,RIC,VA,AEA,EN,Towers with Radar,97,146,82,19,344,0,1,76,7,84,97,147,158,26,428,0,0,0,428
07/31/2002,RIC,VA,AEA,EN,Towers with Radar,89,155,92,31,367,0,2,58,7,67,89,157,150,38,434,16,4,20,454
08/01/2002,RIC,VA,AEA,EN,Towers with Radar,123,133,78,45,379,0,0,47,7,54,123,133,125,52,433,20,34,54,487
08/02/2002,RIC,VA,AEA,EN,Towers with Radar,97,148,67,21,333,0,0,53,7,60,97,148,120,28,393,0,6,6,399
08/03/2002,RIC,VA,AEA,EN,Towers with Radar,95,89,21,2,207,0,0,43,9,52,95,89,64,11,259,6,0,6,265
08/04/2002,RIC,VA,AEA,EN,Towers with Radar,78,96,20,2,196,0,0,26,8,34,78,96,46,10,230,0,10,10,240
08/05/2002,RIC,VA,AEA,EN,Towers with Radar,72,117,51,13,253,0,0,33,3,36,72,117,84,16,289,6,14,20,309
08/06/2002,RIC,VA,AEA,EN,Towers with Radar,106,150,81,32,369,0,3,52,3,58,106,153,133,35,427,2,34,36,463
08/07/2002,RIC,VA,AEA,EN,Towers with Radar,102,123,71,21,317,0,28,94,12,134,102,151,165,33,451,30,18,48,499
08/08/2002,RIC,VA,AEA,EN,Towers with Radar,132,107,82,37,358,0,0,66,11,77,132,107,148,48,435,10,10,20,455
08/09/2002,RIC,VA,AEA,EN,Towers with Radar,137,100,75,27,339,0,2,59,10,71,137,102,134,37,410,24,12,36,446
08/10/2002,RIC,VA,AEA,EN,Towers with Radar,76,75,23,1,175,63,0,41,2,106,139,75,64,3,281,6,0,6,287
08/11/2002,RIC,VA,AEA,EN,Towers with Radar,74,103,37,4,218,0,1,46,3,50,74,104,83,7,268,8,0,8,276
08/12/2002,RIC,VA,AEA,EN,Towers with Radar,99,87,65,8,259,0,1,48,1,50,99,88,113,9,309,17,18,35,344
08/13/2002,RIC,VA,AEA,EN,Towers with Radar,118,114,64,40,336,0,1,36,10,47,118,115,100,50,383,22,40,62,445
08/14/2002,RIC,VA,AEA,EN,Towers with Radar,113,127,79,23,342,0,1,57,8,66,113,128,136,31,408,10,22,32,440
08/15/2002,RIC,VA,AEA,EN,Towers with Radar,123,114,67,42,346,0,6,35,3,44,123,120,102,45,390,18,22,40,430
08/16/2002,RIC,VA,AEA,EN,Towers with Radar,113,109,71,44,337,0,1,46,9,56,113,110,117,53,393,10,48,58,451
08/17/2002,RIC,VA,AEA,EN,Towers with Radar,74,77,45,13,209,91,0,9,2,102,165,77,54,15,311,0,8,8,319
08/18/2002,RIC,VA,AEA,EN,Towers with Radar,81,85,50,6,222,15,5,19,0,39,96,90,69,6,261,10,0,10,271
08/19/2002,RIC,VA,AEA,EN,Towers with Radar,106,93,66,20,285,0,0,58,12,70,106,93,124,32,355,34,40,74,429
08/20/2002,RIC,VA,AEA,EN,Towers with Radar,130,106,83,16,335,0,1,77,10,88,130,107,160,26,423,26,24,50,473
08/21/2002,RIC,VA,AEA,EN,Towers with Radar,125,119,65,25,334,0,1,52,5,58,125,120,117,30,392,0,20,20,412
08/22/2002,RIC,VA,AEA,EN,Towers with Radar,115,126,84,12,337,0,2,42,4,48,115,128,126,16,385,6,5,11,396
08/23/2002,RIC,VA,AEA,EN,Towers with Radar,131,114,62,24,331,0,2,56,11,69,131,116,118,35,400,2,30,32,432
08/24/2002,RIC,VA,AEA,EN,Towers with Radar,97,72,37,10,216,0,1,19,2,22,97,73,56,12,238,12,10,22,260
08/25/2002,RIC,VA,AEA,EN,Towers with Radar,106,75,32,4,217,0,2,43,2,47,106,77,75,6,264,10,0,10,274
08/26/2002,RIC,VA,AEA,EN,Towers with Radar,114,82,71,24,291,0,1,16,2,19,114,83,87,26,310,14,26,40,350
08/27/2002,RIC,VA,AEA,EN,Towers with Radar,109,121,86,21,337,0,1,35,5,41,109,122,121,26,378,24,22,46,424
08/28/2002,RIC,VA,AEA,EN,Towers with Radar,81,161,111,6,359,0,1,3,4,8,81,162,114,10,367,0,16,16,383
08/29/2002,RIC,VA,AEA,EN,Towers with Radar,78,159,83,26,346,0,1,5,0,6,78,160,88,26,352,2,10,12,364
08/30/2002,RIC,VA,AEA,EN,Towers with Radar,84,155,97,32,368,11,1,0,0,12,95,156,97,32,380,4,2,6,386
08/31/2002,RIC,VA,AEA,EN,Towers with Radar,81,60,39,2,182,5,0,0,0,5,86,60,39,2,187,14,0,14,201
09/01/2002,RIC,VA,AEA,EN,Towers with Radar,71,61,30,0,162,1,0,2,0,3,72,61,32,0,165,14,0,14,179
09/02/2002,RIC,VA,AEA,EN,Towers with Radar,86,65,47,0,198,1,0,20,0,21,87,65,67,0,219,0,0,0,219
09/03/2002,RIC,VA,AEA,EN,Towers with Radar,76,119,49,15,259,1,0,51,13,65,77,119,100,28,324,2,28,30,354
09/04/2002,RIC,VA,AEA,EN,Towers with Radar,85,131,81,17,314,0,28,28,18,74,85,159,109,35,388,18,16,34,422
09/05/2002,RIC,VA,AEA,EN,Towers with Radar,108,141,151,41,441,1,1,97,7,106,109,142,248,48,547,28,32,60,607
09/06/2002,RIC,VA,AEA,EN,Towers with Radar,118,125,103,14,360,1,2,104,8,115,119,127,207,22,475,14,27,41,516
09/07/2002,RIC,VA,AEA,EN,Towers with Radar,89,85,107,8,289,1,0,111,9,121,90,85,218,17,410,4,0,4,414
09/08/2002,RIC,VA,AEA,EN,Towers with Radar,94,92,130,8,324,1,0,67,1,69,95,92,197,9,393,0,0,0,393
09/09/2002,RIC,VA,AEA,EN,Towers with Radar,75,127,45,20,267,1,1,47,5,54,76,128,92,25,321,14,18,32,353
09/10/2002,RIC,VA,AEA,EN,Towers with Radar,70,162,90,18,340,69,0,21,3,93,139,162,111,21,433,34,8,42,475
09/11/2002,RIC,VA,AEA,EN,Towers with Radar,97,99,71,4,271,1,0,40,9,50,98,99,111,13,321,8,14,22,343
09/12/2002,RIC,VA,AEA,EN,Towers with Radar,85,151,71,19,326,1,0,48,3,52,86,151,119,22,378,12,20,32,410
09/13/2002,RIC,VA,AEA,EN,Towers with Radar,126,99,77,10,312,1,0,57,1,59,127,99,134,11,371,122,18,140,511
09/14/2002,RIC,VA,AEA,EN,Towers with Radar,109,62,25,5,201,1,0,15,1,17,110,62,40,6,218,13,0,13,231
09/15/2002,RIC,VA,AEA,EN,Towers with Radar,90,89,21,4,204,1,0,2,2,5,91,89,23,6,209,0,0,0,209
09/16/2002,RIC,VA,AEA,EN,Towers with Radar,107,82,56,25,270,1,0,13,3,17,108,82,69,28,287,0,26,26,313
09/17/2002,RIC,VA,AEA,EN,Towers with Radar,114,122,77,32,345,51,0,61,4,116,165,122,138,36,461,10,18,28,489
09/18/2002,RIC,VA,AEA,EN,Towers with Radar,85,148,98,39,370,1,0,36,5,42,86,148,134,44,412,0,18,18,430
09/19/2002,RIC,VA,AEA,EN,Towers with Radar,88,145,96,29,358,1,0,26,4,31,89,145,122,33,389,4,6,10,399
09/20/2002,RIC,VA,AEA,EN,Towers with Radar,85,144,90,20,339,0,2,40,10,52,85,146,130,30,391,0,0,0,391
09/21/2002,RIC,VA,AEA,EN,Towers with Radar,72,85,53,4,214,11,0,4,0,15,83,85,57,4,229,6,0,6,235
09/22/2002,RIC,VA,AEA,EN,Towers with Radar,82,92,43,8,225,0,0,40,0,40,82,92,83,8,265,0,0,0,265
09/23/2002,RIC,VA,AEA,EN,Towers with Radar,110,82,93,16,301,0,0,24,4,28,110,82,117,20,329,4,24,28,357
09/24/2002,RIC,VA,AEA,EN,Towers with Radar,123,126,89,21,359,0,0,53,2,55,123,126,142,23,414,0,8,8,422
09/25/2002,RIC,VA,AEA,EN,Towers with Radar,117,135,104,44,400,0,0,41,5,46,117,135,145,49,446,4,0,4,450
09/26/2002,RIC,VA,AEA,EN,Towers with Radar,84,157,85,24,350,0,0,4,0,4,84,157,89,24,354,0,4,4,358
09/27/2002,RIC,VA,AEA,EN,Towers with Radar,91,110,67,5,273,3,45,6,0,54,94,155,73,5,327,0,4,4,331
09/28/2002,RIC,VA,AEA,EN,Towers with Radar,72,66,51,2,191,25,0,37,0,62,97,66,88,2,253,0,0,0,253
09/29/2002,RIC,VA,AEA,EN,Towers with Radar,92,75,37,1,205,0,0,46,2,48,92,75,83,3,253,6,0,6,259
09/30/2002,RIC,VA,AEA,EN,Towers with Radar,82,120,49,0,251,0,0,45,2,47,82,120,94,2,298,18,0,18,316
10/01/2002,RIC,VA,AEA,EN,Towers with Radar,85,149,68,34,336,0,1,46,8,55,85,150,114,42,391,8,40,48,439
10/02/2002,RIC,VA,AEA,EN,Towers with Radar,91,148,67,38,344,0,1,55,8,64,91,149,122,46,408,6,32,38,446
10/03/2002,RIC,VA,AEA,EN,Towers with Radar,89,146,59,20,314,0,1,43,2,46,89,147,102,22,360,4,16,20,380
10/04/2002,RIC,VA,AEA,EN,Towers with Radar,92,146,78,35,351,0,1,43,3,47,92,147,121,38,398,4,42,46,444
10/05/2002,RIC,VA,AEA,EN,Towers with Radar,71,95,17,8,191,0,2,29,7,38,71,97,46,15,229,12,2,14,243
10/06/2002,RIC,VA,AEA,EN,Towers with Radar,64,104,61,24,253,0,3,23,4,30,64,107,84,28,283,6,28,34,317
10/07/2002,RIC,VA,AEA,EN,Towers with Radar,71,114,73,10,268,0,1,30,1,32,71,115,103,11,300,6,10,16,316
10/08/2002,RIC,VA,AEA,EN,Towers with Radar,80,149,89,30,348,0,1,51,2,54,80,150,140,32,402,6,14,20,422
10/09/2002,RIC,VA,AEA,EN,Towers with Radar,92,154,92,26,364,0,1,50,12,63,92,155,142,38,427,8,22,30,457
10/10/2002,RIC,VA,AEA,EN,Towers with Radar,74,151,96,31,352,65,0,24,4,93,139,151,120,35,445,0,16,16,461
10/11/2002,RIC,VA,AEA,EN,Towers with Radar,99,127,55,3,284,0,0,3,1,4,99,127,58,4,288,0,0,0,288
10/12/2002,RIC,VA,AEA,EN,Towers with Radar,83,89,49,1,222,0,0,10,1,11,83,89,59,2,233,20,2,22,255
10/13/2002,RIC,VA,AEA,EN,Towers with Radar,80,81,46,0,207,0,0,7,1,8,80,81,53,1,215,12,0,12,227
10/14/2002,RIC,VA,AEA,EN,Towers with Radar,63,122,71,3,259,0,1,61,1,63,63,123,132,4,322,8,0,8,330
10/15/2002,RIC,VA,AEA,EN,Towers with Radar,82,150,93,18,343,0,1,43,12,56,82,151,136,30,399,0,0,0,399
10/16/2002,RIC,VA,AEA,EN,Towers with Radar,91,132,88,36,347,0,0,11,4,15,91,132,99,40,362,6,12,18,380
10/17/2002,RIC,VA,AEA,EN,Towers with Radar,139,106,72,39,356,26,1,64,4,95,165,107,136,43,451,18,36,54,505
10/18/2002,RIC,VA,AEA,EN,Towers with Radar,79,151,98,35,363,0,1,68,12,81,79,152,166,47,444,10,30,40,484
10/19/2002,RIC,VA,AEA,EN,Towers with Radar,63,91,42,2,198,0,0,47,6,53,63,91,89,8,251,32,4,36,287
10/20/2002,RIC,VA,AEA,EN,Towers with Radar,62,100,52,6,220,0,1,39,6,46,62,101,91,12,266,8,4,12,278
10/21/2002,RIC,VA,AEA,EN,Towers with Radar,87,94,55,11,247,0,0,26,4,30,87,94,81,15,277,6,2,8,285
10/22/2002,RIC,VA,AEA,EN,Towers with Radar,98,128,66,43,335,0,1,52,7,60,98,129,118,50,395,20,46,66,461
10/23/2002,RIC,VA,AEA,EN,Towers with Radar,108,127,84,27,346,0,1,52,6,59,108,128,136,33,405,18,38,56,461
10/24/2002,RIC,VA,AEA,EN,Towers with Radar,88,149,94,50,381,0,4,10,5,19,88,153,104,55,400,22,64,86,486
10/25/2002,RIC,VA,AEA,EN,Towers with Radar,96,139,83,35,353,0,1,5,0,6,96,140,88,35,359,6,6,12,371
10/26/2002,RIC,VA,AEA,EN,Towers with Radar,63,81,21,4,169,18,0,0,0,18,81,81,21,4,187,2,0,2,189
10/27/2002,RIC,VA,AEA,EN,Towers with Radar,73,98,49,0,220,0,0,29,2,31,73,98,78,2,251,24,0,24,275
10/28/2002,RIC,VA,AEA,EN,Towers with Radar,117,86,55,8,266,0,0,5,0,5,117,86,60,8,271,0,0,0,271
10/29/2002,RIC,VA,AEA,EN,Towers with Radar,126,105,65,14,310,0,0,3,0,3,126,105,68,14,313,6,6,12,325
10/30/2002,RIC,VA,AEA,EN,Towers with Radar,120,114,91,36,361,0,0,1,0,1,120,114,92,36,362,0,26,26,388
10/31/2002,RIC,VA,AEA,EN,Towers with Radar,95,151,83,23,352,0,0,25,9,34,95,151,108,32,386,12,26,38,424
11/01/2002,RIC,VA,AEA,EN,Towers with Radar,90,152,50,35,327,0,2,45,6,53,90,154,95,41,380,14,18,32,412
11/02/2002,RIC,VA,AEA,EN,Towers with Radar,84,53,27,26,190,0,1,49,5,55,84,54,76,31,245,0,8,8,253
11/03/2002,RIC,VA,AEA,EN,Towers with Radar,92,75,37,14,218,0,0,39,1,40,92,75,76,15,258,0,0,0,258
11/04/2002,RIC,VA,AEA,EN,Towers with Radar,76,107,66,16,265,0,1,43,3,47,76,108,109,19,312,12,22,34,346
11/05/2002,RIC,VA,AEA,EN,Towers with Radar,86,139,75,7,307,0,0,15,4,19,86,139,90,11,326,0,0,0,326
11/06/2002,RIC,VA,AEA,EN,Towers with Radar,98,139,79,30,346,0,0,2,0,2,98,139,81,30,348,4,16,20,368
11/07/2002,RIC,VA,AEA,EN,Towers with Radar,91,162,85,64,402,0,3,58,7,68,91,165,143,71,470,24,36,60,530
11/08/2002,RIC,VA,AEA,EN,Towers with Radar,102,132,55,48,337,0,1,54,0,55,102,133,109,48,392,7,14,21,413
11/09/2002,RIC,VA,AEA,EN,Towers with Radar,80,80,31,7,198,0,0,48,0,48,80,80,79,7,246,0,0,0,246
11/10/2002,RIC,VA,AEA,EN,Towers with Radar,79,72,59,2,212,60,0,11,1,72,139,72,70,3,284,0,0,0,284
11/11/2002,RIC,VA,AEA,EN,Towers with Radar,113,70,34,0,217,0,0,8,0,8,113,70,42,0,225,28,0,28,253
11/12/2002,RIC,VA,AEA,EN,Towers with Radar,71,125,76,8,280,0,1,0,0,1,71,126,76,8,281,0,0,0,281
11/13/2002,RIC,VA,AEA,EN,Towers with Radar,86,148,91,39,364,0,1,44,5,50,86,149,135,44,414,0,42,42,456
11/14/2002,RIC,VA,AEA,EN,Towers with Radar,97,136,74,34,341,0,0,78,5,83,97,136,152,39,424,32,12,44,468
11/15/2002,RIC,VA,AEA,EN,Towers with Radar,93,138,80,22,333,0,0,50,12,62,93,138,130,34,395,28,12,40,435
11/16/2002,RIC,VA,AEA,EN,Towers with Radar,77,71,26,4,178,0,0,11,0,11,77,71,37,4,189,0,0,0,189
11/17/2002,RIC,VA,AEA,EN,Towers with Radar,81,90,32,5,208,84,0,2,0,86,165,90,34,5,294,0,0,0,294
11/18/2002,RIC,VA,AEA,EN,Towers with Radar,104,98,84,27,313,0,0,29,2,31,104,98,113,29,344,20,38,58,402
11/19/2002,RIC,VA,AEA,EN,Towers with Radar,90,151,62,18,321,0,1,29,7,37,90,152,91,25,358,4,38,42,400
11/20/2002,RIC,VA,AEA,EN,Towers with Radar,91,149,109,23,372,0,1,59,18,78,91,150,168,41,450,28,15,43,493
11/21/2002,RIC,VA,AEA,EN,Towers with Radar,103,132,135,30,400,0,0,25,14,39,103,132,160,44,439,38,31,69,508
11/22/2002,RIC,VA,AEA,EN,Towers with Radar,122,127,107,66,422,0,0,24,4,28,122,127,131,70,450,14,62,76,526
11/23/2002,RIC,VA,AEA,EN,Towers with Radar,69,90,21,8,188,0,2,23,1,26,69,92,44,9,214,2,2,4,218
11/24/2002,RIC,VA,AEA,EN,Towers with Radar,63,88,40,4,195,0,0,45,0,45,63,88,85,4,240,2,0,2,242
11/25/2002,RIC,VA,AEA,EN,Towers with Radar,107,83,68,36,294,0,0,44,0,44,107,83,112,36,338,10,14,24,362
11/26/2002,RIC,VA,AEA,EN,Towers with Radar,85,137,79,43,344,0,1,41,4,46,85,138,120,47,390,12,28,40,430
11/27/2002,RIC,VA,AEA,EN,Towers with Radar,121,109,48,24,302,0,0,30,2,32,121,109,78,26,334,8,10,18,352
11/28/2002,RIC,VA,AEA,EN,Towers with Radar,65,79,7,0,151,0,0,35,2,37,65,79,42,2,188,0,0,0,188
11/29/2002,RIC,VA,AEA,EN,Towers with Radar,69,67,30,1,167,0,0,23,3,26,69,67,53,4,193,0,0,0,193
11/30/2002,RIC,VA,AEA,EN,Towers with Radar,61,79,17,1,158,0,0,14,0,14,61,79,31,1,172,6,0,6,178
12/01/2002,RIC,VA,AEA,EN,Towers with Radar,89,82,45,5,221,0,0,30,1,31,89,82,75,6,252,0,0,0,252
12/02/2002,RIC,VA,AEA,EN,Towers with Radar,103,96,76,14,289,0,0,50,7,57,103,96,126,21,346,0,4,4,350
12/03/2002,RIC,VA,AEA,EN,Towers with Radar,79,152,63,7,301,0,3,31,0,34,79,155,94,7,335,4,0,4,339
12/04/2002,RIC,VA,AEA,EN,Towers with Radar,124,100,72,6,302,0,0,23,3,26,124,100,95,9,328,0,0,0,328
12/05/2002,RIC,VA,AEA,EN,Towers with Radar,70,103,28,3,204,0,0,0,0,0,70,103,28,3,204,0,0,0,204
12/06/2002,RIC,VA,AEA,EN,Towers with Radar,91,152,79,6,328,0,0,25,0,25,91,152,104,6,353,0,0,0,353
12/07/2002,RIC,VA,AEA,EN,Towers with Radar,61,99,29,14,203,0,0,27,3,30,61,99,56,17,233,0,0,0,233
12/08/2002,RIC,VA,AEA,EN,Towers with Radar,96,61,36,11,204,0,0,19,1,20,96,61,55,12,224,0,0,0,224
12/09/2002,RIC,VA,AEA,EN,Towers with Radar,102,95,45,11,253,0,0,19,0,19,102,95,64,11,272,6,20,26,298
12/10/2002,RIC,VA,AEA,EN,Towers with Radar,104,120,113,62,399,35,0,21,5,61,139,120,134,67,460,32,54,86,546
12/11/2002,RIC,VA,AEA,EN,Towers with Radar,78,115,55,16,264,0,42,25,6,73,78,157,80,22,337,0,0,0,337
12/12/2002,RIC,VA,AEA,EN,Towers with Radar,77,181,116,44,418,0,0,29,6,35,77,181,145,50,453,0,14,14,467
12/13/2002,RIC,VA,AEA,EN,Towers with Radar,81,149,61,13,304,0,0,7,1,8,81,149,68,14,312,4,10,14,326
12/14/2002,RIC,VA,AEA,EN,Towers with Radar,91,59,26,13,189,0,0,14,3,17,91,59,40,16,206,0,14,14,220
12/15/2002,RIC,VA,AEA,EN,Towers with Radar,84,72,17,3,176,0,0,34,2,36,84,72,51,5,212,0,0,0,212
12/16/2002,RIC,VA,AEA,EN,Towers with Radar,107,98,61,27,293,0,1,33,3,37,107,99,94,30,330,0,18,18,348
12/17/2002,RIC,VA,AEA,EN,Towers with Radar,75,161,97,52,385,90,0,56,5,151,165,161,153,57,536,6,32,38,574
12/18/2002,RIC,VA,AEA,EN,Towers with Radar,88,156,94,35,373,0,0,54,7,61,88,156,148,42,434,46,52,98,532
12/19/2002,RIC,VA,AEA,EN,Towers with Radar,91,156,116,23,386,0,0,26,2,28,91,156,142,25,414,6,16,22,436
12/20/2002,RIC,VA,AEA,EN,Towers with Radar,73,166,85,20,344,0,6,13,0,19,73,172,98,20,363,4,8,12,375
12/21/2002,RIC,VA,AEA,EN,Towers with Radar,60,104,40,7,211,0,0,43,0,43,60,104,83,7,254,0,0,0,254
12/22/2002,RIC,VA,AEA,EN,Towers with Radar,82,75,35,6,198,0,0,20,0,20,82,75,55,6,218,0,0,0,218
12/23/2002,RIC,VA,AEA,EN,Towers with Radar,58,119,56,19,252,0,0,48,2,50,58,119,104,21,302,46,32,78,380
12/24/2002,RIC,VA,AEA,EN,Towers with Radar,90,107,18,5,220,0,3,11,0,14,90,110,29,5,234,0,0,0,234
12/25/2002,RIC,VA,AEA,EN,Towers with Radar,39,53,6,0,98,34,22,0,0,56,73,75,6,0,154,0,0,0,154
12/26/2002,RIC,VA,AEA,EN,Towers with Radar,80,109,46,12,247,0,0,26,1,27,80,109,72,13,274,4,2,6,280
12/27/2002,RIC,VA,AEA,EN,Towers with Radar,90,134,33,20,277,0,0,65,5,70,90,134,98,25,347,10,16,26,373
12/28/2002,RIC,VA,AEA,EN,Towers with Radar,90,79,40,7,216,0,0,38,0,38,90,79,78,7,254,0,0,0,254
12/29/2002,RIC,VA,AEA,EN,Towers with Radar,77,87,36,18,218,0,0,34,1,35,77,87,70,19,253,6,22,28,281
12/30/2002,RIC,VA,AEA,EN,Towers with Radar,58,123,34,12,227,0,0,30,3,33,58,123,64,15,260,2,2,4,264
12/31/2002,RIC,VA,AEA,EN,Towers with Radar,68,114,29,24,235,0,0,41,0,41,68,114,70,24,276,16,20,36,312
01/01/2003,RIC,VA,AEA,EN,Towers with Radar,74,71,16,0,161,1,1,0,0,2,75,72,16,0,163,0,0,0,163
01/02/2003,RIC,VA,AEA,EN,Towers with Radar,109,87,45,34,275,1,0,6,1,8,110,87,51,35,283,4,6,10,293
01/03/2003,RIC,VA,AEA,EN,Towers with Radar,88,137,30,38,293,1,0,0,0,1,89,137,30,38,294,0,16,16,310
01/04/2003,RIC,VA,AEA,EN,Towers with Radar,58,83,37,2,180,10,2,9,0,21,68,85,46,2,201,6,0,6,207
01/05/2003,RIC,VA,AEA,EN,Towers with Radar,56,93,42,2,193,1,0,15,1,17,57,93,57,3,210,32,0,32,242
01/06/2003,RIC,VA,AEA,EN,Towers with Radar,84,87,48,36,255,1,0,20,0,21,85,87,68,36,276,0,34,34,310
01/07/2003,RIC,VA,AEA,EN,Towers with Radar,99,127,63,7,296,1,2,40,4,47,100,129,103,11,343,0,0,0,343
01/08/2003,RIC,VA,AEA,EN,Towers with Radar,75,158,71,34,338,1,0,38,1,40,76,158,109,35,378,2,6,8,386
01/09/2003,RIC,VA,AEA,EN,Towers with Radar,66,164,71,34,335,1,1,59,1,62,67,165,130,35,397,16,14,30,427
01/10/2003,RIC,VA,AEA,EN,Towers with Radar,95,121,47,17,280,44,0,36,10,90,139,121,83,27,370,14,2,16,386
01/11/2003,RIC,VA,AEA,EN,Towers with Radar,83,66,35,28,212,1,1,44,3,49,84,67,79,31,261,18,20,38,299
01/12/2003,RIC,VA,AEA,EN,Towers with Radar,82,64,30,5,181,1,0,41,1,43,83,64,71,6,224,24,0,24,248
01/13/2003,RIC,VA,AEA,EN,Towers with Radar,66,124,75,22,287,1,6,34,7,48,67,130,109,29,335,4,20,24,359
01/14/2003,RIC,VA,AEA,EN,Towers with Radar,68,148,78,24,318,1,1,23,7,32,69,149,101,31,350,20,6,26,376
01/15/2003,RIC,VA,AEA,EN,Towers with Radar,90,152,81,20,343,1,1,42,5,49,91,153,123,25,392,8,26,34,426
01/16/2003,RIC,VA,AEA,EN,Towers with Radar,96,128,93,13,330,1,3,31,19,54,97,131,124,32,384,10,12,22,406
01/17/2003,RIC,VA,AEA,EN,Towers with Radar,107,122,52,0,281,58,2,10,0,70,165,124,62,0,351,0,0,0,351
01/18/2003,RIC,VA,AEA,EN,Towers with Radar,59,87,25,0,171,1,0,22,0,23,60,87,47,0,194,27,0,27,221
01/19/2003,RIC,VA,AEA,EN,Towers with Radar,88,62,20,0,170,1,2,22,1,26,89,64,42,1,196,6,0,6,202
01/20/2003,RIC,VA,AEA,EN,Towers with Radar,62,105,63,0,230,1,0,28,0,29,63,105,91,0,259,13,0,13,272
01/21/2003,RIC,VA,AEA,EN,Towers with Radar,107,100,70,7,284,1,4,28,2,35,108,104,98,9,319,6,0,6,325
01/22/2003,RIC,VA,AEA,EN,Towers with Radar,68,144,67,21,300,0,10,48,11,69,68,154,115,32,369,6,16,22,391
01/23/2003,RIC,VA,AEA,EN,Towers with Radar,67,167,52,23,309,1,5,15,1,22,68,172,67,24,331,0,12,12,343
01/24/2003,RIC,VA,AEA,EN,Towers with Radar,78,158,53,31,320,1,3,35,2,41,79,161,88,33,361,24,34,58,419
01/25/2003,RIC,VA,AEA,EN,Towers with Radar,60,82,30,8,180,1,0,35,1,37,61,82,65,9,217,8,0,8,225
01/26/2003,RIC,VA,AEA,EN,Towers with Radar,61,87,28,6,182,1,0,13,1,15,62,87,41,7,197,20,0,20,217
01/27/2003,RIC,VA,AEA,EN,Towers with Radar,77,109,62,25,273,0,4,30,4,38,77,113,92,29,311,16,30,46,357
01/28/2003,RIC,VA,AEA,EN,Towers with Radar,100,123,74,59,356,0,1,36,5,42,100,124,110,64,398,18,52,70,468
01/29/2003,RIC,VA,AEA,EN,Towers with Radar,97,138,72,26,333,0,3,11,0,14,97,141,83,26,347,3,24,27,374
01/30/2003,RIC,VA,AEA,EN,Towers with Radar,108,117,63,3,291,0,0,0,0,0,108,117,63,3,291,0,0,0,291
01/31/2003,RIC,VA,AEA,EN,Towers with Radar,87,149,60,2,298,0,0,0,0,0,87,149,60,2,298,0,0,0,298
02/01/2003,RIC,VA,AEA,EN,Combined TRACON& Tower with Radar,61,91,24,17,193,1,0,10,0,11,62,91,34,17,204,2,8,10,214
02/02/2003,RIC,VA,AEA,EN,Combined TRACON& Tower with Radar,75,85,42,4,206,1,1,53,0,55,76,86,95,4,261,6,1,7,268
02/03/2003,RIC,VA,AEA,EN,Combined TRACON& Tower with Radar,80,116,50,29,275,1,0,40,1,42,81,116,90,30,317,10,30,40,357
02/04/2003,RIC,VA,AEA,EN,Combined TRACON& Tower with Radar,109,126,56,12,303,1,1,17,2,21,110,127,73,14,324,8,12,20,344
02/05/2003,RIC,VA,AEA,EN,Combined TRACON& Tower with Radar,106,127,86,54,373,1,9,44,5,59,107,136,130,59,432,27,44,71,503
02/06/2003,RIC,VA,AEA,EN,Combined TRACON& Tower with Radar,66,168,82,26,342,1,0,29,2,32,67,168,111,28,374,13,19,32,406
02/07/2003,RIC,VA,AEA,EN,Combined TRACON& Tower with Radar,69,144,37,34,284,1,0,12,1,14,70,144,49,35,298,0,24,24,322
02/08/2003,RIC,VA,AEA,EN,Combined TRACON& Tower with Radar,84,84,22,17,207,0,0,54,2,56,84,84,76,19,263,14,6,20,283
02/09/2003,RIC,VA,AEA,EN,Combined TRACON& Tower with Radar,94,61,35,23,213,0,2,36,1,39,94,63,71,24,252,0,0,0,252
02/10/2003,RIC,VA,AEA,EN,Combined TRACON& Tower with Radar,66,100,10,12,188,73,35,0,0,108,139,135,10,12,296,1,6,7,303
02/11/2003,RIC,VA,AEA,EN,Combined TRACON& Tower with Radar,81,150,76,33,340,0,2,33,4,39,81,152,109,37,379,4,20,24,403
02/12/2003,RIC,VA,AEA,EN,Combined TRACON& Tower with Radar,80,163,84,33,360,0,8,27,5,40,80,171,111,38,400,10,28,38,438
02/13/2003,RIC,VA,AEA,EN,Combined TRACON& Tower with Radar,119,130,46,41,336,0,0,45,11,56,119,130,91,52,392,28,10,38,430
02/14/2003,RIC,VA,AEA,EN,Combined TRACON& Tower with Radar,125,126,63,23,337,0,9,25,1,35,125,135,88,24,372,4,18,22,394
02/15/2003,RIC,VA,AEA,EN,Combined TRACON& Tower with Radar,88,71,17,4,180,0,0,2,0,2,88,71,19,4,182,0,0,0,182
02/16/2003,RIC,VA,AEA,EN,Combined TRACON& Tower with Radar,16,40,10,0,66,0,0,2,0,2,16,40,12,0,68,0,0,0,68
02/17/2003,RIC,VA,AEA,EN,Combined TRACON& Tower with Radar,23,64,31,1,119,142,0,4,0,146,165,64,35,1,265,0,0,0,265
02/18/2003,RIC,VA,AEA,EN,Combined TRACON& Tower with Radar,68,124,84,8,284,0,0,11,4,15,68,124,95,12,299,4,0,4,303
02/19/2003,RIC,VA,AEA,EN,Combined TRACON& Tower with Radar,84,157,94,29,364,0,4,28,2,34,84,161,122,31,398,30,28,58,456
02/20/2003,RIC,VA,AEA,EN,Combined TRACON& Tower with Radar,76,182,92,60,410,0,3,34,5,42,76,185,126,65,452,8,62,70,522
02/21/2003,RIC,VA,AEA,EN,Combined TRACON& Tower with Radar,71,173,66,19,329,4,24,3,0,31,75,197,69,19,360,4,10,14,374
02/22/2003,RIC,VA,AEA,EN,Combined TRACON& Tower with Radar,59,112,20,3,194,0,0,1,0,1,59,112,21,3,195,0,0,0,195
02/23/2003,RIC,VA,AEA,EN,Combined TRACON& Tower with Radar,64,116,25,8,213,0,0,4,1,5,64,116,29,9,218,0,0,0,218
02/24/2003,RIC,VA,AEA,EN,Combined TRACON& Tower with Radar,82,129,63,17,291,0,1,35,1,37,82,130,98,18,328,4,6,10,338
02/25/2003,RIC,VA,AEA,EN,Combined TRACON& Tower with Radar,106,151,68,19,344,0,1,52,5,58,106,152,120,24,402,22,16,38,440
02/26/2003,RIC,VA,AEA,EN,Combined TRACON& Tower with Radar,97,151,49,13,310,0,2,5,0,7,97,153,54,13,317,0,0,0,317
02/27/2003,RIC,VA,AEA,EN,Combined TRACON& Tower with Radar,107,134,62,0,303,0,0,1,0,1,107,134,63,0,304,0,0,0,304
02/28/2003,RIC,VA,AEA,EN,Combined TRACON& Tower with Radar,117,128,60,14,319,0,0,1,0,1,117,128,61,14,320,14,0,14,334
03/01/2003,RIC,VA,AEA,EN,Combined TRACON& Tower with Radar,45,78,28,0,151,41,0,0,0,41,86,78,28,0,192,2,0,2,194
03/02/2003,RIC,VA,AEA,EN,Combined TRACON& Tower with Radar,46,93,37,8,184,10,3,0,0,13,56,96,37,8,197,2,0,2,199
03/03/2003,RIC,VA,AEA,EN,Combined TRACON& Tower with Radar,66,118,82,32,298,0,2,0,0,2,66,120,82,32,300,22,16,38,338
03/04/2003,RIC,VA,AEA,EN,Combined TRACON& Tower with Radar,73,147,89,21,330,0,0,15,21,36,73,147,104,42,366,20,46,66,432
03/05/2003,RIC,VA,AEA,EN,Combined TRACON& Tower with Radar,76,168,80,22,346,0,2,0,0,2,76,170,80,22,348,8,28,36,384
03/06/2003,RIC,VA,AEA,EN,Combined TRACON& Tower with Radar,76,157,94,16,343,0,2,0,0,2,76,159,94,16,345,4,0,4,349
03/07/2003,RIC,VA,AEA,EN,Combined TRACON& Tower with Radar,79,180,100,42,401,0,2,0,0,2,79,182,100,42,403,3,6,9,412
03/08/2003,RIC,VA,AEA,EN,Combined TRACON& Tower with Radar,49,99,44,2,194,12,4,0,0,16,61,103,44,2,210,0,12,12,222
03/09/2003,RIC,VA,AEA,EN,Combined TRACON& Tower with Radar,63,110,49,15,237,0,2,0,0,2,63,112,49,15,239,2,0,2,241
03/10/2003,RIC,VA,AEA,EN,Combined TRACON& Tower with Radar,35,87,35,10,167,0,17,0,0,17,35,104,35,10,184,8,14,22,206
03/11/2003,RIC,VA,AEA,EN,Combined TRACON& Tower with Radar,78,171,86,10,345,0,11,0,0,11,78,182,86,10,356,11,2,13,369
03/12/2003,RIC,VA,AEA,EN,Combined TRACON& Tower with Radar,64,152,86,36,338,0,2,0,0,2,64,154,86,36,340,8,12,20,360
03/13/2003,RIC,VA,AEA,EN,Combined TRACON& Tower with Radar,60,133,47,16,256,0,22,0,3,25,60,155,47,19,281,0,10,10,291
03/14/2003,RIC,VA,AEA,EN,Combined TRACON& Tower with Radar,77,161,67,18,323,4,4,0,7,15,81,165,67,25,338,14,13,27,365
03/15/2003,RIC,VA,AEA,EN,Combined TRACON& Tower with Radar,53,102,54,0,209,5,0,9,0,14,58,102,63,0,223,10,0,10,233
03/16/2003,RIC,VA,AEA,EN,Combined TRACON& Tower with Radar,56,117,55,8,236,8,2,0,0,10,64,119,55,8,246,6,0,6,252
03/17/2003,RIC,VA,AEA,EN,Combined TRACON& Tower with Radar,50,146,59,5,260,0,2,0,0,2,50,148,59,5,262,0,0,0,262
03/18/2003,RIC,VA,AEA,EN,Combined TRACON& Tower with Radar,77,177,88,20,362,0,3,2,5,10,77,180,90,25,372,6,14,20,392
03/19/2003,RIC,VA,AEA,EN,Combined TRACON& Tower with Radar,68,157,82,19,326,0,0,19,4,23,68,157,101,23,349,18,15,33,382
03/20/2003,RIC,VA,AEA,EN,Combined TRACON& Tower with Radar,59,149,74,3,285,0,2,0,0,2,59,151,74,3,287,0,0,0,287
03/21/2003,RIC,VA,AEA,EN,Combined TRACON& Tower with Radar,66,160,79,16,321,0,15,0,0,15,66,175,79,16,336,0,0,0,336
03/22/2003,RIC,VA,AEA,EN,Combined TRACON& Tower with Radar,57,100,58,13,228,2,0,8,7,17,59,100,66,20,245,0,0,0,245
03/23/2003,RIC,VA,AEA,EN,Combined TRACON& Tower with Radar,52,107,49,3,211,5,11,0,0,16,57,118,49,3,227,42,0,42,269
03/24/2003,RIC,VA,AEA,EN,Combined TRACON& Tower with Radar,74,158,80,13,325,0,0,14,0,14,74,158,94,13,339,15,3,18,357
03/25/2003,RIC,VA,AEA,EN,Combined TRACON& Tower with Radar,82,157,92,21,352,0,0,24,11,35,82,157,116,32,387,2,41,43,430
03/26/2003,RIC,VA,AEA,EN,Combined TRACON& Tower with Radar,70,188,76,34,368,0,1,0,1,2,70,189,76,35,370,5,16,21,391
03/27/2003,RIC,VA,AEA,EN,Combined TRACON& Tower with Radar,68,182,95,22,367,0,1,0,1,2,68,183,95,23,369,3,0,3,372
03/28/2003,RIC,VA,AEA,EN,Combined TRACON& Tower with Radar,66,175,79,16,336,0,1,0,1,2,66,176,79,17,338,4,0,4,342
03/29/2003,RIC,VA,AEA,EN,Combined TRACON& Tower with Radar,60,98,24,4,186,0,1,0,1,2,60,99,24,5,188,0,2,2,190
03/30/2003,RIC,VA,AEA,EN,Combined TRACON& Tower with Radar,59,105,19,1,184,0,1,0,1,2,59,106,19,2,186,0,0,0,186
03/31/2003,RIC,VA,AEA,EN,Combined TRACON& Tower with Radar,57,143,67,3,270,0,1,0,1,2,57,144,67,4,272,4,0,4,276
04/01/2003,RIC,VA,AEA,EN,Combined TRACON& Tower with Radar,74,195,79,18,366,0,0,0,0,0,74,195,79,18,366,14,20,34,400
04/02/2003,RIC,VA,AEA,EN,Combined TRACON& Tower with Radar,61,152,71,38,322,0,0,0,0,0,61,152,71,38,322,2,36,38,360
04/03/2003,RIC,VA,AEA,EN,Combined TRACON& Tower with Radar,61,171,83,33,348,0,0,0,0,0,61,171,83,33,348,0,26,26,374
04/04/2003,RIC,VA,AEA,EN,Combined TRACON& Tower with Radar,63,182,96,49,390,0,0,0,0,0,63,182,96,49,390,14,57,71,461
04/05/2003,RIC,VA,AEA,EN,Combined TRACON& Tower with Radar,55,103,24,4,186,0,0,0,0,0,55,103,24,4,186,10,4,14,200
04/06/2003,RIC,VA,AEA,EN,Combined TRACON& Tower with Radar,41,119,69,8,237,0,0,0,0,0,41,119,69,8,237,0,0,0,237
04/07/2003,RIC,VA,AEA,EN,Combined TRACON& Tower with Radar,52,143,62,24,281,0,0,0,0,0,52,143,62,24,281,0,0,0,281
04/08/2003,RIC,VA,AEA,EN,Combined TRACON& Tower with Radar,85,184,108,16,393,0,0,0,0,0,85,184,108,16,393,0,4,4,397
04/09/2003,RIC,VA,AEA,EN,Combined TRACON& Tower with Radar,69,206,79,23,377,0,0,0,0,0,69,206,79,23,377,0,0,0,377
04/10/2003,RIC,VA,AEA,EN,Combined TRACON& Tower with Radar,65,189,71,14,339,0,0,0,0,0,65,189,71,14,339,0,0,0,339
04/11/2003,RIC,VA,AEA,EN,Combined TRACON& Tower with Radar,75,188,95,10,368,0,0,0,0,0,75,188,95,10,368,0,0,0,368
04/12/2003,RIC,VA,AEA,EN,Combined TRACON& Tower with Radar,64,123,54,55,296,0,0,0,0,0,64,123,54,55,296,2,14,16,312
04/13/2003,RIC,VA,AEA,EN,Combined TRACON& Tower with Radar,51,131,60,22,264,0,0,0,0,0,51,131,60,22,264,0,8,8,272
04/14/2003,RIC,VA,AEA,EN,Combined TRACON& Tower with Radar,57,158,69,24,308,0,0,0,0,0,57,158,69,24,308,6,14,20,328
04/15/2003,RIC,VA,AEA,EN,Combined TRACON& Tower with Radar,66,195,84,42,387,0,0,0,0,0,66,195,84,42,387,22,20,42,429
04/16/2003,RIC,VA,AEA,EN,Combined TRACON& Tower with Radar,66,184,65,26,341,0,0,0,0,0,66,184,65,26,341,4,29,33,374
04/17/2003,RIC,VA,AEA,EN,Combined TRACON& Tower with Radar,79,213,108,46,446,0,0,0,0,0,79,213,108,46,446,25,4,29,475
04/18/2003,RIC,VA,AEA,EN,Combined TRACON& Tower with Radar,65,188,61,41,355,0,0,0,0,0,65,188,61,41,355,0,0,0,355
04/19/2003,RIC,VA,AEA,EN,Combined TRACON& Tower with Radar,51,103,29,0,183,0,0,0,0,0,51,103,29,0,183,0,0,0,183
04/20/2003,RIC,VA,AEA,EN,Combined TRACON& Tower with Radar,56,115,45,0,216,0,0,0,0,0,56,115,45,0,216,8,0,8,224
04/21/2003,RIC,VA,AEA,EN,Combined TRACON& Tower with Radar,48,154,51,4,257,0,0,0,0,0,48,154,51,4,257,4,0,4,261
04/22/2003,RIC,VA,AEA,EN,Combined TRACON& Tower with Radar,66,185,100,41,392,0,0,0,0,0,66,185,100,41,392,2,2,4,396
04/23/2003,RIC,VA,AEA,EN,Combined TRACON& Tower with Radar,69,194,92,58,413,0,0,0,0,0,69,194,92,58,413,0,14,14,427
04/24/2003,RIC,VA,AEA,EN,Combined TRACON& Tower with Radar,64,191,101,68,424,0,0,0,0,0,64,191,101,68,424,4,62,66,490
04/25/2003,RIC,VA,AEA,EN,Combined TRACON& Tower with Radar,79,201,78,46,404,0,0,0,0,0,79,201,78,46,404,8,32,40,444
04/26/2003,RIC,VA,AEA,EN,Combined TRACON& Tower with Radar,58,123,35,2,218,0,0,0,0,0,58,123,35,2,218,0,0,0,218
04/27/2003,RIC,VA,AEA,EN,Combined TRACON& Tower with Radar,49,130,56,4,239,0,0,0,0,0,49,130,56,4,239,2,2,4,243
04/28/2003,RIC,VA,AEA,EN,Combined TRACON& Tower with Radar,52,165,53,0,270,0,0,0,0,0,52,165,53,0,270,4,0,4,274
04/29/2003,RIC,VA,AEA,EN,Combined TRACON& Tower with Radar,68,174,91,23,356,0,0,0,0,0,68,174,91,23,356,36,8,44,400
04/30/2003,RIC,VA,AEA,EN,Combined TRACON& Tower with Radar,83,184,96,30,393,0,0,0,0,0,83,184,96,30,393,0,18,18,411
05/01/2003,RIC,VA,AEA,EN,Combined TRACON& Tower with Radar,69,202,167,35,473,0,0,0,0,0,69,202,167,35,473,4,8,12,485
05/02/2003,RIC,VA,AEA,EN,Combined TRACON& Tower with Radar,76,209,144,28,457,0,0,0,0,0,76,209,144,28,457,16,12,28,485
05/03/2003,RIC,VA,AEA,EN,Combined TRACON& Tower with Radar,56,115,168,33,372,0,0,0,0,0,56,115,168,33,372,0,56,56,428
05/04/2003,RIC,VA,AEA,EN,Combined TRACON& Tower with Radar,61,138,182,0,381,0,0,0,0,0,61,138,182,0,381,0,0,0,381
05/05/2003,RIC,VA,AEA,EN,Combined TRACON& Tower with Radar,56,168,69,2,295,0,0,0,0,0,56,168,69,2,295,4,0,4,299
05/06/2003,RIC,VA,AEA,EN,Combined TRACON& Tower with Radar,72,186,73,5,336,0,0,0,0,0,72,186,73,5,336,0,0,0,336
05/07/2003,RIC,VA,AEA,EN,Combined TRACON& Tower with Radar,84,198,114,33,429,0,0,0,0,0,84,198,114,33,429,8,12,20,449
05/08/2003,RIC,VA,AEA,EN,Combined TRACON& Tower with Radar,85,215,115,32,447,0,0,0,0,0,85,215,115,32,447,14,28,42,489
05/09/2003,RIC,VA,AEA,EN,Combined TRACON& Tower with Radar,78,195,87,24,384,0,0,0,0,0,78,195,87,24,384,0,0,0,384
05/10/2003,RIC,VA,AEA,EN,Combined TRACON& Tower with Radar,65,129,44,0,238,0,0,0,0,0,65,129,44,0,238,0,0,0,238
05/11/2003,RIC,VA,AEA,EN,Combined TRACON& Tower with Radar,55,134,32,0,221,0,0,0,0,0,55,134,32,0,221,20,0,20,241
05/12/2003,RIC,VA,AEA,EN,Combined TRACON& Tower with Radar,57,158,70,7,292,0,0,0,0,0,57,158,70,7,292,0,0,0,292
05/13/2003,RIC,VA,AEA,EN,Combined TRACON& Tower with Radar,73,170,84,48,375,0,0,0,0,0,73,170,84,48,375,4,24,28,403
05/14/2003,RIC,VA,AEA,EN,Combined TRACON& Tower with Radar,82,197,126,55,460,0,0,0,0,0,82,197,126,55,460,0,34,34,494
05/15/2003,RIC,VA,AEA,EN,Combined TRACON& Tower with Radar,78,159,112,24,373,0,0,0,0,0,78,159,112,24,373,20,38,58,431
05/16/2003,RIC,VA,AEA,EN,Combined TRACON& Tower with Radar,63,182,96,49,390,0,0,0,0,0,63,182,96,49,390,16,58,74,464
05/17/2003,RIC,VA,AEA,EN,Combined TRACON& Tower with Radar,55,131,33,33,252,0,0,0,0,0,55,131,33,33,252,0,0,0,252
05/18/2003,RIC,VA,AEA,EN,Combined TRACON& Tower with Radar,137,106,43,0,286,0,0,0,0,0,137,106,43,0,286,0,0,0,286
05/19/2003,RIC,VA,AEA,EN,Combined TRACON& Tower with Radar,80,172,92,26,370,0,0,0,0,0,80,172,92,26,370,10,8,18,388
05/20/2003,RIC,VA,AEA,EN,Combined TRACON& Tower with Radar,72,196,100,57,425,0,0,0,0,0,72,196,100,57,425,8,35,43,468
05/21/2003,RIC,VA,AEA,EN,Combined TRACON& Tower with Radar,76,188,120,23,407,0,0,0,0,0,76,188,120,23,407,18,10,28,435
05/22/2003,RIC,VA,AEA,EN,Combined TRACON& Tower with Radar,63,184,97,22,366,0,0,0,0,0,63,184,97,22,366,0,0,0,366
05/23/2003,RIC,VA,AEA,EN,Combined TRACON& Tower with Radar,66,179,92,2,339,0,0,0,0,0,66,179,92,2,339,0,0,0,339
05/24/2003,RIC,VA,AEA,EN,Combined TRACON& Tower with Radar,51,124,34,0,209,0,0,0,0,0,51,124,34,0,209,0,0,0,209
05/25/2003,RIC,VA,AEA,EN,Combined TRACON& Tower with Radar,48,91,20,0,159,0,0,0,0,0,48,91,20,0,159,0,0,0,159
05/26/2003,RIC,VA,AEA,EN,Combined TRACON& Tower with Radar,51,138,37,6,232,0,0,0,0,0,51,138,37,6,232,4,0,4,236
05/27/2003,RIC,VA,AEA,EN,Combined TRACON& Tower with Radar,53,150,69,1,273,0,0,0,0,0,53,150,69,1,273,0,0,0,273
05/28/2003,RIC,VA,AEA,EN,Combined TRACON& Tower with Radar,72,212,112,43,439,0,0,0,0,0,72,212,112,43,439,4,12,16,455
05/29/2003,RIC,VA,AEA,EN,Combined TRACON& Tower with Radar,68,206,102,52,428,0,0,0,0,0,68,206,102,52,428,4,6,10,438
05/30/2003,RIC,VA,AEA,EN,Combined TRACON& Tower with Radar,67,195,74,26,362,0,0,0,0,0,67,195,74,26,362,6,18,24,386
05/31/2003,RIC,VA,AEA,EN,Combined TRACON& Tower with Radar,58,119,31,0,208,0,0,0,0,0,58,119,31,0,208,0,16,16,224
06/01/2003,RIC,VA,AEA,EN,Combined TRACON& Tower with Radar,47,107,27,0,181,0,0,0,0,0,47,107,27,0,181,4,4,8,189
06/02/2003,RIC,VA,AEA,EN,Combined TRACON& Tower with Radar,58,151,91,11,311,0,0,0,0,0,58,151,91,11,311,4,12,16,327
06/03/2003,RIC,VA,AEA,EN,Combined TRACON& Tower with Radar,76,170,86,30,362,0,0,0,0,0,76,170,86,30,362,24,2,26,388
06/04/2003,RIC,VA,AEA,EN,Combined TRACON& Tower with Radar,80,172,81,64,397,0,0,0,0,0,80,172,81,64,397,4,0,4,401
06/05/2003,RIC,VA,AEA,EN,Combined TRACON& Tower with Radar,73,197,95,38,403,0,0,0,0,0,73,197,95,38,403,18,30,48,451
06/06/2003,RIC,VA,AEA,EN,Combined TRACON& Tower with Radar,107,178,88,16,389,0,0,0,0,0,107,178,88,16,389,10,26,36,425
06/07/2003,RIC,VA,AEA,EN,Combined TRACON& Tower with Radar,59,109,24,1,193,0,0,0,0,0,59,109,24,1,193,0,10,10,203
06/08/2003,RIC,VA,AEA,EN,Combined TRACON& Tower with Radar,57,105,61,9,232,0,0,0,0,0,57,105,61,9,232,0,0,0,232
06/09/2003,RIC,VA,AEA,EN,Combined TRACON& Tower with Radar,60,151,63,35,309,0,0,0,0,0,60,151,63,35,309,4,16,20,329
06/10/2003,RIC,VA,AEA,EN,Combined TRACON& Tower with Radar,76,181,105,29,391,0,0,0,0,0,76,181,105,29,391,2,16,18,409
06/11/2003,RIC,VA,AEA,EN,Combined TRACON& Tower with Radar,74,186,117,28,405,0,0,0,0,0,74,186,117,28,405,0,14,14,419
06/12/2003,RIC,VA,AEA,EN,Combined TRACON& Tower with Radar,91,196,111,11,409,0,0,0,0,0,91,196,111,11,409,2,14,16,425
06/13/2003,RIC,VA,AEA,EN,Combined TRACON& Tower with Radar,65,170,91,38,364,0,0,0,0,0,65,170,91,38,364,2,26,28,392
06/14/2003,RIC,VA,AEA,EN,Combined TRACON& Tower with Radar,45,125,27,0,197,0,0,0,0,0,45,125,27,0,197,22,0,22,219
06/15/2003,RIC,VA,AEA,EN,Combined TRACON& Tower with Radar,50,106,46,1,203,0,0,0,0,0,50,106,46,1,203,4,6,10,213
06/16/2003,RIC,VA,AEA,EN,Combined TRACON& Tower with Radar,61,124,106,6,297,0,0,0,0,0,61,124,106,6,297,2,20,22,319
06/17/2003,RIC,VA,AEA,EN,Combined TRACON& Tower with Radar,79,159,73,43,354,0,0,0,0,0,79,159,73,43,354,0,0,0,354
06/18/2003,RIC,VA,AEA,EN,Combined TRACON& Tower with Radar,75,180,100,40,395,0,0,0,0,0,75,180,100,40,395,0,15,15,410
06/19/2003,RIC,VA,AEA,EN,Combined TRACON& Tower with Radar,72,177,56,34,339,0,0,0,0,0,72,177,56,34,339,0,26,26,365
06/20/2003,RIC,VA,AEA,EN,Combined TRACON& Tower with Radar,85,191,64,33,373,0,0,0,0,0,85,191,64,33,373,0,4,4,377
06/21/2003,RIC,VA,AEA,EN,Combined TRACON& Tower with Radar,65,130,38,1,234,0,0,0,0,0,65,130,38,1,234,12,0,12,246
06/22/2003,RIC,VA,AEA,EN,Combined TRACON& Tower with Radar,66,131,46,10,253,0,0,0,0,0,66,131,46,10,253,22,0,22,275
06/23/2003,RIC,VA,AEA,EN,Combined TRACON& Tower with Radar,78,160,123,37,398,0,0,0,0,0,78,160,123,37,398,0,2,2,400
06/24/2003,RIC,VA,AEA,EN,Combined TRACON& Tower with Radar,93,190,128,52,463,0,0,0,0,0,93,190,128,52,463,12,26,38,501
06/25/2003,RIC,VA,AEA,EN,Combined TRACON& Tower with Radar,72,183,100,30,385,0,0,0,0,0,72,183,100,30,385,18,12,30,415
06/26/2003,RIC,VA,AEA,EN,Combined TRACON& Tower with Radar,79,162,109,18,368,0,0,0,0,0,79,162,109,18,368,12,22,34,402
06/27/2003,RIC,VA,AEA,EN,Combined TRACON& Tower with Radar,66,169,96,13,344,0,0,0,0,0,66,169,96,13,344,6,52,58,402
06/28/2003,RIC,VA,AEA,EN,Combined TRACON& Tower with Radar,58,120,56,4,238,0,0,0,0,0,58,120,56,4,238,0,12,12,250
06/29/2003,RIC,VA,AEA,EN,Combined TRACON& Tower with Radar,57,120,63,0,240,0,0,0,0,0,57,120,63,0,240,22,0,22,262
06/30/2003,RIC,VA,AEA,EN,Combined TRACON& Tower with Radar,65,150,40,24,279,0,0,0,0,0,65,150,40,24,279,20,36,56,335
07/01/2003,RIC,VA,AEA,EN,Combined TRACON& Tower with Radar,82,180,84,37,383,0,0,0,0,0,82,180,84,37,383,4,28,32,415
07/02/2003,RIC,VA,AEA,EN,Combined TRACON& Tower with Radar,66,167,50,6,289,0,0,0,0,0,66,167,50,6,289,0,0,0,289
07/03/2003,RIC,VA,AEA,EN,Combined TRACON& Tower with Radar,78,170,65,36,349,0,0,0,0,0,78,170,65,36,349,8,0,8,357
07/04/2003,RIC,VA,AEA,EN,Combined TRACON& Tower with Radar,47,97,13,0,157,0,0,0,0,0,47,97,13,0,157,4,0,4,161
07/05/2003,RIC,VA,AEA,EN,Combined TRACON& Tower with Radar,38,112,29,1,180,0,0,0,0,0,38,112,29,1,180,6,0,6,186
07/06/2003,RIC,VA,AEA,EN,Combined TRACON& Tower with Radar,69,111,40,0,220,0,0,0,0,0,69,111,40,0,220,0,0,0,220
07/07/2003,RIC,VA,AEA,EN,Combined TRACON& Tower with Radar,82,164,82,5,333,0,0,0,0,0,82,164,82,5,333,16,0,16,349
07/08/2003,RIC,VA,AEA,EN,Combined TRACON& Tower with Radar,71,178,74,24,347,0,0,0,0,0,71,178,74,24,347,16,0,16,363
07/09/2003,RIC,VA,AEA,EN,Combined TRACON& Tower with Radar,74,176,74,24,348,0,0,0,0,0,74,176,74,24,348,12,20,32,380
07/10/2003,RIC,VA,AEA,EN,Combined TRACON& Tower with Radar,78,186,79,20,363,0,0,0,0,0,78,186,79,20,363,4,12,16,379
07/11/2003,RIC,VA,AEA,EN,Combined TRACON& Tower with Radar,92,186,106,52,436,0,0,0,0,0,92,186,106,52,436,12,22,34,470
07/12/2003,RIC,VA,AEA,EN,Combined TRACON& Tower with Radar,63,148,43,30,284,0,0,0,0,0,63,148,43,30,284,8,20,28,312
07/13/2003,RIC,VA,AEA,EN,Combined TRACON& Tower with Radar,64,149,63,1,277,0,0,0,0,0,64,149,63,1,277,44,0,44,321
07/14/2003,RIC,VA,AEA,EN,Combined TRACON& Tower with Radar,65,150,64,52,331,0,0,0,0,0,65,150,64,52,331,0,4,4,335
07/15/2003,RIC,VA,AEA,EN,Combined TRACON& Tower with Radar,77,187,93,41,398,0,0,0,0,0,77,187,93,41,398,4,20,24,422
07/16/2003,RIC,VA,AEA,EN,Combined TRACON& Tower with Radar,80,207,100,44,431,0,0,0,0,0,80,207,100,44,431,2,42,44,475
07/17/2003,RIC,VA,AEA,EN,Combined TRACON& Tower with Radar,67,171,78,17,333,0,0,0,0,0,67,171,78,17,333,8,14,22,355
07/18/2003,RIC,VA,AEA,EN,Combined TRACON& Tower with Radar,62,156,65,17,300,0,0,0,0,0,62,156,65,17,300,4,0,4,304
07/19/2003,RIC,VA,AEA,EN,Combined TRACON& Tower with Radar,102,119,35,1,257,0,0,0,0,0,102,119,35,1,257,10,0,10,267
07/20/2003,RIC,VA,AEA,EN,Combined TRACON& Tower with Radar,63,107,38,0,208,0,0,0,0,0,63,107,38,0,208,0,0,0,208
07/21/2003,RIC,VA,AEA,EN,Combined TRACON& Tower with Radar,59,149,56,24,288,0,0,0,0,0,59,149,56,24,288,10,26,36,324
07/22/2003,RIC,VA,AEA,EN,Combined TRACON& Tower with Radar,62,154,51,35,302,0,0,0,0,0,62,154,51,35,302,0,36,36,338
07/23/2003,RIC,VA,AEA,EN,Combined TRACON& Tower with Radar,86,177,82,55,400,0,0,0,0,0,86,177,82,55,400,0,6,6,406
07/24/2003,RIC,VA,AEA,EN,Combined TRACON& Tower with Radar,78,173,73,47,371,0,0,0,0,0,78,173,73,47,371,8,18,26,397
07/25/2003,RIC,VA,AEA,EN,Combined TRACON& Tower with Radar,71,156,69,32,328,0,0,0,0,0,71,156,69,32,328,2,0,2,330
07/26/2003,RIC,VA,AEA,EN,Combined TRACON& Tower with Radar,47,113,47,20,227,0,0,0,0,0,47,113,47,20,227,32,6,38,265
07/27/2003,RIC,VA,AEA,EN,Combined TRACON& Tower with Radar,55,104,43,9,211,0,0,0,0,0,55,104,43,9,211,0,0,0,211
07/28/2003,RIC,VA,AEA,EN,Combined TRACON& Tower with Radar,63,142,68,14,287,0,0,0,0,0,63,142,68,14,287,0,22,22,309
07/29/2003,RIC,VA,AEA,EN,Combined TRACON& Tower with Radar,69,176,61,25,331,0,0,0,0,0,69,176,61,25,331,0,4,4,335
07/30/2003,RIC,VA,AEA,EN,Combined TRACON& Tower with Radar,76,191,83,11,361,0,0,0,0,0,76,191,83,11,361,0,6,6,367
07/31/2003,RIC,VA,AEA,EN,Combined TRACON& Tower with Radar,78,186,67,25,356,0,0,0,0,0,78,186,67,25,356,0,0,0,356
08/01/2003,RIC,VA,AEA,EN,Combined TRACON& Tower with Radar,74,189,59,13,335,0,0,0,0,0,74,189,59,13,335,8,10,18,353
08/02/2003,RIC,VA,AEA,EN,Combined TRACON& Tower with Radar,51,130,43,17,241,0,0,0,0,0,51,130,43,17,241,0,0,0,241
08/03/2003,RIC,VA,AEA,EN,Combined TRACON& Tower with Radar,57,121,35,10,223,0,0,0,0,0,57,121,35,10,223,0,0,0,223
08/04/2003,RIC,VA,AEA,EN,Combined TRACON& Tower with Radar,75,147,64,11,297,0,0,0,0,0,75,147,64,11,297,0,8,8,305
08/05/2003,RIC,VA,AEA,EN,Combined TRACON& Tower with Radar,75,184,65,33,357,0,0,0,0,0,75,184,65,33,357,10,56,66,423
08/06/2003,RIC,VA,AEA,EN,Combined TRACON& Tower with Radar,85,190,65,37,377,0,0,0,0,0,85,190,65,37,377,4,6,10,387
08/07/2003,RIC,VA,AEA,EN,Combined TRACON& Tower with Radar,78,179,88,42,387,0,0,0,0,0,78,179,88,42,387,18,8,26,413
08/08/2003,RIC,VA,AEA,EN,Combined TRACON& Tower with Radar,77,181,62,21,341,0,0,0,0,0,77,181,62,21,341,8,0,8,349
08/09/2003,RIC,VA,AEA,EN,Combined TRACON& Tower with Radar,58,150,35,14,257,0,0,0,0,0,58,150,35,14,257,10,4,14,271
08/10/2003,RIC,VA,AEA,EN,Combined TRACON& Tower with Radar,60,117,52,5,234,0,0,0,0,0,60,117,52,5,234,0,2,2,236
08/11/2003,RIC,VA,AEA,EN,Combined TRACON& Tower with Radar,57,140,73,4,274,0,0,0,0,0,57,140,73,4,274,18,14,32,306
08/12/2003,RIC,VA,AEA,EN,Combined TRACON& Tower with Radar,76,182,94,18,370,0,0,0,0,0,76,182,94,18,370,10,28,38,408
08/13/2003,RIC,VA,AEA,EN,Combined TRACON& Tower with Radar,72,187,89,21,369,0,0,0,0,0,72,187,89,21,369,2,0,2,371
08/14/2003,RIC,VA,AEA,EN,Combined TRACON& Tower with Radar,78,184,97,33,392,0,0,0,0,0,78,184,97,33,392,0,0,0,392
08/15/2003,RIC,VA,AEA,EN,Combined TRACON& Tower with Radar,75,162,55,31,323,0,0,0,0,0,75,162,55,31,323,6,0,6,329
08/16/2003,RIC,VA,AEA,EN,Combined TRACON& Tower with Radar,69,133,42,14,258,0,0,0,0,0,69,133,42,14,258,0,0,0,258
08/17/2003,RIC,VA,AEA,EN,Combined TRACON& Tower with Radar,62,128,45,4,239,0,0,0,0,0,62,128,45,4,239,28,0,28,267
08/18/2003,RIC,VA,AEA,EN,Combined TRACON& Tower with Radar,60,157,71,14,302,0,0,0,0,0,60,157,71,14,302,0,0,0,302
08/19/2003,RIC,VA,AEA,EN,Combined TRACON& Tower with Radar,77,170,86,63,396,0,0,0,0,0,77,170,86,63,396,32,28,60,456
08/20/2003,RIC,VA,AEA,EN,Combined TRACON& Tower with Radar,76,176,84,64,400,0,0,0,0,0,76,176,84,64,400,12,10,22,422
08/21/2003,RIC,VA,AEA,EN,Combined TRACON& Tower with Radar,85,209,125,47,466,0,0,0,0,0,85,209,125,47,466,2,0,2,468
08/22/2003,RIC,VA,AEA,EN,Combined TRACON& Tower with Radar,90,212,100,28,430,0,0,0,0,0,90,212,100,28,430,0,2,2,432
08/23/2003,RIC,VA,AEA,EN,Combined TRACON& Tower with Radar,59,146,26,6,237,0,0,0,0,0,59,146,26,6,237,30,0,30,267
08/24/2003,RIC,VA,AEA,EN,Combined TRACON& Tower with Radar,60,123,52,0,235,0,0,0,0,0,60,123,52,0,235,4,0,4,239
08/25/2003,RIC,VA,AEA,EN,Combined TRACON& Tower with Radar,59,155,76,14,304,0,0,0,0,0,59,155,76,14,304,10,14,24,328
08/26/2003,RIC,VA,AEA,EN,Combined TRACON& Tower with Radar,73,167,99,56,395,0,0,0,0,0,73,167,99,56,395,12,18,30,425
08/27/2003,RIC,VA,AEA,EN,Combined TRACON& Tower with Radar,88,196,91,29,404,0,0,0,0,0,88,196,91,29,404,44,14,58,462
08/28/2003,RIC,VA,AEA,EN,Combined TRACON& Tower with Radar,86,280,87,8,461,0,0,0,0,0,86,280,87,8,461,6,0,6,467
08/29/2003,RIC,VA,AEA,EN,Combined TRACON& Tower with Radar,80,184,72,10,346,0,0,0,0,0,80,184,72,10,346,0,16,16,362
08/30/2003,RIC,VA,AEA,EN,Combined TRACON& Tower with Radar,72,149,26,0,247,0,0,0,0,0,72,149,26,0,247,12,0,12,259
08/31/2003,RIC,VA,AEA,EN,Combined TRACON& Tower with Radar,50,101,22,11,184,0,0,0,0,0,50,101,22,11,184,0,8,8,192
09/01/2003,RIC,VA,AEA,EN,Combined TRACON& Tower with Radar,57,107,41,2,207,0,0,0,0,0,57,107,41,2,207,8,0,8,215
09/02/2003,RIC,VA,AEA,EN,Combined TRACON& Tower with Radar,67,147,85,20,319,0,0,0,0,0,67,147,85,20,319,0,8,8,327
09/03/2003,RIC,VA,AEA,EN,Combined TRACON& Tower with Radar,84,212,122,44,462,0,0,0,0,0,84,212,122,44,462,4,66,70,532
09/04/2003,RIC,VA,AEA,EN,Combined TRACON& Tower with Radar,91,205,190,22,508,0,0,0,0,0,91,205,190,22,508,0,0,0,508
09/05/2003,RIC,VA,AEA,EN,Combined TRACON& Tower with Radar,84,197,160,33,474,0,0,0,0,0,84,197,160,33,474,2,14,16,490
09/06/2003,RIC,VA,AEA,EN,Combined TRACON& Tower with Radar,91,130,106,29,356,0,0,0,0,0,91,130,106,29,356,12,2,14,370
09/07/2003,RIC,VA,AEA,EN,Combined TRACON& Tower with Radar,52,124,121,5,302,0,0,0,0,0,52,124,121,5,302,2,0,2,304
09/08/2003,RIC,VA,AEA,EN,Combined TRACON& Tower with Radar,70,172,98,5,345,0,0,0,0,0,70,172,98,5,345,22,12,34,379
09/09/2003,RIC,VA,AEA,EN,Combined TRACON& Tower with Radar,77,203,87,28,395,0,0,0,0,0,77,203,87,28,395,2,6,8,403
09/10/2003,RIC,VA,AEA,EN,Combined TRACON& Tower with Radar,81,226,152,25,484,0,0,0,0,0,81,226,152,25,484,46,12,58,542
09/11/2003,RIC,VA,AEA,EN,Combined TRACON& Tower with Radar,76,206,128,47,457,0,0,0,0,0,76,206,128,47,457,14,20,34,491
09/12/2003,RIC,VA,AEA,EN,Combined TRACON& Tower with Radar,69,179,102,23,373,0,0,0,0,0,69,179,102,23,373,0,0,0,373
09/13/2003,RIC,VA,AEA,EN,Combined TRACON& Tower with Radar,50,122,40,9,221,0,0,0,0,0,50,122,40,9,221,0,38,38,259
09/14/2003,RIC,VA,AEA,EN,Combined TRACON& Tower with Radar,58,112,54,7,231,0,0,0,0,0,58,112,54,7,231,0,0,0,231
09/15/2003,RIC,VA,AEA,EN,Combined TRACON& Tower with Radar,69,180,91,9,349,0,0,0,0,0,69,180,91,9,349,2,6,8,357
09/16/2003,RIC,VA,AEA,EN,Combined TRACON& Tower with Radar,106,219,122,76,523,0,0,0,0,0,106,219,122,76,523,2,18,20,543
09/17/2003,RIC,VA,AEA,EN,Combined TRACON& Tower with Radar,85,206,116,11,418,0,0,0,0,0,85,206,116,11,418,2,2,4,422
09/18/2003,RIC,VA,AEA,EN,Combined TRACON& Tower with Radar,28,63,17,0,108,0,0,0,0,0,28,63,17,0,108,0,0,0,108
09/19/2003,RIC,VA,AEA,EN,Combined TRACON& Tower with Radar,31,78,34,2,145,0,0,0,0,0,31,78,34,2,145,0,0,0,145
09/20/2003,RIC,VA,AEA,EN,Combined TRACON& Tower with Radar,52,126,37,0,215,0,0,0,0,0,52,126,37,0,215,2,0,2,217
09/21/2003,RIC,VA,AEA,EN,Combined TRACON& Tower with Radar,48,125,52,2,227,0,0,0,0,0,48,125,52,2,227,12,0,12,239
09/22/2003,RIC,VA,AEA,EN,Combined TRACON& Tower with Radar,85,188,118,24,415,0,0,0,0,0,85,188,118,24,415,0,0,0,415
09/23/2003,RIC,VA,AEA,EN,Combined TRACON& Tower with Radar,88,222,108,29,447,0,0,0,0,0,88,222,108,29,447,14,2,16,463
09/24/2003,RIC,VA,AEA,EN,Combined TRACON& Tower with Radar,76,228,113,18,435,0,0,0,0,0,76,228,113,18,435,6,20,26,461
09/25/2003,RIC,VA,AEA,EN,Combined TRACON& Tower with Radar,85,246,82,25,438,0,0,0,0,0,85,246,82,25,438,4,0,4,442
09/26/2003,RIC,VA,AEA,EN,Combined TRACON& Tower with Radar,74,192,88,32,386,0,0,0,0,0,74,192,88,32,386,2,10,12,398
09/27/2003,RIC,VA,AEA,EN,Combined TRACON& Tower with Radar,51,126,39,7,223,0,0,0,0,0,51,126,39,7,223,22,0,22,245
09/28/2003,RIC,VA,AEA,EN,Combined TRACON& Tower with Radar,54,116,47,0,217,0,0,0,0,0,54,116,47,0,217,6,0,6,223
09/29/2003,RIC,VA,AEA,EN,Combined TRACON& Tower with Radar,68,185,96,72,421,0,0,0,0,0,68,185,96,72,421,20,28,48,469
09/30/2003,RIC,VA,AEA,EN,Combined TRACON& Tower with Radar,100,203,92,56,451,0,0,0,0,0,100,203,92,56,451,12,44,56,507
10/01/2003,RIC,VA,AEA,EN,Combined TRACON& Tower with Radar,90,237,129,62,518,0,0,0,0,0,90,237,129,62,518,20,52,72,590
10/02/2003,RIC,VA,AEA,EN,Combined TRACON& Tower with Radar,98,231,111,7,447,0,0,0,0,0,98,231,111,7,447,20,4,24,471
10/03/2003,RIC,VA,AEA,EN,Combined TRACON& Tower with Radar,72,182,87,67,408,0,0,0,0,0,72,182,87,67,408,14,42,56,464
10/04/2003,RIC,VA,AEA,EN,Combined TRACON& Tower with Radar,63,139,54,27,283,0,0,0,0,0,63,139,54,27,283,4,8,12,295
10/05/2003,RIC,VA,AEA,EN,Combined TRACON& Tower with Radar,58,141,47,28,274,0,0,0,0,0,58,141,47,28,274,0,2,2,276
10/06/2003,RIC,VA,AEA,EN,Combined TRACON& Tower with Radar,59,172,62,23,316,0,0,0,0,0,59,172,62,23,316,10,8,18,334
10/07/2003,RIC,VA,AEA,EN,Combined TRACON& Tower with Radar,71,187,106,28,392,0,0,0,0,0,71,187,106,28,392,6,8,14,406
10/08/2003,RIC,VA,AEA,EN,Combined TRACON& Tower with Radar,83,221,103,23,430,0,0,0,0,0,83,221,103,23,430,4,4,8,438
10/09/2003,RIC,VA,AEA,EN,Combined TRACON& Tower with Radar,71,209,108,44,432,0,0,0,0,0,71,209,108,44,432,0,42,42,474
10/10/2003,RIC,VA,AEA,EN,Combined TRACON& Tower with Radar,76,203,98,7,384,0,0,0,0,0,76,203,98,7,384,2,0,2,386
10/11/2003,RIC,VA,AEA,EN,Combined TRACON& Tower with Radar,57,133,44,0,234,0,0,0,0,0,57,133,44,0,234,0,2,2,236
10/12/2003,RIC,VA,AEA,EN,Combined TRACON& Tower with Radar,53,109,61,6,229,0,0,0,0,0,53,109,61,6,229,4,0,4,233
10/13/2003,RIC,VA,AEA,EN,Combined TRACON& Tower with Radar,62,176,76,16,330,0,0,0,0,0,62,176,76,16,330,6,2,8,338
10/14/2003,RIC,VA,AEA,EN,Combined TRACON& Tower with Radar,73,225,108,20,426,0,0,0,0,0,73,225,108,20,426,12,16,28,454
10/15/2003,RIC,VA,AEA,EN,Combined TRACON& Tower with Radar,81,216,86,12,395,0,0,0,0,0,81,216,86,12,395,0,6,6,401
10/16/2003,RIC,VA,AEA,EN,Combined TRACON& Tower with Radar,69,206,105,25,405,0,0,0,0,0,69,206,105,25,405,0,6,6,411
10/17/2003,RIC,VA,AEA,EN,Combined TRACON& Tower with Radar,79,195,94,10,378,0,0,0,0,0,79,195,94,10,378,22,0,22,400
10/18/2003,RIC,VA,AEA,EN,Combined TRACON& Tower with Radar,65,154,68,19,306,0,0,0,0,0,65,154,68,19,306,0,0,0,306
10/19/2003,RIC,VA,AEA,EN,Combined TRACON& Tower with Radar,56,136,119,14,325,0,0,0,0,0,56,136,119,14,325,2,0,2,327
10/20/2003,RIC,VA,AEA,EN,Combined TRACON& Tower with Radar,73,179,122,26,400,0,0,0,0,0,73,179,122,26,400,42,34,76,476
10/21/2003,RIC,VA,AEA,EN,Combined TRACON& Tower with Radar,95,239,162,75,571,0,0,0,0,0,95,239,162,75,571,20,80,100,671
10/22/2003,RIC,VA,AEA,EN,Combined TRACON& Tower with Radar,73,188,104,13,378,0,0,0,0,0,73,188,104,13,378,4,12,16,394
10/23/2003,RIC,VA,AEA,EN,Combined TRACON& Tower with Radar,73,194,110,38,415,0,0,0,0,0,73,194,110,38,415,4,36,40,455
10/24/2003,RIC,VA,AEA,EN,Combined TRACON& Tower with Radar,78,187,91,14,370,0,0,0,0,0,78,187,91,14,370,0,24,24,394
10/25/2003,RIC,VA,AEA,EN,Combined TRACON& Tower with Radar,82,159,62,0,303,0,0,0,0,0,82,159,62,0,303,0,0,0,303
10/26/2003,RIC,VA,AEA,EN,Combined TRACON& Tower with Radar,55,156,62,4,277,0,0,0,0,0,55,156,62,4,277,0,0,0,277
10/27/2003,RIC,VA,AEA,EN,Combined TRACON& Tower with Radar,79,182,72,1,334,0,0,0,0,0,79,182,72,1,334,0,0,0,334
10/28/2003,RIC,VA,AEA,EN,Combined TRACON& Tower with Radar,81,216,129,25,451,0,0,0,0,0,81,216,129,25,451,0,0,0,451
10/29/2003,RIC,VA,AEA,EN,Combined TRACON& Tower with Radar,79,206,90,39,414,0,0,0,0,0,79,206,90,39,414,12,0,12,426
10/30/2003,RIC,VA,AEA,EN,Combined TRACON& Tower with Radar,69,205,144,26,444,0,0,0,0,0,69,205,144,26,444,6,23,29,473
10/31/2003,RIC,VA,AEA,EN,Combined TRACON& Tower with Radar,87,200,92,36,415,0,0,0,0,0,87,200,92,36,415,0,0,0,415
11/01/2003,RIC,VA,AEA,EN,Combined TRACON& Tower with Radar,55,157,69,28,309,0,0,0,0,0,55,157,69,28,309,2,0,2,311
11/02/2003,RIC,VA,AEA,EN,Combined TRACON& Tower with Radar,51,151,74,16,292,0,0,0,0,0,51,151,74,16,292,14,0,14,306
11/03/2003,RIC,VA,AEA,EN,Combined TRACON& Tower with Radar,60,184,70,8,322,0,0,0,0,0,60,184,70,8,322,8,0,8,330
11/04/2003,RIC,VA,AEA,EN,Combined TRACON& Tower with Radar,80,241,128,75,524,0,0,0,0,0,80,241,128,75,524,26,74,100,624
11/05/2003,RIC,VA,AEA,EN,Combined TRACON& Tower with Radar,105,223,80,48,456,0,0,0,0,0,105,223,80,48,456,4,22,26,482
11/06/2003,RIC,VA,AEA,EN,Combined TRACON& Tower with Radar,67,188,80,13,348,0,0,0,0,0,67,188,80,13,348,0,0,0,348
11/07/2003,RIC,VA,AEA,EN,Combined TRACON& Tower with Radar,61,175,113,35,384,0,0,0,0,0,61,175,113,35,384,38,2,40,424
11/08/2003,RIC,VA,AEA,EN,Combined TRACON& Tower with Radar,56,148,57,8,269,0,0,0,0,0,56,148,57,8,269,26,0,26,295
11/09/2003,RIC,VA,AEA,EN,Combined TRACON& Tower with Radar,51,130,38,2,221,0,0,0,0,0,51,130,38,2,221,4,2,6,227
11/10/2003,RIC,VA,AEA,EN,Combined TRACON& Tower with Radar,51,159,71,6,287,0,0,0,0,0,51,159,71,6,287,4,14,18,305
11/11/2003,RIC,VA,AEA,EN,Combined TRACON& Tower with Radar,65,167,92,2,326,0,0,0,0,0,65,167,92,2,326,10,0,10,336
11/12/2003,RIC,VA,AEA,EN,Combined TRACON& Tower with Radar,89,227,155,36,507,0,0,0,0,0,89,227,155,36,507,4,46,50,557
11/13/2003,RIC,VA,AEA,EN,Combined TRACON& Tower with Radar,88,212,66,22,388,0,0,0,0,0,88,212,66,22,388,0,2,2,390
11/14/2003,RIC,VA,AEA,EN,Combined TRACON& Tower with Radar,82,225,107,48,462,0,0,0,0,0,82,225,107,48,462,2,4,6,468
11/15/2003,RIC,VA,AEA,EN,Combined TRACON& Tower with Radar,69,159,81,20,329,0,0,0,0,0,69,159,81,20,329,12,74,86,415
11/16/2003,RIC,VA,AEA,EN,Combined TRACON& Tower with Radar,71,192,120,31,414,0,0,0,0,0,71,192,120,31,414,14,18,32,446
11/17/2003,RIC,VA,AEA,EN,Combined TRACON& Tower with Radar,50,165,70,35,320,0,0,0,0,0,50,165,70,35,320,8,30,38,358
11/18/2003,RIC,VA,AEA,EN,Combined TRACON& Tower with Radar,66,191,116,51,424,0,0,0,0,0,66,191,116,51,424,0,0,0,424
11/19/2003,RIC,VA,AEA,EN,Combined TRACON& Tower with Radar,81,222,80,13,396,0,0,0,0,0,81,222,80,13,396,0,0,0,396
11/20/2003,RIC,VA,AEA,EN,Combined TRACON& Tower with Radar,90,262,147,74,573,0,0,0,0,0,90,262,147,74,573,0,14,14,587
11/21/2003,RIC,VA,AEA,EN,Combined TRACON& Tower with Radar,77,206,75,65,423,0,0,0,0,0,77,206,75,65,423,14,10,24,447
11/22/2003,RIC,VA,AEA,EN,Combined TRACON& Tower with Radar,64,151,60,2,277,0,0,0,0,0,64,151,60,2,277,20,0,20,297
11/23/2003,RIC,VA,AEA,EN,Combined TRACON& Tower with Radar,66,163,55,2,286,0,0,0,0,0,66,163,55,2,286,0,0,0,286
11/24/2003,RIC,VA,AEA,EN,Combined TRACON& Tower with Radar,61,199,66,90,416,0,0,0,0,0,61,199,66,90,416,10,36,46,462
11/25/2003,RIC,VA,AEA,EN,Combined TRACON& Tower with Radar,66,210,81,39,396,0,0,0,0,0,66,210,81,39,396,0,12,12,408
11/26/2003,RIC,VA,AEA,EN,Combined TRACON& Tower with Radar,77,216,104,42,439,0,0,0,0,0,77,216,104,42,439,24,14,38,477
11/27/2003,RIC,VA,AEA,EN,Combined TRACON& Tower with Radar,56,146,13,0,215,0,0,0,0,0,56,146,13,0,215,0,0,0,215
11/28/2003,RIC,VA,AEA,EN,Combined TRACON& Tower with Radar,53,150,31,1,235,0,0,0,0,0,53,150,31,1,235,0,0,0,235
11/29/2003,RIC,VA,AEA,EN,Combined TRACON& Tower with Radar,74,154,28,2,258,0,0,0,0,0,74,154,28,2,258,30,0,30,288
11/30/2003,RIC,VA,AEA,EN,Combined TRACON& Tower with Radar,58,181,89,10,338,0,0,0,0,0,58,181,89,10,338,0,2,2,340
12/01/2003,RIC,VA,AEA,EN,Combined TRACON& Tower with Radar,55,156,70,18,299,0,0,0,0,0,55,156,70,18,299,6,14,20,319
12/02/2003,RIC,VA,AEA,EN,Combined TRACON& Tower with Radar,68,183,98,80,429,0,0,0,0,0,68,183,98,80,429,16,38,54,483
12/03/2003,RIC,VA,AEA,EN,Combined TRACON& Tower with Radar,65,192,101,36,394,0,0,0,0,0,65,192,101,36,394,0,20,20,414
12/04/2003,RIC,VA,AEA,EN,Combined TRACON& Tower with Radar,80,213,68,51,412,0,0,0,0,0,80,213,68,51,412,0,6,6,418
12/05/2003,RIC,VA,AEA,EN,Combined TRACON& Tower with Radar,76,230,93,23,422,0,0,0,0,0,76,230,93,23,422,0,0,0,422
12/06/2003,RIC,VA,AEA,EN,Combined TRACON& Tower with Radar,66,159,35,23,283,0,0,0,0,0,66,159,35,23,283,0,0,0,283
12/07/2003,RIC,VA,AEA,EN,Combined TRACON& Tower with Radar,56,133,61,9,259,0,0,0,0,0,56,133,61,9,259,2,4,6,265
12/08/2003,RIC,VA,AEA,EN,Combined TRACON& Tower with Radar,61,190,97,18,366,0,0,0,0,0,61,190,97,18,366,14,8,22,388
12/09/2003,RIC,VA,AEA,EN,Combined TRACON& Tower with Radar,73,200,96,54,423,0,0,0,0,0,73,200,96,54,423,12,18,30,453
12/10/2003,RIC,VA,AEA,EN,Combined TRACON& Tower with Radar,73,252,115,21,461,0,0,0,0,0,73,252,115,21,461,4,0,4,465
12/11/2003,RIC,VA,AEA,EN,Combined TRACON& Tower with Radar,98,258,136,46,538,0,0,0,0,0,98,258,136,46,538,0,28,28,566
12/12/2003,RIC,VA,AEA,EN,Combined TRACON& Tower with Radar,83,229,141,47,500,0,0,0,0,0,83,229,141,47,500,50,22,72,572
12/13/2003,RIC,VA,AEA,EN,Combined TRACON& Tower with Radar,51,133,42,0,226,0,0,0,0,0,51,133,42,0,226,4,6,10,236
12/14/2003,RIC,VA,AEA,EN,Combined TRACON& Tower with Radar,41,112,27,0,180,0,0,0,0,0,41,112,27,0,180,0,0,0,180
12/15/2003,RIC,VA,AEA,EN,Combined TRACON& Tower with Radar,70,186,165,11,432,0,0,0,0,0,70,186,165,11,432,20,2,22,454
12/16/2003,RIC,VA,AEA,EN,Combined TRACON& Tower with Radar,86,226,143,41,496,0,0,0,0,0,86,226,143,41,496,0,0,0,496
12/17/2003,RIC,VA,AEA,EN,Combined TRACON& Tower with Radar,96,260,124,3,483,0,0,0,0,0,96,260,124,3,483,0,2,2,485
12/18/2003,RIC,VA,AEA,EN,Combined TRACON& Tower with Radar,90,235,110,34,469,0,0,0,0,0,90,235,110,34,469,10,40,50,519
12/19/2003,RIC,VA,AEA,EN,Combined TRACON& Tower with Radar,89,208,104,18,419,0,0,0,0,0,89,208,104,18,419,0,12,12,431
12/20/2003,RIC,VA,AEA,EN,Combined TRACON& Tower with Radar,64,140,33,14,251,0,0,0,0,0,64,140,33,14,251,4,0,4,255
12/21/2003,RIC,VA,AEA,EN,Combined TRACON& Tower with Radar,50,119,25,1,195,0,0,0,0,0,50,119,25,1,195,12,14,26,221
12/22/2003,RIC,VA,AEA,EN,Combined TRACON& Tower with Radar,63,198,80,43,384,0,0,0,0,0,63,198,80,43,384,0,2,2,386
12/23/2003,RIC,VA,AEA,EN,Combined TRACON& Tower with Radar,85,191,68,42,386,0,0,0,0,0,85,191,68,42,386,2,4,6,392
12/24/2003,RIC,VA,AEA,EN,Combined TRACON& Tower with Radar,74,159,19,14,266,0,0,0,0,0,74,159,19,14,266,0,0,0,266
12/25/2003,RIC,VA,AEA,EN,Combined TRACON& Tower with Radar,41,119,9,0,169,0,0,0,0,0,41,119,9,0,169,0,0,0,169
12/26/2003,RIC,VA,AEA,EN,Combined TRACON& Tower with Radar,55,134,27,0,216,0,0,0,0,0,55,134,27,0,216,0,0,0,216
12/27/2003,RIC,VA,AEA,EN,Combined TRACON& Tower with Radar,46,113,42,0,201,0,0,0,0,0,46,113,42,0,201,4,0,4,205
12/28/2003,RIC,VA,AEA,EN,Combined TRACON& Tower with Radar,53,115,33,0,201,0,0,0,0,0,53,115,33,0,201,42,0,42,243
12/29/2003,RIC,VA,AEA,EN,Combined TRACON& Tower with Radar,71,182,43,26,322,0,0,0,0,0,71,182,43,26,322,10,14,24,346
12/30/2003,RIC,VA,AEA,EN,Combined TRACON& Tower with Radar,121,185,73,29,408,0,0,0,0,0,121,185,73,29,408,0,0,0,408
12/31/2003,RIC,VA,AEA,EN,Combined TRACON& Tower with Radar,78,191,44,11,324,0,0,0,0,0,78,191,44,11,324,0,0,0,324
01/01/2004,RIC,VA,AEA,EN,Combined TRACON& Tower with Radar,50,135,26,0,211,0,0,0,0,0,50,135,26,0,211,12,0,12,223
01/02/2004,RIC,VA,AEA,EN,Combined TRACON& Tower with Radar,63,148,44,19,274,0,0,0,0,0,63,148,44,19,274,0,6,6,280
01/03/2004,RIC,VA,AEA,EN,Combined TRACON& Tower with Radar,54,125,42,1,222,0,0,0,0,0,54,125,42,1,222,0,0,0,222
01/04/2004,RIC,VA,AEA,EN,Combined TRACON& Tower with Radar,49,125,51,0,225,0,0,0,0,0,49,125,51,0,225,14,0,14,239
01/05/2004,RIC,VA,AEA,EN,Combined TRACON& Tower with Radar,65,161,46,19,291,0,0,0,0,0,65,161,46,19,291,0,4,4,295
01/06/2004,RIC,VA,AEA,EN,Combined TRACON& Tower with Radar,79,185,46,42,352,0,0,0,0,0,79,185,46,42,352,2,44,46,398
01/07/2004,RIC,VA,AEA,EN,Combined TRACON& Tower with Radar,77,199,72,53,401,0,0,0,0,0,77,199,72,53,401,0,0,0,401
01/08/2004,RIC,VA,AEA,EN,Combined TRACON& Tower with Radar,82,255,114,56,507,0,0,0,0,0,82,255,114,56,507,12,54,66,573
01/09/2004,RIC,VA,AEA,EN,Combined TRACON& Tower with Radar,71,197,49,9,326,0,0,0,0,0,71,197,49,9,326,0,0,0,326
01/10/2004,RIC,VA,AEA,EN,Combined TRACON& Tower with Radar,51,118,30,27,226,0,0,0,0,0,51,118,30,27,226,8,0,8,234
01/11/2004,RIC,VA,AEA,EN,Combined TRACON& Tower with Radar,50,138,20,34,242,0,0,0,0,0,50,138,20,34,242,0,4,4,246
01/12/2004,RIC,VA,AEA,EN,Combined TRACON& Tower with Radar,68,199,86,17,370,0,0,0,0,0,68,199,86,17,370,6,4,10,380
01/13/2004,RIC,VA,AEA,EN,Combined TRACON& Tower with Radar,82,210,85,24,401,0,0,0,0,0,82,210,85,24,401,0,0,0,401
01/14/2004,RIC,VA,AEA,EN,Combined TRACON& Tower with Radar,64,224,70,36,394,0,0,0,0,0,64,224,70,36,394,4,0,4,398
01/15/2004,RIC,VA,AEA,EN,Combined TRACON& Tower with Radar,75,211,98,53,437,0,0,0,0,0,75,211,98,53,437,0,0,0,437
01/16/2004,RIC,VA,AEA,EN,Combined TRACON& Tower with Radar,86,202,107,21,416,0,0,0,0,0,86,202,107,21,416,12,10,22,438
01/17/2004,RIC,VA,AEA,EN,Combined TRACON& Tower with Radar,62,154,50,25,291,0,0,0,0,0,62,154,50,25,291,4,0,4,295
01/18/2004,RIC,VA,AEA,EN,Combined TRACON& Tower with Radar,56,139,27,1,223,0,0,0,0,0,56,139,27,1,223,0,0,0,223
01/19/2004,RIC,VA,AEA,EN,Combined TRACON& Tower with Radar,61,163,48,5,277,0,0,0,0,0,61,163,48,5,277,16,0,16,293
01/20/2004,RIC,VA,AEA,EN,Combined TRACON& Tower with Radar,87,202,95,34,418,0,0,0,0,0,87,202,95,34,418,26,10,36,454
01/21/2004,RIC,VA,AEA,EN,Combined TRACON& Tower with Radar,79,208,82,35,404,0,0,0,0,0,79,208,82,35,404,14,20,34,438
01/22/2004,RIC,VA,AEA,EN,Combined TRACON& Tower with Radar,69,193,101,35,398,0,0,0,0,0,69,193,101,35,398,8,18,26,424
01/23/2004,RIC,VA,AEA,EN,Combined TRACON& Tower with Radar,70,189,52,20,331,0,0,0,0,0,70,189,52,20,331,8,0,8,339
01/24/2004,RIC,VA,AEA,EN,Combined TRACON& Tower with Radar,54,126,46,14,240,0,0,0,0,0,54,126,46,14,240,6,8,14,254
01/25/2004,RIC,VA,AEA,EN,Combined TRACON& Tower with Radar,46,108,37,14,205,0,0,0,0,0,46,108,37,14,205,0,8,8,213
01/26/2004,RIC,VA,AEA,EN,Combined TRACON& Tower with Radar,39,129,32,0,200,0,0,0,0,0,39,129,32,0,200,0,0,0,200
01/27/2004,RIC,VA,AEA,EN,Combined TRACON& Tower with Radar,67,140,52,4,263,0,0,0,0,0,67,140,52,4,263,0,0,0,263
01/28/2004,RIC,VA,AEA,EN,Combined TRACON& Tower with Radar,71,195,52,17,335,0,0,0,0,0,71,195,52,17,335,2,0,2,337
01/29/2004,RIC,VA,AEA,EN,Combined TRACON& Tower with Radar,75,210,95,30,410,0,0,0,0,0,75,210,95,30,410,34,30,64,474
01/30/2004,RIC,VA,AEA,EN,Combined TRACON& Tower with Radar,76,193,63,28,360,0,0,0,0,0,76,193,63,28,360,8,12,20,380
01/31/2004,RIC,VA,AEA,EN,Combined TRACON& Tower with Radar,65,139,47,15,266,0,0,0,0,0,65,139,47,15,266,3,6,9,275
02/01/2004,RIC,VA,AEA,EN,Combined TRACON& Tower with Radar,48,131,37,5,221,0,0,0,0,0,48,131,37,5,221,0,0,0,221
02/02/2004,RIC,VA,AEA,EN,Combined TRACON& Tower with Radar,70,187,106,19,382,0,0,0,0,0,70,187,106,19,382,10,0,10,392
02/03/2004,RIC,VA,AEA,EN,Combined TRACON& Tower with Radar,86,204,86,45,421,0,0,0,0,0,86,204,86,45,421,4,4,8,429
02/04/2004,RIC,VA,AEA,EN,Combined TRACON& Tower with Radar,86,226,95,39,446,0,0,0,0,0,86,226,95,39,446,18,24,42,488
02/05/2004,RIC,VA,AEA,EN,Combined TRACON& Tower with Radar,69,180,51,32,332,0,0,0,0,0,69,180,51,32,332,16,8,24,356
02/06/2004,RIC,VA,AEA,EN,Combined TRACON& Tower with Radar,76,179,60,8,323,0,0,0,0,0,76,179,60,8,323,0,0,0,323
02/07/2004,RIC,VA,AEA,EN,Combined TRACON& Tower with Radar,63,142,44,43,292,0,0,0,0,0,63,142,44,43,292,24,0,24,316
02/08/2004,RIC,VA,AEA,EN,Combined TRACON& Tower with Radar,56,136,73,26,291,0,0,0,0,0,56,136,73,26,291,3,0,3,294
02/09/2004,RIC,VA,AEA,EN,Combined TRACON& Tower with Radar,50,172,78,14,314,0,0,0,0,0,50,172,78,14,314,18,4,22,336
02/10/2004,RIC,VA,AEA,EN,Combined TRACON& Tower with Radar,98,230,100,16,444,0,0,0,0,0,98,230,100,16,444,2,0,2,446
02/11/2004,RIC,VA,AEA,EN,Combined TRACON& Tower with Radar,75,209,77,47,408,0,0,0,0,0,75,209,77,47,408,0,32,32,440
02/12/2004,RIC,VA,AEA,EN,Combined TRACON& Tower with Radar,70,197,55,38,360,0,0,0,0,0,70,197,55,38,360,0,0,0,360
02/13/2004,RIC,VA,AEA,EN,Combined TRACON& Tower with Radar,65,185,59,28,337,0,0,0,0,0,65,185,59,28,337,20,15,35,372
02/14/2004,RIC,VA,AEA,EN,Combined TRACON& Tower with Radar,44,137,51,11,243,0,0,0,0,0,44,137,51,11,243,6,0,6,249
02/15/2004,RIC,VA,AEA,EN,Combined TRACON& Tower with Radar,48,129,48,1,226,0,0,0,0,0,48,129,48,1,226,0,0,0,226
02/16/2004,RIC,VA,AEA,EN,Combined TRACON& Tower with Radar,79,180,83,2,344,0,0,0,0,0,79,180,83,2,344,0,0,0,344
02/17/2004,RIC,VA,AEA,EN,Combined TRACON& Tower with Radar,62,154,50,25,291,0,0,0,0,0,62,154,50,25,291,4,0,4,295
02/18/2004,RIC,VA,AEA,EN,Combined TRACON& Tower with Radar,68,199,70,38,375,0,0,0,0,0,68,199,70,38,375,0,4,4,379
02/19/2004,RIC,VA,AEA,EN,Combined TRACON& Tower with Radar,59,189,77,48,373,0,0,0,0,0,59,189,77,48,373,0,15,15,388
02/20/2004,RIC,VA,AEA,EN,Combined TRACON& Tower with Radar,87,202,95,34,418,0,0,0,0,0,87,202,95,34,418,26,10,36,454
02/21/2004,RIC,VA,AEA,EN,Combined TRACON& Tower with Radar,79,208,82,35,404,0,0,0,0,0,79,208,82,35,404,14,20,34,438
02/22/2004,RIC,VA,AEA,EN,Combined TRACON& Tower with Radar,59,141,57,5,262,0,0,0,0,0,59,141,57,5,262,20,0,20,282
02/23/2004,RIC,VA,AEA,EN,Combined TRACON& Tower with Radar,55,155,74,4,288,0,0,0,0,0,55,155,74,4,288,6,2,8,296
02/24/2004,RIC,VA,AEA,EN,Combined TRACON& Tower with Radar,79,198,77,38,392,0,0,0,0,0,79,198,77,38,392,6,26,32,424
02/25/2004,RIC,VA,AEA,EN,Combined TRACON& Tower with Radar,74,204,87,50,415,0,0,0,0,0,74,204,87,50,415,8,22,30,445
02/26/2004,RIC,VA,AEA,EN,Combined TRACON& Tower with Radar,67,209,116,17,409,0,0,0,0,0,67,209,116,17,409,10,20,30,439
02/27/2004,RIC,VA,AEA,EN,Combined TRACON& Tower with Radar,79,196,94,62,431,0,0,0,0,0,79,196,94,62,431,2,28,30,461
02/28/2004,RIC,VA,AEA,EN,Combined TRACON& Tower with Radar,63,146,69,18,296,0,0,0,0,0,63,146,69,18,296,22,40,62,358
02/29/2004,RIC,VA,AEA,EN,Combined TRACON& Tower with Radar,49,136,63,0,248,0,0,0,0,0,49,136,63,0,248,0,0,0,248
03/01/2004,RIC,VA,AEA,EN,Combined TRACON& Tower with Radar,62,150,44,25,281,0,0,0,0,0,62,150,44,25,281,14,20,34,315
03/02/2004,RIC,VA,AEA,EN,Combined TRACON& Tower with Radar,66,165,51,10,292,0,0,0,0,0,66,165,51,10,292,4,10,14,306
03/03/2004,RIC,VA,AEA,EN,Combined TRACON& Tower with Radar,84,218,136,32,470,0,0,0,0,0,84,218,136,32,470,0,6,6,476
03/04/2004,RIC,VA,AEA,EN,Combined TRACON& Tower with Radar,90,199,130,49,468,0,0,0,0,0,90,199,130,49,468,10,22,32,500
03/05/2004,RIC,VA,AEA,EN,Combined TRACON& Tower with Radar,75,211,113,30,429,0,0,0,0,0,75,211,113,30,429,6,4,10,439
03/06/2004,RIC,VA,AEA,EN,Combined TRACON& Tower with Radar,63,144,48,5,260,0,0,0,0,0,63,144,48,5,260,4,4,8,268
03/07/2004,RIC,VA,AEA,EN,Combined TRACON& Tower with Radar,56,119,32,3,210,0,0,0,0,0,56,119,32,3,210,18,6,24,234
03/08/2004,RIC,VA,AEA,EN,Combined TRACON& Tower with Radar,58,161,59,36,314,0,0,0,0,0,58,161,59,36,314,4,26,30,344
03/09/2004,RIC,VA,AEA,EN,Combined TRACON& Tower with Radar,63,172,92,40,367,0,0,0,0,0,63,172,92,40,367,4,36,40,407
03/10/2004,RIC,VA,AEA,EN,Combined TRACON& Tower with Radar,65,190,98,20,373,0,0,0,0,0,65,190,98,20,373,12,26,38,411
03/11/2004,RIC,VA,AEA,EN,Combined TRACON& Tower with Radar,87,177,91,30,385,0,0,0,0,0,87,177,91,30,385,9,8,17,402
03/12/2004,RIC,VA,AEA,EN,Combined TRACON& Tower with Radar,73,201,91,38,403,0,0,0,0,0,73,201,91,38,403,22,0,22,425
03/13/2004,RIC,VA,AEA,EN,Combined TRACON& Tower with Radar,59,141,60,19,279,0,0,0,0,0,59,141,60,19,279,8,18,26,305
03/14/2004,RIC,VA,AEA,EN,Combined TRACON& Tower with Radar,63,160,67,32,322,0,0,0,0,0,63,160,67,32,322,8,16,24,346
03/15/2004,RIC,VA,AEA,EN,Combined TRACON& Tower with Radar,55,151,57,42,305,0,0,0,0,0,55,151,57,42,305,6,12,18,323
03/16/2004,RIC,VA,AEA,EN,Combined TRACON& Tower with Radar,68,186,60,23,337,0,0,0,0,0,68,186,60,23,337,0,0,0,337
03/17/2004,RIC,VA,AEA,EN,Combined TRACON& Tower with Radar,78,211,117,61,467,0,0,0,0,0,78,211,117,61,467,6,20,26,493
03/18/2004,RIC,VA,AEA,EN,Combined TRACON& Tower with Radar,80,198,133,49,460,0,0,0,0,0,80,198,133,49,460,14,4,18,478
03/19/2004,RIC,VA,AEA,EN,Combined TRACON& Tower with Radar,72,188,117,100,477,0,0,0,0,0,72,188,117,100,477,30,126,156,633
03/20/2004,RIC,VA,AEA,EN,Combined TRACON& Tower with Radar,44,120,66,19,249,0,0,0,0,0,44,120,66,19,249,4,0,4,253
03/21/2004,RIC,VA,AEA,EN,Combined TRACON& Tower with Radar,52,132,41,20,245,0,0,0,0,0,52,132,41,20,245,0,0,0,245
03/22/2004,RIC,VA,AEA,EN,Combined TRACON& Tower with Radar,57,171,61,18,307,0,0,0,0,0,57,171,61,18,307,12,24,36,343
03/23/2004,RIC,VA,AEA,EN,Combined TRACON& Tower with Radar,78,203,96,67,444,0,0,0,0,0,78,203,96,67,444,8,71,79,523
03/24/2004,RIC,VA,AEA,EN,Combined TRACON& Tower with Radar,68,208,132,64,472,0,0,0,0,0,68,208,132,64,472,42,48,90,562
03/25/2004,RIC,VA,AEA,EN,Combined TRACON& Tower with Radar,70,186,99,68,423,0,0,0,0,0,70,186,99,68,423,18,30,48,471
03/26/2004,RIC,VA,AEA,EN,Combined TRACON& Tower with Radar,67,196,99,51,413,0,0,0,0,0,67,196,99,51,413,8,24,32,445
03/27/2004,RIC,VA,AEA,EN,Combined TRACON& Tower with Radar,45,123,42,7,217,0,0,0,0,0,45,123,42,7,217,0,0,0,217
03/28/2004,RIC,VA,AEA,EN,Combined TRACON& Tower with Radar,45,129,92,10,276,0,0,0,0,0,45,129,92,10,276,46,8,54,330
03/29/2004,RIC,VA,AEA,EN,Combined TRACON& Tower with Radar,73,172,99,49,393,0,0,0,0,0,73,172,99,49,393,14,40,54,447
03/30/2004,RIC,VA,AEA,EN,Combined TRACON& Tower with Radar,80,209,115,23,427,0,0,0,0,0,80,209,115,23,427,0,12,12,439
03/31/2004,RIC,VA,AEA,EN,Combined TRACON& Tower with Radar,66,191,112,38,407,0,0,0,0,0,66,191,112,38,407,0,0,0,407
04/01/2004,RIC,VA,AEA,EN,Combined TRACON& Tower with Radar,82,254,135,33,504,0,0,0,0,0,82,254,135,33,504,8,20,28,532
04/02/2004,RIC,VA,AEA,EN,Combined TRACON& Tower with Radar,76,222,100,22,420,0,0,0,0,0,76,222,100,22,420,0,0,0,420
04/03/2004,RIC,VA,AEA,EN,Combined TRACON& Tower with Radar,50,137,46,3,236,0,0,0,0,0,50,137,46,3,236,22,0,22,258
04/04/2004,RIC,VA,AEA,EN,Combined TRACON& Tower with Radar,56,136,26,3,221,0,0,0,0,0,56,136,26,3,221,0,0,0,221
04/05/2004,RIC,VA,AEA,EN,Combined TRACON& Tower with Radar,61,185,76,23,345,0,0,0,0,0,61,185,76,23,345,0,7,7,352
04/06/2004,RIC,VA,AEA,EN,Combined TRACON& Tower with Radar,73,188,75,52,388,0,0,0,0,0,73,188,75,52,388,14,76,90,478
04/07/2004,RIC,VA,AEA,EN,Combined TRACON& Tower with Radar,68,191,122,52,433,0,0,0,0,0,68,191,122,52,433,31,47,78,511
04/08/2004,RIC,VA,AEA,EN,Combined TRACON& Tower with Radar,85,222,135,81,523,0,0,0,0,0,85,222,135,81,523,10,72,82,605
04/09/2004,RIC,VA,AEA,EN,Combined TRACON& Tower with Radar,74,200,99,46,419,0,0,0,0,0,74,200,99,46,419,0,4,4,423
04/10/2004,RIC,VA,AEA,EN,Combined TRACON& Tower with Radar,65,190,98,20,373,0,0,0,0,0,65,190,98,20,373,12,26,38,411
04/11/2004,RIC,VA,AEA,EN,Combined TRACON& Tower with Radar,51,125,33,2,211,0,0,0,0,0,51,125,33,2,211,0,0,0,211
04/12/2004,RIC,VA,AEA,EN,Combined TRACON& Tower with Radar,62,201,84,5,352,0,0,0,0,0,62,201,84,5,352,0,0,0,352
04/13/2004,RIC,VA,AEA,EN,Combined TRACON& Tower with Radar,67,191,57,3,318,0,0,0,0,0,67,191,57,3,318,0,0,0,318
04/14/2004,RIC,VA,AEA,EN,Combined TRACON& Tower with Radar,63,176,91,85,415,0,0,0,0,0,63,176,91,85,415,0,4,4,419
04/15/2004,RIC,VA,AEA,EN,Combined TRACON& Tower with Radar,71,194,101,63,429,0,0,0,0,0,71,194,101,63,429,0,74,74,503
04/16/2004,RIC,VA,AEA,EN,Combined TRACON& Tower with Radar,74,185,92,29,380,0,0,0,0,0,74,185,92,29,380,8,14,22,402
04/17/2004,RIC,VA,AEA,EN,Combined TRACON& Tower with Radar,51,136,47,0,234,0,0,0,0,0,51,136,47,0,234,0,0,0,234
04/18/2004,RIC,VA,AEA,EN,Combined TRACON& Tower with Radar,50,128,53,2,233,0,0,0,0,0,50,128,53,2,233,36,0,36,269
04/19/2004,RIC,VA,AEA,EN,Combined TRACON& Tower with Radar,53,155,112,17,337,0,0,0,0,0,53,155,112,17,337,0,12,12,349
04/20/2004,RIC,VA,AEA,EN,Combined TRACON& Tower with Radar,75,214,158,42,489,0,0,0,0,0,75,214,158,42,489,27,42,69,558
04/21/2004,RIC,VA,AEA,EN,Combined TRACON& Tower with Radar,74,205,95,42,416,0,0,0,0,0,74,205,95,42,416,6,34,40,456
04/22/2004,RIC,VA,AEA,EN,Combined TRACON& Tower with Radar,69,200,106,40,415,0,0,0,0,0,69,200,106,40,415,10,16,26,441
04/23/2004,RIC,VA,AEA,EN,Combined TRACON& Tower with Radar,75,190,87,30,382,0,0,0,0,0,75,190,87,30,382,0,14,14,396
04/24/2004,RIC,VA,AEA,EN,Combined TRACON& Tower with Radar,56,145,45,8,254,0,0,0,0,0,56,145,45,8,254,18,11,29,283
04/25/2004,RIC,VA,AEA,EN,Combined TRACON& Tower with Radar,57,116,42,14,229,0,0,0,0,0,57,116,42,14,229,8,2,10,239
04/26/2004,RIC,VA,AEA,EN,Combined TRACON& Tower with Radar,62,173,99,5,339,0,0,0,0,0,62,173,99,5,339,0,0,0,339
04/27/2004,RIC,VA,AEA,EN,Combined TRACON& Tower with Radar,76,196,109,30,411,0,0,0,0,0,76,196,109,30,411,0,12,12,423
04/28/2004,RIC,VA,AEA,EN,Combined TRACON& Tower with Radar,66,200,136,42,444,0,0,0,0,0,66,200,136,42,444,24,46,70,514
04/29/2004,RIC,VA,AEA,EN,Combined TRACON& Tower with Radar,80,214,141,52,487,0,0,0,0,0,80,214,141,52,487,8,18,26,513
04/30/2004,RIC,VA,AEA,EN,Combined TRACON& Tower with Radar,68,173,89,31,361,0,0,0,0,0,68,173,89,31,361,24,12,36,397
05/01/2004,RIC,VA,AEA,EN,Combined TRACON& Tower with Radar,51,120,45,8,224,0,0,0,0,0,51,120,45,8,224,0,0,0,224
05/02/2004,RIC,VA,AEA,EN,Combined TRACON& Tower with Radar,45,134,54,4,237,0,0,0,0,0,45,134,54,4,237,0,0,0,237
05/03/2004,RIC,VA,AEA,EN,Combined TRACON& Tower with Radar,51,163,71,5,290,0,0,0,0,0,51,163,71,5,290,0,0,0,290
05/04/2004,RIC,VA,AEA,EN,Combined TRACON& Tower with Radar,73,203,116,46,438,0,0,0,0,0,73,203,116,46,438,6,18,24,462
05/05/2004,RIC,VA,AEA,EN,Combined TRACON& Tower with Radar,70,198,133,52,453,0,0,0,0,0,70,198,133,52,453,14,54,68,521
05/06/2004,RIC,VA,AEA,EN,Combined TRACON& Tower with Radar,73,200,84,37,394,0,0,0,0,0,73,200,84,37,394,2,15,17,411
05/07/2004,RIC,VA,AEA,EN,Combined TRACON& Tower with Radar,77,191,96,26,390,0,0,0,0,0,77,191,96,26,390,6,6,12,402
05/08/2004,RIC,VA,AEA,EN,Combined TRACON& Tower with Radar,47,157,53,7,264,0,0,0,0,0,47,157,53,7,264,2,4,6,270
05/09/2004,RIC,VA,AEA,EN,Combined TRACON& Tower with Radar,42,141,34,4,221,0,0,0,0,0,42,141,34,4,221,16,0,16,237
05/10/2004,RIC,VA,AEA,EN,Combined TRACON& Tower with Radar,61,166,77,12,316,0,0,0,0,0,61,166,77,12,316,10,16,26,342
05/11/2004,RIC,VA,AEA,EN,Combined TRACON& Tower with Radar,84,195,116,49,444,0,0,0,0,0,84,195,116,49,444,14,44,58,502
05/12/2004,RIC,VA,AEA,EN,Combined TRACON& Tower with Radar,64,200,133,50,447,0,0,0,0,0,64,200,133,50,447,18,31,49,496
05/13/2004,RIC,VA,AEA,EN,Combined TRACON& Tower with Radar,65,209,190,44,508,0,0,0,0,0,65,209,190,44,508,16,0,16,524
05/14/2004,RIC,VA,AEA,EN,Combined TRACON& Tower with Radar,72,192,175,54,493,0,0,0,0,0,72,192,175,54,493,6,21,27,520
05/15/2004,RIC,VA,AEA,EN,Combined TRACON& Tower with Radar,53,149,126,10,338,0,0,0,0,0,53,149,126,10,338,6,0,6,344
05/16/2004,RIC,VA,AEA,EN,Combined TRACON& Tower with Radar,53,133,158,6,350,0,0,0,0,0,53,133,158,6,350,0,0,0,350
05/17/2004,RIC,VA,AEA,EN,Combined TRACON& Tower with Radar,48,169,83,17,317,0,0,0,0,0,48,169,83,17,317,0,14,14,331
05/18/2004,RIC,VA,AEA,EN,Combined TRACON& Tower with Radar,87,210,85,47,429,0,0,0,0,0,87,210,85,47,429,0,24,24,453
05/19/2004,RIC,VA,AEA,EN,Combined TRACON& Tower with Radar,70,209,93,43,415,0,0,0,0,0,70,209,93,43,415,12,20,32,447
05/20/2004,RIC,VA,AEA,EN,Combined TRACON& Tower with Radar,69,192,87,59,407,0,0,0,0,0,69,192,87,59,407,4,20,24,431
05/21/2004,RIC,VA,AEA,EN,Combined TRACON& Tower with Radar,63,171,51,25,310,0,0,0,0,0,63,171,51,25,310,17,10,27,337
05/22/2004,RIC,VA,AEA,EN,Combined TRACON& Tower with Radar,48,143,47,23,261,0,0,0,0,0,48,143,47,23,261,4,0,4,265
05/23/2004,RIC,VA,AEA,EN,Combined TRACON& Tower with Radar,47,137,55,17,256,0,0,0,0,0,47,137,55,17,256,38,0,38,294
05/24/2004,RIC,VA,AEA,EN,Combined TRACON& Tower with Radar,51,149,71,3,274,0,0,0,0,0,51,149,71,3,274,16,0,16,290
05/25/2004,RIC,VA,AEA,EN,Combined TRACON& Tower with Radar,80,209,107,40,436,0,0,0,0,0,80,209,107,40,436,10,4,14,450
05/26/2004,RIC,VA,AEA,EN,Combined TRACON& Tower with Radar,58,188,107,47,400,0,0,0,0,0,58,188,107,47,400,18,18,36,436
05/27/2004,RIC,VA,AEA,EN,Combined TRACON& Tower with Radar,60,184,74,26,344,0,0,0,0,0,60,184,74,26,344,0,18,18,362
05/28/2004,RIC,VA,AEA,EN,Combined TRACON& Tower with Radar,64,185,81,32,362,0,0,0,0,0,64,185,81,32,362,2,19,21,383
05/29/2004,RIC,VA,AEA,EN,Combined TRACON& Tower with Radar,52,130,20,1,203,0,0,0,0,0,52,130,20,1,203,0,0,0,203
05/30/2004,RIC,VA,AEA,EN,Combined TRACON& Tower with Radar,43,96,38,2,179,0,0,0,0,0,43,96,38,2,179,4,0,4,183
05/31/2004,RIC,VA,AEA,EN,Combined TRACON& Tower with Radar,40,114,17,0,171,0,0,0,0,0,40,114,17,0,171,0,0,0,171
06/01/2004,RIC,VA,AEA,EN,Combined TRACON& Tower with Radar,54,169,86,26,335,0,0,0,0,0,54,169,86,26,335,30,14,44,379
06/02/2004,RIC,VA,AEA,EN,Combined TRACON& Tower with Radar,61,185,88,31,365,0,0,0,0,0,61,185,88,31,365,16,6,22,387
06/03/2004,RIC,VA,AEA,EN,Combined TRACON& Tower with Radar,66,205,84,34,389,0,0,0,0,0,66,205,84,34,389,5,6,11,400
06/04/2004,RIC,VA,AEA,EN,Combined TRACON& Tower with Radar,75,197,88,30,390,0,0,0,0,0,75,197,88,30,390,0,0,0,390
06/05/2004,RIC,VA,AEA,EN,Combined TRACON& Tower with Radar,46,117,93,7,263,0,0,0,0,0,46,117,93,7,263,0,0,0,263
06/06/2004,RIC,VA,AEA,EN,Combined TRACON& Tower with Radar,47,134,72,0,253,0,0,0,0,0,47,134,72,0,253,0,0,0,253
06/07/2004,RIC,VA,AEA,EN,Combined TRACON& Tower with Radar,47,146,88,9,290,0,0,0,0,0,47,146,88,9,290,16,0,16,306
06/08/2004,RIC,VA,AEA,EN,Combined TRACON& Tower with Radar,59,198,92,26,375,0,0,0,0,0,59,198,92,26,375,12,14,26,401
06/09/2004,RIC,VA,AEA,EN,Combined TRACON& Tower with Radar,61,192,94,25,372,0,0,0,0,0,61,192,94,25,372,6,12,18,390
06/10/2004,RIC,VA,AEA,EN,Combined TRACON& Tower with Radar,62,187,107,14,370,0,0,0,0,0,62,187,107,14,370,6,4,10,380
06/11/2004,RIC,VA,AEA,EN,Combined TRACON& Tower with Radar,66,188,70,9,333,0,0,0,0,0,66,188,70,9,333,8,4,12,345
06/12/2004,RIC,VA,AEA,EN,Combined TRACON& Tower with Radar,53,147,57,51,308,0,0,0,0,0,53,147,57,51,308,4,22,26,334
06/13/2004,RIC,VA,AEA,EN,Combined TRACON& Tower with Radar,22,63,26,34,145,0,0,0,0,0,22,63,26,34,145,10,4,14,159
06/14/2004,RIC,VA,AEA,EN,Combined TRACON& Tower with Radar,52,175,60,44,331,0,0,0,0,0,52,175,60,44,331,14,25,39,370
06/15/2004,RIC,VA,AEA,EN,Combined TRACON& Tower with Radar,62,176,85,24,347,0,0,0,0,0,62,176,85,24,347,1,20,21,368
06/16/2004,RIC,VA,AEA,EN,Combined TRACON& Tower with Radar,67,190,82,32,371,0,0,0,0,0,67,190,82,32,371,0,0,0,371
06/17/2004,RIC,VA,AEA,EN,Combined TRACON& Tower with Radar,91,211,98,31,431,0,0,0,0,0,91,211,98,31,431,6,4,10,441
06/18/2004,RIC,VA,AEA,EN,Combined TRACON& Tower with Radar,95,210,92,31,428,0,0,0,0,0,95,210,92,31,428,2,23,25,453
06/19/2004,RIC,VA,AEA,EN,Combined TRACON& Tower with Radar,72,144,45,8,269,0,0,0,0,0,72,144,45,8,269,4,2,6,275
06/20/2004,RIC,VA,AEA,EN,Combined TRACON& Tower with Radar,43,139,43,17,242,0,0,0,0,0,43,139,43,17,242,0,0,0,242
06/21/2004,RIC,VA,AEA,EN,Combined TRACON& Tower with Radar,43,153,79,5,280,0,0,0,0,0,43,153,79,5,280,12,12,24,304
06/22/2004,RIC,VA,AEA,EN,Combined TRACON& Tower with Radar,63,199,104,25,391,0,0,0,0,0,63,199,104,25,391,8,12,20,411
06/23/2004,RIC,VA,AEA,EN,Combined TRACON& Tower with Radar,65,172,79,24,340,0,0,0,0,0,65,172,79,24,340,19,34,53,393
06/24/2004,RIC,VA,AEA,EN,Combined TRACON& Tower with Radar,75,214,102,43,434,0,0,0,0,0,75,214,102,43,434,30,35,65,499
06/25/2004,RIC,VA,AEA,EN,Combined TRACON& Tower with Radar,81,178,113,24,396,0,0,0,0,0,81,178,113,24,396,0,0,0,396
06/26/2004,RIC,VA,AEA,EN,Combined TRACON& Tower with Radar,55,149,51,12,267,0,0,0,0,0,55,149,51,12,267,16,0,16,283
06/27/2004,RIC,VA,AEA,EN,Combined TRACON& Tower with Radar,56,147,93,9,305,0,0,0,0,0,56,147,93,9,305,0,0,0,305
06/28/2004,RIC,VA,AEA,EN,Combined TRACON& Tower with Radar,53,165,80,30,328,0,0,0,0,0,53,165,80,30,328,4,10,14,342
06/29/2004,RIC,VA,AEA,EN,Combined TRACON& Tower with Radar,69,198,125,41,433,0,0,0,0,0,69,198,125,41,433,12,20,32,465
06/30/2004,RIC,VA,AEA,EN,Combined TRACON& Tower with Radar,70,199,116,37,422,0,0,0,0,0,70,199,116,37,422,20,4,24,446
07/01/2004,RIC,VA,AEA,EN,Combined TRACON& Tower with Radar,81,194,111,43,429,0,0,0,0,0,81,194,111,43,429,20,26,46,475
07/02/2004,RIC,VA,AEA,EN,Combined TRACON& Tower with Radar,75,184,83,35,377,0,0,0,0,0,75,184,83,35,377,0,8,8,385
07/03/2004,RIC,VA,AEA,EN,Combined TRACON& Tower with Radar,46,115,16,0,177,0,0,0,0,0,46,115,16,0,177,0,0,0,177
07/04/2004,RIC,VA,AEA,EN,Combined TRACON& Tower with Radar,52,106,25,0,183,0,0,0,0,0,52,106,25,0,183,4,0,4,187
07/05/2004,RIC,VA,AEA,EN,Combined TRACON& Tower with Radar,43,122,30,0,195,0,0,0,0,0,43,122,30,0,195,2,0,2,197
07/06/2004,RIC,VA,AEA,EN,Combined TRACON& Tower with Radar,47,164,70,24,305,0,0,0,0,0,47,164,70,24,305,18,21,39,344
07/07/2004,RIC,VA,AEA,EN,Combined TRACON& Tower with Radar,74,194,57,22,347,0,0,0,0,0,74,194,57,22,347,6,0,6,353
07/08/2004,RIC,VA,AEA,EN,Combined TRACON& Tower with Radar,67,193,129,24,413,0,0,0,0,0,67,193,129,24,413,2,10,12,425
07/09/2004,RIC,VA,AEA,EN,Combined TRACON& Tower with Radar,64,183,83,35,365,0,0,0,0,0,64,183,83,35,365,0,8,8,373
07/10/2004,RIC,VA,AEA,EN,Combined TRACON& Tower with Radar,62,148,75,3,288,0,0,0,0,0,62,148,75,3,288,30,10,40,328
07/11/2004,RIC,VA,AEA,EN,Combined TRACON& Tower with Radar,40,139,61,6,246,0,0,0,0,0,40,139,61,6,246,2,2,4,250
07/12/2004,RIC,VA,AEA,EN,Combined TRACON& Tower with Radar,55,158,99,15,327,0,0,0,0,0,55,158,99,15,327,14,1,15,342
07/13/2004,RIC,VA,AEA,EN,Combined TRACON& Tower with Radar,66,179,87,32,364,0,0,0,0,0,66,179,87,32,364,14,22,36,400
07/14/2004,RIC,VA,AEA,EN,Combined TRACON& Tower with Radar,74,171,78,37,360,0,0,0,0,0,74,171,78,37,360,22,4,26,386
07/15/2004,RIC,VA,AEA,EN,Combined TRACON& Tower with Radar,76,222,93,30,421,0,0,0,0,0,76,222,93,30,421,8,14,22,443
07/16/2004,RIC,VA,AEA,EN,Combined TRACON& Tower with Radar,66,196,91,30,383,0,0,0,0,0,66,196,91,30,383,24,16,40,423
07/17/2004,RIC,VA,AEA,EN,Combined TRACON& Tower with Radar,49,137,17,14,217,0,0,0,0,0,49,137,17,14,217,10,16,26,243
07/18/2004,RIC,VA,AEA,EN,Combined TRACON& Tower with Radar,53,133,64,18,268,0,0,0,0,0,53,133,64,18,268,4,0,4,272
07/19/2004,RIC,VA,AEA,EN,Combined TRACON& Tower with Radar,58,161,67,22,308,0,0,0,0,0,58,161,67,22,308,20,10,30,338
07/20/2004,RIC,VA,AEA,EN,Combined TRACON& Tower with Radar,62,181,78,16,337,0,0,0,0,0,62,181,78,16,337,26,4,30,367
07/21/2004,RIC,VA,AEA,EN,Combined TRACON& Tower with Radar,52,194,98,21,365,0,0,0,0,0,52,194,98,21,365,2,6,8,373
07/22/2004,RIC,VA,AEA,EN,Combined TRACON& Tower with Radar,64,206,135,31,436,0,0,0,0,0,64,206,135,31,436,0,32,32,468
07/23/2004,RIC,VA,AEA,EN,Combined TRACON& Tower with Radar,60,182,65,24,331,0,0,0,0,0,60,182,65,24,331,28,22,50,381
07/24/2004,RIC,VA,AEA,EN,Combined TRACON& Tower with Radar,51,149,50,3,253,0,0,0,0,0,51,149,50,3,253,0,0,0,253
07/25/2004,RIC,VA,AEA,EN,Combined TRACON& Tower with Radar,51,128,49,3,231,0,0,0,0,0,51,128,49,3,231,0,0,0,231
07/26/2004,RIC,VA,AEA,EN,Combined TRACON& Tower with Radar,43,174,93,11,321,0,0,0,0,0,43,174,93,11,321,0,0,0,321
07/27/2004,RIC,VA,AEA,EN,Combined TRACON& Tower with Radar,58,172,77,8,315,0,0,0,0,0,58,172,77,8,315,0,0,0,315
07/28/2004,RIC,VA,AEA,EN,Combined TRACON& Tower with Radar,68,203,105,39,415,0,0,0,0,0,68,203,105,39,415,0,0,0,415
07/29/2004,RIC,VA,AEA,EN,Combined TRACON& Tower with Radar,69,217,96,64,446,0,0,0,0,0,69,217,96,64,446,0,0,0,446
07/30/2004,RIC,VA,AEA,EN,Combined TRACON& Tower with Radar,62,178,69,36,345,0,0,0,0,0,62,178,69,36,345,7,0,7,352
07/31/2004,RIC,VA,AEA,EN,Combined TRACON& Tower with Radar,48,168,23,15,254,0,0,0,0,0,48,168,23,15,254,0,4,4,258
08/01/2004,RIC,VA,AEA,EN,Combined TRACON& Tower with Radar,43,125,37,6,211,0,0,0,0,0,43,125,37,6,211,18,3,21,232
08/02/2004,RIC,VA,AEA,EN,Combined TRACON& Tower with Radar,54,161,50,1,266,0,0,0,0,0,54,161,50,1,266,0,0,0,266
08/03/2004,RIC,VA,AEA,EN,Combined TRACON& Tower with Radar,70,196,78,31,375,0,0,0,0,0,70,196,78,31,375,8,20,28,403
08/04/2004,RIC,VA,AEA,EN,Combined TRACON& Tower with Radar,92,201,88,79,460,0,0,0,0,0,92,201,88,79,460,6,33,39,499
08/05/2004,RIC,VA,AEA,EN,Combined TRACON& Tower with Radar,79,205,97,38,419,0,0,0,0,0,79,205,97,38,419,8,2,10,429
08/06/2004,RIC,VA,AEA,EN,Combined TRACON& Tower with Radar,47,164,70,24,305,0,0,0,0,0,47,164,70,24,305,18,21,39,344
08/07/2004,RIC,VA,AEA,EN,Combined TRACON& Tower with Radar,74,194,57,22,347,0,0,0,0,0,74,194,57,22,347,6,0,6,353
08/08/2004,RIC,VA,AEA,EN,Combined TRACON& Tower with Radar,67,193,129,24,413,0,0,0,0,0,67,193,129,24,413,2,10,12,425
08/09/2004,RIC,VA,AEA,EN,Combined TRACON& Tower with Radar,64,183,83,35,365,0,0,0,0,0,64,183,83,35,365,0,8,8,373
08/10/2004,RIC,VA,AEA,EN,Combined TRACON& Tower with Radar,62,148,75,3,288,0,0,0,0,0,62,148,75,3,288,30,10,40,328
08/11/2004,RIC,VA,AEA,EN,Combined TRACON& Tower with Radar,40,139,61,6,246,0,0,0,0,0,40,139,61,6,246,2,2,4,250
08/12/2004,RIC,VA,AEA,EN,Combined TRACON& Tower with Radar,55,158,99,15,327,0,0,0,0,0,55,158,99,15,327,14,1,15,342
08/13/2004,RIC,VA,AEA,EN,Combined TRACON& Tower with Radar,66,179,87,32,364,0,0,0,0,0,66,179,87,32,364,14,22,36,400
08/14/2004,RIC,VA,AEA,EN,Combined TRACON& Tower with Radar,74,171,78,37,360,0,0,0,0,0,74,171,78,37,360,22,4,26,386
08/15/2004,RIC,VA,AEA,EN,Combined TRACON& Tower with Radar,76,222,93,30,421,0,0,0,0,0,76,222,93,30,421,8,14,22,443
08/16/2004,RIC,VA,AEA,EN,Combined TRACON& Tower with Radar,66,196,91,30,383,0,0,0,0,0,66,196,91,30,383,24,16,40,423
08/17/2004,RIC,VA,AEA,EN,Combined TRACON& Tower with Radar,49,137,17,14,217,0,0,0,0,0,49,137,17,14,217,10,16,26,243
08/18/2004,RIC,VA,AEA,EN,Combined TRACON& Tower with Radar,53,133,64,18,268,0,0,0,0,0,53,133,64,18,268,4,0,4,272
08/19/2004,RIC,VA,AEA,EN,Combined TRACON& Tower with Radar,58,161,67,22,308,0,0,0,0,0,58,161,67,22,308,20,10,30,338
08/20/2004,RIC,VA,AEA,EN,Combined TRACON& Tower with Radar,62,181,78,16,337,0,0,0,0,0,62,181,78,16,337,26,4,30,367
08/21/2004,RIC,VA,AEA,EN,Combined TRACON& Tower with Radar,52,194,98,21,365,0,0,0,0,0,52,194,98,21,365,2,6,8,373
08/22/2004,RIC,VA,AEA,EN,Combined TRACON& Tower with Radar,64,206,135,31,436,0,0,0,0,0,64,206,135,31,436,0,32,32,468
08/23/2004,RIC,VA,AEA,EN,Combined TRACON& Tower with Radar,60,182,65,24,331,0,0,0,0,0,60,182,65,24,331,28,22,50,381
08/24/2004,RIC,VA,AEA,EN,Combined TRACON& Tower with Radar,51,149,50,3,253,0,0,0,0,0,51,149,50,3,253,0,0,0,253
08/25/2004,RIC,VA,AEA,EN,Combined TRACON& Tower with Radar,51,128,49,3,231,0,0,0,0,0,51,128,49,3,231,0,0,0,231
08/26/2004,RIC,VA,AEA,EN,Combined TRACON& Tower with Radar,83,230,131,35,479,0,0,0,0,0,83,230,131,35,479,8,23,31,510
08/27/2004,RIC,VA,AEA,EN,Combined TRACON& Tower with Radar,64,196,84,59,403,0,0,0,0,0,64,196,84,59,403,16,29,45,448
08/28/2004,RIC,VA,AEA,EN,Combined TRACON& Tower with Radar,46,160,35,6,247,0,0,0,0,0,46,160,35,6,247,2,0,2,249
08/29/2004,RIC,VA,AEA,EN,Combined TRACON& Tower with Radar,42,123,43,1,209,0,0,0,0,0,42,123,43,1,209,3,0,3,212
08/30/2004,RIC,VA,AEA,EN,Combined TRACON& Tower with Radar,55,163,42,6,266,0,0,0,0,0,55,163,42,6,266,0,0,0,266
08/31/2004,RIC,VA,AEA,EN,Combined TRACON& Tower with Radar,74,214,122,41,451,0,0,0,0,0,74,214,122,41,451,6,38,44,495
09/01/2004,RIC,VA,AEA,EN,Combined TRACON& Tower with Radar,79,222,112,35,448,0,0,0,0,0,79,222,112,35,448,0,18,18,466
09/02/2004,RIC,VA,AEA,EN,Combined TRACON& Tower with Radar,77,204,118,36,435,0,0,0,0,0,77,204,118,36,435,14,5,19,454
09/03/2004,RIC,VA,AEA,EN,Combined TRACON& Tower with Radar,63,189,75,20,347,0,0,0,0,0,63,189,75,20,347,0,14,14,361
09/04/2004,RIC,VA,AEA,EN,Combined TRACON& Tower with Radar,44,122,37,1,204,0,0,0,0,0,44,122,37,1,204,0,0,0,204
09/05/2004,RIC,VA,AEA,EN,Combined TRACON& Tower with Radar,33,104,12,0,149,0,0,0,0,0,33,104,12,0,149,0,0,0,149
09/06/2004,RIC,VA,AEA,EN,Combined TRACON& Tower with Radar,39,127,43,1,210,0,0,0,0,0,39,127,43,1,210,0,0,0,210
09/07/2004,RIC,VA,AEA,EN,Combined TRACON& Tower with Radar,47,187,76,11,321,0,0,0,0,0,47,187,76,11,321,2,18,20,341
09/08/2004,RIC,VA,AEA,EN,Combined TRACON& Tower with Radar,81,195,98,5,379,0,0,0,0,0,81,195,98,5,379,0,4,4,383
09/09/2004,RIC,VA,AEA,EN,Combined TRACON& Tower with Radar,83,227,207,47,564,0,0,0,0,0,83,227,207,47,564,4,22,26,590
09/10/2004,RIC,VA,AEA,EN,Combined TRACON& Tower with Radar,72,203,178,61,514,0,0,0,0,0,72,203,178,61,514,2,10,12,526
09/11/2004,RIC,VA,AEA,EN,Combined TRACON& Tower with Radar,45,139,96,16,296,0,0,0,0,0,45,139,96,16,296,0,2,2,298
09/12/2004,RIC,VA,AEA,EN,Combined TRACON& Tower with Radar,54,147,136,10,347,0,0,0,0,0,54,147,136,10,347,4,0,4,351
09/13/2004,RIC,VA,AEA,EN,Combined TRACON& Tower with Radar,68,193,72,25,358,0,0,0,0,0,68,193,72,25,358,6,2,8,366
09/14/2004,RIC,VA,AEA,EN,Combined TRACON& Tower with Radar,76,219,145,34,474,0,0,0,0,0,76,219,145,34,474,8,14,22,496
09/15/2004,RIC,VA,AEA,EN,Combined TRACON& Tower with Radar,81,222,122,29,454,0,0,0,0,0,81,222,122,29,454,0,0,0,454
09/16/2004,RIC,VA,AEA,EN,Combined TRACON& Tower with Radar,69,239,144,30,482,0,0,0,0,0,69,239,144,30,482,4,13,17,499
09/17/2004,RIC,VA,AEA,EN,Combined TRACON& Tower with Radar,90,196,75,27,388,0,0,0,0,0,90,196,75,27,388,4,0,4,392
09/18/2004,RIC,VA,AEA,EN,Combined TRACON& Tower with Radar,56,130,27,2,215,0,0,0,0,0,56,130,27,2,215,10,0,10,225
09/19/2004,RIC,VA,AEA,EN,Combined TRACON& Tower with Radar,60,148,52,3,263,0,0,0,0,0,60,148,52,3,263,0,0,0,263
09/20/2004,RIC,VA,AEA,EN,Combined TRACON& Tower with Radar,51,169,66,30,316,0,0,0,0,0,51,169,66,30,316,6,14,20,336
09/21/2004,RIC,VA,AEA,EN,Combined TRACON& Tower with Radar,78,211,83,61,433,0,0,0,0,0,78,211,83,61,433,15,13,28,461
09/22/2004,RIC,VA,AEA,EN,Combined TRACON& Tower with Radar,71,192,106,46,415,0,0,0,0,0,71,192,106,46,415,8,25,33,448
09/23/2004,RIC,VA,AEA,EN,Combined TRACON& Tower with Radar,63,187,92,14,356,0,0,0,0,0,63,187,92,14,356,12,23,35,391
09/24/2004,RIC,VA,AEA,EN,Combined TRACON& Tower with Radar,69,193,102,16,380,0,0,0,0,0,69,193,102,16,380,20,4,24,404
09/25/2004,RIC,VA,AEA,EN,Combined TRACON& Tower with Radar,64,155,37,3,259,0,0,0,0,0,64,155,37,3,259,6,0,6,265
09/26/2004,RIC,VA,AEA,EN,Combined TRACON& Tower with Radar,53,129,38,2,222,0,0,0,0,0,53,129,38,2,222,10,0,10,232
09/27/2004,RIC,VA,AEA,EN,Combined TRACON& Tower with Radar,54,166,70,8,298,0,0,0,0,0,54,166,70,8,298,14,0,14,312
09/28/2004,RIC,VA,AEA,EN,Combined TRACON& Tower with Radar,68,167,37,8,280,0,0,0,0,0,68,167,37,8,280,0,0,0,280
09/29/2004,RIC,VA,AEA,EN,Combined TRACON& Tower with Radar,79,195,98,33,405,0,0,0,0,0,79,195,98,33,405,18,8,26,431
09/30/2004,RIC,VA,AEA,EN,Combined TRACON& Tower with Radar,72,211,109,50,442,0,0,0,0,0,72,211,109,50,442,5,4,9,451
10/01/2004,RIC,VA,AEA,EN,Combined TRACON& Tower with Radar,72,185,78,19,354,0,0,0,0,0,72,185,78,19,354,12,4,16,370
10/02/2004,RIC,VA,AEA,EN,Combined TRACON& Tower with Radar,71,160,72,44,347,0,0,0,0,0,71,160,72,44,347,2,13,15,362
10/03/2004,RIC,VA,AEA,EN,Combined TRACON& Tower with Radar,53,152,67,19,291,0,0,0,0,0,53,152,67,19,291,7,0,7,298
10/04/2004,RIC,VA,AEA,EN,Combined TRACON& Tower with Radar,64,175,64,6,309,0,0,0,0,0,64,175,64,6,309,0,14,14,323
10/05/2004,RIC,VA,AEA,EN,Combined TRACON& Tower with Radar,78,204,96,46,424,0,0,0,0,0,78,204,96,46,424,2,0,2,426
10/06/2004,RIC,VA,AEA,EN,Combined TRACON& Tower with Radar,85,219,128,37,469,0,0,0,0,0,85,219,128,37,469,8,24,32,501
10/07/2004,RIC,VA,AEA,EN,Combined TRACON& Tower with Radar,75,193,109,22,399,0,0,0,0,0,75,193,109,22,399,16,5,21,420
10/08/2004,RIC,VA,AEA,EN,Combined TRACON& Tower with Radar,80,199,140,26,445,0,0,0,0,0,80,199,140,26,445,12,16,28,473
10/09/2004,RIC,VA,AEA,EN,Combined TRACON& Tower with Radar,64,135,54,3,256,0,0,0,0,0,64,135,54,3,256,50,0,50,306
10/10/2004,RIC,VA,AEA,EN,Combined TRACON& Tower with Radar,59,144,42,0,245,0,0,0,0,0,59,144,42,0,245,20,0,20,265
10/11/2004,RIC,VA,AEA,EN,Combined TRACON& Tower with Radar,62,169,54,0,285,0,0,0,0,0,62,169,54,0,285,16,20,36,321
10/12/2004,RIC,VA,AEA,EN,Combined TRACON& Tower with Radar,72,175,83,22,352,0,0,0,0,0,72,175,83,22,352,1,2,3,355
10/13/2004,RIC,VA,AEA,EN,Combined TRACON& Tower with Radar,65,191,76,37,369,0,0,0,0,0,65,191,76,37,369,0,8,8,377
10/14/2004,RIC,VA,AEA,EN,Combined TRACON& Tower with Radar,73,178,81,40,372,0,0,0,0,0,73,178,81,40,372,0,8,8,380
10/15/2004,RIC,VA,AEA,EN,Combined TRACON& Tower with Radar,70,200,79,27,376,0,0,0,0,0,70,200,79,27,376,0,0,0,376
10/16/2004,RIC,VA,AEA,EN,Combined TRACON& Tower with Radar,67,158,59,20,304,0,0,0,0,0,67,158,59,20,304,4,0,4,308
10/17/2004,RIC,VA,AEA,EN,Combined TRACON& Tower with Radar,58,155,51,5,269,0,0,0,0,0,58,155,51,5,269,0,0,0,269
10/18/2004,RIC,VA,AEA,EN,Combined TRACON& Tower with Radar,52,156,78,3,289,0,0,0,0,0,52,156,78,3,289,8,16,24,313
10/19/2004,RIC,VA,AEA,EN,Combined TRACON& Tower with Radar,73,195,86,53,407,0,0,0,0,0,73,195,86,53,407,0,10,10,417
10/20/2004,RIC,VA,AEA,EN,Combined TRACON& Tower with Radar,77,247,80,39,443,0,0,0,0,0,77,247,80,39,443,0,0,0,443
10/21/2004,RIC,VA,AEA,EN,Combined TRACON& Tower with Radar,85,230,163,55,533,0,0,0,0,0,85,230,163,55,533,9,6,15,548
10/22/2004,RIC,VA,AEA,EN,Combined TRACON& Tower with Radar,76,209,121,44,450,0,0,0,0,0,76,209,121,44,450,2,24,26,476
10/23/2004,RIC,VA,AEA,EN,Combined TRACON& Tower with Radar,58,156,69,14,297,0,0,0,0,0,58,156,69,14,297,6,28,34,331
10/24/2004,RIC,VA,AEA,EN,Combined TRACON& Tower with Radar,48,141,74,5,268,0,0,0,0,0,48,141,74,5,268,0,0,0,268
10/25/2004,RIC,VA,AEA,EN,Combined TRACON& Tower with Radar,68,197,103,38,406,0,0,0,0,0,68,197,103,38,406,0,0,0,406
10/26/2004,RIC,VA,AEA,EN,Combined TRACON& Tower with Radar,82,199,101,66,448,0,0,0,0,0,82,199,101,66,448,6,13,19,467
10/27/2004,RIC,VA,AEA,EN,Combined TRACON& Tower with Radar,73,206,96,48,423,0,0,0,0,0,73,206,96,48,423,0,3,3,426
10/28/2004,RIC,VA,AEA,EN,Combined TRACON& Tower with Radar,82,172,115,42,411,0,0,0,0,0,82,172,115,42,411,12,12,24,435
10/29/2004,RIC,VA,AEA,EN,Combined TRACON& Tower with Radar,78,176,76,47,377,0,0,0,0,0,78,176,76,47,377,8,14,22,399
10/30/2004,RIC,VA,AEA,EN,Combined TRACON& Tower with Radar,48,128,47,5,228,0,0,0,0,0,48,128,47,5,228,0,0,0,228
10/31/2004,RIC,VA,AEA,EN,Combined TRACON& Tower with Radar,46,129,22,1,198,0,0,0,0,0,46,129,22,1,198,14,0,14,212
11/01/2004,RIC,VA,AEA,EN,Towers with Radar,54,170,49,15,288,0,0,0,0,0,54,170,49,15,288,4,2,6,294
11/02/2004,RIC,VA,AEA,EN,Towers with Radar,78,190,93,64,425,0,0,0,0,0,78,190,93,64,425,6,43,49,474
11/03/2004,RIC,VA,AEA,EN,Towers with Radar,68,192,80,72,412,0,0,0,0,0,68,192,80,72,412,6,39,45,457
11/04/2004,RIC,VA,AEA,EN,Towers with Radar,73,204,74,20,371,0,0,0,0,0,73,204,74,20,371,0,0,0,371
11/05/2004,RIC,VA,AEA,EN,Towers with Radar,70,204,88,42,404,0,0,0,0,0,70,204,88,42,404,0,18,18,422
11/06/2004,RIC,VA,AEA,EN,Towers with Radar,54,143,26,38,261,0,0,0,0,0,54,143,26,38,261,6,6,12,273
11/07/2004,RIC,VA,AEA,EN,Towers with Radar,59,144,47,7,257,0,0,0,0,0,59,144,47,7,257,0,0,0,257
11/08/2004,RIC,VA,AEA,EN,Towers with Radar,61,177,99,20,357,0,0,0,0,0,61,177,99,20,357,0,8,8,365
11/09/2004,RIC,VA,AEA,EN,Towers with Radar,75,190,100,39,404,0,0,0,0,0,75,190,100,39,404,13,23,36,440
11/10/2004,RIC,VA,AEA,EN,Towers with Radar,83,210,109,30,432,0,0,0,0,0,83,210,109,30,432,3,12,15,447
11/11/2004,RIC,VA,AEA,EN,Towers with Radar,73,193,86,19,371,0,0,0,0,0,73,193,86,19,371,0,0,0,371
11/12/2004,RIC,VA,AEA,EN,Towers with Radar,77,165,59,11,312,0,0,0,0,0,77,165,59,11,312,0,0,0,312
11/13/2004,RIC,VA,AEA,EN,Towers with Radar,50,138,30,3,221,0,0,0,0,0,50,138,30,3,221,0,0,0,221
11/14/2004,RIC,VA,AEA,EN,Towers with Radar,59,133,56,7,255,0,0,0,0,0,59,133,56,7,255,8,17,25,280
11/15/2004,RIC,VA,AEA,EN,Towers with Radar,63,175,61,31,330,0,0,0,0,0,63,175,61,31,330,22,23,45,375
11/16/2004,RIC,VA,AEA,EN,Towers with Radar,74,215,131,78,498,0,0,0,0,0,74,215,131,78,498,4,36,40,538
11/17/2004,RIC,VA,AEA,EN,Towers with Radar,67,197,103,47,414,0,0,0,0,0,67,197,103,47,414,9,0,9,423
11/18/2004,RIC,VA,AEA,EN,Towers with Radar,86,206,127,41,460,0,0,0,0,0,86,206,127,41,460,6,4,10,470
11/19/2004,RIC,VA,AEA,EN,Towers with Radar,73,191,86,30,380,0,0,0,0,0,73,191,86,30,380,15,6,21,401
11/20/2004,RIC,VA,AEA,EN,Towers with Radar,62,139,41,0,242,0,0,0,0,0,62,139,41,0,242,0,0,0,242
11/21/2004,RIC,VA,AEA,EN,Towers with Radar,58,143,40,2,243,0,0,0,0,0,58,143,40,2,243,0,0,0,243
11/22/2004,RIC,VA,AEA,EN,Towers with Radar,66,177,89,26,358,0,0,0,0,0,66,177,89,26,358,8,1,9,367
11/23/2004,RIC,VA,AEA,EN,Towers with Radar,83,235,106,7,431,0,0,0,0,0,83,235,106,7,431,0,0,0,431
11/24/2004,RIC,VA,AEA,EN,Towers with Radar,84,218,82,0,384,0,0,0,0,0,84,218,82,0,384,0,0,0,384
11/25/2004,RIC,VA,AEA,EN,Towers with Radar,55,126,32,0,213,0,0,0,0,0,55,126,32,0,213,0,0,0,213
11/26/2004,RIC,VA,AEA,EN,Towers with Radar,57,113,29,2,201,0,0,0,0,0,57,113,29,2,201,2,0,2,203
11/27/2004,RIC,VA,AEA,EN,Towers with Radar,49,145,37,6,237,0,0,0,0,0,49,145,37,6,237,0,0,0,237
11/28/2004,RIC,VA,AEA,EN,Towers with Radar,56,172,87,5,320,0,0,0,0,0,56,172,87,5,320,260,1,261,581
11/29/2004,RIC,VA,AEA,EN,Towers with Radar,64,191,71,30,356,0,0,0,0,0,64,191,71,30,356,0,0,0,356
11/30/2004,RIC,VA,AEA,EN,Towers with Radar,89,213,98,49,449,0,0,0,0,0,89,213,98,49,449,6,40,46,495
12/01/2004,RIC,VA,AEA,EN,Towers with Radar,96,235,94,13,438,0,0,0,0,0,96,235,94,13,438,6,0,6,444
12/02/2004,RIC,VA,AEA,EN,Towers with Radar,83,197,84,27,391,0,0,0,0,0,83,197,84,27,391,11,31,42,433
12/03/2004,RIC,VA,AEA,EN,Towers with Radar,77,185,65,28,355,0,0,0,0,0,77,185,65,28,355,10,2,12,367
12/04/2004,RIC,VA,AEA,EN,Towers with Radar,48,151,42,22,263,0,0,0,0,0,48,151,42,22,263,8,16,24,287
12/05/2004,RIC,VA,AEA,EN,Towers with Radar,65,158,58,22,303,0,0,0,0,0,65,158,58,22,303,3,28,31,334
12/06/2004,RIC,VA,AEA,EN,Towers with Radar,63,193,79,45,380,0,0,0,0,0,63,193,79,45,380,0,34,34,414
12/07/2004,RIC,VA,AEA,EN,Towers with Radar,77,206,64,51,398,0,0,0,0,0,77,206,64,51,398,0,16,16,414
12/08/2004,RIC,VA,AEA,EN,Towers with Radar,75,187,94,46,402,0,0,0,0,0,75,187,94,46,402,2,14,16,418
12/09/2004,RIC,VA,AEA,EN,Towers with Radar,81,228,135,34,478,0,0,0,0,0,81,228,135,34,478,0,10,10,488
12/10/2004,RIC,VA,AEA,EN,Towers with Radar,76,200,71,14,361,0,0,0,0,0,76,200,71,14,361,0,0,0,361
12/11/2004,RIC,VA,AEA,EN,Towers with Radar,75,174,73,13,335,0,0,0,0,0,75,174,73,13,335,6,12,18,353
12/12/2004,RIC,VA,AEA,EN,Towers with Radar,62,164,65,53,344,0,0,0,0,0,62,164,65,53,344,8,12,20,364
12/13/2004,RIC,VA,AEA,EN,Towers with Radar,76,231,117,44,468,2,0,0,0,2,78,231,117,44,470,24,48,72,542
12/14/2004,RIC,VA,AEA,EN,Towers with Radar,95,263,156,68,582,0,0,0,0,0,95,263,156,68,582,38,70,108,690
12/15/2004,RIC,VA,AEA,EN,Towers with Radar,84,224,101,40,449,0,0,0,0,0,84,224,101,40,449,0,37,37,486
12/16/2004,RIC,VA,AEA,EN,Towers with Radar,83,206,110,55,454,0,0,0,0,0,83,206,110,55,454,2,20,22,476
12/17/2004,RIC,VA,AEA,EN,Towers with Radar,89,223,102,27,441,0,0,0,0,0,89,223,102,27,441,5,6,11,452
12/18/2004,RIC,VA,AEA,EN,Towers with Radar,72,152,41,10,275,0,0,0,0,0,72,152,41,10,275,16,1,17,292
12/19/2004,RIC,VA,AEA,EN,Towers with Radar,57,154,47,0,258,0,0,0,0,0,57,154,47,0,258,0,0,0,258
12/20/2004,RIC,VA,AEA,EN,Towers with Radar,61,185,65,8,319,0,0,0,0,0,61,185,65,8,319,0,0,0,319
12/21/2004,RIC,VA,AEA,EN,Towers with Radar,86,209,75,33,403,0,0,0,0,0,86,209,75,33,403,0,0,0,403
12/22/2004,RIC,VA,AEA,EN,Towers with Radar,81,184,58,21,344,0,0,0,0,0,81,184,58,21,344,2,12,14,358
12/23/2004,RIC,VA,AEA,EN,Towers with Radar,44,127,25,0,196,0,0,0,0,0,44,127,25,0,196,0,0,0,196
12/24/2004,RIC,VA,AEA,EN,Towers with Radar,83,161,32,0,276,0,0,0,0,0,83,161,32,0,276,0,0,0,276
12/25/2004,RIC,VA,AEA,EN,Towers with Radar,45,116,19,0,180,0,0,0,0,0,45,116,19,0,180,0,0,0,180
12/26/2004,RIC,VA,AEA,EN,Towers with Radar,61,118,38,0,217,0,0,0,0,0,61,118,38,0,217,0,0,0,217
12/27/2004,RIC,VA,AEA,EN,Towers with Radar,67,200,81,12,360,0,0,0,0,0,67,200,81,12,360,6,0,6,366
12/28/2004,RIC,VA,AEA,EN,Towers with Radar,85,228,91,47,451,0,0,0,0,0,85,228,91,47,451,6,25,31,482
12/29/2004,RIC,VA,AEA,EN,Towers with Radar,81,193,50,47,371,0,0,0,0,0,81,193,50,47,371,6,18,24,395
12/30/2004,RIC,VA,AEA,EN,Towers with Radar,75,169,22,34,300,0,0,0,0,0,75,169,22,34,300,3,4,7,307
12/31/2004,RIC,VA,AEA,EN,Towers with Radar,73,174,29,0,276,0,0,0,0,0,73,174,29,0,276,5,0,5,281
01/01/2005,RIC,VA,AEA,EN,Towers with Radar,40,115,37,0,192,0,0,0,0,0,40,115,37,0,192,5,0,5,197
01/02/2005,RIC,VA,AEA,EN,Towers with Radar,66,146,50,0,262,0,0,0,0,0,66,146,50,0,262,0,0,0,262
01/03/2005,RIC,VA,AEA,EN,Towers with Radar,64,165,58,10,297,0,0,0,0,0,64,165,58,10,297,1,0,1,298
01/04/2005,RIC,VA,AEA,EN,Towers with Radar,75,193,58,80,406,0,0,0,0,0,75,193,58,80,406,0,28,28,434
01/05/2005,RIC,VA,AEA,EN,Towers with Radar,69,168,80,16,333,0,0,0,0,0,69,168,80,16,333,0,0,0,333
01/06/2005,RIC,VA,AEA,EN,Towers with Radar,72,186,72,34,364,0,0,0,0,0,72,186,72,34,364,0,23,23,387
01/07/2005,RIC,VA,AEA,EN,Towers with Radar,83,198,79,59,419,0,0,0,0,0,83,198,79,59,419,1,12,13,432
01/08/2005,RIC,VA,AEA,EN,Towers with Radar,43,152,31,8,234,0,0,0,0,0,43,152,31,8,234,0,0,0,234
01/09/2005,RIC,VA,AEA,EN,Towers with Radar,51,171,72,59,353,0,0,0,0,0,51,171,72,59,353,0,0,0,353
01/10/2005,RIC,VA,AEA,EN,Towers with Radar,54,154,52,41,301,0,0,0,0,0,54,154,52,41,301,2,0,2,303
01/11/2005,RIC,VA,AEA,EN,Towers with Radar,76,199,108,23,406,0,0,0,0,0,76,199,108,23,406,4,6,10,416
01/12/2005,RIC,VA,AEA,EN,Towers with Radar,83,219,95,87,484,0,0,0,0,0,83,219,95,87,484,14,15,29,513
01/13/2005,RIC,VA,AEA,EN,Towers with Radar,76,208,98,37,419,0,0,0,0,0,76,208,98,37,419,0,0,0,419
01/14/2005,RIC,VA,AEA,EN,Towers with Radar,75,246,161,23,505,0,0,0,0,0,75,246,161,23,505,0,0,0,505
01/15/2005,RIC,VA,AEA,EN,Towers with Radar,58,161,35,12,266,0,0,0,0,0,58,161,35,12,266,4,2,6,272
01/16/2005,RIC,VA,AEA,EN,Towers with Radar,58,133,45,4,240,0,0,0,0,0,58,133,45,4,240,0,0,0,240
01/17/2005,RIC,VA,AEA,EN,Towers with Radar,55,179,70,0,304,0,0,0,0,0,55,179,70,0,304,21,0,21,325
01/18/2005,RIC,VA,AEA,EN,Towers with Radar,69,194,116,15,394,0,0,0,0,0,69,194,116,15,394,4,6,10,404
01/19/2005,RIC,VA,AEA,EN,Towers with Radar,82,212,98,23,415,0,0,0,0,0,82,212,98,23,415,0,0,0,415
01/20/2005,RIC,VA,AEA,EN,Towers with Radar,76,225,105,35,441,0,0,0,0,0,76,225,105,35,441,0,0,0,441
01/21/2005,RIC,VA,AEA,EN,Towers with Radar,78,185,100,6,369,0,0,0,0,0,78,185,100,6,369,2,2,4,373
01/22/2005,RIC,VA,AEA,EN,Towers with Radar,52,102,22,0,176,0,0,0,0,0,52,102,22,0,176,0,0,0,176
01/23/2005,RIC,VA,AEA,EN,Towers with Radar,44,106,24,3,177,0,0,0,0,0,44,106,24,3,177,0,0,0,177
01/24/2005,RIC,VA,AEA,EN,Towers with Radar,65,202,93,26,386,0,0,0,0,0,65,202,93,26,386,0,6,6,392
01/25/2005,RIC,VA,AEA,EN,Towers with Radar,72,191,77,24,364,0,0,0,0,0,72,191,77,24,364,4,36,40,404
01/26/2005,RIC,VA,AEA,EN,Towers with Radar,75,223,117,57,472,0,0,0,0,0,75,223,117,57,472,0,6,6,478
01/27/2005,RIC,VA,AEA,EN,Towers with Radar,66,201,78,18,363,0,0,0,0,0,66,201,78,18,363,3,17,20,383
01/28/2005,RIC,VA,AEA,EN,Towers with Radar,78,193,93,26,390,0,0,0,0,0,78,193,93,26,390,0,14,14,404
01/29/2005,RIC,VA,AEA,EN,Towers with Radar,40,129,15,5,189,0,0,0,0,0,40,129,15,5,189,41,6,47,236
01/30/2005,RIC,VA,AEA,EN,Towers with Radar,47,134,31,8,220,0,0,0,0,0,47,134,31,8,220,0,0,0,220
01/31/2005,RIC,VA,AEA,EN,Towers with Radar,73,198,64,29,364,0,0,0,0,0,73,198,64,29,364,114,14,128,492
02/01/2005,RIC,VA,AEA,EN,Towers with Radar,77,228,94,14,413,0,0,0,0,0,77,228,94,14,413,214,16,230,643
02/02/2005,RIC,VA,AEA,EN,Towers with Radar,74,219,96,24,413,0,0,0,0,0,74,219,96,24,413,108,14,122,535
02/03/2005,RIC,VA,AEA,EN,Towers with Radar,74,189,74,26,363,0,0,0,0,0,74,189,74,26,363,80,28,108,471
02/04/2005,RIC,VA,AEA,EN,Towers with Radar,85,214,96,28,423,0,0,0,0,0,85,214,96,28,423,142,9,151,574
02/05/2005,RIC,VA,AEA,EN,Towers with Radar,71,151,34,0,256,0,0,0,0,0,71,151,34,0,256,104,64,168,424
02/06/2005,RIC,VA,AEA,EN,Towers with Radar,47,149,57,0,253,0,0,0,0,0,47,149,57,0,253,4,0,4,257
02/07/2005,RIC,VA,AEA,EN,Towers with Radar,73,199,140,38,450,0,0,0,0,0,73,199,140,38,450,6,52,58,508
02/08/2005,RIC,VA,AEA,EN,Towers with Radar,88,249,133,79,549,0,0,0,0,0,88,249,133,79,549,70,41,111,660
02/09/2005,RIC,VA,AEA,EN,Towers with Radar,67,210,112,56,445,0,0,0,0,0,67,210,112,56,445,43,40,83,528
02/10/2005,RIC,VA,AEA,EN,Towers with Radar,72,220,127,51,470,0,0,0,0,0,72,220,127,51,470,8,54,62,532
02/11/2005,RIC,VA,AEA,EN,Towers with Radar,79,227,89,50,445,0,0,0,0,0,79,227,89,50,445,77,45,122,567
02/12/2005,RIC,VA,AEA,EN,Towers with Radar,46,159,35,7,247,0,0,0,0,0,46,159,35,7,247,0,18,18,265
02/13/2005,RIC,VA,AEA,EN,Towers with Radar,47,152,30,0,229,0,0,0,0,0,47,152,30,0,229,2,0,2,231
02/14/2005,RIC,VA,AEA,EN,Towers with Radar,73,227,108,19,427,0,0,0,0,0,73,227,108,19,427,0,4,4,431
02/15/2005,RIC,VA,AEA,EN,Towers with Radar,78,236,110,57,481,0,0,0,0,0,78,236,110,57,481,12,38,50,531
02/16/2005,RIC,VA,AEA,EN,Towers with Radar,74,231,134,51,490,666,0,0,0,666,740,231,134,51,1156,2,26,28,1184
02/17/2005,RIC,VA,AEA,EN,Towers with Radar,68,193,89,38,388,0,0,0,0,0,68,193,89,38,388,31,16,47,435
02/18/2005,RIC,VA,AEA,EN,Towers with Radar,68,201,65,21,355,0,0,0,0,0,68,201,65,21,355,0,9,9,364
02/19/2005,RIC,VA,AEA,EN,Towers with Radar,46,155,32,3,236,0,0,0,0,0,46,155,32,3,236,2,0,2,238
02/20/2005,RIC,VA,AEA,EN,Towers with Radar,50,142,50,7,249,0,0,0,0,0,50,142,50,7,249,0,0,0,249
02/21/2005,RIC,VA,AEA,EN,Towers with Radar,49,168,46,7,270,0,0,0,0,0,49,168,46,7,270,0,0,0,270
02/22/2005,RIC,VA,AEA,EN,Towers with Radar,69,202,108,35,414,0,0,0,0,0,69,202,108,35,414,2,17,19,433
02/23/2005,RIC,VA,AEA,EN,Towers with Radar,75,200,96,53,424,0,0,0,0,0,75,200,96,53,424,4,13,17,441
02/24/2005,RIC,VA,AEA,EN,Towers with Radar,62,184,46,0,292,0,0,0,0,0,62,184,46,0,292,0,0,0,292
02/25/2005,RIC,VA,AEA,EN,Towers with Radar,74,202,75,45,396,0,0,0,0,0,74,202,75,45,396,0,18,18,414
02/26/2005,RIC,VA,AEA,EN,Towers with Radar,60,173,70,15,318,0,0,0,0,0,60,173,70,15,318,2,0,2,320
02/27/2005,RIC,VA,AEA,EN,Towers with Radar,48,148,49,8,253,0,0,0,0,0,48,148,49,8,253,6,1,7,260
02/28/2005,RIC,VA,AEA,EN,Towers with Radar,60,196,43,3,302,0,0,0,0,0,60,196,43,3,302,0,0,0,302
03/01/2005,RIC,VA,AEA,EN,Towers with Radar,77,209,88,56,430,0,0,0,0,0,77,209,88,56,430,6,43,49,479
03/02/2005,RIC,VA,AEA,EN,Towers with Radar,80,199,54,52,385,0,0,0,0,0,80,199,54,52,385,0,38,38,423
03/03/2005,RIC,VA,AEA,EN,Towers with Radar,69,213,73,29,384,0,0,0,0,0,69,213,73,29,384,34,31,65,449
03/04/2005,RIC,VA,AEA,EN,Towers with Radar,78,212,81,16,387,0,0,0,0,0,78,212,81,16,387,28,4,32,419
03/05/2005,RIC,VA,AEA,EN,Towers with Radar,62,182,48,10,302,0,0,0,0,0,62,182,48,10,302,0,0,0,302
03/06/2005,RIC,VA,AEA,EN,Towers with Radar,54,168,56,8,286,0,0,0,0,0,54,168,56,8,286,1,1,2,288
03/07/2005,RIC,VA,AEA,EN,Towers with Radar,58,175,59,15,307,0,0,0,0,0,58,175,59,15,307,6,0,6,313
03/08/2005,RIC,VA,AEA,EN,Towers with Radar,81,214,65,9,369,0,0,0,0,0,81,214,65,9,369,0,0,0,369
03/09/2005,RIC,VA,AEA,EN,Towers with Radar,73,190,66,52,381,0,0,0,0,0,73,190,66,52,381,0,23,23,404
03/10/2005,RIC,VA,AEA,EN,Towers with Radar,80,200,78,34,392,0,0,0,0,0,80,200,78,34,392,8,4,12,404
03/11/2005,RIC,VA,AEA,EN,Towers with Radar,89,228,91,31,439,0,0,0,0,0,89,228,91,31,439,0,14,14,453
03/12/2005,RIC,VA,AEA,EN,Towers with Radar,57,157,28,0,242,0,0,0,0,0,57,157,28,0,242,0,10,10,252
03/13/2005,RIC,VA,AEA,EN,Towers with Radar,71,164,56,8,299,0,0,0,0,0,71,164,56,8,299,6,0,6,305
03/14/2005,RIC,VA,AEA,EN,Towers with Radar,63,186,71,18,338,0,0,0,0,0,63,186,71,18,338,6,0,6,344
03/15/2005,RIC,VA,AEA,EN,Towers with Radar,81,179,83,27,370,0,0,0,0,0,81,179,83,27,370,3,26,29,399
03/16/2005,RIC,VA,AEA,EN,Towers with Radar,68,214,66,22,370,0,0,0,0,0,68,214,66,22,370,0,0,0,370
03/17/2005,RIC,VA,AEA,EN,Towers with Radar,88,213,91,13,405,0,0,0,0,0,88,213,91,13,405,22,5,27,432
03/18/2005,RIC,VA,AEA,EN,Towers with Radar,83,228,90,61,462,0,0,0,0,0,83,228,90,61,462,40,16,56,518
03/19/2005,RIC,VA,AEA,EN,Towers with Radar,59,192,66,17,334,0,0,0,0,0,59,192,66,17,334,37,19,56,390
03/20/2005,RIC,VA,AEA,EN,Towers with Radar,60,192,112,15,379,0,0,0,0,0,60,192,112,15,379,50,12,62,441
03/21/2005,RIC,VA,AEA,EN,Towers with Radar,58,162,74,1,295,0,0,0,0,0,58,162,74,1,295,0,0,0,295
03/22/2005,RIC,VA,AEA,EN,Towers with Radar,72,219,78,17,386,0,0,0,0,0,72,219,78,17,386,6,0,6,392
03/23/2005,RIC,VA,AEA,EN,Towers with Radar,68,187,78,4,337,0,0,0,0,0,68,187,78,4,337,0,0,0,337
03/24/2005,RIC,VA,AEA,EN,Towers with Radar,88,224,93,35,440,0,0,0,0,0,88,224,93,35,440,2,6,8,448
03/25/2005,RIC,VA,AEA,EN,Towers with Radar,83,216,97,18,414,0,0,0,0,0,83,216,97,18,414,26,0,26,440
03/26/2005,RIC,VA,AEA,EN,Towers with Radar,54,158,40,3,255,0,0,0,0,0,54,158,40,3,255,0,0,0,255
03/27/2005,RIC,VA,AEA,EN,Towers with Radar,49,152,49,2,252,0,0,0,0,0,49,152,49,2,252,0,0,0,252
03/28/2005,RIC,VA,AEA,EN,Towers with Radar,76,216,90,5,387,0,0,0,0,0,76,216,90,5,387,0,0,0,387
03/29/2005,RIC,VA,AEA,EN,Towers with Radar,84,215,75,39,413,0,0,0,0,0,84,215,75,39,413,5,6,11,424
03/30/2005,RIC,VA,AEA,EN,Towers with Radar,87,269,133,55,544,0,0,0,0,0,87,269,133,55,544,150,22,172,716
03/31/2005,RIC,VA,AEA,EN,Towers with Radar,82,242,158,78,560,0,0,0,0,0,82,242,158,78,560,30,64,94,654
04/01/2005,RIC,VA,AEA,EN,Towers with Radar,68,206,64,26,364,0,0,0,0,0,68,206,64,26,364,8,48,56,420
04/02/2005,RIC,VA,AEA,EN,Towers with Radar,55,140,21,1,217,0,0,0,0,0,55,140,21,1,217,0,12,12,229
04/03/2005,RIC,VA,AEA,EN,Towers with Radar,52,155,36,3,246,0,0,0,0,0,52,155,36,3,246,0,0,0,246
04/04/2005,RIC,VA,AEA,EN,Towers with Radar,61,189,72,48,370,0,0,0,0,0,61,189,72,48,370,27,35,62,432
04/05/2005,RIC,VA,AEA,EN,Towers with Radar,73,223,79,65,440,0,0,0,0,0,73,223,79,65,440,18,18,36,476
04/06/2005,RIC,VA,AEA,EN,Towers with Radar,60,182,80,52,374,0,0,0,0,0,60,182,80,52,374,0,16,16,390
04/07/2005,RIC,VA,AEA,EN,Towers with Radar,70,205,66,31,372,0,0,0,0,0,70,205,66,31,372,0,0,0,372
04/08/2005,RIC,VA,AEA,EN,Towers with Radar,70,207,92,33,402,0,0,0,0,0,70,207,92,33,402,0,0,0,402
04/09/2005,RIC,VA,AEA,EN,Towers with Radar,60,160,37,11,268,0,0,0,0,0,60,160,37,11,268,0,0,0,268
04/10/2005,RIC,VA,AEA,EN,Towers with Radar,46,168,65,2,281,0,0,0,0,0,46,168,65,2,281,0,0,0,281
04/11/2005,RIC,VA,AEA,EN,Towers with Radar,64,185,74,3,326,0,0,0,0,0,64,185,74,3,326,3,64,67,393
04/12/2005,RIC,VA,AEA,EN,Towers with Radar,75,200,62,26,363,0,0,0,0,0,75,200,62,26,363,0,12,12,375
04/13/2005,RIC,VA,AEA,EN,Towers with Radar,72,225,89,32,418,0,0,0,0,0,72,225,89,32,418,8,0,8,426
04/14/2005,RIC,VA,AEA,EN,Towers with Radar,76,201,95,33,405,0,0,0,0,0,76,201,95,33,405,1,20,21,426
04/15/2005,RIC,VA,AEA,EN,Towers with Radar,79,224,72,25,400,0,0,0,0,0,79,224,72,25,400,20,6,26,426
04/16/2005,RIC,VA,AEA,EN,Towers with Radar,47,144,28,2,221,0,0,0,0,0,47,144,28,2,221,4,2,6,227
04/17/2005,RIC,VA,AEA,EN,Towers with Radar,49,158,84,4,295,0,0,0,0,0,49,158,84,4,295,8,0,8,303
04/18/2005,RIC,VA,AEA,EN,Towers with Radar,56,178,87,20,341,0,0,0,0,0,56,178,87,20,341,7,6,13,354
04/19/2005,RIC,VA,AEA,EN,Towers with Radar,77,218,89,35,419,0,0,0,0,0,77,218,89,35,419,0,4,4,423
04/20/2005,RIC,VA,AEA,EN,Towers with Radar,80,202,82,14,378,0,0,0,0,0,80,202,82,14,378,2,0,2,380
04/21/2005,RIC,VA,AEA,EN,Towers with Radar,72,229,101,20,422,0,0,0,0,0,72,229,101,20,422,4,0,4,426
04/22/2005,RIC,VA,AEA,EN,Towers with Radar,65,213,109,19,406,0,0,0,0,0,65,213,109,19,406,0,0,0,406
04/23/2005,RIC,VA,AEA,EN,Towers with Radar,71,167,34,37,309,0,0,0,0,0,71,167,34,37,309,0,0,0,309
04/24/2005,RIC,VA,AEA,EN,Towers with Radar,50,155,46,46,297,0,0,0,0,0,50,155,46,46,297,34,2,36,333
04/25/2005,RIC,VA,AEA,EN,Towers with Radar,74,167,58,2,301,0,0,0,0,0,74,167,58,2,301,0,0,0,301
04/26/2005,RIC,VA,AEA,EN,Towers with Radar,91,207,105,40,443,0,0,0,0,0,91,207,105,40,443,0,10,10,453
04/27/2005,RIC,VA,AEA,EN,Towers with Radar,68,220,65,39,392,0,0,0,0,0,68,220,65,39,392,0,28,28,420
04/28/2005,RIC,VA,AEA,EN,Towers with Radar,72,204,81,30,387,0,0,0,0,0,72,204,81,30,387,4,14,18,405
04/29/2005,RIC,VA,AEA,EN,Towers with Radar,69,205,93,32,399,0,0,0,0,0,69,205,93,32,399,12,8,20,419
04/30/2005,RIC,VA,AEA,EN,Towers with Radar,54,161,26,3,244,0,0,0,0,0,54,161,26,3,244,0,0,0,244
05/01/2005,RIC,VA,AEA,EN,Towers with Radar,47,153,45,3,248,0,0,0,0,0,47,153,45,3,248,0,0,0,248
05/02/2005,RIC,VA,AEA,EN,Towers with Radar,54,191,74,19,338,0,0,0,0,0,54,191,74,19,338,16,18,34,372
05/03/2005,RIC,VA,AEA,EN,Towers with Radar,69,214,97,62,442,0,0,0,0,0,69,214,97,62,442,20,16,36,478
05/04/2005,RIC,VA,AEA,EN,Towers with Radar,56,205,79,36,376,0,0,0,0,0,56,205,79,36,376,40,19,59,435
05/05/2005,RIC,VA,AEA,EN,Towers with Radar,71,216,67,46,400,0,0,0,0,0,71,216,67,46,400,36,14,50,450
05/06/2005,RIC,VA,AEA,EN,Towers with Radar,79,213,90,7,389,0,0,0,0,0,79,213,90,7,389,0,16,16,405
05/07/2005,RIC,VA,AEA,EN,Towers with Radar,57,166,23,20,266,0,0,0,0,0,57,166,23,20,266,14,14,28,294
05/08/2005,RIC,VA,AEA,EN,Towers with Radar,48,149,37,0,234,0,0,0,0,0,48,149,37,0,234,3,1,4,238
05/09/2005,RIC,VA,AEA,EN,Towers with Radar,58,186,84,8,336,0,0,0,0,0,58,186,84,8,336,11,0,11,347
05/10/2005,RIC,VA,AEA,EN,Towers with Radar,69,204,80,35,388,0,0,0,0,0,69,204,80,35,388,0,2,2,390
05/11/2005,RIC,VA,AEA,EN,Towers with Radar,65,185,90,48,388,0,0,0,0,0,65,185,90,48,388,6,10,16,404
05/12/2005,RIC,VA,AEA,EN,Towers with Radar,66,212,174,25,477,0,0,0,0,0,66,212,174,25,477,2,8,10,487
05/13/2005,RIC,VA,AEA,EN,Towers with Radar,67,219,143,18,447,0,0,0,0,0,67,219,143,18,447,2,0,2,449
05/14/2005,RIC,VA,AEA,EN,Towers with Radar,72,159,119,4,354,0,0,0,0,0,72,159,119,4,354,6,6,12,366
05/15/2005,RIC,VA,AEA,EN,Towers with Radar,54,160,100,0,314,0,0,0,0,0,54,160,100,0,314,0,0,0,314
05/16/2005,RIC,VA,AEA,EN,Towers with Radar,61,219,89,11,380,0,0,0,0,0,61,219,89,11,380,2,4,6,386
05/17/2005,RIC,VA,AEA,EN,Towers with Radar,65,197,91,20,373,0,0,0,0,0,65,197,91,20,373,2,11,13,386
05/18/2005,RIC,VA,AEA,EN,Towers with Radar,72,219,93,24,408,0,0,0,0,0,72,219,93,24,408,0,0,0,408
05/19/2005,RIC,VA,AEA,EN,Towers with Radar,76,249,98,33,456,0,0,0,0,0,76,249,98,33,456,0,4,4,460
05/20/2005,RIC,VA,AEA,EN,Towers with Radar,59,177,74,11,321,0,0,0,0,0,59,177,74,11,321,0,0,0,321
05/21/2005,RIC,VA,AEA,EN,Towers with Radar,58,159,55,17,289,0,0,0,0,0,58,159,55,17,289,10,0,10,299
05/22/2005,RIC,VA,AEA,EN,Towers with Radar,63,161,43,11,278,0,0,0,0,0,63,161,43,11,278,6,4,10,288
05/23/2005,RIC,VA,AEA,EN,Towers with Radar,57,187,67,11,322,0,0,0,0,0,57,187,67,11,322,25,14,39,361
05/24/2005,RIC,VA,AEA,EN,Towers with Radar,81,212,84,12,389,0,0,0,0,0,81,212,84,12,389,0,0,0,389
05/25/2005,RIC,VA,AEA,EN,Towers with Radar,72,207,117,13,409,0,0,0,0,0,72,207,117,13,409,0,0,0,409
05/26/2005,RIC,VA,AEA,EN,Towers with Radar,56,202,109,55,422,0,0,0,0,0,56,202,109,55,422,4,38,42,464
05/27/2005,RIC,VA,AEA,EN,Towers with Radar,63,192,78,36,369,0,0,0,0,0,63,192,78,36,369,0,43,43,412
05/28/2005,RIC,VA,AEA,EN,Towers with Radar,52,175,29,3,259,0,0,0,0,0,52,175,29,3,259,0,0,0,259
05/29/2005,RIC,VA,AEA,EN,Towers with Radar,43,128,26,0,197,0,0,0,0,0,43,128,26,0,197,0,0,0,197
05/30/2005,RIC,VA,AEA,EN,Towers with Radar,46,138,49,0,233,0,0,0,0,0,46,138,49,0,233,0,0,0,233
05/31/2005,RIC,VA,AEA,EN,Towers with Radar,44,185,75,29,333,0,0,0,0,0,44,185,75,29,333,40,18,58,391
06/01/2005,RIC,VA,AEA,EN,Towers with Radar,66,210,93,25,394,0,0,0,0,0,66,210,93,25,394,10,0,10,404
06/02/2005,RIC,VA,AEA,EN,Towers with Radar,76,217,87,25,405,0,0,0,0,0,76,217,87,25,405,0,0,0,405
06/03/2005,RIC,VA,AEA,EN,Towers with Radar,61,211,92,9,373,0,0,0,0,0,61,211,92,9,373,0,0,0,373
06/04/2005,RIC,VA,AEA,EN,Towers with Radar,61,158,30,10,259,0,0,0,0,0,61,158,30,10,259,0,4,4,263
06/05/2005,RIC,VA,AEA,EN,Towers with Radar,38,150,26,20,234,0,0,0,0,0,38,150,26,20,234,10,6,16,250
06/06/2005,RIC,VA,AEA,EN,Towers with Radar,51,199,75,7,332,0,0,0,0,0,51,199,75,7,332,0,0,0,332
06/07/2005,RIC,VA,AEA,EN,Towers with Radar,70,212,68,25,375,0,0,0,0,0,70,212,68,25,375,0,11,11,386
06/08/2005,RIC,VA,AEA,EN,Towers with Radar,68,204,109,14,395,0,0,0,0,0,68,204,109,14,395,0,0,0,395
06/09/2005,RIC,VA,AEA,EN,Towers with Radar,73,203,74,17,367,0,0,0,0,0,73,203,74,17,367,0,10,10,377
06/10/2005,RIC,VA,AEA,EN,Towers with Radar,76,215,85,18,394,0,0,0,0,0,76,215,85,18,394,80,35,115,509
06/11/2005,RIC,VA,AEA,EN,Towers with Radar,58,154,42,3,257,0,0,0,0,0,58,154,42,3,257,0,5,5,262
06/12/2005,RIC,VA,AEA,EN,Towers with Radar,51,157,38,19,265,0,0,0,0,0,51,157,38,19,265,0,6,6,271
06/13/2005,RIC,VA,AEA,EN,Towers with Radar,61,172,63,14,310,0,0,0,0,0,61,172,63,14,310,0,8,8,318
06/14/2005,RIC,VA,AEA,EN,Towers with Radar,63,186,65,15,329,0,0,0,0,0,63,186,65,15,329,16,16,32,361
06/15/2005,RIC,VA,AEA,EN,Towers with Radar,76,210,96,25,407,0,0,0,0,0,76,210,96,25,407,12,16,28,435
06/16/2005,RIC,VA,AEA,EN,Towers with Radar,68,215,98,41,422,0,0,0,0,0,68,215,98,41,422,12,48,60,482
06/17/2005,RIC,VA,AEA,EN,Towers with Radar,71,218,112,41,442,0,0,0,0,0,71,218,112,41,442,4,23,27,469
06/18/2005,RIC,VA,AEA,EN,Towers with Radar,50,141,28,10,229,0,0,0,0,0,50,141,28,10,229,28,0,28,257
06/19/2005,RIC,VA,AEA,EN,Towers with Radar,48,148,24,3,223,0,0,0,0,0,48,148,24,3,223,0,0,0,223
06/20/2005,RIC,VA,AEA,EN,Towers with Radar,53,177,68,16,314,0,0,0,0,0,53,177,68,16,314,4,0,4,318
06/21/2005,RIC,VA,AEA,EN,Towers with Radar,80,208,45,45,378,0,0,0,0,0,80,208,45,45,378,0,3,3,381
06/22/2005,RIC,VA,AEA,EN,Towers with Radar,95,214,86,44,439,0,0,0,0,0,95,214,86,44,439,0,20,20,459
06/23/2005,RIC,VA,AEA,EN,Towers with Radar,73,202,93,0,368,0,0,0,0,0,73,202,93,0,368,3,34,37,405
06/24/2005,RIC,VA,AEA,EN,Towers with Radar,77,203,91,33,404,0,0,0,0,0,77,203,91,33,404,2,38,40,444
06/25/2005,RIC,VA,AEA,EN,Towers with Radar,60,160,68,2,290,0,0,0,0,0,60,160,68,2,290,6,27,33,323
06/26/2005,RIC,VA,AEA,EN,Towers with Radar,59,151,70,0,280,0,0,0,0,0,59,151,70,0,280,1,0,1,281
06/27/2005,RIC,VA,AEA,EN,Towers with Radar,64,174,67,25,330,0,0,0,0,0,64,174,67,25,330,25,0,25,355
06/28/2005,RIC,VA,AEA,EN,Towers with Radar,93,202,77,45,417,0,0,0,0,0,93,202,77,45,417,4,4,8,425
06/29/2005,RIC,VA,AEA,EN,Towers with Radar,82,207,81,20,390,0,0,0,0,0,82,207,81,20,390,0,0,0,390
06/30/2005,RIC,VA,AEA,EN,Towers with Radar,90,212,75,61,438,0,0,0,0,0,90,212,75,61,438,12,50,62,500
07/01/2005,RIC,VA,AEA,EN,Towers with Radar,86,207,46,14,353,0,0,0,0,0,86,207,46,14,353,0,0,0,353
07/02/2005,RIC,VA,AEA,EN,Towers with Radar,71,163,31,0,265,0,0,0,0,0,71,163,31,0,265,21,0,21,286
07/03/2005,RIC,VA,AEA,EN,Towers with Radar,62,136,31,8,237,0,0,0,0,0,62,136,31,8,237,0,2,2,239
07/04/2005,RIC,VA,AEA,EN,Towers with Radar,65,143,22,0,230,0,0,0,0,0,65,143,22,0,230,0,0,0,230
07/05/2005,RIC,VA,AEA,EN,Towers with Radar,64,183,65,12,324,0,0,0,0,0,64,183,65,12,324,0,0,0,324
07/06/2005,RIC,VA,AEA,EN,Towers with Radar,80,199,63,29,371,0,0,0,0,0,80,199,63,29,371,3,62,65,436
07/07/2005,RIC,VA,AEA,EN,Towers with Radar,72,204,65,25,366,0,0,0,0,0,72,204,65,25,366,46,12,58,424
07/08/2005,RIC,VA,AEA,EN,Towers with Radar,72,198,53,17,340,0,0,0,0,0,72,198,53,17,340,0,0,0,340
07/09/2005,RIC,VA,AEA,EN,Towers with Radar,59,139,27,0,225,0,0,0,0,0,59,139,27,0,225,4,0,4,229
07/10/2005,RIC,VA,AEA,EN,Towers with Radar,64,156,47,4,271,0,0,0,0,0,64,156,47,4,271,2,0,2,273
07/11/2005,RIC,VA,AEA,EN,Towers with Radar,73,178,90,13,354,0,0,0,0,0,73,178,90,13,354,0,0,0,354
07/12/2005,RIC,VA,AEA,EN,Towers with Radar,77,234,60,46,417,0,0,0,0,0,77,234,60,46,417,0,14,14,431
07/13/2005,RIC,VA,AEA,EN,Towers with Radar,83,186,72,82,423,0,0,0,0,0,83,186,72,82,423,0,26,26,449
07/14/2005,RIC,VA,AEA,EN,Towers with Radar,98,221,83,49,451,0,0,0,0,0,98,221,83,49,451,42,35,77,528
07/15/2005,RIC,VA,AEA,EN,Towers with Radar,90,201,77,36,404,0,0,0,0,0,90,201,77,36,404,6,9,15,419
07/16/2005,RIC,VA,AEA,EN,Towers with Radar,71,159,43,4,277,0,0,0,0,0,71,159,43,4,277,3,8,11,288
07/17/2005,RIC,VA,AEA,EN,Towers with Radar,69,146,50,0,265,0,0,0,0,0,69,146,50,0,265,13,0,13,278
07/18/2005,RIC,VA,AEA,EN,Towers with Radar,67,194,58,10,329,0,0,0,0,0,67,194,58,10,329,1,0,1,330
07/19/2005,RIC,VA,AEA,EN,Towers with Radar,86,205,77,22,390,0,0,0,0,0,86,205,77,22,390,4,16,20,410
07/20/2005,RIC,VA,AEA,EN,Towers with Radar,89,219,66,53,427,0,0,0,0,0,89,219,66,53,427,7,20,27,454
07/21/2005,RIC,VA,AEA,EN,Towers with Radar,106,240,86,22,454,0,0,0,0,0,106,240,86,22,454,1,8,9,463
07/22/2005,RIC,VA,AEA,EN,Towers with Radar,84,196,71,47,398,0,0,0,0,0,84,196,71,47,398,2,6,8,406
07/23/2005,RIC,VA,AEA,EN,Towers with Radar,74,155,46,4,279,0,0,0,0,0,74,155,46,4,279,2,0,2,281
07/24/2005,RIC,VA,AEA,EN,Towers with Radar,52,160,35,0,247,0,0,0,0,0,52,160,35,0,247,8,0,8,255
07/25/2005,RIC,VA,AEA,EN,Towers with Radar,64,175,77,16,332,0,0,0,0,0,64,175,77,16,332,10,18,28,360
07/26/2005,RIC,VA,AEA,EN,Towers with Radar,97,208,84,57,446,0,0,0,0,0,97,208,84,57,446,6,84,90,536
07/27/2005,RIC,VA,AEA,EN,Towers with Radar,98,212,99,51,460,0,0,0,0,0,98,212,99,51,460,0,51,51,511
07/28/2005,RIC,VA,AEA,EN,Towers with Radar,71,207,62,31,371,0,0,0,0,0,71,207,62,31,371,0,40,40,411
07/29/2005,RIC,VA,AEA,EN,Towers with Radar,77,208,66,18,369,0,0,0,0,0,77,208,66,18,369,0,28,28,397
07/30/2005,RIC,VA,AEA,EN,Towers with Radar,69,158,23,2,252,0,0,0,0,0,69,158,23,2,252,0,0,0,252
07/31/2005,RIC,VA,AEA,EN,Towers with Radar,78,177,70,0,325,0,0,0,0,0,78,177,70,0,325,0,0,0,325
08/01/2005,RIC,VA,AEA,EN,Towers with Radar,67,181,74,16,338,0,0,0,0,0,67,181,74,16,338,30,6,36,374
08/02/2005,RIC,VA,AEA,EN,Towers with Radar,71,192,52,33,348,0,0,0,0,0,71,192,52,33,348,6,4,10,358
08/03/2005,RIC,VA,AEA,EN,Towers with Radar,73,195,51,38,357,0,0,0,0,0,73,195,51,38,357,0,90,90,447
08/04/2005,RIC,VA,AEA,EN,Towers with Radar,90,208,63,33,394,0,0,0,0,0,90,208,63,33,394,0,38,38,432
08/05/2005,RIC,VA,AEA,EN,Towers with Radar,86,194,84,35,399,0,0,0,0,0,86,194,84,35,399,3,2,5,404
08/06/2005,RIC,VA,AEA,EN,Towers with Radar,82,141,33,15,271,0,0,0,0,0,82,141,33,15,271,0,0,0,271
08/07/2005,RIC,VA,AEA,EN,Towers with Radar,60,152,35,6,253,0,0,0,0,0,60,152,35,6,253,14,0,14,267
08/08/2005,RIC,VA,AEA,EN,Towers with Radar,68,182,70,23,343,0,0,0,0,0,68,182,70,23,343,0,2,2,345
08/09/2005,RIC,VA,AEA,EN,Towers with Radar,88,215,82,27,412,0,0,0,0,0,88,215,82,27,412,20,26,46,458
08/10/2005,RIC,VA,AEA,EN,Towers with Radar,74,213,70,45,402,0,0,0,0,0,74,213,70,45,402,6,55,61,463
08/11/2005,RIC,VA,AEA,EN,Towers with Radar,82,203,61,15,361,0,0,0,0,0,82,203,61,15,361,0,20,20,381
08/12/2005,RIC,VA,AEA,EN,Towers with Radar,88,216,89,22,415,0,0,0,0,0,88,216,89,22,415,1,7,8,423
08/13/2005,RIC,VA,AEA,EN,Towers with Radar,91,151,52,2,296,0,0,0,0,0,91,151,52,2,296,0,0,0,296
08/14/2005,RIC,VA,AEA,EN,Towers with Radar,75,142,49,0,266,0,0,0,0,0,75,142,49,0,266,2,0,2,268
08/15/2005,RIC,VA,AEA,EN,Towers with Radar,83,193,45,4,325,0,0,0,0,0,83,193,45,4,325,2,0,2,327
08/16/2005,RIC,VA,AEA,EN,Towers with Radar,83,202,53,17,355,0,0,0,0,0,83,202,53,17,355,0,0,0,355
08/17/2005,RIC,VA,AEA,EN,Towers with Radar,83,219,62,21,385,0,0,0,0,0,83,219,62,21,385,26,0,26,411
08/18/2005,RIC,VA,AEA,EN,Towers with Radar,83,221,87,31,422,0,0,0,0,0,83,221,87,31,422,12,18,30,452
08/19/2005,RIC,VA,AEA,EN,Towers with Radar,76,205,53,32,366,0,0,0,0,0,76,205,53,32,366,0,0,0,366
08/20/2005,RIC,VA,AEA,EN,Towers with Radar,66,153,21,1,241,0,0,0,0,0,66,153,21,1,241,0,0,0,241
08/21/2005,RIC,VA,AEA,EN,Towers with Radar,61,138,32,1,232,0,0,0,0,0,61,138,32,1,232,0,0,0,232
08/22/2005,RIC,VA,AEA,EN,Towers with Radar,64,162,68,20,314,0,0,0,0,0,64,162,68,20,314,29,0,29,343
08/23/2005,RIC,VA,AEA,EN,Towers with Radar,73,188,81,12,354,0,0,0,0,0,73,188,81,12,354,24,2,26,380
08/24/2005,RIC,VA,AEA,EN,Towers with Radar,82,205,99,45,431,0,0,0,0,0,82,205,99,45,431,4,16,20,451
08/25/2005,RIC,VA,AEA,EN,Towers with Radar,84,202,75,28,389,0,0,0,0,0,84,202,75,28,389,6,23,29,418
08/26/2005,RIC,VA,AEA,EN,Towers with Radar,93,199,84,42,418,0,0,0,0,0,93,199,84,42,418,24,0,24,442
08/27/2005,RIC,VA,AEA,EN,Towers with Radar,73,150,28,3,254,0,0,0,0,0,73,150,28,3,254,4,4,8,262
08/28/2005,RIC,VA,AEA,EN,Towers with Radar,65,181,36,0,282,0,0,0,0,0,65,181,36,0,282,10,0,10,292
08/29/2005,RIC,VA,AEA,EN,Towers with Radar,65,175,70,13,323,0,0,0,0,0,65,175,70,13,323,14,64,78,401
08/30/2005,RIC,VA,AEA,EN,Towers with Radar,83,183,78,23,367,0,0,0,0,0,83,183,78,23,367,2,2,4,371
08/31/2005,RIC,VA,AEA,EN,Towers with Radar,90,201,65,33,389,0,0,0,0,0,90,201,65,33,389,0,0,0,389
09/01/2005,RIC,VA,AEA,EN,Towers with Radar,75,206,66,31,378,0,0,0,0,0,75,206,66,31,378,22,26,48,426
09/02/2005,RIC,VA,AEA,EN,Towers with Radar,79,193,64,19,355,0,0,0,0,0,79,193,64,19,355,5,10,15,370
09/03/2005,RIC,VA,AEA,EN,Towers with Radar,49,144,29,1,223,0,0,0,0,0,49,144,29,1,223,10,2,12,235
09/04/2005,RIC,VA,AEA,EN,Towers with Radar,56,134,21,2,213,0,0,0,0,0,56,134,21,2,213,0,0,0,213
09/05/2005,RIC,VA,AEA,EN,Towers with Radar,61,149,30,2,242,0,0,0,0,0,61,149,30,2,242,0,2,2,244
09/06/2005,RIC,VA,AEA,EN,Towers with Radar,69,191,82,39,381,0,0,0,0,0,69,191,82,39,381,24,8,32,413
09/07/2005,RIC,VA,AEA,EN,Towers with Radar,81,202,107,59,449,0,0,0,0,0,81,202,107,59,449,0,56,56,505
09/08/2005,RIC,VA,AEA,EN,Towers with Radar,86,213,144,56,499,0,0,0,0,0,86,213,144,56,499,8,44,52,551
09/09/2005,RIC,VA,AEA,EN,Towers with Radar,79,204,116,62,461,0,0,0,0,0,79,204,116,62,461,14,40,54,515
09/10/2005,RIC,VA,AEA,EN,Towers with Radar,60,168,113,22,363,0,0,0,0,0,60,168,113,22,363,0,4,4,367
09/11/2005,RIC,VA,AEA,EN,Towers with Radar,57,156,135,3,351,0,0,0,0,0,57,156,135,3,351,0,8,8,359
09/12/2005,RIC,VA,AEA,EN,Towers with Radar,66,170,52,4,292,0,0,0,0,0,66,170,52,4,292,0,0,0,292
09/13/2005,RIC,VA,AEA,EN,Towers with Radar,81,202,97,31,411,0,0,0,0,0,81,202,97,31,411,2,42,44,455
09/14/2005,RIC,VA,AEA,EN,Towers with Radar,75,196,53,32,356,0,0,0,0,0,75,196,53,32,356,4,0,4,360
09/15/2005,RIC,VA,AEA,EN,Towers with Radar,76,212,76,29,393,0,0,0,0,0,76,212,76,29,393,40,49,89,482
09/16/2005,RIC,VA,AEA,EN,Towers with Radar,91,238,66,39,434,0,0,0,0,0,91,238,66,39,434,6,12,18,452
09/17/2005,RIC,VA,AEA,EN,Towers with Radar,69,152,51,18,290,0,0,0,0,0,69,152,51,18,290,2,6,8,298
09/18/2005,RIC,VA,AEA,EN,Towers with Radar,59,163,53,26,301,0,0,0,0,0,59,163,53,26,301,0,4,4,305
09/19/2005,RIC,VA,AEA,EN,Towers with Radar,63,200,68,7,338,0,0,0,0,0,63,200,68,7,338,3,0,3,341
09/20/2005,RIC,VA,AEA,EN,Towers with Radar,73,197,106,34,410,0,0,0,0,0,73,197,106,34,410,0,14,14,424
09/21/2005,RIC,VA,AEA,EN,Towers with Radar,80,195,73,26,374,0,0,0,0,0,80,195,73,26,374,0,101,101,475
09/22/2005,RIC,VA,AEA,EN,Towers with Radar,74,203,92,27,396,0,0,0,0,0,74,203,92,27,396,6,36,42,438
09/23/2005,RIC,VA,AEA,EN,Towers with Radar,80,187,86,20,373,0,0,0,0,0,80,187,86,20,373,80,2,82,455
09/24/2005,RIC,VA,AEA,EN,Towers with Radar,58,157,58,3,276,0,0,0,0,0,58,157,58,3,276,1,0,1,277
09/25/2005,RIC,VA,AEA,EN,Towers with Radar,55,158,64,5,282,0,0,0,0,0,55,158,64,5,282,0,0,0,282
09/26/2005,RIC,VA,AEA,EN,Towers with Radar,69,186,62,10,327,0,0,0,0,0,69,186,62,10,327,0,42,42,369
09/27/2005,RIC,VA,AEA,EN,Towers with Radar,85,213,101,10,409,0,0,0,0,0,85,213,101,10,409,8,33,41,450
09/28/2005,RIC,VA,AEA,EN,Towers with Radar,71,213,78,4,366,0,0,0,0,0,71,213,78,4,366,0,36,36,402
09/29/2005,RIC,VA,AEA,EN,Towers with Radar,73,203,59,23,358,0,0,0,0,0,73,203,59,23,358,4,38,42,400
09/30/2005,RIC,VA,AEA,EN,Towers with Radar,68,207,90,6,371,0,0,0,0,0,68,207,90,6,371,6,15,21,392
10/01/2005,RIC,VA,AEA,EN,Towers with Radar,61,139,36,9,245,0,0,0,0,0,61,139,36,9,245,9,16,25,270
10/02/2005,RIC,VA,AEA,EN,Towers with Radar,50,153,51,28,282,0,0,0,0,0,50,153,51,28,282,0,12,12,294
10/03/2005,RIC,VA,AEA,EN,Towers with Radar,58,184,42,10,294,0,0,0,0,0,58,184,42,10,294,4,1,5,299
10/04/2005,RIC,VA,AEA,EN,Towers with Radar,83,211,104,24,422,0,0,0,0,0,83,211,104,24,422,0,2,2,424
10/05/2005,RIC,VA,AEA,EN,Towers with Radar,81,204,73,26,384,0,90,0,0,90,81,294,73,26,474,1,49,50,524
10/06/2005,RIC,VA,AEA,EN,Towers with Radar,75,199,100,37,411,0,0,0,0,0,75,199,100,37,411,0,40,40,451
10/07/2005,RIC,VA,AEA,EN,Towers with Radar,83,200,99,4,386,0,0,0,0,0,83,200,99,4,386,0,0,0,386
10/08/2005,RIC,VA,AEA,EN,Towers with Radar,66,163,38,2,269,0,0,0,0,0,66,163,38,2,269,0,0,0,269
10/09/2005,RIC,VA,AEA,EN,Towers with Radar,57,172,40,13,282,0,0,0,0,0,57,172,40,13,282,26,10,36,318
10/10/2005,RIC,VA,AEA,EN,Towers with Radar,65,174,60,6,305,0,0,0,0,0,65,174,60,6,305,0,0,0,305
10/11/2005,RIC,VA,AEA,EN,Towers with Radar,82,190,95,12,379,0,0,0,0,0,82,190,95,12,379,0,0,0,379
10/12/2005,RIC,VA,AEA,EN,Towers with Radar,66,194,76,47,383,0,0,0,0,0,66,194,76,47,383,0,8,8,391
10/13/2005,RIC,VA,AEA,EN,Towers with Radar,70,183,81,48,382,0,0,0,0,0,70,183,81,48,382,4,6,10,392
10/14/2005,RIC,VA,AEA,EN,Towers with Radar,61,188,81,15,345,0,0,0,0,0,61,188,81,15,345,0,16,16,361
10/15/2005,RIC,VA,AEA,EN,Towers with Radar,60,147,37,24,268,0,0,0,0,0,60,147,37,24,268,4,0,4,272
10/16/2005,RIC,VA,AEA,EN,Towers with Radar,60,140,38,3,241,0,0,0,0,0,60,140,38,3,241,0,10,10,251
10/17/2005,RIC,VA,AEA,EN,Towers with Radar,54,172,70,7,303,0,0,0,0,0,54,172,70,7,303,0,0,0,303
10/18/2005,RIC,VA,AEA,EN,Towers with Radar,75,193,86,47,401,0,0,0,0,0,75,193,86,47,401,0,10,10,411
10/19/2005,RIC,VA,AEA,EN,Towers with Radar,71,211,63,6,351,0,0,0,0,0,71,211,63,6,351,0,0,0,351
10/20/2005,RIC,VA,AEA,EN,Towers with Radar,75,220,73,6,374,0,0,0,0,0,75,220,73,6,374,16,0,16,390
10/21/2005,RIC,VA,AEA,EN,Towers with Radar,76,183,67,8,334,0,0,0,0,0,76,183,67,8,334,0,0,0,334
10/22/2005,RIC,VA,AEA,EN,Towers with Radar,52,151,48,35,286,0,0,0,0,0,52,151,48,35,286,5,8,13,299
10/23/2005,RIC,VA,AEA,EN,Towers with Radar,61,154,43,1,259,0,0,0,0,0,61,154,43,1,259,2,12,14,273
10/24/2005,RIC,VA,AEA,EN,Towers with Radar,81,177,82,6,346,0,0,0,0,0,81,177,82,6,346,6,12,18,364
10/25/2005,RIC,VA,AEA,EN,Towers with Radar,79,205,71,24,379,0,0,0,0,0,79,205,71,24,379,0,0,0,379
10/26/2005,RIC,VA,AEA,EN,Towers with Radar,77,217,88,54,436,0,0,0,0,0,77,217,88,54,436,0,10,10,446
10/27/2005,RIC,VA,AEA,EN,Towers with Radar,66,207,80,19,372,0,0,0,0,0,66,207,80,19,372,0,4,4,376
10/28/2005,RIC,VA,AEA,EN,Towers with Radar,75,206,95,13,389,0,0,0,0,0,75,206,95,13,389,4,5,9,398
10/29/2005,RIC,VA,AEA,EN,Towers with Radar,60,146,31,4,241,0,0,0,0,0,60,146,31,4,241,6,6,12,253
10/30/2005,RIC,VA,AEA,EN,Towers with Radar,63,169,53,11,296,0,0,0,0,0,63,169,53,11,296,2,5,7,303
10/31/2005,RIC,VA,AEA,EN,Towers with Radar,53,177,40,21,291,0,0,0,0,0,53,177,40,21,291,0,4,4,295
11/01/2005,RIC,VA,AEA,EN,Towers with Radar,83,217,58,27,385,0,0,0,0,0,83,217,58,27,385,0,14,14,399
11/02/2005,RIC,VA,AEA,EN,Towers with Radar,76,203,76,21,376,0,0,0,0,0,76,203,76,21,376,4,10,14,390
11/03/2005,RIC,VA,AEA,EN,Towers with Radar,71,195,86,23,375,0,0,0,0,0,71,195,86,23,375,0,30,30,405
11/04/2005,RIC,VA,AEA,EN,Towers with Radar,83,219,95,55,452,0,0,0,0,0,83,219,95,55,452,8,58,66,518
11/05/2005,RIC,VA,AEA,EN,Towers with Radar,65,149,40,18,272,0,0,0,0,0,65,149,40,18,272,20,3,23,295
11/06/2005,RIC,VA,AEA,EN,Towers with Radar,50,165,64,26,305,0,0,0,0,0,50,165,64,26,305,0,0,0,305
11/07/2005,RIC,VA,AEA,EN,Towers with Radar,50,181,59,1,291,10,0,0,0,10,60,181,59,1,301,2,0,2,303
11/08/2005,RIC,VA,AEA,EN,Towers with Radar,77,208,81,15,381,0,0,0,0,0,77,208,81,15,381,0,2,2,383
11/09/2005,RIC,VA,AEA,EN,Towers with Radar,75,206,81,19,381,0,0,0,0,0,75,206,81,19,381,2,15,17,398
11/10/2005,RIC,VA,AEA,EN,Towers with Radar,76,211,78,23,388,0,0,0,0,0,76,211,78,23,388,7,32,39,427
11/11/2005,RIC,VA,AEA,EN,Towers with Radar,86,197,69,9,361,0,0,0,0,0,86,197,69,9,361,10,0,10,371
11/12/2005,RIC,VA,AEA,EN,Towers with Radar,62,162,32,4,260,0,0,0,0,0,62,162,32,4,260,12,14,26,286
11/13/2005,RIC,VA,AEA,EN,Towers with Radar,52,144,52,1,249,0,0,0,0,0,52,144,52,1,249,4,0,4,253
11/14/2005,RIC,VA,AEA,EN,Towers with Radar,55,185,58,2,300,0,0,0,0,0,55,185,58,2,300,0,0,0,300
11/15/2005,RIC,VA,AEA,EN,Towers with Radar,66,192,99,22,379,0,0,0,0,0,66,192,99,22,379,0,0,0,379
11/16/2005,RIC,VA,AEA,EN,Towers with Radar,80,218,65,29,392,0,0,0,0,0,80,218,65,29,392,0,30,30,422
11/17/2005,RIC,VA,AEA,EN,Towers with Radar,76,204,102,25,407,2,0,0,0,2,78,204,102,25,409,35,27,62,471
11/18/2005,RIC,VA,AEA,EN,Towers with Radar,75,219,79,29,402,0,0,0,0,0,75,219,79,29,402,0,18,18,420
11/19/2005,RIC,VA,AEA,EN,Towers with Radar,67,175,62,21,325,0,0,0,0,0,67,175,62,21,325,0,0,0,325
11/20/2005,RIC,VA,AEA,EN,Towers with Radar,72,159,38,10,279,0,0,0,0,0,72,159,38,10,279,0,0,0,279
11/21/2005,RIC,VA,AEA,EN,Towers with Radar,47,175,48,7,277,0,0,0,0,0,47,175,48,7,277,0,0,0,277
11/22/2005,RIC,VA,AEA,EN,Towers with Radar,77,218,74,39,408,0,0,0,0,0,77,218,74,39,408,0,18,18,426
11/23/2005,RIC,VA,AEA,EN,Towers with Radar,97,223,105,33,458,0,0,0,0,0,97,223,105,33,458,0,6,6,464
11/24/2005,RIC,VA,AEA,EN,Towers with Radar,58,158,8,0,224,0,0,0,0,0,58,158,8,0,224,0,0,0,224
11/25/2005,RIC,VA,AEA,EN,Towers with Radar,60,124,29,0,213,0,0,0,0,0,60,124,29,0,213,0,0,0,213
11/26/2005,RIC,VA,AEA,EN,Towers with Radar,49,128,39,3,219,0,0,0,0,0,49,128,39,3,219,16,0,16,235
11/27/2005,RIC,VA,AEA,EN,Towers with Radar,55,174,59,0,288,0,0,0,0,0,55,174,59,0,288,0,0,0,288
11/28/2005,RIC,VA,AEA,EN,Towers with Radar,69,204,54,17,344,0,0,0,0,0,69,204,54,17,344,10,2,12,356
11/29/2005,RIC,VA,AEA,EN,Towers with Radar,71,194,62,33,360,0,0,0,0,0,71,194,62,33,360,0,0,0,360
11/30/2005,RIC,VA,AEA,EN,Towers with Radar,73,204,100,24,401,0,0,0,0,0,73,204,100,24,401,6,18,24,425
12/01/2005,RIC,VA,AEA,EN,Towers with Radar,85,191,94,35,405,0,0,0,0,0,85,191,94,35,405,4,49,53,458
12/02/2005,RIC,VA,AEA,EN,Towers with Radar,76,188,50,35,349,0,0,0,0,0,76,188,50,35,349,1,14,15,364
12/03/2005,RIC,VA,AEA,EN,Towers with Radar,56,143,35,12,246,0,0,0,0,0,56,143,35,12,246,0,0,0,246
12/04/2005,RIC,VA,AEA,EN,Towers with Radar,60,155,55,36,306,0,0,0,0,0,60,155,55,36,306,0,18,18,324
12/05/2005,RIC,VA,AEA,EN,Towers with Radar,53,166,48,3,270,0,0,0,0,0,53,166,48,3,270,0,0,0,270
12/06/2005,RIC,VA,AEA,EN,Towers with Radar,74,183,80,10,347,0,0,0,0,0,74,183,80,10,347,20,2,22,369
12/07/2005,RIC,VA,AEA,EN,Towers with Radar,82,229,85,33,429,0,0,0,0,0,82,229,85,33,429,25,14,39,468
12/08/2005,RIC,VA,AEA,EN,Towers with Radar,73,182,93,35,383,0,0,0,0,0,73,182,93,35,383,8,16,24,407
12/09/2005,RIC,VA,AEA,EN,Towers with Radar,86,181,81,12,360,0,0,0,0,0,86,181,81,12,360,10,16,26,386
12/10/2005,RIC,VA,AEA,EN,Towers with Radar,48,131,29,7,215,0,0,0,0,0,48,131,29,7,215,0,20,20,235
12/11/2005,RIC,VA,AEA,EN,Towers with Radar,51,146,45,5,247,0,0,0,0,0,51,146,45,5,247,2,0,2,249
12/12/2005,RIC,VA,AEA,EN,Towers with Radar,51,175,63,21,310,0,0,0,0,0,51,175,63,21,310,0,2,2,312
12/13/2005,RIC,VA,AEA,EN,Towers with Radar,72,180,77,21,350,0,0,0,0,0,72,180,77,21,350,4,4,8,358
12/14/2005,RIC,VA,AEA,EN,Towers with Radar,73,168,78,44,363,0,0,0,0,0,73,168,78,44,363,0,14,14,377
12/15/2005,RIC,VA,AEA,EN,Towers with Radar,75,164,54,1,294,0,0,0,0,0,75,164,54,1,294,0,0,0,294
12/16/2005,RIC,VA,AEA,EN,Towers with Radar,81,201,79,14,375,0,0,0,0,0,81,201,79,14,375,27,4,31,406
12/17/2005,RIC,VA,AEA,EN,Towers with Radar,57,144,41,9,251,0,0,0,0,0,57,144,41,9,251,4,2,6,257
12/18/2005,RIC,VA,AEA,EN,Towers with Radar,55,146,23,2,226,0,0,0,0,0,55,146,23,2,226,0,0,0,226
12/19/2005,RIC,VA,AEA,EN,Towers with Radar,60,191,62,30,343,0,0,0,0,0,60,191,62,30,343,12,30,42,385
12/20/2005,RIC,VA,AEA,EN,Towers with Radar,75,168,43,21,307,0,0,0,0,0,75,168,43,21,307,0,28,28,335
12/21/2005,RIC,VA,AEA,EN,Towers with Radar,79,192,61,19,351,0,0,20,0,20,79,192,81,19,371,0,42,42,413
12/22/2005,RIC,VA,AEA,EN,Towers with Radar,103,186,56,26,371,0,0,0,0,0,103,186,56,26,371,0,34,34,405
12/23/2005,RIC,VA,AEA,EN,Towers with Radar,78,190,31,14,313,0,0,0,0,0,78,190,31,14,313,0,0,0,313
12/24/2005,RIC,VA,AEA,EN,Towers with Radar,55,124,20,0,199,0,0,0,0,0,55,124,20,0,199,0,0,0,199
12/25/2005,RIC,VA,AEA,EN,Towers with Radar,42,114,11,0,167,0,0,0,0,0,42,114,11,0,167,0,0,0,167
12/26/2005,RIC,VA,AEA,EN,Towers with Radar,64,158,23,0,245,0,0,0,0,0,64,158,23,0,245,0,0,0,245
12/27/2005,RIC,VA,AEA,EN,Towers with Radar,55,164,30,23,272,0,0,0,0,0,55,164,30,23,272,6,14,20,292
12/28/2005,RIC,VA,AEA,EN,Towers with Radar,62,173,26,26,287,0,0,0,0,0,62,173,26,26,287,8,30,38,325
12/29/2005,RIC,VA,AEA,EN,Towers with Radar,72,191,28,22,313,0,0,0,0,0,72,191,28,22,313,14,0,14,327
12/30/2005,RIC,VA,AEA,EN,Towers with Radar,68,201,31,17,317,0,0,0,0,0,68,201,31,17,317,2,18,20,337
12/31/2005,RIC,VA,AEA,EN,Towers with Radar,43,126,10,0,179,0,0,0,0,0,43,126,10,0,179,0,0,0,179
01/01/2006,RIC,VA,AEA,EN,Towers with Radar,46,122,18,0,186,0,0,0,0,0,46,122,18,0,186,2,0,2,188
01/02/2006,RIC,VA,AEA,EN,Towers with Radar,52,159,0,0,211,0,0,21,2,23,52,159,21,2,234,0,0,0,234
01/03/2006,RIC,VA,AEA,EN,Towers with Radar,71,183,58,4,316,0,0,0,0,0,71,183,58,4,316,0,0,0,316
01/04/2006,RIC,VA,AEA,EN,Towers with Radar,72,200,68,49,389,0,0,0,0,0,72,200,68,49,389,0,0,0,389
01/05/2006,RIC,VA,AEA,EN,Towers with Radar,68,164,48,50,330,0,0,0,0,0,68,164,48,50,330,5,19,24,354
01/06/2006,RIC,VA,AEA,EN,Towers with Radar,82,180,34,23,319,0,0,0,0,0,82,180,34,23,319,30,2,32,351
01/07/2006,RIC,VA,AEA,EN,Towers with Radar,45,116,26,22,209,0,0,0,0,0,45,116,26,22,209,2,40,42,251
01/08/2006,RIC,VA,AEA,EN,Towers with Radar,54,136,36,14,240,0,0,0,0,0,54,136,36,14,240,0,0,0,240
01/09/2006,RIC,VA,AEA,EN,Towers with Radar,59,163,55,9,286,0,0,0,0,0,59,163,55,9,286,2,14,16,302
01/10/2006,RIC,VA,AEA,EN,Towers with Radar,69,175,56,25,325,0,0,0,0,0,69,175,56,25,325,12,6,18,343
01/11/2006,RIC,VA,AEA,EN,Towers with Radar,73,177,53,12,315,0,0,0,0,0,73,177,53,12,315,0,0,0,315
01/12/2006,RIC,VA,AEA,EN,Towers with Radar,81,215,81,48,425,0,0,0,0,0,81,215,81,48,425,0,2,2,427
01/13/2006,RIC,VA,AEA,EN,Towers with Radar,84,225,66,29,404,0,0,0,0,0,84,225,66,29,404,12,0,12,416
01/14/2006,RIC,VA,AEA,EN,Towers with Radar,53,136,27,14,230,0,0,0,0,0,53,136,27,14,230,0,6,6,236
01/15/2006,RIC,VA,AEA,EN,Towers with Radar,47,134,27,0,208,0,0,0,0,0,47,134,27,0,208,0,0,0,208
01/16/2006,RIC,VA,AEA,EN,Towers with Radar,60,169,54,0,283,0,0,0,0,0,60,169,54,0,283,0,4,4,287
01/17/2006,RIC,VA,AEA,EN,Towers with Radar,63,185,65,19,332,0,0,0,0,0,63,185,65,19,332,24,16,40,372
01/18/2006,RIC,VA,AEA,EN,Towers with Radar,69,203,55,2,329,0,0,0,0,0,69,203,55,2,329,0,0,0,329
01/19/2006,RIC,VA,AEA,EN,Towers with Radar,78,194,77,23,372,0,0,0,0,0,78,194,77,23,372,4,16,20,392
01/20/2006,RIC,VA,AEA,EN,Towers with Radar,73,187,79,17,356,0,0,0,0,0,73,187,79,17,356,2,6,8,364
01/21/2006,RIC,VA,AEA,EN,Towers with Radar,52,113,29,2,196,0,0,0,0,0,52,113,29,2,196,0,0,0,196
01/22/2006,RIC,VA,AEA,EN,Towers with Radar,39,149,42,0,230,0,0,0,0,0,39,149,42,0,230,8,0,8,238
01/23/2006,RIC,VA,AEA,EN,Towers with Radar,58,168,53,17,296,0,0,0,0,0,58,168,53,17,296,0,0,0,296
01/24/2006,RIC,VA,AEA,EN,Towers with Radar,81,170,72,40,363,0,0,4,0,4,81,170,76,40,367,24,20,44,411
01/25/2006,RIC,VA,AEA,EN,Towers with Radar,68,166,72,27,333,0,0,0,0,0,68,166,72,27,333,0,32,32,365
01/26/2006,RIC,VA,AEA,EN,Towers with Radar,69,168,80,34,351,0,0,0,0,0,69,168,80,34,351,0,51,51,402
01/27/2006,RIC,VA,AEA,EN,Towers with Radar,69,168,77,15,329,0,0,0,0,0,69,168,77,15,329,0,12,12,341
01/28/2006,RIC,VA,AEA,EN,Towers with Radar,45,117,14,2,178,0,0,0,0,0,45,117,14,2,178,0,6,6,184
01/29/2006,RIC,VA,AEA,EN,Towers with Radar,44,136,26,0,206,0,0,0,0,0,44,136,26,0,206,6,0,6,212
01/30/2006,RIC,VA,AEA,EN,Towers with Radar,69,181,61,6,317,0,0,0,0,0,69,181,61,6,317,10,8,18,335
01/31/2006,RIC,VA,AEA,EN,Towers with Radar,77,174,70,20,341,0,0,0,0,0,77,174,70,20,341,0,6,6,347
02/01/2006,RIC,VA,AEA,EN,Towers with Radar,71,179,60,40,350,0,0,0,0,0,71,179,60,40,350,2,52,54,404
02/02/2006,RIC,VA,AEA,EN,Towers with Radar,62,179,59,28,328,0,0,0,0,0,62,179,59,28,328,4,17,21,349
02/03/2006,RIC,VA,AEA,EN,Towers with Radar,72,179,61,21,333,0,0,0,0,0,72,179,61,21,333,6,16,22,355
02/04/2006,RIC,VA,AEA,EN,Towers with Radar,44,119,26,0,189,0,0,0,0,0,44,119,26,0,189,0,0,0,189
02/05/2006,RIC,VA,AEA,EN,Towers with Radar,46,135,22,17,220,0,0,0,0,0,46,135,22,17,220,0,6,6,226
02/06/2006,RIC,VA,AEA,EN,Towers with Radar,46,166,44,15,271,0,0,0,0,0,46,166,44,15,271,4,7,11,282
02/07/2006,RIC,VA,AEA,EN,Towers with Radar,70,188,52,36,346,0,0,0,0,0,70,188,52,36,346,0,15,15,361
02/08/2006,RIC,VA,AEA,EN,Towers with Radar,71,175,74,20,340,0,0,0,0,0,71,175,74,20,340,0,41,41,381
02/09/2006,RIC,VA,AEA,EN,Towers with Radar,79,184,73,62,398,0,0,0,0,0,79,184,73,62,398,4,45,49,447
02/10/2006,RIC,VA,AEA,EN,Towers with Radar,73,189,93,17,372,0,0,0,0,0,73,189,93,17,372,0,24,24,396
02/11/2006,RIC,VA,AEA,EN,Towers with Radar,44,119,12,6,181,0,0,0,0,0,44,119,12,6,181,0,0,0,181
02/12/2006,RIC,VA,AEA,EN,Towers with Radar,47,106,19,0,172,0,0,0,0,0,47,106,19,0,172,0,0,0,172
02/13/2006,RIC,VA,AEA,EN,Towers with Radar,60,147,48,35,290,0,0,0,0,0,60,147,48,35,290,0,6,6,296
02/14/2006,RIC,VA,AEA,EN,Towers with Radar,73,162,71,20,326,0,0,0,0,0,73,162,71,20,326,4,47,51,377
02/15/2006,RIC,VA,AEA,EN,Towers with Radar,57,181,58,46,342,0,0,0,0,0,57,181,58,46,342,0,64,64,406
02/16/2006,RIC,VA,AEA,EN,Towers with Radar,65,160,81,28,334,0,0,0,0,0,65,160,81,28,334,0,6,6,340
02/17/2006,RIC,VA,AEA,EN,Towers with Radar,80,161,65,31,337,0,0,0,0,0,80,161,65,31,337,0,9,9,346
02/18/2006,RIC,VA,AEA,EN,Towers with Radar,45,139,21,5,210,0,0,0,0,0,45,139,21,5,210,0,0,0,210
02/19/2006,RIC,VA,AEA,EN,Towers with Radar,61,115,31,2,209,0,0,0,0,0,61,115,31,2,209,6,4,10,219
02/20/2006,RIC,VA,AEA,EN,Towers with Radar,69,159,64,3,295,0,0,0,0,0,69,159,64,3,295,9,0,9,304
02/21/2006,RIC,VA,AEA,EN,Towers with Radar,69,172,74,31,346,0,0,0,0,0,69,172,74,31,346,0,52,52,398
02/22/2006,RIC,VA,AEA,EN,Towers with Radar,71,184,78,9,342,0,0,0,0,0,71,184,78,9,342,0,0,0,342
02/23/2006,RIC,VA,AEA,EN,Towers with Radar,65,190,88,30,373,0,0,0,0,0,65,190,88,30,373,4,12,16,389
02/24/2006,RIC,VA,AEA,EN,Towers with Radar,66,174,63,32,335,0,0,0,0,0,66,174,63,32,335,0,4,4,339
02/25/2006,RIC,VA,AEA,EN,Towers with Radar,55,122,25,9,211,0,0,0,0,0,55,122,25,9,211,4,0,4,215
02/26/2006,RIC,VA,AEA,EN,Towers with Radar,55,124,34,8,221,0,0,0,0,0,55,124,34,8,221,0,0,0,221
02/27/2006,RIC,VA,AEA,EN,Towers with Radar,52,170,58,6,286,0,0,0,0,0,52,170,58,6,286,0,3,3,289
02/28/2006,RIC,VA,AEA,EN,Towers with Radar,56,168,53,37,314,0,0,0,0,0,56,168,53,37,314,48,14,62,376
03/01/2006,RIC,VA,AEA,EN,Towers with Radar,55,178,61,20,314,0,0,0,0,0,55,178,61,20,314,61,58,119,433
03/02/2006,RIC,VA,AEA,EN,Towers with Radar,56,166,57,18,297,0,0,0,0,0,56,166,57,18,297,0,0,0,297
03/03/2006,RIC,VA,AEA,EN,Towers with Radar,61,190,57,20,328,0,0,0,0,0,61,190,57,20,328,2,38,40,368
03/04/2006,RIC,VA,AEA,EN,Towers with Radar,49,127,35,2,213,0,0,0,0,0,49,127,35,2,213,6,0,6,219
03/05/2006,RIC,VA,AEA,EN,Towers with Radar,43,131,35,16,225,0,0,0,0,0,43,131,35,16,225,0,20,20,245
03/06/2006,RIC,VA,AEA,EN,Towers with Radar,49,156,46,17,268,0,0,0,0,0,49,156,46,17,268,0,12,12,280
03/07/2006,RIC,VA,AEA,EN,Towers with Radar,66,173,54,13,306,0,0,0,0,0,66,173,54,13,306,3,7,10,316
03/08/2006,RIC,VA,AEA,EN,Towers with Radar,62,190,69,16,337,0,0,0,0,0,62,190,69,16,337,18,27,45,382
03/09/2006,RIC,VA,AEA,EN,Towers with Radar,64,180,94,15,353,0,0,0,0,0,64,180,94,15,353,10,12,22,375
03/10/2006,RIC,VA,AEA,EN,Towers with Radar,70,187,71,17,345,0,0,0,0,0,70,187,71,17,345,0,3,3,348
03/11/2006,RIC,VA,AEA,EN,Towers with Radar,54,130,48,6,238,0,0,0,0,0,54,130,48,6,238,0,0,0,238
03/12/2006,RIC,VA,AEA,EN,Towers with Radar,45,129,38,5,217,0,0,0,0,0,45,129,38,5,217,14,0,14,231
03/13/2006,RIC,VA,AEA,EN,Towers with Radar,46,180,50,1,277,0,0,0,0,0,46,180,50,1,277,2,0,2,279
03/14/2006,RIC,VA,AEA,EN,Towers with Radar,70,200,61,20,351,0,0,0,0,0,70,200,61,20,351,2,5,7,358
03/15/2006,RIC,VA,AEA,EN,Towers with Radar,71,209,65,25,370,0,0,0,0,0,71,209,65,25,370,0,66,66,436
03/16/2006,RIC,VA,AEA,EN,Towers with Radar,75,224,86,51,436,0,0,0,0,0,75,224,86,51,436,0,36,36,472
03/17/2006,RIC,VA,AEA,EN,Towers with Radar,65,198,77,33,373,0,0,0,0,0,65,198,77,33,373,0,2,2,375
03/18/2006,RIC,VA,AEA,EN,Towers with Radar,44,133,19,3,199,0,0,0,0,0,44,133,19,3,199,2,2,4,203
03/19/2006,RIC,VA,AEA,EN,Towers with Radar,48,135,56,0,239,0,0,0,0,0,48,135,56,0,239,0,0,0,239
03/20/2006,RIC,VA,AEA,EN,Towers with Radar,58,176,53,18,305,0,0,0,0,0,58,176,53,18,305,12,17,29,334
03/21/2006,RIC,VA,AEA,EN,Towers with Radar,65,192,58,9,324,0,0,0,0,0,65,192,58,9,324,0,0,0,324
03/22/2006,RIC,VA,AEA,EN,Towers with Radar,77,209,82,54,422,0,0,0,0,0,77,209,82,54,422,4,42,46,468
03/23/2006,RIC,VA,AEA,EN,Towers with Radar,69,185,85,40,379,0,0,0,0,0,69,185,85,40,379,1,9,10,389
03/24/2006,RIC,VA,AEA,EN,Towers with Radar,70,200,71,31,372,0,0,0,0,0,70,200,71,31,372,11,36,47,419
03/25/2006,RIC,VA,AEA,EN,Towers with Radar,43,132,56,1,232,0,0,0,0,0,43,132,56,1,232,16,0,16,248
03/26/2006,RIC,VA,AEA,EN,Towers with Radar,48,145,42,24,259,0,0,0,0,0,48,145,42,24,259,0,20,20,279
03/27/2006,RIC,VA,AEA,EN,Towers with Radar,49,173,63,35,320,0,0,0,0,0,49,173,63,35,320,4,14,18,338
03/28/2006,RIC,VA,AEA,EN,Towers with Radar,62,175,96,31,364,0,0,0,0,0,62,175,96,31,364,0,16,16,380
03/29/2006,RIC,VA,AEA,EN,Towers with Radar,62,200,105,34,401,0,0,0,0,0,62,200,105,34,401,0,20,20,421
03/30/2006,RIC,VA,AEA,EN,Towers with Radar,65,182,86,23,356,0,0,0,0,0,65,182,86,23,356,6,12,18,374
03/31/2006,RIC,VA,AEA,EN,Towers with Radar,84,195,86,45,410,0,0,0,0,0,84,195,86,45,410,0,10,10,420
04/01/2006,RIC,VA,AEA,EN,Towers with Radar,53,146,26,30,255,0,0,0,0,0,53,146,26,30,255,12,12,24,279
04/02/2006,RIC,VA,AEA,EN,Towers with Radar,58,142,56,26,282,0,0,0,0,0,58,142,56,26,282,8,8,16,298
04/03/2006,RIC,VA,AEA,EN,Towers with Radar,63,162,56,0,281,0,0,0,0,0,63,162,56,0,281,0,0,0,281
04/04/2006,RIC,VA,AEA,EN,Towers with Radar,71,192,72,45,380,0,0,0,0,0,71,192,72,45,380,0,30,30,410
04/05/2006,RIC,VA,AEA,EN,Towers with Radar,69,201,80,15,365,0,0,0,0,0,69,201,80,15,365,0,24,24,389
04/06/2006,RIC,VA,AEA,EN,Towers with Radar,72,192,49,34,347,0,0,0,0,0,72,192,49,34,347,8,33,41,388
04/07/2006,RIC,VA,AEA,EN,Towers with Radar,69,184,75,20,348,0,0,0,0,0,69,184,75,20,348,2,44,46,394
04/08/2006,RIC,VA,AEA,EN,Towers with Radar,65,165,40,2,272,0,0,0,0,0,65,165,40,2,272,0,4,4,276
04/09/2006,RIC,VA,AEA,EN,Towers with Radar,63,151,37,6,257,0,0,0,0,0,63,151,37,6,257,0,0,0,257
04/10/2006,RIC,VA,AEA,EN,Towers with Radar,52,179,56,13,300,0,0,0,0,0,52,179,56,13,300,3,6,9,309
04/11/2006,RIC,VA,AEA,EN,Towers with Radar,73,170,99,15,357,0,0,0,0,0,73,170,99,15,357,1,12,13,370
04/12/2006,RIC,VA,AEA,EN,Towers with Radar,73,188,86,31,378,0,0,0,0,0,73,188,86,31,378,5,48,53,431
04/13/2006,RIC,VA,AEA,EN,Towers with Radar,69,186,118,26,399,0,0,0,0,0,69,186,118,26,399,0,14,14,413
04/14/2006,RIC,VA,AEA,EN,Towers with Radar,84,193,54,4,335,0,0,0,0,0,84,193,54,4,335,0,4,4,339
04/15/2006,RIC,VA,AEA,EN,Towers with Radar,64,125,42,15,246,0,0,0,0,0,64,125,42,15,246,4,10,14,260
04/16/2006,RIC,VA,AEA,EN,Towers with Radar,62,146,38,1,247,0,0,0,0,0,62,146,38,1,247,0,0,0,247
04/17/2006,RIC,VA,AEA,EN,Towers with Radar,61,179,76,2,318,0,0,0,0,0,61,179,76,2,318,0,0,0,318
04/18/2006,RIC,VA,AEA,EN,Towers with Radar,79,188,84,27,378,0,0,0,0,0,79,188,84,27,378,4,14,18,396
04/19/2006,RIC,VA,AEA,EN,Towers with Radar,71,205,106,15,397,0,0,0,0,0,71,205,106,15,397,0,18,18,415
04/20/2006,RIC,VA,AEA,EN,Towers with Radar,80,199,74,33,386,0,0,0,0,0,80,199,74,33,386,26,10,36,422
04/21/2006,RIC,VA,AEA,EN,Towers with Radar,80,174,77,25,356,0,0,0,0,0,80,174,77,25,356,0,21,21,377
04/22/2006,RIC,VA,AEA,EN,Towers with Radar,71,169,20,0,260,0,0,0,0,0,71,169,20,0,260,0,0,0,260
04/23/2006,RIC,VA,AEA,EN,Towers with Radar,61,146,54,18,279,0,0,0,0,0,61,146,54,18,279,0,0,0,279
04/24/2006,RIC,VA,AEA,EN,Towers with Radar,64,172,62,13,311,0,0,0,0,0,64,172,62,13,311,12,0,12,323
04/25/2006,RIC,VA,AEA,EN,Towers with Radar,70,190,60,41,361,0,0,0,0,0,70,190,60,41,361,0,28,28,389
04/26/2006,RIC,VA,AEA,EN,Towers with Radar,78,194,68,46,386,0,0,0,0,0,78,194,68,46,386,24,56,80,466
04/27/2006,RIC,VA,AEA,EN,Towers with Radar,84,214,76,35,409,0,0,0,0,0,84,214,76,35,409,7,22,29,438
04/28/2006,RIC,VA,AEA,EN,Towers with Radar,79,197,78,33,387,0,0,0,0,0,79,197,78,33,387,3,55,58,445
04/29/2006,RIC,VA,AEA,EN,Towers with Radar,64,122,24,1,211,0,0,0,0,0,64,122,24,1,211,0,0,0,211
04/30/2006,RIC,VA,AEA,EN,Towers with Radar,54,143,43,1,241,0,0,0,0,0,54,143,43,1,241,10,0,10,251
05/01/2006,RIC,VA,AEA,EN,Towers with Radar,61,173,41,10,285,0,0,0,0,0,61,173,41,10,285,6,2,8,293
05/02/2006,RIC,VA,AEA,EN,Towers with Radar,69,178,65,33,345,0,0,0,0,0,69,178,65,33,345,3,6,9,354
05/03/2006,RIC,VA,AEA,EN,Towers with Radar,73,194,62,25,354,0,0,0,0,0,73,194,62,25,354,2,0,2,356
05/04/2006,RIC,VA,AEA,EN,Towers with Radar,79,193,154,30,456,0,0,0,0,0,79,193,154,30,456,6,18,24,480
05/05/2006,RIC,VA,AEA,EN,Towers with Radar,72,188,140,22,422,0,0,0,0,0,72,188,140,22,422,11,2,13,435
05/06/2006,RIC,VA,AEA,EN,Towers with Radar,65,141,110,8,324,0,0,0,0,0,65,141,110,8,324,0,0,0,324
05/07/2006,RIC,VA,AEA,EN,Towers with Radar,57,141,130,10,338,0,0,0,0,0,57,141,130,10,338,20,0,20,358
05/08/2006,RIC,VA,AEA,EN,Towers with Radar,59,182,84,11,336,0,0,0,0,0,59,182,84,11,336,0,0,0,336
05/09/2006,RIC,VA,AEA,EN,Towers with Radar,81,183,81,23,368,0,0,0,0,0,81,183,81,23,368,1,26,27,395
05/10/2006,RIC,VA,AEA,EN,Towers with Radar,78,208,82,19,387,0,0,0,0,0,78,208,82,19,387,24,10,34,421
05/11/2006,RIC,VA,AEA,EN,Towers with Radar,100,201,54,48,403,0,0,0,0,0,100,201,54,48,403,2,6,8,411
05/12/2006,RIC,VA,AEA,EN,Towers with Radar,75,199,92,20,386,0,0,0,0,0,75,199,92,20,386,0,10,10,396
05/13/2006,RIC,VA,AEA,EN,Towers with Radar,74,137,35,1,247,0,0,0,0,0,74,137,35,1,247,0,12,12,259
05/14/2006,RIC,VA,AEA,EN,Towers with Radar,60,124,39,2,225,0,0,0,0,0,60,124,39,2,225,0,0,0,225
05/15/2006,RIC,VA,AEA,EN,Towers with Radar,62,168,62,10,302,0,0,0,0,0,62,168,62,10,302,19,0,19,321
05/16/2006,RIC,VA,AEA,EN,Towers with Radar,81,194,61,35,371,0,0,0,0,0,81,194,61,35,371,1,20,21,392
05/17/2006,RIC,VA,AEA,EN,Towers with Radar,88,196,67,24,375,0,0,0,0,0,88,196,67,24,375,8,0,8,383
05/18/2006,RIC,VA,AEA,EN,Towers with Radar,85,213,80,22,400,0,0,0,0,0,85,213,80,22,400,8,2,10,410
05/19/2006,RIC,VA,AEA,EN,Towers with Radar,70,172,70,13,325,0,0,0,0,0,70,172,70,13,325,0,0,0,325
05/20/2006,RIC,VA,AEA,EN,Towers with Radar,67,136,63,34,300,0,0,0,0,0,67,136,63,34,300,0,0,0,300
05/21/2006,RIC,VA,AEA,EN,Towers with Radar,72,152,37,31,292,0,0,0,0,0,72,152,37,31,292,0,8,8,300
05/22/2006,RIC,VA,AEA,EN,Towers with Radar,63,158,48,1,270,0,0,0,0,0,63,158,48,1,270,2,0,2,272
05/23/2006,RIC,VA,AEA,EN,Towers with Radar,78,175,75,0,328,0,0,0,0,0,78,175,75,0,328,2,15,17,345
05/24/2006,RIC,VA,AEA,EN,Towers with Radar,98,195,87,40,420,0,0,0,0,0,98,195,87,40,420,6,53,59,479
05/25/2006,RIC,VA,AEA,EN,Towers with Radar,86,205,79,27,397,0,0,0,0,0,86,205,79,27,397,0,36,36,433
05/26/2006,RIC,VA,AEA,EN,Towers with Radar,75,181,61,8,325,0,0,0,0,0,75,181,61,8,325,4,2,6,331
05/27/2006,RIC,VA,AEA,EN,Towers with Radar,70,136,15,1,222,0,0,0,0,0,70,136,15,1,222,0,0,0,222
05/28/2006,RIC,VA,AEA,EN,Towers with Radar,55,113,33,0,201,0,0,0,0,0,55,113,33,0,201,0,0,0,201
05/29/2006,RIC,VA,AEA,EN,Towers with Radar,61,137,31,2,231,0,0,0,0,0,61,137,31,2,231,10,0,10,241
05/30/2006,RIC,VA,AEA,EN,Towers with Radar,65,156,70,3,294,0,0,0,0,0,65,156,70,3,294,0,0,0,294
05/31/2006,RIC,VA,AEA,EN,Towers with Radar,78,208,60,30,376,0,0,0,0,0,78,208,60,30,376,0,12,12,388
06/01/2006,RIC,VA,AEA,EN,Towers with Radar,75,200,66,23,364,0,0,0,0,0,75,200,66,23,364,10,20,30,394
06/02/2006,RIC,VA,AEA,EN,Towers with Radar,89,215,77,20,401,0,0,0,0,0,89,215,77,20,401,0,0,0,401
06/03/2006,RIC,VA,AEA,EN,Towers with Radar,63,129,46,5,243,0,0,0,0,0,63,129,46,5,243,21,0,21,264
06/04/2006,RIC,VA,AEA,EN,Towers with Radar,71,153,36,16,276,0,0,0,0,0,71,153,36,16,276,6,14,20,296
06/05/2006,RIC,VA,AEA,EN,Towers with Radar,63,167,51,8,289,0,0,0,0,0,63,167,51,8,289,4,9,13,302
06/06/2006,RIC,VA,AEA,EN,Towers with Radar,84,185,59,36,364,0,0,0,0,0,84,185,59,36,364,0,12,12,376
06/07/2006,RIC,VA,AEA,EN,Towers with Radar,82,170,69,21,342,0,0,0,0,0,82,170,69,21,342,4,21,25,367
06/08/2006,RIC,VA,AEA,EN,Towers with Radar,78,203,69,23,373,0,0,0,0,0,78,203,69,23,373,17,0,17,390
06/09/2006,RIC,VA,AEA,EN,Towers with Radar,99,211,56,18,384,0,0,0,0,0,99,211,56,18,384,12,0,12,396
06/10/2006,RIC,VA,AEA,EN,Towers with Radar,67,135,39,2,243,0,0,0,0,0,67,135,39,2,243,24,0,24,267
06/11/2006,RIC,VA,AEA,EN,Towers with Radar,61,142,52,1,256,0,0,0,0,0,61,142,52,1,256,10,0,10,266
06/12/2006,RIC,VA,AEA,EN,Towers with Radar,63,162,75,6,306,0,0,0,0,0,63,162,75,6,306,0,2,2,308
06/13/2006,RIC,VA,AEA,EN,Towers with Radar,75,195,85,24,379,0,0,0,0,0,75,195,85,24,379,24,2,26,405
06/14/2006,RIC,VA,AEA,EN,Towers with Radar,76,198,56,13,343,0,0,0,0,0,76,198,56,13,343,0,0,0,343
06/15/2006,RIC,VA,AEA,EN,Towers with Radar,81,195,71,56,403,0,0,0,0,0,81,195,71,56,403,0,0,0,403
06/16/2006,RIC,VA,AEA,EN,Towers with Radar,82,196,51,21,350,0,0,0,0,0,82,196,51,21,350,0,9,9,359
06/17/2006,RIC,VA,AEA,EN,Towers with Radar,75,136,38,18,267,0,0,0,0,0,75,136,38,18,267,0,0,0,267
06/18/2006,RIC,VA,AEA,EN,Towers with Radar,59,148,31,0,238,0,0,0,0,0,59,148,31,0,238,0,0,0,238
06/19/2006,RIC,VA,AEA,EN,Towers with Radar,81,177,67,15,340,0,0,0,0,0,81,177,67,15,340,4,0,4,344
06/20/2006,RIC,VA,AEA,EN,Towers with Radar,85,205,82,22,394,0,0,0,0,0,85,205,82,22,394,18,34,52,446
06/21/2006,RIC,VA,AEA,EN,Towers with Radar,77,196,78,39,390,0,0,0,0,0,77,196,78,39,390,24,13,37,427
06/22/2006,RIC,VA,AEA,EN,Towers with Radar,87,193,73,21,374,0,0,0,0,0,87,193,73,21,374,18,13,31,405
06/23/2006,RIC,VA,AEA,EN,Towers with Radar,76,177,93,22,368,0,0,0,0,0,76,177,93,22,368,1,7,8,376
06/24/2006,RIC,VA,AEA,EN,Towers with Radar,61,136,48,6,251,0,0,0,0,0,61,136,48,6,251,0,0,0,251
06/25/2006,RIC,VA,AEA,EN,Towers with Radar,60,151,60,2,273,0,0,0,0,0,60,151,60,2,273,0,0,0,273
06/26/2006,RIC,VA,AEA,EN,Towers with Radar,74,162,47,0,283,0,0,0,0,0,74,162,47,0,283,0,0,0,283
06/27/2006,RIC,VA,AEA,EN,Towers with Radar,77,179,59,0,315,0,0,0,0,0,77,179,59,0,315,0,0,0,315
06/28/2006,RIC,VA,AEA,EN,Towers with Radar,95,204,95,41,435,0,0,0,0,0,95,204,95,41,435,5,19,24,459
06/29/2006,RIC,VA,AEA,EN,Towers with Radar,82,192,86,27,387,0,0,0,0,0,82,192,86,27,387,7,24,31,418
06/30/2006,RIC,VA,AEA,EN,Towers with Radar,93,182,77,14,366,0,0,0,0,0,93,182,77,14,366,1,0,1,367
07/01/2006,RIC,VA,AEA,EN,Towers with Radar,72,132,33,5,242,0,0,0,0,0,72,132,33,5,242,0,0,0,242
07/02/2006,RIC,VA,AEA,EN,Towers with Radar,72,147,22,0,241,0,0,0,0,0,72,147,22,0,241,6,0,6,247
07/03/2006,RIC,VA,AEA,EN,Towers with Radar,79,164,14,5,262,0,0,0,0,0,79,164,14,5,262,13,0,13,275
07/04/2006,RIC,VA,AEA,EN,Towers with Radar,74,143,31,0,248,0,0,0,0,0,74,143,31,0,248,10,0,10,258
07/05/2006,RIC,VA,AEA,EN,Towers with Radar,78,175,50,26,329,0,0,0,0,0,78,175,50,26,329,2,21,23,352
07/06/2006,RIC,VA,AEA,EN,Towers with Radar,80,190,78,14,362,0,0,0,0,0,80,190,78,14,362,5,0,5,367
07/07/2006,RIC,VA,AEA,EN,Towers with Radar,72,178,42,29,321,0,0,0,0,0,72,178,42,29,321,20,23,43,364
07/08/2006,RIC,VA,AEA,EN,Towers with Radar,65,147,34,5,251,0,0,0,0,0,65,147,34,5,251,0,10,10,261
07/09/2006,RIC,VA,AEA,EN,Towers with Radar,66,149,52,13,280,0,0,0,0,0,66,149,52,13,280,1,16,17,297
07/10/2006,RIC,VA,AEA,EN,Towers with Radar,67,174,49,11,301,0,0,0,0,0,67,174,49,11,301,5,2,7,308
07/11/2006,RIC,VA,AEA,EN,Towers with Radar,79,195,79,11,364,0,0,0,0,0,79,195,79,11,364,19,21,40,404
07/12/2006,RIC,VA,AEA,EN,Towers with Radar,96,197,67,18,378,0,0,0,0,0,96,197,67,18,378,2,24,26,404
07/13/2006,RIC,VA,AEA,EN,Towers with Radar,81,194,86,23,384,0,0,0,0,0,81,194,86,23,384,8,43,51,435
07/14/2006,RIC,VA,AEA,EN,Towers with Radar,88,178,56,21,343,0,0,0,0,0,88,178,56,21,343,0,0,0,343
07/15/2006,RIC,VA,AEA,EN,Towers with Radar,71,157,42,5,275,0,0,0,0,0,71,157,42,5,275,7,0,7,282
07/16/2006,RIC,VA,AEA,EN,Towers with Radar,64,162,59,4,289,0,0,0,0,0,64,162,59,4,289,7,0,7,296
07/17/2006,RIC,VA,AEA,EN,Towers with Radar,74,197,70,0,341,0,0,0,0,0,74,197,70,0,341,42,0,42,383
07/18/2006,RIC,VA,AEA,EN,Towers with Radar,88,194,64,26,372,0,0,0,0,0,88,194,64,26,372,15,29,44,416
07/19/2006,RIC,VA,AEA,EN,Towers with Radar,93,206,67,22,388,0,0,0,0,0,93,206,67,22,388,13,10,23,411
07/20/2006,RIC,VA,AEA,EN,Towers with Radar,70,172,78,40,360,0,0,0,0,0,70,172,78,40,360,16,20,36,396
07/21/2006,RIC,VA,AEA,EN,Towers with Radar,96,195,67,19,377,0,0,0,0,0,96,195,67,19,377,20,15,35,412
07/22/2006,RIC,VA,AEA,EN,Towers with Radar,75,150,26,4,255,0,0,0,0,0,75,150,26,4,255,8,6,14,269
07/23/2006,RIC,VA,AEA,EN,Towers with Radar,84,163,66,4,317,0,0,0,0,0,84,163,66,4,317,6,0,6,323
07/24/2006,RIC,VA,AEA,EN,Towers with Radar,69,188,68,13,338,0,0,0,0,0,69,188,68,13,338,22,6,28,366
07/25/2006,RIC,VA,AEA,EN,Towers with Radar,80,183,60,9,332,0,0,0,0,0,80,183,60,9,332,6,8,14,346
07/26/2006,RIC,VA,AEA,EN,Towers with Radar,71,192,73,22,358,0,0,0,0,0,71,192,73,22,358,0,20,20,378
07/27/2006,RIC,VA,AEA,EN,Towers with Radar,74,184,55,22,335,0,0,0,0,0,74,184,55,22,335,1,13,14,349
07/28/2006,RIC,VA,AEA,EN,Towers with Radar,83,185,62,41,371,0,0,0,0,0,83,185,62,41,371,5,30,35,406
07/29/2006,RIC,VA,AEA,EN,Towers with Radar,60,132,32,5,229,0,0,0,0,0,60,132,32,5,229,2,0,2,231
07/30/2006,RIC,VA,AEA,EN,Towers with Radar,61,148,27,9,245,0,0,0,0,0,61,148,27,9,245,18,8,26,271
07/31/2006,RIC,VA,AEA,EN,Towers with Radar,62,174,42,14,292,0,0,0,0,0,62,174,42,14,292,0,6,6,298
08/01/2006,RIC,VA,AEA,EN,Towers with Radar,76,188,40,15,319,0,0,0,0,0,76,188,40,15,319,0,10,10,329
08/02/2006,RIC,VA,AEA,EN,Towers with Radar,71,212,54,16,353,0,0,0,0,0,71,212,54,16,353,1,3,4,357
08/03/2006,RIC,VA,AEA,EN,Towers with Radar,88,194,58,15,355,0,0,0,0,0,88,194,58,15,355,0,0,0,355
08/04/2006,RIC,VA,AEA,EN,Towers with Radar,85,176,49,3,313,0,0,0,0,0,85,176,49,3,313,4,0,4,317
08/05/2006,RIC,VA,AEA,EN,Towers with Radar,73,150,25,0,248,0,0,0,0,0,73,150,25,0,248,0,0,0,248
08/06/2006,RIC,VA,AEA,EN,Towers with Radar,56,145,22,2,225,0,0,0,0,0,56,145,22,2,225,0,0,0,225
08/07/2006,RIC,VA,AEA,EN,Towers with Radar,75,171,65,8,319,0,0,0,0,0,75,171,65,8,319,5,0,5,324
08/08/2006,RIC,VA,AEA,EN,Towers with Radar,93,201,58,6,358,0,0,0,0,0,93,201,58,6,358,5,3,8,366
08/09/2006,RIC,VA,AEA,EN,Towers with Radar,82,202,64,17,365,0,0,0,0,0,82,202,64,17,365,3,0,3,368
08/10/2006,RIC,VA,AEA,EN,Towers with Radar,77,195,73,22,367,0,0,0,0,0,77,195,73,22,367,3,26,29,396
08/11/2006,RIC,VA,AEA,EN,Towers with Radar,83,200,76,3,362,0,0,0,0,0,83,200,76,3,362,5,4,9,371
08/12/2006,RIC,VA,AEA,EN,Towers with Radar,66,140,38,3,247,0,0,0,0,0,66,140,38,3,247,20,4,24,271
08/13/2006,RIC,VA,AEA,EN,Towers with Radar,68,138,37,3,246,0,0,0,0,0,68,138,37,3,246,12,0,12,258
08/14/2006,RIC,VA,AEA,EN,Towers with Radar,70,196,61,17,344,0,0,0,0,0,70,196,61,17,344,13,4,17,361
08/15/2006,RIC,VA,AEA,EN,Towers with Radar,87,195,76,8,366,0,0,0,0,0,87,195,76,8,366,8,6,14,380
08/16/2006,RIC,VA,AEA,EN,Towers with Radar,86,204,74,31,395,0,0,0,0,0,86,204,74,31,395,14,17,31,426
08/17/2006,RIC,VA,AEA,EN,Towers with Radar,80,189,74,18,361,0,0,0,0,0,80,189,74,18,361,5,58,63,424
08/18/2006,RIC,VA,AEA,EN,Towers with Radar,84,186,77,8,355,0,0,0,0,0,84,186,77,8,355,0,12,12,367
08/19/2006,RIC,VA,AEA,EN,Towers with Radar,57,128,20,2,207,0,0,0,0,0,57,128,20,2,207,6,2,8,215
08/20/2006,RIC,VA,AEA,EN,Towers with Radar,60,147,37,0,244,0,0,0,0,0,60,147,37,0,244,0,0,0,244
08/21/2006,RIC,VA,AEA,EN,Towers with Radar,69,189,53,43,354,0,0,0,0,0,69,189,53,43,354,3,14,17,371
08/22/2006,RIC,VA,AEA,EN,Towers with Radar,76,184,70,30,360,0,0,0,0,0,76,184,70,30,360,13,16,29,389
08/23/2006,RIC,VA,AEA,EN,Towers with Radar,84,172,67,23,346,0,0,0,0,0,84,172,67,23,346,8,16,24,370
08/24/2006,RIC,VA,AEA,EN,Towers with Radar,77,189,99,7,372,0,0,0,0,0,77,189,99,7,372,22,0,22,394
08/25/2006,RIC,VA,AEA,EN,Towers with Radar,83,195,81,17,376,0,0,0,0,0,83,195,81,17,376,3,19,22,398
08/26/2006,RIC,VA,AEA,EN,Towers with Radar,53,145,40,3,241,0,0,0,0,0,53,145,40,3,241,15,14,29,270
08/27/2006,RIC,VA,AEA,EN,Towers with Radar,63,156,52,14,285,0,0,0,0,0,63,156,52,14,285,2,20,22,307
08/28/2006,RIC,VA,AEA,EN,Towers with Radar,67,152,58,7,284,0,0,0,0,0,67,152,58,7,284,4,6,10,294
08/29/2006,RIC,VA,AEA,EN,Towers with Radar,93,179,57,26,355,0,0,0,0,0,93,179,57,26,355,0,8,8,363
08/30/2006,RIC,VA,AEA,EN,Towers with Radar,86,196,65,21,368,0,0,0,0,0,86,196,65,21,368,17,30,47,415
08/31/2006,RIC,VA,AEA,EN,Towers with Radar,90,188,58,8,344,0,0,0,0,0,90,188,58,8,344,0,0,0,344
09/01/2006,RIC,VA,AEA,EN,Towers with Radar,90,166,26,0,282,0,0,0,0,0,90,166,26,0,282,0,0,0,282
09/02/2006,RIC,VA,AEA,EN,Towers with Radar,67,143,22,0,232,0,0,0,0,0,67,143,22,0,232,0,0,0,232
09/03/2006,RIC,VA,AEA,EN,Towers with Radar,67,105,43,0,215,0,0,0,0,0,67,105,43,0,215,0,3,3,218
09/04/2006,RIC,VA,AEA,EN,Towers with Radar,68,141,19,0,228,0,0,0,0,0,68,141,19,0,228,0,0,0,228
09/05/2006,RIC,VA,AEA,EN,Towers with Radar,70,188,63,16,337,0,0,0,0,0,70,188,63,16,337,0,0,0,337
09/06/2006,RIC,VA,AEA,EN,Towers with Radar,92,181,73,19,365,0,0,0,0,0,92,181,73,19,365,7,2,9,374
09/07/2006,RIC,VA,AEA,EN,Towers with Radar,74,174,141,28,417,0,0,0,0,0,74,174,141,28,417,2,0,2,419
09/08/2006,RIC,VA,AEA,EN,Towers with Radar,105,194,123,18,440,0,0,0,0,0,105,194,123,18,440,2,0,2,442
09/09/2006,RIC,VA,AEA,EN,Towers with Radar,73,124,89,8,294,0,0,0,0,0,73,124,89,8,294,0,6,6,300
09/10/2006,RIC,VA,AEA,EN,Towers with Radar,75,133,96,2,306,0,0,0,0,0,75,133,96,2,306,1,1,2,308
09/11/2006,RIC,VA,AEA,EN,Towers with Radar,66,175,73,32,346,0,0,0,0,0,66,175,73,32,346,10,30,40,386
09/12/2006,RIC,VA,AEA,EN,Towers with Radar,72,179,70,29,350,0,0,0,0,0,72,179,70,29,350,11,18,29,379
09/13/2006,RIC,VA,AEA,EN,Towers with Radar,81,171,68,11,331,0,0,0,0,0,81,171,68,11,331,6,5,11,342
09/14/2006,RIC,VA,AEA,EN,Towers with Radar,78,188,94,15,375,0,0,0,0,0,78,188,94,15,375,0,0,0,375
09/15/2006,RIC,VA,AEA,EN,Towers with Radar,74,174,54,35,337,0,0,0,0,0,74,174,54,35,337,4,40,44,381
09/16/2006,RIC,VA,AEA,EN,Towers with Radar,71,140,60,2,273,0,0,20,0,20,71,140,80,2,293,0,1,1,294
09/17/2006,RIC,VA,AEA,EN,Towers with Radar,82,149,43,19,293,0,0,0,0,0,82,149,43,19,293,4,8,12,305
09/18/2006,RIC,VA,AEA,EN,Towers with Radar,64,155,59,13,291,1,0,0,0,1,65,155,59,13,292,6,0,6,298
09/19/2006,RIC,VA,AEA,EN,Towers with Radar,78,181,68,25,352,0,0,0,0,0,78,181,68,25,352,1,0,1,353
09/20/2006,RIC,VA,AEA,EN,Towers with Radar,87,196,103,41,427,0,0,0,0,0,87,196,103,41,427,18,26,44,471
09/21/2006,RIC,VA,AEA,EN,Towers with Radar,81,204,86,22,393,0,0,0,0,0,81,204,86,22,393,15,19,34,427
09/22/2006,RIC,VA,AEA,EN,Towers with Radar,90,176,62,18,346,0,0,0,0,0,90,176,62,18,346,2,16,18,364
09/23/2006,RIC,VA,AEA,EN,Towers with Radar,77,136,27,2,242,0,0,0,0,0,77,136,27,2,242,3,0,3,245
09/24/2006,RIC,VA,AEA,EN,Towers with Radar,65,134,31,0,230,0,0,0,0,0,65,134,31,0,230,1,0,1,231
09/25/2006,RIC,VA,AEA,EN,Towers with Radar,80,160,50,3,293,0,0,0,0,0,80,160,50,3,293,6,7,13,306
09/26/2006,RIC,VA,AEA,EN,Towers with Radar,94,190,78,17,379,0,0,0,0,0,94,190,78,17,379,0,26,26,405
09/27/2006,RIC,VA,AEA,EN,Towers with Radar,74,182,66,20,342,0,0,0,0,0,74,182,66,20,342,1,8,9,351
09/28/2006,RIC,VA,AEA,EN,Towers with Radar,97,187,69,10,363,0,0,0,0,0,97,187,69,10,363,3,37,40,403
09/29/2006,RIC,VA,AEA,EN,Towers with Radar,89,174,80,4,347,0,0,0,0,0,89,174,80,4,347,4,2,6,353
09/30/2006,RIC,VA,AEA,EN,Towers with Radar,63,120,41,0,224,0,0,0,0,0,63,120,41,0,224,0,0,0,224
10/01/2006,RIC,VA,AEA,EN,Towers with Radar,64,158,37,1,260,0,0,0,0,0,64,158,37,1,260,0,0,0,260
10/02/2006,RIC,VA,AEA,EN,Towers with Radar,65,157,59,14,295,0,0,0,0,0,65,157,59,14,295,25,15,40,335
10/03/2006,RIC,VA,AEA,EN,Towers with Radar,77,201,78,21,377,0,0,0,0,0,77,201,78,21,377,0,4,4,381
10/04/2006,RIC,VA,AEA,EN,Towers with Radar,83,193,73,25,374,0,0,0,0,0,83,193,73,25,374,2,8,10,384
10/05/2006,RIC,VA,AEA,EN,Towers with Radar,92,187,72,24,375,0,0,0,0,0,92,187,72,24,375,13,24,37,412
10/06/2006,RIC,VA,AEA,EN,Towers with Radar,82,187,57,11,337,0,0,0,0,0,82,187,57,11,337,0,0,0,337
10/07/2006,RIC,VA,AEA,EN,Towers with Radar,73,121,27,0,221,0,0,0,0,0,73,121,27,0,221,0,0,0,221
10/08/2006,RIC,VA,AEA,EN,Towers with Radar,63,131,36,1,231,0,0,0,0,0,63,131,36,1,231,0,0,0,231
10/09/2006,RIC,VA,AEA,EN,Towers with Radar,82,193,80,3,358,0,0,0,0,0,82,193,80,3,358,1,0,1,359
10/10/2006,RIC,VA,AEA,EN,Towers with Radar,75,160,69,11,315,0,0,0,0,0,75,160,69,11,315,0,7,7,322
10/11/2006,RIC,VA,AEA,EN,Towers with Radar,70,161,89,31,351,0,0,0,0,0,70,161,89,31,351,0,36,36,387
10/12/2006,RIC,VA,AEA,EN,Towers with Radar,83,189,79,28,379,0,0,0,0,0,83,189,79,28,379,5,24,29,408
10/13/2006,RIC,VA,AEA,EN,Towers with Radar,88,179,69,25,361,0,0,0,0,0,88,179,69,25,361,5,20,25,386
10/14/2006,RIC,VA,AEA,EN,Towers with Radar,64,118,32,7,221,0,0,0,0,0,64,118,32,7,221,1,1,2,223
10/15/2006,RIC,VA,AEA,EN,Towers with Radar,58,140,48,29,275,0,0,0,0,0,58,140,48,29,275,0,2,2,277
10/16/2006,RIC,VA,AEA,EN,Towers with Radar,81,188,58,26,353,0,0,0,0,0,81,188,58,26,353,3,6,9,362
10/17/2006,RIC,VA,AEA,EN,Towers with Radar,87,179,59,4,329,0,0,0,0,0,87,179,59,4,329,0,0,0,329
10/18/2006,RIC,VA,AEA,EN,Towers with Radar,80,224,85,34,423,0,0,0,0,0,80,224,85,34,423,2,10,12,435
10/19/2006,RIC,VA,AEA,EN,Towers with Radar,82,186,81,19,368,0,0,0,0,0,82,186,81,19,368,6,6,12,380
10/20/2006,RIC,VA,AEA,EN,Towers with Radar,80,162,63,20,325,0,0,0,0,0,80,162,63,20,325,5,0,5,330
10/21/2006,RIC,VA,AEA,EN,Towers with Radar,81,137,58,7,283,0,0,0,0,0,81,137,58,7,283,3,0,3,286
10/22/2006,RIC,VA,AEA,EN,Towers with Radar,72,135,36,0,243,0,0,0,0,0,72,135,36,0,243,20,0,20,263
10/23/2006,RIC,VA,AEA,EN,Towers with Radar,85,193,62,7,347,0,0,0,0,0,85,193,62,7,347,11,9,20,367
10/24/2006,RIC,VA,AEA,EN,Towers with Radar,90,175,83,28,376,0,0,0,0,0,90,175,83,28,376,4,16,20,396
10/25/2006,RIC,VA,AEA,EN,Towers with Radar,79,196,77,13,365,0,0,0,0,0,79,196,77,13,365,3,18,21,386
10/26/2006,RIC,VA,AEA,EN,Towers with Radar,91,165,69,18,343,0,0,0,0,0,91,165,69,18,343,4,31,35,378
10/27/2006,RIC,VA,AEA,EN,Towers with Radar,94,170,79,8,351,0,0,0,0,0,94,170,79,8,351,0,2,2,353
10/28/2006,RIC,VA,AEA,EN,Towers with Radar,78,135,37,3,253,0,0,0,0,0,78,135,37,3,253,0,0,0,253
10/29/2006,RIC,VA,AEA,EN,Towers with Radar,62,143,37,4,246,0,0,0,0,0,62,143,37,4,246,1,0,1,247
10/30/2006,RIC,VA,AEA,EN,Towers with Radar,79,176,58,30,343,0,0,0,0,0,79,176,58,30,343,4,51,55,398
10/31/2006,RIC,VA,AEA,EN,Towers with Radar,84,183,69,20,356,0,0,0,0,0,84,183,69,20,356,0,3,3,359
11/01/2006,RIC,VA,AEA,EN,Towers with Radar,77,176,61,14,328,0,0,0,0,0,77,176,61,14,328,5,8,13,341
11/02/2006,RIC,VA,AEA,EN,Towers with Radar,78,192,65,30,365,0,0,0,0,0,78,192,65,30,365,0,42,42,407
11/03/2006,RIC,VA,AEA,EN,Towers with Radar,81,179,82,40,382,0,0,0,0,0,81,179,82,40,382,3,33,36,418
11/04/2006,RIC,VA,AEA,EN,Towers with Radar,65,148,41,25,279,0,0,0,0,0,65,148,41,25,279,0,14,14,293
11/05/2006,RIC,VA,AEA,EN,Towers with Radar,59,132,34,27,252,0,0,0,0,0,59,132,34,27,252,3,9,12,264
11/06/2006,RIC,VA,AEA,EN,Towers with Radar,70,157,71,5,303,0,0,0,0,0,70,157,71,5,303,22,0,22,325
11/07/2006,RIC,VA,AEA,EN,Towers with Radar,82,209,67,12,370,0,0,0,0,0,82,209,67,12,370,0,6,6,376
11/08/2006,RIC,VA,AEA,EN,Towers with Radar,82,184,71,0,337,0,0,0,0,0,82,184,71,0,337,0,0,0,337
11/09/2006,RIC,VA,AEA,EN,Towers with Radar,74,194,72,27,367,0,0,0,0,0,74,194,72,27,367,0,60,60,427
11/10/2006,RIC,VA,AEA,EN,Towers with Radar,64,168,51,13,296,0,0,0,0,0,64,168,51,13,296,0,10,10,306
11/11/2006,RIC,VA,AEA,EN,Towers with Radar,72,140,29,1,242,0,0,0,0,0,72,140,29,1,242,2,0,2,244
11/12/2006,RIC,VA,AEA,EN,Towers with Radar,62,145,45,0,252,0,0,0,0,0,62,145,45,0,252,0,0,0,252
11/13/2006,RIC,VA,AEA,EN,Towers with Radar,72,166,86,24,348,0,0,0,0,0,72,166,86,24,348,14,12,26,374
11/14/2006,RIC,VA,AEA,EN,Towers with Radar,88,198,95,21,402,0,0,0,0,0,88,198,95,21,402,6,22,28,430
11/15/2006,RIC,VA,AEA,EN,Towers with Radar,70,186,77,28,361,0,0,0,0,0,70,186,77,28,361,0,10,10,371
11/16/2006,RIC,VA,AEA,EN,Towers with Radar,83,186,53,0,322,0,0,0,0,0,83,186,53,0,322,0,0,0,322
11/17/2006,RIC,VA,AEA,EN,Towers with Radar,84,206,83,17,390,0,0,0,0,0,84,206,83,17,390,0,6,6,396
11/18/2006,RIC,VA,AEA,EN,Towers with Radar,75,138,23,4,240,0,0,0,0,0,75,138,23,4,240,0,0,0,240
11/19/2006,RIC,VA,AEA,EN,Towers with Radar,71,140,33,1,245,0,0,0,0,0,71,140,33,1,245,2,0,2,247
11/20/2006,RIC,VA,AEA,EN,Towers with Radar,78,183,68,23,352,0,0,0,0,0,78,183,68,23,352,0,8,8,360
11/21/2006,RIC,VA,AEA,EN,Towers with Radar,86,214,74,33,407,0,0,0,0,0,86,214,74,33,407,0,10,10,417
11/22/2006,RIC,VA,AEA,EN,Towers with Radar,79,207,48,3,337,0,0,0,0,0,79,207,48,3,337,0,0,0,337
11/23/2006,RIC,VA,AEA,EN,Towers with Radar,56,132,9,0,197,0,0,0,0,0,56,132,9,0,197,0,0,0,197
11/24/2006,RIC,VA,AEA,EN,Towers with Radar,55,100,21,0,176,0,0,0,0,0,55,100,21,0,176,0,0,0,176
11/25/2006,RIC,VA,AEA,EN,Towers with Radar,70,123,46,0,239,0,0,0,0,0,70,123,46,0,239,26,0,26,265
11/26/2006,RIC,VA,AEA,EN,Towers with Radar,47,143,54,0,244,0,0,0,0,0,47,143,54,0,244,1,0,1,245
11/27/2006,RIC,VA,AEA,EN,Towers with Radar,81,213,93,3,390,0,0,0,0,0,81,213,93,3,390,28,2,30,420
11/28/2006,RIC,VA,AEA,EN,Towers with Radar,88,179,75,29,371,0,0,0,0,0,88,179,75,29,371,0,50,50,421
11/29/2006,RIC,VA,AEA,EN,Towers with Radar,90,194,105,30,419,0,0,0,0,0,90,194,105,30,419,6,2,8,427
11/30/2006,RIC,VA,AEA,EN,Towers with Radar,86,184,78,18,366,0,0,0,0,0,86,184,78,18,366,2,32,34,400
12/01/2006,RIC,VA,AEA,EN,Towers with Radar,66,158,43,15,282,0,0,0,0,0,66,158,43,15,282,1,2,3,285
12/02/2006,RIC,VA,AEA,EN,Towers with Radar,58,131,23,10,222,0,0,0,0,0,58,131,23,10,222,0,8,8,230
12/03/2006,RIC,VA,AEA,EN,Towers with Radar,59,149,40,13,261,0,0,0,0,0,59,149,40,13,261,0,17,17,278
12/04/2006,RIC,VA,AEA,EN,Towers with Radar,59,163,61,24,307,0,0,0,0,0,59,163,61,24,307,0,26,26,333
12/05/2006,RIC,VA,AEA,EN,Towers with Radar,81,193,60,41,375,0,0,0,0,0,81,193,60,41,375,6,48,54,429
12/06/2006,RIC,VA,AEA,EN,Towers with Radar,81,216,94,26,417,0,0,0,0,0,81,216,94,26,417,24,2,26,443
12/07/2006,RIC,VA,AEA,EN,Towers with Radar,89,184,102,39,414,0,0,0,0,0,89,184,102,39,414,18,54,72,486
12/08/2006,RIC,VA,AEA,EN,Towers with Radar,91,201,76,21,389,0,0,0,0,0,91,201,76,21,389,0,2,2,391
12/09/2006,RIC,VA,AEA,EN,Towers with Radar,0,0,0,0,0,60,120,38,4,222,60,120,38,4,222,0,0,0,222
12/10/2006,RIC,VA,AEA,EN,Towers with Radar,62,127,49,1,239,0,0,0,0,0,62,127,49,1,239,0,1,1,240
12/11/2006,RIC,VA,AEA,EN,Towers with Radar,74,193,69,12,348,0,0,0,0,0,74,193,69,12,348,0,0,0,348
12/12/2006,RIC,VA,AEA,EN,Towers with Radar,92,197,100,21,410,0,0,0,0,0,92,197,100,21,410,0,2,2,412
12/13/2006,RIC,VA,AEA,EN,Towers with Radar,73,192,92,28,385,0,0,0,0,0,73,192,92,28,385,1,6,7,392
12/14/2006,RIC,VA,AEA,EN,Towers with Radar,74,156,96,13,339,0,0,0,0,0,74,156,96,13,339,0,5,5,344
12/15/2006,RIC,VA,AEA,EN,Towers with Radar,75,173,81,26,355,0,0,0,0,0,75,173,81,26,355,0,14,14,369
12/16/2006,RIC,VA,AEA,EN,Towers with Radar,68,126,17,0,211,0,0,0,0,0,68,126,17,0,211,0,0,0,211
12/17/2006,RIC,VA,AEA,EN,Towers with Radar,54,151,38,0,243,0,0,0,0,0,54,151,38,0,243,0,0,0,243
12/18/2006,RIC,VA,AEA,EN,Towers with Radar,74,171,70,2,317,0,0,0,0,0,74,171,70,2,317,4,0,4,321
12/19/2006,RIC,VA,AEA,EN,Towers with Radar,100,183,66,15,364,0,0,0,0,0,100,183,66,15,364,0,12,12,376
12/20/2006,RIC,VA,AEA,EN,Towers with Radar,78,182,68,9,337,0,0,0,0,0,78,182,68,9,337,0,10,10,347
12/21/2006,RIC,VA,AEA,EN,Towers with Radar,80,191,65,23,359,0,0,0,0,0,80,191,65,23,359,6,11,17,376
12/22/2006,RIC,VA,AEA,EN,Towers with Radar,76,170,30,8,284,0,0,0,0,0,76,170,30,8,284,1,3,4,288
12/23/2006,RIC,VA,AEA,EN,Towers with Radar,76,155,36,0,267,0,0,0,0,0,76,155,36,0,267,8,0,8,275
12/24/2006,RIC,VA,AEA,EN,Towers with Radar,48,95,14,0,157,0,0,0,0,0,48,95,14,0,157,0,0,0,157
12/25/2006,RIC,VA,AEA,EN,Towers with Radar,40,120,8,0,168,0,0,0,0,0,40,120,8,0,168,0,0,0,168
12/26/2006,RIC,VA,AEA,EN,Towers with Radar,57,147,25,0,229,0,0,0,0,0,57,147,25,0,229,0,0,0,229
12/27/2006,RIC,VA,AEA,EN,Towers with Radar,76,175,32,5,288,0,0,0,0,0,76,175,32,5,288,18,2,20,308
12/28/2006,RIC,VA,AEA,EN,Towers with Radar,71,169,37,5,282,0,0,0,0,0,71,169,37,5,282,6,1,7,289
12/29/2006,RIC,VA,AEA,EN,Towers with Radar,74,167,31,13,285,0,0,0,0,0,74,167,31,13,285,1,0,1,286
12/30/2006,RIC,VA,AEA,EN,Towers with Radar,80,122,23,0,225,0,0,0,0,0,80,122,23,0,225,8,0,8,233
12/31/2006,RIC,VA,AEA,EN,Towers with Radar,63,102,7,0,172,0,0,0,0,0,63,102,7,0,172,2,0,2,174
01/01/2007,RIC,VA,AEA,EN,Towers with Radar,55,130,16,0,201,0,0,0,0,0,55,130,16,0,201,0,0,0,201
01/02/2007,RIC,VA,AEA,EN,Towers with Radar,65,159,36,8,268,0,0,0,0,0,65,159,36,8,268,2,10,12,280
01/03/2007,RIC,VA,AEA,EN,Towers with Radar,76,187,46,11,320,0,0,0,0,0,76,187,46,11,320,24,4,28,348
01/04/2007,RIC,VA,AEA,EN,Towers with Radar,79,183,56,14,332,0,0,0,0,0,79,183,56,14,332,13,38,51,383
01/05/2007,RIC,VA,AEA,EN,Towers with Radar,80,159,43,13,295,0,0,0,0,0,80,159,43,13,295,0,0,0,295
01/06/2007,RIC,VA,AEA,EN,Towers with Radar,75,139,32,11,257,0,0,0,0,0,75,139,32,11,257,2,16,18,275
01/07/2007,RIC,VA,AEA,EN,Towers with Radar,51,129,26,12,218,0,0,0,0,0,51,129,26,12,218,8,10,18,236
01/08/2007,RIC,VA,AEA,EN,Towers with Radar,66,168,58,40,332,0,0,0,0,0,66,168,58,40,332,0,1,1,333
01/09/2007,RIC,VA,AEA,EN,Towers with Radar,70,173,65,20,328,0,0,0,0,0,70,173,65,20,328,0,13,13,341
01/10/2007,RIC,VA,AEA,EN,Towers with Radar,71,170,69,31,341,0,0,0,0,0,71,170,69,31,341,12,16,28,369
01/11/2007,RIC,VA,AEA,EN,Towers with Radar,74,176,53,22,325,0,0,0,0,0,74,176,53,22,325,12,8,20,345
01/12/2007,RIC,VA,AEA,EN,Towers with Radar,76,171,54,7,308,0,0,0,0,0,76,171,54,7,308,4,0,4,312
01/13/2007,RIC,VA,AEA,EN,Towers with Radar,53,112,23,0,188,0,0,0,0,0,53,112,23,0,188,0,0,0,188
01/14/2007,RIC,VA,AEA,EN,Towers with Radar,52,106,18,1,177,0,0,0,0,0,52,106,18,1,177,0,0,0,177
01/15/2007,RIC,VA,AEA,EN,Towers with Radar,52,156,51,0,259,0,0,0,0,0,52,156,51,0,259,18,0,18,277
01/16/2007,RIC,VA,AEA,EN,Towers with Radar,68,171,58,25,322,0,0,0,0,0,68,171,58,25,322,2,27,29,351
01/17/2007,RIC,VA,AEA,EN,Towers with Radar,75,177,69,15,336,0,0,0,0,0,75,177,69,15,336,0,10,10,346
01/18/2007,RIC,VA,AEA,EN,Towers with Radar,72,171,79,6,328,0,0,0,0,0,72,171,79,6,328,0,0,0,328
01/19/2007,RIC,VA,AEA,EN,Towers with Radar,83,174,60,17,334,0,0,0,0,0,83,174,60,17,334,4,0,4,338
01/20/2007,RIC,VA,AEA,EN,Towers with Radar,66,128,28,0,222,0,0,0,0,0,66,128,28,0,222,0,0,0,222
01/21/2007,RIC,VA,AEA,EN,Towers with Radar,56,137,39,1,233,0,0,0,0,0,56,137,39,1,233,0,0,0,233
01/22/2007,RIC,VA,AEA,EN,Towers with Radar,61,165,38,2,266,0,0,0,0,0,61,165,38,2,266,0,0,0,266
01/23/2007,RIC,VA,AEA,EN,Towers with Radar,76,172,67,28,343,0,0,0,0,0,76,172,67,28,343,8,6,14,357
01/24/2007,RIC,VA,AEA,EN,Towers with Radar,87,190,79,26,382,0,0,0,0,0,87,190,79,26,382,14,43,57,439
01/25/2007,RIC,VA,AEA,EN,Towers with Radar,69,177,84,22,352,0,0,0,0,0,69,177,84,22,352,17,17,34,386
01/26/2007,RIC,VA,AEA,EN,Towers with Radar,67,176,65,28,336,0,0,0,0,0,67,176,65,28,336,0,16,16,352
01/27/2007,RIC,VA,AEA,EN,Towers with Radar,55,125,26,4,210,0,0,0,0,0,55,125,26,4,210,0,10,10,220
01/28/2007,RIC,VA,AEA,EN,Towers with Radar,61,140,34,9,244,0,0,0,0,0,61,140,34,9,244,0,0,0,244
01/29/2007,RIC,VA,AEA,EN,Towers with Radar,67,169,76,9,321,0,0,0,0,0,67,169,76,9,321,6,14,20,341
01/30/2007,RIC,VA,AEA,EN,Towers with Radar,84,194,80,12,370,0,0,0,0,0,84,194,80,12,370,4,6,10,380
01/31/2007,RIC,VA,AEA,EN,Towers with Radar,73,180,68,13,334,0,0,0,0,0,73,180,68,13,334,2,30,32,366
02/01/2007,RIC,VA,AEA,EN,Towers with Radar,70,171,51,0,292,0,0,0,0,0,70,171,51,0,292,2,0,2,294
02/02/2007,RIC,VA,AEA,EN,Towers with Radar,69,175,57,25,326,0,0,0,0,0,69,175,57,25,326,0,0,0,326
02/03/2007,RIC,VA,AEA,EN,Towers with Radar,56,132,17,12,217,0,0,0,0,0,56,132,17,12,217,0,17,17,234
02/04/2007,RIC,VA,AEA,EN,Towers with Radar,61,144,24,15,244,0,0,0,0,0,61,144,24,15,244,0,6,6,250
02/05/2007,RIC,VA,AEA,EN,Towers with Radar,59,169,46,23,297,0,0,0,0,0,59,169,46,23,297,6,0,6,303
02/06/2007,RIC,VA,AEA,EN,Towers with Radar,72,162,52,15,301,0,0,0,0,0,72,162,52,15,301,0,4,4,305
02/07/2007,RIC,VA,AEA,EN,Towers with Radar,70,178,64,20,332,0,0,0,0,0,70,178,64,20,332,0,5,5,337
02/08/2007,RIC,VA,AEA,EN,Towers with Radar,71,188,75,12,346,0,0,0,0,0,71,188,75,12,346,0,0,0,346
02/09/2007,RIC,VA,AEA,EN,Towers with Radar,73,191,61,39,364,0,0,0,0,0,73,191,61,39,364,0,37,37,401
02/10/2007,RIC,VA,AEA,EN,Towers with Radar,59,113,27,3,202,0,0,0,0,0,59,113,27,3,202,0,0,0,202
02/11/2007,RIC,VA,AEA,EN,Towers with Radar,55,130,33,11,229,0,0,3,0,3,55,130,36,11,232,2,0,2,234
02/12/2007,RIC,VA,AEA,EN,Towers with Radar,55,161,47,7,270,0,0,0,0,0,55,161,47,7,270,0,0,0,270
02/13/2007,RIC,VA,AEA,EN,Towers with Radar,71,143,51,7,272,0,0,0,0,0,71,143,51,7,272,0,5,5,277
02/14/2007,RIC,VA,AEA,EN,Towers with Radar,65,126,59,10,260,0,0,0,0,0,65,126,59,10,260,1,3,4,264
02/15/2007,RIC,VA,AEA,EN,Towers with Radar,71,169,89,34,363,0,0,0,0,0,71,169,89,34,363,1,29,30,393
02/16/2007,RIC,VA,AEA,EN,Towers with Radar,78,156,82,17,333,0,0,0,0,0,78,156,82,17,333,0,28,28,361
02/17/2007,RIC,VA,AEA,EN,Towers with Radar,60,124,28,10,222,0,0,0,0,0,60,124,28,10,222,0,2,2,224
02/18/2007,RIC,VA,AEA,EN,Towers with Radar,60,143,33,12,248,0,0,0,0,0,60,143,33,12,248,0,2,2,250
02/19/2007,RIC,VA,AEA,EN,Towers with Radar,55,145,60,0,260,0,0,0,0,0,55,145,60,0,260,3,3,6,266
02/20/2007,RIC,VA,AEA,EN,Towers with Radar,80,165,68,13,326,0,0,0,0,0,80,165,68,13,326,11,10,21,347
02/21/2007,RIC,VA,AEA,EN,Towers with Radar,75,165,58,25,323,0,0,0,0,0,75,165,58,25,323,0,25,25,348
02/22/2007,RIC,VA,AEA,EN,Towers with Radar,75,175,65,19,334,0,0,0,0,0,75,175,65,19,334,3,8,11,345
02/23/2007,RIC,VA,AEA,EN,Towers with Radar,84,191,77,19,371,0,0,0,0,0,84,191,77,19,371,3,2,5,376
02/24/2007,RIC,VA,AEA,EN,Towers with Radar,48,115,42,4,209,0,0,0,0,0,48,115,42,4,209,10,0,10,219
02/25/2007,RIC,VA,AEA,EN,Towers with Radar,59,129,33,1,222,0,0,0,0,0,59,129,33,1,222,0,0,0,222
02/26/2007,RIC,VA,AEA,EN,Towers with Radar,67,138,77,11,293,0,0,0,0,0,67,138,77,11,293,31,0,31,324
02/27/2007,RIC,VA,AEA,EN,Towers with Radar,84,202,84,30,400,0,0,0,0,0,84,202,84,30,400,4,10,14,414
02/28/2007,RIC,VA,AEA,EN,Towers with Radar,79,160,64,7,310,0,0,0,0,0,79,160,64,7,310,1,4,5,315
03/01/2007,RIC,VA,AEA,EN,Towers with Radar,69,164,49,25,307,0,0,0,0,0,69,164,49,25,307,0,8,8,315
03/02/2007,RIC,VA,AEA,EN,Towers with Radar,80,164,45,20,309,0,0,0,0,0,80,164,45,20,309,0,33,33,342
03/03/2007,RIC,VA,AEA,EN,Towers with Radar,59,120,30,9,218,0,0,0,0,0,59,120,30,9,218,0,2,2,220
03/04/2007,RIC,VA,AEA,EN,Towers with Radar,56,117,34,17,224,0,0,0,0,0,56,117,34,17,224,0,16,16,240
03/05/2007,RIC,VA,AEA,EN,Towers with Radar,64,156,55,5,280,0,0,0,0,0,64,156,55,5,280,0,0,0,280
03/06/2007,RIC,VA,AEA,EN,Towers with Radar,72,177,59,23,331,0,0,0,0,0,72,177,59,23,331,2,22,24,355
03/07/2007,RIC,VA,AEA,EN,Towers with Radar,80,159,78,8,325,0,0,0,0,0,80,159,78,8,325,1,8,9,334
03/08/2007,RIC,VA,AEA,EN,Towers with Radar,86,191,79,14,370,0,0,0,0,0,86,191,79,14,370,0,14,14,384
03/09/2007,RIC,VA,AEA,EN,Towers with Radar,69,182,72,12,335,0,0,0,0,0,69,182,72,12,335,0,2,2,337
03/10/2007,RIC,VA,AEA,EN,Towers with Radar,58,130,29,3,220,0,0,0,0,0,58,130,29,3,220,12,0,12,232
03/11/2007,RIC,VA,AEA,EN,Towers with Radar,60,138,51,2,251,0,0,0,0,0,60,138,51,2,251,0,0,0,251
03/12/2007,RIC,VA,AEA,EN,Towers with Radar,65,184,64,10,323,0,0,0,0,0,65,184,64,10,323,1,9,10,333
03/13/2007,RIC,VA,AEA,EN,Towers with Radar,74,188,82,26,370,0,0,0,0,0,74,188,82,26,370,0,20,20,390
03/14/2007,RIC,VA,AEA,EN,Towers with Radar,85,192,89,16,382,0,0,0,0,0,85,192,89,16,382,23,6,29,411
03/15/2007,RIC,VA,AEA,EN,Towers with Radar,83,193,59,11,346,0,0,0,0,0,83,193,59,11,346,0,28,28,374
03/16/2007,RIC,VA,AEA,EN,Towers with Radar,65,133,34,7,239,0,0,0,0,0,65,133,34,7,239,0,0,0,239
03/17/2007,RIC,VA,AEA,EN,Towers with Radar,56,98,43,2,199,0,0,0,0,0,56,98,43,2,199,4,0,4,203
03/18/2007,RIC,VA,AEA,EN,Towers with Radar,73,150,77,7,307,0,0,0,0,0,73,150,77,7,307,0,0,0,307
03/19/2007,RIC,VA,AEA,EN,Towers with Radar,63,188,76,6,333,0,0,0,0,0,63,188,76,6,333,2,11,13,346
03/20/2007,RIC,VA,AEA,EN,Towers with Radar,69,182,67,9,327,0,0,0,0,0,69,182,67,9,327,0,4,4,331
03/21/2007,RIC,VA,AEA,EN,Towers with Radar,77,196,83,29,385,0,0,0,0,0,77,196,83,29,385,0,51,51,436
03/22/2007,RIC,VA,AEA,EN,Towers with Radar,65,170,77,17,329,0,0,0,0,0,65,170,77,17,329,0,16,16,345
03/23/2007,RIC,VA,AEA,EN,Towers with Radar,75,186,54,16,331,0,0,0,0,0,75,186,54,16,331,4,8,12,343
03/24/2007,RIC,VA,AEA,EN,Towers with Radar,56,147,46,1,250,0,0,0,0,0,56,147,46,1,250,0,3,3,253
03/25/2007,RIC,VA,AEA,EN,Towers with Radar,62,142,40,6,250,0,0,0,0,0,62,142,40,6,250,0,0,0,250
03/26/2007,RIC,VA,AEA,EN,Towers with Radar,60,172,70,9,311,0,0,0,0,0,60,172,70,9,311,0,8,8,319
03/27/2007,RIC,VA,AEA,EN,Towers with Radar,72,154,89,21,336,0,0,0,0,0,72,154,89,21,336,0,5,5,341
03/28/2007,RIC,VA,AEA,EN,Towers with Radar,66,180,91,37,374,0,0,0,0,0,66,180,91,37,374,0,0,0,374
03/29/2007,RIC,VA,AEA,EN,Towers with Radar,75,169,81,45,370,0,0,0,0,0,75,169,81,45,370,3,26,29,399
03/30/2007,RIC,VA,AEA,EN,Towers with Radar,75,173,54,19,321,0,0,0,0,0,75,173,54,19,321,12,3,15,336
03/31/2007,RIC,VA,AEA,EN,Towers with Radar,55,121,41,13,230,0,0,0,0,0,55,121,41,13,230,17,3,20,250
04/01/2007,RIC,VA,AEA,EN,Towers with Radar,60,139,31,1,231,0,0,0,0,0,60,139,31,1,231,0,0,0,231
04/02/2007,RIC,VA,AEA,EN,Towers with Radar,62,161,50,2,275,0,0,0,0,0,62,161,50,2,275,4,2,6,281
04/03/2007,RIC,VA,AEA,EN,Towers with Radar,68,160,114,14,356,0,0,0,0,0,68,160,114,14,356,0,4,4,360
04/04/2007,RIC,VA,AEA,EN,Towers with Radar,81,186,99,35,401,0,0,0,0,0,81,186,99,35,401,0,23,23,424
04/05/2007,RIC,VA,AEA,EN,Towers with Radar,72,176,89,29,366,0,0,0,0,0,72,176,89,29,366,0,40,40,406
04/06/2007,RIC,VA,AEA,EN,Towers with Radar,71,166,68,4,309,0,0,0,0,0,71,166,68,4,309,12,0,12,321
04/07/2007,RIC,VA,AEA,EN,Towers with Radar,46,127,30,0,203,18,0,0,0,18,64,127,30,0,221,0,0,0,221
04/08/2007,RIC,VA,AEA,EN,Towers with Radar,60,140,31,0,231,0,0,0,0,0,60,140,31,0,231,0,0,0,231
04/09/2007,RIC,VA,AEA,EN,Towers with Radar,60,158,56,5,279,0,0,0,0,0,60,158,56,5,279,0,0,0,279
04/10/2007,RIC,VA,AEA,EN,Towers with Radar,66,173,60,33,332,0,0,0,0,0,66,173,60,33,332,0,10,10,342
04/11/2007,RIC,VA,AEA,EN,Towers with Radar,80,177,69,8,334,0,0,0,0,0,80,177,69,8,334,0,2,2,336
04/12/2007,RIC,VA,AEA,EN,Towers with Radar,64,164,58,35,321,0,0,0,0,0,64,164,58,35,321,24,23,47,368
04/13/2007,RIC,VA,AEA,EN,Towers with Radar,83,187,45,19,334,0,0,0,0,0,83,187,45,19,334,19,3,22,356
04/14/2007,RIC,VA,AEA,EN,Towers with Radar,48,145,60,7,260,0,0,0,0,0,48,145,60,7,260,16,4,20,280
04/15/2007,RIC,VA,AEA,EN,Towers with Radar,75,124,28,0,227,0,0,1,0,1,75,124,29,0,228,0,0,0,228
04/16/2007,RIC,VA,AEA,EN,Towers with Radar,57,160,46,2,265,0,0,0,0,0,57,160,46,2,265,0,0,0,265
04/17/2007,RIC,VA,AEA,EN,Towers with Radar,66,158,79,25,328,0,0,0,0,0,66,158,79,25,328,0,8,8,336
04/18/2007,RIC,VA,AEA,EN,Towers with Radar,71,193,78,34,376,0,0,0,0,0,71,193,78,34,376,2,24,26,402
04/19/2007,RIC,VA,AEA,EN,Towers with Radar,72,163,103,45,383,0,0,0,0,0,72,163,103,45,383,0,8,8,391
04/20/2007,RIC,VA,AEA,EN,Towers with Radar,82,187,71,21,361,0,0,0,0,0,82,187,71,21,361,4,2,6,367
04/21/2007,RIC,VA,AEA,EN,Towers with Radar,59,138,31,0,228,0,0,0,0,0,59,138,31,0,228,2,0,2,230
04/22/2007,RIC,VA,AEA,EN,Towers with Radar,57,138,40,14,249,0,0,0,0,0,57,138,40,14,249,20,0,20,269
04/23/2007,RIC,VA,AEA,EN,Towers with Radar,61,166,58,19,304,0,0,0,0,0,61,166,58,19,304,1,0,1,305
04/24/2007,RIC,VA,AEA,EN,Towers with Radar,65,179,65,20,329,0,0,0,0,0,65,179,65,20,329,16,12,28,357
04/25/2007,RIC,VA,AEA,EN,Towers with Radar,65,175,79,37,356,0,0,0,0,0,65,175,79,37,356,0,10,10,366
04/26/2007,RIC,VA,AEA,EN,Towers with Radar,84,182,81,15,362,0,0,0,0,0,84,182,81,15,362,0,0,0,362
04/27/2007,RIC,VA,AEA,EN,Towers with Radar,83,174,76,20,353,0,0,0,0,0,83,174,76,20,353,0,6,6,359
04/28/2007,RIC,VA,AEA,EN,Towers with Radar,81,109,41,0,231,0,0,0,0,0,81,109,41,0,231,0,0,0,231
04/29/2007,RIC,VA,AEA,EN,Towers with Radar,57,127,52,7,243,0,0,0,0,0,57,127,52,7,243,12,0,12,255
04/30/2007,RIC,VA,AEA,EN,Towers with Radar,60,161,65,26,312,0,0,0,0,0,60,161,65,26,312,31,13,44,356
05/01/2007,RIC,VA,AEA,EN,Towers with Radar,86,180,87,7,360,0,0,0,0,0,86,180,87,7,360,0,2,2,362
05/02/2007,RIC,VA,AEA,EN,Towers with Radar,85,182,67,10,344,0,0,0,0,0,85,182,67,10,344,0,0,0,344
05/03/2007,RIC,VA,AEA,EN,Towers with Radar,98,208,168,11,485,0,0,0,0,0,98,208,168,11,485,2,16,18,503
05/04/2007,RIC,VA,AEA,EN,Towers with Radar,72,175,103,7,357,0,0,0,0,0,72,175,103,7,357,6,7,13,370
05/05/2007,RIC,VA,AEA,EN,Towers with Radar,69,138,96,0,303,0,0,0,0,0,69,138,96,0,303,0,0,0,303
05/06/2007,RIC,VA,AEA,EN,Towers with Radar,69,143,110,1,323,0,0,0,0,0,69,143,110,1,323,0,0,0,323
05/07/2007,RIC,VA,AEA,EN,Towers with Radar,83,188,38,7,316,0,0,0,0,0,83,188,38,7,316,0,3,3,319
05/08/2007,RIC,VA,AEA,EN,Towers with Radar,88,179,74,37,378,0,0,0,0,0,88,179,74,37,378,2,16,18,396
05/09/2007,RIC,VA,AEA,EN,Towers with Radar,79,168,73,7,327,0,0,0,0,0,79,168,73,7,327,0,11,11,338
05/10/2007,RIC,VA,AEA,EN,Towers with Radar,75,183,68,44,370,0,0,0,0,0,75,183,68,44,370,10,31,41,411
05/11/2007,RIC,VA,AEA,EN,Towers with Radar,80,169,56,9,314,0,0,0,0,0,80,169,56,9,314,0,2,2,316
05/12/2007,RIC,VA,AEA,EN,Towers with Radar,61,120,29,1,211,0,0,0,0,0,61,120,29,1,211,8,0,8,219
05/13/2007,RIC,VA,AEA,EN,Towers with Radar,67,126,47,3,243,0,0,0,0,0,67,126,47,3,243,33,0,33,276
05/14/2007,RIC,VA,AEA,EN,Towers with Radar,70,171,74,13,328,0,0,0,0,0,70,171,74,13,328,24,10,34,362
05/15/2007,RIC,VA,AEA,EN,Towers with Radar,89,173,66,18,346,0,0,0,0,0,89,173,66,18,346,2,2,4,350
05/16/2007,RIC,VA,AEA,EN,Towers with Radar,109,186,55,31,381,0,0,0,0,0,109,186,55,31,381,0,0,0,381
05/17/2007,RIC,VA,AEA,EN,Towers with Radar,76,177,67,19,339,0,0,0,0,0,76,177,67,19,339,0,2,2,341
05/18/2007,RIC,VA,AEA,EN,Towers with Radar,96,182,67,22,367,0,0,0,0,0,96,182,67,22,367,0,13,13,380
05/19/2007,RIC,VA,AEA,EN,Towers with Radar,74,161,36,11,282,0,0,0,0,0,74,161,36,11,282,10,6,16,298
05/20/2007,RIC,VA,AEA,EN,Towers with Radar,69,153,40,2,264,0,0,0,0,0,69,153,40,2,264,8,0,8,272
05/21/2007,RIC,VA,AEA,EN,Towers with Radar,70,181,65,16,332,0,0,0,0,0,70,181,65,16,332,8,1,9,341
05/22/2007,RIC,VA,AEA,EN,Towers with Radar,80,168,84,11,343,0,0,0,0,0,80,168,84,11,343,2,0,2,345
05/23/2007,RIC,VA,AEA,EN,Towers with Radar,88,183,88,7,366,0,0,0,0,0,88,183,88,7,366,2,2,4,370
05/24/2007,RIC,VA,AEA,EN,Towers with Radar,81,181,103,10,375,0,0,0,0,0,81,181,103,10,375,2,10,12,387
05/25/2007,RIC,VA,AEA,EN,Towers with Radar,79,182,63,18,342,0,0,0,0,0,79,182,63,18,342,0,2,2,344
05/26/2007,RIC,VA,AEA,EN,Towers with Radar,59,115,11,0,185,0,0,0,0,0,59,115,11,0,185,4,0,4,189
05/27/2007,RIC,VA,AEA,EN,Towers with Radar,66,99,10,0,175,0,0,0,0,0,66,99,10,0,175,0,0,0,175
05/28/2007,RIC,VA,AEA,EN,Towers with Radar,67,137,35,0,239,0,0,0,0,0,67,137,35,0,239,0,0,0,239
05/29/2007,RIC,VA,AEA,EN,Towers with Radar,58,128,65,19,270,0,0,0,0,0,58,128,65,19,270,0,6,6,276
05/30/2007,RIC,VA,AEA,EN,Towers with Radar,101,187,87,11,386,0,0,0,0,0,101,187,87,11,386,3,0,3,389
05/31/2007,RIC,VA,AEA,EN,Towers with Radar,86,186,63,14,349,0,0,0,0,0,86,186,63,14,349,16,4,20,369
06/01/2007,RIC,VA,AEA,EN,Towers with Radar,97,182,52,22,353,0,0,0,0,0,97,182,52,22,353,26,64,90,443
06/02/2007,RIC,VA,AEA,EN,Towers with Radar,81,145,37,5,268,0,0,0,0,0,81,145,37,5,268,26,40,66,334
06/03/2007,RIC,VA,AEA,EN,Towers with Radar,75,151,33,7,266,0,0,0,0,0,75,151,33,7,266,0,0,0,266
06/04/2007,RIC,VA,AEA,EN,Towers with Radar,78,158,42,3,281,0,0,0,0,0,78,158,42,3,281,16,0,16,297
06/05/2007,RIC,VA,AEA,EN,Towers with Radar,78,161,49,6,294,0,0,0,0,0,78,161,49,6,294,6,2,8,302
06/06/2007,RIC,VA,AEA,EN,Towers with Radar,82,163,61,10,316,0,0,0,0,0,82,163,61,10,316,0,18,18,334
06/07/2007,RIC,VA,AEA,EN,Towers with Radar,105,183,68,15,371,0,0,0,0,0,105,183,68,15,371,0,12,12,383
06/08/2007,RIC,VA,AEA,EN,Towers with Radar,100,175,67,12,354,0,0,0,0,0,100,175,67,12,354,0,29,29,383
06/09/2007,RIC,VA,AEA,EN,Towers with Radar,76,127,23,7,233,0,0,0,0,0,76,127,23,7,233,19,6,25,258
06/10/2007,RIC,VA,AEA,EN,Towers with Radar,75,144,41,24,284,0,0,0,0,0,75,144,41,24,284,14,10,24,308
06/11/2007,RIC,VA,AEA,EN,Towers with Radar,80,141,53,19,293,0,0,0,0,0,80,141,53,19,293,0,8,8,301
06/12/2007,RIC,VA,AEA,EN,Towers with Radar,104,159,67,41,371,0,0,0,0,0,104,159,67,41,371,0,10,10,381
06/13/2007,RIC,VA,AEA,EN,Towers with Radar,115,197,88,14,414,0,0,0,0,0,115,197,88,14,414,0,23,23,437
06/14/2007,RIC,VA,AEA,EN,Towers with Radar,86,178,76,27,367,0,0,0,0,0,86,178,76,27,367,17,0,17,384
06/15/2007,RIC,VA,AEA,EN,Towers with Radar,101,174,76,15,366,0,0,0,0,0,101,174,76,15,366,8,0,8,374
06/16/2007,RIC,VA,AEA,EN,Towers with Radar,82,138,42,8,270,0,0,0,0,0,82,138,42,8,270,30,2,32,302
06/17/2007,RIC,VA,AEA,EN,Towers with Radar,71,108,38,1,218,0,0,0,0,0,71,108,38,1,218,0,0,0,218
06/18/2007,RIC,VA,AEA,EN,Towers with Radar,76,155,54,21,306,0,0,0,0,0,76,155,54,21,306,0,0,0,306
06/19/2007,RIC,VA,AEA,EN,Towers with Radar,92,160,91,26,369,0,0,0,0,0,92,160,91,26,369,12,26,38,407
06/20/2007,RIC,VA,AEA,EN,Towers with Radar,97,175,105,3,380,0,0,0,0,0,97,175,105,3,380,23,0,23,403
06/21/2007,RIC,VA,AEA,EN,Towers with Radar,92,156,87,19,354,0,0,0,0,0,92,156,87,19,354,0,10,10,364
06/22/2007,RIC,VA,AEA,EN,Towers with Radar,102,153,58,11,324,0,0,10,0,10,102,153,68,11,334,20,8,28,362
06/23/2007,RIC,VA,AEA,EN,Towers with Radar,69,123,37,17,246,0,0,0,0,0,69,123,37,17,246,0,6,6,252
06/24/2007,RIC,VA,AEA,EN,Towers with Radar,71,121,33,8,233,0,0,0,0,0,71,121,33,8,233,15,5,20,253
06/25/2007,RIC,VA,AEA,EN,Towers with Radar,73,159,66,15,313,0,0,0,0,0,73,159,66,15,313,0,0,0,313
06/26/2007,RIC,VA,AEA,EN,Towers with Radar,100,176,81,4,361,0,0,0,0,0,100,176,81,4,361,18,0,18,379
06/27/2007,RIC,VA,AEA,EN,Towers with Radar,102,170,76,6,354,0,0,0,0,0,102,170,76,6,354,0,4,4,358
06/28/2007,RIC,VA,AEA,EN,Towers with Radar,88,148,74,9,319,0,0,0,0,0,88,148,74,9,319,2,0,2,321
06/29/2007,RIC,VA,AEA,EN,Towers with Radar,91,163,65,0,319,0,0,0,0,0,91,163,65,0,319,2,23,25,344
06/30/2007,RIC,VA,AEA,EN,Towers with Radar,74,129,54,0,257,0,0,0,0,0,74,129,54,0,257,0,4,4,261
07/01/2007,RIC,VA,AEA,EN,Towers with Radar,79,157,55,0,291,0,0,0,0,0,79,157,55,0,291,0,0,0,291
07/02/2007,RIC,VA,AEA,EN,Towers with Radar,72,146,49,1,268,0,0,0,0,0,72,146,49,1,268,4,0,4,272
07/03/2007,RIC,VA,AEA,EN,Towers with Radar,84,159,64,14,321,0,0,0,0,0,84,159,64,14,321,0,8,8,329
07/04/2007,RIC,VA,AEA,EN,Towers with Radar,78,100,6,0,184,0,0,0,0,0,78,100,6,0,184,4,0,4,188
07/05/2007,RIC,VA,AEA,EN,Towers with Radar,75,126,46,6,253,0,0,0,0,0,75,126,46,6,253,0,7,7,260
07/06/2007,RIC,VA,AEA,EN,Towers with Radar,83,147,47,5,282,0,0,0,0,0,83,147,47,5,282,0,0,0,282
07/07/2007,RIC,VA,AEA,EN,Towers with Radar,70,129,32,2,233,0,0,0,0,0,70,129,32,2,233,8,0,8,241
07/08/2007,RIC,VA,AEA,EN,Towers with Radar,71,130,49,4,254,0,0,0,0,0,71,130,49,4,254,14,0,14,268
07/09/2007,RIC,VA,AEA,EN,Towers with Radar,71,148,62,12,293,0,0,0,0,0,71,148,62,12,293,4,0,4,297
07/10/2007,RIC,VA,AEA,EN,Towers with Radar,85,169,40,8,302,0,0,0,0,0,85,169,40,8,302,10,2,12,314
07/11/2007,RIC,VA,AEA,EN,Towers with Radar,94,159,72,10,335,0,0,0,0,0,94,159,72,10,335,0,0,0,335
07/12/2007,RIC,VA,AEA,EN,Towers with Radar,88,176,74,23,361,0,0,0,0,0,88,176,74,23,361,6,6,12,373
07/13/2007,RIC,VA,AEA,EN,Towers with Radar,88,175,64,15,342,0,0,0,0,0,88,175,64,15,342,6,0,6,348
07/14/2007,RIC,VA,AEA,EN,Towers with Radar,0,0,0,0,0,75,110,35,4,224,75,110,35,4,224,10,0,10,234
07/15/2007,RIC,VA,AEA,EN,Towers with Radar,87,156,55,17,315,0,0,0,0,0,87,156,55,17,315,0,0,0,315
07/16/2007,RIC,VA,AEA,EN,Towers with Radar,81,150,51,3,285,0,4,32,2,38,81,154,83,5,323,18,0,18,341
07/17/2007,RIC,VA,AEA,EN,Towers with Radar,91,149,96,9,345,0,2,43,2,47,91,151,139,11,392,0,8,8,400
07/18/2007,RIC,VA,AEA,EN,Towers with Radar,86,148,83,16,333,0,6,40,3,49,86,154,123,19,382,2,0,2,384
07/19/2007,RIC,VA,AEA,EN,Towers with Radar,93,151,88,12,344,0,2,42,1,45,93,153,130,13,389,0,5,5,394
07/20/2007,RIC,VA,AEA,EN,Towers with Radar,89,173,72,16,350,0,4,55,11,70,89,177,127,27,420,0,0,0,420
07/21/2007,RIC,VA,AEA,EN,Towers with Radar,71,121,63,0,255,1,1,58,1,61,72,122,121,1,316,18,0,18,334
07/22/2007,RIC,VA,AEA,EN,Towers with Radar,77,132,40,2,251,0,0,35,2,37,77,132,75,4,288,0,0,0,288
07/23/2007,RIC,VA,AEA,EN,Towers with Radar,90,150,55,5,300,0,1,40,1,42,90,151,95,6,342,10,26,36,378
07/24/2007,RIC,VA,AEA,EN,Towers with Radar,93,165,68,10,336,0,1,42,7,50,93,166,110,17,386,5,1,6,392
07/25/2007,RIC,VA,AEA,EN,Towers with Radar,92,165,82,18,357,0,1,38,17,56,92,166,120,35,413,18,2,20,433
07/26/2007,RIC,VA,AEA,EN,Towers with Radar,95,151,89,4,339,0,7,75,22,104,95,158,164,26,443,23,0,23,466
07/27/2007,RIC,VA,AEA,EN,Towers with Radar,91,150,56,8,305,0,21,58,4,83,91,171,114,12,388,22,0,22,410
07/28/2007,RIC,VA,AEA,EN,Towers with Radar,74,115,27,0,216,0,0,25,4,29,74,115,52,4,245,10,4,14,259
07/29/2007,RIC,VA,AEA,EN,Towers with Radar,97,117,28,4,246,0,1,12,0,13,97,118,40,4,259,0,0,0,259
07/30/2007,RIC,VA,AEA,EN,Towers with Radar,87,155,101,13,356,0,0,43,3,46,87,155,144,16,402,0,9,9,411
07/31/2007,RIC,VA,AEA,EN,Towers with Radar,82,151,79,4,316,0,2,54,10,66,82,153,133,14,382,12,7,19,401
08/01/2007,RIC,VA,AEA,EN,Towers with Radar,91,177,93,13,374,0,13,44,9,66,91,190,137,22,440,0,0,0,440
08/02/2007,RIC,VA,AEA,EN,Towers with Radar,92,159,66,16,333,0,2,55,7,64,92,161,121,23,397,0,0,0,397
08/03/2007,RIC,VA,AEA,EN,Towers with Radar,88,153,73,3,317,0,0,83,5,88,88,153,156,8,405,0,0,0,405
08/04/2007,RIC,VA,AEA,EN,Towers with Radar,70,107,39,2,218,0,0,18,0,18,70,107,57,2,236,22,0,22,258
08/05/2007,RIC,VA,AEA,EN,Towers with Radar,73,117,36,1,227,0,8,16,0,24,73,125,52,1,251,0,0,0,251
08/06/2007,RIC,VA,AEA,EN,Towers with Radar,83,150,59,2,294,0,2,20,0,22,83,152,79,2,316,10,0,10,326
08/07/2007,RIC,VA,AEA,EN,Towers with Radar,94,152,71,8,325,0,4,37,4,45,94,156,108,12,370,0,2,2,372
08/08/2007,RIC,VA,AEA,EN,Towers with Radar,90,157,64,27,338,0,7,60,7,74,90,164,124,34,412,38,2,40,452
08/09/2007,RIC,VA,AEA,EN,Towers with Radar,108,146,83,2,339,0,8,34,0,42,108,154,117,2,381,0,18,18,399
08/10/2007,RIC,VA,AEA,EN,Towers with Radar,84,156,53,12,305,0,4,29,2,35,84,160,82,14,340,16,2,18,358
08/11/2007,RIC,VA,AEA,EN,Towers with Radar,73,105,31,2,211,0,0,53,0,53,73,105,84,2,264,0,0,0,264
08/12/2007,RIC,VA,AEA,EN,Towers with Radar,77,129,44,0,250,0,5,26,0,31,77,134,70,0,281,0,0,0,281
08/13/2007,RIC,VA,AEA,EN,Towers with Radar,88,137,82,6,313,0,14,50,5,69,88,151,132,11,382,6,0,6,388
08/14/2007,RIC,VA,AEA,EN,Towers with Radar,91,162,96,7,356,0,1,39,1,41,91,163,135,8,397,10,4,14,411
08/15/2007,RIC,VA,AEA,EN,Towers with Radar,97,169,86,18,370,0,1,43,8,52,97,170,129,26,422,6,9,15,437
08/16/2007,RIC,VA,AEA,EN,Towers with Radar,80,149,83,20,332,0,1,35,1,37,80,150,118,21,369,0,22,22,391
08/17/2007,RIC,VA,AEA,EN,Towers with Radar,109,155,73,8,345,0,0,49,8,57,109,155,122,16,402,0,6,6,408
08/18/2007,RIC,VA,AEA,EN,Towers with Radar,74,108,41,2,225,0,0,41,0,41,74,108,82,2,266,12,0,12,278
08/19/2007,RIC,VA,AEA,EN,Towers with Radar,73,124,70,0,267,1,3,28,0,32,74,127,98,0,299,0,0,0,299
08/20/2007,RIC,VA,AEA,EN,Towers with Radar,84,161,59,9,313,0,0,0,1,1,84,161,59,10,314,0,0,0,314
08/21/2007,RIC,VA,AEA,EN,Towers with Radar,87,164,105,54,410,0,0,15,6,21,87,164,120,60,431,0,33,33,464
08/22/2007,RIC,VA,AEA,EN,Towers with Radar,100,162,99,22,383,0,0,20,13,33,100,162,119,35,416,2,27,29,445
08/23/2007,RIC,VA,AEA,EN,Towers with Radar,83,163,101,18,365,0,2,18,20,40,83,165,119,38,405,0,5,5,410
08/24/2007,RIC,VA,AEA,EN,Towers with Radar,85,168,68,19,340,0,2,46,8,56,85,170,114,27,396,0,6,6,402
08/25/2007,RIC,VA,AEA,EN,Towers with Radar,73,109,40,6,228,0,2,47,0,49,73,111,87,6,277,10,0,10,287
08/26/2007,RIC,VA,AEA,EN,Towers with Radar,76,124,51,5,256,0,0,21,2,23,76,124,72,7,279,0,0,0,279
08/27/2007,RIC,VA,AEA,EN,Towers with Radar,84,148,93,12,337,0,3,48,2,53,84,151,141,14,390,4,0,4,394
08/28/2007,RIC,VA,AEA,EN,Towers with Radar,96,186,90,14,386,0,1,43,6,50,96,187,133,20,436,0,2,2,438
08/29/2007,RIC,VA,AEA,EN,Towers with Radar,86,158,107,22,373,0,1,50,3,54,86,159,157,25,427,4,12,16,443
08/30/2007,RIC,VA,AEA,EN,Towers with Radar,86,164,75,13,338,0,3,45,8,56,86,167,120,21,394,0,2,2,396
08/31/2007,RIC,VA,AEA,EN,Towers with Radar,87,172,83,3,345,0,1,31,4,36,87,173,114,7,381,39,20,59,440
09/01/2007,RIC,VA,AEA,EN,Towers with Radar,66,95,46,0,207,0,3,44,0,47,66,98,90,0,254,10,0,10,264
09/02/2007,RIC,VA,AEA,EN,Towers with Radar,64,98,32,2,196,0,2,30,0,32,64,100,62,2,228,0,0,0,228
09/03/2007,RIC,VA,AEA,EN,Towers with Radar,74,133,47,0,254,0,8,39,0,47,74,141,86,0,301,8,12,20,321
09/04/2007,RIC,VA,AEA,EN,Towers with Radar,79,150,77,4,310,0,2,57,6,65,79,152,134,10,375,2,0,2,377
09/05/2007,RIC,VA,AEA,EN,Towers with Radar,91,163,86,2,342,0,0,55,4,59,91,163,141,6,401,14,0,14,415
09/06/2007,RIC,VA,AEA,EN,Towers with Radar,94,167,199,22,482,0,1,47,7,55,94,168,246,29,537,0,6,6,543
09/07/2007,RIC,VA,AEA,EN,Towers with Radar,91,151,120,20,382,0,2,89,22,113,91,153,209,42,495,6,16,22,517
09/08/2007,RIC,VA,AEA,EN,Towers with Radar,71,94,99,1,265,0,8,82,7,97,71,102,181,8,362,0,14,14,376
09/09/2007,RIC,VA,AEA,EN,Towers with Radar,80,126,138,0,344,0,0,23,5,28,80,126,161,5,372,2,5,7,379
09/10/2007,RIC,VA,AEA,EN,Towers with Radar,78,155,88,10,331,0,1,48,1,50,78,156,136,11,381,6,5,11,392
09/11/2007,RIC,VA,AEA,EN,Towers with Radar,84,149,70,9,312,0,1,35,7,43,84,150,105,16,355,0,24,24,379
09/12/2007,RIC,VA,AEA,EN,Towers with Radar,88,176,97,17,378,0,1,68,8,77,88,177,165,25,455,2,0,2,457
09/13/2007,RIC,VA,AEA,EN,Towers with Radar,88,162,82,4,336,0,8,82,4,94,88,170,164,8,430,38,0,38,468
09/14/2007,RIC,VA,AEA,EN,Towers with Radar,87,153,75,17,332,0,2,52,5,59,87,155,127,22,391,38,52,90,481
09/15/2007,RIC,VA,AEA,EN,Towers with Radar,68,97,22,2,189,0,1,34,2,37,68,98,56,4,226,25,0,25,251
09/16/2007,RIC,VA,AEA,EN,Towers with Radar,80,134,71,7,292,0,0,40,5,45,80,134,111,12,337,10,4,14,351
09/17/2007,RIC,VA,AEA,EN,Towers with Radar,81,148,90,21,340,0,1,45,7,53,81,149,135,28,393,0,12,12,405
09/18/2007,RIC,VA,AEA,EN,Towers with Radar,85,163,100,8,356,0,3,67,27,97,85,166,167,35,453,0,2,2,455
09/19/2007,RIC,VA,AEA,EN,Towers with Radar,91,167,102,18,378,0,0,51,23,74,91,167,153,41,452,8,32,40,492
09/20/2007,RIC,VA,AEA,EN,Towers with Radar,89,169,90,14,362,0,1,55,28,84,89,170,145,42,446,2,16,18,464
09/21/2007,RIC,VA,AEA,EN,Towers with Radar,91,157,90,12,350,0,1,45,12,58,91,158,135,24,408,0,28,28,436
09/22/2007,RIC,VA,AEA,EN,Towers with Radar,70,89,32,4,195,0,1,16,0,17,70,90,48,4,212,8,0,8,220
09/23/2007,RIC,VA,AEA,EN,Towers with Radar,75,117,65,3,260,0,1,25,0,26,75,118,90,3,286,9,0,9,295
09/24/2007,RIC,VA,AEA,EN,Towers with Radar,84,151,81,22,338,0,2,53,4,59,84,153,134,26,397,0,6,6,403
09/25/2007,RIC,VA,AEA,EN,Towers with Radar,85,163,100,19,367,0,3,75,3,81,85,166,175,22,448,4,10,14,462
09/26/2007,RIC,VA,AEA,EN,Towers with Radar,87,173,87,4,351,0,1,74,8,83,87,174,161,12,434,10,0,10,444
09/27/2007,RIC,VA,AEA,EN,Towers with Radar,88,168,94,17,367,0,9,53,8,70,88,177,147,25,437,0,0,0,437
09/28/2007,RIC,VA,AEA,EN,Towers with Radar,89,156,90,17,352,0,5,42,5,52,89,161,132,22,404,6,0,6,410
09/29/2007,RIC,VA,AEA,EN,Towers with Radar,73,94,46,2,215,0,2,52,0,54,73,96,98,2,269,0,0,0,269
09/30/2007,RIC,VA,AEA,EN,Towers with Radar,76,121,55,4,256,0,0,28,1,29,76,121,83,5,285,0,4,4,289
10/01/2007,RIC,VA,AEA,EN,Towers with Radar,84,154,67,0,305,0,0,42,0,42,84,156,109,0,349,0,0,0,355
10/02/2007,RIC,VA,AEA,EN,Towers with Radar,83,161,96,8,348,0,2,43,1,46,83,164,139,9,395,0,0,0,399
10/03/2007,RIC,VA,AEA,EN,Towers with Radar,87,168,96,11,362,0,0,22,4,26,87,172,118,15,392,0,0,0,395
10/04/2007,RIC,VA,AEA,EN,Towers with Radar,92,174,122,11,399,0,6,35,22,63,95,186,157,33,471,0,8,8,487
10/05/2007,RIC,VA,AEA,EN,Towers with Radar,88,163,107,5,363,0,0,10,0,10,88,165,117,5,375,0,0,0,378
10/06/2007,RIC,VA,AEA,EN,Towers with Radar,70,100,26,0,196,0,0,25,0,25,70,101,51,0,222,0,0,0,225
10/07/2007,RIC,VA,AEA,EN,Towers with Radar,75,118,56,0,249,0,0,44,3,47,75,131,100,3,309,16,6,22,335
10/08/2007,RIC,VA,AEA,EN,Towers with Radar,84,142,69,0,295,0,0,54,0,54,84,144,123,0,351,2,0,2,357
10/09/2007,RIC,VA,AEA,EN,Towers with Radar,87,140,108,2,337,0,0,52,0,52,87,140,160,2,389,0,0,0,395
10/10/2007,RIC,VA,AEA,EN,Towers with Radar,91,180,99,15,385,0,0,48,8,56,91,180,147,23,441,2,12,14,465
10/11/2007,RIC,VA,AEA,EN,Towers with Radar,85,166,94,22,367,0,0,36,4,40,85,169,130,26,410,2,18,20,438
10/12/2007,RIC,VA,AEA,EN,Towers with Radar,89,162,130,15,396,0,0,56,10,66,89,165,186,25,465,2,18,20,497
10/13/2007,RIC,VA,AEA,EN,Towers with Radar,69,104,30,10,213,0,1,54,26,81,69,117,84,36,306,0,0,0,310
10/14/2007,RIC,VA,AEA,EN,Towers with Radar,75,121,38,15,249,0,1,19,3,23,75,137,57,18,287,0,10,10,310
10/15/2007,RIC,VA,AEA,EN,Towers with Radar,83,144,79,8,314,0,5,50,0,55,83,151,129,8,371,4,0,4,408
10/16/2007,RIC,VA,AEA,EN,Towers with Radar,90,159,66,1,316,0,1,73,6,80,90,162,139,7,398,18,0,18,438
10/17/2007,RIC,VA,AEA,EN,Towers with Radar,89,177,86,11,363,0,0,35,16,51,89,178,121,27,415,4,10,14,443
10/18/2007,RIC,VA,AEA,EN,Towers with Radar,94,167,101,15,377,0,5,25,22,52,94,181,126,37,438,0,20,20,477
10/19/2007,RIC,VA,AEA,EN,Towers with Radar,86,155,67,19,327,0,0,26,5,31,86,155,93,24,358,0,0,0,363
10/20/2007,RIC,VA,AEA,EN,Towers with Radar,76,104,40,0,220,0,0,42,1,43,76,105,82,1,264,22,0,22,310
10/21/2007,RIC,VA,AEA,EN,Towers with Radar,80,128,47,8,263,0,0,38,1,39,80,133,85,9,307,0,0,0,316
10/22/2007,RIC,VA,AEA,EN,Towers with Radar,81,149,94,4,328,0,4,44,0,48,81,163,138,4,386,8,4,12,408
10/23/2007,RIC,VA,AEA,EN,Towers with Radar,85,163,84,29,361,0,1,38,7,46,85,172,122,36,415,8,12,20,442
10/24/2007,RIC,VA,AEA,EN,Towers with Radar,89,169,81,7,346,0,2,14,15,31,92,176,95,22,385,10,19,29,422
10/25/2007,RIC,VA,AEA,EN,Towers with Radar,92,171,102,0,365,0,0,0,0,0,92,175,102,0,369,0,0,0,369
10/26/2007,RIC,VA,AEA,EN,Towers with Radar,88,161,68,2,319,0,0,0,0,0,90,164,68,2,324,0,0,0,324
10/27/2007,RIC,VA,AEA,EN,Towers with Radar,72,90,51,6,219,1,5,22,3,31,73,99,73,9,254,63,0,63,321
10/28/2007,RIC,VA,AEA,EN,Towers with Radar,77,128,55,3,263,0,4,37,1,42,77,143,92,4,316,18,0,18,341
10/29/2007,RIC,VA,AEA,EN,Towers with Radar,82,148,69,2,301,0,0,57,7,64,82,148,126,9,365,4,4,8,390
10/30/2007,RIC,VA,AEA,EN,Towers with Radar,94,162,75,2,333,0,7,62,2,71,94,171,137,4,406,0,0,0,425
10/31/2007,RIC,VA,AEA,EN,Towers with Radar,93,150,82,4,329,0,0,49,4,53,93,150,131,8,382,22,0,22,410
11/01/2007,RIC,VA,AEA,EN,Towers with Radar,90,169,101,14,374,0,0,42,12,54,90,170,143,26,429,0,12,12,446
11/02/2007,RIC,VA,AEA,EN,Towers with Radar,90,166,65,5,326,0,2,48,15,65,90,171,113,20,394,16,0,16,422
11/03/2007,RIC,VA,AEA,EN,Towers with Radar,71,94,47,1,213,0,0,31,0,31,71,96,78,1,246,20,10,30,285
11/04/2007,RIC,VA,AEA,EN,Towers with Radar,74,127,50,1,252,0,0,52,1,53,74,127,102,2,305,0,0,0,310
11/05/2007,RIC,VA,AEA,EN,Towers with Radar,83,153,78,4,318,0,0,56,3,59,83,155,134,7,379,0,0,0,387
11/06/2007,RIC,VA,AEA,EN,Towers with Radar,89,155,64,12,320,0,0,39,8,47,89,156,103,20,368,25,0,25,396
11/07/2007,RIC,VA,AEA,EN,Towers with Radar,93,170,80,30,373,0,0,75,0,75,93,170,155,30,448,2,8,10,470
11/08/2007,RIC,VA,AEA,EN,Towers with Radar,90,164,85,19,358,0,0,65,2,67,90,164,150,21,425,18,1,19,474
11/09/2007,RIC,VA,AEA,EN,Towers with Radar,88,170,74,1,333,0,0,37,4,41,88,170,111,5,374,18,0,18,405
11/10/2007,RIC,VA,AEA,EN,Towers with Radar,71,100,52,3,226,0,0,11,1,12,71,101,63,4,239,14,0,14,255
11/11/2007,RIC,VA,AEA,EN,Towers with Radar,74,120,66,0,260,0,0,32,0,32,74,121,98,0,293,8,0,8,307
11/12/2007,RIC,VA,AEA,EN,Towers with Radar,84,152,55,7,298,0,1,44,0,45,84,158,99,7,348,0,0,0,360
11/13/2007,RIC,VA,AEA,EN,Towers with Radar,90,151,64,3,308,0,2,37,1,40,90,153,101,4,348,2,2,4,369
11/14/2007,RIC,VA,AEA,EN,Towers with Radar,98,165,96,12,371,0,1,48,4,53,101,167,144,16,428,0,6,6,444
11/15/2007,RIC,VA,AEA,EN,Towers with Radar,91,164,75,26,356,0,0,35,2,37,91,174,110,28,403,14,0,14,500
11/16/2007,RIC,VA,AEA,EN,Towers with Radar,87,163,87,6,343,0,0,33,14,47,87,188,120,20,415,16,11,27,472
11/17/2007,RIC,VA,AEA,EN,Towers with Radar,74,92,28,2,196,0,0,37,16,53,74,98,65,18,255,4,0,4,274
11/18/2007,RIC,VA,AEA,EN,Towers with Radar,81,120,43,0,244,0,2,35,2,39,81,125,78,2,286,6,0,6,304
11/19/2007,RIC,VA,AEA,EN,Towers with Radar,78,147,72,10,307,0,0,10,7,17,78,150,82,17,327,0,0,0,332
11/20/2007,RIC,VA,AEA,EN,Towers with Radar,86,173,97,36,392,0,0,38,1,39,86,175,135,37,433,0,6,6,449
11/21/2007,RIC,VA,AEA,EN,Towers with Radar,91,165,63,2,321,0,0,32,0,32,91,165,95,2,353,0,0,0,355
11/22/2007,RIC,VA,AEA,EN,Towers with Radar,52,100,8,0,160,0,2,8,0,10,52,113,16,0,181,0,0,0,189
11/23/2007,RIC,VA,AEA,EN,Towers with Radar,74,95,19,0,188,0,0,32,0,32,74,114,51,0,239,0,0,0,245
11/24/2007,RIC,VA,AEA,EN,Towers with Radar,69,105,42,2,218,0,0,33,1,34,70,110,75,3,258,0,0,0,266
11/25/2007,RIC,VA,AEA,EN,Towers with Radar,76,123,77,1,277,0,1,23,2,26,76,129,100,3,308,0,0,0,315
11/26/2007,RIC,VA,AEA,EN,Towers with Radar,87,169,64,15,335,0,0,8,0,8,87,170,72,15,344,0,0,0,345
11/27/2007,RIC,VA,AEA,EN,Towers with Radar,95,172,107,16,390,0,1,37,3,41,95,180,144,19,438,10,8,18,488
11/28/2007,RIC,VA,AEA,EN,Towers with Radar,89,160,87,1,337,0,6,62,16,84,89,172,149,17,427,8,0,8,473
11/29/2007,RIC,VA,AEA,EN,Towers with Radar,89,168,81,9,347,0,4,33,10,47,89,185,114,19,407,6,6,12,431
11/30/2007,RIC,VA,AEA,EN,Towers with Radar,88,159,64,11,322,0,0,56,9,65,88,167,120,20,395,4,8,12,416
12/01/2007,RIC,VA,AEA,EN,Towers with Radar,72,91,45,8,216,0,0,32,0,32,72,91,77,8,248,0,0,0,251
12/02/2007,RIC,VA,AEA,EN,Towers with Radar,73,117,45,4,239,0,0,28,3,31,73,121,73,7,274,4,2,6,287
12/03/2007,RIC,VA,AEA,EN,Towers with Radar,83,159,47,5,294,0,0,7,2,9,83,162,54,7,306,0,0,0,310
12/04/2007,RIC,VA,AEA,EN,Towers with Radar,91,158,72,9,330,0,2,33,3,38,92,164,105,12,373,8,2,10,388
12/05/2007,RIC,VA,AEA,EN,Towers with Radar,87,147,74,2,310,0,1,11,4,16,87,150,85,6,328,47,0,47,388
12/06/2007,RIC,VA,AEA,EN,Towers with Radar,96,163,91,17,367,0,0,78,1,79,96,167,169,18,450,19,2,21,479
12/07/2007,RIC,VA,AEA,EN,Towers with Radar,90,155,71,20,336,0,0,44,1,45,91,156,115,21,383,0,0,0,388
12/08/2007,RIC,VA,AEA,EN,Towers with Radar,74,92,39,0,205,0,0,43,0,43,74,92,82,0,248,30,0,30,283
12/09/2007,RIC,VA,AEA,EN,Towers with Radar,75,99,37,0,211,0,0,27,1,28,75,99,64,1,239,32,0,32,278
12/10/2007,RIC,VA,AEA,EN,Towers with Radar,83,150,73,15,321,0,0,50,10,60,83,154,123,25,385,20,6,26,430
12/11/2007,RIC,VA,AEA,EN,Towers with Radar,88,153,107,4,352,0,0,4,2,6,88,155,111,6,360,0,0,0,368
12/12/2007,RIC,VA,AEA,EN,Towers with Radar,92,170,88,9,359,0,0,44,9,53,92,171,132,18,413,2,2,4,425
12/13/2007,RIC,VA,AEA,EN,Towers with Radar,88,144,121,5,358,0,0,11,6,17,88,144,132,11,375,2,0,2,380
12/14/2007,RIC,VA,AEA,EN,Towers with Radar,93,145,70,5,313,0,0,20,2,22,93,146,90,7,336,0,0,0,338
12/15/2007,RIC,VA,AEA,EN,Towers with Radar,80,95,32,1,208,0,0,9,0,9,81,95,41,1,218,0,0,0,219
12/16/2007,RIC,VA,AEA,EN,Towers with Radar,73,108,27,1,209,0,0,1,1,2,74,109,28,2,213,0,0,0,214
12/17/2007,RIC,VA,AEA,EN,Towers with Radar,83,160,62,9,314,0,0,61,4,65,83,172,123,13,391,0,2,2,409
12/18/2007,RIC,VA,AEA,EN,Towers with Radar,99,166,91,18,374,0,2,74,3,79,99,175,165,21,460,22,4,26,511
12/19/2007,RIC,VA,AEA,EN,Towers with Radar,96,162,80,12,350,0,2,45,10,57,96,169,125,22,412,8,16,24,444
12/20/2007,RIC,VA,AEA,EN,Towers with Radar,99,161,77,25,362,0,0,51,13,64,99,163,128,38,428,4,20,24,474
12/21/2007,RIC,VA,AEA,EN,Towers with Radar,93,149,40,6,288,0,0,37,7,44,93,150,77,13,333,2,14,16,360
12/22/2007,RIC,VA,AEA,EN,Towers with Radar,77,107,23,0,207,0,0,6,0,6,77,113,29,0,219,0,0,0,225
12/23/2007,RIC,VA,AEA,EN,Towers with Radar,74,121,25,1,221,0,0,0,0,0,75,121,25,1,222,0,0,0,224
12/24/2007,RIC,VA,AEA,EN,Towers with Radar,65,98,9,2,174,0,4,29,0,33,65,104,38,2,209,0,0,0,216
12/25/2007,RIC,VA,AEA,EN,Towers with Radar,57,102,10,0,169,0,0,9,0,9,57,102,19,0,178,0,0,0,182
12/26/2007,RIC,VA,AEA,EN,Towers with Radar,88,133,25,2,248,0,0,0,0,0,88,133,25,2,248,0,0,0,248
12/27/2007,RIC,VA,AEA,EN,Towers with Radar,88,152,33,7,280,0,2,59,11,72,88,156,92,18,354,4,2,6,374
12/28/2007,RIC,VA,AEA,EN,Towers with Radar,78,145,39,6,268,0,2,13,9,24,78,149,52,15,294,0,0,0,301
12/29/2007,RIC,VA,AEA,EN,Towers with Radar,69,109,15,0,193,0,0,4,0,4,69,109,19,0,197,0,0,0,198
12/30/2007,RIC,VA,AEA,EN,Towers with Radar,72,115,16,0,203,0,0,2,0,2,72,115,18,0,205,0,0,0,206
12/31/2007,RIC,VA,AEA,EN,Towers with Radar,72,108,25,0,205,0,2,41,0,43,72,114,66,0,252,0,0,0,258
01/01/2008,RIC,VA,AEA,EN,Towers with Radar,72,112,32,0,216,0,0,41,0,41,72,116,73,0,261,0,0,0,264
01/02/2008,RIC,VA,AEA,EN,Towers with Radar,85,135,37,8,265,0,1,5,0,6,85,137,42,8,272,0,0,0,274
01/03/2008,RIC,VA,AEA,EN,Towers with Radar,83,152,47,6,288,0,0,23,0,23,83,153,70,6,312,0,0,0,314
01/04/2008,RIC,VA,AEA,EN,Towers with Radar,91,138,53,2,284,0,11,53,6,70,91,152,106,8,357,6,6,12,380
01/05/2008,RIC,VA,AEA,EN,Towers with Radar,69,100,37,6,212,0,0,30,3,33,69,109,67,9,254,0,32,32,289
01/06/2008,RIC,VA,AEA,EN,Towers with Radar,70,116,44,3,233,0,0,18,7,25,70,118,62,10,260,0,0,0,262
01/07/2008,RIC,VA,AEA,EN,Towers with Radar,79,137,48,3,267,0,0,46,7,53,80,138,94,10,322,0,0,0,327
01/08/2008,RIC,VA,AEA,EN,Towers with Radar,89,147,86,5,327,0,4,35,12,51,90,153,121,17,381,6,0,6,394
01/09/2008,RIC,VA,AEA,EN,Towers with Radar,90,152,60,24,326,0,1,21,8,30,90,157,81,32,360,2,22,24,394
01/10/2008,RIC,VA,AEA,EN,Towers with Radar,87,152,87,7,333,0,0,38,9,47,87,157,125,16,385,2,14,16,425
01/11/2008,RIC,VA,AEA,EN,Towers with Radar,86,155,43,18,302,0,0,21,6,27,86,162,64,24,336,0,0,0,343
01/12/2008,RIC,VA,AEA,EN,Towers with Radar,61,89,30,2,182,0,0,43,3,46,61,89,73,5,228,6,0,6,250
01/13/2008,RIC,VA,AEA,EN,Towers with Radar,64,120,47,4,235,0,0,8,0,8,64,120,55,4,243,0,0,0,248
01/14/2008,RIC,VA,AEA,EN,Towers with Radar,74,123,57,8,262,0,1,40,0,41,74,125,97,8,304,0,0,0,312
01/15/2008,RIC,VA,AEA,EN,Towers with Radar,86,142,90,10,328,0,0,27,11,38,87,145,117,21,370,0,18,18,392
01/16/2008,RIC,VA,AEA,EN,Towers with Radar,81,159,105,18,363,0,2,47,9,58,81,163,152,27,423,48,20,68,502
01/17/2008,RIC,VA,AEA,EN,Towers with Radar,91,153,56,0,300,0,0,1,0,1,91,153,57,0,301,0,0,0,303
01/18/2008,RIC,VA,AEA,EN,Towers with Radar,91,141,75,24,331,0,0,34,5,39,91,142,109,29,371,0,4,4,384
01/19/2008,RIC,VA,AEA,EN,Towers with Radar,44,91,18,4,157,0,4,7,0,11,44,100,25,4,173,0,5,5,182
01/20/2008,RIC,VA,AEA,EN,Towers with Radar,69,107,28,0,204,0,2,24,0,26,69,110,52,0,231,2,0,2,238
01/21/2008,RIC,VA,AEA,EN,Towers with Radar,76,137,43,0,256,0,6,47,0,53,76,148,90,0,314,12,0,12,330
01/22/2008,RIC,VA,AEA,EN,Towers with Radar,50,87,53,4,194,0,0,16,1,17,50,87,69,5,211,0,0,0,212
01/23/2008,RIC,VA,AEA,EN,Towers with Radar,84,151,89,19,343,0,0,51,7,58,84,152,140,26,402,8,17,25,443
01/24/2008,RIC,VA,AEA,EN,Towers with Radar,86,161,80,21,348,0,0,13,10,23,86,162,93,31,372,0,6,6,384
01/25/2008,RIC,VA,AEA,EN,Towers with Radar,86,151,67,31,335,0,0,61,14,75,86,161,128,45,420,0,8,8,434
01/26/2008,RIC,VA,AEA,EN,Towers with Radar,58,97,29,3,187,0,4,40,1,45,58,112,69,4,243,0,0,0,254
01/27/2008,RIC,VA,AEA,EN,Towers with Radar,71,110,37,1,219,0,1,28,1,30,71,124,65,2,262,10,0,10,284
01/28/2008,RIC,VA,AEA,EN,Towers with Radar,82,141,63,18,304,0,1,44,0,45,82,143,107,18,350,0,0,0,361
01/29/2008,RIC,VA,AEA,EN,Towers with Radar,86,139,69,11,305,0,0,31,10,41,87,141,100,21,349,0,3,3,359
01/30/2008,RIC,VA,AEA,EN,Towers with Radar,91,143,82,15,331,0,6,28,4,38,91,156,110,19,376,12,0,12,398
01/31/2008,RIC,VA,AEA,EN,Towers with Radar,82,149,82,2,315,0,4,55,16,75,82,154,137,18,391,0,24,24,431
02/01/2008,RIC,VA,AEA,EN,Towers with Radar,83,146,48,0,277,0,2,3,1,6,83,153,51,1,288,0,0,0,291
02/02/2008,RIC,VA,AEA,EN,Towers with Radar,63,93,34,1,191,0,0,36,0,36,63,93,70,1,227,0,0,0,231
02/03/2008,RIC,VA,AEA,EN,Towers with Radar,67,110,33,4,214,0,0,39,0,39,67,110,72,4,253,0,0,0,255
02/04/2008,RIC,VA,AEA,EN,Towers with Radar,76,133,75,2,286,0,4,31,6,41,76,139,106,8,329,0,0,0,336
02/05/2008,RIC,VA,AEA,EN,Towers with Radar,94,134,59,4,291,0,1,34,0,35,94,139,93,4,330,0,6,6,337
02/06/2008,RIC,VA,AEA,EN,Towers with Radar,86,136,55,4,281,0,1,12,11,24,86,146,67,15,314,0,0,0,317
02/07/2008,RIC,VA,AEA,EN,Towers with Radar,92,149,73,21,335,0,5,42,21,68,98,158,115,42,413,11,31,42,484
02/08/2008,RIC,VA,AEA,EN,Towers with Radar,82,148,55,11,296,0,0,60,1,61,82,148,115,12,357,0,0,0,364
02/09/2008,RIC,VA,AEA,EN,Towers with Radar,63,92,29,9,193,0,0,45,1,46,63,92,74,10,239,0,0,0,241
02/10/2008,RIC,VA,AEA,EN,Towers with Radar,65,112,30,3,210,0,0,8,0,8,65,112,38,3,218,0,0,0,220
02/11/2008,RIC,VA,AEA,EN,Towers with Radar,76,145,71,4,296,0,4,66,11,81,76,156,137,15,384,0,0,0,406
02/12/2008,RIC,VA,AEA,EN,Towers with Radar,79,149,76,14,318,0,0,15,5,20,79,151,91,19,340,20,2,22,362
02/13/2008,RIC,VA,AEA,EN,Towers with Radar,81,160,55,5,301,0,0,0,0,0,81,160,55,5,301,0,0,0,301
02/14/2008,RIC,VA,AEA,EN,Towers with Radar,85,176,69,11,341,1,2,42,0,45,86,178,111,11,386,0,0,0,396
02/15/2008,RIC,VA,AEA,EN,Towers with Radar,84,155,69,11,319,0,0,36,8,44,84,164,105,19,372,0,14,14,396
02/16/2008,RIC,VA,AEA,EN,Towers with Radar,66,104,34,4,208,0,2,46,2,50,66,111,80,6,263,18,0,18,286
02/17/2008,RIC,VA,AEA,EN,Towers with Radar,65,111,58,4,238,0,2,18,0,20,65,121,76,4,266,0,0,0,273
02/18/2008,RIC,VA,AEA,EN,Towers with Radar,83,132,53,0,268,0,0,15,2,17,83,138,68,2,291,6,0,6,299
02/19/2008,RIC,VA,AEA,EN,Towers with Radar,86,138,85,9,318,0,0,19,0,19,86,139,104,9,338,0,0,0,342
02/20/2008,RIC,VA,AEA,EN,Towers with Radar,86,159,79,31,355,0,0,32,3,35,86,159,111,34,390,0,0,0,395
02/21/2008,RIC,VA,AEA,EN,Towers with Radar,84,147,92,26,349,0,1,60,8,69,84,152,152,34,422,0,54,54,491
02/22/2008,RIC,VA,AEA,EN,Towers with Radar,82,123,18,4,227,0,0,0,0,0,82,123,18,4,227,0,0,0,227
02/23/2008,RIC,VA,AEA,EN,Towers with Radar,68,104,39,2,213,0,0,3,0,3,68,106,42,2,218,0,0,0,218
02/24/2008,RIC,VA,AEA,EN,Towers with Radar,71,120,45,4,240,1,0,39,1,41,72,126,84,5,287,6,0,6,301
02/25/2008,RIC,VA,AEA,EN,Towers with Radar,71,150,65,5,291,0,1,38,1,40,71,157,103,6,337,2,0,2,359
02/26/2008,RIC,VA,AEA,EN,Towers with Radar,80,149,58,13,300,0,0,8,1,9,80,152,66,14,312,10,8,18,336
02/27/2008,RIC,VA,AEA,EN,Towers with Radar,84,162,68,3,317,0,0,25,7,32,84,166,93,10,353,10,2,12,372
02/28/2008,RIC,VA,AEA,EN,Towers with Radar,86,158,91,2,337,0,0,55,9,64,86,170,146,11,413,0,0,0,423
02/29/2008,RIC,VA,AEA,EN,Towers with Radar,85,143,62,3,293,0,0,52,6,58,85,146,114,9,354,0,8,8,428
03/01/2008,RIC,VA,AEA,EN,Towers with Radar,66,98,17,1,182,0,0,12,9,21,67,105,29,10,211,0,0,0,217
03/02/2008,RIC,VA,AEA,EN,Towers with Radar,73,112,41,0,226,0,1,55,22,78,73,124,96,22,315,12,0,12,390
03/03/2008,RIC,VA,AEA,EN,Towers with Radar,75,136,33,11,255,0,0,38,2,40,75,146,71,13,305,0,0,0,315
03/04/2008,RIC,VA,AEA,EN,Towers with Radar,84,128,53,18,283,0,3,7,4,14,85,132,60,22,299,6,2,8,309
03/05/2008,RIC,VA,AEA,EN,Towers with Radar,92,151,66,24,333,0,2,50,17,69,93,153,116,41,403,28,0,28,448
03/06/2008,RIC,VA,AEA,EN,Towers with Radar,79,151,87,20,337,1,2,75,9,87,80,158,162,29,429,16,0,16,456
03/07/2008,RIC,VA,AEA,EN,Towers with Radar,83,164,70,0,317,0,0,2,0,2,84,166,72,0,322,0,0,0,324
03/08/2008,RIC,VA,AEA,EN,Towers with Radar,76,106,20,0,202,0,1,1,0,2,77,109,21,0,207,0,0,0,207
03/09/2008,RIC,VA,AEA,EN,Towers with Radar,70,106,53,9,238,0,1,40,1,42,70,111,93,10,284,0,10,10,299
03/10/2008,RIC,VA,AEA,EN,Towers with Radar,82,134,50,29,295,0,5,47,3,55,82,152,97,32,363,0,0,0,378
03/11/2008,RIC,VA,AEA,EN,Towers with Radar,90,146,62,35,333,1,0,61,8,70,92,154,123,43,412,10,22,32,452
03/12/2008,RIC,VA,AEA,EN,Towers with Radar,87,147,64,6,304,0,0,53,17,70,87,154,117,23,381,6,0,6,411
03/13/2008,RIC,VA,AEA,EN,Towers with Radar,90,154,79,4,327,0,4,60,9,73,90,161,139,13,403,24,40,64,496
03/14/2008,RIC,VA,AEA,EN,Towers with Radar,89,150,47,18,304,0,0,41,7,48,90,153,88,25,356,0,8,8,377
03/15/2008,RIC,VA,AEA,EN,Towers with Radar,59,105,45,2,211,0,0,16,0,16,59,105,61,2,227,0,0,0,231
03/16/2008,RIC,VA,AEA,EN,Towers with Radar,76,125,56,6,263,0,0,19,4,23,76,125,75,10,286,0,0,0,287
03/17/2008,RIC,VA,AEA,EN,Towers with Radar,80,137,56,12,285,0,0,31,1,32,80,140,87,13,320,0,0,0,326
03/18/2008,RIC,VA,AEA,EN,Towers with Radar,83,130,86,17,316,0,0,68,2,70,83,134,154,19,390,6,30,36,439
03/19/2008,RIC,VA,AEA,EN,Towers with Radar,78,150,69,17,314,0,0,6,7,13,78,152,75,24,329,8,4,12,343
03/20/2008,RIC,VA,AEA,EN,Towers with Radar,86,154,70,10,320,0,1,20,15,36,86,162,90,25,363,4,12,16,383
03/21/2008,RIC,VA,AEA,EN,Towers with Radar,85,143,47,14,289,0,0,76,2,78,85,147,123,16,371,0,21,21,402
03/22/2008,RIC,VA,AEA,EN,Towers with Radar,68,96,29,5,198,0,0,32,2,34,68,98,61,7,234,10,6,16,256
03/23/2008,RIC,VA,AEA,EN,Towers with Radar,70,108,26,0,204,0,2,31,0,33,70,115,57,0,242,6,0,6,260
03/24/2008,RIC,VA,AEA,EN,Towers with Radar,81,143,69,6,299,0,0,21,0,21,81,146,90,6,323,6,1,7,333
03/25/2008,RIC,VA,AEA,EN,Towers with Radar,85,150,91,1,327,0,2,56,3,61,85,154,147,4,390,2,2,4,397
03/26/2008,RIC,VA,AEA,EN,Towers with Radar,86,159,60,2,307,0,0,39,5,44,86,165,99,7,357,0,0,0,359
03/27/2008,RIC,VA,AEA,EN,Towers with Radar,84,150,63,8,305,0,1,42,11,54,84,154,105,19,362,6,2,8,393
03/28/2008,RIC,VA,AEA,EN,Towers with Radar,85,142,48,7,282,0,2,35,13,50,85,148,83,20,336,6,2,8,366
03/29/2008,RIC,VA,AEA,EN,Towers with Radar,73,98,32,2,205,0,0,25,1,26,73,98,57,3,231,0,0,0,237
03/30/2008,RIC,VA,AEA,EN,Towers with Radar,73,118,37,1,229,0,0,8,0,8,73,118,45,1,237,0,0,0,243
03/31/2008,RIC,VA,AEA,EN,Towers with Radar,76,145,72,15,308,0,0,0,0,0,78,145,72,15,310,0,0,0,313
04/01/2008,RIC,VA,AEA,EN,Towers with Radar,84,149,70,16,319,0,2,4,0,6,85,156,74,16,331,0,4,4,340
04/02/2008,RIC,VA,AEA,EN,Towers with Radar,94,151,62,11,318,0,1,54,8,63,94,155,116,19,384,0,33,33,428
04/03/2008,RIC,VA,AEA,EN,Towers with Radar,88,162,72,10,332,0,0,24,8,32,88,163,96,18,365,0,2,2,380
04/04/2008,RIC,VA,AEA,EN,Towers with Radar,84,143,43,5,275,0,0,19,0,19,85,146,62,5,298,0,0,0,303
04/05/2008,RIC,VA,AEA,EN,Towers with Radar,60,104,20,4,188,0,0,0,0,0,60,104,20,4,188,0,0,0,188
04/06/2008,RIC,VA,AEA,EN,Towers with Radar,66,116,46,0,228,0,0,0,0,0,66,116,46,0,228,0,0,0,228
04/07/2008,RIC,VA,AEA,EN,Towers with Radar,81,145,65,6,297,0,1,0,0,1,81,146,65,6,298,0,0,0,298
04/08/2008,RIC,VA,AEA,EN,Towers with Radar,85,144,79,4,312,0,0,17,1,18,85,146,96,5,332,4,8,12,346
04/09/2008,RIC,VA,AEA,EN,Towers with Radar,81,170,101,29,381,0,0,48,4,52,81,173,149,33,436,8,18,26,470
04/10/2008,RIC,VA,AEA,EN,Towers with Radar,85,162,80,11,338,1,1,35,11,48,86,164,115,22,387,6,2,8,403
04/11/2008,RIC,VA,AEA,EN,Towers with Radar,84,149,54,22,309,0,1,41,11,53,84,155,95,33,367,2,28,30,400
04/12/2008,RIC,VA,AEA,EN,Towers with Radar,63,112,37,6,218,0,5,23,1,29,63,125,60,7,255,0,0,0,261
04/13/2008,RIC,VA,AEA,EN,Towers with Radar,69,116,40,6,231,0,0,34,1,35,69,116,74,7,266,0,0,0,275
04/14/2008,RIC,VA,AEA,EN,Towers with Radar,81,133,49,18,281,0,0,36,0,36,81,133,85,18,317,0,0,0,320
04/15/2008,RIC,VA,AEA,EN,Towers with Radar,90,147,79,16,332,0,3,43,6,52,90,155,122,22,389,32,10,42,435
04/16/2008,RIC,VA,AEA,EN,Towers with Radar,88,138,80,21,327,1,2,64,5,72,89,140,144,26,399,32,0,32,436
04/17/2008,RIC,VA,AEA,EN,Towers with Radar,88,147,82,24,341,0,2,71,15,88,88,155,153,39,435,22,0,22,463
04/18/2008,RIC,VA,AEA,EN,Towers with Radar,86,142,73,16,317,2,2,76,19,99,88,146,149,35,418,0,40,40,467
04/19/2008,RIC,VA,AEA,EN,Towers with Radar,60,107,43,11,221,0,2,28,1,31,60,111,71,12,254,6,17,23,284
04/20/2008,RIC,VA,AEA,EN,Towers with Radar,71,110,37,2,220,0,0,0,0,0,71,110,37,2,220,0,0,0,220
04/21/2008,RIC,VA,AEA,EN,Towers with Radar,80,143,36,3,262,0,0,1,0,1,81,143,37,3,264,0,0,0,265
04/22/2008,RIC,VA,AEA,EN,Towers with Radar,90,143,71,7,311,0,1,14,1,16,90,144,85,8,327,0,0,0,329
04/23/2008,RIC,VA,AEA,EN,Towers with Radar,87,148,89,31,355,1,1,30,1,33,88,149,119,32,388,0,12,12,415
04/24/2008,RIC,VA,AEA,EN,Towers with Radar,89,153,80,16,338,0,3,62,6,71,90,157,142,22,411,24,6,30,449
04/25/2008,RIC,VA,AEA,EN,Towers with Radar,82,139,66,8,295,0,2,43,0,45,82,142,109,8,341,0,0,0,343
04/26/2008,RIC,VA,AEA,EN,Towers with Radar,72,100,34,11,217,0,0,18,1,19,72,100,52,12,236,0,0,0,239
04/27/2008,RIC,VA,AEA,EN,Towers with Radar,67,95,41,6,209,0,0,1,0,1,68,96,42,6,212,0,0,0,212
04/28/2008,RIC,VA,AEA,EN,Towers with Radar,76,136,44,4,260,0,0,6,0,6,78,136,50,4,268,0,0,0,268
04/29/2008,RIC,VA,AEA,EN,Towers with Radar,87,151,77,11,326,0,1,26,10,37,87,154,103,21,365,0,6,6,379
04/30/2008,RIC,VA,AEA,EN,Towers with Radar,86,143,79,5,313,0,1,74,5,80,88,145,153,10,396,0,0,0,402
05/01/2008,RIC,VA,AEA,EN,Towers with Radar,86,159,128,4,377,0,1,38,15,54,86,161,166,19,432,0,0,0,440
05/02/2008,RIC,VA,AEA,EN,Towers with Radar,87,159,124,10,380,0,2,76,8,86,87,161,200,18,466,10,12,22,508
05/03/2008,RIC,VA,AEA,EN,Towers with Radar,57,117,89,12,275,0,0,74,11,85,58,117,163,23,361,6,0,6,368
05/04/2008,RIC,VA,AEA,EN,Towers with Radar,73,124,98,26,321,0,0,53,10,63,73,126,151,36,386,24,2,26,424
05/05/2008,RIC,VA,AEA,EN,Towers with Radar,78,153,60,7,298,0,1,30,11,42,79,154,90,18,341,0,0,0,343
05/06/2008,RIC,VA,AEA,EN,Towers with Radar,88,147,55,14,304,0,1,34,5,40,88,148,89,19,344,0,0,0,349
05/07/2008,RIC,VA,AEA,EN,Towers with Radar,88,164,75,2,329,0,2,52,6,60,88,166,127,8,389,0,0,0,395
05/08/2008,RIC,VA,AEA,EN,Towers with Radar,93,171,71,2,337,0,1,22,20,43,93,173,93,22,381,1,9,10,403
05/09/2008,RIC,VA,AEA,EN,Towers with Radar,91,165,60,6,322,0,2,12,11,25,91,172,72,17,352,6,14,20,381
05/10/2008,RIC,VA,AEA,EN,Towers with Radar,59,112,38,3,212,0,0,15,4,19,59,114,53,7,233,0,0,0,237
05/11/2008,RIC,VA,AEA,EN,Towers with Radar,74,118,37,0,229,0,0,7,2,9,75,119,44,2,240,0,0,0,243
05/12/2008,RIC,VA,AEA,EN,Towers with Radar,75,152,46,12,285,0,0,9,1,10,75,152,55,13,295,0,0,0,296
05/13/2008,RIC,VA,AEA,EN,Towers with Radar,87,153,75,10,325,0,1,63,13,77,87,156,138,23,404,0,0,0,411
05/14/2008,RIC,VA,AEA,EN,Towers with Radar,92,160,68,12,332,0,1,61,7,69,92,162,129,19,402,0,0,0,408
05/15/2008,RIC,VA,AEA,EN,Towers with Radar,88,153,73,10,324,0,0,41,2,43,88,153,114,12,367,0,0,0,372
05/16/2008,RIC,VA,AEA,EN,Towers with Radar,84,144,71,11,310,0,3,20,17,40,85,157,91,28,361,0,28,28,395
05/17/2008,RIC,VA,AEA,EN,Towers with Radar,63,117,33,2,215,0,1,36,13,50,63,126,69,15,273,4,0,4,282
05/18/2008,RIC,VA,AEA,EN,Towers with Radar,61,89,26,1,177,0,0,10,0,10,61,89,36,1,187,0,0,0,188
05/19/2008,RIC,VA,AEA,EN,Towers with Radar,75,140,54,6,275,0,1,35,3,39,75,142,89,9,315,0,0,0,320
05/20/2008,RIC,VA,AEA,EN,Towers with Radar,78,144,64,9,295,0,2,18,6,26,78,146,82,15,321,0,8,8,333
05/21/2008,RIC,VA,AEA,EN,Towers with Radar,91,168,85,13,357,0,1,38,8,47,91,169,123,21,404,0,8,8,418
05/22/2008,RIC,VA,AEA,EN,Towers with Radar,89,159,149,27,424,0,0,0,0,0,89,159,149,27,424,2,0,2,426
05/23/2008,RIC,VA,AEA,EN,Towers with Radar,89,148,46,3,286,0,2,36,1,39,89,152,82,4,327,18,0,18,363
05/24/2008,RIC,VA,AEA,EN,Towers with Radar,58,98,24,0,180,0,0,27,0,27,58,99,51,0,208,8,2,10,222
05/25/2008,RIC,VA,AEA,EN,Towers with Radar,55,82,35,0,172,0,2,21,0,23,55,85,56,0,196,0,0,0,202
05/26/2008,RIC,VA,AEA,EN,Towers with Radar,74,110,39,0,223,0,0,26,0,26,74,112,65,0,251,0,0,0,260
05/27/2008,RIC,VA,AEA,EN,Towers with Radar,81,141,76,5,303,0,0,31,2,33,81,142,107,7,337,6,10,16,367
05/28/2008,RIC,VA,AEA,EN,Towers with Radar,95,152,87,14,348,0,1,41,1,43,95,154,128,15,392,0,0,0,397
05/29/2008,RIC,VA,AEA,EN,Towers with Radar,88,166,73,25,352,0,0,60,5,65,88,166,133,30,417,0,0,0,425
05/30/2008,RIC,VA,AEA,EN,Towers with Radar,88,147,45,26,306,0,0,42,6,48,88,149,87,32,356,0,0,0,361
05/31/2008,RIC,VA,AEA,EN,Towers with Radar,86,105,24,2,217,0,0,19,0,19,86,105,43,2,236,0,0,0,237
06/01/2008,RIC,VA,AEA,EN,Towers with Radar,76,116,30,8,230,0,0,21,3,24,76,117,51,11,255,1,1,2,271
06/02/2008,RIC,VA,AEA,EN,Towers with Radar,86,153,55,5,299,0,1,69,3,73,86,158,124,8,376,0,0,0,384
06/03/2008,RIC,VA,AEA,EN,Towers with Radar,88,152,54,3,297,0,0,40,3,43,88,154,94,6,342,0,0,0,349
06/04/2008,RIC,VA,AEA,EN,Towers with Radar,117,147,72,14,350,0,1,37,0,38,118,148,109,14,389,0,0,0,394
06/05/2008,RIC,VA,AEA,EN,Towers with Radar,89,169,77,15,350,0,0,50,8,58,90,173,127,23,413,0,4,4,424
06/06/2008,RIC,VA,AEA,EN,Towers with Radar,85,146,71,15,317,0,0,19,5,24,85,147,90,20,342,0,0,0,351
06/07/2008,RIC,VA,AEA,EN,Towers with Radar,106,126,35,4,271,0,4,27,1,32,106,136,62,5,309,6,0,6,325
06/08/2008,RIC,VA,AEA,EN,Towers with Radar,69,118,54,21,262,0,0,15,0,15,69,121,69,21,280,0,4,4,287
06/09/2008,RIC,VA,AEA,EN,Towers with Radar,0,0,0,0,0,77,156,82,14,329,77,156,82,14,329,0,0,0,329
06/10/2008,RIC,VA,AEA,EN,Towers with Radar,98,157,93,5,353,0,1,32,0,33,99,159,125,5,388,0,0,0,396
06/11/2008,RIC,VA,AEA,EN,Towers with Radar,87,151,61,9,308,0,1,54,0,55,87,153,115,9,364,0,0,0,366
06/12/2008,RIC,VA,AEA,EN,Towers with Radar,92,150,69,6,317,0,0,49,3,52,92,150,118,9,369,0,0,0,374
06/13/2008,RIC,VA,AEA,EN,Towers with Radar,85,142,81,10,318,0,0,31,4,35,85,143,112,14,354,0,0,0,360
06/14/2008,RIC,VA,AEA,EN,Towers with Radar,90,108,36,8,242,0,0,21,0,21,91,109,57,8,265,0,0,0,272
06/15/2008,RIC,VA,AEA,EN,Towers with Radar,73,124,43,1,241,0,0,21,0,21,73,124,64,1,262,0,0,0,265
06/16/2008,RIC,VA,AEA,EN,Towers with Radar,93,145,71,10,319,0,0,27,1,28,95,153,98,11,357,6,0,6,369
06/17/2008,RIC,VA,AEA,EN,Towers with Radar,94,149,86,21,350,1,2,34,1,38,95,153,120,22,390,2,6,8,406
06/18/2008,RIC,VA,AEA,EN,Towers with Radar,97,144,59,9,309,0,1,47,8,56,97,149,106,17,369,18,0,18,397
06/19/2008,RIC,VA,AEA,EN,Towers with Radar,98,143,67,27,335,0,2,32,7,41,98,145,99,34,376,0,0,0,381
06/20/2008,RIC,VA,AEA,EN,Towers with Radar,92,144,69,15,320,0,1,47,4,52,92,152,116,19,379,0,4,4,415
06/21/2008,RIC,VA,AEA,EN,Towers with Radar,78,103,31,3,215,0,0,23,1,24,78,103,54,4,239,0,0,0,243
06/22/2008,RIC,VA,AEA,EN,Towers with Radar,74,116,41,0,231,0,0,11,0,11,74,117,52,0,243,0,0,0,250
06/23/2008,RIC,VA,AEA,EN,Towers with Radar,84,135,69,23,311,0,1,26,0,27,84,139,95,23,341,0,0,0,343
06/24/2008,RIC,VA,AEA,EN,Towers with Radar,104,145,76,12,337,0,1,37,3,41,104,146,113,15,378,0,0,0,383
06/25/2008,RIC,VA,AEA,EN,Towers with Radar,94,148,95,13,350,0,1,51,1,53,94,150,146,14,404,0,0,0,412
06/26/2008,RIC,VA,AEA,EN,Towers with Radar,89,145,87,6,327,0,1,37,4,42,89,152,124,10,375,2,8,10,390
06/27/2008,RIC,VA,AEA,EN,Towers with Radar,95,137,50,9,291,0,4,25,4,33,95,143,75,13,326,0,0,0,337
06/28/2008,RIC,VA,AEA,EN,Towers with Radar,75,93,46,7,221,0,1,28,0,29,75,94,74,7,250,0,0,0,256
06/29/2008,RIC,VA,AEA,EN,Towers with Radar,75,108,47,0,230,0,0,9,4,13,75,117,56,4,252,14,0,14,283
06/30/2008,RIC,VA,AEA,EN,Towers with Radar,88,133,51,4,276,0,1,27,1,29,88,134,78,5,305,18,0,18,327
07/01/2008,RIC,VA,AEA,EN,Towers with Radar,91,145,48,1,285,0,4,49,1,54,91,149,97,2,339,29,0,29,368
07/02/2008,RIC,VA,AEA,EN,Towers with Radar,91,143,57,32,323,0,0,39,11,50,91,143,96,43,373,23,13,36,409
07/03/2008,RIC,VA,AEA,EN,Towers with Radar,87,149,38,6,280,0,3,32,0,35,87,152,70,6,315,0,0,0,315
07/04/2008,RIC,VA,AEA,EN,Towers with Radar,65,83,31,0,179,0,0,11,1,12,65,83,42,1,191,0,0,0,191
07/05/2008,RIC,VA,AEA,EN,Towers with Radar,62,85,17,0,164,0,0,3,0,3,62,85,20,0,167,0,0,0,167
07/06/2008,RIC,VA,AEA,EN,Towers with Radar,69,132,35,1,237,1,0,2,0,3,70,132,37,1,240,0,0,0,240
07/07/2008,RIC,VA,AEA,EN,Towers with Radar,86,138,46,2,272,0,0,3,1,4,86,138,49,3,276,0,0,0,276
07/08/2008,RIC,VA,AEA,EN,Towers with Radar,85,146,85,2,318,0,0,30,16,46,85,146,115,18,364,0,10,10,374
07/09/2008,RIC,VA,AEA,EN,Towers with Radar,90,150,68,6,314,0,0,5,1,6,90,150,73,7,320,0,0,0,320
07/10/2008,RIC,VA,AEA,EN,Towers with Radar,91,160,60,2,313,0,0,34,1,35,91,160,94,3,348,0,0,0,348
07/11/2008,RIC,VA,AEA,EN,Towers with Radar,89,146,58,8,301,0,0,61,5,66,89,146,119,13,367,4,4,8,375
07/12/2008,RIC,VA,AEA,EN,Towers with Radar,67,99,24,1,191,0,1,36,14,51,67,100,60,15,242,22,0,22,264
07/13/2008,RIC,VA,AEA,EN,Towers with Radar,70,126,41,14,251,0,0,28,5,33,70,126,69,19,284,14,0,14,298
07/14/2008,RIC,VA,AEA,EN,Towers with Radar,81,153,75,9,318,0,0,23,6,29,81,153,98,15,347,0,0,0,347
07/15/2008,RIC,VA,AEA,EN,Towers with Radar,98,151,65,5,319,0,2,54,3,59,98,153,119,8,378,8,10,18,396
07/16/2008,RIC,VA,AEA,EN,Towers with Radar,88,149,68,21,326,0,8,52,7,67,88,157,120,28,393,0,0,0,393
07/17/2008,RIC,VA,AEA,EN,Towers with Radar,91,151,72,8,322,0,0,50,28,78,91,151,122,36,400,15,17,32,432
07/18/2008,RIC,VA,AEA,EN,Towers with Radar,90,139,49,6,284,0,3,42,18,63,90,142,91,24,347,0,2,2,349
07/19/2008,RIC,VA,AEA,EN,Towers with Radar,69,110,28,0,207,0,0,16,1,17,69,110,44,1,224,0,1,1,225
07/20/2008,RIC,VA,AEA,EN,Towers with Radar,78,122,32,1,233,0,2,21,2,25,78,124,53,3,258,48,0,48,306
07/21/2008,RIC,VA,AEA,EN,Towers with Radar,82,142,61,4,289,0,3,29,1,33,82,145,90,5,322,0,0,0,322
07/22/2008,RIC,VA,AEA,EN,Towers with Radar,105,143,52,18,318,0,1,32,13,46,105,144,84,31,364,5,20,25,389
07/23/2008,RIC,VA,AEA,EN,Towers with Radar,99,142,53,2,296,0,0,23,8,31,99,142,76,10,327,0,6,6,333
07/24/2008,RIC,VA,AEA,EN,Towers with Radar,91,157,75,14,337,0,0,37,8,45,91,157,112,22,382,8,26,34,416
07/25/2008,RIC,VA,AEA,EN,Towers with Radar,89,147,66,14,316,0,6,35,17,58,89,153,101,31,374,20,4,24,398
07/26/2008,RIC,VA,AEA,EN,Towers with Radar,67,101,17,4,189,0,1,9,2,12,67,102,26,6,201,2,4,6,207
07/27/2008,RIC,VA,AEA,EN,Towers with Radar,98,108,41,1,248,0,0,17,1,18,98,108,58,2,266,2,0,2,268
07/28/2008,RIC,VA,AEA,EN,Towers with Radar,81,150,48,7,286,0,11,23,3,37,81,161,71,10,323,6,0,6,329
07/29/2008,RIC,VA,AEA,EN,Towers with Radar,96,152,65,13,326,0,1,42,12,55,96,153,107,25,381,0,16,16,397
07/30/2008,RIC,VA,AEA,EN,Towers with Radar,90,148,53,11,302,0,0,42,6,48,90,148,95,17,350,0,0,0,350
07/31/2008,RIC,VA,AEA,EN,Towers with Radar,87,163,68,2,320,0,1,33,6,40,87,164,101,8,360,0,0,0,360
08/01/2008,RIC,VA,AEA,EN,Towers with Radar,89,143,58,2,292,0,0,40,6,46,89,143,98,8,338,8,4,12,350
08/02/2008,RIC,VA,AEA,EN,Towers with Radar,70,97,18,0,185,0,0,24,0,24,70,97,42,0,209,0,0,0,209
08/03/2008,RIC,VA,AEA,EN,Towers with Radar,73,132,36,10,251,0,1,19,1,21,73,133,55,11,272,4,7,11,283
08/04/2008,RIC,VA,AEA,EN,Towers with Radar,75,149,57,4,285,0,2,32,6,40,75,151,89,10,325,1,0,1,326
08/05/2008,RIC,VA,AEA,EN,Towers with Radar,92,151,56,8,307,0,4,47,9,60,92,155,103,17,367,0,0,0,367
08/06/2008,RIC,VA,AEA,EN,Towers with Radar,93,153,56,24,326,0,1,39,4,44,93,154,95,28,370,0,6,6,376
08/07/2008,RIC,VA,AEA,EN,Towers with Radar,97,152,64,25,338,0,2,29,9,40,97,154,93,34,378,0,14,14,392
08/08/2008,RIC,VA,AEA,EN,Towers with Radar,92,140,70,0,302,0,2,45,10,57,92,142,115,10,359,0,0,0,359
08/09/2008,RIC,VA,AEA,EN,Towers with Radar,76,95,30,1,202,0,5,30,1,36,76,100,60,2,238,24,2,26,264
08/10/2008,RIC,VA,AEA,EN,Towers with Radar,79,118,36,0,233,0,2,27,0,29,79,120,63,0,262,2,1,3,265
08/11/2008,RIC,VA,AEA,EN,Towers with Radar,60,114,52,8,234,0,1,54,0,55,60,115,106,8,289,2,12,14,303
08/12/2008,RIC,VA,AEA,EN,Towers with Radar,97,149,70,5,321,0,1,75,11,87,97,150,145,16,408,2,0,2,410
08/13/2008,RIC,VA,AEA,EN,Towers with Radar,102,149,56,13,320,0,0,63,4,67,102,149,119,17,387,2,15,17,404
08/14/2008,RIC,VA,AEA,EN,Towers with Radar,97,159,87,8,351,0,0,31,2,33,97,159,118,10,384,2,4,6,390
08/15/2008,RIC,VA,AEA,EN,Towers with Radar,98,145,56,1,300,0,3,39,5,47,98,148,95,6,347,4,2,6,353
08/16/2008,RIC,VA,AEA,EN,Towers with Radar,77,96,32,6,211,0,1,29,11,41,77,97,61,17,252,0,0,0,252
08/17/2008,RIC,VA,AEA,EN,Towers with Radar,84,132,36,0,252,0,5,24,1,30,84,137,60,1,282,0,0,0,282
08/18/2008,RIC,VA,AEA,EN,Towers with Radar,89,139,53,3,284,0,4,47,1,52,89,143,100,4,336,27,0,27,363
08/19/2008,RIC,VA,AEA,EN,Towers with Radar,100,130,60,8,298,0,1,41,1,43,100,131,101,9,341,0,0,0,341
08/20/2008,RIC,VA,AEA,EN,Towers with Radar,91,136,67,17,311,0,1,58,8,67,91,137,125,25,378,6,14,20,398
08/21/2008,RIC,VA,AEA,EN,Towers with Radar,98,140,82,16,336,0,1,52,0,53,98,141,134,16,389,0,0,0,389
08/22/2008,RIC,VA,AEA,EN,Towers with Radar,103,142,53,5,303,0,0,53,10,63,103,142,106,15,366,2,8,10,376
08/23/2008,RIC,VA,AEA,EN,Towers with Radar,78,84,26,3,191,0,0,23,4,27,78,84,49,7,218,0,0,0,218
08/24/2008,RIC,VA,AEA,EN,Towers with Radar,75,131,38,0,244,0,0,28,0,28,75,131,66,0,272,0,0,0,272
08/25/2008,RIC,VA,AEA,EN,Towers with Radar,90,142,61,7,300,0,0,22,1,23,90,142,83,8,323,2,0,2,325
08/26/2008,RIC,VA,AEA,EN,Towers with Radar,96,129,66,28,319,0,2,27,3,32,96,131,93,31,351,0,35,35,386
08/27/2008,RIC,VA,AEA,EN,Towers with Radar,107,148,54,14,323,0,0,11,1,12,107,148,65,15,335,0,14,14,349
08/28/2008,RIC,VA,AEA,EN,Towers with Radar,101,138,78,5,322,0,0,0,0,0,101,138,78,5,322,0,0,0,322
08/29/2008,RIC,VA,AEA,EN,Towers with Radar,98,141,61,3,303,0,0,22,0,22,98,141,83,3,325,2,0,2,327
08/30/2008,RIC,VA,AEA,EN,Towers with Radar,69,84,19,3,175,0,6,31,0,37,69,90,50,3,212,0,2,2,214
08/31/2008,RIC,VA,AEA,EN,Towers with Radar,63,92,17,3,175,0,0,24,1,25,63,92,41,4,200,0,0,0,200
09/01/2008,RIC,VA,AEA,EN,Towers with Radar,78,108,17,0,203,0,0,30,0,30,78,108,47,0,233,0,0,0,233
09/02/2008,RIC,VA,AEA,EN,Towers with Radar,96,129,66,17,308,0,0,59,19,78,96,129,125,36,386,2,46,48,434
09/03/2008,RIC,VA,AEA,EN,Towers with Radar,103,127,65,3,298,0,0,36,0,36,103,127,101,3,334,0,0,0,334
09/04/2008,RIC,VA,AEA,EN,Towers with Radar,97,136,153,8,394,0,0,58,2,60,97,136,211,10,454,0,0,0,454
09/05/2008,RIC,VA,AEA,EN,Towers with Radar,100,139,120,0,359,0,1,18,0,19,100,140,138,0,378,0,0,0,378
09/06/2008,RIC,VA,AEA,EN,Towers with Radar,66,74,11,0,151,0,0,1,0,1,66,74,12,0,152,0,0,0,152
09/07/2008,RIC,VA,AEA,EN,Towers with Radar,81,128,149,11,369,0,0,34,1,35,81,128,183,12,404,0,0,0,404
09/08/2008,RIC,VA,AEA,EN,Towers with Radar,86,132,65,18,301,0,2,17,8,27,86,134,82,26,328,2,8,10,338
09/09/2008,RIC,VA,AEA,EN,Towers with Radar,110,124,85,20,339,0,0,31,2,33,110,124,116,22,372,0,0,0,372
09/10/2008,RIC,VA,AEA,EN,Towers with Radar,96,130,51,27,304,0,0,28,1,29,96,130,79,28,333,0,0,0,333
09/11/2008,RIC,VA,AEA,EN,Towers with Radar,101,142,95,12,350,0,0,18,9,27,101,142,113,21,377,0,8,8,385
09/12/2008,RIC,VA,AEA,EN,Towers with Radar,101,140,63,9,313,0,0,26,5,31,101,140,89,14,344,0,5,5,349
09/13/2008,RIC,VA,AEA,EN,Towers with Radar,77,69,25,2,173,0,0,20,7,27,77,69,45,9,200,0,0,0,200
09/14/2008,RIC,VA,AEA,EN,Towers with Radar,84,103,36,2,225,0,0,38,2,40,84,103,74,4,265,2,0,2,267
09/15/2008,RIC,VA,AEA,EN,Towers with Radar,93,126,52,29,300,0,0,48,0,48,93,126,100,29,348,0,2,2,350
09/16/2008,RIC,VA,AEA,EN,Towers with Radar,98,137,75,39,349,0,2,29,7,38,98,139,104,46,387,0,12,12,399
09/17/2008,RIC,VA,AEA,EN,Towers with Radar,98,137,60,32,327,0,0,55,0,55,98,137,115,32,382,0,0,0,382
09/18/2008,RIC,VA,AEA,EN,Towers with Radar,100,148,70,27,345,0,1,66,10,77,100,149,136,37,422,0,18,18,440
09/19/2008,RIC,VA,AEA,EN,Towers with Radar,104,135,69,37,345,0,1,62,10,73,104,136,131,47,418,10,8,18,436
09/20/2008,RIC,VA,AEA,EN,Towers with Radar,82,80,27,3,192,0,0,24,2,26,82,80,51,5,218,0,0,0,218
09/21/2008,RIC,VA,AEA,EN,Towers with Radar,83,109,45,1,238,0,0,38,0,38,83,109,83,1,276,2,1,3,279
09/22/2008,RIC,VA,AEA,EN,Towers with Radar,92,131,51,15,289,0,0,54,0,54,92,131,105,15,343,0,0,0,343
09/23/2008,RIC,VA,AEA,EN,Towers with Radar,98,125,67,27,317,0,0,24,0,24,98,125,91,27,341,0,0,0,341
09/24/2008,RIC,VA,AEA,EN,Towers with Radar,95,126,63,10,294,0,1,27,15,43,95,127,90,25,337,2,6,8,345
09/25/2008,RIC,VA,AEA,EN,Towers with Radar,94,129,57,5,285,0,0,2,0,2,94,129,59,5,287,0,0,0,287
09/26/2008,RIC,VA,AEA,EN,Towers with Radar,98,123,41,7,269,0,1,0,0,1,98,124,41,7,270,0,0,0,270
09/27/2008,RIC,VA,AEA,EN,Towers with Radar,78,76,28,2,184,0,0,12,0,12,78,76,40,2,196,26,0,26,222
09/28/2008,RIC,VA,AEA,EN,Towers with Radar,84,114,60,1,259,0,1,17,2,20,84,115,77,3,279,0,0,0,279
09/29/2008,RIC,VA,AEA,EN,Towers with Radar,93,132,58,6,289,0,0,37,4,41,93,132,95,10,330,0,0,0,330
09/30/2008,RIC,VA,AEA,EN,Towers with Radar,103,128,73,10,314,0,0,14,9,23,103,128,87,19,337,0,14,14,351
10/01/2008,RIC,VA,AEA,EN,Towers with Radar,97,136,84,38,355,0,0,22,17,39,97,136,106,55,394,0,16,16,410
10/02/2008,RIC,VA,AEA,EN,Towers with Radar,100,145,91,1,337,0,0,48,5,53,100,145,139,6,390,6,2,8,398
10/03/2008,RIC,VA,AEA,EN,Towers with Radar,100,138,47,1,286,0,0,69,12,81,100,138,116,13,367,14,0,14,381
10/04/2008,RIC,VA,AEA,EN,Towers with Radar,76,77,24,0,177,0,1,48,6,55,76,78,72,6,232,18,4,22,254
10/05/2008,RIC,VA,AEA,EN,Towers with Radar,86,114,34,0,234,0,0,26,0,26,86,114,60,0,260,0,0,0,260
10/06/2008,RIC,VA,AEA,EN,Towers with Radar,93,136,42,22,293,0,1,37,0,38,93,137,79,22,331,12,4,16,347
10/07/2008,RIC,VA,AEA,EN,Towers with Radar,99,129,54,26,308,0,0,33,2,35,99,129,87,28,343,2,0,2,345
10/08/2008,RIC,VA,AEA,EN,Towers with Radar,99,136,62,7,304,0,1,39,4,44,99,137,101,11,348,6,7,13,361
10/09/2008,RIC,VA,AEA,EN,Towers with Radar,101,136,66,26,329,0,0,33,12,45,101,136,99,38,374,8,2,10,384
10/10/2008,RIC,VA,AEA,EN,Towers with Radar,99,133,60,36,328,0,1,53,9,63,99,134,113,45,391,6,10,16,407
10/11/2008,RIC,VA,AEA,EN,Towers with Radar,76,75,18,5,174,0,0,34,1,35,76,75,52,6,209,0,0,0,209
10/12/2008,RIC,VA,AEA,EN,Towers with Radar,82,98,41,0,221,0,0,28,2,30,82,98,69,2,251,0,0,0,251
10/13/2008,RIC,VA,AEA,EN,Towers with Radar,96,133,70,4,303,0,0,46,0,46,96,133,116,4,349,2,0,2,351
10/14/2008,RIC,VA,AEA,EN,Towers with Radar,98,123,58,26,305,0,0,57,0,57,98,123,115,26,362,0,0,0,362
10/15/2008,RIC,VA,AEA,EN,Towers with Radar,100,126,73,4,303,0,1,39,14,54,100,127,112,18,357,0,14,14,371
10/16/2008,RIC,VA,AEA,EN,Towers with Radar,100,155,77,16,348,0,1,34,21,56,100,156,111,37,404,4,0,4,408
10/17/2008,RIC,VA,AEA,EN,Towers with Radar,103,133,68,5,309,0,0,1,0,1,103,133,69,5,310,0,0,0,310
10/18/2008,RIC,VA,AEA,EN,Towers with Radar,75,77,22,4,178,0,0,36,1,37,75,77,58,5,215,0,0,0,215
10/19/2008,RIC,VA,AEA,EN,Towers with Radar,86,106,35,1,228,0,0,27,2,29,86,106,62,3,257,0,0,0,257
10/20/2008,RIC,VA,AEA,EN,Towers with Radar,94,132,70,24,320,0,0,48,0,48,94,132,118,24,368,4,16,20,388
10/21/2008,RIC,VA,AEA,EN,Towers with Radar,101,130,58,18,307,0,0,47,4,51,101,130,105,22,358,0,8,8,366
10/22/2008,RIC,VA,AEA,EN,Towers with Radar,97,134,56,15,302,0,0,50,10,60,97,134,106,25,362,16,14,30,392
10/23/2008,RIC,VA,AEA,EN,Towers with Radar,102,135,80,3,320,0,0,42,1,43,102,135,122,4,363,0,0,0,363
10/24/2008,RIC,VA,AEA,EN,Towers with Radar,97,135,44,7,283,0,0,47,11,58,97,135,91,18,341,4,22,26,367
10/25/2008,RIC,VA,AEA,EN,Towers with Radar,77,73,82,5,237,0,0,4,0,4,77,73,86,5,241,0,0,0,241
10/26/2008,RIC,VA,AEA,EN,Towers with Radar,81,120,97,4,302,0,1,41,6,48,81,121,138,10,350,0,0,0,350
10/27/2008,RIC,VA,AEA,EN,Towers with Radar,93,133,58,5,289,0,0,12,4,16,93,133,70,9,305,0,8,8,313
10/28/2008,RIC,VA,AEA,EN,Towers with Radar,106,129,47,10,292,0,1,14,7,22,106,130,61,17,314,1,6,7,321
10/29/2008,RIC,VA,AEA,EN,Towers with Radar,98,129,75,5,307,0,0,22,2,24,98,129,97,7,331,0,0,0,331
10/30/2008,RIC,VA,AEA,EN,Towers with Radar,102,139,74,19,334,0,1,41,8,50,102,140,115,27,384,0,11,11,395
10/31/2008,RIC,VA,AEA,EN,Towers with Radar,98,129,56,2,285,0,0,42,2,44,98,129,98,4,329,16,0,16,345
11/01/2008,RIC,VA,AEA,EN,Towers with Radar,73,79,32,2,186,0,0,35,4,39,73,79,67,6,225,6,0,6,231
11/02/2008,RIC,VA,AEA,EN,Towers with Radar,83,108,42,2,235,0,0,8,0,8,83,108,50,2,243,0,0,0,243
11/03/2008,RIC,VA,AEA,EN,Towers with Radar,90,139,57,5,291,0,0,13,1,14,90,139,70,6,305,0,0,0,305
11/04/2008,RIC,VA,AEA,EN,Towers with Radar,99,122,53,10,284,0,0,0,0,0,99,122,53,10,284,0,0,0,284
11/05/2008,RIC,VA,AEA,EN,Towers with Radar,101,131,76,15,323,0,0,3,1,4,101,131,79,16,327,0,0,0,327
11/06/2008,RIC,VA,AEA,EN,Towers with Radar,90,149,75,11,325,0,1,15,1,17,90,150,90,12,342,0,0,0,342
11/07/2008,RIC,VA,AEA,EN,Towers with Radar,97,141,55,5,298,0,0,48,0,48,97,141,103,5,346,0,0,0,346
11/08/2008,RIC,VA,AEA,EN,Towers with Radar,73,85,32,0,190,0,2,24,1,27,73,87,56,1,217,6,1,7,224
11/09/2008,RIC,VA,AEA,EN,Towers with Radar,83,108,40,1,232,0,0,25,0,25,83,108,65,1,257,0,0,0,257
11/10/2008,RIC,VA,AEA,EN,Towers with Radar,90,143,34,7,274,0,0,51,0,51,90,143,85,7,325,0,0,0,325
11/11/2008,RIC,VA,AEA,EN,Towers with Radar,98,126,52,5,281,0,0,58,0,58,98,126,110,5,339,0,0,0,339
11/12/2008,RIC,VA,AEA,EN,Towers with Radar,98,154,66,14,332,0,0,32,8,40,98,154,98,22,372,4,8,12,384
11/13/2008,RIC,VA,AEA,EN,Towers with Radar,97,129,52,0,278,0,0,4,2,6,97,129,56,2,284,0,0,0,284
11/14/2008,RIC,VA,AEA,EN,Towers with Radar,95,131,48,11,285,0,0,0,0,0,95,131,48,11,285,0,0,0,285
11/15/2008,RIC,VA,AEA,EN,Towers with Radar,72,90,9,9,180,0,0,6,1,7,72,90,15,10,187,0,8,8,195
11/16/2008,RIC,VA,AEA,EN,Towers with Radar,82,111,52,0,245,0,0,13,3,16,82,111,65,3,261,0,0,0,261
11/17/2008,RIC,VA,AEA,EN,Towers with Radar,84,123,34,4,245,0,0,48,2,50,84,123,82,6,295,0,0,0,295
11/18/2008,RIC,VA,AEA,EN,Towers with Radar,97,135,44,15,291,0,0,15,12,27,97,135,59,27,318,0,0,0,318
11/19/2008,RIC,VA,AEA,EN,Towers with Radar,97,137,67,10,311,0,0,37,4,41,97,137,104,14,352,0,0,0,352
11/20/2008,RIC,VA,AEA,EN,Towers with Radar,95,143,61,20,319,0,0,44,7,51,95,143,105,27,370,0,0,0,370
11/21/2008,RIC,VA,AEA,EN,Towers with Radar,101,133,40,9,283,0,0,18,10,28,101,133,58,19,311,6,0,6,317
11/22/2008,RIC,VA,AEA,EN,Towers with Radar,75,82,25,4,186,0,0,37,0,37,75,82,62,4,223,3,1,4,227
11/23/2008,RIC,VA,AEA,EN,Towers with Radar,84,108,35,1,228,0,0,42,1,43,84,108,77,2,271,0,0,0,271
11/24/2008,RIC,VA,AEA,EN,Towers with Radar,85,131,63,31,310,0,0,29,7,36,85,131,92,38,346,36,12,48,394
11/25/2008,RIC,VA,AEA,EN,Towers with Radar,98,134,45,22,299,0,0,22,0,22,98,134,67,22,321,0,22,22,343
11/26/2008,RIC,VA,AEA,EN,Towers with Radar,102,141,35,2,280,0,4,32,0,36,102,145,67,2,316,0,0,0,316
11/27/2008,RIC,VA,AEA,EN,Towers with Radar,52,69,10,0,131,0,0,19,0,19,52,69,29,0,150,34,0,34,184
11/28/2008,RIC,VA,AEA,EN,Towers with Radar,67,70,26,1,164,0,0,15,1,16,67,70,41,2,180,0,0,0,180
11/29/2008,RIC,VA,AEA,EN,Towers with Radar,79,95,30,3,207,0,0,35,0,35,79,95,65,3,242,1,0,1,243
11/30/2008,RIC,VA,AEA,EN,Towers with Radar,87,113,42,0,242,0,0,1,0,1,87,113,43,0,243,0,0,0,243
12/01/2008,RIC,VA,AEA,EN,Towers with Radar,92,142,43,2,279,0,0,10,0,10,92,142,53,2,289,0,0,0,289
12/02/2008,RIC,VA,AEA,EN,Towers with Radar,97,128,59,6,290,0,0,38,1,39,97,128,97,7,329,0,20,20,349
12/03/2008,RIC,VA,AEA,EN,Towers with Radar,100,136,47,5,288,0,0,45,12,57,100,136,92,17,345,4,8,12,357
12/04/2008,RIC,VA,AEA,EN,Towers with Radar,105,143,51,9,308,0,0,28,7,35,105,143,79,16,343,0,26,26,369
12/05/2008,RIC,VA,AEA,EN,Towers with Radar,97,137,52,16,302,0,0,35,5,40,97,137,87,21,342,4,4,8,350
12/06/2008,RIC,VA,AEA,EN,Towers with Radar,73,88,21,2,184,0,0,26,1,27,73,88,47,3,211,0,0,0,211
12/07/2008,RIC,VA,AEA,EN,Towers with Radar,81,112,26,1,220,0,2,11,4,17,81,114,37,5,237,0,2,2,239
12/08/2008,RIC,VA,AEA,EN,Towers with Radar,85,129,40,23,277,0,1,50,3,54,85,130,90,26,331,2,6,8,339
12/09/2008,RIC,VA,AEA,EN,Towers with Radar,97,121,61,9,288,0,0,29,3,32,97,121,90,12,320,0,18,18,338
12/10/2008,RIC,VA,AEA,EN,Towers with Radar,96,137,60,12,305,0,0,10,8,18,96,137,70,20,323,0,0,0,323
12/11/2008,RIC,VA,AEA,EN,Towers with Radar,111,124,44,2,281,0,0,0,0,0,111,124,44,2,281,0,0,0,281
12/12/2008,RIC,VA,AEA,EN,Towers with Radar,97,134,73,4,308,0,0,30,1,31,97,134,103,5,339,0,0,0,339
12/13/2008,RIC,VA,AEA,EN,Towers with Radar,74,92,27,11,204,0,0,45,3,48,74,92,72,14,252,0,0,0,252
12/14/2008,RIC,VA,AEA,EN,Towers with Radar,82,110,52,0,244,0,0,31,0,31,82,110,83,0,275,0,0,0,275
12/15/2008,RIC,VA,AEA,EN,Towers with Radar,89,140,52,13,294,0,3,34,0,37,89,143,86,13,331,0,10,10,341
12/16/2008,RIC,VA,AEA,EN,Towers with Radar,98,118,38,7,261,0,0,3,0,3,98,118,41,7,264,0,0,0,264
12/17/2008,RIC,VA,AEA,EN,Towers with Radar,106,136,69,13,324,0,0,1,0,1,106,136,70,13,325,0,0,0,325
12/18/2008,RIC,VA,AEA,EN,Towers with Radar,98,142,83,8,331,0,0,19,2,21,98,142,102,10,352,4,0,4,356
12/19/2008,RIC,VA,AEA,EN,Towers with Radar,86,117,41,11,255,0,0,6,0,6,86,117,47,11,261,0,0,0,261
12/20/2008,RIC,VA,AEA,EN,Towers with Radar,73,104,30,22,229,0,0,17,4,21,73,104,47,26,250,0,18,18,268
12/21/2008,RIC,VA,AEA,EN,Towers with Radar,69,112,16,4,201,0,0,5,0,5,69,112,21,4,206,0,0,0,206
12/22/2008,RIC,VA,AEA,EN,Towers with Radar,94,125,58,9,286,0,0,32,3,35,94,125,90,12,321,12,16,28,349
12/23/2008,RIC,VA,AEA,EN,Towers with Radar,96,133,29,10,268,0,0,18,6,24,96,133,47,16,292,0,8,8,300
12/24/2008,RIC,VA,AEA,EN,Towers with Radar,82,101,5,6,194,0,0,11,0,11,82,101,16,6,205,0,0,0,205
12/25/2008,RIC,VA,AEA,EN,Towers with Radar,60,78,9,0,147,0,0,8,0,8,60,78,17,0,155,0,0,0,155
12/26/2008,RIC,VA,AEA,EN,Towers with Radar,82,120,32,0,234,0,0,12,0,12,82,120,44,0,246,0,0,0,246
12/27/2008,RIC,VA,AEA,EN,Towers with Radar,70,99,26,8,203,0,0,1,0,1,70,99,27,8,204,0,0,0,204
12/28/2008,RIC,VA,AEA,EN,Towers with Radar,75,130,22,0,227,0,0,2,0,2,75,130,24,0,229,0,0,0,229
12/29/2008,RIC,VA,AEA,EN,Towers with Radar,88,125,41,5,259,1,1,30,2,34,89,126,71,7,293,14,0,14,307
12/30/2008,RIC,VA,AEA,EN,Towers with Radar,84,127,34,3,248,0,1,40,0,41,84,128,74,3,289,0,0,0,289
12/31/2008,RIC,VA,AEA,EN,Towers with Radar,77,106,7,0,190,0,0,13,0,13,77,106,20,0,203,0,0,0,203
01/01/2009,RIC,VA,AEA,EN,Towers with Radar,72,85,15,0,172,0,0,33,0,33,72,85,48,0,205,6,0,6,211
01/02/2009,RIC,VA,AEA,EN,Towers with Radar,85,114,27,2,228,0,2,16,0,18,85,116,43,2,246,0,0,0,246
01/03/2009,RIC,VA,AEA,EN,Towers with Radar,70,98,30,2,200,0,0,36,1,37,70,98,66,3,237,0,10,10,247
01/04/2009,RIC,VA,AEA,EN,Towers with Radar,74,123,26,0,223,0,0,9,0,9,74,123,35,0,232,0,0,0,232
01/05/2009,RIC,VA,AEA,EN,Towers with Radar,87,131,35,4,257,0,0,6,9,15,87,131,41,13,272,8,18,26,298
01/06/2009,RIC,VA,AEA,EN,Towers with Radar,88,125,32,3,248,0,0,0,0,0,88,125,32,3,248,0,0,0,248
01/07/2009,RIC,VA,AEA,EN,Towers with Radar,87,132,36,10,265,0,0,5,0,5,87,132,41,10,270,2,6,8,278
01/08/2009,RIC,VA,AEA,EN,Towers with Radar,88,128,53,25,294,0,0,28,1,29,88,128,81,26,323,10,0,10,333
01/09/2009,RIC,VA,AEA,EN,Towers with Radar,85,129,42,1,257,0,4,59,10,73,85,133,101,11,330,4,18,22,352
01/10/2009,RIC,VA,AEA,EN,Towers with Radar,55,77,21,16,169,0,2,25,4,31,55,79,46,20,200,4,30,34,234
01/11/2009,RIC,VA,AEA,EN,Towers with Radar,72,105,28,2,207,0,0,27,3,30,72,105,55,5,237,0,6,6,243
01/12/2009,RIC,VA,AEA,EN,Towers with Radar,78,127,39,5,249,0,0,43,7,50,78,127,82,12,299,6,0,6,305
01/13/2009,RIC,VA,AEA,EN,Towers with Radar,84,132,53,17,286,0,0,24,3,27,84,132,77,20,313,12,6,18,331
01/14/2009,RIC,VA,AEA,EN,Towers with Radar,83,135,38,27,283,0,2,62,3,67,83,137,100,30,350,8,38,46,396
01/15/2009,RIC,VA,AEA,EN,Towers with Radar,81,130,51,6,268,0,0,33,0,33,81,130,84,6,301,0,0,0,301
01/16/2009,RIC,VA,AEA,EN,Towers with Radar,86,127,50,4,267,0,12,49,1,62,86,139,99,5,329,2,0,2,331
01/17/2009,RIC,VA,AEA,EN,Towers with Radar,64,81,18,11,174,0,0,21,6,27,64,81,39,17,201,0,0,0,201
01/18/2009,RIC,VA,AEA,EN,Towers with Radar,68,99,13,27,207,0,0,12,8,20,68,99,25,35,227,1,38,39,266
01/19/2009,RIC,VA,AEA,EN,Towers with Radar,80,123,24,3,230,0,0,6,2,8,80,123,30,5,238,0,0,0,238
01/20/2009,RIC,VA,AEA,EN,Towers with Radar,89,124,49,0,262,0,0,20,2,22,89,124,69,2,284,0,0,0,284
01/21/2009,RIC,VA,AEA,EN,Towers with Radar,84,142,72,23,321,0,0,42,0,42,84,142,114,23,363,0,0,0,363
01/22/2009,RIC,VA,AEA,EN,Towers with Radar,90,128,51,17,286,0,2,48,13,63,90,130,99,30,349,20,2,22,371
01/23/2009,RIC,VA,AEA,EN,Towers with Radar,87,133,48,20,288,0,3,35,6,44,87,136,83,26,332,2,12,14,346
01/24/2009,RIC,VA,AEA,EN,Towers with Radar,64,78,22,2,166,0,2,16,2,20,64,80,38,4,186,0,0,0,186
01/25/2009,RIC,VA,AEA,EN,Towers with Radar,71,101,27,2,201,0,0,18,1,19,71,101,45,3,220,0,0,0,220
01/26/2009,RIC,VA,AEA,EN,Towers with Radar,79,128,34,11,252,0,0,34,2,36,79,128,68,13,288,15,2,17,305
01/27/2009,RIC,VA,AEA,EN,Towers with Radar,88,123,32,2,245,0,0,2,0,2,88,123,34,2,247,0,0,0,247
01/28/2009,RIC,VA,AEA,EN,Towers with Radar,74,113,24,9,220,0,0,4,1,5,74,113,28,10,225,0,0,0,225
01/29/2009,RIC,VA,AEA,EN,Towers with Radar,84,134,47,18,283,0,2,66,5,73,84,136,113,23,356,16,8,24,380
01/30/2009,RIC,VA,AEA,EN,Towers with Radar,86,124,57,17,284,0,2,45,4,51,86,126,102,21,335,24,12,36,371
01/31/2009,RIC,VA,AEA,EN,Towers with Radar,62,83,29,2,176,0,0,46,10,56,62,83,75,12,232,0,0,0,232
02/01/2009,RIC,VA,AEA,EN,Towers with Radar,71,101,21,18,211,0,0,15,0,15,71,101,36,18,226,0,0,0,226
02/02/2009,RIC,VA,AEA,EN,Towers with Radar,78,128,42,7,255,0,0,30,4,34,78,128,72,11,289,0,0,0,289
02/03/2009,RIC,VA,AEA,EN,Towers with Radar,75,124,39,27,265,0,0,22,23,45,75,124,61,50,310,2,16,18,328
02/04/2009,RIC,VA,AEA,EN,Towers with Radar,83,127,57,19,286,0,0,25,17,42,83,127,82,36,328,0,20,20,348
02/05/2009,RIC,VA,AEA,EN,Towers with Radar,87,140,47,4,278,0,1,46,11,58,87,141,93,15,336,8,2,10,346
02/06/2009,RIC,VA,AEA,EN,Towers with Radar,90,137,44,14,285,0,1,32,15,48,90,138,76,29,333,0,20,20,353
02/07/2009,RIC,VA,AEA,EN,Towers with Radar,62,86,35,0,183,0,0,28,10,38,62,86,63,10,221,0,2,2,223
02/08/2009,RIC,VA,AEA,EN,Towers with Radar,71,107,29,6,213,0,0,15,2,17,71,107,44,8,230,0,0,0,230
02/09/2009,RIC,VA,AEA,EN,Towers with Radar,82,137,30,25,274,0,0,43,3,46,82,137,73,28,320,50,24,74,394
02/10/2009,RIC,VA,AEA,EN,Towers with Radar,86,126,46,1,259,0,2,24,5,31,86,128,70,6,290,0,0,0,290
02/11/2009,RIC,VA,AEA,EN,Towers with Radar,83,140,41,7,271,0,0,19,4,23,83,140,60,11,294,14,0,14,308
02/12/2009,RIC,VA,AEA,EN,Towers with Radar,87,139,42,0,268,0,0,8,0,8,87,139,50,0,276,0,0,0,276
02/13/2009,RIC,VA,AEA,EN,Towers with Radar,81,131,66,4,282,0,1,31,3,35,81,132,97,7,317,3,0,3,320
02/14/2009,RIC,VA,AEA,EN,Towers with Radar,59,105,34,4,202,0,0,19,6,25,59,105,53,10,227,0,4,4,231
02/15/2009,RIC,VA,AEA,EN,Towers with Radar,67,108,45,0,220,0,0,22,0,22,67,108,67,0,242,0,0,0,242
02/16/2009,RIC,VA,AEA,EN,Towers with Radar,77,128,35,0,240,0,1,19,6,26,77,129,54,6,266,0,0,0,266
02/17/2009,RIC,VA,AEA,EN,Towers with Radar,84,130,66,2,282,0,0,28,5,33,84,130,94,7,315,18,5,23,338
02/18/2009,RIC,VA,AEA,EN,Towers with Radar,85,137,39,1,262,0,1,1,1,3,85,138,40,2,265,0,0,0,265
02/19/2009,RIC,VA,AEA,EN,Towers with Radar,84,140,66,5,295,0,0,19,3,22,84,140,85,8,317,0,3,3,320
02/20/2009,RIC,VA,AEA,EN,Towers with Radar,82,142,54,1,279,0,0,7,6,13,82,142,61,7,292,0,14,14,306
02/21/2009,RIC,VA,AEA,EN,Towers with Radar,61,91,52,2,206,0,0,13,4,17,61,91,65,6,223,6,2,8,231
02/22/2009,RIC,VA,AEA,EN,Towers with Radar,70,113,33,4,220,0,2,1,0,3,70,115,34,4,223,0,0,0,223
02/23/2009,RIC,VA,AEA,EN,Towers with Radar,82,132,48,9,271,0,1,13,5,19,82,133,61,14,290,0,20,20,310
02/24/2009,RIC,VA,AEA,EN,Towers with Radar,94,137,79,17,327,0,0,16,14,30,94,137,95,31,357,0,42,42,399
02/25/2009,RIC,VA,AEA,EN,Towers with Radar,86,144,56,5,291,0,0,30,5,35,86,144,86,10,326,2,10,12,338
02/26/2009,RIC,VA,AEA,EN,Towers with Radar,84,151,62,15,312,0,0,32,8,40,84,151,94,23,352,30,18,48,400
02/27/2009,RIC,VA,AEA,EN,Towers with Radar,87,144,45,5,281,0,1,8,6,15,87,145,53,11,296,16,0,16,312
02/28/2009,RIC,VA,AEA,EN,Towers with Radar,58,99,20,2,179,0,0,2,0,2,58,99,22,2,181,4,0,4,185
03/01/2009,RIC,VA,AEA,EN,Towers with Radar,41,107,21,0,169,0,0,0,0,0,41,107,21,0,169,0,0,0,169
03/02/2009,RIC,VA,AEA,EN,Towers with Radar,68,90,26,0,184,0,0,1,0,1,68,90,27,0,185,0,0,0,185
03/03/2009,RIC,VA,AEA,EN,Towers with Radar,91,129,43,0,263,0,0,9,0,9,91,129,52,0,272,0,0,0,272
03/04/2009,RIC,VA,AEA,EN,Towers with Radar,84,153,69,12,318,0,0,13,1,14,84,153,82,13,332,0,20,20,352
03/05/2009,RIC,VA,AEA,EN,Towers with Radar,84,147,61,10,302,0,0,18,1,19,84,147,79,11,321,0,0,0,321
03/06/2009,RIC,VA,AEA,EN,Towers with Radar,80,146,63,8,297,0,4,19,5,28,80,150,82,13,325,6,6,12,337
03/07/2009,RIC,VA,AEA,EN,Towers with Radar,57,104,64,11,236,0,0,19,2,21,57,104,83,13,257,0,0,0,257
03/08/2009,RIC,VA,AEA,EN,Towers with Radar,73,111,54,5,243,0,0,22,14,36,73,111,76,19,279,10,14,24,303
03/09/2009,RIC,VA,AEA,EN,Towers with Radar,78,138,51,4,271,0,0,20,0,20,78,138,71,4,291,26,0,26,317
03/10/2009,RIC,VA,AEA,EN,Towers with Radar,84,134,77,13,308,0,0,28,13,41,84,134,105,26,349,4,12,16,365
03/11/2009,RIC,VA,AEA,EN,Towers with Radar,82,149,49,28,308,0,0,27,13,40,82,149,76,41,348,0,20,20,368
03/12/2009,RIC,VA,AEA,EN,Towers with Radar,88,152,87,6,333,0,0,22,2,24,88,152,109,8,357,0,0,0,357
03/13/2009,RIC,VA,AEA,EN,Towers with Radar,80,150,30,6,266,0,0,0,0,0,80,150,30,6,266,0,0,0,266
03/14/2009,RIC,VA,AEA,EN,Towers with Radar,59,102,12,4,177,0,0,1,0,1,59,102,13,4,178,0,0,0,178
03/15/2009,RIC,VA,AEA,EN,Towers with Radar,68,127,26,2,223,0,0,0,0,0,68,127,26,2,223,0,0,0,223
03/16/2009,RIC,VA,AEA,EN,Towers with Radar,78,145,38,6,267,0,0,1,0,1,78,145,39,6,268,0,0,0,268
03/17/2009,RIC,VA,AEA,EN,Towers with Radar,89,136,61,15,301,0,0,9,1,10,89,136,70,16,311,0,0,0,311
03/18/2009,RIC,VA,AEA,EN,Towers with Radar,86,152,64,11,313,0,0,22,2,24,86,152,86,13,337,0,0,0,337
03/19/2009,RIC,VA,AEA,EN,Towers with Radar,87,144,69,15,315,0,0,31,14,45,87,144,100,29,360,6,26,32,392
03/20/2009,RIC,VA,AEA,EN,Towers with Radar,82,145,46,18,291,0,0,25,10,35,82,145,71,28,326,0,16,16,342
03/21/2009,RIC,VA,AEA,EN,Towers with Radar,56,99,55,3,213,0,0,23,3,26,56,99,78,6,239,14,0,14,253
03/22/2009,RIC,VA,AEA,EN,Towers with Radar,69,113,50,4,236,0,0,22,0,22,69,113,72,4,258,0,0,0,258
03/23/2009,RIC,VA,AEA,EN,Towers with Radar,78,140,44,11,273,0,0,20,4,24,78,140,64,15,297,1,9,10,307
03/24/2009,RIC,VA,AEA,EN,Towers with Radar,86,137,49,21,293,0,0,15,2,17,86,137,64,23,310,0,0,0,310
03/25/2009,RIC,VA,AEA,EN,Towers with Radar,85,153,60,12,310,0,0,14,7,21,85,153,74,19,331,2,24,26,357
03/26/2009,RIC,VA,AEA,EN,Towers with Radar,78,141,42,4,265,0,0,3,1,4,78,141,45,5,269,0,16,16,285
03/27/2009,RIC,VA,AEA,EN,Towers with Radar,78,143,53,6,280,0,0,9,3,12,78,143,62,9,292,0,0,0,292
03/28/2009,RIC,VA,AEA,EN,Towers with Radar,57,105,31,2,195,0,0,2,0,2,57,105,33,2,197,0,0,0,197
03/29/2009,RIC,VA,AEA,EN,Towers with Radar,72,97,26,0,195,0,0,0,0,0,72,97,26,0,195,0,0,0,195
03/30/2009,RIC,VA,AEA,EN,Towers with Radar,79,154,59,6,298,0,0,29,1,30,79,154,88,7,328,24,8,32,360
03/31/2009,RIC,VA,AEA,EN,Towers with Radar,88,123,63,10,284,0,0,29,12,41,88,123,92,22,325,4,20,24,349
04/01/2009,RIC,VA,AEA,EN,Towers with Radar,87,134,33,6,260,0,0,9,3,12,87,134,42,9,272,0,0,0,272
04/02/2009,RIC,VA,AEA,EN,Towers with Radar,85,137,39,18,279,0,0,4,2,6,85,137,43,20,285,2,0,2,287
04/03/2009,RIC,VA,AEA,EN,Towers with Radar,85,130,27,5,247,0,0,1,0,1,85,130,28,5,248,0,0,0,248
04/04/2009,RIC,VA,AEA,EN,Towers with Radar,66,99,41,10,216,0,0,9,9,18,66,99,50,19,234,0,6,6,240
04/05/2009,RIC,VA,AEA,EN,Towers with Radar,66,100,51,6,223,1,0,23,2,26,67,100,74,8,249,0,24,24,273
04/06/2009,RIC,VA,AEA,EN,Towers with Radar,70,118,28,10,226,0,0,8,9,17,70,118,36,19,243,0,12,12,255
04/07/2009,RIC,VA,AEA,EN,Towers with Radar,90,122,51,18,281,0,0,13,2,15,90,122,64,20,296,2,26,28,324
04/08/2009,RIC,VA,AEA,EN,Towers with Radar,87,121,54,2,264,0,0,12,1,13,87,121,66,3,277,4,0,4,281
04/09/2009,RIC,VA,AEA,EN,Towers with Radar,85,139,63,18,305,0,0,29,12,41,85,139,92,30,346,0,15,15,361
04/10/2009,RIC,VA,AEA,EN,Towers with Radar,77,133,49,2,261,0,1,20,4,25,77,134,69,6,286,0,0,0,286
04/11/2009,RIC,VA,AEA,EN,Towers with Radar,67,92,20,0,179,0,0,7,0,7,67,92,27,0,186,0,0,0,186
04/12/2009,RIC,VA,AEA,EN,Towers with Radar,67,98,37,0,202,0,0,9,0,9,67,98,46,0,211,4,0,4,215
04/13/2009,RIC,VA,AEA,EN,Towers with Radar,78,138,53,12,281,0,0,17,2,19,78,138,70,14,300,0,0,0,300
04/14/2009,RIC,VA,AEA,EN,Towers with Radar,87,113,40,2,242,0,0,0,0,0,87,113,40,2,242,0,0,0,242
04/15/2009,RIC,VA,AEA,EN,Towers with Radar,89,132,57,6,284,0,0,0,0,0,89,132,57,6,284,0,0,0,284
04/16/2009,RIC,VA,AEA,EN,Towers with Radar,88,134,83,13,318,0,0,18,4,22,88,134,101,17,340,0,0,0,340
04/17/2009,RIC,VA,AEA,EN,Towers with Radar,84,132,72,13,301,0,3,28,0,31,84,135,100,13,332,0,0,0,332
04/18/2009,RIC,VA,AEA,EN,Towers with Radar,68,89,17,6,180,0,6,55,8,69,68,95,72,14,249,2,18,20,269
04/19/2009,RIC,VA,AEA,EN,Towers with Radar,69,105,34,4,212,0,0,24,4,28,69,105,58,8,240,0,4,4,244
04/20/2009,RIC,VA,AEA,EN,Towers with Radar,75,121,39,3,238,0,0,2,0,2,75,121,41,3,240,0,0,0,240
04/21/2009,RIC,VA,AEA,EN,Towers with Radar,90,119,73,9,291,0,0,31,7,38,90,119,104,16,329,10,16,26,355
04/22/2009,RIC,VA,AEA,EN,Towers with Radar,94,129,51,14,288,0,0,22,0,22,94,129,73,14,310,0,0,0,310
04/23/2009,RIC,VA,AEA,EN,Towers with Radar,86,130,57,10,283,0,1,38,3,42,86,131,95,13,325,0,0,0,325
04/24/2009,RIC,VA,AEA,EN,Towers with Radar,91,126,37,24,278,0,1,50,14,65,91,127,87,38,343,24,8,32,375
04/25/2009,RIC,VA,AEA,EN,Towers with Radar,63,85,21,2,171,0,3,49,0,52,63,88,70,2,223,3,8,11,234
04/26/2009,RIC,VA,AEA,EN,Towers with Radar,72,101,48,8,229,0,1,22,2,25,72,102,70,10,254,0,0,0,254
04/27/2009,RIC,VA,AEA,EN,Towers with Radar,80,132,39,21,272,0,1,42,3,46,80,133,81,24,318,2,0,2,320
04/28/2009,RIC,VA,AEA,EN,Towers with Radar,87,123,39,20,269,0,1,46,0,47,87,124,85,20,316,0,0,0,316
04/29/2009,RIC,VA,AEA,EN,Towers with Radar,89,130,51,8,278,0,0,17,1,18,89,130,68,9,296,0,0,0,296
04/30/2009,RIC,VA,AEA,EN,Towers with Radar,89,141,119,8,357,0,0,4,0,4,89,141,123,8,361,0,0,0,361
05/01/2009,RIC,VA,AEA,EN,Towers with Radar,83,141,110,2,336,0,0,29,29,58,83,141,139,31,394,0,6,6,400
05/02/2009,RIC,VA,AEA,EN,Towers with Radar,66,96,64,3,229,0,0,29,14,43,66,96,93,17,272,0,0,0,272
05/03/2009,RIC,VA,AEA,EN,Towers with Radar,68,110,77,3,258,0,0,22,0,22,68,110,99,3,280,0,0,0,280
05/04/2009,RIC,VA,AEA,EN,Towers with Radar,76,124,48,5,253,0,0,0,0,0,76,124,48,5,253,0,0,0,253
05/05/2009,RIC,VA,AEA,EN,Towers with Radar,87,121,64,8,280,0,0,1,0,1,87,121,65,8,281,0,0,0,281
05/06/2009,RIC,VA,AEA,EN,Towers with Radar,84,133,48,7,272,0,0,0,0,0,84,133,48,7,272,0,0,0,272
05/07/2009,RIC,VA,AEA,EN,Towers with Radar,91,128,59,14,292,0,0,20,10,30,91,128,79,24,322,0,4,4,326
05/08/2009,RIC,VA,AEA,EN,Towers with Radar,88,135,59,2,284,0,0,44,2,46,88,135,103,4,330,0,0,0,330
05/09/2009,RIC,VA,AEA,EN,Towers with Radar,61,89,19,0,169,0,0,13,5,18,61,89,32,5,187,0,0,0,187
05/10/2009,RIC,VA,AEA,EN,Towers with Radar,74,107,24,1,206,0,3,32,5,40,74,110,56,6,246,6,0,6,252
05/11/2009,RIC,VA,AEA,EN,Towers with Radar,81,132,45,15,273,0,0,21,4,25,81,132,66,19,298,2,0,2,300
05/12/2009,RIC,VA,AEA,EN,Towers with Radar,86,124,63,0,273,0,0,55,8,63,86,124,118,8,336,2,0,2,338
05/13/2009,RIC,VA,AEA,EN,Towers with Radar,84,139,71,3,297,0,1,61,8,70,84,140,132,11,367,0,2,2,369
05/14/2009,RIC,VA,AEA,EN,Towers with Radar,87,135,51,2,275,0,0,24,4,28,87,135,75,6,303,2,4,6,309
05/15/2009,RIC,VA,AEA,EN,Towers with Radar,92,129,43,9,273,0,0,39,10,49,92,129,82,19,322,6,0,6,328
05/16/2009,RIC,VA,AEA,EN,Towers with Radar,60,97,22,3,182,0,1,13,0,14,60,98,35,3,196,0,0,0,196
05/17/2009,RIC,VA,AEA,EN,Towers with Radar,75,99,36,3,213,0,0,8,0,8,75,99,44,3,221,0,0,0,221
05/18/2009,RIC,VA,AEA,EN,Towers with Radar,82,129,40,2,253,0,6,27,2,35,82,135,67,4,288,2,2,4,292
05/19/2009,RIC,VA,AEA,EN,Towers with Radar,89,126,60,6,281,0,0,39,4,43,89,126,99,10,324,0,0,0,324
05/20/2009,RIC,VA,AEA,EN,Towers with Radar,87,133,54,4,278,0,2,53,2,57,87,135,107,6,335,2,4,6,341
05/21/2009,RIC,VA,AEA,EN,Towers with Radar,90,138,54,4,286,0,0,56,5,61,90,138,110,9,347,6,0,6,353
05/22/2009,RIC,VA,AEA,EN,Towers with Radar,88,139,56,6,289,0,0,29,7,36,88,139,85,13,325,10,2,12,337
05/23/2009,RIC,VA,AEA,EN,Towers with Radar,61,92,24,0,177,0,0,26,0,26,61,92,50,0,203,0,0,0,203
05/24/2009,RIC,VA,AEA,EN,Towers with Radar,66,87,16,4,173,0,0,14,0,14,66,87,30,4,187,0,0,0,187
05/25/2009,RIC,VA,AEA,EN,Towers with Radar,77,109,27,2,215,0,2,26,0,28,77,111,53,2,243,0,0,0,243
05/26/2009,RIC,VA,AEA,EN,Towers with Radar,79,129,55,13,276,0,3,12,8,23,79,132,67,21,299,8,0,8,307
05/27/2009,RIC,VA,AEA,EN,Towers with Radar,86,133,68,21,308,0,0,12,8,20,86,133,80,29,328,6,2,8,336
05/28/2009,RIC,VA,AEA,EN,Towers with Radar,89,141,65,7,302,0,0,20,6,26,89,141,85,13,328,1,18,19,347
05/29/2009,RIC,VA,AEA,EN,Towers with Radar,98,131,52,6,287,0,0,40,1,41,98,131,92,7,328,0,0,0,328
05/30/2009,RIC,VA,AEA,EN,Towers with Radar,65,88,24,0,177,0,2,28,2,32,65,90,52,2,209,4,2,6,215
05/31/2009,RIC,VA,AEA,EN,Towers with Radar,72,107,40,2,221,0,0,13,2,15,72,107,53,4,236,0,0,0,236
06/01/2009,RIC,VA,AEA,EN,Towers with Radar,88,128,51,13,280,0,0,35,5,40,88,128,86,18,320,6,14,20,340
06/02/2009,RIC,VA,AEA,EN,Towers with Radar,89,120,35,16,260,0,1,33,3,37,89,121,68,19,297,20,7,27,324
06/03/2009,RIC,VA,AEA,EN,Towers with Radar,77,121,49,14,261,0,0,27,3,30,77,121,76,17,291,0,0,0,291
06/04/2009,RIC,VA,AEA,EN,Towers with Radar,90,139,34,10,273,0,0,3,0,3,90,139,37,10,276,0,2,2,278
06/05/2009,RIC,VA,AEA,EN,Towers with Radar,91,120,41,3,255,0,0,0,0,0,91,120,41,3,255,0,0,0,255
06/06/2009,RIC,VA,AEA,EN,Towers with Radar,62,93,27,0,182,0,0,14,0,14,62,93,41,0,196,0,0,0,196
06/07/2009,RIC,VA,AEA,EN,Towers with Radar,76,110,26,0,212,0,0,37,0,37,76,110,63,0,249,8,0,8,257
06/08/2009,RIC,VA,AEA,EN,Towers with Radar,86,126,60,11,283,0,0,26,2,28,86,126,86,13,311,0,0,0,311
06/09/2009,RIC,VA,AEA,EN,Towers with Radar,105,113,52,9,279,0,0,22,3,25,105,113,74,12,304,6,0,6,310
06/10/2009,RIC,VA,AEA,EN,Towers with Radar,87,127,52,5,271,0,0,31,11,42,87,127,83,16,313,16,0,16,329
06/11/2009,RIC,VA,AEA,EN,Towers with Radar,85,138,51,7,281,0,0,37,2,39,85,138,88,9,320,0,0,0,320
06/12/2009,RIC,VA,AEA,EN,Towers with Radar,93,136,48,28,305,0,0,29,9,38,93,136,77,37,343,0,38,38,381
06/13/2009,RIC,VA,AEA,EN,Towers with Radar,64,102,19,2,187,0,0,25,6,31,64,102,44,8,218,0,38,38,256
06/14/2009,RIC,VA,AEA,EN,Towers with Radar,79,113,31,3,226,0,0,40,18,58,79,113,71,21,284,16,20,36,320
06/15/2009,RIC,VA,AEA,EN,Towers with Radar,85,128,50,5,268,0,0,13,4,17,85,128,63,9,285,0,0,0,285
06/16/2009,RIC,VA,AEA,EN,Towers with Radar,88,124,34,6,252,0,0,27,6,33,88,124,61,12,285,6,8,14,299
06/17/2009,RIC,VA,AEA,EN,Towers with Radar,93,137,59,10,299,0,0,18,1,19,93,137,77,11,318,0,0,0,318
06/18/2009,RIC,VA,AEA,EN,Towers with Radar,115,146,59,22,342,0,0,21,8,29,115,146,80,30,371,0,10,10,381
06/19/2009,RIC,VA,AEA,EN,Towers with Radar,92,125,46,6,269,0,0,26,0,26,92,125,72,6,295,0,0,0,295
06/20/2009,RIC,VA,AEA,EN,Towers with Radar,65,96,20,1,182,0,0,21,4,25,65,96,41,5,207,2,0,2,209
06/21/2009,RIC,VA,AEA,EN,Towers with Radar,77,109,29,2,217,0,0,17,0,17,77,109,46,2,234,0,0,0,234
06/22/2009,RIC,VA,AEA,EN,Towers with Radar,82,123,40,4,249,0,0,43,3,46,82,123,83,7,295,0,0,0,295
06/23/2009,RIC,VA,AEA,EN,Towers with Radar,91,128,53,9,281,0,3,43,10,56,91,131,96,19,337,8,8,16,353
06/24/2009,RIC,VA,AEA,EN,Towers with Radar,90,126,43,3,262,0,0,56,3,59,90,126,99,6,321,16,2,18,339
06/25/2009,RIC,VA,AEA,EN,Towers with Radar,90,128,61,4,283,0,0,46,14,60,90,128,107,18,343,2,2,4,347
06/26/2009,RIC,VA,AEA,EN,Towers with Radar,96,122,59,3,280,0,0,40,7,47,96,122,99,10,327,4,6,10,337
06/27/2009,RIC,VA,AEA,EN,Towers with Radar,68,95,36,4,203,0,2,50,4,56,68,97,86,8,259,0,0,0,259
06/28/2009,RIC,VA,AEA,EN,Towers with Radar,76,113,41,0,230,0,0,27,0,27,76,113,68,0,257,8,0,8,265
06/29/2009,RIC,VA,AEA,EN,Towers with Radar,87,118,39,12,256,0,0,36,3,39,87,118,75,15,295,10,4,14,309
06/30/2009,RIC,VA,AEA,EN,Towers with Radar,85,112,50,4,251,0,0,43,5,48,85,112,93,9,299,0,1,1,300
07/01/2009,RIC,VA,AEA,EN,Towers with Radar,95,123,37,7,262,0,4,38,4,46,95,127,75,11,308,0,0,0,308
07/02/2009,RIC,VA,AEA,EN,Towers with Radar,96,112,42,5,255,0,0,28,7,35,96,112,70,12,290,14,0,14,304
07/03/2009,RIC,VA,AEA,EN,Towers with Radar,83,100,23,0,206,0,0,21,0,21,83,100,44,0,227,0,0,0,227
07/04/2009,RIC,VA,AEA,EN,Towers with Radar,58,73,17,0,148,0,0,20,0,20,58,73,37,0,168,14,0,14,182
07/05/2009,RIC,VA,AEA,EN,Towers with Radar,82,100,25,0,207,0,5,5,0,10,82,105,30,0,217,0,0,0,217
07/06/2009,RIC,VA,AEA,EN,Towers with Radar,88,123,41,0,252,0,0,36,1,37,88,123,77,1,289,25,5,30,319
07/07/2009,RIC,VA,AEA,EN,Towers with Radar,96,129,42,11,278,0,0,23,1,24,96,129,65,12,302,0,0,0,302
07/08/2009,RIC,VA,AEA,EN,Towers with Radar,95,131,34,15,275,0,0,44,0,44,95,131,78,15,319,0,12,12,331
07/09/2009,RIC,VA,AEA,EN,Towers with Radar,93,129,54,7,283,0,1,47,6,54,93,130,101,13,337,16,24,40,377
07/10/2009,RIC,VA,AEA,EN,Towers with Radar,89,131,32,8,260,0,0,35,6,41,89,131,67,14,301,2,0,2,303
07/11/2009,RIC,VA,AEA,EN,Towers with Radar,66,99,30,9,204,0,7,38,3,48,66,106,68,12,252,0,0,0,252
07/12/2009,RIC,VA,AEA,EN,Towers with Radar,75,109,23,1,208,0,0,17,2,19,75,109,40,3,227,0,0,0,227
07/13/2009,RIC,VA,AEA,EN,Towers with Radar,88,122,50,12,272,0,0,36,1,37,88,122,86,13,309,0,0,0,309
07/14/2009,RIC,VA,AEA,EN,Towers with Radar,94,123,57,8,282,0,0,40,1,41,94,123,97,9,323,0,67,67,390
07/15/2009,RIC,VA,AEA,EN,Towers with Radar,98,128,72,8,306,0,4,43,3,50,98,132,115,11,356,4,6,10,366
07/16/2009,RIC,VA,AEA,EN,Towers with Radar,94,125,47,8,274,0,0,30,2,32,94,125,77,10,306,6,0,6,312
07/17/2009,RIC,VA,AEA,EN,Towers with Radar,94,119,27,8,248,0,2,21,8,31,94,121,48,16,279,10,2,12,291
07/18/2009,RIC,VA,AEA,EN,Towers with Radar,64,96,36,4,200,0,1,22,0,23,64,97,58,4,223,6,8,14,237
07/19/2009,RIC,VA,AEA,EN,Towers with Radar,79,115,24,3,221,0,0,25,1,26,79,115,49,4,247,2,0,2,249
07/20/2009,RIC,VA,AEA,EN,Towers with Radar,86,119,52,13,270,0,0,11,0,11,86,119,63,13,281,0,8,8,289
07/21/2009,RIC,VA,AEA,EN,Towers with Radar,96,120,53,11,280,0,2,26,5,33,96,122,79,16,313,0,12,12,325
07/22/2009,RIC,VA,AEA,EN,Towers with Radar,97,131,43,5,276,0,2,52,7,61,97,133,95,12,337,2,12,14,351
07/23/2009,RIC,VA,AEA,EN,Towers with Radar,106,128,47,7,288,0,0,17,10,27,106,128,64,17,315,0,16,16,331
07/24/2009,RIC,VA,AEA,EN,Towers with Radar,100,141,51,10,302,0,0,57,11,68,100,141,108,21,370,0,16,16,386
07/25/2009,RIC,VA,AEA,EN,Towers with Radar,69,93,24,4,190,0,0,37,0,37,69,93,61,4,227,4,0,4,231
07/26/2009,RIC,VA,AEA,EN,Towers with Radar,83,106,19,5,213,0,0,15,0,15,83,106,34,5,228,0,0,0,228
07/27/2009,RIC,VA,AEA,EN,Towers with Radar,86,123,45,10,264,0,0,21,2,23,86,123,66,12,287,14,0,14,301
07/28/2009,RIC,VA,AEA,EN,Towers with Radar,95,120,47,28,290,0,0,36,4,40,95,120,83,32,330,0,10,10,340
07/29/2009,RIC,VA,AEA,EN,Towers with Radar,106,123,60,13,302,0,0,12,2,14,106,123,72,15,316,12,2,14,330
07/30/2009,RIC,VA,AEA,EN,Towers with Radar,93,140,53,5,291,0,2,37,2,41,93,142,90,7,332,6,0,6,338
07/31/2009,RIC,VA,AEA,EN,Towers with Radar,91,119,45,18,273,0,0,20,3,23,91,119,65,21,296,0,20,20,316
08/01/2009,RIC,VA,AEA,EN,Towers with Radar,69,91,24,2,186,0,0,19,3,22,69,91,43,5,208,2,0,2,210
08/02/2009,RIC,VA,AEA,EN,Towers with Radar,80,109,17,6,212,0,0,5,0,5,80,109,22,6,217,0,0,0,217
08/03/2009,RIC,VA,AEA,EN,Towers with Radar,89,120,51,8,268,0,1,22,14,37,89,121,73,22,305,0,10,10,315
08/04/2009,RIC,VA,AEA,EN,Towers with Radar,96,115,42,14,267,0,0,44,4,48,96,115,86,18,315,6,11,17,332
08/05/2009,RIC,VA,AEA,EN,Towers with Radar,92,122,54,13,281,0,1,38,12,51,92,123,92,25,332,2,8,10,342
08/06/2009,RIC,VA,AEA,EN,Towers with Radar,97,132,42,6,277,0,0,10,6,16,97,132,52,12,293,0,0,0,293
08/07/2009,RIC,VA,AEA,EN,Towers with Radar,95,127,41,14,277,0,1,39,9,49,95,128,80,23,326,6,19,25,351
08/08/2009,RIC,VA,AEA,EN,Towers with Radar,68,101,37,0,206,1,4,22,2,29,69,105,59,2,235,4,2,6,241
08/09/2009,RIC,VA,AEA,EN,Towers with Radar,77,116,31,5,229,0,0,28,3,31,77,116,59,8,260,20,0,20,280
08/10/2009,RIC,VA,AEA,EN,Towers with Radar,92,120,57,12,281,0,0,23,10,33,92,120,80,22,314,6,4,10,324
08/11/2009,RIC,VA,AEA,EN,Towers with Radar,90,120,45,2,257,0,0,25,6,31,90,120,70,8,288,10,4,14,302
08/12/2009,RIC,VA,AEA,EN,Towers with Radar,88,121,50,6,265,0,0,20,6,26,88,121,70,12,291,6,3,9,300
08/13/2009,RIC,VA,AEA,EN,Towers with Radar,102,143,52,19,316,0,1,33,2,36,102,144,85,21,352,3,12,15,367
08/14/2009,RIC,VA,AEA,EN,Towers with Radar,94,126,30,25,275,0,0,21,9,30,94,126,51,34,305,6,47,53,358
08/15/2009,RIC,VA,AEA,EN,Towers with Radar,66,93,21,2,182,0,2,16,8,26,66,95,37,10,208,0,10,10,218
08/16/2009,RIC,VA,AEA,EN,Towers with Radar,83,105,23,1,212,0,0,18,3,21,83,105,41,4,233,0,40,40,273
08/17/2009,RIC,VA,AEA,EN,Towers with Radar,87,120,40,1,248,0,0,30,9,39,87,120,70,10,287,0,10,10,297
08/18/2009,RIC,VA,AEA,EN,Towers with Radar,93,127,32,13,265,0,1,44,0,45,93,128,76,13,310,0,0,0,310
08/19/2009,RIC,VA,AEA,EN,Towers with Radar,93,120,55,7,275,0,3,29,9,41,93,123,84,16,316,24,18,42,358
08/20/2009,RIC,VA,AEA,EN,Towers with Radar,91,121,50,2,264,0,1,31,8,40,91,122,81,10,304,4,2,6,310
08/21/2009,RIC,VA,AEA,EN,Towers with Radar,87,111,39,2,239,0,0,15,0,15,87,111,54,2,254,0,0,0,254
08/22/2009,RIC,VA,AEA,EN,Towers with Radar,59,87,20,0,166,0,0,4,0,4,59,87,24,0,170,0,0,0,170
08/23/2009,RIC,VA,AEA,EN,Towers with Radar,72,112,30,4,218,0,0,15,1,16,72,112,45,5,234,0,0,0,234
08/24/2009,RIC,VA,AEA,EN,Towers with Radar,85,115,44,1,245,0,11,36,2,49,85,126,80,3,294,10,0,10,304
08/25/2009,RIC,VA,AEA,EN,Towers with Radar,88,111,50,0,249,0,0,47,12,59,88,111,97,12,308,12,4,16,324
08/26/2009,RIC,VA,AEA,EN,Towers with Radar,89,123,56,5,273,0,0,45,6,51,89,123,101,11,324,6,0,6,330
08/27/2009,RIC,VA,AEA,EN,Towers with Radar,90,121,47,4,262,0,1,56,5,62,90,122,103,9,324,2,0,2,326
08/28/2009,RIC,VA,AEA,EN,Towers with Radar,85,112,42,7,246,0,0,27,5,32,85,112,69,12,278,10,12,22,300
08/29/2009,RIC,VA,AEA,EN,Towers with Radar,56,86,9,2,153,0,3,15,2,20,56,89,24,4,173,2,0,2,175
08/30/2009,RIC,VA,AEA,EN,Towers with Radar,71,112,33,0,216,0,0,14,0,14,71,112,47,0,230,0,0,0,230
08/31/2009,RIC,VA,AEA,EN,Towers with Radar,82,123,50,20,275,0,1,19,2,22,82,124,69,22,297,12,4,16,313
09/01/2009,RIC,VA,AEA,EN,Towers with Radar,84,117,47,25,273,0,0,45,0,45,84,117,92,25,318,12,18,30,348
09/02/2009,RIC,VA,AEA,EN,Towers with Radar,92,113,53,8,266,0,2,25,6,33,92,115,78,14,299,2,4,6,305
09/03/2009,RIC,VA,AEA,EN,Towers with Radar,90,120,43,10,263,0,2,34,12,48,90,122,77,22,311,10,17,27,338
09/04/2009,RIC,VA,AEA,EN,Towers with Radar,86,113,45,6,250,0,0,52,0,52,86,113,97,6,302,16,0,16,318
09/05/2009,RIC,VA,AEA,EN,Towers with Radar,49,81,22,0,152,0,5,27,1,33,49,86,49,1,185,0,0,0,185
09/06/2009,RIC,VA,AEA,EN,Towers with Radar,61,77,28,0,166,0,0,28,0,28,61,77,56,0,194,0,0,0,194
09/07/2009,RIC,VA,AEA,EN,Towers with Radar,75,89,26,0,190,0,0,7,0,7,75,89,33,0,197,0,0,0,197
09/08/2009,RIC,VA,AEA,EN,Towers with Radar,79,115,29,0,223,0,0,5,0,5,79,115,34,0,228,0,0,0,228
09/09/2009,RIC,VA,AEA,EN,Towers with Radar,85,119,58,9,271,0,0,32,9,41,85,119,90,18,312,24,2,26,338
09/10/2009,RIC,VA,AEA,EN,Towers with Radar,84,134,113,3,334,0,0,10,6,16,84,134,123,9,350,0,0,0,350
09/11/2009,RIC,VA,AEA,EN,Towers with Radar,82,129,86,22,319,0,0,46,8,54,82,129,132,30,373,24,30,54,427
09/12/2009,RIC,VA,AEA,EN,Towers with Radar,59,78,86,9,232,0,0,85,4,89,59,78,171,13,321,4,36,40,361
09/13/2009,RIC,VA,AEA,EN,Towers with Radar,73,100,108,7,288,0,0,28,4,32,73,100,136,11,320,36,28,64,384
09/14/2009,RIC,VA,AEA,EN,Towers with Radar,73,115,51,9,248,0,13,44,3,60,73,128,95,12,308,0,12,12,320
09/15/2009,RIC,VA,AEA,EN,Towers with Radar,77,125,59,12,273,0,1,62,19,82,77,126,121,31,355,0,26,26,381
09/16/2009,RIC,VA,AEA,EN,Towers with Radar,82,126,57,8,273,0,0,22,10,32,82,126,79,18,305,0,14,14,319
09/17/2009,RIC,VA,AEA,EN,Towers with Radar,85,129,64,5,283,0,0,6,5,11,85,129,70,10,294,0,0,0,294
09/18/2009,RIC,VA,AEA,EN,Towers with Radar,91,119,56,0,266,0,0,34,6,40,91,119,90,6,306,16,16,32,338
09/19/2009,RIC,VA,AEA,EN,Towers with Radar,58,82,27,0,167,0,0,25,2,27,58,82,52,2,194,0,0,0,194
09/20/2009,RIC,VA,AEA,EN,Towers with Radar,73,103,34,4,214,0,1,23,1,25,73,104,57,5,239,0,0,0,239
09/21/2009,RIC,VA,AEA,EN,Towers with Radar,68,117,50,1,236,0,0,48,0,48,68,117,98,1,284,10,2,12,296
09/22/2009,RIC,VA,AEA,EN,Towers with Radar,78,116,50,16,260,0,1,20,7,28,78,117,70,23,288,4,6,10,298
09/23/2009,RIC,VA,AEA,EN,Towers with Radar,80,123,51,6,260,0,1,18,7,26,80,124,69,13,286,0,0,0,286
09/24/2009,RIC,VA,AEA,EN,Towers with Radar,87,143,45,8,283,0,0,29,1,30,87,143,74,9,313,0,0,0,313
09/25/2009,RIC,VA,AEA,EN,Towers with Radar,85,123,52,8,268,0,5,14,0,19,85,128,66,8,287,0,0,0,287
09/26/2009,RIC,VA,AEA,EN,Towers with Radar,58,83,20,3,164,0,2,10,0,12,58,85,30,3,176,0,0,0,176
09/27/2009,RIC,VA,AEA,EN,Towers with Radar,73,106,34,4,217,0,0,13,3,16,73,106,47,7,233,2,0,2,235
09/28/2009,RIC,VA,AEA,EN,Towers with Radar,73,121,49,14,257,0,0,36,7,43,73,121,85,21,300,8,28,36,336
09/29/2009,RIC,VA,AEA,EN,Towers with Radar,77,116,50,11,254,0,0,45,4,49,77,116,95,15,303,2,0,2,305
09/30/2009,RIC,VA,AEA,EN,Towers with Radar,78,121,69,12,280,0,0,54,9,63,78,121,123,21,343,22,22,44,387
10/01/2009,RIC,VA,AEA,EN,Towers with Radar,83,121,65,8,277,2,0,45,3,50,85,121,110,11,327,4,14,18,345
10/02/2009,RIC,VA,AEA,EN,Towers with Radar,86,127,62,2,277,0,0,29,4,33,86,127,91,6,310,0,0,0,310
10/03/2009,RIC,VA,AEA,EN,Towers with Radar,59,80,23,0,162,0,0,14,14,28,59,80,37,14,190,10,0,10,200
10/04/2009,RIC,VA,AEA,EN,Towers with Radar,70,101,31,1,203,0,0,27,0,27,70,101,58,1,230,0,0,0,230
10/05/2009,RIC,VA,AEA,EN,Towers with Radar,76,116,38,3,233,0,0,34,3,37,76,116,72,6,270,0,0,0,270
10/06/2009,RIC,VA,AEA,EN,Towers with Radar,82,116,56,5,259,0,0,23,1,24,82,116,79,6,283,0,18,18,301
10/07/2009,RIC,VA,AEA,EN,Towers with Radar,84,119,42,7,252,0,0,26,12,38,84,119,68,19,290,0,0,0,290
10/08/2009,RIC,VA,AEA,EN,Towers with Radar,82,120,53,2,257,0,0,54,5,59,82,120,107,7,316,2,1,3,319
10/09/2009,RIC,VA,AEA,EN,Towers with Radar,85,124,48,6,263,0,4,44,0,48,85,128,92,6,311,6,0,6,317
10/10/2009,RIC,VA,AEA,EN,Towers with Radar,60,75,31,1,167,0,6,18,0,24,60,81,49,1,191,0,0,0,191
10/11/2009,RIC,VA,AEA,EN,Towers with Radar,70,95,34,0,199,0,2,41,0,43,70,97,75,0,242,4,0,4,246
10/12/2009,RIC,VA,AEA,EN,Towers with Radar,75,117,40,0,232,0,0,22,0,22,75,117,62,0,254,0,0,0,254
10/13/2009,RIC,VA,AEA,EN,Towers with Radar,79,123,59,9,270,0,0,50,6,56,79,123,109,15,326,2,8,10,336
10/14/2009,RIC,VA,AEA,EN,Towers with Radar,83,136,58,15,292,0,1,42,12,55,83,137,100,27,347,1,22,23,370
10/15/2009,RIC,VA,AEA,EN,Towers with Radar,78,126,52,18,274,0,0,3,0,3,78,126,55,18,277,0,0,0,277
10/16/2009,RIC,VA,AEA,EN,Towers with Radar,88,123,36,10,257,0,0,1,0,1,88,123,37,10,258,0,0,0,258
10/17/2009,RIC,VA,AEA,EN,Towers with Radar,58,84,24,2,168,0,0,4,0,4,58,84,28,2,172,0,0,0,172
10/18/2009,RIC,VA,AEA,EN,Towers with Radar,74,99,32,8,213,0,0,8,0,8,74,99,40,8,221,0,0,0,221
10/19/2009,RIC,VA,AEA,EN,Towers with Radar,74,117,45,20,256,0,3,51,5,59,74,120,96,25,315,6,4,10,325
10/20/2009,RIC,VA,AEA,EN,Towers with Radar,77,123,47,10,257,0,4,67,16,87,77,127,114,26,344,18,0,18,362
10/21/2009,RIC,VA,AEA,EN,Towers with Radar,83,126,55,12,276,0,0,46,11,57,83,126,101,23,333,4,24,28,361
10/22/2009,RIC,VA,AEA,EN,Towers with Radar,84,121,85,10,300,0,1,68,9,78,84,122,153,19,378,24,6,30,408
10/23/2009,RIC,VA,AEA,EN,Towers with Radar,88,129,56,2,275,0,0,46,12,58,88,129,102,14,333,0,40,40,373
10/24/2009,RIC,VA,AEA,EN,Towers with Radar,61,83,67,3,214,0,0,11,0,11,61,83,78,3,225,4,0,4,229
10/25/2009,RIC,VA,AEA,EN,Towers with Radar,74,109,55,2,240,0,0,58,0,58,74,109,113,2,298,10,4,14,312
10/26/2009,RIC,VA,AEA,EN,Towers with Radar,77,117,38,4,236,0,0,51,1,52,77,117,89,5,288,12,0,12,300
10/27/2009,RIC,VA,AEA,EN,Towers with Radar,79,119,43,19,260,0,0,2,0,2,79,119,45,19,262,0,5,5,267
10/28/2009,RIC,VA,AEA,EN,Towers with Radar,84,119,63,16,282,0,0,45,20,65,84,119,108,36,347,2,20,22,369
10/29/2009,RIC,VA,AEA,EN,Towers with Radar,84,121,85,8,298,0,2,22,13,37,84,123,107,21,335,17,20,37,372
10/30/2009,RIC,VA,AEA,EN,Towers with Radar,87,134,54,5,280,0,2,15,7,24,87,136,69,12,304,2,32,34,338
10/31/2009,RIC,VA,AEA,EN,Towers with Radar,61,79,20,0,160,0,0,1,0,1,61,79,21,0,161,0,0,0,161
11/01/2009,RIC,VA,AEA,EN,Towers with Radar,68,103,31,1,203,0,0,4,0,4,68,103,35,1,207,0,0,0,207
11/02/2009,RIC,VA,AEA,EN,Towers with Radar,75,134,48,5,262,0,2,20,1,23,75,136,68,6,285,0,0,0,285
11/03/2009,RIC,VA,AEA,EN,Towers with Radar,78,117,65,19,279,0,0,45,9,54,78,117,110,28,333,0,0,0,333
11/04/2009,RIC,VA,AEA,EN,Towers with Radar,81,121,62,12,276,0,1,41,6,48,81,122,103,18,324,6,24,30,354
11/05/2009,RIC,VA,AEA,EN,Towers with Radar,85,121,69,19,294,0,0,58,36,94,85,121,127,55,388,4,0,4,392
11/06/2009,RIC,VA,AEA,EN,Towers with Radar,85,130,40,14,269,0,0,33,20,53,85,130,73,34,322,2,34,36,358
11/07/2009,RIC,VA,AEA,EN,Towers with Radar,59,76,15,4,154,0,0,37,1,38,59,76,52,5,192,12,40,52,244
11/08/2009,RIC,VA,AEA,EN,Towers with Radar,70,104,34,7,215,0,1,27,3,31,70,105,61,10,246,0,0,0,246
11/09/2009,RIC,VA,AEA,EN,Towers with Radar,74,123,44,6,247,0,1,38,0,39,74,124,82,6,286,0,0,0,286
11/10/2009,RIC,VA,AEA,EN,Towers with Radar,80,117,59,2,258,0,0,35,8,43,80,117,94,10,301,0,10,10,311
11/11/2009,RIC,VA,AEA,EN,Towers with Radar,83,119,38,0,240,0,0,1,0,1,83,119,39,0,241,0,0,0,241
11/12/2009,RIC,VA,AEA,EN,Towers with Radar,84,127,31,0,242,0,0,1,0,1,84,127,32,0,243,0,0,0,243
11/13/2009,RIC,VA,AEA,EN,Towers with Radar,87,123,52,0,262,0,0,3,0,3,87,123,55,0,265,0,0,0,265
11/14/2009,RIC,VA,AEA,EN,Towers with Radar,60,82,31,9,182,0,0,3,3,6,60,82,34,12,188,0,0,0,188
11/15/2009,RIC,VA,AEA,EN,Towers with Radar,71,107,40,4,222,0,1,26,0,27,71,108,66,4,249,36,0,36,285
11/16/2009,RIC,VA,AEA,EN,Towers with Radar,75,113,60,10,258,0,0,64,13,77,75,113,124,23,335,36,8,44,379
11/17/2009,RIC,VA,AEA,EN,Towers with Radar,77,110,54,12,253,0,0,49,28,77,77,110,103,40,330,6,3,9,339
11/18/2009,RIC,VA,AEA,EN,Towers with Radar,84,114,59,22,279,0,2,29,16,47,84,116,88,38,326,0,2,2,328
11/19/2009,RIC,VA,AEA,EN,Towers with Radar,84,124,53,4,265,0,0,8,0,8,84,124,61,4,273,0,0,0,273
11/20/2009,RIC,VA,AEA,EN,Towers with Radar,91,129,59,8,287,1,0,41,7,49,92,129,100,15,336,13,18,31,367
11/21/2009,RIC,VA,AEA,EN,Towers with Radar,65,96,34,4,199,0,0,26,5,31,65,96,60,9,230,0,0,0,230
11/22/2009,RIC,VA,AEA,EN,Towers with Radar,76,105,22,1,204,0,0,14,0,14,76,105,36,1,218,0,0,0,218
11/23/2009,RIC,VA,AEA,EN,Towers with Radar,79,108,34,7,228,0,0,4,0,4,79,108,38,7,232,0,0,0,232
11/24/2009,RIC,VA,AEA,EN,Towers with Radar,88,123,50,26,287,0,0,3,0,3,88,123,53,26,290,0,0,0,290
11/25/2009,RIC,VA,AEA,EN,Towers with Radar,90,124,56,0,270,0,0,8,0,8,90,124,64,0,278,0,0,0,278
11/26/2009,RIC,VA,AEA,EN,Towers with Radar,51,67,4,1,123,0,0,5,0,5,51,67,9,1,128,0,0,0,128
11/27/2009,RIC,VA,AEA,EN,Towers with Radar,76,72,5,0,153,0,0,16,0,16,76,72,21,0,169,6,0,6,175
11/28/2009,RIC,VA,AEA,EN,Towers with Radar,69,89,21,0,179,0,0,39,0,39,69,89,60,0,218,16,0,16,234
11/29/2009,RIC,VA,AEA,EN,Towers with Radar,82,123,56,1,262,0,1,36,0,37,82,124,92,1,299,1,0,1,300
11/30/2009,RIC,VA,AEA,EN,Towers with Radar,78,124,59,13,274,0,0,21,8,29,78,124,80,21,303,0,0,0,303
12/01/2009,RIC,VA,AEA,EN,Towers with Radar,88,111,47,9,255,0,1,49,8,58,88,112,96,17,313,0,10,10,323
12/02/2009,RIC,VA,AEA,EN,Towers with Radar,84,118,33,19,254,0,0,10,3,13,84,118,43,22,267,0,0,0,267
12/03/2009,RIC,VA,AEA,EN,Towers with Radar,88,121,67,21,297,0,1,29,7,37,88,122,96,28,334,0,22,22,356
12/04/2009,RIC,VA,AEA,EN,Towers with Radar,83,120,47,4,254,0,0,36,6,42,83,120,83,10,296,0,20,20,316
12/05/2009,RIC,VA,AEA,EN,Towers with Radar,56,78,11,0,145,0,0,5,0,5,56,78,16,0,150,0,0,0,150
12/06/2009,RIC,VA,AEA,EN,Towers with Radar,69,111,14,4,198,0,0,12,1,13,69,111,26,5,211,0,0,0,211
12/07/2009,RIC,VA,AEA,EN,Towers with Radar,72,129,27,4,232,0,2,26,4,32,72,131,53,8,264,4,10,14,278
12/08/2009,RIC,VA,AEA,EN,Towers with Radar,85,114,50,9,258,0,3,25,1,29,85,117,75,10,287,0,10,10,297
12/09/2009,RIC,VA,AEA,EN,Towers with Radar,78,118,45,22,263,0,0,16,1,17,78,118,61,23,280,0,2,2,282
12/10/2009,RIC,VA,AEA,EN,Towers with Radar,91,120,49,5,265,0,0,36,15,51,91,120,85,20,316,6,14,20,336
12/11/2009,RIC,VA,AEA,EN,Towers with Radar,83,117,53,6,259,0,2,40,8,50,83,119,93,14,309,14,0,14,323
12/12/2009,RIC,VA,AEA,EN,Towers with Radar,59,88,27,10,184,0,0,29,2,31,59,88,56,12,215,8,2,10,225
12/13/2009,RIC,VA,AEA,EN,Towers with Radar,70,94,20,0,184,0,0,3,0,3,70,94,23,0,187,0,0,0,187
12/14/2009,RIC,VA,AEA,EN,Towers with Radar,70,114,40,4,228,0,0,5,0,5,70,114,45,4,233,0,0,0,233
12/15/2009,RIC,VA,AEA,EN,Towers with Radar,82,114,44,37,277,0,0,28,7,35,82,114,72,44,312,0,6,6,318
12/16/2009,RIC,VA,AEA,EN,Towers with Radar,80,117,65,15,277,0,0,50,3,53,80,117,115,18,330,0,0,0,330
12/17/2009,RIC,VA,AEA,EN,Towers with Radar,82,122,49,14,267,0,6,37,10,53,82,128,86,24,320,0,4,4,324
12/18/2009,RIC,VA,AEA,EN,Towers with Radar,59,112,57,4,232,0,0,20,0,20,59,112,77,4,252,0,0,0,252
12/19/2009,RIC,VA,AEA,EN,Towers with Radar,30,39,9,0,78,0,0,1,0,1,30,39,10,0,79,0,0,0,79
12/20/2009,RIC,VA,AEA,EN,Towers with Radar,67,79,21,0,167,0,0,6,0,6,67,79,27,0,173,0,0,0,173
12/21/2009,RIC,VA,AEA,EN,Towers with Radar,78,112,32,0,222,0,1,27,4,32,78,113,59,4,254,0,0,0,254
12/22/2009,RIC,VA,AEA,EN,Towers with Radar,89,122,35,1,247,0,0,27,1,28,89,122,62,2,275,2,4,6,281
12/23/2009,RIC,VA,AEA,EN,Towers with Radar,92,114,30,13,249,0,2,36,4,42,92,116,66,17,291,16,18,34,325
12/24/2009,RIC,VA,AEA,EN,Towers with Radar,75,84,7,0,166,0,0,9,0,9,75,84,16,0,175,0,0,0,175
12/25/2009,RIC,VA,AEA,EN,Towers with Radar,58,68,2,0,128,0,0,2,0,2,58,68,4,0,130,0,0,0,130
12/26/2009,RIC,VA,AEA,EN,Towers with Radar,54,84,30,0,168,0,0,1,0,1,54,84,31,0,169,0,0,0,169
12/27/2009,RIC,VA,AEA,EN,Towers with Radar,73,86,21,0,180,0,0,18,0,18,73,86,39,0,198,4,0,4,202
12/28/2009,RIC,VA,AEA,EN,Towers with Radar,76,94,20,9,199,0,1,22,4,27,76,95,42,13,226,0,6,6,232
12/29/2009,RIC,VA,AEA,EN,Towers with Radar,80,103,30,15,228,0,1,42,8,51,80,104,72,23,279,12,26,38,317
12/30/2009,RIC,VA,AEA,EN,Towers with Radar,84,107,24,2,217,0,1,57,10,68,84,108,81,12,285,10,0,10,295
12/31/2009,RIC,VA,AEA,EN,Towers with Radar,68,82,10,0,160,0,0,1,0,1,68,82,11,0,161,0,0,0,161
01/01/2010,RIC,VA,AEA,EN,Towers with Radar,63,60,8,0,131,0,0,10,0,10,63,60,18,0,141,0,0,0,141
01/02/2010,RIC,VA,AEA,EN,Towers with Radar,56,87,22,2,167,0,0,3,0,3,56,87,25,2,170,0,0,0,170
01/03/2010,RIC,VA,AEA,EN,Towers with Radar,64,95,28,0,187,0,0,19,0,19,64,95,47,0,206,0,0,0,206
01/04/2010,RIC,VA,AEA,EN,Towers with Radar,76,111,20,8,215,0,1,28,5,34,76,112,48,13,249,14,2,16,265
01/05/2010,RIC,VA,AEA,EN,Towers with Radar,71,107,37,49,264,0,4,36,15,55,71,111,73,64,319,14,31,45,364
01/06/2010,RIC,VA,AEA,EN,Towers with Radar,78,113,50,22,263,0,1,37,10,48,78,114,87,32,311,0,20,20,331
01/07/2010,RIC,VA,AEA,EN,Towers with Radar,68,116,52,25,261,0,0,62,20,82,68,116,114,45,343,6,20,26,369
01/08/2010,RIC,VA,AEA,EN,Towers with Radar,80,103,34,21,238,0,0,21,10,31,80,103,55,31,269,2,40,42,311
01/09/2010,RIC,VA,AEA,EN,Towers with Radar,50,79,19,0,148,0,0,32,4,36,50,79,51,4,184,0,0,0,184
01/10/2010,RIC,VA,AEA,EN,Towers with Radar,62,89,20,2,173,0,0,20,2,22,62,89,40,4,195,0,0,0,195
01/11/2010,RIC,VA,AEA,EN,Towers with Radar,71,110,46,8,235,0,0,44,7,51,71,110,90,15,286,6,22,28,314
01/12/2010,RIC,VA,AEA,EN,Towers with Radar,74,106,39,6,225,0,0,24,20,44,74,106,63,26,269,6,0,6,275
01/13/2010,RIC,VA,AEA,EN,Towers with Radar,77,108,47,6,238,0,0,34,16,50,77,108,81,22,288,2,8,10,298
01/14/2010,RIC,VA,AEA,EN,Towers with Radar,115,81,71,11,278,0,0,42,11,53,115,81,113,22,331,0,14,14,345
01/15/2010,RIC,VA,AEA,EN,Towers with Radar,77,114,51,9,251,0,1,40,5,46,77,115,91,14,297,8,4,12,309
01/16/2010,RIC,VA,AEA,EN,Towers with Radar,50,80,24,25,179,0,0,40,0,40,50,80,64,25,219,2,18,20,239
01/17/2010,RIC,VA,AEA,EN,Towers with Radar,59,87,18,0,164,0,5,2,0,7,59,92,20,0,171,0,0,0,171
01/18/2010,RIC,VA,AEA,EN,Towers with Radar,73,114,51,4,242,0,1,27,0,28,73,115,78,4,270,0,0,0,270
01/19/2010,RIC,VA,AEA,EN,Towers with Radar,75,108,39,9,231,0,3,38,12,53,75,111,77,21,284,8,8,16,300
01/20/2010,RIC,VA,AEA,EN,Towers with Radar,80,106,72,23,281,0,0,25,5,30,80,106,97,28,311,8,44,52,363
01/21/2010,RIC,VA,AEA,EN,Towers with Radar,80,117,51,7,255,0,0,17,0,17,80,117,68,7,272,2,16,18,290
01/22/2010,RIC,VA,AEA,EN,Towers with Radar,79,125,27,15,246,0,0,7,2,9,79,125,34,17,255,0,0,0,255
01/23/2010,RIC,VA,AEA,EN,Towers with Radar,50,80,24,6,160,1,1,25,8,35,51,81,49,14,195,2,8,10,205
01/24/2010,RIC,VA,AEA,EN,Towers with Radar,59,97,25,0,181,0,0,2,0,2,59,97,27,0,183,0,0,0,183
01/25/2010,RIC,VA,AEA,EN,Towers with Radar,76,113,35,10,234,0,0,13,0,13,76,113,48,10,247,10,10,20,267
01/26/2010,RIC,VA,AEA,EN,Towers with Radar,73,113,48,5,239,0,0,35,12,47,73,113,83,17,286,2,0,2,288
01/27/2010,RIC,VA,AEA,EN,Towers with Radar,81,110,63,22,276,0,0,39,5,44,81,110,102,27,320,6,30,36,356
01/28/2010,RIC,VA,AEA,EN,Towers with Radar,81,119,34,6,240,0,1,23,26,50,81,120,57,32,290,6,14,20,310
01/29/2010,RIC,VA,AEA,EN,Towers with Radar,73,122,33,2,230,0,1,22,1,24,73,123,55,3,254,0,0,0,254
01/30/2010,RIC,VA,AEA,EN,Towers with Radar,9,7,1,0,17,0,0,2,0,2,9,7,3,0,19,0,0,0,19
01/31/2010,RIC,VA,AEA,EN,Towers with Radar,57,84,18,0,159,0,0,7,0,7,57,84,25,0,166,6,0,6,172
02/01/2010,RIC,VA,AEA,EN,Towers with Radar,76,118,36,2,232,0,0,12,0,12,76,118,48,2,244,0,0,0,244
02/02/2010,RIC,VA,AEA,EN,Towers with Radar,74,103,35,6,218,0,0,25,2,27,74,103,60,8,245,2,4,6,251
02/03/2010,RIC,VA,AEA,EN,Towers with Radar,75,118,45,3,241,0,0,23,8,31,75,118,68,11,272,10,20,30,302
02/04/2010,RIC,VA,AEA,EN,Towers with Radar,82,114,56,13,265,0,1,38,10,49,82,115,94,23,314,0,18,18,332
02/05/2010,RIC,VA,AEA,EN,Towers with Radar,53,79,13,1,146,0,0,3,0,3,53,79,16,1,149,8,0,8,157
02/06/2010,RIC,VA,AEA,EN,Towers with Radar,20,43,4,0,67,0,0,0,0,0,20,43,4,0,67,0,0,0,67
02/07/2010,RIC,VA,AEA,EN,Towers with Radar,56,90,24,4,174,0,0,5,0,5,56,90,29,4,179,0,0,0,179
02/08/2010,RIC,VA,AEA,EN,Towers with Radar,73,118,52,5,248,0,0,30,0,30,73,118,82,5,278,0,0,0,278
02/09/2010,RIC,VA,AEA,EN,Towers with Radar,59,85,37,2,183,0,0,13,10,23,59,85,50,12,206,6,20,26,232
02/10/2010,RIC,VA,AEA,EN,Towers with Radar,59,57,25,2,143,0,4,1,3,8,59,61,26,5,151,0,0,0,151
02/11/2010,RIC,VA,AEA,EN,Towers with Radar,76,108,48,11,243,0,1,37,13,51,76,109,85,24,294,10,0,10,304
02/12/2010,RIC,VA,AEA,EN,Towers with Radar,62,138,41,17,258,0,0,34,4,38,62,138,75,21,296,10,32,42,338
02/13/2010,RIC,VA,AEA,EN,Towers with Radar,42,95,13,3,153,0,0,18,0,18,42,95,31,3,171,4,0,4,175
02/14/2010,RIC,VA,AEA,EN,Towers with Radar,56,98,42,0,196,0,0,30,0,30,56,98,72,0,226,0,0,0,226
02/15/2010,RIC,VA,AEA,EN,Towers with Radar,73,120,27,3,223,0,0,13,0,13,73,120,40,3,236,12,0,12,248
02/16/2010,RIC,VA,AEA,EN,Towers with Radar,75,121,36,19,251,0,1,22,5,28,75,122,58,24,279,3,20,23,302
02/17/2010,RIC,VA,AEA,EN,Towers with Radar,75,124,63,4,266,0,3,28,6,37,75,127,91,10,303,2,18,20,323
02/18/2010,RIC,VA,AEA,EN,Towers with Radar,82,121,63,9,275,0,0,35,6,41,82,121,98,15,316,0,24,24,340
02/19/2010,RIC,VA,AEA,EN,Towers with Radar,74,124,34,9,241,0,1,44,12,57,74,125,78,21,298,0,6,6,304
02/20/2010,RIC,VA,AEA,EN,Towers with Radar,52,90,20,0,162,0,0,21,17,38,52,90,41,17,200,0,12,12,212
02/21/2010,RIC,VA,AEA,EN,Towers with Radar,66,100,29,11,206,0,0,18,0,18,66,100,47,11,224,0,16,16,240
02/22/2010,RIC,VA,AEA,EN,Towers with Radar,71,120,35,3,229,0,0,25,0,25,71,120,60,3,254,0,0,0,254
02/23/2010,RIC,VA,AEA,EN,Towers with Radar,72,123,64,17,276,0,0,14,7,21,72,123,78,24,297,32,16,48,345
02/24/2010,RIC,VA,AEA,EN,Towers with Radar,73,115,43,5,236,0,0,13,1,14,73,115,56,6,250,2,0,2,252
02/25/2010,RIC,VA,AEA,EN,Towers with Radar,76,105,34,27,242,0,0,13,4,17,76,105,47,31,259,8,20,28,287
02/26/2010,RIC,VA,AEA,EN,Towers with Radar,73,108,32,5,218,0,0,6,6,12,73,108,38,11,230,0,6,6,236
02/27/2010,RIC,VA,AEA,EN,Towers with Radar,50,88,32,3,173,0,0,23,8,31,50,88,55,11,204,36,14,50,254
02/28/2010,RIC,VA,AEA,EN,Towers with Radar,64,104,42,2,212,0,0,16,3,19,64,104,58,5,231,0,2,2,233
03/01/2010,RIC,VA,AEA,EN,Towers with Radar,69,117,52,10,248,0,2,33,10,45,69,119,85,20,293,6,0,6,299
03/02/2010,RIC,VA,AEA,EN,Towers with Radar,62,111,46,5,224,0,0,20,1,21,62,111,66,6,245,0,0,0,245
03/03/2010,RIC,VA,AEA,EN,Towers with Radar,77,113,50,2,242,0,0,0,0,0,77,113,50,2,242,0,0,0,242
03/04/2010,RIC,VA,AEA,EN,Towers with Radar,80,123,55,11,269,0,0,25,11,36,80,123,80,22,305,2,13,15,320
03/05/2010,RIC,VA,AEA,EN,Towers with Radar,78,127,38,16,259,0,2,34,12,48,78,129,72,28,307,2,9,11,318
03/06/2010,RIC,VA,AEA,EN,Towers with Radar,47,93,32,5,177,0,2,21,2,25,47,95,53,7,202,2,26,28,230
03/07/2010,RIC,VA,AEA,EN,Towers with Radar,63,98,28,21,210,0,0,18,3,21,63,98,46,24,231,0,20,20,251
03/08/2010,RIC,VA,AEA,EN,Towers with Radar,68,126,50,10,254,0,0,46,3,49,68,126,96,13,303,2,4,6,309
03/09/2010,RIC,VA,AEA,EN,Towers with Radar,78,117,32,2,229,0,0,36,20,56,78,117,68,22,285,2,14,16,301
03/10/2010,RIC,VA,AEA,EN,Towers with Radar,73,125,45,3,246,0,2,23,14,39,73,127,68,17,285,4,8,12,297
03/11/2010,RIC,VA,AEA,EN,Towers with Radar,78,119,39,10,246,0,0,13,10,23,78,119,52,20,269,6,58,64,333
03/12/2010,RIC,VA,AEA,EN,Towers with Radar,76,123,34,0,233,0,0,0,0,0,76,123,34,0,233,0,0,0,233
03/13/2010,RIC,VA,AEA,EN,Towers with Radar,51,81,26,9,167,0,0,10,5,15,51,81,36,14,182,0,12,12,194
03/14/2010,RIC,VA,AEA,EN,Towers with Radar,55,98,32,0,185,0,0,0,0,0,55,98,32,0,185,0,0,0,185
03/15/2010,RIC,VA,AEA,EN,Towers with Radar,82,120,42,18,262,0,0,11,3,14,82,120,53,21,276,6,57,63,339
03/16/2010,RIC,VA,AEA,EN,Towers with Radar,79,123,50,12,264,0,0,15,4,19,79,123,65,16,283,4,6,10,293
03/17/2010,RIC,VA,AEA,EN,Towers with Radar,77,123,56,4,260,0,0,43,14,57,77,123,99,18,317,1,13,14,331
03/18/2010,RIC,VA,AEA,EN,Towers with Radar,81,125,44,6,256,0,2,46,9,57,81,127,90,15,313,0,2,2,315
03/19/2010,RIC,VA,AEA,EN,Towers with Radar,79,125,43,14,261,1,0,37,9,47,80,125,80,23,308,8,6,14,322
03/20/2010,RIC,VA,AEA,EN,Towers with Radar,49,84,27,2,162,0,5,36,0,41,49,89,63,2,203,0,0,0,203
03/21/2010,RIC,VA,AEA,EN,Towers with Radar,57,106,29,1,193,0,5,10,0,15,57,111,39,1,208,0,0,0,208
03/22/2010,RIC,VA,AEA,EN,Towers with Radar,73,120,48,14,255,0,0,3,0,3,73,120,51,14,258,0,0,0,258
03/23/2010,RIC,VA,AEA,EN,Towers with Radar,77,122,42,14,255,0,2,21,12,35,77,124,63,26,290,12,20,32,322
03/24/2010,RIC,VA,AEA,EN,Towers with Radar,75,123,54,6,258,0,2,33,12,47,75,125,87,18,305,4,4,8,313
03/25/2010,RIC,VA,AEA,EN,Towers with Radar,82,122,56,5,265,1,1,49,2,53,83,123,105,7,318,0,0,0,318
03/26/2010,RIC,VA,AEA,EN,Towers with Radar,77,128,51,12,268,0,0,5,1,6,77,128,56,13,274,0,22,22,296
03/27/2010,RIC,VA,AEA,EN,Towers with Radar,49,80,16,6,151,0,4,46,3,53,49,84,62,9,204,4,6,10,214
03/28/2010,RIC,VA,AEA,EN,Towers with Radar,59,101,28,1,189,0,0,7,0,7,59,101,35,1,196,0,0,0,196
03/29/2010,RIC,VA,AEA,EN,Towers with Radar,73,125,47,22,267,0,0,5,0,5,73,125,52,22,272,0,0,0,272
03/30/2010,RIC,VA,AEA,EN,Towers with Radar,75,110,43,24,252,0,0,13,8,21,75,110,56,32,273,20,10,30,303
03/31/2010,RIC,VA,AEA,EN,Towers with Radar,77,117,46,13,253,0,0,33,13,46,77,117,79,26,299,6,0,6,305
04/01/2010,RIC,VA,AEA,EN,Towers with Radar,78,129,48,4,259,0,1,28,3,32,78,130,76,7,291,0,0,0,291
04/02/2010,RIC,VA,AEA,EN,Towers with Radar,76,131,47,11,265,0,0,36,10,46,76,131,83,21,311,8,0,8,319
04/03/2010,RIC,VA,AEA,EN,Towers with Radar,49,87,35,0,171,0,0,30,0,30,49,87,65,0,201,2,0,2,203
04/04/2010,RIC,VA,AEA,EN,Towers with Radar,58,98,24,7,187,0,2,11,0,13,58,100,35,7,200,0,0,0,200
04/05/2010,RIC,VA,AEA,EN,Towers with Radar,71,115,35,4,225,0,0,44,4,48,71,115,79,8,273,2,0,2,275
04/06/2010,RIC,VA,AEA,EN,Towers with Radar,76,115,34,12,237,0,0,30,4,34,76,115,64,16,271,0,0,0,271
04/07/2010,RIC,VA,AEA,EN,Towers with Radar,76,125,59,0,260,0,1,29,0,30,76,126,88,0,290,0,0,0,290
04/08/2010,RIC,VA,AEA,EN,Towers with Radar,78,129,49,8,264,0,0,18,1,19,78,129,67,9,283,0,4,4,287
04/09/2010,RIC,VA,AEA,EN,Towers with Radar,81,124,42,4,251,0,1,40,0,41,81,125,82,4,292,4,0,4,296
04/10/2010,RIC,VA,AEA,EN,Towers with Radar,52,91,30,8,181,0,0,21,2,23,52,91,51,10,204,0,2,2,206
04/11/2010,RIC,VA,AEA,EN,Towers with Radar,69,98,40,2,209,0,0,29,1,30,69,98,69,3,239,14,0,14,253
04/12/2010,RIC,VA,AEA,EN,Towers with Radar,69,119,38,9,235,0,2,25,19,46,69,121,63,28,281,6,6,12,293
04/13/2010,RIC,VA,AEA,EN,Towers with Radar,75,112,50,21,258,0,0,16,6,22,75,112,66,27,280,0,16,16,296
04/14/2010,RIC,VA,AEA,EN,Towers with Radar,78,128,39,11,256,0,0,23,16,39,78,128,62,27,295,6,0,6,301
04/15/2010,RIC,VA,AEA,EN,Towers with Radar,79,132,58,1,270,0,1,39,0,40,79,133,97,1,310,0,0,0,310
04/16/2010,RIC,VA,AEA,EN,Towers with Radar,78,140,42,13,273,0,1,32,15,48,78,141,74,28,321,24,6,30,351
04/17/2010,RIC,VA,AEA,EN,Towers with Radar,54,86,9,2,151,0,0,17,3,20,54,86,26,5,171,2,16,18,189
04/18/2010,RIC,VA,AEA,EN,Towers with Radar,65,101,30,3,199,0,0,32,3,35,65,101,62,6,234,0,0,0,234
04/19/2010,RIC,VA,AEA,EN,Towers with Radar,71,131,42,0,244,0,4,32,2,38,71,135,74,2,282,0,0,0,282
04/20/2010,RIC,VA,AEA,EN,Towers with Radar,76,122,46,9,253,0,0,34,9,43,76,122,80,18,296,0,10,10,306
04/21/2010,RIC,VA,AEA,EN,Towers with Radar,78,118,64,5,265,0,0,7,1,8,78,118,71,6,273,0,0,0,273
04/22/2010,RIC,VA,AEA,EN,Towers with Radar,80,137,62,6,285,0,0,41,3,44,80,137,103,9,329,0,0,0,329
04/23/2010,RIC,VA,AEA,EN,Towers with Radar,78,138,59,9,284,2,0,47,15,64,80,138,106,24,348,8,4,12,360
04/24/2010,RIC,VA,AEA,EN,Towers with Radar,46,86,28,4,164,0,0,19,4,23,46,86,47,8,187,0,0,0,187
04/25/2010,RIC,VA,AEA,EN,Towers with Radar,85,106,35,0,226,0,0,0,0,0,85,106,35,0,226,0,0,0,226
04/26/2010,RIC,VA,AEA,EN,Towers with Radar,88,125,63,5,281,0,1,24,22,47,88,126,87,27,328,0,4,4,332
04/27/2010,RIC,VA,AEA,EN,Towers with Radar,73,131,71,7,282,0,0,21,11,32,73,131,92,18,314,0,8,8,322
04/28/2010,RIC,VA,AEA,EN,Towers with Radar,85,123,61,9,278,0,0,43,23,66,85,123,104,32,344,12,66,78,422
04/29/2010,RIC,VA,AEA,EN,Towers with Radar,79,139,114,13,345,0,1,38,15,54,79,140,152,28,399,2,34,36,435
04/30/2010,RIC,VA,AEA,EN,Towers with Radar,80,143,108,4,335,0,1,61,12,74,80,144,169,16,409,6,12,18,427
05/01/2010,RIC,VA,AEA,EN,Towers with Radar,54,86,61,0,201,1,1,53,6,61,55,87,114,6,262,5,0,5,267
05/02/2010,RIC,VA,AEA,EN,Towers with Radar,63,107,70,1,241,0,0,18,3,21,63,107,88,4,262,0,0,0,262
05/03/2010,RIC,VA,AEA,EN,Towers with Radar,71,123,45,8,247,0,0,10,0,10,71,123,55,8,257,8,10,18,275
05/04/2010,RIC,VA,AEA,EN,Towers with Radar,77,131,53,7,268,0,0,34,4,38,77,131,87,11,306,0,18,18,324
05/05/2010,RIC,VA,AEA,EN,Towers with Radar,84,120,57,5,266,1,1,44,2,48,85,121,101,7,314,0,12,12,326
05/06/2010,RIC,VA,AEA,EN,Towers with Radar,82,123,55,2,262,0,0,32,3,35,82,123,87,5,297,0,0,0,297
05/07/2010,RIC,VA,AEA,EN,Towers with Radar,81,136,67,3,287,0,0,48,7,55,81,136,115,10,342,34,2,36,378
05/08/2010,RIC,VA,AEA,EN,Towers with Radar,64,87,19,2,172,0,0,7,4,11,64,87,26,6,183,0,0,0,183
05/09/2010,RIC,VA,AEA,EN,Towers with Radar,59,100,30,0,189,0,2,21,1,24,59,102,51,1,213,0,0,0,213
05/10/2010,RIC,VA,AEA,EN,Towers with Radar,73,132,40,5,250,0,1,25,16,42,73,133,65,21,292,6,0,6,298
05/11/2010,RIC,VA,AEA,EN,Towers with Radar,79,125,63,1,268,0,0,19,16,35,79,125,82,17,303,10,0,10,313
05/12/2010,RIC,VA,AEA,EN,Towers with Radar,82,129,60,9,280,0,0,17,8,25,82,129,77,17,305,0,4,4,309
05/13/2010,RIC,VA,AEA,EN,Towers with Radar,78,129,78,4,289,0,0,7,2,9,78,129,85,6,298,0,0,0,298
05/14/2010,RIC,VA,AEA,EN,Towers with Radar,97,156,38,10,301,0,0,18,1,19,97,156,56,11,320,0,0,0,320
05/15/2010,RIC,VA,AEA,EN,Towers with Radar,60,87,30,2,179,0,0,42,28,70,60,87,72,30,249,4,18,22,271
05/16/2010,RIC,VA,AEA,EN,Towers with Radar,64,111,22,3,200,0,1,30,3,34,64,112,52,6,234,14,0,14,248
05/17/2010,RIC,VA,AEA,EN,Towers with Radar,70,125,41,11,247,0,0,1,0,1,70,125,42,11,248,0,0,0,248
05/18/2010,RIC,VA,AEA,EN,Towers with Radar,81,118,42,30,271,0,0,3,0,3,81,118,45,30,274,6,18,24,298
05/19/2010,RIC,VA,AEA,EN,Towers with Radar,81,126,91,18,316,0,1,37,18,56,81,127,128,36,372,28,16,44,416
05/20/2010,RIC,VA,AEA,EN,Towers with Radar,81,124,75,4,284,2,1,50,7,60,83,125,125,11,344,0,6,6,350
05/21/2010,RIC,VA,AEA,EN,Towers with Radar,76,124,76,15,291,0,0,38,23,61,76,124,114,38,352,18,30,48,400
05/22/2010,RIC,VA,AEA,EN,Towers with Radar,59,88,21,1,169,0,0,10,3,13,59,88,31,4,182,0,0,0,182
05/23/2010,RIC,VA,AEA,EN,Towers with Radar,62,105,35,1,203,0,0,10,1,11,62,105,45,2,214,0,0,0,214
05/24/2010,RIC,VA,AEA,EN,Towers with Radar,71,127,52,10,260,0,0,14,11,25,71,127,66,21,285,2,0,2,287
05/25/2010,RIC,VA,AEA,EN,Towers with Radar,79,130,60,13,282,0,0,13,10,23,79,130,73,23,305,0,14,14,319
05/26/2010,RIC,VA,AEA,EN,Towers with Radar,79,126,63,4,272,0,0,26,12,38,79,126,89,16,310,0,7,7,317
05/27/2010,RIC,VA,AEA,EN,Towers with Radar,83,123,49,13,268,0,0,32,7,39,83,123,81,20,307,10,6,16,323
05/28/2010,RIC,VA,AEA,EN,Towers with Radar,71,140,50,0,261,0,0,19,0,19,71,140,69,0,280,0,0,0,280
05/29/2010,RIC,VA,AEA,EN,Towers with Radar,53,84,25,0,162,0,4,7,0,11,53,88,32,0,173,28,2,30,203
05/30/2010,RIC,VA,AEA,EN,Towers with Radar,58,80,17,0,155,0,0,21,0,21,58,80,38,0,176,0,0,0,176
05/31/2010,RIC,VA,AEA,EN,Towers with Radar,69,99,43,0,211,0,0,23,0,23,69,99,66,0,234,0,0,0,234
06/01/2010,RIC,VA,AEA,EN,Towers with Radar,77,127,42,4,250,0,0,17,5,22,77,127,59,9,272,0,12,12,284
06/02/2010,RIC,VA,AEA,EN,Towers with Radar,80,125,52,8,265,0,0,26,7,33,80,125,78,15,298,0,0,0,298
06/03/2010,RIC,VA,AEA,EN,Towers with Radar,80,127,59,12,278,0,5,22,8,35,80,132,81,20,313,0,16,16,329
06/04/2010,RIC,VA,AEA,EN,Towers with Radar,72,132,42,9,255,0,0,22,11,33,72,132,64,20,288,4,2,6,294
06/05/2010,RIC,VA,AEA,EN,Towers with Radar,59,85,29,7,180,0,2,28,5,35,59,87,57,12,215,4,14,18,233
06/06/2010,RIC,VA,AEA,EN,Towers with Radar,71,104,21,0,196,0,0,6,3,9,71,104,27,3,205,0,0,0,205
06/07/2010,RIC,VA,AEA,EN,Towers with Radar,72,123,47,5,247,0,0,21,9,30,72,123,68,14,277,8,42,50,327
06/08/2010,RIC,VA,AEA,EN,Towers with Radar,78,120,40,10,248,0,0,22,6,28,78,120,62,16,276,2,2,4,280
06/09/2010,RIC,VA,AEA,EN,Towers with Radar,78,124,63,5,270,0,0,16,1,17,78,124,79,6,287,0,0,0,287
06/10/2010,RIC,VA,AEA,EN,Towers with Radar,83,134,58,13,288,0,3,39,13,55,83,137,97,26,343,0,12,12,355
06/11/2010,RIC,VA,AEA,EN,Towers with Radar,81,139,36,7,263,0,0,38,10,48,81,139,74,17,311,8,0,8,319
06/12/2010,RIC,VA,AEA,EN,Towers with Radar,55,86,30,4,175,0,0,16,8,24,55,86,46,12,199,4,2,6,205
06/13/2010,RIC,VA,AEA,EN,Towers with Radar,67,101,23,6,197,0,2,6,5,13,67,103,29,11,210,0,0,0,210
06/14/2010,RIC,VA,AEA,EN,Towers with Radar,75,122,33,16,246,0,0,23,10,33,75,122,56,26,279,0,8,8,287
06/15/2010,RIC,VA,AEA,EN,Towers with Radar,74,130,43,8,255,0,0,24,6,30,74,130,67,14,285,6,0,6,291
06/16/2010,RIC,VA,AEA,EN,Towers with Radar,83,132,60,20,295,0,0,7,2,9,83,132,67,22,304,0,14,14,318
06/17/2010,RIC,VA,AEA,EN,Towers with Radar,88,123,59,15,285,0,0,38,9,47,88,123,97,24,332,8,4,12,344
06/18/2010,RIC,VA,AEA,EN,Towers with Radar,82,135,65,4,286,0,0,53,11,64,82,135,118,15,350,0,10,10,360
06/19/2010,RIC,VA,AEA,EN,Towers with Radar,58,92,28,4,182,1,1,11,1,14,59,93,39,5,196,6,0,6,202
06/20/2010,RIC,VA,AEA,EN,Towers with Radar,69,108,27,2,206,0,4,16,0,20,69,112,43,2,226,16,0,16,242
06/21/2010,RIC,VA,AEA,EN,Towers with Radar,73,118,51,16,258,0,1,31,7,39,73,119,82,23,297,6,28,34,331
06/22/2010,RIC,VA,AEA,EN,Towers with Radar,91,126,64,16,297,0,2,52,16,70,91,128,116,32,367,10,0,10,377
06/23/2010,RIC,VA,AEA,EN,Towers with Radar,77,125,38,14,254,0,0,25,21,46,77,125,63,35,300,52,14,66,366
06/24/2010,RIC,VA,AEA,EN,Towers with Radar,84,128,42,12,266,0,0,35,29,64,84,128,77,41,330,0,0,0,330
06/25/2010,RIC,VA,AEA,EN,Towers with Radar,82,137,44,15,278,0,2,44,2,48,82,139,88,17,326,0,0,0,326
06/26/2010,RIC,VA,AEA,EN,Towers with Radar,59,91,24,1,175,0,0,19,1,20,59,91,43,2,195,0,0,0,195
06/27/2010,RIC,VA,AEA,EN,Towers with Radar,65,97,18,0,180,0,0,18,5,23,65,97,36,5,203,0,0,0,203
06/28/2010,RIC,VA,AEA,EN,Towers with Radar,94,122,34,5,255,0,0,24,3,27,94,122,58,8,282,6,0,6,288
06/29/2010,RIC,VA,AEA,EN,Towers with Radar,82,126,32,6,246,0,0,23,2,25,82,126,55,8,271,2,0,2,273
06/30/2010,RIC,VA,AEA,EN,Towers with Radar,83,120,50,28,281,0,0,31,2,33,83,120,81,30,314,0,0,0,314
07/01/2010,RIC,VA,AEA,EN,Towers with Radar,78,140,40,4,262,0,0,33,16,49,78,140,73,20,311,8,44,52,363
07/02/2010,RIC,VA,AEA,EN,Towers with Radar,78,130,28,4,240,0,0,52,0,52,78,130,80,4,292,2,12,14,306
07/03/2010,RIC,VA,AEA,EN,Towers with Radar,51,85,22,0,158,0,0,25,0,25,51,85,47,0,183,12,2,14,197
07/04/2010,RIC,VA,AEA,EN,Towers with Radar,51,85,10,0,146,0,0,12,0,12,51,85,22,0,158,0,0,0,158
07/05/2010,RIC,VA,AEA,EN,Towers with Radar,67,105,21,1,194,0,1,27,1,29,67,106,48,2,223,0,0,0,223
07/06/2010,RIC,VA,AEA,EN,Towers with Radar,74,116,39,10,239,0,6,51,13,70,74,122,90,23,309,4,2,6,315
07/07/2010,RIC,VA,AEA,EN,Towers with Radar,81,136,42,6,265,4,0,25,0,29,85,136,67,6,294,0,0,0,294
07/08/2010,RIC,VA,AEA,EN,Towers with Radar,80,130,49,7,266,0,3,34,13,50,80,133,83,20,316,1,14,15,331
07/09/2010,RIC,VA,AEA,EN,Towers with Radar,76,137,41,31,285,0,0,25,10,35,76,137,66,41,320,0,31,31,351
07/10/2010,RIC,VA,AEA,EN,Towers with Radar,57,89,21,6,173,0,0,3,0,3,57,89,24,6,176,0,0,0,176
07/11/2010,RIC,VA,AEA,EN,Towers with Radar,63,119,44,6,232,1,2,25,9,37,64,121,69,15,269,13,0,13,282
07/12/2010,RIC,VA,AEA,EN,Towers with Radar,75,121,47,1,244,1,0,28,3,32,76,121,75,4,276,0,4,4,280
07/13/2010,RIC,VA,AEA,EN,Towers with Radar,86,129,57,15,287,0,1,13,5,19,86,130,70,20,306,4,32,36,342
07/14/2010,RIC,VA,AEA,EN,Towers with Radar,82,119,53,16,270,0,0,30,4,34,82,119,83,20,304,8,10,18,322
07/15/2010,RIC,VA,AEA,EN,Towers with Radar,81,123,71,6,281,0,0,35,0,35,81,123,106,6,316,0,0,0,316
07/16/2010,RIC,VA,AEA,EN,Towers with Radar,85,129,29,17,260,0,4,33,9,46,85,133,62,26,306,0,6,6,312
07/17/2010,RIC,VA,AEA,EN,Towers with Radar,58,90,17,6,171,0,0,12,0,12,58,90,29,6,183,0,0,0,183
07/18/2010,RIC,VA,AEA,EN,Towers with Radar,65,101,31,0,197,0,0,14,0,14,65,101,45,0,211,0,0,0,211
07/19/2010,RIC,VA,AEA,EN,Towers with Radar,84,123,37,5,249,0,0,15,1,16,84,123,52,6,265,0,0,0,265
07/20/2010,RIC,VA,AEA,EN,Towers with Radar,82,133,49,15,279,0,0,30,0,30,82,133,79,15,309,0,0,0,309
07/21/2010,RIC,VA,AEA,EN,Towers with Radar,80,124,61,24,289,0,0,27,13,40,80,124,88,37,329,8,18,26,355
07/22/2010,RIC,VA,AEA,EN,Towers with Radar,86,138,52,18,294,0,2,39,13,54,86,140,91,31,348,6,10,16,364
07/23/2010,RIC,VA,AEA,EN,Towers with Radar,77,137,55,10,279,0,0,48,6,54,77,137,103,16,333,8,10,18,351
07/24/2010,RIC,VA,AEA,EN,Towers with Radar,59,84,33,6,182,0,0,26,4,30,59,84,59,10,212,4,4,8,220
07/25/2010,RIC,VA,AEA,EN,Towers with Radar,100,120,27,2,249,0,1,20,1,22,100,121,47,3,271,0,2,2,273
07/26/2010,RIC,VA,AEA,EN,Towers with Radar,73,129,52,8,262,0,0,28,5,33,73,129,80,13,295,28,2,30,325
07/27/2010,RIC,VA,AEA,EN,Towers with Radar,80,127,48,12,267,0,1,36,7,44,80,128,84,19,311,0,20,20,331
07/28/2010,RIC,VA,AEA,EN,Towers with Radar,82,129,48,9,268,0,3,43,12,58,82,132,91,21,326,26,26,52,378
07/29/2010,RIC,VA,AEA,EN,Towers with Radar,111,126,69,3,309,0,1,26,17,44,111,127,95,20,353,32,46,78,431
07/30/2010,RIC,VA,AEA,EN,Towers with Radar,75,133,44,10,262,0,0,47,10,57,75,133,91,20,319,16,14,30,349
07/31/2010,RIC,VA,AEA,EN,Towers with Radar,57,80,33,2,172,0,0,22,0,22,57,80,55,2,194,4,0,4,198
08/01/2010,RIC,VA,AEA,EN,Towers with Radar,63,107,24,1,195,0,0,5,1,6,63,107,29,2,201,2,0,2,203
08/02/2010,RIC,VA,AEA,EN,Towers with Radar,78,131,33,0,242,0,0,11,2,13,78,131,44,2,255,26,0,26,281
08/03/2010,RIC,VA,AEA,EN,Towers with Radar,80,123,53,3,259,0,4,25,1,30,80,127,78,4,289,14,4,18,307
08/04/2010,RIC,VA,AEA,EN,Towers with Radar,79,131,49,4,263,0,0,28,17,45,79,131,77,21,308,0,0,0,308
08/05/2010,RIC,VA,AEA,EN,Towers with Radar,104,135,41,9,289,1,4,13,1,19,105,139,54,10,308,2,20,22,330
08/06/2010,RIC,VA,AEA,EN,Towers with Radar,80,130,36,15,261,0,1,24,10,35,80,131,60,25,296,2,29,31,327
08/07/2010,RIC,VA,AEA,EN,Towers with Radar,64,91,27,6,188,0,1,24,9,34,64,92,51,15,222,14,4,18,240
08/08/2010,RIC,VA,AEA,EN,Towers with Radar,65,114,27,0,206,0,0,17,2,19,65,114,44,2,225,4,2,6,231
08/09/2010,RIC,VA,AEA,EN,Towers with Radar,72,127,45,2,246,0,1,39,2,42,72,128,84,4,288,38,12,50,338
08/10/2010,RIC,VA,AEA,EN,Towers with Radar,90,128,64,4,286,0,0,46,0,46,90,128,110,4,332,14,0,14,346
08/11/2010,RIC,VA,AEA,EN,Towers with Radar,83,141,60,0,284,0,4,31,6,41,83,145,91,6,325,28,0,28,353
08/12/2010,RIC,VA,AEA,EN,Towers with Radar,84,133,38,6,261,0,2,11,8,21,84,135,49,14,282,0,8,8,290
08/13/2010,RIC,VA,AEA,EN,Towers with Radar,76,133,48,1,258,0,0,13,3,16,76,133,61,4,274,0,0,0,274
08/14/2010,RIC,VA,AEA,EN,Towers with Radar,56,85,29,0,170,0,1,39,7,47,56,86,68,7,217,6,2,8,225
08/15/2010,RIC,VA,AEA,EN,Towers with Radar,71,106,30,0,207,0,0,23,6,29,71,106,53,6,236,12,0,12,248
08/16/2010,RIC,VA,AEA,EN,Towers with Radar,75,122,38,0,235,0,0,20,0,20,75,122,58,0,255,20,2,22,277
08/17/2010,RIC,VA,AEA,EN,Towers with Radar,81,124,51,2,258,0,0,20,14,34,81,124,71,16,292,12,0,12,304
08/18/2010,RIC,VA,AEA,EN,Towers with Radar,84,129,64,2,279,0,0,1,1,2,84,129,65,3,281,0,0,0,281
08/19/2010,RIC,VA,AEA,EN,Towers with Radar,80,131,68,10,289,0,0,10,4,14,80,131,78,14,303,0,0,0,303
08/20/2010,RIC,VA,AEA,EN,Towers with Radar,81,117,55,16,269,0,0,44,9,53,81,117,99,25,322,17,12,29,351
08/21/2010,RIC,VA,AEA,EN,Towers with Radar,61,93,26,0,180,0,4,30,0,34,61,97,56,0,214,6,0,6,220
08/22/2010,RIC,VA,AEA,EN,Towers with Radar,82,100,36,2,220,0,0,6,0,6,82,100,42,2,226,12,0,12,238
08/23/2010,RIC,VA,AEA,EN,Towers with Radar,76,125,53,9,263,0,3,24,0,27,76,128,77,9,290,4,6,10,300
08/24/2010,RIC,VA,AEA,EN,Towers with Radar,82,119,57,21,279,0,4,8,0,12,82,123,65,21,291,2,14,16,307
08/25/2010,RIC,VA,AEA,EN,Towers with Radar,81,123,36,12,252,0,0,14,7,21,81,123,50,19,273,2,18,20,293
08/26/2010,RIC,VA,AEA,EN,Towers with Radar,82,129,55,14,280,0,0,30,2,32,82,129,85,16,312,8,12,20,332
08/27/2010,RIC,VA,AEA,EN,Towers with Radar,82,130,42,3,257,0,2,37,9,48,82,132,79,12,305,6,1,7,312
08/28/2010,RIC,VA,AEA,EN,Towers with Radar,51,91,17,0,159,0,2,26,0,28,51,93,43,0,187,0,0,0,187
08/29/2010,RIC,VA,AEA,EN,Towers with Radar,71,100,27,0,198,0,3,10,0,13,71,103,37,0,211,0,0,0,211
08/30/2010,RIC,VA,AEA,EN,Towers with Radar,77,118,58,27,280,0,1,46,1,48,77,119,104,28,328,8,10,18,346
08/31/2010,RIC,VA,AEA,EN,Towers with Radar,85,118,33,2,238,0,0,43,19,62,85,118,76,21,300,3,13,16,316
09/01/2010,RIC,VA,AEA,EN,Towers with Radar,85,118,41,7,251,0,1,36,2,39,85,119,77,9,290,10,0,10,300
09/02/2010,RIC,VA,AEA,EN,Towers with Radar,81,124,66,12,283,0,2,40,3,45,81,126,106,15,328,32,16,48,376
09/03/2010,RIC,VA,AEA,EN,Towers with Radar,80,125,27,2,234,0,0,22,0,22,80,125,49,2,256,0,0,0,256
09/04/2010,RIC,VA,AEA,EN,Towers with Radar,51,83,32,1,167,0,0,38,2,40,51,83,70,3,207,15,0,15,222
09/05/2010,RIC,VA,AEA,EN,Towers with Radar,61,81,15,0,157,1,0,25,0,26,62,81,40,0,183,12,0,12,195
09/06/2010,RIC,VA,AEA,EN,Towers with Radar,76,94,31,1,202,0,0,37,2,39,76,94,68,3,241,28,0,28,269
09/07/2010,RIC,VA,AEA,EN,Towers with Radar,80,123,47,9,259,0,0,26,9,35,80,123,73,18,294,8,6,14,308
09/08/2010,RIC,VA,AEA,EN,Towers with Radar,81,128,62,14,285,0,1,50,12,63,81,129,112,26,348,6,58,64,412
09/09/2010,RIC,VA,AEA,EN,Towers with Radar,86,136,135,10,367,0,1,55,40,96,86,137,190,50,463,10,6,16,479
09/10/2010,RIC,VA,AEA,EN,Towers with Radar,80,131,91,15,317,0,0,50,24,74,80,131,141,39,391,12,12,24,415
09/11/2010,RIC,VA,AEA,EN,Towers with Radar,52,104,73,5,234,0,2,104,17,123,52,106,177,22,357,18,6,24,381
09/12/2010,RIC,VA,AEA,EN,Towers with Radar,77,116,76,17,286,0,1,29,3,33,77,117,105,20,319,6,0,6,325
09/13/2010,RIC,VA,AEA,EN,Towers with Radar,77,135,54,9,275,0,3,20,5,28,77,138,74,14,303,0,16,16,319
09/14/2010,RIC,VA,AEA,EN,Towers with Radar,82,124,42,23,271,0,0,32,15,47,82,124,74,38,318,10,36,46,364
09/15/2010,RIC,VA,AEA,EN,Towers with Radar,81,130,68,4,283,0,2,45,19,66,81,132,113,23,349,2,8,10,359
09/16/2010,RIC,VA,AEA,EN,Towers with Radar,94,128,69,9,300,0,0,34,9,43,94,128,103,18,343,0,15,15,358
09/17/2010,RIC,VA,AEA,EN,Towers with Radar,84,131,50,8,273,0,0,29,4,33,84,131,79,12,306,0,2,2,308
09/18/2010,RIC,VA,AEA,EN,Towers with Radar,53,92,18,2,165,0,0,32,2,34,53,92,50,4,199,6,0,6,205
09/19/2010,RIC,VA,AEA,EN,Towers with Radar,77,108,36,3,224,1,0,29,1,31,78,108,65,4,255,0,0,0,255
09/20/2010,RIC,VA,AEA,EN,Towers with Radar,76,125,35,8,244,0,2,38,1,41,76,127,73,9,285,0,20,20,305
09/21/2010,RIC,VA,AEA,EN,Towers with Radar,77,133,54,8,272,0,1,25,18,44,77,134,79,26,316,32,6,38,354
09/22/2010,RIC,VA,AEA,EN,Towers with Radar,102,149,48,9,308,0,0,27,8,35,102,149,75,17,343,0,0,0,343
09/23/2010,RIC,VA,AEA,EN,Towers with Radar,83,143,42,5,273,0,0,35,14,49,83,143,77,19,322,20,1,21,343
09/24/2010,RIC,VA,AEA,EN,Towers with Radar,83,148,41,2,274,0,1,25,2,28,83,149,66,4,302,0,0,0,302
09/25/2010,RIC,VA,AEA,EN,Towers with Radar,53,100,40,1,194,0,1,29,3,33,53,101,69,4,227,0,0,0,227
09/26/2010,RIC,VA,AEA,EN,Towers with Radar,75,112,33,0,220,0,0,22,0,22,75,112,55,0,242,0,0,0,242
09/27/2010,RIC,VA,AEA,EN,Towers with Radar,71,124,55,1,251,0,0,0,0,0,71,124,55,1,251,0,0,0,251
09/28/2010,RIC,VA,AEA,EN,Towers with Radar,82,122,68,17,289,0,0,23,7,30,82,122,91,24,319,8,10,18,337
09/29/2010,RIC,VA,AEA,EN,Towers with Radar,83,138,46,13,280,0,0,2,2,4,83,138,48,15,284,0,0,0,284
09/30/2010,RIC,VA,AEA,EN,Towers with Radar,81,123,36,2,242,0,0,0,0,0,81,123,36,2,242,0,0,0,242
10/01/2010,RIC,VA,AEA,EN,Towers with Radar,85,123,53,29,290,0,2,21,18,41,85,125,74,47,331,0,40,40,371
10/02/2010,RIC,VA,AEA,EN,Towers with Radar,56,91,25,0,172,0,0,38,7,45,56,91,63,7,217,0,2,2,219
10/03/2010,RIC,VA,AEA,EN,Towers with Radar,74,108,28,7,217,0,0,16,4,20,74,108,44,11,237,10,12,22,259
10/04/2010,RIC,VA,AEA,EN,Towers with Radar,75,120,50,23,268,0,0,13,5,18,75,120,63,28,286,14,1,15,301
10/05/2010,RIC,VA,AEA,EN,Towers with Radar,77,130,41,36,284,0,6,31,12,49,77,136,72,48,333,6,65,71,404
10/06/2010,RIC,VA,AEA,EN,Towers with Radar,81,123,47,8,259,0,0,31,10,41,81,123,78,18,300,32,24,56,356
10/07/2010,RIC,VA,AEA,EN,Towers with Radar,85,142,73,9,309,0,2,55,4,61,85,144,128,13,370,36,14,50,420
10/08/2010,RIC,VA,AEA,EN,Towers with Radar,82,142,47,21,292,2,2,33,3,40,84,144,80,24,332,6,0,6,338
10/09/2010,RIC,VA,AEA,EN,Towers with Radar,56,92,32,0,180,0,1,25,2,28,56,93,57,2,208,8,0,8,216
10/10/2010,RIC,VA,AEA,EN,Towers with Radar,77,106,18,0,201,0,3,26,0,29,77,109,44,0,230,10,2,12,242
10/11/2010,RIC,VA,AEA,EN,Towers with Radar,78,131,49,0,258,0,0,40,2,42,78,131,89,2,300,16,0,16,316
10/12/2010,RIC,VA,AEA,EN,Towers with Radar,85,132,67,8,292,0,0,38,7,45,85,132,105,15,337,4,24,28,365
10/13/2010,RIC,VA,AEA,EN,Towers with Radar,84,132,71,17,304,0,0,32,13,45,84,132,103,30,349,46,30,76,425
10/14/2010,RIC,VA,AEA,EN,Towers with Radar,86,134,83,2,305,0,0,7,1,8,86,134,90,3,313,0,0,0,313
10/15/2010,RIC,VA,AEA,EN,Towers with Radar,84,134,42,22,282,0,2,30,1,33,84,136,72,23,315,0,16,16,331
10/16/2010,RIC,VA,AEA,EN,Towers with Radar,56,89,55,2,202,0,0,61,2,63,56,89,116,4,265,2,0,2,267
10/17/2010,RIC,VA,AEA,EN,Towers with Radar,77,110,60,4,251,1,3,39,0,43,78,113,99,4,294,0,0,0,294
10/18/2010,RIC,VA,AEA,EN,Towers with Radar,77,123,56,22,278,0,0,38,9,47,77,123,94,31,325,8,48,56,381
10/19/2010,RIC,VA,AEA,EN,Towers with Radar,80,122,54,23,279,0,0,12,10,22,80,122,66,33,301,0,18,18,319
10/20/2010,RIC,VA,AEA,EN,Towers with Radar,103,123,83,12,321,0,0,0,0,0,103,123,83,12,321,10,0,10,331
10/21/2010,RIC,VA,AEA,EN,Towers with Radar,92,135,50,4,281,0,0,23,4,27,92,135,73,8,308,62,42,104,412
10/22/2010,RIC,VA,AEA,EN,Towers with Radar,83,135,52,9,279,0,4,60,4,68,83,139,112,13,347,6,10,16,363
10/23/2010,RIC,VA,AEA,EN,Towers with Radar,59,88,27,0,174,2,1,30,2,35,61,89,57,2,209,0,4,4,213
10/24/2010,RIC,VA,AEA,EN,Towers with Radar,75,101,25,0,201,3,1,14,0,18,78,102,39,0,219,0,0,0,219
10/25/2010,RIC,VA,AEA,EN,Towers with Radar,81,121,66,3,271,1,1,14,7,23,82,122,80,10,294,14,28,42,336
10/26/2010,RIC,VA,AEA,EN,Towers with Radar,83,114,56,17,270,0,0,11,20,31,83,114,67,37,301,18,22,40,341
10/27/2010,RIC,VA,AEA,EN,Towers with Radar,75,126,48,2,251,0,0,8,0,8,75,126,56,2,259,0,0,0,259
10/28/2010,RIC,VA,AEA,EN,Towers with Radar,88,138,75,21,322,0,0,29,20,49,88,138,104,41,371,8,44,52,423
10/29/2010,RIC,VA,AEA,EN,Towers with Radar,85,136,66,12,299,0,0,36,15,51,85,136,102,27,350,6,49,55,405
10/30/2010,RIC,VA,AEA,EN,Towers with Radar,55,83,21,6,165,0,0,16,2,18,55,83,37,8,183,0,0,0,183
10/31/2010,RIC,VA,AEA,EN,Towers with Radar,72,99,17,1,189,0,0,12,0,12,72,99,29,1,201,0,0,0,201
11/01/2010,RIC,VA,AEA,EN,Towers with Radar,71,121,54,3,249,0,0,30,1,31,71,121,84,4,280,0,0,0,280
11/02/2010,RIC,VA,AEA,EN,Towers with Radar,75,129,49,26,279,0,1,32,2,35,75,130,81,28,314,14,42,56,370
11/03/2010,RIC,VA,AEA,EN,Towers with Radar,77,128,59,8,272,0,2,28,2,32,77,130,87,10,304,0,0,0,304
11/04/2010,RIC,VA,AEA,EN,Towers with Radar,78,114,49,10,251,0,0,0,2,2,78,114,49,12,253,9,9,18,271
11/05/2010,RIC,VA,AEA,EN,Towers with Radar,77,138,42,6,263,0,2,21,6,29,77,140,63,12,292,0,56,56,348
11/06/2010,RIC,VA,AEA,EN,Towers with Radar,52,91,22,9,174,0,1,15,5,21,52,92,37,14,195,0,2,2,197
11/07/2010,RIC,VA,AEA,EN,Towers with Radar,63,117,22,5,207,0,2,9,4,15,63,119,31,9,222,0,2,2,224
11/08/2010,RIC,VA,AEA,EN,Towers with Radar,66,122,51,7,246,0,1,42,6,49,66,123,93,13,295,2,16,18,313
11/09/2010,RIC,VA,AEA,EN,Towers with Radar,78,124,56,16,274,0,0,23,9,32,78,124,79,25,306,54,34,88,394
11/10/2010,RIC,VA,AEA,EN,Towers with Radar,78,131,62,11,282,0,6,41,11,58,78,137,103,22,340,4,14,18,358
11/11/2010,RIC,VA,AEA,EN,Towers with Radar,77,127,61,3,268,0,0,29,0,29,77,127,90,3,297,0,0,0,297
11/12/2010,RIC,VA,AEA,EN,Towers with Radar,76,123,47,4,250,0,2,34,1,37,76,125,81,5,287,16,2,18,305
11/13/2010,RIC,VA,AEA,EN,Towers with Radar,53,91,26,1,171,2,2,18,1,23,55,93,44,2,194,0,8,8,202
11/14/2010,RIC,VA,AEA,EN,Towers with Radar,62,113,36,0,211,0,3,15,1,19,62,116,51,1,230,6,2,8,238
11/15/2010,RIC,VA,AEA,EN,Towers with Radar,73,135,64,23,295,0,0,33,1,34,73,135,97,24,329,0,18,18,347
11/16/2010,RIC,VA,AEA,EN,Towers with Radar,76,124,53,16,269,0,0,11,0,11,76,124,64,16,280,0,0,0,280
11/17/2010,RIC,VA,AEA,EN,Towers with Radar,78,128,50,17,273,0,0,24,4,28,78,128,74,21,301,14,16,30,331
11/18/2010,RIC,VA,AEA,EN,Towers with Radar,81,128,64,8,281,0,0,38,15,53,81,128,102,23,334,3,24,27,361
11/19/2010,RIC,VA,AEA,EN,Towers with Radar,76,140,54,28,298,0,5,32,1,38,76,145,86,29,336,0,0,0,336
11/20/2010,RIC,VA,AEA,EN,Towers with Radar,58,98,6,2,164,0,4,17,3,24,58,102,23,5,188,0,0,0,188
11/21/2010,RIC,VA,AEA,EN,Towers with Radar,70,98,27,1,196,0,0,6,0,6,70,98,33,1,202,0,0,0,202
11/22/2010,RIC,VA,AEA,EN,Towers with Radar,73,121,36,24,254,0,0,24,8,32,73,121,60,32,286,8,10,18,304
11/23/2010,RIC,VA,AEA,EN,Towers with Radar,77,134,63,9,283,0,1,20,17,38,77,135,83,26,321,0,20,20,341
11/24/2010,RIC,VA,AEA,EN,Towers with Radar,81,131,47,0,259,0,2,30,12,44,81,133,77,12,303,6,2,8,311
11/25/2010,RIC,VA,AEA,EN,Towers with Radar,39,70,14,0,123,0,0,12,0,12,39,70,26,0,135,0,0,0,135
11/26/2010,RIC,VA,AEA,EN,Towers with Radar,61,94,17,0,172,0,4,5,0,9,61,98,22,0,181,0,0,0,181
11/27/2010,RIC,VA,AEA,EN,Towers with Radar,55,103,24,0,182,0,0,17,0,17,55,103,41,0,199,0,0,0,199
11/28/2010,RIC,VA,AEA,EN,Towers with Radar,65,128,39,0,232,0,0,21,0,21,65,128,60,0,253,6,0,6,259
11/29/2010,RIC,VA,AEA,EN,Towers with Radar,71,129,49,25,274,0,1,37,9,47,71,130,86,34,321,6,42,48,369
11/30/2010,RIC,VA,AEA,EN,Towers with Radar,75,125,58,27,285,0,0,17,9,26,75,125,75,36,311,0,54,54,365
12/01/2010,RIC,VA,AEA,EN,Towers with Radar,81,124,37,7,249,0,1,10,1,12,81,125,47,8,261,14,0,14,275
12/02/2010,RIC,VA,AEA,EN,Towers with Radar,77,126,39,5,247,0,0,20,14,34,77,126,59,19,281,38,22,60,341
12/03/2010,RIC,VA,AEA,EN,Towers with Radar,74,136,42,1,253,0,2,43,7,52,74,138,85,8,305,12,6,18,323
12/04/2010,RIC,VA,AEA,EN,Towers with Radar,56,93,32,3,184,0,0,16,7,23,56,93,48,10,207,0,2,2,209
12/05/2010,RIC,VA,AEA,EN,Towers with Radar,63,110,25,0,198,0,0,6,0,6,63,110,31,0,204,0,0,0,204
12/06/2010,RIC,VA,AEA,EN,Towers with Radar,69,121,65,23,278,0,0,21,10,31,69,121,86,33,309,2,30,32,341
12/07/2010,RIC,VA,AEA,EN,Towers with Radar,76,122,40,16,254,0,0,19,17,36,76,122,59,33,290,0,20,20,310
12/08/2010,RIC,VA,AEA,EN,Towers with Radar,80,147,63,2,292,0,1,41,16,58,80,148,104,18,350,6,8,14,364
12/09/2010,RIC,VA,AEA,EN,Towers with Radar,77,137,60,4,278,0,2,34,0,36,77,139,94,4,314,0,0,0,314
12/10/2010,RIC,VA,AEA,EN,Towers with Radar,80,130,62,11,283,0,1,42,14,57,80,131,104,25,340,20,16,36,376
12/11/2010,RIC,VA,AEA,EN,Towers with Radar,53,86,24,4,167,0,0,19,0,19,53,86,43,4,186,0,0,0,186
12/12/2010,RIC,VA,AEA,EN,Towers with Radar,52,89,18,2,161,0,0,0,0,0,52,89,18,2,161,0,0,0,161
12/13/2010,RIC,VA,AEA,EN,Towers with Radar,73,123,38,18,252,0,0,9,2,11,73,123,47,20,263,0,4,4,267
12/14/2010,RIC,VA,AEA,EN,Towers with Radar,77,126,68,10,281,0,0,12,3,15,77,126,80,13,296,2,0,2,298
12/15/2010,RIC,VA,AEA,EN,Towers with Radar,76,129,61,9,275,0,1,31,0,32,76,130,92,9,307,0,0,0,307
12/16/2010,RIC,VA,AEA,EN,Towers with Radar,78,129,22,0,229,0,0,2,0,2,78,129,24,0,231,0,0,0,231
12/17/2010,RIC,VA,AEA,EN,Towers with Radar,77,146,55,23,301,1,0,16,6,23,78,146,71,29,324,0,22,22,346
12/18/2010,RIC,VA,AEA,EN,Towers with Radar,57,92,25,4,178,0,1,10,3,14,57,93,35,7,192,0,8,8,200
12/19/2010,RIC,VA,AEA,EN,Towers with Radar,55,102,27,0,184,0,2,8,0,10,55,104,35,0,194,0,0,0,194
12/20/2010,RIC,VA,AEA,EN,Towers with Radar,70,140,31,15,256,0,3,15,15,33,70,143,46,30,289,0,24,24,313
12/21/2010,RIC,VA,AEA,EN,Towers with Radar,86,128,49,6,269,1,0,23,32,56,87,128,72,38,325,2,2,4,329
12/22/2010,RIC,VA,AEA,EN,Towers with Radar,83,134,42,16,275,0,0,33,22,55,83,134,75,38,330,24,56,80,410
12/23/2010,RIC,VA,AEA,EN,Towers with Radar,81,126,20,3,230,0,0,14,7,21,81,126,34,10,251,14,0,14,265
12/24/2010,RIC,VA,AEA,EN,Towers with Radar,66,85,9,0,160,0,2,16,0,18,66,87,25,0,178,0,0,0,178
12/25/2010,RIC,VA,AEA,EN,Towers with Radar,37,62,8,0,107,0,0,0,0,0,37,62,8,0,107,0,0,0,107
12/26/2010,RIC,VA,AEA,EN,Towers with Radar,43,70,18,0,131,0,0,0,0,0,43,70,18,0,131,0,0,0,131
12/27/2010,RIC,VA,AEA,EN,Towers with Radar,62,93,20,2,177,0,0,2,0,2,62,93,22,2,179,0,0,0,179
12/28/2010,RIC,VA,AEA,EN,Towers with Radar,74,97,37,4,212,0,0,24,2,26,74,97,61,6,238,0,12,12,250
12/29/2010,RIC,VA,AEA,EN,Towers with Radar,71,110,30,12,223,0,1,28,3,32,71,111,58,15,255,0,20,20,275
12/30/2010,RIC,VA,AEA,EN,Towers with Radar,79,106,26,8,219,0,0,38,10,48,79,106,64,18,267,0,0,0,267
12/31/2010,RIC,VA,AEA,EN,Towers with Radar,65,95,15,0,175,0,2,19,1,22,65,97,34,1,197,4,0,4,201
01/01/2011,RIC,VA,AEA,EN,Towers with Radar,56,70,16,0,142,0,0,3,0,3,56,70,19,0,145,4,0,4,149
01/02/2011,RIC,VA,AEA,EN,Towers with Radar,55,118,33,0,206,0,0,0,0,0,55,118,33,0,206,0,0,0,206
01/03/2011,RIC,VA,AEA,EN,Towers with Radar,75,119,30,1,225,0,0,24,18,42,75,119,54,19,267,14,0,14,281
01/04/2011,RIC,VA,AEA,EN,Towers with Radar,78,122,33,15,248,0,2,37,16,55,78,124,70,31,303,0,24,24,327
01/05/2011,RIC,VA,AEA,EN,Towers with Radar,77,127,44,6,254,0,2,27,19,48,77,129,71,25,302,2,2,4,306
01/06/2011,RIC,VA,AEA,EN,Towers with Radar,76,127,35,24,262,0,0,24,29,53,76,127,59,53,315,0,28,28,343
01/07/2011,RIC,VA,AEA,EN,Towers with Radar,77,107,29,29,242,0,0,19,16,35,77,107,48,45,277,0,25,25,302
01/08/2011,RIC,VA,AEA,EN,Towers with Radar,53,78,17,5,153,0,0,5,0,5,53,78,22,5,158,0,26,26,184
01/09/2011,RIC,VA,AEA,EN,Towers with Radar,59,93,24,32,208,0,0,14,4,18,59,93,38,36,226,0,52,52,278
01/10/2011,RIC,VA,AEA,EN,Towers with Radar,42,121,48,6,217,0,4,23,1,28,42,125,71,7,245,8,22,30,275
01/11/2011,RIC,VA,AEA,EN,Towers with Radar,33,87,20,0,140,0,0,0,0,0,33,87,20,0,140,0,0,0,140
01/12/2011,RIC,VA,AEA,EN,Towers with Radar,60,113,41,6,220,0,1,8,3,12,60,114,49,9,232,30,16,46,278
01/13/2011,RIC,VA,AEA,EN,Towers with Radar,77,129,45,24,275,0,0,33,21,54,77,129,78,45,329,0,36,36,365
01/14/2011,RIC,VA,AEA,EN,Towers with Radar,74,138,49,16,277,0,6,37,13,56,74,144,86,29,333,0,14,14,347
01/15/2011,RIC,VA,AEA,EN,Towers with Radar,54,78,26,0,158,0,0,23,1,24,54,78,49,1,182,2,0,2,184
01/16/2011,RIC,VA,AEA,EN,Towers with Radar,60,92,28,0,180,0,0,12,0,12,60,92,40,0,192,12,0,12,204
01/17/2011,RIC,VA,AEA,EN,Towers with Radar,68,113,43,1,225,0,0,13,0,13,68,113,56,1,238,24,0,24,262
01/18/2011,RIC,VA,AEA,EN,Towers with Radar,72,116,38,10,236,0,0,0,0,0,72,116,38,10,236,0,0,0,236
01/19/2011,RIC,VA,AEA,EN,Towers with Radar,83,128,64,15,290,0,0,36,14,50,83,128,100,29,340,10,34,44,384
01/20/2011,RIC,VA,AEA,EN,Towers with Radar,76,121,75,7,279,0,1,34,23,58,76,122,109,30,337,14,34,48,385
01/21/2011,RIC,VA,AEA,EN,Towers with Radar,74,119,38,24,255,0,0,21,6,27,74,119,59,30,282,10,30,40,322
01/22/2011,RIC,VA,AEA,EN,Towers with Radar,54,82,18,3,157,0,0,13,5,18,54,82,31,8,175,26,2,28,203
01/23/2011,RIC,VA,AEA,EN,Towers with Radar,68,97,30,0,195,0,0,29,2,31,68,97,59,2,226,24,0,24,250
01/24/2011,RIC,VA,AEA,EN,Towers with Radar,70,116,37,6,229,0,0,32,2,34,70,116,69,8,263,0,38,38,301
01/25/2011,RIC,VA,AEA,EN,Towers with Radar,71,136,50,12,269,0,0,33,9,42,71,136,83,21,311,14,6,20,331
01/26/2011,RIC,VA,AEA,EN,Towers with Radar,71,118,57,2,248,0,0,0,0,0,71,118,57,2,248,0,0,0,248
01/27/2011,RIC,VA,AEA,EN,Towers with Radar,77,91,57,15,240,0,1,41,13,55,77,92,98,28,295,2,18,20,315
01/28/2011,RIC,VA,AEA,EN,Towers with Radar,79,121,39,18,257,0,0,8,8,16,79,121,47,26,273,12,22,34,307
01/29/2011,RIC,VA,AEA,EN,Towers with Radar,52,79,21,0,152,0,0,23,12,35,52,79,44,12,187,12,0,12,199
01/30/2011,RIC,VA,AEA,EN,Towers with Radar,64,103,31,2,200,0,0,20,9,29,64,103,51,11,229,4,2,6,235
01/31/2011,RIC,VA,AEA,EN,Towers with Radar,71,114,41,11,237,0,2,19,2,23,71,116,60,13,260,2,30,32,292
02/01/2011,RIC,VA,AEA,EN,Towers with Radar,65,83,36,6,190,0,0,3,2,5,65,83,39,8,195,0,8,8,203
02/02/2011,RIC,VA,AEA,EN,Towers with Radar,67,89,30,3,189,0,3,13,4,20,67,92,43,7,209,0,0,0,209
02/03/2011,RIC,VA,AEA,EN,Towers with Radar,75,122,54,12,263,0,3,30,7,40,75,125,84,19,303,2,12,14,317
02/04/2011,RIC,VA,AEA,EN,Towers with Radar,73,119,60,14,266,0,0,36,3,39,73,119,96,17,305,32,32,64,369
02/05/2011,RIC,VA,AEA,EN,Towers with Radar,55,83,11,2,151,0,0,1,0,1,55,83,12,2,152,0,0,0,152
02/06/2011,RIC,VA,AEA,EN,Towers with Radar,61,84,18,1,164,0,7,33,5,45,61,91,51,6,209,6,8,14,223
02/07/2011,RIC,VA,AEA,EN,Towers with Radar,67,117,58,5,247,0,2,29,3,34,67,119,87,8,281,14,0,14,295
02/08/2011,RIC,VA,AEA,EN,Towers with Radar,72,116,42,15,245,0,0,21,0,21,72,116,63,15,266,2,8,10,276
02/09/2011,RIC,VA,AEA,EN,Towers with Radar,70,131,70,18,289,0,1,43,1,45,70,132,113,19,334,32,4,36,370
02/10/2011,RIC,VA,AEA,EN,Towers with Radar,72,136,51,9,268,0,0,32,5,37,72,136,83,14,305,6,32,38,343
02/11/2011,RIC,VA,AEA,EN,Towers with Radar,75,133,51,26,285,4,0,35,9,48,79,133,86,35,333,28,30,58,391
02/12/2011,RIC,VA,AEA,EN,Towers with Radar,54,75,26,7,162,0,0,28,5,33,54,75,54,12,195,4,4,8,203
02/13/2011,RIC,VA,AEA,EN,Towers with Radar,63,99,32,3,197,0,0,14,2,16,63,99,46,5,213,2,0,2,215
02/14/2011,RIC,VA,AEA,EN,Towers with Radar,65,119,31,14,229,2,1,16,9,28,67,120,47,23,257,10,2,12,269
02/15/2011,RIC,VA,AEA,EN,Towers with Radar,71,123,49,23,266,0,3,57,18,78,71,126,106,41,344,32,58,90,434
02/16/2011,RIC,VA,AEA,EN,Towers with Radar,74,118,63,12,267,0,0,54,13,67,74,118,117,25,334,16,36,52,386
02/17/2011,RIC,VA,AEA,EN,Towers with Radar,75,130,60,11,276,0,0,48,18,66,75,130,108,29,342,16,33,49,391
02/18/2011,RIC,VA,AEA,EN,Towers with Radar,74,136,63,2,275,0,0,35,4,39,74,136,98,6,314,4,6,10,324
02/19/2011,RIC,VA,AEA,EN,Towers with Radar,50,78,6,15,149,0,0,7,0,7,50,78,13,15,156,2,34,36,192
02/20/2011,RIC,VA,AEA,EN,Towers with Radar,57,101,32,0,190,2,2,47,5,56,59,103,79,5,246,10,6,16,262
02/21/2011,RIC,VA,AEA,EN,Towers with Radar,65,106,45,1,217,0,2,11,0,13,65,108,56,1,230,26,0,26,256
02/22/2011,RIC,VA,AEA,EN,Towers with Radar,77,120,45,12,254,0,0,7,0,7,77,120,52,12,261,0,0,0,261
02/23/2011,RIC,VA,AEA,EN,Towers with Radar,76,137,66,19,298,0,1,52,2,55,76,138,118,21,353,42,30,72,425
02/24/2011,RIC,VA,AEA,EN,Towers with Radar,76,133,50,18,277,0,0,35,3,38,76,133,85,21,315,12,0,12,327
02/25/2011,RIC,VA,AEA,EN,Towers with Radar,74,116,31,4,225,0,0,3,1,4,74,116,34,5,229,0,0,0,229
02/26/2011,RIC,VA,AEA,EN,Towers with Radar,55,79,39,7,180,0,3,53,17,73,55,82,92,24,253,4,20,24,277
02/27/2011,RIC,VA,AEA,EN,Towers with Radar,61,106,32,3,202,0,2,27,14,43,61,108,59,17,245,0,8,8,253
02/28/2011,RIC,VA,AEA,EN,Towers with Radar,65,125,62,5,257,0,0,13,4,17,65,125,75,9,274,4,14,18,292
03/01/2011,RIC,VA,AEA,EN,Towers with Radar,74,128,64,11,277,0,0,35,7,42,74,128,99,18,319,34,4,38,357
03/02/2011,RIC,VA,AEA,EN,Towers with Radar,77,129,67,7,280,0,3,63,3,69,77,132,130,10,349,14,6,20,369
03/03/2011,RIC,VA,AEA,EN,Towers with Radar,78,129,49,10,266,0,0,45,9,54,78,129,94,19,320,4,0,4,324
03/04/2011,RIC,VA,AEA,EN,Towers with Radar,80,130,52,16,278,0,0,51,6,57,80,130,103,22,335,28,28,56,391
03/05/2011,RIC,VA,AEA,EN,Towers with Radar,56,97,28,4,185,0,0,26,3,29,56,97,54,7,214,4,8,12,226
03/06/2011,RIC,VA,AEA,EN,Towers with Radar,60,100,17,2,179,0,0,0,0,0,60,100,17,2,179,0,0,0,179
03/07/2011,RIC,VA,AEA,EN,Towers with Radar,72,134,44,49,299,0,1,14,1,16,72,135,58,50,315,12,10,22,337
03/08/2011,RIC,VA,AEA,EN,Towers with Radar,77,119,37,14,247,0,0,49,5,54,77,119,86,19,301,24,2,26,327
03/09/2011,RIC,VA,AEA,EN,Towers with Radar,80,126,48,5,259,0,3,14,4,21,80,129,62,9,280,4,10,14,294
03/10/2011,RIC,VA,AEA,EN,Towers with Radar,82,142,38,0,262,0,0,0,0,0,82,142,38,0,262,0,0,0,262
03/11/2011,RIC,VA,AEA,EN,Towers with Radar,77,126,51,10,264,0,0,52,11,63,77,126,103,21,327,14,6,20,347
03/12/2011,RIC,VA,AEA,EN,Towers with Radar,55,89,29,1,174,0,2,33,1,36,55,91,62,2,210,12,0,12,222
03/13/2011,RIC,VA,AEA,EN,Towers with Radar,68,107,35,0,210,0,0,21,0,21,68,107,56,0,231,8,0,8,239
03/14/2011,RIC,VA,AEA,EN,Towers with Radar,72,120,55,9,256,0,1,36,6,43,72,121,91,15,299,5,14,19,318
03/15/2011,RIC,VA,AEA,EN,Towers with Radar,82,121,41,9,253,0,0,33,0,33,82,121,74,9,286,8,4,12,298
03/16/2011,RIC,VA,AEA,EN,Towers with Radar,82,123,61,11,277,0,0,11,1,12,82,123,72,12,289,13,4,17,306
03/17/2011,RIC,VA,AEA,EN,Towers with Radar,78,131,55,7,271,0,0,55,2,57,78,131,110,9,328,32,4,36,364
03/18/2011,RIC,VA,AEA,EN,Towers with Radar,80,133,33,10,256,0,2,49,2,53,80,135,82,12,309,12,10,22,331
03/19/2011,RIC,VA,AEA,EN,Towers with Radar,54,85,18,0,157,0,2,31,1,34,54,87,49,1,191,22,0,22,213
03/20/2011,RIC,VA,AEA,EN,Towers with Radar,71,104,28,1,204,0,0,32,0,32,71,104,60,1,236,6,0,6,242
03/21/2011,RIC,VA,AEA,EN,Towers with Radar,77,118,36,6,237,0,0,16,0,16,77,118,52,6,253,0,0,0,253
03/22/2011,RIC,VA,AEA,EN,Towers with Radar,81,123,58,14,276,0,0,55,3,58,81,123,113,17,334,2,28,30,364
03/23/2011,RIC,VA,AEA,EN,Towers with Radar,88,133,35,46,302,0,5,14,3,22,88,138,49,49,324,10,54,64,388
03/24/2011,RIC,VA,AEA,EN,Towers with Radar,85,136,68,16,305,0,1,27,1,29,85,137,95,17,334,14,30,44,378
03/25/2011,RIC,VA,AEA,EN,Towers with Radar,78,125,60,14,277,0,2,37,3,42,78,127,97,17,319,48,26,74,393
03/26/2011,RIC,VA,AEA,EN,Towers with Radar,56,78,31,2,167,0,3,18,0,21,56,81,49,2,188,26,0,26,214
03/27/2011,RIC,VA,AEA,EN,Towers with Radar,64,103,21,2,190,0,0,0,0,0,64,103,21,2,190,0,0,0,190
03/28/2011,RIC,VA,AEA,EN,Towers with Radar,74,134,53,9,270,0,0,30,2,32,74,134,83,11,302,4,18,22,324
03/29/2011,RIC,VA,AEA,EN,Towers with Radar,79,123,50,5,257,0,0,36,6,42,79,123,86,11,299,4,8,12,311
03/30/2011,RIC,VA,AEA,EN,Towers with Radar,77,144,45,2,268,0,0,8,3,11,77,144,53,5,279,18,0,18,297
03/31/2011,RIC,VA,AEA,EN,Towers with Radar,76,136,67,0,279,1,0,4,0,5,77,136,71,0,284,0,2,2,286
04/01/2011,RIC,VA,AEA,EN,Towers with Radar,79,131,53,3,266,4,2,8,4,18,83,133,61,7,284,16,18,34,318
04/02/2011,RIC,VA,AEA,EN,Towers with Radar,48,88,34,12,182,0,0,23,1,24,48,88,57,13,206,6,2,8,214
04/03/2011,RIC,VA,AEA,EN,Towers with Radar,66,107,31,3,207,2,0,28,7,37,68,107,59,10,244,4,0,4,248
04/04/2011,RIC,VA,AEA,EN,Towers with Radar,72,126,27,0,225,0,0,8,4,12,72,126,35,4,237,6,0,6,243
04/05/2011,RIC,VA,AEA,EN,Towers with Radar,81,128,33,28,270,0,0,4,3,7,81,128,37,31,277,0,52,52,329
04/06/2011,RIC,VA,AEA,EN,Towers with Radar,79,125,56,14,274,0,2,43,7,52,79,127,99,21,326,2,0,2,328
04/07/2011,RIC,VA,AEA,EN,Towers with Radar,78,126,78,13,295,0,1,42,9,52,78,127,120,22,347,22,28,50,397
04/08/2011,RIC,VA,AEA,EN,Towers with Radar,75,122,45,9,251,0,0,10,2,12,75,122,55,11,263,28,8,36,299
04/09/2011,RIC,VA,AEA,EN,Towers with Radar,50,95,31,0,176,0,2,2,0,4,50,97,33,0,180,20,0,20,200
04/10/2011,RIC,VA,AEA,EN,Towers with Radar,64,102,38,4,208,0,0,21,1,22,64,102,59,5,230,6,8,14,244
04/11/2011,RIC,VA,AEA,EN,Towers with Radar,75,120,49,5,249,0,0,37,3,40,75,120,86,8,289,2,12,14,303
04/12/2011,RIC,VA,AEA,EN,Towers with Radar,77,124,54,0,255,0,2,18,5,25,77,126,72,5,280,0,14,14,294
04/13/2011,RIC,VA,AEA,EN,Towers with Radar,75,123,67,17,282,0,0,18,5,23,75,123,85,22,305,0,8,8,313
04/14/2011,RIC,VA,AEA,EN,Towers with Radar,78,128,67,19,292,0,0,60,6,66,78,128,127,25,358,24,26,50,408
04/15/2011,RIC,VA,AEA,EN,Towers with Radar,76,133,51,4,264,0,0,53,11,64,76,133,104,15,328,6,6,12,340
04/16/2011,RIC,VA,AEA,EN,Towers with Radar,59,89,6,2,156,0,0,5,0,5,59,89,11,2,161,0,0,0,161
04/17/2011,RIC,VA,AEA,EN,Towers with Radar,66,108,30,2,206,0,0,30,0,30,66,108,60,2,236,12,0,12,248
04/18/2011,RIC,VA,AEA,EN,Towers with Radar,69,120,49,0,238,0,4,31,1,36,69,124,80,1,274,8,2,10,284
04/19/2011,RIC,VA,AEA,EN,Towers with Radar,75,117,52,9,253,3,0,31,5,39,78,117,83,14,292,2,30,32,324
04/20/2011,RIC,VA,AEA,EN,Towers with Radar,75,118,46,5,244,0,0,16,1,17,75,118,62,6,261,0,0,0,261
04/21/2011,RIC,VA,AEA,EN,Towers with Radar,81,141,68,11,301,0,3,49,3,55,81,144,117,14,356,6,20,26,382
04/22/2011,RIC,VA,AEA,EN,Towers with Radar,77,120,47,12,256,0,3,13,0,16,77,123,60,12,272,0,0,0,272
04/23/2011,RIC,VA,AEA,EN,Towers with Radar,48,91,26,0,165,0,0,8,0,8,48,91,34,0,173,2,0,2,175
04/24/2011,RIC,VA,AEA,EN,Towers with Radar,76,106,42,0,224,0,0,22,2,24,76,106,64,2,248,4,0,4,252
04/25/2011,RIC,VA,AEA,EN,Towers with Radar,71,117,57,8,253,0,0,21,0,21,71,117,78,8,274,2,2,4,278
04/26/2011,RIC,VA,AEA,EN,Towers with Radar,74,116,57,11,258,0,2,21,0,23,74,118,78,11,281,16,20,36,317
04/27/2011,RIC,VA,AEA,EN,Towers with Radar,74,114,54,4,246,0,0,4,4,8,74,114,58,8,254,0,6,6,260
04/28/2011,RIC,VA,AEA,EN,Towers with Radar,84,117,87,0,288,0,0,5,3,8,84,117,92,3,296,0,0,0,296
04/29/2011,RIC,VA,AEA,EN,Towers with Radar,77,133,105,7,322,0,1,57,7,65,77,134,162,14,387,32,4,36,423
04/30/2011,RIC,VA,AEA,EN,Towers with Radar,57,97,57,6,217,0,0,114,1,115,57,97,171,7,332,3,13,16,348
05/01/2011,RIC,VA,AEA,EN,Towers with Radar,65,107,63,5,240,0,1,32,1,34,65,108,95,6,274,4,2,6,280
05/02/2011,RIC,VA,AEA,EN,Towers with Radar,73,120,50,21,264,0,0,26,0,26,73,120,76,21,290,16,16,32,322
05/03/2011,RIC,VA,AEA,EN,Towers with Radar,80,114,63,19,276,0,0,25,8,33,80,114,88,27,309,26,8,34,343
05/04/2011,RIC,VA,AEA,EN,Towers with Radar,80,121,60,12,273,0,0,12,5,17,80,121,72,17,290,18,12,30,320
05/05/2011,RIC,VA,AEA,EN,Towers with Radar,92,147,67,5,311,0,0,44,18,62,92,147,111,23,373,11,24,35,408
05/06/2011,RIC,VA,AEA,EN,Towers with Radar,74,129,47,21,271,0,0,24,8,32,74,129,71,29,303,2,6,8,311
05/07/2011,RIC,VA,AEA,EN,Towers with Radar,46,92,39,3,180,0,0,23,1,24,46,92,62,4,204,23,8,31,235
05/08/2011,RIC,VA,AEA,EN,Towers with Radar,66,106,25,6,203,0,0,6,3,9,66,106,31,9,212,34,0,34,246
05/09/2011,RIC,VA,AEA,EN,Towers with Radar,72,127,52,5,256,0,2,25,0,27,72,129,77,5,283,0,20,20,303
05/10/2011,RIC,VA,AEA,EN,Towers with Radar,79,127,52,5,263,0,0,43,4,47,79,127,95,9,310,2,2,4,314
05/11/2011,RIC,VA,AEA,EN,Towers with Radar,82,130,55,13,280,0,2,36,13,51,82,132,91,26,331,22,16,38,369
05/12/2011,RIC,VA,AEA,EN,Towers with Radar,77,123,48,17,265,0,0,33,16,49,77,123,81,33,314,2,2,4,318
05/13/2011,RIC,VA,AEA,EN,Towers with Radar,78,139,55,8,280,0,0,3,2,5,78,139,58,10,285,0,0,0,285
05/14/2011,RIC,VA,AEA,EN,Towers with Radar,45,95,12,0,152,0,0,3,0,3,45,95,15,0,155,0,0,0,155
05/15/2011,RIC,VA,AEA,EN,Towers with Radar,70,102,24,0,196,0,0,6,0,6,70,102,30,0,202,0,0,0,202
05/16/2011,RIC,VA,AEA,EN,Towers with Radar,78,118,44,2,242,0,0,11,0,11,78,118,55,2,253,0,0,0,253
05/17/2011,RIC,VA,AEA,EN,Towers with Radar,80,117,47,18,262,0,0,9,5,14,80,117,56,23,276,18,22,40,316
05/18/2011,RIC,VA,AEA,EN,Towers with Radar,80,142,64,14,300,0,0,20,12,32,80,142,84,26,332,2,0,2,334
05/19/2011,RIC,VA,AEA,EN,Towers with Radar,83,131,58,12,284,0,1,38,4,43,83,132,96,16,327,6,18,24,351
05/20/2011,RIC,VA,AEA,EN,Towers with Radar,79,127,62,1,269,0,0,28,3,31,79,127,90,4,300,4,0,4,304
05/21/2011,RIC,VA,AEA,EN,Towers with Radar,48,93,31,2,174,0,9,50,5,64,48,102,81,7,238,14,12,26,264
05/22/2011,RIC,VA,AEA,EN,Towers with Radar,68,97,36,11,212,0,2,23,11,36,68,99,59,22,248,32,14,46,294
05/23/2011,RIC,VA,AEA,EN,Towers with Radar,75,109,43,5,232,0,0,27,3,30,75,109,70,8,262,18,38,56,318
05/24/2011,RIC,VA,AEA,EN,Towers with Radar,80,124,54,15,273,0,0,49,2,51,80,124,103,17,324,4,26,30,354
05/25/2011,RIC,VA,AEA,EN,Towers with Radar,76,117,68,6,267,0,1,39,6,46,76,118,107,12,313,6,4,10,323
05/26/2011,RIC,VA,AEA,EN,Towers with Radar,67,116,51,3,237,0,0,42,9,51,67,116,93,12,288,18,0,18,306
05/27/2011,RIC,VA,AEA,EN,Towers with Radar,78,137,39,0,254,0,0,53,0,53,78,137,92,0,307,18,0,18,325
05/28/2011,RIC,VA,AEA,EN,Towers with Radar,50,90,10,0,150,0,2,23,0,25,50,92,33,0,175,20,0,20,195
05/29/2011,RIC,VA,AEA,EN,Towers with Radar,58,69,23,0,150,0,0,9,0,9,58,69,32,0,159,0,0,0,159
05/30/2011,RIC,VA,AEA,EN,Towers with Radar,67,105,20,0,192,0,0,44,0,44,67,105,64,0,236,8,0,8,244
05/31/2011,RIC,VA,AEA,EN,Towers with Radar,71,119,52,16,258,0,7,45,3,55,71,126,97,19,313,0,12,12,325
06/01/2011,RIC,VA,AEA,EN,Towers with Radar,78,125,60,4,267,0,0,26,2,28,78,125,86,6,295,0,4,4,299
06/02/2011,RIC,VA,AEA,EN,Towers with Radar,79,128,51,5,263,0,0,36,15,51,79,128,87,20,314,18,4,22,336
06/03/2011,RIC,VA,AEA,EN,Towers with Radar,76,131,51,10,268,0,0,38,1,39,76,131,89,11,307,0,4,4,311
06/04/2011,RIC,VA,AEA,EN,Towers with Radar,50,92,33,2,177,0,6,41,1,48,50,98,74,3,225,22,0,22,247
06/05/2011,RIC,VA,AEA,EN,Towers with Radar,63,103,28,0,194,0,0,12,8,20,63,103,40,8,214,4,0,4,218
06/06/2011,RIC,VA,AEA,EN,Towers with Radar,72,117,48,14,251,0,1,30,2,33,72,118,78,16,284,6,2,8,292
06/07/2011,RIC,VA,AEA,EN,Towers with Radar,81,126,59,10,276,3,0,48,3,54,84,126,107,13,330,12,10,22,352
06/08/2011,RIC,VA,AEA,EN,Towers with Radar,77,119,55,5,256,0,5,35,6,46,77,124,90,11,302,8,8,16,318
06/09/2011,RIC,VA,AEA,EN,Towers with Radar,91,128,56,3,278,0,0,51,10,61,91,128,107,13,339,10,10,20,359
06/10/2011,RIC,VA,AEA,EN,Towers with Radar,80,125,42,5,252,0,0,38,4,42,80,125,80,9,294,0,0,0,294
06/11/2011,RIC,VA,AEA,EN,Towers with Radar,52,103,13,4,172,0,2,21,1,24,52,105,34,5,196,2,0,2,198
06/12/2011,RIC,VA,AEA,EN,Towers with Radar,70,112,36,2,220,0,0,11,0,11,70,112,47,2,231,0,0,0,231
06/13/2011,RIC,VA,AEA,EN,Towers with Radar,72,126,36,6,240,0,1,35,0,36,72,127,71,6,276,4,0,4,280
06/14/2011,RIC,VA,AEA,EN,Towers with Radar,81,134,53,8,276,0,0,44,8,52,81,134,97,16,328,8,14,22,350
06/15/2011,RIC,VA,AEA,EN,Towers with Radar,74,135,54,5,268,0,0,49,6,55,74,135,103,11,323,14,0,14,337
06/16/2011,RIC,VA,AEA,EN,Towers with Radar,89,132,58,12,291,0,0,19,7,26,89,132,77,19,317,12,12,24,341
06/17/2011,RIC,VA,AEA,EN,Towers with Radar,83,118,38,9,248,0,0,14,1,15,83,118,52,10,263,3,0,3,266
06/18/2011,RIC,VA,AEA,EN,Towers with Radar,52,94,24,2,172,0,1,24,5,30,52,95,48,7,202,0,2,2,204
06/19/2011,RIC,VA,AEA,EN,Towers with Radar,66,105,25,0,196,0,0,4,0,4,66,105,29,0,200,4,0,4,204
06/20/2011,RIC,VA,AEA,EN,Towers with Radar,71,126,42,13,252,0,0,7,2,9,71,126,49,15,261,6,2,8,269
06/21/2011,RIC,VA,AEA,EN,Towers with Radar,77,118,51,9,255,0,0,29,7,36,77,118,80,16,291,6,8,14,305
06/22/2011,RIC,VA,AEA,EN,Towers with Radar,75,117,46,12,250,0,0,44,4,48,75,117,90,16,298,2,10,12,310
06/23/2011,RIC,VA,AEA,EN,Towers with Radar,75,123,54,8,260,0,0,30,6,36,75,123,84,14,296,0,0,0,296
06/24/2011,RIC,VA,AEA,EN,Towers with Radar,80,125,44,4,253,0,0,40,2,42,80,125,84,6,295,35,2,37,332
06/25/2011,RIC,VA,AEA,EN,Towers with Radar,53,90,22,1,166,0,0,30,1,31,53,90,52,2,197,4,0,4,201
06/26/2011,RIC,VA,AEA,EN,Towers with Radar,66,111,23,2,202,0,0,25,0,25,66,111,48,2,227,8,0,8,235
06/27/2011,RIC,VA,AEA,EN,Towers with Radar,76,120,61,5,262,0,0,11,0,11,76,120,72,5,273,18,0,18,291
06/28/2011,RIC,VA,AEA,EN,Towers with Radar,74,129,37,2,242,0,0,25,0,25,74,129,62,2,267,18,0,18,285
06/29/2011,RIC,VA,AEA,EN,Towers with Radar,79,131,40,7,257,0,0,42,15,57,79,131,82,22,314,40,4,44,358
06/30/2011,RIC,VA,AEA,EN,Towers with Radar,78,135,65,6,284,0,0,74,14,88,78,135,139,20,372,32,16,48,420
07/01/2011,RIC,VA,AEA,EN,Towers with Radar,77,131,34,0,242,0,0,30,3,33,77,131,64,3,275,4,0,4,279
07/02/2011,RIC,VA,AEA,EN,Towers with Radar,52,84,13,0,149,0,1,19,0,20,52,85,32,0,169,6,0,6,175
07/03/2011,RIC,VA,AEA,EN,Towers with Radar,59,98,13,2,172,0,0,12,0,12,59,98,25,2,184,7,0,7,191
07/04/2011,RIC,VA,AEA,EN,Towers with Radar,60,104,6,0,170,0,2,13,1,16,60,106,19,1,186,0,0,0,186
07/05/2011,RIC,VA,AEA,EN,Towers with Radar,76,124,44,0,244,0,0,21,3,24,76,124,65,3,268,6,0,6,274
07/06/2011,RIC,VA,AEA,EN,Towers with Radar,81,129,23,10,243,0,0,20,0,20,81,129,43,10,263,0,0,0,263
07/07/2011,RIC,VA,AEA,EN,Towers with Radar,85,122,55,9,271,0,0,35,7,42,85,122,90,16,313,0,0,0,313
07/08/2011,RIC,VA,AEA,EN,Towers with Radar,86,129,26,4,245,0,0,2,4,6,86,129,28,8,251,0,0,0,251
07/09/2011,RIC,VA,AEA,EN,Towers with Radar,57,96,29,2,184,0,0,9,0,9,57,96,38,2,193,18,0,18,211
07/10/2011,RIC,VA,AEA,EN,Towers with Radar,65,113,26,6,210,0,0,15,0,15,65,113,41,6,225,8,0,8,233
07/11/2011,RIC,VA,AEA,EN,Towers with Radar,83,122,48,2,255,0,0,33,3,36,83,122,81,5,291,54,0,54,345
07/12/2011,RIC,VA,AEA,EN,Towers with Radar,74,130,55,8,267,0,0,32,13,45,74,130,87,21,312,14,6,20,332
07/13/2011,RIC,VA,AEA,EN,Towers with Radar,86,138,48,6,278,0,0,26,9,35,86,138,74,15,313,4,0,4,317
07/14/2011,RIC,VA,AEA,EN,Towers with Radar,76,136,65,8,285,0,1,37,6,44,76,137,102,14,329,14,8,22,351
07/15/2011,RIC,VA,AEA,EN,Towers with Radar,79,131,51,5,266,0,1,41,5,47,79,132,92,10,313,6,2,8,321
07/16/2011,RIC,VA,AEA,EN,Towers with Radar,53,99,14,0,166,0,0,31,0,31,53,99,45,0,197,0,0,0,197
07/17/2011,RIC,VA,AEA,EN,Towers with Radar,68,111,32,2,213,0,0,20,1,21,68,111,52,3,234,2,0,2,236
07/18/2011,RIC,VA,AEA,EN,Towers with Radar,71,119,38,2,230,0,0,34,0,34,71,119,72,2,264,0,0,0,264
07/19/2011,RIC,VA,AEA,EN,Towers with Radar,82,139,53,3,277,0,0,23,5,28,82,139,76,8,305,8,0,8,313
07/20/2011,RIC,VA,AEA,EN,Towers with Radar,79,134,64,4,281,0,0,43,3,46,79,134,107,7,327,12,6,18,345
07/21/2011,RIC,VA,AEA,EN,Towers with Radar,82,121,51,9,263,0,0,30,9,39,82,121,81,18,302,0,6,6,308
07/22/2011,RIC,VA,AEA,EN,Towers with Radar,82,134,43,2,261,0,0,28,0,28,82,134,71,2,289,0,0,0,289
07/23/2011,RIC,VA,AEA,EN,Towers with Radar,54,90,14,3,161,0,0,28,1,29,54,90,42,4,190,8,0,8,198
07/24/2011,RIC,VA,AEA,EN,Towers with Radar,65,116,11,0,192,0,1,24,6,31,65,117,35,6,223,0,1,1,224
07/25/2011,RIC,VA,AEA,EN,Towers with Radar,78,121,49,3,251,0,0,14,2,16,78,121,63,5,267,0,0,0,267
07/26/2011,RIC,VA,AEA,EN,Towers with Radar,87,125,55,13,280,0,2,43,2,47,87,127,98,15,327,6,0,6,333
07/27/2011,RIC,VA,AEA,EN,Towers with Radar,77,128,35,9,249,0,1,47,7,55,77,129,82,16,304,4,8,12,316
07/28/2011,RIC,VA,AEA,EN,Towers with Radar,78,123,44,5,250,0,1,30,7,38,78,124,74,12,288,0,0,0,288
07/29/2011,RIC,VA,AEA,EN,Towers with Radar,79,116,36,9,240,0,0,22,8,30,79,116,58,17,270,0,6,6,276
07/30/2011,RIC,VA,AEA,EN,Towers with Radar,54,96,15,6,171,0,0,11,1,12,54,96,26,7,183,0,0,0,183
07/31/2011,RIC,VA,AEA,EN,Towers with Radar,62,112,26,6,206,0,0,9,0,9,62,112,35,6,215,0,0,0,215
08/01/2011,RIC,VA,AEA,EN,Towers with Radar,85,123,46,3,257,0,0,24,3,27,85,123,70,6,284,2,2,4,288
08/02/2011,RIC,VA,AEA,EN,Towers with Radar,82,144,39,5,270,0,1,22,7,30,82,145,61,12,300,12,2,14,314
08/03/2011,RIC,VA,AEA,EN,Towers with Radar,77,128,31,17,253,0,0,19,0,19,77,128,50,17,272,4,10,14,286
08/04/2011,RIC,VA,AEA,EN,Towers with Radar,82,138,52,11,283,0,1,37,12,50,82,139,89,23,333,12,0,12,345
08/05/2011,RIC,VA,AEA,EN,Towers with Radar,76,132,45,14,267,0,0,21,1,22,76,132,66,15,289,0,0,0,289
08/06/2011,RIC,VA,AEA,EN,Towers with Radar,48,91,14,2,155,0,0,14,4,18,48,91,28,6,173,2,36,38,211
08/07/2011,RIC,VA,AEA,EN,Towers with Radar,65,108,23,0,196,0,1,13,1,15,65,109,36,1,211,0,2,2,213
08/08/2011,RIC,VA,AEA,EN,Towers with Radar,70,120,43,11,244,0,3,19,0,22,70,123,62,11,266,32,28,60,326
08/09/2011,RIC,VA,AEA,EN,Towers with Radar,78,126,47,5,256,0,1,28,5,34,78,127,75,10,290,18,0,18,308
08/10/2011,RIC,VA,AEA,EN,Towers with Radar,79,147,44,9,279,0,2,52,9,63,79,149,96,18,342,4,14,18,360
08/11/2011,RIC,VA,AEA,EN,Towers with Radar,77,130,61,8,276,0,2,43,4,49,77,132,104,12,325,10,2,12,337
08/12/2011,RIC,VA,AEA,EN,Towers with Radar,77,139,41,6,263,0,0,22,7,29,77,139,63,13,292,0,12,12,304
08/13/2011,RIC,VA,AEA,EN,Towers with Radar,58,94,27,6,185,0,0,6,3,9,58,94,33,9,194,0,0,0,194
08/14/2011,RIC,VA,AEA,EN,Towers with Radar,62,106,25,3,196,0,0,6,1,7,62,106,31,4,203,2,0,2,205
08/15/2011,RIC,VA,AEA,EN,Towers with Radar,68,125,62,13,268,0,0,22,3,25,68,125,84,16,293,0,22,22,315
08/16/2011,RIC,VA,AEA,EN,Towers with Radar,75,117,45,11,248,0,1,37,6,44,75,118,82,17,292,0,20,20,312
08/17/2011,RIC,VA,AEA,EN,Towers with Radar,75,124,57,4,260,0,1,33,3,37,75,125,90,7,297,0,8,8,305
08/18/2011,RIC,VA,AEA,EN,Towers with Radar,96,129,54,5,284,0,0,22,5,27,96,129,76,10,311,0,16,16,327
08/19/2011,RIC,VA,AEA,EN,Towers with Radar,108,140,47,10,305,0,0,8,2,10,108,140,55,12,315,0,0,0,315
08/20/2011,RIC,VA,AEA,EN,Towers with Radar,57,95,23,0,175,0,0,13,2,15,57,95,36,2,190,0,0,0,190
08/21/2011,RIC,VA,AEA,EN,Towers with Radar,84,102,30,1,217,0,0,9,2,11,84,102,39,3,228,0,0,0,228
08/22/2011,RIC,VA,AEA,EN,Towers with Radar,70,130,51,6,257,0,0,35,1,36,70,130,86,7,293,8,16,24,317
08/23/2011,RIC,VA,AEA,EN,Towers with Radar,78,127,84,13,302,0,0,35,0,35,78,127,119,13,337,0,2,2,339
08/24/2011,RIC,VA,AEA,EN,Towers with Radar,75,123,50,8,256,0,2,29,5,36,75,125,79,13,292,2,2,4,296
08/25/2011,RIC,VA,AEA,EN,Towers with Radar,73,125,42,2,242,0,0,26,4,30,73,125,68,6,272,4,0,4,276
08/26/2011,RIC,VA,AEA,EN,Towers with Radar,76,123,67,2,268,0,0,9,5,14,76,123,76,7,282,0,0,0,282
08/27/2011,RIC,VA,AEA,EN,Towers with Radar,15,13,5,0,33,0,0,0,0,0,15,13,5,0,33,0,0,0,33
08/28/2011,RIC,VA,AEA,EN,Towers with Radar,51,51,18,2,122,0,2,22,1,25,51,53,40,3,147,8,0,8,155
08/29/2011,RIC,VA,AEA,EN,Towers with Radar,70,119,36,3,228,0,0,30,5,35,70,119,66,8,263,0,0,0,263
08/30/2011,RIC,VA,AEA,EN,Towers with Radar,74,120,63,6,263,0,0,37,1,38,74,120,100,7,301,0,0,0,301
08/31/2011,RIC,VA,AEA,EN,Towers with Radar,71,139,67,12,289,0,4,34,5,43,71,143,101,17,332,24,20,44,376
09/01/2011,RIC,VA,AEA,EN,Towers with Radar,77,131,56,2,266,0,0,28,6,34,77,131,84,8,300,6,0,6,306
09/02/2011,RIC,VA,AEA,EN,Towers with Radar,77,132,37,0,246,0,0,28,0,28,77,132,65,0,274,6,0,6,280
09/03/2011,RIC,VA,AEA,EN,Towers with Radar,52,78,18,0,148,0,3,12,0,15,52,81,30,0,163,2,1,3,166
09/04/2011,RIC,VA,AEA,EN,Towers with Radar,55,83,16,8,162,0,0,10,0,10,55,83,26,8,172,6,0,6,178
09/05/2011,RIC,VA,AEA,EN,Towers with Radar,57,108,18,0,183,0,0,15,0,15,57,108,33,0,198,0,0,0,198
09/06/2011,RIC,VA,AEA,EN,Towers with Radar,73,121,49,2,245,0,0,1,0,1,73,121,50,2,246,0,0,0,246
09/07/2011,RIC,VA,AEA,EN,Towers with Radar,68,124,34,2,228,0,0,2,2,4,68,124,36,4,232,0,0,0,232
09/08/2011,RIC,VA,AEA,EN,Towers with Radar,90,135,92,7,324,0,0,3,5,8,90,135,95,12,332,0,14,14,346
09/09/2011,RIC,VA,AEA,EN,Towers with Radar,76,124,84,5,289,0,4,44,9,57,76,128,128,14,346,7,10,17,363
09/10/2011,RIC,VA,AEA,EN,Towers with Radar,50,100,80,1,231,0,0,82,1,83,50,100,162,2,314,3,7,10,324
09/11/2011,RIC,VA,AEA,EN,Towers with Radar,75,111,98,5,289,0,0,35,0,35,75,111,133,5,324,12,0,12,336
09/12/2011,RIC,VA,AEA,EN,Towers with Radar,68,128,50,8,254,0,0,36,7,43,68,128,86,15,297,6,4,10,307
09/13/2011,RIC,VA,AEA,EN,Towers with Radar,73,119,47,14,253,0,1,48,0,49,73,120,95,14,302,26,2,28,330
09/14/2011,RIC,VA,AEA,EN,Towers with Radar,72,129,67,8,276,0,0,56,6,62,72,129,123,14,338,8,4,12,350
09/15/2011,RIC,VA,AEA,EN,Towers with Radar,81,157,73,9,320,0,0,22,3,25,81,157,95,12,345,0,56,56,401
09/16/2011,RIC,VA,AEA,EN,Towers with Radar,74,131,43,20,268,0,0,28,4,32,74,131,71,24,300,2,12,14,314
09/17/2011,RIC,VA,AEA,EN,Towers with Radar,46,90,33,1,170,0,0,6,2,8,46,90,39,3,178,0,0,0,178
09/18/2011,RIC,VA,AEA,EN,Towers with Radar,65,107,43,1,216,0,0,16,0,16,65,107,59,1,232,0,0,0,232
09/19/2011,RIC,VA,AEA,EN,Towers with Radar,68,111,46,11,236,0,0,27,2,29,68,111,73,13,265,2,10,12,277
09/20/2011,RIC,VA,AEA,EN,Towers with Radar,76,122,52,12,262,0,0,21,0,21,76,122,73,12,283,4,0,4,287
09/21/2011,RIC,VA,AEA,EN,Towers with Radar,72,126,47,7,252,0,0,12,0,12,72,126,59,7,264,0,0,0,264
09/22/2011,RIC,VA,AEA,EN,Towers with Radar,76,126,52,12,266,0,0,5,2,7,76,126,57,14,273,0,0,0,273
09/23/2011,RIC,VA,AEA,EN,Towers with Radar,75,137,50,4,266,0,0,1,0,1,75,137,51,4,267,0,1,1,268
09/24/2011,RIC,VA,AEA,EN,Towers with Radar,47,94,27,0,168,0,0,0,0,0,47,94,27,0,168,0,0,0,168
09/25/2011,RIC,VA,AEA,EN,Towers with Radar,60,104,25,12,201,0,0,5,0,5,60,104,30,12,206,4,0,4,210
09/26/2011,RIC,VA,AEA,EN,Towers with Radar,67,120,49,7,243,0,0,17,6,23,67,120,66,13,266,8,0,8,274
09/27/2011,RIC,VA,AEA,EN,Towers with Radar,73,110,39,4,226,0,0,10,4,14,73,110,49,8,240,0,14,14,254
09/28/2011,RIC,VA,AEA,EN,Towers with Radar,75,128,65,12,280,0,0,17,6,23,75,128,82,18,303,2,6,8,311
09/29/2011,RIC,VA,AEA,EN,Towers with Radar,75,122,72,17,286,0,1,36,13,50,75,123,108,30,336,2,37,39,375
09/30/2011,RIC,VA,AEA,EN,Towers with Radar,70,129,63,8,270,0,0,42,4,46,70,129,105,12,316,0,4,4,320
10/01/2011,RIC,VA,AEA,EN,Towers with Radar,46,93,21,1,161,0,1,25,1,27,46,94,46,2,188,0,0,0,188
10/02/2011,RIC,VA,AEA,EN,Towers with Radar,60,102,25,1,188,0,0,15,0,15,60,102,40,1,203,0,0,0,203
10/03/2011,RIC,VA,AEA,EN,Towers with Radar,65,122,69,12,268,0,0,28,1,29,65,122,97,13,297,2,20,22,319
10/04/2011,RIC,VA,AEA,EN,Towers with Radar,72,116,42,19,249,0,0,51,3,54,72,116,93,22,303,6,6,12,315
10/05/2011,RIC,VA,AEA,EN,Towers with Radar,74,122,46,10,252,0,1,55,5,61,74,123,101,15,313,2,26,28,341
10/06/2011,RIC,VA,AEA,EN,Towers with Radar,70,137,60,3,270,0,0,46,10,56,70,137,106,13,326,6,2,8,334
10/07/2011,RIC,VA,AEA,EN,Towers with Radar,74,124,52,22,272,0,0,33,2,35,74,124,85,24,307,2,6,8,315
10/08/2011,RIC,VA,AEA,EN,Towers with Radar,46,85,21,0,152,0,1,14,0,15,46,86,35,0,167,0,0,0,167
10/09/2011,RIC,VA,AEA,EN,Towers with Radar,59,120,30,0,209,0,4,21,0,25,59,124,51,0,234,10,2,12,246
10/10/2011,RIC,VA,AEA,EN,Towers with Radar,65,132,39,0,236,0,0,39,0,39,65,132,78,0,275,1,0,1,276
10/11/2011,RIC,VA,AEA,EN,Towers with Radar,72,121,61,6,260,0,0,18,4,22,72,121,79,10,282,0,2,2,284
10/12/2011,RIC,VA,AEA,EN,Towers with Radar,78,128,38,7,251,0,0,0,0,0,78,128,38,7,251,0,0,0,251
10/13/2011,RIC,VA,AEA,EN,Towers with Radar,82,134,89,11,316,0,0,8,2,10,82,134,97,13,326,10,2,12,338
10/14/2011,RIC,VA,AEA,EN,Towers with Radar,71,130,68,24,293,0,2,19,5,26,71,132,87,29,319,0,8,8,327
10/15/2011,RIC,VA,AEA,EN,Towers with Radar,48,87,79,8,222,0,0,50,3,53,48,87,129,11,275,2,2,4,279
10/16/2011,RIC,VA,AEA,EN,Towers with Radar,61,104,65,7,237,0,0,43,1,44,61,104,108,8,281,6,2,8,289
10/17/2011,RIC,VA,AEA,EN,Towers with Radar,67,123,65,9,264,0,0,38,1,39,67,123,103,10,303,10,10,20,323
10/18/2011,RIC,VA,AEA,EN,Towers with Radar,75,118,57,17,267,0,0,14,0,14,75,118,71,17,281,0,12,12,293
10/19/2011,RIC,VA,AEA,EN,Towers with Radar,78,132,39,6,255,0,0,1,1,2,78,132,40,7,257,0,0,0,257
10/20/2011,RIC,VA,AEA,EN,Towers with Radar,76,125,55,17,273,0,0,23,13,36,76,125,78,30,309,0,18,18,327
10/21/2011,RIC,VA,AEA,EN,Towers with Radar,78,142,58,3,281,0,0,33,12,45,78,142,91,15,326,24,2,26,352
10/22/2011,RIC,VA,AEA,EN,Towers with Radar,48,88,30,0,166,0,1,38,0,39,48,89,68,0,205,8,0,8,213
10/23/2011,RIC,VA,AEA,EN,Towers with Radar,63,111,30,1,205,0,0,13,0,13,63,111,43,1,218,0,0,0,218
10/24/2011,RIC,VA,AEA,EN,Towers with Radar,67,130,68,20,285,0,1,28,2,31,67,131,96,22,316,12,12,24,340
10/25/2011,RIC,VA,AEA,EN,Towers with Radar,76,118,45,3,242,0,3,30,3,36,76,121,75,6,278,0,0,0,278
10/26/2011,RIC,VA,AEA,EN,Towers with Radar,82,118,52,12,264,0,0,40,5,45,82,118,92,17,309,10,4,14,323
10/27/2011,RIC,VA,AEA,EN,Towers with Radar,80,139,56,9,284,0,1,24,2,27,80,140,80,11,311,8,14,22,333
10/28/2011,RIC,VA,AEA,EN,Towers with Radar,72,130,42,8,252,0,0,13,0,13,72,130,55,8,265,0,0,0,265
10/29/2011,RIC,VA,AEA,EN,Towers with Radar,55,80,9,2,146,0,0,2,0,2,55,80,11,2,148,0,0,0,148
10/30/2011,RIC,VA,AEA,EN,Towers with Radar,57,103,26,0,186,0,2,24,0,26,57,105,50,0,212,0,0,0,212
10/31/2011,RIC,VA,AEA,EN,Towers with Radar,63,122,37,27,249,0,2,19,1,22,63,124,56,28,271,21,8,29,300
11/01/2011,RIC,VA,AEA,EN,Towers with Radar,79,119,52,28,278,0,0,18,4,22,79,119,70,32,300,5,9,14,314
11/02/2011,RIC,VA,AEA,EN,Towers with Radar,79,130,46,11,266,0,3,33,3,39,79,133,79,14,305,14,10,24,329
11/03/2011,RIC,VA,AEA,EN,Towers with Radar,74,139,73,6,292,0,0,26,3,29,74,139,99,9,321,0,14,14,335
11/04/2011,RIC,VA,AEA,EN,Towers with Radar,78,140,67,3,288,0,0,14,0,14,78,140,81,3,302,0,0,0,302
11/05/2011,RIC,VA,AEA,EN,Towers with Radar,45,94,32,0,171,0,0,42,0,42,45,94,74,0,213,2,0,2,215
11/06/2011,RIC,VA,AEA,EN,Towers with Radar,61,109,51,0,221,0,0,51,0,51,61,109,102,0,272,0,0,0,272
11/07/2011,RIC,VA,AEA,EN,Towers with Radar,69,132,42,7,250,0,0,20,5,25,69,132,62,12,275,6,12,18,293
11/08/2011,RIC,VA,AEA,EN,Towers with Radar,71,125,51,16,263,0,7,30,9,46,71,132,81,25,309,12,32,44,353
11/09/2011,RIC,VA,AEA,EN,Towers with Radar,79,120,38,6,243,0,1,28,0,29,79,121,66,6,272,2,0,2,274
11/10/2011,RIC,VA,AEA,EN,Towers with Radar,71,129,45,4,249,0,0,11,4,15,71,129,56,8,264,0,4,4,268
11/11/2011,RIC,VA,AEA,EN,Towers with Radar,76,128,41,1,246,0,1,20,0,21,76,129,61,1,267,0,0,0,267
11/12/2011,RIC,VA,AEA,EN,Towers with Radar,40,86,26,1,153,0,0,16,0,16,40,86,42,1,169,4,0,4,173
11/13/2011,RIC,VA,AEA,EN,Towers with Radar,59,106,27,0,192,0,0,8,0,8,59,106,35,0,200,0,0,0,200
11/14/2011,RIC,VA,AEA,EN,Towers with Radar,64,129,50,16,259,0,0,8,0,8,64,129,58,16,267,0,0,0,267
11/15/2011,RIC,VA,AEA,EN,Towers with Radar,76,128,63,3,270,0,0,19,10,29,76,128,82,13,299,16,6,22,321
11/16/2011,RIC,VA,AEA,EN,Towers with Radar,73,126,56,6,261,0,0,2,2,4,73,126,58,8,265,0,0,0,265
11/17/2011,RIC,VA,AEA,EN,Towers with Radar,78,135,55,24,292,0,0,8,5,13,78,135,63,29,305,12,28,40,345
11/18/2011,RIC,VA,AEA,EN,Towers with Radar,78,155,59,17,309,0,0,37,5,42,78,155,96,22,351,16,30,46,397
11/19/2011,RIC,VA,AEA,EN,Towers with Radar,39,88,24,2,153,0,0,35,0,35,39,88,59,2,188,18,0,18,206
11/20/2011,RIC,VA,AEA,EN,Towers with Radar,65,102,21,1,189,0,0,12,2,14,65,102,33,3,203,6,2,8,211
11/21/2011,RIC,VA,AEA,EN,Towers with Radar,63,120,58,7,248,0,0,20,8,28,63,120,78,15,276,2,36,38,314
11/22/2011,RIC,VA,AEA,EN,Towers with Radar,71,138,60,7,276,0,0,2,0,2,71,138,62,7,278,0,3,3,281
11/23/2011,RIC,VA,AEA,EN,Towers with Radar,77,148,45,1,271,1,0,2,6,9,78,148,47,7,280,0,2,2,282
11/24/2011,RIC,VA,AEA,EN,Towers with Radar,40,68,9,2,119,0,0,11,0,11,40,68,20,2,130,0,0,0,130
11/25/2011,RIC,VA,AEA,EN,Towers with Radar,62,72,15,0,149,0,0,22,2,24,62,72,37,2,173,0,0,0,173
11/26/2011,RIC,VA,AEA,EN,Towers with Radar,50,108,18,0,176,0,0,19,1,20,50,108,37,1,196,2,0,2,198
11/27/2011,RIC,VA,AEA,EN,Towers with Radar,64,127,40,2,233,0,0,11,1,12,64,127,51,3,245,0,0,0,245
11/28/2011,RIC,VA,AEA,EN,Towers with Radar,69,134,50,12,265,0,3,17,4,24,69,137,67,16,289,19,10,29,318
11/29/2011,RIC,VA,AEA,EN,Towers with Radar,67,128,46,23,264,0,0,2,4,6,67,128,48,27,270,2,18,20,290
11/30/2011,RIC,VA,AEA,EN,Towers with Radar,72,131,63,4,270,0,0,37,6,43,72,131,100,10,313,20,0,20,333
12/01/2011,RIC,VA,AEA,EN,Towers with Radar,74,131,73,6,284,0,2,49,3,54,74,133,122,9,338,0,0,0,338
12/02/2011,RIC,VA,AEA,EN,Towers with Radar,74,131,52,9,266,0,1,26,2,29,74,132,78,11,295,8,0,8,303
12/03/2011,RIC,VA,AEA,EN,Towers with Radar,40,100,24,5,169,0,2,17,3,22,40,102,41,8,191,8,12,20,211
12/04/2011,RIC,VA,AEA,EN,Towers with Radar,58,106,24,2,190,0,0,11,0,11,58,106,35,2,201,20,0,20,221
12/05/2011,RIC,VA,AEA,EN,Towers with Radar,68,123,34,15,240,0,0,26,3,29,68,123,60,18,269,6,6,12,281
12/06/2011,RIC,VA,AEA,EN,Towers with Radar,74,119,45,14,252,0,0,9,7,16,74,119,54,21,268,20,0,20,288
12/07/2011,RIC,VA,AEA,EN,Towers with Radar,72,117,65,21,275,0,0,4,4,8,72,117,69,25,283,4,10,14,297
12/08/2011,RIC,VA,AEA,EN,Towers with Radar,72,139,68,1,280,1,0,30,10,41,73,139,98,11,321,1,6,7,328
12/09/2011,RIC,VA,AEA,EN,Towers with Radar,76,128,63,13,280,0,0,41,1,42,76,128,104,14,322,28,5,33,355
12/10/2011,RIC,VA,AEA,EN,Towers with Radar,45,86,14,2,147,0,1,20,4,25,45,87,34,6,172,2,0,2,174
12/11/2011,RIC,VA,AEA,EN,Towers with Radar,61,107,25,2,195,0,0,19,3,22,61,107,44,5,217,0,6,6,223
12/12/2011,RIC,VA,AEA,EN,Towers with Radar,67,130,74,2,273,0,2,33,1,36,67,132,107,3,309,2,34,36,345
12/13/2011,RIC,VA,AEA,EN,Towers with Radar,70,128,61,4,263,0,0,30,7,37,70,128,91,11,300,10,0,10,310
12/14/2011,RIC,VA,AEA,EN,Towers with Radar,74,122,51,14,261,0,4,28,7,39,74,126,79,21,300,6,3,9,309
12/15/2011,RIC,VA,AEA,EN,Towers with Radar,72,126,59,2,259,0,0,24,8,32,72,126,83,10,291,4,0,4,295
12/16/2011,RIC,VA,AEA,EN,Towers with Radar,75,136,51,1,263,0,1,13,0,14,75,137,64,1,277,0,0,0,277
12/17/2011,RIC,VA,AEA,EN,Towers with Radar,46,87,25,0,158,0,0,10,2,12,46,87,35,2,170,0,0,0,170
12/18/2011,RIC,VA,AEA,EN,Towers with Radar,54,109,20,0,183,0,0,23,0,23,54,109,43,0,206,38,0,38,244
12/19/2011,RIC,VA,AEA,EN,Towers with Radar,69,122,37,19,247,0,2,32,2,36,69,124,69,21,283,4,10,14,297
12/20/2011,RIC,VA,AEA,EN,Towers with Radar,76,120,47,8,251,0,0,35,6,41,76,120,82,14,292,4,6,10,302
12/21/2011,RIC,VA,AEA,EN,Towers with Radar,75,123,56,15,269,0,0,0,1,1,75,123,56,16,270,0,0,0,270
12/22/2011,RIC,VA,AEA,EN,Towers with Radar,79,124,28,0,231,0,0,7,0,7,79,124,35,0,238,8,0,8,246
12/23/2011,RIC,VA,AEA,EN,Towers with Radar,81,121,18,0,220,0,0,26,0,26,81,121,44,0,246,4,0,4,250
12/24/2011,RIC,VA,AEA,EN,Towers with Radar,49,83,4,0,136,0,0,9,0,9,49,83,13,0,145,0,0,0,145
12/25/2011,RIC,VA,AEA,EN,Towers with Radar,43,70,3,0,116,0,0,3,0,3,43,70,6,0,119,0,0,0,119
12/26/2011,RIC,VA,AEA,EN,Towers with Radar,64,100,26,0,190,0,0,16,0,16,64,100,42,0,206,2,0,2,208
12/27/2011,RIC,VA,AEA,EN,Towers with Radar,70,103,23,6,202,0,0,2,0,2,70,103,25,6,204,0,0,0,204
12/28/2011,RIC,VA,AEA,EN,Towers with Radar,74,123,21,15,233,0,0,13,10,23,74,123,34,25,256,10,20,30,286
12/29/2011,RIC,VA,AEA,EN,Towers with Radar,72,113,25,10,220,0,0,18,0,18,72,113,43,10,238,0,0,0,238
12/30/2011,RIC,VA,AEA,EN,Towers with Radar,72,111,22,0,205,1,0,15,0,16,73,111,37,0,221,0,0,0,221
12/31/2011,RIC,VA,AEA,EN,Towers with Radar,47,80,13,0,140,0,1,13,0,14,47,81,26,0,154,0,0,0,154
01/01/2012,RIC,VA,AEA,EN,Towers with Radar,46,90,17,0,153,0,0,8,0,8,46,90,25,0,161,4,0,4,165
01/02/2012,RIC,VA,AEA,EN,Towers with Radar,63,110,30,0,203,0,1,21,0,22,63,111,51,0,225,0,2,2,227
01/03/2012,RIC,VA,AEA,EN,Towers with Radar,66,117,31,8,222,0,2,20,0,22,66,119,51,8,244,0,0,0,244
01/04/2012,RIC,VA,AEA,EN,Towers with Radar,73,109,42,15,239,0,1,41,7,49,73,110,83,22,288,16,12,28,316
01/05/2012,RIC,VA,AEA,EN,Towers with Radar,73,119,34,6,232,0,3,25,7,35,73,122,59,13,267,2,8,10,277
01/06/2012,RIC,VA,AEA,EN,Towers with Radar,73,111,44,27,255,0,0,31,1,32,73,111,75,28,287,8,20,28,315
01/07/2012,RIC,VA,AEA,EN,Towers with Radar,41,80,16,2,139,0,2,18,0,20,41,82,34,2,159,8,0,8,167
01/08/2012,RIC,VA,AEA,EN,Towers with Radar,58,100,21,4,183,0,0,21,0,21,58,100,42,4,204,0,0,0,204
01/09/2012,RIC,VA,AEA,EN,Towers with Radar,65,117,35,6,223,0,1,6,2,9,65,118,41,8,232,6,0,6,238
01/10/2012,RIC,VA,AEA,EN,Towers with Radar,65,123,45,7,240,0,0,27,5,32,65,123,72,12,272,8,16,24,296
01/11/2012,RIC,VA,AEA,EN,Towers with Radar,68,124,37,9,238,0,0,7,2,9,68,124,44,11,247,0,0,0,247
01/12/2012,RIC,VA,AEA,EN,Towers with Radar,75,115,55,6,251,0,0,37,9,46,75,115,92,15,297,16,0,16,313
01/13/2012,RIC,VA,AEA,EN,Towers with Radar,75,112,40,9,236,0,2,13,1,16,75,114,53,10,252,6,0,6,258
01/14/2012,RIC,VA,AEA,EN,Towers with Radar,43,80,38,0,161,0,0,29,2,31,43,80,67,2,192,8,2,10,202
01/15/2012,RIC,VA,AEA,EN,Towers with Radar,56,91,19,2,168,0,0,10,2,12,56,91,29,4,180,6,0,6,186
01/16/2012,RIC,VA,AEA,EN,Towers with Radar,64,113,45,1,223,0,0,12,0,12,64,113,57,1,235,4,0,4,239
01/17/2012,RIC,VA,AEA,EN,Towers with Radar,65,130,46,6,247,0,0,2,2,4,65,130,48,8,251,0,2,2,253
01/18/2012,RIC,VA,AEA,EN,Towers with Radar,68,125,62,31,286,0,1,27,3,31,68,126,89,34,317,6,26,32,349
01/19/2012,RIC,VA,AEA,EN,Towers with Radar,76,129,67,15,287,0,0,36,7,43,76,129,103,22,330,0,16,16,346
01/20/2012,RIC,VA,AEA,EN,Towers with Radar,71,115,46,28,260,0,2,20,5,27,71,117,66,33,287,24,22,46,333
01/21/2012,RIC,VA,AEA,EN,Towers with Radar,42,76,8,0,126,0,0,0,0,0,42,76,8,0,126,0,0,0,126
01/22/2012,RIC,VA,AEA,EN,Towers with Radar,57,99,14,3,173,0,0,0,0,0,57,99,14,3,173,0,6,6,179
01/23/2012,RIC,VA,AEA,EN,Towers with Radar,63,110,28,11,212,0,0,0,0,0,63,110,28,11,212,0,0,0,212
01/24/2012,RIC,VA,AEA,EN,Towers with Radar,73,122,53,8,256,0,1,23,2,26,73,123,76,10,282,0,0,0,282
01/25/2012,RIC,VA,AEA,EN,Towers with Radar,66,113,65,21,265,3,0,57,12,72,69,113,122,33,337,14,28,42,379
01/26/2012,RIC,VA,AEA,EN,Towers with Radar,73,128,60,24,285,0,0,11,2,13,73,128,71,26,298,0,0,0,298
01/27/2012,RIC,VA,AEA,EN,Towers with Radar,74,120,33,14,241,0,0,9,0,9,74,120,42,14,250,0,10,10,260
01/28/2012,RIC,VA,AEA,EN,Towers with Radar,42,76,14,2,134,0,0,21,0,21,42,76,35,2,155,4,0,4,159
01/29/2012,RIC,VA,AEA,EN,Towers with Radar,55,96,25,0,176,0,1,18,0,19,55,97,43,0,195,2,0,2,197
01/30/2012,RIC,VA,AEA,EN,Towers with Radar,67,114,45,4,230,0,0,31,7,38,67,114,76,11,268,6,15,21,289
01/31/2012,RIC,VA,AEA,EN,Towers with Radar,67,116,51,22,256,0,0,37,16,53,67,116,88,38,309,16,24,40,349
02/01/2012,RIC,VA,AEA,EN,Towers with Radar,68,125,40,14,247,0,2,32,7,41,68,127,72,21,288,4,2,6,294
02/02/2012,RIC,VA,AEA,EN,Towers with Radar,71,124,56,16,267,0,0,27,0,27,71,124,83,16,294,4,8,12,306
02/03/2012,RIC,VA,AEA,EN,Towers with Radar,72,123,32,3,230,0,4,37,2,43,72,127,69,5,273,0,18,18,291
02/04/2012,RIC,VA,AEA,EN,Towers with Radar,42,79,24,2,147,0,0,12,0,12,42,79,36,2,159,26,2,28,187
02/05/2012,RIC,VA,AEA,EN,Towers with Radar,55,101,19,11,186,0,2,3,0,5,55,103,22,11,191,0,0,0,191
02/06/2012,RIC,VA,AEA,EN,Towers with Radar,65,122,40,6,233,0,3,37,1,41,65,125,77,7,274,0,0,0,274
02/07/2012,RIC,VA,AEA,EN,Towers with Radar,65,129,48,26,268,2,1,42,5,50,67,130,90,31,318,2,38,40,358
02/08/2012,RIC,VA,AEA,EN,Towers with Radar,71,120,24,20,235,0,0,10,4,14,71,120,34,24,249,0,32,32,281
02/09/2012,RIC,VA,AEA,EN,Towers with Radar,73,123,73,14,283,0,2,28,4,34,73,125,101,18,317,6,6,12,329
02/10/2012,RIC,VA,AEA,EN,Towers with Radar,72,125,29,1,227,0,0,28,3,31,72,125,57,4,258,6,4,10,268
02/11/2012,RIC,VA,AEA,EN,Towers with Radar,44,75,4,10,133,0,0,7,0,7,44,75,11,10,140,2,0,2,142
02/12/2012,RIC,VA,AEA,EN,Towers with Radar,55,105,24,10,194,0,0,20,0,20,55,105,44,10,214,12,0,12,226
02/13/2012,RIC,VA,AEA,EN,Towers with Radar,67,119,43,39,268,0,1,34,8,43,67,120,77,47,311,15,12,27,338
02/14/2012,RIC,VA,AEA,EN,Towers with Radar,72,139,30,15,256,0,0,34,4,38,72,139,64,19,294,10,16,26,320
02/15/2012,RIC,VA,AEA,EN,Towers with Radar,72,126,47,4,249,0,0,37,6,43,72,126,84,10,292,42,6,48,340
02/16/2012,RIC,VA,AEA,EN,Towers with Radar,69,125,55,13,262,0,0,13,2,15,69,125,68,15,277,0,10,10,287
02/17/2012,RIC,VA,AEA,EN,Towers with Radar,82,121,64,1,268,0,0,32,0,32,82,121,96,1,300,16,0,16,316
02/18/2012,RIC,VA,AEA,EN,Towers with Radar,47,84,37,0,168,0,0,24,6,30,47,84,61,6,198,34,0,34,232
02/19/2012,RIC,VA,AEA,EN,Towers with Radar,56,79,11,0,146,0,0,2,0,2,56,79,13,0,148,12,0,12,160
02/20/2012,RIC,VA,AEA,EN,Towers with Radar,72,108,56,0,236,0,2,17,2,21,72,110,73,2,257,6,4,10,267
02/21/2012,RIC,VA,AEA,EN,Towers with Radar,83,122,49,20,274,0,0,30,3,33,83,122,79,23,307,2,24,26,333
02/22/2012,RIC,VA,AEA,EN,Towers with Radar,75,113,66,4,258,0,0,35,5,40,75,113,101,9,298,16,4,20,318
02/23/2012,RIC,VA,AEA,EN,Towers with Radar,73,130,69,5,277,0,0,26,5,31,73,130,95,10,308,16,4,20,328
02/24/2012,RIC,VA,AEA,EN,Towers with Radar,78,126,45,11,260,0,0,14,5,19,78,126,59,16,279,0,0,0,279
02/25/2012,RIC,VA,AEA,EN,Towers with Radar,44,85,17,2,148,0,1,5,0,6,44,86,22,2,154,0,0,0,154
02/26/2012,RIC,VA,AEA,EN,Towers with Radar,67,104,30,2,203,0,0,26,0,26,67,104,56,2,229,8,0,8,237
02/27/2012,RIC,VA,AEA,EN,Towers with Radar,71,121,58,30,280,0,0,28,4,32,71,121,86,34,312,2,42,44,356
02/28/2012,RIC,VA,AEA,EN,Towers with Radar,72,117,60,14,263,0,0,41,6,47,72,117,101,20,310,16,10,26,336
02/29/2012,RIC,VA,AEA,EN,Towers with Radar,74,133,61,10,278,0,0,1,0,1,74,133,62,10,279,0,8,8,287
03/01/2012,RIC,VA,AEA,EN,Towers with Radar,76,126,55,5,262,0,1,26,2,29,76,127,81,7,291,0,0,0,291
03/02/2012,RIC,VA,AEA,EN,Towers with Radar,74,113,42,5,234,0,0,21,1,22,74,113,63,6,256,0,0,0,256
03/03/2012,RIC,VA,AEA,EN,Towers with Radar,41,86,23,4,154,0,0,13,0,13,41,86,36,4,167,0,0,0,167
03/04/2012,RIC,VA,AEA,EN,Towers with Radar,62,106,33,6,207,0,0,31,0,31,62,106,64,6,238,0,0,0,238
03/05/2012,RIC,VA,AEA,EN,Towers with Radar,67,121,39,2,229,0,0,11,0,11,67,121,50,2,240,0,0,0,240
03/06/2012,RIC,VA,AEA,EN,Towers with Radar,76,109,32,12,229,0,4,64,5,73,76,113,96,17,302,36,2,38,340
03/07/2012,RIC,VA,AEA,EN,Towers with Radar,69,120,48,8,245,0,0,31,7,38,69,120,79,15,283,0,2,2,285
03/08/2012,RIC,VA,AEA,EN,Towers with Radar,74,127,50,28,279,0,0,19,0,19,74,127,69,28,298,0,0,0,298
03/09/2012,RIC,VA,AEA,EN,Towers with Radar,72,119,34,19,244,0,0,14,5,19,72,119,48,24,263,0,2,2,265
03/10/2012,RIC,VA,AEA,EN,Towers with Radar,43,94,31,0,168,0,0,42,0,42,43,94,73,0,210,22,0,22,232
03/11/2012,RIC,VA,AEA,EN,Towers with Radar,65,110,48,2,225,0,2,24,0,26,65,112,72,2,251,0,0,0,251
03/12/2012,RIC,VA,AEA,EN,Towers with Radar,69,124,35,3,231,0,0,40,6,46,69,124,75,9,277,2,6,8,285
03/13/2012,RIC,VA,AEA,EN,Towers with Radar,75,116,35,10,236,0,0,47,12,59,75,116,82,22,295,0,2,2,297
03/14/2012,RIC,VA,AEA,EN,Towers with Radar,70,120,44,8,242,0,0,31,5,36,70,120,75,13,278,0,0,0,278
03/15/2012,RIC,VA,AEA,EN,Towers with Radar,71,121,52,5,249,0,1,23,4,28,71,122,75,9,277,10,2,12,289
03/16/2012,RIC,VA,AEA,EN,Towers with Radar,74,120,40,4,238,0,0,48,12,60,74,120,88,16,298,0,7,7,305
03/17/2012,RIC,VA,AEA,EN,Towers with Radar,41,84,38,2,165,0,0,20,8,28,41,84,58,10,193,10,0,10,203
03/18/2012,RIC,VA,AEA,EN,Towers with Radar,64,93,26,0,183,0,0,5,3,8,64,93,31,3,191,0,0,0,191
03/19/2012,RIC,VA,AEA,EN,Towers with Radar,63,121,32,7,223,0,0,28,0,28,63,121,60,7,251,8,12,20,271
03/20/2012,RIC,VA,AEA,EN,Towers with Radar,69,116,51,2,238,0,0,28,7,35,69,116,79,9,273,30,0,30,303
03/21/2012,RIC,VA,AEA,EN,Towers with Radar,71,124,52,4,251,0,0,14,6,20,71,124,66,10,271,10,26,36,307
03/22/2012,RIC,VA,AEA,EN,Towers with Radar,73,120,43,19,255,0,0,25,23,48,73,120,68,42,303,2,2,4,307
03/23/2012,RIC,VA,AEA,EN,Towers with Radar,73,129,53,8,263,0,0,30,9,39,73,129,83,17,302,2,0,2,304
03/24/2012,RIC,VA,AEA,EN,Towers with Radar,42,83,22,5,152,0,0,2,0,2,42,83,24,5,154,0,0,0,154
03/25/2012,RIC,VA,AEA,EN,Towers with Radar,59,102,34,1,196,0,0,0,0,0,59,102,34,1,196,0,0,0,196
03/26/2012,RIC,VA,AEA,EN,Towers with Radar,66,134,34,5,239,0,0,34,8,42,66,134,68,13,281,0,10,10,291
03/27/2012,RIC,VA,AEA,EN,Towers with Radar,74,133,59,16,282,0,0,25,14,39,74,133,84,30,321,2,54,56,377
03/28/2012,RIC,VA,AEA,EN,Towers with Radar,71,135,55,0,261,0,0,15,8,23,71,135,70,8,284,0,4,4,288
03/29/2012,RIC,VA,AEA,EN,Towers with Radar,76,134,67,12,289,0,0,21,11,32,76,134,88,23,321,18,8,26,347
03/30/2012,RIC,VA,AEA,EN,Towers with Radar,71,125,58,20,274,0,2,42,4,48,71,127,100,24,322,21,10,31,353
03/31/2012,RIC,VA,AEA,EN,Towers with Radar,41,84,31,1,157,0,0,7,0,7,41,84,38,1,164,12,0,12,176
04/01/2012,RIC,VA,AEA,EN,Towers with Radar,60,105,20,1,186,0,0,8,0,8,60,105,28,1,194,0,0,0,194
04/02/2012,RIC,VA,AEA,EN,Towers with Radar,67,124,45,3,239,0,0,14,3,17,67,124,59,6,256,2,0,2,258
04/03/2012,RIC,VA,AEA,EN,Towers with Radar,72,122,33,9,236,0,0,46,8,54,72,122,79,17,290,31,2,33,323
04/04/2012,RIC,VA,AEA,EN,Towers with Radar,73,120,45,10,248,0,1,20,11,32,73,121,65,21,280,20,26,46,326
04/05/2012,RIC,VA,AEA,EN,Towers with Radar,74,152,62,10,298,0,0,18,8,26,74,152,80,18,324,2,2,4,328
04/06/2012,RIC,VA,AEA,EN,Towers with Radar,70,142,50,14,276,0,0,34,9,43,70,142,84,23,319,2,10,12,331
04/07/2012,RIC,VA,AEA,EN,Towers with Radar,44,89,29,0,162,0,0,16,0,16,44,89,45,0,178,0,0,0,178
04/08/2012,RIC,VA,AEA,EN,Towers with Radar,54,109,14,0,177,0,0,9,0,9,54,109,23,0,186,14,0,14,200
04/09/2012,RIC,VA,AEA,EN,Towers with Radar,68,127,28,4,227,0,0,25,5,30,68,127,53,9,257,8,0,8,265
04/10/2012,RIC,VA,AEA,EN,Towers with Radar,73,129,50,12,264,0,0,28,9,37,73,129,78,21,301,2,0,2,303
04/11/2012,RIC,VA,AEA,EN,Towers with Radar,72,130,45,15,262,0,2,27,8,37,72,132,72,23,299,10,10,20,319
04/12/2012,RIC,VA,AEA,EN,Towers with Radar,74,136,57,17,284,0,0,31,16,47,74,136,88,33,331,6,8,14,345
04/13/2012,RIC,VA,AEA,EN,Towers with Radar,72,129,50,3,254,0,0,26,0,26,72,129,76,3,280,0,0,0,280
04/14/2012,RIC,VA,AEA,EN,Towers with Radar,44,86,25,1,156,0,2,15,10,27,44,88,40,11,183,2,0,2,185
04/15/2012,RIC,VA,AEA,EN,Towers with Radar,59,103,33,3,198,0,0,23,4,27,59,103,56,7,225,0,0,0,225
04/16/2012,RIC,VA,AEA,EN,Towers with Radar,67,128,54,3,252,0,4,29,8,41,67,132,83,11,293,8,0,8,301
04/17/2012,RIC,VA,AEA,EN,Towers with Radar,74,134,55,8,271,0,1,39,9,49,74,135,94,17,320,6,6,12,332
04/18/2012,RIC,VA,AEA,EN,Towers with Radar,72,132,55,19,278,0,0,16,9,25,72,132,71,28,303,6,22,28,331
04/19/2012,RIC,VA,AEA,EN,Towers with Radar,75,148,42,3,268,0,0,23,21,44,75,148,65,24,312,2,8,10,322
04/20/2012,RIC,VA,AEA,EN,Towers with Radar,71,140,63,6,280,0,0,15,8,23,71,140,78,14,303,0,7,7,310
04/21/2012,RIC,VA,AEA,EN,Towers with Radar,42,79,13,0,134,0,0,11,1,12,42,79,24,1,146,2,0,2,148
04/22/2012,RIC,VA,AEA,EN,Towers with Radar,57,108,30,0,195,0,0,0,0,0,57,108,30,0,195,0,0,0,195
04/23/2012,RIC,VA,AEA,EN,Towers with Radar,67,127,41,18,253,0,0,8,8,16,67,127,49,26,269,0,0,0,269
04/24/2012,RIC,VA,AEA,EN,Towers with Radar,73,123,47,6,249,0,3,33,11,47,73,126,80,17,296,0,6,6,302
04/25/2012,RIC,VA,AEA,EN,Towers with Radar,70,146,57,10,283,0,1,30,13,44,70,147,87,23,327,0,0,0,327
04/26/2012,RIC,VA,AEA,EN,Towers with Radar,79,141,124,9,353,0,0,4,8,12,79,141,128,17,365,0,14,14,379
04/27/2012,RIC,VA,AEA,EN,Towers with Radar,76,143,82,23,324,0,2,44,15,61,76,145,126,38,385,0,9,9,394
04/28/2012,RIC,VA,AEA,EN,Towers with Radar,43,93,72,0,208,0,4,104,2,110,43,97,176,2,318,7,0,7,325
04/29/2012,RIC,VA,AEA,EN,Towers with Radar,59,105,66,7,237,0,2,9,1,12,59,107,75,8,249,0,1,1,250
04/30/2012,RIC,VA,AEA,EN,Towers with Radar,68,136,52,3,259,0,0,25,8,33,68,136,77,11,292,0,2,2,294
05/01/2012,RIC,VA,AEA,EN,Towers with Radar,73,126,36,2,237,0,0,36,4,40,73,126,72,6,277,3,1,4,281
05/02/2012,RIC,VA,AEA,EN,Towers with Radar,71,141,42,18,272,0,1,42,17,60,71,142,84,35,332,14,24,38,370
05/03/2012,RIC,VA,AEA,EN,Towers with Radar,76,146,45,20,287,0,0,16,7,23,76,146,61,27,310,4,36,40,350
05/04/2012,RIC,VA,AEA,EN,Towers with Radar,72,139,40,5,256,0,0,34,6,40,72,139,74,11,296,18,0,18,314
05/05/2012,RIC,VA,AEA,EN,Towers with Radar,37,98,32,3,170,0,0,16,12,28,37,98,48,15,198,2,0,2,200
05/06/2012,RIC,VA,AEA,EN,Towers with Radar,55,110,37,4,206,0,0,5,0,5,55,110,42,4,211,10,2,12,223
05/07/2012,RIC,VA,AEA,EN,Towers with Radar,67,126,59,6,258,0,0,34,11,45,67,126,93,17,303,0,0,0,303
05/08/2012,RIC,VA,AEA,EN,Towers with Radar,87,135,55,5,282,0,0,14,17,31,87,135,69,22,313,2,2,4,317
05/09/2012,RIC,VA,AEA,EN,Towers with Radar,72,137,49,13,271,0,0,7,6,13,72,137,56,19,284,0,2,2,286
05/10/2012,RIC,VA,AEA,EN,Towers with Radar,75,141,63,12,291,0,6,22,17,45,75,147,85,29,336,0,23,23,359
05/11/2012,RIC,VA,AEA,EN,Towers with Radar,70,134,46,13,263,0,0,20,6,26,70,134,66,19,289,4,10,14,303
05/12/2012,RIC,VA,AEA,EN,Towers with Radar,38,88,30,1,157,0,0,28,5,33,38,88,58,6,190,0,0,0,190
05/13/2012,RIC,VA,AEA,EN,Towers with Radar,56,107,20,2,185,0,0,7,2,9,56,107,27,4,194,0,0,0,194
05/14/2012,RIC,VA,AEA,EN,Towers with Radar,63,135,62,4,264,0,0,12,8,20,63,135,74,12,284,6,2,8,292
05/15/2012,RIC,VA,AEA,EN,Towers with Radar,74,150,56,23,303,0,0,10,7,17,74,150,66,30,320,0,14,14,334
05/16/2012,RIC,VA,AEA,EN,Towers with Radar,75,148,75,20,318,0,0,16,7,23,75,148,91,27,341,22,10,32,373
05/17/2012,RIC,VA,AEA,EN,Towers with Radar,72,153,64,5,294,0,0,32,7,39,72,153,96,12,333,0,28,28,361
05/18/2012,RIC,VA,AEA,EN,Towers with Radar,74,142,52,8,276,0,1,35,8,44,74,143,87,16,320,27,3,30,350
05/19/2012,RIC,VA,AEA,EN,Towers with Radar,40,95,24,0,159,0,3,24,3,30,40,98,48,3,189,2,0,2,191
05/20/2012,RIC,VA,AEA,EN,Towers with Radar,62,106,25,0,193,0,1,10,0,11,62,107,35,0,204,2,0,2,206
05/21/2012,RIC,VA,AEA,EN,Towers with Radar,66,126,43,34,269,0,0,7,0,7,66,126,50,34,276,2,10,12,288
05/22/2012,RIC,VA,AEA,EN,Towers with Radar,75,134,37,2,248,0,1,14,12,27,75,135,51,14,275,0,12,12,287
05/23/2012,RIC,VA,AEA,EN,Towers with Radar,71,126,61,12,270,0,0,27,4,31,71,126,88,16,301,6,0,6,307
05/24/2012,RIC,VA,AEA,EN,Towers with Radar,75,131,68,2,276,0,0,17,9,26,75,131,85,11,302,32,26,58,360
05/25/2012,RIC,VA,AEA,EN,Towers with Radar,72,140,48,2,262,0,0,14,0,14,72,140,62,2,276,0,0,0,276
05/26/2012,RIC,VA,AEA,EN,Towers with Radar,40,92,24,0,156,0,5,21,0,26,40,97,45,0,182,2,0,2,184
05/27/2012,RIC,VA,AEA,EN,Towers with Radar,71,87,10,0,168,0,0,9,0,9,71,87,19,0,177,0,0,0,177
05/28/2012,RIC,VA,AEA,EN,Towers with Radar,62,109,36,0,207,0,0,24,0,24,62,109,60,0,231,38,0,38,269
05/29/2012,RIC,VA,AEA,EN,Towers with Radar,70,120,67,3,260,0,0,12,8,20,70,120,79,11,280,0,0,0,280
05/30/2012,RIC,VA,AEA,EN,Towers with Radar,73,144,61,12,290,0,0,6,8,14,73,144,67,20,304,14,12,26,330
05/31/2012,RIC,VA,AEA,EN,Towers with Radar,86,137,64,9,296,0,1,49,13,63,86,138,113,22,359,0,14,14,373
06/01/2012,RIC,VA,AEA,EN,Towers with Radar,73,133,36,5,247,0,2,14,10,26,73,135,50,15,273,0,2,2,275
06/02/2012,RIC,VA,AEA,EN,Towers with Radar,41,93,37,1,172,0,0,24,2,26,41,93,61,3,198,20,4,24,222
06/03/2012,RIC,VA,AEA,EN,Towers with Radar,57,104,25,0,186,0,0,21,0,21,57,104,46,0,207,24,2,26,233
06/04/2012,RIC,VA,AEA,EN,Towers with Radar,69,131,41,7,248,0,0,34,8,42,69,131,75,15,290,20,3,23,313
06/05/2012,RIC,VA,AEA,EN,Towers with Radar,72,128,58,3,261,0,0,15,17,32,72,128,73,20,293,0,4,4,297
06/06/2012,RIC,VA,AEA,EN,Towers with Radar,73,141,80,3,297,0,0,31,13,44,73,141,111,16,341,16,0,16,357
06/07/2012,RIC,VA,AEA,EN,Towers with Radar,76,136,60,3,275,0,4,25,27,56,76,140,85,30,331,10,6,16,347
06/08/2012,RIC,VA,AEA,EN,Towers with Radar,76,135,31,8,250,0,0,25,16,41,76,135,56,24,291,0,0,0,291
06/09/2012,RIC,VA,AEA,EN,Towers with Radar,48,88,16,0,152,0,0,28,1,29,48,88,44,1,181,14,0,14,195
06/10/2012,RIC,VA,AEA,EN,Towers with Radar,57,105,23,0,185,0,0,18,4,22,57,105,41,4,207,18,4,22,229
06/11/2012,RIC,VA,AEA,EN,Towers with Radar,73,120,32,30,255,0,0,23,4,27,73,120,55,34,282,0,20,20,302
06/12/2012,RIC,VA,AEA,EN,Towers with Radar,76,131,46,4,257,0,0,3,0,3,76,131,49,4,260,4,46,50,310
06/13/2012,RIC,VA,AEA,EN,Towers with Radar,72,136,53,1,262,0,0,42,11,53,72,136,95,12,315,4,4,8,323
06/14/2012,RIC,VA,AEA,EN,Towers with Radar,76,136,59,17,288,0,0,23,12,35,76,136,82,29,323,8,14,22,345
06/15/2012,RIC,VA,AEA,EN,Towers with Radar,78,129,35,6,248,0,0,30,10,40,78,129,65,16,288,10,8,18,306
06/16/2012,RIC,VA,AEA,EN,Towers with Radar,53,93,26,5,177,0,3,24,2,29,53,96,50,7,206,22,3,25,231
06/17/2012,RIC,VA,AEA,EN,Towers with Radar,67,109,21,5,202,0,0,8,1,9,67,109,29,6,211,0,12,12,223
06/18/2012,RIC,VA,AEA,EN,Towers with Radar,66,123,49,10,248,0,0,24,8,32,66,123,73,18,280,0,12,12,292
06/19/2012,RIC,VA,AEA,EN,Towers with Radar,76,138,44,10,268,0,0,42,17,59,76,138,86,27,327,4,6,10,337
06/20/2012,RIC,VA,AEA,EN,Towers with Radar,76,126,48,3,253,0,0,42,18,60,76,126,90,21,313,10,0,10,323
06/21/2012,RIC,VA,AEA,EN,Towers with Radar,76,129,51,14,270,0,6,36,19,61,76,135,87,33,331,8,10,18,349
06/22/2012,RIC,VA,AEA,EN,Towers with Radar,83,114,42,5,244,0,1,19,9,29,83,115,61,14,273,3,4,7,280
06/23/2012,RIC,VA,AEA,EN,Towers with Radar,51,95,30,0,176,0,0,15,0,15,51,95,45,0,191,0,0,0,191
06/24/2012,RIC,VA,AEA,EN,Towers with Radar,69,104,17,0,190,0,0,13,0,13,69,104,30,0,203,2,0,2,205
06/25/2012,RIC,VA,AEA,EN,Towers with Radar,79,128,40,3,250,0,0,15,7,22,79,128,55,10,272,0,0,0,272
06/26/2012,RIC,VA,AEA,EN,Towers with Radar,74,139,49,31,293,0,0,48,6,54,74,139,97,37,347,0,2,2,349
06/27/2012,RIC,VA,AEA,EN,Towers with Radar,75,138,64,2,279,0,0,25,11,36,75,138,89,13,315,24,0,24,339
06/28/2012,RIC,VA,AEA,EN,Towers with Radar,78,139,85,3,305,0,0,46,18,64,78,139,131,21,369,6,2,8,377
06/29/2012,RIC,VA,AEA,EN,Towers with Radar,73,130,40,3,246,0,1,22,7,30,73,131,62,10,276,2,5,7,283
06/30/2012,RIC,VA,AEA,EN,Towers with Radar,57,98,23,0,178,0,4,17,3,24,57,102,40,3,202,6,1,7,209
07/01/2012,RIC,VA,AEA,EN,Towers with Radar,60,112,21,1,194,0,0,13,0,13,60,112,34,1,207,8,0,8,215
07/02/2012,RIC,VA,AEA,EN,Towers with Radar,70,113,34,6,223,0,0,25,2,27,70,113,59,8,250,0,6,6,256
07/03/2012,RIC,VA,AEA,EN,Towers with Radar,73,109,34,11,227,0,3,23,5,31,73,112,57,16,258,8,0,8,266
07/04/2012,RIC,VA,AEA,EN,Towers with Radar,49,81,6,0,136,0,2,17,0,19,49,83,23,0,155,0,0,0,155
07/05/2012,RIC,VA,AEA,EN,Towers with Radar,67,98,27,1,193,0,1,14,12,27,67,99,41,13,220,3,8,11,231
07/06/2012,RIC,VA,AEA,EN,Towers with Radar,71,105,32,6,214,0,2,16,2,20,71,107,48,8,234,0,0,0,234
07/07/2012,RIC,VA,AEA,EN,Towers with Radar,48,90,19,0,157,0,1,25,1,27,48,91,44,1,184,0,0,0,184
07/08/2012,RIC,VA,AEA,EN,Towers with Radar,61,100,31,0,192,0,0,13,0,13,61,100,44,0,205,0,0,0,205
07/09/2012,RIC,VA,AEA,EN,Towers with Radar,69,129,41,5,244,0,1,34,9,44,69,130,75,14,288,12,4,16,304
07/10/2012,RIC,VA,AEA,EN,Towers with Radar,76,139,47,21,283,0,0,22,12,34,76,139,69,33,317,6,38,44,361
07/11/2012,RIC,VA,AEA,EN,Towers with Radar,76,121,40,8,245,0,0,33,9,42,76,121,73,17,287,4,6,10,297
07/12/2012,RIC,VA,AEA,EN,Towers with Radar,85,129,54,14,282,0,0,25,6,31,85,129,79,20,313,16,1,17,330
07/13/2012,RIC,VA,AEA,EN,Towers with Radar,77,114,45,2,238,0,0,54,24,78,77,114,99,26,316,12,3,15,331
07/14/2012,RIC,VA,AEA,EN,Towers with Radar,62,88,10,6,166,0,0,10,6,16,62,88,20,12,182,0,58,58,240
07/15/2012,RIC,VA,AEA,EN,Towers with Radar,61,88,25,2,176,0,0,21,2,23,61,88,46,4,199,2,2,4,203
07/16/2012,RIC,VA,AEA,EN,Towers with Radar,78,105,58,5,246,0,1,25,5,31,78,106,83,10,277,4,4,8,285
07/17/2012,RIC,VA,AEA,EN,Towers with Radar,77,113,75,9,274,0,0,40,7,47,77,113,115,16,321,20,2,22,343
07/18/2012,RIC,VA,AEA,EN,Towers with Radar,73,109,55,0,237,0,2,37,4,43,73,111,92,4,280,0,2,2,282
07/19/2012,RIC,VA,AEA,EN,Towers with Radar,88,118,62,1,269,0,0,25,9,34,88,118,87,10,303,0,14,14,317
07/20/2012,RIC,VA,AEA,EN,Towers with Radar,76,125,53,12,266,0,0,15,2,17,76,125,68,14,283,0,3,3,286
07/21/2012,RIC,VA,AEA,EN,Towers with Radar,69,97,36,8,210,0,0,0,0,0,69,97,36,8,210,0,0,0,210
07/22/2012,RIC,VA,AEA,EN,Towers with Radar,65,111,21,0,197,0,0,4,0,4,65,111,25,0,201,0,0,0,201
07/23/2012,RIC,VA,AEA,EN,Towers with Radar,73,110,37,0,220,0,0,26,0,26,73,110,63,0,246,0,0,0,246
07/24/2012,RIC,VA,AEA,EN,Towers with Radar,77,108,50,6,241,0,0,29,2,31,77,108,79,8,272,6,0,6,278
07/25/2012,RIC,VA,AEA,EN,Towers with Radar,76,126,41,3,246,0,0,25,9,34,76,126,66,12,280,6,1,7,287
07/26/2012,RIC,VA,AEA,EN,Towers with Radar,84,106,50,4,244,0,0,36,4,40,84,106,86,8,284,22,0,22,306
07/27/2012,RIC,VA,AEA,EN,Towers with Radar,79,120,46,16,261,0,0,26,4,30,79,120,72,20,291,0,0,0,291
07/28/2012,RIC,VA,AEA,EN,Towers with Radar,60,80,24,3,167,0,2,24,2,28,60,82,48,5,195,18,1,19,214
07/29/2012,RIC,VA,AEA,EN,Towers with Radar,62,104,26,0,192,0,0,9,3,12,62,104,35,3,204,0,0,0,204
07/30/2012,RIC,VA,AEA,EN,Towers with Radar,81,116,33,14,244,0,0,27,12,39,81,116,60,26,283,6,14,20,303
07/31/2012,RIC,VA,AEA,EN,Towers with Radar,76,117,53,8,254,0,0,25,4,29,76,117,78,12,283,0,0,0,283
08/01/2012,RIC,VA,AEA,EN,Towers with Radar,76,122,57,22,277,0,0,17,12,29,76,122,74,34,306,6,2,8,314
08/02/2012,RIC,VA,AEA,EN,Towers with Radar,79,114,54,1,248,0,0,23,19,42,79,114,77,20,290,2,0,2,292
08/03/2012,RIC,VA,AEA,EN,Towers with Radar,77,116,26,16,235,0,0,23,12,35,77,116,49,28,270,2,0,2,272
08/04/2012,RIC,VA,AEA,EN,Towers with Radar,62,83,9,3,157,0,0,23,0,23,62,83,32,3,180,0,0,0,180
08/05/2012,RIC,VA,AEA,EN,Towers with Radar,68,101,18,0,187,0,2,7,0,9,68,103,25,0,196,10,0,10,206
08/06/2012,RIC,VA,AEA,EN,Towers with Radar,76,116,38,6,236,0,1,16,1,18,76,117,54,7,254,0,0,0,254
08/07/2012,RIC,VA,AEA,EN,Towers with Radar,77,139,37,19,272,0,2,16,20,38,77,141,53,39,310,12,12,24,334
08/08/2012,RIC,VA,AEA,EN,Towers with Radar,76,124,43,7,250,0,1,19,11,31,76,125,62,18,281,0,12,12,293
08/09/2012,RIC,VA,AEA,EN,Towers with Radar,99,106,60,14,279,0,4,28,5,37,99,110,88,19,316,0,18,18,334
08/10/2012,RIC,VA,AEA,EN,Towers with Radar,81,104,37,8,230,0,0,8,9,17,81,104,45,17,247,14,0,14,261
08/11/2012,RIC,VA,AEA,EN,Towers with Radar,63,81,24,1,169,0,0,8,4,12,63,81,32,5,181,0,0,0,181
08/12/2012,RIC,VA,AEA,EN,Towers with Radar,64,101,19,10,194,0,0,7,0,7,64,101,26,10,201,0,0,0,201
08/13/2012,RIC,VA,AEA,EN,Towers with Radar,73,107,38,4,222,0,0,22,2,24,73,107,60,6,246,2,6,8,254
08/14/2012,RIC,VA,AEA,EN,Towers with Radar,75,112,51,24,262,0,0,37,11,48,75,112,88,35,310,4,8,12,322
08/15/2012,RIC,VA,AEA,EN,Towers with Radar,76,114,45,21,256,0,3,35,8,46,76,117,80,29,302,0,8,8,310
08/16/2012,RIC,VA,AEA,EN,Towers with Radar,80,132,79,4,295,0,1,38,10,49,80,133,117,14,344,16,16,32,376
08/17/2012,RIC,VA,AEA,EN,Towers with Radar,78,122,32,34,266,0,0,30,4,34,78,122,62,38,300,14,8,22,322
08/18/2012,RIC,VA,AEA,EN,Towers with Radar,51,93,17,2,163,0,1,12,10,23,51,94,29,12,186,18,2,20,206
08/19/2012,RIC,VA,AEA,EN,Towers with Radar,58,123,25,0,206,0,0,6,4,10,58,123,31,4,216,0,36,36,252
08/20/2012,RIC,VA,AEA,EN,Towers with Radar,69,115,34,4,222,0,0,11,3,14,69,115,45,7,236,18,0,18,254
08/21/2012,RIC,VA,AEA,EN,Towers with Radar,72,121,49,24,266,0,0,17,8,25,72,121,66,32,291,4,14,18,309
08/22/2012,RIC,VA,AEA,EN,Towers with Radar,76,122,65,2,265,0,0,26,7,33,76,122,91,9,298,8,0,8,306
08/23/2012,RIC,VA,AEA,EN,Towers with Radar,75,122,42,3,242,0,0,30,16,46,75,122,72,19,288,7,0,7,295
08/24/2012,RIC,VA,AEA,EN,Towers with Radar,75,121,43,5,244,0,0,58,1,59,75,121,101,6,303,10,2,12,315
08/25/2012,RIC,VA,AEA,EN,Towers with Radar,50,85,18,2,155,0,0,0,0,0,50,85,18,2,155,0,0,0,155
08/26/2012,RIC,VA,AEA,EN,Towers with Radar,61,97,25,2,185,0,0,6,0,6,61,97,31,2,191,0,0,0,191
08/27/2012,RIC,VA,AEA,EN,Towers with Radar,69,110,33,22,234,0,0,28,9,37,69,110,61,31,271,14,14,28,299
08/28/2012,RIC,VA,AEA,EN,Towers with Radar,74,118,47,4,243,0,2,23,9,34,74,120,70,13,277,2,6,8,285
08/29/2012,RIC,VA,AEA,EN,Towers with Radar,75,117,41,1,234,0,1,45,16,62,75,118,86,17,296,0,0,0,296
08/30/2012,RIC,VA,AEA,EN,Towers with Radar,79,120,51,14,264,0,0,23,5,28,79,120,74,19,292,8,0,8,300
08/31/2012,RIC,VA,AEA,EN,Towers with Radar,80,120,34,0,234,0,4,20,0,24,80,124,54,0,258,2,0,2,260
09/01/2012,RIC,VA,AEA,EN,Towers with Radar,47,67,14,3,131,0,0,17,0,17,47,67,31,3,148,6,0,6,154
09/02/2012,RIC,VA,AEA,EN,Towers with Radar,50,67,12,1,130,0,0,16,0,16,50,67,28,1,146,0,0,0,146
09/03/2012,RIC,VA,AEA,EN,Towers with Radar,60,91,20,0,171,0,0,9,0,9,60,91,29,0,180,0,0,0,180
09/04/2012,RIC,VA,AEA,EN,Towers with Radar,71,93,53,5,222,0,0,23,4,27,71,93,76,9,249,0,0,0,249
09/05/2012,RIC,VA,AEA,EN,Towers with Radar,75,118,49,8,250,0,0,12,1,13,75,118,61,9,263,0,0,0,263
09/06/2012,RIC,VA,AEA,EN,Towers with Radar,85,119,87,1,292,0,0,22,0,22,85,119,109,1,314,0,0,0,314
09/07/2012,RIC,VA,AEA,EN,Towers with Radar,16,20,11,0,47,0,0,18,7,25,16,20,29,7,72,9,0,9,81
09/08/2012,RIC,VA,AEA,EN,Towers with Radar,70,90,60,4,224,0,0,97,1,98,70,90,157,5,322,18,0,18,340
09/09/2012,RIC,VA,AEA,EN,Towers with Radar,67,105,80,4,256,0,0,53,9,62,67,105,133,13,318,0,0,0,318
09/10/2012,RIC,VA,AEA,EN,Towers with Radar,68,108,50,12,238,0,0,36,3,39,68,108,86,15,277,6,2,8,285
09/11/2012,RIC,VA,AEA,EN,Towers with Radar,84,111,62,3,260,1,0,36,14,51,85,111,98,17,311,4,16,20,331
09/12/2012,RIC,VA,AEA,EN,Towers with Radar,75,105,52,9,241,0,2,36,17,55,75,107,88,26,296,16,22,38,334
09/13/2012,RIC,VA,AEA,EN,Towers with Radar,79,125,50,10,264,0,1,22,11,34,79,126,72,21,298,2,0,2,300
09/14/2012,RIC,VA,AEA,EN,Towers with Radar,72,114,57,13,256,0,0,26,12,38,72,114,83,25,294,0,12,12,306
09/15/2012,RIC,VA,AEA,EN,Towers with Radar,51,78,18,2,149,0,0,23,2,25,51,78,41,4,174,12,0,12,186
09/16/2012,RIC,VA,AEA,EN,Towers with Radar,70,96,34,2,202,0,2,23,0,25,70,98,57,2,227,6,0,6,233
09/17/2012,RIC,VA,AEA,EN,Towers with Radar,72,112,45,6,235,0,0,11,1,12,72,112,56,7,247,0,0,0,247
09/18/2012,RIC,VA,AEA,EN,Towers with Radar,77,95,22,1,195,0,0,0,0,0,77,95,22,1,195,0,0,0,195
09/19/2012,RIC,VA,AEA,EN,Towers with Radar,83,137,65,4,289,0,0,34,4,38,83,137,99,8,327,24,0,24,351
09/20/2012,RIC,VA,AEA,EN,Towers with Radar,79,116,57,0,252,0,1,32,8,41,79,117,89,8,293,2,4,6,299
09/21/2012,RIC,VA,AEA,EN,Towers with Radar,83,130,48,1,262,0,0,37,10,47,83,130,85,11,309,8,0,8,317
09/22/2012,RIC,VA,AEA,EN,Towers with Radar,52,79,14,1,146,0,0,12,3,15,52,79,26,4,161,10,0,10,171
09/23/2012,RIC,VA,AEA,EN,Towers with Radar,61,98,29,0,188,0,1,22,0,23,61,99,51,0,211,12,0,12,223
09/24/2012,RIC,VA,AEA,EN,Towers with Radar,67,115,52,11,245,0,0,34,2,36,67,115,86,13,281,0,14,14,295
09/25/2012,RIC,VA,AEA,EN,Towers with Radar,69,100,56,8,233,0,0,40,8,48,69,100,96,16,281,14,0,14,295
09/26/2012,RIC,VA,AEA,EN,Towers with Radar,77,115,58,11,261,0,2,43,14,59,77,117,101,25,320,8,0,8,328
09/27/2012,RIC,VA,AEA,EN,Towers with Radar,84,117,73,7,281,0,2,14,7,23,84,119,87,14,304,2,0,2,306
09/28/2012,RIC,VA,AEA,EN,Towers with Radar,73,128,60,15,276,0,0,31,16,47,73,128,91,31,323,0,6,6,329
09/29/2012,RIC,VA,AEA,EN,Towers with Radar,54,75,27,4,160,0,1,12,0,13,54,76,39,4,173,0,0,0,173
09/30/2012,RIC,VA,AEA,EN,Towers with Radar,64,106,40,2,212,0,1,25,6,32,64,107,65,8,244,8,0,8,252
10/01/2012,RIC,VA,AEA,EN,Towers with Radar,66,103,39,0,208,0,0,13,0,13,66,103,52,0,221,0,0,0,221
10/02/2012,RIC,VA,AEA,EN,Towers with Radar,72,115,42,6,235,0,0,3,0,3,72,115,45,6,238,0,0,0,238
10/03/2012,RIC,VA,AEA,EN,Towers with Radar,76,114,47,7,244,0,0,16,6,22,76,114,63,13,266,0,15,15,281
10/04/2012,RIC,VA,AEA,EN,Towers with Radar,75,119,49,3,246,0,0,36,10,46,75,119,85,13,292,12,0,12,304
10/05/2012,RIC,VA,AEA,EN,Towers with Radar,70,119,35,8,232,0,1,38,7,46,70,120,73,15,278,12,0,12,290
10/06/2012,RIC,VA,AEA,EN,Towers with Radar,46,80,26,0,152,0,0,19,3,22,46,80,45,3,174,24,0,24,198
10/07/2012,RIC,VA,AEA,EN,Towers with Radar,60,101,29,0,190,0,0,2,0,2,60,101,31,0,192,0,0,0,192
10/08/2012,RIC,VA,AEA,EN,Towers with Radar,66,109,52,0,227,0,0,0,0,0,66,109,52,0,227,0,0,0,227
10/09/2012,RIC,VA,AEA,EN,Towers with Radar,71,105,44,5,225,0,0,0,3,3,71,105,44,8,228,0,0,0,228
10/10/2012,RIC,VA,AEA,EN,Towers with Radar,70,116,63,2,251,0,2,39,10,51,70,118,102,12,302,8,0,8,310
10/11/2012,RIC,VA,AEA,EN,Towers with Radar,75,127,57,1,260,0,2,35,5,42,75,129,92,6,302,0,0,0,302
10/12/2012,RIC,VA,AEA,EN,Towers with Radar,71,131,60,1,263,0,1,35,12,48,71,132,95,13,311,9,0,9,320
10/13/2012,RIC,VA,AEA,EN,Towers with Radar,49,90,21,1,161,0,6,40,3,49,49,96,61,4,210,22,1,23,233
10/14/2012,RIC,VA,AEA,EN,Towers with Radar,59,109,32,0,200,0,3,27,1,31,59,112,59,1,231,8,0,8,239
10/15/2012,RIC,VA,AEA,EN,Towers with Radar,64,122,55,2,243,0,2,7,3,12,64,124,62,5,255,2,0,2,257
10/16/2012,RIC,VA,AEA,EN,Towers with Radar,70,110,66,21,267,0,0,34,8,42,70,110,100,29,309,0,0,0,309
10/17/2012,RIC,VA,AEA,EN,Towers with Radar,71,121,64,4,260,0,2,48,3,53,71,123,112,7,313,4,10,14,327
10/18/2012,RIC,VA,AEA,EN,Towers with Radar,75,127,53,14,269,0,0,33,5,38,75,127,86,19,307,12,8,20,327
10/19/2012,RIC,VA,AEA,EN,Towers with Radar,80,129,53,9,271,0,0,14,2,16,80,129,67,11,287,0,0,0,287
10/20/2012,RIC,VA,AEA,EN,Towers with Radar,46,81,15,0,142,0,3,15,0,18,46,84,30,0,160,0,0,0,160
10/21/2012,RIC,VA,AEA,EN,Towers with Radar,60,101,23,0,184,0,0,24,2,26,60,101,47,2,210,0,0,0,210
10/22/2012,RIC,VA,AEA,EN,Towers with Radar,64,115,55,5,239,0,1,26,3,30,64,116,81,8,269,2,0,2,271
10/23/2012,RIC,VA,AEA,EN,Towers with Radar,70,104,58,5,237,0,1,45,5,51,70,105,103,10,288,0,0,0,288
10/24/2012,RIC,VA,AEA,EN,Towers with Radar,73,114,70,21,278,0,4,38,14,56,73,118,108,35,334,6,6,12,346
10/25/2012,RIC,VA,AEA,EN,Towers with Radar,76,117,64,8,265,0,0,24,13,37,76,117,88,21,302,2,28,30,332
10/26/2012,RIC,VA,AEA,EN,Towers with Radar,72,123,53,6,254,0,0,5,10,15,72,123,58,16,269,0,0,0,269
10/27/2012,RIC,VA,AEA,EN,Towers with Radar,47,77,23,4,151,0,0,4,2,6,47,77,27,6,157,0,0,0,157
10/28/2012,RIC,VA,AEA,EN,Towers with Radar,61,72,21,0,154,0,0,0,0,0,61,72,21,0,154,0,0,0,154
10/29/2012,RIC,VA,AEA,EN,Towers with Radar,26,8,0,0,34,0,0,0,0,0,26,8,0,0,34,0,0,0,34
10/30/2012,RIC,VA,AEA,EN,Towers with Radar,53,37,7,3,100,0,0,0,3,3,53,37,7,6,103,0,0,0,103
10/31/2012,RIC,VA,AEA,EN,Towers with Radar,58,75,42,0,175,0,0,34,15,49,58,75,76,15,224,0,0,0,224
11/01/2012,RIC,VA,AEA,EN,Towers with Radar,77,106,53,10,246,0,0,29,5,34,77,106,82,15,280,0,12,12,292
11/02/2012,RIC,VA,AEA,EN,Towers with Radar,70,115,56,15,256,0,0,35,4,39,70,115,91,19,295,12,2,14,309
11/03/2012,RIC,VA,AEA,EN,Towers with Radar,46,76,15,4,141,0,0,23,7,30,46,76,38,11,171,0,28,28,199
11/04/2012,RIC,VA,AEA,EN,Towers with Radar,59,108,31,2,200,0,0,36,0,36,59,108,67,2,236,36,0,36,272
11/05/2012,RIC,VA,AEA,EN,Towers with Radar,66,110,36,26,238,0,0,19,1,20,66,110,55,27,258,24,6,30,288
11/06/2012,RIC,VA,AEA,EN,Towers with Radar,74,91,41,3,209,0,0,28,12,40,74,91,69,15,249,22,2,24,273
11/07/2012,RIC,VA,AEA,EN,Towers with Radar,76,108,25,5,214,0,0,17,17,34,76,108,42,22,248,0,0,0,248
11/08/2012,RIC,VA,AEA,EN,Towers with Radar,77,108,65,10,260,0,0,26,5,31,77,108,91,15,291,10,0,10,301
11/09/2012,RIC,VA,AEA,EN,Towers with Radar,72,115,57,4,248,0,0,45,0,45,72,115,102,4,293,0,0,0,293
11/10/2012,RIC,VA,AEA,EN,Towers with Radar,46,85,31,1,163,0,1,34,1,36,46,86,65,2,199,10,0,10,209
11/11/2012,RIC,VA,AEA,EN,Towers with Radar,67,101,56,0,224,0,1,23,0,24,67,102,79,0,248,4,0,4,252
11/12/2012,RIC,VA,AEA,EN,Towers with Radar,74,111,51,2,238,0,0,28,3,31,74,111,79,5,269,8,0,8,277
11/13/2012,RIC,VA,AEA,EN,Towers with Radar,78,107,63,10,258,0,0,15,5,20,78,107,78,15,278,0,8,8,286
11/14/2012,RIC,VA,AEA,EN,Towers with Radar,81,122,65,3,271,0,0,36,4,40,81,122,101,7,311,0,0,0,311
11/15/2012,RIC,VA,AEA,EN,Towers with Radar,81,132,69,4,286,0,1,37,3,41,81,133,106,7,327,4,0,4,331
11/16/2012,RIC,VA,AEA,EN,Towers with Radar,85,120,72,15,292,0,0,31,5,36,85,120,103,20,328,0,0,0,328
11/17/2012,RIC,VA,AEA,EN,Towers with Radar,54,78,19,1,152,0,0,23,1,24,54,78,42,2,176,22,2,24,200
11/18/2012,RIC,VA,AEA,EN,Towers with Radar,71,104,24,0,199,0,0,8,0,8,71,104,32,0,207,0,0,0,207
11/19/2012,RIC,VA,AEA,EN,Towers with Radar,73,99,54,10,236,0,0,6,6,12,73,99,60,16,248,0,0,0,248
11/20/2012,RIC,VA,AEA,EN,Towers with Radar,89,118,59,17,283,0,1,37,8,46,89,119,96,25,329,0,16,16,345
11/21/2012,RIC,VA,AEA,EN,Towers with Radar,77,121,39,14,251,0,0,22,2,24,77,121,61,16,275,0,0,0,275
11/22/2012,RIC,VA,AEA,EN,Towers with Radar,47,60,9,0,116,0,2,15,2,19,47,62,24,2,135,0,0,0,135
11/23/2012,RIC,VA,AEA,EN,Towers with Radar,65,60,19,0,144,0,0,8,0,8,65,60,27,0,152,0,0,0,152
11/24/2012,RIC,VA,AEA,EN,Towers with Radar,65,102,25,0,192,0,0,12,0,12,65,102,37,0,204,8,0,8,212
11/25/2012,RIC,VA,AEA,EN,Towers with Radar,79,124,39,1,243,0,2,20,1,23,79,126,59,2,266,10,0,10,276
11/26/2012,RIC,VA,AEA,EN,Towers with Radar,80,121,41,3,245,0,0,22,3,25,80,121,63,6,270,6,0,6,276
11/27/2012,RIC,VA,AEA,EN,Towers with Radar,75,101,50,15,241,0,1,6,0,7,75,102,56,15,248,0,16,16,264
11/28/2012,RIC,VA,AEA,EN,Towers with Radar,98,115,54,9,276,0,4,26,4,34,98,119,80,13,310,0,12,12,322
11/29/2012,RIC,VA,AEA,EN,Towers with Radar,87,117,71,34,309,0,0,30,9,39,87,117,101,43,348,0,8,8,356
11/30/2012,RIC,VA,AEA,EN,Towers with Radar,80,115,41,7,243,0,3,27,5,35,80,118,68,12,278,10,2,12,290
12/01/2012,RIC,VA,AEA,EN,Towers with Radar,60,72,19,2,153,0,0,40,1,41,60,72,59,3,194,10,0,10,204
12/02/2012,RIC,VA,AEA,EN,Towers with Radar,60,109,19,3,191,0,0,3,0,3,60,109,22,3,194,66,0,66,260
12/03/2012,RIC,VA,AEA,EN,Towers with Radar,75,115,44,3,237,0,0,40,40,80,75,115,84,43,317,4,2,6,323
12/04/2012,RIC,VA,AEA,EN,Towers with Radar,78,106,41,6,231,0,1,19,17,37,78,107,60,23,268,0,0,0,268
12/05/2012,RIC,VA,AEA,EN,Towers with Radar,84,115,37,8,244,0,0,17,10,27,84,115,54,18,271,10,0,10,281
12/06/2012,RIC,VA,AEA,EN,Towers with Radar,85,127,45,7,264,0,1,29,12,42,85,128,74,19,306,10,14,24,330
12/07/2012,RIC,VA,AEA,EN,Towers with Radar,79,124,45,21,269,0,0,17,7,24,79,124,62,28,293,0,2,2,295
12/08/2012,RIC,VA,AEA,EN,Towers with Radar,55,75,25,0,155,0,0,8,2,10,55,75,33,2,165,10,0,10,175
12/09/2012,RIC,VA,AEA,EN,Towers with Radar,60,102,28,3,193,0,0,4,0,4,60,102,32,3,197,0,0,0,197
12/10/2012,RIC,VA,AEA,EN,Towers with Radar,71,106,46,6,229,0,0,0,2,2,71,106,46,8,231,0,0,0,231
12/11/2012,RIC,VA,AEA,EN,Towers with Radar,79,108,78,5,270,0,0,28,12,40,79,108,106,17,310,0,0,0,310
12/12/2012,RIC,VA,AEA,EN,Towers with Radar,80,114,72,26,292,0,0,39,35,74,80,114,111,61,366,18,10,28,394
12/13/2012,RIC,VA,AEA,EN,Towers with Radar,85,116,64,7,272,0,0,34,14,48,85,116,98,21,320,0,2,2,322
12/14/2012,RIC,VA,AEA,EN,Towers with Radar,83,115,46,2,246,0,0,41,19,60,83,115,87,21,306,10,0,10,316
12/15/2012,RIC,VA,AEA,EN,Towers with Radar,62,75,32,1,170,0,1,22,3,26,62,76,54,4,196,2,0,2,198
12/16/2012,RIC,VA,AEA,EN,Towers with Radar,56,96,30,0,182,0,0,1,0,1,56,96,31,0,183,0,0,0,183
12/17/2012,RIC,VA,AEA,EN,Towers with Radar,92,115,52,8,267,0,0,4,0,4,92,115,56,8,271,0,0,0,271
12/18/2012,RIC,VA,AEA,EN,Towers with Radar,87,98,66,14,265,0,0,23,13,36,87,98,89,27,301,10,0,10,311
12/19/2012,RIC,VA,AEA,EN,Towers with Radar,92,108,50,17,267,0,0,60,12,72,92,108,110,29,339,4,16,20,359
12/20/2012,RIC,VA,AEA,EN,Towers with Radar,90,97,48,15,250,0,1,20,13,34,90,98,68,28,284,40,10,50,334
12/21/2012,RIC,VA,AEA,EN,Towers with Radar,86,103,35,3,227,0,2,5,0,7,86,105,40,3,234,0,0,0,234
12/22/2012,RIC,VA,AEA,EN,Towers with Radar,67,81,21,0,169,0,0,8,0,8,67,81,29,0,177,2,0,2,179
12/23/2012,RIC,VA,AEA,EN,Towers with Radar,64,89,21,0,174,0,0,24,0,24,64,89,45,0,198,0,0,0,198
12/24/2012,RIC,VA,AEA,EN,Towers with Radar,63,66,2,0,131,0,0,4,0,4,63,66,6,0,135,0,0,0,135
12/25/2012,RIC,VA,AEA,EN,Towers with Radar,53,57,10,0,120,0,0,3,0,3,53,57,13,0,123,0,0,0,123
12/26/2012,RIC,VA,AEA,EN,Towers with Radar,80,92,27,3,202,0,0,0,0,0,80,92,27,3,202,0,0,0,202
12/27/2012,RIC,VA,AEA,EN,Towers with Radar,91,94,40,11,236,0,0,10,6,16,91,94,50,17,252,6,4,10,262
12/28/2012,RIC,VA,AEA,EN,Towers with Radar,86,101,29,4,220,0,0,30,0,30,86,101,59,4,250,24,0,24,274
12/29/2012,RIC,VA,AEA,EN,Towers with Radar,61,69,4,0,134,0,0,6,0,6,61,69,10,0,140,12,0,12,152
12/30/2012,RIC,VA,AEA,EN,Towers with Radar,64,90,17,0,171,0,0,4,0,4,64,90,21,0,175,20,0,20,195
12/31/2012,RIC,VA,AEA,EN,Towers with Radar,65,70,20,0,155,0,0,20,0,20,65,70,40,0,175,14,0,14,189
01/01/2013,RIC,VA,AEA,EN,Towers with Radar,56,76,17,0,149,0,0,2,0,2,56,76,19,0,151,2,0,2,153
01/02/2013,RIC,VA,AEA,EN,Towers with Radar,96,93,42,0,231,0,2,22,5,29,96,95,64,5,260,8,10,18,278
01/03/2013,RIC,VA,AEA,EN,Towers with Radar,87,105,46,15,253,0,0,23,17,40,87,105,69,32,293,12,8,20,313
01/04/2013,RIC,VA,AEA,EN,Towers with Radar,82,105,23,26,236,0,0,32,23,55,82,105,55,49,291,14,16,30,321
01/05/2013,RIC,VA,AEA,EN,Towers with Radar,51,75,27,0,153,0,0,18,0,18,51,75,45,0,171,6,0,6,177
01/06/2013,RIC,VA,AEA,EN,Towers with Radar,66,92,20,0,178,0,0,19,0,19,66,92,39,0,197,0,0,0,197
01/07/2013,RIC,VA,AEA,EN,Towers with Radar,72,105,43,4,224,0,0,34,0,34,72,105,77,4,258,0,4,4,262
01/08/2013,RIC,VA,AEA,EN,Towers with Radar,80,92,43,11,226,0,0,28,7,35,80,92,71,18,261,2,0,2,263
01/09/2013,RIC,VA,AEA,EN,Towers with Radar,91,101,39,17,248,0,0,27,20,47,91,101,66,37,295,34,13,47,342
01/10/2013,RIC,VA,AEA,EN,Towers with Radar,85,107,44,15,251,0,2,26,4,32,85,109,70,19,283,6,10,16,299
01/11/2013,RIC,VA,AEA,EN,Towers with Radar,77,114,34,4,229,0,1,4,6,11,77,115,38,10,240,6,0,6,246
01/12/2013,RIC,VA,AEA,EN,Towers with Radar,55,65,10,2,132,0,0,0,0,0,55,65,10,2,132,0,0,0,132
01/13/2013,RIC,VA,AEA,EN,Towers with Radar,73,86,36,4,199,0,0,14,0,14,73,86,50,4,213,22,0,22,235
01/14/2013,RIC,VA,AEA,EN,Towers with Radar,73,109,50,1,233,0,0,2,0,2,73,109,52,1,235,0,0,0,235
01/15/2013,RIC,VA,AEA,EN,Towers with Radar,77,94,47,0,218,0,0,0,0,0,77,94,47,0,218,0,0,0,218
01/16/2013,RIC,VA,AEA,EN,Towers with Radar,80,98,48,2,228,0,0,0,0,0,80,98,48,2,228,0,0,0,228
01/17/2013,RIC,VA,AEA,EN,Towers with Radar,81,109,40,5,235,0,0,0,0,0,81,109,40,5,235,0,0,0,235
01/18/2013,RIC,VA,AEA,EN,Towers with Radar,83,110,51,6,250,0,1,28,0,29,83,111,79,6,279,0,0,0,279
01/19/2013,RIC,VA,AEA,EN,Towers with Radar,59,73,30,0,162,0,0,26,13,39,59,73,56,13,201,0,0,0,201
01/20/2013,RIC,VA,AEA,EN,Towers with Radar,64,78,26,2,170,0,0,15,3,18,64,78,41,5,188,32,18,50,238
01/21/2013,RIC,VA,AEA,EN,Towers with Radar,78,94,53,0,225,0,0,39,0,39,78,94,92,0,264,8,0,8,272
01/22/2013,RIC,VA,AEA,EN,Towers with Radar,76,93,50,5,224,0,0,15,3,18,76,93,65,8,242,0,0,0,242
01/23/2013,RIC,VA,AEA,EN,Towers with Radar,85,95,63,30,273,0,0,31,14,45,85,95,94,44,318,16,30,46,364
01/24/2013,RIC,VA,AEA,EN,Towers with Radar,83,101,60,2,246,0,1,12,12,25,83,102,72,14,271,4,4,8,279
01/25/2013,RIC,VA,AEA,EN,Towers with Radar,81,93,39,5,218,0,2,6,0,8,81,95,45,5,226,0,0,0,226
01/26/2013,RIC,VA,AEA,EN,Towers with Radar,53,78,21,0,152,0,0,13,0,13,53,78,34,0,165,0,0,0,165
01/27/2013,RIC,VA,AEA,EN,Towers with Radar,67,91,29,0,187,0,0,19,0,19,67,91,48,0,206,0,0,0,206
01/28/2013,RIC,VA,AEA,EN,Towers with Radar,80,100,43,5,228,0,0,6,2,8,80,100,49,7,236,0,16,16,252
01/29/2013,RIC,VA,AEA,EN,Towers with Radar,74,106,48,31,259,0,6,25,4,35,74,112,73,35,294,28,2,30,324
01/30/2013,RIC,VA,AEA,EN,Towers with Radar,83,102,27,18,230,0,0,9,5,14,83,102,36,23,244,0,6,6,250
01/31/2013,RIC,VA,AEA,EN,Towers with Radar,80,102,50,18,250,0,0,6,20,26,80,102,56,38,276,0,6,6,282
02/01/2013,RIC,VA,AEA,EN,Towers with Radar,84,110,38,5,237,0,0,11,19,30,84,110,49,24,267,0,6,6,273
02/02/2013,RIC,VA,AEA,EN,Towers with Radar,58,77,22,0,157,0,1,15,1,17,58,78,37,1,174,12,0,12,186
02/03/2013,RIC,VA,AEA,EN,Towers with Radar,63,89,29,0,181,0,0,2,0,2,63,89,31,0,183,0,0,0,183
02/04/2013,RIC,VA,AEA,EN,Towers with Radar,70,103,54,1,228,0,0,33,4,37,70,103,87,5,265,12,0,12,277
02/05/2013,RIC,VA,AEA,EN,Towers with Radar,85,107,57,18,267,0,2,39,5,46,85,109,96,23,313,12,0,12,325
02/06/2013,RIC,VA,AEA,EN,Towers with Radar,81,107,50,34,272,0,1,37,22,60,81,108,87,56,332,0,24,24,356
02/07/2013,RIC,VA,AEA,EN,Towers with Radar,81,107,48,6,242,0,2,32,28,62,81,109,80,34,304,6,2,8,312
02/08/2013,RIC,VA,AEA,EN,Towers with Radar,84,80,34,8,206,0,1,13,5,19,84,81,47,13,225,0,0,0,225
02/09/2013,RIC,VA,AEA,EN,Towers with Radar,52,72,24,3,151,0,1,25,2,28,52,73,49,5,179,0,0,0,179
02/10/2013,RIC,VA,AEA,EN,Towers with Radar,67,85,38,3,193,0,0,23,3,26,67,85,61,6,219,0,14,14,233
02/11/2013,RIC,VA,AEA,EN,Towers with Radar,76,93,34,35,238,0,0,0,0,0,76,93,34,35,238,0,0,0,238
02/12/2013,RIC,VA,AEA,EN,Towers with Radar,80,107,62,7,256,0,0,37,7,44,80,107,99,14,300,4,2,6,306
02/13/2013,RIC,VA,AEA,EN,Towers with Radar,83,102,62,21,268,0,0,11,2,13,83,102,73,23,281,0,12,12,293
02/14/2013,RIC,VA,AEA,EN,Towers with Radar,92,109,36,33,270,0,0,34,1,35,92,109,70,34,305,0,0,0,305
02/15/2013,RIC,VA,AEA,EN,Towers with Radar,87,117,42,10,256,0,2,29,4,35,87,119,71,14,291,0,4,4,295
02/16/2013,RIC,VA,AEA,EN,Towers with Radar,54,73,7,0,134,0,0,0,0,0,54,73,7,0,134,0,0,0,134
02/17/2013,RIC,VA,AEA,EN,Towers with Radar,77,93,18,0,188,0,7,7,0,14,77,100,25,0,202,6,0,6,208
02/18/2013,RIC,VA,AEA,EN,Towers with Radar,74,111,49,0,234,0,2,31,0,33,74,113,80,0,267,0,0,0,267
02/19/2013,RIC,VA,AEA,EN,Towers with Radar,85,105,44,21,255,0,0,5,3,8,85,105,49,24,263,0,0,0,263
02/20/2013,RIC,VA,AEA,EN,Towers with Radar,80,103,44,10,237,0,0,37,17,54,80,103,81,27,291,0,30,30,321
02/21/2013,RIC,VA,AEA,EN,Towers with Radar,79,126,65,17,287,0,0,51,28,79,79,126,116,45,366,0,16,16,382
02/22/2013,RIC,VA,AEA,EN,Towers with Radar,82,118,30,1,231,0,3,9,16,28,82,121,39,17,259,0,2,2,261
02/23/2013,RIC,VA,AEA,EN,Towers with Radar,69,80,19,0,168,0,0,0,0,0,69,80,19,0,168,0,8,8,176
02/24/2013,RIC,VA,AEA,EN,Towers with Radar,69,107,43,2,221,0,0,13,20,33,69,107,56,22,254,12,0,12,266
02/25/2013,RIC,VA,AEA,EN,Towers with Radar,80,103,39,14,236,0,0,26,4,30,80,103,65,18,266,0,8,8,274
02/26/2013,RIC,VA,AEA,EN,Towers with Radar,89,99,31,5,224,0,0,3,0,3,89,99,34,5,227,0,0,0,227
02/27/2013,RIC,VA,AEA,EN,Towers with Radar,82,103,39,3,227,0,2,25,10,37,82,105,64,13,264,2,2,4,268
02/28/2013,RIC,VA,AEA,EN,Towers with Radar,84,106,47,31,268,0,2,26,14,42,84,108,73,45,310,10,14,24,334
03/01/2013,RIC,VA,AEA,EN,Towers with Radar,78,115,46,10,249,0,0,33,19,52,78,115,79,29,301,0,4,4,305
03/02/2013,RIC,VA,AEA,EN,Towers with Radar,62,85,22,6,175,0,1,10,3,14,62,86,32,9,189,20,20,40,229
03/03/2013,RIC,VA,AEA,EN,Towers with Radar,75,95,25,0,195,0,0,24,0,24,75,95,49,0,219,14,0,14,233
03/04/2013,RIC,VA,AEA,EN,Towers with Radar,86,104,50,14,254,0,0,33,3,36,86,104,83,17,290,12,0,12,302
03/05/2013,RIC,VA,AEA,EN,Towers with Radar,87,100,44,11,242,0,0,25,3,28,87,100,69,14,270,12,12,24,294
03/06/2013,RIC,VA,AEA,EN,Towers with Radar,83,90,22,2,197,0,0,0,0,0,83,90,22,2,197,0,0,0,197
03/07/2013,RIC,VA,AEA,EN,Towers with Radar,96,109,54,18,277,0,0,17,6,23,96,109,71,24,300,12,20,32,332
03/08/2013,RIC,VA,AEA,EN,Towers with Radar,103,120,44,6,273,0,2,16,4,22,103,122,60,10,295,28,28,56,351
03/09/2013,RIC,VA,AEA,EN,Towers with Radar,62,84,29,14,189,0,0,21,0,21,62,84,50,14,210,14,0,14,224
03/10/2013,RIC,VA,AEA,EN,Towers with Radar,86,94,29,8,217,0,4,29,1,34,86,98,58,9,251,0,0,0,251
03/11/2013,RIC,VA,AEA,EN,Towers with Radar,83,105,57,12,257,0,0,14,1,15,83,105,71,13,272,6,4,10,282
03/12/2013,RIC,VA,AEA,EN,Towers with Radar,84,100,41,13,238,0,0,11,4,15,84,100,52,17,253,0,0,0,253
03/13/2013,RIC,VA,AEA,EN,Towers with Radar,89,120,68,19,296,0,1,40,22,63,89,121,108,41,359,12,36,48,407
03/14/2013,RIC,VA,AEA,EN,Towers with Radar,93,109,54,12,268,0,0,36,17,53,93,109,90,29,321,12,28,40,361
03/15/2013,RIC,VA,AEA,EN,Towers with Radar,92,112,56,10,270,0,0,44,9,53,92,112,100,19,323,2,12,14,337
03/16/2013,RIC,VA,AEA,EN,Towers with Radar,52,91,24,0,167,0,1,9,8,18,52,92,33,8,185,0,8,8,193
03/17/2013,RIC,VA,AEA,EN,Towers with Radar,81,102,28,0,211,0,0,4,0,4,81,102,32,0,215,0,0,0,215
03/18/2013,RIC,VA,AEA,EN,Towers with Radar,76,101,30,0,207,0,0,0,0,0,76,101,30,0,207,0,0,0,207
03/19/2013,RIC,VA,AEA,EN,Towers with Radar,89,108,57,12,266,0,0,18,8,26,89,108,75,20,292,0,4,4,296
03/20/2013,RIC,VA,AEA,EN,Towers with Radar,80,105,73,28,286,0,2,55,18,75,80,107,128,46,361,4,2,6,367
03/21/2013,RIC,VA,AEA,EN,Towers with Radar,87,116,55,4,262,0,0,16,22,38,87,116,71,26,300,2,11,13,313
03/22/2013,RIC,VA,AEA,EN,Towers with Radar,88,119,44,21,272,0,3,34,5,42,88,122,78,26,314,16,10,26,340
03/23/2013,RIC,VA,AEA,EN,Towers with Radar,56,75,43,1,175,0,2,37,2,41,56,77,80,3,216,18,0,18,234
03/24/2013,RIC,VA,AEA,EN,Towers with Radar,64,86,19,2,171,0,0,2,0,2,64,86,21,2,173,0,0,0,173
03/25/2013,RIC,VA,AEA,EN,Towers with Radar,82,104,34,0,220,0,0,2,1,3,82,104,36,1,223,0,0,0,223
03/26/2013,RIC,VA,AEA,EN,Towers with Radar,91,101,49,6,247,0,0,24,18,42,91,101,73,24,289,6,0,6,295
03/27/2013,RIC,VA,AEA,EN,Towers with Radar,81,113,51,12,257,0,2,44,19,65,81,115,95,31,322,0,9,9,331
03/28/2013,RIC,VA,AEA,EN,Towers with Radar,93,105,61,18,277,0,0,40,8,48,93,105,101,26,325,2,9,11,336
03/29/2013,RIC,VA,AEA,EN,Towers with Radar,83,115,47,1,246,0,3,33,11,47,83,118,80,12,293,6,0,6,299
03/30/2013,RIC,VA,AEA,EN,Towers with Radar,68,84,20,0,172,0,0,25,0,25,68,84,45,0,197,0,0,0,197
03/31/2013,RIC,VA,AEA,EN,Towers with Radar,70,103,12,0,185,0,0,2,0,2,70,103,14,0,187,0,0,0,187
04/01/2013,RIC,VA,AEA,EN,Towers with Radar,89,120,32,10,251,0,1,20,8,29,89,121,52,18,280,4,24,28,308
04/02/2013,RIC,VA,AEA,EN,Towers with Radar,89,113,60,12,274,0,1,21,10,32,89,114,81,22,306,4,6,10,316
04/03/2013,RIC,VA,AEA,EN,Towers with Radar,82,108,49,3,242,0,3,36,7,46,82,111,85,10,288,6,0,6,294
04/04/2013,RIC,VA,AEA,EN,Towers with Radar,96,106,50,4,256,0,0,30,10,40,96,106,80,14,296,10,8,18,314
04/05/2013,RIC,VA,AEA,EN,Towers with Radar,87,115,50,7,259,0,0,21,11,32,87,115,71,18,291,0,27,27,318
04/06/2013,RIC,VA,AEA,EN,Towers with Radar,57,85,25,6,173,0,0,36,10,46,57,85,61,16,219,0,9,9,228
04/07/2013,RIC,VA,AEA,EN,Towers with Radar,84,95,36,4,219,0,0,31,2,33,84,95,67,6,252,8,2,10,262
04/08/2013,RIC,VA,AEA,EN,Towers with Radar,87,109,50,3,249,0,2,34,8,44,87,111,84,11,293,0,0,0,293
04/09/2013,RIC,VA,AEA,EN,Towers with Radar,86,107,40,23,256,0,0,35,3,38,86,107,75,26,294,0,8,8,302
04/10/2013,RIC,VA,AEA,EN,Towers with Radar,84,88,66,6,244,0,0,35,22,57,84,88,101,28,301,2,0,2,303
04/11/2013,RIC,VA,AEA,EN,Towers with Radar,98,105,71,8,282,0,1,29,10,40,98,106,100,18,322,6,14,20,342
04/12/2013,RIC,VA,AEA,EN,Towers with Radar,83,117,34,10,244,0,0,9,11,20,83,117,43,21,264,0,0,0,264
04/13/2013,RIC,VA,AEA,EN,Towers with Radar,54,87,45,2,188,0,2,32,22,56,54,89,77,24,244,10,0,10,254
04/14/2013,RIC,VA,AEA,EN,Towers with Radar,74,110,47,17,248,0,0,30,0,30,74,110,77,17,278,6,0,6,284
04/15/2013,RIC,VA,AEA,EN,Towers with Radar,87,109,37,2,235,0,0,20,0,20,87,109,57,2,255,6,8,14,269
04/16/2013,RIC,VA,AEA,EN,Towers with Radar,85,114,66,12,277,0,0,27,1,28,85,114,93,13,305,4,0,4,309
04/17/2013,RIC,VA,AEA,EN,Towers with Radar,87,106,33,5,231,0,0,56,17,73,87,106,89,22,304,0,22,22,326
04/18/2013,RIC,VA,AEA,EN,Towers with Radar,87,110,36,17,250,0,3,25,25,53,87,113,61,42,303,40,22,62,365
04/19/2013,RIC,VA,AEA,EN,Towers with Radar,83,111,34,25,253,0,0,5,2,7,83,111,39,27,260,4,4,8,268
04/20/2013,RIC,VA,AEA,EN,Towers with Radar,52,86,29,2,169,0,0,11,0,11,52,86,40,2,180,0,0,0,180
04/21/2013,RIC,VA,AEA,EN,Towers with Radar,74,103,45,0,222,0,2,18,0,20,74,105,63,0,242,0,0,0,242
04/22/2013,RIC,VA,AEA,EN,Towers with Radar,81,104,46,2,233,0,0,14,5,19,81,104,60,7,252,0,0,0,252
04/23/2013,RIC,VA,AEA,EN,Towers with Radar,86,101,72,19,278,0,1,19,8,28,86,102,91,27,306,0,0,0,306
04/24/2013,RIC,VA,AEA,EN,Towers with Radar,88,104,63,5,260,0,2,25,13,40,88,106,88,18,300,0,0,0,300
04/25/2013,RIC,VA,AEA,EN,Towers with Radar,88,124,84,26,322,0,1,24,16,41,88,125,108,42,363,0,34,34,397
04/26/2013,RIC,VA,AEA,EN,Towers with Radar,90,125,77,11,303,0,3,44,4,51,90,128,121,15,354,0,0,0,354
04/27/2013,RIC,VA,AEA,EN,Towers with Radar,59,93,65,2,219,0,3,116,3,122,59,96,181,5,341,2,0,2,343
04/28/2013,RIC,VA,AEA,EN,Towers with Radar,66,118,71,4,259,0,2,34,0,36,66,120,105,4,295,0,0,0,295
04/29/2013,RIC,VA,AEA,EN,Towers with Radar,79,112,49,13,253,0,0,0,0,0,79,112,49,13,253,0,0,0,253
04/30/2013,RIC,VA,AEA,EN,Towers with Radar,86,114,57,5,262,0,0,1,0,1,86,114,58,5,263,0,0,0,263
05/01/2013,RIC,VA,AEA,EN,Towers with Radar,94,131,41,7,273,0,3,17,7,27,94,134,58,14,300,26,0,26,326
05/02/2013,RIC,VA,AEA,EN,Towers with Radar,85,119,57,12,273,0,4,24,15,43,85,123,81,27,316,0,14,14,330
05/03/2013,RIC,VA,AEA,EN,Towers with Radar,83,108,56,13,260,0,1,24,15,40,83,109,80,28,300,14,0,14,314
05/04/2013,RIC,VA,AEA,EN,Towers with Radar,57,88,21,4,170,0,4,20,4,28,57,92,41,8,198,0,0,0,198
05/05/2013,RIC,VA,AEA,EN,Towers with Radar,73,105,22,7,207,0,0,14,3,17,73,105,36,10,224,10,0,10,234
05/06/2013,RIC,VA,AEA,EN,Towers with Radar,77,107,42,14,240,0,1,4,2,7,77,108,46,16,247,0,0,0,247
05/07/2013,RIC,VA,AEA,EN,Towers with Radar,85,107,47,14,253,0,1,2,1,4,85,108,49,15,257,0,8,8,265
05/08/2013,RIC,VA,AEA,EN,Towers with Radar,100,133,37,5,275,0,0,18,4,22,100,133,55,9,297,0,8,8,305
05/09/2013,RIC,VA,AEA,EN,Towers with Radar,87,128,55,4,274,0,0,40,15,55,87,128,95,19,329,25,27,52,381
05/10/2013,RIC,VA,AEA,EN,Towers with Radar,92,120,36,5,253,0,2,34,17,53,92,122,70,22,306,0,16,16,322
05/11/2013,RIC,VA,AEA,EN,Towers with Radar,63,88,25,1,177,0,4,11,0,15,63,92,36,1,192,0,0,0,192
05/12/2013,RIC,VA,AEA,EN,Towers with Radar,70,101,20,0,191,0,2,11,0,13,70,103,31,0,204,0,0,0,204
05/13/2013,RIC,VA,AEA,EN,Towers with Radar,85,124,43,4,256,0,2,40,4,46,85,126,83,8,302,0,0,0,302
05/14/2013,RIC,VA,AEA,EN,Towers with Radar,90,118,55,11,274,0,2,33,8,43,90,120,88,19,317,24,20,44,361
05/15/2013,RIC,VA,AEA,EN,Towers with Radar,95,114,45,13,267,0,2,31,23,56,95,116,76,36,323,0,2,2,325
05/16/2013,RIC,VA,AEA,EN,Towers with Radar,84,119,56,10,269,0,1,32,10,43,84,120,88,20,312,2,4,6,318
05/17/2013,RIC,VA,AEA,EN,Towers with Radar,92,124,35,13,264,0,1,21,3,25,92,125,56,16,289,0,0,0,289
05/18/2013,RIC,VA,AEA,EN,Towers with Radar,58,81,33,6,178,0,0,2,0,2,58,81,35,6,180,0,0,0,180
05/19/2013,RIC,VA,AEA,EN,Towers with Radar,74,101,25,4,204,1,0,0,0,1,75,101,25,4,205,0,0,0,205
05/20/2013,RIC,VA,AEA,EN,Towers with Radar,76,106,22,3,207,0,1,3,0,4,76,107,25,3,211,0,0,0,211
05/21/2013,RIC,VA,AEA,EN,Towers with Radar,86,110,44,2,242,0,1,9,11,21,86,111,53,13,263,0,0,0,263
05/22/2013,RIC,VA,AEA,EN,Towers with Radar,87,98,64,3,252,0,2,25,1,28,87,100,89,4,280,0,0,0,280
05/23/2013,RIC,VA,AEA,EN,Towers with Radar,87,102,43,9,241,0,2,10,15,27,87,104,53,24,268,6,28,34,302
05/24/2013,RIC,VA,AEA,EN,Towers with Radar,92,120,59,15,286,0,0,10,2,12,92,120,69,17,298,6,8,14,312
05/25/2013,RIC,VA,AEA,EN,Towers with Radar,55,84,25,0,164,0,0,10,0,10,55,84,35,0,174,0,0,0,174
05/26/2013,RIC,VA,AEA,EN,Towers with Radar,56,70,20,0,146,0,0,13,0,13,56,70,33,0,159,0,0,0,159
05/27/2013,RIC,VA,AEA,EN,Towers with Radar,79,89,28,0,196,0,5,20,2,27,79,94,48,2,223,0,0,0,223
05/28/2013,RIC,VA,AEA,EN,Towers with Radar,91,110,48,16,265,0,5,17,10,32,91,115,65,26,297,0,0,0,297
05/29/2013,RIC,VA,AEA,EN,Towers with Radar,96,119,44,11,270,0,2,39,14,55,96,121,83,25,325,1,5,6,331
05/30/2013,RIC,VA,AEA,EN,Towers with Radar,92,111,57,23,283,1,2,30,19,52,93,113,87,42,335,6,14,20,355
05/31/2013,RIC,VA,AEA,EN,Towers with Radar,89,113,59,9,270,0,2,27,3,32,89,115,86,12,302,0,0,0,302
06/01/2013,RIC,VA,AEA,EN,Towers with Radar,59,82,25,2,168,0,0,25,8,33,59,82,50,10,201,0,0,0,201
06/02/2013,RIC,VA,AEA,EN,Towers with Radar,64,86,33,0,183,0,0,3,6,9,64,86,36,6,192,0,0,0,192
06/03/2013,RIC,VA,AEA,EN,Towers with Radar,84,121,52,9,266,0,0,3,16,19,84,121,55,25,285,0,44,44,329
06/04/2013,RIC,VA,AEA,EN,Towers with Radar,91,104,52,18,265,0,2,36,10,48,91,106,88,28,313,0,0,0,313
06/05/2013,RIC,VA,AEA,EN,Towers with Radar,84,113,63,18,278,0,2,34,23,59,84,115,97,41,337,0,20,20,357
06/06/2013,RIC,VA,AEA,EN,Towers with Radar,93,123,45,14,275,0,0,14,12,26,93,123,59,26,301,0,4,4,305
06/07/2013,RIC,VA,AEA,EN,Towers with Radar,79,115,16,4,214,0,0,0,0,0,79,115,16,4,214,0,0,0,214
06/08/2013,RIC,VA,AEA,EN,Towers with Radar,64,88,24,3,179,0,0,6,18,24,64,88,30,21,203,8,8,16,219
06/09/2013,RIC,VA,AEA,EN,Towers with Radar,66,106,32,4,208,0,0,18,24,42,66,106,50,28,250,4,36,40,290
06/10/2013,RIC,VA,AEA,EN,Towers with Radar,91,105,33,0,229,0,1,5,1,7,91,106,38,1,236,0,45,45,281
06/11/2013,RIC,VA,AEA,EN,Towers with Radar,96,113,54,7,270,0,1,30,43,74,96,114,84,50,344,8,0,8,352
06/12/2013,RIC,VA,AEA,EN,Towers with Radar,104,115,52,6,277,0,2,25,29,56,104,117,77,35,333,0,29,29,362
06/13/2013,RIC,VA,AEA,EN,Towers with Radar,99,99,27,0,225,0,0,13,2,15,99,99,40,2,240,14,0,14,254
06/14/2013,RIC,VA,AEA,EN,Towers with Radar,102,118,44,16,280,0,3,41,25,69,102,121,85,41,349,24,12,36,385
06/15/2013,RIC,VA,AEA,EN,Towers with Radar,93,86,44,3,226,0,6,12,11,29,93,92,56,14,255,22,0,22,277
06/16/2013,RIC,VA,AEA,EN,Towers with Radar,88,109,21,0,218,0,4,11,0,15,88,113,32,0,233,0,0,0,233
06/17/2013,RIC,VA,AEA,EN,Towers with Radar,89,113,54,6,262,0,2,18,4,24,89,115,72,10,286,2,8,10,296
06/18/2013,RIC,VA,AEA,EN,Towers with Radar,98,106,47,4,255,0,0,1,2,3,98,106,48,6,258,0,0,0,258
06/19/2013,RIC,VA,AEA,EN,Towers with Radar,98,110,61,8,277,0,3,24,14,41,98,113,85,22,318,4,8,12,330
06/20/2013,RIC,VA,AEA,EN,Towers with Radar,102,118,61,27,308,0,1,28,3,32,102,119,89,30,340,0,0,0,340
06/21/2013,RIC,VA,AEA,EN,Towers with Radar,97,112,53,11,273,0,5,19,6,30,97,117,72,17,303,2,12,14,317
06/22/2013,RIC,VA,AEA,EN,Towers with Radar,64,90,19,3,176,0,0,12,3,15,64,90,31,6,191,0,14,14,205
06/23/2013,RIC,VA,AEA,EN,Towers with Radar,75,107,24,0,206,0,1,4,1,6,75,108,28,1,212,0,0,0,212
06/24/2013,RIC,VA,AEA,EN,Towers with Radar,94,103,56,2,255,0,0,22,6,28,94,103,78,8,283,22,6,28,311
06/25/2013,RIC,VA,AEA,EN,Towers with Radar,106,125,39,16,286,0,0,35,9,44,106,125,74,25,330,0,12,12,342
06/26/2013,RIC,VA,AEA,EN,Towers with Radar,90,115,47,12,264,0,1,27,10,38,90,116,74,22,302,12,3,15,317
06/27/2013,RIC,VA,AEA,EN,Towers with Radar,95,107,52,18,272,0,0,7,2,9,95,107,59,20,281,3,14,17,298
06/28/2013,RIC,VA,AEA,EN,Towers with Radar,122,107,48,10,287,0,0,33,6,39,122,107,81,16,326,6,8,14,340
06/29/2013,RIC,VA,AEA,EN,Towers with Radar,74,93,24,2,193,0,0,32,0,32,74,93,56,2,225,4,0,4,229
06/30/2013,RIC,VA,AEA,EN,Towers with Radar,81,99,23,4,207,0,0,3,0,3,81,99,26,4,210,2,0,2,212
07/01/2013,RIC,VA,AEA,EN,Towers with Radar,81,102,29,8,220,0,1,7,4,12,81,103,36,12,232,0,0,0,232
07/02/2013,RIC,VA,AEA,EN,Towers with Radar,81,110,24,7,222,0,0,5,0,5,81,110,29,7,227,0,0,0,227
07/03/2013,RIC,VA,AEA,EN,Towers with Radar,84,111,39,15,249,0,0,15,16,31,84,111,54,31,280,8,0,8,288
07/04/2013,RIC,VA,AEA,EN,Towers with Radar,62,67,10,0,139,0,2,14,0,16,62,69,24,0,155,14,0,14,169
07/05/2013,RIC,VA,AEA,EN,Towers with Radar,79,72,24,0,175,0,0,26,0,26,79,72,50,0,201,2,0,2,203
07/06/2013,RIC,VA,AEA,EN,Towers with Radar,76,82,23,0,181,0,5,28,0,33,76,87,51,0,214,0,0,0,214
07/07/2013,RIC,VA,AEA,EN,Towers with Radar,86,103,36,0,225,0,5,14,0,19,86,108,50,0,244,0,0,0,244
07/08/2013,RIC,VA,AEA,EN,Towers with Radar,83,103,39,3,228,0,4,16,5,25,83,107,55,8,253,0,0,0,253
07/09/2013,RIC,VA,AEA,EN,Towers with Radar,92,105,60,21,278,0,0,24,19,43,92,105,84,40,321,18,26,44,365
07/10/2013,RIC,VA,AEA,EN,Towers with Radar,79,93,42,20,234,0,0,9,13,22,79,93,51,33,256,0,4,4,260
07/11/2013,RIC,VA,AEA,EN,Towers with Radar,98,118,50,4,270,0,1,11,17,29,98,119,61,21,299,0,38,38,337
07/12/2013,RIC,VA,AEA,EN,Towers with Radar,95,118,50,10,273,0,2,0,7,9,95,120,50,17,282,0,4,4,286
07/13/2013,RIC,VA,AEA,EN,Towers with Radar,65,91,39,1,196,0,0,5,3,8,65,91,44,4,204,0,0,0,204
07/14/2013,RIC,VA,AEA,EN,Towers with Radar,78,114,19,1,212,0,0,16,0,16,78,114,35,1,228,0,0,0,228
07/15/2013,RIC,VA,AEA,EN,Towers with Radar,88,102,39,9,238,0,0,27,13,40,88,102,66,22,278,14,0,14,292
07/16/2013,RIC,VA,AEA,EN,Towers with Radar,98,116,52,4,270,0,1,35,18,54,98,117,87,22,324,18,12,30,354
07/17/2013,RIC,VA,AEA,EN,Towers with Radar,92,119,51,17,279,0,0,34,23,57,92,119,85,40,336,6,10,16,352
07/18/2013,RIC,VA,AEA,EN,Towers with Radar,101,119,46,5,271,0,0,29,37,66,101,119,75,42,337,32,22,54,391
07/19/2013,RIC,VA,AEA,EN,Towers with Radar,95,122,40,3,260,0,2,39,16,57,95,124,79,19,317,8,0,8,325
07/20/2013,RIC,VA,AEA,EN,Towers with Radar,62,84,17,0,163,0,0,22,6,28,62,84,39,6,191,0,0,0,191
07/21/2013,RIC,VA,AEA,EN,Towers with Radar,76,106,24,2,208,0,1,9,14,24,76,107,33,16,232,0,0,0,232
07/22/2013,RIC,VA,AEA,EN,Towers with Radar,95,108,33,7,243,3,0,19,5,27,98,108,52,12,270,0,2,2,272
07/23/2013,RIC,VA,AEA,EN,Towers with Radar,107,106,61,4,278,0,0,27,4,31,107,106,88,8,309,32,2,34,343
07/24/2013,RIC,VA,AEA,EN,Towers with Radar,92,108,44,9,253,0,2,40,12,54,92,110,84,21,307,31,5,36,343
07/25/2013,RIC,VA,AEA,EN,Towers with Radar,98,100,60,7,265,0,0,23,26,49,98,100,83,33,314,0,14,14,328
07/26/2013,RIC,VA,AEA,EN,Towers with Radar,84,113,42,9,248,0,1,33,2,36,84,114,75,11,284,2,2,4,288
07/27/2013,RIC,VA,AEA,EN,Towers with Radar,73,82,19,0,174,0,1,17,6,24,73,83,36,6,198,0,4,4,202
07/28/2013,RIC,VA,AEA,EN,Towers with Radar,73,103,35,2,213,0,0,10,0,10,73,103,45,2,223,8,0,8,231
07/29/2013,RIC,VA,AEA,EN,Towers with Radar,87,105,45,1,238,0,2,24,13,39,87,107,69,14,277,8,0,8,285
07/30/2013,RIC,VA,AEA,EN,Towers with Radar,90,114,31,10,245,0,1,30,11,42,90,115,61,21,287,2,2,4,291
07/31/2013,RIC,VA,AEA,EN,Towers with Radar,90,107,30,5,232,0,0,21,16,37,90,107,51,21,269,16,33,49,318
08/01/2013,RIC,VA,AEA,EN,Towers with Radar,93,114,38,14,259,0,0,1,1,2,93,114,39,15,261,0,0,0,261
08/02/2013,RIC,VA,AEA,EN,Towers with Radar,91,114,33,7,245,0,4,36,5,45,91,118,69,12,290,0,8,8,298
08/03/2013,RIC,VA,AEA,EN,Towers with Radar,76,87,21,0,184,1,0,14,4,19,77,87,35,4,203,2,0,2,205
08/04/2013,RIC,VA,AEA,EN,Towers with Radar,77,105,17,0,199,0,0,10,1,11,77,105,27,1,210,0,0,0,210
08/05/2013,RIC,VA,AEA,EN,Towers with Radar,92,106,43,3,244,0,0,26,5,31,92,106,69,8,275,12,0,12,287
08/06/2013,RIC,VA,AEA,EN,Towers with Radar,100,105,45,6,256,0,1,8,1,10,100,106,53,7,266,0,0,0,266
08/07/2013,RIC,VA,AEA,EN,Towers with Radar,97,119,49,8,273,0,0,40,15,55,97,119,89,23,328,2,2,4,332
08/08/2013,RIC,VA,AEA,EN,Towers with Radar,96,109,40,9,254,0,0,22,7,29,96,109,62,16,283,0,2,2,285
08/09/2013,RIC,VA,AEA,EN,Towers with Radar,100,108,28,2,238,0,0,22,0,22,100,108,50,2,260,0,0,0,260
08/10/2013,RIC,VA,AEA,EN,Towers with Radar,75,81,24,0,180,0,0,12,2,14,75,81,36,2,194,0,0,0,194
08/11/2013,RIC,VA,AEA,EN,Towers with Radar,81,110,24,0,215,0,0,0,0,0,81,110,24,0,215,0,0,0,215
08/12/2013,RIC,VA,AEA,EN,Towers with Radar,88,101,32,8,229,0,5,12,7,24,88,106,44,15,253,6,2,8,261
08/13/2013,RIC,VA,AEA,EN,Towers with Radar,106,110,45,3,264,0,0,22,4,26,106,110,67,7,290,2,0,2,292
08/14/2013,RIC,VA,AEA,EN,Towers with Radar,99,103,36,4,242,0,3,31,20,54,99,106,67,24,296,0,28,28,324
08/15/2013,RIC,VA,AEA,EN,Towers with Radar,96,109,53,6,264,0,1,31,1,33,96,110,84,7,297,0,34,34,331
08/16/2013,RIC,VA,AEA,EN,Towers with Radar,95,115,44,11,265,6,0,17,9,32,101,115,61,20,297,0,19,19,316
08/17/2013,RIC,VA,AEA,EN,Towers with Radar,78,76,24,0,178,0,5,18,4,27,78,81,42,4,205,0,20,20,225
08/18/2013,RIC,VA,AEA,EN,Towers with Radar,80,108,25,8,221,0,0,0,0,0,80,108,25,8,221,0,0,0,221
08/19/2013,RIC,VA,AEA,EN,Towers with Radar,88,104,46,47,285,0,1,3,2,6,88,105,49,49,291,16,0,16,307
08/20/2013,RIC,VA,AEA,EN,Towers with Radar,98,114,66,23,301,0,0,27,3,30,98,114,93,26,331,2,0,2,333
08/21/2013,RIC,VA,AEA,EN,Towers with Radar,95,104,51,2,252,0,0,29,8,37,95,104,80,10,289,6,21,27,316
08/22/2013,RIC,VA,AEA,EN,Towers with Radar,84,114,53,8,259,0,2,36,9,47,84,116,89,17,306,20,0,20,326
08/23/2013,RIC,VA,AEA,EN,Towers with Radar,89,112,38,4,243,1,0,35,1,37,90,112,73,5,280,0,0,0,280
08/24/2013,RIC,VA,AEA,EN,Towers with Radar,74,73,19,4,170,0,0,13,0,13,74,73,32,4,183,14,0,14,197
08/25/2013,RIC,VA,AEA,EN,Towers with Radar,72,103,18,5,198,0,5,13,0,18,72,108,31,5,216,4,0,4,220
08/26/2013,RIC,VA,AEA,EN,Towers with Radar,80,107,48,0,235,0,3,27,6,36,80,110,75,6,271,12,0,12,283
08/27/2013,RIC,VA,AEA,EN,Towers with Radar,98,90,37,8,233,0,3,40,5,48,98,93,77,13,281,18,0,18,299
08/28/2013,RIC,VA,AEA,EN,Towers with Radar,98,96,39,1,234,0,0,9,4,13,98,96,48,5,247,3,26,29,276
08/29/2013,RIC,VA,AEA,EN,Towers with Radar,107,105,43,1,256,0,0,11,13,24,107,105,54,14,280,20,18,38,318
08/30/2013,RIC,VA,AEA,EN,Towers with Radar,97,103,47,5,252,0,2,26,10,38,97,105,73,15,290,8,0,8,298
08/31/2013,RIC,VA,AEA,EN,Towers with Radar,64,71,24,4,163,0,5,23,0,28,64,76,47,4,191,12,0,12,203
09/01/2013,RIC,VA,AEA,EN,Towers with Radar,57,58,12,0,127,0,1,4,0,5,57,59,16,0,132,0,0,0,132
09/02/2013,RIC,VA,AEA,EN,Towers with Radar,80,77,24,0,181,0,2,16,0,18,80,79,40,0,199,12,0,12,211
09/03/2013,RIC,VA,AEA,EN,Towers with Radar,85,89,30,6,210,0,2,16,16,34,85,91,46,22,244,40,0,40,284
09/04/2013,RIC,VA,AEA,EN,Towers with Radar,95,100,26,3,224,0,1,38,30,69,95,101,64,33,293,6,6,12,305
09/05/2013,RIC,VA,AEA,EN,Towers with Radar,103,98,89,3,293,6,6,39,24,75,109,104,128,27,368,22,5,27,395
09/06/2013,RIC,VA,AEA,EN,Towers with Radar,107,95,63,3,268,0,6,58,6,70,107,101,121,9,338,8,0,8,346
09/07/2013,RIC,VA,AEA,EN,Towers with Radar,56,79,75,1,211,0,3,163,8,174,56,82,238,9,385,0,0,0,385
09/08/2013,RIC,VA,AEA,EN,Towers with Radar,78,96,75,0,249,0,0,31,0,31,78,96,106,0,280,2,0,2,282
09/09/2013,RIC,VA,AEA,EN,Towers with Radar,83,91,40,2,216,0,0,14,1,15,83,91,54,3,231,28,0,28,259
09/10/2013,RIC,VA,AEA,EN,Towers with Radar,90,93,49,4,236,0,1,29,13,43,90,94,78,17,279,2,0,2,281
09/11/2013,RIC,VA,AEA,EN,Towers with Radar,86,102,49,0,237,0,4,36,25,65,86,106,85,25,302,8,6,14,316
09/12/2013,RIC,VA,AEA,EN,Towers with Radar,112,108,52,11,283,0,9,32,20,61,112,117,84,31,344,8,16,24,368
09/13/2013,RIC,VA,AEA,EN,Towers with Radar,92,100,42,9,243,0,3,30,6,39,92,103,72,15,282,0,0,0,282
09/14/2013,RIC,VA,AEA,EN,Towers with Radar,63,78,21,1,163,0,3,12,0,15,63,81,33,1,178,6,0,6,184
09/15/2013,RIC,VA,AEA,EN,Towers with Radar,82,98,28,14,222,0,0,19,20,39,82,98,47,34,261,0,14,14,275
09/16/2013,RIC,VA,AEA,EN,Towers with Radar,86,99,32,1,218,0,2,19,3,24,86,101,51,4,242,0,0,0,242
09/17/2013,RIC,VA,AEA,EN,Towers with Radar,85,98,47,5,235,0,0,19,14,33,85,98,66,19,268,0,0,0,268
09/18/2013,RIC,VA,AEA,EN,Towers with Radar,84,100,42,3,229,0,5,49,13,67,84,105,91,16,296,0,30,30,326
09/19/2013,RIC,VA,AEA,EN,Towers with Radar,106,93,48,9,256,0,1,22,6,29,106,94,70,15,285,1,4,5,290
09/20/2013,RIC,VA,AEA,EN,Towers with Radar,89,103,45,3,240,0,2,44,18,64,89,105,89,21,304,6,2,8,312
09/21/2013,RIC,VA,AEA,EN,Towers with Radar,64,79,13,1,157,0,1,9,1,11,64,80,22,2,168,0,0,0,168
09/22/2013,RIC,VA,AEA,EN,Towers with Radar,79,97,25,3,204,0,0,12,2,14,79,97,37,5,218,26,0,26,244
09/23/2013,RIC,VA,AEA,EN,Towers with Radar,87,97,38,7,229,0,3,28,0,31,87,100,66,7,260,0,0,0,260
09/24/2013,RIC,VA,AEA,EN,Towers with Radar,90,96,42,9,237,0,1,32,0,33,90,97,74,9,270,18,0,18,288
09/25/2013,RIC,VA,AEA,EN,Towers with Radar,88,101,36,1,226,0,3,34,5,42,88,104,70,6,268,0,3,3,271
09/26/2013,RIC,VA,AEA,EN,Towers with Radar,93,104,75,16,288,2,2,33,32,69,95,106,108,48,357,0,13,13,370
09/27/2013,RIC,VA,AEA,EN,Towers with Radar,100,108,71,11,290,0,7,19,16,42,100,115,90,27,332,0,11,11,343
09/28/2013,RIC,VA,AEA,EN,Towers with Radar,58,73,37,0,168,0,6,18,1,25,58,79,55,1,193,0,0,0,193
09/29/2013,RIC,VA,AEA,EN,Towers with Radar,78,110,35,1,224,0,0,14,0,14,78,110,49,1,238,0,0,0,238
09/30/2013,RIC,VA,AEA,EN,Towers with Radar,80,95,30,2,207,0,2,26,2,30,80,97,56,4,237,2,0,2,239
10/01/2013,RIC,VA,AEA,EN,Towers with Radar,92,92,49,8,241,0,4,23,3,30,92,96,72,11,271,8,2,10,281
10/02/2013,RIC,VA,AEA,EN,Towers with Radar,93,98,38,2,231,0,4,17,0,21,93,102,55,2,252,0,0,0,252
10/03/2013,RIC,VA,AEA,EN,Towers with Radar,97,102,39,8,246,0,3,22,0,25,97,105,61,8,271,0,0,0,271
10/04/2013,RIC,VA,AEA,EN,Towers with Radar,99,107,39,13,258,0,4,42,0,46,99,111,81,13,304,0,0,0,304
10/05/2013,RIC,VA,AEA,EN,Towers with Radar,50,79,21,0,150,0,5,16,0,21,50,84,37,0,171,0,0,0,171
10/06/2013,RIC,VA,AEA,EN,Towers with Radar,80,96,17,0,193,0,5,13,0,18,80,101,30,0,211,0,0,0,211
10/07/2013,RIC,VA,AEA,EN,Towers with Radar,85,98,25,2,210,0,1,1,2,4,85,99,26,4,214,0,6,6,220
10/08/2013,RIC,VA,AEA,EN,Towers with Radar,90,94,37,13,234,0,1,18,1,20,90,95,55,14,254,18,0,18,272
10/09/2013,RIC,VA,AEA,EN,Towers with Radar,94,103,51,0,248,0,5,8,1,14,94,108,59,1,262,0,0,0,262
10/10/2013,RIC,VA,AEA,EN,Towers with Radar,96,109,34,0,239,0,0,0,0,0,96,109,34,0,239,0,0,0,239
10/11/2013,RIC,VA,AEA,EN,Towers with Radar,95,112,47,6,260,0,0,0,0,0,95,112,47,6,260,0,0,0,260
10/12/2013,RIC,VA,AEA,EN,Towers with Radar,56,68,25,0,149,0,0,0,0,0,56,68,25,0,149,0,0,0,149
10/13/2013,RIC,VA,AEA,EN,Towers with Radar,73,92,17,1,183,0,0,0,0,0,73,92,17,1,183,0,0,0,183
10/14/2013,RIC,VA,AEA,EN,Towers with Radar,92,95,54,0,241,0,0,17,1,18,92,95,71,1,259,0,0,0,259
10/15/2013,RIC,VA,AEA,EN,Towers with Radar,92,93,47,8,240,0,0,11,0,11,92,93,58,8,251,0,0,0,251
10/16/2013,RIC,VA,AEA,EN,Towers with Radar,98,100,47,9,254,0,2,7,0,9,98,102,54,9,263,0,0,0,263
10/17/2013,RIC,VA,AEA,EN,Towers with Radar,97,112,72,1,282,0,1,18,1,20,97,113,90,2,302,0,0,0,302
10/18/2013,RIC,VA,AEA,EN,Towers with Radar,104,113,45,2,264,0,2,34,9,45,104,115,79,11,309,15,1,16,325
10/19/2013,RIC,VA,AEA,EN,Towers with Radar,62,75,11,0,148,0,3,6,1,10,62,78,17,1,158,2,0,2,160
10/20/2013,RIC,VA,AEA,EN,Towers with Radar,89,100,26,2,217,0,2,10,0,12,89,102,36,2,229,0,0,0,229
10/21/2013,RIC,VA,AEA,EN,Towers with Radar,85,95,41,7,228,0,6,18,9,33,85,101,59,16,261,8,0,8,269
10/22/2013,RIC,VA,AEA,EN,Towers with Radar,92,99,49,3,243,0,3,32,5,40,92,102,81,8,283,0,0,0,283
10/23/2013,RIC,VA,AEA,EN,Towers with Radar,98,105,59,8,270,0,2,27,3,32,98,107,86,11,302,12,0,12,314
10/24/2013,RIC,VA,AEA,EN,Towers with Radar,92,103,55,4,254,0,1,35,14,50,92,104,90,18,304,6,0,6,310
10/25/2013,RIC,VA,AEA,EN,Towers with Radar,92,99,46,3,240,0,8,63,8,79,92,107,109,11,319,0,17,17,336
10/26/2013,RIC,VA,AEA,EN,Towers with Radar,53,68,20,0,141,0,0,33,2,35,53,68,53,2,176,17,3,20,196
10/27/2013,RIC,VA,AEA,EN,Towers with Radar,78,103,25,0,206,0,10,27,0,37,78,113,52,0,243,0,0,0,243
10/28/2013,RIC,VA,AEA,EN,Towers with Radar,90,90,34,2,216,0,1,28,0,29,90,91,62,2,245,0,0,0,245
10/29/2013,RIC,VA,AEA,EN,Towers with Radar,91,95,52,5,243,0,2,33,17,52,91,97,85,22,295,13,0,13,308
10/30/2013,RIC,VA,AEA,EN,Towers with Radar,94,97,57,6,254,0,4,133,30,167,94,101,190,36,421,10,2,12,433
10/31/2013,RIC,VA,AEA,EN,Towers with Radar,95,89,61,3,248,0,2,23,8,33,95,91,84,11,281,0,2,2,283
11/01/2013,RIC,VA,AEA,EN,Towers with Radar,102,105,31,7,245,0,0,1,0,1,102,105,32,7,246,0,0,0,246
11/02/2013,RIC,VA,AEA,EN,Towers with Radar,61,79,32,0,172,0,2,31,0,33,61,81,63,0,205,0,0,0,205
11/03/2013,RIC,VA,AEA,EN,Towers with Radar,85,95,46,0,226,0,0,18,9,27,85,95,64,9,253,2,0,2,255
11/04/2013,RIC,VA,AEA,EN,Towers with Radar,96,94,51,3,244,0,3,28,0,31,96,97,79,3,275,0,0,0,275
11/05/2013,RIC,VA,AEA,EN,Towers with Radar,100,93,54,17,264,0,3,16,14,33,100,96,70,31,297,0,6,6,303
11/06/2013,RIC,VA,AEA,EN,Towers with Radar,96,94,51,6,247,0,3,30,2,35,96,97,81,8,282,0,0,0,282
11/07/2013,RIC,VA,AEA,EN,Towers with Radar,109,97,42,11,259,0,1,11,10,22,109,98,53,21,281,0,24,24,305
11/08/2013,RIC,VA,AEA,EN,Towers with Radar,105,104,44,10,263,0,3,32,3,38,105,107,76,13,301,0,1,1,302
11/09/2013,RIC,VA,AEA,EN,Towers with Radar,64,68,33,0,165,0,0,24,0,24,64,68,57,0,189,18,0,18,207
11/10/2013,RIC,VA,AEA,EN,Towers with Radar,87,91,29,1,208,0,2,21,0,23,87,93,50,1,231,10,0,10,241
11/11/2013,RIC,VA,AEA,EN,Towers with Radar,87,89,31,1,208,0,1,27,0,28,87,90,58,1,236,4,0,4,240
11/12/2013,RIC,VA,AEA,EN,Towers with Radar,94,99,44,10,247,0,0,3,3,6,94,99,47,13,253,0,0,0,253
11/13/2013,RIC,VA,AEA,EN,Towers with Radar,98,98,38,3,237,0,0,17,1,18,98,98,55,4,255,0,0,0,255
11/14/2013,RIC,VA,AEA,EN,Towers with Radar,107,94,54,13,268,0,3,43,22,68,107,97,97,35,336,12,24,36,372
11/15/2013,RIC,VA,AEA,EN,Towers with Radar,97,107,33,4,241,0,0,33,13,46,97,107,66,17,287,6,2,8,295
11/16/2013,RIC,VA,AEA,EN,Towers with Radar,66,70,21,0,157,0,1,0,0,1,66,71,21,0,158,0,0,0,158
11/17/2013,RIC,VA,AEA,EN,Towers with Radar,86,81,28,0,195,0,1,7,1,9,86,82,35,1,204,0,0,0,204
11/18/2013,RIC,VA,AEA,EN,Towers with Radar,87,96,47,5,235,0,4,31,7,42,87,100,78,12,277,10,0,10,287
11/19/2013,RIC,VA,AEA,EN,Towers with Radar,96,99,47,6,248,0,0,36,8,44,96,99,83,14,292,0,4,4,296
11/20/2013,RIC,VA,AEA,EN,Towers with Radar,96,99,54,22,271,1,0,38,6,45,97,99,92,28,316,0,0,0,316
11/21/2013,RIC,VA,AEA,EN,Towers with Radar,98,101,56,27,282,0,1,31,9,41,98,102,87,36,323,22,7,29,352
11/22/2013,RIC,VA,AEA,EN,Towers with Radar,101,106,52,21,280,0,1,27,11,39,101,107,79,32,319,4,0,4,323
11/23/2013,RIC,VA,AEA,EN,Towers with Radar,62,71,21,3,157,0,7,20,1,28,62,78,41,4,185,6,2,8,193
11/24/2013,RIC,VA,AEA,EN,Towers with Radar,74,91,18,0,183,0,0,5,0,5,74,91,23,0,188,0,0,0,188
11/25/2013,RIC,VA,AEA,EN,Towers with Radar,85,88,49,14,236,0,0,31,10,41,85,88,80,24,277,20,4,24,301
11/26/2013,RIC,VA,AEA,EN,Towers with Radar,104,106,40,2,252,0,5,1,0,6,104,111,41,2,258,0,0,0,258
11/27/2013,RIC,VA,AEA,EN,Towers with Radar,111,95,23,1,230,0,0,5,1,6,111,95,28,2,236,0,0,0,236
11/28/2013,RIC,VA,AEA,EN,Towers with Radar,53,46,5,0,104,0,3,3,0,6,53,49,8,0,110,0,0,0,110
11/29/2013,RIC,VA,AEA,EN,Towers with Radar,75,41,14,0,130,0,1,20,0,21,75,42,34,0,151,0,0,0,151
11/30/2013,RIC,VA,AEA,EN,Towers with Radar,83,93,16,0,192,0,3,24,0,27,83,96,40,0,219,6,0,6,225
12/01/2013,RIC,VA,AEA,EN,Towers with Radar,96,115,54,0,265,0,5,13,0,18,96,120,67,0,283,0,0,0,283
12/02/2013,RIC,VA,AEA,EN,Towers with Radar,101,104,46,6,257,0,1,27,3,31,101,105,73,9,288,4,0,4,292
12/03/2013,RIC,VA,AEA,EN,Towers with Radar,100,91,48,3,242,0,1,32,4,37,100,92,80,7,279,6,0,6,285
12/04/2013,RIC,VA,AEA,EN,Towers with Radar,99,103,52,8,262,0,0,1,0,1,99,103,53,8,263,0,2,2,265
12/05/2013,RIC,VA,AEA,EN,Towers with Radar,103,104,39,14,260,0,0,0,1,1,103,104,39,15,261,0,0,0,261
12/06/2013,RIC,VA,AEA,EN,Towers with Radar,81,93,41,5,220,0,0,5,2,7,81,93,46,7,227,0,2,2,229
12/07/2013,RIC,VA,AEA,EN,Towers with Radar,53,77,37,1,168,0,0,4,0,4,53,77,41,1,172,30,0,30,202
12/08/2013,RIC,VA,AEA,EN,Towers with Radar,77,64,10,0,151,0,0,0,0,0,77,64,10,0,151,0,0,0,151
12/09/2013,RIC,VA,AEA,EN,Towers with Radar,83,96,42,0,221,0,0,0,0,0,83,96,42,0,221,0,0,0,221
12/10/2013,RIC,VA,AEA,EN,Towers with Radar,87,81,38,1,207,0,0,3,1,4,87,81,41,2,211,0,0,0,211
12/11/2013,RIC,VA,AEA,EN,Towers with Radar,100,96,62,5,263,0,1,33,9,43,100,97,95,14,306,0,10,10,316
12/12/2013,RIC,VA,AEA,EN,Towers with Radar,102,103,61,14,280,0,2,33,17,52,102,105,94,31,332,0,0,0,332
12/13/2013,RIC,VA,AEA,EN,Towers with Radar,103,110,49,2,264,0,0,27,7,34,103,110,76,9,298,10,20,30,328
12/14/2013,RIC,VA,AEA,EN,Towers with Radar,57,62,23,0,142,0,0,2,0,2,57,62,25,0,144,0,0,0,144
12/15/2013,RIC,VA,AEA,EN,Towers with Radar,81,96,21,1,199,0,0,15,1,16,81,96,36,2,215,2,0,2,217
12/16/2013,RIC,VA,AEA,EN,Towers with Radar,95,84,56,7,242,0,0,27,9,36,95,84,83,16,278,2,0,2,280
12/17/2013,RIC,VA,AEA,EN,Towers with Radar,94,80,53,4,231,0,0,28,4,32,94,80,81,8,263,0,0,0,263
12/18/2013,RIC,VA,AEA,EN,Towers with Radar,103,96,47,10,256,0,2,41,19,62,103,98,88,29,318,24,46,70,388
12/19/2013,RIC,VA,AEA,EN,Towers with Radar,110,100,55,5,270,2,0,40,27,69,112,100,95,32,339,12,0,12,351
12/20/2013,RIC,VA,AEA,EN,Towers with Radar,95,97,42,5,239,0,0,20,0,20,95,97,62,5,259,0,0,0,259
12/21/2013,RIC,VA,AEA,EN,Towers with Radar,74,92,20,0,186,0,1,20,1,22,74,93,40,1,208,0,0,0,208
12/22/2013,RIC,VA,AEA,EN,Towers with Radar,77,83,14,0,174,0,0,0,0,0,77,83,14,0,174,0,0,0,174
12/23/2013,RIC,VA,AEA,EN,Towers with Radar,88,92,14,3,197,0,1,1,0,2,88,93,15,3,199,0,8,8,207
12/24/2013,RIC,VA,AEA,EN,Towers with Radar,83,59,4,0,146,0,3,8,0,11,83,62,12,0,157,0,0,0,157
12/25/2013,RIC,VA,AEA,EN,Towers with Radar,62,43,7,0,112,0,0,1,0,1,62,43,8,0,113,0,0,0,113
12/26/2013,RIC,VA,AEA,EN,Towers with Radar,95,91,23,0,209,0,0,18,2,20,95,91,41,2,229,0,0,0,229
12/27/2013,RIC,VA,AEA,EN,Towers with Radar,95,97,27,10,229,0,2,20,7,29,95,99,47,17,258,0,3,3,261
12/28/2013,RIC,VA,AEA,EN,Towers with Radar,66,84,17,0,167,0,0,10,4,14,66,84,27,4,181,0,0,0,181
12/29/2013,RIC,VA,AEA,EN,Towers with Radar,79,72,15,1,167,0,0,0,0,0,79,72,15,1,167,0,0,0,167
12/30/2013,RIC,VA,AEA,EN,Towers with Radar,76,83,25,1,185,0,0,11,2,13,76,83,36,3,198,8,0,8,206
12/31/2013,RIC,VA,AEA,EN,Towers with Radar,78,56,8,0,142,0,0,33,1,34,78,56,41,1,176,10,0,10,186
01/01/2014,RIC,VA,AEA,EN,Towers with Radar,55,53,19,0,127,0,0,11,0,11,55,53,30,0,138,0,0,0,138
01/02/2014,RIC,VA,AEA,EN,Towers with Radar,93,68,18,2,181,0,0,27,0,27,93,68,45,2,208,4,0,4,212
01/03/2014,RIC,VA,AEA,EN,Towers with Radar,86,69,20,11,186,0,0,4,0,4,86,69,24,11,190,0,0,0,190
01/04/2014,RIC,VA,AEA,EN,Towers with Radar,65,73,23,0,161,0,2,20,8,30,65,75,43,8,191,4,0,4,195
01/05/2014,RIC,VA,AEA,EN,Towers with Radar,64,67,35,0,166,0,0,5,0,5,64,67,40,0,171,0,0,0,171
01/06/2014,RIC,VA,AEA,EN,Towers with Radar,73,52,50,0,175,0,0,9,1,10,73,52,59,1,185,0,10,10,195
01/07/2014,RIC,VA,AEA,EN,Towers with Radar,72,54,53,4,183,0,2,21,3,26,72,56,74,7,209,0,16,16,225
01/08/2014,RIC,VA,AEA,EN,Towers with Radar,83,71,29,9,192,0,0,29,3,32,83,71,58,12,224,8,0,8,232
01/09/2014,RIC,VA,AEA,EN,Towers with Radar,99,83,47,6,235,0,0,30,13,43,99,83,77,19,278,8,0,8,286
01/10/2014,RIC,VA,AEA,EN,Towers with Radar,90,93,51,9,243,0,0,0,0,0,90,93,51,9,243,0,0,0,243
01/11/2014,RIC,VA,AEA,EN,Towers with Radar,59,59,18,3,139,0,0,3,0,3,59,59,21,3,142,0,0,0,142
01/12/2014,RIC,VA,AEA,EN,Towers with Radar,69,80,37,4,190,0,1,17,35,53,69,81,54,39,243,14,12,26,269
01/13/2014,RIC,VA,AEA,EN,Towers with Radar,80,83,41,2,206,0,6,25,15,46,80,89,66,17,252,8,4,12,264
01/14/2014,RIC,VA,AEA,EN,Towers with Radar,85,79,48,9,221,0,0,3,0,3,85,79,51,9,224,0,0,0,224
01/15/2014,RIC,VA,AEA,EN,Towers with Radar,92,81,57,0,230,0,2,18,16,36,92,83,75,16,266,2,6,8,274
01/16/2014,RIC,VA,AEA,EN,Towers with Radar,94,89,61,22,266,0,4,17,18,39,94,93,78,40,305,36,28,64,369
01/17/2014,RIC,VA,AEA,EN,Towers with Radar,93,92,41,5,231,0,3,28,6,37,93,95,69,11,268,12,0,12,280
01/18/2014,RIC,VA,AEA,EN,Towers with Radar,63,49,20,3,135,0,3,19,0,22,63,52,39,3,157,0,2,2,159
01/19/2014,RIC,VA,AEA,EN,Towers with Radar,68,65,18,0,151,0,0,13,0,13,68,65,31,0,164,0,0,0,164
01/20/2014,RIC,VA,AEA,EN,Towers with Radar,82,83,31,0,196,0,0,23,0,23,82,83,54,0,219,0,0,0,219
01/21/2014,RIC,VA,AEA,EN,Towers with Radar,76,63,22,0,161,0,0,2,0,2,76,63,24,0,163,0,0,0,163
01/22/2014,RIC,VA,AEA,EN,Towers with Radar,80,77,53,0,210,0,0,14,11,25,80,77,67,11,235,0,16,16,251
01/23/2014,RIC,VA,AEA,EN,Towers with Radar,98,98,61,7,264,0,0,22,2,24,98,98,83,9,288,24,4,28,316
01/24/2014,RIC,VA,AEA,EN,Towers with Radar,96,86,45,0,227,0,0,27,6,33,96,86,72,6,260,0,4,4,264
01/25/2014,RIC,VA,AEA,EN,Towers with Radar,57,60,19,2,138,0,0,24,2,26,57,60,43,4,164,0,0,0,164
01/26/2014,RIC,VA,AEA,EN,Towers with Radar,77,83,28,0,188,0,0,8,1,9,77,83,36,1,197,0,0,0,197
01/27/2014,RIC,VA,AEA,EN,Towers with Radar,82,87,46,2,217,0,0,19,7,26,82,87,65,9,243,4,18,22,265
01/28/2014,RIC,VA,AEA,EN,Towers with Radar,63,72,38,4,177,0,0,13,0,13,63,72,51,4,190,0,0,0,190
01/29/2014,RIC,VA,AEA,EN,Towers with Radar,57,78,45,1,181,0,2,28,8,38,57,80,73,9,219,10,6,16,235
01/30/2014,RIC,VA,AEA,EN,Towers with Radar,85,113,58,4,260,0,0,32,17,49,85,113,90,21,309,10,0,10,319
01/31/2014,RIC,VA,AEA,EN,Towers with Radar,89,86,45,8,228,0,0,40,4,44,89,86,85,12,272,12,11,23,295
02/01/2014,RIC,VA,AEA,EN,Towers with Radar,66,49,32,12,159,0,0,33,2,35,66,49,65,14,194,10,0,10,204
02/02/2014,RIC,VA,AEA,EN,Towers with Radar,60,64,27,0,151,0,2,9,0,11,60,66,36,0,162,0,0,0,162
02/03/2014,RIC,VA,AEA,EN,Towers with Radar,76,65,34,2,177,0,0,1,0,1,76,65,35,2,178,0,0,0,178
02/04/2014,RIC,VA,AEA,EN,Towers with Radar,80,92,27,14,213,0,4,22,17,43,80,96,49,31,256,0,57,57,313
02/05/2014,RIC,VA,AEA,EN,Towers with Radar,74,73,32,10,189,0,0,6,2,8,74,73,38,12,197,0,8,8,205
02/06/2014,RIC,VA,AEA,EN,Towers with Radar,85,74,55,4,218,0,0,42,13,55,85,74,97,17,273,6,4,10,283
02/07/2014,RIC,VA,AEA,EN,Towers with Radar,84,96,60,4,244,0,4,36,6,46,84,100,96,10,290,2,18,20,310
02/08/2014,RIC,VA,AEA,EN,Towers with Radar,55,54,16,0,125,0,2,22,11,35,55,56,38,11,160,0,24,24,184
02/09/2014,RIC,VA,AEA,EN,Towers with Radar,68,79,19,2,168,0,1,13,7,21,68,80,32,9,189,0,0,0,189
02/10/2014,RIC,VA,AEA,EN,Towers with Radar,78,91,52,3,224,0,3,23,4,30,78,94,75,7,254,4,0,4,258
02/11/2014,RIC,VA,AEA,EN,Towers with Radar,74,78,62,9,223,0,2,40,3,45,74,80,102,12,268,17,0,17,285
02/12/2014,RIC,VA,AEA,EN,Towers with Radar,41,66,35,4,146,0,0,11,2,13,41,66,46,6,159,28,0,28,187
02/13/2014,RIC,VA,AEA,EN,Towers with Radar,23,23,19,0,65,0,0,0,0,0,23,23,19,0,65,0,0,0,65
02/14/2014,RIC,VA,AEA,EN,Towers with Radar,68,84,51,6,209,0,1,11,0,12,68,85,62,6,221,4,0,4,225
02/15/2014,RIC,VA,AEA,EN,Towers with Radar,55,57,20,0,132,0,0,4,0,4,55,57,24,0,136,0,0,0,136
02/16/2014,RIC,VA,AEA,EN,Towers with Radar,65,68,15,0,148,0,0,15,0,15,65,68,30,0,163,38,0,38,201
02/17/2014,RIC,VA,AEA,EN,Towers with Radar,82,86,47,1,216,0,2,27,0,29,82,88,74,1,245,0,0,0,245
02/18/2014,RIC,VA,AEA,EN,Towers with Radar,76,91,61,11,239,0,0,28,10,38,76,91,89,21,277,24,0,24,301
02/19/2014,RIC,VA,AEA,EN,Towers with Radar,86,103,49,17,255,0,2,16,27,45,86,105,65,44,300,2,6,8,308
02/20/2014,RIC,VA,AEA,EN,Towers with Radar,87,108,65,19,279,0,0,27,3,30,87,108,92,22,309,6,30,36,345
02/21/2014,RIC,VA,AEA,EN,Towers with Radar,86,86,33,2,207,0,1,8,0,9,86,87,41,2,216,0,0,0,216
02/22/2014,RIC,VA,AEA,EN,Towers with Radar,53,62,43,1,159,0,2,26,3,31,53,64,69,4,190,22,1,23,213
02/23/2014,RIC,VA,AEA,EN,Towers with Radar,73,79,18,0,170,0,2,14,0,16,73,81,32,0,186,0,0,0,186
02/24/2014,RIC,VA,AEA,EN,Towers with Radar,82,90,47,2,221,0,2,23,12,37,82,92,70,14,258,14,2,16,274
02/25/2014,RIC,VA,AEA,EN,Towers with Radar,91,87,70,23,271,0,1,34,14,49,91,88,104,37,320,0,19,19,339
02/26/2014,RIC,VA,AEA,EN,Towers with Radar,85,95,40,22,242,0,1,19,3,23,85,96,59,25,265,0,0,0,265
02/27/2014,RIC,VA,AEA,EN,Towers with Radar,88,103,66,19,276,0,1,28,9,38,88,104,94,28,314,0,0,0,314
02/28/2014,RIC,VA,AEA,EN,Towers with Radar,86,111,60,5,262,0,0,33,11,44,86,111,93,16,306,10,12,22,328
03/01/2014,RIC,VA,AEA,EN,Towers with Radar,60,73,23,2,158,0,0,17,11,28,60,73,40,13,186,70,8,78,264
03/02/2014,RIC,VA,AEA,EN,Towers with Radar,69,72,32,16,189,0,0,29,0,29,69,72,61,16,218,6,0,6,224
03/03/2014,RIC,VA,AEA,EN,Towers with Radar,54,46,16,0,116,0,0,2,0,2,54,46,18,0,118,0,0,0,118
03/04/2014,RIC,VA,AEA,EN,Towers with Radar,98,66,59,2,225,0,1,18,0,19,98,67,77,2,244,0,0,0,244
03/05/2014,RIC,VA,AEA,EN,Towers with Radar,96,79,54,25,254,0,2,29,16,47,96,81,83,41,301,2,10,12,313
03/06/2014,RIC,VA,AEA,EN,Towers with Radar,98,92,62,10,262,0,3,16,6,25,98,95,78,16,287,14,12,26,313
03/07/2014,RIC,VA,AEA,EN,Towers with Radar,96,102,43,1,242,0,5,3,0,8,96,107,46,1,250,0,4,4,254
03/08/2014,RIC,VA,AEA,EN,Towers with Radar,68,66,18,3,155,0,4,24,3,31,68,70,42,6,186,0,0,0,186
03/09/2014,RIC,VA,AEA,EN,Towers with Radar,85,86,19,15,205,0,1,19,3,23,85,87,38,18,228,0,0,0,228
03/10/2014,RIC,VA,AEA,EN,Towers with Radar,94,89,43,23,249,0,1,30,5,36,94,90,73,28,285,0,4,4,289
03/11/2014,RIC,VA,AEA,EN,Towers with Radar,98,98,41,18,255,0,14,34,10,58,98,112,75,28,313,2,54,56,369
03/12/2014,RIC,VA,AEA,EN,Towers with Radar,97,94,38,1,230,0,1,5,0,6,97,95,43,1,236,0,0,0,236
03/13/2014,RIC,VA,AEA,EN,Towers with Radar,97,82,44,11,234,0,0,9,3,12,97,82,53,14,246,0,0,0,246
03/14/2014,RIC,VA,AEA,EN,Towers with Radar,101,97,49,27,274,0,0,23,0,23,101,97,72,27,297,0,0,0,297
03/15/2014,RIC,VA,AEA,EN,Towers with Radar,65,64,17,1,147,0,0,22,0,22,65,64,39,1,169,0,0,0,169
03/16/2014,RIC,VA,AEA,EN,Towers with Radar,76,96,35,0,207,0,0,10,0,10,76,96,45,0,217,0,0,0,217
03/17/2014,RIC,VA,AEA,EN,Towers with Radar,62,76,26,0,164,0,0,0,2,2,62,76,26,2,166,8,0,8,174
03/18/2014,RIC,VA,AEA,EN,Towers with Radar,96,94,37,2,229,0,1,3,0,4,96,95,40,2,233,0,0,0,233
03/19/2014,RIC,VA,AEA,EN,Towers with Radar,103,102,36,11,252,0,0,0,0,0,103,102,36,11,252,0,0,0,252
03/20/2014,RIC,VA,AEA,EN,Towers with Radar,102,106,67,29,304,0,0,40,0,40,102,106,107,29,344,0,0,0,344
03/21/2014,RIC,VA,AEA,EN,Towers with Radar,96,90,55,8,249,0,4,44,10,58,96,94,99,18,307,12,8,20,327
03/22/2014,RIC,VA,AEA,EN,Towers with Radar,69,67,38,0,174,0,2,18,0,20,69,69,56,0,194,10,0,10,204
03/23/2014,RIC,VA,AEA,EN,Towers with Radar,86,84,33,0,203,0,0,6,15,21,86,84,39,15,224,0,0,0,224
03/24/2014,RIC,VA,AEA,EN,Towers with Radar,93,90,48,6,237,0,5,23,7,35,93,95,71,13,272,2,6,8,280
03/25/2014,RIC,VA,AEA,EN,Towers with Radar,98,77,29,7,211,1,0,5,2,8,99,77,34,9,219,2,0,2,221
03/26/2014,RIC,VA,AEA,EN,Towers with Radar,99,88,38,49,274,0,0,8,16,24,99,88,46,65,298,26,32,58,356
03/27/2014,RIC,VA,AEA,EN,Towers with Radar,101,89,48,15,253,0,1,30,11,42,101,90,78,26,295,8,12,20,315
03/28/2014,RIC,VA,AEA,EN,Towers with Radar,93,92,37,5,227,0,0,5,2,7,93,92,42,7,234,0,4,4,238
03/29/2014,RIC,VA,AEA,EN,Towers with Radar,64,66,18,1,149,0,0,0,0,0,64,66,18,1,149,0,0,0,149
03/30/2014,RIC,VA,AEA,EN,Towers with Radar,83,81,19,1,184,0,0,2,0,2,83,81,21,1,186,0,0,0,186
03/31/2014,RIC,VA,AEA,EN,Towers with Radar,94,82,35,22,233,0,0,18,8,26,94,82,53,30,259,4,23,27,286
04/01/2014,RIC,VA,AEA,EN,Towers with Radar,98,101,44,12,255,0,2,27,6,35,98,103,71,18,290,18,2,20,310
04/02/2014,RIC,VA,AEA,EN,Towers with Radar,93,95,46,8,242,0,4,33,0,37,93,99,79,8,279,0,0,0,279
04/03/2014,RIC,VA,AEA,EN,Towers with Radar,101,100,57,19,277,0,4,43,22,69,101,104,100,41,346,6,16,22,368
04/04/2014,RIC,VA,AEA,EN,Towers with Radar,101,101,28,3,233,0,0,15,10,25,101,101,43,13,258,0,6,6,264
04/05/2014,RIC,VA,AEA,EN,Towers with Radar,66,80,26,1,173,0,4,19,2,25,66,84,45,3,198,6,0,6,204
04/06/2014,RIC,VA,AEA,EN,Towers with Radar,75,103,40,0,218,0,2,12,0,14,75,105,52,0,232,0,0,0,232
04/07/2014,RIC,VA,AEA,EN,Towers with Radar,91,94,35,6,226,0,0,0,0,0,91,94,35,6,226,0,0,0,226
04/08/2014,RIC,VA,AEA,EN,Towers with Radar,103,95,45,8,251,0,0,26,18,44,103,95,71,26,295,2,0,2,297
04/09/2014,RIC,VA,AEA,EN,Towers with Radar,89,105,42,0,236,0,2,21,10,33,89,107,63,10,269,23,4,27,296
04/10/2014,RIC,VA,AEA,EN,Towers with Radar,98,116,66,0,280,0,5,27,3,35,98,121,93,3,315,0,0,0,315
04/11/2014,RIC,VA,AEA,EN,Towers with Radar,93,104,55,11,263,0,1,32,14,47,93,105,87,25,310,0,4,4,314
04/12/2014,RIC,VA,AEA,EN,Towers with Radar,68,93,34,0,195,0,0,26,14,40,68,93,60,14,235,0,34,34,269
04/13/2014,RIC,VA,AEA,EN,Towers with Radar,77,98,44,0,219,0,5,9,0,14,77,103,53,0,233,0,0,0,233
04/14/2014,RIC,VA,AEA,EN,Towers with Radar,88,93,37,2,220,0,2,4,1,7,88,95,41,3,227,0,0,0,227
04/15/2014,RIC,VA,AEA,EN,Towers with Radar,103,84,36,2,225,0,0,2,0,2,103,84,38,2,227,0,0,0,227
04/16/2014,RIC,VA,AEA,EN,Towers with Radar,103,105,40,9,257,0,9,16,25,50,103,114,56,34,307,4,6,10,317
04/17/2014,RIC,VA,AEA,EN,Towers with Radar,100,104,74,13,291,0,6,35,14,55,100,110,109,27,346,2,16,18,364
04/18/2014,RIC,VA,AEA,EN,Towers with Radar,98,107,39,4,248,0,5,29,4,38,98,112,68,8,286,14,4,18,304
04/19/2014,RIC,VA,AEA,EN,Towers with Radar,58,82,16,0,156,0,1,27,7,35,58,83,43,7,191,6,0,6,197
04/20/2014,RIC,VA,AEA,EN,Towers with Radar,74,110,19,0,203,0,1,15,0,16,74,111,34,0,219,0,0,0,219
04/21/2014,RIC,VA,AEA,EN,Towers with Radar,92,95,39,0,226,0,8,43,9,60,92,103,82,9,286,18,0,18,304
04/22/2014,RIC,VA,AEA,EN,Towers with Radar,100,102,61,8,271,0,5,18,6,29,100,107,79,14,300,4,4,8,308
04/23/2014,RIC,VA,AEA,EN,Towers with Radar,96,100,58,6,260,0,1,21,9,31,96,101,79,15,291,18,0,18,309
04/24/2014,RIC,VA,AEA,EN,Towers with Radar,102,106,92,3,303,1,7,41,21,70,103,113,133,24,373,8,4,12,385
04/25/2014,RIC,VA,AEA,EN,Towers with Radar,98,118,70,0,286,0,3,21,3,27,98,121,91,3,313,8,0,8,321
04/26/2014,RIC,VA,AEA,EN,Towers with Radar,62,82,87,0,231,0,0,128,2,130,62,82,215,2,361,2,0,2,363
04/27/2014,RIC,VA,AEA,EN,Towers with Radar,77,101,60,4,242,0,4,32,0,36,77,105,92,4,278,0,0,0,278
04/28/2014,RIC,VA,AEA,EN,Towers with Radar,94,100,47,9,250,0,1,10,3,14,94,101,57,12,264,0,10,10,274
04/29/2014,RIC,VA,AEA,EN,Towers with Radar,101,92,46,2,241,0,0,0,0,0,101,92,46,2,241,0,0,0,241
04/30/2014,RIC,VA,AEA,EN,Towers with Radar,98,96,45,0,239,0,0,1,0,1,98,96,46,0,240,0,0,0,240
05/01/2014,RIC,VA,AEA,EN,Towers with Radar,98,101,56,11,266,0,6,27,14,47,98,107,83,25,313,4,10,14,327
05/02/2014,RIC,VA,AEA,EN,Towers with Radar,99,103,38,16,256,0,0,44,6,50,99,103,82,22,306,10,0,10,316
05/03/2014,RIC,VA,AEA,EN,Towers with Radar,64,81,16,2,163,0,13,16,5,34,64,94,32,7,197,2,2,4,201
05/04/2014,RIC,VA,AEA,EN,Towers with Radar,84,101,27,16,228,0,0,10,0,10,84,101,37,16,238,0,0,0,238
05/05/2014,RIC,VA,AEA,EN,Towers with Radar,94,96,43,0,233,0,2,29,9,40,94,98,72,9,273,8,2,10,283
05/06/2014,RIC,VA,AEA,EN,Towers with Radar,99,89,55,8,251,0,0,25,4,29,99,89,80,12,280,0,0,0,280
05/07/2014,RIC,VA,AEA,EN,Towers with Radar,105,103,60,4,272,0,0,25,7,32,105,103,85,11,304,8,4,12,316
05/08/2014,RIC,VA,AEA,EN,Towers with Radar,98,99,61,0,258,0,2,27,8,37,98,101,88,8,295,16,8,24,319
05/09/2014,RIC,VA,AEA,EN,Towers with Radar,93,118,49,2,262,0,5,20,4,29,93,123,69,6,291,2,10,12,303
05/10/2014,RIC,VA,AEA,EN,Towers with Radar,67,77,15,2,161,0,3,11,0,14,67,80,26,2,175,6,0,6,181
05/11/2014,RIC,VA,AEA,EN,Towers with Radar,84,90,33,1,208,0,4,16,0,20,84,94,49,1,228,0,0,0,228
05/12/2014,RIC,VA,AEA,EN,Towers with Radar,90,93,42,0,225,0,3,30,17,50,90,96,72,17,275,6,0,6,281
05/13/2014,RIC,VA,AEA,EN,Towers with Radar,99,94,55,6,254,0,2,14,15,31,99,96,69,21,285,36,10,46,331
05/14/2014,RIC,VA,AEA,EN,Towers with Radar,102,92,53,5,252,0,0,9,3,12,102,92,62,8,264,30,0,30,294
05/15/2014,RIC,VA,AEA,EN,Towers with Radar,104,106,60,5,275,0,0,8,17,25,104,106,68,22,300,0,8,8,308
05/16/2014,RIC,VA,AEA,EN,Towers with Radar,100,93,47,5,245,0,9,22,9,40,100,102,69,14,285,24,0,24,309
05/17/2014,RIC,VA,AEA,EN,Towers with Radar,67,83,36,0,186,0,0,31,0,31,67,83,67,0,217,0,0,0,217
05/18/2014,RIC,VA,AEA,EN,Towers with Radar,88,88,20,0,196,0,2,11,0,13,88,90,31,0,209,0,0,0,209
05/19/2014,RIC,VA,AEA,EN,Towers with Radar,108,104,45,7,264,0,0,23,2,25,108,104,68,9,289,0,0,0,289
05/20/2014,RIC,VA,AEA,EN,Towers with Radar,97,93,48,8,246,0,5,31,5,41,97,98,79,13,287,0,0,0,287
05/21/2014,RIC,VA,AEA,EN,Towers with Radar,108,102,47,6,263,0,2,34,1,37,108,104,81,7,300,0,0,0,300
05/22/2014,RIC,VA,AEA,EN,Towers with Radar,98,95,47,8,248,0,4,26,4,34,98,99,73,12,282,0,18,18,300
05/23/2014,RIC,VA,AEA,EN,Towers with Radar,99,99,43,3,244,0,7,39,6,52,99,106,82,9,296,10,0,10,306
05/24/2014,RIC,VA,AEA,EN,Towers with Radar,62,80,23,0,165,0,9,13,1,23,62,89,36,1,188,24,0,24,212
05/25/2014,RIC,VA,AEA,EN,Towers with Radar,66,64,16,0,146,0,2,11,0,13,66,66,27,0,159,0,0,0,159
05/26/2014,RIC,VA,AEA,EN,Towers with Radar,86,80,23,0,189,0,2,19,0,21,86,82,42,0,210,14,0,14,224
05/27/2014,RIC,VA,AEA,EN,Towers with Radar,106,102,51,0,259,0,2,28,0,30,106,104,79,0,289,0,0,0,289
05/28/2014,RIC,VA,AEA,EN,Towers with Radar,112,93,57,11,273,0,3,18,0,21,112,96,75,11,294,0,0,0,294
05/29/2014,RIC,VA,AEA,EN,Towers with Radar,109,109,62,5,285,0,1,0,0,1,109,110,62,5,286,0,0,0,286
05/30/2014,RIC,VA,AEA,EN,Towers with Radar,103,109,66,9,287,0,5,11,6,22,103,114,77,15,309,34,4,38,347
05/31/2014,RIC,VA,AEA,EN,Towers with Radar,68,78,16,0,162,0,6,35,4,45,68,84,51,4,207,34,0,34,241
06/01/2014,RIC,VA,AEA,EN,Towers with Radar,88,89,37,0,214,0,3,12,6,21,88,92,49,6,235,24,0,24,259
06/02/2014,RIC,VA,AEA,EN,Towers with Radar,95,95,42,3,235,0,8,34,9,51,95,103,76,12,286,2,9,11,297
06/03/2014,RIC,VA,AEA,EN,Towers with Radar,102,97,27,9,235,0,4,39,3,46,102,101,66,12,281,20,0,20,301
06/04/2014,RIC,VA,AEA,EN,Towers with Radar,106,104,46,6,262,0,7,45,9,61,106,111,91,15,323,14,0,14,337
06/05/2014,RIC,VA,AEA,EN,Towers with Radar,104,98,51,20,273,0,0,25,18,43,104,98,76,38,316,12,14,26,342
06/06/2014,RIC,VA,AEA,EN,Towers with Radar,103,92,51,6,252,0,5,50,12,67,103,97,101,18,319,16,2,18,337
06/07/2014,RIC,VA,AEA,EN,Towers with Radar,66,93,23,0,182,0,2,22,0,24,66,95,45,0,206,16,0,16,222
06/08/2014,RIC,VA,AEA,EN,Towers with Radar,85,96,31,1,213,0,1,15,2,18,85,97,46,3,231,16,2,18,249
06/09/2014,RIC,VA,AEA,EN,Towers with Radar,94,91,37,7,229,0,0,28,15,43,94,91,65,22,272,10,22,32,304
06/10/2014,RIC,VA,AEA,EN,Towers with Radar,106,99,48,11,264,0,1,26,12,39,106,100,74,23,303,20,0,20,323
06/11/2014,RIC,VA,AEA,EN,Towers with Radar,92,91,38,7,228,0,1,25,9,35,92,92,63,16,263,2,0,2,265
06/12/2014,RIC,VA,AEA,EN,Towers with Radar,111,85,40,2,238,0,0,2,2,4,111,85,42,4,242,2,2,4,246
06/13/2014,RIC,VA,AEA,EN,Towers with Radar,125,103,32,0,260,0,3,10,7,20,125,106,42,7,280,8,8,16,296
06/14/2014,RIC,VA,AEA,EN,Towers with Radar,68,90,32,3,193,0,1,30,8,39,68,91,62,11,232,34,0,34,266
06/15/2014,RIC,VA,AEA,EN,Towers with Radar,92,91,21,0,204,0,7,22,0,29,92,98,43,0,233,48,0,48,281
06/16/2014,RIC,VA,AEA,EN,Towers with Radar,99,97,31,4,231,0,1,30,3,34,99,98,61,7,265,6,0,6,271
06/17/2014,RIC,VA,AEA,EN,Towers with Radar,99,100,48,6,253,0,11,34,7,52,99,111,82,13,305,32,22,54,359
06/18/2014,RIC,VA,AEA,EN,Towers with Radar,95,93,46,5,239,0,7,27,9,43,95,100,73,14,282,58,16,74,356
06/19/2014,RIC,VA,AEA,EN,Towers with Radar,100,90,59,1,250,0,1,24,6,31,100,91,83,7,281,23,2,25,306
06/20/2014,RIC,VA,AEA,EN,Towers with Radar,109,104,54,6,273,0,0,27,4,31,109,104,81,10,304,28,0,28,332
06/21/2014,RIC,VA,AEA,EN,Towers with Radar,69,85,33,0,187,0,4,13,0,17,69,89,46,0,204,12,0,12,216
06/22/2014,RIC,VA,AEA,EN,Towers with Radar,81,99,25,0,205,0,0,7,0,7,81,99,32,0,212,0,0,0,212
06/23/2014,RIC,VA,AEA,EN,Towers with Radar,93,94,56,7,250,0,0,40,2,42,93,94,96,9,292,25,0,25,317
06/24/2014,RIC,VA,AEA,EN,Towers with Radar,96,99,47,5,247,0,2,36,9,47,96,101,83,14,294,38,2,40,334
06/25/2014,RIC,VA,AEA,EN,Towers with Radar,99,103,58,5,265,0,1,20,7,28,99,104,78,12,293,22,34,56,349
06/26/2014,RIC,VA,AEA,EN,Towers with Radar,102,100,51,8,261,0,5,40,2,47,102,105,91,10,308,14,10,24,332
06/27/2014,RIC,VA,AEA,EN,Towers with Radar,96,95,50,13,254,0,0,36,4,40,96,95,86,17,294,6,24,30,324
06/28/2014,RIC,VA,AEA,EN,Towers with Radar,68,83,32,0,183,0,8,20,0,28,68,91,52,0,211,0,2,2,213
06/29/2014,RIC,VA,AEA,EN,Towers with Radar,85,80,30,0,195,0,8,37,0,45,85,88,67,0,240,30,0,30,270
06/30/2014,RIC,VA,AEA,EN,Towers with Radar,89,89,31,11,220,0,0,39,1,40,89,89,70,12,260,30,18,48,308
07/01/2014,RIC,VA,AEA,EN,Towers with Radar,98,88,51,8,245,0,0,36,8,44,98,88,87,16,289,54,0,54,343
07/02/2014,RIC,VA,AEA,EN,Towers with Radar,101,87,44,12,244,0,2,50,11,63,101,89,94,23,307,20,4,24,331
07/03/2014,RIC,VA,AEA,EN,Towers with Radar,98,80,34,0,212,0,2,29,4,35,98,82,63,4,247,12,6,18,265
07/04/2014,RIC,VA,AEA,EN,Towers with Radar,65,56,5,0,126,0,2,7,0,9,65,58,12,0,135,0,0,0,135
07/05/2014,RIC,VA,AEA,EN,Towers with Radar,64,68,17,0,149,0,9,26,1,36,64,77,43,1,185,52,2,54,239
07/06/2014,RIC,VA,AEA,EN,Towers with Radar,80,86,27,0,193,0,0,20,0,20,80,86,47,0,213,14,0,14,227
07/07/2014,RIC,VA,AEA,EN,Towers with Radar,94,89,37,3,223,0,4,16,1,21,94,93,53,4,244,2,0,2,246
07/08/2014,RIC,VA,AEA,EN,Towers with Radar,123,97,34,6,260,0,2,28,5,35,123,99,62,11,295,8,16,24,319
07/09/2014,RIC,VA,AEA,EN,Towers with Radar,102,100,48,3,253,0,5,25,11,41,102,105,73,14,294,14,10,24,318
07/10/2014,RIC,VA,AEA,EN,Towers with Radar,122,111,41,4,278,0,0,7,4,11,122,111,48,8,289,8,8,16,305
07/11/2014,RIC,VA,AEA,EN,Towers with Radar,96,103,32,2,233,0,2,18,11,31,96,105,50,13,264,16,6,22,286
07/12/2014,RIC,VA,AEA,EN,Towers with Radar,73,81,26,1,181,0,0,14,5,19,73,81,40,6,200,34,4,38,238
07/13/2014,RIC,VA,AEA,EN,Towers with Radar,85,87,38,0,210,0,0,20,0,20,85,87,58,0,230,6,0,6,236
07/14/2014,RIC,VA,AEA,EN,Towers with Radar,95,89,41,1,226,0,1,14,0,15,95,90,55,1,241,0,0,0,241
07/15/2014,RIC,VA,AEA,EN,Towers with Radar,106,103,32,5,246,0,4,10,16,30,106,107,42,21,276,6,0,6,282
07/16/2014,RIC,VA,AEA,EN,Towers with Radar,99,117,67,19,302,0,0,24,19,43,99,117,91,38,345,10,27,37,382
07/17/2014,RIC,VA,AEA,EN,Towers with Radar,96,97,51,21,265,0,2,48,18,68,96,99,99,39,333,4,17,21,354
07/18/2014,RIC,VA,AEA,EN,Towers with Radar,100,107,47,0,254,0,2,51,37,90,100,109,98,37,344,26,6,32,376
07/19/2014,RIC,VA,AEA,EN,Towers with Radar,70,86,20,0,176,0,0,27,28,55,70,86,47,28,231,6,18,24,255
07/20/2014,RIC,VA,AEA,EN,Towers with Radar,85,90,32,1,208,0,0,16,8,24,85,90,48,9,232,0,0,0,232
07/21/2014,RIC,VA,AEA,EN,Towers with Radar,87,97,70,8,262,0,1,3,2,6,87,98,73,10,268,4,3,7,275
07/22/2014,RIC,VA,AEA,EN,Towers with Radar,97,101,60,12,270,0,7,37,13,57,97,108,97,25,327,22,4,26,353
07/23/2014,RIC,VA,AEA,EN,Towers with Radar,108,82,52,7,249,0,0,18,12,30,108,82,70,19,279,12,16,28,307
07/24/2014,RIC,VA,AEA,EN,Towers with Radar,90,103,65,5,263,0,0,2,1,3,90,103,67,6,266,0,0,0,266
07/25/2014,RIC,VA,AEA,EN,Towers with Radar,100,103,40,5,248,0,0,47,6,53,100,103,87,11,301,22,8,30,331
07/26/2014,RIC,VA,AEA,EN,Towers with Radar,65,78,33,2,178,0,5,19,8,32,65,83,52,10,210,8,10,18,228
07/27/2014,RIC,VA,AEA,EN,Towers with Radar,87,84,38,1,210,0,0,9,2,11,87,84,47,3,221,8,0,8,229
07/28/2014,RIC,VA,AEA,EN,Towers with Radar,90,94,52,8,244,0,0,20,9,29,90,94,72,17,273,14,0,14,287
07/29/2014,RIC,VA,AEA,EN,Towers with Radar,106,103,56,12,277,0,0,33,4,37,106,103,89,16,314,32,6,38,352
07/30/2014,RIC,VA,AEA,EN,Towers with Radar,95,103,47,2,247,0,2,37,18,57,95,105,84,20,304,28,1,29,333
07/31/2014,RIC,VA,AEA,EN,Towers with Radar,104,86,56,7,253,0,2,29,14,45,104,88,85,21,298,50,4,54,352
08/01/2014,RIC,VA,AEA,EN,Towers with Radar,102,109,21,16,248,0,0,2,0,2,102,109,23,16,250,0,0,0,250
08/02/2014,RIC,VA,AEA,EN,Towers with Radar,68,77,30,2,177,0,2,7,0,9,68,79,37,2,186,0,0,0,186
08/03/2014,RIC,VA,AEA,EN,Towers with Radar,78,91,28,0,197,0,0,5,0,5,78,91,33,0,202,0,0,0,202
08/04/2014,RIC,VA,AEA,EN,Towers with Radar,105,94,65,13,277,0,0,12,7,19,105,94,77,20,296,16,10,26,322
08/05/2014,RIC,VA,AEA,EN,Towers with Radar,103,96,50,13,262,0,2,36,7,45,103,98,86,20,307,4,16,20,327
08/06/2014,RIC,VA,AEA,EN,Towers with Radar,112,105,47,11,275,0,4,38,3,45,112,109,85,14,320,14,8,22,342
08/07/2014,RIC,VA,AEA,EN,Towers with Radar,102,104,45,4,255,0,3,38,5,46,102,107,83,9,301,40,12,52,353
08/08/2014,RIC,VA,AEA,EN,Towers with Radar,96,101,41,4,242,0,4,38,7,49,96,105,79,11,291,18,4,22,313
08/09/2014,RIC,VA,AEA,EN,Towers with Radar,69,88,35,0,192,0,2,21,1,24,69,90,56,1,216,10,10,20,236
08/10/2014,RIC,VA,AEA,EN,Towers with Radar,78,91,31,0,200,0,0,27,0,27,78,91,58,0,227,50,0,50,277
08/11/2014,RIC,VA,AEA,EN,Towers with Radar,106,89,41,0,236,0,0,13,11,24,106,89,54,11,260,58,0,58,318
08/12/2014,RIC,VA,AEA,EN,Towers with Radar,101,98,36,17,252,0,0,5,0,5,101,98,41,17,257,0,0,0,257
08/13/2014,RIC,VA,AEA,EN,Towers with Radar,94,97,57,14,262,0,1,26,13,40,94,98,83,27,302,44,48,92,394
08/14/2014,RIC,VA,AEA,EN,Towers with Radar,101,100,50,14,265,0,5,46,15,66,101,105,96,29,331,40,48,88,419
08/15/2014,RIC,VA,AEA,EN,Towers with Radar,99,104,42,16,261,0,2,36,20,58,99,106,78,36,319,38,4,42,361
08/16/2014,RIC,VA,AEA,EN,Towers with Radar,66,82,10,0,158,0,4,36,9,49,66,86,46,9,207,0,8,8,215
08/17/2014,RIC,VA,AEA,EN,Towers with Radar,84,86,24,4,198,0,0,18,5,23,84,86,42,9,221,0,0,0,221
08/18/2014,RIC,VA,AEA,EN,Towers with Radar,94,105,50,4,253,0,2,14,4,20,94,107,64,8,273,0,10,10,283
08/19/2014,RIC,VA,AEA,EN,Towers with Radar,103,103,57,10,273,0,1,14,9,24,103,104,71,19,297,110,12,122,419
08/20/2014,RIC,VA,AEA,EN,Towers with Radar,107,101,48,4,260,0,0,26,4,30,107,101,74,8,290,42,44,86,376
08/21/2014,RIC,VA,AEA,EN,Towers with Radar,106,103,51,15,275,0,5,26,9,40,106,108,77,24,315,38,46,84,399
08/22/2014,RIC,VA,AEA,EN,Towers with Radar,94,99,45,43,281,0,1,27,2,30,94,100,72,45,311,48,38,86,397
08/23/2014,RIC,VA,AEA,EN,Towers with Radar,60,68,27,4,159,0,0,3,2,5,60,68,30,6,164,10,0,10,174
08/24/2014,RIC,VA,AEA,EN,Towers with Radar,75,93,26,1,195,0,6,19,0,25,75,99,45,1,220,36,0,36,256
08/25/2014,RIC,VA,AEA,EN,Towers with Radar,94,97,45,11,247,0,2,32,8,42,94,99,77,19,289,44,0,44,333
08/26/2014,RIC,VA,AEA,EN,Towers with Radar,97,97,45,10,249,0,0,32,5,37,97,97,77,15,286,58,6,64,350
08/27/2014,RIC,VA,AEA,EN,Towers with Radar,96,96,51,2,245,0,0,45,7,52,96,96,96,9,297,48,10,58,355
08/28/2014,RIC,VA,AEA,EN,Towers with Radar,101,96,64,9,270,0,0,26,15,41,101,96,90,24,311,16,18,34,345
08/29/2014,RIC,VA,AEA,EN,Towers with Radar,95,101,37,0,233,0,4,37,9,50,95,105,74,9,283,28,2,30,313
08/30/2014,RIC,VA,AEA,EN,Towers with Radar,59,68,22,0,149,0,0,18,0,18,59,68,40,0,167,14,2,16,183
08/31/2014,RIC,VA,AEA,EN,Towers with Radar,72,59,24,0,155,0,0,10,0,10,72,59,34,0,165,0,0,0,165
09/01/2014,RIC,VA,AEA,EN,Towers with Radar,88,91,24,0,203,0,3,16,0,19,88,94,40,0,222,4,0,4,226
09/02/2014,RIC,VA,AEA,EN,Towers with Radar,92,89,45,10,236,0,4,20,2,26,92,93,65,12,262,34,6,40,302
09/03/2014,RIC,VA,AEA,EN,Towers with Radar,84,97,54,7,242,0,0,27,15,42,84,97,81,22,284,8,12,20,304
09/04/2014,RIC,VA,AEA,EN,Towers with Radar,97,87,91,6,281,0,13,23,11,47,97,100,114,17,328,16,2,18,346
09/05/2014,RIC,VA,AEA,EN,Towers with Radar,85,83,72,5,245,0,0,43,3,46,85,83,115,8,291,37,0,37,328
09/06/2014,RIC,VA,AEA,EN,Towers with Radar,74,70,61,5,210,0,3,101,7,111,74,73,162,12,321,14,6,20,341
09/07/2014,RIC,VA,AEA,EN,Towers with Radar,80,90,59,4,233,0,14,19,1,34,80,104,78,5,267,72,0,72,339
09/08/2014,RIC,VA,AEA,EN,Towers with Radar,91,97,45,5,238,0,0,1,3,4,91,97,46,8,242,0,0,0,242
09/09/2014,RIC,VA,AEA,EN,Towers with Radar,98,95,46,6,245,0,2,4,1,7,98,97,50,7,252,0,0,0,252
09/10/2014,RIC,VA,AEA,EN,Towers with Radar,89,97,42,10,238,0,1,45,16,62,89,98,87,26,300,32,8,40,340
09/11/2014,RIC,VA,AEA,EN,Towers with Radar,95,89,56,4,244,0,3,59,14,76,95,92,115,18,320,45,6,51,371
09/12/2014,RIC,VA,AEA,EN,Towers with Radar,105,94,52,8,259,0,0,16,5,21,105,94,68,13,280,14,6,20,300
09/13/2014,RIC,VA,AEA,EN,Towers with Radar,61,72,30,0,163,0,0,5,0,5,61,72,35,0,168,0,0,0,168
09/14/2014,RIC,VA,AEA,EN,Towers with Radar,76,97,24,0,197,0,0,16,1,17,76,97,40,1,214,18,0,18,232
09/15/2014,RIC,VA,AEA,EN,Towers with Radar,93,103,64,11,271,0,0,28,14,42,93,103,92,25,313,46,0,46,359
09/16/2014,RIC,VA,AEA,EN,Towers with Radar,95,99,41,4,239,0,0,34,10,44,95,99,75,14,283,36,0,36,319
09/17/2014,RIC,VA,AEA,EN,Towers with Radar,104,98,72,13,287,0,2,32,22,56,104,100,104,35,343,15,4,19,362
09/18/2014,RIC,VA,AEA,EN,Towers with Radar,101,97,51,4,253,2,0,33,18,53,103,97,84,22,306,26,0,26,332
09/19/2014,RIC,VA,AEA,EN,Towers with Radar,95,106,62,17,280,0,2,36,10,48,95,108,98,27,328,76,10,86,414
09/20/2014,RIC,VA,AEA,EN,Towers with Radar,56,79,42,0,177,0,0,17,0,17,56,79,59,0,194,40,0,40,234
09/21/2014,RIC,VA,AEA,EN,Towers with Radar,83,95,31,2,211,0,3,21,0,24,83,98,52,2,235,0,0,0,235
09/22/2014,RIC,VA,AEA,EN,Towers with Radar,92,101,47,1,241,0,3,43,8,54,92,104,90,9,295,28,1,29,324
09/23/2014,RIC,VA,AEA,EN,Towers with Radar,92,98,46,12,248,0,1,28,14,43,92,99,74,26,291,20,22,42,333
09/24/2014,RIC,VA,AEA,EN,Towers with Radar,95,100,86,4,285,0,2,7,6,15,95,102,93,10,300,14,4,18,318
09/25/2014,RIC,VA,AEA,EN,Towers with Radar,89,101,56,3,249,0,2,0,1,3,89,103,56,4,252,0,0,0,252
09/26/2014,RIC,VA,AEA,EN,Towers with Radar,93,106,62,2,263,0,0,23,5,28,93,106,85,7,291,62,10,72,363
09/27/2014,RIC,VA,AEA,EN,Towers with Radar,63,58,33,1,155,0,1,38,29,68,63,59,71,30,223,34,0,34,257
09/28/2014,RIC,VA,AEA,EN,Towers with Radar,80,85,28,3,196,1,1,30,7,39,81,86,58,10,235,32,0,32,267
09/29/2014,RIC,VA,AEA,EN,Towers with Radar,87,90,55,2,234,0,1,16,6,23,87,91,71,8,257,34,0,34,291
09/30/2014,RIC,VA,AEA,EN,Towers with Radar,104,105,80,12,301,0,1,25,6,32,104,106,105,18,333,30,12,42,375
10/01/2014,RIC,VA,AEA,EN,Towers with Radar,102,103,53,13,271,0,0,19,9,28,102,103,72,22,299,28,32,60,359
10/02/2014,RIC,VA,AEA,EN,Towers with Radar,99,85,38,3,225,0,2,19,6,27,99,87,57,9,252,15,16,31,283
10/03/2014,RIC,VA,AEA,EN,Towers with Radar,97,90,56,0,243,0,4,7,3,14,97,94,63,3,257,6,0,6,263
10/04/2014,RIC,VA,AEA,EN,Towers with Radar,62,64,27,3,156,0,0,23,2,25,62,64,50,5,181,4,10,14,195
10/05/2014,RIC,VA,AEA,EN,Towers with Radar,82,88,41,1,212,0,3,11,0,14,82,91,52,1,226,22,0,22,248
10/06/2014,RIC,VA,AEA,EN,Towers with Radar,92,86,55,4,237,0,5,24,5,34,92,91,79,9,271,14,26,40,311
10/07/2014,RIC,VA,AEA,EN,Towers with Radar,98,91,39,7,235,0,2,34,10,46,98,93,73,17,281,8,14,22,303
10/08/2014,RIC,VA,AEA,EN,Towers with Radar,97,101,72,4,274,0,0,39,9,48,97,101,111,13,322,42,20,62,384
10/09/2014,RIC,VA,AEA,EN,Towers with Radar,107,106,55,22,290,0,2,49,5,56,107,108,104,27,346,51,26,77,423
10/10/2014,RIC,VA,AEA,EN,Towers with Radar,107,96,41,6,250,0,4,23,0,27,107,100,64,6,277,0,0,0,277
10/11/2014,RIC,VA,AEA,EN,Towers with Radar,66,76,30,0,172,0,0,1,0,1,66,76,31,0,173,0,0,0,173
10/12/2014,RIC,VA,AEA,EN,Towers with Radar,86,84,41,0,211,0,0,9,0,9,86,84,50,0,220,18,0,18,238
10/13/2014,RIC,VA,AEA,EN,Towers with Radar,99,116,40,1,256,0,9,21,0,30,99,125,61,1,286,40,0,40,326
10/14/2014,RIC,VA,AEA,EN,Towers with Radar,102,111,45,3,261,0,1,11,14,26,102,112,56,17,287,0,2,2,289
10/15/2014,RIC,VA,AEA,EN,Towers with Radar,106,99,50,1,256,0,0,2,0,2,106,99,52,1,258,0,0,0,258
10/16/2014,RIC,VA,AEA,EN,Towers with Radar,101,89,70,6,266,0,2,29,2,33,101,91,99,8,299,0,0,0,299
10/17/2014,RIC,VA,AEA,EN,Towers with Radar,105,102,48,3,258,0,2,49,5,56,105,104,97,8,314,28,0,28,342
10/18/2014,RIC,VA,AEA,EN,Towers with Radar,63,85,23,2,173,0,3,44,10,57,63,88,67,12,230,53,0,53,283
10/19/2014,RIC,VA,AEA,EN,Towers with Radar,80,82,36,1,199,0,4,27,0,31,80,86,63,1,230,88,0,88,318
10/20/2014,RIC,VA,AEA,EN,Towers with Radar,92,87,52,5,236,0,0,33,2,35,92,87,85,7,271,24,0,24,295
10/21/2014,RIC,VA,AEA,EN,Towers with Radar,96,103,49,6,254,0,2,27,12,41,96,105,76,18,295,30,0,30,325
10/22/2014,RIC,VA,AEA,EN,Towers with Radar,98,85,62,9,254,0,0,1,4,5,98,85,63,13,259,0,0,0,259
10/23/2014,RIC,VA,AEA,EN,Towers with Radar,110,106,56,27,299,0,4,24,3,31,110,110,80,30,330,0,0,0,330
10/24/2014,RIC,VA,AEA,EN,Towers with Radar,95,110,56,8,269,0,4,46,16,66,95,114,102,24,335,2,10,12,347
10/25/2014,RIC,VA,AEA,EN,Towers with Radar,58,68,24,1,151,0,4,27,9,40,58,72,51,10,191,48,0,48,239
10/26/2014,RIC,VA,AEA,EN,Towers with Radar,79,90,25,2,196,0,0,31,1,32,79,90,56,3,228,38,0,38,266
10/27/2014,RIC,VA,AEA,EN,Towers with Radar,92,89,48,12,241,0,4,38,12,54,92,93,86,24,295,38,2,40,335
10/28/2014,RIC,VA,AEA,EN,Towers with Radar,88,90,62,5,245,0,0,21,7,28,88,90,83,12,273,50,6,56,329
10/29/2014,RIC,VA,AEA,EN,Towers with Radar,96,98,41,5,240,0,0,22,10,32,96,98,63,15,272,37,10,47,319
10/30/2014,RIC,VA,AEA,EN,Towers with Radar,94,93,54,2,243,0,2,37,21,60,94,95,91,23,303,43,22,65,368
10/31/2014,RIC,VA,AEA,EN,Towers with Radar,88,79,34,7,208,0,2,28,6,36,88,81,62,13,244,72,0,72,316
11/01/2014,RIC,VA,AEA,EN,Towers with Radar,66,69,37,2,174,0,1,5,1,7,66,70,42,3,181,3,0,3,184
11/02/2014,RIC,VA,AEA,EN,Towers with Radar,92,87,22,0,201,0,2,13,0,15,92,89,35,0,216,0,0,0,216
11/03/2014,RIC,VA,AEA,EN,Towers with Radar,94,87,66,4,251,0,2,25,6,33,94,89,91,10,284,0,0,0,284
11/04/2014,RIC,VA,AEA,EN,Towers with Radar,100,92,58,4,254,0,2,33,14,49,100,94,91,18,303,16,2,18,321
11/05/2014,RIC,VA,AEA,EN,Towers with Radar,93,94,49,39,275,0,0,49,7,56,93,94,98,46,331,98,40,138,469
11/06/2014,RIC,VA,AEA,EN,Towers with Radar,98,86,62,16,262,0,1,16,2,19,98,87,78,18,281,2,22,24,305
11/07/2014,RIC,VA,AEA,EN,Towers with Radar,114,104,45,11,274,0,0,24,4,28,114,104,69,15,302,6,10,16,318
11/08/2014,RIC,VA,AEA,EN,Towers with Radar,67,69,23,1,160,0,0,24,4,28,67,69,47,5,188,8,8,16,204
11/09/2014,RIC,VA,AEA,EN,Towers with Radar,85,83,13,0,181,0,0,16,0,16,85,83,29,0,197,0,0,0,197
11/10/2014,RIC,VA,AEA,EN,Towers with Radar,99,90,55,2,246,0,3,25,4,32,99,93,80,6,278,0,15,15,293
11/11/2014,RIC,VA,AEA,EN,Towers with Radar,104,97,66,0,267,0,0,13,0,13,104,97,79,0,280,43,0,43,323
11/12/2014,RIC,VA,AEA,EN,Towers with Radar,104,87,67,14,272,0,0,19,9,28,104,87,86,23,300,16,28,44,344
11/13/2014,RIC,VA,AEA,EN,Towers with Radar,110,92,79,26,307,0,1,24,3,28,110,93,103,29,335,45,16,61,396
11/14/2014,RIC,VA,AEA,EN,Towers with Radar,106,103,63,6,278,0,1,32,25,58,106,104,95,31,336,2,0,2,338
11/15/2014,RIC,VA,AEA,EN,Towers with Radar,72,70,35,2,179,0,1,29,0,30,72,71,64,2,209,24,0,24,233
11/16/2014,RIC,VA,AEA,EN,Towers with Radar,87,87,39,6,219,0,3,17,4,24,87,90,56,10,243,2,0,2,245
11/17/2014,RIC,VA,AEA,EN,Towers with Radar,99,87,43,2,231,0,0,0,0,0,99,87,43,2,231,0,0,0,231
11/18/2014,RIC,VA,AEA,EN,Towers with Radar,107,104,56,30,297,0,1,41,11,53,107,105,97,41,350,30,10,40,390
11/19/2014,RIC,VA,AEA,EN,Towers with Radar,113,114,68,7,302,0,2,37,18,57,113,116,105,25,359,4,22,26,385
11/20/2014,RIC,VA,AEA,EN,Towers with Radar,103,116,82,0,301,0,2,27,10,39,103,118,109,10,340,10,0,10,350
11/21/2014,RIC,VA,AEA,EN,Towers with Radar,99,99,63,6,267,0,0,24,2,26,99,99,87,8,293,6,12,18,311
11/22/2014,RIC,VA,AEA,EN,Towers with Radar,67,63,35,4,169,0,2,26,0,28,67,65,61,4,197,0,0,0,197
11/23/2014,RIC,VA,AEA,EN,Towers with Radar,77,86,30,0,193,0,0,10,0,10,77,86,40,0,203,10,0,10,213
11/24/2014,RIC,VA,AEA,EN,Towers with Radar,89,74,54,25,242,0,3,3,8,14,89,77,57,33,256,8,22,30,286
11/25/2014,RIC,VA,AEA,EN,Towers with Radar,103,98,58,32,291,0,8,58,11,77,103,106,116,43,368,6,10,16,384
11/26/2014,RIC,VA,AEA,EN,Towers with Radar,100,85,18,0,203,0,0,3,0,3,100,85,21,0,206,0,0,0,206
11/27/2014,RIC,VA,AEA,EN,Towers with Radar,55,41,8,0,104,4,3,0,0,7,59,44,8,0,111,0,0,0,111
11/28/2014,RIC,VA,AEA,EN,Towers with Radar,74,49,20,1,144,0,2,13,0,15,74,51,33,1,159,4,2,6,165
11/29/2014,RIC,VA,AEA,EN,Towers with Radar,93,88,37,0,218,0,0,28,0,28,93,88,65,0,246,36,0,36,282
11/30/2014,RIC,VA,AEA,EN,Towers with Radar,97,88,51,0,236,0,0,18,0,18,97,88,69,0,254,14,0,14,268
12/01/2014,RIC,VA,AEA,EN,Towers with Radar,112,105,57,4,278,0,6,42,5,53,112,111,99,9,331,18,1,19,350
12/02/2014,RIC,VA,AEA,EN,Towers with Radar,100,80,51,6,237,0,0,0,0,0,100,80,51,6,237,0,0,0,237
12/03/2014,RIC,VA,AEA,EN,Towers with Radar,109,105,61,18,293,0,0,15,9,24,109,105,76,27,317,48,16,64,381
12/04/2014,RIC,VA,AEA,EN,Towers with Radar,109,93,58,12,272,0,0,40,5,45,109,93,98,17,317,26,46,72,389
12/05/2014,RIC,VA,AEA,EN,Towers with Radar,104,89,49,4,246,0,0,26,11,37,104,89,75,15,283,62,4,66,349
12/06/2014,RIC,VA,AEA,EN,Towers with Radar,53,65,18,0,136,0,0,6,2,8,53,65,24,2,144,0,0,0,144
12/07/2014,RIC,VA,AEA,EN,Towers with Radar,94,85,28,3,210,0,1,10,1,12,94,86,38,4,222,44,2,46,268
12/08/2014,RIC,VA,AEA,EN,Towers with Radar,102,81,43,4,230,0,0,11,3,14,102,81,54,7,244,6,0,6,250
12/09/2014,RIC,VA,AEA,EN,Towers with Radar,107,93,39,17,256,0,0,3,0,3,107,93,42,17,259,0,0,0,259
12/10/2014,RIC,VA,AEA,EN,Towers with Radar,114,90,65,43,312,0,9,25,18,52,114,99,90,61,364,6,36,42,406
12/11/2014,RIC,VA,AEA,EN,Towers with Radar,108,85,56,20,269,0,3,28,17,48,108,88,84,37,317,12,53,65,382
12/12/2014,RIC,VA,AEA,EN,Towers with Radar,107,94,64,5,270,0,0,34,4,38,107,94,98,9,308,12,6,18,326
12/13/2014,RIC,VA,AEA,EN,Towers with Radar,60,74,19,5,158,0,4,17,6,27,60,78,36,11,185,4,0,4,189
12/14/2014,RIC,VA,AEA,EN,Towers with Radar,91,72,29,0,192,0,0,23,0,23,91,72,52,0,215,30,0,30,245
12/15/2014,RIC,VA,AEA,EN,Towers with Radar,98,88,56,6,248,0,2,34,1,37,98,90,90,7,285,20,0,20,305
12/16/2014,RIC,VA,AEA,EN,Towers with Radar,107,90,38,14,249,0,0,7,1,8,107,90,45,15,257,12,6,18,275
12/17/2014,RIC,VA,AEA,EN,Towers with Radar,108,94,64,14,280,0,10,41,13,64,108,104,105,27,344,26,26,52,396
12/18/2014,RIC,VA,AEA,EN,Towers with Radar,114,91,59,5,269,0,0,28,15,43,114,91,87,20,312,45,6,51,363
12/19/2014,RIC,VA,AEA,EN,Towers with Radar,105,80,36,17,238,0,2,34,3,39,105,82,70,20,277,12,14,26,303
12/20/2014,RIC,VA,AEA,EN,Towers with Radar,82,82,17,4,185,0,2,18,4,24,82,84,35,8,209,36,4,40,249
12/21/2014,RIC,VA,AEA,EN,Towers with Radar,92,75,21,0,188,0,1,33,0,34,92,76,54,0,222,68,14,82,304
12/22/2014,RIC,VA,AEA,EN,Towers with Radar,103,71,28,2,204,0,0,0,0,0,103,71,28,2,204,0,0,0,204
12/23/2014,RIC,VA,AEA,EN,Towers with Radar,116,67,22,3,208,0,0,0,0,0,116,67,22,3,208,0,0,0,208
12/24/2014,RIC,VA,AEA,EN,Towers with Radar,85,59,6,0,150,0,0,0,0,0,85,59,6,0,150,0,0,0,150
12/25/2014,RIC,VA,AEA,EN,Towers with Radar,60,39,5,0,104,0,2,1,0,3,60,41,6,0,107,0,0,0,107
12/26/2014,RIC,VA,AEA,EN,Towers with Radar,87,83,34,0,204,0,1,19,0,20,87,84,53,0,224,14,0,14,238
12/27/2014,RIC,VA,AEA,EN,Towers with Radar,67,85,17,0,169,0,3,16,0,19,67,88,33,0,188,0,0,0,188
12/28/2014,RIC,VA,AEA,EN,Towers with Radar,86,72,18,0,176,0,0,6,0,6,86,72,24,0,182,0,0,0,182
12/29/2014,RIC,VA,AEA,EN,Towers with Radar,82,72,24,15,193,0,4,3,1,8,82,76,27,16,201,0,2,2,203
12/30/2014,RIC,VA,AEA,EN,Towers with Radar,87,77,24,5,193,0,2,24,9,35,87,79,48,14,228,14,0,14,242
12/31/2014,RIC,VA,AEA,EN,Towers with Radar,78,58,9,0,145,1,2,26,0,29,79,60,35,0,174,28,0,28,202
01/01/2015,RIC,VA,AEA,EN,Towers with Radar,59,53,15,0,127,0,0,19,0,19,59,53,34,0,146,46,0,46,192
01/02/2015,RIC,VA,AEA,EN,Towers with Radar,84,69,24,1,178,0,5,24,0,29,84,74,48,1,207,26,0,26,233
01/03/2015,RIC,VA,AEA,EN,Towers with Radar,73,83,19,1,176,0,0,2,0,2,73,83,21,1,178,22,0,22,200
01/04/2015,RIC,VA,AEA,EN,Towers with Radar,74,71,14,0,159,0,0,4,0,4,74,71,18,0,163,66,0,66,229
01/05/2015,RIC,VA,AEA,EN,Towers with Radar,86,78,26,14,204,0,0,26,4,30,86,78,52,18,234,62,8,70,304
01/06/2015,RIC,VA,AEA,EN,Towers with Radar,91,72,28,1,192,0,0,33,8,41,91,72,61,9,233,4,0,4,237
01/07/2015,RIC,VA,AEA,EN,Towers with Radar,93,85,22,30,230,0,0,13,5,18,93,85,35,35,248,24,12,36,284
01/08/2015,RIC,VA,AEA,EN,Towers with Radar,104,69,42,13,228,0,6,23,4,33,104,75,65,17,261,42,52,94,355
01/09/2015,RIC,VA,AEA,EN,Towers with Radar,101,75,42,18,236,0,4,21,4,29,101,79,63,22,265,18,32,50,315
01/10/2015,RIC,VA,AEA,EN,Towers with Radar,65,62,24,6,157,0,1,24,14,39,65,63,48,20,196,26,57,83,279
01/11/2015,RIC,VA,AEA,EN,Towers with Radar,83,72,16,6,177,0,1,22,4,27,83,73,38,10,204,14,0,14,218
01/12/2015,RIC,VA,AEA,EN,Towers with Radar,91,64,35,3,193,0,0,0,0,0,91,64,35,3,193,1,0,1,194
01/13/2015,RIC,VA,AEA,EN,Towers with Radar,99,86,46,10,241,0,0,12,16,28,99,86,58,26,269,30,4,34,303
01/14/2015,RIC,VA,AEA,EN,Towers with Radar,72,38,34,1,145,0,0,0,0,0,72,38,34,1,145,0,0,0,145
01/15/2015,RIC,VA,AEA,EN,Towers with Radar,106,75,47,34,262,0,0,11,12,23,106,75,58,46,285,0,33,33,318
01/16/2015,RIC,VA,AEA,EN,Towers with Radar,103,99,64,18,284,0,0,57,8,65,103,99,121,26,349,64,18,82,431
01/17/2015,RIC,VA,AEA,EN,Towers with Radar,57,69,30,0,156,0,3,34,0,37,57,72,64,0,193,4,0,4,197
01/18/2015,RIC,VA,AEA,EN,Towers with Radar,70,56,15,4,145,0,0,1,0,1,70,56,16,4,146,0,0,0,146
01/19/2015,RIC,VA,AEA,EN,Towers with Radar,93,93,50,2,238,0,3,37,1,41,93,96,87,3,279,8,0,8,287
01/20/2015,RIC,VA,AEA,EN,Towers with Radar,94,74,57,8,233,0,1,29,11,41,94,75,86,19,274,6,4,10,284
01/21/2015,RIC,VA,AEA,EN,Towers with Radar,103,79,42,13,237,0,2,35,20,57,103,81,77,33,294,18,18,36,330
01/22/2015,RIC,VA,AEA,EN,Towers with Radar,97,76,57,5,235,1,4,20,14,39,98,80,77,19,274,28,70,98,372
01/23/2015,RIC,VA,AEA,EN,Towers with Radar,101,92,42,10,245,0,1,19,6,26,101,93,61,16,271,20,12,32,303
01/24/2015,RIC,VA,AEA,EN,Towers with Radar,59,61,17,0,137,0,0,4,0,4,59,61,21,0,141,0,0,0,141
01/25/2015,RIC,VA,AEA,EN,Towers with Radar,78,71,49,1,199,0,2,15,0,17,78,73,64,1,216,20,0,20,236
01/26/2015,RIC,VA,AEA,EN,Towers with Radar,78,52,29,5,164,0,1,0,4,5,78,53,29,9,169,0,0,0,169
01/27/2015,RIC,VA,AEA,EN,Towers with Radar,68,48,36,6,158,0,1,11,6,18,68,49,47,12,176,1,1,2,178
01/28/2015,RIC,VA,AEA,EN,Towers with Radar,86,77,60,22,245,0,2,23,6,31,86,79,83,28,276,48,40,88,364
01/29/2015,RIC,VA,AEA,EN,Towers with Radar,99,78,55,13,245,0,1,34,9,44,99,79,89,22,289,70,30,100,389
01/30/2015,RIC,VA,AEA,EN,Towers with Radar,102,96,50,12,260,0,5,18,18,41,102,101,68,30,301,0,4,4,305
01/31/2015,RIC,VA,AEA,EN,Towers with Radar,59,59,40,6,164,0,0,27,11,38,59,59,67,17,202,2,0,2,204
02/01/2015,RIC,VA,AEA,EN,Towers with Radar,67,64,20,1,152,0,0,7,0,7,67,64,27,1,159,12,0,12,171
02/02/2015,RIC,VA,AEA,EN,Towers with Radar,77,44,20,35,176,0,0,0,4,4,77,44,20,39,180,0,32,32,212
02/03/2015,RIC,VA,AEA,EN,Towers with Radar,89,63,43,9,204,0,4,45,16,65,89,67,88,25,269,26,6,32,301
02/04/2015,RIC,VA,AEA,EN,Towers with Radar,94,79,47,29,249,0,0,25,18,43,94,79,72,47,292,12,12,24,316
02/05/2015,RIC,VA,AEA,EN,Towers with Radar,94,75,54,3,226,0,2,14,7,23,94,77,68,10,249,14,26,40,289
02/06/2015,RIC,VA,AEA,EN,Towers with Radar,107,85,42,6,240,0,0,26,5,31,107,85,68,11,271,8,7,15,286
02/07/2015,RIC,VA,AEA,EN,Towers with Radar,59,69,31,3,162,0,2,33,0,35,59,71,64,3,197,62,0,62,259
02/08/2015,RIC,VA,AEA,EN,Towers with Radar,69,81,34,2,186,0,3,8,0,11,69,84,42,2,197,51,0,51,248
02/09/2015,RIC,VA,AEA,EN,Towers with Radar,70,75,36,25,206,0,0,15,7,22,70,75,51,32,228,32,6,38,266
02/10/2015,RIC,VA,AEA,EN,Towers with Radar,91,76,39,0,206,0,0,3,1,4,91,76,42,1,210,1,0,1,211
02/11/2015,RIC,VA,AEA,EN,Towers with Radar,101,78,61,28,268,0,4,28,2,34,101,82,89,30,302,6,46,52,354
02/12/2015,RIC,VA,AEA,EN,Towers with Radar,95,77,39,5,216,0,1,11,22,34,95,78,50,27,250,0,12,12,262
02/13/2015,RIC,VA,AEA,EN,Towers with Radar,98,84,36,17,235,0,0,35,6,41,98,84,71,23,276,4,28,32,308
02/14/2015,RIC,VA,AEA,EN,Towers with Radar,65,73,16,7,161,0,6,5,0,11,65,79,21,7,172,2,2,4,176
02/15/2015,RIC,VA,AEA,EN,Towers with Radar,62,63,22,0,147,0,0,3,0,3,62,63,25,0,150,4,0,4,154
02/16/2015,RIC,VA,AEA,EN,Towers with Radar,65,50,36,1,152,0,1,8,1,10,65,51,44,2,162,0,0,0,162
02/17/2015,RIC,VA,AEA,EN,Towers with Radar,56,47,33,5,141,0,0,3,0,3,56,47,36,5,144,6,0,6,150
02/18/2015,RIC,VA,AEA,EN,Towers with Radar,92,79,26,5,202,0,1,10,2,13,92,80,36,7,215,0,0,0,215
02/19/2015,RIC,VA,AEA,EN,Towers with Radar,102,91,51,4,248,0,0,12,7,19,102,91,63,11,267,0,0,0,267
02/20/2015,RIC,VA,AEA,EN,Towers with Radar,98,90,36,5,229,0,0,18,3,21,98,90,54,8,250,4,8,12,262
02/21/2015,RIC,VA,AEA,EN,Towers with Radar,73,52,20,0,145,0,0,4,1,5,73,52,24,1,150,0,10,10,160
02/22/2015,RIC,VA,AEA,EN,Towers with Radar,82,73,23,2,180,0,0,2,3,5,82,73,25,5,185,0,0,0,185
02/23/2015,RIC,VA,AEA,EN,Towers with Radar,88,78,42,19,227,0,0,15,6,21,88,78,57,25,248,6,2,8,256
02/24/2015,RIC,VA,AEA,EN,Towers with Radar,95,86,29,14,224,0,0,16,3,19,95,86,45,17,243,4,26,30,273
02/25/2015,RIC,VA,AEA,EN,Towers with Radar,94,82,53,19,248,0,2,21,29,52,94,84,74,48,300,32,8,40,340
02/26/2015,RIC,VA,AEA,EN,Towers with Radar,81,64,22,0,167,0,0,1,0,1,81,64,23,0,168,0,0,0,168
02/27/2015,RIC,VA,AEA,EN,Towers with Radar,100,78,33,12,223,0,0,23,0,23,100,78,56,12,246,20,0,20,266
02/28/2015,RIC,VA,AEA,EN,Towers with Radar,56,66,33,3,158,0,3,27,5,35,56,69,60,8,193,28,10,38,231
03/01/2015,RIC,VA,AEA,EN,Towers with Radar,77,59,8,0,144,0,0,3,0,3,77,59,11,0,147,0,0,0,147
03/02/2015,RIC,VA,AEA,EN,Towers with Radar,92,79,51,27,249,0,1,10,5,16,92,80,61,32,265,14,12,26,291
03/03/2015,RIC,VA,AEA,EN,Towers with Radar,113,61,36,11,221,0,4,10,3,17,113,65,46,14,238,2,4,6,244
03/04/2015,RIC,VA,AEA,EN,Towers with Radar,112,88,37,5,242,0,1,0,8,9,112,89,37,13,251,0,6,6,257
03/05/2015,RIC,VA,AEA,EN,Towers with Radar,69,44,21,0,134,0,0,0,0,0,69,44,21,0,134,0,0,0,134
03/06/2015,RIC,VA,AEA,EN,Towers with Radar,108,66,55,4,233,0,1,21,2,24,108,67,76,6,257,3,6,9,266
03/07/2015,RIC,VA,AEA,EN,Towers with Radar,66,75,36,10,187,0,6,25,4,35,66,81,61,14,222,8,8,16,238
03/08/2015,RIC,VA,AEA,EN,Towers with Radar,90,68,28,4,190,0,3,19,2,24,90,71,47,6,214,6,0,6,220
03/09/2015,RIC,VA,AEA,EN,Towers with Radar,111,71,69,9,260,0,1,31,6,38,111,72,100,15,298,12,6,18,316
03/10/2015,RIC,VA,AEA,EN,Towers with Radar,99,73,36,6,214,0,0,12,12,24,99,73,48,18,238,10,0,10,248
03/11/2015,RIC,VA,AEA,EN,Towers with Radar,100,74,40,8,222,0,1,2,3,6,100,75,42,11,228,0,0,0,228
03/12/2015,RIC,VA,AEA,EN,Towers with Radar,119,83,63,6,271,0,3,35,6,44,119,86,98,12,315,20,4,24,339
03/13/2015,RIC,VA,AEA,EN,Towers with Radar,113,77,34,0,224,0,0,23,11,34,113,77,57,11,258,30,8,38,296
03/14/2015,RIC,VA,AEA,EN,Towers with Radar,74,69,23,0,166,0,0,0,0,0,74,69,23,0,166,0,0,0,166
03/15/2015,RIC,VA,AEA,EN,Towers with Radar,94,68,28,5,195,0,4,16,19,39,94,72,44,24,234,42,10,52,286
03/16/2015,RIC,VA,AEA,EN,Towers with Radar,111,75,47,2,235,0,2,29,5,36,111,77,76,7,271,0,0,0,271
03/17/2015,RIC,VA,AEA,EN,Towers with Radar,99,71,54,3,227,0,2,21,10,33,99,73,75,13,260,0,0,0,260
03/18/2015,RIC,VA,AEA,EN,Towers with Radar,115,73,45,9,242,0,0,21,15,36,115,73,66,24,278,2,4,6,284
03/19/2015,RIC,VA,AEA,EN,Towers with Radar,112,81,64,4,261,0,2,30,14,46,112,83,94,18,307,28,13,41,348
03/20/2015,RIC,VA,AEA,EN,Towers with Radar,104,70,50,0,224,0,1,2,0,3,104,71,52,0,227,2,3,5,232
03/21/2015,RIC,VA,AEA,EN,Towers with Radar,69,78,35,0,182,0,0,25,10,35,69,78,60,10,217,22,0,22,239
03/22/2015,RIC,VA,AEA,EN,Towers with Radar,91,77,38,0,206,0,2,26,0,28,91,79,64,0,234,42,0,42,276
03/23/2015,RIC,VA,AEA,EN,Towers with Radar,105,66,46,7,224,0,0,32,16,48,105,66,78,23,272,22,0,22,294
03/24/2015,RIC,VA,AEA,EN,Towers with Radar,104,88,66,4,262,0,7,32,16,55,104,95,98,20,317,55,8,63,380
03/25/2015,RIC,VA,AEA,EN,Towers with Radar,111,75,52,5,243,0,0,36,11,47,111,75,88,16,290,0,0,0,290
03/26/2015,RIC,VA,AEA,EN,Towers with Radar,121,69,62,9,261,0,2,11,17,30,121,71,73,26,291,0,1,1,292
03/27/2015,RIC,VA,AEA,EN,Towers with Radar,102,79,35,8,224,0,2,7,3,12,102,81,42,11,236,6,0,6,242
03/28/2015,RIC,VA,AEA,EN,Towers with Radar,72,62,18,2,154,0,2,8,7,17,72,64,26,9,171,0,0,0,171
03/29/2015,RIC,VA,AEA,EN,Towers with Radar,93,71,31,2,197,0,1,28,0,29,93,72,59,2,226,12,0,12,238
03/30/2015,RIC,VA,AEA,EN,Towers with Radar,101,71,57,6,235,0,7,15,6,28,101,78,72,12,263,0,2,2,265
03/31/2015,RIC,VA,AEA,EN,Towers with Radar,107,79,40,0,226,0,0,19,19,38,107,79,59,19,264,4,4,8,272
04/01/2015,RIC,VA,AEA,EN,Towers with Radar,108,84,50,8,250,0,2,32,10,44,108,86,82,18,294,38,30,68,362
04/02/2015,RIC,VA,AEA,EN,Towers with Radar,108,79,55,8,250,0,5,22,20,47,108,84,77,28,297,4,9,13,310
04/03/2015,RIC,VA,AEA,EN,Towers with Radar,109,77,34,4,224,0,0,13,19,32,109,77,47,23,256,0,7,7,263
04/04/2015,RIC,VA,AEA,EN,Towers with Radar,69,65,20,0,154,0,5,9,2,16,69,70,29,2,170,0,0,0,170
04/05/2015,RIC,VA,AEA,EN,Towers with Radar,84,62,18,2,166,0,0,9,0,9,84,62,27,2,175,0,0,0,175
04/06/2015,RIC,VA,AEA,EN,Towers with Radar,112,76,69,5,262,0,1,15,6,22,112,77,84,11,284,0,0,0,284
04/07/2015,RIC,VA,AEA,EN,Towers with Radar,114,78,62,13,267,0,0,7,11,18,114,78,69,24,285,10,4,14,299
04/08/2015,RIC,VA,AEA,EN,Towers with Radar,128,73,59,4,264,0,0,1,0,1,128,73,60,4,265,0,0,0,265
04/09/2015,RIC,VA,AEA,EN,Towers with Radar,114,71,41,6,232,0,0,0,0,0,114,71,41,6,232,0,6,6,238
04/10/2015,RIC,VA,AEA,EN,Towers with Radar,104,74,32,0,210,0,0,5,8,13,104,74,37,8,223,2,8,10,233
04/11/2015,RIC,VA,AEA,EN,Towers with Radar,80,69,40,3,192,0,2,17,1,20,80,71,57,4,212,10,6,16,228
04/12/2015,RIC,VA,AEA,EN,Towers with Radar,100,71,37,0,208,0,4,23,2,29,100,75,60,2,237,40,0,40,277
04/13/2015,RIC,VA,AEA,EN,Towers with Radar,129,69,46,2,246,0,1,32,16,49,129,70,78,18,295,4,18,22,317
04/14/2015,RIC,VA,AEA,EN,Towers with Radar,116,71,45,23,255,0,0,0,0,0,116,71,45,23,255,0,0,0,255
04/15/2015,RIC,VA,AEA,EN,Towers with Radar,114,79,73,1,267,0,3,45,16,64,114,82,118,17,331,40,4,44,375
04/16/2015,RIC,VA,AEA,EN,Towers with Radar,117,70,56,4,247,0,4,30,10,44,117,74,86,14,291,6,0,6,297
04/17/2015,RIC,VA,AEA,EN,Towers with Radar,122,76,45,4,247,0,9,34,30,73,122,85,79,34,320,56,14,70,390
04/18/2015,RIC,VA,AEA,EN,Towers with Radar,87,72,25,0,184,0,0,21,18,39,87,72,46,18,223,108,4,112,335
04/19/2015,RIC,VA,AEA,EN,Towers with Radar,108,63,22,3,196,1,1,9,17,28,109,64,31,20,224,6,4,10,234
04/20/2015,RIC,VA,AEA,EN,Towers with Radar,104,59,43,3,209,0,0,4,5,9,104,59,47,8,218,32,0,32,250
04/21/2015,RIC,VA,AEA,EN,Towers with Radar,114,79,65,14,272,1,3,34,4,42,115,82,99,18,314,21,8,29,343
04/22/2015,RIC,VA,AEA,EN,Towers with Radar,118,79,47,2,246,0,0,24,10,34,118,79,71,12,280,0,12,12,292
04/23/2015,RIC,VA,AEA,EN,Towers with Radar,116,76,89,10,291,0,0,29,12,41,116,76,118,22,332,28,16,44,376
04/24/2015,RIC,VA,AEA,EN,Towers with Radar,115,81,67,0,263,0,0,51,12,63,115,81,118,12,326,6,0,6,332
04/25/2015,RIC,VA,AEA,EN,Towers with Radar,79,72,49,2,202,0,3,33,5,41,79,75,82,7,243,24,0,24,267
04/26/2015,RIC,VA,AEA,EN,Towers with Radar,112,76,103,0,291,0,0,58,1,59,112,76,161,1,350,8,0,8,358
04/27/2015,RIC,VA,AEA,EN,Towers with Radar,104,60,50,1,215,0,2,28,16,46,104,62,78,17,261,48,0,48,309
04/28/2015,RIC,VA,AEA,EN,Towers with Radar,113,61,63,7,244,0,13,34,16,63,113,74,97,23,307,4,18,22,329
04/29/2015,RIC,VA,AEA,EN,Towers with Radar,117,72,50,7,246,0,2,41,11,54,117,74,91,18,300,58,18,76,376
04/30/2015,RIC,VA,AEA,EN,Towers with Radar,126,76,50,3,255,0,2,16,11,29,126,78,66,14,284,68,1,69,353
05/01/2015,RIC,VA,AEA,EN,Towers with Radar,116,77,45,4,242,0,4,1,4,9,116,81,46,8,251,0,4,4,255
05/02/2015,RIC,VA,AEA,EN,Towers with Radar,84,62,26,3,175,0,7,30,6,43,84,69,56,9,218,100,0,100,318
05/03/2015,RIC,VA,AEA,EN,Towers with Radar,96,73,26,0,195,0,0,26,1,27,96,73,52,1,222,14,0,14,236
05/04/2015,RIC,VA,AEA,EN,Towers with Radar,111,73,57,6,247,0,3,24,4,31,111,76,81,10,278,21,14,35,313
05/05/2015,RIC,VA,AEA,EN,Towers with Radar,121,70,55,10,256,0,0,14,3,17,121,70,69,13,273,16,9,25,298
05/06/2015,RIC,VA,AEA,EN,Towers with Radar,127,83,61,5,276,0,7,36,0,43,127,90,97,5,319,30,0,30,349
05/07/2015,RIC,VA,AEA,EN,Towers with Radar,116,67,62,18,263,0,0,27,12,39,116,67,89,30,302,85,32,117,419
05/08/2015,RIC,VA,AEA,EN,Towers with Radar,114,83,54,10,261,0,15,38,2,55,114,98,92,12,316,2,0,2,318
05/09/2015,RIC,VA,AEA,EN,Towers with Radar,77,68,40,1,186,0,2,22,5,29,77,70,62,6,215,36,0,36,251
05/10/2015,RIC,VA,AEA,EN,Towers with Radar,91,72,34,0,197,0,0,3,0,3,91,72,37,0,200,0,0,0,200
05/11/2015,RIC,VA,AEA,EN,Towers with Radar,105,66,59,19,249,0,1,6,3,10,105,67,65,22,259,0,0,0,259
05/12/2015,RIC,VA,AEA,EN,Towers with Radar,117,62,51,1,231,0,0,11,14,25,117,62,62,15,256,11,4,15,271
05/13/2015,RIC,VA,AEA,EN,Towers with Radar,124,79,71,1,275,0,2,26,11,39,124,81,97,12,314,9,0,9,323
05/14/2015,RIC,VA,AEA,EN,Towers with Radar,113,81,83,6,283,1,9,75,27,112,114,90,158,33,395,14,4,18,413
05/15/2015,RIC,VA,AEA,EN,Towers with Radar,116,78,56,4,254,0,6,44,8,58,116,84,100,12,312,20,28,48,360
05/16/2015,RIC,VA,AEA,EN,Towers with Radar,78,60,20,3,161,0,12,27,10,49,78,72,47,13,210,12,18,30,240
05/17/2015,RIC,VA,AEA,EN,Towers with Radar,105,74,33,2,214,0,0,16,1,17,105,74,49,3,231,0,0,0,231
05/18/2015,RIC,VA,AEA,EN,Towers with Radar,120,60,53,8,241,0,6,23,14,43,120,66,76,22,284,12,2,14,298
05/19/2015,RIC,VA,AEA,EN,Towers with Radar,113,75,70,5,263,0,0,20,1,21,113,75,90,6,284,0,0,0,284
05/20/2015,RIC,VA,AEA,EN,Towers with Radar,135,75,46,6,262,0,0,35,9,44,135,75,81,15,306,18,2,20,326
05/21/2015,RIC,VA,AEA,EN,Towers with Radar,115,70,65,1,251,0,0,0,0,0,115,70,65,1,251,0,0,0,251
05/22/2015,RIC,VA,AEA,EN,Towers with Radar,114,72,41,0,227,0,2,28,0,30,114,74,69,0,257,0,0,0,257
05/23/2015,RIC,VA,AEA,EN,Towers with Radar,64,57,22,0,143,0,0,18,0,18,64,57,40,0,161,0,0,0,161
05/24/2015,RIC,VA,AEA,EN,Towers with Radar,72,52,16,0,140,0,8,10,0,18,72,60,26,0,158,0,0,0,158
05/25/2015,RIC,VA,AEA,EN,Towers with Radar,97,59,30,0,186,0,0,11,0,11,97,59,41,0,197,20,0,20,217
05/26/2015,RIC,VA,AEA,EN,Towers with Radar,116,63,54,2,235,0,2,19,12,33,116,65,73,14,268,12,0,12,280
05/27/2015,RIC,VA,AEA,EN,Towers with Radar,107,64,47,5,223,0,0,25,11,36,107,64,72,16,259,2,0,2,261
05/28/2015,RIC,VA,AEA,EN,Towers with Radar,111,68,56,13,248,0,0,26,15,41,111,68,82,28,289,10,0,10,299
05/29/2015,RIC,VA,AEA,EN,Towers with Radar,117,80,56,0,253,1,0,23,6,30,118,80,79,6,283,1,0,1,284
05/30/2015,RIC,VA,AEA,EN,Towers with Radar,77,54,30,0,161,0,2,26,7,35,77,56,56,7,196,12,0,12,208
05/31/2015,RIC,VA,AEA,EN,Towers with Radar,96,61,28,1,186,0,0,13,0,13,96,61,41,1,199,8,0,8,207
06/01/2015,RIC,VA,AEA,EN,Towers with Radar,107,59,51,5,222,0,2,18,6,26,107,61,69,11,248,20,3,23,271
06/02/2015,RIC,VA,AEA,EN,Towers with Radar,121,77,48,8,254,0,0,20,5,25,121,77,68,13,279,0,0,0,279
06/03/2015,RIC,VA,AEA,EN,Towers with Radar,127,75,37,9,248,0,0,0,0,0,127,75,37,9,248,0,6,6,254
06/04/2015,RIC,VA,AEA,EN,Towers with Radar,112,70,44,0,226,0,0,0,0,0,112,70,44,0,226,4,0,4,230
06/05/2015,RIC,VA,AEA,EN,Towers with Radar,117,81,66,7,271,0,4,6,8,18,117,85,72,15,289,54,16,70,359
06/06/2015,RIC,VA,AEA,EN,Towers with Radar,83,63,23,0,169,0,3,13,8,24,83,66,36,8,193,52,10,62,255
06/07/2015,RIC,VA,AEA,EN,Towers with Radar,102,68,26,1,197,0,0,15,8,23,102,68,41,9,220,0,2,2,222
06/08/2015,RIC,VA,AEA,EN,Towers with Radar,116,65,55,0,236,0,0,15,4,19,116,65,70,4,255,0,2,2,257
06/09/2015,RIC,VA,AEA,EN,Towers with Radar,112,74,42,2,230,0,0,15,4,19,112,74,57,6,249,2,0,2,251
06/10/2015,RIC,VA,AEA,EN,Towers with Radar,117,71,61,21,270,0,0,41,13,54,117,71,102,34,324,52,21,73,397
06/11/2015,RIC,VA,AEA,EN,Towers with Radar,124,75,85,11,295,0,0,40,13,53,124,75,125,24,348,18,2,20,368
06/12/2015,RIC,VA,AEA,EN,Towers with Radar,117,75,27,9,228,0,0,25,6,31,117,75,52,15,259,0,8,8,267
06/13/2015,RIC,VA,AEA,EN,Towers with Radar,81,68,24,4,177,0,3,20,5,28,81,71,44,9,205,12,0,12,217
06/14/2015,RIC,VA,AEA,EN,Towers with Radar,103,70,20,8,201,0,2,20,1,23,103,72,40,9,224,16,22,38,262
06/15/2015,RIC,VA,AEA,EN,Towers with Radar,105,75,62,1,243,0,4,27,9,40,105,79,89,10,283,13,0,13,296
06/16/2015,RIC,VA,AEA,EN,Towers with Radar,113,72,51,7,243,0,3,17,6,26,113,75,68,13,269,20,12,32,301
06/17/2015,RIC,VA,AEA,EN,Towers with Radar,110,77,56,2,245,0,10,23,13,46,110,87,79,15,291,24,6,30,321
06/18/2015,RIC,VA,AEA,EN,Towers with Radar,131,78,60,30,299,0,1,31,17,49,131,79,91,47,348,18,37,55,403
06/19/2015,RIC,VA,AEA,EN,Towers with Radar,125,76,52,9,262,0,1,34,10,45,125,77,86,19,307,28,11,39,346
06/20/2015,RIC,VA,AEA,EN,Towers with Radar,83,62,27,5,177,0,0,23,12,35,83,62,50,17,212,6,0,6,218
06/21/2015,RIC,VA,AEA,EN,Towers with Radar,103,72,32,4,211,0,0,11,1,12,103,72,43,5,223,0,0,0,223
06/22/2015,RIC,VA,AEA,EN,Towers with Radar,113,73,64,7,257,0,1,38,9,48,113,74,102,16,305,2,2,4,309
06/23/2015,RIC,VA,AEA,EN,Towers with Radar,132,68,42,5,247,0,0,12,8,20,132,68,54,13,267,0,6,6,273
06/24/2015,RIC,VA,AEA,EN,Towers with Radar,112,73,68,18,271,0,2,34,38,74,112,75,102,56,345,52,16,68,413
06/25/2015,RIC,VA,AEA,EN,Towers with Radar,115,69,54,13,251,0,2,27,10,39,115,71,81,23,290,34,68,102,392
06/26/2015,RIC,VA,AEA,EN,Towers with Radar,110,82,41,12,245,0,0,20,0,20,110,82,61,12,265,4,10,14,279
06/27/2015,RIC,VA,AEA,EN,Towers with Radar,83,66,24,2,175,0,4,3,4,11,83,70,27,6,186,0,0,0,186
06/28/2015,RIC,VA,AEA,EN,Towers with Radar,96,69,30,0,195,0,0,19,0,19,96,69,49,0,214,20,0,20,234
06/29/2015,RIC,VA,AEA,EN,Towers with Radar,106,62,44,6,218,0,4,31,8,43,106,66,75,14,261,20,16,36,297
06/30/2015,RIC,VA,AEA,EN,Towers with Radar,108,58,58,16,240,0,3,31,7,41,108,61,89,23,281,18,10,28,309
07/01/2015,RIC,VA,AEA,EN,Towers with Radar,130,82,43,13,268,0,0,31,21,52,130,82,74,34,320,26,10,36,356
07/02/2015,RIC,VA,AEA,EN,Towers with Radar,106,80,44,6,236,0,0,12,0,12,106,80,56,6,248,48,0,48,296
07/03/2015,RIC,VA,AEA,EN,Towers with Radar,92,60,22,0,174,0,0,16,0,16,92,60,38,0,190,2,0,2,192
07/04/2015,RIC,VA,AEA,EN,Towers with Radar,60,48,11,2,121,0,2,4,0,6,60,50,15,2,127,22,0,22,149
07/05/2015,RIC,VA,AEA,EN,Towers with Radar,96,62,43,12,213,0,0,1,0,1,96,62,44,12,214,32,0,32,246
07/06/2015,RIC,VA,AEA,EN,Towers with Radar,113,77,52,1,243,0,0,18,2,20,113,77,70,3,263,34,0,34,297
07/07/2015,RIC,VA,AEA,EN,Towers with Radar,116,83,46,5,250,0,0,33,7,40,116,83,79,12,290,42,2,44,334
07/08/2015,RIC,VA,AEA,EN,Towers with Radar,108,81,45,1,235,0,2,34,9,45,108,83,79,10,280,16,6,22,302
07/09/2015,RIC,VA,AEA,EN,Towers with Radar,117,92,59,12,280,0,0,49,8,57,117,92,108,20,337,38,0,38,375
07/10/2015,RIC,VA,AEA,EN,Towers with Radar,110,91,35,2,238,0,7,26,16,49,110,98,61,18,287,44,4,48,335
07/11/2015,RIC,VA,AEA,EN,Towers with Radar,77,66,17,4,164,0,1,4,2,7,77,67,21,6,171,0,0,0,171
07/12/2015,RIC,VA,AEA,EN,Towers with Radar,95,66,40,7,208,0,0,32,3,35,95,66,72,10,243,26,9,35,278
07/13/2015,RIC,VA,AEA,EN,Towers with Radar,122,80,42,6,250,0,8,12,8,28,122,88,54,14,278,24,0,24,302
07/14/2015,RIC,VA,AEA,EN,Towers with Radar,104,75,49,12,240,0,6,24,7,37,104,81,73,19,277,27,10,37,314
07/15/2015,RIC,VA,AEA,EN,Towers with Radar,127,76,52,24,279,0,1,28,10,39,127,77,80,34,318,48,8,56,374
07/16/2015,RIC,VA,AEA,EN,Towers with Radar,123,76,50,17,266,0,5,43,8,56,123,81,93,25,322,16,0,16,338
07/17/2015,RIC,VA,AEA,EN,Towers with Radar,109,83,43,4,239,0,2,53,3,58,109,85,96,7,297,54,0,54,351
07/18/2015,RIC,VA,AEA,EN,Towers with Radar,89,61,31,8,189,0,0,22,4,26,89,61,53,12,215,29,0,29,244
07/19/2015,RIC,VA,AEA,EN,Towers with Radar,111,73,35,2,221,0,2,16,2,20,111,75,51,4,241,0,0,0,241
07/20/2015,RIC,VA,AEA,EN,Towers with Radar,111,75,42,24,252,0,10,20,1,31,111,85,62,25,283,19,30,49,332
07/21/2015,RIC,VA,AEA,EN,Towers with Radar,107,72,57,8,244,0,0,17,8,25,107,72,74,16,269,10,0,10,279
07/22/2015,RIC,VA,AEA,EN,Towers with Radar,115,86,62,3,266,1,6,50,13,70,116,92,112,16,336,12,6,18,354
07/23/2015,RIC,VA,AEA,EN,Towers with Radar,113,80,51,5,249,0,0,20,18,38,113,80,71,23,287,0,4,4,291
07/24/2015,RIC,VA,AEA,EN,Towers with Radar,115,88,49,5,257,0,1,27,14,42,115,89,76,19,299,32,14,46,345
07/25/2015,RIC,VA,AEA,EN,Towers with Radar,80,60,22,0,162,0,10,25,5,40,80,70,47,5,202,28,2,30,232
07/26/2015,RIC,VA,AEA,EN,Towers with Radar,97,65,31,1,194,0,5,16,0,21,97,70,47,1,215,0,0,0,215
07/27/2015,RIC,VA,AEA,EN,Towers with Radar,118,75,47,6,246,0,0,23,4,27,118,75,70,10,273,0,0,0,273
07/28/2015,RIC,VA,AEA,EN,Towers with Radar,106,74,44,10,234,0,0,18,7,25,106,74,62,17,259,2,0,2,261
07/29/2015,RIC,VA,AEA,EN,Towers with Radar,107,92,60,8,267,0,1,13,1,15,107,93,73,9,282,2,0,2,284
07/30/2015,RIC,VA,AEA,EN,Towers with Radar,141,76,53,18,288,0,2,36,0,38,141,78,89,18,326,0,0,0,326
07/31/2015,RIC,VA,AEA,EN,Towers with Radar,111,74,41,6,232,0,0,24,7,31,111,74,65,13,263,12,18,30,293
08/01/2015,RIC,VA,AEA,EN,Towers with Radar,83,58,31,2,174,0,2,25,3,30,83,60,56,5,204,30,6,36,240
08/02/2015,RIC,VA,AEA,EN,Towers with Radar,96,66,29,10,201,0,2,26,2,30,96,68,55,12,231,14,2,16,247
08/03/2015,RIC,VA,AEA,EN,Towers with Radar,104,73,67,14,258,0,0,37,1,38,104,73,104,15,296,6,18,24,320
08/04/2015,RIC,VA,AEA,EN,Towers with Radar,107,73,51,7,238,1,4,25,3,33,108,77,76,10,271,6,14,20,291
08/05/2015,RIC,VA,AEA,EN,Towers with Radar,114,72,63,25,274,0,0,32,10,42,114,72,95,35,316,24,4,28,344
08/06/2015,RIC,VA,AEA,EN,Towers with Radar,113,78,54,7,252,0,0,20,5,25,113,78,74,12,277,30,10,40,317
08/07/2015,RIC,VA,AEA,EN,Towers with Radar,115,72,53,0,240,0,0,3,0,3,115,72,56,0,243,0,0,0,243
08/08/2015,RIC,VA,AEA,EN,Towers with Radar,73,70,33,4,180,0,0,21,3,24,73,70,54,7,204,0,2,2,206
08/09/2015,RIC,VA,AEA,EN,Towers with Radar,97,67,42,2,208,0,0,33,0,33,97,67,75,2,241,38,4,42,283
08/10/2015,RIC,VA,AEA,EN,Towers with Radar,102,61,29,3,195,0,4,10,11,25,102,65,39,14,220,0,2,2,222
08/11/2015,RIC,VA,AEA,EN,Towers with Radar,115,76,31,10,232,0,4,13,6,23,115,80,44,16,255,6,0,6,261
08/12/2015,RIC,VA,AEA,EN,Towers with Radar,116,72,72,4,264,0,7,37,11,55,116,79,109,15,319,0,0,0,319
08/13/2015,RIC,VA,AEA,EN,Towers with Radar,110,78,55,10,253,0,9,32,13,54,110,87,87,23,307,10,18,28,335
08/14/2015,RIC,VA,AEA,EN,Towers with Radar,109,80,40,12,241,0,5,32,6,43,109,85,72,18,284,24,10,34,318
08/15/2015,RIC,VA,AEA,EN,Towers with Radar,63,61,27,2,153,0,6,29,5,40,63,67,56,7,193,52,0,52,245
08/16/2015,RIC,VA,AEA,EN,Towers with Radar,95,76,44,1,216,0,2,28,0,30,95,78,72,1,246,14,0,14,260
08/17/2015,RIC,VA,AEA,EN,Towers with Radar,105,77,60,0,242,0,2,26,5,33,105,79,86,5,275,22,0,22,297
08/18/2015,RIC,VA,AEA,EN,Towers with Radar,113,92,50,11,266,0,1,17,2,20,113,93,67,13,286,28,18,46,332
08/19/2015,RIC,VA,AEA,EN,Towers with Radar,109,84,56,2,251,0,0,12,9,21,109,84,68,11,272,10,0,10,282
08/20/2015,RIC,VA,AEA,EN,Towers with Radar,112,80,48,10,250,0,0,11,13,24,112,80,59,23,274,4,14,18,292
08/21/2015,RIC,VA,AEA,EN,Towers with Radar,110,86,49,4,249,0,2,29,15,46,110,88,78,19,295,18,0,18,313
08/22/2015,RIC,VA,AEA,EN,Towers with Radar,77,58,13,2,150,0,10,17,2,29,77,68,30,4,179,8,0,8,187
08/23/2015,RIC,VA,AEA,EN,Towers with Radar,92,74,29,0,195,0,2,15,0,17,92,76,44,0,212,2,0,2,214
08/24/2015,RIC,VA,AEA,EN,Towers with Radar,107,79,40,2,228,0,2,25,5,32,107,81,65,7,260,34,0,34,294
08/25/2015,RIC,VA,AEA,EN,Towers with Radar,108,75,77,5,265,0,5,29,2,36,108,80,106,7,301,14,16,30,331
08/26/2015,RIC,VA,AEA,EN,Towers with Radar,108,74,49,8,239,0,0,31,14,45,108,74,80,22,284,0,2,2,286
08/27/2015,RIC,VA,AEA,EN,Towers with Radar,108,85,49,15,257,0,1,26,8,35,108,86,75,23,292,0,0,0,292
08/28/2015,RIC,VA,AEA,EN,Towers with Radar,116,81,23,18,238,0,10,27,12,49,116,91,50,30,287,38,4,42,329
08/29/2015,RIC,VA,AEA,EN,Towers with Radar,67,65,23,5,160,0,4,27,4,35,67,69,50,9,195,38,4,42,237
08/30/2015,RIC,VA,AEA,EN,Towers with Radar,85,66,21,0,172,0,1,11,0,12,85,67,32,0,184,0,0,0,184
08/31/2015,RIC,VA,AEA,EN,Towers with Radar,104,70,34,13,221,0,0,14,2,16,104,70,48,15,237,4,12,16,253
09/01/2015,RIC,VA,AEA,EN,Towers with Radar,110,75,57,36,278,0,2,23,11,36,110,77,80,47,314,6,32,38,352
09/02/2015,RIC,VA,AEA,EN,Towers with Radar,119,80,49,7,255,0,0,19,7,26,119,80,68,14,281,0,0,0,281
09/03/2015,RIC,VA,AEA,EN,Towers with Radar,114,86,48,14,262,0,0,28,12,40,114,86,76,26,302,2,16,18,320
09/04/2015,RIC,VA,AEA,EN,Towers with Radar,108,82,48,2,240,0,2,42,14,58,108,84,90,16,298,22,4,26,324
09/05/2015,RIC,VA,AEA,EN,Towers with Radar,65,54,25,0,144,0,2,12,0,14,65,56,37,0,158,22,0,22,180
09/06/2015,RIC,VA,AEA,EN,Towers with Radar,65,53,22,3,143,0,7,11,0,18,65,60,33,3,161,10,0,10,171
09/07/2015,RIC,VA,AEA,EN,Towers with Radar,84,68,34,0,186,0,0,16,0,16,84,68,50,0,202,6,0,6,208
09/08/2015,RIC,VA,AEA,EN,Towers with Radar,100,79,45,10,234,0,2,34,16,52,100,81,79,26,286,14,0,14,300
09/09/2015,RIC,VA,AEA,EN,Towers with Radar,100,82,54,11,247,0,0,38,12,50,100,82,92,23,297,0,4,4,301
09/10/2015,RIC,VA,AEA,EN,Towers with Radar,99,68,94,0,261,0,0,8,0,8,99,68,102,0,269,0,0,0,269
09/11/2015,RIC,VA,AEA,EN,Towers with Radar,111,85,69,24,289,0,0,48,3,51,111,85,117,27,340,0,16,16,356
09/12/2015,RIC,VA,AEA,EN,Towers with Radar,68,58,54,0,180,0,0,107,5,112,68,58,161,5,292,2,0,2,294
09/13/2015,RIC,VA,AEA,EN,Towers with Radar,95,78,75,4,252,0,2,61,1,64,95,80,136,5,316,14,6,20,336
09/14/2015,RIC,VA,AEA,EN,Towers with Radar,104,79,58,10,251,0,4,41,4,49,104,83,99,14,300,6,0,6,306
09/15/2015,RIC,VA,AEA,EN,Towers with Radar,107,84,51,11,253,0,5,68,1,74,107,89,119,12,327,0,0,0,327
09/16/2015,RIC,VA,AEA,EN,Towers with Radar,117,74,47,9,247,0,1,39,5,45,117,75,86,14,292,2,10,12,304
09/17/2015,RIC,VA,AEA,EN,Towers with Radar,111,83,80,19,293,1,0,48,18,67,112,83,128,37,360,16,10,26,386
09/18/2015,RIC,VA,AEA,EN,Towers with Radar,109,90,44,6,249,0,1,50,11,62,109,91,94,17,311,16,2,18,329
09/19/2015,RIC,VA,AEA,EN,Towers with Radar,69,62,33,4,168,0,0,35,0,35,69,62,68,4,203,28,0,28,231
09/20/2015,RIC,VA,AEA,EN,Towers with Radar,91,75,31,4,201,0,3,21,1,25,91,78,52,5,226,22,0,22,248
09/21/2015,RIC,VA,AEA,EN,Towers with Radar,103,80,56,4,243,0,2,13,2,17,103,82,69,6,260,20,0,20,280
09/22/2015,RIC,VA,AEA,EN,Towers with Radar,122,85,33,13,253,2,0,26,6,34,124,85,59,19,287,0,22,22,309
09/23/2015,RIC,VA,AEA,EN,Towers with Radar,113,84,44,4,245,0,7,43,9,59,113,91,87,13,304,28,0,28,332
09/24/2015,RIC,VA,AEA,EN,Towers with Radar,111,89,47,52,299,0,0,28,22,50,111,89,75,74,349,2,86,88,437
09/25/2015,RIC,VA,AEA,EN,Towers with Radar,110,83,40,2,235,0,1,22,0,23,110,84,62,2,258,18,0,18,276
09/26/2015,RIC,VA,AEA,EN,Towers with Radar,66,56,25,0,147,0,1,8,0,9,66,57,33,0,156,8,0,8,164
09/27/2015,RIC,VA,AEA,EN,Towers with Radar,94,72,43,0,209,0,6,43,0,49,94,78,86,0,258,12,0,12,270
09/28/2015,RIC,VA,AEA,EN,Towers with Radar,100,81,53,1,235,0,0,10,3,13,100,81,63,4,248,6,0,6,254
09/29/2015,RIC,VA,AEA,EN,Towers with Radar,122,93,51,8,274,0,0,0,2,2,122,93,51,10,276,0,0,0,276
09/30/2015,RIC,VA,AEA,EN,Towers with Radar,105,88,58,3,254,0,0,19,24,43,105,88,77,27,297,31,0,31,328
10/01/2015,RIC,VA,AEA,EN,Towers with Radar,106,86,46,2,240,0,0,0,0,0,106,86,46,2,240,10,0,10,250
10/02/2015,RIC,VA,AEA,EN,Towers with Radar,108,87,28,2,225,0,0,0,0,0,108,87,28,2,225,0,0,0,225
10/03/2015,RIC,VA,AEA,EN,Towers with Radar,71,65,9,0,145,0,0,0,0,0,71,65,9,0,145,0,0,0,145
10/04/2015,RIC,VA,AEA,EN,Towers with Radar,88,74,29,0,191,0,0,0,0,0,88,74,29,0,191,0,0,0,191
10/05/2015,RIC,VA,AEA,EN,Towers with Radar,103,93,59,12,267,0,6,17,6,29,103,99,76,18,296,0,14,14,310
10/06/2015,RIC,VA,AEA,EN,Towers with Radar,102,77,51,6,236,0,8,40,8,56,102,85,91,14,292,56,0,56,348
10/07/2015,RIC,VA,AEA,EN,Towers with Radar,103,94,55,4,256,0,0,38,14,52,103,94,93,18,308,14,7,21,329
10/08/2015,RIC,VA,AEA,EN,Towers with Radar,101,88,83,0,272,0,0,29,16,45,101,88,112,16,317,10,1,11,328
10/09/2015,RIC,VA,AEA,EN,Towers with Radar,141,93,75,4,313,0,1,26,6,33,141,94,101,10,346,0,1,1,347
10/10/2015,RIC,VA,AEA,EN,Towers with Radar,66,64,57,2,189,0,3,23,0,26,66,67,80,2,215,0,0,0,215
10/11/2015,RIC,VA,AEA,EN,Towers with Radar,79,78,28,0,185,0,1,22,0,23,79,79,50,0,208,0,0,0,208
10/12/2015,RIC,VA,AEA,EN,Towers with Radar,100,79,50,0,229,0,3,13,0,16,100,82,63,0,245,14,0,14,259
10/13/2015,RIC,VA,AEA,EN,Towers with Radar,104,82,47,4,237,0,3,37,3,43,104,85,84,7,280,0,2,2,282
10/14/2015,RIC,VA,AEA,EN,Towers with Radar,107,82,59,4,252,0,4,34,18,56,107,86,93,22,308,3,6,9,317
10/15/2015,RIC,VA,AEA,EN,Towers with Radar,104,90,47,8,249,0,2,31,14,47,104,92,78,22,296,0,0,0,296
10/16/2015,RIC,VA,AEA,EN,Towers with Radar,111,83,43,4,241,0,1,35,12,48,111,84,78,16,289,58,4,62,351
10/17/2015,RIC,VA,AEA,EN,Towers with Radar,66,64,37,4,171,0,7,34,0,41,66,71,71,4,212,4,2,6,218
10/18/2015,RIC,VA,AEA,EN,Towers with Radar,89,76,34,0,199,0,3,19,8,30,89,79,53,8,229,0,2,2,231
10/19/2015,RIC,VA,AEA,EN,Towers with Radar,103,84,54,15,256,0,4,26,6,36,103,88,80,21,292,20,8,28,320
10/20/2015,RIC,VA,AEA,EN,Towers with Radar,106,79,51,5,241,0,2,43,2,47,106,81,94,7,288,8,0,8,296
10/21/2015,RIC,VA,AEA,EN,Towers with Radar,111,90,48,12,261,0,1,37,22,60,111,91,85,34,321,6,0,6,327
10/22/2015,RIC,VA,AEA,EN,Towers with Radar,103,80,68,17,268,0,2,62,21,85,103,82,130,38,353,10,2,12,365
10/23/2015,RIC,VA,AEA,EN,Towers with Radar,103,89,65,15,272,0,7,39,3,49,103,96,104,18,321,20,12,32,353
10/24/2015,RIC,VA,AEA,EN,Towers with Radar,65,56,28,1,150,0,6,30,4,40,65,62,58,5,190,8,0,8,198
10/25/2015,RIC,VA,AEA,EN,Towers with Radar,80,80,26,0,186,0,0,18,0,18,80,80,44,0,204,0,0,0,204
10/26/2015,RIC,VA,AEA,EN,Towers with Radar,98,87,59,24,268,0,10,23,9,42,98,97,82,33,310,27,10,37,347
10/27/2015,RIC,VA,AEA,EN,Towers with Radar,97,82,53,19,251,0,0,3,0,3,97,82,56,19,254,0,0,0,254
10/28/2015,RIC,VA,AEA,EN,Towers with Radar,100,78,48,10,236,0,2,0,0,2,100,80,48,10,238,0,8,8,246
10/29/2015,RIC,VA,AEA,EN,Towers with Radar,103,83,68,6,260,0,3,29,22,54,103,86,97,28,314,32,4,36,350
10/30/2015,RIC,VA,AEA,EN,Towers with Radar,97,84,53,8,242,0,8,33,14,55,97,92,86,22,297,12,4,16,313
10/31/2015,RIC,VA,AEA,EN,Towers with Radar,66,53,24,3,146,0,5,16,8,29,66,58,40,11,175,42,0,42,217
11/01/2015,RIC,VA,AEA,EN,Towers with Radar,84,68,41,2,195,0,3,6,0,9,84,71,47,2,204,8,0,8,212
11/02/2015,RIC,VA,AEA,EN,Towers with Radar,93,79,55,2,229,0,0,6,0,6,93,79,61,2,235,0,0,0,235
11/03/2015,RIC,VA,AEA,EN,Towers with Radar,94,76,63,3,236,0,0,29,5,34,94,76,92,8,270,6,9,15,285
11/04/2015,RIC,VA,AEA,EN,Towers with Radar,97,89,53,26,265,0,1,23,9,33,97,90,76,35,298,34,24,58,356
11/05/2015,RIC,VA,AEA,EN,Towers with Radar,108,77,60,9,254,0,0,13,13,26,108,77,73,22,280,0,20,20,300
11/06/2015,RIC,VA,AEA,EN,Towers with Radar,106,84,44,10,244,0,3,15,3,21,106,87,59,13,265,0,2,2,267
11/07/2015,RIC,VA,AEA,EN,Towers with Radar,71,71,49,2,193,0,0,2,5,7,71,71,51,7,200,0,18,18,218
11/08/2015,RIC,VA,AEA,EN,Towers with Radar,85,69,44,0,198,0,0,18,0,18,85,69,62,0,216,0,0,0,216
11/09/2015,RIC,VA,AEA,EN,Towers with Radar,97,88,38,19,242,0,2,2,0,4,97,90,40,19,246,0,0,0,246
11/10/2015,RIC,VA,AEA,EN,Towers with Radar,99,75,49,8,231,0,0,0,0,0,99,75,49,8,231,0,0,0,231
11/11/2015,RIC,VA,AEA,EN,Towers with Radar,111,82,55,3,251,0,5,53,2,60,111,87,108,5,311,29,0,29,340
11/12/2015,RIC,VA,AEA,EN,Towers with Radar,108,85,47,33,273,0,0,44,16,60,108,85,91,49,333,76,31,107,440
11/13/2015,RIC,VA,AEA,EN,Towers with Radar,102,79,35,6,222,1,8,32,6,47,103,87,67,12,269,34,12,46,315
11/14/2015,RIC,VA,AEA,EN,Towers with Radar,68,58,45,2,173,0,1,27,2,30,68,59,72,4,203,20,4,24,227
11/15/2015,RIC,VA,AEA,EN,Towers with Radar,86,73,38,0,197,0,0,21,0,21,86,73,59,0,218,0,2,2,220
11/16/2015,RIC,VA,AEA,EN,Towers with Radar,97,93,59,4,253,0,4,36,1,41,97,97,95,5,294,8,0,8,302
11/17/2015,RIC,VA,AEA,EN,Towers with Radar,103,77,50,4,234,0,2,32,9,43,103,79,82,13,277,22,0,22,299
11/18/2015,RIC,VA,AEA,EN,Towers with Radar,104,88,59,2,253,0,0,7,18,25,104,88,66,20,278,36,0,36,314
11/19/2015,RIC,VA,AEA,EN,Towers with Radar,106,82,53,10,251,0,0,10,0,10,106,82,63,10,261,0,0,0,261
11/20/2015,RIC,VA,AEA,EN,Towers with Radar,108,91,58,3,260,0,10,43,11,64,108,101,101,14,324,36,0,36,360
11/21/2015,RIC,VA,AEA,EN,Towers with Radar,66,53,35,1,155,0,1,21,0,22,66,54,56,1,177,2,0,2,179
11/22/2015,RIC,VA,AEA,EN,Towers with Radar,80,67,33,0,180,0,2,8,1,11,80,69,41,1,191,2,0,2,193
11/23/2015,RIC,VA,AEA,EN,Towers with Radar,85,69,45,20,219,0,3,27,16,46,85,72,72,36,265,0,12,12,277
11/24/2015,RIC,VA,AEA,EN,Towers with Radar,95,81,81,4,261,0,3,22,5,30,95,84,103,9,291,22,2,24,315
11/25/2015,RIC,VA,AEA,EN,Towers with Radar,106,89,26,0,221,0,5,31,16,52,106,94,57,16,273,12,4,16,289
11/26/2015,RIC,VA,AEA,EN,Towers with Radar,47,44,8,0,99,0,1,6,0,7,47,45,14,0,106,2,0,2,108
11/27/2015,RIC,VA,AEA,EN,Towers with Radar,73,44,26,0,143,0,2,43,0,45,73,46,69,0,188,26,0,26,214
11/28/2015,RIC,VA,AEA,EN,Towers with Radar,96,74,18,0,188,0,3,11,0,14,96,77,29,0,202,22,0,22,224
11/29/2015,RIC,VA,AEA,EN,Towers with Radar,98,93,48,0,239,0,0,0,0,0,98,93,48,0,239,0,0,0,239
11/30/2015,RIC,VA,AEA,EN,Towers with Radar,98,85,35,6,224,0,0,0,0,0,98,85,35,6,224,0,0,0,224
12/01/2015,RIC,VA,AEA,EN,Towers with Radar,102,73,47,3,225,0,0,0,0,0,102,73,47,3,225,0,0,0,225
12/02/2015,RIC,VA,AEA,EN,Towers with Radar,104,77,33,1,215,0,0,0,0,0,104,77,33,1,215,0,0,0,215
12/03/2015,RIC,VA,AEA,EN,Towers with Radar,115,82,61,14,272,0,6,22,16,44,115,88,83,30,316,2,15,17,333
12/04/2015,RIC,VA,AEA,EN,Towers with Radar,125,95,34,9,263,0,2,33,21,56,125,97,67,30,319,67,4,71,390
12/05/2015,RIC,VA,AEA,EN,Towers with Radar,66,55,35,2,158,0,7,25,0,32,66,62,60,2,190,44,0,44,234
12/06/2015,RIC,VA,AEA,EN,Towers with Radar,80,78,50,4,212,0,0,14,0,14,80,78,64,4,226,16,2,18,244
12/07/2015,RIC,VA,AEA,EN,Towers with Radar,98,78,65,8,249,0,0,23,1,24,98,78,88,9,273,4,2,6,279
12/08/2015,RIC,VA,AEA,EN,Towers with Radar,109,83,54,12,258,0,1,26,4,31,109,84,80,16,289,4,0,4,293
12/09/2015,RIC,VA,AEA,EN,Towers with Radar,108,78,54,9,249,0,0,23,16,39,108,78,77,25,288,6,2,8,296
12/10/2015,RIC,VA,AEA,EN,Towers with Radar,119,98,66,11,294,0,1,29,1,31,119,99,95,12,325,15,0,15,340
12/11/2015,RIC,VA,AEA,EN,Towers with Radar,109,87,54,26,276,1,2,49,23,75,110,89,103,49,351,2,14,16,367
12/12/2015,RIC,VA,AEA,EN,Towers with Radar,67,65,30,9,171,0,2,21,5,28,67,67,51,14,199,4,0,4,203
12/13/2015,RIC,VA,AEA,EN,Towers with Radar,82,79,25,0,186,0,0,17,0,17,82,79,42,0,203,16,0,16,219
12/14/2015,RIC,VA,AEA,EN,Towers with Radar,100,71,53,3,227,0,2,11,2,15,100,73,64,5,242,0,2,2,244
12/15/2015,RIC,VA,AEA,EN,Towers with Radar,108,80,57,2,247,1,9,47,13,70,109,89,104,15,317,28,2,30,347
12/16/2015,RIC,VA,AEA,EN,Towers with Radar,113,87,53,10,263,0,2,55,13,70,113,89,108,23,333,42,3,45,378
12/17/2015,RIC,VA,AEA,EN,Towers with Radar,114,77,55,0,246,0,0,1,0,1,114,77,56,0,247,0,0,0,247
12/18/2015,RIC,VA,AEA,EN,Towers with Radar,112,87,57,7,263,0,1,19,4,24,112,88,76,11,287,12,2,14,301
12/19/2015,RIC,VA,AEA,EN,Towers with Radar,95,62,14,0,171,0,7,25,5,37,95,69,39,5,208,14,0,14,222
12/20/2015,RIC,VA,AEA,EN,Towers with Radar,89,72,19,0,180,0,5,24,0,29,89,77,43,0,209,8,0,8,217
12/21/2015,RIC,VA,AEA,EN,Towers with Radar,98,62,33,6,199,0,0,23,5,28,98,62,56,11,227,26,10,36,263
12/22/2015,RIC,VA,AEA,EN,Towers with Radar,100,67,16,19,202,0,1,4,4,9,100,68,20,23,211,0,0,0,211
12/23/2015,RIC,VA,AEA,EN,Towers with Radar,103,72,26,0,201,0,0,0,0,0,103,72,26,0,201,0,0,0,201
12/24/2015,RIC,VA,AEA,EN,Towers with Radar,84,51,3,1,139,0,0,0,0,0,84,51,3,1,139,0,0,0,139
12/25/2015,RIC,VA,AEA,EN,Towers with Radar,60,33,9,0,102,0,0,1,2,3,60,33,10,2,105,0,0,0,105
12/26/2015,RIC,VA,AEA,EN,Towers with Radar,77,62,28,0,167,0,0,0,0,0,77,62,28,0,167,0,0,0,167
12/27/2015,RIC,VA,AEA,EN,Towers with Radar,83,72,30,1,186,0,0,12,0,12,83,72,42,1,198,0,0,0,198
12/28/2015,RIC,VA,AEA,EN,Towers with Radar,77,57,45,7,186,0,0,6,0,6,77,57,51,7,192,4,0,4,196
12/29/2015,RIC,VA,AEA,EN,Towers with Radar,88,71,26,5,190,0,0,3,0,3,88,71,29,5,193,0,0,0,193
12/30/2015,RIC,VA,AEA,EN,Towers with Radar,91,64,21,0,176,0,0,0,0,0,91,64,21,0,176,0,0,0,176
12/31/2015,RIC,VA,AEA,EN,Towers with Radar,76,55,17,0,148,0,1,7,0,8,76,56,24,0,156,18,0,18,174
01/01/2016,RIC,VA,AEA,EN,Towers with Radar,62,35,17,7,121,0,5,8,1,14,62,40,25,8,135,2,0,2,137
01/02/2016,RIC,VA,AEA,EN,Towers with Radar,82,55,32,0,169,0,2,31,2,35,82,57,63,2,204,0,0,0,204
01/03/2016,RIC,VA,AEA,EN,Towers with Radar,71,68,32,0,171,0,2,33,0,35,71,70,65,0,206,4,0,4,210
01/04/2016,RIC,VA,AEA,EN,Towers with Radar,86,67,23,16,192,0,0,14,4,18,86,67,37,20,210,2,8,10,220
01/05/2016,RIC,VA,AEA,EN,Towers with Radar,93,71,42,2,208,0,0,39,8,47,93,71,81,10,255,21,5,26,281
01/06/2016,RIC,VA,AEA,EN,Towers with Radar,98,73,35,14,220,0,0,35,8,43,98,73,70,22,263,0,46,46,309
01/07/2016,RIC,VA,AEA,EN,Towers with Radar,96,72,47,3,218,1,1,41,23,66,97,73,88,26,284,5,2,7,291
01/08/2016,RIC,VA,AEA,EN,Towers with Radar,94,71,31,0,196,0,0,0,0,0,94,71,31,0,196,0,0,0,196
01/09/2016,RIC,VA,AEA,EN,Towers with Radar,62,48,12,5,127,0,0,0,0,0,62,48,12,5,127,32,8,40,167
01/10/2016,RIC,VA,AEA,EN,Towers with Radar,73,62,22,5,162,1,1,3,0,5,74,63,25,5,167,32,8,40,207
01/11/2016,RIC,VA,AEA,EN,Towers with Radar,92,72,30,28,222,0,0,33,6,39,92,72,63,34,261,0,22,22,283
01/12/2016,RIC,VA,AEA,EN,Towers with Radar,93,86,41,4,224,0,0,15,2,17,93,86,56,6,241,0,0,0,241
01/13/2016,RIC,VA,AEA,EN,Towers with Radar,99,82,36,8,225,0,3,32,7,42,99,85,68,15,267,42,0,42,309
01/14/2016,RIC,VA,AEA,EN,Towers with Radar,93,83,65,4,245,0,0,32,9,41,93,83,97,13,286,4,0,4,290
01/15/2016,RIC,VA,AEA,EN,Towers with Radar,96,86,43,14,239,0,1,23,0,24,96,87,66,14,263,20,18,38,301
01/16/2016,RIC,VA,AEA,EN,Towers with Radar,59,49,18,2,128,0,0,14,0,14,59,49,32,2,142,22,4,26,168
01/17/2016,RIC,VA,AEA,EN,Towers with Radar,64,54,17,0,135,0,0,2,0,2,64,54,19,0,137,0,0,0,137
01/18/2016,RIC,VA,AEA,EN,Towers with Radar,89,79,41,0,209,0,0,24,0,24,89,79,65,0,233,10,2,12,245
01/19/2016,RIC,VA,AEA,EN,Towers with Radar,91,77,59,11,238,0,0,25,1,26,91,77,84,12,264,12,8,20,284
01/20/2016,RIC,VA,AEA,EN,Towers with Radar,98,74,38,2,212,0,0,39,1,40,98,74,77,3,252,0,0,0,252
01/21/2016,RIC,VA,AEA,EN,Towers with Radar,92,89,73,15,269,0,0,22,4,26,92,89,95,19,295,14,10,24,319
01/22/2016,RIC,VA,AEA,EN,Towers with Radar,22,25,9,0,56,0,0,0,0,0,22,25,9,0,56,0,0,0,56
01/23/2016,RIC,VA,AEA,EN,Towers with Radar,0,0,0,0,0,0,0,0,0,0,0,0,0,0,0,0,0,0,0
01/24/2016,RIC,VA,AEA,EN,Towers with Radar,30,18,11,0,59,0,0,0,0,0,30,18,11,0,59,0,0,0,59
01/25/2016,RIC,VA,AEA,EN,Towers with Radar,82,57,27,4,170,0,0,5,0,5,82,57,32,4,175,0,0,0,175
01/26/2016,RIC,VA,AEA,EN,Towers with Radar,97,70,47,10,224,0,4,16,1,21,97,74,63,11,245,28,0,28,273
01/27/2016,RIC,VA,AEA,EN,Towers with Radar,96,87,47,18,248,0,2,22,9,33,96,89,69,27,281,0,0,0,281
01/28/2016,RIC,VA,AEA,EN,Towers with Radar,99,81,63,15,258,0,6,29,14,49,99,87,92,29,307,2,66,68,375
01/29/2016,RIC,VA,AEA,EN,Towers with Radar,106,87,37,14,244,0,0,15,0,15,106,87,52,14,259,0,0,0,259
01/30/2016,RIC,VA,AEA,EN,Towers with Radar,65,47,40,4,156,0,5,38,19,62,65,52,78,23,218,38,78,116,334
01/31/2016,RIC,VA,AEA,EN,Towers with Radar,76,75,35,0,186,0,1,27,0,28,76,76,62,0,214,12,0,12,226
02/01/2016,RIC,VA,AEA,EN,Towers with Radar,89,78,35,10,212,0,1,25,3,29,89,79,60,13,241,0,0,0,241
02/02/2016,RIC,VA,AEA,EN,Towers with Radar,90,83,52,11,236,0,0,27,4,31,90,83,79,15,267,0,18,18,285
02/03/2016,RIC,VA,AEA,EN,Towers with Radar,100,87,24,4,215,0,0,0,0,0,100,87,24,4,215,0,0,0,215
02/04/2016,RIC,VA,AEA,EN,Towers with Radar,98,88,61,21,268,0,1,3,25,29,98,89,64,46,297,8,98,106,403
02/05/2016,RIC,VA,AEA,EN,Towers with Radar,81,81,56,16,234,0,0,24,14,38,81,81,80,30,272,12,21,33,305
02/06/2016,RIC,VA,AEA,EN,Towers with Radar,66,50,28,2,146,0,2,23,6,31,66,52,51,8,177,14,0,14,191
02/07/2016,RIC,VA,AEA,EN,Towers with Radar,68,60,17,1,146,0,3,10,0,13,68,63,27,1,159,0,0,0,159
02/08/2016,RIC,VA,AEA,EN,Towers with Radar,71,79,33,8,191,0,0,19,8,27,71,79,52,16,218,28,0,28,246
02/09/2016,RIC,VA,AEA,EN,Towers with Radar,93,81,24,40,238,0,0,8,2,10,93,81,32,42,248,33,6,39,287
02/10/2016,RIC,VA,AEA,EN,Towers with Radar,100,80,46,12,238,0,2,24,12,38,100,82,70,24,276,2,2,4,280
02/11/2016,RIC,VA,AEA,EN,Towers with Radar,88,87,66,5,246,0,0,33,13,46,88,87,99,18,292,0,0,0,292
02/12/2016,RIC,VA,AEA,EN,Towers with Radar,101,73,43,6,223,0,2,22,2,26,101,75,65,8,249,24,8,32,281
02/13/2016,RIC,VA,AEA,EN,Towers with Radar,60,53,25,1,139,0,0,14,0,14,60,53,39,1,153,0,0,0,153
02/14/2016,RIC,VA,AEA,EN,Towers with Radar,65,44,38,0,147,0,0,10,0,10,65,44,48,0,157,6,0,6,163
02/15/2016,RIC,VA,AEA,EN,Towers with Radar,82,48,16,0,146,0,0,0,0,0,82,48,16,0,146,0,0,0,146
02/16/2016,RIC,VA,AEA,EN,Towers with Radar,89,64,35,7,195,0,0,9,2,11,89,64,44,9,206,0,0,0,206
02/17/2016,RIC,VA,AEA,EN,Towers with Radar,109,95,46,9,259,0,6,27,24,57,109,101,73,33,316,4,44,48,364
02/18/2016,RIC,VA,AEA,EN,Towers with Radar,102,85,60,12,259,0,2,35,15,52,102,87,95,27,311,2,24,26,337
02/19/2016,RIC,VA,AEA,EN,Towers with Radar,100,75,32,7,214,0,2,25,9,36,100,77,57,16,250,4,0,4,254
02/20/2016,RIC,VA,AEA,EN,Towers with Radar,62,50,35,1,148,0,11,56,23,90,62,61,91,24,238,24,20,44,282
02/21/2016,RIC,VA,AEA,EN,Towers with Radar,84,80,36,2,202,0,5,6,2,13,84,85,42,4,215,0,0,0,215
02/22/2016,RIC,VA,AEA,EN,Towers with Radar,98,71,52,13,234,0,0,5,4,9,98,71,57,17,243,30,0,30,273
02/23/2016,RIC,VA,AEA,EN,Towers with Radar,102,72,44,1,219,0,0,0,0,0,102,72,44,1,219,0,0,0,219
02/24/2016,RIC,VA,AEA,EN,Towers with Radar,94,63,30,10,197,0,0,0,0,0,94,63,30,10,197,0,0,0,197
02/25/2016,RIC,VA,AEA,EN,Towers with Radar,94,83,42,12,231,0,0,5,4,9,94,83,47,16,240,2,0,2,242
02/26/2016,RIC,VA,AEA,EN,Towers with Radar,103,80,39,7,229,0,2,46,15,63,103,82,85,22,292,28,0,28,320
02/27/2016,RIC,VA,AEA,EN,Towers with Radar,68,53,42,3,166,0,5,26,2,33,68,58,68,5,199,9,0,9,208
02/28/2016,RIC,VA,AEA,EN,Towers with Radar,87,58,30,0,175,3,1,21,2,27,90,59,51,2,202,22,0,22,224
02/29/2016,RIC,VA,AEA,EN,Towers with Radar,99,81,35,4,219,0,2,21,2,25,99,83,56,6,244,4,0,4,248
03/01/2016,RIC,VA,AEA,EN,Towers with Radar,106,71,40,9,226,0,0,24,5,29,106,71,64,14,255,12,0,12,267
03/02/2016,RIC,VA,AEA,EN,Towers with Radar,104,72,51,4,231,0,0,27,12,39,104,72,78,16,270,6,0,6,276
03/03/2016,RIC,VA,AEA,EN,Towers with Radar,107,72,52,29,260,0,6,44,20,70,107,78,96,49,330,40,62,102,432
03/04/2016,RIC,VA,AEA,EN,Towers with Radar,103,75,18,2,198,0,0,9,1,10,103,75,27,3,208,4,1,5,213
03/05/2016,RIC,VA,AEA,EN,Towers with Radar,74,48,30,10,162,0,0,27,6,33,74,48,57,16,195,2,5,7,202
03/06/2016,RIC,VA,AEA,EN,Towers with Radar,88,56,29,2,175,0,2,14,0,16,88,58,43,2,191,8,0,8,199
03/07/2016,RIC,VA,AEA,EN,Towers with Radar,105,59,35,6,205,0,1,14,5,20,105,60,49,11,225,10,10,20,245
03/08/2016,RIC,VA,AEA,EN,Towers with Radar,102,66,50,12,230,0,0,24,13,37,102,66,74,25,267,0,0,0,267
03/09/2016,RIC,VA,AEA,EN,Towers with Radar,106,69,40,2,217,0,2,34,7,43,106,71,74,9,260,4,18,22,282
03/10/2016,RIC,VA,AEA,EN,Towers with Radar,110,73,62,0,245,0,9,30,16,55,110,82,92,16,300,3,0,3,303
03/11/2016,RIC,VA,AEA,EN,Towers with Radar,106,73,39,4,222,0,4,37,8,49,106,77,76,12,271,14,8,22,293
03/12/2016,RIC,VA,AEA,EN,Towers with Radar,79,70,48,0,197,0,2,42,4,48,79,72,90,4,245,14,0,14,259
03/13/2016,RIC,VA,AEA,EN,Towers with Radar,80,58,26,7,171,0,1,10,1,12,80,59,36,8,183,2,0,2,185
03/14/2016,RIC,VA,AEA,EN,Towers with Radar,97,67,42,6,212,0,0,0,1,1,97,67,42,7,213,0,0,0,213
03/15/2016,RIC,VA,AEA,EN,Towers with Radar,105,83,58,23,269,0,0,16,0,16,105,83,74,23,285,2,0,2,287
03/16/2016,RIC,VA,AEA,EN,Towers with Radar,109,79,65,9,262,0,1,44,11,56,109,80,109,20,318,4,14,18,336
03/17/2016,RIC,VA,AEA,EN,Towers with Radar,105,82,44,12,243,0,3,28,18,49,105,85,72,30,292,8,2,10,302
03/18/2016,RIC,VA,AEA,EN,Towers with Radar,106,67,43,10,226,0,2,18,7,27,106,69,61,17,253,43,10,53,306
03/19/2016,RIC,VA,AEA,EN,Towers with Radar,77,51,31,2,161,0,4,12,13,29,77,55,43,15,190,0,0,0,190
03/20/2016,RIC,VA,AEA,EN,Towers with Radar,87,54,32,0,173,0,1,0,1,2,87,55,32,1,175,0,24,24,199
03/21/2016,RIC,VA,AEA,EN,Towers with Radar,98,64,50,0,212,0,0,28,7,35,98,64,78,7,247,4,0,4,251
03/22/2016,RIC,VA,AEA,EN,Towers with Radar,100,63,45,18,226,0,2,27,3,32,100,65,72,21,258,0,4,4,262
03/23/2016,RIC,VA,AEA,EN,Towers with Radar,102,72,56,20,250,0,1,29,5,35,102,73,85,25,285,0,16,16,301
03/24/2016,RIC,VA,AEA,EN,Towers with Radar,101,64,61,2,228,0,1,36,22,59,101,65,97,24,287,0,0,0,287
03/25/2016,RIC,VA,AEA,EN,Towers with Radar,103,79,37,10,229,0,4,16,4,24,103,83,53,14,253,0,0,0,253
03/26/2016,RIC,VA,AEA,EN,Towers with Radar,75,50,27,0,152,0,0,21,5,26,75,50,48,5,178,6,0,6,184
03/27/2016,RIC,VA,AEA,EN,Towers with Radar,88,59,20,0,167,0,0,0,0,0,88,59,20,0,167,0,0,0,167
03/28/2016,RIC,VA,AEA,EN,Towers with Radar,103,74,46,6,229,0,6,11,7,24,103,80,57,13,253,0,0,0,253
03/29/2016,RIC,VA,AEA,EN,Towers with Radar,100,74,61,22,257,0,10,37,17,64,100,84,98,39,321,8,8,16,337
03/30/2016,RIC,VA,AEA,EN,Towers with Radar,101,75,54,2,232,0,5,50,9,64,101,80,104,11,296,6,12,18,314
03/31/2016,RIC,VA,AEA,EN,Towers with Radar,103,81,48,16,248,0,0,15,18,33,103,81,63,34,281,26,2,28,309
04/01/2016,RIC,VA,AEA,EN,Towers with Radar,102,71,29,5,207,0,0,1,5,6,102,71,30,10,213,2,0,2,215
04/02/2016,RIC,VA,AEA,EN,Towers with Radar,78,53,25,1,157,0,1,10,0,11,78,54,35,1,168,0,0,0,168
04/03/2016,RIC,VA,AEA,EN,Towers with Radar,87,61,21,4,173,0,0,30,0,30,87,61,51,4,203,4,0,4,207
04/04/2016,RIC,VA,AEA,EN,Towers with Radar,96,62,49,3,210,0,0,7,3,10,96,62,56,6,220,0,0,0,220
04/05/2016,RIC,VA,AEA,EN,Towers with Radar,100,71,40,12,223,0,3,20,12,35,100,74,60,24,258,20,0,20,278
04/06/2016,RIC,VA,AEA,EN,Towers with Radar,102,73,67,17,259,0,4,46,16,66,102,77,113,33,325,7,2,9,334
04/07/2016,RIC,VA,AEA,EN,Towers with Radar,105,81,42,6,234,0,8,4,18,30,105,89,46,24,264,1,2,3,267
04/08/2016,RIC,VA,AEA,EN,Towers with Radar,108,74,67,5,254,0,4,37,11,52,108,78,104,16,306,32,0,32,338
04/09/2016,RIC,VA,AEA,EN,Towers with Radar,82,54,17,0,153,0,1,9,3,13,82,55,26,3,166,4,0,4,170
04/10/2016,RIC,VA,AEA,EN,Towers with Radar,87,69,43,0,199,0,4,41,0,45,87,73,84,0,244,6,0,6,250
04/11/2016,RIC,VA,AEA,EN,Towers with Radar,98,82,50,9,239,0,6,26,2,34,98,88,76,11,273,0,0,0,273
04/12/2016,RIC,VA,AEA,EN,Towers with Radar,98,75,47,18,238,0,0,15,2,17,98,75,62,20,255,34,4,38,293
04/13/2016,RIC,VA,AEA,EN,Towers with Radar,99,80,65,16,260,0,13,35,12,60,99,93,100,28,320,16,6,22,342
04/14/2016,RIC,VA,AEA,EN,Towers with Radar,103,81,50,16,250,0,3,43,25,71,103,84,93,41,321,2,12,14,335
04/15/2016,RIC,VA,AEA,EN,Towers with Radar,105,82,29,6,222,0,4,50,9,63,105,86,79,15,285,13,0,13,298
04/16/2016,RIC,VA,AEA,EN,Towers with Radar,71,60,23,4,158,0,7,26,7,40,71,67,49,11,198,6,0,6,204
04/17/2016,RIC,VA,AEA,EN,Towers with Radar,81,73,26,0,180,0,0,22,0,22,81,73,48,0,202,4,0,4,206
04/18/2016,RIC,VA,AEA,EN,Towers with Radar,98,74,34,3,209,0,0,37,0,37,98,74,71,3,246,6,0,6,252
04/19/2016,RIC,VA,AEA,EN,Towers with Radar,100,78,53,5,236,0,5,41,2,48,100,83,94,7,284,0,8,8,292
04/20/2016,RIC,VA,AEA,EN,Towers with Radar,103,82,52,15,252,0,9,37,17,63,103,91,89,32,315,30,34,64,379
04/21/2016,RIC,VA,AEA,EN,Towers with Radar,104,84,73,11,272,0,1,36,3,40,104,85,109,14,312,53,0,53,365
04/22/2016,RIC,VA,AEA,EN,Towers with Radar,105,76,77,8,266,0,2,10,2,14,105,78,87,10,280,28,2,30,310
04/23/2016,RIC,VA,AEA,EN,Towers with Radar,75,57,55,0,187,0,15,37,4,56,75,72,92,4,243,26,0,26,269
04/24/2016,RIC,VA,AEA,EN,Towers with Radar,91,88,93,0,272,0,7,144,8,159,91,95,237,8,431,18,0,18,449
04/25/2016,RIC,VA,AEA,EN,Towers with Radar,96,78,77,2,253,0,0,36,3,39,96,78,113,5,292,2,0,2,294
04/26/2016,RIC,VA,AEA,EN,Towers with Radar,98,69,53,7,227,0,0,27,5,32,98,69,80,12,259,2,32,34,293
04/27/2016,RIC,VA,AEA,EN,Towers with Radar,102,80,61,0,243,0,0,18,10,28,102,80,79,10,271,42,6,48,319
04/28/2016,RIC,VA,AEA,EN,Towers with Radar,101,78,43,2,224,0,0,0,0,0,101,78,43,2,224,0,0,0,224
04/29/2016,RIC,VA,AEA,EN,Towers with Radar,99,82,36,4,221,0,0,0,0,0,99,82,36,4,221,14,4,18,239
04/30/2016,RIC,VA,AEA,EN,Towers with Radar,72,58,30,2,162,0,0,4,2,6,72,58,34,4,168,0,4,4,172
05/01/2016,RIC,VA,AEA,EN,Towers with Radar,81,71,23,0,175,0,0,0,0,0,81,71,23,0,175,0,0,0,175
05/02/2016,RIC,VA,AEA,EN,Towers with Radar,104,68,45,14,231,0,8,19,0,27,104,76,64,14,258,6,0,6,264
05/03/2016,RIC,VA,AEA,EN,Towers with Radar,108,77,44,29,258,0,1,19,0,20,108,78,63,29,278,4,15,19,297
05/04/2016,RIC,VA,AEA,EN,Towers with Radar,104,63,42,24,233,0,0,14,2,16,104,63,56,26,249,10,6,16,265
05/05/2016,RIC,VA,AEA,EN,Towers with Radar,112,78,41,0,231,1,0,0,2,3,113,78,41,2,234,0,2,2,236
05/06/2016,RIC,VA,AEA,EN,Towers with Radar,114,72,48,12,246,0,0,1,0,1,114,72,49,12,247,0,5,5,252
05/07/2016,RIC,VA,AEA,EN,Towers with Radar,78,51,27,2,158,0,4,28,4,36,78,55,55,6,194,42,8,50,244
05/08/2016,RIC,VA,AEA,EN,Towers with Radar,91,78,34,0,203,0,0,15,0,15,91,78,49,0,218,6,0,6,224
05/09/2016,RIC,VA,AEA,EN,Towers with Radar,110,69,68,13,260,0,0,45,4,49,110,69,113,17,309,34,10,44,353
05/10/2016,RIC,VA,AEA,EN,Towers with Radar,111,76,49,7,243,0,0,25,6,31,111,76,74,13,274,28,0,28,302
05/11/2016,RIC,VA,AEA,EN,Towers with Radar,112,73,44,5,234,0,0,1,0,1,112,73,45,5,235,0,0,0,235
05/12/2016,RIC,VA,AEA,EN,Towers with Radar,115,83,73,11,282,0,0,0,0,0,115,83,73,11,282,44,0,44,326
05/13/2016,RIC,VA,AEA,EN,Towers with Radar,114,69,51,15,249,0,0,8,4,12,114,69,59,19,261,12,2,14,275
05/14/2016,RIC,VA,AEA,EN,Towers with Radar,81,50,15,0,146,0,0,30,10,40,81,50,45,10,186,40,4,44,230
05/15/2016,RIC,VA,AEA,EN,Towers with Radar,88,71,49,0,208,0,0,31,7,38,88,71,80,7,246,8,4,12,258
05/16/2016,RIC,VA,AEA,EN,Towers with Radar,102,83,51,9,245,0,8,32,10,50,102,91,83,19,295,0,0,0,295
05/17/2016,RIC,VA,AEA,EN,Towers with Radar,101,67,44,0,212,0,0,7,0,7,101,67,51,0,219,0,0,0,219
05/18/2016,RIC,VA,AEA,EN,Towers with Radar,105,93,47,21,266,0,2,9,5,16,105,95,56,26,282,6,36,42,324
05/19/2016,RIC,VA,AEA,EN,Towers with Radar,106,68,56,6,236,0,3,38,21,62,106,71,94,27,298,48,2,50,348
05/20/2016,RIC,VA,AEA,EN,Towers with Radar,110,82,48,7,247,0,4,90,25,119,110,86,138,32,366,6,0,6,372
05/21/2016,RIC,VA,AEA,EN,Towers with Radar,79,48,13,0,140,0,0,0,0,0,79,48,13,0,140,0,0,0,140
05/22/2016,RIC,VA,AEA,EN,Towers with Radar,85,69,23,4,181,0,0,1,0,1,85,69,24,4,182,0,0,0,182
05/23/2016,RIC,VA,AEA,EN,Towers with Radar,103,69,41,2,215,0,1,14,3,18,103,70,55,5,233,19,0,19,252
05/24/2016,RIC,VA,AEA,EN,Towers with Radar,103,81,62,15,261,0,2,51,15,68,103,83,113,30,329,8,9,17,346
05/25/2016,RIC,VA,AEA,EN,Towers with Radar,105,77,47,7,236,0,19,60,4,83,105,96,107,11,319,14,2,16,335
05/26/2016,RIC,VA,AEA,EN,Towers with Radar,108,74,58,1,241,0,0,31,13,44,108,74,89,14,285,24,4,28,313
05/27/2016,RIC,VA,AEA,EN,Towers with Radar,110,82,36,7,235,0,0,42,0,42,110,82,78,7,277,0,0,0,277
05/28/2016,RIC,VA,AEA,EN,Towers with Radar,78,48,19,0,145,0,2,32,0,34,78,50,51,0,179,0,0,0,179
05/29/2016,RIC,VA,AEA,EN,Towers with Radar,64,43,17,0,124,0,2,2,0,4,64,45,19,0,128,0,0,0,128
05/30/2016,RIC,VA,AEA,EN,Towers with Radar,88,55,25,0,168,0,0,0,0,0,88,55,25,0,168,0,0,0,168
05/31/2016,RIC,VA,AEA,EN,Towers with Radar,100,67,75,9,251,0,1,25,3,29,100,68,100,12,280,2,6,8,288
06/01/2016,RIC,VA,AEA,EN,Towers with Radar,105,81,61,8,255,0,3,38,6,47,105,84,99,14,302,9,32,41,343
06/02/2016,RIC,VA,AEA,EN,Towers with Radar,110,90,76,10,286,0,3,24,11,38,110,93,100,21,324,6,1,7,331
06/03/2016,RIC,VA,AEA,EN,Towers with Radar,112,66,45,9,232,0,3,20,12,35,112,69,65,21,267,14,36,50,317
06/04/2016,RIC,VA,AEA,EN,Towers with Radar,85,50,21,7,163,0,3,11,0,14,85,53,32,7,177,18,0,18,195
06/05/2016,RIC,VA,AEA,EN,Towers with Radar,86,71,24,1,182,0,1,8,0,9,86,72,32,1,191,28,0,28,219
06/06/2016,RIC,VA,AEA,EN,Towers with Radar,108,79,50,10,247,0,1,37,0,38,108,80,87,10,285,4,18,22,307
06/07/2016,RIC,VA,AEA,EN,Towers with Radar,132,81,41,12,266,0,4,28,2,34,132,85,69,14,300,20,4,24,324
06/08/2016,RIC,VA,AEA,EN,Towers with Radar,106,76,42,19,243,0,0,25,6,31,106,76,67,25,274,8,10,18,292
06/09/2016,RIC,VA,AEA,EN,Towers with Radar,106,74,56,21,257,0,4,48,4,56,106,78,104,25,313,16,14,30,343
06/10/2016,RIC,VA,AEA,EN,Towers with Radar,102,94,42,25,263,0,6,21,10,37,102,100,63,35,300,22,11,33,333
06/11/2016,RIC,VA,AEA,EN,Towers with Radar,74,53,21,4,152,0,0,20,0,20,74,53,41,4,172,0,0,0,172
06/12/2016,RIC,VA,AEA,EN,Towers with Radar,88,74,27,0,189,0,14,11,0,25,88,88,38,0,214,0,0,0,214
06/13/2016,RIC,VA,AEA,EN,Towers with Radar,98,85,37,20,240,0,0,40,1,41,98,85,77,21,281,10,0,10,291
06/14/2016,RIC,VA,AEA,EN,Towers with Radar,93,86,51,6,236,0,0,44,4,48,93,86,95,10,284,20,2,22,306
06/15/2016,RIC,VA,AEA,EN,Towers with Radar,104,97,53,8,262,0,6,33,6,45,104,103,86,14,307,4,6,10,317
06/16/2016,RIC,VA,AEA,EN,Towers with Radar,112,82,57,5,256,0,0,21,11,32,112,82,78,16,288,0,12,12,300
06/17/2016,RIC,VA,AEA,EN,Towers with Radar,105,90,58,7,260,0,2,6,2,10,105,92,64,9,270,0,0,0,270
06/18/2016,RIC,VA,AEA,EN,Towers with Radar,75,52,15,0,142,0,11,23,10,44,75,63,38,10,186,8,0,8,194
06/19/2016,RIC,VA,AEA,EN,Towers with Radar,85,76,25,0,186,0,2,25,1,28,85,78,50,1,214,12,0,12,226
06/20/2016,RIC,VA,AEA,EN,Towers with Radar,98,81,54,15,248,0,3,44,1,48,98,84,98,16,296,22,0,22,318
06/21/2016,RIC,VA,AEA,EN,Towers with Radar,115,86,52,6,259,0,2,41,3,46,115,88,93,9,305,4,2,6,311
06/22/2016,RIC,VA,AEA,EN,Towers with Radar,102,85,47,17,251,0,0,35,4,39,102,85,82,21,290,0,4,4,294
06/23/2016,RIC,VA,AEA,EN,Towers with Radar,98,73,39,5,215,0,0,6,1,7,98,73,45,6,222,0,0,0,222
06/24/2016,RIC,VA,AEA,EN,Towers with Radar,117,89,54,7,267,0,1,34,4,39,117,90,88,11,306,30,0,30,336
06/25/2016,RIC,VA,AEA,EN,Towers with Radar,75,51,27,2,155,0,0,20,13,33,75,51,47,15,188,22,0,22,210
06/26/2016,RIC,VA,AEA,EN,Towers with Radar,85,70,22,0,177,0,4,18,0,22,85,74,40,0,199,0,0,0,199
06/27/2016,RIC,VA,AEA,EN,Towers with Radar,97,91,48,4,240,0,0,41,0,41,97,91,89,4,281,8,3,11,292
06/28/2016,RIC,VA,AEA,EN,Towers with Radar,118,91,53,1,263,0,5,18,2,25,118,96,71,3,288,26,4,30,318
06/29/2016,RIC,VA,AEA,EN,Towers with Radar,102,88,65,11,266,0,1,60,10,71,102,89,125,21,337,16,21,37,374
06/30/2016,RIC,VA,AEA,EN,Towers with Radar,104,90,46,5,245,0,0,35,6,41,104,90,81,11,286,6,4,10,296
07/01/2016,RIC,VA,AEA,EN,Towers with Radar,110,71,36,1,218,0,0,18,1,19,110,71,54,2,237,6,0,6,243
07/02/2016,RIC,VA,AEA,EN,Towers with Radar,80,58,26,0,164,0,0,20,0,20,80,58,46,0,184,16,0,16,200
07/03/2016,RIC,VA,AEA,EN,Towers with Radar,61,56,22,0,139,0,0,0,0,0,61,56,22,0,139,0,0,0,139
07/04/2016,RIC,VA,AEA,EN,Towers with Radar,71,58,14,1,144,0,0,0,0,0,71,58,14,1,144,0,0,0,144
07/05/2016,RIC,VA,AEA,EN,Towers with Radar,107,79,40,0,226,0,0,43,1,44,107,79,83,1,270,10,0,10,280
07/06/2016,RIC,VA,AEA,EN,Towers with Radar,102,78,56,10,246,0,4,45,4,53,102,82,101,14,299,22,0,22,321
07/07/2016,RIC,VA,AEA,EN,Towers with Radar,100,66,48,12,226,0,2,24,3,29,100,68,72,15,255,10,0,10,265
07/08/2016,RIC,VA,AEA,EN,Towers with Radar,107,80,44,6,237,0,6,18,9,33,107,86,62,15,270,32,11,43,313
07/09/2016,RIC,VA,AEA,EN,Towers with Radar,85,68,21,2,176,0,1,34,3,38,85,69,55,5,214,4,0,4,218
07/10/2016,RIC,VA,AEA,EN,Towers with Radar,92,72,40,0,204,0,3,25,1,29,92,75,65,1,233,2,0,2,235
07/11/2016,RIC,VA,AEA,EN,Towers with Radar,98,83,66,5,252,0,0,23,3,26,98,83,89,8,278,24,0,24,302
07/12/2016,RIC,VA,AEA,EN,Towers with Radar,106,87,49,16,258,0,0,29,1,30,106,87,78,17,288,50,2,52,340
07/13/2016,RIC,VA,AEA,EN,Towers with Radar,101,84,60,0,245,0,0,18,8,26,101,84,78,8,271,10,2,12,283
07/14/2016,RIC,VA,AEA,EN,Towers with Radar,110,91,48,0,249,0,2,39,3,44,110,93,87,3,293,0,0,0,293
07/15/2016,RIC,VA,AEA,EN,Towers with Radar,116,87,51,5,259,0,3,15,5,23,116,90,66,10,282,10,4,14,296
07/16/2016,RIC,VA,AEA,EN,Towers with Radar,88,62,28,3,181,0,2,23,0,25,88,64,51,3,206,0,0,0,206
07/17/2016,RIC,VA,AEA,EN,Towers with Radar,93,74,37,2,206,0,2,20,0,22,93,76,57,2,228,2,0,2,230
07/18/2016,RIC,VA,AEA,EN,Towers with Radar,104,81,45,0,230,0,0,32,0,32,104,81,77,0,262,0,0,0,262
07/19/2016,RIC,VA,AEA,EN,Towers with Radar,100,101,44,0,245,0,0,36,1,37,100,101,80,1,282,0,0,0,282
07/20/2016,RIC,VA,AEA,EN,Towers with Radar,108,91,70,8,277,0,3,30,2,35,108,94,100,10,312,8,2,10,322
07/21/2016,RIC,VA,AEA,EN,Towers with Radar,96,84,61,2,243,0,7,30,10,47,96,91,91,12,290,17,0,17,307
07/22/2016,RIC,VA,AEA,EN,Towers with Radar,107,81,37,8,233,0,0,30,3,33,107,81,67,11,266,2,2,4,270
07/23/2016,RIC,VA,AEA,EN,Towers with Radar,77,55,25,2,159,0,0,20,0,20,77,55,45,2,179,0,2,2,181
07/24/2016,RIC,VA,AEA,EN,Towers with Radar,86,71,24,2,183,0,0,7,0,7,86,71,31,2,190,0,0,0,190
07/25/2016,RIC,VA,AEA,EN,Towers with Radar,112,72,33,27,244,0,1,23,0,24,112,73,56,27,268,2,6,8,276
07/26/2016,RIC,VA,AEA,EN,Towers with Radar,99,83,43,1,226,0,0,26,0,26,99,83,69,1,252,2,8,10,262
07/27/2016,RIC,VA,AEA,EN,Towers with Radar,100,98,47,8,253,0,1,18,2,21,100,99,65,10,274,0,16,16,290
07/28/2016,RIC,VA,AEA,EN,Towers with Radar,119,69,56,10,254,0,2,24,0,26,119,71,80,10,280,4,0,4,284
07/29/2016,RIC,VA,AEA,EN,Towers with Radar,112,81,57,19,269,0,1,17,9,27,112,82,74,28,296,0,8,8,304
07/30/2016,RIC,VA,AEA,EN,Towers with Radar,74,54,20,2,150,0,1,9,13,23,74,55,29,15,173,8,12,20,193
07/31/2016,RIC,VA,AEA,EN,Towers with Radar,92,79,27,4,202,0,0,8,0,8,92,79,35,4,210,0,0,0,210
08/01/2016,RIC,VA,AEA,EN,Towers with Radar,100,74,34,1,209,0,1,15,2,18,100,75,49,3,227,28,0,28,255
08/02/2016,RIC,VA,AEA,EN,Towers with Radar,100,76,60,11,247,0,0,21,5,26,100,76,81,16,273,24,8,32,305
08/03/2016,RIC,VA,AEA,EN,Towers with Radar,102,82,49,5,238,0,0,37,9,46,102,82,86,14,284,4,30,34,318
08/04/2016,RIC,VA,AEA,EN,Towers with Radar,103,76,51,8,238,0,0,23,0,23,103,76,74,8,261,24,12,36,297
08/05/2016,RIC,VA,AEA,EN,Towers with Radar,105,80,32,5,222,0,0,16,2,18,105,80,48,7,240,18,0,18,258
08/06/2016,RIC,VA,AEA,EN,Towers with Radar,72,61,18,1,152,0,4,18,1,23,72,65,36,2,175,4,0,4,179
08/07/2016,RIC,VA,AEA,EN,Towers with Radar,82,70,31,8,191,0,2,11,0,13,82,72,42,8,204,6,0,6,210
08/08/2016,RIC,VA,AEA,EN,Towers with Radar,87,80,41,0,208,0,1,5,0,6,87,81,46,0,214,14,0,14,228
08/09/2016,RIC,VA,AEA,EN,Towers with Radar,95,84,41,10,230,0,0,6,3,9,95,84,47,13,239,27,0,27,266
08/10/2016,RIC,VA,AEA,EN,Towers with Radar,105,82,67,27,281,0,2,22,2,26,105,84,89,29,307,19,14,33,340
08/11/2016,RIC,VA,AEA,EN,Towers with Radar,108,77,52,6,243,0,3,24,6,33,108,80,76,12,276,9,0,9,285
08/12/2016,RIC,VA,AEA,EN,Towers with Radar,111,74,23,1,209,0,6,29,8,43,111,80,52,9,252,38,4,42,294
08/13/2016,RIC,VA,AEA,EN,Towers with Radar,76,61,27,6,170,0,0,14,4,18,76,61,41,10,188,34,0,34,222
08/14/2016,RIC,VA,AEA,EN,Towers with Radar,91,72,23,0,186,0,1,11,0,12,91,73,34,0,198,0,0,0,198
08/15/2016,RIC,VA,AEA,EN,Towers with Radar,101,74,37,2,214,0,0,28,0,28,101,74,65,2,242,10,4,14,256
08/16/2016,RIC,VA,AEA,EN,Towers with Radar,104,78,47,10,239,0,0,31,0,31,104,78,78,10,270,14,5,19,289
08/17/2016,RIC,VA,AEA,EN,Towers with Radar,105,86,48,31,270,0,0,30,4,34,105,86,78,35,304,10,20,30,334
08/18/2016,RIC,VA,AEA,EN,Towers with Radar,103,87,65,8,263,0,5,29,6,40,103,92,94,14,303,23,0,23,326
08/19/2016,RIC,VA,AEA,EN,Towers with Radar,100,83,59,4,246,0,2,20,7,29,100,85,79,11,275,4,18,22,297
08/20/2016,RIC,VA,AEA,EN,Towers with Radar,71,52,32,4,159,0,2,17,12,31,71,54,49,16,190,10,4,14,204
08/21/2016,RIC,VA,AEA,EN,Towers with Radar,95,72,22,2,191,0,0,5,2,7,95,72,27,4,198,0,0,0,198
08/22/2016,RIC,VA,AEA,EN,Towers with Radar,98,78,45,12,233,0,2,22,2,26,98,80,67,14,259,2,4,6,265
08/23/2016,RIC,VA,AEA,EN,Towers with Radar,107,76,54,12,249,0,7,36,5,48,107,83,90,17,297,2,7,9,306
08/24/2016,RIC,VA,AEA,EN,Towers with Radar,107,83,48,16,254,0,0,41,5,46,107,83,89,21,300,14,14,28,328
08/25/2016,RIC,VA,AEA,EN,Towers with Radar,109,81,54,11,255,0,1,37,13,51,109,82,91,24,306,15,0,15,321
08/26/2016,RIC,VA,AEA,EN,Towers with Radar,106,69,42,13,230,0,1,45,4,50,106,70,87,17,280,8,26,34,314
08/27/2016,RIC,VA,AEA,EN,Towers with Radar,81,49,31,2,163,0,3,20,1,24,81,52,51,3,187,8,10,18,205
08/28/2016,RIC,VA,AEA,EN,Towers with Radar,87,69,25,3,184,0,14,10,4,28,87,83,35,7,212,0,0,0,212
08/29/2016,RIC,VA,AEA,EN,Towers with Radar,108,84,39,15,246,0,0,35,15,50,108,84,74,30,296,0,10,10,306
08/30/2016,RIC,VA,AEA,EN,Towers with Radar,109,76,54,22,261,0,0,36,10,46,109,76,90,32,307,0,20,20,327
08/31/2016,RIC,VA,AEA,EN,Towers with Radar,111,70,45,28,254,1,0,17,17,35,112,70,62,45,289,2,16,18,307
09/01/2016,RIC,VA,AEA,EN,Towers with Radar,117,76,50,9,252,0,3,17,9,29,117,79,67,18,281,8,27,35,316
09/02/2016,RIC,VA,AEA,EN,Towers with Radar,113,77,35,13,238,0,2,29,1,32,113,79,64,14,270,14,4,18,288
09/03/2016,RIC,VA,AEA,EN,Towers with Radar,82,36,5,0,123,0,2,0,2,4,82,38,5,2,127,2,0,2,129
09/04/2016,RIC,VA,AEA,EN,Towers with Radar,75,46,16,0,137,0,4,2,1,7,75,50,18,1,144,0,0,0,144
09/05/2016,RIC,VA,AEA,EN,Towers with Radar,90,67,22,0,179,0,0,21,0,21,90,67,43,0,200,0,0,0,200
09/06/2016,RIC,VA,AEA,EN,Towers with Radar,105,75,40,14,234,0,5,21,12,38,105,80,61,26,272,6,22,28,300
09/07/2016,RIC,VA,AEA,EN,Towers with Radar,114,69,49,19,251,0,1,37,2,40,114,70,86,21,291,0,4,4,295
09/08/2016,RIC,VA,AEA,EN,Towers with Radar,120,73,103,11,307,0,2,42,13,57,120,75,145,24,364,2,12,14,378
09/09/2016,RIC,VA,AEA,EN,Towers with Radar,116,81,64,11,272,0,4,56,3,63,116,85,120,14,335,12,10,22,357
09/10/2016,RIC,VA,AEA,EN,Towers with Radar,79,66,63,2,210,0,4,57,2,63,79,70,120,4,273,0,6,6,279
09/11/2016,RIC,VA,AEA,EN,Towers with Radar,100,69,61,0,230,0,1,37,0,38,100,70,98,0,268,0,0,0,268
09/12/2016,RIC,VA,AEA,EN,Towers with Radar,111,75,60,11,257,0,0,19,17,36,111,75,79,28,293,0,6,6,299
09/13/2016,RIC,VA,AEA,EN,Towers with Radar,107,72,60,9,248,0,0,33,9,42,107,72,93,18,290,2,2,4,294
09/14/2016,RIC,VA,AEA,EN,Towers with Radar,109,76,60,16,261,0,0,23,11,34,109,76,83,27,295,65,10,75,370
09/15/2016,RIC,VA,AEA,EN,Towers with Radar,112,76,65,21,274,0,0,16,7,23,112,76,81,28,297,6,19,25,322
09/16/2016,RIC,VA,AEA,EN,Towers with Radar,120,78,56,20,274,0,0,32,10,42,120,78,88,30,316,6,16,22,338
09/17/2016,RIC,VA,AEA,EN,Towers with Radar,81,43,19,0,143,0,0,10,0,10,81,43,29,0,153,0,0,0,153
09/18/2016,RIC,VA,AEA,EN,Towers with Radar,95,60,27,0,182,1,0,4,0,5,96,60,31,0,187,0,0,0,187
09/19/2016,RIC,VA,AEA,EN,Towers with Radar,109,75,36,0,220,0,0,2,0,2,109,75,38,0,222,0,0,0,222
09/20/2016,RIC,VA,AEA,EN,Towers with Radar,108,68,51,2,229,0,0,0,0,0,108,68,51,2,229,0,0,0,229
09/21/2016,RIC,VA,AEA,EN,Towers with Radar,110,68,52,2,232,0,0,1,0,1,110,68,53,2,233,0,0,0,233
09/22/2016,RIC,VA,AEA,EN,Towers with Radar,110,81,46,16,253,0,2,11,8,21,110,83,57,24,274,0,4,4,278
09/23/2016,RIC,VA,AEA,EN,Towers with Radar,114,69,49,10,242,0,1,30,6,37,114,70,79,16,279,0,14,14,293
09/24/2016,RIC,VA,AEA,EN,Towers with Radar,88,43,24,0,155,0,4,13,7,24,88,47,37,7,179,8,0,8,187
09/25/2016,RIC,VA,AEA,EN,Towers with Radar,99,63,33,3,198,0,2,9,6,17,99,65,42,9,215,0,0,0,215
09/26/2016,RIC,VA,AEA,EN,Towers with Radar,108,78,31,27,244,0,0,30,1,31,108,78,61,28,275,0,0,0,275
09/27/2016,RIC,VA,AEA,EN,Towers with Radar,117,76,45,8,246,0,1,4,2,7,117,77,49,10,253,0,0,0,253
09/28/2016,RIC,VA,AEA,EN,Towers with Radar,102,53,23,11,189,0,0,0,2,2,102,53,23,13,191,0,0,0,191
09/29/2016,RIC,VA,AEA,EN,Towers with Radar,117,74,53,10,254,0,2,0,1,3,117,76,53,11,257,0,2,2,259
09/30/2016,RIC,VA,AEA,EN,Towers with Radar,115,77,38,1,231,0,2,0,0,2,115,79,38,1,233,2,2,4,237
10/01/2016,RIC,VA,AEA,EN,Towers with Radar,80,47,23,0,150,0,2,7,0,9,80,49,30,0,159,0,0,0,159
10/02/2016,RIC,VA,AEA,EN,Towers with Radar,92,59,20,0,171,0,0,6,0,6,92,59,26,0,177,12,0,12,189
10/03/2016,RIC,VA,AEA,EN,Towers with Radar,108,77,41,8,234,0,0,19,1,20,108,77,60,9,254,0,0,0,254
10/04/2016,RIC,VA,AEA,EN,Towers with Radar,107,71,53,12,243,0,1,22,6,29,107,72,75,18,272,24,2,26,298
10/05/2016,RIC,VA,AEA,EN,Towers with Radar,113,83,59,7,262,0,0,35,7,42,113,83,94,14,304,52,18,70,374
10/06/2016,RIC,VA,AEA,EN,Towers with Radar,111,69,60,3,243,0,0,9,1,10,111,69,69,4,253,37,8,45,298
10/07/2016,RIC,VA,AEA,EN,Towers with Radar,111,81,36,8,236,0,0,13,0,13,111,81,49,8,249,6,4,10,259
10/08/2016,RIC,VA,AEA,EN,Towers with Radar,82,50,10,0,142,0,0,0,0,0,82,50,10,0,142,4,0,4,146
10/09/2016,RIC,VA,AEA,EN,Towers with Radar,89,64,11,0,164,0,1,2,2,5,89,65,13,2,169,0,0,0,169
10/10/2016,RIC,VA,AEA,EN,Towers with Radar,111,63,26,3,203,0,0,23,0,23,111,63,49,3,226,6,0,6,232
10/11/2016,RIC,VA,AEA,EN,Towers with Radar,113,70,56,8,247,0,1,46,5,52,113,71,102,13,299,22,4,26,325
10/12/2016,RIC,VA,AEA,EN,Towers with Radar,115,83,61,2,261,0,6,35,5,46,115,89,96,7,307,0,2,2,309
10/13/2016,RIC,VA,AEA,EN,Towers with Radar,121,84,52,3,260,0,1,49,7,57,121,85,101,10,317,18,6,24,341
10/14/2016,RIC,VA,AEA,EN,Towers with Radar,115,89,56,0,260,0,9,42,2,53,115,98,98,2,313,20,0,20,333
10/15/2016,RIC,VA,AEA,EN,Towers with Radar,80,51,31,3,165,0,3,27,3,33,80,54,58,6,198,0,0,0,198
10/16/2016,RIC,VA,AEA,EN,Towers with Radar,96,76,40,0,212,0,0,3,0,3,96,76,43,0,215,6,0,6,221
10/17/2016,RIC,VA,AEA,EN,Towers with Radar,108,66,43,2,219,0,0,39,2,41,108,66,82,4,260,16,0,16,276
10/18/2016,RIC,VA,AEA,EN,Towers with Radar,121,76,56,1,254,0,1,54,4,59,121,77,110,5,313,33,8,41,354
10/19/2016,RIC,VA,AEA,EN,Towers with Radar,115,81,55,3,254,0,2,36,12,50,115,83,91,15,304,4,32,36,340
10/20/2016,RIC,VA,AEA,EN,Towers with Radar,117,82,59,0,258,0,0,41,7,48,117,82,100,7,306,30,0,30,336
10/21/2016,RIC,VA,AEA,EN,Towers with Radar,119,75,35,1,230,0,1,27,0,28,119,76,62,1,258,18,0,18,276
10/22/2016,RIC,VA,AEA,EN,Towers with Radar,77,40,11,0,128,0,3,3,6,12,77,43,14,6,140,0,0,0,140
10/23/2016,RIC,VA,AEA,EN,Towers with Radar,93,67,38,2,200,0,2,15,0,17,93,69,53,2,217,2,0,2,219
10/24/2016,RIC,VA,AEA,EN,Towers with Radar,108,64,38,4,214,0,0,27,1,28,108,64,65,5,242,2,0,2,244
10/25/2016,RIC,VA,AEA,EN,Towers with Radar,112,72,43,9,236,0,6,27,5,38,112,78,70,14,274,2,0,2,276
10/26/2016,RIC,VA,AEA,EN,Towers with Radar,111,72,81,5,269,0,1,58,8,67,111,73,139,13,336,2,6,8,344
10/27/2016,RIC,VA,AEA,EN,Towers with Radar,110,75,52,10,247,0,2,27,26,55,110,77,79,36,302,28,4,32,334
10/28/2016,RIC,VA,AEA,EN,Towers with Radar,116,63,51,5,235,3,0,19,3,25,119,63,70,8,260,36,4,40,300
10/29/2016,RIC,VA,AEA,EN,Towers with Radar,77,43,14,0,134,0,2,20,4,26,77,45,34,4,160,8,0,8,168
10/30/2016,RIC,VA,AEA,EN,Towers with Radar,111,63,15,0,189,0,0,5,0,5,111,63,20,0,194,0,0,0,194
10/31/2016,RIC,VA,AEA,EN,Towers with Radar,106,72,48,2,228,0,0,20,0,20,106,72,68,2,248,0,0,0,248
11/01/2016,RIC,VA,AEA,EN,Towers with Radar,112,82,42,6,242,0,0,48,5,53,112,82,90,11,295,24,0,24,319
11/02/2016,RIC,VA,AEA,EN,Towers with Radar,111,80,57,0,248,0,1,30,12,43,111,81,87,12,291,22,8,30,321
11/03/2016,RIC,VA,AEA,EN,Towers with Radar,112,77,48,9,246,0,0,46,12,58,112,77,94,21,304,32,1,33,337
11/04/2016,RIC,VA,AEA,EN,Towers with Radar,115,77,43,6,241,0,4,39,4,47,115,81,82,10,288,5,2,7,295
11/05/2016,RIC,VA,AEA,EN,Towers with Radar,79,54,37,0,170,0,7,31,0,38,79,61,68,0,208,10,10,20,228
11/06/2016,RIC,VA,AEA,EN,Towers with Radar,91,54,30,0,175,0,2,22,0,24,91,56,52,0,199,0,0,0,199
11/07/2016,RIC,VA,AEA,EN,Towers with Radar,104,66,37,4,211,0,2,29,4,35,104,68,66,8,246,1,0,1,247
11/08/2016,RIC,VA,AEA,EN,Towers with Radar,108,67,26,0,201,0,4,34,7,45,108,71,60,7,246,2,2,4,250
11/09/2016,RIC,VA,AEA,EN,Towers with Radar,114,66,66,3,249,0,0,13,0,13,114,66,79,3,262,0,14,14,276
11/10/2016,RIC,VA,AEA,EN,Towers with Radar,117,77,47,7,248,0,2,34,10,46,117,79,81,17,294,10,13,23,317
11/11/2016,RIC,VA,AEA,EN,Towers with Radar,119,70,33,0,222,0,3,47,0,50,119,73,80,0,272,17,0,17,289
11/12/2016,RIC,VA,AEA,EN,Towers with Radar,77,47,33,0,157,0,0,32,0,32,77,47,65,0,189,24,0,24,213
11/13/2016,RIC,VA,AEA,EN,Towers with Radar,93,61,32,0,186,0,5,12,0,17,93,66,44,0,203,0,2,2,205
11/14/2016,RIC,VA,AEA,EN,Towers with Radar,108,68,60,4,240,0,1,9,0,10,108,69,69,4,250,8,0,8,258
11/15/2016,RIC,VA,AEA,EN,Towers with Radar,120,73,67,11,271,0,0,14,4,18,120,73,81,15,289,24,6,30,319
11/16/2016,RIC,VA,AEA,EN,Towers with Radar,116,79,65,1,261,0,4,33,11,48,116,83,98,12,309,18,2,20,329
11/17/2016,RIC,VA,AEA,EN,Towers with Radar,113,77,78,3,271,0,3,41,10,54,113,80,119,13,325,4,7,11,336
11/18/2016,RIC,VA,AEA,EN,Towers with Radar,119,74,42,0,235,0,2,29,5,36,119,76,71,5,271,23,1,24,295
11/19/2016,RIC,VA,AEA,EN,Towers with Radar,87,45,28,0,160,0,0,11,0,11,87,45,39,0,171,0,0,0,171
11/20/2016,RIC,VA,AEA,EN,Towers with Radar,89,53,19,0,161,0,0,4,3,7,89,53,23,3,168,0,0,0,168
11/21/2016,RIC,VA,AEA,EN,Towers with Radar,97,67,32,12,208,0,3,31,2,36,97,70,63,14,244,0,2,2,246
11/22/2016,RIC,VA,AEA,EN,Towers with Radar,102,93,60,9,264,0,0,29,0,29,102,93,89,9,293,2,2,4,297
11/23/2016,RIC,VA,AEA,EN,Towers with Radar,114,75,33,0,222,0,0,30,0,30,114,75,63,0,252,0,0,0,252
11/24/2016,RIC,VA,AEA,EN,Towers with Radar,55,42,11,0,108,0,0,5,0,5,55,42,16,0,113,0,0,0,113
11/25/2016,RIC,VA,AEA,EN,Towers with Radar,84,46,26,0,156,0,0,11,0,11,84,46,37,0,167,0,0,0,167
11/26/2016,RIC,VA,AEA,EN,Towers with Radar,109,64,32,0,205,0,0,15,0,15,109,64,47,0,220,0,0,0,220
11/27/2016,RIC,VA,AEA,EN,Towers with Radar,104,77,52,0,233,0,0,19,0,19,104,77,71,0,252,6,0,6,258
11/28/2016,RIC,VA,AEA,EN,Towers with Radar,106,81,60,7,254,0,0,30,5,35,106,81,90,12,289,42,30,72,361
11/29/2016,RIC,VA,AEA,EN,Towers with Radar,119,94,53,12,278,0,0,0,2,2,119,94,53,14,280,28,0,28,308
11/30/2016,RIC,VA,AEA,EN,Towers with Radar,115,86,48,10,259,0,0,3,12,15,115,86,51,22,274,0,44,44,318
12/01/2016,RIC,VA,AEA,EN,Towers with Radar,115,93,61,12,281,0,5,32,10,47,115,98,93,22,328,29,14,43,371
12/02/2016,RIC,VA,AEA,EN,Towers with Radar,113,87,33,5,238,0,0,25,2,27,113,87,58,7,265,37,0,37,302
12/03/2016,RIC,VA,AEA,EN,Towers with Radar,68,53,34,0,155,0,2,17,9,28,68,55,51,9,183,22,0,22,205
12/04/2016,RIC,VA,AEA,EN,Towers with Radar,89,61,32,1,183,0,0,8,7,15,89,61,40,8,198,0,0,0,198
12/05/2016,RIC,VA,AEA,EN,Towers with Radar,105,75,49,19,248,0,0,6,0,6,105,75,55,19,254,26,0,26,280
12/06/2016,RIC,VA,AEA,EN,Towers with Radar,103,71,41,0,215,0,0,0,0,0,103,71,41,0,215,0,0,0,215
12/07/2016,RIC,VA,AEA,EN,Towers with Radar,109,82,63,4,258,0,1,32,11,44,109,83,95,15,302,48,0,48,350
12/08/2016,RIC,VA,AEA,EN,Towers with Radar,118,79,66,27,290,0,2,30,17,49,118,81,96,44,339,32,4,36,375
12/09/2016,RIC,VA,AEA,EN,Towers with Radar,110,84,36,1,231,0,3,20,4,27,110,87,56,5,258,6,0,6,264
12/10/2016,RIC,VA,AEA,EN,Towers with Radar,66,48,36,0,150,0,2,17,2,21,66,50,53,2,171,14,0,14,185
12/11/2016,RIC,VA,AEA,EN,Towers with Radar,81,57,21,2,161,0,1,26,1,28,81,58,47,3,189,1,0,1,190
12/12/2016,RIC,VA,AEA,EN,Towers with Radar,100,79,31,3,213,0,0,10,1,11,100,79,41,4,224,0,0,0,224
12/13/2016,RIC,VA,AEA,EN,Towers with Radar,114,85,53,22,274,0,2,29,10,41,114,87,82,32,315,13,4,17,332
12/14/2016,RIC,VA,AEA,EN,Towers with Radar,114,84,47,13,258,0,2,41,9,52,114,86,88,22,310,22,26,48,358
12/15/2016,RIC,VA,AEA,EN,Towers with Radar,124,70,65,1,260,0,1,9,3,13,124,71,74,4,273,0,2,2,275
12/16/2016,RIC,VA,AEA,EN,Towers with Radar,115,71,43,3,232,0,3,21,5,29,115,74,64,8,261,10,0,10,271
12/17/2016,RIC,VA,AEA,EN,Towers with Radar,114,49,11,2,176,0,0,0,0,0,114,49,11,2,176,0,0,0,176
12/18/2016,RIC,VA,AEA,EN,Towers with Radar,99,53,21,0,173,0,0,1,0,1,99,53,22,0,174,0,0,0,174
12/19/2016,RIC,VA,AEA,EN,Towers with Radar,113,58,44,6,221,0,0,24,0,24,113,58,68,6,245,0,0,0,245
12/20/2016,RIC,VA,AEA,EN,Towers with Radar,117,79,38,12,246,0,1,21,4,26,117,80,59,16,272,4,2,6,278
12/21/2016,RIC,VA,AEA,EN,Towers with Radar,110,63,34,4,211,0,5,19,10,34,110,68,53,14,245,0,0,0,245
12/22/2016,RIC,VA,AEA,EN,Towers with Radar,118,62,35,5,220,0,4,22,5,31,118,66,57,10,251,4,4,8,259
12/23/2016,RIC,VA,AEA,EN,Towers with Radar,111,54,22,0,187,0,4,20,0,24,111,58,42,0,211,0,0,0,211
12/24/2016,RIC,VA,AEA,EN,Towers with Radar,79,33,4,0,116,0,2,1,1,4,79,35,5,1,120,0,0,0,120
12/25/2016,RIC,VA,AEA,EN,Towers with Radar,64,30,4,0,98,0,0,2,0,2,64,30,6,0,100,0,0,0,100
12/26/2016,RIC,VA,AEA,EN,Towers with Radar,85,61,20,2,168,0,0,6,0,6,85,61,26,2,174,0,0,0,174
12/27/2016,RIC,VA,AEA,EN,Towers with Radar,106,55,23,5,189,0,1,10,1,12,106,56,33,6,201,0,0,0,201
12/28/2016,RIC,VA,AEA,EN,Towers with Radar,104,61,23,10,198,0,0,22,2,24,104,61,45,12,222,0,0,0,222
12/29/2016,RIC,VA,AEA,EN,Towers with Radar,104,56,16,13,189,0,0,2,0,2,104,56,18,13,191,0,0,0,191
12/30/2016,RIC,VA,AEA,EN,Towers with Radar,103,56,19,3,181,0,2,8,2,12,103,58,27,5,193,0,9,9,202
12/31/2016,RIC,VA,AEA,EN,Towers with Radar,74,35,15,0,124,0,5,11,0,16,74,40,26,0,140,0,0,0,140
01/01/2017,RIC,VA,AEA,EN,Towers with Radar,65,49,20,0,134,0,0,10,0,10,65,49,30,0,144,4,0,4,148
01/02/2017,RIC,VA,AEA,EN,Towers with Radar,85,51,16,0,152,0,0,0,0,0,85,51,16,0,152,0,0,0,152
01/03/2017,RIC,VA,AEA,EN,Towers with Radar,99,64,16,6,185,0,0,0,0,0,99,64,16,6,185,0,0,0,185
01/04/2017,RIC,VA,AEA,EN,Towers with Radar,107,69,36,11,223,0,0,27,4,31,107,69,63,15,254,9,8,17,271
01/05/2017,RIC,VA,AEA,EN,Towers with Radar,101,60,37,30,228,0,1,17,14,32,101,61,54,44,260,4,10,14,274
01/06/2017,RIC,VA,AEA,EN,Towers with Radar,94,56,48,14,212,0,0,14,0,14,94,56,62,14,226,2,32,34,260
01/07/2017,RIC,VA,AEA,EN,Towers with Radar,44,13,7,0,64,0,1,0,0,1,44,14,7,0,65,0,0,0,65
01/08/2017,RIC,VA,AEA,EN,Towers with Radar,97,59,15,0,171,0,1,9,0,10,97,60,24,0,181,0,0,0,181
01/09/2017,RIC,VA,AEA,EN,Towers with Radar,92,65,37,0,194,0,2,14,2,18,92,67,51,2,212,2,0,2,214
01/10/2017,RIC,VA,AEA,EN,Towers with Radar,98,53,41,0,192,0,0,21,2,23,98,53,62,2,215,9,3,12,227
01/11/2017,RIC,VA,AEA,EN,Towers with Radar,101,68,45,8,222,0,1,29,3,33,101,69,74,11,255,9,4,13,268
01/12/2017,RIC,VA,AEA,EN,Towers with Radar,112,67,68,4,251,0,0,20,4,24,112,67,88,8,275,0,8,8,283
01/13/2017,RIC,VA,AEA,EN,Towers with Radar,102,74,31,14,221,0,3,40,2,45,102,77,71,16,266,4,6,10,276
01/14/2017,RIC,VA,AEA,EN,Towers with Radar,61,40,17,4,122,0,0,9,4,13,61,40,26,8,135,0,0,0,135
01/15/2017,RIC,VA,AEA,EN,Towers with Radar,73,59,21,0,153,0,2,8,0,10,73,61,29,0,163,2,0,2,165
01/16/2017,RIC,VA,AEA,EN,Towers with Radar,92,71,43,0,206,0,0,6,0,6,92,71,49,0,212,12,0,12,224
01/17/2017,RIC,VA,AEA,EN,Towers with Radar,100,68,37,20,225,0,0,7,2,9,100,68,44,22,234,8,1,9,243
01/18/2017,RIC,VA,AEA,EN,Towers with Radar,104,75,52,44,275,0,0,18,21,39,104,75,70,65,314,2,8,10,324
01/19/2017,RIC,VA,AEA,EN,Towers with Radar,106,73,43,23,245,0,1,45,18,64,106,74,88,41,309,14,23,37,346
01/20/2017,RIC,VA,AEA,EN,Towers with Radar,110,70,34,2,216,0,0,4,0,4,110,70,38,2,220,0,0,0,220
01/21/2017,RIC,VA,AEA,EN,Towers with Radar,65,45,10,0,120,0,0,0,0,0,65,45,10,0,120,0,0,0,120
01/22/2017,RIC,VA,AEA,EN,Towers with Radar,81,63,11,0,155,0,0,0,0,0,81,63,11,0,155,0,0,0,155
01/23/2017,RIC,VA,AEA,EN,Towers with Radar,99,64,46,0,209,0,0,0,0,0,99,64,46,0,209,0,0,0,209
01/24/2017,RIC,VA,AEA,EN,Towers with Radar,100,67,55,27,249,0,0,18,19,37,100,67,73,46,286,6,24,30,316
01/25/2017,RIC,VA,AEA,EN,Towers with Radar,99,70,56,6,231,0,5,25,14,44,99,75,81,20,275,14,7,21,296
01/26/2017,RIC,VA,AEA,EN,Towers with Radar,112,65,53,16,246,0,1,9,19,29,112,66,62,35,275,2,14,16,291
01/27/2017,RIC,VA,AEA,EN,Towers with Radar,108,74,54,3,239,0,2,15,7,24,108,76,69,10,263,2,0,2,265
01/28/2017,RIC,VA,AEA,EN,Towers with Radar,65,49,20,2,136,0,2,22,2,26,65,51,42,4,162,0,0,0,162
01/29/2017,RIC,VA,AEA,EN,Towers with Radar,76,62,26,1,165,0,2,11,0,13,76,64,37,1,178,0,0,0,178
01/30/2017,RIC,VA,AEA,EN,Towers with Radar,96,72,38,9,215,0,2,18,7,27,96,74,56,16,242,1,0,1,243
01/31/2017,RIC,VA,AEA,EN,Towers with Radar,101,62,53,11,227,0,0,34,9,43,101,62,87,20,270,12,6,18,288
02/01/2017,RIC,VA,AEA,EN,Towers with Radar,99,73,40,5,217,0,8,43,7,58,99,81,83,12,275,3,3,6,281
02/02/2017,RIC,VA,AEA,EN,Towers with Radar,102,69,66,13,250,0,0,42,5,47,102,69,108,18,297,10,20,30,327
02/03/2017,RIC,VA,AEA,EN,Towers with Radar,100,68,48,16,232,0,0,27,12,39,100,68,75,28,271,12,24,36,307
02/04/2017,RIC,VA,AEA,EN,Towers with Radar,60,48,8,0,116,0,0,20,2,22,60,48,28,2,138,2,0,2,140
02/05/2017,RIC,VA,AEA,EN,Towers with Radar,71,55,21,0,147,0,2,6,0,8,71,57,27,0,155,0,0,0,155
02/06/2017,RIC,VA,AEA,EN,Towers with Radar,92,62,35,4,193,0,0,19,1,20,92,62,54,5,213,0,10,10,223
02/07/2017,RIC,VA,AEA,EN,Towers with Radar,97,60,56,10,223,0,1,20,8,29,97,61,76,18,252,46,2,48,300
02/08/2017,RIC,VA,AEA,EN,Towers with Radar,99,66,35,16,216,1,6,25,11,43,100,72,60,27,259,3,1,4,263
02/09/2017,RIC,VA,AEA,EN,Towers with Radar,88,45,37,11,181,0,1,7,7,15,88,46,44,18,196,0,28,28,224
02/10/2017,RIC,VA,AEA,EN,Towers with Radar,104,75,30,3,212,0,0,41,9,50,104,75,71,12,262,0,1,1,263
02/11/2017,RIC,VA,AEA,EN,Towers with Radar,63,56,18,1,138,0,4,13,7,24,63,60,31,8,162,12,0,12,174
02/12/2017,RIC,VA,AEA,EN,Towers with Radar,77,73,26,0,176,0,2,9,12,23,77,75,35,12,199,0,0,0,199
02/13/2017,RIC,VA,AEA,EN,Towers with Radar,96,64,44,1,205,0,0,22,0,22,96,64,66,1,227,22,0,22,249
02/14/2017,RIC,VA,AEA,EN,Towers with Radar,105,79,58,21,263,0,0,34,5,39,105,79,92,26,302,15,2,17,319
02/15/2017,RIC,VA,AEA,EN,Towers with Radar,101,72,53,34,260,0,4,18,12,34,101,76,71,46,294,20,24,44,338
02/16/2017,RIC,VA,AEA,EN,Towers with Radar,110,82,45,4,241,0,0,24,5,29,110,82,69,9,270,6,4,10,280
02/17/2017,RIC,VA,AEA,EN,Towers with Radar,105,83,49,0,237,0,2,50,0,52,105,85,99,0,289,55,0,55,344
02/18/2017,RIC,VA,AEA,EN,Towers with Radar,66,39,20,0,125,0,0,34,3,37,66,39,54,3,162,2,0,2,164
02/19/2017,RIC,VA,AEA,EN,Towers with Radar,75,55,13,0,143,0,7,23,0,30,75,62,36,0,173,16,0,16,189
02/20/2017,RIC,VA,AEA,EN,Towers with Radar,102,66,25,0,193,0,0,43,3,46,102,66,68,3,239,22,0,22,261
02/21/2017,RIC,VA,AEA,EN,Towers with Radar,109,78,70,18,275,0,1,35,2,38,109,79,105,20,313,33,0,33,346
02/22/2017,RIC,VA,AEA,EN,Towers with Radar,106,71,51,4,232,0,0,6,1,7,106,71,57,5,239,2,13,15,254
02/23/2017,RIC,VA,AEA,EN,Towers with Radar,106,73,63,2,244,0,0,39,9,48,106,73,102,11,292,9,4,13,305
02/24/2017,RIC,VA,AEA,EN,Towers with Radar,112,80,45,4,241,0,0,44,5,49,112,80,89,9,290,22,20,42,332
02/25/2017,RIC,VA,AEA,EN,Towers with Radar,69,37,14,0,120,0,0,11,0,11,69,37,25,0,131,64,0,64,195
02/26/2017,RIC,VA,AEA,EN,Towers with Radar,89,63,32,0,184,0,6,21,2,29,89,69,53,2,213,0,0,0,213
02/27/2017,RIC,VA,AEA,EN,Towers with Radar,101,68,43,13,225,0,0,23,8,31,101,68,66,21,256,0,2,2,258
02/28/2017,RIC,VA,AEA,EN,Towers with Radar,115,63,51,13,242,0,0,24,8,32,115,63,75,21,274,7,5,12,286
03/01/2017,RIC,VA,AEA,EN,Towers with Radar,109,67,43,0,219,0,0,5,8,13,109,67,48,8,232,0,10,10,242
03/02/2017,RIC,VA,AEA,EN,Towers with Radar,106,60,46,16,228,1,0,31,14,46,107,60,77,30,274,48,11,59,333
03/03/2017,RIC,VA,AEA,EN,Towers with Radar,110,73,35,2,220,0,4,30,10,44,110,77,65,12,264,5,0,5,269
03/04/2017,RIC,VA,AEA,EN,Towers with Radar,73,39,14,1,127,0,3,19,2,24,73,42,33,3,151,2,0,2,153
03/05/2017,RIC,VA,AEA,EN,Towers with Radar,101,60,23,4,188,0,0,25,1,26,101,60,48,5,214,10,4,14,228
03/06/2017,RIC,VA,AEA,EN,Towers with Radar,99,62,34,14,209,0,0,42,4,46,99,62,76,18,255,7,37,44,299
03/07/2017,RIC,VA,AEA,EN,Towers with Radar,106,62,46,0,214,0,3,9,7,19,106,65,55,7,233,1,4,5,238
03/08/2017,RIC,VA,AEA,EN,Towers with Radar,114,77,50,2,243,0,0,43,18,61,114,77,93,20,304,4,15,19,323
03/09/2017,RIC,VA,AEA,EN,Towers with Radar,106,70,48,2,226,0,0,43,5,48,106,70,91,7,274,4,1,5,279
03/10/2017,RIC,VA,AEA,EN,Towers with Radar,99,73,24,20,216,0,2,25,8,35,99,75,49,28,251,1,1,2,253
03/11/2017,RIC,VA,AEA,EN,Towers with Radar,80,50,16,0,146,0,0,40,16,56,80,50,56,16,202,6,2,8,210
03/12/2017,RIC,VA,AEA,EN,Towers with Radar,90,66,21,0,177,0,1,11,0,12,90,67,32,0,189,4,10,14,203
03/13/2017,RIC,VA,AEA,EN,Towers with Radar,96,71,42,4,213,0,0,23,0,23,96,71,65,4,236,2,0,2,238
03/14/2017,RIC,VA,AEA,EN,Towers with Radar,80,29,26,6,141,0,0,0,4,4,80,29,26,10,145,0,0,0,145
03/15/2017,RIC,VA,AEA,EN,Towers with Radar,107,64,41,10,222,0,3,11,11,25,107,67,52,21,247,0,4,4,251
03/16/2017,RIC,VA,AEA,EN,Towers with Radar,110,67,50,8,235,0,1,47,9,57,110,68,97,17,292,3,9,12,304
03/17/2017,RIC,VA,AEA,EN,Towers with Radar,113,68,29,0,210,0,0,25,1,26,113,68,54,1,236,0,2,2,238
03/18/2017,RIC,VA,AEA,EN,Towers with Radar,84,44,18,0,146,0,0,11,1,12,84,44,29,1,158,0,0,0,158
03/19/2017,RIC,VA,AEA,EN,Towers with Radar,92,65,20,0,177,0,0,10,0,10,92,65,30,0,187,0,0,0,187
03/20/2017,RIC,VA,AEA,EN,Towers with Radar,104,65,48,4,221,0,0,43,4,47,104,65,91,8,268,6,9,15,283
03/21/2017,RIC,VA,AEA,EN,Towers with Radar,102,68,54,14,238,0,0,29,15,44,102,68,83,29,282,0,4,4,286
03/22/2017,RIC,VA,AEA,EN,Towers with Radar,105,75,48,0,228,0,0,20,5,25,105,75,68,5,253,6,0,6,259
03/23/2017,RIC,VA,AEA,EN,Towers with Radar,111,71,52,4,238,0,5,50,8,63,111,76,102,12,301,4,2,6,307
03/24/2017,RIC,VA,AEA,EN,Towers with Radar,111,69,35,12,227,0,3,24,6,33,111,72,59,18,260,3,6,9,269
03/25/2017,RIC,VA,AEA,EN,Towers with Radar,83,44,21,2,150,0,0,24,11,35,83,44,45,13,185,6,0,6,191
03/26/2017,RIC,VA,AEA,EN,Towers with Radar,92,60,21,2,175,0,0,2,0,2,92,60,23,2,177,0,0,0,177
03/27/2017,RIC,VA,AEA,EN,Towers with Radar,96,64,36,2,198,0,0,21,0,21,96,64,57,2,219,46,10,56,275
03/28/2017,RIC,VA,AEA,EN,Towers with Radar,107,66,48,13,234,0,0,4,11,15,107,66,52,24,249,8,14,22,271
03/29/2017,RIC,VA,AEA,EN,Towers with Radar,106,74,65,11,256,0,5,30,9,44,106,79,95,20,300,10,1,11,311
03/30/2017,RIC,VA,AEA,EN,Towers with Radar,110,69,63,7,249,0,7,28,13,48,110,76,91,20,297,2,4,6,303
03/31/2017,RIC,VA,AEA,EN,Towers with Radar,107,60,23,20,210,0,0,0,0,0,107,60,23,20,210,0,2,2,212
04/01/2017,RIC,VA,AEA,EN,Towers with Radar,76,50,29,0,155,0,0,6,2,8,76,50,35,2,163,0,2,2,165
04/02/2017,RIC,VA,AEA,EN,Towers with Radar,90,53,33,0,176,0,0,19,0,19,90,53,52,0,195,4,0,4,199
04/03/2017,RIC,VA,AEA,EN,Towers with Radar,94,69,26,1,190,0,0,13,4,17,94,69,39,5,207,29,0,29,236
04/04/2017,RIC,VA,AEA,EN,Towers with Radar,119,58,66,4,247,0,0,18,4,22,119,58,84,8,269,8,14,22,291
04/05/2017,RIC,VA,AEA,EN,Towers with Radar,101,70,63,2,236,0,0,25,10,35,101,70,88,12,271,20,5,25,296
04/06/2017,RIC,VA,AEA,EN,Towers with Radar,99,53,39,2,193,0,1,3,4,8,99,54,42,6,201,0,4,4,205
04/07/2017,RIC,VA,AEA,EN,Towers with Radar,106,69,63,4,242,0,7,6,9,22,106,76,69,13,264,11,4,15,279
04/08/2017,RIC,VA,AEA,EN,Towers with Radar,73,48,44,0,165,0,8,23,7,38,73,56,67,7,203,17,0,17,220
04/09/2017,RIC,VA,AEA,EN,Towers with Radar,95,69,40,3,207,0,4,23,2,29,95,73,63,5,236,22,0,22,258
04/10/2017,RIC,VA,AEA,EN,Towers with Radar,103,63,52,9,227,0,2,28,0,30,103,65,80,9,257,6,0,6,263
04/11/2017,RIC,VA,AEA,EN,Towers with Radar,118,67,39,2,226,0,2,34,3,39,118,69,73,5,265,8,3,11,276
04/12/2017,RIC,VA,AEA,EN,Towers with Radar,115,64,32,0,211,0,0,34,4,38,115,64,66,4,249,14,1,15,264
04/13/2017,RIC,VA,AEA,EN,Towers with Radar,119,64,51,0,234,0,2,26,3,31,119,66,77,3,265,4,2,6,271
04/14/2017,RIC,VA,AEA,EN,Towers with Radar,120,61,25,0,206,0,3,22,6,31,120,64,47,6,237,8,2,10,247
04/15/2017,RIC,VA,AEA,EN,Towers with Radar,72,45,27,4,148,0,4,14,2,20,72,49,41,6,168,2,4,6,174
04/16/2017,RIC,VA,AEA,EN,Towers with Radar,91,53,20,0,164,0,0,14,0,14,91,53,34,0,178,2,0,2,180
04/17/2017,RIC,VA,AEA,EN,Towers with Radar,108,55,43,0,206,0,0,14,0,14,108,55,57,0,220,0,0,0,220
04/18/2017,RIC,VA,AEA,EN,Towers with Radar,114,67,63,11,255,0,0,26,8,34,114,67,89,19,289,7,1,8,297
04/19/2017,RIC,VA,AEA,EN,Towers with Radar,113,67,53,10,243,0,1,22,7,30,113,68,75,17,273,19,5,24,297
04/20/2017,RIC,VA,AEA,EN,Towers with Radar,115,59,55,0,229,0,0,25,39,64,115,59,80,39,293,0,0,0,293
04/21/2017,RIC,VA,AEA,EN,Towers with Radar,120,67,44,10,241,0,0,29,6,35,120,67,73,16,276,2,2,4,280
04/22/2017,RIC,VA,AEA,EN,Towers with Radar,78,50,21,0,149,0,0,1,0,1,78,50,22,0,150,0,0,0,150
04/23/2017,RIC,VA,AEA,EN,Towers with Radar,93,69,22,0,184,0,0,0,0,0,93,69,22,0,184,0,0,0,184
04/24/2017,RIC,VA,AEA,EN,Towers with Radar,112,69,37,2,220,0,0,0,0,0,112,69,37,2,220,0,0,0,220
04/25/2017,RIC,VA,AEA,EN,Towers with Radar,118,62,61,2,243,0,0,0,0,0,118,62,61,2,243,6,0,6,249
04/26/2017,RIC,VA,AEA,EN,Towers with Radar,115,70,61,5,251,0,6,32,7,45,115,76,93,12,296,17,1,18,314
04/27/2017,RIC,VA,AEA,EN,Towers with Radar,118,74,59,13,264,0,0,51,11,62,118,74,110,24,326,20,0,20,346
04/28/2017,RIC,VA,AEA,EN,Towers with Radar,115,67,62,5,249,0,3,46,8,57,115,70,108,13,306,20,10,30,336
04/29/2017,RIC,VA,AEA,EN,Towers with Radar,77,56,38,5,176,0,0,17,7,24,77,56,55,12,200,16,0,16,216
04/30/2017,RIC,VA,AEA,EN,Towers with Radar,93,79,92,0,264,0,29,50,0,79,93,108,142,0,343,0,2,2,345
05/01/2017,RIC,VA,AEA,EN,Towers with Radar,110,57,33,4,204,0,0,13,0,13,110,57,46,4,217,38,0,38,255
05/02/2017,RIC,VA,AEA,EN,Towers with Radar,119,64,51,5,239,0,1,23,8,32,119,65,74,13,271,18,2,20,291
05/03/2017,RIC,VA,AEA,EN,Towers with Radar,121,68,48,22,259,0,2,32,3,37,121,70,80,25,296,21,2,23,319
05/04/2017,RIC,VA,AEA,EN,Towers with Radar,115,60,66,19,260,0,0,30,4,34,115,60,96,23,294,2,12,14,308
05/05/2017,RIC,VA,AEA,EN,Towers with Radar,113,80,51,2,246,0,0,2,1,3,113,80,53,3,249,24,0,24,273
05/06/2017,RIC,VA,AEA,EN,Towers with Radar,81,49,17,0,147,0,5,13,0,18,81,54,30,0,165,0,0,0,165
05/07/2017,RIC,VA,AEA,EN,Towers with Radar,91,69,42,0,202,0,0,11,0,11,91,69,53,0,213,8,0,8,221
05/08/2017,RIC,VA,AEA,EN,Towers with Radar,101,77,47,7,232,0,1,29,20,50,101,78,76,27,282,4,30,34,316
05/09/2017,RIC,VA,AEA,EN,Towers with Radar,117,65,62,0,244,0,2,41,14,57,117,67,103,14,301,19,0,19,320
05/10/2017,RIC,VA,AEA,EN,Towers with Radar,111,74,71,10,266,0,5,35,10,50,111,79,106,20,316,44,10,54,370
05/11/2017,RIC,VA,AEA,EN,Towers with Radar,119,64,58,0,241,0,1,2,2,5,119,65,60,2,246,0,0,0,246
05/12/2017,RIC,VA,AEA,EN,Towers with Radar,112,64,57,12,245,0,3,0,0,3,112,67,57,12,248,2,0,2,250
05/13/2017,RIC,VA,AEA,EN,Towers with Radar,74,42,30,0,146,0,1,8,0,9,74,43,38,0,155,0,0,0,155
05/14/2017,RIC,VA,AEA,EN,Towers with Radar,90,54,14,0,158,0,0,13,0,13,90,54,27,0,171,0,0,0,171
05/15/2017,RIC,VA,AEA,EN,Towers with Radar,106,73,58,8,245,0,1,38,4,43,106,74,96,12,288,10,2,12,300
05/16/2017,RIC,VA,AEA,EN,Towers with Radar,107,76,48,13,244,0,4,40,2,46,107,80,88,15,290,8,6,14,304
05/17/2017,RIC,VA,AEA,EN,Towers with Radar,108,75,65,12,260,0,1,28,11,40,108,76,93,23,300,16,1,17,317
05/18/2017,RIC,VA,AEA,EN,Towers with Radar,112,77,56,0,245,0,2,30,8,40,112,79,86,8,285,11,3,14,299
05/19/2017,RIC,VA,AEA,EN,Towers with Radar,115,83,35,1,234,0,1,24,5,30,115,84,59,6,264,4,0,4,268
05/20/2017,RIC,VA,AEA,EN,Towers with Radar,81,50,21,4,156,0,0,17,14,31,81,50,38,18,187,0,20,20,207
05/21/2017,RIC,VA,AEA,EN,Towers with Radar,96,64,29,8,197,0,3,11,5,19,96,67,40,13,216,10,4,14,230
05/22/2017,RIC,VA,AEA,EN,Towers with Radar,107,63,45,19,234,0,0,0,0,0,107,63,45,19,234,0,0,0,234
05/23/2017,RIC,VA,AEA,EN,Towers with Radar,110,70,48,0,228,0,0,0,1,1,110,70,48,1,229,0,0,0,229
05/24/2017,RIC,VA,AEA,EN,Towers with Radar,110,71,40,17,238,0,0,1,3,4,110,71,41,20,242,2,18,20,262
05/25/2017,RIC,VA,AEA,EN,Towers with Radar,117,62,62,25,266,0,1,15,16,32,117,63,77,41,298,22,40,62,360
05/26/2017,RIC,VA,AEA,EN,Towers with Radar,117,70,20,7,214,0,0,46,1,47,117,70,66,8,261,40,2,42,303
05/27/2017,RIC,VA,AEA,EN,Towers with Radar,81,43,15,0,139,0,1,16,0,17,81,44,31,0,156,14,0,14,170
05/28/2017,RIC,VA,AEA,EN,Towers with Radar,76,39,18,0,133,0,0,2,0,2,76,39,20,0,135,20,0,20,155
05/29/2017,RIC,VA,AEA,EN,Towers with Radar,92,59,21,0,172,0,0,27,0,27,92,59,48,0,199,9,0,9,208
05/30/2017,RIC,VA,AEA,EN,Towers with Radar,113,63,47,2,225,0,2,25,9,36,113,65,72,11,261,30,0,30,291
05/31/2017,RIC,VA,AEA,EN,Towers with Radar,115,74,56,5,250,0,0,33,9,42,115,74,89,14,292,30,18,48,340
06/01/2017,RIC,VA,AEA,EN,Towers with Radar,118,74,61,3,256,0,1,39,24,64,118,75,100,27,320,18,10,28,348
06/02/2017,RIC,VA,AEA,EN,Towers with Radar,113,66,44,8,231,0,5,41,15,61,113,71,85,23,292,38,16,54,346
06/03/2017,RIC,VA,AEA,EN,Towers with Radar,77,52,30,10,169,0,0,6,3,9,77,52,36,13,178,36,10,46,224
06/04/2017,RIC,VA,AEA,EN,Towers with Radar,97,72,43,1,213,0,2,14,1,17,97,74,57,2,230,0,0,0,230
06/05/2017,RIC,VA,AEA,EN,Towers with Radar,108,63,40,9,220,0,0,4,1,5,108,63,44,10,225,0,0,0,225
06/06/2017,RIC,VA,AEA,EN,Towers with Radar,109,71,37,14,231,0,0,27,4,31,109,71,64,18,262,46,7,53,315
06/07/2017,RIC,VA,AEA,EN,Towers with Radar,116,71,48,9,244,0,2,41,3,46,116,73,89,12,290,12,0,12,302
06/08/2017,RIC,VA,AEA,EN,Towers with Radar,122,84,62,6,274,0,4,20,4,28,122,88,82,10,302,21,1,22,324
06/09/2017,RIC,VA,AEA,EN,Towers with Radar,118,70,33,2,223,0,7,55,1,63,118,77,88,3,286,22,0,22,308
06/10/2017,RIC,VA,AEA,EN,Towers with Radar,83,52,12,3,150,0,0,11,6,17,83,52,23,9,167,18,2,20,187
06/11/2017,RIC,VA,AEA,EN,Towers with Radar,96,63,28,14,201,0,2,14,2,18,96,65,42,16,219,0,12,12,231
06/12/2017,RIC,VA,AEA,EN,Towers with Radar,110,68,41,0,219,0,0,40,1,41,110,68,81,1,260,16,0,16,276
06/13/2017,RIC,VA,AEA,EN,Towers with Radar,115,68,60,3,246,0,1,43,6,50,115,69,103,9,296,16,0,16,312
06/14/2017,RIC,VA,AEA,EN,Towers with Radar,113,71,40,1,225,0,1,60,14,75,113,72,100,15,300,29,3,32,332
06/15/2017,RIC,VA,AEA,EN,Towers with Radar,124,64,63,8,259,1,0,20,1,22,125,64,83,9,281,10,0,10,291
06/16/2017,RIC,VA,AEA,EN,Towers with Radar,121,66,44,2,233,0,0,16,0,16,121,66,60,2,249,10,0,10,259
06/17/2017,RIC,VA,AEA,EN,Towers with Radar,93,51,23,0,167,0,0,15,0,15,93,51,38,0,182,32,0,32,214
06/18/2017,RIC,VA,AEA,EN,Towers with Radar,101,51,46,2,200,0,0,31,0,31,101,51,77,2,231,4,0,4,235
06/19/2017,RIC,VA,AEA,EN,Towers with Radar,119,55,39,7,220,0,0,13,4,17,119,55,52,11,237,14,0,14,251
06/20/2017,RIC,VA,AEA,EN,Towers with Radar,122,72,60,6,260,0,7,37,2,46,122,79,97,8,306,36,6,42,348
06/21/2017,RIC,VA,AEA,EN,Towers with Radar,124,69,49,10,252,2,1,37,10,50,126,70,86,20,302,72,0,72,374
06/22/2017,RIC,VA,AEA,EN,Towers with Radar,124,72,52,4,252,0,3,30,6,39,124,75,82,10,291,16,13,29,320
06/23/2017,RIC,VA,AEA,EN,Towers with Radar,119,64,33,20,236,0,3,22,6,31,119,67,55,26,267,28,0,28,295
06/24/2017,RIC,VA,AEA,EN,Towers with Radar,91,48,16,0,155,0,0,28,1,29,91,48,44,1,184,2,0,2,186
06/25/2017,RIC,VA,AEA,EN,Towers with Radar,107,56,28,0,191,0,0,18,0,18,107,56,46,0,209,26,0,26,235
06/26/2017,RIC,VA,AEA,EN,Towers with Radar,120,64,50,3,237,0,2,25,0,27,120,66,75,3,264,70,0,70,334
06/27/2017,RIC,VA,AEA,EN,Towers with Radar,123,69,40,3,235,0,4,32,5,41,123,73,72,8,276,91,0,91,367
06/28/2017,RIC,VA,AEA,EN,Towers with Radar,121,72,49,3,245,0,2,16,14,32,121,74,65,17,277,32,2,34,311
06/29/2017,RIC,VA,AEA,EN,Towers with Radar,122,78,55,14,269,0,0,21,9,30,122,78,76,23,299,43,0,43,342
06/30/2017,RIC,VA,AEA,EN,Towers with Radar,124,68,31,13,236,0,1,31,10,42,124,69,62,23,278,6,2,8,286
07/01/2017,RIC,VA,AEA,EN,Towers with Radar,110,49,15,0,174,0,11,9,0,20,110,60,24,0,194,30,0,30,224
07/02/2017,RIC,VA,AEA,EN,Towers with Radar,89,42,21,8,160,0,0,8,0,8,89,42,29,8,168,0,0,0,168
07/03/2017,RIC,VA,AEA,EN,Towers with Radar,90,44,17,0,151,0,0,22,0,22,90,44,39,0,173,0,0,0,173
07/04/2017,RIC,VA,AEA,EN,Towers with Radar,85,49,7,0,141,0,2,12,0,14,85,51,19,0,155,26,0,26,181
07/05/2017,RIC,VA,AEA,EN,Towers with Radar,113,65,38,11,227,0,1,13,0,14,113,66,51,11,241,8,0,8,249
07/06/2017,RIC,VA,AEA,EN,Towers with Radar,123,68,42,6,239,1,1,14,7,23,124,69,56,13,262,26,4,30,292
07/07/2017,RIC,VA,AEA,EN,Towers with Radar,119,70,27,3,219,0,0,32,7,39,119,70,59,10,258,0,0,0,258
07/08/2017,RIC,VA,AEA,EN,Towers with Radar,96,55,13,3,167,0,0,7,0,7,96,55,20,3,174,0,2,2,176
07/09/2017,RIC,VA,AEA,EN,Towers with Radar,107,52,19,2,180,0,1,19,1,21,107,53,38,3,201,32,2,34,235
07/10/2017,RIC,VA,AEA,EN,Towers with Radar,104,54,37,15,210,0,2,35,4,41,104,56,72,19,251,18,9,27,278
07/11/2017,RIC,VA,AEA,EN,Towers with Radar,127,73,30,9,239,0,1,28,4,33,127,74,58,13,272,26,0,26,298
07/12/2017,RIC,VA,AEA,EN,Towers with Radar,125,58,49,1,233,0,1,25,16,42,125,59,74,17,275,0,28,28,303
07/13/2017,RIC,VA,AEA,EN,Towers with Radar,132,54,69,9,264,0,1,22,14,37,132,55,91,23,301,21,12,33,334
07/14/2017,RIC,VA,AEA,EN,Towers with Radar,146,70,39,4,259,0,0,26,2,28,146,70,65,6,287,0,12,12,299
07/15/2017,RIC,VA,AEA,EN,Towers with Radar,85,52,34,0,171,0,0,24,6,30,85,52,58,6,201,8,14,22,223
07/16/2017,RIC,VA,AEA,EN,Towers with Radar,108,59,33,0,200,0,6,25,2,33,108,65,58,2,233,6,8,14,247
07/17/2017,RIC,VA,AEA,EN,Towers with Radar,115,59,50,23,247,0,1,8,1,10,115,60,58,24,257,0,0,0,257
07/18/2017,RIC,VA,AEA,EN,Towers with Radar,125,65,32,20,242,0,1,31,5,37,125,66,63,25,279,2,8,10,289
07/19/2017,RIC,VA,AEA,EN,Towers with Radar,129,78,50,5,262,0,4,32,23,59,129,82,82,28,321,10,4,14,335
07/20/2017,RIC,VA,AEA,EN,Towers with Radar,121,71,42,14,248,0,2,42,11,55,121,73,84,25,303,12,7,19,322
07/21/2017,RIC,VA,AEA,EN,Towers with Radar,127,80,30,2,239,0,4,40,1,45,127,84,70,3,284,8,0,8,292
07/22/2017,RIC,VA,AEA,EN,Towers with Radar,102,55,28,1,186,0,0,16,3,19,102,55,44,4,205,0,0,0,205
07/23/2017,RIC,VA,AEA,EN,Towers with Radar,110,47,30,2,189,0,0,15,0,15,110,47,45,2,204,0,0,0,204
07/24/2017,RIC,VA,AEA,EN,Towers with Radar,119,58,26,8,211,0,0,21,6,27,119,58,47,14,238,8,14,22,260
07/25/2017,RIC,VA,AEA,EN,Towers with Radar,124,67,54,8,253,0,0,16,11,27,124,67,70,19,280,8,2,10,290
07/26/2017,RIC,VA,AEA,EN,Towers with Radar,121,72,49,17,259,0,0,40,13,53,121,72,89,30,312,5,0,5,317
07/27/2017,RIC,VA,AEA,EN,Towers with Radar,123,69,48,4,244,0,0,24,6,30,123,69,72,10,274,4,4,8,282
07/28/2017,RIC,VA,AEA,EN,Towers with Radar,123,61,43,11,238,0,0,2,2,4,123,61,45,13,242,0,0,0,242
07/29/2017,RIC,VA,AEA,EN,Towers with Radar,87,53,12,0,152,0,0,9,0,9,87,53,21,0,161,0,0,0,161
07/30/2017,RIC,VA,AEA,EN,Towers with Radar,108,56,39,1,204,0,1,24,1,26,108,57,63,2,230,12,0,12,242
07/31/2017,RIC,VA,AEA,EN,Towers with Radar,121,65,29,9,224,0,3,37,3,43,121,68,66,12,267,15,53,68,335
08/01/2017,RIC,VA,AEA,EN,Towers with Radar,121,64,24,16,225,0,2,45,7,54,121,66,69,23,279,0,40,40,319
08/02/2017,RIC,VA,AEA,EN,Towers with Radar,132,56,27,11,226,0,0,31,14,45,132,56,58,25,271,0,11,11,282
08/03/2017,RIC,VA,AEA,EN,Towers with Radar,140,77,61,4,282,0,1,27,34,62,140,78,88,38,344,0,5,5,349
08/04/2017,RIC,VA,AEA,EN,Towers with Radar,129,58,36,9,232,0,2,48,2,52,129,60,84,11,284,15,4,19,303
08/05/2017,RIC,VA,AEA,EN,Towers with Radar,84,51,21,0,156,0,1,19,0,20,84,52,40,0,176,34,1,35,211
08/06/2017,RIC,VA,AEA,EN,Towers with Radar,107,58,24,0,189,0,1,21,2,24,107,59,45,2,213,4,0,4,217
08/07/2017,RIC,VA,AEA,EN,Towers with Radar,124,77,45,0,246,0,0,2,1,3,124,77,47,1,249,20,1,21,270
08/08/2017,RIC,VA,AEA,EN,Towers with Radar,126,72,52,9,259,0,2,15,9,26,126,74,67,18,285,8,8,16,301
08/09/2017,RIC,VA,AEA,EN,Towers with Radar,123,65,43,10,241,0,3,30,1,34,123,68,73,11,275,21,0,21,296
08/10/2017,RIC,VA,AEA,EN,Towers with Radar,123,69,32,38,262,0,2,36,16,54,123,71,68,54,316,0,36,36,352
08/11/2017,RIC,VA,AEA,EN,Towers with Radar,129,67,44,0,240,0,0,7,3,10,129,67,51,3,250,20,2,22,272
08/12/2017,RIC,VA,AEA,EN,Towers with Radar,108,54,35,0,197,0,1,9,3,13,108,55,44,3,210,22,0,22,232
08/13/2017,RIC,VA,AEA,EN,Towers with Radar,109,61,35,0,205,0,7,13,0,20,109,68,48,0,225,36,0,36,261
08/14/2017,RIC,VA,AEA,EN,Towers with Radar,120,70,54,0,244,0,0,20,2,22,120,70,74,2,266,37,1,38,304
08/15/2017,RIC,VA,AEA,EN,Towers with Radar,119,66,36,0,221,0,0,2,4,6,119,66,38,4,227,0,0,0,227
08/16/2017,RIC,VA,AEA,EN,Towers with Radar,123,71,58,6,258,0,2,32,14,48,123,73,90,20,306,46,12,58,364
08/17/2017,RIC,VA,AEA,EN,Towers with Radar,129,74,51,10,264,0,3,26,24,53,129,77,77,34,317,12,18,30,347
08/18/2017,RIC,VA,AEA,EN,Towers with Radar,123,60,46,2,231,0,3,27,5,35,123,63,73,7,266,4,0,4,270
08/19/2017,RIC,VA,AEA,EN,Towers with Radar,91,55,22,9,177,0,4,23,3,30,91,59,45,12,207,0,0,0,207
08/20/2017,RIC,VA,AEA,EN,Towers with Radar,106,51,37,1,195,0,6,21,0,27,106,57,58,1,222,0,0,0,222
08/21/2017,RIC,VA,AEA,EN,Towers with Radar,127,70,47,3,247,0,2,20,0,22,127,72,67,3,269,0,0,0,269
08/22/2017,RIC,VA,AEA,EN,Towers with Radar,124,68,50,20,262,0,0,45,9,54,124,68,95,29,316,7,0,7,323
08/23/2017,RIC,VA,AEA,EN,Towers with Radar,129,63,41,8,241,0,1,27,10,38,129,64,68,18,279,12,8,20,299
08/24/2017,RIC,VA,AEA,EN,Towers with Radar,136,65,50,0,251,0,2,32,7,41,136,67,82,7,292,28,6,34,326
08/25/2017,RIC,VA,AEA,EN,Towers with Radar,137,58,40,7,242,0,3,24,8,35,137,61,64,15,277,1,18,19,296
08/26/2017,RIC,VA,AEA,EN,Towers with Radar,84,40,11,1,136,0,2,26,2,30,84,42,37,3,166,0,0,0,166
08/27/2017,RIC,VA,AEA,EN,Towers with Radar,110,51,22,0,183,0,1,24,0,25,110,52,46,0,208,6,0,6,214
08/28/2017,RIC,VA,AEA,EN,Towers with Radar,120,56,35,19,230,0,4,26,5,35,120,60,61,24,265,0,23,23,288
08/29/2017,RIC,VA,AEA,EN,Towers with Radar,129,61,44,9,243,0,0,1,3,4,129,61,45,12,247,0,0,0,247
08/30/2017,RIC,VA,AEA,EN,Towers with Radar,126,58,51,13,248,0,0,13,13,26,126,58,64,26,274,22,2,24,298
08/31/2017,RIC,VA,AEA,EN,Towers with Radar,133,65,61,13,272,0,3,29,8,40,133,68,90,21,312,38,1,39,351
09/01/2017,RIC,VA,AEA,EN,Towers with Radar,135,59,26,10,230,0,2,10,0,12,135,61,36,10,242,0,0,0,242
09/02/2017,RIC,VA,AEA,EN,Towers with Radar,85,42,6,1,134,0,0,0,0,0,85,42,6,1,134,0,0,0,134
09/03/2017,RIC,VA,AEA,EN,Towers with Radar,86,36,11,0,133,0,0,17,0,17,86,36,28,0,150,10,2,12,162
09/04/2017,RIC,VA,AEA,EN,Towers with Radar,111,51,18,2,182,0,1,39,2,42,111,52,57,4,224,6,0,6,230
09/05/2017,RIC,VA,AEA,EN,Towers with Radar,114,62,28,3,207,0,3,33,5,41,114,65,61,8,248,0,0,0,248
09/06/2017,RIC,VA,AEA,EN,Towers with Radar,124,64,68,5,261,0,0,4,8,12,124,64,72,13,273,0,55,55,328
09/07/2017,RIC,VA,AEA,EN,Towers with Radar,124,79,107,3,313,0,4,28,28,60,124,83,135,31,373,14,2,16,389
09/08/2017,RIC,VA,AEA,EN,Towers with Radar,124,67,73,4,268,1,8,56,4,69,125,75,129,8,337,37,2,39,376
09/09/2017,RIC,VA,AEA,EN,Towers with Radar,72,49,62,1,184,1,3,77,5,86,73,52,139,6,270,0,0,0,270
09/10/2017,RIC,VA,AEA,EN,Towers with Radar,97,57,67,1,222,0,0,21,0,21,97,57,88,1,243,22,0,22,265
09/11/2017,RIC,VA,AEA,EN,Towers with Radar,99,61,44,0,204,0,0,31,7,38,99,61,75,7,242,20,0,20,262
09/12/2017,RIC,VA,AEA,EN,Towers with Radar,116,62,42,4,224,0,0,22,8,30,116,62,64,12,254,12,0,12,266
09/13/2017,RIC,VA,AEA,EN,Towers with Radar,123,62,57,10,252,0,0,22,4,26,123,62,79,14,278,22,6,28,306
09/14/2017,RIC,VA,AEA,EN,Towers with Radar,129,72,51,6,258,0,3,43,17,63,129,75,94,23,321,36,14,50,371
09/15/2017,RIC,VA,AEA,EN,Towers with Radar,135,66,48,1,250,0,0,36,5,41,135,66,84,6,291,28,0,28,319
09/16/2017,RIC,VA,AEA,EN,Towers with Radar,76,49,25,6,156,0,1,18,2,21,76,50,43,8,177,0,0,0,177
09/17/2017,RIC,VA,AEA,EN,Towers with Radar,103,56,37,0,196,0,0,5,4,9,103,56,42,4,205,0,0,0,205
09/18/2017,RIC,VA,AEA,EN,Towers with Radar,122,66,58,9,255,0,2,11,2,15,122,68,69,11,270,10,0,10,280
09/19/2017,RIC,VA,AEA,EN,Towers with Radar,124,65,42,3,234,0,0,26,15,41,124,65,68,18,275,38,0,38,313
09/20/2017,RIC,VA,AEA,EN,Towers with Radar,131,55,44,6,236,0,0,70,25,95,131,55,114,31,331,10,4,14,345
09/21/2017,RIC,VA,AEA,EN,Towers with Radar,128,72,53,5,258,0,0,40,18,58,128,72,93,23,316,8,12,20,336
09/22/2017,RIC,VA,AEA,EN,Towers with Radar,129,64,28,3,224,0,1,48,16,65,129,65,76,19,289,6,0,6,295
09/23/2017,RIC,VA,AEA,EN,Towers with Radar,80,43,19,2,144,0,0,16,7,23,80,43,35,9,167,10,4,14,181
09/24/2017,RIC,VA,AEA,EN,Towers with Radar,108,51,36,0,195,0,4,18,3,25,108,55,54,3,220,0,0,0,220
09/25/2017,RIC,VA,AEA,EN,Towers with Radar,124,65,55,15,259,0,0,30,1,31,124,65,85,16,290,23,0,23,313
09/26/2017,RIC,VA,AEA,EN,Towers with Radar,126,68,40,11,245,0,0,7,8,15,126,68,47,19,260,2,0,2,262
09/27/2017,RIC,VA,AEA,EN,Towers with Radar,127,64,69,11,271,0,0,16,13,29,127,64,85,24,300,42,4,46,346
09/28/2017,RIC,VA,AEA,EN,Towers with Radar,131,66,67,7,271,0,3,36,21,60,131,69,103,28,331,16,2,18,349
09/29/2017,RIC,VA,AEA,EN,Towers with Radar,127,67,54,2,250,0,2,35,6,43,127,69,89,8,293,14,0,14,307
09/30/2017,RIC,VA,AEA,EN,Towers with Radar,82,51,29,0,162,0,0,13,1,14,82,51,42,1,176,4,0,4,180
10/01/2017,RIC,VA,AEA,EN,Towers with Radar,104,50,41,0,195,0,2,10,3,15,104,52,51,3,210,0,0,0,210
10/02/2017,RIC,VA,AEA,EN,Towers with Radar,125,59,40,9,233,0,0,21,0,21,125,59,61,9,254,12,0,12,266
10/03/2017,RIC,VA,AEA,EN,Towers with Radar,122,64,46,4,236,0,1,38,12,51,122,65,84,16,287,34,18,52,339
10/04/2017,RIC,VA,AEA,EN,Towers with Radar,128,72,74,13,287,0,0,24,14,38,128,72,98,27,325,14,5,19,344
10/05/2017,RIC,VA,AEA,EN,Towers with Radar,134,65,58,0,257,0,0,38,11,49,134,65,96,11,306,4,16,20,326
10/06/2017,RIC,VA,AEA,EN,Towers with Radar,129,75,50,0,254,0,3,42,5,50,129,78,92,5,304,2,0,2,306
10/07/2017,RIC,VA,AEA,EN,Towers with Radar,80,43,30,0,153,0,2,40,3,45,80,45,70,3,198,24,0,24,222
10/08/2017,RIC,VA,AEA,EN,Towers with Radar,110,46,28,0,184,0,0,5,0,5,110,46,33,0,189,0,0,0,189
10/09/2017,RIC,VA,AEA,EN,Towers with Radar,121,57,40,0,218,0,0,14,0,14,121,57,54,0,232,0,0,0,232
10/10/2017,RIC,VA,AEA,EN,Towers with Radar,127,60,56,7,250,0,0,13,4,17,127,60,69,11,267,16,2,18,285
10/11/2017,RIC,VA,AEA,EN,Towers with Radar,129,68,72,8,277,0,0,2,4,6,129,68,74,12,283,4,18,22,305
10/12/2017,RIC,VA,AEA,EN,Towers with Radar,129,62,46,3,240,0,0,0,0,0,129,62,46,3,240,0,0,0,240
10/13/2017,RIC,VA,AEA,EN,Towers with Radar,129,60,49,0,238,0,0,2,3,5,129,60,51,3,243,0,0,0,243
10/14/2017,RIC,VA,AEA,EN,Towers with Radar,73,51,26,6,156,0,0,0,8,8,73,51,26,14,164,0,2,2,166
10/15/2017,RIC,VA,AEA,EN,Towers with Radar,108,54,31,1,194,0,4,20,16,40,108,58,51,17,234,0,16,16,250
10/16/2017,RIC,VA,AEA,EN,Towers with Radar,122,57,47,2,228,0,1,14,1,16,122,58,61,3,244,10,40,50,294
10/17/2017,RIC,VA,AEA,EN,Towers with Radar,129,82,46,3,260,0,3,46,14,63,129,85,92,17,323,4,0,4,327
10/18/2017,RIC,VA,AEA,EN,Towers with Radar,128,74,33,7,242,0,4,46,13,63,128,78,79,20,305,13,0,13,318
10/19/2017,RIC,VA,AEA,EN,Towers with Radar,130,89,63,2,284,0,3,53,19,75,130,92,116,21,359,1,9,10,369
10/20/2017,RIC,VA,AEA,EN,Towers with Radar,131,65,34,5,235,0,4,38,7,49,131,69,72,12,284,46,0,46,330
10/21/2017,RIC,VA,AEA,EN,Towers with Radar,76,44,21,6,147,0,7,21,0,28,76,51,42,6,175,0,0,0,175
10/22/2017,RIC,VA,AEA,EN,Towers with Radar,109,50,37,0,196,0,2,25,1,28,109,52,62,1,224,0,0,0,224
10/23/2017,RIC,VA,AEA,EN,Towers with Radar,120,60,51,9,240,0,0,25,1,26,120,60,76,10,266,0,0,0,266
10/24/2017,RIC,VA,AEA,EN,Towers with Radar,124,57,63,34,278,0,0,26,13,39,124,57,89,47,317,51,4,55,372
10/25/2017,RIC,VA,AEA,EN,Towers with Radar,135,67,51,6,259,1,0,41,24,66,136,67,92,30,325,33,26,59,384
10/26/2017,RIC,VA,AEA,EN,Towers with Radar,135,61,42,17,255,0,4,40,20,64,135,65,82,37,319,64,10,74,393
10/27/2017,RIC,VA,AEA,EN,Towers with Radar,131,71,66,2,270,0,6,31,11,48,131,77,97,13,318,70,12,82,400
10/28/2017,RIC,VA,AEA,EN,Towers with Radar,76,48,25,0,149,0,6,24,5,35,76,54,49,5,184,26,0,26,210
10/29/2017,RIC,VA,AEA,EN,Towers with Radar,99,59,28,0,186,0,0,2,0,2,99,59,30,0,188,0,0,0,188
10/30/2017,RIC,VA,AEA,EN,Towers with Radar,117,66,47,1,231,0,0,24,0,24,117,66,71,1,255,87,1,88,343
10/31/2017,RIC,VA,AEA,EN,Towers with Radar,124,49,35,7,215,0,0,37,9,46,124,49,72,16,261,26,2,28,289
11/01/2017,RIC,VA,AEA,EN,Towers with Radar,125,59,54,0,238,0,0,27,11,38,125,59,81,11,276,67,0,67,343
11/02/2017,RIC,VA,AEA,EN,Towers with Radar,125,71,46,12,254,0,6,29,18,53,125,77,75,30,307,54,12,66,373
11/03/2017,RIC,VA,AEA,EN,Towers with Radar,120,66,36,0,222,1,2,27,14,44,121,68,63,14,266,92,6,98,364
11/04/2017,RIC,VA,AEA,EN,Towers with Radar,75,41,32,0,148,0,2,7,6,15,75,43,39,6,163,56,0,56,219
11/05/2017,RIC,VA,AEA,EN,Towers with Radar,102,56,33,0,191,0,0,5,0,5,102,56,38,0,196,0,0,0,196
11/06/2017,RIC,VA,AEA,EN,Towers with Radar,113,73,49,10,245,0,3,24,2,29,113,76,73,12,274,50,2,52,326
11/07/2017,RIC,VA,AEA,EN,Towers with Radar,124,67,56,2,249,0,0,1,0,1,124,67,57,2,250,38,0,38,288
11/08/2017,RIC,VA,AEA,EN,Towers with Radar,128,61,60,2,251,0,0,0,0,0,128,61,60,2,251,0,0,0,251
11/09/2017,RIC,VA,AEA,EN,Towers with Radar,134,68,50,0,252,0,0,0,0,0,134,68,50,0,252,0,0,0,252
11/10/2017,RIC,VA,AEA,EN,Towers with Radar,127,67,45,2,241,0,1,23,1,25,127,68,68,3,266,54,0,54,320
11/11/2017,RIC,VA,AEA,EN,Towers with Radar,76,48,41,0,165,0,2,34,0,36,76,50,75,0,201,24,0,24,225
11/12/2017,RIC,VA,AEA,EN,Towers with Radar,113,47,30,0,190,0,0,20,0,20,113,47,50,0,210,0,0,0,210
11/13/2017,RIC,VA,AEA,EN,Towers with Radar,121,58,50,2,231,0,0,10,0,10,121,58,60,2,241,0,0,0,241
11/14/2017,RIC,VA,AEA,EN,Towers with Radar,131,62,56,1,250,0,0,45,8,53,131,62,101,9,303,36,44,80,383
11/15/2017,RIC,VA,AEA,EN,Towers with Radar,126,68,57,2,253,0,0,23,15,38,126,68,80,17,291,46,6,52,343
11/16/2017,RIC,VA,AEA,EN,Towers with Radar,144,64,67,13,288,0,0,48,43,91,144,64,115,56,379,35,8,43,422
11/17/2017,RIC,VA,AEA,EN,Towers with Radar,132,67,47,10,256,0,3,39,6,48,132,70,86,16,304,32,8,40,344
11/18/2017,RIC,VA,AEA,EN,Towers with Radar,78,49,28,0,155,0,1,6,1,8,78,50,34,1,163,1,0,1,164
11/19/2017,RIC,VA,AEA,EN,Towers with Radar,105,45,27,3,180,0,8,13,0,21,105,53,40,3,201,12,2,14,215
11/20/2017,RIC,VA,AEA,EN,Towers with Radar,114,52,42,14,222,0,3,44,0,47,114,55,86,14,269,2,0,2,271
11/21/2017,RIC,VA,AEA,EN,Towers with Radar,126,76,51,1,254,0,0,24,9,33,126,76,75,10,287,20,0,20,307
11/22/2017,RIC,VA,AEA,EN,Towers with Radar,129,63,37,11,240,0,1,26,13,40,129,64,63,24,280,0,12,12,292
11/23/2017,RIC,VA,AEA,EN,Towers with Radar,69,32,4,0,105,0,0,8,0,8,69,32,12,0,113,0,0,0,113
11/24/2017,RIC,VA,AEA,EN,Towers with Radar,92,35,18,0,145,0,0,18,0,18,92,35,36,0,163,14,0,14,177
11/25/2017,RIC,VA,AEA,EN,Towers with Radar,106,58,15,0,179,0,4,9,1,14,106,62,24,1,193,1,0,1,194
11/26/2017,RIC,VA,AEA,EN,Towers with Radar,123,71,44,0,238,0,0,18,0,18,123,71,62,0,256,0,0,0,256
11/27/2017,RIC,VA,AEA,EN,Towers with Radar,133,77,43,14,267,0,0,36,3,39,133,77,79,17,306,20,14,34,340
11/28/2017,RIC,VA,AEA,EN,Towers with Radar,131,64,48,15,258,0,1,39,6,46,131,65,87,21,304,30,16,46,350
11/29/2017,RIC,VA,AEA,EN,Towers with Radar,128,66,41,10,245,0,0,37,9,46,128,66,78,19,291,6,11,17,308
11/30/2017,RIC,VA,AEA,EN,Towers with Radar,135,66,47,13,261,0,9,33,15,57,135,75,80,28,318,45,10,55,373
12/01/2017,RIC,VA,AEA,EN,Towers with Radar,134,65,43,10,252,0,6,33,26,65,134,71,76,36,317,28,8,36,353
12/02/2017,RIC,VA,AEA,EN,Towers with Radar,72,38,41,1,152,0,0,24,22,46,72,38,65,23,198,42,0,42,240
12/03/2017,RIC,VA,AEA,EN,Towers with Radar,107,55,31,0,193,0,2,23,10,35,107,57,54,10,228,10,3,13,241
12/04/2017,RIC,VA,AEA,EN,Towers with Radar,119,65,44,7,235,0,0,37,2,39,119,65,81,9,274,62,0,62,336
12/05/2017,RIC,VA,AEA,EN,Towers with Radar,129,75,52,10,266,0,1,11,9,21,129,76,63,19,287,48,0,48,335
12/06/2017,RIC,VA,AEA,EN,Towers with Radar,137,71,55,17,280,0,8,24,21,53,137,79,79,38,333,58,21,79,412
12/07/2017,RIC,VA,AEA,EN,Towers with Radar,138,76,48,8,270,0,0,34,7,41,138,76,82,15,311,50,17,67,378
12/08/2017,RIC,VA,AEA,EN,Towers with Radar,109,60,34,6,209,0,3,6,2,11,109,63,40,8,220,2,0,2,222
12/09/2017,RIC,VA,AEA,EN,Towers with Radar,53,14,10,0,77,0,0,0,0,0,53,14,10,0,77,0,0,0,77
12/10/2017,RIC,VA,AEA,EN,Towers with Radar,109,51,30,0,190,0,1,9,0,10,109,52,39,0,200,24,0,24,224
12/11/2017,RIC,VA,AEA,EN,Towers with Radar,121,62,49,24,256,0,0,34,14,48,121,62,83,38,304,6,32,38,342
12/12/2017,RIC,VA,AEA,EN,Towers with Radar,132,73,42,11,258,0,0,45,14,59,132,73,87,25,317,18,12,30,347
12/13/2017,RIC,VA,AEA,EN,Towers with Radar,133,73,44,13,263,0,2,24,20,46,133,75,68,33,309,30,8,38,347
12/14/2017,RIC,VA,AEA,EN,Towers with Radar,137,62,40,8,247,0,0,43,12,55,137,62,83,20,302,16,0,16,318
12/15/2017,RIC,VA,AEA,EN,Towers with Radar,127,62,43,4,236,0,6,32,1,39,127,68,75,5,275,101,4,105,380
12/16/2017,RIC,VA,AEA,EN,Towers with Radar,77,46,21,0,144,0,2,19,3,24,77,48,40,3,168,6,0,6,174
12/17/2017,RIC,VA,AEA,EN,Towers with Radar,99,60,22,0,181,0,3,19,0,22,99,63,41,0,203,6,0,6,209
12/18/2017,RIC,VA,AEA,EN,Towers with Radar,112,71,49,19,251,0,0,38,0,38,112,71,87,19,289,24,2,26,315
12/19/2017,RIC,VA,AEA,EN,Towers with Radar,131,61,48,0,240,0,0,45,11,56,131,61,93,11,296,36,0,36,332
12/20/2017,RIC,VA,AEA,EN,Towers with Radar,128,71,47,30,276,0,0,26,12,38,128,71,73,42,314,48,6,54,368
12/21/2017,RIC,VA,AEA,EN,Towers with Radar,123,67,33,26,249,0,0,38,16,54,123,67,71,42,303,4,0,4,307
12/22/2017,RIC,VA,AEA,EN,Towers with Radar,123,67,26,0,216,0,1,41,0,42,123,68,67,0,258,16,0,16,274
12/23/2017,RIC,VA,AEA,EN,Towers with Radar,88,59,15,0,162,0,0,11,1,12,88,59,26,1,174,0,0,0,174
12/24/2017,RIC,VA,AEA,EN,Towers with Radar,83,42,4,0,129,0,0,1,0,1,83,42,5,0,130,0,0,0,130
12/25/2017,RIC,VA,AEA,EN,Towers with Radar,74,43,3,0,120,0,0,1,0,1,74,43,4,0,121,0,0,0,121
12/26/2017,RIC,VA,AEA,EN,Towers with Radar,110,58,24,10,202,0,6,23,6,35,110,64,47,16,237,0,10,10,247
12/27/2017,RIC,VA,AEA,EN,Towers with Radar,111,56,29,19,215,0,1,35,5,41,111,57,64,24,256,0,20,20,276
12/28/2017,RIC,VA,AEA,EN,Towers with Radar,111,49,19,31,210,0,2,21,6,29,111,51,40,37,239,0,16,16,255
12/29/2017,RIC,VA,AEA,EN,Towers with Radar,109,61,14,17,201,0,4,19,0,23,109,65,33,17,224,10,0,10,234
12/30/2017,RIC,VA,AEA,EN,Towers with Radar,85,54,15,0,154,0,7,19,6,32,85,61,34,6,186,0,0,0,186
12/31/2017,RIC,VA,AEA,EN,Towers with Radar,87,30,5,0,122,0,6,11,0,17,87,36,16,0,139,2,0,2,141
01/01/2018,RIC,VA,AEA,EN,Towers with Radar,80,51,8,0,139,0,0,10,0,10,80,51,18,0,149,4,0,4,153
01/02/2018,RIC,VA,AEA,EN,Towers with Radar,100,53,24,1,178,0,1,25,2,28,100,54,49,3,206,40,0,40,246
01/03/2018,RIC,VA,AEA,EN,Towers with Radar,110,51,38,8,207,0,0,21,13,34,110,51,59,21,241,3,4,7,248
01/04/2018,RIC,VA,AEA,EN,Towers with Radar,76,26,24,0,126,0,0,1,0,1,76,26,25,0,127,0,0,0,127
01/05/2018,RIC,VA,AEA,EN,Towers with Radar,103,57,29,1,190,0,1,16,0,17,103,58,45,1,207,38,0,38,245
01/06/2018,RIC,VA,AEA,EN,Towers with Radar,72,52,16,4,144,0,1,17,3,21,72,53,33,7,165,6,0,6,171
01/07/2018,RIC,VA,AEA,EN,Towers with Radar,100,45,21,0,166,0,0,7,0,7,100,45,28,0,173,66,0,66,239
01/08/2018,RIC,VA,AEA,EN,Towers with Radar,104,59,38,3,204,0,1,21,0,22,104,60,59,3,226,14,26,40,266
01/09/2018,RIC,VA,AEA,EN,Towers with Radar,125,62,50,17,254,0,6,32,5,43,125,68,82,22,297,78,0,78,375
01/10/2018,RIC,VA,AEA,EN,Towers with Radar,114,69,56,13,252,0,0,39,11,50,114,69,95,24,302,19,2,21,323
01/11/2018,RIC,VA,AEA,EN,Towers with Radar,128,72,53,24,277,0,1,12,6,19,128,73,65,30,296,1,26,27,323
01/12/2018,RIC,VA,AEA,EN,Towers with Radar,109,65,32,9,215,0,0,1,0,1,109,65,33,9,216,0,0,0,216
01/13/2018,RIC,VA,AEA,EN,Towers with Radar,77,43,23,1,144,0,10,7,6,23,77,53,30,7,167,22,6,28,195
01/14/2018,RIC,VA,AEA,EN,Towers with Radar,79,50,35,0,164,0,3,14,0,17,79,53,49,0,181,4,0,4,185
01/15/2018,RIC,VA,AEA,EN,Towers with Radar,105,58,27,2,192,0,1,35,2,38,105,59,62,4,230,4,0,4,234
01/16/2018,RIC,VA,AEA,EN,Towers with Radar,108,71,47,36,262,0,1,28,15,44,108,72,75,51,306,6,4,10,316
01/17/2018,RIC,VA,AEA,EN,Towers with Radar,86,61,34,0,181,0,0,0,0,0,86,61,34,0,181,0,0,0,181
01/18/2018,RIC,VA,AEA,EN,Towers with Radar,111,67,24,6,208,0,2,21,18,41,111,69,45,24,249,7,10,17,266
01/19/2018,RIC,VA,AEA,EN,Towers with Radar,127,64,49,20,260,0,4,34,14,52,127,68,83,34,312,1,0,1,313
01/20/2018,RIC,VA,AEA,EN,Towers with Radar,71,42,34,0,147,0,1,28,2,31,71,43,62,2,178,18,0,18,196
01/21/2018,RIC,VA,AEA,EN,Towers with Radar,94,59,22,0,175,0,0,22,0,22,94,59,44,0,197,12,0,12,209
01/22/2018,RIC,VA,AEA,EN,Towers with Radar,106,75,41,8,230,0,2,31,2,35,106,77,72,10,265,26,6,32,297
01/23/2018,RIC,VA,AEA,EN,Towers with Radar,110,71,29,8,218,0,0,9,8,17,110,71,38,16,235,0,16,16,251
01/24/2018,RIC,VA,AEA,EN,Towers with Radar,117,75,45,16,253,0,5,47,14,66,117,80,92,30,319,2,17,19,338
01/25/2018,RIC,VA,AEA,EN,Towers with Radar,123,66,50,19,258,0,6,23,8,37,123,72,73,27,295,0,0,0,295
01/26/2018,RIC,VA,AEA,EN,Towers with Radar,115,67,40,14,236,0,6,52,22,80,115,73,92,36,316,0,5,5,321
01/27/2018,RIC,VA,AEA,EN,Towers with Radar,71,44,22,1,138,0,1,26,6,33,71,45,48,7,171,10,0,10,181
01/28/2018,RIC,VA,AEA,EN,Towers with Radar,94,65,20,1,180,0,0,1,0,1,94,65,21,1,181,0,0,0,181
01/29/2018,RIC,VA,AEA,EN,Towers with Radar,110,64,50,6,230,0,0,2,0,2,110,64,52,6,232,0,0,0,232
01/30/2018,RIC,VA,AEA,EN,Towers with Radar,111,63,33,6,213,0,2,17,5,24,111,65,50,11,237,0,0,0,237
01/31/2018,RIC,VA,AEA,EN,Towers with Radar,115,69,45,12,241,0,2,42,7,51,115,71,87,19,292,14,2,16,308
02/01/2018,RIC,VA,AEA,EN,Towers with Radar,121,69,37,12,239,0,0,19,10,29,121,69,56,22,268,12,0,12,280
02/02/2018,RIC,VA,AEA,EN,Towers with Radar,112,63,37,16,228,0,0,21,6,27,112,63,58,22,255,7,16,23,278
02/03/2018,RIC,VA,AEA,EN,Towers with Radar,68,37,30,0,135,0,0,22,4,26,68,37,52,4,161,6,0,6,167
02/04/2018,RIC,VA,AEA,EN,Towers with Radar,74,63,16,0,153,0,0,0,0,0,74,63,16,0,153,0,0,0,153
02/05/2018,RIC,VA,AEA,EN,Towers with Radar,109,57,52,4,222,0,0,18,0,18,109,57,70,4,240,0,0,0,240
02/06/2018,RIC,VA,AEA,EN,Towers with Radar,119,65,49,0,233,0,1,24,7,32,119,66,73,7,265,26,0,26,291
02/07/2018,RIC,VA,AEA,EN,Towers with Radar,111,52,34,2,199,0,0,3,2,5,111,52,37,4,204,0,0,0,204
02/08/2018,RIC,VA,AEA,EN,Towers with Radar,118,73,47,5,243,0,0,32,15,47,118,73,79,20,290,29,9,38,328
02/09/2018,RIC,VA,AEA,EN,Towers with Radar,111,68,39,15,233,0,1,35,6,42,111,69,74,21,275,38,8,46,321
02/10/2018,RIC,VA,AEA,EN,Towers with Radar,71,43,8,6,128,0,0,1,0,1,71,43,9,6,129,0,0,0,129
02/11/2018,RIC,VA,AEA,EN,Towers with Radar,102,50,15,1,168,0,1,0,0,1,102,51,15,1,169,0,0,0,169
02/12/2018,RIC,VA,AEA,EN,Towers with Radar,108,70,26,4,208,0,0,7,0,7,108,70,33,4,215,4,0,4,219
02/13/2018,RIC,VA,AEA,EN,Towers with Radar,115,78,29,12,234,0,2,20,7,29,115,80,49,19,263,0,0,0,263
02/14/2018,RIC,VA,AEA,EN,Towers with Radar,111,78,45,6,240,0,0,30,9,39,111,78,75,15,279,0,0,0,279
02/15/2018,RIC,VA,AEA,EN,Towers with Radar,122,73,41,4,240,0,3,39,14,56,122,76,80,18,296,26,0,26,322
02/16/2018,RIC,VA,AEA,EN,Towers with Radar,123,68,53,0,244,0,0,16,2,18,123,68,69,2,262,0,0,0,262
02/17/2018,RIC,VA,AEA,EN,Towers with Radar,73,48,10,2,133,0,0,7,1,8,73,48,17,3,141,0,0,0,141
02/18/2018,RIC,VA,AEA,EN,Towers with Radar,84,48,26,0,158,0,0,24,1,25,84,48,50,1,183,0,0,0,183
02/19/2018,RIC,VA,AEA,EN,Towers with Radar,111,64,31,0,206,0,0,0,0,0,111,64,31,0,206,0,0,0,206
02/20/2018,RIC,VA,AEA,EN,Towers with Radar,123,63,51,5,242,0,1,24,6,31,123,64,75,11,273,22,8,30,303
02/21/2018,RIC,VA,AEA,EN,Towers with Radar,116,72,63,22,273,0,0,41,12,53,116,72,104,34,326,10,12,22,348
02/22/2018,RIC,VA,AEA,EN,Towers with Radar,117,69,53,16,255,0,2,8,6,16,117,71,61,22,271,10,2,12,283
02/23/2018,RIC,VA,AEA,EN,Towers with Radar,120,92,47,14,273,0,0,1,0,1,120,92,48,14,274,0,0,0,274
02/24/2018,RIC,VA,AEA,EN,Towers with Radar,71,60,29,2,162,0,1,15,3,19,71,61,44,5,181,4,0,4,185
02/25/2018,RIC,VA,AEA,EN,Towers with Radar,100,60,25,0,185,0,1,20,3,24,100,61,45,3,209,12,4,16,225
02/26/2018,RIC,VA,AEA,EN,Towers with Radar,112,61,50,6,229,0,0,24,3,27,112,61,74,9,256,22,0,22,278
02/27/2018,RIC,VA,AEA,EN,Towers with Radar,119,60,48,9,236,0,0,47,6,53,119,60,95,15,289,48,0,48,337
02/28/2018,RIC,VA,AEA,EN,Towers with Radar,119,67,54,10,250,0,1,30,10,41,119,68,84,20,291,44,19,63,354
03/01/2018,RIC,VA,AEA,EN,Towers with Radar,119,67,49,4,239,0,0,3,0,3,119,67,52,4,242,0,0,0,242
03/02/2018,RIC,VA,AEA,EN,Towers with Radar,124,50,21,3,198,0,0,2,0,2,124,50,23,3,200,0,0,0,200
03/03/2018,RIC,VA,AEA,EN,Towers with Radar,76,50,19,2,147,0,0,4,1,5,76,50,23,3,152,0,0,0,152
03/04/2018,RIC,VA,AEA,EN,Towers with Radar,100,54,28,1,183,0,0,13,0,13,100,54,41,1,196,0,0,0,196
03/05/2018,RIC,VA,AEA,EN,Towers with Radar,118,63,42,6,229,0,0,26,2,28,118,63,68,8,257,0,0,0,257
03/06/2018,RIC,VA,AEA,EN,Towers with Radar,123,74,46,6,249,0,1,27,0,28,123,75,73,6,277,0,8,8,285
03/07/2018,RIC,VA,AEA,EN,Towers with Radar,119,44,43,7,213,0,0,13,3,16,119,44,56,10,229,2,0,2,231
03/08/2018,RIC,VA,AEA,EN,Towers with Radar,129,71,36,8,244,0,0,36,7,43,129,71,72,15,287,54,30,84,371
03/09/2018,RIC,VA,AEA,EN,Towers with Radar,127,58,39,3,227,0,3,39,4,46,127,61,78,7,273,24,15,39,312
03/10/2018,RIC,VA,AEA,EN,Towers with Radar,87,55,26,2,170,0,2,31,9,42,87,57,57,11,212,14,39,53,265
03/11/2018,RIC,VA,AEA,EN,Towers with Radar,106,59,38,0,203,0,5,10,2,17,106,64,48,2,220,0,0,0,220
03/12/2018,RIC,VA,AEA,EN,Towers with Radar,114,62,28,0,204,0,0,2,0,2,114,62,30,0,206,0,0,0,206
03/13/2018,RIC,VA,AEA,EN,Towers with Radar,116,63,47,21,247,0,1,25,1,27,116,64,72,22,274,14,14,28,302
03/14/2018,RIC,VA,AEA,EN,Towers with Radar,122,70,37,7,236,0,0,16,10,26,122,70,53,17,262,12,1,13,275
03/15/2018,RIC,VA,AEA,EN,Towers with Radar,132,73,54,2,261,0,0,19,14,33,132,73,73,16,294,26,0,26,320
03/16/2018,RIC,VA,AEA,EN,Towers with Radar,132,61,41,22,256,0,3,16,9,28,132,64,57,31,284,46,0,46,330
03/17/2018,RIC,VA,AEA,EN,Towers with Radar,86,48,17,1,152,0,2,20,2,24,86,50,37,3,176,10,0,10,186
03/18/2018,RIC,VA,AEA,EN,Towers with Radar,111,53,38,1,203,0,3,20,3,26,111,56,58,4,229,2,0,2,231
03/19/2018,RIC,VA,AEA,EN,Towers with Radar,130,61,42,7,240,0,0,32,4,36,130,61,74,11,276,14,1,15,291
03/20/2018,RIC,VA,AEA,EN,Towers with Radar,122,56,47,2,227,0,0,0,0,0,122,56,47,2,227,0,0,0,227
03/21/2018,RIC,VA,AEA,EN,Towers with Radar,113,25,17,0,155,0,0,0,0,0,113,25,17,0,155,0,0,0,155
03/22/2018,RIC,VA,AEA,EN,Towers with Radar,125,62,36,1,224,0,0,29,11,40,125,62,65,12,264,15,22,37,301
03/23/2018,RIC,VA,AEA,EN,Towers with Radar,129,65,50,3,247,0,0,40,13,53,129,65,90,16,300,6,0,6,306
03/24/2018,RIC,VA,AEA,EN,Towers with Radar,90,53,30,0,173,0,0,37,7,44,90,53,67,7,217,6,4,10,227
03/25/2018,RIC,VA,AEA,EN,Towers with Radar,110,64,15,0,189,0,0,12,1,13,110,64,27,1,202,6,0,6,208
03/26/2018,RIC,VA,AEA,EN,Towers with Radar,125,55,44,1,225,0,0,32,5,37,125,55,76,6,262,0,0,0,262
03/27/2018,RIC,VA,AEA,EN,Towers with Radar,130,57,35,9,231,0,2,17,0,19,130,59,52,9,250,0,0,0,250
03/28/2018,RIC,VA,AEA,EN,Towers with Radar,128,56,36,7,227,0,0,44,11,55,128,56,80,18,282,1,12,13,295
03/29/2018,RIC,VA,AEA,EN,Towers with Radar,130,63,53,11,257,0,1,32,11,44,130,64,85,22,301,48,10,58,359
03/30/2018,RIC,VA,AEA,EN,Towers with Radar,131,60,32,4,227,0,0,16,5,21,131,60,48,9,248,31,36,67,315
03/31/2018,RIC,VA,AEA,EN,Towers with Radar,87,43,30,0,160,0,1,39,4,44,87,44,69,4,204,22,0,22,226
04/01/2018,RIC,VA,AEA,EN,Towers with Radar,108,56,8,0,172,0,1,8,0,9,108,57,16,0,181,0,0,0,181
04/02/2018,RIC,VA,AEA,EN,Towers with Radar,122,48,43,9,222,0,1,18,5,24,122,49,61,14,246,72,10,82,328
04/03/2018,RIC,VA,AEA,EN,Towers with Radar,128,57,42,18,245,0,0,6,6,12,128,57,48,24,257,0,0,0,257
04/04/2018,RIC,VA,AEA,EN,Towers with Radar,128,66,49,6,249,0,2,19,7,28,128,68,68,13,277,2,0,2,279
04/05/2018,RIC,VA,AEA,EN,Towers with Radar,132,66,46,8,252,0,1,40,16,57,132,67,86,24,309,60,0,60,369
04/06/2018,RIC,VA,AEA,EN,Towers with Radar,120,67,41,2,230,0,0,26,6,32,120,67,67,8,262,0,0,0,262
04/07/2018,RIC,VA,AEA,EN,Towers with Radar,89,48,16,0,153,0,0,0,0,0,89,48,16,0,153,0,0,0,153
04/08/2018,RIC,VA,AEA,EN,Towers with Radar,109,65,42,2,218,0,0,26,2,28,109,65,68,4,246,34,0,34,280
04/09/2018,RIC,VA,AEA,EN,Towers with Radar,118,69,41,2,230,0,0,7,0,7,118,69,48,2,237,14,0,14,251
04/10/2018,RIC,VA,AEA,EN,Towers with Radar,129,66,56,12,263,0,0,24,10,34,129,66,80,22,297,42,2,44,341
04/11/2018,RIC,VA,AEA,EN,Towers with Radar,128,78,47,6,259,0,1,27,9,37,128,79,74,15,296,46,0,46,342
04/12/2018,RIC,VA,AEA,EN,Towers with Radar,123,77,42,8,250,0,2,19,1,22,123,79,61,9,272,46,0,46,318
04/13/2018,RIC,VA,AEA,EN,Towers with Radar,127,70,45,4,246,0,1,33,2,36,127,71,78,6,282,8,0,8,290
04/14/2018,RIC,VA,AEA,EN,Towers with Radar,81,51,15,0,147,0,2,17,10,29,81,53,32,10,176,2,0,2,178
04/15/2018,RIC,VA,AEA,EN,Towers with Radar,102,60,22,4,188,0,0,3,0,3,102,60,25,4,191,0,0,0,191
04/16/2018,RIC,VA,AEA,EN,Towers with Radar,125,53,42,6,226,0,0,3,3,6,125,53,45,9,232,0,0,0,232
04/17/2018,RIC,VA,AEA,EN,Towers with Radar,124,72,55,6,257,0,0,19,1,20,124,72,74,7,277,36,22,58,335
04/18/2018,RIC,VA,AEA,EN,Towers with Radar,121,60,39,3,223,0,0,41,16,57,121,60,80,19,280,62,8,70,350
04/19/2018,RIC,VA,AEA,EN,Towers with Radar,127,66,76,3,272,0,0,12,3,15,127,66,88,6,287,46,0,46,333
04/20/2018,RIC,VA,AEA,EN,Towers with Radar,125,72,66,5,268,0,6,42,5,53,125,78,108,10,321,0,0,0,321
04/21/2018,RIC,VA,AEA,EN,Towers with Radar,82,70,86,1,239,0,3,46,5,54,82,73,132,6,293,0,0,0,293
04/22/2018,RIC,VA,AEA,EN,Towers with Radar,106,65,35,3,209,0,2,12,0,14,106,67,47,3,223,0,0,0,223
04/23/2018,RIC,VA,AEA,EN,Towers with Radar,125,69,35,12,241,0,0,24,2,26,125,69,59,14,267,0,0,0,267
04/24/2018,RIC,VA,AEA,EN,Towers with Radar,127,66,35,7,235,0,0,2,0,2,127,66,37,7,237,0,0,0,237
04/25/2018,RIC,VA,AEA,EN,Towers with Radar,119,68,48,0,235,0,0,2,2,4,119,68,50,2,239,0,0,0,239
04/26/2018,RIC,VA,AEA,EN,Towers with Radar,131,73,53,4,261,0,7,46,9,62,131,80,99,13,323,90,22,112,435
04/27/2018,RIC,VA,AEA,EN,Towers with Radar,126,64,42,16,248,0,0,13,7,20,126,64,55,23,268,4,0,4,272
04/28/2018,RIC,VA,AEA,EN,Towers with Radar,92,61,15,6,174,0,0,25,2,27,92,61,40,8,201,20,0,20,221
04/29/2018,RIC,VA,AEA,EN,Towers with Radar,107,55,32,0,194,0,3,12,0,15,107,58,44,0,209,0,0,0,209
04/30/2018,RIC,VA,AEA,EN,Towers with Radar,119,66,37,16,238,0,2,36,2,40,119,68,73,18,278,28,8,36,314
05/01/2018,RIC,VA,AEA,EN,Towers with Radar,130,63,48,21,262,0,1,36,8,45,130,64,84,29,307,86,0,86,393
05/02/2018,RIC,VA,AEA,EN,Towers with Radar,125,62,48,21,256,0,1,47,14,62,125,63,95,35,318,82,14,96,414
05/03/2018,RIC,VA,AEA,EN,Towers with Radar,132,66,46,12,256,0,4,53,8,65,132,70,99,20,321,91,0,91,412
05/04/2018,RIC,VA,AEA,EN,Towers with Radar,127,64,45,4,240,0,0,45,7,52,127,64,90,11,292,54,0,54,346
05/05/2018,RIC,VA,AEA,EN,Towers with Radar,93,47,18,0,158,0,0,17,10,27,93,47,35,10,185,14,0,14,199
05/06/2018,RIC,VA,AEA,EN,Towers with Radar,112,61,23,3,199,0,3,8,3,14,112,64,31,6,213,4,0,4,217
05/07/2018,RIC,VA,AEA,EN,Towers with Radar,120,64,56,12,252,0,0,14,1,15,120,64,70,13,267,7,0,7,274
05/08/2018,RIC,VA,AEA,EN,Towers with Radar,129,56,33,10,228,0,0,34,7,41,129,56,67,17,269,42,22,64,333
05/09/2018,RIC,VA,AEA,EN,Towers with Radar,127,62,32,16,237,0,0,44,8,52,127,62,76,24,289,18,0,18,307
05/10/2018,RIC,VA,AEA,EN,Towers with Radar,127,75,39,5,246,0,2,23,10,35,127,77,62,15,281,10,0,10,291
05/11/2018,RIC,VA,AEA,EN,Towers with Radar,125,74,62,2,263,0,3,43,7,53,125,77,105,9,316,14,0,14,330
05/12/2018,RIC,VA,AEA,EN,Towers with Radar,93,49,27,1,170,0,1,27,2,30,93,50,54,3,200,38,0,38,238
05/13/2018,RIC,VA,AEA,EN,Towers with Radar,110,64,30,1,205,0,0,11,0,11,110,64,41,1,216,2,0,2,218
05/14/2018,RIC,VA,AEA,EN,Towers with Radar,122,61,31,2,216,0,7,22,5,34,122,68,53,7,250,40,0,40,290
05/15/2018,RIC,VA,AEA,EN,Towers with Radar,139,57,70,3,269,0,0,36,10,46,139,57,106,13,315,88,22,110,425
05/16/2018,RIC,VA,AEA,EN,Towers with Radar,131,78,50,0,259,0,0,2,1,3,131,78,52,1,262,2,0,2,264
05/17/2018,RIC,VA,AEA,EN,Towers with Radar,130,72,66,10,278,0,1,2,0,3,130,73,68,10,281,0,2,2,283
05/18/2018,RIC,VA,AEA,EN,Towers with Radar,128,68,43,4,243,0,0,0,0,0,128,68,43,4,243,0,0,0,243
05/19/2018,RIC,VA,AEA,EN,Towers with Radar,94,69,20,0,183,0,0,0,0,0,94,69,20,0,183,0,0,0,183
05/20/2018,RIC,VA,AEA,EN,Towers with Radar,112,54,40,0,206,0,0,4,0,4,112,54,44,0,210,0,0,0,210
05/21/2018,RIC,VA,AEA,EN,Towers with Radar,119,64,55,5,243,0,0,15,0,15,119,64,70,5,258,62,4,66,324
05/22/2018,RIC,VA,AEA,EN,Towers with Radar,137,84,44,15,280,0,1,11,4,16,137,85,55,19,296,36,6,42,338
05/23/2018,RIC,VA,AEA,EN,Towers with Radar,133,75,58,31,297,0,0,37,14,51,133,75,95,45,348,14,0,14,362
05/24/2018,RIC,VA,AEA,EN,Towers with Radar,125,64,63,5,257,0,2,36,14,52,125,66,99,19,309,6,0,6,315
05/25/2018,RIC,VA,AEA,EN,Towers with Radar,126,65,39,0,230,0,5,44,0,49,126,70,83,0,279,49,0,49,328
05/26/2018,RIC,VA,AEA,EN,Towers with Radar,89,53,15,1,158,0,1,29,0,30,89,54,44,1,188,40,0,40,228
05/27/2018,RIC,VA,AEA,EN,Towers with Radar,97,50,9,1,157,0,0,4,0,4,97,50,13,1,161,0,0,0,161
05/28/2018,RIC,VA,AEA,EN,Towers with Radar,108,48,24,0,180,0,0,13,0,13,108,48,37,0,193,0,0,0,193
05/29/2018,RIC,VA,AEA,EN,Towers with Radar,123,63,41,14,241,0,1,8,0,9,123,64,49,14,250,0,0,0,250
05/30/2018,RIC,VA,AEA,EN,Towers with Radar,126,67,36,9,238,0,0,10,4,14,126,67,46,13,252,0,0,0,252
05/31/2018,RIC,VA,AEA,EN,Towers with Radar,146,58,46,0,250,0,0,19,15,34,146,58,65,15,284,26,0,26,310
06/01/2018,RIC,VA,AEA,EN,Towers with Radar,122,71,51,1,245,0,0,33,3,36,122,71,84,4,281,12,0,12,293
06/02/2018,RIC,VA,AEA,EN,Towers with Radar,91,48,12,0,151,0,0,6,12,18,91,48,18,12,169,0,0,0,169
06/03/2018,RIC,VA,AEA,EN,Towers with Radar,112,58,24,2,196,0,0,1,0,1,112,58,25,2,197,0,0,0,197
06/04/2018,RIC,VA,AEA,EN,Towers with Radar,123,60,69,6,258,0,1,36,6,43,123,61,105,12,301,8,32,40,341
06/05/2018,RIC,VA,AEA,EN,Towers with Radar,128,59,41,0,228,0,0,51,0,51,128,59,92,0,279,2,0,2,281
06/06/2018,RIC,VA,AEA,EN,Towers with Radar,124,74,54,13,265,0,2,46,0,48,124,76,100,13,313,6,10,16,329
06/07/2018,RIC,VA,AEA,EN,Towers with Radar,132,72,72,14,290,0,3,36,3,42,132,75,108,17,332,34,0,34,366
06/08/2018,RIC,VA,AEA,EN,Towers with Radar,123,74,36,2,235,0,0,29,8,37,123,74,65,10,272,26,0,26,298
06/09/2018,RIC,VA,AEA,EN,Towers with Radar,97,56,17,0,170,0,0,12,14,26,97,56,29,14,196,0,0,0,196
06/10/2018,RIC,VA,AEA,EN,Towers with Radar,114,68,36,0,218,0,0,6,2,8,114,68,42,2,226,0,0,0,226
06/11/2018,RIC,VA,AEA,EN,Towers with Radar,123,75,27,8,233,0,0,0,0,0,123,75,27,8,233,0,22,22,255
06/12/2018,RIC,VA,AEA,EN,Towers with Radar,138,76,54,11,279,0,0,13,7,20,138,76,67,18,299,0,0,0,299
06/13/2018,RIC,VA,AEA,EN,Towers with Radar,133,80,59,7,279,0,3,28,13,44,133,83,87,20,323,20,30,50,373
06/14/2018,RIC,VA,AEA,EN,Towers with Radar,134,84,76,14,308,0,0,63,13,76,134,84,139,27,384,53,3,56,440
06/15/2018,RIC,VA,AEA,EN,Towers with Radar,125,90,24,11,250,0,1,43,1,45,125,91,67,12,295,68,0,68,363
06/16/2018,RIC,VA,AEA,EN,Towers with Radar,92,62,14,0,168,0,1,29,0,30,92,63,43,0,198,60,0,60,258
06/17/2018,RIC,VA,AEA,EN,Towers with Radar,111,71,18,0,200,0,0,9,0,9,111,71,27,0,209,0,0,0,209
06/18/2018,RIC,VA,AEA,EN,Towers with Radar,116,65,44,16,241,0,2,32,0,34,116,67,76,16,275,23,0,23,298
06/19/2018,RIC,VA,AEA,EN,Towers with Radar,127,80,30,5,242,0,1,22,0,23,127,81,52,5,265,0,8,8,273
06/20/2018,RIC,VA,AEA,EN,Towers with Radar,132,73,58,10,273,0,0,28,5,33,132,73,86,15,306,10,1,11,317
06/21/2018,RIC,VA,AEA,EN,Towers with Radar,137,72,61,1,271,0,1,23,5,29,137,73,84,6,300,16,30,46,346
06/22/2018,RIC,VA,AEA,EN,Towers with Radar,121,67,35,4,227,0,0,0,4,4,121,67,35,8,231,0,12,12,243
06/23/2018,RIC,VA,AEA,EN,Towers with Radar,96,61,26,0,183,0,2,8,1,11,96,63,34,1,194,4,0,4,198
06/24/2018,RIC,VA,AEA,EN,Towers with Radar,120,74,29,0,223,0,0,22,0,22,120,74,51,0,245,24,0,24,269
06/25/2018,RIC,VA,AEA,EN,Towers with Radar,126,69,48,4,247,0,3,50,5,58,126,72,98,9,305,38,0,38,343
06/26/2018,RIC,VA,AEA,EN,Towers with Radar,131,80,45,6,262,0,2,30,4,36,131,82,75,10,298,78,0,78,376
06/27/2018,RIC,VA,AEA,EN,Towers with Radar,143,73,45,11,272,0,7,28,1,36,143,80,73,12,308,72,0,72,380
06/28/2018,RIC,VA,AEA,EN,Towers with Radar,123,67,62,10,262,0,2,27,9,38,123,69,89,19,300,102,1,103,403
06/29/2018,RIC,VA,AEA,EN,Towers with Radar,136,68,57,3,264,0,4,42,7,53,136,72,99,10,317,44,0,44,361
06/30/2018,RIC,VA,AEA,EN,Towers with Radar,105,58,31,0,194,0,3,23,1,27,105,61,54,1,221,0,0,0,221
07/01/2018,RIC,VA,AEA,EN,Towers with Radar,114,62,21,2,199,0,1,23,0,24,114,63,44,2,223,40,0,40,263
07/02/2018,RIC,VA,AEA,EN,Towers with Radar,109,61,30,3,203,0,1,12,5,18,109,62,42,8,221,20,4,24,245
07/03/2018,RIC,VA,AEA,EN,Towers with Radar,119,53,16,10,198,0,2,29,2,33,119,55,45,12,231,34,0,34,265
07/04/2018,RIC,VA,AEA,EN,Towers with Radar,84,62,24,0,170,0,0,28,0,28,84,62,52,0,198,22,0,22,220
07/05/2018,RIC,VA,AEA,EN,Towers with Radar,112,58,32,3,205,0,7,18,7,32,112,65,50,10,237,28,4,32,269
07/06/2018,RIC,VA,AEA,EN,Towers with Radar,117,70,29,8,224,0,0,18,5,23,117,70,47,13,247,0,6,6,253
07/07/2018,RIC,VA,AEA,EN,Towers with Radar,100,56,9,0,165,0,0,21,1,22,100,56,30,1,187,4,0,4,191
07/08/2018,RIC,VA,AEA,EN,Towers with Radar,117,57,20,0,194,0,2,19,1,22,117,59,39,1,216,26,0,26,242
07/09/2018,RIC,VA,AEA,EN,Towers with Radar,125,69,24,12,230,0,12,23,15,50,125,81,47,27,280,10,34,44,324
07/10/2018,RIC,VA,AEA,EN,Towers with Radar,136,73,33,7,249,0,2,32,7,41,136,75,65,14,290,16,2,18,308
07/11/2018,RIC,VA,AEA,EN,Towers with Radar,128,69,41,7,245,0,0,22,10,32,128,69,63,17,277,8,8,16,293
07/12/2018,RIC,VA,AEA,EN,Towers with Radar,131,76,52,10,269,0,6,22,15,43,131,82,74,25,312,0,2,2,314
07/13/2018,RIC,VA,AEA,EN,Towers with Radar,126,73,41,7,247,0,0,27,14,41,126,73,68,21,288,10,36,46,334
07/14/2018,RIC,VA,AEA,EN,Towers with Radar,93,57,17,2,169,0,1,23,6,30,93,58,40,8,199,0,2,2,201
07/15/2018,RIC,VA,AEA,EN,Towers with Radar,110,55,33,0,198,0,0,15,1,16,110,55,48,1,214,34,0,34,248
07/16/2018,RIC,VA,AEA,EN,Towers with Radar,129,72,43,2,246,0,1,38,8,47,129,73,81,10,293,32,0,32,325
07/17/2018,RIC,VA,AEA,EN,Towers with Radar,131,64,33,4,232,0,1,34,2,37,131,65,67,6,269,34,0,34,303
07/18/2018,RIC,VA,AEA,EN,Towers with Radar,132,78,65,4,279,0,6,40,10,56,132,84,105,14,335,48,6,54,389
07/19/2018,RIC,VA,AEA,EN,Towers with Radar,137,86,50,1,274,0,12,47,8,67,137,98,97,9,341,21,18,39,380
07/20/2018,RIC,VA,AEA,EN,Towers with Radar,132,69,38,5,244,0,0,28,1,29,132,69,66,6,273,0,0,0,273
07/21/2018,RIC,VA,AEA,EN,Towers with Radar,94,57,19,2,172,0,0,7,2,9,94,57,26,4,181,25,0,25,206
07/22/2018,RIC,VA,AEA,EN,Towers with Radar,111,56,27,2,196,0,0,1,0,1,111,56,28,2,197,0,0,0,197
07/23/2018,RIC,VA,AEA,EN,Towers with Radar,127,53,36,7,223,0,4,3,3,10,127,57,39,10,233,0,6,6,239
07/24/2018,RIC,VA,AEA,EN,Towers with Radar,134,59,52,2,247,0,0,0,0,0,134,59,52,2,247,0,0,0,247
07/25/2018,RIC,VA,AEA,EN,Towers with Radar,132,84,31,6,253,0,0,3,0,3,132,84,34,6,256,0,0,0,256
07/26/2018,RIC,VA,AEA,EN,Towers with Radar,138,77,49,12,276,0,3,26,3,32,138,80,75,15,308,3,4,7,315
07/27/2018,RIC,VA,AEA,EN,Towers with Radar,125,66,25,3,219,0,1,19,1,21,125,67,44,4,240,50,0,50,290
07/28/2018,RIC,VA,AEA,EN,Towers with Radar,96,59,23,1,179,0,0,12,2,14,96,59,35,3,193,6,0,6,199
07/29/2018,RIC,VA,AEA,EN,Towers with Radar,116,63,28,2,209,0,1,9,0,10,116,64,37,2,219,0,0,0,219
07/30/2018,RIC,VA,AEA,EN,Towers with Radar,127,75,27,10,239,0,0,2,2,4,127,75,29,12,243,6,14,20,263
07/31/2018,RIC,VA,AEA,EN,Towers with Radar,130,70,44,9,253,0,0,4,0,4,130,70,48,9,257,0,0,0,257
08/01/2018,RIC,VA,AEA,EN,Towers with Radar,139,74,39,17,269,0,1,21,15,37,139,75,60,32,306,0,16,16,322
08/02/2018,RIC,VA,AEA,EN,Towers with Radar,134,80,32,7,253,0,0,16,6,22,134,80,48,13,275,2,26,28,303
08/03/2018,RIC,VA,AEA,EN,Towers with Radar,120,60,30,3,213,0,1,9,0,10,120,61,39,3,223,0,0,0,223
08/04/2018,RIC,VA,AEA,EN,Towers with Radar,91,56,38,3,188,0,0,9,3,12,91,56,47,6,200,0,0,0,200
08/05/2018,RIC,VA,AEA,EN,Towers with Radar,120,64,21,0,205,0,0,35,6,41,120,64,56,6,246,4,0,4,250
08/06/2018,RIC,VA,AEA,EN,Towers with Radar,121,68,24,0,213,0,0,37,1,38,121,68,61,1,251,38,22,60,311
08/07/2018,RIC,VA,AEA,EN,Towers with Radar,131,61,45,4,241,0,5,63,7,75,131,66,108,11,316,56,6,62,378
08/08/2018,RIC,VA,AEA,EN,Towers with Radar,128,59,42,15,244,0,2,50,11,63,128,61,92,26,307,72,0,72,379
08/09/2018,RIC,VA,AEA,EN,Towers with Radar,134,73,50,6,263,0,2,48,13,63,134,75,98,19,326,6,0,6,332
08/10/2018,RIC,VA,AEA,EN,Towers with Radar,129,66,28,29,252,0,2,55,7,64,129,68,83,36,316,58,0,58,374
08/11/2018,RIC,VA,AEA,EN,Towers with Radar,100,51,5,1,157,0,0,17,4,21,100,51,22,5,178,64,0,64,242
08/12/2018,RIC,VA,AEA,EN,Towers with Radar,116,64,32,0,212,0,1,9,0,10,116,65,41,0,222,35,0,35,257
08/13/2018,RIC,VA,AEA,EN,Towers with Radar,114,69,46,6,235,0,1,12,5,18,114,70,58,11,253,44,4,48,301
08/14/2018,RIC,VA,AEA,EN,Towers with Radar,133,62,44,7,246,0,1,21,2,24,133,63,65,9,270,66,4,70,340
08/15/2018,RIC,VA,AEA,EN,Towers with Radar,128,85,58,0,271,0,0,42,6,48,128,85,100,6,319,22,2,24,343
08/16/2018,RIC,VA,AEA,EN,Towers with Radar,129,87,38,30,284,0,0,21,14,35,129,87,59,44,319,0,0,0,319
08/17/2018,RIC,VA,AEA,EN,Towers with Radar,132,68,37,2,239,0,0,21,5,26,132,68,58,7,265,12,0,12,277
08/18/2018,RIC,VA,AEA,EN,Towers with Radar,92,56,22,0,170,0,3,9,0,12,92,59,31,0,182,0,0,0,182
08/19/2018,RIC,VA,AEA,EN,Towers with Radar,113,63,35,0,211,0,1,14,1,16,113,64,49,1,227,0,0,0,227
08/20/2018,RIC,VA,AEA,EN,Towers with Radar,120,72,29,1,222,0,0,4,3,7,120,72,33,4,229,56,0,56,285
08/21/2018,RIC,VA,AEA,EN,Towers with Radar,146,74,36,1,257,0,0,3,4,7,146,74,39,5,264,0,9,9,273
08/22/2018,RIC,VA,AEA,EN,Towers with Radar,137,82,59,6,284,0,3,27,3,33,137,85,86,9,317,42,4,46,363
08/23/2018,RIC,VA,AEA,EN,Towers with Radar,135,76,52,7,270,0,0,43,13,56,135,76,95,20,326,74,0,74,400
08/24/2018,RIC,VA,AEA,EN,Towers with Radar,139,71,30,17,257,0,1,42,6,49,139,72,72,23,306,52,0,52,358
08/25/2018,RIC,VA,AEA,EN,Towers with Radar,90,64,16,0,170,0,0,22,12,34,90,64,38,12,204,56,0,56,260
08/26/2018,RIC,VA,AEA,EN,Towers with Radar,114,64,37,2,217,0,0,20,1,21,114,64,57,3,238,24,0,24,262
08/27/2018,RIC,VA,AEA,EN,Towers with Radar,130,67,53,0,250,0,4,33,4,41,130,71,86,4,291,13,0,13,304
08/28/2018,RIC,VA,AEA,EN,Towers with Radar,135,68,59,5,267,0,3,39,4,46,135,71,98,9,313,22,2,24,337
08/29/2018,RIC,VA,AEA,EN,Towers with Radar,137,65,52,24,278,0,0,35,8,43,137,65,87,32,321,18,0,18,339
08/30/2018,RIC,VA,AEA,EN,Towers with Radar,139,84,42,0,265,0,0,40,9,49,139,84,82,9,314,12,20,32,346
08/31/2018,RIC,VA,AEA,EN,Towers with Radar,140,65,39,3,247,0,0,22,0,22,140,65,61,3,269,4,4,8,277
09/01/2018,RIC,VA,AEA,EN,Towers with Radar,87,45,9,0,141,0,3,10,0,13,87,48,19,0,154,16,0,16,170
09/02/2018,RIC,VA,AEA,EN,Towers with Radar,74,48,15,0,137,0,0,10,0,10,74,48,25,0,147,0,0,0,147
09/03/2018,RIC,VA,AEA,EN,Towers with Radar,110,51,23,0,184,0,2,25,0,27,110,53,48,0,211,54,0,54,265
09/04/2018,RIC,VA,AEA,EN,Towers with Radar,125,72,41,8,246,0,0,22,10,32,125,72,63,18,278,10,0,10,288
09/05/2018,RIC,VA,AEA,EN,Towers with Radar,121,73,44,2,240,0,0,33,8,41,121,73,77,10,281,54,0,54,335
09/06/2018,RIC,VA,AEA,EN,Towers with Radar,132,63,38,1,234,0,0,56,6,62,132,63,94,7,296,28,1,29,325
09/07/2018,RIC,VA,AEA,EN,Towers with Radar,137,65,44,2,248,0,0,23,0,23,137,65,67,2,271,38,0,38,309
09/08/2018,RIC,VA,AEA,EN,Towers with Radar,97,48,14,0,159,0,0,4,0,4,97,48,18,0,163,0,0,0,163
09/09/2018,RIC,VA,AEA,EN,Towers with Radar,118,59,32,2,211,0,0,0,0,0,118,59,32,2,211,0,0,0,211
09/10/2018,RIC,VA,AEA,EN,Towers with Radar,131,72,45,1,249,0,0,12,4,16,131,72,57,5,265,1,6,7,272
09/11/2018,RIC,VA,AEA,EN,Towers with Radar,162,71,53,2,288,0,0,9,3,12,162,71,62,5,300,2,2,4,304
09/12/2018,RIC,VA,AEA,EN,Towers with Radar,145,64,36,0,245,0,1,8,5,14,145,65,44,5,259,0,0,0,259
09/13/2018,RIC,VA,AEA,EN,Towers with Radar,137,65,27,4,233,0,1,4,2,7,137,66,31,6,240,0,0,0,240
09/14/2018,RIC,VA,AEA,EN,Towers with Radar,130,56,8,0,194,0,0,1,0,1,130,56,9,0,195,0,0,0,195
09/15/2018,RIC,VA,AEA,EN,Towers with Radar,85,49,13,2,149,0,1,1,0,2,85,50,14,2,151,0,0,0,151
09/16/2018,RIC,VA,AEA,EN,Towers with Radar,118,64,23,2,207,0,0,0,8,8,118,64,23,10,215,0,0,0,215
09/17/2018,RIC,VA,AEA,EN,Towers with Radar,132,67,27,1,227,0,0,2,0,2,132,67,29,1,229,0,0,0,229
09/18/2018,RIC,VA,AEA,EN,Towers with Radar,159,73,57,5,294,0,2,28,6,36,159,75,85,11,330,2,0,2,332
09/19/2018,RIC,VA,AEA,EN,Towers with Radar,138,75,52,5,270,0,1,35,16,52,138,76,87,21,322,38,0,38,360
09/20/2018,RIC,VA,AEA,EN,Towers with Radar,140,75,107,0,322,0,1,39,15,55,140,76,146,15,377,0,0,0,377
09/21/2018,RIC,VA,AEA,EN,Towers with Radar,145,78,71,5,299,0,0,37,17,54,145,78,108,22,353,18,8,26,379
09/22/2018,RIC,VA,AEA,EN,Towers with Radar,90,57,62,1,210,0,2,47,15,64,90,59,109,16,274,0,0,0,274
09/23/2018,RIC,VA,AEA,EN,Towers with Radar,124,72,51,10,257,0,0,0,0,0,124,72,51,10,257,0,0,0,257
09/24/2018,RIC,VA,AEA,EN,Towers with Radar,138,64,44,4,250,0,0,1,0,1,138,64,45,4,251,0,0,0,251
09/25/2018,RIC,VA,AEA,EN,Towers with Radar,143,60,47,22,272,0,0,25,5,30,143,60,72,27,302,52,24,76,378
09/26/2018,RIC,VA,AEA,EN,Towers with Radar,141,74,57,6,278,0,1,24,8,33,141,75,81,14,311,26,0,26,337
09/27/2018,RIC,VA,AEA,EN,Towers with Radar,145,76,40,5,266,0,0,5,0,5,145,76,45,5,271,0,0,0,271
09/28/2018,RIC,VA,AEA,EN,Towers with Radar,142,71,46,2,261,0,1,28,8,37,142,72,74,10,298,4,0,4,302
09/29/2018,RIC,VA,AEA,EN,Towers with Radar,87,61,27,2,177,0,0,14,0,14,87,61,41,2,191,0,0,0,191
09/30/2018,RIC,VA,AEA,EN,Towers with Radar,121,68,29,0,218,0,4,17,0,21,121,72,46,0,239,28,0,28,267
10/01/2018,RIC,VA,AEA,EN,Towers with Radar,136,58,42,26,262,0,2,39,6,47,136,60,81,32,309,76,0,76,385
10/02/2018,RIC,VA,AEA,EN,Towers with Radar,145,72,47,5,269,0,0,52,8,60,145,72,99,13,329,76,0,76,405
10/03/2018,RIC,VA,AEA,EN,Towers with Radar,144,63,55,8,270,0,4,69,16,89,144,67,124,24,359,22,20,42,401
10/04/2018,RIC,VA,AEA,EN,Towers with Radar,146,63,33,4,246,0,4,34,24,62,146,67,67,28,308,83,5,88,396
10/05/2018,RIC,VA,AEA,EN,Towers with Radar,150,75,52,0,277,0,0,4,0,4,150,75,56,0,281,0,0,0,281
10/06/2018,RIC,VA,AEA,EN,Towers with Radar,96,53,26,0,175,0,1,8,0,9,96,54,34,0,184,25,0,25,209
10/07/2018,RIC,VA,AEA,EN,Towers with Radar,125,64,28,0,217,0,0,9,0,9,125,64,37,0,226,0,0,0,226
10/08/2018,RIC,VA,AEA,EN,Towers with Radar,143,70,45,0,258,0,2,16,0,18,143,72,61,0,276,0,0,0,276
10/09/2018,RIC,VA,AEA,EN,Towers with Radar,145,70,41,18,274,0,0,20,3,23,145,70,61,21,297,65,2,67,364
10/10/2018,RIC,VA,AEA,EN,Towers with Radar,142,73,60,20,295,0,1,19,10,30,142,74,79,30,325,49,4,53,378
10/11/2018,RIC,VA,AEA,EN,Towers with Radar,122,48,29,8,207,0,0,0,1,1,122,48,29,9,208,0,0,0,208
10/12/2018,RIC,VA,AEA,EN,Towers with Radar,159,59,59,4,281,0,0,29,3,32,159,59,88,7,313,10,8,18,331
10/13/2018,RIC,VA,AEA,EN,Towers with Radar,97,41,30,4,172,0,0,35,1,36,97,41,65,5,208,6,0,6,214
10/14/2018,RIC,VA,AEA,EN,Towers with Radar,130,55,49,6,240,0,3,12,0,15,130,58,61,6,255,12,0,12,267
10/15/2018,RIC,VA,AEA,EN,Towers with Radar,149,63,33,4,249,0,4,19,7,30,149,67,52,11,279,8,0,8,287
10/16/2018,RIC,VA,AEA,EN,Towers with Radar,153,68,61,15,297,0,0,33,8,41,153,68,94,23,338,36,8,44,382
10/17/2018,RIC,VA,AEA,EN,Towers with Radar,143,61,59,20,283,0,1,38,19,58,143,62,97,39,341,14,0,14,355
10/18/2018,RIC,VA,AEA,EN,Towers with Radar,147,61,60,6,274,0,0,40,11,51,147,61,100,17,325,10,6,16,341
10/19/2018,RIC,VA,AEA,EN,Towers with Radar,156,65,55,1,277,0,7,59,7,73,156,72,114,8,350,8,16,24,374
10/20/2018,RIC,VA,AEA,EN,Towers with Radar,99,47,33,3,182,0,1,18,10,29,99,48,51,13,211,0,0,0,211
10/21/2018,RIC,VA,AEA,EN,Towers with Radar,124,62,20,11,217,0,1,14,1,16,124,63,34,12,233,18,0,18,251
10/22/2018,RIC,VA,AEA,EN,Towers with Radar,140,58,55,9,262,0,1,50,3,54,140,59,105,12,316,30,8,38,354
10/23/2018,RIC,VA,AEA,EN,Towers with Radar,150,64,73,0,287,0,3,47,5,55,150,67,120,5,342,50,0,50,392
10/24/2018,RIC,VA,AEA,EN,Towers with Radar,143,68,63,2,276,0,1,36,12,49,143,69,99,14,325,22,0,22,347
10/25/2018,RIC,VA,AEA,EN,Towers with Radar,147,60,56,3,266,0,2,36,12,50,147,62,92,15,316,62,0,62,378
10/26/2018,RIC,VA,AEA,EN,Towers with Radar,151,61,43,4,259,0,0,7,4,11,151,61,50,8,270,40,0,40,310
10/27/2018,RIC,VA,AEA,EN,Towers with Radar,92,37,22,0,151,0,0,6,0,6,92,37,28,0,157,0,0,0,157
10/28/2018,RIC,VA,AEA,EN,Towers with Radar,118,56,29,9,212,0,0,18,0,18,118,56,47,9,230,18,0,18,248
10/29/2018,RIC,VA,AEA,EN,Towers with Radar,126,61,48,15,250,0,1,27,8,36,126,62,75,23,286,66,0,66,352
10/30/2018,RIC,VA,AEA,EN,Towers with Radar,135,56,61,2,254,0,2,54,8,64,135,58,115,10,318,51,4,55,373
10/31/2018,RIC,VA,AEA,EN,Towers with Radar,110,52,55,7,224,0,0,37,14,51,110,52,92,21,275,8,2,10,285
11/01/2018,RIC,VA,AEA,EN,Towers with Radar,141,58,59,3,261,0,1,24,8,33,141,59,83,11,294,4,0,4,298
11/02/2018,RIC,VA,AEA,EN,Towers with Radar,157,74,32,10,273,0,0,4,7,11,157,74,36,17,284,6,6,12,296
11/03/2018,RIC,VA,AEA,EN,Towers with Radar,99,52,14,0,165,0,1,14,0,15,99,53,28,0,180,16,0,16,196
11/04/2018,RIC,VA,AEA,EN,Towers with Radar,132,57,26,0,215,0,0,20,0,20,132,57,46,0,235,18,0,18,253
11/05/2018,RIC,VA,AEA,EN,Towers with Radar,133,60,38,6,237,0,0,0,0,0,133,60,38,6,237,0,0,0,237
11/06/2018,RIC,VA,AEA,EN,Towers with Radar,141,68,47,2,258,0,0,4,1,5,141,68,51,3,263,40,0,40,303
11/07/2018,RIC,VA,AEA,EN,Towers with Radar,141,61,44,3,249,0,0,37,11,48,141,61,81,14,297,62,6,68,365
11/08/2018,RIC,VA,AEA,EN,Towers with Radar,147,72,79,33,331,0,5,35,11,51,147,77,114,44,382,42,30,72,454
11/09/2018,RIC,VA,AEA,EN,Towers with Radar,146,71,53,2,272,0,0,7,2,9,146,71,60,4,281,12,0,12,293
11/10/2018,RIC,VA,AEA,EN,Towers with Radar,94,46,25,0,165,0,0,9,1,10,94,46,34,1,175,0,0,0,175
11/11/2018,RIC,VA,AEA,EN,Towers with Radar,123,48,42,0,213,0,1,14,0,15,123,49,56,0,228,2,0,2,230
11/12/2018,RIC,VA,AEA,EN,Towers with Radar,138,65,50,0,253,0,0,14,0,14,138,65,64,0,267,36,0,36,303
11/13/2018,RIC,VA,AEA,EN,Towers with Radar,149,59,39,8,255,0,1,6,0,7,149,60,45,8,262,0,0,0,262
11/14/2018,RIC,VA,AEA,EN,Towers with Radar,139,70,78,10,297,0,0,30,1,31,139,70,108,11,328,16,0,16,344
11/15/2018,RIC,VA,AEA,EN,Towers with Radar,146,45,39,4,234,0,0,0,0,0,146,45,39,4,234,0,0,0,234
11/16/2018,RIC,VA,AEA,EN,Towers with Radar,151,65,42,0,258,0,2,40,15,57,151,67,82,15,315,52,0,52,367
11/17/2018,RIC,VA,AEA,EN,Towers with Radar,94,51,44,0,189,0,3,28,0,31,94,54,72,0,220,0,0,0,220
11/18/2018,RIC,VA,AEA,EN,Towers with Radar,125,48,20,6,199,0,3,18,13,34,125,51,38,19,233,44,0,44,277
11/19/2018,RIC,VA,AEA,EN,Towers with Radar,127,54,37,4,222,0,3,36,9,48,127,57,73,13,270,78,18,96,366
11/20/2018,RIC,VA,AEA,EN,Towers with Radar,154,66,42,2,264,0,2,22,13,37,154,68,64,15,301,68,12,80,381
11/21/2018,RIC,VA,AEA,EN,Towers with Radar,149,70,58,0,277,0,10,36,2,48,149,80,94,2,325,68,0,68,393
11/22/2018,RIC,VA,AEA,EN,Towers with Radar,72,39,9,0,120,0,0,3,0,3,72,39,12,0,123,0,0,0,123
11/23/2018,RIC,VA,AEA,EN,Towers with Radar,99,42,20,0,161,0,0,16,0,16,99,42,36,0,177,0,0,0,177
11/24/2018,RIC,VA,AEA,EN,Towers with Radar,129,48,20,0,197,0,2,2,0,4,129,50,22,0,201,0,0,0,201
11/25/2018,RIC,VA,AEA,EN,Towers with Radar,134,55,63,0,252,0,6,13,0,19,134,61,76,0,271,46,0,46,317
11/26/2018,RIC,VA,AEA,EN,Towers with Radar,128,54,63,2,247,0,1,11,5,17,128,55,74,7,264,0,0,0,264
11/27/2018,RIC,VA,AEA,EN,Towers with Radar,150,64,60,8,282,0,0,32,2,34,150,64,92,10,316,7,0,7,323
11/28/2018,RIC,VA,AEA,EN,Towers with Radar,143,61,45,11,260,0,2,36,4,42,143,63,81,15,302,60,0,60,362
11/29/2018,RIC,VA,AEA,EN,Towers with Radar,154,58,50,9,271,0,8,29,2,39,154,66,79,11,310,31,0,31,341
11/30/2018,RIC,VA,AEA,EN,Towers with Radar,151,56,35,5,247,0,0,27,4,31,151,56,62,9,278,0,0,0,278
12/01/2018,RIC,VA,AEA,EN,Towers with Radar,91,47,18,4,160,0,0,3,1,4,91,47,21,5,164,0,0,0,164
12/02/2018,RIC,VA,AEA,EN,Towers with Radar,124,53,12,0,189,0,0,0,0,0,124,53,12,0,189,0,0,0,189
12/03/2018,RIC,VA,AEA,EN,Towers with Radar,140,53,45,8,246,0,1,41,0,42,140,54,86,8,288,72,2,74,362
12/04/2018,RIC,VA,AEA,EN,Towers with Radar,141,53,59,9,262,0,5,32,9,46,141,58,91,18,308,70,0,70,378
12/05/2018,RIC,VA,AEA,EN,Towers with Radar,142,57,52,0,251,0,0,12,1,13,142,57,64,1,264,54,0,54,318
12/06/2018,RIC,VA,AEA,EN,Towers with Radar,155,69,49,28,301,0,0,44,1,45,155,69,93,29,346,34,0,34,380
12/07/2018,RIC,VA,AEA,EN,Towers with Radar,147,55,34,28,264,0,0,31,3,34,147,55,65,31,298,48,0,48,346
12/08/2018,RIC,VA,AEA,EN,Towers with Radar,86,44,18,0,148,0,0,17,0,17,86,44,35,0,165,0,0,0,165
12/09/2018,RIC,VA,AEA,EN,Towers with Radar,34,16,9,0,59,0,0,0,0,0,34,16,9,0,59,0,0,0,59
12/10/2018,RIC,VA,AEA,EN,Towers with Radar,123,45,34,7,209,0,2,9,4,15,123,47,43,11,224,60,0,60,284
12/11/2018,RIC,VA,AEA,EN,Towers with Radar,141,55,53,6,255,0,5,24,2,31,141,60,77,8,286,0,0,0,286
12/12/2018,RIC,VA,AEA,EN,Towers with Radar,146,68,61,26,301,0,1,30,6,37,146,69,91,32,338,44,0,44,382
12/13/2018,RIC,VA,AEA,EN,Towers with Radar,157,62,55,14,288,0,0,42,5,47,157,62,97,19,335,42,20,62,397
12/14/2018,RIC,VA,AEA,EN,Towers with Radar,151,61,50,0,262,0,0,15,0,15,151,61,65,0,277,50,2,52,329
12/15/2018,RIC,VA,AEA,EN,Towers with Radar,89,42,12,0,143,0,0,0,0,0,89,42,12,0,143,0,0,0,143
12/16/2018,RIC,VA,AEA,EN,Towers with Radar,121,47,20,0,188,0,0,1,0,1,121,47,21,0,189,0,0,0,189
12/17/2018,RIC,VA,AEA,EN,Towers with Radar,148,57,45,6,256,0,0,25,0,25,148,57,70,6,281,36,0,36,317
12/18/2018,RIC,VA,AEA,EN,Towers with Radar,148,61,72,2,283,0,3,44,0,47,148,64,116,2,330,20,0,20,350
12/19/2018,RIC,VA,AEA,EN,Towers with Radar,141,64,49,8,262,0,0,34,0,34,141,64,83,8,296,18,0,18,314
12/20/2018,RIC,VA,AEA,EN,Towers with Radar,148,70,45,5,268,0,0,3,0,3,148,70,48,5,271,0,0,0,271
12/21/2018,RIC,VA,AEA,EN,Towers with Radar,144,58,28,5,235,0,2,10,0,12,144,60,38,5,247,0,0,0,247
12/22/2018,RIC,VA,AEA,EN,Towers with Radar,116,51,25,0,192,0,3,9,0,12,116,54,34,0,204,0,0,0,204
12/23/2018,RIC,VA,AEA,EN,Towers with Radar,114,56,27,0,197,0,0,24,0,24,114,56,51,0,221,0,0,0,221
12/24/2018,RIC,VA,AEA,EN,Towers with Radar,97,35,6,0,138,0,0,8,0,8,97,35,14,0,146,0,0,0,146
12/25/2018,RIC,VA,AEA,EN,Towers with Radar,80,35,5,0,120,0,4,0,0,4,80,39,5,0,124,0,0,0,124
12/26/2018,RIC,VA,AEA,EN,Towers with Radar,119,62,25,0,206,0,0,28,3,31,119,62,53,3,237,8,0,8,245
12/27/2018,RIC,VA,AEA,EN,Towers with Radar,128,51,30,2,211,0,4,23,2,29,128,55,53,4,240,0,0,0,240
12/28/2018,RIC,VA,AEA,EN,Towers with Radar,130,53,21,0,204,0,0,2,0,2,130,53,23,0,206,0,0,0,206
12/29/2018,RIC,VA,AEA,EN,Towers with Radar,120,46,22,2,190,0,1,24,0,25,120,47,46,2,215,0,0,0,215
12/30/2018,RIC,VA,AEA,EN,Towers with Radar,114,43,22,0,179,0,0,16,0,16,114,43,38,0,195,8,0,8,203
12/31/2018,RIC,VA,AEA,EN,Towers with Radar,95,42,15,0,152,0,0,1,0,1,95,42,16,0,153,18,0,18,171
01/01/2019,RIC,VA,AEA,EN,Towers with Radar,89,47,13,0,149,0,0,13,0,13,89,47,26,0,162,0,0,0,162
01/02/2019,RIC,VA,AEA,EN,Towers with Radar,119,43,41,3,206,0,0,34,5,39,119,43,75,8,245,62,0,62,307
01/03/2019,RIC,VA,AEA,EN,Towers with Radar,131,52,38,16,237,0,4,16,7,27,131,56,54,23,264,18,0,18,282
01/04/2019,RIC,VA,AEA,EN,Towers with Radar,123,48,28,4,203,0,0,4,0,4,123,48,32,4,207,0,0,0,207
01/05/2019,RIC,VA,AEA,EN,Towers with Radar,90,49,7,0,146,0,1,19,10,30,90,50,26,10,176,14,0,14,190
01/06/2019,RIC,VA,AEA,EN,Towers with Radar,114,45,18,3,180,0,0,45,1,46,114,45,63,4,226,0,16,16,242
01/07/2019,RIC,VA,AEA,EN,Towers with Radar,124,53,36,0,213,0,0,35,2,37,124,53,71,2,250,34,0,34,284
01/08/2019,RIC,VA,AEA,EN,Towers with Radar,129,62,52,11,254,0,1,24,8,33,129,63,76,19,287,3,12,15,302
01/09/2019,RIC,VA,AEA,EN,Towers with Radar,127,55,52,22,256,0,3,21,8,32,127,58,73,30,288,30,10,40,328
01/10/2019,RIC,VA,AEA,EN,Towers with Radar,133,51,58,12,254,0,1,12,8,21,133,52,70,20,275,0,24,24,299
01/11/2019,RIC,VA,AEA,EN,Towers with Radar,132,57,38,18,245,0,1,39,17,57,132,58,77,35,302,4,14,18,320
01/12/2019,RIC,VA,AEA,EN,Towers with Radar,81,42,17,0,140,0,2,13,5,20,81,44,30,5,160,2,6,8,168
01/13/2019,RIC,VA,AEA,EN,Towers with Radar,101,35,9,0,145,0,0,0,0,0,101,35,9,0,145,0,0,0,145
01/14/2019,RIC,VA,AEA,EN,Towers with Radar,127,52,45,0,224,0,1,16,7,24,127,53,61,7,248,4,0,4,252
01/15/2019,RIC,VA,AEA,EN,Towers with Radar,131,54,46,0,231,0,2,28,1,31,131,56,74,1,262,70,0,70,332
01/16/2019,RIC,VA,AEA,EN,Towers with Radar,126,65,53,0,244,0,1,32,10,43,126,66,85,10,287,80,0,80,367
01/17/2019,RIC,VA,AEA,EN,Towers with Radar,135,61,44,1,241,0,1,31,13,45,135,62,75,14,286,62,0,62,348
01/18/2019,RIC,VA,AEA,EN,Towers with Radar,132,60,46,5,243,0,2,25,0,27,132,62,71,5,270,40,0,40,310
01/19/2019,RIC,VA,AEA,EN,Towers with Radar,76,43,13,1,133,0,0,6,0,6,76,43,19,1,139,0,0,0,139
01/20/2019,RIC,VA,AEA,EN,Towers with Radar,84,43,16,0,143,0,0,6,0,6,84,43,22,0,149,4,0,4,153
01/21/2019,RIC,VA,AEA,EN,Towers with Radar,109,52,39,0,200,0,3,24,0,27,109,55,63,0,227,38,0,38,265
01/22/2019,RIC,VA,AEA,EN,Towers with Radar,128,61,58,6,253,0,4,28,1,33,128,65,86,7,286,40,0,40,326
01/23/2019,RIC,VA,AEA,EN,Towers with Radar,124,73,43,28,268,0,0,18,12,30,124,73,61,40,298,0,0,0,298
01/24/2019,RIC,VA,AEA,EN,Towers with Radar,136,70,55,3,264,0,4,9,10,23,136,74,64,13,287,0,0,0,287
01/25/2019,RIC,VA,AEA,EN,Towers with Radar,133,71,50,12,266,0,4,16,6,26,133,75,66,18,292,18,0,18,310
01/26/2019,RIC,VA,AEA,EN,Towers with Radar,87,49,32,0,168,0,1,15,2,18,87,50,47,2,186,16,0,16,202
01/27/2019,RIC,VA,AEA,EN,Towers with Radar,106,52,37,0,195,0,2,8,2,12,106,54,45,2,207,38,0,38,245
01/28/2019,RIC,VA,AEA,EN,Towers with Radar,126,47,61,3,237,0,4,24,3,31,126,51,85,6,268,2,18,20,288
01/29/2019,RIC,VA,AEA,EN,Towers with Radar,123,50,44,0,217,0,0,19,2,21,123,50,63,2,238,24,9,33,271
01/30/2019,RIC,VA,AEA,EN,Towers with Radar,123,55,41,3,222,0,6,16,6,28,123,61,57,9,250,18,4,22,272
01/31/2019,RIC,VA,AEA,EN,Towers with Radar,126,67,50,7,250,0,3,29,13,45,126,70,79,20,295,52,0,52,347
02/01/2019,RIC,VA,AEA,EN,Towers with Radar,137,62,51,10,260,0,2,18,8,28,137,64,69,18,288,18,30,48,336
02/02/2019,RIC,VA,AEA,EN,Towers with Radar,80,44,23,1,148,0,0,26,0,26,80,44,49,1,174,0,0,0,174
02/03/2019,RIC,VA,AEA,EN,Towers with Radar,87,48,29,1,165,0,1,23,0,24,87,49,52,1,189,12,2,14,203
02/04/2019,RIC,VA,AEA,EN,Towers with Radar,125,56,50,10,241,0,0,26,1,27,125,56,76,11,268,0,0,0,268
02/05/2019,RIC,VA,AEA,EN,Towers with Radar,129,54,45,3,231,0,0,38,3,41,129,54,83,6,272,8,0,8,280
02/06/2019,RIC,VA,AEA,EN,Towers with Radar,124,65,64,1,254,0,0,25,17,42,124,65,89,18,296,0,8,8,304
02/07/2019,RIC,VA,AEA,EN,Towers with Radar,134,77,63,2,276,0,0,8,10,18,134,77,71,12,294,20,12,32,326
02/08/2019,RIC,VA,AEA,EN,Towers with Radar,133,64,34,3,234,0,2,19,1,22,133,66,53,4,256,0,2,2,258
02/09/2019,RIC,VA,AEA,EN,Towers with Radar,89,58,41,14,202,0,6,26,3,35,89,64,67,17,237,16,20,36,273
02/10/2019,RIC,VA,AEA,EN,Towers with Radar,106,52,34,0,192,0,2,18,12,32,106,54,52,12,224,4,0,4,228
02/11/2019,RIC,VA,AEA,EN,Towers with Radar,125,64,26,2,217,0,0,0,0,0,125,64,26,2,217,0,0,0,217
02/12/2019,RIC,VA,AEA,EN,Towers with Radar,113,44,38,10,205,0,0,0,0,0,113,44,38,10,205,0,0,0,205
02/13/2019,RIC,VA,AEA,EN,Towers with Radar,122,73,66,6,267,0,0,18,3,21,122,73,84,9,288,8,0,8,296
02/14/2019,RIC,VA,AEA,EN,Towers with Radar,137,65,65,2,269,0,3,38,8,49,137,68,103,10,318,54,5,59,377
02/15/2019,RIC,VA,AEA,EN,Towers with Radar,129,75,37,2,243,0,2,24,0,26,129,77,61,2,269,18,0,18,287
02/16/2019,RIC,VA,AEA,EN,Towers with Radar,75,53,12,0,140,0,0,10,0,10,75,53,22,0,150,0,0,0,150
02/17/2019,RIC,VA,AEA,EN,Towers with Radar,92,60,21,0,173,0,2,9,0,11,92,62,30,0,184,0,0,0,184
02/18/2019,RIC,VA,AEA,EN,Towers with Radar,115,59,35,0,209,0,0,31,2,33,115,59,66,2,242,2,0,2,244
02/19/2019,RIC,VA,AEA,EN,Towers with Radar,132,64,55,5,256,0,1,31,1,33,132,65,86,6,289,32,2,34,323
02/20/2019,RIC,VA,AEA,EN,Towers with Radar,123,48,27,0,198,0,0,0,0,0,123,48,27,0,198,0,0,0,198
02/21/2019,RIC,VA,AEA,EN,Towers with Radar,140,82,52,12,286,0,2,30,3,35,140,84,82,15,321,68,30,98,419
02/22/2019,RIC,VA,AEA,EN,Towers with Radar,129,75,45,12,261,3,5,20,15,43,132,80,65,27,304,8,26,34,338
02/23/2019,RIC,VA,AEA,EN,Towers with Radar,84,53,21,0,158,0,0,0,0,0,84,53,21,0,158,0,0,0,158
02/24/2019,RIC,VA,AEA,EN,Towers with Radar,119,60,22,0,201,0,0,3,0,3,119,60,25,0,204,4,0,4,208
02/25/2019,RIC,VA,AEA,EN,Towers with Radar,125,43,55,0,223,0,2,20,0,22,125,45,75,0,245,2,0,2,247
02/26/2019,RIC,VA,AEA,EN,Towers with Radar,133,66,59,3,261,0,0,53,8,61,133,66,112,11,322,8,0,8,330
02/27/2019,RIC,VA,AEA,EN,Towers with Radar,134,66,59,1,260,0,2,12,0,14,134,68,71,1,274,67,4,71,345
02/28/2019,RIC,VA,AEA,EN,Towers with Radar,132,76,66,8,282,0,0,34,9,43,132,76,100,17,325,34,2,36,361
03/01/2019,RIC,VA,AEA,EN,Towers with Radar,131,69,38,2,240,0,0,1,0,1,131,69,39,2,241,0,0,0,241
03/02/2019,RIC,VA,AEA,EN,Towers with Radar,86,50,32,1,169,0,0,3,3,6,86,50,35,4,175,0,0,0,175
03/03/2019,RIC,VA,AEA,EN,Towers with Radar,115,44,10,0,169,0,0,1,0,1,115,44,11,0,170,6,0,6,176
03/04/2019,RIC,VA,AEA,EN,Towers with Radar,126,67,47,2,242,0,0,29,3,32,126,67,76,5,274,12,14,26,300
03/05/2019,RIC,VA,AEA,EN,Towers with Radar,133,69,46,6,254,0,0,41,2,43,133,69,87,8,297,30,0,30,327
03/06/2019,RIC,VA,AEA,EN,Towers with Radar,130,60,58,0,248,0,0,48,8,56,130,60,106,8,304,10,0,10,314
03/07/2019,RIC,VA,AEA,EN,Towers with Radar,131,66,58,6,261,0,0,32,7,39,131,66,90,13,300,72,6,78,378
03/08/2019,RIC,VA,AEA,EN,Towers with Radar,134,72,38,4,248,0,0,11,2,13,134,72,49,6,261,72,8,80,341
03/09/2019,RIC,VA,AEA,EN,Towers with Radar,90,50,17,0,157,0,1,0,0,1,90,51,17,0,158,0,10,10,168
03/10/2019,RIC,VA,AEA,EN,Towers with Radar,118,58,11,0,187,0,0,0,2,2,118,58,11,2,189,0,0,0,189
03/11/2019,RIC,VA,AEA,EN,Towers with Radar,124,65,39,4,232,0,1,22,1,24,124,66,61,5,256,39,0,39,295
03/12/2019,RIC,VA,AEA,EN,Towers with Radar,136,64,40,2,242,0,1,30,2,33,136,65,70,4,275,23,0,23,298
03/13/2019,RIC,VA,AEA,EN,Towers with Radar,137,62,58,1,258,0,1,52,13,66,137,63,110,14,324,38,2,40,364
03/14/2019,RIC,VA,AEA,EN,Towers with Radar,129,53,37,14,233,0,3,24,6,33,129,56,61,20,266,20,6,26,292
03/15/2019,RIC,VA,AEA,EN,Towers with Radar,145,63,20,0,228,0,0,4,1,5,145,63,24,1,233,14,0,14,247
03/16/2019,RIC,VA,AEA,EN,Towers with Radar,104,53,27,0,184,0,0,27,0,27,104,53,54,0,211,8,0,8,219
03/17/2019,RIC,VA,AEA,EN,Towers with Radar,115,64,38,0,217,0,1,16,0,17,115,65,54,0,234,0,0,0,234
03/18/2019,RIC,VA,AEA,EN,Towers with Radar,123,72,37,4,236,0,3,24,2,29,123,75,61,6,265,24,0,24,289
03/19/2019,RIC,VA,AEA,EN,Towers with Radar,137,64,35,14,250,0,0,35,5,40,137,64,70,19,290,0,0,0,290
03/20/2019,RIC,VA,AEA,EN,Towers with Radar,133,59,53,5,250,0,0,37,22,59,133,59,90,27,309,4,0,4,313
03/21/2019,RIC,VA,AEA,EN,Towers with Radar,141,68,37,12,258,0,0,0,4,4,141,68,37,16,262,0,30,30,292
03/22/2019,RIC,VA,AEA,EN,Towers with Radar,134,73,30,9,246,0,2,20,3,25,134,75,50,12,271,2,0,2,273
03/23/2019,RIC,VA,AEA,EN,Towers with Radar,93,49,18,2,162,0,0,12,0,12,93,49,30,2,174,20,0,20,194
03/24/2019,RIC,VA,AEA,EN,Towers with Radar,114,65,36,0,215,0,1,28,0,29,114,66,64,0,244,0,4,4,248
03/25/2019,RIC,VA,AEA,EN,Towers with Radar,120,65,26,0,211,0,0,22,1,23,120,65,48,1,234,0,0,0,234
03/26/2019,RIC,VA,AEA,EN,Towers with Radar,161,76,51,2,290,0,2,21,10,33,161,78,72,12,323,2,24,26,349
03/27/2019,RIC,VA,AEA,EN,Towers with Radar,133,72,37,5,247,0,2,34,1,37,133,74,71,6,284,0,0,0,284
03/28/2019,RIC,VA,AEA,EN,Towers with Radar,133,59,47,5,244,0,1,52,5,58,133,60,99,10,302,72,2,74,376
03/29/2019,RIC,VA,AEA,EN,Towers with Radar,134,69,40,0,243,0,4,45,1,50,134,73,85,1,293,110,0,110,403
03/30/2019,RIC,VA,AEA,EN,Towers with Radar,90,47,21,0,158,0,1,20,1,22,90,48,41,1,180,0,0,0,180
03/31/2019,RIC,VA,AEA,EN,Towers with Radar,121,61,32,0,214,0,0,9,0,9,121,61,41,0,223,0,0,0,223
04/01/2019,RIC,VA,AEA,EN,Towers with Radar,117,67,53,2,239,0,0,30,0,30,117,67,83,2,269,58,0,58,327
04/02/2019,RIC,VA,AEA,EN,Towers with Radar,141,74,25,0,240,0,0,21,12,33,141,74,46,12,273,60,20,80,353
04/03/2019,RIC,VA,AEA,EN,Towers with Radar,133,61,52,4,250,0,0,35,6,41,133,61,87,10,291,80,0,80,371
04/04/2019,RIC,VA,AEA,EN,Towers with Radar,138,72,48,11,269,0,2,36,18,56,138,74,84,29,325,52,0,52,377
04/05/2019,RIC,VA,AEA,EN,Towers with Radar,135,77,37,3,252,0,0,3,0,3,135,77,40,3,255,0,0,0,255
04/06/2019,RIC,VA,AEA,EN,Towers with Radar,94,54,20,6,174,0,0,18,6,24,94,54,38,12,198,38,1,39,237
04/07/2019,RIC,VA,AEA,EN,Towers with Radar,121,59,37,0,217,0,1,23,9,33,121,60,60,9,250,60,4,64,314
04/08/2019,RIC,VA,AEA,EN,Towers with Radar,129,71,36,0,236,0,0,19,0,19,129,71,55,0,255,28,0,28,283
04/09/2019,RIC,VA,AEA,EN,Towers with Radar,147,75,56,20,298,0,1,33,7,41,147,76,89,27,339,20,7,27,366
04/10/2019,RIC,VA,AEA,EN,Towers with Radar,130,74,55,11,270,0,1,39,13,53,130,75,94,24,323,68,4,72,395
04/11/2019,RIC,VA,AEA,EN,Towers with Radar,136,75,88,0,299,0,4,35,12,51,136,79,123,12,350,26,4,30,380
04/12/2019,RIC,VA,AEA,EN,Towers with Radar,133,84,70,9,296,0,1,26,6,33,133,85,96,15,329,4,0,4,333
04/13/2019,RIC,VA,AEA,EN,Towers with Radar,91,61,51,0,203,0,0,23,0,23,91,61,74,0,226,0,0,0,226
04/14/2019,RIC,VA,AEA,EN,Towers with Radar,111,63,53,0,227,0,1,1,0,2,111,64,54,0,229,0,0,0,229
04/15/2019,RIC,VA,AEA,EN,Towers with Radar,128,74,38,0,240,0,1,11,0,12,128,75,49,0,252,0,0,0,252
04/16/2019,RIC,VA,AEA,EN,Towers with Radar,144,74,51,7,276,0,0,62,15,77,144,74,113,22,353,84,0,84,437
04/17/2019,RIC,VA,AEA,EN,Towers with Radar,135,69,71,9,284,0,1,44,13,58,135,70,115,22,342,134,0,134,476
04/18/2019,RIC,VA,AEA,EN,Towers with Radar,138,83,50,6,277,0,0,29,8,37,138,83,79,14,314,34,8,42,356
04/19/2019,RIC,VA,AEA,EN,Towers with Radar,127,66,13,0,206,0,0,2,0,2,127,66,15,0,208,0,0,0,208
04/20/2019,RIC,VA,AEA,EN,Towers with Radar,85,49,16,0,150,0,2,12,0,14,85,51,28,0,164,0,0,0,164
04/21/2019,RIC,VA,AEA,EN,Towers with Radar,115,62,18,0,195,0,0,14,0,14,115,62,32,0,209,0,0,0,209
04/22/2019,RIC,VA,AEA,EN,Towers with Radar,129,80,48,18,275,0,2,34,0,36,129,82,82,18,311,24,18,42,353
04/23/2019,RIC,VA,AEA,EN,Towers with Radar,138,70,33,18,259,0,2,52,13,67,138,72,85,31,326,42,14,56,382
04/24/2019,RIC,VA,AEA,EN,Towers with Radar,147,90,51,10,298,0,0,35,11,46,147,90,86,21,344,14,12,26,370
04/25/2019,RIC,VA,AEA,EN,Towers with Radar,140,74,49,2,265,0,10,26,25,61,140,84,75,27,326,58,18,76,402
04/26/2019,RIC,VA,AEA,EN,Towers with Radar,142,54,39,2,237,0,0,13,4,17,142,54,52,6,254,42,0,42,296
04/27/2019,RIC,VA,AEA,EN,Towers with Radar,94,48,18,3,163,0,2,19,0,21,94,50,37,3,184,20,0,20,204
04/28/2019,RIC,VA,AEA,EN,Towers with Radar,117,63,31,10,221,0,0,36,0,36,117,63,67,10,257,18,0,18,275
04/29/2019,RIC,VA,AEA,EN,Towers with Radar,129,62,54,1,246,0,0,27,4,31,129,62,81,5,277,34,0,34,311
04/30/2019,RIC,VA,AEA,EN,Towers with Radar,138,62,47,25,272,0,2,41,10,53,138,64,88,35,325,62,24,86,411
05/01/2019,RIC,VA,AEA,EN,Towers with Radar,134,71,52,3,260,0,0,22,6,28,134,71,74,9,288,10,6,16,304
05/02/2019,RIC,VA,AEA,EN,Towers with Radar,145,76,53,0,274,0,1,34,8,43,145,77,87,8,317,100,0,100,417
05/03/2019,RIC,VA,AEA,EN,Towers with Radar,130,69,34,10,243,1,2,30,5,38,131,71,64,15,281,96,6,102,383
05/04/2019,RIC,VA,AEA,EN,Towers with Radar,96,57,20,2,175,0,2,10,7,19,96,59,30,9,194,0,2,2,196
05/05/2019,RIC,VA,AEA,EN,Towers with Radar,126,67,22,0,215,0,0,0,0,0,126,67,22,0,215,0,0,0,215
05/06/2019,RIC,VA,AEA,EN,Towers with Radar,130,73,53,18,274,0,0,27,3,30,130,73,80,21,304,28,0,28,332
05/07/2019,RIC,VA,AEA,EN,Towers with Radar,132,81,53,14,280,0,1,38,11,50,132,82,91,25,330,20,0,20,350
05/08/2019,RIC,VA,AEA,EN,Towers with Radar,132,66,44,3,245,0,0,17,4,21,132,66,61,7,266,10,0,10,276
05/09/2019,RIC,VA,AEA,EN,Towers with Radar,145,84,53,6,288,0,5,56,8,69,145,89,109,14,357,12,18,30,387
05/10/2019,RIC,VA,AEA,EN,Towers with Radar,148,77,45,4,274,0,1,29,0,30,148,78,74,4,304,4,0,4,308
05/11/2019,RIC,VA,AEA,EN,Towers with Radar,91,57,14,0,162,0,1,10,0,11,91,58,24,0,173,18,0,18,191
05/12/2019,RIC,VA,AEA,EN,Towers with Radar,120,69,22,1,212,0,1,1,0,2,120,70,23,1,214,0,0,0,214
05/13/2019,RIC,VA,AEA,EN,Towers with Radar,129,76,61,14,280,0,0,6,0,6,129,76,67,14,286,24,0,24,310
05/14/2019,RIC,VA,AEA,EN,Towers with Radar,134,69,62,1,266,0,2,25,4,31,134,71,87,5,297,44,0,44,341
05/15/2019,RIC,VA,AEA,EN,Towers with Radar,132,76,69,2,279,0,0,37,4,41,132,76,106,6,320,86,2,88,408
05/16/2019,RIC,VA,AEA,EN,Towers with Radar,137,69,52,17,275,0,0,43,38,81,137,69,95,55,356,41,0,41,397
05/17/2019,RIC,VA,AEA,EN,Towers with Radar,135,75,33,3,246,0,4,33,8,45,135,79,66,11,291,38,0,38,329
05/18/2019,RIC,VA,AEA,EN,Towers with Radar,101,55,20,1,177,0,0,28,0,28,101,55,48,1,205,20,0,20,225
05/19/2019,RIC,VA,AEA,EN,Towers with Radar,123,60,28,2,213,0,2,22,1,25,123,62,50,3,238,2,0,2,240
05/20/2019,RIC,VA,AEA,EN,Towers with Radar,129,68,33,5,235,0,0,41,1,42,129,68,74,6,277,0,0,0,277
05/21/2019,RIC,VA,AEA,EN,Towers with Radar,134,71,72,2,279,0,0,23,3,26,134,71,95,5,305,16,7,23,328
05/22/2019,RIC,VA,AEA,EN,Towers with Radar,132,77,64,10,283,0,3,31,9,43,132,80,95,19,326,36,24,60,386
05/23/2019,RIC,VA,AEA,EN,Towers with Radar,147,74,64,3,288,0,0,28,17,45,147,74,92,20,333,14,0,14,347
05/24/2019,RIC,VA,AEA,EN,Towers with Radar,134,73,59,0,266,0,0,41,6,47,134,73,100,6,313,16,0,16,329
05/25/2019,RIC,VA,AEA,EN,Towers with Radar,93,54,30,0,177,0,0,24,0,24,93,54,54,0,201,0,0,0,201
05/26/2019,RIC,VA,AEA,EN,Towers with Radar,96,41,23,0,160,0,2,3,2,7,96,43,26,2,167,0,0,0,167
05/27/2019,RIC,VA,AEA,EN,Towers with Radar,108,57,28,0,193,0,0,21,1,22,108,57,49,1,215,0,0,0,215
05/28/2019,RIC,VA,AEA,EN,Towers with Radar,128,67,46,17,258,0,0,29,4,33,128,67,75,21,291,34,21,55,346
05/29/2019,RIC,VA,AEA,EN,Towers with Radar,127,69,53,1,250,0,1,19,7,27,127,70,72,8,277,7,0,7,284
05/30/2019,RIC,VA,AEA,EN,Towers with Radar,164,60,54,22,300,0,0,20,19,39,164,60,74,41,339,26,2,28,367
05/31/2019,RIC,VA,AEA,EN,Towers with Radar,131,67,34,0,232,0,5,31,0,36,131,72,65,0,268,84,26,110,378
06/01/2019,RIC,VA,AEA,EN,Towers with Radar,99,58,26,0,183,0,0,18,4,22,99,58,44,4,205,14,0,14,219
06/02/2019,RIC,VA,AEA,EN,Towers with Radar,115,57,34,5,211,0,1,19,1,21,115,58,53,6,232,8,0,8,240
06/03/2019,RIC,VA,AEA,EN,Towers with Radar,134,64,34,4,236,0,0,35,1,36,134,64,69,5,272,12,0,12,284
06/04/2019,RIC,VA,AEA,EN,Towers with Radar,135,72,54,6,267,0,2,35,8,45,135,74,89,14,312,48,0,48,360
06/05/2019,RIC,VA,AEA,EN,Towers with Radar,136,69,31,4,240,0,0,17,2,19,136,69,48,6,259,66,8,74,333
06/06/2019,RIC,VA,AEA,EN,Towers with Radar,145,75,59,0,279,0,0,31,22,53,145,75,90,22,332,52,0,52,384
06/07/2019,RIC,VA,AEA,EN,Towers with Radar,138,61,42,0,241,0,0,7,0,7,138,61,49,0,248,0,0,0,248
06/08/2019,RIC,VA,AEA,EN,Towers with Radar,105,44,14,0,163,0,6,5,52,63,105,50,19,52,226,46,34,80,306
06/09/2019,RIC,VA,AEA,EN,Towers with Radar,126,59,24,0,209,0,0,0,0,0,126,59,24,0,209,0,0,0,209
06/10/2019,RIC,VA,AEA,EN,Towers with Radar,133,46,32,7,218,0,0,2,0,2,133,46,34,7,220,0,0,0,220
06/11/2019,RIC,VA,AEA,EN,Towers with Radar,140,74,44,5,263,0,2,27,7,36,140,76,71,12,299,4,10,14,313
06/12/2019,RIC,VA,AEA,EN,Towers with Radar,132,70,51,36,289,0,7,40,9,56,132,77,91,45,345,46,4,50,395
06/13/2019,RIC,VA,AEA,EN,Towers with Radar,136,67,61,10,274,0,0,13,14,27,136,67,74,24,301,44,0,44,345
06/14/2019,RIC,VA,AEA,EN,Towers with Radar,137,75,56,2,270,0,0,37,10,47,137,75,93,12,317,32,8,40,357
06/15/2019,RIC,VA,AEA,EN,Towers with Radar,101,52,32,2,187,0,1,23,3,27,101,53,55,5,214,46,0,46,260
06/16/2019,RIC,VA,AEA,EN,Towers with Radar,117,67,26,0,210,0,1,17,0,18,117,68,43,0,228,36,0,36,264
06/17/2019,RIC,VA,AEA,EN,Towers with Radar,134,61,44,16,255,0,4,30,0,34,134,65,74,16,289,58,6,64,353
06/18/2019,RIC,VA,AEA,EN,Towers with Radar,136,61,30,12,239,0,0,15,4,19,136,61,45,16,258,56,12,68,326
06/19/2019,RIC,VA,AEA,EN,Towers with Radar,146,62,38,4,250,0,1,20,15,36,146,63,58,19,286,33,2,35,321
06/20/2019,RIC,VA,AEA,EN,Towers with Radar,137,72,56,0,265,0,0,28,16,44,137,72,84,16,309,0,14,14,323
06/21/2019,RIC,VA,AEA,EN,Towers with Radar,132,65,44,0,241,0,2,15,1,18,132,67,59,1,259,0,0,0,259
06/22/2019,RIC,VA,AEA,EN,Towers with Radar,94,49,24,5,172,0,1,28,2,31,94,50,52,7,203,30,0,30,233
06/23/2019,RIC,VA,AEA,EN,Towers with Radar,120,57,21,0,198,0,1,20,8,29,120,58,41,8,227,46,10,56,283
06/24/2019,RIC,VA,AEA,EN,Towers with Radar,125,64,43,0,232,0,1,23,0,24,125,65,66,0,256,7,0,7,263
06/25/2019,RIC,VA,AEA,EN,Towers with Radar,134,70,55,1,260,0,2,37,8,47,134,72,92,9,307,20,8,28,335
06/26/2019,RIC,VA,AEA,EN,Towers with Radar,141,71,61,4,277,0,2,27,19,48,141,73,88,23,325,8,41,49,374
06/27/2019,RIC,VA,AEA,EN,Towers with Radar,139,69,52,14,274,0,3,36,17,56,139,72,88,31,330,6,2,8,338
06/28/2019,RIC,VA,AEA,EN,Towers with Radar,130,62,39,1,232,0,2,33,0,35,130,64,72,1,267,16,2,18,285
06/29/2019,RIC,VA,AEA,EN,Towers with Radar,121,49,22,1,193,0,2,27,3,32,121,51,49,4,225,0,0,0,225
06/30/2019,RIC,VA,AEA,EN,Towers with Radar,114,57,21,1,193,0,5,14,0,19,114,62,35,1,212,0,0,0,212
07/01/2019,RIC,VA,AEA,EN,Towers with Radar,112,65,21,4,202,0,0,28,1,29,112,65,49,5,231,54,0,54,285
07/02/2019,RIC,VA,AEA,EN,Towers with Radar,110,60,40,15,225,0,0,29,8,37,110,60,69,23,262,18,4,22,284
07/03/2019,RIC,VA,AEA,EN,Towers with Radar,117,66,25,3,211,0,1,30,4,35,117,67,55,7,246,84,2,86,332
07/04/2019,RIC,VA,AEA,EN,Towers with Radar,89,42,7,0,138,0,0,14,0,14,89,42,21,0,152,0,0,0,152
07/05/2019,RIC,VA,AEA,EN,Towers with Radar,98,43,12,0,153,0,1,9,0,10,98,44,21,0,163,62,0,62,225
07/06/2019,RIC,VA,AEA,EN,Towers with Radar,90,39,17,0,146,0,0,20,0,20,90,39,37,0,166,46,0,46,212
07/07/2019,RIC,VA,AEA,EN,Towers with Radar,120,54,23,0,197,0,6,6,0,12,120,60,29,0,209,0,0,0,209
07/08/2019,RIC,VA,AEA,EN,Towers with Radar,123,65,51,4,243,0,0,6,0,6,123,65,57,4,249,4,0,4,253
07/09/2019,RIC,VA,AEA,EN,Towers with Radar,138,67,57,16,278,0,3,38,11,52,138,70,95,27,330,20,14,34,364
07/10/2019,RIC,VA,AEA,EN,Towers with Radar,130,62,61,0,253,0,0,29,13,42,130,62,90,13,295,32,5,37,332
07/11/2019,RIC,VA,AEA,EN,Towers with Radar,134,53,49,4,240,0,0,33,6,39,134,53,82,10,279,44,0,44,323
07/12/2019,RIC,VA,AEA,EN,Towers with Radar,132,80,41,4,257,0,0,20,6,26,132,80,61,10,283,24,0,24,307
07/13/2019,RIC,VA,AEA,EN,Towers with Radar,99,60,35,2,196,0,0,18,7,25,99,60,53,9,221,20,0,20,241
07/14/2019,RIC,VA,AEA,EN,Towers with Radar,120,66,32,1,219,0,3,18,3,24,120,69,50,4,243,0,0,0,243
07/15/2019,RIC,VA,AEA,EN,Towers with Radar,124,90,54,0,268,0,1,40,4,45,124,91,94,4,313,0,2,2,315
07/16/2019,RIC,VA,AEA,EN,Towers with Radar,137,66,59,11,273,0,2,27,2,31,137,68,86,13,304,0,0,0,304
07/17/2019,RIC,VA,AEA,EN,Towers with Radar,137,74,42,23,276,1,4,27,15,47,138,78,69,38,323,20,3,23,346
07/18/2019,RIC,VA,AEA,EN,Towers with Radar,136,62,62,0,260,0,2,34,14,50,136,64,96,14,310,30,0,30,340
07/19/2019,RIC,VA,AEA,EN,Towers with Radar,132,69,37,6,244,0,4,33,7,44,132,73,70,13,288,32,0,32,320
07/20/2019,RIC,VA,AEA,EN,Towers with Radar,97,56,28,3,184,0,6,9,4,19,97,62,37,7,203,6,0,6,209
07/21/2019,RIC,VA,AEA,EN,Towers with Radar,115,58,18,0,191,0,2,9,3,14,115,60,27,3,205,0,0,0,205
07/22/2019,RIC,VA,AEA,EN,Towers with Radar,132,57,44,3,236,0,1,26,8,35,132,58,70,11,271,18,2,20,291
07/23/2019,RIC,VA,AEA,EN,Towers with Radar,136,70,28,2,236,0,2,5,0,7,136,72,33,2,243,32,0,32,275
07/24/2019,RIC,VA,AEA,EN,Towers with Radar,134,85,40,4,263,0,2,43,8,53,134,87,83,12,316,74,8,82,398
07/25/2019,RIC,VA,AEA,EN,Towers with Radar,143,77,60,3,283,0,3,44,17,64,143,80,104,20,347,58,12,70,417
07/26/2019,RIC,VA,AEA,EN,Towers with Radar,126,71,49,8,254,0,3,51,9,63,126,74,100,17,317,32,6,38,355
07/27/2019,RIC,VA,AEA,EN,Towers with Radar,100,60,26,4,190,0,4,35,14,53,100,64,61,18,243,28,2,30,273
07/28/2019,RIC,VA,AEA,EN,Towers with Radar,126,64,33,7,230,0,5,11,10,26,126,69,44,17,256,6,50,56,312
07/29/2019,RIC,VA,AEA,EN,Towers with Radar,122,59,35,0,216,0,2,43,6,51,122,61,78,6,267,20,0,20,287
07/30/2019,RIC,VA,AEA,EN,Towers with Radar,134,67,58,1,260,0,8,41,8,57,134,75,99,9,317,62,25,87,404
07/31/2019,RIC,VA,AEA,EN,Towers with Radar,146,54,41,4,245,0,2,38,7,47,146,56,79,11,292,112,6,118,410
08/01/2019,RIC,VA,AEA,EN,Towers with Radar,134,69,65,4,272,0,7,31,3,41,134,76,96,7,313,64,0,64,377
08/02/2019,RIC,VA,AEA,EN,Towers with Radar,138,65,35,0,238,0,4,30,5,39,138,69,65,5,277,16,28,44,321
08/03/2019,RIC,VA,AEA,EN,Towers with Radar,97,55,26,0,178,0,2,15,5,22,97,57,41,5,200,60,0,60,260
08/04/2019,RIC,VA,AEA,EN,Towers with Radar,128,63,22,0,213,0,2,14,0,16,128,65,36,0,229,4,0,4,233
08/05/2019,RIC,VA,AEA,EN,Towers with Radar,130,64,37,2,233,0,0,36,1,37,130,64,73,3,270,134,6,140,410
08/06/2019,RIC,VA,AEA,EN,Towers with Radar,136,62,54,2,254,0,3,34,0,37,136,65,88,2,291,62,0,62,353
08/07/2019,RIC,VA,AEA,EN,Towers with Radar,130,60,41,0,231,1,1,26,0,28,131,61,67,0,259,22,0,22,281
08/08/2019,RIC,VA,AEA,EN,Towers with Radar,148,71,71,8,298,0,1,22,6,29,148,72,93,14,327,50,4,54,381
08/09/2019,RIC,VA,AEA,EN,Towers with Radar,130,69,46,10,255,0,7,36,1,44,130,76,82,11,299,60,1,61,360
08/10/2019,RIC,VA,AEA,EN,Towers with Radar,104,58,19,0,181,0,3,29,1,33,104,61,48,1,214,0,0,0,214
08/11/2019,RIC,VA,AEA,EN,Towers with Radar,130,69,24,0,223,0,4,21,4,29,130,73,45,4,252,40,0,40,292
08/12/2019,RIC,VA,AEA,EN,Towers with Radar,129,79,39,0,247,0,4,51,0,55,129,83,90,0,302,60,0,60,362
08/13/2019,RIC,VA,AEA,EN,Towers with Radar,135,57,36,9,237,0,2,21,8,31,135,59,57,17,268,58,0,58,326
08/14/2019,RIC,VA,AEA,EN,Towers with Radar,138,74,55,5,272,0,0,27,5,32,138,74,82,10,304,96,2,98,402
08/15/2019,RIC,VA,AEA,EN,Towers with Radar,134,70,41,0,245,0,0,13,4,17,134,70,54,4,262,51,16,67,329
08/16/2019,RIC,VA,AEA,EN,Towers with Radar,141,60,31,0,232,1,7,25,1,34,142,67,56,1,266,26,0,26,292
08/17/2019,RIC,VA,AEA,EN,Towers with Radar,108,53,13,1,175,0,3,22,0,25,108,56,35,1,200,12,0,12,212
08/18/2019,RIC,VA,AEA,EN,Towers with Radar,116,53,28,0,197,0,3,7,0,10,116,56,35,0,207,0,0,0,207
08/19/2019,RIC,VA,AEA,EN,Towers with Radar,127,54,36,12,229,0,7,25,5,37,127,61,61,17,266,6,1,7,273
08/20/2019,RIC,VA,AEA,EN,Towers with Radar,147,68,36,13,264,0,4,24,8,36,147,72,60,21,300,26,16,42,342
08/21/2019,RIC,VA,AEA,EN,Towers with Radar,129,72,44,4,249,0,3,29,7,39,129,75,73,11,288,34,8,42,330
08/22/2019,RIC,VA,AEA,EN,Towers with Radar,133,72,43,4,252,0,0,37,11,48,133,72,80,15,300,16,0,16,316
08/23/2019,RIC,VA,AEA,EN,Towers with Radar,139,77,29,9,254,0,2,6,0,8,139,79,35,9,262,0,0,0,262
08/24/2019,RIC,VA,AEA,EN,Towers with Radar,103,54,19,0,176,0,5,14,0,19,103,59,33,0,195,46,0,46,241
08/25/2019,RIC,VA,AEA,EN,Towers with Radar,120,65,26,1,212,0,2,14,1,17,120,67,40,2,229,0,0,0,229
08/26/2019,RIC,VA,AEA,EN,Towers with Radar,127,66,37,0,230,0,2,10,4,16,127,68,47,4,246,36,0,36,282
08/27/2019,RIC,VA,AEA,EN,Towers with Radar,130,71,43,16,260,0,3,24,9,36,130,74,67,25,296,38,28,66,362
08/28/2019,RIC,VA,AEA,EN,Towers with Radar,143,65,41,15,264,0,1,22,14,37,143,66,63,29,301,6,18,24,325
08/29/2019,RIC,VA,AEA,EN,Towers with Radar,138,72,38,1,249,0,0,29,19,48,138,72,67,20,297,20,0,20,317
08/30/2019,RIC,VA,AEA,EN,Towers with Radar,132,74,51,0,257,0,4,37,2,43,132,78,88,2,300,14,1,15,315
08/31/2019,RIC,VA,AEA,EN,Towers with Radar,86,43,33,0,162,0,3,23,0,26,86,46,56,0,188,0,0,0,188
09/01/2019,RIC,VA,AEA,EN,Towers with Radar,88,33,21,0,142,0,2,10,1,13,88,35,31,1,155,0,0,0,155
09/02/2019,RIC,VA,AEA,EN,Towers with Radar,106,47,35,4,192,0,3,23,1,27,106,50,58,5,219,0,0,0,219
09/03/2019,RIC,VA,AEA,EN,Towers with Radar,112,63,29,0,204,0,3,33,7,43,112,66,62,7,247,0,0,0,247
09/04/2019,RIC,VA,AEA,EN,Towers with Radar,122,68,44,0,234,0,4,44,7,55,122,72,88,7,289,24,0,24,313
09/05/2019,RIC,VA,AEA,EN,Towers with Radar,133,68,26,0,227,0,5,12,9,26,133,73,38,9,253,4,2,6,259
09/06/2019,RIC,VA,AEA,EN,Towers with Radar,127,70,17,0,214,0,1,12,0,13,127,71,29,0,227,0,0,0,227
09/07/2019,RIC,VA,AEA,EN,Towers with Radar,97,40,19,2,158,0,3,33,36,72,97,43,52,38,230,18,0,18,248
09/08/2019,RIC,VA,AEA,EN,Towers with Radar,121,66,18,6,211,0,4,10,0,14,121,70,28,6,225,12,0,12,237
09/09/2019,RIC,VA,AEA,EN,Towers with Radar,135,68,36,3,242,0,1,20,0,21,135,69,56,3,263,0,0,0,263
09/10/2019,RIC,VA,AEA,EN,Towers with Radar,139,59,51,6,255,0,2,42,10,54,139,61,93,16,309,22,0,22,331
09/11/2019,RIC,VA,AEA,EN,Towers with Radar,144,58,41,12,255,0,2,26,7,35,144,60,67,19,290,43,6,49,339
09/12/2019,RIC,VA,AEA,EN,Towers with Radar,144,63,37,13,257,0,3,29,14,46,144,66,66,27,303,0,18,18,321
09/13/2019,RIC,VA,AEA,EN,Towers with Radar,142,64,44,6,256,0,5,10,1,16,142,69,54,7,272,36,0,36,308
09/14/2019,RIC,VA,AEA,EN,Towers with Radar,105,35,29,0,169,0,5,25,6,36,105,40,54,6,205,42,0,42,247
09/15/2019,RIC,VA,AEA,EN,Towers with Radar,123,47,30,1,201,0,5,10,0,15,123,52,40,1,216,6,0,6,222
09/16/2019,RIC,VA,AEA,EN,Towers with Radar,131,62,44,8,245,0,2,53,0,55,131,64,97,8,300,2,8,10,310
09/17/2019,RIC,VA,AEA,EN,Towers with Radar,140,60,70,2,272,0,8,15,8,31,140,68,85,10,303,94,10,104,407
09/18/2019,RIC,VA,AEA,EN,Towers with Radar,134,64,48,7,253,0,4,62,19,85,134,68,110,26,338,57,0,57,395
09/19/2019,RIC,VA,AEA,EN,Towers with Radar,137,69,78,11,295,0,2,64,21,87,137,71,142,32,382,32,0,32,414
09/20/2019,RIC,VA,AEA,EN,Towers with Radar,144,76,81,1,302,0,3,54,2,59,144,79,135,3,361,14,0,14,375
09/21/2019,RIC,VA,AEA,EN,Towers with Radar,97,40,57,0,194,0,5,29,7,41,97,45,86,7,235,0,0,0,235
09/22/2019,RIC,VA,AEA,EN,Towers with Radar,124,50,63,0,237,0,0,23,0,23,124,50,86,0,260,54,0,54,314
09/23/2019,RIC,VA,AEA,EN,Towers with Radar,134,60,43,3,240,0,3,47,2,52,134,63,90,5,292,2,0,2,294
09/24/2019,RIC,VA,AEA,EN,Towers with Radar,141,66,37,0,244,0,2,39,4,45,141,68,76,4,289,16,0,16,305
09/25/2019,RIC,VA,AEA,EN,Towers with Radar,135,58,56,2,251,0,6,43,5,54,135,64,99,7,305,50,2,52,357
09/26/2019,RIC,VA,AEA,EN,Towers with Radar,140,60,63,7,270,0,7,37,16,60,140,67,100,23,330,44,16,60,390
09/27/2019,RIC,VA,AEA,EN,Towers with Radar,139,59,50,2,250,0,3,51,2,56,139,62,101,4,306,30,0,30,336
09/28/2019,RIC,VA,AEA,EN,Towers with Radar,94,41,25,0,160,0,4,9,0,13,94,45,34,0,173,0,0,0,173
09/29/2019,RIC,VA,AEA,EN,Towers with Radar,124,47,28,0,199,0,0,13,0,13,124,47,41,0,212,0,0,0,212
09/30/2019,RIC,VA,AEA,EN,Towers with Radar,133,69,28,4,234,0,1,10,1,12,133,70,38,5,246,64,0,64,310
10/01/2019,RIC,VA,AEA,EN,Towers with Radar,145,55,51,3,254,0,6,33,4,43,145,61,84,7,297,80,0,80,377
10/02/2019,RIC,VA,AEA,EN,Towers with Radar,137,54,55,4,250,0,6,43,15,64,137,60,98,19,314,22,0,22,336
10/03/2019,RIC,VA,AEA,EN,Towers with Radar,144,60,35,3,242,0,0,33,15,48,144,60,68,18,290,14,6,20,310
10/04/2019,RIC,VA,AEA,EN,Towers with Radar,143,80,47,2,272,0,2,15,0,17,143,82,62,2,289,48,0,48,337
10/05/2019,RIC,VA,AEA,EN,Towers with Radar,97,58,28,0,183,0,0,34,0,34,97,58,62,0,217,74,0,74,291
10/06/2019,RIC,VA,AEA,EN,Towers with Radar,117,70,21,2,210,0,4,19,0,23,117,74,40,2,233,24,0,24,257
10/07/2019,RIC,VA,AEA,EN,Towers with Radar,128,61,35,7,231,0,1,18,1,20,128,62,53,8,251,88,0,88,339
10/08/2019,RIC,VA,AEA,EN,Towers with Radar,136,63,53,6,258,0,0,0,6,6,136,63,53,12,264,0,0,0,264
10/09/2019,RIC,VA,AEA,EN,Towers with Radar,132,61,50,3,246,0,2,13,9,24,132,63,63,12,270,106,0,106,376
10/10/2019,RIC,VA,AEA,EN,Towers with Radar,137,78,49,4,268,0,2,39,15,56,137,80,88,19,324,76,16,92,416
10/11/2019,RIC,VA,AEA,EN,Towers with Radar,138,68,32,3,241,0,2,39,0,41,138,70,71,3,282,0,0,0,282
10/12/2019,RIC,VA,AEA,EN,Towers with Radar,98,47,15,0,160,0,9,23,1,33,98,56,38,1,193,52,0,52,245
10/13/2019,RIC,VA,AEA,EN,Towers with Radar,123,53,15,10,201,0,1,5,0,6,123,54,20,10,207,14,0,14,221
10/14/2019,RIC,VA,AEA,EN,Towers with Radar,130,68,37,1,236,0,0,17,0,17,130,68,54,1,253,0,0,0,253
10/15/2019,RIC,VA,AEA,EN,Towers with Radar,134,68,48,8,258,0,1,42,7,50,134,69,90,15,308,8,25,33,341
10/16/2019,RIC,VA,AEA,EN,Towers with Radar,135,82,32,12,261,0,1,1,6,8,135,83,33,18,269,0,0,0,269
10/17/2019,RIC,VA,AEA,EN,Towers with Radar,138,81,47,7,273,0,5,20,11,36,138,86,67,18,309,12,16,28,337
10/18/2019,RIC,VA,AEA,EN,Towers with Radar,145,73,58,10,286,0,0,48,9,57,145,73,106,19,343,14,1,15,358
10/19/2019,RIC,VA,AEA,EN,Towers with Radar,94,48,16,0,158,0,7,28,5,40,94,55,44,5,198,26,0,26,224
10/20/2019,RIC,VA,AEA,EN,Towers with Radar,122,61,34,0,217,0,0,3,1,4,122,61,37,1,221,0,0,0,221
10/21/2019,RIC,VA,AEA,EN,Towers with Radar,130,76,70,4,280,0,0,3,0,3,130,76,73,4,283,34,0,34,317
10/22/2019,RIC,VA,AEA,EN,Towers with Radar,145,64,49,18,276,0,0,2,0,2,145,64,51,18,278,0,0,0,278
10/23/2019,RIC,VA,AEA,EN,Towers with Radar,136,79,53,3,271,0,4,57,32,93,136,83,110,35,364,57,4,61,425
10/24/2019,RIC,VA,AEA,EN,Towers with Radar,139,60,40,10,249,0,1,54,17,72,139,61,94,27,321,42,6,48,369
10/25/2019,RIC,VA,AEA,EN,Towers with Radar,149,73,37,4,263,0,3,33,1,37,149,76,70,5,300,54,0,54,354
10/26/2019,RIC,VA,AEA,EN,Towers with Radar,95,39,12,4,150,0,3,18,0,21,95,42,30,4,171,66,0,66,237
10/27/2019,RIC,VA,AEA,EN,Towers with Radar,122,54,33,0,209,0,1,6,0,7,122,55,39,0,216,0,0,0,216
10/28/2019,RIC,VA,AEA,EN,Towers with Radar,134,60,45,2,241,0,1,31,6,38,134,61,76,8,279,52,0,52,331
10/29/2019,RIC,VA,AEA,EN,Towers with Radar,137,75,59,7,278,0,0,17,17,34,137,75,76,24,312,150,14,164,476
10/30/2019,RIC,VA,AEA,EN,Towers with Radar,137,64,34,9,244,0,0,22,5,27,137,64,56,14,271,54,20,74,345
10/31/2019,RIC,VA,AEA,EN,Towers with Radar,123,55,18,3,199,0,0,1,5,6,123,55,19,8,205,0,0,0,205
11/01/2019,RIC,VA,AEA,EN,Towers with Radar,140,68,36,12,256,0,6,50,4,60,140,74,86,16,316,18,0,18,334
11/02/2019,RIC,VA,AEA,EN,Towers with Radar,103,49,16,0,168,0,4,25,0,29,103,53,41,0,197,36,0,36,233
11/03/2019,RIC,VA,AEA,EN,Towers with Radar,120,63,25,0,208,0,5,15,0,20,120,68,40,0,228,10,0,10,238
11/04/2019,RIC,VA,AEA,EN,Towers with Radar,144,58,39,17,258,1,2,23,0,26,145,60,62,17,284,36,0,36,320
11/05/2019,RIC,VA,AEA,EN,Towers with Radar,146,57,43,2,248,0,7,41,7,55,146,64,84,9,303,6,0,6,309
11/06/2019,RIC,VA,AEA,EN,Towers with Radar,146,59,43,13,261,0,1,34,12,47,146,60,77,25,308,24,4,28,336
11/07/2019,RIC,VA,AEA,EN,Towers with Radar,147,64,43,1,255,0,0,23,12,35,147,64,66,13,290,19,12,31,321
11/08/2019,RIC,VA,AEA,EN,Towers with Radar,149,69,46,2,266,0,1,29,4,34,149,70,75,6,300,58,0,58,358
11/09/2019,RIC,VA,AEA,EN,Towers with Radar,105,40,13,0,158,0,1,22,2,25,105,41,35,2,183,34,0,34,217
11/10/2019,RIC,VA,AEA,EN,Towers with Radar,125,54,22,0,201,0,0,15,0,15,125,54,37,0,216,16,0,16,232
11/11/2019,RIC,VA,AEA,EN,Towers with Radar,133,49,34,0,216,0,7,19,4,30,133,56,53,4,246,68,0,68,314
11/12/2019,RIC,VA,AEA,EN,Towers with Radar,147,51,41,2,241,0,1,4,1,6,147,52,45,3,247,0,0,0,247
11/13/2019,RIC,VA,AEA,EN,Towers with Radar,146,66,49,0,261,0,1,29,12,42,146,67,78,12,303,12,2,14,317
11/14/2019,RIC,VA,AEA,EN,Towers with Radar,150,65,46,4,265,0,5,32,13,50,150,70,78,17,315,30,14,44,359
11/15/2019,RIC,VA,AEA,EN,Towers with Radar,150,63,43,0,256,0,0,25,3,28,150,63,68,3,284,32,0,32,316
11/16/2019,RIC,VA,AEA,EN,Towers with Radar,103,44,21,0,168,0,5,12,0,17,103,49,33,0,185,0,0,0,185
11/17/2019,RIC,VA,AEA,EN,Towers with Radar,125,56,29,0,210,0,5,7,0,12,125,61,36,0,222,22,0,22,244
11/18/2019,RIC,VA,AEA,EN,Towers with Radar,143,51,46,8,248,0,1,6,0,7,143,52,52,8,255,0,0,0,255
11/19/2019,RIC,VA,AEA,EN,Towers with Radar,154,71,40,5,270,0,5,20,7,32,154,76,60,12,302,40,0,40,342
11/20/2019,RIC,VA,AEA,EN,Towers with Radar,142,78,52,6,278,0,2,38,8,48,142,80,90,14,326,43,8,51,377
11/21/2019,RIC,VA,AEA,EN,Towers with Radar,150,83,40,2,275,0,4,40,6,50,150,87,80,8,325,22,1,23,348
11/22/2019,RIC,VA,AEA,EN,Towers with Radar,151,73,37,0,261,0,3,28,3,34,151,76,65,3,295,36,8,44,339
11/23/2019,RIC,VA,AEA,EN,Towers with Radar,110,58,28,0,196,0,0,18,4,22,110,58,46,4,218,6,0,6,224
11/24/2019,RIC,VA,AEA,EN,Towers with Radar,126,57,26,0,209,0,2,7,11,20,126,59,33,11,229,0,0,0,229
11/25/2019,RIC,VA,AEA,EN,Towers with Radar,130,63,40,1,234,0,1,32,0,33,130,64,72,1,267,20,0,20,287
11/26/2019,RIC,VA,AEA,EN,Towers with Radar,151,67,45,0,263,0,8,40,8,56,151,75,85,8,319,26,0,26,345
11/27/2019,RIC,VA,AEA,EN,Towers with Radar,157,75,33,6,271,0,0,8,0,8,157,75,41,6,279,0,0,0,279
11/28/2019,RIC,VA,AEA,EN,Towers with Radar,78,33,5,0,116,0,6,5,1,12,78,39,10,1,128,0,0,0,128
11/29/2019,RIC,VA,AEA,EN,Towers with Radar,105,46,18,0,169,0,5,19,0,24,105,51,37,0,193,42,0,42,235
11/30/2019,RIC,VA,AEA,EN,Towers with Radar,133,59,27,0,219,0,3,8,0,11,133,62,35,0,230,52,0,52,282
12/01/2019,RIC,VA,AEA,EN,Towers with Radar,140,81,46,0,267,0,0,0,0,0,140,81,46,0,267,0,0,0,267
12/02/2019,RIC,VA,AEA,EN,Towers with Radar,142,72,55,5,274,0,1,19,1,21,142,73,74,6,295,2,2,4,299
12/03/2019,RIC,VA,AEA,EN,Towers with Radar,147,70,58,0,275,0,8,33,9,50,147,78,91,9,325,10,12,22,347
12/04/2019,RIC,VA,AEA,EN,Towers with Radar,147,59,39,15,260,0,4,25,5,34,147,63,64,20,294,24,0,24,318
12/05/2019,RIC,VA,AEA,EN,Towers with Radar,152,58,56,10,276,0,6,31,9,46,152,64,87,19,322,44,0,44,366
12/06/2019,RIC,VA,AEA,EN,Towers with Radar,146,52,41,2,241,0,3,30,1,34,146,55,71,3,275,54,0,54,329
12/07/2019,RIC,VA,AEA,EN,Towers with Radar,101,41,37,0,179,0,2,25,0,27,101,43,62,0,206,44,0,44,250
12/08/2019,RIC,VA,AEA,EN,Towers with Radar,124,53,19,2,198,0,0,13,0,13,124,53,32,2,211,54,0,54,265
12/09/2019,RIC,VA,AEA,EN,Towers with Radar,136,53,24,0,213,0,0,0,0,0,136,53,24,0,213,0,0,0,213
12/10/2019,RIC,VA,AEA,EN,Towers with Radar,148,52,45,7,252,0,0,5,13,18,148,52,50,20,270,7,6,13,283
12/11/2019,RIC,VA,AEA,EN,Towers with Radar,149,53,48,14,264,0,0,36,19,55,149,53,84,33,319,16,26,42,361
12/12/2019,RIC,VA,AEA,EN,Towers with Radar,162,63,74,7,306,0,2,43,17,62,162,65,117,24,368,74,1,75,443
12/13/2019,RIC,VA,AEA,EN,Towers with Radar,152,72,29,0,253,0,0,0,0,0,152,72,29,0,253,0,0,0,253
12/14/2019,RIC,VA,AEA,EN,Towers with Radar,101,44,11,0,156,0,0,0,0,0,101,44,11,0,156,0,0,0,156
12/15/2019,RIC,VA,AEA,EN,Towers with Radar,121,61,19,0,201,0,1,29,0,30,121,62,48,0,231,38,0,38,269
12/16/2019,RIC,VA,AEA,EN,Towers with Radar,139,51,41,16,247,0,0,16,0,16,139,51,57,16,263,0,0,0,263
12/17/2019,RIC,VA,AEA,EN,Towers with Radar,153,52,26,8,239,0,0,3,3,6,153,52,29,11,245,70,11,81,326
12/18/2019,RIC,VA,AEA,EN,Towers with Radar,138,76,48,9,271,0,4,33,13,50,138,80,81,22,321,36,0,36,357
12/19/2019,RIC,VA,AEA,EN,Towers with Radar,146,64,54,11,275,0,0,31,14,45,146,64,85,25,320,8,8,16,336
12/20/2019,RIC,VA,AEA,EN,Towers with Radar,145,69,50,0,264,0,0,29,1,30,145,69,79,1,294,0,0,0,294
12/21/2019,RIC,VA,AEA,EN,Towers with Radar,124,56,31,0,211,0,3,35,0,38,124,59,66,0,249,2,8,10,259
12/22/2019,RIC,VA,AEA,EN,Towers with Radar,124,62,39,0,225,0,3,24,0,27,124,65,63,0,252,16,0,16,268
12/23/2019,RIC,VA,AEA,EN,Towers with Radar,131,63,24,8,226,0,2,23,0,25,131,65,47,8,251,7,0,7,258
12/24/2019,RIC,VA,AEA,EN,Towers with Radar,116,48,5,0,169,0,3,17,0,20,116,51,22,0,189,0,0,0,189
12/25/2019,RIC,VA,AEA,EN,Towers with Radar,83,38,3,0,124,0,0,3,0,3,83,38,6,0,127,0,0,0,127
12/26/2019,RIC,VA,AEA,EN,Towers with Radar,124,66,29,5,224,0,3,25,0,28,124,69,54,5,252,12,0,12,264
12/27/2019,RIC,VA,AEA,EN,Towers with Radar,128,70,26,0,224,0,2,24,0,26,128,72,50,0,250,10,0,10,260
12/28/2019,RIC,VA,AEA,EN,Towers with Radar,108,51,17,0,176,0,5,28,0,33,108,56,45,0,209,12,0,12,221
12/29/2019,RIC,VA,AEA,EN,Towers with Radar,117,53,14,0,184,0,0,1,0,1,117,53,15,0,185,0,0,0,185
12/30/2019,RIC,VA,AEA,EN,Towers with Radar,114,60,19,4,197,0,2,17,0,19,114,62,36,4,216,0,0,0,216
12/31/2019,RIC,VA,AEA,EN,Towers with Radar,120,54,18,0,192,0,0,8,0,8,120,54,26,0,200,0,0,0,200
01/01/2020,RIC,VA,AEA,EN,Towers with Radar,84,44,24,0,152,0,1,19,0,20,84,45,43,0,172,0,0,0,172
01/02/2020,RIC,VA,AEA,EN,Towers with Radar,129,59,28,0,216,0,3,30,2,35,129,62,58,2,251,10,0,10,261
01/03/2020,RIC,VA,AEA,EN,Towers with Radar,127,59,30,0,216,0,0,7,1,8,127,59,37,1,224,6,10,16,240
01/04/2020,RIC,VA,AEA,EN,Towers with Radar,99,51,37,0,187,0,0,0,0,0,99,51,37,0,187,0,0,0,187
01/05/2020,RIC,VA,AEA,EN,Towers with Radar,116,57,22,0,195,0,3,10,0,13,116,60,32,0,208,2,0,2,210
01/06/2020,RIC,VA,AEA,EN,Towers with Radar,129,60,34,0,223,0,0,33,4,37,129,60,67,4,260,6,20,26,286
01/07/2020,RIC,VA,AEA,EN,Towers with Radar,134,61,42,4,241,0,2,27,1,30,134,63,69,5,271,16,14,30,301
01/08/2020,RIC,VA,AEA,EN,Towers with Radar,135,61,34,12,242,0,0,32,9,41,135,61,66,21,283,6,24,30,313
01/09/2020,RIC,VA,AEA,EN,Towers with Radar,133,67,53,11,264,0,2,40,17,59,133,69,93,28,323,68,0,68,391
01/10/2020,RIC,VA,AEA,EN,Towers with Radar,133,72,37,11,253,0,0,21,2,23,133,72,58,13,276,46,24,70,346
01/11/2020,RIC,VA,AEA,EN,Towers with Radar,84,45,38,12,179,0,4,4,34,42,84,49,42,46,221,44,56,100,321
01/12/2020,RIC,VA,AEA,EN,Towers with Radar,115,50,22,10,197,0,2,22,6,30,115,52,44,16,227,8,0,8,235
01/13/2020,RIC,VA,AEA,EN,Towers with Radar,125,58,48,12,243,0,0,4,0,4,125,58,52,12,247,0,0,0,247
01/14/2020,RIC,VA,AEA,EN,Towers with Radar,130,58,27,12,227,0,1,4,1,6,130,59,31,13,233,0,0,0,233
01/15/2020,RIC,VA,AEA,EN,Towers with Radar,130,66,49,18,263,0,1,8,3,12,130,67,57,21,275,0,0,0,275
01/16/2020,RIC,VA,AEA,EN,Towers with Radar,130,71,46,8,255,0,0,28,12,40,130,71,74,20,295,3,0,3,298
01/17/2020,RIC,VA,AEA,EN,Towers with Radar,135,67,42,8,252,0,2,24,1,27,135,69,66,9,279,4,4,8,287
01/18/2020,RIC,VA,AEA,EN,Towers with Radar,84,45,25,0,154,0,3,13,0,16,84,48,38,0,170,14,0,14,184
01/19/2020,RIC,VA,AEA,EN,Towers with Radar,100,49,22,0,171,0,2,25,0,27,100,51,47,0,198,5,14,19,217
01/20/2020,RIC,VA,AEA,EN,Towers with Radar,124,61,30,0,215,0,8,45,0,53,124,69,75,0,268,28,0,28,296
01/21/2020,RIC,VA,AEA,EN,Towers with Radar,132,64,52,4,252,0,4,30,6,40,132,68,82,10,292,0,2,2,294
01/22/2020,RIC,VA,AEA,EN,Towers with Radar,135,64,46,5,250,0,3,54,16,73,135,67,100,21,323,23,2,25,348
01/23/2020,RIC,VA,AEA,EN,Towers with Radar,138,71,47,15,271,0,0,35,21,56,138,71,82,36,327,28,28,56,383
01/24/2020,RIC,VA,AEA,EN,Towers with Radar,138,72,36,4,250,0,1,12,0,13,138,73,48,4,263,0,0,0,263
01/25/2020,RIC,VA,AEA,EN,Towers with Radar,94,44,20,0,158,0,0,9,1,10,94,44,29,1,168,30,6,36,204
01/26/2020,RIC,VA,AEA,EN,Towers with Radar,111,56,14,0,181,0,0,21,0,21,111,56,35,0,202,0,0,0,202
01/27/2020,RIC,VA,AEA,EN,Towers with Radar,123,67,50,14,254,0,2,45,1,48,123,69,95,15,302,28,0,28,330
01/28/2020,RIC,VA,AEA,EN,Towers with Radar,145,64,55,29,293,0,1,24,16,41,145,65,79,45,334,16,0,16,350
01/29/2020,RIC,VA,AEA,EN,Towers with Radar,132,69,56,9,266,0,0,32,9,41,132,69,88,18,307,30,0,30,337
01/30/2020,RIC,VA,AEA,EN,Towers with Radar,134,80,54,27,295,0,2,31,12,45,134,82,85,39,340,46,6,52,392
01/31/2020,RIC,VA,AEA,EN,Towers with Radar,139,66,42,20,267,0,2,33,8,43,139,68,75,28,310,34,0,34,344
02/01/2020,RIC,VA,AEA,EN,Towers with Radar,89,44,16,0,149,1,3,3,0,7,90,47,19,0,156,0,0,0,156
02/02/2020,RIC,VA,AEA,EN,Towers with Radar,97,56,20,0,173,0,0,15,0,15,97,56,35,0,188,4,0,4,192
02/03/2020,RIC,VA,AEA,EN,Towers with Radar,122,63,49,12,246,0,6,38,4,48,122,69,87,16,294,14,0,14,308
02/04/2020,RIC,VA,AEA,EN,Towers with Radar,134,59,38,4,235,0,3,42,5,50,134,62,80,9,285,34,0,34,319
02/05/2020,RIC,VA,AEA,EN,Towers with Radar,130,60,30,2,222,0,1,4,4,9,130,61,34,6,231,0,0,0,231
02/06/2020,RIC,VA,AEA,EN,Towers with Radar,118,70,29,0,217,0,0,0,0,0,118,70,29,0,217,0,0,0,217
02/07/2020,RIC,VA,AEA,EN,Towers with Radar,140,64,37,1,242,0,0,4,18,22,140,64,41,19,264,4,2,6,270
02/08/2020,RIC,VA,AEA,EN,Towers with Radar,97,50,34,6,187,0,1,25,12,38,97,51,59,18,225,6,16,22,247
02/09/2020,RIC,VA,AEA,EN,Towers with Radar,123,62,42,5,232,0,0,19,12,31,123,62,61,17,263,12,0,12,275
02/10/2020,RIC,VA,AEA,EN,Towers with Radar,123,66,25,20,234,0,3,9,4,16,123,69,34,24,250,0,0,0,250
02/11/2020,RIC,VA,AEA,EN,Towers with Radar,134,65,30,0,229,0,0,0,0,0,134,65,30,0,229,0,0,0,229
02/12/2020,RIC,VA,AEA,EN,Towers with Radar,133,68,56,19,276,0,5,18,11,34,133,73,74,30,310,23,2,25,335
02/13/2020,RIC,VA,AEA,EN,Towers with Radar,143,59,41,19,262,0,0,2,4,6,143,59,43,23,268,2,0,2,270
02/14/2020,RIC,VA,AEA,EN,Towers with Radar,151,72,27,4,254,0,0,17,0,17,151,72,44,4,271,40,0,40,311
02/15/2020,RIC,VA,AEA,EN,Towers with Radar,102,45,21,0,168,0,5,30,0,35,102,50,51,0,203,10,0,10,213
02/16/2020,RIC,VA,AEA,EN,Towers with Radar,115,51,26,1,193,0,0,23,1,24,115,51,49,2,217,12,0,12,229
02/17/2020,RIC,VA,AEA,EN,Towers with Radar,138,53,38,0,229,0,1,24,0,25,138,54,62,0,254,0,0,0,254
02/18/2020,RIC,VA,AEA,EN,Towers with Radar,144,57,46,8,255,0,0,10,9,19,144,57,56,17,274,50,7,57,331
02/19/2020,RIC,VA,AEA,EN,Towers with Radar,148,67,48,21,284,0,8,22,7,37,148,75,70,28,321,8,12,20,341
02/20/2020,RIC,VA,AEA,EN,Towers with Radar,154,53,45,8,260,0,0,12,10,22,154,53,57,18,282,70,11,81,363
02/21/2020,RIC,VA,AEA,EN,Towers with Radar,146,69,32,4,251,0,7,19,4,30,146,76,51,8,281,6,2,8,289
02/22/2020,RIC,VA,AEA,EN,Towers with Radar,106,57,20,0,183,0,3,16,0,19,106,60,36,0,202,44,0,44,246
02/23/2020,RIC,VA,AEA,EN,Towers with Radar,128,49,32,0,209,0,1,19,0,20,128,50,51,0,229,6,0,6,235
02/24/2020,RIC,VA,AEA,EN,Towers with Radar,139,52,61,7,259,0,3,18,5,26,139,55,79,12,285,14,0,14,299
02/25/2020,RIC,VA,AEA,EN,Towers with Radar,145,60,50,0,255,0,0,0,0,0,145,60,50,0,255,52,26,78,333
02/26/2020,RIC,VA,AEA,EN,Towers with Radar,141,56,34,8,239,0,0,0,0,0,141,56,34,8,239,0,0,0,239
02/27/2020,RIC,VA,AEA,EN,Towers with Radar,153,59,53,8,273,0,1,20,18,39,153,60,73,26,312,10,0,10,322
02/28/2020,RIC,VA,AEA,EN,Towers with Radar,153,47,43,4,247,0,1,16,4,21,153,48,59,8,268,2,0,2,270
02/29/2020,RIC,VA,AEA,EN,Towers with Radar,116,45,31,0,192,0,1,23,4,28,116,46,54,4,220,6,0,6,226
03/01/2020,RIC,VA,AEA,EN,Towers with Radar,128,44,18,1,191,0,8,16,0,24,128,52,34,1,215,72,0,72,287
03/02/2020,RIC,VA,AEA,EN,Towers with Radar,142,50,46,5,243,0,3,24,5,32,142,53,70,10,275,0,0,0,275
03/03/2020,RIC,VA,AEA,EN,Towers with Radar,148,58,42,2,250,0,0,5,5,10,148,58,47,7,260,86,2,88,348
03/04/2020,RIC,VA,AEA,EN,Towers with Radar,158,66,44,8,276,0,0,39,4,43,158,66,83,12,319,0,0,0,319
03/05/2020,RIC,VA,AEA,EN,Towers with Radar,145,71,64,0,280,0,5,40,3,48,145,76,104,3,328,12,0,12,340
03/06/2020,RIC,VA,AEA,EN,Towers with Radar,142,71,32,0,245,0,1,12,7,20,142,72,44,7,265,2,0,2,267
03/07/2020,RIC,VA,AEA,EN,Towers with Radar,102,52,18,2,174,0,3,7,0,10,102,55,25,2,184,20,0,20,204
03/08/2020,RIC,VA,AEA,EN,Towers with Radar,120,58,30,3,211,0,3,21,4,28,120,61,51,7,239,4,0,4,243
03/09/2020,RIC,VA,AEA,EN,Towers with Radar,135,54,24,3,216,0,6,44,2,52,135,60,68,5,268,20,0,20,288
03/10/2020,RIC,VA,AEA,EN,Towers with Radar,139,70,33,6,248,0,10,26,8,44,139,80,59,14,292,0,0,0,292
03/11/2020,RIC,VA,AEA,EN,Towers with Radar,132,64,38,3,237,0,2,38,8,48,132,66,76,11,285,6,0,6,291
03/12/2020,RIC,VA,AEA,EN,Towers with Radar,147,57,24,16,244,0,1,14,5,20,147,58,38,21,264,126,0,126,390
03/13/2020,RIC,VA,AEA,EN,Towers with Radar,144,70,21,0,235,0,0,10,0,10,144,70,31,0,245,16,0,16,261
03/14/2020,RIC,VA,AEA,EN,Towers with Radar,106,57,22,1,186,0,2,29,1,32,106,59,51,2,218,50,0,50,268
03/15/2020,RIC,VA,AEA,EN,Towers with Radar,127,41,21,0,189,0,2,0,0,2,127,43,21,0,191,0,0,0,191
03/16/2020,RIC,VA,AEA,EN,Towers with Radar,138,52,22,0,212,0,7,30,8,45,138,59,52,8,257,32,2,34,291
03/17/2020,RIC,VA,AEA,EN,Towers with Radar,140,59,25,0,224,0,2,30,7,39,140,61,55,7,263,80,0,80,343
03/18/2020,RIC,VA,AEA,EN,Towers with Radar,138,62,19,4,223,0,0,34,10,44,138,62,53,14,267,2,24,26,293
03/19/2020,RIC,VA,AEA,EN,Towers with Radar,136,51,26,0,213,0,1,18,9,28,136,52,44,9,241,50,0,50,291
03/20/2020,RIC,VA,AEA,EN,Towers with Radar,126,45,14,2,187,0,2,7,6,15,126,47,21,8,202,2,0,2,204
03/21/2020,RIC,VA,AEA,EN,Towers with Radar,87,40,19,0,146,0,6,10,2,18,87,46,29,2,164,2,0,2,166
03/22/2020,RIC,VA,AEA,EN,Towers with Radar,100,32,17,0,149,0,8,23,0,31,100,40,40,0,180,14,0,14,194
03/23/2020,RIC,VA,AEA,EN,Towers with Radar,91,33,7,0,131,0,0,0,0,0,91,33,7,0,131,0,0,0,131
03/24/2020,RIC,VA,AEA,EN,Towers with Radar,100,45,21,11,177,0,0,17,5,22,100,45,38,16,199,104,0,104,303
03/25/2020,RIC,VA,AEA,EN,Towers with Radar,76,33,11,0,120,0,0,0,0,0,76,33,11,0,120,0,0,0,120
03/26/2020,RIC,VA,AEA,EN,Towers with Radar,69,23,19,7,118,1,1,8,9,19,70,24,27,16,137,104,0,104,241
03/27/2020,RIC,VA,AEA,EN,Towers with Radar,69,28,11,0,108,0,2,24,0,26,69,30,35,0,134,58,0,58,192
03/28/2020,RIC,VA,AEA,EN,Towers with Radar,55,20,11,0,86,0,0,7,0,7,55,20,18,0,93,0,0,0,93
03/29/2020,RIC,VA,AEA,EN,Towers with Radar,62,21,8,0,91,0,0,3,0,3,62,21,11,0,94,0,0,0,94
03/30/2020,RIC,VA,AEA,EN,Towers with Radar,69,26,8,0,103,0,0,16,0,16,69,26,24,0,119,8,6,14,133
03/31/2020,RIC,VA,AEA,EN,Towers with Radar,75,17,25,1,118,0,1,8,1,10,75,18,33,2,128,70,10,80,208
04/01/2020,RIC,VA,AEA,EN,Towers with Radar,67,21,10,1,99,0,1,12,12,25,67,22,22,13,124,4,10,14,138
04/02/2020,RIC,VA,AEA,EN,Towers with Radar,64,16,22,3,105,1,0,17,8,26,65,16,39,11,131,22,4,26,157
04/03/2020,RIC,VA,AEA,EN,Towers with Radar,48,17,14,4,83,0,0,10,5,15,48,17,24,9,98,0,0,0,98
04/04/2020,RIC,VA,AEA,EN,Towers with Radar,45,16,5,2,68,0,2,20,0,22,45,18,25,2,90,56,0,56,146
04/05/2020,RIC,VA,AEA,EN,Towers with Radar,46,17,8,0,71,0,1,19,0,20,46,18,27,0,91,68,0,68,159
04/06/2020,RIC,VA,AEA,EN,Towers with Radar,37,16,18,0,71,0,2,20,1,23,37,18,38,1,94,94,0,94,188
04/07/2020,RIC,VA,AEA,EN,Towers with Radar,52,12,7,1,72,0,6,14,7,27,52,18,21,8,99,10,12,22,121
04/08/2020,RIC,VA,AEA,EN,Towers with Radar,51,17,3,3,74,0,0,13,2,15,51,17,16,5,89,20,0,20,109
04/09/2020,RIC,VA,AEA,EN,Towers with Radar,51,11,7,3,72,0,0,8,0,8,51,11,15,3,80,2,0,2,82
04/10/2020,RIC,VA,AEA,EN,Towers with Radar,44,11,8,4,67,0,0,10,1,11,44,11,18,5,78,0,0,0,78
04/11/2020,RIC,VA,AEA,EN,Towers with Radar,35,11,5,0,51,0,0,25,0,25,35,11,30,0,76,0,0,0,76
04/12/2020,RIC,VA,AEA,EN,Towers with Radar,38,8,2,0,48,0,2,13,0,15,38,10,15,0,63,44,0,44,107
04/13/2020,RIC,VA,AEA,EN,Towers with Radar,33,13,6,3,55,0,0,0,2,2,33,13,6,5,57,0,2,2,59
04/14/2020,RIC,VA,AEA,EN,Towers with Radar,44,14,16,3,77,0,1,21,16,38,44,15,37,19,115,88,0,88,203
04/15/2020,RIC,VA,AEA,EN,Towers with Radar,41,10,11,6,68,0,0,20,10,30,41,10,31,16,98,44,0,44,142
04/16/2020,RIC,VA,AEA,EN,Towers with Radar,33,14,13,12,72,0,0,16,11,27,33,14,29,23,99,10,0,10,109
04/17/2020,RIC,VA,AEA,EN,Towers with Radar,39,14,11,2,66,0,0,22,11,33,39,14,33,13,99,26,0,26,125
04/18/2020,RIC,VA,AEA,EN,Towers with Radar,21,13,0,0,34,0,2,6,0,8,21,15,6,0,42,44,0,44,86
04/19/2020,RIC,VA,AEA,EN,Towers with Radar,22,11,6,0,39,0,1,20,0,21,22,12,26,0,60,40,0,40,100
04/20/2020,RIC,VA,AEA,EN,Towers with Radar,28,12,10,6,56,0,2,6,9,17,28,14,16,15,73,50,0,50,123
04/21/2020,RIC,VA,AEA,EN,Towers with Radar,36,11,9,5,61,0,1,19,8,28,36,12,28,13,89,36,14,50,139
04/22/2020,RIC,VA,AEA,EN,Towers with Radar,30,10,17,13,70,0,0,22,2,24,30,10,39,15,94,16,2,18,112
04/23/2020,RIC,VA,AEA,EN,Towers with Radar,34,14,12,4,64,0,0,13,11,24,34,14,25,15,88,38,20,58,146
04/24/2020,RIC,VA,AEA,EN,Towers with Radar,42,10,9,2,63,0,0,9,1,10,42,10,18,3,73,34,0,34,107
04/25/2020,RIC,VA,AEA,EN,Towers with Radar,21,13,26,4,64,0,0,0,0,0,21,13,26,4,64,46,0,46,110
04/26/2020,RIC,VA,AEA,EN,Towers with Radar,17,13,9,0,39,0,0,0,0,0,17,13,9,0,39,0,0,0,39
04/27/2020,RIC,VA,AEA,EN,Towers with Radar,23,9,11,1,44,0,0,1,2,3,23,9,12,3,47,0,0,0,47
04/28/2020,RIC,VA,AEA,EN,Towers with Radar,40,13,12,1,66,0,2,30,5,37,40,15,42,6,103,34,0,34,137
04/29/2020,RIC,VA,AEA,EN,Towers with Radar,37,12,6,27,82,0,1,19,5,25,37,13,25,32,107,14,22,36,143
04/30/2020,RIC,VA,AEA,EN,Towers with Radar,33,13,33,2,81,0,0,0,2,2,33,13,33,4,83,0,12,12,95
05/01/2020,RIC,VA,AEA,EN,Towers with Radar,39,14,23,0,76,0,0,10,3,13,39,14,33,3,89,0,0,0,89
05/02/2020,RIC,VA,AEA,EN,Towers with Radar,27,3,22,6,58,0,4,24,17,45,27,7,46,23,103,70,10,80,183
05/03/2020,RIC,VA,AEA,EN,Towers with Radar,29,13,15,2,59,0,0,13,0,13,29,13,28,2,72,22,0,22,94
05/04/2020,RIC,VA,AEA,EN,Towers with Radar,34,15,12,4,65,0,0,22,7,29,34,15,34,11,94,14,2,16,110
05/05/2020,RIC,VA,AEA,EN,Towers with Radar,45,9,23,14,91,0,0,11,2,13,45,9,34,16,104,24,0,24,128
05/06/2020,RIC,VA,AEA,EN,Towers with Radar,36,11,14,6,67,0,0,4,2,6,36,11,18,8,73,0,0,0,73
05/07/2020,RIC,VA,AEA,EN,Towers with Radar,50,14,17,25,106,0,0,39,6,45,50,14,56,31,151,24,20,44,195
05/08/2020,RIC,VA,AEA,EN,Towers with Radar,39,16,11,7,73,0,0,16,0,16,39,16,27,7,89,14,0,14,103
05/09/2020,RIC,VA,AEA,EN,Towers with Radar,27,8,7,2,44,0,0,10,0,10,27,8,17,2,54,29,10,39,93
05/10/2020,RIC,VA,AEA,EN,Towers with Radar,23,9,13,0,45,0,2,11,0,13,23,11,24,0,58,28,0,28,86
05/11/2020,RIC,VA,AEA,EN,Towers with Radar,31,13,19,12,75,0,2,12,5,19,31,15,31,17,94,4,2,6,100
05/12/2020,RIC,VA,AEA,EN,Towers with Radar,36,9,18,6,69,0,5,21,7,33,36,14,39,13,102,17,0,17,119
05/13/2020,RIC,VA,AEA,EN,Towers with Radar,34,18,18,8,78,0,0,50,16,66,34,18,68,24,144,24,14,38,182
05/14/2020,RIC,VA,AEA,EN,Towers with Radar,36,16,18,0,70,0,0,29,13,42,36,16,47,13,112,22,0,22,134
05/15/2020,RIC,VA,AEA,EN,Towers with Radar,37,18,23,3,81,0,0,13,5,18,37,18,36,8,99,44,0,44,143
05/16/2020,RIC,VA,AEA,EN,Towers with Radar,30,8,15,8,61,0,0,13,6,19,30,8,28,14,80,20,0,20,100
05/17/2020,RIC,VA,AEA,EN,Towers with Radar,27,11,7,0,45,0,1,3,0,4,27,12,10,0,49,0,0,0,49
05/18/2020,RIC,VA,AEA,EN,Towers with Radar,24,12,18,8,62,0,0,0,0,0,24,12,18,8,62,0,0,0,62
05/19/2020,RIC,VA,AEA,EN,Towers with Radar,39,17,18,8,82,0,0,8,3,11,39,17,26,11,93,0,0,0,93
05/20/2020,RIC,VA,AEA,EN,Towers with Radar,37,17,22,16,92,0,0,0,0,0,37,17,22,16,92,0,0,0,92
05/21/2020,RIC,VA,AEA,EN,Towers with Radar,33,14,39,13,99,0,0,1,4,5,33,14,40,17,104,0,4,4,108
05/22/2020,RIC,VA,AEA,EN,Towers with Radar,37,16,30,2,85,0,0,8,0,8,37,16,38,2,93,34,0,34,127
05/23/2020,RIC,VA,AEA,EN,Towers with Radar,31,7,17,0,55,0,0,15,0,15,31,7,32,0,70,58,0,58,128
05/24/2020,RIC,VA,AEA,EN,Towers with Radar,25,8,18,0,51,0,0,0,0,0,25,8,18,0,51,0,0,0,51
05/25/2020,RIC,VA,AEA,EN,Towers with Radar,24,8,18,0,50,0,0,5,0,5,24,8,23,0,55,24,0,24,79
05/26/2020,RIC,VA,AEA,EN,Towers with Radar,37,9,30,17,93,0,2,13,2,17,37,11,43,19,110,34,0,34,144
05/27/2020,RIC,VA,AEA,EN,Towers with Radar,36,17,21,20,94,0,0,14,8,22,36,17,35,28,116,24,0,24,140
05/28/2020,RIC,VA,AEA,EN,Towers with Radar,40,16,19,9,84,0,1,14,8,23,40,17,33,17,107,2,32,34,141
05/29/2020,RIC,VA,AEA,EN,Towers with Radar,40,17,21,0,78,0,2,7,4,13,40,19,28,4,91,50,4,54,145
05/30/2020,RIC,VA,AEA,EN,Towers with Radar,27,15,26,0,68,0,1,22,0,23,27,16,48,0,91,50,0,50,141
05/31/2020,RIC,VA,AEA,EN,Towers with Radar,25,15,33,0,73,0,0,33,0,33,25,15,66,0,106,14,0,14,120
06/01/2020,RIC,VA,AEA,EN,Towers with Radar,33,13,29,1,76,0,0,29,8,37,33,13,58,9,113,26,0,26,139
06/02/2020,RIC,VA,AEA,EN,Towers with Radar,49,9,16,7,81,0,2,42,16,60,49,11,58,23,141,48,0,48,189
06/03/2020,RIC,VA,AEA,EN,Towers with Radar,41,23,17,5,86,0,0,33,13,46,41,23,50,18,132,36,18,54,186
06/04/2020,RIC,VA,AEA,EN,Towers with Radar,56,24,31,2,113,0,0,35,26,61,56,24,66,28,174,48,10,58,232
06/05/2020,RIC,VA,AEA,EN,Towers with Radar,51,24,36,0,111,0,0,23,0,23,51,24,59,0,134,64,12,76,210
06/06/2020,RIC,VA,AEA,EN,Towers with Radar,38,10,15,0,63,0,2,17,2,21,38,12,32,2,84,2,0,2,86
06/07/2020,RIC,VA,AEA,EN,Towers with Radar,39,13,28,0,80,0,7,32,1,40,39,20,60,1,120,16,0,16,136
06/08/2020,RIC,VA,AEA,EN,Towers with Radar,44,17,23,16,100,0,0,28,13,41,44,17,51,29,141,59,0,59,200
06/09/2020,RIC,VA,AEA,EN,Towers with Radar,50,17,39,10,116,0,0,34,14,48,50,17,73,24,164,38,1,39,203
06/10/2020,RIC,VA,AEA,EN,Towers with Radar,46,17,21,5,89,0,2,11,7,20,46,19,32,12,109,4,0,4,113
06/11/2020,RIC,VA,AEA,EN,Towers with Radar,54,18,28,4,104,0,0,0,4,4,54,18,28,8,108,0,20,20,128
06/12/2020,RIC,VA,AEA,EN,Towers with Radar,56,24,39,6,125,0,0,26,4,30,56,24,65,10,155,44,22,66,221
06/13/2020,RIC,VA,AEA,EN,Towers with Radar,34,13,35,6,88,0,4,26,2,32,34,17,61,8,120,38,0,38,158
06/14/2020,RIC,VA,AEA,EN,Towers with Radar,42,15,27,0,84,0,0,24,0,24,42,15,51,0,108,21,0,21,129
06/15/2020,RIC,VA,AEA,EN,Towers with Radar,46,21,27,25,119,0,6,23,11,40,46,27,50,36,159,22,10,32,191
06/16/2020,RIC,VA,AEA,EN,Towers with Radar,49,22,27,5,103,0,0,10,3,13,49,22,37,8,116,0,0,0,116
06/17/2020,RIC,VA,AEA,EN,Towers with Radar,48,14,15,7,84,0,0,0,0,0,48,14,15,7,84,0,0,0,84
06/18/2020,RIC,VA,AEA,EN,Towers with Radar,60,17,32,12,121,0,4,14,22,40,60,21,46,34,161,6,0,6,167
06/19/2020,RIC,VA,AEA,EN,Towers with Radar,55,21,34,13,123,0,0,18,3,21,55,21,52,16,144,50,8,58,202
06/20/2020,RIC,VA,AEA,EN,Towers with Radar,40,9,21,0,70,0,0,10,0,10,40,9,31,0,80,24,0,24,104
06/21/2020,RIC,VA,AEA,EN,Towers with Radar,46,8,20,0,74,0,4,8,0,12,46,12,28,0,86,0,0,0,86
06/22/2020,RIC,VA,AEA,EN,Towers with Radar,54,24,20,3,101,0,1,13,0,14,54,25,33,3,115,20,4,24,139
06/23/2020,RIC,VA,AEA,EN,Towers with Radar,51,15,33,16,115,0,2,28,9,39,51,17,61,25,154,20,0,20,174
06/24/2020,RIC,VA,AEA,EN,Towers with Radar,55,17,29,24,125,0,4,54,12,70,55,21,83,36,195,34,6,40,235
06/25/2020,RIC,VA,AEA,EN,Towers with Radar,62,17,45,8,132,0,0,23,7,30,62,17,68,15,162,14,8,22,184
06/26/2020,RIC,VA,AEA,EN,Towers with Radar,66,19,29,2,116,0,1,35,2,38,66,20,64,4,154,52,0,52,206
06/27/2020,RIC,VA,AEA,EN,Towers with Radar,43,10,28,0,81,0,3,27,0,30,43,13,55,0,111,12,0,12,123
06/28/2020,RIC,VA,AEA,EN,Towers with Radar,52,19,15,0,86,0,1,7,0,8,52,20,22,0,94,0,0,0,94
06/29/2020,RIC,VA,AEA,EN,Towers with Radar,55,16,33,1,105,0,0,27,17,44,55,16,60,18,149,68,18,86,235
06/30/2020,RIC,VA,AEA,EN,Towers with Radar,56,16,25,5,102,0,4,26,16,46,56,20,51,21,148,76,2,78,226
07/01/2020,RIC,VA,AEA,EN,Towers with Radar,59,20,24,3,106,0,1,16,9,26,59,21,40,12,132,26,18,44,176
07/02/2020,RIC,VA,AEA,EN,Towers with Radar,69,26,32,14,141,0,0,21,0,21,69,26,53,14,162,102,0,102,264
07/03/2020,RIC,VA,AEA,EN,Towers with Radar,69,15,23,0,107,0,4,13,0,17,69,19,36,0,124,54,0,54,178
07/04/2020,RIC,VA,AEA,EN,Towers with Radar,38,9,11,0,58,0,0,4,0,4,38,9,15,0,62,0,0,0,62
07/05/2020,RIC,VA,AEA,EN,Towers with Radar,52,16,16,0,84,0,0,17,0,17,52,16,33,0,101,0,0,0,101
07/06/2020,RIC,VA,AEA,EN,Towers with Radar,69,20,26,2,117,0,4,33,4,41,69,24,59,6,158,14,0,14,172
07/07/2020,RIC,VA,AEA,EN,Towers with Radar,71,24,29,4,128,0,0,18,14,32,71,24,47,18,160,20,3,23,183
07/08/2020,RIC,VA,AEA,EN,Towers with Radar,75,29,29,6,139,0,2,24,11,37,75,31,53,17,176,17,0,17,193
07/09/2020,RIC,VA,AEA,EN,Towers with Radar,76,31,26,16,149,0,2,11,20,33,76,33,37,36,182,84,3,87,269
07/10/2020,RIC,VA,AEA,EN,Towers with Radar,84,26,22,2,134,0,0,13,0,13,84,26,35,2,147,54,0,54,201
07/11/2020,RIC,VA,AEA,EN,Towers with Radar,65,17,26,0,108,0,1,18,0,19,65,18,44,0,127,2,0,2,129
07/12/2020,RIC,VA,AEA,EN,Towers with Radar,66,22,20,0,108,0,0,15,0,15,66,22,35,0,123,0,0,0,123
07/13/2020,RIC,VA,AEA,EN,Towers with Radar,72,21,27,2,122,0,4,19,10,33,72,25,46,12,155,92,0,92,247
07/14/2020,RIC,VA,AEA,EN,Towers with Radar,75,21,22,4,122,0,2,30,16,48,75,23,52,20,170,52,0,52,222
07/15/2020,RIC,VA,AEA,EN,Towers with Radar,70,37,29,10,146,0,0,45,17,62,70,37,74,27,208,46,0,46,254
07/16/2020,RIC,VA,AEA,EN,Towers with Radar,85,28,38,8,159,0,0,33,5,38,85,28,71,13,197,24,2,26,223
07/17/2020,RIC,VA,AEA,EN,Towers with Radar,78,32,27,5,142,0,2,21,4,27,78,34,48,9,169,20,0,20,189
07/18/2020,RIC,VA,AEA,EN,Towers with Radar,69,13,20,2,104,0,0,25,1,26,69,13,45,3,130,0,0,0,130
07/19/2020,RIC,VA,AEA,EN,Towers with Radar,67,21,14,0,102,0,1,4,0,5,67,22,18,0,107,12,0,12,119
07/20/2020,RIC,VA,AEA,EN,Towers with Radar,64,25,18,1,108,0,1,22,12,35,64,26,40,13,143,86,8,94,237
07/21/2020,RIC,VA,AEA,EN,Towers with Radar,69,11,19,4,103,0,0,17,7,24,69,11,36,11,127,50,0,50,177
07/22/2020,RIC,VA,AEA,EN,Towers with Radar,80,22,18,7,127,0,0,20,10,30,80,22,38,17,157,32,0,32,189
07/23/2020,RIC,VA,AEA,EN,Towers with Radar,79,20,23,2,124,0,7,33,3,43,79,27,56,5,167,22,5,27,194
07/24/2020,RIC,VA,AEA,EN,Towers with Radar,85,23,21,0,129,0,0,21,1,22,85,23,42,1,151,24,0,24,175
07/25/2020,RIC,VA,AEA,EN,Towers with Radar,64,21,23,0,108,0,0,26,0,26,64,21,49,0,134,4,0,4,138
07/26/2020,RIC,VA,AEA,EN,Towers with Radar,66,23,15,0,104,0,0,11,12,23,66,23,26,12,127,0,0,0,127
07/27/2020,RIC,VA,AEA,EN,Towers with Radar,72,28,33,15,148,0,1,43,21,65,72,29,76,36,213,4,16,20,233
07/28/2020,RIC,VA,AEA,EN,Towers with Radar,70,22,29,48,169,0,0,23,9,32,70,22,52,57,201,12,29,41,242
07/29/2020,RIC,VA,AEA,EN,Towers with Radar,68,24,29,14,135,0,0,29,12,41,68,24,58,26,176,30,10,40,216
07/30/2020,RIC,VA,AEA,EN,Towers with Radar,76,32,26,6,140,0,0,26,7,33,76,32,52,13,173,53,3,56,229
07/31/2020,RIC,VA,AEA,EN,Towers with Radar,80,25,29,0,134,0,0,1,9,10,80,25,30,9,144,2,4,6,150
08/01/2020,RIC,VA,AEA,EN,Towers with Radar,64,13,19,0,96,0,0,6,8,14,64,13,25,8,110,24,4,28,138
08/02/2020,RIC,VA,AEA,EN,Towers with Radar,70,13,23,0,106,0,4,11,9,24,70,17,34,9,130,0,1,1,131
08/03/2020,RIC,VA,AEA,EN,Towers with Radar,75,29,17,0,121,0,0,4,4,8,75,29,21,4,129,44,0,44,173
08/04/2020,RIC,VA,AEA,EN,Towers with Radar,67,18,0,0,85,0,0,16,0,16,67,18,16,0,101,26,0,26,127
08/05/2020,RIC,VA,AEA,EN,Towers with Radar,67,19,19,14,119,0,0,34,1,35,67,19,53,15,154,28,0,28,182
08/06/2020,RIC,VA,AEA,EN,Towers with Radar,81,22,32,5,140,0,0,16,4,20,81,22,48,9,160,32,0,32,192
08/07/2020,RIC,VA,AEA,EN,Towers with Radar,84,26,25,4,139,0,0,19,6,25,84,26,44,10,164,16,2,18,182
08/08/2020,RIC,VA,AEA,EN,Towers with Radar,60,22,11,12,105,0,0,10,6,16,60,22,21,18,121,32,5,37,158
08/09/2020,RIC,VA,AEA,EN,Towers with Radar,66,24,21,0,111,0,0,28,2,30,66,24,49,2,141,20,0,20,161
08/10/2020,RIC,VA,AEA,EN,Towers with Radar,70,16,17,4,107,0,0,29,1,30,70,16,46,5,137,6,0,6,143
08/11/2020,RIC,VA,AEA,EN,Towers with Radar,71,20,24,9,124,0,0,24,16,40,71,20,48,25,164,84,2,86,250
08/12/2020,RIC,VA,AEA,EN,Towers with Radar,68,24,32,2,126,0,1,19,1,21,68,25,51,3,147,6,16,22,169
08/13/2020,RIC,VA,AEA,EN,Towers with Radar,81,30,41,3,155,0,0,9,3,12,81,30,50,6,167,26,10,36,203
08/14/2020,RIC,VA,AEA,EN,Towers with Radar,81,32,33,6,152,0,2,6,2,10,81,34,39,8,162,0,2,2,164
08/15/2020,RIC,VA,AEA,EN,Towers with Radar,61,25,15,0,101,0,0,1,0,1,61,25,16,0,102,0,0,0,102
08/16/2020,RIC,VA,AEA,EN,Towers with Radar,63,28,17,3,111,0,2,1,0,3,63,30,18,3,114,0,0,0,114
08/17/2020,RIC,VA,AEA,EN,Towers with Radar,71,26,19,2,118,0,0,27,11,38,71,26,46,13,156,20,4,24,180
08/18/2020,RIC,VA,AEA,EN,Towers with Radar,70,29,31,6,136,0,0,44,12,56,70,29,75,18,192,57,2,59,251
08/19/2020,RIC,VA,AEA,EN,Towers with Radar,81,25,30,7,143,1,3,34,19,57,82,28,64,26,200,16,34,50,250
08/20/2020,RIC,VA,AEA,EN,Towers with Radar,75,38,23,15,151,0,2,26,17,45,75,40,49,32,196,37,8,45,241
08/21/2020,RIC,VA,AEA,EN,Towers with Radar,80,22,21,8,131,0,0,24,0,24,80,22,45,8,155,62,0,62,217
08/22/2020,RIC,VA,AEA,EN,Towers with Radar,61,19,15,0,95,0,0,5,0,5,61,19,20,0,100,28,0,28,128
08/23/2020,RIC,VA,AEA,EN,Towers with Radar,62,21,14,0,97,0,2,17,0,19,62,23,31,0,116,14,0,14,130
08/24/2020,RIC,VA,AEA,EN,Towers with Radar,69,24,28,12,133,0,0,39,12,51,69,24,67,24,184,26,4,30,214
08/25/2020,RIC,VA,AEA,EN,Towers with Radar,73,34,46,31,184,0,3,26,20,49,73,37,72,51,233,12,5,17,250
08/26/2020,RIC,VA,AEA,EN,Towers with Radar,65,19,24,1,109,0,0,39,16,55,65,19,63,17,164,50,0,50,214
08/27/2020,RIC,VA,AEA,EN,Towers with Radar,83,32,24,2,141,0,0,30,13,43,83,32,54,15,184,28,0,28,212
08/28/2020,RIC,VA,AEA,EN,Towers with Radar,83,31,22,16,152,0,0,19,0,19,83,31,41,16,171,56,4,60,231
08/29/2020,RIC,VA,AEA,EN,Towers with Radar,61,34,14,4,113,0,4,6,0,10,61,38,20,4,123,0,0,0,123
08/30/2020,RIC,VA,AEA,EN,Towers with Radar,62,23,24,0,109,0,0,12,1,13,62,23,36,1,122,2,0,2,124
08/31/2020,RIC,VA,AEA,EN,Towers with Radar,69,23,20,7,119,0,0,12,19,31,69,23,32,26,150,52,28,80,230
09/01/2020,RIC,VA,AEA,EN,Towers with Radar,70,25,29,10,134,0,4,2,3,9,70,29,31,13,143,12,0,12,155
09/02/2020,RIC,VA,AEA,EN,Towers with Radar,66,21,25,2,114,0,0,14,7,21,66,21,39,9,135,36,0,36,171
09/03/2020,RIC,VA,AEA,EN,Towers with Radar,82,34,25,12,153,0,0,35,17,52,82,34,60,29,205,20,10,30,235
09/04/2020,RIC,VA,AEA,EN,Towers with Radar,78,27,25,0,130,0,14,29,0,43,78,41,54,0,173,40,0,40,213
09/05/2020,RIC,VA,AEA,EN,Towers with Radar,55,18,12,0,85,0,3,16,0,19,55,21,28,0,104,22,0,22,126
09/06/2020,RIC,VA,AEA,EN,Towers with Radar,57,17,15,0,89,0,0,15,0,15,57,17,30,0,104,36,0,36,140
09/07/2020,RIC,VA,AEA,EN,Towers with Radar,60,18,20,0,98,0,0,32,0,32,60,18,52,0,130,48,0,48,178
09/08/2020,RIC,VA,AEA,EN,Towers with Radar,61,13,23,8,105,0,2,21,27,50,61,15,44,35,155,18,2,20,175
09/09/2020,RIC,VA,AEA,EN,Towers with Radar,68,22,31,8,129,0,0,1,0,1,68,22,32,8,130,0,4,4,134
09/10/2020,RIC,VA,AEA,EN,Towers with Radar,80,23,60,2,165,0,0,7,1,8,80,23,67,3,173,34,0,34,207
09/11/2020,RIC,VA,AEA,EN,Towers with Radar,82,21,51,5,159,0,0,8,46,54,82,21,59,51,213,25,0,25,238
09/12/2020,RIC,VA,AEA,EN,Towers with Radar,57,15,50,5,127,0,0,22,27,49,57,15,72,32,176,2,4,6,182
09/13/2020,RIC,VA,AEA,EN,Towers with Radar,64,19,40,2,125,0,6,21,16,43,64,25,61,18,168,8,0,8,176
09/14/2020,RIC,VA,AEA,EN,Towers with Radar,71,25,26,1,123,0,3,23,25,51,71,28,49,26,174,60,4,64,238
09/15/2020,RIC,VA,AEA,EN,Towers with Radar,72,13,34,5,124,0,0,41,12,53,72,13,75,17,177,20,14,34,211
09/16/2020,RIC,VA,AEA,EN,Towers with Radar,69,21,31,7,128,0,0,33,14,47,69,21,64,21,175,30,1,31,206
09/17/2020,RIC,VA,AEA,EN,Towers with Radar,79,19,17,9,124,0,0,0,2,2,79,19,17,11,126,0,0,0,126
09/18/2020,RIC,VA,AEA,EN,Towers with Radar,80,17,21,8,126,0,0,9,1,10,80,17,30,9,136,28,0,28,164
09/19/2020,RIC,VA,AEA,EN,Towers with Radar,56,22,17,4,99,0,6,22,0,28,56,28,39,4,127,46,0,46,173
09/20/2020,RIC,VA,AEA,EN,Towers with Radar,65,11,16,2,94,0,0,17,0,17,65,11,33,2,111,0,0,0,111
09/21/2020,RIC,VA,AEA,EN,Towers with Radar,71,15,34,14,134,0,3,29,2,34,71,18,63,16,168,38,4,42,210
09/22/2020,RIC,VA,AEA,EN,Towers with Radar,71,22,29,7,129,0,1,35,12,48,71,23,64,19,177,68,0,68,245
09/23/2020,RIC,VA,AEA,EN,Towers with Radar,69,29,32,13,143,0,1,45,7,53,69,30,77,20,196,18,16,34,230
09/24/2020,RIC,VA,AEA,EN,Towers with Radar,82,26,44,4,156,0,1,45,1,47,82,27,89,5,203,24,2,26,229
09/25/2020,RIC,VA,AEA,EN,Towers with Radar,80,18,29,12,139,0,0,7,2,9,80,18,36,14,148,18,0,18,166
09/26/2020,RIC,VA,AEA,EN,Towers with Radar,57,15,25,3,100,0,0,0,0,0,57,15,25,3,100,0,0,0,100
09/27/2020,RIC,VA,AEA,EN,Towers with Radar,64,20,11,5,100,0,2,7,0,9,64,22,18,5,109,22,0,22,131
09/28/2020,RIC,VA,AEA,EN,Towers with Radar,69,26,51,2,148,0,4,27,4,35,69,30,78,6,183,38,0,38,221
09/29/2020,RIC,VA,AEA,EN,Towers with Radar,73,25,27,5,130,0,0,0,2,2,73,25,27,7,132,42,0,42,174
09/30/2020,RIC,VA,AEA,EN,Towers with Radar,71,16,40,6,133,0,0,25,6,31,71,16,65,12,164,0,0,0,164
10/01/2020,RIC,VA,AEA,EN,Towers with Radar,91,27,35,5,158,0,3,29,14,46,91,30,64,19,204,22,0,22,226
10/02/2020,RIC,VA,AEA,EN,Towers with Radar,86,26,35,12,159,0,1,25,5,31,86,27,60,17,190,40,0,40,230
10/03/2020,RIC,VA,AEA,EN,Towers with Radar,61,10,10,2,83,0,2,19,10,31,61,12,29,12,114,18,4,22,136
10/04/2020,RIC,VA,AEA,EN,Towers with Radar,77,21,15,1,114,0,5,6,0,11,77,26,21,1,125,45,0,45,170
10/05/2020,RIC,VA,AEA,EN,Towers with Radar,90,20,19,18,147,0,4,43,5,52,90,24,62,23,199,56,36,92,291
10/06/2020,RIC,VA,AEA,EN,Towers with Radar,74,20,28,6,128,0,0,36,12,48,74,20,64,18,176,100,0,100,276
10/07/2020,RIC,VA,AEA,EN,Towers with Radar,69,22,12,22,125,0,1,24,22,47,69,23,36,44,172,30,14,44,216
10/08/2020,RIC,VA,AEA,EN,Towers with Radar,94,26,34,5,159,0,1,36,18,55,94,27,70,23,214,76,0,76,290
10/09/2020,RIC,VA,AEA,EN,Towers with Radar,88,23,18,4,133,0,2,33,0,35,88,25,51,4,168,42,0,42,210
10/10/2020,RIC,VA,AEA,EN,Towers with Radar,64,13,13,0,90,0,0,2,0,2,64,13,15,0,92,2,0,2,94
10/11/2020,RIC,VA,AEA,EN,Towers with Radar,82,13,11,0,106,0,0,0,0,0,82,13,11,0,106,0,0,0,106
10/12/2020,RIC,VA,AEA,EN,Towers with Radar,74,26,32,2,134,0,0,0,1,1,74,26,32,3,135,2,2,4,139
10/13/2020,RIC,VA,AEA,EN,Towers with Radar,73,26,38,18,155,0,3,6,7,16,73,29,44,25,171,26,6,32,203
10/14/2020,RIC,VA,AEA,EN,Towers with Radar,70,18,32,3,123,0,1,22,10,33,70,19,54,13,156,64,2,66,222
10/15/2020,RIC,VA,AEA,EN,Towers with Radar,89,18,47,15,169,0,1,34,19,54,89,19,81,34,223,76,0,76,299
10/16/2020,RIC,VA,AEA,EN,Towers with Radar,92,22,26,8,148,0,0,2,2,4,92,22,28,10,152,0,4,4,156
10/17/2020,RIC,VA,AEA,EN,Towers with Radar,66,16,23,0,105,0,0,21,23,44,66,16,44,23,149,28,32,60,209
10/18/2020,RIC,VA,AEA,EN,Towers with Radar,80,27,30,2,139,1,1,18,6,26,81,28,48,8,165,6,2,8,173
10/19/2020,RIC,VA,AEA,EN,Towers with Radar,77,24,32,9,142,0,1,26,0,27,77,25,58,9,169,104,14,118,287
10/20/2020,RIC,VA,AEA,EN,Towers with Radar,70,16,33,8,127,0,0,21,6,27,70,16,54,14,154,20,18,38,192
10/21/2020,RIC,VA,AEA,EN,Towers with Radar,70,16,38,6,130,0,0,13,10,23,70,16,51,16,153,32,12,44,197
10/22/2020,RIC,VA,AEA,EN,Towers with Radar,88,20,45,5,158,0,4,25,22,51,88,24,70,27,209,70,0,70,279
10/23/2020,RIC,VA,AEA,EN,Towers with Radar,90,22,27,0,139,0,2,16,1,19,90,24,43,1,158,14,2,16,174
10/24/2020,RIC,VA,AEA,EN,Towers with Radar,59,19,13,0,91,0,6,22,0,28,59,25,35,0,119,10,0,10,129
10/25/2020,RIC,VA,AEA,EN,Towers with Radar,72,23,18,2,115,0,0,0,0,0,72,23,18,2,115,0,0,0,115
10/26/2020,RIC,VA,AEA,EN,Towers with Radar,73,19,33,14,139,0,0,3,0,3,73,19,36,14,142,0,0,0,142
10/27/2020,RIC,VA,AEA,EN,Towers with Radar,64,16,36,8,124,0,0,1,0,1,64,16,37,8,125,0,0,0,125
10/28/2020,RIC,VA,AEA,EN,Towers with Radar,69,19,43,19,150,0,0,19,13,32,69,19,62,32,182,35,8,43,225
10/29/2020,RIC,VA,AEA,EN,Towers with Radar,81,36,16,0,133,0,0,1,7,8,81,36,17,7,141,0,0,0,141
10/30/2020,RIC,VA,AEA,EN,Towers with Radar,85,24,34,4,147,2,7,13,6,28,87,31,47,10,175,28,22,50,225
10/31/2020,RIC,VA,AEA,EN,Towers with Radar,48,18,21,0,87,0,3,29,0,32,48,21,50,0,119,18,0,18,137
11/01/2020,RIC,VA,AEA,EN,Towers with Radar,67,22,14,0,103,0,1,9,0,10,67,23,23,0,113,0,0,0,113
11/02/2020,RIC,VA,AEA,EN,Towers with Radar,71,21,25,7,124,0,0,13,5,18,71,21,38,12,142,0,0,0,142
11/03/2020,RIC,VA,AEA,EN,Towers with Radar,69,15,18,11,113,0,4,33,6,43,69,19,51,17,156,20,3,23,179
11/04/2020,RIC,VA,AEA,EN,Towers with Radar,68,17,27,3,115,0,1,30,6,37,68,18,57,9,152,142,4,146,298
11/05/2020,RIC,VA,AEA,EN,Towers with Radar,88,25,22,2,137,0,1,42,12,55,88,26,64,14,192,74,0,74,266
11/06/2020,RIC,VA,AEA,EN,Towers with Radar,84,20,25,0,129,0,2,26,2,30,84,22,51,2,159,72,0,72,231
11/07/2020,RIC,VA,AEA,EN,Towers with Radar,62,15,23,2,102,0,4,25,2,31,62,19,48,4,133,18,0,18,151
11/08/2020,RIC,VA,AEA,EN,Towers with Radar,76,24,21,8,129,0,2,14,0,16,76,26,35,8,145,68,0,68,213
11/09/2020,RIC,VA,AEA,EN,Towers with Radar,89,21,25,1,136,0,1,29,7,37,89,22,54,8,173,26,10,36,209
11/10/2020,RIC,VA,AEA,EN,Towers with Radar,64,16,25,15,120,0,5,36,12,53,64,21,61,27,173,64,0,64,237
11/11/2020,RIC,VA,AEA,EN,Towers with Radar,69,10,33,0,112,0,0,1,0,1,69,10,34,0,113,0,0,0,113
11/12/2020,RIC,VA,AEA,EN,Towers with Radar,85,21,15,2,123,0,0,0,0,0,85,21,15,2,123,0,0,0,123
11/13/2020,RIC,VA,AEA,EN,Towers with Radar,85,19,33,8,145,0,2,10,12,24,85,21,43,20,169,30,0,30,199
11/14/2020,RIC,VA,AEA,EN,Towers with Radar,62,17,23,3,105,0,2,22,1,25,62,19,45,4,130,82,0,82,212
11/15/2020,RIC,VA,AEA,EN,Towers with Radar,77,13,18,0,108,0,0,3,0,3,77,13,21,0,111,0,0,0,111
11/16/2020,RIC,VA,AEA,EN,Towers with Radar,72,19,32,18,141,0,3,36,10,49,72,22,68,28,190,62,4,66,256
11/17/2020,RIC,VA,AEA,EN,Towers with Radar,62,23,32,2,119,0,3,17,10,30,62,26,49,12,149,0,12,12,161
11/18/2020,RIC,VA,AEA,EN,Towers with Radar,72,14,28,28,142,0,0,20,12,32,72,14,48,40,174,26,22,48,222
11/19/2020,RIC,VA,AEA,EN,Towers with Radar,96,24,31,0,151,0,2,33,15,50,96,26,64,15,201,84,4,88,289
11/20/2020,RIC,VA,AEA,EN,Towers with Radar,97,22,36,2,157,0,1,34,11,46,97,23,70,13,203,62,0,62,265
11/21/2020,RIC,VA,AEA,EN,Towers with Radar,79,26,26,0,131,0,8,34,34,76,79,34,60,34,207,52,0,52,259
11/22/2020,RIC,VA,AEA,EN,Towers with Radar,80,20,24,0,124,0,10,10,2,22,80,30,34,2,146,14,0,14,160
11/23/2020,RIC,VA,AEA,EN,Towers with Radar,93,17,16,15,141,0,0,14,4,18,93,17,30,19,159,2,30,32,191
11/24/2020,RIC,VA,AEA,EN,Towers with Radar,114,23,41,5,183,0,1,24,1,26,114,24,65,6,209,28,6,34,243
11/25/2020,RIC,VA,AEA,EN,Towers with Radar,106,23,27,14,170,0,1,23,3,27,106,24,50,17,197,38,14,52,249
11/26/2020,RIC,VA,AEA,EN,Towers with Radar,43,6,6,0,55,0,0,3,0,3,43,6,9,0,58,0,0,0,58
11/27/2020,RIC,VA,AEA,EN,Towers with Radar,78,14,6,0,98,0,0,10,0,10,78,14,16,0,108,10,0,10,118
11/28/2020,RIC,VA,AEA,EN,Towers with Radar,85,24,17,0,126,0,2,25,0,27,85,26,42,0,153,2,0,2,155
11/29/2020,RIC,VA,AEA,EN,Towers with Radar,86,24,37,0,147,0,3,12,0,15,86,27,49,0,162,4,0,4,166
11/30/2020,RIC,VA,AEA,EN,Towers with Radar,90,28,24,0,142,0,0,0,4,4,90,28,24,4,146,8,0,8,154
12/01/2020,RIC,VA,AEA,EN,Towers with Radar,93,20,37,8,158,0,0,3,7,10,93,20,40,15,168,0,0,0,168
12/02/2020,RIC,VA,AEA,EN,Towers with Radar,75,18,37,2,132,0,5,36,11,52,75,23,73,13,184,50,0,50,234
12/03/2020,RIC,VA,AEA,EN,Towers with Radar,86,27,27,7,147,0,5,36,20,61,86,32,63,27,208,32,20,52,260
12/04/2020,RIC,VA,AEA,EN,Towers with Radar,91,32,26,16,165,0,0,21,6,27,91,32,47,22,192,0,6,6,198
12/05/2020,RIC,VA,AEA,EN,Towers with Radar,61,21,19,1,102,0,0,4,22,26,61,21,23,23,128,34,46,80,208
12/06/2020,RIC,VA,AEA,EN,Towers with Radar,69,18,30,3,120,0,3,28,2,33,69,21,58,5,153,10,0,10,163
12/07/2020,RIC,VA,AEA,EN,Towers with Radar,70,20,12,3,105,0,0,9,0,9,70,20,21,3,114,0,0,0,114
12/08/2020,RIC,VA,AEA,EN,Towers with Radar,76,22,27,5,130,0,10,30,5,45,76,32,57,10,175,14,12,26,201
12/09/2020,RIC,VA,AEA,EN,Towers with Radar,74,20,30,9,133,0,2,33,23,58,74,22,63,32,191,14,6,20,211
12/10/2020,RIC,VA,AEA,EN,Towers with Radar,87,30,27,12,156,0,0,37,15,52,87,30,64,27,208,92,0,92,300
12/11/2020,RIC,VA,AEA,EN,Towers with Radar,83,32,31,12,158,0,0,39,0,39,83,32,70,12,197,42,0,42,239
12/12/2020,RIC,VA,AEA,EN,Towers with Radar,59,15,23,0,97,0,1,19,0,20,59,16,42,0,117,20,0,20,137
12/13/2020,RIC,VA,AEA,EN,Towers with Radar,70,23,25,0,118,0,2,19,1,22,70,25,44,1,140,0,0,0,140
12/14/2020,RIC,VA,AEA,EN,Towers with Radar,71,28,5,18,122,0,2,0,3,5,71,30,5,21,127,8,0,8,135
12/15/2020,RIC,VA,AEA,EN,Towers with Radar,77,19,26,6,128,0,3,20,5,28,77,22,46,11,156,13,20,33,189
12/16/2020,RIC,VA,AEA,EN,Towers with Radar,68,20,13,7,108,0,0,0,0,0,68,20,13,7,108,0,0,0,108
12/17/2020,RIC,VA,AEA,EN,Towers with Radar,85,31,23,6,145,0,0,25,18,43,85,31,48,24,188,84,28,112,300
12/18/2020,RIC,VA,AEA,EN,Towers with Radar,105,26,31,3,165,0,1,36,0,37,105,27,67,3,202,66,0,66,268
12/19/2020,RIC,VA,AEA,EN,Towers with Radar,93,19,18,6,136,0,9,24,0,33,93,28,42,6,169,22,0,22,191
12/20/2020,RIC,VA,AEA,EN,Towers with Radar,94,15,14,0,123,0,5,2,2,9,94,20,16,2,132,0,0,0,132
12/21/2020,RIC,VA,AEA,EN,Towers with Radar,90,16,16,1,123,0,3,12,12,27,90,19,28,13,150,44,0,44,194
12/22/2020,RIC,VA,AEA,EN,Towers with Radar,104,22,23,11,160,0,2,17,5,24,104,24,40,16,184,4,11,15,199
12/23/2020,RIC,VA,AEA,EN,Towers with Radar,107,33,21,0,161,0,6,22,6,34,107,39,43,6,195,14,0,14,209
12/24/2020,RIC,VA,AEA,EN,Towers with Radar,84,17,11,0,112,0,0,2,0,2,84,17,13,0,114,10,0,10,124
12/25/2020,RIC,VA,AEA,EN,Towers with Radar,47,8,1,0,56,0,0,2,0,2,47,8,3,0,58,0,0,0,58
12/26/2020,RIC,VA,AEA,EN,Towers with Radar,81,25,21,0,127,0,6,6,0,12,81,31,27,0,139,0,0,0,139
12/27/2020,RIC,VA,AEA,EN,Towers with Radar,90,19,27,0,136,0,3,11,0,14,90,22,38,0,150,4,0,4,154
12/28/2020,RIC,VA,AEA,EN,Towers with Radar,83,26,14,2,125,0,4,15,0,19,83,30,29,2,144,26,0,26,170
12/29/2020,RIC,VA,AEA,EN,Towers with Radar,102,28,28,12,170,0,3,13,0,16,102,31,41,12,186,4,0,4,190
12/30/2020,RIC,VA,AEA,EN,Towers with Radar,101,34,30,2,167,0,1,21,3,25,101,35,51,5,192,0,0,0,192
12/31/2020,RIC,VA,AEA,EN,Towers with Radar,78,14,15,0,107,0,0,4,0,4,78,14,19,0,111,0,0,0,111
01/01/2021,RIC,VA,AEA,EN,Towers with Radar,56,15,2,0,73,0,0,0,0,0,56,15,2,0,73,0,0,0,73
01/02/2021,RIC,VA,AEA,EN,Towers with Radar,84,20,22,0,126,0,0,12,0,12,84,20,34,0,138,18,0,18,156
01/03/2021,RIC,VA,AEA,EN,Towers with Radar,91,21,21,0,133,0,0,1,0,1,91,21,22,0,134,0,0,0,134
01/04/2021,RIC,VA,AEA,EN,Towers with Radar,82,23,21,9,135,0,0,15,4,19,82,23,36,13,154,64,0,64,218
01/05/2021,RIC,VA,AEA,EN,Towers with Radar,77,16,33,10,136,0,0,11,6,17,77,16,44,16,153,34,0,34,187
01/06/2021,RIC,VA,AEA,EN,Towers with Radar,67,16,32,11,126,0,0,13,11,24,67,16,45,22,150,16,2,18,168
01/07/2021,RIC,VA,AEA,EN,Towers with Radar,91,38,36,10,175,0,3,34,7,44,91,41,70,17,219,24,0,24,243
01/08/2021,RIC,VA,AEA,EN,Towers with Radar,78,30,23,10,141,0,0,18,1,19,78,30,41,11,160,34,24,58,218
01/09/2021,RIC,VA,AEA,EN,Towers with Radar,56,21,25,1,103,0,4,20,0,24,56,25,45,1,127,18,0,18,145
01/10/2021,RIC,VA,AEA,EN,Towers with Radar,71,24,20,0,115,0,0,30,1,31,71,24,50,1,146,32,0,32,178
01/11/2021,RIC,VA,AEA,EN,Towers with Radar,72,25,23,7,127,0,1,27,4,32,72,26,50,11,159,20,0,20,179
01/12/2021,RIC,VA,AEA,EN,Towers with Radar,64,15,29,17,125,0,4,30,9,43,64,19,59,26,168,54,6,60,228
01/13/2021,RIC,VA,AEA,EN,Towers with Radar,61,26,27,22,136,0,0,33,13,46,61,26,60,35,182,24,14,38,220
01/14/2021,RIC,VA,AEA,EN,Towers with Radar,87,24,29,10,150,0,1,57,9,67,87,25,86,19,217,40,16,56,273
01/15/2021,RIC,VA,AEA,EN,Towers with Radar,81,33,30,1,145,0,0,13,2,15,81,33,43,3,160,0,2,2,162
01/16/2021,RIC,VA,AEA,EN,Towers with Radar,57,19,7,0,83,0,0,4,0,4,57,19,11,0,87,2,0,2,89
01/17/2021,RIC,VA,AEA,EN,Towers with Radar,66,22,17,0,105,0,0,35,2,37,66,22,52,2,142,10,0,10,152
01/18/2021,RIC,VA,AEA,EN,Towers with Radar,70,20,22,0,112,0,0,34,0,34,70,20,56,0,146,8,0,8,154
01/19/2021,RIC,VA,AEA,EN,Towers with Radar,67,17,14,6,104,0,1,25,12,38,67,18,39,18,142,38,6,44,186
01/20/2021,RIC,VA,AEA,EN,Towers with Radar,63,22,26,34,145,0,5,28,14,47,63,27,54,48,192,32,38,70,262
01/21/2021,RIC,VA,AEA,EN,Towers with Radar,86,22,27,4,139,5,2,29,8,44,91,24,56,12,183,70,26,96,279
01/22/2021,RIC,VA,AEA,EN,Towers with Radar,83,34,19,16,152,0,3,39,21,63,83,37,58,37,215,38,22,60,275
01/23/2021,RIC,VA,AEA,EN,Towers with Radar,57,18,19,5,99,0,0,21,21,42,57,18,40,26,141,0,0,0,141
01/24/2021,RIC,VA,AEA,EN,Towers with Radar,70,23,26,0,119,0,4,25,0,29,70,27,51,0,148,73,0,73,221
01/25/2021,RIC,VA,AEA,EN,Towers with Radar,70,24,20,7,121,0,0,7,0,7,70,24,27,7,128,68,6,74,202
01/26/2021,RIC,VA,AEA,EN,Towers with Radar,62,27,19,2,110,0,0,0,0,0,62,27,19,2,110,0,0,0,110
01/27/2021,RIC,VA,AEA,EN,Towers with Radar,90,29,36,19,174,0,0,36,9,45,90,29,72,28,219,54,30,84,303
01/28/2021,RIC,VA,AEA,EN,Towers with Radar,79,29,25,10,143,0,1,12,8,21,79,30,37,18,164,0,0,0,164
01/29/2021,RIC,VA,AEA,EN,Towers with Radar,82,33,31,21,167,0,2,36,3,41,82,35,67,24,208,2,28,30,238
01/30/2021,RIC,VA,AEA,EN,Towers with Radar,55,26,24,0,105,0,6,82,1,89,55,32,106,1,194,122,0,122,316
01/31/2021,RIC,VA,AEA,EN,Towers with Radar,60,22,2,0,84,0,0,2,0,2,60,22,4,0,86,0,0,0,86
02/01/2021,RIC,VA,AEA,EN,Towers with Radar,68,22,10,10,110,0,0,0,0,0,68,22,10,10,110,0,0,0,110
02/02/2021,RIC,VA,AEA,EN,Towers with Radar,61,16,14,6,97,0,2,2,10,14,61,18,16,16,111,8,36,44,155
02/03/2021,RIC,VA,AEA,EN,Towers with Radar,69,19,25,15,128,0,1,11,10,22,69,20,36,25,150,24,44,68,218
02/04/2021,RIC,VA,AEA,EN,Towers with Radar,100,26,34,0,160,0,4,63,33,100,100,30,97,33,260,42,2,44,304
02/05/2021,RIC,VA,AEA,EN,Towers with Radar,88,23,29,22,162,0,0,10,0,10,88,23,39,22,172,42,0,42,214
02/06/2021,RIC,VA,AEA,EN,Towers with Radar,60,27,18,0,105,0,0,37,0,37,60,27,55,0,142,18,0,18,160
02/07/2021,RIC,VA,AEA,EN,Towers with Radar,64,18,14,2,98,0,1,7,0,8,64,19,21,2,106,0,0,0,106
02/08/2021,RIC,VA,AEA,EN,Towers with Radar,70,22,27,9,128,0,2,16,6,24,70,24,43,15,152,6,8,14,166
02/09/2021,RIC,VA,AEA,EN,Towers with Radar,65,13,21,14,113,0,0,15,15,30,65,13,36,29,143,24,14,38,181
02/10/2021,RIC,VA,AEA,EN,Towers with Radar,61,31,33,12,137,0,0,17,6,23,61,31,50,18,160,56,8,64,224
02/11/2021,RIC,VA,AEA,EN,Towers with Radar,87,29,13,6,135,0,0,0,0,0,87,29,13,6,135,2,4,6,141
02/12/2021,RIC,VA,AEA,EN,Towers with Radar,81,19,9,0,109,0,0,0,0,0,81,19,9,0,109,0,0,0,109
02/13/2021,RIC,VA,AEA,EN,Towers with Radar,43,8,4,0,55,0,0,0,0,0,43,8,4,0,55,0,0,0,55
02/14/2021,RIC,VA,AEA,EN,Towers with Radar,74,22,17,0,113,0,0,0,0,0,74,22,17,0,113,0,0,0,113
02/15/2021,RIC,VA,AEA,EN,Towers with Radar,71,24,16,0,111,0,0,0,0,0,71,24,16,0,111,0,0,0,111
02/16/2021,RIC,VA,AEA,EN,Towers with Radar,54,17,22,24,117,0,0,23,6,29,54,17,45,30,146,0,0,0,146
02/17/2021,RIC,VA,AEA,EN,Towers with Radar,57,31,39,8,135,0,0,60,26,86,57,31,99,34,221,124,32,156,377
02/18/2021,RIC,VA,AEA,EN,Towers with Radar,43,7,3,0,53,0,0,1,0,1,43,7,4,0,54,0,0,0,54
02/19/2021,RIC,VA,AEA,EN,Towers with Radar,79,30,20,0,129,0,0,8,0,8,79,30,28,0,137,0,0,0,137
02/20/2021,RIC,VA,AEA,EN,Towers with Radar,70,25,17,5,117,0,0,22,32,54,70,25,39,37,171,30,4,34,205
02/21/2021,RIC,VA,AEA,EN,Towers with Radar,81,28,24,1,134,0,4,36,5,45,81,32,60,6,179,76,0,76,255
02/22/2021,RIC,VA,AEA,EN,Towers with Radar,85,35,23,8,151,0,0,5,0,5,85,35,28,8,156,0,18,18,174
02/23/2021,RIC,VA,AEA,EN,Towers with Radar,68,23,15,25,131,0,1,30,3,34,68,24,45,28,165,30,24,54,219
02/24/2021,RIC,VA,AEA,EN,Towers with Radar,74,31,37,35,177,4,0,44,7,55,78,31,81,42,232,12,58,70,302
02/25/2021,RIC,VA,AEA,EN,Towers with Radar,95,39,37,3,174,0,2,48,22,72,95,41,85,25,246,44,10,54,300
02/26/2021,RIC,VA,AEA,EN,Towers with Radar,90,28,24,6,148,0,1,25,2,28,90,29,49,8,176,72,10,82,258
02/27/2021,RIC,VA,AEA,EN,Towers with Radar,65,29,8,6,108,0,1,10,0,11,65,30,18,6,119,0,4,4,123
02/28/2021,RIC,VA,AEA,EN,Towers with Radar,86,30,28,0,144,0,0,4,0,4,86,30,32,0,148,0,0,0,148
03/01/2021,RIC,VA,AEA,EN,Towers with Radar,80,25,31,1,137,0,0,11,10,21,80,25,42,11,158,2,0,2,160
03/02/2021,RIC,VA,AEA,EN,Towers with Radar,70,25,26,12,133,0,3,36,14,53,70,28,62,26,186,34,0,34,220
03/03/2021,RIC,VA,AEA,EN,Towers with Radar,68,33,39,5,145,0,0,28,6,34,68,33,67,11,179,28,6,34,213
03/04/2021,RIC,VA,AEA,EN,Towers with Radar,100,45,27,8,180,0,0,32,8,40,100,45,59,16,220,32,0,32,252
03/05/2021,RIC,VA,AEA,EN,Towers with Radar,91,31,35,12,169,0,0,18,7,25,91,31,53,19,194,6,10,16,210
03/06/2021,RIC,VA,AEA,EN,Towers with Radar,71,31,25,3,130,0,1,27,16,44,71,32,52,19,174,8,4,12,186
03/07/2021,RIC,VA,AEA,EN,Towers with Radar,86,18,20,1,125,0,2,24,1,27,86,20,44,2,152,22,0,22,174
03/08/2021,RIC,VA,AEA,EN,Towers with Radar,82,34,35,3,154,0,0,31,1,32,82,34,66,4,186,50,0,50,236
03/09/2021,RIC,VA,AEA,EN,Towers with Radar,74,31,22,4,131,0,0,30,6,36,74,31,52,10,167,24,0,24,191
03/10/2021,RIC,VA,AEA,EN,Towers with Radar,72,30,29,6,137,0,4,51,14,69,72,34,80,20,206,68,4,72,278
03/11/2021,RIC,VA,AEA,EN,Towers with Radar,101,25,33,17,176,0,3,32,16,51,101,28,65,33,227,42,14,56,283
03/12/2021,RIC,VA,AEA,EN,Towers with Radar,96,39,32,2,169,0,0,26,0,26,96,39,58,2,195,58,1,59,254
03/13/2021,RIC,VA,AEA,EN,Towers with Radar,69,25,20,1,115,0,2,38,0,40,69,27,58,1,155,74,0,74,229
03/14/2021,RIC,VA,AEA,EN,Towers with Radar,90,28,13,3,134,0,0,25,0,25,90,28,38,3,159,12,0,12,171
03/15/2021,RIC,VA,AEA,EN,Towers with Radar,77,33,26,9,145,0,0,36,1,37,77,33,62,10,182,22,0,22,204
03/16/2021,RIC,VA,AEA,EN,Towers with Radar,77,28,32,0,137,0,0,0,0,0,77,28,32,0,137,0,0,0,137
03/17/2021,RIC,VA,AEA,EN,Towers with Radar,73,24,39,9,145,0,0,7,3,10,73,24,46,12,155,0,0,0,155
03/18/2021,RIC,VA,AEA,EN,Towers with Radar,94,30,23,0,147,0,0,0,0,0,94,30,23,0,147,0,0,0,147
03/19/2021,RIC,VA,AEA,EN,Towers with Radar,93,36,37,0,166,0,4,6,2,12,93,40,43,2,178,2,0,2,180
03/20/2021,RIC,VA,AEA,EN,Towers with Radar,66,29,39,8,142,0,1,25,1,27,66,30,64,9,169,0,0,0,169
03/21/2021,RIC,VA,AEA,EN,Towers with Radar,89,24,39,0,152,0,0,30,3,33,89,24,69,3,185,20,0,20,205
03/22/2021,RIC,VA,AEA,EN,Towers with Radar,81,23,42,6,152,0,0,32,1,33,81,23,74,7,185,26,19,45,230
03/23/2021,RIC,VA,AEA,EN,Towers with Radar,80,25,20,31,156,0,0,17,11,28,80,25,37,42,184,32,20,52,236
03/24/2021,RIC,VA,AEA,EN,Towers with Radar,80,27,24,4,135,0,0,0,0,0,80,27,24,4,135,0,0,0,135
03/25/2021,RIC,VA,AEA,EN,Towers with Radar,100,40,40,31,211,0,0,14,17,31,100,40,54,48,242,58,36,94,336
03/26/2021,RIC,VA,AEA,EN,Towers with Radar,96,36,24,2,158,0,2,13,4,19,96,38,37,6,177,0,2,2,179
03/27/2021,RIC,VA,AEA,EN,Towers with Radar,71,34,35,1,141,0,2,31,1,34,71,36,66,2,175,26,0,26,201
03/28/2021,RIC,VA,AEA,EN,Towers with Radar,92,19,17,0,128,0,0,0,0,0,92,19,17,0,128,0,0,0,128
03/29/2021,RIC,VA,AEA,EN,Towers with Radar,90,38,42,15,185,0,2,32,1,35,90,40,74,16,220,46,12,58,278
03/30/2021,RIC,VA,AEA,EN,Towers with Radar,82,21,28,8,139,0,8,20,15,43,82,29,48,23,182,34,28,62,244
03/31/2021,RIC,VA,AEA,EN,Towers with Radar,85,30,28,0,143,0,3,3,7,13,85,33,31,7,156,16,22,38,194
04/01/2021,RIC,VA,AEA,EN,Towers with Radar,101,34,26,14,175,0,0,11,6,17,101,34,37,20,192,0,10,10,202
04/02/2021,RIC,VA,AEA,EN,Towers with Radar,96,47,28,3,174,0,1,9,3,13,96,48,37,6,187,8,10,18,205
04/03/2021,RIC,VA,AEA,EN,Towers with Radar,73,32,20,0,125,0,0,32,3,35,73,32,52,3,160,2,0,2,162
04/04/2021,RIC,VA,AEA,EN,Towers with Radar,89,37,16,0,142,0,1,13,2,16,89,38,29,2,158,46,0,46,204
04/05/2021,RIC,VA,AEA,EN,Towers with Radar,87,33,39,6,165,0,0,44,0,44,87,33,83,6,209,52,4,56,265
04/06/2021,RIC,VA,AEA,EN,Towers with Radar,82,28,34,4,148,0,1,39,15,55,82,29,73,19,203,72,2,74,277
04/07/2021,RIC,VA,AEA,EN,Towers with Radar,81,34,33,8,156,0,5,36,16,57,81,39,69,24,213,44,8,52,265
04/08/2021,RIC,VA,AEA,EN,Towers with Radar,100,34,41,4,179,0,5,36,23,64,100,39,77,27,243,16,0,16,259
04/09/2021,RIC,VA,AEA,EN,Towers with Radar,103,35,36,0,174,0,1,2,3,6,103,36,38,3,180,52,8,60,240
04/10/2021,RIC,VA,AEA,EN,Towers with Radar,75,38,20,11,144,0,3,7,6,16,75,41,27,17,160,30,16,46,206
04/11/2021,RIC,VA,AEA,EN,Towers with Radar,82,30,24,2,138,0,4,17,4,25,82,34,41,6,163,34,8,42,205
04/12/2021,RIC,VA,AEA,EN,Towers with Radar,92,24,35,10,161,0,4,34,5,43,92,28,69,15,204,36,0,36,240
04/13/2021,RIC,VA,AEA,EN,Towers with Radar,78,33,39,3,153,0,2,22,18,42,78,35,61,21,195,58,0,58,253
04/14/2021,RIC,VA,AEA,EN,Towers with Radar,81,28,34,2,145,0,0,53,16,69,81,28,87,18,214,46,16,62,276
04/15/2021,RIC,VA,AEA,EN,Towers with Radar,109,33,43,36,221,0,0,13,17,30,109,33,56,53,251,28,0,28,279
04/16/2021,RIC,VA,AEA,EN,Towers with Radar,101,40,34,11,186,0,1,26,5,32,101,41,60,16,218,8,10,18,236
04/17/2021,RIC,VA,AEA,EN,Towers with Radar,73,42,43,1,159,0,3,23,2,28,73,45,66,3,187,82,22,104,291
04/18/2021,RIC,VA,AEA,EN,Towers with Radar,93,39,56,8,196,0,0,20,3,23,93,39,76,11,219,8,6,14,233
04/19/2021,RIC,VA,AEA,EN,Towers with Radar,88,29,31,0,148,0,1,6,0,7,88,30,37,0,155,1,6,7,162
04/20/2021,RIC,VA,AEA,EN,Towers with Radar,80,24,32,23,159,0,1,31,9,41,80,25,63,32,200,64,0,64,264
04/21/2021,RIC,VA,AEA,EN,Towers with Radar,85,29,24,17,155,0,0,13,8,21,85,29,37,25,176,0,2,2,178
04/22/2021,RIC,VA,AEA,EN,Towers with Radar,105,35,23,10,173,0,3,19,8,30,105,38,42,18,203,8,10,18,221
04/23/2021,RIC,VA,AEA,EN,Towers with Radar,97,37,37,8,179,0,6,50,3,59,97,43,87,11,238,40,0,40,278
04/24/2021,RIC,VA,AEA,EN,Towers with Radar,75,28,17,0,120,0,6,8,0,14,75,34,25,0,134,100,0,100,234
04/25/2021,RIC,VA,AEA,EN,Towers with Radar,91,33,21,0,145,0,3,0,0,3,91,36,21,0,148,0,0,0,148
04/26/2021,RIC,VA,AEA,EN,Towers with Radar,90,33,43,16,182,0,2,38,4,44,90,35,81,20,226,44,20,64,290
04/27/2021,RIC,VA,AEA,EN,Towers with Radar,80,24,36,10,150,0,3,34,13,50,80,27,70,23,200,2,2,4,204
04/28/2021,RIC,VA,AEA,EN,Towers with Radar,80,23,30,8,141,0,2,32,6,40,80,25,62,14,181,84,8,92,273
04/29/2021,RIC,VA,AEA,EN,Towers with Radar,106,41,39,17,203,0,2,23,21,46,106,43,62,38,249,56,20,76,325
04/30/2021,RIC,VA,AEA,EN,Towers with Radar,107,42,25,11,185,0,0,2,1,3,107,42,27,12,188,0,0,0,188
05/01/2021,RIC,VA,AEA,EN,Towers with Radar,76,38,30,0,144,0,8,25,1,34,76,46,55,1,178,52,0,52,230
05/02/2021,RIC,VA,AEA,EN,Towers with Radar,89,32,20,2,143,0,7,23,0,30,89,39,43,2,173,72,0,72,245
05/03/2021,RIC,VA,AEA,EN,Towers with Radar,91,30,27,12,160,0,0,10,0,10,91,30,37,12,170,8,0,8,178
05/04/2021,RIC,VA,AEA,EN,Towers with Radar,80,30,32,4,146,0,1,25,13,39,80,31,57,17,185,76,6,82,267
05/05/2021,RIC,VA,AEA,EN,Towers with Radar,84,33,45,34,196,0,0,10,15,25,84,33,55,49,221,62,30,92,313
05/06/2021,RIC,VA,AEA,EN,Towers with Radar,108,37,50,7,202,0,6,47,28,81,108,43,97,35,283,76,4,80,363
05/07/2021,RIC,VA,AEA,EN,Towers with Radar,105,34,30,5,174,0,4,24,5,33,105,38,54,10,207,34,0,34,241
05/08/2021,RIC,VA,AEA,EN,Towers with Radar,85,35,30,0,150,0,2,16,2,20,85,37,46,2,170,0,0,0,170
05/09/2021,RIC,VA,AEA,EN,Towers with Radar,102,39,18,1,160,0,11,11,0,22,102,50,29,1,182,52,0,52,234
05/10/2021,RIC,VA,AEA,EN,Towers with Radar,99,35,25,17,176,0,4,12,9,25,99,39,37,26,201,34,2,36,237
05/11/2021,RIC,VA,AEA,EN,Towers with Radar,91,40,37,2,170,0,4,35,34,73,91,44,72,36,243,72,24,96,339
05/12/2021,RIC,VA,AEA,EN,Towers with Radar,96,37,48,3,184,0,0,25,9,34,96,37,73,12,218,58,4,62,280
05/13/2021,RIC,VA,AEA,EN,Towers with Radar,115,26,37,5,183,0,5,37,18,60,115,31,74,23,243,72,12,84,327
05/14/2021,RIC,VA,AEA,EN,Towers with Radar,111,38,38,7,194,0,5,37,6,48,111,43,75,13,242,90,0,90,332
05/15/2021,RIC,VA,AEA,EN,Towers with Radar,87,30,24,4,145,0,4,15,0,19,87,34,39,4,164,14,0,14,178
05/16/2021,RIC,VA,AEA,EN,Towers with Radar,104,28,16,1,149,0,12,7,0,19,104,40,23,1,168,18,0,18,186
05/17/2021,RIC,VA,AEA,EN,Towers with Radar,98,27,20,21,166,0,3,31,1,35,98,30,51,22,201,36,2,38,239
05/18/2021,RIC,VA,AEA,EN,Towers with Radar,96,34,40,36,206,0,3,31,6,40,96,37,71,42,246,96,24,120,366
05/19/2021,RIC,VA,AEA,EN,Towers with Radar,97,42,45,2,186,0,0,32,0,32,97,42,77,2,218,0,0,0,218
05/20/2021,RIC,VA,AEA,EN,Towers with Radar,114,39,48,0,201,0,3,22,9,34,114,42,70,9,235,46,0,46,281
05/21/2021,RIC,VA,AEA,EN,Towers with Radar,104,30,40,1,175,0,4,27,3,34,104,34,67,4,209,60,0,60,269
05/22/2021,RIC,VA,AEA,EN,Towers with Radar,84,34,34,0,152,0,6,13,14,33,84,40,47,14,185,46,4,50,235
05/23/2021,RIC,VA,AEA,EN,Towers with Radar,99,31,36,0,166,0,2,4,0,6,99,33,40,0,172,8,0,8,180
05/24/2021,RIC,VA,AEA,EN,Towers with Radar,101,27,44,30,202,0,1,9,8,18,101,28,53,38,220,0,60,60,280
05/25/2021,RIC,VA,AEA,EN,Towers with Radar,91,42,38,15,186,0,2,7,6,15,91,44,45,21,201,35,12,47,248
05/26/2021,RIC,VA,AEA,EN,Towers with Radar,114,28,33,23,198,0,5,16,18,39,114,33,49,41,237,44,58,102,339
05/27/2021,RIC,VA,AEA,EN,Towers with Radar,119,37,28,4,188,0,1,28,13,42,119,38,56,17,230,42,5,47,277
05/28/2021,RIC,VA,AEA,EN,Towers with Radar,110,29,28,1,168,0,3,10,2,15,110,32,38,3,183,52,0,52,235
05/29/2021,RIC,VA,AEA,EN,Towers with Radar,80,30,15,1,126,0,0,0,0,0,80,30,15,1,126,0,0,0,126
05/30/2021,RIC,VA,AEA,EN,Towers with Radar,87,13,11,0,111,1,0,3,0,4,88,13,14,0,115,0,0,0,115
05/31/2021,RIC,VA,AEA,EN,Towers with Radar,91,27,31,0,149,0,3,17,2,22,91,30,48,2,171,96,0,96,267
06/01/2021,RIC,VA,AEA,EN,Towers with Radar,94,30,40,2,166,0,0,33,20,53,94,30,73,22,219,32,5,37,256
06/02/2021,RIC,VA,AEA,EN,Towers with Radar,98,40,51,12,201,0,1,18,14,33,98,41,69,26,234,52,8,60,294
06/03/2021,RIC,VA,AEA,EN,Towers with Radar,120,41,24,16,201,0,0,3,12,15,120,41,27,28,216,2,2,4,220
06/04/2021,RIC,VA,AEA,EN,Towers with Radar,124,34,31,18,207,0,2,21,3,26,124,36,52,21,233,40,4,44,277
06/05/2021,RIC,VA,AEA,EN,Towers with Radar,103,19,39,0,161,0,7,25,2,34,103,26,64,2,195,74,0,74,269
06/06/2021,RIC,VA,AEA,EN,Towers with Radar,119,24,21,0,164,0,3,12,4,19,119,27,33,4,183,38,0,38,221
06/07/2021,RIC,VA,AEA,EN,Towers with Radar,118,22,26,5,171,0,3,21,12,36,118,25,47,17,207,30,1,31,238
06/08/2021,RIC,VA,AEA,EN,Towers with Radar,129,26,29,21,205,0,3,14,43,60,129,29,43,64,265,64,22,86,351
06/09/2021,RIC,VA,AEA,EN,Towers with Radar,114,35,28,6,183,0,0,12,8,20,114,35,40,14,203,50,0,50,253
06/10/2021,RIC,VA,AEA,EN,Towers with Radar,141,34,44,7,226,0,0,6,10,16,141,34,50,17,242,54,0,54,296
06/11/2021,RIC,VA,AEA,EN,Towers with Radar,130,24,31,7,192,0,0,0,7,7,130,24,31,14,199,0,0,0,199
06/12/2021,RIC,VA,AEA,EN,Towers with Radar,99,25,32,0,156,0,2,5,12,19,99,27,37,12,175,4,2,6,181
06/13/2021,RIC,VA,AEA,EN,Towers with Radar,115,22,14,0,151,0,7,23,3,33,115,29,37,3,184,60,0,60,244
06/14/2021,RIC,VA,AEA,EN,Towers with Radar,129,23,33,5,190,0,0,18,4,22,129,23,51,9,212,84,0,84,296
06/15/2021,RIC,VA,AEA,EN,Towers with Radar,135,32,35,7,209,0,1,14,27,42,135,33,49,34,251,54,0,54,305
06/16/2021,RIC,VA,AEA,EN,Towers with Radar,117,30,44,7,198,0,0,19,34,53,117,30,63,41,251,46,8,54,305
06/17/2021,RIC,VA,AEA,EN,Towers with Radar,130,32,47,6,215,0,0,23,12,35,130,32,70,18,250,30,20,50,300
06/18/2021,RIC,VA,AEA,EN,Towers with Radar,124,45,33,0,202,0,2,26,12,40,124,47,59,12,242,64,0,64,306
06/19/2021,RIC,VA,AEA,EN,Towers with Radar,102,27,11,1,141,0,0,21,1,22,102,27,32,2,163,6,0,6,169
06/20/2021,RIC,VA,AEA,EN,Towers with Radar,113,31,18,1,163,0,0,5,3,8,113,31,23,4,171,0,0,0,171
06/21/2021,RIC,VA,AEA,EN,Towers with Radar,120,35,34,2,191,0,1,15,5,21,120,36,49,7,212,38,0,38,250
06/22/2021,RIC,VA,AEA,EN,Towers with Radar,128,23,36,10,197,0,0,8,17,25,128,23,44,27,222,58,4,62,284
06/23/2021,RIC,VA,AEA,EN,Towers with Radar,119,32,52,8,211,0,0,28,20,48,119,32,80,28,259,82,10,92,351
06/24/2021,RIC,VA,AEA,EN,Towers with Radar,129,47,28,13,217,0,0,40,31,71,129,47,68,44,288,76,0,76,364
06/25/2021,RIC,VA,AEA,EN,Towers with Radar,125,30,23,8,186,0,3,12,5,20,125,33,35,13,206,12,0,12,218
06/26/2021,RIC,VA,AEA,EN,Towers with Radar,101,18,31,2,152,0,5,7,4,16,101,23,38,6,168,30,0,30,198
06/27/2021,RIC,VA,AEA,EN,Towers with Radar,113,22,28,2,165,0,0,17,4,21,113,22,45,6,186,22,0,22,208
06/28/2021,RIC,VA,AEA,EN,Towers with Radar,123,21,28,14,186,0,1,33,2,36,123,22,61,16,222,36,8,44,266
06/29/2021,RIC,VA,AEA,EN,Towers with Radar,124,30,21,6,181,0,7,24,35,66,124,37,45,41,247,60,26,86,333
06/30/2021,RIC,VA,AEA,EN,Towers with Radar,125,33,44,10,212,0,4,19,15,38,125,37,63,25,250,12,2,14,264
07/01/2021,RIC,VA,AEA,EN,Towers with Radar,132,25,30,5,192,1,0,6,6,13,133,25,36,11,205,16,4,20,225
07/02/2021,RIC,VA,AEA,EN,Towers with Radar,131,33,17,3,184,0,1,6,0,7,131,34,23,3,191,16,0,16,207
07/03/2021,RIC,VA,AEA,EN,Towers with Radar,103,25,25,3,156,0,1,14,3,18,103,26,39,6,174,20,0,20,194
07/04/2021,RIC,VA,AEA,EN,Towers with Radar,97,14,10,0,121,0,0,24,5,29,97,14,34,5,150,6,0,6,156
07/05/2021,RIC,VA,AEA,EN,Towers with Radar,108,28,18,2,156,0,0,25,2,27,108,28,43,4,183,8,0,8,191
07/06/2021,RIC,VA,AEA,EN,Towers with Radar,129,33,30,10,202,0,2,17,36,55,129,35,47,46,257,52,12,64,321
07/07/2021,RIC,VA,AEA,EN,Towers with Radar,130,35,23,16,204,0,1,32,22,55,130,36,55,38,259,50,10,60,319
07/08/2021,RIC,VA,AEA,EN,Towers with Radar,128,28,23,4,183,0,2,1,3,6,128,30,24,7,189,0,0,0,189
07/09/2021,RIC,VA,AEA,EN,Towers with Radar,147,32,38,8,225,0,0,10,18,28,147,32,48,26,253,50,12,62,315
07/10/2021,RIC,VA,AEA,EN,Towers with Radar,101,21,20,0,142,0,2,19,20,41,101,23,39,20,183,40,2,42,225
07/11/2021,RIC,VA,AEA,EN,Towers with Radar,123,19,24,0,166,0,0,1,1,2,123,19,25,1,168,0,0,0,168
07/12/2021,RIC,VA,AEA,EN,Towers with Radar,120,25,40,19,204,0,0,20,18,38,120,25,60,37,242,12,4,16,258
07/13/2021,RIC,VA,AEA,EN,Towers with Radar,126,35,32,9,202,0,1,39,13,53,126,36,71,22,255,28,26,54,309
07/14/2021,RIC,VA,AEA,EN,Towers with Radar,123,35,45,20,223,0,3,18,16,37,123,38,63,36,260,8,2,10,270
07/15/2021,RIC,VA,AEA,EN,Towers with Radar,136,40,33,3,212,0,6,31,14,51,136,46,64,17,263,62,0,62,325
07/16/2021,RIC,VA,AEA,EN,Towers with Radar,136,35,37,13,221,0,1,32,9,42,136,36,69,22,263,44,0,44,307
07/17/2021,RIC,VA,AEA,EN,Towers with Radar,109,24,23,0,156,0,4,13,1,18,109,28,36,1,174,18,0,18,192
07/18/2021,RIC,VA,AEA,EN,Towers with Radar,122,29,17,0,168,0,0,4,0,4,122,29,21,0,172,0,0,0,172
07/19/2021,RIC,VA,AEA,EN,Towers with Radar,125,35,36,6,202,0,5,15,22,42,125,40,51,28,244,40,13,53,297
07/20/2021,RIC,VA,AEA,EN,Towers with Radar,127,32,36,8,203,0,2,33,35,70,127,34,69,43,273,80,14,94,367
07/21/2021,RIC,VA,AEA,EN,Towers with Radar,129,44,46,14,233,0,3,14,16,33,129,47,60,30,266,2,18,20,286
07/22/2021,RIC,VA,AEA,EN,Towers with Radar,133,40,37,2,212,0,3,26,15,44,133,43,63,17,256,56,8,64,320
07/23/2021,RIC,VA,AEA,EN,Towers with Radar,137,45,38,4,224,0,2,35,12,49,137,47,73,16,273,36,14,50,323
07/24/2021,RIC,VA,AEA,EN,Towers with Radar,104,21,18,0,143,0,2,12,3,17,104,23,30,3,160,0,0,0,160
07/25/2021,RIC,VA,AEA,EN,Towers with Radar,118,25,18,0,161,0,1,6,3,10,118,26,24,3,171,0,0,0,171
07/26/2021,RIC,VA,AEA,EN,Towers with Radar,122,26,39,0,187,1,0,11,0,12,123,26,50,0,199,12,0,12,211
07/27/2021,RIC,VA,AEA,EN,Towers with Radar,130,22,51,0,203,0,0,10,13,23,130,22,61,13,226,16,2,18,244
07/28/2021,RIC,VA,AEA,EN,Towers with Radar,126,32,46,4,208,0,0,18,13,31,126,32,64,17,239,28,2,30,269
07/29/2021,RIC,VA,AEA,EN,Towers with Radar,135,38,42,15,230,0,0,14,7,21,135,38,56,22,251,26,0,26,277
07/30/2021,RIC,VA,AEA,EN,Towers with Radar,134,37,34,0,205,0,1,16,13,30,134,38,50,13,235,18,10,28,263
07/31/2021,RIC,VA,AEA,EN,Towers with Radar,103,24,23,0,150,0,1,20,0,21,103,25,43,0,171,0,0,0,171
08/01/2021,RIC,VA,AEA,EN,Towers with Radar,118,26,26,0,170,0,2,6,3,11,118,28,32,3,181,4,2,6,187
08/02/2021,RIC,VA,AEA,EN,Towers with Radar,118,29,62,9,218,0,2,20,5,27,118,31,82,14,245,0,0,0,245
08/03/2021,RIC,VA,AEA,EN,Towers with Radar,121,35,48,30,234,0,0,19,5,24,121,35,67,35,258,24,0,24,282
08/04/2021,RIC,VA,AEA,EN,Towers with Radar,118,30,35,19,202,0,1,11,7,19,118,31,46,26,221,72,50,122,343
08/05/2021,RIC,VA,AEA,EN,Towers with Radar,136,38,38,5,217,0,4,22,7,33,136,42,60,12,250,26,8,34,284
08/06/2021,RIC,VA,AEA,EN,Towers with Radar,132,32,20,0,184,0,1,21,6,28,132,33,41,6,212,10,0,10,222
08/07/2021,RIC,VA,AEA,EN,Towers with Radar,106,31,11,0,148,0,0,1,2,3,106,31,12,2,151,0,0,0,151
08/08/2021,RIC,VA,AEA,EN,Towers with Radar,112,23,24,6,165,0,2,10,1,13,112,25,34,7,178,2,8,10,188
08/09/2021,RIC,VA,AEA,EN,Towers with Radar,129,33,27,5,194,0,1,10,4,15,129,34,37,9,209,0,0,0,209
08/10/2021,RIC,VA,AEA,EN,Towers with Radar,132,34,36,3,205,0,0,12,7,19,132,34,48,10,224,4,0,4,228
08/11/2021,RIC,VA,AEA,EN,Towers with Radar,123,43,26,34,226,0,0,29,0,29,123,43,55,34,255,28,40,68,323
08/12/2021,RIC,VA,AEA,EN,Towers with Radar,134,35,35,12,216,0,2,8,4,14,134,37,43,16,230,26,32,58,288
08/13/2021,RIC,VA,AEA,EN,Towers with Radar,133,27,31,14,205,0,1,12,8,21,133,28,43,22,226,0,0,0,226
08/14/2021,RIC,VA,AEA,EN,Towers with Radar,114,30,22,0,166,0,0,14,0,14,114,30,36,0,180,0,0,0,180
08/15/2021,RIC,VA,AEA,EN,Towers with Radar,116,27,17,0,160,0,1,9,0,10,116,28,26,0,170,0,0,0,170
08/16/2021,RIC,VA,AEA,EN,Towers with Radar,130,39,42,4,215,0,0,1,3,4,130,39,43,7,219,0,0,0,219
08/17/2021,RIC,VA,AEA,EN,Towers with Radar,116,45,38,26,225,0,0,6,6,12,116,45,44,32,237,22,0,22,259
08/18/2021,RIC,VA,AEA,EN,Towers with Radar,123,47,38,3,211,0,0,4,3,7,123,47,42,6,218,0,0,0,218
08/19/2021,RIC,VA,AEA,EN,Towers with Radar,135,35,36,12,218,0,1,14,6,21,135,36,50,18,239,0,0,0,239
08/20/2021,RIC,VA,AEA,EN,Towers with Radar,133,36,36,4,209,0,1,2,4,7,133,37,38,8,216,46,2,48,264
08/21/2021,RIC,VA,AEA,EN,Towers with Radar,102,40,29,5,176,0,1,13,0,14,102,41,42,5,190,38,0,38,228
08/22/2021,RIC,VA,AEA,EN,Towers with Radar,117,29,23,0,169,0,0,12,0,12,117,29,35,0,181,0,0,0,181
08/23/2021,RIC,VA,AEA,EN,Towers with Radar,124,30,37,7,198,0,5,27,9,41,124,35,64,16,239,0,0,0,239
08/24/2021,RIC,VA,AEA,EN,Towers with Radar,119,43,34,1,197,0,0,14,5,19,119,43,48,6,216,8,0,8,224
08/25/2021,RIC,VA,AEA,EN,Towers with Radar,116,32,31,12,191,0,0,19,19,38,116,32,50,31,229,0,26,26,255
08/26/2021,RIC,VA,AEA,EN,Towers with Radar,137,42,56,20,255,0,0,17,24,41,137,42,73,44,296,42,16,58,354
08/27/2021,RIC,VA,AEA,EN,Towers with Radar,138,41,36,0,215,0,0,37,7,44,138,41,73,7,259,18,0,18,277
08/28/2021,RIC,VA,AEA,EN,Towers with Radar,99,31,19,0,149,0,1,11,4,16,99,32,30,4,165,0,0,0,165
08/29/2021,RIC,VA,AEA,EN,Towers with Radar,114,32,24,0,170,0,1,6,0,7,114,33,30,0,177,22,0,22,199
08/30/2021,RIC,VA,AEA,EN,Towers with Radar,121,41,25,10,197,0,0,13,5,18,121,41,38,15,215,0,0,0,215
08/31/2021,RIC,VA,AEA,EN,Towers with Radar,121,37,47,32,237,0,1,11,6,18,121,38,58,38,255,20,10,30,285
09/01/2021,RIC,VA,AEA,EN,Towers with Radar,119,33,30,5,187,0,0,2,1,3,119,33,32,6,190,0,0,0,190
09/02/2021,RIC,VA,AEA,EN,Towers with Radar,132,30,29,24,215,0,2,17,0,19,132,32,46,24,234,10,16,26,260
09/03/2021,RIC,VA,AEA,EN,Towers with Radar,131,29,40,0,200,0,3,26,0,29,131,32,66,0,229,62,0,62,291
09/04/2021,RIC,VA,AEA,EN,Towers with Radar,95,29,10,0,134,0,3,22,2,27,95,32,32,2,161,13,0,13,174
09/05/2021,RIC,VA,AEA,EN,Towers with Radar,94,18,14,0,126,0,0,13,0,13,94,18,27,0,139,14,0,14,153
09/06/2021,RIC,VA,AEA,EN,Towers with Radar,102,22,28,0,152,0,0,13,0,13,102,22,41,0,165,16,2,18,183
09/07/2021,RIC,VA,AEA,EN,Towers with Radar,105,30,33,27,195,0,2,33,1,36,105,32,66,28,231,29,30,59,290
09/08/2021,RIC,VA,AEA,EN,Towers with Radar,119,36,26,24,205,0,5,19,3,27,119,41,45,27,232,0,0,0,232
09/09/2021,RIC,VA,AEA,EN,Towers with Radar,131,42,46,16,235,0,2,4,5,11,131,44,50,21,246,0,8,8,254
09/10/2021,RIC,VA,AEA,EN,Towers with Radar,135,42,40,13,230,0,1,42,5,48,135,43,82,18,278,37,10,47,325
09/11/2021,RIC,VA,AEA,EN,Towers with Radar,109,39,65,0,213,0,1,28,7,36,109,40,93,7,249,0,0,0,249
09/12/2021,RIC,VA,AEA,EN,Towers with Radar,123,39,51,0,213,0,4,24,1,29,123,43,75,1,242,14,0,14,256
09/13/2021,RIC,VA,AEA,EN,Towers with Radar,133,31,34,20,218,0,2,38,4,44,133,33,72,24,262,64,4,68,330
09/14/2021,RIC,VA,AEA,EN,Towers with Radar,131,37,34,2,204,0,3,29,9,41,131,40,63,11,245,18,0,18,263
09/15/2021,RIC,VA,AEA,EN,Towers with Radar,125,40,25,49,239,0,11,39,8,58,125,51,64,57,297,32,12,44,341
09/16/2021,RIC,VA,AEA,EN,Towers with Radar,171,28,33,32,264,0,3,18,2,23,171,31,51,34,287,0,0,0,287
09/17/2021,RIC,VA,AEA,EN,Towers with Radar,143,43,46,0,232,0,0,19,3,22,143,43,65,3,254,0,0,0,254
09/18/2021,RIC,VA,AEA,EN,Towers with Radar,118,35,26,2,181,0,2,21,2,25,118,37,47,4,206,0,0,0,206
09/19/2021,RIC,VA,AEA,EN,Towers with Radar,131,24,26,14,195,0,0,24,1,25,131,24,50,15,220,22,0,22,242
09/20/2021,RIC,VA,AEA,EN,Towers with Radar,142,26,20,4,192,0,0,24,4,28,142,26,44,8,220,24,0,24,244
09/21/2021,RIC,VA,AEA,EN,Towers with Radar,132,34,51,0,217,0,0,34,4,38,132,34,85,4,255,2,0,2,257
09/22/2021,RIC,VA,AEA,EN,Towers with Radar,123,42,19,5,189,0,0,0,2,2,123,42,19,7,191,0,0,0,191
09/23/2021,RIC,VA,AEA,EN,Towers with Radar,144,46,45,13,248,0,0,15,8,23,144,46,60,21,271,20,14,34,305
09/24/2021,RIC,VA,AEA,EN,Towers with Radar,154,47,40,4,245,0,3,40,20,63,154,50,80,24,308,22,0,22,330
09/25/2021,RIC,VA,AEA,EN,Towers with Radar,109,31,23,0,163,0,3,30,3,36,109,34,53,3,199,0,0,0,199
09/26/2021,RIC,VA,AEA,EN,Towers with Radar,135,34,29,5,203,0,3,13,0,16,135,37,42,5,219,0,0,0,219
09/27/2021,RIC,VA,AEA,EN,Towers with Radar,134,32,30,0,196,0,2,24,5,31,134,34,54,5,227,3,0,3,230
09/28/2021,RIC,VA,AEA,EN,Towers with Radar,134,35,21,20,210,0,2,25,6,33,134,37,46,26,243,0,8,8,251
09/29/2021,RIC,VA,AEA,EN,Towers with Radar,132,33,35,4,204,0,7,30,8,45,132,40,65,12,249,54,12,66,315
09/30/2021,RIC,VA,AEA,EN,Towers with Radar,147,36,45,4,232,0,2,21,11,34,147,38,66,15,266,58,48,106,372
10/01/2021,RIC,VA,AEA,EN,Towers with Radar,148,45,65,1,259,0,4,31,11,46,148,49,96,12,305,20,0,20,325
10/02/2021,RIC,VA,AEA,EN,Towers with Radar,113,31,28,4,176,0,5,13,3,21,113,36,41,7,197,0,0,0,197
10/03/2021,RIC,VA,AEA,EN,Towers with Radar,132,51,44,0,227,0,4,5,0,9,132,55,49,0,236,0,0,0,236
10/04/2021,RIC,VA,AEA,EN,Towers with Radar,136,33,35,4,208,0,0,14,6,20,136,33,49,10,228,68,0,68,296
10/05/2021,RIC,VA,AEA,EN,Towers with Radar,129,41,33,8,211,0,0,11,17,28,129,41,44,25,239,58,2,60,299
10/06/2021,RIC,VA,AEA,EN,Towers with Radar,124,30,50,13,217,0,0,1,8,9,124,30,51,21,226,0,18,18,244
10/07/2021,RIC,VA,AEA,EN,Towers with Radar,145,36,53,6,240,0,0,3,8,11,145,36,56,14,251,50,8,58,309
10/08/2021,RIC,VA,AEA,EN,Towers with Radar,136,39,50,6,231,0,1,8,3,12,136,40,58,9,243,0,0,0,243
10/09/2021,RIC,VA,AEA,EN,Towers with Radar,112,33,25,2,172,0,0,0,0,0,112,33,25,2,172,0,0,0,172
10/10/2021,RIC,VA,AEA,EN,Towers with Radar,127,37,40,8,212,0,1,8,0,9,127,38,48,8,221,2,0,2,223
10/11/2021,RIC,VA,AEA,EN,Towers with Radar,136,42,28,4,210,0,2,2,1,5,136,44,30,5,215,26,0,26,241
10/12/2021,RIC,VA,AEA,EN,Towers with Radar,128,45,50,17,240,0,0,0,4,4,128,45,50,21,244,0,0,0,244
10/13/2021,RIC,VA,AEA,EN,Towers with Radar,128,40,50,8,226,0,3,19,8,30,128,43,69,16,256,84,4,88,344
10/14/2021,RIC,VA,AEA,EN,Towers with Radar,158,52,47,8,265,0,3,35,12,50,158,55,82,20,315,24,6,30,345
10/15/2021,RIC,VA,AEA,EN,Towers with Radar,139,41,56,6,242,0,3,30,4,37,139,44,86,10,279,119,2,121,400
10/16/2021,RIC,VA,AEA,EN,Towers with Radar,122,37,24,6,189,0,0,5,3,8,122,37,29,9,197,0,0,0,197
10/17/2021,RIC,VA,AEA,EN,Towers with Radar,131,29,37,1,198,0,5,32,3,40,131,34,69,4,238,26,0,26,264
10/18/2021,RIC,VA,AEA,EN,Towers with Radar,132,40,29,10,211,0,9,25,10,44,132,49,54,20,255,20,3,23,278
10/19/2021,RIC,VA,AEA,EN,Towers with Radar,131,42,42,12,227,0,5,29,17,51,131,47,71,29,278,110,12,122,400
10/20/2021,RIC,VA,AEA,EN,Towers with Radar,136,46,47,10,239,0,4,37,18,59,136,50,84,28,298,130,34,164,462
10/21/2021,RIC,VA,AEA,EN,Towers with Radar,141,46,40,1,228,0,2,35,14,51,141,48,75,15,279,108,8,116,395
10/22/2021,RIC,VA,AEA,EN,Towers with Radar,139,53,45,5,242,0,3,17,9,29,139,56,62,14,271,134,0,134,405
10/23/2021,RIC,VA,AEA,EN,Towers with Radar,112,37,17,0,166,0,4,20,8,32,112,41,37,8,198,0,0,0,198
10/24/2021,RIC,VA,AEA,EN,Towers with Radar,126,52,23,0,201,0,0,10,0,10,126,52,33,0,211,0,0,0,211
10/25/2021,RIC,VA,AEA,EN,Towers with Radar,128,32,29,4,193,0,0,9,9,18,128,32,38,13,211,106,14,120,331
10/26/2021,RIC,VA,AEA,EN,Towers with Radar,138,45,21,6,210,0,10,5,22,37,138,55,26,28,247,50,2,52,299
10/27/2021,RIC,VA,AEA,EN,Towers with Radar,132,36,37,15,220,0,3,19,11,33,132,39,56,26,253,70,38,108,361
10/28/2021,RIC,VA,AEA,EN,Towers with Radar,142,37,41,0,220,0,3,16,12,31,142,40,57,12,251,96,0,96,347
10/29/2021,RIC,VA,AEA,EN,Towers with Radar,141,38,23,0,202,0,2,2,2,6,141,40,25,2,208,0,0,0,208
10/30/2021,RIC,VA,AEA,EN,Towers with Radar,107,27,22,0,156,0,0,12,0,12,107,27,34,0,168,0,0,0,168
10/31/2021,RIC,VA,AEA,EN,Towers with Radar,106,25,32,0,163,0,1,13,0,14,106,26,45,0,177,36,0,36,213
11/01/2021,RIC,VA,AEA,EN,Towers with Radar,128,32,32,0,192,0,1,37,11,49,128,33,69,11,241,128,0,128,369
11/02/2021,RIC,VA,AEA,EN,Towers with Radar,141,31,35,8,215,0,1,7,11,19,141,32,42,19,234,36,4,40,274
11/03/2021,RIC,VA,AEA,EN,Towers with Radar,146,32,49,21,248,0,4,32,16,52,146,36,81,37,300,40,0,40,340
11/04/2021,RIC,VA,AEA,EN,Towers with Radar,166,28,32,14,240,0,6,36,9,51,166,34,68,23,291,70,0,70,361
11/05/2021,RIC,VA,AEA,EN,Towers with Radar,160,35,23,10,228,0,2,16,13,31,160,37,39,23,259,8,0,8,267
11/06/2021,RIC,VA,AEA,EN,Towers with Radar,119,23,18,3,163,0,1,15,2,18,119,24,33,5,181,0,0,0,181
11/07/2021,RIC,VA,AEA,EN,Towers with Radar,138,23,33,1,195,0,0,9,0,9,138,23,42,1,204,0,0,0,204
11/08/2021,RIC,VA,AEA,EN,Towers with Radar,156,27,42,3,228,0,6,28,15,49,156,33,70,18,277,12,0,12,289
11/09/2021,RIC,VA,AEA,EN,Towers with Radar,149,30,31,16,226,0,0,43,32,75,149,30,74,48,301,72,10,82,383
11/10/2021,RIC,VA,AEA,EN,Towers with Radar,151,32,37,2,222,0,0,33,22,55,151,32,70,24,277,22,0,22,299
11/11/2021,RIC,VA,AEA,EN,Towers with Radar,166,36,40,0,242,0,1,17,4,22,166,37,57,4,264,64,0,64,328
11/12/2021,RIC,VA,AEA,EN,Towers with Radar,163,40,32,0,235,0,6,16,2,24,163,46,48,2,259,60,0,60,319
11/13/2021,RIC,VA,AEA,EN,Towers with Radar,118,28,12,0,158,0,3,19,5,27,118,31,31,5,185,0,0,0,185
11/14/2021,RIC,VA,AEA,EN,Towers with Radar,138,32,18,0,188,0,4,38,1,43,138,36,56,1,231,82,2,84,315
11/15/2021,RIC,VA,AEA,EN,Towers with Radar,157,37,37,28,259,0,6,17,12,35,157,43,54,40,294,0,2,2,296
11/16/2021,RIC,VA,AEA,EN,Towers with Radar,151,35,42,17,245,0,1,39,19,59,151,36,81,36,304,82,10,92,396
11/17/2021,RIC,VA,AEA,EN,Towers with Radar,147,35,47,0,229,0,0,16,9,25,147,35,63,9,254,110,0,110,364
11/18/2021,RIC,VA,AEA,EN,Towers with Radar,168,36,37,0,241,0,1,21,8,30,168,37,58,8,271,14,0,14,285
11/19/2021,RIC,VA,AEA,EN,Towers with Radar,168,44,49,8,269,0,3,16,3,22,168,47,65,11,291,26,8,34,325
11/20/2021,RIC,VA,AEA,EN,Towers with Radar,121,30,16,6,173,0,2,33,7,42,121,32,49,13,215,0,0,0,215
11/21/2021,RIC,VA,AEA,EN,Towers with Radar,143,30,27,0,200,2,6,9,0,17,145,36,36,0,217,148,0,148,365
11/22/2021,RIC,VA,AEA,EN,Towers with Radar,154,34,30,10,228,0,2,10,2,14,154,36,40,12,242,42,6,48,290
11/23/2021,RIC,VA,AEA,EN,Towers with Radar,172,33,49,16,270,0,2,32,5,39,172,35,81,21,309,14,0,14,323
11/24/2021,RIC,VA,AEA,EN,Towers with Radar,170,34,22,0,226,0,0,20,5,25,170,34,42,5,251,24,18,42,293
11/25/2021,RIC,VA,AEA,EN,Towers with Radar,85,20,12,0,117,0,0,4,0,4,85,20,16,0,121,0,0,0,121
11/26/2021,RIC,VA,AEA,EN,Towers with Radar,117,22,10,0,149,0,0,4,5,9,117,22,14,5,158,16,0,16,174
11/27/2021,RIC,VA,AEA,EN,Towers with Radar,142,40,36,0,218,0,0,7,3,10,142,40,43,3,228,0,0,0,228
11/28/2021,RIC,VA,AEA,EN,Towers with Radar,152,38,32,0,222,0,2,20,0,22,152,40,52,0,244,78,1,79,323
11/29/2021,RIC,VA,AEA,EN,Towers with Radar,166,34,42,8,250,0,4,27,9,40,166,38,69,17,290,2,0,2,292
11/30/2021,RIC,VA,AEA,EN,Towers with Radar,162,37,39,10,248,0,6,20,4,30,162,43,59,14,278,20,0,20,298
12/01/2021,RIC,VA,AEA,EN,Towers with Radar,157,36,45,4,242,0,3,25,14,42,157,39,70,18,284,146,4,150,434
12/02/2021,RIC,VA,AEA,EN,Towers with Radar,171,29,36,9,245,0,2,14,6,22,171,31,50,15,267,54,14,68,335
12/03/2021,RIC,VA,AEA,EN,Towers with Radar,171,35,47,2,255,0,0,23,11,34,171,35,70,13,289,68,3,71,360
12/04/2021,RIC,VA,AEA,EN,Towers with Radar,118,28,26,0,172,0,2,14,9,25,118,30,40,9,197,84,0,84,281
12/05/2021,RIC,VA,AEA,EN,Towers with Radar,135,27,25,0,187,0,6,17,4,27,135,33,42,4,214,22,0,22,236
12/06/2021,RIC,VA,AEA,EN,Towers with Radar,148,25,26,10,209,0,4,7,9,20,148,29,33,19,229,30,4,34,263
12/07/2021,RIC,VA,AEA,EN,Towers with Radar,154,42,33,7,236,0,1,14,12,27,154,43,47,19,263,46,2,48,311
12/08/2021,RIC,VA,AEA,EN,Towers with Radar,140,43,37,13,233,0,1,26,9,36,140,44,63,22,269,90,10,100,369
12/09/2021,RIC,VA,AEA,EN,Towers with Radar,170,32,57,3,262,0,3,27,17,47,170,35,84,20,309,44,0,44,353
12/10/2021,RIC,VA,AEA,EN,Towers with Radar,161,32,52,1,246,0,1,21,8,30,161,33,73,9,276,22,0,22,298
12/11/2021,RIC,VA,AEA,EN,Towers with Radar,111,30,18,0,159,0,0,2,0,2,111,30,20,0,161,0,0,0,161
12/12/2021,RIC,VA,AEA,EN,Towers with Radar,127,23,25,1,176,0,0,22,0,22,127,23,47,1,198,38,0,38,236
12/13/2021,RIC,VA,AEA,EN,Towers with Radar,150,32,43,3,228,0,1,23,2,26,150,33,66,5,254,0,0,0,254
12/14/2021,RIC,VA,AEA,EN,Towers with Radar,143,26,38,12,219,0,4,31,10,45,143,30,69,22,264,34,0,34,298
12/15/2021,RIC,VA,AEA,EN,Towers with Radar,139,30,40,23,232,0,0,28,16,44,139,30,68,39,276,50,32,82,358
12/16/2021,RIC,VA,AEA,EN,Towers with Radar,165,32,48,9,254,0,2,16,17,35,165,34,64,26,289,26,22,48,337
12/17/2021,RIC,VA,AEA,EN,Towers with Radar,166,30,53,24,273,0,5,21,10,36,166,35,74,34,309,28,4,32,341
12/18/2021,RIC,VA,AEA,EN,Towers with Radar,121,30,23,2,176,0,0,0,0,0,121,30,23,2,176,0,0,0,176
12/19/2021,RIC,VA,AEA,EN,Towers with Radar,141,18,20,0,179,0,1,5,0,6,141,19,25,0,185,0,0,0,185
12/20/2021,RIC,VA,AEA,EN,Towers with Radar,152,18,38,8,216,0,3,31,6,40,152,21,69,14,256,48,0,48,304
12/21/2021,RIC,VA,AEA,EN,Towers with Radar,160,30,36,16,242,0,0,10,1,11,160,30,46,17,253,2,0,2,255
12/22/2021,RIC,VA,AEA,EN,Towers with Radar,158,28,38,17,241,0,0,13,3,16,158,28,51,20,257,26,18,44,301
12/23/2021,RIC,VA,AEA,EN,Towers with Radar,168,25,21,0,214,0,7,32,4,43,168,32,53,4,257,26,0,26,283
12/24/2021,RIC,VA,AEA,EN,Towers with Radar,107,14,2,0,123,0,3,4,6,13,107,17,6,6,136,0,0,0,136
12/25/2021,RIC,VA,AEA,EN,Towers with Radar,88,11,6,0,105,0,2,1,0,3,88,13,7,0,108,0,0,0,108
12/26/2021,RIC,VA,AEA,EN,Towers with Radar,115,22,28,0,165,0,1,11,2,14,115,23,39,2,179,12,0,12,191
12/27/2021,RIC,VA,AEA,EN,Towers with Radar,123,31,32,4,190,0,3,8,8,19,123,34,40,12,209,24,0,24,233
12/28/2021,RIC,VA,AEA,EN,Towers with Radar,134,19,28,34,215,0,0,11,7,18,134,19,39,41,233,12,8,20,253
12/29/2021,RIC,VA,AEA,EN,Towers with Radar,142,36,29,1,208,0,2,11,5,18,142,38,40,6,226,22,0,22,248
12/30/2021,RIC,VA,AEA,EN,Towers with Radar,144,34,18,7,203,0,0,0,0,0,144,34,18,7,203,0,0,0,203
12/31/2021,RIC,VA,AEA,EN,Towers with Radar,105,28,14,2,149,0,12,5,2,19,105,40,19,4,168,0,0,0,168
01/01/2022,RIC,VA,AEA,EN,Towers with Radar,97,23,12,0,132,0,0,0,4,4,97,23,12,4,136,0,0,0,136
01/02/2022,RIC,VA,AEA,EN,Towers with Radar,121,26,35,9,191,0,0,5,0,5,121,26,40,9,196,0,0,0,196
01/03/2022,RIC,VA,AEA,EN,Towers with Radar,99,17,11,3,130,0,0,1,1,2,99,17,12,4,132,0,0,0,132
01/04/2022,RIC,VA,AEA,EN,Towers with Radar,152,25,34,6,217,0,2,40,4,46,152,27,74,10,263,64,0,64,327
01/05/2022,RIC,VA,AEA,EN,Towers with Radar,128,24,46,12,210,0,0,8,4,12,128,24,54,16,222,0,0,0,222
01/06/2022,RIC,VA,AEA,EN,Towers with Radar,150,29,41,25,245,0,3,25,10,38,150,32,66,35,283,38,0,38,321
01/07/2022,RIC,VA,AEA,EN,Towers with Radar,125,22,24,36,207,0,3,5,5,13,125,25,29,41,220,0,60,60,280
01/08/2022,RIC,VA,AEA,EN,Towers with Radar,97,19,35,0,151,0,2,43,2,47,97,21,78,2,198,0,0,0,198
01/09/2022,RIC,VA,AEA,EN,Towers with Radar,126,19,27,1,173,0,4,2,0,6,126,23,29,1,179,12,0,12,191
01/10/2022,RIC,VA,AEA,EN,Towers with Radar,135,17,30,23,205,0,2,16,1,19,135,19,46,24,224,4,0,4,228
01/11/2022,RIC,VA,AEA,EN,Towers with Radar,133,23,38,28,222,1,0,26,2,29,134,23,64,30,251,6,0,6,257
01/12/2022,RIC,VA,AEA,EN,Towers with Radar,133,23,32,12,200,0,3,18,3,24,133,26,50,15,224,4,4,8,232
01/13/2022,RIC,VA,AEA,EN,Towers with Radar,152,30,35,2,219,0,0,28,4,32,152,30,63,6,251,52,0,52,303
01/14/2022,RIC,VA,AEA,EN,Towers with Radar,145,33,32,19,229,0,2,13,4,19,145,35,45,23,248,0,0,0,248
01/15/2022,RIC,VA,AEA,EN,Towers with Radar,103,23,37,4,167,0,2,15,9,26,103,25,52,13,193,0,0,0,193
01/16/2022,RIC,VA,AEA,EN,Towers with Radar,80,16,6,1,103,0,1,0,0,1,80,17,6,1,104,0,0,0,104
01/17/2022,RIC,VA,AEA,EN,Towers with Radar,125,15,22,1,163,0,1,1,0,2,125,16,23,1,165,0,0,0,165
01/18/2022,RIC,VA,AEA,EN,Towers with Radar,128,24,31,8,191,0,1,22,5,28,128,25,53,13,219,28,0,28,247
01/19/2022,RIC,VA,AEA,EN,Towers with Radar,133,27,40,8,208,0,1,23,10,34,133,28,63,18,242,8,2,10,252
01/20/2022,RIC,VA,AEA,EN,Towers with Radar,141,24,20,0,185,0,0,1,0,1,141,24,21,0,186,0,0,0,186
01/21/2022,RIC,VA,AEA,EN,Towers with Radar,141,30,24,0,195,0,2,10,8,20,141,32,34,8,215,18,0,18,233
01/22/2022,RIC,VA,AEA,EN,Towers with Radar,100,13,23,0,136,0,0,18,2,20,100,13,41,2,156,0,0,0,156
01/23/2022,RIC,VA,AEA,EN,Towers with Radar,123,14,31,0,168,0,3,25,0,28,123,17,56,0,196,30,0,30,226
01/24/2022,RIC,VA,AEA,EN,Towers with Radar,142,19,31,0,192,0,2,23,3,28,142,21,54,3,220,46,0,46,266
01/25/2022,RIC,VA,AEA,EN,Towers with Radar,136,28,30,22,216,0,2,19,13,34,136,30,49,35,250,34,0,34,284
01/26/2022,RIC,VA,AEA,EN,Towers with Radar,133,26,41,2,202,0,2,23,21,46,133,28,64,23,248,26,6,32,280
01/27/2022,RIC,VA,AEA,EN,Towers with Radar,153,25,48,6,232,0,0,34,9,43,153,25,82,15,275,28,0,28,303
01/28/2022,RIC,VA,AEA,EN,Towers with Radar,143,33,31,4,211,0,0,16,4,20,143,33,47,8,231,44,0,44,275
01/29/2022,RIC,VA,AEA,EN,Towers with Radar,77,14,7,0,98,0,0,2,0,2,77,14,9,0,100,0,0,0,100
01/30/2022,RIC,VA,AEA,EN,Towers with Radar,108,24,25,0,157,0,1,27,1,29,108,25,52,1,186,70,0,70,256
01/31/2022,RIC,VA,AEA,EN,Towers with Radar,136,20,39,9,204,0,2,21,10,33,136,22,60,19,237,24,2,26,263
02/01/2022,RIC,VA,AEA,EN,Towers with Radar,129,16,43,9,197,0,5,13,8,26,129,21,56,17,223,16,0,16,239
02/02/2022,RIC,VA,AEA,EN,Towers with Radar,129,28,24,38,219,0,2,28,12,42,129,30,52,50,261,24,18,42,303
02/03/2022,RIC,VA,AEA,EN,Towers with Radar,142,39,29,2,212,0,0,5,4,9,142,39,34,6,221,18,0,18,239
02/04/2022,RIC,VA,AEA,EN,Towers with Radar,114,27,19,2,162,0,0,0,0,0,114,27,19,2,162,0,0,0,162
02/05/2022,RIC,VA,AEA,EN,Towers with Radar,104,25,15,12,156,0,1,25,9,35,104,26,40,21,191,0,0,0,191
02/06/2022,RIC,VA,AEA,EN,Towers with Radar,119,14,29,4,166,0,7,33,2,42,119,21,62,6,208,50,0,50,258
02/07/2022,RIC,VA,AEA,EN,Towers with Radar,136,27,22,12,197,0,0,1,2,3,136,27,23,14,200,6,0,6,206
02/08/2022,RIC,VA,AEA,EN,Towers with Radar,128,30,33,20,211,0,0,24,11,35,128,30,57,31,246,20,0,20,266
02/09/2022,RIC,VA,AEA,EN,Towers with Radar,129,37,43,21,230,0,3,17,24,44,129,40,60,45,274,20,0,20,294
02/10/2022,RIC,VA,AEA,EN,Towers with Radar,147,24,33,24,228,0,4,24,32,60,147,28,57,56,288,20,12,32,320
02/11/2022,RIC,VA,AEA,EN,Towers with Radar,142,35,41,11,229,0,1,35,10,46,142,36,76,21,275,0,0,0,275
02/12/2022,RIC,VA,AEA,EN,Towers with Radar,103,22,29,1,155,0,0,21,2,23,103,22,50,3,178,0,0,0,178
02/13/2022,RIC,VA,AEA,EN,Towers with Radar,110,17,12,0,139,0,0,0,0,0,110,17,12,0,139,0,0,0,139
02/14/2022,RIC,VA,AEA,EN,Towers with Radar,132,26,34,2,194,0,1,12,8,21,132,27,46,10,215,22,0,22,237
02/15/2022,RIC,VA,AEA,EN,Towers with Radar,133,34,32,2,201,0,5,22,13,40,133,39,54,15,241,6,0,6,247
02/16/2022,RIC,VA,AEA,EN,Towers with Radar,136,33,43,0,212,0,1,31,21,53,136,34,74,21,265,78,8,86,351
02/17/2022,RIC,VA,AEA,EN,Towers with Radar,144,27,49,15,235,0,2,6,15,23,144,29,55,30,258,8,0,8,266
02/18/2022,RIC,VA,AEA,EN,Towers with Radar,140,31,29,8,208,0,0,8,9,17,140,31,37,17,225,0,0,0,225
02/19/2022,RIC,VA,AEA,EN,Towers with Radar,110,27,21,0,158,0,0,7,4,11,110,27,28,4,169,0,0,0,169
02/20/2022,RIC,VA,AEA,EN,Towers with Radar,121,29,33,0,183,0,3,28,1,32,121,32,61,1,215,36,0,36,251
02/21/2022,RIC,VA,AEA,EN,Towers with Radar,143,16,40,1,200,0,6,20,5,31,143,22,60,6,231,14,0,14,245
02/22/2022,RIC,VA,AEA,EN,Towers with Radar,137,30,54,5,226,0,1,3,2,6,137,31,57,7,232,0,0,0,232
02/23/2022,RIC,VA,AEA,EN,Towers with Radar,143,33,47,26,249,0,2,16,8,26,143,35,63,34,275,12,10,22,297
02/24/2022,RIC,VA,AEA,EN,Towers with Radar,148,45,33,4,230,0,1,12,6,19,148,46,45,10,249,0,2,2,251
02/25/2022,RIC,VA,AEA,EN,Towers with Radar,137,50,37,0,224,0,0,7,6,13,137,50,44,6,237,0,0,0,237
02/26/2022,RIC,VA,AEA,EN,Towers with Radar,115,26,34,1,176,0,3,39,6,48,115,29,73,7,224,0,0,0,224
02/27/2022,RIC,VA,AEA,EN,Towers with Radar,123,30,29,0,182,0,0,23,0,23,123,30,52,0,205,20,0,20,225
02/28/2022,RIC,VA,AEA,EN,Towers with Radar,144,24,32,8,208,0,7,41,8,56,144,31,73,16,264,8,0,8,272
03/01/2022,RIC,VA,AEA,EN,Towers with Radar,141,37,43,2,223,0,0,24,1,25,141,37,67,3,248,0,22,22,270
03/02/2022,RIC,VA,AEA,EN,Towers with Radar,143,32,68,20,263,0,8,30,11,49,143,40,98,31,312,22,0,22,334
03/03/2022,RIC,VA,AEA,EN,Towers with Radar,150,31,43,3,227,0,3,43,7,53,150,34,86,10,280,28,0,28,308
03/04/2022,RIC,VA,AEA,EN,Towers with Radar,147,35,62,0,244,0,0,27,6,33,147,35,89,6,277,30,0,30,307
03/05/2022,RIC,VA,AEA,EN,Towers with Radar,109,30,13,0,152,0,6,15,4,25,109,36,28,4,177,0,0,0,177
03/06/2022,RIC,VA,AEA,EN,Towers with Radar,133,21,18,4,176,0,4,6,0,10,133,25,24,4,186,0,0,0,186
03/07/2022,RIC,VA,AEA,EN,Towers with Radar,143,22,17,0,182,0,5,2,0,7,143,27,19,0,189,0,8,8,197
03/08/2022,RIC,VA,AEA,EN,Towers with Radar,133,32,39,9,213,0,1,21,11,33,133,33,60,20,246,0,0,0,246
03/09/2022,RIC,VA,AEA,EN,Towers with Radar,126,30,27,2,185,0,0,0,5,5,126,30,27,7,190,0,0,0,190
03/10/2022,RIC,VA,AEA,EN,Towers with Radar,144,35,35,23,237,0,0,17,9,26,144,35,52,32,263,58,4,62,325
03/11/2022,RIC,VA,AEA,EN,Towers with Radar,146,47,50,6,249,0,0,16,6,22,146,47,66,12,271,2,12,14,285
03/12/2022,RIC,VA,AEA,EN,Towers with Radar,98,32,17,1,148,0,1,0,1,2,98,33,17,2,150,0,0,0,150
03/13/2022,RIC,VA,AEA,EN,Towers with Radar,121,44,37,1,203,0,0,25,0,25,121,44,62,1,228,0,0,0,228
03/14/2022,RIC,VA,AEA,EN,Towers with Radar,141,22,42,13,218,0,0,24,12,36,141,22,66,25,254,18,0,18,272
03/15/2022,RIC,VA,AEA,EN,Towers with Radar,132,21,45,2,200,0,4,27,8,39,132,25,72,10,239,12,0,12,251
03/16/2022,RIC,VA,AEA,EN,Towers with Radar,137,30,28,2,197,0,3,30,14,47,137,33,58,16,244,24,6,30,274
03/17/2022,RIC,VA,AEA,EN,Towers with Radar,137,24,45,0,206,0,1,2,0,3,137,25,47,0,209,0,0,0,209
03/18/2022,RIC,VA,AEA,EN,Towers with Radar,143,31,41,5,220,0,8,30,5,43,143,39,71,10,263,6,0,6,269
03/19/2022,RIC,VA,AEA,EN,Towers with Radar,109,32,27,0,168,0,0,10,5,15,109,32,37,5,183,0,4,4,187
03/20/2022,RIC,VA,AEA,EN,Towers with Radar,127,29,31,0,187,0,1,19,4,24,127,30,50,4,211,0,0,0,211
03/21/2022,RIC,VA,AEA,EN,Towers with Radar,142,36,32,24,234,0,0,39,10,49,142,36,71,34,283,6,0,6,289
03/22/2022,RIC,VA,AEA,EN,Towers with Radar,130,30,32,20,212,0,3,41,12,56,130,33,73,32,268,23,0,23,291
03/23/2022,RIC,VA,AEA,EN,Towers with Radar,133,32,25,25,215,0,0,16,3,19,133,32,41,28,234,14,4,18,252
03/24/2022,RIC,VA,AEA,EN,Towers with Radar,153,37,32,20,242,0,0,0,0,0,153,37,32,20,242,0,0,0,242
03/25/2022,RIC,VA,AEA,EN,Towers with Radar,147,34,35,8,224,0,0,24,3,27,147,34,59,11,251,0,0,0,251
03/26/2022,RIC,VA,AEA,EN,Towers with Radar,113,33,14,0,160,0,1,5,1,7,113,34,19,1,167,0,0,0,167
03/27/2022,RIC,VA,AEA,EN,Towers with Radar,130,29,25,0,184,0,3,13,2,18,130,32,38,2,202,16,0,16,218
03/28/2022,RIC,VA,AEA,EN,Towers with Radar,145,41,39,6,231,0,0,7,2,9,145,41,46,8,240,10,0,10,250
03/29/2022,RIC,VA,AEA,EN,Towers with Radar,136,32,28,19,215,0,1,31,7,39,136,33,59,26,254,46,10,56,310
03/30/2022,RIC,VA,AEA,EN,Towers with Radar,131,32,43,32,238,0,0,14,13,27,131,32,57,45,265,38,38,76,341
03/31/2022,RIC,VA,AEA,EN,Towers with Radar,155,37,29,17,238,0,0,2,0,2,155,37,31,17,240,0,4,4,244
04/01/2022,RIC,VA,AEA,EN,Towers with Radar,150,59,44,1,254,0,3,9,11,23,150,62,53,12,277,0,0,0,277
04/02/2022,RIC,VA,AEA,EN,Towers with Radar,110,37,48,0,195,0,0,24,7,31,110,37,72,7,226,0,0,0,226
04/03/2022,RIC,VA,AEA,EN,Towers with Radar,120,47,80,0,247,0,3,13,7,23,120,50,93,7,270,2,0,2,272
04/04/2022,RIC,VA,AEA,EN,Towers with Radar,139,34,46,0,219,0,1,14,8,23,139,35,60,8,242,90,0,90,332
04/05/2022,RIC,VA,AEA,EN,Towers with Radar,140,29,32,9,210,0,2,9,7,18,140,31,41,16,228,36,0,36,264
04/06/2022,RIC,VA,AEA,EN,Towers with Radar,142,38,30,24,234,0,0,16,4,20,142,38,46,28,254,0,0,0,254
04/07/2022,RIC,VA,AEA,EN,Towers with Radar,151,54,33,42,280,0,0,0,2,2,151,54,33,44,282,0,12,12,294
04/08/2022,RIC,VA,AEA,EN,Towers with Radar,150,45,45,6,246,0,2,25,4,31,150,47,70,10,277,34,4,38,315
04/09/2022,RIC,VA,AEA,EN,Towers with Radar,109,32,25,3,169,0,0,19,3,22,109,32,44,6,191,0,0,0,191
04/10/2022,RIC,VA,AEA,EN,Towers with Radar,124,23,27,4,178,0,1,12,0,13,124,24,39,4,191,2,0,2,193
04/11/2022,RIC,VA,AEA,EN,Towers with Radar,154,28,50,8,240,0,0,28,18,46,154,28,78,26,286,31,26,57,343
04/12/2022,RIC,VA,AEA,EN,Towers with Radar,148,33,40,20,241,0,0,25,6,31,148,33,65,26,272,38,0,38,310
04/13/2022,RIC,VA,AEA,EN,Towers with Radar,140,37,32,13,222,0,0,14,4,18,140,37,46,17,240,8,6,14,254
04/14/2022,RIC,VA,AEA,EN,Towers with Radar,165,39,41,0,245,0,1,7,6,14,165,40,48,6,259,6,8,14,273
04/15/2022,RIC,VA,AEA,EN,Towers with Radar,159,33,41,2,235,0,0,34,6,40,159,33,75,8,275,80,0,80,355
04/16/2022,RIC,VA,AEA,EN,Towers with Radar,120,34,10,0,164,0,2,24,2,28,120,36,34,2,192,0,0,0,192
04/17/2022,RIC,VA,AEA,EN,Towers with Radar,130,25,9,0,164,0,1,12,1,14,130,26,21,1,178,0,0,0,178
04/18/2022,RIC,VA,AEA,EN,Towers with Radar,150,29,33,10,222,0,3,1,1,5,150,32,34,11,227,0,0,0,227
04/19/2022,RIC,VA,AEA,EN,Towers with Radar,147,36,30,46,259,0,0,13,13,26,147,36,43,59,285,2,22,24,309
04/20/2022,RIC,VA,AEA,EN,Towers with Radar,153,38,37,7,235,0,1,44,18,63,153,39,81,25,298,8,0,8,306
04/21/2022,RIC,VA,AEA,EN,Towers with Radar,158,41,35,13,247,0,2,28,17,47,158,43,63,30,294,8,20,28,322
04/22/2022,RIC,VA,AEA,EN,Towers with Radar,158,33,42,4,237,0,2,26,11,39,158,35,68,15,276,0,0,0,276
04/23/2022,RIC,VA,AEA,EN,Towers with Radar,115,23,19,0,157,0,0,10,6,16,115,23,29,6,173,0,0,0,173
04/24/2022,RIC,VA,AEA,EN,Towers with Radar,132,26,29,0,187,0,2,13,2,17,132,28,42,2,204,16,0,16,220
04/25/2022,RIC,VA,AEA,EN,Towers with Radar,154,21,30,15,220,0,0,15,13,28,154,21,45,28,248,4,6,10,258
04/26/2022,RIC,VA,AEA,EN,Towers with Radar,144,31,33,8,216,0,1,11,6,18,144,32,44,14,234,0,0,0,234
04/27/2022,RIC,VA,AEA,EN,Towers with Radar,148,33,31,4,216,0,7,16,7,30,148,40,47,11,246,2,0,2,248
04/28/2022,RIC,VA,AEA,EN,Towers with Radar,158,42,45,14,259,0,3,32,6,41,158,45,77,20,300,6,0,6,306
04/29/2022,RIC,VA,AEA,EN,Towers with Radar,161,40,39,10,250,0,0,34,9,43,161,40,73,19,293,22,0,22,315
04/30/2022,RIC,VA,AEA,EN,Towers with Radar,123,27,11,0,161,0,4,26,6,36,123,31,37,6,197,26,0,26,223
05/01/2022,RIC,VA,AEA,EN,Towers with Radar,135,37,29,0,201,0,2,15,1,18,135,39,44,1,219,10,0,10,229
05/02/2022,RIC,VA,AEA,EN,Towers with Radar,144,40,42,6,232,0,4,21,6,31,144,44,63,12,263,24,0,24,287
05/03/2022,RIC,VA,AEA,EN,Towers with Radar,159,32,40,30,261,0,0,0,4,4,159,32,40,34,265,0,0,0,265
05/04/2022,RIC,VA,AEA,EN,Towers with Radar,152,31,29,4,216,0,1,15,9,25,152,32,44,13,241,35,8,43,284
05/05/2022,RIC,VA,AEA,EN,Towers with Radar,160,38,59,16,273,0,6,27,24,57,160,44,86,40,330,10,0,10,340
05/06/2022,RIC,VA,AEA,EN,Towers with Radar,161,42,37,3,243,0,3,1,6,10,161,45,38,9,253,30,22,52,305
05/07/2022,RIC,VA,AEA,EN,Towers with Radar,119,29,43,0,191,0,0,0,0,0,119,29,43,0,191,0,0,0,191
05/08/2022,RIC,VA,AEA,EN,Towers with Radar,129,46,17,0,192,0,2,1,0,3,129,48,18,0,195,0,0,0,195
05/09/2022,RIC,VA,AEA,EN,Towers with Radar,154,48,38,30,270,0,5,36,3,44,154,53,74,33,314,22,0,22,336
05/10/2022,RIC,VA,AEA,EN,Towers with Radar,140,41,51,2,234,0,8,16,9,33,140,49,67,11,267,0,0,0,267
05/11/2022,RIC,VA,AEA,EN,Towers with Radar,143,50,47,37,277,0,1,11,6,18,143,51,58,43,295,22,12,34,329
05/12/2022,RIC,VA,AEA,EN,Towers with Radar,164,33,55,0,252,0,0,0,0,0,164,33,55,0,252,0,0,0,252
05/13/2022,RIC,VA,AEA,EN,Towers with Radar,148,26,34,0,208,0,0,5,2,7,148,26,39,2,215,0,0,0,215
05/14/2022,RIC,VA,AEA,EN,Towers with Radar,116,28,23,0,167,0,0,2,1,3,116,28,25,1,170,0,0,0,170
05/15/2022,RIC,VA,AEA,EN,Towers with Radar,143,33,33,4,213,0,0,15,4,19,143,33,48,8,232,34,6,40,272
05/16/2022,RIC,VA,AEA,EN,Towers with Radar,145,36,37,1,219,0,0,26,7,33,145,36,63,8,252,18,0,18,270
05/17/2022,RIC,VA,AEA,EN,Towers with Radar,138,44,45,4,231,0,4,37,11,52,138,48,82,15,283,6,0,6,289
05/18/2022,RIC,VA,AEA,EN,Towers with Radar,144,47,41,4,236,0,1,45,14,60,144,48,86,18,296,0,0,0,296
05/19/2022,RIC,VA,AEA,EN,Towers with Radar,164,32,46,21,263,0,4,15,2,21,164,36,61,23,284,6,16,22,306
05/20/2022,RIC,VA,AEA,EN,Towers with Radar,147,57,38,0,242,0,8,22,7,37,147,65,60,7,279,28,0,28,307
05/21/2022,RIC,VA,AEA,EN,Towers with Radar,111,41,19,0,171,0,9,28,2,39,111,50,47,2,210,6,0,6,216
05/22/2022,RIC,VA,AEA,EN,Towers with Radar,134,28,16,8,186,0,3,13,0,16,134,31,29,8,202,40,0,40,242
05/23/2022,RIC,VA,AEA,EN,Towers with Radar,143,30,26,24,223,0,2,15,4,21,143,32,41,28,244,64,0,64,308
05/24/2022,RIC,VA,AEA,EN,Towers with Radar,142,38,23,2,205,0,0,0,0,0,142,38,23,2,205,0,0,0,205
05/25/2022,RIC,VA,AEA,EN,Towers with Radar,144,46,28,16,234,0,0,0,2,2,144,46,28,18,236,0,0,0,236
05/26/2022,RIC,VA,AEA,EN,Towers with Radar,160,34,43,6,243,0,0,0,2,2,160,34,43,8,245,0,0,0,245
05/27/2022,RIC,VA,AEA,EN,Towers with Radar,145,36,14,0,195,0,1,0,2,3,145,37,14,2,198,0,0,0,198
05/28/2022,RIC,VA,AEA,EN,Towers with Radar,117,22,26,0,165,0,2,24,4,30,117,24,50,4,195,44,0,44,239
05/29/2022,RIC,VA,AEA,EN,Towers with Radar,131,25,19,6,181,0,1,27,0,28,131,26,46,6,209,18,0,18,227
05/30/2022,RIC,VA,AEA,EN,Towers with Radar,140,28,15,0,183,0,2,19,2,23,140,30,34,2,206,36,0,36,242
05/31/2022,RIC,VA,AEA,EN,Towers with Radar,129,33,32,11,205,0,2,30,8,40,129,35,62,19,245,8,14,22,267
06/01/2022,RIC,VA,AEA,EN,Towers with Radar,133,30,33,10,206,0,2,40,8,50,133,32,73,18,256,22,8,30,286
06/02/2022,RIC,VA,AEA,EN,Towers with Radar,149,33,28,12,222,0,0,16,4,20,149,33,44,16,242,4,6,10,252
06/03/2022,RIC,VA,AEA,EN,Towers with Radar,147,34,27,3,211,0,1,10,15,26,147,35,37,18,237,0,0,0,237
06/04/2022,RIC,VA,AEA,EN,Towers with Radar,111,30,18,2,161,0,5,21,6,32,111,35,39,8,193,20,0,20,213
06/05/2022,RIC,VA,AEA,EN,Towers with Radar,131,30,23,0,184,0,2,23,2,27,131,32,46,2,211,4,0,4,215
06/06/2022,RIC,VA,AEA,EN,Towers with Radar,146,27,29,2,204,0,3,16,4,23,146,30,45,6,227,48,0,48,275
06/07/2022,RIC,VA,AEA,EN,Towers with Radar,152,43,37,4,236,0,3,22,12,37,152,46,59,16,273,14,4,18,291
06/08/2022,RIC,VA,AEA,EN,Towers with Radar,150,30,36,0,216,0,3,23,6,32,150,33,59,6,248,18,0,18,266
06/09/2022,RIC,VA,AEA,EN,Towers with Radar,167,40,44,0,251,0,7,12,5,24,167,47,56,5,275,20,0,20,295
06/10/2022,RIC,VA,AEA,EN,Towers with Radar,160,34,31,7,232,0,0,28,19,47,160,34,59,26,279,30,0,30,309
06/11/2022,RIC,VA,AEA,EN,Towers with Radar,116,33,17,0,166,0,5,9,5,19,116,38,26,5,185,30,0,30,215
06/12/2022,RIC,VA,AEA,EN,Towers with Radar,130,43,31,4,208,0,2,3,1,6,130,45,34,5,214,0,0,0,214
06/13/2022,RIC,VA,AEA,EN,Towers with Radar,147,30,29,1,207,0,5,29,10,44,147,35,58,11,251,51,0,51,302
06/14/2022,RIC,VA,AEA,EN,Towers with Radar,143,31,41,1,216,0,3,18,5,26,143,34,59,6,242,22,8,30,272
06/15/2022,RIC,VA,AEA,EN,Towers with Radar,157,38,33,2,230,0,0,40,19,59,157,38,73,21,289,80,20,100,389
06/16/2022,RIC,VA,AEA,EN,Towers with Radar,144,30,27,24,225,0,0,15,16,31,144,30,42,40,256,72,24,96,352
06/17/2022,RIC,VA,AEA,EN,Towers with Radar,146,37,31,1,215,0,0,33,7,40,146,37,64,8,255,76,18,94,349
06/18/2022,RIC,VA,AEA,EN,Towers with Radar,116,35,17,0,168,1,0,14,1,16,117,35,31,1,184,0,0,0,184
06/19/2022,RIC,VA,AEA,EN,Towers with Radar,137,32,15,0,184,0,1,26,0,27,137,33,41,0,211,0,0,0,211
06/20/2022,RIC,VA,AEA,EN,Towers with Radar,153,33,30,1,217,0,0,39,4,43,153,33,69,5,260,44,0,44,304
06/21/2022,RIC,VA,AEA,EN,Towers with Radar,150,36,40,4,230,0,1,29,23,53,150,37,69,27,283,84,0,84,367
06/22/2022,RIC,VA,AEA,EN,Towers with Radar,133,24,32,13,202,0,4,18,10,32,133,28,50,23,234,28,0,28,262
06/23/2022,RIC,VA,AEA,EN,Towers with Radar,158,32,42,6,238,0,0,0,1,1,158,32,42,7,239,20,0,20,259
06/24/2022,RIC,VA,AEA,EN,Towers with Radar,153,30,30,5,218,0,0,29,10,39,153,30,59,15,257,80,2,82,339
06/25/2022,RIC,VA,AEA,EN,Towers with Radar,114,33,19,0,166,0,2,23,2,27,114,35,42,2,193,158,0,158,351
06/26/2022,RIC,VA,AEA,EN,Towers with Radar,133,31,24,0,188,0,2,30,0,32,133,33,54,0,220,72,0,72,292
06/27/2022,RIC,VA,AEA,EN,Towers with Radar,141,57,23,16,237,0,1,11,2,14,141,58,34,18,251,98,0,98,349
06/28/2022,RIC,VA,AEA,EN,Towers with Radar,154,40,31,1,226,0,1,37,13,51,154,41,68,14,277,46,20,66,343
06/29/2022,RIC,VA,AEA,EN,Towers with Radar,144,35,34,14,227,0,3,43,28,74,144,38,77,42,301,40,2,42,343
06/30/2022,RIC,VA,AEA,EN,Towers with Radar,161,31,24,15,231,0,2,41,12,55,161,33,65,27,286,22,0,22,308
07/01/2022,RIC,VA,AEA,EN,Towers with Radar,147,40,24,2,213,0,3,42,8,53,147,43,66,10,266,18,2,20,286
07/02/2022,RIC,VA,AEA,EN,Towers with Radar,118,33,20,2,173,0,3,11,4,18,118,36,31,6,191,18,0,18,209
07/03/2022,RIC,VA,AEA,EN,Towers with Radar,118,24,19,0,161,0,6,22,0,28,118,30,41,0,189,50,0,50,239
07/04/2022,RIC,VA,AEA,EN,Towers with Radar,130,31,10,0,171,0,2,19,4,25,130,33,29,4,196,10,0,10,206
07/05/2022,RIC,VA,AEA,EN,Towers with Radar,127,30,23,21,201,0,2,24,6,32,127,32,47,27,233,20,0,20,253
07/06/2022,RIC,VA,AEA,EN,Towers with Radar,148,35,33,4,220,0,3,12,2,17,148,38,45,6,237,72,8,80,317
07/07/2022,RIC,VA,AEA,EN,Towers with Radar,151,33,41,11,236,0,2,14,17,33,151,35,55,28,269,18,0,18,287
07/08/2022,RIC,VA,AEA,EN,Towers with Radar,150,27,33,14,224,0,0,7,7,14,150,27,40,21,238,30,0,30,268
07/09/2022,RIC,VA,AEA,EN,Towers with Radar,116,29,8,0,153,0,0,1,2,3,116,29,9,2,156,0,0,0,156
07/10/2022,RIC,VA,AEA,EN,Towers with Radar,131,33,39,5,208,0,2,7,1,10,131,35,46,6,218,40,0,40,258
07/11/2022,RIC,VA,AEA,EN,Towers with Radar,145,27,19,9,200,0,1,56,10,67,145,28,75,19,267,69,0,69,336
07/12/2022,RIC,VA,AEA,EN,Towers with Radar,139,39,38,0,216,0,4,33,32,69,139,43,71,32,285,14,0,14,299
07/13/2022,RIC,VA,AEA,EN,Towers with Radar,150,37,35,11,233,0,0,13,14,27,150,37,48,25,260,0,0,0,260
07/14/2022,RIC,VA,AEA,EN,Towers with Radar,155,43,50,24,272,0,12,33,16,61,155,55,83,40,333,24,2,26,359
07/15/2022,RIC,VA,AEA,EN,Towers with Radar,152,36,34,20,242,0,3,41,15,59,152,39,75,35,301,14,0,14,315
07/16/2022,RIC,VA,AEA,EN,Towers with Radar,111,29,19,0,159,0,1,20,4,25,111,30,39,4,184,20,0,20,204
07/17/2022,RIC,VA,AEA,EN,Towers with Radar,121,32,33,0,186,0,2,19,0,21,121,34,52,0,207,60,0,60,267
07/18/2022,RIC,VA,AEA,EN,Towers with Radar,137,38,33,0,208,0,4,17,9,30,137,42,50,9,238,0,0,0,238
07/19/2022,RIC,VA,AEA,EN,Towers with Radar,140,32,35,24,231,0,2,24,12,38,140,34,59,36,269,118,14,132,401
07/20/2022,RIC,VA,AEA,EN,Towers with Radar,142,38,31,0,211,0,3,30,13,46,142,41,61,13,257,42,0,42,299
07/21/2022,RIC,VA,AEA,EN,Towers with Radar,147,30,36,16,229,0,0,15,11,26,147,30,51,27,255,28,0,28,283
07/22/2022,RIC,VA,AEA,EN,Towers with Radar,159,37,43,21,260,0,1,25,5,31,159,38,68,26,291,0,0,0,291
07/23/2022,RIC,VA,AEA,EN,Towers with Radar,108,39,26,2,175,7,0,18,5,30,115,39,44,7,205,70,0,70,275
07/24/2022,RIC,VA,AEA,EN,Towers with Radar,118,38,12,1,169,0,0,21,1,22,118,38,33,2,191,62,0,62,253
07/25/2022,RIC,VA,AEA,EN,Towers with Radar,136,40,30,13,219,0,0,14,8,22,136,40,44,21,241,38,0,38,279
07/26/2022,RIC,VA,AEA,EN,Towers with Radar,144,40,23,6,213,0,0,3,6,9,144,40,26,12,222,0,0,0,222
07/27/2022,RIC,VA,AEA,EN,Towers with Radar,144,50,41,6,241,0,0,18,16,34,144,50,59,22,275,60,16,76,351
07/28/2022,RIC,VA,AEA,EN,Towers with Radar,145,46,40,14,245,0,0,40,11,51,145,46,80,25,296,0,0,0,296
07/29/2022,RIC,VA,AEA,EN,Towers with Radar,142,38,29,2,211,0,3,19,4,26,142,41,48,6,237,65,0,65,302
07/30/2022,RIC,VA,AEA,EN,Towers with Radar,113,31,21,4,169,0,1,23,0,24,113,32,44,4,193,12,0,12,205
07/31/2022,RIC,VA,AEA,EN,Towers with Radar,118,38,26,1,183,0,4,12,0,16,118,42,38,1,199,0,0,0,199
08/01/2022,RIC,VA,AEA,EN,Towers with Radar,149,32,35,1,217,0,0,11,5,16,149,32,46,6,233,24,10,34,267
08/02/2022,RIC,VA,AEA,EN,Towers with Radar,142,40,40,38,260,0,8,33,16,57,142,48,73,54,317,74,34,108,425
08/03/2022,RIC,VA,AEA,EN,Towers with Radar,141,33,40,5,219,0,10,22,12,44,141,43,62,17,263,122,0,122,385
08/04/2022,RIC,VA,AEA,EN,Towers with Radar,157,30,35,18,240,0,4,16,14,34,157,34,51,32,274,50,12,62,336
08/05/2022,RIC,VA,AEA,EN,Towers with Radar,130,33,37,3,203,0,2,19,8,29,130,35,56,11,232,36,4,40,272
08/06/2022,RIC,VA,AEA,EN,Towers with Radar,110,29,15,0,154,0,7,10,3,20,110,36,25,3,174,40,0,40,214
08/07/2022,RIC,VA,AEA,EN,Towers with Radar,116,26,23,2,167,0,2,27,1,30,116,28,50,3,197,80,0,80,277
08/08/2022,RIC,VA,AEA,EN,Towers with Radar,138,36,46,4,224,0,11,22,4,37,138,47,68,8,261,60,0,60,321
08/09/2022,RIC,VA,AEA,EN,Towers with Radar,138,34,30,8,210,0,3,41,12,56,138,37,71,20,266,114,2,116,382
08/10/2022,RIC,VA,AEA,EN,Towers with Radar,138,38,31,4,211,0,1,18,6,25,138,39,49,10,236,36,4,40,276
08/11/2022,RIC,VA,AEA,EN,Towers with Radar,153,24,48,12,237,1,2,19,12,34,154,26,67,24,271,96,2,98,369
08/12/2022,RIC,VA,AEA,EN,Towers with Radar,149,42,39,13,243,0,3,38,4,45,149,45,77,17,288,74,2,76,364
08/13/2022,RIC,VA,AEA,EN,Towers with Radar,110,38,51,3,202,0,5,28,6,39,110,43,79,9,241,42,0,42,283
08/14/2022,RIC,VA,AEA,EN,Towers with Radar,127,55,50,0,232,0,4,24,6,34,127,59,74,6,266,64,0,64,330
08/15/2022,RIC,VA,AEA,EN,Towers with Radar,136,27,33,0,196,0,1,10,4,15,136,28,43,4,211,34,0,34,245
08/16/2022,RIC,VA,AEA,EN,Towers with Radar,144,46,45,7,242,0,8,24,10,42,144,54,69,17,284,20,20,40,324
08/17/2022,RIC,VA,AEA,EN,Towers with Radar,138,39,40,5,222,0,4,32,11,47,138,43,72,16,269,64,0,64,333
08/18/2022,RIC,VA,AEA,EN,Towers with Radar,147,38,58,2,245,0,4,15,16,35,147,42,73,18,280,72,0,72,352
08/19/2022,RIC,VA,AEA,EN,Towers with Radar,138,41,23,17,219,0,2,29,5,36,138,43,52,22,255,106,0,106,361
08/20/2022,RIC,VA,AEA,EN,Towers with Radar,115,30,30,6,181,0,6,13,6,25,115,36,43,12,206,32,0,32,238
08/21/2022,RIC,VA,AEA,EN,Towers with Radar,115,33,28,1,177,0,4,0,2,6,115,37,28,3,183,0,0,0,183
08/22/2022,RIC,VA,AEA,EN,Towers with Radar,129,33,32,4,198,0,1,6,9,16,129,34,38,13,214,76,1,77,291
08/23/2022,RIC,VA,AEA,EN,Towers with Radar,141,32,41,13,227,0,1,35,19,55,141,33,76,32,282,55,4,59,341
08/24/2022,RIC,VA,AEA,EN,Towers with Radar,144,43,40,14,241,0,1,37,18,56,144,44,77,32,297,40,4,44,341
08/25/2022,RIC,VA,AEA,EN,Towers with Radar,152,34,37,13,236,0,0,32,23,55,152,34,69,36,291,72,0,72,363
08/26/2022,RIC,VA,AEA,EN,Towers with Radar,138,27,39,8,212,0,3,29,12,44,138,30,68,20,256,0,0,0,256
08/27/2022,RIC,VA,AEA,EN,Towers with Radar,121,19,28,0,168,0,2,14,6,22,121,21,42,6,190,74,2,76,266
08/28/2022,RIC,VA,AEA,EN,Towers with Radar,126,34,20,0,180,0,5,19,3,27,126,39,39,3,207,30,0,30,237
08/29/2022,RIC,VA,AEA,EN,Towers with Radar,136,21,20,14,191,0,3,20,15,38,136,24,40,29,229,30,4,34,263
08/30/2022,RIC,VA,AEA,EN,Towers with Radar,150,41,20,2,213,0,2,22,8,32,150,43,42,10,245,22,0,22,267
08/31/2022,RIC,VA,AEA,EN,Towers with Radar,140,45,44,4,233,0,2,43,14,59,140,47,87,18,292,16,0,16,308
09/01/2022,RIC,VA,AEA,EN,Towers with Radar,147,33,37,7,224,0,9,45,11,65,147,42,82,18,289,50,0,50,339
09/02/2022,RIC,VA,AEA,EN,Towers with Radar,147,25,24,2,198,0,11,36,5,52,147,36,60,7,250,76,0,76,326
09/03/2022,RIC,VA,AEA,EN,Towers with Radar,105,14,11,0,130,0,3,19,1,23,105,17,30,1,153,40,0,40,193
09/04/2022,RIC,VA,AEA,EN,Towers with Radar,112,14,19,0,145,0,13,19,2,34,112,27,38,2,179,14,0,14,193
09/05/2022,RIC,VA,AEA,EN,Towers with Radar,134,25,10,0,169,0,4,22,2,28,134,29,32,2,197,34,0,34,231
09/06/2022,RIC,VA,AEA,EN,Towers with Radar,137,27,38,10,212,0,0,12,10,22,137,27,50,20,234,30,6,36,270
09/07/2022,RIC,VA,AEA,EN,Towers with Radar,133,35,38,6,212,0,0,5,1,6,133,35,43,7,218,0,0,0,218
09/08/2022,RIC,VA,AEA,EN,Towers with Radar,149,30,39,4,222,0,0,22,9,31,149,30,61,13,253,18,28,46,299
09/09/2022,RIC,VA,AEA,EN,Towers with Radar,141,37,35,23,236,1,3,27,5,36,142,40,62,28,272,16,10,26,298
09/10/2022,RIC,VA,AEA,EN,Towers with Radar,109,32,23,5,169,0,4,11,9,24,109,36,34,14,193,24,28,52,245
09/11/2022,RIC,VA,AEA,EN,Towers with Radar,134,48,31,1,214,0,4,4,7,15,134,52,35,8,229,6,0,6,235
09/12/2022,RIC,VA,AEA,EN,Towers with Radar,136,44,30,2,212,0,0,11,6,17,136,44,41,8,229,54,0,54,283
09/13/2022,RIC,VA,AEA,EN,Towers with Radar,138,49,48,26,261,0,2,33,26,61,138,51,81,52,322,46,19,65,387
09/14/2022,RIC,VA,AEA,EN,Towers with Radar,134,45,50,8,237,0,1,36,11,48,134,46,86,19,285,10,0,10,295
09/15/2022,RIC,VA,AEA,EN,Towers with Radar,157,55,37,10,259,0,17,34,18,69,157,72,71,28,328,32,0,32,360
09/16/2022,RIC,VA,AEA,EN,Towers with Radar,135,45,45,25,250,0,5,31,10,46,135,50,76,35,296,6,0,6,302
09/17/2022,RIC,VA,AEA,EN,Towers with Radar,105,35,26,0,166,0,1,18,6,25,105,36,44,6,191,14,0,14,205
09/18/2022,RIC,VA,AEA,EN,Towers with Radar,127,37,28,1,193,0,3,19,8,30,127,40,47,9,223,56,0,56,279
09/19/2022,RIC,VA,AEA,EN,Towers with Radar,133,36,42,4,215,0,5,38,5,48,133,41,80,9,263,11,0,11,274
09/20/2022,RIC,VA,AEA,EN,Towers with Radar,129,43,40,16,228,0,0,36,16,52,129,43,76,32,280,14,24,38,318
09/21/2022,RIC,VA,AEA,EN,Towers with Radar,125,31,40,10,206,0,2,30,18,50,125,33,70,28,256,0,0,0,256
09/22/2022,RIC,VA,AEA,EN,Towers with Radar,146,42,46,3,237,0,9,12,11,32,146,51,58,14,269,0,0,0,269
09/23/2022,RIC,VA,AEA,EN,Towers with Radar,146,45,45,10,246,0,3,19,4,26,146,48,64,14,272,22,0,22,294
09/24/2022,RIC,VA,AEA,EN,Towers with Radar,104,34,27,0,165,0,7,22,8,37,104,41,49,8,202,24,0,24,226
09/25/2022,RIC,VA,AEA,EN,Towers with Radar,126,47,32,0,205,0,4,15,0,19,126,51,47,0,224,56,0,56,280
09/26/2022,RIC,VA,AEA,EN,Towers with Radar,139,42,28,10,219,0,4,14,2,20,139,46,42,12,239,0,6,6,245
09/27/2022,RIC,VA,AEA,EN,Towers with Radar,133,42,34,10,219,0,5,39,12,56,133,47,73,22,275,38,0,38,313
09/28/2022,RIC,VA,AEA,EN,Towers with Radar,128,36,50,31,245,0,1,23,30,54,128,37,73,61,299,42,18,60,359
09/29/2022,RIC,VA,AEA,EN,Towers with Radar,147,48,40,5,240,0,4,20,15,39,147,52,60,20,279,0,4,4,283
09/30/2022,RIC,VA,AEA,EN,Towers with Radar,128,46,25,0,199,0,0,2,4,6,128,46,27,4,205,0,1,1,206
10/01/2022,RIC,VA,AEA,EN,Towers with Radar,101,36,11,2,150,0,6,2,2,10,101,42,13,4,160,0,0,0,160
10/02/2022,RIC,VA,AEA,EN,Towers with Radar,125,38,31,0,194,0,0,0,1,1,125,38,31,1,195,0,0,0,195
10/03/2022,RIC,VA,AEA,EN,Towers with Radar,144,36,26,0,206,0,0,1,0,1,144,36,27,0,207,0,0,0,207
10/04/2022,RIC,VA,AEA,EN,Towers with Radar,121,46,37,5,209,0,0,4,2,6,121,46,41,7,215,2,46,48,263
10/05/2022,RIC,VA,AEA,EN,Towers with Radar,137,36,54,24,251,0,2,8,12,22,137,38,62,36,273,10,0,10,283
10/06/2022,RIC,VA,AEA,EN,Towers with Radar,161,31,62,8,262,0,0,34,11,45,161,31,96,19,307,0,0,0,307
10/07/2022,RIC,VA,AEA,EN,Towers with Radar,153,35,53,20,261,0,8,35,5,48,153,43,88,25,309,46,4,50,359
10/08/2022,RIC,VA,AEA,EN,Towers with Radar,118,31,26,0,175,0,11,22,2,35,118,42,48,2,210,36,0,36,246
10/09/2022,RIC,VA,AEA,EN,Towers with Radar,135,34,45,1,215,0,1,28,6,35,135,35,73,7,250,23,0,23,273
10/10/2022,RIC,VA,AEA,EN,Towers with Radar,145,32,50,0,227,0,2,20,5,27,145,34,70,5,254,24,0,24,278
10/11/2022,RIC,VA,AEA,EN,Towers with Radar,142,33,50,9,234,0,0,25,15,40,142,33,75,24,274,6,12,18,292
10/12/2022,RIC,VA,AEA,EN,Towers with Radar,137,28,31,7,203,0,2,34,19,55,137,30,65,26,258,8,0,8,266
10/13/2022,RIC,VA,AEA,EN,Towers with Radar,176,26,29,3,234,0,0,2,5,7,176,26,31,8,241,16,0,16,257
10/14/2022,RIC,VA,AEA,EN,Towers with Radar,153,40,49,12,254,0,8,32,9,49,153,48,81,21,303,10,0,10,313
10/15/2022,RIC,VA,AEA,EN,Towers with Radar,118,27,20,0,165,0,7,17,5,29,118,34,37,5,194,56,0,56,250
10/16/2022,RIC,VA,AEA,EN,Towers with Radar,141,31,34,0,206,0,6,17,13,36,141,37,51,13,242,16,0,16,258
10/17/2022,RIC,VA,AEA,EN,Towers with Radar,152,28,23,2,205,0,3,4,10,17,152,31,27,12,222,2,0,2,224
10/18/2022,RIC,VA,AEA,EN,Towers with Radar,140,33,34,27,234,0,3,27,29,59,140,36,61,56,293,86,26,112,405
10/19/2022,RIC,VA,AEA,EN,Towers with Radar,139,34,46,5,224,0,2,18,10,30,139,36,64,15,254,0,0,0,254
10/20/2022,RIC,VA,AEA,EN,Towers with Radar,162,32,48,13,255,0,9,36,12,57,162,41,84,25,312,68,16,84,396
10/21/2022,RIC,VA,AEA,EN,Towers with Radar,150,24,39,21,234,0,8,29,14,51,150,32,68,35,285,22,6,28,313
10/22/2022,RIC,VA,AEA,EN,Towers with Radar,121,31,22,2,176,0,4,38,7,49,121,35,60,9,225,2,0,2,227
10/23/2022,RIC,VA,AEA,EN,Towers with Radar,140,31,28,0,199,0,0,3,1,4,140,31,31,1,203,0,0,0,203
10/24/2022,RIC,VA,AEA,EN,Towers with Radar,142,28,35,6,211,0,3,6,1,10,142,31,41,7,221,77,0,77,298
10/25/2022,RIC,VA,AEA,EN,Towers with Radar,128,30,36,14,208,0,0,1,3,4,128,30,37,17,212,0,8,8,220
10/26/2022,RIC,VA,AEA,EN,Towers with Radar,148,36,44,18,246,0,2,14,5,21,148,38,58,23,267,0,16,16,283
10/27/2022,RIC,VA,AEA,EN,Towers with Radar,161,33,49,18,261,0,1,30,21,52,161,34,79,39,313,0,6,6,319
10/28/2022,RIC,VA,AEA,EN,Towers with Radar,155,33,43,9,240,0,5,17,7,29,155,38,60,16,269,14,0,14,283
10/29/2022,RIC,VA,AEA,EN,Towers with Radar,122,22,17,0,161,0,6,30,1,37,122,28,47,1,198,42,0,42,240
10/30/2022,RIC,VA,AEA,EN,Towers with Radar,133,18,24,1,176,0,0,21,0,21,133,18,45,1,197,34,0,34,231
10/31/2022,RIC,VA,AEA,EN,Towers with Radar,126,19,39,16,200,0,7,26,10,43,126,26,65,26,243,0,4,4,247
11/01/2022,RIC,VA,AEA,EN,Towers with Radar,147,33,52,30,262,0,14,17,17,48,147,47,69,47,310,40,28,68,378
11/02/2022,RIC,VA,AEA,EN,Towers with Radar,141,37,46,18,242,0,3,37,17,57,141,40,83,35,299,40,0,40,339
11/03/2022,RIC,VA,AEA,EN,Towers with Radar,159,31,43,5,238,0,6,24,20,50,159,37,67,25,288,80,0,80,368
11/04/2022,RIC,VA,AEA,EN,Towers with Radar,136,27,19,2,184,0,6,22,6,34,136,33,41,8,218,12,0,12,230
11/05/2022,RIC,VA,AEA,EN,Towers with Radar,114,24,21,2,161,0,6,14,2,22,114,30,35,4,183,26,0,26,209
11/06/2022,RIC,VA,AEA,EN,Towers with Radar,136,24,26,0,186,0,3,13,5,21,136,27,39,5,207,0,8,8,215
11/07/2022,RIC,VA,AEA,EN,Towers with Radar,132,28,43,28,231,0,3,22,13,38,132,31,65,41,269,46,0,46,315
11/08/2022,RIC,VA,AEA,EN,Towers with Radar,144,38,46,14,242,0,5,29,16,50,144,43,75,30,292,25,4,29,321
11/09/2022,RIC,VA,AEA,EN,Towers with Radar,142,30,48,25,245,0,9,28,20,57,142,39,76,45,302,113,8,121,423
11/10/2022,RIC,VA,AEA,EN,Towers with Radar,154,35,49,16,254,0,5,23,6,34,154,40,72,22,288,58,0,58,346
11/11/2022,RIC,VA,AEA,EN,Towers with Radar,143,33,19,0,195,0,0,0,0,0,143,33,19,0,195,0,0,0,195
11/12/2022,RIC,VA,AEA,EN,Towers with Radar,117,34,29,0,180,0,0,22,5,27,117,34,51,5,207,44,0,44,251
11/13/2022,RIC,VA,AEA,EN,Towers with Radar,135,24,38,0,197,0,5,11,7,23,135,29,49,7,220,38,0,38,258
11/14/2022,RIC,VA,AEA,EN,Towers with Radar,143,28,42,38,251,0,2,25,8,35,143,30,67,46,286,8,6,14,300
11/15/2022,RIC,VA,AEA,EN,Towers with Radar,144,28,37,14,223,0,3,14,4,21,144,31,51,18,244,50,2,52,296
11/16/2022,RIC,VA,AEA,EN,Towers with Radar,146,39,56,34,275,0,3,18,13,34,146,42,74,47,309,36,14,50,359
11/17/2022,RIC,VA,AEA,EN,Towers with Radar,158,34,64,12,268,0,5,36,18,59,158,39,100,30,327,72,0,72,399
11/18/2022,RIC,VA,AEA,EN,Towers with Radar,145,30,41,3,219,0,12,24,6,42,145,42,65,9,261,86,6,92,353
11/19/2022,RIC,VA,AEA,EN,Towers with Radar,124,33,32,0,189,0,3,24,5,32,124,36,56,5,221,82,0,82,303
11/20/2022,RIC,VA,AEA,EN,Towers with Radar,136,26,22,0,184,0,2,11,0,13,136,28,33,0,197,40,0,40,237
11/21/2022,RIC,VA,AEA,EN,Towers with Radar,141,23,45,15,224,0,6,37,13,56,141,29,82,28,280,58,0,58,338
11/22/2022,RIC,VA,AEA,EN,Towers with Radar,160,34,44,41,279,0,2,25,18,45,160,36,69,59,324,32,28,60,384
11/23/2022,RIC,VA,AEA,EN,Towers with Radar,154,35,33,19,241,0,2,27,9,38,154,37,60,28,279,6,0,6,285
11/24/2022,RIC,VA,AEA,EN,Towers with Radar,75,23,5,0,103,0,3,0,0,3,75,26,5,0,106,0,0,0,106
11/25/2022,RIC,VA,AEA,EN,Towers with Radar,107,25,23,0,155,0,6,11,0,17,107,31,34,0,172,0,0,0,172
11/26/2022,RIC,VA,AEA,EN,Towers with Radar,131,34,31,0,196,0,3,17,2,22,131,37,48,2,218,58,0,58,276
11/27/2022,RIC,VA,AEA,EN,Towers with Radar,159,36,38,0,233,0,4,2,0,6,159,40,40,0,239,0,0,0,239
11/28/2022,RIC,VA,AEA,EN,Towers with Radar,151,25,47,42,265,0,9,23,6,38,151,34,70,48,303,8,0,8,311
11/29/2022,RIC,VA,AEA,EN,Towers with Radar,150,29,40,24,243,0,14,29,13,56,150,43,69,37,299,58,2,60,359
11/30/2022,RIC,VA,AEA,EN,Towers with Radar,136,38,26,7,207,0,1,1,8,10,136,39,27,15,217,0,30,30,247
12/01/2022,RIC,VA,AEA,EN,Towers with Radar,157,33,41,15,246,0,2,35,16,53,157,35,76,31,299,24,22,46,345
12/02/2022,RIC,VA,AEA,EN,Towers with Radar,147,39,36,9,231,0,11,25,10,46,147,50,61,19,277,48,0,48,325
12/03/2022,RIC,VA,AEA,EN,Towers with Radar,106,22,7,0,135,0,1,0,2,3,106,23,7,2,138,0,0,0,138
12/04/2022,RIC,VA,AEA,EN,Towers with Radar,135,30,32,0,197,0,2,31,0,33,135,32,63,0,230,32,0,32,262
12/05/2022,RIC,VA,AEA,EN,Towers with Radar,134,32,38,50,254,0,8,31,9,48,134,40,69,59,302,110,2,112,414
12/06/2022,RIC,VA,AEA,EN,Towers with Radar,142,40,39,7,228,0,0,2,4,6,142,40,41,11,234,0,0,0,234
12/07/2022,RIC,VA,AEA,EN,Towers with Radar,137,33,36,6,212,0,0,0,0,0,137,33,36,6,212,0,0,0,212
12/08/2022,RIC,VA,AEA,EN,Towers with Radar,154,34,63,27,278,0,0,29,14,43,154,34,92,41,321,88,18,106,427
12/09/2022,RIC,VA,AEA,EN,Towers with Radar,142,34,40,27,243,0,3,42,12,57,142,37,82,39,300,46,0,46,346
12/10/2022,RIC,VA,AEA,EN,Towers with Radar,103,26,22,0,151,0,10,20,4,34,103,36,42,4,185,90,0,90,275
12/11/2022,RIC,VA,AEA,EN,Towers with Radar,130,31,34,0,195,0,3,18,1,22,130,34,52,1,217,48,0,48,265
12/12/2022,RIC,VA,AEA,EN,Towers with Radar,134,21,45,29,229,0,0,26,5,31,134,21,71,34,260,58,0,58,318
12/13/2022,RIC,VA,AEA,EN,Towers with Radar,138,35,48,3,224,0,11,52,19,82,138,46,100,22,306,68,0,68,374
12/14/2022,RIC,VA,AEA,EN,Towers with Radar,139,29,37,23,228,0,7,35,25,67,139,36,72,48,295,36,0,36,331
12/15/2022,RIC,VA,AEA,EN,Towers with Radar,155,28,30,0,213,0,0,0,0,0,155,28,30,0,213,0,0,0,213
12/16/2022,RIC,VA,AEA,EN,Towers with Radar,145,37,53,18,253,0,7,22,3,32,145,44,75,21,285,46,0,46,331
12/17/2022,RIC,VA,AEA,EN,Towers with Radar,122,26,28,0,176,0,10,28,6,44,122,36,56,6,220,46,0,46,266
12/18/2022,RIC,VA,AEA,EN,Towers with Radar,126,30,32,0,188,0,1,24,1,26,126,31,56,1,214,30,0,30,244
12/19/2022,RIC,VA,AEA,EN,Towers with Radar,125,39,28,32,224,0,1,31,9,41,125,40,59,41,265,114,0,114,379
12/20/2022,RIC,VA,AEA,EN,Towers with Radar,147,35,42,24,248,0,0,28,14,42,147,35,70,38,290,78,6,84,374
12/21/2022,RIC,VA,AEA,EN,Towers with Radar,138,32,33,12,215,0,1,37,6,44,138,33,70,18,259,0,0,0,259
12/22/2022,RIC,VA,AEA,EN,Towers with Radar,135,35,16,0,186,0,0,0,1,1,135,35,16,1,187,0,0,0,187
12/23/2022,RIC,VA,AEA,EN,Towers with Radar,106,38,15,0,159,0,0,0,0,0,106,38,15,0,159,0,0,0,159
12/24/2022,RIC,VA,AEA,EN,Towers with Radar,84,36,8,0,128,0,5,2,0,7,84,41,10,0,135,0,0,0,135
12/25/2022,RIC,VA,AEA,EN,Towers with Radar,77,20,4,0,101,0,8,6,2,16,77,28,10,2,117,0,0,0,117
12/26/2022,RIC,VA,AEA,EN,Towers with Radar,98,24,34,0,156,0,4,9,7,20,98,28,43,7,176,0,0,0,176
12/27/2022,RIC,VA,AEA,EN,Towers with Radar,117,39,14,43,213,0,7,22,4,33,117,46,36,47,246,36,0,36,282
12/28/2022,RIC,VA,AEA,EN,Towers with Radar,122,32,25,34,213,0,7,11,0,18,122,39,36,34,231,8,0,8,239
12/29/2022,RIC,VA,AEA,EN,Towers with Radar,124,35,20,18,197,0,15,27,11,53,124,50,47,29,250,0,4,4,254
12/30/2022,RIC,VA,AEA,EN,Towers with Radar,120,31,26,0,177,0,8,13,5,26,120,39,39,5,203,35,0,35,238
12/31/2022,RIC,VA,AEA,EN,Towers with Radar,94,34,10,0,138,0,0,0,0,0,94,34,10,0,138,0,0,0,138
01/01/2023,RIC,VA,AEA,EN,Towers with Radar,84,24,14,0,122,0,5,17,0,22,84,29,31,0,144,20,0,20,164
01/02/2023,RIC,VA,AEA,EN,Towers with Radar,112,23,19,0,154,0,8,22,3,33,112,31,41,3,187,68,0,68,255
01/03/2023,RIC,VA,AEA,EN,Towers with Radar,119,27,16,13,175,0,0,7,10,17,119,27,23,23,192,2,8,10,202
01/04/2023,RIC,VA,AEA,EN,Towers with Radar,119,35,29,0,183,0,1,2,4,7,119,36,31,4,190,14,0,14,204
01/05/2023,RIC,VA,AEA,EN,Towers with Radar,131,29,47,22,229,0,3,24,19,46,131,32,71,41,275,148,10,158,433
01/06/2023,RIC,VA,AEA,EN,Towers with Radar,110,28,37,3,178,0,12,37,17,66,110,40,74,20,244,70,0,70,314
01/07/2023,RIC,VA,AEA,EN,Towers with Radar,98,25,29,1,153,0,9,33,14,56,98,34,62,15,209,50,0,50,259
01/08/2023,RIC,VA,AEA,EN,Towers with Radar,123,29,24,1,177,0,0,11,1,12,123,29,35,2,189,110,0,110,299
01/09/2023,RIC,VA,AEA,EN,Towers with Radar,127,23,28,26,204,0,3,19,9,31,127,26,47,35,235,52,0,52,287
01/10/2023,RIC,VA,AEA,EN,Towers with Radar,132,25,34,25,216,0,4,39,6,49,132,29,73,31,265,68,2,70,335
01/11/2023,RIC,VA,AEA,EN,Towers with Radar,123,25,24,31,203,0,4,36,17,57,123,29,60,48,260,42,0,42,302
01/12/2023,RIC,VA,AEA,EN,Towers with Radar,151,18,35,33,237,0,0,18,15,33,151,18,53,48,270,38,0,38,308
01/13/2023,RIC,VA,AEA,EN,Towers with Radar,136,26,37,25,224,0,4,19,6,29,136,30,56,31,253,36,2,38,291
01/14/2023,RIC,VA,AEA,EN,Towers with Radar,103,26,16,0,145,0,4,8,0,12,103,30,24,0,157,0,0,0,157
01/15/2023,RIC,VA,AEA,EN,Towers with Radar,114,14,15,0,143,0,4,6,0,10,114,18,21,0,153,0,0,0,153
01/16/2023,RIC,VA,AEA,EN,Towers with Radar,130,27,24,0,181,0,4,41,5,50,130,31,65,5,231,44,0,44,275
01/17/2023,RIC,VA,AEA,EN,Towers with Radar,139,34,39,1,213,0,2,13,18,33,139,36,52,19,246,44,16,60,306
01/18/2023,RIC,VA,AEA,EN,Towers with Radar,135,36,51,22,244,0,4,54,28,86,135,40,105,50,330,86,12,98,428
01/19/2023,RIC,VA,AEA,EN,Towers with Radar,154,31,33,4,222,0,2,4,10,16,154,33,37,14,238,4,0,4,242
01/20/2023,RIC,VA,AEA,EN,Towers with Radar,135,28,26,7,196,0,6,27,10,43,135,34,53,17,239,8,0,8,247
01/21/2023,RIC,VA,AEA,EN,Towers with Radar,102,25,24,3,154,0,4,39,13,56,102,29,63,16,210,34,0,34,244
01/22/2023,RIC,VA,AEA,EN,Towers with Radar,132,24,9,1,166,0,0,8,0,8,132,24,17,1,174,52,0,52,226
01/23/2023,RIC,VA,AEA,EN,Towers with Radar,126,32,28,12,198,0,2,6,0,8,126,34,34,12,206,18,0,18,224
01/24/2023,RIC,VA,AEA,EN,Towers with Radar,139,26,45,36,246,0,3,38,32,73,139,29,83,68,319,38,0,38,357
01/25/2023,RIC,VA,AEA,EN,Towers with Radar,128,30,22,2,182,0,5,4,1,10,128,35,26,3,192,16,0,16,208
01/26/2023,RIC,VA,AEA,EN,Towers with Radar,154,38,47,10,249,0,12,12,22,46,154,50,59,32,295,28,6,34,329
01/27/2023,RIC,VA,AEA,EN,Towers with Radar,137,32,31,19,219,0,6,42,21,69,137,38,73,40,288,62,6,68,356
01/28/2023,RIC,VA,AEA,EN,Towers with Radar,105,25,22,1,153,0,6,35,4,45,105,31,57,5,198,6,0,6,204
01/29/2023,RIC,VA,AEA,EN,Towers with Radar,132,32,22,0,186,0,0,11,2,13,132,32,33,2,199,54,0,54,253
01/30/2023,RIC,VA,AEA,EN,Towers with Radar,128,28,34,11,201,0,2,33,14,49,128,30,67,25,250,44,0,44,294
01/31/2023,RIC,VA,AEA,EN,Towers with Radar,130,26,21,4,181,0,0,0,0,0,130,26,21,4,181,0,0,0,181
02/01/2023,RIC,VA,AEA,EN,Towers with Radar,127,30,36,0,193,0,5,12,11,28,127,35,48,11,221,72,0,72,293
02/02/2023,RIC,VA,AEA,EN,Towers with Radar,149,24,25,11,209,0,0,1,4,5,149,24,26,15,214,0,0,0,214
02/03/2023,RIC,VA,AEA,EN,Towers with Radar,137,28,24,16,205,0,5,13,24,42,137,33,37,40,247,16,13,29,276
02/04/2023,RIC,VA,AEA,EN,Towers with Radar,112,22,19,1,154,0,8,39,13,60,112,30,58,14,214,74,4,78,292
02/05/2023,RIC,VA,AEA,EN,Towers with Radar,135,26,21,0,182,0,3,20,5,28,135,29,41,5,210,0,0,0,210
02/06/2023,RIC,VA,AEA,EN,Towers with Radar,142,26,32,2,202,0,4,21,7,32,142,30,53,9,234,76,4,80,314
02/07/2023,RIC,VA,AEA,EN,Towers with Radar,141,29,37,6,213,0,3,38,12,53,141,32,75,18,266,102,2,104,370
02/08/2023,RIC,VA,AEA,EN,Towers with Radar,130,38,44,18,230,0,2,18,15,35,130,40,62,33,265,94,4,98,363
02/09/2023,RIC,VA,AEA,EN,Towers with Radar,154,34,35,23,246,0,8,13,16,37,154,42,48,39,283,78,0,78,361
02/10/2023,RIC,VA,AEA,EN,Towers with Radar,142,38,32,10,222,0,4,41,4,49,142,42,73,14,271,46,8,54,325
02/11/2023,RIC,VA,AEA,EN,Towers with Radar,107,29,18,0,154,0,4,40,6,50,107,33,58,6,204,106,0,106,310
02/12/2023,RIC,VA,AEA,EN,Towers with Radar,121,31,10,0,162,0,0,0,0,0,121,31,10,0,162,0,0,0,162
02/13/2023,RIC,VA,AEA,EN,Towers with Radar,137,28,34,14,213,0,2,29,6,37,137,30,63,20,250,20,0,20,270
02/14/2023,RIC,VA,AEA,EN,Towers with Radar,135,40,18,11,204,0,2,27,20,49,135,42,45,31,253,70,12,82,335
02/15/2023,RIC,VA,AEA,EN,Towers with Radar,132,47,41,18,238,0,3,17,21,41,132,50,58,39,279,54,2,56,335
02/16/2023,RIC,VA,AEA,EN,Towers with Radar,162,27,33,8,230,0,4,26,21,51,162,31,59,29,281,0,0,0,281
02/17/2023,RIC,VA,AEA,EN,Towers with Radar,151,31,33,0,215,0,3,1,0,4,151,34,34,0,219,0,0,0,219
02/18/2023,RIC,VA,AEA,EN,Towers with Radar,115,16,12,5,148,0,3,39,2,44,115,19,51,7,192,96,0,96,288
02/19/2023,RIC,VA,AEA,EN,Towers with Radar,121,20,20,0,161,0,2,14,0,16,121,22,34,0,177,46,0,46,223
02/20/2023,RIC,VA,AEA,EN,Towers with Radar,146,24,30,2,202,0,3,26,6,35,146,27,56,8,237,200,0,200,437
02/21/2023,RIC,VA,AEA,EN,Towers with Radar,146,34,38,10,228,0,3,26,21,50,146,37,64,31,278,44,0,44,322
02/22/2023,RIC,VA,AEA,EN,Towers with Radar,137,25,44,36,242,0,4,22,25,51,137,29,66,61,293,156,0,156,449
02/23/2023,RIC,VA,AEA,EN,Towers with Radar,146,31,45,6,228,0,6,20,18,44,146,37,65,24,272,18,48,66,338
02/24/2023,RIC,VA,AEA,EN,Towers with Radar,151,39,30,12,232,0,5,26,8,39,151,44,56,20,271,16,2,18,289
02/25/2023,RIC,VA,AEA,EN,Towers with Radar,115,24,14,3,156,0,3,8,2,13,115,27,22,5,169,67,0,67,236
02/26/2023,RIC,VA,AEA,EN,Towers with Radar,130,41,30,0,201,0,0,14,0,14,130,41,44,0,215,6,0,6,221
02/27/2023,RIC,VA,AEA,EN,Towers with Radar,139,24,39,14,216,0,0,31,6,37,139,24,70,20,253,0,0,0,253
02/28/2023,RIC,VA,AEA,EN,Towers with Radar,136,37,28,18,219,0,6,44,25,75,136,43,72,43,294,80,2,82,376
03/01/2023,RIC,VA,AEA,EN,Towers with Radar,144,29,32,10,215,0,8,32,20,60,144,37,64,30,275,122,0,122,397
03/02/2023,RIC,VA,AEA,EN,Towers with Radar,144,33,44,32,253,0,3,26,24,53,144,36,70,56,306,52,0,52,358
03/03/2023,RIC,VA,AEA,EN,Towers with Radar,144,32,33,12,221,0,0,2,0,2,144,32,35,12,223,0,0,0,223
03/04/2023,RIC,VA,AEA,EN,Towers with Radar,107,30,13,3,153,0,5,11,3,19,107,35,24,6,172,0,0,0,172
03/05/2023,RIC,VA,AEA,EN,Towers with Radar,125,33,29,2,189,0,6,25,1,32,125,39,54,3,221,96,2,98,319
03/06/2023,RIC,VA,AEA,EN,Towers with Radar,144,38,36,12,230,0,4,25,7,36,144,42,61,19,266,170,12,182,448
03/07/2023,RIC,VA,AEA,EN,Towers with Radar,139,39,25,29,232,0,6,6,17,29,139,45,31,46,261,16,20,36,297
03/08/2023,RIC,VA,AEA,EN,Towers with Radar,138,35,35,26,234,0,0,9,4,13,138,35,44,30,247,0,0,0,247
03/09/2023,RIC,VA,AEA,EN,Towers with Radar,150,40,33,15,238,0,19,21,24,64,150,59,54,39,302,38,2,40,342
03/10/2023,RIC,VA,AEA,EN,Towers with Radar,155,42,16,10,223,0,0,2,2,4,155,42,18,12,227,20,0,20,247
03/11/2023,RIC,VA,AEA,EN,Towers with Radar,114,26,14,2,156,0,7,5,2,14,114,33,19,4,170,0,0,0,170
03/12/2023,RIC,VA,AEA,EN,Towers with Radar,132,34,36,2,204,0,0,4,1,5,132,34,40,3,209,30,0,30,239
03/13/2023,RIC,VA,AEA,EN,Towers with Radar,153,25,17,3,198,0,3,2,5,10,153,28,19,8,208,0,0,0,208
03/14/2023,RIC,VA,AEA,EN,Towers with Radar,138,41,23,12,214,0,5,7,5,17,138,46,30,17,231,0,14,14,245
03/15/2023,RIC,VA,AEA,EN,Towers with Radar,145,37,38,22,242,0,8,19,15,42,145,45,57,37,284,0,0,0,284
03/16/2023,RIC,VA,AEA,EN,Towers with Radar,149,28,36,22,235,0,19,44,17,80,149,47,80,39,315,88,10,98,413
03/17/2023,RIC,VA,AEA,EN,Towers with Radar,158,33,26,6,223,0,3,3,4,10,158,36,29,10,233,36,0,36,269
03/18/2023,RIC,VA,AEA,EN,Towers with Radar,111,39,15,0,165,0,13,23,7,43,111,52,38,7,208,84,0,84,292
03/19/2023,RIC,VA,AEA,EN,Towers with Radar,134,39,22,2,197,0,7,17,2,26,134,46,39,4,223,26,0,26,249
03/20/2023,RIC,VA,AEA,EN,Towers with Radar,146,30,17,21,214,0,18,23,8,49,146,48,40,29,263,67,8,75,338
03/21/2023,RIC,VA,AEA,EN,Towers with Radar,149,39,39,8,235,0,19,27,14,60,149,58,66,22,295,57,6,63,358
03/22/2023,RIC,VA,AEA,EN,Towers with Radar,143,33,34,11,221,0,21,35,26,82,143,54,69,37,303,84,6,90,393
03/23/2023,RIC,VA,AEA,EN,Towers with Radar,156,38,38,14,246,0,3,12,11,26,156,41,50,25,272,2,22,24,296
03/24/2023,RIC,VA,AEA,EN,Towers with Radar,158,36,37,0,231,0,9,14,14,37,158,45,51,14,268,98,16,114,382
03/25/2023,RIC,VA,AEA,EN,Towers with Radar,113,28,22,6,169,0,0,4,2,6,113,28,26,8,175,0,0,0,175
03/26/2023,RIC,VA,AEA,EN,Towers with Radar,139,39,25,0,203,0,8,19,0,27,139,47,44,0,230,72,0,72,302
03/27/2023,RIC,VA,AEA,EN,Towers with Radar,162,27,48,7,244,0,1,6,7,14,162,28,54,14,258,0,0,0,258
03/28/2023,RIC,VA,AEA,EN,Towers with Radar,150,30,43,7,230,0,21,16,20,57,150,51,59,27,287,94,0,94,381
03/29/2023,RIC,VA,AEA,EN,Towers with Radar,150,38,38,13,239,0,20,33,25,78,150,58,71,38,317,94,2,96,413
03/30/2023,RIC,VA,AEA,EN,Towers with Radar,162,49,40,12,263,0,19,23,19,61,162,68,63,31,324,72,8,80,404
03/31/2023,RIC,VA,AEA,EN,Towers with Radar,155,50,52,2,259,0,0,12,11,23,155,50,64,13,282,54,0,54,336
04/01/2023,RIC,VA,AEA,EN,Towers with Radar,128,38,20,0,186,0,0,0,0,0,128,38,20,0,186,0,0,0,186
04/02/2023,RIC,VA,AEA,EN,Towers with Radar,139,61,59,1,260,0,24,16,31,71,139,85,75,32,331,32,0,32,363
04/03/2023,RIC,VA,AEA,EN,Towers with Radar,146,37,25,2,210,0,13,5,8,26,146,50,30,10,236,0,0,0,236
04/04/2023,RIC,VA,AEA,EN,Towers with Radar,147,48,22,13,230,0,21,24,15,60,147,69,46,28,290,56,6,62,352
04/05/2023,RIC,VA,AEA,EN,Towers with Radar,139,38,28,24,229,0,23,26,15,64,139,61,54,39,293,56,12,68,361
04/06/2023,RIC,VA,AEA,EN,Towers with Radar,155,27,41,26,249,0,6,11,9,26,155,33,52,35,275,14,22,36,311
04/07/2023,RIC,VA,AEA,EN,Towers with Radar,171,43,26,2,242,0,0,2,4,6,171,43,28,6,248,60,0,60,308
04/08/2023,RIC,VA,AEA,EN,Towers with Radar,115,28,18,0,161,0,7,10,1,18,115,35,28,1,179,30,0,30,209
04/09/2023,RIC,VA,AEA,EN,Towers with Radar,134,30,21,0,185,0,12,16,1,29,134,42,37,1,214,16,0,16,230
04/10/2023,RIC,VA,AEA,EN,Towers with Radar,154,32,28,6,220,0,12,24,9,45,154,44,52,15,265,75,0,75,340
04/11/2023,RIC,VA,AEA,EN,Towers with Radar,150,40,27,3,220,0,16,17,30,63,150,56,44,33,283,64,0,64,347
04/12/2023,RIC,VA,AEA,EN,Towers with Radar,142,36,22,19,219,0,20,17,25,62,142,56,39,44,281,62,2,64,345
04/13/2023,RIC,VA,AEA,EN,Towers with Radar,152,29,44,28,253,0,17,55,16,88,152,46,99,44,341,86,24,110,451
04/14/2023,RIC,VA,AEA,EN,Towers with Radar,165,29,28,32,254,0,7,9,10,26,165,36,37,42,280,18,0,18,298
04/15/2023,RIC,VA,AEA,EN,Towers with Radar,128,23,30,1,182,0,6,8,3,17,128,29,38,4,199,8,0,8,207
04/16/2023,RIC,VA,AEA,EN,Towers with Radar,137,26,20,0,183,0,14,10,2,26,137,40,30,2,209,22,0,22,231
04/17/2023,RIC,VA,AEA,EN,Towers with Radar,156,30,33,14,233,0,15,10,6,31,156,45,43,20,264,1,12,13,277
04/18/2023,RIC,VA,AEA,EN,Towers with Radar,152,33,32,31,248,0,9,3,15,27,152,42,35,46,275,12,16,28,303
04/19/2023,RIC,VA,AEA,EN,Towers with Radar,146,46,43,7,242,0,18,34,37,89,146,64,77,44,331,26,6,32,363
04/20/2023,RIC,VA,AEA,EN,Towers with Radar,156,45,41,6,248,0,12,18,17,47,156,57,59,23,295,57,2,59,354
04/21/2023,RIC,VA,AEA,EN,Towers with Radar,162,41,32,11,246,0,14,18,7,39,162,55,50,18,285,44,6,50,335
04/22/2023,RIC,VA,AEA,EN,Towers with Radar,119,22,12,4,157,0,2,5,5,12,119,24,17,9,169,0,0,0,169
04/23/2023,RIC,VA,AEA,EN,Towers with Radar,133,42,21,0,196,0,19,13,3,35,133,61,34,3,231,52,0,52,283
04/24/2023,RIC,VA,AEA,EN,Towers with Radar,155,28,40,8,231,0,13,11,7,31,155,41,51,15,262,78,0,78,340
04/25/2023,RIC,VA,AEA,EN,Towers with Radar,152,32,49,27,260,0,18,19,25,62,152,50,68,52,322,20,2,22,344
04/26/2023,RIC,VA,AEA,EN,Towers with Radar,144,25,34,16,219,0,12,14,17,43,144,37,48,33,262,0,0,0,262
04/27/2023,RIC,VA,AEA,EN,Towers with Radar,154,29,45,25,253,0,7,18,18,43,154,36,63,43,296,56,4,60,356
04/28/2023,RIC,VA,AEA,EN,Towers with Radar,163,28,21,10,222,0,0,0,0,0,163,28,21,10,222,0,0,0,222
04/29/2023,RIC,VA,AEA,EN,Towers with Radar,118,36,19,0,173,0,4,7,1,12,118,40,26,1,185,28,0,28,213
04/30/2023,RIC,VA,AEA,EN,Towers with Radar,127,31,23,2,183,0,0,0,1,1,127,31,23,3,184,0,0,0,184
05/01/2023,RIC,VA,AEA,EN,Towers with Radar,155,25,22,11,213,0,8,5,4,17,155,33,27,15,230,0,0,0,230
05/02/2023,RIC,VA,AEA,EN,Towers with Radar,148,34,27,4,213,0,2,21,9,32,148,36,48,13,245,2,28,30,275
05/03/2023,RIC,VA,AEA,EN,Towers with Radar,146,40,32,0,218,0,8,4,7,19,146,48,36,7,237,0,0,0,237
05/04/2023,RIC,VA,AEA,EN,Towers with Radar,153,46,46,2,247,0,17,35,12,64,153,63,81,14,311,70,8,78,389
05/05/2023,RIC,VA,AEA,EN,Towers with Radar,163,64,39,5,271,0,16,37,13,66,163,80,76,18,337,40,0,40,377
05/06/2023,RIC,VA,AEA,EN,Towers with Radar,129,26,20,4,179,0,20,20,6,46,129,46,40,10,225,116,8,124,349
05/07/2023,RIC,VA,AEA,EN,Towers with Radar,139,36,21,1,197,0,14,22,2,38,139,50,43,3,235,110,0,110,345
05/08/2023,RIC,VA,AEA,EN,Towers with Radar,161,49,34,15,259,0,6,19,15,40,161,55,53,30,299,64,0,64,363
05/09/2023,RIC,VA,AEA,EN,Towers with Radar,153,36,44,9,242,0,10,9,21,40,153,46,53,30,282,44,2,46,328
05/10/2023,RIC,VA,AEA,EN,Towers with Radar,149,34,39,8,230,1,12,33,19,65,150,46,72,27,295,38,0,38,333
05/11/2023,RIC,VA,AEA,EN,Towers with Radar,164,25,36,11,236,0,12,19,17,48,164,37,55,28,284,98,2,100,384
05/12/2023,RIC,VA,AEA,EN,Towers with Radar,163,40,25,4,232,0,12,33,9,54,163,52,58,13,286,10,0,10,296
05/13/2023,RIC,VA,AEA,EN,Towers with Radar,128,25,18,0,171,0,4,14,1,19,128,29,32,1,190,14,0,14,204
05/14/2023,RIC,VA,AEA,EN,Towers with Radar,138,25,10,0,173,0,15,24,0,39,138,40,34,0,212,10,0,10,222
05/15/2023,RIC,VA,AEA,EN,Towers with Radar,158,45,23,14,240,0,22,21,8,51,158,67,44,22,291,72,0,72,363
05/16/2023,RIC,VA,AEA,EN,Towers with Radar,145,40,19,10,214,0,12,22,14,48,145,52,41,24,262,12,0,12,274
05/17/2023,RIC,VA,AEA,EN,Towers with Radar,158,46,50,3,257,0,13,33,13,59,158,59,83,16,316,62,2,64,380
05/18/2023,RIC,VA,AEA,EN,Towers with Radar,163,43,55,29,290,0,17,36,19,72,163,60,91,48,362,15,8,23,385
05/19/2023,RIC,VA,AEA,EN,Towers with Radar,166,43,37,24,270,0,15,19,9,43,166,58,56,33,313,18,0,18,331
05/20/2023,RIC,VA,AEA,EN,Towers with Radar,121,30,25,2,178,0,2,18,0,20,121,32,43,2,198,34,0,34,232
05/21/2023,RIC,VA,AEA,EN,Towers with Radar,144,47,14,5,210,0,5,20,12,37,144,52,34,17,247,12,18,30,277
05/22/2023,RIC,VA,AEA,EN,Towers with Radar,157,25,36,5,223,0,15,10,8,33,157,40,46,13,256,36,0,36,292
05/23/2023,RIC,VA,AEA,EN,Towers with Radar,163,30,39,13,245,0,13,24,21,58,163,43,63,34,303,34,6,40,343
05/24/2023,RIC,VA,AEA,EN,Towers with Radar,151,31,31,13,226,0,6,32,10,48,151,37,63,23,274,36,0,36,310
05/25/2023,RIC,VA,AEA,EN,Towers with Radar,167,31,33,25,256,0,10,7,15,32,167,41,40,40,288,26,0,26,314
05/26/2023,RIC,VA,AEA,EN,Towers with Radar,165,31,35,0,231,0,9,24,3,36,165,40,59,3,267,4,0,4,271
05/27/2023,RIC,VA,AEA,EN,Towers with Radar,121,27,10,0,158,0,11,8,1,20,121,38,18,1,178,4,0,4,182
05/28/2023,RIC,VA,AEA,EN,Towers with Radar,141,14,7,0,162,0,0,0,0,0,141,14,7,0,162,0,0,0,162
05/29/2023,RIC,VA,AEA,EN,Towers with Radar,163,22,20,0,205,0,0,0,0,0,163,22,20,0,205,0,0,0,205
05/30/2023,RIC,VA,AEA,EN,Towers with Radar,156,24,22,10,212,0,1,3,6,10,156,25,25,16,222,10,0,10,232
05/31/2023,RIC,VA,AEA,EN,Towers with Radar,155,42,36,31,264,0,13,12,18,43,155,55,48,49,307,17,8,25,332
06/01/2023,RIC,VA,AEA,EN,Towers with Radar,164,42,29,8,243,0,6,12,28,46,164,48,41,36,289,62,6,68,357
06/02/2023,RIC,VA,AEA,EN,Towers with Radar,162,50,36,18,266,0,8,23,20,51,162,58,59,38,317,52,0,52,369
06/03/2023,RIC,VA,AEA,EN,Towers with Radar,122,34,11,3,170,0,12,17,27,56,122,46,28,30,226,28,0,28,254
06/04/2023,RIC,VA,AEA,EN,Towers with Radar,147,46,24,3,220,0,16,6,11,33,147,62,30,14,253,78,0,78,331
06/05/2023,RIC,VA,AEA,EN,Towers with Radar,160,30,27,22,239,0,14,18,19,51,160,44,45,41,290,50,24,74,364
06/06/2023,RIC,VA,AEA,EN,Towers with Radar,150,32,31,21,234,0,9,24,14,47,150,41,55,35,281,10,8,18,299
06/07/2023,RIC,VA,AEA,EN,Towers with Radar,149,36,34,3,222,0,4,2,7,13,149,40,36,10,235,8,2,10,245
06/08/2023,RIC,VA,AEA,EN,Towers with Radar,175,42,36,4,257,0,0,4,11,15,175,42,40,15,272,0,8,8,280
06/09/2023,RIC,VA,AEA,EN,Towers with Radar,165,44,36,6,251,0,8,34,12,54,165,52,70,18,305,16,0,16,321
06/10/2023,RIC,VA,AEA,EN,Towers with Radar,124,21,9,0,154,0,12,31,6,49,124,33,40,6,203,0,0,0,203
06/11/2023,RIC,VA,AEA,EN,Towers with Radar,143,30,7,2,182,0,13,15,6,34,143,43,22,8,216,30,0,30,246
06/12/2023,RIC,VA,AEA,EN,Towers with Radar,156,28,21,14,219,0,2,2,3,7,156,30,23,17,226,2,0,2,228
06/13/2023,RIC,VA,AEA,EN,Towers with Radar,162,50,23,23,258,0,17,32,32,81,162,67,55,55,339,34,12,46,385
06/14/2023,RIC,VA,AEA,EN,Towers with Radar,141,33,28,8,210,0,15,10,24,49,141,48,38,32,259,32,30,62,321
06/15/2023,RIC,VA,AEA,EN,Towers with Radar,168,42,34,12,256,0,14,24,13,51,168,56,58,25,307,24,28,52,359
06/16/2023,RIC,VA,AEA,EN,Towers with Radar,169,38,18,6,231,0,8,9,14,31,169,46,27,20,262,60,0,60,322
06/17/2023,RIC,VA,AEA,EN,Towers with Radar,117,36,16,0,169,0,12,18,6,36,117,48,34,6,205,32,0,32,237
06/18/2023,RIC,VA,AEA,EN,Towers with Radar,142,24,10,2,178,0,11,18,3,32,142,35,28,5,210,48,0,48,258
06/19/2023,RIC,VA,AEA,EN,Towers with Radar,164,34,25,0,223,0,4,15,4,23,164,38,40,4,246,39,0,39,285
06/20/2023,RIC,VA,AEA,EN,Towers with Radar,149,31,51,15,246,0,2,3,2,7,149,33,54,17,253,0,0,0,253
06/21/2023,RIC,VA,AEA,EN,Towers with Radar,150,27,29,5,211,0,0,0,0,0,150,27,29,5,211,0,0,0,211
06/22/2023,RIC,VA,AEA,EN,Towers with Radar,164,27,29,6,226,0,0,0,0,0,164,27,29,6,226,0,0,0,226
06/23/2023,RIC,VA,AEA,EN,Towers with Radar,172,31,31,4,238,0,0,3,0,3,172,31,34,4,241,0,0,0,241
06/24/2023,RIC,VA,AEA,EN,Towers with Radar,117,25,27,0,169,0,3,8,3,14,117,28,35,3,183,12,0,12,195
06/25/2023,RIC,VA,AEA,EN,Towers with Radar,119,28,25,0,172,0,11,26,1,38,119,39,51,1,210,66,0,66,276
06/26/2023,RIC,VA,AEA,EN,Towers with Radar,137,31,38,20,226,0,5,14,1,20,137,36,52,21,246,36,0,36,282
06/27/2023,RIC,VA,AEA,EN,Towers with Radar,147,40,39,4,230,0,11,13,13,37,147,51,52,17,267,20,0,20,287
06/28/2023,RIC,VA,AEA,EN,Towers with Radar,151,48,49,15,263,0,17,32,10,59,151,65,81,25,322,0,0,0,322
06/29/2023,RIC,VA,AEA,EN,Towers with Radar,161,40,39,2,242,0,8,13,15,36,161,48,52,17,278,14,6,20,298
06/30/2023,RIC,VA,AEA,EN,Towers with Radar,190,42,28,13,273,0,8,14,15,37,190,50,42,28,310,90,0,90,400
07/01/2023,RIC,VA,AEA,EN,Towers with Radar,123,33,14,2,172,0,8,12,0,20,123,41,26,2,192,44,0,44,236
07/02/2023,RIC,VA,AEA,EN,Towers with Radar,132,34,5,0,171,0,12,15,0,27,132,46,20,0,198,16,0,16,214
07/03/2023,RIC,VA,AEA,EN,Towers with Radar,136,27,2,0,165,0,9,16,2,27,136,36,18,2,192,7,0,7,199
07/04/2023,RIC,VA,AEA,EN,Towers with Radar,115,29,3,0,147,0,6,17,8,31,115,35,20,8,178,18,0,18,196
07/05/2023,RIC,VA,AEA,EN,Towers with Radar,147,44,16,32,239,0,11,17,9,37,147,55,33,41,276,0,0,0,276
07/06/2023,RIC,VA,AEA,EN,Towers with Radar,159,46,15,13,233,0,7,7,14,28,159,53,22,27,261,34,0,34,295
07/07/2023,RIC,VA,AEA,EN,Towers with Radar,142,38,20,4,204,0,4,28,9,41,142,42,48,13,245,59,9,68,313
07/08/2023,RIC,VA,AEA,EN,Towers with Radar,126,47,14,4,191,0,5,8,22,35,126,52,22,26,226,76,10,86,312
07/09/2023,RIC,VA,AEA,EN,Towers with Radar,130,29,19,0,178,1,2,8,1,12,131,31,27,1,190,18,0,18,208
07/10/2023,RIC,VA,AEA,EN,Towers with Radar,160,36,30,42,268,0,7,29,11,47,160,43,59,53,315,110,32,142,457
07/11/2023,RIC,VA,AEA,EN,Towers with Radar,169,31,19,4,223,0,15,23,20,58,169,46,42,24,281,54,0,54,335
07/12/2023,RIC,VA,AEA,EN,Towers with Radar,158,44,21,18,241,0,11,23,10,44,158,55,44,28,285,0,0,0,285
07/13/2023,RIC,VA,AEA,EN,Towers with Radar,169,35,23,16,243,0,10,19,14,43,169,45,42,30,286,68,24,92,378
07/14/2023,RIC,VA,AEA,EN,Towers with Radar,177,28,23,2,230,0,10,8,10,28,177,38,31,12,258,36,0,36,294
07/15/2023,RIC,VA,AEA,EN,Towers with Radar,131,28,20,0,179,0,1,7,6,14,131,29,27,6,193,0,0,0,193
07/16/2023,RIC,VA,AEA,EN,Towers with Radar,128,30,16,0,174,0,1,4,0,5,128,31,20,0,179,0,0,0,179
07/17/2023,RIC,VA,AEA,EN,Towers with Radar,160,41,31,8,240,0,15,27,16,58,160,56,58,24,298,26,6,32,330
07/18/2023,RIC,VA,AEA,EN,Towers with Radar,168,31,25,16,240,0,10,22,20,52,168,41,47,36,292,100,0,100,392
07/19/2023,RIC,VA,AEA,EN,Towers with Radar,159,45,40,14,258,0,4,6,5,15,159,49,46,19,273,0,0,0,273
07/20/2023,RIC,VA,AEA,EN,Towers with Radar,174,46,39,14,273,0,10,24,22,56,174,56,63,36,329,44,0,44,373
07/21/2023,RIC,VA,AEA,EN,Towers with Radar,172,35,18,6,231,0,10,18,1,29,172,45,36,7,260,28,0,28,288
07/22/2023,RIC,VA,AEA,EN,Towers with Radar,134,31,20,1,186,0,10,19,4,33,134,41,39,5,219,40,0,40,259
07/23/2023,RIC,VA,AEA,EN,Towers with Radar,140,27,27,1,195,0,10,13,1,24,140,37,40,2,219,52,0,52,271
07/24/2023,RIC,VA,AEA,EN,Towers with Radar,170,29,29,8,236,1,2,19,5,27,171,31,48,13,263,40,0,40,303
07/25/2023,RIC,VA,AEA,EN,Towers with Radar,165,37,24,1,227,0,12,18,23,53,165,49,42,24,280,48,2,50,330
07/26/2023,RIC,VA,AEA,EN,Towers with Radar,158,40,33,16,247,0,11,26,17,54,158,51,59,33,301,18,20,38,339
07/27/2023,RIC,VA,AEA,EN,Towers with Radar,170,38,37,5,250,0,6,21,25,52,170,44,58,30,302,16,18,34,336
07/28/2023,RIC,VA,AEA,EN,Towers with Radar,173,43,42,5,263,0,0,27,2,29,173,43,69,7,292,20,0,20,312
07/29/2023,RIC,VA,AEA,EN,Towers with Radar,150,50,28,0,228,0,8,22,6,36,150,58,50,6,264,18,0,18,282
07/30/2023,RIC,VA,AEA,EN,Towers with Radar,145,50,41,0,236,0,8,27,0,35,145,58,68,0,271,0,2,2,273
07/31/2023,RIC,VA,AEA,EN,Towers with Radar,163,25,21,15,224,0,1,23,5,29,163,26,44,20,253,10,0,10,263
08/01/2023,RIC,VA,AEA,EN,Towers with Radar,160,45,37,20,262,0,14,41,17,72,160,59,78,37,334,58,7,65,399
08/02/2023,RIC,VA,AEA,EN,Towers with Radar,152,44,28,20,244,0,9,38,29,76,152,53,66,49,320,148,2,150,470
08/03/2023,RIC,VA,AEA,EN,Towers with Radar,166,43,29,7,245,0,6,8,12,26,166,49,37,19,271,70,14,84,355
08/04/2023,RIC,VA,AEA,EN,Towers with Radar,161,41,29,0,231,0,1,2,1,4,161,42,31,1,235,0,4,4,239
08/05/2023,RIC,VA,AEA,EN,Towers with Radar,122,38,16,1,177,0,15,10,11,36,122,53,26,12,213,48,2,50,263
08/06/2023,RIC,VA,AEA,EN,Towers with Radar,131,30,16,0,177,0,8,11,2,21,131,38,27,2,198,38,0,38,236
08/07/2023,RIC,VA,AEA,EN,Towers with Radar,157,33,30,0,220,0,3,14,2,19,157,36,44,2,239,0,0,0,239
08/08/2023,RIC,VA,AEA,EN,Towers with Radar,172,41,20,11,244,0,23,25,16,64,172,64,45,27,308,41,0,41,349
08/09/2023,RIC,VA,AEA,EN,Towers with Radar,150,40,26,4,220,0,20,28,25,73,150,60,54,29,293,38,0,38,331
08/10/2023,RIC,VA,AEA,EN,Towers with Radar,168,32,29,5,234,0,3,7,16,26,168,35,36,21,260,82,2,84,344
08/11/2023,RIC,VA,AEA,EN,Towers with Radar,163,37,24,5,229,0,8,28,22,58,163,45,52,27,287,112,10,122,409
08/12/2023,RIC,VA,AEA,EN,Towers with Radar,123,27,19,0,169,0,16,33,9,58,123,43,52,9,227,64,0,64,291
08/13/2023,RIC,VA,AEA,EN,Towers with Radar,135,19,39,0,193,0,0,19,0,19,135,19,58,0,212,18,0,18,230
08/14/2023,RIC,VA,AEA,EN,Towers with Radar,155,28,26,0,209,0,2,7,8,17,155,30,33,8,226,54,1,55,281
08/15/2023,RIC,VA,AEA,EN,Towers with Radar,164,35,26,6,231,0,2,13,4,19,164,37,39,10,250,4,0,4,254
08/16/2023,RIC,VA,AEA,EN,Towers with Radar,151,50,27,15,243,0,4,21,8,33,151,54,48,23,276,0,0,0,276
08/17/2023,RIC,VA,AEA,EN,Towers with Radar,166,41,32,16,255,0,8,11,9,28,166,49,43,25,283,0,8,8,291
08/18/2023,RIC,VA,AEA,EN,Towers with Radar,155,46,14,5,220,0,16,28,6,50,155,62,42,11,270,40,0,40,310
08/19/2023,RIC,VA,AEA,EN,Towers with Radar,122,31,13,1,167,0,19,18,2,39,122,50,31,3,206,44,0,44,250
08/20/2023,RIC,VA,AEA,EN,Towers with Radar,142,28,21,1,192,0,22,17,2,41,142,50,38,3,233,8,0,8,241
08/21/2023,RIC,VA,AEA,EN,Towers with Radar,156,27,34,15,232,0,19,20,3,42,156,46,54,18,274,32,0,32,306
08/22/2023,RIC,VA,AEA,EN,Towers with Radar,164,42,32,14,252,0,16,9,27,52,164,58,41,41,304,8,10,18,322
08/23/2023,RIC,VA,AEA,EN,Towers with Radar,152,40,30,13,235,0,16,20,24,60,152,56,50,37,295,58,6,64,359
08/24/2023,RIC,VA,AEA,EN,Towers with Radar,162,50,27,6,245,0,11,21,25,57,162,61,48,31,302,42,0,42,344
08/25/2023,RIC,VA,AEA,EN,Towers with Radar,159,39,15,0,213,0,8,7,9,24,159,47,22,9,237,14,0,14,251
08/26/2023,RIC,VA,AEA,EN,Towers with Radar,120,41,7,0,168,0,11,18,5,34,120,52,25,5,202,14,0,14,216
08/27/2023,RIC,VA,AEA,EN,Towers with Radar,140,41,28,7,216,0,1,3,0,4,140,42,31,7,220,0,0,0,220
08/28/2023,RIC,VA,AEA,EN,Towers with Radar,154,41,26,1,222,0,0,1,1,2,154,41,27,2,224,4,10,14,238
08/29/2023,RIC,VA,AEA,EN,Towers with Radar,160,41,43,14,258,0,6,4,9,19,160,47,47,23,277,40,2,42,319
08/30/2023,RIC,VA,AEA,EN,Towers with Radar,149,46,41,3,239,0,14,18,25,57,149,60,59,28,296,70,0,70,366
08/31/2023,RIC,VA,AEA,EN,Towers with Radar,167,40,30,2,239,0,11,15,13,39,167,51,45,15,278,8,0,8,286
