04/01/2004,RNM,CA,AWP,WE,Federal Contract Tower,0,0,4,0,4,0,0,9,0,9,0,0,13,0,13,42,0,42,55
04/02/2004,RNM,CA,AWP,WE,Federal Contract Tower,0,1,2,0,3,0,1,34,2,37,0,2,36,2,40,152,0,152,192
04/03/2004,RNM,CA,AWP,WE,Federal Contract Tower,0,1,6,0,7,0,1,51,0,52,0,2,57,0,59,270,0,270,329
04/04/2004,RNM,CA,AWP,WE,Federal Contract Tower,0,1,2,0,3,0,0,76,0,76,0,1,78,0,79,188,0,188,267
04/05/2004,RNM,CA,AWP,WE,Federal Contract Tower,0,0,5,0,5,0,0,63,0,63,0,0,68,0,68,192,0,192,260
04/06/2004,RNM,CA,AWP,WE,Federal Contract Tower,0,0,2,0,2,0,0,80,0,80,0,0,82,0,82,126,0,126,208
04/07/2004,RNM,CA,AWP,WE,Federal Contract Tower,0,0,5,0,5,0,0,85,2,87,0,0,90,2,92,254,2,256,348
04/08/2004,RNM,CA,AWP,WE,Federal Contract Tower,0,1,7,0,8,0,0,62,0,62,0,1,69,0,70,188,0,188,258
04/09/2004,RNM,CA,AWP,WE,Federal Contract Tower,0,1,5,0,6,0,0,89,1,90,0,1,94,1,96,218,0,218,314
04/10/2004,RNM,CA,AWP,WE,Federal Contract Tower,0,1,3,0,4,0,0,73,0,73,0,1,76,0,77,252,0,252,329
04/11/2004,RNM,CA,AWP,WE,Federal Contract Tower,0,0,5,0,5,0,0,84,0,84,0,0,89,0,89,122,0,122,211
04/12/2004,RNM,CA,AWP,WE,Federal Contract Tower,0,0,0,0,0,0,0,93,0,93,0,0,93,0,93,308,0,308,401
04/13/2004,RNM,CA,AWP,WE,Federal Contract Tower,0,2,6,0,8,0,3,79,2,84,0,5,85,2,92,208,0,208,300
04/14/2004,RNM,CA,AWP,WE,Federal Contract Tower,0,2,12,0,14,0,0,92,0,92,0,2,104,0,106,366,0,366,472
04/15/2004,RNM,CA,AWP,WE,Federal Contract Tower,0,0,4,0,4,0,0,112,0,112,0,0,116,0,116,298,0,298,414
04/16/2004,RNM,CA,AWP,WE,Federal Contract Tower,0,0,4,0,4,0,0,78,2,80,0,0,82,2,84,224,0,224,308
04/17/2004,RNM,CA,AWP,WE,Federal Contract Tower,0,2,13,0,15,0,1,33,0,34,0,3,46,0,49,18,9,27,76
04/18/2004,RNM,CA,AWP,WE,Federal Contract Tower,0,0,6,0,6,0,2,203,0,205,0,2,209,0,211,246,0,246,457
04/19/2004,RNM,CA,AWP,WE,Federal Contract Tower,0,0,6,0,6,0,0,90,2,92,0,0,96,2,98,240,2,242,340
04/20/2004,RNM,CA,AWP,WE,Federal Contract Tower,0,0,3,0,3,0,0,116,0,116,0,0,119,0,119,252,0,252,371
04/21/2004,RNM,CA,AWP,WE,Federal Contract Tower,0,0,7,0,7,0,2,91,0,93,0,2,98,0,100,186,0,186,286
04/22/2004,RNM,CA,AWP,WE,Federal Contract Tower,0,0,7,0,7,0,0,76,1,77,0,0,83,1,84,220,0,220,304
04/23/2004,RNM,CA,AWP,WE,Federal Contract Tower,0,0,4,0,4,0,0,113,1,114,0,0,117,1,118,240,1,241,359
04/24/2004,RNM,CA,AWP,WE,Federal Contract Tower,0,0,2,0,2,0,3,204,0,207,0,3,206,0,209,352,0,352,561
04/25/2004,RNM,CA,AWP,WE,Federal Contract Tower,0,0,2,0,2,0,2,184,0,186,0,2,186,0,188,222,0,222,410
04/26/2004,RNM,CA,AWP,WE,Federal Contract Tower,0,0,2,0,2,0,12,190,4,206,0,12,192,4,208,164,0,164,372
04/27/2004,RNM,CA,AWP,WE,Federal Contract Tower,0,0,1,0,1,0,16,62,0,78,0,16,63,0,79,278,0,278,357
04/28/2004,RNM,CA,AWP,WE,Federal Contract Tower,0,0,5,0,5,0,4,81,1,86,0,4,86,1,91,257,0,257,348
04/29/2004,RNM,CA,AWP,WE,Federal Contract Tower,0,0,2,0,2,0,4,86,0,90,0,4,88,0,92,274,0,274,366
04/30/2004,RNM,CA,AWP,WE,Federal Contract Tower,0,0,5,0,5,0,4,130,0,134,0,4,135,0,139,337,0,337,476
05/01/2004,RNM,CA,AWP,WE,Federal Contract Tower,0,1,1,0,2,0,0,139,0,139,0,1,140,0,141,218,0,218,359
05/02/2004,RNM,CA,AWP,WE,Federal Contract Tower,0,0,0,0,0,0,17,116,0,133,0,17,116,0,133,132,0,132,265
05/03/2004,RNM,CA,AWP,WE,Federal Contract Tower,0,0,0,0,0,0,34,94,0,128,0,34,94,0,128,198,0,198,326
05/04/2004,RNM,CA,AWP,WE,Federal Contract Tower,0,1,1,0,2,0,19,79,0,98,0,20,80,0,100,210,0,210,310
05/05/2004,RNM,CA,AWP,WE,Federal Contract Tower,0,1,3,0,4,0,5,94,0,99,0,6,97,0,103,323,0,323,426
05/06/2004,RNM,CA,AWP,WE,Federal Contract Tower,0,1,2,0,3,0,29,137,0,166,0,30,139,0,169,208,1,209,378
05/07/2004,RNM,CA,AWP,WE,Federal Contract Tower,0,1,3,0,4,0,10,142,0,152,0,11,145,0,156,367,0,367,523
05/08/2004,RNM,CA,AWP,WE,Federal Contract Tower,0,1,2,0,3,0,3,181,0,184,0,4,183,0,187,340,0,340,527
05/09/2004,RNM,CA,AWP,WE,Federal Contract Tower,0,0,0,0,0,0,0,47,2,49,0,0,47,2,49,126,2,128,177
05/10/2004,RNM,CA,AWP,WE,Federal Contract Tower,0,0,0,0,0,0,0,64,2,66,0,0,64,2,66,110,2,112,178
05/11/2004,RNM,CA,AWP,WE,Federal Contract Tower,0,1,3,0,4,0,1,83,0,84,0,2,86,0,88,148,0,148,236
05/12/2004,RNM,CA,AWP,WE,Federal Contract Tower,0,1,2,0,3,0,0,89,2,91,0,1,91,2,94,272,22,294,388
05/13/2004,RNM,CA,AWP,WE,Federal Contract Tower,0,1,1,0,2,0,7,107,2,116,0,8,108,2,118,232,2,234,352
05/14/2004,RNM,CA,AWP,WE,Federal Contract Tower,0,1,3,0,4,0,17,131,0,148,0,18,134,0,152,318,0,318,470
05/15/2004,RNM,CA,AWP,WE,Federal Contract Tower,0,1,2,0,3,0,17,186,0,203,0,18,188,0,206,226,0,226,432
05/16/2004,RNM,CA,AWP,WE,Federal Contract Tower,0,0,2,0,2,0,8,164,0,172,0,8,166,0,174,273,0,273,447
05/17/2004,RNM,CA,AWP,WE,Federal Contract Tower,0,0,2,0,2,0,14,117,1,132,0,14,119,1,134,222,0,222,356
05/18/2004,RNM,CA,AWP,WE,Federal Contract Tower,0,0,4,0,4,0,15,67,0,82,0,15,71,0,86,127,0,127,213
05/19/2004,RNM,CA,AWP,WE,Federal Contract Tower,0,0,6,0,6,0,0,82,1,83,0,0,88,1,89,260,0,260,349
05/20/2004,RNM,CA,AWP,WE,Federal Contract Tower,0,1,8,0,9,0,20,103,0,123,0,21,111,0,132,234,0,234,366
05/21/2004,RNM,CA,AWP,WE,Federal Contract Tower,0,1,11,0,12,0,10,113,0,123,0,11,124,0,135,230,0,230,365
05/22/2004,RNM,CA,AWP,WE,Federal Contract Tower,0,0,1,0,1,0,8,120,0,128,0,8,121,0,129,240,0,240,369
05/23/2004,RNM,CA,AWP,WE,Federal Contract Tower,0,0,5,0,5,0,2,75,0,77,0,2,80,0,82,176,0,176,258
05/24/2004,RNM,CA,AWP,WE,Federal Contract Tower,0,0,6,0,6,0,10,64,0,74,0,10,70,0,80,158,0,158,238
05/25/2004,RNM,CA,AWP,WE,Federal Contract Tower,0,0,5,0,5,0,13,44,3,60,0,13,49,3,65,92,2,94,159
05/26/2004,RNM,CA,AWP,WE,Federal Contract Tower,0,0,7,0,7,0,2,66,4,72,0,2,73,4,79,176,8,184,263
05/27/2004,RNM,CA,AWP,WE,Federal Contract Tower,0,0,10,0,10,0,0,141,0,141,0,0,151,0,151,256,0,256,407
05/28/2004,RNM,CA,AWP,WE,Federal Contract Tower,0,1,12,0,13,0,1,60,0,61,0,2,72,0,74,90,0,90,164
05/29/2004,RNM,CA,AWP,WE,Federal Contract Tower,0,0,6,0,6,0,2,83,0,85,0,2,89,0,91,246,0,246,337
05/30/2004,RNM,CA,AWP,WE,Federal Contract Tower,0,0,0,0,0,0,0,163,0,163,0,0,163,0,163,298,0,298,461
05/31/2004,RNM,CA,AWP,WE,Federal Contract Tower,0,0,2,0,2,0,2,187,0,189,0,2,189,0,191,250,0,250,441
06/01/2004,RNM,CA,AWP,WE,Federal Contract Tower,0,1,1,0,2,0,1,106,2,109,0,2,107,2,111,272,0,272,383
06/02/2004,RNM,CA,AWP,WE,Federal Contract Tower,0,0,3,0,3,0,0,140,0,140,0,0,143,0,143,270,0,270,413
06/03/2004,RNM,CA,AWP,WE,Federal Contract Tower,0,0,7,0,7,0,0,121,0,121,0,0,128,0,128,288,0,288,416
06/04/2004,RNM,CA,AWP,WE,Federal Contract Tower,0,0,5,0,5,0,0,129,0,129,0,0,134,0,134,376,0,376,510
06/05/2004,RNM,CA,AWP,WE,Federal Contract Tower,0,2,10,0,12,0,4,190,0,194,0,6,200,0,206,366,0,366,572
06/06/2004,RNM,CA,AWP,WE,Federal Contract Tower,0,0,8,0,8,0,0,108,2,110,0,0,116,2,118,144,4,148,266
06/07/2004,RNM,CA,AWP,WE,Federal Contract Tower,0,0,5,0,5,0,0,22,3,25,0,0,27,3,30,64,18,82,112
06/08/2004,RNM,CA,AWP,WE,Federal Contract Tower,0,0,10,0,10,0,0,46,0,46,0,0,56,0,56,148,0,148,204
06/09/2004,RNM,CA,AWP,WE,Federal Contract Tower,0,0,6,0,6,0,0,70,0,70,0,0,76,0,76,116,0,116,192
06/10/2004,RNM,CA,AWP,WE,Federal Contract Tower,0,0,7,0,7,0,0,126,0,126,0,0,133,0,133,188,0,188,321
06/11/2004,RNM,CA,AWP,WE,Federal Contract Tower,0,0,4,0,4,0,0,124,4,128,0,0,128,4,132,302,0,302,434
06/12/2004,RNM,CA,AWP,WE,Federal Contract Tower,0,1,2,0,3,0,0,172,0,172,0,1,174,0,175,434,0,434,609
06/13/2004,RNM,CA,AWP,WE,Federal Contract Tower,0,0,2,0,2,0,0,179,0,179,0,0,181,0,181,328,0,328,509
06/14/2004,RNM,CA,AWP,WE,Federal Contract Tower,0,0,0,0,0,0,0,106,0,106,0,0,106,0,106,234,0,234,340
06/15/2004,RNM,CA,AWP,WE,Federal Contract Tower,0,1,5,0,6,0,1,94,2,97,0,2,99,2,103,274,0,274,377
06/16/2004,RNM,CA,AWP,WE,Federal Contract Tower,0,0,6,0,6,0,0,127,0,127,0,0,133,0,133,200,0,200,333
06/17/2004,RNM,CA,AWP,WE,Federal Contract Tower,0,0,4,1,5,0,0,116,1,117,0,0,120,2,122,256,6,262,384
06/18/2004,RNM,CA,AWP,WE,Federal Contract Tower,0,0,5,0,5,0,0,98,0,98,0,0,103,0,103,202,0,202,305
06/19/2004,RNM,CA,AWP,WE,Federal Contract Tower,0,0,2,0,2,0,0,37,0,37,0,0,39,0,39,50,0,50,89
06/20/2004,RNM,CA,AWP,WE,Federal Contract Tower,0,0,5,0,5,0,0,79,0,79,0,0,84,0,84,134,0,134,218
06/21/2004,RNM,CA,AWP,WE,Federal Contract Tower,0,0,10,0,10,0,0,70,0,70,0,0,80,0,80,138,0,138,218
06/22/2004,RNM,CA,AWP,WE,Federal Contract Tower,0,0,13,0,13,0,0,62,0,62,0,0,75,0,75,136,0,136,211
06/23/2004,RNM,CA,AWP,WE,Federal Contract Tower,0,0,7,0,7,0,2,102,0,104,0,2,109,0,111,282,0,282,393
06/24/2004,RNM,CA,AWP,WE,Federal Contract Tower,0,0,1,0,1,0,2,106,2,110,0,2,107,2,111,210,18,228,339
06/25/2004,RNM,CA,AWP,WE,Federal Contract Tower,0,0,7,0,7,0,1,173,1,175,0,1,180,1,182,236,10,246,428
06/26/2004,RNM,CA,AWP,WE,Federal Contract Tower,0,0,0,0,0,0,0,387,0,387,0,0,387,0,387,96,0,96,483
06/27/2004,RNM,CA,AWP,WE,Federal Contract Tower,0,0,1,0,1,0,0,314,0,314,0,0,315,0,315,273,0,273,588
06/28/2004,RNM,CA,AWP,WE,Federal Contract Tower,0,0,6,0,6,0,4,69,2,75,0,4,75,2,81,124,4,128,209
06/29/2004,RNM,CA,AWP,WE,Federal Contract Tower,0,0,8,0,8,0,0,94,0,94,0,0,102,0,102,210,0,210,312
06/30/2004,RNM,CA,AWP,WE,Federal Contract Tower,0,0,3,0,3,0,0,129,1,130,0,0,132,1,133,246,0,246,379
07/01/2004,RNM,CA,AWP,WE,Federal Contract Tower,0,0,6,0,6,0,0,227,0,227,0,0,233,0,233,378,0,378,611
07/02/2004,RNM,CA,AWP,WE,Federal Contract Tower,0,1,4,0,5,0,0,188,0,188,0,1,192,0,193,246,0,246,439
07/03/2004,RNM,CA,AWP,WE,Federal Contract Tower,0,0,6,0,6,0,0,152,0,152,0,0,158,0,158,226,0,226,384
07/04/2004,RNM,CA,AWP,WE,Federal Contract Tower,0,0,1,0,1,0,0,112,0,112,0,0,113,0,113,126,0,126,239
07/05/2004,RNM,CA,AWP,WE,Federal Contract Tower,0,1,4,0,5,0,0,138,0,138,0,1,142,0,143,310,0,310,453
07/06/2004,RNM,CA,AWP,WE,Federal Contract Tower,0,1,1,0,2,0,0,101,0,101,0,1,102,0,103,246,0,246,349
07/07/2004,RNM,CA,AWP,WE,Federal Contract Tower,0,0,1,0,1,0,0,137,0,137,0,0,138,0,138,237,0,237,375
07/08/2004,RNM,CA,AWP,WE,Federal Contract Tower,0,1,2,0,3,0,1,125,6,132,0,2,127,6,135,378,30,408,543
07/09/2004,RNM,CA,AWP,WE,Federal Contract Tower,0,0,3,0,3,0,0,153,0,153,0,0,156,0,156,320,0,320,476
07/10/2004,RNM,CA,AWP,WE,Federal Contract Tower,0,0,4,0,4,0,0,151,0,151,0,0,155,0,155,302,0,302,457
07/11/2004,RNM,CA,AWP,WE,Federal Contract Tower,0,1,0,0,1,0,0,160,0,160,0,1,160,0,161,365,2,367,528
07/12/2004,RNM,CA,AWP,WE,Federal Contract Tower,0,0,3,0,3,0,0,109,3,112,0,0,112,3,115,140,4,144,259
07/13/2004,RNM,CA,AWP,WE,Federal Contract Tower,0,1,5,0,6,0,1,146,4,151,0,2,151,4,157,252,0,252,409
07/14/2004,RNM,CA,AWP,WE,Federal Contract Tower,0,1,3,0,4,0,3,87,2,92,0,4,90,2,96,238,1,239,335
07/15/2004,RNM,CA,AWP,WE,Federal Contract Tower,0,1,1,0,2,0,0,129,8,137,0,1,130,8,139,363,0,363,502
07/16/2004,RNM,CA,AWP,WE,Federal Contract Tower,0,1,1,0,2,0,3,123,0,126,0,4,124,0,128,362,0,362,490
07/17/2004,RNM,CA,AWP,WE,Federal Contract Tower,0,0,5,1,6,0,2,102,1,105,0,2,107,2,111,359,2,361,472
07/18/2004,RNM,CA,AWP,WE,Federal Contract Tower,0,0,0,0,0,0,0,194,0,194,0,0,194,0,194,132,0,132,326
07/19/2004,RNM,CA,AWP,WE,Federal Contract Tower,0,1,8,0,9,0,1,109,0,110,0,2,117,0,119,228,0,228,347
07/20/2004,RNM,CA,AWP,WE,Federal Contract Tower,0,0,1,0,1,0,0,106,1,107,0,0,107,1,108,320,0,320,428
07/21/2004,RNM,CA,AWP,WE,Federal Contract Tower,0,0,2,0,2,0,2,91,0,93,0,2,93,0,95,218,0,218,313
07/22/2004,RNM,CA,AWP,WE,Federal Contract Tower,0,0,6,0,6,0,0,78,0,78,0,0,84,0,84,230,0,230,314
07/23/2004,RNM,CA,AWP,WE,Federal Contract Tower,0,0,7,0,7,0,0,113,0,113,0,0,120,0,120,378,0,378,498
07/24/2004,RNM,CA,AWP,WE,Federal Contract Tower,0,0,8,0,8,0,0,187,0,187,0,0,195,0,195,328,0,328,523
07/25/2004,RNM,CA,AWP,WE,Federal Contract Tower,0,0,3,0,3,0,0,200,0,200,0,0,203,0,203,243,0,243,446
07/26/2004,RNM,CA,AWP,WE,Federal Contract Tower,0,0,5,0,5,0,0,93,2,95,0,0,98,2,100,226,0,226,326
07/27/2004,RNM,CA,AWP,WE,Federal Contract Tower,0,1,6,0,7,0,1,107,0,108,0,2,113,0,115,188,0,188,303
07/28/2004,RNM,CA,AWP,WE,Federal Contract Tower,0,0,5,0,5,0,1,58,2,61,0,1,63,2,66,226,8,234,300
07/29/2004,RNM,CA,AWP,WE,Federal Contract Tower,0,0,6,0,6,0,2,91,0,93,0,2,97,0,99,248,0,248,347
07/30/2004,RNM,CA,AWP,WE,Federal Contract Tower,0,0,6,0,6,0,2,98,0,100,0,2,104,0,106,182,0,182,288
07/31/2004,RNM,CA,AWP,WE,Federal Contract Tower,0,0,6,0,6,0,0,134,0,134,0,0,140,0,140,325,0,325,465
08/01/2004,RNM,CA,AWP,WE,Federal Contract Tower,0,0,2,0,2,0,0,134,0,134,0,0,136,0,136,250,0,250,386
08/02/2004,RNM,CA,AWP,WE,Federal Contract Tower,0,1,1,0,2,0,1,95,0,96,0,2,96,0,98,168,0,168,266
08/03/2004,RNM,CA,AWP,WE,Federal Contract Tower,0,2,4,0,6,0,0,72,3,75,0,2,76,3,81,244,0,244,325
08/04/2004,RNM,CA,AWP,WE,Federal Contract Tower,0,4,11,0,15,0,0,56,4,60,0,4,67,4,75,258,8,266,341
08/05/2004,RNM,CA,AWP,WE,Federal Contract Tower,0,2,4,0,6,0,0,74,2,76,0,2,78,2,82,401,2,403,485
08/06/2004,RNM,CA,AWP,WE,Federal Contract Tower,0,0,0,0,0,0,1,92,0,93,0,1,92,0,93,222,0,222,315
08/07/2004,RNM,CA,AWP,WE,Federal Contract Tower,0,1,0,0,1,0,1,178,0,179,0,2,178,0,180,422,0,422,602
08/08/2004,RNM,CA,AWP,WE,Federal Contract Tower,0,0,1,0,1,0,0,184,0,184,0,0,185,0,185,218,0,218,403
08/09/2004,RNM,CA,AWP,WE,Federal Contract Tower,0,1,3,0,4,0,3,107,0,110,0,4,110,0,114,189,0,189,303
08/10/2004,RNM,CA,AWP,WE,Federal Contract Tower,0,0,3,0,3,0,0,75,0,75,0,0,78,0,78,320,0,320,398
08/11/2004,RNM,CA,AWP,WE,Federal Contract Tower,0,0,1,0,1,0,0,93,2,95,0,0,94,2,96,358,0,358,454
08/12/2004,RNM,CA,AWP,WE,Federal Contract Tower,0,3,7,0,10,0,1,89,0,90,0,4,96,0,100,224,0,224,324
08/13/2004,RNM,CA,AWP,WE,Federal Contract Tower,0,0,1,0,1,0,0,99,2,101,0,0,100,2,102,243,0,243,345
08/14/2004,RNM,CA,AWP,WE,Federal Contract Tower,0,0,3,0,3,0,0,203,1,204,0,0,206,1,207,446,0,446,653
08/15/2004,RNM,CA,AWP,WE,Federal Contract Tower,0,0,3,0,3,0,0,203,0,203,0,0,206,0,206,350,0,350,556
08/16/2004,RNM,CA,AWP,WE,Federal Contract Tower,0,0,4,0,4,0,0,136,0,136,0,0,140,0,140,223,0,223,363
08/17/2004,RNM,CA,AWP,WE,Federal Contract Tower,0,2,13,0,15,0,0,53,1,54,0,2,66,1,69,362,0,362,431
08/18/2004,RNM,CA,AWP,WE,Federal Contract Tower,0,0,4,0,4,0,0,73,1,74,0,0,77,1,78,388,0,388,466
08/19/2004,RNM,CA,AWP,WE,Federal Contract Tower,0,0,4,0,4,0,1,136,0,137,0,1,140,0,141,316,0,316,457
08/20/2004,RNM,CA,AWP,WE,Federal Contract Tower,0,0,0,0,0,0,0,207,0,207,0,0,207,0,207,386,0,386,593
08/21/2004,RNM,CA,AWP,WE,Federal Contract Tower,0,0,3,0,3,0,0,98,0,98,0,0,101,0,101,204,0,204,305
08/22/2004,RNM,CA,AWP,WE,Federal Contract Tower,0,0,3,0,3,0,0,114,0,114,0,0,117,0,117,231,0,231,348
08/23/2004,RNM,CA,AWP,WE,Federal Contract Tower,0,0,3,0,3,0,2,92,0,94,0,2,95,0,97,241,0,241,338
08/24/2004,RNM,CA,AWP,WE,Federal Contract Tower,0,2,7,0,9,0,0,111,2,113,0,2,118,2,122,232,0,232,354
08/25/2004,RNM,CA,AWP,WE,Federal Contract Tower,0,1,7,0,8,0,1,138,0,139,0,2,145,0,147,340,0,340,487
08/26/2004,RNM,CA,AWP,WE,Federal Contract Tower,0,0,1,0,1,0,0,112,0,112,0,0,113,0,113,242,0,242,355
08/27/2004,RNM,CA,AWP,WE,Federal Contract Tower,0,0,4,0,4,0,2,106,0,108,0,2,110,0,112,253,0,253,365
08/28/2004,RNM,CA,AWP,WE,Federal Contract Tower,0,1,4,0,5,0,1,158,0,159,0,2,162,0,164,430,0,430,594
08/29/2004,RNM,CA,AWP,WE,Federal Contract Tower,0,0,4,0,4,0,0,199,0,199,0,0,203,0,203,216,0,216,419
08/30/2004,RNM,CA,AWP,WE,Federal Contract Tower,0,0,1,0,1,0,2,139,2,143,0,2,140,2,144,273,0,273,417
08/31/2004,RNM,CA,AWP,WE,Federal Contract Tower,0,0,1,0,1,0,0,113,0,113,0,0,114,0,114,132,0,132,246
09/01/2004,RNM,CA,AWP,WE,Federal Contract Tower,0,0,0,0,0,0,0,115,0,115,0,0,115,0,115,280,0,280,395
09/02/2004,RNM,CA,AWP,WE,Federal Contract Tower,0,1,1,0,2,0,0,100,2,102,0,1,101,2,104,186,0,186,290
09/03/2004,RNM,CA,AWP,WE,Federal Contract Tower,0,1,5,0,6,0,2,96,0,98,0,3,101,0,104,298,0,298,402
09/04/2004,RNM,CA,AWP,WE,Federal Contract Tower,0,0,0,0,0,0,0,255,0,255,0,0,255,0,255,372,0,372,627
09/05/2004,RNM,CA,AWP,WE,Federal Contract Tower,0,0,2,0,2,0,0,91,0,91,0,0,93,0,93,64,0,64,157
09/06/2004,RNM,CA,AWP,WE,Federal Contract Tower,0,1,2,0,3,0,2,199,0,201,0,3,201,0,204,146,0,146,350
09/07/2004,RNM,CA,AWP,WE,Federal Contract Tower,0,0,0,0,0,0,0,98,2,100,0,0,98,2,100,340,0,340,440
09/08/2004,RNM,CA,AWP,WE,Federal Contract Tower,0,0,2,0,2,0,0,99,0,99,0,0,101,0,101,327,0,327,428
09/09/2004,RNM,CA,AWP,WE,Federal Contract Tower,0,0,1,0,1,0,0,90,0,90,0,0,91,0,91,278,0,278,369
09/10/2004,RNM,CA,AWP,WE,Federal Contract Tower,0,0,0,0,0,0,0,130,0,130,0,0,130,0,130,235,0,235,365
09/11/2004,RNM,CA,AWP,WE,Federal Contract Tower,0,0,0,0,0,0,0,171,0,171,0,0,171,0,171,320,0,320,491
09/12/2004,RNM,CA,AWP,WE,Federal Contract Tower,0,0,0,0,0,0,0,166,1,167,0,0,166,1,167,345,0,345,512
09/13/2004,RNM,CA,AWP,WE,Federal Contract Tower,0,0,5,0,5,0,0,198,0,198,0,0,203,0,203,175,0,175,378
09/14/2004,RNM,CA,AWP,WE,Federal Contract Tower,0,0,4,1,5,0,2,78,0,80,0,2,82,1,85,217,0,217,302
09/15/2004,RNM,CA,AWP,WE,Federal Contract Tower,0,0,3,0,3,0,0,90,1,91,0,0,93,1,94,331,0,331,425
09/16/2004,RNM,CA,AWP,WE,Federal Contract Tower,0,0,4,0,4,0,0,96,0,96,0,0,100,0,100,202,0,202,302
09/17/2004,RNM,CA,AWP,WE,Federal Contract Tower,0,0,2,0,2,0,2,100,1,103,0,2,102,1,105,374,0,374,479
09/18/2004,RNM,CA,AWP,WE,Federal Contract Tower,0,0,0,0,0,0,0,134,0,134,0,0,134,0,134,373,0,373,507
09/19/2004,RNM,CA,AWP,WE,Federal Contract Tower,0,0,5,0,5,0,0,129,0,129,0,0,134,0,134,271,0,271,405
09/20/2004,RNM,CA,AWP,WE,Federal Contract Tower,0,0,9,0,9,0,0,84,2,86,0,0,93,2,95,183,0,183,278
09/21/2004,RNM,CA,AWP,WE,Federal Contract Tower,0,0,2,0,2,0,0,96,1,97,0,0,98,1,99,126,0,126,225
09/22/2004,RNM,CA,AWP,WE,Federal Contract Tower,0,0,0,0,0,0,0,111,3,114,0,0,111,3,114,196,0,196,310
09/23/2004,RNM,CA,AWP,WE,Federal Contract Tower,0,0,1,0,1,0,2,110,2,114,0,2,111,2,115,256,0,256,371
09/24/2004,RNM,CA,AWP,WE,Federal Contract Tower,0,0,4,0,4,0,1,124,2,127,0,1,128,2,131,266,6,272,403
09/25/2004,RNM,CA,AWP,WE,Federal Contract Tower,0,0,0,0,0,0,0,159,0,159,0,0,159,0,159,276,0,276,435
09/26/2004,RNM,CA,AWP,WE,Federal Contract Tower,0,0,14,0,14,0,0,229,1,230,0,0,243,1,244,362,0,362,606
09/27/2004,RNM,CA,AWP,WE,Federal Contract Tower,0,0,4,0,4,0,2,128,0,130,0,2,132,0,134,346,0,346,480
09/28/2004,RNM,CA,AWP,WE,Federal Contract Tower,0,0,2,0,2,0,0,80,4,84,0,0,82,4,86,130,0,130,216
09/29/2004,RNM,CA,AWP,WE,Federal Contract Tower,0,0,7,0,7,0,0,42,0,42,0,0,49,0,49,158,0,158,207
09/30/2004,RNM,CA,AWP,WE,Federal Contract Tower,0,0,2,0,2,0,0,62,1,63,0,0,64,1,65,216,0,216,281
11/01/2004,RNM,CA,AWP,WE,Federal Contract Tower,0,0,2,0,2,0,0,77,8,85,0,0,79,8,87,202,26,228,315
11/02/2004,RNM,CA,AWP,WE,Federal Contract Tower,0,1,1,0,2,0,0,77,1,78,0,1,78,1,80,202,0,202,282
11/03/2004,RNM,CA,AWP,WE,Federal Contract Tower,0,3,5,0,8,0,0,134,0,134,0,3,139,0,142,322,0,322,464
11/04/2004,RNM,CA,AWP,WE,Federal Contract Tower,0,0,5,0,5,0,2,93,0,95,0,2,98,0,100,268,0,268,368
11/05/2004,RNM,CA,AWP,WE,Federal Contract Tower,0,2,5,0,7,0,0,122,1,123,0,2,127,1,130,365,0,365,495
11/06/2004,RNM,CA,AWP,WE,Federal Contract Tower,0,0,4,0,4,0,0,129,0,129,0,0,133,0,133,412,0,412,545
11/07/2004,RNM,CA,AWP,WE,Federal Contract Tower,0,0,2,0,2,0,0,53,0,53,0,0,55,0,55,76,0,76,131
11/08/2004,RNM,CA,AWP,WE,Federal Contract Tower,0,0,2,0,2,0,0,10,2,12,0,0,12,2,14,37,0,37,51
11/09/2004,RNM,CA,AWP,WE,Federal Contract Tower,0,0,8,0,8,0,0,44,1,45,0,0,52,1,53,105,0,105,158
11/10/2004,RNM,CA,AWP,WE,Federal Contract Tower,0,0,3,0,3,0,0,96,1,97,0,0,99,1,100,303,0,303,403
11/11/2004,RNM,CA,AWP,WE,Federal Contract Tower,0,0,3,0,3,0,0,41,0,41,0,0,44,0,44,278,0,278,322
11/12/2004,RNM,CA,AWP,WE,Federal Contract Tower,0,0,2,0,2,0,0,59,0,59,0,0,61,0,61,194,0,194,255
11/13/2004,RNM,CA,AWP,WE,Federal Contract Tower,0,0,6,0,6,0,0,46,0,46,0,0,52,0,52,258,0,258,310
11/14/2004,RNM,CA,AWP,WE,Federal Contract Tower,0,0,4,0,4,0,0,141,0,141,0,0,145,0,145,214,0,214,359
11/15/2004,RNM,CA,AWP,WE,Federal Contract Tower,0,0,1,0,1,0,4,105,0,109,0,4,106,0,110,134,0,134,244
11/16/2004,RNM,CA,AWP,WE,Federal Contract Tower,0,0,4,0,4,0,0,153,3,156,0,0,157,3,160,375,0,375,535
11/17/2004,RNM,CA,AWP,WE,Federal Contract Tower,0,0,1,0,1,0,0,145,0,145,0,0,146,0,146,286,0,286,432
11/18/2004,RNM,CA,AWP,WE,Federal Contract Tower,0,2,4,0,6,0,0,92,1,93,0,2,96,1,99,400,14,414,513
11/19/2004,RNM,CA,AWP,WE,Federal Contract Tower,0,2,2,0,4,0,0,97,0,97,0,2,99,0,101,314,0,314,415
11/20/2004,RNM,CA,AWP,WE,Federal Contract Tower,0,3,10,0,13,0,0,99,0,99,0,3,109,0,112,295,0,295,407
11/21/2004,RNM,CA,AWP,WE,Federal Contract Tower,0,0,2,0,2,0,0,56,0,56,0,0,58,0,58,152,0,152,210
11/22/2004,RNM,CA,AWP,WE,Federal Contract Tower,0,0,0,0,0,0,0,133,1,134,0,0,133,1,134,224,0,224,358
11/23/2004,RNM,CA,AWP,WE,Federal Contract Tower,0,4,9,0,13,0,0,105,5,110,0,4,114,5,123,290,1,291,414
11/24/2004,RNM,CA,AWP,WE,Federal Contract Tower,0,2,2,0,4,0,0,183,2,185,0,2,185,2,189,295,0,295,484
11/25/2004,RNM,CA,AWP,WE,Federal Contract Tower,0,0,0,0,0,0,0,105,0,105,0,0,105,0,105,171,0,171,276
11/26/2004,RNM,CA,AWP,WE,Federal Contract Tower,0,2,8,0,10,0,0,122,0,122,0,2,130,0,132,387,0,387,519
11/27/2004,RNM,CA,AWP,WE,Federal Contract Tower,0,2,7,0,9,0,1,10,0,11,0,3,17,0,20,100,0,100,120
11/28/2004,RNM,CA,AWP,WE,Federal Contract Tower,0,0,2,0,2,0,1,103,1,105,0,1,105,1,107,309,7,316,423
11/29/2004,RNM,CA,AWP,WE,Federal Contract Tower,0,0,6,0,6,0,0,84,0,84,0,0,90,0,90,218,4,222,312
11/30/2004,RNM,CA,AWP,WE,Federal Contract Tower,0,0,3,1,4,0,0,217,7,224,0,0,220,8,228,335,14,349,577
12/01/2004,RNM,CA,AWP,WE,Federal Contract Tower,0,0,6,0,6,0,0,145,1,146,0,0,151,1,152,310,0,310,462
12/02/2004,RNM,CA,AWP,WE,Federal Contract Tower,0,0,12,0,12,0,0,71,0,71,0,0,83,0,83,233,0,233,316
12/03/2004,RNM,CA,AWP,WE,Federal Contract Tower,0,0,7,0,7,0,0,88,0,88,0,0,95,0,95,360,0,360,455
12/04/2004,RNM,CA,AWP,WE,Federal Contract Tower,0,3,9,0,12,0,1,36,0,37,0,4,45,0,49,150,0,150,199
12/05/2004,RNM,CA,AWP,WE,Federal Contract Tower,0,0,0,0,0,0,0,6,0,6,0,0,6,0,6,6,0,6,12
12/06/2004,RNM,CA,AWP,WE,Federal Contract Tower,0,0,2,0,2,0,2,58,3,63,0,2,60,3,65,162,10,172,237
12/07/2004,RNM,CA,AWP,WE,Federal Contract Tower,0,0,1,0,1,0,0,5,0,5,0,0,6,0,6,12,0,12,18
12/08/2004,RNM,CA,AWP,WE,Federal Contract Tower,0,0,3,0,3,0,0,4,0,4,0,0,7,0,7,20,0,20,27
12/09/2004,RNM,CA,AWP,WE,Federal Contract Tower,0,2,6,0,8,0,0,103,3,106,0,2,109,3,114,208,8,216,330
12/10/2004,RNM,CA,AWP,WE,Federal Contract Tower,0,2,2,0,4,0,0,158,0,158,0,2,160,0,162,428,0,428,590
12/11/2004,RNM,CA,AWP,WE,Federal Contract Tower,0,2,3,0,5,0,0,233,0,233,0,2,236,0,238,417,0,417,655
12/12/2004,RNM,CA,AWP,WE,Federal Contract Tower,0,0,5,0,5,0,5,146,2,153,0,5,151,2,158,320,1,321,479
12/13/2004,RNM,CA,AWP,WE,Federal Contract Tower,0,0,2,0,2,0,0,92,0,92,0,0,94,0,94,167,0,167,261
12/14/2004,RNM,CA,AWP,WE,Federal Contract Tower,0,2,0,0,2,0,0,145,0,145,0,2,145,0,147,302,1,303,450
12/15/2004,RNM,CA,AWP,WE,Federal Contract Tower,0,2,2,0,4,0,2,190,0,192,0,4,192,0,196,419,0,419,615
12/16/2004,RNM,CA,AWP,WE,Federal Contract Tower,0,6,1,0,7,0,2,23,0,25,0,8,24,0,32,12,0,12,44
12/17/2004,RNM,CA,AWP,WE,Federal Contract Tower,0,6,0,0,6,0,0,31,0,31,0,6,31,0,37,27,0,27,64
12/18/2004,RNM,CA,AWP,WE,Federal Contract Tower,0,0,1,0,1,0,0,144,0,144,0,0,145,0,145,240,0,240,385
12/19/2004,RNM,CA,AWP,WE,Federal Contract Tower,0,0,8,0,8,0,0,179,0,179,0,0,187,0,187,291,0,291,478
12/20/2004,RNM,CA,AWP,WE,Federal Contract Tower,0,0,2,0,2,0,0,154,3,157,0,0,156,3,159,285,0,285,444
12/21/2004,RNM,CA,AWP,WE,Federal Contract Tower,0,0,10,0,10,0,0,150,0,150,0,0,160,0,160,135,0,135,295
12/22/2004,RNM,CA,AWP,WE,Federal Contract Tower,0,0,6,0,6,0,0,124,1,125,0,0,130,1,131,248,4,252,383
12/23/2004,RNM,CA,AWP,WE,Federal Contract Tower,0,0,2,0,2,0,0,67,0,67,0,0,69,0,69,109,0,109,178
12/24/2004,RNM,CA,AWP,WE,Federal Contract Tower,0,0,0,0,0,0,0,67,0,67,0,0,67,0,67,54,0,54,121
12/25/2004,RNM,CA,AWP,WE,Federal Contract Tower,0,0,0,0,0,0,0,41,0,41,0,0,41,0,41,21,0,21,62
12/26/2004,RNM,CA,AWP,WE,Federal Contract Tower,0,0,1,0,1,0,0,92,0,92,0,0,93,0,93,130,0,130,223
12/27/2004,RNM,CA,AWP,WE,Federal Contract Tower,0,0,1,0,1,0,0,69,0,69,0,0,70,0,70,90,0,90,160
12/28/2004,RNM,CA,AWP,WE,Federal Contract Tower,0,0,1,0,1,0,0,2,0,2,0,0,3,0,3,0,0,0,3
12/29/2004,RNM,CA,AWP,WE,Federal Contract Tower,0,0,0,0,0,0,0,3,2,5,0,0,3,2,5,8,0,8,13
12/30/2004,RNM,CA,AWP,WE,Federal Contract Tower,0,4,0,0,4,0,0,68,0,68,0,4,68,0,72,181,0,181,253
12/31/2004,RNM,CA,AWP,WE,Federal Contract Tower,0,0,2,0,2,0,0,5,0,5,0,0,7,0,7,0,0,0,7
01/01/2005,RNM,CA,AWP,WE,Federal Contract Tower,0,0,1,0,1,0,0,110,0,110,0,0,111,0,111,109,1,110,221
01/02/2005,RNM,CA,AWP,WE,Federal Contract Tower,0,0,3,0,3,0,0,100,0,100,0,0,103,0,103,180,2,182,285
01/03/2005,RNM,CA,AWP,WE,Federal Contract Tower,0,0,0,0,0,0,0,7,0,7,0,0,7,0,7,0,0,0,7
01/04/2005,RNM,CA,AWP,WE,Federal Contract Tower,0,0,2,0,2,0,0,5,1,6,0,0,7,1,8,31,0,31,39
01/05/2005,RNM,CA,AWP,WE,Federal Contract Tower,0,0,5,0,5,0,0,69,5,74,0,0,74,5,79,214,2,216,295
01/06/2005,RNM,CA,AWP,WE,Federal Contract Tower,0,3,3,0,6,0,3,66,1,70,0,6,69,1,76,164,2,166,242
01/07/2005,RNM,CA,AWP,WE,Federal Contract Tower,0,0,0,0,0,0,0,5,2,7,0,0,5,2,7,10,22,32,39
01/08/2005,RNM,CA,AWP,WE,Federal Contract Tower,0,0,1,0,1,0,0,1,0,1,0,0,2,0,2,28,0,28,30
01/09/2005,RNM,CA,AWP,WE,Federal Contract Tower,0,0,3,0,3,0,0,3,0,3,0,0,6,0,6,0,0,0,6
01/10/2005,RNM,CA,AWP,WE,Federal Contract Tower,0,0,2,0,2,0,0,1,0,1,0,0,3,0,3,6,0,6,9
01/11/2005,RNM,CA,AWP,WE,Federal Contract Tower,0,0,2,0,2,0,0,23,0,23,0,0,25,0,25,68,0,68,93
01/12/2005,RNM,CA,AWP,WE,Federal Contract Tower,0,0,4,0,4,0,0,96,2,98,0,0,100,2,102,253,0,253,355
01/13/2005,RNM,CA,AWP,WE,Federal Contract Tower,0,0,6,0,6,0,0,102,2,104,0,0,108,2,110,282,0,282,392
01/14/2005,RNM,CA,AWP,WE,Federal Contract Tower,0,0,9,0,9,0,0,226,0,226,0,0,235,0,235,408,0,408,643
01/15/2005,RNM,CA,AWP,WE,Federal Contract Tower,0,0,4,0,4,0,2,208,0,210,0,2,212,0,214,411,0,411,625
01/16/2005,RNM,CA,AWP,WE,Federal Contract Tower,0,0,2,0,2,0,2,212,2,216,0,2,214,2,218,425,0,425,643
01/17/2005,RNM,CA,AWP,WE,Federal Contract Tower,0,2,2,0,4,0,2,162,0,164,0,4,164,0,168,506,0,506,674
01/18/2005,RNM,CA,AWP,WE,Federal Contract Tower,0,0,13,0,13,0,0,98,0,98,0,0,111,0,111,209,0,209,320
01/19/2005,RNM,CA,AWP,WE,Federal Contract Tower,0,0,7,2,9,0,1,63,0,64,0,1,70,2,73,205,6,211,284
01/20/2005,RNM,CA,AWP,WE,Federal Contract Tower,0,0,3,0,3,0,0,104,2,106,0,0,107,2,109,386,0,386,495
01/21/2005,RNM,CA,AWP,WE,Federal Contract Tower,0,3,3,0,6,0,0,120,0,120,0,3,123,0,126,329,2,331,457
01/22/2005,RNM,CA,AWP,WE,Federal Contract Tower,0,0,1,0,1,0,0,159,4,163,0,0,160,4,164,377,0,377,541
01/23/2005,RNM,CA,AWP,WE,Federal Contract Tower,0,2,1,0,3,0,0,129,1,130,0,2,130,1,133,344,0,344,477
01/24/2005,RNM,CA,AWP,WE,Federal Contract Tower,0,0,1,0,1,0,0,84,2,86,0,0,85,2,87,322,6,328,415
01/25/2005,RNM,CA,AWP,WE,Federal Contract Tower,0,2,3,0,5,0,0,73,3,76,0,2,76,3,81,168,6,174,255
01/26/2005,RNM,CA,AWP,WE,Federal Contract Tower,0,2,3,0,5,0,0,7,1,8,0,2,10,1,13,66,2,68,81
01/27/2005,RNM,CA,AWP,WE,Federal Contract Tower,0,0,9,0,9,0,0,39,2,41,0,0,48,2,50,170,0,170,220
01/28/2005,RNM,CA,AWP,WE,Federal Contract Tower,0,2,2,0,4,0,1,33,0,34,0,3,35,0,38,155,0,155,193
01/29/2005,RNM,CA,AWP,WE,Federal Contract Tower,0,0,6,0,6,0,1,137,0,138,0,1,143,0,144,370,0,370,514
01/30/2005,RNM,CA,AWP,WE,Federal Contract Tower,0,0,5,0,5,0,0,184,0,184,0,0,189,0,189,435,0,435,624
01/31/2005,RNM,CA,AWP,WE,Federal Contract Tower,0,0,1,0,1,0,0,125,2,127,0,0,126,2,128,300,4,304,432
02/01/2005,RNM,CA,AWP,WE,Federal Contract Tower,0,0,1,0,1,0,0,119,0,119,0,0,120,0,120,232,0,232,352
02/02/2005,RNM,CA,AWP,WE,Federal Contract Tower,0,0,0,0,0,0,0,47,5,52,0,0,47,5,52,40,0,40,92
02/03/2005,RNM,CA,AWP,WE,Federal Contract Tower,0,0,2,0,2,0,0,51,3,54,0,0,53,3,56,55,14,69,125
02/04/2005,RNM,CA,AWP,WE,Federal Contract Tower,0,0,2,0,2,0,0,134,7,141,0,0,136,7,143,224,3,227,370
02/05/2005,RNM,CA,AWP,WE,Federal Contract Tower,0,1,3,0,4,0,0,157,1,158,0,1,160,1,162,423,4,427,589
02/06/2005,RNM,CA,AWP,WE,Federal Contract Tower,0,0,7,0,7,0,0,6,0,6,0,0,13,0,13,30,0,30,43
02/07/2005,RNM,CA,AWP,WE,Federal Contract Tower,0,0,7,0,7,0,0,8,1,9,0,0,15,1,16,26,0,26,42
02/08/2005,RNM,CA,AWP,WE,Federal Contract Tower,0,0,6,0,6,0,0,128,3,131,0,0,134,3,137,334,0,334,471
02/09/2005,RNM,CA,AWP,WE,Federal Contract Tower,0,0,8,0,8,0,1,123,2,126,0,1,131,2,134,284,2,286,420
02/10/2005,RNM,CA,AWP,WE,Federal Contract Tower,0,0,5,0,5,0,0,72,0,72,0,0,77,0,77,234,0,234,311
02/11/2005,RNM,CA,AWP,WE,Federal Contract Tower,0,0,2,0,2,0,0,0,0,0,0,0,2,0,2,2,0,2,4
02/12/2005,RNM,CA,AWP,WE,Federal Contract Tower,0,0,0,0,0,0,0,0,0,0,0,0,0,0,0,0,0,0,0
02/13/2005,RNM,CA,AWP,WE,Federal Contract Tower,0,0,8,0,8,0,0,32,0,32,0,0,40,0,40,111,0,111,151
02/14/2005,RNM,CA,AWP,WE,Federal Contract Tower,0,0,9,0,9,0,0,55,4,59,0,0,64,4,68,162,12,174,242
02/15/2005,RNM,CA,AWP,WE,Federal Contract Tower,0,0,7,0,7,0,0,55,0,55,0,0,62,0,62,278,0,278,340
02/16/2005,RNM,CA,AWP,WE,Federal Contract Tower,0,0,4,0,4,0,1,128,6,135,0,1,132,6,139,344,8,352,491
02/17/2005,RNM,CA,AWP,WE,Federal Contract Tower,0,0,3,0,3,0,0,40,0,40,0,0,43,0,43,256,0,256,299
02/18/2005,RNM,CA,AWP,WE,Federal Contract Tower,0,0,4,0,4,0,0,38,2,40,0,0,42,2,44,254,13,267,311
02/19/2005,RNM,CA,AWP,WE,Federal Contract Tower,0,0,4,0,4,0,0,16,0,16,0,0,20,0,20,36,0,36,56
02/20/2005,RNM,CA,AWP,WE,Federal Contract Tower,0,0,5,0,5,0,0,41,0,41,0,0,46,0,46,122,0,122,168
02/21/2005,RNM,CA,AWP,WE,Federal Contract Tower,0,0,3,0,3,0,0,9,0,9,0,0,12,0,12,6,0,6,18
02/22/2005,RNM,CA,AWP,WE,Federal Contract Tower,0,0,1,0,1,0,0,18,2,20,0,0,19,2,21,82,0,82,103
02/23/2005,RNM,CA,AWP,WE,Federal Contract Tower,0,0,0,0,0,0,0,37,0,37,0,0,37,0,37,176,0,176,213
02/24/2005,RNM,CA,AWP,WE,Federal Contract Tower,0,0,2,0,2,0,0,107,2,109,0,0,109,2,111,257,0,257,368
02/25/2005,RNM,CA,AWP,WE,Federal Contract Tower,0,0,3,0,3,0,0,89,0,89,0,0,92,0,92,203,0,203,295
02/26/2005,RNM,CA,AWP,WE,Federal Contract Tower,0,0,12,0,12,0,1,162,0,163,0,1,174,0,175,437,0,437,612
02/27/2005,RNM,CA,AWP,WE,Federal Contract Tower,0,0,10,0,10,0,0,107,0,107,0,0,117,0,117,525,0,525,642
02/28/2005,RNM,CA,AWP,WE,Federal Contract Tower,0,0,2,0,2,0,0,108,2,110,0,0,110,2,112,302,4,306,418
03/01/2005,RNM,CA,AWP,WE,Federal Contract Tower,0,0,3,0,3,0,0,73,2,75,0,0,76,2,78,322,6,328,406
03/02/2005,RNM,CA,AWP,WE,Federal Contract Tower,0,0,2,0,2,0,0,102,1,103,0,0,104,1,105,346,0,346,451
03/03/2005,RNM,CA,AWP,WE,Federal Contract Tower,0,0,2,0,2,0,0,102,2,104,0,0,104,2,106,457,4,461,567
03/04/2005,RNM,CA,AWP,WE,Federal Contract Tower,0,0,8,0,8,0,0,17,0,17,0,0,25,0,25,20,0,20,45
03/05/2005,RNM,CA,AWP,WE,Federal Contract Tower,0,1,3,0,4,0,0,112,2,114,0,1,115,2,118,441,2,443,561
03/06/2005,RNM,CA,AWP,WE,Federal Contract Tower,0,1,6,0,7,0,0,128,0,128,0,1,134,0,135,215,0,215,350
03/07/2005,RNM,CA,AWP,WE,Federal Contract Tower,0,0,4,0,4,0,0,151,0,151,0,0,155,0,155,304,0,304,459
03/08/2005,RNM,CA,AWP,WE,Federal Contract Tower,0,0,7,0,7,2,2,71,0,75,2,2,78,0,82,280,0,280,362
03/09/2005,RNM,CA,AWP,WE,Federal Contract Tower,0,0,7,0,7,0,0,187,2,189,0,0,194,2,196,403,6,409,605
03/10/2005,RNM,CA,AWP,WE,Federal Contract Tower,0,0,3,0,3,0,0,144,1,145,0,0,147,1,148,376,0,376,524
03/11/2005,RNM,CA,AWP,WE,Federal Contract Tower,0,0,4,0,4,0,0,163,1,164,0,0,167,1,168,460,0,460,628
03/12/2005,RNM,CA,AWP,WE,Federal Contract Tower,0,0,6,0,6,0,0,83,0,83,0,0,89,0,89,234,0,234,323
03/13/2005,RNM,CA,AWP,WE,Federal Contract Tower,0,0,11,0,11,0,0,91,1,92,0,0,102,1,103,214,1,215,318
03/14/2005,RNM,CA,AWP,WE,Federal Contract Tower,0,0,3,0,3,0,0,54,0,54,0,0,57,0,57,333,0,333,390
03/15/2005,RNM,CA,AWP,WE,Federal Contract Tower,0,0,3,0,3,0,0,79,2,81,0,0,82,2,84,120,2,122,206
03/16/2005,RNM,CA,AWP,WE,Federal Contract Tower,0,0,5,0,5,0,0,197,0,197,0,0,202,0,202,472,0,472,674
03/17/2005,RNM,CA,AWP,WE,Federal Contract Tower,0,0,7,0,7,0,0,143,0,143,0,0,150,0,150,381,0,381,531
03/18/2005,RNM,CA,AWP,WE,Federal Contract Tower,0,0,4,0,4,0,0,61,0,61,0,0,65,0,65,140,0,140,205
03/19/2005,RNM,CA,AWP,WE,Federal Contract Tower,0,1,4,0,5,0,0,7,2,9,0,1,11,2,14,4,0,4,18
03/20/2005,RNM,CA,AWP,WE,Federal Contract Tower,0,1,6,0,7,0,0,88,0,88,0,1,94,0,95,202,0,202,297
03/21/2005,RNM,CA,AWP,WE,Federal Contract Tower,0,0,7,0,7,0,0,130,3,133,0,0,137,3,140,216,0,216,356
03/22/2005,RNM,CA,AWP,WE,Federal Contract Tower,0,0,5,0,5,0,0,79,4,83,0,0,84,4,88,386,0,386,474
03/23/2005,RNM,CA,AWP,WE,Federal Contract Tower,0,2,3,0,5,0,0,41,0,41,0,2,44,0,46,148,0,148,194
03/24/2005,RNM,CA,AWP,WE,Federal Contract Tower,0,2,3,0,5,0,2,61,0,63,0,4,64,0,68,122,0,122,190
03/25/2005,RNM,CA,AWP,WE,Federal Contract Tower,0,0,6,0,6,0,0,140,1,141,0,0,146,1,147,392,0,392,539
03/26/2005,RNM,CA,AWP,WE,Federal Contract Tower,0,0,1,0,1,0,0,140,3,143,0,0,141,3,144,461,0,461,605
03/27/2005,RNM,CA,AWP,WE,Federal Contract Tower,0,0,2,0,2,0,0,123,2,125,0,0,125,2,127,382,0,382,509
03/28/2005,RNM,CA,AWP,WE,Federal Contract Tower,0,0,11,0,11,0,0,43,1,44,0,0,54,1,55,114,0,114,169
03/29/2005,RNM,CA,AWP,WE,Federal Contract Tower,0,0,3,0,3,0,0,61,2,63,0,0,64,2,66,362,0,362,428
03/30/2005,RNM,CA,AWP,WE,Federal Contract Tower,0,0,4,0,4,0,0,88,3,91,0,0,92,3,95,336,2,338,433
03/31/2005,RNM,CA,AWP,WE,Federal Contract Tower,0,0,1,0,1,0,0,49,0,49,0,0,50,0,50,96,0,96,146
04/01/2005,RNM,CA,AWP,WE,Federal Contract Tower,0,2,2,0,4,0,0,108,0,108,0,2,110,0,112,268,0,268,380
04/02/2005,RNM,CA,AWP,WE,Federal Contract Tower,0,1,2,0,3,0,0,195,1,196,0,1,197,1,199,505,0,505,704
04/03/2005,RNM,CA,AWP,WE,Federal Contract Tower,0,0,9,0,9,0,0,160,0,160,0,0,169,0,169,444,0,444,613
04/04/2005,RNM,CA,AWP,WE,Federal Contract Tower,0,0,4,0,4,0,0,78,4,82,0,0,82,4,86,259,7,266,352
04/05/2005,RNM,CA,AWP,WE,Federal Contract Tower,0,0,3,0,3,0,0,75,2,77,0,0,78,2,80,382,4,386,466
04/06/2005,RNM,CA,AWP,WE,Federal Contract Tower,0,0,5,0,5,0,0,118,0,118,0,0,123,0,123,482,0,482,605
04/07/2005,RNM,CA,AWP,WE,Federal Contract Tower,0,0,7,0,7,0,0,154,2,156,0,0,161,2,163,390,0,390,553
04/08/2005,RNM,CA,AWP,WE,Federal Contract Tower,0,2,4,0,6,0,0,40,0,40,0,2,44,0,46,239,4,243,289
04/09/2005,RNM,CA,AWP,WE,Federal Contract Tower,0,0,4,0,4,0,0,56,0,56,0,0,60,0,60,381,0,381,441
04/10/2005,RNM,CA,AWP,WE,Federal Contract Tower,0,0,4,0,4,0,0,104,0,104,0,0,108,0,108,339,0,339,447
04/11/2005,RNM,CA,AWP,WE,Federal Contract Tower,0,4,3,0,7,0,0,138,0,138,0,4,141,0,145,312,0,312,457
04/12/2005,RNM,CA,AWP,WE,Federal Contract Tower,0,0,5,0,5,0,0,81,0,81,0,0,86,0,86,382,0,382,468
04/13/2005,RNM,CA,AWP,WE,Federal Contract Tower,0,0,7,0,7,0,0,67,2,69,0,0,74,2,76,298,0,298,374
04/14/2005,RNM,CA,AWP,WE,Federal Contract Tower,0,0,4,0,4,0,0,181,0,181,0,0,185,0,185,426,0,426,611
04/15/2005,RNM,CA,AWP,WE,Federal Contract Tower,0,0,3,0,3,0,0,188,0,188,0,0,191,0,191,493,0,493,684
04/16/2005,RNM,CA,AWP,WE,Federal Contract Tower,0,0,4,0,4,0,0,184,0,184,0,0,188,0,188,499,0,499,687
04/17/2005,RNM,CA,AWP,WE,Federal Contract Tower,0,0,7,0,7,0,0,101,1,102,0,0,108,1,109,389,0,389,498
04/18/2005,RNM,CA,AWP,WE,Federal Contract Tower,0,0,8,0,8,0,0,72,2,74,0,0,80,2,82,228,0,228,310
04/19/2005,RNM,CA,AWP,WE,Federal Contract Tower,0,0,10,0,10,0,0,29,0,29,0,0,39,0,39,164,0,164,203
04/20/2005,RNM,CA,AWP,WE,Federal Contract Tower,0,0,4,0,4,0,0,86,0,86,0,0,90,0,90,394,0,394,484
04/21/2005,RNM,CA,AWP,WE,Federal Contract Tower,0,0,4,0,4,0,0,124,4,128,0,0,128,4,132,340,2,342,474
04/22/2005,RNM,CA,AWP,WE,Federal Contract Tower,0,0,9,0,9,0,0,86,0,86,0,0,95,0,95,184,0,184,279
04/23/2005,RNM,CA,AWP,WE,Federal Contract Tower,0,0,2,0,2,0,0,112,6,118,0,0,114,6,120,512,6,518,638
04/24/2005,RNM,CA,AWP,WE,Federal Contract Tower,0,0,5,0,5,0,0,39,0,39,0,0,44,0,44,179,0,179,223
04/25/2005,RNM,CA,AWP,WE,Federal Contract Tower,0,0,6,0,6,0,0,88,0,88,0,0,94,0,94,349,0,349,443
04/26/2005,RNM,CA,AWP,WE,Federal Contract Tower,0,0,9,0,9,0,0,84,0,84,0,0,93,0,93,232,0,232,325
04/27/2005,RNM,CA,AWP,WE,Federal Contract Tower,0,0,7,0,7,0,0,52,2,54,0,0,59,2,61,358,10,368,429
04/28/2005,RNM,CA,AWP,WE,Federal Contract Tower,0,1,5,0,6,0,1,31,0,32,0,2,36,0,38,113,0,113,151
04/29/2005,RNM,CA,AWP,WE,Federal Contract Tower,0,0,5,0,5,0,0,190,2,192,0,0,195,2,197,343,0,343,540
04/30/2005,RNM,CA,AWP,WE,Federal Contract Tower,0,0,0,0,0,0,0,105,0,105,0,0,105,0,105,470,0,470,575
05/01/2005,RNM,CA,AWP,WE,Federal Contract Tower,0,1,7,0,8,0,0,75,0,75,0,1,82,0,83,227,0,227,310
05/02/2005,RNM,CA,AWP,WE,Federal Contract Tower,0,0,10,0,10,0,0,39,0,39,0,0,49,0,49,204,0,204,253
05/03/2005,RNM,CA,AWP,WE,Federal Contract Tower,0,0,6,0,6,0,0,99,0,99,0,0,105,0,105,374,0,374,479
05/04/2005,RNM,CA,AWP,WE,Federal Contract Tower,0,0,2,0,2,0,0,74,2,76,0,0,76,2,78,286,0,286,364
05/05/2005,RNM,CA,AWP,WE,Federal Contract Tower,0,0,2,0,2,0,0,23,2,25,0,0,25,2,27,62,24,86,113
05/06/2005,RNM,CA,AWP,WE,Federal Contract Tower,0,0,1,0,1,0,0,50,0,50,0,0,51,0,51,150,1,151,202
05/07/2005,RNM,CA,AWP,WE,Federal Contract Tower,0,0,7,0,7,0,0,77,0,77,0,0,84,0,84,348,0,348,432
05/08/2005,RNM,CA,AWP,WE,Federal Contract Tower,0,1,6,0,7,0,0,97,0,97,0,1,103,0,104,264,1,265,369
05/09/2005,RNM,CA,AWP,WE,Federal Contract Tower,0,0,5,0,5,0,0,58,0,58,0,0,63,0,63,142,0,142,205
05/10/2005,RNM,CA,AWP,WE,Federal Contract Tower,0,0,3,0,3,0,0,64,0,64,0,0,67,0,67,255,0,255,322
05/11/2005,RNM,CA,AWP,WE,Federal Contract Tower,0,0,0,0,0,0,0,132,4,136,0,0,132,4,136,320,0,320,456
05/12/2005,RNM,CA,AWP,WE,Federal Contract Tower,0,0,5,0,5,0,1,161,2,164,0,1,166,2,169,332,0,332,501
05/13/2005,RNM,CA,AWP,WE,Federal Contract Tower,0,0,1,0,1,0,0,117,2,119,0,0,118,2,120,318,0,318,438
05/14/2005,RNM,CA,AWP,WE,Federal Contract Tower,0,0,2,0,2,0,0,164,0,164,0,0,166,0,166,364,0,364,530
05/15/2005,RNM,CA,AWP,WE,Federal Contract Tower,0,0,1,0,1,0,0,72,0,72,0,0,73,0,73,340,0,340,413
05/16/2005,RNM,CA,AWP,WE,Federal Contract Tower,0,0,4,0,4,0,0,15,0,15,0,0,19,0,19,95,0,95,114
05/17/2005,RNM,CA,AWP,WE,Federal Contract Tower,0,0,8,0,8,0,0,97,3,100,0,0,105,3,108,307,32,339,447
05/18/2005,RNM,CA,AWP,WE,Federal Contract Tower,0,0,3,0,3,0,0,113,2,115,0,0,116,2,118,300,0,300,418
05/19/2005,RNM,CA,AWP,WE,Federal Contract Tower,0,0,9,0,9,0,0,111,2,113,0,0,120,2,122,426,8,434,556
05/20/2005,RNM,CA,AWP,WE,Federal Contract Tower,0,1,1,0,2,0,1,115,2,118,0,2,116,2,120,332,2,334,454
05/21/2005,RNM,CA,AWP,WE,Federal Contract Tower,0,0,7,0,7,0,0,149,0,149,0,0,156,0,156,402,3,405,561
05/22/2005,RNM,CA,AWP,WE,Federal Contract Tower,0,0,2,0,2,0,0,114,0,114,0,0,116,0,116,373,0,373,489
05/23/2005,RNM,CA,AWP,WE,Federal Contract Tower,0,0,4,0,4,0,0,73,0,73,0,0,77,0,77,200,0,200,277
05/24/2005,RNM,CA,AWP,WE,Federal Contract Tower,0,0,8,0,8,0,0,90,0,90,0,0,98,0,98,298,0,298,396
05/25/2005,RNM,CA,AWP,WE,Federal Contract Tower,0,0,6,0,6,0,0,90,1,91,0,0,96,1,97,226,2,228,325
05/26/2005,RNM,CA,AWP,WE,Federal Contract Tower,0,0,5,0,5,0,0,66,0,66,0,0,71,0,71,396,0,396,467
05/27/2005,RNM,CA,AWP,WE,Federal Contract Tower,0,1,6,0,7,0,0,107,0,107,0,1,113,0,114,236,1,237,351
05/28/2005,RNM,CA,AWP,WE,Federal Contract Tower,0,0,5,0,5,0,0,94,0,94,0,0,99,0,99,212,0,212,311
05/29/2005,RNM,CA,AWP,WE,Federal Contract Tower,0,0,6,0,6,0,0,43,0,43,0,0,49,0,49,152,0,152,201
05/30/2005,RNM,CA,AWP,WE,Federal Contract Tower,0,1,1,0,2,0,0,92,0,92,0,1,93,0,94,333,0,333,427
05/31/2005,RNM,CA,AWP,WE,Federal Contract Tower,0,0,6,0,6,0,0,108,0,108,0,0,114,0,114,305,0,305,419
06/01/2005,RNM,CA,AWP,WE,Federal Contract Tower,0,0,5,0,5,0,0,77,0,77,0,0,82,0,82,226,0,226,308
06/02/2005,RNM,CA,AWP,WE,Federal Contract Tower,0,0,11,0,11,0,0,11,0,11,0,0,22,0,22,193,0,193,215
06/03/2005,RNM,CA,AWP,WE,Federal Contract Tower,0,1,9,0,10,0,0,66,0,66,0,1,75,0,76,196,0,196,272
06/04/2005,RNM,CA,AWP,WE,Federal Contract Tower,0,0,3,0,3,0,0,71,0,71,0,0,74,0,74,227,0,227,301
06/05/2005,RNM,CA,AWP,WE,Federal Contract Tower,0,1,5,0,6,0,0,15,0,15,0,1,20,0,21,168,0,168,189
06/06/2005,RNM,CA,AWP,WE,Federal Contract Tower,0,0,2,0,2,0,0,78,0,78,0,0,80,0,80,199,0,199,279
06/07/2005,RNM,CA,AWP,WE,Federal Contract Tower,0,0,7,0,7,0,0,138,0,138,0,0,145,0,145,305,0,305,450
06/08/2005,RNM,CA,AWP,WE,Federal Contract Tower,0,0,7,0,7,0,0,113,2,115,0,0,120,2,122,406,0,406,528
06/09/2005,RNM,CA,AWP,WE,Federal Contract Tower,0,0,6,0,6,0,0,3,0,3,0,0,9,0,9,158,0,158,167
06/10/2005,RNM,CA,AWP,WE,Federal Contract Tower,0,0,11,0,11,0,0,42,0,42,0,0,53,0,53,154,0,154,207
06/11/2005,RNM,CA,AWP,WE,Federal Contract Tower,0,0,13,0,13,0,0,11,0,11,0,0,24,0,24,118,0,118,142
06/12/2005,RNM,CA,AWP,WE,Federal Contract Tower,0,0,5,0,5,0,0,76,0,76,0,0,81,0,81,364,1,365,446
06/13/2005,RNM,CA,AWP,WE,Federal Contract Tower,0,0,2,0,2,0,0,102,2,104,0,0,104,2,106,330,2,332,438
06/14/2005,RNM,CA,AWP,WE,Federal Contract Tower,0,0,8,0,8,0,0,62,2,64,0,0,70,2,72,251,0,251,323
06/15/2005,RNM,CA,AWP,WE,Federal Contract Tower,0,0,7,0,7,0,0,73,0,73,0,0,80,0,80,208,0,208,288
06/16/2005,RNM,CA,AWP,WE,Federal Contract Tower,0,0,6,0,6,0,0,24,1,25,0,0,30,1,31,430,0,430,461
06/17/2005,RNM,CA,AWP,WE,Federal Contract Tower,0,0,3,0,3,0,0,122,0,122,0,0,125,0,125,325,0,325,450
06/18/2005,RNM,CA,AWP,WE,Federal Contract Tower,0,0,4,0,4,0,0,147,0,147,0,0,151,0,151,477,0,477,628
06/19/2005,RNM,CA,AWP,WE,Federal Contract Tower,0,0,3,0,3,0,0,124,0,124,0,0,127,0,127,445,0,445,572
06/20/2005,RNM,CA,AWP,WE,Federal Contract Tower,0,0,12,0,12,0,0,113,0,113,0,0,125,0,125,324,0,324,449
06/21/2005,RNM,CA,AWP,WE,Federal Contract Tower,0,0,2,0,2,0,0,141,2,143,0,0,143,2,145,371,10,381,526
06/22/2005,RNM,CA,AWP,WE,Federal Contract Tower,0,0,1,0,1,0,0,116,2,118,0,0,117,2,119,453,7,460,579
06/23/2005,RNM,CA,AWP,WE,Federal Contract Tower,0,1,5,0,6,0,0,81,0,81,0,1,86,0,87,412,0,412,499
06/24/2005,RNM,CA,AWP,WE,Federal Contract Tower,0,0,4,0,4,0,0,125,0,125,0,0,129,0,129,430,0,430,559
06/25/2005,RNM,CA,AWP,WE,Federal Contract Tower,0,2,3,0,5,0,0,100,0,100,0,2,103,0,105,117,0,117,222
06/26/2005,RNM,CA,AWP,WE,Federal Contract Tower,0,1,3,0,4,0,0,27,0,27,0,1,30,0,31,108,0,108,139
06/27/2005,RNM,CA,AWP,WE,Federal Contract Tower,0,0,3,0,3,0,0,129,1,130,0,0,132,1,133,342,0,342,475
06/28/2005,RNM,CA,AWP,WE,Federal Contract Tower,0,0,3,0,3,0,0,117,1,118,0,0,120,1,121,352,0,352,473
06/29/2005,RNM,CA,AWP,WE,Federal Contract Tower,0,0,3,0,3,0,0,89,0,89,0,0,92,0,92,406,0,406,498
06/30/2005,RNM,CA,AWP,WE,Federal Contract Tower,0,0,2,0,2,0,0,72,0,72,0,0,74,0,74,449,0,449,523
07/01/2005,RNM,CA,AWP,WE,Federal Contract Tower,0,0,1,0,1,0,0,119,1,120,0,0,120,1,121,341,0,341,462
07/02/2005,RNM,CA,AWP,WE,Federal Contract Tower,0,0,2,0,2,0,2,133,0,135,0,2,135,0,137,477,0,477,614
07/03/2005,RNM,CA,AWP,WE,Federal Contract Tower,0,0,0,0,0,0,0,110,0,110,0,0,110,0,110,377,0,377,487
07/04/2005,RNM,CA,AWP,WE,Federal Contract Tower,0,0,5,0,5,0,0,113,0,113,0,0,118,0,118,180,0,180,298
07/05/2005,RNM,CA,AWP,WE,Federal Contract Tower,0,0,4,0,4,0,0,162,1,163,0,0,166,1,167,212,0,212,379
07/06/2005,RNM,CA,AWP,WE,Federal Contract Tower,0,0,5,0,5,0,0,110,0,110,0,0,115,0,115,276,0,276,391
07/07/2005,RNM,CA,AWP,WE,Federal Contract Tower,0,0,1,0,1,0,0,84,0,84,0,0,85,0,85,418,0,418,503
07/08/2005,RNM,CA,AWP,WE,Federal Contract Tower,0,1,1,0,2,0,0,101,1,102,0,1,102,1,104,321,0,321,425
07/09/2005,RNM,CA,AWP,WE,Federal Contract Tower,0,0,5,0,5,0,0,94,2,96,0,0,99,2,101,368,2,370,471
07/10/2005,RNM,CA,AWP,WE,Federal Contract Tower,0,1,4,0,5,0,0,111,0,111,0,1,115,0,116,324,0,324,440
07/11/2005,RNM,CA,AWP,WE,Federal Contract Tower,0,0,3,0,3,0,0,135,2,137,0,0,138,2,140,442,2,444,584
07/12/2005,RNM,CA,AWP,WE,Federal Contract Tower,0,0,2,0,2,0,0,113,0,113,0,0,115,0,115,425,0,425,540
07/13/2005,RNM,CA,AWP,WE,Federal Contract Tower,0,0,5,0,5,0,0,79,0,79,0,0,84,0,84,315,0,315,399
07/14/2005,RNM,CA,AWP,WE,Federal Contract Tower,0,0,2,0,2,0,0,62,2,64,0,0,64,2,66,449,6,455,521
07/15/2005,RNM,CA,AWP,WE,Federal Contract Tower,0,0,4,0,4,0,0,92,4,96,0,0,96,4,100,356,8,364,464
07/16/2005,RNM,CA,AWP,WE,Federal Contract Tower,0,0,5,0,5,0,0,69,0,69,0,0,74,0,74,414,0,414,488
07/17/2005,RNM,CA,AWP,WE,Federal Contract Tower,0,0,7,0,7,0,0,141,0,141,0,0,148,0,148,412,0,412,560
07/18/2005,RNM,CA,AWP,WE,Federal Contract Tower,0,0,6,0,6,0,0,67,5,72,0,0,73,5,78,258,8,266,344
07/19/2005,RNM,CA,AWP,WE,Federal Contract Tower,0,0,9,0,9,0,0,117,2,119,0,0,126,2,128,313,0,313,441
07/20/2005,RNM,CA,AWP,WE,Federal Contract Tower,0,0,0,0,0,0,0,57,2,59,0,0,57,2,59,329,14,343,402
07/21/2005,RNM,CA,AWP,WE,Federal Contract Tower,0,0,4,0,4,0,0,83,0,83,0,0,87,0,87,305,0,305,392
07/22/2005,RNM,CA,AWP,WE,Federal Contract Tower,0,0,3,0,3,0,0,139,0,139,0,0,142,0,142,299,0,299,441
07/23/2005,RNM,CA,AWP,WE,Federal Contract Tower,0,0,6,0,6,0,0,96,0,96,0,0,102,0,102,328,0,328,430
07/24/2005,RNM,CA,AWP,WE,Federal Contract Tower,0,2,0,0,2,0,0,75,0,75,0,2,75,0,77,276,0,276,353
07/25/2005,RNM,CA,AWP,WE,Federal Contract Tower,0,0,3,0,3,0,0,108,4,112,0,0,111,4,115,236,6,242,357
07/26/2005,RNM,CA,AWP,WE,Federal Contract Tower,0,0,3,0,3,0,0,111,4,115,0,0,114,4,118,365,6,371,489
07/27/2005,RNM,CA,AWP,WE,Federal Contract Tower,0,0,2,0,2,0,0,65,0,65,0,0,67,0,67,473,0,473,540
07/28/2005,RNM,CA,AWP,WE,Federal Contract Tower,0,0,5,0,5,0,0,87,4,91,0,0,92,4,96,296,22,318,414
07/29/2005,RNM,CA,AWP,WE,Federal Contract Tower,0,0,3,0,3,0,0,90,0,90,0,0,93,0,93,278,0,278,371
07/30/2005,RNM,CA,AWP,WE,Federal Contract Tower,0,0,2,0,2,0,0,87,0,87,0,0,89,0,89,318,0,318,407
07/31/2005,RNM,CA,AWP,WE,Federal Contract Tower,0,0,4,0,4,0,0,137,0,137,0,0,141,0,141,212,0,212,353
08/01/2005,RNM,CA,AWP,WE,Federal Contract Tower,0,0,3,0,3,0,0,152,2,154,0,0,155,2,157,227,0,227,384
08/02/2005,RNM,CA,AWP,WE,Federal Contract Tower,0,0,10,0,10,0,0,133,2,135,0,0,143,2,145,456,4,460,605
08/03/2005,RNM,CA,AWP,WE,Federal Contract Tower,0,0,2,0,2,0,0,31,0,31,0,0,33,0,33,419,0,419,452
08/04/2005,RNM,CA,AWP,WE,Federal Contract Tower,0,0,4,0,4,0,0,105,0,105,0,0,109,0,109,567,1,568,677
08/05/2005,RNM,CA,AWP,WE,Federal Contract Tower,0,0,2,0,2,0,0,123,4,127,0,0,125,4,129,322,12,334,463
08/06/2005,RNM,CA,AWP,WE,Federal Contract Tower,0,0,0,0,0,0,0,190,0,190,0,0,190,0,190,551,0,551,741
08/07/2005,RNM,CA,AWP,WE,Federal Contract Tower,0,0,4,0,4,0,0,149,0,149,0,0,153,0,153,332,0,332,485
08/08/2005,RNM,CA,AWP,WE,Federal Contract Tower,0,0,4,0,4,0,0,105,4,109,0,0,109,4,113,222,4,226,339
08/09/2005,RNM,CA,AWP,WE,Federal Contract Tower,0,1,5,0,6,0,0,86,14,100,0,1,91,14,106,480,8,488,594
08/10/2005,RNM,CA,AWP,WE,Federal Contract Tower,0,3,2,0,5,0,1,79,2,82,0,4,81,2,87,421,8,429,516
08/11/2005,RNM,CA,AWP,WE,Federal Contract Tower,0,0,4,0,4,0,0,140,5,145,0,0,144,5,149,285,16,301,450
08/12/2005,RNM,CA,AWP,WE,Federal Contract Tower,0,0,10,0,10,0,0,138,2,140,0,0,148,2,150,477,2,479,629
08/13/2005,RNM,CA,AWP,WE,Federal Contract Tower,0,0,4,0,4,0,0,148,0,148,0,0,152,0,152,620,0,620,772
08/14/2005,RNM,CA,AWP,WE,Federal Contract Tower,0,0,3,0,3,0,0,89,0,89,0,0,92,0,92,357,0,357,449
08/15/2005,RNM,CA,AWP,WE,Federal Contract Tower,0,0,10,0,10,0,0,81,0,81,0,0,91,0,91,458,0,458,549
08/16/2005,RNM,CA,AWP,WE,Federal Contract Tower,0,0,3,0,3,0,0,84,2,86,0,0,87,2,89,430,4,434,523
08/17/2005,RNM,CA,AWP,WE,Federal Contract Tower,0,0,2,0,2,0,0,157,8,165,0,0,159,8,167,517,12,529,696
08/18/2005,RNM,CA,AWP,WE,Federal Contract Tower,0,0,2,0,2,0,0,207,5,212,0,0,209,5,214,430,4,434,648
08/19/2005,RNM,CA,AWP,WE,Federal Contract Tower,0,0,1,0,1,0,0,161,0,161,0,0,162,0,162,498,0,498,660
08/20/2005,RNM,CA,AWP,WE,Federal Contract Tower,0,0,4,0,4,0,0,200,0,200,0,0,204,0,204,365,0,365,569
08/21/2005,RNM,CA,AWP,WE,Federal Contract Tower,0,0,4,0,4,0,0,171,0,171,0,0,175,0,175,216,0,216,391
08/22/2005,RNM,CA,AWP,WE,Federal Contract Tower,0,0,1,0,1,0,0,139,0,139,0,0,140,0,140,254,0,254,394
08/23/2005,RNM,CA,AWP,WE,Federal Contract Tower,0,0,5,0,5,0,0,86,4,90,0,0,91,4,95,374,7,381,476
08/24/2005,RNM,CA,AWP,WE,Federal Contract Tower,0,0,5,0,5,0,0,116,0,116,0,0,121,0,121,394,0,394,515
08/25/2005,RNM,CA,AWP,WE,Federal Contract Tower,0,0,1,0,1,0,0,118,4,122,0,0,119,4,123,370,2,372,495
08/26/2005,RNM,CA,AWP,WE,Federal Contract Tower,0,0,7,0,7,0,0,111,2,113,0,0,118,2,120,238,6,244,364
08/27/2005,RNM,CA,AWP,WE,Federal Contract Tower,0,0,1,0,1,0,0,120,0,120,0,0,121,0,121,230,0,230,351
08/28/2005,RNM,CA,AWP,WE,Federal Contract Tower,0,0,1,0,1,0,0,158,0,158,0,0,159,0,159,267,0,267,426
08/29/2005,RNM,CA,AWP,WE,Federal Contract Tower,0,0,5,0,5,0,0,93,8,101,0,0,98,8,106,121,16,137,243
08/30/2005,RNM,CA,AWP,WE,Federal Contract Tower,0,1,2,0,3,0,0,61,0,61,0,1,63,0,64,122,0,122,186
08/31/2005,RNM,CA,AWP,WE,Federal Contract Tower,0,0,1,0,1,0,0,109,3,112,0,0,110,3,113,300,4,304,417
09/01/2005,RNM,CA,AWP,WE,Federal Contract Tower,0,0,3,0,3,0,0,122,10,132,0,0,125,10,135,470,20,490,625
09/02/2005,RNM,CA,AWP,WE,Federal Contract Tower,0,0,1,0,1,0,0,135,2,137,0,0,136,2,138,382,0,382,520
09/03/2005,RNM,CA,AWP,WE,Federal Contract Tower,0,0,0,0,0,0,0,161,0,161,0,0,161,0,161,378,0,378,539
09/04/2005,RNM,CA,AWP,WE,Federal Contract Tower,0,0,2,0,2,0,0,129,0,129,0,0,131,0,131,286,0,286,417
09/05/2005,RNM,CA,AWP,WE,Federal Contract Tower,0,2,1,0,3,0,0,150,0,150,0,2,151,0,153,201,0,201,354
09/06/2005,RNM,CA,AWP,WE,Federal Contract Tower,0,0,2,0,2,0,0,95,4,99,0,0,97,4,101,366,6,372,473
09/07/2005,RNM,CA,AWP,WE,Federal Contract Tower,0,0,5,0,5,0,0,111,2,113,0,0,116,2,118,398,6,404,522
09/08/2005,RNM,CA,AWP,WE,Federal Contract Tower,0,0,5,0,5,0,0,136,2,138,0,0,141,2,143,478,6,484,627
09/09/2005,RNM,CA,AWP,WE,Federal Contract Tower,0,2,5,0,7,0,0,69,0,69,0,2,74,0,76,168,0,168,244
09/10/2005,RNM,CA,AWP,WE,Federal Contract Tower,0,0,5,0,5,0,0,94,0,94,0,0,99,0,99,230,0,230,329
09/11/2005,RNM,CA,AWP,WE,Federal Contract Tower,0,1,3,0,4,0,0,142,0,142,0,1,145,0,146,205,0,205,351
09/12/2005,RNM,CA,AWP,WE,Federal Contract Tower,0,0,0,0,0,0,0,117,0,117,0,0,117,0,117,219,0,219,336
09/13/2005,RNM,CA,AWP,WE,Federal Contract Tower,0,0,2,0,2,0,0,88,2,90,0,0,90,2,92,346,5,351,443
09/14/2005,RNM,CA,AWP,WE,Federal Contract Tower,0,0,1,0,1,0,0,98,2,100,0,0,99,2,101,294,2,296,397
09/15/2005,RNM,CA,AWP,WE,Federal Contract Tower,0,0,5,0,5,0,0,37,2,39,0,0,42,2,44,199,6,205,249
09/16/2005,RNM,CA,AWP,WE,Federal Contract Tower,0,0,5,0,5,0,0,100,2,102,0,0,105,2,107,346,8,354,461
09/17/2005,RNM,CA,AWP,WE,Federal Contract Tower,0,0,5,0,5,0,0,109,0,109,0,0,114,0,114,397,0,397,511
09/18/2005,RNM,CA,AWP,WE,Federal Contract Tower,0,0,9,0,9,0,0,159,0,159,0,0,168,0,168,334,0,334,502
09/19/2005,RNM,CA,AWP,WE,Federal Contract Tower,0,0,3,0,3,0,0,57,0,57,0,0,60,0,60,193,0,193,253
09/20/2005,RNM,CA,AWP,WE,Federal Contract Tower,0,0,1,0,1,0,0,45,0,45,0,0,46,0,46,177,0,177,223
09/21/2005,RNM,CA,AWP,WE,Federal Contract Tower,0,0,3,0,3,0,0,114,4,118,0,0,117,4,121,269,8,277,398
09/22/2005,RNM,CA,AWP,WE,Federal Contract Tower,0,0,3,0,3,0,0,140,4,144,0,0,143,4,147,303,4,307,454
09/23/2005,RNM,CA,AWP,WE,Federal Contract Tower,0,0,1,0,1,0,0,122,0,122,0,0,123,0,123,320,0,320,443
09/24/2005,RNM,CA,AWP,WE,Federal Contract Tower,0,0,3,0,3,0,0,142,1,143,0,0,145,1,146,437,3,440,586
09/25/2005,RNM,CA,AWP,WE,Federal Contract Tower,0,1,1,0,2,0,0,130,0,130,0,1,131,0,132,240,0,240,372
09/26/2005,RNM,CA,AWP,WE,Federal Contract Tower,0,0,0,0,0,0,0,104,0,104,0,0,104,0,104,281,0,281,385
09/27/2005,RNM,CA,AWP,WE,Federal Contract Tower,0,0,3,0,3,0,0,93,1,94,0,0,96,1,97,323,3,326,423
09/28/2005,RNM,CA,AWP,WE,Federal Contract Tower,0,0,1,0,1,0,0,107,0,107,0,0,108,0,108,256,0,256,364
09/29/2005,RNM,CA,AWP,WE,Federal Contract Tower,0,0,3,0,3,0,0,108,0,108,0,0,111,0,111,231,0,231,342
09/30/2005,RNM,CA,AWP,WE,Federal Contract Tower,0,1,5,0,6,0,0,146,0,146,0,1,151,0,152,317,0,317,469
10/01/2005,RNM,CA,AWP,WE,Federal Contract Tower,0,0,5,0,5,0,0,176,0,176,0,0,181,0,181,631,0,631,812
10/02/2005,RNM,CA,AWP,WE,Federal Contract Tower,0,2,2,0,4,0,0,99,0,99,0,2,101,0,103,276,0,276,379
10/03/2005,RNM,CA,AWP,WE,Federal Contract Tower,0,0,0,0,0,0,0,88,4,92,0,0,88,4,92,270,6,276,368
10/04/2005,RNM,CA,AWP,WE,Federal Contract Tower,0,0,2,0,2,0,0,71,2,73,0,0,73,2,75,339,6,345,420
10/05/2005,RNM,CA,AWP,WE,Federal Contract Tower,0,0,3,0,3,0,0,105,0,105,0,0,108,0,108,269,0,269,377
10/06/2005,RNM,CA,AWP,WE,Federal Contract Tower,0,0,2,0,2,0,0,233,0,233,0,0,235,0,235,291,0,291,526
10/07/2005,RNM,CA,AWP,WE,Federal Contract Tower,0,0,4,0,4,0,0,150,0,150,0,0,154,0,154,314,0,314,468
10/08/2005,RNM,CA,AWP,WE,Federal Contract Tower,0,0,9,0,9,0,0,246,0,246,0,0,255,0,255,198,0,198,453
10/09/2005,RNM,CA,AWP,WE,Federal Contract Tower,0,0,7,0,7,0,0,122,0,122,0,0,129,0,129,353,0,353,482
10/10/2005,RNM,CA,AWP,WE,Federal Contract Tower,0,0,2,0,2,0,0,87,0,87,0,0,89,0,89,323,0,323,412
10/11/2005,RNM,CA,AWP,WE,Federal Contract Tower,0,0,4,0,4,0,0,121,0,121,0,0,125,0,125,386,0,386,511
10/12/2005,RNM,CA,AWP,WE,Federal Contract Tower,0,0,3,0,3,0,0,116,1,117,0,0,119,1,120,371,2,373,493
10/13/2005,RNM,CA,AWP,WE,Federal Contract Tower,0,0,7,0,7,0,0,154,0,154,0,0,161,0,161,282,0,282,443
10/14/2005,RNM,CA,AWP,WE,Federal Contract Tower,0,0,5,0,5,0,0,105,0,105,0,0,110,0,110,254,0,254,364
10/15/2005,RNM,CA,AWP,WE,Federal Contract Tower,0,0,4,0,4,0,0,107,0,107,0,0,111,0,111,340,0,340,451
10/16/2005,RNM,CA,AWP,WE,Federal Contract Tower,0,0,2,0,2,0,0,57,0,57,0,0,59,0,59,219,0,219,278
10/17/2005,RNM,CA,AWP,WE,Federal Contract Tower,0,0,2,0,2,0,0,21,0,21,0,0,23,0,23,42,0,42,65
10/18/2005,RNM,CA,AWP,WE,Federal Contract Tower,0,0,4,0,4,0,0,22,0,22,0,0,26,0,26,119,0,119,145
10/19/2005,RNM,CA,AWP,WE,Federal Contract Tower,0,0,4,0,4,0,0,123,0,123,0,0,127,0,127,388,0,388,515
10/20/2005,RNM,CA,AWP,WE,Federal Contract Tower,0,2,5,0,7,0,0,109,3,112,0,2,114,3,119,253,0,253,372
10/21/2005,RNM,CA,AWP,WE,Federal Contract Tower,0,0,9,0,9,0,0,26,0,26,0,0,35,0,35,30,0,30,65
10/22/2005,RNM,CA,AWP,WE,Federal Contract Tower,0,0,5,0,5,0,0,0,0,0,0,0,5,0,5,0,0,0,5
10/23/2005,RNM,CA,AWP,WE,Federal Contract Tower,0,0,8,0,8,0,0,44,0,44,0,0,52,0,52,50,0,50,102
10/24/2005,RNM,CA,AWP,WE,Federal Contract Tower,0,0,7,0,7,0,0,0,0,0,0,0,7,0,7,0,0,0,7
10/25/2005,RNM,CA,AWP,WE,Federal Contract Tower,0,0,9,0,9,0,0,35,3,38,0,0,44,3,47,172,0,172,219
10/26/2005,RNM,CA,AWP,WE,Federal Contract Tower,0,0,6,0,6,0,0,106,3,109,0,0,112,3,115,279,1,280,395
10/27/2005,RNM,CA,AWP,WE,Federal Contract Tower,0,0,7,0,7,0,0,84,8,92,0,0,91,8,99,246,16,262,361
10/28/2005,RNM,CA,AWP,WE,Federal Contract Tower,0,1,4,0,5,0,0,125,0,125,0,1,129,0,130,285,0,285,415
10/29/2005,RNM,CA,AWP,WE,Federal Contract Tower,0,0,2,0,2,0,0,169,0,169,0,0,171,0,171,384,0,384,555
10/30/2005,RNM,CA,AWP,WE,Federal Contract Tower,0,1,2,0,3,0,0,218,0,218,0,1,220,0,221,356,0,356,577
10/31/2005,RNM,CA,AWP,WE,Federal Contract Tower,0,0,1,0,1,0,0,87,2,89,0,0,88,2,90,188,6,194,284
11/01/2005,RNM,CA,AWP,WE,Federal Contract Tower,0,2,4,0,6,0,0,106,0,106,0,2,110,0,112,378,0,378,490
11/02/2005,RNM,CA,AWP,WE,Federal Contract Tower,0,0,0,0,0,0,0,113,1,114,0,0,113,1,114,242,4,246,360
11/03/2005,RNM,CA,AWP,WE,Federal Contract Tower,0,4,5,0,9,0,0,120,0,120,0,4,125,0,129,367,0,367,496
11/04/2005,RNM,CA,AWP,WE,Federal Contract Tower,0,1,5,0,6,0,0,142,0,142,0,1,147,0,148,412,0,412,560
11/05/2005,RNM,CA,AWP,WE,Federal Contract Tower,0,0,2,0,2,0,0,186,0,186,0,0,188,0,188,466,0,466,654
11/06/2005,RNM,CA,AWP,WE,Federal Contract Tower,0,2,6,0,8,0,0,122,0,122,0,2,128,0,130,360,0,360,490
11/07/2005,RNM,CA,AWP,WE,Federal Contract Tower,0,1,2,0,3,0,3,45,2,50,0,4,47,2,53,182,6,188,241
11/08/2005,RNM,CA,AWP,WE,Federal Contract Tower,0,0,4,0,4,0,0,34,0,34,0,0,38,0,38,116,0,116,154
11/09/2005,RNM,CA,AWP,WE,Federal Contract Tower,0,2,2,0,4,0,0,62,0,62,0,2,64,0,66,147,1,148,214
11/10/2005,RNM,CA,AWP,WE,Federal Contract Tower,0,0,3,0,3,0,0,16,0,16,0,0,19,0,19,49,0,49,68
11/11/2005,RNM,CA,AWP,WE,Federal Contract Tower,0,1,4,0,5,0,0,77,0,77,0,1,81,0,82,345,0,345,427
11/12/2005,RNM,CA,AWP,WE,Federal Contract Tower,0,0,1,0,1,0,0,143,3,146,0,0,144,3,147,560,1,561,708
11/13/2005,RNM,CA,AWP,WE,Federal Contract Tower,0,1,6,0,7,0,0,142,0,142,0,1,148,0,149,333,0,333,482
11/14/2005,RNM,CA,AWP,WE,Federal Contract Tower,0,0,1,0,1,0,0,107,1,108,0,0,108,1,109,238,0,238,347
11/15/2005,RNM,CA,AWP,WE,Federal Contract Tower,0,0,4,0,4,0,0,58,0,58,0,0,62,0,62,51,0,51,113
11/16/2005,RNM,CA,AWP,WE,Federal Contract Tower,0,0,3,0,3,0,0,95,1,96,0,0,98,1,99,166,1,167,266
11/17/2005,RNM,CA,AWP,WE,Federal Contract Tower,0,1,2,0,3,0,0,105,2,107,0,1,107,2,110,164,6,170,280
11/18/2005,RNM,CA,AWP,WE,Federal Contract Tower,0,2,2,0,4,0,0,114,0,114,0,2,116,0,118,88,0,88,206
11/19/2005,RNM,CA,AWP,WE,Federal Contract Tower,0,0,6,0,6,0,0,139,0,139,0,0,145,0,145,282,0,282,427
11/20/2005,RNM,CA,AWP,WE,Federal Contract Tower,0,0,3,0,3,0,0,110,0,110,0,0,113,0,113,356,0,356,469
11/21/2005,RNM,CA,AWP,WE,Federal Contract Tower,0,0,0,0,0,0,0,79,2,81,0,0,79,2,81,200,0,200,281
11/22/2005,RNM,CA,AWP,WE,Federal Contract Tower,0,0,1,0,1,0,0,113,6,119,0,0,114,6,120,290,16,306,426
11/23/2005,RNM,CA,AWP,WE,Federal Contract Tower,0,2,2,0,4,0,0,121,2,123,0,2,123,2,127,290,2,292,419
11/24/2005,RNM,CA,AWP,WE,Federal Contract Tower,0,0,1,0,1,0,0,74,0,74,0,0,75,0,75,72,0,72,147
11/25/2005,RNM,CA,AWP,WE,Federal Contract Tower,0,1,5,0,6,0,0,80,0,80,0,1,85,0,86,190,0,190,276
11/26/2005,RNM,CA,AWP,WE,Federal Contract Tower,0,2,5,0,7,0,0,46,0,46,0,2,51,0,53,183,0,183,236
11/27/2005,RNM,CA,AWP,WE,Federal Contract Tower,0,1,4,0,5,0,0,159,0,159,0,1,163,0,164,329,0,329,493
11/28/2005,RNM,CA,AWP,WE,Federal Contract Tower,0,0,0,0,0,0,0,108,0,108,0,0,108,0,108,241,0,241,349
11/29/2005,RNM,CA,AWP,WE,Federal Contract Tower,0,0,2,0,2,0,0,115,0,115,0,0,117,0,117,303,0,303,420
11/30/2005,RNM,CA,AWP,WE,Federal Contract Tower,0,0,1,0,1,0,0,118,2,120,0,0,119,2,121,405,3,408,529
12/01/2005,RNM,CA,AWP,WE,Federal Contract Tower,0,0,2,0,2,0,0,115,3,118,0,0,117,3,120,334,0,334,454
12/02/2005,RNM,CA,AWP,WE,Federal Contract Tower,0,1,5,0,6,0,1,59,0,60,0,2,64,0,66,236,0,236,302
12/03/2005,RNM,CA,AWP,WE,Federal Contract Tower,0,0,8,0,8,0,0,105,3,108,0,0,113,3,116,410,0,410,526
12/04/2005,RNM,CA,AWP,WE,Federal Contract Tower,0,0,5,0,5,0,0,116,0,116,0,0,121,0,121,286,0,286,407
12/05/2005,RNM,CA,AWP,WE,Federal Contract Tower,0,0,5,0,5,0,0,88,0,88,0,0,93,0,93,245,0,245,338
12/06/2005,RNM,CA,AWP,WE,Federal Contract Tower,0,0,0,0,0,0,0,109,0,109,0,0,109,0,109,294,0,294,403
12/07/2005,RNM,CA,AWP,WE,Federal Contract Tower,0,0,0,0,0,0,0,111,2,113,0,0,111,2,113,252,0,252,365
12/08/2005,RNM,CA,AWP,WE,Federal Contract Tower,0,0,2,0,2,0,0,116,2,118,0,0,118,2,120,320,2,322,442
12/09/2005,RNM,CA,AWP,WE,Federal Contract Tower,0,1,1,0,2,0,0,111,0,111,0,1,112,0,113,338,0,338,451
12/10/2005,RNM,CA,AWP,WE,Federal Contract Tower,0,1,5,0,6,0,0,158,0,158,0,1,163,0,164,439,0,439,603
12/11/2005,RNM,CA,AWP,WE,Federal Contract Tower,0,0,3,0,3,0,0,157,0,157,0,0,160,0,160,262,1,263,423
12/12/2005,RNM,CA,AWP,WE,Federal Contract Tower,0,0,3,0,3,0,0,72,6,78,0,0,75,6,81,225,10,235,316
12/13/2005,RNM,CA,AWP,WE,Federal Contract Tower,0,0,2,0,2,0,0,113,0,113,0,0,115,0,115,175,0,175,290
12/14/2005,RNM,CA,AWP,WE,Federal Contract Tower,0,0,4,0,4,0,0,102,0,102,0,0,106,0,106,212,0,212,318
12/15/2005,RNM,CA,AWP,WE,Federal Contract Tower,0,0,6,0,6,0,0,41,0,41,0,0,47,0,47,155,0,155,202
12/16/2005,RNM,CA,AWP,WE,Federal Contract Tower,0,0,16,0,16,0,0,66,0,66,0,0,82,0,82,292,0,292,374
12/17/2005,RNM,CA,AWP,WE,Federal Contract Tower,0,0,9,0,9,0,0,115,0,115,0,0,124,0,124,342,0,342,466
12/18/2005,RNM,CA,AWP,WE,Federal Contract Tower,0,0,4,0,4,0,0,89,2,91,0,0,93,2,95,288,6,294,389
12/19/2005,RNM,CA,AWP,WE,Federal Contract Tower,0,4,4,0,8,0,0,78,0,78,0,4,82,0,86,215,0,215,301
12/20/2005,RNM,CA,AWP,WE,Federal Contract Tower,0,0,1,0,1,0,0,112,3,115,0,0,113,3,116,241,0,241,357
12/21/2005,RNM,CA,AWP,WE,Federal Contract Tower,0,0,5,0,5,0,0,119,4,123,0,0,124,4,128,188,2,190,318
12/22/2005,RNM,CA,AWP,WE,Federal Contract Tower,0,0,6,0,6,0,0,97,0,97,0,0,103,0,103,142,0,142,245
12/23/2005,RNM,CA,AWP,WE,Federal Contract Tower,0,0,7,0,7,0,0,79,0,79,0,0,86,0,86,180,0,180,266
12/24/2005,RNM,CA,AWP,WE,Federal Contract Tower,0,0,2,0,2,0,0,62,0,62,0,0,64,0,64,74,0,74,138
12/25/2005,RNM,CA,AWP,WE,Federal Contract Tower,0,0,2,0,2,0,0,20,0,20,0,0,22,0,22,26,0,26,48
12/26/2005,RNM,CA,AWP,WE,Federal Contract Tower,0,0,11,0,11,0,0,34,0,34,0,0,45,0,45,60,0,60,105
12/27/2005,RNM,CA,AWP,WE,Federal Contract Tower,0,1,4,0,5,0,0,108,0,108,0,1,112,0,113,195,0,195,308
12/28/2005,RNM,CA,AWP,WE,Federal Contract Tower,0,0,8,0,8,0,0,73,2,75,0,0,81,2,83,210,0,210,293
12/29/2005,RNM,CA,AWP,WE,Federal Contract Tower,0,0,4,0,4,0,0,59,0,59,0,0,63,0,63,168,0,168,231
12/30/2005,RNM,CA,AWP,WE,Federal Contract Tower,0,0,6,0,6,0,0,104,0,104,0,0,110,0,110,378,0,378,488
12/31/2005,RNM,CA,AWP,WE,Federal Contract Tower,0,1,2,0,3,0,0,60,0,60,0,1,62,0,63,168,0,168,231
01/01/2006,RNM,CA,AWP,WE,Federal Contract Tower,0,0,1,0,1,0,0,36,0,36,0,0,37,0,37,134,0,134,171
01/02/2006,RNM,CA,AWP,WE,Federal Contract Tower,0,0,5,0,5,0,0,0,0,0,0,0,5,0,5,0,0,0,5
01/03/2006,RNM,CA,AWP,WE,Federal Contract Tower,0,0,2,0,2,0,0,75,0,75,0,0,77,0,77,238,0,238,315
01/04/2006,RNM,CA,AWP,WE,Federal Contract Tower,0,0,3,0,3,0,0,109,2,111,0,0,112,2,114,330,16,346,460
01/05/2006,RNM,CA,AWP,WE,Federal Contract Tower,0,0,1,0,1,0,0,80,2,82,0,0,81,2,83,72,2,74,157
01/06/2006,RNM,CA,AWP,WE,Federal Contract Tower,0,0,3,0,3,0,0,117,0,117,0,0,120,0,120,192,0,192,312
01/07/2006,RNM,CA,AWP,WE,Federal Contract Tower,0,0,2,0,2,0,0,178,0,178,0,0,180,0,180,380,0,380,560
01/08/2006,RNM,CA,AWP,WE,Federal Contract Tower,0,0,2,0,2,0,0,144,0,144,0,0,146,0,146,301,0,301,447
01/09/2006,RNM,CA,AWP,WE,Federal Contract Tower,0,0,1,0,1,0,0,95,0,95,0,0,96,0,96,238,0,238,334
01/10/2006,RNM,CA,AWP,WE,Federal Contract Tower,0,0,1,0,1,0,0,111,4,115,0,0,112,4,116,222,0,222,338
01/11/2006,RNM,CA,AWP,WE,Federal Contract Tower,0,0,0,0,0,0,0,129,0,129,0,0,129,0,129,381,0,381,510
01/12/2006,RNM,CA,AWP,WE,Federal Contract Tower,0,0,2,0,2,0,0,119,0,119,0,0,121,0,121,279,0,279,400
01/13/2006,RNM,CA,AWP,WE,Federal Contract Tower,0,0,1,0,1,0,0,144,1,145,0,0,145,1,146,323,0,323,469
01/14/2006,RNM,CA,AWP,WE,Federal Contract Tower,0,0,5,0,5,0,0,63,0,63,0,0,68,0,68,266,0,266,334
01/15/2006,RNM,CA,AWP,WE,Federal Contract Tower,0,0,1,0,1,0,0,113,0,113,0,0,114,0,114,334,6,340,454
01/16/2006,RNM,CA,AWP,WE,Federal Contract Tower,0,0,3,0,3,0,0,125,0,125,0,0,128,0,128,404,0,404,532
01/17/2006,RNM,CA,AWP,WE,Federal Contract Tower,0,0,2,0,2,0,0,96,0,96,0,0,98,0,98,267,0,267,365
01/18/2006,RNM,CA,AWP,WE,Federal Contract Tower,0,0,0,0,0,0,0,97,0,97,0,0,97,0,97,282,1,283,380
01/19/2006,RNM,CA,AWP,WE,Federal Contract Tower,0,0,3,0,3,0,0,53,2,55,0,0,56,2,58,259,0,259,317
01/20/2006,RNM,CA,AWP,WE,Federal Contract Tower,0,0,2,0,2,0,0,104,0,104,0,0,106,0,106,191,0,191,297
01/21/2006,RNM,CA,AWP,WE,Federal Contract Tower,0,0,2,0,2,0,0,195,0,195,0,0,197,0,197,442,0,442,639
01/22/2006,RNM,CA,AWP,WE,Federal Contract Tower,0,0,1,0,1,0,0,140,0,140,0,0,141,0,141,322,0,322,463
01/23/2006,RNM,CA,AWP,WE,Federal Contract Tower,0,0,2,0,2,0,0,50,2,52,0,0,52,2,54,171,0,171,225
01/24/2006,RNM,CA,AWP,WE,Federal Contract Tower,0,1,5,0,6,0,1,68,1,70,0,2,73,1,76,158,0,158,234
01/25/2006,RNM,CA,AWP,WE,Federal Contract Tower,0,0,2,0,2,0,0,113,6,119,0,0,115,6,121,287,18,305,426
01/26/2006,RNM,CA,AWP,WE,Federal Contract Tower,0,0,5,0,5,0,0,62,2,64,0,0,67,2,69,334,2,336,405
01/27/2006,RNM,CA,AWP,WE,Federal Contract Tower,0,1,2,0,3,0,0,43,0,43,0,1,45,0,46,228,0,228,274
01/28/2006,RNM,CA,AWP,WE,Federal Contract Tower,0,0,4,0,4,0,0,120,0,120,0,0,124,0,124,396,0,396,520
01/29/2006,RNM,CA,AWP,WE,Federal Contract Tower,0,1,2,0,3,0,0,78,1,79,0,1,80,1,82,316,0,316,398
01/30/2006,RNM,CA,AWP,WE,Federal Contract Tower,0,1,3,0,4,0,0,84,2,86,0,1,87,2,90,232,2,234,324
01/31/2006,RNM,CA,AWP,WE,Federal Contract Tower,0,2,10,0,12,0,0,69,0,69,0,2,79,0,81,145,0,145,226
02/01/2006,RNM,CA,AWP,WE,Federal Contract Tower,0,1,3,0,4,0,0,111,2,113,0,1,114,2,117,316,2,318,435
02/02/2006,RNM,CA,AWP,WE,Federal Contract Tower,0,0,2,0,2,0,0,68,0,68,0,0,70,0,70,321,0,321,391
02/03/2006,RNM,CA,AWP,WE,Federal Contract Tower,0,0,5,0,5,0,0,139,0,139,0,0,144,0,144,366,0,366,510
02/04/2006,RNM,CA,AWP,WE,Federal Contract Tower,0,0,4,0,4,0,0,135,0,135,0,0,139,0,139,370,0,370,509
02/05/2006,RNM,CA,AWP,WE,Federal Contract Tower,0,0,1,0,1,0,0,70,0,70,0,0,71,0,71,205,0,205,276
02/06/2006,RNM,CA,AWP,WE,Federal Contract Tower,0,0,1,2,3,0,0,94,4,98,0,0,95,6,101,193,10,203,304
02/07/2006,RNM,CA,AWP,WE,Federal Contract Tower,0,1,0,0,1,0,1,98,2,101,0,2,98,2,102,212,0,212,314
02/08/2006,RNM,CA,AWP,WE,Federal Contract Tower,0,0,1,0,1,0,2,92,0,94,0,2,93,0,95,166,0,166,261
02/09/2006,RNM,CA,AWP,WE,Federal Contract Tower,0,0,1,0,1,0,0,82,6,88,0,0,83,6,89,274,6,280,369
02/10/2006,RNM,CA,AWP,WE,Federal Contract Tower,0,0,2,0,2,0,0,144,1,145,0,0,146,1,147,268,0,268,415
02/11/2006,RNM,CA,AWP,WE,Federal Contract Tower,0,0,7,0,7,0,0,110,0,110,0,0,117,0,117,294,0,294,411
02/12/2006,RNM,CA,AWP,WE,Federal Contract Tower,0,1,1,0,2,0,0,90,0,90,0,1,91,0,92,124,0,124,216
02/13/2006,RNM,CA,AWP,WE,Federal Contract Tower,0,0,1,0,1,0,0,88,0,88,0,0,89,0,89,342,0,342,431
02/14/2006,RNM,CA,AWP,WE,Federal Contract Tower,0,0,0,0,0,0,0,102,2,104,0,0,102,2,104,260,2,262,366
02/15/2006,RNM,CA,AWP,WE,Federal Contract Tower,0,0,0,0,0,0,0,34,0,34,0,0,34,0,34,152,0,152,186
02/16/2006,RNM,CA,AWP,WE,Federal Contract Tower,0,0,3,0,3,0,0,93,4,97,0,0,96,4,100,286,2,288,388
02/17/2006,RNM,CA,AWP,WE,Federal Contract Tower,0,0,5,0,5,0,0,100,0,100,0,0,105,0,105,395,0,395,500
02/18/2006,RNM,CA,AWP,WE,Federal Contract Tower,0,0,5,0,5,0,0,78,0,78,0,0,83,0,83,250,0,250,333
02/19/2006,RNM,CA,AWP,WE,Federal Contract Tower,0,0,3,0,3,0,0,70,0,70,0,0,73,0,73,166,0,166,239
02/20/2006,RNM,CA,AWP,WE,Federal Contract Tower,0,0,3,0,3,0,0,107,0,107,0,0,110,0,110,418,0,418,528
02/21/2006,RNM,CA,AWP,WE,Federal Contract Tower,0,0,0,0,0,0,0,88,2,90,0,0,88,2,90,251,7,258,348
02/22/2006,RNM,CA,AWP,WE,Federal Contract Tower,0,0,4,0,4,0,0,100,0,100,0,0,104,0,104,366,0,366,470
02/23/2006,RNM,CA,AWP,WE,Federal Contract Tower,0,0,4,0,4,0,0,143,1,144,0,0,147,1,148,360,0,360,508
02/24/2006,RNM,CA,AWP,WE,Federal Contract Tower,0,0,5,0,5,0,0,149,1,150,0,0,154,1,155,376,0,376,531
02/25/2006,RNM,CA,AWP,WE,Federal Contract Tower,0,0,3,0,3,0,0,188,0,188,0,0,191,0,191,570,0,570,761
02/26/2006,RNM,CA,AWP,WE,Federal Contract Tower,0,0,4,0,4,0,0,104,0,104,0,0,108,0,108,295,0,295,403
02/27/2006,RNM,CA,AWP,WE,Federal Contract Tower,0,0,6,0,6,0,0,41,0,41,0,0,47,0,47,240,0,240,287
02/28/2006,RNM,CA,AWP,WE,Federal Contract Tower,0,2,3,0,5,0,0,7,0,7,0,2,10,0,12,54,0,54,66
03/01/2006,RNM,CA,AWP,WE,Federal Contract Tower,0,1,3,0,4,0,1,109,3,113,0,2,112,3,117,299,0,299,416
03/02/2006,RNM,CA,AWP,WE,Federal Contract Tower,0,0,1,0,1,0,0,83,0,83,0,0,84,0,84,297,0,297,381
03/03/2006,RNM,CA,AWP,WE,Federal Contract Tower,0,1,10,0,11,0,1,24,0,25,0,2,34,0,36,84,0,84,120
03/04/2006,RNM,CA,AWP,WE,Federal Contract Tower,0,0,9,0,9,0,0,178,2,180,0,0,187,2,189,505,0,505,694
03/05/2006,RNM,CA,AWP,WE,Federal Contract Tower,0,0,9,0,9,0,0,84,0,84,0,0,93,0,93,235,0,235,328
03/06/2006,RNM,CA,AWP,WE,Federal Contract Tower,0,0,21,0,21,0,0,48,0,48,0,0,69,0,69,206,0,206,275
03/07/2006,RNM,CA,AWP,WE,Federal Contract Tower,0,0,7,0,7,0,0,35,0,35,0,0,42,0,42,103,0,103,145
03/08/2006,RNM,CA,AWP,WE,Federal Contract Tower,0,2,2,0,4,0,0,84,0,84,0,2,86,0,88,338,0,338,426
03/09/2006,RNM,CA,AWP,WE,Federal Contract Tower,0,0,4,0,4,0,0,21,0,21,0,0,25,0,25,96,0,96,121
03/10/2006,RNM,CA,AWP,WE,Federal Contract Tower,0,0,4,0,4,0,0,18,2,20,0,0,22,2,24,68,8,76,100
03/11/2006,RNM,CA,AWP,WE,Federal Contract Tower,0,0,0,0,0,0,0,2,0,2,0,0,2,0,2,0,0,0,2
03/12/2006,RNM,CA,AWP,WE,Federal Contract Tower,0,0,0,0,0,0,0,41,0,41,0,0,41,0,41,185,0,185,226
03/13/2006,RNM,CA,AWP,WE,Federal Contract Tower,0,1,4,0,5,0,1,83,0,84,0,2,87,0,89,287,0,287,376
03/14/2006,RNM,CA,AWP,WE,Federal Contract Tower,0,1,1,1,3,0,1,153,1,155,0,2,154,2,158,334,0,334,492
03/15/2006,RNM,CA,AWP,WE,Federal Contract Tower,0,3,4,0,7,0,1,138,2,141,0,4,142,2,148,402,2,404,552
03/16/2006,RNM,CA,AWP,WE,Federal Contract Tower,0,1,2,0,3,0,1,98,0,99,0,2,100,0,102,418,0,418,520
03/17/2006,RNM,CA,AWP,WE,Federal Contract Tower,0,4,3,0,7,0,0,75,2,77,0,4,78,2,84,272,18,290,374
03/18/2006,RNM,CA,AWP,WE,Federal Contract Tower,0,0,7,0,7,0,0,14,0,14,0,0,21,0,21,195,0,195,216
03/19/2006,RNM,CA,AWP,WE,Federal Contract Tower,0,0,5,0,5,0,0,36,0,36,0,0,41,0,41,186,0,186,227
03/20/2006,RNM,CA,AWP,WE,Federal Contract Tower,0,0,3,0,3,0,0,43,2,45,0,0,46,2,48,232,2,234,282
03/21/2006,RNM,CA,AWP,WE,Federal Contract Tower,0,2,7,0,9,0,0,60,0,60,0,2,67,0,69,189,0,189,258
03/22/2006,RNM,CA,AWP,WE,Federal Contract Tower,0,1,4,0,5,0,1,122,0,123,0,2,126,0,128,338,0,338,466
03/23/2006,RNM,CA,AWP,WE,Federal Contract Tower,0,0,2,0,2,0,0,106,0,106,0,0,108,0,108,256,0,256,364
03/24/2006,RNM,CA,AWP,WE,Federal Contract Tower,0,2,1,0,3,0,0,152,3,155,0,2,153,3,158,342,2,344,502
03/25/2006,RNM,CA,AWP,WE,Federal Contract Tower,0,0,3,0,3,0,0,172,0,172,0,0,175,0,175,479,0,479,654
03/26/2006,RNM,CA,AWP,WE,Federal Contract Tower,0,0,0,0,0,0,0,51,0,51,0,0,51,0,51,190,0,190,241
03/27/2006,RNM,CA,AWP,WE,Federal Contract Tower,0,0,3,0,3,0,0,84,3,87,0,0,87,3,90,350,2,352,442
03/28/2006,RNM,CA,AWP,WE,Federal Contract Tower,0,0,8,0,8,0,0,34,0,34,0,0,42,0,42,137,0,137,179
03/29/2006,RNM,CA,AWP,WE,Federal Contract Tower,0,0,10,0,10,0,0,59,6,65,0,0,69,6,75,222,10,232,307
03/30/2006,RNM,CA,AWP,WE,Federal Contract Tower,0,0,3,0,3,0,0,79,2,81,0,0,82,2,84,344,0,344,428
03/31/2006,RNM,CA,AWP,WE,Federal Contract Tower,0,0,6,0,6,0,0,70,0,70,0,0,76,0,76,202,0,202,278
04/01/2006,RNM,CA,AWP,WE,Federal Contract Tower,0,0,10,0,10,0,0,68,1,69,0,0,78,1,79,376,0,376,455
04/02/2006,RNM,CA,AWP,WE,Federal Contract Tower,0,0,2,0,2,0,0,117,0,117,0,0,119,0,119,348,0,348,467
04/03/2006,RNM,CA,AWP,WE,Federal Contract Tower,0,0,9,0,9,0,0,66,2,68,0,0,75,2,77,241,20,261,338
04/04/2006,RNM,CA,AWP,WE,Federal Contract Tower,0,2,6,0,8,0,0,38,2,40,0,2,44,2,48,91,2,93,141
04/05/2006,RNM,CA,AWP,WE,Federal Contract Tower,0,0,2,0,2,0,0,4,0,4,0,0,6,0,6,8,2,10,16
04/06/2006,RNM,CA,AWP,WE,Federal Contract Tower,0,0,1,0,1,0,0,142,0,142,0,0,143,0,143,358,0,358,501
04/07/2006,RNM,CA,AWP,WE,Federal Contract Tower,0,2,5,0,7,0,0,94,4,98,0,2,99,4,105,296,0,296,401
04/08/2006,RNM,CA,AWP,WE,Federal Contract Tower,0,0,6,0,6,0,0,138,0,138,0,0,144,0,144,406,0,406,550
04/09/2006,RNM,CA,AWP,WE,Federal Contract Tower,0,0,1,0,1,0,0,71,0,71,0,0,72,0,72,329,0,329,401
04/10/2006,RNM,CA,AWP,WE,Federal Contract Tower,0,0,8,0,8,0,0,47,6,53,0,0,55,6,61,271,4,275,336
04/11/2006,RNM,CA,AWP,WE,Federal Contract Tower,0,0,3,0,3,0,0,100,0,100,0,0,103,0,103,321,0,321,424
04/12/2006,RNM,CA,AWP,WE,Federal Contract Tower,0,0,4,0,4,0,0,181,0,181,0,0,185,0,185,324,0,324,509
04/13/2006,RNM,CA,AWP,WE,Federal Contract Tower,0,0,6,0,6,0,0,98,4,102,0,0,104,4,108,288,0,288,396
04/14/2006,RNM,CA,AWP,WE,Federal Contract Tower,0,0,5,0,5,0,0,27,0,27,0,0,32,0,32,72,0,72,104
04/15/2006,RNM,CA,AWP,WE,Federal Contract Tower,0,0,9,0,9,0,0,11,0,11,0,0,20,0,20,34,0,34,54
04/16/2006,RNM,CA,AWP,WE,Federal Contract Tower,0,0,8,0,8,0,0,28,0,28,0,0,36,0,36,167,0,167,203
04/17/2006,RNM,CA,AWP,WE,Federal Contract Tower,0,2,6,0,8,0,0,66,0,66,0,2,72,0,74,284,0,284,358
04/18/2006,RNM,CA,AWP,WE,Federal Contract Tower,0,0,2,0,2,0,0,114,0,114,0,0,116,0,116,468,0,468,584
04/19/2006,RNM,CA,AWP,WE,Federal Contract Tower,0,0,4,0,4,0,2,117,3,122,0,2,121,3,126,395,4,399,525
04/20/2006,RNM,CA,AWP,WE,Federal Contract Tower,0,0,5,0,5,0,0,109,6,115,0,0,114,6,120,440,19,459,579
04/21/2006,RNM,CA,AWP,WE,Federal Contract Tower,0,0,7,0,7,0,0,55,0,55,0,0,62,0,62,236,0,236,298
04/22/2006,RNM,CA,AWP,WE,Federal Contract Tower,0,0,17,0,17,0,0,51,6,57,0,0,68,6,74,162,0,162,236
04/23/2006,RNM,CA,AWP,WE,Federal Contract Tower,0,0,6,0,6,0,0,52,0,52,0,0,58,0,58,182,0,182,240
04/24/2006,RNM,CA,AWP,WE,Federal Contract Tower,0,0,3,0,3,0,0,104,0,104,0,0,107,0,107,414,0,414,521
04/25/2006,RNM,CA,AWP,WE,Federal Contract Tower,0,0,4,0,4,0,0,35,1,36,0,0,39,1,40,129,0,129,169
04/26/2006,RNM,CA,AWP,WE,Federal Contract Tower,0,2,4,0,6,0,0,60,4,64,0,2,64,4,70,261,15,276,346
04/27/2006,RNM,CA,AWP,WE,Federal Contract Tower,0,0,4,0,4,0,0,41,3,44,0,0,45,3,48,185,10,195,243
04/28/2006,RNM,CA,AWP,WE,Federal Contract Tower,0,0,14,0,14,0,0,51,0,51,0,0,65,0,65,248,0,248,313
04/29/2006,RNM,CA,AWP,WE,Federal Contract Tower,0,0,11,0,11,0,0,85,0,85,0,0,96,0,96,350,0,350,446
04/30/2006,RNM,CA,AWP,WE,Federal Contract Tower,0,0,8,0,8,0,0,96,0,96,0,0,104,0,104,226,0,226,330
05/01/2006,RNM,CA,AWP,WE,Federal Contract Tower,0,0,4,0,4,0,0,87,2,89,0,0,91,2,93,314,12,326,419
05/02/2006,RNM,CA,AWP,WE,Federal Contract Tower,0,0,3,0,3,0,0,78,2,80,0,0,81,2,83,280,4,284,367
05/03/2006,RNM,CA,AWP,WE,Federal Contract Tower,0,0,5,0,5,0,0,32,0,32,0,0,37,0,37,101,0,101,138
05/04/2006,RNM,CA,AWP,WE,Federal Contract Tower,0,0,8,0,8,0,0,46,1,47,0,0,54,1,55,260,5,265,320
05/05/2006,RNM,CA,AWP,WE,Federal Contract Tower,0,0,15,0,15,0,0,70,0,70,0,0,85,0,85,298,0,298,383
05/06/2006,RNM,CA,AWP,WE,Federal Contract Tower,0,0,7,0,7,0,0,80,0,80,0,0,87,0,87,265,0,265,352
05/07/2006,RNM,CA,AWP,WE,Federal Contract Tower,0,2,3,0,5,0,0,72,0,72,0,2,75,0,77,226,0,226,303
05/08/2006,RNM,CA,AWP,WE,Federal Contract Tower,0,0,2,0,2,0,0,37,2,39,0,0,39,2,41,135,8,143,184
05/09/2006,RNM,CA,AWP,WE,Federal Contract Tower,0,0,7,0,7,0,0,61,1,62,0,0,68,1,69,170,0,170,239
05/10/2006,RNM,CA,AWP,WE,Federal Contract Tower,0,0,10,0,10,0,0,64,1,65,0,0,74,1,75,164,2,166,241
05/11/2006,RNM,CA,AWP,WE,Federal Contract Tower,0,0,6,0,6,0,0,92,2,94,0,0,98,2,100,330,0,330,430
05/12/2006,RNM,CA,AWP,WE,Federal Contract Tower,0,2,7,0,9,0,0,68,0,68,0,2,75,0,77,394,0,394,471
05/13/2006,RNM,CA,AWP,WE,Federal Contract Tower,0,0,5,0,5,0,0,108,0,108,0,0,113,0,113,270,0,270,383
05/14/2006,RNM,CA,AWP,WE,Federal Contract Tower,0,0,0,0,0,0,0,86,0,86,0,0,86,0,86,210,0,210,296
05/15/2006,RNM,CA,AWP,WE,Federal Contract Tower,0,0,9,0,9,0,0,37,2,39,0,0,46,2,48,265,8,273,321
05/16/2006,RNM,CA,AWP,WE,Federal Contract Tower,0,4,14,0,18,0,0,104,1,105,0,4,118,1,123,340,0,340,463
05/17/2006,RNM,CA,AWP,WE,Federal Contract Tower,0,6,5,0,11,0,3,95,0,98,0,9,100,0,109,314,0,314,423
05/18/2006,RNM,CA,AWP,WE,Federal Contract Tower,0,2,11,0,13,0,0,61,0,61,0,2,72,0,74,358,0,358,432
05/19/2006,RNM,CA,AWP,WE,Federal Contract Tower,0,0,11,0,11,0,1,151,0,152,0,1,162,0,163,480,0,480,643
05/20/2006,RNM,CA,AWP,WE,Federal Contract Tower,0,0,6,0,6,0,0,148,0,148,0,0,154,0,154,402,0,402,556
05/21/2006,RNM,CA,AWP,WE,Federal Contract Tower,0,1,7,0,8,0,0,114,0,114,0,1,121,0,122,226,0,226,348
05/22/2006,RNM,CA,AWP,WE,Federal Contract Tower,0,0,7,0,7,0,0,48,2,50,0,0,55,2,57,251,2,253,310
05/23/2006,RNM,CA,AWP,WE,Federal Contract Tower,0,0,4,0,4,0,2,180,0,182,0,2,184,0,186,468,0,468,654
05/24/2006,RNM,CA,AWP,WE,Federal Contract Tower,0,0,1,0,1,0,2,143,0,145,0,2,144,0,146,409,0,409,555
05/25/2006,RNM,CA,AWP,WE,Federal Contract Tower,0,2,1,0,3,0,1,132,0,133,0,3,133,0,136,553,0,553,689
05/26/2006,RNM,CA,AWP,WE,Federal Contract Tower,0,0,6,0,6,0,0,73,0,73,0,0,79,0,79,346,0,346,425
05/27/2006,RNM,CA,AWP,WE,Federal Contract Tower,0,0,6,0,6,0,0,51,0,51,0,0,57,0,57,0,286,286,343
05/28/2006,RNM,CA,AWP,WE,Federal Contract Tower,0,0,1,0,1,0,0,107,0,107,0,0,108,0,108,232,0,232,340
05/29/2006,RNM,CA,AWP,WE,Federal Contract Tower,0,0,1,0,1,0,0,117,0,117,0,0,118,0,118,381,0,381,499
05/30/2006,RNM,CA,AWP,WE,Federal Contract Tower,0,0,4,0,4,0,0,111,0,111,0,0,115,0,115,394,0,394,509
05/31/2006,RNM,CA,AWP,WE,Federal Contract Tower,0,2,3,0,5,0,0,95,2,97,0,2,98,2,102,255,4,259,361
06/01/2006,RNM,CA,AWP,WE,Federal Contract Tower,0,0,5,0,5,0,0,119,4,123,0,0,124,4,128,477,6,483,611
06/02/2006,RNM,CA,AWP,WE,Federal Contract Tower,0,1,6,0,7,0,0,106,2,108,0,1,112,2,115,414,0,414,529
06/03/2006,RNM,CA,AWP,WE,Federal Contract Tower,0,0,6,0,6,0,0,145,0,145,0,0,151,0,151,452,0,452,603
06/04/2006,RNM,CA,AWP,WE,Federal Contract Tower,0,1,1,0,2,0,0,107,0,107,0,1,108,0,109,305,0,305,414
06/05/2006,RNM,CA,AWP,WE,Federal Contract Tower,0,0,4,0,4,0,2,64,0,66,0,2,68,0,70,247,0,247,317
06/06/2006,RNM,CA,AWP,WE,Federal Contract Tower,0,0,6,0,6,0,2,23,0,25,0,2,29,0,31,35,0,35,66
06/07/2006,RNM,CA,AWP,WE,Federal Contract Tower,0,0,17,0,17,0,2,37,0,39,0,2,54,0,56,102,0,102,158
06/08/2006,RNM,CA,AWP,WE,Federal Contract Tower,0,2,9,0,11,0,4,38,0,42,0,6,47,0,53,122,0,122,175
06/09/2006,RNM,CA,AWP,WE,Federal Contract Tower,0,4,12,0,16,0,4,68,0,72,0,8,80,0,88,348,0,348,436
06/10/2006,RNM,CA,AWP,WE,Federal Contract Tower,0,0,5,0,5,0,0,107,0,107,0,0,112,0,112,432,0,432,544
06/11/2006,RNM,CA,AWP,WE,Federal Contract Tower,0,0,3,0,3,0,0,103,0,103,0,0,106,0,106,319,0,319,425
06/12/2006,RNM,CA,AWP,WE,Federal Contract Tower,0,0,6,0,6,0,0,97,0,97,0,0,103,0,103,340,0,340,443
06/13/2006,RNM,CA,AWP,WE,Federal Contract Tower,0,1,3,0,4,0,3,98,2,103,0,4,101,2,107,399,0,399,506
06/14/2006,RNM,CA,AWP,WE,Federal Contract Tower,0,1,4,0,5,0,3,140,2,145,0,4,144,2,150,335,10,345,495
06/15/2006,RNM,CA,AWP,WE,Federal Contract Tower,0,1,7,0,8,0,1,109,0,110,0,2,116,0,118,377,0,377,495
06/16/2006,RNM,CA,AWP,WE,Federal Contract Tower,0,5,4,0,9,0,1,148,0,149,0,6,152,0,158,488,0,488,646
06/17/2006,RNM,CA,AWP,WE,Federal Contract Tower,0,0,2,0,2,0,0,148,0,148,0,0,150,0,150,390,0,390,540
06/18/2006,RNM,CA,AWP,WE,Federal Contract Tower,0,0,1,0,1,0,0,103,0,103,0,0,104,0,104,190,0,190,294
06/19/2006,RNM,CA,AWP,WE,Federal Contract Tower,0,0,2,0,2,0,0,88,0,88,0,0,90,0,90,325,0,325,415
06/20/2006,RNM,CA,AWP,WE,Federal Contract Tower,0,2,1,0,3,0,0,119,0,119,0,2,120,0,122,427,0,427,549
06/21/2006,RNM,CA,AWP,WE,Federal Contract Tower,0,0,2,2,4,0,0,135,4,139,0,0,137,6,143,338,10,348,491
06/22/2006,RNM,CA,AWP,WE,Federal Contract Tower,0,0,7,2,9,0,0,170,3,173,0,0,177,5,182,451,2,453,635
06/23/2006,RNM,CA,AWP,WE,Federal Contract Tower,0,0,5,0,5,0,0,108,4,112,0,0,113,4,117,361,2,363,480
06/24/2006,RNM,CA,AWP,WE,Federal Contract Tower,0,0,0,0,0,0,0,69,0,69,0,0,69,0,69,92,0,92,161
06/25/2006,RNM,CA,AWP,WE,Federal Contract Tower,0,0,0,0,0,0,0,67,0,67,0,0,67,0,67,27,0,27,94
06/26/2006,RNM,CA,AWP,WE,Federal Contract Tower,0,4,4,2,10,0,0,79,2,81,0,4,83,4,91,237,4,241,332
06/27/2006,RNM,CA,AWP,WE,Federal Contract Tower,0,1,0,0,1,0,0,128,3,131,0,1,128,3,132,301,1,302,434
06/28/2006,RNM,CA,AWP,WE,Federal Contract Tower,0,2,2,0,4,0,2,125,2,129,0,4,127,2,133,211,2,213,346
06/29/2006,RNM,CA,AWP,WE,Federal Contract Tower,0,0,2,0,2,0,2,175,2,179,0,2,177,2,181,357,2,359,540
06/30/2006,RNM,CA,AWP,WE,Federal Contract Tower,0,0,0,0,0,0,2,139,0,141,0,2,139,0,141,236,0,236,377
07/01/2006,RNM,CA,AWP,WE,Federal Contract Tower,0,0,1,0,1,0,0,122,0,122,0,0,123,0,123,279,0,279,402
07/02/2006,RNM,CA,AWP,WE,Federal Contract Tower,0,0,0,0,0,0,0,129,0,129,0,0,129,0,129,358,0,358,487
07/03/2006,RNM,CA,AWP,WE,Federal Contract Tower,0,0,1,0,1,0,0,79,0,79,0,0,80,0,80,376,0,376,456
07/04/2006,RNM,CA,AWP,WE,Federal Contract Tower,0,0,8,0,8,0,0,86,0,86,0,0,94,0,94,241,0,241,335
07/05/2006,RNM,CA,AWP,WE,Federal Contract Tower,0,0,1,0,1,0,0,121,2,123,0,0,122,2,124,239,10,249,373
07/06/2006,RNM,CA,AWP,WE,Federal Contract Tower,0,0,6,0,6,0,0,124,0,124,0,0,130,0,130,502,0,502,632
07/07/2006,RNM,CA,AWP,WE,Federal Contract Tower,0,0,5,0,5,0,0,135,0,135,0,0,140,0,140,427,0,427,567
07/08/2006,RNM,CA,AWP,WE,Federal Contract Tower,0,0,4,0,4,0,0,168,0,168,0,0,172,0,172,433,0,433,605
07/09/2006,RNM,CA,AWP,WE,Federal Contract Tower,0,0,6,0,6,0,0,117,0,117,0,0,123,0,123,266,0,266,389
07/10/2006,RNM,CA,AWP,WE,Federal Contract Tower,0,0,4,0,4,0,0,135,0,135,0,0,139,0,139,404,0,404,543
07/11/2006,RNM,CA,AWP,WE,Federal Contract Tower,0,0,3,0,3,0,0,165,0,165,0,0,168,0,168,439,0,439,607
07/12/2006,RNM,CA,AWP,WE,Federal Contract Tower,0,0,4,0,4,0,0,155,2,157,0,0,159,2,161,394,6,400,561
07/13/2006,RNM,CA,AWP,WE,Federal Contract Tower,0,0,0,0,0,0,0,131,3,134,0,0,131,3,134,317,0,317,451
07/14/2006,RNM,CA,AWP,WE,Federal Contract Tower,0,0,7,0,7,0,0,166,0,166,0,0,173,0,173,398,0,398,571
07/15/2006,RNM,CA,AWP,WE,Federal Contract Tower,0,0,3,0,3,0,0,100,0,100,0,0,103,0,103,321,0,321,424
07/16/2006,RNM,CA,AWP,WE,Federal Contract Tower,0,0,1,0,1,0,0,134,0,134,0,0,135,0,135,336,0,336,471
07/17/2006,RNM,CA,AWP,WE,Federal Contract Tower,0,0,2,0,2,0,0,89,0,89,0,0,91,0,91,359,0,359,450
07/18/2006,RNM,CA,AWP,WE,Federal Contract Tower,0,2,0,0,2,0,0,128,2,130,0,2,128,2,132,398,10,408,540
07/19/2006,RNM,CA,AWP,WE,Federal Contract Tower,0,0,8,0,8,0,3,127,0,130,0,3,135,0,138,523,0,523,661
07/20/2006,RNM,CA,AWP,WE,Federal Contract Tower,0,0,1,0,1,0,2,152,2,156,0,2,153,2,157,434,0,434,591
07/21/2006,RNM,CA,AWP,WE,Federal Contract Tower,0,2,0,0,2,0,0,148,2,150,0,2,148,2,152,369,0,369,521
07/22/2006,RNM,CA,AWP,WE,Federal Contract Tower,0,0,1,0,1,0,0,126,0,126,0,0,127,0,127,253,0,253,380
07/23/2006,RNM,CA,AWP,WE,Federal Contract Tower,0,0,0,0,0,0,0,174,0,174,0,0,174,0,174,299,0,299,473
07/24/2006,RNM,CA,AWP,WE,Federal Contract Tower,0,0,0,0,0,0,2,158,6,166,0,2,158,6,166,177,0,177,343
07/25/2006,RNM,CA,AWP,WE,Federal Contract Tower,0,0,4,0,4,0,0,156,8,164,0,0,160,8,168,198,4,202,370
07/26/2006,RNM,CA,AWP,WE,Federal Contract Tower,0,0,0,0,0,0,0,136,10,146,0,0,136,10,146,234,0,234,380
07/27/2006,RNM,CA,AWP,WE,Federal Contract Tower,0,0,2,0,2,0,0,141,5,146,0,0,143,5,148,297,10,307,455
07/28/2006,RNM,CA,AWP,WE,Federal Contract Tower,0,3,2,0,5,0,0,80,0,80,0,3,82,0,85,260,0,260,345
07/29/2006,RNM,CA,AWP,WE,Federal Contract Tower,0,0,5,0,5,0,0,0,0,0,0,0,5,0,5,30,0,30,35
07/30/2006,RNM,CA,AWP,WE,Federal Contract Tower,0,3,6,0,9,0,0,2,0,2,0,3,8,0,11,4,0,4,15
07/31/2006,RNM,CA,AWP,WE,Federal Contract Tower,0,0,12,0,12,0,0,5,0,5,0,0,17,0,17,42,0,42,59
08/01/2006,RNM,CA,AWP,WE,Federal Contract Tower,0,0,5,0,5,0,0,89,0,89,0,0,94,0,94,223,0,223,317
08/02/2006,RNM,CA,AWP,WE,Federal Contract Tower,0,0,6,0,6,0,0,132,2,134,0,0,138,2,140,371,6,377,517
08/03/2006,RNM,CA,AWP,WE,Federal Contract Tower,0,0,4,0,4,0,0,0,0,0,0,0,4,0,4,0,0,0,4
08/04/2006,RNM,CA,AWP,WE,Federal Contract Tower,0,0,1,0,1,0,0,138,0,138,0,0,139,0,139,483,0,483,622
08/05/2006,RNM,CA,AWP,WE,Federal Contract Tower,0,0,4,0,4,0,0,274,0,274,0,0,278,0,278,586,0,586,864
08/06/2006,RNM,CA,AWP,WE,Federal Contract Tower,0,0,3,0,3,0,0,92,0,92,0,0,95,0,95,146,2,148,243
08/07/2006,RNM,CA,AWP,WE,Federal Contract Tower,0,0,2,0,2,0,0,108,3,111,0,0,110,3,113,340,6,346,459
08/08/2006,RNM,CA,AWP,WE,Federal Contract Tower,0,0,7,0,7,0,0,150,5,155,0,0,157,5,162,450,12,462,624
08/09/2006,RNM,CA,AWP,WE,Federal Contract Tower,0,0,2,0,2,0,0,163,7,170,0,0,165,7,172,413,8,421,593
08/10/2006,RNM,CA,AWP,WE,Federal Contract Tower,0,0,2,0,2,0,0,143,4,147,0,0,145,4,149,431,12,443,592
08/11/2006,RNM,CA,AWP,WE,Federal Contract Tower,0,0,0,0,0,0,0,152,0,152,0,0,152,0,152,441,0,441,593
08/12/2006,RNM,CA,AWP,WE,Federal Contract Tower,0,0,6,0,6,0,0,193,0,193,0,0,199,0,199,605,0,605,804
08/13/2006,RNM,CA,AWP,WE,Federal Contract Tower,0,0,3,0,3,0,0,121,0,121,0,0,124,0,124,0,352,352,476
08/14/2006,RNM,CA,AWP,WE,Federal Contract Tower,0,0,0,0,0,0,0,129,4,133,0,0,129,4,133,340,4,344,477
08/15/2006,RNM,CA,AWP,WE,Federal Contract Tower,0,0,8,0,8,0,0,107,0,107,0,0,115,0,115,332,0,332,447
08/16/2006,RNM,CA,AWP,WE,Federal Contract Tower,0,0,7,0,7,0,0,145,2,147,0,0,152,2,154,475,5,480,634
08/17/2006,RNM,CA,AWP,WE,Federal Contract Tower,0,0,1,0,1,0,0,98,9,107,0,0,99,9,108,278,44,322,430
08/18/2006,RNM,CA,AWP,WE,Federal Contract Tower,0,0,1,0,1,0,0,170,0,170,0,0,171,0,171,418,0,418,589
08/19/2006,RNM,CA,AWP,WE,Federal Contract Tower,0,0,3,0,3,0,0,99,0,99,0,0,102,0,102,455,0,455,557
08/20/2006,RNM,CA,AWP,WE,Federal Contract Tower,0,0,5,0,5,0,0,128,0,128,0,0,133,0,133,373,0,373,506
08/21/2006,RNM,CA,AWP,WE,Federal Contract Tower,0,0,5,0,5,0,0,126,5,131,0,0,131,5,136,357,4,361,497
08/22/2006,RNM,CA,AWP,WE,Federal Contract Tower,0,0,4,0,4,0,0,127,7,134,0,0,131,7,138,310,24,334,472
08/23/2006,RNM,CA,AWP,WE,Federal Contract Tower,0,0,3,0,3,0,0,101,0,101,0,0,104,0,104,278,0,278,382
08/24/2006,RNM,CA,AWP,WE,Federal Contract Tower,0,0,1,0,1,0,0,168,2,170,0,0,169,2,171,490,0,490,661
08/25/2006,RNM,CA,AWP,WE,Federal Contract Tower,0,0,7,0,7,0,3,200,0,203,0,3,207,0,210,504,0,504,714
08/26/2006,RNM,CA,AWP,WE,Federal Contract Tower,0,0,5,0,5,0,0,177,0,177,0,0,182,0,182,519,0,519,701
08/27/2006,RNM,CA,AWP,WE,Federal Contract Tower,0,2,3,0,5,0,0,133,0,133,0,2,136,0,138,396,0,396,534
08/28/2006,RNM,CA,AWP,WE,Federal Contract Tower,0,1,0,0,1,0,3,110,0,113,0,4,110,0,114,344,0,344,458
08/29/2006,RNM,CA,AWP,WE,Federal Contract Tower,0,0,2,0,2,0,0,175,6,181,0,0,177,6,183,534,24,558,741
08/30/2006,RNM,CA,AWP,WE,Federal Contract Tower,0,1,6,0,7,0,1,128,0,129,0,2,134,0,136,298,0,298,434
08/31/2006,RNM,CA,AWP,WE,Federal Contract Tower,0,0,4,0,4,0,0,165,2,167,0,0,169,2,171,513,2,515,686
09/01/2006,RNM,CA,AWP,WE,Federal Contract Tower,0,0,0,0,0,0,0,141,0,141,0,0,141,0,141,326,0,326,467
09/02/2006,RNM,CA,AWP,WE,Federal Contract Tower,0,0,1,0,1,0,0,173,0,173,0,0,174,0,174,492,0,492,666
09/03/2006,RNM,CA,AWP,WE,Federal Contract Tower,0,0,2,0,2,0,0,97,0,97,0,0,99,0,99,207,0,207,306
09/04/2006,RNM,CA,AWP,WE,Federal Contract Tower,0,0,0,0,0,0,0,79,0,79,0,0,79,0,79,233,0,233,312
09/05/2006,RNM,CA,AWP,WE,Federal Contract Tower,0,0,0,0,0,0,0,97,0,97,0,0,97,0,97,204,0,204,301
09/06/2006,RNM,CA,AWP,WE,Federal Contract Tower,0,0,6,0,6,0,0,100,0,100,0,0,106,0,106,311,0,311,417
09/07/2006,RNM,CA,AWP,WE,Federal Contract Tower,0,1,4,0,5,0,0,121,0,121,0,1,125,0,126,398,0,398,524
09/08/2006,RNM,CA,AWP,WE,Federal Contract Tower,0,1,4,0,5,0,0,180,1,181,0,1,184,1,186,516,0,516,702
09/09/2006,RNM,CA,AWP,WE,Federal Contract Tower,0,0,9,0,9,0,0,187,0,187,0,0,196,0,196,626,0,626,822
09/10/2006,RNM,CA,AWP,WE,Federal Contract Tower,0,0,0,0,0,0,0,95,0,95,0,0,95,0,95,372,0,372,467
09/11/2006,RNM,CA,AWP,WE,Federal Contract Tower,0,2,3,2,7,0,0,123,3,126,0,2,126,5,133,406,6,412,545
09/12/2006,RNM,CA,AWP,WE,Federal Contract Tower,0,0,0,0,0,0,0,139,0,139,0,0,139,0,139,398,0,398,537
09/13/2006,RNM,CA,AWP,WE,Federal Contract Tower,0,0,1,0,1,0,0,170,2,172,0,0,171,2,173,497,8,505,678
09/14/2006,RNM,CA,AWP,WE,Federal Contract Tower,0,0,6,0,6,0,0,99,2,101,0,0,105,2,107,360,0,360,467
09/15/2006,RNM,CA,AWP,WE,Federal Contract Tower,0,0,3,0,3,0,0,96,10,106,0,0,99,10,109,418,4,422,531
09/16/2006,RNM,CA,AWP,WE,Federal Contract Tower,0,0,2,0,2,0,0,179,2,181,0,0,181,2,183,585,4,589,772
09/17/2006,RNM,CA,AWP,WE,Federal Contract Tower,0,0,0,0,0,0,0,88,0,88,0,0,88,0,88,307,0,307,395
09/18/2006,RNM,CA,AWP,WE,Federal Contract Tower,0,0,0,0,0,73,0,0,0,73,73,0,0,0,73,422,0,422,495
09/19/2006,RNM,CA,AWP,WE,Federal Contract Tower,0,0,1,0,1,0,0,152,0,152,0,0,153,0,153,413,0,413,566
09/20/2006,RNM,CA,AWP,WE,Federal Contract Tower,0,0,1,0,1,0,2,115,2,119,0,2,116,2,120,293,0,293,413
09/21/2006,RNM,CA,AWP,WE,Federal Contract Tower,0,0,5,0,5,0,0,139,2,141,0,0,144,2,146,283,0,283,429
09/22/2006,RNM,CA,AWP,WE,Federal Contract Tower,0,0,4,0,4,0,0,85,2,87,0,0,89,2,91,316,2,318,409
09/23/2006,RNM,CA,AWP,WE,Federal Contract Tower,0,0,7,0,7,0,0,134,0,134,0,0,141,0,141,543,0,543,684
09/24/2006,RNM,CA,AWP,WE,Federal Contract Tower,0,0,0,0,0,0,0,94,0,94,0,0,94,0,94,356,0,356,450
09/25/2006,RNM,CA,AWP,WE,Federal Contract Tower,0,0,0,0,0,0,0,111,1,112,0,0,111,1,112,428,0,428,540
09/26/2006,RNM,CA,AWP,WE,Federal Contract Tower,0,2,0,0,2,0,0,157,2,159,0,2,157,2,161,402,0,402,563
09/27/2006,RNM,CA,AWP,WE,Federal Contract Tower,0,0,7,0,7,0,0,113,0,113,0,0,120,0,120,405,0,405,525
09/28/2006,RNM,CA,AWP,WE,Federal Contract Tower,0,0,2,0,2,0,0,162,0,162,0,0,164,0,164,564,0,564,728
09/29/2006,RNM,CA,AWP,WE,Federal Contract Tower,0,0,5,0,5,0,0,128,3,131,0,0,133,3,136,447,12,459,595
09/30/2006,RNM,CA,AWP,WE,Federal Contract Tower,0,0,8,0,8,0,0,178,0,178,0,0,186,0,186,574,0,574,760
10/01/2006,RNM,CA,AWP,WE,Federal Contract Tower,0,0,3,0,3,0,0,128,0,128,0,0,131,0,131,392,0,392,523
10/02/2006,RNM,CA,AWP,WE,Federal Contract Tower,0,0,2,0,2,0,0,101,4,105,0,0,103,4,107,411,4,415,522
10/03/2006,RNM,CA,AWP,WE,Federal Contract Tower,0,0,6,0,6,0,0,138,2,140,0,0,144,2,146,513,6,519,665
10/04/2006,RNM,CA,AWP,WE,Federal Contract Tower,0,0,9,0,9,0,0,117,0,117,0,0,126,0,126,366,0,366,492
10/05/2006,RNM,CA,AWP,WE,Federal Contract Tower,0,0,3,0,3,0,0,115,0,115,0,0,118,0,118,414,0,414,532
10/06/2006,RNM,CA,AWP,WE,Federal Contract Tower,0,0,2,0,2,0,0,93,0,93,0,0,95,0,95,361,0,361,456
10/07/2006,RNM,CA,AWP,WE,Federal Contract Tower,0,0,5,0,5,0,0,290,0,290,0,0,295,0,295,435,0,435,730
10/08/2006,RNM,CA,AWP,WE,Federal Contract Tower,0,3,2,0,5,0,0,103,0,103,0,3,105,0,108,300,0,300,408
10/09/2006,RNM,CA,AWP,WE,Federal Contract Tower,0,0,4,0,4,0,0,84,0,84,0,0,88,0,88,283,0,283,371
10/10/2006,RNM,CA,AWP,WE,Federal Contract Tower,0,0,3,0,3,0,0,107,2,109,0,0,110,2,112,351,0,351,463
10/11/2006,RNM,CA,AWP,WE,Federal Contract Tower,0,0,3,0,3,0,0,163,2,165,0,0,166,2,168,404,6,410,578
10/12/2006,RNM,CA,AWP,WE,Federal Contract Tower,0,0,5,0,5,0,0,114,2,116,0,0,119,2,121,464,3,467,588
10/13/2006,RNM,CA,AWP,WE,Federal Contract Tower,0,2,2,0,4,0,2,92,0,94,0,4,94,0,98,331,0,331,429
10/14/2006,RNM,CA,AWP,WE,Federal Contract Tower,0,0,9,0,9,0,0,16,2,18,0,0,25,2,27,46,0,46,73
10/15/2006,RNM,CA,AWP,WE,Federal Contract Tower,0,0,12,0,12,0,0,40,0,40,0,0,52,0,52,216,0,216,268
10/16/2006,RNM,CA,AWP,WE,Federal Contract Tower,0,0,11,0,11,0,0,23,0,23,0,0,34,0,34,142,0,142,176
10/17/2006,RNM,CA,AWP,WE,Federal Contract Tower,0,0,16,0,16,0,0,77,0,77,0,0,93,0,93,273,0,273,366
10/18/2006,RNM,CA,AWP,WE,Federal Contract Tower,0,0,1,0,1,0,0,112,0,112,0,0,113,0,113,391,0,391,504
10/19/2006,RNM,CA,AWP,WE,Federal Contract Tower,0,0,5,0,5,0,0,147,0,147,0,0,152,0,152,391,0,391,543
10/20/2006,RNM,CA,AWP,WE,Federal Contract Tower,0,0,4,0,4,0,0,167,3,170,0,0,171,3,174,578,1,579,753
10/21/2006,RNM,CA,AWP,WE,Federal Contract Tower,0,0,0,0,0,0,0,142,0,142,0,0,142,0,142,477,0,477,619
10/22/2006,RNM,CA,AWP,WE,Federal Contract Tower,0,0,0,0,0,0,0,188,2,190,0,0,188,2,190,408,0,408,598
10/23/2006,RNM,CA,AWP,WE,Federal Contract Tower,0,0,1,0,1,0,0,112,0,112,0,0,113,0,113,273,0,273,386
10/24/2006,RNM,CA,AWP,WE,Federal Contract Tower,0,0,4,0,4,0,0,148,0,148,0,0,152,0,152,396,0,396,548
10/25/2006,RNM,CA,AWP,WE,Federal Contract Tower,0,0,4,0,4,0,0,171,0,171,0,0,175,0,175,479,0,479,654
10/26/2006,RNM,CA,AWP,WE,Federal Contract Tower,0,0,2,0,2,0,0,95,3,98,0,0,97,3,100,298,6,304,404
10/27/2006,RNM,CA,AWP,WE,Federal Contract Tower,0,0,4,0,4,0,0,108,2,110,0,0,112,2,114,261,2,263,377
10/28/2006,RNM,CA,AWP,WE,Federal Contract Tower,0,0,1,0,1,0,0,158,0,158,0,0,159,0,159,508,0,508,667
10/29/2006,RNM,CA,AWP,WE,Federal Contract Tower,0,0,2,0,2,0,0,187,0,187,0,0,189,0,189,274,0,274,463
10/30/2006,RNM,CA,AWP,WE,Federal Contract Tower,0,0,1,0,1,0,0,71,0,71,0,0,72,0,72,334,0,334,406
10/31/2006,RNM,CA,AWP,WE,Federal Contract Tower,0,0,3,0,3,0,0,107,2,109,0,0,110,2,112,271,6,277,389
11/01/2006,RNM,CA,AWP,WE,Federal Contract Tower,0,0,1,0,1,0,0,114,4,118,0,0,115,4,119,389,9,398,517
11/02/2006,RNM,CA,AWP,WE,Federal Contract Tower,0,0,3,0,3,0,6,126,0,132,0,6,129,0,135,554,0,554,689
11/03/2006,RNM,CA,AWP,WE,Federal Contract Tower,0,1,9,0,10,0,1,107,1,109,0,2,116,1,119,375,1,376,495
11/04/2006,RNM,CA,AWP,WE,Federal Contract Tower,0,0,4,0,4,0,0,159,0,159,0,0,163,0,163,525,0,525,688
11/05/2006,RNM,CA,AWP,WE,Federal Contract Tower,0,0,5,0,5,0,0,129,0,129,0,0,134,0,134,365,0,365,499
11/06/2006,RNM,CA,AWP,WE,Federal Contract Tower,0,0,1,0,1,0,0,79,2,81,0,0,80,2,82,193,0,193,275
11/07/2006,RNM,CA,AWP,WE,Federal Contract Tower,0,0,0,0,0,0,0,111,3,114,0,0,111,3,114,301,2,303,417
11/08/2006,RNM,CA,AWP,WE,Federal Contract Tower,0,0,6,0,6,0,0,124,4,128,0,0,130,4,134,271,14,285,419
11/09/2006,RNM,CA,AWP,WE,Federal Contract Tower,0,0,6,0,6,0,0,52,0,52,0,0,58,0,58,354,0,354,412
11/10/2006,RNM,CA,AWP,WE,Federal Contract Tower,0,0,6,0,6,0,2,129,3,134,0,2,135,3,140,431,0,431,571
11/11/2006,RNM,CA,AWP,WE,Federal Contract Tower,0,0,3,0,3,0,0,124,0,124,0,0,127,0,127,357,0,357,484
11/12/2006,RNM,CA,AWP,WE,Federal Contract Tower,0,0,0,0,0,0,0,92,0,92,0,0,92,0,92,374,0,374,466
11/13/2006,RNM,CA,AWP,WE,Federal Contract Tower,0,0,3,0,3,0,0,54,2,56,0,0,57,2,59,256,6,262,321
11/14/2006,RNM,CA,AWP,WE,Federal Contract Tower,0,0,2,0,2,0,0,3,0,3,0,0,5,0,5,5,0,5,10
11/15/2006,RNM,CA,AWP,WE,Federal Contract Tower,0,0,2,0,2,0,0,102,0,102,0,0,104,0,104,265,0,265,369
11/16/2006,RNM,CA,AWP,WE,Federal Contract Tower,0,0,2,0,2,0,0,130,2,132,0,0,132,2,134,407,2,409,543
11/17/2006,RNM,CA,AWP,WE,Federal Contract Tower,0,0,2,0,2,0,0,154,0,154,0,0,156,0,156,620,0,620,776
11/18/2006,RNM,CA,AWP,WE,Federal Contract Tower,0,0,1,0,1,0,0,260,0,260,0,0,261,0,261,545,0,545,806
11/19/2006,RNM,CA,AWP,WE,Federal Contract Tower,0,0,2,0,2,0,0,161,0,161,0,0,163,0,163,329,0,329,492
11/20/2006,RNM,CA,AWP,WE,Federal Contract Tower,0,0,5,0,5,0,0,69,0,69,0,0,74,0,74,261,0,261,335
11/21/2006,RNM,CA,AWP,WE,Federal Contract Tower,0,0,8,0,8,0,0,183,0,183,0,0,191,0,191,474,0,474,665
11/22/2006,RNM,CA,AWP,WE,Federal Contract Tower,0,0,7,0,7,0,0,194,3,197,0,0,201,3,204,531,0,531,735
11/23/2006,RNM,CA,AWP,WE,Federal Contract Tower,0,0,1,0,1,0,0,46,0,46,0,0,47,0,47,74,0,74,121
11/24/2006,RNM,CA,AWP,WE,Federal Contract Tower,0,0,6,0,6,0,1,43,0,44,0,1,49,0,50,148,0,148,198
11/25/2006,RNM,CA,AWP,WE,Federal Contract Tower,0,0,12,0,12,0,0,119,0,119,0,0,131,0,131,357,0,357,488
11/26/2006,RNM,CA,AWP,WE,Federal Contract Tower,0,0,9,0,9,0,0,80,0,80,0,0,89,0,89,350,0,350,439
11/27/2006,RNM,CA,AWP,WE,Federal Contract Tower,0,0,3,2,5,0,0,8,0,8,0,0,11,2,13,42,0,42,55
11/28/2006,RNM,CA,AWP,WE,Federal Contract Tower,0,1,6,0,7,0,0,101,1,102,0,1,107,1,109,296,0,296,405
11/29/2006,RNM,CA,AWP,WE,Federal Contract Tower,0,0,7,0,7,0,0,89,5,94,0,0,96,5,101,232,0,232,333
11/30/2006,RNM,CA,AWP,WE,Federal Contract Tower,0,0,3,0,3,0,0,110,2,112,0,0,113,2,115,231,0,231,346
12/01/2006,RNM,CA,AWP,WE,Federal Contract Tower,0,0,2,0,2,0,0,181,2,183,0,0,183,2,185,550,0,550,735
12/02/2006,RNM,CA,AWP,WE,Federal Contract Tower,0,0,1,0,1,0,0,140,0,140,0,0,141,0,141,161,0,161,302
12/03/2006,RNM,CA,AWP,WE,Federal Contract Tower,0,0,3,0,3,0,0,46,1,47,0,0,49,1,50,44,2,46,96
12/04/2006,RNM,CA,AWP,WE,Federal Contract Tower,0,0,2,0,2,0,0,71,0,71,0,0,73,0,73,214,0,214,287
12/05/2006,RNM,CA,AWP,WE,Federal Contract Tower,0,0,0,0,0,0,0,130,0,130,0,0,130,0,130,448,0,448,578
12/06/2006,RNM,CA,AWP,WE,Federal Contract Tower,0,0,2,0,2,0,0,188,2,190,0,0,190,2,192,485,0,485,677
12/07/2006,RNM,CA,AWP,WE,Federal Contract Tower,0,0,8,0,8,0,0,116,0,116,0,0,124,0,124,271,0,271,395
12/08/2006,RNM,CA,AWP,WE,Federal Contract Tower,0,0,0,0,0,0,0,120,0,120,0,0,120,0,120,458,0,458,578
12/09/2006,RNM,CA,AWP,WE,Federal Contract Tower,0,0,2,0,2,0,0,155,0,155,0,0,157,0,157,366,0,366,523
12/10/2006,RNM,CA,AWP,WE,Federal Contract Tower,0,0,11,0,11,0,0,50,0,50,0,0,61,0,61,150,0,150,211
12/11/2006,RNM,CA,AWP,WE,Federal Contract Tower,0,0,1,0,1,0,0,62,2,64,0,0,63,2,65,314,0,314,379
12/12/2006,RNM,CA,AWP,WE,Federal Contract Tower,0,0,3,0,3,0,1,134,4,139,0,1,137,4,142,425,6,431,573
12/13/2006,RNM,CA,AWP,WE,Federal Contract Tower,0,0,6,0,6,0,0,155,0,155,0,0,161,0,161,597,0,597,758
12/14/2006,RNM,CA,AWP,WE,Federal Contract Tower,0,0,6,0,6,0,0,117,0,117,0,0,123,0,123,413,0,413,536
12/15/2006,RNM,CA,AWP,WE,Federal Contract Tower,0,0,6,0,6,0,0,130,1,131,0,0,136,1,137,484,2,486,623
12/16/2006,RNM,CA,AWP,WE,Federal Contract Tower,0,0,11,0,11,0,0,4,0,4,0,0,15,0,15,27,0,27,42
12/17/2006,RNM,CA,AWP,WE,Federal Contract Tower,0,0,5,0,5,0,0,63,0,63,0,0,68,0,68,161,0,161,229
12/18/2006,RNM,CA,AWP,WE,Federal Contract Tower,0,0,2,0,2,0,0,59,0,59,0,0,61,0,61,212,0,212,273
12/19/2006,RNM,CA,AWP,WE,Federal Contract Tower,0,0,0,0,0,0,0,126,0,126,0,0,126,0,126,403,0,403,529
12/20/2006,RNM,CA,AWP,WE,Federal Contract Tower,0,2,2,0,4,0,0,124,0,124,0,2,126,0,128,306,0,306,434
12/21/2006,RNM,CA,AWP,WE,Federal Contract Tower,0,2,2,0,4,0,0,96,0,96,0,2,98,0,100,398,0,398,498
12/22/2006,RNM,CA,AWP,WE,Federal Contract Tower,0,1,3,0,4,0,0,39,0,39,0,1,42,0,43,170,0,170,213
12/23/2006,RNM,CA,AWP,WE,Federal Contract Tower,0,0,3,0,3,0,0,142,4,146,0,0,145,4,149,500,0,500,649
12/24/2006,RNM,CA,AWP,WE,Federal Contract Tower,0,0,2,0,2,0,2,57,0,59,0,2,59,0,61,145,0,145,206
12/25/2006,RNM,CA,AWP,WE,Federal Contract Tower,0,0,2,0,2,0,0,35,0,35,0,0,37,0,37,41,0,41,78
12/26/2006,RNM,CA,AWP,WE,Federal Contract Tower,0,0,4,0,4,0,2,86,0,88,0,2,90,0,92,295,0,295,387
12/27/2006,RNM,CA,AWP,WE,Federal Contract Tower,0,1,2,0,3,0,1,4,0,5,0,2,6,0,8,2,0,2,10
12/28/2006,RNM,CA,AWP,WE,Federal Contract Tower,0,0,5,0,5,0,2,98,2,102,0,2,103,2,107,400,8,408,515
12/29/2006,RNM,CA,AWP,WE,Federal Contract Tower,0,2,4,0,6,0,0,151,0,151,0,2,155,0,157,478,0,478,635
12/30/2006,RNM,CA,AWP,WE,Federal Contract Tower,0,0,2,0,2,0,0,173,0,173,0,0,175,0,175,416,0,416,591
12/31/2006,RNM,CA,AWP,WE,Federal Contract Tower,0,0,0,0,0,0,0,72,0,72,0,0,72,0,72,131,0,131,203
01/01/2007,RNM,CA,AWP,WE,Federal Contract Tower,0,0,0,0,0,0,0,44,0,44,0,0,44,0,44,80,0,80,124
01/02/2007,RNM,CA,AWP,WE,Federal Contract Tower,0,0,0,0,0,0,0,93,0,93,0,0,93,0,93,227,0,227,320
01/03/2007,RNM,CA,AWP,WE,Federal Contract Tower,0,0,4,0,4,0,0,157,2,159,0,0,161,2,163,481,0,481,644
01/04/2007,RNM,CA,AWP,WE,Federal Contract Tower,0,0,3,0,3,0,0,44,0,44,0,0,47,0,47,130,0,130,177
01/05/2007,RNM,CA,AWP,WE,Federal Contract Tower,0,0,0,0,0,0,0,62,0,62,0,0,62,0,62,163,0,163,225
01/06/2007,RNM,CA,AWP,WE,Federal Contract Tower,0,0,1,0,1,0,0,141,0,141,0,0,142,0,142,406,0,406,548
01/07/2007,RNM,CA,AWP,WE,Federal Contract Tower,0,0,0,0,0,0,0,54,0,54,0,0,54,0,54,88,0,88,142
01/08/2007,RNM,CA,AWP,WE,Federal Contract Tower,0,0,0,0,0,0,0,32,0,32,0,0,32,0,32,14,0,14,46
01/09/2007,RNM,CA,AWP,WE,Federal Contract Tower,0,0,2,0,2,0,0,112,4,116,0,0,114,4,118,229,0,229,347
01/10/2007,RNM,CA,AWP,WE,Federal Contract Tower,0,0,2,0,2,0,0,112,4,116,0,0,114,4,118,521,2,523,641
01/11/2007,RNM,CA,AWP,WE,Federal Contract Tower,0,0,5,0,5,0,0,35,2,37,0,0,40,2,42,130,4,134,176
01/12/2007,RNM,CA,AWP,WE,Federal Contract Tower,0,0,2,0,2,0,0,29,0,29,0,0,31,0,31,118,0,118,149
01/13/2007,RNM,CA,AWP,WE,Federal Contract Tower,0,0,1,0,1,0,0,78,0,78,0,0,79,0,79,310,0,310,389
01/14/2007,RNM,CA,AWP,WE,Federal Contract Tower,0,0,3,0,3,0,0,93,0,93,0,0,96,0,96,279,0,279,375
01/15/2007,RNM,CA,AWP,WE,Federal Contract Tower,0,0,3,0,3,0,0,32,0,32,0,0,35,0,35,121,0,121,156
01/16/2007,RNM,CA,AWP,WE,Federal Contract Tower,0,0,2,0,2,0,0,77,2,79,0,0,79,2,81,126,2,128,209
01/17/2007,RNM,CA,AWP,WE,Federal Contract Tower,0,0,2,0,2,0,0,125,0,125,0,0,127,0,127,469,0,469,596
01/18/2007,RNM,CA,AWP,WE,Federal Contract Tower,0,0,1,0,1,0,0,99,0,99,0,0,100,0,100,256,0,256,356
01/19/2007,RNM,CA,AWP,WE,Federal Contract Tower,0,0,3,0,3,0,0,76,3,79,0,0,79,3,82,330,8,338,420
01/20/2007,RNM,CA,AWP,WE,Federal Contract Tower,0,0,8,0,8,0,0,252,0,252,0,0,260,0,260,406,0,406,666
01/21/2007,RNM,CA,AWP,WE,Federal Contract Tower,0,0,0,0,0,0,0,115,0,115,0,0,115,0,115,291,0,291,406
01/22/2007,RNM,CA,AWP,WE,Federal Contract Tower,0,0,3,0,3,0,0,82,0,82,0,0,85,0,85,302,0,302,387
01/23/2007,RNM,CA,AWP,WE,Federal Contract Tower,0,0,2,0,2,0,0,132,8,140,0,0,134,8,142,311,15,326,468
01/24/2007,RNM,CA,AWP,WE,Federal Contract Tower,0,0,4,0,4,0,0,82,2,84,0,0,86,2,88,271,6,277,365
01/25/2007,RNM,CA,AWP,WE,Federal Contract Tower,0,0,3,0,3,0,0,90,0,90,0,0,93,0,93,224,0,224,317
01/26/2007,RNM,CA,AWP,WE,Federal Contract Tower,0,4,3,0,7,0,0,141,0,141,0,4,144,0,148,430,0,430,578
01/27/2007,RNM,CA,AWP,WE,Federal Contract Tower,0,1,1,1,3,0,0,95,1,96,0,1,96,2,99,352,2,354,453
01/28/2007,RNM,CA,AWP,WE,Federal Contract Tower,0,0,2,0,2,0,0,114,0,114,0,0,116,0,116,270,0,270,386
01/29/2007,RNM,CA,AWP,WE,Federal Contract Tower,0,2,3,0,5,0,0,75,0,75,0,2,78,0,80,231,0,231,311
01/30/2007,RNM,CA,AWP,WE,Federal Contract Tower,0,6,2,0,8,0,0,6,0,6,0,6,8,0,14,12,0,12,26
01/31/2007,RNM,CA,AWP,WE,Federal Contract Tower,0,4,4,0,8,0,0,60,0,60,0,4,64,0,68,282,0,282,350
02/01/2007,RNM,CA,AWP,WE,Federal Contract Tower,0,4,11,0,15,0,22,47,9,78,0,26,58,9,93,266,30,296,389
02/02/2007,RNM,CA,AWP,WE,Federal Contract Tower,0,4,4,0,8,0,0,190,4,194,0,4,194,4,202,439,0,439,641
02/03/2007,RNM,CA,AWP,WE,Federal Contract Tower,0,0,6,0,6,0,0,218,2,220,0,0,224,2,226,577,0,577,803
02/04/2007,RNM,CA,AWP,WE,Federal Contract Tower,0,0,6,0,6,0,0,98,0,98,0,0,104,0,104,208,0,208,312
02/05/2007,RNM,CA,AWP,WE,Federal Contract Tower,0,1,2,0,3,0,1,79,0,80,0,2,81,0,83,288,0,288,371
02/06/2007,RNM,CA,AWP,WE,Federal Contract Tower,0,0,7,0,7,0,0,138,0,138,0,0,145,0,145,328,0,328,473
02/07/2007,RNM,CA,AWP,WE,Federal Contract Tower,0,0,3,0,3,0,0,108,0,108,0,0,111,0,111,352,0,352,463
02/08/2007,RNM,CA,AWP,WE,Federal Contract Tower,0,0,0,0,0,0,0,109,2,111,0,0,109,2,111,422,0,422,533
02/09/2007,RNM,CA,AWP,WE,Federal Contract Tower,0,0,10,0,10,0,0,125,1,126,0,0,135,1,136,396,0,396,532
02/10/2007,RNM,CA,AWP,WE,Federal Contract Tower,0,0,4,0,4,0,0,144,0,144,0,0,148,0,148,473,0,473,621
02/11/2007,RNM,CA,AWP,WE,Federal Contract Tower,0,0,0,0,0,0,0,0,0,0,0,0,0,0,0,12,0,12,12
02/12/2007,RNM,CA,AWP,WE,Federal Contract Tower,0,0,5,0,5,0,0,63,2,65,0,0,68,2,70,212,6,218,288
02/13/2007,RNM,CA,AWP,WE,Federal Contract Tower,0,0,2,0,2,0,0,25,0,25,0,0,27,0,27,90,0,90,117
02/14/2007,RNM,CA,AWP,WE,Federal Contract Tower,0,0,2,0,2,0,0,79,0,79,0,0,81,0,81,389,0,389,470
02/15/2007,RNM,CA,AWP,WE,Federal Contract Tower,0,0,1,0,1,0,2,138,3,143,0,2,139,3,144,388,0,388,532
02/16/2007,RNM,CA,AWP,WE,Federal Contract Tower,0,0,1,0,1,0,0,140,2,142,0,0,141,2,143,350,4,354,497
02/17/2007,RNM,CA,AWP,WE,Federal Contract Tower,0,0,3,0,3,0,0,92,0,92,0,0,95,0,95,126,0,126,221
02/18/2007,RNM,CA,AWP,WE,Federal Contract Tower,0,0,1,0,1,0,0,87,0,87,0,0,88,0,88,314,0,314,402
02/19/2007,RNM,CA,AWP,WE,Federal Contract Tower,0,0,3,0,3,0,0,0,0,0,0,0,3,0,3,0,0,0,3
02/20/2007,RNM,CA,AWP,WE,Federal Contract Tower,0,0,10,0,10,0,0,73,2,75,0,0,83,2,85,234,8,242,327
02/21/2007,RNM,CA,AWP,WE,Federal Contract Tower,0,0,4,0,4,0,0,145,4,149,0,0,149,4,153,331,0,331,484
02/22/2007,RNM,CA,AWP,WE,Federal Contract Tower,0,0,2,0,2,0,0,27,0,27,0,0,29,0,29,118,0,118,147
02/23/2007,RNM,CA,AWP,WE,Federal Contract Tower,0,1,1,0,2,0,0,38,2,40,0,1,39,2,42,140,0,140,182
02/24/2007,RNM,CA,AWP,WE,Federal Contract Tower,0,0,5,0,5,0,0,135,4,139,0,0,140,4,144,472,0,472,616
02/25/2007,RNM,CA,AWP,WE,Federal Contract Tower,0,1,10,0,11,0,0,55,0,55,0,1,65,0,66,338,0,338,404
02/26/2007,RNM,CA,AWP,WE,Federal Contract Tower,0,0,4,0,4,0,0,20,2,22,0,0,24,2,26,235,10,245,271
02/27/2007,RNM,CA,AWP,WE,Federal Contract Tower,0,0,3,0,3,0,0,8,4,12,0,0,11,4,15,4,7,11,26
02/28/2007,RNM,CA,AWP,WE,Federal Contract Tower,0,0,4,0,4,0,0,48,7,55,0,0,52,7,59,174,11,185,244
03/01/2007,RNM,CA,AWP,WE,Federal Contract Tower,0,0,5,0,5,0,0,140,4,144,0,0,145,4,149,412,0,412,561
03/02/2007,RNM,CA,AWP,WE,Federal Contract Tower,0,0,1,0,1,0,0,124,0,124,0,0,125,0,125,294,0,294,419
03/03/2007,RNM,CA,AWP,WE,Federal Contract Tower,0,0,1,0,1,0,0,41,0,41,0,0,42,0,42,30,0,30,72
03/04/2007,RNM,CA,AWP,WE,Federal Contract Tower,0,0,4,0,4,0,0,61,2,63,0,0,65,2,67,34,0,34,101
03/05/2007,RNM,CA,AWP,WE,Federal Contract Tower,0,0,3,0,3,0,0,100,0,100,0,0,103,0,103,267,0,267,370
03/06/2007,RNM,CA,AWP,WE,Federal Contract Tower,0,0,3,0,3,0,0,95,2,97,0,0,98,2,100,353,0,353,453
03/07/2007,RNM,CA,AWP,WE,Federal Contract Tower,0,0,3,0,3,0,0,146,0,146,0,0,149,0,149,365,0,365,514
03/08/2007,RNM,CA,AWP,WE,Federal Contract Tower,0,0,1,0,1,0,0,109,2,111,0,0,110,2,112,566,0,566,678
03/09/2007,RNM,CA,AWP,WE,Federal Contract Tower,0,0,3,0,3,0,0,117,0,117,0,0,120,0,120,336,0,336,456
03/10/2007,RNM,CA,AWP,WE,Federal Contract Tower,0,0,0,0,0,186,0,0,0,186,186,0,0,0,186,518,0,518,704
03/11/2007,RNM,CA,AWP,WE,Federal Contract Tower,0,0,1,0,1,0,0,82,0,82,0,0,83,0,83,244,0,244,327
03/12/2007,RNM,CA,AWP,WE,Federal Contract Tower,0,0,7,0,7,0,0,121,2,123,0,0,128,2,130,348,0,348,478
03/13/2007,RNM,CA,AWP,WE,Federal Contract Tower,0,0,8,0,8,0,0,128,2,130,0,0,136,2,138,328,8,336,474
03/14/2007,RNM,CA,AWP,WE,Federal Contract Tower,0,0,1,0,1,0,0,136,2,138,0,0,137,2,139,421,0,421,560
03/15/2007,RNM,CA,AWP,WE,Federal Contract Tower,0,0,4,0,4,0,0,130,4,134,0,0,134,4,138,382,0,382,520
03/16/2007,RNM,CA,AWP,WE,Federal Contract Tower,0,0,14,0,14,0,0,120,1,121,0,0,134,1,135,410,3,413,548
03/17/2007,RNM,CA,AWP,WE,Federal Contract Tower,0,0,3,0,3,0,0,157,0,157,0,0,160,0,160,458,0,458,618
03/18/2007,RNM,CA,AWP,WE,Federal Contract Tower,0,0,4,0,4,0,0,103,0,103,0,0,107,0,107,323,0,323,430
03/19/2007,RNM,CA,AWP,WE,Federal Contract Tower,0,0,4,0,4,0,0,66,0,66,0,0,70,0,70,311,0,311,381
03/20/2007,RNM,CA,AWP,WE,Federal Contract Tower,0,0,5,0,5,0,0,34,0,34,0,0,39,0,39,200,0,200,239
03/21/2007,RNM,CA,AWP,WE,Federal Contract Tower,0,0,5,0,5,0,0,17,0,17,0,0,22,0,22,80,0,80,102
03/22/2007,RNM,CA,AWP,WE,Federal Contract Tower,0,0,1,0,1,0,0,80,2,82,0,0,81,2,83,516,3,519,602
03/23/2007,RNM,CA,AWP,WE,Federal Contract Tower,0,0,6,0,6,0,0,166,2,168,0,0,172,2,174,572,1,573,747
03/24/2007,RNM,CA,AWP,WE,Federal Contract Tower,0,0,7,0,7,0,0,140,0,140,0,0,147,0,147,634,0,634,781
03/25/2007,RNM,CA,AWP,WE,Federal Contract Tower,0,0,7,0,7,0,0,95,0,95,0,0,102,0,102,315,0,315,417
03/26/2007,RNM,CA,AWP,WE,Federal Contract Tower,0,0,6,0,6,0,0,24,0,24,0,0,30,0,30,114,0,114,144
03/27/2007,RNM,CA,AWP,WE,Federal Contract Tower,0,0,4,0,4,0,0,6,2,8,0,0,10,2,12,82,0,82,94
03/28/2007,RNM,CA,AWP,WE,Federal Contract Tower,0,0,4,0,4,0,0,138,6,144,0,0,142,6,148,534,4,538,686
03/29/2007,RNM,CA,AWP,WE,Federal Contract Tower,0,0,0,0,0,0,0,135,0,135,0,0,135,0,135,384,0,384,519
03/30/2007,RNM,CA,AWP,WE,Federal Contract Tower,0,0,1,0,1,0,2,144,1,147,0,2,145,1,148,564,0,564,712
03/31/2007,RNM,CA,AWP,WE,Federal Contract Tower,0,1,5,0,6,0,1,150,0,151,0,2,155,0,157,324,0,324,481
04/01/2007,RNM,CA,AWP,WE,Federal Contract Tower,0,0,0,0,0,0,0,169,0,169,0,0,169,0,169,385,0,385,554
04/02/2007,RNM,CA,AWP,WE,Federal Contract Tower,0,1,0,0,1,0,0,74,0,74,0,1,74,0,75,273,0,273,348
04/03/2007,RNM,CA,AWP,WE,Federal Contract Tower,0,0,2,0,2,0,0,149,0,149,0,0,151,0,151,406,0,406,557
04/04/2007,RNM,CA,AWP,WE,Federal Contract Tower,0,0,4,0,4,0,0,133,3,136,0,0,137,3,140,503,0,503,643
04/05/2007,RNM,CA,AWP,WE,Federal Contract Tower,0,0,0,0,0,0,0,102,2,104,0,0,102,2,104,486,2,488,592
04/06/2007,RNM,CA,AWP,WE,Federal Contract Tower,0,0,8,0,8,0,0,47,0,47,0,0,55,0,55,300,0,300,355
04/07/2007,RNM,CA,AWP,WE,Federal Contract Tower,0,0,10,0,10,0,0,24,0,24,0,0,34,0,34,96,0,96,130
04/08/2007,RNM,CA,AWP,WE,Federal Contract Tower,0,0,7,0,7,0,0,3,0,3,0,0,10,0,10,0,0,0,10
04/09/2007,RNM,CA,AWP,WE,Federal Contract Tower,0,0,10,0,10,0,0,36,0,36,0,0,46,0,46,136,0,136,182
04/10/2007,RNM,CA,AWP,WE,Federal Contract Tower,0,0,3,0,3,0,0,107,0,107,0,0,110,0,110,378,0,378,488
04/11/2007,RNM,CA,AWP,WE,Federal Contract Tower,0,0,4,0,4,0,0,104,4,108,0,0,108,4,112,350,0,350,462
04/12/2007,RNM,CA,AWP,WE,Federal Contract Tower,0,0,2,0,2,0,0,27,0,27,0,0,29,0,29,134,0,134,163
04/13/2007,RNM,CA,AWP,WE,Federal Contract Tower,0,0,2,0,2,0,0,160,0,160,0,0,162,0,162,556,0,556,718
04/14/2007,RNM,CA,AWP,WE,Federal Contract Tower,0,1,6,0,7,0,1,188,0,189,0,2,194,0,196,311,0,311,507
04/15/2007,RNM,CA,AWP,WE,Federal Contract Tower,0,0,8,0,8,0,0,22,0,22,0,0,30,0,30,18,0,18,48
04/16/2007,RNM,CA,AWP,WE,Federal Contract Tower,0,0,2,0,2,0,0,42,0,42,0,0,44,0,44,113,0,113,157
04/17/2007,RNM,CA,AWP,WE,Federal Contract Tower,0,1,7,0,8,0,0,100,6,106,0,1,107,6,114,254,2,256,370
04/18/2007,RNM,CA,AWP,WE,Federal Contract Tower,0,2,4,0,6,0,0,62,2,64,0,2,66,2,70,126,0,126,196
04/19/2007,RNM,CA,AWP,WE,Federal Contract Tower,0,3,4,0,7,0,0,163,2,165,0,3,167,2,172,432,0,432,604
04/20/2007,RNM,CA,AWP,WE,Federal Contract Tower,0,0,9,0,9,0,0,11,0,11,0,0,20,0,20,63,0,63,83
04/21/2007,RNM,CA,AWP,WE,Federal Contract Tower,0,0,9,0,9,0,0,107,0,107,0,0,116,0,116,290,0,290,406
04/22/2007,RNM,CA,AWP,WE,Federal Contract Tower,0,0,6,0,6,0,0,48,2,50,0,0,54,2,56,224,6,230,286
04/23/2007,RNM,CA,AWP,WE,Federal Contract Tower,0,0,7,0,7,0,0,58,0,58,0,0,65,0,65,336,0,336,401
04/24/2007,RNM,CA,AWP,WE,Federal Contract Tower,0,0,2,0,2,0,0,141,1,142,0,0,143,1,144,457,0,457,601
04/25/2007,RNM,CA,AWP,WE,Federal Contract Tower,0,0,5,0,5,0,0,164,4,168,0,0,169,4,173,527,2,529,702
04/26/2007,RNM,CA,AWP,WE,Federal Contract Tower,0,0,4,0,4,0,0,127,2,129,0,0,131,2,133,415,10,425,558
04/27/2007,RNM,CA,AWP,WE,Federal Contract Tower,0,0,1,0,1,0,0,131,2,133,0,0,132,2,134,452,0,452,586
04/28/2007,RNM,CA,AWP,WE,Federal Contract Tower,0,0,6,0,6,0,0,131,2,133,0,0,137,2,139,484,0,484,623
04/29/2007,RNM,CA,AWP,WE,Federal Contract Tower,0,0,5,0,5,0,0,94,0,94,0,0,99,0,99,315,0,315,414
04/30/2007,RNM,CA,AWP,WE,Federal Contract Tower,0,0,6,0,6,0,0,87,0,87,0,0,93,0,93,415,0,415,508
05/01/2007,RNM,CA,AWP,WE,Federal Contract Tower,0,0,11,0,11,0,0,20,0,20,0,0,31,0,31,48,0,48,79
05/02/2007,RNM,CA,AWP,WE,Federal Contract Tower,0,0,4,0,4,0,0,95,4,99,0,0,99,4,103,634,0,634,737
05/03/2007,RNM,CA,AWP,WE,Federal Contract Tower,0,0,5,0,5,0,0,106,3,109,0,0,111,3,114,600,0,600,714
05/04/2007,RNM,CA,AWP,WE,Federal Contract Tower,0,0,2,0,2,0,0,60,2,62,0,0,62,2,64,263,8,271,335
05/05/2007,RNM,CA,AWP,WE,Federal Contract Tower,0,2,0,0,2,0,0,84,0,84,0,2,84,0,86,352,0,352,438
05/06/2007,RNM,CA,AWP,WE,Federal Contract Tower,0,0,10,0,10,0,0,83,0,83,0,0,93,0,93,250,0,250,343
05/07/2007,RNM,CA,AWP,WE,Federal Contract Tower,0,0,4,0,4,0,0,95,2,97,0,0,99,2,101,198,6,204,305
05/08/2007,RNM,CA,AWP,WE,Federal Contract Tower,0,0,4,0,4,0,0,136,0,136,0,0,140,0,140,457,0,457,597
05/09/2007,RNM,CA,AWP,WE,Federal Contract Tower,0,0,2,0,2,0,0,128,6,134,0,0,130,6,136,459,2,461,597
05/10/2007,RNM,CA,AWP,WE,Federal Contract Tower,0,0,0,0,0,0,0,122,3,125,0,0,122,3,125,616,4,620,745
05/11/2007,RNM,CA,AWP,WE,Federal Contract Tower,0,1,0,0,1,0,0,159,4,163,0,1,159,4,164,492,0,492,656
05/12/2007,RNM,CA,AWP,WE,Federal Contract Tower,0,0,3,0,3,0,3,170,1,174,0,3,173,1,177,652,0,652,829
05/13/2007,RNM,CA,AWP,WE,Federal Contract Tower,0,1,3,0,4,0,1,106,0,107,0,2,109,0,111,388,0,388,499
05/14/2007,RNM,CA,AWP,WE,Federal Contract Tower,0,0,0,0,0,0,2,114,2,118,0,2,114,2,118,550,2,552,670
05/15/2007,RNM,CA,AWP,WE,Federal Contract Tower,0,0,5,0,5,0,0,60,0,60,0,0,65,0,65,154,0,154,219
05/16/2007,RNM,CA,AWP,WE,Federal Contract Tower,0,0,18,0,18,0,0,57,2,59,0,0,75,2,77,275,8,283,360
05/17/2007,RNM,CA,AWP,WE,Federal Contract Tower,0,0,10,0,10,0,0,72,0,72,0,0,82,0,82,518,0,518,600
05/18/2007,RNM,CA,AWP,WE,Federal Contract Tower,0,0,2,0,2,0,0,109,4,113,0,0,111,4,115,504,8,512,627
05/19/2007,RNM,CA,AWP,WE,Federal Contract Tower,0,0,4,0,4,0,0,115,0,115,0,0,119,0,119,622,0,622,741
05/20/2007,RNM,CA,AWP,WE,Federal Contract Tower,0,0,3,0,3,0,0,99,0,99,0,0,102,0,102,314,0,314,416
05/21/2007,RNM,CA,AWP,WE,Federal Contract Tower,0,0,14,0,14,0,0,43,2,45,0,0,57,2,59,214,0,214,273
05/22/2007,RNM,CA,AWP,WE,Federal Contract Tower,0,0,14,0,14,0,0,18,2,20,0,0,32,2,34,145,0,145,179
05/23/2007,RNM,CA,AWP,WE,Federal Contract Tower,0,0,6,0,6,0,0,101,2,103,0,0,107,2,109,308,0,308,417
05/24/2007,RNM,CA,AWP,WE,Federal Contract Tower,0,0,7,0,7,0,0,135,1,136,0,0,142,1,143,553,0,553,696
05/25/2007,RNM,CA,AWP,WE,Federal Contract Tower,0,0,3,0,3,0,0,141,0,141,0,0,144,0,144,572,0,572,716
05/26/2007,RNM,CA,AWP,WE,Federal Contract Tower,0,0,1,0,1,0,0,112,0,112,0,0,113,0,113,308,0,308,421
05/27/2007,RNM,CA,AWP,WE,Federal Contract Tower,0,0,5,0,5,0,0,112,0,112,0,0,117,0,117,316,0,316,433
05/28/2007,RNM,CA,AWP,WE,Federal Contract Tower,0,1,3,0,4,0,0,110,0,110,0,1,113,0,114,320,0,320,434
05/29/2007,RNM,CA,AWP,WE,Federal Contract Tower,0,0,4,0,4,0,0,89,0,89,0,0,93,0,93,395,0,395,488
05/30/2007,RNM,CA,AWP,WE,Federal Contract Tower,0,0,2,0,2,0,0,140,4,144,0,0,142,4,146,482,12,494,640
05/31/2007,RNM,CA,AWP,WE,Federal Contract Tower,0,0,5,0,5,0,0,154,0,154,0,0,159,0,159,474,0,474,633
06/01/2007,RNM,CA,AWP,WE,Federal Contract Tower,0,2,2,0,4,0,0,101,0,101,0,2,103,0,105,552,0,552,657
06/02/2007,RNM,CA,AWP,WE,Federal Contract Tower,0,1,2,0,3,0,0,60,0,60,0,1,62,0,63,192,0,192,255
06/03/2007,RNM,CA,AWP,WE,Federal Contract Tower,0,2,6,0,8,0,0,125,0,125,0,2,131,0,133,291,0,291,424
06/04/2007,RNM,CA,AWP,WE,Federal Contract Tower,0,0,5,0,5,0,0,101,0,101,0,0,106,0,106,507,0,507,613
06/05/2007,RNM,CA,AWP,WE,Federal Contract Tower,0,0,1,0,1,0,0,109,0,109,0,0,110,0,110,475,0,475,585
06/06/2007,RNM,CA,AWP,WE,Federal Contract Tower,0,0,5,0,5,0,0,95,2,97,0,0,100,2,102,439,0,439,541
06/07/2007,RNM,CA,AWP,WE,Federal Contract Tower,0,0,4,0,4,0,0,111,2,113,0,0,115,2,117,454,3,457,574
06/08/2007,RNM,CA,AWP,WE,Federal Contract Tower,0,0,0,0,0,0,0,160,1,161,0,0,160,1,161,505,0,505,666
06/09/2007,RNM,CA,AWP,WE,Federal Contract Tower,0,0,0,0,0,0,143,0,0,143,0,143,0,0,143,474,0,474,617
06/10/2007,RNM,CA,AWP,WE,Federal Contract Tower,0,0,1,0,1,0,0,112,0,112,0,0,113,0,113,281,0,281,394
06/11/2007,RNM,CA,AWP,WE,Federal Contract Tower,0,0,0,2,2,0,0,97,2,99,0,0,97,4,101,396,0,396,497
06/12/2007,RNM,CA,AWP,WE,Federal Contract Tower,0,0,0,0,0,0,0,131,2,133,0,0,131,2,133,511,10,521,654
06/13/2007,RNM,CA,AWP,WE,Federal Contract Tower,0,0,6,0,6,0,0,130,4,134,0,0,136,4,140,512,0,512,652
06/14/2007,RNM,CA,AWP,WE,Federal Contract Tower,0,0,7,0,7,0,0,170,0,170,0,0,177,0,177,624,0,624,801
06/15/2007,RNM,CA,AWP,WE,Federal Contract Tower,0,0,5,0,5,0,0,146,4,150,0,0,151,4,155,450,6,456,611
06/16/2007,RNM,CA,AWP,WE,Federal Contract Tower,0,0,2,0,2,0,1,199,0,200,0,1,201,0,202,332,0,332,534
06/17/2007,RNM,CA,AWP,WE,Federal Contract Tower,0,1,4,0,5,0,0,127,0,127,0,1,131,0,132,382,0,382,514
06/18/2007,RNM,CA,AWP,WE,Federal Contract Tower,0,0,6,0,6,0,0,81,0,81,0,0,87,0,87,399,0,399,486
06/19/2007,RNM,CA,AWP,WE,Federal Contract Tower,0,0,0,0,0,0,0,140,8,148,0,0,140,8,148,538,22,560,708
06/20/2007,RNM,CA,AWP,WE,Federal Contract Tower,0,0,1,0,1,0,0,153,2,155,0,0,154,2,156,458,0,458,614
06/21/2007,RNM,CA,AWP,WE,Federal Contract Tower,0,1,1,0,2,0,1,127,3,131,0,2,128,3,133,443,9,452,585
06/22/2007,RNM,CA,AWP,WE,Federal Contract Tower,0,0,0,2,2,0,0,113,2,115,0,0,113,4,117,392,8,400,517
06/23/2007,RNM,CA,AWP,WE,Federal Contract Tower,0,0,2,0,2,0,0,56,0,56,0,0,58,0,58,20,0,20,78
06/24/2007,RNM,CA,AWP,WE,Federal Contract Tower,0,0,2,0,2,0,3,70,5,78,0,3,72,5,80,102,1,103,183
06/25/2007,RNM,CA,AWP,WE,Federal Contract Tower,0,0,5,0,5,0,0,125,4,129,0,0,130,4,134,394,10,404,538
06/26/2007,RNM,CA,AWP,WE,Federal Contract Tower,0,0,2,0,2,0,0,150,6,156,0,0,152,6,158,361,14,375,533
06/27/2007,RNM,CA,AWP,WE,Federal Contract Tower,0,0,1,0,1,0,0,151,6,157,0,0,152,6,158,351,14,365,523
06/28/2007,RNM,CA,AWP,WE,Federal Contract Tower,0,0,3,0,3,0,0,151,2,153,0,0,154,2,156,418,0,418,574
06/29/2007,RNM,CA,AWP,WE,Federal Contract Tower,0,0,4,0,4,0,0,137,0,137,0,0,141,0,141,452,0,452,593
06/30/2007,RNM,CA,AWP,WE,Federal Contract Tower,0,0,5,0,5,0,0,156,0,156,0,0,161,0,161,298,0,298,459
07/01/2007,RNM,CA,AWP,WE,Federal Contract Tower,0,0,0,0,0,0,0,209,0,209,0,0,209,0,209,468,0,468,677
07/02/2007,RNM,CA,AWP,WE,Federal Contract Tower,0,0,3,0,3,0,0,103,0,103,0,0,106,0,106,238,0,238,344
07/03/2007,RNM,CA,AWP,WE,Federal Contract Tower,0,0,3,0,3,0,0,127,4,131,0,0,130,4,134,280,0,280,414
07/04/2007,RNM,CA,AWP,WE,Federal Contract Tower,0,0,5,0,5,0,0,134,0,134,0,0,139,0,139,249,0,249,388
07/05/2007,RNM,CA,AWP,WE,Federal Contract Tower,0,0,6,0,6,0,0,120,0,120,0,0,126,0,126,384,0,384,510
07/06/2007,RNM,CA,AWP,WE,Federal Contract Tower,0,0,7,0,7,0,0,175,3,178,0,0,182,3,185,574,0,574,759
07/07/2007,RNM,CA,AWP,WE,Federal Contract Tower,0,0,0,0,0,0,0,155,0,155,0,0,155,0,155,352,0,352,507
07/08/2007,RNM,CA,AWP,WE,Federal Contract Tower,0,0,2,0,2,0,0,128,0,128,0,0,130,0,130,370,0,370,500
07/09/2007,RNM,CA,AWP,WE,Federal Contract Tower,0,0,3,0,3,0,0,94,0,94,0,0,97,0,97,277,0,277,374
07/10/2007,RNM,CA,AWP,WE,Federal Contract Tower,0,0,2,0,2,0,0,94,0,94,0,0,96,0,96,265,0,265,361
07/11/2007,RNM,CA,AWP,WE,Federal Contract Tower,0,0,3,0,3,0,0,129,0,129,0,0,132,0,132,476,0,476,608
07/12/2007,RNM,CA,AWP,WE,Federal Contract Tower,0,0,1,0,1,0,0,137,1,138,0,0,138,1,139,638,0,638,777
07/13/2007,RNM,CA,AWP,WE,Federal Contract Tower,0,0,3,0,3,0,0,162,4,166,0,0,165,4,169,630,2,632,801
07/14/2007,RNM,CA,AWP,WE,Federal Contract Tower,0,0,4,0,4,0,0,174,0,174,0,0,178,0,178,504,0,504,682
07/15/2007,RNM,CA,AWP,WE,Federal Contract Tower,0,0,3,0,3,0,0,118,0,118,0,0,121,0,121,359,0,359,480
07/16/2007,RNM,CA,AWP,WE,Federal Contract Tower,0,0,6,0,6,0,0,113,0,113,0,0,119,0,119,434,0,434,553
07/17/2007,RNM,CA,AWP,WE,Federal Contract Tower,0,0,2,0,2,0,0,116,0,116,0,0,118,0,118,372,0,372,490
07/18/2007,RNM,CA,AWP,WE,Federal Contract Tower,0,0,2,0,2,0,0,122,5,127,0,0,124,5,129,568,0,568,697
07/19/2007,RNM,CA,AWP,WE,Federal Contract Tower,0,0,0,0,0,0,0,114,4,118,0,0,114,4,118,448,4,452,570
07/20/2007,RNM,CA,AWP,WE,Federal Contract Tower,0,0,3,0,3,0,0,155,2,157,0,0,158,2,160,550,11,561,721
07/21/2007,RNM,CA,AWP,WE,Federal Contract Tower,0,0,2,0,2,0,0,134,2,136,0,0,136,2,138,293,4,297,435
07/22/2007,RNM,CA,AWP,WE,Federal Contract Tower,0,0,3,0,3,0,0,129,0,129,0,0,132,0,132,452,0,452,584
07/23/2007,RNM,CA,AWP,WE,Federal Contract Tower,0,0,3,0,3,0,0,107,2,109,0,0,110,2,112,323,0,323,435
07/24/2007,RNM,CA,AWP,WE,Federal Contract Tower,0,1,4,0,5,0,1,111,4,116,0,2,115,4,121,265,0,265,386
07/25/2007,RNM,CA,AWP,WE,Federal Contract Tower,0,0,0,0,0,0,0,147,2,149,0,0,147,2,149,535,0,535,684
07/26/2007,RNM,CA,AWP,WE,Federal Contract Tower,0,0,0,0,0,0,0,141,3,144,0,0,141,3,144,397,0,397,541
07/27/2007,RNM,CA,AWP,WE,Federal Contract Tower,0,0,3,0,3,0,0,135,0,135,0,0,138,0,138,306,0,306,444
07/28/2007,RNM,CA,AWP,WE,Federal Contract Tower,0,0,3,0,3,0,0,138,0,138,0,0,141,0,141,340,0,340,481
07/29/2007,RNM,CA,AWP,WE,Federal Contract Tower,0,0,3,0,3,0,0,124,0,124,0,0,127,0,127,257,0,257,384
07/30/2007,RNM,CA,AWP,WE,Federal Contract Tower,0,0,7,0,7,0,0,120,2,122,0,0,127,2,129,435,8,443,572
07/31/2007,RNM,CA,AWP,WE,Federal Contract Tower,0,0,2,0,2,0,0,96,0,96,0,0,98,0,98,349,0,349,447
08/01/2007,RNM,CA,AWP,WE,Federal Contract Tower,0,2,4,0,6,0,2,141,0,143,0,4,145,0,149,495,0,495,644
08/02/2007,RNM,CA,AWP,WE,Federal Contract Tower,0,1,0,0,1,0,2,160,0,162,0,3,160,0,163,660,0,660,823
08/03/2007,RNM,CA,AWP,WE,Federal Contract Tower,0,1,4,0,5,0,1,121,1,123,0,2,125,1,128,317,0,317,445
08/04/2007,RNM,CA,AWP,WE,Federal Contract Tower,0,4,3,0,7,0,0,124,0,124,0,4,127,0,131,423,0,423,554
08/05/2007,RNM,CA,AWP,WE,Federal Contract Tower,0,0,4,0,4,0,0,136,0,136,0,0,140,0,140,408,0,408,548
08/06/2007,RNM,CA,AWP,WE,Federal Contract Tower,0,0,4,0,4,0,0,119,0,119,0,0,123,0,123,668,0,668,791
08/07/2007,RNM,CA,AWP,WE,Federal Contract Tower,0,0,4,0,4,0,4,128,3,135,0,4,132,3,139,481,0,481,620
08/08/2007,RNM,CA,AWP,WE,Federal Contract Tower,0,0,6,0,6,0,0,128,6,134,0,0,134,6,140,448,5,453,593
08/09/2007,RNM,CA,AWP,WE,Federal Contract Tower,0,3,3,0,6,0,0,123,3,126,0,3,126,3,132,504,0,504,636
08/10/2007,RNM,CA,AWP,WE,Federal Contract Tower,0,1,2,0,3,0,0,158,2,160,0,1,160,2,163,474,0,474,637
08/11/2007,RNM,CA,AWP,WE,Federal Contract Tower,0,0,1,0,1,0,0,125,0,125,0,0,126,0,126,294,0,294,420
08/12/2007,RNM,CA,AWP,WE,Federal Contract Tower,0,0,4,0,4,0,0,233,0,233,0,0,237,0,237,397,0,397,634
08/13/2007,RNM,CA,AWP,WE,Federal Contract Tower,0,0,0,0,0,0,0,161,1,162,0,0,161,1,162,388,0,388,550
08/14/2007,RNM,CA,AWP,WE,Federal Contract Tower,0,0,0,0,0,0,0,152,1,153,0,0,152,1,153,532,0,532,685
08/15/2007,RNM,CA,AWP,WE,Federal Contract Tower,0,0,1,0,1,0,0,133,1,134,0,0,134,1,135,260,0,260,395
08/16/2007,RNM,CA,AWP,WE,Federal Contract Tower,0,0,0,0,0,0,0,180,2,182,0,0,180,2,182,470,0,470,652
08/17/2007,RNM,CA,AWP,WE,Federal Contract Tower,0,0,4,0,4,0,0,155,2,157,0,0,159,2,161,472,0,472,633
08/18/2007,RNM,CA,AWP,WE,Federal Contract Tower,0,0,2,0,2,0,0,203,0,203,0,0,205,0,205,477,0,477,682
08/19/2007,RNM,CA,AWP,WE,Federal Contract Tower,0,0,3,0,3,0,0,156,0,156,0,0,159,0,159,270,0,270,429
08/20/2007,RNM,CA,AWP,WE,Federal Contract Tower,0,0,1,0,1,0,0,142,2,144,0,0,143,2,145,295,4,299,444
08/21/2007,RNM,CA,AWP,WE,Federal Contract Tower,0,0,0,0,0,0,0,145,1,146,0,0,145,1,146,357,0,357,503
08/22/2007,RNM,CA,AWP,WE,Federal Contract Tower,0,0,0,0,0,0,0,166,1,167,0,0,166,1,167,577,0,577,744
08/23/2007,RNM,CA,AWP,WE,Federal Contract Tower,0,0,2,0,2,0,0,129,0,129,0,0,131,0,131,381,0,381,512
08/24/2007,RNM,CA,AWP,WE,Federal Contract Tower,0,0,8,0,8,0,0,175,0,175,0,0,183,0,183,421,0,421,604
08/25/2007,RNM,CA,AWP,WE,Federal Contract Tower,0,0,10,0,10,0,0,191,0,191,0,0,201,0,201,436,0,436,637
08/26/2007,RNM,CA,AWP,WE,Federal Contract Tower,0,0,1,0,1,0,0,56,0,56,0,0,57,0,57,167,0,167,224
08/27/2007,RNM,CA,AWP,WE,Federal Contract Tower,0,0,2,0,2,0,0,199,0,199,0,0,201,0,201,399,0,399,600
08/28/2007,RNM,CA,AWP,WE,Federal Contract Tower,0,0,2,0,2,0,0,169,3,172,0,0,171,3,174,467,2,469,643
08/29/2007,RNM,CA,AWP,WE,Federal Contract Tower,0,1,0,0,1,0,0,125,1,126,0,1,125,1,127,380,0,380,507
08/30/2007,RNM,CA,AWP,WE,Federal Contract Tower,0,0,0,0,0,0,0,165,1,166,0,0,165,1,166,329,0,329,495
08/31/2007,RNM,CA,AWP,WE,Federal Contract Tower,0,0,2,0,2,0,0,155,0,155,0,0,157,0,157,322,0,322,479
09/01/2007,RNM,CA,AWP,WE,Federal Contract Tower,0,0,1,0,1,0,0,153,0,153,0,0,154,0,154,307,0,307,461
09/02/2007,RNM,CA,AWP,WE,Federal Contract Tower,0,0,5,0,5,0,0,118,0,118,0,0,123,0,123,139,0,139,262
09/03/2007,RNM,CA,AWP,WE,Federal Contract Tower,0,0,1,0,1,0,0,140,0,140,0,0,141,0,141,175,0,175,316
09/04/2007,RNM,CA,AWP,WE,Federal Contract Tower,0,0,2,0,2,0,0,132,0,132,0,0,134,0,134,208,0,208,342
09/05/2007,RNM,CA,AWP,WE,Federal Contract Tower,0,0,2,0,2,0,0,121,0,121,0,0,123,0,123,311,0,311,434
09/06/2007,RNM,CA,AWP,WE,Federal Contract Tower,0,0,2,0,2,0,0,170,0,170,0,0,172,0,172,437,0,437,609
09/07/2007,RNM,CA,AWP,WE,Federal Contract Tower,0,0,2,0,2,0,0,161,8,169,0,0,163,8,171,494,0,494,665
09/08/2007,RNM,CA,AWP,WE,Federal Contract Tower,0,0,1,0,1,0,0,186,0,186,0,0,187,0,187,366,0,366,553
09/09/2007,RNM,CA,AWP,WE,Federal Contract Tower,0,2,1,0,3,0,0,117,0,117,0,2,118,0,120,223,0,223,343
09/10/2007,RNM,CA,AWP,WE,Federal Contract Tower,0,0,1,0,1,0,0,159,0,159,0,0,160,0,160,537,0,537,697
09/11/2007,RNM,CA,AWP,WE,Federal Contract Tower,0,0,1,0,1,0,0,107,0,107,0,0,108,0,108,278,0,278,386
09/12/2007,RNM,CA,AWP,WE,Federal Contract Tower,0,0,0,0,0,0,0,252,2,254,0,0,252,2,254,261,0,261,515
09/13/2007,RNM,CA,AWP,WE,Federal Contract Tower,0,0,7,0,7,0,0,197,0,197,0,0,204,0,204,316,0,316,520
09/14/2007,RNM,CA,AWP,WE,Federal Contract Tower,0,0,6,0,6,0,0,135,2,137,0,0,141,2,143,478,2,480,623
09/15/2007,RNM,CA,AWP,WE,Federal Contract Tower,0,0,5,0,5,0,0,287,2,289,0,0,292,2,294,251,0,251,545
09/16/2007,RNM,CA,AWP,WE,Federal Contract Tower,0,0,0,0,0,0,0,276,0,276,0,0,276,0,276,236,0,236,512
09/17/2007,RNM,CA,AWP,WE,Federal Contract Tower,0,0,2,0,2,0,0,120,0,120,0,0,122,0,122,294,0,294,416
09/18/2007,RNM,CA,AWP,WE,Federal Contract Tower,0,0,1,0,1,0,0,105,2,107,0,0,106,2,108,183,7,190,298
09/19/2007,RNM,CA,AWP,WE,Federal Contract Tower,0,0,7,0,7,0,0,86,1,87,0,0,93,1,94,434,0,434,528
09/20/2007,RNM,CA,AWP,WE,Federal Contract Tower,0,0,11,0,11,0,0,61,0,61,0,0,72,0,72,255,0,255,327
09/21/2007,RNM,CA,AWP,WE,Federal Contract Tower,0,0,2,0,2,0,0,127,0,127,0,0,129,0,129,384,0,384,513
09/22/2007,RNM,CA,AWP,WE,Federal Contract Tower,0,0,7,0,7,0,0,21,0,21,0,0,28,0,28,48,0,48,76
09/23/2007,RNM,CA,AWP,WE,Federal Contract Tower,0,1,4,0,5,0,0,105,0,105,0,1,109,0,110,431,0,431,541
09/24/2007,RNM,CA,AWP,WE,Federal Contract Tower,0,1,0,0,1,0,0,90,0,90,0,1,90,0,91,279,0,279,370
09/25/2007,RNM,CA,AWP,WE,Federal Contract Tower,0,0,5,0,5,0,0,163,0,163,0,0,168,0,168,375,0,375,543
09/26/2007,RNM,CA,AWP,WE,Federal Contract Tower,0,0,2,0,2,0,0,145,2,147,0,0,147,2,149,444,0,444,593
09/27/2007,RNM,CA,AWP,WE,Federal Contract Tower,0,0,3,0,3,0,0,161,3,164,0,0,164,3,167,379,0,379,546
09/28/2007,RNM,CA,AWP,WE,Federal Contract Tower,0,0,5,0,5,0,0,45,0,45,0,0,50,0,50,117,0,117,167
09/29/2007,RNM,CA,AWP,WE,Federal Contract Tower,0,0,10,0,10,0,0,212,0,212,0,0,222,0,222,236,0,236,458
09/30/2007,RNM,CA,AWP,WE,Federal Contract Tower,0,0,1,0,1,0,0,168,0,168,0,0,169,0,169,352,0,352,521
10/01/2007,RNM,CA,AWP,WE,Federal Contract Tower,0,0,1,0,1,0,0,81,2,83,0,0,82,2,84,120,0,120,204
10/02/2007,RNM,CA,AWP,WE,Federal Contract Tower,0,0,1,0,1,0,0,138,2,140,0,0,139,2,141,432,0,432,573
10/03/2007,RNM,CA,AWP,WE,Federal Contract Tower,0,1,2,0,3,0,0,155,0,155,0,1,157,0,158,559,0,559,717
10/04/2007,RNM,CA,AWP,WE,Federal Contract Tower,0,0,6,0,6,0,2,118,2,122,0,2,124,2,128,319,0,319,447
10/05/2007,RNM,CA,AWP,WE,Federal Contract Tower,0,0,1,0,1,0,0,50,0,50,0,0,51,0,51,171,0,171,222
10/06/2007,RNM,CA,AWP,WE,Federal Contract Tower,0,0,4,0,4,0,0,185,0,185,0,0,189,0,189,353,0,353,542
10/07/2007,RNM,CA,AWP,WE,Federal Contract Tower,0,0,1,0,1,0,0,88,0,88,0,0,89,0,89,147,0,147,236
10/08/2007,RNM,CA,AWP,WE,Federal Contract Tower,0,0,1,0,1,0,0,141,0,141,0,0,142,0,142,324,0,324,466
10/09/2007,RNM,CA,AWP,WE,Federal Contract Tower,0,0,0,0,0,0,0,164,4,168,0,0,164,4,168,480,0,480,648
10/10/2007,RNM,CA,AWP,WE,Federal Contract Tower,0,0,4,0,4,0,0,124,2,126,0,0,128,2,130,420,0,420,550
10/11/2007,RNM,CA,AWP,WE,Federal Contract Tower,0,0,1,0,1,0,0,131,0,131,0,0,132,0,132,401,0,401,533
10/12/2007,RNM,CA,AWP,WE,Federal Contract Tower,0,0,8,0,8,0,0,88,0,88,0,0,96,0,96,366,0,366,462
10/13/2007,RNM,CA,AWP,WE,Federal Contract Tower,0,0,12,0,12,0,0,25,0,25,0,0,37,0,37,10,0,10,47
10/14/2007,RNM,CA,AWP,WE,Federal Contract Tower,0,1,6,0,7,0,0,136,0,136,0,1,142,0,143,329,0,329,472
10/15/2007,RNM,CA,AWP,WE,Federal Contract Tower,0,0,3,0,3,0,0,56,0,56,0,0,59,0,59,195,0,195,254
10/16/2007,RNM,CA,AWP,WE,Federal Contract Tower,0,0,3,0,3,0,0,79,0,79,0,0,82,0,82,335,0,335,417
10/17/2007,RNM,CA,AWP,WE,Federal Contract Tower,0,0,4,0,4,0,0,27,0,27,0,0,31,0,31,144,0,144,175
10/18/2007,RNM,CA,AWP,WE,Federal Contract Tower,0,1,3,0,4,0,0,177,4,181,0,1,180,4,185,521,7,528,713
10/19/2007,RNM,CA,AWP,WE,Federal Contract Tower,0,0,0,0,0,0,0,175,0,175,0,0,175,0,175,468,0,468,643
10/20/2007,RNM,CA,AWP,WE,Federal Contract Tower,0,0,8,0,8,0,0,208,0,208,0,0,216,0,216,519,0,519,735
10/21/2007,RNM,CA,AWP,WE,Federal Contract Tower,0,0,10,0,10,0,0,72,0,72,0,0,82,0,82,14,0,14,96
10/22/2007,RNM,CA,AWP,WE,Federal Contract Tower,0,0,0,0,0,0,0,0,0,0,0,0,0,0,0,0,0,0,0
10/23/2007,RNM,CA,AWP,WE,Federal Contract Tower,0,0,0,0,0,0,0,235,0,235,0,0,235,0,235,0,0,0,235
10/24/2007,RNM,CA,AWP,WE,Federal Contract Tower,0,0,0,0,0,0,0,29,0,29,0,0,29,0,29,235,0,235,264
10/25/2007,RNM,CA,AWP,WE,Federal Contract Tower,0,0,0,0,0,0,0,0,0,0,0,0,0,0,0,340,0,340,340
10/26/2007,RNM,CA,AWP,WE,Federal Contract Tower,0,0,0,0,0,0,0,163,6,169,0,0,163,6,169,0,0,0,169
10/27/2007,RNM,CA,AWP,WE,Federal Contract Tower,0,0,0,0,0,0,0,45,5,50,0,0,45,5,50,0,0,0,50
10/28/2007,RNM,CA,AWP,WE,Federal Contract Tower,0,0,0,0,0,0,0,63,0,63,0,0,63,0,63,141,0,141,204
10/29/2007,RNM,CA,AWP,WE,Federal Contract Tower,0,0,2,0,2,0,0,102,0,102,0,0,104,0,104,265,0,265,369
10/30/2007,RNM,CA,AWP,WE,Federal Contract Tower,0,0,0,0,0,0,0,111,17,128,0,0,111,17,128,387,0,387,515
10/31/2007,RNM,CA,AWP,WE,Federal Contract Tower,0,0,0,0,0,0,0,134,12,146,0,0,134,12,146,540,0,540,686
11/01/2007,RNM,CA,AWP,WE,Federal Contract Tower,0,0,1,0,1,0,0,97,0,97,0,0,98,0,98,226,0,226,324
11/02/2007,RNM,CA,AWP,WE,Federal Contract Tower,0,0,5,0,5,0,0,81,0,81,0,0,86,0,86,317,0,317,403
11/03/2007,RNM,CA,AWP,WE,Federal Contract Tower,0,0,2,0,2,0,0,114,0,114,0,0,116,0,116,0,426,426,542
11/04/2007,RNM,CA,AWP,WE,Federal Contract Tower,0,1,7,0,8,0,0,132,0,132,0,1,139,0,140,231,0,231,371
11/05/2007,RNM,CA,AWP,WE,Federal Contract Tower,0,0,4,0,4,0,0,74,0,74,0,0,78,0,78,228,0,228,306
11/06/2007,RNM,CA,AWP,WE,Federal Contract Tower,0,0,9,0,9,0,0,77,0,77,0,0,86,0,86,331,0,331,417
11/07/2007,RNM,CA,AWP,WE,Federal Contract Tower,0,0,4,0,4,0,0,102,1,103,0,0,106,1,107,357,0,357,464
11/08/2007,RNM,CA,AWP,WE,Federal Contract Tower,0,0,17,0,17,0,0,52,0,52,0,0,69,0,69,255,0,255,324
11/09/2007,RNM,CA,AWP,WE,Federal Contract Tower,0,1,13,0,14,0,1,43,0,44,0,2,56,0,58,306,0,306,364
11/10/2007,RNM,CA,AWP,WE,Federal Contract Tower,0,0,9,0,9,0,0,124,0,124,0,0,133,0,133,474,0,474,607
11/11/2007,RNM,CA,AWP,WE,Federal Contract Tower,0,0,10,0,10,0,0,103,0,103,0,0,113,0,113,443,0,443,556
11/12/2007,RNM,CA,AWP,WE,Federal Contract Tower,0,1,0,0,1,0,0,99,0,99,0,1,99,0,100,243,0,243,343
11/13/2007,RNM,CA,AWP,WE,Federal Contract Tower,0,0,1,0,1,0,0,158,0,158,0,0,159,0,159,447,0,447,606
11/14/2007,RNM,CA,AWP,WE,Federal Contract Tower,0,0,7,0,7,0,0,158,0,158,0,0,165,0,165,537,0,537,702
11/15/2007,RNM,CA,AWP,WE,Federal Contract Tower,0,0,4,0,4,0,0,125,0,125,0,0,129,0,129,548,0,548,677
11/16/2007,RNM,CA,AWP,WE,Federal Contract Tower,0,0,2,0,2,0,0,151,0,151,0,0,153,0,153,417,0,417,570
11/17/2007,RNM,CA,AWP,WE,Federal Contract Tower,0,0,8,0,8,0,0,129,1,130,0,0,137,1,138,387,0,387,525
11/18/2007,RNM,CA,AWP,WE,Federal Contract Tower,0,0,3,0,3,0,0,152,0,152,0,0,155,0,155,345,0,345,500
11/19/2007,RNM,CA,AWP,WE,Federal Contract Tower,0,0,9,0,9,0,0,127,0,127,0,0,136,0,136,370,0,370,506
11/20/2007,RNM,CA,AWP,WE,Federal Contract Tower,0,0,3,0,3,0,0,103,0,103,0,0,106,0,106,272,0,272,378
11/21/2007,RNM,CA,AWP,WE,Federal Contract Tower,0,0,7,0,7,0,0,100,0,100,0,0,107,0,107,280,0,280,387
11/22/2007,RNM,CA,AWP,WE,Federal Contract Tower,0,0,1,0,1,0,0,75,0,75,0,0,76,0,76,258,0,258,334
11/23/2007,RNM,CA,AWP,WE,Federal Contract Tower,0,0,9,0,9,0,0,113,0,113,0,0,122,0,122,301,0,301,423
11/24/2007,RNM,CA,AWP,WE,Federal Contract Tower,0,0,0,0,0,0,0,119,0,119,0,0,119,0,119,230,0,230,349
11/25/2007,RNM,CA,AWP,WE,Federal Contract Tower,0,0,4,0,4,0,1,184,0,185,0,1,188,0,189,478,0,478,667
11/26/2007,RNM,CA,AWP,WE,Federal Contract Tower,0,0,3,0,3,0,0,113,0,113,0,0,116,0,116,246,0,246,362
11/27/2007,RNM,CA,AWP,WE,Federal Contract Tower,0,0,9,0,9,0,0,133,3,136,0,0,142,3,145,308,4,312,457
11/28/2007,RNM,CA,AWP,WE,Federal Contract Tower,0,0,5,0,5,0,0,53,0,53,0,0,58,0,58,188,0,188,246
11/29/2007,RNM,CA,AWP,WE,Federal Contract Tower,0,0,5,0,5,0,0,135,0,135,0,0,140,0,140,492,0,492,632
11/30/2007,RNM,CA,AWP,WE,Federal Contract Tower,0,0,2,0,2,0,0,0,0,0,0,0,2,0,2,0,0,0,2
12/01/2007,RNM,CA,AWP,WE,Federal Contract Tower,0,0,10,0,10,0,0,49,1,50,0,0,59,1,60,128,0,128,188
12/02/2007,RNM,CA,AWP,WE,Federal Contract Tower,0,2,2,0,4,0,2,138,0,140,0,4,140,0,144,500,0,500,644
12/03/2007,RNM,CA,AWP,WE,Federal Contract Tower,0,0,3,0,3,0,0,134,0,134,0,0,137,0,137,396,0,396,533
12/04/2007,RNM,CA,AWP,WE,Federal Contract Tower,0,0,0,0,0,0,0,131,0,131,0,0,131,0,131,414,0,414,545
12/05/2007,RNM,CA,AWP,WE,Federal Contract Tower,0,0,1,0,1,0,0,150,0,150,0,0,151,0,151,707,0,707,858
12/06/2007,RNM,CA,AWP,WE,Federal Contract Tower,0,0,0,0,0,0,0,31,0,31,0,0,31,0,31,354,0,354,385
12/07/2007,RNM,CA,AWP,WE,Federal Contract Tower,0,1,0,0,1,0,1,5,0,6,0,2,5,0,7,2,0,2,9
12/08/2007,RNM,CA,AWP,WE,Federal Contract Tower,0,0,6,0,6,0,0,4,0,4,0,0,10,0,10,2,0,2,12
12/09/2007,RNM,CA,AWP,WE,Federal Contract Tower,0,0,4,0,4,0,0,43,0,43,0,0,47,0,47,176,0,176,223
12/10/2007,RNM,CA,AWP,WE,Federal Contract Tower,0,0,2,0,2,0,0,87,0,87,0,0,89,0,89,363,0,363,452
12/11/2007,RNM,CA,AWP,WE,Federal Contract Tower,0,0,1,0,1,0,0,96,2,98,0,0,97,2,99,308,6,314,413
12/12/2007,RNM,CA,AWP,WE,Federal Contract Tower,0,0,0,0,0,0,0,116,2,118,0,0,116,2,118,373,6,379,497
12/13/2007,RNM,CA,AWP,WE,Federal Contract Tower,0,0,2,0,2,0,0,97,0,97,0,0,99,0,99,515,4,519,618
12/14/2007,RNM,CA,AWP,WE,Federal Contract Tower,0,0,2,0,2,0,0,131,0,131,0,0,133,0,133,541,0,541,674
12/15/2007,RNM,CA,AWP,WE,Federal Contract Tower,0,0,9,0,9,0,0,187,0,187,0,0,196,0,196,420,0,420,616
12/16/2007,RNM,CA,AWP,WE,Federal Contract Tower,0,0,0,0,0,0,0,116,0,116,0,0,116,0,116,354,0,354,470
12/17/2007,RNM,CA,AWP,WE,Federal Contract Tower,0,2,1,0,3,0,0,64,2,66,0,2,65,2,69,298,0,298,367
12/18/2007,RNM,CA,AWP,WE,Federal Contract Tower,0,0,3,0,3,0,0,71,2,73,0,0,74,2,76,297,6,303,379
12/19/2007,RNM,CA,AWP,WE,Federal Contract Tower,0,0,0,0,0,0,0,9,0,9,0,0,9,0,9,88,0,88,97
12/20/2007,RNM,CA,AWP,WE,Federal Contract Tower,0,0,4,0,4,0,0,11,0,11,0,0,15,0,15,223,0,223,238
12/21/2007,RNM,CA,AWP,WE,Federal Contract Tower,0,0,2,0,2,0,0,146,0,146,0,0,148,0,148,364,0,364,512
12/22/2007,RNM,CA,AWP,WE,Federal Contract Tower,0,0,0,0,0,0,0,73,0,73,0,0,73,0,73,162,0,162,235
12/23/2007,RNM,CA,AWP,WE,Federal Contract Tower,0,0,0,0,0,0,0,88,0,88,0,0,88,0,88,190,0,190,278
12/24/2007,RNM,CA,AWP,WE,Federal Contract Tower,0,0,1,0,1,0,0,76,0,76,0,0,77,0,77,222,0,222,299
12/25/2007,RNM,CA,AWP,WE,Federal Contract Tower,0,0,0,0,0,0,0,13,0,13,0,0,13,0,13,19,0,19,32
12/26/2007,RNM,CA,AWP,WE,Federal Contract Tower,0,0,3,0,3,0,0,103,0,103,0,0,106,0,106,348,0,348,454
12/27/2007,RNM,CA,AWP,WE,Federal Contract Tower,0,0,4,0,4,0,0,67,0,67,0,0,71,0,71,339,0,339,410
12/28/2007,RNM,CA,AWP,WE,Federal Contract Tower,0,0,4,0,4,0,0,110,0,110,0,0,114,0,114,482,0,482,596
12/29/2007,RNM,CA,AWP,WE,Federal Contract Tower,0,0,2,0,2,0,0,59,0,59,0,0,61,0,61,306,0,306,367
12/30/2007,RNM,CA,AWP,WE,Federal Contract Tower,0,0,3,0,3,0,0,81,0,81,0,0,84,0,84,294,0,294,378
12/31/2007,RNM,CA,AWP,WE,Federal Contract Tower,0,0,0,0,0,0,0,66,0,66,0,0,66,0,66,86,0,86,152
01/01/2008,RNM,CA,AWP,WE,Federal Contract Tower,0,0,0,0,0,0,0,7,0,7,0,0,7,0,7,4,0,4,11
01/02/2008,RNM,CA,AWP,WE,Federal Contract Tower,0,0,2,0,2,0,0,110,0,110,0,0,112,0,112,383,0,383,495
01/03/2008,RNM,CA,AWP,WE,Federal Contract Tower,0,0,3,0,3,0,0,69,0,69,0,0,72,0,72,475,2,477,549
01/04/2008,RNM,CA,AWP,WE,Federal Contract Tower,0,0,8,0,8,0,0,42,0,42,0,0,50,0,50,345,2,347,397
01/05/2008,RNM,CA,AWP,WE,Federal Contract Tower,0,1,2,0,3,0,0,0,0,0,0,1,2,0,3,0,0,0,3
01/06/2008,RNM,CA,AWP,WE,Federal Contract Tower,0,0,0,0,0,0,0,2,0,2,0,0,2,0,2,18,0,18,20
01/07/2008,RNM,CA,AWP,WE,Federal Contract Tower,0,0,3,0,3,0,0,6,4,10,0,0,9,4,13,12,2,14,27
01/08/2008,RNM,CA,AWP,WE,Federal Contract Tower,0,0,15,0,15,0,0,85,0,85,0,0,100,0,100,233,0,233,333
01/09/2008,RNM,CA,AWP,WE,Federal Contract Tower,0,0,5,0,5,0,0,45,4,49,0,0,50,4,54,257,2,259,313
01/10/2008,RNM,CA,AWP,WE,Federal Contract Tower,0,0,4,0,4,0,0,86,0,86,0,0,90,0,90,432,0,432,522
01/11/2008,RNM,CA,AWP,WE,Federal Contract Tower,0,0,4,0,4,0,0,101,0,101,0,0,105,0,105,513,0,513,618
01/12/2008,RNM,CA,AWP,WE,Federal Contract Tower,0,0,9,0,9,0,0,196,0,196,0,0,205,0,205,663,0,663,868
01/13/2008,RNM,CA,AWP,WE,Federal Contract Tower,0,0,3,0,3,0,0,87,0,87,0,0,90,0,90,279,0,279,369
01/14/2008,RNM,CA,AWP,WE,Federal Contract Tower,0,0,0,0,0,0,0,50,2,52,0,0,50,2,52,179,10,189,241
01/15/2008,RNM,CA,AWP,WE,Federal Contract Tower,0,0,4,0,4,0,0,97,0,97,0,0,101,0,101,329,0,329,430
01/16/2008,RNM,CA,AWP,WE,Federal Contract Tower,0,0,5,0,5,0,0,82,6,88,0,0,87,6,93,362,0,362,455
01/17/2008,RNM,CA,AWP,WE,Federal Contract Tower,0,0,2,0,2,0,0,53,4,57,0,0,55,4,59,216,0,216,275
01/18/2008,RNM,CA,AWP,WE,Federal Contract Tower,0,0,2,0,2,0,0,135,0,135,0,0,137,0,137,596,0,596,733
01/19/2008,RNM,CA,AWP,WE,Federal Contract Tower,0,0,5,0,5,0,0,135,0,135,0,0,140,0,140,474,0,474,614
01/20/2008,RNM,CA,AWP,WE,Federal Contract Tower,0,0,1,0,1,0,0,94,0,94,0,0,95,0,95,291,0,291,386
01/21/2008,RNM,CA,AWP,WE,Federal Contract Tower,0,0,4,0,4,0,0,3,0,3,0,0,7,0,7,30,0,30,37
01/22/2008,RNM,CA,AWP,WE,Federal Contract Tower,0,0,0,0,0,0,0,55,0,55,0,0,55,0,55,262,0,262,317
01/23/2008,RNM,CA,AWP,WE,Federal Contract Tower,0,0,0,0,0,0,0,89,2,91,0,0,89,2,91,272,2,274,365
01/24/2008,RNM,CA,AWP,WE,Federal Contract Tower,0,0,6,0,6,0,0,38,10,48,0,0,44,10,54,165,20,185,239
01/25/2008,RNM,CA,AWP,WE,Federal Contract Tower,0,0,5,0,5,0,0,98,0,98,0,0,103,0,103,453,0,453,556
01/26/2008,RNM,CA,AWP,WE,Federal Contract Tower,0,0,1,0,1,0,0,91,0,91,0,0,92,0,92,485,0,485,577
01/27/2008,RNM,CA,AWP,WE,Federal Contract Tower,0,0,0,0,0,0,0,0,0,0,0,0,0,0,0,0,0,0,0
01/28/2008,RNM,CA,AWP,WE,Federal Contract Tower,0,0,4,0,4,0,0,3,0,3,0,0,7,0,7,22,0,22,29
01/29/2008,RNM,CA,AWP,WE,Federal Contract Tower,0,0,5,0,5,0,0,56,4,60,0,0,61,4,65,258,0,258,323
01/30/2008,RNM,CA,AWP,WE,Federal Contract Tower,0,0,5,0,5,0,0,56,0,56,0,0,61,0,61,366,0,366,427
01/31/2008,RNM,CA,AWP,WE,Federal Contract Tower,0,0,5,0,5,0,0,88,1,89,0,0,93,1,94,529,0,529,623
02/01/2008,RNM,CA,AWP,WE,Federal Contract Tower,0,0,11,0,11,0,0,76,2,78,0,0,87,2,89,454,4,458,547
02/02/2008,RNM,CA,AWP,WE,Federal Contract Tower,0,0,10,0,10,0,0,87,0,87,0,0,97,0,97,448,0,448,545
02/03/2008,RNM,CA,AWP,WE,Federal Contract Tower,0,0,0,0,0,0,0,0,0,0,0,0,0,0,0,0,0,0,0
02/04/2008,RNM,CA,AWP,WE,Federal Contract Tower,0,0,2,0,2,0,0,75,2,77,0,0,77,2,79,189,2,191,270
02/05/2008,RNM,CA,AWP,WE,Federal Contract Tower,0,0,2,0,2,0,0,140,0,140,0,0,142,0,142,375,0,375,517
02/06/2008,RNM,CA,AWP,WE,Federal Contract Tower,0,2,2,0,4,0,0,126,3,129,0,2,128,3,133,316,6,322,455
02/07/2008,RNM,CA,AWP,WE,Federal Contract Tower,0,0,3,0,3,0,0,103,2,105,0,0,106,2,108,343,0,343,451
02/08/2008,RNM,CA,AWP,WE,Federal Contract Tower,0,1,2,0,3,0,0,135,0,135,0,1,137,0,138,547,0,547,685
02/09/2008,RNM,CA,AWP,WE,Federal Contract Tower,0,0,2,0,2,0,0,106,0,106,0,0,108,0,108,365,0,365,473
02/10/2008,RNM,CA,AWP,WE,Federal Contract Tower,0,0,0,0,0,0,0,131,0,131,0,0,131,0,131,276,0,276,407
02/11/2008,RNM,CA,AWP,WE,Federal Contract Tower,0,0,7,0,7,0,0,72,0,72,0,0,79,0,79,260,0,260,339
02/12/2008,RNM,CA,AWP,WE,Federal Contract Tower,0,0,1,0,1,0,0,116,0,116,0,0,117,0,117,374,0,374,491
02/13/2008,RNM,CA,AWP,WE,Federal Contract Tower,0,0,5,0,5,0,0,84,2,86,0,0,89,2,91,224,6,230,321
02/14/2008,RNM,CA,AWP,WE,Federal Contract Tower,0,0,0,0,0,0,0,0,0,0,0,0,0,0,0,0,0,0,0
02/15/2008,RNM,CA,AWP,WE,Federal Contract Tower,0,0,0,0,0,0,0,92,0,92,0,0,92,0,92,283,0,283,375
02/16/2008,RNM,CA,AWP,WE,Federal Contract Tower,0,0,1,0,1,0,0,137,0,137,0,0,138,0,138,285,0,285,423
02/17/2008,RNM,CA,AWP,WE,Federal Contract Tower,0,0,4,0,4,0,1,123,0,124,0,1,127,0,128,306,0,306,434
02/18/2008,RNM,CA,AWP,WE,Federal Contract Tower,0,0,6,0,6,0,0,81,0,81,0,0,87,0,87,261,0,261,348
02/19/2008,RNM,CA,AWP,WE,Federal Contract Tower,0,0,10,0,10,0,0,29,0,29,0,0,39,0,39,104,0,104,143
02/20/2008,RNM,CA,AWP,WE,Federal Contract Tower,0,0,1,0,1,0,0,2,0,2,0,0,3,0,3,0,0,0,3
02/21/2008,RNM,CA,AWP,WE,Federal Contract Tower,0,0,4,0,4,0,0,27,0,27,0,0,31,0,31,246,0,246,277
02/22/2008,RNM,CA,AWP,WE,Federal Contract Tower,0,0,2,0,2,0,0,2,0,2,0,0,4,0,4,0,0,0,4
02/23/2008,RNM,CA,AWP,WE,Federal Contract Tower,0,0,6,0,6,0,0,103,0,103,0,0,109,0,109,430,0,430,539
02/24/2008,RNM,CA,AWP,WE,Federal Contract Tower,0,0,4,0,4,0,0,0,0,0,0,0,4,0,4,0,0,0,4
02/25/2008,RNM,CA,AWP,WE,Federal Contract Tower,0,0,2,0,2,0,0,79,0,79,0,0,81,0,81,270,0,270,351
02/26/2008,RNM,CA,AWP,WE,Federal Contract Tower,0,0,2,0,2,0,0,95,0,95,0,0,97,0,97,263,0,263,360
02/27/2008,RNM,CA,AWP,WE,Federal Contract Tower,0,0,1,0,1,0,0,128,0,128,0,0,129,0,129,470,0,470,599
02/28/2008,RNM,CA,AWP,WE,Federal Contract Tower,0,0,2,0,2,0,0,118,0,118,0,0,120,0,120,438,0,438,558
02/29/2008,RNM,CA,AWP,WE,Federal Contract Tower,0,0,5,0,5,0,0,17,0,17,0,0,22,0,22,34,0,34,56
03/01/2008,RNM,CA,AWP,WE,Federal Contract Tower,0,0,10,0,10,0,0,1,0,1,0,0,11,0,11,8,0,8,19
03/02/2008,RNM,CA,AWP,WE,Federal Contract Tower,0,0,2,0,2,0,0,98,0,98,0,0,100,0,100,300,0,300,400
03/03/2008,RNM,CA,AWP,WE,Federal Contract Tower,0,0,0,0,0,0,0,47,0,47,0,0,47,0,47,219,0,219,266
03/04/2008,RNM,CA,AWP,WE,Federal Contract Tower,0,0,3,0,3,0,0,99,2,101,0,0,102,2,104,422,0,422,526
03/05/2008,RNM,CA,AWP,WE,Federal Contract Tower,0,0,0,0,0,0,0,73,0,73,0,0,73,0,73,270,0,270,343
03/06/2008,RNM,CA,AWP,WE,Federal Contract Tower,0,0,3,0,3,0,0,139,0,139,0,0,142,0,142,356,0,356,498
03/07/2008,RNM,CA,AWP,WE,Federal Contract Tower,0,0,2,0,2,0,0,139,0,139,0,0,141,0,141,160,0,160,301
03/08/2008,RNM,CA,AWP,WE,Federal Contract Tower,0,0,1,0,1,0,0,119,4,123,0,0,120,4,124,237,10,247,371
03/09/2008,RNM,CA,AWP,WE,Federal Contract Tower,0,0,0,0,0,0,0,117,2,119,0,0,117,2,119,170,2,172,291
03/10/2008,RNM,CA,AWP,WE,Federal Contract Tower,0,0,2,0,2,0,0,96,0,96,0,0,98,0,98,254,0,254,352
03/11/2008,RNM,CA,AWP,WE,Federal Contract Tower,0,0,3,0,3,0,0,98,2,100,0,0,101,2,103,305,0,305,408
03/12/2008,RNM,CA,AWP,WE,Federal Contract Tower,0,0,2,0,2,0,0,101,2,103,0,0,103,2,105,234,2,236,341
03/13/2008,RNM,CA,AWP,WE,Federal Contract Tower,0,0,9,0,9,0,0,81,0,81,0,0,90,0,90,341,0,341,431
03/14/2008,RNM,CA,AWP,WE,Federal Contract Tower,0,0,4,0,4,0,0,21,0,21,0,0,25,0,25,154,0,154,179
03/15/2008,RNM,CA,AWP,WE,Federal Contract Tower,0,0,6,0,6,0,0,28,0,28,0,0,34,0,34,75,0,75,109
03/16/2008,RNM,CA,AWP,WE,Federal Contract Tower,0,0,4,0,4,0,0,40,0,40,0,0,44,0,44,139,0,139,183
03/17/2008,RNM,CA,AWP,WE,Federal Contract Tower,0,0,3,0,3,0,0,78,0,78,0,0,81,0,81,217,0,217,298
03/18/2008,RNM,CA,AWP,WE,Federal Contract Tower,0,0,2,0,2,0,0,148,0,148,0,0,150,0,150,350,0,350,500
03/19/2008,RNM,CA,AWP,WE,Federal Contract Tower,0,0,7,0,7,0,0,138,4,142,0,0,145,4,149,422,2,424,573
03/20/2008,RNM,CA,AWP,WE,Federal Contract Tower,0,0,7,0,7,0,0,78,0,78,0,0,85,0,85,262,0,262,347
03/21/2008,RNM,CA,AWP,WE,Federal Contract Tower,0,0,5,0,5,0,0,107,0,107,0,0,112,0,112,299,0,299,411
03/22/2008,RNM,CA,AWP,WE,Federal Contract Tower,0,0,2,0,2,0,0,128,0,128,0,0,130,0,130,338,0,338,468
03/23/2008,RNM,CA,AWP,WE,Federal Contract Tower,0,0,4,0,4,0,0,71,0,71,0,0,75,0,75,88,0,88,163
03/24/2008,RNM,CA,AWP,WE,Federal Contract Tower,0,0,6,0,6,0,0,117,0,117,0,0,123,0,123,456,0,456,579
03/25/2008,RNM,CA,AWP,WE,Federal Contract Tower,0,0,3,0,3,0,0,138,0,138,0,0,141,0,141,359,2,361,502
03/26/2008,RNM,CA,AWP,WE,Federal Contract Tower,0,0,5,0,5,0,0,132,0,132,0,0,137,0,137,420,6,426,563
03/27/2008,RNM,CA,AWP,WE,Federal Contract Tower,0,0,4,0,4,0,0,99,0,99,0,0,103,0,103,460,0,460,563
03/28/2008,RNM,CA,AWP,WE,Federal Contract Tower,0,0,7,0,7,0,2,92,0,94,0,2,99,0,101,173,0,173,274
03/29/2008,RNM,CA,AWP,WE,Federal Contract Tower,0,0,11,0,11,0,0,70,0,70,0,0,81,0,81,208,0,208,289
03/30/2008,RNM,CA,AWP,WE,Federal Contract Tower,0,0,9,0,9,0,0,34,0,34,0,0,43,0,43,138,0,138,181
03/31/2008,RNM,CA,AWP,WE,Federal Contract Tower,0,0,3,0,3,0,0,90,0,90,0,0,93,0,93,397,0,397,490
04/01/2008,RNM,CA,AWP,WE,Federal Contract Tower,0,0,8,0,8,0,0,62,0,62,0,0,70,0,70,245,0,245,315
04/02/2008,RNM,CA,AWP,WE,Federal Contract Tower,0,0,4,0,4,0,0,64,0,64,0,0,68,0,68,298,0,298,366
04/03/2008,RNM,CA,AWP,WE,Federal Contract Tower,0,0,3,0,3,0,0,54,0,54,0,0,57,0,57,0,356,356,413
04/04/2008,RNM,CA,AWP,WE,Federal Contract Tower,0,0,6,0,6,0,0,61,0,61,0,0,67,0,67,432,0,432,499
04/05/2008,RNM,CA,AWP,WE,Federal Contract Tower,0,0,3,0,3,0,0,38,0,38,0,0,41,0,41,192,0,192,233
04/06/2008,RNM,CA,AWP,WE,Federal Contract Tower,0,0,3,0,3,0,0,51,0,51,0,0,54,0,54,213,0,213,267
04/07/2008,RNM,CA,AWP,WE,Federal Contract Tower,0,0,4,0,4,0,0,48,0,48,0,0,52,0,52,280,0,280,332
04/08/2008,RNM,CA,AWP,WE,Federal Contract Tower,0,1,11,0,12,0,1,39,0,40,0,2,50,0,52,150,0,150,202
04/09/2008,RNM,CA,AWP,WE,Federal Contract Tower,0,0,11,0,11,0,0,56,6,62,0,0,67,6,73,412,8,420,493
04/10/2008,RNM,CA,AWP,WE,Federal Contract Tower,0,0,4,0,4,0,2,107,4,113,0,2,111,4,117,482,0,482,599
04/11/2008,RNM,CA,AWP,WE,Federal Contract Tower,0,0,4,0,4,0,0,67,0,67,0,0,71,0,71,205,0,205,276
04/12/2008,RNM,CA,AWP,WE,Federal Contract Tower,0,0,1,0,1,0,0,32,0,32,0,0,33,0,33,27,0,27,60
04/13/2008,RNM,CA,AWP,WE,Federal Contract Tower,0,0,3,0,3,0,0,97,0,97,0,0,100,0,100,188,0,188,288
04/14/2008,RNM,CA,AWP,WE,Federal Contract Tower,0,0,4,0,4,0,0,102,2,104,0,0,106,2,108,381,0,381,489
04/15/2008,RNM,CA,AWP,WE,Federal Contract Tower,0,0,2,0,2,0,0,77,7,84,0,0,79,7,86,250,12,262,348
04/16/2008,RNM,CA,AWP,WE,Federal Contract Tower,0,2,9,0,11,0,0,113,2,115,0,2,122,2,126,419,2,421,547
04/17/2008,RNM,CA,AWP,WE,Federal Contract Tower,0,0,2,0,2,0,0,65,2,67,0,0,67,2,69,421,0,421,490
04/18/2008,RNM,CA,AWP,WE,Federal Contract Tower,0,0,9,0,9,0,0,97,3,100,0,0,106,3,109,500,0,500,609
04/19/2008,RNM,CA,AWP,WE,Federal Contract Tower,0,0,10,0,10,0,0,84,0,84,0,0,94,0,94,325,0,325,419
04/20/2008,RNM,CA,AWP,WE,Federal Contract Tower,0,0,5,0,5,0,0,73,0,73,0,0,78,0,78,309,0,309,387
04/21/2008,RNM,CA,AWP,WE,Federal Contract Tower,0,0,1,0,1,0,0,105,2,107,0,0,106,2,108,411,2,413,521
04/22/2008,RNM,CA,AWP,WE,Federal Contract Tower,0,0,1,0,1,0,0,110,0,110,0,0,111,0,111,404,0,404,515
04/23/2008,RNM,CA,AWP,WE,Federal Contract Tower,0,0,2,0,2,0,0,81,3,84,0,0,83,3,86,443,8,451,537
04/24/2008,RNM,CA,AWP,WE,Federal Contract Tower,0,0,1,0,1,0,0,94,0,94,0,0,95,0,95,420,0,420,515
04/25/2008,RNM,CA,AWP,WE,Federal Contract Tower,0,0,6,0,6,0,0,83,0,83,0,0,89,0,89,419,0,419,508
04/26/2008,RNM,CA,AWP,WE,Federal Contract Tower,0,0,5,0,5,0,0,138,0,138,0,0,143,0,143,320,0,320,463
04/27/2008,RNM,CA,AWP,WE,Federal Contract Tower,0,2,2,0,4,0,0,57,0,57,0,2,59,0,61,66,0,66,127
04/28/2008,RNM,CA,AWP,WE,Federal Contract Tower,0,1,3,0,4,0,0,79,0,79,0,1,82,0,83,334,0,334,417
04/29/2008,RNM,CA,AWP,WE,Federal Contract Tower,0,1,2,0,3,0,0,85,3,88,0,1,87,3,91,251,34,285,376
04/30/2008,RNM,CA,AWP,WE,Federal Contract Tower,0,1,7,0,8,0,0,24,3,27,0,1,31,3,35,38,12,50,85
05/01/2008,RNM,CA,AWP,WE,Federal Contract Tower,0,3,6,0,9,0,0,72,7,79,0,3,78,7,88,442,22,464,552
05/02/2008,RNM,CA,AWP,WE,Federal Contract Tower,0,0,2,0,2,0,0,91,0,91,0,0,93,0,93,291,0,291,384
05/03/2008,RNM,CA,AWP,WE,Federal Contract Tower,0,0,1,0,1,0,0,122,0,122,0,0,123,0,123,258,0,258,381
05/04/2008,RNM,CA,AWP,WE,Federal Contract Tower,0,0,5,0,5,0,0,69,0,69,0,0,74,0,74,166,0,166,240
05/05/2008,RNM,CA,AWP,WE,Federal Contract Tower,0,0,8,0,8,0,0,27,0,27,0,0,35,0,35,179,0,179,214
05/06/2008,RNM,CA,AWP,WE,Federal Contract Tower,0,0,0,0,0,0,0,0,0,0,0,0,0,0,0,0,0,0,0
05/07/2008,RNM,CA,AWP,WE,Federal Contract Tower,0,0,6,0,6,0,0,24,0,24,0,0,30,0,30,197,0,197,227
05/08/2008,RNM,CA,AWP,WE,Federal Contract Tower,0,0,3,0,3,0,0,40,0,40,0,0,43,0,43,267,20,287,330
05/09/2008,RNM,CA,AWP,WE,Federal Contract Tower,0,0,10,0,10,0,0,26,4,30,0,0,36,4,40,150,0,150,190
05/10/2008,RNM,CA,AWP,WE,Federal Contract Tower,0,0,9,0,9,0,0,103,0,103,0,0,112,0,112,306,0,306,418
05/11/2008,RNM,CA,AWP,WE,Federal Contract Tower,0,0,7,0,7,0,0,45,0,45,0,0,52,0,52,163,0,163,215
05/12/2008,RNM,CA,AWP,WE,Federal Contract Tower,0,0,9,0,9,0,0,20,0,20,0,0,29,0,29,172,0,172,201
05/13/2008,RNM,CA,AWP,WE,Federal Contract Tower,0,0,1,0,1,0,0,86,3,89,0,0,87,3,90,350,18,368,458
05/14/2008,RNM,CA,AWP,WE,Federal Contract Tower,0,1,3,0,4,0,0,101,0,101,0,1,104,0,105,322,0,322,427
05/15/2008,RNM,CA,AWP,WE,Federal Contract Tower,0,1,2,0,3,0,0,101,2,103,0,1,103,2,106,282,2,284,390
05/16/2008,RNM,CA,AWP,WE,Federal Contract Tower,0,0,3,0,3,0,0,90,0,90,0,0,93,0,93,196,0,196,289
05/17/2008,RNM,CA,AWP,WE,Federal Contract Tower,0,0,1,0,1,0,0,103,0,103,0,0,104,0,104,271,0,271,375
05/18/2008,RNM,CA,AWP,WE,Federal Contract Tower,0,0,1,0,1,0,0,113,0,113,0,0,114,0,114,251,0,251,365
05/19/2008,RNM,CA,AWP,WE,Federal Contract Tower,0,2,2,0,4,0,0,85,0,85,0,2,87,0,89,246,0,246,335
05/20/2008,RNM,CA,AWP,WE,Federal Contract Tower,0,0,6,0,6,0,0,62,2,64,0,0,68,2,70,239,4,243,313
05/21/2008,RNM,CA,AWP,WE,Federal Contract Tower,0,0,3,0,3,0,0,19,0,19,0,0,22,0,22,122,0,122,144
05/22/2008,RNM,CA,AWP,WE,Federal Contract Tower,0,0,5,0,5,0,0,4,0,4,0,0,9,0,9,92,0,92,101
05/23/2008,RNM,CA,AWP,WE,Federal Contract Tower,0,0,4,0,4,0,0,0,0,0,0,0,4,0,4,6,0,6,10
05/24/2008,RNM,CA,AWP,WE,Federal Contract Tower,0,0,5,0,5,0,0,36,0,36,0,0,41,0,41,114,0,114,155
05/25/2008,RNM,CA,AWP,WE,Federal Contract Tower,0,0,1,0,1,0,0,52,0,52,0,0,53,0,53,202,0,202,255
05/26/2008,RNM,CA,AWP,WE,Federal Contract Tower,0,0,9,0,9,0,0,46,0,46,0,0,55,0,55,116,0,116,171
05/27/2008,RNM,CA,AWP,WE,Federal Contract Tower,0,0,8,0,8,0,0,73,0,73,0,0,81,0,81,299,0,299,380
05/28/2008,RNM,CA,AWP,WE,Federal Contract Tower,0,0,4,0,4,0,0,113,0,113,0,0,117,0,117,352,0,352,469
05/29/2008,RNM,CA,AWP,WE,Federal Contract Tower,0,0,5,0,5,0,0,101,0,101,0,0,106,0,106,277,4,281,387
05/30/2008,RNM,CA,AWP,WE,Federal Contract Tower,0,0,2,0,2,0,0,89,0,89,0,0,91,0,91,253,0,253,344
05/31/2008,RNM,CA,AWP,WE,Federal Contract Tower,0,0,6,0,6,0,0,95,0,95,0,0,101,0,101,128,0,128,229
06/01/2008,RNM,CA,AWP,WE,Federal Contract Tower,0,0,5,0,5,0,0,97,0,97,0,0,102,0,102,130,0,130,232
06/02/2008,RNM,CA,AWP,WE,Federal Contract Tower,0,0,4,0,4,0,0,78,0,78,0,0,82,0,82,242,0,242,324
06/03/2008,RNM,CA,AWP,WE,Federal Contract Tower,0,0,4,0,4,0,0,68,0,68,0,0,72,0,72,258,0,258,330
06/04/2008,RNM,CA,AWP,WE,Federal Contract Tower,0,0,9,0,9,0,0,11,0,11,0,0,20,0,20,28,0,28,48
06/05/2008,RNM,CA,AWP,WE,Federal Contract Tower,0,0,8,0,8,0,0,80,0,80,0,0,88,0,88,236,0,236,324
06/06/2008,RNM,CA,AWP,WE,Federal Contract Tower,0,0,2,0,2,0,0,98,0,98,0,0,100,0,100,261,4,265,365
06/07/2008,RNM,CA,AWP,WE,Federal Contract Tower,0,0,5,0,5,0,0,91,0,91,0,0,96,0,96,190,0,190,286
06/08/2008,RNM,CA,AWP,WE,Federal Contract Tower,0,0,4,2,6,0,0,108,0,108,0,0,112,2,114,251,3,254,368
06/09/2008,RNM,CA,AWP,WE,Federal Contract Tower,0,0,6,0,6,0,0,111,2,113,0,0,117,2,119,287,2,289,408
06/10/2008,RNM,CA,AWP,WE,Federal Contract Tower,0,0,0,0,0,0,0,67,0,67,0,0,67,0,67,316,0,316,383
06/11/2008,RNM,CA,AWP,WE,Federal Contract Tower,0,0,0,0,0,0,0,92,0,92,0,0,92,0,92,251,4,255,347
06/12/2008,RNM,CA,AWP,WE,Federal Contract Tower,0,0,2,0,2,0,0,78,0,78,0,0,80,0,80,308,0,308,388
06/13/2008,RNM,CA,AWP,WE,Federal Contract Tower,0,0,6,0,6,0,0,81,1,82,0,0,87,1,88,0,425,425,513
06/14/2008,RNM,CA,AWP,WE,Federal Contract Tower,0,0,4,0,4,0,0,104,0,104,0,0,108,0,108,266,0,266,374
06/15/2008,RNM,CA,AWP,WE,Federal Contract Tower,0,0,1,0,1,0,0,115,0,115,0,0,116,0,116,228,0,228,344
06/16/2008,RNM,CA,AWP,WE,Federal Contract Tower,0,0,5,0,5,0,0,88,2,90,0,0,93,2,95,271,6,277,372
06/17/2008,RNM,CA,AWP,WE,Federal Contract Tower,0,0,0,0,0,0,0,90,0,90,0,0,90,0,90,291,6,297,387
06/18/2008,RNM,CA,AWP,WE,Federal Contract Tower,0,0,0,0,0,0,0,102,0,102,0,0,102,0,102,380,0,380,482
06/19/2008,RNM,CA,AWP,WE,Federal Contract Tower,0,0,2,0,2,0,0,84,5,89,0,0,86,5,91,352,6,358,449
06/20/2008,RNM,CA,AWP,WE,Federal Contract Tower,0,0,3,0,3,0,0,102,0,102,0,0,105,0,105,246,0,246,351
06/21/2008,RNM,CA,AWP,WE,Federal Contract Tower,0,0,3,0,3,0,0,103,0,103,0,0,106,0,106,128,0,128,234
06/22/2008,RNM,CA,AWP,WE,Federal Contract Tower,0,0,3,0,3,0,0,58,0,58,0,0,61,0,61,90,0,90,151
06/23/2008,RNM,CA,AWP,WE,Federal Contract Tower,0,0,4,0,4,0,0,94,2,96,0,0,98,2,100,415,22,437,537
06/24/2008,RNM,CA,AWP,WE,Federal Contract Tower,0,0,0,0,0,0,0,79,0,79,0,0,79,0,79,208,0,208,287
06/25/2008,RNM,CA,AWP,WE,Federal Contract Tower,0,0,0,0,0,0,0,73,0,73,0,0,73,0,73,324,0,324,397
06/26/2008,RNM,CA,AWP,WE,Federal Contract Tower,0,0,1,0,1,0,0,60,0,60,0,0,61,0,61,341,0,341,402
06/27/2008,RNM,CA,AWP,WE,Federal Contract Tower,0,0,0,0,0,0,0,66,0,66,0,0,66,0,66,419,0,419,485
06/28/2008,RNM,CA,AWP,WE,Federal Contract Tower,0,0,0,0,0,0,0,83,0,83,0,0,83,0,83,196,0,196,279
06/29/2008,RNM,CA,AWP,WE,Federal Contract Tower,0,0,3,0,3,0,0,99,0,99,0,0,102,0,102,261,0,261,363
06/30/2008,RNM,CA,AWP,WE,Federal Contract Tower,0,0,2,0,2,0,0,109,0,109,0,0,111,0,111,252,0,252,403
07/01/2008,RNM,CA,AWP,WE,Federal Contract Tower,0,0,1,0,1,0,0,89,0,89,0,0,90,0,90,350,0,350,440
07/02/2008,RNM,CA,AWP,WE,Federal Contract Tower,0,0,1,0,1,0,0,79,0,79,0,0,80,0,80,263,0,263,343
07/03/2008,RNM,CA,AWP,WE,Federal Contract Tower,0,0,2,0,2,0,0,74,0,74,0,0,76,0,76,304,0,304,380
07/04/2008,RNM,CA,AWP,WE,Federal Contract Tower,0,0,1,0,1,0,0,58,0,58,0,0,59,0,59,144,0,144,203
07/05/2008,RNM,CA,AWP,WE,Federal Contract Tower,0,0,5,0,5,0,0,79,0,79,0,0,84,0,84,148,0,148,232
07/06/2008,RNM,CA,AWP,WE,Federal Contract Tower,0,0,3,0,3,0,0,80,0,80,0,0,83,0,83,139,0,139,222
07/07/2008,RNM,CA,AWP,WE,Federal Contract Tower,0,0,0,0,0,0,0,88,2,90,0,0,88,2,90,323,0,323,413
07/08/2008,RNM,CA,AWP,WE,Federal Contract Tower,0,0,3,0,3,0,0,100,0,100,0,0,103,0,103,305,0,305,408
07/09/2008,RNM,CA,AWP,WE,Federal Contract Tower,0,0,5,0,5,0,0,87,0,87,0,0,92,0,92,268,0,268,360
07/10/2008,RNM,CA,AWP,WE,Federal Contract Tower,0,0,5,0,5,0,0,73,2,75,0,0,78,2,80,352,0,352,432
07/11/2008,RNM,CA,AWP,WE,Federal Contract Tower,0,0,3,0,3,0,0,84,2,86,0,0,87,2,89,342,12,354,443
07/12/2008,RNM,CA,AWP,WE,Federal Contract Tower,0,0,3,0,3,0,0,142,0,142,0,0,145,0,145,296,0,296,441
07/13/2008,RNM,CA,AWP,WE,Federal Contract Tower,0,0,91,0,91,0,0,0,0,0,0,0,91,0,91,186,0,186,277
07/14/2008,RNM,CA,AWP,WE,Federal Contract Tower,0,0,2,0,2,0,0,76,4,80,0,0,78,4,82,191,4,195,277
07/15/2008,RNM,CA,AWP,WE,Federal Contract Tower,0,0,3,0,3,0,0,91,0,91,0,0,94,0,94,280,0,280,374
07/16/2008,RNM,CA,AWP,WE,Federal Contract Tower,0,0,5,0,5,0,0,76,4,80,0,0,81,4,85,210,16,226,311
07/17/2008,RNM,CA,AWP,WE,Federal Contract Tower,0,0,1,0,1,0,0,71,0,71,0,0,72,0,72,378,0,378,450
07/18/2008,RNM,CA,AWP,WE,Federal Contract Tower,0,0,3,0,3,0,0,68,0,68,0,0,71,0,71,248,0,248,319
07/19/2008,RNM,CA,AWP,WE,Federal Contract Tower,0,0,6,0,6,0,0,79,0,79,0,0,85,0,85,296,0,296,381
07/20/2008,RNM,CA,AWP,WE,Federal Contract Tower,0,0,2,0,2,0,0,107,0,107,0,0,109,0,109,243,0,243,352
07/21/2008,RNM,CA,AWP,WE,Federal Contract Tower,0,0,2,0,2,0,0,102,0,102,0,0,104,0,104,435,0,435,539
07/22/2008,RNM,CA,AWP,WE,Federal Contract Tower,0,0,2,0,2,0,0,68,0,68,0,0,70,0,70,351,0,351,421
07/23/2008,RNM,CA,AWP,WE,Federal Contract Tower,0,0,6,0,6,0,0,94,0,94,0,0,100,0,100,233,0,233,333
07/24/2008,RNM,CA,AWP,WE,Federal Contract Tower,0,1,4,0,5,0,0,100,5,105,0,1,104,5,110,396,17,413,523
07/25/2008,RNM,CA,AWP,WE,Federal Contract Tower,0,0,3,0,3,0,0,93,0,93,0,0,96,0,96,339,0,339,435
07/26/2008,RNM,CA,AWP,WE,Federal Contract Tower,0,0,2,0,2,0,4,112,0,116,0,4,114,0,118,430,0,430,548
07/27/2008,RNM,CA,AWP,WE,Federal Contract Tower,0,0,8,0,8,0,0,103,0,103,0,0,111,0,111,262,0,262,373
07/28/2008,RNM,CA,AWP,WE,Federal Contract Tower,0,0,2,0,2,0,0,48,0,48,0,0,50,0,50,249,0,249,299
07/29/2008,RNM,CA,AWP,WE,Federal Contract Tower,0,0,0,0,0,0,0,64,0,64,0,0,64,0,64,217,0,217,281
07/30/2008,RNM,CA,AWP,WE,Federal Contract Tower,0,0,2,0,2,0,0,90,0,90,0,0,92,0,92,286,0,286,378
07/31/2008,RNM,CA,AWP,WE,Federal Contract Tower,0,0,3,0,3,0,0,112,2,114,0,0,115,2,117,317,2,319,436
08/01/2008,RNM,CA,AWP,WE,Federal Contract Tower,0,0,2,0,2,0,0,95,0,95,0,0,97,0,97,244,0,244,341
08/02/2008,RNM,CA,AWP,WE,Federal Contract Tower,0,0,5,0,5,0,0,107,0,107,0,0,112,0,112,420,0,420,532
08/03/2008,RNM,CA,AWP,WE,Federal Contract Tower,0,0,1,0,1,0,0,110,0,110,0,0,111,0,111,224,0,224,335
08/04/2008,RNM,CA,AWP,WE,Federal Contract Tower,0,0,1,0,1,0,0,99,0,99,0,0,100,0,100,291,0,291,391
08/05/2008,RNM,CA,AWP,WE,Federal Contract Tower,0,0,3,0,3,0,0,108,0,108,0,0,111,0,111,200,0,200,311
08/06/2008,RNM,CA,AWP,WE,Federal Contract Tower,0,1,3,0,4,0,0,103,0,103,0,1,106,0,107,324,0,324,431
08/07/2008,RNM,CA,AWP,WE,Federal Contract Tower,0,0,4,0,4,0,0,73,2,75,0,0,77,2,79,253,0,253,332
08/08/2008,RNM,CA,AWP,WE,Federal Contract Tower,0,0,2,0,2,0,0,96,2,98,0,0,98,2,100,364,4,368,468
08/09/2008,RNM,CA,AWP,WE,Federal Contract Tower,0,0,0,0,0,0,0,110,0,110,0,0,110,0,110,307,0,307,417
08/10/2008,RNM,CA,AWP,WE,Federal Contract Tower,0,0,2,0,2,0,0,123,0,123,0,0,125,0,125,140,0,140,265
08/11/2008,RNM,CA,AWP,WE,Federal Contract Tower,0,0,2,0,2,0,0,97,4,101,0,0,99,4,103,259,0,259,362
08/12/2008,RNM,CA,AWP,WE,Federal Contract Tower,0,0,1,0,1,0,0,82,4,86,0,0,83,4,87,328,4,332,419
08/13/2008,RNM,CA,AWP,WE,Federal Contract Tower,0,0,2,0,2,0,0,75,0,75,0,0,77,0,77,328,0,328,405
08/14/2008,RNM,CA,AWP,WE,Federal Contract Tower,0,0,1,0,1,0,0,76,2,78,0,0,77,2,79,333,0,333,412
08/15/2008,RNM,CA,AWP,WE,Federal Contract Tower,0,0,0,0,0,0,0,78,2,80,0,0,78,2,80,305,4,309,389
08/16/2008,RNM,CA,AWP,WE,Federal Contract Tower,0,0,2,0,2,0,0,117,0,117,0,0,119,0,119,236,0,236,355
08/17/2008,RNM,CA,AWP,WE,Federal Contract Tower,0,0,3,0,3,0,0,145,0,145,0,0,148,0,148,152,0,152,300
08/18/2008,RNM,CA,AWP,WE,Federal Contract Tower,0,0,2,0,2,0,0,123,0,123,0,0,125,0,125,413,0,413,538
08/19/2008,RNM,CA,AWP,WE,Federal Contract Tower,0,0,3,0,3,0,0,90,0,90,0,0,93,0,93,226,0,226,319
08/20/2008,RNM,CA,AWP,WE,Federal Contract Tower,0,0,2,0,2,0,0,95,2,97,0,0,97,2,99,385,2,387,486
08/21/2008,RNM,CA,AWP,WE,Federal Contract Tower,0,0,4,0,4,0,0,87,0,87,0,0,91,0,91,422,0,422,513
08/22/2008,RNM,CA,AWP,WE,Federal Contract Tower,0,0,2,0,2,0,0,66,0,66,0,0,68,0,68,193,0,193,261
08/23/2008,RNM,CA,AWP,WE,Federal Contract Tower,0,0,3,0,3,0,0,121,0,121,0,0,124,0,124,198,0,198,322
08/24/2008,RNM,CA,AWP,WE,Federal Contract Tower,0,0,2,0,2,0,0,110,0,110,0,0,112,0,112,237,0,237,349
08/25/2008,RNM,CA,AWP,WE,Federal Contract Tower,0,0,3,0,3,0,0,77,2,79,0,0,80,2,82,375,0,375,457
08/26/2008,RNM,CA,AWP,WE,Federal Contract Tower,0,0,4,0,4,0,0,101,0,101,0,0,105,0,105,315,0,315,420
08/27/2008,RNM,CA,AWP,WE,Federal Contract Tower,0,0,9,1,10,0,0,75,7,82,0,0,84,8,92,225,5,230,322
08/28/2008,RNM,CA,AWP,WE,Federal Contract Tower,0,0,3,0,3,0,0,82,2,84,0,0,85,2,87,336,0,336,423
08/29/2008,RNM,CA,AWP,WE,Federal Contract Tower,0,0,1,0,1,0,0,96,0,96,0,0,97,0,97,392,0,392,489
08/30/2008,RNM,CA,AWP,WE,Federal Contract Tower,0,0,1,0,1,0,0,79,0,79,0,0,80,0,80,109,0,109,189
08/31/2008,RNM,CA,AWP,WE,Federal Contract Tower,0,0,2,0,2,0,0,102,0,102,0,0,104,0,104,245,0,245,349
09/01/2008,RNM,CA,AWP,WE,Federal Contract Tower,0,0,3,0,3,0,0,91,0,91,0,0,94,0,94,156,0,156,250
09/02/2008,RNM,CA,AWP,WE,Federal Contract Tower,0,0,3,0,3,0,0,119,0,119,0,0,122,0,122,294,0,294,416
09/03/2008,RNM,CA,AWP,WE,Federal Contract Tower,0,0,2,0,2,0,0,97,0,97,0,0,99,0,99,209,0,209,308
09/04/2008,RNM,CA,AWP,WE,Federal Contract Tower,0,0,6,0,6,0,0,94,2,96,0,0,100,2,102,237,6,243,345
09/05/2008,RNM,CA,AWP,WE,Federal Contract Tower,0,0,1,0,1,0,2,127,0,129,0,2,128,0,130,281,0,281,411
09/06/2008,RNM,CA,AWP,WE,Federal Contract Tower,0,0,2,0,2,0,0,126,0,126,0,0,128,0,128,127,0,127,255
09/07/2008,RNM,CA,AWP,WE,Federal Contract Tower,0,0,2,0,2,0,0,86,0,86,0,0,88,0,88,268,0,268,356
09/08/2008,RNM,CA,AWP,WE,Federal Contract Tower,0,0,3,0,3,0,0,103,2,105,0,0,106,2,108,322,2,324,432
09/09/2008,RNM,CA,AWP,WE,Federal Contract Tower,0,0,0,0,0,0,0,80,0,80,0,0,80,0,80,221,0,221,301
09/10/2008,RNM,CA,AWP,WE,Federal Contract Tower,0,0,3,0,3,0,0,86,0,86,0,0,89,0,89,272,0,272,361
09/11/2008,RNM,CA,AWP,WE,Federal Contract Tower,0,0,5,0,5,0,0,50,0,50,0,0,55,0,55,162,0,162,217
09/12/2008,RNM,CA,AWP,WE,Federal Contract Tower,0,2,7,0,9,0,0,48,0,48,0,2,55,0,57,177,0,177,234
09/13/2008,RNM,CA,AWP,WE,Federal Contract Tower,0,0,7,0,7,0,0,85,0,85,0,0,92,0,92,196,0,196,288
09/14/2008,RNM,CA,AWP,WE,Federal Contract Tower,0,0,6,0,6,0,0,126,0,126,0,0,132,0,132,322,0,322,454
09/15/2008,RNM,CA,AWP,WE,Federal Contract Tower,0,0,1,0,1,0,0,142,0,142,0,0,143,0,143,421,0,421,564
09/16/2008,RNM,CA,AWP,WE,Federal Contract Tower,0,0,3,0,3,0,0,43,0,43,0,0,46,0,46,269,0,269,315
09/17/2008,RNM,CA,AWP,WE,Federal Contract Tower,0,0,2,0,2,0,0,95,0,95,0,0,97,0,97,312,0,312,409
09/18/2008,RNM,CA,AWP,WE,Federal Contract Tower,0,0,1,0,1,0,0,98,0,98,0,0,99,0,99,380,0,380,479
09/19/2008,RNM,CA,AWP,WE,Federal Contract Tower,0,0,3,0,3,0,0,116,2,118,0,0,119,2,121,380,0,380,501
09/20/2008,RNM,CA,AWP,WE,Federal Contract Tower,0,0,2,0,2,0,0,107,0,107,0,0,109,0,109,212,0,212,321
09/21/2008,RNM,CA,AWP,WE,Federal Contract Tower,0,0,3,0,3,0,0,105,0,105,0,0,108,0,108,242,0,242,350
09/22/2008,RNM,CA,AWP,WE,Federal Contract Tower,0,0,2,0,2,0,0,76,2,78,0,0,78,2,80,393,2,395,475
09/23/2008,RNM,CA,AWP,WE,Federal Contract Tower,0,0,0,0,0,0,0,97,4,101,0,0,97,4,101,410,6,416,517
09/24/2008,RNM,CA,AWP,WE,Federal Contract Tower,0,0,1,0,1,0,0,117,0,117,0,0,118,0,118,228,0,228,346
09/25/2008,RNM,CA,AWP,WE,Federal Contract Tower,0,0,3,2,5,0,0,67,0,67,0,0,70,2,72,129,10,139,211
09/26/2008,RNM,CA,AWP,WE,Federal Contract Tower,0,1,0,0,1,0,0,117,0,117,0,1,117,0,118,319,0,319,437
09/27/2008,RNM,CA,AWP,WE,Federal Contract Tower,0,0,3,0,3,0,0,130,0,130,0,0,133,0,133,262,0,262,395
09/28/2008,RNM,CA,AWP,WE,Federal Contract Tower,0,4,3,0,7,0,0,112,0,112,0,4,115,0,119,180,0,180,299
09/29/2008,RNM,CA,AWP,WE,Federal Contract Tower,0,0,2,0,2,0,0,70,0,70,0,0,72,0,72,252,0,252,324
09/30/2008,RNM,CA,AWP,WE,Federal Contract Tower,0,0,1,0,1,0,0,81,0,81,0,0,82,0,82,251,0,251,333
10/01/2008,RNM,CA,AWP,WE,Federal Contract Tower,0,0,2,0,2,0,0,57,0,57,0,0,59,0,59,156,0,156,215
10/02/2008,RNM,CA,AWP,WE,Federal Contract Tower,0,0,4,0,4,0,0,104,0,104,0,0,108,0,108,234,0,234,342
10/03/2008,RNM,CA,AWP,WE,Federal Contract Tower,0,0,5,0,5,0,0,106,0,106,0,0,111,0,111,326,0,326,437
10/04/2008,RNM,CA,AWP,WE,Federal Contract Tower,0,0,4,0,4,0,0,26,0,26,0,0,30,0,30,78,0,78,108
10/05/2008,RNM,CA,AWP,WE,Federal Contract Tower,0,0,7,0,7,0,0,65,0,65,0,0,72,0,72,160,0,160,232
10/06/2008,RNM,CA,AWP,WE,Federal Contract Tower,0,0,2,0,2,0,0,97,0,97,0,0,99,0,99,280,0,280,379
10/07/2008,RNM,CA,AWP,WE,Federal Contract Tower,0,0,1,0,1,0,0,77,0,77,0,0,78,0,78,271,0,271,349
10/08/2008,RNM,CA,AWP,WE,Federal Contract Tower,0,0,5,0,5,0,0,123,0,123,0,0,128,0,128,213,0,213,341
10/09/2008,RNM,CA,AWP,WE,Federal Contract Tower,0,0,2,0,2,0,0,67,0,67,0,0,69,0,69,408,0,408,477
10/10/2008,RNM,CA,AWP,WE,Federal Contract Tower,0,1,3,0,4,0,1,45,0,46,0,2,48,0,50,243,0,243,293
10/11/2008,RNM,CA,AWP,WE,Federal Contract Tower,0,0,4,0,4,0,0,81,0,81,0,0,85,0,85,222,0,222,307
10/12/2008,RNM,CA,AWP,WE,Federal Contract Tower,0,0,2,0,2,0,0,105,0,105,0,0,107,0,107,208,0,208,315
10/13/2008,RNM,CA,AWP,WE,Federal Contract Tower,0,0,3,0,3,0,0,80,0,80,0,0,83,0,83,116,0,116,199
10/14/2008,RNM,CA,AWP,WE,Federal Contract Tower,0,0,3,0,3,0,0,44,0,44,0,0,47,0,47,154,0,154,201
10/15/2008,RNM,CA,AWP,WE,Federal Contract Tower,0,0,5,0,5,0,0,55,0,55,0,0,60,0,60,139,0,139,199
10/16/2008,RNM,CA,AWP,WE,Federal Contract Tower,0,0,4,0,4,0,0,75,2,77,0,0,79,2,81,243,8,251,332
10/17/2008,RNM,CA,AWP,WE,Federal Contract Tower,0,0,5,0,5,0,0,106,0,106,0,0,111,0,111,340,0,340,451
10/18/2008,RNM,CA,AWP,WE,Federal Contract Tower,0,0,5,0,5,0,0,104,0,104,0,0,109,0,109,211,0,211,320
10/19/2008,RNM,CA,AWP,WE,Federal Contract Tower,0,0,0,0,0,0,0,103,0,103,0,0,103,0,103,211,0,211,314
10/20/2008,RNM,CA,AWP,WE,Federal Contract Tower,0,0,1,0,1,0,0,62,0,62,0,0,63,0,63,250,0,250,313
10/21/2008,RNM,CA,AWP,WE,Federal Contract Tower,0,0,4,0,4,0,0,83,0,83,0,0,87,0,87,200,0,200,287
10/22/2008,RNM,CA,AWP,WE,Federal Contract Tower,0,0,1,0,1,0,0,78,0,78,0,0,79,0,79,127,0,127,206
10/23/2008,RNM,CA,AWP,WE,Federal Contract Tower,0,0,4,0,4,0,0,85,0,85,0,0,89,0,89,305,0,305,394
10/24/2008,RNM,CA,AWP,WE,Federal Contract Tower,0,0,4,0,4,0,0,92,0,92,0,0,96,0,96,314,0,314,410
10/25/2008,RNM,CA,AWP,WE,Federal Contract Tower,0,0,3,0,3,0,0,126,0,126,0,0,129,0,129,358,0,358,487
10/26/2008,RNM,CA,AWP,WE,Federal Contract Tower,0,0,1,0,1,0,0,92,0,92,0,0,93,0,93,186,0,186,279
10/27/2008,RNM,CA,AWP,WE,Federal Contract Tower,0,0,5,0,5,0,0,97,0,97,0,0,102,0,102,445,0,445,547
10/28/2008,RNM,CA,AWP,WE,Federal Contract Tower,0,0,6,0,6,0,0,87,0,87,0,0,93,0,93,217,0,217,310
10/29/2008,RNM,CA,AWP,WE,Federal Contract Tower,0,0,3,0,3,0,0,110,0,110,0,0,113,0,113,348,0,348,461
10/30/2008,RNM,CA,AWP,WE,Federal Contract Tower,0,0,2,0,2,0,0,73,0,73,0,0,75,0,75,286,0,286,361
10/31/2008,RNM,CA,AWP,WE,Federal Contract Tower,0,0,3,0,3,0,0,84,2,86,0,0,87,2,89,238,10,248,337
11/01/2008,RNM,CA,AWP,WE,Federal Contract Tower,0,0,0,0,0,0,0,115,0,115,0,0,115,0,115,318,0,318,433
11/02/2008,RNM,CA,AWP,WE,Federal Contract Tower,0,0,2,0,2,0,0,22,0,22,0,0,24,0,24,62,0,62,86
11/03/2008,RNM,CA,AWP,WE,Federal Contract Tower,0,0,6,0,6,0,0,34,0,34,0,0,40,0,40,306,0,306,346
11/04/2008,RNM,CA,AWP,WE,Federal Contract Tower,0,0,3,0,3,0,0,12,0,12,0,0,15,0,15,22,0,22,37
11/05/2008,RNM,CA,AWP,WE,Federal Contract Tower,0,0,2,0,2,0,0,90,0,90,0,0,92,0,92,196,0,196,288
11/06/2008,RNM,CA,AWP,WE,Federal Contract Tower,0,0,1,0,1,0,0,100,0,100,0,0,101,0,101,194,0,194,295
11/07/2008,RNM,CA,AWP,WE,Federal Contract Tower,0,0,1,0,1,0,0,81,0,81,0,0,82,0,82,144,0,144,226
11/08/2008,RNM,CA,AWP,WE,Federal Contract Tower,0,0,1,0,1,0,0,189,0,189,0,0,190,0,190,300,0,300,490
11/09/2008,RNM,CA,AWP,WE,Federal Contract Tower,0,0,3,0,3,0,0,6,0,6,0,0,9,0,9,16,0,16,25
11/10/2008,RNM,CA,AWP,WE,Federal Contract Tower,0,0,4,0,4,0,0,79,2,81,0,0,83,2,85,258,0,258,343
11/11/2008,RNM,CA,AWP,WE,Federal Contract Tower,0,0,2,0,2,0,0,98,0,98,0,0,100,0,100,332,0,332,432
11/12/2008,RNM,CA,AWP,WE,Federal Contract Tower,0,0,4,0,4,0,0,102,0,102,0,0,106,0,106,234,0,234,340
11/13/2008,RNM,CA,AWP,WE,Federal Contract Tower,0,0,3,0,3,0,0,128,0,128,0,0,131,0,131,357,0,357,488
11/14/2008,RNM,CA,AWP,WE,Federal Contract Tower,0,0,3,0,3,0,2,60,2,64,0,2,63,2,67,222,0,222,289
11/15/2008,RNM,CA,AWP,WE,Federal Contract Tower,0,0,1,0,1,0,0,75,0,75,0,0,76,0,76,104,0,104,180
11/16/2008,RNM,CA,AWP,WE,Federal Contract Tower,0,0,2,0,2,0,0,54,0,54,0,0,56,0,56,92,0,92,148
11/17/2008,RNM,CA,AWP,WE,Federal Contract Tower,0,0,4,0,4,0,0,103,0,103,0,0,107,0,107,180,0,180,287
11/18/2008,RNM,CA,AWP,WE,Federal Contract Tower,0,0,2,0,2,0,0,70,0,70,0,0,72,0,72,260,0,260,332
11/19/2008,RNM,CA,AWP,WE,Federal Contract Tower,0,0,2,0,2,0,0,98,0,98,0,0,100,0,100,336,0,336,436
11/20/2008,RNM,CA,AWP,WE,Federal Contract Tower,0,0,4,0,4,0,0,87,0,87,0,0,91,0,91,342,0,342,433
11/21/2008,RNM,CA,AWP,WE,Federal Contract Tower,0,0,3,0,3,0,0,106,0,106,0,0,109,0,109,300,0,300,409
11/22/2008,RNM,CA,AWP,WE,Federal Contract Tower,0,0,2,0,2,0,2,142,0,144,0,2,144,0,146,250,0,250,396
11/23/2008,RNM,CA,AWP,WE,Federal Contract Tower,0,0,9,0,9,0,2,70,0,72,0,2,79,0,81,140,0,140,221
11/24/2008,RNM,CA,AWP,WE,Federal Contract Tower,0,0,5,0,5,0,0,74,0,74,0,0,79,0,79,226,0,226,305
11/25/2008,RNM,CA,AWP,WE,Federal Contract Tower,0,0,3,0,3,0,0,63,0,63,0,0,66,0,66,196,0,196,262
11/26/2008,RNM,CA,AWP,WE,Federal Contract Tower,0,0,4,0,4,0,0,22,0,22,0,0,26,0,26,58,0,58,84
11/27/2008,RNM,CA,AWP,WE,Federal Contract Tower,0,0,5,0,5,0,0,8,0,8,0,0,13,0,13,36,0,36,49
11/28/2008,RNM,CA,AWP,WE,Federal Contract Tower,0,0,5,0,5,0,0,49,0,49,0,0,54,0,54,306,0,306,360
11/29/2008,RNM,CA,AWP,WE,Federal Contract Tower,0,0,1,0,1,0,0,135,0,135,0,0,136,0,136,412,0,412,548
11/30/2008,RNM,CA,AWP,WE,Federal Contract Tower,0,0,4,0,4,0,0,112,0,112,0,0,116,0,116,232,0,232,348
12/01/2008,RNM,CA,AWP,WE,Federal Contract Tower,0,0,2,0,2,0,0,100,0,100,0,0,102,0,102,295,0,295,397
12/02/2008,RNM,CA,AWP,WE,Federal Contract Tower,0,0,3,0,3,0,0,50,0,50,0,0,53,0,53,186,0,186,239
12/03/2008,RNM,CA,AWP,WE,Federal Contract Tower,0,0,7,0,7,0,0,66,0,66,0,0,73,0,73,236,0,236,309
12/04/2008,RNM,CA,AWP,WE,Federal Contract Tower,0,0,14,0,14,0,0,89,0,89,0,0,103,0,103,362,0,362,465
12/05/2008,RNM,CA,AWP,WE,Federal Contract Tower,0,0,3,0,3,0,0,87,0,87,0,0,90,0,90,444,0,444,534
12/06/2008,RNM,CA,AWP,WE,Federal Contract Tower,0,0,1,0,1,0,0,143,0,143,0,0,144,0,144,412,0,412,556
12/07/2008,RNM,CA,AWP,WE,Federal Contract Tower,0,0,9,0,9,0,0,65,0,65,0,0,74,0,74,105,0,105,179
12/08/2008,RNM,CA,AWP,WE,Federal Contract Tower,0,0,6,0,6,0,0,27,0,27,0,0,33,0,33,214,0,214,247
12/09/2008,RNM,CA,AWP,WE,Federal Contract Tower,0,0,2,0,2,0,0,25,0,25,0,0,27,0,27,28,0,28,55
12/10/2008,RNM,CA,AWP,WE,Federal Contract Tower,0,0,3,0,3,0,0,63,0,63,0,0,66,0,66,226,0,226,292
12/11/2008,RNM,CA,AWP,WE,Federal Contract Tower,0,0,3,0,3,0,0,105,0,105,0,0,108,0,108,316,0,316,424
12/12/2008,RNM,CA,AWP,WE,Federal Contract Tower,0,0,6,0,6,0,0,78,2,80,0,0,84,2,86,290,2,292,378
12/13/2008,RNM,CA,AWP,WE,Federal Contract Tower,0,0,6,0,6,0,0,9,0,9,0,0,15,0,15,58,0,58,73
12/14/2008,RNM,CA,AWP,WE,Federal Contract Tower,0,2,3,0,5,0,0,59,0,59,0,2,62,0,64,72,0,72,136
12/15/2008,RNM,CA,AWP,WE,Federal Contract Tower,0,0,0,0,0,0,0,0,0,0,0,0,0,0,0,0,0,0,0
12/16/2008,RNM,CA,AWP,WE,Federal Contract Tower,0,0,4,0,4,0,0,41,2,43,0,0,45,2,47,170,6,176,223
12/17/2008,RNM,CA,AWP,WE,Federal Contract Tower,0,0,0,0,0,0,0,0,0,0,0,0,0,0,0,2,0,2,2
12/18/2008,RNM,CA,AWP,WE,Federal Contract Tower,0,1,4,0,5,0,0,77,0,77,0,1,81,0,82,188,0,188,270
12/19/2008,RNM,CA,AWP,WE,Federal Contract Tower,0,0,3,0,3,0,0,116,4,120,0,0,119,4,123,250,8,258,381
12/20/2008,RNM,CA,AWP,WE,Federal Contract Tower,0,0,2,0,2,0,0,118,0,118,0,0,120,0,120,254,0,254,374
12/21/2008,RNM,CA,AWP,WE,Federal Contract Tower,0,0,1,0,1,0,0,116,0,116,0,0,117,0,117,170,0,170,287
12/22/2008,RNM,CA,AWP,WE,Federal Contract Tower,0,0,0,0,0,0,0,0,0,0,0,0,0,0,0,10,0,10,10
12/23/2008,RNM,CA,AWP,WE,Federal Contract Tower,0,0,6,0,6,0,0,34,0,34,0,0,40,0,40,80,0,80,120
12/24/2008,RNM,CA,AWP,WE,Federal Contract Tower,0,0,2,0,2,0,0,33,0,33,0,0,35,0,35,97,0,97,132
12/25/2008,RNM,CA,AWP,WE,Federal Contract Tower,0,0,0,0,0,0,0,0,0,0,0,0,0,0,0,0,0,0,0
12/26/2008,RNM,CA,AWP,WE,Federal Contract Tower,0,0,1,0,1,0,0,61,0,61,0,0,62,0,62,146,0,146,208
12/27/2008,RNM,CA,AWP,WE,Federal Contract Tower,0,0,1,0,1,0,0,69,0,69,0,0,70,0,70,102,0,102,172
12/28/2008,RNM,CA,AWP,WE,Federal Contract Tower,0,0,2,0,2,0,2,128,0,130,0,2,130,0,132,173,0,173,305
12/29/2008,RNM,CA,AWP,WE,Federal Contract Tower,0,0,3,0,3,0,3,108,0,111,0,3,111,0,114,258,0,258,372
12/30/2008,RNM,CA,AWP,WE,Federal Contract Tower,0,0,6,0,6,0,0,126,2,128,0,0,132,2,134,385,2,387,521
12/31/2008,RNM,CA,AWP,WE,Federal Contract Tower,0,0,1,0,1,0,0,103,0,103,0,0,104,0,104,345,0,345,449
01/01/2009,RNM,CA,AWP,WE,Federal Contract Tower,0,0,0,0,0,0,0,86,0,86,0,0,86,0,86,139,0,139,225
01/02/2009,RNM,CA,AWP,WE,Federal Contract Tower,0,0,13,0,13,0,0,30,0,30,0,0,43,0,43,55,0,55,98
01/03/2009,RNM,CA,AWP,WE,Federal Contract Tower,0,0,5,0,5,0,0,7,0,7,0,0,12,0,12,8,0,8,20
01/04/2009,RNM,CA,AWP,WE,Federal Contract Tower,0,0,4,0,4,0,0,90,0,90,0,0,94,0,94,166,0,166,260
01/05/2009,RNM,CA,AWP,WE,Federal Contract Tower,0,0,6,0,6,0,0,76,6,82,0,0,82,6,88,154,6,160,248
01/06/2009,RNM,CA,AWP,WE,Federal Contract Tower,0,0,5,0,5,0,1,89,2,92,0,1,94,2,97,272,4,276,373
01/07/2009,RNM,CA,AWP,WE,Federal Contract Tower,0,0,3,0,3,0,2,79,5,86,0,2,82,5,89,353,8,361,450
01/08/2009,RNM,CA,AWP,WE,Federal Contract Tower,0,0,3,0,3,0,0,124,0,124,0,0,127,0,127,432,0,432,559
01/09/2009,RNM,CA,AWP,WE,Federal Contract Tower,0,0,0,0,0,0,0,72,4,76,0,0,72,4,76,290,8,298,374
01/10/2009,RNM,CA,AWP,WE,Federal Contract Tower,0,0,3,0,3,0,0,17,0,17,0,0,20,0,20,14,0,14,34
01/11/2009,RNM,CA,AWP,WE,Federal Contract Tower,0,0,0,0,0,0,0,60,0,60,0,0,60,0,60,48,0,48,108
01/12/2009,RNM,CA,AWP,WE,Federal Contract Tower,0,0,2,0,2,0,8,46,0,54,0,8,48,0,56,28,0,28,84
01/13/2009,RNM,CA,AWP,WE,Federal Contract Tower,0,0,2,0,2,0,0,58,2,60,0,0,60,2,62,177,2,179,241
01/14/2009,RNM,CA,AWP,WE,Federal Contract Tower,0,0,1,0,1,0,0,89,2,91,0,0,90,2,92,237,0,237,329
01/15/2009,RNM,CA,AWP,WE,Federal Contract Tower,0,2,3,0,5,0,0,73,2,75,0,2,76,2,80,200,0,200,280
01/16/2009,RNM,CA,AWP,WE,Federal Contract Tower,0,0,3,0,3,0,3,110,2,115,0,3,113,2,118,164,2,166,284
01/17/2009,RNM,CA,AWP,WE,Federal Contract Tower,0,0,1,0,1,0,0,174,0,174,0,0,175,0,175,284,0,284,459
01/18/2009,RNM,CA,AWP,WE,Federal Contract Tower,0,0,0,0,0,0,0,111,0,111,0,0,111,0,111,134,0,134,245
01/19/2009,RNM,CA,AWP,WE,Federal Contract Tower,0,0,1,0,1,0,0,117,0,117,0,0,118,0,118,311,0,311,429
01/20/2009,RNM,CA,AWP,WE,Federal Contract Tower,0,0,5,0,5,0,0,79,2,81,0,0,84,2,86,256,0,256,342
01/21/2009,RNM,CA,AWP,WE,Federal Contract Tower,0,0,4,0,4,0,0,86,2,88,0,0,90,2,92,332,10,342,434
01/22/2009,RNM,CA,AWP,WE,Federal Contract Tower,0,0,2,0,2,0,0,64,2,66,0,0,66,2,68,280,2,282,350
01/23/2009,RNM,CA,AWP,WE,Federal Contract Tower,0,0,11,0,11,0,0,23,0,23,0,0,34,0,34,74,0,74,108
01/24/2009,RNM,CA,AWP,WE,Federal Contract Tower,0,0,9,0,9,0,0,35,0,35,0,0,44,0,44,112,0,112,156
01/25/2009,RNM,CA,AWP,WE,Federal Contract Tower,0,0,8,0,8,0,0,26,0,26,0,0,34,0,34,52,0,52,86
01/26/2009,RNM,CA,AWP,WE,Federal Contract Tower,0,0,3,0,3,0,2,28,0,30,0,2,31,0,33,76,0,76,109
01/27/2009,RNM,CA,AWP,WE,Federal Contract Tower,0,0,4,0,4,0,0,84,0,84,0,0,88,0,88,401,0,401,489
01/28/2009,RNM,CA,AWP,WE,Federal Contract Tower,0,0,7,0,7,0,0,111,0,111,0,0,118,0,118,336,0,336,454
01/29/2009,RNM,CA,AWP,WE,Federal Contract Tower,0,0,0,0,0,0,0,17,0,17,0,0,17,0,17,46,0,46,63
01/30/2009,RNM,CA,AWP,WE,Federal Contract Tower,0,0,2,0,2,0,0,50,2,52,0,0,52,2,54,114,2,116,170
01/31/2009,RNM,CA,AWP,WE,Federal Contract Tower,0,0,0,0,0,0,0,138,0,138,0,0,138,0,138,266,0,266,404
02/01/2009,RNM,CA,AWP,WE,Federal Contract Tower,0,0,4,0,4,0,0,130,0,130,0,0,134,0,134,160,0,160,294
02/02/2009,RNM,CA,AWP,WE,Federal Contract Tower,0,0,1,0,1,0,0,99,0,99,0,0,100,0,100,204,0,204,304
02/03/2009,RNM,CA,AWP,WE,Federal Contract Tower,0,1,2,0,3,0,2,73,2,77,0,3,75,2,80,260,0,260,340
02/04/2009,RNM,CA,AWP,WE,Federal Contract Tower,0,1,1,0,2,0,0,87,4,91,0,1,88,4,93,361,6,367,460
02/05/2009,RNM,CA,AWP,WE,Federal Contract Tower,0,1,2,0,3,0,1,41,0,42,0,2,43,0,45,167,0,167,212
02/06/2009,RNM,CA,AWP,WE,Federal Contract Tower,0,0,3,0,3,0,0,2,0,2,0,0,5,0,5,6,0,6,11
02/07/2009,RNM,CA,AWP,WE,Federal Contract Tower,0,0,2,0,2,0,0,3,0,3,0,0,5,0,5,4,0,4,9
02/08/2009,RNM,CA,AWP,WE,Federal Contract Tower,0,0,2,0,2,0,0,20,0,20,0,0,22,0,22,44,0,44,66
02/09/2009,RNM,CA,AWP,WE,Federal Contract Tower,0,0,2,0,2,0,0,0,0,0,0,0,2,0,2,0,0,0,2
02/10/2009,RNM,CA,AWP,WE,Federal Contract Tower,0,0,0,0,0,0,0,112,5,117,0,0,112,5,117,339,2,341,458
02/11/2009,RNM,CA,AWP,WE,Federal Contract Tower,0,0,6,0,6,0,1,105,0,106,0,1,111,0,112,475,0,475,587
02/12/2009,RNM,CA,AWP,WE,Federal Contract Tower,0,0,3,0,3,0,0,37,0,37,0,0,40,0,40,228,2,230,270
02/13/2009,RNM,CA,AWP,WE,Federal Contract Tower,0,0,3,0,3,0,0,21,0,21,0,0,24,0,24,101,0,101,125
02/14/2009,RNM,CA,AWP,WE,Federal Contract Tower,0,0,0,0,0,0,2,96,0,98,0,2,96,0,98,196,0,196,294
02/15/2009,RNM,CA,AWP,WE,Federal Contract Tower,0,0,3,0,3,0,0,124,0,124,0,0,127,0,127,178,0,178,305
02/16/2009,RNM,CA,AWP,WE,Federal Contract Tower,0,0,2,0,2,0,0,0,0,0,0,0,2,0,2,0,0,0,2
02/17/2009,RNM,CA,AWP,WE,Federal Contract Tower,0,0,0,0,0,0,0,19,0,19,0,0,19,0,19,130,0,130,149
02/18/2009,RNM,CA,AWP,WE,Federal Contract Tower,0,0,2,0,2,0,0,112,4,116,0,0,114,4,118,399,6,405,523
02/19/2009,RNM,CA,AWP,WE,Federal Contract Tower,0,0,4,0,4,0,0,62,2,64,0,0,66,2,68,254,6,260,328
02/20/2009,RNM,CA,AWP,WE,Federal Contract Tower,0,0,1,0,1,0,0,134,0,134,0,0,135,0,135,454,0,454,589
02/21/2009,RNM,CA,AWP,WE,Federal Contract Tower,0,0,4,0,4,0,0,155,0,155,0,0,159,0,159,272,0,272,431
02/22/2009,RNM,CA,AWP,WE,Federal Contract Tower,0,0,0,0,0,0,0,80,0,80,0,0,80,0,80,232,0,232,312
02/23/2009,RNM,CA,AWP,WE,Federal Contract Tower,0,0,2,0,2,0,0,84,2,86,0,0,86,2,88,254,0,254,342
02/24/2009,RNM,CA,AWP,WE,Federal Contract Tower,0,0,2,0,2,0,0,90,4,94,0,0,92,4,96,305,4,309,405
02/25/2009,RNM,CA,AWP,WE,Federal Contract Tower,0,0,8,0,8,0,0,56,0,56,0,0,64,0,64,270,0,270,334
02/26/2009,RNM,CA,AWP,WE,Federal Contract Tower,0,0,2,0,2,0,0,82,0,82,0,0,84,0,84,322,0,322,406
02/27/2009,RNM,CA,AWP,WE,Federal Contract Tower,0,0,3,0,3,0,0,75,0,75,0,0,78,0,78,246,0,246,324
02/28/2009,RNM,CA,AWP,WE,Federal Contract Tower,0,0,1,0,1,0,0,129,0,129,0,0,130,0,130,262,0,262,392
03/01/2009,RNM,CA,AWP,WE,Federal Contract Tower,0,0,2,0,2,0,0,155,0,155,0,0,157,0,157,250,0,250,407
03/02/2009,RNM,CA,AWP,WE,Federal Contract Tower,0,0,1,0,1,0,2,70,6,78,0,2,71,6,79,283,6,289,368
03/03/2009,RNM,CA,AWP,WE,Federal Contract Tower,0,0,2,0,2,0,0,65,5,70,0,0,67,5,72,206,4,210,282
03/04/2009,RNM,CA,AWP,WE,Federal Contract Tower,0,0,10,0,10,0,0,64,2,66,0,0,74,2,76,262,10,272,348
03/05/2009,RNM,CA,AWP,WE,Federal Contract Tower,0,0,10,0,10,0,0,45,0,45,0,0,55,0,55,194,0,194,249
03/06/2009,RNM,CA,AWP,WE,Federal Contract Tower,0,0,8,0,8,0,0,66,0,66,0,0,74,0,74,290,0,290,364
03/07/2009,RNM,CA,AWP,WE,Federal Contract Tower,0,0,3,0,3,0,0,137,0,137,0,0,140,0,140,332,0,332,472
03/08/2009,RNM,CA,AWP,WE,Federal Contract Tower,0,0,4,0,4,0,0,96,0,96,0,0,100,0,100,208,0,208,308
03/09/2009,RNM,CA,AWP,WE,Federal Contract Tower,0,0,3,0,3,0,0,28,0,28,0,0,31,0,31,262,0,262,293
03/10/2009,RNM,CA,AWP,WE,Federal Contract Tower,0,0,2,0,2,0,0,112,6,118,0,0,114,6,120,206,2,208,328
03/11/2009,RNM,CA,AWP,WE,Federal Contract Tower,0,0,10,0,10,0,0,43,0,43,0,0,53,0,53,236,0,236,289
03/12/2009,RNM,CA,AWP,WE,Federal Contract Tower,0,0,9,0,9,0,0,62,0,62,0,0,71,0,71,320,0,320,391
03/13/2009,RNM,CA,AWP,WE,Federal Contract Tower,0,0,2,0,2,0,0,107,0,107,0,0,109,0,109,392,0,392,501
03/14/2009,RNM,CA,AWP,WE,Federal Contract Tower,0,0,7,0,7,0,0,25,0,25,0,0,32,0,32,74,0,74,106
03/15/2009,RNM,CA,AWP,WE,Federal Contract Tower,0,0,7,0,7,0,0,99,0,99,0,0,106,0,106,158,0,158,264
03/16/2009,RNM,CA,AWP,WE,Federal Contract Tower,0,0,1,0,1,0,0,129,2,131,0,0,130,2,132,578,0,578,710
03/17/2009,RNM,CA,AWP,WE,Federal Contract Tower,0,0,3,0,3,0,0,101,4,105,0,0,104,4,108,369,4,373,481
03/18/2009,RNM,CA,AWP,WE,Federal Contract Tower,0,0,4,0,4,0,0,79,2,81,0,0,83,2,85,321,0,321,406
03/19/2009,RNM,CA,AWP,WE,Federal Contract Tower,0,2,7,0,9,0,0,94,2,96,0,2,101,2,105,418,6,424,529
03/20/2009,RNM,CA,AWP,WE,Federal Contract Tower,0,1,1,0,2,0,0,80,0,80,0,1,81,0,82,338,0,338,420
03/21/2009,RNM,CA,AWP,WE,Federal Contract Tower,0,0,5,0,5,0,0,143,0,143,0,0,148,0,148,272,0,272,420
03/22/2009,RNM,CA,AWP,WE,Federal Contract Tower,0,1,0,0,1,0,0,6,0,6,0,1,6,0,7,4,0,4,11
03/23/2009,RNM,CA,AWP,WE,Federal Contract Tower,0,0,6,0,6,0,0,101,2,103,0,0,107,2,109,398,4,402,511
03/24/2009,RNM,CA,AWP,WE,Federal Contract Tower,0,0,1,0,1,0,0,82,4,86,0,0,83,4,87,245,4,249,336
03/25/2009,RNM,CA,AWP,WE,Federal Contract Tower,0,0,1,0,1,0,0,96,3,99,0,0,97,3,100,191,4,195,295
03/26/2009,RNM,CA,AWP,WE,Federal Contract Tower,0,0,2,0,2,0,8,68,0,76,0,8,70,0,78,337,0,337,415
03/27/2009,RNM,CA,AWP,WE,Federal Contract Tower,0,0,2,0,2,0,0,57,2,59,0,0,59,2,61,136,0,136,197
03/28/2009,RNM,CA,AWP,WE,Federal Contract Tower,0,0,3,0,3,0,0,121,0,121,0,0,124,0,124,310,0,310,434
03/29/2009,RNM,CA,AWP,WE,Federal Contract Tower,0,0,6,0,6,0,4,91,0,95,0,4,97,0,101,212,0,212,313
03/30/2009,RNM,CA,AWP,WE,Federal Contract Tower,0,0,2,0,2,0,0,66,0,66,0,0,68,0,68,116,0,116,184
03/31/2009,RNM,CA,AWP,WE,Federal Contract Tower,0,0,4,0,4,0,2,105,4,111,0,2,109,4,115,372,4,376,491
04/01/2009,RNM,CA,AWP,WE,Federal Contract Tower,0,0,6,0,6,0,0,48,8,56,0,0,54,8,62,162,14,176,238
04/02/2009,RNM,CA,AWP,WE,Federal Contract Tower,0,1,9,0,10,0,0,32,0,32,0,1,41,0,42,232,0,232,274
04/03/2009,RNM,CA,AWP,WE,Federal Contract Tower,0,1,6,0,7,0,0,21,0,21,0,1,27,0,28,250,0,250,278
04/04/2009,RNM,CA,AWP,WE,Federal Contract Tower,0,0,2,0,2,0,2,135,2,139,0,2,137,2,141,208,0,208,349
04/05/2009,RNM,CA,AWP,WE,Federal Contract Tower,0,0,4,0,4,0,0,41,0,41,0,0,45,0,45,74,0,74,119
04/06/2009,RNM,CA,AWP,WE,Federal Contract Tower,0,0,2,0,2,0,1,80,8,89,0,1,82,8,91,205,8,213,304
04/07/2009,RNM,CA,AWP,WE,Federal Contract Tower,0,0,7,0,7,0,0,98,3,101,0,0,105,3,108,253,2,255,363
04/08/2009,RNM,CA,AWP,WE,Federal Contract Tower,0,1,6,0,7,0,0,35,4,39,0,1,41,4,46,159,2,161,207
04/09/2009,RNM,CA,AWP,WE,Federal Contract Tower,0,4,6,0,10,0,2,50,0,52,0,6,56,0,62,98,0,98,160
04/10/2009,RNM,CA,AWP,WE,Federal Contract Tower,0,0,5,0,5,0,0,10,0,10,0,0,15,0,15,72,0,72,87
04/11/2009,RNM,CA,AWP,WE,Federal Contract Tower,0,0,6,0,6,0,0,14,0,14,0,0,20,0,20,126,0,126,146
04/12/2009,RNM,CA,AWP,WE,Federal Contract Tower,0,0,2,0,2,0,0,95,0,95,0,0,97,0,97,128,0,128,225
04/13/2009,RNM,CA,AWP,WE,Federal Contract Tower,0,0,3,0,3,0,0,111,0,111,0,0,114,0,114,194,0,194,308
04/14/2009,RNM,CA,AWP,WE,Federal Contract Tower,0,0,5,0,5,0,0,30,0,30,0,0,35,0,35,108,0,108,143
04/15/2009,RNM,CA,AWP,WE,Federal Contract Tower,0,0,2,0,2,0,0,23,2,25,0,0,25,2,27,164,0,164,191
04/16/2009,RNM,CA,AWP,WE,Federal Contract Tower,0,0,2,0,2,0,0,109,4,113,0,0,111,4,115,389,2,391,506
04/17/2009,RNM,CA,AWP,WE,Federal Contract Tower,0,0,2,0,2,0,0,141,0,141,0,0,143,0,143,412,8,420,563
04/18/2009,RNM,CA,AWP,WE,Federal Contract Tower,0,0,4,0,4,0,0,139,0,139,0,0,143,0,143,292,0,292,435
04/19/2009,RNM,CA,AWP,WE,Federal Contract Tower,0,0,2,0,2,0,2,95,0,97,0,2,97,0,99,98,0,98,197
04/20/2009,RNM,CA,AWP,WE,Federal Contract Tower,0,0,2,0,2,0,0,71,0,71,0,0,73,0,73,151,0,151,224
04/21/2009,RNM,CA,AWP,WE,Federal Contract Tower,0,0,3,0,3,0,0,89,0,89,0,0,92,0,92,208,6,214,306
04/22/2009,RNM,CA,AWP,WE,Federal Contract Tower,0,0,4,0,4,0,0,101,0,101,0,0,105,0,105,177,0,177,282
04/23/2009,RNM,CA,AWP,WE,Federal Contract Tower,0,0,8,0,8,0,0,52,0,52,0,0,60,0,60,204,0,204,264
04/24/2009,RNM,CA,AWP,WE,Federal Contract Tower,0,0,9,0,9,0,0,60,0,60,0,0,69,0,69,90,0,90,159
04/25/2009,RNM,CA,AWP,WE,Federal Contract Tower,0,0,3,0,3,0,2,70,0,72,0,2,73,0,75,189,0,189,264
04/26/2009,RNM,CA,AWP,WE,Federal Contract Tower,0,0,3,0,3,0,0,121,0,121,0,0,124,0,124,129,0,129,253
04/27/2009,RNM,CA,AWP,WE,Federal Contract Tower,0,0,3,0,3,0,0,78,0,78,0,0,81,0,81,238,0,238,319
04/28/2009,RNM,CA,AWP,WE,Federal Contract Tower,0,0,3,0,3,0,0,55,0,55,0,0,58,0,58,241,0,241,299
04/29/2009,RNM,CA,AWP,WE,Federal Contract Tower,0,0,4,0,4,0,0,95,0,95,0,0,99,0,99,207,0,207,306
04/30/2009,RNM,CA,AWP,WE,Federal Contract Tower,0,0,2,0,2,0,0,132,0,132,0,0,134,0,134,182,0,182,316
05/01/2009,RNM,CA,AWP,WE,Federal Contract Tower,0,0,6,0,6,0,0,135,2,137,0,0,141,2,143,326,2,328,471
05/02/2009,RNM,CA,AWP,WE,Federal Contract Tower,0,0,9,0,9,0,0,51,0,51,0,0,60,0,60,174,0,174,234
05/03/2009,RNM,CA,AWP,WE,Federal Contract Tower,0,0,8,0,8,0,2,100,0,102,0,2,108,0,110,196,0,196,306
05/04/2009,RNM,CA,AWP,WE,Federal Contract Tower,0,0,4,0,4,0,0,77,2,79,0,0,81,2,83,293,6,299,382
05/05/2009,RNM,CA,AWP,WE,Federal Contract Tower,0,0,3,0,3,0,1,125,0,126,0,1,128,0,129,421,0,421,550
05/06/2009,RNM,CA,AWP,WE,Federal Contract Tower,0,0,4,0,4,0,0,145,4,149,0,0,149,4,153,360,2,362,515
05/07/2009,RNM,CA,AWP,WE,Federal Contract Tower,0,0,4,0,4,0,0,138,0,138,0,0,142,0,142,326,0,326,468
05/08/2009,RNM,CA,AWP,WE,Federal Contract Tower,0,0,7,0,7,0,0,151,0,151,0,0,158,0,158,532,0,532,690
05/09/2009,RNM,CA,AWP,WE,Federal Contract Tower,0,0,6,0,6,0,0,107,0,107,0,0,113,0,113,207,0,207,320
05/10/2009,RNM,CA,AWP,WE,Federal Contract Tower,0,0,5,0,5,0,0,103,0,103,0,0,108,0,108,202,0,202,310
05/11/2009,RNM,CA,AWP,WE,Federal Contract Tower,0,0,3,0,3,0,0,83,0,83,0,0,86,0,86,184,0,184,270
05/12/2009,RNM,CA,AWP,WE,Federal Contract Tower,0,0,5,0,5,0,0,73,0,73,0,0,78,0,78,179,0,179,257
05/13/2009,RNM,CA,AWP,WE,Federal Contract Tower,0,0,4,0,4,0,0,92,2,94,0,0,96,2,98,204,6,210,308
05/14/2009,RNM,CA,AWP,WE,Federal Contract Tower,0,0,4,0,4,0,0,111,0,111,0,0,115,0,115,360,0,360,475
05/15/2009,RNM,CA,AWP,WE,Federal Contract Tower,0,0,2,0,2,0,2,128,0,130,0,2,130,0,132,520,0,520,652
05/16/2009,RNM,CA,AWP,WE,Federal Contract Tower,0,0,1,0,1,0,0,119,0,119,0,0,120,0,120,318,0,318,438
05/17/2009,RNM,CA,AWP,WE,Federal Contract Tower,0,0,2,0,2,0,0,140,0,140,0,0,142,0,142,263,0,263,405
05/18/2009,RNM,CA,AWP,WE,Federal Contract Tower,0,0,0,0,0,0,0,86,2,88,0,0,86,2,88,342,0,342,430
05/19/2009,RNM,CA,AWP,WE,Federal Contract Tower,0,0,8,0,8,0,0,105,0,105,0,0,113,0,113,328,0,328,441
05/20/2009,RNM,CA,AWP,WE,Federal Contract Tower,0,0,3,0,3,0,0,106,0,106,0,0,109,0,109,294,0,294,403
05/21/2009,RNM,CA,AWP,WE,Federal Contract Tower,0,0,6,0,6,0,0,126,0,126,0,0,132,0,132,414,0,414,546
05/22/2009,RNM,CA,AWP,WE,Federal Contract Tower,0,0,6,0,6,0,0,162,0,162,0,0,168,0,168,508,0,508,676
05/23/2009,RNM,CA,AWP,WE,Federal Contract Tower,0,0,0,0,0,0,0,126,0,126,0,0,126,0,126,302,0,302,428
05/24/2009,RNM,CA,AWP,WE,Federal Contract Tower,0,0,3,0,3,0,0,121,0,121,0,0,124,0,124,168,0,168,292
05/25/2009,RNM,CA,AWP,WE,Federal Contract Tower,0,6,0,0,6,0,97,0,0,97,0,103,0,0,103,137,0,137,240
05/26/2009,RNM,CA,AWP,WE,Federal Contract Tower,0,0,3,0,3,0,0,84,0,84,0,0,87,0,87,308,0,308,395
05/27/2009,RNM,CA,AWP,WE,Federal Contract Tower,0,0,2,0,2,0,0,119,0,119,0,0,121,0,121,318,0,318,439
05/28/2009,RNM,CA,AWP,WE,Federal Contract Tower,0,0,9,0,9,0,0,62,1,63,0,0,71,1,72,136,0,136,208
05/29/2009,RNM,CA,AWP,WE,Federal Contract Tower,0,0,5,0,5,0,0,0,0,0,0,0,5,0,5,0,0,0,5
05/30/2009,RNM,CA,AWP,WE,Federal Contract Tower,0,0,7,0,7,0,0,46,0,46,0,0,53,0,53,6,0,6,59
05/31/2009,RNM,CA,AWP,WE,Federal Contract Tower,0,0,9,0,9,0,0,46,0,46,0,0,55,0,55,106,0,106,161
06/01/2009,RNM,CA,AWP,WE,Federal Contract Tower,0,0,6,0,6,0,0,56,0,56,0,0,62,0,62,251,0,251,313
06/02/2009,RNM,CA,AWP,WE,Federal Contract Tower,0,0,3,0,3,0,0,114,0,114,0,0,117,0,117,464,0,464,581
06/03/2009,RNM,CA,AWP,WE,Federal Contract Tower,0,0,3,0,3,0,0,66,0,66,0,0,69,0,69,198,0,198,267
06/04/2009,RNM,CA,AWP,WE,Federal Contract Tower,0,0,3,0,3,0,0,106,0,106,0,0,109,0,109,329,0,329,438
06/05/2009,RNM,CA,AWP,WE,Federal Contract Tower,0,0,3,0,3,0,0,64,0,64,0,0,67,0,67,237,0,237,304
06/06/2009,RNM,CA,AWP,WE,Federal Contract Tower,0,0,5,0,5,0,0,55,3,58,0,0,60,3,63,166,0,166,229
06/07/2009,RNM,CA,AWP,WE,Federal Contract Tower,0,0,10,0,10,0,0,93,0,93,0,0,103,0,103,133,0,133,236
06/08/2009,RNM,CA,AWP,WE,Federal Contract Tower,0,0,2,0,2,0,0,44,0,44,0,0,46,0,46,238,0,238,284
06/09/2009,RNM,CA,AWP,WE,Federal Contract Tower,0,0,5,0,5,0,0,77,0,77,0,0,82,0,82,516,0,516,598
06/10/2009,RNM,CA,AWP,WE,Federal Contract Tower,0,0,2,0,2,0,0,37,2,39,0,0,39,2,41,208,0,208,249
06/11/2009,RNM,CA,AWP,WE,Federal Contract Tower,0,0,8,0,8,0,0,89,2,91,0,0,97,2,99,452,0,452,551
06/12/2009,RNM,CA,AWP,WE,Federal Contract Tower,0,0,12,0,12,0,0,43,0,43,0,0,55,0,55,286,0,286,341
06/13/2009,RNM,CA,AWP,WE,Federal Contract Tower,0,0,11,0,11,0,0,62,0,62,0,0,73,0,73,318,0,318,391
06/14/2009,RNM,CA,AWP,WE,Federal Contract Tower,0,0,2,0,2,0,0,106,0,106,0,0,108,0,108,298,0,298,406
06/15/2009,RNM,CA,AWP,WE,Federal Contract Tower,0,0,3,0,3,0,0,95,0,95,0,0,98,0,98,275,0,275,373
06/16/2009,RNM,CA,AWP,WE,Federal Contract Tower,0,0,6,0,6,0,0,115,2,117,0,0,121,2,123,392,0,392,515
06/17/2009,RNM,CA,AWP,WE,Federal Contract Tower,0,0,7,0,7,0,0,86,2,88,0,0,93,2,95,406,0,406,501
06/18/2009,RNM,CA,AWP,WE,Federal Contract Tower,0,1,5,0,6,0,0,152,0,152,0,1,157,0,158,416,0,416,574
06/19/2009,RNM,CA,AWP,WE,Federal Contract Tower,0,0,3,0,3,0,0,113,0,113,0,0,116,0,116,370,0,370,486
06/20/2009,RNM,CA,AWP,WE,Federal Contract Tower,0,0,7,0,7,0,0,39,0,39,0,0,46,0,46,140,0,140,186
06/21/2009,RNM,CA,AWP,WE,Federal Contract Tower,0,0,8,0,8,0,0,99,0,99,0,0,107,0,107,288,0,288,395
06/22/2009,RNM,CA,AWP,WE,Federal Contract Tower,0,0,3,0,3,0,0,91,0,91,0,0,94,0,94,187,0,187,281
06/23/2009,RNM,CA,AWP,WE,Federal Contract Tower,0,0,4,0,4,0,0,119,2,121,0,0,123,2,125,306,0,306,431
06/24/2009,RNM,CA,AWP,WE,Federal Contract Tower,0,0,4,0,4,0,0,89,2,91,0,0,93,2,95,406,0,406,501
06/25/2009,RNM,CA,AWP,WE,Federal Contract Tower,0,0,8,0,8,0,0,95,0,95,0,0,103,0,103,396,0,396,499
06/26/2009,RNM,CA,AWP,WE,Federal Contract Tower,0,0,6,0,6,0,0,137,0,137,0,0,143,0,143,398,0,398,541
06/27/2009,RNM,CA,AWP,WE,Federal Contract Tower,0,0,1,0,1,0,0,121,0,121,0,0,122,0,122,302,0,302,424
06/28/2009,RNM,CA,AWP,WE,Federal Contract Tower,0,0,3,0,3,0,0,131,0,131,0,0,134,0,134,146,0,146,280
06/29/2009,RNM,CA,AWP,WE,Federal Contract Tower,0,0,2,0,2,0,0,87,0,87,0,0,89,0,89,262,0,262,351
06/30/2009,RNM,CA,AWP,WE,Federal Contract Tower,0,0,8,0,8,0,0,119,0,119,0,0,127,0,127,308,0,308,435
07/01/2009,RNM,CA,AWP,WE,Federal Contract Tower,0,0,5,0,5,0,0,111,2,113,0,0,116,2,118,344,2,346,464
07/02/2009,RNM,CA,AWP,WE,Federal Contract Tower,0,0,6,0,6,0,0,138,0,138,0,0,144,0,144,320,0,320,464
07/03/2009,RNM,CA,AWP,WE,Federal Contract Tower,0,0,4,0,4,0,172,0,0,172,0,172,4,0,176,262,0,262,438
07/04/2009,RNM,CA,AWP,WE,Federal Contract Tower,0,0,3,0,3,0,0,87,0,87,0,0,90,0,90,140,0,140,230
07/05/2009,RNM,CA,AWP,WE,Federal Contract Tower,0,0,3,0,3,0,0,86,0,86,0,0,89,0,89,124,0,124,213
07/06/2009,RNM,CA,AWP,WE,Federal Contract Tower,0,0,1,0,1,0,0,70,2,72,0,0,71,2,73,274,0,274,347
07/07/2009,RNM,CA,AWP,WE,Federal Contract Tower,0,0,6,0,6,0,0,98,0,98,0,0,104,0,104,254,0,254,358
07/08/2009,RNM,CA,AWP,WE,Federal Contract Tower,0,0,3,0,3,0,0,121,0,121,0,0,124,0,124,283,0,283,407
07/09/2009,RNM,CA,AWP,WE,Federal Contract Tower,0,0,3,0,3,0,2,120,0,122,0,2,123,0,125,324,0,324,449
07/10/2009,RNM,CA,AWP,WE,Federal Contract Tower,0,0,2,1,3,0,0,164,1,165,0,0,166,2,168,414,0,414,582
07/11/2009,RNM,CA,AWP,WE,Federal Contract Tower,0,0,3,0,3,0,0,125,0,125,0,0,128,0,128,288,0,288,416
07/12/2009,RNM,CA,AWP,WE,Federal Contract Tower,0,0,2,0,2,0,0,111,0,111,0,0,113,0,113,264,0,264,377
07/13/2009,RNM,CA,AWP,WE,Federal Contract Tower,0,0,7,0,7,0,0,109,4,113,0,0,116,4,120,241,2,243,363
07/14/2009,RNM,CA,AWP,WE,Federal Contract Tower,0,0,9,0,9,0,0,116,4,120,0,0,125,4,129,347,0,347,476
07/15/2009,RNM,CA,AWP,WE,Federal Contract Tower,0,0,8,0,8,0,0,105,0,105,0,0,113,0,113,307,0,307,420
07/16/2009,RNM,CA,AWP,WE,Federal Contract Tower,0,0,2,0,2,0,0,110,0,110,0,0,112,0,112,200,0,200,312
07/17/2009,RNM,CA,AWP,WE,Federal Contract Tower,0,0,6,0,6,0,0,105,0,105,0,0,111,0,111,192,0,192,303
07/18/2009,RNM,CA,AWP,WE,Federal Contract Tower,0,0,2,0,2,0,0,120,0,120,0,0,122,0,122,274,0,274,396
07/19/2009,RNM,CA,AWP,WE,Federal Contract Tower,0,0,2,0,2,0,0,82,0,82,0,0,84,0,84,216,0,216,300
07/20/2009,RNM,CA,AWP,WE,Federal Contract Tower,0,0,5,0,5,0,0,99,0,99,0,0,104,0,104,357,0,357,461
07/21/2009,RNM,CA,AWP,WE,Federal Contract Tower,0,0,4,0,4,0,2,121,0,123,0,2,125,0,127,282,0,282,409
07/22/2009,RNM,CA,AWP,WE,Federal Contract Tower,0,0,4,0,4,0,2,121,0,123,0,2,125,0,127,302,0,302,429
07/23/2009,RNM,CA,AWP,WE,Federal Contract Tower,0,0,3,0,3,0,2,102,2,106,0,2,105,2,109,310,10,320,429
07/24/2009,RNM,CA,AWP,WE,Federal Contract Tower,0,0,5,0,5,0,0,124,0,124,0,0,129,0,129,370,0,370,499
07/25/2009,RNM,CA,AWP,WE,Federal Contract Tower,0,0,3,0,3,0,0,130,0,130,0,0,133,0,133,426,0,426,559
07/26/2009,RNM,CA,AWP,WE,Federal Contract Tower,0,0,4,0,4,0,0,109,0,109,0,0,113,0,113,182,0,182,295
07/27/2009,RNM,CA,AWP,WE,Federal Contract Tower,0,0,0,0,0,0,0,75,0,75,0,0,75,0,75,182,0,182,257
07/28/2009,RNM,CA,AWP,WE,Federal Contract Tower,0,0,1,0,1,0,0,122,0,122,0,0,123,0,123,416,0,416,539
07/29/2009,RNM,CA,AWP,WE,Federal Contract Tower,0,0,3,0,3,0,0,92,0,92,0,0,95,0,95,192,0,192,287
07/30/2009,RNM,CA,AWP,WE,Federal Contract Tower,0,0,9,0,9,0,0,95,0,95,0,0,104,0,104,258,0,258,362
07/31/2009,RNM,CA,AWP,WE,Federal Contract Tower,0,0,5,0,5,0,0,101,0,101,0,0,106,0,106,284,0,284,390
08/01/2009,RNM,CA,AWP,WE,Federal Contract Tower,0,0,5,0,5,0,0,93,0,93,0,0,98,0,98,226,0,226,324
08/02/2009,RNM,CA,AWP,WE,Federal Contract Tower,0,0,4,0,4,0,0,120,0,120,0,0,124,0,124,192,0,192,316
08/03/2009,RNM,CA,AWP,WE,Federal Contract Tower,0,0,1,0,1,0,0,82,0,82,0,0,83,0,83,222,0,222,305
08/04/2009,RNM,CA,AWP,WE,Federal Contract Tower,0,0,1,0,1,0,0,88,0,88,0,0,89,0,89,183,0,183,272
08/05/2009,RNM,CA,AWP,WE,Federal Contract Tower,0,0,1,0,1,0,2,97,6,105,0,2,98,6,106,174,4,178,284
08/06/2009,RNM,CA,AWP,WE,Federal Contract Tower,0,0,3,0,3,0,0,121,0,121,0,0,124,0,124,314,0,314,438
08/07/2009,RNM,CA,AWP,WE,Federal Contract Tower,0,0,6,0,6,0,0,107,0,107,0,0,113,0,113,332,0,332,445
08/08/2009,RNM,CA,AWP,WE,Federal Contract Tower,0,0,5,0,5,0,0,140,0,140,0,0,145,0,145,310,0,310,455
08/09/2009,RNM,CA,AWP,WE,Federal Contract Tower,0,0,4,0,4,0,0,94,0,94,0,0,98,0,98,110,0,110,208
08/10/2009,RNM,CA,AWP,WE,Federal Contract Tower,0,0,2,0,2,0,0,74,0,74,0,0,76,0,76,222,0,222,298
08/11/2009,RNM,CA,AWP,WE,Federal Contract Tower,0,0,3,0,3,0,0,71,0,71,0,0,74,0,74,193,0,193,267
08/12/2009,RNM,CA,AWP,WE,Federal Contract Tower,0,0,1,0,1,0,0,97,0,97,0,0,98,0,98,356,0,356,454
08/13/2009,RNM,CA,AWP,WE,Federal Contract Tower,0,0,0,0,0,0,2,88,0,90,0,2,88,0,90,420,0,420,510
08/14/2009,RNM,CA,AWP,WE,Federal Contract Tower,0,0,3,0,3,0,0,119,0,119,0,0,122,0,122,488,0,488,610
08/15/2009,RNM,CA,AWP,WE,Federal Contract Tower,0,0,4,0,4,0,0,102,0,102,0,0,106,0,106,176,0,176,282
08/16/2009,RNM,CA,AWP,WE,Federal Contract Tower,0,0,6,0,6,0,0,108,0,108,0,0,114,0,114,168,0,168,282
08/17/2009,RNM,CA,AWP,WE,Federal Contract Tower,0,0,3,0,3,0,0,64,0,64,0,0,67,0,67,182,0,182,249
08/18/2009,RNM,CA,AWP,WE,Federal Contract Tower,0,0,7,0,7,0,0,75,0,75,0,0,82,0,82,290,0,290,372
08/19/2009,RNM,CA,AWP,WE,Federal Contract Tower,0,0,4,0,4,0,0,86,4,90,0,0,90,4,94,232,12,244,338
08/20/2009,RNM,CA,AWP,WE,Federal Contract Tower,0,0,4,0,4,0,0,92,0,92,0,0,96,0,96,190,0,190,286
08/21/2009,RNM,CA,AWP,WE,Federal Contract Tower,0,0,6,0,6,0,0,70,2,72,0,0,76,2,78,294,2,296,374
08/22/2009,RNM,CA,AWP,WE,Federal Contract Tower,0,0,2,0,2,0,0,104,0,104,0,0,106,0,106,278,0,278,384
08/23/2009,RNM,CA,AWP,WE,Federal Contract Tower,0,0,1,0,1,0,0,103,0,103,0,0,104,0,104,150,0,150,254
08/24/2009,RNM,CA,AWP,WE,Federal Contract Tower,0,0,3,0,3,0,0,72,5,77,0,0,75,5,80,256,20,276,356
08/25/2009,RNM,CA,AWP,WE,Federal Contract Tower,0,0,3,0,3,0,0,97,7,104,0,0,100,7,107,262,20,282,389
08/26/2009,RNM,CA,AWP,WE,Federal Contract Tower,0,0,5,0,5,0,0,80,0,80,0,0,85,0,85,269,0,269,354
08/27/2009,RNM,CA,AWP,WE,Federal Contract Tower,0,0,0,0,0,0,0,90,0,90,0,0,90,0,90,154,8,162,252
08/28/2009,RNM,CA,AWP,WE,Federal Contract Tower,0,0,3,0,3,0,0,89,3,92,0,0,92,3,95,156,4,160,255
08/29/2009,RNM,CA,AWP,WE,Federal Contract Tower,0,0,1,0,1,0,0,108,0,108,0,0,109,0,109,94,0,94,203
08/30/2009,RNM,CA,AWP,WE,Federal Contract Tower,0,0,1,0,1,0,0,107,0,107,0,0,108,0,108,170,0,170,278
08/31/2009,RNM,CA,AWP,WE,Federal Contract Tower,0,0,6,0,6,0,0,78,2,80,0,0,84,2,86,128,20,148,234
09/01/2009,RNM,CA,AWP,WE,Federal Contract Tower,0,0,0,0,0,0,0,73,2,75,0,0,73,2,75,140,2,142,217
09/02/2009,RNM,CA,AWP,WE,Federal Contract Tower,0,0,4,0,4,0,2,75,0,77,0,2,79,0,81,206,0,206,287
09/03/2009,RNM,CA,AWP,WE,Federal Contract Tower,0,0,4,0,4,0,0,74,8,82,0,0,78,8,86,196,20,216,302
09/04/2009,RNM,CA,AWP,WE,Federal Contract Tower,0,0,2,0,2,0,0,117,0,117,0,0,119,0,119,236,0,236,355
09/05/2009,RNM,CA,AWP,WE,Federal Contract Tower,0,0,0,0,0,0,7,131,0,138,0,7,131,0,138,198,2,200,338
09/06/2009,RNM,CA,AWP,WE,Federal Contract Tower,0,0,0,0,0,0,0,73,0,73,0,0,73,0,73,175,0,175,248
09/07/2009,RNM,CA,AWP,WE,Federal Contract Tower,0,0,3,0,3,0,0,96,0,96,0,0,99,0,99,266,0,266,365
09/08/2009,RNM,CA,AWP,WE,Federal Contract Tower,0,0,2,0,2,0,0,78,4,82,0,0,80,4,84,300,14,314,398
09/09/2009,RNM,CA,AWP,WE,Federal Contract Tower,0,0,2,0,2,0,0,87,5,92,0,0,89,5,94,198,2,200,294
09/10/2009,RNM,CA,AWP,WE,Federal Contract Tower,0,0,1,0,1,0,0,78,1,79,0,0,79,1,80,257,0,257,337
09/11/2009,RNM,CA,AWP,WE,Federal Contract Tower,0,0,7,0,7,0,0,120,0,120,0,0,127,0,127,324,0,324,451
09/12/2009,RNM,CA,AWP,WE,Federal Contract Tower,0,0,4,0,4,0,0,167,0,167,0,0,171,0,171,346,0,346,517
09/13/2009,RNM,CA,AWP,WE,Federal Contract Tower,0,0,5,0,5,0,0,66,0,66,0,0,71,0,71,152,0,152,223
09/14/2009,RNM,CA,AWP,WE,Federal Contract Tower,0,0,10,0,10,0,0,58,2,60,0,0,68,2,70,90,2,92,162
09/15/2009,RNM,CA,AWP,WE,Federal Contract Tower,0,0,4,0,4,0,0,68,0,68,0,0,72,0,72,238,0,238,310
09/16/2009,RNM,CA,AWP,WE,Federal Contract Tower,0,0,3,0,3,0,84,0,0,84,0,84,3,0,87,256,0,256,343
09/17/2009,RNM,CA,AWP,WE,Federal Contract Tower,0,0,3,0,3,0,0,113,2,115,0,0,116,2,118,404,2,406,524
09/18/2009,RNM,CA,AWP,WE,Federal Contract Tower,0,0,2,0,2,0,0,102,0,102,0,0,104,0,104,346,0,346,450
09/19/2009,RNM,CA,AWP,WE,Federal Contract Tower,0,0,2,0,2,0,0,137,0,137,0,0,139,0,139,210,0,210,349
09/20/2009,RNM,CA,AWP,WE,Federal Contract Tower,0,0,2,0,2,0,0,99,0,99,0,0,101,0,101,182,0,182,283
09/21/2009,RNM,CA,AWP,WE,Federal Contract Tower,0,0,0,0,0,0,0,83,0,83,0,0,83,0,83,170,0,170,253
09/22/2009,RNM,CA,AWP,WE,Federal Contract Tower,0,0,1,0,1,0,0,101,2,103,0,0,102,2,104,262,6,268,372
09/23/2009,RNM,CA,AWP,WE,Federal Contract Tower,0,0,2,0,2,0,0,51,2,53,0,0,53,2,55,52,0,52,107
09/24/2009,RNM,CA,AWP,WE,Federal Contract Tower,0,0,1,0,1,0,5,75,0,80,0,5,76,0,81,148,14,162,243
09/25/2009,RNM,CA,AWP,WE,Federal Contract Tower,0,0,6,0,6,0,2,101,5,108,0,2,107,5,114,202,18,220,334
09/26/2009,RNM,CA,AWP,WE,Federal Contract Tower,0,0,2,0,2,0,1,134,6,141,0,1,136,6,143,304,10,314,457
09/27/2009,RNM,CA,AWP,WE,Federal Contract Tower,0,0,2,0,2,0,0,88,0,88,0,0,90,0,90,169,0,169,259
09/28/2009,RNM,CA,AWP,WE,Federal Contract Tower,0,0,0,0,0,0,0,77,0,77,0,0,77,0,77,136,0,136,213
09/29/2009,RNM,CA,AWP,WE,Federal Contract Tower,0,0,2,0,2,0,0,68,2,70,0,0,70,2,72,212,6,218,290
09/30/2009,RNM,CA,AWP,WE,Federal Contract Tower,0,0,1,0,1,0,0,97,0,97,0,0,98,0,98,258,0,258,356
10/01/2009,RNM,CA,AWP,WE,Federal Contract Tower,0,0,6,0,6,0,0,48,0,48,0,0,54,0,54,82,0,82,136
10/02/2009,RNM,CA,AWP,WE,Federal Contract Tower,0,0,3,0,3,0,0,87,0,87,0,0,90,0,90,212,0,212,302
10/03/2009,RNM,CA,AWP,WE,Federal Contract Tower,0,0,6,0,6,0,0,92,0,92,0,0,98,0,98,92,0,92,190
10/04/2009,RNM,CA,AWP,WE,Federal Contract Tower,0,0,5,0,5,0,0,33,2,35,0,0,38,2,40,50,2,52,92
10/05/2009,RNM,CA,AWP,WE,Federal Contract Tower,0,0,2,0,2,0,0,67,2,69,0,0,69,2,71,134,0,134,205
10/06/2009,RNM,CA,AWP,WE,Federal Contract Tower,0,0,6,0,6,0,0,82,0,82,0,0,88,0,88,236,0,236,324
10/07/2009,RNM,CA,AWP,WE,Federal Contract Tower,0,0,3,0,3,0,0,55,0,55,0,0,58,0,58,316,0,316,374
10/08/2009,RNM,CA,AWP,WE,Federal Contract Tower,0,0,1,0,1,0,0,83,0,83,0,0,84,0,84,214,0,214,298
10/09/2009,RNM,CA,AWP,WE,Federal Contract Tower,0,0,5,0,5,0,0,80,0,80,0,0,85,0,85,222,0,222,307
10/10/2009,RNM,CA,AWP,WE,Federal Contract Tower,0,0,4,0,4,0,0,108,0,108,0,0,112,0,112,230,0,230,342
10/11/2009,RNM,CA,AWP,WE,Federal Contract Tower,0,0,3,0,3,0,0,90,0,90,0,0,93,0,93,224,0,224,317
10/12/2009,RNM,CA,AWP,WE,Federal Contract Tower,0,0,5,0,5,0,0,32,2,34,0,0,37,2,39,182,2,184,223
10/13/2009,RNM,CA,AWP,WE,Federal Contract Tower,1,0,2,0,3,0,0,31,0,31,1,0,33,0,34,140,0,140,174
10/14/2009,RNM,CA,AWP,WE,Federal Contract Tower,0,1,12,0,13,0,0,57,0,57,0,1,69,0,70,232,0,232,302
10/15/2009,RNM,CA,AWP,WE,Federal Contract Tower,0,1,7,0,8,0,3,80,4,87,0,4,87,4,95,324,16,340,435
10/16/2009,RNM,CA,AWP,WE,Federal Contract Tower,0,0,4,0,4,0,0,104,0,104,0,0,108,0,108,219,0,219,327
10/17/2009,RNM,CA,AWP,WE,Federal Contract Tower,0,0,3,0,3,0,0,123,0,123,0,0,126,0,126,176,0,176,302
10/18/2009,RNM,CA,AWP,WE,Federal Contract Tower,0,0,7,0,7,0,0,101,0,101,0,0,108,0,108,100,0,100,208
10/19/2009,RNM,CA,AWP,WE,Federal Contract Tower,0,1,4,0,5,0,0,42,2,44,0,1,46,2,49,138,28,166,215
10/20/2009,RNM,CA,AWP,WE,Federal Contract Tower,0,0,1,0,1,0,0,61,0,61,0,0,62,0,62,206,0,206,268
10/21/2009,RNM,CA,AWP,WE,Federal Contract Tower,0,0,1,0,1,0,0,85,7,92,0,0,86,7,93,257,12,269,362
10/22/2009,RNM,CA,AWP,WE,Federal Contract Tower,0,0,2,0,2,0,0,91,2,93,0,0,93,2,95,248,0,248,343
10/23/2009,RNM,CA,AWP,WE,Federal Contract Tower,0,0,2,0,2,0,0,86,2,88,0,0,88,2,90,347,8,355,445
10/24/2009,RNM,CA,AWP,WE,Federal Contract Tower,0,0,5,0,5,0,0,107,0,107,0,0,112,0,112,207,0,207,319
10/25/2009,RNM,CA,AWP,WE,Federal Contract Tower,0,0,4,0,4,0,0,90,2,92,0,0,94,2,96,96,6,102,198
10/26/2009,RNM,CA,AWP,WE,Federal Contract Tower,0,1,0,0,1,0,0,72,0,72,0,1,72,0,73,50,0,50,123
10/27/2009,RNM,CA,AWP,WE,Federal Contract Tower,0,0,7,0,7,0,0,19,2,21,0,0,26,2,28,102,0,102,130
10/28/2009,RNM,CA,AWP,WE,Federal Contract Tower,0,1,3,0,4,0,0,31,0,31,0,1,34,0,35,61,0,61,96
10/29/2009,RNM,CA,AWP,WE,Federal Contract Tower,0,1,5,0,6,0,0,98,6,104,0,1,103,6,110,248,12,260,370
10/30/2009,RNM,CA,AWP,WE,Federal Contract Tower,0,0,3,0,3,0,0,98,0,98,0,0,101,0,101,332,0,332,433
10/31/2009,RNM,CA,AWP,WE,Federal Contract Tower,0,0,1,0,1,0,0,155,0,155,0,0,156,0,156,288,0,288,444
11/01/2009,RNM,CA,AWP,WE,Federal Contract Tower,0,0,4,0,4,0,0,128,0,128,0,0,132,0,132,146,0,146,278
11/02/2009,RNM,CA,AWP,WE,Federal Contract Tower,0,0,0,0,0,0,0,9,0,9,0,0,9,0,9,32,0,32,41
11/03/2009,RNM,CA,AWP,WE,Federal Contract Tower,0,0,3,0,3,0,0,0,0,0,0,0,3,0,3,33,0,33,36
11/04/2009,RNM,CA,AWP,WE,Federal Contract Tower,0,0,1,0,1,0,0,16,0,16,0,0,17,0,17,20,0,20,37
11/05/2009,RNM,CA,AWP,WE,Federal Contract Tower,0,0,0,0,0,0,0,0,0,0,0,0,0,0,0,0,0,0,0
11/06/2009,RNM,CA,AWP,WE,Federal Contract Tower,0,0,4,0,4,0,0,2,0,2,0,0,6,0,6,0,0,0,6
11/07/2009,RNM,CA,AWP,WE,Federal Contract Tower,0,0,3,0,3,0,0,84,0,84,0,0,87,0,87,164,0,164,251
11/08/2009,RNM,CA,AWP,WE,Federal Contract Tower,0,0,1,0,1,0,0,77,0,77,0,0,78,0,78,128,0,128,206
11/09/2009,RNM,CA,AWP,WE,Federal Contract Tower,0,0,3,0,3,0,0,84,0,84,0,0,87,0,87,204,0,204,291
11/10/2009,RNM,CA,AWP,WE,Federal Contract Tower,0,0,1,0,1,0,0,100,2,102,0,0,101,2,103,326,2,328,431
11/11/2009,RNM,CA,AWP,WE,Federal Contract Tower,0,0,6,0,6,0,0,88,0,88,0,0,94,0,94,291,0,291,385
11/12/2009,RNM,CA,AWP,WE,Federal Contract Tower,0,1,5,0,6,0,0,57,2,59,0,1,62,2,65,254,0,254,319
11/13/2009,RNM,CA,AWP,WE,Federal Contract Tower,0,0,3,0,3,0,0,45,4,49,0,0,48,4,52,255,6,261,313
11/14/2009,RNM,CA,AWP,WE,Federal Contract Tower,0,0,2,0,2,0,0,113,0,113,0,0,115,0,115,177,0,177,292
11/15/2009,RNM,CA,AWP,WE,Federal Contract Tower,0,0,1,0,1,0,0,92,0,92,0,0,93,0,93,180,0,180,273
11/16/2009,RNM,CA,AWP,WE,Federal Contract Tower,0,0,1,0,1,0,0,112,2,114,0,0,113,2,115,248,2,250,365
11/17/2009,RNM,CA,AWP,WE,Federal Contract Tower,0,2,3,0,5,0,0,85,2,87,0,2,88,2,92,318,6,324,416
11/18/2009,RNM,CA,AWP,WE,Federal Contract Tower,0,1,7,0,8,0,0,96,0,96,0,1,103,0,104,194,0,194,298
11/19/2009,RNM,CA,AWP,WE,Federal Contract Tower,0,0,3,0,3,0,0,57,4,61,0,0,60,4,64,134,0,134,198
11/20/2009,RNM,CA,AWP,WE,Federal Contract Tower,0,0,1,0,1,0,0,98,0,98,0,0,99,0,99,269,0,269,368
11/21/2009,RNM,CA,AWP,WE,Federal Contract Tower,0,0,2,0,2,0,0,126,0,126,0,0,128,0,128,263,0,263,391
11/22/2009,RNM,CA,AWP,WE,Federal Contract Tower,0,0,1,0,1,0,0,89,0,89,0,0,90,0,90,262,0,262,352
11/23/2009,RNM,CA,AWP,WE,Federal Contract Tower,0,0,1,0,1,0,0,74,0,74,0,0,75,0,75,208,0,208,283
11/24/2009,RNM,CA,AWP,WE,Federal Contract Tower,0,0,1,0,1,0,0,81,4,85,0,0,82,4,86,208,8,216,302
11/25/2009,RNM,CA,AWP,WE,Federal Contract Tower,0,0,1,0,1,0,0,96,2,98,0,0,97,2,99,112,4,116,215
11/26/2009,RNM,CA,AWP,WE,Federal Contract Tower,0,0,2,0,2,0,0,55,0,55,0,0,57,0,57,29,0,29,86
11/27/2009,RNM,CA,AWP,WE,Federal Contract Tower,0,0,3,0,3,0,0,114,2,116,0,0,117,2,119,222,6,228,347
11/28/2009,RNM,CA,AWP,WE,Federal Contract Tower,0,0,1,0,1,0,0,1,0,1,0,0,2,0,2,0,0,0,2
11/29/2009,RNM,CA,AWP,WE,Federal Contract Tower,0,0,2,0,2,0,0,56,0,56,0,0,58,0,58,94,0,94,152
11/30/2009,RNM,CA,AWP,WE,Federal Contract Tower,0,0,0,0,0,0,0,75,0,75,0,0,75,0,75,242,0,242,317
12/01/2009,RNM,CA,AWP,WE,Federal Contract Tower,0,0,7,0,7,0,0,73,2,75,0,0,80,2,82,317,0,317,399
12/02/2009,RNM,CA,AWP,WE,Federal Contract Tower,0,1,5,0,6,0,0,66,8,74,0,1,71,8,80,261,2,263,343
12/03/2009,RNM,CA,AWP,WE,Federal Contract Tower,0,1,7,0,8,0,0,106,4,110,0,1,113,4,118,208,0,208,326
12/04/2009,RNM,CA,AWP,WE,Federal Contract Tower,0,0,6,0,6,0,0,87,0,87,0,0,93,0,93,148,0,148,241
12/05/2009,RNM,CA,AWP,WE,Federal Contract Tower,0,0,7,0,7,0,0,86,0,86,0,0,93,0,93,147,0,147,240
12/06/2009,RNM,CA,AWP,WE,Federal Contract Tower,0,1,11,0,12,0,0,36,0,36,0,1,47,0,48,161,0,161,209
12/07/2009,RNM,CA,AWP,WE,Federal Contract Tower,0,1,0,0,1,0,0,0,0,0,0,1,0,0,1,0,0,0,1
12/08/2009,RNM,CA,AWP,WE,Federal Contract Tower,0,0,1,0,1,0,0,43,0,43,0,0,44,0,44,170,0,170,214
12/09/2009,RNM,CA,AWP,WE,Federal Contract Tower,0,0,5,0,5,0,0,77,0,77,0,0,82,0,82,198,0,198,280
12/10/2009,RNM,CA,AWP,WE,Federal Contract Tower,0,0,3,0,3,0,0,58,2,60,0,0,61,2,63,130,0,130,193
12/11/2009,RNM,CA,AWP,WE,Federal Contract Tower,0,0,0,0,0,0,0,2,2,4,0,0,2,2,4,0,0,0,4
12/12/2009,RNM,CA,AWP,WE,Federal Contract Tower,0,0,11,0,11,0,0,1,0,1,0,0,12,0,12,0,0,0,12
12/13/2009,RNM,CA,AWP,WE,Federal Contract Tower,0,0,3,0,3,0,0,26,0,26,0,0,29,0,29,68,0,68,97
12/14/2009,RNM,CA,AWP,WE,Federal Contract Tower,0,0,2,0,2,0,0,52,2,54,0,0,54,2,56,160,8,168,224
12/15/2009,RNM,CA,AWP,WE,Federal Contract Tower,0,0,4,0,4,0,0,97,2,99,0,0,101,2,103,214,6,220,323
12/16/2009,RNM,CA,AWP,WE,Federal Contract Tower,0,0,3,0,3,0,0,89,0,89,0,0,92,0,92,202,0,202,294
12/17/2009,RNM,CA,AWP,WE,Federal Contract Tower,0,0,5,0,5,0,0,86,4,90,0,0,91,4,95,182,0,182,277
12/18/2009,RNM,CA,AWP,WE,Federal Contract Tower,0,0,2,0,2,0,0,132,2,134,0,0,134,2,136,455,2,457,593
12/19/2009,RNM,CA,AWP,WE,Federal Contract Tower,0,1,1,0,2,0,0,92,0,92,0,1,93,0,94,188,0,188,282
12/20/2009,RNM,CA,AWP,WE,Federal Contract Tower,0,0,2,0,2,0,0,87,4,91,0,0,89,4,93,358,10,368,461
12/21/2009,RNM,CA,AWP,WE,Federal Contract Tower,0,0,2,0,2,0,0,15,0,15,0,0,17,0,17,68,0,68,85
12/22/2009,RNM,CA,AWP,WE,Federal Contract Tower,0,0,2,0,2,0,0,21,0,21,0,0,23,0,23,46,0,46,69
12/23/2009,RNM,CA,AWP,WE,Federal Contract Tower,0,0,3,0,3,0,0,100,0,100,0,0,103,0,103,219,0,219,322
12/24/2009,RNM,CA,AWP,WE,Federal Contract Tower,0,0,1,0,1,0,0,83,0,83,0,0,84,0,84,169,0,169,253
12/25/2009,RNM,CA,AWP,WE,Federal Contract Tower,0,0,0,0,0,0,0,27,0,27,0,0,27,0,27,80,0,80,107
12/26/2009,RNM,CA,AWP,WE,Federal Contract Tower,0,0,2,0,2,0,0,78,0,78,0,0,80,0,80,186,0,186,266
12/27/2009,RNM,CA,AWP,WE,Federal Contract Tower,0,0,4,0,4,0,0,94,0,94,0,0,98,0,98,180,0,180,278
12/28/2009,RNM,CA,AWP,WE,Federal Contract Tower,0,0,3,0,3,0,0,46,2,48,0,0,49,2,51,74,0,74,125
12/29/2009,RNM,CA,AWP,WE,Federal Contract Tower,0,0,6,0,6,0,0,82,0,82,0,0,88,0,88,150,0,150,238
12/30/2009,RNM,CA,AWP,WE,Federal Contract Tower,0,0,6,0,6,0,0,14,0,14,0,0,20,0,20,86,0,86,106
12/31/2009,RNM,CA,AWP,WE,Federal Contract Tower,0,0,2,0,2,0,0,63,0,63,0,0,65,0,65,143,0,143,208
01/01/2010,RNM,CA,AWP,WE,Federal Contract Tower,0,0,5,0,5,0,0,60,0,60,0,0,65,0,65,100,0,100,165
01/02/2010,RNM,CA,AWP,WE,Federal Contract Tower,0,0,9,0,9,0,0,97,0,97,0,0,106,0,106,152,0,152,258
01/03/2010,RNM,CA,AWP,WE,Federal Contract Tower,0,0,2,0,2,0,0,87,0,87,0,0,89,0,89,104,0,104,193
01/04/2010,RNM,CA,AWP,WE,Federal Contract Tower,0,1,0,0,1,0,0,52,0,52,0,1,52,0,53,98,0,98,151
01/05/2010,RNM,CA,AWP,WE,Federal Contract Tower,0,1,0,0,1,0,0,76,0,76,0,1,76,0,77,270,0,270,347
01/06/2010,RNM,CA,AWP,WE,Federal Contract Tower,0,0,0,0,0,0,0,72,0,72,0,0,72,0,72,155,0,155,227
01/07/2010,RNM,CA,AWP,WE,Federal Contract Tower,0,0,1,0,1,0,0,87,4,91,0,0,88,4,92,290,0,290,382
01/08/2010,RNM,CA,AWP,WE,Federal Contract Tower,0,0,5,0,5,0,0,88,0,88,0,0,93,0,93,324,0,324,417
01/09/2010,RNM,CA,AWP,WE,Federal Contract Tower,0,0,2,0,2,0,0,97,0,97,0,0,99,0,99,274,0,274,373
01/10/2010,RNM,CA,AWP,WE,Federal Contract Tower,0,0,0,0,0,0,0,122,2,124,0,0,122,2,124,228,0,228,352
01/11/2010,RNM,CA,AWP,WE,Federal Contract Tower,0,0,2,0,2,0,0,62,0,62,0,0,64,0,64,252,0,252,316
01/12/2010,RNM,CA,AWP,WE,Federal Contract Tower,0,0,4,0,4,0,0,93,0,93,0,0,97,0,97,264,0,264,361
01/13/2010,RNM,CA,AWP,WE,Federal Contract Tower,0,3,8,3,14,0,0,3,0,3,0,3,11,3,17,0,0,0,17
01/14/2010,RNM,CA,AWP,WE,Federal Contract Tower,0,0,3,0,3,0,0,82,12,94,0,0,85,12,97,201,4,205,302
01/15/2010,RNM,CA,AWP,WE,Federal Contract Tower,0,0,7,0,7,0,0,72,0,72,0,0,79,0,79,176,0,176,255
01/16/2010,RNM,CA,AWP,WE,Federal Contract Tower,0,0,2,0,2,0,0,150,0,150,0,0,152,0,152,331,0,331,483
01/17/2010,RNM,CA,AWP,WE,Federal Contract Tower,0,0,0,0,0,0,0,94,0,94,0,0,94,0,94,159,0,159,253
01/18/2010,RNM,CA,AWP,WE,Federal Contract Tower,0,0,0,0,0,0,0,0,0,0,0,0,0,0,0,0,0,0,0
01/19/2010,RNM,CA,AWP,WE,Federal Contract Tower,0,0,3,0,3,0,0,9,0,9,0,0,12,0,12,38,0,38,50
01/20/2010,RNM,CA,AWP,WE,Federal Contract Tower,0,0,1,0,1,0,0,6,2,8,0,0,7,2,9,32,8,40,49
01/21/2010,RNM,CA,AWP,WE,Federal Contract Tower,0,0,0,0,0,0,0,0,0,0,0,0,0,0,0,0,0,0,0
01/22/2010,RNM,CA,AWP,WE,Federal Contract Tower,0,0,1,0,1,0,0,2,2,4,0,0,3,2,5,0,6,6,11
01/23/2010,RNM,CA,AWP,WE,Federal Contract Tower,0,0,4,0,4,0,0,90,0,90,0,0,94,0,94,260,0,260,354
01/24/2010,RNM,CA,AWP,WE,Federal Contract Tower,0,0,5,0,5,0,0,138,0,138,0,0,143,0,143,308,0,308,451
01/25/2010,RNM,CA,AWP,WE,Federal Contract Tower,0,1,4,0,5,0,0,74,2,76,0,1,78,2,81,212,0,212,293
01/26/2010,RNM,CA,AWP,WE,Federal Contract Tower,0,1,4,0,5,0,0,47,0,47,0,1,51,0,52,239,0,239,291
01/27/2010,RNM,CA,AWP,WE,Federal Contract Tower,0,1,1,0,2,0,0,56,5,61,0,1,57,5,63,185,10,195,258
01/28/2010,RNM,CA,AWP,WE,Federal Contract Tower,0,1,5,0,6,0,0,96,0,96,0,1,101,0,102,280,0,280,382
01/29/2010,RNM,CA,AWP,WE,Federal Contract Tower,0,0,7,0,7,0,0,97,0,97,0,0,104,0,104,451,0,451,555
01/30/2010,RNM,CA,AWP,WE,Federal Contract Tower,0,0,3,0,3,0,0,158,0,158,0,0,161,0,161,260,0,260,421
01/31/2010,RNM,CA,AWP,WE,Federal Contract Tower,0,0,4,0,4,0,0,108,0,108,0,0,112,0,112,244,0,244,356
02/01/2010,RNM,CA,AWP,WE,Federal Contract Tower,0,0,2,0,2,0,0,74,2,76,0,0,76,2,78,260,2,262,340
02/02/2010,RNM,CA,AWP,WE,Federal Contract Tower,0,0,1,0,1,0,0,67,0,67,0,0,68,0,68,203,0,203,271
02/03/2010,RNM,CA,AWP,WE,Federal Contract Tower,0,0,4,0,4,0,0,50,0,50,0,0,54,0,54,180,0,180,234
02/04/2010,RNM,CA,AWP,WE,Federal Contract Tower,0,1,4,0,5,0,0,50,2,52,0,1,54,2,57,190,8,198,255
02/05/2010,RNM,CA,AWP,WE,Federal Contract Tower,0,0,3,0,3,0,0,28,0,28,0,0,31,0,31,129,0,129,160
02/06/2010,RNM,CA,AWP,WE,Federal Contract Tower,0,0,2,0,2,0,0,0,0,0,0,0,2,0,2,0,0,0,2
02/07/2010,RNM,CA,AWP,WE,Federal Contract Tower,0,0,2,0,2,0,0,28,0,28,0,0,30,0,30,131,0,131,161
02/08/2010,RNM,CA,AWP,WE,Federal Contract Tower,0,0,5,0,5,0,0,109,2,111,0,0,114,2,116,308,0,308,424
02/09/2010,RNM,CA,AWP,WE,Federal Contract Tower,0,0,1,0,1,0,0,23,4,27,0,0,24,4,28,35,2,37,65
02/10/2010,RNM,CA,AWP,WE,Federal Contract Tower,0,1,4,0,5,0,0,54,3,57,0,1,58,3,62,212,10,222,284
02/11/2010,RNM,CA,AWP,WE,Federal Contract Tower,0,0,1,0,1,0,0,108,2,110,0,0,109,2,111,329,0,329,440
02/12/2010,RNM,CA,AWP,WE,Federal Contract Tower,0,0,3,0,3,0,0,114,2,116,0,0,117,2,119,250,0,250,369
02/13/2010,RNM,CA,AWP,WE,Federal Contract Tower,0,0,0,0,0,0,0,149,0,149,0,0,149,0,149,268,0,268,417
02/14/2010,RNM,CA,AWP,WE,Federal Contract Tower,0,0,2,0,2,0,0,97,0,97,0,0,99,0,99,254,0,254,353
02/15/2010,RNM,CA,AWP,WE,Federal Contract Tower,0,0,4,0,4,0,0,108,0,108,0,0,112,0,112,228,0,228,340
02/16/2010,RNM,CA,AWP,WE,Federal Contract Tower,0,0,3,0,3,0,0,92,0,92,0,0,95,0,95,319,0,319,414
02/17/2010,RNM,CA,AWP,WE,Federal Contract Tower,0,0,3,0,3,0,0,100,0,100,0,0,103,0,103,283,0,283,386
02/18/2010,RNM,CA,AWP,WE,Federal Contract Tower,0,0,1,0,1,0,0,93,2,95,0,0,94,2,96,252,2,254,350
02/19/2010,RNM,CA,AWP,WE,Federal Contract Tower,0,0,6,0,6,0,0,29,0,29,0,0,35,0,35,94,0,94,129
02/20/2010,RNM,CA,AWP,WE,Federal Contract Tower,0,0,6,0,6,0,0,15,0,15,0,0,21,0,21,38,0,38,59
02/21/2010,RNM,CA,AWP,WE,Federal Contract Tower,0,0,8,0,8,0,0,25,2,27,0,0,33,2,35,58,0,58,93
02/22/2010,RNM,CA,AWP,WE,Federal Contract Tower,0,0,8,0,8,0,0,47,0,47,0,0,55,0,55,58,0,58,113
02/23/2010,RNM,CA,AWP,WE,Federal Contract Tower,0,0,2,0,2,0,0,77,0,77,0,0,79,0,79,181,0,181,260
02/24/2010,RNM,CA,AWP,WE,Federal Contract Tower,0,0,6,0,6,0,0,70,0,70,0,0,76,0,76,204,0,204,280
02/25/2010,RNM,CA,AWP,WE,Federal Contract Tower,0,0,5,0,5,0,0,54,4,58,0,0,59,4,63,123,4,127,190
02/26/2010,RNM,CA,AWP,WE,Federal Contract Tower,0,0,6,0,6,0,0,104,0,104,0,0,110,0,110,226,0,226,336
02/27/2010,RNM,CA,AWP,WE,Federal Contract Tower,0,0,2,0,2,0,0,0,0,0,0,0,2,0,2,16,0,16,18
02/28/2010,RNM,CA,AWP,WE,Federal Contract Tower,0,2,3,0,5,0,0,119,0,119,0,2,122,0,124,252,0,252,376
03/01/2010,RNM,CA,AWP,WE,Federal Contract Tower,0,1,2,0,3,0,0,109,0,109,0,1,111,0,112,328,0,328,440
03/02/2010,RNM,CA,AWP,WE,Federal Contract Tower,0,0,3,0,3,0,0,40,2,42,0,0,43,2,45,210,2,212,257
03/03/2010,RNM,CA,AWP,WE,Federal Contract Tower,0,0,10,0,10,0,0,54,0,54,0,0,64,0,64,180,0,180,244
03/04/2010,RNM,CA,AWP,WE,Federal Contract Tower,0,3,5,0,8,0,0,49,0,49,0,3,54,0,57,180,0,180,237
03/05/2010,RNM,CA,AWP,WE,Federal Contract Tower,0,0,6,0,6,0,0,110,0,110,0,0,116,0,116,392,0,392,508
03/06/2010,RNM,CA,AWP,WE,Federal Contract Tower,0,0,5,0,5,0,0,23,0,23,0,0,28,0,28,81,0,81,109
03/07/2010,RNM,CA,AWP,WE,Federal Contract Tower,0,0,1,0,1,0,0,6,0,6,0,0,7,0,7,10,0,10,17
03/08/2010,RNM,CA,AWP,WE,Federal Contract Tower,0,1,3,3,7,0,0,6,3,9,0,1,9,6,16,18,0,18,34
03/09/2010,RNM,CA,AWP,WE,Federal Contract Tower,0,0,3,0,3,0,0,35,2,37,0,0,38,2,40,28,2,30,70
03/10/2010,RNM,CA,AWP,WE,Federal Contract Tower,0,0,6,0,6,0,0,35,6,41,0,0,41,6,47,116,2,118,165
03/11/2010,RNM,CA,AWP,WE,Federal Contract Tower,0,0,3,0,3,0,0,85,0,85,0,0,88,0,88,196,0,196,284
03/12/2010,RNM,CA,AWP,WE,Federal Contract Tower,0,0,3,0,3,0,0,105,4,109,0,0,108,4,112,306,2,308,420
03/13/2010,RNM,CA,AWP,WE,Federal Contract Tower,0,0,4,0,4,0,0,35,0,35,0,0,39,0,39,134,0,134,173
03/14/2010,RNM,CA,AWP,WE,Federal Contract Tower,0,0,1,0,1,0,0,157,0,157,0,0,158,0,158,268,0,268,426
03/15/2010,RNM,CA,AWP,WE,Federal Contract Tower,0,0,3,0,3,0,0,73,0,73,0,0,76,0,76,134,0,134,210
03/16/2010,RNM,CA,AWP,WE,Federal Contract Tower,0,0,3,0,3,0,0,48,0,48,0,0,51,0,51,68,0,68,119
03/17/2010,RNM,CA,AWP,WE,Federal Contract Tower,0,0,4,0,4,0,0,91,0,91,0,0,95,0,95,304,0,304,399
03/18/2010,RNM,CA,AWP,WE,Federal Contract Tower,1,0,0,0,1,0,0,120,0,120,1,0,120,0,121,225,0,225,346
03/19/2010,RNM,CA,AWP,WE,Federal Contract Tower,0,2,1,0,3,0,0,103,0,103,0,2,104,0,106,322,0,322,428
03/20/2010,RNM,CA,AWP,WE,Federal Contract Tower,0,0,4,0,4,0,0,134,0,134,0,0,138,0,138,312,0,312,450
03/21/2010,RNM,CA,AWP,WE,Federal Contract Tower,0,0,6,0,6,0,0,118,0,118,0,0,124,0,124,230,0,230,354
03/22/2010,RNM,CA,AWP,WE,Federal Contract Tower,0,0,6,0,6,0,0,68,2,70,0,0,74,2,76,232,4,236,312
03/23/2010,RNM,CA,AWP,WE,Federal Contract Tower,0,1,4,0,5,0,2,73,4,79,0,3,77,4,84,184,8,192,276
03/24/2010,RNM,CA,AWP,WE,Federal Contract Tower,0,0,4,0,4,0,0,105,0,105,0,0,109,0,109,249,0,249,358
03/25/2010,RNM,CA,AWP,WE,Federal Contract Tower,0,1,5,0,6,0,0,77,2,79,0,1,82,2,85,206,2,208,293
03/26/2010,RNM,CA,AWP,WE,Federal Contract Tower,0,2,6,0,8,0,0,62,0,62,0,2,68,0,70,208,0,208,278
03/27/2010,RNM,CA,AWP,WE,Federal Contract Tower,0,0,1,0,1,0,0,53,0,53,0,0,54,0,54,116,0,116,170
03/28/2010,RNM,CA,AWP,WE,Federal Contract Tower,0,0,2,0,2,0,0,85,0,85,0,0,87,0,87,119,0,119,206
03/29/2010,RNM,CA,AWP,WE,Federal Contract Tower,0,2,0,0,2,0,0,120,2,122,0,2,120,2,124,298,2,300,424
03/30/2010,RNM,CA,AWP,WE,Federal Contract Tower,0,1,4,0,5,0,0,39,0,39,0,1,43,0,44,83,0,83,127
03/31/2010,RNM,CA,AWP,WE,Federal Contract Tower,0,0,11,0,11,0,0,22,4,26,0,0,33,4,37,76,6,82,119
04/01/2010,RNM,CA,AWP,WE,Federal Contract Tower,0,0,3,0,3,0,0,23,6,29,0,0,26,6,32,56,8,64,96
04/02/2010,RNM,CA,AWP,WE,Federal Contract Tower,0,0,0,0,0,0,0,124,0,124,0,0,124,0,124,253,0,253,377
04/03/2010,RNM,CA,AWP,WE,Federal Contract Tower,0,0,5,0,5,0,0,115,0,115,0,0,120,0,120,170,0,170,290
04/04/2010,RNM,CA,AWP,WE,Federal Contract Tower,0,0,4,0,4,0,0,57,0,57,0,0,61,0,61,110,0,110,171
04/05/2010,RNM,CA,AWP,WE,Federal Contract Tower,0,0,2,0,2,0,0,8,0,8,0,0,10,0,10,34,0,34,44
04/06/2010,RNM,CA,AWP,WE,Federal Contract Tower,0,0,1,0,1,0,0,105,2,107,0,0,106,2,108,316,0,316,424
04/07/2010,RNM,CA,AWP,WE,Federal Contract Tower,0,0,3,0,3,0,0,44,2,46,0,0,47,2,49,114,0,114,163
04/08/2010,RNM,CA,AWP,WE,Federal Contract Tower,0,2,3,0,5,0,1,107,0,108,0,3,110,0,113,254,0,254,367
04/09/2010,RNM,CA,AWP,WE,Federal Contract Tower,0,0,2,0,2,0,0,102,0,102,0,0,104,0,104,380,0,380,484
04/10/2010,RNM,CA,AWP,WE,Federal Contract Tower,0,0,4,0,4,0,0,57,0,57,0,0,61,0,61,135,0,135,196
04/11/2010,RNM,CA,AWP,WE,Federal Contract Tower,0,0,6,0,6,0,0,48,2,50,0,0,54,2,56,245,6,251,307
04/12/2010,RNM,CA,AWP,WE,Federal Contract Tower,0,0,0,0,0,0,0,10,0,10,0,0,10,0,10,114,0,114,124
04/13/2010,RNM,CA,AWP,WE,Federal Contract Tower,0,0,5,0,5,0,0,72,0,72,0,0,77,0,77,294,0,294,371
04/14/2010,RNM,CA,AWP,WE,Federal Contract Tower,0,0,5,0,5,0,0,91,2,93,0,0,96,2,98,269,0,269,367
04/15/2010,RNM,CA,AWP,WE,Federal Contract Tower,0,0,5,0,5,0,0,61,6,67,0,0,66,6,72,198,0,198,270
04/16/2010,RNM,CA,AWP,WE,Federal Contract Tower,0,0,7,0,7,0,0,69,0,69,0,0,76,0,76,184,0,184,260
04/17/2010,RNM,CA,AWP,WE,Federal Contract Tower,0,0,2,0,2,0,0,130,0,130,0,0,132,0,132,335,0,335,467
04/18/2010,RNM,CA,AWP,WE,Federal Contract Tower,0,0,4,0,4,0,0,108,0,108,0,0,112,0,112,235,0,235,347
04/19/2010,RNM,CA,AWP,WE,Federal Contract Tower,0,0,6,0,6,0,0,73,0,73,0,0,79,0,79,290,0,290,369
04/20/2010,RNM,CA,AWP,WE,Federal Contract Tower,0,0,4,0,4,0,0,67,2,69,0,0,71,2,73,156,0,156,229
04/21/2010,RNM,CA,AWP,WE,Federal Contract Tower,0,0,2,0,2,0,0,9,0,9,0,0,11,0,11,16,0,16,27
04/22/2010,RNM,CA,AWP,WE,Federal Contract Tower,0,0,1,0,1,0,0,6,0,6,0,0,7,0,7,6,0,6,13
04/23/2010,RNM,CA,AWP,WE,Federal Contract Tower,0,0,3,0,3,0,0,111,0,111,0,0,114,0,114,278,0,278,392
04/24/2010,RNM,CA,AWP,WE,Federal Contract Tower,0,0,2,0,2,0,0,126,0,126,0,0,128,0,128,374,0,374,502
04/25/2010,RNM,CA,AWP,WE,Federal Contract Tower,0,1,1,0,2,0,0,105,0,105,0,1,106,0,107,240,0,240,347
04/26/2010,RNM,CA,AWP,WE,Federal Contract Tower,0,0,3,0,3,0,0,75,0,75,0,0,78,0,78,266,0,266,344
04/27/2010,RNM,CA,AWP,WE,Federal Contract Tower,0,0,7,0,7,0,0,71,0,71,0,0,78,0,78,282,0,282,360
04/28/2010,RNM,CA,AWP,WE,Federal Contract Tower,0,0,5,0,5,0,0,21,0,21,0,0,26,0,26,122,0,122,148
04/29/2010,RNM,CA,AWP,WE,Federal Contract Tower,0,0,0,0,0,0,0,20,4,24,0,0,20,4,24,152,0,152,176
04/30/2010,RNM,CA,AWP,WE,Federal Contract Tower,0,0,3,0,3,0,0,82,0,82,0,0,85,0,85,246,0,246,331
05/01/2010,RNM,CA,AWP,WE,Federal Contract Tower,0,0,3,0,3,0,0,123,0,123,0,0,126,0,126,338,0,338,464
05/02/2010,RNM,CA,AWP,WE,Federal Contract Tower,0,0,4,0,4,0,0,77,0,77,0,0,81,0,81,182,0,182,263
05/03/2010,RNM,CA,AWP,WE,Federal Contract Tower,0,0,2,0,2,0,0,88,2,90,0,0,90,2,92,342,4,346,438
05/04/2010,RNM,CA,AWP,WE,Federal Contract Tower,0,0,3,0,3,0,0,109,8,117,0,0,112,8,120,295,6,301,421
05/05/2010,RNM,CA,AWP,WE,Federal Contract Tower,0,0,3,0,3,0,0,82,0,82,0,0,85,0,85,300,0,300,385
05/06/2010,RNM,CA,AWP,WE,Federal Contract Tower,0,3,0,0,3,0,0,55,4,59,0,3,55,4,62,149,4,153,215
05/07/2010,RNM,CA,AWP,WE,Federal Contract Tower,0,0,3,0,3,0,0,90,0,90,0,0,93,0,93,243,0,243,336
05/08/2010,RNM,CA,AWP,WE,Federal Contract Tower,0,0,5,0,5,0,1,137,0,138,0,1,142,0,143,382,0,382,525
05/09/2010,RNM,CA,AWP,WE,Federal Contract Tower,0,0,6,0,6,0,2,15,0,17,0,2,21,0,23,36,0,36,59
05/10/2010,RNM,CA,AWP,WE,Federal Contract Tower,0,0,7,0,7,0,0,30,0,30,0,0,37,0,37,140,0,140,177
05/11/2010,RNM,CA,AWP,WE,Federal Contract Tower,0,0,11,0,11,0,0,35,6,41,0,0,46,6,52,86,14,100,152
05/12/2010,RNM,CA,AWP,WE,Federal Contract Tower,0,0,4,0,4,0,0,125,2,127,0,0,129,2,131,272,6,278,409
05/13/2010,RNM,CA,AWP,WE,Federal Contract Tower,0,0,8,0,8,0,0,89,2,91,0,0,97,2,99,240,0,240,339
05/14/2010,RNM,CA,AWP,WE,Federal Contract Tower,0,1,9,0,10,0,0,91,0,91,0,1,100,0,101,228,0,228,329
05/15/2010,RNM,CA,AWP,WE,Federal Contract Tower,0,0,4,0,4,0,0,101,0,101,0,0,105,0,105,316,0,316,421
05/16/2010,RNM,CA,AWP,WE,Federal Contract Tower,0,0,4,0,4,0,0,87,0,87,0,0,91,0,91,170,0,170,261
05/17/2010,RNM,CA,AWP,WE,Federal Contract Tower,0,0,11,0,11,0,0,9,0,9,0,0,20,0,20,36,0,36,56
05/18/2010,RNM,CA,AWP,WE,Federal Contract Tower,0,0,6,0,6,0,0,29,4,33,0,0,35,4,39,125,10,135,174
05/19/2010,RNM,CA,AWP,WE,Federal Contract Tower,0,0,5,0,5,97,0,0,0,97,97,0,5,0,102,312,0,312,414
05/20/2010,RNM,CA,AWP,WE,Federal Contract Tower,0,0,7,0,7,0,0,126,2,128,0,0,133,2,135,302,0,302,437
05/21/2010,RNM,CA,AWP,WE,Federal Contract Tower,0,0,2,0,2,0,0,101,0,101,0,0,103,0,103,263,0,263,366
05/22/2010,RNM,CA,AWP,WE,Federal Contract Tower,0,0,8,0,8,0,0,30,0,30,0,0,38,0,38,224,0,224,262
05/23/2010,RNM,CA,AWP,WE,Federal Contract Tower,0,0,9,0,9,0,0,29,2,31,0,0,38,2,40,156,14,170,210
05/24/2010,RNM,CA,AWP,WE,Federal Contract Tower,0,0,4,0,4,0,0,84,2,86,0,0,88,2,90,238,2,240,330
05/25/2010,RNM,CA,AWP,WE,Federal Contract Tower,0,0,10,0,10,0,0,89,0,89,0,0,99,0,99,238,0,238,337
05/26/2010,RNM,CA,AWP,WE,Federal Contract Tower,0,0,4,0,4,0,0,113,0,113,0,0,117,0,117,244,0,244,361
05/27/2010,RNM,CA,AWP,WE,Federal Contract Tower,0,0,4,0,4,0,0,100,2,102,0,0,104,2,106,294,2,296,402
05/28/2010,RNM,CA,AWP,WE,Federal Contract Tower,0,0,3,0,3,0,0,101,0,101,0,0,104,0,104,286,0,286,390
05/29/2010,RNM,CA,AWP,WE,Federal Contract Tower,0,0,4,0,4,0,0,137,0,137,0,0,141,0,141,257,0,257,398
05/30/2010,RNM,CA,AWP,WE,Federal Contract Tower,0,0,5,0,5,0,0,84,0,84,0,0,89,0,89,172,0,172,261
05/31/2010,RNM,CA,AWP,WE,Federal Contract Tower,0,0,3,0,3,0,0,98,0,98,0,0,101,0,101,258,0,258,359
06/01/2010,RNM,CA,AWP,WE,Federal Contract Tower,0,0,6,0,6,0,0,93,10,103,0,0,99,10,109,253,8,261,370
06/02/2010,RNM,CA,AWP,WE,Federal Contract Tower,0,0,1,0,1,0,0,96,2,98,0,0,97,2,99,252,20,272,371
06/03/2010,RNM,CA,AWP,WE,Federal Contract Tower,0,0,6,0,6,0,0,101,0,101,0,0,107,0,107,214,0,214,321
06/04/2010,RNM,CA,AWP,WE,Federal Contract Tower,0,0,5,0,5,0,0,58,0,58,0,0,63,0,63,126,0,126,189
06/05/2010,RNM,CA,AWP,WE,Federal Contract Tower,0,0,1,0,1,0,0,108,0,108,0,0,109,0,109,248,0,248,357
06/06/2010,RNM,CA,AWP,WE,Federal Contract Tower,0,0,4,0,4,0,0,89,0,89,0,0,93,0,93,182,0,182,275
06/07/2010,RNM,CA,AWP,WE,Federal Contract Tower,0,0,4,0,4,0,0,85,0,85,0,0,89,0,89,295,0,295,384
06/08/2010,RNM,CA,AWP,WE,Federal Contract Tower,0,0,10,0,10,0,0,63,0,63,0,0,73,0,73,164,0,164,237
06/09/2010,RNM,CA,AWP,WE,Federal Contract Tower,0,0,8,0,8,0,0,112,2,114,0,0,120,2,122,218,2,220,342
06/10/2010,RNM,CA,AWP,WE,Federal Contract Tower,0,1,9,0,10,0,0,36,0,36,0,1,45,0,46,146,0,146,192
06/11/2010,RNM,CA,AWP,WE,Federal Contract Tower,0,0,12,0,12,0,0,31,0,31,0,0,43,0,43,150,0,150,193
06/12/2010,RNM,CA,AWP,WE,Federal Contract Tower,0,0,10,0,10,0,0,61,0,61,0,0,71,0,71,179,0,179,250
06/13/2010,RNM,CA,AWP,WE,Federal Contract Tower,0,0,0,0,0,0,0,109,0,109,0,0,109,0,109,235,0,235,344
06/14/2010,RNM,CA,AWP,WE,Federal Contract Tower,0,0,3,0,3,0,0,112,2,114,0,0,115,2,117,250,4,254,371
06/15/2010,RNM,CA,AWP,WE,Federal Contract Tower,0,0,1,0,1,0,0,89,0,89,0,0,90,0,90,270,0,270,360
06/16/2010,RNM,CA,AWP,WE,Federal Contract Tower,0,0,2,0,2,0,0,102,0,102,0,0,104,0,104,264,0,264,368
06/17/2010,RNM,CA,AWP,WE,Federal Contract Tower,0,0,5,0,5,0,0,105,2,107,0,0,110,2,112,320,2,322,434
06/18/2010,RNM,CA,AWP,WE,Federal Contract Tower,0,1,4,0,5,0,0,99,0,99,0,1,103,0,104,275,0,275,379
06/19/2010,RNM,CA,AWP,WE,Federal Contract Tower,0,0,4,0,4,0,0,104,0,104,0,0,108,0,108,193,0,193,301
06/20/2010,RNM,CA,AWP,WE,Federal Contract Tower,0,0,4,0,4,0,0,110,0,110,0,0,114,0,114,154,0,154,268
06/21/2010,RNM,CA,AWP,WE,Federal Contract Tower,0,0,7,0,7,0,1,70,0,71,0,1,77,0,78,206,0,206,284
06/22/2010,RNM,CA,AWP,WE,Federal Contract Tower,0,0,7,0,7,0,0,122,0,122,0,0,129,0,129,290,0,290,419
06/23/2010,RNM,CA,AWP,WE,Federal Contract Tower,0,0,3,0,3,0,0,137,0,137,0,0,140,0,140,224,0,224,364
06/24/2010,RNM,CA,AWP,WE,Federal Contract Tower,0,0,6,0,6,0,0,114,0,114,0,0,120,0,120,224,0,224,344
06/25/2010,RNM,CA,AWP,WE,Federal Contract Tower,0,0,5,0,5,0,0,108,0,108,0,0,113,0,113,269,0,269,382
06/26/2010,RNM,CA,AWP,WE,Federal Contract Tower,0,0,3,0,3,0,18,110,0,128,0,18,113,0,131,249,0,249,380
06/27/2010,RNM,CA,AWP,WE,Federal Contract Tower,0,0,5,0,5,0,0,131,0,131,0,0,136,0,136,177,0,177,313
06/28/2010,RNM,CA,AWP,WE,Federal Contract Tower,0,0,5,0,5,0,0,44,0,44,0,0,49,0,49,99,0,99,148
06/29/2010,RNM,CA,AWP,WE,Federal Contract Tower,0,0,2,0,2,0,0,78,0,78,0,0,80,0,80,208,0,208,288
06/30/2010,RNM,CA,AWP,WE,Federal Contract Tower,0,0,4,0,4,0,0,87,0,87,0,0,91,0,91,178,0,178,269
07/01/2010,RNM,CA,AWP,WE,Federal Contract Tower,0,0,5,0,5,0,0,112,0,112,0,0,117,0,117,298,0,298,415
07/02/2010,RNM,CA,AWP,WE,Federal Contract Tower,0,0,1,0,1,0,0,124,2,126,0,0,125,2,127,213,0,213,340
07/03/2010,RNM,CA,AWP,WE,Federal Contract Tower,0,0,3,0,3,0,0,112,0,112,0,0,115,0,115,170,0,170,285
07/04/2010,RNM,CA,AWP,WE,Federal Contract Tower,0,0,2,0,2,0,0,70,0,70,0,0,72,0,72,134,0,134,206
07/05/2010,RNM,CA,AWP,WE,Federal Contract Tower,0,0,11,0,11,0,0,87,0,87,0,0,98,0,98,162,0,162,260
07/06/2010,RNM,CA,AWP,WE,Federal Contract Tower,0,0,7,0,7,0,0,56,0,56,0,0,63,0,63,76,0,76,139
07/07/2010,RNM,CA,AWP,WE,Federal Contract Tower,0,0,6,0,6,0,0,48,0,48,0,0,54,0,54,48,2,50,104
07/08/2010,RNM,CA,AWP,WE,Federal Contract Tower,0,0,6,0,6,0,0,27,0,27,0,0,33,0,33,34,0,34,67
07/09/2010,RNM,CA,AWP,WE,Federal Contract Tower,0,0,5,0,5,0,0,105,0,105,0,0,110,0,110,254,0,254,364
07/10/2010,RNM,CA,AWP,WE,Federal Contract Tower,0,0,5,0,5,0,0,117,0,117,0,0,122,0,122,306,0,306,428
07/11/2010,RNM,CA,AWP,WE,Federal Contract Tower,0,0,2,0,2,0,0,104,0,104,0,0,106,0,106,214,0,214,320
07/12/2010,RNM,CA,AWP,WE,Federal Contract Tower,0,0,3,0,3,0,0,116,0,116,0,0,119,0,119,210,0,210,329
07/13/2010,RNM,CA,AWP,WE,Federal Contract Tower,0,0,4,0,4,0,0,97,0,97,0,0,101,0,101,222,0,222,323
07/14/2010,RNM,CA,AWP,WE,Federal Contract Tower,0,0,3,0,3,0,0,75,2,77,0,0,78,2,80,344,0,344,424
07/15/2010,RNM,CA,AWP,WE,Federal Contract Tower,0,0,0,0,0,0,0,69,2,71,0,0,69,2,71,78,4,82,153
07/16/2010,RNM,CA,AWP,WE,Federal Contract Tower,0,0,2,0,2,0,0,106,0,106,0,0,108,0,108,184,0,184,292
07/17/2010,RNM,CA,AWP,WE,Federal Contract Tower,0,0,3,0,3,0,0,123,0,123,0,0,126,0,126,180,0,180,306
07/18/2010,RNM,CA,AWP,WE,Federal Contract Tower,0,0,4,0,4,0,0,102,2,104,0,0,106,2,108,305,6,311,419
07/19/2010,RNM,CA,AWP,WE,Federal Contract Tower,0,0,5,0,5,0,0,86,0,86,0,0,91,0,91,264,0,264,355
07/20/2010,RNM,CA,AWP,WE,Federal Contract Tower,0,0,1,0,1,0,0,87,0,87,0,0,88,0,88,313,0,313,401
07/21/2010,RNM,CA,AWP,WE,Federal Contract Tower,0,0,4,0,4,0,0,54,0,54,0,0,58,0,58,212,0,212,270
07/22/2010,RNM,CA,AWP,WE,Federal Contract Tower,0,0,4,0,4,0,0,82,2,84,0,0,86,2,88,260,10,270,358
07/23/2010,RNM,CA,AWP,WE,Federal Contract Tower,0,0,0,0,0,0,0,86,0,86,0,0,86,0,86,241,0,241,327
07/24/2010,RNM,CA,AWP,WE,Federal Contract Tower,0,0,1,0,1,0,0,109,0,109,0,0,110,0,110,216,0,216,326
07/25/2010,RNM,CA,AWP,WE,Federal Contract Tower,0,0,5,0,5,0,0,106,0,106,0,0,111,0,111,238,0,238,349
07/26/2010,RNM,CA,AWP,WE,Federal Contract Tower,0,0,9,0,9,0,0,53,0,53,0,0,62,0,62,152,0,152,214
07/27/2010,RNM,CA,AWP,WE,Federal Contract Tower,0,0,2,0,2,0,0,60,2,62,0,0,62,2,64,328,8,336,400
07/28/2010,RNM,CA,AWP,WE,Federal Contract Tower,0,0,3,0,3,0,0,111,2,113,0,0,114,2,116,330,2,332,448
07/29/2010,RNM,CA,AWP,WE,Federal Contract Tower,0,0,10,0,10,0,0,80,2,82,0,0,90,2,92,270,8,278,370
07/30/2010,RNM,CA,AWP,WE,Federal Contract Tower,0,0,6,0,6,0,0,94,0,94,0,0,100,0,100,291,0,291,391
07/31/2010,RNM,CA,AWP,WE,Federal Contract Tower,0,0,2,0,2,0,0,116,0,116,0,0,118,0,118,366,0,366,484
08/01/2010,RNM,CA,AWP,WE,Federal Contract Tower,0,0,2,0,2,0,0,101,0,101,0,0,103,0,103,225,0,225,328
08/02/2010,RNM,CA,AWP,WE,Federal Contract Tower,0,0,5,0,5,0,0,74,0,74,0,0,79,0,79,398,0,398,477
08/03/2010,RNM,CA,AWP,WE,Federal Contract Tower,0,0,2,0,2,0,0,85,2,87,0,0,87,2,89,280,2,282,371
08/04/2010,RNM,CA,AWP,WE,Federal Contract Tower,0,0,5,0,5,0,0,79,5,84,0,0,84,5,89,204,0,204,293
08/05/2010,RNM,CA,AWP,WE,Federal Contract Tower,0,0,2,0,2,0,0,77,0,77,0,0,79,0,79,250,0,250,329
08/06/2010,RNM,CA,AWP,WE,Federal Contract Tower,0,0,5,0,5,0,0,130,0,130,0,0,135,0,135,383,0,383,518
08/07/2010,RNM,CA,AWP,WE,Federal Contract Tower,0,0,2,0,2,0,0,112,0,112,0,0,114,0,114,222,0,222,336
08/08/2010,RNM,CA,AWP,WE,Federal Contract Tower,0,0,2,0,2,0,0,74,0,74,0,0,76,0,76,156,0,156,232
08/09/2010,RNM,CA,AWP,WE,Federal Contract Tower,0,0,0,0,0,0,0,78,0,78,0,0,78,0,78,286,0,286,364
08/10/2010,RNM,CA,AWP,WE,Federal Contract Tower,0,0,1,0,1,0,0,98,2,100,0,0,99,2,101,178,2,180,281
08/11/2010,RNM,CA,AWP,WE,Federal Contract Tower,0,0,7,0,7,0,0,77,0,77,0,0,84,0,84,272,0,272,356
08/12/2010,RNM,CA,AWP,WE,Federal Contract Tower,0,0,5,0,5,0,0,89,2,91,0,0,94,2,96,202,0,202,298
08/13/2010,RNM,CA,AWP,WE,Federal Contract Tower,0,0,2,0,2,0,0,107,0,107,0,0,109,0,109,289,0,289,398
08/14/2010,RNM,CA,AWP,WE,Federal Contract Tower,0,0,2,0,2,0,0,112,0,112,0,0,114,0,114,334,0,334,448
08/15/2010,RNM,CA,AWP,WE,Federal Contract Tower,0,0,3,0,3,0,0,93,0,93,0,0,96,0,96,218,0,218,314
08/16/2010,RNM,CA,AWP,WE,Federal Contract Tower,0,0,5,0,5,0,0,64,0,64,0,0,69,0,69,173,0,173,242
08/17/2010,RNM,CA,AWP,WE,Federal Contract Tower,0,0,7,0,7,0,0,88,2,90,0,0,95,2,97,206,0,206,303
08/18/2010,RNM,CA,AWP,WE,Federal Contract Tower,0,0,3,0,3,0,0,94,8,102,0,0,97,8,105,356,0,356,461
08/19/2010,RNM,CA,AWP,WE,Federal Contract Tower,0,0,9,0,9,0,0,102,1,103,0,0,111,1,112,218,4,222,334
08/20/2010,RNM,CA,AWP,WE,Federal Contract Tower,0,1,2,0,3,0,0,107,2,109,0,1,109,2,112,181,0,181,293
08/21/2010,RNM,CA,AWP,WE,Federal Contract Tower,0,0,5,0,5,0,0,150,0,150,0,0,155,0,155,164,0,164,319
08/22/2010,RNM,CA,AWP,WE,Federal Contract Tower,0,0,1,0,1,0,0,118,0,118,0,0,119,0,119,120,0,120,239
08/23/2010,RNM,CA,AWP,WE,Federal Contract Tower,0,0,0,0,0,0,0,50,4,54,0,0,50,4,54,84,4,88,142
08/24/2010,RNM,CA,AWP,WE,Federal Contract Tower,0,0,3,0,3,0,0,65,0,65,0,0,68,0,68,118,0,118,186
08/25/2010,RNM,CA,AWP,WE,Federal Contract Tower,0,0,2,0,2,0,0,124,4,128,0,0,126,4,130,110,10,120,250
08/26/2010,RNM,CA,AWP,WE,Federal Contract Tower,0,0,3,0,3,0,0,88,0,88,0,0,91,0,91,250,0,250,341
08/27/2010,RNM,CA,AWP,WE,Federal Contract Tower,0,0,1,0,1,0,0,128,0,128,0,0,129,0,129,249,0,249,378
08/28/2010,RNM,CA,AWP,WE,Federal Contract Tower,0,0,3,0,3,0,0,104,0,104,0,0,107,0,107,164,0,164,271
08/29/2010,RNM,CA,AWP,WE,Federal Contract Tower,0,0,1,0,1,0,0,89,2,91,0,0,90,2,92,184,2,186,278
08/30/2010,RNM,CA,AWP,WE,Federal Contract Tower,0,0,3,0,3,0,0,85,0,85,0,0,88,0,88,222,0,222,310
08/31/2010,RNM,CA,AWP,WE,Federal Contract Tower,0,0,2,0,2,0,0,100,6,106,0,0,102,6,108,238,6,244,352
09/01/2010,RNM,CA,AWP,WE,Federal Contract Tower,0,0,1,0,1,0,0,101,4,105,0,0,102,4,106,234,8,242,348
09/02/2010,RNM,CA,AWP,WE,Federal Contract Tower,0,0,3,0,3,0,0,148,2,150,0,0,151,2,153,170,0,170,323
09/03/2010,RNM,CA,AWP,WE,Federal Contract Tower,0,0,0,0,0,0,0,205,0,205,0,0,205,0,205,169,0,169,374
09/04/2010,RNM,CA,AWP,WE,Federal Contract Tower,0,0,5,0,5,0,0,137,0,137,0,0,142,0,142,144,0,144,286
09/05/2010,RNM,CA,AWP,WE,Federal Contract Tower,0,0,4,0,4,0,0,106,0,106,0,0,110,0,110,114,0,114,224
09/06/2010,RNM,CA,AWP,WE,Federal Contract Tower,0,0,3,0,3,0,0,102,0,102,0,0,105,0,105,230,0,230,335
09/07/2010,RNM,CA,AWP,WE,Federal Contract Tower,0,0,1,0,1,0,0,61,0,61,0,0,62,0,62,144,0,144,206
09/08/2010,RNM,CA,AWP,WE,Federal Contract Tower,0,0,6,0,6,0,0,37,2,39,0,0,43,2,45,142,2,144,189
09/09/2010,RNM,CA,AWP,WE,Federal Contract Tower,0,0,6,0,6,0,0,63,0,63,0,0,69,0,69,116,0,116,185
09/10/2010,RNM,CA,AWP,WE,Federal Contract Tower,0,0,1,0,1,0,0,87,0,87,0,0,88,0,88,189,0,189,277
09/11/2010,RNM,CA,AWP,WE,Federal Contract Tower,0,0,1,0,1,0,0,115,0,115,0,0,116,0,116,194,0,194,310
09/12/2010,RNM,CA,AWP,WE,Federal Contract Tower,0,0,0,0,0,0,0,57,0,57,0,0,57,0,57,206,0,206,263
09/13/2010,RNM,CA,AWP,WE,Federal Contract Tower,0,0,0,0,0,0,0,74,2,76,0,0,74,2,76,238,6,244,320
09/14/2010,RNM,CA,AWP,WE,Federal Contract Tower,0,0,3,0,3,0,0,79,2,81,0,0,82,2,84,280,8,288,372
09/15/2010,RNM,CA,AWP,WE,Federal Contract Tower,0,0,5,0,5,0,0,73,2,75,0,0,78,2,80,222,2,224,304
09/16/2010,RNM,CA,AWP,WE,Federal Contract Tower,0,0,5,0,5,0,0,123,0,123,0,0,128,0,128,322,0,322,450
09/17/2010,RNM,CA,AWP,WE,Federal Contract Tower,0,1,1,0,2,0,0,81,0,81,0,1,82,0,83,216,0,216,299
09/18/2010,RNM,CA,AWP,WE,Federal Contract Tower,0,0,2,0,2,0,0,177,0,177,0,0,179,0,179,306,0,306,485
09/19/2010,RNM,CA,AWP,WE,Federal Contract Tower,0,0,2,0,2,0,0,99,0,99,0,0,101,0,101,269,0,269,370
09/20/2010,RNM,CA,AWP,WE,Federal Contract Tower,0,0,4,0,4,0,0,73,0,73,0,0,77,0,77,230,0,230,307
09/21/2010,RNM,CA,AWP,WE,Federal Contract Tower,0,0,1,0,1,0,0,50,0,50,0,0,51,0,51,116,0,116,167
09/22/2010,RNM,CA,AWP,WE,Federal Contract Tower,0,0,4,0,4,0,0,71,2,73,0,0,75,2,77,220,4,224,301
09/23/2010,RNM,CA,AWP,WE,Federal Contract Tower,0,0,1,0,1,0,0,83,0,83,0,0,84,0,84,178,0,178,262
09/24/2010,RNM,CA,AWP,WE,Federal Contract Tower,0,0,3,0,3,0,0,103,0,103,0,0,106,0,106,189,0,189,295
09/25/2010,RNM,CA,AWP,WE,Federal Contract Tower,0,0,1,0,1,0,0,106,0,106,0,0,107,0,107,288,0,288,395
09/26/2010,RNM,CA,AWP,WE,Federal Contract Tower,0,0,3,0,3,0,0,74,0,74,0,0,77,0,77,206,0,206,283
09/27/2010,RNM,CA,AWP,WE,Federal Contract Tower,0,0,1,0,1,0,0,36,0,36,0,0,37,0,37,54,0,54,91
09/28/2010,RNM,CA,AWP,WE,Federal Contract Tower,0,0,4,0,4,0,0,78,2,80,0,0,82,2,84,198,2,200,284
09/29/2010,RNM,CA,AWP,WE,Federal Contract Tower,0,0,2,0,2,0,0,96,0,96,0,0,98,0,98,386,0,386,484
09/30/2010,RNM,CA,AWP,WE,Federal Contract Tower,0,0,1,0,1,0,0,29,0,29,0,0,30,0,30,36,0,36,66
10/01/2010,RNM,CA,AWP,WE,Federal Contract Tower,0,0,5,0,5,0,0,92,0,92,0,0,97,0,97,141,0,141,238
10/02/2010,RNM,CA,AWP,WE,Federal Contract Tower,0,0,3,0,3,0,0,72,0,72,0,0,75,0,75,175,0,175,250
10/03/2010,RNM,CA,AWP,WE,Federal Contract Tower,0,0,2,0,2,0,0,52,0,52,0,0,54,0,54,96,0,96,150
10/04/2010,RNM,CA,AWP,WE,Federal Contract Tower,0,0,3,0,3,0,0,0,0,0,0,0,3,0,3,0,0,0,3
10/05/2010,RNM,CA,AWP,WE,Federal Contract Tower,0,0,6,0,6,0,0,22,0,22,0,0,28,0,28,92,0,92,120
10/06/2010,RNM,CA,AWP,WE,Federal Contract Tower,0,0,6,0,6,0,0,19,2,21,0,0,25,2,27,82,0,82,109
10/07/2010,RNM,CA,AWP,WE,Federal Contract Tower,0,0,1,0,1,0,0,78,0,78,0,0,79,0,79,186,0,186,265
10/08/2010,RNM,CA,AWP,WE,Federal Contract Tower,0,0,3,0,3,0,0,107,0,107,0,0,110,0,110,0,273,273,383
10/09/2010,RNM,CA,AWP,WE,Federal Contract Tower,0,0,1,0,1,0,0,166,0,166,0,0,167,0,167,250,0,250,417
10/10/2010,RNM,CA,AWP,WE,Federal Contract Tower,0,0,2,0,2,0,0,152,0,152,0,0,154,0,154,330,0,330,484
10/11/2010,RNM,CA,AWP,WE,Federal Contract Tower,0,0,1,0,1,0,0,107,0,107,0,0,108,0,108,255,0,255,363
10/12/2010,RNM,CA,AWP,WE,Federal Contract Tower,0,0,3,0,3,0,0,66,0,66,0,0,69,0,69,266,0,266,335
10/13/2010,RNM,CA,AWP,WE,Federal Contract Tower,0,0,6,0,6,0,0,74,0,74,0,0,80,0,80,224,0,224,304
10/14/2010,RNM,CA,AWP,WE,Federal Contract Tower,0,0,5,0,5,0,0,74,0,74,0,0,79,0,79,198,0,198,277
10/15/2010,RNM,CA,AWP,WE,Federal Contract Tower,0,0,3,0,3,0,0,23,0,23,0,0,26,0,26,79,0,79,105
10/16/2010,RNM,CA,AWP,WE,Federal Contract Tower,0,0,9,0,9,0,0,17,0,17,0,0,26,0,26,10,0,10,36
10/17/2010,RNM,CA,AWP,WE,Federal Contract Tower,0,0,4,0,4,0,0,0,0,0,0,0,4,0,4,0,0,0,4
10/18/2010,RNM,CA,AWP,WE,Federal Contract Tower,0,0,0,0,0,0,0,4,0,4,0,0,4,0,4,14,0,14,18
10/19/2010,RNM,CA,AWP,WE,Federal Contract Tower,0,0,3,0,3,0,0,0,0,0,0,0,3,0,3,0,0,0,3
10/20/2010,RNM,CA,AWP,WE,Federal Contract Tower,0,0,5,0,5,0,0,4,0,4,0,0,9,0,9,0,0,0,9
10/21/2010,RNM,CA,AWP,WE,Federal Contract Tower,0,0,8,0,8,0,0,4,0,4,0,0,12,0,12,18,0,18,30
10/22/2010,RNM,CA,AWP,WE,Federal Contract Tower,0,0,9,0,9,0,0,28,0,28,0,0,37,0,37,70,0,70,107
10/23/2010,RNM,CA,AWP,WE,Federal Contract Tower,0,0,3,0,3,0,0,56,0,56,0,0,59,0,59,232,0,232,291
10/24/2010,RNM,CA,AWP,WE,Federal Contract Tower,0,0,8,0,8,0,0,62,0,62,0,0,70,0,70,202,0,202,272
10/25/2010,RNM,CA,AWP,WE,Federal Contract Tower,0,0,4,0,4,0,0,1,0,1,0,0,5,0,5,0,0,0,5
10/26/2010,RNM,CA,AWP,WE,Federal Contract Tower,0,2,9,0,11,0,0,101,0,101,0,2,110,0,112,272,0,272,384
10/27/2010,RNM,CA,AWP,WE,Federal Contract Tower,0,0,4,0,4,0,0,90,0,90,0,0,94,0,94,202,0,202,296
10/28/2010,RNM,CA,AWP,WE,Federal Contract Tower,0,0,5,0,5,0,0,94,0,94,0,0,99,0,99,254,0,254,353
10/29/2010,RNM,CA,AWP,WE,Federal Contract Tower,0,0,2,0,2,0,0,113,2,115,0,0,115,2,117,325,0,325,442
10/30/2010,RNM,CA,AWP,WE,Federal Contract Tower,0,0,5,0,5,0,0,27,0,27,0,0,32,0,32,32,0,32,64
10/31/2010,RNM,CA,AWP,WE,Federal Contract Tower,0,0,2,0,2,0,0,114,0,114,0,0,116,0,116,363,0,363,479
11/01/2010,RNM,CA,AWP,WE,Federal Contract Tower,0,0,4,0,4,0,0,103,2,105,0,0,107,2,109,236,0,236,345
11/02/2010,RNM,CA,AWP,WE,Federal Contract Tower,0,2,0,0,2,0,0,64,0,64,0,2,64,0,66,98,0,98,164
11/03/2010,RNM,CA,AWP,WE,Federal Contract Tower,0,1,6,0,7,0,0,42,0,42,0,1,48,0,49,84,0,84,133
11/04/2010,RNM,CA,AWP,WE,Federal Contract Tower,0,1,4,0,5,0,0,57,0,57,0,1,61,0,62,194,0,194,256
11/05/2010,RNM,CA,AWP,WE,Federal Contract Tower,0,0,3,0,3,0,0,127,0,127,0,0,130,0,130,328,0,328,458
11/06/2010,RNM,CA,AWP,WE,Federal Contract Tower,0,0,4,0,4,0,0,126,0,126,0,0,130,0,130,111,0,111,241
11/07/2010,RNM,CA,AWP,WE,Federal Contract Tower,0,3,5,0,8,0,0,102,0,102,0,3,107,0,110,244,0,244,354
11/08/2010,RNM,CA,AWP,WE,Federal Contract Tower,0,1,3,0,4,0,0,23,2,25,0,1,26,2,29,132,2,134,163
11/09/2010,RNM,CA,AWP,WE,Federal Contract Tower,0,2,3,0,5,0,0,70,0,70,0,2,73,0,75,210,0,210,285
11/10/2010,RNM,CA,AWP,WE,Federal Contract Tower,0,2,0,0,2,0,0,57,0,57,0,2,57,0,59,322,0,322,381
11/11/2010,RNM,CA,AWP,WE,Federal Contract Tower,0,2,0,0,2,0,0,73,0,73,0,2,73,0,75,206,0,206,281
11/12/2010,RNM,CA,AWP,WE,Federal Contract Tower,0,0,3,0,3,0,0,82,0,82,0,0,85,0,85,292,0,292,377
11/13/2010,RNM,CA,AWP,WE,Federal Contract Tower,0,0,2,0,2,0,0,110,0,110,0,0,112,0,112,192,0,192,304
11/14/2010,RNM,CA,AWP,WE,Federal Contract Tower,0,0,1,0,1,0,0,118,0,118,0,0,119,0,119,230,0,230,349
11/15/2010,RNM,CA,AWP,WE,Federal Contract Tower,2,3,0,0,5,0,0,89,0,89,2,3,89,0,94,202,0,202,296
11/16/2010,RNM,CA,AWP,WE,Federal Contract Tower,0,0,1,0,1,0,0,109,0,109,0,0,110,0,110,282,0,282,392
11/17/2010,RNM,CA,AWP,WE,Federal Contract Tower,0,0,3,0,3,0,0,104,0,104,0,0,107,0,107,330,6,336,443
11/18/2010,RNM,CA,AWP,WE,Federal Contract Tower,0,0,9,0,9,0,0,108,0,108,0,0,117,0,117,344,0,344,461
11/19/2010,RNM,CA,AWP,WE,Federal Contract Tower,0,0,7,0,7,0,0,17,0,17,0,0,24,0,24,168,0,168,192
11/20/2010,RNM,CA,AWP,WE,Federal Contract Tower,0,0,3,0,3,0,0,0,0,0,0,0,3,0,3,0,0,0,3
11/21/2010,RNM,CA,AWP,WE,Federal Contract Tower,0,0,0,0,0,0,0,0,0,0,0,0,0,0,0,13,0,13,13
11/22/2010,RNM,CA,AWP,WE,Federal Contract Tower,0,1,10,0,11,0,0,74,2,76,0,1,84,2,87,168,0,168,255
11/23/2010,RNM,CA,AWP,WE,Federal Contract Tower,0,3,1,0,4,0,0,51,2,53,0,3,52,2,57,208,0,208,265
11/24/2010,RNM,CA,AWP,WE,Federal Contract Tower,0,0,2,0,2,0,0,50,2,52,0,0,52,2,54,118,0,118,172
11/25/2010,RNM,CA,AWP,WE,Federal Contract Tower,0,0,3,0,3,0,0,43,0,43,0,0,46,0,46,94,0,94,140
11/26/2010,RNM,CA,AWP,WE,Federal Contract Tower,0,0,2,0,2,0,0,105,0,105,0,0,107,0,107,278,0,278,385
11/27/2010,RNM,CA,AWP,WE,Federal Contract Tower,0,0,2,0,2,0,0,122,0,122,0,0,124,0,124,148,0,148,272
11/28/2010,RNM,CA,AWP,WE,Federal Contract Tower,0,0,0,1,1,0,0,50,0,50,0,0,50,1,51,0,102,102,153
11/29/2010,RNM,CA,AWP,WE,Federal Contract Tower,0,2,3,0,5,0,0,75,0,75,0,2,78,0,80,212,0,212,292
11/30/2010,RNM,CA,AWP,WE,Federal Contract Tower,0,0,2,0,2,0,0,68,2,70,0,0,70,2,72,94,2,96,168
12/01/2010,RNM,CA,AWP,WE,Federal Contract Tower,0,0,3,0,3,0,0,83,0,83,0,0,86,0,86,176,0,176,262
12/02/2010,RNM,CA,AWP,WE,Federal Contract Tower,0,0,0,0,0,0,0,59,2,61,0,0,59,2,61,292,0,292,353
12/03/2010,RNM,CA,AWP,WE,Federal Contract Tower,0,0,4,0,4,0,0,99,2,101,0,0,103,2,105,283,0,283,388
12/04/2010,RNM,CA,AWP,WE,Federal Contract Tower,0,1,1,0,2,0,1,132,0,133,0,2,133,0,135,218,0,218,353
12/05/2010,RNM,CA,AWP,WE,Federal Contract Tower,0,3,4,0,7,0,0,93,0,93,0,3,97,0,100,286,0,286,386
12/06/2010,RNM,CA,AWP,WE,Federal Contract Tower,0,0,1,0,1,0,0,51,0,51,0,0,52,0,52,214,0,214,266
12/07/2010,RNM,CA,AWP,WE,Federal Contract Tower,0,0,4,0,4,0,0,65,0,65,0,0,69,0,69,258,0,258,327
12/08/2010,RNM,CA,AWP,WE,Federal Contract Tower,0,2,2,0,4,0,0,107,2,109,0,2,109,2,113,230,6,236,349
12/09/2010,RNM,CA,AWP,WE,Federal Contract Tower,0,0,1,0,1,0,0,75,2,77,0,0,76,2,78,186,0,186,264
12/10/2010,RNM,CA,AWP,WE,Federal Contract Tower,0,0,9,0,9,0,0,72,0,72,0,0,81,0,81,266,0,266,347
12/11/2010,RNM,CA,AWP,WE,Federal Contract Tower,0,0,3,0,3,0,0,107,0,107,0,0,110,0,110,306,0,306,416
12/12/2010,RNM,CA,AWP,WE,Federal Contract Tower,0,0,3,0,3,0,0,98,0,98,0,0,101,0,101,175,0,175,276
12/13/2010,RNM,CA,AWP,WE,Federal Contract Tower,0,1,4,0,5,0,0,71,2,73,0,1,75,2,78,224,0,224,302
12/14/2010,RNM,CA,AWP,WE,Federal Contract Tower,0,1,4,0,5,0,0,95,0,95,0,1,99,0,100,282,0,282,382
12/15/2010,RNM,CA,AWP,WE,Federal Contract Tower,0,0,5,0,5,0,0,9,0,9,0,0,14,0,14,8,0,8,22
12/16/2010,RNM,CA,AWP,WE,Federal Contract Tower,0,0,3,0,3,0,0,16,0,16,0,0,19,0,19,160,0,160,179
12/17/2010,RNM,CA,AWP,WE,Federal Contract Tower,0,0,2,0,2,0,0,20,0,20,0,0,22,0,22,14,0,14,36
12/18/2010,RNM,CA,AWP,WE,Federal Contract Tower,0,0,2,0,2,0,0,0,0,0,0,0,2,0,2,0,0,0,2
12/19/2010,RNM,CA,AWP,WE,Federal Contract Tower,0,0,1,0,1,0,0,0,0,0,0,0,1,0,1,0,0,0,1
12/20/2010,RNM,CA,AWP,WE,Federal Contract Tower,0,0,4,0,4,0,0,0,0,0,0,0,4,0,4,0,0,0,4
12/21/2010,RNM,CA,AWP,WE,Federal Contract Tower,0,0,2,0,2,0,0,0,0,0,0,0,2,0,2,0,0,0,2
12/22/2010,RNM,CA,AWP,WE,Federal Contract Tower,0,0,4,0,4,0,0,0,0,0,0,0,4,0,4,0,0,0,4
12/23/2010,RNM,CA,AWP,WE,Federal Contract Tower,0,0,6,0,6,0,0,55,0,55,0,0,61,0,61,144,0,144,205
12/24/2010,RNM,CA,AWP,WE,Federal Contract Tower,0,0,4,0,4,0,0,104,0,104,0,0,108,0,108,202,0,202,310
12/25/2010,RNM,CA,AWP,WE,Federal Contract Tower,0,0,4,0,4,0,0,8,0,8,0,0,12,0,12,67,0,67,79
12/26/2010,RNM,CA,AWP,WE,Federal Contract Tower,0,0,6,0,6,0,0,22,0,22,0,0,28,0,28,94,0,94,122
12/27/2010,RNM,CA,AWP,WE,Federal Contract Tower,0,0,3,0,3,0,0,125,0,125,0,0,128,0,128,302,0,302,430
12/28/2010,RNM,CA,AWP,WE,Federal Contract Tower,0,1,0,0,1,0,0,107,2,109,0,1,107,2,110,212,0,212,322
12/29/2010,RNM,CA,AWP,WE,Federal Contract Tower,0,0,1,0,1,0,0,0,0,0,0,0,1,0,1,0,0,0,1
12/30/2010,RNM,CA,AWP,WE,Federal Contract Tower,0,0,1,0,1,0,0,77,0,77,0,0,78,0,78,256,0,256,334
12/31/2010,RNM,CA,AWP,WE,Federal Contract Tower,0,0,2,0,2,0,0,111,0,111,0,0,113,0,113,240,0,240,353
01/01/2011,RNM,CA,AWP,WE,Federal Contract Tower,0,0,4,0,4,0,0,77,0,77,0,0,81,0,81,84,0,84,165
01/02/2011,RNM,CA,AWP,WE,Federal Contract Tower,0,0,0,0,0,0,0,78,0,78,0,0,78,0,78,220,0,220,298
01/03/2011,RNM,CA,AWP,WE,Federal Contract Tower,0,0,2,0,2,0,0,1,0,1,0,0,3,0,3,0,0,0,3
01/04/2011,RNM,CA,AWP,WE,Federal Contract Tower,0,0,1,0,1,0,0,69,2,71,0,0,70,2,72,198,0,198,270
01/05/2011,RNM,CA,AWP,WE,Federal Contract Tower,0,0,4,0,4,0,0,69,0,69,0,0,73,0,73,250,0,250,323
01/06/2011,RNM,CA,AWP,WE,Federal Contract Tower,0,0,4,0,4,0,0,74,0,74,0,0,78,0,78,304,0,304,382
01/07/2011,RNM,CA,AWP,WE,Federal Contract Tower,0,0,1,0,1,0,0,85,0,85,0,0,86,0,86,218,0,218,304
01/08/2011,RNM,CA,AWP,WE,Federal Contract Tower,0,0,10,0,10,0,0,40,0,40,0,0,50,0,50,277,0,277,327
01/09/2011,RNM,CA,AWP,WE,Federal Contract Tower,0,0,3,0,3,0,0,74,0,74,0,0,77,0,77,242,0,242,319
01/10/2011,RNM,CA,AWP,WE,Federal Contract Tower,0,0,4,0,4,0,0,77,0,77,0,0,81,0,81,220,0,220,301
01/11/2011,RNM,CA,AWP,WE,Federal Contract Tower,0,0,1,0,1,0,0,96,0,96,0,0,97,0,97,292,0,292,389
01/12/2011,RNM,CA,AWP,WE,Federal Contract Tower,0,0,3,0,3,0,0,90,0,90,0,0,93,0,93,250,0,250,343
01/13/2011,RNM,CA,AWP,WE,Federal Contract Tower,0,0,5,0,5,0,0,60,0,60,0,0,65,0,65,192,0,192,257
01/14/2011,RNM,CA,AWP,WE,Federal Contract Tower,0,0,2,0,2,0,0,57,0,57,0,0,59,0,59,108,0,108,167
01/15/2011,RNM,CA,AWP,WE,Federal Contract Tower,0,0,0,0,0,0,0,146,0,146,0,0,146,0,146,246,0,246,392
01/16/2011,RNM,CA,AWP,WE,Federal Contract Tower,0,0,3,0,3,0,0,114,0,114,0,0,117,0,117,204,0,204,321
01/17/2011,RNM,CA,AWP,WE,Federal Contract Tower,0,0,1,0,1,0,0,80,0,80,0,0,81,0,81,266,0,266,347
01/18/2011,RNM,CA,AWP,WE,Federal Contract Tower,0,0,0,0,0,0,0,86,0,86,0,0,86,0,86,246,0,246,332
01/19/2011,RNM,CA,AWP,WE,Federal Contract Tower,0,0,2,0,2,0,0,33,2,35,0,0,35,2,37,116,4,120,157
01/20/2011,RNM,CA,AWP,WE,Federal Contract Tower,0,0,2,0,2,0,0,35,0,35,0,0,37,0,37,120,0,120,157
01/21/2011,RNM,CA,AWP,WE,Federal Contract Tower,0,0,2,0,2,0,1,95,5,101,0,1,97,5,103,194,10,204,307
01/22/2011,RNM,CA,AWP,WE,Federal Contract Tower,0,0,2,0,2,0,0,161,0,161,0,0,163,0,163,368,0,368,531
01/23/2011,RNM,CA,AWP,WE,Federal Contract Tower,0,0,2,0,2,0,0,26,0,26,0,0,28,0,28,106,0,106,134
01/24/2011,RNM,CA,AWP,WE,Federal Contract Tower,0,2,3,0,5,0,0,88,6,94,0,2,91,6,99,228,0,228,327
01/25/2011,RNM,CA,AWP,WE,Federal Contract Tower,0,0,0,0,0,0,0,90,2,92,0,0,90,2,92,214,10,224,316
01/26/2011,RNM,CA,AWP,WE,Federal Contract Tower,0,0,0,0,0,0,0,58,0,58,0,0,58,0,58,108,0,108,166
01/27/2011,RNM,CA,AWP,WE,Federal Contract Tower,0,0,3,0,3,0,0,61,0,61,0,0,64,0,64,184,0,184,248
01/28/2011,RNM,CA,AWP,WE,Federal Contract Tower,0,1,1,0,2,0,0,120,12,132,0,1,121,12,134,192,0,192,326
01/29/2011,RNM,CA,AWP,WE,Federal Contract Tower,0,0,1,0,1,0,0,119,0,119,0,0,120,0,120,186,0,186,306
01/30/2011,RNM,CA,AWP,WE,Federal Contract Tower,0,0,10,0,10,0,0,18,0,18,0,0,28,0,28,28,0,28,56
01/31/2011,RNM,CA,AWP,WE,Federal Contract Tower,0,0,3,0,3,0,0,46,0,46,0,0,49,0,49,132,0,132,181
02/01/2011,RNM,CA,AWP,WE,Federal Contract Tower,0,0,2,0,2,0,0,77,0,77,0,0,79,0,79,172,2,174,253
02/02/2011,RNM,CA,AWP,WE,Federal Contract Tower,0,0,2,0,2,0,0,19,0,19,0,0,21,0,21,20,0,20,41
02/03/2011,RNM,CA,AWP,WE,Federal Contract Tower,0,0,1,0,1,0,0,52,0,52,0,0,53,0,53,142,0,142,195
02/04/2011,RNM,CA,AWP,WE,Federal Contract Tower,0,0,2,0,2,0,0,133,0,133,0,0,135,0,135,282,0,282,417
02/05/2011,RNM,CA,AWP,WE,Federal Contract Tower,0,0,1,0,1,0,0,161,0,161,0,0,162,0,162,246,0,246,408
02/06/2011,RNM,CA,AWP,WE,Federal Contract Tower,0,0,3,0,3,0,0,36,0,36,0,0,39,0,39,114,0,114,153
02/07/2011,RNM,CA,AWP,WE,Federal Contract Tower,0,0,4,0,4,0,0,78,0,78,0,0,82,0,82,196,0,196,278
02/08/2011,RNM,CA,AWP,WE,Federal Contract Tower,0,0,4,0,4,0,0,64,0,64,0,0,68,0,68,18,0,18,86
02/09/2011,RNM,CA,AWP,WE,Federal Contract Tower,0,0,1,0,1,0,0,38,2,40,0,0,39,2,41,133,2,135,176
02/10/2011,RNM,CA,AWP,WE,Federal Contract Tower,0,2,3,0,5,0,0,59,4,63,0,2,62,4,68,98,26,124,192
02/11/2011,RNM,CA,AWP,WE,Federal Contract Tower,0,0,2,0,2,0,0,87,0,87,0,0,89,0,89,253,0,253,342
02/12/2011,RNM,CA,AWP,WE,Federal Contract Tower,0,0,0,0,0,0,0,113,0,113,0,0,113,0,113,196,0,196,309
02/13/2011,RNM,CA,AWP,WE,Federal Contract Tower,0,0,4,0,4,0,0,160,0,160,0,0,164,0,164,268,0,268,432
02/14/2011,RNM,CA,AWP,WE,Federal Contract Tower,0,0,1,0,1,0,0,84,2,86,0,0,85,2,87,203,12,215,302
02/15/2011,RNM,CA,AWP,WE,Federal Contract Tower,0,0,4,0,4,0,0,65,0,65,0,0,69,0,69,332,0,332,401
02/16/2011,RNM,CA,AWP,WE,Federal Contract Tower,0,0,2,0,2,0,0,2,0,2,0,0,4,0,4,8,0,8,12
02/17/2011,RNM,CA,AWP,WE,Federal Contract Tower,0,0,4,0,4,0,0,57,0,57,0,0,61,0,61,182,0,182,243
02/18/2011,RNM,CA,AWP,WE,Federal Contract Tower,0,0,5,0,5,0,0,42,0,42,0,0,47,0,47,144,0,144,191
02/19/2011,RNM,CA,AWP,WE,Federal Contract Tower,0,0,3,0,3,0,0,12,0,12,0,0,15,0,15,14,0,14,29
02/20/2011,RNM,CA,AWP,WE,Federal Contract Tower,0,0,8,0,8,0,0,57,0,57,0,0,65,0,65,114,10,124,189
02/21/2011,RNM,CA,AWP,WE,Federal Contract Tower,0,2,3,0,5,0,0,107,0,107,0,2,110,0,112,336,0,336,448
02/22/2011,RNM,CA,AWP,WE,Federal Contract Tower,0,0,2,0,2,0,0,51,0,51,0,0,53,0,53,334,0,334,387
02/23/2011,RNM,CA,AWP,WE,Federal Contract Tower,0,1,4,0,5,0,0,29,0,29,0,1,33,0,34,406,0,406,440
02/24/2011,RNM,CA,AWP,WE,Federal Contract Tower,0,1,2,0,3,0,0,55,0,55,0,1,57,0,58,254,0,254,312
02/25/2011,RNM,CA,AWP,WE,Federal Contract Tower,0,0,4,0,4,0,0,23,0,23,0,0,27,0,27,50,0,50,77
02/26/2011,RNM,CA,AWP,WE,Federal Contract Tower,0,0,0,0,0,0,0,2,0,2,0,0,2,0,2,4,0,4,6
02/27/2011,RNM,CA,AWP,WE,Federal Contract Tower,0,0,0,0,0,0,0,116,0,116,0,0,116,0,116,184,0,184,300
02/28/2011,RNM,CA,AWP,WE,Federal Contract Tower,0,0,0,0,0,0,0,83,0,83,0,0,83,0,83,288,0,288,371
03/01/2011,RNM,CA,AWP,WE,Federal Contract Tower,0,2,4,0,6,0,0,93,0,93,0,2,97,0,99,392,0,392,491
03/02/2011,RNM,CA,AWP,WE,Federal Contract Tower,0,0,1,0,1,0,0,71,0,71,0,0,72,0,72,239,0,239,311
03/03/2011,RNM,CA,AWP,WE,Federal Contract Tower,0,0,1,0,1,0,0,41,8,49,0,0,42,8,50,164,14,178,228
03/04/2011,RNM,CA,AWP,WE,Federal Contract Tower,0,0,1,0,1,0,0,52,0,52,0,0,53,0,53,118,0,118,171
03/05/2011,RNM,CA,AWP,WE,Federal Contract Tower,0,0,4,0,4,0,0,153,0,153,0,0,157,0,157,308,0,308,465
03/06/2011,RNM,CA,AWP,WE,Federal Contract Tower,0,0,10,0,10,0,0,70,0,70,0,0,80,0,80,126,0,126,206
03/07/2011,RNM,CA,AWP,WE,Federal Contract Tower,0,0,3,0,3,0,0,0,0,0,0,0,3,0,3,0,0,0,3
03/08/2011,RNM,CA,AWP,WE,Federal Contract Tower,0,0,2,0,2,0,0,78,0,78,0,0,80,0,80,330,0,330,410
03/09/2011,RNM,CA,AWP,WE,Federal Contract Tower,0,0,4,0,4,0,0,79,0,79,0,0,83,0,83,174,0,174,257
03/10/2011,RNM,CA,AWP,WE,Federal Contract Tower,0,0,5,0,5,0,0,92,0,92,0,0,97,0,97,203,0,203,300
03/11/2011,RNM,CA,AWP,WE,Federal Contract Tower,0,0,3,0,3,0,0,96,0,96,0,0,99,0,99,230,0,230,329
03/12/2011,RNM,CA,AWP,WE,Federal Contract Tower,0,0,3,0,3,0,0,100,0,100,0,0,103,0,103,222,0,222,325
03/13/2011,RNM,CA,AWP,WE,Federal Contract Tower,0,0,3,0,3,0,0,115,0,115,0,0,118,0,118,274,0,274,392
03/14/2011,RNM,CA,AWP,WE,Federal Contract Tower,0,0,3,0,3,0,0,65,0,65,0,0,68,0,68,168,0,168,236
03/15/2011,RNM,CA,AWP,WE,Federal Contract Tower,0,0,2,0,2,0,0,107,0,107,0,0,109,0,109,370,0,370,479
03/16/2011,RNM,CA,AWP,WE,Federal Contract Tower,0,1,2,0,3,0,0,74,0,74,0,1,76,0,77,312,0,312,389
03/17/2011,RNM,CA,AWP,WE,Federal Contract Tower,0,0,6,0,6,0,0,66,0,66,0,0,72,0,72,220,0,220,292
03/18/2011,RNM,CA,AWP,WE,Federal Contract Tower,0,0,3,0,3,0,0,130,0,130,0,0,133,0,133,350,0,350,483
03/19/2011,RNM,CA,AWP,WE,Federal Contract Tower,0,1,0,0,1,0,0,31,0,31,0,1,31,0,32,52,0,52,84
03/20/2011,RNM,CA,AWP,WE,Federal Contract Tower,0,0,4,0,4,0,0,23,0,23,0,0,27,0,27,56,0,56,83
03/21/2011,RNM,CA,AWP,WE,Federal Contract Tower,0,0,0,0,0,0,0,2,0,2,0,0,2,0,2,8,0,8,10
03/22/2011,RNM,CA,AWP,WE,Federal Contract Tower,0,2,2,0,4,0,0,67,0,67,0,2,69,0,71,192,4,196,267
03/23/2011,RNM,CA,AWP,WE,Federal Contract Tower,0,0,1,0,1,0,0,86,0,86,0,0,87,0,87,320,8,328,415
03/24/2011,RNM,CA,AWP,WE,Federal Contract Tower,0,0,4,0,4,0,0,37,0,37,0,0,41,0,41,166,0,166,207
03/25/2011,RNM,CA,AWP,WE,Federal Contract Tower,0,0,1,0,1,0,0,2,0,2,0,0,3,0,3,4,0,4,7
03/26/2011,RNM,CA,AWP,WE,Federal Contract Tower,0,0,3,0,3,0,0,35,0,35,0,0,38,0,38,76,0,76,114
03/27/2011,RNM,CA,AWP,WE,Federal Contract Tower,0,0,5,0,5,0,0,27,0,27,0,0,32,0,32,88,0,88,120
03/28/2011,RNM,CA,AWP,WE,Federal Contract Tower,0,0,8,0,8,0,0,22,0,22,0,0,30,0,30,146,0,146,176
03/29/2011,RNM,CA,AWP,WE,Federal Contract Tower,0,0,2,0,2,0,0,92,0,92,0,0,94,0,94,254,0,254,348
03/30/2011,RNM,CA,AWP,WE,Federal Contract Tower,0,0,7,0,7,0,0,128,6,134,0,0,135,6,141,290,4,294,435
03/31/2011,RNM,CA,AWP,WE,Federal Contract Tower,0,0,1,0,1,0,2,108,0,110,0,2,109,0,111,352,0,352,463
04/01/2011,RNM,CA,AWP,WE,Federal Contract Tower,0,0,11,0,11,0,0,135,0,135,0,0,146,0,146,332,0,332,478
04/02/2011,RNM,CA,AWP,WE,Federal Contract Tower,0,0,4,0,4,0,0,37,0,37,0,0,41,0,41,84,0,84,125
04/03/2011,RNM,CA,AWP,WE,Federal Contract Tower,0,0,9,0,9,0,0,57,0,57,0,0,66,0,66,192,0,192,258
04/04/2011,RNM,CA,AWP,WE,Federal Contract Tower,0,0,3,0,3,0,0,101,0,101,0,0,104,0,104,214,0,214,318
04/05/2011,RNM,CA,AWP,WE,Federal Contract Tower,0,0,4,0,4,0,0,65,0,65,0,0,69,0,69,202,0,202,271
04/06/2011,RNM,CA,AWP,WE,Federal Contract Tower,0,0,5,0,5,0,0,13,0,13,0,0,18,0,18,20,0,20,38
04/07/2011,RNM,CA,AWP,WE,Federal Contract Tower,0,0,9,0,9,0,0,7,0,7,0,0,16,0,16,0,0,0,16
04/08/2011,RNM,CA,AWP,WE,Federal Contract Tower,0,0,0,0,0,0,0,21,0,21,0,0,21,0,21,64,0,64,85
04/09/2011,RNM,CA,AWP,WE,Federal Contract Tower,0,0,1,0,1,0,0,49,0,49,0,0,50,0,50,90,0,90,140
04/10/2011,RNM,CA,AWP,WE,Federal Contract Tower,0,0,2,0,2,0,0,85,0,85,0,0,87,0,87,158,0,158,245
04/11/2011,RNM,CA,AWP,WE,Federal Contract Tower,0,0,1,0,1,0,0,88,0,88,0,0,89,0,89,128,0,128,217
04/12/2011,RNM,CA,AWP,WE,Federal Contract Tower,0,0,3,0,3,0,0,103,2,105,0,0,106,2,108,314,0,314,422
04/13/2011,RNM,CA,AWP,WE,Federal Contract Tower,0,0,6,0,6,0,0,33,0,33,0,0,39,0,39,78,1,79,118
04/14/2011,RNM,CA,AWP,WE,Federal Contract Tower,0,0,4,0,4,0,0,93,0,93,0,0,97,0,97,166,0,166,263
04/15/2011,RNM,CA,AWP,WE,Federal Contract Tower,0,0,2,0,2,0,0,128,0,128,0,0,130,0,130,238,10,248,378
04/16/2011,RNM,CA,AWP,WE,Federal Contract Tower,0,0,3,0,3,0,0,129,0,129,0,0,132,0,132,270,0,270,402
04/17/2011,RNM,CA,AWP,WE,Federal Contract Tower,0,0,3,0,3,0,0,81,0,81,0,0,84,0,84,192,0,192,276
04/18/2011,RNM,CA,AWP,WE,Federal Contract Tower,0,0,5,0,5,0,0,4,0,4,0,0,9,0,9,14,0,14,23
04/19/2011,RNM,CA,AWP,WE,Federal Contract Tower,0,0,4,0,4,0,0,21,0,21,0,0,25,0,25,84,0,84,109
04/20/2011,RNM,CA,AWP,WE,Federal Contract Tower,0,0,6,0,6,0,0,27,0,27,0,0,33,0,33,108,0,108,141
04/21/2011,RNM,CA,AWP,WE,Federal Contract Tower,0,0,11,0,11,0,0,15,0,15,0,0,26,0,26,76,0,76,102
04/22/2011,RNM,CA,AWP,WE,Federal Contract Tower,0,0,11,0,11,0,0,45,0,45,0,0,56,0,56,172,0,172,228
04/23/2011,RNM,CA,AWP,WE,Federal Contract Tower,0,0,7,0,7,0,0,85,0,85,0,0,92,0,92,230,0,230,322
04/24/2011,RNM,CA,AWP,WE,Federal Contract Tower,0,0,18,0,18,0,0,11,0,11,0,0,29,0,29,16,0,16,45
04/25/2011,RNM,CA,AWP,WE,Federal Contract Tower,0,2,5,0,7,0,0,91,0,91,0,2,96,0,98,136,0,136,234
04/26/2011,RNM,CA,AWP,WE,Federal Contract Tower,0,0,8,2,10,0,0,73,0,73,0,0,81,2,83,150,2,152,235
04/27/2011,RNM,CA,AWP,WE,Federal Contract Tower,0,0,6,0,6,0,0,98,0,98,0,0,104,0,104,246,0,246,350
04/28/2011,RNM,CA,AWP,WE,Federal Contract Tower,0,1,6,0,7,0,0,92,0,92,0,1,98,0,99,178,0,178,277
04/29/2011,RNM,CA,AWP,WE,Federal Contract Tower,0,0,8,0,8,0,0,60,0,60,0,0,68,0,68,164,0,164,232
04/30/2011,RNM,CA,AWP,WE,Federal Contract Tower,0,0,3,0,3,0,0,118,0,118,0,0,121,0,121,228,0,228,349
05/01/2011,RNM,CA,AWP,WE,Federal Contract Tower,0,0,4,0,4,0,0,91,2,93,0,0,95,2,97,146,0,146,243
05/02/2011,RNM,CA,AWP,WE,Federal Contract Tower,0,0,2,0,2,0,0,28,0,28,0,0,30,0,30,36,0,36,66
05/03/2011,RNM,CA,AWP,WE,Federal Contract Tower,0,0,0,0,0,0,0,71,0,71,0,0,71,0,71,182,0,182,253
05/04/2011,RNM,CA,AWP,WE,Federal Contract Tower,0,0,3,0,3,0,0,94,0,94,0,0,97,0,97,300,0,300,397
05/05/2011,RNM,CA,AWP,WE,Federal Contract Tower,0,0,5,0,5,0,0,86,1,87,0,0,91,1,92,200,0,200,292
05/06/2011,RNM,CA,AWP,WE,Federal Contract Tower,0,0,3,0,3,0,0,112,2,114,0,0,115,2,117,220,0,220,337
05/07/2011,RNM,CA,AWP,WE,Federal Contract Tower,0,0,6,0,6,0,4,101,0,105,0,4,107,0,111,274,0,274,385
05/08/2011,RNM,CA,AWP,WE,Federal Contract Tower,0,0,5,0,5,0,0,12,0,12,0,0,17,0,17,47,0,47,64
05/09/2011,RNM,CA,AWP,WE,Federal Contract Tower,0,0,4,0,4,0,0,13,0,13,0,0,17,0,17,66,0,66,83
05/10/2011,RNM,CA,AWP,WE,Federal Contract Tower,0,2,6,0,8,0,0,62,0,62,0,2,68,0,70,175,0,175,245
05/11/2011,RNM,CA,AWP,WE,Federal Contract Tower,0,0,3,0,3,0,0,94,0,94,0,0,97,0,97,140,0,140,237
05/12/2011,RNM,CA,AWP,WE,Federal Contract Tower,0,0,3,0,3,0,0,112,0,112,0,0,115,0,115,256,0,256,371
05/13/2011,RNM,CA,AWP,WE,Federal Contract Tower,0,0,5,0,5,0,0,65,0,65,0,0,70,0,70,224,0,224,294
05/14/2011,RNM,CA,AWP,WE,Federal Contract Tower,0,0,9,0,9,0,0,52,0,52,0,0,61,0,61,132,0,132,193
05/15/2011,RNM,CA,AWP,WE,Federal Contract Tower,0,0,8,0,8,0,0,29,0,29,0,0,37,0,37,36,0,36,73
05/16/2011,RNM,CA,AWP,WE,Federal Contract Tower,0,0,6,0,6,0,0,73,2,75,0,0,79,2,81,126,0,126,207
05/17/2011,RNM,CA,AWP,WE,Federal Contract Tower,0,0,2,0,2,0,0,0,0,0,0,0,2,0,2,0,0,0,2
05/18/2011,RNM,CA,AWP,WE,Federal Contract Tower,0,0,4,0,4,0,0,9,0,9,0,0,13,0,13,20,0,20,33
05/19/2011,RNM,CA,AWP,WE,Federal Contract Tower,0,0,4,0,4,0,0,78,0,78,0,0,82,0,82,254,0,254,336
05/20/2011,RNM,CA,AWP,WE,Federal Contract Tower,0,0,9,0,9,0,0,93,2,95,0,0,102,2,104,264,0,264,368
05/21/2011,RNM,CA,AWP,WE,Federal Contract Tower,0,0,2,0,2,0,0,115,0,115,0,0,117,0,117,302,0,302,419
05/22/2011,RNM,CA,AWP,WE,Federal Contract Tower,0,0,11,0,11,0,0,47,0,47,0,0,58,0,58,120,0,120,178
05/23/2011,RNM,CA,AWP,WE,Federal Contract Tower,0,0,8,0,8,0,0,19,0,19,0,0,27,0,27,68,0,68,95
05/24/2011,RNM,CA,AWP,WE,Federal Contract Tower,0,0,2,0,2,0,0,80,0,80,0,0,82,0,82,29,0,29,111
05/25/2011,RNM,CA,AWP,WE,Federal Contract Tower,0,0,3,0,3,0,0,63,0,63,0,0,66,0,66,230,2,232,298
05/26/2011,RNM,CA,AWP,WE,Federal Contract Tower,0,0,1,0,1,0,0,81,0,81,0,0,82,0,82,208,0,208,290
05/27/2011,RNM,CA,AWP,WE,Federal Contract Tower,0,0,6,0,6,0,0,154,0,154,0,0,160,0,160,262,0,262,422
05/28/2011,RNM,CA,AWP,WE,Federal Contract Tower,0,0,6,0,6,0,0,80,0,80,0,0,86,0,86,218,0,218,304
05/29/2011,RNM,CA,AWP,WE,Federal Contract Tower,0,0,5,0,5,0,0,13,0,13,0,0,18,0,18,14,0,14,32
05/30/2011,RNM,CA,AWP,WE,Federal Contract Tower,0,0,2,0,2,0,0,152,0,152,0,0,154,0,154,294,0,294,448
05/31/2011,RNM,CA,AWP,WE,Federal Contract Tower,0,0,0,0,0,0,0,94,0,94,0,0,94,0,94,304,0,304,398
06/01/2011,RNM,CA,AWP,WE,Federal Contract Tower,0,0,2,0,2,0,0,91,0,91,0,0,93,0,93,300,0,300,393
06/02/2011,RNM,CA,AWP,WE,Federal Contract Tower,0,0,6,0,6,0,0,87,0,87,0,0,93,0,93,29,0,29,122
06/03/2011,RNM,CA,AWP,WE,Federal Contract Tower,0,0,3,0,3,0,0,119,2,121,0,0,122,2,124,319,0,319,443
06/04/2011,RNM,CA,AWP,WE,Federal Contract Tower,0,0,2,0,2,0,0,74,0,74,0,0,76,0,76,250,0,250,326
06/05/2011,RNM,CA,AWP,WE,Federal Contract Tower,0,0,6,0,6,0,0,120,0,120,0,0,126,0,126,194,0,194,320
06/06/2011,RNM,CA,AWP,WE,Federal Contract Tower,0,0,5,0,5,0,0,90,0,90,0,0,95,0,95,274,0,274,369
06/07/2011,RNM,CA,AWP,WE,Federal Contract Tower,0,0,1,0,1,0,0,89,2,91,0,0,90,2,92,176,0,176,268
06/08/2011,RNM,CA,AWP,WE,Federal Contract Tower,0,0,10,0,10,0,0,51,0,51,0,0,61,0,61,152,0,152,213
06/09/2011,RNM,CA,AWP,WE,Federal Contract Tower,0,0,5,0,5,0,0,26,0,26,0,0,31,0,31,132,0,132,163
06/10/2011,RNM,CA,AWP,WE,Federal Contract Tower,0,0,3,0,3,0,0,30,0,30,0,0,33,0,33,146,0,146,179
06/11/2011,RNM,CA,AWP,WE,Federal Contract Tower,0,0,7,0,7,0,0,114,0,114,0,0,121,0,121,226,0,226,347
06/12/2011,RNM,CA,AWP,WE,Federal Contract Tower,0,0,0,0,0,0,0,65,0,65,0,0,65,0,65,160,0,160,225
06/13/2011,RNM,CA,AWP,WE,Federal Contract Tower,0,0,2,0,2,0,0,92,0,92,0,0,94,0,94,188,0,188,282
06/14/2011,RNM,CA,AWP,WE,Federal Contract Tower,0,0,2,0,2,0,0,71,2,73,0,0,73,2,75,212,6,218,293
06/15/2011,RNM,CA,AWP,WE,Federal Contract Tower,0,2,6,0,8,0,0,69,0,69,0,2,75,0,77,264,0,264,341
06/16/2011,RNM,CA,AWP,WE,Federal Contract Tower,0,0,9,0,9,0,0,69,2,71,0,0,78,2,80,288,0,288,368
06/17/2011,RNM,CA,AWP,WE,Federal Contract Tower,0,1,2,0,3,0,0,79,0,79,0,1,81,0,82,216,0,216,298
06/18/2011,RNM,CA,AWP,WE,Federal Contract Tower,0,2,3,0,5,0,0,135,0,135,0,2,138,0,140,306,0,306,446
06/19/2011,RNM,CA,AWP,WE,Federal Contract Tower,0,0,4,0,4,0,0,88,0,88,0,0,92,0,92,108,0,108,200
06/20/2011,RNM,CA,AWP,WE,Federal Contract Tower,0,0,0,0,0,0,1,80,0,81,0,1,80,0,81,212,0,212,293
06/21/2011,RNM,CA,AWP,WE,Federal Contract Tower,0,0,4,0,4,0,0,110,0,110,0,0,114,0,114,258,0,258,372
06/22/2011,RNM,CA,AWP,WE,Federal Contract Tower,0,0,6,0,6,0,0,99,2,101,0,0,105,2,107,290,6,296,403
06/23/2011,RNM,CA,AWP,WE,Federal Contract Tower,0,0,5,0,5,0,0,86,0,86,0,0,91,0,91,326,0,326,417
06/24/2011,RNM,CA,AWP,WE,Federal Contract Tower,0,1,9,0,10,0,0,115,8,123,0,1,124,8,133,288,6,294,427
06/25/2011,RNM,CA,AWP,WE,Federal Contract Tower,0,0,4,0,4,0,2,110,0,112,0,2,114,0,116,316,0,316,432
06/26/2011,RNM,CA,AWP,WE,Federal Contract Tower,0,0,2,0,2,0,0,105,12,117,0,0,107,12,119,192,0,192,311
06/27/2011,RNM,CA,AWP,WE,Federal Contract Tower,0,0,0,0,0,0,0,89,0,89,0,0,89,0,89,241,0,241,330
06/28/2011,RNM,CA,AWP,WE,Federal Contract Tower,0,0,4,0,4,0,0,89,2,91,0,0,93,2,95,260,4,264,359
06/29/2011,RNM,CA,AWP,WE,Federal Contract Tower,0,0,7,0,7,0,0,74,2,76,0,0,81,2,83,150,0,150,233
06/30/2011,RNM,CA,AWP,WE,Federal Contract Tower,0,0,14,0,14,0,0,89,0,89,0,0,103,0,103,150,0,150,253
07/01/2011,RNM,CA,AWP,WE,Federal Contract Tower,0,0,1,0,1,0,0,72,0,72,0,0,73,0,73,210,0,210,283
07/02/2011,RNM,CA,AWP,WE,Federal Contract Tower,0,0,1,0,1,0,2,90,0,92,0,2,91,0,93,234,0,234,327
07/03/2011,RNM,CA,AWP,WE,Federal Contract Tower,0,0,5,0,5,0,0,74,0,74,0,0,79,0,79,162,0,162,241
07/04/2011,RNM,CA,AWP,WE,Federal Contract Tower,0,0,1,0,1,0,0,65,0,65,0,0,66,0,66,70,0,70,136
07/05/2011,RNM,CA,AWP,WE,Federal Contract Tower,0,0,1,0,1,0,0,66,0,66,0,0,67,0,67,142,0,142,209
07/06/2011,RNM,CA,AWP,WE,Federal Contract Tower,0,0,3,0,3,0,0,50,0,50,0,0,53,0,53,170,0,170,223
07/07/2011,RNM,CA,AWP,WE,Federal Contract Tower,0,0,5,0,5,0,0,66,0,66,0,0,71,0,71,202,0,202,273
07/08/2011,RNM,CA,AWP,WE,Federal Contract Tower,0,0,4,0,4,0,0,85,0,85,0,0,89,0,89,330,0,330,419
07/09/2011,RNM,CA,AWP,WE,Federal Contract Tower,0,0,3,0,3,0,0,112,0,112,0,0,115,0,115,204,0,204,319
07/10/2011,RNM,CA,AWP,WE,Federal Contract Tower,0,0,3,0,3,0,0,111,0,111,0,0,114,0,114,144,0,144,258
07/11/2011,RNM,CA,AWP,WE,Federal Contract Tower,0,0,6,0,6,0,0,100,2,102,0,0,106,2,108,190,0,190,298
07/12/2011,RNM,CA,AWP,WE,Federal Contract Tower,0,0,1,0,1,0,0,91,0,91,0,0,92,0,92,256,0,256,348
07/13/2011,RNM,CA,AWP,WE,Federal Contract Tower,0,0,5,0,5,0,0,88,2,90,0,0,93,2,95,214,6,220,315
07/14/2011,RNM,CA,AWP,WE,Federal Contract Tower,0,0,4,0,4,0,0,62,0,62,0,0,66,0,66,168,0,168,234
07/15/2011,RNM,CA,AWP,WE,Federal Contract Tower,0,0,1,0,1,0,0,83,0,83,0,0,84,0,84,236,0,236,320
07/16/2011,RNM,CA,AWP,WE,Federal Contract Tower,0,0,2,0,2,0,0,120,2,122,0,0,122,2,124,260,0,260,384
07/17/2011,RNM,CA,AWP,WE,Federal Contract Tower,0,0,3,0,3,0,0,109,0,109,0,0,112,0,112,163,0,163,275
07/18/2011,RNM,CA,AWP,WE,Federal Contract Tower,0,0,2,0,2,0,0,79,0,79,0,0,81,0,81,135,0,135,216
07/19/2011,RNM,CA,AWP,WE,Federal Contract Tower,0,0,4,0,4,0,0,122,2,124,0,0,126,2,128,279,6,285,413
07/20/2011,RNM,CA,AWP,WE,Federal Contract Tower,0,0,9,0,9,0,0,69,0,69,0,0,78,0,78,220,0,220,298
07/21/2011,RNM,CA,AWP,WE,Federal Contract Tower,0,0,7,0,7,0,0,94,0,94,0,0,101,0,101,178,0,178,279
07/22/2011,RNM,CA,AWP,WE,Federal Contract Tower,0,0,0,0,0,0,0,200,0,200,0,0,200,0,200,186,0,186,386
07/23/2011,RNM,CA,AWP,WE,Federal Contract Tower,0,0,2,0,2,0,0,155,0,155,0,0,157,0,157,208,0,208,365
07/24/2011,RNM,CA,AWP,WE,Federal Contract Tower,0,0,3,0,3,0,0,135,0,135,0,0,138,0,138,256,0,256,394
07/25/2011,RNM,CA,AWP,WE,Federal Contract Tower,0,0,4,0,4,0,0,139,8,147,0,0,143,8,151,236,0,236,387
07/26/2011,RNM,CA,AWP,WE,Federal Contract Tower,0,0,6,0,6,0,0,136,2,138,0,0,142,2,144,164,8,172,316
07/27/2011,RNM,CA,AWP,WE,Federal Contract Tower,0,1,7,0,8,0,0,81,0,81,0,1,88,0,89,118,0,118,207
07/28/2011,RNM,CA,AWP,WE,Federal Contract Tower,0,1,8,0,9,0,0,80,0,80,0,1,88,0,89,206,0,206,295
07/29/2011,RNM,CA,AWP,WE,Federal Contract Tower,0,0,3,2,5,0,0,84,0,84,0,0,87,2,89,236,0,236,325
07/30/2011,RNM,CA,AWP,WE,Federal Contract Tower,0,0,5,0,5,0,0,107,0,107,0,0,112,0,112,230,0,230,342
07/31/2011,RNM,CA,AWP,WE,Federal Contract Tower,0,0,4,0,4,0,0,61,0,61,0,0,65,0,65,132,0,132,197
08/01/2011,RNM,CA,AWP,WE,Federal Contract Tower,0,0,1,0,1,0,0,46,0,46,0,0,47,0,47,126,0,126,173
08/02/2011,RNM,CA,AWP,WE,Federal Contract Tower,0,0,0,0,0,0,0,77,0,77,0,0,77,0,77,182,0,182,259
08/03/2011,RNM,CA,AWP,WE,Federal Contract Tower,0,0,5,0,5,0,0,97,0,97,0,0,102,0,102,254,0,254,356
08/04/2011,RNM,CA,AWP,WE,Federal Contract Tower,0,0,2,0,2,0,0,94,0,94,0,0,96,0,96,228,0,228,324
08/05/2011,RNM,CA,AWP,WE,Federal Contract Tower,0,0,5,0,5,0,0,96,0,96,0,0,101,0,101,32,0,32,133
08/06/2011,RNM,CA,AWP,WE,Federal Contract Tower,0,0,7,0,7,0,0,121,0,121,0,0,128,0,128,208,0,208,336
08/07/2011,RNM,CA,AWP,WE,Federal Contract Tower,0,0,1,0,1,0,0,113,0,113,0,0,114,0,114,176,0,176,290
08/08/2011,RNM,CA,AWP,WE,Federal Contract Tower,0,0,2,0,2,0,0,82,0,82,0,0,84,0,84,258,2,260,344
08/09/2011,RNM,CA,AWP,WE,Federal Contract Tower,0,0,3,0,3,0,0,88,4,92,0,0,91,4,95,244,4,248,343
08/10/2011,RNM,CA,AWP,WE,Federal Contract Tower,0,2,4,0,6,0,0,64,2,66,0,2,68,2,72,207,2,209,281
08/11/2011,RNM,CA,AWP,WE,Federal Contract Tower,0,0,2,0,2,0,0,79,0,79,0,0,81,0,81,198,6,204,285
08/12/2011,RNM,CA,AWP,WE,Federal Contract Tower,0,0,9,0,9,0,0,88,0,88,0,0,97,0,97,192,0,192,289
08/13/2011,RNM,CA,AWP,WE,Federal Contract Tower,0,0,5,0,5,0,0,106,0,106,0,0,111,0,111,326,0,326,437
08/14/2011,RNM,CA,AWP,WE,Federal Contract Tower,0,0,6,0,6,0,0,125,0,125,0,0,131,0,131,176,0,176,307
08/15/2011,RNM,CA,AWP,WE,Federal Contract Tower,0,0,6,0,6,0,0,123,2,125,0,0,129,2,131,232,10,242,373
08/16/2011,RNM,CA,AWP,WE,Federal Contract Tower,0,0,5,0,5,0,0,83,4,87,0,0,88,4,92,300,4,304,396
08/17/2011,RNM,CA,AWP,WE,Federal Contract Tower,0,0,0,0,0,0,0,107,0,107,0,0,107,0,107,296,0,296,403
08/18/2011,RNM,CA,AWP,WE,Federal Contract Tower,0,0,3,0,3,0,0,92,0,92,0,0,95,0,95,222,2,224,319
08/19/2011,RNM,CA,AWP,WE,Federal Contract Tower,0,0,5,0,5,0,0,65,0,65,0,0,70,0,70,202,0,202,272
08/20/2011,RNM,CA,AWP,WE,Federal Contract Tower,0,0,5,0,5,0,0,104,0,104,0,0,109,0,109,292,0,292,401
08/21/2011,RNM,CA,AWP,WE,Federal Contract Tower,0,0,2,0,2,0,0,100,0,100,0,0,102,0,102,250,0,250,352
08/22/2011,RNM,CA,AWP,WE,Federal Contract Tower,0,0,0,0,0,0,0,92,2,94,0,0,92,2,94,154,8,162,256
08/23/2011,RNM,CA,AWP,WE,Federal Contract Tower,0,0,1,0,1,0,0,92,0,92,0,0,93,0,93,202,0,202,295
08/24/2011,RNM,CA,AWP,WE,Federal Contract Tower,0,0,7,0,7,0,0,122,0,122,0,0,129,0,129,262,0,262,391
08/25/2011,RNM,CA,AWP,WE,Federal Contract Tower,0,0,5,0,5,0,0,101,0,101,0,0,106,0,106,246,0,246,352
08/26/2011,RNM,CA,AWP,WE,Federal Contract Tower,0,0,3,0,3,0,0,88,0,88,0,0,91,0,91,256,0,256,347
08/27/2011,RNM,CA,AWP,WE,Federal Contract Tower,0,0,1,0,1,0,0,132,0,132,0,0,133,0,133,134,0,134,267
08/28/2011,RNM,CA,AWP,WE,Federal Contract Tower,0,0,2,0,2,0,0,130,0,130,0,0,132,0,132,182,0,182,314
08/29/2011,RNM,CA,AWP,WE,Federal Contract Tower,0,0,4,0,4,0,0,207,0,207,0,0,211,0,211,154,0,154,365
08/30/2011,RNM,CA,AWP,WE,Federal Contract Tower,0,0,5,0,5,0,0,81,2,83,0,0,86,2,88,184,2,186,274
08/31/2011,RNM,CA,AWP,WE,Federal Contract Tower,0,0,2,0,2,0,0,65,0,65,0,0,67,0,67,260,0,260,327
09/01/2011,RNM,CA,AWP,WE,Federal Contract Tower,0,0,4,0,4,0,0,65,0,65,0,0,69,0,69,206,0,206,275
09/02/2011,RNM,CA,AWP,WE,Federal Contract Tower,0,0,1,0,1,0,0,65,0,65,0,0,66,0,66,210,0,210,276
09/03/2011,RNM,CA,AWP,WE,Federal Contract Tower,0,0,1,0,1,0,0,89,0,89,0,0,90,0,90,280,0,280,370
09/04/2011,RNM,CA,AWP,WE,Federal Contract Tower,0,0,0,0,0,0,0,86,0,86,0,0,86,0,86,108,0,108,194
09/05/2011,RNM,CA,AWP,WE,Federal Contract Tower,0,0,1,0,1,0,0,80,0,80,0,0,81,0,81,198,0,198,279
09/06/2011,RNM,CA,AWP,WE,Federal Contract Tower,0,0,0,0,0,0,0,71,0,71,0,0,71,0,71,212,0,212,283
09/07/2011,RNM,CA,AWP,WE,Federal Contract Tower,0,0,4,0,4,0,0,61,0,61,0,0,65,0,65,162,0,162,227
09/08/2011,RNM,CA,AWP,WE,Federal Contract Tower,0,0,1,0,1,0,0,60,0,60,0,0,61,0,61,151,0,151,212
09/09/2011,RNM,CA,AWP,WE,Federal Contract Tower,0,0,4,0,4,0,0,48,0,48,0,0,52,0,52,250,0,250,302
09/10/2011,RNM,CA,AWP,WE,Federal Contract Tower,0,0,5,0,5,0,0,87,0,87,0,0,92,0,92,100,0,100,192
09/11/2011,RNM,CA,AWP,WE,Federal Contract Tower,0,0,5,0,5,0,0,104,0,104,0,0,109,0,109,166,0,166,275
09/12/2011,RNM,CA,AWP,WE,Federal Contract Tower,0,0,0,0,0,0,0,58,0,58,0,0,58,0,58,170,0,170,228
09/13/2011,RNM,CA,AWP,WE,Federal Contract Tower,0,0,4,0,4,0,0,59,0,59,0,0,63,0,63,232,0,232,295
09/14/2011,RNM,CA,AWP,WE,Federal Contract Tower,0,0,0,0,0,0,0,64,2,66,0,0,64,2,66,140,2,142,208
09/15/2011,RNM,CA,AWP,WE,Federal Contract Tower,0,0,3,0,3,0,0,64,0,64,0,0,67,0,67,250,0,250,317
09/16/2011,RNM,CA,AWP,WE,Federal Contract Tower,0,0,6,0,6,0,0,66,0,66,0,0,72,0,72,156,0,156,228
09/17/2011,RNM,CA,AWP,WE,Federal Contract Tower,0,0,3,0,3,0,0,88,0,88,0,0,91,0,91,206,0,206,297
09/18/2011,RNM,CA,AWP,WE,Federal Contract Tower,0,0,3,0,3,0,0,110,0,110,0,0,113,0,113,218,0,218,331
09/19/2011,RNM,CA,AWP,WE,Federal Contract Tower,0,0,1,0,1,0,0,82,0,82,0,0,83,0,83,248,0,248,331
09/20/2011,RNM,CA,AWP,WE,Federal Contract Tower,0,0,3,0,3,0,0,106,0,106,0,0,109,0,109,282,0,282,391
09/21/2011,RNM,CA,AWP,WE,Federal Contract Tower,0,0,8,0,8,0,0,14,0,14,0,0,22,0,22,252,12,264,286
09/22/2011,RNM,CA,AWP,WE,Federal Contract Tower,0,0,3,0,3,0,0,76,0,76,0,0,79,0,79,184,0,184,263
09/23/2011,RNM,CA,AWP,WE,Federal Contract Tower,0,0,3,0,3,0,0,80,0,80,0,0,83,0,83,180,0,180,263
09/24/2011,RNM,CA,AWP,WE,Federal Contract Tower,0,0,5,0,5,0,0,118,0,118,0,0,123,0,123,142,0,142,265
09/25/2011,RNM,CA,AWP,WE,Federal Contract Tower,0,0,8,0,8,0,0,72,0,72,0,0,80,0,80,88,0,88,168
09/26/2011,RNM,CA,AWP,WE,Federal Contract Tower,0,0,0,0,0,0,0,34,0,34,0,0,34,0,34,88,0,88,122
09/27/2011,RNM,CA,AWP,WE,Federal Contract Tower,0,0,4,0,4,0,0,101,0,101,0,0,105,0,105,308,0,308,413
09/28/2011,RNM,CA,AWP,WE,Federal Contract Tower,0,0,5,0,5,0,0,70,0,70,0,0,75,0,75,196,0,196,271
09/29/2011,RNM,CA,AWP,WE,Federal Contract Tower,0,0,4,0,4,0,0,110,2,112,0,0,114,2,116,208,16,224,340
09/30/2011,RNM,CA,AWP,WE,Federal Contract Tower,0,0,8,0,8,0,0,124,0,124,0,0,132,0,132,245,0,245,377
10/01/2011,RNM,CA,AWP,WE,Federal Contract Tower,0,0,2,0,2,0,0,183,0,183,0,0,185,0,185,178,0,178,363
10/02/2011,RNM,CA,AWP,WE,Federal Contract Tower,0,0,2,0,2,0,0,176,0,176,0,0,178,0,178,78,0,78,256
10/03/2011,RNM,CA,AWP,WE,Federal Contract Tower,0,0,2,0,2,0,0,95,0,95,0,0,97,0,97,224,0,224,321
10/04/2011,RNM,CA,AWP,WE,Federal Contract Tower,0,0,7,0,7,0,0,12,0,12,0,0,19,0,19,12,0,12,31
10/05/2011,RNM,CA,AWP,WE,Federal Contract Tower,0,0,10,0,10,0,0,0,0,0,0,0,10,0,10,2,0,2,12
10/06/2011,RNM,CA,AWP,WE,Federal Contract Tower,0,0,4,0,4,0,0,18,0,18,0,0,22,0,22,110,2,112,134
10/07/2011,RNM,CA,AWP,WE,Federal Contract Tower,0,0,4,0,4,0,0,85,0,85,0,0,89,0,89,352,6,358,447
10/08/2011,RNM,CA,AWP,WE,Federal Contract Tower,0,0,3,0,3,0,0,105,0,105,0,0,108,0,108,211,0,211,319
10/09/2011,RNM,CA,AWP,WE,Federal Contract Tower,0,0,2,0,2,0,0,96,0,96,0,0,98,0,98,188,0,188,286
10/10/2011,RNM,CA,AWP,WE,Federal Contract Tower,0,0,4,0,4,0,0,79,0,79,0,0,83,0,83,268,0,268,351
10/11/2011,RNM,CA,AWP,WE,Federal Contract Tower,0,0,2,0,2,0,0,111,2,113,0,0,113,2,115,338,8,346,461
10/12/2011,RNM,CA,AWP,WE,Federal Contract Tower,0,0,1,0,1,0,0,62,0,62,0,0,63,0,63,126,0,126,189
10/13/2011,RNM,CA,AWP,WE,Federal Contract Tower,0,0,0,0,0,0,0,112,0,112,0,0,112,0,112,230,0,230,342
10/14/2011,RNM,CA,AWP,WE,Federal Contract Tower,0,0,4,0,4,0,0,99,2,101,0,0,103,2,105,232,0,232,337
10/15/2011,RNM,CA,AWP,WE,Federal Contract Tower,0,0,2,0,2,0,0,126,0,126,0,0,128,0,128,218,0,218,346
10/16/2011,RNM,CA,AWP,WE,Federal Contract Tower,0,0,1,0,1,0,0,99,0,99,0,0,100,0,100,182,0,182,282
10/17/2011,RNM,CA,AWP,WE,Federal Contract Tower,0,0,0,0,0,0,2,97,0,99,0,2,97,0,99,2,286,288,387
10/18/2011,RNM,CA,AWP,WE,Federal Contract Tower,0,0,4,0,4,0,0,70,2,72,0,0,74,2,76,236,0,236,312
10/19/2011,RNM,CA,AWP,WE,Federal Contract Tower,0,0,0,0,0,0,0,74,0,74,0,0,74,0,74,242,0,242,316
10/20/2011,RNM,CA,AWP,WE,Federal Contract Tower,0,0,8,0,8,0,0,84,0,84,0,0,92,0,92,250,30,280,372
10/21/2011,RNM,CA,AWP,WE,Federal Contract Tower,0,0,4,0,4,0,0,81,0,81,0,0,85,0,85,326,0,326,411
10/22/2011,RNM,CA,AWP,WE,Federal Contract Tower,0,0,1,0,1,0,0,86,0,86,0,0,87,0,87,268,0,268,355
10/23/2011,RNM,CA,AWP,WE,Federal Contract Tower,0,0,2,0,2,0,0,91,0,91,0,0,93,0,93,212,0,212,305
10/24/2011,RNM,CA,AWP,WE,Federal Contract Tower,0,0,5,0,5,0,0,55,0,55,0,0,60,0,60,194,0,194,254
10/25/2011,RNM,CA,AWP,WE,Federal Contract Tower,0,0,9,0,9,0,0,78,0,78,0,0,87,0,87,252,0,252,339
10/26/2011,RNM,CA,AWP,WE,Federal Contract Tower,0,0,8,0,8,0,0,74,0,74,0,0,82,0,82,222,0,222,304
10/27/2011,RNM,CA,AWP,WE,Federal Contract Tower,0,0,2,0,2,0,0,101,0,101,0,0,103,0,103,212,0,212,315
10/28/2011,RNM,CA,AWP,WE,Federal Contract Tower,0,0,3,0,3,0,0,117,0,117,0,0,120,0,120,236,0,236,356
10/29/2011,RNM,CA,AWP,WE,Federal Contract Tower,0,0,4,0,4,0,0,104,0,104,0,0,108,0,108,250,0,250,358
10/30/2011,RNM,CA,AWP,WE,Federal Contract Tower,0,0,4,0,4,0,0,93,0,93,0,0,97,0,97,160,0,160,257
10/31/2011,RNM,CA,AWP,WE,Federal Contract Tower,0,0,1,0,1,0,0,96,0,96,0,0,97,0,97,230,8,238,335
11/01/2011,RNM,CA,AWP,WE,Federal Contract Tower,0,0,3,0,3,0,0,92,4,96,0,0,95,4,99,330,10,340,439
11/02/2011,RNM,CA,AWP,WE,Federal Contract Tower,0,0,2,0,2,0,0,40,0,40,0,0,42,0,42,82,0,82,124
11/03/2011,RNM,CA,AWP,WE,Federal Contract Tower,0,0,1,0,1,0,0,118,0,118,0,0,119,0,119,352,4,356,475
11/04/2011,RNM,CA,AWP,WE,Federal Contract Tower,0,0,3,0,3,0,0,0,0,0,0,0,3,0,3,0,0,0,3
11/05/2011,RNM,CA,AWP,WE,Federal Contract Tower,0,0,4,0,4,0,0,91,0,91,0,0,95,0,95,210,0,210,305
11/06/2011,RNM,CA,AWP,WE,Federal Contract Tower,0,0,0,0,0,0,0,7,0,7,0,0,7,0,7,6,0,6,13
11/07/2011,RNM,CA,AWP,WE,Federal Contract Tower,0,4,4,0,8,0,0,90,0,90,0,4,94,0,98,204,6,210,308
11/08/2011,RNM,CA,AWP,WE,Federal Contract Tower,0,0,5,0,5,0,0,87,4,91,0,0,92,4,96,230,4,234,330
11/09/2011,RNM,CA,AWP,WE,Federal Contract Tower,0,0,10,0,10,0,4,49,2,55,0,4,59,2,65,120,0,120,185
11/10/2011,RNM,CA,AWP,WE,Federal Contract Tower,0,0,4,0,4,0,0,92,0,92,0,0,96,0,96,186,0,186,282
11/11/2011,RNM,CA,AWP,WE,Federal Contract Tower,0,0,6,0,6,0,0,54,0,54,0,0,60,0,60,122,20,142,202
11/12/2011,RNM,CA,AWP,WE,Federal Contract Tower,0,0,0,0,0,0,0,6,0,6,0,0,6,0,6,16,0,16,22
11/13/2011,RNM,CA,AWP,WE,Federal Contract Tower,0,0,3,0,3,0,0,107,0,107,0,0,110,0,110,244,0,244,354
11/14/2011,RNM,CA,AWP,WE,Federal Contract Tower,0,3,6,0,9,0,0,61,20,81,0,3,67,20,90,224,14,238,328
11/15/2011,RNM,CA,AWP,WE,Federal Contract Tower,0,1,0,0,1,0,0,73,0,73,0,1,73,0,74,192,0,192,266
11/16/2011,RNM,CA,AWP,WE,Federal Contract Tower,0,0,3,0,3,0,0,105,6,111,0,0,108,6,114,202,0,202,316
11/17/2011,RNM,CA,AWP,WE,Federal Contract Tower,0,1,6,0,7,0,0,92,0,92,0,1,98,0,99,234,0,234,333
11/18/2011,RNM,CA,AWP,WE,Federal Contract Tower,0,0,8,0,8,0,0,8,0,8,0,0,16,0,16,8,0,8,24
11/19/2011,RNM,CA,AWP,WE,Federal Contract Tower,0,0,11,0,11,0,0,26,0,26,0,0,37,0,37,154,0,154,191
11/20/2011,RNM,CA,AWP,WE,Federal Contract Tower,0,0,6,0,6,0,0,12,0,12,0,0,18,0,18,86,0,86,104
11/21/2011,RNM,CA,AWP,WE,Federal Contract Tower,0,0,8,0,8,0,0,69,0,69,0,0,77,0,77,164,0,164,241
11/22/2011,RNM,CA,AWP,WE,Federal Contract Tower,0,0,5,0,5,0,0,107,4,111,0,0,112,4,116,378,2,380,496
11/23/2011,RNM,CA,AWP,WE,Federal Contract Tower,0,0,10,0,10,0,0,106,0,106,0,0,116,0,116,162,0,162,278
11/24/2011,RNM,CA,AWP,WE,Federal Contract Tower,0,0,3,0,3,0,0,44,0,44,0,0,47,0,47,108,0,108,155
11/25/2011,RNM,CA,AWP,WE,Federal Contract Tower,0,0,2,0,2,0,0,116,0,116,0,0,118,0,118,250,0,250,368
11/26/2011,RNM,CA,AWP,WE,Federal Contract Tower,0,0,8,0,8,0,0,108,0,108,0,0,116,0,116,292,0,292,408
11/27/2011,RNM,CA,AWP,WE,Federal Contract Tower,0,0,2,0,2,0,0,79,0,79,0,0,81,0,81,148,0,148,229
11/28/2011,RNM,CA,AWP,WE,Federal Contract Tower,0,0,4,0,4,0,0,82,2,84,0,0,86,2,88,239,0,239,327
11/29/2011,RNM,CA,AWP,WE,Federal Contract Tower,0,0,3,0,3,0,0,95,2,97,0,0,98,2,100,286,2,288,388
11/30/2011,RNM,CA,AWP,WE,Federal Contract Tower,0,0,3,0,3,0,0,82,2,84,0,0,85,2,87,222,0,222,309
12/01/2011,RNM,CA,AWP,WE,Federal Contract Tower,0,2,5,0,7,0,0,53,0,53,0,2,58,0,60,64,2,66,126
12/02/2011,RNM,CA,AWP,WE,Federal Contract Tower,0,0,3,0,3,0,0,48,0,48,0,0,51,0,51,250,0,250,301
12/03/2011,RNM,CA,AWP,WE,Federal Contract Tower,0,2,2,0,4,0,0,101,0,101,0,2,103,0,105,224,0,224,329
12/04/2011,RNM,CA,AWP,WE,Federal Contract Tower,0,0,3,0,3,0,0,87,0,87,0,0,90,0,90,188,0,188,278
12/05/2011,RNM,CA,AWP,WE,Federal Contract Tower,0,0,0,0,0,0,0,63,0,63,0,0,63,0,63,204,0,204,267
12/06/2011,RNM,CA,AWP,WE,Federal Contract Tower,0,2,7,0,9,0,0,56,0,56,0,2,63,0,65,234,0,234,299
12/07/2011,RNM,CA,AWP,WE,Federal Contract Tower,0,0,2,0,2,0,0,73,0,73,0,0,75,0,75,164,0,164,239
12/08/2011,RNM,CA,AWP,WE,Federal Contract Tower,0,0,3,0,3,0,0,96,0,96,0,0,99,0,99,216,0,216,315
12/09/2011,RNM,CA,AWP,WE,Federal Contract Tower,0,0,2,0,2,0,0,77,0,77,0,0,79,0,79,160,0,160,239
12/10/2011,RNM,CA,AWP,WE,Federal Contract Tower,0,0,3,0,3,0,0,140,0,140,0,0,143,0,143,272,0,272,415
12/11/2011,RNM,CA,AWP,WE,Federal Contract Tower,0,0,7,0,7,0,0,54,0,54,0,0,61,0,61,226,0,226,287
12/12/2011,RNM,CA,AWP,WE,Federal Contract Tower,0,0,3,0,3,0,0,4,0,4,0,0,7,0,7,0,0,0,7
12/13/2011,RNM,CA,AWP,WE,Federal Contract Tower,0,0,4,0,4,0,0,6,0,6,0,0,10,0,10,40,0,40,50
12/14/2011,RNM,CA,AWP,WE,Federal Contract Tower,0,0,10,0,10,0,0,55,0,55,0,0,65,0,65,196,0,196,261
12/15/2011,RNM,CA,AWP,WE,Federal Contract Tower,0,0,8,0,8,0,0,75,0,75,0,0,83,0,83,222,2,224,307
12/16/2011,RNM,CA,AWP,WE,Federal Contract Tower,0,0,1,0,1,0,0,23,0,23,0,0,24,0,24,52,0,52,76
12/17/2011,RNM,CA,AWP,WE,Federal Contract Tower,0,0,5,0,5,0,0,67,0,67,0,0,72,0,72,222,0,222,294
12/18/2011,RNM,CA,AWP,WE,Federal Contract Tower,0,0,7,0,7,0,0,50,0,50,0,0,57,0,57,186,0,186,243
12/19/2011,RNM,CA,AWP,WE,Federal Contract Tower,0,0,0,0,0,0,0,54,0,54,0,0,54,0,54,210,0,210,264
12/20/2011,RNM,CA,AWP,WE,Federal Contract Tower,0,0,1,0,1,0,0,64,2,66,0,0,65,2,67,144,8,152,219
12/21/2011,RNM,CA,AWP,WE,Federal Contract Tower,0,0,4,0,4,0,0,126,2,128,0,0,130,2,132,262,0,262,394
12/22/2011,RNM,CA,AWP,WE,Federal Contract Tower,0,0,3,0,3,0,0,50,0,50,0,0,53,0,53,166,0,166,219
12/23/2011,RNM,CA,AWP,WE,Federal Contract Tower,0,0,56,0,56,0,0,0,0,0,0,0,56,0,56,202,0,202,258
12/24/2011,RNM,CA,AWP,WE,Federal Contract Tower,0,0,1,0,1,0,0,42,0,42,0,0,43,0,43,94,0,94,137
12/25/2011,RNM,CA,AWP,WE,Federal Contract Tower,0,0,0,0,0,0,0,29,0,29,0,0,29,0,29,48,0,48,77
12/26/2011,RNM,CA,AWP,WE,Federal Contract Tower,0,0,5,0,5,0,0,95,0,95,0,0,100,0,100,264,0,264,364
12/27/2011,RNM,CA,AWP,WE,Federal Contract Tower,0,0,3,0,3,0,0,109,4,113,0,0,112,4,116,184,4,188,304
12/28/2011,RNM,CA,AWP,WE,Federal Contract Tower,0,0,3,0,3,0,0,108,0,108,0,0,111,0,111,224,0,224,335
12/29/2011,RNM,CA,AWP,WE,Federal Contract Tower,0,0,3,0,3,0,0,95,2,97,0,0,98,2,100,220,6,226,326
12/30/2011,RNM,CA,AWP,WE,Federal Contract Tower,0,0,2,0,2,0,0,87,0,87,0,0,89,0,89,244,0,244,333
12/31/2011,RNM,CA,AWP,WE,Federal Contract Tower,0,0,3,0,3,0,0,67,0,67,0,0,70,0,70,196,0,196,266
01/01/2012,RNM,CA,AWP,WE,Federal Contract Tower,0,0,2,0,2,0,0,56,0,56,0,0,58,0,58,84,0,84,142
01/02/2012,RNM,CA,AWP,WE,Federal Contract Tower,0,0,4,0,4,0,0,122,0,122,0,0,126,0,126,282,0,282,408
01/03/2012,RNM,CA,AWP,WE,Federal Contract Tower,0,0,3,0,3,0,0,89,0,89,0,0,92,0,92,210,0,210,302
01/04/2012,RNM,CA,AWP,WE,Federal Contract Tower,0,0,2,0,2,0,0,64,0,64,0,0,66,0,66,116,0,116,182
01/05/2012,RNM,CA,AWP,WE,Federal Contract Tower,0,0,2,0,2,0,0,110,2,112,0,0,112,2,114,296,2,298,412
01/06/2012,RNM,CA,AWP,WE,Federal Contract Tower,0,0,5,0,5,0,0,129,2,131,0,0,134,2,136,198,4,202,338
01/07/2012,RNM,CA,AWP,WE,Federal Contract Tower,0,0,5,0,5,0,0,138,0,138,0,0,143,0,143,210,0,210,353
01/08/2012,RNM,CA,AWP,WE,Federal Contract Tower,0,0,5,0,5,0,0,63,0,63,0,0,68,0,68,104,0,104,172
01/09/2012,RNM,CA,AWP,WE,Federal Contract Tower,0,0,1,0,1,0,0,70,0,70,0,0,71,0,71,128,0,128,199
01/10/2012,RNM,CA,AWP,WE,Federal Contract Tower,0,0,2,0,2,0,0,77,0,77,0,0,79,0,79,166,0,166,245
01/11/2012,RNM,CA,AWP,WE,Federal Contract Tower,0,0,3,0,3,0,0,89,0,89,0,0,92,0,92,112,0,112,204
01/12/2012,RNM,CA,AWP,WE,Federal Contract Tower,0,0,2,0,2,0,0,110,0,110,0,0,112,0,112,266,0,266,378
01/13/2012,RNM,CA,AWP,WE,Federal Contract Tower,0,0,3,0,3,0,0,63,2,65,0,0,66,2,68,26,4,30,98
01/14/2012,RNM,CA,AWP,WE,Federal Contract Tower,0,0,2,0,2,0,0,168,0,168,0,0,170,0,170,234,0,234,404
01/15/2012,RNM,CA,AWP,WE,Federal Contract Tower,0,0,3,0,3,0,0,57,0,57,0,0,60,0,60,140,0,140,200
01/16/2012,RNM,CA,AWP,WE,Federal Contract Tower,0,0,7,0,7,0,0,5,0,5,0,0,12,0,12,36,0,36,48
01/17/2012,RNM,CA,AWP,WE,Federal Contract Tower,0,0,3,0,3,0,0,107,0,107,0,0,110,0,110,296,0,296,406
01/18/2012,RNM,CA,AWP,WE,Federal Contract Tower,0,0,3,0,3,0,0,90,0,90,0,0,93,0,93,216,2,218,311
01/19/2012,RNM,CA,AWP,WE,Federal Contract Tower,0,0,5,0,5,0,0,91,2,93,0,0,96,2,98,192,0,192,290
01/20/2012,RNM,CA,AWP,WE,Federal Contract Tower,0,0,5,0,5,0,0,86,0,86,0,0,91,0,91,326,0,326,417
01/21/2012,RNM,CA,AWP,WE,Federal Contract Tower,0,0,1,0,1,0,0,0,0,0,0,0,1,0,1,0,0,0,1
01/22/2012,RNM,CA,AWP,WE,Federal Contract Tower,0,0,2,0,2,0,0,86,0,86,0,0,88,0,88,190,0,190,278
01/23/2012,RNM,CA,AWP,WE,Federal Contract Tower,0,0,3,0,3,0,0,4,0,4,0,0,7,0,7,0,0,0,7
01/24/2012,RNM,CA,AWP,WE,Federal Contract Tower,0,0,5,0,5,0,0,82,0,82,0,0,87,0,87,150,0,150,237
01/25/2012,RNM,CA,AWP,WE,Federal Contract Tower,0,0,1,0,1,0,0,80,4,84,0,0,81,4,85,234,0,234,319
01/26/2012,RNM,CA,AWP,WE,Federal Contract Tower,0,0,4,0,4,0,0,133,0,133,0,0,137,0,137,230,0,230,367
01/27/2012,RNM,CA,AWP,WE,Federal Contract Tower,0,0,4,0,4,0,0,77,0,77,0,0,81,0,81,132,0,132,213
01/28/2012,RNM,CA,AWP,WE,Federal Contract Tower,0,0,4,0,4,0,0,58,0,58,0,0,62,0,62,154,0,154,216
01/29/2012,RNM,CA,AWP,WE,Federal Contract Tower,0,0,4,0,4,0,0,108,0,108,0,0,112,0,112,248,0,248,360
01/30/2012,RNM,CA,AWP,WE,Federal Contract Tower,0,0,5,0,5,0,0,120,0,120,0,0,125,0,125,220,4,224,349
01/31/2012,RNM,CA,AWP,WE,Federal Contract Tower,0,0,5,0,5,0,0,81,0,81,0,0,86,0,86,246,0,246,332
02/01/2012,RNM,CA,AWP,WE,Federal Contract Tower,0,2,5,0,7,0,0,69,0,69,0,2,74,0,76,200,0,200,276
02/02/2012,RNM,CA,AWP,WE,Federal Contract Tower,0,0,4,0,4,0,0,75,0,75,0,0,79,0,79,290,2,292,371
02/03/2012,RNM,CA,AWP,WE,Federal Contract Tower,0,2,7,0,9,0,0,99,0,99,0,2,106,0,108,186,0,186,294
02/04/2012,RNM,CA,AWP,WE,Federal Contract Tower,0,0,6,0,6,0,0,114,0,114,0,0,120,0,120,248,0,248,368
02/05/2012,RNM,CA,AWP,WE,Federal Contract Tower,0,0,1,0,1,0,0,83,0,83,0,0,84,0,84,234,0,234,318
02/06/2012,RNM,CA,AWP,WE,Federal Contract Tower,0,0,5,0,5,0,0,93,0,93,0,0,98,0,98,270,0,270,368
02/07/2012,RNM,CA,AWP,WE,Federal Contract Tower,0,0,7,0,7,0,0,31,0,31,0,0,38,0,38,52,0,52,90
02/08/2012,RNM,CA,AWP,WE,Federal Contract Tower,0,0,2,0,2,0,0,59,0,59,0,0,61,0,61,108,0,108,169
02/09/2012,RNM,CA,AWP,WE,Federal Contract Tower,0,0,2,0,2,0,0,146,0,146,0,0,148,0,148,308,2,310,458
02/10/2012,RNM,CA,AWP,WE,Federal Contract Tower,0,0,2,0,2,0,0,124,0,124,0,0,126,0,126,284,2,286,412
02/11/2012,RNM,CA,AWP,WE,Federal Contract Tower,0,0,6,0,6,0,0,22,0,22,0,0,28,0,28,44,0,44,72
02/12/2012,RNM,CA,AWP,WE,Federal Contract Tower,0,0,3,0,3,0,0,12,0,12,0,0,15,0,15,44,0,44,59
02/13/2012,RNM,CA,AWP,WE,Federal Contract Tower,0,0,2,0,2,0,0,14,0,14,0,0,16,0,16,24,0,24,40
02/14/2012,RNM,CA,AWP,WE,Federal Contract Tower,0,0,7,0,7,0,0,35,0,35,0,0,42,0,42,134,0,134,176
02/15/2012,RNM,CA,AWP,WE,Federal Contract Tower,0,0,4,0,4,0,0,11,0,11,0,0,15,0,15,50,0,50,65
02/16/2012,RNM,CA,AWP,WE,Federal Contract Tower,0,0,3,0,3,0,0,41,0,41,0,0,44,0,44,112,0,112,156
02/17/2012,RNM,CA,AWP,WE,Federal Contract Tower,0,0,1,0,1,0,0,115,0,115,0,0,116,0,116,300,0,300,416
02/18/2012,RNM,CA,AWP,WE,Federal Contract Tower,0,0,3,0,3,0,0,120,0,120,0,0,123,0,123,324,0,324,447
02/19/2012,RNM,CA,AWP,WE,Federal Contract Tower,0,0,12,0,12,0,0,32,0,32,0,0,44,0,44,58,0,58,102
02/20/2012,RNM,CA,AWP,WE,Federal Contract Tower,0,0,5,0,5,0,0,76,0,76,0,0,81,0,81,248,0,248,329
02/21/2012,RNM,CA,AWP,WE,Federal Contract Tower,0,0,3,0,3,0,0,97,0,97,0,0,100,0,100,204,0,204,304
02/22/2012,RNM,CA,AWP,WE,Federal Contract Tower,0,0,0,0,0,0,0,104,2,106,0,0,104,2,106,172,6,178,284
02/23/2012,RNM,CA,AWP,WE,Federal Contract Tower,0,0,3,0,3,0,0,130,0,130,0,0,133,0,133,278,0,278,411
02/24/2012,RNM,CA,AWP,WE,Federal Contract Tower,0,1,13,0,14,0,0,98,0,98,0,1,111,0,112,236,0,236,348
02/25/2012,RNM,CA,AWP,WE,Federal Contract Tower,0,0,4,0,4,0,0,133,0,133,0,0,137,0,137,246,0,246,383
02/26/2012,RNM,CA,AWP,WE,Federal Contract Tower,0,0,6,0,6,0,0,73,0,73,0,0,79,0,79,114,0,114,193
02/27/2012,RNM,CA,AWP,WE,Federal Contract Tower,0,0,1,0,1,0,0,13,0,13,0,0,14,0,14,52,0,52,66
02/28/2012,RNM,CA,AWP,WE,Federal Contract Tower,0,0,5,0,5,0,0,68,0,68,0,0,73,0,73,108,0,108,181
02/29/2012,RNM,CA,AWP,WE,Federal Contract Tower,0,0,4,0,4,0,0,86,0,86,0,0,90,0,90,216,0,216,306
03/01/2012,RNM,CA,AWP,WE,Federal Contract Tower,0,0,13,0,13,0,0,30,0,30,0,0,43,0,43,46,0,46,89
03/02/2012,RNM,CA,AWP,WE,Federal Contract Tower,0,0,0,0,0,0,0,37,0,37,0,0,37,0,37,142,0,142,179
03/03/2012,RNM,CA,AWP,WE,Federal Contract Tower,0,0,2,0,2,0,0,77,0,77,0,0,79,0,79,178,0,178,257
03/04/2012,RNM,CA,AWP,WE,Federal Contract Tower,0,2,3,0,5,0,0,64,0,64,0,2,67,0,69,138,0,138,207
03/05/2012,RNM,CA,AWP,WE,Federal Contract Tower,0,0,0,0,0,0,0,134,0,134,0,0,134,0,134,306,0,306,440
03/06/2012,RNM,CA,AWP,WE,Federal Contract Tower,0,0,4,0,4,0,0,11,0,11,0,0,15,0,15,42,0,42,57
03/07/2012,RNM,CA,AWP,WE,Federal Contract Tower,0,0,3,0,3,0,0,88,2,90,0,0,91,2,93,142,2,144,237
03/08/2012,RNM,CA,AWP,WE,Federal Contract Tower,0,1,6,1,8,0,0,73,1,74,0,1,79,2,82,115,0,115,197
03/09/2012,RNM,CA,AWP,WE,Federal Contract Tower,0,1,2,0,3,0,0,36,2,38,0,1,38,2,41,104,0,104,145
03/10/2012,RNM,CA,AWP,WE,Federal Contract Tower,0,0,1,0,1,0,0,157,0,157,0,0,158,0,158,244,0,244,402
03/11/2012,RNM,CA,AWP,WE,Federal Contract Tower,0,0,7,0,7,0,0,92,0,92,0,0,99,0,99,168,0,168,267
03/12/2012,RNM,CA,AWP,WE,Federal Contract Tower,0,0,4,0,4,0,0,92,0,92,0,0,96,0,96,154,0,154,250
03/13/2012,RNM,CA,AWP,WE,Federal Contract Tower,0,0,11,0,11,0,0,64,0,64,0,0,75,0,75,210,0,210,285
03/14/2012,RNM,CA,AWP,WE,Federal Contract Tower,0,0,8,0,8,0,0,66,0,66,0,0,74,0,74,160,0,160,234
03/15/2012,RNM,CA,AWP,WE,Federal Contract Tower,0,2,6,0,8,0,0,93,0,93,0,2,99,0,101,172,2,174,275
03/16/2012,RNM,CA,AWP,WE,Federal Contract Tower,0,0,10,0,10,0,0,46,0,46,0,0,56,0,56,132,0,132,188
03/17/2012,RNM,CA,AWP,WE,Federal Contract Tower,0,2,1,0,3,0,0,0,0,0,0,2,1,0,3,0,0,0,3
03/18/2012,RNM,CA,AWP,WE,Federal Contract Tower,0,0,0,0,0,0,0,2,0,2,0,0,2,0,2,6,0,6,8
03/19/2012,RNM,CA,AWP,WE,Federal Contract Tower,0,0,4,0,4,0,0,20,0,20,0,0,24,0,24,70,0,70,94
03/20/2012,RNM,CA,AWP,WE,Federal Contract Tower,0,0,6,0,6,0,0,119,0,119,0,0,125,0,125,158,0,158,283
03/21/2012,RNM,CA,AWP,WE,Federal Contract Tower,0,0,3,0,3,0,0,107,0,107,0,0,110,0,110,230,0,230,340
03/22/2012,RNM,CA,AWP,WE,Federal Contract Tower,0,0,2,0,2,0,0,116,0,116,0,0,118,0,118,342,0,342,460
03/23/2012,RNM,CA,AWP,WE,Federal Contract Tower,0,0,5,0,5,0,0,74,0,74,0,0,79,0,79,256,0,256,335
03/24/2012,RNM,CA,AWP,WE,Federal Contract Tower,0,0,6,0,6,0,0,103,0,103,0,0,109,0,109,242,0,242,351
03/25/2012,RNM,CA,AWP,WE,Federal Contract Tower,0,0,3,0,3,0,0,17,0,17,0,0,20,0,20,32,0,32,52
03/26/2012,RNM,CA,AWP,WE,Federal Contract Tower,0,2,8,0,10,0,0,54,0,54,0,2,62,0,64,171,0,171,235
03/27/2012,RNM,CA,AWP,WE,Federal Contract Tower,0,0,3,0,3,0,0,99,2,101,0,0,102,2,104,280,6,286,390
03/28/2012,RNM,CA,AWP,WE,Federal Contract Tower,0,0,0,0,0,0,0,102,0,102,0,0,102,0,102,220,0,220,322
03/29/2012,RNM,CA,AWP,WE,Federal Contract Tower,0,0,3,0,3,0,1,108,0,109,0,1,111,0,112,190,0,190,302
03/30/2012,RNM,CA,AWP,WE,Federal Contract Tower,0,1,3,0,4,0,0,89,0,89,0,1,92,0,93,226,0,226,319
03/31/2012,RNM,CA,AWP,WE,Federal Contract Tower,0,0,7,0,7,0,0,2,0,2,0,0,9,0,9,2,0,2,11
04/01/2012,RNM,CA,AWP,WE,Federal Contract Tower,0,0,7,0,7,0,0,49,0,49,0,0,56,0,56,82,0,82,138
04/02/2012,RNM,CA,AWP,WE,Federal Contract Tower,0,1,2,0,3,0,1,103,0,104,0,2,105,0,107,350,2,352,459
04/03/2012,RNM,CA,AWP,WE,Federal Contract Tower,0,0,3,1,4,0,0,103,3,106,0,0,106,4,110,168,0,168,278
04/04/2012,RNM,CA,AWP,WE,Federal Contract Tower,0,0,2,0,2,0,0,96,2,98,0,0,98,2,100,190,0,190,290
04/05/2012,RNM,CA,AWP,WE,Federal Contract Tower,0,0,3,0,3,0,0,43,4,47,0,0,46,4,50,130,10,140,190
04/06/2012,RNM,CA,AWP,WE,Federal Contract Tower,0,0,3,0,3,0,0,94,0,94,0,0,97,0,97,194,0,194,291
04/07/2012,RNM,CA,AWP,WE,Federal Contract Tower,0,0,2,0,2,0,0,148,0,148,0,0,150,0,150,288,0,288,438
04/08/2012,RNM,CA,AWP,WE,Federal Contract Tower,0,0,2,0,2,0,0,76,0,76,0,0,78,0,78,148,0,148,226
04/09/2012,RNM,CA,AWP,WE,Federal Contract Tower,0,0,0,0,0,0,0,122,0,122,0,0,122,0,122,210,0,210,332
04/10/2012,RNM,CA,AWP,WE,Federal Contract Tower,0,0,3,0,3,0,0,114,0,114,0,0,117,0,117,272,2,274,391
04/11/2012,RNM,CA,AWP,WE,Federal Contract Tower,0,0,4,0,4,0,0,10,0,10,0,0,14,0,14,32,0,32,46
04/12/2012,RNM,CA,AWP,WE,Federal Contract Tower,0,0,5,0,5,0,0,68,0,68,0,0,73,0,73,186,2,188,261
04/13/2012,RNM,CA,AWP,WE,Federal Contract Tower,0,0,2,0,2,0,0,5,0,5,0,0,7,0,7,2,0,2,9
04/14/2012,RNM,CA,AWP,WE,Federal Contract Tower,0,0,1,0,1,0,0,12,0,12,0,0,13,0,13,38,0,38,51
04/15/2012,RNM,CA,AWP,WE,Federal Contract Tower,0,0,1,0,1,0,0,120,0,120,0,0,121,0,121,258,0,258,379
04/16/2012,RNM,CA,AWP,WE,Federal Contract Tower,0,0,4,0,4,0,0,100,0,100,0,0,104,0,104,154,2,156,260
04/17/2012,RNM,CA,AWP,WE,Federal Contract Tower,0,0,1,0,1,0,0,129,0,129,0,0,130,0,130,38,0,38,168
04/18/2012,RNM,CA,AWP,WE,Federal Contract Tower,0,0,5,0,5,0,0,82,0,82,0,0,87,0,87,76,0,76,163
04/19/2012,RNM,CA,AWP,WE,Federal Contract Tower,0,0,2,0,2,0,0,106,0,106,0,0,108,0,108,322,0,322,430
04/20/2012,RNM,CA,AWP,WE,Federal Contract Tower,0,0,3,0,3,0,0,95,0,95,0,0,98,0,98,198,0,198,296
04/21/2012,RNM,CA,AWP,WE,Federal Contract Tower,0,0,5,0,5,0,0,132,0,132,0,0,137,0,137,236,0,236,373
04/22/2012,RNM,CA,AWP,WE,Federal Contract Tower,0,1,8,0,9,0,0,53,0,53,0,1,61,0,62,104,0,104,166
04/23/2012,RNM,CA,AWP,WE,Federal Contract Tower,0,1,6,0,7,0,0,4,0,4,0,1,10,0,11,8,0,8,19
04/24/2012,RNM,CA,AWP,WE,Federal Contract Tower,0,0,5,0,5,0,0,116,2,118,0,0,121,2,123,326,0,326,449
04/25/2012,RNM,CA,AWP,WE,Federal Contract Tower,0,0,8,0,8,0,0,44,2,46,0,0,52,2,54,144,6,150,204
04/26/2012,RNM,CA,AWP,WE,Federal Contract Tower,0,0,3,2,5,0,0,53,0,53,0,0,56,2,58,136,0,136,194
04/27/2012,RNM,CA,AWP,WE,Federal Contract Tower,0,0,7,0,7,0,0,74,0,74,0,0,81,0,81,266,0,266,347
04/28/2012,RNM,CA,AWP,WE,Federal Contract Tower,0,0,4,0,4,0,0,126,0,126,0,0,130,0,130,320,0,320,450
04/29/2012,RNM,CA,AWP,WE,Federal Contract Tower,0,0,3,0,3,0,0,68,0,68,0,0,71,0,71,130,0,130,201
04/30/2012,RNM,CA,AWP,WE,Federal Contract Tower,0,0,15,0,15,0,0,14,0,14,0,0,29,0,29,56,0,56,85
05/01/2012,RNM,CA,AWP,WE,Federal Contract Tower,0,2,7,0,9,0,0,46,0,46,0,2,53,0,55,212,0,212,267
05/02/2012,RNM,CA,AWP,WE,Federal Contract Tower,0,0,7,0,7,0,0,29,0,29,0,0,36,0,36,78,0,78,114
05/03/2012,RNM,CA,AWP,WE,Federal Contract Tower,0,0,5,0,5,0,0,69,0,69,0,0,74,0,74,244,0,244,318
05/04/2012,RNM,CA,AWP,WE,Federal Contract Tower,0,1,9,0,10,0,0,81,0,81,0,1,90,0,91,208,0,208,299
05/05/2012,RNM,CA,AWP,WE,Federal Contract Tower,0,0,5,0,5,0,0,120,0,120,0,0,125,0,125,248,0,248,373
05/06/2012,RNM,CA,AWP,WE,Federal Contract Tower,0,1,8,0,9,0,0,91,0,91,0,1,99,0,100,228,0,228,328
05/07/2012,RNM,CA,AWP,WE,Federal Contract Tower,0,0,3,0,3,0,0,120,0,120,0,0,123,0,123,354,0,354,477
05/08/2012,RNM,CA,AWP,WE,Federal Contract Tower,0,0,0,0,0,0,0,79,2,81,0,0,79,2,81,332,12,344,425
05/09/2012,RNM,CA,AWP,WE,Federal Contract Tower,0,0,5,0,5,0,0,117,0,117,0,0,122,0,122,278,0,278,400
05/10/2012,RNM,CA,AWP,WE,Federal Contract Tower,0,0,10,0,10,0,0,83,0,83,0,0,93,0,93,282,0,282,375
05/11/2012,RNM,CA,AWP,WE,Federal Contract Tower,0,2,4,0,6,0,0,105,0,105,0,2,109,0,111,208,0,208,319
05/12/2012,RNM,CA,AWP,WE,Federal Contract Tower,0,0,2,0,2,0,0,146,0,146,0,0,148,0,148,260,0,260,408
05/13/2012,RNM,CA,AWP,WE,Federal Contract Tower,0,0,3,0,3,0,0,80,0,80,0,0,83,0,83,118,0,118,201
05/14/2012,RNM,CA,AWP,WE,Federal Contract Tower,0,2,3,0,5,0,0,128,0,128,0,2,131,0,133,284,0,284,417
05/15/2012,RNM,CA,AWP,WE,Federal Contract Tower,0,0,1,0,1,0,0,104,2,106,0,0,105,2,107,198,2,200,307
05/16/2012,RNM,CA,AWP,WE,Federal Contract Tower,0,0,3,0,3,0,0,102,0,102,0,0,105,0,105,222,0,222,327
05/17/2012,RNM,CA,AWP,WE,Federal Contract Tower,0,0,3,0,3,0,0,127,0,127,0,0,130,0,130,246,0,246,376
05/18/2012,RNM,CA,AWP,WE,Federal Contract Tower,0,0,8,0,8,0,0,111,0,111,0,0,119,0,119,178,0,178,297
05/19/2012,RNM,CA,AWP,WE,Federal Contract Tower,0,0,3,0,3,0,0,114,0,114,0,0,117,0,117,222,0,222,339
05/20/2012,RNM,CA,AWP,WE,Federal Contract Tower,0,0,3,0,3,0,0,121,0,121,0,0,124,0,124,178,0,178,302
05/21/2012,RNM,CA,AWP,WE,Federal Contract Tower,0,0,5,0,5,0,0,122,0,122,0,0,127,0,127,222,0,222,349
05/22/2012,RNM,CA,AWP,WE,Federal Contract Tower,0,0,8,0,8,0,0,110,0,110,0,0,118,0,118,31,0,31,149
05/23/2012,RNM,CA,AWP,WE,Federal Contract Tower,0,1,4,0,5,0,2,68,0,70,0,3,72,0,75,192,12,204,279
05/24/2012,RNM,CA,AWP,WE,Federal Contract Tower,0,1,11,0,12,0,0,123,0,123,0,1,134,0,135,102,0,102,237
05/25/2012,RNM,CA,AWP,WE,Federal Contract Tower,0,0,13,0,13,0,0,15,0,15,0,0,28,0,28,12,0,12,40
05/26/2012,RNM,CA,AWP,WE,Federal Contract Tower,0,0,8,0,8,0,0,87,0,87,0,0,95,0,95,212,0,212,307
05/27/2012,RNM,CA,AWP,WE,Federal Contract Tower,0,0,3,0,3,0,0,115,0,115,0,0,118,0,118,128,0,128,246
05/28/2012,RNM,CA,AWP,WE,Federal Contract Tower,0,0,2,0,2,0,0,151,0,151,0,0,153,0,153,280,0,280,433
05/29/2012,RNM,CA,AWP,WE,Federal Contract Tower,0,0,3,0,3,0,0,117,0,117,0,0,120,0,120,276,0,276,396
05/30/2012,RNM,CA,AWP,WE,Federal Contract Tower,0,0,3,0,3,0,0,99,2,101,0,0,102,2,104,252,10,262,366
05/31/2012,RNM,CA,AWP,WE,Federal Contract Tower,0,0,2,0,2,0,0,85,0,85,0,0,87,0,87,290,0,290,377
06/01/2012,RNM,CA,AWP,WE,Federal Contract Tower,0,0,7,0,7,0,0,66,2,68,0,0,73,2,75,204,10,214,289
06/02/2012,RNM,CA,AWP,WE,Federal Contract Tower,0,0,3,0,3,0,0,59,0,59,0,0,62,0,62,104,0,104,166
06/03/2012,RNM,CA,AWP,WE,Federal Contract Tower,0,0,8,0,8,0,0,92,0,92,0,0,100,0,100,178,0,178,278
06/04/2012,RNM,CA,AWP,WE,Federal Contract Tower,0,0,2,0,2,0,0,85,0,85,0,0,87,0,87,174,2,176,263
06/05/2012,RNM,CA,AWP,WE,Federal Contract Tower,0,0,2,0,2,0,0,84,7,91,0,0,86,7,93,239,18,257,350
06/06/2012,RNM,CA,AWP,WE,Federal Contract Tower,0,0,3,0,3,0,2,71,0,73,0,2,74,0,76,146,0,146,222
06/07/2012,RNM,CA,AWP,WE,Federal Contract Tower,0,0,3,0,3,0,0,75,2,77,0,0,78,2,80,220,2,222,302
06/08/2012,RNM,CA,AWP,WE,Federal Contract Tower,0,0,4,0,4,0,0,119,0,119,0,0,123,0,123,184,0,184,307
06/09/2012,RNM,CA,AWP,WE,Federal Contract Tower,0,0,7,0,7,0,0,97,0,97,0,0,104,0,104,218,0,218,322
06/10/2012,RNM,CA,AWP,WE,Federal Contract Tower,0,0,6,0,6,0,0,104,0,104,0,0,110,0,110,122,0,122,232
06/11/2012,RNM,CA,AWP,WE,Federal Contract Tower,0,0,4,0,4,0,0,113,0,113,0,0,117,0,117,210,0,210,327
06/12/2012,RNM,CA,AWP,WE,Federal Contract Tower,0,0,4,0,4,0,0,97,2,99,0,0,101,2,103,268,8,276,379
06/13/2012,RNM,CA,AWP,WE,Federal Contract Tower,0,0,3,0,3,0,0,56,0,56,0,0,59,0,59,210,0,210,269
06/14/2012,RNM,CA,AWP,WE,Federal Contract Tower,0,1,4,0,5,0,0,124,0,124,0,1,128,0,129,278,0,278,407
06/15/2012,RNM,CA,AWP,WE,Federal Contract Tower,0,1,5,0,6,0,0,54,0,54,0,1,59,0,60,104,0,104,164
06/16/2012,RNM,CA,AWP,WE,Federal Contract Tower,0,1,6,0,7,0,0,114,0,114,0,1,120,0,121,270,0,270,391
06/17/2012,RNM,CA,AWP,WE,Federal Contract Tower,0,8,0,0,8,0,0,179,0,179,0,8,179,0,187,196,0,196,383
06/18/2012,RNM,CA,AWP,WE,Federal Contract Tower,0,0,3,0,3,0,0,113,0,113,0,0,116,0,116,190,0,190,306
06/19/2012,RNM,CA,AWP,WE,Federal Contract Tower,0,1,5,0,6,0,0,101,0,101,0,1,106,0,107,134,0,134,241
06/20/2012,RNM,CA,AWP,WE,Federal Contract Tower,0,0,1,0,1,0,0,148,0,148,0,0,149,0,149,246,0,246,395
06/21/2012,RNM,CA,AWP,WE,Federal Contract Tower,0,0,6,0,6,0,0,95,0,95,0,0,101,0,101,236,0,236,337
06/22/2012,RNM,CA,AWP,WE,Federal Contract Tower,0,0,3,0,3,0,0,110,0,110,0,0,113,0,113,287,0,287,400
06/23/2012,RNM,CA,AWP,WE,Federal Contract Tower,0,0,0,0,0,0,0,88,0,88,0,0,88,0,88,178,0,178,266
06/24/2012,RNM,CA,AWP,WE,Federal Contract Tower,0,0,7,0,7,0,0,99,0,99,0,0,106,0,106,174,0,174,280
06/25/2012,RNM,CA,AWP,WE,Federal Contract Tower,0,1,0,0,1,0,0,122,0,122,0,1,122,0,123,238,0,238,361
06/26/2012,RNM,CA,AWP,WE,Federal Contract Tower,0,1,4,0,5,0,0,160,0,160,0,1,164,0,165,253,0,253,418
06/27/2012,RNM,CA,AWP,WE,Federal Contract Tower,0,2,1,0,3,0,0,86,2,88,0,2,87,2,91,228,6,234,325
06/28/2012,RNM,CA,AWP,WE,Federal Contract Tower,0,0,4,0,4,0,0,108,0,108,0,0,112,0,112,226,0,226,338
06/29/2012,RNM,CA,AWP,WE,Federal Contract Tower,0,2,6,0,8,0,0,118,0,118,0,2,124,0,126,338,0,338,464
06/30/2012,RNM,CA,AWP,WE,Federal Contract Tower,0,0,4,0,4,0,0,161,0,161,0,0,165,0,165,272,0,272,437
07/01/2012,RNM,CA,AWP,WE,Federal Contract Tower,0,0,4,0,4,0,0,94,0,94,0,0,98,0,98,162,0,162,260
07/02/2012,RNM,CA,AWP,WE,Federal Contract Tower,0,0,0,0,0,0,0,76,0,76,0,0,76,0,76,286,0,286,362
07/03/2012,RNM,CA,AWP,WE,Federal Contract Tower,0,0,7,0,7,0,0,91,6,97,0,0,98,6,104,250,2,252,356
07/04/2012,RNM,CA,AWP,WE,Federal Contract Tower,0,0,2,0,2,0,0,47,0,47,0,0,49,0,49,108,0,108,157
07/05/2012,RNM,CA,AWP,WE,Federal Contract Tower,0,0,6,1,7,0,0,77,1,78,0,0,83,2,85,150,0,150,235
07/06/2012,RNM,CA,AWP,WE,Federal Contract Tower,0,0,3,0,3,0,0,100,2,102,0,0,103,2,105,190,0,190,295
07/07/2012,RNM,CA,AWP,WE,Federal Contract Tower,0,0,0,0,0,0,0,129,0,129,0,0,129,0,129,238,0,238,367
07/08/2012,RNM,CA,AWP,WE,Federal Contract Tower,0,0,2,0,2,0,0,94,0,94,0,0,96,0,96,176,0,176,272
07/09/2012,RNM,CA,AWP,WE,Federal Contract Tower,0,0,4,0,4,0,0,107,0,107,0,0,111,0,111,208,0,208,319
07/10/2012,RNM,CA,AWP,WE,Federal Contract Tower,0,0,1,0,1,0,0,88,0,88,0,0,89,0,89,200,0,200,289
07/11/2012,RNM,CA,AWP,WE,Federal Contract Tower,0,0,5,0,5,0,0,119,4,123,0,0,124,4,128,228,4,232,360
07/12/2012,RNM,CA,AWP,WE,Federal Contract Tower,0,0,4,0,4,0,0,69,0,69,0,0,73,0,73,130,0,130,203
07/13/2012,RNM,CA,AWP,WE,Federal Contract Tower,0,0,3,0,3,0,0,78,0,78,0,0,81,0,81,216,0,216,297
07/14/2012,RNM,CA,AWP,WE,Federal Contract Tower,0,0,2,0,2,0,0,125,0,125,0,0,127,0,127,306,0,306,433
07/15/2012,RNM,CA,AWP,WE,Federal Contract Tower,0,0,6,0,6,0,0,128,0,128,0,0,134,0,134,172,0,172,306
07/16/2012,RNM,CA,AWP,WE,Federal Contract Tower,0,0,3,0,3,0,0,86,2,88,0,0,89,2,91,170,0,170,261
07/17/2012,RNM,CA,AWP,WE,Federal Contract Tower,0,0,6,0,6,0,0,104,0,104,0,0,110,0,110,212,0,212,322
07/18/2012,RNM,CA,AWP,WE,Federal Contract Tower,0,0,3,0,3,0,0,114,2,116,0,0,117,2,119,310,2,312,431
07/19/2012,RNM,CA,AWP,WE,Federal Contract Tower,0,0,2,0,2,0,0,97,0,97,0,0,99,0,99,32,0,32,131
07/20/2012,RNM,CA,AWP,WE,Federal Contract Tower,0,0,2,0,2,0,0,120,0,120,0,0,122,0,122,220,0,220,342
07/21/2012,RNM,CA,AWP,WE,Federal Contract Tower,0,0,2,0,2,0,0,87,0,87,0,0,89,0,89,262,0,262,351
07/22/2012,RNM,CA,AWP,WE,Federal Contract Tower,0,0,6,0,6,0,0,134,0,134,0,0,140,0,140,210,0,210,350
07/23/2012,RNM,CA,AWP,WE,Federal Contract Tower,0,2,4,0,6,0,0,92,0,92,0,2,96,0,98,230,0,230,328
07/24/2012,RNM,CA,AWP,WE,Federal Contract Tower,0,0,0,0,0,0,0,106,0,106,0,0,106,0,106,264,0,264,370
07/25/2012,RNM,CA,AWP,WE,Federal Contract Tower,0,0,1,0,1,0,0,127,0,127,0,0,128,0,128,322,0,322,450
07/26/2012,RNM,CA,AWP,WE,Federal Contract Tower,0,0,4,0,4,0,0,109,0,109,0,0,113,0,113,262,2,264,377
07/27/2012,RNM,CA,AWP,WE,Federal Contract Tower,0,0,1,0,1,0,0,93,2,95,0,0,94,2,96,250,4,254,350
07/28/2012,RNM,CA,AWP,WE,Federal Contract Tower,0,0,4,0,4,0,0,24,0,24,0,0,28,0,28,210,0,210,238
07/29/2012,RNM,CA,AWP,WE,Federal Contract Tower,0,0,5,0,5,0,0,138,1,139,0,0,143,1,144,216,0,216,360
07/30/2012,RNM,CA,AWP,WE,Federal Contract Tower,0,0,6,0,6,0,0,65,0,65,0,0,71,0,71,178,0,178,249
07/31/2012,RNM,CA,AWP,WE,Federal Contract Tower,0,0,2,0,2,0,0,69,2,71,0,0,71,2,73,148,2,150,223
08/01/2012,RNM,CA,AWP,WE,Federal Contract Tower,0,0,2,0,2,0,0,298,0,298,0,0,300,0,300,0,0,0,300
08/02/2012,RNM,CA,AWP,WE,Federal Contract Tower,0,0,9,0,9,0,0,109,0,109,0,0,118,0,118,256,4,260,378
08/03/2012,RNM,CA,AWP,WE,Federal Contract Tower,0,0,4,0,4,0,0,112,6,118,0,0,116,6,122,270,24,294,416
08/04/2012,RNM,CA,AWP,WE,Federal Contract Tower,0,0,4,0,4,0,0,103,0,103,0,0,107,0,107,228,0,228,335
08/05/2012,RNM,CA,AWP,WE,Federal Contract Tower,0,1,4,0,5,0,0,119,0,119,0,1,123,0,124,230,2,232,356
08/06/2012,RNM,CA,AWP,WE,Federal Contract Tower,0,0,0,0,0,0,0,73,0,73,0,0,73,0,73,114,0,114,187
08/07/2012,RNM,CA,AWP,WE,Federal Contract Tower,0,0,0,0,0,0,0,82,0,82,0,0,82,0,82,228,0,228,310
08/08/2012,RNM,CA,AWP,WE,Federal Contract Tower,0,0,2,0,2,0,0,93,2,95,0,0,95,2,97,248,2,250,347
08/09/2012,RNM,CA,AWP,WE,Federal Contract Tower,0,0,0,0,0,0,0,143,0,143,0,0,143,0,143,270,2,272,415
08/10/2012,RNM,CA,AWP,WE,Federal Contract Tower,0,0,1,0,1,0,0,128,0,128,0,0,129,0,129,146,0,146,275
08/11/2012,RNM,CA,AWP,WE,Federal Contract Tower,0,0,6,0,6,0,0,111,0,111,0,0,117,0,117,200,0,200,317
08/12/2012,RNM,CA,AWP,WE,Federal Contract Tower,0,0,5,0,5,0,0,80,0,80,0,0,85,0,85,150,0,150,235
08/13/2012,RNM,CA,AWP,WE,Federal Contract Tower,0,0,0,0,0,0,0,119,0,119,0,0,119,0,119,82,0,82,201
08/14/2012,RNM,CA,AWP,WE,Federal Contract Tower,0,0,0,0,0,0,0,133,0,133,0,0,133,0,133,166,0,166,299
08/15/2012,RNM,CA,AWP,WE,Federal Contract Tower,0,0,1,0,1,0,0,117,4,121,0,0,118,4,122,330,14,344,466
08/16/2012,RNM,CA,AWP,WE,Federal Contract Tower,0,0,3,0,3,0,0,175,0,175,0,0,178,0,178,293,0,293,471
08/17/2012,RNM,CA,AWP,WE,Federal Contract Tower,0,0,0,0,0,0,0,67,0,67,0,0,67,0,67,174,0,174,241
08/18/2012,RNM,CA,AWP,WE,Federal Contract Tower,0,0,0,0,0,0,0,115,0,115,0,0,115,0,115,246,0,246,361
08/19/2012,RNM,CA,AWP,WE,Federal Contract Tower,0,0,3,0,3,0,0,109,0,109,0,0,112,0,112,164,0,164,276
08/20/2012,RNM,CA,AWP,WE,Federal Contract Tower,0,0,1,0,1,0,0,69,0,69,0,0,70,0,70,180,0,180,250
08/21/2012,RNM,CA,AWP,WE,Federal Contract Tower,0,0,6,0,6,0,0,78,2,80,0,0,84,2,86,386,0,386,472
08/22/2012,RNM,CA,AWP,WE,Federal Contract Tower,0,0,2,0,2,0,0,95,4,99,0,0,97,4,101,220,14,234,335
08/23/2012,RNM,CA,AWP,WE,Federal Contract Tower,0,0,5,0,5,0,0,93,0,93,0,0,98,0,98,216,2,218,316
08/24/2012,RNM,CA,AWP,WE,Federal Contract Tower,0,0,4,0,4,0,0,80,0,80,0,0,84,0,84,166,0,166,250
08/25/2012,RNM,CA,AWP,WE,Federal Contract Tower,0,0,8,0,8,0,0,80,0,80,0,0,88,0,88,162,0,162,250
08/26/2012,RNM,CA,AWP,WE,Federal Contract Tower,0,0,4,0,4,0,0,105,0,105,0,0,109,0,109,222,0,222,331
08/27/2012,RNM,CA,AWP,WE,Federal Contract Tower,0,0,4,0,4,0,0,89,0,89,0,0,93,0,93,180,0,180,273
08/28/2012,RNM,CA,AWP,WE,Federal Contract Tower,0,0,0,0,0,0,0,119,4,123,0,0,119,4,123,294,2,296,419
08/29/2012,RNM,CA,AWP,WE,Federal Contract Tower,0,0,1,0,1,0,0,116,0,116,0,0,117,0,117,242,0,242,359
08/30/2012,RNM,CA,AWP,WE,Federal Contract Tower,0,0,2,0,2,0,0,78,0,78,0,0,80,0,80,136,0,136,216
08/31/2012,RNM,CA,AWP,WE,Federal Contract Tower,0,0,1,0,1,0,0,93,2,95,0,0,94,2,96,218,8,226,322
09/01/2012,RNM,CA,AWP,WE,Federal Contract Tower,0,0,1,0,1,0,0,103,0,103,0,0,104,0,104,204,0,204,308
09/02/2012,RNM,CA,AWP,WE,Federal Contract Tower,0,0,3,0,3,0,0,77,0,77,0,0,80,0,80,214,0,214,294
09/03/2012,RNM,CA,AWP,WE,Federal Contract Tower,0,0,1,0,1,0,0,107,0,107,0,0,108,0,108,212,0,212,320
09/04/2012,RNM,CA,AWP,WE,Federal Contract Tower,0,0,0,0,0,0,0,71,0,71,0,0,71,0,71,26,0,26,97
09/05/2012,RNM,CA,AWP,WE,Federal Contract Tower,0,0,4,0,4,0,0,58,2,60,0,0,62,2,64,110,2,112,176
09/06/2012,RNM,CA,AWP,WE,Federal Contract Tower,0,0,3,0,3,0,0,89,0,89,0,0,92,0,92,254,0,254,346
09/07/2012,RNM,CA,AWP,WE,Federal Contract Tower,0,0,1,0,1,0,0,82,0,82,0,0,83,0,83,242,0,242,325
09/08/2012,RNM,CA,AWP,WE,Federal Contract Tower,0,0,2,0,2,0,0,91,0,91,0,0,93,0,93,206,0,206,299
09/09/2012,RNM,CA,AWP,WE,Federal Contract Tower,0,0,4,0,4,0,0,60,0,60,0,0,64,0,64,102,0,102,166
09/10/2012,RNM,CA,AWP,WE,Federal Contract Tower,0,0,1,0,1,0,0,53,0,53,0,0,54,0,54,74,0,74,128
09/11/2012,RNM,CA,AWP,WE,Federal Contract Tower,0,0,5,0,5,0,0,4,0,4,0,0,9,0,9,52,0,52,61
09/12/2012,RNM,CA,AWP,WE,Federal Contract Tower,0,0,1,0,1,0,0,86,0,86,0,0,87,0,87,310,0,310,397
09/13/2012,RNM,CA,AWP,WE,Federal Contract Tower,0,0,5,0,5,0,0,114,0,114,0,0,119,0,119,340,0,340,459
09/14/2012,RNM,CA,AWP,WE,Federal Contract Tower,0,0,2,0,2,0,0,53,0,53,0,0,55,0,55,108,0,108,163
09/15/2012,RNM,CA,AWP,WE,Federal Contract Tower,0,0,0,0,0,0,0,36,0,36,0,0,36,0,36,130,0,130,166
09/16/2012,RNM,CA,AWP,WE,Federal Contract Tower,0,0,3,0,3,0,0,99,0,99,0,0,102,0,102,214,0,214,316
09/17/2012,RNM,CA,AWP,WE,Federal Contract Tower,0,0,6,0,6,0,0,97,2,99,0,0,103,2,105,120,0,120,225
09/18/2012,RNM,CA,AWP,WE,Federal Contract Tower,0,0,2,0,2,0,0,96,4,100,0,0,98,4,102,238,6,244,346
09/19/2012,RNM,CA,AWP,WE,Federal Contract Tower,0,0,0,0,0,0,0,117,2,119,0,0,117,2,119,248,0,248,367
09/20/2012,RNM,CA,AWP,WE,Federal Contract Tower,0,0,4,0,4,0,0,114,2,116,0,0,118,2,120,362,0,362,482
09/21/2012,RNM,CA,AWP,WE,Federal Contract Tower,0,0,2,0,2,0,0,139,0,139,0,0,141,0,141,284,0,284,425
09/22/2012,RNM,CA,AWP,WE,Federal Contract Tower,0,0,1,0,1,0,0,169,0,169,0,0,170,0,170,250,0,250,420
09/23/2012,RNM,CA,AWP,WE,Federal Contract Tower,0,0,1,0,1,0,0,142,0,142,0,0,143,0,143,160,0,160,303
09/24/2012,RNM,CA,AWP,WE,Federal Contract Tower,0,1,2,0,3,0,0,97,0,97,0,1,99,0,100,142,0,142,242
09/25/2012,RNM,CA,AWP,WE,Federal Contract Tower,0,2,3,0,5,0,0,50,0,50,0,2,53,0,55,182,0,182,237
09/26/2012,RNM,CA,AWP,WE,Federal Contract Tower,0,0,3,0,3,0,0,92,2,94,0,0,95,2,97,236,2,238,335
09/27/2012,RNM,CA,AWP,WE,Federal Contract Tower,0,0,4,0,4,0,0,76,0,76,0,0,80,0,80,294,0,294,374
09/28/2012,RNM,CA,AWP,WE,Federal Contract Tower,0,0,2,0,2,0,0,92,0,92,0,0,94,0,94,172,0,172,266
09/29/2012,RNM,CA,AWP,WE,Federal Contract Tower,0,0,3,0,3,0,0,155,0,155,0,0,158,0,158,260,0,260,418
09/30/2012,RNM,CA,AWP,WE,Federal Contract Tower,0,0,2,0,2,0,0,85,0,85,0,0,87,0,87,186,0,186,273
10/01/2012,RNM,CA,AWP,WE,Federal Contract Tower,0,1,0,0,1,0,0,60,0,60,0,1,60,0,61,136,0,136,197
10/02/2012,RNM,CA,AWP,WE,Federal Contract Tower,0,2,1,0,3,0,0,70,2,72,0,2,71,2,75,224,2,226,301
10/03/2012,RNM,CA,AWP,WE,Federal Contract Tower,0,1,5,0,6,0,1,89,0,90,0,2,94,0,96,250,4,254,350
10/04/2012,RNM,CA,AWP,WE,Federal Contract Tower,0,0,2,0,2,0,0,70,2,72,0,0,72,2,74,202,8,210,284
10/05/2012,RNM,CA,AWP,WE,Federal Contract Tower,0,0,2,0,2,0,0,98,0,98,0,0,100,0,100,250,6,256,356
10/06/2012,RNM,CA,AWP,WE,Federal Contract Tower,0,0,2,0,2,0,0,103,0,103,0,0,105,0,105,216,0,216,321
10/07/2012,RNM,CA,AWP,WE,Federal Contract Tower,0,0,3,0,3,0,0,97,0,97,0,0,100,0,100,158,0,158,258
10/08/2012,RNM,CA,AWP,WE,Federal Contract Tower,0,0,2,0,2,0,0,35,0,35,0,0,37,0,37,106,0,106,143
10/09/2012,RNM,CA,AWP,WE,Federal Contract Tower,0,0,5,0,5,0,0,66,0,66,0,0,71,0,71,304,0,304,375
10/10/2012,RNM,CA,AWP,WE,Federal Contract Tower,0,0,8,0,8,0,0,71,0,71,0,0,79,0,79,364,2,366,445
10/11/2012,RNM,CA,AWP,WE,Federal Contract Tower,0,0,0,0,0,0,0,22,0,22,0,0,22,0,22,66,0,66,88
10/12/2012,RNM,CA,AWP,WE,Federal Contract Tower,0,0,5,0,5,0,0,40,0,40,0,0,45,0,45,136,0,136,181
10/13/2012,RNM,CA,AWP,WE,Federal Contract Tower,0,0,2,0,2,0,0,95,0,95,0,0,97,0,97,208,0,208,305
10/14/2012,RNM,CA,AWP,WE,Federal Contract Tower,0,0,3,0,3,0,0,79,0,79,0,0,82,0,82,124,0,124,206
10/15/2012,RNM,CA,AWP,WE,Federal Contract Tower,0,0,0,0,0,0,0,77,0,77,0,0,77,0,77,232,0,232,309
10/16/2012,RNM,CA,AWP,WE,Federal Contract Tower,0,1,2,0,3,0,0,79,0,79,0,1,81,0,82,270,0,270,352
10/17/2012,RNM,CA,AWP,WE,Federal Contract Tower,0,3,1,0,4,0,0,60,0,60,0,3,61,0,64,188,0,188,252
10/18/2012,RNM,CA,AWP,WE,Federal Contract Tower,0,1,6,0,7,0,0,55,0,55,0,1,61,0,62,235,12,247,309
10/19/2012,RNM,CA,AWP,WE,Federal Contract Tower,0,0,3,0,3,0,0,108,0,108,0,0,111,0,111,218,0,218,329
10/20/2012,RNM,CA,AWP,WE,Federal Contract Tower,0,0,11,0,11,0,0,14,0,14,0,0,25,0,25,49,0,49,74
10/21/2012,RNM,CA,AWP,WE,Federal Contract Tower,0,0,9,0,9,0,0,10,0,10,0,0,19,0,19,68,0,68,87
10/22/2012,RNM,CA,AWP,WE,Federal Contract Tower,0,0,7,0,7,0,0,18,0,18,0,0,25,0,25,84,0,84,109
10/23/2012,RNM,CA,AWP,WE,Federal Contract Tower,0,1,4,0,5,0,0,40,2,42,0,1,44,2,47,292,2,294,341
10/24/2012,RNM,CA,AWP,WE,Federal Contract Tower,0,0,3,0,3,0,0,108,0,108,0,0,111,0,111,246,0,246,357
10/25/2012,RNM,CA,AWP,WE,Federal Contract Tower,0,0,1,0,1,0,0,126,0,126,0,0,127,0,127,360,0,360,487
10/26/2012,RNM,CA,AWP,WE,Federal Contract Tower,0,1,3,0,4,0,0,67,0,67,0,1,70,0,71,302,0,302,373
10/27/2012,RNM,CA,AWP,WE,Federal Contract Tower,0,0,2,0,2,0,0,84,0,84,0,0,86,0,86,198,0,198,284
10/28/2012,RNM,CA,AWP,WE,Federal Contract Tower,0,0,6,0,6,0,0,127,0,127,0,0,133,0,133,164,0,164,297
10/29/2012,RNM,CA,AWP,WE,Federal Contract Tower,0,0,2,0,2,0,0,81,6,87,0,0,83,6,89,188,10,198,287
10/30/2012,RNM,CA,AWP,WE,Federal Contract Tower,0,0,3,0,3,0,0,106,4,110,0,0,109,4,113,204,8,212,325
10/31/2012,RNM,CA,AWP,WE,Federal Contract Tower,0,0,5,0,5,0,0,89,0,89,0,0,94,0,94,248,2,250,344
11/01/2012,RNM,CA,AWP,WE,Federal Contract Tower,0,2,5,0,7,0,0,86,2,88,0,2,91,2,95,236,0,236,331
11/02/2012,RNM,CA,AWP,WE,Federal Contract Tower,0,2,3,0,5,0,0,67,0,67,0,2,70,0,72,256,0,256,328
11/03/2012,RNM,CA,AWP,WE,Federal Contract Tower,0,0,6,0,6,0,0,131,0,131,0,0,137,0,137,274,0,274,411
11/04/2012,RNM,CA,AWP,WE,Federal Contract Tower,0,0,2,0,2,0,0,53,0,53,0,0,55,0,55,106,0,106,161
11/05/2012,RNM,CA,AWP,WE,Federal Contract Tower,0,0,2,0,2,0,0,68,0,68,0,0,70,0,70,172,0,172,242
11/06/2012,RNM,CA,AWP,WE,Federal Contract Tower,0,0,3,0,3,0,0,92,0,92,0,0,95,0,95,228,0,228,323
11/07/2012,RNM,CA,AWP,WE,Federal Contract Tower,0,0,4,0,4,0,0,107,0,107,0,0,111,0,111,342,0,342,453
11/08/2012,RNM,CA,AWP,WE,Federal Contract Tower,0,0,9,0,9,0,0,65,0,65,0,0,74,0,74,122,0,122,196
11/09/2012,RNM,CA,AWP,WE,Federal Contract Tower,0,0,7,0,7,0,0,28,0,28,0,0,35,0,35,74,0,74,109
11/10/2012,RNM,CA,AWP,WE,Federal Contract Tower,0,0,4,0,4,0,0,37,0,37,0,0,41,0,41,100,0,100,141
11/11/2012,RNM,CA,AWP,WE,Federal Contract Tower,0,0,5,0,5,0,0,91,0,91,0,0,96,0,96,262,0,262,358
11/12/2012,RNM,CA,AWP,WE,Federal Contract Tower,0,0,8,0,8,0,0,88,0,88,0,0,96,0,96,232,0,232,328
11/13/2012,RNM,CA,AWP,WE,Federal Contract Tower,0,0,1,0,1,0,0,46,0,46,0,0,47,0,47,20,0,20,67
11/14/2012,RNM,CA,AWP,WE,Federal Contract Tower,0,0,4,0,4,0,0,70,2,72,0,0,74,2,76,236,6,242,318
11/15/2012,RNM,CA,AWP,WE,Federal Contract Tower,0,0,1,0,1,0,0,60,0,60,0,0,61,0,61,328,0,328,389
11/16/2012,RNM,CA,AWP,WE,Federal Contract Tower,0,0,4,0,4,0,0,108,0,108,0,0,112,0,112,30,0,30,142
11/17/2012,RNM,CA,AWP,WE,Federal Contract Tower,0,0,4,0,4,0,0,38,0,38,0,0,42,0,42,160,0,160,202
11/18/2012,RNM,CA,AWP,WE,Federal Contract Tower,0,0,4,0,4,0,0,51,0,51,0,0,55,0,55,152,0,152,207
11/19/2012,RNM,CA,AWP,WE,Federal Contract Tower,0,0,5,0,5,0,0,79,0,79,0,0,84,0,84,224,0,224,308
11/20/2012,RNM,CA,AWP,WE,Federal Contract Tower,0,0,5,0,5,0,0,31,0,31,0,0,36,0,36,330,0,330,366
11/21/2012,RNM,CA,AWP,WE,Federal Contract Tower,0,0,3,0,3,0,0,107,2,109,0,0,110,2,112,358,16,374,486
11/22/2012,RNM,CA,AWP,WE,Federal Contract Tower,0,0,1,0,1,0,0,66,0,66,0,0,67,0,67,118,0,118,185
11/23/2012,RNM,CA,AWP,WE,Federal Contract Tower,0,0,2,0,2,0,0,75,0,75,0,0,77,0,77,220,0,220,297
11/24/2012,RNM,CA,AWP,WE,Federal Contract Tower,0,0,3,0,3,0,0,94,0,94,0,0,97,0,97,318,0,318,415
11/25/2012,RNM,CA,AWP,WE,Federal Contract Tower,0,0,5,0,5,0,0,59,0,59,0,0,64,0,64,192,0,192,256
11/26/2012,RNM,CA,AWP,WE,Federal Contract Tower,0,0,3,0,3,0,0,71,0,71,0,0,74,0,74,176,0,176,250
11/27/2012,RNM,CA,AWP,WE,Federal Contract Tower,0,0,3,0,3,0,0,95,4,99,0,0,98,4,102,276,4,280,382
11/28/2012,RNM,CA,AWP,WE,Federal Contract Tower,0,0,6,0,6,0,0,52,2,54,0,0,58,2,60,192,0,192,252
11/29/2012,RNM,CA,AWP,WE,Federal Contract Tower,0,0,17,0,17,0,0,30,2,32,0,0,47,2,49,74,0,74,123
11/30/2012,RNM,CA,AWP,WE,Federal Contract Tower,0,2,7,0,9,0,0,14,0,14,0,2,21,0,23,90,0,90,113
12/01/2012,RNM,CA,AWP,WE,Federal Contract Tower,0,2,6,0,8,0,0,63,0,63,0,2,69,0,71,196,0,196,267
12/02/2012,RNM,CA,AWP,WE,Federal Contract Tower,0,0,11,0,11,0,0,36,0,36,0,0,47,0,47,96,0,96,143
12/03/2012,RNM,CA,AWP,WE,Federal Contract Tower,0,0,6,0,6,0,0,14,0,14,0,0,20,0,20,122,0,122,142
12/04/2012,RNM,CA,AWP,WE,Federal Contract Tower,0,0,9,0,9,0,0,86,0,86,0,0,95,0,95,342,0,342,437
12/05/2012,RNM,CA,AWP,WE,Federal Contract Tower,0,0,2,0,2,0,0,107,0,107,0,0,109,0,109,366,0,366,475
12/06/2012,RNM,CA,AWP,WE,Federal Contract Tower,0,0,5,0,5,0,0,54,1,55,0,0,59,1,60,230,0,230,290
12/07/2012,RNM,CA,AWP,WE,Federal Contract Tower,0,0,4,0,4,0,0,106,0,106,0,0,110,0,110,294,0,294,404
12/08/2012,RNM,CA,AWP,WE,Federal Contract Tower,0,0,1,0,1,0,0,112,0,112,0,0,113,0,113,262,0,262,375
12/09/2012,RNM,CA,AWP,WE,Federal Contract Tower,0,0,4,0,4,0,0,79,0,79,0,0,83,0,83,186,0,186,269
12/10/2012,RNM,CA,AWP,WE,Federal Contract Tower,0,0,7,0,7,0,0,63,0,63,0,0,70,0,70,338,0,338,408
12/11/2012,RNM,CA,AWP,WE,Federal Contract Tower,0,0,2,0,2,0,0,102,2,104,0,0,104,2,106,286,0,286,392
12/12/2012,RNM,CA,AWP,WE,Federal Contract Tower,0,2,6,0,8,0,0,87,2,89,0,2,93,2,97,288,0,288,385
12/13/2012,RNM,CA,AWP,WE,Federal Contract Tower,0,0,2,0,2,0,0,0,0,0,0,0,2,0,2,0,0,0,2
12/14/2012,RNM,CA,AWP,WE,Federal Contract Tower,0,0,6,0,6,0,0,14,0,14,0,0,20,0,20,116,0,116,136
12/15/2012,RNM,CA,AWP,WE,Federal Contract Tower,0,0,3,0,3,0,0,71,0,71,0,0,74,0,74,264,0,264,338
12/16/2012,RNM,CA,AWP,WE,Federal Contract Tower,0,0,10,0,10,0,0,38,0,38,0,0,48,0,48,100,0,100,148
12/17/2012,RNM,CA,AWP,WE,Federal Contract Tower,0,2,11,0,13,0,0,7,0,7,0,2,18,0,20,130,0,130,150
12/18/2012,RNM,CA,AWP,WE,Federal Contract Tower,0,0,3,0,3,0,0,0,0,0,0,0,3,0,3,0,0,0,3
12/19/2012,RNM,CA,AWP,WE,Federal Contract Tower,0,2,4,0,6,0,0,84,4,88,0,2,88,4,94,356,12,368,462
12/20/2012,RNM,CA,AWP,WE,Federal Contract Tower,0,0,5,0,5,0,0,98,0,98,0,0,103,0,103,236,0,236,339
12/21/2012,RNM,CA,AWP,WE,Federal Contract Tower,0,0,4,0,4,0,0,75,0,75,0,0,79,0,79,334,0,334,413
12/22/2012,RNM,CA,AWP,WE,Federal Contract Tower,0,0,1,0,1,0,0,75,0,75,0,0,76,0,76,194,0,194,270
12/23/2012,RNM,CA,AWP,WE,Federal Contract Tower,0,0,6,0,6,0,0,40,0,40,0,0,46,0,46,82,0,82,128
12/24/2012,RNM,CA,AWP,WE,Federal Contract Tower,0,0,0,0,0,0,0,1,0,1,0,0,1,0,1,0,0,0,1
12/25/2012,RNM,CA,AWP,WE,Federal Contract Tower,0,0,1,0,1,0,0,22,0,22,0,0,23,0,23,30,0,30,53
12/26/2012,RNM,CA,AWP,WE,Federal Contract Tower,0,0,1,0,1,0,0,7,0,7,0,0,8,0,8,18,2,20,28
12/27/2012,RNM,CA,AWP,WE,Federal Contract Tower,0,0,4,0,4,0,0,70,0,70,0,0,74,0,74,172,0,172,246
12/28/2012,RNM,CA,AWP,WE,Federal Contract Tower,0,0,2,0,2,0,0,115,0,115,0,0,117,0,117,210,0,210,327
12/29/2012,RNM,CA,AWP,WE,Federal Contract Tower,0,0,0,0,0,0,0,46,0,46,0,0,46,0,46,94,0,94,140
12/30/2012,RNM,CA,AWP,WE,Federal Contract Tower,0,0,2,0,2,0,0,18,0,18,0,0,20,0,20,64,0,64,84
12/31/2012,RNM,CA,AWP,WE,Federal Contract Tower,0,0,2,0,2,0,0,84,0,84,0,0,86,0,86,152,0,152,238
01/01/2013,RNM,CA,AWP,WE,Federal Contract Tower,0,0,2,0,2,0,0,40,0,40,0,0,42,0,42,100,0,100,142
01/02/2013,RNM,CA,AWP,WE,Federal Contract Tower,0,0,4,0,4,0,0,59,2,61,0,0,63,2,65,96,2,98,163
01/03/2013,RNM,CA,AWP,WE,Federal Contract Tower,0,0,2,0,2,0,0,118,4,122,0,0,120,4,124,310,10,320,444
01/04/2013,RNM,CA,AWP,WE,Federal Contract Tower,0,2,0,0,2,0,0,108,0,108,0,2,108,0,110,327,0,327,437
01/05/2013,RNM,CA,AWP,WE,Federal Contract Tower,0,0,8,0,8,0,0,139,0,139,0,0,147,0,147,238,0,238,385
01/06/2013,RNM,CA,AWP,WE,Federal Contract Tower,0,0,4,0,4,0,0,17,2,19,0,0,21,2,23,62,6,68,91
01/07/2013,RNM,CA,AWP,WE,Federal Contract Tower,0,1,4,0,5,0,0,58,0,58,0,1,62,0,63,226,0,226,289
01/08/2013,RNM,CA,AWP,WE,Federal Contract Tower,0,0,4,0,4,0,0,84,2,86,0,0,88,2,90,298,0,298,388
01/09/2013,RNM,CA,AWP,WE,Federal Contract Tower,0,0,3,0,3,0,0,85,0,85,0,0,88,0,88,274,0,274,362
01/10/2013,RNM,CA,AWP,WE,Federal Contract Tower,0,0,1,0,1,0,0,12,0,12,0,0,13,0,13,10,0,10,23
01/11/2013,RNM,CA,AWP,WE,Federal Contract Tower,0,0,0,0,0,0,0,77,0,77,0,0,77,0,77,256,0,256,333
01/12/2013,RNM,CA,AWP,WE,Federal Contract Tower,0,0,4,0,4,0,0,89,0,89,0,0,93,0,93,256,0,256,349
01/13/2013,RNM,CA,AWP,WE,Federal Contract Tower,0,0,3,0,3,0,0,82,0,82,0,0,85,0,85,142,0,142,227
01/14/2013,RNM,CA,AWP,WE,Federal Contract Tower,0,0,5,0,5,0,0,61,0,61,0,0,66,0,66,180,0,180,246
01/15/2013,RNM,CA,AWP,WE,Federal Contract Tower,0,0,3,0,3,0,0,57,0,57,0,0,60,0,60,172,0,172,232
01/16/2013,RNM,CA,AWP,WE,Federal Contract Tower,0,0,6,0,6,0,0,88,0,88,0,0,94,0,94,276,0,276,370
01/17/2013,RNM,CA,AWP,WE,Federal Contract Tower,0,0,7,0,7,0,0,42,0,42,0,0,49,0,49,225,0,225,274
01/18/2013,RNM,CA,AWP,WE,Federal Contract Tower,0,0,2,0,2,0,0,67,0,67,0,0,69,0,69,244,0,244,313
01/19/2013,RNM,CA,AWP,WE,Federal Contract Tower,0,0,3,0,3,0,0,103,0,103,0,0,106,0,106,214,0,214,320
01/20/2013,RNM,CA,AWP,WE,Federal Contract Tower,0,0,3,0,3,0,0,75,0,75,0,0,78,0,78,160,0,160,238
01/21/2013,RNM,CA,AWP,WE,Federal Contract Tower,0,0,1,0,1,0,0,60,0,60,0,0,61,0,61,208,0,208,269
01/22/2013,RNM,CA,AWP,WE,Federal Contract Tower,0,0,2,0,2,0,0,98,0,98,0,0,100,0,100,334,0,334,434
01/23/2013,RNM,CA,AWP,WE,Federal Contract Tower,0,0,1,0,1,0,0,65,2,67,0,0,66,2,68,26,0,26,94
01/24/2013,RNM,CA,AWP,WE,Federal Contract Tower,0,0,3,0,3,0,9,31,0,40,0,9,34,0,43,160,2,162,205
01/25/2013,RNM,CA,AWP,WE,Federal Contract Tower,0,0,6,0,6,0,0,4,0,4,0,0,10,0,10,0,0,0,10
01/26/2013,RNM,CA,AWP,WE,Federal Contract Tower,0,0,2,0,2,0,0,0,0,0,0,0,2,0,2,0,0,0,2
01/27/2013,RNM,CA,AWP,WE,Federal Contract Tower,0,0,6,0,6,0,0,9,0,9,0,0,15,0,15,32,0,32,47
01/28/2013,RNM,CA,AWP,WE,Federal Contract Tower,0,0,3,0,3,0,0,55,0,55,0,0,58,0,58,206,0,206,264
01/29/2013,RNM,CA,AWP,WE,Federal Contract Tower,0,0,6,0,6,0,0,56,0,56,0,0,62,0,62,232,0,232,294
01/30/2013,RNM,CA,AWP,WE,Federal Contract Tower,0,0,6,0,6,0,0,77,2,79,0,0,83,2,85,210,0,210,295
01/31/2013,RNM,CA,AWP,WE,Federal Contract Tower,0,0,3,0,3,0,0,73,0,73,0,0,76,0,76,348,0,348,424
02/01/2013,RNM,CA,AWP,WE,Federal Contract Tower,0,0,1,0,1,0,0,97,0,97,0,0,98,0,98,19,0,19,117
02/02/2013,RNM,CA,AWP,WE,Federal Contract Tower,0,0,3,0,3,0,6,130,0,136,0,6,133,0,139,280,0,280,419
02/03/2013,RNM,CA,AWP,WE,Federal Contract Tower,0,0,3,0,3,0,0,70,0,70,0,0,73,0,73,184,0,184,257
02/04/2013,RNM,CA,AWP,WE,Federal Contract Tower,0,2,2,0,4,0,0,60,0,60,0,2,62,0,64,126,0,126,190
02/05/2013,RNM,CA,AWP,WE,Federal Contract Tower,0,0,3,0,3,0,0,3,0,3,0,0,6,0,6,0,0,0,6
02/06/2013,RNM,CA,AWP,WE,Federal Contract Tower,0,0,11,0,11,0,0,56,2,58,0,0,67,2,69,186,0,186,255
02/07/2013,RNM,CA,AWP,WE,Federal Contract Tower,0,0,10,0,10,0,0,55,0,55,0,0,65,0,65,246,0,246,311
02/08/2013,RNM,CA,AWP,WE,Federal Contract Tower,0,0,1,0,1,0,0,7,0,7,0,0,8,0,8,10,0,10,18
02/09/2013,RNM,CA,AWP,WE,Federal Contract Tower,0,0,7,0,7,0,0,63,0,63,0,0,70,0,70,322,0,322,392
02/10/2013,RNM,CA,AWP,WE,Federal Contract Tower,0,0,4,0,4,0,0,44,0,44,0,0,48,0,48,156,0,156,204
02/11/2013,RNM,CA,AWP,WE,Federal Contract Tower,0,0,2,0,2,0,0,36,2,38,0,0,38,2,40,48,14,62,102
02/12/2013,RNM,CA,AWP,WE,Federal Contract Tower,0,0,4,0,4,0,0,94,0,94,0,0,98,0,98,298,0,298,396
02/13/2013,RNM,CA,AWP,WE,Federal Contract Tower,0,0,2,0,2,0,0,77,0,77,0,0,79,0,79,172,0,172,251
02/14/2013,RNM,CA,AWP,WE,Federal Contract Tower,0,0,2,0,2,0,0,40,0,40,0,0,42,0,42,178,0,178,220
02/15/2013,RNM,CA,AWP,WE,Federal Contract Tower,0,0,1,0,1,0,0,42,0,42,0,0,43,0,43,96,0,96,139
02/16/2013,RNM,CA,AWP,WE,Federal Contract Tower,0,2,7,0,9,0,0,104,0,104,0,2,111,0,113,238,0,238,351
02/17/2013,RNM,CA,AWP,WE,Federal Contract Tower,0,0,1,0,1,0,0,82,0,82,0,0,83,0,83,178,0,178,261
02/18/2013,RNM,CA,AWP,WE,Federal Contract Tower,0,0,4,0,4,0,0,85,0,85,0,0,89,0,89,208,0,208,297
02/19/2013,RNM,CA,AWP,WE,Federal Contract Tower,0,0,2,0,2,0,0,11,0,11,0,0,13,0,13,84,0,84,97
02/20/2013,RNM,CA,AWP,WE,Federal Contract Tower,0,0,5,0,5,0,0,31,2,33,0,0,36,2,38,140,2,142,180
02/21/2013,RNM,CA,AWP,WE,Federal Contract Tower,0,0,7,0,7,0,0,21,0,21,0,0,28,0,28,110,0,110,138
02/22/2013,RNM,CA,AWP,WE,Federal Contract Tower,0,0,1,0,1,0,0,83,4,87,0,0,84,4,88,33,0,33,121
02/23/2013,RNM,CA,AWP,WE,Federal Contract Tower,0,0,5,0,5,0,0,143,0,143,0,0,148,0,148,348,0,348,496
02/24/2013,RNM,CA,AWP,WE,Federal Contract Tower,0,0,5,0,5,0,0,44,0,44,0,0,49,0,49,84,0,84,133
02/25/2013,RNM,CA,AWP,WE,Federal Contract Tower,0,1,1,0,2,0,1,87,0,88,0,2,88,0,90,334,0,334,424
02/26/2013,RNM,CA,AWP,WE,Federal Contract Tower,0,0,6,0,6,0,0,99,2,101,0,0,105,2,107,324,2,326,433
02/27/2013,RNM,CA,AWP,WE,Federal Contract Tower,0,1,7,0,8,0,0,71,4,75,0,1,78,4,83,242,6,248,331
02/28/2013,RNM,CA,AWP,WE,Federal Contract Tower,0,0,1,0,1,0,0,61,0,61,0,0,62,0,62,219,0,219,281
03/01/2013,RNM,CA,AWP,WE,Federal Contract Tower,0,0,6,0,6,0,0,37,2,39,0,0,43,2,45,126,2,128,173
03/02/2013,RNM,CA,AWP,WE,Federal Contract Tower,0,0,5,0,5,0,0,150,0,150,0,0,155,0,155,360,0,360,515
03/03/2013,RNM,CA,AWP,WE,Federal Contract Tower,0,0,1,0,1,0,0,82,0,82,0,0,83,0,83,242,0,242,325
03/04/2013,RNM,CA,AWP,WE,Federal Contract Tower,0,0,2,0,2,0,0,40,0,40,0,0,42,0,42,186,0,186,228
03/05/2013,RNM,CA,AWP,WE,Federal Contract Tower,0,2,4,0,6,0,0,39,0,39,0,2,43,0,45,142,0,142,187
03/06/2013,RNM,CA,AWP,WE,Federal Contract Tower,0,0,5,0,5,0,0,59,4,63,0,0,64,4,68,270,2,272,340
03/07/2013,RNM,CA,AWP,WE,Federal Contract Tower,0,0,5,0,5,0,0,15,0,15,0,0,20,0,20,132,0,132,152
03/08/2013,RNM,CA,AWP,WE,Federal Contract Tower,0,0,1,0,1,0,0,16,0,16,0,0,17,0,17,108,0,108,125
03/09/2013,RNM,CA,AWP,WE,Federal Contract Tower,0,0,6,0,6,0,0,25,0,25,0,0,31,0,31,206,0,206,237
03/10/2013,RNM,CA,AWP,WE,Federal Contract Tower,0,0,4,0,4,0,0,148,0,148,0,0,152,0,152,414,0,414,566
03/11/2013,RNM,CA,AWP,WE,Federal Contract Tower,0,0,3,0,3,0,0,97,2,99,0,0,100,2,102,250,0,250,352
03/12/2013,RNM,CA,AWP,WE,Federal Contract Tower,0,0,4,0,4,0,0,92,6,98,0,0,96,6,102,504,12,516,618
03/13/2013,RNM,CA,AWP,WE,Federal Contract Tower,0,0,4,0,4,0,0,108,4,112,0,0,112,4,116,452,0,452,568
03/14/2013,RNM,CA,AWP,WE,Federal Contract Tower,0,0,9,0,9,0,0,79,0,79,0,0,88,0,88,152,0,152,240
03/15/2013,RNM,CA,AWP,WE,Federal Contract Tower,0,0,7,0,7,0,0,88,0,88,0,0,95,0,95,302,0,302,397
03/16/2013,RNM,CA,AWP,WE,Federal Contract Tower,0,0,1,0,1,0,0,103,0,103,0,0,104,0,104,260,0,260,364
03/17/2013,RNM,CA,AWP,WE,Federal Contract Tower,0,0,3,0,3,0,0,73,0,73,0,0,76,0,76,158,0,158,234
03/18/2013,RNM,CA,AWP,WE,Federal Contract Tower,0,0,5,0,5,0,0,75,0,75,0,0,80,0,80,244,0,244,324
03/19/2013,RNM,CA,AWP,WE,Federal Contract Tower,0,0,6,0,6,0,0,74,2,76,0,0,80,2,82,332,0,332,414
03/20/2013,RNM,CA,AWP,WE,Federal Contract Tower,0,0,4,0,4,0,0,82,0,82,0,0,86,0,86,328,0,328,414
03/21/2013,RNM,CA,AWP,WE,Federal Contract Tower,0,0,6,0,6,0,0,70,6,76,0,0,76,6,82,184,14,198,280
03/22/2013,RNM,CA,AWP,WE,Federal Contract Tower,0,0,9,0,9,0,0,75,0,75,0,0,84,0,84,384,0,384,468
03/23/2013,RNM,CA,AWP,WE,Federal Contract Tower,0,0,4,0,4,0,0,77,0,77,0,0,81,0,81,212,0,212,293
03/24/2013,RNM,CA,AWP,WE,Federal Contract Tower,0,0,6,0,6,0,0,119,0,119,0,0,125,0,125,288,0,288,413
03/25/2013,RNM,CA,AWP,WE,Federal Contract Tower,0,2,2,0,4,0,0,82,2,84,0,2,84,2,88,304,6,310,398
03/26/2013,RNM,CA,AWP,WE,Federal Contract Tower,0,0,3,0,3,0,0,62,2,64,0,0,65,2,67,190,0,190,257
03/27/2013,RNM,CA,AWP,WE,Federal Contract Tower,0,0,8,0,8,0,0,97,0,97,0,0,105,0,105,368,0,368,473
03/28/2013,RNM,CA,AWP,WE,Federal Contract Tower,0,3,4,0,7,0,0,91,0,91,0,3,95,0,98,268,0,268,366
03/29/2013,RNM,CA,AWP,WE,Federal Contract Tower,0,0,6,0,6,0,0,96,0,96,0,0,102,0,102,414,0,414,516
03/30/2013,RNM,CA,AWP,WE,Federal Contract Tower,0,0,4,0,4,0,0,130,0,130,0,0,134,0,134,260,0,260,394
03/31/2013,RNM,CA,AWP,WE,Federal Contract Tower,0,0,10,0,10,0,0,63,0,63,0,0,73,0,73,158,0,158,231
04/01/2013,RNM,CA,AWP,WE,Federal Contract Tower,0,0,10,0,10,0,0,22,0,22,0,0,32,0,32,72,0,72,104
04/02/2013,RNM,CA,AWP,WE,Federal Contract Tower,0,0,8,0,8,0,0,90,0,90,0,0,98,0,98,236,0,236,334
04/03/2013,RNM,CA,AWP,WE,Federal Contract Tower,0,0,10,0,10,0,0,109,2,111,0,0,119,2,121,330,0,330,451
04/04/2013,RNM,CA,AWP,WE,Federal Contract Tower,0,0,5,0,5,0,0,109,0,109,0,0,114,0,114,360,0,360,474
04/05/2013,RNM,CA,AWP,WE,Federal Contract Tower,0,0,7,0,7,0,0,41,0,41,0,0,48,0,48,212,0,212,260
04/06/2013,RNM,CA,AWP,WE,Federal Contract Tower,0,0,5,0,5,0,0,98,0,98,0,0,103,0,103,196,0,196,299
04/07/2013,RNM,CA,AWP,WE,Federal Contract Tower,0,0,5,0,5,0,0,57,0,57,0,0,62,0,62,180,0,180,242
04/08/2013,RNM,CA,AWP,WE,Federal Contract Tower,0,2,3,0,5,0,0,4,0,4,0,2,7,0,9,28,0,28,37
04/09/2013,RNM,CA,AWP,WE,Federal Contract Tower,0,0,2,0,2,0,0,88,6,94,0,0,90,6,96,306,0,306,402
04/10/2013,RNM,CA,AWP,WE,Federal Contract Tower,0,0,2,0,2,0,0,96,0,96,0,0,98,0,98,278,0,278,376
04/11/2013,RNM,CA,AWP,WE,Federal Contract Tower,0,0,5,0,5,0,0,75,0,75,0,0,80,0,80,254,0,254,334
04/12/2013,RNM,CA,AWP,WE,Federal Contract Tower,0,0,4,0,4,0,0,104,0,104,0,0,108,0,108,360,0,360,468
04/13/2013,RNM,CA,AWP,WE,Federal Contract Tower,0,0,5,0,5,0,0,77,0,77,0,0,82,0,82,232,0,232,314
04/14/2013,RNM,CA,AWP,WE,Federal Contract Tower,0,0,11,0,11,0,0,6,0,6,0,0,17,0,17,0,0,0,17
04/15/2013,RNM,CA,AWP,WE,Federal Contract Tower,0,0,4,0,4,0,0,6,0,6,0,0,10,0,10,40,0,40,50
04/16/2013,RNM,CA,AWP,WE,Federal Contract Tower,0,0,3,0,3,0,0,50,2,52,0,0,53,2,55,176,2,178,233
04/17/2013,RNM,CA,AWP,WE,Federal Contract Tower,0,0,3,0,3,0,0,79,2,81,0,0,82,2,84,226,2,228,312
04/18/2013,RNM,CA,AWP,WE,Federal Contract Tower,0,0,4,0,4,0,0,86,2,88,0,0,90,2,92,194,0,194,286
04/19/2013,RNM,CA,AWP,WE,Federal Contract Tower,0,0,4,0,4,0,0,127,0,127,0,0,131,0,131,170,0,170,301
04/20/2013,RNM,CA,AWP,WE,Federal Contract Tower,0,0,7,0,7,0,0,162,0,162,0,0,169,0,169,314,0,314,483
04/21/2013,RNM,CA,AWP,WE,Federal Contract Tower,0,2,2,0,4,0,0,107,0,107,0,2,109,0,111,154,0,154,265
04/22/2013,RNM,CA,AWP,WE,Federal Contract Tower,0,0,4,0,4,0,0,73,0,73,0,0,77,0,77,244,0,244,321
04/23/2013,RNM,CA,AWP,WE,Federal Contract Tower,0,0,4,0,4,0,0,82,2,84,0,0,86,2,88,254,2,256,344
04/24/2013,RNM,CA,AWP,WE,Federal Contract Tower,0,0,6,0,6,0,0,15,0,15,0,0,21,0,21,166,0,166,187
04/25/2013,RNM,CA,AWP,WE,Federal Contract Tower,0,0,7,0,7,0,0,88,0,88,0,0,95,0,95,386,0,386,481
04/26/2013,RNM,CA,AWP,WE,Federal Contract Tower,0,0,4,0,4,0,0,124,0,124,0,0,128,0,128,354,0,354,482
04/27/2013,RNM,CA,AWP,WE,Federal Contract Tower,0,1,7,0,8,0,0,109,0,109,0,1,116,0,117,274,0,274,391
04/28/2013,RNM,CA,AWP,WE,Federal Contract Tower,0,0,6,0,6,0,0,114,0,114,0,0,120,0,120,184,0,184,304
04/29/2013,RNM,CA,AWP,WE,Federal Contract Tower,0,0,4,0,4,0,0,65,0,65,0,0,69,0,69,286,0,286,355
04/30/2013,RNM,CA,AWP,WE,Federal Contract Tower,0,0,2,0,2,0,0,52,0,52,0,0,54,0,54,320,0,320,374
05/01/2013,RNM,CA,AWP,WE,Federal Contract Tower,0,0,0,0,0,0,0,86,0,86,0,0,86,0,86,258,0,258,344
05/02/2013,RNM,CA,AWP,WE,Federal Contract Tower,0,1,2,0,3,0,0,66,0,66,0,1,68,0,69,134,0,134,203
05/03/2013,RNM,CA,AWP,WE,Federal Contract Tower,0,2,2,0,4,0,0,103,2,105,0,2,105,2,109,404,0,404,513
05/04/2013,RNM,CA,AWP,WE,Federal Contract Tower,0,0,7,0,7,0,0,102,0,102,0,0,109,0,109,403,0,403,512
05/05/2013,RNM,CA,AWP,WE,Federal Contract Tower,0,0,8,0,8,0,0,14,0,14,0,0,22,0,22,10,0,10,32
05/06/2013,RNM,CA,AWP,WE,Federal Contract Tower,0,0,7,0,7,0,0,5,0,5,0,0,12,0,12,26,0,26,38
05/07/2013,RNM,CA,AWP,WE,Federal Contract Tower,0,0,6,0,6,0,0,27,2,29,0,0,33,2,35,126,4,130,165
05/08/2013,RNM,CA,AWP,WE,Federal Contract Tower,0,2,2,0,4,0,0,54,0,54,0,2,56,0,58,258,0,258,316
05/09/2013,RNM,CA,AWP,WE,Federal Contract Tower,0,0,15,0,15,0,0,64,0,64,0,0,79,0,79,416,0,416,495
05/10/2013,RNM,CA,AWP,WE,Federal Contract Tower,0,0,4,0,4,0,0,127,0,127,0,0,131,0,131,342,0,342,473
05/11/2013,RNM,CA,AWP,WE,Federal Contract Tower,0,0,0,0,0,0,0,98,0,98,0,0,98,0,98,260,0,260,358
05/12/2013,RNM,CA,AWP,WE,Federal Contract Tower,0,0,0,0,0,0,0,93,0,93,0,0,93,0,93,162,0,162,255
05/13/2013,RNM,CA,AWP,WE,Federal Contract Tower,0,0,6,0,6,0,0,86,0,86,0,0,92,0,92,132,0,132,224
05/14/2013,RNM,CA,AWP,WE,Federal Contract Tower,0,0,7,0,7,0,0,85,2,87,0,0,92,2,94,172,0,172,266
05/15/2013,RNM,CA,AWP,WE,Federal Contract Tower,0,0,3,0,3,0,0,98,0,98,0,0,101,0,101,298,0,298,399
05/16/2013,RNM,CA,AWP,WE,Federal Contract Tower,0,0,6,0,6,0,0,85,0,85,0,0,91,0,91,186,0,186,277
05/17/2013,RNM,CA,AWP,WE,Federal Contract Tower,0,0,5,0,5,0,0,34,0,34,0,0,39,0,39,84,0,84,123
05/18/2013,RNM,CA,AWP,WE,Federal Contract Tower,0,0,10,0,10,0,0,88,0,88,0,0,98,0,98,306,0,306,404
05/19/2013,RNM,CA,AWP,WE,Federal Contract Tower,0,0,7,0,7,0,0,90,0,90,0,0,97,0,97,150,0,150,247
05/20/2013,RNM,CA,AWP,WE,Federal Contract Tower,0,0,2,0,2,0,0,102,0,102,0,0,104,0,104,230,0,230,334
05/21/2013,RNM,CA,AWP,WE,Federal Contract Tower,0,0,4,0,4,0,0,98,4,102,0,0,102,4,106,326,10,336,442
05/22/2013,RNM,CA,AWP,WE,Federal Contract Tower,0,0,5,0,5,0,0,103,2,105,0,0,108,2,110,202,2,204,314
05/23/2013,RNM,CA,AWP,WE,Federal Contract Tower,0,0,13,0,13,0,0,117,0,117,0,0,130,0,130,248,0,248,378
05/24/2013,RNM,CA,AWP,WE,Federal Contract Tower,0,0,9,0,9,0,0,150,0,150,0,0,159,0,159,128,0,128,287
05/25/2013,RNM,CA,AWP,WE,Federal Contract Tower,0,0,7,0,7,0,0,104,0,104,0,0,111,0,111,168,0,168,279
05/26/2013,RNM,CA,AWP,WE,Federal Contract Tower,0,0,4,0,4,0,0,116,0,116,0,0,120,0,120,149,0,149,269
05/27/2013,RNM,CA,AWP,WE,Federal Contract Tower,0,0,7,0,7,0,0,111,2,113,0,0,118,2,120,233,4,237,357
05/28/2013,RNM,CA,AWP,WE,Federal Contract Tower,0,0,5,0,5,0,0,80,2,82,0,0,85,2,87,222,4,226,313
05/29/2013,RNM,CA,AWP,WE,Federal Contract Tower,0,0,8,0,8,0,0,105,0,105,0,0,113,0,113,338,0,338,451
05/30/2013,RNM,CA,AWP,WE,Federal Contract Tower,0,2,3,0,5,0,0,140,0,140,0,2,143,0,145,382,0,382,527
05/31/2013,RNM,CA,AWP,WE,Federal Contract Tower,0,0,4,0,4,0,0,116,0,116,0,0,120,0,120,212,0,212,332
06/01/2013,RNM,CA,AWP,WE,Federal Contract Tower,0,0,2,0,2,0,0,91,0,91,0,0,93,0,93,288,0,288,381
06/02/2013,RNM,CA,AWP,WE,Federal Contract Tower,0,0,11,0,11,0,0,130,0,130,0,0,141,0,141,142,0,142,283
06/03/2013,RNM,CA,AWP,WE,Federal Contract Tower,0,0,3,0,3,0,0,99,4,103,0,0,102,4,106,218,0,218,324
06/04/2013,RNM,CA,AWP,WE,Federal Contract Tower,0,0,6,0,6,0,0,98,0,98,0,0,104,0,104,374,0,374,478
06/05/2013,RNM,CA,AWP,WE,Federal Contract Tower,0,0,8,0,8,0,0,89,0,89,0,0,97,0,97,168,0,168,265
06/06/2013,RNM,CA,AWP,WE,Federal Contract Tower,0,0,8,0,8,0,0,91,0,91,0,0,99,0,99,339,0,339,438
06/07/2013,RNM,CA,AWP,WE,Federal Contract Tower,0,0,7,0,7,0,0,91,0,91,0,0,98,0,98,236,0,236,334
06/08/2013,RNM,CA,AWP,WE,Federal Contract Tower,0,0,6,0,6,0,0,131,0,131,0,0,137,0,137,209,0,209,346
06/09/2013,RNM,CA,AWP,WE,Federal Contract Tower,0,0,5,0,5,0,0,114,0,114,0,0,119,0,119,160,0,160,279
06/10/2013,RNM,CA,AWP,WE,Federal Contract Tower,0,0,4,0,4,0,0,97,0,97,0,0,101,0,101,180,0,180,281
06/11/2013,RNM,CA,AWP,WE,Federal Contract Tower,0,1,6,0,7,0,0,104,2,106,0,1,110,2,113,33,0,33,146
06/12/2013,RNM,CA,AWP,WE,Federal Contract Tower,0,0,12,0,12,0,0,62,2,64,0,0,74,2,76,148,0,148,224
06/13/2013,RNM,CA,AWP,WE,Federal Contract Tower,0,1,3,0,4,0,0,97,0,97,0,1,100,0,101,282,0,282,383
06/14/2013,RNM,CA,AWP,WE,Federal Contract Tower,0,0,7,0,7,0,0,121,0,121,0,0,128,0,128,350,0,350,478
06/15/2013,RNM,CA,AWP,WE,Federal Contract Tower,0,0,5,0,5,0,0,92,0,92,0,0,97,0,97,261,0,261,358
06/16/2013,RNM,CA,AWP,WE,Federal Contract Tower,0,0,5,0,5,0,0,127,0,127,0,0,132,0,132,182,0,182,314
06/17/2013,RNM,CA,AWP,WE,Federal Contract Tower,0,0,2,0,2,0,0,100,2,102,0,0,102,2,104,258,4,262,366
06/18/2013,RNM,CA,AWP,WE,Federal Contract Tower,0,0,6,0,6,0,0,99,0,99,0,0,105,0,105,328,0,328,433
06/19/2013,RNM,CA,AWP,WE,Federal Contract Tower,0,0,6,0,6,0,0,96,2,98,0,0,102,2,104,318,2,320,424
06/20/2013,RNM,CA,AWP,WE,Federal Contract Tower,0,0,5,0,5,0,0,116,0,116,0,0,121,0,121,374,0,374,495
06/21/2013,RNM,CA,AWP,WE,Federal Contract Tower,0,0,6,0,6,0,0,102,0,102,0,0,108,0,108,322,0,322,430
06/22/2013,RNM,CA,AWP,WE,Federal Contract Tower,0,0,1,0,1,0,0,108,0,108,0,0,109,0,109,254,0,254,363
06/23/2013,RNM,CA,AWP,WE,Federal Contract Tower,0,0,5,0,5,0,0,70,0,70,0,0,75,0,75,228,0,228,303
06/24/2013,RNM,CA,AWP,WE,Federal Contract Tower,0,0,7,0,7,0,0,95,2,97,0,0,102,2,104,210,0,210,314
06/25/2013,RNM,CA,AWP,WE,Federal Contract Tower,0,0,5,0,5,0,0,68,2,70,0,0,73,2,75,300,0,300,375
06/26/2013,RNM,CA,AWP,WE,Federal Contract Tower,0,0,7,0,7,0,0,106,0,106,0,0,113,0,113,234,0,234,347
06/27/2013,RNM,CA,AWP,WE,Federal Contract Tower,0,0,2,0,2,0,0,118,0,118,0,0,120,0,120,260,0,260,380
06/28/2013,RNM,CA,AWP,WE,Federal Contract Tower,0,0,2,0,2,0,0,108,2,110,0,0,110,2,112,225,10,235,347
06/29/2013,RNM,CA,AWP,WE,Federal Contract Tower,0,0,1,0,1,0,0,86,0,86,0,0,87,0,87,240,0,240,327
06/30/2013,RNM,CA,AWP,WE,Federal Contract Tower,0,0,4,0,4,0,0,54,0,54,0,0,58,0,58,134,0,134,192
07/01/2013,RNM,CA,AWP,WE,Federal Contract Tower,0,0,1,0,1,0,0,102,0,102,0,0,103,0,103,386,0,386,489
07/02/2013,RNM,CA,AWP,WE,Federal Contract Tower,0,0,6,0,6,0,0,101,0,101,0,0,107,0,107,220,0,220,327
07/03/2013,RNM,CA,AWP,WE,Federal Contract Tower,0,0,3,0,3,0,0,121,0,121,0,0,124,0,124,272,0,272,396
07/04/2013,RNM,CA,AWP,WE,Federal Contract Tower,0,0,2,0,2,0,0,84,0,84,0,0,86,0,86,130,0,130,216
07/05/2013,RNM,CA,AWP,WE,Federal Contract Tower,0,0,4,0,4,0,0,91,0,91,0,0,95,0,95,260,0,260,355
07/06/2013,RNM,CA,AWP,WE,Federal Contract Tower,0,0,6,0,6,0,0,172,0,172,0,0,178,0,178,272,0,272,450
07/07/2013,RNM,CA,AWP,WE,Federal Contract Tower,0,0,4,0,4,0,0,220,0,220,0,0,224,0,224,132,0,132,356
07/08/2013,RNM,CA,AWP,WE,Federal Contract Tower,0,0,7,0,7,0,0,238,0,238,0,0,245,0,245,198,0,198,443
07/09/2013,RNM,CA,AWP,WE,Federal Contract Tower,0,0,11,0,11,0,0,183,4,187,0,0,194,4,198,231,0,231,429
07/10/2013,RNM,CA,AWP,WE,Federal Contract Tower,0,0,8,0,8,0,0,119,0,119,0,0,127,0,127,366,0,366,493
07/11/2013,RNM,CA,AWP,WE,Federal Contract Tower,0,1,8,0,9,0,0,68,2,70,0,1,76,2,79,378,4,382,461
07/12/2013,RNM,CA,AWP,WE,Federal Contract Tower,0,0,6,2,8,0,0,131,14,145,0,0,137,16,153,504,0,504,657
07/13/2013,RNM,CA,AWP,WE,Federal Contract Tower,0,0,3,0,3,0,0,97,0,97,0,0,100,0,100,264,0,264,364
07/14/2013,RNM,CA,AWP,WE,Federal Contract Tower,0,0,3,0,3,0,0,48,0,48,0,0,51,0,51,210,0,210,261
07/15/2013,RNM,CA,AWP,WE,Federal Contract Tower,0,0,4,0,4,0,0,70,2,72,0,0,74,2,76,261,0,261,337
07/16/2013,RNM,CA,AWP,WE,Federal Contract Tower,0,2,3,0,5,0,0,118,0,118,0,2,121,0,123,380,0,380,503
07/17/2013,RNM,CA,AWP,WE,Federal Contract Tower,0,2,6,0,8,0,0,108,8,116,0,2,114,8,124,236,2,238,362
07/18/2013,RNM,CA,AWP,WE,Federal Contract Tower,0,0,3,0,3,0,0,75,0,75,0,0,78,0,78,394,0,394,472
07/19/2013,RNM,CA,AWP,WE,Federal Contract Tower,0,0,3,0,3,0,0,120,2,122,0,0,123,2,125,452,0,452,577
07/20/2013,RNM,CA,AWP,WE,Federal Contract Tower,0,0,0,0,0,0,0,61,0,61,0,0,61,0,61,369,0,369,430
07/21/2013,RNM,CA,AWP,WE,Federal Contract Tower,0,0,4,0,4,0,0,27,0,27,0,0,31,0,31,100,0,100,131
07/22/2013,RNM,CA,AWP,WE,Federal Contract Tower,0,0,12,0,12,0,0,57,2,59,0,0,69,2,71,303,0,303,374
07/23/2013,RNM,CA,AWP,WE,Federal Contract Tower,0,0,5,0,5,0,0,98,2,100,0,0,103,2,105,364,2,366,471
07/24/2013,RNM,CA,AWP,WE,Federal Contract Tower,0,7,0,0,7,0,0,92,0,92,0,7,92,0,99,350,0,350,449
07/25/2013,RNM,CA,AWP,WE,Federal Contract Tower,0,0,6,0,6,0,0,73,6,79,0,0,79,6,85,30,0,30,115
07/26/2013,RNM,CA,AWP,WE,Federal Contract Tower,0,0,2,0,2,0,0,101,2,103,0,0,103,2,105,448,2,450,555
07/27/2013,RNM,CA,AWP,WE,Federal Contract Tower,0,0,6,0,6,0,0,97,0,97,0,0,103,0,103,390,0,390,493
07/28/2013,RNM,CA,AWP,WE,Federal Contract Tower,0,0,5,0,5,0,0,61,0,61,0,0,66,0,66,240,0,240,306
07/29/2013,RNM,CA,AWP,WE,Federal Contract Tower,0,0,3,0,3,0,0,79,0,79,0,0,82,0,82,232,0,232,314
07/30/2013,RNM,CA,AWP,WE,Federal Contract Tower,0,0,2,0,2,0,0,104,2,106,0,0,106,2,108,308,0,308,416
07/31/2013,RNM,CA,AWP,WE,Federal Contract Tower,0,0,14,0,14,0,0,86,0,86,0,0,100,0,100,266,0,266,366
08/01/2013,RNM,CA,AWP,WE,Federal Contract Tower,0,0,4,0,4,0,0,67,6,73,0,0,71,6,77,284,10,294,371
08/02/2013,RNM,CA,AWP,WE,Federal Contract Tower,0,0,8,0,8,0,0,108,2,110,0,0,116,2,118,382,4,386,504
08/03/2013,RNM,CA,AWP,WE,Federal Contract Tower,1,0,0,0,1,0,0,81,0,81,1,0,81,0,82,378,0,378,460
08/04/2013,RNM,CA,AWP,WE,Federal Contract Tower,0,0,0,0,0,0,0,19,0,19,0,0,19,0,19,246,0,246,265
08/05/2013,RNM,CA,AWP,WE,Federal Contract Tower,0,0,7,0,7,0,0,91,2,93,0,0,98,2,100,272,2,274,374
08/06/2013,RNM,CA,AWP,WE,Federal Contract Tower,0,2,5,0,7,0,0,86,2,88,0,2,91,2,95,266,2,268,363
08/07/2013,RNM,CA,AWP,WE,Federal Contract Tower,0,0,2,0,2,0,0,66,0,66,0,0,68,0,68,210,0,210,278
08/08/2013,RNM,CA,AWP,WE,Federal Contract Tower,0,0,2,0,2,0,0,123,2,125,0,0,125,2,127,388,8,396,523
08/09/2013,RNM,CA,AWP,WE,Federal Contract Tower,0,0,7,0,7,0,0,96,2,98,0,0,103,2,105,314,4,318,423
08/10/2013,RNM,CA,AWP,WE,Federal Contract Tower,0,0,5,0,5,0,0,96,0,96,0,0,101,0,101,296,0,296,397
08/11/2013,RNM,CA,AWP,WE,Federal Contract Tower,0,0,2,0,2,0,0,90,0,90,0,0,92,0,92,339,0,339,431
08/12/2013,RNM,CA,AWP,WE,Federal Contract Tower,0,0,2,0,2,0,0,86,0,86,0,0,88,0,88,298,0,298,386
08/13/2013,RNM,CA,AWP,WE,Federal Contract Tower,0,0,4,0,4,0,0,112,2,114,0,0,116,2,118,400,2,402,520
08/14/2013,RNM,CA,AWP,WE,Federal Contract Tower,0,0,7,0,7,0,0,89,0,89,0,0,96,0,96,356,0,356,452
08/15/2013,RNM,CA,AWP,WE,Federal Contract Tower,0,2,4,0,6,0,0,73,0,73,0,2,77,0,79,22,0,22,101
08/16/2013,RNM,CA,AWP,WE,Federal Contract Tower,0,0,6,0,6,0,0,113,2,115,0,0,119,2,121,528,2,530,651
08/17/2013,RNM,CA,AWP,WE,Federal Contract Tower,0,0,3,0,3,0,0,81,0,81,0,0,84,0,84,387,0,387,471
08/18/2013,RNM,CA,AWP,WE,Federal Contract Tower,0,0,5,0,5,0,0,103,0,103,0,0,108,0,108,328,0,328,436
08/19/2013,RNM,CA,AWP,WE,Federal Contract Tower,0,0,9,0,9,0,0,110,2,112,0,0,119,2,121,411,6,417,538
08/20/2013,RNM,CA,AWP,WE,Federal Contract Tower,0,0,6,0,6,0,0,108,4,112,0,0,114,4,118,332,8,340,458
08/21/2013,RNM,CA,AWP,WE,Federal Contract Tower,0,0,2,0,2,0,0,107,0,107,0,0,109,0,109,282,0,282,391
08/22/2013,RNM,CA,AWP,WE,Federal Contract Tower,0,0,8,0,8,0,0,68,0,68,0,0,76,0,76,340,0,340,416
08/23/2013,RNM,CA,AWP,WE,Federal Contract Tower,0,0,1,0,1,0,0,120,0,120,0,0,121,0,121,434,0,434,555
08/24/2013,RNM,CA,AWP,WE,Federal Contract Tower,0,0,3,0,3,0,0,83,0,83,0,0,86,0,86,258,0,258,344
08/25/2013,RNM,CA,AWP,WE,Federal Contract Tower,0,0,6,0,6,0,0,57,0,57,0,0,63,0,63,225,0,225,288
08/26/2013,RNM,CA,AWP,WE,Federal Contract Tower,0,0,4,0,4,0,0,87,0,87,0,0,91,0,91,335,0,335,426
08/27/2013,RNM,CA,AWP,WE,Federal Contract Tower,0,0,8,0,8,0,0,81,4,85,0,0,89,4,93,220,8,228,321
08/28/2013,RNM,CA,AWP,WE,Federal Contract Tower,0,0,0,0,0,0,0,76,2,78,0,0,76,2,78,404,0,404,482
08/29/2013,RNM,CA,AWP,WE,Federal Contract Tower,0,0,2,0,2,0,0,79,2,81,0,0,81,2,83,362,6,368,451
08/30/2013,RNM,CA,AWP,WE,Federal Contract Tower,0,0,1,0,1,0,0,101,0,101,0,0,102,0,102,492,0,492,594
08/31/2013,RNM,CA,AWP,WE,Federal Contract Tower,0,0,4,0,4,0,0,88,0,88,0,0,92,0,92,416,0,416,508
09/01/2013,RNM,CA,AWP,WE,Federal Contract Tower,0,0,2,0,2,0,0,47,0,47,0,0,49,0,49,190,0,190,239
09/02/2013,RNM,CA,AWP,WE,Federal Contract Tower,0,0,3,0,3,0,0,114,0,114,0,0,117,0,117,345,0,345,462
09/03/2013,RNM,CA,AWP,WE,Federal Contract Tower,0,0,4,0,4,0,0,82,0,82,0,0,86,0,86,364,0,364,450
09/04/2013,RNM,CA,AWP,WE,Federal Contract Tower,0,0,2,0,2,0,0,85,2,87,0,0,87,2,89,278,6,284,373
09/05/2013,RNM,CA,AWP,WE,Federal Contract Tower,0,0,3,0,3,0,0,79,4,83,0,0,82,4,86,366,6,372,458
09/06/2013,RNM,CA,AWP,WE,Federal Contract Tower,0,0,5,0,5,0,0,92,0,92,0,0,97,0,97,270,0,270,367
09/07/2013,RNM,CA,AWP,WE,Federal Contract Tower,0,0,4,0,4,0,0,122,0,122,0,0,126,0,126,440,0,440,566
09/08/2013,RNM,CA,AWP,WE,Federal Contract Tower,0,0,5,0,5,0,0,92,0,92,0,0,97,0,97,196,0,196,293
09/09/2013,RNM,CA,AWP,WE,Federal Contract Tower,0,0,5,0,5,0,0,128,0,128,0,0,133,0,133,220,0,220,353
09/10/2013,RNM,CA,AWP,WE,Federal Contract Tower,0,0,8,0,8,0,0,114,0,114,0,0,122,0,122,30,0,30,152
09/11/2013,RNM,CA,AWP,WE,Federal Contract Tower,0,0,7,0,7,0,0,64,2,66,0,0,71,2,73,238,18,256,329
09/12/2013,RNM,CA,AWP,WE,Federal Contract Tower,0,0,4,0,4,0,0,79,2,81,0,0,83,2,85,316,2,318,403
09/13/2013,RNM,CA,AWP,WE,Federal Contract Tower,0,0,5,0,5,0,0,133,0,133,0,0,138,0,138,434,0,434,572
09/14/2013,RNM,CA,AWP,WE,Federal Contract Tower,0,0,3,0,3,0,0,98,0,98,0,0,101,0,101,324,0,324,425
09/15/2013,RNM,CA,AWP,WE,Federal Contract Tower,0,0,1,0,1,0,0,82,0,82,0,0,83,0,83,146,0,146,229
09/16/2013,RNM,CA,AWP,WE,Federal Contract Tower,0,0,0,0,0,0,0,77,0,77,0,0,77,0,77,320,0,320,397
09/17/2013,RNM,CA,AWP,WE,Federal Contract Tower,0,0,5,0,5,0,0,78,0,78,0,0,83,0,83,304,0,304,387
09/18/2013,RNM,CA,AWP,WE,Federal Contract Tower,0,2,3,0,5,0,0,103,2,105,0,2,106,2,110,488,2,490,600
09/19/2013,RNM,CA,AWP,WE,Federal Contract Tower,0,0,2,0,2,0,0,75,0,75,0,0,77,0,77,332,0,332,409
09/20/2013,RNM,CA,AWP,WE,Federal Contract Tower,0,0,8,0,8,0,0,70,0,70,0,0,78,0,78,384,0,384,462
09/21/2013,RNM,CA,AWP,WE,Federal Contract Tower,0,0,4,0,4,0,0,85,0,85,0,0,89,0,89,232,0,232,321
09/22/2013,RNM,CA,AWP,WE,Federal Contract Tower,0,0,2,0,2,0,0,65,0,65,0,0,67,0,67,220,0,220,287
09/23/2013,RNM,CA,AWP,WE,Federal Contract Tower,0,0,6,0,6,0,0,84,0,84,0,0,90,0,90,245,0,245,335
09/24/2013,RNM,CA,AWP,WE,Federal Contract Tower,0,0,2,0,2,0,0,88,2,90,0,0,90,2,92,230,4,234,326
09/25/2013,RNM,CA,AWP,WE,Federal Contract Tower,0,0,2,0,2,0,0,78,2,80,0,0,80,2,82,186,0,186,268
09/26/2013,RNM,CA,AWP,WE,Federal Contract Tower,0,0,12,0,12,0,0,70,4,74,0,0,82,4,86,208,8,216,302
09/27/2013,RNM,CA,AWP,WE,Federal Contract Tower,0,0,5,0,5,0,0,106,0,106,0,0,111,0,111,470,0,470,581
09/28/2013,RNM,CA,AWP,WE,Federal Contract Tower,0,0,1,0,1,0,0,112,0,112,0,0,113,0,113,255,0,255,368
09/29/2013,RNM,CA,AWP,WE,Federal Contract Tower,0,0,1,0,1,0,0,64,0,64,0,0,65,0,65,164,0,164,229
09/30/2013,RNM,CA,AWP,WE,Federal Contract Tower,0,0,4,0,4,0,0,85,0,85,0,0,89,0,89,316,0,316,405
10/01/2013,RNM,CA,AWP,WE,Federal Contract Tower,0,0,2,0,2,0,0,83,4,87,0,0,85,4,89,294,6,300,389
10/02/2013,RNM,CA,AWP,WE,Federal Contract Tower,0,1,2,0,3,0,0,75,0,75,0,1,77,0,78,252,0,252,330
10/03/2013,RNM,CA,AWP,WE,Federal Contract Tower,0,0,3,0,3,0,0,67,2,69,0,0,70,2,72,228,4,232,304
10/04/2013,RNM,CA,AWP,WE,Federal Contract Tower,0,0,6,0,6,0,0,63,0,63,0,0,69,0,69,308,0,308,377
10/05/2013,RNM,CA,AWP,WE,Federal Contract Tower,0,0,1,0,1,0,0,53,0,53,0,0,54,0,54,90,0,90,144
10/06/2013,RNM,CA,AWP,WE,Federal Contract Tower,0,0,2,0,2,0,0,69,0,69,0,0,71,0,71,135,0,135,206
10/07/2013,RNM,CA,AWP,WE,Federal Contract Tower,0,0,2,0,2,0,0,98,0,98,0,0,100,0,100,224,0,224,324
10/08/2013,RNM,CA,AWP,WE,Federal Contract Tower,0,0,5,0,5,0,0,74,0,74,0,0,79,0,79,430,0,430,509
10/09/2013,RNM,CA,AWP,WE,Federal Contract Tower,0,2,3,0,5,0,0,6,0,6,0,2,9,0,11,20,0,20,31
10/10/2013,RNM,CA,AWP,WE,Federal Contract Tower,0,1,5,0,6,0,0,57,0,57,0,1,62,0,63,290,0,290,353
10/11/2013,RNM,CA,AWP,WE,Federal Contract Tower,0,0,7,0,7,0,0,102,2,104,0,0,109,2,111,404,2,406,517
10/12/2013,RNM,CA,AWP,WE,Federal Contract Tower,0,0,4,0,4,0,0,62,0,62,0,0,66,0,66,138,0,138,204
10/13/2013,RNM,CA,AWP,WE,Federal Contract Tower,0,0,3,0,3,0,0,68,0,68,0,0,71,0,71,190,0,190,261
10/14/2013,RNM,CA,AWP,WE,Federal Contract Tower,0,0,1,0,1,0,0,67,0,67,0,0,68,0,68,328,0,328,396
10/15/2013,RNM,CA,AWP,WE,Federal Contract Tower,0,0,0,0,0,0,0,96,0,96,0,0,96,0,96,300,0,300,396
10/16/2013,RNM,CA,AWP,WE,Federal Contract Tower,0,0,1,0,1,0,0,90,2,92,0,0,91,2,93,246,6,252,345
10/17/2013,RNM,CA,AWP,WE,Federal Contract Tower,0,0,1,0,1,0,0,80,4,84,0,0,81,4,85,318,4,322,407
10/18/2013,RNM,CA,AWP,WE,Federal Contract Tower,0,0,1,0,1,0,0,82,0,82,0,0,83,0,83,298,0,298,381
10/19/2013,RNM,CA,AWP,WE,Federal Contract Tower,0,0,1,0,1,0,0,150,0,150,0,0,151,0,151,406,0,406,557
10/20/2013,RNM,CA,AWP,WE,Federal Contract Tower,0,0,2,0,2,0,0,93,0,93,0,0,95,0,95,300,0,300,395
10/21/2013,RNM,CA,AWP,WE,Federal Contract Tower,0,0,6,0,6,0,0,81,0,81,0,0,87,0,87,328,0,328,415
10/22/2013,RNM,CA,AWP,WE,Federal Contract Tower,0,0,5,0,5,0,0,94,0,94,0,0,99,0,99,260,0,260,359
10/23/2013,RNM,CA,AWP,WE,Federal Contract Tower,0,0,3,0,3,0,0,29,0,29,0,0,32,0,32,132,0,132,164
10/24/2013,RNM,CA,AWP,WE,Federal Contract Tower,0,0,6,0,6,0,0,34,2,36,0,0,40,2,42,307,2,309,351
10/25/2013,RNM,CA,AWP,WE,Federal Contract Tower,0,0,6,0,6,0,0,65,0,65,0,0,71,0,71,287,0,287,358
10/26/2013,RNM,CA,AWP,WE,Federal Contract Tower,0,0,2,0,2,0,0,83,2,85,0,0,85,2,87,174,2,176,263
10/27/2013,RNM,CA,AWP,WE,Federal Contract Tower,0,4,6,0,10,0,0,101,0,101,0,4,107,0,111,262,0,262,373
10/28/2013,RNM,CA,AWP,WE,Federal Contract Tower,0,0,5,0,5,0,0,3,0,3,0,0,8,0,8,16,0,16,24
10/29/2013,RNM,CA,AWP,WE,Federal Contract Tower,0,0,6,0,6,0,0,69,4,73,0,0,75,4,79,216,4,220,299
10/30/2013,RNM,CA,AWP,WE,Federal Contract Tower,0,0,1,0,1,0,0,99,4,103,0,0,100,4,104,354,6,360,464
10/31/2013,RNM,CA,AWP,WE,Federal Contract Tower,0,1,3,0,4,0,0,96,4,100,0,1,99,4,104,306,6,312,416
11/01/2013,RNM,CA,AWP,WE,Federal Contract Tower,0,0,1,0,1,0,0,91,2,93,0,0,92,2,94,308,12,320,414
11/02/2013,RNM,CA,AWP,WE,Federal Contract Tower,0,0,1,0,1,0,0,97,0,97,0,0,98,0,98,232,0,232,330
11/03/2013,RNM,CA,AWP,WE,Federal Contract Tower,0,0,8,0,8,0,0,67,0,67,0,0,75,0,75,218,0,218,293
11/04/2013,RNM,CA,AWP,WE,Federal Contract Tower,0,0,9,0,9,0,0,24,0,24,0,0,33,0,33,283,0,283,316
11/05/2013,RNM,CA,AWP,WE,Federal Contract Tower,0,0,2,0,2,0,0,79,2,81,0,0,81,2,83,180,2,182,265
11/06/2013,RNM,CA,AWP,WE,Federal Contract Tower,0,0,11,0,11,0,0,96,0,96,0,0,107,0,107,268,0,268,375
11/07/2013,RNM,CA,AWP,WE,Federal Contract Tower,0,2,5,0,7,0,0,78,4,82,0,2,83,4,89,244,2,246,335
11/08/2013,RNM,CA,AWP,WE,Federal Contract Tower,0,0,3,0,3,0,0,106,0,106,0,0,109,0,109,292,0,292,401
11/09/2013,RNM,CA,AWP,WE,Federal Contract Tower,0,0,0,0,0,0,0,95,0,95,0,0,95,0,95,229,0,229,324
11/10/2013,RNM,CA,AWP,WE,Federal Contract Tower,0,0,2,0,2,0,0,78,0,78,0,0,80,0,80,154,0,154,234
11/11/2013,RNM,CA,AWP,WE,Federal Contract Tower,0,0,9,0,9,0,0,80,0,80,0,0,89,0,89,281,0,281,370
11/12/2013,RNM,CA,AWP,WE,Federal Contract Tower,0,0,1,0,1,0,0,75,0,75,0,0,76,0,76,216,0,216,292
11/13/2013,RNM,CA,AWP,WE,Federal Contract Tower,0,1,1,0,2,0,0,84,0,84,0,1,85,0,86,258,0,258,344
11/14/2013,RNM,CA,AWP,WE,Federal Contract Tower,0,1,2,0,3,0,0,72,6,78,0,1,74,6,81,263,10,273,354
11/15/2013,RNM,CA,AWP,WE,Federal Contract Tower,0,0,8,0,8,0,0,29,0,29,0,0,37,0,37,170,0,170,207
11/16/2013,RNM,CA,AWP,WE,Federal Contract Tower,0,0,10,0,10,0,0,34,0,34,0,0,44,0,44,102,0,102,146
11/17/2013,RNM,CA,AWP,WE,Federal Contract Tower,0,0,4,0,4,0,0,61,0,61,0,0,65,0,65,253,0,253,318
11/18/2013,RNM,CA,AWP,WE,Federal Contract Tower,0,1,14,0,15,0,0,60,0,60,0,1,74,0,75,258,0,258,333
11/19/2013,RNM,CA,AWP,WE,Federal Contract Tower,0,2,13,0,15,0,0,53,4,57,0,2,66,4,72,164,40,204,276
11/20/2013,RNM,CA,AWP,WE,Federal Contract Tower,0,1,12,0,13,0,0,30,0,30,0,1,42,0,43,142,0,142,185
11/21/2013,RNM,CA,AWP,WE,Federal Contract Tower,0,0,5,0,5,0,0,2,0,2,0,0,7,0,7,24,0,24,31
11/22/2013,RNM,CA,AWP,WE,Federal Contract Tower,0,0,7,0,7,0,0,19,4,23,0,0,26,4,30,198,6,204,234
11/23/2013,RNM,CA,AWP,WE,Federal Contract Tower,0,0,3,0,3,0,0,97,0,97,0,0,100,0,100,298,0,298,398
11/24/2013,RNM,CA,AWP,WE,Federal Contract Tower,0,0,2,0,2,0,0,82,2,84,0,0,84,2,86,196,4,200,286
11/25/2013,RNM,CA,AWP,WE,Federal Contract Tower,0,0,5,0,5,0,0,88,2,90,0,0,93,2,95,232,2,234,329
11/26/2013,RNM,CA,AWP,WE,Federal Contract Tower,0,0,0,0,0,0,0,101,0,101,0,0,101,0,101,144,0,144,245
11/27/2013,RNM,CA,AWP,WE,Federal Contract Tower,0,0,5,0,5,0,0,80,0,80,0,0,85,0,85,318,0,318,403
11/28/2013,RNM,CA,AWP,WE,Federal Contract Tower,0,0,1,0,1,0,0,43,0,43,0,0,44,0,44,244,0,244,288
11/29/2013,RNM,CA,AWP,WE,Federal Contract Tower,0,0,1,1,2,0,0,23,2,25,0,0,24,3,27,84,8,92,119
11/30/2013,RNM,CA,AWP,WE,Federal Contract Tower,0,0,3,0,3,0,0,95,0,95,0,0,98,0,98,186,0,186,284
12/01/2013,RNM,CA,AWP,WE,Federal Contract Tower,0,0,4,0,4,0,0,57,0,57,0,0,61,0,61,132,0,132,193
12/02/2013,RNM,CA,AWP,WE,Federal Contract Tower,0,0,1,0,1,0,0,55,0,55,0,0,56,0,56,250,0,250,306
12/03/2013,RNM,CA,AWP,WE,Federal Contract Tower,0,0,2,0,2,0,0,45,0,45,0,0,47,0,47,118,0,118,165
12/04/2013,RNM,CA,AWP,WE,Federal Contract Tower,0,0,5,0,5,0,0,37,0,37,0,0,42,0,42,176,0,176,218
12/05/2013,RNM,CA,AWP,WE,Federal Contract Tower,0,0,1,0,1,0,0,46,2,48,0,0,47,2,49,215,10,225,274
12/06/2013,RNM,CA,AWP,WE,Federal Contract Tower,0,2,5,0,7,0,0,65,0,65,0,2,70,0,72,346,0,346,418
12/07/2013,RNM,CA,AWP,WE,Federal Contract Tower,0,0,3,0,3,0,0,4,0,4,0,0,7,0,7,10,0,10,17
12/08/2013,RNM,CA,AWP,WE,Federal Contract Tower,0,0,7,0,7,0,0,52,0,52,0,0,59,0,59,216,0,216,275
12/09/2013,RNM,CA,AWP,WE,Federal Contract Tower,0,0,10,0,10,0,0,30,4,34,0,0,40,4,44,50,4,54,98
12/10/2013,RNM,CA,AWP,WE,Federal Contract Tower,0,0,9,0,9,0,0,69,0,69,0,0,78,0,78,98,0,98,176
12/11/2013,RNM,CA,AWP,WE,Federal Contract Tower,0,1,2,0,3,0,0,76,0,76,0,1,78,0,79,246,0,246,325
12/12/2013,RNM,CA,AWP,WE,Federal Contract Tower,0,0,4,0,4,0,0,102,6,108,0,0,106,6,112,274,6,280,392
12/13/2013,RNM,CA,AWP,WE,Federal Contract Tower,0,1,6,0,7,0,0,95,2,97,0,1,101,2,104,372,6,378,482
12/14/2013,RNM,CA,AWP,WE,Federal Contract Tower,0,0,2,0,2,0,0,64,0,64,0,0,66,0,66,144,0,144,210
12/15/2013,RNM,CA,AWP,WE,Federal Contract Tower,0,0,3,0,3,0,0,19,0,19,0,0,22,0,22,65,0,65,87
12/16/2013,RNM,CA,AWP,WE,Federal Contract Tower,0,0,10,0,10,0,0,79,0,79,0,0,89,0,89,218,0,218,307
12/17/2013,RNM,CA,AWP,WE,Federal Contract Tower,0,0,0,0,0,0,0,87,0,87,0,0,87,0,87,216,0,216,303
12/18/2013,RNM,CA,AWP,WE,Federal Contract Tower,0,0,4,0,4,0,0,82,4,86,0,0,86,4,90,282,12,294,384
12/19/2013,RNM,CA,AWP,WE,Federal Contract Tower,0,0,0,0,0,0,0,0,0,0,0,0,0,0,0,0,0,0,0
12/20/2013,RNM,CA,AWP,WE,Federal Contract Tower,0,0,4,0,4,0,0,72,4,76,0,0,76,4,80,274,12,286,366
12/21/2013,RNM,CA,AWP,WE,Federal Contract Tower,0,0,5,0,5,0,0,55,0,55,0,0,60,0,60,232,0,232,292
12/22/2013,RNM,CA,AWP,WE,Federal Contract Tower,0,0,1,0,1,0,0,96,0,96,0,0,97,0,97,188,0,188,285
12/23/2013,RNM,CA,AWP,WE,Federal Contract Tower,0,0,5,0,5,0,0,56,0,56,0,0,61,0,61,192,0,192,253
12/24/2013,RNM,CA,AWP,WE,Federal Contract Tower,0,0,0,0,0,0,0,62,0,62,0,0,62,0,62,104,0,104,166
12/25/2013,RNM,CA,AWP,WE,Federal Contract Tower,0,0,0,0,0,0,0,13,0,13,0,0,13,0,13,32,0,32,45
12/26/2013,RNM,CA,AWP,WE,Federal Contract Tower,0,0,1,0,1,0,0,25,0,25,0,0,26,0,26,83,0,83,109
12/27/2013,RNM,CA,AWP,WE,Federal Contract Tower,0,0,0,0,0,0,0,62,2,64,0,0,62,2,64,162,6,168,232
12/28/2013,RNM,CA,AWP,WE,Federal Contract Tower,0,0,4,0,4,0,0,81,0,81,0,0,85,0,85,278,0,278,363
12/29/2013,RNM,CA,AWP,WE,Federal Contract Tower,0,0,2,0,2,0,0,56,0,56,0,0,58,0,58,160,0,160,218
12/30/2013,RNM,CA,AWP,WE,Federal Contract Tower,0,0,5,0,5,0,0,48,0,48,0,0,53,0,53,165,0,165,218
12/31/2013,RNM,CA,AWP,WE,Federal Contract Tower,0,0,2,0,2,0,0,69,0,69,0,0,71,0,71,184,0,184,255
01/01/2014,RNM,CA,AWP,WE,Federal Contract Tower,0,0,3,0,3,0,0,109,0,109,0,0,112,0,112,98,0,98,210
01/02/2014,RNM,CA,AWP,WE,Federal Contract Tower,0,0,2,0,2,0,0,73,0,73,0,0,75,0,75,173,0,173,248
01/03/2014,RNM,CA,AWP,WE,Federal Contract Tower,0,0,0,0,0,0,0,75,2,77,0,0,75,2,77,194,8,202,279
01/04/2014,RNM,CA,AWP,WE,Federal Contract Tower,0,0,3,0,3,0,0,80,0,80,0,0,83,0,83,298,0,298,381
01/05/2014,RNM,CA,AWP,WE,Federal Contract Tower,0,0,0,0,0,0,0,44,0,44,0,0,44,0,44,76,0,76,120
01/06/2014,RNM,CA,AWP,WE,Federal Contract Tower,0,0,0,0,0,0,0,59,0,59,0,0,59,0,59,234,0,234,293
01/07/2014,RNM,CA,AWP,WE,Federal Contract Tower,0,0,7,0,7,0,0,59,2,61,0,0,66,2,68,192,22,214,282
01/08/2014,RNM,CA,AWP,WE,Federal Contract Tower,0,0,3,0,3,0,0,77,0,77,0,0,80,0,80,224,0,224,304
01/09/2014,RNM,CA,AWP,WE,Federal Contract Tower,0,0,6,0,6,0,0,81,6,87,0,0,87,6,93,262,18,280,373
01/10/2014,RNM,CA,AWP,WE,Federal Contract Tower,0,0,3,0,3,0,0,109,6,115,0,0,112,6,118,204,14,218,336
01/11/2014,RNM,CA,AWP,WE,Federal Contract Tower,0,0,4,0,4,0,0,127,0,127,0,0,131,0,131,394,0,394,525
01/12/2014,RNM,CA,AWP,WE,Federal Contract Tower,0,0,4,0,4,0,0,53,0,53,0,0,57,0,57,218,0,218,275
01/13/2014,RNM,CA,AWP,WE,Federal Contract Tower,0,2,0,0,2,0,0,41,2,43,0,2,41,2,45,152,0,152,197
01/14/2014,RNM,CA,AWP,WE,Federal Contract Tower,0,0,4,0,4,0,0,30,0,30,0,0,34,0,34,184,0,184,218
01/15/2014,RNM,CA,AWP,WE,Federal Contract Tower,0,0,1,0,1,0,0,82,4,86,0,0,83,4,87,224,12,236,323
01/16/2014,RNM,CA,AWP,WE,Federal Contract Tower,0,2,2,0,4,0,0,83,8,91,0,2,85,8,95,244,10,254,349
01/17/2014,RNM,CA,AWP,WE,Federal Contract Tower,0,0,1,0,1,0,0,77,0,77,0,0,78,0,78,234,0,234,312
01/18/2014,RNM,CA,AWP,WE,Federal Contract Tower,0,0,2,0,2,0,0,121,0,121,0,0,123,0,123,414,0,414,537
01/19/2014,RNM,CA,AWP,WE,Federal Contract Tower,0,0,1,0,1,0,0,85,0,85,0,0,86,0,86,268,0,268,354
01/20/2014,RNM,CA,AWP,WE,Federal Contract Tower,0,2,1,0,3,0,0,106,0,106,0,2,107,0,109,358,0,358,467
01/21/2014,RNM,CA,AWP,WE,Federal Contract Tower,0,0,2,0,2,0,0,87,0,87,0,0,89,0,89,396,0,396,485
01/22/2014,RNM,CA,AWP,WE,Federal Contract Tower,0,0,5,0,5,0,0,82,0,82,0,0,87,0,87,256,0,256,343
01/23/2014,RNM,CA,AWP,WE,Federal Contract Tower,0,1,3,0,4,0,0,84,4,88,0,1,87,4,92,384,0,384,476
01/24/2014,RNM,CA,AWP,WE,Federal Contract Tower,0,2,1,0,3,0,0,76,0,76,0,2,77,0,79,288,0,288,367
01/25/2014,RNM,CA,AWP,WE,Federal Contract Tower,0,0,1,0,1,0,0,142,0,142,0,0,143,0,143,442,0,442,585
01/26/2014,RNM,CA,AWP,WE,Federal Contract Tower,0,0,1,0,1,0,0,73,0,73,0,0,74,0,74,316,0,316,390
01/27/2014,RNM,CA,AWP,WE,Federal Contract Tower,0,0,4,0,4,0,0,55,4,59,0,0,59,4,63,224,0,224,287
01/28/2014,RNM,CA,AWP,WE,Federal Contract Tower,0,0,2,0,2,0,0,89,6,95,0,0,91,6,97,186,30,216,313
01/29/2014,RNM,CA,AWP,WE,Federal Contract Tower,0,0,2,0,2,0,0,88,2,90,0,0,90,2,92,212,22,234,326
01/30/2014,RNM,CA,AWP,WE,Federal Contract Tower,0,0,1,0,1,0,0,12,0,12,0,0,13,0,13,20,0,20,33
01/31/2014,RNM,CA,AWP,WE,Federal Contract Tower,0,0,4,0,4,0,0,25,6,31,0,0,29,6,35,135,2,137,172
02/01/2014,RNM,CA,AWP,WE,Federal Contract Tower,0,0,5,0,5,0,0,105,0,105,0,0,110,0,110,378,0,378,488
02/02/2014,RNM,CA,AWP,WE,Federal Contract Tower,0,0,1,0,1,0,0,98,0,98,0,0,99,0,99,172,0,172,271
02/03/2014,RNM,CA,AWP,WE,Federal Contract Tower,0,0,3,0,3,0,0,49,4,53,0,0,52,4,56,170,2,172,228
02/04/2014,RNM,CA,AWP,WE,Federal Contract Tower,0,0,6,0,6,0,0,61,2,63,0,0,67,2,69,250,2,252,321
02/05/2014,RNM,CA,AWP,WE,Federal Contract Tower,0,2,10,0,12,0,0,115,6,121,0,2,125,6,133,250,8,258,391
02/06/2014,RNM,CA,AWP,WE,Federal Contract Tower,0,0,6,0,6,0,0,29,6,35,0,0,35,6,41,96,4,100,141
02/07/2014,RNM,CA,AWP,WE,Federal Contract Tower,0,0,6,0,6,0,0,42,4,46,0,0,48,4,52,162,6,168,220
02/08/2014,RNM,CA,AWP,WE,Federal Contract Tower,0,0,3,0,3,0,0,150,0,150,0,0,153,0,153,407,0,407,560
02/09/2014,RNM,CA,AWP,WE,Federal Contract Tower,0,2,1,0,3,0,0,33,0,33,0,2,34,0,36,98,0,98,134
02/10/2014,RNM,CA,AWP,WE,Federal Contract Tower,0,0,8,0,8,0,0,37,0,37,0,0,45,0,45,124,0,124,169
02/11/2014,RNM,CA,AWP,WE,Federal Contract Tower,0,0,2,0,2,0,0,85,2,87,0,0,87,2,89,316,0,316,405
02/12/2014,RNM,CA,AWP,WE,Federal Contract Tower,0,2,1,0,3,0,0,96,4,100,0,2,97,4,103,178,6,184,287
02/13/2014,RNM,CA,AWP,WE,Federal Contract Tower,0,0,4,0,4,0,0,91,2,93,0,0,95,2,97,196,4,200,297
02/14/2014,RNM,CA,AWP,WE,Federal Contract Tower,0,0,5,0,5,0,0,112,12,124,0,0,117,12,129,232,10,242,371
02/15/2014,RNM,CA,AWP,WE,Federal Contract Tower,0,0,2,0,2,0,0,114,0,114,0,0,116,0,116,264,0,264,380
02/16/2014,RNM,CA,AWP,WE,Federal Contract Tower,0,0,1,0,1,0,0,102,0,102,0,0,103,0,103,202,0,202,305
02/17/2014,RNM,CA,AWP,WE,Federal Contract Tower,0,0,3,0,3,0,0,116,0,116,0,0,119,0,119,262,0,262,381
02/18/2014,RNM,CA,AWP,WE,Federal Contract Tower,0,0,3,0,3,0,0,67,8,75,0,0,70,8,78,226,12,238,316
02/19/2014,RNM,CA,AWP,WE,Federal Contract Tower,0,0,3,0,3,0,0,73,0,73,0,0,76,0,76,176,0,176,252
02/20/2014,RNM,CA,AWP,WE,Federal Contract Tower,0,0,1,2,3,0,0,104,0,104,0,0,105,2,107,403,0,403,510
02/21/2014,RNM,CA,AWP,WE,Federal Contract Tower,0,0,2,0,2,0,0,108,0,108,0,0,110,0,110,546,0,546,656
02/22/2014,RNM,CA,AWP,WE,Federal Contract Tower,0,0,4,0,4,0,0,126,0,126,0,0,130,0,130,226,0,226,356
02/23/2014,RNM,CA,AWP,WE,Federal Contract Tower,0,0,3,0,3,0,0,86,0,86,0,0,89,0,89,248,0,248,337
02/24/2014,RNM,CA,AWP,WE,Federal Contract Tower,0,0,4,0,4,0,0,86,2,88,0,0,90,2,92,260,2,262,354
02/25/2014,RNM,CA,AWP,WE,Federal Contract Tower,0,0,3,0,3,0,0,65,2,67,0,0,68,2,70,103,2,105,175
02/26/2014,RNM,CA,AWP,WE,Federal Contract Tower,0,0,15,0,15,0,0,83,2,85,0,0,98,2,100,284,2,286,386
02/27/2014,RNM,CA,AWP,WE,Federal Contract Tower,0,0,2,0,2,0,0,12,0,12,0,0,14,0,14,116,0,116,130
02/28/2014,RNM,CA,AWP,WE,Federal Contract Tower,0,0,0,0,0,0,0,0,0,0,0,0,0,0,0,0,0,0,0
03/01/2014,RNM,CA,AWP,WE,Federal Contract Tower,0,0,1,0,1,0,0,4,0,4,0,0,5,0,5,77,0,77,82
03/02/2014,RNM,CA,AWP,WE,Federal Contract Tower,0,0,4,0,4,0,0,0,0,0,0,0,4,0,4,4,0,4,8
03/03/2014,RNM,CA,AWP,WE,Federal Contract Tower,0,0,4,0,4,0,0,101,0,101,0,0,105,0,105,396,0,396,501
03/04/2014,RNM,CA,AWP,WE,Federal Contract Tower,0,0,21,0,21,0,0,29,2,31,0,0,50,2,52,230,12,242,294
03/05/2014,RNM,CA,AWP,WE,Federal Contract Tower,0,0,6,0,6,0,0,89,6,95,0,0,95,6,101,266,10,276,377
03/06/2014,RNM,CA,AWP,WE,Federal Contract Tower,0,0,2,0,2,0,0,70,2,72,0,0,72,2,74,246,2,248,322
03/07/2014,RNM,CA,AWP,WE,Federal Contract Tower,0,0,6,0,6,0,0,69,2,71,0,0,75,2,77,382,4,386,463
03/08/2014,RNM,CA,AWP,WE,Federal Contract Tower,0,0,3,0,3,0,0,130,0,130,0,0,133,0,133,288,0,288,421
03/09/2014,RNM,CA,AWP,WE,Federal Contract Tower,0,0,4,0,4,0,0,75,0,75,0,0,79,0,79,156,0,156,235
03/10/2014,RNM,CA,AWP,WE,Federal Contract Tower,0,4,4,0,8,0,0,134,0,134,0,4,138,0,142,444,0,444,586
03/11/2014,RNM,CA,AWP,WE,Federal Contract Tower,0,0,1,0,1,0,0,121,0,121,0,0,122,0,122,518,0,518,640
03/12/2014,RNM,CA,AWP,WE,Federal Contract Tower,0,0,8,2,10,0,0,74,2,76,0,0,82,4,86,250,2,252,338
03/13/2014,RNM,CA,AWP,WE,Federal Contract Tower,0,2,5,0,7,0,0,66,0,66,0,2,71,0,73,240,0,240,313
03/14/2014,RNM,CA,AWP,WE,Federal Contract Tower,0,0,8,0,8,0,0,140,0,140,0,0,148,0,148,458,0,458,606
03/15/2014,RNM,CA,AWP,WE,Federal Contract Tower,0,0,3,0,3,0,0,162,0,162,0,0,165,0,165,422,0,422,587
03/16/2014,RNM,CA,AWP,WE,Federal Contract Tower,0,0,4,0,4,0,0,72,0,72,0,0,76,0,76,92,0,92,168
03/17/2014,RNM,CA,AWP,WE,Federal Contract Tower,0,0,1,0,1,0,0,93,2,95,0,0,94,2,96,338,2,340,436
03/18/2014,RNM,CA,AWP,WE,Federal Contract Tower,0,0,6,0,6,0,0,77,3,80,0,0,83,3,86,296,10,306,392
03/19/2014,RNM,CA,AWP,WE,Federal Contract Tower,0,2,5,0,7,0,0,102,0,102,0,2,107,0,109,336,0,336,445
03/20/2014,RNM,CA,AWP,WE,Federal Contract Tower,0,0,3,0,3,0,0,75,6,81,0,0,78,6,84,468,12,480,564
03/21/2014,RNM,CA,AWP,WE,Federal Contract Tower,0,0,5,0,5,0,0,67,0,67,0,0,72,0,72,348,0,348,420
03/22/2014,RNM,CA,AWP,WE,Federal Contract Tower,0,0,6,0,6,0,0,64,0,64,0,0,70,0,70,164,0,164,234
03/23/2014,RNM,CA,AWP,WE,Federal Contract Tower,0,0,5,0,5,0,0,61,0,61,0,0,66,0,66,166,0,166,232
03/24/2014,RNM,CA,AWP,WE,Federal Contract Tower,0,0,14,0,14,0,0,30,0,30,0,0,44,0,44,210,0,210,254
03/25/2014,RNM,CA,AWP,WE,Federal Contract Tower,0,0,19,0,19,0,0,18,0,18,0,0,37,0,37,134,0,134,171
03/26/2014,RNM,CA,AWP,WE,Federal Contract Tower,0,0,5,0,5,0,0,14,0,14,0,0,19,0,19,32,0,32,51
03/27/2014,RNM,CA,AWP,WE,Federal Contract Tower,0,0,5,0,5,0,0,58,4,62,0,0,63,4,67,187,2,189,256
03/28/2014,RNM,CA,AWP,WE,Federal Contract Tower,0,0,2,0,2,0,0,130,0,130,0,0,132,0,132,303,0,303,435
03/29/2014,RNM,CA,AWP,WE,Federal Contract Tower,0,0,1,0,1,0,0,168,0,168,0,0,169,0,169,424,0,424,593
03/30/2014,RNM,CA,AWP,WE,Federal Contract Tower,0,0,1,0,1,0,0,76,0,76,0,0,77,0,77,237,0,237,314
03/31/2014,RNM,CA,AWP,WE,Federal Contract Tower,0,2,4,0,6,0,0,76,0,76,0,2,80,0,82,220,0,220,302
04/01/2014,RNM,CA,AWP,WE,Federal Contract Tower,0,0,3,0,3,0,0,29,4,33,0,0,32,4,36,80,10,90,126
04/02/2014,RNM,CA,AWP,WE,Federal Contract Tower,0,0,0,0,0,0,0,35,0,35,0,0,35,0,35,236,0,236,271
04/03/2014,RNM,CA,AWP,WE,Federal Contract Tower,0,0,3,0,3,0,0,113,0,113,0,0,116,0,116,362,0,362,478
04/04/2014,RNM,CA,AWP,WE,Federal Contract Tower,0,0,3,0,3,0,0,57,0,57,0,0,60,0,60,422,0,422,482
04/05/2014,RNM,CA,AWP,WE,Federal Contract Tower,0,0,1,0,1,0,0,80,0,80,0,0,81,0,81,164,0,164,245
04/06/2014,RNM,CA,AWP,WE,Federal Contract Tower,0,0,1,0,1,0,0,92,0,92,0,0,93,0,93,154,0,154,247
04/07/2014,RNM,CA,AWP,WE,Federal Contract Tower,0,0,1,0,1,0,0,57,0,57,0,0,58,0,58,156,0,156,214
04/08/2014,RNM,CA,AWP,WE,Federal Contract Tower,0,0,3,0,3,0,0,96,0,96,0,0,99,0,99,222,0,222,321
04/09/2014,RNM,CA,AWP,WE,Federal Contract Tower,0,0,5,0,5,0,0,103,0,103,0,0,108,0,108,204,0,204,312
04/10/2014,RNM,CA,AWP,WE,Federal Contract Tower,0,0,2,0,2,0,0,100,2,102,0,0,102,2,104,172,0,172,276
04/11/2014,RNM,CA,AWP,WE,Federal Contract Tower,0,0,8,0,8,0,0,125,0,125,0,0,133,0,133,248,0,248,381
04/12/2014,RNM,CA,AWP,WE,Federal Contract Tower,0,0,5,0,5,0,0,87,0,87,0,0,92,0,92,150,0,150,242
04/13/2014,RNM,CA,AWP,WE,Federal Contract Tower,0,0,4,0,4,0,0,68,0,68,0,0,72,0,72,56,0,56,128
04/14/2014,RNM,CA,AWP,WE,Federal Contract Tower,0,0,4,0,4,0,0,62,2,64,0,0,66,2,68,302,2,304,372
04/15/2014,RNM,CA,AWP,WE,Federal Contract Tower,0,0,5,0,5,0,0,126,0,126,0,0,131,0,131,334,0,334,465
04/16/2014,RNM,CA,AWP,WE,Federal Contract Tower,0,0,3,0,3,0,0,92,0,92,0,0,95,0,95,276,0,276,371
04/17/2014,RNM,CA,AWP,WE,Federal Contract Tower,0,0,13,0,13,0,0,69,2,71,0,0,82,2,84,324,2,326,410
04/18/2014,RNM,CA,AWP,WE,Federal Contract Tower,0,0,6,0,6,0,0,67,0,67,0,0,73,0,73,282,0,282,355
04/19/2014,RNM,CA,AWP,WE,Federal Contract Tower,0,0,4,0,4,0,0,116,0,116,0,0,120,0,120,260,0,260,380
04/20/2014,RNM,CA,AWP,WE,Federal Contract Tower,0,0,4,0,4,0,0,61,0,61,0,0,65,0,65,196,0,196,261
04/21/2014,RNM,CA,AWP,WE,Federal Contract Tower,0,0,11,0,11,0,0,110,0,110,0,0,121,0,121,320,0,320,441
04/22/2014,RNM,CA,AWP,WE,Federal Contract Tower,0,0,10,0,10,0,0,54,0,54,0,0,64,0,64,252,0,252,316
04/23/2014,RNM,CA,AWP,WE,Federal Contract Tower,0,0,5,0,5,0,0,104,0,104,0,0,109,0,109,148,0,148,257
04/24/2014,RNM,CA,AWP,WE,Federal Contract Tower,0,0,8,0,8,0,0,137,2,139,0,0,145,2,147,376,2,378,525
04/25/2014,RNM,CA,AWP,WE,Federal Contract Tower,0,0,4,0,4,0,0,66,0,66,0,0,70,0,70,324,0,324,394
04/26/2014,RNM,CA,AWP,WE,Federal Contract Tower,0,0,2,0,2,0,0,7,0,7,0,0,9,0,9,66,0,66,75
04/27/2014,RNM,CA,AWP,WE,Federal Contract Tower,0,0,5,0,5,0,0,51,0,51,0,0,56,0,56,96,0,96,152
04/28/2014,RNM,CA,AWP,WE,Federal Contract Tower,0,0,5,0,5,0,0,87,2,89,0,0,92,2,94,195,4,199,293
04/29/2014,RNM,CA,AWP,WE,Federal Contract Tower,0,2,0,0,2,0,0,42,0,42,0,2,42,0,44,24,0,24,68
04/30/2014,RNM,CA,AWP,WE,Federal Contract Tower,0,0,0,0,0,0,0,19,0,19,0,0,19,0,19,80,0,80,99
05/01/2014,RNM,CA,AWP,WE,Federal Contract Tower,0,0,6,1,7,0,0,35,0,35,0,0,41,1,42,204,0,204,246
05/02/2014,RNM,CA,AWP,WE,Federal Contract Tower,0,0,2,0,2,0,0,126,0,126,0,0,128,0,128,240,0,240,368
05/03/2014,RNM,CA,AWP,WE,Federal Contract Tower,0,0,1,0,1,0,0,105,0,105,0,0,106,0,106,256,0,256,362
05/04/2014,RNM,CA,AWP,WE,Federal Contract Tower,0,0,2,0,2,0,0,104,0,104,0,0,106,0,106,262,0,262,368
05/05/2014,RNM,CA,AWP,WE,Federal Contract Tower,0,0,2,0,2,0,0,101,2,103,0,0,103,2,105,186,2,188,293
05/06/2014,RNM,CA,AWP,WE,Federal Contract Tower,0,2,3,0,5,0,0,31,2,33,0,2,34,2,38,178,6,184,222
05/07/2014,RNM,CA,AWP,WE,Federal Contract Tower,0,0,6,0,6,0,0,42,0,42,0,0,48,0,48,148,0,148,196
05/08/2014,RNM,CA,AWP,WE,Federal Contract Tower,0,0,8,0,8,0,0,30,0,30,0,0,38,0,38,88,0,88,126
05/09/2014,RNM,CA,AWP,WE,Federal Contract Tower,0,0,3,0,3,0,0,91,0,91,0,0,94,0,94,204,0,204,298
05/10/2014,RNM,CA,AWP,WE,Federal Contract Tower,0,0,5,0,5,0,0,72,0,72,0,0,77,0,77,126,0,126,203
05/11/2014,RNM,CA,AWP,WE,Federal Contract Tower,0,0,2,0,2,0,0,51,0,51,0,0,53,0,53,74,0,74,127
05/12/2014,RNM,CA,AWP,WE,Federal Contract Tower,0,0,2,0,2,0,0,67,2,69,0,0,69,2,71,74,6,80,151
05/13/2014,RNM,CA,AWP,WE,Federal Contract Tower,0,0,3,0,3,0,0,122,0,122,0,0,125,0,125,14,0,14,139
05/14/2014,RNM,CA,AWP,WE,Federal Contract Tower,0,0,0,0,0,0,0,109,0,109,0,0,109,0,109,0,0,0,109
05/15/2014,RNM,CA,AWP,WE,Federal Contract Tower,0,0,9,0,9,0,0,186,4,190,0,0,195,4,199,22,2,24,223
05/16/2014,RNM,CA,AWP,WE,Federal Contract Tower,0,0,5,0,5,0,0,46,2,48,0,0,51,2,53,114,6,120,173
05/17/2014,RNM,CA,AWP,WE,Federal Contract Tower,0,0,4,0,4,0,0,70,0,70,0,0,74,0,74,106,0,106,180
05/18/2014,RNM,CA,AWP,WE,Federal Contract Tower,0,0,5,0,5,0,0,88,0,88,0,0,93,0,93,114,0,114,207
05/19/2014,RNM,CA,AWP,WE,Federal Contract Tower,0,2,11,0,13,0,0,100,0,100,0,2,111,0,113,226,0,226,339
05/20/2014,RNM,CA,AWP,WE,Federal Contract Tower,0,0,5,0,5,0,0,63,2,65,0,0,68,2,70,244,0,244,314
05/21/2014,RNM,CA,AWP,WE,Federal Contract Tower,0,1,11,0,12,0,0,84,0,84,0,1,95,0,96,220,0,220,316
05/22/2014,RNM,CA,AWP,WE,Federal Contract Tower,0,0,7,0,7,0,0,30,0,30,0,0,37,0,37,208,0,208,245
05/23/2014,RNM,CA,AWP,WE,Federal Contract Tower,0,0,17,0,17,0,0,52,0,52,0,0,69,0,69,118,0,118,187
05/24/2014,RNM,CA,AWP,WE,Federal Contract Tower,0,0,20,0,20,0,0,39,0,39,0,0,59,0,59,178,0,178,237
05/25/2014,RNM,CA,AWP,WE,Federal Contract Tower,0,0,2,0,2,0,0,107,0,107,0,0,109,0,109,146,0,146,255
05/26/2014,RNM,CA,AWP,WE,Federal Contract Tower,0,0,2,0,2,0,0,111,0,111,0,0,113,0,113,202,0,202,315
05/27/2014,RNM,CA,AWP,WE,Federal Contract Tower,0,0,4,0,4,0,0,101,0,101,0,0,105,0,105,320,0,320,425
05/28/2014,RNM,CA,AWP,WE,Federal Contract Tower,0,0,4,1,5,0,0,82,2,84,0,0,86,3,89,216,2,218,307
05/29/2014,RNM,CA,AWP,WE,Federal Contract Tower,0,2,7,0,9,0,0,108,12,120,0,2,115,12,129,288,4,292,421
05/30/2014,RNM,CA,AWP,WE,Federal Contract Tower,0,0,3,0,3,0,0,101,0,101,0,0,104,0,104,272,0,272,376
05/31/2014,RNM,CA,AWP,WE,Federal Contract Tower,0,0,2,0,2,0,0,96,0,96,0,0,98,0,98,222,0,222,320
06/01/2014,RNM,CA,AWP,WE,Federal Contract Tower,0,2,2,0,4,0,0,117,0,117,0,2,119,0,121,108,0,108,229
06/02/2014,RNM,CA,AWP,WE,Federal Contract Tower,0,0,0,0,0,0,0,94,0,94,0,0,94,0,94,246,0,246,340
06/03/2014,RNM,CA,AWP,WE,Federal Contract Tower,0,0,5,0,5,0,0,91,0,91,0,0,96,0,96,364,0,364,460
06/04/2014,RNM,CA,AWP,WE,Federal Contract Tower,0,0,5,0,5,0,0,72,0,72,0,0,77,0,77,258,0,258,335
06/05/2014,RNM,CA,AWP,WE,Federal Contract Tower,0,0,5,0,5,0,0,84,0,84,0,0,89,0,89,392,0,392,481
06/06/2014,RNM,CA,AWP,WE,Federal Contract Tower,0,0,8,0,8,0,0,124,6,130,0,0,132,6,138,346,0,346,484
06/07/2014,RNM,CA,AWP,WE,Federal Contract Tower,0,0,3,0,3,0,0,88,0,88,0,0,91,0,91,320,0,320,411
06/08/2014,RNM,CA,AWP,WE,Federal Contract Tower,0,0,5,0,5,0,0,81,0,81,0,0,86,0,86,164,0,164,250
06/09/2014,RNM,CA,AWP,WE,Federal Contract Tower,0,0,5,0,5,0,0,86,2,88,0,0,91,2,93,372,6,378,471
06/10/2014,RNM,CA,AWP,WE,Federal Contract Tower,0,2,5,0,7,0,0,74,0,74,0,2,79,0,81,261,0,261,342
06/11/2014,RNM,CA,AWP,WE,Federal Contract Tower,0,0,6,0,6,0,0,76,0,76,0,0,82,0,82,364,0,364,446
06/12/2014,RNM,CA,AWP,WE,Federal Contract Tower,0,0,4,0,4,0,0,118,2,120,0,0,122,2,124,348,2,350,474
06/13/2014,RNM,CA,AWP,WE,Federal Contract Tower,0,0,4,0,4,0,0,66,0,66,0,0,70,0,70,248,0,248,318
06/14/2014,RNM,CA,AWP,WE,Federal Contract Tower,0,0,3,0,3,0,0,88,0,88,0,0,91,0,91,323,0,323,414
06/15/2014,RNM,CA,AWP,WE,Federal Contract Tower,0,0,4,0,4,0,0,80,0,80,0,0,84,0,84,94,0,94,178
06/16/2014,RNM,CA,AWP,WE,Federal Contract Tower,0,0,4,0,4,0,0,94,2,96,0,0,98,2,100,373,0,373,473
06/17/2014,RNM,CA,AWP,WE,Federal Contract Tower,0,1,3,0,4,0,0,86,0,86,0,1,89,0,90,200,0,200,290
06/18/2014,RNM,CA,AWP,WE,Federal Contract Tower,0,5,5,0,10,0,0,77,0,77,0,5,82,0,87,210,0,210,297
06/19/2014,RNM,CA,AWP,WE,Federal Contract Tower,0,0,6,0,6,0,0,105,0,105,0,0,111,0,111,256,0,256,367
06/20/2014,RNM,CA,AWP,WE,Federal Contract Tower,0,0,3,0,3,0,0,99,4,103,0,0,102,4,106,260,6,266,372
06/21/2014,RNM,CA,AWP,WE,Federal Contract Tower,0,0,6,0,6,0,0,108,0,108,0,0,114,0,114,184,0,184,298
06/22/2014,RNM,CA,AWP,WE,Federal Contract Tower,0,0,5,0,5,0,0,92,0,92,0,0,97,0,97,74,0,74,171
06/23/2014,RNM,CA,AWP,WE,Federal Contract Tower,0,0,3,0,3,0,0,68,2,70,0,0,71,2,73,338,2,340,413
06/24/2014,RNM,CA,AWP,WE,Federal Contract Tower,0,2,2,0,4,0,0,78,0,78,0,2,80,0,82,268,0,268,350
06/25/2014,RNM,CA,AWP,WE,Federal Contract Tower,0,0,4,0,4,0,0,99,2,101,0,0,103,2,105,330,4,334,439
06/26/2014,RNM,CA,AWP,WE,Federal Contract Tower,0,0,3,0,3,0,0,94,0,94,0,0,97,0,97,273,0,273,370
06/27/2014,RNM,CA,AWP,WE,Federal Contract Tower,0,0,4,0,4,0,0,93,2,95,0,0,97,2,99,380,10,390,489
06/28/2014,RNM,CA,AWP,WE,Federal Contract Tower,0,0,6,0,6,0,0,104,0,104,0,0,110,0,110,273,0,273,383
06/29/2014,RNM,CA,AWP,WE,Federal Contract Tower,0,0,6,0,6,0,0,95,0,95,0,0,101,0,101,112,0,112,213
06/30/2014,RNM,CA,AWP,WE,Federal Contract Tower,0,0,5,0,5,0,0,85,0,85,0,0,90,0,90,272,0,272,362
07/01/2014,RNM,CA,AWP,WE,Federal Contract Tower,0,0,4,0,4,0,0,83,2,85,0,0,87,2,89,330,8,338,427
07/02/2014,RNM,CA,AWP,WE,Federal Contract Tower,0,0,3,0,3,0,0,84,2,86,0,0,87,2,89,302,6,308,397
07/03/2014,RNM,CA,AWP,WE,Federal Contract Tower,0,0,4,0,4,0,0,144,0,144,0,0,148,0,148,244,0,244,392
07/04/2014,RNM,CA,AWP,WE,Federal Contract Tower,0,0,2,0,2,0,0,71,0,71,0,0,73,0,73,122,0,122,195
07/05/2014,RNM,CA,AWP,WE,Federal Contract Tower,0,0,2,0,2,0,0,62,0,62,0,0,64,0,64,66,0,66,130
07/06/2014,RNM,CA,AWP,WE,Federal Contract Tower,0,0,3,0,3,0,0,83,0,83,0,0,86,0,86,124,0,124,210
07/07/2014,RNM,CA,AWP,WE,Federal Contract Tower,0,0,1,0,1,0,0,84,0,84,0,0,85,0,85,294,0,294,379
07/08/2014,RNM,CA,AWP,WE,Federal Contract Tower,0,0,3,2,5,0,0,91,0,91,0,0,94,2,96,236,0,236,332
07/09/2014,RNM,CA,AWP,WE,Federal Contract Tower,0,0,5,0,5,0,0,78,0,78,0,0,83,0,83,210,0,210,293
07/10/2014,RNM,CA,AWP,WE,Federal Contract Tower,0,2,2,0,4,0,0,79,0,79,0,2,81,0,83,280,0,280,363
07/11/2014,RNM,CA,AWP,WE,Federal Contract Tower,0,0,6,0,6,0,0,99,0,99,0,0,105,0,105,274,0,274,379
07/12/2014,RNM,CA,AWP,WE,Federal Contract Tower,0,2,4,0,6,0,0,94,0,94,0,2,98,0,100,274,0,274,374
07/13/2014,RNM,CA,AWP,WE,Federal Contract Tower,0,0,3,0,3,0,0,98,0,98,0,0,101,0,101,90,0,90,191
07/14/2014,RNM,CA,AWP,WE,Federal Contract Tower,0,0,10,0,10,0,0,60,0,60,0,0,70,0,70,228,0,228,298
07/15/2014,RNM,CA,AWP,WE,Federal Contract Tower,0,0,9,0,9,0,0,38,0,38,0,0,47,0,47,122,0,122,169
07/16/2014,RNM,CA,AWP,WE,Federal Contract Tower,0,0,9,0,9,0,0,119,0,119,0,0,128,0,128,412,0,412,540
07/17/2014,RNM,CA,AWP,WE,Federal Contract Tower,0,1,3,0,4,0,0,103,2,105,0,1,106,2,109,256,0,256,365
07/18/2014,RNM,CA,AWP,WE,Federal Contract Tower,0,0,5,0,5,0,0,80,0,80,0,0,85,0,85,320,0,320,405
07/19/2014,RNM,CA,AWP,WE,Federal Contract Tower,0,0,3,0,3,0,0,108,0,108,0,0,111,0,111,169,0,169,280
07/20/2014,RNM,CA,AWP,WE,Federal Contract Tower,0,0,7,0,7,0,0,72,0,72,0,0,79,0,79,180,0,180,259
07/21/2014,RNM,CA,AWP,WE,Federal Contract Tower,0,2,5,0,7,0,0,89,0,89,0,2,94,0,96,278,0,278,374
07/22/2014,RNM,CA,AWP,WE,Federal Contract Tower,0,1,2,0,3,0,0,156,2,158,0,1,158,2,161,288,0,288,449
07/23/2014,RNM,CA,AWP,WE,Federal Contract Tower,0,1,2,0,3,0,0,96,0,96,0,1,98,0,99,259,0,259,358
07/24/2014,RNM,CA,AWP,WE,Federal Contract Tower,0,0,4,0,4,0,0,88,4,92,0,0,92,4,96,240,7,247,343
07/25/2014,RNM,CA,AWP,WE,Federal Contract Tower,0,0,2,0,2,0,0,69,0,69,0,0,71,0,71,126,0,126,197
07/26/2014,RNM,CA,AWP,WE,Federal Contract Tower,0,0,2,0,2,0,0,84,0,84,0,0,86,0,86,160,0,160,246
07/27/2014,RNM,CA,AWP,WE,Federal Contract Tower,0,0,4,0,4,0,0,52,0,52,0,0,56,0,56,70,0,70,126
07/28/2014,RNM,CA,AWP,WE,Federal Contract Tower,0,0,1,0,1,0,0,101,0,101,0,0,102,0,102,288,0,288,390
07/29/2014,RNM,CA,AWP,WE,Federal Contract Tower,0,0,2,0,2,0,0,92,0,92,0,0,94,0,94,202,0,202,296
07/30/2014,RNM,CA,AWP,WE,Federal Contract Tower,0,0,3,0,3,0,0,122,0,122,0,0,125,0,125,342,0,342,467
07/31/2014,RNM,CA,AWP,WE,Federal Contract Tower,0,0,5,0,5,0,0,82,2,84,0,0,87,2,89,244,6,250,339
08/01/2014,RNM,CA,AWP,WE,Federal Contract Tower,0,0,5,0,5,0,0,104,2,106,0,0,109,2,111,340,2,342,453
08/02/2014,RNM,CA,AWP,WE,Federal Contract Tower,0,0,3,0,3,0,0,25,0,25,0,0,28,0,28,58,0,58,86
08/03/2014,RNM,CA,AWP,WE,Federal Contract Tower,0,0,0,0,0,0,0,7,0,7,0,0,7,0,7,12,0,12,19
08/04/2014,RNM,CA,AWP,WE,Federal Contract Tower,0,0,6,0,6,0,0,80,0,80,0,0,86,0,86,248,0,248,334
08/05/2014,RNM,CA,AWP,WE,Federal Contract Tower,0,0,1,0,1,0,0,98,0,98,0,0,99,0,99,324,0,324,423
08/06/2014,RNM,CA,AWP,WE,Federal Contract Tower,0,0,3,0,3,0,0,94,0,94,0,0,97,0,97,374,0,374,471
08/07/2014,RNM,CA,AWP,WE,Federal Contract Tower,0,0,4,0,4,0,0,86,2,88,0,0,90,2,92,240,2,242,334
08/08/2014,RNM,CA,AWP,WE,Federal Contract Tower,0,0,5,0,5,0,0,85,0,85,0,0,90,0,90,320,0,320,410
08/09/2014,RNM,CA,AWP,WE,Federal Contract Tower,0,0,4,0,4,0,0,92,0,92,0,0,96,0,96,158,0,158,254
08/10/2014,RNM,CA,AWP,WE,Federal Contract Tower,0,0,1,0,1,0,0,56,0,56,0,0,57,0,57,110,0,110,167
08/11/2014,RNM,CA,AWP,WE,Federal Contract Tower,0,0,3,0,3,0,0,93,0,93,0,0,96,0,96,396,0,396,492
08/12/2014,RNM,CA,AWP,WE,Federal Contract Tower,0,0,4,0,4,0,0,101,0,101,0,0,105,0,105,318,0,318,423
08/13/2014,RNM,CA,AWP,WE,Federal Contract Tower,0,2,6,0,8,0,0,72,0,72,0,2,78,0,80,230,0,230,310
08/14/2014,RNM,CA,AWP,WE,Federal Contract Tower,0,1,3,0,4,0,0,103,0,103,0,1,106,0,107,302,0,302,409
08/15/2014,RNM,CA,AWP,WE,Federal Contract Tower,0,0,8,0,8,0,0,105,0,105,0,0,113,0,113,497,0,497,610
08/16/2014,RNM,CA,AWP,WE,Federal Contract Tower,0,0,4,0,4,0,0,99,0,99,0,0,103,0,103,314,0,314,417
08/17/2014,RNM,CA,AWP,WE,Federal Contract Tower,0,0,1,0,1,0,0,95,0,95,0,0,96,0,96,222,0,222,318
08/18/2014,RNM,CA,AWP,WE,Federal Contract Tower,0,0,3,0,3,0,0,114,2,116,0,0,117,2,119,312,0,312,431
08/19/2014,RNM,CA,AWP,WE,Federal Contract Tower,0,0,8,0,8,0,0,82,0,82,0,0,90,0,90,228,0,228,318
08/20/2014,RNM,CA,AWP,WE,Federal Contract Tower,0,0,2,0,2,0,0,68,0,68,0,0,70,0,70,196,0,196,266
08/21/2014,RNM,CA,AWP,WE,Federal Contract Tower,0,2,4,0,6,0,0,86,0,86,0,2,90,0,92,242,0,242,334
08/22/2014,RNM,CA,AWP,WE,Federal Contract Tower,0,0,5,0,5,0,0,97,2,99,0,0,102,2,104,376,4,380,484
08/23/2014,RNM,CA,AWP,WE,Federal Contract Tower,0,0,0,0,0,0,0,104,0,104,0,0,104,0,104,264,0,264,368
08/24/2014,RNM,CA,AWP,WE,Federal Contract Tower,0,0,4,0,4,0,0,94,0,94,0,0,98,0,98,170,0,170,268
08/25/2014,RNM,CA,AWP,WE,Federal Contract Tower,0,2,3,0,5,0,0,102,0,102,0,2,105,0,107,341,0,341,448
08/26/2014,RNM,CA,AWP,WE,Federal Contract Tower,0,0,6,0,6,0,0,106,4,110,0,0,112,4,116,332,2,334,450
08/27/2014,RNM,CA,AWP,WE,Federal Contract Tower,0,2,3,0,5,0,0,73,0,73,0,2,76,0,78,346,0,346,424
08/28/2014,RNM,CA,AWP,WE,Federal Contract Tower,0,0,3,0,3,0,0,79,0,79,0,0,82,0,82,220,0,220,302
08/29/2014,RNM,CA,AWP,WE,Federal Contract Tower,0,0,2,0,2,0,0,134,0,134,0,0,136,0,136,460,0,460,596
08/30/2014,RNM,CA,AWP,WE,Federal Contract Tower,0,0,3,0,3,0,0,93,0,93,0,0,96,0,96,186,0,186,282
08/31/2014,RNM,CA,AWP,WE,Federal Contract Tower,0,0,1,0,1,0,0,70,0,70,0,0,71,0,71,196,0,196,267
09/01/2014,RNM,CA,AWP,WE,Federal Contract Tower,0,0,6,0,6,0,0,96,0,96,0,0,102,0,102,120,0,120,222
09/02/2014,RNM,CA,AWP,WE,Federal Contract Tower,0,0,3,0,3,0,0,114,0,114,0,0,117,0,117,286,0,286,403
09/03/2014,RNM,CA,AWP,WE,Federal Contract Tower,0,0,4,0,4,0,0,85,0,85,0,0,89,0,89,316,0,316,405
09/04/2014,RNM,CA,AWP,WE,Federal Contract Tower,0,0,5,0,5,0,0,100,2,102,0,0,105,2,107,348,0,348,455
09/05/2014,RNM,CA,AWP,WE,Federal Contract Tower,0,0,4,0,4,0,0,97,0,97,0,0,101,0,101,269,0,269,370
09/06/2014,RNM,CA,AWP,WE,Federal Contract Tower,0,0,1,0,1,0,0,110,0,110,0,0,111,0,111,310,0,310,421
09/07/2014,RNM,CA,AWP,WE,Federal Contract Tower,0,0,2,0,2,0,0,50,0,50,0,0,52,0,52,242,0,242,294
09/08/2014,RNM,CA,AWP,WE,Federal Contract Tower,0,0,5,0,5,0,0,76,2,78,0,0,81,2,83,264,4,268,351
09/09/2014,RNM,CA,AWP,WE,Federal Contract Tower,0,0,8,0,8,0,0,79,0,79,0,0,87,0,87,186,0,186,273
09/10/2014,RNM,CA,AWP,WE,Federal Contract Tower,0,0,1,0,1,0,0,60,2,62,0,0,61,2,63,314,8,322,385
09/11/2014,RNM,CA,AWP,WE,Federal Contract Tower,0,0,3,0,3,0,0,88,4,92,0,0,91,4,95,400,4,404,499
09/12/2014,RNM,CA,AWP,WE,Federal Contract Tower,0,0,5,0,5,0,0,100,0,100,0,0,105,0,105,320,0,320,425
09/13/2014,RNM,CA,AWP,WE,Federal Contract Tower,0,0,1,0,1,0,0,78,0,78,0,0,79,0,79,254,0,254,333
09/14/2014,RNM,CA,AWP,WE,Federal Contract Tower,0,0,2,0,2,0,0,58,0,58,0,0,60,0,60,98,0,98,158
09/15/2014,RNM,CA,AWP,WE,Federal Contract Tower,0,0,6,0,6,0,0,68,0,68,0,0,74,0,74,250,0,250,324
09/16/2014,RNM,CA,AWP,WE,Federal Contract Tower,0,0,5,0,5,0,0,65,4,69,0,0,70,4,74,204,12,216,290
09/17/2014,RNM,CA,AWP,WE,Federal Contract Tower,0,2,0,0,2,0,0,69,4,73,0,2,69,4,75,220,8,228,303
09/18/2014,RNM,CA,AWP,WE,Federal Contract Tower,0,0,2,0,2,0,0,58,0,58,0,0,60,0,60,222,0,222,282
09/19/2014,RNM,CA,AWP,WE,Federal Contract Tower,0,0,5,0,5,0,0,72,0,72,0,0,77,0,77,354,0,354,431
09/20/2014,RNM,CA,AWP,WE,Federal Contract Tower,0,2,8,0,10,0,0,67,0,67,0,2,75,0,77,124,0,124,201
09/21/2014,RNM,CA,AWP,WE,Federal Contract Tower,0,0,5,0,5,0,0,82,0,82,0,0,87,0,87,112,0,112,199
09/22/2014,RNM,CA,AWP,WE,Federal Contract Tower,0,0,2,0,2,0,0,72,2,74,0,0,74,2,76,330,0,330,406
09/23/2014,RNM,CA,AWP,WE,Federal Contract Tower,0,0,3,0,3,0,0,92,8,100,0,0,95,8,103,404,8,412,515
09/24/2014,RNM,CA,AWP,WE,Federal Contract Tower,0,0,2,0,2,0,0,114,0,114,0,0,116,0,116,466,0,466,582
09/25/2014,RNM,CA,AWP,WE,Federal Contract Tower,0,0,1,0,1,0,0,72,0,72,0,0,73,0,73,286,0,286,359
09/26/2014,RNM,CA,AWP,WE,Federal Contract Tower,0,0,4,0,4,0,0,76,0,76,0,0,80,0,80,312,0,312,392
09/27/2014,RNM,CA,AWP,WE,Federal Contract Tower,0,0,7,0,7,0,0,53,0,53,0,0,60,0,60,238,0,238,298
09/28/2014,RNM,CA,AWP,WE,Federal Contract Tower,0,0,5,0,5,0,0,67,0,67,0,0,72,0,72,168,0,168,240
09/29/2014,RNM,CA,AWP,WE,Federal Contract Tower,0,0,4,0,4,0,0,108,0,108,0,0,112,0,112,408,0,408,520
09/30/2014,RNM,CA,AWP,WE,Federal Contract Tower,0,2,1,1,4,0,0,107,2,109,0,2,108,3,113,370,2,372,485
10/01/2014,RNM,CA,AWP,WE,Federal Contract Tower,0,0,5,0,5,0,0,64,0,64,0,0,69,0,69,238,0,238,307
10/02/2014,RNM,CA,AWP,WE,Federal Contract Tower,0,1,1,0,2,0,0,65,0,65,0,1,66,0,67,300,0,300,367
10/03/2014,RNM,CA,AWP,WE,Federal Contract Tower,0,0,4,0,4,0,0,64,0,64,0,0,68,0,68,316,0,316,384
10/04/2014,RNM,CA,AWP,WE,Federal Contract Tower,0,0,4,0,4,0,0,60,0,60,0,0,64,0,64,84,0,84,148
10/05/2014,RNM,CA,AWP,WE,Federal Contract Tower,0,0,1,0,1,0,0,60,0,60,0,0,61,0,61,100,0,100,161
10/06/2014,RNM,CA,AWP,WE,Federal Contract Tower,0,2,4,0,6,0,0,81,2,83,0,2,85,2,89,366,6,372,461
10/07/2014,RNM,CA,AWP,WE,Federal Contract Tower,0,0,2,0,2,0,0,81,2,83,0,0,83,2,85,188,4,192,277
10/08/2014,RNM,CA,AWP,WE,Federal Contract Tower,0,0,1,0,1,0,0,80,0,80,0,0,81,0,81,176,0,176,257
10/09/2014,RNM,CA,AWP,WE,Federal Contract Tower,0,0,2,0,2,0,0,105,4,109,0,0,107,4,111,418,4,422,533
10/10/2014,RNM,CA,AWP,WE,Federal Contract Tower,0,0,4,0,4,0,0,108,2,110,0,0,112,2,114,488,2,490,604
10/11/2014,RNM,CA,AWP,WE,Federal Contract Tower,0,0,2,0,2,0,0,99,0,99,0,0,101,0,101,354,0,354,455
10/12/2014,RNM,CA,AWP,WE,Federal Contract Tower,0,0,5,0,5,0,0,75,0,75,0,0,80,0,80,114,0,114,194
10/13/2014,RNM,CA,AWP,WE,Federal Contract Tower,0,0,5,0,5,0,0,112,0,112,0,0,117,0,117,370,0,370,487
10/14/2014,RNM,CA,AWP,WE,Federal Contract Tower,0,0,2,0,2,0,0,85,2,87,0,0,87,2,89,360,2,362,451
10/15/2014,RNM,CA,AWP,WE,Federal Contract Tower,0,0,6,0,6,0,0,44,2,46,0,0,50,2,52,214,2,216,268
10/16/2014,RNM,CA,AWP,WE,Federal Contract Tower,0,0,5,0,5,0,0,98,4,102,0,0,103,4,107,458,10,468,575
10/17/2014,RNM,CA,AWP,WE,Federal Contract Tower,0,0,10,0,10,0,0,51,0,51,0,0,61,0,61,378,0,378,439
10/18/2014,RNM,CA,AWP,WE,Federal Contract Tower,0,0,7,0,7,0,0,102,0,102,0,0,109,0,109,246,0,246,355
10/19/2014,RNM,CA,AWP,WE,Federal Contract Tower,0,0,4,0,4,0,0,78,0,78,0,0,82,0,82,124,0,124,206
10/20/2014,RNM,CA,AWP,WE,Federal Contract Tower,0,1,4,0,5,0,0,54,0,54,0,1,58,0,59,188,0,188,247
10/21/2014,RNM,CA,AWP,WE,Federal Contract Tower,0,0,0,0,0,0,0,88,2,90,0,0,88,2,90,308,2,310,400
10/22/2014,RNM,CA,AWP,WE,Federal Contract Tower,0,0,1,0,1,0,0,134,2,136,0,0,135,2,137,300,2,302,439
10/23/2014,RNM,CA,AWP,WE,Federal Contract Tower,0,2,1,0,3,0,0,111,2,113,0,2,112,2,116,404,2,406,522
10/24/2014,RNM,CA,AWP,WE,Federal Contract Tower,0,0,5,0,5,0,0,90,0,90,0,0,95,0,95,268,0,268,363
10/25/2014,RNM,CA,AWP,WE,Federal Contract Tower,0,0,4,0,4,0,0,114,0,114,0,0,118,0,118,302,0,302,420
10/26/2014,RNM,CA,AWP,WE,Federal Contract Tower,0,0,5,0,5,0,0,40,0,40,0,0,45,0,45,80,0,80,125
10/27/2014,RNM,CA,AWP,WE,Federal Contract Tower,0,0,1,0,1,0,0,89,0,89,0,0,90,0,90,360,0,360,450
10/28/2014,RNM,CA,AWP,WE,Federal Contract Tower,0,0,3,0,3,0,0,93,0,93,0,0,96,0,96,236,0,236,332
10/29/2014,RNM,CA,AWP,WE,Federal Contract Tower,0,0,4,0,4,0,0,97,4,101,0,0,101,4,105,326,4,330,435
10/30/2014,RNM,CA,AWP,WE,Federal Contract Tower,0,0,5,0,5,0,0,109,0,109,0,0,114,0,114,214,0,214,328
10/31/2014,RNM,CA,AWP,WE,Federal Contract Tower,0,0,4,0,4,0,0,34,0,34,0,0,38,0,38,178,0,178,216
11/01/2014,RNM,CA,AWP,WE,Federal Contract Tower,0,0,5,0,5,0,0,18,0,18,0,0,23,0,23,58,0,58,81
11/02/2014,RNM,CA,AWP,WE,Federal Contract Tower,0,0,3,0,3,0,0,83,0,83,0,0,86,0,86,178,0,178,264
11/03/2014,RNM,CA,AWP,WE,Federal Contract Tower,0,0,3,0,3,0,0,90,0,90,0,0,93,0,93,310,0,310,403
11/04/2014,RNM,CA,AWP,WE,Federal Contract Tower,0,0,3,0,3,0,0,72,0,72,0,0,75,0,75,154,0,154,229
11/05/2014,RNM,CA,AWP,WE,Federal Contract Tower,0,2,0,0,2,0,0,39,2,41,0,2,39,2,43,116,0,116,159
11/06/2014,RNM,CA,AWP,WE,Federal Contract Tower,0,0,2,0,2,0,0,66,0,66,0,0,68,0,68,186,0,186,254
11/07/2014,RNM,CA,AWP,WE,Federal Contract Tower,0,2,1,0,3,0,0,119,0,119,0,2,120,0,122,316,0,316,438
11/08/2014,RNM,CA,AWP,WE,Federal Contract Tower,0,0,4,0,4,0,0,124,0,124,0,0,128,0,128,200,0,200,328
11/09/2014,RNM,CA,AWP,WE,Federal Contract Tower,0,0,3,0,3,0,0,112,0,112,0,0,115,0,115,112,0,112,227
11/10/2014,RNM,CA,AWP,WE,Federal Contract Tower,0,0,4,0,4,0,0,78,0,78,0,0,82,0,82,192,0,192,274
11/11/2014,RNM,CA,AWP,WE,Federal Contract Tower,0,0,9,0,9,0,0,78,0,78,0,0,87,0,87,332,0,332,419
11/12/2014,RNM,CA,AWP,WE,Federal Contract Tower,0,0,8,0,8,0,0,66,0,66,0,0,74,0,74,324,0,324,398
11/13/2014,RNM,CA,AWP,WE,Federal Contract Tower,0,0,7,0,7,0,0,57,0,57,0,0,64,0,64,254,0,254,318
11/14/2014,RNM,CA,AWP,WE,Federal Contract Tower,0,0,5,0,5,0,0,61,0,61,0,0,66,0,66,410,0,410,476
11/15/2014,RNM,CA,AWP,WE,Federal Contract Tower,0,0,3,0,3,0,0,98,0,98,0,0,101,0,101,284,0,284,385
11/16/2014,RNM,CA,AWP,WE,Federal Contract Tower,0,0,2,0,2,0,0,60,0,60,0,0,62,0,62,114,0,114,176
11/17/2014,RNM,CA,AWP,WE,Federal Contract Tower,0,2,7,0,9,0,0,83,0,83,0,2,90,0,92,302,0,302,394
11/18/2014,RNM,CA,AWP,WE,Federal Contract Tower,0,0,1,0,1,0,0,74,0,74,0,0,75,0,75,332,0,332,407
11/19/2014,RNM,CA,AWP,WE,Federal Contract Tower,0,0,5,0,5,0,0,109,0,109,0,0,114,0,114,406,0,406,520
11/20/2014,RNM,CA,AWP,WE,Federal Contract Tower,0,1,7,0,8,0,0,115,0,115,0,1,122,0,123,477,0,477,600
11/21/2014,RNM,CA,AWP,WE,Federal Contract Tower,0,0,5,0,5,0,0,148,0,148,0,0,153,0,153,482,0,482,635
11/22/2014,RNM,CA,AWP,WE,Federal Contract Tower,0,0,1,0,1,0,0,129,0,129,0,0,130,0,130,274,0,274,404
11/23/2014,RNM,CA,AWP,WE,Federal Contract Tower,0,0,3,0,3,0,0,73,0,73,0,0,76,0,76,132,0,132,208
11/24/2014,RNM,CA,AWP,WE,Federal Contract Tower,0,0,1,0,1,0,0,81,2,83,0,0,82,2,84,255,8,263,347
11/25/2014,RNM,CA,AWP,WE,Federal Contract Tower,0,0,3,0,3,0,0,85,0,85,0,0,88,0,88,366,0,366,454
11/26/2014,RNM,CA,AWP,WE,Federal Contract Tower,0,0,1,0,1,0,0,84,0,84,0,0,85,0,85,342,0,342,427
11/27/2014,RNM,CA,AWP,WE,Federal Contract Tower,0,0,1,0,1,0,0,40,0,40,0,0,41,0,41,134,0,134,175
11/28/2014,RNM,CA,AWP,WE,Federal Contract Tower,0,0,3,0,3,0,0,101,0,101,0,0,104,0,104,242,0,242,346
11/29/2014,RNM,CA,AWP,WE,Federal Contract Tower,0,0,4,0,4,0,0,75,0,75,0,0,79,0,79,298,0,298,377
11/30/2014,RNM,CA,AWP,WE,Federal Contract Tower,0,0,6,0,6,0,0,20,0,20,0,0,26,0,26,28,0,28,54
12/01/2014,RNM,CA,AWP,WE,Federal Contract Tower,0,0,4,0,4,0,0,74,2,76,0,0,78,2,80,302,2,304,384
12/02/2014,RNM,CA,AWP,WE,Federal Contract Tower,0,0,5,0,5,0,0,5,0,5,0,0,10,0,10,164,0,164,174
12/03/2014,RNM,CA,AWP,WE,Federal Contract Tower,0,0,2,0,2,0,0,0,0,0,0,0,2,0,2,0,0,0,2
12/04/2014,RNM,CA,AWP,WE,Federal Contract Tower,0,2,10,0,12,0,0,37,0,37,0,2,47,0,49,180,0,180,229
12/05/2014,RNM,CA,AWP,WE,Federal Contract Tower,0,0,7,0,7,0,0,103,0,103,0,0,110,0,110,395,0,395,505
12/06/2014,RNM,CA,AWP,WE,Federal Contract Tower,0,0,6,0,6,0,0,86,0,86,0,0,92,0,92,300,0,300,392
12/07/2014,RNM,CA,AWP,WE,Federal Contract Tower,0,0,4,0,4,0,0,94,0,94,0,0,98,0,98,270,0,270,368
12/08/2014,RNM,CA,AWP,WE,Federal Contract Tower,0,0,0,0,0,0,0,81,0,81,0,0,81,0,81,376,0,376,457
12/09/2014,RNM,CA,AWP,WE,Federal Contract Tower,0,1,0,0,1,0,0,103,2,105,0,1,103,2,106,392,0,392,498
12/10/2014,RNM,CA,AWP,WE,Federal Contract Tower,0,0,3,0,3,0,0,82,0,82,0,0,85,0,85,336,0,336,421
12/11/2014,RNM,CA,AWP,WE,Federal Contract Tower,0,0,7,0,7,0,0,34,0,34,0,0,41,0,41,274,0,274,315
12/12/2014,RNM,CA,AWP,WE,Federal Contract Tower,0,0,0,0,0,0,0,0,0,0,0,0,0,0,0,0,0,0,0
12/13/2014,RNM,CA,AWP,WE,Federal Contract Tower,0,0,4,0,4,0,0,60,0,60,0,0,64,0,64,248,0,248,312
12/14/2014,RNM,CA,AWP,WE,Federal Contract Tower,0,0,5,0,5,0,0,115,0,115,0,0,120,0,120,312,0,312,432
12/15/2014,RNM,CA,AWP,WE,Federal Contract Tower,0,1,5,0,6,0,0,86,0,86,0,1,91,0,92,390,0,390,482
12/16/2014,RNM,CA,AWP,WE,Federal Contract Tower,0,0,3,0,3,0,0,10,0,10,0,0,13,0,13,66,0,66,79
12/17/2014,RNM,CA,AWP,WE,Federal Contract Tower,0,2,3,0,5,0,0,17,0,17,0,2,20,0,22,78,0,78,100
12/18/2014,RNM,CA,AWP,WE,Federal Contract Tower,0,0,11,0,11,0,0,46,0,46,0,0,57,0,57,250,0,250,307
12/19/2014,RNM,CA,AWP,WE,Federal Contract Tower,0,0,0,0,0,0,0,114,0,114,0,0,114,0,114,250,12,262,376
12/20/2014,RNM,CA,AWP,WE,Federal Contract Tower,0,0,3,0,3,0,0,75,0,75,0,0,78,0,78,280,0,280,358
12/21/2014,RNM,CA,AWP,WE,Federal Contract Tower,0,0,4,0,4,0,0,94,0,94,0,0,98,0,98,290,0,290,388
12/22/2014,RNM,CA,AWP,WE,Federal Contract Tower,0,0,5,0,5,0,0,91,0,91,0,0,96,0,96,230,0,230,326
12/23/2014,RNM,CA,AWP,WE,Federal Contract Tower,0,0,4,0,4,0,0,61,0,61,0,0,65,0,65,152,0,152,217
12/24/2014,RNM,CA,AWP,WE,Federal Contract Tower,0,0,2,0,2,0,0,70,2,72,0,0,72,2,74,144,0,144,218
12/25/2014,RNM,CA,AWP,WE,Federal Contract Tower,0,0,0,0,0,0,0,21,0,21,0,0,21,0,21,34,0,34,55
12/26/2014,RNM,CA,AWP,WE,Federal Contract Tower,0,0,3,0,3,0,0,56,0,56,0,0,59,0,59,232,0,232,291
12/27/2014,RNM,CA,AWP,WE,Federal Contract Tower,0,0,2,0,2,0,0,80,0,80,0,0,82,0,82,180,0,180,262
12/28/2014,RNM,CA,AWP,WE,Federal Contract Tower,0,0,2,0,2,0,0,82,0,82,0,0,84,0,84,208,0,208,292
12/29/2014,RNM,CA,AWP,WE,Federal Contract Tower,0,2,2,0,4,0,0,68,0,68,0,2,70,0,72,332,0,332,404
12/30/2014,RNM,CA,AWP,WE,Federal Contract Tower,0,0,4,0,4,0,0,18,0,18,0,0,22,0,22,94,0,94,116
12/31/2014,RNM,CA,AWP,WE,Federal Contract Tower,0,0,0,0,0,0,0,11,0,11,0,0,11,0,11,64,0,64,75
01/01/2015,RNM,CA,AWP,WE,Federal Contract Tower,0,0,3,0,3,0,0,63,0,63,0,0,66,0,66,164,0,164,230
01/02/2015,RNM,CA,AWP,WE,Federal Contract Tower,0,0,3,0,3,0,0,117,0,117,0,0,120,0,120,434,0,434,554
01/03/2015,RNM,CA,AWP,WE,Federal Contract Tower,0,0,4,0,4,0,0,100,0,100,0,0,104,0,104,308,0,308,412
01/04/2015,RNM,CA,AWP,WE,Federal Contract Tower,0,0,4,0,4,0,0,76,0,76,0,0,80,0,80,276,0,276,356
01/05/2015,RNM,CA,AWP,WE,Federal Contract Tower,0,0,6,0,6,0,0,81,0,81,0,0,87,0,87,296,0,296,383
01/06/2015,RNM,CA,AWP,WE,Federal Contract Tower,0,0,3,0,3,0,0,54,0,54,0,0,57,0,57,264,0,264,321
01/07/2015,RNM,CA,AWP,WE,Federal Contract Tower,0,0,2,0,2,0,0,97,2,99,0,0,99,2,101,372,2,374,475
01/08/2015,RNM,CA,AWP,WE,Federal Contract Tower,0,0,2,0,2,0,0,89,0,89,0,0,91,0,91,316,0,316,407
01/09/2015,RNM,CA,AWP,WE,Federal Contract Tower,0,0,3,0,3,0,0,98,0,98,0,0,101,0,101,410,0,410,511
01/10/2015,RNM,CA,AWP,WE,Federal Contract Tower,0,0,1,0,1,0,0,80,0,80,0,0,81,0,81,350,0,350,431
01/11/2015,RNM,CA,AWP,WE,Federal Contract Tower,1,0,0,0,1,0,0,0,0,0,1,0,0,0,1,0,0,0,1
01/12/2015,RNM,CA,AWP,WE,Federal Contract Tower,0,1,5,0,6,0,0,42,0,42,0,1,47,0,48,304,0,304,352
01/13/2015,RNM,CA,AWP,WE,Federal Contract Tower,0,2,3,0,5,0,0,51,2,53,0,2,54,2,58,460,2,462,520
01/14/2015,RNM,CA,AWP,WE,Federal Contract Tower,0,0,5,0,5,0,0,117,2,119,0,0,122,2,124,468,2,470,594
01/15/2015,RNM,CA,AWP,WE,Federal Contract Tower,0,1,3,0,4,0,0,72,0,72,0,1,75,0,76,260,0,260,336
01/16/2015,RNM,CA,AWP,WE,Federal Contract Tower,0,1,2,0,3,0,0,126,0,126,0,1,128,0,129,430,0,430,559
01/17/2015,RNM,CA,AWP,WE,Federal Contract Tower,0,0,5,0,5,0,0,105,0,105,0,0,110,0,110,200,0,200,310
01/18/2015,RNM,CA,AWP,WE,Federal Contract Tower,0,0,1,0,1,0,0,72,0,72,0,0,73,0,73,192,0,192,265
01/19/2015,RNM,CA,AWP,WE,Federal Contract Tower,0,2,8,0,10,0,0,122,0,122,0,2,130,0,132,326,0,326,458
01/20/2015,RNM,CA,AWP,WE,Federal Contract Tower,0,1,2,1,4,0,0,58,3,61,0,1,60,4,65,154,2,156,221
01/21/2015,RNM,CA,AWP,WE,Federal Contract Tower,0,0,0,0,0,0,0,7,0,7,0,0,7,0,7,22,0,22,29
01/22/2015,RNM,CA,AWP,WE,Federal Contract Tower,0,0,1,0,1,0,0,16,1,17,0,0,17,1,18,130,2,132,150
01/23/2015,RNM,CA,AWP,WE,Federal Contract Tower,0,0,4,0,4,0,0,58,0,58,0,0,62,0,62,180,0,180,242
01/24/2015,RNM,CA,AWP,WE,Federal Contract Tower,0,1,0,0,1,0,0,32,0,32,0,1,32,0,33,170,0,170,203
01/25/2015,RNM,CA,AWP,WE,Federal Contract Tower,0,0,2,0,2,0,0,21,0,21,0,0,23,0,23,190,0,190,213
01/26/2015,RNM,CA,AWP,WE,Federal Contract Tower,0,2,3,0,5,0,0,21,0,21,0,2,24,0,26,46,0,46,72
01/27/2015,RNM,CA,AWP,WE,Federal Contract Tower,0,0,6,0,6,0,0,116,0,116,0,0,122,0,122,448,0,448,570
01/28/2015,RNM,CA,AWP,WE,Federal Contract Tower,0,0,4,0,4,0,0,99,0,99,0,0,103,0,103,352,0,352,455
01/29/2015,RNM,CA,AWP,WE,Federal Contract Tower,0,0,10,0,10,0,0,86,0,86,0,0,96,0,96,182,0,182,278
01/30/2015,RNM,CA,AWP,WE,Federal Contract Tower,0,0,3,0,3,0,0,68,2,70,0,0,71,2,73,188,2,190,263
01/31/2015,RNM,CA,AWP,WE,Federal Contract Tower,0,1,3,0,4,0,0,54,0,54,0,1,57,0,58,200,0,200,258
02/01/2015,RNM,CA,AWP,WE,Federal Contract Tower,0,0,4,0,4,0,0,124,0,124,0,0,128,0,128,214,0,214,342
02/02/2015,RNM,CA,AWP,WE,Federal Contract Tower,0,0,6,0,6,0,0,96,2,98,0,0,102,2,104,340,4,344,448
02/03/2015,RNM,CA,AWP,WE,Federal Contract Tower,0,0,4,0,4,0,0,72,2,74,0,0,76,2,78,288,2,290,368
02/04/2015,RNM,CA,AWP,WE,Federal Contract Tower,0,2,3,0,5,0,0,87,2,89,0,2,90,2,94,388,2,390,484
02/05/2015,RNM,CA,AWP,WE,Federal Contract Tower,0,1,6,0,7,0,0,98,0,98,0,1,104,0,105,222,0,222,327
02/06/2015,RNM,CA,AWP,WE,Federal Contract Tower,1,0,3,0,4,0,0,111,0,111,1,0,114,0,115,338,0,338,453
02/07/2015,RNM,CA,AWP,WE,Federal Contract Tower,0,0,4,0,4,0,0,114,0,114,0,0,118,0,118,260,0,260,378
02/08/2015,RNM,CA,AWP,WE,Federal Contract Tower,0,0,2,0,2,0,0,100,0,100,0,0,102,0,102,200,0,200,302
02/09/2015,RNM,CA,AWP,WE,Federal Contract Tower,0,0,2,1,3,0,0,77,5,82,0,0,79,6,85,214,6,220,305
02/10/2015,RNM,CA,AWP,WE,Federal Contract Tower,0,0,3,0,3,0,0,107,0,107,0,0,110,0,110,346,0,346,456
02/11/2015,RNM,CA,AWP,WE,Federal Contract Tower,0,0,9,0,9,0,0,54,4,58,0,0,63,4,67,128,4,132,199
02/12/2015,RNM,CA,AWP,WE,Federal Contract Tower,0,0,4,0,4,0,0,31,2,33,0,0,35,2,37,60,0,60,97
02/13/2015,RNM,CA,AWP,WE,Federal Contract Tower,0,0,1,0,1,0,0,63,0,63,0,0,64,0,64,198,0,198,262
02/14/2015,RNM,CA,AWP,WE,Federal Contract Tower,0,0,0,1,1,0,0,0,106,106,0,0,0,107,107,200,0,200,307
02/15/2015,RNM,CA,AWP,WE,Federal Contract Tower,0,0,1,0,1,0,0,101,0,101,0,0,102,0,102,208,0,208,310
02/16/2015,RNM,CA,AWP,WE,Federal Contract Tower,0,0,8,0,8,0,0,111,0,111,0,0,119,0,119,334,0,334,453
02/17/2015,RNM,CA,AWP,WE,Federal Contract Tower,0,1,3,0,4,0,0,83,0,83,0,1,86,0,87,320,0,320,407
02/18/2015,RNM,CA,AWP,WE,Federal Contract Tower,0,0,6,0,6,0,0,73,0,73,0,0,79,0,79,204,0,204,283
02/19/2015,RNM,CA,AWP,WE,Federal Contract Tower,0,0,7,0,7,0,0,91,0,91,0,0,98,0,98,306,0,306,404
02/20/2015,RNM,CA,AWP,WE,Federal Contract Tower,0,0,11,0,11,0,0,49,0,49,0,0,60,0,60,254,0,254,314
02/21/2015,RNM,CA,AWP,WE,Federal Contract Tower,0,0,1,0,1,0,0,88,0,88,0,0,89,0,89,290,0,290,379
02/22/2015,RNM,CA,AWP,WE,Federal Contract Tower,0,0,6,0,6,0,0,14,0,14,0,0,20,0,20,66,0,66,86
02/23/2015,RNM,CA,AWP,WE,Federal Contract Tower,0,0,8,0,8,0,0,31,0,31,0,0,39,0,39,278,0,278,317
02/24/2015,RNM,CA,AWP,WE,Federal Contract Tower,0,0,3,0,3,0,0,86,0,86,0,0,89,0,89,21,0,21,110
02/25/2015,RNM,CA,AWP,WE,Federal Contract Tower,0,0,3,0,3,0,0,111,0,111,0,0,114,0,114,346,0,346,460
02/26/2015,RNM,CA,AWP,WE,Federal Contract Tower,0,0,5,0,5,0,0,134,0,134,0,0,139,0,139,440,0,440,579
02/27/2015,RNM,CA,AWP,WE,Federal Contract Tower,0,0,16,0,16,0,0,18,0,18,0,0,34,0,34,79,0,79,113
02/28/2015,RNM,CA,AWP,WE,Federal Contract Tower,0,0,3,0,3,0,0,26,0,26,0,0,29,0,29,90,0,90,119
03/01/2015,RNM,CA,AWP,WE,Federal Contract Tower,0,0,0,0,0,0,0,2,0,2,0,0,2,0,2,2,0,2,4
03/02/2015,RNM,CA,AWP,WE,Federal Contract Tower,0,0,1,0,1,0,0,4,0,4,0,0,5,0,5,10,0,10,15
03/03/2015,RNM,CA,AWP,WE,Federal Contract Tower,0,0,3,0,3,0,0,79,2,81,0,0,82,2,84,218,2,220,304
03/04/2015,RNM,CA,AWP,WE,Federal Contract Tower,0,0,1,0,1,0,0,88,0,88,0,0,89,0,89,178,0,178,267
03/05/2015,RNM,CA,AWP,WE,Federal Contract Tower,0,0,4,0,4,0,0,98,2,100,0,0,102,2,104,284,0,284,388
03/06/2015,RNM,CA,AWP,WE,Federal Contract Tower,0,0,3,0,3,0,0,72,0,72,0,0,75,0,75,290,0,290,365
03/07/2015,RNM,CA,AWP,WE,Federal Contract Tower,0,0,1,0,1,0,0,108,0,108,0,0,109,0,109,250,0,250,359
03/08/2015,RNM,CA,AWP,WE,Federal Contract Tower,0,0,0,0,0,0,0,120,0,120,0,0,120,0,120,220,0,220,340
03/09/2015,RNM,CA,AWP,WE,Federal Contract Tower,0,2,4,0,6,0,0,108,0,108,0,2,112,0,114,356,0,356,470
03/10/2015,RNM,CA,AWP,WE,Federal Contract Tower,0,0,4,0,4,0,0,81,0,81,0,0,85,0,85,272,0,272,357
03/11/2015,RNM,CA,AWP,WE,Federal Contract Tower,0,0,5,0,5,0,0,145,2,147,0,0,150,2,152,322,4,326,478
03/12/2015,RNM,CA,AWP,WE,Federal Contract Tower,0,2,2,0,4,0,0,90,2,92,0,2,92,2,96,274,4,278,374
03/13/2015,RNM,CA,AWP,WE,Federal Contract Tower,0,0,2,0,2,0,0,100,0,100,0,0,102,0,102,266,0,266,368
03/14/2015,RNM,CA,AWP,WE,Federal Contract Tower,0,0,8,0,8,0,0,100,0,100,0,0,108,0,108,206,0,206,314
03/15/2015,RNM,CA,AWP,WE,Federal Contract Tower,0,2,4,0,6,0,0,76,0,76,0,2,80,0,82,108,0,108,190
03/16/2015,RNM,CA,AWP,WE,Federal Contract Tower,0,1,3,0,4,0,0,83,0,83,0,1,86,0,87,202,0,202,289
03/17/2015,RNM,CA,AWP,WE,Federal Contract Tower,0,1,5,0,6,0,0,99,2,101,0,1,104,2,107,294,2,296,403
03/18/2015,RNM,CA,AWP,WE,Federal Contract Tower,0,0,8,0,8,0,0,90,2,92,0,0,98,2,100,282,2,284,384
03/19/2015,RNM,CA,AWP,WE,Federal Contract Tower,0,0,3,0,3,0,0,55,0,55,0,0,58,0,58,290,0,290,348
03/20/2015,RNM,CA,AWP,WE,Federal Contract Tower,0,0,4,0,4,0,0,96,0,96,0,0,100,0,100,316,0,316,416
03/21/2015,RNM,CA,AWP,WE,Federal Contract Tower,0,0,1,0,1,0,0,120,0,120,0,0,121,0,121,356,0,356,477
03/22/2015,RNM,CA,AWP,WE,Federal Contract Tower,0,0,2,0,2,0,0,86,0,86,0,0,88,0,88,326,0,326,414
03/23/2015,RNM,CA,AWP,WE,Federal Contract Tower,0,2,6,0,8,0,0,100,2,102,0,2,106,2,110,400,0,400,510
03/24/2015,RNM,CA,AWP,WE,Federal Contract Tower,0,0,1,0,1,0,0,74,0,74,0,0,75,0,75,250,0,250,325
03/25/2015,RNM,CA,AWP,WE,Federal Contract Tower,0,0,2,0,2,0,0,80,0,80,0,0,82,0,82,372,0,372,454
03/26/2015,RNM,CA,AWP,WE,Federal Contract Tower,0,0,4,0,4,0,0,71,2,73,0,0,75,2,77,362,0,362,439
03/27/2015,RNM,CA,AWP,WE,Federal Contract Tower,0,0,6,0,6,0,0,113,0,113,0,0,119,0,119,374,0,374,493
03/28/2015,RNM,CA,AWP,WE,Federal Contract Tower,0,0,1,0,1,0,0,104,0,104,0,0,105,0,105,270,0,270,375
03/29/2015,RNM,CA,AWP,WE,Federal Contract Tower,0,0,3,0,3,0,0,105,0,105,0,0,108,0,108,274,0,274,382
03/30/2015,RNM,CA,AWP,WE,Federal Contract Tower,0,3,6,0,9,0,0,105,0,105,0,3,111,0,114,322,0,322,436
03/31/2015,RNM,CA,AWP,WE,Federal Contract Tower,0,0,4,0,4,0,0,63,2,65,0,0,67,2,69,216,6,222,291
04/01/2015,RNM,CA,AWP,WE,Federal Contract Tower,0,0,6,0,6,0,0,66,2,68,0,0,72,2,74,324,12,336,410
04/02/2015,RNM,CA,AWP,WE,Federal Contract Tower,0,0,0,0,0,0,0,100,0,100,0,0,100,0,100,384,0,384,484
04/03/2015,RNM,CA,AWP,WE,Federal Contract Tower,0,0,4,0,4,0,0,86,0,86,0,0,90,0,90,252,0,252,342
04/04/2015,RNM,CA,AWP,WE,Federal Contract Tower,0,0,2,0,2,0,0,112,0,112,0,0,114,0,114,150,0,150,264
04/05/2015,RNM,CA,AWP,WE,Federal Contract Tower,0,0,1,0,1,0,0,55,0,55,0,0,56,0,56,160,0,160,216
04/06/2015,RNM,CA,AWP,WE,Federal Contract Tower,0,0,4,0,4,0,0,63,2,65,0,0,67,2,69,200,6,206,275
04/07/2015,RNM,CA,AWP,WE,Federal Contract Tower,0,0,1,0,1,0,0,58,0,58,0,0,59,0,59,218,0,218,277
04/08/2015,RNM,CA,AWP,WE,Federal Contract Tower,0,0,6,0,6,0,0,86,0,86,0,0,92,0,92,264,0,264,356
04/09/2015,RNM,CA,AWP,WE,Federal Contract Tower,0,2,2,0,4,0,0,109,2,111,0,2,111,2,115,245,6,251,366
04/10/2015,RNM,CA,AWP,WE,Federal Contract Tower,0,0,4,0,4,0,0,85,2,87,0,0,89,2,91,208,2,210,301
04/11/2015,RNM,CA,AWP,WE,Federal Contract Tower,0,0,1,0,1,0,0,187,0,187,0,0,188,0,188,187,0,187,375
04/12/2015,RNM,CA,AWP,WE,Federal Contract Tower,0,2,5,0,7,0,0,104,0,104,0,2,109,0,111,238,0,238,349
04/13/2015,RNM,CA,AWP,WE,Federal Contract Tower,0,0,3,0,3,0,0,75,2,77,0,0,78,2,80,272,4,276,356
04/14/2015,RNM,CA,AWP,WE,Federal Contract Tower,0,0,5,0,5,0,0,74,0,74,0,0,79,0,79,326,0,326,405
04/15/2015,RNM,CA,AWP,WE,Federal Contract Tower,0,0,2,0,2,0,0,76,0,76,0,0,78,0,78,15,0,15,93
04/16/2015,RNM,CA,AWP,WE,Federal Contract Tower,0,0,5,0,5,0,0,56,4,60,0,0,61,4,65,248,6,254,319
04/17/2015,RNM,CA,AWP,WE,Federal Contract Tower,0,0,4,0,4,0,0,140,0,140,0,0,144,0,144,280,0,280,424
04/18/2015,RNM,CA,AWP,WE,Federal Contract Tower,0,0,2,0,2,0,0,116,0,116,0,0,118,0,118,190,0,190,308
04/19/2015,RNM,CA,AWP,WE,Federal Contract Tower,0,0,8,0,8,0,0,118,0,118,0,0,126,0,126,220,0,220,346
04/20/2015,RNM,CA,AWP,WE,Federal Contract Tower,0,0,5,0,5,0,0,86,0,86,0,0,91,0,91,154,0,154,245
04/21/2015,RNM,CA,AWP,WE,Federal Contract Tower,0,0,3,0,3,0,0,46,2,48,0,0,49,2,51,118,2,120,171
04/22/2015,RNM,CA,AWP,WE,Federal Contract Tower,0,0,5,0,5,0,0,51,2,53,0,0,56,2,58,162,2,164,222
04/23/2015,RNM,CA,AWP,WE,Federal Contract Tower,0,0,2,0,2,0,0,28,0,28,0,0,30,0,30,162,0,162,192
04/24/2015,RNM,CA,AWP,WE,Federal Contract Tower,0,0,9,0,9,0,0,2,0,2,0,0,11,0,11,0,0,0,11
04/25/2015,RNM,CA,AWP,WE,Federal Contract Tower,0,0,0,0,0,0,0,10,0,10,0,0,10,0,10,60,0,60,70
04/26/2015,RNM,CA,AWP,WE,Federal Contract Tower,0,0,6,0,6,0,0,64,0,64,0,0,70,0,70,106,0,106,176
04/27/2015,RNM,CA,AWP,WE,Federal Contract Tower,0,2,1,0,3,0,0,113,0,113,0,2,114,0,116,134,0,134,250
04/28/2015,RNM,CA,AWP,WE,Federal Contract Tower,0,0,2,0,2,0,0,119,0,119,0,0,121,0,121,31,0,31,152
04/29/2015,RNM,CA,AWP,WE,Federal Contract Tower,0,0,6,2,8,0,0,92,0,92,0,0,98,2,100,230,0,230,330
04/30/2015,RNM,CA,AWP,WE,Federal Contract Tower,0,0,4,0,4,0,0,120,4,124,0,0,124,4,128,284,4,288,416
05/01/2015,RNM,CA,AWP,WE,Federal Contract Tower,0,0,3,0,3,0,0,144,0,144,0,0,147,0,147,340,0,340,487
05/02/2015,RNM,CA,AWP,WE,Federal Contract Tower,0,0,4,0,4,0,0,104,0,104,0,0,108,0,108,230,0,230,338
05/03/2015,RNM,CA,AWP,WE,Federal Contract Tower,0,0,0,0,0,0,0,62,0,62,0,0,62,0,62,90,0,90,152
05/04/2015,RNM,CA,AWP,WE,Federal Contract Tower,0,0,9,0,9,0,0,32,4,36,0,0,41,4,45,162,2,164,209
05/05/2015,RNM,CA,AWP,WE,Federal Contract Tower,0,0,7,0,7,0,0,39,2,41,0,0,46,2,48,256,6,262,310
05/06/2015,RNM,CA,AWP,WE,Federal Contract Tower,0,0,15,0,15,0,0,54,2,56,0,0,69,2,71,280,0,280,351
05/07/2015,RNM,CA,AWP,WE,Federal Contract Tower,0,2,7,0,9,0,0,48,5,53,0,2,55,5,62,164,0,164,226
05/08/2015,RNM,CA,AWP,WE,Federal Contract Tower,0,0,1,0,1,0,0,18,4,22,0,0,19,4,23,18,0,18,41
05/09/2015,RNM,CA,AWP,WE,Federal Contract Tower,0,0,12,0,12,0,0,85,2,87,0,0,97,2,99,310,20,330,429
05/10/2015,RNM,CA,AWP,WE,Federal Contract Tower,0,0,6,0,6,0,0,96,0,96,0,0,102,0,102,140,0,140,242
05/11/2015,RNM,CA,AWP,WE,Federal Contract Tower,0,0,6,0,6,0,0,102,0,102,0,0,108,0,108,230,0,230,338
05/12/2015,RNM,CA,AWP,WE,Federal Contract Tower,0,0,8,0,8,0,0,82,2,84,0,0,90,2,92,240,2,242,334
05/13/2015,RNM,CA,AWP,WE,Federal Contract Tower,0,0,5,0,5,0,0,126,0,126,0,0,131,0,131,216,0,216,347
05/14/2015,RNM,CA,AWP,WE,Federal Contract Tower,0,0,8,0,8,0,0,30,0,30,0,0,38,0,38,42,0,42,80
05/15/2015,RNM,CA,AWP,WE,Federal Contract Tower,0,0,7,0,7,0,0,4,0,4,0,0,11,0,11,14,0,14,25
05/16/2015,RNM,CA,AWP,WE,Federal Contract Tower,0,0,10,0,10,0,0,30,0,30,0,0,40,0,40,146,0,146,186
05/17/2015,RNM,CA,AWP,WE,Federal Contract Tower,0,0,14,0,14,0,0,100,0,100,0,0,114,0,114,226,0,226,340
05/18/2015,RNM,CA,AWP,WE,Federal Contract Tower,0,3,10,0,13,0,0,73,0,73,0,3,83,0,86,256,0,256,342
05/19/2015,RNM,CA,AWP,WE,Federal Contract Tower,0,0,5,0,5,0,0,78,0,78,0,0,83,0,83,280,0,280,363
05/20/2015,RNM,CA,AWP,WE,Federal Contract Tower,0,0,9,0,9,0,0,67,10,77,0,0,76,10,86,282,16,298,384
05/21/2015,RNM,CA,AWP,WE,Federal Contract Tower,0,1,10,0,11,0,0,31,0,31,0,1,41,0,42,132,0,132,174
05/22/2015,RNM,CA,AWP,WE,Federal Contract Tower,0,1,11,0,12,0,0,42,0,42,0,1,53,0,54,174,0,174,228
05/23/2015,RNM,CA,AWP,WE,Federal Contract Tower,0,0,9,0,9,0,0,24,0,24,0,0,33,0,33,140,0,140,173
05/24/2015,RNM,CA,AWP,WE,Federal Contract Tower,0,0,14,0,14,0,0,14,0,14,0,0,28,0,28,48,0,48,76
05/25/2015,RNM,CA,AWP,WE,Federal Contract Tower,0,0,11,0,11,0,0,7,0,7,0,0,18,0,18,112,0,112,130
05/26/2015,RNM,CA,AWP,WE,Federal Contract Tower,0,0,10,0,10,0,0,47,0,47,0,0,57,0,57,174,0,174,231
05/27/2015,RNM,CA,AWP,WE,Federal Contract Tower,0,0,9,0,9,0,0,53,0,53,0,0,62,0,62,122,0,122,184
05/28/2015,RNM,CA,AWP,WE,Federal Contract Tower,0,0,8,0,8,0,0,148,0,148,0,0,156,0,156,338,0,338,494
05/29/2015,RNM,CA,AWP,WE,Federal Contract Tower,0,0,6,0,6,0,0,141,0,141,0,0,147,0,147,340,0,340,487
05/30/2015,RNM,CA,AWP,WE,Federal Contract Tower,0,0,12,0,12,0,0,135,0,135,0,0,147,0,147,300,0,300,447
05/31/2015,RNM,CA,AWP,WE,Federal Contract Tower,0,0,4,0,4,0,0,88,0,88,0,0,92,0,92,118,0,118,210
06/01/2015,RNM,CA,AWP,WE,Federal Contract Tower,0,2,0,0,2,0,0,99,0,99,0,2,99,0,101,314,0,314,415
06/02/2015,RNM,CA,AWP,WE,Federal Contract Tower,0,0,2,0,2,0,0,91,0,91,0,0,93,0,93,186,0,186,279
06/03/2015,RNM,CA,AWP,WE,Federal Contract Tower,0,1,11,0,12,0,0,111,0,111,0,1,122,0,123,338,0,338,461
06/04/2015,RNM,CA,AWP,WE,Federal Contract Tower,0,3,5,0,8,0,0,53,0,53,0,3,58,0,61,150,0,150,211
06/05/2015,RNM,CA,AWP,WE,Federal Contract Tower,0,0,13,0,13,0,0,97,2,99,0,0,110,2,112,318,4,322,434
06/06/2015,RNM,CA,AWP,WE,Federal Contract Tower,0,1,2,0,3,0,0,100,0,100,0,1,102,0,103,250,0,250,353
06/07/2015,RNM,CA,AWP,WE,Federal Contract Tower,0,0,5,0,5,0,0,15,0,15,0,0,20,0,20,270,0,270,290
06/08/2015,RNM,CA,AWP,WE,Federal Contract Tower,0,0,3,0,3,0,0,104,2,106,0,0,107,2,109,288,14,302,411
06/09/2015,RNM,CA,AWP,WE,Federal Contract Tower,0,0,4,0,4,0,0,70,2,72,0,0,74,2,76,142,2,144,220
06/10/2015,RNM,CA,AWP,WE,Federal Contract Tower,0,1,7,0,8,0,0,66,2,68,0,1,73,2,76,188,2,190,266
06/11/2015,RNM,CA,AWP,WE,Federal Contract Tower,0,0,15,0,15,0,0,58,2,60,0,0,73,2,75,214,0,214,289
06/12/2015,RNM,CA,AWP,WE,Federal Contract Tower,0,1,11,0,12,0,0,43,0,43,0,1,54,0,55,190,0,190,245
06/13/2015,RNM,CA,AWP,WE,Federal Contract Tower,0,1,6,0,7,0,0,30,0,30,0,1,36,0,37,84,0,84,121
06/14/2015,RNM,CA,AWP,WE,Federal Contract Tower,0,0,9,0,9,0,0,116,0,116,0,0,125,0,125,246,0,246,371
06/15/2015,RNM,CA,AWP,WE,Federal Contract Tower,0,1,6,0,7,0,0,122,2,124,0,1,128,2,131,316,2,318,449
06/16/2015,RNM,CA,AWP,WE,Federal Contract Tower,0,0,8,0,8,0,0,121,0,121,0,0,129,0,129,328,0,328,457
06/17/2015,RNM,CA,AWP,WE,Federal Contract Tower,0,0,3,0,3,0,0,181,0,181,0,0,184,0,184,286,0,286,470
06/18/2015,RNM,CA,AWP,WE,Federal Contract Tower,0,0,9,0,9,0,0,138,0,138,0,0,147,0,147,530,0,530,677
06/19/2015,RNM,CA,AWP,WE,Federal Contract Tower,0,0,6,0,6,0,0,114,0,114,0,0,120,0,120,368,0,368,488
06/20/2015,RNM,CA,AWP,WE,Federal Contract Tower,0,0,4,0,4,0,0,84,0,84,0,0,88,0,88,172,0,172,260
06/21/2015,RNM,CA,AWP,WE,Federal Contract Tower,0,0,3,0,3,0,0,75,0,75,0,0,78,0,78,70,0,70,148
06/22/2015,RNM,CA,AWP,WE,Federal Contract Tower,0,0,3,0,3,0,0,99,2,101,0,0,102,2,104,276,4,280,384
06/23/2015,RNM,CA,AWP,WE,Federal Contract Tower,0,0,4,0,4,0,0,108,0,108,0,0,112,0,112,366,0,366,478
06/24/2015,RNM,CA,AWP,WE,Federal Contract Tower,0,1,9,0,10,0,0,86,0,86,0,1,95,0,96,188,0,188,284
06/25/2015,RNM,CA,AWP,WE,Federal Contract Tower,0,0,6,0,6,0,0,125,0,125,0,0,131,0,131,378,0,378,509
06/26/2015,RNM,CA,AWP,WE,Federal Contract Tower,0,0,8,0,8,0,0,141,0,141,0,0,149,0,149,430,0,430,579
06/27/2015,RNM,CA,AWP,WE,Federal Contract Tower,0,0,5,0,5,0,0,95,0,95,0,0,100,0,100,206,0,206,306
06/28/2015,RNM,CA,AWP,WE,Federal Contract Tower,0,0,1,0,1,0,0,66,0,66,0,0,67,0,67,150,0,150,217
06/29/2015,RNM,CA,AWP,WE,Federal Contract Tower,0,0,6,0,6,0,0,98,0,98,0,0,104,0,104,276,0,276,380
06/30/2015,RNM,CA,AWP,WE,Federal Contract Tower,0,0,0,0,0,0,0,62,0,62,0,0,62,0,62,100,0,100,162
07/01/2015,RNM,CA,AWP,WE,Federal Contract Tower,0,0,2,0,2,0,0,80,0,80,0,0,82,0,82,204,0,204,286
07/02/2015,RNM,CA,AWP,WE,Federal Contract Tower,0,0,7,0,7,0,0,87,0,87,0,0,94,0,94,333,0,333,427
07/03/2015,RNM,CA,AWP,WE,Federal Contract Tower,0,0,6,0,6,0,0,118,0,118,0,0,124,0,124,468,0,468,592
07/04/2015,RNM,CA,AWP,WE,Federal Contract Tower,0,0,3,0,3,0,0,85,0,85,0,0,88,0,88,160,0,160,248
07/05/2015,RNM,CA,AWP,WE,Federal Contract Tower,0,0,3,0,3,0,0,59,0,59,0,0,62,0,62,124,0,124,186
07/06/2015,RNM,CA,AWP,WE,Federal Contract Tower,0,0,12,0,12,0,0,88,0,88,0,0,100,0,100,307,0,307,407
07/07/2015,RNM,CA,AWP,WE,Federal Contract Tower,0,0,10,0,10,0,0,95,0,95,0,0,105,0,105,284,0,284,389
07/08/2015,RNM,CA,AWP,WE,Federal Contract Tower,0,0,7,0,7,0,0,92,2,94,0,0,99,2,101,248,0,248,349
07/09/2015,RNM,CA,AWP,WE,Federal Contract Tower,0,0,8,0,8,0,0,77,0,77,0,0,85,0,85,276,0,276,361
07/10/2015,RNM,CA,AWP,WE,Federal Contract Tower,0,0,8,0,8,0,0,87,17,104,0,0,95,17,112,310,8,318,430
07/11/2015,RNM,CA,AWP,WE,Federal Contract Tower,0,0,6,0,6,0,0,90,0,90,0,0,96,0,96,344,0,344,440
07/12/2015,RNM,CA,AWP,WE,Federal Contract Tower,0,2,3,0,5,0,0,90,0,90,0,2,93,0,95,172,0,172,267
07/13/2015,RNM,CA,AWP,WE,Federal Contract Tower,0,0,4,0,4,0,0,116,0,116,0,0,120,0,120,302,0,302,422
07/14/2015,RNM,CA,AWP,WE,Federal Contract Tower,0,0,5,0,5,0,0,103,0,103,0,0,108,0,108,368,0,368,476
07/15/2015,RNM,CA,AWP,WE,Federal Contract Tower,0,0,8,0,8,0,0,94,0,94,0,0,102,0,102,308,0,308,410
07/16/2015,RNM,CA,AWP,WE,Federal Contract Tower,0,0,2,0,2,0,0,136,0,136,0,0,138,0,138,478,0,478,616
07/17/2015,RNM,CA,AWP,WE,Federal Contract Tower,0,0,3,0,3,0,0,125,4,129,0,0,128,4,132,310,4,314,446
07/18/2015,RNM,CA,AWP,WE,Federal Contract Tower,0,0,3,0,3,0,0,9,0,9,0,0,12,0,12,36,0,36,48
07/19/2015,RNM,CA,AWP,WE,Federal Contract Tower,0,0,1,0,1,0,0,40,0,40,0,0,41,0,41,94,0,94,135
07/20/2015,RNM,CA,AWP,WE,Federal Contract Tower,0,0,9,0,9,0,0,54,0,54,0,0,63,0,63,216,0,216,279
07/21/2015,RNM,CA,AWP,WE,Federal Contract Tower,0,2,14,0,16,0,0,34,0,34,0,2,48,0,50,260,0,260,310
07/22/2015,RNM,CA,AWP,WE,Federal Contract Tower,0,0,10,0,10,0,0,104,2,106,0,0,114,2,116,414,2,416,532
07/23/2015,RNM,CA,AWP,WE,Federal Contract Tower,0,2,9,0,11,0,0,117,0,117,0,2,126,0,128,396,0,396,524
07/24/2015,RNM,CA,AWP,WE,Federal Contract Tower,0,0,3,0,3,0,0,124,0,124,0,0,127,0,127,336,0,336,463
07/25/2015,RNM,CA,AWP,WE,Federal Contract Tower,0,0,2,0,2,0,0,16,0,16,0,0,18,0,18,266,0,266,284
07/26/2015,RNM,CA,AWP,WE,Federal Contract Tower,0,0,5,0,5,0,0,90,0,90,0,0,95,0,95,240,0,240,335
07/27/2015,RNM,CA,AWP,WE,Federal Contract Tower,0,0,7,0,7,0,0,92,2,94,0,0,99,2,101,188,8,196,297
07/28/2015,RNM,CA,AWP,WE,Federal Contract Tower,0,0,3,0,3,0,0,106,4,110,0,0,109,4,113,234,12,246,359
07/29/2015,RNM,CA,AWP,WE,Federal Contract Tower,0,0,5,0,5,0,0,123,4,127,0,0,128,4,132,268,8,276,408
07/30/2015,RNM,CA,AWP,WE,Federal Contract Tower,0,0,5,0,5,0,0,82,6,88,0,0,87,6,93,300,26,326,419
07/31/2015,RNM,CA,AWP,WE,Federal Contract Tower,0,0,0,0,0,0,0,111,2,113,0,0,111,2,113,290,0,290,403
08/01/2015,RNM,CA,AWP,WE,Federal Contract Tower,0,0,3,0,3,0,0,91,0,91,0,0,94,0,94,126,0,126,220
08/02/2015,RNM,CA,AWP,WE,Federal Contract Tower,0,0,8,0,8,0,0,85,0,85,0,0,93,0,93,170,0,170,263
08/03/2015,RNM,CA,AWP,WE,Federal Contract Tower,0,0,5,0,5,0,0,93,0,93,0,0,98,0,98,242,0,242,340
08/04/2015,RNM,CA,AWP,WE,Federal Contract Tower,0,0,5,0,5,0,0,99,0,99,0,0,104,0,104,318,0,318,422
08/05/2015,RNM,CA,AWP,WE,Federal Contract Tower,0,0,2,0,2,0,0,88,0,88,0,0,90,0,90,266,0,266,356
08/06/2015,RNM,CA,AWP,WE,Federal Contract Tower,0,0,5,0,5,0,0,104,0,104,0,0,109,0,109,260,0,260,369
08/07/2015,RNM,CA,AWP,WE,Federal Contract Tower,0,0,14,0,14,0,0,116,2,118,0,0,130,2,132,330,8,338,470
08/08/2015,RNM,CA,AWP,WE,Federal Contract Tower,0,0,2,0,2,0,0,120,0,120,0,0,122,0,122,200,0,200,322
08/09/2015,RNM,CA,AWP,WE,Federal Contract Tower,0,0,4,0,4,0,0,68,0,68,0,0,72,0,72,108,0,108,180
08/10/2015,RNM,CA,AWP,WE,Federal Contract Tower,0,2,6,0,8,0,0,84,0,84,0,2,90,0,92,250,0,250,342
08/11/2015,RNM,CA,AWP,WE,Federal Contract Tower,0,0,3,0,3,0,0,104,0,104,0,0,107,0,107,236,0,236,343
08/12/2015,RNM,CA,AWP,WE,Federal Contract Tower,0,0,4,0,4,0,0,90,6,96,0,0,94,6,100,390,4,394,494
08/13/2015,RNM,CA,AWP,WE,Federal Contract Tower,0,1,1,0,2,0,0,136,10,146,0,1,137,10,148,456,10,466,614
08/14/2015,RNM,CA,AWP,WE,Federal Contract Tower,0,0,5,0,5,0,0,111,0,111,0,0,116,0,116,238,0,238,354
08/15/2015,RNM,CA,AWP,WE,Federal Contract Tower,0,0,3,0,3,0,0,85,0,85,0,0,88,0,88,170,0,170,258
08/16/2015,RNM,CA,AWP,WE,Federal Contract Tower,0,0,2,0,2,0,0,82,0,82,0,0,84,0,84,232,0,232,316
08/17/2015,RNM,CA,AWP,WE,Federal Contract Tower,0,2,5,0,7,0,0,105,0,105,0,2,110,0,112,300,0,300,412
08/18/2015,RNM,CA,AWP,WE,Federal Contract Tower,0,0,5,0,5,0,0,116,0,116,0,0,121,0,121,406,0,406,527
08/19/2015,RNM,CA,AWP,WE,Federal Contract Tower,0,0,3,0,3,0,0,96,2,98,0,0,99,2,101,394,0,394,495
08/20/2015,RNM,CA,AWP,WE,Federal Contract Tower,0,0,4,0,4,0,0,107,0,107,0,0,111,0,111,474,0,474,585
08/21/2015,RNM,CA,AWP,WE,Federal Contract Tower,0,0,10,0,10,0,0,108,2,110,0,0,118,2,120,366,2,368,488
08/22/2015,RNM,CA,AWP,WE,Federal Contract Tower,0,0,4,0,4,0,0,124,0,124,0,0,128,0,128,312,0,312,440
08/23/2015,RNM,CA,AWP,WE,Federal Contract Tower,0,1,4,0,5,0,0,85,0,85,0,1,89,0,90,180,0,180,270
08/24/2015,RNM,CA,AWP,WE,Federal Contract Tower,0,0,7,0,7,0,0,99,0,99,0,0,106,0,106,350,0,350,456
08/25/2015,RNM,CA,AWP,WE,Federal Contract Tower,0,0,3,0,3,0,0,68,4,72,0,0,71,4,75,284,2,286,361
08/26/2015,RNM,CA,AWP,WE,Federal Contract Tower,0,1,3,0,4,0,0,98,0,98,0,1,101,0,102,312,0,312,414
08/27/2015,RNM,CA,AWP,WE,Federal Contract Tower,0,0,4,0,4,0,0,92,0,92,0,0,96,0,96,318,0,318,414
08/28/2015,RNM,CA,AWP,WE,Federal Contract Tower,0,0,1,0,1,0,0,114,0,114,0,0,115,0,115,322,0,322,437
08/29/2015,RNM,CA,AWP,WE,Federal Contract Tower,0,0,0,0,0,0,0,107,0,107,0,0,107,0,107,260,0,260,367
08/30/2015,RNM,CA,AWP,WE,Federal Contract Tower,0,0,3,0,3,0,0,120,0,120,0,0,123,0,123,222,0,222,345
08/31/2015,RNM,CA,AWP,WE,Federal Contract Tower,0,0,3,0,3,0,0,104,2,106,0,0,107,2,109,206,0,206,315
09/01/2015,RNM,CA,AWP,WE,Federal Contract Tower,0,0,6,0,6,0,0,121,4,125,0,0,127,4,131,448,4,452,583
09/02/2015,RNM,CA,AWP,WE,Federal Contract Tower,0,0,3,0,3,0,0,62,0,62,0,0,65,0,65,188,0,188,253
09/03/2015,RNM,CA,AWP,WE,Federal Contract Tower,0,0,8,0,8,0,0,132,0,132,0,0,140,0,140,460,0,460,600
09/04/2015,RNM,CA,AWP,WE,Federal Contract Tower,0,0,7,0,7,0,0,102,0,102,0,0,109,0,109,360,0,360,469
09/05/2015,RNM,CA,AWP,WE,Federal Contract Tower,0,0,3,0,3,0,0,120,0,120,0,0,123,0,123,164,0,164,287
09/06/2015,RNM,CA,AWP,WE,Federal Contract Tower,0,0,1,0,1,0,0,100,0,100,0,0,101,0,101,230,0,230,331
09/07/2015,RNM,CA,AWP,WE,Federal Contract Tower,0,0,0,0,0,0,0,78,0,78,0,0,78,0,78,190,0,190,268
09/08/2015,RNM,CA,AWP,WE,Federal Contract Tower,0,0,2,0,2,0,0,75,2,77,0,0,77,2,79,282,4,286,365
09/09/2015,RNM,CA,AWP,WE,Federal Contract Tower,0,0,3,0,3,0,0,55,4,59,0,0,58,4,62,258,2,260,322
09/10/2015,RNM,CA,AWP,WE,Federal Contract Tower,0,0,4,0,4,0,0,84,2,86,0,0,88,2,90,274,2,276,366
09/11/2015,RNM,CA,AWP,WE,Federal Contract Tower,0,0,3,0,3,0,0,104,0,104,0,0,107,0,107,318,0,318,425
09/12/2015,RNM,CA,AWP,WE,Federal Contract Tower,0,0,1,0,1,0,0,103,0,103,0,0,104,0,104,210,0,210,314
09/13/2015,RNM,CA,AWP,WE,Federal Contract Tower,0,0,1,0,1,0,0,81,0,81,0,0,82,0,82,140,0,140,222
09/14/2015,RNM,CA,AWP,WE,Federal Contract Tower,0,0,4,0,4,0,0,40,2,42,0,0,44,2,46,120,8,128,174
09/15/2015,RNM,CA,AWP,WE,Federal Contract Tower,0,2,7,0,9,0,0,0,0,0,0,2,7,0,9,0,0,0,9
09/16/2015,RNM,CA,AWP,WE,Federal Contract Tower,0,0,6,0,6,0,0,39,2,41,0,0,45,2,47,194,0,194,241
09/17/2015,RNM,CA,AWP,WE,Federal Contract Tower,0,0,3,0,3,0,0,104,0,104,0,0,107,0,107,212,0,212,319
09/18/2015,RNM,CA,AWP,WE,Federal Contract Tower,0,0,2,0,2,0,0,150,2,152,0,0,152,2,154,358,2,360,514
09/19/2015,RNM,CA,AWP,WE,Federal Contract Tower,0,2,0,0,2,0,0,127,0,127,0,2,127,0,129,258,0,258,387
09/20/2015,RNM,CA,AWP,WE,Federal Contract Tower,0,0,6,0,6,0,0,96,0,96,0,0,102,0,102,210,0,210,312
09/21/2015,RNM,CA,AWP,WE,Federal Contract Tower,0,0,4,0,4,0,0,39,0,39,0,0,43,0,43,162,0,162,205
09/22/2015,RNM,CA,AWP,WE,Federal Contract Tower,0,0,2,0,2,0,0,83,0,83,0,0,85,0,85,264,0,264,349
09/23/2015,RNM,CA,AWP,WE,Federal Contract Tower,0,0,7,0,7,0,0,98,2,100,0,0,105,2,107,362,2,364,471
09/24/2015,RNM,CA,AWP,WE,Federal Contract Tower,0,0,2,0,2,0,0,110,2,112,0,0,112,2,114,434,0,434,548
09/25/2015,RNM,CA,AWP,WE,Federal Contract Tower,0,0,6,0,6,0,0,100,0,100,0,0,106,0,106,276,0,276,382
09/26/2015,RNM,CA,AWP,WE,Federal Contract Tower,0,0,2,0,2,0,0,96,0,96,0,0,98,0,98,156,0,156,254
09/27/2015,RNM,CA,AWP,WE,Federal Contract Tower,0,0,2,0,2,0,0,82,0,82,0,0,84,0,84,170,0,170,254
09/28/2015,RNM,CA,AWP,WE,Federal Contract Tower,0,0,6,0,6,0,0,102,0,102,0,0,108,0,108,352,0,352,460
09/29/2015,RNM,CA,AWP,WE,Federal Contract Tower,0,0,2,0,2,0,0,78,0,78,0,0,80,0,80,382,0,382,462
09/30/2015,RNM,CA,AWP,WE,Federal Contract Tower,0,0,0,0,0,0,0,84,2,86,0,0,84,2,86,292,0,292,378
10/01/2015,RNM,CA,AWP,WE,Federal Contract Tower,0,0,2,0,2,0,0,88,4,92,0,0,90,4,94,324,10,334,428
10/02/2015,RNM,CA,AWP,WE,Federal Contract Tower,0,0,5,0,5,0,0,109,0,109,0,0,114,0,114,378,0,378,492
10/03/2015,RNM,CA,AWP,WE,Federal Contract Tower,0,0,2,0,2,0,0,80,0,80,0,0,82,0,82,130,0,130,212
10/04/2015,RNM,CA,AWP,WE,Federal Contract Tower,0,0,4,0,4,0,0,0,0,0,0,0,4,0,4,0,0,0,4
10/05/2015,RNM,CA,AWP,WE,Federal Contract Tower,0,2,4,0,6,0,0,3,0,3,0,2,7,0,9,7,0,7,16
10/06/2015,RNM,CA,AWP,WE,Federal Contract Tower,0,0,6,0,6,0,0,107,4,111,0,0,113,4,117,248,4,252,369
10/07/2015,RNM,CA,AWP,WE,Federal Contract Tower,0,0,3,0,3,0,0,95,2,97,0,0,98,2,100,182,0,182,282
10/08/2015,RNM,CA,AWP,WE,Federal Contract Tower,0,1,4,0,5,0,0,112,0,112,0,1,116,0,117,219,0,219,336
10/09/2015,RNM,CA,AWP,WE,Federal Contract Tower,0,1,2,0,3,0,0,95,4,99,0,1,97,4,102,286,0,286,388
10/10/2015,RNM,CA,AWP,WE,Federal Contract Tower,0,0,1,0,1,0,0,62,0,62,0,0,63,0,63,140,0,140,203
10/11/2015,RNM,CA,AWP,WE,Federal Contract Tower,0,0,2,0,2,0,0,8,0,8,0,0,10,0,10,0,0,0,10
10/12/2015,RNM,CA,AWP,WE,Federal Contract Tower,0,0,3,0,3,0,0,36,0,36,0,0,39,0,39,114,0,114,153
10/13/2015,RNM,CA,AWP,WE,Federal Contract Tower,0,0,5,0,5,0,0,94,0,94,0,0,99,0,99,238,0,238,337
10/14/2015,RNM,CA,AWP,WE,Federal Contract Tower,0,0,2,0,2,0,0,77,6,83,0,0,79,6,85,226,8,234,319
10/15/2015,RNM,CA,AWP,WE,Federal Contract Tower,0,0,12,0,12,0,0,54,0,54,0,0,66,0,66,170,0,170,236
10/16/2015,RNM,CA,AWP,WE,Federal Contract Tower,0,0,11,0,11,0,0,5,2,7,0,0,16,2,18,58,0,58,76
10/17/2015,RNM,CA,AWP,WE,Federal Contract Tower,0,0,14,0,14,0,0,32,0,32,0,0,46,0,46,70,0,70,116
10/18/2015,RNM,CA,AWP,WE,Federal Contract Tower,0,0,10,0,10,0,0,10,0,10,0,0,20,0,20,20,0,20,40
10/19/2015,RNM,CA,AWP,WE,Federal Contract Tower,0,0,9,0,9,0,0,52,0,52,0,0,61,0,61,182,0,182,243
10/20/2015,RNM,CA,AWP,WE,Federal Contract Tower,0,0,6,0,6,0,0,76,0,76,0,0,82,0,82,204,0,204,286
10/21/2015,RNM,CA,AWP,WE,Federal Contract Tower,0,0,5,0,5,0,0,101,0,101,0,0,106,0,106,342,0,342,448
10/22/2015,RNM,CA,AWP,WE,Federal Contract Tower,0,0,5,0,5,0,0,130,2,132,0,0,135,2,137,265,2,267,404
10/23/2015,RNM,CA,AWP,WE,Federal Contract Tower,0,2,5,0,7,0,0,113,0,113,0,2,118,0,120,178,0,178,298
10/24/2015,RNM,CA,AWP,WE,Federal Contract Tower,0,0,3,0,3,0,0,110,0,110,0,0,113,0,113,188,0,188,301
10/25/2015,RNM,CA,AWP,WE,Federal Contract Tower,0,0,4,0,4,0,0,90,0,90,0,0,94,0,94,100,0,100,194
10/26/2015,RNM,CA,AWP,WE,Federal Contract Tower,0,2,5,0,7,0,0,134,2,136,0,2,139,2,143,316,4,320,463
10/27/2015,RNM,CA,AWP,WE,Federal Contract Tower,0,0,6,0,6,0,0,91,2,93,0,0,97,2,99,250,2,252,351
10/28/2015,RNM,CA,AWP,WE,Federal Contract Tower,0,0,4,0,4,0,0,95,6,101,0,0,99,6,105,272,6,278,383
10/29/2015,RNM,CA,AWP,WE,Federal Contract Tower,0,1,3,0,4,0,0,85,2,87,0,1,88,2,91,310,2,312,403
10/30/2015,RNM,CA,AWP,WE,Federal Contract Tower,0,3,5,0,8,0,0,114,0,114,0,3,119,0,122,426,0,426,548
10/31/2015,RNM,CA,AWP,WE,Federal Contract Tower,0,0,1,0,1,0,0,112,0,112,0,0,113,0,113,160,0,160,273
11/01/2015,RNM,CA,AWP,WE,Federal Contract Tower,0,0,3,0,3,0,0,100,0,100,0,0,103,0,103,160,0,160,263
11/02/2015,RNM,CA,AWP,WE,Federal Contract Tower,0,0,5,0,5,0,0,39,0,39,0,0,44,0,44,88,0,88,132
11/03/2015,RNM,CA,AWP,WE,Federal Contract Tower,0,2,3,0,5,0,0,31,0,31,0,2,34,0,36,202,0,202,238
11/04/2015,RNM,CA,AWP,WE,Federal Contract Tower,0,2,7,0,9,0,0,64,2,66,0,2,71,2,75,182,2,184,259
11/05/2015,RNM,CA,AWP,WE,Federal Contract Tower,0,0,5,0,5,0,0,106,0,106,0,0,111,0,111,247,0,247,358
11/06/2015,RNM,CA,AWP,WE,Federal Contract Tower,0,2,3,0,5,0,0,96,0,96,0,2,99,0,101,226,0,226,327
11/07/2015,RNM,CA,AWP,WE,Federal Contract Tower,0,0,5,0,5,0,0,100,0,100,0,0,105,0,105,140,0,140,245
11/08/2015,RNM,CA,AWP,WE,Federal Contract Tower,0,0,4,0,4,0,0,110,0,110,0,0,114,0,114,180,0,180,294
11/09/2015,RNM,CA,AWP,WE,Federal Contract Tower,0,0,5,0,5,0,0,17,4,21,0,0,22,4,26,32,0,32,58
11/10/2015,RNM,CA,AWP,WE,Federal Contract Tower,0,0,5,0,5,0,0,53,2,55,0,0,58,2,60,224,6,230,290
11/11/2015,RNM,CA,AWP,WE,Federal Contract Tower,0,0,4,0,4,0,0,113,0,113,0,0,117,0,117,265,0,265,382
11/12/2015,RNM,CA,AWP,WE,Federal Contract Tower,0,0,2,0,2,0,0,75,4,79,0,0,77,4,81,246,6,252,333
11/13/2015,RNM,CA,AWP,WE,Federal Contract Tower,0,0,5,0,5,0,0,154,0,154,0,0,159,0,159,230,0,230,389
11/14/2015,RNM,CA,AWP,WE,Federal Contract Tower,0,0,4,0,4,0,0,232,0,232,0,0,236,0,236,156,0,156,392
11/15/2015,RNM,CA,AWP,WE,Federal Contract Tower,0,0,7,0,7,0,0,20,0,20,0,0,27,0,27,38,0,38,65
11/16/2015,RNM,CA,AWP,WE,Federal Contract Tower,0,2,2,0,4,0,0,37,2,39,0,2,39,2,43,132,2,134,177
11/17/2015,RNM,CA,AWP,WE,Federal Contract Tower,0,0,1,0,1,0,0,98,2,100,0,0,99,2,101,266,8,274,375
11/18/2015,RNM,CA,AWP,WE,Federal Contract Tower,0,2,3,0,5,0,0,76,2,78,0,2,79,2,83,172,2,174,257
11/19/2015,RNM,CA,AWP,WE,Federal Contract Tower,0,0,10,0,10,0,0,82,2,84,0,0,92,2,94,160,2,162,256
11/20/2015,RNM,CA,AWP,WE,Federal Contract Tower,0,0,4,0,4,0,0,111,0,111,0,0,115,0,115,232,0,232,347
11/21/2015,RNM,CA,AWP,WE,Federal Contract Tower,0,0,2,0,2,0,0,82,0,82,0,0,84,0,84,140,0,140,224
11/22/2015,RNM,CA,AWP,WE,Federal Contract Tower,0,0,3,0,3,0,0,50,0,50,0,0,53,0,53,80,0,80,133
11/23/2015,RNM,CA,AWP,WE,Federal Contract Tower,0,0,1,0,1,0,0,107,0,107,0,0,108,0,108,194,0,194,302
11/24/2015,RNM,CA,AWP,WE,Federal Contract Tower,0,0,7,0,7,0,0,82,4,86,0,0,89,4,93,166,2,168,261
11/25/2015,RNM,CA,AWP,WE,Federal Contract Tower,0,0,4,0,4,0,0,43,2,45,0,0,47,2,49,142,12,154,203
11/26/2015,RNM,CA,AWP,WE,Federal Contract Tower,0,0,3,0,3,0,0,21,0,21,0,0,24,0,24,24,0,24,48
11/27/2015,RNM,CA,AWP,WE,Federal Contract Tower,0,0,2,0,2,0,0,27,0,27,0,0,29,0,29,54,0,54,83
11/28/2015,RNM,CA,AWP,WE,Federal Contract Tower,0,0,3,0,3,0,0,110,0,110,0,0,113,0,113,200,0,200,313
11/29/2015,RNM,CA,AWP,WE,Federal Contract Tower,0,0,1,0,1,0,0,100,0,100,0,0,101,0,101,120,0,120,221
11/30/2015,RNM,CA,AWP,WE,Federal Contract Tower,0,0,5,0,5,0,0,68,2,70,0,0,73,2,75,126,10,136,211
12/01/2015,RNM,CA,AWP,WE,Federal Contract Tower,0,2,3,0,5,0,0,75,0,75,0,2,78,0,80,218,0,218,298
12/02/2015,RNM,CA,AWP,WE,Federal Contract Tower,0,0,1,0,1,0,0,72,0,72,0,0,73,0,73,190,0,190,263
12/03/2015,RNM,CA,AWP,WE,Federal Contract Tower,0,0,3,0,3,0,0,86,4,90,0,0,89,4,93,218,2,220,313
12/04/2015,RNM,CA,AWP,WE,Federal Contract Tower,0,2,3,0,5,0,0,80,0,80,0,2,83,0,85,194,0,194,279
12/05/2015,RNM,CA,AWP,WE,Federal Contract Tower,0,0,2,0,2,0,0,86,2,88,0,0,88,2,90,212,2,214,304
12/06/2015,RNM,CA,AWP,WE,Federal Contract Tower,0,1,4,0,5,0,0,87,0,87,0,1,91,0,92,160,0,160,252
12/07/2015,RNM,CA,AWP,WE,Federal Contract Tower,0,0,3,0,3,0,0,92,2,94,0,0,95,2,97,281,2,283,380
12/08/2015,RNM,CA,AWP,WE,Federal Contract Tower,0,0,4,0,4,0,0,84,2,86,0,0,88,2,90,290,2,292,382
12/09/2015,RNM,CA,AWP,WE,Federal Contract Tower,0,1,2,0,3,0,0,72,6,78,0,1,74,6,81,146,18,164,245
12/10/2015,RNM,CA,AWP,WE,Federal Contract Tower,0,0,6,0,6,0,0,56,4,60,0,0,62,4,66,188,12,200,266
12/11/2015,RNM,CA,AWP,WE,Federal Contract Tower,0,0,2,0,2,0,0,4,0,4,0,0,6,0,6,18,0,18,24
12/12/2015,RNM,CA,AWP,WE,Federal Contract Tower,0,0,2,0,2,0,0,122,0,122,0,0,124,0,124,312,0,312,436
12/13/2015,RNM,CA,AWP,WE,Federal Contract Tower,0,0,4,0,4,0,0,60,0,60,0,0,64,0,64,110,0,110,174
12/14/2015,RNM,CA,AWP,WE,Federal Contract Tower,0,0,6,0,6,0,0,55,0,55,0,0,61,0,61,56,0,56,117
12/15/2015,RNM,CA,AWP,WE,Federal Contract Tower,0,2,2,0,4,0,0,62,2,64,0,2,64,2,68,142,2,144,212
12/16/2015,RNM,CA,AWP,WE,Federal Contract Tower,0,0,3,0,3,0,0,61,2,63,0,0,64,2,66,296,2,298,364
12/17/2015,RNM,CA,AWP,WE,Federal Contract Tower,0,0,4,0,4,0,0,102,2,104,0,0,106,2,108,284,4,288,396
12/18/2015,RNM,CA,AWP,WE,Federal Contract Tower,0,0,3,0,3,0,0,111,2,113,0,0,114,2,116,236,6,242,358
12/19/2015,RNM,CA,AWP,WE,Federal Contract Tower,0,0,6,0,6,0,0,70,0,70,0,0,76,0,76,220,0,220,296
12/20/2015,RNM,CA,AWP,WE,Federal Contract Tower,0,0,2,0,2,0,0,48,0,48,0,0,50,0,50,90,0,90,140
12/21/2015,RNM,CA,AWP,WE,Federal Contract Tower,0,2,1,0,3,0,0,87,0,87,0,2,88,0,90,295,0,295,385
12/22/2015,RNM,CA,AWP,WE,Federal Contract Tower,0,0,0,0,0,0,0,0,0,0,0,0,0,0,0,0,0,0,0
12/23/2015,RNM,CA,AWP,WE,Federal Contract Tower,0,0,11,1,12,0,0,9,0,9,0,0,20,1,21,30,0,30,51
12/24/2015,RNM,CA,AWP,WE,Federal Contract Tower,0,0,10,0,10,0,0,19,0,19,0,0,29,0,29,16,0,16,45
12/25/2015,RNM,CA,AWP,WE,Federal Contract Tower,0,0,2,0,2,0,0,9,0,9,0,0,11,0,11,2,0,2,13
12/26/2015,RNM,CA,AWP,WE,Federal Contract Tower,0,2,1,0,3,0,0,8,0,8,0,2,9,0,11,0,0,0,11
12/27/2015,RNM,CA,AWP,WE,Federal Contract Tower,0,0,2,0,2,0,0,75,0,75,0,0,77,0,77,140,0,140,217
12/28/2015,RNM,CA,AWP,WE,Federal Contract Tower,0,0,2,0,2,0,0,49,0,49,0,0,51,0,51,136,0,136,187
12/29/2015,RNM,CA,AWP,WE,Federal Contract Tower,0,0,2,0,2,0,0,99,0,99,0,0,101,0,101,252,0,252,353
12/31/2015,RNM,CA,AWP,WE,Federal Contract Tower,0,0,2,0,2,0,0,88,0,88,0,0,90,0,90,218,0,218,308
01/01/2016,RNM,CA,AWP,WE,Federal Contract Tower,0,0,3,0,3,0,0,49,0,49,0,0,52,0,52,54,0,54,106
01/02/2016,RNM,CA,AWP,WE,Federal Contract Tower,0,0,1,0,1,0,0,111,0,111,0,0,112,0,112,195,0,195,307
01/03/2016,RNM,CA,AWP,WE,Federal Contract Tower,0,0,4,0,4,0,0,50,0,50,0,0,54,0,54,100,0,100,154
01/04/2016,RNM,CA,AWP,WE,Federal Contract Tower,0,0,6,0,6,0,0,11,0,11,0,0,17,0,17,132,0,132,149
01/05/2016,RNM,CA,AWP,WE,Federal Contract Tower,0,2,0,0,2,0,0,0,0,0,0,2,0,0,2,0,0,0,2
01/06/2016,RNM,CA,AWP,WE,Federal Contract Tower,0,0,2,0,2,0,0,0,0,0,0,0,2,0,2,0,0,0,2
01/07/2016,RNM,CA,AWP,WE,Federal Contract Tower,0,0,6,0,6,0,0,4,2,6,0,0,10,2,12,62,0,62,74
01/08/2016,RNM,CA,AWP,WE,Federal Contract Tower,0,0,6,0,6,0,0,62,0,62,0,0,68,0,68,398,0,398,466
01/09/2016,RNM,CA,AWP,WE,Federal Contract Tower,0,0,4,0,4,0,0,104,0,104,0,0,108,0,108,312,0,312,420
01/10/2016,RNM,CA,AWP,WE,Federal Contract Tower,0,0,6,0,6,0,0,22,0,22,0,0,28,0,28,210,0,210,238
01/11/2016,RNM,CA,AWP,WE,Federal Contract Tower,0,2,6,0,8,0,0,102,0,102,0,2,108,0,110,276,0,276,386
01/12/2016,RNM,CA,AWP,WE,Federal Contract Tower,0,2,3,0,5,0,0,120,2,122,0,2,123,2,127,274,0,274,401
01/13/2016,RNM,CA,AWP,WE,Federal Contract Tower,0,0,1,0,1,0,0,65,0,65,0,0,66,0,66,296,0,296,362
01/14/2016,RNM,CA,AWP,WE,Federal Contract Tower,0,0,7,0,7,0,0,86,2,88,0,0,93,2,95,312,0,312,407
01/15/2016,RNM,CA,AWP,WE,Federal Contract Tower,0,0,12,0,12,0,0,24,0,24,0,0,36,0,36,244,0,244,280
01/16/2016,RNM,CA,AWP,WE,Federal Contract Tower,0,0,3,0,3,0,0,88,0,88,0,0,91,0,91,161,0,161,252
01/17/2016,RNM,CA,AWP,WE,Federal Contract Tower,0,0,1,0,1,0,0,95,0,95,0,0,96,0,96,136,0,136,232
01/18/2016,RNM,CA,AWP,WE,Federal Contract Tower,0,0,11,0,11,0,0,28,0,28,0,0,39,0,39,106,0,106,145
01/19/2016,RNM,CA,AWP,WE,Federal Contract Tower,0,0,8,0,8,0,0,87,2,89,0,0,95,2,97,224,2,226,323
01/20/2016,RNM,CA,AWP,WE,Federal Contract Tower,0,2,2,0,4,0,0,68,6,74,0,2,70,6,78,180,8,188,266
01/21/2016,RNM,CA,AWP,WE,Federal Contract Tower,0,0,9,0,9,0,0,79,0,79,0,0,88,0,88,222,0,222,310
01/22/2016,RNM,CA,AWP,WE,Federal Contract Tower,0,0,3,0,3,0,0,133,2,135,0,0,136,2,138,362,2,364,502
01/23/2016,RNM,CA,AWP,WE,Federal Contract Tower,0,0,7,0,7,0,0,70,0,70,0,0,77,0,77,174,0,174,251
01/24/2016,RNM,CA,AWP,WE,Federal Contract Tower,0,0,5,0,5,0,0,100,0,100,0,0,105,0,105,112,0,112,217
01/25/2016,RNM,CA,AWP,WE,Federal Contract Tower,0,0,3,0,3,0,0,133,2,135,0,0,136,2,138,206,2,208,346
01/26/2016,RNM,CA,AWP,WE,Federal Contract Tower,0,0,4,0,4,0,0,61,2,63,0,0,65,2,67,105,6,111,178
01/27/2016,RNM,CA,AWP,WE,Federal Contract Tower,0,2,1,0,3,0,0,84,4,88,0,2,85,4,91,254,0,254,345
01/28/2016,RNM,CA,AWP,WE,Federal Contract Tower,0,0,7,0,7,0,0,84,0,84,0,0,91,0,91,238,0,238,329
01/29/2016,RNM,CA,AWP,WE,Federal Contract Tower,0,0,2,0,2,0,0,127,4,131,0,0,129,4,133,378,0,378,511
01/30/2016,RNM,CA,AWP,WE,Federal Contract Tower,0,0,12,0,12,0,0,44,0,44,0,0,56,0,56,64,0,64,120
01/31/2016,RNM,CA,AWP,WE,Federal Contract Tower,0,1,0,0,1,0,0,0,0,0,0,1,0,0,1,0,0,0,1
02/01/2016,RNM,CA,AWP,WE,Federal Contract Tower,0,0,3,0,3,0,0,40,0,40,0,0,43,0,43,60,0,60,103
02/02/2016,RNM,CA,AWP,WE,Federal Contract Tower,0,0,1,0,1,0,0,98,2,100,0,0,99,2,101,298,8,306,407
02/03/2016,RNM,CA,AWP,WE,Federal Contract Tower,0,0,3,0,3,0,0,89,0,89,0,0,92,0,92,294,0,294,386
02/04/2016,RNM,CA,AWP,WE,Federal Contract Tower,0,0,3,0,3,0,0,88,4,92,0,0,91,4,95,332,12,344,439
02/05/2016,RNM,CA,AWP,WE,Federal Contract Tower,0,0,3,2,5,0,0,69,0,69,0,0,72,2,74,240,0,240,314
02/06/2016,RNM,CA,AWP,WE,Federal Contract Tower,0,0,0,0,0,0,0,64,0,64,0,0,64,0,64,140,0,140,204
02/07/2016,RNM,CA,AWP,WE,Federal Contract Tower,0,0,3,0,3,0,0,50,0,50,0,0,53,0,53,94,0,94,147
02/08/2016,RNM,CA,AWP,WE,Federal Contract Tower,0,3,5,0,8,0,0,59,0,59,0,3,64,0,67,130,0,130,197
02/09/2016,RNM,CA,AWP,WE,Federal Contract Tower,0,0,1,0,1,0,0,92,0,92,0,0,93,0,93,260,0,260,353
02/10/2016,RNM,CA,AWP,WE,Federal Contract Tower,0,0,4,0,4,0,0,89,2,91,0,0,93,2,95,180,2,182,277
02/11/2016,RNM,CA,AWP,WE,Federal Contract Tower,0,0,4,0,4,0,0,106,0,106,0,0,110,0,110,316,0,316,426
02/12/2016,RNM,CA,AWP,WE,Federal Contract Tower,0,0,2,0,2,0,0,113,0,113,0,0,115,0,115,408,0,408,523
02/13/2016,RNM,CA,AWP,WE,Federal Contract Tower,0,0,2,0,2,0,0,120,0,120,0,0,122,0,122,300,0,300,422
02/14/2016,RNM,CA,AWP,WE,Federal Contract Tower,0,0,1,0,1,0,0,84,0,84,0,0,85,0,85,84,0,84,169
02/15/2016,RNM,CA,AWP,WE,Federal Contract Tower,0,0,3,0,3,0,0,136,0,136,0,0,139,0,139,308,0,308,447
02/16/2016,RNM,CA,AWP,WE,Federal Contract Tower,0,0,1,0,1,0,0,105,2,107,0,0,106,2,108,190,2,192,300
02/17/2016,RNM,CA,AWP,WE,Federal Contract Tower,0,0,2,0,2,0,0,87,0,87,0,0,89,0,89,238,0,238,327
02/18/2016,RNM,CA,AWP,WE,Federal Contract Tower,0,0,6,0,6,0,0,32,2,34,0,0,38,2,40,272,4,276,316
02/19/2016,RNM,CA,AWP,WE,Federal Contract Tower,0,0,2,0,2,0,0,123,2,125,0,0,125,2,127,398,4,402,529
02/20/2016,RNM,CA,AWP,WE,Federal Contract Tower,0,0,0,0,0,0,0,112,0,112,0,0,112,0,112,224,0,224,336
02/21/2016,RNM,CA,AWP,WE,Federal Contract Tower,0,0,3,0,3,0,0,102,0,102,0,0,105,0,105,120,0,120,225
02/22/2016,RNM,CA,AWP,WE,Federal Contract Tower,0,2,1,0,3,0,0,83,0,83,0,2,84,0,86,147,0,147,233
02/23/2016,RNM,CA,AWP,WE,Federal Contract Tower,0,0,2,0,2,0,0,72,2,74,0,0,74,2,76,140,8,148,224
02/24/2016,RNM,CA,AWP,WE,Federal Contract Tower,0,0,3,0,3,0,0,86,0,86,0,0,89,0,89,160,0,160,249
02/25/2016,RNM,CA,AWP,WE,Federal Contract Tower,0,2,2,0,4,0,0,137,2,139,0,2,139,2,143,224,2,226,369
02/26/2016,RNM,CA,AWP,WE,Federal Contract Tower,0,0,3,0,3,0,0,118,0,118,0,0,121,0,121,270,0,270,391
02/27/2016,RNM,CA,AWP,WE,Federal Contract Tower,0,0,0,0,0,0,0,139,0,139,0,0,139,0,139,226,0,226,365
02/28/2016,RNM,CA,AWP,WE,Federal Contract Tower,0,0,3,0,3,0,0,100,0,100,0,0,103,0,103,206,0,206,309
02/29/2016,RNM,CA,AWP,WE,Federal Contract Tower,0,0,4,0,4,0,0,87,0,87,0,0,91,0,91,92,0,92,183
03/01/2016,RNM,CA,AWP,WE,Federal Contract Tower,0,0,4,0,4,0,0,99,2,101,0,0,103,2,105,208,0,208,313
03/02/2016,RNM,CA,AWP,WE,Federal Contract Tower,0,0,6,0,6,0,0,98,2,100,0,0,104,2,106,208,6,214,320
03/03/2016,RNM,CA,AWP,WE,Federal Contract Tower,0,1,5,0,6,0,0,107,2,109,0,1,112,2,115,274,0,274,389
03/04/2016,RNM,CA,AWP,WE,Federal Contract Tower,0,0,7,0,7,0,0,79,0,79,0,0,86,0,86,168,0,168,254
03/05/2016,RNM,CA,AWP,WE,Federal Contract Tower,0,0,2,0,2,0,0,115,0,115,0,0,117,0,117,350,0,350,467
03/06/2016,RNM,CA,AWP,WE,Federal Contract Tower,0,0,4,0,4,0,0,4,0,4,0,0,8,0,8,6,0,6,14
03/07/2016,RNM,CA,AWP,WE,Federal Contract Tower,0,0,2,0,2,0,0,2,2,4,0,0,4,2,6,20,0,20,26
03/08/2016,RNM,CA,AWP,WE,Federal Contract Tower,0,0,2,0,2,0,0,92,0,92,0,0,94,0,94,250,0,250,344
03/09/2016,RNM,CA,AWP,WE,Federal Contract Tower,0,2,0,0,2,0,0,118,0,118,0,2,118,0,120,132,0,132,252
03/10/2016,RNM,CA,AWP,WE,Federal Contract Tower,0,0,4,1,5,0,0,120,4,124,0,0,124,5,129,302,0,302,431
03/11/2016,RNM,CA,AWP,WE,Federal Contract Tower,0,0,8,0,8,0,0,15,2,17,0,0,23,2,25,42,2,44,69
03/12/2016,RNM,CA,AWP,WE,Federal Contract Tower,0,0,10,0,10,0,0,50,0,50,0,0,60,0,60,66,0,66,126
03/13/2016,RNM,CA,AWP,WE,Federal Contract Tower,0,0,5,0,5,0,0,75,0,75,0,0,80,0,80,110,0,110,190
03/14/2016,RNM,CA,AWP,WE,Federal Contract Tower,0,2,11,0,13,0,0,20,0,20,0,2,31,0,33,24,0,24,57
03/15/2016,RNM,CA,AWP,WE,Federal Contract Tower,0,0,1,0,1,0,0,102,4,106,0,0,103,4,107,228,4,232,339
03/16/2016,RNM,CA,AWP,WE,Federal Contract Tower,0,2,2,0,4,0,0,56,4,60,0,2,58,4,64,142,4,146,210
03/17/2016,RNM,CA,AWP,WE,Federal Contract Tower,0,0,1,0,1,0,0,121,0,121,0,0,122,0,122,304,0,304,426
03/18/2016,RNM,CA,AWP,WE,Federal Contract Tower,0,0,1,0,1,0,0,119,2,121,0,0,120,2,122,250,0,250,372
03/19/2016,RNM,CA,AWP,WE,Federal Contract Tower,0,0,3,0,3,0,0,150,0,150,0,0,153,0,153,212,0,212,365
03/20/2016,RNM,CA,AWP,WE,Federal Contract Tower,0,0,2,0,2,0,0,90,0,90,0,0,92,0,92,190,0,190,282
03/21/2016,RNM,CA,AWP,WE,Federal Contract Tower,0,0,5,0,5,0,0,85,0,85,0,0,90,0,90,182,0,182,272
03/22/2016,RNM,CA,AWP,WE,Federal Contract Tower,0,2,0,0,2,0,0,34,4,38,0,2,34,4,40,84,4,88,128
03/23/2016,RNM,CA,AWP,WE,Federal Contract Tower,0,0,3,0,3,0,0,82,2,84,0,0,85,2,87,336,2,338,425
03/24/2016,RNM,CA,AWP,WE,Federal Contract Tower,0,0,8,0,8,0,0,105,4,109,0,0,113,4,117,438,10,448,565
03/25/2016,RNM,CA,AWP,WE,Federal Contract Tower,0,0,1,0,1,0,0,135,2,137,0,0,136,2,138,518,2,520,658
03/26/2016,RNM,CA,AWP,WE,Federal Contract Tower,0,0,3,0,3,0,0,126,0,126,0,0,129,0,129,306,0,306,435
03/27/2016,RNM,CA,AWP,WE,Federal Contract Tower,0,0,2,0,2,0,0,64,0,64,0,0,66,0,66,244,0,244,310
03/28/2016,RNM,CA,AWP,WE,Federal Contract Tower,0,2,5,0,7,0,0,12,2,14,0,2,17,2,21,42,8,50,71
03/29/2016,RNM,CA,AWP,WE,Federal Contract Tower,0,0,4,0,4,0,0,24,4,28,0,0,28,4,32,126,8,134,166
03/30/2016,RNM,CA,AWP,WE,Federal Contract Tower,0,0,3,0,3,0,0,43,0,43,0,0,46,0,46,98,0,98,144
03/31/2016,RNM,CA,AWP,WE,Federal Contract Tower,0,2,5,0,7,0,0,103,0,103,0,2,108,0,110,222,0,222,332
04/01/2016,RNM,CA,AWP,WE,Federal Contract Tower,0,0,8,0,8,0,0,139,0,139,0,0,147,0,147,364,0,364,511
04/02/2016,RNM,CA,AWP,WE,Federal Contract Tower,0,0,5,0,5,0,0,100,0,100,0,0,105,0,105,150,0,150,255
04/03/2016,RNM,CA,AWP,WE,Federal Contract Tower,0,0,7,0,7,0,0,85,0,85,0,0,92,0,92,120,0,120,212
04/04/2016,RNM,CA,AWP,WE,Federal Contract Tower,0,0,3,0,3,0,0,146,0,146,0,0,149,0,149,234,0,234,383
04/05/2016,RNM,CA,AWP,WE,Federal Contract Tower,0,0,3,0,3,0,0,94,0,94,0,0,97,0,97,318,0,318,415
04/06/2016,RNM,CA,AWP,WE,Federal Contract Tower,0,0,3,0,3,0,0,93,2,95,0,0,96,2,98,262,2,264,362
04/07/2016,RNM,CA,AWP,WE,Federal Contract Tower,0,3,9,0,12,0,0,16,0,16,0,3,25,0,28,44,0,44,72
04/08/2016,RNM,CA,AWP,WE,Federal Contract Tower,0,0,7,0,7,0,0,7,0,7,0,0,14,0,14,116,0,116,130
04/09/2016,RNM,CA,AWP,WE,Federal Contract Tower,0,0,4,0,4,0,0,40,0,40,0,0,44,0,44,188,0,188,232
04/10/2016,RNM,CA,AWP,WE,Federal Contract Tower,0,0,4,0,4,0,0,6,0,6,0,0,10,0,10,0,0,0,10
04/11/2016,RNM,CA,AWP,WE,Federal Contract Tower,0,0,8,0,8,0,0,43,0,43,0,0,51,0,51,282,0,282,333
04/12/2016,RNM,CA,AWP,WE,Federal Contract Tower,0,0,4,0,4,0,0,105,2,107,0,0,109,2,111,394,2,396,507
04/13/2016,RNM,CA,AWP,WE,Federal Contract Tower,0,2,4,0,6,0,0,73,0,73,0,2,77,0,79,134,0,134,213
04/14/2016,RNM,CA,AWP,WE,Federal Contract Tower,0,0,8,0,8,0,0,69,0,69,0,0,77,0,77,382,0,382,459
04/15/2016,RNM,CA,AWP,WE,Federal Contract Tower,0,0,4,0,4,0,0,94,0,94,0,0,98,0,98,250,0,250,348
04/16/2016,RNM,CA,AWP,WE,Federal Contract Tower,0,0,0,0,0,0,0,103,0,103,0,0,103,0,103,320,0,320,423
04/17/2016,RNM,CA,AWP,WE,Federal Contract Tower,0,0,1,0,1,0,0,80,0,80,0,0,81,0,81,208,0,208,289
04/18/2016,RNM,CA,AWP,WE,Federal Contract Tower,0,2,2,0,4,0,0,116,2,118,0,2,118,2,122,248,0,248,370
04/19/2016,RNM,CA,AWP,WE,Federal Contract Tower,0,0,3,0,3,0,0,122,2,124,0,0,125,2,127,298,0,298,425
04/21/2016,RNM,CA,AWP,WE,Federal Contract Tower,0,0,1,0,1,0,0,104,0,104,0,0,105,0,105,312,0,312,417
04/22/2016,RNM,CA,AWP,WE,Federal Contract Tower,0,1,5,0,6,0,0,101,0,101,0,1,106,0,107,314,0,314,421
04/23/2016,RNM,CA,AWP,WE,Federal Contract Tower,0,0,3,0,3,0,0,164,0,164,0,0,167,0,167,146,0,146,313
04/24/2016,RNM,CA,AWP,WE,Federal Contract Tower,0,1,4,0,5,0,0,100,0,100,0,1,104,0,105,222,0,222,327
04/25/2016,RNM,CA,AWP,WE,Federal Contract Tower,0,1,1,0,2,0,0,25,0,25,0,1,26,0,27,116,0,116,143
04/26/2016,RNM,CA,AWP,WE,Federal Contract Tower,0,0,1,0,1,0,0,94,0,94,0,0,95,0,95,380,0,380,475
04/27/2016,RNM,CA,AWP,WE,Federal Contract Tower,0,0,3,0,3,0,0,104,2,106,0,0,107,2,109,400,2,402,511
04/28/2016,RNM,CA,AWP,WE,Federal Contract Tower,0,0,4,0,4,0,0,21,6,27,0,0,25,6,31,192,6,198,229
04/29/2016,RNM,CA,AWP,WE,Federal Contract Tower,0,0,2,0,2,0,0,104,2,106,0,0,106,2,108,326,8,334,442
04/30/2016,RNM,CA,AWP,WE,Federal Contract Tower,0,0,3,0,3,0,0,20,0,20,0,0,23,0,23,47,0,47,70
05/01/2016,RNM,CA,AWP,WE,Federal Contract Tower,0,0,6,0,6,0,0,46,0,46,0,0,52,0,52,112,0,112,164
05/02/2016,RNM,CA,AWP,WE,Federal Contract Tower,0,0,2,0,2,0,0,114,2,116,0,0,116,2,118,418,4,422,540
05/03/2016,RNM,CA,AWP,WE,Federal Contract Tower,0,0,3,0,3,0,0,142,0,142,0,0,145,0,145,530,0,530,675
05/04/2016,RNM,CA,AWP,WE,Federal Contract Tower,0,0,6,0,6,0,0,66,2,68,0,0,72,2,74,296,2,298,372
05/05/2016,RNM,CA,AWP,WE,Federal Contract Tower,0,2,8,0,10,0,0,26,0,26,0,2,34,0,36,364,0,364,400
05/06/2016,RNM,CA,AWP,WE,Federal Contract Tower,0,0,2,0,2,0,0,4,2,6,0,0,6,2,8,50,0,50,58
05/07/2016,RNM,CA,AWP,WE,Federal Contract Tower,0,0,6,0,6,0,0,36,0,36,0,0,42,0,42,70,0,70,112
05/08/2016,RNM,CA,AWP,WE,Federal Contract Tower,0,0,1,0,1,0,0,42,0,42,0,0,43,0,43,128,0,128,171
05/09/2016,RNM,CA,AWP,WE,Federal Contract Tower,0,0,8,0,8,0,0,64,0,64,0,0,72,0,72,196,0,196,268
05/10/2016,RNM,CA,AWP,WE,Federal Contract Tower,0,0,11,0,11,0,0,60,0,60,0,0,71,0,71,266,0,266,337
05/11/2016,RNM,CA,AWP,WE,Federal Contract Tower,0,0,12,0,12,0,0,78,0,78,0,0,90,0,90,210,0,210,300
05/12/2016,RNM,CA,AWP,WE,Federal Contract Tower,0,4,3,0,7,0,0,111,2,113,0,4,114,2,120,298,2,300,420
05/14/2016,RNM,CA,AWP,WE,Federal Contract Tower,0,0,12,0,12,0,0,3,0,3,0,0,15,0,15,0,0,0,15
05/15/2016,RNM,CA,AWP,WE,Federal Contract Tower,0,1,7,0,8,0,0,18,0,18,0,1,25,0,26,62,0,62,88
05/16/2016,RNM,CA,AWP,WE,Federal Contract Tower,0,2,9,0,11,0,0,22,2,24,0,2,31,2,35,114,8,122,157
05/17/2016,RNM,CA,AWP,WE,Federal Contract Tower,0,4,4,0,8,0,0,18,0,18,0,4,22,0,26,96,0,96,122
05/18/2016,RNM,CA,AWP,WE,Federal Contract Tower,0,2,8,0,10,0,0,108,0,108,0,2,116,0,118,276,0,276,394
05/19/2016,RNM,CA,AWP,WE,Federal Contract Tower,0,0,11,0,11,0,0,108,0,108,0,0,119,0,119,250,0,250,369
05/20/2016,RNM,CA,AWP,WE,Federal Contract Tower,0,0,11,0,11,0,0,62,0,62,0,0,73,0,73,200,0,200,273
05/21/2016,RNM,CA,AWP,WE,Federal Contract Tower,0,0,5,0,5,0,0,45,0,45,0,0,50,0,50,60,0,60,110
05/22/2016,RNM,CA,AWP,WE,Federal Contract Tower,0,0,5,0,5,0,0,95,0,95,0,0,100,0,100,180,0,180,280
05/23/2016,RNM,CA,AWP,WE,Federal Contract Tower,0,0,10,0,10,0,0,78,0,78,0,0,88,0,88,103,0,103,191
05/24/2016,RNM,CA,AWP,WE,Federal Contract Tower,0,0,8,0,8,0,0,51,4,55,0,0,59,4,63,106,8,114,177
05/25/2016,RNM,CA,AWP,WE,Federal Contract Tower,0,0,9,0,9,0,0,67,0,67,0,0,76,0,76,167,0,167,243
05/26/2016,RNM,CA,AWP,WE,Federal Contract Tower,0,0,12,0,12,0,0,88,0,88,0,0,100,0,100,314,0,314,414
05/27/2016,RNM,CA,AWP,WE,Federal Contract Tower,0,0,7,0,7,0,0,83,0,83,0,0,90,0,90,117,0,117,207
05/28/2016,RNM,CA,AWP,WE,Federal Contract Tower,0,0,4,0,4,0,0,42,0,42,0,0,46,0,46,42,0,42,88
05/29/2016,RNM,CA,AWP,WE,Federal Contract Tower,0,0,3,0,3,0,0,7,0,7,0,0,10,0,10,0,0,0,10
05/30/2016,RNM,CA,AWP,WE,Federal Contract Tower,0,0,13,0,13,0,0,58,0,58,0,0,71,0,71,176,0,176,247
05/31/2016,RNM,CA,AWP,WE,Federal Contract Tower,0,0,11,0,11,0,0,47,0,47,0,0,58,0,58,156,0,156,214
06/01/2016,RNM,CA,AWP,WE,Federal Contract Tower,0,0,8,0,8,0,0,64,0,64,0,0,72,0,72,148,0,148,220
06/02/2016,RNM,CA,AWP,WE,Federal Contract Tower,0,1,4,0,5,0,0,118,2,120,0,1,122,2,125,306,4,310,435
06/03/2016,RNM,CA,AWP,WE,Federal Contract Tower,0,0,5,0,5,0,0,115,0,115,0,0,120,0,120,186,0,186,306
06/04/2016,RNM,CA,AWP,WE,Federal Contract Tower,0,0,2,0,2,0,0,132,0,132,0,0,134,0,134,250,0,250,384
06/05/2016,RNM,CA,AWP,WE,Federal Contract Tower,0,0,4,0,4,0,0,88,0,88,0,0,92,0,92,130,0,130,222
06/06/2016,RNM,CA,AWP,WE,Federal Contract Tower,0,2,3,0,5,0,0,121,2,123,0,2,124,2,128,294,0,294,422
06/07/2016,RNM,CA,AWP,WE,Federal Contract Tower,0,0,6,0,6,0,0,73,0,73,0,0,79,0,79,222,0,222,301
06/08/2016,RNM,CA,AWP,WE,Federal Contract Tower,0,0,1,0,1,0,0,108,2,110,0,0,109,2,111,242,4,246,357
06/09/2016,RNM,CA,AWP,WE,Federal Contract Tower,0,0,12,0,12,0,0,86,4,90,0,0,98,4,102,218,4,222,324
06/10/2016,RNM,CA,AWP,WE,Federal Contract Tower,0,2,4,0,6,0,0,134,0,134,0,2,138,0,140,350,0,350,490
06/11/2016,RNM,CA,AWP,WE,Federal Contract Tower,0,0,6,0,6,0,0,29,0,29,0,0,35,0,35,90,0,90,125
06/12/2016,RNM,CA,AWP,WE,Federal Contract Tower,0,0,2,0,2,0,0,70,0,70,0,0,72,0,72,130,0,130,202
06/13/2016,RNM,CA,AWP,WE,Federal Contract Tower,0,0,6,0,6,0,0,66,0,66,0,0,72,0,72,179,0,179,251
06/14/2016,RNM,CA,AWP,WE,Federal Contract Tower,0,2,3,0,5,0,0,58,3,61,0,2,61,3,66,226,0,226,292
06/15/2016,RNM,CA,AWP,WE,Federal Contract Tower,0,0,3,0,3,0,0,108,0,108,0,0,111,0,111,308,0,308,419
06/16/2016,RNM,CA,AWP,WE,Federal Contract Tower,0,0,4,0,4,0,0,109,0,109,0,0,113,0,113,258,0,258,371
06/17/2016,RNM,CA,AWP,WE,Federal Contract Tower,0,0,0,0,0,0,0,132,0,132,0,0,132,0,132,358,0,358,490
06/18/2016,RNM,CA,AWP,WE,Federal Contract Tower,0,0,2,0,2,0,0,90,0,90,0,0,92,0,92,120,0,120,212
06/19/2016,RNM,CA,AWP,WE,Federal Contract Tower,0,2,3,0,5,0,0,45,0,45,0,2,48,0,50,140,0,140,190
06/20/2016,RNM,CA,AWP,WE,Federal Contract Tower,0,0,1,0,1,0,0,111,4,115,0,0,112,4,116,24,2,26,142
06/21/2016,RNM,CA,AWP,WE,Federal Contract Tower,0,0,8,0,8,0,0,168,2,170,0,0,176,2,178,110,0,110,288
06/22/2016,RNM,CA,AWP,WE,Federal Contract Tower,0,0,0,0,0,0,0,113,2,115,0,0,113,2,115,230,4,234,349
06/23/2016,RNM,CA,AWP,WE,Federal Contract Tower,0,2,6,0,8,0,0,114,2,116,0,2,120,2,124,198,0,198,322
06/24/2016,RNM,CA,AWP,WE,Federal Contract Tower,0,1,6,0,7,0,0,108,0,108,0,1,114,0,115,302,0,302,417
06/25/2016,RNM,CA,AWP,WE,Federal Contract Tower,0,0,7,0,7,0,0,127,0,127,0,0,134,0,134,174,0,174,308
06/26/2016,RNM,CA,AWP,WE,Federal Contract Tower,0,0,1,0,1,0,0,101,0,101,0,0,102,0,102,80,0,80,182
06/27/2016,RNM,CA,AWP,WE,Federal Contract Tower,0,0,2,0,2,0,0,128,0,128,0,0,130,0,130,196,0,196,326
06/28/2016,RNM,CA,AWP,WE,Federal Contract Tower,0,2,3,0,5,0,0,92,5,97,0,2,95,5,102,284,4,288,390
06/29/2016,RNM,CA,AWP,WE,Federal Contract Tower,0,0,4,0,4,0,0,91,2,93,0,0,95,2,97,212,0,212,309
06/30/2016,RNM,CA,AWP,WE,Federal Contract Tower,0,0,3,0,3,0,0,98,0,98,0,0,101,0,101,194,0,194,295
07/01/2016,RNM,CA,AWP,WE,Federal Contract Tower,0,0,3,0,3,0,0,79,2,81,0,0,82,2,84,198,0,198,282
07/02/2016,RNM,CA,AWP,WE,Federal Contract Tower,0,0,2,0,2,0,0,100,0,100,0,0,102,0,102,206,0,206,308
07/03/2016,RNM,CA,AWP,WE,Federal Contract Tower,0,0,0,0,0,0,0,91,0,91,0,0,91,0,91,110,0,110,201
07/04/2016,RNM,CA,AWP,WE,Federal Contract Tower,0,0,5,0,5,0,0,67,0,67,0,0,72,0,72,75,0,75,147
07/05/2016,RNM,CA,AWP,WE,Federal Contract Tower,0,1,4,0,5,0,0,97,0,97,0,1,101,0,102,188,0,188,290
07/06/2016,RNM,CA,AWP,WE,Federal Contract Tower,0,0,3,0,3,0,0,101,0,101,0,0,104,0,104,156,0,156,260
07/07/2016,RNM,CA,AWP,WE,Federal Contract Tower,0,2,4,0,6,0,0,127,0,127,0,2,131,0,133,252,0,252,385
07/08/2016,RNM,CA,AWP,WE,Federal Contract Tower,0,0,3,0,3,0,0,107,0,107,0,0,110,0,110,192,0,192,302
07/09/2016,RNM,CA,AWP,WE,Federal Contract Tower,0,2,5,0,7,0,0,117,0,117,0,2,122,0,124,202,0,202,326
07/10/2016,RNM,CA,AWP,WE,Federal Contract Tower,0,0,1,0,1,0,0,80,0,80,0,0,81,0,81,104,0,104,185
07/11/2016,RNM,CA,AWP,WE,Federal Contract Tower,0,0,5,0,5,0,0,86,0,86,0,0,91,0,91,116,0,116,207
07/12/2016,RNM,CA,AWP,WE,Federal Contract Tower,0,0,5,0,5,0,0,109,4,113,0,0,114,4,118,162,12,174,292
07/13/2016,RNM,CA,AWP,WE,Federal Contract Tower,0,0,4,0,4,0,0,85,2,87,0,0,89,2,91,246,4,250,341
07/14/2016,RNM,CA,AWP,WE,Federal Contract Tower,0,0,3,0,3,0,0,88,0,88,0,0,91,0,91,150,0,150,241
07/15/2016,RNM,CA,AWP,WE,Federal Contract Tower,0,0,2,0,2,0,0,111,0,111,0,0,113,0,113,216,0,216,329
07/16/2016,RNM,CA,AWP,WE,Federal Contract Tower,0,0,1,0,1,0,0,90,0,90,0,0,91,0,91,200,0,200,291
07/17/2016,RNM,CA,AWP,WE,Federal Contract Tower,0,0,3,0,3,0,0,94,0,94,0,0,97,0,97,94,0,94,191
07/18/2016,RNM,CA,AWP,WE,Federal Contract Tower,0,2,2,0,4,0,0,107,2,109,0,2,109,2,113,188,0,188,301
07/19/2016,RNM,CA,AWP,WE,Federal Contract Tower,0,0,3,0,3,0,0,82,2,84,0,0,85,2,87,270,8,278,365
07/20/2016,RNM,CA,AWP,WE,Federal Contract Tower,0,0,4,0,4,0,0,108,2,110,0,0,112,2,114,236,0,236,350
07/21/2016,RNM,CA,AWP,WE,Federal Contract Tower,0,0,8,0,8,0,0,87,0,87,0,0,95,0,95,260,0,260,355
07/22/2016,RNM,CA,AWP,WE,Federal Contract Tower,0,0,3,0,3,0,0,118,0,118,0,0,121,0,121,110,0,110,231
07/23/2016,RNM,CA,AWP,WE,Federal Contract Tower,0,0,0,0,0,0,0,59,0,59,0,0,59,0,59,66,0,66,125
07/24/2016,RNM,CA,AWP,WE,Federal Contract Tower,0,0,4,0,4,0,0,84,0,84,0,0,88,0,88,122,0,122,210
07/25/2016,RNM,CA,AWP,WE,Federal Contract Tower,0,0,3,0,3,0,0,85,0,85,0,0,88,0,88,134,0,134,222
07/26/2016,RNM,CA,AWP,WE,Federal Contract Tower,0,0,2,0,2,0,0,88,0,88,0,0,90,0,90,174,0,174,264
07/27/2016,RNM,CA,AWP,WE,Federal Contract Tower,0,0,0,0,0,0,0,79,4,83,0,0,79,4,83,226,8,234,317
07/28/2016,RNM,CA,AWP,WE,Federal Contract Tower,4,0,4,0,8,0,0,54,0,54,4,0,58,0,62,204,2,206,268
07/29/2016,RNM,CA,AWP,WE,Federal Contract Tower,0,0,4,0,4,0,0,94,0,94,0,0,98,0,98,242,0,242,340
07/30/2016,RNM,CA,AWP,WE,Federal Contract Tower,0,0,3,0,3,0,0,80,0,80,0,0,83,0,83,196,0,196,279
07/31/2016,RNM,CA,AWP,WE,Federal Contract Tower,0,0,3,0,3,0,0,66,0,66,0,0,69,0,69,106,0,106,175
08/01/2016,RNM,CA,AWP,WE,Federal Contract Tower,0,2,3,0,5,0,0,111,0,111,0,2,114,0,116,264,0,264,380
08/02/2016,RNM,CA,AWP,WE,Federal Contract Tower,9,0,0,0,9,0,0,67,0,67,9,0,67,0,76,226,0,226,302
08/03/2016,RNM,CA,AWP,WE,Federal Contract Tower,0,0,6,0,6,0,0,85,2,87,0,0,91,2,93,184,2,186,279
08/04/2016,RNM,CA,AWP,WE,Federal Contract Tower,0,0,5,0,5,0,0,80,2,82,0,0,85,2,87,160,0,160,247
08/05/2016,RNM,CA,AWP,WE,Federal Contract Tower,0,0,9,0,9,0,0,69,0,69,0,0,78,0,78,154,0,154,232
08/06/2016,RNM,CA,AWP,WE,Federal Contract Tower,0,0,7,0,7,0,0,70,0,70,0,0,77,0,77,220,0,220,297
08/07/2016,RNM,CA,AWP,WE,Federal Contract Tower,0,0,7,0,7,0,0,77,0,77,0,0,84,0,84,74,0,74,158
08/08/2016,RNM,CA,AWP,WE,Federal Contract Tower,0,0,9,0,9,0,0,97,2,99,0,0,106,2,108,79,0,79,187
08/09/2016,RNM,CA,AWP,WE,Federal Contract Tower,0,0,4,0,4,0,0,98,0,98,0,0,102,0,102,242,0,242,344
08/10/2016,RNM,CA,AWP,WE,Federal Contract Tower,0,0,1,0,1,0,0,96,0,96,0,0,97,0,97,184,0,184,281
08/11/2016,RNM,CA,AWP,WE,Federal Contract Tower,0,0,6,0,6,0,0,102,0,102,0,0,108,0,108,256,0,256,364
08/12/2016,RNM,CA,AWP,WE,Federal Contract Tower,0,0,2,0,2,0,0,90,0,90,0,0,92,0,92,326,0,326,418
08/13/2016,RNM,CA,AWP,WE,Federal Contract Tower,0,0,3,0,3,0,0,120,0,120,0,0,123,0,123,250,0,250,373
08/14/2016,RNM,CA,AWP,WE,Federal Contract Tower,0,0,3,0,3,0,0,90,0,90,0,0,93,0,93,150,0,150,243
08/15/2016,RNM,CA,AWP,WE,Federal Contract Tower,0,0,3,0,3,0,0,78,2,80,0,0,81,2,83,138,0,138,221
08/16/2016,RNM,CA,AWP,WE,Federal Contract Tower,0,0,2,0,2,0,0,91,0,91,0,0,93,0,93,148,0,148,241
08/17/2016,RNM,CA,AWP,WE,Federal Contract Tower,0,2,2,0,4,0,0,107,4,111,0,2,109,4,115,216,4,220,335
08/18/2016,RNM,CA,AWP,WE,Federal Contract Tower,0,0,5,0,5,0,0,80,2,82,0,0,85,2,87,264,2,266,353
08/19/2016,RNM,CA,AWP,WE,Federal Contract Tower,0,0,4,0,4,0,0,110,0,110,0,0,114,0,114,208,0,208,322
08/20/2016,RNM,CA,AWP,WE,Federal Contract Tower,0,0,3,0,3,0,0,60,0,60,0,0,63,0,63,160,0,160,223
08/21/2016,RNM,CA,AWP,WE,Federal Contract Tower,0,0,5,0,5,0,0,105,0,105,0,0,110,0,110,110,0,110,220
08/22/2016,RNM,CA,AWP,WE,Federal Contract Tower,0,1,1,0,2,0,0,111,0,111,0,1,112,0,113,182,0,182,295
08/23/2016,RNM,CA,AWP,WE,Federal Contract Tower,0,2,3,0,5,0,0,95,0,95,0,2,98,0,100,224,0,224,324
08/24/2016,RNM,CA,AWP,WE,Federal Contract Tower,0,4,5,0,9,0,0,111,2,113,0,4,116,2,122,272,0,272,394
08/25/2016,RNM,CA,AWP,WE,Federal Contract Tower,0,0,6,0,6,0,0,86,0,86,0,0,92,0,92,184,0,184,276
08/26/2016,RNM,CA,AWP,WE,Federal Contract Tower,0,0,5,0,5,0,0,61,0,61,0,0,66,0,66,224,0,224,290
08/27/2016,RNM,CA,AWP,WE,Federal Contract Tower,0,0,4,0,4,0,0,60,0,60,0,0,64,0,64,64,0,64,128
08/28/2016,RNM,CA,AWP,WE,Federal Contract Tower,0,0,1,0,1,0,0,80,0,80,0,0,81,0,81,90,0,90,171
08/29/2016,RNM,CA,AWP,WE,Federal Contract Tower,0,2,2,0,4,0,0,78,2,80,0,2,80,2,84,132,2,134,218
08/30/2016,RNM,CA,AWP,WE,Federal Contract Tower,0,0,1,0,1,0,0,90,0,90,0,0,91,0,91,214,0,214,305
08/31/2016,RNM,CA,AWP,WE,Federal Contract Tower,0,0,3,0,3,0,0,77,4,81,0,0,80,4,84,198,10,208,292
09/01/2016,RNM,CA,AWP,WE,Federal Contract Tower,0,0,11,0,11,0,0,121,0,121,0,0,132,0,132,124,0,124,256
09/02/2016,RNM,CA,AWP,WE,Federal Contract Tower,0,0,1,0,1,0,0,84,0,84,0,0,85,0,85,238,0,238,323
09/03/2016,RNM,CA,AWP,WE,Federal Contract Tower,0,0,2,0,2,0,0,92,0,92,0,0,94,0,94,120,0,120,214
09/04/2016,RNM,CA,AWP,WE,Federal Contract Tower,0,0,3,0,3,0,0,76,0,76,0,0,79,0,79,124,0,124,203
09/05/2016,RNM,CA,AWP,WE,Federal Contract Tower,0,0,2,0,2,0,0,90,0,90,0,0,92,0,92,234,0,234,326
09/06/2016,RNM,CA,AWP,WE,Federal Contract Tower,0,0,4,0,4,0,0,80,0,80,0,0,84,0,84,170,0,170,254
09/07/2016,RNM,CA,AWP,WE,Federal Contract Tower,0,0,4,0,4,0,0,100,0,100,0,0,104,0,104,160,0,160,264
09/08/2016,RNM,CA,AWP,WE,Federal Contract Tower,0,0,2,0,2,0,0,72,0,72,0,0,74,0,74,92,0,92,166
09/09/2016,RNM,CA,AWP,WE,Federal Contract Tower,0,0,2,0,2,0,0,91,0,91,0,0,93,0,93,190,0,190,283
09/10/2016,RNM,CA,AWP,WE,Federal Contract Tower,0,0,5,0,5,0,0,100,0,100,0,0,105,0,105,150,0,150,255
09/11/2016,RNM,CA,AWP,WE,Federal Contract Tower,0,0,5,0,5,0,0,80,0,80,0,0,85,0,85,140,0,140,225
09/12/2016,RNM,CA,AWP,WE,Federal Contract Tower,0,0,6,0,6,0,0,51,2,53,0,0,57,2,59,156,8,164,223
09/13/2016,RNM,CA,AWP,WE,Federal Contract Tower,0,0,4,0,4,0,0,47,2,49,0,0,51,2,53,56,0,56,109
09/14/2016,RNM,CA,AWP,WE,Federal Contract Tower,0,0,3,0,3,0,0,75,2,77,0,0,78,2,80,144,0,144,224
09/15/2016,RNM,CA,AWP,WE,Federal Contract Tower,0,2,5,0,7,0,0,97,0,97,0,2,102,0,104,170,0,170,274
09/16/2016,RNM,CA,AWP,WE,Federal Contract Tower,0,0,4,0,4,0,0,80,0,80,0,0,84,0,84,120,0,120,204
09/17/2016,RNM,CA,AWP,WE,Federal Contract Tower,0,0,0,0,0,0,0,104,0,104,0,0,104,0,104,208,0,208,312
09/18/2016,RNM,CA,AWP,WE,Federal Contract Tower,0,0,1,0,1,0,0,80,0,80,0,0,81,0,81,52,0,52,133
09/19/2016,RNM,CA,AWP,WE,Federal Contract Tower,0,1,4,0,5,0,0,43,0,43,0,1,47,0,48,58,0,58,106
09/20/2016,RNM,CA,AWP,WE,Federal Contract Tower,0,1,2,0,3,0,0,29,0,29,0,1,31,0,32,44,0,44,76
09/21/2016,RNM,CA,AWP,WE,Federal Contract Tower,0,0,9,0,9,0,0,11,0,11,0,0,20,0,20,12,0,12,32
09/22/2016,RNM,CA,AWP,WE,Federal Contract Tower,0,0,11,0,11,0,0,42,0,42,0,0,53,0,53,42,0,42,95
09/23/2016,RNM,CA,AWP,WE,Federal Contract Tower,0,0,1,0,1,0,0,74,0,74,0,0,75,0,75,150,0,150,225
09/24/2016,RNM,CA,AWP,WE,Federal Contract Tower,0,0,1,0,1,0,0,78,0,78,0,0,79,0,79,104,0,104,183
09/25/2016,RNM,CA,AWP,WE,Federal Contract Tower,0,0,5,0,5,0,0,50,0,50,0,0,55,0,55,50,0,50,105
09/26/2016,RNM,CA,AWP,WE,Federal Contract Tower,0,1,4,0,5,0,0,48,0,48,0,1,52,0,53,88,0,88,141
09/27/2016,RNM,CA,AWP,WE,Federal Contract Tower,0,0,3,0,3,0,0,0,0,0,0,0,3,0,3,116,8,124,127
09/28/2016,RNM,CA,AWP,WE,Federal Contract Tower,0,2,1,0,3,0,0,102,0,102,0,2,103,0,105,283,0,283,388
09/29/2016,RNM,CA,AWP,WE,Federal Contract Tower,0,0,3,0,3,0,0,83,0,83,0,0,86,0,86,196,0,196,282
09/30/2016,RNM,CA,AWP,WE,Federal Contract Tower,0,0,3,0,3,0,0,84,0,84,0,0,87,0,87,288,0,288,375
10/01/2016,RNM,CA,AWP,WE,Federal Contract Tower,0,0,5,0,5,0,0,95,0,95,0,0,100,0,100,176,0,176,276
10/02/2016,RNM,CA,AWP,WE,Federal Contract Tower,0,0,1,0,1,0,0,106,0,106,0,0,107,0,107,196,0,196,303
10/03/2016,RNM,CA,AWP,WE,Federal Contract Tower,0,0,2,0,2,0,0,64,2,66,0,0,66,2,68,134,0,134,202
10/04/2016,RNM,CA,AWP,WE,Federal Contract Tower,0,0,3,0,3,0,0,74,0,74,0,0,77,0,77,180,0,180,257
10/05/2016,RNM,CA,AWP,WE,Federal Contract Tower,0,3,1,0,4,0,0,84,6,90,0,3,85,6,94,202,4,206,300
10/06/2016,RNM,CA,AWP,WE,Federal Contract Tower,0,0,5,0,5,0,0,120,0,120,0,0,125,0,125,280,0,280,405
10/07/2016,RNM,CA,AWP,WE,Federal Contract Tower,0,0,0,0,0,0,0,98,2,100,0,0,98,2,100,228,0,228,328
10/08/2016,RNM,CA,AWP,WE,Federal Contract Tower,0,0,3,0,3,0,0,90,0,90,0,0,93,0,93,134,0,134,227
10/09/2016,RNM,CA,AWP,WE,Federal Contract Tower,0,0,2,0,2,0,0,76,0,76,0,0,78,0,78,170,0,170,248
10/10/2016,RNM,CA,AWP,WE,Federal Contract Tower,0,2,2,0,4,0,0,74,0,74,0,2,76,0,78,160,0,160,238
10/11/2016,RNM,CA,AWP,WE,Federal Contract Tower,0,2,10,0,12,0,0,77,0,77,0,2,87,0,89,236,0,236,325
10/12/2016,RNM,CA,AWP,WE,Federal Contract Tower,0,0,4,0,4,0,0,48,0,48,0,0,52,0,52,244,0,244,296
10/13/2016,RNM,CA,AWP,WE,Federal Contract Tower,0,0,6,0,6,0,0,66,0,66,0,0,72,0,72,206,0,206,278
10/14/2016,RNM,CA,AWP,WE,Federal Contract Tower,0,0,4,0,4,0,0,75,0,75,0,0,79,0,79,200,0,200,279
10/15/2016,RNM,CA,AWP,WE,Federal Contract Tower,0,0,2,0,2,0,0,122,0,122,0,0,124,0,124,124,0,124,248
10/16/2016,RNM,CA,AWP,WE,Federal Contract Tower,0,0,8,0,8,0,0,66,0,66,0,0,74,0,74,76,0,76,150
10/17/2016,RNM,CA,AWP,WE,Federal Contract Tower,0,0,13,0,13,0,0,14,0,14,0,0,27,0,27,106,0,106,133
10/18/2016,RNM,CA,AWP,WE,Federal Contract Tower,0,2,4,0,6,0,0,96,0,96,0,2,100,0,102,170,0,170,272
10/19/2016,RNM,CA,AWP,WE,Federal Contract Tower,0,0,3,0,3,0,0,85,0,85,0,0,88,0,88,226,0,226,314
10/20/2016,RNM,CA,AWP,WE,Federal Contract Tower,0,2,4,0,6,0,4,80,0,84,0,6,84,0,90,126,14,140,230
10/21/2016,RNM,CA,AWP,WE,Federal Contract Tower,0,0,5,0,5,0,0,84,0,84,0,0,89,0,89,300,0,300,389
10/22/2016,RNM,CA,AWP,WE,Federal Contract Tower,0,0,8,0,8,0,0,108,0,108,0,0,116,0,116,174,0,174,290
10/23/2016,RNM,CA,AWP,WE,Federal Contract Tower,0,0,5,0,5,0,0,75,0,75,0,0,80,0,80,118,0,118,198
10/24/2016,RNM,CA,AWP,WE,Federal Contract Tower,0,0,4,0,4,0,0,13,0,13,0,0,17,0,17,38,0,38,55
10/25/2016,RNM,CA,AWP,WE,Federal Contract Tower,0,0,8,0,8,0,0,84,2,86,0,0,92,2,94,172,0,172,266
10/26/2016,RNM,CA,AWP,WE,Federal Contract Tower,0,1,2,0,3,0,0,83,0,83,0,1,85,0,86,220,0,220,306
10/27/2016,RNM,CA,AWP,WE,Federal Contract Tower,0,1,3,0,4,0,0,84,0,84,0,1,87,0,88,200,0,200,288
10/28/2016,RNM,CA,AWP,WE,Federal Contract Tower,0,0,2,0,2,0,0,72,0,72,0,0,74,0,74,150,0,150,224
10/29/2016,RNM,CA,AWP,WE,Federal Contract Tower,0,1,2,0,3,0,0,110,0,110,0,1,112,0,113,160,0,160,273
10/30/2016,RNM,CA,AWP,WE,Federal Contract Tower,0,1,8,0,9,0,0,42,0,42,0,1,50,0,51,66,0,66,117
10/31/2016,RNM,CA,AWP,WE,Federal Contract Tower,0,0,6,0,6,0,0,50,0,50,0,0,56,0,56,186,0,186,242
11/01/2016,RNM,CA,AWP,WE,Federal Contract Tower,0,0,4,0,4,0,0,90,2,92,0,0,94,2,96,162,6,168,264
11/02/2016,RNM,CA,AWP,WE,Federal Contract Tower,0,0,3,0,3,0,0,73,0,73,0,0,76,0,76,110,0,110,186
11/03/2016,RNM,CA,AWP,WE,Federal Contract Tower,0,1,9,0,10,0,0,100,0,100,0,1,109,0,110,210,0,210,320
11/04/2016,RNM,CA,AWP,WE,Federal Contract Tower,0,0,5,0,5,0,0,100,0,100,0,0,105,0,105,174,0,174,279
11/05/2016,RNM,CA,AWP,WE,Federal Contract Tower,0,0,1,0,1,0,0,100,0,100,0,0,101,0,101,110,0,110,211
11/06/2016,RNM,CA,AWP,WE,Federal Contract Tower,0,0,4,0,4,0,0,104,0,104,0,0,108,0,108,200,0,200,308
11/07/2016,RNM,CA,AWP,WE,Federal Contract Tower,0,0,2,0,2,0,0,93,0,93,0,0,95,0,95,154,0,154,249
11/08/2016,RNM,CA,AWP,WE,Federal Contract Tower,0,0,3,0,3,0,0,63,0,63,0,0,66,0,66,122,0,122,188
11/09/2016,RNM,CA,AWP,WE,Federal Contract Tower,0,0,2,0,2,0,0,63,0,63,0,0,65,0,65,152,0,152,217
11/10/2016,RNM,CA,AWP,WE,Federal Contract Tower,0,0,5,0,5,0,0,90,0,90,0,0,95,0,95,119,0,119,214
11/11/2016,RNM,CA,AWP,WE,Federal Contract Tower,0,0,4,0,4,0,0,112,0,112,0,0,116,0,116,192,0,192,308
11/12/2016,RNM,CA,AWP,WE,Federal Contract Tower,0,0,0,0,0,0,0,103,0,103,0,0,103,0,103,214,0,214,317
11/13/2016,RNM,CA,AWP,WE,Federal Contract Tower,0,0,4,0,4,0,0,84,0,84,0,0,88,0,88,110,0,110,198
11/14/2016,RNM,CA,AWP,WE,Federal Contract Tower,0,2,0,0,2,0,0,84,0,84,0,2,84,0,86,156,0,156,242
11/15/2016,RNM,CA,AWP,WE,Federal Contract Tower,0,0,4,0,4,0,0,108,4,112,0,0,112,4,116,194,4,198,314
11/16/2016,RNM,CA,AWP,WE,Federal Contract Tower,0,0,4,0,4,0,0,54,2,56,0,0,58,2,60,122,12,134,194
11/17/2016,RNM,CA,AWP,WE,Federal Contract Tower,0,0,7,0,7,0,0,147,0,147,0,0,154,0,154,224,0,224,378
11/18/2016,RNM,CA,AWP,WE,Federal Contract Tower,0,0,4,0,4,0,0,100,0,100,0,0,104,0,104,194,0,194,298
11/19/2016,RNM,CA,AWP,WE,Federal Contract Tower,0,0,0,0,0,0,0,106,0,106,0,0,106,0,106,242,0,242,348
11/20/2016,RNM,CA,AWP,WE,Federal Contract Tower,0,0,4,0,4,0,0,54,0,54,0,0,58,0,58,190,0,190,248
11/21/2016,RNM,CA,AWP,WE,Federal Contract Tower,0,0,3,0,3,0,0,4,4,8,0,0,7,4,11,4,12,16,27
11/22/2016,RNM,CA,AWP,WE,Federal Contract Tower,0,0,5,0,5,0,0,73,2,75,0,0,78,2,80,212,0,212,292
11/23/2016,RNM,CA,AWP,WE,Federal Contract Tower,0,0,4,0,4,0,0,79,0,79,0,0,83,0,83,282,0,282,365
11/24/2016,RNM,CA,AWP,WE,Federal Contract Tower,0,0,1,0,1,0,0,50,0,50,0,0,51,0,51,70,0,70,121
11/25/2016,RNM,CA,AWP,WE,Federal Contract Tower,0,0,1,0,1,0,0,91,0,91,0,0,92,0,92,244,0,244,336
11/26/2016,RNM,CA,AWP,WE,Federal Contract Tower,0,0,4,0,4,0,0,34,0,34,0,0,38,0,38,66,0,66,104
11/27/2016,RNM,CA,AWP,WE,Federal Contract Tower,0,0,4,0,4,0,0,0,0,0,0,0,4,0,4,0,0,0,4
11/28/2016,RNM,CA,AWP,WE,Federal Contract Tower,0,0,6,0,6,0,0,15,0,15,0,0,21,0,21,40,0,40,61
11/29/2016,RNM,CA,AWP,WE,Federal Contract Tower,0,0,4,0,4,0,0,91,0,91,0,0,95,0,95,254,0,254,349
11/30/2016,RNM,CA,AWP,WE,Federal Contract Tower,0,2,2,0,4,0,0,114,0,114,0,2,116,0,118,296,0,296,414
12/01/2016,RNM,CA,AWP,WE,Federal Contract Tower,0,0,3,0,3,0,0,84,0,84,0,0,87,0,87,184,0,184,271
12/02/2016,RNM,CA,AWP,WE,Federal Contract Tower,0,0,0,0,0,0,0,69,0,69,0,0,69,0,69,184,0,184,253
12/03/2016,RNM,CA,AWP,WE,Federal Contract Tower,0,0,1,0,1,0,0,93,0,93,0,0,94,0,94,374,0,374,468
12/04/2016,RNM,CA,AWP,WE,Federal Contract Tower,0,0,3,0,3,0,0,100,0,100,0,0,103,0,103,160,0,160,263
12/05/2016,RNM,CA,AWP,WE,Federal Contract Tower,0,0,5,0,5,0,0,89,0,89,0,0,94,0,94,242,0,242,336
12/06/2016,RNM,CA,AWP,WE,Federal Contract Tower,0,0,10,0,10,0,0,40,0,40,0,0,50,0,50,192,0,192,242
12/07/2016,RNM,CA,AWP,WE,Federal Contract Tower,0,2,9,0,11,0,0,42,0,42,0,2,51,0,53,192,0,192,245
12/08/2016,RNM,CA,AWP,WE,Federal Contract Tower,0,0,4,0,4,0,0,120,0,120,0,0,124,0,124,200,0,200,324
12/09/2016,RNM,CA,AWP,WE,Federal Contract Tower,0,0,3,0,3,0,0,96,0,96,0,0,99,0,99,182,0,182,281
12/10/2016,RNM,CA,AWP,WE,Federal Contract Tower,0,0,8,0,8,0,0,74,0,74,0,0,82,0,82,174,0,174,256
12/11/2016,RNM,CA,AWP,WE,Federal Contract Tower,0,0,4,0,4,0,0,54,0,54,0,0,58,0,58,160,0,160,218
12/12/2016,RNM,CA,AWP,WE,Federal Contract Tower,0,0,7,0,7,0,0,60,0,60,0,0,67,0,67,112,0,112,179
12/13/2016,RNM,CA,AWP,WE,Federal Contract Tower,0,0,2,0,2,0,0,101,2,103,0,0,103,2,105,324,4,328,433
12/14/2016,RNM,CA,AWP,WE,Federal Contract Tower,0,2,6,0,8,0,0,133,6,139,0,2,139,6,147,268,6,274,421
12/15/2016,RNM,CA,AWP,WE,Federal Contract Tower,0,0,6,0,6,0,0,56,0,56,0,0,62,0,62,230,0,230,292
12/16/2016,RNM,CA,AWP,WE,Federal Contract Tower,0,0,4,0,4,0,0,0,0,0,0,0,4,0,4,0,0,0,4
12/17/2016,RNM,CA,AWP,WE,Federal Contract Tower,0,0,3,0,3,0,0,130,0,130,0,0,133,0,133,270,0,270,403
12/18/2016,RNM,CA,AWP,WE,Federal Contract Tower,0,0,4,0,4,0,0,80,0,80,0,0,84,0,84,160,0,160,244
12/19/2016,RNM,CA,AWP,WE,Federal Contract Tower,0,0,4,0,4,0,0,68,0,68,0,0,72,0,72,86,0,86,158
12/20/2016,RNM,CA,AWP,WE,Federal Contract Tower,0,0,7,0,7,0,0,104,0,104,0,0,111,0,111,205,0,205,316
12/21/2016,RNM,CA,AWP,WE,Federal Contract Tower,0,0,5,0,5,0,0,63,2,65,0,0,68,2,70,198,0,198,268
12/22/2016,RNM,CA,AWP,WE,Federal Contract Tower,0,0,3,0,3,0,0,0,0,0,0,0,3,0,3,0,0,0,3
12/23/2016,RNM,CA,AWP,WE,Federal Contract Tower,0,0,7,0,7,0,0,4,0,4,0,0,11,0,11,0,0,0,11
12/24/2016,RNM,CA,AWP,WE,Federal Contract Tower,0,0,0,0,0,0,0,4,0,4,0,0,4,0,4,22,0,22,26
12/25/2016,RNM,CA,AWP,WE,Federal Contract Tower,0,0,3,0,3,0,0,43,0,43,0,0,46,0,46,88,0,88,134
12/26/2016,RNM,CA,AWP,WE,Federal Contract Tower,0,0,2,0,2,0,0,45,0,45,0,0,47,0,47,174,0,174,221
12/27/2016,RNM,CA,AWP,WE,Federal Contract Tower,0,0,0,0,0,0,0,102,0,102,0,0,102,0,102,228,0,228,330
12/28/2016,RNM,CA,AWP,WE,Federal Contract Tower,0,0,3,0,3,0,0,90,0,90,0,0,93,0,93,234,0,234,327
12/29/2016,RNM,CA,AWP,WE,Federal Contract Tower,0,0,3,0,3,0,0,93,0,93,0,0,96,0,96,196,0,196,292
12/30/2016,RNM,CA,AWP,WE,Federal Contract Tower,0,0,2,0,2,0,0,27,0,27,0,0,29,0,29,94,0,94,123
12/31/2016,RNM,CA,AWP,WE,Federal Contract Tower,0,0,2,0,2,0,0,0,0,0,0,0,2,0,2,0,0,0,2
01/01/2017,RNM,CA,AWP,WE,Federal Contract Tower,0,0,2,0,2,0,0,25,0,25,0,0,27,0,27,84,0,84,111
01/02/2017,RNM,CA,AWP,WE,Federal Contract Tower,1,0,5,0,6,0,0,33,0,33,1,0,38,0,39,126,0,126,165
01/03/2017,RNM,CA,AWP,WE,Federal Contract Tower,0,0,5,0,5,0,0,85,2,87,0,0,90,2,92,222,24,246,338
01/04/2017,RNM,CA,AWP,WE,Federal Contract Tower,0,0,0,0,0,0,0,122,6,128,0,0,122,6,128,314,6,320,448
01/05/2017,RNM,CA,AWP,WE,Federal Contract Tower,0,0,1,0,1,0,0,0,0,0,0,0,1,0,1,0,0,0,1
01/06/2017,RNM,CA,AWP,WE,Federal Contract Tower,0,0,9,0,9,0,0,73,2,75,0,0,82,2,84,124,0,124,208
01/07/2017,RNM,CA,AWP,WE,Federal Contract Tower,0,0,2,0,2,0,0,94,0,94,0,0,96,0,96,220,0,220,316
01/08/2017,RNM,CA,AWP,WE,Federal Contract Tower,0,0,4,0,4,0,0,124,0,124,0,0,128,0,128,180,0,180,308
01/09/2017,RNM,CA,AWP,WE,Federal Contract Tower,0,0,1,0,1,0,0,2,0,2,0,0,3,0,3,0,0,0,3
01/10/2017,RNM,CA,AWP,WE,Federal Contract Tower,0,2,11,2,15,0,0,24,0,24,0,2,35,2,39,74,0,74,113
01/11/2017,RNM,CA,AWP,WE,Federal Contract Tower,0,0,0,0,0,0,0,0,0,0,0,0,0,0,0,0,0,0,0
01/12/2017,RNM,CA,AWP,WE,Federal Contract Tower,0,1,3,0,4,0,0,12,0,12,0,1,15,0,16,52,0,52,68
01/13/2017,RNM,CA,AWP,WE,Federal Contract Tower,0,1,10,0,11,0,0,34,0,34,0,1,44,0,45,86,0,86,131
01/14/2017,RNM,CA,AWP,WE,Federal Contract Tower,0,0,3,0,3,0,0,109,0,109,0,0,112,0,112,244,0,244,356
01/15/2017,RNM,CA,AWP,WE,Federal Contract Tower,0,0,3,0,3,0,0,109,0,109,0,0,112,0,112,244,0,244,356
01/16/2017,RNM,CA,AWP,WE,Federal Contract Tower,0,0,5,0,5,0,0,95,0,95,0,0,100,0,100,280,0,280,380
01/17/2017,RNM,CA,AWP,WE,Federal Contract Tower,0,0,3,0,3,0,0,149,0,149,0,0,152,0,152,418,0,418,570
01/18/2017,RNM,CA,AWP,WE,Federal Contract Tower,0,1,9,0,10,0,0,105,2,107,0,1,114,2,117,336,0,336,453
01/19/2017,RNM,CA,AWP,WE,Federal Contract Tower,0,0,2,0,2,0,0,2,2,4,0,0,4,2,6,4,0,4,10
01/21/2017,RNM,CA,AWP,WE,Federal Contract Tower,0,0,4,0,4,0,0,39,0,39,0,0,43,0,43,102,0,102,145
01/22/2017,RNM,CA,AWP,WE,Federal Contract Tower,0,0,1,0,1,0,0,19,0,19,0,0,20,0,20,92,0,92,112
01/23/2017,RNM,CA,AWP,WE,Federal Contract Tower,0,0,2,0,2,0,0,0,0,0,0,0,2,0,2,62,0,62,64
01/24/2017,RNM,CA,AWP,WE,Federal Contract Tower,0,1,3,0,4,0,0,29,0,29,0,1,32,0,33,272,0,272,305
01/25/2017,RNM,CA,AWP,WE,Federal Contract Tower,0,2,5,0,7,0,0,123,0,123,0,2,128,0,130,318,0,318,448
01/26/2017,RNM,CA,AWP,WE,Federal Contract Tower,0,0,3,0,3,0,0,114,0,114,0,0,117,0,117,324,0,324,441
01/27/2017,RNM,CA,AWP,WE,Federal Contract Tower,0,0,0,0,0,0,0,31,0,31,0,0,31,0,31,84,0,84,115
01/28/2017,RNM,CA,AWP,WE,Federal Contract Tower,0,0,1,0,1,0,0,74,0,74,0,0,75,0,75,206,0,206,281
01/29/2017,RNM,CA,AWP,WE,Federal Contract Tower,0,0,2,0,2,0,0,44,0,44,0,0,46,0,46,72,0,72,118
01/30/2017,RNM,CA,AWP,WE,Federal Contract Tower,0,0,2,0,2,0,0,122,0,122,0,0,124,0,124,216,0,216,340
01/31/2017,RNM,CA,AWP,WE,Federal Contract Tower,0,0,2,0,2,0,0,108,0,108,0,0,110,0,110,182,0,182,292
02/01/2017,RNM,CA,AWP,WE,Federal Contract Tower,0,0,2,0,2,0,0,84,0,84,0,0,86,0,86,194,0,194,280
02/02/2017,RNM,CA,AWP,WE,Federal Contract Tower,0,0,3,0,3,0,0,78,2,80,0,0,81,2,83,234,6,240,323
02/03/2017,RNM,CA,AWP,WE,Federal Contract Tower,0,0,8,0,8,0,0,70,0,70,0,0,78,0,78,360,0,360,438
02/04/2017,RNM,CA,AWP,WE,Federal Contract Tower,0,0,5,0,5,0,0,66,0,66,0,0,71,0,71,180,0,180,251
02/05/2017,RNM,CA,AWP,WE,Federal Contract Tower,0,0,4,0,4,0,0,18,0,18,0,0,22,0,22,14,0,14,36
02/06/2017,RNM,CA,AWP,WE,Federal Contract Tower,0,1,3,0,4,0,0,0,0,0,0,1,3,0,4,0,0,0,4
02/07/2017,RNM,CA,AWP,WE,Federal Contract Tower,0,0,5,0,5,0,0,0,0,0,0,0,5,0,5,0,0,0,5
02/08/2017,RNM,CA,AWP,WE,Federal Contract Tower,0,0,7,0,7,0,0,86,0,86,0,0,93,0,93,358,0,358,451
02/09/2017,RNM,CA,AWP,WE,Federal Contract Tower,0,0,7,0,7,0,0,97,0,97,0,0,104,0,104,280,0,280,384
02/10/2017,RNM,CA,AWP,WE,Federal Contract Tower,0,2,13,0,15,0,0,53,3,56,0,2,66,3,71,120,0,120,191
02/11/2017,RNM,CA,AWP,WE,Federal Contract Tower,0,0,6,0,6,0,0,6,2,8,0,0,12,2,14,8,2,10,24
02/12/2017,RNM,CA,AWP,WE,Federal Contract Tower,0,0,2,0,2,0,0,117,0,117,0,0,119,0,119,264,0,264,383
02/13/2017,RNM,CA,AWP,WE,Federal Contract Tower,0,0,5,0,5,0,0,97,0,97,0,0,102,0,102,182,0,182,284
02/14/2017,RNM,CA,AWP,WE,Federal Contract Tower,0,0,6,0,6,0,0,86,0,86,0,0,92,0,92,192,0,192,284
02/15/2017,RNM,CA,AWP,WE,Federal Contract Tower,0,0,1,0,1,0,0,88,2,90,0,0,89,2,91,286,4,290,381
02/16/2017,RNM,CA,AWP,WE,Federal Contract Tower,0,0,8,0,8,0,0,94,0,94,0,0,102,0,102,170,0,170,272
02/17/2017,RNM,CA,AWP,WE,Federal Contract Tower,0,0,4,0,4,0,0,0,18,18,0,0,4,18,22,0,0,0,22
02/18/2017,RNM,CA,AWP,WE,Federal Contract Tower,0,0,6,0,6,0,0,1,0,1,0,0,7,0,7,2,0,2,9
02/19/2017,RNM,CA,AWP,WE,Federal Contract Tower,0,2,7,0,9,0,0,2,0,2,0,2,9,0,11,160,0,160,171
02/20/2017,RNM,CA,AWP,WE,Federal Contract Tower,0,2,17,0,19,0,1,92,0,93,0,3,109,0,112,236,0,236,348
02/21/2017,RNM,CA,AWP,WE,Federal Contract Tower,0,3,8,0,11,0,0,118,0,118,0,3,126,0,129,280,0,280,409
02/22/2017,RNM,CA,AWP,WE,Federal Contract Tower,0,0,8,0,8,0,0,36,0,36,0,0,44,0,44,184,0,184,228
02/23/2017,RNM,CA,AWP,WE,Federal Contract Tower,0,0,8,0,8,0,0,108,0,108,0,0,116,0,116,274,0,274,390
02/24/2017,RNM,CA,AWP,WE,Federal Contract Tower,0,2,1,0,3,0,0,124,0,124,0,2,125,0,127,319,0,319,446
02/25/2017,RNM,CA,AWP,WE,Federal Contract Tower,0,0,5,0,5,0,0,110,0,110,0,0,115,0,115,196,0,196,311
02/26/2017,RNM,CA,AWP,WE,Federal Contract Tower,0,0,5,0,5,0,0,0,0,0,0,0,5,0,5,0,0,0,5
02/27/2017,RNM,CA,AWP,WE,Federal Contract Tower,0,0,0,0,0,0,0,0,0,0,0,0,0,0,0,0,0,0,0
02/28/2017,RNM,CA,AWP,WE,Federal Contract Tower,0,0,6,0,6,0,0,30,0,30,0,0,36,0,36,42,0,42,78
03/01/2017,RNM,CA,AWP,WE,Federal Contract Tower,0,0,3,0,3,0,0,82,0,82,0,0,85,0,85,140,0,140,225
03/02/2017,RNM,CA,AWP,WE,Federal Contract Tower,0,0,4,0,4,0,0,45,0,45,0,0,49,0,49,80,0,80,129
03/03/2017,RNM,CA,AWP,WE,Federal Contract Tower,0,0,4,0,4,0,0,112,0,112,0,0,116,0,116,260,0,260,376
03/04/2017,RNM,CA,AWP,WE,Federal Contract Tower,0,0,4,0,4,0,0,81,0,81,0,0,85,0,85,212,0,212,297
03/05/2017,RNM,CA,AWP,WE,Federal Contract Tower,0,0,4,0,4,0,0,4,0,4,0,0,8,0,8,42,0,42,50
03/06/2017,RNM,CA,AWP,WE,Federal Contract Tower,0,0,2,0,2,0,0,95,2,97,0,0,97,2,99,228,6,234,333
03/07/2017,RNM,CA,AWP,WE,Federal Contract Tower,0,0,5,0,5,0,0,118,0,118,0,0,123,0,123,310,0,310,433
03/08/2017,RNM,CA,AWP,WE,Federal Contract Tower,0,0,3,0,3,0,0,120,0,120,0,0,123,0,123,268,0,268,391
03/09/2017,RNM,CA,AWP,WE,Federal Contract Tower,0,0,3,0,3,0,0,88,0,88,0,0,91,0,91,240,0,240,331
03/10/2017,RNM,CA,AWP,WE,Federal Contract Tower,0,2,6,0,8,0,0,125,0,125,0,2,131,0,133,298,0,298,431
03/11/2017,RNM,CA,AWP,WE,Federal Contract Tower,0,0,4,0,4,0,0,124,0,124,0,0,128,0,128,280,0,280,408
03/12/2017,RNM,CA,AWP,WE,Federal Contract Tower,0,0,3,0,3,0,0,93,0,93,0,0,96,0,96,134,0,134,230
03/13/2017,RNM,CA,AWP,WE,Federal Contract Tower,0,0,4,0,4,0,0,96,0,96,0,0,100,0,100,270,0,270,370
03/14/2017,RNM,CA,AWP,WE,Federal Contract Tower,0,0,2,0,2,0,0,103,0,103,0,0,105,0,105,392,0,392,497
03/15/2017,RNM,CA,AWP,WE,Federal Contract Tower,0,0,3,0,3,0,0,112,0,112,0,0,115,0,115,266,0,266,381
03/16/2017,RNM,CA,AWP,WE,Federal Contract Tower,0,0,5,0,5,0,0,85,0,85,0,0,90,0,90,236,0,236,326
03/17/2017,RNM,CA,AWP,WE,Federal Contract Tower,0,0,7,0,7,0,0,114,2,116,0,0,121,2,123,334,4,338,461
03/18/2017,RNM,CA,AWP,WE,Federal Contract Tower,0,2,2,0,4,0,0,114,0,114,0,2,116,0,118,284,0,284,402
03/19/2017,RNM,CA,AWP,WE,Federal Contract Tower,0,0,5,0,5,0,0,120,0,120,0,0,125,0,125,228,0,228,353
03/20/2017,RNM,CA,AWP,WE,Federal Contract Tower,0,0,4,0,4,0,0,30,0,30,0,0,34,0,34,79,0,79,113
03/21/2017,RNM,CA,AWP,WE,Federal Contract Tower,0,0,8,0,8,0,0,68,0,68,0,0,76,0,76,199,0,199,275
03/22/2017,RNM,CA,AWP,WE,Federal Contract Tower,0,0,5,0,5,0,0,8,0,8,0,0,13,0,13,16,0,16,29
03/23/2017,RNM,CA,AWP,WE,Federal Contract Tower,0,0,11,0,11,0,0,68,0,68,0,0,79,0,79,210,0,210,289
03/24/2017,RNM,CA,AWP,WE,Federal Contract Tower,0,0,2,0,2,0,0,162,0,162,0,0,164,0,164,352,0,352,516
03/25/2017,RNM,CA,AWP,WE,Federal Contract Tower,0,0,12,0,12,0,0,26,0,26,0,0,38,0,38,132,0,132,170
03/26/2017,RNM,CA,AWP,WE,Federal Contract Tower,0,0,14,0,14,0,0,48,0,48,0,0,62,0,62,118,0,118,180
03/27/2017,RNM,CA,AWP,WE,Federal Contract Tower,0,2,15,0,17,0,0,25,0,25,0,2,40,0,42,134,0,134,176
03/28/2017,RNM,CA,AWP,WE,Federal Contract Tower,0,0,1,0,1,0,0,98,0,98,0,0,99,0,99,262,0,262,361
03/29/2017,RNM,CA,AWP,WE,Federal Contract Tower,0,0,1,0,1,0,0,119,8,127,0,0,120,8,128,320,8,328,456
03/30/2017,RNM,CA,AWP,WE,Federal Contract Tower,0,0,9,0,9,0,0,71,0,71,0,0,80,0,80,166,0,166,246
03/31/2017,RNM,CA,AWP,WE,Federal Contract Tower,0,0,5,0,5,0,0,104,0,104,0,0,109,0,109,252,0,252,361
04/01/2017,RNM,CA,AWP,WE,Federal Contract Tower,0,0,1,0,1,0,0,107,0,107,0,0,108,0,108,380,0,380,488
04/02/2017,RNM,CA,AWP,WE,Federal Contract Tower,0,0,5,0,5,0,0,106,0,106,0,0,111,0,111,162,0,162,273
04/03/2017,RNM,CA,AWP,WE,Federal Contract Tower,0,0,7,0,7,0,0,37,0,37,0,0,44,0,44,164,0,164,208
04/04/2017,RNM,CA,AWP,WE,Federal Contract Tower,0,0,5,0,5,0,0,97,4,101,0,0,102,4,106,350,6,356,462
04/05/2017,RNM,CA,AWP,WE,Federal Contract Tower,0,0,2,0,2,0,0,101,2,103,0,0,103,2,105,243,0,243,348
04/06/2017,RNM,CA,AWP,WE,Federal Contract Tower,0,0,3,0,3,0,0,90,0,90,0,0,93,0,93,182,0,182,275
04/07/2017,RNM,CA,AWP,WE,Federal Contract Tower,0,2,0,0,2,0,0,109,0,109,0,2,109,0,111,334,0,334,445
04/08/2017,RNM,CA,AWP,WE,Federal Contract Tower,0,0,8,0,8,0,0,29,0,29,0,0,37,0,37,96,0,96,133
04/09/2017,RNM,CA,AWP,WE,Federal Contract Tower,0,0,3,0,3,0,0,101,0,101,0,0,104,0,104,130,0,130,234
04/10/2017,RNM,CA,AWP,WE,Federal Contract Tower,0,0,4,0,4,0,0,76,0,76,0,0,80,0,80,217,0,217,297
04/11/2017,RNM,CA,AWP,WE,Federal Contract Tower,0,0,0,0,0,0,0,92,0,92,0,0,92,0,92,262,0,262,354
04/12/2017,RNM,CA,AWP,WE,Federal Contract Tower,0,0,1,0,1,0,0,122,0,122,0,0,123,0,123,342,0,342,465
04/13/2017,RNM,CA,AWP,WE,Federal Contract Tower,0,0,3,0,3,0,0,74,0,74,0,0,77,0,77,188,0,188,265
04/14/2017,RNM,CA,AWP,WE,Federal Contract Tower,0,0,4,0,4,0,0,83,0,83,0,0,87,0,87,310,0,310,397
04/15/2017,RNM,CA,AWP,WE,Federal Contract Tower,0,0,0,0,0,0,0,129,0,129,0,0,129,0,129,134,0,134,263
04/16/2017,RNM,CA,AWP,WE,Federal Contract Tower,0,0,1,0,1,0,0,68,0,68,0,0,69,0,69,84,0,84,153
04/17/2017,RNM,CA,AWP,WE,Federal Contract Tower,0,2,5,0,7,0,0,88,0,88,0,2,93,0,95,260,0,260,355
04/18/2017,RNM,CA,AWP,WE,Federal Contract Tower,0,0,4,0,4,0,0,88,0,88,0,0,92,0,92,310,0,310,402
04/19/2017,RNM,CA,AWP,WE,Federal Contract Tower,0,0,3,0,3,0,0,83,2,85,0,0,86,2,88,18,0,18,106
04/20/2017,RNM,CA,AWP,WE,Federal Contract Tower,0,0,7,0,7,0,0,81,0,81,0,0,88,0,88,138,0,138,226
04/21/2017,RNM,CA,AWP,WE,Federal Contract Tower,0,0,6,0,6,0,0,104,0,104,0,0,110,0,110,260,0,260,370
04/22/2017,RNM,CA,AWP,WE,Federal Contract Tower,0,0,4,0,4,0,0,132,0,132,0,0,136,0,136,166,0,166,302
04/23/2017,RNM,CA,AWP,WE,Federal Contract Tower,0,0,2,0,2,0,0,102,0,102,0,0,104,0,104,168,0,168,272
04/24/2017,RNM,CA,AWP,WE,Federal Contract Tower,0,2,6,0,8,0,0,37,0,37,0,2,43,0,45,190,0,190,235
04/25/2017,RNM,CA,AWP,WE,Federal Contract Tower,0,1,11,0,12,0,1,47,2,50,0,2,58,2,62,288,0,288,350
04/26/2017,RNM,CA,AWP,WE,Federal Contract Tower,0,0,5,0,5,0,0,102,4,106,0,0,107,4,111,232,2,234,345
04/27/2017,RNM,CA,AWP,WE,Federal Contract Tower,0,0,10,0,10,0,0,87,0,87,0,0,97,0,97,268,0,268,365
04/28/2017,RNM,CA,AWP,WE,Federal Contract Tower,0,0,2,0,2,0,84,0,0,84,0,84,2,0,86,280,0,280,366
04/29/2017,RNM,CA,AWP,WE,Federal Contract Tower,0,0,0,0,0,0,0,54,0,54,0,0,54,0,54,174,0,174,228
04/30/2017,RNM,CA,AWP,WE,Federal Contract Tower,0,0,1,0,1,0,0,116,0,116,0,0,117,0,117,126,0,126,243
05/01/2017,RNM,CA,AWP,WE,Federal Contract Tower,0,0,2,0,2,0,0,116,2,118,0,0,118,2,120,354,18,372,492
05/02/2017,RNM,CA,AWP,WE,Federal Contract Tower,0,0,2,0,2,0,0,148,4,152,0,0,150,4,154,282,18,300,454
05/03/2017,RNM,CA,AWP,WE,Federal Contract Tower,0,0,0,0,0,0,0,166,0,166,0,0,166,0,166,350,0,350,516
05/04/2017,RNM,CA,AWP,WE,Federal Contract Tower,0,0,5,0,5,0,0,138,0,138,0,0,143,0,143,238,0,238,381
05/05/2017,RNM,CA,AWP,WE,Federal Contract Tower,0,0,16,0,16,0,0,20,0,20,0,0,36,0,36,116,0,116,152
05/06/2017,RNM,CA,AWP,WE,Federal Contract Tower,0,0,5,0,5,0,0,8,0,8,0,0,13,0,13,0,0,0,13
05/07/2017,RNM,CA,AWP,WE,Federal Contract Tower,0,0,2,0,2,0,0,2,0,2,0,0,4,0,4,0,0,0,4
05/08/2017,RNM,CA,AWP,WE,Federal Contract Tower,0,2,8,0,10,0,0,99,0,99,0,2,107,0,109,282,0,282,391
05/09/2017,RNM,CA,AWP,WE,Federal Contract Tower,0,0,11,0,11,0,0,26,0,26,0,0,37,0,37,166,0,166,203
05/10/2017,RNM,CA,AWP,WE,Federal Contract Tower,0,1,14,0,15,0,0,16,0,16,0,1,30,0,31,108,0,108,139
05/11/2017,RNM,CA,AWP,WE,Federal Contract Tower,0,0,4,0,4,0,0,128,0,128,0,0,132,0,132,328,0,328,460
05/12/2017,RNM,CA,AWP,WE,Federal Contract Tower,0,0,5,0,5,0,0,52,0,52,0,0,57,0,57,127,4,131,188
05/13/2017,RNM,CA,AWP,WE,Federal Contract Tower,0,0,7,0,7,0,0,140,0,140,0,0,147,0,147,290,0,290,437
05/14/2017,RNM,CA,AWP,WE,Federal Contract Tower,0,0,1,0,1,0,0,61,0,61,0,0,62,0,62,86,0,86,148
05/15/2017,RNM,CA,AWP,WE,Federal Contract Tower,0,0,10,0,10,0,0,68,0,68,0,0,78,0,78,132,0,132,210
05/16/2017,RNM,CA,AWP,WE,Federal Contract Tower,0,0,12,0,12,0,0,26,4,30,0,0,38,4,42,148,6,154,196
05/17/2017,RNM,CA,AWP,WE,Federal Contract Tower,0,0,10,0,10,0,0,45,2,47,0,0,55,2,57,248,4,252,309
05/18/2017,RNM,CA,AWP,WE,Federal Contract Tower,0,0,1,0,1,0,0,140,0,140,0,0,141,0,141,286,0,286,427
05/19/2017,RNM,CA,AWP,WE,Federal Contract Tower,0,0,1,0,1,0,0,100,0,100,0,0,101,0,101,262,0,262,363
05/20/2017,RNM,CA,AWP,WE,Federal Contract Tower,0,0,1,0,1,0,0,183,0,183,0,0,184,0,184,216,0,216,400
05/21/2017,RNM,CA,AWP,WE,Federal Contract Tower,0,0,0,0,0,0,0,97,0,97,0,0,97,0,97,132,0,132,229
05/22/2017,RNM,CA,AWP,WE,Federal Contract Tower,2,0,7,1,10,0,0,131,1,132,2,0,138,2,142,368,0,368,510
05/23/2017,RNM,CA,AWP,WE,Federal Contract Tower,0,0,8,0,8,0,0,108,2,110,0,0,116,2,118,226,8,234,352
05/24/2017,RNM,CA,AWP,WE,Federal Contract Tower,0,0,8,0,8,0,0,115,0,115,0,0,123,0,123,312,0,312,435
05/25/2017,RNM,CA,AWP,WE,Federal Contract Tower,0,0,11,0,11,0,0,65,0,65,0,0,76,0,76,168,0,168,244
05/26/2017,RNM,CA,AWP,WE,Federal Contract Tower,0,0,8,0,8,0,0,86,0,86,0,0,94,0,94,146,0,146,240
05/27/2017,RNM,CA,AWP,WE,Federal Contract Tower,0,0,2,0,2,0,0,107,0,107,0,0,109,0,109,272,0,272,381
05/28/2017,RNM,CA,AWP,WE,Federal Contract Tower,0,0,2,0,2,0,0,88,0,88,0,0,90,0,90,148,0,148,238
05/29/2017,RNM,CA,AWP,WE,Federal Contract Tower,0,0,14,0,14,0,0,77,0,77,0,0,91,0,91,122,0,122,213
05/30/2017,RNM,CA,AWP,WE,Federal Contract Tower,0,0,3,0,3,0,0,52,2,54,0,0,55,2,57,136,6,142,199
05/31/2017,RNM,CA,AWP,WE,Federal Contract Tower,0,0,29,0,29,0,0,49,2,51,0,0,78,2,80,126,0,126,206
06/01/2017,RNM,CA,AWP,WE,Federal Contract Tower,0,0,8,0,8,0,0,16,0,16,0,0,24,0,24,56,0,56,80
06/02/2017,RNM,CA,AWP,WE,Federal Contract Tower,0,0,7,0,7,0,0,100,0,100,0,0,107,0,107,280,0,280,387
06/03/2017,RNM,CA,AWP,WE,Federal Contract Tower,0,0,4,0,4,0,0,120,0,120,0,0,124,0,124,274,0,274,398
06/04/2017,RNM,CA,AWP,WE,Federal Contract Tower,0,0,9,0,9,0,0,94,0,94,0,0,103,0,103,166,0,166,269
06/05/2017,RNM,CA,AWP,WE,Federal Contract Tower,0,2,2,0,4,0,0,78,0,78,0,2,80,0,82,182,0,182,264
06/06/2017,RNM,CA,AWP,WE,Federal Contract Tower,0,0,8,0,8,0,0,48,0,48,0,0,56,0,56,142,0,142,198
06/07/2017,RNM,CA,AWP,WE,Federal Contract Tower,0,0,6,0,6,0,0,64,0,64,0,0,70,0,70,150,0,150,220
06/08/2017,RNM,CA,AWP,WE,Federal Contract Tower,0,4,7,0,11,0,0,74,0,74,0,4,81,0,85,200,0,200,285
06/09/2017,RNM,CA,AWP,WE,Federal Contract Tower,0,1,7,0,8,0,0,120,0,120,0,1,127,0,128,298,0,298,426
06/10/2017,RNM,CA,AWP,WE,Federal Contract Tower,0,0,5,0,5,0,0,54,0,54,0,0,59,0,59,124,0,124,183
06/11/2017,RNM,CA,AWP,WE,Federal Contract Tower,0,0,4,0,4,0,0,32,2,34,0,0,36,2,38,52,0,52,90
06/12/2017,RNM,CA,AWP,WE,Federal Contract Tower,0,0,1,0,1,0,0,91,2,93,0,0,92,2,94,264,0,264,358
06/13/2017,RNM,CA,AWP,WE,Federal Contract Tower,0,0,3,0,3,0,0,121,0,121,0,0,124,0,124,200,0,200,324
06/14/2017,RNM,CA,AWP,WE,Federal Contract Tower,0,2,1,0,3,0,0,111,2,113,0,2,112,2,116,432,0,432,548
06/15/2017,RNM,CA,AWP,WE,Federal Contract Tower,0,0,4,0,4,0,0,111,4,115,0,0,115,4,119,166,6,172,291
06/16/2017,RNM,CA,AWP,WE,Federal Contract Tower,0,0,1,0,1,0,0,98,0,98,0,0,99,0,99,320,0,320,419
06/17/2017,RNM,CA,AWP,WE,Federal Contract Tower,0,0,4,0,4,0,0,135,0,135,0,0,139,0,139,265,0,265,404
06/18/2017,RNM,CA,AWP,WE,Federal Contract Tower,0,1,3,0,4,0,0,90,0,90,0,1,93,0,94,84,0,84,178
06/19/2017,RNM,CA,AWP,WE,Federal Contract Tower,0,1,3,0,4,0,0,100,0,100,0,1,103,0,104,227,0,227,331
06/20/2017,RNM,CA,AWP,WE,Federal Contract Tower,0,2,7,0,9,0,0,107,4,111,0,2,114,4,120,280,12,292,412
06/21/2017,RNM,CA,AWP,WE,Federal Contract Tower,0,1,6,0,7,0,0,132,10,142,0,1,138,10,149,350,36,386,535
06/22/2017,RNM,CA,AWP,WE,Federal Contract Tower,0,0,9,0,9,0,0,94,2,96,0,0,103,2,105,212,2,214,319
06/23/2017,RNM,CA,AWP,WE,Federal Contract Tower,0,0,10,0,10,0,0,129,0,129,0,0,139,0,139,387,0,387,526
06/24/2017,RNM,CA,AWP,WE,Federal Contract Tower,0,0,5,0,5,0,0,116,0,116,0,0,121,0,121,292,0,292,413
06/25/2017,RNM,CA,AWP,WE,Federal Contract Tower,0,0,5,0,5,0,0,148,0,148,0,0,153,0,153,136,0,136,289
06/26/2017,RNM,CA,AWP,WE,Federal Contract Tower,0,0,2,0,2,0,0,81,0,81,0,0,83,0,83,91,16,107,190
06/27/2017,RNM,CA,AWP,WE,Federal Contract Tower,0,0,5,0,5,0,0,137,0,137,0,0,142,0,142,224,0,224,366
06/28/2017,RNM,CA,AWP,WE,Federal Contract Tower,0,0,3,0,3,0,0,134,0,134,0,0,137,0,137,418,0,418,555
06/29/2017,RNM,CA,AWP,WE,Federal Contract Tower,0,0,5,0,5,0,0,124,0,124,0,0,129,0,129,314,0,314,443
06/30/2017,RNM,CA,AWP,WE,Federal Contract Tower,0,0,5,0,5,0,0,102,0,102,0,0,107,0,107,323,0,323,430
07/01/2017,RNM,CA,AWP,WE,Federal Contract Tower,0,0,4,0,4,0,0,75,0,75,0,0,79,0,79,247,0,247,326
07/02/2017,RNM,CA,AWP,WE,Federal Contract Tower,0,0,4,0,4,0,0,68,0,68,0,0,72,0,72,76,0,76,148
07/03/2017,RNM,CA,AWP,WE,Federal Contract Tower,0,0,5,0,5,0,0,120,0,120,0,0,125,0,125,336,0,336,461
07/04/2017,RNM,CA,AWP,WE,Federal Contract Tower,0,0,1,0,1,0,0,88,0,88,0,0,89,0,89,220,0,220,309
07/05/2017,RNM,CA,AWP,WE,Federal Contract Tower,0,1,4,0,5,0,0,87,0,87,0,1,91,0,92,238,0,238,330
07/06/2017,RNM,CA,AWP,WE,Federal Contract Tower,0,3,2,0,5,0,0,104,0,104,0,3,106,0,109,222,0,222,331
07/07/2017,RNM,CA,AWP,WE,Federal Contract Tower,0,0,7,0,7,0,0,90,0,90,0,0,97,0,97,396,0,396,493
07/08/2017,RNM,CA,AWP,WE,Federal Contract Tower,0,0,3,0,3,0,0,90,0,90,0,0,93,0,93,169,0,169,262
07/09/2017,RNM,CA,AWP,WE,Federal Contract Tower,0,0,6,0,6,0,0,95,0,95,0,0,101,0,101,110,0,110,211
07/10/2017,RNM,CA,AWP,WE,Federal Contract Tower,0,0,4,0,4,0,0,117,2,119,0,0,121,2,123,304,8,312,435
07/11/2017,RNM,CA,AWP,WE,Federal Contract Tower,0,0,7,0,7,0,0,136,0,136,0,0,143,0,143,240,0,240,383
07/12/2017,RNM,CA,AWP,WE,Federal Contract Tower,0,0,2,0,2,0,0,89,2,91,0,0,91,2,93,278,0,278,371
07/13/2017,RNM,CA,AWP,WE,Federal Contract Tower,0,0,3,0,3,0,0,124,4,128,0,0,127,4,131,301,0,301,432
07/14/2017,RNM,CA,AWP,WE,Federal Contract Tower,0,0,5,0,5,0,0,122,0,122,0,0,127,0,127,370,0,370,497
07/15/2017,RNM,CA,AWP,WE,Federal Contract Tower,0,0,3,0,3,0,0,130,0,130,0,0,133,0,133,224,0,224,357
07/16/2017,RNM,CA,AWP,WE,Federal Contract Tower,0,0,5,0,5,0,0,98,0,98,0,0,103,0,103,198,0,198,301
07/17/2017,RNM,CA,AWP,WE,Federal Contract Tower,0,0,1,0,1,0,0,107,4,111,0,0,108,4,112,352,2,354,466
07/18/2017,RNM,CA,AWP,WE,Federal Contract Tower,0,0,6,0,6,0,0,114,0,114,0,0,120,0,120,268,0,268,388
07/19/2017,RNM,CA,AWP,WE,Federal Contract Tower,0,0,4,0,4,0,0,95,0,95,0,0,99,0,99,284,0,284,383
07/20/2017,RNM,CA,AWP,WE,Federal Contract Tower,0,0,8,0,8,0,0,141,0,141,0,0,149,0,149,328,0,328,477
07/21/2017,RNM,CA,AWP,WE,Federal Contract Tower,0,0,3,0,3,0,0,98,0,98,0,0,101,0,101,152,0,152,253
07/22/2017,RNM,CA,AWP,WE,Federal Contract Tower,0,0,4,0,4,0,0,168,0,168,0,0,172,0,172,220,0,220,392
07/23/2017,RNM,CA,AWP,WE,Federal Contract Tower,0,0,5,0,5,0,0,115,0,115,0,0,120,0,120,95,0,95,215
07/24/2017,RNM,CA,AWP,WE,Federal Contract Tower,0,2,3,0,5,0,0,60,0,60,0,2,63,0,65,190,0,190,255
07/25/2017,RNM,CA,AWP,WE,Federal Contract Tower,0,0,8,0,8,0,0,68,4,72,0,0,76,4,80,172,2,174,254
07/26/2017,RNM,CA,AWP,WE,Federal Contract Tower,0,0,8,0,8,0,0,88,0,88,0,0,96,0,96,204,0,204,300
07/27/2017,RNM,CA,AWP,WE,Federal Contract Tower,0,0,3,0,3,0,0,105,0,105,0,0,108,0,108,360,0,360,468
07/28/2017,RNM,CA,AWP,WE,Federal Contract Tower,0,0,4,0,4,0,0,126,0,126,0,0,130,0,130,538,0,538,668
07/29/2017,RNM,CA,AWP,WE,Federal Contract Tower,0,0,3,0,3,0,0,114,0,114,0,0,117,0,117,190,0,190,307
07/30/2017,RNM,CA,AWP,WE,Federal Contract Tower,0,0,5,0,5,0,0,75,0,75,0,0,80,0,80,242,0,242,322
07/31/2017,RNM,CA,AWP,WE,Federal Contract Tower,0,0,5,0,5,0,0,111,0,111,0,0,116,0,116,386,0,386,502
08/01/2017,RNM,CA,AWP,WE,Federal Contract Tower,0,0,2,0,2,0,0,74,2,76,0,0,76,2,78,220,4,224,302
08/02/2017,RNM,CA,AWP,WE,Federal Contract Tower,0,0,3,0,3,0,0,57,0,57,0,0,60,0,60,204,0,204,264
08/03/2017,RNM,CA,AWP,WE,Federal Contract Tower,0,0,4,0,4,0,0,69,2,71,0,0,73,2,75,99,6,105,180
08/04/2017,RNM,CA,AWP,WE,Federal Contract Tower,0,0,4,0,4,0,0,99,0,99,0,0,103,0,103,247,0,247,350
08/05/2017,RNM,CA,AWP,WE,Federal Contract Tower,0,0,2,0,2,0,0,102,0,102,0,0,104,0,104,120,0,120,224
08/06/2017,RNM,CA,AWP,WE,Federal Contract Tower,0,0,2,0,2,0,0,103,0,103,0,0,105,0,105,182,0,182,287
08/07/2017,RNM,CA,AWP,WE,Federal Contract Tower,0,0,3,0,3,0,0,78,2,80,0,0,81,2,83,9,0,9,92
08/08/2017,RNM,CA,AWP,WE,Federal Contract Tower,0,0,11,0,11,0,0,131,2,133,0,0,142,2,144,322,0,322,466
08/09/2017,RNM,CA,AWP,WE,Federal Contract Tower,0,2,4,0,6,0,0,103,0,103,0,2,107,0,109,344,0,344,453
08/10/2017,RNM,CA,AWP,WE,Federal Contract Tower,0,0,3,0,3,0,0,114,0,114,0,0,117,0,117,290,0,290,407
08/11/2017,RNM,CA,AWP,WE,Federal Contract Tower,0,0,2,0,2,0,0,74,0,74,0,0,76,0,76,246,0,246,322
08/12/2017,RNM,CA,AWP,WE,Federal Contract Tower,0,2,4,0,6,0,0,82,0,82,0,2,86,0,88,216,0,216,304
08/13/2017,RNM,CA,AWP,WE,Federal Contract Tower,0,0,2,0,2,0,0,81,0,81,0,0,83,0,83,126,0,126,209
08/14/2017,RNM,CA,AWP,WE,Federal Contract Tower,0,0,4,0,4,0,0,89,0,89,0,0,93,0,93,208,0,208,301
08/15/2017,RNM,CA,AWP,WE,Federal Contract Tower,0,1,15,0,16,0,0,99,0,99,0,1,114,0,115,220,0,220,335
08/16/2017,RNM,CA,AWP,WE,Federal Contract Tower,0,0,4,0,4,0,0,115,0,115,0,0,119,0,119,228,0,228,347
08/17/2017,RNM,CA,AWP,WE,Federal Contract Tower,0,0,4,0,4,0,0,114,2,116,0,0,118,2,120,250,2,252,372
08/18/2017,RNM,CA,AWP,WE,Federal Contract Tower,0,0,8,0,8,0,0,100,0,100,0,0,108,0,108,194,0,194,302
08/19/2017,RNM,CA,AWP,WE,Federal Contract Tower,0,0,3,0,3,0,0,95,2,97,0,0,98,2,100,230,0,230,330
08/20/2017,RNM,CA,AWP,WE,Federal Contract Tower,0,0,2,0,2,0,0,94,0,94,0,0,96,0,96,104,0,104,200
08/21/2017,RNM,CA,AWP,WE,Federal Contract Tower,0,0,3,0,3,0,0,107,0,107,0,0,110,0,110,184,0,184,294
08/22/2017,RNM,CA,AWP,WE,Federal Contract Tower,0,1,14,0,15,0,0,130,0,130,0,1,144,0,145,284,0,284,429
08/23/2017,RNM,CA,AWP,WE,Federal Contract Tower,0,2,11,0,13,0,0,62,0,62,0,2,73,0,75,126,0,126,201
08/24/2017,RNM,CA,AWP,WE,Federal Contract Tower,0,0,14,0,14,0,0,46,0,46,0,0,60,0,60,42,0,42,102
08/25/2017,RNM,CA,AWP,WE,Federal Contract Tower,0,0,11,0,11,0,0,100,0,100,0,0,111,0,111,208,0,208,319
08/27/2017,RNM,CA,AWP,WE,Federal Contract Tower,0,0,3,0,3,0,0,94,0,94,0,0,97,0,97,132,0,132,229
08/28/2017,RNM,CA,AWP,WE,Federal Contract Tower,0,2,3,0,5,0,0,106,0,106,0,2,109,0,111,120,0,120,231
08/29/2017,RNM,CA,AWP,WE,Federal Contract Tower,0,0,5,0,5,0,0,94,0,94,0,0,99,0,99,223,0,223,322
08/30/2017,RNM,CA,AWP,WE,Federal Contract Tower,0,0,2,0,2,0,0,77,2,79,0,0,79,2,81,126,6,132,213
08/31/2017,RNM,CA,AWP,WE,Federal Contract Tower,0,0,1,0,1,0,0,91,2,93,0,0,92,2,94,177,0,177,271
09/01/2017,RNM,CA,AWP,WE,Federal Contract Tower,0,0,1,0,1,0,0,145,0,145,0,0,146,0,146,118,0,118,264
09/02/2017,RNM,CA,AWP,WE,Federal Contract Tower,0,0,2,0,2,0,0,69,0,69,0,0,71,0,71,92,0,92,163
09/03/2017,RNM,CA,AWP,WE,Federal Contract Tower,0,0,1,0,1,0,0,9,0,9,0,0,10,0,10,0,0,0,10
09/04/2017,RNM,CA,AWP,WE,Federal Contract Tower,0,0,12,0,12,0,0,56,0,56,0,0,68,0,68,64,0,64,132
09/05/2017,RNM,CA,AWP,WE,Federal Contract Tower,0,0,7,0,7,0,0,93,0,93,0,0,100,0,100,344,0,344,444
09/06/2017,RNM,CA,AWP,WE,Federal Contract Tower,0,0,6,0,6,0,0,103,2,105,0,0,109,2,111,198,6,204,315
09/07/2017,RNM,CA,AWP,WE,Federal Contract Tower,0,0,3,0,3,0,0,129,0,129,0,0,132,0,132,166,0,166,298
09/08/2017,RNM,CA,AWP,WE,Federal Contract Tower,0,0,4,0,4,0,0,103,0,103,0,0,107,0,107,154,0,154,261
09/09/2017,RNM,CA,AWP,WE,Federal Contract Tower,0,0,5,0,5,0,0,86,0,86,0,0,91,0,91,166,0,166,257
09/10/2017,RNM,CA,AWP,WE,Federal Contract Tower,0,0,5,0,5,0,0,120,0,120,0,0,125,0,125,170,0,170,295
09/11/2017,RNM,CA,AWP,WE,Federal Contract Tower,0,0,2,0,2,0,0,91,0,91,0,0,93,0,93,216,0,216,309
09/12/2017,RNM,CA,AWP,WE,Federal Contract Tower,0,0,7,0,7,0,0,113,0,113,0,0,120,0,120,146,0,146,266
09/13/2017,RNM,CA,AWP,WE,Federal Contract Tower,0,0,7,0,7,0,0,53,0,53,0,0,60,0,60,132,0,132,192
09/14/2017,RNM,CA,AWP,WE,Federal Contract Tower,0,0,16,0,16,0,0,66,4,70,0,0,82,4,86,182,0,182,268
09/15/2017,RNM,CA,AWP,WE,Federal Contract Tower,0,2,11,0,13,0,0,63,2,65,0,2,74,2,78,114,12,126,204
09/16/2017,RNM,CA,AWP,WE,Federal Contract Tower,0,0,8,0,8,0,0,39,0,39,0,0,47,0,47,52,0,52,99
09/17/2017,RNM,CA,AWP,WE,Federal Contract Tower,0,0,7,0,7,0,0,60,0,60,0,0,67,0,67,112,0,112,179
09/18/2017,RNM,CA,AWP,WE,Federal Contract Tower,0,2,12,0,14,0,0,76,2,78,0,2,88,2,92,165,0,165,257
09/19/2017,RNM,CA,AWP,WE,Federal Contract Tower,0,0,6,0,6,0,0,78,0,78,0,0,84,0,84,238,4,242,326
09/20/2017,RNM,CA,AWP,WE,Federal Contract Tower,0,0,11,0,11,0,0,81,0,81,0,0,92,0,92,300,0,300,392
09/21/2017,RNM,CA,AWP,WE,Federal Contract Tower,0,0,9,0,9,0,0,25,0,25,0,0,34,0,34,188,0,188,222
09/22/2017,RNM,CA,AWP,WE,Federal Contract Tower,0,0,5,0,5,0,0,58,0,58,0,0,63,0,63,152,0,152,215
09/23/2017,RNM,CA,AWP,WE,Federal Contract Tower,0,0,5,0,5,0,0,82,0,82,0,0,87,0,87,84,0,84,171
09/24/2017,RNM,CA,AWP,WE,Federal Contract Tower,0,0,6,0,6,0,0,53,0,53,0,0,59,0,59,96,0,96,155
09/25/2017,RNM,CA,AWP,WE,Federal Contract Tower,0,2,1,0,3,0,0,77,2,79,0,2,78,2,82,414,0,414,496
09/26/2017,RNM,CA,AWP,WE,Federal Contract Tower,0,2,3,0,5,0,0,97,0,97,0,2,100,0,102,182,0,182,284
09/27/2017,RNM,CA,AWP,WE,Federal Contract Tower,0,0,8,0,8,0,0,79,0,79,0,0,87,0,87,250,0,250,337
09/28/2017,RNM,CA,AWP,WE,Federal Contract Tower,0,0,3,0,3,0,0,91,0,91,0,0,94,0,94,184,0,184,278
09/29/2017,RNM,CA,AWP,WE,Federal Contract Tower,0,0,4,0,4,0,0,112,0,112,0,0,116,0,116,166,0,166,282
10/01/2017,RNM,CA,AWP,WE,Federal Contract Tower,0,0,8,0,8,0,0,86,0,86,0,0,94,0,94,122,0,122,216
10/02/2017,RNM,CA,AWP,WE,Federal Contract Tower,0,0,7,0,7,0,0,46,0,46,0,0,53,0,53,96,0,96,149
10/03/2017,RNM,CA,AWP,WE,Federal Contract Tower,0,0,7,0,7,0,0,77,2,79,0,0,84,2,86,150,10,160,246
10/04/2017,RNM,CA,AWP,WE,Federal Contract Tower,0,0,4,0,4,0,0,115,0,115,0,0,119,0,119,272,0,272,391
10/05/2017,RNM,CA,AWP,WE,Federal Contract Tower,0,0,6,0,6,0,0,137,0,137,0,0,143,0,143,210,0,210,353
10/06/2017,RNM,CA,AWP,WE,Federal Contract Tower,0,0,1,0,1,0,0,87,0,87,0,0,88,0,88,286,0,286,374
10/07/2017,RNM,CA,AWP,WE,Federal Contract Tower,0,0,5,0,5,0,0,261,0,261,0,0,266,0,266,109,0,109,375
10/08/2017,RNM,CA,AWP,WE,Federal Contract Tower,0,0,5,0,5,0,0,94,0,94,0,0,99,0,99,122,0,122,221
10/09/2017,RNM,CA,AWP,WE,Federal Contract Tower,0,0,2,0,2,0,0,61,0,61,0,0,63,0,63,182,0,182,245
10/10/2017,RNM,CA,AWP,WE,Federal Contract Tower,0,0,3,0,3,0,0,87,0,87,0,0,90,0,90,292,0,292,382
10/11/2017,RNM,CA,AWP,WE,Federal Contract Tower,0,0,8,0,8,0,0,109,4,113,0,0,117,4,121,338,0,338,459
10/12/2017,RNM,CA,AWP,WE,Federal Contract Tower,0,0,3,0,3,0,0,109,0,109,0,0,112,0,112,284,0,284,396
10/13/2017,RNM,CA,AWP,WE,Federal Contract Tower,0,0,4,0,4,0,0,70,0,70,0,0,74,0,74,294,0,294,368
10/14/2017,RNM,CA,AWP,WE,Federal Contract Tower,0,0,2,0,2,0,0,116,0,116,0,0,118,0,118,78,0,78,196
10/15/2017,RNM,CA,AWP,WE,Federal Contract Tower,0,0,1,0,1,0,0,81,0,81,0,0,82,0,82,148,0,148,230
10/16/2017,RNM,CA,AWP,WE,Federal Contract Tower,0,0,3,0,3,0,0,60,2,62,0,0,63,2,65,141,2,143,208
10/17/2017,RNM,CA,AWP,WE,Federal Contract Tower,0,0,5,0,5,0,0,78,4,82,0,0,83,4,87,148,0,148,235
10/18/2017,RNM,CA,AWP,WE,Federal Contract Tower,0,0,2,0,2,0,0,66,0,66,0,0,68,0,68,168,0,168,236
10/19/2017,RNM,CA,AWP,WE,Federal Contract Tower,0,0,7,0,7,0,0,95,0,95,0,0,102,0,102,229,10,239,341
10/20/2017,RNM,CA,AWP,WE,Federal Contract Tower,0,0,14,0,14,0,0,13,2,15,0,0,27,2,29,34,0,34,63
10/21/2017,RNM,CA,AWP,WE,Federal Contract Tower,0,0,4,0,4,0,0,131,0,131,0,0,135,0,135,108,0,108,243
10/22/2017,RNM,CA,AWP,WE,Federal Contract Tower,0,0,4,0,4,0,0,50,0,50,0,0,54,0,54,104,0,104,158
10/23/2017,RNM,CA,AWP,WE,Federal Contract Tower,0,2,1,0,3,0,0,61,0,61,0,2,62,0,64,92,0,92,156
10/24/2017,RNM,CA,AWP,WE,Federal Contract Tower,0,0,2,0,2,0,0,40,2,42,0,0,42,2,44,116,2,118,162
10/25/2017,RNM,CA,AWP,WE,Federal Contract Tower,0,0,2,2,4,0,0,67,0,67,0,0,69,2,71,165,0,165,236
10/26/2017,RNM,CA,AWP,WE,Federal Contract Tower,0,1,3,0,4,0,0,82,2,84,0,1,85,2,88,200,0,200,288
10/27/2017,RNM,CA,AWP,WE,Federal Contract Tower,0,0,3,0,3,0,0,127,2,129,0,0,130,2,132,178,0,178,310
10/28/2017,RNM,CA,AWP,WE,Federal Contract Tower,0,0,2,0,2,0,0,85,0,85,0,0,87,0,87,148,0,148,235
10/29/2017,RNM,CA,AWP,WE,Federal Contract Tower,0,0,7,0,7,0,0,62,0,62,0,0,69,0,69,168,0,168,237
10/30/2017,RNM,CA,AWP,WE,Federal Contract Tower,0,0,7,0,7,0,0,33,0,33,0,0,40,0,40,28,0,28,68
10/31/2017,RNM,CA,AWP,WE,Federal Contract Tower,0,0,10,0,10,0,0,26,0,26,0,0,36,0,36,52,0,52,88
11/01/2017,RNM,CA,AWP,WE,Federal Contract Tower,0,1,12,0,13,0,0,49,0,49,0,1,61,0,62,124,0,124,186
11/02/2017,RNM,CA,AWP,WE,Federal Contract Tower,0,0,12,0,12,0,0,58,2,60,0,0,70,2,72,128,0,128,200
11/03/2017,RNM,CA,AWP,WE,Federal Contract Tower,0,0,3,0,3,0,0,128,0,128,0,0,131,0,131,228,0,228,359
11/04/2017,RNM,CA,AWP,WE,Federal Contract Tower,0,0,0,0,0,0,0,97,0,97,0,0,97,0,97,250,0,250,347
11/05/2017,RNM,CA,AWP,WE,Federal Contract Tower,0,0,13,0,13,0,0,34,0,34,0,0,47,0,47,56,0,56,103
11/06/2017,RNM,CA,AWP,WE,Federal Contract Tower,0,0,2,0,2,0,0,123,2,125,0,0,125,2,127,278,0,278,405
11/07/2017,RNM,CA,AWP,WE,Federal Contract Tower,0,2,4,0,6,0,0,78,2,80,0,2,82,2,86,182,0,182,268
11/08/2017,RNM,CA,AWP,WE,Federal Contract Tower,0,0,5,0,5,0,0,96,2,98,0,0,101,2,103,212,2,214,317
11/09/2017,RNM,CA,AWP,WE,Federal Contract Tower,0,0,9,0,9,0,0,73,0,73,0,0,82,0,82,170,0,170,252
11/10/2017,RNM,CA,AWP,WE,Federal Contract Tower,0,0,3,0,3,0,0,58,0,58,0,0,61,0,61,184,0,184,245
11/11/2017,RNM,CA,AWP,WE,Federal Contract Tower,0,0,3,0,3,0,0,98,0,98,0,0,101,0,101,200,0,200,301
11/12/2017,RNM,CA,AWP,WE,Federal Contract Tower,0,0,4,0,4,0,0,69,0,69,0,0,73,0,73,166,0,166,239
11/13/2017,RNM,CA,AWP,WE,Federal Contract Tower,0,0,6,0,6,0,0,92,0,92,0,0,98,0,98,166,0,166,264
11/14/2017,RNM,CA,AWP,WE,Federal Contract Tower,0,0,5,0,5,0,0,104,0,104,0,0,109,0,109,185,0,185,294
11/15/2017,RNM,CA,AWP,WE,Federal Contract Tower,0,0,6,0,6,0,0,131,4,135,0,0,137,4,141,278,0,278,419
11/16/2017,RNM,CA,AWP,WE,Federal Contract Tower,0,0,3,0,3,0,0,94,0,94,0,0,97,0,97,264,0,264,361
11/17/2017,RNM,CA,AWP,WE,Federal Contract Tower,0,0,4,0,4,0,0,84,0,84,0,0,88,0,88,188,0,188,276
11/18/2017,RNM,CA,AWP,WE,Federal Contract Tower,0,0,3,0,3,0,0,112,0,112,0,0,115,0,115,168,0,168,283
11/19/2017,RNM,CA,AWP,WE,Federal Contract Tower,0,0,3,0,3,0,0,81,0,81,0,0,84,0,84,146,0,146,230
11/20/2017,RNM,CA,AWP,WE,Federal Contract Tower,0,0,0,0,0,0,0,121,0,121,0,0,121,0,121,214,0,214,335
11/21/2017,RNM,CA,AWP,WE,Federal Contract Tower,0,0,1,0,1,0,0,96,0,96,0,0,97,0,97,258,0,258,355
11/22/2017,RNM,CA,AWP,WE,Federal Contract Tower,0,0,3,0,3,0,0,69,0,69,0,0,72,0,72,56,0,56,128
11/23/2017,RNM,CA,AWP,WE,Federal Contract Tower,0,0,1,0,1,0,0,47,0,47,0,0,48,0,48,26,0,26,74
11/24/2017,RNM,CA,AWP,WE,Federal Contract Tower,0,0,1,0,1,0,0,84,0,84,0,0,85,0,85,118,0,118,203
11/25/2017,RNM,CA,AWP,WE,Federal Contract Tower,0,0,4,0,4,0,0,91,0,91,0,0,95,0,95,179,0,179,274
11/26/2017,RNM,CA,AWP,WE,Federal Contract Tower,0,0,3,0,3,0,0,109,0,109,0,0,112,0,112,111,0,111,223
11/27/2017,RNM,CA,AWP,WE,Federal Contract Tower,0,0,4,0,4,0,0,28,0,28,0,0,32,0,32,61,0,61,93
11/28/2017,RNM,CA,AWP,WE,Federal Contract Tower,0,0,1,0,1,0,0,122,0,122,0,0,123,0,123,266,0,266,389
11/29/2017,RNM,CA,AWP,WE,Federal Contract Tower,0,0,8,0,8,0,0,104,0,104,0,0,112,0,112,272,0,272,384
11/30/2017,RNM,CA,AWP,WE,Federal Contract Tower,0,0,2,0,2,0,0,92,0,92,0,0,94,0,94,318,0,318,412
12/01/2017,RNM,CA,AWP,WE,Federal Contract Tower,0,2,1,0,3,0,0,94,2,96,0,2,95,2,99,264,4,268,367
12/02/2017,RNM,CA,AWP,WE,Federal Contract Tower,0,2,1,0,3,0,0,102,0,102,0,2,103,0,105,172,0,172,277
12/03/2017,RNM,CA,AWP,WE,Federal Contract Tower,0,0,2,0,2,0,0,96,1,97,0,0,98,1,99,192,0,192,291
12/04/2017,RNM,CA,AWP,WE,Federal Contract Tower,0,0,3,0,3,0,0,121,2,123,0,0,124,2,126,272,2,274,400
12/05/2017,RNM,CA,AWP,WE,Federal Contract Tower,0,0,0,0,0,0,0,51,0,51,0,0,51,0,51,172,0,172,223
12/06/2017,RNM,CA,AWP,WE,Federal Contract Tower,0,1,0,0,1,0,0,60,4,64,0,1,60,4,65,124,4,128,193
12/07/2017,RNM,CA,AWP,WE,Federal Contract Tower,0,0,1,0,1,0,0,85,0,85,0,0,86,0,86,110,0,110,196
12/08/2017,RNM,CA,AWP,WE,Federal Contract Tower,0,0,3,0,3,0,0,84,0,84,0,0,87,0,87,230,0,230,317
12/09/2017,RNM,CA,AWP,WE,Federal Contract Tower,0,0,0,0,0,0,0,64,0,64,0,0,64,0,64,72,0,72,136
12/10/2017,RNM,CA,AWP,WE,Federal Contract Tower,0,0,1,0,1,0,0,27,0,27,0,0,28,0,28,72,0,72,100
12/11/2017,RNM,CA,AWP,WE,Federal Contract Tower,0,0,2,0,2,0,0,109,0,109,0,0,111,0,111,208,0,208,319
12/12/2017,RNM,CA,AWP,WE,Federal Contract Tower,0,0,3,0,3,0,0,104,2,106,0,0,107,2,109,264,0,264,373
12/13/2017,RNM,CA,AWP,WE,Federal Contract Tower,0,0,4,0,4,0,0,89,6,95,0,0,93,6,99,210,4,214,313
12/14/2017,RNM,CA,AWP,WE,Federal Contract Tower,0,0,1,0,1,0,0,58,0,58,0,0,59,0,59,196,0,196,255
12/15/2017,RNM,CA,AWP,WE,Federal Contract Tower,0,1,2,0,3,0,0,99,0,99,0,1,101,0,102,226,0,226,328
12/16/2017,RNM,CA,AWP,WE,Federal Contract Tower,0,0,4,0,4,0,0,69,0,69,0,0,73,0,73,168,0,168,241
12/17/2017,RNM,CA,AWP,WE,Federal Contract Tower,0,0,1,0,1,0,0,66,0,66,0,0,67,0,67,118,0,118,185
12/18/2017,RNM,CA,AWP,WE,Federal Contract Tower,0,0,5,0,5,0,0,109,0,109,0,0,114,0,114,168,0,168,282
12/19/2017,RNM,CA,AWP,WE,Federal Contract Tower,0,0,5,0,5,0,0,138,0,138,0,0,143,0,143,412,0,412,555
12/20/2017,RNM,CA,AWP,WE,Federal Contract Tower,0,0,7,0,7,0,0,98,2,100,0,0,105,2,107,166,4,170,277
12/21/2017,RNM,CA,AWP,WE,Federal Contract Tower,0,0,2,0,2,0,0,67,0,67,0,0,69,0,69,166,0,166,235
12/22/2017,RNM,CA,AWP,WE,Federal Contract Tower,0,0,4,0,4,0,0,70,0,70,0,0,74,0,74,192,0,192,266
12/23/2017,RNM,CA,AWP,WE,Federal Contract Tower,0,0,2,0,2,0,0,99,0,99,0,0,101,0,101,86,0,86,187
12/24/2017,RNM,CA,AWP,WE,Federal Contract Tower,0,0,2,0,2,0,0,56,0,56,0,0,58,0,58,50,0,50,108
12/25/2017,RNM,CA,AWP,WE,Federal Contract Tower,0,0,1,0,1,0,0,32,0,32,0,0,33,0,33,35,0,35,68
12/26/2017,RNM,CA,AWP,WE,Federal Contract Tower,0,2,1,0,3,0,0,92,0,92,0,2,93,0,95,186,0,186,281
12/27/2017,RNM,CA,AWP,WE,Federal Contract Tower,0,0,3,0,3,0,0,108,6,114,0,0,111,6,117,180,0,180,297
12/28/2017,RNM,CA,AWP,WE,Federal Contract Tower,0,0,5,0,5,0,0,107,0,107,0,0,112,0,112,114,0,114,226
12/29/2017,RNM,CA,AWP,WE,Federal Contract Tower,0,0,1,0,1,0,0,90,0,90,0,0,91,0,91,102,0,102,193
12/30/2017,RNM,CA,AWP,WE,Federal Contract Tower,0,0,4,0,4,0,0,93,0,93,0,0,97,0,97,126,0,126,223
12/31/2017,RNM,CA,AWP,WE,Federal Contract Tower,0,0,1,0,1,0,0,58,0,58,0,0,59,0,59,48,0,48,107
01/01/2018,RNM,CA,AWP,WE,Federal Contract Tower,0,0,1,0,1,0,0,86,0,86,0,0,87,0,87,54,0,54,141
01/02/2018,RNM,CA,AWP,WE,Federal Contract Tower,0,0,2,0,2,0,0,76,0,76,0,0,78,0,78,138,0,138,216
01/03/2018,RNM,CA,AWP,WE,Federal Contract Tower,0,0,5,0,5,0,0,64,0,64,0,0,69,0,69,254,0,254,323
01/04/2018,RNM,CA,AWP,WE,Federal Contract Tower,0,0,5,0,5,0,0,111,2,113,0,0,116,2,118,280,0,280,398
01/05/2018,RNM,CA,AWP,WE,Federal Contract Tower,0,0,1,0,1,0,0,93,0,93,0,0,94,0,94,128,0,128,222
01/06/2018,RNM,CA,AWP,WE,Federal Contract Tower,0,0,3,0,3,0,0,105,0,105,0,0,108,0,108,148,0,148,256
01/07/2018,RNM,CA,AWP,WE,Federal Contract Tower,0,0,2,0,2,0,0,99,0,99,0,0,101,0,101,200,0,200,301
01/08/2018,RNM,CA,AWP,WE,Federal Contract Tower,0,0,3,0,3,0,0,50,0,50,0,0,53,0,53,90,0,90,143
01/09/2018,RNM,CA,AWP,WE,Federal Contract Tower,0,0,0,0,0,0,0,0,0,0,0,0,0,0,0,0,0,0,0
01/10/2018,RNM,CA,AWP,WE,Federal Contract Tower,0,2,13,0,15,0,0,9,2,11,0,2,22,2,26,10,0,10,36
01/11/2018,RNM,CA,AWP,WE,Federal Contract Tower,0,0,4,0,4,0,0,108,2,110,0,0,112,2,114,224,4,228,342
01/12/2018,RNM,CA,AWP,WE,Federal Contract Tower,0,2,5,0,7,0,0,116,0,116,0,2,121,0,123,317,0,317,440
01/13/2018,RNM,CA,AWP,WE,Federal Contract Tower,0,0,4,0,4,0,0,85,0,85,0,0,89,0,89,106,0,106,195
01/14/2018,RNM,CA,AWP,WE,Federal Contract Tower,0,0,3,0,3,0,0,103,0,103,0,0,106,0,106,161,0,161,267
01/15/2018,RNM,CA,AWP,WE,Federal Contract Tower,0,0,8,0,8,0,0,102,0,102,0,0,110,0,110,312,0,312,422
01/16/2018,RNM,CA,AWP,WE,Federal Contract Tower,0,0,8,0,8,0,0,121,0,121,0,0,129,0,129,309,0,309,438
01/17/2018,RNM,CA,AWP,WE,Federal Contract Tower,0,0,7,0,7,0,0,119,0,119,0,0,126,0,126,245,0,245,371
01/18/2018,RNM,CA,AWP,WE,Federal Contract Tower,0,0,5,0,5,0,0,107,0,107,0,0,112,0,112,277,0,277,389
01/19/2018,RNM,CA,AWP,WE,Federal Contract Tower,0,0,8,0,8,0,0,34,0,34,0,0,42,0,42,78,0,78,120
01/20/2018,RNM,CA,AWP,WE,Federal Contract Tower,0,0,0,0,0,0,0,49,0,49,0,0,49,0,49,92,0,92,141
01/21/2018,RNM,CA,AWP,WE,Federal Contract Tower,0,0,3,0,3,0,0,101,0,101,0,0,104,0,104,104,0,104,208
01/22/2018,RNM,CA,AWP,WE,Federal Contract Tower,0,0,2,0,2,0,1,79,0,80,0,1,81,0,82,284,0,284,366
01/23/2018,RNM,CA,AWP,WE,Federal Contract Tower,0,0,2,0,2,0,0,89,0,89,0,0,91,0,91,158,0,158,249
01/24/2018,RNM,CA,AWP,WE,Federal Contract Tower,0,0,3,0,3,0,0,125,0,125,0,0,128,0,128,242,0,242,370
01/25/2018,RNM,CA,AWP,WE,Federal Contract Tower,0,0,8,0,8,0,0,53,2,55,0,0,61,2,63,278,0,278,341
01/26/2018,RNM,CA,AWP,WE,Federal Contract Tower,0,0,5,0,5,0,0,75,0,75,0,0,80,0,80,252,0,252,332
01/27/2018,RNM,CA,AWP,WE,Federal Contract Tower,0,0,2,0,2,0,0,89,0,89,0,0,91,0,91,183,0,183,274
01/29/2018,RNM,CA,AWP,WE,Federal Contract Tower,0,0,1,0,1,0,0,45,1,46,0,0,46,1,47,26,0,26,73
01/30/2018,RNM,CA,AWP,WE,Federal Contract Tower,0,1,0,0,1,0,3,143,4,150,0,4,143,4,151,342,0,342,493
01/31/2018,RNM,CA,AWP,WE,Federal Contract Tower,0,0,4,0,4,0,0,129,0,129,0,0,133,0,133,562,0,562,695
02/01/2018,RNM,CA,AWP,WE,Federal Contract Tower,0,0,4,0,4,0,0,115,0,115,0,0,119,0,119,492,0,492,611
02/02/2018,RNM,CA,AWP,WE,Federal Contract Tower,2,0,2,0,4,0,0,129,0,129,2,0,131,0,133,458,0,458,591
02/03/2018,RNM,CA,AWP,WE,Federal Contract Tower,0,0,0,0,0,0,0,105,0,105,0,0,105,0,105,170,0,170,275
02/04/2018,RNM,CA,AWP,WE,Federal Contract Tower,0,0,1,0,1,0,0,80,0,80,0,0,81,0,81,142,0,142,223
02/05/2018,RNM,CA,AWP,WE,Federal Contract Tower,0,0,4,0,4,0,0,100,0,100,0,0,104,0,104,300,0,300,404
02/06/2018,RNM,CA,AWP,WE,Federal Contract Tower,0,2,5,0,7,0,0,105,2,107,0,2,110,2,114,300,0,300,414
02/07/2018,RNM,CA,AWP,WE,Federal Contract Tower,0,1,2,0,3,0,0,66,2,68,0,1,68,2,71,180,2,182,253
02/08/2018,RNM,CA,AWP,WE,Federal Contract Tower,0,2,3,0,5,0,0,119,0,119,0,2,122,0,124,270,0,270,394
02/09/2018,RNM,CA,AWP,WE,Federal Contract Tower,0,3,3,0,6,0,0,120,2,122,0,3,123,2,128,250,0,250,378
02/10/2018,RNM,CA,AWP,WE,Federal Contract Tower,0,0,9,0,9,0,0,29,0,29,0,0,38,0,38,80,0,80,118
02/11/2018,RNM,CA,AWP,WE,Federal Contract Tower,0,0,2,0,2,0,0,78,0,78,0,0,80,0,80,164,0,164,244
02/12/2018,RNM,CA,AWP,WE,Federal Contract Tower,0,0,4,0,4,0,0,12,0,12,0,0,16,0,16,14,0,14,30
02/13/2018,RNM,CA,AWP,WE,Federal Contract Tower,0,1,2,0,3,0,0,120,0,120,0,1,122,0,123,220,0,220,343
02/14/2018,RNM,CA,AWP,WE,Federal Contract Tower,0,0,2,0,2,0,0,51,0,51,0,0,53,0,53,286,0,286,339
02/15/2018,RNM,CA,AWP,WE,Federal Contract Tower,0,2,4,0,6,0,0,92,0,92,0,2,96,0,98,172,0,172,270
02/16/2018,RNM,CA,AWP,WE,Federal Contract Tower,0,1,7,1,9,0,0,124,0,124,0,1,131,1,133,176,0,176,309
02/17/2018,RNM,CA,AWP,WE,Federal Contract Tower,0,0,3,0,3,0,0,101,0,101,0,0,104,0,104,138,0,138,242
02/18/2018,RNM,CA,AWP,WE,Federal Contract Tower,0,0,2,0,2,0,0,81,0,81,0,0,83,0,83,148,0,148,231
02/19/2018,RNM,CA,AWP,WE,Federal Contract Tower,0,0,1,0,1,0,0,21,0,21,0,0,22,0,22,226,0,226,248
02/20/2018,RNM,CA,AWP,WE,Federal Contract Tower,0,0,5,0,5,0,0,129,0,129,0,0,134,0,134,158,0,158,292
02/21/2018,RNM,CA,AWP,WE,Federal Contract Tower,0,0,1,0,1,0,0,33,0,33,0,0,34,0,34,105,0,105,139
02/22/2018,RNM,CA,AWP,WE,Federal Contract Tower,0,0,1,0,1,0,0,21,5,26,0,0,22,5,27,70,0,70,97
02/23/2018,RNM,CA,AWP,WE,Federal Contract Tower,0,0,2,0,2,0,0,45,0,45,0,0,47,0,47,108,0,108,155
02/24/2018,RNM,CA,AWP,WE,Federal Contract Tower,0,0,2,0,2,0,0,107,0,107,0,0,109,0,109,296,0,296,405
02/25/2018,RNM,CA,AWP,WE,Federal Contract Tower,0,0,4,0,4,0,0,75,0,75,0,0,79,0,79,130,0,130,209
02/26/2018,RNM,CA,AWP,WE,Federal Contract Tower,0,0,5,0,5,0,0,92,0,92,0,0,97,0,97,142,0,142,239
02/27/2018,RNM,CA,AWP,WE,Federal Contract Tower,0,0,2,0,2,0,0,5,0,5,0,0,7,0,7,18,0,18,25
02/28/2018,RNM,CA,AWP,WE,Federal Contract Tower,0,0,5,0,5,0,0,111,2,113,0,0,116,2,118,158,2,160,278
03/01/2018,RNM,CA,AWP,WE,Federal Contract Tower,0,1,3,0,4,0,0,116,2,118,0,1,119,2,122,162,2,164,286
03/02/2018,RNM,CA,AWP,WE,Federal Contract Tower,0,0,4,0,4,0,0,70,2,72,0,0,74,2,76,166,0,166,242
03/03/2018,RNM,CA,AWP,WE,Federal Contract Tower,0,0,2,0,2,0,0,4,0,4,0,0,6,0,6,4,0,4,10
03/04/2018,RNM,CA,AWP,WE,Federal Contract Tower,0,0,4,0,4,0,0,89,0,89,0,0,93,0,93,154,0,154,247
03/05/2018,RNM,CA,AWP,WE,Federal Contract Tower,0,0,1,0,1,0,0,77,2,79,0,0,78,2,80,176,0,176,256
03/06/2018,RNM,CA,AWP,WE,Federal Contract Tower,0,0,2,0,2,0,0,114,2,116,0,0,116,2,118,228,0,228,346
03/07/2018,RNM,CA,AWP,WE,Federal Contract Tower,0,0,1,0,1,0,0,115,0,115,0,0,116,0,116,240,0,240,356
03/08/2018,RNM,CA,AWP,WE,Federal Contract Tower,0,0,5,0,5,0,0,104,4,108,0,0,109,4,113,220,2,222,335
03/09/2018,RNM,CA,AWP,WE,Federal Contract Tower,0,0,7,0,7,0,0,105,0,105,0,0,112,0,112,245,0,245,357
03/10/2018,RNM,CA,AWP,WE,Federal Contract Tower,0,0,6,0,6,0,0,4,0,4,0,0,10,0,10,0,0,0,10
03/11/2018,RNM,CA,AWP,WE,Federal Contract Tower,0,0,4,0,4,0,0,19,0,19,0,0,23,0,23,16,0,16,39
03/12/2018,RNM,CA,AWP,WE,Federal Contract Tower,0,0,2,0,2,0,0,111,0,111,0,0,113,0,113,188,0,188,301
03/13/2018,RNM,CA,AWP,WE,Federal Contract Tower,0,0,3,0,3,0,0,25,0,25,0,0,28,0,28,32,0,32,60
03/14/2018,RNM,CA,AWP,WE,Federal Contract Tower,0,0,7,0,7,0,0,26,0,26,0,0,33,0,33,110,0,110,143
03/15/2018,RNM,CA,AWP,WE,Federal Contract Tower,0,0,5,0,5,0,0,46,0,46,0,0,51,0,51,210,0,210,261
03/16/2018,RNM,CA,AWP,WE,Federal Contract Tower,0,0,6,0,6,0,0,65,0,65,0,0,71,0,71,150,0,150,221
03/17/2018,RNM,CA,AWP,WE,Federal Contract Tower,0,0,5,0,5,0,0,26,0,26,0,0,31,0,31,54,0,54,85
03/18/2018,RNM,CA,AWP,WE,Federal Contract Tower,0,1,3,0,4,0,2,102,0,104,0,3,105,0,108,184,0,184,292
03/19/2018,RNM,CA,AWP,WE,Federal Contract Tower,0,0,2,0,2,0,0,127,0,127,0,0,129,0,129,343,0,343,472
03/20/2018,RNM,CA,AWP,WE,Federal Contract Tower,0,2,9,0,11,0,0,144,2,146,0,2,153,2,157,298,0,298,455
03/21/2018,RNM,CA,AWP,WE,Federal Contract Tower,0,0,7,0,7,0,0,103,0,103,0,0,110,0,110,318,0,318,428
03/22/2018,RNM,CA,AWP,WE,Federal Contract Tower,0,0,8,2,10,0,0,33,4,37,0,0,41,6,47,100,0,100,147
03/23/2018,RNM,CA,AWP,WE,Federal Contract Tower,0,0,18,0,18,0,0,30,0,30,0,0,48,0,48,104,0,104,152
03/24/2018,RNM,CA,AWP,WE,Federal Contract Tower,0,0,4,0,4,0,0,25,0,25,0,0,29,0,29,109,0,109,138
03/25/2018,RNM,CA,AWP,WE,Federal Contract Tower,0,0,4,0,4,0,0,53,0,53,0,0,57,0,57,141,0,141,198
03/26/2018,RNM,CA,AWP,WE,Federal Contract Tower,0,0,6,0,6,0,0,73,0,73,0,0,79,0,79,212,4,216,295
03/27/2018,RNM,CA,AWP,WE,Federal Contract Tower,0,0,0,0,0,0,0,101,0,101,0,0,101,0,101,218,0,218,319
03/28/2018,RNM,CA,AWP,WE,Federal Contract Tower,0,0,2,0,2,0,0,139,0,139,0,0,141,0,141,182,0,182,323
03/29/2018,RNM,CA,AWP,WE,Federal Contract Tower,0,2,4,0,6,0,0,129,0,129,0,2,133,0,135,246,0,246,381
03/30/2018,RNM,CA,AWP,WE,Federal Contract Tower,0,0,4,0,4,0,0,131,0,131,0,0,135,0,135,228,0,228,363
03/31/2018,RNM,CA,AWP,WE,Federal Contract Tower,0,0,3,1,4,0,0,103,0,103,0,0,106,1,107,226,0,226,333
04/01/2018,RNM,CA,AWP,WE,Federal Contract Tower,0,0,2,0,2,0,0,58,0,58,0,0,60,0,60,114,0,114,174
04/02/2018,RNM,CA,AWP,WE,Federal Contract Tower,0,0,18,0,18,0,0,23,0,23,0,0,41,0,41,90,0,90,131
04/03/2018,RNM,CA,AWP,WE,Federal Contract Tower,0,0,4,0,4,0,0,75,0,75,0,0,79,0,79,210,0,210,289
04/04/2018,RNM,CA,AWP,WE,Federal Contract Tower,0,0,7,0,7,0,0,71,0,71,0,0,78,0,78,152,0,152,230
04/05/2018,RNM,CA,AWP,WE,Federal Contract Tower,0,4,4,0,8,0,0,108,0,108,0,4,112,0,116,200,0,200,316
04/06/2018,RNM,CA,AWP,WE,Federal Contract Tower,0,0,2,0,2,0,0,72,0,72,0,0,74,0,74,174,0,174,248
04/07/2018,RNM,CA,AWP,WE,Federal Contract Tower,0,0,1,0,1,0,0,73,0,73,0,0,74,0,74,122,0,122,196
04/08/2018,RNM,CA,AWP,WE,Federal Contract Tower,0,0,3,0,3,0,0,96,0,96,0,0,99,0,99,140,0,140,239
04/09/2018,RNM,CA,AWP,WE,Federal Contract Tower,0,0,1,0,1,0,0,79,2,81,0,0,80,2,82,134,0,134,216
04/10/2018,RNM,CA,AWP,WE,Federal Contract Tower,0,2,3,0,5,0,0,103,2,105,0,2,106,2,110,172,0,172,282
04/11/2018,RNM,CA,AWP,WE,Federal Contract Tower,0,0,5,0,5,0,0,102,2,104,0,0,107,2,109,168,6,174,283
04/12/2018,RNM,CA,AWP,WE,Federal Contract Tower,0,0,6,0,6,0,0,23,0,23,0,0,29,0,29,46,0,46,75
04/13/2018,RNM,CA,AWP,WE,Federal Contract Tower,0,0,6,0,6,0,0,78,0,78,0,0,84,0,84,110,0,110,194
04/14/2018,RNM,CA,AWP,WE,Federal Contract Tower,0,1,4,0,5,0,0,120,0,120,0,1,124,0,125,258,0,258,383
04/16/2018,RNM,CA,AWP,WE,Federal Contract Tower,0,0,1,0,1,0,0,124,0,124,0,0,125,0,125,150,0,150,275
04/17/2018,RNM,CA,AWP,WE,Federal Contract Tower,0,0,1,0,1,0,0,75,0,75,0,0,76,0,76,148,2,150,226
04/18/2018,RNM,CA,AWP,WE,Federal Contract Tower,0,1,2,0,3,0,0,116,0,116,0,1,118,0,119,245,2,247,366
04/19/2018,RNM,CA,AWP,WE,Federal Contract Tower,0,0,10,0,10,0,0,23,2,25,0,0,33,2,35,70,4,74,109
04/20/2018,RNM,CA,AWP,WE,Federal Contract Tower,0,0,5,0,5,0,0,103,0,103,0,0,108,0,108,188,0,188,296
04/21/2018,RNM,CA,AWP,WE,Federal Contract Tower,0,0,2,0,2,0,0,117,0,117,0,0,119,0,119,144,0,144,263
04/22/2018,RNM,CA,AWP,WE,Federal Contract Tower,0,0,2,0,2,0,0,79,0,79,0,0,81,0,81,176,0,176,257
04/23/2018,RNM,CA,AWP,WE,Federal Contract Tower,0,0,2,0,2,0,0,80,0,80,0,0,82,0,82,190,0,190,272
04/24/2018,RNM,CA,AWP,WE,Federal Contract Tower,0,0,8,0,8,0,0,87,0,87,0,0,95,0,95,178,0,178,273
04/25/2018,RNM,CA,AWP,WE,Federal Contract Tower,0,0,2,0,2,0,0,100,2,102,0,0,102,2,104,178,0,178,282
04/26/2018,RNM,CA,AWP,WE,Federal Contract Tower,0,0,3,0,3,0,0,125,2,127,0,0,128,2,130,190,0,190,320
04/27/2018,RNM,CA,AWP,WE,Federal Contract Tower,0,2,8,0,10,0,0,69,0,69,0,2,77,0,79,160,0,160,239
04/28/2018,RNM,CA,AWP,WE,Federal Contract Tower,0,0,3,0,3,0,0,103,0,103,0,0,106,0,106,134,0,134,240
04/29/2018,RNM,CA,AWP,WE,Federal Contract Tower,0,0,11,0,11,0,0,80,0,80,0,0,91,0,91,120,0,120,211
04/30/2018,RNM,CA,AWP,WE,Federal Contract Tower,0,0,9,0,9,0,0,19,0,19,0,0,28,0,28,60,0,60,88
05/01/2018,RNM,CA,AWP,WE,Federal Contract Tower,0,0,9,0,9,0,0,11,6,17,0,0,20,6,26,10,2,12,38
05/02/2018,RNM,CA,AWP,WE,Federal Contract Tower,0,0,9,0,9,0,0,0,0,0,0,0,9,0,9,8,0,8,17
05/03/2018,RNM,CA,AWP,WE,Federal Contract Tower,0,0,4,0,4,0,0,125,2,127,0,0,129,2,131,256,6,262,393
05/04/2018,RNM,CA,AWP,WE,Federal Contract Tower,0,0,5,0,5,0,0,110,0,110,0,0,115,0,115,216,0,216,331
05/05/2018,RNM,CA,AWP,WE,Federal Contract Tower,0,0,3,0,3,0,0,117,0,117,0,0,120,0,120,115,0,115,235
05/06/2018,RNM,CA,AWP,WE,Federal Contract Tower,0,0,7,0,7,0,0,98,0,98,0,0,105,0,105,213,0,213,318
05/07/2018,RNM,CA,AWP,WE,Federal Contract Tower,0,0,0,0,0,0,0,103,0,103,0,0,103,0,103,254,0,254,357
05/08/2018,RNM,CA,AWP,WE,Federal Contract Tower,0,0,8,0,8,0,0,134,0,134,0,0,142,0,142,340,0,340,482
05/09/2018,RNM,CA,AWP,WE,Federal Contract Tower,0,0,0,0,0,0,0,100,0,100,0,0,100,0,100,386,0,386,486
05/10/2018,RNM,CA,AWP,WE,Federal Contract Tower,0,0,10,0,10,0,0,105,0,105,0,0,115,0,115,306,0,306,421
05/11/2018,RNM,CA,AWP,WE,Federal Contract Tower,0,0,11,0,11,0,0,17,0,17,0,0,28,0,28,202,0,202,230
05/12/2018,RNM,CA,AWP,WE,Federal Contract Tower,0,0,7,0,7,0,0,26,0,26,0,0,33,0,33,110,0,110,143
05/13/2018,RNM,CA,AWP,WE,Federal Contract Tower,0,0,1,0,1,0,0,58,0,58,0,0,59,0,59,128,0,128,187
05/14/2018,RNM,CA,AWP,WE,Federal Contract Tower,0,0,10,0,10,0,0,103,0,103,0,0,113,0,113,234,0,234,347
05/15/2018,RNM,CA,AWP,WE,Federal Contract Tower,0,0,4,0,4,0,0,81,0,81,0,0,85,0,85,188,0,188,273
05/16/2018,RNM,CA,AWP,WE,Federal Contract Tower,0,0,5,0,5,0,0,79,0,79,0,0,84,0,84,176,0,176,260
05/17/2018,RNM,CA,AWP,WE,Federal Contract Tower,0,0,6,0,6,0,0,92,0,92,0,0,98,0,98,124,0,124,222
05/18/2018,RNM,CA,AWP,WE,Federal Contract Tower,0,1,13,1,15,0,0,67,2,69,0,1,80,3,84,154,0,154,238
05/19/2018,RNM,CA,AWP,WE,Federal Contract Tower,0,0,4,0,4,0,0,22,0,22,0,0,26,0,26,92,0,92,118
05/20/2018,RNM,CA,AWP,WE,Federal Contract Tower,0,0,8,0,8,0,0,33,0,33,0,0,41,0,41,28,0,28,69
05/21/2018,RNM,CA,AWP,WE,Federal Contract Tower,0,1,20,0,21,0,0,22,2,24,0,1,42,2,45,52,6,58,103
05/22/2018,RNM,CA,AWP,WE,Federal Contract Tower,0,1,4,0,5,0,0,71,2,73,0,1,75,2,78,118,0,118,196
05/23/2018,RNM,CA,AWP,WE,Federal Contract Tower,0,2,14,0,16,0,0,108,0,108,0,2,122,0,124,318,0,318,442
05/24/2018,RNM,CA,AWP,WE,Federal Contract Tower,0,3,6,0,9,0,0,9,2,11,0,3,15,2,20,70,0,70,90
05/25/2018,RNM,CA,AWP,WE,Federal Contract Tower,0,0,15,0,15,0,0,92,0,92,0,0,107,0,107,184,0,184,291
05/26/2018,RNM,CA,AWP,WE,Federal Contract Tower,0,0,6,0,6,0,0,51,0,51,0,0,57,0,57,105,0,105,162
05/27/2018,RNM,CA,AWP,WE,Federal Contract Tower,0,0,1,0,1,0,0,76,0,76,0,0,77,0,77,100,0,100,177
05/28/2018,RNM,CA,AWP,WE,Federal Contract Tower,0,0,13,0,13,0,0,111,1,112,0,0,124,1,125,274,0,274,399
05/29/2018,RNM,CA,AWP,WE,Federal Contract Tower,0,0,19,0,19,0,0,100,0,100,0,0,119,0,119,240,0,240,359
05/31/2018,RNM,CA,AWP,WE,Federal Contract Tower,0,3,13,0,16,0,0,80,0,80,0,3,93,0,96,188,0,188,284
06/01/2018,RNM,CA,AWP,WE,Federal Contract Tower,0,1,5,0,6,0,0,136,0,136,0,1,141,0,142,250,0,250,392
06/02/2018,RNM,CA,AWP,WE,Federal Contract Tower,0,0,2,0,2,0,0,132,0,132,0,0,134,0,134,292,0,292,426
06/03/2018,RNM,CA,AWP,WE,Federal Contract Tower,0,0,3,0,3,0,0,148,0,148,0,0,151,0,151,206,0,206,357
06/05/2018,RNM,CA,AWP,WE,Federal Contract Tower,0,0,5,0,5,0,0,90,0,90,0,0,95,0,95,270,0,270,365
06/06/2018,RNM,CA,AWP,WE,Federal Contract Tower,0,0,10,0,10,0,0,136,4,140,0,0,146,4,150,92,0,92,242
06/07/2018,RNM,CA,AWP,WE,Federal Contract Tower,0,0,7,0,7,0,0,112,0,112,0,0,119,0,119,262,0,262,381
06/08/2018,RNM,CA,AWP,WE,Federal Contract Tower,0,0,4,0,4,0,0,109,0,109,0,0,113,0,113,266,0,266,379
06/09/2018,RNM,CA,AWP,WE,Federal Contract Tower,0,0,0,0,0,0,0,109,0,109,0,0,109,0,109,170,0,170,279
06/10/2018,RNM,CA,AWP,WE,Federal Contract Tower,0,0,2,0,2,0,0,79,0,79,0,0,81,0,81,137,0,137,218
06/11/2018,RNM,CA,AWP,WE,Federal Contract Tower,0,1,2,0,3,0,0,112,0,112,0,1,114,0,115,214,0,214,329
06/12/2018,RNM,CA,AWP,WE,Federal Contract Tower,0,1,5,0,6,0,0,92,4,96,0,1,97,4,102,130,0,130,232
06/13/2018,RNM,CA,AWP,WE,Federal Contract Tower,0,0,3,0,3,0,0,121,6,127,0,0,124,6,130,336,0,336,466
06/14/2018,RNM,CA,AWP,WE,Federal Contract Tower,0,2,5,0,7,0,0,119,0,119,0,2,124,0,126,252,0,252,378
06/15/2018,RNM,CA,AWP,WE,Federal Contract Tower,0,0,2,0,2,0,0,116,2,118,0,0,118,2,120,300,0,300,420
06/16/2018,RNM,CA,AWP,WE,Federal Contract Tower,0,1,8,0,9,0,0,23,0,23,0,1,31,0,32,36,0,36,68
06/17/2018,RNM,CA,AWP,WE,Federal Contract Tower,0,0,3,0,3,0,0,41,0,41,0,0,44,0,44,72,0,72,116
06/18/2018,RNM,CA,AWP,WE,Federal Contract Tower,0,0,2,0,2,0,0,87,0,87,0,0,89,0,89,222,0,222,311
06/19/2018,RNM,CA,AWP,WE,Federal Contract Tower,0,0,5,0,5,0,0,121,4,125,0,0,126,4,130,226,0,226,356
06/20/2018,RNM,CA,AWP,WE,Federal Contract Tower,0,1,9,1,11,0,0,107,2,109,0,1,116,3,120,284,0,284,404
06/21/2018,RNM,CA,AWP,WE,Federal Contract Tower,0,4,7,0,11,0,0,104,2,106,0,4,111,2,117,350,0,350,467
06/22/2018,RNM,CA,AWP,WE,Federal Contract Tower,0,0,10,0,10,0,0,108,2,110,0,0,118,2,120,222,0,222,342
06/23/2018,RNM,CA,AWP,WE,Federal Contract Tower,0,2,7,0,9,0,0,86,0,86,0,2,93,0,95,192,0,192,287
06/24/2018,RNM,CA,AWP,WE,Federal Contract Tower,0,0,2,0,2,0,0,63,0,63,0,0,65,0,65,124,0,124,189
06/25/2018,RNM,CA,AWP,WE,Federal Contract Tower,0,2,3,0,5,0,0,102,0,102,0,2,105,0,107,282,0,282,389
06/26/2018,RNM,CA,AWP,WE,Federal Contract Tower,0,0,7,0,7,0,0,127,0,127,0,0,134,0,134,230,0,230,364
06/27/2018,RNM,CA,AWP,WE,Federal Contract Tower,0,1,2,0,3,0,0,114,0,114,0,1,116,0,117,264,0,264,381
06/28/2018,RNM,CA,AWP,WE,Federal Contract Tower,0,1,7,0,8,0,0,130,4,134,0,1,137,4,142,244,0,244,386
06/29/2018,RNM,CA,AWP,WE,Federal Contract Tower,0,0,9,0,9,0,0,76,0,76,0,0,85,0,85,260,0,260,345
06/30/2018,RNM,CA,AWP,WE,Federal Contract Tower,0,0,3,0,3,0,0,116,0,116,0,0,119,0,119,188,0,188,307
07/01/2018,RNM,CA,AWP,WE,Federal Contract Tower,0,0,2,0,2,0,0,108,0,108,0,0,110,0,110,176,0,176,286
07/02/2018,RNM,CA,AWP,WE,Federal Contract Tower,0,0,5,0,5,0,0,119,2,121,0,0,124,2,126,185,0,185,311
07/03/2018,RNM,CA,AWP,WE,Federal Contract Tower,0,0,5,0,5,0,0,94,2,96,0,0,99,2,101,194,0,194,295
07/04/2018,RNM,CA,AWP,WE,Federal Contract Tower,0,0,0,0,0,0,0,85,0,85,0,0,85,0,85,66,0,66,151
07/05/2018,RNM,CA,AWP,WE,Federal Contract Tower,0,1,5,0,6,0,0,71,0,71,0,1,76,0,77,92,0,92,169
07/06/2018,RNM,CA,AWP,WE,Federal Contract Tower,0,0,3,0,3,0,0,109,0,109,0,0,112,0,112,50,0,50,162
07/07/2018,RNM,CA,AWP,WE,Federal Contract Tower,0,0,0,0,0,0,0,44,0,44,0,0,44,0,44,74,0,74,118
07/08/2018,RNM,CA,AWP,WE,Federal Contract Tower,0,0,1,0,1,0,0,60,0,60,0,0,61,0,61,74,0,74,135
07/09/2018,RNM,CA,AWP,WE,Federal Contract Tower,0,0,2,0,2,0,0,81,0,81,0,0,83,0,83,119,0,119,202
07/10/2018,RNM,CA,AWP,WE,Federal Contract Tower,0,0,3,0,3,0,0,75,8,83,0,0,78,8,86,132,0,132,218
07/11/2018,RNM,CA,AWP,WE,Federal Contract Tower,0,0,7,0,7,0,0,103,2,105,0,0,110,2,112,124,0,124,236
07/12/2018,RNM,CA,AWP,WE,Federal Contract Tower,0,1,4,0,5,0,0,115,0,115,0,1,119,0,120,240,0,240,360
07/13/2018,RNM,CA,AWP,WE,Federal Contract Tower,0,0,6,0,6,0,0,100,0,100,0,0,106,0,106,302,0,302,408
07/14/2018,RNM,CA,AWP,WE,Federal Contract Tower,0,0,4,0,4,0,0,115,20,135,0,0,119,20,139,135,0,135,274
07/15/2018,RNM,CA,AWP,WE,Federal Contract Tower,0,0,1,0,1,0,0,87,0,87,0,0,88,0,88,234,0,234,322
07/16/2018,RNM,CA,AWP,WE,Federal Contract Tower,0,0,6,0,6,0,0,116,0,116,0,0,122,0,122,196,0,196,318
07/17/2018,RNM,CA,AWP,WE,Federal Contract Tower,0,0,9,0,9,0,0,117,2,119,0,0,126,2,128,238,0,238,366
07/18/2018,RNM,CA,AWP,WE,Federal Contract Tower,0,0,8,0,8,0,0,111,2,113,0,0,119,2,121,203,0,203,324
07/19/2018,RNM,CA,AWP,WE,Federal Contract Tower,0,0,3,0,3,0,0,108,0,108,0,0,111,0,111,194,0,194,305
07/20/2018,RNM,CA,AWP,WE,Federal Contract Tower,0,0,6,0,6,0,0,76,0,76,0,0,82,0,82,226,0,226,308
07/21/2018,RNM,CA,AWP,WE,Federal Contract Tower,0,0,0,0,0,0,0,100,2,102,0,0,100,2,102,211,2,213,315
07/22/2018,RNM,CA,AWP,WE,Federal Contract Tower,0,1,4,0,5,0,0,85,0,85,0,1,89,0,90,155,0,155,245
07/23/2018,RNM,CA,AWP,WE,Federal Contract Tower,0,0,1,0,1,0,0,95,0,95,0,0,96,0,96,203,0,203,299
07/24/2018,RNM,CA,AWP,WE,Federal Contract Tower,0,1,5,0,6,0,0,84,2,86,0,1,89,2,92,90,0,90,182
07/25/2018,RNM,CA,AWP,WE,Federal Contract Tower,0,1,3,0,4,0,0,90,0,90,0,1,93,0,94,172,0,172,266
07/26/2018,RNM,CA,AWP,WE,Federal Contract Tower,0,0,17,0,17,0,0,99,0,99,0,0,116,0,116,244,0,244,360
07/27/2018,RNM,CA,AWP,WE,Federal Contract Tower,0,0,5,0,5,0,0,218,0,218,0,0,223,0,223,160,0,160,383
07/28/2018,RNM,CA,AWP,WE,Federal Contract Tower,0,1,1,0,2,0,0,119,0,119,0,1,120,0,121,320,0,320,441
07/29/2018,RNM,CA,AWP,WE,Federal Contract Tower,0,1,2,0,3,0,0,75,0,75,0,1,77,0,78,180,0,180,258
07/30/2018,RNM,CA,AWP,WE,Federal Contract Tower,0,0,2,0,2,0,0,85,2,87,0,0,87,2,89,258,0,258,347
07/31/2018,RNM,CA,AWP,WE,Federal Contract Tower,0,0,1,0,1,0,0,81,2,83,0,0,82,2,84,224,2,226,310
08/01/2018,RNM,CA,AWP,WE,Federal Contract Tower,0,0,4,0,4,0,0,102,2,104,0,0,106,2,108,270,0,270,378
08/02/2018,RNM,CA,AWP,WE,Federal Contract Tower,0,0,2,0,2,0,0,97,4,101,0,0,99,4,103,318,0,318,421
08/03/2018,RNM,CA,AWP,WE,Federal Contract Tower,0,0,3,0,3,0,0,86,0,86,0,0,89,0,89,196,1,197,286
08/04/2018,RNM,CA,AWP,WE,Federal Contract Tower,0,0,2,0,2,0,0,104,0,104,0,0,106,0,106,231,0,231,337
08/05/2018,RNM,CA,AWP,WE,Federal Contract Tower,0,0,2,0,2,0,0,79,0,79,0,0,81,0,81,204,0,204,285
08/06/2018,RNM,CA,AWP,WE,Federal Contract Tower,0,2,1,0,3,0,0,135,0,135,0,2,136,0,138,145,0,145,283
08/07/2018,RNM,CA,AWP,WE,Federal Contract Tower,0,0,4,0,4,0,0,97,0,97,0,0,101,0,101,190,0,190,291
08/08/2018,RNM,CA,AWP,WE,Federal Contract Tower,0,0,3,0,3,0,0,109,0,109,0,0,112,0,112,244,0,244,356
08/09/2018,RNM,CA,AWP,WE,Federal Contract Tower,0,0,2,0,2,0,0,91,0,91,0,0,93,0,93,127,0,127,220
08/10/2018,RNM,CA,AWP,WE,Federal Contract Tower,0,0,2,0,2,0,0,76,0,76,0,0,78,0,78,206,0,206,284
08/11/2018,RNM,CA,AWP,WE,Federal Contract Tower,0,0,1,0,1,0,0,95,0,95,0,0,96,0,96,176,0,176,272
08/12/2018,RNM,CA,AWP,WE,Federal Contract Tower,0,1,7,0,8,0,0,120,0,120,0,1,127,0,128,82,0,82,210
08/13/2018,RNM,CA,AWP,WE,Federal Contract Tower,0,1,4,0,5,0,0,79,2,81,0,1,83,2,86,98,0,98,184
08/14/2018,RNM,CA,AWP,WE,Federal Contract Tower,0,0,10,0,10,0,0,117,0,117,0,0,127,0,127,317,0,317,444
08/15/2018,RNM,CA,AWP,WE,Federal Contract Tower,0,0,10,0,10,0,0,81,0,81,0,0,91,0,91,138,0,138,229
08/16/2018,RNM,CA,AWP,WE,Federal Contract Tower,0,2,4,0,6,0,0,75,4,79,0,2,79,4,85,238,0,238,323
08/17/2018,RNM,CA,AWP,WE,Federal Contract Tower,0,0,3,0,3,0,0,107,0,107,0,0,110,0,110,228,0,228,338
08/18/2018,RNM,CA,AWP,WE,Federal Contract Tower,0,0,3,0,3,0,0,110,0,110,0,0,113,0,113,232,0,232,345
08/19/2018,RNM,CA,AWP,WE,Federal Contract Tower,0,0,2,0,2,0,0,93,0,93,0,0,95,0,95,151,0,151,246
08/20/2018,RNM,CA,AWP,WE,Federal Contract Tower,0,1,6,0,7,0,0,80,0,80,0,1,86,0,87,140,0,140,227
08/21/2018,RNM,CA,AWP,WE,Federal Contract Tower,0,0,5,0,5,0,0,90,2,92,0,0,95,2,97,162,0,162,259
08/22/2018,RNM,CA,AWP,WE,Federal Contract Tower,0,2,3,0,5,0,0,115,0,115,0,2,118,0,120,218,0,218,338
08/23/2018,RNM,CA,AWP,WE,Federal Contract Tower,0,0,4,0,4,0,0,91,2,93,0,0,95,2,97,262,0,262,359
08/24/2018,RNM,CA,AWP,WE,Federal Contract Tower,0,0,4,0,4,0,0,68,0,68,0,0,72,0,72,146,0,146,218
08/25/2018,RNM,CA,AWP,WE,Federal Contract Tower,0,0,5,0,5,0,0,63,2,65,0,0,68,2,70,112,0,112,182
08/26/2018,RNM,CA,AWP,WE,Federal Contract Tower,0,0,2,0,2,0,0,74,2,76,0,0,76,2,78,134,0,134,212
08/27/2018,RNM,CA,AWP,WE,Federal Contract Tower,0,0,5,0,5,0,0,99,2,101,0,0,104,2,106,251,0,251,357
08/28/2018,RNM,CA,AWP,WE,Federal Contract Tower,0,2,7,0,9,0,0,108,0,108,0,2,115,0,117,207,0,207,324
08/29/2018,RNM,CA,AWP,WE,Federal Contract Tower,0,0,3,0,3,0,0,113,0,113,0,0,116,0,116,293,0,293,409
08/30/2018,RNM,CA,AWP,WE,Federal Contract Tower,0,0,3,0,3,0,0,104,0,104,0,0,107,0,107,266,0,266,373
08/31/2018,RNM,CA,AWP,WE,Federal Contract Tower,0,0,4,0,4,0,0,121,2,123,0,0,125,2,127,236,0,236,363
09/01/2018,RNM,CA,AWP,WE,Federal Contract Tower,0,0,0,0,0,0,0,102,0,102,0,0,102,0,102,148,0,148,250
09/02/2018,RNM,CA,AWP,WE,Federal Contract Tower,0,0,3,0,3,0,0,63,0,63,0,0,66,0,66,186,0,186,252
09/03/2018,RNM,CA,AWP,WE,Federal Contract Tower,0,0,11,0,11,0,0,69,0,69,0,0,80,0,80,60,0,60,140
09/04/2018,RNM,CA,AWP,WE,Federal Contract Tower,0,0,10,0,10,0,0,14,0,14,0,0,24,0,24,54,0,54,78
09/05/2018,RNM,CA,AWP,WE,Federal Contract Tower,0,0,4,0,4,0,0,113,0,113,0,0,117,0,117,206,0,206,323
09/06/2018,RNM,CA,AWP,WE,Federal Contract Tower,0,0,6,0,6,0,0,82,0,82,0,0,88,0,88,328,0,328,416
09/07/2018,RNM,CA,AWP,WE,Federal Contract Tower,0,0,2,0,2,0,0,121,7,128,0,0,123,7,130,278,2,280,410
09/08/2018,RNM,CA,AWP,WE,Federal Contract Tower,0,0,3,0,3,0,0,116,0,116,0,0,119,0,119,170,0,170,289
09/09/2018,RNM,CA,AWP,WE,Federal Contract Tower,0,0,2,0,2,0,0,100,0,100,0,0,102,0,102,112,0,112,214
09/10/2018,RNM,CA,AWP,WE,Federal Contract Tower,0,0,2,0,2,0,0,86,0,86,0,0,88,0,88,200,0,200,288
09/11/2018,RNM,CA,AWP,WE,Federal Contract Tower,0,0,7,0,7,0,0,111,2,113,0,0,118,2,120,246,6,252,372
09/12/2018,RNM,CA,AWP,WE,Federal Contract Tower,0,2,1,0,3,0,0,82,2,84,0,2,83,2,87,314,0,314,401
09/13/2018,RNM,CA,AWP,WE,Federal Contract Tower,0,0,5,0,5,0,0,137,0,137,0,0,142,0,142,290,0,290,432
09/14/2018,RNM,CA,AWP,WE,Federal Contract Tower,0,0,0,0,0,0,0,130,0,130,0,0,130,0,130,198,2,200,330
09/15/2018,RNM,CA,AWP,WE,Federal Contract Tower,0,0,2,0,2,0,0,119,0,119,0,0,121,0,121,140,0,140,261
09/16/2018,RNM,CA,AWP,WE,Federal Contract Tower,0,1,4,0,5,0,0,113,0,113,0,1,117,0,118,198,0,198,316
09/17/2018,RNM,CA,AWP,WE,Federal Contract Tower,0,0,2,0,2,0,0,85,0,85,0,0,87,0,87,204,0,204,291
09/18/2018,RNM,CA,AWP,WE,Federal Contract Tower,0,0,2,0,2,0,0,112,2,114,0,0,114,2,116,274,0,274,390
09/19/2018,RNM,CA,AWP,WE,Federal Contract Tower,0,2,2,0,4,0,0,131,0,131,0,2,133,0,135,230,0,230,365
09/20/2018,RNM,CA,AWP,WE,Federal Contract Tower,0,0,4,0,4,0,0,88,0,88,0,0,92,0,92,146,0,146,238
09/21/2018,RNM,CA,AWP,WE,Federal Contract Tower,0,0,1,0,1,0,0,103,0,103,0,0,104,0,104,220,0,220,324
09/22/2018,RNM,CA,AWP,WE,Federal Contract Tower,0,0,5,0,5,0,0,95,0,95,0,0,100,0,100,152,0,152,252
09/23/2018,RNM,CA,AWP,WE,Federal Contract Tower,0,0,2,0,2,0,0,97,0,97,0,0,99,0,99,113,0,113,212
09/24/2018,RNM,CA,AWP,WE,Federal Contract Tower,0,2,9,0,11,0,0,53,0,53,0,2,62,0,64,126,2,128,192
09/25/2018,RNM,CA,AWP,WE,Federal Contract Tower,0,0,11,0,11,0,0,88,0,88,0,0,99,0,99,192,0,192,291
09/26/2018,RNM,CA,AWP,WE,Federal Contract Tower,0,0,9,0,9,0,0,91,0,91,0,0,100,0,100,238,0,238,338
09/27/2018,RNM,CA,AWP,WE,Federal Contract Tower,0,2,9,0,11,0,0,95,0,95,0,2,104,0,106,184,0,184,290
09/28/2018,RNM,CA,AWP,WE,Federal Contract Tower,0,0,5,0,5,0,0,114,2,116,0,0,119,2,121,132,0,132,253
09/29/2018,RNM,CA,AWP,WE,Federal Contract Tower,0,0,2,0,2,0,0,109,0,109,0,0,111,0,111,176,0,176,287
09/30/2018,RNM,CA,AWP,WE,Federal Contract Tower,0,0,0,0,0,0,0,82,0,82,0,0,82,0,82,173,0,173,255
10/01/2018,RNM,CA,AWP,WE,Federal Contract Tower,0,0,5,0,5,0,0,75,0,75,0,0,80,0,80,130,0,130,210
10/02/2018,RNM,CA,AWP,WE,Federal Contract Tower,0,0,0,0,0,0,0,78,0,78,0,0,78,0,78,130,0,130,208
10/03/2018,RNM,CA,AWP,WE,Federal Contract Tower,0,2,5,0,7,0,0,76,0,76,0,2,81,0,83,88,0,88,171
10/04/2018,RNM,CA,AWP,WE,Federal Contract Tower,0,0,12,0,12,0,0,48,0,48,0,0,60,0,60,68,0,68,128
10/05/2018,RNM,CA,AWP,WE,Federal Contract Tower,0,0,5,0,5,0,0,74,0,74,0,0,79,0,79,124,0,124,203
10/06/2018,RNM,CA,AWP,WE,Federal Contract Tower,0,0,12,0,12,0,0,101,0,101,0,0,113,0,113,160,0,160,273
10/07/2018,RNM,CA,AWP,WE,Federal Contract Tower,0,0,5,0,5,0,0,50,0,50,0,0,55,0,55,76,0,76,131
10/08/2018,RNM,CA,AWP,WE,Federal Contract Tower,0,0,3,0,3,0,0,100,0,100,0,0,103,0,103,176,0,176,279
10/09/2018,RNM,CA,AWP,WE,Federal Contract Tower,0,0,0,0,0,0,0,85,2,87,0,0,85,2,87,222,0,222,309
10/10/2018,RNM,CA,AWP,WE,Federal Contract Tower,0,0,4,0,4,0,0,96,2,98,0,0,100,2,102,196,0,196,298
10/11/2018,RNM,CA,AWP,WE,Federal Contract Tower,0,0,8,0,8,0,0,78,0,78,0,0,86,0,86,200,0,200,286
10/12/2018,RNM,CA,AWP,WE,Federal Contract Tower,0,0,3,0,3,0,0,73,0,73,0,0,76,0,76,130,0,130,206
10/13/2018,RNM,CA,AWP,WE,Federal Contract Tower,0,0,6,0,6,0,0,12,0,12,0,0,18,0,18,8,0,8,26
10/14/2018,RNM,CA,AWP,WE,Federal Contract Tower,0,0,6,0,6,0,0,42,0,42,0,0,48,0,48,80,0,80,128
10/15/2018,RNM,CA,AWP,WE,Federal Contract Tower,0,0,1,0,1,0,0,54,0,54,0,0,55,0,55,50,0,50,105
10/16/2018,RNM,CA,AWP,WE,Federal Contract Tower,0,0,1,0,1,0,0,53,0,53,0,0,54,0,54,70,0,70,124
10/17/2018,RNM,CA,AWP,WE,Federal Contract Tower,0,0,6,0,6,0,0,94,0,94,0,0,100,0,100,163,0,163,263
10/18/2018,RNM,CA,AWP,WE,Federal Contract Tower,0,0,2,1,3,0,0,84,0,84,0,0,86,1,87,191,0,191,278
10/19/2018,RNM,CA,AWP,WE,Federal Contract Tower,0,0,5,0,5,0,0,60,0,60,0,0,65,0,65,146,0,146,211
10/20/2018,RNM,CA,AWP,WE,Federal Contract Tower,0,0,2,0,2,0,0,105,0,105,0,0,107,0,107,187,0,187,294
10/21/2018,RNM,CA,AWP,WE,Federal Contract Tower,0,0,3,0,3,0,0,83,0,83,0,0,86,0,86,114,0,114,200
10/22/2018,RNM,CA,AWP,WE,Federal Contract Tower,0,2,4,0,6,0,0,86,0,86,0,2,90,0,92,146,0,146,238
10/23/2018,RNM,CA,AWP,WE,Federal Contract Tower,0,0,9,0,9,0,0,82,2,84,0,0,91,2,93,172,0,172,265
10/24/2018,RNM,CA,AWP,WE,Federal Contract Tower,0,0,1,0,1,0,0,105,0,105,0,0,106,0,106,372,0,372,478
10/25/2018,RNM,CA,AWP,WE,Federal Contract Tower,0,4,4,0,8,0,0,118,0,118,0,4,122,0,126,344,0,344,470
10/26/2018,RNM,CA,AWP,WE,Federal Contract Tower,0,0,7,0,7,0,0,138,2,140,0,0,145,2,147,363,0,363,510
10/27/2018,RNM,CA,AWP,WE,Federal Contract Tower,0,2,1,0,3,0,0,117,0,117,0,2,118,0,120,276,0,276,396
10/28/2018,RNM,CA,AWP,WE,Federal Contract Tower,0,0,2,0,2,0,0,81,0,81,0,0,83,0,83,148,0,148,231
10/29/2018,RNM,CA,AWP,WE,Federal Contract Tower,0,0,7,0,7,0,0,98,0,98,0,0,105,0,105,316,0,316,421
10/30/2018,RNM,CA,AWP,WE,Federal Contract Tower,0,0,4,0,4,0,0,146,0,146,0,0,150,0,150,362,0,362,512
10/31/2018,RNM,CA,AWP,WE,Federal Contract Tower,0,0,3,0,3,0,0,94,0,94,0,0,97,0,97,190,0,190,287
11/01/2018,RNM,CA,AWP,WE,Federal Contract Tower,0,0,4,0,4,0,0,154,0,154,0,0,158,0,158,294,0,294,452
11/02/2018,RNM,CA,AWP,WE,Federal Contract Tower,0,0,6,0,6,0,0,132,0,132,0,0,138,0,138,137,0,137,275
11/03/2018,RNM,CA,AWP,WE,Federal Contract Tower,0,0,2,0,2,0,0,167,0,167,0,0,169,0,169,243,0,243,412
11/04/2018,RNM,CA,AWP,WE,Federal Contract Tower,0,0,2,0,2,0,0,105,0,105,0,0,107,0,107,116,0,116,223
11/05/2018,RNM,CA,AWP,WE,Federal Contract Tower,0,0,2,0,2,0,0,99,0,99,0,0,101,0,101,164,0,164,265
11/06/2018,RNM,CA,AWP,WE,Federal Contract Tower,0,0,6,0,6,0,0,91,2,93,0,0,97,2,99,204,0,204,303
11/07/2018,RNM,CA,AWP,WE,Federal Contract Tower,0,0,5,0,5,0,0,127,2,129,0,0,132,2,134,254,0,254,388
11/08/2018,RNM,CA,AWP,WE,Federal Contract Tower,0,0,7,0,7,0,0,102,0,102,0,0,109,0,109,184,0,184,293
11/09/2018,RNM,CA,AWP,WE,Federal Contract Tower,0,2,1,0,3,0,0,85,0,85,0,2,86,0,88,184,0,184,272
11/10/2018,RNM,CA,AWP,WE,Federal Contract Tower,0,0,1,0,1,0,0,150,0,150,0,0,151,0,151,190,0,190,341
11/11/2018,RNM,CA,AWP,WE,Federal Contract Tower,0,2,1,0,3,0,0,73,0,73,0,2,74,0,76,213,0,213,289
11/12/2018,RNM,CA,AWP,WE,Federal Contract Tower,0,0,1,0,1,0,0,44,0,44,0,0,45,0,45,16,0,16,61
11/13/2018,RNM,CA,AWP,WE,Federal Contract Tower,0,0,0,0,0,0,0,27,0,27,0,0,27,0,27,14,0,14,41
11/14/2018,RNM,CA,AWP,WE,Federal Contract Tower,0,0,1,0,1,0,0,50,2,52,0,0,51,2,53,42,0,42,95
11/15/2018,RNM,CA,AWP,WE,Federal Contract Tower,0,0,3,0,3,0,0,87,2,89,0,0,90,2,92,150,0,150,242
11/16/2018,RNM,CA,AWP,WE,Federal Contract Tower,0,0,1,0,1,0,0,144,0,144,0,0,145,0,145,210,0,210,355
11/17/2018,RNM,CA,AWP,WE,Federal Contract Tower,0,0,5,0,5,0,0,141,0,141,0,0,146,0,146,198,0,198,344
11/18/2018,RNM,CA,AWP,WE,Federal Contract Tower,0,0,3,0,3,0,0,140,0,140,0,0,143,0,143,120,0,120,263
11/19/2018,RNM,CA,AWP,WE,Federal Contract Tower,0,2,4,0,6,0,0,131,0,131,0,2,135,0,137,232,0,232,369
11/20/2018,RNM,CA,AWP,WE,Federal Contract Tower,0,0,2,0,2,0,0,84,4,88,0,0,86,4,90,124,0,124,214
11/21/2018,RNM,CA,AWP,WE,Federal Contract Tower,0,0,6,0,6,0,0,90,2,92,0,0,96,2,98,166,0,166,264
11/22/2018,RNM,CA,AWP,WE,Federal Contract Tower,0,0,3,0,3,0,0,5,0,5,0,0,8,0,8,28,0,28,36
11/23/2018,RNM,CA,AWP,WE,Federal Contract Tower,0,0,4,0,4,0,0,48,0,48,0,0,52,0,52,64,0,64,116
11/24/2018,RNM,CA,AWP,WE,Federal Contract Tower,0,0,8,0,8,0,0,38,0,38,0,0,46,0,46,54,0,54,100
11/25/2018,RNM,CA,AWP,WE,Federal Contract Tower,0,0,2,0,2,0,0,152,0,152,0,0,154,0,154,192,0,192,346
11/26/2018,RNM,CA,AWP,WE,Federal Contract Tower,0,2,1,0,3,0,0,115,0,115,0,2,116,0,118,133,0,133,251
11/27/2018,RNM,CA,AWP,WE,Federal Contract Tower,0,0,0,0,0,0,0,118,2,120,0,0,118,2,120,183,0,183,303
11/28/2018,RNM,CA,AWP,WE,Federal Contract Tower,0,0,9,0,9,0,0,63,0,63,0,0,72,0,72,146,0,146,218
11/29/2018,RNM,CA,AWP,WE,Federal Contract Tower,0,0,0,0,0,0,0,2,0,2,0,0,2,0,2,0,0,0,2
11/30/2018,RNM,CA,AWP,WE,Federal Contract Tower,0,1,10,0,11,0,0,35,0,35,0,1,45,0,46,122,0,122,168
12/01/2018,RNM,CA,AWP,WE,Federal Contract Tower,0,0,10,0,10,0,0,48,0,48,0,0,58,0,58,144,0,144,202
12/02/2018,RNM,CA,AWP,WE,Federal Contract Tower,0,2,2,0,4,0,0,114,0,114,0,2,116,0,118,242,0,242,360
12/03/2018,RNM,CA,AWP,WE,Federal Contract Tower,0,0,5,0,5,0,0,126,4,130,0,0,131,4,135,234,0,234,369
12/04/2018,RNM,CA,AWP,WE,Federal Contract Tower,0,0,4,0,4,0,0,117,4,121,0,0,121,4,125,138,4,142,267
12/05/2018,RNM,CA,AWP,WE,Federal Contract Tower,0,0,3,0,3,0,0,18,0,18,0,0,21,0,21,40,0,40,61
12/06/2018,RNM,CA,AWP,WE,Federal Contract Tower,0,0,3,0,3,0,0,2,0,2,0,0,5,0,5,0,0,0,5
12/07/2018,RNM,CA,AWP,WE,Federal Contract Tower,0,0,10,0,10,0,0,144,0,144,0,0,154,0,154,270,0,270,424
12/08/2018,RNM,CA,AWP,WE,Federal Contract Tower,0,0,3,0,3,0,0,203,0,203,0,0,206,0,206,130,0,130,336
12/09/2018,RNM,CA,AWP,WE,Federal Contract Tower,0,0,2,0,2,0,0,102,2,104,0,0,104,2,106,150,0,150,256
12/10/2018,RNM,CA,AWP,WE,Federal Contract Tower,0,2,3,0,5,0,0,68,0,68,0,2,71,0,73,100,0,100,173
12/11/2018,RNM,CA,AWP,WE,Federal Contract Tower,0,0,3,0,3,0,0,103,2,105,0,0,106,2,108,235,0,235,343
12/12/2018,RNM,CA,AWP,WE,Federal Contract Tower,0,0,1,0,1,0,0,132,0,132,0,0,133,0,133,196,0,196,329
12/13/2018,RNM,CA,AWP,WE,Federal Contract Tower,0,0,8,0,8,0,0,125,0,125,0,0,133,0,133,222,0,222,355
12/14/2018,RNM,CA,AWP,WE,Federal Contract Tower,0,0,10,0,10,0,0,121,0,121,0,0,131,0,131,256,0,256,387
12/15/2018,RNM,CA,AWP,WE,Federal Contract Tower,0,1,2,0,3,0,0,177,0,177,0,1,179,0,180,196,0,196,376
12/16/2018,RNM,CA,AWP,WE,Federal Contract Tower,0,0,0,0,0,0,0,105,0,105,0,0,105,0,105,146,0,146,251
12/17/2018,RNM,CA,AWP,WE,Federal Contract Tower,0,0,14,0,14,0,0,98,0,98,0,0,112,0,112,142,0,142,254
12/18/2018,RNM,CA,AWP,WE,Federal Contract Tower,0,0,4,0,4,0,0,109,0,109,0,0,113,0,113,174,0,174,287
12/19/2018,RNM,CA,AWP,WE,Federal Contract Tower,0,0,2,0,2,0,0,101,2,103,0,0,103,2,105,196,0,196,301
12/20/2018,RNM,CA,AWP,WE,Federal Contract Tower,0,0,7,0,7,0,0,156,4,160,0,0,163,4,167,200,6,206,373
12/21/2018,RNM,CA,AWP,WE,Federal Contract Tower,0,0,6,0,6,0,0,98,3,101,0,0,104,3,107,146,0,146,253
12/22/2018,RNM,CA,AWP,WE,Federal Contract Tower,0,0,2,0,2,0,0,140,0,140,0,0,142,0,142,214,0,214,356
12/23/2018,RNM,CA,AWP,WE,Federal Contract Tower,0,0,3,0,3,0,0,107,0,107,0,0,110,0,110,124,0,124,234
12/24/2018,RNM,CA,AWP,WE,Federal Contract Tower,0,0,0,0,0,0,0,68,0,68,0,0,68,0,68,76,0,76,144
12/25/2018,RNM,CA,AWP,WE,Federal Contract Tower,0,0,1,0,1,0,0,0,0,0,0,0,1,0,1,0,0,0,1
12/26/2018,RNM,CA,AWP,WE,Federal Contract Tower,0,0,0,0,0,0,0,67,0,67,0,0,67,0,67,172,0,172,239
12/27/2018,RNM,CA,AWP,WE,Federal Contract Tower,0,0,6,0,6,0,0,52,0,52,0,0,58,0,58,182,0,182,240
12/28/2018,RNM,CA,AWP,WE,Federal Contract Tower,0,0,0,0,0,0,0,89,0,89,0,0,89,0,89,116,0,116,205
12/29/2018,RNM,CA,AWP,WE,Federal Contract Tower,0,0,2,0,2,0,0,86,0,86,0,0,88,0,88,126,0,126,214
12/30/2018,RNM,CA,AWP,WE,Federal Contract Tower,0,0,4,0,4,0,0,93,0,93,0,0,97,0,97,120,0,120,217
12/31/2018,RNM,CA,AWP,WE,Federal Contract Tower,0,0,1,0,1,0,0,3,0,3,0,0,4,0,4,0,0,0,4
01/01/2019,RNM,CA,AWP,WE,Federal Contract Tower,0,0,0,0,0,0,0,16,0,16,0,0,16,0,16,14,0,14,30
01/02/2019,RNM,CA,AWP,WE,Federal Contract Tower,0,0,3,0,3,0,0,59,0,59,0,0,62,0,62,120,0,120,182
01/03/2019,RNM,CA,AWP,WE,Federal Contract Tower,0,0,2,0,2,0,0,133,2,135,0,0,135,2,137,204,4,208,345
01/04/2019,RNM,CA,AWP,WE,Federal Contract Tower,0,0,7,0,7,0,0,136,0,136,0,0,143,0,143,211,0,211,354
01/05/2019,RNM,CA,AWP,WE,Federal Contract Tower,0,0,6,0,6,0,0,70,0,70,0,0,76,0,76,240,0,240,316
01/06/2019,RNM,CA,AWP,WE,Federal Contract Tower,0,0,2,0,2,0,0,33,0,33,0,0,35,0,35,41,0,41,76
01/07/2019,RNM,CA,AWP,WE,Federal Contract Tower,0,0,2,0,2,0,0,99,0,99,0,0,101,0,101,250,0,250,351
01/08/2019,RNM,CA,AWP,WE,Federal Contract Tower,0,0,2,0,2,0,0,90,0,90,0,0,92,0,92,186,0,186,278
01/09/2019,RNM,CA,AWP,WE,Federal Contract Tower,0,2,5,0,7,0,0,138,0,138,0,2,143,0,145,258,0,258,403
01/10/2019,RNM,CA,AWP,WE,Federal Contract Tower,0,0,5,0,5,0,0,132,0,132,0,0,137,0,137,268,0,268,405
01/11/2019,RNM,CA,AWP,WE,Federal Contract Tower,0,0,3,0,3,0,0,106,0,106,0,0,109,0,109,218,0,218,327
01/12/2019,RNM,CA,AWP,WE,Federal Contract Tower,0,0,5,0,5,0,0,15,0,15,0,0,20,0,20,12,0,12,32
01/13/2019,RNM,CA,AWP,WE,Federal Contract Tower,0,0,3,0,3,0,0,121,0,121,0,0,124,0,124,176,0,176,300
01/14/2019,RNM,CA,AWP,WE,Federal Contract Tower,0,0,1,0,1,0,0,5,0,5,0,0,6,0,6,0,0,0,6
01/15/2019,RNM,CA,AWP,WE,Federal Contract Tower,0,0,3,0,3,0,0,16,0,16,0,0,19,0,19,86,0,86,105
01/16/2019,RNM,CA,AWP,WE,Federal Contract Tower,0,0,4,0,4,0,0,30,4,34,0,0,34,4,38,156,0,156,194
01/17/2019,RNM,CA,AWP,WE,Federal Contract Tower,0,0,3,0,3,0,0,0,0,0,0,0,3,0,3,0,0,0,3
01/18/2019,RNM,CA,AWP,WE,Federal Contract Tower,0,2,16,0,18,0,0,76,4,80,0,2,92,4,98,204,0,204,302
01/19/2019,RNM,CA,AWP,WE,Federal Contract Tower,0,0,3,0,3,0,0,110,0,110,0,0,113,0,113,162,0,162,275
01/20/2019,RNM,CA,AWP,WE,Federal Contract Tower,0,0,5,0,5,0,0,142,0,142,0,0,147,0,147,194,0,194,341
01/21/2019,RNM,CA,AWP,WE,Federal Contract Tower,0,0,5,0,5,0,0,65,0,65,0,0,70,0,70,144,0,144,214
01/22/2019,RNM,CA,AWP,WE,Federal Contract Tower,0,0,5,0,5,0,0,68,0,68,0,0,73,0,73,164,0,164,237
01/23/2019,RNM,CA,AWP,WE,Federal Contract Tower,0,0,4,0,4,0,0,128,2,130,0,0,132,2,134,250,0,250,384
01/24/2019,RNM,CA,AWP,WE,Federal Contract Tower,0,0,8,1,9,0,0,91,0,91,0,0,99,1,100,150,0,150,250
01/25/2019,RNM,CA,AWP,WE,Federal Contract Tower,0,0,4,0,4,0,0,141,2,143,0,0,145,2,147,264,0,264,411
01/26/2019,RNM,CA,AWP,WE,Federal Contract Tower,0,0,3,0,3,0,0,36,0,36,0,0,39,0,39,38,0,38,77
01/27/2019,RNM,CA,AWP,WE,Federal Contract Tower,0,0,4,0,4,0,0,178,0,178,0,0,182,0,182,233,0,233,415
01/28/2019,RNM,CA,AWP,WE,Federal Contract Tower,0,3,4,0,7,0,0,127,6,133,0,3,131,6,140,192,0,192,332
01/29/2019,RNM,CA,AWP,WE,Federal Contract Tower,0,0,8,0,8,0,0,118,1,119,0,0,126,1,127,250,0,250,377
01/30/2019,RNM,CA,AWP,WE,Federal Contract Tower,0,0,8,0,8,0,0,82,0,82,0,0,90,0,90,94,0,94,184
01/31/2019,RNM,CA,AWP,WE,Federal Contract Tower,0,1,9,0,10,0,18,0,0,18,0,19,9,0,28,22,10,32,60
02/01/2019,RNM,CA,AWP,WE,Federal Contract Tower,0,0,4,0,4,0,0,56,2,58,0,0,60,2,62,180,0,180,242
02/02/2019,RNM,CA,AWP,WE,Federal Contract Tower,0,0,0,0,0,0,0,8,0,8,0,0,8,0,8,18,0,18,26
02/03/2019,RNM,CA,AWP,WE,Federal Contract Tower,0,0,8,0,8,0,0,34,0,34,0,0,42,0,42,36,0,36,78
02/04/2019,RNM,CA,AWP,WE,Federal Contract Tower,0,0,2,0,2,0,0,0,0,0,0,0,2,0,2,0,0,0,2
02/05/2019,RNM,CA,AWP,WE,Federal Contract Tower,0,0,0,0,0,0,0,6,2,8,0,0,6,2,8,8,0,8,16
02/06/2019,RNM,CA,AWP,WE,Federal Contract Tower,0,0,2,0,2,0,0,115,4,119,0,0,117,4,121,196,8,204,325
02/07/2019,RNM,CA,AWP,WE,Federal Contract Tower,0,0,1,0,1,0,0,142,2,144,0,0,143,2,145,272,0,272,417
02/08/2019,RNM,CA,AWP,WE,Federal Contract Tower,0,0,4,0,4,0,0,126,0,126,0,0,130,0,130,214,0,214,344
02/09/2019,RNM,CA,AWP,WE,Federal Contract Tower,0,0,6,0,6,0,0,39,2,41,0,0,45,2,47,49,0,49,96
02/10/2019,RNM,CA,AWP,WE,Federal Contract Tower,0,0,4,0,4,0,0,31,0,31,0,0,35,0,35,38,0,38,73
02/11/2019,RNM,CA,AWP,WE,Federal Contract Tower,0,2,5,0,7,0,0,136,0,136,0,2,141,0,143,256,0,256,399
02/12/2019,RNM,CA,AWP,WE,Federal Contract Tower,0,0,7,0,7,0,0,148,0,148,0,0,155,0,155,230,0,230,385
02/13/2019,RNM,CA,AWP,WE,Federal Contract Tower,0,0,4,0,4,0,0,49,0,49,0,0,53,0,53,70,0,70,123
02/14/2019,RNM,CA,AWP,WE,Federal Contract Tower,0,0,0,0,0,0,0,0,0,0,0,0,0,0,0,0,0,0,0
02/15/2019,RNM,CA,AWP,WE,Federal Contract Tower,0,2,6,0,8,0,0,34,0,34,0,2,40,0,42,60,0,60,102
02/16/2019,RNM,CA,AWP,WE,Federal Contract Tower,0,0,16,0,16,0,0,77,0,77,0,0,93,0,93,236,0,236,329
02/17/2019,RNM,CA,AWP,WE,Federal Contract Tower,0,0,1,0,1,0,0,22,0,22,0,0,23,0,23,34,2,36,59
02/18/2019,RNM,CA,AWP,WE,Federal Contract Tower,0,0,6,0,6,0,0,93,0,93,0,0,99,0,99,218,0,218,317
02/19/2019,RNM,CA,AWP,WE,Federal Contract Tower,0,2,3,0,5,0,0,146,0,146,0,2,149,0,151,288,0,288,439
02/20/2019,RNM,CA,AWP,WE,Federal Contract Tower,0,0,2,0,2,0,0,27,2,29,0,0,29,2,31,46,0,46,77
02/21/2019,RNM,CA,AWP,WE,Federal Contract Tower,0,0,0,0,0,0,0,2,0,2,0,0,2,0,2,20,0,20,22
02/22/2019,RNM,CA,AWP,WE,Federal Contract Tower,0,0,8,0,8,0,0,138,0,138,0,0,146,0,146,238,0,238,384
02/23/2019,RNM,CA,AWP,WE,Federal Contract Tower,0,0,7,0,7,0,0,154,0,154,0,0,161,0,161,201,0,201,362
02/24/2019,RNM,CA,AWP,WE,Federal Contract Tower,0,0,3,0,3,0,0,86,0,86,0,0,89,0,89,168,0,168,257
02/25/2019,RNM,CA,AWP,WE,Federal Contract Tower,0,3,6,0,9,0,0,123,2,125,0,3,129,2,134,228,0,228,362
02/26/2019,RNM,CA,AWP,WE,Federal Contract Tower,0,0,5,0,5,0,0,98,6,104,0,0,103,6,109,200,0,200,309
02/27/2019,RNM,CA,AWP,WE,Federal Contract Tower,0,0,3,0,3,0,0,122,0,122,0,0,125,0,125,250,0,250,375
02/28/2019,RNM,CA,AWP,WE,Federal Contract Tower,0,2,8,0,10,0,0,46,6,52,0,2,54,6,62,160,2,162,224
03/01/2019,RNM,CA,AWP,WE,Federal Contract Tower,0,0,6,0,6,0,0,76,0,76,0,0,82,0,82,156,0,156,238
03/02/2019,RNM,CA,AWP,WE,Federal Contract Tower,0,0,0,0,0,0,0,0,0,0,0,0,0,0,0,0,0,0,0
03/03/2019,RNM,CA,AWP,WE,Federal Contract Tower,0,0,6,1,7,0,0,11,0,11,0,0,17,1,18,25,0,25,43
03/04/2019,RNM,CA,AWP,WE,Federal Contract Tower,0,0,12,0,12,0,0,14,0,14,0,0,26,0,26,4,0,4,30
03/05/2019,RNM,CA,AWP,WE,Federal Contract Tower,0,0,13,0,13,0,0,99,2,101,0,0,112,2,114,176,0,176,290
03/06/2019,RNM,CA,AWP,WE,Federal Contract Tower,0,2,1,0,3,0,0,7,0,7,0,2,8,0,10,28,0,28,38
03/07/2019,RNM,CA,AWP,WE,Federal Contract Tower,0,0,7,0,7,0,0,15,0,15,0,0,22,0,22,80,0,80,102
03/08/2019,RNM,CA,AWP,WE,Federal Contract Tower,0,0,1,0,1,0,0,43,2,45,0,0,44,2,46,136,6,142,188
03/09/2019,RNM,CA,AWP,WE,Federal Contract Tower,0,0,9,0,9,0,0,78,0,78,0,0,87,0,87,92,0,92,179
03/10/2019,RNM,CA,AWP,WE,Federal Contract Tower,0,0,2,0,2,0,0,86,0,86,0,0,88,0,88,170,0,170,258
03/11/2019,RNM,CA,AWP,WE,Federal Contract Tower,0,0,7,0,7,0,0,36,0,36,0,0,43,0,43,78,0,78,121
03/12/2019,RNM,CA,AWP,WE,Federal Contract Tower,0,1,9,0,10,0,0,64,0,64,0,1,73,0,74,112,0,112,186
03/13/2019,RNM,CA,AWP,WE,Federal Contract Tower,0,0,14,0,14,0,0,93,0,93,0,0,107,0,107,170,0,170,277
03/14/2019,RNM,CA,AWP,WE,Federal Contract Tower,0,0,6,0,6,0,0,106,0,106,0,0,112,0,112,194,0,194,306
03/15/2019,RNM,CA,AWP,WE,Federal Contract Tower,0,0,8,0,8,0,0,83,0,83,0,0,91,0,91,172,2,174,265
03/16/2019,RNM,CA,AWP,WE,Federal Contract Tower,0,1,3,0,4,0,0,145,0,145,0,1,148,0,149,136,0,136,285
03/17/2019,RNM,CA,AWP,WE,Federal Contract Tower,0,1,1,0,2,0,0,159,0,159,0,1,160,0,161,190,0,190,351
03/18/2019,RNM,CA,AWP,WE,Federal Contract Tower,0,0,3,0,3,0,0,146,0,146,0,0,149,0,149,181,0,181,330
03/19/2019,RNM,CA,AWP,WE,Federal Contract Tower,0,0,7,0,7,0,0,100,4,104,0,0,107,4,111,270,0,270,381
03/20/2019,RNM,CA,AWP,WE,Federal Contract Tower,0,0,2,0,2,0,0,4,0,4,0,0,6,0,6,4,0,4,10
03/21/2019,RNM,CA,AWP,WE,Federal Contract Tower,0,0,15,0,15,0,0,16,0,16,0,0,31,0,31,64,0,64,95
03/22/2019,RNM,CA,AWP,WE,Federal Contract Tower,0,0,13,0,13,0,0,112,4,116,0,0,125,4,129,232,0,232,361
03/23/2019,RNM,CA,AWP,WE,Federal Contract Tower,0,0,8,0,8,0,0,95,0,95,0,0,103,0,103,146,0,146,249
03/24/2019,RNM,CA,AWP,WE,Federal Contract Tower,0,0,4,1,5,0,0,165,0,165,0,0,169,1,170,186,6,192,362
03/25/2019,RNM,CA,AWP,WE,Federal Contract Tower,0,2,7,0,9,0,0,182,0,182,0,2,189,0,191,152,0,152,343
03/26/2019,RNM,CA,AWP,WE,Federal Contract Tower,0,0,6,0,6,0,0,132,0,132,0,0,138,0,138,180,0,180,318
03/27/2019,RNM,CA,AWP,WE,Federal Contract Tower,0,0,7,0,7,0,0,70,2,72,0,0,77,2,79,158,0,158,237
03/28/2019,RNM,CA,AWP,WE,Federal Contract Tower,0,0,10,0,10,0,0,80,2,82,0,0,90,2,92,154,4,158,250
03/29/2019,RNM,CA,AWP,WE,Federal Contract Tower,0,2,5,0,7,0,0,176,2,178,0,2,181,2,185,208,0,208,393
03/30/2019,RNM,CA,AWP,WE,Federal Contract Tower,0,0,1,0,1,0,0,177,0,177,0,0,178,0,178,281,0,281,459
03/31/2019,RNM,CA,AWP,WE,Federal Contract Tower,0,0,5,0,5,0,0,154,0,154,0,0,159,0,159,192,0,192,351
04/01/2019,RNM,CA,AWP,WE,Federal Contract Tower,0,0,6,0,6,0,1,159,0,160,0,1,165,0,166,202,0,202,368
04/02/2019,RNM,CA,AWP,WE,Federal Contract Tower,0,0,10,0,10,0,0,94,2,96,0,0,104,2,106,208,0,208,314
04/03/2019,RNM,CA,AWP,WE,Federal Contract Tower,0,0,13,0,13,0,0,35,8,43,0,0,48,8,56,102,8,110,166
04/04/2019,RNM,CA,AWP,WE,Federal Contract Tower,0,0,10,0,10,0,0,50,0,50,0,0,60,0,60,212,0,212,272
04/05/2019,RNM,CA,AWP,WE,Federal Contract Tower,0,0,6,0,6,0,0,17,0,17,0,0,23,0,23,78,0,78,101
04/06/2019,RNM,CA,AWP,WE,Federal Contract Tower,0,0,6,0,6,0,6,103,0,109,0,6,109,0,115,154,0,154,269
04/07/2019,RNM,CA,AWP,WE,Federal Contract Tower,0,0,7,0,7,0,0,170,0,170,0,0,177,0,177,214,0,214,391
04/08/2019,RNM,CA,AWP,WE,Federal Contract Tower,0,0,8,0,8,0,0,124,1,125,0,0,132,1,133,236,0,236,369
04/09/2019,RNM,CA,AWP,WE,Federal Contract Tower,0,1,16,0,17,0,0,81,4,85,0,1,97,4,102,168,0,168,270
04/10/2019,RNM,CA,AWP,WE,Federal Contract Tower,0,0,5,0,5,0,0,127,2,129,0,0,132,2,134,286,0,286,420
04/11/2019,RNM,CA,AWP,WE,Federal Contract Tower,0,0,1,0,1,0,0,138,0,138,0,0,139,0,139,336,0,336,475
04/12/2019,RNM,CA,AWP,WE,Federal Contract Tower,0,0,3,0,3,0,0,57,2,59,0,0,60,2,62,228,0,228,290
04/13/2019,RNM,CA,AWP,WE,Federal Contract Tower,0,0,6,0,6,0,0,180,0,180,0,0,186,0,186,216,0,216,402
04/14/2019,RNM,CA,AWP,WE,Federal Contract Tower,0,0,1,0,1,0,0,104,0,104,0,0,105,0,105,160,0,160,265
04/15/2019,RNM,CA,AWP,WE,Federal Contract Tower,0,0,12,1,13,0,5,98,1,104,0,5,110,2,117,176,0,176,293
04/16/2019,RNM,CA,AWP,WE,Federal Contract Tower,0,0,12,0,12,0,0,11,0,11,0,0,23,0,23,34,0,34,57
04/17/2019,RNM,CA,AWP,WE,Federal Contract Tower,0,0,7,0,7,0,0,162,4,166,0,0,169,4,173,282,0,282,455
04/18/2019,RNM,CA,AWP,WE,Federal Contract Tower,0,0,8,0,8,0,0,168,0,168,0,0,176,0,176,266,0,266,442
04/19/2019,RNM,CA,AWP,WE,Federal Contract Tower,0,0,13,0,13,0,0,143,0,143,0,0,156,0,156,346,0,346,502
04/20/2019,RNM,CA,AWP,WE,Federal Contract Tower,0,0,10,0,10,0,0,92,0,92,0,0,102,0,102,174,0,174,276
04/21/2019,RNM,CA,AWP,WE,Federal Contract Tower,0,0,6,0,6,0,0,55,0,55,0,0,61,0,61,48,0,48,109
04/22/2019,RNM,CA,AWP,WE,Federal Contract Tower,0,2,9,0,11,0,0,121,0,121,0,2,130,0,132,120,0,120,252
04/23/2019,RNM,CA,AWP,WE,Federal Contract Tower,0,0,4,0,4,0,0,129,0,129,0,0,133,0,133,242,2,244,377
04/24/2019,RNM,CA,AWP,WE,Federal Contract Tower,0,2,6,0,8,0,0,128,2,130,0,2,134,2,138,224,0,224,362
04/25/2019,RNM,CA,AWP,WE,Federal Contract Tower,0,0,4,0,4,0,0,120,4,124,0,0,124,4,128,302,0,302,430
04/26/2019,RNM,CA,AWP,WE,Federal Contract Tower,0,2,10,0,12,0,0,139,0,139,0,2,149,0,151,286,0,286,437
04/27/2019,RNM,CA,AWP,WE,Federal Contract Tower,0,0,6,0,6,0,0,102,0,102,0,0,108,0,108,194,0,194,302
04/28/2019,RNM,CA,AWP,WE,Federal Contract Tower,0,0,3,0,3,0,0,57,0,57,0,0,60,0,60,44,0,44,104
04/29/2019,RNM,CA,AWP,WE,Federal Contract Tower,0,0,8,0,8,0,0,10,0,10,0,0,18,0,18,0,0,0,18
04/30/2019,RNM,CA,AWP,WE,Federal Contract Tower,0,0,2,0,2,0,0,0,0,0,0,0,2,0,2,0,0,0,2
05/01/2019,RNM,CA,AWP,WE,Federal Contract Tower,0,0,8,0,8,0,0,92,1,93,0,0,100,1,101,152,0,152,253
05/02/2019,RNM,CA,AWP,WE,Federal Contract Tower,0,0,6,0,6,0,0,129,2,131,0,0,135,2,137,154,0,154,291
05/03/2019,RNM,CA,AWP,WE,Federal Contract Tower,0,0,10,0,10,0,0,113,0,113,0,0,123,0,123,254,0,254,377
05/04/2019,RNM,CA,AWP,WE,Federal Contract Tower,0,0,4,0,4,0,0,126,2,128,0,0,130,2,132,244,0,244,376
05/05/2019,RNM,CA,AWP,WE,Federal Contract Tower,0,0,9,0,9,0,0,106,0,106,0,0,115,0,115,164,0,164,279
05/06/2019,RNM,CA,AWP,WE,Federal Contract Tower,0,0,12,0,12,0,0,37,0,37,0,0,49,0,49,36,0,36,85
05/07/2019,RNM,CA,AWP,WE,Federal Contract Tower,0,2,8,0,10,0,0,35,2,37,0,2,43,2,47,24,2,26,73
05/08/2019,RNM,CA,AWP,WE,Federal Contract Tower,0,0,18,0,18,0,0,36,2,38,0,0,54,2,56,38,0,38,94
05/09/2019,RNM,CA,AWP,WE,Federal Contract Tower,0,0,12,0,12,0,0,10,0,10,0,0,22,0,22,16,0,16,38
05/10/2019,RNM,CA,AWP,WE,Federal Contract Tower,0,2,11,0,13,0,0,25,4,29,0,2,36,4,42,58,0,58,100
05/11/2019,RNM,CA,AWP,WE,Federal Contract Tower,0,0,3,0,3,0,0,32,0,32,0,0,35,0,35,50,0,50,85
05/12/2019,RNM,CA,AWP,WE,Federal Contract Tower,0,0,6,0,6,0,0,115,0,115,0,0,121,0,121,182,0,182,303
05/13/2019,RNM,CA,AWP,WE,Federal Contract Tower,0,0,11,0,11,0,0,76,0,76,0,0,87,0,87,131,0,131,218
05/14/2019,RNM,CA,AWP,WE,Federal Contract Tower,0,0,13,0,13,0,0,168,0,168,0,0,181,0,181,196,0,196,377
05/15/2019,RNM,CA,AWP,WE,Federal Contract Tower,0,0,15,0,15,0,0,23,2,25,0,0,38,2,40,46,0,46,86
05/16/2019,RNM,CA,AWP,WE,Federal Contract Tower,0,0,2,0,2,0,0,10,2,12,0,0,12,2,14,42,0,42,56
05/17/2019,RNM,CA,AWP,WE,Federal Contract Tower,0,0,13,0,13,0,0,127,0,127,0,0,140,0,140,214,0,214,354
05/18/2019,RNM,CA,AWP,WE,Federal Contract Tower,0,0,2,0,2,0,0,143,0,143,0,0,145,0,145,168,0,168,313
05/19/2019,RNM,CA,AWP,WE,Federal Contract Tower,0,0,3,0,3,0,1,2,0,3,0,1,5,0,6,4,0,4,10
05/20/2019,RNM,CA,AWP,WE,Federal Contract Tower,0,2,15,0,17,0,0,37,0,37,0,2,52,0,54,28,0,28,82
05/21/2019,RNM,CA,AWP,WE,Federal Contract Tower,0,0,3,0,3,0,0,8,0,8,0,0,11,0,11,38,0,38,49
05/22/2019,RNM,CA,AWP,WE,Federal Contract Tower,0,0,10,0,10,0,0,20,0,20,0,0,30,0,30,20,0,20,50
05/23/2019,RNM,CA,AWP,WE,Federal Contract Tower,0,0,17,0,17,0,0,31,0,31,0,0,48,0,48,0,0,0,48
05/24/2019,RNM,CA,AWP,WE,Federal Contract Tower,0,0,6,0,6,0,0,263,0,263,0,0,269,0,269,248,0,248,517
05/25/2019,RNM,CA,AWP,WE,Federal Contract Tower,0,0,22,0,22,0,0,75,1,76,0,0,97,1,98,88,0,88,186
05/26/2019,RNM,CA,AWP,WE,Federal Contract Tower,0,0,5,0,5,0,0,6,0,6,0,0,11,0,11,4,0,4,15
05/27/2019,RNM,CA,AWP,WE,Federal Contract Tower,0,0,8,0,8,0,0,71,0,71,0,0,79,0,79,78,0,78,157
05/28/2019,RNM,CA,AWP,WE,Federal Contract Tower,0,2,4,0,6,0,0,166,2,168,0,2,170,2,174,261,0,261,435
05/29/2019,RNM,CA,AWP,WE,Federal Contract Tower,0,0,5,0,5,0,0,156,0,156,0,0,161,0,161,236,0,236,397
05/30/2019,RNM,CA,AWP,WE,Federal Contract Tower,0,0,8,0,8,0,0,124,0,124,0,0,132,0,132,232,0,232,364
05/31/2019,RNM,CA,AWP,WE,Federal Contract Tower,0,0,16,0,16,0,0,89,0,89,0,0,105,0,105,146,2,148,253
06/01/2019,RNM,CA,AWP,WE,Federal Contract Tower,0,0,15,0,15,0,0,58,0,58,0,0,73,0,73,64,0,64,137
06/02/2019,RNM,CA,AWP,WE,Federal Contract Tower,0,0,9,0,9,0,0,23,0,23,0,0,32,0,32,118,0,118,150
06/03/2019,RNM,CA,AWP,WE,Federal Contract Tower,0,1,16,0,17,0,0,33,0,33,0,1,49,0,50,160,0,160,210
06/04/2019,RNM,CA,AWP,WE,Federal Contract Tower,0,0,19,0,19,0,0,110,0,110,0,0,129,0,129,229,0,229,358
06/05/2019,RNM,CA,AWP,WE,Federal Contract Tower,0,2,16,0,18,0,0,142,2,144,0,2,158,2,162,198,0,198,360
06/06/2019,RNM,CA,AWP,WE,Federal Contract Tower,0,0,10,0,10,0,0,127,0,127,0,0,137,0,137,270,4,274,411
06/07/2019,RNM,CA,AWP,WE,Federal Contract Tower,0,0,7,0,7,0,0,129,0,129,0,0,136,0,136,278,0,278,414
06/08/2019,RNM,CA,AWP,WE,Federal Contract Tower,0,0,8,0,8,0,0,116,0,116,0,0,124,0,124,124,0,124,248
06/09/2019,RNM,CA,AWP,WE,Federal Contract Tower,0,0,9,0,9,0,0,181,0,181,0,0,190,0,190,126,0,126,316
06/10/2019,RNM,CA,AWP,WE,Federal Contract Tower,0,0,7,0,7,0,0,150,0,150,0,0,157,0,157,252,14,266,423
06/11/2019,RNM,CA,AWP,WE,Federal Contract Tower,0,0,7,0,7,0,0,160,0,160,0,0,167,0,167,250,0,250,417
06/12/2019,RNM,CA,AWP,WE,Federal Contract Tower,0,0,15,0,15,0,0,169,2,171,0,0,184,2,186,217,4,221,407
06/13/2019,RNM,CA,AWP,WE,Federal Contract Tower,0,0,10,0,10,0,0,91,0,91,0,0,101,0,101,170,0,170,271
06/14/2019,RNM,CA,AWP,WE,Federal Contract Tower,0,2,13,0,15,0,0,143,2,145,0,2,156,2,160,218,0,218,378
06/15/2019,RNM,CA,AWP,WE,Federal Contract Tower,0,2,7,0,9,0,0,164,0,164,0,2,171,0,173,176,0,176,349
06/16/2019,RNM,CA,AWP,WE,Federal Contract Tower,0,0,7,0,7,0,0,79,0,79,0,0,86,0,86,60,0,60,146
06/17/2019,RNM,CA,AWP,WE,Federal Contract Tower,0,1,13,0,14,0,0,11,0,11,0,1,24,0,25,48,0,48,73
06/18/2019,RNM,CA,AWP,WE,Federal Contract Tower,0,1,11,0,12,0,0,125,2,127,0,1,136,2,139,236,0,236,375
06/19/2019,RNM,CA,AWP,WE,Federal Contract Tower,0,0,9,0,9,0,0,144,0,144,0,0,153,0,153,286,0,286,439
06/20/2019,RNM,CA,AWP,WE,Federal Contract Tower,0,0,6,0,6,0,0,108,0,108,0,0,114,0,114,130,0,130,244
06/21/2019,RNM,CA,AWP,WE,Federal Contract Tower,0,0,22,0,22,0,0,43,0,43,0,0,65,0,65,6,0,6,71
06/22/2019,RNM,CA,AWP,WE,Federal Contract Tower,0,0,10,0,10,0,0,95,0,95,0,0,105,0,105,172,0,172,277
06/23/2019,RNM,CA,AWP,WE,Federal Contract Tower,0,0,10,0,10,0,0,107,0,107,0,0,117,0,117,136,0,136,253
06/24/2019,RNM,CA,AWP,WE,Federal Contract Tower,0,3,4,0,7,0,1,86,0,87,0,4,90,0,94,188,0,188,282
06/25/2019,RNM,CA,AWP,WE,Federal Contract Tower,0,0,15,0,15,0,0,62,0,62,0,0,77,0,77,164,0,164,241
06/26/2019,RNM,CA,AWP,WE,Federal Contract Tower,0,0,15,0,15,0,0,110,0,110,0,0,125,0,125,194,0,194,319
06/27/2019,RNM,CA,AWP,WE,Federal Contract Tower,0,0,11,0,11,0,0,214,0,214,0,0,225,0,225,228,0,228,453
06/28/2019,RNM,CA,AWP,WE,Federal Contract Tower,0,1,8,0,9,0,0,194,2,196,0,1,202,2,205,262,0,262,467
06/29/2019,RNM,CA,AWP,WE,Federal Contract Tower,0,0,10,0,10,0,0,180,0,180,0,0,190,0,190,172,0,172,362
06/30/2019,RNM,CA,AWP,WE,Federal Contract Tower,0,2,9,0,11,0,0,154,0,154,0,2,163,0,165,118,0,118,283
07/01/2019,RNM,CA,AWP,WE,Federal Contract Tower,0,0,4,0,4,0,0,144,2,146,0,0,148,2,150,173,0,173,323
07/02/2019,RNM,CA,AWP,WE,Federal Contract Tower,0,0,4,0,4,0,0,180,0,180,0,0,184,0,184,270,0,270,454
07/03/2019,RNM,CA,AWP,WE,Federal Contract Tower,0,0,8,0,8,0,0,142,0,142,0,0,150,0,150,284,0,284,434
07/04/2019,RNM,CA,AWP,WE,Federal Contract Tower,0,0,2,0,2,0,0,76,0,76,0,0,78,0,78,84,0,84,162
07/05/2019,RNM,CA,AWP,WE,Federal Contract Tower,0,0,3,0,3,0,0,120,0,120,0,0,123,0,123,178,0,178,301
07/06/2019,RNM,CA,AWP,WE,Federal Contract Tower,0,0,4,0,4,0,0,94,0,94,0,0,98,0,98,212,0,212,310
07/07/2019,RNM,CA,AWP,WE,Federal Contract Tower,0,0,6,0,6,0,0,117,0,117,0,0,123,0,123,114,0,114,237
07/08/2019,RNM,CA,AWP,WE,Federal Contract Tower,0,0,6,0,6,0,0,83,0,83,0,0,89,0,89,114,0,114,203
07/09/2019,RNM,CA,AWP,WE,Federal Contract Tower,0,0,4,0,4,0,0,125,0,125,0,0,129,0,129,244,0,244,373
07/10/2019,RNM,CA,AWP,WE,Federal Contract Tower,0,0,5,0,5,0,0,156,2,158,0,0,161,2,163,244,0,244,407
07/11/2019,RNM,CA,AWP,WE,Federal Contract Tower,0,2,8,0,10,0,2,159,0,161,0,4,167,0,171,350,0,350,521
07/12/2019,RNM,CA,AWP,WE,Federal Contract Tower,0,0,9,1,10,0,0,222,4,226,0,0,231,5,236,257,2,259,495
07/13/2019,RNM,CA,AWP,WE,Federal Contract Tower,0,0,3,0,3,0,0,147,0,147,0,0,150,0,150,256,0,256,406
07/14/2019,RNM,CA,AWP,WE,Federal Contract Tower,0,0,1,0,1,0,0,163,4,167,0,0,164,4,168,181,0,181,349
07/15/2019,RNM,CA,AWP,WE,Federal Contract Tower,0,0,3,0,3,0,0,164,0,164,0,0,167,0,167,230,0,230,397
07/16/2019,RNM,CA,AWP,WE,Federal Contract Tower,0,0,15,0,15,0,0,142,0,142,0,0,157,0,157,184,0,184,341
07/17/2019,RNM,CA,AWP,WE,Federal Contract Tower,0,0,6,0,6,0,0,110,0,110,0,0,116,0,116,364,0,364,480
07/18/2019,RNM,CA,AWP,WE,Federal Contract Tower,0,0,5,0,5,0,0,128,2,130,0,0,133,2,135,270,0,270,405
07/19/2019,RNM,CA,AWP,WE,Federal Contract Tower,0,0,4,0,4,0,0,178,0,178,0,0,182,0,182,324,0,324,506
07/20/2019,RNM,CA,AWP,WE,Federal Contract Tower,0,0,3,0,3,0,0,127,0,127,0,0,130,0,130,245,0,245,375
07/21/2019,RNM,CA,AWP,WE,Federal Contract Tower,0,0,2,0,2,0,0,172,0,172,0,0,174,0,174,136,0,136,310
07/22/2019,RNM,CA,AWP,WE,Federal Contract Tower,0,2,3,0,5,0,0,123,0,123,0,2,126,0,128,124,0,124,252
07/23/2019,RNM,CA,AWP,WE,Federal Contract Tower,0,0,1,0,1,0,0,91,2,93,0,0,92,2,94,136,0,136,230
07/24/2019,RNM,CA,AWP,WE,Federal Contract Tower,0,0,3,0,3,0,0,113,10,123,0,0,116,10,126,220,0,220,346
07/25/2019,RNM,CA,AWP,WE,Federal Contract Tower,0,0,4,0,4,0,0,135,2,137,0,0,139,2,141,153,0,153,294
07/26/2019,RNM,CA,AWP,WE,Federal Contract Tower,0,0,3,0,3,0,0,146,0,146,0,0,149,0,149,104,0,104,253
07/27/2019,RNM,CA,AWP,WE,Federal Contract Tower,0,0,5,0,5,0,0,125,0,125,0,0,130,0,130,168,0,168,298
07/28/2019,RNM,CA,AWP,WE,Federal Contract Tower,0,0,0,0,0,0,0,146,0,146,0,0,146,0,146,132,0,132,278
07/29/2019,RNM,CA,AWP,WE,Federal Contract Tower,0,0,8,0,8,0,0,107,0,107,0,0,115,0,115,154,0,154,269
07/30/2019,RNM,CA,AWP,WE,Federal Contract Tower,0,0,12,0,12,0,0,141,0,141,0,0,153,0,153,268,2,270,423
07/31/2019,RNM,CA,AWP,WE,Federal Contract Tower,0,0,4,0,4,0,0,153,0,153,0,0,157,0,157,434,0,434,591
08/01/2019,RNM,CA,AWP,WE,Federal Contract Tower,0,0,4,0,4,0,0,185,0,185,0,0,189,0,189,146,0,146,335
08/02/2019,RNM,CA,AWP,WE,Federal Contract Tower,0,0,5,0,5,0,0,175,0,175,0,0,180,0,180,336,0,336,516
08/03/2019,RNM,CA,AWP,WE,Federal Contract Tower,0,0,5,0,5,0,0,183,0,183,0,0,188,0,188,242,0,242,430
08/04/2019,RNM,CA,AWP,WE,Federal Contract Tower,0,0,4,0,4,0,0,119,0,119,0,0,123,0,123,120,0,120,243
08/05/2019,RNM,CA,AWP,WE,Federal Contract Tower,0,0,4,0,4,0,0,112,0,112,0,0,116,0,116,126,0,126,242
08/06/2019,RNM,CA,AWP,WE,Federal Contract Tower,0,2,4,0,6,0,4,107,0,111,0,6,111,0,117,250,2,252,369
08/07/2019,RNM,CA,AWP,WE,Federal Contract Tower,0,0,11,0,11,0,0,135,4,139,0,0,146,4,150,264,0,264,414
08/08/2019,RNM,CA,AWP,WE,Federal Contract Tower,0,2,4,0,6,0,0,113,4,117,0,2,117,4,123,252,4,256,379
08/09/2019,RNM,CA,AWP,WE,Federal Contract Tower,0,0,6,0,6,0,0,163,0,163,0,0,169,0,169,352,0,352,521
08/10/2019,RNM,CA,AWP,WE,Federal Contract Tower,0,0,3,0,3,0,0,135,0,135,0,0,138,0,138,230,0,230,368
08/11/2019,RNM,CA,AWP,WE,Federal Contract Tower,0,0,5,0,5,0,0,144,0,144,0,0,149,0,149,181,0,181,330
08/12/2019,RNM,CA,AWP,WE,Federal Contract Tower,0,0,9,0,9,0,0,173,0,173,0,0,182,0,182,267,0,267,449
08/13/2019,RNM,CA,AWP,WE,Federal Contract Tower,0,0,7,0,7,0,0,160,0,160,0,0,167,0,167,376,0,376,543
08/14/2019,RNM,CA,AWP,WE,Federal Contract Tower,0,0,8,0,8,0,0,204,0,204,0,0,212,0,212,342,0,342,554
08/15/2019,RNM,CA,AWP,WE,Federal Contract Tower,0,0,1,0,1,0,0,171,0,171,0,0,172,0,172,216,0,216,388
08/16/2019,RNM,CA,AWP,WE,Federal Contract Tower,0,0,7,0,7,0,0,189,0,189,0,0,196,0,196,352,0,352,548
08/17/2019,RNM,CA,AWP,WE,Federal Contract Tower,0,1,2,0,3,0,0,139,0,139,0,1,141,0,142,129,0,129,271
08/18/2019,RNM,CA,AWP,WE,Federal Contract Tower,0,0,6,0,6,0,0,152,0,152,0,0,158,0,158,216,0,216,374
08/19/2019,RNM,CA,AWP,WE,Federal Contract Tower,0,0,7,0,7,0,0,121,0,121,0,0,128,0,128,342,2,344,472
08/20/2019,RNM,CA,AWP,WE,Federal Contract Tower,0,0,2,0,2,0,0,97,0,97,0,0,99,0,99,150,0,150,249
08/21/2019,RNM,CA,AWP,WE,Federal Contract Tower,0,0,4,0,4,0,0,146,4,150,0,0,150,4,154,262,0,262,416
08/22/2019,RNM,CA,AWP,WE,Federal Contract Tower,0,0,6,0,6,0,0,187,0,187,0,0,193,0,193,296,0,296,489
08/23/2019,RNM,CA,AWP,WE,Federal Contract Tower,0,0,7,0,7,0,0,150,0,150,0,0,157,0,157,250,0,250,407
08/24/2019,RNM,CA,AWP,WE,Federal Contract Tower,0,0,0,0,0,0,0,165,0,165,0,0,165,0,165,212,0,212,377
08/25/2019,RNM,CA,AWP,WE,Federal Contract Tower,0,0,1,0,1,0,0,134,0,134,0,0,135,0,135,83,0,83,218
08/26/2019,RNM,CA,AWP,WE,Federal Contract Tower,0,2,3,0,5,0,0,156,0,156,0,2,159,0,161,256,0,256,417
08/27/2019,RNM,CA,AWP,WE,Federal Contract Tower,0,0,2,0,2,0,0,173,2,175,0,0,175,2,177,326,0,326,503
08/28/2019,RNM,CA,AWP,WE,Federal Contract Tower,0,0,6,0,6,0,0,165,4,169,0,0,171,4,175,383,0,383,558
08/29/2019,RNM,CA,AWP,WE,Federal Contract Tower,0,0,6,0,6,0,0,176,8,184,0,0,182,8,190,318,2,320,510
08/30/2019,RNM,CA,AWP,WE,Federal Contract Tower,0,0,8,0,8,0,0,169,0,169,0,0,177,0,177,338,6,344,521
08/31/2019,RNM,CA,AWP,WE,Federal Contract Tower,0,0,3,0,3,0,0,174,0,174,0,0,177,0,177,210,0,210,387
09/01/2019,RNM,CA,AWP,WE,Federal Contract Tower,0,0,1,0,1,0,0,92,0,92,0,0,93,0,93,185,0,185,278
09/02/2019,RNM,CA,AWP,WE,Federal Contract Tower,0,0,8,0,8,0,0,100,0,100,0,0,108,0,108,190,0,190,298
09/03/2019,RNM,CA,AWP,WE,Federal Contract Tower,0,0,2,0,2,0,0,95,0,95,0,0,97,0,97,270,0,270,367
09/04/2019,RNM,CA,AWP,WE,Federal Contract Tower,0,0,1,0,1,0,0,102,0,102,0,0,103,0,103,182,0,182,285
09/05/2019,RNM,CA,AWP,WE,Federal Contract Tower,0,0,4,0,4,0,0,114,0,114,0,0,118,0,118,286,0,286,404
09/06/2019,RNM,CA,AWP,WE,Federal Contract Tower,0,0,4,0,4,0,0,175,0,175,0,0,179,0,179,284,0,284,463
09/07/2019,RNM,CA,AWP,WE,Federal Contract Tower,0,0,4,0,4,0,0,170,0,170,0,0,174,0,174,192,0,192,366
09/08/2019,RNM,CA,AWP,WE,Federal Contract Tower,0,0,3,0,3,0,0,100,0,100,0,0,103,0,103,108,0,108,211
09/09/2019,RNM,CA,AWP,WE,Federal Contract Tower,0,0,8,0,8,0,0,109,0,109,0,0,117,0,117,204,0,204,321
09/10/2019,RNM,CA,AWP,WE,Federal Contract Tower,0,0,9,0,9,0,0,151,0,151,0,0,160,0,160,219,0,219,379
09/11/2019,RNM,CA,AWP,WE,Federal Contract Tower,0,0,10,0,10,0,0,122,4,126,0,0,132,4,136,260,0,260,396
09/12/2019,RNM,CA,AWP,WE,Federal Contract Tower,0,0,4,0,4,0,0,136,4,140,0,0,140,4,144,374,0,374,518
09/13/2019,RNM,CA,AWP,WE,Federal Contract Tower,0,0,7,0,7,0,0,184,2,186,0,0,191,2,193,298,0,298,491
09/14/2019,RNM,CA,AWP,WE,Federal Contract Tower,0,0,7,0,7,0,0,152,0,152,0,0,159,0,159,210,0,210,369
09/15/2019,RNM,CA,AWP,WE,Federal Contract Tower,0,0,1,0,1,0,0,150,0,150,0,0,151,0,151,126,0,126,277
09/16/2019,RNM,CA,AWP,WE,Federal Contract Tower,0,0,6,0,6,0,0,151,0,151,0,0,157,0,157,309,0,309,466
09/17/2019,RNM,CA,AWP,WE,Federal Contract Tower,0,0,3,0,3,0,0,143,2,145,0,0,146,2,148,316,0,316,464
09/18/2019,RNM,CA,AWP,WE,Federal Contract Tower,0,1,0,0,1,0,0,30,0,30,0,1,30,0,31,24,0,24,55
09/19/2019,RNM,CA,AWP,WE,Federal Contract Tower,0,0,10,0,10,0,0,125,2,127,0,0,135,2,137,246,0,246,383
09/20/2019,RNM,CA,AWP,WE,Federal Contract Tower,0,0,5,0,5,0,0,196,2,198,0,0,201,2,203,285,0,285,488
09/21/2019,RNM,CA,AWP,WE,Federal Contract Tower,0,2,0,0,2,0,0,160,0,160,0,2,160,0,162,342,0,342,504
09/22/2019,RNM,CA,AWP,WE,Federal Contract Tower,0,0,5,0,5,0,0,185,0,185,0,0,190,0,190,202,0,202,392
09/23/2019,RNM,CA,AWP,WE,Federal Contract Tower,0,0,7,2,9,0,0,89,22,111,0,0,96,24,120,290,6,296,416
09/24/2019,RNM,CA,AWP,WE,Federal Contract Tower,0,0,4,0,4,0,0,115,0,115,0,0,119,0,119,184,0,184,303
09/25/2019,RNM,CA,AWP,WE,Federal Contract Tower,0,0,14,0,14,0,0,177,0,177,0,0,191,0,191,299,0,299,490
09/26/2019,RNM,CA,AWP,WE,Federal Contract Tower,0,0,11,0,11,0,0,11,0,11,0,0,22,0,22,52,0,52,74
09/27/2019,RNM,CA,AWP,WE,Federal Contract Tower,0,0,16,0,16,0,0,17,0,17,0,0,33,0,33,156,0,156,189
09/28/2019,RNM,CA,AWP,WE,Federal Contract Tower,0,0,13,0,13,0,0,4,0,4,0,0,17,0,17,6,0,6,23
09/29/2019,RNM,CA,AWP,WE,Federal Contract Tower,0,0,3,0,3,0,0,76,0,76,0,0,79,0,79,127,0,127,206
09/30/2019,RNM,CA,AWP,WE,Federal Contract Tower,0,0,3,0,3,0,0,171,0,171,0,0,174,0,174,301,0,301,475
10/01/2019,RNM,CA,AWP,WE,Federal Contract Tower,0,0,4,0,4,0,0,200,0,200,0,0,204,0,204,318,0,318,522
10/02/2019,RNM,CA,AWP,WE,Federal Contract Tower,0,0,5,0,5,0,0,193,0,193,0,0,198,0,198,402,0,402,600
10/03/2019,RNM,CA,AWP,WE,Federal Contract Tower,0,0,3,0,3,0,0,164,0,164,0,0,167,0,167,356,0,356,523
10/04/2019,RNM,CA,AWP,WE,Federal Contract Tower,0,0,7,0,7,0,0,212,0,212,0,0,219,0,219,438,0,438,657
10/05/2019,RNM,CA,AWP,WE,Federal Contract Tower,0,0,2,0,2,0,0,274,0,274,0,0,276,0,276,66,0,66,342
10/06/2019,RNM,CA,AWP,WE,Federal Contract Tower,0,0,5,0,5,0,0,178,0,178,0,0,183,0,183,148,0,148,331
10/07/2019,RNM,CA,AWP,WE,Federal Contract Tower,0,4,6,0,10,0,0,112,4,116,0,4,118,4,126,206,0,206,332
10/08/2019,RNM,CA,AWP,WE,Federal Contract Tower,0,0,1,0,1,0,0,145,0,145,0,0,146,0,146,316,0,316,462
10/09/2019,RNM,CA,AWP,WE,Federal Contract Tower,0,0,7,0,7,0,0,158,0,158,0,0,165,0,165,382,0,382,547
10/10/2019,RNM,CA,AWP,WE,Federal Contract Tower,0,0,7,0,7,0,0,116,2,118,0,0,123,2,125,286,0,286,411
10/11/2019,RNM,CA,AWP,WE,Federal Contract Tower,0,0,7,0,7,0,0,75,0,75,0,0,82,0,82,142,0,142,224
10/12/2019,RNM,CA,AWP,WE,Federal Contract Tower,0,0,6,0,6,0,0,131,0,131,0,0,137,0,137,299,0,299,436
10/13/2019,RNM,CA,AWP,WE,Federal Contract Tower,0,0,6,0,6,0,0,122,0,122,0,0,128,0,128,212,0,212,340
10/14/2019,RNM,CA,AWP,WE,Federal Contract Tower,0,0,6,0,6,0,0,166,0,166,0,0,172,0,172,304,0,304,476
10/15/2019,RNM,CA,AWP,WE,Federal Contract Tower,0,0,0,0,0,0,0,130,2,132,0,0,130,2,132,307,0,307,439
10/16/2019,RNM,CA,AWP,WE,Federal Contract Tower,0,0,2,0,2,0,0,199,0,199,0,0,201,0,201,430,0,430,631
10/17/2019,RNM,CA,AWP,WE,Federal Contract Tower,0,0,2,0,2,0,0,146,2,148,0,0,148,2,150,414,0,414,564
10/18/2019,RNM,CA,AWP,WE,Federal Contract Tower,0,0,4,0,4,0,0,185,0,185,0,0,189,0,189,468,0,468,657
10/19/2019,RNM,CA,AWP,WE,Federal Contract Tower,0,0,2,0,2,0,0,186,0,186,0,0,188,0,188,275,0,275,463
10/20/2019,RNM,CA,AWP,WE,Federal Contract Tower,0,0,1,0,1,0,0,127,0,127,0,0,128,0,128,230,0,230,358
10/21/2019,RNM,CA,AWP,WE,Federal Contract Tower,0,0,5,0,5,0,0,176,0,176,0,0,181,0,181,424,0,424,605
10/22/2019,RNM,CA,AWP,WE,Federal Contract Tower,0,0,0,0,0,0,0,143,0,143,0,0,143,0,143,208,0,208,351
10/23/2019,RNM,CA,AWP,WE,Federal Contract Tower,0,0,2,0,2,0,0,165,0,165,0,0,167,0,167,368,0,368,535
10/24/2019,RNM,CA,AWP,WE,Federal Contract Tower,0,0,1,0,1,0,0,73,2,75,0,0,74,2,76,160,6,166,242
10/25/2019,RNM,CA,AWP,WE,Federal Contract Tower,0,0,0,0,0,0,0,111,4,115,0,0,111,4,115,64,0,64,179
10/26/2019,RNM,CA,AWP,WE,Federal Contract Tower,0,0,0,0,0,0,0,132,0,132,0,0,132,0,132,146,0,146,278
10/27/2019,RNM,CA,AWP,WE,Federal Contract Tower,0,0,3,0,3,0,0,66,0,66,0,0,69,0,69,40,0,40,109
10/28/2019,RNM,CA,AWP,WE,Federal Contract Tower,0,0,2,0,2,0,0,143,0,143,0,0,145,0,145,348,6,354,499
10/29/2019,RNM,CA,AWP,WE,Federal Contract Tower,0,0,2,0,2,0,0,177,4,181,0,0,179,4,183,226,0,226,409
10/30/2019,RNM,CA,AWP,WE,Federal Contract Tower,0,0,2,0,2,0,0,30,0,30,0,0,32,0,32,2,0,2,34
10/31/2019,RNM,CA,AWP,WE,Federal Contract Tower,0,0,5,0,5,0,0,104,2,106,0,0,109,2,111,238,0,238,349
11/01/2019,RNM,CA,AWP,WE,Federal Contract Tower,0,0,3,0,3,0,0,190,0,190,0,0,193,0,193,250,0,250,443
11/02/2019,RNM,CA,AWP,WE,Federal Contract Tower,0,0,2,0,2,0,0,183,0,183,0,0,185,0,185,286,0,286,471
11/03/2019,RNM,CA,AWP,WE,Federal Contract Tower,0,0,2,0,2,0,0,184,0,184,0,0,186,0,186,152,0,152,338
11/04/2019,RNM,CA,AWP,WE,Federal Contract Tower,0,0,1,0,1,0,0,152,0,152,0,0,153,0,153,190,0,190,343
11/05/2019,RNM,CA,AWP,WE,Federal Contract Tower,0,0,9,0,9,0,0,131,0,131,0,0,140,0,140,212,0,212,352
11/06/2019,RNM,CA,AWP,WE,Federal Contract Tower,0,0,5,0,5,0,0,146,0,146,0,0,151,0,151,392,0,392,543
11/07/2019,RNM,CA,AWP,WE,Federal Contract Tower,0,0,8,0,8,0,0,152,0,152,0,0,160,0,160,238,0,238,398
11/08/2019,RNM,CA,AWP,WE,Federal Contract Tower,0,0,3,0,3,0,0,166,0,166,0,0,169,0,169,302,0,302,471
11/09/2019,RNM,CA,AWP,WE,Federal Contract Tower,0,0,4,0,4,0,0,148,0,148,0,0,152,0,152,107,0,107,259
11/10/2019,RNM,CA,AWP,WE,Federal Contract Tower,0,0,6,0,6,0,0,214,0,214,0,0,220,0,220,239,0,239,459
11/11/2019,RNM,CA,AWP,WE,Federal Contract Tower,0,0,3,0,3,0,0,177,22,199,0,0,180,22,202,324,12,336,538
11/12/2019,RNM,CA,AWP,WE,Federal Contract Tower,0,1,10,0,11,0,0,136,2,138,0,1,146,2,149,263,0,263,412
11/13/2019,RNM,CA,AWP,WE,Federal Contract Tower,0,2,5,0,7,0,0,175,1,176,0,2,180,1,183,424,0,424,607
11/14/2019,RNM,CA,AWP,WE,Federal Contract Tower,0,2,11,0,13,0,0,208,0,208,0,2,219,0,221,344,0,344,565
11/15/2019,RNM,CA,AWP,WE,Federal Contract Tower,0,2,11,0,13,0,0,165,0,165,0,2,176,0,178,290,0,290,468
11/16/2019,RNM,CA,AWP,WE,Federal Contract Tower,0,0,3,0,3,0,0,176,0,176,0,0,179,0,179,148,0,148,327
11/17/2019,RNM,CA,AWP,WE,Federal Contract Tower,0,0,3,0,3,0,0,134,0,134,0,0,137,0,137,67,0,67,204
11/18/2019,RNM,CA,AWP,WE,Federal Contract Tower,0,0,3,0,3,0,0,167,0,167,0,0,170,0,170,215,0,215,385
11/19/2019,RNM,CA,AWP,WE,Federal Contract Tower,0,0,4,0,4,0,0,62,2,64,0,0,66,2,68,0,71,71,139
11/20/2019,RNM,CA,AWP,WE,Federal Contract Tower,0,0,0,0,0,0,0,2,0,2,0,0,2,0,2,28,0,28,30
11/21/2019,RNM,CA,AWP,WE,Federal Contract Tower,0,0,19,0,19,0,0,20,0,20,0,0,39,0,39,44,0,44,83
11/22/2019,RNM,CA,AWP,WE,Federal Contract Tower,0,0,6,0,6,0,0,179,4,183,0,0,185,4,189,198,8,206,395
11/23/2019,RNM,CA,AWP,WE,Federal Contract Tower,0,0,5,0,5,0,0,142,0,142,0,0,147,0,147,185,0,185,332
11/24/2019,RNM,CA,AWP,WE,Federal Contract Tower,0,0,3,0,3,0,0,218,0,218,0,0,221,0,221,179,0,179,400
11/25/2019,RNM,CA,AWP,WE,Federal Contract Tower,0,0,11,0,11,0,0,125,2,127,0,0,136,2,138,169,0,169,307
11/26/2019,RNM,CA,AWP,WE,Federal Contract Tower,0,0,6,0,6,0,0,151,0,151,0,0,157,0,157,297,4,301,458
11/27/2019,RNM,CA,AWP,WE,Federal Contract Tower,0,0,2,0,2,0,0,11,0,11,0,0,13,0,13,46,0,46,59
11/28/2019,RNM,CA,AWP,WE,Federal Contract Tower,0,0,0,0,0,0,0,0,0,0,0,0,0,0,0,0,0,0,0
11/29/2019,RNM,CA,AWP,WE,Federal Contract Tower,0,0,0,0,0,0,0,15,0,15,0,0,15,0,15,66,0,66,81
11/30/2019,RNM,CA,AWP,WE,Federal Contract Tower,0,0,7,0,7,0,0,149,0,149,0,0,156,0,156,232,0,232,388
12/01/2019,RNM,CA,AWP,WE,Federal Contract Tower,0,0,4,0,4,0,0,225,0,225,0,0,229,0,229,219,0,219,448
12/02/2019,RNM,CA,AWP,WE,Federal Contract Tower,0,0,2,0,2,0,0,180,0,180,0,0,182,0,182,262,0,262,444
12/03/2019,RNM,CA,AWP,WE,Federal Contract Tower,0,0,10,0,10,0,0,205,0,205,0,0,215,0,215,233,0,233,448
12/04/2019,RNM,CA,AWP,WE,Federal Contract Tower,0,2,4,2,8,0,0,0,0,0,0,2,4,2,8,0,0,0,8
12/05/2019,RNM,CA,AWP,WE,Federal Contract Tower,0,0,4,0,4,0,0,140,0,140,0,0,144,0,144,386,0,386,530
12/06/2019,RNM,CA,AWP,WE,Federal Contract Tower,0,0,9,0,9,0,0,182,0,182,0,0,191,0,191,208,2,210,401
12/07/2019,RNM,CA,AWP,WE,Federal Contract Tower,0,0,14,0,14,0,0,30,0,30,0,0,44,0,44,58,0,58,102
12/08/2019,RNM,CA,AWP,WE,Federal Contract Tower,0,0,6,0,6,0,0,0,0,0,0,0,6,0,6,0,0,0,6
12/09/2019,RNM,CA,AWP,WE,Federal Contract Tower,0,0,15,0,15,0,0,71,6,77,0,0,86,6,92,197,8,205,297
12/10/2019,RNM,CA,AWP,WE,Federal Contract Tower,0,0,8,0,8,0,0,189,6,195,0,0,197,6,203,387,0,387,590
12/11/2019,RNM,CA,AWP,WE,Federal Contract Tower,0,0,3,0,3,0,0,180,2,182,0,0,183,2,185,324,0,324,509
12/12/2019,RNM,CA,AWP,WE,Federal Contract Tower,0,2,4,0,6,0,0,174,2,176,0,2,178,2,182,220,6,226,408
12/13/2019,RNM,CA,AWP,WE,Federal Contract Tower,0,0,6,0,6,0,0,204,0,204,0,0,210,0,210,272,0,272,482
12/14/2019,RNM,CA,AWP,WE,Federal Contract Tower,0,0,15,1,16,0,0,14,0,14,0,0,29,1,30,68,0,68,98
12/15/2019,RNM,CA,AWP,WE,Federal Contract Tower,0,0,7,0,7,0,0,152,0,152,0,0,159,0,159,203,0,203,362
12/16/2019,RNM,CA,AWP,WE,Federal Contract Tower,0,0,1,0,1,0,0,64,2,66,0,0,65,2,67,56,2,58,125
12/17/2019,RNM,CA,AWP,WE,Federal Contract Tower,0,0,2,0,2,0,0,39,0,39,0,0,41,0,41,22,0,22,63
12/18/2019,RNM,CA,AWP,WE,Federal Contract Tower,0,0,10,0,10,0,2,190,2,194,0,2,200,2,204,192,12,204,408
12/19/2019,RNM,CA,AWP,WE,Federal Contract Tower,0,0,8,0,8,0,0,178,2,180,0,0,186,2,188,236,0,236,424
12/20/2019,RNM,CA,AWP,WE,Federal Contract Tower,0,0,2,0,2,0,0,168,0,168,0,0,170,0,170,220,0,220,390
12/21/2019,RNM,CA,AWP,WE,Federal Contract Tower,0,0,2,0,2,0,0,174,0,174,0,0,176,0,176,168,0,168,344
12/22/2019,RNM,CA,AWP,WE,Federal Contract Tower,0,0,4,0,4,0,0,92,0,92,0,0,96,0,96,83,0,83,179
12/23/2019,RNM,CA,AWP,WE,Federal Contract Tower,0,0,3,0,3,0,0,1,0,1,0,0,4,0,4,0,0,0,4
12/24/2019,RNM,CA,AWP,WE,Federal Contract Tower,0,0,1,0,1,0,0,4,0,4,0,0,5,0,5,20,0,20,25
12/25/2019,RNM,CA,AWP,WE,Federal Contract Tower,0,0,0,0,0,0,0,2,0,2,0,0,2,0,2,0,0,0,2
12/26/2019,RNM,CA,AWP,WE,Federal Contract Tower,0,0,1,0,1,0,0,7,0,7,0,0,8,0,8,20,0,20,28
12/27/2019,RNM,CA,AWP,WE,Federal Contract Tower,0,0,2,0,2,0,0,155,0,155,0,0,157,0,157,234,0,234,391
12/28/2019,RNM,CA,AWP,WE,Federal Contract Tower,0,0,2,0,2,0,0,169,0,169,0,0,171,0,171,180,0,180,351
12/29/2019,RNM,CA,AWP,WE,Federal Contract Tower,0,0,4,0,4,0,0,139,0,139,0,0,143,0,143,145,0,145,288
12/30/2019,RNM,CA,AWP,WE,Federal Contract Tower,0,0,4,0,4,0,0,84,0,84,0,0,88,0,88,108,0,108,196
12/31/2019,RNM,CA,AWP,WE,Federal Contract Tower,0,0,3,0,3,0,0,79,0,79,0,0,82,0,82,92,1,93,175
01/01/2020,RNM,CA,AWP,WE,Federal Contract Tower,0,0,1,0,1,0,0,108,0,108,0,0,109,0,109,44,0,44,153
01/02/2020,RNM,CA,AWP,WE,Federal Contract Tower,0,0,4,0,4,0,0,156,0,156,0,0,160,0,160,162,0,162,322
01/03/2020,RNM,CA,AWP,WE,Federal Contract Tower,0,0,1,0,1,0,0,168,0,168,0,0,169,0,169,164,1,165,334
01/04/2020,RNM,CA,AWP,WE,Federal Contract Tower,0,0,3,0,3,0,0,162,0,162,0,0,165,0,165,187,0,187,352
01/05/2020,RNM,CA,AWP,WE,Federal Contract Tower,0,0,2,0,2,0,0,154,0,154,0,0,156,0,156,154,0,154,310
01/06/2020,RNM,CA,AWP,WE,Federal Contract Tower,0,0,2,0,2,0,0,47,0,47,0,0,49,0,49,52,0,52,101
01/07/2020,RNM,CA,AWP,WE,Federal Contract Tower,0,0,2,0,2,0,0,182,4,186,0,0,184,4,188,332,4,336,524
01/08/2020,RNM,CA,AWP,WE,Federal Contract Tower,0,0,21,2,23,0,0,63,0,63,0,0,84,2,86,292,0,292,378
01/09/2020,RNM,CA,AWP,WE,Federal Contract Tower,0,0,6,0,6,0,0,13,0,13,0,0,19,0,19,134,0,134,153
01/10/2020,RNM,CA,AWP,WE,Federal Contract Tower,0,0,7,0,7,0,0,211,0,211,0,0,218,0,218,324,0,324,542
01/11/2020,RNM,CA,AWP,WE,Federal Contract Tower,0,1,2,0,3,0,0,191,0,191,0,1,193,0,194,108,0,108,302
01/12/2020,RNM,CA,AWP,WE,Federal Contract Tower,0,0,6,0,6,0,0,157,0,157,0,0,163,0,163,198,0,198,361
01/13/2020,RNM,CA,AWP,WE,Federal Contract Tower,0,0,5,0,5,0,0,171,2,173,0,0,176,2,178,416,0,416,594
01/14/2020,RNM,CA,AWP,WE,Federal Contract Tower,0,0,10,0,10,0,0,165,2,167,0,0,175,2,177,396,0,396,573
01/15/2020,RNM,CA,AWP,WE,Federal Contract Tower,0,0,0,0,0,0,0,199,2,201,0,0,199,2,201,434,2,436,637
01/16/2020,RNM,CA,AWP,WE,Federal Contract Tower,0,2,14,0,16,0,77,0,0,77,0,79,14,0,93,172,4,176,269
01/17/2020,RNM,CA,AWP,WE,Federal Contract Tower,0,2,19,0,21,0,0,50,0,50,0,2,69,0,71,36,0,36,107
01/18/2020,RNM,CA,AWP,WE,Federal Contract Tower,0,0,4,0,4,0,0,210,0,210,0,0,214,0,214,208,0,208,422
01/19/2020,RNM,CA,AWP,WE,Federal Contract Tower,0,0,4,0,4,0,0,152,0,152,0,0,156,0,156,196,0,196,352
01/20/2020,RNM,CA,AWP,WE,Federal Contract Tower,0,0,8,0,8,0,0,180,0,180,0,0,188,0,188,234,0,234,422
01/21/2020,RNM,CA,AWP,WE,Federal Contract Tower,0,0,18,0,18,0,0,7,0,7,0,0,25,0,25,108,0,108,133
01/22/2020,RNM,CA,AWP,WE,Federal Contract Tower,0,0,5,0,5,0,0,171,0,171,0,0,176,0,176,404,0,404,580
01/23/2020,RNM,CA,AWP,WE,Federal Contract Tower,0,0,6,0,6,0,0,229,0,229,0,0,235,0,235,494,0,494,729
01/24/2020,RNM,CA,AWP,WE,Federal Contract Tower,0,0,8,0,8,0,0,201,0,201,0,0,209,0,209,454,0,454,663
01/25/2020,RNM,CA,AWP,WE,Federal Contract Tower,0,0,6,2,8,0,0,167,1,168,0,0,173,3,176,312,0,312,488
01/26/2020,RNM,CA,AWP,WE,Federal Contract Tower,0,0,7,0,7,0,0,42,0,42,0,0,49,0,49,46,0,46,95
01/27/2020,RNM,CA,AWP,WE,Federal Contract Tower,0,2,6,0,8,0,0,199,0,199,0,2,205,0,207,327,0,327,534
01/28/2020,RNM,CA,AWP,WE,Federal Contract Tower,0,0,3,0,3,0,0,247,0,247,0,0,250,0,250,329,0,329,579
01/29/2020,RNM,CA,AWP,WE,Federal Contract Tower,0,0,9,0,9,0,0,116,2,118,0,0,125,2,127,194,0,194,321
01/30/2020,RNM,CA,AWP,WE,Federal Contract Tower,0,1,4,0,5,0,0,189,0,189,0,1,193,0,194,368,0,368,562
01/31/2020,RNM,CA,AWP,WE,Federal Contract Tower,0,1,3,0,4,0,0,171,2,173,0,1,174,2,177,246,0,246,423
02/01/2020,RNM,CA,AWP,WE,Federal Contract Tower,0,0,1,0,1,0,0,191,0,191,0,0,192,0,192,234,0,234,426
02/02/2020,RNM,CA,AWP,WE,Federal Contract Tower,0,0,7,0,7,0,0,194,0,194,0,0,201,0,201,352,0,352,553
02/03/2020,RNM,CA,AWP,WE,Federal Contract Tower,0,0,4,0,4,0,0,100,1,101,0,0,104,1,105,194,0,194,299
02/04/2020,RNM,CA,AWP,WE,Federal Contract Tower,0,1,3,0,4,0,0,63,5,68,0,1,66,5,72,124,0,124,196
02/05/2020,RNM,CA,AWP,WE,Federal Contract Tower,0,0,3,0,3,0,0,178,1,179,0,0,181,1,182,274,2,276,458
02/06/2020,RNM,CA,AWP,WE,Federal Contract Tower,0,2,4,0,6,0,0,202,2,204,0,2,206,2,210,358,2,360,570
02/07/2020,RNM,CA,AWP,WE,Federal Contract Tower,0,0,3,0,3,0,0,220,0,220,0,0,223,0,223,322,0,322,545
02/08/2020,RNM,CA,AWP,WE,Federal Contract Tower,0,0,4,0,4,0,0,209,0,209,0,0,213,0,213,220,0,220,433
02/09/2020,RNM,CA,AWP,WE,Federal Contract Tower,0,0,2,0,2,0,0,0,0,0,0,0,2,0,2,0,0,0,2
02/10/2020,RNM,CA,AWP,WE,Federal Contract Tower,0,2,14,0,16,0,0,0,0,0,0,2,14,0,16,200,0,200,216
02/11/2020,RNM,CA,AWP,WE,Federal Contract Tower,0,0,2,0,2,0,0,111,4,115,0,0,113,4,117,362,0,362,479
02/12/2020,RNM,CA,AWP,WE,Federal Contract Tower,0,0,2,0,2,0,0,170,0,170,0,0,172,0,172,402,0,402,574
02/13/2020,RNM,CA,AWP,WE,Federal Contract Tower,0,2,6,0,8,0,0,197,0,197,0,2,203,0,205,478,0,478,683
02/14/2020,RNM,CA,AWP,WE,Federal Contract Tower,0,0,3,0,3,0,0,219,0,219,0,0,222,0,222,492,0,492,714
02/15/2020,RNM,CA,AWP,WE,Federal Contract Tower,0,0,4,0,4,0,0,260,0,260,0,0,264,0,264,416,0,416,680
02/16/2020,RNM,CA,AWP,WE,Federal Contract Tower,0,0,1,0,1,0,0,159,0,159,0,0,160,0,160,354,0,354,514
02/17/2020,RNM,CA,AWP,WE,Federal Contract Tower,0,0,2,0,2,0,0,220,0,220,0,0,222,0,222,395,0,395,617
02/18/2020,RNM,CA,AWP,WE,Federal Contract Tower,0,0,11,0,11,0,0,150,0,150,0,0,161,0,161,354,0,354,515
02/19/2020,RNM,CA,AWP,WE,Federal Contract Tower,0,0,11,0,11,0,0,123,0,123,0,0,134,0,134,357,0,357,491
02/20/2020,RNM,CA,AWP,WE,Federal Contract Tower,0,0,5,0,5,0,0,181,0,181,0,0,186,0,186,408,0,408,594
02/21/2020,RNM,CA,AWP,WE,Federal Contract Tower,0,0,8,0,8,0,0,198,2,200,0,0,206,2,208,410,12,422,630
02/22/2020,RNM,CA,AWP,WE,Federal Contract Tower,0,0,0,0,0,0,0,0,0,0,0,0,0,0,0,0,0,0,0
02/23/2020,RNM,CA,AWP,WE,Federal Contract Tower,0,0,11,0,11,0,0,53,0,53,0,0,64,0,64,418,0,418,482
02/24/2020,RNM,CA,AWP,WE,Federal Contract Tower,0,3,7,0,10,0,0,200,2,202,0,3,207,2,212,408,0,408,620
02/25/2020,RNM,CA,AWP,WE,Federal Contract Tower,0,0,1,0,1,0,0,91,2,93,0,0,92,2,94,258,0,258,352
02/26/2020,RNM,CA,AWP,WE,Federal Contract Tower,0,1,3,0,4,0,0,40,0,40,0,1,43,0,44,118,0,118,162
02/27/2020,RNM,CA,AWP,WE,Federal Contract Tower,0,2,8,0,10,0,0,133,0,133,0,2,141,0,143,278,0,278,421
02/28/2020,RNM,CA,AWP,WE,Federal Contract Tower,0,0,7,0,7,0,0,209,0,209,0,0,216,0,216,486,0,486,702
02/29/2020,RNM,CA,AWP,WE,Federal Contract Tower,0,0,8,0,8,0,0,243,0,243,0,0,251,0,251,410,0,410,661
03/01/2020,RNM,CA,AWP,WE,Federal Contract Tower,0,0,2,0,2,0,0,5,2,7,0,0,7,2,9,8,0,8,17
03/02/2020,RNM,CA,AWP,WE,Federal Contract Tower,0,0,4,0,4,0,2,78,4,84,0,2,82,4,88,450,0,450,538
03/03/2020,RNM,CA,AWP,WE,Federal Contract Tower,0,0,6,0,6,0,0,209,0,209,0,0,215,0,215,440,0,440,655
03/04/2020,RNM,CA,AWP,WE,Federal Contract Tower,0,0,8,0,8,0,0,189,0,189,0,0,197,0,197,518,0,518,715
03/05/2020,RNM,CA,AWP,WE,Federal Contract Tower,0,0,3,0,3,0,0,205,0,205,0,0,208,0,208,556,0,556,764
03/06/2020,RNM,CA,AWP,WE,Federal Contract Tower,0,0,13,0,13,0,0,200,0,200,0,0,213,0,213,486,0,486,699
03/07/2020,RNM,CA,AWP,WE,Federal Contract Tower,0,0,18,0,18,0,0,99,0,99,0,0,117,0,117,142,0,142,259
03/08/2020,RNM,CA,AWP,WE,Federal Contract Tower,0,2,10,0,12,0,0,68,0,68,0,2,78,0,80,196,0,196,276
03/09/2020,RNM,CA,AWP,WE,Federal Contract Tower,0,0,4,0,4,0,0,131,4,135,0,0,135,4,139,504,0,504,643
03/10/2020,RNM,CA,AWP,WE,Federal Contract Tower,0,2,4,0,6,0,0,0,0,0,0,2,4,0,6,0,0,0,6
03/11/2020,RNM,CA,AWP,WE,Federal Contract Tower,0,1,13,0,14,0,0,38,0,38,0,1,51,0,52,208,0,208,260
03/12/2020,RNM,CA,AWP,WE,Federal Contract Tower,0,1,0,0,1,0,0,0,0,0,0,1,0,0,1,0,0,0,1
03/13/2020,RNM,CA,AWP,WE,Federal Contract Tower,0,0,1,0,1,0,0,0,0,0,0,0,1,0,1,0,0,0,1
03/14/2020,RNM,CA,AWP,WE,Federal Contract Tower,0,0,10,0,10,0,0,11,0,11,0,0,21,0,21,40,0,40,61
03/15/2020,RNM,CA,AWP,WE,Federal Contract Tower,0,0,7,0,7,0,0,37,0,37,0,0,44,0,44,154,0,154,198
03/16/2020,RNM,CA,AWP,WE,Federal Contract Tower,0,0,10,0,10,0,0,58,0,58,0,0,68,0,68,462,2,464,532
03/17/2020,RNM,CA,AWP,WE,Federal Contract Tower,0,0,3,0,3,0,0,93,4,97,0,0,96,4,100,477,0,477,577
03/18/2020,RNM,CA,AWP,WE,Federal Contract Tower,0,0,3,0,3,0,0,6,4,10,0,0,9,4,13,20,0,20,33
03/19/2020,RNM,CA,AWP,WE,Federal Contract Tower,0,0,2,0,2,0,0,17,0,17,0,0,19,0,19,102,0,102,121
03/20/2020,RNM,CA,AWP,WE,Federal Contract Tower,0,2,1,0,3,0,0,83,0,83,0,2,84,0,86,220,16,236,322
03/21/2020,RNM,CA,AWP,WE,Federal Contract Tower,0,0,6,0,6,0,0,64,0,64,0,0,70,0,70,217,0,217,287
03/22/2020,RNM,CA,AWP,WE,Federal Contract Tower,0,0,0,0,0,0,0,103,0,103,0,0,103,0,103,402,0,402,505
03/23/2020,RNM,CA,AWP,WE,Federal Contract Tower,0,0,3,0,3,0,0,21,1,22,0,0,24,1,25,38,0,38,63
03/24/2020,RNM,CA,AWP,WE,Federal Contract Tower,0,0,3,1,4,0,0,48,2,50,0,0,51,3,54,78,0,78,132
03/25/2020,RNM,CA,AWP,WE,Federal Contract Tower,0,0,7,0,7,0,0,16,0,16,0,0,23,0,23,48,0,48,71
03/26/2020,RNM,CA,AWP,WE,Federal Contract Tower,0,0,2,0,2,0,0,27,10,37,0,0,29,10,39,52,0,52,91
03/27/2020,RNM,CA,AWP,WE,Federal Contract Tower,0,0,5,1,6,0,0,84,2,86,0,0,89,3,92,106,0,106,198
03/28/2020,RNM,CA,AWP,WE,Federal Contract Tower,0,0,1,0,1,0,0,117,0,117,0,0,118,0,118,132,0,132,250
03/29/2020,RNM,CA,AWP,WE,Federal Contract Tower,0,0,2,0,2,0,0,59,0,59,0,0,61,0,61,88,0,88,149
03/30/2020,RNM,CA,AWP,WE,Federal Contract Tower,0,0,1,0,1,0,0,71,4,75,0,0,72,4,76,96,8,104,180
03/31/2020,RNM,CA,AWP,WE,Federal Contract Tower,0,0,1,0,1,0,0,59,0,59,0,0,60,0,60,78,0,78,138
04/01/2020,RNM,CA,AWP,WE,Federal Contract Tower,0,0,6,0,6,0,0,68,0,68,0,0,74,0,74,180,0,180,254
04/02/2020,RNM,CA,AWP,WE,Federal Contract Tower,0,0,9,0,9,0,0,37,0,37,0,0,46,0,46,112,0,112,158
04/03/2020,RNM,CA,AWP,WE,Federal Contract Tower,0,0,1,0,1,0,0,80,1,81,0,0,81,1,82,204,0,204,286
04/04/2020,RNM,CA,AWP,WE,Federal Contract Tower,0,0,6,0,6,0,0,52,0,52,0,0,58,0,58,80,0,80,138
04/05/2020,RNM,CA,AWP,WE,Federal Contract Tower,0,0,3,0,3,0,0,26,4,30,0,0,29,4,33,55,0,55,88
04/06/2020,RNM,CA,AWP,WE,Federal Contract Tower,0,0,1,0,1,0,0,0,0,0,0,0,1,0,1,0,0,0,1
04/07/2020,RNM,CA,AWP,WE,Federal Contract Tower,0,0,1,0,1,0,0,0,0,0,0,0,1,0,1,0,0,0,1
04/08/2020,RNM,CA,AWP,WE,Federal Contract Tower,0,0,1,0,1,0,0,4,3,7,0,0,5,3,8,0,2,2,10
04/09/2020,RNM,CA,AWP,WE,Federal Contract Tower,0,0,0,2,2,0,0,8,4,12,0,0,8,6,14,16,0,16,30
04/10/2020,RNM,CA,AWP,WE,Federal Contract Tower,0,0,3,0,3,0,0,0,0,0,0,0,3,0,3,0,0,0,3
04/11/2020,RNM,CA,AWP,WE,Federal Contract Tower,0,0,12,0,12,0,0,68,4,72,0,0,80,4,84,84,0,84,168
04/12/2020,RNM,CA,AWP,WE,Federal Contract Tower,0,0,3,0,3,0,0,0,0,0,0,0,3,0,3,0,0,0,3
04/13/2020,RNM,CA,AWP,WE,Federal Contract Tower,0,0,4,0,4,0,0,4,0,4,0,0,8,0,8,0,0,0,8
04/14/2020,RNM,CA,AWP,WE,Federal Contract Tower,0,0,0,0,0,0,0,93,4,97,0,0,93,4,97,138,22,160,257
04/15/2020,RNM,CA,AWP,WE,Federal Contract Tower,0,0,2,0,2,0,0,164,6,170,0,0,166,6,172,264,12,276,448
04/16/2020,RNM,CA,AWP,WE,Federal Contract Tower,0,0,1,0,1,0,0,155,0,155,0,0,156,0,156,250,0,250,406
04/17/2020,RNM,CA,AWP,WE,Federal Contract Tower,0,0,2,0,2,0,0,52,2,54,0,0,54,2,56,124,6,130,186
04/18/2020,RNM,CA,AWP,WE,Federal Contract Tower,0,0,4,0,4,0,0,9,0,9,0,0,13,0,13,40,0,40,53
04/19/2020,RNM,CA,AWP,WE,Federal Contract Tower,0,0,11,0,11,0,0,39,0,39,0,0,50,0,50,66,0,66,116
04/20/2020,RNM,CA,AWP,WE,Federal Contract Tower,0,0,4,0,4,0,0,36,6,42,0,0,40,6,46,142,0,142,188
04/21/2020,RNM,CA,AWP,WE,Federal Contract Tower,0,0,6,0,6,0,0,33,0,33,0,0,39,0,39,186,0,186,225
04/22/2020,RNM,CA,AWP,WE,Federal Contract Tower,0,0,1,0,1,0,0,152,0,152,0,0,153,0,153,246,0,246,399
04/23/2020,RNM,CA,AWP,WE,Federal Contract Tower,0,0,5,0,5,0,0,163,0,163,0,0,168,0,168,128,0,128,296
04/24/2020,RNM,CA,AWP,WE,Federal Contract Tower,0,0,1,0,1,0,0,117,0,117,0,0,118,0,118,168,0,168,286
04/25/2020,RNM,CA,AWP,WE,Federal Contract Tower,0,0,8,0,8,0,0,146,0,146,0,0,154,0,154,236,1,237,391
04/26/2020,RNM,CA,AWP,WE,Federal Contract Tower,0,0,0,0,0,0,0,123,0,123,0,0,123,0,123,91,0,91,214
04/27/2020,RNM,CA,AWP,WE,Federal Contract Tower,0,0,1,0,1,0,0,119,0,119,0,0,120,0,120,136,0,136,256
04/28/2020,RNM,CA,AWP,WE,Federal Contract Tower,0,0,7,0,7,0,0,86,0,86,0,0,93,0,93,178,16,194,287
04/29/2020,RNM,CA,AWP,WE,Federal Contract Tower,0,0,8,1,9,0,0,59,0,59,0,0,67,1,68,168,0,168,236
04/30/2020,RNM,CA,AWP,WE,Federal Contract Tower,0,0,9,0,9,0,0,62,2,64,0,0,71,2,73,188,2,190,263
05/01/2020,RNM,CA,AWP,WE,Federal Contract Tower,0,0,1,0,1,0,0,89,0,89,0,0,90,0,90,298,0,298,388
05/02/2020,RNM,CA,AWP,WE,Federal Contract Tower,0,0,3,0,3,0,0,179,0,179,0,0,182,0,182,346,0,346,528
05/03/2020,RNM,CA,AWP,WE,Federal Contract Tower,0,2,4,0,6,0,0,116,0,116,0,2,120,0,122,156,0,156,278
05/04/2020,RNM,CA,AWP,WE,Federal Contract Tower,0,0,1,0,1,0,0,88,2,90,0,0,89,2,91,170,2,172,263
05/05/2020,RNM,CA,AWP,WE,Federal Contract Tower,0,0,2,0,2,0,0,149,0,149,0,0,151,0,151,254,0,254,405
05/06/2020,RNM,CA,AWP,WE,Federal Contract Tower,0,2,6,0,8,0,0,107,2,109,0,2,113,2,117,119,4,123,240
05/07/2020,RNM,CA,AWP,WE,Federal Contract Tower,0,0,3,0,3,0,0,138,0,138,0,0,141,0,141,252,0,252,393
05/08/2020,RNM,CA,AWP,WE,Federal Contract Tower,0,0,6,0,6,0,0,121,4,125,0,0,127,4,131,179,0,179,310
05/09/2020,RNM,CA,AWP,WE,Federal Contract Tower,0,0,8,0,8,0,0,89,0,89,0,0,97,0,97,88,0,88,185
05/10/2020,RNM,CA,AWP,WE,Federal Contract Tower,0,0,3,0,3,0,0,33,2,35,0,0,36,2,38,46,2,48,86
05/11/2020,RNM,CA,AWP,WE,Federal Contract Tower,0,1,4,0,5,0,0,81,0,81,0,1,85,0,86,132,0,132,218
05/12/2020,RNM,CA,AWP,WE,Federal Contract Tower,0,3,7,1,11,0,0,97,6,103,0,3,104,7,114,146,0,146,260
05/13/2020,RNM,CA,AWP,WE,Federal Contract Tower,0,0,8,0,8,0,0,71,0,71,0,0,79,0,79,134,0,134,213
05/14/2020,RNM,CA,AWP,WE,Federal Contract Tower,0,0,4,0,4,0,0,149,2,151,0,0,153,2,155,244,0,244,399
05/15/2020,RNM,CA,AWP,WE,Federal Contract Tower,0,0,3,0,3,0,0,158,0,158,0,0,161,0,161,270,0,270,431
05/16/2020,RNM,CA,AWP,WE,Federal Contract Tower,0,0,3,0,3,0,0,134,0,134,0,0,137,0,137,169,0,169,306
05/17/2020,RNM,CA,AWP,WE,Federal Contract Tower,0,0,5,0,5,0,0,119,0,119,0,0,124,0,124,142,0,142,266
05/18/2020,RNM,CA,AWP,WE,Federal Contract Tower,0,1,11,0,12,0,0,29,9,38,0,1,40,9,50,90,2,92,142
05/19/2020,RNM,CA,AWP,WE,Federal Contract Tower,0,1,6,0,7,0,0,57,0,57,0,1,63,0,64,123,0,123,187
05/20/2020,RNM,CA,AWP,WE,Federal Contract Tower,0,1,5,0,6,0,0,118,4,122,0,1,123,4,128,168,0,168,296
05/21/2020,RNM,CA,AWP,WE,Federal Contract Tower,0,1,5,0,6,0,0,172,2,174,0,1,177,2,180,326,0,326,506
05/22/2020,RNM,CA,AWP,WE,Federal Contract Tower,0,0,6,0,6,0,0,130,0,130,0,0,136,0,136,216,0,216,352
05/23/2020,RNM,CA,AWP,WE,Federal Contract Tower,0,0,7,0,7,0,0,130,4,134,0,0,137,4,141,292,4,296,437
05/24/2020,RNM,CA,AWP,WE,Federal Contract Tower,0,0,5,0,5,0,0,159,0,159,0,0,164,0,164,234,0,234,398
05/25/2020,RNM,CA,AWP,WE,Federal Contract Tower,0,3,4,0,7,0,0,141,0,141,0,3,145,0,148,256,0,256,404
05/26/2020,RNM,CA,AWP,WE,Federal Contract Tower,0,1,10,0,11,0,0,166,2,168,0,1,176,2,179,352,0,352,531
05/27/2020,RNM,CA,AWP,WE,Federal Contract Tower,0,3,1,0,4,0,0,157,2,159,0,3,158,2,163,382,0,382,545
05/28/2020,RNM,CA,AWP,WE,Federal Contract Tower,0,0,2,0,2,0,0,154,2,156,0,0,156,2,158,396,0,396,554
05/29/2020,RNM,CA,AWP,WE,Federal Contract Tower,0,0,16,0,16,0,0,55,0,55,0,0,71,0,71,116,0,116,187
05/30/2020,RNM,CA,AWP,WE,Federal Contract Tower,0,0,9,0,9,0,0,181,0,181,0,0,190,0,190,328,0,328,518
05/31/2020,RNM,CA,AWP,WE,Federal Contract Tower,0,0,1,0,1,0,0,179,0,179,0,0,180,0,180,236,0,236,416
06/01/2020,RNM,CA,AWP,WE,Federal Contract Tower,0,0,3,0,3,0,0,239,2,241,0,0,242,2,244,494,4,498,742
06/02/2020,RNM,CA,AWP,WE,Federal Contract Tower,0,0,6,0,6,0,0,141,0,141,0,0,147,0,147,410,2,412,559
06/03/2020,RNM,CA,AWP,WE,Federal Contract Tower,0,0,3,0,3,0,0,163,0,163,0,0,166,0,166,391,0,391,557
06/04/2020,RNM,CA,AWP,WE,Federal Contract Tower,0,0,7,0,7,0,0,122,6,128,0,0,129,6,135,352,18,370,505
06/05/2020,RNM,CA,AWP,WE,Federal Contract Tower,0,0,10,0,10,0,0,47,0,47,0,0,57,0,57,206,0,206,263
06/06/2020,RNM,CA,AWP,WE,Federal Contract Tower,0,0,10,0,10,0,0,4,0,4,0,0,14,0,14,16,0,16,30
06/07/2020,RNM,CA,AWP,WE,Federal Contract Tower,0,0,7,0,7,0,0,99,0,99,0,0,106,0,106,198,0,198,304
06/08/2020,RNM,CA,AWP,WE,Federal Contract Tower,0,0,4,0,4,0,0,161,0,161,0,0,165,0,165,310,0,310,475
06/09/2020,RNM,CA,AWP,WE,Federal Contract Tower,0,0,1,0,1,0,0,131,4,135,0,0,132,4,136,114,0,114,250
06/10/2020,RNM,CA,AWP,WE,Federal Contract Tower,0,0,3,0,3,0,0,158,0,158,0,0,161,0,161,206,0,206,367
06/11/2020,RNM,CA,AWP,WE,Federal Contract Tower,0,0,2,0,2,0,0,229,0,229,0,0,231,0,231,222,0,222,453
06/12/2020,RNM,CA,AWP,WE,Federal Contract Tower,0,0,10,0,10,0,0,173,0,173,0,0,183,0,183,358,0,358,541
06/13/2020,RNM,CA,AWP,WE,Federal Contract Tower,0,0,4,0,4,0,0,145,0,145,0,0,149,0,149,214,3,217,366
06/14/2020,RNM,CA,AWP,WE,Federal Contract Tower,0,0,1,0,1,0,0,113,0,113,0,0,114,0,114,153,0,153,267
06/15/2020,RNM,CA,AWP,WE,Federal Contract Tower,0,0,12,0,12,0,0,109,4,113,0,0,121,4,125,202,0,202,327
06/16/2020,RNM,CA,AWP,WE,Federal Contract Tower,0,0,15,0,15,0,0,115,0,115,0,0,130,0,130,366,0,366,496
06/17/2020,RNM,CA,AWP,WE,Federal Contract Tower,0,0,7,0,7,0,0,98,2,100,0,0,105,2,107,290,0,290,397
06/18/2020,RNM,CA,AWP,WE,Federal Contract Tower,0,1,9,0,10,0,2,175,4,181,0,3,184,4,191,320,4,324,515
06/19/2020,RNM,CA,AWP,WE,Federal Contract Tower,0,1,17,0,18,0,0,167,2,169,0,1,184,2,187,244,0,244,431
06/20/2020,RNM,CA,AWP,WE,Federal Contract Tower,0,0,9,0,9,0,0,80,0,80,0,0,89,0,89,134,0,134,223
06/21/2020,RNM,CA,AWP,WE,Federal Contract Tower,0,0,12,0,12,0,0,106,0,106,0,0,118,0,118,142,0,142,260
06/22/2020,RNM,CA,AWP,WE,Federal Contract Tower,0,0,7,0,7,0,0,145,0,145,0,0,152,0,152,296,0,296,448
06/23/2020,RNM,CA,AWP,WE,Federal Contract Tower,0,0,7,0,7,0,0,146,0,146,0,0,153,0,153,360,0,360,513
06/24/2020,RNM,CA,AWP,WE,Federal Contract Tower,0,0,7,0,7,0,0,145,0,145,0,0,152,0,152,348,0,348,500
06/25/2020,RNM,CA,AWP,WE,Federal Contract Tower,0,0,11,0,11,0,0,171,2,173,0,0,182,2,184,391,6,397,581
06/26/2020,RNM,CA,AWP,WE,Federal Contract Tower,0,0,5,0,5,0,0,191,2,193,0,0,196,2,198,422,0,422,620
06/27/2020,RNM,CA,AWP,WE,Federal Contract Tower,0,0,6,0,6,0,0,190,0,190,0,0,196,0,196,348,0,348,544
06/28/2020,RNM,CA,AWP,WE,Federal Contract Tower,0,0,7,0,7,0,0,60,0,60,0,0,67,0,67,174,0,174,241
06/29/2020,RNM,CA,AWP,WE,Federal Contract Tower,0,0,12,0,12,0,0,49,2,51,0,0,61,2,63,164,2,166,229
06/30/2020,RNM,CA,AWP,WE,Federal Contract Tower,0,0,7,0,7,0,0,213,0,213,0,0,220,0,220,342,0,342,562
07/01/2020,RNM,CA,AWP,WE,Federal Contract Tower,0,0,8,0,8,0,0,104,2,106,0,0,112,2,114,230,0,230,344
07/02/2020,RNM,CA,AWP,WE,Federal Contract Tower,0,0,8,0,8,0,0,148,0,148,0,0,156,0,156,366,0,366,522
07/03/2020,RNM,CA,AWP,WE,Federal Contract Tower,0,0,1,0,1,0,0,212,0,212,0,0,213,0,213,346,0,346,559
07/04/2020,RNM,CA,AWP,WE,Federal Contract Tower,0,0,2,0,2,0,0,112,0,112,0,0,114,0,114,126,0,126,240
07/05/2020,RNM,CA,AWP,WE,Federal Contract Tower,0,0,2,0,2,0,0,113,0,113,0,0,115,0,115,126,0,126,241
07/06/2020,RNM,CA,AWP,WE,Federal Contract Tower,0,0,5,0,5,0,0,141,0,141,0,0,146,0,146,272,0,272,418
07/07/2020,RNM,CA,AWP,WE,Federal Contract Tower,0,0,5,0,5,0,0,254,2,256,0,0,259,2,261,294,0,294,555
07/08/2020,RNM,CA,AWP,WE,Federal Contract Tower,0,0,5,0,5,0,0,178,8,186,0,0,183,8,191,432,14,446,637
07/09/2020,RNM,CA,AWP,WE,Federal Contract Tower,0,0,1,0,1,0,0,146,20,166,0,0,147,20,167,197,22,219,386
07/10/2020,RNM,CA,AWP,WE,Federal Contract Tower,0,0,3,0,3,0,0,159,2,161,0,0,162,2,164,266,0,266,430
07/11/2020,RNM,CA,AWP,WE,Federal Contract Tower,0,0,1,0,1,0,0,144,0,144,0,0,145,0,145,164,0,164,309
07/12/2020,RNM,CA,AWP,WE,Federal Contract Tower,0,1,1,0,2,0,0,121,0,121,0,1,122,0,123,173,0,173,296
07/13/2020,RNM,CA,AWP,WE,Federal Contract Tower,0,1,1,0,2,0,0,139,6,145,0,1,140,6,147,266,0,266,413
07/14/2020,RNM,CA,AWP,WE,Federal Contract Tower,0,0,5,0,5,0,0,224,0,224,0,0,229,0,229,334,0,334,563
07/15/2020,RNM,CA,AWP,WE,Federal Contract Tower,0,1,8,0,9,0,0,228,6,234,0,1,236,6,243,456,22,478,721
07/16/2020,RNM,CA,AWP,WE,Federal Contract Tower,0,0,3,0,3,0,0,261,0,261,0,0,264,0,264,496,0,496,760
07/17/2020,RNM,CA,AWP,WE,Federal Contract Tower,0,0,4,0,4,0,0,206,2,208,0,0,210,2,212,322,18,340,552
07/18/2020,RNM,CA,AWP,WE,Federal Contract Tower,0,0,5,0,5,0,0,184,0,184,0,0,189,0,189,265,0,265,454
07/19/2020,RNM,CA,AWP,WE,Federal Contract Tower,0,2,1,0,3,0,0,154,0,154,0,2,155,0,157,280,0,280,437
07/20/2020,RNM,CA,AWP,WE,Federal Contract Tower,0,2,4,0,6,0,0,184,2,186,0,2,188,2,192,338,0,338,530
07/21/2020,RNM,CA,AWP,WE,Federal Contract Tower,0,1,7,0,8,0,0,215,0,215,0,1,222,0,223,406,0,406,629
07/22/2020,RNM,CA,AWP,WE,Federal Contract Tower,0,3,11,0,14,0,0,196,0,196,0,3,207,0,210,424,0,424,634
07/23/2020,RNM,CA,AWP,WE,Federal Contract Tower,0,0,6,0,6,0,0,193,4,197,0,0,199,4,203,402,0,402,605
07/24/2020,RNM,CA,AWP,WE,Federal Contract Tower,0,0,9,0,9,0,0,304,4,308,0,0,313,4,317,448,0,448,765
07/25/2020,RNM,CA,AWP,WE,Federal Contract Tower,0,0,6,0,6,0,0,183,2,185,0,0,189,2,191,356,0,356,547
07/26/2020,RNM,CA,AWP,WE,Federal Contract Tower,0,0,12,0,12,0,0,144,0,144,0,0,156,0,156,280,0,280,436
07/27/2020,RNM,CA,AWP,WE,Federal Contract Tower,0,0,5,0,5,0,0,125,2,127,0,0,130,2,132,238,0,238,370
07/28/2020,RNM,CA,AWP,WE,Federal Contract Tower,0,0,10,0,10,0,0,263,0,263,0,0,273,0,273,557,0,557,830
07/29/2020,RNM,CA,AWP,WE,Federal Contract Tower,0,0,4,0,4,0,0,275,0,275,0,0,279,0,279,0,426,426,705
07/30/2020,RNM,CA,AWP,WE,Federal Contract Tower,0,0,7,0,7,0,0,311,0,311,0,0,318,0,318,490,0,490,808
07/31/2020,RNM,CA,AWP,WE,Federal Contract Tower,0,0,1,0,1,0,0,214,0,214,0,0,215,0,215,370,0,370,585
08/01/2020,RNM,CA,AWP,WE,Federal Contract Tower,0,0,2,0,2,0,0,189,0,189,0,0,191,0,191,370,0,370,561
08/02/2020,RNM,CA,AWP,WE,Federal Contract Tower,0,0,9,0,9,0,0,136,0,136,0,0,145,0,145,314,0,314,459
08/03/2020,RNM,CA,AWP,WE,Federal Contract Tower,0,0,3,0,3,0,0,155,2,157,0,0,158,2,160,308,0,308,468
08/04/2020,RNM,CA,AWP,WE,Federal Contract Tower,0,0,6,0,6,0,0,198,0,198,0,0,204,0,204,428,0,428,632
08/05/2020,RNM,CA,AWP,WE,Federal Contract Tower,0,0,2,0,2,0,0,203,4,207,0,0,205,4,209,386,0,386,595
08/06/2020,RNM,CA,AWP,WE,Federal Contract Tower,0,0,5,0,5,0,0,239,0,239,0,0,244,0,244,406,0,406,650
08/07/2020,RNM,CA,AWP,WE,Federal Contract Tower,0,0,10,0,10,0,0,308,4,312,0,0,318,4,322,636,4,640,962
08/08/2020,RNM,CA,AWP,WE,Federal Contract Tower,0,1,6,0,7,0,0,221,2,223,0,1,227,2,230,318,22,340,570
08/09/2020,RNM,CA,AWP,WE,Federal Contract Tower,0,1,3,0,4,0,0,160,2,162,0,1,163,2,166,268,8,276,442
08/10/2020,RNM,CA,AWP,WE,Federal Contract Tower,0,0,6,0,6,0,0,146,0,146,0,0,152,0,152,270,0,270,422
08/11/2020,RNM,CA,AWP,WE,Federal Contract Tower,0,2,1,0,3,0,4,220,0,224,0,6,221,0,227,428,0,428,655
08/12/2020,RNM,CA,AWP,WE,Federal Contract Tower,0,0,2,0,2,0,0,215,0,215,0,0,217,0,217,396,0,396,613
08/13/2020,RNM,CA,AWP,WE,Federal Contract Tower,0,0,5,0,5,0,0,168,0,168,0,0,173,0,173,395,0,395,568
08/14/2020,RNM,CA,AWP,WE,Federal Contract Tower,0,0,4,0,4,0,0,181,4,185,0,0,185,4,189,260,4,264,453
08/15/2020,RNM,CA,AWP,WE,Federal Contract Tower,0,0,1,0,1,0,0,130,2,132,0,0,131,2,133,223,20,243,376
08/16/2020,RNM,CA,AWP,WE,Federal Contract Tower,0,0,6,0,6,0,0,173,0,173,0,0,179,0,179,289,0,289,468
08/17/2020,RNM,CA,AWP,WE,Federal Contract Tower,0,0,2,0,2,0,0,132,10,142,0,0,134,10,144,290,0,290,434
08/18/2020,RNM,CA,AWP,WE,Federal Contract Tower,0,0,5,0,5,0,0,84,2,86,0,0,89,2,91,325,0,325,416
08/19/2020,RNM,CA,AWP,WE,Federal Contract Tower,0,0,4,0,4,0,0,132,0,132,0,0,136,0,136,295,0,295,431
08/20/2020,RNM,CA,AWP,WE,Federal Contract Tower,0,0,4,0,4,0,0,145,2,147,0,0,149,2,151,301,2,303,454
08/21/2020,RNM,CA,AWP,WE,Federal Contract Tower,0,0,8,0,8,0,0,123,0,123,0,0,131,0,131,238,0,238,369
08/22/2020,RNM,CA,AWP,WE,Federal Contract Tower,0,2,3,0,5,0,0,205,2,207,0,2,208,2,212,275,12,287,499
08/23/2020,RNM,CA,AWP,WE,Federal Contract Tower,0,0,4,0,4,0,0,97,0,97,0,0,101,0,101,237,0,237,338
08/24/2020,RNM,CA,AWP,WE,Federal Contract Tower,0,0,9,0,9,0,0,127,0,127,0,0,136,0,136,332,0,332,468
08/25/2020,RNM,CA,AWP,WE,Federal Contract Tower,0,0,3,0,3,0,0,178,2,180,0,0,181,2,183,454,0,454,637
08/26/2020,RNM,CA,AWP,WE,Federal Contract Tower,0,0,13,0,13,0,0,219,4,223,0,0,232,4,236,434,0,434,670
08/27/2020,RNM,CA,AWP,WE,Federal Contract Tower,0,0,2,0,2,0,0,172,0,172,0,0,174,0,174,334,0,334,508
08/28/2020,RNM,CA,AWP,WE,Federal Contract Tower,0,0,4,0,4,0,0,218,0,218,0,0,222,0,222,332,0,332,554
08/29/2020,RNM,CA,AWP,WE,Federal Contract Tower,0,0,2,0,2,0,0,195,0,195,0,0,197,0,197,416,0,416,613
08/30/2020,RNM,CA,AWP,WE,Federal Contract Tower,0,0,3,0,3,0,0,98,0,98,0,0,101,0,101,274,0,274,375
08/31/2020,RNM,CA,AWP,WE,Federal Contract Tower,0,0,6,0,6,0,0,101,5,106,0,0,107,5,112,386,0,386,498
09/01/2020,RNM,CA,AWP,WE,Federal Contract Tower,0,0,8,0,8,0,0,188,6,194,0,0,196,6,202,294,0,294,496
09/02/2020,RNM,CA,AWP,WE,Federal Contract Tower,0,0,4,0,4,0,0,219,4,223,0,0,223,4,227,477,0,477,704
09/03/2020,RNM,CA,AWP,WE,Federal Contract Tower,0,0,3,0,3,0,0,0,0,0,0,0,3,0,3,328,0,328,331
09/04/2020,RNM,CA,AWP,WE,Federal Contract Tower,0,0,7,0,7,0,0,188,2,190,0,0,195,2,197,370,8,378,575
09/05/2020,RNM,CA,AWP,WE,Federal Contract Tower,0,0,3,0,3,0,0,198,0,198,0,0,201,0,201,172,0,172,373
09/06/2020,RNM,CA,AWP,WE,Federal Contract Tower,0,0,0,0,0,0,0,154,0,154,0,0,154,0,154,34,1,35,189
09/07/2020,RNM,CA,AWP,WE,Federal Contract Tower,0,0,3,0,3,0,0,139,0,139,0,0,142,0,142,130,0,130,272
09/08/2020,RNM,CA,AWP,WE,Federal Contract Tower,0,0,8,0,8,0,0,105,0,105,0,0,113,0,113,170,0,170,283
09/09/2020,RNM,CA,AWP,WE,Federal Contract Tower,0,0,4,0,4,0,0,134,0,134,0,0,138,0,138,254,0,254,392
09/10/2020,RNM,CA,AWP,WE,Federal Contract Tower,0,0,13,0,13,0,0,205,0,205,0,0,218,0,218,268,0,268,486
09/11/2020,RNM,CA,AWP,WE,Federal Contract Tower,0,0,11,0,11,0,0,176,0,176,0,0,187,0,187,394,0,394,581
09/12/2020,RNM,CA,AWP,WE,Federal Contract Tower,0,0,5,0,5,0,0,119,0,119,0,0,124,0,124,233,0,233,357
09/13/2020,RNM,CA,AWP,WE,Federal Contract Tower,0,0,8,0,8,0,0,89,0,89,0,0,97,0,97,302,0,302,399
09/14/2020,RNM,CA,AWP,WE,Federal Contract Tower,0,0,4,0,4,0,0,94,6,100,0,0,98,6,104,266,0,266,370
09/15/2020,RNM,CA,AWP,WE,Federal Contract Tower,0,0,8,0,8,0,0,125,0,125,0,0,133,0,133,176,0,176,309
09/16/2020,RNM,CA,AWP,WE,Federal Contract Tower,0,2,6,0,8,0,0,107,0,107,0,2,113,0,115,191,0,191,306
09/17/2020,RNM,CA,AWP,WE,Federal Contract Tower,0,0,6,0,6,0,0,125,0,125,0,0,131,0,131,342,1,343,474
09/18/2020,RNM,CA,AWP,WE,Federal Contract Tower,0,0,4,0,4,0,0,103,0,103,0,0,107,0,107,230,0,230,337
09/19/2020,RNM,CA,AWP,WE,Federal Contract Tower,0,2,1,0,3,0,0,96,0,96,0,2,97,0,99,209,0,209,308
09/20/2020,RNM,CA,AWP,WE,Federal Contract Tower,0,0,3,0,3,0,0,111,0,111,0,0,114,0,114,190,0,190,304
09/21/2020,RNM,CA,AWP,WE,Federal Contract Tower,0,0,6,0,6,0,0,125,4,129,0,0,131,4,135,266,0,266,401
09/22/2020,RNM,CA,AWP,WE,Federal Contract Tower,0,0,9,0,9,0,0,186,6,192,0,0,195,6,201,316,24,340,541
09/23/2020,RNM,CA,AWP,WE,Federal Contract Tower,0,0,8,0,8,0,0,201,2,203,0,0,209,2,211,384,0,384,595
09/24/2020,RNM,CA,AWP,WE,Federal Contract Tower,0,0,4,0,4,0,0,194,2,196,0,0,198,2,200,354,0,354,554
09/25/2020,RNM,CA,AWP,WE,Federal Contract Tower,0,0,7,0,7,0,0,223,2,225,0,0,230,2,232,528,0,528,760
09/26/2020,RNM,CA,AWP,WE,Federal Contract Tower,0,0,2,0,2,0,0,144,0,144,0,0,146,0,146,288,0,288,434
09/27/2020,RNM,CA,AWP,WE,Federal Contract Tower,0,0,10,0,10,0,0,173,0,173,0,0,183,0,183,181,0,181,364
09/28/2020,RNM,CA,AWP,WE,Federal Contract Tower,0,0,7,0,7,0,0,126,2,128,0,0,133,2,135,202,0,202,337
09/29/2020,RNM,CA,AWP,WE,Federal Contract Tower,0,0,3,0,3,0,0,142,0,142,0,0,145,0,145,240,2,242,387
09/30/2020,RNM,CA,AWP,WE,Federal Contract Tower,0,0,3,0,3,0,0,137,0,137,0,0,140,0,140,246,0,246,386
10/01/2020,RNM,CA,AWP,WE,Federal Contract Tower,0,2,4,0,6,0,0,142,0,142,0,2,146,0,148,288,0,288,436
10/02/2020,RNM,CA,AWP,WE,Federal Contract Tower,0,0,3,0,3,0,0,179,2,181,0,0,182,2,184,466,0,466,650
10/03/2020,RNM,CA,AWP,WE,Federal Contract Tower,0,0,8,0,8,0,0,126,0,126,0,0,134,0,134,234,0,234,368
10/04/2020,RNM,CA,AWP,WE,Federal Contract Tower,0,0,6,0,6,0,0,87,0,87,0,0,93,0,93,118,0,118,211
10/05/2020,RNM,CA,AWP,WE,Federal Contract Tower,0,2,8,0,10,0,0,116,0,116,0,2,124,0,126,208,0,208,334
10/06/2020,RNM,CA,AWP,WE,Federal Contract Tower,0,0,12,0,12,0,0,113,2,115,0,0,125,2,127,161,2,163,290
10/07/2020,RNM,CA,AWP,WE,Federal Contract Tower,0,0,10,0,10,0,0,134,2,136,0,0,144,2,146,366,0,366,512
10/08/2020,RNM,CA,AWP,WE,Federal Contract Tower,0,0,19,0,19,0,0,99,0,99,0,0,118,0,118,430,0,430,548
10/09/2020,RNM,CA,AWP,WE,Federal Contract Tower,0,0,21,0,21,0,0,97,2,99,0,0,118,2,120,229,0,229,349
10/10/2020,RNM,CA,AWP,WE,Federal Contract Tower,0,0,8,0,8,0,0,99,0,99,0,0,107,0,107,256,0,256,363
10/11/2020,RNM,CA,AWP,WE,Federal Contract Tower,0,0,7,0,7,0,0,99,2,101,0,0,106,2,108,164,0,164,272
10/12/2020,RNM,CA,AWP,WE,Federal Contract Tower,0,0,3,0,3,0,0,116,2,118,0,0,119,2,121,323,6,329,450
10/13/2020,RNM,CA,AWP,WE,Federal Contract Tower,0,0,10,0,10,0,0,149,0,149,0,0,159,0,159,250,0,250,409
10/14/2020,RNM,CA,AWP,WE,Federal Contract Tower,0,0,7,0,7,0,0,156,0,156,0,0,163,0,163,342,0,342,505
10/15/2020,RNM,CA,AWP,WE,Federal Contract Tower,0,0,8,0,8,0,0,148,0,148,0,0,156,0,156,332,0,332,488
10/16/2020,RNM,CA,AWP,WE,Federal Contract Tower,0,0,4,0,4,0,0,136,2,138,0,0,140,2,142,333,0,333,475
10/17/2020,RNM,CA,AWP,WE,Federal Contract Tower,0,0,5,0,5,0,0,159,0,159,0,0,164,0,164,337,0,337,501
10/18/2020,RNM,CA,AWP,WE,Federal Contract Tower,0,0,9,0,9,0,0,117,0,117,0,0,126,0,126,240,0,240,366
10/19/2020,RNM,CA,AWP,WE,Federal Contract Tower,0,2,7,0,9,0,0,121,0,121,0,2,128,0,130,178,0,178,308
10/20/2020,RNM,CA,AWP,WE,Federal Contract Tower,0,0,4,0,4,0,0,110,0,110,0,0,114,0,114,234,0,234,348
10/21/2020,RNM,CA,AWP,WE,Federal Contract Tower,0,0,7,0,7,0,0,111,0,111,0,0,118,0,118,230,0,230,348
10/22/2020,RNM,CA,AWP,WE,Federal Contract Tower,0,0,18,0,18,0,0,125,0,125,0,0,143,0,143,292,0,292,435
10/23/2020,RNM,CA,AWP,WE,Federal Contract Tower,0,2,14,0,16,0,0,102,0,102,0,2,116,0,118,222,0,222,340
10/24/2020,RNM,CA,AWP,WE,Federal Contract Tower,0,0,5,0,5,0,0,44,0,44,0,0,49,0,49,162,0,162,211
10/25/2020,RNM,CA,AWP,WE,Federal Contract Tower,0,0,4,0,4,0,0,7,0,7,0,0,11,0,11,10,0,10,21
10/26/2020,RNM,CA,AWP,WE,Federal Contract Tower,0,0,3,0,3,0,0,51,0,51,0,0,54,0,54,59,0,59,113
10/27/2020,RNM,CA,AWP,WE,Federal Contract Tower,0,0,3,0,3,0,0,90,2,92,0,0,93,2,95,202,6,208,303
10/28/2020,RNM,CA,AWP,WE,Federal Contract Tower,0,0,6,0,6,0,0,213,0,213,0,0,219,0,219,324,0,324,543
10/29/2020,RNM,CA,AWP,WE,Federal Contract Tower,0,0,7,0,7,0,0,189,6,195,0,0,196,6,202,272,10,282,484
10/30/2020,RNM,CA,AWP,WE,Federal Contract Tower,0,0,5,0,5,0,0,180,4,184,0,0,185,4,189,302,0,302,491
10/31/2020,RNM,CA,AWP,WE,Federal Contract Tower,0,0,4,0,4,0,0,153,0,153,0,0,157,0,157,214,0,214,371
11/01/2020,RNM,CA,AWP,WE,Federal Contract Tower,0,0,3,0,3,0,0,132,0,132,0,0,135,0,135,176,0,176,311
11/02/2020,RNM,CA,AWP,WE,Federal Contract Tower,0,0,7,0,7,0,0,126,0,126,0,0,133,0,133,308,0,308,441
11/03/2020,RNM,CA,AWP,WE,Federal Contract Tower,0,0,2,0,2,0,0,130,0,130,0,0,132,0,132,292,0,292,424
11/04/2020,RNM,CA,AWP,WE,Federal Contract Tower,0,2,5,0,7,0,0,115,0,115,0,2,120,0,122,280,0,280,402
11/05/2020,RNM,CA,AWP,WE,Federal Contract Tower,0,0,5,0,5,0,0,126,2,128,0,0,131,2,133,252,0,252,385
11/06/2020,RNM,CA,AWP,WE,Federal Contract Tower,0,0,10,0,10,0,0,108,0,108,0,0,118,0,118,248,0,248,366
11/07/2020,RNM,CA,AWP,WE,Federal Contract Tower,0,0,1,0,1,0,0,0,0,0,0,0,1,0,1,0,0,0,1
11/08/2020,RNM,CA,AWP,WE,Federal Contract Tower,0,0,2,0,2,0,0,0,0,0,0,0,2,0,2,0,0,0,2
11/09/2020,RNM,CA,AWP,WE,Federal Contract Tower,0,2,8,0,10,0,0,127,0,127,0,2,135,0,137,300,0,300,437
11/10/2020,RNM,CA,AWP,WE,Federal Contract Tower,0,0,4,0,4,0,0,123,0,123,0,0,127,0,127,348,0,348,475
11/11/2020,RNM,CA,AWP,WE,Federal Contract Tower,0,0,4,0,4,0,0,172,0,172,0,0,176,0,176,536,0,536,712
11/12/2020,RNM,CA,AWP,WE,Federal Contract Tower,0,0,4,0,4,0,0,159,0,159,0,0,163,0,163,664,0,664,827
11/13/2020,RNM,CA,AWP,WE,Federal Contract Tower,0,0,7,0,7,0,0,133,2,135,0,0,140,2,142,366,0,366,508
11/14/2020,RNM,CA,AWP,WE,Federal Contract Tower,0,0,5,0,5,0,0,147,0,147,0,0,152,0,152,350,0,350,502
11/15/2020,RNM,CA,AWP,WE,Federal Contract Tower,0,0,5,0,5,0,0,163,0,163,0,0,168,0,168,241,0,241,409
11/16/2020,RNM,CA,AWP,WE,Federal Contract Tower,0,2,4,0,6,0,0,122,4,126,0,2,126,4,132,256,0,256,388
11/17/2020,RNM,CA,AWP,WE,Federal Contract Tower,0,0,8,0,8,0,0,154,8,162,0,0,162,8,170,400,0,400,570
11/18/2020,RNM,CA,AWP,WE,Federal Contract Tower,0,2,8,0,10,0,0,180,0,180,0,2,188,0,190,588,0,588,778
11/19/2020,RNM,CA,AWP,WE,Federal Contract Tower,0,0,6,0,6,0,0,165,2,167,0,0,171,2,173,540,0,540,713
11/20/2020,RNM,CA,AWP,WE,Federal Contract Tower,0,0,10,0,10,0,0,136,7,143,0,0,146,7,153,512,4,516,669
11/21/2020,RNM,CA,AWP,WE,Federal Contract Tower,0,0,7,0,7,0,0,137,0,137,0,0,144,0,144,300,0,300,444
11/22/2020,RNM,CA,AWP,WE,Federal Contract Tower,0,0,6,0,6,0,0,116,0,116,0,0,122,0,122,276,0,276,398
11/23/2020,RNM,CA,AWP,WE,Federal Contract Tower,0,0,8,0,8,0,0,110,0,110,0,0,118,0,118,406,0,406,524
11/24/2020,RNM,CA,AWP,WE,Federal Contract Tower,0,0,4,0,4,0,0,176,2,178,0,0,180,2,182,472,0,472,654
11/25/2020,RNM,CA,AWP,WE,Federal Contract Tower,0,1,1,0,2,0,0,162,4,166,0,1,163,4,168,538,0,538,706
11/26/2020,RNM,CA,AWP,WE,Federal Contract Tower,0,1,1,0,2,0,0,43,0,43,0,1,44,0,45,102,0,102,147
11/27/2020,RNM,CA,AWP,WE,Federal Contract Tower,0,0,3,0,3,0,0,67,0,67,0,0,70,0,70,136,0,136,206
11/28/2020,RNM,CA,AWP,WE,Federal Contract Tower,0,0,7,0,7,0,0,126,0,126,0,0,133,0,133,250,0,250,383
11/29/2020,RNM,CA,AWP,WE,Federal Contract Tower,0,2,1,0,3,0,0,121,0,121,0,2,122,0,124,191,0,191,315
11/30/2020,RNM,CA,AWP,WE,Federal Contract Tower,0,0,4,0,4,0,0,138,2,140,0,0,142,2,144,300,0,300,444
12/01/2020,RNM,CA,AWP,WE,Federal Contract Tower,0,0,2,0,2,0,0,123,0,123,0,0,125,0,125,156,0,156,281
12/02/2020,RNM,CA,AWP,WE,Federal Contract Tower,0,0,3,0,3,0,0,146,6,152,0,0,149,6,155,302,12,314,469
12/03/2020,RNM,CA,AWP,WE,Federal Contract Tower,0,0,0,0,0,0,0,34,2,36,0,0,34,2,36,46,0,46,82
12/04/2020,RNM,CA,AWP,WE,Federal Contract Tower,0,2,3,0,5,0,0,132,0,132,0,2,135,0,137,362,0,362,499
12/06/2020,RNM,CA,AWP,WE,Federal Contract Tower,0,2,1,0,3,0,0,177,0,177,0,2,178,0,180,285,0,285,465
12/07/2020,RNM,CA,AWP,WE,Federal Contract Tower,0,0,0,0,0,0,0,71,4,75,0,0,71,4,75,208,0,208,283
12/08/2020,RNM,CA,AWP,WE,Federal Contract Tower,0,0,0,0,0,0,0,39,0,39,0,0,39,0,39,78,0,78,117
12/09/2020,RNM,CA,AWP,WE,Federal Contract Tower,0,0,0,0,0,0,0,172,2,174,0,0,172,2,174,456,0,456,630
12/10/2020,RNM,CA,AWP,WE,Federal Contract Tower,0,0,21,0,21,0,0,111,0,111,0,0,132,0,132,294,0,294,426
12/11/2020,RNM,CA,AWP,WE,Federal Contract Tower,0,0,9,0,9,0,0,100,2,102,0,0,109,2,111,306,0,306,417
12/12/2020,RNM,CA,AWP,WE,Federal Contract Tower,0,0,14,0,14,0,0,12,0,12,0,0,26,0,26,8,0,8,34
12/13/2020,RNM,CA,AWP,WE,Federal Contract Tower,0,0,3,0,3,0,0,158,0,158,0,0,161,0,161,264,0,264,425
12/14/2020,RNM,CA,AWP,WE,Federal Contract Tower,0,0,4,0,4,0,0,53,0,53,0,0,57,0,57,258,0,258,315
12/15/2020,RNM,CA,AWP,WE,Federal Contract Tower,0,0,0,0,0,0,0,119,0,119,0,0,119,0,119,287,0,287,406
12/16/2020,RNM,CA,AWP,WE,Federal Contract Tower,0,0,3,0,3,0,0,164,0,164,0,0,167,0,167,370,0,370,537
12/17/2020,RNM,CA,AWP,WE,Federal Contract Tower,0,0,20,0,20,0,0,90,2,92,0,0,110,2,112,232,0,232,344
12/18/2020,RNM,CA,AWP,WE,Federal Contract Tower,0,0,1,0,1,0,0,158,0,158,0,0,159,0,159,410,0,410,569
12/19/2020,RNM,CA,AWP,WE,Federal Contract Tower,0,0,4,0,4,0,0,127,0,127,0,0,131,0,131,234,0,234,365
12/20/2020,RNM,CA,AWP,WE,Federal Contract Tower,0,0,1,0,1,0,0,131,0,131,0,0,132,0,132,230,0,230,362
12/21/2020,RNM,CA,AWP,WE,Federal Contract Tower,0,0,3,0,3,0,0,119,0,119,0,0,122,0,122,411,0,411,533
12/22/2020,RNM,CA,AWP,WE,Federal Contract Tower,0,2,1,0,3,0,0,136,0,136,0,2,137,0,139,368,0,368,507
12/23/2020,RNM,CA,AWP,WE,Federal Contract Tower,0,0,1,0,1,0,0,71,0,71,0,0,72,0,72,112,0,112,184
12/24/2020,RNM,CA,AWP,WE,Federal Contract Tower,0,0,0,0,0,0,0,40,0,40,0,0,40,0,40,50,0,50,90
12/25/2020,RNM,CA,AWP,WE,Federal Contract Tower,0,0,0,0,0,0,0,40,0,40,0,0,40,0,40,50,0,50,90
12/26/2020,RNM,CA,AWP,WE,Federal Contract Tower,0,0,2,0,2,0,0,149,0,149,0,0,151,0,151,264,0,264,415
12/27/2020,RNM,CA,AWP,WE,Federal Contract Tower,0,2,3,0,5,0,0,38,0,38,0,2,41,0,43,46,0,46,89
12/28/2020,RNM,CA,AWP,WE,Federal Contract Tower,0,0,1,0,1,0,0,0,2,2,0,0,1,2,3,0,0,0,3
12/29/2020,RNM,CA,AWP,WE,Federal Contract Tower,0,0,2,0,2,0,0,87,0,87,0,0,89,0,89,230,0,230,319
12/30/2020,RNM,CA,AWP,WE,Federal Contract Tower,0,0,0,0,0,0,0,148,11,159,0,0,148,11,159,316,0,316,475
12/31/2020,RNM,CA,AWP,WE,Federal Contract Tower,0,0,3,0,3,0,0,64,0,64,0,0,67,0,67,162,0,162,229
01/01/2021,RNM,CA,AWP,WE,Federal Contract Tower,0,0,1,0,1,0,0,80,0,80,0,0,81,0,81,128,0,128,209
01/02/2021,RNM,CA,AWP,WE,Federal Contract Tower,0,0,4,0,4,0,0,155,0,155,0,0,159,0,159,248,0,248,407
01/03/2021,RNM,CA,AWP,WE,Federal Contract Tower,0,0,3,0,3,0,0,93,0,93,0,0,96,0,96,185,0,185,281
01/05/2021,RNM,CA,AWP,WE,Federal Contract Tower,0,1,4,0,5,0,0,91,0,91,0,1,95,0,96,306,0,306,402
01/06/2021,RNM,CA,AWP,WE,Federal Contract Tower,0,0,7,0,7,0,0,137,4,141,0,0,144,4,148,410,0,410,558
01/07/2021,RNM,CA,AWP,WE,Federal Contract Tower,0,0,3,0,3,0,0,156,0,156,0,0,159,0,159,450,0,450,609
01/08/2021,RNM,CA,AWP,WE,Federal Contract Tower,0,0,3,0,3,0,0,165,0,165,0,0,168,0,168,10,0,10,178
01/09/2021,RNM,CA,AWP,WE,Federal Contract Tower,0,0,1,0,1,0,0,120,0,120,0,0,121,0,121,232,0,232,353
01/10/2021,RNM,CA,AWP,WE,Federal Contract Tower,0,0,7,0,7,0,0,141,0,141,0,0,148,0,148,180,0,180,328
01/11/2021,RNM,CA,AWP,WE,Federal Contract Tower,0,1,1,0,2,0,0,117,2,119,0,1,118,2,121,188,0,188,309
01/12/2021,RNM,CA,AWP,WE,Federal Contract Tower,0,1,2,0,3,0,0,125,0,125,0,1,127,0,128,288,0,288,416
01/13/2021,RNM,CA,AWP,WE,Federal Contract Tower,0,0,5,0,5,0,0,128,2,130,0,0,133,2,135,300,14,314,449
01/14/2021,RNM,CA,AWP,WE,Federal Contract Tower,0,0,2,0,2,0,0,147,0,147,0,0,149,0,149,363,0,363,512
01/15/2021,RNM,CA,AWP,WE,Federal Contract Tower,0,0,0,0,0,0,0,105,0,105,0,0,105,0,105,344,0,344,449
01/16/2021,RNM,CA,AWP,WE,Federal Contract Tower,0,0,3,0,3,0,0,148,0,148,0,0,151,0,151,278,0,278,429
01/17/2021,RNM,CA,AWP,WE,Federal Contract Tower,0,0,1,0,1,0,0,80,0,80,0,0,81,0,81,140,0,140,221
01/18/2021,RNM,CA,AWP,WE,Federal Contract Tower,0,0,4,0,4,0,0,135,0,135,0,0,139,0,139,404,0,404,543
01/19/2021,RNM,CA,AWP,WE,Federal Contract Tower,0,0,0,0,0,0,0,23,0,23,0,0,23,0,23,99,0,99,122
01/20/2021,RNM,CA,AWP,WE,Federal Contract Tower,0,0,0,0,0,0,0,35,4,39,0,0,35,4,39,138,0,138,177
01/21/2021,RNM,CA,AWP,WE,Federal Contract Tower,0,0,4,0,4,0,0,149,2,151,0,0,153,2,155,348,0,348,503
01/22/2021,RNM,CA,AWP,WE,Federal Contract Tower,0,0,19,0,19,0,0,15,0,15,0,0,34,0,34,18,0,18,52
01/23/2021,RNM,CA,AWP,WE,Federal Contract Tower,0,0,2,0,2,0,0,0,0,0,0,0,2,0,2,0,0,0,2
01/24/2021,RNM,CA,AWP,WE,Federal Contract Tower,0,2,15,0,17,0,0,38,0,38,0,2,53,0,55,188,0,188,243
01/25/2021,RNM,CA,AWP,WE,Federal Contract Tower,0,0,0,0,0,0,0,2,0,2,0,0,2,0,2,8,0,8,10
01/26/2021,RNM,CA,AWP,WE,Federal Contract Tower,0,0,3,0,3,0,0,143,4,147,0,0,146,4,150,234,0,234,384
01/27/2021,RNM,CA,AWP,WE,Federal Contract Tower,0,2,3,0,5,0,0,139,7,146,0,2,142,7,151,385,0,385,536
01/28/2021,RNM,CA,AWP,WE,Federal Contract Tower,0,0,3,0,3,0,0,122,0,122,0,0,125,0,125,366,0,366,491
01/29/2021,RNM,CA,AWP,WE,Federal Contract Tower,0,0,2,0,2,0,0,2,0,2,0,0,4,0,4,0,0,0,4
01/30/2021,RNM,CA,AWP,WE,Federal Contract Tower,0,1,6,0,7,0,0,189,0,189,0,1,195,0,196,367,0,367,563
01/31/2021,RNM,CA,AWP,WE,Federal Contract Tower,0,0,5,0,5,0,0,119,0,119,0,0,124,0,124,310,0,310,434
02/01/2021,RNM,CA,AWP,WE,Federal Contract Tower,0,2,1,0,3,0,0,113,0,113,0,2,114,0,116,407,0,407,523
02/02/2021,RNM,CA,AWP,WE,Federal Contract Tower,0,0,1,0,1,0,0,156,4,160,0,0,157,4,161,405,0,405,566
02/03/2021,RNM,CA,AWP,WE,Federal Contract Tower,0,1,12,0,13,0,0,120,0,120,0,1,132,0,133,441,0,441,574
02/04/2021,RNM,CA,AWP,WE,Federal Contract Tower,0,0,10,0,10,0,0,117,0,117,0,0,127,0,127,382,0,382,509
02/05/2021,RNM,CA,AWP,WE,Federal Contract Tower,0,0,6,0,6,0,0,206,6,212,0,0,212,6,218,492,0,492,710
02/06/2021,RNM,CA,AWP,WE,Federal Contract Tower,0,0,4,0,4,0,0,163,0,163,0,0,167,0,167,275,0,275,442
02/07/2021,RNM,CA,AWP,WE,Federal Contract Tower,0,0,2,0,2,0,0,137,0,137,0,0,139,0,139,244,0,244,383
02/08/2021,RNM,CA,AWP,WE,Federal Contract Tower,0,1,17,0,18,0,0,143,0,143,0,1,160,0,161,375,0,375,536
02/09/2021,RNM,CA,AWP,WE,Federal Contract Tower,0,2,12,0,14,0,0,37,2,39,0,2,49,2,53,268,0,268,321
02/10/2021,RNM,CA,AWP,WE,Federal Contract Tower,0,0,17,0,17,0,0,62,2,64,0,0,79,2,81,218,0,218,299
02/11/2021,RNM,CA,AWP,WE,Federal Contract Tower,0,0,3,0,3,0,0,177,0,177,0,0,180,0,180,398,0,398,578
02/12/2021,RNM,CA,AWP,WE,Federal Contract Tower,0,0,6,0,6,0,0,17,0,17,0,0,23,0,23,90,0,90,113
02/13/2021,RNM,CA,AWP,WE,Federal Contract Tower,0,0,8,0,8,0,0,54,0,54,0,0,62,0,62,152,0,152,214
02/14/2021,RNM,CA,AWP,WE,Federal Contract Tower,0,0,5,0,5,0,0,139,0,139,0,0,144,0,144,262,0,262,406
02/15/2021,RNM,CA,AWP,WE,Federal Contract Tower,0,0,13,0,13,0,0,138,2,140,0,0,151,2,153,266,0,266,419
02/16/2021,RNM,CA,AWP,WE,Federal Contract Tower,0,4,17,0,21,0,0,43,0,43,0,4,60,0,64,199,0,199,263
02/17/2021,RNM,CA,AWP,WE,Federal Contract Tower,0,0,10,0,10,0,0,205,0,205,0,0,215,0,215,354,0,354,569
02/18/2021,RNM,CA,AWP,WE,Federal Contract Tower,0,0,2,0,2,0,0,114,2,116,0,0,116,2,118,124,22,146,264
02/19/2021,RNM,CA,AWP,WE,Federal Contract Tower,0,0,4,0,4,0,0,215,0,215,0,0,219,0,219,404,0,404,623
02/20/2021,RNM,CA,AWP,WE,Federal Contract Tower,0,2,4,0,6,0,0,153,0,153,0,2,157,0,159,308,0,308,467
02/21/2021,RNM,CA,AWP,WE,Federal Contract Tower,0,1,0,0,1,0,0,49,0,49,0,1,49,0,50,44,0,44,94
02/22/2021,RNM,CA,AWP,WE,Federal Contract Tower,0,1,4,0,5,0,0,103,2,105,0,1,107,2,110,235,0,235,345
02/23/2021,RNM,CA,AWP,WE,Federal Contract Tower,0,0,5,0,5,0,0,176,2,178,0,0,181,2,183,406,0,406,589
02/24/2021,RNM,CA,AWP,WE,Federal Contract Tower,0,2,5,0,7,0,0,182,6,188,0,2,187,6,195,341,0,341,536
02/25/2021,RNM,CA,AWP,WE,Federal Contract Tower,0,1,1,0,2,0,0,102,0,102,0,1,103,0,104,202,0,202,306
02/26/2021,RNM,CA,AWP,WE,Federal Contract Tower,0,2,2,0,4,0,0,150,0,150,0,2,152,0,154,217,0,217,371
02/27/2021,RNM,CA,AWP,WE,Federal Contract Tower,0,1,2,0,3,0,0,163,0,163,0,1,165,0,166,238,0,238,404
02/28/2021,RNM,CA,AWP,WE,Federal Contract Tower,0,2,2,0,4,0,0,56,0,56,0,2,58,0,60,83,0,83,143
03/01/2021,RNM,CA,AWP,WE,Federal Contract Tower,0,0,3,0,3,0,0,113,0,113,0,0,116,0,116,193,0,193,309
03/02/2021,RNM,CA,AWP,WE,Federal Contract Tower,0,0,6,0,6,0,0,147,2,149,0,0,153,2,155,326,0,326,481
03/03/2021,RNM,CA,AWP,WE,Federal Contract Tower,0,0,1,0,1,0,0,17,0,17,0,0,18,0,18,20,0,20,38
03/04/2021,RNM,CA,AWP,WE,Federal Contract Tower,0,0,1,0,1,0,0,106,4,110,0,0,107,4,111,270,0,270,381
03/05/2021,RNM,CA,AWP,WE,Federal Contract Tower,0,0,2,0,2,0,0,150,0,150,0,0,152,0,152,272,0,272,424
03/06/2021,RNM,CA,AWP,WE,Federal Contract Tower,0,1,6,0,7,0,0,132,0,132,0,1,138,0,139,311,0,311,450
03/07/2021,RNM,CA,AWP,WE,Federal Contract Tower,0,1,9,0,10,0,0,62,0,62,0,1,71,0,72,121,0,121,193
03/08/2021,RNM,CA,AWP,WE,Federal Contract Tower,0,0,14,0,14,0,0,111,2,113,0,0,125,2,127,366,0,366,493
03/09/2021,RNM,CA,AWP,WE,Federal Contract Tower,0,0,15,0,15,0,0,52,0,52,0,0,67,0,67,138,0,138,205
03/10/2021,RNM,CA,AWP,WE,Federal Contract Tower,0,0,4,0,4,0,0,6,4,10,0,0,10,4,14,0,0,0,14
03/11/2021,RNM,CA,AWP,WE,Federal Contract Tower,0,0,4,0,4,0,0,25,2,27,0,0,29,2,31,34,0,34,65
03/12/2021,RNM,CA,AWP,WE,Federal Contract Tower,0,0,4,0,4,0,0,55,2,57,0,0,59,2,61,68,0,68,129
03/13/2021,RNM,CA,AWP,WE,Federal Contract Tower,0,0,5,0,5,0,0,45,0,45,0,0,50,0,50,88,0,88,138
03/14/2021,RNM,CA,AWP,WE,Federal Contract Tower,0,0,17,0,17,0,0,50,0,50,0,0,67,0,67,168,0,168,235
03/15/2021,RNM,CA,AWP,WE,Federal Contract Tower,0,0,2,0,2,0,0,0,0,0,0,0,2,0,2,0,0,0,2
03/16/2021,RNM,CA,AWP,WE,Federal Contract Tower,0,0,1,0,1,0,0,113,0,113,0,0,114,0,114,234,0,234,348
03/17/2021,RNM,CA,AWP,WE,Federal Contract Tower,0,0,1,1,2,0,0,206,0,206,0,0,207,1,208,396,0,396,604
03/18/2021,RNM,CA,AWP,WE,Federal Contract Tower,0,0,6,0,6,0,0,145,4,149,0,0,151,4,155,304,0,304,459
03/19/2021,RNM,CA,AWP,WE,Federal Contract Tower,0,1,7,0,8,0,0,188,0,188,0,1,195,0,196,311,0,311,507
03/20/2021,RNM,CA,AWP,WE,Federal Contract Tower,0,0,4,0,4,0,0,44,0,44,0,0,48,0,48,48,0,48,96
03/21/2021,RNM,CA,AWP,WE,Federal Contract Tower,0,0,5,0,5,0,0,109,0,109,0,0,114,0,114,228,0,228,342
03/22/2021,RNM,CA,AWP,WE,Federal Contract Tower,0,0,1,0,1,0,0,159,1,160,0,0,160,1,161,325,0,325,486
03/23/2021,RNM,CA,AWP,WE,Federal Contract Tower,0,0,5,0,5,0,0,27,2,29,0,0,32,2,34,104,0,104,138
03/24/2021,RNM,CA,AWP,WE,Federal Contract Tower,0,0,2,0,2,0,0,136,0,136,0,0,138,0,138,306,0,306,444
03/25/2021,RNM,CA,AWP,WE,Federal Contract Tower,0,0,8,0,8,0,0,14,2,16,0,0,22,2,24,56,0,56,80
03/26/2021,RNM,CA,AWP,WE,Federal Contract Tower,0,0,9,0,9,0,0,80,0,80,0,0,89,0,89,209,0,209,298
03/27/2021,RNM,CA,AWP,WE,Federal Contract Tower,0,0,4,0,4,0,0,174,0,174,0,0,178,0,178,306,0,306,484
03/28/2021,RNM,CA,AWP,WE,Federal Contract Tower,0,1,4,0,5,0,0,137,0,137,0,1,141,0,142,255,0,255,397
03/29/2021,RNM,CA,AWP,WE,Federal Contract Tower,0,1,4,0,5,0,0,171,2,173,0,1,175,2,178,355,0,355,533
03/30/2021,RNM,CA,AWP,WE,Federal Contract Tower,0,0,6,0,6,0,0,161,0,161,0,0,167,0,167,351,0,351,518
03/31/2021,RNM,CA,AWP,WE,Federal Contract Tower,0,2,0,1,3,0,0,102,2,104,0,2,102,3,107,153,0,153,260
04/01/2021,RNM,CA,AWP,WE,Federal Contract Tower,0,0,2,0,2,0,0,99,0,99,0,0,101,0,101,244,0,244,345
04/02/2021,RNM,CA,AWP,WE,Federal Contract Tower,0,0,6,0,6,0,0,93,0,93,0,0,99,0,99,302,0,302,401
04/03/2021,RNM,CA,AWP,WE,Federal Contract Tower,0,0,1,0,1,0,0,102,0,102,0,0,103,0,103,135,0,135,238
04/04/2021,RNM,CA,AWP,WE,Federal Contract Tower,0,0,0,0,0,0,0,79,0,79,0,0,79,0,79,153,0,153,232
04/05/2021,RNM,CA,AWP,WE,Federal Contract Tower,0,0,8,0,8,0,0,127,6,133,0,0,135,6,141,281,0,281,422
04/06/2021,RNM,CA,AWP,WE,Federal Contract Tower,0,0,5,0,5,0,0,132,4,136,0,0,137,4,141,250,0,250,391
04/07/2021,RNM,CA,AWP,WE,Federal Contract Tower,0,0,6,0,6,0,0,194,0,194,0,0,200,0,200,411,0,411,611
04/08/2021,RNM,CA,AWP,WE,Federal Contract Tower,0,0,6,0,6,0,0,146,0,146,0,0,152,0,152,305,0,305,457
04/09/2021,RNM,CA,AWP,WE,Federal Contract Tower,0,2,6,0,8,0,0,155,4,159,0,2,161,4,167,287,0,287,454
04/10/2021,RNM,CA,AWP,WE,Federal Contract Tower,0,0,7,0,7,0,2,120,2,124,0,2,127,2,131,245,0,245,376
04/11/2021,RNM,CA,AWP,WE,Federal Contract Tower,0,0,4,0,4,0,0,106,0,106,0,0,110,0,110,224,0,224,334
04/12/2021,RNM,CA,AWP,WE,Federal Contract Tower,0,0,13,0,13,0,0,108,4,112,0,0,121,4,125,198,0,198,323
04/13/2021,RNM,CA,AWP,WE,Federal Contract Tower,0,0,13,2,15,0,0,10,2,12,0,0,23,4,27,40,2,42,69
04/14/2021,RNM,CA,AWP,WE,Federal Contract Tower,0,0,18,0,18,0,0,79,6,85,0,0,97,6,103,202,16,218,321
04/15/2021,RNM,CA,AWP,WE,Federal Contract Tower,0,0,7,0,7,0,0,182,0,182,0,0,189,0,189,320,0,320,509
04/16/2021,RNM,CA,AWP,WE,Federal Contract Tower,0,0,5,0,5,0,0,128,0,128,0,0,133,0,133,242,0,242,375
04/17/2021,RNM,CA,AWP,WE,Federal Contract Tower,0,0,5,0,5,0,0,139,0,139,0,0,144,0,144,282,0,282,426
04/18/2021,RNM,CA,AWP,WE,Federal Contract Tower,0,0,1,0,1,0,0,67,0,67,0,0,68,0,68,63,0,63,131
04/19/2021,RNM,CA,AWP,WE,Federal Contract Tower,0,0,1,0,1,0,0,125,0,125,0,0,126,0,126,316,0,316,442
04/20/2021,RNM,CA,AWP,WE,Federal Contract Tower,0,1,2,0,3,0,0,126,2,128,0,1,128,2,131,370,0,370,501
04/21/2021,RNM,CA,AWP,WE,Federal Contract Tower,0,1,17,0,18,0,0,32,0,32,0,1,49,0,50,54,0,54,104
04/22/2021,RNM,CA,AWP,WE,Federal Contract Tower,0,0,18,0,18,0,0,8,0,8,0,0,26,0,26,24,0,24,50
04/23/2021,RNM,CA,AWP,WE,Federal Contract Tower,0,0,16,0,16,0,0,38,0,38,0,0,54,0,54,71,0,71,125
04/24/2021,RNM,CA,AWP,WE,Federal Contract Tower,0,0,16,0,16,0,0,86,0,86,0,0,102,0,102,130,0,130,232
04/25/2021,RNM,CA,AWP,WE,Federal Contract Tower,0,1,5,0,6,0,0,108,0,108,0,1,113,0,114,222,0,222,336
04/26/2021,RNM,CA,AWP,WE,Federal Contract Tower,0,1,1,0,2,0,0,9,0,9,0,1,10,0,11,38,0,38,49
04/27/2021,RNM,CA,AWP,WE,Federal Contract Tower,0,0,10,2,12,0,0,106,4,110,0,0,116,6,122,226,0,226,348
04/29/2021,RNM,CA,AWP,WE,Federal Contract Tower,0,1,4,0,5,0,0,168,4,172,0,1,172,4,177,310,0,310,487
04/30/2021,RNM,CA,AWP,WE,Federal Contract Tower,0,1,3,0,4,0,0,163,0,163,0,1,166,0,167,262,0,262,429
05/01/2021,RNM,CA,AWP,WE,Federal Contract Tower,0,0,14,0,14,0,0,269,0,269,0,0,283,0,283,186,0,186,469
05/02/2021,RNM,CA,AWP,WE,Federal Contract Tower,0,0,16,0,16,0,0,16,0,16,0,0,32,0,32,13,0,13,45
05/03/2021,RNM,CA,AWP,WE,Federal Contract Tower,0,0,6,0,6,0,0,110,0,110,0,0,116,0,116,229,0,229,345
05/04/2021,RNM,CA,AWP,WE,Federal Contract Tower,0,0,3,0,3,0,0,171,2,173,0,0,174,2,176,467,0,467,643
05/05/2021,RNM,CA,AWP,WE,Federal Contract Tower,0,0,3,0,3,0,0,133,0,133,0,0,136,0,136,308,0,308,444
05/06/2021,RNM,CA,AWP,WE,Federal Contract Tower,0,0,12,0,12,0,0,140,0,140,0,0,152,0,152,268,0,268,420
05/07/2021,RNM,CA,AWP,WE,Federal Contract Tower,0,0,8,0,8,0,0,113,0,113,0,0,121,0,121,200,0,200,321
05/08/2021,RNM,CA,AWP,WE,Federal Contract Tower,0,0,8,0,8,0,0,123,0,123,0,0,131,0,131,208,0,208,339
05/09/2021,RNM,CA,AWP,WE,Federal Contract Tower,0,0,6,0,6,0,0,45,0,45,0,0,51,0,51,112,0,112,163
05/10/2021,RNM,CA,AWP,WE,Federal Contract Tower,0,0,9,0,9,0,0,140,0,140,0,0,149,0,149,283,0,283,432
05/11/2021,RNM,CA,AWP,WE,Federal Contract Tower,0,0,7,0,7,0,0,130,2,132,0,0,137,2,139,225,0,225,364
05/12/2021,RNM,CA,AWP,WE,Federal Contract Tower,0,0,17,0,17,0,0,147,4,151,0,0,164,4,168,274,0,274,442
05/13/2021,RNM,CA,AWP,WE,Federal Contract Tower,0,0,8,0,8,0,0,122,2,124,0,0,130,2,132,310,2,312,444
05/14/2021,RNM,CA,AWP,WE,Federal Contract Tower,0,0,3,0,3,0,0,92,0,92,0,0,95,0,95,303,0,303,398
05/15/2021,RNM,CA,AWP,WE,Federal Contract Tower,0,0,15,0,15,0,0,111,0,111,0,0,126,0,126,191,0,191,317
05/16/2021,RNM,CA,AWP,WE,Federal Contract Tower,0,0,16,0,16,0,0,12,0,12,0,0,28,0,28,41,0,41,69
05/17/2021,RNM,CA,AWP,WE,Federal Contract Tower,0,0,18,0,18,0,0,32,0,32,0,0,50,0,50,98,0,98,148
05/18/2021,RNM,CA,AWP,WE,Federal Contract Tower,0,0,10,0,10,0,0,107,0,107,0,0,117,0,117,250,0,250,367
05/19/2021,RNM,CA,AWP,WE,Federal Contract Tower,0,0,13,0,13,0,0,141,0,141,0,0,154,0,154,252,0,252,406
05/20/2021,RNM,CA,AWP,WE,Federal Contract Tower,0,0,13,0,13,0,0,59,0,59,0,0,72,0,72,114,0,114,186
05/21/2021,RNM,CA,AWP,WE,Federal Contract Tower,0,0,12,0,12,0,0,55,0,55,0,0,67,0,67,112,0,112,179
05/22/2021,RNM,CA,AWP,WE,Federal Contract Tower,0,0,6,0,6,0,0,121,0,121,0,0,127,0,127,162,0,162,289
05/23/2021,RNM,CA,AWP,WE,Federal Contract Tower,0,0,3,0,3,0,0,183,0,183,0,0,186,0,186,258,0,258,444
05/24/2021,RNM,CA,AWP,WE,Federal Contract Tower,0,0,2,0,2,0,0,161,2,163,0,0,163,2,165,329,0,329,494
05/25/2021,RNM,CA,AWP,WE,Federal Contract Tower,0,1,5,0,6,0,0,211,2,213,0,1,216,2,219,304,0,304,523
05/26/2021,RNM,CA,AWP,WE,Federal Contract Tower,0,3,6,0,9,0,0,178,4,182,0,3,184,4,191,404,0,404,595
05/27/2021,RNM,CA,AWP,WE,Federal Contract Tower,0,0,2,0,2,0,0,193,0,193,0,0,195,0,195,397,0,397,592
05/28/2021,RNM,CA,AWP,WE,Federal Contract Tower,0,0,3,0,3,0,0,174,0,174,0,0,177,0,177,348,0,348,525
05/29/2021,RNM,CA,AWP,WE,Federal Contract Tower,0,0,10,0,10,0,0,90,0,90,0,0,100,0,100,223,0,223,323
05/30/2021,RNM,CA,AWP,WE,Federal Contract Tower,0,0,5,0,5,0,0,115,0,115,0,0,120,0,120,220,0,220,340
05/31/2021,RNM,CA,AWP,WE,Federal Contract Tower,0,0,8,0,8,0,0,120,0,120,0,0,128,0,128,156,0,156,284
06/01/2021,RNM,CA,AWP,WE,Federal Contract Tower,0,2,5,0,7,0,0,152,0,152,0,2,157,0,159,274,0,274,433
06/02/2021,RNM,CA,AWP,WE,Federal Contract Tower,0,2,14,0,16,0,0,136,2,138,0,2,150,2,154,356,0,356,510
06/03/2021,RNM,CA,AWP,WE,Federal Contract Tower,0,0,12,0,12,0,0,151,0,151,0,0,163,0,163,401,0,401,564
06/04/2021,RNM,CA,AWP,WE,Federal Contract Tower,0,0,10,0,10,0,0,181,0,181,0,0,191,0,191,416,2,418,609
06/05/2021,RNM,CA,AWP,WE,Federal Contract Tower,0,0,7,0,7,0,0,163,0,163,0,0,170,0,170,303,0,303,473
06/06/2021,RNM,CA,AWP,WE,Federal Contract Tower,0,0,12,0,12,0,0,109,0,109,0,0,121,0,121,222,0,222,343
06/07/2021,RNM,CA,AWP,WE,Federal Contract Tower,0,0,22,0,22,0,0,38,2,40,0,0,60,2,62,60,2,62,124
06/08/2021,RNM,CA,AWP,WE,Federal Contract Tower,0,0,10,0,10,0,0,155,2,157,0,0,165,2,167,353,0,353,520
06/09/2021,RNM,CA,AWP,WE,Federal Contract Tower,0,0,6,0,6,0,0,159,0,159,0,0,165,0,165,388,0,388,553
06/10/2021,RNM,CA,AWP,WE,Federal Contract Tower,0,0,1,0,1,0,0,175,2,177,0,0,176,2,178,332,0,332,510
06/11/2021,RNM,CA,AWP,WE,Federal Contract Tower,0,0,2,0,2,0,0,139,0,139,0,0,141,0,141,340,0,340,481
06/12/2021,RNM,CA,AWP,WE,Federal Contract Tower,0,0,2,0,2,0,0,150,0,150,0,0,152,0,152,263,0,263,415
06/13/2021,RNM,CA,AWP,WE,Federal Contract Tower,0,0,3,0,3,0,0,130,0,130,0,0,133,0,133,196,0,196,329
06/14/2021,RNM,CA,AWP,WE,Federal Contract Tower,0,1,3,0,4,0,0,119,2,121,0,1,122,2,125,242,6,248,373
06/15/2021,RNM,CA,AWP,WE,Federal Contract Tower,0,0,1,0,1,0,0,128,2,130,0,0,129,2,131,290,0,290,421
06/16/2021,RNM,CA,AWP,WE,Federal Contract Tower,0,0,16,0,16,0,0,123,2,125,0,0,139,2,141,182,24,206,347
06/17/2021,RNM,CA,AWP,WE,Federal Contract Tower,0,0,3,0,3,0,0,101,6,107,0,0,104,6,110,252,0,252,362
06/18/2021,RNM,CA,AWP,WE,Federal Contract Tower,0,0,10,0,10,0,0,140,0,140,0,0,150,0,150,315,0,315,465
06/19/2021,RNM,CA,AWP,WE,Federal Contract Tower,0,2,1,0,3,0,0,143,0,143,0,2,144,0,146,178,0,178,324
06/20/2021,RNM,CA,AWP,WE,Federal Contract Tower,0,0,5,0,5,0,0,222,0,222,0,0,227,0,227,151,0,151,378
06/21/2021,RNM,CA,AWP,WE,Federal Contract Tower,0,0,6,0,6,0,0,133,4,137,0,0,139,4,143,310,0,310,453
06/22/2021,RNM,CA,AWP,WE,Federal Contract Tower,0,2,15,0,17,0,0,136,2,138,0,2,151,2,155,308,6,314,469
06/23/2021,RNM,CA,AWP,WE,Federal Contract Tower,0,1,5,0,6,0,0,191,0,191,0,1,196,0,197,100,0,100,297
06/24/2021,RNM,CA,AWP,WE,Federal Contract Tower,0,0,12,0,12,0,0,136,2,138,0,0,148,2,150,334,0,334,484
06/25/2021,RNM,CA,AWP,WE,Federal Contract Tower,0,0,9,0,9,0,0,123,0,123,0,0,132,0,132,327,0,327,459
06/27/2021,RNM,CA,AWP,WE,Federal Contract Tower,0,0,6,0,6,0,0,104,0,104,0,0,110,0,110,196,0,196,306
06/28/2021,RNM,CA,AWP,WE,Federal Contract Tower,0,0,9,0,9,0,0,162,0,162,0,0,171,0,171,405,0,405,576
06/29/2021,RNM,CA,AWP,WE,Federal Contract Tower,0,0,20,2,22,0,0,108,1,109,0,0,128,3,131,266,0,266,397
06/30/2021,RNM,CA,AWP,WE,Federal Contract Tower,0,0,13,1,14,0,0,143,4,147,0,0,156,5,161,306,0,306,467
07/01/2021,RNM,CA,AWP,WE,Federal Contract Tower,0,2,5,0,7,0,0,135,2,137,0,2,140,2,144,272,0,272,416
07/02/2021,RNM,CA,AWP,WE,Federal Contract Tower,0,0,13,0,13,0,0,182,2,184,0,0,195,2,197,314,0,314,511
07/03/2021,RNM,CA,AWP,WE,Federal Contract Tower,0,0,5,0,5,0,0,146,0,146,0,0,151,0,151,191,0,191,342
07/04/2021,RNM,CA,AWP,WE,Federal Contract Tower,0,0,5,0,5,0,0,62,0,62,0,0,67,0,67,58,0,58,125
07/05/2021,RNM,CA,AWP,WE,Federal Contract Tower,0,0,9,0,9,0,0,111,0,111,0,0,120,0,120,206,0,206,326
07/06/2021,RNM,CA,AWP,WE,Federal Contract Tower,0,2,11,0,13,0,0,148,2,150,0,2,159,2,163,262,0,262,425
07/07/2021,RNM,CA,AWP,WE,Federal Contract Tower,0,0,6,1,7,0,0,153,0,153,0,0,159,1,160,331,0,331,491
07/08/2021,RNM,CA,AWP,WE,Federal Contract Tower,0,0,7,0,7,0,0,146,0,146,0,0,153,0,153,246,0,246,399
07/09/2021,RNM,CA,AWP,WE,Federal Contract Tower,0,0,8,0,8,0,0,144,0,144,0,0,152,0,152,294,0,294,446
07/10/2021,RNM,CA,AWP,WE,Federal Contract Tower,0,0,1,0,1,0,0,184,0,184,0,0,185,0,185,179,0,179,364
07/11/2021,RNM,CA,AWP,WE,Federal Contract Tower,0,0,3,0,3,0,0,99,0,99,0,0,102,0,102,222,0,222,324
07/12/2021,RNM,CA,AWP,WE,Federal Contract Tower,0,0,5,0,5,0,0,134,8,142,0,0,139,8,147,347,0,347,494
07/13/2021,RNM,CA,AWP,WE,Federal Contract Tower,0,2,5,0,7,0,0,136,4,140,0,2,141,4,147,520,12,532,679
07/14/2021,RNM,CA,AWP,WE,Federal Contract Tower,0,0,4,0,4,0,0,185,0,185,0,0,189,0,189,362,0,362,551
07/15/2021,RNM,CA,AWP,WE,Federal Contract Tower,0,2,5,0,7,0,0,194,0,194,0,2,199,0,201,248,0,248,449
07/16/2021,RNM,CA,AWP,WE,Federal Contract Tower,0,0,6,0,6,0,0,174,0,174,0,0,180,0,180,319,0,319,499
07/17/2021,RNM,CA,AWP,WE,Federal Contract Tower,0,0,3,0,3,0,0,117,0,117,0,0,120,0,120,181,0,181,301
07/18/2021,RNM,CA,AWP,WE,Federal Contract Tower,0,0,3,0,3,0,0,91,0,91,0,0,94,0,94,148,0,148,242
07/19/2021,RNM,CA,AWP,WE,Federal Contract Tower,0,0,2,0,2,0,0,116,2,118,0,0,118,2,120,266,0,266,386
07/20/2021,RNM,CA,AWP,WE,Federal Contract Tower,0,0,1,0,1,0,0,142,2,144,0,0,143,2,145,318,0,318,463
07/21/2021,RNM,CA,AWP,WE,Federal Contract Tower,0,0,5,0,5,0,0,117,0,117,0,0,122,0,122,276,0,276,398
07/22/2021,RNM,CA,AWP,WE,Federal Contract Tower,0,1,6,0,7,0,0,109,0,109,0,1,115,0,116,188,0,188,304
07/23/2021,RNM,CA,AWP,WE,Federal Contract Tower,0,0,9,0,9,0,0,152,0,152,0,0,161,0,161,301,0,301,462
07/24/2021,RNM,CA,AWP,WE,Federal Contract Tower,0,0,6,0,6,0,0,119,0,119,0,0,125,0,125,210,0,210,335
07/25/2021,RNM,CA,AWP,WE,Federal Contract Tower,0,0,6,0,6,0,0,51,0,51,0,0,57,0,57,73,0,73,130
07/26/2021,RNM,CA,AWP,WE,Federal Contract Tower,0,0,12,0,12,0,0,7,2,9,0,0,19,2,21,0,0,0,21
07/27/2021,RNM,CA,AWP,WE,Federal Contract Tower,0,0,13,0,13,0,0,123,2,125,0,0,136,2,138,182,0,182,320
07/28/2021,RNM,CA,AWP,WE,Federal Contract Tower,0,2,1,0,3,0,0,164,4,168,0,2,165,4,171,326,0,326,497
07/29/2021,RNM,CA,AWP,WE,Federal Contract Tower,0,0,0,0,0,0,0,130,0,130,0,0,130,0,130,220,0,220,350
07/30/2021,RNM,CA,AWP,WE,Federal Contract Tower,0,0,5,0,5,0,0,121,0,121,0,0,126,0,126,214,0,214,340
07/31/2021,RNM,CA,AWP,WE,Federal Contract Tower,0,0,2,0,2,0,0,144,0,144,0,0,146,0,146,288,0,288,434
08/01/2021,RNM,CA,AWP,WE,Federal Contract Tower,0,0,2,0,2,0,0,134,0,134,0,0,136,0,136,143,0,143,279
08/02/2021,RNM,CA,AWP,WE,Federal Contract Tower,0,0,1,0,1,0,0,114,0,114,0,0,115,0,115,244,0,244,359
08/03/2021,RNM,CA,AWP,WE,Federal Contract Tower,0,0,5,0,5,0,0,153,0,153,0,0,158,0,158,410,0,410,568
08/04/2021,RNM,CA,AWP,WE,Federal Contract Tower,0,0,8,0,8,0,0,143,2,145,0,0,151,2,153,342,0,342,495
08/05/2021,RNM,CA,AWP,WE,Federal Contract Tower,0,0,7,0,7,0,0,153,0,153,0,0,160,0,160,298,0,298,458
08/06/2021,RNM,CA,AWP,WE,Federal Contract Tower,0,2,12,0,14,0,0,106,0,106,0,2,118,0,120,237,0,237,357
08/07/2021,RNM,CA,AWP,WE,Federal Contract Tower,0,0,5,0,5,0,0,132,0,132,0,0,137,0,137,166,0,166,303
08/08/2021,RNM,CA,AWP,WE,Federal Contract Tower,0,0,14,0,14,0,0,116,0,116,0,0,130,0,130,168,0,168,298
08/09/2021,RNM,CA,AWP,WE,Federal Contract Tower,0,1,2,0,3,0,0,129,0,129,0,1,131,0,132,272,0,272,404
08/10/2021,RNM,CA,AWP,WE,Federal Contract Tower,0,2,5,0,7,0,0,132,2,134,0,2,137,2,141,307,0,307,448
08/11/2021,RNM,CA,AWP,WE,Federal Contract Tower,0,1,2,0,3,0,0,140,0,140,0,1,142,0,143,124,0,124,267
08/12/2021,RNM,CA,AWP,WE,Federal Contract Tower,0,0,5,0,5,0,0,98,2,100,0,0,103,2,105,148,0,148,253
08/13/2021,RNM,CA,AWP,WE,Federal Contract Tower,0,0,2,0,2,0,0,113,0,113,0,0,115,0,115,172,0,172,287
08/14/2021,RNM,CA,AWP,WE,Federal Contract Tower,0,0,1,0,1,0,0,122,0,122,0,0,123,0,123,206,0,206,329
08/15/2021,RNM,CA,AWP,WE,Federal Contract Tower,0,0,3,0,3,0,0,142,0,142,0,0,145,0,145,195,0,195,340
08/16/2021,RNM,CA,AWP,WE,Federal Contract Tower,0,1,4,0,5,0,0,146,0,146,0,1,150,0,151,322,0,322,473
08/17/2021,RNM,CA,AWP,WE,Federal Contract Tower,0,1,12,0,13,0,0,118,0,118,0,1,130,0,131,316,0,316,447
08/18/2021,RNM,CA,AWP,WE,Federal Contract Tower,0,0,22,0,22,0,0,22,0,22,0,0,44,0,44,56,0,56,100
08/19/2021,RNM,CA,AWP,WE,Federal Contract Tower,0,0,22,0,22,0,0,75,0,75,0,0,97,0,97,146,0,146,243
08/20/2021,RNM,CA,AWP,WE,Federal Contract Tower,0,0,18,0,18,0,0,90,8,98,0,0,108,8,116,113,0,113,229
08/21/2021,RNM,CA,AWP,WE,Federal Contract Tower,0,0,7,0,7,0,0,8,0,8,0,0,15,0,15,6,0,6,21
08/22/2021,RNM,CA,AWP,WE,Federal Contract Tower,0,0,20,0,20,0,0,69,0,69,0,0,89,0,89,66,0,66,155
08/23/2021,RNM,CA,AWP,WE,Federal Contract Tower,0,0,11,0,11,0,0,103,2,105,0,0,114,2,116,156,0,156,272
08/24/2021,RNM,CA,AWP,WE,Federal Contract Tower,0,0,5,0,5,0,0,150,2,152,0,0,155,2,157,236,0,236,393
08/25/2021,RNM,CA,AWP,WE,Federal Contract Tower,0,2,5,0,7,0,0,148,2,150,0,2,153,2,157,218,1,219,376
08/26/2021,RNM,CA,AWP,WE,Federal Contract Tower,0,2,8,0,10,0,0,136,2,138,0,2,144,2,148,220,0,220,368
08/27/2021,RNM,CA,AWP,WE,Federal Contract Tower,0,0,8,0,8,0,0,130,4,134,0,0,138,4,142,221,0,221,363
08/28/2021,RNM,CA,AWP,WE,Federal Contract Tower,0,0,5,0,5,0,0,139,0,139,0,0,144,0,144,205,0,205,349
08/29/2021,RNM,CA,AWP,WE,Federal Contract Tower,0,0,3,0,3,0,0,104,0,104,0,0,107,0,107,158,0,158,265
08/30/2021,RNM,CA,AWP,WE,Federal Contract Tower,0,0,5,0,5,0,0,84,2,86,0,0,89,2,91,138,0,138,229
08/31/2021,RNM,CA,AWP,WE,Federal Contract Tower,0,0,9,0,9,0,0,8,6,14,0,0,17,6,23,8,12,20,43
09/01/2021,RNM,CA,AWP,WE,Federal Contract Tower,0,2,22,0,24,0,0,56,4,60,0,2,78,4,84,66,0,66,150
09/02/2021,RNM,CA,AWP,WE,Federal Contract Tower,0,0,10,0,10,0,0,104,2,106,0,0,114,2,116,190,0,190,306
09/03/2021,RNM,CA,AWP,WE,Federal Contract Tower,0,0,7,0,7,0,0,139,0,139,0,0,146,0,146,230,0,230,376
09/04/2021,RNM,CA,AWP,WE,Federal Contract Tower,0,0,6,0,6,0,0,128,0,128,0,0,134,0,134,134,0,134,268
09/05/2021,RNM,CA,AWP,WE,Federal Contract Tower,0,0,4,0,4,0,0,124,0,124,0,0,128,0,128,181,0,181,309
09/06/2021,RNM,CA,AWP,WE,Federal Contract Tower,0,0,115,0,115,0,0,135,0,135,0,0,250,0,250,188,0,188,438
09/07/2021,RNM,CA,AWP,WE,Federal Contract Tower,0,0,6,0,6,0,0,134,0,134,0,0,140,0,140,252,0,252,392
09/08/2021,RNM,CA,AWP,WE,Federal Contract Tower,0,1,7,0,8,0,0,212,0,212,0,1,219,0,220,278,0,278,498
09/09/2021,RNM,CA,AWP,WE,Federal Contract Tower,0,2,3,0,5,0,0,126,0,126,0,2,129,0,131,208,0,208,339
09/10/2021,RNM,CA,AWP,WE,Federal Contract Tower,0,0,3,0,3,0,0,100,0,100,0,0,103,0,103,146,0,146,249
09/11/2021,RNM,CA,AWP,WE,Federal Contract Tower,0,0,5,0,5,0,0,129,0,129,0,0,134,0,134,201,0,201,335
09/12/2021,RNM,CA,AWP,WE,Federal Contract Tower,0,0,4,0,4,0,0,163,0,163,0,0,167,0,167,207,0,207,374
09/13/2021,RNM,CA,AWP,WE,Federal Contract Tower,0,2,2,0,4,0,0,163,0,163,0,2,165,0,167,260,0,260,427
09/14/2021,RNM,CA,AWP,WE,Federal Contract Tower,0,1,10,0,11,0,0,128,0,128,0,1,138,0,139,283,0,283,422
09/15/2021,RNM,CA,AWP,WE,Federal Contract Tower,0,1,6,0,7,0,0,154,2,156,0,1,160,2,163,308,0,308,471
09/16/2021,RNM,CA,AWP,WE,Federal Contract Tower,0,0,9,0,9,0,0,146,6,152,0,0,155,6,161,242,0,242,403
09/17/2021,RNM,CA,AWP,WE,Federal Contract Tower,0,2,8,0,10,0,0,117,0,117,0,2,125,0,127,226,0,226,353
09/18/2021,RNM,CA,AWP,WE,Federal Contract Tower,0,0,2,0,2,0,0,132,0,132,0,0,134,0,134,145,0,145,279
09/19/2021,RNM,CA,AWP,WE,Federal Contract Tower,0,2,4,0,6,0,0,99,0,99,0,2,103,0,105,147,0,147,252
09/20/2021,RNM,CA,AWP,WE,Federal Contract Tower,0,2,2,0,4,0,0,129,2,131,0,2,131,2,135,224,0,224,359
09/21/2021,RNM,CA,AWP,WE,Federal Contract Tower,0,2,2,0,4,0,0,156,2,158,0,2,158,2,162,182,0,182,344
09/22/2021,RNM,CA,AWP,WE,Federal Contract Tower,0,0,1,0,1,0,0,133,4,137,0,0,134,4,138,206,0,206,344
09/23/2021,RNM,CA,AWP,WE,Federal Contract Tower,0,0,3,0,3,0,0,134,0,134,0,0,137,0,137,284,0,284,421
09/24/2021,RNM,CA,AWP,WE,Federal Contract Tower,0,0,3,0,3,0,0,76,8,84,0,0,79,8,87,44,0,44,131
09/25/2021,RNM,CA,AWP,WE,Federal Contract Tower,0,0,9,0,9,0,0,142,0,142,0,0,151,0,151,281,0,281,432
09/26/2021,RNM,CA,AWP,WE,Federal Contract Tower,0,2,11,0,13,0,0,12,0,12,0,2,23,0,25,32,0,32,57
09/27/2021,RNM,CA,AWP,WE,Federal Contract Tower,0,0,13,0,13,0,0,6,0,6,0,0,19,0,19,4,0,4,23
09/28/2021,RNM,CA,AWP,WE,Federal Contract Tower,0,0,25,0,25,0,0,57,0,57,0,0,82,0,82,110,0,110,192
09/29/2021,RNM,CA,AWP,WE,Federal Contract Tower,0,0,11,0,11,0,0,176,2,178,0,0,187,2,189,278,0,278,467
09/30/2021,RNM,CA,AWP,WE,Federal Contract Tower,0,0,0,0,0,0,0,131,0,131,0,0,131,0,131,245,0,245,376
10/01/2021,RNM,CA,AWP,WE,Federal Contract Tower,0,0,3,0,3,0,0,184,0,184,0,0,187,0,187,221,0,221,408
10/02/2021,RNM,CA,AWP,WE,Federal Contract Tower,0,0,1,0,1,0,0,120,0,120,0,0,121,0,121,18,0,18,139
10/03/2021,RNM,CA,AWP,WE,Federal Contract Tower,0,0,2,0,2,0,0,87,0,87,0,0,89,0,89,109,0,109,198
10/04/2021,RNM,CA,AWP,WE,Federal Contract Tower,0,0,3,0,3,0,0,113,0,113,0,0,116,0,116,178,0,178,294
10/05/2021,RNM,CA,AWP,WE,Federal Contract Tower,0,0,12,0,12,0,0,76,4,80,0,0,88,4,92,133,0,133,225
10/06/2021,RNM,CA,AWP,WE,Federal Contract Tower,0,0,33,0,33,0,0,19,0,19,0,0,52,0,52,23,0,23,75
10/07/2021,RNM,CA,AWP,WE,Federal Contract Tower,0,0,25,0,25,0,0,20,2,22,0,0,45,2,47,49,0,49,96
10/08/2021,RNM,CA,AWP,WE,Federal Contract Tower,0,0,14,0,14,0,0,10,0,10,0,0,24,0,24,6,0,6,30
10/09/2021,RNM,CA,AWP,WE,Federal Contract Tower,0,0,1,0,1,0,0,181,0,181,0,0,182,0,182,234,0,234,416
10/10/2021,RNM,CA,AWP,WE,Federal Contract Tower,0,0,2,0,2,0,0,176,0,176,0,0,178,0,178,306,0,306,484
10/11/2021,RNM,CA,AWP,WE,Federal Contract Tower,0,2,9,0,11,0,0,37,0,37,0,2,46,0,48,86,0,86,134
10/12/2021,RNM,CA,AWP,WE,Federal Contract Tower,0,0,6,0,6,0,0,121,2,123,0,0,127,2,129,302,0,302,431
10/13/2021,RNM,CA,AWP,WE,Federal Contract Tower,0,2,6,0,8,0,0,196,0,196,0,2,202,0,204,319,0,319,523
10/14/2021,RNM,CA,AWP,WE,Federal Contract Tower,0,0,1,0,1,0,0,179,2,181,0,0,180,2,182,270,0,270,452
10/15/2021,RNM,CA,AWP,WE,Federal Contract Tower,0,0,0,0,0,0,0,66,2,68,0,0,66,2,68,64,0,64,132
10/16/2021,RNM,CA,AWP,WE,Federal Contract Tower,0,0,2,0,2,0,0,145,0,145,0,0,147,0,147,316,0,316,463
10/17/2021,RNM,CA,AWP,WE,Federal Contract Tower,0,0,11,0,11,0,0,126,0,126,0,0,137,0,137,162,0,162,299
10/18/2021,RNM,CA,AWP,WE,Federal Contract Tower,0,0,7,0,7,0,0,8,0,8,0,0,15,0,15,20,0,20,35
10/19/2021,RNM,CA,AWP,WE,Federal Contract Tower,0,0,0,0,0,0,0,169,2,171,0,0,169,2,171,222,0,222,393
10/20/2021,RNM,CA,AWP,WE,Federal Contract Tower,0,0,1,0,1,0,0,146,0,146,0,0,147,0,147,365,0,365,512
10/21/2021,RNM,CA,AWP,WE,Federal Contract Tower,0,0,3,0,3,0,0,184,0,184,0,0,187,0,187,203,0,203,390
10/22/2021,RNM,CA,AWP,WE,Federal Contract Tower,0,0,10,0,10,0,0,154,6,160,0,0,164,6,170,293,4,297,467
10/24/2021,RNM,CA,AWP,WE,Federal Contract Tower,0,0,5,0,5,0,0,138,0,138,0,0,143,0,143,343,0,343,486
10/25/2021,RNM,CA,AWP,WE,Federal Contract Tower,0,2,8,0,10,0,0,2,0,2,0,2,10,0,12,0,0,0,12
10/26/2021,RNM,CA,AWP,WE,Federal Contract Tower,0,2,10,0,12,0,0,121,2,123,0,2,131,2,135,339,0,339,474
10/27/2021,RNM,CA,AWP,WE,Federal Contract Tower,0,0,2,0,2,0,0,167,0,167,0,0,169,0,169,278,0,278,447
10/28/2021,RNM,CA,AWP,WE,Federal Contract Tower,0,0,5,0,5,0,0,144,2,146,0,0,149,2,151,182,0,182,333
10/29/2021,RNM,CA,AWP,WE,Federal Contract Tower,0,0,3,0,3,0,0,169,0,169,0,0,172,0,172,198,0,198,370
10/30/2021,RNM,CA,AWP,WE,Federal Contract Tower,0,0,5,0,5,0,0,171,0,171,0,0,176,0,176,171,0,171,347
10/31/2021,RNM,CA,AWP,WE,Federal Contract Tower,0,0,4,0,4,0,0,77,0,77,0,0,81,0,81,136,0,136,217
11/01/2021,RNM,CA,AWP,WE,Federal Contract Tower,0,0,14,0,14,0,0,117,0,117,0,0,131,0,131,240,0,240,371
11/02/2021,RNM,CA,AWP,WE,Federal Contract Tower,0,0,17,0,17,0,0,129,6,135,0,0,146,6,152,250,0,250,402
11/03/2021,RNM,CA,AWP,WE,Federal Contract Tower,0,0,9,0,9,0,0,197,4,201,0,0,206,4,210,330,0,330,540
11/04/2021,RNM,CA,AWP,WE,Federal Contract Tower,0,0,10,0,10,0,0,161,0,161,0,0,171,0,171,252,0,252,423
11/05/2021,RNM,CA,AWP,WE,Federal Contract Tower,0,0,9,0,9,0,0,157,0,157,0,0,166,0,166,180,2,182,348
11/06/2021,RNM,CA,AWP,WE,Federal Contract Tower,0,0,6,0,6,0,0,138,0,138,0,0,144,0,144,282,0,282,426
11/07/2021,RNM,CA,AWP,WE,Federal Contract Tower,0,0,8,0,8,0,0,122,0,122,0,0,130,0,130,234,0,234,364
11/08/2021,RNM,CA,AWP,WE,Federal Contract Tower,0,0,4,0,4,0,0,151,0,151,0,0,155,0,155,290,0,290,445
11/09/2021,RNM,CA,AWP,WE,Federal Contract Tower,0,2,11,0,13,0,0,107,0,107,0,2,118,0,120,218,0,218,338
11/10/2021,RNM,CA,AWP,WE,Federal Contract Tower,0,0,2,0,2,0,0,154,0,154,0,0,156,0,156,220,0,220,376
11/11/2021,RNM,CA,AWP,WE,Federal Contract Tower,0,2,3,0,5,0,0,113,0,113,0,2,116,0,118,214,0,214,332
11/12/2021,RNM,CA,AWP,WE,Federal Contract Tower,0,0,1,0,1,0,0,69,0,69,0,0,70,0,70,178,0,178,248
11/13/2021,RNM,CA,AWP,WE,Federal Contract Tower,0,0,2,0,2,0,0,130,0,130,0,0,132,0,132,268,0,268,400
11/14/2021,RNM,CA,AWP,WE,Federal Contract Tower,0,0,5,0,5,0,0,111,0,111,0,0,116,0,116,148,0,148,264
11/15/2021,RNM,CA,AWP,WE,Federal Contract Tower,0,0,3,0,3,0,0,163,0,163,0,0,166,0,166,300,0,300,466
11/16/2021,RNM,CA,AWP,WE,Federal Contract Tower,0,0,16,0,16,0,0,136,0,136,0,0,152,0,152,231,0,231,383
11/17/2021,RNM,CA,AWP,WE,Federal Contract Tower,0,0,2,0,2,0,0,175,2,177,0,0,177,2,179,210,4,214,393
11/18/2021,RNM,CA,AWP,WE,Federal Contract Tower,0,0,13,0,13,0,0,98,0,98,0,0,111,0,111,194,0,194,305
11/19/2021,RNM,CA,AWP,WE,Federal Contract Tower,0,2,9,0,11,0,0,108,2,110,0,2,117,2,121,356,2,358,479
11/20/2021,RNM,CA,AWP,WE,Federal Contract Tower,0,0,9,0,9,0,0,124,0,124,0,0,133,0,133,249,0,249,382
11/21/2021,RNM,CA,AWP,WE,Federal Contract Tower,0,0,1,0,1,0,0,72,0,72,0,0,73,0,73,64,0,64,137
11/22/2021,RNM,CA,AWP,WE,Federal Contract Tower,0,0,1,0,1,0,0,121,0,121,0,0,122,0,122,200,0,200,322
11/23/2021,RNM,CA,AWP,WE,Federal Contract Tower,0,0,4,0,4,0,0,135,2,137,0,0,139,2,141,234,0,234,375
11/24/2021,RNM,CA,AWP,WE,Federal Contract Tower,0,0,7,0,7,0,0,188,0,188,0,0,195,0,195,296,0,296,491
11/25/2021,RNM,CA,AWP,WE,Federal Contract Tower,0,0,0,0,0,0,0,20,0,20,0,0,20,0,20,12,0,12,32
11/26/2021,RNM,CA,AWP,WE,Federal Contract Tower,0,0,1,0,1,0,0,60,0,60,0,0,61,0,61,160,0,160,221
11/27/2021,RNM,CA,AWP,WE,Federal Contract Tower,0,0,1,0,1,0,0,142,0,142,0,0,143,0,143,204,0,204,347
11/28/2021,RNM,CA,AWP,WE,Federal Contract Tower,0,1,3,0,4,0,0,128,0,128,0,1,131,0,132,203,0,203,335
11/29/2021,RNM,CA,AWP,WE,Federal Contract Tower,0,0,3,0,3,0,0,155,0,155,0,0,158,0,158,341,0,341,499
11/30/2021,RNM,CA,AWP,WE,Federal Contract Tower,0,0,2,0,2,0,0,110,0,110,0,0,112,0,112,200,0,200,312
12/01/2021,RNM,CA,AWP,WE,Federal Contract Tower,0,2,4,0,6,0,0,142,2,144,0,2,146,2,150,174,0,174,324
12/02/2021,RNM,CA,AWP,WE,Federal Contract Tower,0,0,8,0,8,0,0,119,0,119,0,0,127,0,127,176,0,176,303
12/03/2021,RNM,CA,AWP,WE,Federal Contract Tower,0,0,11,0,11,0,0,105,0,105,0,0,116,0,116,185,0,185,301
12/04/2021,RNM,CA,AWP,WE,Federal Contract Tower,0,0,10,0,10,0,0,120,0,120,0,0,130,0,130,206,0,206,336
12/05/2021,RNM,CA,AWP,WE,Federal Contract Tower,0,2,4,0,6,0,0,111,0,111,0,2,115,0,117,217,0,217,334
12/06/2021,RNM,CA,AWP,WE,Federal Contract Tower,0,0,9,0,9,0,0,132,2,134,0,0,141,2,143,260,0,260,403
12/07/2021,RNM,CA,AWP,WE,Federal Contract Tower,0,0,28,0,28,0,0,30,2,32,0,0,58,2,60,96,10,106,166
12/08/2021,RNM,CA,AWP,WE,Federal Contract Tower,0,0,9,0,9,0,0,138,2,140,0,0,147,2,149,372,0,372,521
12/09/2021,RNM,CA,AWP,WE,Federal Contract Tower,0,0,1,0,1,0,0,0,0,0,0,0,1,0,1,0,0,0,1
12/10/2021,RNM,CA,AWP,WE,Federal Contract Tower,0,0,15,0,15,0,1,94,0,95,0,1,109,0,110,170,0,170,280
12/11/2021,RNM,CA,AWP,WE,Federal Contract Tower,0,0,1,0,1,0,0,179,0,179,0,0,180,0,180,250,0,250,430
12/12/2021,RNM,CA,AWP,WE,Federal Contract Tower,0,0,2,0,2,0,0,142,0,142,0,0,144,0,144,187,0,187,331
12/13/2021,RNM,CA,AWP,WE,Federal Contract Tower,0,0,23,0,23,0,0,37,2,39,0,0,60,2,62,108,0,108,170
12/14/2021,RNM,CA,AWP,WE,Federal Contract Tower,0,0,0,0,0,0,0,0,0,0,0,0,0,0,0,0,0,0,0
12/15/2021,RNM,CA,AWP,WE,Federal Contract Tower,0,0,10,0,10,0,0,197,6,203,0,0,207,6,213,296,0,296,509
12/16/2021,RNM,CA,AWP,WE,Federal Contract Tower,0,0,18,0,18,0,0,147,0,147,0,0,165,0,165,204,4,208,373
12/17/2021,RNM,CA,AWP,WE,Federal Contract Tower,0,1,8,0,9,0,0,176,8,184,0,1,184,8,193,331,0,331,524
12/18/2021,RNM,CA,AWP,WE,Federal Contract Tower,0,0,3,0,3,0,0,131,0,131,0,0,134,0,134,246,0,246,380
12/19/2021,RNM,CA,AWP,WE,Federal Contract Tower,0,0,8,0,8,0,0,139,0,139,0,0,147,0,147,218,0,218,365
12/20/2021,RNM,CA,AWP,WE,Federal Contract Tower,0,2,3,0,5,0,0,122,0,122,0,2,125,0,127,224,0,224,351
12/21/2021,RNM,CA,AWP,WE,Federal Contract Tower,0,0,4,0,4,0,0,139,0,139,0,0,143,0,143,214,0,214,357
12/22/2021,RNM,CA,AWP,WE,Federal Contract Tower,0,2,4,0,6,0,0,154,4,158,0,2,158,4,164,242,0,242,406
12/23/2021,RNM,CA,AWP,WE,Federal Contract Tower,0,0,7,0,7,0,0,25,0,25,0,0,32,0,32,80,0,80,112
12/24/2021,RNM,CA,AWP,WE,Federal Contract Tower,0,0,1,0,1,0,0,2,0,2,0,0,3,0,3,18,0,18,21
12/25/2021,RNM,CA,AWP,WE,Federal Contract Tower,0,0,0,0,0,0,0,0,0,0,0,0,0,0,0,0,0,0,0
12/26/2021,RNM,CA,AWP,WE,Federal Contract Tower,0,0,0,0,0,0,0,57,0,57,0,0,57,0,57,160,0,160,217
12/27/2021,RNM,CA,AWP,WE,Federal Contract Tower,0,0,5,0,5,0,0,29,2,31,0,0,34,2,36,52,6,58,94
12/28/2021,RNM,CA,AWP,WE,Federal Contract Tower,0,0,3,0,3,0,0,8,0,8,0,0,11,0,11,38,0,38,49
12/29/2021,RNM,CA,AWP,WE,Federal Contract Tower,0,0,1,0,1,0,0,8,2,10,0,0,9,2,11,68,0,68,79
12/30/2021,RNM,CA,AWP,WE,Federal Contract Tower,0,0,6,0,6,0,0,21,0,21,0,0,27,0,27,46,0,46,73
12/31/2021,RNM,CA,AWP,WE,Federal Contract Tower,0,0,9,0,9,0,0,31,0,31,0,0,40,0,40,86,0,86,126
01/01/2022,RNM,CA,AWP,WE,Federal Contract Tower,0,0,0,0,0,0,0,76,0,76,0,0,76,0,76,132,0,132,208
01/02/2022,RNM,CA,AWP,WE,Federal Contract Tower,0,0,5,0,5,0,0,123,0,123,0,0,128,0,128,212,0,212,340
01/03/2022,RNM,CA,AWP,WE,Federal Contract Tower,0,0,0,0,0,0,0,136,0,136,0,0,136,0,136,180,0,180,316
01/04/2022,RNM,CA,AWP,WE,Federal Contract Tower,0,0,3,0,3,0,0,148,2,150,0,0,151,2,153,252,2,254,407
01/05/2022,RNM,CA,AWP,WE,Federal Contract Tower,0,0,1,0,1,0,0,156,2,158,0,0,157,2,159,176,0,176,335
01/06/2022,RNM,CA,AWP,WE,Federal Contract Tower,0,0,2,0,2,0,0,175,0,175,0,0,177,0,177,280,0,280,457
01/07/2022,RNM,CA,AWP,WE,Federal Contract Tower,0,0,22,0,22,0,0,111,0,111,0,0,133,0,133,174,0,174,307
01/08/2022,RNM,CA,AWP,WE,Federal Contract Tower,0,0,10,0,10,0,0,93,0,93,0,0,103,0,103,328,0,328,431
01/09/2022,RNM,CA,AWP,WE,Federal Contract Tower,0,0,1,0,1,0,0,131,0,131,0,0,132,0,132,304,0,304,436
01/10/2022,RNM,CA,AWP,WE,Federal Contract Tower,0,0,3,0,3,0,0,76,0,76,0,0,79,0,79,138,2,140,219
01/11/2022,RNM,CA,AWP,WE,Federal Contract Tower,0,2,0,0,2,0,0,102,2,104,0,2,102,2,106,196,0,196,302
01/12/2022,RNM,CA,AWP,WE,Federal Contract Tower,0,0,10,0,10,0,0,174,0,174,0,0,184,0,184,180,0,180,364
01/13/2022,RNM,CA,AWP,WE,Federal Contract Tower,0,1,11,0,12,0,0,140,4,144,0,1,151,4,156,266,2,268,424
01/14/2022,RNM,CA,AWP,WE,Federal Contract Tower,0,1,5,0,6,0,0,149,0,149,0,1,154,0,155,256,0,256,411
01/15/2022,RNM,CA,AWP,WE,Federal Contract Tower,0,0,3,0,3,0,0,73,0,73,0,0,76,0,76,106,0,106,182
01/16/2022,RNM,CA,AWP,WE,Federal Contract Tower,0,0,5,0,5,0,0,164,0,164,0,0,169,0,169,250,0,250,419
01/17/2022,RNM,CA,AWP,WE,Federal Contract Tower,0,0,9,0,9,0,0,37,0,37,0,0,46,0,46,104,0,104,150
01/18/2022,RNM,CA,AWP,WE,Federal Contract Tower,0,0,20,0,20,0,0,33,0,33,0,0,53,0,53,112,0,112,165
01/19/2022,RNM,CA,AWP,WE,Federal Contract Tower,0,0,15,0,15,0,0,116,0,116,0,0,131,0,131,210,0,210,341
01/20/2022,RNM,CA,AWP,WE,Federal Contract Tower,0,0,6,0,6,0,0,164,4,168,0,0,170,4,174,274,0,274,448
01/21/2022,RNM,CA,AWP,WE,Federal Contract Tower,0,0,4,0,4,0,0,158,0,158,0,0,162,0,162,306,0,306,468
01/22/2022,RNM,CA,AWP,WE,Federal Contract Tower,0,0,1,0,1,0,0,80,0,80,0,0,81,0,81,160,0,160,241
01/23/2022,RNM,CA,AWP,WE,Federal Contract Tower,0,0,0,0,0,0,0,126,0,126,0,0,126,0,126,174,0,174,300
01/24/2022,RNM,CA,AWP,WE,Federal Contract Tower,0,0,8,0,8,0,0,179,2,181,0,0,187,2,189,339,2,341,530
01/25/2022,RNM,CA,AWP,WE,Federal Contract Tower,0,0,4,0,4,0,0,147,2,149,0,0,151,2,153,327,0,327,480
01/26/2022,RNM,CA,AWP,WE,Federal Contract Tower,0,0,3,0,3,0,0,165,0,165,0,0,168,0,168,228,0,228,396
01/27/2022,RNM,CA,AWP,WE,Federal Contract Tower,0,0,6,0,6,0,0,144,0,144,0,0,150,0,150,156,0,156,306
01/28/2022,RNM,CA,AWP,WE,Federal Contract Tower,0,0,3,0,3,0,0,64,0,64,0,0,67,0,67,114,0,114,181
01/29/2022,RNM,CA,AWP,WE,Federal Contract Tower,0,0,3,0,3,0,0,163,0,163,0,0,166,0,166,343,0,343,509
01/30/2022,RNM,CA,AWP,WE,Federal Contract Tower,0,0,6,0,6,0,0,189,0,189,0,0,195,0,195,277,0,277,472
01/31/2022,RNM,CA,AWP,WE,Federal Contract Tower,0,0,6,0,6,0,0,188,0,188,0,0,194,0,194,330,0,330,524
02/01/2022,RNM,CA,AWP,WE,Federal Contract Tower,0,0,18,1,19,0,0,111,4,115,0,0,129,5,134,172,0,172,306
02/02/2022,RNM,CA,AWP,WE,Federal Contract Tower,0,0,0,0,0,0,0,126,4,130,0,0,126,4,130,226,24,250,380
02/03/2022,RNM,CA,AWP,WE,Federal Contract Tower,0,0,1,0,1,0,0,170,4,174,0,0,171,4,175,202,0,202,377
02/04/2022,RNM,CA,AWP,WE,Federal Contract Tower,0,0,0,0,0,0,0,70,0,70,0,0,70,0,70,92,0,92,162
02/05/2022,RNM,CA,AWP,WE,Federal Contract Tower,0,0,7,0,7,0,0,179,0,179,0,0,186,0,186,262,0,262,448
02/06/2022,RNM,CA,AWP,WE,Federal Contract Tower,0,0,1,0,1,0,0,136,0,136,0,0,137,0,137,277,0,277,414
02/07/2022,RNM,CA,AWP,WE,Federal Contract Tower,0,0,3,0,3,0,0,47,0,47,0,0,50,0,50,141,0,141,191
02/08/2022,RNM,CA,AWP,WE,Federal Contract Tower,0,0,7,0,7,0,0,161,5,166,0,0,168,5,173,302,0,302,475
02/09/2022,RNM,CA,AWP,WE,Federal Contract Tower,0,0,1,0,1,0,0,120,0,120,0,0,121,0,121,172,0,172,293
02/10/2022,RNM,CA,AWP,WE,Federal Contract Tower,0,0,1,0,1,0,0,51,0,51,0,0,52,0,52,32,0,32,84
02/11/2022,RNM,CA,AWP,WE,Federal Contract Tower,0,0,5,0,5,0,0,211,0,211,0,0,216,0,216,270,0,270,486
02/12/2022,RNM,CA,AWP,WE,Federal Contract Tower,0,0,3,0,3,0,0,117,0,117,0,0,120,0,120,268,0,268,388
02/13/2022,RNM,CA,AWP,WE,Federal Contract Tower,0,0,5,0,5,0,0,132,0,132,0,0,137,0,137,202,0,202,339
02/14/2022,RNM,CA,AWP,WE,Federal Contract Tower,0,0,4,0,4,0,0,127,0,127,0,0,131,0,131,259,0,259,390
02/15/2022,RNM,CA,AWP,WE,Federal Contract Tower,0,0,11,0,11,0,0,2,0,2,0,0,13,0,13,4,0,4,17
02/16/2022,RNM,CA,AWP,WE,Federal Contract Tower,0,1,4,0,5,0,0,165,0,165,0,1,169,0,170,268,0,268,438
02/17/2022,RNM,CA,AWP,WE,Federal Contract Tower,0,2,4,0,6,0,0,111,0,111,0,2,115,0,117,184,0,184,301
02/18/2022,RNM,CA,AWP,WE,Federal Contract Tower,0,0,9,0,9,0,0,187,2,189,0,0,196,2,198,360,0,360,558
02/19/2022,RNM,CA,AWP,WE,Federal Contract Tower,0,0,5,0,5,0,0,176,0,176,0,0,181,0,181,324,0,324,505
02/20/2022,RNM,CA,AWP,WE,Federal Contract Tower,0,0,7,0,7,0,0,175,0,175,0,0,182,0,182,281,0,281,463
02/21/2022,RNM,CA,AWP,WE,Federal Contract Tower,0,0,16,0,16,0,0,20,0,20,0,0,36,0,36,26,0,26,62
02/22/2022,RNM,CA,AWP,WE,Federal Contract Tower,0,0,3,0,3,0,0,0,0,0,0,0,3,0,3,0,0,0,3
02/23/2022,RNM,CA,AWP,WE,Federal Contract Tower,0,0,0,0,0,0,0,14,0,14,0,0,14,0,14,22,0,22,36
02/24/2022,RNM,CA,AWP,WE,Federal Contract Tower,0,0,7,0,7,0,0,188,2,190,0,0,195,2,197,250,0,250,447
02/25/2022,RNM,CA,AWP,WE,Federal Contract Tower,0,0,3,0,3,0,0,206,2,208,0,0,209,2,211,366,0,366,577
02/26/2022,RNM,CA,AWP,WE,Federal Contract Tower,0,0,1,0,1,0,0,140,0,140,0,0,141,0,141,311,0,311,452
02/27/2022,RNM,CA,AWP,WE,Federal Contract Tower,0,0,2,0,2,0,0,166,0,166,0,0,168,0,168,220,0,220,388
02/28/2022,RNM,CA,AWP,WE,Federal Contract Tower,0,0,3,0,3,0,0,120,0,120,0,0,123,0,123,338,0,338,461
03/01/2022,RNM,CA,AWP,WE,Federal Contract Tower,0,0,5,0,5,0,0,207,0,207,0,0,212,0,212,310,0,310,522
03/02/2022,RNM,CA,AWP,WE,Federal Contract Tower,0,0,6,0,6,0,0,201,4,205,0,0,207,4,211,282,2,284,495
03/03/2022,RNM,CA,AWP,WE,Federal Contract Tower,0,0,9,0,9,0,0,119,0,119,0,0,128,0,128,244,0,244,372
03/04/2022,RNM,CA,AWP,WE,Federal Contract Tower,0,0,10,0,10,0,0,33,0,33,0,0,43,0,43,32,0,32,75
03/05/2022,RNM,CA,AWP,WE,Federal Contract Tower,0,0,6,0,6,0,0,25,0,25,0,0,31,0,31,34,0,34,65
03/06/2022,RNM,CA,AWP,WE,Federal Contract Tower,0,0,9,0,9,0,0,125,0,125,0,0,134,0,134,338,0,338,472
03/07/2022,RNM,CA,AWP,WE,Federal Contract Tower,0,0,10,0,10,0,0,103,2,105,0,0,113,2,115,321,4,325,440
03/08/2022,RNM,CA,AWP,WE,Federal Contract Tower,0,0,2,0,2,0,0,177,2,179,0,0,179,2,181,212,0,212,393
03/09/2022,RNM,CA,AWP,WE,Federal Contract Tower,0,2,7,0,9,0,0,177,0,177,0,2,184,0,186,258,0,258,444
03/10/2022,RNM,CA,AWP,WE,Federal Contract Tower,0,0,17,0,17,0,0,42,4,46,0,0,59,4,63,182,0,182,245
03/11/2022,RNM,CA,AWP,WE,Federal Contract Tower,0,0,4,0,4,0,0,87,0,87,0,0,91,0,91,220,0,220,311
03/12/2022,RNM,CA,AWP,WE,Federal Contract Tower,0,0,3,0,3,0,0,126,0,126,0,0,129,0,129,225,0,225,354
03/13/2022,RNM,CA,AWP,WE,Federal Contract Tower,0,0,3,0,3,0,0,137,0,137,0,0,140,0,140,226,0,226,366
03/14/2022,RNM,CA,AWP,WE,Federal Contract Tower,0,0,9,0,9,0,0,107,2,109,0,0,116,2,118,184,0,184,302
03/15/2022,RNM,CA,AWP,WE,Federal Contract Tower,0,2,3,0,5,0,0,140,4,144,0,2,143,4,149,304,0,304,453
03/16/2022,RNM,CA,AWP,WE,Federal Contract Tower,0,0,10,1,11,0,0,157,1,158,0,0,167,2,169,284,0,284,453
03/17/2022,RNM,CA,AWP,WE,Federal Contract Tower,0,0,1,0,1,0,0,195,4,199,0,0,196,4,200,176,0,176,376
03/18/2022,RNM,CA,AWP,WE,Federal Contract Tower,0,0,7,0,7,0,0,164,2,166,0,0,171,2,173,276,0,276,449
03/19/2022,RNM,CA,AWP,WE,Federal Contract Tower,0,0,7,0,7,0,0,107,0,107,0,0,114,0,114,320,0,320,434
03/20/2022,RNM,CA,AWP,WE,Federal Contract Tower,0,0,21,0,21,0,0,27,0,27,0,0,48,0,48,93,0,93,141
03/21/2022,RNM,CA,AWP,WE,Federal Contract Tower,0,0,4,0,4,0,0,110,0,110,0,0,114,0,114,198,0,198,312
03/22/2022,RNM,CA,AWP,WE,Federal Contract Tower,0,0,6,0,6,0,0,143,4,147,0,0,149,4,153,223,2,225,378
03/23/2022,RNM,CA,AWP,WE,Federal Contract Tower,0,0,6,0,6,0,0,87,2,89,0,0,93,2,95,110,8,118,213
03/24/2022,RNM,CA,AWP,WE,Federal Contract Tower,0,0,4,0,4,0,0,183,4,187,0,0,187,4,191,188,0,188,379
03/25/2022,RNM,CA,AWP,WE,Federal Contract Tower,0,0,5,0,5,0,0,159,0,159,0,0,164,0,164,236,0,236,400
03/26/2022,RNM,CA,AWP,WE,Federal Contract Tower,0,0,3,0,3,0,0,161,0,161,0,0,164,0,164,268,0,268,432
03/27/2022,RNM,CA,AWP,WE,Federal Contract Tower,0,0,9,0,9,0,0,108,0,108,0,0,117,0,117,220,0,220,337
03/28/2022,RNM,CA,AWP,WE,Federal Contract Tower,0,0,5,0,5,0,0,8,0,8,0,0,13,0,13,30,0,30,43
03/29/2022,RNM,CA,AWP,WE,Federal Contract Tower,0,0,23,0,23,0,0,76,0,76,0,0,99,0,99,102,0,102,201
03/30/2022,RNM,CA,AWP,WE,Federal Contract Tower,0,0,13,0,13,0,0,170,2,172,0,0,183,2,185,256,2,258,443
03/31/2022,RNM,CA,AWP,WE,Federal Contract Tower,0,0,27,0,27,0,0,20,0,20,0,0,47,0,47,12,0,12,59
04/01/2022,RNM,CA,AWP,WE,Federal Contract Tower,0,0,26,0,26,0,0,84,0,84,0,0,110,0,110,158,0,158,268
04/02/2022,RNM,CA,AWP,WE,Federal Contract Tower,0,0,20,0,20,0,0,0,0,0,0,0,20,0,20,0,0,0,20
04/03/2022,RNM,CA,AWP,WE,Federal Contract Tower,0,0,13,0,13,0,0,1,0,1,0,0,14,0,14,6,0,6,20
04/04/2022,RNM,CA,AWP,WE,Federal Contract Tower,0,0,3,0,3,0,0,123,0,123,0,0,126,0,126,346,0,346,472
04/05/2022,RNM,CA,AWP,WE,Federal Contract Tower,0,0,7,0,7,0,0,181,4,185,0,0,188,4,192,348,0,348,540
04/06/2022,RNM,CA,AWP,WE,Federal Contract Tower,0,0,1,0,1,0,0,188,2,190,0,0,189,2,191,270,0,270,461
04/07/2022,RNM,CA,AWP,WE,Federal Contract Tower,0,0,0,0,0,0,0,59,2,61,0,0,59,2,61,120,0,120,181
04/08/2022,RNM,CA,AWP,WE,Federal Contract Tower,0,0,2,0,2,0,0,114,0,114,0,0,116,0,116,142,0,142,258
04/09/2022,RNM,CA,AWP,WE,Federal Contract Tower,0,0,4,0,4,0,0,157,0,157,0,0,161,0,161,296,0,296,457
04/10/2022,RNM,CA,AWP,WE,Federal Contract Tower,0,0,23,0,23,0,0,61,0,61,0,0,84,0,84,228,0,228,312
04/11/2022,RNM,CA,AWP,WE,Federal Contract Tower,0,0,6,0,6,0,0,47,0,47,0,0,53,0,53,114,0,114,167
04/12/2022,RNM,CA,AWP,WE,Federal Contract Tower,0,0,9,0,9,0,0,119,4,123,0,0,128,4,132,230,0,230,362
04/13/2022,RNM,CA,AWP,WE,Federal Contract Tower,0,0,2,0,2,0,0,207,2,209,0,0,209,2,211,386,0,386,597
04/14/2022,RNM,CA,AWP,WE,Federal Contract Tower,0,0,5,0,5,0,0,192,2,194,0,0,197,2,199,388,0,388,587
04/15/2022,RNM,CA,AWP,WE,Federal Contract Tower,0,0,4,0,4,0,0,172,0,172,0,0,176,0,176,326,0,326,502
04/16/2022,RNM,CA,AWP,WE,Federal Contract Tower,0,0,12,0,12,0,0,63,0,63,0,0,75,0,75,282,0,282,357
04/17/2022,RNM,CA,AWP,WE,Federal Contract Tower,0,0,1,0,1,0,0,104,0,104,0,0,105,0,105,162,0,162,267
04/18/2022,RNM,CA,AWP,WE,Federal Contract Tower,0,0,3,0,3,0,0,156,4,160,0,0,159,4,163,312,0,312,475
04/19/2022,RNM,CA,AWP,WE,Federal Contract Tower,0,0,4,0,4,0,0,157,0,157,0,0,161,0,161,398,0,398,559
04/20/2022,RNM,CA,AWP,WE,Federal Contract Tower,0,0,14,0,14,0,2,102,4,108,0,2,116,4,122,232,4,236,358
04/21/2022,RNM,CA,AWP,WE,Federal Contract Tower,0,0,3,0,3,0,0,116,6,122,0,0,119,6,125,244,4,248,373
04/22/2022,RNM,CA,AWP,WE,Federal Contract Tower,0,0,3,0,3,0,0,17,1,18,0,0,20,1,21,52,0,52,73
04/23/2022,RNM,CA,AWP,WE,Federal Contract Tower,0,0,0,0,0,0,2,136,0,138,0,2,136,0,138,256,0,256,394
04/24/2022,RNM,CA,AWP,WE,Federal Contract Tower,0,1,1,0,2,0,0,125,0,125,0,1,126,0,127,186,0,186,313
04/25/2022,RNM,CA,AWP,WE,Federal Contract Tower,0,1,3,0,4,0,0,111,2,113,0,1,114,2,117,206,0,206,323
04/26/2022,RNM,CA,AWP,WE,Federal Contract Tower,0,0,2,0,2,0,0,177,0,177,0,0,179,0,179,276,0,276,455
04/27/2022,RNM,CA,AWP,WE,Federal Contract Tower,0,0,5,0,5,0,0,117,0,117,0,0,122,0,122,260,0,260,382
04/28/2022,RNM,CA,AWP,WE,Federal Contract Tower,0,0,10,0,10,0,0,79,0,79,0,0,89,0,89,178,0,178,267
04/29/2022,RNM,CA,AWP,WE,Federal Contract Tower,0,0,5,0,5,0,0,160,0,160,0,0,165,0,165,279,0,279,444
04/30/2022,RNM,CA,AWP,WE,Federal Contract Tower,0,0,3,0,3,0,1,192,0,193,0,1,195,0,196,322,0,322,518
05/01/2022,RNM,CA,AWP,WE,Federal Contract Tower,0,0,12,0,12,0,0,99,0,99,0,0,111,0,111,134,0,134,245
05/02/2022,RNM,CA,AWP,WE,Federal Contract Tower,0,0,5,0,5,0,4,113,0,117,0,4,118,0,122,268,14,282,404
05/03/2022,RNM,CA,AWP,WE,Federal Contract Tower,0,0,13,0,13,0,0,120,2,122,0,0,133,2,135,266,3,269,404
05/04/2022,RNM,CA,AWP,WE,Federal Contract Tower,0,0,4,0,4,0,0,227,2,229,0,0,231,2,233,492,0,492,725
05/05/2022,RNM,CA,AWP,WE,Federal Contract Tower,0,0,8,0,8,0,0,118,0,118,0,0,126,0,126,456,0,456,582
05/06/2022,RNM,CA,AWP,WE,Federal Contract Tower,0,0,4,0,4,0,0,152,4,156,0,0,156,4,160,298,10,308,468
05/07/2022,RNM,CA,AWP,WE,Federal Contract Tower,0,0,4,0,4,0,0,121,0,121,0,0,125,0,125,149,0,149,274
05/08/2022,RNM,CA,AWP,WE,Federal Contract Tower,0,0,14,0,14,0,0,17,0,17,0,0,31,0,31,82,0,82,113
05/09/2022,RNM,CA,AWP,WE,Federal Contract Tower,0,0,8,0,8,0,0,90,0,90,0,0,98,0,98,214,0,214,312
05/10/2022,RNM,CA,AWP,WE,Federal Contract Tower,0,1,3,0,4,0,0,135,0,135,0,1,138,0,139,286,0,286,425
05/11/2022,RNM,CA,AWP,WE,Federal Contract Tower,0,4,8,0,12,0,0,135,2,137,0,4,143,2,149,144,8,152,301
05/12/2022,RNM,CA,AWP,WE,Federal Contract Tower,0,0,4,0,4,0,0,161,2,163,0,0,165,2,167,410,2,412,579
05/13/2022,RNM,CA,AWP,WE,Federal Contract Tower,0,2,0,0,2,0,0,136,0,136,0,2,136,0,138,392,0,392,530
05/14/2022,RNM,CA,AWP,WE,Federal Contract Tower,0,0,4,0,4,0,0,130,0,130,0,0,134,0,134,274,0,274,408
05/15/2022,RNM,CA,AWP,WE,Federal Contract Tower,0,0,1,0,1,0,0,78,0,78,0,0,79,0,79,186,0,186,265
05/16/2022,RNM,CA,AWP,WE,Federal Contract Tower,0,2,1,0,3,0,0,115,0,115,0,2,116,0,118,232,0,232,350
05/17/2022,RNM,CA,AWP,WE,Federal Contract Tower,0,0,6,0,6,0,0,86,0,86,0,0,92,0,92,150,0,150,242
05/18/2022,RNM,CA,AWP,WE,Federal Contract Tower,0,0,7,0,7,0,0,118,2,120,0,0,125,2,127,274,0,274,401
05/19/2022,RNM,CA,AWP,WE,Federal Contract Tower,0,0,4,0,4,0,0,93,2,95,0,0,97,2,99,222,0,222,321
05/20/2022,RNM,CA,AWP,WE,Federal Contract Tower,0,0,14,0,14,0,0,36,0,36,0,0,50,0,50,186,0,186,236
05/21/2022,RNM,CA,AWP,WE,Federal Contract Tower,0,0,20,0,20,0,0,42,2,44,0,0,62,2,64,104,0,104,168
05/22/2022,RNM,CA,AWP,WE,Federal Contract Tower,0,1,9,0,10,0,0,94,0,94,0,1,103,0,104,172,0,172,276
05/23/2022,RNM,CA,AWP,WE,Federal Contract Tower,0,1,8,0,9,0,0,105,0,105,0,1,113,0,114,212,0,212,326
05/24/2022,RNM,CA,AWP,WE,Federal Contract Tower,0,0,14,0,14,0,0,140,2,142,0,0,154,2,156,344,0,344,500
05/25/2022,RNM,CA,AWP,WE,Federal Contract Tower,0,0,14,0,14,0,0,176,0,176,0,0,190,0,190,322,0,322,512
05/26/2022,RNM,CA,AWP,WE,Federal Contract Tower,0,0,6,0,6,0,0,141,0,141,0,0,147,0,147,332,0,332,479
05/27/2022,RNM,CA,AWP,WE,Federal Contract Tower,0,0,10,0,10,0,0,96,0,96,0,0,106,0,106,202,0,202,308
05/28/2022,RNM,CA,AWP,WE,Federal Contract Tower,0,0,19,0,19,0,0,40,0,40,0,0,59,0,59,148,0,148,207
05/29/2022,RNM,CA,AWP,WE,Federal Contract Tower,0,0,11,0,11,0,0,48,0,48,0,0,59,0,59,138,0,138,197
05/30/2022,RNM,CA,AWP,WE,Federal Contract Tower,0,0,5,0,5,0,0,157,0,157,0,0,162,0,162,242,0,242,404
05/31/2022,RNM,CA,AWP,WE,Federal Contract Tower,0,0,3,0,3,0,0,124,0,124,0,0,127,0,127,326,0,326,453
06/01/2022,RNM,CA,AWP,WE,Federal Contract Tower,0,0,9,0,9,0,0,158,0,158,0,0,167,0,167,360,0,360,527
06/02/2022,RNM,CA,AWP,WE,Federal Contract Tower,0,0,14,0,14,0,0,193,0,193,0,0,207,0,207,342,0,342,549
06/03/2022,RNM,CA,AWP,WE,Federal Contract Tower,0,0,4,0,4,0,0,111,0,111,0,0,115,0,115,272,0,272,387
06/04/2022,RNM,CA,AWP,WE,Federal Contract Tower,0,0,8,0,8,0,0,103,0,103,0,0,111,0,111,320,0,320,431
06/05/2022,RNM,CA,AWP,WE,Federal Contract Tower,0,0,5,0,5,0,0,132,0,132,0,0,137,0,137,152,0,152,289
06/06/2022,RNM,CA,AWP,WE,Federal Contract Tower,0,0,2,0,2,0,0,141,0,141,0,0,143,0,143,334,0,334,477
06/07/2022,RNM,CA,AWP,WE,Federal Contract Tower,0,0,7,0,7,0,0,141,0,141,0,0,148,0,148,308,0,308,456
06/08/2022,RNM,CA,AWP,WE,Federal Contract Tower,0,0,8,0,8,0,0,127,0,127,0,0,135,0,135,282,0,282,417
06/09/2022,RNM,CA,AWP,WE,Federal Contract Tower,0,0,15,0,15,0,0,195,0,195,0,0,210,0,210,398,0,398,608
06/10/2022,RNM,CA,AWP,WE,Federal Contract Tower,0,0,3,0,3,0,0,156,0,156,0,0,159,0,159,304,0,304,463
06/11/2022,RNM,CA,AWP,WE,Federal Contract Tower,0,0,2,0,2,0,2,167,0,169,0,2,169,0,171,364,0,364,535
06/12/2022,RNM,CA,AWP,WE,Federal Contract Tower,0,2,5,0,7,0,0,136,2,138,0,2,141,2,145,316,0,316,461
06/13/2022,RNM,CA,AWP,WE,Federal Contract Tower,0,0,8,0,8,0,2,135,0,137,0,2,143,0,145,166,0,166,311
06/14/2022,RNM,CA,AWP,WE,Federal Contract Tower,0,0,3,0,3,0,0,131,2,133,0,0,134,2,136,360,0,360,496
06/15/2022,RNM,CA,AWP,WE,Federal Contract Tower,0,0,3,0,3,0,0,139,0,139,0,0,142,0,142,486,0,486,628
06/16/2022,RNM,CA,AWP,WE,Federal Contract Tower,0,0,8,0,8,0,0,146,0,146,0,0,154,0,154,346,0,346,500
06/17/2022,RNM,CA,AWP,WE,Federal Contract Tower,0,0,6,0,6,0,0,136,0,136,0,0,142,0,142,310,0,310,452
06/18/2022,RNM,CA,AWP,WE,Federal Contract Tower,0,0,2,0,2,0,0,107,0,107,0,0,109,0,109,248,0,248,357
06/19/2022,RNM,CA,AWP,WE,Federal Contract Tower,0,0,6,0,6,0,0,118,0,118,0,0,124,0,124,264,0,264,388
06/20/2022,RNM,CA,AWP,WE,Federal Contract Tower,0,0,1,0,1,0,0,127,0,127,0,0,128,0,128,194,0,194,322
06/21/2022,RNM,CA,AWP,WE,Federal Contract Tower,0,0,3,0,3,0,0,173,0,173,0,0,176,0,176,160,0,160,336
06/22/2022,RNM,CA,AWP,WE,Federal Contract Tower,0,0,0,0,0,0,0,99,0,99,0,0,99,0,99,312,0,312,411
06/23/2022,RNM,CA,AWP,WE,Federal Contract Tower,0,0,2,0,2,0,2,150,0,152,0,2,152,0,154,282,0,282,436
06/24/2022,RNM,CA,AWP,WE,Federal Contract Tower,0,0,3,0,3,0,0,233,0,233,0,0,236,0,236,366,0,366,602
06/25/2022,RNM,CA,AWP,WE,Federal Contract Tower,0,0,1,0,1,0,0,134,0,134,0,0,135,0,135,292,0,292,427
06/26/2022,RNM,CA,AWP,WE,Federal Contract Tower,0,0,2,0,2,0,0,127,0,127,0,0,129,0,129,192,0,192,321
06/27/2022,RNM,CA,AWP,WE,Federal Contract Tower,0,0,10,0,10,0,0,128,0,128,0,0,138,0,138,264,0,264,402
06/28/2022,RNM,CA,AWP,WE,Federal Contract Tower,0,2,4,0,6,0,0,116,2,118,0,2,120,2,124,253,0,253,377
06/29/2022,RNM,CA,AWP,WE,Federal Contract Tower,0,0,8,0,8,0,0,119,2,121,0,0,127,2,129,180,0,180,309
06/30/2022,RNM,CA,AWP,WE,Federal Contract Tower,0,0,5,0,5,0,0,152,2,154,0,0,157,2,159,310,0,310,469
07/01/2022,RNM,CA,AWP,WE,Federal Contract Tower,0,0,12,0,12,0,0,186,0,186,0,0,198,0,198,276,0,276,474
07/02/2022,RNM,CA,AWP,WE,Federal Contract Tower,0,0,4,0,4,0,0,175,0,175,0,0,179,0,179,302,0,302,481
07/03/2022,RNM,CA,AWP,WE,Federal Contract Tower,0,0,5,0,5,0,0,107,0,107,0,0,112,0,112,324,0,324,436
07/04/2022,RNM,CA,AWP,WE,Federal Contract Tower,0,0,2,0,2,0,0,102,0,102,0,0,104,0,104,90,0,90,194
07/05/2022,RNM,CA,AWP,WE,Federal Contract Tower,0,0,5,0,5,0,0,104,0,104,0,0,109,0,109,245,0,245,354
07/06/2022,RNM,CA,AWP,WE,Federal Contract Tower,0,0,12,0,12,0,0,141,0,141,0,0,153,0,153,320,0,320,473
07/07/2022,RNM,CA,AWP,WE,Federal Contract Tower,0,0,4,0,4,0,0,144,0,144,0,0,148,0,148,334,0,334,482
07/08/2022,RNM,CA,AWP,WE,Federal Contract Tower,0,0,8,0,8,0,0,149,0,149,0,0,157,0,157,440,0,440,597
07/09/2022,RNM,CA,AWP,WE,Federal Contract Tower,0,0,5,0,5,0,0,115,0,115,0,0,120,0,120,274,0,274,394
07/10/2022,RNM,CA,AWP,WE,Federal Contract Tower,0,0,5,0,5,0,0,134,0,134,0,0,139,0,139,268,0,268,407
07/11/2022,RNM,CA,AWP,WE,Federal Contract Tower,0,2,4,0,6,0,0,147,0,147,0,2,151,0,153,352,0,352,505
07/12/2022,RNM,CA,AWP,WE,Federal Contract Tower,0,0,2,0,2,0,0,139,0,139,0,0,141,0,141,306,0,306,447
07/13/2022,RNM,CA,AWP,WE,Federal Contract Tower,1,0,1,0,2,0,0,204,0,204,1,0,205,0,206,448,0,448,654
07/14/2022,RNM,CA,AWP,WE,Federal Contract Tower,0,0,1,0,1,0,0,125,0,125,0,0,126,0,126,491,0,491,617
07/15/2022,RNM,CA,AWP,WE,Federal Contract Tower,0,0,0,0,0,0,0,127,0,127,0,0,127,0,127,238,0,238,365
07/16/2022,RNM,CA,AWP,WE,Federal Contract Tower,0,0,5,0,5,0,0,114,0,114,0,0,119,0,119,368,0,368,487
07/17/2022,RNM,CA,AWP,WE,Federal Contract Tower,0,0,3,0,3,0,0,95,0,95,0,0,98,0,98,129,0,129,227
07/18/2022,RNM,CA,AWP,WE,Federal Contract Tower,0,0,1,0,1,0,0,132,2,134,0,0,133,2,135,318,2,320,455
07/19/2022,RNM,CA,AWP,WE,Federal Contract Tower,0,0,3,0,3,0,0,168,4,172,0,0,171,4,175,154,0,154,329
07/20/2022,RNM,CA,AWP,WE,Federal Contract Tower,0,0,1,0,1,0,0,147,0,147,0,0,148,0,148,352,0,352,500
07/21/2022,RNM,CA,AWP,WE,Federal Contract Tower,0,0,3,0,3,0,0,119,0,119,0,0,122,0,122,338,0,338,460
07/22/2022,RNM,CA,AWP,WE,Federal Contract Tower,0,0,3,0,3,0,0,155,2,157,0,0,158,2,160,286,0,286,446
07/23/2022,RNM,CA,AWP,WE,Federal Contract Tower,0,0,6,0,6,0,0,97,0,97,0,0,103,0,103,306,0,306,409
07/24/2022,RNM,CA,AWP,WE,Federal Contract Tower,0,0,6,0,6,0,0,110,0,110,0,0,116,0,116,196,0,196,312
07/25/2022,RNM,CA,AWP,WE,Federal Contract Tower,0,3,6,0,9,0,0,105,0,105,0,3,111,0,114,302,0,302,416
07/26/2022,RNM,CA,AWP,WE,Federal Contract Tower,0,0,8,0,8,0,0,153,2,155,0,0,161,2,163,224,0,224,387
07/27/2022,RNM,CA,AWP,WE,Federal Contract Tower,0,0,2,0,2,0,0,173,0,173,0,0,175,0,175,298,0,298,473
07/28/2022,RNM,CA,AWP,WE,Federal Contract Tower,0,0,4,0,4,0,0,143,0,143,0,0,147,0,147,342,0,342,489
07/29/2022,RNM,CA,AWP,WE,Federal Contract Tower,0,0,3,0,3,0,0,145,0,145,0,0,148,0,148,344,0,344,492
07/30/2022,RNM,CA,AWP,WE,Federal Contract Tower,0,0,2,0,2,0,0,136,0,136,0,0,138,0,138,259,0,259,397
07/31/2022,RNM,CA,AWP,WE,Federal Contract Tower,0,0,2,0,2,0,0,103,0,103,0,0,105,0,105,178,0,178,283
08/01/2022,RNM,CA,AWP,WE,Federal Contract Tower,0,0,7,0,7,0,0,104,2,106,0,0,111,2,113,204,0,204,317
08/02/2022,RNM,CA,AWP,WE,Federal Contract Tower,0,1,0,0,1,0,0,149,0,149,0,1,149,0,150,290,0,290,440
08/03/2022,RNM,CA,AWP,WE,Federal Contract Tower,0,1,1,0,2,0,0,118,0,118,0,1,119,0,120,320,20,340,460
08/04/2022,RNM,CA,AWP,WE,Federal Contract Tower,0,0,5,0,5,0,0,100,0,100,0,0,105,0,105,266,0,266,371
08/05/2022,RNM,CA,AWP,WE,Federal Contract Tower,0,0,4,0,4,0,0,116,0,116,0,0,120,0,120,204,4,208,328
08/06/2022,RNM,CA,AWP,WE,Federal Contract Tower,0,0,1,0,1,0,0,117,0,117,0,0,118,0,118,272,0,272,390
08/07/2022,RNM,CA,AWP,WE,Federal Contract Tower,0,0,1,0,1,0,0,98,0,98,0,0,99,0,99,224,0,224,323
08/09/2022,RNM,CA,AWP,WE,Federal Contract Tower,0,0,1,0,1,0,0,90,4,94,0,0,91,4,95,118,0,118,213
08/10/2022,RNM,CA,AWP,WE,Federal Contract Tower,0,0,0,0,0,0,0,111,0,111,0,0,111,0,111,196,6,202,313
08/11/2022,RNM,CA,AWP,WE,Federal Contract Tower,0,0,3,0,3,0,0,81,0,81,0,0,84,0,84,206,2,208,292
08/12/2022,RNM,CA,AWP,WE,Federal Contract Tower,0,0,2,0,2,0,0,93,0,93,0,0,95,0,95,174,0,174,269
08/13/2022,RNM,CA,AWP,WE,Federal Contract Tower,0,0,3,0,3,0,0,83,0,83,0,0,86,0,86,180,0,180,266
08/14/2022,RNM,CA,AWP,WE,Federal Contract Tower,0,0,0,0,0,0,0,88,2,90,0,0,88,2,90,245,0,245,335
08/15/2022,RNM,CA,AWP,WE,Federal Contract Tower,0,0,2,0,2,0,0,110,2,112,0,0,112,2,114,222,2,224,338
08/16/2022,RNM,CA,AWP,WE,Federal Contract Tower,0,0,2,0,2,0,0,118,0,118,0,0,120,0,120,228,0,228,348
08/17/2022,RNM,CA,AWP,WE,Federal Contract Tower,0,0,2,0,2,0,0,137,0,137,0,0,139,0,139,318,0,318,457
08/18/2022,RNM,CA,AWP,WE,Federal Contract Tower,0,0,4,0,4,0,0,104,0,104,0,0,108,0,108,258,4,262,370
08/19/2022,RNM,CA,AWP,WE,Federal Contract Tower,0,0,5,0,5,0,0,129,0,129,0,0,134,0,134,313,0,313,447
08/20/2022,RNM,CA,AWP,WE,Federal Contract Tower,0,0,6,0,6,0,0,109,0,109,0,0,115,0,115,184,0,184,299
08/21/2022,RNM,CA,AWP,WE,Federal Contract Tower,0,0,10,0,10,0,0,103,0,103,0,0,113,0,113,180,0,180,293
08/22/2022,RNM,CA,AWP,WE,Federal Contract Tower,0,2,2,0,4,0,0,156,0,156,0,2,158,0,160,211,2,213,373
08/23/2022,RNM,CA,AWP,WE,Federal Contract Tower,0,0,4,0,4,0,0,132,0,132,0,0,136,0,136,338,0,338,474
08/24/2022,RNM,CA,AWP,WE,Federal Contract Tower,0,0,4,0,4,0,0,140,2,142,0,0,144,2,146,280,4,284,430
08/25/2022,RNM,CA,AWP,WE,Federal Contract Tower,0,2,5,0,7,0,0,151,4,155,0,2,156,4,162,248,4,252,414
08/26/2022,RNM,CA,AWP,WE,Federal Contract Tower,0,0,2,0,2,0,0,154,0,154,0,0,156,0,156,318,0,318,474
08/27/2022,RNM,CA,AWP,WE,Federal Contract Tower,0,0,5,0,5,0,0,141,0,141,0,0,146,0,146,356,0,356,502
08/28/2022,RNM,CA,AWP,WE,Federal Contract Tower,0,0,1,0,1,0,0,116,0,116,0,0,117,0,117,180,0,180,297
08/29/2022,RNM,CA,AWP,WE,Federal Contract Tower,0,0,2,0,2,0,0,94,6,100,0,0,96,6,102,242,16,258,360
08/30/2022,RNM,CA,AWP,WE,Federal Contract Tower,0,0,2,0,2,0,0,131,0,131,0,0,133,0,133,314,0,314,447
08/31/2022,RNM,CA,AWP,WE,Federal Contract Tower,0,0,0,0,0,0,0,0,0,0,0,0,0,0,0,162,2,164,164
09/01/2022,RNM,CA,AWP,WE,Federal Contract Tower,0,0,0,0,0,0,0,135,0,135,0,0,135,0,135,188,0,188,323
09/03/2022,RNM,CA,AWP,WE,Federal Contract Tower,0,0,3,0,3,0,0,78,0,78,0,0,81,0,81,136,0,136,217
09/04/2022,RNM,CA,AWP,WE,Federal Contract Tower,0,0,1,0,1,0,0,69,0,69,0,0,70,0,70,146,0,146,216
09/05/2022,RNM,CA,AWP,WE,Federal Contract Tower,0,0,3,0,3,0,0,108,0,108,0,0,111,0,111,158,0,158,269
09/06/2022,RNM,CA,AWP,WE,Federal Contract Tower,0,0,2,0,2,0,0,95,0,95,0,0,97,0,97,210,0,210,307
09/07/2022,RNM,CA,AWP,WE,Federal Contract Tower,0,0,1,0,1,0,0,62,0,62,0,0,63,0,63,7,0,7,70
09/08/2022,RNM,CA,AWP,WE,Federal Contract Tower,0,0,5,1,6,0,0,85,2,87,0,0,90,3,93,274,2,276,369
09/09/2022,RNM,CA,AWP,WE,Federal Contract Tower,0,0,0,0,0,0,0,8,0,8,0,0,8,0,8,8,0,8,16
09/10/2022,RNM,CA,AWP,WE,Federal Contract Tower,0,0,10,0,10,0,0,49,0,49,0,0,59,0,59,78,0,78,137
09/11/2022,RNM,CA,AWP,WE,Federal Contract Tower,0,0,3,0,3,0,0,55,0,55,0,0,58,0,58,82,0,82,140
09/12/2022,RNM,CA,AWP,WE,Federal Contract Tower,0,0,10,0,10,0,0,43,2,45,0,0,53,2,55,64,0,64,119
09/13/2022,RNM,CA,AWP,WE,Federal Contract Tower,0,0,8,0,8,0,0,60,0,60,0,0,68,0,68,142,0,142,210
09/14/2022,RNM,CA,AWP,WE,Federal Contract Tower,0,0,4,0,4,0,0,68,0,68,0,0,72,0,72,220,0,220,292
09/15/2022,RNM,CA,AWP,WE,Federal Contract Tower,0,0,15,0,15,0,0,140,0,140,0,0,155,0,155,196,0,196,351
09/16/2022,RNM,CA,AWP,WE,Federal Contract Tower,0,0,3,0,3,0,0,151,0,151,0,0,154,0,154,366,0,366,520
09/17/2022,RNM,CA,AWP,WE,Federal Contract Tower,0,0,6,0,6,0,0,84,0,84,0,0,90,0,90,156,0,156,246
09/18/2022,RNM,CA,AWP,WE,Federal Contract Tower,0,0,9,0,9,0,0,106,0,106,0,0,115,0,115,254,0,254,369
09/19/2022,RNM,CA,AWP,WE,Federal Contract Tower,0,4,3,0,7,0,0,84,0,84,0,4,87,0,91,222,0,222,313
09/20/2022,RNM,CA,AWP,WE,Federal Contract Tower,0,0,3,0,3,0,0,167,0,167,0,0,170,0,170,418,0,418,588
09/21/2022,RNM,CA,AWP,WE,Federal Contract Tower,0,0,2,0,2,0,0,125,0,125,0,0,127,0,127,264,0,264,391
09/22/2022,RNM,CA,AWP,WE,Federal Contract Tower,0,0,2,0,2,0,0,148,0,148,0,0,150,0,150,254,0,254,404
09/23/2022,RNM,CA,AWP,WE,Federal Contract Tower,0,0,2,0,2,0,0,127,0,127,0,0,129,0,129,280,0,280,409
09/24/2022,RNM,CA,AWP,WE,Federal Contract Tower,0,0,2,0,2,0,0,106,0,106,0,0,108,0,108,194,0,194,302
09/25/2022,RNM,CA,AWP,WE,Federal Contract Tower,0,2,0,0,2,0,0,88,0,88,0,2,88,0,90,182,0,182,272
09/26/2022,RNM,CA,AWP,WE,Federal Contract Tower,0,1,5,0,6,0,0,89,0,89,0,1,94,0,95,199,0,199,294
09/27/2022,RNM,CA,AWP,WE,Federal Contract Tower,0,0,0,0,0,0,0,147,0,147,0,0,147,0,147,284,0,284,431
09/28/2022,RNM,CA,AWP,WE,Federal Contract Tower,0,2,10,0,12,0,0,117,2,119,0,2,127,2,131,266,20,286,417
09/29/2022,RNM,CA,AWP,WE,Federal Contract Tower,0,0,5,0,5,0,0,104,2,106,0,0,109,2,111,204,12,216,327
09/30/2022,RNM,CA,AWP,WE,Federal Contract Tower,0,0,12,0,12,0,0,114,0,114,0,0,126,0,126,388,0,388,514
10/01/2022,RNM,CA,AWP,WE,Federal Contract Tower,0,0,5,0,5,0,0,62,0,62,0,0,67,0,67,155,0,155,222
10/02/2022,RNM,CA,AWP,WE,Federal Contract Tower,0,1,5,0,6,0,0,76,0,76,0,1,81,0,82,238,0,238,320
10/03/2022,RNM,CA,AWP,WE,Federal Contract Tower,0,0,7,0,7,0,0,127,0,127,0,0,134,0,134,308,0,308,442
10/04/2022,RNM,CA,AWP,WE,Federal Contract Tower,0,0,7,0,7,0,0,151,0,151,0,0,158,0,158,344,0,344,502
10/05/2022,RNM,CA,AWP,WE,Federal Contract Tower,0,0,19,0,19,0,0,126,0,126,0,0,145,0,145,248,0,248,393
10/06/2022,RNM,CA,AWP,WE,Federal Contract Tower,0,0,4,0,4,0,0,59,0,59,0,0,63,0,63,130,0,130,193
10/07/2022,RNM,CA,AWP,WE,Federal Contract Tower,0,0,3,0,3,0,0,207,0,207,0,0,210,0,210,492,0,492,702
10/08/2022,RNM,CA,AWP,WE,Federal Contract Tower,0,0,1,0,1,0,0,147,0,147,0,0,148,0,148,260,0,260,408
10/09/2022,RNM,CA,AWP,WE,Federal Contract Tower,0,0,0,0,0,0,0,120,0,120,0,0,120,0,120,278,0,278,398
10/10/2022,RNM,CA,AWP,WE,Federal Contract Tower,0,0,6,0,6,0,0,102,0,102,0,0,108,0,108,269,0,269,377
10/11/2022,RNM,CA,AWP,WE,Federal Contract Tower,0,0,11,0,11,0,0,89,2,91,0,0,100,2,102,156,0,156,258
10/12/2022,RNM,CA,AWP,WE,Federal Contract Tower,0,0,3,0,3,0,0,56,0,56,0,0,59,0,59,138,0,138,197
10/13/2022,RNM,CA,AWP,WE,Federal Contract Tower,0,0,21,0,21,0,0,97,0,97,0,0,118,0,118,258,0,258,376
10/14/2022,RNM,CA,AWP,WE,Federal Contract Tower,0,0,13,0,13,0,0,15,0,15,0,0,28,0,28,50,0,50,78
10/15/2022,RNM,CA,AWP,WE,Federal Contract Tower,0,0,6,0,6,0,0,15,0,15,0,0,21,0,21,66,0,66,87
10/16/2022,RNM,CA,AWP,WE,Federal Contract Tower,0,0,14,0,14,0,0,30,0,30,0,0,44,0,44,130,0,130,174
10/17/2022,RNM,CA,AWP,WE,Federal Contract Tower,0,0,3,0,3,0,0,144,0,144,0,0,147,0,147,322,2,324,471
10/18/2022,RNM,CA,AWP,WE,Federal Contract Tower,0,0,1,0,1,0,0,110,0,110,0,0,111,0,111,186,0,186,297
10/19/2022,RNM,CA,AWP,WE,Federal Contract Tower,0,0,2,0,2,0,0,79,0,79,0,0,81,0,81,242,0,242,323
10/20/2022,RNM,CA,AWP,WE,Federal Contract Tower,0,0,6,0,6,0,0,128,0,128,0,0,134,0,134,246,0,246,380
10/21/2022,RNM,CA,AWP,WE,Federal Contract Tower,0,0,9,0,9,0,0,196,0,196,0,0,205,0,205,402,0,402,607
10/22/2022,RNM,CA,AWP,WE,Federal Contract Tower,0,0,14,0,14,0,0,34,0,34,0,0,48,0,48,96,0,96,144
10/23/2022,RNM,CA,AWP,WE,Federal Contract Tower,0,0,11,0,11,0,0,84,2,86,0,0,95,2,97,248,0,248,345
10/24/2022,RNM,CA,AWP,WE,Federal Contract Tower,0,1,3,0,4,0,0,171,0,171,0,1,174,0,175,223,0,223,398
10/25/2022,RNM,CA,AWP,WE,Federal Contract Tower,0,0,6,0,6,0,0,155,0,155,0,0,161,0,161,268,0,268,429
10/26/2022,RNM,CA,AWP,WE,Federal Contract Tower,0,1,3,0,4,0,0,118,2,120,0,1,121,2,124,334,0,334,458
10/27/2022,RNM,CA,AWP,WE,Federal Contract Tower,0,2,4,0,6,0,0,178,0,178,0,2,182,0,184,284,0,284,468
10/28/2022,RNM,CA,AWP,WE,Federal Contract Tower,0,0,3,0,3,0,0,167,0,167,0,0,170,0,170,441,0,441,611
10/29/2022,RNM,CA,AWP,WE,Federal Contract Tower,0,0,5,0,5,0,0,153,0,153,0,0,158,0,158,208,0,208,366
10/30/2022,RNM,CA,AWP,WE,Federal Contract Tower,0,0,3,0,3,0,0,100,0,100,0,0,103,0,103,280,0,280,383
10/31/2022,RNM,CA,AWP,WE,Federal Contract Tower,0,0,2,0,2,0,0,126,0,126,0,0,128,0,128,356,0,356,484
11/01/2022,RNM,CA,AWP,WE,Federal Contract Tower,0,0,7,0,7,0,0,114,0,114,0,0,121,0,121,284,0,284,405
11/02/2022,RNM,CA,AWP,WE,Federal Contract Tower,0,0,12,0,12,0,0,47,0,47,0,0,59,0,59,76,0,76,135
11/03/2022,RNM,CA,AWP,WE,Federal Contract Tower,0,0,0,0,0,0,0,14,6,20,0,0,14,6,20,4,0,4,24
11/04/2022,RNM,CA,AWP,WE,Federal Contract Tower,0,0,3,0,3,0,0,75,0,75,0,0,78,0,78,178,0,178,256
11/05/2022,RNM,CA,AWP,WE,Federal Contract Tower,0,0,7,0,7,0,0,186,0,186,0,0,193,0,193,372,0,372,565
11/06/2022,RNM,CA,AWP,WE,Federal Contract Tower,0,2,3,0,5,0,0,118,0,118,0,2,121,0,123,338,0,338,461
11/07/2022,RNM,CA,AWP,WE,Federal Contract Tower,0,0,9,0,9,0,0,20,0,20,0,0,29,0,29,138,0,138,167
11/08/2022,RNM,CA,AWP,WE,Federal Contract Tower,0,0,0,0,0,0,0,4,2,6,0,0,4,2,6,2,0,2,8
11/10/2022,RNM,CA,AWP,WE,Federal Contract Tower,0,1,2,0,3,0,0,157,0,157,0,1,159,0,160,233,0,233,393
11/11/2022,RNM,CA,AWP,WE,Federal Contract Tower,0,0,1,0,1,0,0,116,0,116,0,0,117,0,117,358,0,358,475
11/12/2022,RNM,CA,AWP,WE,Federal Contract Tower,0,0,0,0,0,0,0,121,0,121,0,0,121,0,121,324,0,324,445
11/13/2022,RNM,CA,AWP,WE,Federal Contract Tower,0,0,14,0,14,0,0,64,0,64,0,0,78,0,78,196,0,196,274
11/14/2022,RNM,CA,AWP,WE,Federal Contract Tower,0,2,0,0,2,0,0,93,0,93,0,2,93,0,95,311,0,311,406
11/15/2022,RNM,CA,AWP,WE,Federal Contract Tower,0,0,1,0,1,0,0,146,0,146,0,0,147,0,147,274,0,274,421
11/16/2022,RNM,CA,AWP,WE,Federal Contract Tower,0,0,1,0,1,0,0,32,0,32,0,0,33,0,33,16,0,16,49
11/17/2022,RNM,CA,AWP,WE,Federal Contract Tower,0,0,1,0,1,0,0,138,0,138,0,0,139,0,139,130,0,130,269
11/18/2022,RNM,CA,AWP,WE,Federal Contract Tower,0,0,4,0,4,0,0,161,0,161,0,0,165,0,165,276,0,276,441
11/19/2022,RNM,CA,AWP,WE,Federal Contract Tower,0,0,4,0,4,0,0,58,0,58,0,0,62,0,62,172,0,172,234
11/20/2022,RNM,CA,AWP,WE,Federal Contract Tower,0,0,1,0,1,0,0,129,0,129,0,0,130,0,130,218,0,218,348
11/21/2022,RNM,CA,AWP,WE,Federal Contract Tower,0,0,2,0,2,0,0,119,0,119,0,0,121,0,121,276,0,276,397
11/22/2022,RNM,CA,AWP,WE,Federal Contract Tower,0,0,2,0,2,0,0,179,3,182,0,0,181,3,184,222,0,222,406
11/23/2022,RNM,CA,AWP,WE,Federal Contract Tower,0,0,5,0,5,0,0,165,0,165,0,0,170,0,170,320,0,320,490
11/24/2022,RNM,CA,AWP,WE,Federal Contract Tower,0,0,0,0,0,0,0,6,0,6,0,0,6,0,6,14,0,14,20
11/25/2022,RNM,CA,AWP,WE,Federal Contract Tower,0,0,1,0,1,0,0,70,0,70,0,0,71,0,71,96,0,96,167
11/26/2022,RNM,CA,AWP,WE,Federal Contract Tower,0,0,0,0,0,0,0,112,0,112,0,0,112,0,112,274,0,274,386
11/27/2022,RNM,CA,AWP,WE,Federal Contract Tower,0,0,7,0,7,0,0,102,0,102,0,0,109,0,109,256,0,256,365
11/28/2022,RNM,CA,AWP,WE,Federal Contract Tower,0,0,14,0,14,0,0,39,0,39,0,0,53,0,53,124,0,124,177
11/29/2022,RNM,CA,AWP,WE,Federal Contract Tower,0,0,10,0,10,0,0,60,0,60,0,0,70,0,70,174,0,174,244
11/30/2022,RNM,CA,AWP,WE,Federal Contract Tower,0,0,15,0,15,0,0,71,0,71,0,0,86,0,86,160,0,160,246
12/01/2022,RNM,CA,AWP,WE,Federal Contract Tower,0,0,5,0,5,0,0,39,2,41,0,0,44,2,46,184,6,190,236
12/02/2022,RNM,CA,AWP,WE,Federal Contract Tower,0,0,4,0,4,0,0,82,0,82,0,0,86,0,86,268,0,268,354
12/03/2022,RNM,CA,AWP,WE,Federal Contract Tower,0,1,0,0,1,0,0,132,0,132,0,1,132,0,133,268,0,268,401
12/04/2022,RNM,CA,AWP,WE,Federal Contract Tower,0,1,3,0,4,0,0,107,0,107,0,1,110,0,111,224,0,224,335
12/05/2022,RNM,CA,AWP,WE,Federal Contract Tower,0,0,5,0,5,0,0,64,0,64,0,0,69,0,69,168,0,168,237
12/06/2022,RNM,CA,AWP,WE,Federal Contract Tower,0,0,10,0,10,0,0,55,0,55,0,0,65,0,65,84,0,84,149
12/07/2022,RNM,CA,AWP,WE,Federal Contract Tower,0,0,7,0,7,0,0,72,0,72,0,0,79,0,79,224,0,224,303
12/08/2022,RNM,CA,AWP,WE,Federal Contract Tower,0,0,4,0,4,0,0,184,0,184,0,0,188,0,188,258,0,258,446
12/10/2022,RNM,CA,AWP,WE,Federal Contract Tower,0,0,0,0,0,0,0,158,0,158,0,0,158,0,158,355,0,355,513
12/11/2022,RNM,CA,AWP,WE,Federal Contract Tower,0,0,0,0,0,0,0,3,0,3,0,0,3,0,3,12,0,12,15
12/12/2022,RNM,CA,AWP,WE,Federal Contract Tower,0,1,5,0,6,0,0,6,0,6,0,1,11,0,12,38,0,38,50
12/13/2022,RNM,CA,AWP,WE,Federal Contract Tower,0,0,12,0,12,0,0,125,0,125,0,0,137,0,137,289,0,289,426
12/14/2022,RNM,CA,AWP,WE,Federal Contract Tower,0,1,7,0,8,0,0,178,0,178,0,1,185,0,186,335,0,335,521
12/15/2022,RNM,CA,AWP,WE,Federal Contract Tower,0,1,5,0,6,0,0,152,0,152,0,1,157,0,158,334,0,334,492
12/16/2022,RNM,CA,AWP,WE,Federal Contract Tower,0,0,5,0,5,0,0,173,0,173,0,0,178,0,178,394,0,394,572
12/17/2022,RNM,CA,AWP,WE,Federal Contract Tower,0,0,0,0,0,0,0,93,0,93,0,0,93,0,93,309,0,309,402
12/18/2022,RNM,CA,AWP,WE,Federal Contract Tower,0,0,3,0,3,0,0,157,0,157,0,0,160,0,160,294,0,294,454
12/19/2022,RNM,CA,AWP,WE,Federal Contract Tower,0,1,7,0,8,0,0,99,0,99,0,1,106,0,107,220,0,220,327
12/20/2022,RNM,CA,AWP,WE,Federal Contract Tower,0,1,1,0,2,0,0,172,2,174,0,1,173,2,176,430,6,436,612
12/21/2022,RNM,CA,AWP,WE,Federal Contract Tower,0,3,2,0,5,0,0,231,4,235,0,3,233,4,240,308,0,308,548
12/22/2022,RNM,CA,AWP,WE,Federal Contract Tower,0,0,0,0,0,0,0,142,0,142,0,0,142,0,142,248,0,248,390
12/23/2022,RNM,CA,AWP,WE,Federal Contract Tower,0,0,1,0,1,0,0,126,0,126,0,0,127,0,127,260,0,260,387
12/24/2022,RNM,CA,AWP,WE,Federal Contract Tower,0,0,0,0,0,0,0,76,0,76,0,0,76,0,76,88,0,88,164
12/25/2022,RNM,CA,AWP,WE,Federal Contract Tower,0,0,0,0,0,0,0,31,2,33,0,0,31,2,33,46,0,46,79
12/26/2022,RNM,CA,AWP,WE,Federal Contract Tower,0,0,0,0,0,0,0,112,0,112,0,0,112,0,112,256,0,256,368
12/27/2022,RNM,CA,AWP,WE,Federal Contract Tower,0,0,4,0,4,0,0,64,0,64,0,0,68,0,68,228,0,228,296
12/28/2022,RNM,CA,AWP,WE,Federal Contract Tower,0,0,7,0,7,0,0,27,2,29,0,0,34,2,36,34,0,34,70
12/29/2022,RNM,CA,AWP,WE,Federal Contract Tower,0,0,11,0,11,0,0,36,0,36,0,0,47,0,47,88,0,88,135
12/30/2022,RNM,CA,AWP,WE,Federal Contract Tower,0,0,16,0,16,0,0,7,0,7,0,0,23,0,23,16,0,16,39
12/31/2022,RNM,CA,AWP,WE,Federal Contract Tower,0,0,3,0,3,0,0,0,0,0,0,0,3,0,3,0,0,0,3
01/01/2023,RNM,CA,AWP,WE,Federal Contract Tower,0,0,1,0,1,0,0,0,0,0,0,0,1,0,1,0,0,0,1
01/02/2023,RNM,CA,AWP,WE,Federal Contract Tower,0,0,9,0,9,0,0,26,0,26,0,0,35,0,35,110,0,110,145
01/03/2023,RNM,CA,AWP,WE,Federal Contract Tower,0,0,6,0,6,0,0,1,0,1,0,0,7,0,7,1,0,1,8
01/04/2023,RNM,CA,AWP,WE,Federal Contract Tower,0,0,3,0,3,0,0,16,0,16,0,0,19,0,19,50,0,50,69
01/05/2023,RNM,CA,AWP,WE,Federal Contract Tower,0,0,2,0,2,0,0,0,0,0,0,0,2,0,2,0,0,0,2
01/06/2023,RNM,CA,AWP,WE,Federal Contract Tower,0,0,7,0,7,0,0,155,0,155,0,0,162,0,162,436,0,436,598
01/07/2023,RNM,CA,AWP,WE,Federal Contract Tower,0,0,3,0,3,0,0,148,0,148,0,0,151,0,151,360,0,360,511
01/08/2023,RNM,CA,AWP,WE,Federal Contract Tower,0,0,3,0,3,0,0,125,0,125,0,0,128,0,128,398,0,398,526
01/09/2023,RNM,CA,AWP,WE,Federal Contract Tower,0,0,3,0,3,0,0,70,0,70,0,0,73,0,73,286,0,286,359
01/10/2023,RNM,CA,AWP,WE,Federal Contract Tower,0,0,1,0,1,0,0,0,0,0,0,0,1,0,1,0,0,0,1
01/11/2023,RNM,CA,AWP,WE,Federal Contract Tower,0,0,6,0,6,0,0,154,2,156,0,0,160,2,162,310,0,310,472
01/12/2023,RNM,CA,AWP,WE,Federal Contract Tower,0,0,5,0,5,0,0,175,4,179,0,0,180,4,184,428,0,428,612
01/13/2023,RNM,CA,AWP,WE,Federal Contract Tower,0,0,1,0,1,0,0,189,0,189,0,0,190,0,190,442,0,442,632
01/14/2023,RNM,CA,AWP,WE,Federal Contract Tower,0,0,4,0,4,0,0,35,0,35,0,0,39,0,39,94,0,94,133
01/15/2023,RNM,CA,AWP,WE,Federal Contract Tower,0,0,4,0,4,0,0,0,0,0,0,0,4,0,4,0,0,0,4
01/16/2023,RNM,CA,AWP,WE,Federal Contract Tower,0,0,4,0,4,0,0,0,0,0,0,0,4,0,4,0,0,0,4
01/17/2023,RNM,CA,AWP,WE,Federal Contract Tower,0,0,13,0,13,0,0,34,0,34,0,0,47,0,47,86,0,86,133
01/18/2023,RNM,CA,AWP,WE,Federal Contract Tower,0,1,2,0,3,0,0,154,0,154,0,1,156,0,157,326,0,326,483
01/19/2023,RNM,CA,AWP,WE,Federal Contract Tower,0,0,9,0,9,0,0,146,2,148,0,0,155,2,157,270,0,270,427
01/20/2023,RNM,CA,AWP,WE,Federal Contract Tower,0,0,9,0,9,0,0,158,0,158,0,0,167,0,167,404,6,410,577
01/21/2023,RNM,CA,AWP,WE,Federal Contract Tower,0,1,6,0,7,0,0,129,0,129,0,1,135,0,136,326,0,326,462
01/22/2023,RNM,CA,AWP,WE,Federal Contract Tower,0,0,5,0,5,0,0,117,0,117,0,0,122,0,122,286,0,286,408
01/23/2023,RNM,CA,AWP,WE,Federal Contract Tower,0,2,4,0,6,0,0,86,0,86,0,2,90,0,92,156,0,156,248
01/24/2023,RNM,CA,AWP,WE,Federal Contract Tower,0,0,0,0,0,0,0,175,5,180,0,0,175,5,180,405,2,407,587
01/25/2023,RNM,CA,AWP,WE,Federal Contract Tower,0,2,1,0,3,0,0,126,0,126,0,2,127,0,129,304,0,304,433
01/26/2023,RNM,CA,AWP,WE,Federal Contract Tower,0,0,5,0,5,0,0,25,0,25,0,0,30,0,30,40,0,40,70
01/27/2023,RNM,CA,AWP,WE,Federal Contract Tower,0,0,4,0,4,0,0,156,0,156,0,0,160,0,160,380,0,380,540
01/28/2023,RNM,CA,AWP,WE,Federal Contract Tower,0,0,12,0,12,0,0,147,0,147,0,0,159,0,159,358,0,358,517
01/29/2023,RNM,CA,AWP,WE,Federal Contract Tower,0,0,5,0,5,0,0,7,0,7,0,0,12,0,12,68,0,68,80
01/30/2023,RNM,CA,AWP,WE,Federal Contract Tower,0,0,2,0,2,0,0,9,0,9,0,0,11,0,11,30,0,30,41
01/31/2023,RNM,CA,AWP,WE,Federal Contract Tower,0,0,4,0,4,0,0,128,0,128,0,0,132,0,132,298,0,298,430
02/01/2023,RNM,CA,AWP,WE,Federal Contract Tower,0,2,1,0,3,0,0,185,2,187,0,2,186,2,190,358,0,358,548
02/02/2023,RNM,CA,AWP,WE,Federal Contract Tower,0,2,4,0,6,0,0,158,2,160,0,2,162,2,166,362,0,362,528
02/03/2023,RNM,CA,AWP,WE,Federal Contract Tower,0,0,1,0,1,0,0,190,0,190,0,0,191,0,191,370,0,370,561
02/04/2023,RNM,CA,AWP,WE,Federal Contract Tower,0,0,0,0,0,0,0,142,0,142,0,0,142,0,142,284,0,284,426
02/05/2023,RNM,CA,AWP,WE,Federal Contract Tower,0,2,5,0,7,0,0,50,0,50,0,2,55,0,57,102,0,102,159
02/06/2023,RNM,CA,AWP,WE,Federal Contract Tower,0,1,4,0,5,0,0,135,8,143,0,1,139,8,148,262,14,276,424
02/07/2023,RNM,CA,AWP,WE,Federal Contract Tower,0,1,9,0,10,0,0,125,4,129,0,1,134,4,139,274,2,276,415
02/09/2023,RNM,CA,AWP,WE,Federal Contract Tower,0,0,1,0,1,0,0,116,0,116,0,0,117,0,117,226,0,226,343
02/10/2023,RNM,CA,AWP,WE,Federal Contract Tower,0,0,0,0,0,0,0,74,0,74,0,0,74,0,74,182,0,182,256
02/11/2023,RNM,CA,AWP,WE,Federal Contract Tower,0,0,8,0,8,0,0,44,0,44,0,0,52,0,52,146,0,146,198
02/13/2023,RNM,CA,AWP,WE,Federal Contract Tower,0,2,14,0,16,0,0,73,2,75,0,2,87,2,91,292,0,292,383
02/14/2023,RNM,CA,AWP,WE,Federal Contract Tower,0,0,2,0,2,0,0,0,0,0,0,0,2,0,2,0,0,0,2
02/15/2023,RNM,CA,AWP,WE,Federal Contract Tower,0,0,5,0,5,0,0,107,2,109,0,0,112,2,114,182,6,188,302
02/16/2023,RNM,CA,AWP,WE,Federal Contract Tower,0,2,1,0,3,0,0,80,0,80,0,2,81,0,83,190,0,190,273
02/17/2023,RNM,CA,AWP,WE,Federal Contract Tower,0,0,2,0,2,0,0,96,0,96,0,0,98,0,98,244,0,244,342
02/18/2023,RNM,CA,AWP,WE,Federal Contract Tower,0,0,5,0,5,0,0,179,0,179,0,0,184,0,184,318,0,318,502
02/19/2023,RNM,CA,AWP,WE,Federal Contract Tower,0,2,3,0,5,0,0,131,0,131,0,2,134,0,136,145,0,145,281
02/20/2023,RNM,CA,AWP,WE,Federal Contract Tower,0,0,1,0,1,0,0,196,0,196,0,0,197,0,197,310,0,310,507
02/21/2023,RNM,CA,AWP,WE,Federal Contract Tower,0,0,5,0,5,0,0,87,0,87,0,0,92,0,92,234,0,234,326
02/22/2023,RNM,CA,AWP,WE,Federal Contract Tower,0,0,0,0,0,0,0,10,4,14,0,0,10,4,14,0,0,0,14
02/23/2023,RNM,CA,AWP,WE,Federal Contract Tower,0,2,0,0,2,0,0,10,4,14,0,2,10,4,16,0,0,0,16
02/24/2023,RNM,CA,AWP,WE,Federal Contract Tower,0,0,1,2,3,0,0,18,0,18,0,0,19,2,21,54,2,56,77
02/25/2023,RNM,CA,AWP,WE,Federal Contract Tower,0,0,0,0,0,0,0,0,0,0,0,0,0,0,0,0,0,0,0
02/26/2023,RNM,CA,AWP,WE,Federal Contract Tower,0,0,4,0,4,0,0,47,2,49,0,0,51,2,53,158,4,162,215
02/27/2023,RNM,CA,AWP,WE,Federal Contract Tower,0,0,4,0,4,0,0,103,0,103,0,0,107,0,107,324,0,324,431
02/28/2023,RNM,CA,AWP,WE,Federal Contract Tower,0,0,9,0,9,0,0,25,2,27,0,0,34,2,36,96,0,96,132
03/01/2023,RNM,CA,AWP,WE,Federal Contract Tower,0,0,1,0,1,0,0,2,0,2,0,0,3,0,3,0,0,0,3
03/02/2023,RNM,CA,AWP,WE,Federal Contract Tower,0,0,4,1,5,0,0,219,0,219,0,0,223,1,224,442,0,442,666
03/03/2023,RNM,CA,AWP,WE,Federal Contract Tower,0,0,3,0,3,0,0,222,0,222,0,0,225,0,225,532,0,532,757
03/04/2023,RNM,CA,AWP,WE,Federal Contract Tower,0,0,8,0,8,0,0,33,0,33,0,0,41,0,41,106,0,106,147
03/05/2023,RNM,CA,AWP,WE,Federal Contract Tower,0,0,13,0,13,0,0,62,0,62,0,0,75,0,75,264,0,264,339
03/06/2023,RNM,CA,AWP,WE,Federal Contract Tower,0,2,12,0,14,0,0,101,0,101,0,2,113,0,115,168,0,168,283
03/07/2023,RNM,CA,AWP,WE,Federal Contract Tower,0,0,4,0,4,0,0,143,4,147,0,0,147,4,151,364,0,364,515
03/08/2023,RNM,CA,AWP,WE,Federal Contract Tower,0,2,9,0,11,0,0,145,10,155,0,2,154,10,166,308,18,326,492
03/09/2023,RNM,CA,AWP,WE,Federal Contract Tower,0,0,5,0,5,0,0,181,0,181,0,0,186,0,186,310,0,310,496
03/10/2023,RNM,CA,AWP,WE,Federal Contract Tower,0,0,18,0,18,0,0,19,0,19,0,0,37,0,37,80,0,80,117
03/11/2023,RNM,CA,AWP,WE,Federal Contract Tower,0,0,1,0,1,0,0,0,0,0,0,0,1,0,1,0,0,0,1
03/13/2023,RNM,CA,AWP,WE,Federal Contract Tower,0,0,3,0,3,0,0,11,0,11,0,0,14,0,14,2,0,2,16
03/14/2023,RNM,CA,AWP,WE,Federal Contract Tower,0,0,5,0,5,0,0,10,1,11,0,0,15,1,16,34,0,34,50
03/15/2023,RNM,CA,AWP,WE,Federal Contract Tower,0,0,0,0,0,0,0,0,0,0,0,0,0,0,0,0,0,0,0
03/16/2023,RNM,CA,AWP,WE,Federal Contract Tower,0,1,22,0,23,0,0,45,2,47,0,1,67,2,70,144,2,146,216
03/17/2023,RNM,CA,AWP,WE,Federal Contract Tower,0,0,10,0,10,0,0,233,0,233,0,0,243,0,243,470,0,470,713
03/18/2023,RNM,CA,AWP,WE,Federal Contract Tower,0,1,7,0,8,0,0,159,0,159,0,1,166,0,167,234,0,234,401
03/19/2023,RNM,CA,AWP,WE,Federal Contract Tower,0,0,4,0,4,0,0,92,0,92,0,0,96,0,96,252,0,252,348
03/20/2023,RNM,CA,AWP,WE,Federal Contract Tower,0,0,6,0,6,0,0,0,0,0,0,0,6,0,6,4,0,4,10
03/21/2023,RNM,CA,AWP,WE,Federal Contract Tower,0,2,1,0,3,0,0,0,0,0,0,2,1,0,3,0,0,0,3
03/22/2023,RNM,CA,AWP,WE,Federal Contract Tower,0,0,4,0,4,0,0,17,6,23,0,0,21,6,27,28,2,30,57
03/23/2023,RNM,CA,AWP,WE,Federal Contract Tower,0,0,7,0,7,0,0,17,0,17,0,0,24,0,24,28,0,28,52
03/24/2023,RNM,CA,AWP,WE,Federal Contract Tower,0,0,11,0,11,0,0,119,0,119,0,0,130,0,130,292,0,292,422
03/25/2023,RNM,CA,AWP,WE,Federal Contract Tower,0,0,5,0,5,0,0,190,0,190,0,0,195,0,195,294,0,294,489
03/26/2023,RNM,CA,AWP,WE,Federal Contract Tower,0,2,5,0,7,0,0,208,0,208,0,2,213,0,215,348,0,348,563
03/27/2023,RNM,CA,AWP,WE,Federal Contract Tower,0,0,9,0,9,0,0,163,2,165,0,0,172,2,174,194,0,194,368
03/28/2023,RNM,CA,AWP,WE,Federal Contract Tower,0,0,6,0,6,0,0,231,0,231,0,0,237,0,237,364,0,364,601
03/29/2023,RNM,CA,AWP,WE,Federal Contract Tower,0,2,4,0,6,0,0,0,0,0,0,2,4,0,6,0,0,0,6
03/30/2023,RNM,CA,AWP,WE,Federal Contract Tower,0,0,2,0,2,0,0,3,0,3,0,0,5,0,5,0,0,0,5
03/31/2023,RNM,CA,AWP,WE,Federal Contract Tower,0,0,4,0,4,0,0,255,0,255,0,0,259,0,259,340,0,340,599
04/01/2023,RNM,CA,AWP,WE,Federal Contract Tower,0,2,1,0,3,0,0,243,0,243,0,2,244,0,246,306,0,306,552
04/02/2023,RNM,CA,AWP,WE,Federal Contract Tower,0,0,7,0,7,0,0,207,0,207,0,0,214,0,214,272,0,272,486
04/03/2023,RNM,CA,AWP,WE,Federal Contract Tower,0,0,5,0,5,0,0,14,0,14,0,0,19,0,19,64,0,64,83
04/04/2023,RNM,CA,AWP,WE,Federal Contract Tower,0,0,5,0,5,0,0,133,2,135,0,0,138,2,140,340,0,340,480
04/05/2023,RNM,CA,AWP,WE,Federal Contract Tower,0,0,5,0,5,0,0,141,0,141,0,0,146,0,146,416,0,416,562
04/06/2023,RNM,CA,AWP,WE,Federal Contract Tower,0,1,5,0,6,0,0,171,0,171,0,1,176,0,177,396,0,396,573
04/07/2023,RNM,CA,AWP,WE,Federal Contract Tower,0,0,3,0,3,0,0,216,0,216,0,0,219,0,219,458,0,458,677
04/08/2023,RNM,CA,AWP,WE,Federal Contract Tower,0,0,5,0,5,0,0,151,0,151,0,0,156,0,156,392,0,392,548
04/09/2023,RNM,CA,AWP,WE,Federal Contract Tower,0,0,7,0,7,0,0,97,0,97,0,0,104,0,104,208,0,208,312
04/10/2023,RNM,CA,AWP,WE,Federal Contract Tower,0,0,3,0,3,0,0,127,0,127,0,0,130,0,130,274,0,274,404
04/11/2023,RNM,CA,AWP,WE,Federal Contract Tower,0,2,13,0,15,0,0,96,0,96,0,2,109,0,111,188,0,188,299
04/12/2023,RNM,CA,AWP,WE,Federal Contract Tower,0,0,22,0,22,0,0,2,0,2,0,0,24,0,24,2,0,2,26
04/13/2023,RNM,CA,AWP,WE,Federal Contract Tower,0,2,19,0,21,0,0,0,0,0,0,2,19,0,21,0,0,0,21
04/14/2023,RNM,CA,AWP,WE,Federal Contract Tower,0,0,25,0,25,0,0,70,0,70,0,0,95,0,95,156,0,156,251
04/15/2023,RNM,CA,AWP,WE,Federal Contract Tower,0,0,3,0,3,0,0,168,0,168,0,0,171,0,171,330,0,330,501
04/16/2023,RNM,CA,AWP,WE,Federal Contract Tower,0,0,17,0,17,0,0,45,0,45,0,0,62,0,62,28,0,28,90
04/17/2023,RNM,CA,AWP,WE,Federal Contract Tower,0,0,17,0,17,0,0,23,0,23,0,0,40,0,40,58,0,58,98
04/18/2023,RNM,CA,AWP,WE,Federal Contract Tower,0,0,17,0,17,0,0,58,0,58,0,0,75,0,75,116,0,116,191
04/19/2023,RNM,CA,AWP,WE,Federal Contract Tower,0,0,13,0,13,0,0,193,0,193,0,0,206,0,206,232,0,232,438
04/20/2023,RNM,CA,AWP,WE,Federal Contract Tower,0,1,6,0,7,0,228,0,0,228,0,229,6,0,235,348,0,348,583
04/21/2023,RNM,CA,AWP,WE,Federal Contract Tower,0,0,3,0,3,0,0,219,0,219,0,0,222,0,222,408,0,408,630
04/23/2023,RNM,CA,AWP,WE,Federal Contract Tower,0,0,5,0,5,0,0,138,0,138,0,0,143,0,143,208,0,208,351
04/24/2023,RNM,CA,AWP,WE,Federal Contract Tower,0,0,16,0,16,0,0,127,0,127,0,0,143,0,143,274,0,274,417
04/25/2023,RNM,CA,AWP,WE,Federal Contract Tower,0,0,25,0,25,0,0,74,0,74,0,0,99,0,99,140,0,140,239
04/26/2023,RNM,CA,AWP,WE,Federal Contract Tower,0,0,4,0,4,0,0,206,2,208,0,0,210,2,212,366,0,366,578
04/27/2023,RNM,CA,AWP,WE,Federal Contract Tower,0,0,6,0,6,0,0,198,0,198,0,0,204,0,204,324,0,324,528
04/28/2023,RNM,CA,AWP,WE,Federal Contract Tower,0,0,12,0,12,0,0,188,0,188,0,0,200,0,200,322,0,322,522
04/29/2023,RNM,CA,AWP,WE,Federal Contract Tower,0,0,15,0,15,0,0,171,0,171,0,0,186,0,186,284,0,284,470
04/30/2023,RNM,CA,AWP,WE,Federal Contract Tower,0,0,10,0,10,0,0,122,0,122,0,0,132,0,132,266,0,266,398
05/01/2023,RNM,CA,AWP,WE,Federal Contract Tower,0,0,22,0,22,0,0,34,0,34,0,0,56,0,56,102,0,102,158
05/02/2023,RNM,CA,AWP,WE,Federal Contract Tower,0,2,23,0,25,0,0,77,0,77,0,2,100,0,102,244,0,244,346
05/03/2023,RNM,CA,AWP,WE,Federal Contract Tower,0,2,10,0,12,0,0,131,0,131,0,2,141,0,143,234,0,234,377
05/04/2023,RNM,CA,AWP,WE,Federal Contract Tower,0,0,6,0,6,0,0,12,2,14,0,0,18,2,20,56,0,56,76
05/05/2023,RNM,CA,AWP,WE,Federal Contract Tower,0,0,14,0,14,0,0,67,2,69,0,0,81,2,83,200,0,200,283
05/06/2023,RNM,CA,AWP,WE,Federal Contract Tower,0,0,6,0,6,0,0,127,0,127,0,0,133,0,133,244,0,244,377
05/07/2023,RNM,CA,AWP,WE,Federal Contract Tower,0,3,4,0,7,0,0,170,0,170,0,3,174,0,177,300,0,300,477
05/08/2023,RNM,CA,AWP,WE,Federal Contract Tower,0,1,4,0,5,0,0,183,2,185,0,1,187,2,190,278,0,278,468
05/09/2023,RNM,CA,AWP,WE,Federal Contract Tower,0,0,10,0,10,0,0,123,0,123,0,0,133,0,133,236,0,236,369
05/10/2023,RNM,CA,AWP,WE,Federal Contract Tower,0,1,15,0,16,0,0,72,2,74,0,1,87,2,90,238,0,238,328
05/11/2023,RNM,CA,AWP,WE,Federal Contract Tower,0,2,16,0,18,0,0,166,0,166,0,2,182,0,184,278,0,278,462
05/12/2023,RNM,CA,AWP,WE,Federal Contract Tower,0,0,11,0,11,0,0,137,0,137,0,0,148,0,148,116,0,116,264
05/13/2023,RNM,CA,AWP,WE,Federal Contract Tower,0,0,13,0,13,0,0,143,0,143,0,0,156,0,156,192,0,192,348
05/14/2023,RNM,CA,AWP,WE,Federal Contract Tower,0,0,7,0,7,0,0,109,0,109,0,0,116,0,116,222,0,222,338
05/15/2023,RNM,CA,AWP,WE,Federal Contract Tower,0,0,14,0,14,0,0,116,0,116,0,0,130,0,130,234,0,234,364
05/16/2023,RNM,CA,AWP,WE,Federal Contract Tower,0,0,19,0,19,0,0,200,0,200,0,0,219,0,219,308,0,308,527
05/17/2023,RNM,CA,AWP,WE,Federal Contract Tower,0,0,25,0,25,0,0,146,0,146,0,0,171,0,171,242,0,242,413
05/18/2023,RNM,CA,AWP,WE,Federal Contract Tower,1,0,6,0,7,0,0,59,0,59,1,0,65,0,66,122,0,122,188
05/19/2023,RNM,CA,AWP,WE,Federal Contract Tower,0,3,18,0,21,0,0,83,0,83,0,3,101,0,104,198,0,198,302
05/20/2023,RNM,CA,AWP,WE,Federal Contract Tower,0,1,13,0,14,0,0,148,0,148,0,1,161,0,162,254,0,254,416
05/21/2023,RNM,CA,AWP,WE,Federal Contract Tower,0,2,13,0,15,0,0,140,0,140,0,2,153,0,155,238,0,238,393
05/22/2023,RNM,CA,AWP,WE,Federal Contract Tower,0,2,26,0,28,0,0,76,0,76,0,2,102,0,104,160,0,160,264
05/23/2023,RNM,CA,AWP,WE,Federal Contract Tower,0,0,6,0,6,0,0,0,0,0,0,0,6,0,6,0,0,0,6
05/24/2023,RNM,CA,AWP,WE,Federal Contract Tower,0,0,19,0,19,0,0,2,0,2,0,0,21,0,21,0,0,0,21
05/25/2023,RNM,CA,AWP,WE,Federal Contract Tower,0,0,16,0,16,0,0,154,0,154,0,0,170,0,170,344,0,344,514
05/26/2023,RNM,CA,AWP,WE,Federal Contract Tower,0,0,14,0,14,0,0,139,2,141,0,0,153,2,155,244,0,244,399
05/27/2023,RNM,CA,AWP,WE,Federal Contract Tower,0,0,12,0,12,0,0,86,0,86,0,0,98,0,98,132,0,132,230
05/28/2023,RNM,CA,AWP,WE,Federal Contract Tower,0,0,11,0,11,0,0,49,0,49,0,0,60,0,60,82,0,82,142
05/29/2023,RNM,CA,AWP,WE,Federal Contract Tower,0,0,5,0,5,0,0,2,0,2,0,0,7,0,7,0,0,0,7
05/30/2023,RNM,CA,AWP,WE,Federal Contract Tower,0,0,16,0,16,0,0,40,4,44,0,0,56,4,60,122,0,122,182
05/31/2023,RNM,CA,AWP,WE,Federal Contract Tower,0,0,22,0,22,0,0,30,0,30,0,0,52,0,52,104,0,104,156
06/01/2023,RNM,CA,AWP,WE,Federal Contract Tower,0,0,18,0,18,0,0,22,0,22,0,0,40,0,40,66,0,66,106
06/02/2023,RNM,CA,AWP,WE,Federal Contract Tower,0,0,26,0,26,0,0,130,0,130,0,0,156,0,156,204,0,204,360
06/03/2023,RNM,CA,AWP,WE,Federal Contract Tower,0,0,17,0,17,0,0,87,0,87,0,0,104,0,104,156,0,156,260
06/04/2023,RNM,CA,AWP,WE,Federal Contract Tower,0,1,9,0,10,0,0,149,0,149,0,1,158,0,159,270,0,270,429
06/05/2023,RNM,CA,AWP,WE,Federal Contract Tower,0,3,20,0,23,0,0,53,0,53,0,3,73,0,76,134,0,134,210
06/06/2023,RNM,CA,AWP,WE,Federal Contract Tower,0,0,11,0,11,0,0,109,2,111,0,0,120,2,122,324,0,324,446
06/07/2023,RNM,CA,AWP,WE,Federal Contract Tower,0,0,16,0,16,0,0,72,0,72,0,0,88,0,88,224,0,224,312
06/08/2023,RNM,CA,AWP,WE,Federal Contract Tower,0,1,14,0,15,0,0,162,2,164,0,1,176,2,179,200,0,200,379
06/09/2023,RNM,CA,AWP,WE,Federal Contract Tower,0,0,17,0,17,0,0,94,0,94,0,0,111,0,111,116,0,116,227
06/10/2023,RNM,CA,AWP,WE,Federal Contract Tower,0,0,14,0,14,0,0,13,0,13,0,0,27,0,27,32,0,32,59
06/11/2023,RNM,CA,AWP,WE,Federal Contract Tower,0,0,5,0,5,0,0,2,0,2,0,0,7,0,7,14,0,14,21
06/12/2023,RNM,CA,AWP,WE,Federal Contract Tower,0,0,14,0,14,0,0,24,0,24,0,0,38,0,38,58,0,58,96
06/13/2023,RNM,CA,AWP,WE,Federal Contract Tower,0,0,8,0,8,0,0,73,2,75,0,0,81,2,83,150,4,154,237
06/14/2023,RNM,CA,AWP,WE,Federal Contract Tower,0,0,14,0,14,0,0,92,0,92,0,0,106,0,106,100,0,100,206
06/15/2023,RNM,CA,AWP,WE,Federal Contract Tower,0,2,6,0,8,0,0,103,2,105,0,2,109,2,113,236,2,238,351
06/16/2023,RNM,CA,AWP,WE,Federal Contract Tower,0,0,9,0,9,0,0,174,0,174,0,0,183,0,183,322,0,322,505
06/17/2023,RNM,CA,AWP,WE,Federal Contract Tower,0,0,10,0,10,0,0,218,0,218,0,0,228,0,228,338,0,338,566
06/18/2023,RNM,CA,AWP,WE,Federal Contract Tower,0,0,3,0,3,0,0,131,0,131,0,0,134,0,134,203,0,203,337
06/19/2023,RNM,CA,AWP,WE,Federal Contract Tower,0,0,10,0,10,0,0,115,0,115,0,0,125,0,125,154,0,154,279
06/20/2023,RNM,CA,AWP,WE,Federal Contract Tower,0,0,5,0,5,0,0,211,4,215,0,0,216,4,220,278,0,278,498
06/21/2023,RNM,CA,AWP,WE,Federal Contract Tower,0,0,6,0,6,0,0,206,4,210,0,0,212,4,216,368,6,374,590
06/22/2023,RNM,CA,AWP,WE,Federal Contract Tower,0,0,9,0,9,0,0,174,0,174,0,0,183,0,183,337,0,337,520
06/23/2023,RNM,CA,AWP,WE,Federal Contract Tower,0,0,12,0,12,0,0,155,0,155,0,0,167,0,167,314,0,314,481
06/24/2023,RNM,CA,AWP,WE,Federal Contract Tower,0,0,6,0,6,0,0,157,0,157,0,0,163,0,163,230,0,230,393
06/25/2023,RNM,CA,AWP,WE,Federal Contract Tower,0,0,1,0,1,0,0,151,0,151,0,0,152,0,152,212,0,212,364
06/26/2023,RNM,CA,AWP,WE,Federal Contract Tower,0,0,4,0,4,0,0,175,0,175,0,0,179,0,179,320,0,320,499
06/27/2023,RNM,CA,AWP,WE,Federal Contract Tower,0,0,3,0,3,0,0,194,0,194,0,0,197,0,197,367,0,367,564
06/28/2023,RNM,CA,AWP,WE,Federal Contract Tower,0,1,8,0,9,0,0,142,2,144,0,1,150,2,153,202,2,204,357
06/29/2023,RNM,CA,AWP,WE,Federal Contract Tower,0,1,5,0,6,0,0,142,2,144,0,1,147,2,150,224,0,224,374
06/30/2023,RNM,CA,AWP,WE,Federal Contract Tower,0,1,5,0,6,0,0,168,0,168,0,1,173,0,174,290,0,290,464
07/01/2023,RNM,CA,AWP,WE,Federal Contract Tower,0,0,3,0,3,0,0,170,0,170,0,0,173,0,173,240,0,240,413
07/02/2023,RNM,CA,AWP,WE,Federal Contract Tower,0,0,7,0,7,0,0,135,0,135,0,0,142,0,142,170,0,170,312
07/03/2023,RNM,CA,AWP,WE,Federal Contract Tower,0,2,9,0,11,0,0,160,2,162,0,2,169,2,173,286,0,286,459
07/04/2023,RNM,CA,AWP,WE,Federal Contract Tower,0,0,5,0,5,0,0,81,0,81,0,0,86,0,86,94,0,94,180
07/05/2023,RNM,CA,AWP,WE,Federal Contract Tower,0,0,6,0,6,0,0,187,0,187,0,0,193,0,193,368,0,368,561
07/06/2023,RNM,CA,AWP,WE,Federal Contract Tower,0,3,8,0,11,0,0,144,0,144,0,3,152,0,155,210,0,210,365
07/07/2023,RNM,CA,AWP,WE,Federal Contract Tower,0,0,6,0,6,0,0,132,0,132,0,0,138,0,138,296,0,296,434
07/08/2023,RNM,CA,AWP,WE,Federal Contract Tower,0,0,2,0,2,0,0,166,0,166,0,0,168,0,168,374,0,374,542
07/09/2023,RNM,CA,AWP,WE,Federal Contract Tower,0,0,4,0,4,0,0,142,0,142,0,0,146,0,146,256,0,256,402
07/10/2023,RNM,CA,AWP,WE,Federal Contract Tower,0,4,5,0,9,0,0,164,0,164,0,4,169,0,173,356,0,356,529
07/11/2023,RNM,CA,AWP,WE,Federal Contract Tower,0,0,1,0,1,0,0,154,4,158,0,0,155,4,159,324,2,326,485
07/12/2023,RNM,CA,AWP,WE,Federal Contract Tower,0,2,5,0,7,0,0,179,2,181,0,2,184,2,188,294,0,294,482
07/13/2023,RNM,CA,AWP,WE,Federal Contract Tower,0,0,7,0,7,0,0,184,4,188,0,0,191,4,195,292,0,292,487
07/14/2023,RNM,CA,AWP,WE,Federal Contract Tower,0,0,6,0,6,0,0,204,0,204,0,0,210,0,210,368,0,368,578
07/15/2023,RNM,CA,AWP,WE,Federal Contract Tower,0,0,4,0,4,0,0,172,0,172,0,0,176,0,176,224,0,224,400
07/16/2023,RNM,CA,AWP,WE,Federal Contract Tower,0,0,7,0,7,0,0,148,0,148,0,0,155,0,155,267,0,267,422
07/17/2023,RNM,CA,AWP,WE,Federal Contract Tower,0,0,9,0,9,0,0,121,0,121,0,0,130,0,130,290,0,290,420
07/18/2023,RNM,CA,AWP,WE,Federal Contract Tower,0,2,4,0,6,0,0,122,0,122,0,2,126,0,128,306,0,306,434
07/19/2023,RNM,CA,AWP,WE,Federal Contract Tower,0,0,4,0,4,0,0,166,2,168,0,0,170,2,172,298,0,298,470
07/20/2023,RNM,CA,AWP,WE,Federal Contract Tower,0,1,8,0,9,0,0,164,0,164,0,1,172,0,173,304,0,304,477
07/21/2023,RNM,CA,AWP,WE,Federal Contract Tower,0,1,4,0,5,0,0,171,0,171,0,1,175,0,176,300,0,300,476
07/22/2023,RNM,CA,AWP,WE,Federal Contract Tower,0,0,7,0,7,0,0,140,0,140,0,0,147,0,147,262,0,262,409
07/23/2023,RNM,CA,AWP,WE,Federal Contract Tower,0,0,5,0,5,0,0,57,0,57,0,0,62,0,62,82,0,82,144
07/24/2023,RNM,CA,AWP,WE,Federal Contract Tower,0,3,9,0,12,0,0,151,2,153,0,3,160,2,165,296,12,308,473
07/25/2023,RNM,CA,AWP,WE,Federal Contract Tower,0,0,4,0,4,0,0,215,0,215,0,0,219,0,219,344,0,344,563
07/26/2023,RNM,CA,AWP,WE,Federal Contract Tower,0,2,4,0,6,0,0,194,0,194,0,2,198,0,200,182,0,182,382
07/27/2023,RNM,CA,AWP,WE,Federal Contract Tower,0,0,0,0,0,0,0,159,2,161,0,0,159,2,161,294,0,294,455
07/28/2023,RNM,CA,AWP,WE,Federal Contract Tower,0,0,11,0,11,0,0,171,2,173,0,0,182,2,184,286,18,304,488
07/29/2023,RNM,CA,AWP,WE,Federal Contract Tower,0,0,8,0,8,0,0,134,0,134,0,0,142,0,142,210,0,210,352
07/30/2023,RNM,CA,AWP,WE,Federal Contract Tower,0,0,8,0,8,0,0,125,0,125,0,0,133,0,133,250,0,250,383
07/31/2023,RNM,CA,AWP,WE,Federal Contract Tower,0,2,7,0,9,0,0,50,0,50,0,2,57,0,59,192,0,192,251
08/01/2023,RNM,CA,AWP,WE,Federal Contract Tower,0,0,3,0,3,0,0,160,4,164,0,0,163,4,167,320,0,320,487
08/02/2023,RNM,CA,AWP,WE,Federal Contract Tower,0,0,6,0,6,0,0,185,0,185,0,0,191,0,191,336,0,336,527
08/03/2023,RNM,CA,AWP,WE,Federal Contract Tower,0,0,12,0,12,0,0,185,0,185,0,0,197,0,197,344,0,344,541
08/04/2023,RNM,CA,AWP,WE,Federal Contract Tower,0,0,8,0,8,0,0,152,0,152,0,0,160,0,160,266,0,266,426
08/05/2023,RNM,CA,AWP,WE,Federal Contract Tower,0,0,7,0,7,0,0,137,0,137,0,0,144,0,144,229,0,229,373
08/06/2023,RNM,CA,AWP,WE,Federal Contract Tower,0,0,6,0,6,0,0,166,0,166,0,0,172,0,172,236,0,236,408
08/07/2023,RNM,CA,AWP,WE,Federal Contract Tower,0,2,3,0,5,0,0,162,0,162,0,2,165,0,167,294,0,294,461
08/08/2023,RNM,CA,AWP,WE,Federal Contract Tower,0,0,3,0,3,0,0,114,0,114,0,0,117,0,117,300,0,300,417
08/09/2023,RNM,CA,AWP,WE,Federal Contract Tower,0,0,4,0,4,0,0,165,0,165,0,0,169,0,169,246,0,246,415
08/10/2023,RNM,CA,AWP,WE,Federal Contract Tower,0,0,10,0,10,0,0,106,0,106,0,0,116,0,116,275,0,275,391
08/11/2023,RNM,CA,AWP,WE,Federal Contract Tower,0,0,11,0,11,0,0,83,0,83,0,0,94,0,94,218,0,218,312
08/12/2023,RNM,CA,AWP,WE,Federal Contract Tower,0,0,2,0,2,0,0,182,0,182,0,0,184,0,184,326,0,326,510
08/13/2023,RNM,CA,AWP,WE,Federal Contract Tower,0,0,6,0,6,0,0,142,0,142,0,0,148,0,148,186,0,186,334
08/14/2023,RNM,CA,AWP,WE,Federal Contract Tower,0,0,11,0,11,0,0,152,2,154,0,0,163,2,165,325,0,325,490
08/15/2023,RNM,CA,AWP,WE,Federal Contract Tower,0,0,12,0,12,0,0,143,0,143,0,0,155,0,155,344,2,346,501
08/16/2023,RNM,CA,AWP,WE,Federal Contract Tower,0,0,2,0,2,0,0,149,6,155,0,0,151,6,157,332,2,334,491
08/17/2023,RNM,CA,AWP,WE,Federal Contract Tower,0,0,1,0,1,0,0,176,0,176,0,0,177,0,177,256,0,256,433
08/18/2023,RNM,CA,AWP,WE,Federal Contract Tower,0,2,9,0,11,0,0,222,0,222,0,2,231,0,233,244,0,244,477
08/19/2023,RNM,CA,AWP,WE,Federal Contract Tower,0,0,5,0,5,0,0,67,0,67,0,0,72,0,72,108,0,108,180
08/20/2023,RNM,CA,AWP,WE,Federal Contract Tower,0,0,0,0,0,0,0,0,0,0,0,0,0,0,0,0,0,0,0
08/21/2023,RNM,CA,AWP,WE,Federal Contract Tower,0,2,8,0,10,0,0,12,0,12,0,2,20,0,22,30,0,30,52
08/22/2023,RNM,CA,AWP,WE,Federal Contract Tower,0,0,1,0,1,0,0,169,0,169,0,0,170,0,170,283,0,283,453
08/24/2023,RNM,CA,AWP,WE,Federal Contract Tower,0,2,10,0,12,0,0,160,2,162,0,2,170,2,174,302,12,314,488
08/25/2023,RNM,CA,AWP,WE,Federal Contract Tower,0,0,6,0,6,0,0,159,0,159,0,0,165,0,165,362,0,362,527
08/26/2023,RNM,CA,AWP,WE,Federal Contract Tower,0,0,3,0,3,0,0,154,0,154,0,0,157,0,157,298,0,298,455
08/27/2023,RNM,CA,AWP,WE,Federal Contract Tower,0,0,2,0,2,0,0,123,0,123,0,0,125,0,125,176,0,176,301
08/28/2023,RNM,CA,AWP,WE,Federal Contract Tower,0,0,2,0,2,0,0,124,0,124,0,0,126,0,126,236,0,236,362
08/29/2023,RNM,CA,AWP,WE,Federal Contract Tower,0,0,2,0,2,0,0,137,2,139,0,0,139,2,141,164,0,164,305
08/30/2023,RNM,CA,AWP,WE,Federal Contract Tower,0,0,4,0,4,0,0,167,4,171,0,0,171,4,175,296,0,296,471
08/31/2023,RNM,CA,AWP,WE,Federal Contract Tower,0,0,10,0,10,0,0,139,0,139,0,0,149,0,149,356,0,356,505
