01/01/2000,RNO,NV,AWP,WE,Towers with Radar,130,15,15,3,163,0,8,65,0,73,130,23,80,3,236,0,0,0,236
01/02/2000,RNO,NV,AWP,WE,Towers with Radar,193,15,56,0,264,0,4,95,0,99,193,19,151,0,363,22,0,22,385
01/03/2000,RNO,NV,AWP,WE,Towers with Radar,215,32,35,5,287,0,23,70,3,96,215,55,105,8,383,30,6,36,419
01/04/2000,RNO,NV,AWP,WE,Towers with Radar,206,34,28,3,271,0,23,37,4,64,206,57,65,7,335,50,2,52,387
01/05/2000,RNO,NV,AWP,WE,Towers with Radar,209,38,35,12,294,2,16,65,4,87,211,54,100,16,381,58,8,66,447
01/06/2000,RNO,NV,AWP,WE,Towers with Radar,216,29,32,2,279,0,21,75,5,101,216,50,107,7,380,18,2,20,400
01/07/2000,RNO,NV,AWP,WE,Towers with Radar,206,36,37,11,290,0,16,88,3,107,206,52,125,14,397,72,0,72,469
01/08/2000,RNO,NV,AWP,WE,Towers with Radar,177,20,22,9,228,0,7,91,1,99,177,27,113,10,327,20,0,20,347
01/09/2000,RNO,NV,AWP,WE,Towers with Radar,192,14,41,9,256,0,1,31,1,33,192,15,72,10,289,8,0,8,297
01/10/2000,RNO,NV,AWP,WE,Towers with Radar,217,33,25,1,276,0,8,8,2,18,217,41,33,3,294,16,2,18,312
01/11/2000,RNO,NV,AWP,WE,Towers with Radar,209,54,27,2,292,0,6,11,0,17,209,60,38,2,309,2,0,2,311
01/12/2000,RNO,NV,AWP,WE,Towers with Radar,205,40,41,15,301,0,22,51,11,84,205,62,92,26,385,8,2,10,395
01/13/2000,RNO,NV,AWP,WE,Towers with Radar,207,33,45,2,287,0,15,44,4,63,207,48,89,6,350,8,0,8,358
01/14/2000,RNO,NV,AWP,WE,Towers with Radar,201,40,41,7,289,0,14,44,1,59,201,54,85,8,348,0,0,0,348
01/15/2000,RNO,NV,AWP,WE,Towers with Radar,189,32,30,4,255,0,5,2,0,7,189,37,32,4,262,10,0,10,272
01/16/2000,RNO,NV,AWP,WE,Towers with Radar,199,13,35,2,249,0,1,12,1,14,199,14,47,3,263,18,0,18,281
01/17/2000,RNO,NV,AWP,WE,Towers with Radar,206,23,46,9,284,0,6,48,2,56,206,29,94,11,340,34,0,34,374
01/18/2000,RNO,NV,AWP,WE,Towers with Radar,217,50,58,4,329,0,4,20,0,24,217,54,78,4,353,10,0,10,363
01/19/2000,RNO,NV,AWP,WE,Towers with Radar,204,43,32,6,285,0,19,58,0,77,204,62,90,6,362,24,0,24,386
01/20/2000,RNO,NV,AWP,WE,Towers with Radar,208,40,24,4,276,0,16,23,4,43,208,56,47,8,319,28,0,28,347
01/21/2000,RNO,NV,AWP,WE,Towers with Radar,212,39,56,6,313,0,20,79,3,102,212,59,135,9,415,26,0,26,441
01/22/2000,RNO,NV,AWP,WE,Towers with Radar,182,28,38,3,251,0,7,93,0,100,182,35,131,3,351,40,0,40,391
01/23/2000,RNO,NV,AWP,WE,Towers with Radar,191,18,45,2,256,0,0,10,0,10,191,18,55,2,266,6,0,6,272
01/24/2000,RNO,NV,AWP,WE,Towers with Radar,210,43,39,1,293,0,0,0,0,0,210,43,39,1,293,6,0,6,299
01/25/2000,RNO,NV,AWP,WE,Towers with Radar,209,71,27,6,313,0,3,3,1,7,209,74,30,7,320,0,2,2,322
01/26/2000,RNO,NV,AWP,WE,Towers with Radar,221,30,37,16,304,0,22,78,4,104,221,52,115,20,408,16,0,16,424
01/27/2000,RNO,NV,AWP,WE,Towers with Radar,206,44,45,4,299,0,17,44,6,67,206,61,89,10,366,36,0,36,402
01/28/2000,RNO,NV,AWP,WE,Towers with Radar,207,37,50,3,297,0,20,113,7,140,207,57,163,10,437,18,0,18,455
01/29/2000,RNO,NV,AWP,WE,Towers with Radar,178,21,31,6,236,0,8,148,1,157,178,29,179,7,393,34,2,36,429
01/30/2000,RNO,NV,AWP,WE,Towers with Radar,185,16,21,1,223,0,3,16,0,19,185,19,37,1,242,6,0,6,248
01/31/2000,RNO,NV,AWP,WE,Towers with Radar,219,52,72,0,343,0,5,21,0,26,219,57,93,0,369,18,0,18,387
02/01/2000,RNO,NV,AWP,WE,Towers with Radar,212,44,66,1,323,0,16,78,4,98,212,60,144,5,421,50,0,50,471
02/02/2000,RNO,NV,AWP,WE,Towers with Radar,207,36,54,3,300,0,21,72,1,94,207,57,126,4,394,12,0,12,406
02/03/2000,RNO,NV,AWP,WE,Towers with Radar,199,36,84,5,324,0,9,67,1,77,199,45,151,6,401,74,2,76,477
02/04/2000,RNO,NV,AWP,WE,Towers with Radar,215,42,79,8,344,0,7,72,0,79,215,49,151,8,423,54,0,54,477
02/05/2000,RNO,NV,AWP,WE,Towers with Radar,176,30,66,3,275,0,6,110,2,118,176,36,176,5,393,36,0,36,429
02/06/2000,RNO,NV,AWP,WE,Towers with Radar,192,10,86,8,296,0,6,127,1,134,192,16,213,9,430,46,0,46,476
02/07/2000,RNO,NV,AWP,WE,Towers with Radar,214,35,61,0,310,0,14,65,3,82,214,49,126,3,392,68,0,68,460
02/08/2000,RNO,NV,AWP,WE,Towers with Radar,205,38,32,6,281,0,18,106,10,134,205,56,138,16,415,28,0,28,443
02/09/2000,RNO,NV,AWP,WE,Towers with Radar,207,54,65,11,337,0,4,66,3,73,207,58,131,14,410,38,2,40,450
02/10/2000,RNO,NV,AWP,WE,Towers with Radar,209,50,45,8,312,0,4,36,4,44,209,54,81,12,356,16,0,16,372
02/11/2000,RNO,NV,AWP,WE,Towers with Radar,219,43,78,9,349,0,11,56,8,75,219,54,134,17,424,18,0,18,442
02/12/2000,RNO,NV,AWP,WE,Towers with Radar,188,39,34,5,266,0,0,33,3,36,188,39,67,8,302,60,0,60,362
02/13/2000,RNO,NV,AWP,WE,Towers with Radar,193,19,32,6,250,0,0,4,0,4,193,19,36,6,254,22,0,22,276
02/14/2000,RNO,NV,AWP,WE,Towers with Radar,221,45,23,12,301,0,2,4,0,6,221,47,27,12,307,2,0,2,309
02/15/2000,RNO,NV,AWP,WE,Towers with Radar,208,35,31,11,285,0,25,103,9,137,208,60,134,20,422,6,0,6,428
02/16/2000,RNO,NV,AWP,WE,Towers with Radar,205,48,40,12,305,0,0,3,1,4,205,48,43,13,309,0,0,0,309
02/17/2000,RNO,NV,AWP,WE,Towers with Radar,215,44,65,16,340,0,8,37,7,52,215,52,102,23,392,30,0,30,422
02/18/2000,RNO,NV,AWP,WE,Towers with Radar,201,38,64,13,316,0,15,103,6,124,201,53,167,19,440,50,2,52,492
02/19/2000,RNO,NV,AWP,WE,Towers with Radar,186,24,40,6,256,0,7,138,2,147,186,31,178,8,403,20,0,20,423
02/20/2000,RNO,NV,AWP,WE,Towers with Radar,185,28,35,2,250,0,0,28,0,28,185,28,63,2,278,2,0,2,280
02/21/2000,RNO,NV,AWP,WE,Towers with Radar,210,27,43,5,285,0,11,66,0,77,210,38,109,5,362,30,8,38,400
02/22/2000,RNO,NV,AWP,WE,Towers with Radar,220,41,36,11,308,0,7,30,2,39,220,48,66,13,347,42,0,42,389
02/23/2000,RNO,NV,AWP,WE,Towers with Radar,213,55,38,9,315,0,8,26,0,34,213,63,64,9,349,10,0,10,359
02/24/2000,RNO,NV,AWP,WE,Towers with Radar,210,34,38,4,286,0,19,93,6,118,210,53,131,10,404,24,2,26,430
02/25/2000,RNO,NV,AWP,WE,Towers with Radar,212,43,50,10,315,0,12,99,3,114,212,55,149,13,429,50,0,50,479
02/26/2000,RNO,NV,AWP,WE,Towers with Radar,186,35,40,1,262,0,1,40,0,41,186,36,80,1,303,20,0,20,323
02/27/2000,RNO,NV,AWP,WE,Towers with Radar,191,21,37,5,254,0,2,8,0,10,191,23,45,5,264,14,0,14,278
02/28/2000,RNO,NV,AWP,WE,Towers with Radar,234,17,35,2,288,0,13,81,0,94,234,30,116,2,382,64,0,64,446
02/29/2000,RNO,NV,AWP,WE,Towers with Radar,204,51,31,4,290,0,11,11,3,25,204,62,42,7,315,34,0,34,349
03/01/2000,RNO,NV,AWP,WE,Towers with Radar,207,32,26,6,271,0,18,109,4,131,207,50,135,10,402,18,0,18,420
03/02/2000,RNO,NV,AWP,WE,Towers with Radar,211,55,56,6,328,0,13,33,0,46,211,68,89,6,374,34,2,36,410
03/03/2000,RNO,NV,AWP,WE,Towers with Radar,219,49,53,10,331,0,14,84,2,100,219,63,137,12,431,20,0,20,451
03/04/2000,RNO,NV,AWP,WE,Towers with Radar,175,23,38,2,238,0,10,113,5,128,175,33,151,7,366,8,0,8,374
03/05/2000,RNO,NV,AWP,WE,Towers with Radar,233,11,57,11,312,0,2,16,0,18,233,13,73,11,330,14,0,14,344
03/06/2000,RNO,NV,AWP,WE,Towers with Radar,191,48,41,3,283,0,4,8,0,12,191,52,49,3,295,8,0,8,303
03/07/2000,RNO,NV,AWP,WE,Towers with Radar,208,36,66,3,313,0,12,80,3,95,208,48,146,6,408,28,0,28,436
03/08/2000,RNO,NV,AWP,WE,Towers with Radar,203,51,40,6,300,0,5,38,0,43,203,56,78,6,343,22,0,22,365
03/09/2000,RNO,NV,AWP,WE,Towers with Radar,203,60,62,4,329,0,8,32,4,44,203,68,94,8,373,6,0,6,379
03/10/2000,RNO,NV,AWP,WE,Towers with Radar,230,38,44,4,316,0,22,100,7,129,230,60,144,11,445,14,0,14,459
03/11/2000,RNO,NV,AWP,WE,Towers with Radar,179,21,32,4,236,0,6,63,2,71,179,27,95,6,307,26,0,26,333
03/12/2000,RNO,NV,AWP,WE,Towers with Radar,186,13,55,5,259,0,5,134,1,140,186,18,189,6,399,32,0,32,431
03/13/2000,RNO,NV,AWP,WE,Towers with Radar,209,24,47,3,283,0,18,103,1,122,209,42,150,4,405,44,0,44,449
03/14/2000,RNO,NV,AWP,WE,Towers with Radar,203,33,28,2,266,0,22,75,5,102,203,55,103,7,368,0,0,0,368
03/15/2000,RNO,NV,AWP,WE,Towers with Radar,206,33,42,2,283,0,23,110,3,136,206,56,152,5,419,40,0,40,459
03/16/2000,RNO,NV,AWP,WE,Towers with Radar,212,36,53,3,304,0,20,65,4,89,212,56,118,7,393,46,0,46,439
03/17/2000,RNO,NV,AWP,WE,Towers with Radar,213,43,67,10,333,0,17,129,6,152,213,60,196,16,485,28,8,36,521
03/18/2000,RNO,NV,AWP,WE,Towers with Radar,157,25,34,3,219,15,0,104,0,119,172,25,138,3,338,24,0,24,362
03/19/2000,RNO,NV,AWP,WE,Towers with Radar,194,19,37,5,255,0,5,50,1,56,194,24,87,6,311,14,0,14,325
03/20/2000,RNO,NV,AWP,WE,Towers with Radar,212,31,26,1,270,0,19,47,1,67,212,50,73,2,337,0,0,0,337
03/21/2000,RNO,NV,AWP,WE,Towers with Radar,203,34,29,2,268,0,26,88,5,119,203,60,117,7,387,20,0,20,407
03/22/2000,RNO,NV,AWP,WE,Towers with Radar,210,29,41,5,285,0,23,103,2,128,210,52,144,7,413,20,0,20,433
03/23/2000,RNO,NV,AWP,WE,Towers with Radar,212,32,42,4,290,0,21,91,3,115,212,53,133,7,405,20,0,20,425
03/24/2000,RNO,NV,AWP,WE,Towers with Radar,201,34,49,3,287,0,16,97,4,117,201,50,146,7,404,14,0,14,418
03/25/2000,RNO,NV,AWP,WE,Towers with Radar,178,25,40,1,244,0,8,106,0,114,178,33,146,1,358,18,0,18,376
03/26/2000,RNO,NV,AWP,WE,Towers with Radar,197,13,44,4,258,0,4,133,0,137,197,17,177,4,395,30,0,30,425
03/27/2000,RNO,NV,AWP,WE,Towers with Radar,216,31,39,7,293,0,19,57,2,78,216,50,96,9,371,36,4,40,411
03/28/2000,RNO,NV,AWP,WE,Towers with Radar,203,36,54,4,297,0,14,88,5,107,203,50,142,9,404,38,0,38,442
03/29/2000,RNO,NV,AWP,WE,Towers with Radar,204,30,29,6,269,0,23,97,4,124,204,53,126,10,393,34,2,36,429
03/30/2000,RNO,NV,AWP,WE,Towers with Radar,202,31,30,13,276,0,23,111,4,138,202,54,141,17,414,28,2,30,444
03/31/2000,RNO,NV,AWP,WE,Towers with Radar,210,38,37,3,288,0,25,137,1,163,210,63,174,4,451,14,2,16,467
04/01/2000,RNO,NV,AWP,WE,Towers with Radar,183,26,29,6,244,0,11,163,2,176,183,37,192,8,420,48,0,48,468
04/02/2000,RNO,NV,AWP,WE,Towers with Radar,193,8,40,3,244,0,8,129,3,140,193,16,169,6,384,26,4,30,414
04/03/2000,RNO,NV,AWP,WE,Towers with Radar,209,25,39,0,273,0,19,103,1,123,209,44,142,1,396,22,0,22,418
04/04/2000,RNO,NV,AWP,WE,Towers with Radar,210,28,35,1,274,0,22,84,4,110,210,50,119,5,384,32,0,32,416
04/05/2000,RNO,NV,AWP,WE,Towers with Radar,211,27,19,6,263,0,20,92,3,115,211,47,111,9,378,16,0,16,394
04/06/2000,RNO,NV,AWP,WE,Towers with Radar,203,31,35,6,275,0,30,87,3,120,203,61,122,9,395,24,0,24,419
04/07/2000,RNO,NV,AWP,WE,Towers with Radar,209,38,38,3,288,0,20,137,1,158,209,58,175,4,446,22,0,22,468
04/08/2000,RNO,NV,AWP,WE,Towers with Radar,184,20,15,3,222,0,11,110,0,121,184,31,125,3,343,14,0,14,357
04/09/2000,RNO,NV,AWP,WE,Towers with Radar,192,11,33,13,249,0,2,127,4,133,192,13,160,17,382,46,4,50,432
04/10/2000,RNO,NV,AWP,WE,Towers with Radar,209,25,26,1,261,0,25,119,0,144,209,50,145,1,405,14,0,14,419
04/11/2000,RNO,NV,AWP,WE,Towers with Radar,210,33,39,1,283,0,31,97,1,129,210,64,136,2,412,18,0,18,430
04/12/2000,RNO,NV,AWP,WE,Towers with Radar,206,34,39,2,281,0,23,89,1,113,206,57,128,3,394,12,0,12,406
04/13/2000,RNO,NV,AWP,WE,Towers with Radar,197,48,45,5,295,0,8,22,0,30,197,56,67,5,325,4,0,4,329
04/14/2000,RNO,NV,AWP,WE,Towers with Radar,211,41,58,7,317,0,18,96,2,116,211,59,154,9,433,14,4,18,451
04/15/2000,RNO,NV,AWP,WE,Towers with Radar,178,31,46,3,258,0,13,88,2,103,178,44,134,5,361,40,0,40,401
04/16/2000,RNO,NV,AWP,WE,Towers with Radar,189,15,32,5,241,0,1,42,0,43,189,16,74,5,284,12,0,12,296
04/17/2000,RNO,NV,AWP,WE,Towers with Radar,208,43,32,0,283,0,6,31,1,38,208,49,63,1,321,10,0,10,331
04/18/2000,RNO,NV,AWP,WE,Towers with Radar,209,50,46,2,307,0,6,28,3,37,209,56,74,5,344,14,0,14,358
04/19/2000,RNO,NV,AWP,WE,Towers with Radar,202,44,42,4,292,0,13,91,2,106,202,57,133,6,398,52,0,52,450
04/20/2000,RNO,NV,AWP,WE,Towers with Radar,200,39,38,3,280,0,15,57,6,78,200,54,95,9,358,8,2,10,368
04/21/2000,RNO,NV,AWP,WE,Towers with Radar,203,42,45,0,290,0,18,109,3,130,203,60,154,3,420,32,0,32,452
04/22/2000,RNO,NV,AWP,WE,Towers with Radar,180,23,16,0,219,0,7,62,0,69,180,30,78,0,288,32,0,32,320
04/23/2000,RNO,NV,AWP,WE,Towers with Radar,197,12,30,2,241,0,1,72,0,73,197,13,102,2,314,28,0,28,342
04/24/2000,RNO,NV,AWP,WE,Towers with Radar,207,22,24,0,253,0,26,82,0,108,207,48,106,0,361,30,0,30,391
04/25/2000,RNO,NV,AWP,WE,Towers with Radar,208,27,17,5,257,0,24,83,2,109,208,51,100,7,366,28,0,28,394
04/26/2000,RNO,NV,AWP,WE,Towers with Radar,206,28,28,0,262,0,23,111,2,136,206,51,139,2,398,36,0,36,434
04/27/2000,RNO,NV,AWP,WE,Towers with Radar,198,29,38,2,267,0,28,93,2,123,198,57,131,4,390,36,0,36,426
04/28/2000,RNO,NV,AWP,WE,Towers with Radar,218,35,46,3,302,0,22,92,0,114,218,57,138,3,416,8,0,8,424
04/29/2000,RNO,NV,AWP,WE,Towers with Radar,176,17,32,0,225,0,7,124,1,132,176,24,156,1,357,20,0,20,377
04/30/2000,RNO,NV,AWP,WE,Towers with Radar,192,12,33,2,239,0,4,172,1,177,192,16,205,3,416,40,0,40,456
05/01/2000,RNO,NV,AWP,WE,Towers with Radar,204,27,29,0,260,0,26,109,2,137,204,53,138,2,397,46,0,46,443
05/02/2000,RNO,NV,AWP,WE,Towers with Radar,205,30,41,4,280,0,30,118,6,154,205,60,159,10,434,60,0,60,494
05/03/2000,RNO,NV,AWP,WE,Towers with Radar,201,28,29,1,259,0,27,78,4,109,201,55,107,5,368,32,0,32,400
05/04/2000,RNO,NV,AWP,WE,Towers with Radar,204,35,44,14,297,0,20,84,9,113,204,55,128,23,410,6,2,8,418
05/05/2000,RNO,NV,AWP,WE,Towers with Radar,216,34,55,10,315,0,18,127,6,151,216,52,182,16,466,6,8,14,480
05/06/2000,RNO,NV,AWP,WE,Towers with Radar,175,32,28,9,244,0,8,86,3,97,175,40,114,12,341,26,0,26,367
05/07/2000,RNO,NV,AWP,WE,Towers with Radar,190,23,35,10,258,0,0,69,1,70,190,23,104,11,328,34,0,34,362
05/08/2000,RNO,NV,AWP,WE,Towers with Radar,199,38,29,1,267,0,13,48,0,61,199,51,77,1,328,22,0,22,350
05/09/2000,RNO,NV,AWP,WE,Towers with Radar,208,33,40,4,285,0,25,39,2,66,208,58,79,6,351,20,2,22,373
05/10/2000,RNO,NV,AWP,WE,Towers with Radar,197,30,37,4,268,11,31,39,2,83,208,61,76,6,351,16,0,16,367
05/11/2000,RNO,NV,AWP,WE,Towers with Radar,202,41,33,7,283,0,20,95,10,125,202,61,128,17,408,14,6,20,428
05/12/2000,RNO,NV,AWP,WE,Towers with Radar,212,38,59,6,315,0,20,155,0,175,212,58,214,6,490,16,0,16,506
05/13/2000,RNO,NV,AWP,WE,Towers with Radar,169,23,33,2,227,0,8,113,0,121,169,31,146,2,348,20,0,20,368
05/14/2000,RNO,NV,AWP,WE,Towers with Radar,185,14,25,5,229,0,2,72,1,75,185,16,97,6,304,4,0,4,308
05/15/2000,RNO,NV,AWP,WE,Towers with Radar,203,32,37,0,272,0,11,52,0,63,203,43,89,0,335,54,0,54,389
05/16/2000,RNO,NV,AWP,WE,Towers with Radar,208,51,51,10,320,0,10,9,1,20,208,61,60,11,340,24,4,28,368
05/17/2000,RNO,NV,AWP,WE,Towers with Radar,200,33,40,1,274,0,20,95,2,117,200,53,135,3,391,32,0,32,423
05/18/2000,RNO,NV,AWP,WE,Towers with Radar,190,36,56,0,282,0,31,154,2,187,190,67,210,2,469,28,0,28,497
05/19/2000,RNO,NV,AWP,WE,Towers with Radar,205,42,54,6,307,0,33,194,3,230,205,75,248,9,537,4,0,4,541
05/20/2000,RNO,NV,AWP,WE,Towers with Radar,164,23,21,5,213,0,14,141,3,158,164,37,162,8,371,36,0,36,407
05/21/2000,RNO,NV,AWP,WE,Towers with Radar,188,11,34,1,234,0,5,183,0,188,188,16,217,1,422,26,0,26,448
05/22/2000,RNO,NV,AWP,WE,Towers with Radar,205,27,63,3,298,0,26,127,0,153,205,53,190,3,451,86,0,86,537
05/23/2000,RNO,NV,AWP,WE,Towers with Radar,202,26,32,2,262,0,28,115,1,144,202,54,147,3,406,22,0,22,428
05/24/2000,RNO,NV,AWP,WE,Towers with Radar,198,31,34,3,266,0,28,100,0,128,198,59,134,3,394,8,0,8,402
05/25/2000,RNO,NV,AWP,WE,Towers with Radar,197,31,37,5,270,0,24,117,3,144,197,55,154,8,414,20,0,20,434
05/26/2000,RNO,NV,AWP,WE,Towers with Radar,201,34,49,6,290,0,26,169,2,197,201,60,218,8,487,14,2,16,503
05/27/2000,RNO,NV,AWP,WE,Towers with Radar,163,20,18,0,201,0,17,125,0,142,163,37,143,0,343,8,0,8,351
05/28/2000,RNO,NV,AWP,WE,Towers with Radar,178,11,15,2,206,0,6,98,0,104,178,17,113,2,310,54,0,54,364
05/29/2000,RNO,NV,AWP,WE,Towers with Radar,204,11,24,2,241,0,6,145,0,151,204,17,169,2,392,24,2,26,418
05/30/2000,RNO,NV,AWP,WE,Towers with Radar,209,21,28,1,259,0,25,66,3,94,209,46,94,4,353,28,0,28,381
05/31/2000,RNO,NV,AWP,WE,Towers with Radar,195,25,39,4,263,0,25,129,2,156,195,50,168,6,419,16,0,16,435
06/01/2000,RNO,NV,AWP,WE,Towers with Radar,202,32,30,5,269,1,21,100,5,127,203,53,130,10,396,22,0,22,418
06/02/2000,RNO,NV,AWP,WE,Towers with Radar,197,42,30,3,272,1,18,120,4,143,198,60,150,7,415,16,0,16,431
06/03/2000,RNO,NV,AWP,WE,Towers with Radar,174,28,26,2,230,1,9,123,0,133,175,37,149,2,363,34,0,34,397
06/04/2000,RNO,NV,AWP,WE,Towers with Radar,185,19,28,5,237,1,7,125,0,133,186,26,153,5,370,30,0,30,400
06/05/2000,RNO,NV,AWP,WE,Towers with Radar,209,27,45,1,282,1,30,85,1,117,210,57,130,2,399,46,0,46,445
06/06/2000,RNO,NV,AWP,WE,Towers with Radar,208,37,30,1,276,1,22,67,6,96,209,59,97,7,372,30,0,30,402
06/07/2000,RNO,NV,AWP,WE,Towers with Radar,204,37,39,2,282,1,36,98,5,140,205,73,137,7,422,8,0,8,430
06/08/2000,RNO,NV,AWP,WE,Towers with Radar,211,55,51,5,322,1,19,41,6,67,212,74,92,11,389,12,0,12,401
06/09/2000,RNO,NV,AWP,WE,Towers with Radar,191,40,51,10,292,1,32,122,2,157,192,72,173,12,449,10,0,10,459
06/10/2000,RNO,NV,AWP,WE,Towers with Radar,171,31,22,8,232,1,11,118,11,141,172,42,140,19,373,6,0,6,379
06/11/2000,RNO,NV,AWP,WE,Towers with Radar,185,27,29,3,244,1,7,137,2,147,186,34,166,5,391,8,0,8,399
06/12/2000,RNO,NV,AWP,WE,Towers with Radar,209,37,33,1,280,1,18,80,2,101,210,55,113,3,381,34,0,34,415
06/13/2000,RNO,NV,AWP,WE,Towers with Radar,206,32,26,4,268,1,23,157,8,189,207,55,183,12,457,18,2,20,477
06/14/2000,RNO,NV,AWP,WE,Towers with Radar,187,31,33,5,256,0,20,128,11,159,187,51,161,16,415,26,8,34,449
06/15/2000,RNO,NV,AWP,WE,Towers with Radar,201,34,35,6,276,1,25,121,3,150,202,59,156,9,426,28,2,30,456
06/16/2000,RNO,NV,AWP,WE,Towers with Radar,208,37,37,8,290,1,28,161,7,197,209,65,198,15,487,38,0,38,525
06/17/2000,RNO,NV,AWP,WE,Towers with Radar,172,22,26,2,222,1,7,161,5,174,173,29,187,7,396,76,0,76,472
06/18/2000,RNO,NV,AWP,WE,Towers with Radar,182,19,37,10,248,1,0,125,2,128,183,19,162,12,376,6,2,8,384
06/19/2000,RNO,NV,AWP,WE,Towers with Radar,224,28,33,4,289,1,19,120,5,145,225,47,153,9,434,8,6,14,448
06/20/2000,RNO,NV,AWP,WE,Towers with Radar,273,43,46,6,368,10,15,89,20,134,283,58,135,26,502,46,4,50,552
06/21/2000,RNO,NV,AWP,WE,Towers with Radar,202,27,40,11,280,0,24,83,3,110,202,51,123,14,390,38,2,40,430
06/22/2000,RNO,NV,AWP,WE,Towers with Radar,196,34,27,8,265,0,25,104,3,132,196,59,131,11,397,64,2,66,463
06/23/2000,RNO,NV,AWP,WE,Towers with Radar,206,35,31,6,278,0,22,126,1,149,206,57,157,7,427,44,0,44,471
06/24/2000,RNO,NV,AWP,WE,Towers with Radar,175,16,32,4,227,0,12,125,1,138,175,28,157,5,365,44,0,44,409
06/25/2000,RNO,NV,AWP,WE,Towers with Radar,178,20,22,1,221,0,1,146,0,147,178,21,168,1,368,58,0,58,426
06/26/2000,RNO,NV,AWP,WE,Towers with Radar,196,29,34,7,266,0,16,89,2,107,196,45,123,9,373,40,0,40,413
06/27/2000,RNO,NV,AWP,WE,Towers with Radar,201,33,26,0,260,0,23,82,2,107,201,56,108,2,367,40,0,40,407
06/28/2000,RNO,NV,AWP,WE,Towers with Radar,191,32,28,4,255,0,24,96,0,120,191,56,124,4,375,20,0,20,395
06/29/2000,RNO,NV,AWP,WE,Towers with Radar,202,33,34,5,274,0,28,144,1,173,202,61,178,6,447,18,2,20,467
06/30/2000,RNO,NV,AWP,WE,Towers with Radar,201,36,38,5,280,0,38,181,0,219,201,74,219,5,499,36,2,38,537
07/01/2000,RNO,NV,AWP,WE,Towers with Radar,173,28,23,0,224,0,11,112,0,123,173,39,135,0,347,42,0,42,389
07/02/2000,RNO,NV,AWP,WE,Towers with Radar,142,20,20,1,183,0,7,87,0,94,142,27,107,1,277,4,0,4,281
07/03/2000,RNO,NV,AWP,WE,Towers with Radar,150,30,21,0,201,0,23,80,0,103,150,53,101,0,304,32,0,32,336
07/04/2000,RNO,NV,AWP,WE,Towers with Radar,146,23,22,0,191,0,8,90,0,98,146,31,112,0,289,14,0,14,303
07/05/2000,RNO,NV,AWP,WE,Towers with Radar,163,27,44,4,238,0,18,85,0,103,163,45,129,4,341,34,0,34,375
07/06/2000,RNO,NV,AWP,WE,Towers with Radar,173,34,42,4,253,0,24,99,6,129,173,58,141,10,382,34,0,34,416
07/07/2000,RNO,NV,AWP,WE,Towers with Radar,169,37,48,1,255,0,11,135,4,150,169,48,183,5,405,32,0,32,437
07/08/2000,RNO,NV,AWP,WE,Towers with Radar,153,32,32,2,219,0,17,131,0,148,153,49,163,2,367,6,0,6,373
07/09/2000,RNO,NV,AWP,WE,Towers with Radar,149,20,41,0,210,0,5,113,4,122,149,25,154,4,332,24,0,24,356
07/10/2000,RNO,NV,AWP,WE,Towers with Radar,182,31,52,3,268,0,34,140,2,176,182,65,192,5,444,62,0,62,506
07/11/2000,RNO,NV,AWP,WE,Towers with Radar,188,35,61,3,287,0,36,110,3,149,188,71,171,6,436,64,0,64,500
07/12/2000,RNO,NV,AWP,WE,Towers with Radar,176,36,43,4,259,0,34,116,3,153,176,70,159,7,412,36,0,36,448
07/13/2000,RNO,NV,AWP,WE,Towers with Radar,175,36,31,6,248,0,24,120,4,148,175,60,151,10,396,74,0,74,470
07/14/2000,RNO,NV,AWP,WE,Towers with Radar,170,51,48,12,281,0,27,158,16,201,170,78,206,28,482,42,6,48,530
07/15/2000,RNO,NV,AWP,WE,Towers with Radar,155,28,33,5,221,0,13,148,5,166,155,41,181,10,387,26,0,26,413
07/16/2000,RNO,NV,AWP,WE,Towers with Radar,156,23,40,5,224,0,6,138,7,151,156,29,178,12,375,26,0,26,401
07/17/2000,RNO,NV,AWP,WE,Towers with Radar,173,35,59,0,267,0,21,127,0,148,173,56,186,0,415,56,0,56,471
07/18/2000,RNO,NV,AWP,WE,Towers with Radar,183,51,52,11,297,0,24,130,8,162,183,75,182,19,459,20,12,32,491
07/19/2000,RNO,NV,AWP,WE,Towers with Radar,178,35,25,11,249,0,22,104,5,131,178,57,129,16,380,74,0,74,454
07/20/2000,RNO,NV,AWP,WE,Towers with Radar,176,43,51,3,273,0,23,95,8,126,176,66,146,11,399,20,2,22,421
07/21/2000,RNO,NV,AWP,WE,Towers with Radar,174,42,54,14,284,0,28,166,4,198,174,70,220,18,482,36,0,36,518
07/22/2000,RNO,NV,AWP,WE,Towers with Radar,157,28,25,4,214,0,13,147,5,165,157,41,172,9,379,18,0,18,397
07/23/2000,RNO,NV,AWP,WE,Towers with Radar,144,21,57,1,223,0,3,149,0,152,144,24,206,1,375,64,0,64,439
07/24/2000,RNO,NV,AWP,WE,Towers with Radar,176,23,39,3,241,0,22,88,0,110,176,45,127,3,351,34,0,34,385
07/25/2000,RNO,NV,AWP,WE,Towers with Radar,164,31,40,4,239,18,28,91,2,139,182,59,131,6,378,36,0,36,414
07/26/2000,RNO,NV,AWP,WE,Towers with Radar,188,35,41,4,268,0,25,94,5,124,188,60,135,9,392,46,0,46,438
07/27/2000,RNO,NV,AWP,WE,Towers with Radar,167,32,48,5,252,0,25,100,6,131,167,57,148,11,383,52,6,58,441
07/28/2000,RNO,NV,AWP,WE,Towers with Radar,181,40,52,0,273,0,22,145,2,169,181,62,197,2,442,20,0,20,462
07/29/2000,RNO,NV,AWP,WE,Towers with Radar,157,25,30,2,214,0,19,110,2,131,157,44,140,4,345,26,0,26,371
07/30/2000,RNO,NV,AWP,WE,Towers with Radar,161,19,49,2,231,0,3,130,8,141,161,22,179,10,372,26,8,34,406
07/31/2000,RNO,NV,AWP,WE,Towers with Radar,176,31,36,4,247,0,17,82,0,99,176,48,118,4,346,32,0,32,378
08/01/2000,RNO,NV,AWP,WE,Towers with Radar,181,35,31,0,247,0,31,98,13,142,181,66,129,13,389,10,6,16,405
08/02/2000,RNO,NV,AWP,WE,Towers with Radar,178,36,42,2,258,0,25,136,6,167,178,61,178,8,425,28,0,28,453
08/03/2000,RNO,NV,AWP,WE,Towers with Radar,180,35,42,7,264,0,23,112,7,142,180,58,154,14,406,38,0,38,444
08/04/2000,RNO,NV,AWP,WE,Towers with Radar,167,39,38,1,245,0,34,116,3,153,167,73,154,4,398,44,0,44,442
08/05/2000,RNO,NV,AWP,WE,Towers with Radar,152,24,17,0,193,0,16,121,1,138,152,40,138,1,331,22,0,22,353
08/06/2000,RNO,NV,AWP,WE,Towers with Radar,158,23,41,4,226,0,3,148,2,153,158,26,189,6,379,28,0,28,407
08/07/2000,RNO,NV,AWP,WE,Towers with Radar,162,28,31,2,223,0,26,97,9,132,162,54,128,11,355,56,0,56,411
08/08/2000,RNO,NV,AWP,WE,Towers with Radar,180,38,46,10,274,0,38,141,10,189,180,76,187,20,463,66,10,76,539
08/09/2000,RNO,NV,AWP,WE,Towers with Radar,173,32,43,10,258,0,38,131,6,175,173,70,174,16,433,46,0,46,479
08/10/2000,RNO,NV,AWP,WE,Towers with Radar,196,41,32,4,273,0,35,114,8,157,196,76,146,12,430,72,0,72,502
08/11/2000,RNO,NV,AWP,WE,Towers with Radar,171,37,38,5,251,0,49,170,3,222,171,86,208,8,473,54,0,54,527
08/12/2000,RNO,NV,AWP,WE,Towers with Radar,158,24,40,9,231,0,13,161,6,180,158,37,201,15,411,18,0,18,429
08/13/2000,RNO,NV,AWP,WE,Towers with Radar,154,23,37,11,225,0,10,146,5,161,154,33,183,16,386,52,0,52,438
08/14/2000,RNO,NV,AWP,WE,Towers with Radar,174,30,39,8,251,0,22,122,5,149,174,52,161,13,400,12,4,16,416
08/15/2000,RNO,NV,AWP,WE,Towers with Radar,175,29,44,6,254,0,42,132,8,182,175,71,176,14,436,100,0,100,536
08/16/2000,RNO,NV,AWP,WE,Towers with Radar,171,37,21,6,235,0,27,111,4,142,171,64,132,10,377,24,0,24,401
08/17/2000,RNO,NV,AWP,WE,Towers with Radar,188,30,45,10,273,3,44,128,7,182,191,74,173,17,455,26,0,26,481
08/18/2000,RNO,NV,AWP,WE,Towers with Radar,155,40,29,15,239,0,39,104,13,156,155,79,133,28,395,22,4,26,421
08/19/2000,RNO,NV,AWP,WE,Towers with Radar,157,28,38,5,228,0,18,157,10,185,157,46,195,15,413,46,4,50,463
08/20/2000,RNO,NV,AWP,WE,Towers with Radar,156,20,44,16,236,0,19,151,11,181,156,39,195,27,417,40,0,40,457
08/21/2000,RNO,NV,AWP,WE,Towers with Radar,177,29,45,11,262,0,36,76,5,117,177,65,121,16,379,24,10,34,413
08/22/2000,RNO,NV,AWP,WE,Towers with Radar,164,28,39,9,240,0,34,106,9,149,164,62,145,18,389,68,0,68,457
08/23/2000,RNO,NV,AWP,WE,Towers with Radar,176,32,54,8,270,0,32,127,7,166,176,64,181,15,436,42,0,42,478
08/24/2000,RNO,NV,AWP,WE,Towers with Radar,176,40,34,5,255,0,32,144,11,187,176,72,178,16,442,32,2,34,476
08/25/2000,RNO,NV,AWP,WE,Towers with Radar,171,41,51,11,274,0,42,182,12,236,171,83,233,23,510,34,0,34,544
08/26/2000,RNO,NV,AWP,WE,Towers with Radar,159,23,48,3,233,0,16,231,6,253,159,39,279,9,486,50,0,50,536
08/27/2000,RNO,NV,AWP,WE,Towers with Radar,157,19,44,10,230,0,22,190,7,219,157,41,234,17,449,38,4,42,491
08/28/2000,RNO,NV,AWP,WE,Towers with Radar,168,38,27,5,238,1,26,91,3,121,169,64,118,8,359,10,0,10,369
08/29/2000,RNO,NV,AWP,WE,Towers with Radar,168,40,51,5,264,1,28,63,4,96,169,68,114,9,360,24,0,24,384
08/30/2000,RNO,NV,AWP,WE,Towers with Radar,172,37,30,16,255,1,18,70,8,97,173,55,100,24,352,22,6,28,380
08/31/2000,RNO,NV,AWP,WE,Towers with Radar,176,44,40,4,264,1,30,92,10,133,177,74,132,14,397,28,0,28,425
09/01/2000,RNO,NV,AWP,WE,Towers with Radar,181,56,89,6,332,0,19,70,16,105,181,75,159,22,437,42,0,42,479
09/02/2000,RNO,NV,AWP,WE,Towers with Radar,153,28,37,7,225,0,9,42,5,56,153,37,79,12,281,20,0,20,301
09/03/2000,RNO,NV,AWP,WE,Towers with Radar,141,21,23,9,194,0,13,101,9,123,141,34,124,18,317,12,0,12,329
09/04/2000,RNO,NV,AWP,WE,Towers with Radar,159,24,56,2,241,0,12,161,3,176,159,36,217,5,417,40,0,40,457
09/05/2000,RNO,NV,AWP,WE,Towers with Radar,168,31,38,2,239,0,30,81,7,118,168,61,119,9,357,8,8,16,373
09/06/2000,RNO,NV,AWP,WE,Towers with Radar,168,35,36,8,247,0,26,94,19,139,168,61,130,27,386,64,0,64,450
09/07/2000,RNO,NV,AWP,WE,Towers with Radar,167,40,50,0,257,0,32,154,9,195,167,72,204,9,452,68,0,68,520
09/08/2000,RNO,NV,AWP,WE,Towers with Radar,170,45,56,11,282,0,35,157,4,196,170,80,213,15,478,34,0,34,512
09/09/2000,RNO,NV,AWP,WE,Towers with Radar,149,24,45,4,222,0,20,168,6,194,149,44,213,10,416,16,0,16,432
09/10/2000,RNO,NV,AWP,WE,Towers with Radar,152,26,46,11,235,0,16,149,7,172,152,42,195,18,407,12,0,12,419
09/11/2000,RNO,NV,AWP,WE,Towers with Radar,162,26,35,4,227,0,28,90,1,119,162,54,125,5,346,38,0,38,384
09/12/2000,RNO,NV,AWP,WE,Towers with Radar,169,42,49,8,268,0,23,98,8,129,169,65,147,16,397,30,8,38,435
09/13/2000,RNO,NV,AWP,WE,Towers with Radar,176,34,44,5,259,0,28,146,9,183,176,62,190,14,442,12,0,12,454
09/14/2000,RNO,NV,AWP,WE,Towers with Radar,170,38,86,9,303,0,23,260,10,293,170,61,346,19,596,2,0,2,598
09/15/2000,RNO,NV,AWP,WE,Towers with Radar,175,43,103,21,342,0,41,342,19,402,175,84,445,40,744,30,0,30,774
09/16/2000,RNO,NV,AWP,WE,Towers with Radar,150,22,70,12,254,0,40,208,8,256,150,62,278,20,510,8,0,8,518
09/17/2000,RNO,NV,AWP,WE,Towers with Radar,147,22,110,13,292,0,39,417,26,482,147,61,527,39,774,8,0,8,782
09/18/2000,RNO,NV,AWP,WE,Towers with Radar,171,31,60,11,273,0,42,367,26,435,171,73,427,37,708,18,8,26,734
09/19/2000,RNO,NV,AWP,WE,Towers with Radar,173,46,31,3,253,0,24,126,10,160,173,70,157,13,413,10,2,12,425
09/20/2000,RNO,NV,AWP,WE,Towers with Radar,169,36,44,8,257,0,33,112,5,150,169,69,156,13,407,16,0,16,423
09/21/2000,RNO,NV,AWP,WE,Towers with Radar,174,31,50,6,261,0,29,106,13,148,174,60,156,19,409,46,4,50,459
09/22/2000,RNO,NV,AWP,WE,Towers with Radar,174,55,107,3,339,0,15,93,1,109,174,70,200,4,448,40,2,42,490
09/23/2000,RNO,NV,AWP,WE,Towers with Radar,154,25,35,6,220,0,39,127,2,168,154,64,162,8,388,14,0,14,402
09/24/2000,RNO,NV,AWP,WE,Towers with Radar,154,24,33,3,214,0,38,131,0,169,154,62,164,3,383,22,0,22,405
09/25/2000,RNO,NV,AWP,WE,Towers with Radar,164,37,40,4,245,0,23,98,1,122,164,60,138,5,367,42,0,42,409
09/26/2000,RNO,NV,AWP,WE,Towers with Radar,171,38,36,3,248,0,28,95,2,125,171,66,131,5,373,14,0,14,387
09/27/2000,RNO,NV,AWP,WE,Towers with Radar,173,35,36,0,244,0,26,97,3,126,173,61,133,3,370,18,4,22,392
09/28/2000,RNO,NV,AWP,WE,Towers with Radar,170,38,53,6,267,0,30,119,6,155,170,68,172,12,422,20,0,20,442
09/29/2000,RNO,NV,AWP,WE,Towers with Radar,180,34,50,7,271,0,43,108,7,158,180,77,158,14,429,28,4,32,461
09/30/2000,RNO,NV,AWP,WE,Towers with Radar,156,21,29,9,215,0,31,150,6,187,156,52,179,15,402,24,0,24,426
10/01/2000,RNO,NV,AWP,WE,Towers with Radar,155,27,54,3,239,0,37,109,1,147,155,64,163,4,386,12,0,12,398
10/02/2000,RNO,NV,AWP,WE,Towers with Radar,166,39,44,0,249,0,47,84,0,131,166,86,128,0,380,16,0,16,396
10/03/2000,RNO,NV,AWP,WE,Towers with Radar,180,38,31,5,254,0,30,97,0,127,180,68,128,5,381,26,2,28,409
10/04/2000,RNO,NV,AWP,WE,Towers with Radar,174,38,48,1,261,0,30,134,5,169,174,68,182,6,430,14,0,14,444
10/05/2000,RNO,NV,AWP,WE,Towers with Radar,174,37,55,4,270,0,22,109,3,134,174,59,164,7,404,10,2,12,416
10/06/2000,RNO,NV,AWP,WE,Towers with Radar,174,41,77,4,296,0,33,136,7,176,174,74,213,11,472,24,0,24,496
10/07/2000,RNO,NV,AWP,WE,Towers with Radar,154,29,12,12,207,0,42,83,2,127,154,71,95,14,334,36,10,46,380
10/08/2000,RNO,NV,AWP,WE,Towers with Radar,150,25,53,10,238,0,13,154,11,178,150,38,207,21,416,34,8,42,458
10/09/2000,RNO,NV,AWP,WE,Towers with Radar,165,28,35,2,230,0,12,47,6,65,165,40,82,8,295,2,0,2,297
10/10/2000,RNO,NV,AWP,WE,Towers with Radar,171,47,32,4,254,0,8,11,8,27,171,55,43,12,281,30,0,30,311
10/11/2000,RNO,NV,AWP,WE,Towers with Radar,173,47,36,7,263,0,8,9,1,18,173,55,45,8,281,4,0,4,285
10/12/2000,RNO,NV,AWP,WE,Towers with Radar,176,41,23,3,243,0,20,41,8,69,176,61,64,11,312,18,0,18,330
10/13/2000,RNO,NV,AWP,WE,Towers with Radar,178,37,63,4,282,0,34,122,5,161,178,71,185,9,443,34,2,36,479
10/14/2000,RNO,NV,AWP,WE,Towers with Radar,149,31,39,1,220,0,32,155,4,191,149,63,194,5,411,10,0,10,421
10/15/2000,RNO,NV,AWP,WE,Towers with Radar,154,26,24,6,210,0,8,114,6,128,154,34,138,12,338,50,2,52,390
10/16/2000,RNO,NV,AWP,WE,Towers with Radar,168,34,28,2,232,0,33,93,1,127,168,67,121,3,359,22,0,22,381
10/17/2000,RNO,NV,AWP,WE,Towers with Radar,190,38,39,3,270,0,24,113,6,143,190,62,152,9,413,8,0,8,421
10/18/2000,RNO,NV,AWP,WE,Towers with Radar,168,33,41,12,254,0,16,80,6,102,168,49,121,18,356,0,0,0,356
10/19/2000,RNO,NV,AWP,WE,Towers with Radar,169,34,45,4,252,0,30,125,14,169,169,64,170,18,421,34,2,36,457
10/20/2000,RNO,NV,AWP,WE,Towers with Radar,177,53,58,9,297,0,20,109,9,138,177,73,167,18,435,20,2,22,457
10/21/2000,RNO,NV,AWP,WE,Towers with Radar,157,31,21,6,215,0,6,42,2,50,157,37,63,8,265,8,0,8,273
10/22/2000,RNO,NV,AWP,WE,Towers with Radar,147,21,29,4,201,0,9,71,4,84,147,30,100,8,285,16,0,16,301
10/23/2000,RNO,NV,AWP,WE,Towers with Radar,188,56,45,10,299,0,35,102,5,142,188,91,147,15,441,6,0,6,447
10/24/2000,RNO,NV,AWP,WE,Towers with Radar,171,38,38,0,247,0,19,90,6,115,171,57,128,6,362,64,0,64,426
10/25/2000,RNO,NV,AWP,WE,Towers with Radar,169,45,46,13,273,0,15,59,7,81,169,60,105,20,354,20,0,20,374
10/26/2000,RNO,NV,AWP,WE,Towers with Radar,173,56,54,7,290,0,8,22,2,32,173,64,76,9,322,2,0,2,324
10/27/2000,RNO,NV,AWP,WE,Towers with Radar,164,51,77,14,306,0,21,64,6,91,164,72,141,20,397,18,4,22,419
10/28/2000,RNO,NV,AWP,WE,Towers with Radar,161,24,19,3,207,0,6,13,1,20,161,30,32,4,227,0,0,0,227
10/29/2000,RNO,NV,AWP,WE,Towers with Radar,151,21,35,1,208,0,2,15,0,17,151,23,50,1,225,12,0,12,237
10/30/2000,RNO,NV,AWP,WE,Towers with Radar,166,34,40,2,242,0,20,34,0,54,166,54,74,2,296,14,0,14,310
10/31/2000,RNO,NV,AWP,WE,Towers with Radar,186,45,30,2,263,0,17,76,6,99,186,62,106,8,362,44,2,46,408
11/01/2000,RNO,NV,AWP,WE,Towers with Radar,180,38,47,10,275,0,16,108,4,128,180,54,155,14,403,34,2,36,439
11/02/2000,RNO,NV,AWP,WE,Towers with Radar,177,39,45,2,263,0,16,128,6,150,177,55,173,8,413,48,6,54,467
11/03/2000,RNO,NV,AWP,WE,Towers with Radar,178,40,49,5,272,0,37,124,2,163,178,77,173,7,435,10,2,12,447
11/04/2000,RNO,NV,AWP,WE,Towers with Radar,154,25,51,5,235,0,12,138,8,158,154,37,189,13,393,40,2,42,435
11/05/2000,RNO,NV,AWP,WE,Towers with Radar,152,29,30,5,216,0,2,105,2,109,152,31,135,7,325,34,0,34,359
11/06/2000,RNO,NV,AWP,WE,Towers with Radar,168,41,29,13,251,0,20,70,9,99,168,61,99,22,350,38,14,52,402
11/07/2000,RNO,NV,AWP,WE,Towers with Radar,181,43,38,8,270,0,26,89,4,119,181,69,127,12,389,66,0,66,455
11/08/2000,RNO,NV,AWP,WE,Towers with Radar,175,56,36,9,276,0,14,51,0,65,175,70,87,9,341,34,4,38,379
11/09/2000,RNO,NV,AWP,WE,Towers with Radar,182,52,48,7,289,0,7,13,0,20,182,59,61,7,309,0,0,0,309
11/10/2000,RNO,NV,AWP,WE,Towers with Radar,184,71,67,6,328,0,7,42,0,49,184,78,109,6,377,34,0,34,411
11/11/2000,RNO,NV,AWP,WE,Towers with Radar,158,34,21,3,216,0,10,23,2,35,158,44,44,5,251,10,0,10,261
11/12/2000,RNO,NV,AWP,WE,Towers with Radar,159,21,38,1,219,0,29,128,0,157,159,50,166,1,376,44,0,44,420
11/13/2000,RNO,NV,AWP,WE,Towers with Radar,174,51,61,1,287,0,10,73,1,84,174,61,134,2,371,60,0,60,431
11/14/2000,RNO,NV,AWP,WE,Towers with Radar,178,54,26,9,267,0,2,19,2,23,178,56,45,11,290,46,0,46,336
11/15/2000,RNO,NV,AWP,WE,Towers with Radar,177,48,52,8,285,0,8,62,0,70,177,56,114,8,355,52,2,54,409
11/16/2000,RNO,NV,AWP,WE,Towers with Radar,179,51,54,4,288,0,17,86,5,108,179,68,140,9,396,34,2,36,432
11/17/2000,RNO,NV,AWP,WE,Towers with Radar,176,36,74,8,294,0,33,160,7,200,176,69,234,15,494,34,0,34,528
11/18/2000,RNO,NV,AWP,WE,Towers with Radar,159,26,21,13,219,0,6,142,11,159,159,32,163,24,378,26,0,26,404
11/19/2000,RNO,NV,AWP,WE,Towers with Radar,162,25,39,1,227,0,12,89,4,105,162,37,128,5,332,28,0,28,360
11/20/2000,RNO,NV,AWP,WE,Towers with Radar,171,29,37,5,242,0,17,80,6,103,171,46,117,11,345,32,2,34,379
11/21/2000,RNO,NV,AWP,WE,Towers with Radar,183,41,44,2,270,0,33,64,9,106,183,74,108,11,376,10,0,10,386
11/22/2000,RNO,NV,AWP,WE,Towers with Radar,185,47,41,7,280,1,14,100,7,122,186,61,141,14,402,46,8,54,456
11/23/2000,RNO,NV,AWP,WE,Towers with Radar,143,21,12,0,176,0,5,56,0,61,143,26,68,0,237,18,0,18,255
11/24/2000,RNO,NV,AWP,WE,Towers with Radar,139,19,38,0,196,0,22,116,0,138,139,41,154,0,334,14,0,14,348
11/25/2000,RNO,NV,AWP,WE,Towers with Radar,160,23,50,0,233,0,27,133,4,164,160,50,183,4,397,18,0,18,415
11/26/2000,RNO,NV,AWP,WE,Towers with Radar,156,19,71,0,246,0,20,107,0,127,156,39,178,0,373,40,0,40,413
11/27/2000,RNO,NV,AWP,WE,Towers with Radar,177,45,36,0,258,0,15,38,1,54,177,60,74,1,312,18,0,18,330
11/28/2000,RNO,NV,AWP,WE,Towers with Radar,179,42,46,10,277,0,16,73,3,92,179,58,119,13,369,22,4,26,395
11/29/2000,RNO,NV,AWP,WE,Towers with Radar,176,62,26,2,266,0,15,6,3,24,176,77,32,5,290,2,0,2,292
11/30/2000,RNO,NV,AWP,WE,Towers with Radar,177,37,37,3,254,0,23,68,5,96,177,60,105,8,350,10,0,10,360
12/01/2000,RNO,NV,AWP,WE,Towers with Radar,174,35,59,5,273,0,28,115,0,143,174,63,174,5,416,34,0,34,450
12/02/2000,RNO,NV,AWP,WE,Towers with Radar,163,28,70,0,261,0,11,131,0,142,163,39,201,0,403,34,0,34,437
12/03/2000,RNO,NV,AWP,WE,Towers with Radar,159,23,52,8,242,0,5,121,2,128,159,28,173,10,370,30,0,30,400
12/04/2000,RNO,NV,AWP,WE,Towers with Radar,174,30,22,3,229,0,19,49,0,68,174,49,71,3,297,48,0,48,345
12/05/2000,RNO,NV,AWP,WE,Towers with Radar,196,34,26,3,259,0,31,89,6,126,196,65,115,9,385,28,0,28,413
12/06/2000,RNO,NV,AWP,WE,Towers with Radar,180,38,42,8,268,0,31,88,3,122,180,69,130,11,390,32,0,32,422
12/07/2000,RNO,NV,AWP,WE,Towers with Radar,187,35,22,8,252,0,31,73,7,111,187,66,95,15,363,54,0,54,417
12/08/2000,RNO,NV,AWP,WE,Towers with Radar,171,41,42,3,257,0,21,93,7,121,171,62,135,10,378,26,0,26,404
12/09/2000,RNO,NV,AWP,WE,Towers with Radar,153,30,33,1,217,0,13,49,1,63,153,43,82,2,280,2,0,2,282
12/10/2000,RNO,NV,AWP,WE,Towers with Radar,147,23,37,11,218,0,6,44,0,50,147,29,81,11,268,18,0,18,286
12/11/2000,RNO,NV,AWP,WE,Towers with Radar,162,45,54,21,282,0,16,56,8,80,162,61,110,29,362,40,4,44,406
12/12/2000,RNO,NV,AWP,WE,Towers with Radar,174,51,44,9,278,0,13,59,7,79,174,64,103,16,357,10,0,10,367
12/13/2000,RNO,NV,AWP,WE,Towers with Radar,167,55,40,13,275,0,6,50,13,69,167,61,90,26,344,18,4,22,366
12/14/2000,RNO,NV,AWP,WE,Towers with Radar,169,60,48,7,284,0,12,36,4,52,169,72,84,11,336,22,0,22,358
12/15/2000,RNO,NV,AWP,WE,Towers with Radar,166,39,47,23,275,0,18,69,15,102,166,57,116,38,377,10,4,14,391
12/16/2000,RNO,NV,AWP,WE,Towers with Radar,153,23,21,5,202,0,19,127,2,148,153,42,148,7,350,8,0,8,358
12/17/2000,RNO,NV,AWP,WE,Towers with Radar,161,24,17,1,203,0,10,54,2,66,161,34,71,3,269,24,0,24,293
12/18/2000,RNO,NV,AWP,WE,Towers with Radar,169,28,24,1,222,0,22,88,1,111,169,50,112,2,333,24,2,26,359
12/19/2000,RNO,NV,AWP,WE,Towers with Radar,177,35,32,3,247,2,20,74,3,99,179,55,106,6,346,44,0,44,390
12/20/2000,RNO,NV,AWP,WE,Towers with Radar,184,34,33,7,258,0,25,84,10,119,184,59,117,17,377,8,2,10,387
12/21/2000,RNO,NV,AWP,WE,Towers with Radar,170,45,31,1,247,0,25,47,1,73,170,70,78,2,320,22,0,22,342
12/22/2000,RNO,NV,AWP,WE,Towers with Radar,183,33,37,0,253,0,39,97,2,138,183,72,134,2,391,20,0,20,411
12/23/2000,RNO,NV,AWP,WE,Towers with Radar,158,24,40,1,223,0,17,92,1,110,158,41,132,2,333,34,0,34,367
12/24/2000,RNO,NV,AWP,WE,Towers with Radar,140,26,21,0,187,0,17,46,1,64,140,43,67,1,251,46,0,46,297
12/25/2000,RNO,NV,AWP,WE,Towers with Radar,141,13,4,0,158,0,10,33,0,43,141,23,37,0,201,38,0,38,239
12/26/2000,RNO,NV,AWP,WE,Towers with Radar,152,31,53,6,242,0,24,114,4,142,152,55,167,10,384,34,4,38,422
12/27/2000,RNO,NV,AWP,WE,Towers with Radar,164,42,42,6,254,0,28,107,3,138,164,70,149,9,392,0,0,0,392
12/28/2000,RNO,NV,AWP,WE,Towers with Radar,173,39,55,5,272,0,24,111,5,140,173,63,166,10,412,40,0,40,452
12/29/2000,RNO,NV,AWP,WE,Towers with Radar,164,40,41,5,250,0,25,140,5,170,164,65,181,10,420,28,2,30,450
12/30/2000,RNO,NV,AWP,WE,Towers with Radar,160,24,47,0,231,0,14,148,1,163,160,38,195,1,394,22,0,22,416
12/31/2000,RNO,NV,AWP,WE,Towers with Radar,144,30,34,0,208,0,18,110,3,131,144,48,144,3,339,34,0,34,373
01/01/2001,RNO,NV,AWP,WE,Towers with Radar,167,39,50,0,256,1,16,145,1,163,168,55,195,1,419,34,0,34,453
01/02/2001,RNO,NV,AWP,WE,Towers with Radar,171,33,58,2,264,1,18,145,2,166,172,51,203,4,430,34,0,34,464
01/03/2001,RNO,NV,AWP,WE,Towers with Radar,177,43,57,11,288,1,23,116,9,149,178,66,173,20,437,64,10,74,511
01/04/2001,RNO,NV,AWP,WE,Towers with Radar,172,32,29,7,240,1,27,99,3,130,173,59,128,10,370,14,0,14,384
01/05/2001,RNO,NV,AWP,WE,Towers with Radar,176,38,48,17,279,1,35,128,14,178,177,73,176,31,457,10,4,14,471
01/06/2001,RNO,NV,AWP,WE,Towers with Radar,153,31,47,8,239,1,13,162,3,179,154,44,209,11,418,40,0,40,458
01/07/2001,RNO,NV,AWP,WE,Towers with Radar,153,41,45,7,246,0,13,106,0,119,153,54,151,7,365,10,4,14,379
01/08/2001,RNO,NV,AWP,WE,Towers with Radar,162,53,29,5,249,1,12,24,0,37,163,65,53,5,286,28,4,32,318
01/09/2001,RNO,NV,AWP,WE,Towers with Radar,162,42,46,7,257,0,30,33,0,63,162,72,79,7,320,6,0,6,326
01/10/2001,RNO,NV,AWP,WE,Towers with Radar,154,37,41,6,238,13,18,24,0,55,167,55,65,6,293,2,0,2,295
01/11/2001,RNO,NV,AWP,WE,Towers with Radar,160,39,36,5,240,10,20,0,0,30,170,59,36,5,270,22,0,22,292
01/12/2001,RNO,NV,AWP,WE,Towers with Radar,171,45,50,8,274,0,25,49,14,88,171,70,99,22,362,20,2,22,384
01/13/2001,RNO,NV,AWP,WE,Towers with Radar,163,35,43,3,244,2,0,58,0,60,165,35,101,3,304,22,0,22,326
01/14/2001,RNO,NV,AWP,WE,Towers with Radar,151,22,45,5,223,1,20,99,0,120,152,42,144,5,343,46,0,46,389
01/15/2001,RNO,NV,AWP,WE,Towers with Radar,160,37,67,2,266,1,4,34,0,39,161,41,101,2,305,28,0,28,333
01/16/2001,RNO,NV,AWP,WE,Towers with Radar,167,38,48,8,261,3,12,34,4,53,170,50,82,12,314,12,0,12,326
01/17/2001,RNO,NV,AWP,WE,Towers with Radar,172,36,30,6,244,1,21,93,5,120,173,57,123,11,364,32,0,32,396
01/18/2001,RNO,NV,AWP,WE,Towers with Radar,169,44,48,10,271,1,22,89,3,115,170,66,137,13,386,16,0,16,402
01/19/2001,RNO,NV,AWP,WE,Towers with Radar,171,49,70,9,299,1,11,54,1,67,172,60,124,10,366,28,0,28,394
01/20/2001,RNO,NV,AWP,WE,Towers with Radar,160,30,46,10,246,1,16,82,9,108,161,46,128,19,354,36,4,40,394
01/21/2001,RNO,NV,AWP,WE,Towers with Radar,154,23,65,12,254,1,11,92,6,110,155,34,157,18,364,32,0,32,396
01/22/2001,RNO,NV,AWP,WE,Towers with Radar,167,34,27,3,231,1,15,73,9,98,168,49,100,12,329,34,6,40,369
01/23/2001,RNO,NV,AWP,WE,Towers with Radar,164,47,38,5,254,1,7,77,4,89,165,54,115,9,343,14,0,14,357
01/24/2001,RNO,NV,AWP,WE,Towers with Radar,173,42,21,4,240,1,6,16,1,24,174,48,37,5,264,8,0,8,272
01/25/2001,RNO,NV,AWP,WE,Towers with Radar,167,59,59,3,288,1,6,51,3,61,168,65,110,6,349,28,0,28,377
01/26/2001,RNO,NV,AWP,WE,Towers with Radar,176,44,47,3,270,3,6,27,1,37,179,50,74,4,307,14,0,14,321
01/27/2001,RNO,NV,AWP,WE,Towers with Radar,155,45,51,0,251,1,15,87,4,107,156,60,138,4,358,68,0,68,426
01/28/2001,RNO,NV,AWP,WE,Towers with Radar,151,25,29,5,210,0,9,124,1,134,151,34,153,6,344,32,0,32,376
01/29/2001,RNO,NV,AWP,WE,Towers with Radar,160,37,27,12,236,0,12,41,2,55,160,49,68,14,291,28,4,32,323
01/30/2001,RNO,NV,AWP,WE,Towers with Radar,171,41,30,6,248,0,25,97,6,128,171,66,127,12,376,42,2,44,420
01/31/2001,RNO,NV,AWP,WE,Towers with Radar,172,30,32,6,240,0,27,109,6,142,172,57,141,12,382,52,0,52,434
02/01/2001,RNO,NV,AWP,WE,Towers with Radar,170,38,43,6,257,0,23,66,3,92,170,61,109,9,349,50,8,58,407
02/02/2001,RNO,NV,AWP,WE,Towers with Radar,174,40,74,9,297,0,33,64,6,103,174,73,138,15,400,22,0,22,422
02/03/2001,RNO,NV,AWP,WE,Towers with Radar,155,24,38,8,225,0,30,115,5,150,155,54,153,13,375,40,0,40,415
02/04/2001,RNO,NV,AWP,WE,Towers with Radar,151,20,28,2,201,4,21,137,4,166,155,41,165,6,367,94,0,94,461
02/05/2001,RNO,NV,AWP,WE,Towers with Radar,165,36,27,3,231,0,29,91,2,122,165,65,118,5,353,24,2,26,379
02/06/2001,RNO,NV,AWP,WE,Towers with Radar,166,42,31,6,245,0,15,22,2,39,166,57,53,8,284,16,0,16,300
02/07/2001,RNO,NV,AWP,WE,Towers with Radar,173,44,38,6,261,0,16,35,0,51,173,60,73,6,312,8,0,8,320
02/08/2001,RNO,NV,AWP,WE,Towers with Radar,173,40,30,11,254,0,14,55,5,74,173,54,85,16,328,14,2,16,344
02/09/2001,RNO,NV,AWP,WE,Towers with Radar,168,51,53,8,280,2,5,12,0,19,170,56,65,8,299,2,0,2,301
02/10/2001,RNO,NV,AWP,WE,Towers with Radar,180,41,36,8,265,0,27,20,5,52,180,68,56,13,317,0,2,2,319
02/11/2001,RNO,NV,AWP,WE,Towers with Radar,177,31,36,7,251,0,29,82,6,117,177,60,118,13,368,2,0,2,370
02/12/2001,RNO,NV,AWP,WE,Towers with Radar,175,31,50,7,263,0,29,87,6,122,175,60,137,13,385,0,0,0,385
02/13/2001,RNO,NV,AWP,WE,Towers with Radar,170,49,33,8,260,0,12,94,8,114,170,61,127,16,374,14,2,16,390
02/14/2001,RNO,NV,AWP,WE,Towers with Radar,173,40,34,3,250,0,27,78,2,107,173,67,112,5,357,26,0,26,383
02/15/2001,RNO,NV,AWP,WE,Towers with Radar,174,41,44,13,272,0,23,93,13,129,174,64,137,26,401,4,10,14,415
02/16/2001,RNO,NV,AWP,WE,Towers with Radar,169,39,81,8,297,0,25,123,3,151,169,64,204,11,448,10,0,10,458
02/17/2001,RNO,NV,AWP,WE,Towers with Radar,158,31,20,4,213,0,13,68,0,81,158,44,88,4,294,20,0,20,314
02/18/2001,RNO,NV,AWP,WE,Towers with Radar,151,32,41,10,234,0,12,39,1,52,151,44,80,11,286,64,0,64,350
02/19/2001,RNO,NV,AWP,WE,Towers with Radar,162,55,70,7,294,0,6,27,0,33,162,61,97,7,327,10,0,10,337
02/20/2001,RNO,NV,AWP,WE,Towers with Radar,169,39,42,12,262,0,10,30,4,44,169,49,72,16,306,4,0,4,310
02/21/2001,RNO,NV,AWP,WE,Towers with Radar,176,59,29,5,269,0,6,26,2,34,176,65,55,7,303,6,0,6,309
02/22/2001,RNO,NV,AWP,WE,Towers with Radar,174,50,34,17,275,0,12,9,1,22,174,62,43,18,297,12,4,16,313
02/23/2001,RNO,NV,AWP,WE,Towers with Radar,172,42,38,9,261,1,17,83,1,102,173,59,121,10,363,20,4,24,387
02/24/2001,RNO,NV,AWP,WE,Towers with Radar,159,46,41,8,254,0,3,5,0,8,159,49,46,8,262,10,0,10,272
02/25/2001,RNO,NV,AWP,WE,Towers with Radar,155,34,33,4,226,0,8,81,2,91,155,42,114,6,317,10,2,12,329
02/26/2001,RNO,NV,AWP,WE,Towers with Radar,167,42,37,3,249,0,18,72,0,90,167,60,109,3,339,12,0,12,351
02/27/2001,RNO,NV,AWP,WE,Towers with Radar,168,36,39,4,247,2,22,94,0,118,170,58,133,4,365,20,0,20,385
02/28/2001,RNO,NV,AWP,WE,Towers with Radar,165,39,32,5,241,0,22,78,6,106,165,61,110,11,347,34,0,34,381
03/01/2001,RNO,NV,AWP,WE,Towers with Radar,176,47,37,10,270,0,22,93,5,120,176,69,130,15,390,50,0,50,440
03/02/2001,RNO,NV,AWP,WE,Towers with Radar,174,56,49,10,289,0,16,12,4,32,174,72,61,14,321,4,0,4,325
03/03/2001,RNO,NV,AWP,WE,Towers with Radar,155,31,29,3,218,0,28,64,11,103,155,59,93,14,321,10,4,14,335
03/04/2001,RNO,NV,AWP,WE,Towers with Radar,144,26,33,4,207,0,1,12,0,13,144,27,45,4,220,32,0,32,252
03/05/2001,RNO,NV,AWP,WE,Towers with Radar,165,58,36,0,259,0,6,10,0,16,165,64,46,0,275,12,0,12,287
03/06/2001,RNO,NV,AWP,WE,Towers with Radar,177,44,38,4,263,0,15,51,8,74,177,59,89,12,337,22,4,26,363
03/07/2001,RNO,NV,AWP,WE,Towers with Radar,171,42,30,11,254,0,26,101,7,134,171,68,131,18,388,46,4,50,438
03/08/2001,RNO,NV,AWP,WE,Towers with Radar,166,48,42,6,262,0,24,72,5,101,166,72,114,11,363,16,0,16,379
03/09/2001,RNO,NV,AWP,WE,Towers with Radar,176,61,78,5,320,2,7,9,0,18,178,68,87,5,338,14,0,14,352
03/10/2001,RNO,NV,AWP,WE,Towers with Radar,158,34,75,4,271,0,5,111,5,121,158,39,186,9,392,14,2,16,408
03/11/2001,RNO,NV,AWP,WE,Towers with Radar,149,18,40,2,209,0,6,123,6,135,149,24,163,8,344,2,0,2,346
03/12/2001,RNO,NV,AWP,WE,Towers with Radar,160,32,40,23,255,0,24,119,25,168,160,56,159,48,423,56,12,68,491
03/13/2001,RNO,NV,AWP,WE,Towers with Radar,171,36,46,6,259,0,21,120,8,149,171,57,166,14,408,26,10,36,444
03/14/2001,RNO,NV,AWP,WE,Towers with Radar,172,32,34,4,242,0,23,120,5,148,172,55,154,9,390,54,16,70,460
03/15/2001,RNO,NV,AWP,WE,Towers with Radar,168,40,45,16,269,0,17,77,11,105,168,57,122,27,374,72,2,74,448
03/16/2001,RNO,NV,AWP,WE,Towers with Radar,177,36,54,8,275,2,30,106,3,141,179,66,160,11,416,88,2,90,506
03/17/2001,RNO,NV,AWP,WE,Towers with Radar,153,31,61,2,247,0,22,162,5,189,153,53,223,7,436,20,2,22,458
03/18/2001,RNO,NV,AWP,WE,Towers with Radar,152,17,35,5,209,0,8,117,9,134,152,25,152,14,343,14,4,18,361
03/19/2001,RNO,NV,AWP,WE,Towers with Radar,165,28,26,10,229,0,30,101,0,131,165,58,127,10,360,58,0,58,418
03/20/2001,RNO,NV,AWP,WE,Towers with Radar,166,40,29,3,238,0,31,68,6,105,166,71,97,9,343,2,0,2,345
03/21/2001,RNO,NV,AWP,WE,Towers with Radar,171,38,55,2,266,0,21,124,2,147,171,59,179,4,413,38,0,38,451
03/22/2001,RNO,NV,AWP,WE,Towers with Radar,167,42,48,2,259,0,16,74,4,94,167,58,122,6,353,16,0,16,369
03/23/2001,RNO,NV,AWP,WE,Towers with Radar,171,44,64,5,284,0,26,140,7,173,171,70,204,12,457,42,4,46,503
03/24/2001,RNO,NV,AWP,WE,Towers with Radar,158,28,52,2,240,0,18,129,4,151,158,46,181,6,391,18,6,24,415
03/25/2001,RNO,NV,AWP,WE,Towers with Radar,151,23,41,3,218,0,10,76,4,90,151,33,117,7,308,42,4,46,354
03/26/2001,RNO,NV,AWP,WE,Towers with Radar,161,28,42,0,231,0,30,71,1,102,161,58,113,1,333,10,0,10,343
03/27/2001,RNO,NV,AWP,WE,Towers with Radar,171,43,72,5,291,0,29,135,8,172,171,72,207,13,463,54,6,60,523
03/28/2001,RNO,NV,AWP,WE,Towers with Radar,157,51,24,4,236,0,39,106,5,150,157,90,130,9,386,12,0,12,398
03/29/2001,RNO,NV,AWP,WE,Towers with Radar,166,39,43,3,251,0,20,86,8,114,166,59,129,11,365,20,0,20,385
03/30/2001,RNO,NV,AWP,WE,Towers with Radar,174,43,43,2,262,0,27,108,8,143,174,70,151,10,405,38,0,38,443
03/31/2001,RNO,NV,AWP,WE,Towers with Radar,151,32,21,0,204,0,11,135,1,147,151,43,156,1,351,50,0,50,401
04/01/2001,RNO,NV,AWP,WE,Towers with Radar,146,24,36,4,210,0,10,114,3,127,146,34,150,7,337,58,0,58,395
04/02/2001,RNO,NV,AWP,WE,Towers with Radar,160,38,30,7,235,0,27,33,9,69,160,65,63,16,304,10,8,18,322
04/03/2001,RNO,NV,AWP,WE,Towers with Radar,166,48,30,0,244,0,21,42,6,69,166,69,72,6,313,4,0,4,317
04/04/2001,RNO,NV,AWP,WE,Towers with Radar,165,39,41,6,251,0,28,81,11,120,165,67,122,17,371,74,10,84,455
04/05/2001,RNO,NV,AWP,WE,Towers with Radar,168,51,41,6,266,0,28,84,6,118,168,79,125,12,384,44,0,44,428
04/06/2001,RNO,NV,AWP,WE,Towers with Radar,168,57,55,7,287,0,19,91,7,117,168,76,146,14,404,36,0,36,440
04/07/2001,RNO,NV,AWP,WE,Towers with Radar,157,35,24,1,217,0,2,25,2,29,157,37,49,3,246,50,0,50,296
04/08/2001,RNO,NV,AWP,WE,Towers with Radar,145,26,55,8,234,0,4,53,9,66,145,30,108,17,300,24,2,26,326
04/09/2001,RNO,NV,AWP,WE,Towers with Radar,156,41,34,2,233,0,11,29,3,43,156,52,63,5,276,2,0,2,278
04/10/2001,RNO,NV,AWP,WE,Towers with Radar,166,46,46,7,265,0,18,83,8,109,166,64,129,15,374,42,4,46,420
04/11/2001,RNO,NV,AWP,WE,Towers with Radar,157,57,50,11,275,0,8,13,0,21,157,65,63,11,296,4,6,10,306
04/12/2001,RNO,NV,AWP,WE,Towers with Radar,168,41,37,1,247,0,21,91,3,115,168,62,128,4,362,46,0,46,408
04/13/2001,RNO,NV,AWP,WE,Towers with Radar,171,34,41,11,257,0,31,89,9,129,171,65,130,20,386,44,2,46,432
04/14/2001,RNO,NV,AWP,WE,Towers with Radar,145,27,26,2,200,0,17,149,0,166,145,44,175,2,366,50,0,50,416
04/15/2001,RNO,NV,AWP,WE,Towers with Radar,148,20,30,4,202,0,19,111,1,131,148,39,141,5,333,10,0,10,343
04/16/2001,RNO,NV,AWP,WE,Towers with Radar,156,35,26,1,218,0,18,77,1,96,156,53,103,2,314,22,0,22,336
04/17/2001,RNO,NV,AWP,WE,Towers with Radar,167,39,31,1,238,2,27,87,7,123,169,66,118,8,361,52,0,52,413
04/18/2001,RNO,NV,AWP,WE,Towers with Radar,163,46,31,4,244,0,15,75,3,93,163,61,106,7,337,44,0,44,381
04/19/2001,RNO,NV,AWP,WE,Towers with Radar,174,60,54,5,293,0,4,20,1,25,174,64,74,6,318,6,0,6,324
04/20/2001,RNO,NV,AWP,WE,Towers with Radar,170,65,60,25,320,0,6,22,5,33,170,71,82,30,353,6,0,6,359
04/21/2001,RNO,NV,AWP,WE,Towers with Radar,149,32,36,1,218,0,6,51,2,59,149,38,87,3,277,12,0,12,289
04/22/2001,RNO,NV,AWP,WE,Towers with Radar,151,23,58,6,238,0,11,148,7,166,151,34,206,13,404,52,0,52,456
04/23/2001,RNO,NV,AWP,WE,Towers with Radar,160,29,51,4,244,0,21,59,3,83,160,50,110,7,327,68,0,68,395
04/24/2001,RNO,NV,AWP,WE,Towers with Radar,166,33,48,8,255,0,34,125,8,167,166,67,173,16,422,18,0,18,440
04/25/2001,RNO,NV,AWP,WE,Towers with Radar,166,37,55,4,262,0,24,129,11,164,166,61,184,15,426,34,6,40,466
04/26/2001,RNO,NV,AWP,WE,Towers with Radar,166,39,63,2,270,0,24,101,6,131,166,63,164,8,401,28,2,30,431
04/27/2001,RNO,NV,AWP,WE,Towers with Radar,167,36,43,6,252,0,29,133,10,172,167,65,176,16,424,42,0,42,466
04/28/2001,RNO,NV,AWP,WE,Towers with Radar,146,24,32,1,203,0,18,73,1,92,146,42,105,2,295,8,0,8,303
04/29/2001,RNO,NV,AWP,WE,Towers with Radar,147,19,30,1,197,0,4,137,2,143,147,23,167,3,340,40,0,40,380
04/30/2001,RNO,NV,AWP,WE,Towers with Radar,152,33,28,4,217,0,30,78,6,114,152,63,106,10,331,4,0,4,335
05/01/2001,RNO,NV,AWP,WE,Towers with Radar,166,34,30,19,249,0,21,96,12,129,166,55,126,31,378,30,4,34,412
05/02/2001,RNO,NV,AWP,WE,Towers with Radar,157,35,40,6,238,0,16,66,3,85,157,51,106,9,323,10,2,12,335
05/03/2001,RNO,NV,AWP,WE,Towers with Radar,162,38,33,5,238,0,27,101,7,135,162,65,134,12,373,30,0,30,403
05/04/2001,RNO,NV,AWP,WE,Towers with Radar,164,33,41,8,246,0,31,166,3,200,164,64,207,11,446,46,0,46,492
05/05/2001,RNO,NV,AWP,WE,Towers with Radar,146,27,24,1,198,0,7,117,9,133,146,34,141,10,331,30,0,30,361
05/06/2001,RNO,NV,AWP,WE,Towers with Radar,148,18,19,3,188,0,4,151,8,163,148,22,170,11,351,50,0,50,401
05/07/2001,RNO,NV,AWP,WE,Towers with Radar,147,31,37,11,226,0,24,97,1,122,147,55,134,12,348,40,0,40,388
05/08/2001,RNO,NV,AWP,WE,Towers with Radar,159,35,46,4,244,0,23,104,3,130,159,58,150,7,374,28,0,28,402
05/09/2001,RNO,NV,AWP,WE,Towers with Radar,160,44,44,6,254,0,20,111,3,134,160,64,155,9,388,44,0,44,432
05/10/2001,RNO,NV,AWP,WE,Towers with Radar,159,38,25,12,234,0,25,131,7,163,159,63,156,19,397,48,0,48,445
05/11/2001,RNO,NV,AWP,WE,Towers with Radar,164,33,38,8,243,0,41,140,3,184,164,74,178,11,427,8,0,8,435
05/12/2001,RNO,NV,AWP,WE,Towers with Radar,146,35,28,1,210,0,12,93,3,108,146,47,121,4,318,20,0,20,338
05/13/2001,RNO,NV,AWP,WE,Towers with Radar,145,23,38,1,207,0,5,84,7,96,145,28,122,8,303,40,0,40,343
05/14/2001,RNO,NV,AWP,WE,Towers with Radar,150,28,35,10,223,0,19,80,6,105,150,47,115,16,328,40,4,44,372
05/15/2001,RNO,NV,AWP,WE,Towers with Radar,158,48,43,8,257,0,13,60,10,83,158,61,103,18,340,12,0,12,352
05/16/2001,RNO,NV,AWP,WE,Towers with Radar,163,48,37,6,254,0,25,119,5,149,163,73,156,11,403,56,0,56,459
05/17/2001,RNO,NV,AWP,WE,Towers with Radar,158,47,45,3,253,0,23,121,7,151,158,70,166,10,404,12,2,14,418
05/18/2001,RNO,NV,AWP,WE,Towers with Radar,163,37,44,5,249,0,35,125,5,165,163,72,169,10,414,44,0,44,458
05/19/2001,RNO,NV,AWP,WE,Towers with Radar,145,26,12,6,189,0,13,123,6,142,145,39,135,12,331,6,0,6,337
05/20/2001,RNO,NV,AWP,WE,Towers with Radar,144,29,21,2,196,0,4,141,3,148,144,33,162,5,344,24,0,24,368
05/21/2001,RNO,NV,AWP,WE,Towers with Radar,155,26,39,1,221,0,21,119,1,141,155,47,158,2,362,6,0,6,368
05/22/2001,RNO,NV,AWP,WE,Towers with Radar,164,31,36,4,235,0,17,137,8,162,164,48,173,12,397,34,10,44,441
05/23/2001,RNO,NV,AWP,WE,Towers with Radar,157,33,47,8,245,0,21,114,12,147,157,54,161,20,392,24,8,32,424
05/24/2001,RNO,NV,AWP,WE,Towers with Radar,164,35,33,6,238,2,21,130,7,160,166,56,163,13,398,74,2,76,474
05/25/2001,RNO,NV,AWP,WE,Towers with Radar,166,34,52,2,254,0,44,174,8,226,166,78,226,10,480,44,0,44,524
05/26/2001,RNO,NV,AWP,WE,Towers with Radar,148,26,34,0,208,0,9,132,3,144,148,35,166,3,352,20,0,20,372
05/27/2001,RNO,NV,AWP,WE,Towers with Radar,118,21,34,6,179,0,7,118,5,130,118,28,152,11,309,20,2,22,331
05/28/2001,RNO,NV,AWP,WE,Towers with Radar,139,17,42,1,199,0,8,136,3,147,139,25,178,4,346,34,0,34,380
05/29/2001,RNO,NV,AWP,WE,Towers with Radar,154,26,35,1,216,0,26,124,11,161,154,52,159,12,377,48,0,48,425
05/30/2001,RNO,NV,AWP,WE,Towers with Radar,165,33,31,5,234,0,24,105,1,130,165,57,136,6,364,34,0,34,398
05/31/2001,RNO,NV,AWP,WE,Towers with Radar,156,35,30,1,222,0,21,108,7,136,156,56,138,8,358,56,0,56,414
06/01/2001,RNO,NV,AWP,WE,Towers with Radar,163,47,45,5,260,0,31,118,1,150,163,78,163,6,410,12,0,12,422
06/02/2001,RNO,NV,AWP,WE,Towers with Radar,142,32,26,5,205,0,30,147,3,180,142,62,173,8,385,36,0,36,421
06/03/2001,RNO,NV,AWP,WE,Towers with Radar,146,20,45,3,214,0,14,159,0,173,146,34,204,3,387,40,2,42,429
06/04/2001,RNO,NV,AWP,WE,Towers with Radar,154,29,45,2,230,0,33,117,0,150,154,62,162,2,380,72,0,72,452
06/05/2001,RNO,NV,AWP,WE,Towers with Radar,162,34,49,3,248,0,29,85,10,124,162,63,134,13,372,8,2,10,382
06/06/2001,RNO,NV,AWP,WE,Towers with Radar,162,39,40,11,252,0,27,102,2,131,162,66,142,13,383,70,0,70,453
06/07/2001,RNO,NV,AWP,WE,Towers with Radar,162,36,48,10,256,0,28,94,5,127,162,64,142,15,383,84,2,86,469
06/08/2001,RNO,NV,AWP,WE,Towers with Radar,164,36,44,3,247,0,23,132,5,160,164,59,176,8,407,28,0,28,435
06/09/2001,RNO,NV,AWP,WE,Towers with Radar,147,30,33,8,218,0,10,126,14,150,147,40,159,22,368,24,0,24,392
06/10/2001,RNO,NV,AWP,WE,Towers with Radar,146,19,31,12,208,0,8,119,10,137,146,27,150,22,345,14,0,14,359
06/11/2001,RNO,NV,AWP,WE,Towers with Radar,156,29,36,0,221,0,32,92,1,125,156,61,128,1,346,32,0,32,378
06/12/2001,RNO,NV,AWP,WE,Towers with Radar,166,37,29,10,242,0,27,66,3,96,166,64,95,13,338,32,0,32,370
06/13/2001,RNO,NV,AWP,WE,Towers with Radar,159,37,52,2,250,0,26,115,6,147,159,63,167,8,397,54,0,54,451
06/14/2001,RNO,NV,AWP,WE,Towers with Radar,163,38,40,6,247,0,25,115,4,144,163,63,155,10,391,58,0,58,449
06/15/2001,RNO,NV,AWP,WE,Towers with Radar,159,34,23,12,228,0,31,146,6,183,159,65,169,18,411,34,0,34,445
06/16/2001,RNO,NV,AWP,WE,Towers with Radar,153,32,34,11,230,0,17,131,0,148,153,49,165,11,378,30,0,30,408
06/17/2001,RNO,NV,AWP,WE,Towers with Radar,151,22,27,6,206,0,33,111,3,147,151,55,138,9,353,54,0,54,407
06/18/2001,RNO,NV,AWP,WE,Towers with Radar,156,38,28,9,231,0,41,133,6,180,156,79,161,15,411,58,4,62,473
06/19/2001,RNO,NV,AWP,WE,Towers with Radar,167,39,54,5,265,2,28,75,3,108,169,67,129,8,373,64,0,64,437
06/20/2001,RNO,NV,AWP,WE,Towers with Radar,156,45,30,5,236,0,19,110,5,134,156,64,140,10,370,104,2,106,476
06/21/2001,RNO,NV,AWP,WE,Towers with Radar,161,43,34,12,250,0,21,117,7,145,161,64,151,19,395,18,4,22,417
06/22/2001,RNO,NV,AWP,WE,Towers with Radar,159,39,27,9,234,0,21,90,10,121,159,60,117,19,355,22,2,24,379
06/23/2001,RNO,NV,AWP,WE,Towers with Radar,157,26,27,4,214,0,11,105,0,116,157,37,132,4,330,12,0,12,342
06/24/2001,RNO,NV,AWP,WE,Towers with Radar,145,28,34,0,207,0,5,88,3,96,145,33,122,3,303,0,0,0,303
06/25/2001,RNO,NV,AWP,WE,Towers with Radar,154,33,26,2,215,0,20,89,2,111,154,53,115,4,326,44,0,44,370
06/26/2001,RNO,NV,AWP,WE,Towers with Radar,162,40,48,2,252,0,23,69,3,95,162,63,117,5,347,46,4,50,397
06/27/2001,RNO,NV,AWP,WE,Towers with Radar,158,53,43,5,259,0,22,50,7,79,158,75,93,12,338,8,4,12,350
06/28/2001,RNO,NV,AWP,WE,Towers with Radar,166,34,56,7,263,0,22,171,10,203,166,56,227,17,466,46,2,48,514
06/29/2001,RNO,NV,AWP,WE,Towers with Radar,162,34,39,2,237,0,31,149,9,189,162,65,188,11,426,40,0,40,466
06/30/2001,RNO,NV,AWP,WE,Towers with Radar,150,26,30,4,210,0,7,135,1,143,150,33,165,5,353,16,0,16,369
07/01/2001,RNO,NV,AWP,WE,Towers with Radar,142,21,32,5,200,1,15,122,7,145,143,36,154,12,345,14,4,18,363
07/02/2001,RNO,NV,AWP,WE,Towers with Radar,151,30,24,2,207,1,31,88,2,122,152,61,112,4,329,36,0,36,365
07/03/2001,RNO,NV,AWP,WE,Towers with Radar,164,38,24,4,230,1,31,76,1,109,165,69,100,5,339,14,4,18,357
07/04/2001,RNO,NV,AWP,WE,Towers with Radar,133,31,17,1,182,1,17,61,11,90,134,48,78,12,272,18,10,28,300
07/05/2001,RNO,NV,AWP,WE,Towers with Radar,152,30,32,1,215,1,26,86,5,118,153,56,118,6,333,32,0,32,365
07/06/2001,RNO,NV,AWP,WE,Towers with Radar,159,36,27,2,224,1,26,133,3,163,160,62,160,5,387,40,0,40,427
07/07/2001,RNO,NV,AWP,WE,Towers with Radar,149,33,58,13,253,1,16,82,3,102,150,49,140,16,355,14,0,14,369
07/08/2001,RNO,NV,AWP,WE,Towers with Radar,145,22,56,6,229,1,6,145,12,164,146,28,201,18,393,44,0,44,437
07/09/2001,RNO,NV,AWP,WE,Towers with Radar,153,29,37,1,220,1,26,97,5,129,154,55,134,6,349,32,0,32,381
07/10/2001,RNO,NV,AWP,WE,Towers with Radar,163,37,37,3,240,1,17,83,4,105,164,54,120,7,345,10,0,10,355
07/11/2001,RNO,NV,AWP,WE,Towers with Radar,156,42,53,2,253,1,26,111,5,143,157,68,164,7,396,6,0,6,402
07/12/2001,RNO,NV,AWP,WE,Towers with Radar,161,34,32,1,228,1,30,121,7,159,162,64,153,8,387,84,2,86,473
07/13/2001,RNO,NV,AWP,WE,Towers with Radar,163,39,33,3,238,1,26,150,10,187,164,65,183,13,425,74,0,74,499
07/14/2001,RNO,NV,AWP,WE,Towers with Radar,147,30,37,3,217,3,14,157,9,183,150,44,194,12,400,48,4,52,452
07/15/2001,RNO,NV,AWP,WE,Towers with Radar,147,23,64,8,242,0,7,166,4,177,147,30,230,12,419,46,0,46,465
07/16/2001,RNO,NV,AWP,WE,Towers with Radar,151,29,45,2,227,0,21,112,5,138,151,50,157,7,365,100,0,100,465
07/17/2001,RNO,NV,AWP,WE,Towers with Radar,163,29,36,4,232,0,32,127,2,161,163,61,163,6,393,30,2,32,425
07/18/2001,RNO,NV,AWP,WE,Towers with Radar,160,35,25,2,222,0,22,113,5,140,160,57,138,7,362,52,0,52,414
07/19/2001,RNO,NV,AWP,WE,Towers with Radar,163,37,38,7,245,0,34,119,2,155,163,71,157,9,400,16,0,16,416
07/20/2001,RNO,NV,AWP,WE,Towers with Radar,161,33,33,11,238,0,34,143,15,192,161,67,176,26,430,10,0,10,440
07/21/2001,RNO,NV,AWP,WE,Towers with Radar,151,32,38,4,225,0,9,99,0,108,151,41,137,4,333,14,0,14,347
07/22/2001,RNO,NV,AWP,WE,Towers with Radar,144,34,39,3,220,0,1,145,4,150,144,35,184,7,370,60,0,60,430
07/23/2001,RNO,NV,AWP,WE,Towers with Radar,151,26,30,0,207,0,21,93,0,114,151,47,123,0,321,66,0,66,387
07/24/2001,RNO,NV,AWP,WE,Towers with Radar,161,41,32,2,236,0,41,114,3,158,161,82,146,5,394,52,4,56,450
07/25/2001,RNO,NV,AWP,WE,Towers with Radar,160,41,47,3,251,0,29,133,10,172,160,70,180,13,423,88,2,90,513
07/26/2001,RNO,NV,AWP,WE,Towers with Radar,159,37,39,5,240,0,28,105,11,144,159,65,144,16,384,30,0,30,414
07/27/2001,RNO,NV,AWP,WE,Towers with Radar,161,42,66,5,274,0,27,118,3,148,161,69,184,8,422,52,16,68,490
07/28/2001,RNO,NV,AWP,WE,Towers with Radar,154,33,38,3,228,0,8,104,5,117,154,41,142,8,345,22,0,22,367
07/29/2001,RNO,NV,AWP,WE,Towers with Radar,147,25,36,7,215,0,8,120,2,130,147,33,156,9,345,22,0,22,367
07/30/2001,RNO,NV,AWP,WE,Towers with Radar,152,33,37,3,225,7,43,88,8,146,159,76,125,11,371,36,0,36,407
07/31/2001,RNO,NV,AWP,WE,Towers with Radar,148,32,37,3,220,0,17,72,8,97,148,49,109,11,317,12,0,12,329
08/01/2001,RNO,NV,AWP,WE,Towers with Radar,155,36,32,2,225,1,30,127,11,169,156,66,159,13,394,50,0,50,444
08/02/2001,RNO,NV,AWP,WE,Towers with Radar,153,40,51,15,259,1,34,136,11,182,154,74,187,26,441,24,0,24,465
08/03/2001,RNO,NV,AWP,WE,Towers with Radar,158,39,48,5,250,1,28,138,10,177,159,67,186,15,427,42,2,44,471
08/04/2001,RNO,NV,AWP,WE,Towers with Radar,148,33,33,8,222,1,8,139,1,149,149,41,172,9,371,44,0,44,415
08/05/2001,RNO,NV,AWP,WE,Towers with Radar,150,24,62,2,238,1,7,186,7,201,151,31,248,9,439,100,0,100,539
08/06/2001,RNO,NV,AWP,WE,Towers with Radar,150,34,37,7,228,1,27,113,9,150,151,61,150,16,378,102,0,102,480
08/07/2001,RNO,NV,AWP,WE,Towers with Radar,163,40,37,7,247,1,25,116,13,155,164,65,153,20,402,74,0,74,476
08/08/2001,RNO,NV,AWP,WE,Towers with Radar,169,44,47,8,268,0,8,126,16,150,169,52,173,24,418,34,0,34,452
08/09/2001,RNO,NV,AWP,WE,Towers with Radar,169,33,34,7,243,0,17,127,4,148,169,50,161,11,391,90,0,90,481
08/10/2001,RNO,NV,AWP,WE,Towers with Radar,158,41,66,13,278,0,36,131,16,183,158,77,197,29,461,88,4,92,553
08/11/2001,RNO,NV,AWP,WE,Towers with Radar,153,29,46,7,235,0,16,147,10,173,153,45,193,17,408,18,4,22,430
08/12/2001,RNO,NV,AWP,WE,Towers with Radar,143,33,48,15,239,0,10,143,7,160,143,43,191,22,399,24,2,26,425
08/13/2001,RNO,NV,AWP,WE,Towers with Radar,155,35,39,1,230,0,31,117,1,149,155,66,156,2,379,56,0,56,435
08/14/2001,RNO,NV,AWP,WE,Towers with Radar,161,34,53,2,250,0,39,99,6,144,161,73,152,8,394,60,0,60,454
08/15/2001,RNO,NV,AWP,WE,Towers with Radar,162,40,39,11,252,0,21,105,5,131,162,61,144,16,383,32,0,32,415
08/16/2001,RNO,NV,AWP,WE,Towers with Radar,154,43,40,13,250,0,21,160,9,190,154,64,200,22,440,64,0,64,504
08/17/2001,RNO,NV,AWP,WE,Towers with Radar,159,44,54,8,265,0,40,137,1,178,159,84,191,9,443,16,0,16,459
08/18/2001,RNO,NV,AWP,WE,Towers with Radar,151,36,27,15,229,0,14,96,6,116,151,50,123,21,345,28,0,28,373
08/19/2001,RNO,NV,AWP,WE,Towers with Radar,142,28,51,15,236,0,10,139,4,153,142,38,190,19,389,28,0,28,417
08/20/2001,RNO,NV,AWP,WE,Towers with Radar,150,31,44,13,238,0,22,102,3,127,150,53,146,16,365,48,0,48,413
08/21/2001,RNO,NV,AWP,WE,Towers with Radar,159,43,34,7,243,0,24,87,8,119,159,67,121,15,362,40,4,44,406
08/22/2001,RNO,NV,AWP,WE,Towers with Radar,154,51,31,5,241,0,21,134,4,159,154,72,165,9,400,50,2,52,452
08/23/2001,RNO,NV,AWP,WE,Towers with Radar,160,41,23,9,233,0,26,109,8,143,160,67,132,17,376,66,2,68,444
08/24/2001,RNO,NV,AWP,WE,Towers with Radar,161,44,21,6,232,0,31,154,8,193,161,75,175,14,425,26,0,26,451
08/25/2001,RNO,NV,AWP,WE,Towers with Radar,147,32,21,12,212,0,12,105,5,122,147,44,126,17,334,28,0,28,362
08/26/2001,RNO,NV,AWP,WE,Towers with Radar,149,39,41,4,233,0,29,133,3,165,149,68,174,7,398,46,0,46,444
08/27/2001,RNO,NV,AWP,WE,Towers with Radar,147,46,29,2,224,0,28,69,0,97,147,74,98,2,321,42,0,42,363
08/28/2001,RNO,NV,AWP,WE,Towers with Radar,155,54,42,9,260,0,18,87,6,111,155,72,129,15,371,16,2,18,389
08/29/2001,RNO,NV,AWP,WE,Towers with Radar,154,51,35,8,248,0,17,100,11,128,154,68,135,19,376,24,4,28,404
08/30/2001,RNO,NV,AWP,WE,Towers with Radar,153,45,56,1,255,0,20,86,7,113,153,65,142,8,368,42,0,42,410
08/31/2001,RNO,NV,AWP,WE,Towers with Radar,141,60,52,3,256,0,34,220,6,260,141,94,272,9,516,18,0,18,534
09/01/2001,RNO,NV,AWP,WE,Towers with Radar,155,26,28,5,214,0,6,135,2,143,155,32,163,7,357,30,0,30,387
09/02/2001,RNO,NV,AWP,WE,Towers with Radar,126,21,31,13,191,0,20,141,1,162,126,41,172,14,353,70,0,70,423
09/03/2001,RNO,NV,AWP,WE,Towers with Radar,142,24,18,7,191,0,13,144,5,162,142,37,162,12,353,30,0,30,383
09/04/2001,RNO,NV,AWP,WE,Towers with Radar,155,30,41,1,227,0,26,95,5,126,155,56,136,6,353,28,2,30,383
09/05/2001,RNO,NV,AWP,WE,Towers with Radar,154,37,28,7,226,0,29,100,9,138,154,66,128,16,364,24,0,24,388
09/06/2001,RNO,NV,AWP,WE,Towers with Radar,158,41,34,5,238,0,29,131,10,170,158,70,165,15,408,24,6,30,438
09/07/2001,RNO,NV,AWP,WE,Towers with Radar,154,37,45,5,241,0,34,158,8,200,154,71,203,13,441,34,0,34,475
09/08/2001,RNO,NV,AWP,WE,Towers with Radar,151,27,29,2,209,0,15,106,7,128,151,42,135,9,337,40,0,40,377
09/09/2001,RNO,NV,AWP,WE,Towers with Radar,145,27,44,5,221,0,5,124,12,141,145,32,168,17,362,70,0,70,432
09/10/2001,RNO,NV,AWP,WE,Towers with Radar,156,34,26,1,217,0,19,124,6,149,156,53,150,7,366,84,0,84,450
09/11/2001,RNO,NV,AWP,WE,Towers with Radar,18,12,1,1,32,0,5,3,0,8,18,17,4,1,40,0,0,0,40
09/12/2001,RNO,NV,AWP,WE,Towers with Radar,0,3,0,2,5,0,3,0,0,3,0,6,0,2,8,0,0,0,8
09/13/2001,RNO,NV,AWP,WE,Towers with Radar,14,47,3,3,67,0,20,0,1,21,14,67,3,4,88,0,0,0,88
09/14/2001,RNO,NV,AWP,WE,Towers with Radar,101,71,41,11,224,0,14,3,3,20,101,85,44,14,244,0,0,0,244
09/15/2001,RNO,NV,AWP,WE,Towers with Radar,110,39,46,2,197,0,13,0,0,13,110,52,46,2,210,0,0,0,210
09/16/2001,RNO,NV,AWP,WE,Towers with Radar,132,42,61,1,236,0,9,2,0,11,132,51,63,1,247,4,0,4,251
09/17/2001,RNO,NV,AWP,WE,Towers with Radar,133,52,56,2,243,0,8,4,0,12,133,60,60,2,255,0,0,0,255
09/18/2001,RNO,NV,AWP,WE,Towers with Radar,142,57,82,3,284,0,14,0,1,15,142,71,82,4,299,0,0,0,299
09/19/2001,RNO,NV,AWP,WE,Towers with Radar,143,50,73,5,271,0,23,6,1,30,143,73,79,6,301,4,0,4,305
09/20/2001,RNO,NV,AWP,WE,Towers with Radar,147,48,50,13,258,0,13,49,6,68,147,61,99,19,326,2,2,4,330
09/21/2001,RNO,NV,AWP,WE,Towers with Radar,149,43,69,8,269,0,19,119,7,145,149,62,188,15,414,20,0,20,434
09/22/2001,RNO,NV,AWP,WE,Towers with Radar,134,25,65,4,228,0,6,106,5,117,134,31,171,9,345,20,2,22,367
09/23/2001,RNO,NV,AWP,WE,Towers with Radar,134,31,29,1,195,0,5,95,1,101,134,36,124,2,296,10,0,10,306
09/24/2001,RNO,NV,AWP,WE,Towers with Radar,139,39,45,9,232,0,18,82,5,105,139,57,127,14,337,28,0,28,365
09/25/2001,RNO,NV,AWP,WE,Towers with Radar,146,49,62,2,259,0,15,67,2,84,146,64,129,4,343,50,0,50,393
09/26/2001,RNO,NV,AWP,WE,Towers with Radar,149,35,35,0,219,0,22,99,3,124,149,57,134,3,343,32,0,32,375
09/27/2001,RNO,NV,AWP,WE,Towers with Radar,144,31,61,10,246,0,32,109,10,151,144,63,170,20,397,28,0,28,425
09/28/2001,RNO,NV,AWP,WE,Towers with Radar,148,44,44,8,244,0,31,104,5,140,148,75,148,13,384,6,4,10,394
09/29/2001,RNO,NV,AWP,WE,Towers with Radar,133,31,62,2,228,0,3,111,1,115,133,34,173,3,343,18,2,20,363
09/30/2001,RNO,NV,AWP,WE,Towers with Radar,132,33,55,2,222,0,12,104,2,118,132,45,159,4,340,40,0,40,380
10/01/2001,RNO,NV,AWP,WE,Towers with Radar,142,39,67,2,250,0,23,93,2,118,142,62,160,4,368,60,0,60,428
10/02/2001,RNO,NV,AWP,WE,Towers with Radar,153,38,61,9,261,0,20,79,2,101,153,58,140,11,362,10,0,10,372
10/03/2001,RNO,NV,AWP,WE,Towers with Radar,152,37,51,7,247,0,23,81,2,106,152,60,132,9,353,18,0,18,371
10/04/2001,RNO,NV,AWP,WE,Towers with Radar,152,40,47,3,242,0,32,99,6,137,152,72,146,9,379,30,0,30,409
10/05/2001,RNO,NV,AWP,WE,Towers with Radar,151,38,57,2,248,0,28,118,6,152,151,66,175,8,400,40,0,40,440
10/06/2001,RNO,NV,AWP,WE,Towers with Radar,130,27,35,1,193,0,8,94,2,104,130,35,129,3,297,16,0,16,313
10/07/2001,RNO,NV,AWP,WE,Towers with Radar,135,33,55,2,225,0,5,96,1,102,135,38,151,3,327,20,0,20,347
10/08/2001,RNO,NV,AWP,WE,Towers with Radar,142,31,44,0,217,0,14,56,2,72,142,45,100,2,289,40,0,40,329
10/09/2001,RNO,NV,AWP,WE,Towers with Radar,158,42,62,1,263,0,24,145,6,175,158,66,207,7,438,30,0,30,468
10/10/2001,RNO,NV,AWP,WE,Towers with Radar,149,52,48,9,258,0,22,111,7,140,149,74,159,16,398,48,0,48,446
10/11/2001,RNO,NV,AWP,WE,Towers with Radar,149,44,51,14,258,0,22,81,15,118,149,66,132,29,376,30,0,30,406
10/12/2001,RNO,NV,AWP,WE,Towers with Radar,153,37,40,5,235,0,28,104,3,135,153,65,144,8,370,42,0,42,412
10/13/2001,RNO,NV,AWP,WE,Towers with Radar,135,26,23,3,187,0,6,110,6,122,135,32,133,9,309,16,0,16,325
10/14/2001,RNO,NV,AWP,WE,Towers with Radar,140,29,41,6,216,0,1,107,4,112,140,30,148,10,328,52,0,52,380
10/15/2001,RNO,NV,AWP,WE,Towers with Radar,145,34,33,5,217,0,25,93,4,122,145,59,126,9,339,40,0,40,379
10/16/2001,RNO,NV,AWP,WE,Towers with Radar,149,43,54,2,248,0,21,104,5,130,149,64,158,7,378,40,0,40,418
10/17/2001,RNO,NV,AWP,WE,Towers with Radar,151,47,31,9,238,0,24,84,5,113,151,71,115,14,351,70,0,70,421
10/18/2001,RNO,NV,AWP,WE,Towers with Radar,158,40,36,2,236,0,19,104,7,130,158,59,140,9,366,82,0,82,448
10/19/2001,RNO,NV,AWP,WE,Towers with Radar,150,34,79,5,268,0,30,118,7,155,150,64,197,12,423,34,6,40,463
10/20/2001,RNO,NV,AWP,WE,Towers with Radar,133,28,25,0,186,0,9,118,2,129,133,37,143,2,315,30,0,30,345
10/21/2001,RNO,NV,AWP,WE,Towers with Radar,137,33,55,1,226,0,3,100,3,106,137,36,155,4,332,40,0,40,372
10/22/2001,RNO,NV,AWP,WE,Towers with Radar,144,36,58,0,238,0,23,114,0,137,144,59,172,0,375,40,0,40,415
10/23/2001,RNO,NV,AWP,WE,Towers with Radar,153,34,38,2,227,0,27,53,9,89,153,61,91,11,316,18,0,18,334
10/24/2001,RNO,NV,AWP,WE,Towers with Radar,107,31,20,2,160,0,16,87,7,110,107,47,107,9,270,64,0,64,334
10/25/2001,RNO,NV,AWP,WE,Towers with Radar,143,41,52,2,238,0,26,106,4,136,143,67,158,6,374,42,0,42,416
10/26/2001,RNO,NV,AWP,WE,Towers with Radar,157,43,50,9,259,0,27,120,1,148,157,70,170,10,407,62,2,64,471
10/27/2001,RNO,NV,AWP,WE,Towers with Radar,133,26,41,1,201,0,6,105,1,112,133,32,146,2,313,30,0,30,343
10/28/2001,RNO,NV,AWP,WE,Towers with Radar,132,30,67,0,229,0,3,114,1,118,132,33,181,1,347,30,0,30,377
10/29/2001,RNO,NV,AWP,WE,Towers with Radar,143,44,66,0,253,0,18,81,0,99,143,62,147,0,352,16,0,16,368
10/30/2001,RNO,NV,AWP,WE,Towers with Radar,153,51,34,6,244,0,9,7,0,16,153,60,41,6,260,8,0,8,268
10/31/2001,RNO,NV,AWP,WE,Towers with Radar,152,36,42,10,240,0,26,54,9,89,152,62,96,19,329,14,6,20,349
11/01/2001,RNO,NV,AWP,WE,Towers with Radar,157,40,50,1,248,0,20,87,8,115,157,60,137,9,363,104,0,104,467
11/02/2001,RNO,NV,AWP,WE,Towers with Radar,144,39,39,7,229,0,26,100,7,133,144,65,139,14,362,32,0,32,394
11/03/2001,RNO,NV,AWP,WE,Towers with Radar,137,26,42,0,205,0,11,125,6,142,137,37,167,6,347,30,6,36,383
11/04/2001,RNO,NV,AWP,WE,Towers with Radar,125,34,31,3,193,0,3,111,2,116,125,37,142,5,309,70,0,70,379
11/05/2001,RNO,NV,AWP,WE,Towers with Radar,140,46,50,3,239,0,27,112,3,142,140,73,162,6,381,20,0,20,401
11/06/2001,RNO,NV,AWP,WE,Towers with Radar,147,38,43,5,233,0,22,79,6,107,147,60,122,11,340,46,8,54,394
11/07/2001,RNO,NV,AWP,WE,Towers with Radar,147,41,48,5,241,0,27,120,5,152,147,68,168,10,393,20,0,20,413
11/08/2001,RNO,NV,AWP,WE,Towers with Radar,145,51,46,5,247,0,25,89,5,119,145,76,135,10,366,56,2,58,424
11/09/2001,RNO,NV,AWP,WE,Towers with Radar,145,44,63,12,264,0,32,131,8,171,145,76,194,20,435,50,0,50,485
11/10/2001,RNO,NV,AWP,WE,Towers with Radar,137,26,30,3,196,0,5,78,7,90,137,31,108,10,286,14,0,14,300
11/11/2001,RNO,NV,AWP,WE,Towers with Radar,126,25,43,7,201,0,2,29,2,33,126,27,72,9,234,36,6,42,276
11/12/2001,RNO,NV,AWP,WE,Towers with Radar,129,47,50,2,228,0,5,49,2,56,129,52,99,4,284,56,0,56,340
11/13/2001,RNO,NV,AWP,WE,Towers with Radar,146,47,46,11,250,0,12,28,2,42,146,59,74,13,292,16,0,16,308
11/14/2001,RNO,NV,AWP,WE,Towers with Radar,148,41,59,7,255,0,25,94,2,121,148,66,153,9,376,38,0,38,414
11/15/2001,RNO,NV,AWP,WE,Towers with Radar,140,31,48,11,230,0,21,88,5,114,140,52,136,16,344,56,0,56,400
11/16/2001,RNO,NV,AWP,WE,Towers with Radar,155,37,86,7,285,0,32,134,6,172,155,69,220,13,457,48,0,48,505
11/17/2001,RNO,NV,AWP,WE,Towers with Radar,135,36,51,4,226,0,8,87,2,97,135,44,138,6,323,10,0,10,333
11/18/2001,RNO,NV,AWP,WE,Towers with Radar,125,27,32,6,190,0,2,105,2,109,125,29,137,8,299,12,0,12,311
11/19/2001,RNO,NV,AWP,WE,Towers with Radar,142,44,63,4,253,0,21,83,7,111,142,65,146,11,364,70,0,70,434
11/20/2001,RNO,NV,AWP,WE,Towers with Radar,145,45,65,2,257,0,18,60,9,87,145,63,125,11,344,54,0,54,398
11/21/2001,RNO,NV,AWP,WE,Towers with Radar,144,57,69,1,271,0,9,51,3,63,144,66,120,4,334,86,0,86,420
11/22/2001,RNO,NV,AWP,WE,Towers with Radar,123,31,9,0,163,0,0,4,0,4,123,31,13,0,167,2,0,2,169
11/23/2001,RNO,NV,AWP,WE,Towers with Radar,123,32,36,0,191,0,12,83,5,100,123,44,119,5,291,22,0,22,313
11/24/2001,RNO,NV,AWP,WE,Towers with Radar,137,33,22,0,192,0,4,1,0,5,137,37,23,0,197,14,0,14,211
11/25/2001,RNO,NV,AWP,WE,Towers with Radar,128,34,72,0,234,0,3,40,0,43,128,37,112,0,277,14,0,14,291
11/26/2001,RNO,NV,AWP,WE,Towers with Radar,141,42,29,4,216,0,13,58,3,74,141,55,87,7,290,56,0,56,346
11/27/2001,RNO,NV,AWP,WE,Towers with Radar,148,42,43,2,235,0,25,78,8,111,148,67,121,10,346,10,4,14,360
11/28/2001,RNO,NV,AWP,WE,Towers with Radar,153,64,31,3,251,0,12,3,0,15,153,76,34,3,266,34,0,34,300
11/29/2001,RNO,NV,AWP,WE,Towers with Radar,152,55,47,14,268,0,5,12,1,18,152,60,59,15,286,56,2,58,344
11/30/2001,RNO,NV,AWP,WE,Towers with Radar,145,49,74,12,280,0,17,85,5,107,145,66,159,17,387,78,4,82,469
12/01/2001,RNO,NV,AWP,WE,Towers with Radar,134,29,21,3,187,0,4,6,0,10,134,33,27,3,197,2,2,4,201
12/02/2001,RNO,NV,AWP,WE,Towers with Radar,135,30,23,6,194,0,1,0,0,1,135,31,23,6,195,20,0,20,215
12/03/2001,RNO,NV,AWP,WE,Towers with Radar,158,53,30,3,244,0,11,38,1,50,158,64,68,4,294,20,0,20,314
12/04/2001,RNO,NV,AWP,WE,Towers with Radar,146,51,38,6,241,0,22,54,6,82,146,73,92,12,323,8,4,12,335
12/05/2001,RNO,NV,AWP,WE,Towers with Radar,145,64,27,6,242,0,7,18,5,30,145,71,45,11,272,2,2,4,276
12/06/2001,RNO,NV,AWP,WE,Towers with Radar,146,63,29,1,239,0,27,61,8,96,146,90,90,9,335,20,0,20,355
12/07/2001,RNO,NV,AWP,WE,Towers with Radar,146,45,75,18,284,0,22,135,13,170,146,67,210,31,454,56,12,68,522
12/08/2001,RNO,NV,AWP,WE,Towers with Radar,128,32,41,2,203,0,4,99,1,104,128,36,140,3,307,56,0,56,363
12/09/2001,RNO,NV,AWP,WE,Towers with Radar,130,32,34,10,206,0,7,26,0,33,130,39,60,10,239,16,0,16,255
12/10/2001,RNO,NV,AWP,WE,Towers with Radar,149,54,30,16,249,0,7,18,0,25,149,61,48,16,274,0,2,2,276
12/11/2001,RNO,NV,AWP,WE,Towers with Radar,147,47,44,9,247,0,20,50,4,74,147,67,94,13,321,16,0,16,337
12/12/2001,RNO,NV,AWP,WE,Towers with Radar,148,49,35,11,243,0,11,79,4,94,148,60,114,15,337,46,0,46,383
12/13/2001,RNO,NV,AWP,WE,Towers with Radar,156,47,34,10,247,0,14,71,4,89,156,61,105,14,336,52,2,54,390
12/14/2001,RNO,NV,AWP,WE,Towers with Radar,148,60,30,11,249,0,12,8,2,22,148,72,38,13,271,0,4,4,275
12/15/2001,RNO,NV,AWP,WE,Towers with Radar,138,33,44,4,219,0,9,91,2,102,138,42,135,6,321,32,0,32,353
12/16/2001,RNO,NV,AWP,WE,Towers with Radar,130,36,84,5,255,0,6,81,0,87,130,42,165,5,342,46,0,46,388
12/17/2001,RNO,NV,AWP,WE,Towers with Radar,147,48,34,0,229,0,8,21,0,29,147,56,55,0,258,30,0,30,288
12/18/2001,RNO,NV,AWP,WE,Towers with Radar,131,34,20,1,186,0,13,57,5,75,131,47,77,6,261,24,0,24,285
12/19/2001,RNO,NV,AWP,WE,Towers with Radar,138,51,59,6,254,0,12,71,1,84,138,63,130,7,338,24,2,26,364
12/20/2001,RNO,NV,AWP,WE,Towers with Radar,149,66,33,2,250,0,10,13,3,26,149,76,46,5,276,2,0,2,278
12/21/2001,RNO,NV,AWP,WE,Towers with Radar,158,44,53,3,258,0,14,66,1,81,158,58,119,4,339,22,0,22,361
12/22/2001,RNO,NV,AWP,WE,Towers with Radar,136,42,56,0,234,0,0,35,2,37,136,42,91,2,271,30,0,30,301
12/23/2001,RNO,NV,AWP,WE,Towers with Radar,133,30,32,0,195,0,0,12,2,14,133,30,44,2,209,12,0,12,221
12/24/2001,RNO,NV,AWP,WE,Towers with Radar,125,57,24,0,206,0,15,45,4,64,125,72,69,4,270,32,0,32,302
12/25/2001,RNO,NV,AWP,WE,Towers with Radar,116,23,13,0,152,0,9,19,0,28,116,32,32,0,180,8,0,8,188
12/26/2001,RNO,NV,AWP,WE,Towers with Radar,145,47,54,5,251,0,14,51,3,68,145,61,105,8,319,14,4,18,337
12/27/2001,RNO,NV,AWP,WE,Towers with Radar,147,64,39,6,256,0,10,60,5,75,147,74,99,11,331,50,0,50,381
12/28/2001,RNO,NV,AWP,WE,Towers with Radar,150,75,61,8,294,0,3,17,0,20,150,78,78,8,314,30,4,34,348
12/29/2001,RNO,NV,AWP,WE,Towers with Radar,131,38,52,0,221,0,1,6,0,7,131,39,58,0,228,28,0,28,256
12/30/2001,RNO,NV,AWP,WE,Towers with Radar,127,35,57,3,222,0,0,3,0,3,127,35,60,3,225,16,0,16,241
12/31/2001,RNO,NV,AWP,WE,Towers with Radar,121,41,39,0,201,0,17,80,1,98,121,58,119,1,299,40,0,40,339
01/01/2002,RNO,NV,AWP,WE,Towers with Radar,120,46,51,0,217,0,9,27,0,36,120,55,78,0,253,18,0,18,271
01/02/2002,RNO,NV,AWP,WE,Towers with Radar,146,66,43,10,265,0,3,35,0,38,146,69,78,10,303,30,0,30,333
01/03/2002,RNO,NV,AWP,WE,Towers with Radar,142,40,43,1,226,17,23,73,0,113,159,63,116,1,339,0,0,0,339
01/04/2002,RNO,NV,AWP,WE,Towers with Radar,159,36,34,0,229,0,27,114,1,142,159,63,148,1,371,70,6,76,447
01/05/2002,RNO,NV,AWP,WE,Towers with Radar,138,32,66,2,238,0,5,45,3,53,138,37,111,5,291,54,0,54,345
01/06/2002,RNO,NV,AWP,WE,Towers with Radar,130,21,53,3,207,0,2,46,0,48,130,23,99,3,255,54,0,54,309
01/07/2002,RNO,NV,AWP,WE,Towers with Radar,144,40,51,6,241,0,23,51,2,76,144,63,102,8,317,40,0,40,357
01/08/2002,RNO,NV,AWP,WE,Towers with Radar,155,41,42,4,242,0,22,63,6,91,155,63,105,10,333,66,6,72,405
01/09/2002,RNO,NV,AWP,WE,Towers with Radar,153,44,44,9,250,0,11,39,3,53,153,55,83,12,303,46,0,46,349
01/10/2002,RNO,NV,AWP,WE,Towers with Radar,154,32,60,2,248,0,25,123,7,155,154,57,183,9,403,28,0,28,431
01/11/2002,RNO,NV,AWP,WE,Towers with Radar,150,47,77,11,285,0,29,138,6,173,150,76,215,17,458,34,2,36,494
01/12/2002,RNO,NV,AWP,WE,Towers with Radar,125,40,42,4,211,0,5,106,16,127,125,45,148,20,338,54,2,56,394
01/13/2002,RNO,NV,AWP,WE,Towers with Radar,123,33,72,15,243,0,5,147,2,154,123,38,219,17,397,64,0,64,461
01/14/2002,RNO,NV,AWP,WE,Towers with Radar,127,33,38,2,200,0,16,50,4,70,127,49,88,6,270,30,2,32,302
01/15/2002,RNO,NV,AWP,WE,Towers with Radar,155,43,32,5,235,0,16,52,9,77,155,59,84,14,312,48,0,48,360
01/16/2002,RNO,NV,AWP,WE,Towers with Radar,151,46,60,5,262,0,20,117,3,140,151,66,177,8,402,68,0,68,470
01/17/2002,RNO,NV,AWP,WE,Towers with Radar,154,59,33,4,250,0,8,37,0,45,154,67,70,4,295,26,0,26,321
01/18/2002,RNO,NV,AWP,WE,Towers with Radar,153,45,34,11,243,0,20,84,13,117,153,65,118,24,360,26,0,26,386
01/19/2002,RNO,NV,AWP,WE,Towers with Radar,134,37,23,4,198,0,15,45,2,62,134,52,68,6,260,22,0,22,282
01/20/2002,RNO,NV,AWP,WE,Towers with Radar,124,26,41,5,196,0,9,51,3,63,124,35,92,8,259,60,0,60,319
01/21/2002,RNO,NV,AWP,WE,Towers with Radar,145,51,43,4,243,0,9,15,1,25,145,60,58,5,268,14,0,14,282
01/22/2002,RNO,NV,AWP,WE,Towers with Radar,150,39,46,4,239,0,23,63,5,91,150,62,109,9,330,24,0,24,354
01/23/2002,RNO,NV,AWP,WE,Towers with Radar,151,34,39,8,232,0,28,93,8,129,151,62,132,16,361,72,2,74,435
01/24/2002,RNO,NV,AWP,WE,Towers with Radar,149,43,46,6,244,0,30,98,6,134,149,73,144,12,378,78,6,84,462
01/25/2002,RNO,NV,AWP,WE,Towers with Radar,146,35,33,11,225,0,20,38,5,63,146,55,71,16,288,12,0,12,300
01/26/2002,RNO,NV,AWP,WE,Towers with Radar,135,43,31,1,210,0,1,6,0,7,135,44,37,1,217,10,0,10,227
01/27/2002,RNO,NV,AWP,WE,Towers with Radar,124,33,31,3,191,0,3,16,3,22,124,36,47,6,213,2,0,2,215
01/28/2002,RNO,NV,AWP,WE,Towers with Radar,148,63,41,1,253,0,5,3,0,8,148,68,44,1,261,2,0,2,263
01/29/2002,RNO,NV,AWP,WE,Towers with Radar,156,47,31,4,238,0,11,27,4,42,156,58,58,8,280,8,0,8,288
01/30/2002,RNO,NV,AWP,WE,Towers with Radar,147,38,37,2,224,0,27,83,10,120,147,65,120,12,344,24,0,24,368
01/31/2002,RNO,NV,AWP,WE,Towers with Radar,145,40,48,6,239,0,18,125,3,146,145,58,173,9,385,38,0,38,423
02/01/2002,RNO,NV,AWP,WE,Towers with Radar,150,61,116,8,335,0,22,136,2,160,150,83,252,10,495,32,2,34,529
02/02/2002,RNO,NV,AWP,WE,Towers with Radar,129,32,41,9,211,0,4,145,5,154,129,36,186,14,365,82,0,82,447
02/03/2002,RNO,NV,AWP,WE,Towers with Radar,126,29,40,2,197,0,7,119,3,129,126,36,159,5,326,46,0,46,372
02/04/2002,RNO,NV,AWP,WE,Towers with Radar,152,33,70,1,256,0,24,86,2,112,152,57,156,3,368,20,0,20,388
02/05/2002,RNO,NV,AWP,WE,Towers with Radar,146,41,42,2,231,0,17,80,9,106,146,58,122,11,337,16,0,16,353
02/06/2002,RNO,NV,AWP,WE,Towers with Radar,150,36,34,6,226,0,23,62,9,94,150,59,96,15,320,50,0,50,370
02/07/2002,RNO,NV,AWP,WE,Towers with Radar,150,48,50,5,253,0,8,27,12,47,150,56,77,17,300,6,0,6,306
02/08/2002,RNO,NV,AWP,WE,Towers with Radar,152,42,29,3,226,0,14,93,1,108,152,56,122,4,334,14,0,14,348
02/09/2002,RNO,NV,AWP,WE,Towers with Radar,134,27,16,8,185,0,9,118,8,135,134,36,134,16,320,24,2,26,346
02/10/2002,RNO,NV,AWP,WE,Towers with Radar,129,28,39,7,203,0,3,114,4,121,129,31,153,11,324,44,2,46,370
02/11/2002,RNO,NV,AWP,WE,Towers with Radar,139,33,35,2,209,0,28,76,1,105,139,61,111,3,314,8,0,8,322
02/12/2002,RNO,NV,AWP,WE,Towers with Radar,147,47,38,1,233,0,24,94,2,120,147,71,132,3,353,20,2,22,375
02/13/2002,RNO,NV,AWP,WE,Towers with Radar,144,48,50,8,250,0,12,140,4,156,144,60,190,12,406,54,0,54,460
02/14/2002,RNO,NV,AWP,WE,Towers with Radar,156,53,44,8,261,0,12,132,5,149,156,65,176,13,410,32,0,32,442
02/15/2002,RNO,NV,AWP,WE,Towers with Radar,144,48,43,8,243,0,12,132,4,148,144,60,175,12,391,36,2,38,429
02/16/2002,RNO,NV,AWP,WE,Towers with Radar,144,48,66,8,266,0,13,156,4,173,144,61,222,12,439,88,0,88,527
02/17/2002,RNO,NV,AWP,WE,Towers with Radar,144,48,38,8,238,0,12,128,4,144,144,60,166,12,382,86,2,88,470
02/18/2002,RNO,NV,AWP,WE,Towers with Radar,144,48,46,8,246,0,12,136,4,152,144,60,182,12,398,32,0,32,430
02/19/2002,RNO,NV,AWP,WE,Towers with Radar,142,58,32,13,245,0,2,103,4,109,142,60,135,17,354,24,0,24,378
02/20/2002,RNO,NV,AWP,WE,Towers with Radar,150,60,39,7,256,0,15,35,8,58,150,75,74,15,314,48,0,48,362
02/21/2002,RNO,NV,AWP,WE,Towers with Radar,162,46,45,6,259,0,27,101,5,133,162,73,146,11,392,78,0,78,470
02/22/2002,RNO,NV,AWP,WE,Towers with Radar,149,49,82,8,288,0,31,115,6,152,149,80,197,14,440,28,0,28,468
02/23/2002,RNO,NV,AWP,WE,Towers with Radar,132,42,37,2,213,0,7,45,4,56,132,49,82,6,269,30,0,30,299
02/24/2002,RNO,NV,AWP,WE,Towers with Radar,127,63,40,1,231,0,1,118,0,119,127,64,158,1,350,36,0,36,386
02/25/2002,RNO,NV,AWP,WE,Towers with Radar,137,33,44,9,223,0,23,91,1,115,137,56,135,10,338,30,0,30,368
02/26/2002,RNO,NV,AWP,WE,Towers with Radar,151,39,44,3,237,0,15,76,10,101,151,54,120,13,338,16,0,16,354
02/27/2002,RNO,NV,AWP,WE,Towers with Radar,148,39,36,4,227,0,23,60,3,86,148,62,96,7,313,30,0,30,343
02/28/2002,RNO,NV,AWP,WE,Towers with Radar,154,39,36,8,237,0,26,91,9,126,154,65,127,17,363,70,0,70,433
03/01/2002,RNO,NV,AWP,WE,Towers with Radar,150,45,69,6,270,0,30,103,5,138,150,75,172,11,408,52,0,52,460
03/02/2002,RNO,NV,AWP,WE,Towers with Radar,130,28,54,2,214,0,7,155,1,163,130,35,209,3,377,52,0,52,429
03/03/2002,RNO,NV,AWP,WE,Towers with Radar,133,31,62,6,232,1,3,179,0,183,134,34,241,6,415,90,0,90,505
03/04/2002,RNO,NV,AWP,WE,Towers with Radar,140,40,59,7,246,0,22,104,6,132,140,62,163,13,378,26,0,26,404
03/05/2002,RNO,NV,AWP,WE,Towers with Radar,150,42,66,3,261,0,22,73,9,104,150,64,139,12,365,90,0,90,455
03/06/2002,RNO,NV,AWP,WE,Towers with Radar,149,60,43,6,258,0,3,9,2,14,149,63,52,8,272,0,0,0,272
03/07/2002,RNO,NV,AWP,WE,Towers with Radar,153,61,28,4,246,0,4,15,1,20,153,65,43,5,266,4,0,4,270
03/08/2002,RNO,NV,AWP,WE,Towers with Radar,150,45,63,5,263,0,19,102,6,127,150,64,165,11,390,34,0,34,424
03/09/2002,RNO,NV,AWP,WE,Towers with Radar,130,35,28,2,195,0,0,86,7,93,130,35,114,9,288,72,0,72,360
03/10/2002,RNO,NV,AWP,WE,Towers with Radar,135,36,36,6,213,0,0,2,1,3,135,36,38,7,216,0,0,0,216
03/11/2002,RNO,NV,AWP,WE,Towers with Radar,141,40,24,4,209,0,26,52,2,80,141,66,76,6,289,30,4,34,323
03/12/2002,RNO,NV,AWP,WE,Towers with Radar,149,53,38,2,242,0,10,29,4,43,149,63,67,6,285,10,0,10,295
03/13/2002,RNO,NV,AWP,WE,Towers with Radar,146,50,53,15,264,0,14,32,13,59,146,64,85,28,323,24,12,36,359
03/14/2002,RNO,NV,AWP,WE,Towers with Radar,160,52,56,6,274,0,15,33,5,53,160,67,89,11,327,90,0,90,417
03/15/2002,RNO,NV,AWP,WE,Towers with Radar,149,52,63,21,285,0,13,56,2,71,149,65,119,23,356,40,2,42,398
03/16/2002,RNO,NV,AWP,WE,Towers with Radar,134,36,28,0,198,0,1,10,0,11,134,37,38,0,209,52,0,52,261
03/17/2002,RNO,NV,AWP,WE,Towers with Radar,131,32,50,5,218,0,0,11,0,11,131,32,61,5,229,6,0,6,235
03/18/2002,RNO,NV,AWP,WE,Towers with Radar,143,39,56,10,248,0,22,94,6,122,143,61,150,16,370,50,6,56,426
03/19/2002,RNO,NV,AWP,WE,Towers with Radar,152,43,84,5,284,0,22,108,9,139,152,65,192,14,423,34,2,36,459
03/20/2002,RNO,NV,AWP,WE,Towers with Radar,150,46,48,17,261,0,33,100,7,140,150,79,148,24,401,34,8,42,443
03/21/2002,RNO,NV,AWP,WE,Towers with Radar,154,44,33,5,236,0,26,101,7,134,154,70,134,12,370,26,0,26,396
03/22/2002,RNO,NV,AWP,WE,Towers with Radar,146,41,64,9,260,0,23,75,6,104,146,64,139,15,364,18,0,18,382
03/23/2002,RNO,NV,AWP,WE,Towers with Radar,138,40,53,3,234,0,5,35,1,41,138,45,88,4,275,46,0,46,321
03/24/2002,RNO,NV,AWP,WE,Towers with Radar,129,38,35,3,205,0,1,30,2,33,129,39,65,5,238,50,0,50,288
03/25/2002,RNO,NV,AWP,WE,Towers with Radar,145,36,41,4,226,0,29,101,6,136,145,65,142,10,362,70,0,70,432
03/26/2002,RNO,NV,AWP,WE,Towers with Radar,154,36,45,4,239,0,29,92,4,125,154,65,137,8,364,46,4,50,414
03/27/2002,RNO,NV,AWP,WE,Towers with Radar,153,42,32,1,228,0,23,107,13,143,153,65,139,14,371,58,0,58,429
03/28/2002,RNO,NV,AWP,WE,Towers with Radar,153,46,49,6,254,0,23,150,4,177,153,69,199,10,431,48,0,48,479
03/29/2002,RNO,NV,AWP,WE,Towers with Radar,151,48,49,0,248,0,26,142,5,173,151,74,191,5,421,40,4,44,465
03/30/2002,RNO,NV,AWP,WE,Towers with Radar,134,28,33,1,196,0,13,161,3,177,134,41,194,4,373,32,0,32,405
03/31/2002,RNO,NV,AWP,WE,Towers with Radar,133,32,19,0,184,0,15,108,6,129,133,47,127,6,313,82,0,82,395
04/01/2002,RNO,NV,AWP,WE,Towers with Radar,140,41,21,3,205,0,30,87,2,119,140,71,108,5,324,46,0,46,370
04/02/2002,RNO,NV,AWP,WE,Towers with Radar,155,41,26,2,224,0,20,98,12,130,155,61,124,14,354,60,0,60,414
04/03/2002,RNO,NV,AWP,WE,Towers with Radar,153,35,53,6,247,0,29,116,2,147,153,64,169,8,394,98,0,98,492
04/04/2002,RNO,NV,AWP,WE,Towers with Radar,155,44,50,5,254,0,24,94,9,127,155,68,144,14,381,74,4,78,459
04/05/2002,RNO,NV,AWP,WE,Towers with Radar,153,40,38,11,242,0,21,65,3,89,153,61,103,14,331,26,0,26,357
04/06/2002,RNO,NV,AWP,WE,Towers with Radar,133,35,17,1,186,0,8,120,0,128,133,43,137,1,314,62,0,62,376
04/07/2002,RNO,NV,AWP,WE,Towers with Radar,135,37,45,0,217,0,8,87,1,96,135,45,132,1,313,28,0,28,341
04/08/2002,RNO,NV,AWP,WE,Towers with Radar,152,40,25,2,219,0,23,79,3,105,152,63,104,5,324,38,0,38,362
04/09/2002,RNO,NV,AWP,WE,Towers with Radar,156,57,37,5,255,0,10,14,0,24,156,67,51,5,279,0,0,0,279
04/10/2002,RNO,NV,AWP,WE,Towers with Radar,156,38,36,4,234,0,29,64,9,102,156,67,100,13,336,0,2,2,338
04/11/2002,RNO,NV,AWP,WE,Towers with Radar,153,35,26,5,219,0,17,73,1,91,153,52,99,6,310,64,0,64,374
04/12/2002,RNO,NV,AWP,WE,Towers with Radar,153,37,72,5,267,0,22,123,9,154,153,59,195,14,421,54,2,56,477
04/13/2002,RNO,NV,AWP,WE,Towers with Radar,139,28,50,9,226,0,3,141,13,157,139,31,191,22,383,30,2,32,415
04/14/2002,RNO,NV,AWP,WE,Towers with Radar,137,35,41,6,219,0,8,70,2,80,137,43,111,8,299,44,0,44,343
04/15/2002,RNO,NV,AWP,WE,Towers with Radar,144,55,36,8,243,0,7,13,1,21,144,62,49,9,264,0,0,0,264
04/16/2002,RNO,NV,AWP,WE,Towers with Radar,159,49,59,7,274,0,12,60,6,78,159,61,119,13,352,46,2,48,400
04/17/2002,RNO,NV,AWP,WE,Towers with Radar,157,50,33,7,247,0,7,14,0,21,157,57,47,7,268,8,0,8,276
04/18/2002,RNO,NV,AWP,WE,Towers with Radar,153,54,56,5,268,0,9,9,1,19,153,63,65,6,287,10,0,10,297
04/19/2002,RNO,NV,AWP,WE,Towers with Radar,156,50,51,11,268,0,19,52,3,74,156,69,103,14,342,26,6,32,374
04/20/2002,RNO,NV,AWP,WE,Towers with Radar,138,28,47,0,213,0,12,137,3,152,138,40,184,3,365,54,0,54,419
04/21/2002,RNO,NV,AWP,WE,Towers with Radar,135,34,105,4,278,0,5,169,2,176,135,39,274,6,454,54,0,54,508
04/22/2002,RNO,NV,AWP,WE,Towers with Radar,145,31,49,5,230,0,26,136,2,164,145,57,185,7,394,60,0,60,454
04/23/2002,RNO,NV,AWP,WE,Towers with Radar,154,38,77,5,274,0,26,111,4,141,154,64,188,9,415,48,0,48,463
04/24/2002,RNO,NV,AWP,WE,Towers with Radar,152,35,39,5,231,0,35,97,9,141,152,70,136,14,372,26,0,26,398
04/25/2002,RNO,NV,AWP,WE,Towers with Radar,155,44,69,5,273,0,21,105,9,135,155,65,174,14,408,88,0,88,496
04/26/2002,RNO,NV,AWP,WE,Towers with Radar,156,41,51,3,251,0,17,63,17,97,156,58,114,20,348,6,0,6,354
04/27/2002,RNO,NV,AWP,WE,Towers with Radar,138,42,64,6,250,0,5,79,1,85,138,47,143,7,335,40,0,40,375
04/28/2002,RNO,NV,AWP,WE,Towers with Radar,136,48,79,4,267,0,7,115,1,123,136,55,194,5,390,34,0,34,424
04/29/2002,RNO,NV,AWP,WE,Towers with Radar,152,54,43,3,252,0,9,17,0,26,152,63,60,3,278,2,0,2,280
04/30/2002,RNO,NV,AWP,WE,Towers with Radar,155,39,57,3,254,0,18,60,2,80,155,57,117,5,334,62,0,62,396
05/01/2002,RNO,NV,AWP,WE,Towers with Radar,157,49,29,5,240,0,16,88,3,107,157,65,117,8,347,40,0,40,387
05/02/2002,RNO,NV,AWP,WE,Towers with Radar,155,42,44,2,243,0,28,97,9,134,155,70,141,11,377,52,0,52,429
05/03/2002,RNO,NV,AWP,WE,Towers with Radar,154,37,65,5,261,0,22,143,8,173,154,59,208,13,434,12,0,12,446
05/04/2002,RNO,NV,AWP,WE,Towers with Radar,139,29,39,4,211,0,9,120,7,136,139,38,159,11,347,40,2,42,389
05/05/2002,RNO,NV,AWP,WE,Towers with Radar,132,42,54,7,235,0,7,154,5,166,132,49,208,12,401,28,0,28,429
05/06/2002,RNO,NV,AWP,WE,Towers with Radar,145,45,44,2,236,0,30,64,5,99,145,75,108,7,335,20,0,20,355
05/07/2002,RNO,NV,AWP,WE,Towers with Radar,154,42,36,11,243,0,28,67,12,107,154,70,103,23,350,30,6,36,386
05/08/2002,RNO,NV,AWP,WE,Towers with Radar,153,45,46,7,251,0,22,117,6,145,153,67,163,13,396,32,0,32,428
05/09/2002,RNO,NV,AWP,WE,Towers with Radar,157,48,39,9,253,0,25,76,2,103,157,73,115,11,356,26,0,26,382
05/10/2002,RNO,NV,AWP,WE,Towers with Radar,157,51,55,8,271,0,12,58,3,73,157,63,113,11,344,2,0,2,346
05/11/2002,RNO,NV,AWP,WE,Towers with Radar,136,34,72,1,243,0,0,180,15,195,136,34,252,16,438,50,4,54,492
05/12/2002,RNO,NV,AWP,WE,Towers with Radar,132,39,38,4,213,0,13,147,1,161,132,52,185,5,374,24,0,24,398
05/13/2002,RNO,NV,AWP,WE,Towers with Radar,147,40,49,8,244,0,25,91,2,118,147,65,140,10,362,30,0,30,392
05/14/2002,RNO,NV,AWP,WE,Towers with Radar,158,44,71,7,280,0,21,124,6,151,158,65,195,13,431,42,0,42,473
05/15/2002,RNO,NV,AWP,WE,Towers with Radar,150,44,35,8,237,0,22,135,14,171,150,66,170,22,408,62,0,62,470
05/16/2002,RNO,NV,AWP,WE,Towers with Radar,155,43,52,2,252,1,21,152,7,181,156,64,204,9,433,56,8,64,497
05/17/2002,RNO,NV,AWP,WE,Towers with Radar,158,44,60,9,271,0,30,150,12,192,158,74,210,21,463,44,0,44,507
05/18/2002,RNO,NV,AWP,WE,Towers with Radar,141,29,32,2,204,0,3,124,6,133,141,32,156,8,337,50,0,50,387
05/19/2002,RNO,NV,AWP,WE,Towers with Radar,133,36,60,2,231,0,2,82,5,89,133,38,142,7,320,10,0,10,330
05/20/2002,RNO,NV,AWP,WE,Towers with Radar,145,60,43,1,249,0,9,14,1,24,145,69,57,2,273,6,0,6,279
05/21/2002,RNO,NV,AWP,WE,Towers with Radar,154,46,52,2,254,0,17,48,5,70,154,63,100,7,324,14,0,14,338
05/22/2002,RNO,NV,AWP,WE,Towers with Radar,157,38,56,6,257,1,28,94,15,138,158,66,150,21,395,26,0,26,421
05/23/2002,RNO,NV,AWP,WE,Towers with Radar,157,45,37,4,243,0,23,106,11,140,157,68,143,15,383,40,0,40,423
05/24/2002,RNO,NV,AWP,WE,Towers with Radar,150,47,59,0,256,0,24,155,6,185,150,71,214,6,441,76,0,76,517
05/25/2002,RNO,NV,AWP,WE,Towers with Radar,141,42,45,0,228,0,8,144,1,153,141,50,189,1,381,66,0,66,447
05/26/2002,RNO,NV,AWP,WE,Towers with Radar,104,30,26,0,160,0,2,106,2,110,104,32,132,2,270,40,0,40,310
05/27/2002,RNO,NV,AWP,WE,Towers with Radar,119,35,35,3,192,0,6,86,0,92,119,41,121,3,284,20,0,20,304
05/28/2002,RNO,NV,AWP,WE,Towers with Radar,147,40,53,4,244,0,23,98,6,127,147,63,151,10,371,96,0,96,467
05/29/2002,RNO,NV,AWP,WE,Towers with Radar,157,40,41,19,257,0,28,95,12,135,157,68,136,31,392,60,4,64,456
05/30/2002,RNO,NV,AWP,WE,Towers with Radar,153,43,39,7,242,0,28,114,8,150,153,71,153,15,392,58,2,60,452
05/31/2002,RNO,NV,AWP,WE,Towers with Radar,154,46,57,3,260,0,22,114,1,137,154,68,171,4,397,104,0,104,501
06/01/2002,RNO,NV,AWP,WE,Towers with Radar,142,35,63,1,241,0,3,104,1,108,142,38,167,2,349,64,0,64,413
06/02/2002,RNO,NV,AWP,WE,Towers with Radar,133,39,41,4,217,0,3,114,4,121,133,42,155,8,338,60,2,62,400
06/03/2002,RNO,NV,AWP,WE,Towers with Radar,145,47,45,2,239,0,25,108,0,133,145,72,153,2,372,36,0,36,408
06/04/2002,RNO,NV,AWP,WE,Towers with Radar,148,43,37,7,235,0,21,85,6,112,148,64,122,13,347,64,0,64,411
06/05/2002,RNO,NV,AWP,WE,Towers with Radar,155,37,30,4,226,0,24,84,11,119,155,61,114,15,345,28,2,30,375
06/06/2002,RNO,NV,AWP,WE,Towers with Radar,155,46,55,3,259,0,25,128,12,165,155,71,183,15,424,72,4,76,500
06/07/2002,RNO,NV,AWP,WE,Towers with Radar,148,42,42,3,235,0,25,144,9,178,148,67,186,12,413,36,0,36,449
06/08/2002,RNO,NV,AWP,WE,Towers with Radar,137,28,34,3,202,0,2,76,6,84,137,30,110,9,286,28,0,28,314
06/09/2002,RNO,NV,AWP,WE,Towers with Radar,141,30,29,7,207,0,7,144,3,154,141,37,173,10,361,72,0,72,433
06/10/2002,RNO,NV,AWP,WE,Towers with Radar,145,40,45,4,234,0,23,75,5,103,145,63,120,9,337,62,0,62,399
06/11/2002,RNO,NV,AWP,WE,Towers with Radar,152,51,50,12,265,0,28,139,14,181,152,79,189,26,446,54,10,64,510
06/12/2002,RNO,NV,AWP,WE,Towers with Radar,151,37,41,2,231,0,23,108,13,144,151,60,149,15,375,24,0,24,399
06/13/2002,RNO,NV,AWP,WE,Towers with Radar,158,46,43,4,251,0,20,151,12,183,158,66,194,16,434,84,0,84,518
06/14/2002,RNO,NV,AWP,WE,Towers with Radar,152,34,37,11,234,0,14,144,18,176,152,48,181,29,410,44,0,44,454
06/15/2002,RNO,NV,AWP,WE,Towers with Radar,150,35,34,15,234,0,11,132,6,149,150,46,166,21,383,50,0,50,433
06/16/2002,RNO,NV,AWP,WE,Towers with Radar,140,31,27,7,205,0,8,136,7,151,140,39,163,14,356,30,0,30,386
06/17/2002,RNO,NV,AWP,WE,Towers with Radar,142,36,26,4,208,0,24,109,5,138,142,60,135,9,346,126,0,126,472
06/18/2002,RNO,NV,AWP,WE,Towers with Radar,161,42,24,10,237,0,22,73,9,104,161,64,97,19,341,16,4,20,361
06/19/2002,RNO,NV,AWP,WE,Towers with Radar,154,37,42,2,235,0,28,103,4,135,154,65,145,6,370,30,0,30,400
06/20/2002,RNO,NV,AWP,WE,Towers with Radar,157,41,51,5,254,0,21,117,11,149,157,62,168,16,403,48,2,50,453
06/21/2002,RNO,NV,AWP,WE,Towers with Radar,154,36,35,1,226,0,22,100,9,131,154,58,135,10,357,48,0,48,405
06/22/2002,RNO,NV,AWP,WE,Towers with Radar,148,31,40,1,220,0,12,110,5,127,148,43,150,6,347,36,4,40,387
06/23/2002,RNO,NV,AWP,WE,Towers with Radar,140,29,35,6,210,0,5,101,5,111,140,34,136,11,321,34,0,34,355
06/24/2002,RNO,NV,AWP,WE,Towers with Radar,155,44,45,4,248,0,26,108,1,135,155,70,153,5,383,34,0,34,417
06/25/2002,RNO,NV,AWP,WE,Towers with Radar,156,35,38,5,234,0,24,94,11,129,156,59,132,16,363,30,0,30,393
06/26/2002,RNO,NV,AWP,WE,Towers with Radar,152,38,39,2,231,0,25,95,3,123,152,63,134,5,354,50,2,52,406
06/27/2002,RNO,NV,AWP,WE,Towers with Radar,155,40,56,19,270,0,29,140,9,178,155,69,196,28,448,60,10,70,518
06/28/2002,RNO,NV,AWP,WE,Towers with Radar,155,41,41,16,253,0,26,137,6,169,155,67,178,22,422,58,14,72,494
06/29/2002,RNO,NV,AWP,WE,Towers with Radar,149,32,30,9,220,0,12,165,11,188,149,44,195,20,408,12,0,12,420
06/30/2002,RNO,NV,AWP,WE,Towers with Radar,140,41,34,3,218,0,9,144,8,161,140,50,178,11,379,44,0,44,423
07/01/2002,RNO,NV,AWP,WE,Towers with Radar,150,40,25,3,218,0,25,83,3,111,150,65,108,6,329,30,0,30,359
07/02/2002,RNO,NV,AWP,WE,Towers with Radar,153,36,35,5,229,1,31,87,8,127,154,67,122,13,356,50,0,50,406
07/03/2002,RNO,NV,AWP,WE,Towers with Radar,152,35,53,3,243,0,31,99,7,137,152,66,152,10,380,40,0,40,420
07/04/2002,RNO,NV,AWP,WE,Towers with Radar,126,23,32,0,181,0,4,88,7,99,126,27,120,7,280,14,4,18,298
07/05/2002,RNO,NV,AWP,WE,Towers with Radar,127,34,50,4,215,0,33,133,4,170,127,67,183,8,385,52,0,52,437
07/06/2002,RNO,NV,AWP,WE,Towers with Radar,146,29,63,6,244,0,8,121,1,130,146,37,184,7,374,30,2,32,406
07/07/2002,RNO,NV,AWP,WE,Towers with Radar,146,39,55,4,244,0,5,144,4,153,146,44,199,8,397,30,0,30,427
07/08/2002,RNO,NV,AWP,WE,Towers with Radar,146,35,44,7,232,0,30,101,4,135,146,65,145,11,367,22,0,22,389
07/09/2002,RNO,NV,AWP,WE,Towers with Radar,149,37,83,9,278,0,23,124,12,159,149,60,207,21,437,44,0,44,481
07/10/2002,RNO,NV,AWP,WE,Towers with Radar,158,37,32,5,232,0,30,98,10,138,158,67,130,15,370,30,0,30,400
07/11/2002,RNO,NV,AWP,WE,Towers with Radar,154,38,42,16,250,0,22,111,14,147,154,60,153,30,397,8,4,12,409
07/12/2002,RNO,NV,AWP,WE,Towers with Radar,158,40,64,11,273,0,20,101,9,130,158,60,165,20,403,22,2,24,427
07/13/2002,RNO,NV,AWP,WE,Towers with Radar,145,29,60,8,242,0,13,135,11,159,145,42,195,19,401,50,0,50,451
07/14/2002,RNO,NV,AWP,WE,Towers with Radar,149,35,61,10,255,0,12,163,6,181,149,47,224,16,436,48,2,50,486
07/15/2002,RNO,NV,AWP,WE,Towers with Radar,146,34,70,9,259,0,30,146,7,183,146,64,216,16,442,40,0,40,482
07/16/2002,RNO,NV,AWP,WE,Towers with Radar,154,35,45,4,238,0,26,104,13,143,154,61,149,17,381,8,0,8,389
07/17/2002,RNO,NV,AWP,WE,Towers with Radar,158,51,65,1,275,0,23,114,6,143,158,74,179,7,418,30,0,30,448
07/18/2002,RNO,NV,AWP,WE,Towers with Radar,156,39,49,12,256,0,32,127,6,165,156,71,176,18,421,44,0,44,465
07/19/2002,RNO,NV,AWP,WE,Towers with Radar,159,49,63,3,274,0,25,163,3,191,159,74,226,6,465,20,2,22,487
07/20/2002,RNO,NV,AWP,WE,Towers with Radar,153,34,38,2,227,0,10,163,5,178,153,44,201,7,405,40,0,40,445
07/21/2002,RNO,NV,AWP,WE,Towers with Radar,145,32,36,2,215,0,4,138,4,146,145,36,174,6,361,24,0,24,385
07/22/2002,RNO,NV,AWP,WE,Towers with Radar,146,44,57,4,251,0,25,88,9,122,146,69,145,13,373,34,0,34,407
07/23/2002,RNO,NV,AWP,WE,Towers with Radar,147,39,44,6,236,0,26,84,21,131,147,65,128,27,367,44,8,52,419
07/24/2002,RNO,NV,AWP,WE,Towers with Radar,167,43,49,2,261,15,27,79,7,128,182,70,128,9,389,62,2,64,453
07/25/2002,RNO,NV,AWP,WE,Towers with Radar,156,41,40,7,244,0,24,97,8,129,156,65,137,15,373,58,2,60,433
07/26/2002,RNO,NV,AWP,WE,Towers with Radar,154,45,66,17,282,0,21,175,3,199,154,66,241,20,481,36,0,36,517
07/27/2002,RNO,NV,AWP,WE,Towers with Radar,143,36,74,3,256,0,6,214,6,226,143,42,288,9,482,70,0,70,552
07/28/2002,RNO,NV,AWP,WE,Towers with Radar,148,39,51,2,240,0,6,164,3,173,148,45,215,5,413,38,0,38,451
07/29/2002,RNO,NV,AWP,WE,Towers with Radar,144,39,58,12,253,0,22,138,15,175,144,61,196,27,428,44,6,50,478
07/30/2002,RNO,NV,AWP,WE,Towers with Radar,152,38,50,3,243,0,23,85,6,114,152,61,135,9,357,32,0,32,389
07/31/2002,RNO,NV,AWP,WE,Towers with Radar,154,38,29,1,222,0,26,104,8,138,154,64,133,9,360,58,0,58,418
08/01/2002,RNO,NV,AWP,WE,Towers with Radar,159,36,44,5,244,0,18,100,8,126,159,54,144,13,370,44,0,44,414
08/02/2002,RNO,NV,AWP,WE,Towers with Radar,151,38,56,6,251,0,26,112,8,146,151,64,168,14,397,24,6,30,427
08/03/2002,RNO,NV,AWP,WE,Towers with Radar,148,29,35,6,218,0,14,138,9,161,148,43,173,15,379,26,0,26,405
08/04/2002,RNO,NV,AWP,WE,Towers with Radar,141,43,50,3,237,2,7,121,1,131,143,50,171,4,368,36,0,36,404
08/05/2002,RNO,NV,AWP,WE,Towers with Radar,148,38,37,4,227,0,27,64,9,100,148,65,101,13,327,40,0,40,367
08/06/2002,RNO,NV,AWP,WE,Towers with Radar,156,43,26,4,229,0,23,77,4,104,156,66,103,8,333,50,0,50,383
08/07/2002,RNO,NV,AWP,WE,Towers with Radar,154,38,36,4,232,0,38,111,7,156,154,76,147,11,388,18,0,18,406
08/08/2002,RNO,NV,AWP,WE,Towers with Radar,159,49,54,7,269,0,22,118,9,149,159,71,172,16,418,60,2,62,480
08/09/2002,RNO,NV,AWP,WE,Towers with Radar,155,41,48,5,249,0,23,145,10,178,155,64,193,15,427,44,2,46,473
08/10/2002,RNO,NV,AWP,WE,Towers with Radar,145,28,32,0,205,0,8,124,8,140,145,36,156,8,345,62,0,62,407
08/11/2002,RNO,NV,AWP,WE,Towers with Radar,145,29,63,2,239,0,2,116,9,127,145,31,179,11,366,18,0,18,384
08/12/2002,RNO,NV,AWP,WE,Towers with Radar,146,41,24,11,222,0,20,112,3,135,146,61,136,14,357,4,0,4,361
08/13/2002,RNO,NV,AWP,WE,Towers with Radar,159,39,35,5,238,0,27,116,3,146,159,66,151,8,384,34,0,34,418
08/14/2002,RNO,NV,AWP,WE,Towers with Radar,158,39,41,5,243,2,34,92,2,130,160,73,133,7,373,18,0,18,391
08/15/2002,RNO,NV,AWP,WE,Towers with Radar,152,42,48,3,245,0,23,101,2,126,152,65,149,5,371,54,0,54,425
08/16/2002,RNO,NV,AWP,WE,Towers with Radar,159,34,50,6,249,0,26,127,7,160,159,60,177,13,409,20,2,22,431
08/17/2002,RNO,NV,AWP,WE,Towers with Radar,148,48,41,6,243,0,20,114,9,143,148,68,155,15,386,20,2,22,408
08/18/2002,RNO,NV,AWP,WE,Towers with Radar,138,33,54,4,229,0,15,153,9,177,138,48,207,13,406,26,4,30,436
08/19/2002,RNO,NV,AWP,WE,Towers with Radar,153,60,54,4,271,0,23,100,5,128,153,83,154,9,399,30,0,30,429
08/20/2002,RNO,NV,AWP,WE,Towers with Radar,152,41,37,10,240,0,21,108,3,132,152,62,145,13,372,14,2,16,388
08/21/2002,RNO,NV,AWP,WE,Towers with Radar,155,42,58,0,255,0,26,103,10,139,155,68,161,10,394,26,0,26,420
08/22/2002,RNO,NV,AWP,WE,Towers with Radar,158,49,32,8,247,0,23,92,14,129,158,72,124,22,376,18,4,22,398
08/23/2002,RNO,NV,AWP,WE,Towers with Radar,156,45,48,2,251,0,26,155,5,186,156,71,203,7,437,82,0,82,519
08/24/2002,RNO,NV,AWP,WE,Towers with Radar,146,37,50,4,237,0,6,190,5,201,146,43,240,9,438,72,0,72,510
08/25/2002,RNO,NV,AWP,WE,Towers with Radar,145,59,54,2,260,0,11,188,7,206,145,70,242,9,466,62,0,62,528
08/26/2002,RNO,NV,AWP,WE,Towers with Radar,144,40,46,9,239,0,19,119,11,149,144,59,165,20,388,64,4,68,456
08/27/2002,RNO,NV,AWP,WE,Towers with Radar,155,45,68,2,270,0,19,120,4,143,155,64,188,6,413,58,0,58,471
08/28/2002,RNO,NV,AWP,WE,Towers with Radar,153,41,42,5,241,0,26,98,6,130,153,67,140,11,371,42,0,42,413
08/29/2002,RNO,NV,AWP,WE,Towers with Radar,158,43,33,3,237,0,27,101,12,140,158,70,134,15,377,12,12,24,401
08/30/2002,RNO,NV,AWP,WE,Towers with Radar,155,39,79,3,276,0,26,144,3,173,155,65,223,6,449,30,4,34,483
08/31/2002,RNO,NV,AWP,WE,Towers with Radar,155,40,62,9,266,0,14,147,8,169,155,54,209,17,435,20,2,22,457
09/01/2002,RNO,NV,AWP,WE,Towers with Radar,121,42,43,2,208,0,21,145,9,175,121,63,188,11,383,38,0,38,421
09/02/2002,RNO,NV,AWP,WE,Towers with Radar,127,31,37,2,197,0,13,135,7,155,127,44,172,9,352,32,0,32,384
09/03/2002,RNO,NV,AWP,WE,Towers with Radar,148,40,32,1,221,0,26,75,3,104,148,66,107,4,325,48,0,48,373
09/04/2002,RNO,NV,AWP,WE,Towers with Radar,157,39,31,2,229,0,32,71,8,111,157,71,102,10,340,26,0,26,366
09/05/2002,RNO,NV,AWP,WE,Towers with Radar,156,50,32,8,246,0,31,49,11,91,156,81,81,19,337,40,2,42,379
09/06/2002,RNO,NV,AWP,WE,Towers with Radar,149,49,50,20,268,0,13,75,9,97,149,62,125,29,365,2,4,6,371
09/07/2002,RNO,NV,AWP,WE,Towers with Radar,147,31,52,9,239,0,9,153,12,174,147,40,205,21,413,62,0,62,475
09/08/2002,RNO,NV,AWP,WE,Towers with Radar,146,34,54,9,243,0,7,185,3,195,146,41,239,12,438,60,2,62,500
09/09/2002,RNO,NV,AWP,WE,Towers with Radar,153,41,50,4,248,0,27,125,1,153,153,68,175,5,401,84,4,88,489
09/10/2002,RNO,NV,AWP,WE,Towers with Radar,156,41,65,9,271,0,29,143,9,181,156,70,208,18,452,24,2,26,478
09/11/2002,RNO,NV,AWP,WE,Towers with Radar,154,35,67,2,258,0,30,158,9,197,154,65,225,11,455,12,2,14,469
09/12/2002,RNO,NV,AWP,WE,Towers with Radar,150,40,78,4,272,0,31,283,15,329,150,71,361,19,601,24,0,24,625
09/13/2002,RNO,NV,AWP,WE,Towers with Radar,153,45,114,4,316,0,24,378,14,416,153,69,492,18,732,8,0,8,740
09/14/2002,RNO,NV,AWP,WE,Towers with Radar,149,39,95,2,285,0,7,312,17,336,149,46,407,19,621,12,0,12,633
09/15/2002,RNO,NV,AWP,WE,Towers with Radar,146,31,113,4,294,0,5,385,12,402,146,36,498,16,696,0,0,0,696
09/16/2002,RNO,NV,AWP,WE,Towers with Radar,148,41,95,7,291,0,25,328,15,368,148,66,423,22,659,24,4,28,687
09/17/2002,RNO,NV,AWP,WE,Towers with Radar,155,34,65,10,264,0,20,151,6,177,155,54,216,16,441,54,0,54,495
09/18/2002,RNO,NV,AWP,WE,Towers with Radar,155,46,39,3,243,0,28,123,7,158,155,74,162,10,401,76,0,76,477
09/19/2002,RNO,NV,AWP,WE,Towers with Radar,152,41,46,2,241,0,21,141,7,169,152,62,187,9,410,22,0,22,432
09/20/2002,RNO,NV,AWP,WE,Towers with Radar,155,46,82,15,298,0,19,192,8,219,155,65,274,23,517,72,0,72,589
09/21/2002,RNO,NV,AWP,WE,Towers with Radar,146,43,56,10,255,0,9,156,9,174,146,52,212,19,429,80,0,80,509
09/22/2002,RNO,NV,AWP,WE,Towers with Radar,136,31,48,6,221,0,9,101,5,115,136,40,149,11,336,28,0,28,364
09/23/2002,RNO,NV,AWP,WE,Towers with Radar,150,36,49,4,239,0,20,124,5,149,150,56,173,9,388,24,0,24,412
09/24/2002,RNO,NV,AWP,WE,Towers with Radar,155,51,19,3,228,0,25,87,7,119,155,76,106,10,347,32,2,34,381
09/25/2002,RNO,NV,AWP,WE,Towers with Radar,155,41,25,10,231,0,32,99,7,138,155,73,124,17,369,10,2,12,381
09/26/2002,RNO,NV,AWP,WE,Towers with Radar,156,38,25,3,222,0,23,127,12,162,156,61,152,15,384,32,0,32,416
09/27/2002,RNO,NV,AWP,WE,Towers with Radar,153,41,51,2,247,0,22,109,2,133,153,63,160,4,380,38,0,38,418
09/28/2002,RNO,NV,AWP,WE,Towers with Radar,148,38,53,0,239,0,5,134,5,144,148,43,187,5,383,42,2,44,427
09/29/2002,RNO,NV,AWP,WE,Towers with Radar,141,28,43,5,217,0,6,105,9,120,141,34,148,14,337,30,0,30,367
09/30/2002,RNO,NV,AWP,WE,Towers with Radar,150,35,46,1,232,0,24,105,3,132,150,59,151,4,364,8,2,10,374
10/01/2002,RNO,NV,AWP,WE,Towers with Radar,152,51,34,6,243,0,17,42,6,65,152,68,76,12,308,30,0,30,338
10/02/2002,RNO,NV,AWP,WE,Towers with Radar,153,42,47,3,245,0,26,86,6,118,153,68,133,9,363,20,0,20,383
10/03/2002,RNO,NV,AWP,WE,Towers with Radar,157,45,48,18,268,0,21,91,10,122,157,66,139,28,390,40,0,40,430
10/04/2002,RNO,NV,AWP,WE,Towers with Radar,164,54,85,24,327,0,18,108,6,132,164,72,193,30,459,18,6,24,483
10/05/2002,RNO,NV,AWP,WE,Towers with Radar,151,34,94,10,289,0,5,166,13,184,151,39,260,23,473,30,0,30,503
10/06/2002,RNO,NV,AWP,WE,Towers with Radar,147,40,53,5,245,0,15,135,5,155,147,55,188,10,400,22,2,24,424
10/07/2002,RNO,NV,AWP,WE,Towers with Radar,154,46,52,1,253,0,22,87,1,110,154,68,139,2,363,36,0,36,399
10/08/2002,RNO,NV,AWP,WE,Towers with Radar,161,55,44,2,262,0,21,112,1,134,161,76,156,3,396,22,0,22,418
10/09/2002,RNO,NV,AWP,WE,Towers with Radar,160,45,60,9,274,0,23,82,7,112,160,68,142,16,386,28,4,32,418
10/10/2002,RNO,NV,AWP,WE,Towers with Radar,162,42,45,12,261,0,22,89,4,115,162,64,134,16,376,68,2,70,446
10/11/2002,RNO,NV,AWP,WE,Towers with Radar,163,42,37,4,246,0,23,124,5,152,163,65,161,9,398,68,2,70,468
10/12/2002,RNO,NV,AWP,WE,Towers with Radar,128,33,34,6,201,22,2,88,3,115,150,35,122,9,316,0,0,0,316
10/13/2002,RNO,NV,AWP,WE,Towers with Radar,142,34,21,3,200,0,13,118,4,135,142,47,139,7,335,52,0,52,387
10/14/2002,RNO,NV,AWP,WE,Towers with Radar,152,34,39,1,226,0,15,118,12,145,152,49,157,13,371,16,0,16,387
10/15/2002,RNO,NV,AWP,WE,Towers with Radar,163,36,38,8,245,0,28,81,4,113,163,64,119,12,358,28,6,34,392
10/16/2002,RNO,NV,AWP,WE,Towers with Radar,164,34,25,5,228,0,23,86,9,118,164,57,111,14,346,24,0,24,370
10/17/2002,RNO,NV,AWP,WE,Towers with Radar,156,37,40,10,243,0,30,105,10,145,156,67,145,20,388,74,0,74,462
10/18/2002,RNO,NV,AWP,WE,Towers with Radar,160,42,45,9,256,0,22,116,13,151,160,64,161,22,407,38,0,38,445
10/19/2002,RNO,NV,AWP,WE,Towers with Radar,146,34,29,2,211,0,10,101,3,114,146,44,130,5,325,18,8,26,351
10/20/2002,RNO,NV,AWP,WE,Towers with Radar,143,28,39,6,216,0,7,125,8,140,143,35,164,14,356,36,2,38,394
10/21/2002,RNO,NV,AWP,WE,Towers with Radar,140,36,38,2,216,14,22,62,0,98,154,58,100,2,314,24,0,24,338
10/22/2002,RNO,NV,AWP,WE,Towers with Radar,154,33,45,8,240,0,23,92,10,125,154,56,137,18,365,40,10,50,415
10/23/2002,RNO,NV,AWP,WE,Towers with Radar,163,40,43,11,257,0,27,60,10,97,163,67,103,21,354,28,6,34,388
10/24/2002,RNO,NV,AWP,WE,Towers with Radar,162,44,54,9,269,0,23,85,4,112,162,67,139,13,381,22,12,34,415
10/25/2002,RNO,NV,AWP,WE,Towers with Radar,155,47,42,10,254,0,12,71,7,90,155,59,113,17,344,22,4,26,370
10/26/2002,RNO,NV,AWP,WE,Towers with Radar,144,25,17,12,198,0,8,90,4,102,144,33,107,16,300,28,0,28,328
10/27/2002,RNO,NV,AWP,WE,Towers with Radar,137,34,38,7,216,0,9,104,8,121,137,43,142,15,337,40,0,40,377
10/28/2002,RNO,NV,AWP,WE,Towers with Radar,153,42,24,6,225,0,24,76,6,106,153,66,100,12,331,34,4,38,369
10/29/2002,RNO,NV,AWP,WE,Towers with Radar,162,39,33,7,241,0,23,78,13,114,162,62,111,20,355,20,0,20,375
10/30/2002,RNO,NV,AWP,WE,Towers with Radar,165,40,36,24,265,0,23,99,7,129,165,63,135,31,394,20,2,22,416
10/31/2002,RNO,NV,AWP,WE,Towers with Radar,160,36,38,11,245,0,17,98,20,135,160,53,136,31,380,56,6,62,442
11/01/2002,RNO,NV,AWP,WE,Towers with Radar,158,44,42,5,249,1,22,101,8,132,159,66,143,13,381,14,2,16,397
11/02/2002,RNO,NV,AWP,WE,Towers with Radar,140,30,26,0,196,1,6,119,3,129,141,36,145,3,325,30,0,30,355
11/03/2002,RNO,NV,AWP,WE,Towers with Radar,156,42,48,8,254,0,26,116,14,156,156,68,164,22,410,68,0,68,478
11/04/2002,RNO,NV,AWP,WE,Towers with Radar,156,42,48,8,254,0,26,116,14,156,156,68,164,22,410,68,0,68,478
11/05/2002,RNO,NV,AWP,WE,Towers with Radar,156,42,48,8,254,0,26,116,14,156,156,68,164,22,410,68,0,68,478
11/06/2002,RNO,NV,AWP,WE,Towers with Radar,155,40,63,5,263,1,28,101,17,147,156,68,164,22,410,68,0,68,478
11/07/2002,RNO,NV,AWP,WE,Towers with Radar,154,56,41,12,263,1,4,17,2,24,155,60,58,14,287,2,0,2,289
11/08/2002,RNO,NV,AWP,WE,Towers with Radar,150,61,47,2,260,1,1,8,0,10,151,62,55,2,270,14,0,14,284
11/09/2002,RNO,NV,AWP,WE,Towers with Radar,141,36,22,6,205,1,4,7,0,12,142,40,29,6,217,10,0,10,227
11/10/2002,RNO,NV,AWP,WE,Towers with Radar,133,34,26,0,193,1,3,6,1,11,134,37,32,1,204,8,0,8,212
11/11/2002,RNO,NV,AWP,WE,Towers with Radar,152,41,36,1,230,1,12,80,8,101,153,53,116,9,331,48,0,48,379
11/12/2002,RNO,NV,AWP,WE,Towers with Radar,151,36,38,6,231,1,24,58,2,85,152,60,96,8,316,12,0,12,328
11/13/2002,RNO,NV,AWP,WE,Towers with Radar,149,43,43,13,248,1,15,36,4,56,150,58,79,17,304,32,2,34,338
11/14/2002,RNO,NV,AWP,WE,Towers with Radar,154,41,29,10,234,1,25,72,4,102,155,66,101,14,336,40,8,48,384
11/15/2002,RNO,NV,AWP,WE,Towers with Radar,149,35,37,13,234,1,19,78,14,112,150,54,115,27,346,24,6,30,376
11/16/2002,RNO,NV,AWP,WE,Towers with Radar,139,25,42,11,217,0,8,113,1,122,139,33,155,12,339,6,2,8,347
11/17/2002,RNO,NV,AWP,WE,Towers with Radar,138,31,21,27,217,0,5,76,4,85,138,36,97,31,302,8,2,10,312
11/18/2002,RNO,NV,AWP,WE,Towers with Radar,144,36,45,11,236,0,28,68,8,104,144,64,113,19,340,64,2,66,406
11/19/2002,RNO,NV,AWP,WE,Towers with Radar,156,33,67,6,262,0,17,66,2,85,156,50,133,8,347,20,0,20,367
11/20/2002,RNO,NV,AWP,WE,Towers with Radar,153,40,39,15,247,0,23,89,6,118,153,63,128,21,365,36,6,42,407
11/21/2002,RNO,NV,AWP,WE,Towers with Radar,160,37,42,17,256,0,16,85,1,102,160,53,127,18,358,70,6,76,434
11/22/2002,RNO,NV,AWP,WE,Towers with Radar,150,57,53,27,287,0,23,91,5,119,150,80,144,32,406,12,4,16,422
11/23/2002,RNO,NV,AWP,WE,Towers with Radar,138,25,59,5,227,0,7,120,10,137,138,32,179,15,364,34,0,34,398
11/24/2002,RNO,NV,AWP,WE,Towers with Radar,133,36,45,7,221,0,3,108,6,117,133,39,153,13,338,66,0,66,404
11/25/2002,RNO,NV,AWP,WE,Towers with Radar,144,30,27,1,202,0,18,62,4,84,144,48,89,5,286,12,0,12,298
11/26/2002,RNO,NV,AWP,WE,Towers with Radar,148,44,62,10,264,0,29,101,19,149,148,73,163,29,413,24,2,26,439
11/27/2002,RNO,NV,AWP,WE,Towers with Radar,159,37,44,6,246,0,22,63,5,90,159,59,107,11,336,20,8,28,364
11/28/2002,RNO,NV,AWP,WE,Towers with Radar,101,27,15,0,143,0,10,35,3,48,101,37,50,3,191,0,0,0,191
11/29/2002,RNO,NV,AWP,WE,Towers with Radar,126,29,49,0,204,0,18,97,1,116,126,47,146,1,320,6,0,6,326
11/30/2002,RNO,NV,AWP,WE,Towers with Radar,131,31,45,0,207,0,5,88,4,97,131,36,133,4,304,12,0,12,316
12/01/2002,RNO,NV,AWP,WE,Towers with Radar,134,40,73,3,250,0,3,118,5,126,134,43,191,8,376,20,0,20,396
12/02/2002,RNO,NV,AWP,WE,Towers with Radar,144,43,36,1,224,0,15,65,2,82,144,58,101,3,306,10,0,10,316
12/03/2002,RNO,NV,AWP,WE,Towers with Radar,147,43,44,3,237,0,25,98,9,132,147,68,142,12,369,22,2,24,393
12/04/2002,RNO,NV,AWP,WE,Towers with Radar,152,33,42,5,232,0,22,100,12,134,152,55,142,17,366,40,2,42,408
12/05/2002,RNO,NV,AWP,WE,Towers with Radar,151,37,43,15,246,1,26,73,12,112,152,63,116,27,358,10,0,10,368
12/06/2002,RNO,NV,AWP,WE,Towers with Radar,148,39,48,4,239,0,20,87,1,108,148,59,135,5,347,20,0,20,367
12/07/2002,RNO,NV,AWP,WE,Towers with Radar,135,26,65,6,232,0,11,108,9,128,135,37,173,15,360,40,0,40,400
12/08/2002,RNO,NV,AWP,WE,Towers with Radar,136,27,37,13,213,0,3,108,17,128,136,30,145,30,341,18,6,24,365
12/09/2002,RNO,NV,AWP,WE,Towers with Radar,140,49,41,6,236,0,13,50,2,65,140,62,91,8,301,0,0,0,301
12/10/2002,RNO,NV,AWP,WE,Towers with Radar,149,63,42,9,263,0,10,27,5,42,149,73,69,14,305,6,4,10,315
12/11/2002,RNO,NV,AWP,WE,Towers with Radar,155,46,46,2,249,1,23,84,4,112,156,69,130,6,361,20,0,20,381
12/12/2002,RNO,NV,AWP,WE,Towers with Radar,156,47,52,9,264,0,24,96,3,123,156,71,148,12,387,38,0,38,425
12/13/2002,RNO,NV,AWP,WE,Towers with Radar,152,53,43,6,254,0,7,24,4,35,152,60,67,10,289,42,0,42,331
12/14/2002,RNO,NV,AWP,WE,Towers with Radar,112,26,23,2,163,0,0,0,0,0,112,26,23,2,163,6,0,6,169
12/15/2002,RNO,NV,AWP,WE,Towers with Radar,148,26,35,2,211,0,0,9,3,12,148,26,44,5,223,2,0,2,225
12/16/2002,RNO,NV,AWP,WE,Towers with Radar,143,37,24,0,204,0,4,3,0,7,143,41,27,0,211,10,0,10,221
12/17/2002,RNO,NV,AWP,WE,Towers with Radar,151,59,47,4,261,0,7,19,1,27,151,66,66,5,288,6,2,8,296
12/18/2002,RNO,NV,AWP,WE,Towers with Radar,155,52,45,3,255,0,17,79,9,105,155,69,124,12,360,86,6,92,452
12/19/2002,RNO,NV,AWP,WE,Towers with Radar,147,43,53,8,251,0,14,37,1,52,147,57,90,9,303,22,2,24,327
12/20/2002,RNO,NV,AWP,WE,Towers with Radar,164,65,29,9,267,0,8,15,4,27,164,73,44,13,294,6,0,6,300
12/21/2002,RNO,NV,AWP,WE,Towers with Radar,138,40,36,11,225,0,2,13,4,19,138,42,49,15,244,26,0,26,270
12/22/2002,RNO,NV,AWP,WE,Towers with Radar,138,34,52,3,227,0,0,55,0,55,138,34,107,3,282,78,0,78,360
12/23/2002,RNO,NV,AWP,WE,Towers with Radar,138,51,43,3,235,0,20,40,5,65,138,71,83,8,300,16,0,16,316
12/24/2002,RNO,NV,AWP,WE,Towers with Radar,140,38,19,0,197,0,18,12,1,31,140,56,31,1,228,14,0,14,242
12/25/2002,RNO,NV,AWP,WE,Towers with Radar,112,23,12,0,147,0,1,31,1,33,112,24,43,1,180,14,0,14,194
12/26/2002,RNO,NV,AWP,WE,Towers with Radar,140,65,53,0,258,0,14,18,4,36,140,79,71,4,294,14,0,14,308
12/27/2002,RNO,NV,AWP,WE,Towers with Radar,153,66,51,6,276,0,7,12,0,19,153,73,63,6,295,2,0,2,297
12/28/2002,RNO,NV,AWP,WE,Towers with Radar,133,29,21,0,183,0,4,4,0,8,133,33,25,0,191,4,0,4,195
12/29/2002,RNO,NV,AWP,WE,Towers with Radar,130,49,37,0,216,0,2,44,0,46,130,51,81,0,262,16,0,16,278
12/30/2002,RNO,NV,AWP,WE,Towers with Radar,142,53,52,0,247,0,13,31,2,46,142,66,83,2,293,20,0,20,313
12/31/2002,RNO,NV,AWP,WE,Towers with Radar,137,49,30,0,216,0,8,12,0,20,137,57,42,0,236,4,0,4,240
01/01/2003,RNO,NV,AWP,WE,Towers with Radar,116,37,43,2,198,0,9,91,4,104,116,46,134,6,302,28,0,28,330
01/02/2003,RNO,NV,AWP,WE,Towers with Radar,143,48,44,6,241,0,24,65,6,95,143,72,109,12,336,62,0,62,398
01/03/2003,RNO,NV,AWP,WE,Towers with Radar,152,40,37,8,237,0,22,77,4,103,152,62,114,12,340,14,2,16,356
01/04/2003,RNO,NV,AWP,WE,Towers with Radar,130,24,58,4,216,0,7,101,14,122,130,31,159,18,338,38,0,38,376
01/05/2003,RNO,NV,AWP,WE,Towers with Radar,128,31,51,10,220,0,5,112,8,125,128,36,163,18,345,42,0,42,387
01/06/2003,RNO,NV,AWP,WE,Towers with Radar,140,48,30,13,231,0,30,58,2,90,140,78,88,15,321,36,0,36,357
01/07/2003,RNO,NV,AWP,WE,Towers with Radar,148,40,65,7,260,0,22,107,10,139,148,62,172,17,399,36,0,36,435
01/08/2003,RNO,NV,AWP,WE,Towers with Radar,145,42,39,4,230,0,19,71,3,93,145,61,110,7,323,12,4,16,339
01/09/2003,RNO,NV,AWP,WE,Towers with Radar,140,53,64,7,264,0,13,19,3,35,140,66,83,10,299,44,0,44,343
01/10/2003,RNO,NV,AWP,WE,Towers with Radar,144,45,66,3,258,0,7,18,1,26,144,52,84,4,284,0,0,0,284
01/11/2003,RNO,NV,AWP,WE,Towers with Radar,130,34,53,7,224,0,7,69,3,79,130,41,122,10,303,32,0,32,335
01/12/2003,RNO,NV,AWP,WE,Towers with Radar,115,31,52,2,200,0,6,47,1,54,115,37,99,3,254,42,0,42,296
01/13/2003,RNO,NV,AWP,WE,Towers with Radar,136,45,45,2,228,0,19,45,0,64,136,64,90,2,292,42,0,42,334
01/14/2003,RNO,NV,AWP,WE,Towers with Radar,149,44,43,6,242,0,17,50,7,74,149,61,93,13,316,52,0,52,368
01/15/2003,RNO,NV,AWP,WE,Towers with Radar,145,37,40,2,224,26,21,94,6,147,171,58,134,8,371,46,0,46,417
01/16/2003,RNO,NV,AWP,WE,Towers with Radar,144,46,47,12,249,0,17,80,7,104,144,63,127,19,353,28,0,28,381
01/17/2003,RNO,NV,AWP,WE,Towers with Radar,157,33,27,20,237,0,26,96,13,135,157,59,123,33,372,16,8,24,396
01/18/2003,RNO,NV,AWP,WE,Towers with Radar,126,33,29,3,191,0,10,113,3,126,126,43,142,6,317,42,0,42,359
01/19/2003,RNO,NV,AWP,WE,Towers with Radar,116,26,47,6,195,0,5,98,4,107,116,31,145,10,302,16,4,20,322
01/20/2003,RNO,NV,AWP,WE,Towers with Radar,133,31,63,6,233,0,22,114,1,137,133,53,177,7,370,38,2,40,410
01/21/2003,RNO,NV,AWP,WE,Towers with Radar,150,48,50,11,259,0,19,32,2,53,150,67,82,13,312,8,2,10,322
01/22/2003,RNO,NV,AWP,WE,Towers with Radar,141,46,46,11,244,0,12,37,6,55,141,58,83,17,299,16,8,24,323
01/23/2003,RNO,NV,AWP,WE,Towers with Radar,146,57,73,6,282,0,11,39,9,59,146,68,112,15,341,34,0,34,375
01/24/2003,RNO,NV,AWP,WE,Towers with Radar,146,52,49,8,255,0,24,46,4,74,146,76,95,12,329,12,4,16,345
01/25/2003,RNO,NV,AWP,WE,Towers with Radar,117,26,56,9,208,0,12,100,2,114,117,38,156,11,322,74,0,74,396
01/26/2003,RNO,NV,AWP,WE,Towers with Radar,119,35,42,5,201,0,5,93,1,99,119,40,135,6,300,30,0,30,330
01/27/2003,RNO,NV,AWP,WE,Towers with Radar,140,61,49,0,250,0,10,18,2,30,140,71,67,2,280,8,0,8,288
01/28/2003,RNO,NV,AWP,WE,Towers with Radar,144,40,94,5,283,0,25,64,6,95,144,65,158,11,378,24,0,24,402
01/29/2003,RNO,NV,AWP,WE,Towers with Radar,143,58,79,2,282,0,24,98,7,129,143,82,177,9,411,40,0,40,451
01/30/2003,RNO,NV,AWP,WE,Towers with Radar,151,51,99,7,308,0,23,118,12,153,151,74,217,19,461,42,0,42,503
01/31/2003,RNO,NV,AWP,WE,Towers with Radar,146,60,81,11,298,0,25,94,3,122,146,85,175,14,420,24,2,26,446
02/01/2003,RNO,NV,AWP,WE,Towers with Radar,123,48,59,2,232,0,8,26,1,35,123,56,85,3,267,10,0,10,277
02/02/2003,RNO,NV,AWP,WE,Towers with Radar,121,37,83,11,252,0,6,75,11,92,121,43,158,22,344,48,0,48,392
02/03/2003,RNO,NV,AWP,WE,Towers with Radar,136,42,50,6,234,0,18,84,1,103,136,60,134,7,337,12,0,12,349
02/04/2003,RNO,NV,AWP,WE,Towers with Radar,139,42,48,9,238,0,23,78,5,106,139,65,126,14,344,64,6,70,414
02/05/2003,RNO,NV,AWP,WE,Towers with Radar,145,34,41,5,225,0,28,73,6,107,145,62,114,11,332,74,2,76,408
02/06/2003,RNO,NV,AWP,WE,Towers with Radar,146,38,46,4,234,0,20,70,4,94,146,58,116,8,328,44,2,46,374
02/07/2003,RNO,NV,AWP,WE,Towers with Radar,146,39,40,3,228,0,22,96,6,124,146,61,136,9,352,28,0,28,380
02/08/2003,RNO,NV,AWP,WE,Towers with Radar,116,31,48,2,197,0,10,124,5,139,116,41,172,7,336,32,0,32,368
02/09/2003,RNO,NV,AWP,WE,Towers with Radar,124,31,42,13,210,0,11,111,12,134,124,42,153,25,344,48,6,54,398
02/10/2003,RNO,NV,AWP,WE,Towers with Radar,135,44,40,7,226,0,22,85,8,115,135,66,125,15,341,10,6,16,357
02/11/2003,RNO,NV,AWP,WE,Towers with Radar,143,43,48,4,238,0,21,99,5,125,143,64,147,9,363,22,2,24,387
02/12/2003,RNO,NV,AWP,WE,Towers with Radar,145,46,41,8,240,0,26,13,7,46,145,72,54,15,286,22,14,36,322
02/13/2003,RNO,NV,AWP,WE,Towers with Radar,147,48,66,13,274,0,7,27,2,36,147,55,93,15,310,26,12,38,348
02/14/2003,RNO,NV,AWP,WE,Towers with Radar,153,49,45,15,262,0,21,71,5,97,153,70,116,20,359,32,4,36,395
02/15/2003,RNO,NV,AWP,WE,Towers with Radar,118,32,43,1,194,0,8,66,4,78,118,40,109,5,272,52,0,52,324
02/16/2003,RNO,NV,AWP,WE,Towers with Radar,124,30,17,2,173,2,7,40,0,49,126,37,57,2,222,16,0,16,238
02/17/2003,RNO,NV,AWP,WE,Towers with Radar,138,42,44,2,226,0,9,84,3,96,138,51,128,5,322,30,0,30,352
02/18/2003,RNO,NV,AWP,WE,Towers with Radar,146,47,62,8,263,0,27,88,7,122,146,74,150,15,385,16,0,16,401
02/19/2003,RNO,NV,AWP,WE,Towers with Radar,147,49,44,3,243,0,13,31,4,48,147,62,75,7,291,0,20,20,311
02/20/2003,RNO,NV,AWP,WE,Towers with Radar,141,43,31,12,227,0,19,63,6,88,141,62,94,18,315,40,2,42,357
02/21/2003,RNO,NV,AWP,WE,Towers with Radar,144,43,68,9,264,0,28,113,9,150,144,71,181,18,414,34,0,34,448
02/22/2003,RNO,NV,AWP,WE,Towers with Radar,120,36,47,1,204,0,16,142,8,166,120,52,189,9,370,48,0,48,418
02/23/2003,RNO,NV,AWP,WE,Towers with Radar,123,33,38,6,200,0,7,106,6,119,123,40,144,12,319,18,0,18,337
02/24/2003,RNO,NV,AWP,WE,Towers with Radar,136,54,35,9,234,0,10,40,0,50,136,64,75,9,284,50,0,50,334
02/25/2003,RNO,NV,AWP,WE,Towers with Radar,138,70,40,9,257,0,16,16,4,36,138,86,56,13,293,20,0,20,313
02/26/2003,RNO,NV,AWP,WE,Towers with Radar,143,42,67,9,261,0,21,68,8,97,143,63,135,17,358,32,4,36,394
02/27/2003,RNO,NV,AWP,WE,Towers with Radar,151,57,51,7,266,0,10,39,2,51,151,67,90,9,317,38,0,38,355
02/28/2003,RNO,NV,AWP,WE,Towers with Radar,142,57,67,5,271,0,11,74,4,89,142,68,141,9,360,18,0,18,378
03/01/2003,RNO,NV,AWP,WE,Towers with Radar,126,31,30,3,190,0,0,45,2,47,126,31,75,5,237,16,0,16,253
03/02/2003,RNO,NV,AWP,WE,Towers with Radar,127,32,64,7,230,0,8,123,3,134,127,40,187,10,364,68,0,68,432
03/03/2003,RNO,NV,AWP,WE,Towers with Radar,142,55,56,2,255,0,12,37,2,51,142,67,93,4,306,20,0,20,326
03/04/2003,RNO,NV,AWP,WE,Towers with Radar,146,45,53,7,251,0,22,67,2,91,146,67,120,9,342,60,2,62,404
03/05/2003,RNO,NV,AWP,WE,Towers with Radar,144,52,36,4,236,0,27,107,1,135,144,79,143,5,371,56,0,56,427
03/06/2003,RNO,NV,AWP,WE,Towers with Radar,151,37,40,7,235,0,21,81,5,107,151,58,121,12,342,36,0,36,378
03/07/2003,RNO,NV,AWP,WE,Towers with Radar,148,39,55,6,248,0,19,80,1,100,148,58,135,7,348,42,0,42,390
03/08/2003,RNO,NV,AWP,WE,Towers with Radar,122,25,44,1,192,0,12,108,15,135,122,37,152,16,327,32,0,32,359
03/09/2003,RNO,NV,AWP,WE,Towers with Radar,127,34,45,4,210,0,0,85,1,86,127,34,130,5,296,44,0,44,340
03/10/2003,RNO,NV,AWP,WE,Towers with Radar,138,42,35,1,216,0,16,42,4,62,138,58,77,5,278,6,0,6,284
03/11/2003,RNO,NV,AWP,WE,Towers with Radar,146,33,37,3,219,0,21,66,3,90,146,54,103,6,309,56,2,58,367
03/12/2003,RNO,NV,AWP,WE,Towers with Radar,147,36,48,2,233,0,23,104,32,159,147,59,152,34,392,62,0,62,454
03/13/2003,RNO,NV,AWP,WE,Towers with Radar,145,56,22,6,229,0,13,30,4,47,145,69,52,10,276,20,2,22,298
03/14/2003,RNO,NV,AWP,WE,Towers with Radar,144,56,41,7,248,0,14,19,2,35,144,70,60,9,283,4,0,4,287
03/15/2003,RNO,NV,AWP,WE,Towers with Radar,119,27,17,3,166,0,3,6,0,9,119,30,23,3,175,0,0,0,175
03/16/2003,RNO,NV,AWP,WE,Towers with Radar,126,34,57,3,220,0,4,82,0,86,126,38,139,3,306,50,0,50,356
03/17/2003,RNO,NV,AWP,WE,Towers with Radar,135,48,28,4,215,0,11,16,4,31,135,59,44,8,246,10,0,10,256
03/18/2003,RNO,NV,AWP,WE,Towers with Radar,142,32,41,7,222,0,25,118,7,150,142,57,159,14,372,54,0,54,426
03/19/2003,RNO,NV,AWP,WE,Towers with Radar,134,39,48,11,232,0,18,91,6,115,134,57,139,17,347,68,0,68,415
03/20/2003,RNO,NV,AWP,WE,Towers with Radar,144,48,44,12,248,0,14,66,9,89,144,62,110,21,337,12,0,12,349
03/21/2003,RNO,NV,AWP,WE,Towers with Radar,143,34,54,27,258,0,26,130,19,175,143,60,184,46,433,34,6,40,473
03/22/2003,RNO,NV,AWP,WE,Towers with Radar,126,35,31,4,196,0,5,80,1,86,126,40,111,5,282,98,0,98,380
03/23/2003,RNO,NV,AWP,WE,Towers with Radar,122,44,43,1,210,0,1,19,0,20,122,45,62,1,230,36,0,36,266
03/24/2003,RNO,NV,AWP,WE,Towers with Radar,134,39,63,11,247,0,25,84,6,115,134,64,147,17,362,30,4,34,396
03/25/2003,RNO,NV,AWP,WE,Towers with Radar,146,43,66,0,255,0,22,99,5,126,146,65,165,5,381,42,0,42,423
03/26/2003,RNO,NV,AWP,WE,Towers with Radar,148,52,51,2,253,0,8,20,1,29,148,60,71,3,282,10,0,10,292
03/27/2003,RNO,NV,AWP,WE,Towers with Radar,142,59,60,6,267,0,16,78,11,105,142,75,138,17,372,30,0,30,402
03/28/2003,RNO,NV,AWP,WE,Towers with Radar,150,44,62,3,259,0,23,105,8,136,150,67,167,11,395,68,2,70,465
03/29/2003,RNO,NV,AWP,WE,Towers with Radar,121,26,45,0,192,0,8,136,10,154,121,34,181,10,346,34,0,34,380
03/30/2003,RNO,NV,AWP,WE,Towers with Radar,122,47,73,1,243,0,5,160,10,175,122,52,233,11,418,36,0,36,454
03/31/2003,RNO,NV,AWP,WE,Towers with Radar,136,36,54,4,230,0,21,100,6,127,136,57,154,10,357,72,0,72,429
04/01/2003,RNO,NV,AWP,WE,Towers with Radar,148,50,32,5,235,1,16,15,7,39,149,66,47,12,274,6,0,6,280
04/02/2003,RNO,NV,AWP,WE,Towers with Radar,146,54,42,6,248,0,7,10,0,17,146,61,52,6,265,2,2,4,269
04/03/2003,RNO,NV,AWP,WE,Towers with Radar,144,62,48,6,260,0,16,45,9,70,144,78,93,15,330,10,0,10,340
04/04/2003,RNO,NV,AWP,WE,Towers with Radar,141,61,49,15,266,0,7,28,1,36,141,68,77,16,302,4,0,4,306
04/05/2003,RNO,NV,AWP,WE,Towers with Radar,128,24,56,8,216,0,7,94,11,112,128,31,150,19,328,40,0,40,368
04/06/2003,RNO,NV,AWP,WE,Towers with Radar,126,36,34,7,203,0,3,38,2,43,126,39,72,9,246,14,0,14,260
04/07/2003,RNO,NV,AWP,WE,Towers with Radar,135,28,48,4,215,0,26,91,14,131,135,54,139,18,346,46,0,46,392
04/08/2003,RNO,NV,AWP,WE,Towers with Radar,139,33,45,3,220,0,23,129,6,158,139,56,174,9,378,66,0,66,444
04/09/2003,RNO,NV,AWP,WE,Towers with Radar,144,35,45,6,230,0,25,103,11,139,144,60,148,17,369,44,0,44,413
04/10/2003,RNO,NV,AWP,WE,Towers with Radar,143,39,47,3,232,0,23,127,6,156,143,62,174,9,388,60,0,60,448
04/11/2003,RNO,NV,AWP,WE,Towers with Radar,145,42,47,5,239,0,18,104,5,127,145,60,151,10,366,42,0,42,408
04/12/2003,RNO,NV,AWP,WE,Towers with Radar,139,35,24,4,202,0,12,28,2,42,139,47,52,6,244,0,0,0,244
04/13/2003,RNO,NV,AWP,WE,Towers with Radar,140,38,38,3,219,0,15,109,4,128,140,53,147,7,347,0,0,0,347
04/14/2003,RNO,NV,AWP,WE,Towers with Radar,135,32,19,4,190,0,14,23,1,38,135,46,42,5,228,22,0,22,250
04/15/2003,RNO,NV,AWP,WE,Towers with Radar,143,43,43,8,237,0,26,47,8,81,143,69,90,16,318,20,0,20,338
04/16/2003,RNO,NV,AWP,WE,Towers with Radar,146,63,41,11,261,0,9,27,1,37,146,72,68,12,298,32,2,34,332
04/17/2003,RNO,NV,AWP,WE,Towers with Radar,143,70,42,3,258,0,14,28,2,44,143,84,70,5,302,36,0,36,338
04/18/2003,RNO,NV,AWP,WE,Towers with Radar,148,56,36,2,242,0,9,47,6,62,148,65,83,8,304,16,0,16,320
04/19/2003,RNO,NV,AWP,WE,Towers with Radar,124,26,37,0,187,0,1,155,4,160,124,27,192,4,347,30,0,30,377
04/20/2003,RNO,NV,AWP,WE,Towers with Radar,122,37,60,3,222,0,2,105,2,109,122,39,165,5,331,28,0,28,359
04/21/2003,RNO,NV,AWP,WE,Towers with Radar,137,43,24,10,214,0,14,27,1,42,137,57,51,11,256,8,0,8,264
04/22/2003,RNO,NV,AWP,WE,Towers with Radar,141,53,40,3,237,0,4,12,1,17,141,57,52,4,254,54,0,54,308
04/23/2003,RNO,NV,AWP,WE,Towers with Radar,151,53,45,5,254,0,19,85,5,109,151,72,130,10,363,70,0,70,433
04/24/2003,RNO,NV,AWP,WE,Towers with Radar,147,46,45,6,244,5,12,86,7,110,152,58,131,13,354,52,6,58,412
04/25/2003,RNO,NV,AWP,WE,Towers with Radar,146,53,31,13,243,0,12,19,7,38,146,65,50,20,281,24,2,26,307
04/26/2003,RNO,NV,AWP,WE,Towers with Radar,137,29,77,2,245,0,6,121,4,131,137,35,198,6,376,68,0,68,444
04/27/2003,RNO,NV,AWP,WE,Towers with Radar,124,37,58,5,224,0,4,92,4,100,124,41,150,9,324,56,0,56,380
04/28/2003,RNO,NV,AWP,WE,Towers with Radar,142,42,24,0,208,0,15,15,1,31,142,57,39,1,239,12,0,12,251
04/29/2003,RNO,NV,AWP,WE,Towers with Radar,139,44,52,3,238,0,11,48,2,61,139,55,100,5,299,30,0,30,329
04/30/2003,RNO,NV,AWP,WE,Towers with Radar,152,41,52,6,251,0,17,79,7,103,152,58,131,13,354,52,6,58,412
05/01/2003,RNO,NV,AWP,WE,Towers with Radar,140,42,44,2,228,0,13,79,6,98,140,55,123,8,326,76,2,78,404
05/02/2003,RNO,NV,AWP,WE,Towers with Radar,151,49,42,1,243,0,10,19,5,34,151,59,61,6,277,12,0,12,289
05/03/2003,RNO,NV,AWP,WE,Towers with Radar,127,45,14,2,188,0,6,20,3,29,127,51,34,5,217,32,0,32,249
05/04/2003,RNO,NV,AWP,WE,Towers with Radar,119,27,34,4,184,0,1,33,0,34,119,28,67,4,218,14,0,14,232
05/05/2003,RNO,NV,AWP,WE,Towers with Radar,130,36,42,6,214,0,27,81,1,109,130,63,123,7,323,36,0,36,359
05/06/2003,RNO,NV,AWP,WE,Towers with Radar,144,43,61,13,261,0,23,88,2,113,144,66,149,15,374,64,2,66,440
05/07/2003,RNO,NV,AWP,WE,Towers with Radar,142,58,52,3,255,0,13,40,2,55,142,71,92,5,310,6,0,6,316
05/08/2003,RNO,NV,AWP,WE,Towers with Radar,136,66,39,2,243,0,11,11,1,23,136,77,50,3,266,0,0,0,266
05/09/2003,RNO,NV,AWP,WE,Towers with Radar,146,72,77,2,297,0,6,45,3,54,146,78,122,5,351,34,0,34,385
05/10/2003,RNO,NV,AWP,WE,Towers with Radar,122,37,33,4,196,0,7,69,5,81,122,44,102,9,277,36,0,36,313
05/11/2003,RNO,NV,AWP,WE,Towers with Radar,116,32,42,1,191,0,13,100,5,118,116,45,142,6,309,20,0,20,329
05/12/2003,RNO,NV,AWP,WE,Towers with Radar,130,44,45,11,230,0,23,119,12,154,130,67,164,23,384,36,0,36,420
05/13/2003,RNO,NV,AWP,WE,Towers with Radar,138,40,59,9,246,0,21,136,12,169,138,61,195,21,415,50,2,52,467
05/14/2003,RNO,NV,AWP,WE,Towers with Radar,143,47,32,7,229,0,22,106,6,134,143,69,138,13,363,40,8,48,411
05/15/2003,RNO,NV,AWP,WE,Towers with Radar,137,52,16,3,208,0,21,89,3,113,137,73,105,6,321,28,2,30,351
05/16/2003,RNO,NV,AWP,WE,Towers with Radar,143,55,51,10,259,0,23,139,4,166,143,78,190,14,425,40,2,42,467
05/17/2003,RNO,NV,AWP,WE,Towers with Radar,124,50,37,3,214,0,5,143,7,155,124,55,180,10,369,24,0,24,393
05/18/2003,RNO,NV,AWP,WE,Towers with Radar,118,41,49,1,209,0,3,135,3,141,118,44,184,4,350,8,0,8,358
05/19/2003,RNO,NV,AWP,WE,Towers with Radar,131,46,34,8,219,0,20,81,6,107,131,66,115,14,326,58,6,64,390
05/20/2003,RNO,NV,AWP,WE,Towers with Radar,141,50,53,3,247,0,28,131,8,167,141,78,184,11,414,22,0,22,436
05/21/2003,RNO,NV,AWP,WE,Towers with Radar,144,43,28,10,225,0,18,114,8,140,144,61,142,18,365,72,8,80,445
05/22/2003,RNO,NV,AWP,WE,Towers with Radar,139,50,45,0,234,0,21,129,5,155,139,71,174,5,389,48,4,52,441
05/23/2003,RNO,NV,AWP,WE,Towers with Radar,141,56,48,2,247,0,22,171,0,193,141,78,219,2,440,48,2,50,490
05/24/2003,RNO,NV,AWP,WE,Towers with Radar,119,45,34,0,198,0,12,87,3,102,119,57,121,3,300,22,0,22,322
05/25/2003,RNO,NV,AWP,WE,Towers with Radar,105,36,38,0,179,0,5,103,3,111,105,41,141,3,290,54,0,54,344
05/26/2003,RNO,NV,AWP,WE,Towers with Radar,112,43,42,2,199,0,7,126,1,134,112,50,168,3,333,40,0,40,373
05/27/2003,RNO,NV,AWP,WE,Towers with Radar,128,47,55,1,231,0,24,100,3,127,128,71,155,4,358,12,0,12,370
05/28/2003,RNO,NV,AWP,WE,Towers with Radar,143,34,32,9,218,0,27,129,8,164,143,61,161,17,382,40,8,48,430
05/29/2003,RNO,NV,AWP,WE,Towers with Radar,140,46,51,6,243,0,18,109,5,132,140,64,160,11,375,66,0,66,441
05/30/2003,RNO,NV,AWP,WE,Towers with Radar,136,45,74,20,275,0,28,135,17,180,136,73,209,37,455,52,2,54,509
05/31/2003,RNO,NV,AWP,WE,Towers with Radar,122,39,61,4,226,0,9,179,8,196,122,48,240,12,422,80,0,80,502
06/01/2003,RNO,NV,AWP,WE,Towers with Radar,112,52,43,3,210,0,6,127,13,146,112,58,170,16,356,28,0,28,384
06/02/2003,RNO,NV,AWP,WE,Towers with Radar,130,41,55,5,231,0,19,89,5,113,130,60,144,10,344,30,2,32,376
06/03/2003,RNO,NV,AWP,WE,Towers with Radar,142,47,41,5,235,0,24,122,5,151,142,71,163,10,386,52,0,52,438
06/04/2003,RNO,NV,AWP,WE,Towers with Radar,139,42,49,4,234,0,21,97,5,123,139,63,146,9,357,80,2,82,439
06/05/2003,RNO,NV,AWP,WE,Towers with Radar,140,54,27,5,226,0,25,129,9,163,140,79,156,14,389,44,0,44,433
06/06/2003,RNO,NV,AWP,WE,Towers with Radar,136,49,64,7,256,0,33,121,3,157,136,82,185,10,413,32,4,36,449
06/07/2003,RNO,NV,AWP,WE,Towers with Radar,123,35,14,2,174,0,13,90,8,111,123,48,104,10,285,54,0,54,339
06/08/2003,RNO,NV,AWP,WE,Towers with Radar,118,47,71,5,241,0,7,132,3,142,118,54,203,8,383,36,0,36,419
06/09/2003,RNO,NV,AWP,WE,Towers with Radar,142,42,39,15,238,0,27,102,9,138,142,69,141,24,376,54,10,64,440
06/10/2003,RNO,NV,AWP,WE,Towers with Radar,145,50,44,4,243,0,31,76,1,108,145,81,120,5,351,38,0,38,389
06/11/2003,RNO,NV,AWP,WE,Towers with Radar,143,46,48,11,248,0,28,116,4,148,143,74,164,15,396,62,0,62,458
06/12/2003,RNO,NV,AWP,WE,Towers with Radar,131,45,40,1,217,0,21,98,6,125,131,66,138,7,342,26,0,26,368
06/13/2003,RNO,NV,AWP,WE,Towers with Radar,150,46,56,1,253,0,23,135,9,167,150,69,191,10,420,16,0,16,436
06/14/2003,RNO,NV,AWP,WE,Towers with Radar,147,40,46,0,233,0,14,140,5,159,147,54,186,5,392,46,0,46,438
06/15/2003,RNO,NV,AWP,WE,Towers with Radar,137,42,60,7,246,0,6,173,3,182,137,48,233,10,428,36,2,38,466
06/16/2003,RNO,NV,AWP,WE,Towers with Radar,141,37,54,2,234,0,31,131,6,168,141,68,185,8,402,22,0,22,424
06/17/2003,RNO,NV,AWP,WE,Towers with Radar,153,56,53,4,266,0,27,98,5,130,153,83,151,9,396,20,0,20,416
06/18/2003,RNO,NV,AWP,WE,Towers with Radar,160,45,44,5,254,0,19,108,4,131,160,64,152,9,385,36,0,36,421
06/19/2003,RNO,NV,AWP,WE,Towers with Radar,151,39,52,6,248,0,20,141,5,166,151,59,193,11,414,34,4,38,452
06/20/2003,RNO,NV,AWP,WE,Towers with Radar,151,52,41,6,250,0,34,141,12,187,151,86,182,18,437,74,2,76,513
06/21/2003,RNO,NV,AWP,WE,Towers with Radar,138,41,33,2,214,0,10,133,4,147,138,51,166,6,361,84,0,84,445
06/22/2003,RNO,NV,AWP,WE,Towers with Radar,131,44,32,4,211,0,12,129,9,150,131,56,161,13,361,22,0,22,383
06/23/2003,RNO,NV,AWP,WE,Towers with Radar,148,39,38,1,226,0,11,53,4,68,148,50,91,5,294,6,0,6,300
06/24/2003,RNO,NV,AWP,WE,Towers with Radar,154,48,44,3,249,0,24,113,4,141,154,72,157,7,390,32,0,32,422
06/25/2003,RNO,NV,AWP,WE,Towers with Radar,147,48,32,8,235,0,34,90,6,130,147,82,122,14,365,24,0,24,389
06/26/2003,RNO,NV,AWP,WE,Towers with Radar,152,55,49,3,259,0,27,95,5,127,152,82,144,8,386,34,0,34,420
06/27/2003,RNO,NV,AWP,WE,Towers with Radar,153,58,29,14,254,0,27,137,11,175,153,85,166,25,429,46,6,52,481
06/28/2003,RNO,NV,AWP,WE,Towers with Radar,139,33,53,1,226,0,5,139,4,148,139,38,192,5,374,36,0,36,410
06/29/2003,RNO,NV,AWP,WE,Towers with Radar,133,46,29,5,213,0,6,104,7,117,133,52,133,12,330,20,0,20,350
06/30/2003,RNO,NV,AWP,WE,Towers with Radar,140,46,40,3,229,0,24,94,3,121,140,70,134,6,350,50,0,50,400
07/01/2003,RNO,NV,AWP,WE,Towers with Radar,149,36,19,5,209,0,24,83,2,109,149,60,102,7,318,76,0,76,394
07/02/2003,RNO,NV,AWP,WE,Towers with Radar,152,40,49,4,245,0,26,117,1,144,152,66,166,5,389,40,0,40,429
07/03/2003,RNO,NV,AWP,WE,Towers with Radar,160,35,37,4,236,0,26,120,4,150,160,61,157,8,386,84,0,84,470
07/04/2003,RNO,NV,AWP,WE,Towers with Radar,111,32,20,1,164,0,9,88,10,107,111,41,108,11,271,32,0,32,303
07/05/2003,RNO,NV,AWP,WE,Towers with Radar,134,30,37,0,201,0,6,73,3,82,134,36,110,3,283,28,4,32,315
07/06/2003,RNO,NV,AWP,WE,Towers with Radar,132,42,39,0,213,0,12,121,4,137,132,54,160,4,350,10,0,10,360
07/07/2003,RNO,NV,AWP,WE,Towers with Radar,153,40,43,6,242,0,24,79,3,106,153,64,122,9,348,28,8,36,384
07/08/2003,RNO,NV,AWP,WE,Towers with Radar,153,37,60,2,252,0,23,102,4,129,153,60,162,6,381,80,0,80,461
07/09/2003,RNO,NV,AWP,WE,Towers with Radar,153,46,38,2,239,0,22,94,6,122,153,68,132,8,361,20,0,20,381
07/10/2003,RNO,NV,AWP,WE,Towers with Radar,158,52,47,6,263,0,24,99,14,137,158,76,146,20,400,28,0,28,428
07/11/2003,RNO,NV,AWP,WE,Towers with Radar,160,47,38,13,258,0,25,117,13,155,160,72,155,26,413,34,2,36,449
07/12/2003,RNO,NV,AWP,WE,Towers with Radar,147,28,34,4,213,0,12,84,15,111,147,40,118,19,324,30,0,30,354
07/13/2003,RNO,NV,AWP,WE,Towers with Radar,136,47,48,4,235,0,7,104,13,124,136,54,152,17,359,42,0,42,401
07/14/2003,RNO,NV,AWP,WE,Towers with Radar,145,46,56,2,249,0,29,98,9,136,145,75,154,11,385,24,0,24,409
07/15/2003,RNO,NV,AWP,WE,Towers with Radar,153,44,42,2,241,0,26,96,4,126,153,70,138,6,367,16,0,16,383
07/16/2003,RNO,NV,AWP,WE,Towers with Radar,153,42,45,1,241,0,29,97,5,131,153,71,142,6,372,34,0,34,406
07/17/2003,RNO,NV,AWP,WE,Towers with Radar,153,52,47,1,253,0,20,109,9,138,153,72,156,10,391,60,0,60,451
07/18/2003,RNO,NV,AWP,WE,Towers with Radar,158,38,59,8,263,0,18,84,11,113,158,56,143,19,376,24,10,34,410
07/19/2003,RNO,NV,AWP,WE,Towers with Radar,145,38,27,1,211,0,12,99,6,117,145,50,126,7,328,2,0,2,330
07/20/2003,RNO,NV,AWP,WE,Towers with Radar,131,48,18,7,204,0,7,95,10,112,131,55,113,17,316,14,2,16,332
07/21/2003,RNO,NV,AWP,WE,Towers with Radar,150,42,23,2,217,0,23,94,7,124,150,65,117,9,341,34,0,34,375
07/22/2003,RNO,NV,AWP,WE,Towers with Radar,152,42,54,1,249,0,24,83,4,111,152,66,137,5,360,24,0,24,384
07/23/2003,RNO,NV,AWP,WE,Towers with Radar,157,52,47,2,258,0,20,82,4,106,157,72,129,6,364,30,0,30,394
07/24/2003,RNO,NV,AWP,WE,Towers with Radar,152,48,44,3,247,0,23,83,5,111,152,71,127,8,358,44,0,44,402
07/25/2003,RNO,NV,AWP,WE,Towers with Radar,160,43,52,26,281,0,22,91,13,126,160,65,143,39,407,42,2,44,451
07/26/2003,RNO,NV,AWP,WE,Towers with Radar,146,36,42,0,224,0,12,105,4,121,146,48,147,4,345,20,0,20,365
07/27/2003,RNO,NV,AWP,WE,Towers with Radar,135,43,30,1,209,0,8,89,6,103,135,51,119,7,312,22,4,26,338
07/28/2003,RNO,NV,AWP,WE,Towers with Radar,145,41,24,0,210,0,21,81,3,105,145,62,105,3,315,32,0,32,347
07/29/2003,RNO,NV,AWP,WE,Towers with Radar,158,43,23,4,228,0,21,73,1,95,158,64,96,5,323,32,0,32,355
07/30/2003,RNO,NV,AWP,WE,Towers with Radar,153,40,61,6,260,0,16,108,3,127,153,56,169,9,387,26,0,26,413
07/31/2003,RNO,NV,AWP,WE,Towers with Radar,158,52,38,3,251,0,15,67,2,84,158,67,105,5,335,22,0,22,357
08/01/2003,RNO,NV,AWP,WE,Towers with Radar,159,49,31,1,240,3,20,80,3,106,162,69,111,4,346,24,0,24,370
08/02/2003,RNO,NV,AWP,WE,Towers with Radar,142,42,26,2,212,0,3,24,1,28,142,45,50,3,240,14,0,14,254
08/03/2003,RNO,NV,AWP,WE,Towers with Radar,137,49,77,4,267,0,12,130,2,144,137,61,207,6,411,42,0,42,453
08/04/2003,RNO,NV,AWP,WE,Towers with Radar,178,42,90,4,314,28,20,153,4,205,206,62,243,8,519,60,6,66,585
08/05/2003,RNO,NV,AWP,WE,Towers with Radar,158,44,45,0,247,0,25,75,4,104,158,69,120,4,351,62,2,64,415
08/06/2003,RNO,NV,AWP,WE,Towers with Radar,153,56,42,0,251,0,32,130,5,167,153,88,172,5,418,26,0,26,444
08/07/2003,RNO,NV,AWP,WE,Towers with Radar,159,57,68,2,286,0,28,134,4,166,159,85,202,6,452,22,2,24,476
08/08/2003,RNO,NV,AWP,WE,Towers with Radar,153,51,56,1,261,0,28,133,7,168,153,79,189,8,429,64,2,66,495
08/09/2003,RNO,NV,AWP,WE,Towers with Radar,142,35,42,6,225,0,5,111,4,120,142,40,153,10,345,38,0,38,383
08/10/2003,RNO,NV,AWP,WE,Towers with Radar,139,49,63,2,253,1,7,138,3,149,140,56,201,5,402,12,0,12,414
08/11/2003,RNO,NV,AWP,WE,Towers with Radar,144,51,62,9,266,0,23,114,0,137,144,74,176,9,403,50,2,52,455
08/12/2003,RNO,NV,AWP,WE,Towers with Radar,158,41,73,1,273,0,24,98,8,130,158,65,171,9,403,50,0,50,453
08/13/2003,RNO,NV,AWP,WE,Towers with Radar,154,47,40,0,241,0,24,106,5,135,154,71,146,5,376,28,0,28,404
08/14/2003,RNO,NV,AWP,WE,Towers with Radar,156,38,43,4,241,0,26,106,10,142,156,64,149,14,383,74,2,76,459
08/15/2003,RNO,NV,AWP,WE,Towers with Radar,159,44,31,6,240,0,19,122,9,150,159,63,153,15,390,20,0,20,410
08/16/2003,RNO,NV,AWP,WE,Towers with Radar,144,32,50,2,228,0,13,120,2,135,144,45,170,4,363,36,0,36,399
08/17/2003,RNO,NV,AWP,WE,Towers with Radar,136,47,60,3,246,0,3,134,5,142,136,50,194,8,388,44,0,44,432
08/18/2003,RNO,NV,AWP,WE,Towers with Radar,149,40,43,4,236,0,19,78,4,101,149,59,121,8,337,14,2,16,353
08/19/2003,RNO,NV,AWP,WE,Towers with Radar,155,38,52,12,257,0,22,125,5,152,155,60,177,17,409,38,4,42,451
08/20/2003,RNO,NV,AWP,WE,Towers with Radar,155,44,47,4,250,0,23,99,2,124,155,67,146,6,374,32,2,34,408
08/21/2003,RNO,NV,AWP,WE,Towers with Radar,158,66,54,4,282,0,11,58,3,72,158,77,112,7,354,48,0,48,402
08/22/2003,RNO,NV,AWP,WE,Towers with Radar,156,59,29,5,249,0,19,83,8,110,156,78,112,13,359,40,0,40,399
08/23/2003,RNO,NV,AWP,WE,Towers with Radar,145,42,47,9,243,0,15,147,2,164,145,57,194,11,407,36,0,36,443
08/24/2003,RNO,NV,AWP,WE,Towers with Radar,134,48,49,2,233,0,8,121,7,136,134,56,170,9,369,34,0,34,403
08/25/2003,RNO,NV,AWP,WE,Towers with Radar,150,43,48,1,242,0,31,97,5,133,150,74,145,6,375,38,2,40,415
08/26/2003,RNO,NV,AWP,WE,Towers with Radar,153,44,21,8,226,0,22,38,1,61,153,66,59,9,287,34,0,34,321
08/27/2003,RNO,NV,AWP,WE,Towers with Radar,155,54,47,2,258,0,17,92,12,121,155,71,139,14,379,30,2,32,411
08/28/2003,RNO,NV,AWP,WE,Towers with Radar,154,39,40,4,237,0,20,99,6,125,154,59,139,10,362,56,0,56,418
08/29/2003,RNO,NV,AWP,WE,Towers with Radar,156,50,41,0,247,0,22,142,5,169,156,72,183,5,416,38,0,38,454
08/30/2003,RNO,NV,AWP,WE,Towers with Radar,149,47,25,0,221,0,8,134,5,147,149,55,159,5,368,24,2,26,394
08/31/2003,RNO,NV,AWP,WE,Towers with Radar,121,31,19,0,171,0,9,97,3,109,121,40,116,3,280,24,0,24,304
09/01/2003,RNO,NV,AWP,WE,Towers with Radar,130,43,50,1,224,1,18,132,3,154,131,61,182,4,378,52,0,52,430
09/02/2003,RNO,NV,AWP,WE,Towers with Radar,146,45,24,2,217,1,16,49,12,78,147,61,73,14,295,22,2,24,319
09/03/2003,RNO,NV,AWP,WE,Towers with Radar,149,56,32,2,239,1,26,64,4,95,150,82,96,6,334,54,0,54,388
09/04/2003,RNO,NV,AWP,WE,Towers with Radar,151,59,26,8,244,1,26,75,3,105,152,85,101,11,349,26,0,26,375
09/05/2003,RNO,NV,AWP,WE,Towers with Radar,154,62,82,2,300,1,26,133,7,167,155,88,215,9,467,60,2,62,529
09/06/2003,RNO,NV,AWP,WE,Towers with Radar,137,34,65,20,256,0,11,154,28,193,137,45,219,48,449,14,6,20,469
09/07/2003,RNO,NV,AWP,WE,Towers with Radar,131,46,57,4,238,0,13,179,3,195,131,59,236,7,433,38,0,38,471
09/08/2003,RNO,NV,AWP,WE,Towers with Radar,142,51,47,4,244,0,20,137,6,163,142,71,184,10,407,16,0,16,423
09/09/2003,RNO,NV,AWP,WE,Towers with Radar,152,52,58,3,265,0,17,79,3,99,152,69,137,6,364,20,0,20,384
09/10/2003,RNO,NV,AWP,WE,Towers with Radar,156,45,67,5,273,0,22,178,18,218,156,67,245,23,491,28,4,32,523
09/11/2003,RNO,NV,AWP,WE,Towers with Radar,149,53,79,13,294,0,30,210,18,258,149,83,289,31,552,46,16,62,614
09/12/2003,RNO,NV,AWP,WE,Towers with Radar,158,47,103,9,317,0,30,349,25,404,158,77,452,34,721,6,2,8,729
09/13/2003,RNO,NV,AWP,WE,Towers with Radar,126,35,49,4,214,0,20,226,13,259,126,55,275,17,473,0,2,2,475
09/14/2003,RNO,NV,AWP,WE,Towers with Radar,137,45,106,6,294,0,8,357,23,388,137,53,463,29,682,0,0,0,682
09/15/2003,RNO,NV,AWP,WE,Towers with Radar,148,47,79,10,284,0,24,270,15,309,148,71,349,25,593,32,0,32,625
09/16/2003,RNO,NV,AWP,WE,Towers with Radar,152,48,36,3,239,0,14,78,7,99,152,62,114,10,338,26,2,28,366
09/17/2003,RNO,NV,AWP,WE,Towers with Radar,154,52,38,4,248,0,21,98,9,128,154,73,136,13,376,40,2,42,418
09/18/2003,RNO,NV,AWP,WE,Towers with Radar,152,56,64,12,284,0,22,125,8,155,152,78,189,20,439,44,0,44,483
09/19/2003,RNO,NV,AWP,WE,Towers with Radar,156,53,47,8,264,0,34,111,10,155,156,87,158,18,419,16,0,16,435
09/20/2003,RNO,NV,AWP,WE,Towers with Radar,131,30,63,4,228,0,11,137,6,154,131,41,200,10,382,42,0,42,424
09/21/2003,RNO,NV,AWP,WE,Towers with Radar,136,47,37,9,229,0,14,177,4,195,136,61,214,13,424,18,0,18,442
09/22/2003,RNO,NV,AWP,WE,Towers with Radar,150,49,29,1,229,0,18,78,8,104,150,67,107,9,333,42,0,42,375
09/23/2003,RNO,NV,AWP,WE,Towers with Radar,155,43,42,1,241,0,25,73,7,105,155,68,115,8,346,0,0,0,346
09/24/2003,RNO,NV,AWP,WE,Towers with Radar,153,45,38,7,243,0,26,91,9,126,153,71,129,16,369,66,0,66,435
09/25/2003,RNO,NV,AWP,WE,Towers with Radar,154,46,28,1,229,0,25,123,11,159,154,71,151,12,388,78,0,78,466
09/26/2003,RNO,NV,AWP,WE,Towers with Radar,158,55,61,3,277,0,27,129,9,165,158,82,190,12,442,46,0,46,488
09/27/2003,RNO,NV,AWP,WE,Towers with Radar,129,41,37,8,215,0,17,172,6,195,129,58,209,14,410,60,2,62,472
09/28/2003,RNO,NV,AWP,WE,Towers with Radar,142,48,53,6,249,0,5,160,3,168,142,53,213,9,417,40,0,40,457
09/29/2003,RNO,NV,AWP,WE,Towers with Radar,146,45,32,2,225,0,18,66,2,86,146,63,98,4,311,12,0,12,323
09/30/2003,RNO,NV,AWP,WE,Towers with Radar,155,49,32,8,244,0,20,100,4,124,155,69,132,12,368,60,4,64,432
10/01/2003,RNO,NV,AWP,WE,Towers with Radar,142,47,38,3,230,8,33,70,0,111,150,80,108,3,341,8,0,8,349
10/02/2003,RNO,NV,AWP,WE,Towers with Radar,154,54,45,4,257,0,29,100,2,131,154,83,145,6,388,62,0,62,450
10/03/2003,RNO,NV,AWP,WE,Towers with Radar,148,49,40,4,241,3,29,109,4,145,151,78,149,8,386,30,0,30,416
10/04/2003,RNO,NV,AWP,WE,Towers with Radar,122,40,33,4,199,7,5,83,7,102,129,45,116,11,301,8,2,10,311
10/05/2003,RNO,NV,AWP,WE,Towers with Radar,138,46,38,3,225,0,6,101,0,107,138,52,139,3,332,8,6,14,346
10/06/2003,RNO,NV,AWP,WE,Towers with Radar,144,48,39,4,235,3,21,88,1,113,147,69,127,5,348,20,4,24,372
10/07/2003,RNO,NV,AWP,WE,Towers with Radar,143,47,39,3,232,11,16,82,5,114,154,63,121,8,346,4,6,10,356
10/08/2003,RNO,NV,AWP,WE,Towers with Radar,150,49,40,4,243,3,20,101,4,128,153,69,141,8,371,48,6,54,425
10/09/2003,RNO,NV,AWP,WE,Towers with Radar,153,52,43,3,251,0,10,104,11,125,153,62,147,14,376,16,2,18,394
10/10/2003,RNO,NV,AWP,WE,Towers with Radar,141,46,38,2,227,16,24,79,0,119,157,70,117,2,346,10,0,10,356
10/11/2003,RNO,NV,AWP,WE,Towers with Radar,129,43,35,3,210,5,5,76,9,95,134,48,111,12,305,26,0,26,331
10/12/2003,RNO,NV,AWP,WE,Towers with Radar,131,44,36,3,214,0,11,79,4,94,131,55,115,7,308,6,0,6,314
10/13/2003,RNO,NV,AWP,WE,Towers with Radar,147,49,40,4,240,0,6,89,2,97,147,55,129,6,337,38,0,38,375
10/14/2003,RNO,NV,AWP,WE,Towers with Radar,149,49,40,4,242,4,18,83,7,112,153,67,123,11,354,42,0,42,396
10/15/2003,RNO,NV,AWP,WE,Towers with Radar,135,45,37,3,220,28,17,74,6,125,163,62,111,9,345,16,6,22,367
10/16/2003,RNO,NV,AWP,WE,Towers with Radar,143,46,38,4,231,13,26,116,9,164,156,72,154,13,395,42,0,42,437
10/17/2003,RNO,NV,AWP,WE,Towers with Radar,154,51,44,3,252,0,25,115,14,154,154,76,159,17,406,20,4,24,430
10/18/2003,RNO,NV,AWP,WE,Towers with Radar,135,45,40,3,223,0,0,103,4,107,135,45,143,7,330,32,0,32,362
10/19/2003,RNO,NV,AWP,WE,Towers with Radar,145,44,40,3,232,0,0,113,4,117,145,44,153,7,349,12,0,12,361
10/20/2003,RNO,NV,AWP,WE,Towers with Radar,147,49,42,4,242,0,15,94,1,110,147,64,136,5,352,30,0,30,382
10/21/2003,RNO,NV,AWP,WE,Towers with Radar,154,57,49,4,264,0,20,125,11,156,154,77,174,15,420,42,4,46,466
10/22/2003,RNO,NV,AWP,WE,Towers with Radar,146,47,40,4,237,9,31,86,2,128,155,78,126,6,365,24,0,24,389
10/23/2003,RNO,NV,AWP,WE,Towers with Radar,151,48,41,4,244,0,27,70,6,103,151,75,111,10,347,2,6,8,355
10/24/2003,RNO,NV,AWP,WE,Towers with Radar,162,54,46,3,265,0,21,142,6,169,162,75,188,9,434,22,0,22,456
10/25/2003,RNO,NV,AWP,WE,Towers with Radar,132,46,40,3,221,0,3,137,4,144,132,49,177,7,365,66,0,66,431
10/26/2003,RNO,NV,AWP,WE,Towers with Radar,112,38,33,2,185,0,0,91,13,104,112,38,124,15,289,28,0,28,317
10/27/2003,RNO,NV,AWP,WE,Towers with Radar,153,53,45,3,254,0,13,85,5,103,153,66,130,8,357,34,14,48,405
10/28/2003,RNO,NV,AWP,WE,Towers with Radar,165,56,48,4,273,0,8,102,40,150,165,64,150,44,423,16,8,24,447
10/29/2003,RNO,NV,AWP,WE,Towers with Radar,151,48,41,4,244,6,33,45,12,96,157,81,86,16,340,20,2,22,362
10/30/2003,RNO,NV,AWP,WE,Towers with Radar,149,48,41,3,241,6,20,36,14,76,155,68,77,17,317,10,2,12,329
10/31/2003,RNO,NV,AWP,WE,Towers with Radar,164,53,45,3,265,0,10,23,0,33,164,63,68,3,298,4,0,4,302
11/01/2003,RNO,NV,AWP,WE,Towers with Radar,127,44,38,4,213,8,9,45,11,73,135,53,83,15,286,40,10,50,336
11/02/2003,RNO,NV,AWP,WE,Towers with Radar,134,50,43,5,232,0,3,33,4,40,134,53,76,9,272,2,2,4,276
11/03/2003,RNO,NV,AWP,WE,Towers with Radar,149,54,47,1,251,0,17,45,0,62,149,71,92,1,313,42,0,42,355
11/04/2003,RNO,NV,AWP,WE,Towers with Radar,161,56,48,5,270,0,10,81,1,92,161,66,129,6,362,34,0,34,396
11/05/2003,RNO,NV,AWP,WE,Towers with Radar,155,54,47,5,261,0,23,79,10,112,155,77,126,15,373,10,0,10,383
11/06/2003,RNO,NV,AWP,WE,Towers with Radar,150,52,45,5,252,9,22,84,5,120,159,74,129,10,372,36,0,36,408
11/07/2003,RNO,NV,AWP,WE,Towers with Radar,158,62,53,6,279,0,23,22,6,51,158,85,75,12,330,22,6,28,358
11/08/2003,RNO,NV,AWP,WE,Towers with Radar,108,37,32,4,181,31,0,45,3,79,139,37,77,7,260,26,0,26,286
11/09/2003,RNO,NV,AWP,WE,Towers with Radar,135,38,41,4,218,0,0,23,3,26,135,38,64,7,244,6,0,6,250
11/10/2003,RNO,NV,AWP,WE,Towers with Radar,148,53,46,5,252,0,29,61,11,101,148,82,107,16,353,38,0,38,391
11/11/2003,RNO,NV,AWP,WE,Towers with Radar,150,52,45,5,252,9,13,113,4,139,159,65,158,9,391,40,2,42,433
11/12/2003,RNO,NV,AWP,WE,Towers with Radar,149,52,45,5,251,3,23,89,24,139,152,75,134,29,390,42,8,50,440
11/13/2003,RNO,NV,AWP,WE,Towers with Radar,156,53,47,4,260,5,18,52,5,80,161,71,99,9,340,20,0,20,360
11/14/2003,RNO,NV,AWP,WE,Towers with Radar,161,60,53,5,279,0,11,81,0,92,161,71,134,5,371,26,0,26,397
11/15/2003,RNO,NV,AWP,WE,Towers with Radar,135,46,41,1,223,1,2,8,0,11,136,48,49,1,234,18,0,18,252
11/16/2003,RNO,NV,AWP,WE,Towers with Radar,131,48,43,4,226,0,0,92,7,99,131,48,135,11,325,38,2,40,365
11/17/2003,RNO,NV,AWP,WE,Towers with Radar,148,50,45,4,247,5,17,50,2,74,153,67,95,6,321,30,0,30,351
11/18/2003,RNO,NV,AWP,WE,Towers with Radar,157,54,48,4,263,0,15,111,2,128,157,69,159,6,391,48,0,48,439
11/19/2003,RNO,NV,AWP,WE,Towers with Radar,155,53,47,5,260,4,15,73,24,116,159,68,120,29,376,26,0,26,402
11/20/2003,RNO,NV,AWP,WE,Towers with Radar,156,55,49,2,262,0,25,64,0,89,156,80,113,2,351,30,2,32,383
11/21/2003,RNO,NV,AWP,WE,Towers with Radar,159,56,50,2,267,0,16,32,0,48,159,72,82,2,315,4,0,4,319
11/22/2003,RNO,NV,AWP,WE,Towers with Radar,129,41,39,4,213,3,0,97,0,100,132,41,136,4,313,8,0,8,321
11/23/2003,RNO,NV,AWP,WE,Towers with Radar,130,42,40,4,216,8,0,136,3,147,138,42,176,7,363,28,0,28,391
11/24/2003,RNO,NV,AWP,WE,Towers with Radar,134,45,41,3,223,13,31,26,0,70,147,76,67,3,293,10,0,10,303
11/25/2003,RNO,NV,AWP,WE,Towers with Radar,155,53,46,5,259,6,13,78,4,101,161,66,124,9,360,40,4,44,404
11/26/2003,RNO,NV,AWP,WE,Towers with Radar,151,52,45,4,252,12,25,80,0,117,163,77,125,4,369,46,0,46,415
11/27/2003,RNO,NV,AWP,WE,Towers with Radar,84,29,25,2,140,22,10,48,4,84,106,39,73,6,224,18,0,18,242
11/28/2003,RNO,NV,AWP,WE,Towers with Radar,126,45,38,3,212,0,7,56,0,63,126,52,94,3,275,12,0,12,287
11/29/2003,RNO,NV,AWP,WE,Towers with Radar,128,44,38,2,212,0,2,14,0,16,128,46,52,2,228,28,0,28,256
11/30/2003,RNO,NV,AWP,WE,Towers with Radar,139,52,55,6,252,0,0,41,0,41,139,52,96,6,293,6,0,6,299
12/01/2003,RNO,NV,AWP,WE,Towers with Radar,150,68,50,4,272,0,5,73,2,80,150,73,123,6,352,56,0,56,408
12/02/2003,RNO,NV,AWP,WE,Towers with Radar,151,59,44,3,257,10,20,60,2,92,161,79,104,5,349,52,0,52,401
12/03/2003,RNO,NV,AWP,WE,Towers with Radar,148,58,43,3,252,8,19,74,4,105,156,77,117,7,357,50,0,50,407
12/04/2003,RNO,NV,AWP,WE,Towers with Radar,117,46,34,2,199,39,32,106,5,182,156,78,140,7,381,56,0,56,437
12/05/2003,RNO,NV,AWP,WE,Towers with Radar,150,58,43,2,253,5,19,9,0,33,155,77,52,2,286,4,0,4,290
12/06/2003,RNO,NV,AWP,WE,Towers with Radar,121,47,35,2,205,24,1,3,0,28,145,48,38,2,233,14,0,14,247
12/07/2003,RNO,NV,AWP,WE,Towers with Radar,127,46,37,3,213,8,0,4,2,14,135,46,41,5,227,34,7,41,268
12/08/2003,RNO,NV,AWP,WE,Towers with Radar,135,53,39,3,230,14,25,53,4,96,149,78,92,7,326,28,0,28,354
12/09/2003,RNO,NV,AWP,WE,Towers with Radar,152,59,44,2,257,0,11,54,0,65,152,70,98,2,322,44,2,46,368
12/10/2003,RNO,NV,AWP,WE,Towers with Radar,142,55,41,3,241,13,7,5,0,25,155,62,46,3,266,2,0,2,268
12/11/2003,RNO,NV,AWP,WE,Towers with Radar,162,65,48,3,278,0,8,10,2,20,162,73,58,5,298,18,0,18,316
12/12/2003,RNO,NV,AWP,WE,Towers with Radar,134,70,52,3,259,0,22,19,3,44,134,92,71,6,303,10,0,10,313
12/13/2003,RNO,NV,AWP,WE,Towers with Radar,132,52,39,2,225,0,1,18,5,24,132,53,57,7,249,70,0,70,319
12/14/2003,RNO,NV,AWP,WE,Towers with Radar,120,40,34,2,196,15,0,25,1,41,135,40,59,3,237,6,0,6,243
12/15/2003,RNO,NV,AWP,WE,Towers with Radar,141,55,41,2,239,13,16,55,6,90,154,71,96,8,329,36,0,36,365
12/16/2003,RNO,NV,AWP,WE,Towers with Radar,149,58,43,2,252,15,13,63,10,101,164,71,106,12,353,14,2,16,369
12/17/2003,RNO,NV,AWP,WE,Towers with Radar,158,67,50,2,277,0,14,123,1,138,158,81,173,3,415,58,2,60,475
12/18/2003,RNO,NV,AWP,WE,Towers with Radar,157,60,46,2,265,7,32,84,4,127,164,92,130,6,392,22,2,24,416
12/19/2003,RNO,NV,AWP,WE,Towers with Radar,163,68,52,3,286,0,20,102,2,124,163,88,154,5,410,38,0,38,448
12/20/2003,RNO,NV,AWP,WE,Towers with Radar,136,47,47,2,232,0,0,38,3,41,136,47,85,5,273,56,0,56,329
12/21/2003,RNO,NV,AWP,WE,Towers with Radar,141,55,42,2,240,0,13,65,0,78,141,68,107,2,318,64,0,64,382
12/22/2003,RNO,NV,AWP,WE,Towers with Radar,156,60,46,2,264,5,7,35,7,54,161,67,81,9,318,16,0,16,334
12/23/2003,RNO,NV,AWP,WE,Towers with Radar,166,70,58,3,297,0,0,49,9,58,166,70,107,12,355,28,6,34,389
12/24/2003,RNO,NV,AWP,WE,Towers with Radar,134,51,39,0,224,11,19,2,0,32,145,70,41,0,256,10,0,10,266
12/25/2003,RNO,NV,AWP,WE,Towers with Radar,93,35,18,1,147,21,3,0,0,24,114,38,18,1,171,2,0,2,173
12/26/2003,RNO,NV,AWP,WE,Towers with Radar,144,55,42,3,244,13,2,43,4,62,157,57,85,7,306,8,0,8,314
12/27/2003,RNO,NV,AWP,WE,Towers with Radar,133,50,39,1,223,1,0,12,0,13,134,50,51,1,236,22,0,22,258
12/28/2003,RNO,NV,AWP,WE,Towers with Radar,132,50,39,2,223,2,7,50,1,60,134,57,89,3,283,30,0,30,313
12/29/2003,RNO,NV,AWP,WE,Towers with Radar,133,50,25,2,210,20,21,0,4,45,153,71,25,6,255,0,0,0,255
12/30/2003,RNO,NV,AWP,WE,Towers with Radar,164,89,68,3,324,0,5,5,6,16,164,94,73,9,340,30,2,32,372
12/31/2003,RNO,NV,AWP,WE,Towers with Radar,145,62,46,0,253,0,9,56,0,65,145,71,102,0,318,24,0,24,342
01/01/2004,RNO,NV,AWP,WE,Towers with Radar,96,35,20,0,151,22,14,0,0,36,118,49,20,0,187,0,0,0,187
01/02/2004,RNO,NV,AWP,WE,Towers with Radar,148,58,53,1,260,0,10,37,0,47,148,68,90,1,307,26,0,26,333
01/03/2004,RNO,NV,AWP,WE,Towers with Radar,140,57,50,4,251,0,10,81,0,91,140,67,131,4,342,22,0,22,364
01/04/2004,RNO,NV,AWP,WE,Towers with Radar,129,47,42,3,221,10,0,74,0,84,139,47,116,3,305,40,0,40,345
01/05/2004,RNO,NV,AWP,WE,Towers with Radar,140,52,46,2,240,19,14,54,0,87,159,66,100,2,327,32,0,32,359
01/06/2004,RNO,NV,AWP,WE,Towers with Radar,148,55,49,3,255,9,7,40,0,56,157,62,89,3,311,48,0,48,359
01/07/2004,RNO,NV,AWP,WE,Towers with Radar,143,53,47,5,248,8,13,3,4,28,151,66,50,9,276,4,0,4,280
01/08/2004,RNO,NV,AWP,WE,Towers with Radar,157,58,52,5,272,0,25,58,22,105,157,83,110,27,377,56,14,70,447
01/09/2004,RNO,NV,AWP,WE,Towers with Radar,164,64,57,5,290,0,3,83,17,103,164,67,140,22,393,44,10,54,447
01/10/2004,RNO,NV,AWP,WE,Towers with Radar,131,41,43,4,219,8,0,100,7,115,139,41,143,11,334,42,2,44,378
01/11/2004,RNO,NV,AWP,WE,Towers with Radar,126,47,41,4,218,15,0,76,8,99,141,47,117,12,317,28,0,28,345
01/12/2004,RNO,NV,AWP,WE,Towers with Radar,155,57,51,4,267,0,17,29,0,46,155,74,80,4,313,6,0,6,319
01/13/2004,RNO,NV,AWP,WE,Towers with Radar,153,56,50,5,264,10,21,45,5,81,163,77,95,10,345,32,2,34,379
01/14/2004,RNO,NV,AWP,WE,Towers with Radar,144,53,47,5,249,17,30,28,8,83,161,83,75,13,332,36,4,40,372
01/15/2004,RNO,NV,AWP,WE,Towers with Radar,156,57,51,5,269,18,10,66,5,99,174,67,117,10,368,16,8,24,392
01/16/2004,RNO,NV,AWP,WE,Towers with Radar,165,63,56,6,290,0,18,85,1,104,165,81,141,7,394,28,0,28,422
01/17/2004,RNO,NV,AWP,WE,Towers with Radar,139,49,53,6,247,0,0,103,20,123,139,49,156,26,370,8,0,8,378
01/18/2004,RNO,NV,AWP,WE,Towers with Radar,142,52,47,4,245,5,2,46,20,73,147,54,93,24,318,26,12,38,356
01/19/2004,RNO,NV,AWP,WE,Towers with Radar,158,57,53,4,272,1,9,67,10,87,159,66,120,14,359,20,2,22,381
01/20/2004,RNO,NV,AWP,WE,Towers with Radar,166,60,55,5,286,1,9,25,4,39,167,69,80,9,325,14,0,14,339
01/21/2004,RNO,NV,AWP,WE,Towers with Radar,167,64,58,5,294,0,34,111,10,155,167,98,169,15,449,34,2,36,485
01/22/2004,RNO,NV,AWP,WE,Towers with Radar,168,66,61,4,299,0,31,121,12,164,168,97,182,16,463,8,4,12,475
01/23/2004,RNO,NV,AWP,WE,Towers with Radar,174,75,69,5,323,0,24,124,0,148,174,99,193,5,471,20,0,20,491
01/24/2004,RNO,NV,AWP,WE,Towers with Radar,155,62,57,2,276,0,1,68,0,69,155,63,125,2,345,12,0,12,357
01/25/2004,RNO,NV,AWP,WE,Towers with Radar,163,55,55,6,279,0,0,120,0,120,163,55,175,6,399,28,2,30,429
01/26/2004,RNO,NV,AWP,WE,Towers with Radar,158,58,53,5,274,0,13,16,4,33,158,71,69,9,307,30,2,32,339
01/27/2004,RNO,NV,AWP,WE,Towers with Radar,161,65,60,5,291,0,14,3,1,18,161,79,63,6,309,0,0,0,309
01/28/2004,RNO,NV,AWP,WE,Towers with Radar,171,62,57,6,296,0,22,7,0,29,171,84,64,6,325,10,2,12,337
01/29/2004,RNO,NV,AWP,WE,Towers with Radar,165,59,55,6,285,5,34,58,10,107,170,93,113,16,392,62,2,64,456
01/30/2004,RNO,NV,AWP,WE,Towers with Radar,164,59,54,3,280,0,20,0,0,20,164,79,54,3,300,4,0,4,304
01/31/2004,RNO,NV,AWP,WE,Towers with Radar,137,49,45,4,235,15,1,38,10,64,152,50,83,14,299,30,4,34,333
02/01/2004,RNO,NV,AWP,WE,Towers with Radar,148,41,43,3,235,2,0,27,0,29,150,41,70,3,264,30,0,30,294
02/02/2004,RNO,NV,AWP,WE,Towers with Radar,154,61,39,0,254,0,22,0,0,22,154,83,39,0,276,2,0,2,278
02/03/2004,RNO,NV,AWP,WE,Towers with Radar,165,70,53,7,295,0,15,13,9,37,165,85,66,16,332,4,6,10,342
02/04/2004,RNO,NV,AWP,WE,Towers with Radar,149,58,43,5,255,13,11,46,6,76,162,69,89,11,331,26,0,26,357
02/05/2004,RNO,NV,AWP,WE,Towers with Radar,148,57,43,5,253,18,29,103,7,157,166,86,146,12,410,86,4,90,500
02/06/2004,RNO,NV,AWP,WE,Towers with Radar,161,61,47,6,275,8,0,30,6,44,169,61,77,12,319,10,4,14,333
02/07/2004,RNO,NV,AWP,WE,Towers with Radar,148,40,43,5,236,0,0,41,3,44,148,40,84,8,280,14,4,18,298
02/08/2004,RNO,NV,AWP,WE,Towers with Radar,153,49,46,5,253,0,0,116,11,127,153,49,162,16,380,50,0,50,430
02/09/2004,RNO,NV,AWP,WE,Towers with Radar,156,61,46,5,268,2,22,10,2,36,158,83,56,7,304,32,0,32,336
02/10/2004,RNO,NV,AWP,WE,Towers with Radar,148,58,43,5,254,16,14,81,5,116,164,72,124,10,370,58,0,58,428
02/11/2004,RNO,NV,AWP,WE,Towers with Radar,147,57,43,5,252,17,11,83,8,119,164,68,126,13,371,16,2,18,389
02/12/2004,RNO,NV,AWP,WE,Towers with Radar,154,59,45,5,263,9,25,76,9,119,163,84,121,14,382,12,0,12,394
02/13/2004,RNO,NV,AWP,WE,Towers with Radar,159,66,51,6,282,0,8,57,0,65,159,74,108,6,347,12,4,16,363
02/14/2004,RNO,NV,AWP,WE,Towers with Radar,141,54,41,1,237,8,2,56,0,66,149,56,97,1,303,22,0,22,325
02/15/2004,RNO,NV,AWP,WE,Towers with Radar,148,62,48,2,260,0,0,91,0,91,148,62,139,2,351,50,4,54,405
02/16/2004,RNO,NV,AWP,WE,Towers with Radar,151,71,56,2,280,0,7,34,0,41,151,78,90,2,321,34,0,34,355
02/17/2004,RNO,NV,AWP,WE,Towers with Radar,152,58,45,4,259,4,25,8,0,37,156,83,53,4,296,2,0,2,298
02/18/2004,RNO,NV,AWP,WE,Towers with Radar,158,60,47,4,269,8,10,22,4,44,166,70,69,8,313,12,0,12,325
02/19/2004,RNO,NV,AWP,WE,Towers with Radar,154,59,46,4,263,6,22,111,19,158,160,81,157,23,421,42,2,44,465
02/20/2004,RNO,NV,AWP,WE,Towers with Radar,161,70,55,5,291,0,9,54,2,65,161,79,109,7,356,42,0,42,398
02/21/2004,RNO,NV,AWP,WE,Towers with Radar,146,52,46,2,246,0,0,42,0,42,146,52,88,2,288,18,0,18,306
02/22/2004,RNO,NV,AWP,WE,Towers with Radar,139,55,43,1,238,0,6,16,0,22,139,61,59,1,260,6,0,6,266
02/23/2004,RNO,NV,AWP,WE,Towers with Radar,158,60,47,4,269,6,16,18,6,46,164,76,65,10,315,30,0,30,345
02/24/2004,RNO,NV,AWP,WE,Towers with Radar,162,61,48,4,275,0,22,7,9,38,162,83,55,13,313,32,0,32,345
02/25/2004,RNO,NV,AWP,WE,Towers with Radar,127,48,24,1,200,31,10,0,0,41,158,58,24,1,241,0,0,0,241
02/26/2004,RNO,NV,AWP,WE,Towers with Radar,163,62,48,4,277,7,15,6,0,28,170,77,54,4,305,2,0,2,307
02/27/2004,RNO,NV,AWP,WE,Towers with Radar,168,65,51,5,289,0,18,12,0,30,168,83,63,5,319,10,0,10,329
02/28/2004,RNO,NV,AWP,WE,Towers with Radar,144,47,42,4,237,0,0,67,31,98,144,47,109,35,335,56,2,58,393
02/29/2004,RNO,NV,AWP,WE,Towers with Radar,152,52,47,4,255,0,0,104,15,119,152,52,151,19,374,66,0,66,440
03/01/2004,RNO,NV,AWP,WE,Towers with Radar,139,47,37,2,225,1,14,7,0,22,140,61,44,2,247,2,0,2,249
03/02/2004,RNO,NV,AWP,WE,Towers with Radar,173,59,45,5,282,2,17,0,3,22,175,76,45,8,304,8,2,10,314
03/03/2004,RNO,NV,AWP,WE,Towers with Radar,148,50,40,4,242,12,16,65,6,99,160,66,105,10,341,20,0,20,361
03/04/2004,RNO,NV,AWP,WE,Towers with Radar,156,62,49,5,272,0,6,93,13,112,156,68,142,18,384,30,2,32,416
03/05/2004,RNO,NV,AWP,WE,Towers with Radar,169,67,53,4,293,0,12,95,2,109,169,79,148,6,402,8,0,8,410
03/06/2004,RNO,NV,AWP,WE,Towers with Radar,149,54,41,3,247,0,2,102,12,116,149,56,143,15,363,62,2,64,427
03/07/2004,RNO,NV,AWP,WE,Towers with Radar,151,58,44,3,256,0,8,104,6,118,151,66,148,9,374,12,0,12,386
03/08/2004,RNO,NV,AWP,WE,Towers with Radar,150,52,39,3,244,9,29,80,5,123,159,81,119,8,367,44,0,44,411
03/09/2004,RNO,NV,AWP,WE,Towers with Radar,161,55,42,3,261,0,16,78,13,107,161,71,120,16,368,44,0,44,412
03/10/2004,RNO,NV,AWP,WE,Towers with Radar,150,52,39,3,244,16,27,108,5,156,166,79,147,8,400,34,8,42,442
03/11/2004,RNO,NV,AWP,WE,Towers with Radar,158,55,41,3,257,0,32,127,22,181,158,87,168,25,438,48,0,48,486
03/12/2004,RNO,NV,AWP,WE,Towers with Radar,160,55,42,3,260,3,28,127,44,202,163,83,169,47,462,16,0,16,478
03/13/2004,RNO,NV,AWP,WE,Towers with Radar,138,47,36,3,224,4,0,93,48,145,142,47,129,51,369,20,0,20,389
03/14/2004,RNO,NV,AWP,WE,Towers with Radar,141,45,37,3,226,8,0,144,9,161,149,45,181,12,387,38,0,38,425
03/15/2004,RNO,NV,AWP,WE,Towers with Radar,138,48,36,3,225,19,20,46,4,89,157,68,82,7,314,20,2,22,336
03/16/2004,RNO,NV,AWP,WE,Towers with Radar,162,56,43,3,264,0,21,70,9,100,162,77,113,12,364,30,8,38,402
03/17/2004,RNO,NV,AWP,WE,Towers with Radar,154,56,43,4,257,0,20,105,12,137,154,76,148,16,394,34,8,42,436
03/18/2004,RNO,NV,AWP,WE,Towers with Radar,163,64,48,4,279,0,23,105,1,129,163,87,153,5,408,30,0,30,438
03/19/2004,RNO,NV,AWP,WE,Towers with Radar,164,59,45,4,272,0,12,115,6,133,164,71,160,10,405,26,0,26,431
03/20/2004,RNO,NV,AWP,WE,Towers with Radar,128,43,33,2,206,17,8,100,2,127,145,51,133,4,333,20,0,20,353
03/21/2004,RNO,NV,AWP,WE,Towers with Radar,145,49,38,3,235,5,4,143,2,154,150,53,181,5,389,24,0,24,413
03/22/2004,RNO,NV,AWP,WE,Towers with Radar,150,50,39,3,242,11,23,64,0,98,161,73,103,3,340,38,6,44,384
03/23/2004,RNO,NV,AWP,WE,Towers with Radar,158,53,42,4,257,3,28,82,6,119,161,81,124,10,376,38,0,38,414
03/24/2004,RNO,NV,AWP,WE,Towers with Radar,159,60,47,4,270,0,6,88,10,104,159,66,135,14,374,36,0,36,410
03/25/2004,RNO,NV,AWP,WE,Towers with Radar,160,59,47,4,270,0,15,37,4,56,160,74,84,8,326,4,0,4,330
03/26/2004,RNO,NV,AWP,WE,Towers with Radar,174,59,46,4,283,0,13,35,4,52,174,72,81,8,335,26,0,26,361
03/27/2004,RNO,NV,AWP,WE,Towers with Radar,133,42,35,3,213,11,0,101,7,119,144,42,136,10,332,20,2,22,354
03/28/2004,RNO,NV,AWP,WE,Towers with Radar,142,48,38,3,231,6,5,117,11,139,148,53,155,14,370,34,0,34,404
03/29/2004,RNO,NV,AWP,WE,Towers with Radar,136,46,36,3,221,19,22,83,5,129,155,68,119,8,350,46,0,46,396
03/30/2004,RNO,NV,AWP,WE,Towers with Radar,149,50,40,3,242,13,21,67,4,105,162,71,107,7,347,26,2,28,375
03/31/2004,RNO,NV,AWP,WE,Towers with Radar,160,55,43,3,261,0,31,75,2,108,160,86,118,5,369,34,2,36,405
04/01/2004,RNO,NV,AWP,WE,Towers with Radar,152,48,42,4,246,12,26,50,1,89,164,74,92,5,335,46,0,46,381
04/02/2004,RNO,NV,AWP,WE,Towers with Radar,154,48,43,3,248,3,24,78,0,105,157,72,121,3,353,20,0,20,373
04/03/2004,RNO,NV,AWP,WE,Towers with Radar,154,50,44,5,253,0,10,138,8,156,154,60,182,13,409,6,4,10,419
04/04/2004,RNO,NV,AWP,WE,Towers with Radar,146,46,41,4,237,4,0,66,29,99,150,46,107,33,336,14,0,14,350
04/05/2004,RNO,NV,AWP,WE,Towers with Radar,140,45,38,4,227,13,24,71,2,110,153,69,109,6,337,44,4,48,385
04/06/2004,RNO,NV,AWP,WE,Towers with Radar,160,53,44,4,261,0,17,101,6,124,160,70,145,10,385,34,0,34,419
04/07/2004,RNO,NV,AWP,WE,Towers with Radar,156,52,44,5,257,0,12,130,5,147,156,64,174,10,404,20,0,20,424
04/08/2004,RNO,NV,AWP,WE,Towers with Radar,161,60,51,5,277,0,6,113,7,126,161,66,164,12,403,96,0,96,499
04/09/2004,RNO,NV,AWP,WE,Towers with Radar,162,53,45,4,264,0,18,107,21,146,162,71,152,25,410,42,2,44,454
04/10/2004,RNO,NV,AWP,WE,Towers with Radar,127,41,34,3,205,7,14,140,1,162,134,55,174,4,367,32,0,32,399
04/11/2004,RNO,NV,AWP,WE,Towers with Radar,114,37,31,2,184,26,3,44,2,75,140,40,75,4,259,4,0,4,263
04/12/2004,RNO,NV,AWP,WE,Towers with Radar,146,47,40,3,236,3,21,82,1,107,149,68,122,4,343,36,0,36,379
04/13/2004,RNO,NV,AWP,WE,Towers with Radar,146,47,39,3,235,14,22,41,0,77,160,69,80,3,312,14,0,14,326
04/14/2004,RNO,NV,AWP,WE,Towers with Radar,156,50,42,4,252,0,25,59,6,90,156,75,101,10,342,24,2,26,368
04/15/2004,RNO,NV,AWP,WE,Towers with Radar,161,52,44,3,260,0,19,17,6,42,161,71,61,9,302,6,2,8,310
04/16/2004,RNO,NV,AWP,WE,Towers with Radar,156,50,42,3,251,0,15,44,3,62,156,65,86,6,313,24,0,24,337
04/17/2004,RNO,NV,AWP,WE,Towers with Radar,130,42,35,2,209,5,18,16,0,39,135,60,51,2,248,10,0,10,258
04/18/2004,RNO,NV,AWP,WE,Towers with Radar,137,44,37,4,222,0,1,47,1,49,137,45,84,5,271,6,0,6,277
04/19/2004,RNO,NV,AWP,WE,Towers with Radar,147,46,39,3,235,2,16,25,1,44,149,62,64,4,279,34,0,34,313
04/20/2004,RNO,NV,AWP,WE,Towers with Radar,162,52,46,4,264,0,25,15,4,44,162,77,61,8,308,6,0,6,314
04/21/2004,RNO,NV,AWP,WE,Towers with Radar,163,56,50,4,273,0,18,61,4,83,163,74,111,8,356,24,0,24,380
04/22/2004,RNO,NV,AWP,WE,Towers with Radar,167,55,49,4,275,0,18,116,1,135,167,73,165,5,410,28,2,30,440
04/23/2004,RNO,NV,AWP,WE,Towers with Radar,155,55,48,4,262,0,11,169,7,187,155,66,217,11,449,18,0,18,467
04/24/2004,RNO,NV,AWP,WE,Towers with Radar,131,41,36,2,210,2,2,145,0,149,133,43,181,2,359,44,0,44,403
04/25/2004,RNO,NV,AWP,WE,Towers with Radar,138,47,42,3,230,0,0,165,10,175,138,47,207,13,405,34,0,34,439
04/26/2004,RNO,NV,AWP,WE,Towers with Radar,149,46,41,3,239,3,28,103,12,146,152,74,144,15,385,86,0,86,471
04/27/2004,RNO,NV,AWP,WE,Towers with Radar,155,48,43,3,249,4,19,75,15,113,159,67,118,18,362,28,0,28,390
04/28/2004,RNO,NV,AWP,WE,Towers with Radar,145,45,40,3,233,8,27,32,0,67,153,72,72,3,300,0,0,0,300
04/29/2004,RNO,NV,AWP,WE,Towers with Radar,159,50,44,3,256,0,18,76,6,100,159,68,120,9,356,28,0,28,384
04/30/2004,RNO,NV,AWP,WE,Towers with Radar,155,48,43,3,249,6,29,108,4,147,161,77,151,7,396,52,4,56,452
05/01/2004,RNO,NV,AWP,WE,Towers with Radar,126,43,37,4,210,4,14,104,6,128,130,57,141,10,338,42,0,42,380
05/02/2004,RNO,NV,AWP,WE,Towers with Radar,142,49,41,5,237,1,7,126,8,142,143,56,167,13,379,46,0,46,425
05/03/2004,RNO,NV,AWP,WE,Towers with Radar,144,49,42,5,240,6,24,90,6,126,150,73,132,11,366,52,0,52,418
05/04/2004,RNO,NV,AWP,WE,Towers with Radar,142,49,41,5,237,15,28,41,0,84,157,77,82,5,321,30,0,30,351
05/05/2004,RNO,NV,AWP,WE,Towers with Radar,157,56,46,5,264,0,17,71,15,103,157,73,117,20,367,26,6,32,399
05/06/2004,RNO,NV,AWP,WE,Towers with Radar,159,55,44,5,263,2,22,101,9,134,161,77,145,14,397,62,2,64,461
05/07/2004,RNO,NV,AWP,WE,Towers with Radar,158,56,45,5,264,0,21,102,8,131,158,77,147,13,395,38,0,38,433
05/08/2004,RNO,NV,AWP,WE,Towers with Radar,129,47,38,4,218,0,7,116,4,127,129,54,154,8,345,30,0,30,375
05/09/2004,RNO,NV,AWP,WE,Towers with Radar,119,42,34,4,199,16,8,86,2,112,135,50,120,6,311,78,2,80,391
05/10/2004,RNO,NV,AWP,WE,Towers with Radar,146,51,41,5,243,2,15,0,1,18,148,66,41,6,261,0,0,0,261
05/11/2004,RNO,NV,AWP,WE,Towers with Radar,160,59,48,6,273,0,21,18,1,40,160,80,66,7,313,70,0,70,383
05/12/2004,RNO,NV,AWP,WE,Towers with Radar,160,59,48,6,273,0,13,121,4,138,160,72,169,10,411,52,2,54,465
05/13/2004,RNO,NV,AWP,WE,Towers with Radar,154,58,47,5,264,0,25,141,7,173,154,83,188,12,437,32,4,36,473
05/14/2004,RNO,NV,AWP,WE,Towers with Radar,155,54,44,5,258,8,21,108,3,140,163,75,152,8,398,36,0,36,434
05/15/2004,RNO,NV,AWP,WE,Towers with Radar,121,43,34,4,202,16,6,103,2,127,137,49,137,6,329,24,0,24,353
05/16/2004,RNO,NV,AWP,WE,Towers with Radar,134,47,38,3,222,0,0,112,9,121,134,47,150,12,343,18,0,18,361
05/17/2004,RNO,NV,AWP,WE,Towers with Radar,151,53,43,4,251,2,19,92,8,121,153,72,135,12,372,20,2,22,394
05/18/2004,RNO,NV,AWP,WE,Towers with Radar,145,49,41,4,239,9,20,33,5,67,154,69,74,9,306,4,0,4,310
05/19/2004,RNO,NV,AWP,WE,Towers with Radar,157,54,44,4,259,5,20,62,5,92,162,74,106,9,351,38,0,38,389
05/20/2004,RNO,NV,AWP,WE,Towers with Radar,153,56,47,4,260,0,18,82,3,103,153,74,129,7,363,18,0,18,381
05/21/2004,RNO,NV,AWP,WE,Towers with Radar,162,58,49,5,274,0,20,94,5,119,162,78,143,10,393,22,4,26,419
05/22/2004,RNO,NV,AWP,WE,Towers with Radar,117,40,34,3,194,15,3,66,3,87,132,43,100,6,281,74,0,74,355
05/23/2004,RNO,NV,AWP,WE,Towers with Radar,123,42,36,3,204,14,12,76,4,106,137,54,112,7,310,24,0,24,334
05/24/2004,RNO,NV,AWP,WE,Towers with Radar,137,47,40,4,228,11,30,81,1,123,148,77,121,5,351,42,0,42,393
05/25/2004,RNO,NV,AWP,WE,Towers with Radar,153,52,44,4,253,4,25,94,7,130,157,77,138,11,383,34,0,34,417
05/26/2004,RNO,NV,AWP,WE,Towers with Radar,153,59,50,5,267,0,17,135,10,162,153,76,185,15,429,32,0,32,461
05/27/2004,RNO,NV,AWP,WE,Towers with Radar,161,58,49,4,272,0,15,87,12,114,161,73,136,16,386,28,4,32,418
05/28/2004,RNO,NV,AWP,WE,Towers with Radar,153,65,55,6,279,0,11,59,0,70,153,76,114,6,349,0,0,0,349
05/29/2004,RNO,NV,AWP,WE,Towers with Radar,135,46,39,3,223,5,15,92,0,112,140,61,131,3,335,6,0,6,341
05/30/2004,RNO,NV,AWP,WE,Towers with Radar,112,38,33,3,186,0,17,108,0,125,112,55,141,3,311,70,0,70,381
05/31/2004,RNO,NV,AWP,WE,Towers with Radar,132,46,39,3,220,0,8,133,2,143,132,54,172,5,363,46,0,46,409
06/01/2004,RNO,NV,AWP,WE,Towers with Radar,147,51,43,5,246,0,10,94,4,108,147,61,137,9,354,78,0,78,432
06/02/2004,RNO,NV,AWP,WE,Towers with Radar,153,50,43,5,251,2,27,114,7,150,155,77,157,12,401,24,0,24,425
06/03/2004,RNO,NV,AWP,WE,Towers with Radar,155,51,44,5,255,6,13,109,18,146,161,64,153,23,401,0,4,4,405
06/04/2004,RNO,NV,AWP,WE,Towers with Radar,154,51,44,4,253,1,19,128,4,152,155,70,172,8,405,18,2,20,425
06/05/2004,RNO,NV,AWP,WE,Towers with Radar,112,37,32,2,183,26,9,88,6,129,138,46,120,8,312,28,4,32,344
06/06/2004,RNO,NV,AWP,WE,Towers with Radar,121,40,34,3,198,12,6,105,7,130,133,46,139,10,328,28,2,30,358
06/07/2004,RNO,NV,AWP,WE,Towers with Radar,139,46,39,1,225,13,22,51,0,86,152,68,90,1,311,10,0,10,321
06/08/2004,RNO,NV,AWP,WE,Towers with Radar,141,55,47,5,248,0,30,85,7,122,141,85,132,12,370,22,0,22,392
06/09/2004,RNO,NV,AWP,WE,Towers with Radar,156,58,50,4,268,0,19,21,3,43,156,77,71,7,311,64,2,66,377
06/10/2004,RNO,NV,AWP,WE,Towers with Radar,155,57,49,5,266,0,23,111,7,141,155,80,160,12,407,42,0,42,449
06/11/2004,RNO,NV,AWP,WE,Towers with Radar,163,57,49,3,272,0,24,153,0,177,163,81,202,3,449,8,0,8,457
06/12/2004,RNO,NV,AWP,WE,Towers with Radar,127,42,36,3,208,11,7,126,5,149,138,49,162,8,357,32,8,40,397
06/13/2004,RNO,NV,AWP,WE,Towers with Radar,138,46,39,3,226,9,11,147,4,171,147,57,186,7,397,26,4,30,427
06/14/2004,RNO,NV,AWP,WE,Towers with Radar,151,50,43,4,248,0,19,102,5,126,151,69,145,9,374,24,0,24,398
06/15/2004,RNO,NV,AWP,WE,Towers with Radar,157,54,47,4,262,0,15,80,3,98,157,69,127,7,360,12,0,12,372
06/16/2004,RNO,NV,AWP,WE,Towers with Radar,152,50,43,4,249,10,31,68,0,109,162,81,111,4,358,4,0,4,362
06/17/2004,RNO,NV,AWP,WE,Towers with Radar,155,57,50,4,266,0,24,111,12,147,155,81,161,16,413,46,2,48,461
06/18/2004,RNO,NV,AWP,WE,Towers with Radar,167,58,52,5,282,0,19,90,3,112,167,77,142,8,394,60,0,60,454
06/19/2004,RNO,NV,AWP,WE,Towers with Radar,135,43,39,4,221,14,11,126,0,151,149,54,165,4,372,106,0,106,478
06/20/2004,RNO,NV,AWP,WE,Towers with Radar,141,45,41,4,231,0,9,100,8,117,141,54,141,12,348,34,0,34,382
06/21/2004,RNO,NV,AWP,WE,Towers with Radar,149,48,43,2,242,0,25,92,0,117,149,73,135,2,359,54,0,54,413
06/22/2004,RNO,NV,AWP,WE,Towers with Radar,149,47,42,3,241,12,27,92,17,148,161,74,134,20,389,76,4,80,469
06/23/2004,RNO,NV,AWP,WE,Towers with Radar,155,50,45,4,254,12,19,80,10,121,167,69,125,14,375,12,0,12,387
06/24/2004,RNO,NV,AWP,WE,Towers with Radar,156,50,45,4,255,3,20,101,9,133,159,70,146,13,388,44,0,44,432
06/25/2004,RNO,NV,AWP,WE,Towers with Radar,162,54,48,5,269,0,43,120,17,180,162,97,168,22,449,48,8,56,505
06/26/2004,RNO,NV,AWP,WE,Towers with Radar,131,42,38,3,214,14,16,132,7,169,145,58,170,10,383,46,2,48,431
06/27/2004,RNO,NV,AWP,WE,Towers with Radar,129,41,37,4,211,8,14,106,1,129,137,55,143,5,340,12,0,12,352
06/28/2004,RNO,NV,AWP,WE,Towers with Radar,144,46,41,4,235,10,17,78,4,109,154,63,119,8,344,68,0,68,412
06/29/2004,RNO,NV,AWP,WE,Towers with Radar,163,55,49,4,271,0,28,111,4,143,163,83,160,8,414,54,0,54,468
06/30/2004,RNO,NV,AWP,WE,Towers with Radar,159,62,55,5,281,0,21,113,15,149,159,83,168,20,430,54,0,54,484
07/01/2004,RNO,NV,AWP,WE,Towers with Radar,166,59,58,7,290,0,33,100,10,143,166,92,158,17,433,16,0,16,449
07/02/2004,RNO,NV,AWP,WE,Towers with Radar,162,55,53,7,277,0,37,125,10,172,162,92,178,17,449,70,2,72,521
07/03/2004,RNO,NV,AWP,WE,Towers with Radar,143,48,47,6,244,19,44,123,11,197,162,92,170,17,441,38,0,38,479
07/04/2004,RNO,NV,AWP,WE,Towers with Radar,140,47,46,6,239,22,45,116,11,194,162,92,162,17,433,28,4,32,465
07/05/2004,RNO,NV,AWP,WE,Towers with Radar,147,49,48,6,250,15,43,138,11,207,162,92,186,17,457,24,0,24,481
07/06/2004,RNO,NV,AWP,WE,Towers with Radar,153,51,50,7,261,6,39,101,12,158,159,90,151,19,419,52,0,52,471
07/07/2004,RNO,NV,AWP,WE,Towers with Radar,141,48,46,6,241,18,31,91,4,144,159,79,137,10,385,62,0,62,447
07/08/2004,RNO,NV,AWP,WE,Towers with Radar,160,54,52,7,273,4,11,116,13,144,164,65,168,20,417,26,4,30,447
07/09/2004,RNO,NV,AWP,WE,Towers with Radar,158,56,55,8,277,0,18,143,5,166,158,74,198,13,443,76,0,76,519
07/10/2004,RNO,NV,AWP,WE,Towers with Radar,146,49,48,6,249,1,9,160,22,192,147,58,208,28,441,60,4,64,505
07/11/2004,RNO,NV,AWP,WE,Towers with Radar,136,46,44,6,232,4,14,141,25,184,140,60,185,31,416,42,8,50,466
07/12/2004,RNO,NV,AWP,WE,Towers with Radar,136,46,44,6,232,11,25,102,11,149,147,71,146,17,381,80,0,80,461
07/13/2004,RNO,NV,AWP,WE,Towers with Radar,150,51,49,6,256,6,16,110,11,143,156,67,159,17,399,52,8,60,459
07/14/2004,RNO,NV,AWP,WE,Towers with Radar,150,50,49,6,255,6,29,80,15,130,156,79,129,21,385,28,0,28,413
07/15/2004,RNO,NV,AWP,WE,Towers with Radar,164,66,65,8,303,0,55,195,21,271,164,121,260,29,574,106,2,108,682
07/16/2004,RNO,NV,AWP,WE,Towers with Radar,160,76,75,9,320,0,11,86,2,99,160,87,161,11,419,46,0,46,465
07/17/2004,RNO,NV,AWP,WE,Towers with Radar,144,54,53,6,257,0,3,126,19,148,144,57,179,25,405,92,0,92,497
07/18/2004,RNO,NV,AWP,WE,Towers with Radar,139,44,51,6,240,0,0,131,12,143,139,44,182,18,383,66,0,66,449
07/19/2004,RNO,NV,AWP,WE,Towers with Radar,151,51,51,6,259,0,24,81,8,113,151,75,132,14,372,42,0,42,414
07/20/2004,RNO,NV,AWP,WE,Towers with Radar,157,51,52,6,266,1,19,70,11,101,158,70,122,17,367,16,0,16,383
07/21/2004,RNO,NV,AWP,WE,Towers with Radar,150,49,50,5,254,12,26,100,15,153,162,75,150,20,407,60,2,62,469
07/22/2004,RNO,NV,AWP,WE,Towers with Radar,156,52,52,6,266,0,16,115,22,153,156,68,167,28,419,20,0,20,439
07/23/2004,RNO,NV,AWP,WE,Towers with Radar,160,54,55,6,275,0,31,150,17,198,160,85,205,23,473,74,0,74,547
07/24/2004,RNO,NV,AWP,WE,Towers with Radar,146,48,48,5,247,4,13,106,13,136,150,61,154,18,383,62,0,62,445
07/25/2004,RNO,NV,AWP,WE,Towers with Radar,132,43,44,5,224,3,26,112,15,156,135,69,156,20,380,50,0,50,430
07/26/2004,RNO,NV,AWP,WE,Towers with Radar,146,48,48,5,247,8,29,89,16,142,154,77,137,21,389,42,16,58,447
07/27/2004,RNO,NV,AWP,WE,Towers with Radar,154,50,51,6,261,2,22,94,15,133,156,72,145,21,394,34,0,34,428
07/28/2004,RNO,NV,AWP,WE,Towers with Radar,149,49,49,5,252,11,17,117,11,156,160,66,166,16,408,28,0,28,436
07/29/2004,RNO,NV,AWP,WE,Towers with Radar,159,52,52,6,269,0,13,113,10,136,159,65,165,16,405,46,2,48,453
07/30/2004,RNO,NV,AWP,WE,Towers with Radar,158,55,55,6,274,0,27,179,3,209,158,82,234,9,483,36,2,38,521
07/31/2004,RNO,NV,AWP,WE,Towers with Radar,125,41,42,4,212,25,4,79,13,121,150,45,121,17,333,18,4,22,355
08/01/2004,RNO,NV,AWP,WE,Towers with Radar,136,47,40,4,227,0,15,153,2,170,136,62,193,6,397,54,0,54,451
08/02/2004,RNO,NV,AWP,WE,Towers with Radar,130,44,36,4,214,24,25,60,8,117,154,69,96,12,331,34,0,34,365
08/03/2004,RNO,NV,AWP,WE,Towers with Radar,151,52,41,3,247,3,19,89,0,111,154,71,130,3,358,42,2,44,402
08/04/2004,RNO,NV,AWP,WE,Towers with Radar,156,53,43,4,256,9,37,99,6,151,165,90,142,10,407,36,0,36,443
08/05/2004,RNO,NV,AWP,WE,Towers with Radar,153,54,44,5,256,0,19,114,4,137,153,73,158,9,393,28,4,32,425
08/06/2004,RNO,NV,AWP,WE,Towers with Radar,161,55,44,4,264,4,26,115,8,153,165,81,159,12,417,28,2,30,447
08/07/2004,RNO,NV,AWP,WE,Towers with Radar,145,49,40,4,238,1,1,180,12,194,146,50,220,16,432,30,2,32,464
08/08/2004,RNO,NV,AWP,WE,Towers with Radar,138,47,38,4,227,2,19,141,0,162,140,66,179,4,389,36,0,36,425
08/09/2004,RNO,NV,AWP,WE,Towers with Radar,134,46,37,4,221,19,27,73,5,124,153,73,110,9,345,18,0,18,363
08/10/2004,RNO,NV,AWP,WE,Towers with Radar,153,52,42,4,251,0,31,113,6,150,153,83,155,10,401,62,0,62,463
08/11/2004,RNO,NV,AWP,WE,Towers with Radar,154,54,43,5,256,0,29,106,7,142,154,83,149,12,398,18,2,20,418
08/12/2004,RNO,NV,AWP,WE,Towers with Radar,158,58,47,5,268,0,36,93,6,135,158,94,140,11,403,34,0,34,437
08/13/2004,RNO,NV,AWP,WE,Towers with Radar,149,50,40,4,243,12,26,78,1,117,161,76,118,5,360,46,0,46,406
08/14/2004,RNO,NV,AWP,WE,Towers with Radar,150,49,41,3,243,5,0,128,0,133,155,49,169,3,376,66,0,66,442
08/15/2004,RNO,NV,AWP,WE,Towers with Radar,126,43,34,2,205,12,15,98,10,135,138,58,132,12,340,32,0,32,372
08/16/2004,RNO,NV,AWP,WE,Towers with Radar,144,49,39,3,235,5,34,54,12,105,149,83,93,15,340,16,4,20,360
08/17/2004,RNO,NV,AWP,WE,Towers with Radar,161,55,44,3,263,3,24,84,19,130,164,79,128,22,393,72,0,72,465
08/18/2004,RNO,NV,AWP,WE,Towers with Radar,158,55,45,3,261,0,32,96,19,147,158,87,141,22,408,46,8,54,462
08/19/2004,RNO,NV,AWP,WE,Towers with Radar,156,56,47,3,262,0,23,116,8,147,156,79,163,11,409,14,0,14,423
08/20/2004,RNO,NV,AWP,WE,Towers with Radar,164,54,46,3,267,2,22,111,3,138,166,76,157,6,405,26,0,26,431
08/21/2004,RNO,NV,AWP,WE,Towers with Radar,145,51,43,3,242,0,0,127,7,134,145,51,170,10,376,40,2,42,418
08/22/2004,RNO,NV,AWP,WE,Towers with Radar,141,47,39,3,230,0,30,88,9,127,141,77,127,12,357,12,0,12,369
08/23/2004,RNO,NV,AWP,WE,Towers with Radar,143,47,40,3,233,10,17,81,7,115,153,64,121,10,348,46,0,46,394
08/24/2004,RNO,NV,AWP,WE,Towers with Radar,140,46,39,3,228,10,21,102,14,147,150,67,141,17,375,54,0,54,429
08/25/2004,RNO,NV,AWP,WE,Towers with Radar,162,75,63,5,305,0,5,56,5,66,162,80,119,10,371,22,0,22,393
08/26/2004,RNO,NV,AWP,WE,Towers with Radar,146,48,41,3,238,13,23,56,8,100,159,71,97,11,338,18,0,18,356
08/27/2004,RNO,NV,AWP,WE,Towers with Radar,161,59,50,4,274,0,26,128,12,166,161,85,178,16,440,8,4,12,452
08/28/2004,RNO,NV,AWP,WE,Towers with Radar,128,42,36,3,209,14,7,132,15,168,142,49,168,18,377,58,4,62,439
08/29/2004,RNO,NV,AWP,WE,Towers with Radar,138,46,38,3,225,0,8,137,3,148,138,54,175,6,373,38,2,40,413
08/30/2004,RNO,NV,AWP,WE,Towers with Radar,141,47,39,3,230,3,20,84,7,114,144,67,123,10,344,6,0,6,350
08/31/2004,RNO,NV,AWP,WE,Towers with Radar,160,57,48,4,269,0,18,147,6,171,160,75,195,10,440,70,0,70,510
09/01/2004,RNO,NV,AWP,WE,Towers with Radar,143,47,55,5,250,16,30,109,3,158,159,77,164,8,408,54,0,54,462
09/02/2004,RNO,NV,AWP,WE,Towers with Radar,134,44,51,5,234,23,31,107,7,168,157,75,158,12,402,24,0,24,426
09/03/2004,RNO,NV,AWP,WE,Towers with Radar,156,57,66,5,284,0,34,175,4,213,156,91,241,9,497,44,0,44,541
09/04/2004,RNO,NV,AWP,WE,Towers with Radar,131,43,50,5,229,11,27,113,11,162,142,70,163,16,391,34,2,36,427
09/05/2004,RNO,NV,AWP,WE,Towers with Radar,118,39,45,4,206,3,6,129,4,142,121,45,174,8,348,16,0,16,364
09/06/2004,RNO,NV,AWP,WE,Towers with Radar,131,46,54,5,236,0,2,171,6,179,131,48,225,11,415,32,0,32,447
09/07/2004,RNO,NV,AWP,WE,Towers with Radar,147,49,56,5,257,5,20,56,4,85,152,69,112,9,342,4,8,12,354
09/08/2004,RNO,NV,AWP,WE,Towers with Radar,149,49,57,5,260,8,34,118,8,168,157,83,175,13,428,48,0,48,476
09/09/2004,RNO,NV,AWP,WE,Towers with Radar,133,44,51,3,231,20,33,106,11,170,153,77,157,14,401,36,4,40,441
09/10/2004,RNO,NV,AWP,WE,Towers with Radar,160,56,65,4,285,0,19,162,19,200,160,75,227,23,485,80,0,80,565
09/11/2004,RNO,NV,AWP,WE,Towers with Radar,139,46,56,4,245,0,0,147,19,166,139,46,203,23,411,84,2,86,497
09/12/2004,RNO,NV,AWP,WE,Towers with Radar,134,45,51,4,234,6,7,91,12,116,140,52,142,16,350,44,0,44,394
09/13/2004,RNO,NV,AWP,WE,Towers with Radar,154,50,58,4,266,3,20,100,8,131,157,70,158,12,397,38,0,38,435
09/14/2004,RNO,NV,AWP,WE,Towers with Radar,141,46,54,4,245,7,20,123,15,165,148,66,177,19,410,52,2,54,464
09/15/2004,RNO,NV,AWP,WE,Towers with Radar,159,51,61,5,276,2,25,150,21,198,161,76,211,26,474,66,2,68,542
09/16/2004,RNO,NV,AWP,WE,Towers with Radar,161,54,64,4,283,0,13,236,11,260,161,67,300,15,543,32,4,36,579
09/17/2004,RNO,NV,AWP,WE,Towers with Radar,161,70,83,6,320,0,5,304,21,330,161,75,387,27,650,14,0,14,664
09/18/2004,RNO,NV,AWP,WE,Towers with Radar,135,48,57,4,244,0,2,194,11,207,135,50,251,15,451,14,0,14,465
09/19/2004,RNO,NV,AWP,WE,Towers with Radar,145,56,67,5,273,0,8,162,5,175,145,64,229,10,448,20,0,20,468
09/20/2004,RNO,NV,AWP,WE,Towers with Radar,147,64,76,6,293,0,8,215,18,241,147,72,291,24,534,40,0,40,574
09/21/2004,RNO,NV,AWP,WE,Towers with Radar,140,45,54,4,243,16,36,157,13,222,156,81,211,17,465,30,0,30,495
09/22/2004,RNO,NV,AWP,WE,Towers with Radar,149,48,58,4,259,11,32,150,21,214,160,80,208,25,473,110,16,126,599
09/23/2004,RNO,NV,AWP,WE,Towers with Radar,139,45,54,4,242,17,25,127,18,187,156,70,181,22,429,72,0,72,501
09/24/2004,RNO,NV,AWP,WE,Towers with Radar,154,50,59,4,267,3,27,156,5,191,157,77,215,9,458,36,4,40,498
09/25/2004,RNO,NV,AWP,WE,Towers with Radar,123,40,48,3,214,9,11,124,6,150,132,51,172,9,364,44,0,44,408
09/26/2004,RNO,NV,AWP,WE,Towers with Radar,133,43,52,3,231,7,10,139,8,164,140,53,191,11,395,70,0,70,465
09/27/2004,RNO,NV,AWP,WE,Towers with Radar,149,49,59,4,261,0,26,105,2,133,149,75,164,6,394,28,0,28,422
09/28/2004,RNO,NV,AWP,WE,Towers with Radar,146,47,57,4,254,6,37,89,7,139,152,84,146,11,393,36,0,36,429
09/29/2004,RNO,NV,AWP,WE,Towers with Radar,145,48,55,4,252,10,26,82,8,126,155,74,137,12,378,12,2,14,392
09/30/2004,RNO,NV,AWP,WE,Towers with Radar,149,49,57,4,259,11,20,105,4,140,160,69,162,8,399,32,0,32,431
10/01/2004,RNO,NV,AWP,WE,Towers with Radar,162,57,52,4,275,0,99,134,10,243,162,156,186,14,518,36,0,36,554
10/02/2004,RNO,NV,AWP,WE,Towers with Radar,132,40,34,2,208,0,45,111,11,167,132,85,145,13,375,48,0,48,423
10/03/2004,RNO,NV,AWP,WE,Towers with Radar,137,44,57,6,244,0,48,127,10,185,137,92,184,16,429,14,0,14,443
10/04/2004,RNO,NV,AWP,WE,Towers with Radar,151,47,63,2,263,0,34,93,5,132,151,81,156,7,395,20,2,22,417
10/05/2004,RNO,NV,AWP,WE,Towers with Radar,160,52,58,7,277,0,60,114,9,183,160,112,172,16,460,34,0,34,494
10/06/2004,RNO,NV,AWP,WE,Towers with Radar,161,49,62,4,276,0,64,118,11,193,161,113,180,15,469,90,0,90,559
10/07/2004,RNO,NV,AWP,WE,Towers with Radar,155,49,47,15,266,0,62,95,8,165,155,111,142,23,431,58,2,60,491
10/08/2004,RNO,NV,AWP,WE,Towers with Radar,159,50,66,5,280,0,56,113,13,182,159,106,179,18,462,56,4,60,522
10/09/2004,RNO,NV,AWP,WE,Towers with Radar,129,40,26,3,198,0,63,53,6,122,129,103,79,9,320,36,0,36,356
10/10/2004,RNO,NV,AWP,WE,Towers with Radar,146,41,45,1,233,0,64,76,7,147,146,105,121,8,380,28,0,28,408
10/11/2004,RNO,NV,AWP,WE,Towers with Radar,149,44,60,3,256,0,76,73,5,154,149,120,133,8,410,10,0,10,420
10/12/2004,RNO,NV,AWP,WE,Towers with Radar,152,50,65,5,272,0,42,94,20,156,152,92,159,25,428,54,0,54,482
10/13/2004,RNO,NV,AWP,WE,Towers with Radar,160,52,58,7,277,0,50,108,5,163,160,102,166,12,440,38,0,38,478
10/14/2004,RNO,NV,AWP,WE,Towers with Radar,158,52,47,14,271,0,41,90,9,140,158,93,137,23,411,18,2,20,431
10/15/2004,RNO,NV,AWP,WE,Towers with Radar,156,52,70,5,283,0,45,143,5,193,156,97,213,10,476,32,2,34,510
10/16/2004,RNO,NV,AWP,WE,Towers with Radar,131,43,39,0,213,0,58,48,1,107,131,101,87,1,320,2,2,4,324
10/17/2004,RNO,NV,AWP,WE,Towers with Radar,140,49,42,1,232,0,47,12,2,61,140,96,54,3,293,2,0,2,295
10/18/2004,RNO,NV,AWP,WE,Towers with Radar,149,59,80,3,291,0,35,36,2,73,149,94,116,5,364,24,0,24,388
10/19/2004,RNO,NV,AWP,WE,Towers with Radar,158,71,54,4,287,0,28,3,0,31,158,99,57,4,318,0,0,0,318
10/20/2004,RNO,NV,AWP,WE,Towers with Radar,152,76,42,1,271,1,9,3,0,13,153,85,45,1,284,6,0,6,290
10/21/2004,RNO,NV,AWP,WE,Towers with Radar,157,63,43,4,267,0,58,77,2,137,157,121,120,6,404,40,0,40,444
10/22/2004,RNO,NV,AWP,WE,Towers with Radar,166,55,41,5,267,0,41,88,11,140,166,96,129,16,407,36,0,36,443
10/23/2004,RNO,NV,AWP,WE,Towers with Radar,133,40,46,4,223,0,54,44,0,98,133,94,90,4,321,82,0,82,403
10/24/2004,RNO,NV,AWP,WE,Towers with Radar,144,45,48,1,238,0,19,27,1,47,144,64,75,2,285,32,0,32,317
10/25/2004,RNO,NV,AWP,WE,Towers with Radar,152,66,44,6,268,0,40,44,2,86,152,106,88,8,354,14,0,14,368
10/26/2004,RNO,NV,AWP,WE,Towers with Radar,159,63,29,5,256,0,26,8,0,34,159,89,37,5,290,0,0,0,290
10/27/2004,RNO,NV,AWP,WE,Towers with Radar,153,57,52,2,264,0,56,49,2,107,153,113,101,4,371,54,0,54,425
10/28/2004,RNO,NV,AWP,WE,Towers with Radar,159,76,71,9,315,0,12,27,3,42,159,88,98,12,357,52,2,54,411
10/29/2004,RNO,NV,AWP,WE,Towers with Radar,160,54,56,3,273,0,30,77,14,121,160,84,133,17,394,50,0,50,444
10/30/2004,RNO,NV,AWP,WE,Towers with Radar,128,40,44,1,213,0,31,92,11,134,128,71,136,12,347,6,0,6,353
10/31/2004,RNO,NV,AWP,WE,Towers with Radar,137,44,57,2,240,0,42,103,5,150,137,86,160,7,390,50,0,50,440
11/01/2004,RNO,NV,AWP,WE,Combined TRACON& Tower with Radar,146,46,34,10,236,0,51,72,4,127,146,97,106,14,363,20,0,20,383
11/02/2004,RNO,NV,AWP,WE,Combined TRACON& Tower with Radar,155,42,31,1,229,0,52,72,16,140,155,94,103,17,369,48,2,50,419
11/03/2004,RNO,NV,AWP,WE,Combined TRACON& Tower with Radar,101,42,33,5,181,1,9,10,1,21,102,51,43,6,202,20,0,20,222
11/04/2004,RNO,NV,AWP,WE,Combined TRACON& Tower with Radar,155,65,58,9,287,0,78,17,7,102,155,143,75,16,389,10,12,22,411
11/05/2004,RNO,NV,AWP,WE,Combined TRACON& Tower with Radar,157,50,57,3,267,0,33,143,7,183,157,83,200,10,450,48,0,48,498
11/06/2004,RNO,NV,AWP,WE,Combined TRACON& Tower with Radar,132,67,30,6,235,0,59,149,16,224,132,126,179,22,459,130,0,130,589
11/07/2004,RNO,NV,AWP,WE,Combined TRACON& Tower with Radar,132,39,60,8,239,0,37,124,18,179,132,76,184,26,418,84,0,84,502
11/08/2004,RNO,NV,AWP,WE,Combined TRACON& Tower with Radar,154,51,33,2,240,0,31,26,1,58,154,82,59,3,298,24,0,24,322
11/09/2004,RNO,NV,AWP,WE,Combined TRACON& Tower with Radar,150,56,32,6,244,0,18,56,4,78,150,74,88,10,322,60,0,60,382
11/10/2004,RNO,NV,AWP,WE,Combined TRACON& Tower with Radar,155,73,56,4,288,0,40,34,2,76,155,113,90,6,364,18,0,18,382
11/11/2004,RNO,NV,AWP,WE,Combined TRACON& Tower with Radar,155,48,40,0,243,0,40,17,4,61,155,88,57,4,304,28,2,30,334
11/12/2004,RNO,NV,AWP,WE,Combined TRACON& Tower with Radar,156,72,86,4,318,0,39,75,1,115,156,111,161,5,433,20,0,20,453
11/13/2004,RNO,NV,AWP,WE,Combined TRACON& Tower with Radar,137,46,46,2,231,0,46,57,3,106,137,92,103,5,337,36,0,36,373
11/14/2004,RNO,NV,AWP,WE,Combined TRACON& Tower with Radar,139,50,69,2,260,0,15,78,5,98,139,65,147,7,358,32,0,32,390
11/15/2004,RNO,NV,AWP,WE,Combined TRACON& Tower with Radar,145,60,72,2,279,0,39,77,6,122,145,99,149,8,401,26,0,26,427
11/16/2004,RNO,NV,AWP,WE,Combined TRACON& Tower with Radar,156,50,62,3,271,0,34,69,9,112,156,84,131,12,383,24,0,24,407
11/17/2004,RNO,NV,AWP,WE,Combined TRACON& Tower with Radar,155,57,55,1,268,0,82,81,6,169,155,139,136,7,437,38,4,42,479
11/18/2004,RNO,NV,AWP,WE,Combined TRACON& Tower with Radar,159,52,36,5,252,0,31,68,6,105,159,83,104,11,357,10,2,12,369
11/19/2004,RNO,NV,AWP,WE,Combined TRACON& Tower with Radar,153,55,63,11,282,0,40,62,7,109,153,95,125,18,391,46,0,46,437
11/20/2004,RNO,NV,AWP,WE,Combined TRACON& Tower with Radar,135,40,49,1,225,0,47,114,11,172,135,87,163,12,397,40,0,40,437
11/21/2004,RNO,NV,AWP,WE,Combined TRACON& Tower with Radar,130,42,49,0,221,0,45,102,11,158,130,87,151,11,379,58,2,60,439
11/22/2004,RNO,NV,AWP,WE,Combined TRACON& Tower with Radar,156,48,54,1,259,0,66,70,7,143,156,114,124,8,402,36,4,40,442
11/23/2004,RNO,NV,AWP,WE,Combined TRACON& Tower with Radar,153,47,82,3,285,0,39,137,10,186,153,86,219,13,471,44,10,54,525
11/24/2004,RNO,NV,AWP,WE,Combined TRACON& Tower with Radar,156,53,41,4,254,0,81,92,5,178,156,134,133,9,432,32,0,32,464
11/25/2004,RNO,NV,AWP,WE,Combined TRACON& Tower with Radar,104,45,10,3,162,0,26,11,2,39,104,71,21,5,201,8,0,8,209
11/26/2004,RNO,NV,AWP,WE,Combined TRACON& Tower with Radar,133,47,38,0,218,0,46,86,2,134,133,93,124,2,352,28,0,28,380
11/27/2004,RNO,NV,AWP,WE,Combined TRACON& Tower with Radar,111,54,38,0,203,0,25,3,0,28,111,79,41,0,231,0,0,0,231
11/28/2004,RNO,NV,AWP,WE,Combined TRACON& Tower with Radar,145,57,78,1,281,0,29,60,0,89,145,86,138,1,370,4,0,4,374
11/29/2004,RNO,NV,AWP,WE,Combined TRACON& Tower with Radar,149,45,50,3,247,0,38,67,6,111,149,83,117,9,358,18,0,18,376
11/30/2004,RNO,NV,AWP,WE,Combined TRACON& Tower with Radar,156,51,47,0,254,0,41,51,5,97,156,92,98,5,351,38,0,38,389
12/01/2004,RNO,NV,AWP,WE,Combined TRACON& Tower with Radar,155,60,51,7,273,0,36,67,5,108,155,96,118,12,381,38,0,38,419
12/02/2004,RNO,NV,AWP,WE,Combined TRACON& Tower with Radar,153,53,50,8,264,0,63,67,10,140,153,116,117,18,404,42,0,42,446
12/03/2004,RNO,NV,AWP,WE,Combined TRACON& Tower with Radar,163,50,24,13,250,0,70,47,5,122,163,120,71,18,372,18,2,20,392
12/04/2004,RNO,NV,AWP,WE,Combined TRACON& Tower with Radar,135,38,24,1,198,0,38,42,1,81,135,76,66,2,279,36,0,36,315
12/05/2004,RNO,NV,AWP,WE,Combined TRACON& Tower with Radar,145,38,44,7,234,0,25,52,3,80,145,63,96,10,314,14,0,14,328
12/06/2004,RNO,NV,AWP,WE,Combined TRACON& Tower with Radar,148,59,58,6,271,0,20,62,3,85,148,79,120,9,356,24,0,24,380
12/07/2004,RNO,NV,AWP,WE,Combined TRACON& Tower with Radar,156,65,42,5,268,0,37,17,2,56,156,102,59,7,324,2,0,2,326
12/08/2004,RNO,NV,AWP,WE,Combined TRACON& Tower with Radar,149,73,44,7,273,0,22,4,0,26,149,95,48,7,299,16,0,16,315
12/09/2004,RNO,NV,AWP,WE,Combined TRACON& Tower with Radar,154,60,29,2,245,0,33,52,5,90,154,93,81,7,335,30,6,36,371
12/10/2004,RNO,NV,AWP,WE,Combined TRACON& Tower with Radar,165,57,73,17,312,0,101,114,17,232,165,158,187,34,544,26,6,32,576
12/11/2004,RNO,NV,AWP,WE,Combined TRACON& Tower with Radar,140,37,48,2,227,0,48,108,6,162,140,85,156,8,389,38,0,38,427
12/12/2004,RNO,NV,AWP,WE,Combined TRACON& Tower with Radar,135,40,61,9,245,0,41,111,3,155,135,81,172,12,400,50,2,52,452
12/13/2004,RNO,NV,AWP,WE,Combined TRACON& Tower with Radar,154,47,25,2,228,0,37,42,0,79,154,84,67,2,307,88,0,88,395
12/14/2004,RNO,NV,AWP,WE,Combined TRACON& Tower with Radar,160,51,58,0,269,0,61,103,4,168,160,112,161,4,437,52,0,52,489
12/15/2004,RNO,NV,AWP,WE,Combined TRACON& Tower with Radar,160,58,29,9,256,0,58,100,9,167,160,116,129,18,423,28,0,28,451
12/16/2004,RNO,NV,AWP,WE,Combined TRACON& Tower with Radar,154,54,68,8,284,0,72,73,14,159,154,126,141,22,443,40,0,40,483
12/17/2004,RNO,NV,AWP,WE,Combined TRACON& Tower with Radar,161,67,46,2,276,0,62,78,3,143,161,129,124,5,419,12,0,12,431
12/18/2004,RNO,NV,AWP,WE,Combined TRACON& Tower with Radar,159,30,37,5,231,0,9,44,0,53,159,39,81,5,284,32,2,34,318
12/19/2004,RNO,NV,AWP,WE,Combined TRACON& Tower with Radar,134,37,19,5,195,0,11,48,6,65,134,48,67,11,260,10,0,10,270
12/20/2004,RNO,NV,AWP,WE,Combined TRACON& Tower with Radar,166,68,40,8,282,0,51,44,2,97,166,119,84,10,379,12,0,12,391
12/21/2004,RNO,NV,AWP,WE,Combined TRACON& Tower with Radar,166,61,50,0,277,0,53,91,9,153,166,114,141,9,430,50,0,50,480
12/22/2004,RNO,NV,AWP,WE,Combined TRACON& Tower with Radar,171,57,38,5,271,0,101,97,3,201,171,158,135,8,472,30,0,30,502
12/23/2004,RNO,NV,AWP,WE,Combined TRACON& Tower with Radar,154,57,48,1,260,0,38,73,6,117,154,95,121,7,377,44,0,44,421
12/24/2004,RNO,NV,AWP,WE,Combined TRACON& Tower with Radar,166,45,12,1,224,0,38,50,5,93,166,83,62,6,317,4,0,4,321
12/25/2004,RNO,NV,AWP,WE,Combined TRACON& Tower with Radar,145,30,9,0,184,0,62,39,0,101,145,92,48,0,285,8,2,10,295
12/26/2004,RNO,NV,AWP,WE,Combined TRACON& Tower with Radar,147,58,49,0,254,0,35,22,1,58,147,93,71,1,312,0,0,0,312
12/27/2004,RNO,NV,AWP,WE,Combined TRACON& Tower with Radar,156,64,49,1,270,0,43,19,4,66,156,107,68,5,336,0,0,0,336
12/28/2004,RNO,NV,AWP,WE,Combined TRACON& Tower with Radar,157,58,37,0,252,0,20,3,0,23,157,78,40,0,275,16,2,18,293
12/29/2004,RNO,NV,AWP,WE,Combined TRACON& Tower with Radar,157,84,70,0,311,0,49,7,0,56,157,133,77,0,367,18,0,18,385
12/30/2004,RNO,NV,AWP,WE,Combined TRACON& Tower with Radar,154,53,31,3,241,0,1,0,0,1,154,54,31,3,242,6,0,6,248
12/31/2004,RNO,NV,AWP,WE,Combined TRACON& Tower with Radar,135,58,25,1,219,0,55,10,2,67,135,113,35,3,286,0,0,0,286
01/01/2005,RNO,NV,AWP,WE,Combined TRACON& Tower with Radar,154,67,61,2,284,0,33,21,0,54,154,100,82,2,338,6,0,6,344
01/02/2005,RNO,NV,AWP,WE,Combined TRACON& Tower with Radar,149,61,83,0,293,0,28,20,0,48,149,89,103,0,341,0,0,0,341
01/03/2005,RNO,NV,AWP,WE,Combined TRACON& Tower with Radar,145,70,55,2,272,0,19,13,0,32,145,89,68,2,304,18,0,18,322
01/04/2005,RNO,NV,AWP,WE,Combined TRACON& Tower with Radar,159,62,41,2,264,0,30,10,0,40,159,92,51,2,304,4,0,4,308
01/05/2005,RNO,NV,AWP,WE,Combined TRACON& Tower with Radar,161,74,48,9,292,0,61,45,7,113,161,135,93,16,405,52,0,52,457
01/06/2005,RNO,NV,AWP,WE,Combined TRACON& Tower with Radar,160,74,39,2,275,0,47,51,3,101,160,121,90,5,376,40,0,40,416
01/07/2005,RNO,NV,AWP,WE,Combined TRACON& Tower with Radar,121,46,17,1,185,0,11,0,0,11,121,57,17,1,196,0,0,0,196
01/08/2005,RNO,NV,AWP,WE,Combined TRACON& Tower with Radar,102,19,6,1,128,0,0,0,0,0,102,19,6,1,128,4,0,4,132
01/09/2005,RNO,NV,AWP,WE,Combined TRACON& Tower with Radar,140,40,21,0,201,0,21,4,0,25,140,61,25,0,226,0,0,0,226
01/10/2005,RNO,NV,AWP,WE,Combined TRACON& Tower with Radar,149,65,16,1,231,0,8,3,0,11,149,73,19,1,242,10,0,10,252
01/11/2005,RNO,NV,AWP,WE,Combined TRACON& Tower with Radar,152,57,29,4,242,0,44,10,0,54,152,101,39,4,296,18,0,18,314
01/12/2005,RNO,NV,AWP,WE,Combined TRACON& Tower with Radar,157,60,35,1,253,0,39,58,2,99,157,99,93,3,352,2,0,2,354
01/13/2005,RNO,NV,AWP,WE,Combined TRACON& Tower with Radar,158,60,67,1,286,0,57,48,8,113,158,117,115,9,399,8,0,8,407
01/14/2005,RNO,NV,AWP,WE,Combined TRACON& Tower with Radar,164,68,75,5,312,0,55,76,5,136,164,123,151,10,448,30,0,30,478
01/15/2005,RNO,NV,AWP,WE,Combined TRACON& Tower with Radar,142,46,40,2,230,0,36,74,7,117,142,82,114,9,347,40,2,42,389
01/16/2005,RNO,NV,AWP,WE,Combined TRACON& Tower with Radar,138,47,56,1,242,0,15,51,5,71,138,62,107,6,313,14,0,14,327
01/17/2005,RNO,NV,AWP,WE,Combined TRACON& Tower with Radar,112,47,51,1,211,0,61,30,2,93,112,108,81,3,304,4,0,4,308
01/18/2005,RNO,NV,AWP,WE,Combined TRACON& Tower with Radar,139,45,31,5,220,0,40,16,1,57,139,85,47,6,277,20,0,20,297
01/19/2005,RNO,NV,AWP,WE,Combined TRACON& Tower with Radar,140,43,35,2,220,0,10,8,1,19,140,53,43,3,239,18,0,18,257
01/20/2005,RNO,NV,AWP,WE,Combined TRACON& Tower with Radar,130,39,28,0,197,0,21,16,0,37,130,60,44,0,234,2,0,2,236
01/21/2005,RNO,NV,AWP,WE,Combined TRACON& Tower with Radar,136,41,33,6,216,0,16,30,2,48,136,57,63,8,264,18,0,18,282
01/22/2005,RNO,NV,AWP,WE,Combined TRACON& Tower with Radar,109,28,25,0,162,0,29,15,0,44,109,57,40,0,206,4,0,4,210
01/23/2005,RNO,NV,AWP,WE,Combined TRACON& Tower with Radar,118,23,21,2,164,0,0,5,0,5,118,23,26,2,169,2,0,2,171
01/24/2005,RNO,NV,AWP,WE,Combined TRACON& Tower with Radar,136,52,48,1,237,0,21,32,2,55,136,73,80,3,292,12,0,12,304
01/25/2005,RNO,NV,AWP,WE,Combined TRACON& Tower with Radar,157,100,68,6,331,0,38,13,2,53,157,138,81,8,384,6,0,6,390
01/26/2005,RNO,NV,AWP,WE,Combined TRACON& Tower with Radar,153,87,124,7,371,0,14,7,1,22,153,101,131,8,393,8,0,8,401
01/27/2005,RNO,NV,AWP,WE,Combined TRACON& Tower with Radar,161,58,94,10,323,0,16,47,6,69,161,74,141,16,392,36,2,38,430
01/28/2005,RNO,NV,AWP,WE,Combined TRACON& Tower with Radar,159,80,106,7,352,0,28,20,2,50,159,108,126,9,402,2,0,2,404
01/29/2005,RNO,NV,AWP,WE,Combined TRACON& Tower with Radar,142,64,105,5,316,0,47,121,6,174,142,111,226,11,490,42,0,42,532
01/30/2005,RNO,NV,AWP,WE,Combined TRACON& Tower with Radar,139,67,139,11,356,0,22,155,11,188,139,89,294,22,544,20,0,20,564
01/31/2005,RNO,NV,AWP,WE,Combined TRACON& Tower with Radar,160,52,51,1,264,0,31,81,6,118,160,83,132,7,382,52,2,54,436
02/01/2005,RNO,NV,AWP,WE,Combined TRACON& Tower with Radar,169,50,30,6,255,0,24,21,2,47,169,74,51,8,302,6,0,6,308
02/02/2005,RNO,NV,AWP,WE,Combined TRACON& Tower with Radar,152,51,44,4,251,0,26,34,7,67,152,77,78,11,318,6,4,10,328
02/03/2005,RNO,NV,AWP,WE,Combined TRACON& Tower with Radar,158,52,38,6,254,0,31,48,0,79,158,83,86,6,333,32,0,32,365
02/04/2005,RNO,NV,AWP,WE,Combined TRACON& Tower with Radar,159,57,76,4,296,0,56,87,2,145,159,113,163,6,441,42,0,42,483
02/05/2005,RNO,NV,AWP,WE,Combined TRACON& Tower with Radar,151,32,70,2,255,0,25,115,9,149,151,57,185,11,404,14,0,14,418
02/06/2005,RNO,NV,AWP,WE,Combined TRACON& Tower with Radar,140,35,44,3,222,0,29,14,2,45,140,64,58,5,267,28,0,28,295
02/07/2005,RNO,NV,AWP,WE,Combined TRACON& Tower with Radar,155,54,49,3,261,0,49,5,5,59,155,103,54,8,320,0,0,0,320
02/08/2005,RNO,NV,AWP,WE,Combined TRACON& Tower with Radar,160,55,57,6,278,0,32,35,3,70,160,87,92,9,348,30,0,30,378
02/09/2005,RNO,NV,AWP,WE,Combined TRACON& Tower with Radar,162,60,54,11,287,0,49,64,9,122,162,109,118,20,409,26,0,26,435
02/10/2005,RNO,NV,AWP,WE,Combined TRACON& Tower with Radar,168,52,50,1,271,0,52,81,6,139,168,104,131,7,410,38,2,40,450
02/11/2005,RNO,NV,AWP,WE,Combined TRACON& Tower with Radar,154,55,48,5,262,0,19,50,8,77,154,74,98,13,339,22,2,24,363
02/12/2005,RNO,NV,AWP,WE,Combined TRACON& Tower with Radar,151,38,35,3,227,0,53,65,1,119,151,91,100,4,346,32,0,32,378
02/13/2005,RNO,NV,AWP,WE,Combined TRACON& Tower with Radar,144,39,58,4,245,0,31,39,6,76,144,70,97,10,321,42,0,42,363
02/14/2005,RNO,NV,AWP,WE,Combined TRACON& Tower with Radar,156,59,35,2,252,0,21,29,2,52,156,80,64,4,304,30,0,30,334
02/15/2005,RNO,NV,AWP,WE,Combined TRACON& Tower with Radar,158,73,54,7,292,0,13,2,1,16,158,86,56,8,308,0,2,2,310
02/16/2005,RNO,NV,AWP,WE,Combined TRACON& Tower with Radar,153,87,70,5,315,0,34,5,0,39,153,121,75,5,354,2,0,2,356
02/17/2005,RNO,NV,AWP,WE,Combined TRACON& Tower with Radar,166,72,67,2,307,0,38,45,5,88,166,110,112,7,395,40,6,46,441
02/18/2005,RNO,NV,AWP,WE,Combined TRACON& Tower with Radar,155,82,78,2,317,0,31,15,0,46,155,113,93,2,363,0,0,0,363
02/19/2005,RNO,NV,AWP,WE,Combined TRACON& Tower with Radar,147,51,73,1,272,0,36,52,2,90,147,87,125,3,362,26,0,26,388
02/20/2005,RNO,NV,AWP,WE,Combined TRACON& Tower with Radar,141,55,50,1,247,0,34,32,0,66,141,89,82,1,313,22,0,22,335
02/21/2005,RNO,NV,AWP,WE,Combined TRACON& Tower with Radar,149,64,57,1,271,0,20,3,0,23,149,84,60,1,294,0,0,0,294
02/22/2005,RNO,NV,AWP,WE,Combined TRACON& Tower with Radar,182,88,70,3,343,0,7,1,0,8,182,95,71,3,351,2,2,4,355
02/23/2005,RNO,NV,AWP,WE,Combined TRACON& Tower with Radar,165,84,64,5,318,0,30,27,3,60,165,114,91,8,378,18,8,26,404
02/24/2005,RNO,NV,AWP,WE,Combined TRACON& Tower with Radar,161,61,48,6,276,0,50,97,12,159,161,111,145,18,435,110,0,110,545
02/25/2005,RNO,NV,AWP,WE,Combined TRACON& Tower with Radar,163,71,68,6,308,0,43,96,4,143,163,114,164,10,451,32,2,34,485
02/26/2005,RNO,NV,AWP,WE,Combined TRACON& Tower with Radar,141,50,50,3,244,0,49,108,11,168,141,99,158,14,412,24,2,26,438
02/27/2005,RNO,NV,AWP,WE,Combined TRACON& Tower with Radar,146,57,72,3,278,0,42,84,7,133,146,99,156,10,411,44,0,44,455
02/28/2005,RNO,NV,AWP,WE,Combined TRACON& Tower with Radar,154,56,45,8,263,0,37,49,9,95,154,93,94,17,358,14,2,16,374
03/01/2005,RNO,NV,AWP,WE,Combined TRACON& Tower with Radar,160,56,52,3,271,0,62,57,8,127,160,118,109,11,398,30,4,34,432
03/02/2005,RNO,NV,AWP,WE,Combined TRACON& Tower with Radar,168,68,37,6,279,0,78,39,6,123,168,146,76,12,402,24,0,24,426
03/03/2005,RNO,NV,AWP,WE,Combined TRACON& Tower with Radar,173,48,54,2,277,0,48,104,8,160,173,96,158,10,437,68,0,68,505
03/04/2005,RNO,NV,AWP,WE,Combined TRACON& Tower with Radar,167,61,77,9,314,0,39,83,4,126,167,100,160,13,440,22,0,22,462
03/05/2005,RNO,NV,AWP,WE,Combined TRACON& Tower with Radar,153,32,45,2,232,0,35,111,4,150,153,67,156,6,382,42,0,42,424
03/06/2005,RNO,NV,AWP,WE,Combined TRACON& Tower with Radar,143,37,61,6,247,0,48,129,8,185,143,85,190,14,432,28,2,30,462
03/07/2005,RNO,NV,AWP,WE,Combined TRACON& Tower with Radar,150,60,47,2,259,0,79,76,5,160,150,139,123,7,419,16,0,16,435
03/08/2005,RNO,NV,AWP,WE,Combined TRACON& Tower with Radar,165,75,53,2,295,0,58,96,8,162,165,133,149,10,457,16,2,18,475
03/09/2005,RNO,NV,AWP,WE,Combined TRACON& Tower with Radar,163,70,29,5,267,0,61,74,5,140,163,131,103,10,407,40,0,40,447
03/10/2005,RNO,NV,AWP,WE,Combined TRACON& Tower with Radar,161,62,30,3,256,0,72,121,6,199,161,134,151,9,455,40,0,40,495
03/11/2005,RNO,NV,AWP,WE,Combined TRACON& Tower with Radar,166,58,45,4,273,0,95,122,2,219,166,153,167,6,492,6,2,8,500
03/12/2005,RNO,NV,AWP,WE,Combined TRACON& Tower with Radar,140,42,47,4,233,0,55,139,3,197,140,97,186,7,430,26,2,28,458
03/13/2005,RNO,NV,AWP,WE,Combined TRACON& Tower with Radar,141,38,77,4,260,0,42,158,9,209,141,80,235,13,469,52,2,54,523
03/14/2005,RNO,NV,AWP,WE,Combined TRACON& Tower with Radar,156,58,47,4,265,0,41,64,8,113,156,99,111,12,378,38,0,38,416
03/15/2005,RNO,NV,AWP,WE,Combined TRACON& Tower with Radar,166,59,78,13,316,0,70,129,19,218,166,129,207,32,534,42,2,44,578
03/16/2005,RNO,NV,AWP,WE,Combined TRACON& Tower with Radar,166,71,69,1,307,0,78,63,6,147,166,149,132,7,454,18,0,18,472
03/17/2005,RNO,NV,AWP,WE,Combined TRACON& Tower with Radar,162,69,61,3,295,0,49,37,10,96,162,118,98,13,391,18,0,18,409
03/18/2005,RNO,NV,AWP,WE,Combined TRACON& Tower with Radar,159,68,53,6,286,2,59,71,4,136,161,127,124,10,422,38,2,40,462
03/19/2005,RNO,NV,AWP,WE,Combined TRACON& Tower with Radar,141,54,54,0,249,0,43,11,1,55,141,97,65,1,304,0,0,0,304
03/20/2005,RNO,NV,AWP,WE,Combined TRACON& Tower with Radar,145,39,42,1,227,0,24,10,0,34,145,63,52,1,261,0,0,0,261
03/21/2005,RNO,NV,AWP,WE,Combined TRACON& Tower with Radar,164,68,35,3,270,0,32,62,2,96,164,100,97,5,366,10,0,10,376
03/22/2005,RNO,NV,AWP,WE,Combined TRACON& Tower with Radar,165,75,46,4,290,0,18,5,0,23,165,93,51,4,313,4,0,4,317
03/23/2005,RNO,NV,AWP,WE,Combined TRACON& Tower with Radar,162,85,37,5,289,0,53,32,1,86,162,138,69,6,375,46,2,48,423
03/24/2005,RNO,NV,AWP,WE,Combined TRACON& Tower with Radar,165,71,59,2,297,0,24,46,0,70,165,95,105,2,367,38,0,38,405
03/25/2005,RNO,NV,AWP,WE,Combined TRACON& Tower with Radar,166,64,70,1,301,0,56,87,8,151,166,120,157,9,452,28,0,28,480
03/26/2005,RNO,NV,AWP,WE,Combined TRACON& Tower with Radar,147,53,48,2,250,0,54,106,8,168,147,107,154,10,418,34,0,34,452
03/27/2005,RNO,NV,AWP,WE,Combined TRACON& Tower with Radar,141,44,33,1,219,0,19,19,2,40,141,63,52,3,259,0,0,0,259
03/28/2005,RNO,NV,AWP,WE,Combined TRACON& Tower with Radar,156,62,52,5,275,0,34,19,1,54,156,96,71,6,329,0,2,2,331
03/29/2005,RNO,NV,AWP,WE,Combined TRACON& Tower with Radar,165,80,53,4,302,0,23,12,2,37,165,103,65,6,339,0,0,0,339
03/30/2005,RNO,NV,AWP,WE,Combined TRACON& Tower with Radar,162,55,44,8,269,0,46,81,10,137,162,101,125,18,406,10,0,10,416
03/31/2005,RNO,NV,AWP,WE,Combined TRACON& Tower with Radar,162,53,48,5,268,0,62,121,11,194,162,115,169,16,462,38,2,40,502
04/01/2005,RNO,NV,AWP,WE,Combined TRACON& Tower with Radar,163,53,56,1,273,0,38,100,13,151,163,91,156,14,424,24,0,24,448
04/02/2005,RNO,NV,AWP,WE,Combined TRACON& Tower with Radar,153,45,43,4,245,0,58,122,13,193,153,103,165,17,438,24,0,24,462
04/03/2005,RNO,NV,AWP,WE,Combined TRACON& Tower with Radar,151,41,45,1,238,0,16,30,0,46,151,57,75,1,284,6,0,6,290
04/04/2005,RNO,NV,AWP,WE,Combined TRACON& Tower with Radar,153,54,41,3,251,0,51,66,5,122,153,105,107,8,373,20,0,20,393
04/05/2005,RNO,NV,AWP,WE,Combined TRACON& Tower with Radar,160,46,41,8,255,0,51,94,13,158,160,97,135,21,413,24,0,24,437
04/06/2005,RNO,NV,AWP,WE,Combined TRACON& Tower with Radar,159,49,28,4,240,0,45,110,9,164,159,94,138,13,404,74,2,76,480
04/07/2005,RNO,NV,AWP,WE,Combined TRACON& Tower with Radar,160,55,44,3,262,0,27,15,3,45,160,82,59,6,307,0,0,0,307
04/08/2005,RNO,NV,AWP,WE,Combined TRACON& Tower with Radar,168,69,78,9,324,0,31,25,1,57,168,100,103,10,381,2,0,2,383
04/09/2005,RNO,NV,AWP,WE,Combined TRACON& Tower with Radar,134,47,41,1,223,0,49,59,2,110,134,96,100,3,333,56,0,56,389
04/10/2005,RNO,NV,AWP,WE,Combined TRACON& Tower with Radar,127,40,51,15,233,0,55,142,6,203,127,95,193,21,436,30,2,32,468
04/11/2005,RNO,NV,AWP,WE,Combined TRACON& Tower with Radar,151,42,82,7,282,0,71,116,9,196,151,113,198,16,478,48,0,48,526
04/12/2005,RNO,NV,AWP,WE,Combined TRACON& Tower with Radar,161,53,52,5,271,0,39,42,4,85,161,92,94,9,356,0,0,0,356
04/13/2005,RNO,NV,AWP,WE,Combined TRACON& Tower with Radar,165,53,46,7,271,0,81,45,5,131,165,134,91,12,402,14,0,14,416
04/14/2005,RNO,NV,AWP,WE,Combined TRACON& Tower with Radar,165,55,71,3,294,0,46,128,7,181,165,101,199,10,475,56,4,60,535
04/15/2005,RNO,NV,AWP,WE,Combined TRACON& Tower with Radar,162,46,74,12,294,0,43,138,11,192,162,89,212,23,486,52,0,52,538
04/16/2005,RNO,NV,AWP,WE,Combined TRACON& Tower with Radar,134,56,65,12,267,0,48,130,3,181,134,104,195,15,448,50,0,50,498
04/17/2005,RNO,NV,AWP,WE,Combined TRACON& Tower with Radar,136,46,57,2,241,0,50,64,5,119,136,96,121,7,360,6,0,6,366
04/18/2005,RNO,NV,AWP,WE,Combined TRACON& Tower with Radar,151,70,48,6,275,0,35,39,2,76,151,105,87,8,351,20,4,24,375
04/19/2005,RNO,NV,AWP,WE,Combined TRACON& Tower with Radar,162,78,50,4,294,0,50,22,2,74,162,128,72,6,368,6,6,12,380
04/20/2005,RNO,NV,AWP,WE,Combined TRACON& Tower with Radar,160,58,59,2,279,0,41,66,11,118,160,99,125,13,397,14,0,14,411
04/21/2005,RNO,NV,AWP,WE,Combined TRACON& Tower with Radar,170,71,59,5,305,0,51,92,4,147,170,122,151,9,452,14,0,14,466
04/22/2005,RNO,NV,AWP,WE,Combined TRACON& Tower with Radar,166,54,63,5,288,0,42,125,6,173,166,96,188,11,461,24,0,24,485
04/23/2005,RNO,NV,AWP,WE,Combined TRACON& Tower with Radar,131,40,48,3,222,0,23,55,1,79,131,63,103,4,301,10,2,12,313
04/24/2005,RNO,NV,AWP,WE,Combined TRACON& Tower with Radar,150,46,62,0,258,0,40,71,1,112,150,86,133,1,370,16,0,16,386
04/25/2005,RNO,NV,AWP,WE,Combined TRACON& Tower with Radar,153,58,45,0,256,0,42,84,4,130,153,100,129,4,386,86,0,86,472
04/26/2005,RNO,NV,AWP,WE,Combined TRACON& Tower with Radar,160,50,47,0,257,0,52,98,9,159,160,102,145,9,416,58,0,58,474
04/27/2005,RNO,NV,AWP,WE,Combined TRACON& Tower with Radar,161,65,40,6,272,0,38,11,7,56,161,103,51,13,328,16,0,16,344
04/28/2005,RNO,NV,AWP,WE,Combined TRACON& Tower with Radar,167,69,55,6,297,0,31,42,3,76,167,100,97,9,373,22,0,22,395
04/29/2005,RNO,NV,AWP,WE,Combined TRACON& Tower with Radar,169,55,59,1,284,0,38,87,3,128,169,93,146,4,412,26,0,26,438
04/30/2005,RNO,NV,AWP,WE,Combined TRACON& Tower with Radar,132,44,36,1,213,0,47,77,6,130,132,91,113,7,343,36,0,36,379
05/01/2005,RNO,NV,AWP,WE,Combined TRACON& Tower with Radar,135,44,45,1,225,0,40,38,1,79,135,84,83,2,304,34,0,34,338
05/02/2005,RNO,NV,AWP,WE,Combined TRACON& Tower with Radar,153,44,36,2,235,0,45,50,8,103,153,89,86,10,338,14,0,14,352
05/03/2005,RNO,NV,AWP,WE,Combined TRACON& Tower with Radar,152,50,51,1,254,0,27,117,7,151,152,77,168,8,405,84,0,84,489
05/04/2005,RNO,NV,AWP,WE,Combined TRACON& Tower with Radar,161,64,66,4,295,0,54,49,3,106,161,118,115,7,401,52,0,52,453
05/05/2005,RNO,NV,AWP,WE,Combined TRACON& Tower with Radar,152,68,54,5,279,0,13,17,3,33,152,81,71,8,312,4,4,8,320
05/06/2005,RNO,NV,AWP,WE,Combined TRACON& Tower with Radar,168,66,45,0,279,0,22,28,2,52,168,88,73,2,331,6,0,6,337
05/07/2005,RNO,NV,AWP,WE,Combined TRACON& Tower with Radar,131,41,57,1,230,0,57,95,12,164,131,98,152,13,394,68,0,68,462
05/08/2005,RNO,NV,AWP,WE,Combined TRACON& Tower with Radar,134,29,52,0,215,0,29,21,0,50,134,58,73,0,265,16,0,16,281
05/09/2005,RNO,NV,AWP,WE,Combined TRACON& Tower with Radar,152,73,56,3,284,0,31,32,1,64,152,104,88,4,348,0,0,0,348
05/10/2005,RNO,NV,AWP,WE,Combined TRACON& Tower with Radar,157,61,69,2,289,0,39,20,5,64,157,100,89,7,353,34,0,34,387
05/11/2005,RNO,NV,AWP,WE,Combined TRACON& Tower with Radar,158,57,67,6,288,0,32,83,7,122,158,89,150,13,410,22,0,22,432
05/12/2005,RNO,NV,AWP,WE,Combined TRACON& Tower with Radar,133,36,63,3,235,0,33,122,10,165,133,69,185,13,400,70,0,70,470
05/13/2005,RNO,NV,AWP,WE,Combined TRACON& Tower with Radar,167,54,92,3,316,0,53,153,9,215,167,107,245,12,531,70,4,74,605
05/14/2005,RNO,NV,AWP,WE,Combined TRACON& Tower with Radar,132,42,46,4,224,0,49,148,13,210,132,91,194,17,434,50,0,50,484
05/15/2005,RNO,NV,AWP,WE,Combined TRACON& Tower with Radar,137,39,71,5,252,0,35,85,3,123,137,74,156,8,375,30,0,30,405
05/16/2005,RNO,NV,AWP,WE,Combined TRACON& Tower with Radar,155,65,38,2,260,0,52,12,1,65,155,117,50,3,325,2,0,2,327
05/17/2005,RNO,NV,AWP,WE,Combined TRACON& Tower with Radar,163,55,53,3,274,0,79,70,6,155,163,134,123,9,429,40,0,40,469
05/18/2005,RNO,NV,AWP,WE,Combined TRACON& Tower with Radar,159,60,64,4,287,0,40,17,5,62,159,100,81,9,349,2,0,2,351
05/19/2005,RNO,NV,AWP,WE,Combined TRACON& Tower with Radar,159,57,52,7,275,0,55,68,6,129,159,112,120,13,404,2,10,12,416
05/20/2005,RNO,NV,AWP,WE,Combined TRACON& Tower with Radar,166,59,55,4,284,0,65,74,3,142,166,124,129,7,426,18,0,18,444
05/21/2005,RNO,NV,AWP,WE,Combined TRACON& Tower with Radar,135,38,51,1,225,0,59,173,7,239,135,97,224,8,464,62,2,64,528
05/22/2005,RNO,NV,AWP,WE,Combined TRACON& Tower with Radar,136,46,32,1,215,0,23,131,6,160,136,69,163,7,375,62,0,62,437
05/23/2005,RNO,NV,AWP,WE,Combined TRACON& Tower with Radar,155,52,46,2,255,0,51,95,5,151,155,103,141,7,406,100,0,100,506
05/24/2005,RNO,NV,AWP,WE,Combined TRACON& Tower with Radar,155,41,64,4,264,0,59,104,3,166,155,100,168,7,430,46,2,48,478
05/25/2005,RNO,NV,AWP,WE,Combined TRACON& Tower with Radar,158,45,73,6,282,0,57,133,5,195,158,102,206,11,477,38,6,44,521
05/26/2005,RNO,NV,AWP,WE,Combined TRACON& Tower with Radar,154,52,69,0,275,0,50,131,18,199,154,102,200,18,474,32,0,32,506
05/27/2005,RNO,NV,AWP,WE,Combined TRACON& Tower with Radar,157,58,57,3,275,0,59,148,12,219,157,117,205,15,494,18,0,18,512
05/28/2005,RNO,NV,AWP,WE,Combined TRACON& Tower with Radar,127,46,57,0,230,0,56,126,11,193,127,102,183,11,423,60,0,60,483
05/29/2005,RNO,NV,AWP,WE,Combined TRACON& Tower with Radar,121,48,48,0,217,0,39,79,4,122,121,87,127,4,339,30,0,30,369
05/30/2005,RNO,NV,AWP,WE,Combined TRACON& Tower with Radar,125,35,64,0,224,0,55,105,15,175,125,90,169,15,399,84,0,84,483
05/31/2005,RNO,NV,AWP,WE,Combined TRACON& Tower with Radar,153,48,78,0,279,0,56,128,7,191,153,104,206,7,470,54,0,54,524
06/01/2005,RNO,NV,AWP,WE,Combined TRACON& Tower with Radar,156,49,45,3,253,0,50,98,13,161,156,99,143,16,414,64,0,64,478
06/02/2005,RNO,NV,AWP,WE,Combined TRACON& Tower with Radar,161,49,59,2,271,0,49,114,11,174,161,98,173,13,445,42,0,42,487
06/03/2005,RNO,NV,AWP,WE,Combined TRACON& Tower with Radar,161,54,35,3,253,0,89,151,17,257,161,143,186,20,510,42,0,42,552
06/04/2005,RNO,NV,AWP,WE,Combined TRACON& Tower with Radar,133,42,46,1,222,0,78,147,14,239,133,120,193,15,461,80,0,80,541
06/05/2005,RNO,NV,AWP,WE,Combined TRACON& Tower with Radar,141,38,55,3,237,0,26,107,4,137,141,64,162,7,374,12,0,12,386
06/06/2005,RNO,NV,AWP,WE,Combined TRACON& Tower with Radar,154,47,68,6,275,0,35,74,4,113,154,82,142,10,388,18,0,18,406
06/07/2005,RNO,NV,AWP,WE,Combined TRACON& Tower with Radar,164,47,72,7,290,0,64,145,13,222,164,111,217,20,512,98,6,104,616
06/08/2005,RNO,NV,AWP,WE,Combined TRACON& Tower with Radar,164,67,62,7,300,0,30,14,2,46,164,97,76,9,346,46,8,54,400
06/09/2005,RNO,NV,AWP,WE,Combined TRACON& Tower with Radar,169,66,78,2,315,0,42,57,1,100,169,108,135,3,415,48,0,48,463
06/10/2005,RNO,NV,AWP,WE,Combined TRACON& Tower with Radar,168,57,72,9,306,0,75,124,9,208,168,132,196,18,514,70,2,72,586
06/11/2005,RNO,NV,AWP,WE,Combined TRACON& Tower with Radar,153,45,55,4,257,0,36,129,5,170,153,81,184,9,427,28,0,28,455
06/12/2005,RNO,NV,AWP,WE,Combined TRACON& Tower with Radar,149,44,66,8,267,0,34,120,8,162,149,78,186,16,429,64,4,68,497
06/13/2005,RNO,NV,AWP,WE,Combined TRACON& Tower with Radar,156,57,41,1,255,0,71,90,7,168,156,128,131,8,423,80,0,80,503
06/14/2005,RNO,NV,AWP,WE,Combined TRACON& Tower with Radar,173,52,52,0,277,0,74,106,14,194,173,126,158,14,471,12,0,12,483
06/15/2005,RNO,NV,AWP,WE,Combined TRACON& Tower with Radar,163,46,61,5,275,0,80,123,13,216,163,126,184,18,491,34,6,40,531
06/16/2005,RNO,NV,AWP,WE,Combined TRACON& Tower with Radar,160,50,36,6,252,0,58,68,9,135,160,108,104,15,387,20,0,20,407
06/17/2005,RNO,NV,AWP,WE,Combined TRACON& Tower with Radar,163,56,47,5,271,0,42,42,2,86,163,98,89,7,357,36,2,38,395
06/18/2005,RNO,NV,AWP,WE,Combined TRACON& Tower with Radar,162,44,30,2,238,0,38,49,3,90,162,82,79,5,328,8,0,8,336
06/19/2005,RNO,NV,AWP,WE,Combined TRACON& Tower with Radar,147,36,39,5,227,0,37,104,8,149,147,73,143,13,376,8,0,8,384
06/20/2005,RNO,NV,AWP,WE,Combined TRACON& Tower with Radar,151,51,32,0,234,0,51,59,2,112,151,102,91,2,346,58,0,58,404
06/21/2005,RNO,NV,AWP,WE,Combined TRACON& Tower with Radar,163,51,49,1,264,0,57,75,4,136,163,108,124,5,400,10,0,10,410
06/22/2005,RNO,NV,AWP,WE,Combined TRACON& Tower with Radar,162,57,52,1,272,0,92,86,7,185,162,149,138,8,457,40,0,40,497
06/23/2005,RNO,NV,AWP,WE,Combined TRACON& Tower with Radar,165,46,42,8,261,0,75,132,7,214,165,121,174,15,475,52,0,52,527
06/24/2005,RNO,NV,AWP,WE,Combined TRACON& Tower with Radar,174,72,46,6,298,0,66,127,7,200,174,138,173,13,498,26,2,28,526
06/25/2005,RNO,NV,AWP,WE,Combined TRACON& Tower with Radar,153,47,38,6,244,0,38,86,11,135,153,85,124,17,379,28,0,28,407
06/26/2005,RNO,NV,AWP,WE,Combined TRACON& Tower with Radar,149,47,37,1,234,0,16,102,3,121,149,63,139,4,355,20,0,20,375
06/27/2005,RNO,NV,AWP,WE,Combined TRACON& Tower with Radar,156,48,23,0,227,0,38,60,4,102,156,86,83,4,329,10,0,10,339
06/28/2005,RNO,NV,AWP,WE,Combined TRACON& Tower with Radar,178,50,40,4,272,0,67,90,3,160,178,117,130,7,432,32,0,32,464
06/29/2005,RNO,NV,AWP,WE,Combined TRACON& Tower with Radar,168,49,43,3,263,0,89,99,12,200,168,138,142,15,463,12,0,12,475
06/30/2005,RNO,NV,AWP,WE,Combined TRACON& Tower with Radar,159,46,54,5,264,0,39,108,20,167,159,85,162,25,431,22,10,32,463
07/01/2005,RNO,NV,AWP,WE,Combined TRACON& Tower with Radar,165,44,52,1,262,0,65,113,7,185,165,109,165,8,447,36,0,36,483
07/02/2005,RNO,NV,AWP,WE,Combined TRACON& Tower with Radar,155,42,42,3,242,0,59,86,16,161,155,101,128,19,403,46,0,46,449
07/03/2005,RNO,NV,AWP,WE,Combined TRACON& Tower with Radar,138,40,48,3,229,0,36,102,13,151,138,76,150,16,380,10,2,12,392
07/04/2005,RNO,NV,AWP,WE,Combined TRACON& Tower with Radar,138,33,29,0,200,0,53,80,8,141,138,86,109,8,341,8,2,10,351
07/05/2005,RNO,NV,AWP,WE,Combined TRACON& Tower with Radar,162,46,50,3,261,0,75,105,13,193,162,121,155,16,454,20,2,22,476
07/06/2005,RNO,NV,AWP,WE,Combined TRACON& Tower with Radar,154,44,33,0,231,0,60,106,17,183,154,104,139,17,414,22,0,22,436
07/07/2005,RNO,NV,AWP,WE,Combined TRACON& Tower with Radar,161,46,38,2,247,0,62,108,11,181,161,108,146,13,428,50,0,50,478
07/08/2005,RNO,NV,AWP,WE,Combined TRACON& Tower with Radar,163,46,40,4,253,0,68,120,5,193,163,114,160,9,446,20,2,22,468
07/09/2005,RNO,NV,AWP,WE,Combined TRACON& Tower with Radar,159,40,50,2,251,0,50,135,4,189,159,90,185,6,440,44,0,44,484
07/10/2005,RNO,NV,AWP,WE,Combined TRACON& Tower with Radar,143,48,48,2,241,0,39,120,12,171,143,87,168,14,412,50,0,50,462
07/11/2005,RNO,NV,AWP,WE,Combined TRACON& Tower with Radar,158,38,40,5,241,0,38,92,15,145,158,76,132,20,386,4,2,6,392
07/12/2005,RNO,NV,AWP,WE,Combined TRACON& Tower with Radar,161,48,62,1,272,0,27,116,14,157,161,75,178,15,429,24,0,24,453
07/13/2005,RNO,NV,AWP,WE,Combined TRACON& Tower with Radar,165,49,46,3,263,0,102,94,5,201,165,151,140,8,464,12,0,12,476
07/14/2005,RNO,NV,AWP,WE,Combined TRACON& Tower with Radar,163,40,68,4,275,0,61,139,7,207,163,101,207,11,482,42,2,44,526
07/15/2005,RNO,NV,AWP,WE,Combined TRACON& Tower with Radar,162,49,47,1,259,0,55,108,15,178,162,104,155,16,437,14,0,14,451
07/16/2005,RNO,NV,AWP,WE,Combined TRACON& Tower with Radar,158,42,38,1,239,0,94,99,6,199,158,136,137,7,438,18,0,18,456
07/17/2005,RNO,NV,AWP,WE,Combined TRACON& Tower with Radar,141,49,61,1,252,0,42,154,3,199,141,91,215,4,451,44,0,44,495
07/18/2005,RNO,NV,AWP,WE,Combined TRACON& Tower with Radar,158,43,37,0,238,0,53,112,13,178,158,96,149,13,416,38,0,38,454
07/19/2005,RNO,NV,AWP,WE,Combined TRACON& Tower with Radar,161,55,48,0,264,0,88,107,27,222,161,143,155,27,486,28,4,32,518
07/20/2005,RNO,NV,AWP,WE,Combined TRACON& Tower with Radar,166,53,41,1,261,1,77,131,15,224,167,130,172,16,485,54,0,54,539
07/21/2005,RNO,NV,AWP,WE,Combined TRACON& Tower with Radar,161,55,64,3,283,0,49,171,11,231,161,104,235,14,514,62,0,62,576
07/22/2005,RNO,NV,AWP,WE,Combined TRACON& Tower with Radar,169,49,58,5,281,0,72,197,20,289,169,121,255,25,570,84,8,92,662
07/23/2005,RNO,NV,AWP,WE,Combined TRACON& Tower with Radar,155,41,30,1,227,0,62,153,18,233,155,103,183,19,460,66,0,66,526
07/24/2005,RNO,NV,AWP,WE,Combined TRACON& Tower with Radar,145,44,40,1,230,0,21,137,8,166,145,65,177,9,396,24,0,24,420
07/25/2005,RNO,NV,AWP,WE,Combined TRACON& Tower with Radar,153,49,34,1,237,0,55,75,8,138,153,104,109,9,375,48,0,48,423
07/26/2005,RNO,NV,AWP,WE,Combined TRACON& Tower with Radar,166,58,34,3,261,0,65,95,13,173,166,123,129,16,434,80,2,82,516
07/27/2005,RNO,NV,AWP,WE,Combined TRACON& Tower with Radar,166,49,41,2,258,0,57,122,22,201,166,106,163,24,459,24,0,24,483
07/28/2005,RNO,NV,AWP,WE,Combined TRACON& Tower with Radar,168,54,40,3,265,0,70,80,14,164,168,124,120,17,429,0,0,0,429
07/29/2005,RNO,NV,AWP,WE,Combined TRACON& Tower with Radar,171,65,60,6,302,0,44,107,14,165,171,109,167,20,467,52,0,52,519
07/30/2005,RNO,NV,AWP,WE,Combined TRACON& Tower with Radar,156,57,52,2,267,0,105,104,7,216,156,162,156,9,483,28,0,28,511
07/31/2005,RNO,NV,AWP,WE,Combined TRACON& Tower with Radar,144,51,49,0,244,0,33,108,10,151,144,84,157,10,395,24,0,24,419
08/01/2005,RNO,NV,AWP,WE,Combined TRACON& Tower with Radar,159,55,41,0,255,0,40,108,16,164,159,95,149,16,419,42,0,42,461
08/02/2005,RNO,NV,AWP,WE,Combined TRACON& Tower with Radar,159,47,45,1,252,0,32,86,10,128,159,79,131,11,380,42,0,42,422
08/03/2005,RNO,NV,AWP,WE,Combined TRACON& Tower with Radar,172,53,58,0,283,0,70,111,12,193,172,123,169,12,476,66,2,68,544
08/04/2005,RNO,NV,AWP,WE,Combined TRACON& Tower with Radar,166,50,59,3,278,0,50,119,13,182,166,100,178,16,460,38,2,40,500
08/05/2005,RNO,NV,AWP,WE,Combined TRACON& Tower with Radar,169,47,60,2,278,0,58,139,7,204,169,105,199,9,482,26,0,26,508
08/06/2005,RNO,NV,AWP,WE,Combined TRACON& Tower with Radar,160,46,38,2,246,0,61,98,6,165,160,107,136,8,411,16,2,18,429
08/07/2005,RNO,NV,AWP,WE,Combined TRACON& Tower with Radar,144,42,40,1,227,0,19,103,4,126,144,61,143,5,353,28,0,28,381
08/08/2005,RNO,NV,AWP,WE,Combined TRACON& Tower with Radar,157,44,37,2,240,0,46,80,7,133,157,90,117,9,373,22,0,22,395
08/09/2005,RNO,NV,AWP,WE,Combined TRACON& Tower with Radar,159,46,38,4,247,0,56,92,7,155,159,102,130,11,402,12,0,12,414
08/10/2005,RNO,NV,AWP,WE,Combined TRACON& Tower with Radar,170,55,31,6,262,0,89,108,8,205,170,144,139,14,467,28,14,42,509
08/11/2005,RNO,NV,AWP,WE,Combined TRACON& Tower with Radar,163,51,42,7,263,0,62,101,8,171,163,113,143,15,434,46,0,46,480
08/12/2005,RNO,NV,AWP,WE,Combined TRACON& Tower with Radar,165,58,52,3,278,0,50,122,9,181,165,108,174,12,459,12,0,12,471
08/13/2005,RNO,NV,AWP,WE,Combined TRACON& Tower with Radar,154,42,46,2,244,0,84,141,14,239,154,126,187,16,483,38,0,38,521
08/14/2005,RNO,NV,AWP,WE,Combined TRACON& Tower with Radar,132,39,52,4,227,0,41,125,9,175,132,80,177,13,402,42,0,42,444
08/15/2005,RNO,NV,AWP,WE,Combined TRACON& Tower with Radar,163,42,54,4,263,0,37,80,4,121,163,79,134,8,384,44,0,44,428
08/16/2005,RNO,NV,AWP,WE,Combined TRACON& Tower with Radar,166,52,49,3,270,0,40,75,11,126,166,92,124,14,396,44,0,44,440
08/17/2005,RNO,NV,AWP,WE,Combined TRACON& Tower with Radar,164,55,53,3,275,0,63,102,11,176,164,118,155,14,451,26,0,26,477
08/18/2005,RNO,NV,AWP,WE,Combined TRACON& Tower with Radar,162,58,46,2,268,0,42,151,15,208,162,100,197,17,476,50,0,50,526
08/19/2005,RNO,NV,AWP,WE,Combined TRACON& Tower with Radar,166,63,28,3,260,0,58,140,5,203,166,121,168,8,463,30,0,30,493
08/20/2005,RNO,NV,AWP,WE,Combined TRACON& Tower with Radar,150,48,51,3,252,0,33,138,7,178,150,81,189,10,430,30,2,32,462
08/21/2005,RNO,NV,AWP,WE,Combined TRACON& Tower with Radar,145,45,46,2,238,0,40,143,6,189,145,85,189,8,427,46,0,46,473
08/22/2005,RNO,NV,AWP,WE,Combined TRACON& Tower with Radar,155,45,43,1,244,0,52,88,5,145,155,97,131,6,389,8,0,8,397
08/23/2005,RNO,NV,AWP,WE,Combined TRACON& Tower with Radar,164,50,28,3,245,0,74,108,9,191,164,124,136,12,436,38,0,38,474
08/24/2005,RNO,NV,AWP,WE,Combined TRACON& Tower with Radar,162,54,31,2,249,0,64,85,16,165,162,118,116,18,414,38,2,40,454
08/25/2005,RNO,NV,AWP,WE,Combined TRACON& Tower with Radar,164,50,49,4,267,0,58,126,14,198,164,108,175,18,465,24,0,24,489
08/26/2005,RNO,NV,AWP,WE,Combined TRACON& Tower with Radar,157,47,41,5,250,0,46,121,15,182,157,93,162,20,432,10,6,16,448
08/27/2005,RNO,NV,AWP,WE,Combined TRACON& Tower with Radar,161,52,48,9,270,0,47,138,18,203,161,99,186,27,473,6,0,6,479
08/28/2005,RNO,NV,AWP,WE,Combined TRACON& Tower with Radar,160,51,40,9,260,0,41,132,18,191,160,92,172,27,451,24,0,24,475
08/29/2005,RNO,NV,AWP,WE,Combined TRACON& Tower with Radar,152,47,45,7,251,0,61,117,15,193,152,108,162,22,444,2,0,2,446
08/30/2005,RNO,NV,AWP,WE,Combined TRACON& Tower with Radar,163,51,28,3,245,0,101,81,8,190,163,152,109,11,435,34,0,34,469
08/31/2005,RNO,NV,AWP,WE,Combined TRACON& Tower with Radar,159,58,41,7,265,0,63,138,20,221,159,121,179,27,486,56,0,56,542
09/01/2005,RNO,NV,AWP,WE,Combined TRACON& Tower with Radar,160,55,60,7,282,0,51,142,12,205,160,106,202,19,487,38,0,38,525
09/02/2005,RNO,NV,AWP,WE,Combined TRACON& Tower with Radar,161,51,41,2,255,0,73,159,4,236,161,124,200,6,491,56,0,56,547
09/03/2005,RNO,NV,AWP,WE,Combined TRACON& Tower with Radar,161,51,40,2,254,0,68,156,4,228,161,119,196,6,482,32,0,32,514
09/04/2005,RNO,NV,AWP,WE,Combined TRACON& Tower with Radar,144,47,28,2,221,0,69,139,6,214,144,116,167,8,435,14,0,14,449
09/05/2005,RNO,NV,AWP,WE,Combined TRACON& Tower with Radar,139,51,44,5,239,0,75,148,10,233,139,126,192,15,472,30,0,30,502
09/06/2005,RNO,NV,AWP,WE,Combined TRACON& Tower with Radar,160,43,35,1,239,0,72,80,6,158,160,115,115,7,397,16,0,16,413
09/07/2005,RNO,NV,AWP,WE,Combined TRACON& Tower with Radar,162,46,46,3,257,0,72,124,8,204,162,118,170,11,461,22,2,24,485
09/08/2005,RNO,NV,AWP,WE,Combined TRACON& Tower with Radar,156,52,42,6,256,0,70,112,6,188,156,122,154,12,444,46,4,50,494
09/09/2005,RNO,NV,AWP,WE,Combined TRACON& Tower with Radar,158,58,61,10,287,0,48,120,7,175,158,106,181,17,462,34,0,34,496
09/10/2005,RNO,NV,AWP,WE,Combined TRACON& Tower with Radar,138,51,46,5,240,0,42,91,6,139,138,93,137,11,379,24,0,24,403
09/11/2005,RNO,NV,AWP,WE,Combined TRACON& Tower with Radar,138,39,38,10,225,0,19,109,11,139,138,58,147,21,364,26,0,26,390
09/12/2005,RNO,NV,AWP,WE,Combined TRACON& Tower with Radar,148,45,43,4,240,0,54,94,5,153,148,99,137,9,393,94,0,94,487
09/13/2005,RNO,NV,AWP,WE,Combined TRACON& Tower with Radar,146,44,25,3,218,0,42,114,12,168,146,86,139,15,386,74,0,74,460
09/14/2005,RNO,NV,AWP,WE,Combined TRACON& Tower with Radar,155,47,67,4,273,0,56,124,12,192,155,103,191,16,465,36,0,36,501
09/15/2005,RNO,NV,AWP,WE,Combined TRACON& Tower with Radar,153,46,89,7,295,0,55,189,31,275,153,101,278,38,570,4,0,4,574
09/16/2005,RNO,NV,AWP,WE,Combined TRACON& Tower with Radar,158,52,110,23,343,0,53,299,29,381,158,105,409,52,724,26,4,30,754
09/17/2005,RNO,NV,AWP,WE,Combined TRACON& Tower with Radar,132,41,68,24,265,0,51,203,16,270,132,92,271,40,535,4,0,4,539
09/18/2005,RNO,NV,AWP,WE,Combined TRACON& Tower with Radar,136,44,101,5,286,0,64,275,33,372,136,108,376,38,658,4,0,4,662
09/19/2005,RNO,NV,AWP,WE,Combined TRACON& Tower with Radar,145,47,53,4,249,0,52,292,29,373,145,99,345,33,622,66,0,66,688
09/20/2005,RNO,NV,AWP,WE,Combined TRACON& Tower with Radar,157,49,50,1,257,0,37,75,9,121,157,86,125,10,378,12,0,12,390
09/21/2005,RNO,NV,AWP,WE,Combined TRACON& Tower with Radar,157,54,55,3,269,0,89,73,16,178,157,143,128,19,447,6,0,6,453
09/22/2005,RNO,NV,AWP,WE,Combined TRACON& Tower with Radar,155,45,49,0,249,0,43,109,9,161,155,88,158,9,410,14,0,14,424
09/23/2005,RNO,NV,AWP,WE,Combined TRACON& Tower with Radar,157,60,53,2,272,0,63,96,3,162,157,123,149,5,434,14,0,14,448
09/24/2005,RNO,NV,AWP,WE,Combined TRACON& Tower with Radar,132,39,31,3,205,0,53,74,4,131,132,92,105,7,336,18,0,18,354
09/25/2005,RNO,NV,AWP,WE,Combined TRACON& Tower with Radar,139,40,43,0,222,0,46,110,6,162,139,86,153,6,384,26,0,26,410
09/26/2005,RNO,NV,AWP,WE,Combined TRACON& Tower with Radar,151,55,35,3,244,0,34,50,8,92,151,89,85,11,336,48,2,50,386
09/27/2005,RNO,NV,AWP,WE,Combined TRACON& Tower with Radar,154,49,42,1,246,0,59,61,6,126,154,108,103,7,372,42,0,42,414
09/28/2005,RNO,NV,AWP,WE,Combined TRACON& Tower with Radar,159,50,44,1,254,0,50,110,7,167,159,100,154,8,421,44,0,44,465
09/29/2005,RNO,NV,AWP,WE,Combined TRACON& Tower with Radar,155,43,40,1,239,0,74,107,6,187,155,117,147,7,426,26,0,26,452
09/30/2005,RNO,NV,AWP,WE,Combined TRACON& Tower with Radar,156,48,57,1,262,0,57,119,2,178,156,105,176,3,440,18,2,20,460
10/01/2005,RNO,NV,AWP,WE,Combined TRACON& Tower with Radar,132,48,35,2,217,0,35,45,2,82,132,83,80,4,299,10,0,10,309
10/02/2005,RNO,NV,AWP,WE,Combined TRACON& Tower with Radar,128,50,32,6,216,0,64,61,4,129,128,114,93,10,345,12,0,12,357
10/03/2005,RNO,NV,AWP,WE,Combined TRACON& Tower with Radar,143,52,30,3,228,0,61,55,2,118,143,113,85,5,346,40,0,40,386
10/04/2005,RNO,NV,AWP,WE,Combined TRACON& Tower with Radar,159,46,32,2,239,0,40,75,5,120,159,86,107,7,359,10,0,10,369
10/05/2005,RNO,NV,AWP,WE,Combined TRACON& Tower with Radar,154,54,34,0,242,0,63,111,8,182,154,117,145,8,424,52,2,54,478
10/06/2005,RNO,NV,AWP,WE,Combined TRACON& Tower with Radar,150,44,23,3,220,0,60,103,9,172,150,104,126,12,392,34,2,36,428
10/07/2005,RNO,NV,AWP,WE,Combined TRACON& Tower with Radar,155,45,37,2,239,0,41,107,13,161,155,86,144,15,400,20,0,20,420
10/08/2005,RNO,NV,AWP,WE,Combined TRACON& Tower with Radar,131,43,32,4,210,0,34,68,4,106,131,77,100,8,316,8,0,8,324
10/09/2005,RNO,NV,AWP,WE,Combined TRACON& Tower with Radar,133,41,33,2,209,0,22,99,4,125,133,63,132,6,334,8,0,8,342
10/10/2005,RNO,NV,AWP,WE,Combined TRACON& Tower with Radar,144,47,21,1,213,0,49,46,4,99,144,96,67,5,312,30,16,46,358
10/11/2005,RNO,NV,AWP,WE,Combined TRACON& Tower with Radar,153,47,29,6,235,0,69,51,9,129,153,116,80,15,364,12,0,12,376
10/12/2005,RNO,NV,AWP,WE,Combined TRACON& Tower with Radar,140,61,25,1,227,0,68,108,8,184,140,129,133,9,411,30,0,30,441
10/13/2005,RNO,NV,AWP,WE,Combined TRACON& Tower with Radar,145,52,38,11,246,0,66,84,6,156,145,118,122,17,402,34,0,34,436
10/14/2005,RNO,NV,AWP,WE,Combined TRACON& Tower with Radar,147,65,46,6,264,0,45,112,14,171,147,110,158,20,435,28,0,28,463
10/15/2005,RNO,NV,AWP,WE,Combined TRACON& Tower with Radar,120,56,13,5,194,0,42,30,0,72,120,98,43,5,266,32,0,32,298
10/16/2005,RNO,NV,AWP,WE,Combined TRACON& Tower with Radar,121,46,34,4,205,0,47,88,5,140,121,93,122,9,345,31,0,31,376
10/17/2005,RNO,NV,AWP,WE,Combined TRACON& Tower with Radar,131,68,27,5,231,0,68,68,8,144,131,136,95,13,375,22,0,22,397
10/18/2005,RNO,NV,AWP,WE,Combined TRACON& Tower with Radar,138,79,32,3,252,0,123,48,10,181,138,202,80,13,433,32,0,32,465
10/19/2005,RNO,NV,AWP,WE,Combined TRACON& Tower with Radar,147,75,42,1,265,0,74,110,7,191,147,149,152,8,456,48,0,48,504
10/20/2005,RNO,NV,AWP,WE,Combined TRACON& Tower with Radar,141,71,38,9,259,0,85,95,16,196,141,156,133,25,455,30,4,34,489
10/21/2005,RNO,NV,AWP,WE,Combined TRACON& Tower with Radar,139,57,60,1,257,0,53,124,10,187,139,110,184,11,444,48,0,48,492
10/22/2005,RNO,NV,AWP,WE,Combined TRACON& Tower with Radar,120,49,17,2,188,0,48,98,8,154,120,97,115,10,342,30,0,30,372
10/23/2005,RNO,NV,AWP,WE,Combined TRACON& Tower with Radar,122,46,31,2,201,0,43,95,8,146,122,89,126,10,347,20,0,20,367
10/24/2005,RNO,NV,AWP,WE,Combined TRACON& Tower with Radar,137,52,19,1,209,0,72,59,4,135,137,124,78,5,344,4,0,4,348
10/25/2005,RNO,NV,AWP,WE,Combined TRACON& Tower with Radar,140,56,41,0,237,0,76,57,7,140,140,132,98,7,377,6,0,6,383
10/26/2005,RNO,NV,AWP,WE,Combined TRACON& Tower with Radar,144,86,49,1,280,0,50,61,3,114,144,136,110,4,394,32,0,32,426
10/27/2005,RNO,NV,AWP,WE,Combined TRACON& Tower with Radar,143,72,54,5,274,0,31,21,0,52,143,103,75,5,326,0,0,0,326
10/28/2005,RNO,NV,AWP,WE,Combined TRACON& Tower with Radar,150,68,45,3,266,0,30,38,2,70,150,98,83,5,336,22,2,24,360
10/29/2005,RNO,NV,AWP,WE,Combined TRACON& Tower with Radar,121,43,40,7,211,1,59,54,6,120,122,102,94,13,331,36,0,36,367
10/30/2005,RNO,NV,AWP,WE,Combined TRACON& Tower with Radar,118,44,26,1,189,0,41,82,9,132,118,85,108,10,321,22,0,22,343
10/31/2005,RNO,NV,AWP,WE,Combined TRACON& Tower with Radar,135,61,39,8,243,0,40,85,9,134,135,101,124,17,377,2,5,7,384
11/01/2005,RNO,NV,AWP,WE,Combined TRACON& Tower with Radar,139,63,35,0,237,0,41,76,17,134,139,104,111,17,371,10,0,10,381
11/02/2005,RNO,NV,AWP,WE,Combined TRACON& Tower with Radar,141,73,34,0,248,0,32,8,1,41,141,105,42,1,289,2,0,2,291
11/03/2005,RNO,NV,AWP,WE,Combined TRACON& Tower with Radar,138,78,70,0,286,0,44,62,8,114,138,122,132,8,400,26,0,26,426
11/04/2005,RNO,NV,AWP,WE,Combined TRACON& Tower with Radar,144,72,42,1,259,0,36,49,7,92,144,108,91,8,351,14,0,14,365
11/05/2005,RNO,NV,AWP,WE,Combined TRACON& Tower with Radar,118,45,37,4,204,0,62,73,10,145,118,107,110,14,349,38,0,38,387
11/06/2005,RNO,NV,AWP,WE,Combined TRACON& Tower with Radar,123,47,52,4,226,0,59,77,1,137,123,106,129,5,363,18,0,18,381
11/07/2005,RNO,NV,AWP,WE,Combined TRACON& Tower with Radar,134,72,22,2,230,0,33,13,0,46,134,105,35,2,276,6,0,6,282
11/08/2005,RNO,NV,AWP,WE,Combined TRACON& Tower with Radar,149,70,48,2,269,0,49,42,11,102,149,119,90,13,371,24,0,24,395
11/09/2005,RNO,NV,AWP,WE,Combined TRACON& Tower with Radar,140,79,50,6,275,0,46,75,17,138,140,125,125,23,413,14,4,18,431
11/10/2005,RNO,NV,AWP,WE,Combined TRACON& Tower with Radar,143,72,41,6,262,0,92,81,15,188,143,164,122,21,450,32,0,32,482
11/11/2005,RNO,NV,AWP,WE,Combined TRACON& Tower with Radar,145,58,46,4,253,0,70,99,6,175,145,128,145,10,428,31,0,31,459
11/12/2005,RNO,NV,AWP,WE,Combined TRACON& Tower with Radar,115,40,38,6,199,0,81,157,14,252,115,121,195,20,451,34,0,34,485
11/13/2005,RNO,NV,AWP,WE,Combined TRACON& Tower with Radar,125,52,51,3,231,0,41,114,8,163,125,93,165,11,394,15,0,15,409
11/14/2005,RNO,NV,AWP,WE,Combined TRACON& Tower with Radar,133,54,55,3,245,0,55,74,5,134,133,109,129,8,379,7,2,9,388
11/15/2005,RNO,NV,AWP,WE,Combined TRACON& Tower with Radar,142,52,43,9,246,0,52,76,12,140,142,104,119,21,386,16,0,16,402
11/16/2005,RNO,NV,AWP,WE,Combined TRACON& Tower with Radar,145,57,56,9,267,0,56,117,14,187,145,113,173,23,454,22,8,30,484
11/17/2005,RNO,NV,AWP,WE,Combined TRACON& Tower with Radar,142,66,48,4,260,0,55,88,9,152,142,121,136,13,412,13,0,13,425
11/18/2005,RNO,NV,AWP,WE,Combined TRACON& Tower with Radar,150,70,62,2,284,0,34,115,10,159,150,104,177,12,443,50,0,50,493
11/19/2005,RNO,NV,AWP,WE,Combined TRACON& Tower with Radar,119,47,38,1,205,0,39,132,11,182,119,86,170,12,387,38,0,38,425
11/20/2005,RNO,NV,AWP,WE,Combined TRACON& Tower with Radar,125,50,47,0,222,0,30,114,4,148,125,80,161,4,370,56,0,56,426
11/21/2005,RNO,NV,AWP,WE,Combined TRACON& Tower with Radar,134,58,52,2,246,0,42,68,4,114,134,100,120,6,360,20,2,22,382
11/22/2005,RNO,NV,AWP,WE,Combined TRACON& Tower with Radar,142,67,51,4,264,0,31,108,14,153,142,98,159,18,417,34,2,36,453
11/23/2005,RNO,NV,AWP,WE,Combined TRACON& Tower with Radar,143,65,43,0,251,0,61,108,13,182,143,126,151,13,433,14,0,14,447
11/24/2005,RNO,NV,AWP,WE,Combined TRACON& Tower with Radar,92,44,11,0,147,0,43,45,5,93,92,87,56,5,240,0,0,0,240
11/25/2005,RNO,NV,AWP,WE,Combined TRACON& Tower with Radar,128,63,24,0,215,0,39,10,0,49,128,102,34,0,264,0,0,0,264
11/26/2005,RNO,NV,AWP,WE,Combined TRACON& Tower with Radar,112,52,43,0,207,0,48,72,3,123,112,100,115,3,330,12,0,12,342
11/27/2005,RNO,NV,AWP,WE,Combined TRACON& Tower with Radar,139,52,61,1,253,0,20,91,6,117,139,72,152,7,370,8,0,8,378
11/28/2005,RNO,NV,AWP,WE,Combined TRACON& Tower with Radar,135,60,49,4,248,0,55,8,0,63,135,115,57,4,311,0,0,0,311
11/29/2005,RNO,NV,AWP,WE,Combined TRACON& Tower with Radar,148,72,43,0,263,25,5,11,2,43,173,77,54,2,306,6,0,6,312
11/30/2005,RNO,NV,AWP,WE,Combined TRACON& Tower with Radar,149,75,46,4,274,0,44,50,8,102,149,119,96,12,376,4,0,4,380
12/01/2005,RNO,NV,AWP,WE,Combined TRACON& Tower with Radar,140,67,17,3,227,0,19,2,0,21,140,86,19,3,248,6,4,10,258
12/02/2005,RNO,NV,AWP,WE,Combined TRACON& Tower with Radar,145,75,40,13,273,0,38,52,5,95,145,113,92,18,368,20,0,20,388
12/03/2005,RNO,NV,AWP,WE,Combined TRACON& Tower with Radar,114,42,37,6,199,0,46,59,14,119,114,88,96,20,318,42,0,42,360
12/04/2005,RNO,NV,AWP,WE,Combined TRACON& Tower with Radar,122,51,52,11,236,0,50,101,7,158,122,101,153,18,394,36,0,36,430
12/05/2005,RNO,NV,AWP,WE,Combined TRACON& Tower with Radar,139,64,45,1,249,0,63,75,3,141,139,127,120,4,390,28,0,28,418
12/06/2005,RNO,NV,AWP,WE,Combined TRACON& Tower with Radar,143,63,43,3,252,0,59,78,10,147,143,122,121,13,399,0,4,4,403
12/07/2005,RNO,NV,AWP,WE,Combined TRACON& Tower with Radar,140,75,71,1,287,0,46,68,2,116,140,121,139,3,403,54,0,54,457
12/08/2005,RNO,NV,AWP,WE,Combined TRACON& Tower with Radar,142,94,47,4,287,0,28,15,5,48,142,122,62,9,335,0,0,0,335
12/09/2005,RNO,NV,AWP,WE,Combined TRACON& Tower with Radar,137,78,63,9,287,0,54,42,3,99,137,132,105,12,386,40,0,40,426
12/10/2005,RNO,NV,AWP,WE,Combined TRACON& Tower with Radar,113,48,55,3,219,0,42,40,1,83,113,90,95,4,302,76,0,76,378
12/11/2005,RNO,NV,AWP,WE,Combined TRACON& Tower with Radar,127,60,46,2,235,0,14,8,1,23,127,74,54,3,258,10,0,10,268
12/12/2005,RNO,NV,AWP,WE,Combined TRACON& Tower with Radar,133,73,38,1,245,0,6,15,1,22,133,79,53,2,267,12,0,12,279
12/13/2005,RNO,NV,AWP,WE,Combined TRACON& Tower with Radar,145,63,52,25,285,0,23,33,25,81,145,86,85,50,366,26,18,44,410
12/14/2005,RNO,NV,AWP,WE,Combined TRACON& Tower with Radar,142,74,64,13,293,0,23,20,8,51,142,97,84,21,344,38,4,42,386
12/15/2005,RNO,NV,AWP,WE,Combined TRACON& Tower with Radar,141,61,44,7,253,0,48,53,2,103,141,109,97,9,356,10,0,10,366
12/16/2005,RNO,NV,AWP,WE,Combined TRACON& Tower with Radar,152,64,78,3,297,0,50,69,7,126,152,114,147,10,423,36,0,36,459
12/17/2005,RNO,NV,AWP,WE,Combined TRACON& Tower with Radar,120,42,49,2,213,0,29,56,5,90,120,71,105,7,303,46,0,46,349
12/18/2005,RNO,NV,AWP,WE,Combined TRACON& Tower with Radar,133,35,31,3,202,0,1,0,0,1,133,36,31,3,203,2,0,2,205
12/19/2005,RNO,NV,AWP,WE,Combined TRACON& Tower with Radar,150,70,33,5,258,0,18,26,2,46,150,88,59,7,304,28,10,38,342
12/20/2005,RNO,NV,AWP,WE,Combined TRACON& Tower with Radar,156,66,49,6,277,0,50,52,8,110,156,116,101,14,387,30,12,42,429
12/21/2005,RNO,NV,AWP,WE,Combined TRACON& Tower with Radar,158,65,50,10,283,0,46,21,5,72,158,111,71,15,355,20,6,26,381
12/22/2005,RNO,NV,AWP,WE,Combined TRACON& Tower with Radar,161,83,48,2,294,0,39,28,4,71,161,122,76,6,365,0,0,0,365
12/23/2005,RNO,NV,AWP,WE,Combined TRACON& Tower with Radar,161,83,53,4,301,0,51,68,5,124,161,134,121,9,425,14,0,14,439
12/24/2005,RNO,NV,AWP,WE,Combined TRACON& Tower with Radar,155,67,45,6,273,0,49,90,12,151,155,116,135,18,424,6,0,6,430
12/25/2005,RNO,NV,AWP,WE,Combined TRACON& Tower with Radar,157,77,54,6,294,0,58,70,4,132,157,135,124,10,426,2,0,2,428
12/26/2005,RNO,NV,AWP,WE,Combined TRACON& Tower with Radar,138,56,36,2,232,0,46,92,11,149,138,102,128,13,381,6,0,6,387
12/27/2005,RNO,NV,AWP,WE,Combined TRACON& Tower with Radar,152,69,61,2,284,0,66,54,5,125,152,135,115,7,409,12,0,12,421
12/28/2005,RNO,NV,AWP,WE,Combined TRACON& Tower with Radar,152,69,61,2,284,0,52,52,5,109,152,121,113,7,393,2,0,2,395
12/29/2005,RNO,NV,AWP,WE,Combined TRACON& Tower with Radar,149,70,69,11,299,0,88,74,15,177,149,158,143,26,476,18,4,22,498
12/30/2005,RNO,NV,AWP,WE,Combined TRACON& Tower with Radar,147,75,57,1,280,0,31,12,1,44,147,106,69,2,324,2,0,2,326
12/31/2005,RNO,NV,AWP,WE,Combined TRACON& Tower with Radar,150,55,29,0,234,0,48,19,0,67,150,103,48,0,301,2,0,2,303
01/01/2006,RNO,NV,AWP,WE,Combined TRACON& Tower with Radar,119,45,44,0,208,0,25,11,0,36,119,70,55,0,244,8,0,8,252
01/02/2006,RNO,NV,AWP,WE,Combined TRACON& Tower with Radar,128,31,34,2,195,0,2,0,0,2,128,33,34,2,197,2,0,2,199
01/03/2006,RNO,NV,AWP,WE,Combined TRACON& Tower with Radar,144,95,67,0,306,0,48,32,1,81,144,143,99,1,387,8,0,8,395
01/04/2006,RNO,NV,AWP,WE,Combined TRACON& Tower with Radar,143,70,47,0,260,0,37,70,2,109,143,107,117,2,369,26,0,26,395
01/05/2006,RNO,NV,AWP,WE,Combined TRACON& Tower with Radar,138,66,41,0,245,0,38,79,5,122,138,104,120,5,367,26,0,26,393
01/06/2006,RNO,NV,AWP,WE,Combined TRACON& Tower with Radar,141,67,50,4,262,0,25,82,1,108,141,92,132,5,370,35,2,37,407
01/07/2006,RNO,NV,AWP,WE,Combined TRACON& Tower with Radar,110,53,27,3,193,0,62,35,3,100,110,115,62,6,293,8,2,10,303
01/08/2006,RNO,NV,AWP,WE,Combined TRACON& Tower with Radar,124,47,56,2,229,0,32,82,2,116,124,79,138,4,345,42,0,42,387
01/09/2006,RNO,NV,AWP,WE,Combined TRACON& Tower with Radar,131,65,67,4,267,0,63,105,9,177,131,128,172,13,444,26,0,26,470
01/10/2006,RNO,NV,AWP,WE,Combined TRACON& Tower with Radar,141,59,56,13,269,0,34,77,4,115,141,93,133,17,384,30,6,36,420
01/11/2006,RNO,NV,AWP,WE,Combined TRACON& Tower with Radar,143,72,50,4,269,0,35,10,3,48,143,107,60,7,317,12,0,12,329
01/12/2006,RNO,NV,AWP,WE,Combined TRACON& Tower with Radar,137,68,58,3,266,0,53,89,9,151,137,121,147,12,417,72,0,72,489
01/13/2006,RNO,NV,AWP,WE,Combined TRACON& Tower with Radar,144,80,62,4,290,0,44,67,3,114,144,124,129,7,404,26,0,26,430
01/14/2006,RNO,NV,AWP,WE,Combined TRACON& Tower with Radar,118,50,14,1,183,0,18,1,0,19,118,68,15,1,202,4,0,4,206
01/15/2006,RNO,NV,AWP,WE,Combined TRACON& Tower with Radar,120,60,48,1,229,0,46,69,4,119,120,106,117,5,348,18,0,18,366
01/16/2006,RNO,NV,AWP,WE,Combined TRACON& Tower with Radar,138,66,91,2,297,0,50,75,1,126,138,116,166,3,423,84,0,84,507
01/17/2006,RNO,NV,AWP,WE,Combined TRACON& Tower with Radar,139,92,93,5,329,0,36,25,1,62,139,128,118,6,391,12,0,12,403
01/18/2006,RNO,NV,AWP,WE,Combined TRACON& Tower with Radar,134,94,85,0,313,0,23,4,1,28,134,117,89,1,341,6,0,6,347
01/19/2006,RNO,NV,AWP,WE,Combined TRACON& Tower with Radar,140,93,103,16,352,0,51,70,8,129,140,144,173,24,481,22,4,26,507
01/20/2006,RNO,NV,AWP,WE,Combined TRACON& Tower with Radar,143,91,116,4,354,0,53,70,10,133,143,144,186,14,487,8,0,8,495
01/21/2006,RNO,NV,AWP,WE,Combined TRACON& Tower with Radar,114,53,74,3,244,0,78,96,6,180,114,131,170,9,424,52,0,52,476
01/22/2006,RNO,NV,AWP,WE,Combined TRACON& Tower with Radar,123,82,108,5,318,0,33,85,1,119,123,115,193,6,437,24,0,24,461
01/23/2006,RNO,NV,AWP,WE,Combined TRACON& Tower with Radar,137,55,74,0,266,0,55,84,5,144,137,110,158,5,410,56,0,56,466
01/24/2006,RNO,NV,AWP,WE,Combined TRACON& Tower with Radar,139,60,68,2,269,0,90,107,3,200,139,150,175,5,469,16,0,16,485
01/25/2006,RNO,NV,AWP,WE,Combined TRACON& Tower with Radar,140,66,54,0,260,0,59,115,13,187,140,125,169,13,447,84,0,84,531
01/26/2006,RNO,NV,AWP,WE,Combined TRACON& Tower with Radar,139,80,49,0,268,0,52,23,6,81,139,132,72,6,349,6,0,6,355
01/27/2006,RNO,NV,AWP,WE,Combined TRACON& Tower with Radar,144,79,49,2,274,0,33,29,4,66,144,112,78,6,340,12,0,12,352
01/28/2006,RNO,NV,AWP,WE,Combined TRACON& Tower with Radar,115,56,25,0,196,0,40,11,2,53,115,96,36,2,249,0,0,0,249
01/29/2006,RNO,NV,AWP,WE,Combined TRACON& Tower with Radar,122,53,70,1,246,0,21,73,6,100,122,74,143,7,346,40,0,40,386
01/30/2006,RNO,NV,AWP,WE,Combined TRACON& Tower with Radar,138,69,48,0,255,0,36,3,1,40,138,105,51,1,295,16,0,16,311
01/31/2006,RNO,NV,AWP,WE,Combined TRACON& Tower with Radar,142,74,71,2,289,0,32,71,4,107,142,106,142,6,396,42,0,42,438
02/01/2006,RNO,NV,AWP,WE,Combined TRACON& Tower with Radar,140,78,65,1,284,0,7,25,2,34,140,85,90,3,318,12,0,12,330
02/02/2006,RNO,NV,AWP,WE,Combined TRACON& Tower with Radar,146,77,69,4,296,0,25,16,5,46,146,102,85,9,342,4,0,4,346
02/03/2006,RNO,NV,AWP,WE,Combined TRACON& Tower with Radar,145,70,57,5,277,0,48,131,9,188,145,118,188,14,465,46,0,46,511
02/04/2006,RNO,NV,AWP,WE,Combined TRACON& Tower with Radar,115,49,60,2,226,0,58,38,0,96,115,107,98,2,322,14,0,14,336
02/05/2006,RNO,NV,AWP,WE,Combined TRACON& Tower with Radar,121,61,64,0,246,0,29,137,5,171,121,90,201,5,417,38,0,38,455
02/06/2006,RNO,NV,AWP,WE,Combined TRACON& Tower with Radar,135,61,51,0,247,0,44,91,12,147,135,105,142,12,394,42,0,42,436
02/07/2006,RNO,NV,AWP,WE,Combined TRACON& Tower with Radar,138,59,38,2,237,0,38,103,16,157,138,97,141,18,394,34,0,34,428
02/08/2006,RNO,NV,AWP,WE,Combined TRACON& Tower with Radar,139,55,35,3,232,0,42,108,11,161,139,97,143,14,393,48,0,48,441
02/09/2006,RNO,NV,AWP,WE,Combined TRACON& Tower with Radar,146,62,50,0,258,0,78,115,12,205,146,140,165,12,463,34,0,34,497
02/10/2006,RNO,NV,AWP,WE,Combined TRACON& Tower with Radar,141,66,36,4,247,0,55,108,18,181,141,121,144,22,428,38,0,38,466
02/11/2006,RNO,NV,AWP,WE,Combined TRACON& Tower with Radar,120,50,30,2,202,0,46,135,7,188,120,96,165,9,390,38,0,38,428
02/12/2006,RNO,NV,AWP,WE,Combined TRACON& Tower with Radar,122,54,44,1,221,0,64,130,12,206,122,118,174,13,427,44,2,46,473
02/13/2006,RNO,NV,AWP,WE,Combined TRACON& Tower with Radar,138,59,41,2,240,0,64,102,9,175,138,123,143,11,415,10,0,10,425
02/14/2006,RNO,NV,AWP,WE,Combined TRACON& Tower with Radar,142,60,43,6,251,0,73,66,9,148,142,133,109,15,399,14,0,14,413
02/15/2006,RNO,NV,AWP,WE,Combined TRACON& Tower with Radar,129,60,45,0,234,0,39,23,3,65,129,99,68,3,299,2,0,2,301
02/16/2006,RNO,NV,AWP,WE,Combined TRACON& Tower with Radar,139,62,59,5,265,0,64,86,6,156,139,126,145,11,421,18,0,18,439
02/17/2006,RNO,NV,AWP,WE,Combined TRACON& Tower with Radar,143,85,91,2,321,0,28,34,3,65,143,113,125,5,386,68,0,68,454
02/18/2006,RNO,NV,AWP,WE,Combined TRACON& Tower with Radar,124,64,43,0,231,0,16,9,0,25,124,80,52,0,256,4,0,4,260
02/19/2006,RNO,NV,AWP,WE,Combined TRACON& Tower with Radar,121,63,27,3,214,0,30,16,2,48,121,93,43,5,262,20,0,20,282
02/20/2006,RNO,NV,AWP,WE,Combined TRACON& Tower with Radar,134,51,67,2,254,0,76,78,7,161,134,127,145,9,415,18,0,18,433
02/21/2006,RNO,NV,AWP,WE,Combined TRACON& Tower with Radar,144,68,53,4,269,0,49,100,7,156,144,117,153,11,425,46,6,52,477
02/22/2006,RNO,NV,AWP,WE,Combined TRACON& Tower with Radar,139,62,50,2,253,0,56,100,20,176,139,118,150,22,429,38,0,38,467
02/23/2006,RNO,NV,AWP,WE,Combined TRACON& Tower with Radar,144,58,58,3,263,0,52,124,15,191,144,110,182,18,454,42,1,43,497
02/24/2006,RNO,NV,AWP,WE,Combined TRACON& Tower with Radar,138,81,42,4,265,0,63,109,16,188,138,144,151,20,453,22,2,24,477
02/25/2006,RNO,NV,AWP,WE,Combined TRACON& Tower with Radar,140,59,60,4,263,0,68,102,15,185,140,127,162,19,448,38,0,38,486
02/26/2006,RNO,NV,AWP,WE,Combined TRACON& Tower with Radar,140,59,70,4,273,0,46,110,15,171,140,105,180,19,444,24,0,24,468
02/27/2006,RNO,NV,AWP,WE,Combined TRACON& Tower with Radar,146,61,44,2,253,0,40,78,11,129,146,101,122,13,382,6,0,6,388
02/28/2006,RNO,NV,AWP,WE,Combined TRACON& Tower with Radar,142,72,27,2,243,0,36,4,6,46,142,108,31,8,289,16,4,20,309
03/01/2006,RNO,NV,AWP,WE,Combined TRACON& Tower with Radar,140,65,50,0,255,0,55,73,7,135,140,120,123,7,390,16,2,18,408
03/02/2006,RNO,NV,AWP,WE,Combined TRACON& Tower with Radar,139,77,39,4,259,0,22,5,0,27,139,99,44,4,286,4,0,4,290
03/03/2006,RNO,NV,AWP,WE,Combined TRACON& Tower with Radar,142,87,51,4,284,0,19,15,0,34,142,106,66,4,318,16,0,16,334
03/04/2006,RNO,NV,AWP,WE,Combined TRACON& Tower with Radar,121,58,30,1,210,0,29,96,9,134,121,87,126,10,344,28,0,28,372
03/05/2006,RNO,NV,AWP,WE,Combined TRACON& Tower with Radar,124,53,70,2,249,0,29,69,2,100,124,82,139,4,349,26,0,26,375
03/06/2006,RNO,NV,AWP,WE,Combined TRACON& Tower with Radar,136,63,48,0,247,0,32,12,2,46,136,95,60,2,293,2,0,2,295
03/07/2006,RNO,NV,AWP,WE,Combined TRACON& Tower with Radar,142,73,36,3,254,0,50,13,4,67,142,123,49,7,321,10,0,10,331
03/08/2006,RNO,NV,AWP,WE,Combined TRACON& Tower with Radar,138,69,60,3,270,0,65,78,9,152,138,134,138,12,422,42,2,44,466
03/09/2006,RNO,NV,AWP,WE,Combined TRACON& Tower with Radar,141,78,54,4,277,0,18,10,0,28,141,96,64,4,305,6,0,6,311
03/10/2006,RNO,NV,AWP,WE,Combined TRACON& Tower with Radar,145,86,54,4,289,0,6,31,2,39,145,92,85,6,328,46,0,46,374
03/11/2006,RNO,NV,AWP,WE,Combined TRACON& Tower with Radar,120,60,38,0,218,0,17,9,0,26,120,77,47,0,244,2,0,2,246
03/12/2006,RNO,NV,AWP,WE,Combined TRACON& Tower with Radar,125,45,36,6,212,0,24,18,0,42,125,69,54,6,254,4,0,4,258
03/13/2006,RNO,NV,AWP,WE,Combined TRACON& Tower with Radar,137,83,60,4,284,0,48,64,2,114,137,131,124,6,398,44,0,44,442
03/14/2006,RNO,NV,AWP,WE,Combined TRACON& Tower with Radar,143,64,47,2,256,0,20,11,3,34,143,84,58,5,290,10,0,10,300
03/15/2006,RNO,NV,AWP,WE,Combined TRACON& Tower with Radar,147,74,50,8,279,0,21,70,10,101,147,95,120,18,380,20,0,20,400
03/16/2006,RNO,NV,AWP,WE,Combined TRACON& Tower with Radar,137,71,91,6,305,0,48,35,5,88,137,119,126,11,393,18,8,26,419
03/17/2006,RNO,NV,AWP,WE,Combined TRACON& Tower with Radar,146,89,46,7,288,0,17,15,5,37,146,106,61,12,325,46,6,52,377
03/18/2006,RNO,NV,AWP,WE,Combined TRACON& Tower with Radar,119,50,38,1,208,0,34,19,2,55,119,84,57,3,263,57,2,59,322
03/19/2006,RNO,NV,AWP,WE,Combined TRACON& Tower with Radar,159,74,62,1,296,0,54,71,3,128,159,128,133,4,424,36,4,40,464
03/20/2006,RNO,NV,AWP,WE,Combined TRACON& Tower with Radar,137,70,45,0,252,0,6,21,0,27,137,76,66,0,279,0,0,0,279
03/21/2006,RNO,NV,AWP,WE,Combined TRACON& Tower with Radar,159,74,62,1,296,0,54,71,3,128,159,128,133,4,424,36,4,40,464
03/22/2006,RNO,NV,AWP,WE,Combined TRACON& Tower with Radar,148,72,60,1,281,0,38,127,10,175,148,110,187,11,456,42,0,42,498
03/23/2006,RNO,NV,AWP,WE,Combined TRACON& Tower with Radar,136,78,75,2,291,0,50,120,9,179,136,128,195,11,470,42,1,43,513
03/24/2006,RNO,NV,AWP,WE,Combined TRACON& Tower with Radar,147,65,60,0,272,0,52,40,6,98,147,117,100,6,370,6,0,6,376
03/25/2006,RNO,NV,AWP,WE,Combined TRACON& Tower with Radar,118,62,24,3,207,0,3,7,0,10,118,65,31,3,217,0,0,0,217
03/26/2006,RNO,NV,AWP,WE,Combined TRACON& Tower with Radar,125,54,70,7,256,0,11,107,12,130,125,65,177,19,386,0,0,0,386
03/27/2006,RNO,NV,AWP,WE,Combined TRACON& Tower with Radar,138,65,62,1,266,0,28,71,6,105,138,93,133,7,371,36,0,36,407
03/28/2006,RNO,NV,AWP,WE,Combined TRACON& Tower with Radar,137,70,70,5,282,0,37,29,0,66,137,107,99,5,348,16,4,20,368
03/29/2006,RNO,NV,AWP,WE,Combined TRACON& Tower with Radar,142,65,57,9,273,0,13,51,2,66,142,78,108,11,339,0,0,0,339
03/30/2006,RNO,NV,AWP,WE,Combined TRACON& Tower with Radar,139,72,55,9,275,0,68,81,13,162,139,140,136,22,437,30,4,34,471
03/31/2006,RNO,NV,AWP,WE,Combined TRACON& Tower with Radar,147,77,54,3,281,0,55,19,1,75,147,132,73,4,356,0,0,0,356
04/01/2006,RNO,NV,AWP,WE,Combined TRACON& Tower with Radar,121,56,32,6,215,0,28,32,9,69,121,84,64,15,284,4,0,4,288
04/02/2006,RNO,NV,AWP,WE,Combined TRACON& Tower with Radar,127,61,78,11,277,0,30,67,5,102,127,91,145,16,379,96,0,96,475
04/03/2006,RNO,NV,AWP,WE,Combined TRACON& Tower with Radar,128,64,20,3,215,0,35,8,2,45,128,99,28,5,260,0,0,0,260
04/04/2006,RNO,NV,AWP,WE,Combined TRACON& Tower with Radar,142,65,36,2,245,0,8,5,0,13,142,73,41,2,258,0,0,0,258
04/05/2006,RNO,NV,AWP,WE,Combined TRACON& Tower with Radar,135,64,53,2,254,0,63,14,8,85,135,127,67,10,339,46,2,48,387
04/06/2006,RNO,NV,AWP,WE,Combined TRACON& Tower with Radar,132,75,73,5,285,0,41,112,18,171,132,116,185,23,456,34,6,40,496
04/07/2006,RNO,NV,AWP,WE,Combined TRACON& Tower with Radar,138,75,51,3,267,0,57,69,8,134,138,132,120,11,401,14,0,14,415
04/08/2006,RNO,NV,AWP,WE,Combined TRACON& Tower with Radar,118,47,30,2,197,0,47,55,4,106,118,94,85,6,303,26,2,28,331
04/09/2006,RNO,NV,AWP,WE,Combined TRACON& Tower with Radar,116,53,57,1,227,0,39,49,0,88,116,92,106,1,315,20,0,20,335
04/10/2006,RNO,NV,AWP,WE,Combined TRACON& Tower with Radar,132,70,47,3,252,0,11,45,1,57,132,81,92,4,309,0,0,0,309
04/11/2006,RNO,NV,AWP,WE,Combined TRACON& Tower with Radar,136,57,45,5,243,0,51,29,5,85,136,108,74,10,328,12,0,12,340
04/12/2006,RNO,NV,AWP,WE,Combined TRACON& Tower with Radar,138,79,61,5,283,0,40,17,3,60,138,119,78,8,343,26,0,26,369
04/13/2006,RNO,NV,AWP,WE,Combined TRACON& Tower with Radar,134,63,75,4,276,0,52,128,23,203,134,115,203,27,479,34,2,36,515
04/14/2006,RNO,NV,AWP,WE,Combined TRACON& Tower with Radar,138,72,39,2,251,0,42,32,12,86,138,114,71,14,337,28,0,28,365
04/15/2006,RNO,NV,AWP,WE,Combined TRACON& Tower with Radar,118,43,30,2,193,0,27,13,0,40,118,70,43,2,233,4,0,4,237
04/16/2006,RNO,NV,AWP,WE,Combined TRACON& Tower with Radar,117,44,29,1,191,0,0,1,0,1,117,44,30,1,192,26,0,26,218
04/17/2006,RNO,NV,AWP,WE,Combined TRACON& Tower with Radar,133,67,46,2,248,0,17,40,4,61,133,84,86,6,309,12,0,12,321
04/18/2006,RNO,NV,AWP,WE,Combined TRACON& Tower with Radar,141,71,35,2,249,0,43,98,6,147,141,114,133,8,396,52,3,55,451
04/19/2006,RNO,NV,AWP,WE,Combined TRACON& Tower with Radar,136,60,38,3,237,0,21,127,17,165,136,81,165,20,402,0,0,0,402
04/20/2006,RNO,NV,AWP,WE,Combined TRACON& Tower with Radar,134,62,69,1,266,0,76,104,7,187,134,138,173,8,453,70,0,70,523
04/21/2006,RNO,NV,AWP,WE,Combined TRACON& Tower with Radar,142,72,62,3,279,44,12,77,11,144,186,84,139,14,423,118,0,118,541
04/22/2006,RNO,NV,AWP,WE,Combined TRACON& Tower with Radar,117,54,30,3,204,0,44,36,0,80,117,98,66,3,284,36,0,36,320
04/23/2006,RNO,NV,AWP,WE,Combined TRACON& Tower with Radar,122,67,65,2,256,0,24,27,2,53,122,91,92,4,309,24,0,24,333
04/24/2006,RNO,NV,AWP,WE,Combined TRACON& Tower with Radar,129,73,84,2,288,0,41,64,12,117,129,114,148,14,405,32,2,34,439
04/25/2006,RNO,NV,AWP,WE,Combined TRACON& Tower with Radar,140,64,66,12,282,0,47,51,17,115,140,111,117,29,397,36,0,36,433
04/26/2006,RNO,NV,AWP,WE,Combined TRACON& Tower with Radar,137,66,84,11,298,0,43,110,14,167,137,109,194,25,465,26,4,30,495
04/27/2006,RNO,NV,AWP,WE,Combined TRACON& Tower with Radar,138,72,80,1,291,0,32,134,19,185,138,104,214,20,476,38,0,38,514
04/28/2006,RNO,NV,AWP,WE,Combined TRACON& Tower with Radar,144,67,82,0,293,0,57,175,37,269,144,124,257,37,562,42,0,42,604
04/29/2006,RNO,NV,AWP,WE,Combined TRACON& Tower with Radar,117,47,67,4,235,0,64,147,11,222,117,111,214,15,457,60,0,60,517
04/30/2006,RNO,NV,AWP,WE,Combined TRACON& Tower with Radar,121,50,51,1,223,0,57,131,8,196,121,107,182,9,419,32,0,32,451
05/01/2006,RNO,NV,AWP,WE,Combined TRACON& Tower with Radar,131,53,46,1,231,0,67,100,9,176,131,120,146,10,407,18,0,18,425
05/02/2006,RNO,NV,AWP,WE,Combined TRACON& Tower with Radar,137,65,50,2,254,0,60,111,8,179,137,125,161,10,433,38,0,38,471
05/03/2006,RNO,NV,AWP,WE,Combined TRACON& Tower with Radar,144,61,106,8,319,0,57,116,12,185,144,118,222,20,504,120,0,120,624
05/04/2006,RNO,NV,AWP,WE,Combined TRACON& Tower with Radar,145,54,77,8,284,0,26,154,16,196,145,80,231,24,480,58,0,58,538
05/05/2006,RNO,NV,AWP,WE,Combined TRACON& Tower with Radar,145,53,62,4,264,0,70,135,17,222,145,123,197,21,486,42,0,42,528
05/06/2006,RNO,NV,AWP,WE,Combined TRACON& Tower with Radar,126,35,47,4,212,0,36,112,20,168,126,71,159,24,380,48,4,52,432
05/07/2006,RNO,NV,AWP,WE,Combined TRACON& Tower with Radar,128,42,48,2,220,0,28,114,11,153,128,70,162,13,373,12,0,12,385
05/08/2006,RNO,NV,AWP,WE,Combined TRACON& Tower with Radar,137,55,57,0,249,0,34,90,13,137,137,89,147,13,386,12,0,12,398
05/09/2006,RNO,NV,AWP,WE,Combined TRACON& Tower with Radar,146,43,52,1,242,0,66,98,10,174,146,109,150,11,416,94,0,94,510
05/10/2006,RNO,NV,AWP,WE,Combined TRACON& Tower with Radar,160,54,73,4,291,0,73,130,7,210,160,127,203,11,501,42,0,42,543
05/11/2006,RNO,NV,AWP,WE,Combined TRACON& Tower with Radar,149,61,70,1,281,0,67,133,16,216,149,128,203,17,497,50,2,52,549
05/12/2006,RNO,NV,AWP,WE,Combined TRACON& Tower with Radar,151,52,55,1,259,0,75,129,14,218,151,127,184,15,477,24,0,24,501
05/13/2006,RNO,NV,AWP,WE,Combined TRACON& Tower with Radar,123,30,44,4,201,0,54,129,5,188,123,84,173,9,389,34,0,34,423
05/14/2006,RNO,NV,AWP,WE,Combined TRACON& Tower with Radar,125,42,42,5,214,0,28,89,12,129,125,70,131,17,343,28,2,30,373
05/15/2006,RNO,NV,AWP,WE,Combined TRACON& Tower with Radar,138,56,53,1,248,0,66,109,4,179,138,122,162,5,427,40,0,40,467
05/16/2006,RNO,NV,AWP,WE,Combined TRACON& Tower with Radar,148,50,37,2,237,0,31,70,14,115,148,81,107,16,352,32,0,32,384
05/17/2006,RNO,NV,AWP,WE,Combined TRACON& Tower with Radar,141,53,49,3,246,0,69,100,16,185,141,122,149,19,431,80,0,80,511
05/18/2006,RNO,NV,AWP,WE,Combined TRACON& Tower with Radar,145,49,44,0,238,0,66,107,7,180,145,115,151,7,418,56,0,56,474
05/19/2006,RNO,NV,AWP,WE,Combined TRACON& Tower with Radar,155,61,55,4,275,1,54,81,14,150,156,115,136,18,425,54,0,54,479
05/20/2006,RNO,NV,AWP,WE,Combined TRACON& Tower with Radar,124,39,30,0,193,0,5,77,7,89,124,44,107,7,282,0,0,0,282
05/21/2006,RNO,NV,AWP,WE,Combined TRACON& Tower with Radar,120,49,54,0,223,0,51,58,8,117,120,100,112,8,340,30,0,30,370
05/22/2006,RNO,NV,AWP,WE,Combined TRACON& Tower with Radar,141,60,42,5,248,0,53,22,1,76,141,113,64,6,324,20,0,20,344
05/23/2006,RNO,NV,AWP,WE,Combined TRACON& Tower with Radar,147,44,54,1,246,0,91,87,9,187,147,135,141,10,433,30,2,32,465
05/24/2006,RNO,NV,AWP,WE,Combined TRACON& Tower with Radar,138,44,54,4,240,0,75,115,14,204,138,119,169,18,444,46,2,48,492
05/25/2006,RNO,NV,AWP,WE,Combined TRACON& Tower with Radar,144,49,73,4,270,0,26,147,17,190,144,75,220,21,460,51,2,53,513
05/26/2006,RNO,NV,AWP,WE,Combined TRACON& Tower with Radar,154,63,38,4,259,0,89,71,18,178,154,152,109,22,437,72,10,82,519
05/27/2006,RNO,NV,AWP,WE,Combined TRACON& Tower with Radar,122,48,27,3,200,0,61,16,3,80,122,109,43,6,280,6,0,6,286
05/28/2006,RNO,NV,AWP,WE,Combined TRACON& Tower with Radar,106,32,22,3,163,0,37,46,4,87,106,69,68,7,250,26,0,26,276
05/29/2006,RNO,NV,AWP,WE,Combined TRACON& Tower with Radar,120,41,53,0,214,0,24,105,11,140,120,65,158,11,354,34,0,34,388
05/30/2006,RNO,NV,AWP,WE,Combined TRACON& Tower with Radar,139,45,49,2,235,0,42,82,14,138,139,87,131,16,373,24,0,24,397
05/31/2006,RNO,NV,AWP,WE,Combined TRACON& Tower with Radar,148,51,54,2,255,0,60,115,27,202,148,111,169,29,457,58,0,58,515
06/01/2006,RNO,NV,AWP,WE,Combined TRACON& Tower with Radar,146,56,61,4,267,0,56,87,16,159,146,112,148,20,426,44,0,44,470
06/02/2006,RNO,NV,AWP,WE,Combined TRACON& Tower with Radar,146,51,50,2,249,0,48,101,18,167,146,99,151,20,416,82,2,84,500
06/03/2006,RNO,NV,AWP,WE,Combined TRACON& Tower with Radar,123,37,42,2,204,0,53,112,10,175,123,90,154,12,379,40,0,40,419
06/04/2006,RNO,NV,AWP,WE,Combined TRACON& Tower with Radar,130,50,71,4,255,0,42,119,15,176,130,92,190,19,431,38,0,38,469
06/05/2006,RNO,NV,AWP,WE,Combined TRACON& Tower with Radar,141,52,38,1,232,0,77,94,12,183,141,129,132,13,415,46,0,46,461
06/06/2006,RNO,NV,AWP,WE,Combined TRACON& Tower with Radar,140,44,53,0,237,0,63,102,12,177,140,107,155,12,414,44,0,44,458
06/07/2006,RNO,NV,AWP,WE,Combined TRACON& Tower with Radar,142,60,53,3,258,0,55,83,8,146,142,115,136,11,404,18,0,18,422
06/08/2006,RNO,NV,AWP,WE,Combined TRACON& Tower with Radar,160,47,54,6,267,0,57,143,11,211,160,104,197,17,478,24,0,24,502
06/09/2006,RNO,NV,AWP,WE,Combined TRACON& Tower with Radar,144,52,43,4,243,0,45,118,13,176,144,97,161,17,419,12,2,14,433
06/10/2006,RNO,NV,AWP,WE,Combined TRACON& Tower with Radar,131,37,39,1,208,0,33,90,15,138,131,70,129,16,346,36,0,36,382
06/11/2006,RNO,NV,AWP,WE,Combined TRACON& Tower with Radar,138,36,57,1,232,0,60,100,18,178,138,96,157,19,410,48,0,48,458
06/12/2006,RNO,NV,AWP,WE,Combined TRACON& Tower with Radar,141,34,54,0,229,0,49,86,10,145,141,83,140,10,374,36,0,36,410
06/13/2006,RNO,NV,AWP,WE,Combined TRACON& Tower with Radar,155,42,55,0,252,0,55,49,15,119,155,97,104,15,371,30,0,30,401
06/14/2006,RNO,NV,AWP,WE,Combined TRACON& Tower with Radar,152,50,79,4,285,0,46,108,21,175,152,96,187,25,460,108,2,110,570
06/15/2006,RNO,NV,AWP,WE,Combined TRACON& Tower with Radar,107,31,39,4,181,0,33,86,9,128,107,64,125,13,309,74,0,74,383
06/16/2006,RNO,NV,AWP,WE,Combined TRACON& Tower with Radar,151,46,63,3,263,1,79,126,10,216,152,125,189,13,479,60,10,70,549
06/17/2006,RNO,NV,AWP,WE,Combined TRACON& Tower with Radar,145,29,37,4,215,0,47,102,8,157,145,76,139,12,372,28,0,28,400
06/18/2006,RNO,NV,AWP,WE,Combined TRACON& Tower with Radar,144,40,55,1,240,0,49,141,17,207,144,89,196,18,447,50,0,50,497
06/19/2006,RNO,NV,AWP,WE,Combined TRACON& Tower with Radar,141,55,69,2,267,0,67,114,12,193,141,122,183,14,460,60,8,68,528
06/20/2006,RNO,NV,AWP,WE,Combined TRACON& Tower with Radar,153,40,89,3,285,0,61,148,12,221,153,101,237,15,506,52,0,52,558
06/21/2006,RNO,NV,AWP,WE,Combined TRACON& Tower with Radar,138,48,66,5,257,0,87,157,14,258,138,135,223,19,515,20,2,22,537
06/22/2006,RNO,NV,AWP,WE,Combined TRACON& Tower with Radar,122,45,69,12,248,0,40,108,8,156,122,85,177,20,404,88,4,92,496
06/23/2006,RNO,NV,AWP,WE,Combined TRACON& Tower with Radar,142,51,57,4,254,0,47,85,13,145,142,98,142,17,399,4,0,4,403
06/24/2006,RNO,NV,AWP,WE,Combined TRACON& Tower with Radar,136,40,63,5,244,0,80,101,11,192,136,120,164,16,436,40,0,40,476
06/25/2006,RNO,NV,AWP,WE,Combined TRACON& Tower with Radar,127,45,58,2,232,0,24,109,20,153,127,69,167,22,385,44,2,46,431
06/26/2006,RNO,NV,AWP,WE,Combined TRACON& Tower with Radar,140,64,70,5,279,0,51,90,10,151,140,115,160,15,430,26,0,26,456
06/27/2006,RNO,NV,AWP,WE,Combined TRACON& Tower with Radar,143,59,85,3,290,0,48,87,13,148,143,107,172,16,438,52,0,52,490
06/28/2006,RNO,NV,AWP,WE,Combined TRACON& Tower with Radar,153,53,72,1,279,0,55,128,5,188,153,108,200,6,467,14,0,14,481
06/29/2006,RNO,NV,AWP,WE,Combined TRACON& Tower with Radar,145,59,91,2,297,0,82,127,21,230,145,141,218,23,527,72,2,74,601
06/30/2006,RNO,NV,AWP,WE,Combined TRACON& Tower with Radar,144,58,57,1,260,0,58,134,3,195,144,116,191,4,455,28,0,28,483
07/01/2006,RNO,NV,AWP,WE,Combined TRACON& Tower with Radar,144,45,51,2,242,0,67,122,5,194,144,112,173,7,436,42,0,42,478
07/02/2006,RNO,NV,AWP,WE,Combined TRACON& Tower with Radar,128,37,47,1,213,0,40,91,4,135,128,77,138,5,348,18,0,18,366
07/03/2006,RNO,NV,AWP,WE,Combined TRACON& Tower with Radar,119,43,28,0,190,0,48,77,5,130,119,91,105,5,320,28,0,28,348
07/04/2006,RNO,NV,AWP,WE,Combined TRACON& Tower with Radar,124,33,46,1,204,0,53,92,9,154,124,86,138,10,358,36,0,36,394
07/05/2006,RNO,NV,AWP,WE,Combined TRACON& Tower with Radar,153,42,67,7,269,0,90,99,10,199,153,132,166,17,468,30,2,32,500
07/06/2006,RNO,NV,AWP,WE,Combined TRACON& Tower with Radar,159,39,98,0,296,0,90,131,5,226,159,129,229,5,522,68,2,70,592
07/07/2006,RNO,NV,AWP,WE,Combined TRACON& Tower with Radar,158,41,56,1,256,0,70,134,21,225,158,111,190,22,481,40,0,40,521
07/08/2006,RNO,NV,AWP,WE,Combined TRACON& Tower with Radar,147,30,31,7,215,0,50,72,3,125,147,80,103,10,340,40,2,42,382
07/09/2006,RNO,NV,AWP,WE,Combined TRACON& Tower with Radar,140,39,60,1,240,0,52,133,21,206,140,91,193,22,446,72,0,72,518
07/10/2006,RNO,NV,AWP,WE,Combined TRACON& Tower with Radar,153,35,55,1,244,0,52,84,12,148,153,87,139,13,392,18,0,18,410
07/11/2006,RNO,NV,AWP,WE,Combined TRACON& Tower with Radar,161,45,55,1,262,0,71,111,15,197,161,116,166,16,459,58,2,60,519
07/12/2006,RNO,NV,AWP,WE,Combined TRACON& Tower with Radar,156,40,70,3,269,0,93,108,12,213,156,133,178,15,482,14,0,14,496
07/13/2006,RNO,NV,AWP,WE,Combined TRACON& Tower with Radar,160,39,44,3,246,0,30,109,19,158,160,69,153,22,404,28,0,28,432
07/14/2006,RNO,NV,AWP,WE,Combined TRACON& Tower with Radar,155,33,46,5,239,0,83,113,8,204,155,116,159,13,443,22,0,22,465
07/15/2006,RNO,NV,AWP,WE,Combined TRACON& Tower with Radar,146,27,19,4,196,0,61,72,5,138,146,88,91,9,334,81,0,81,415
07/16/2006,RNO,NV,AWP,WE,Combined TRACON& Tower with Radar,136,35,57,4,232,0,40,105,11,156,136,75,162,15,388,24,2,26,414
07/17/2006,RNO,NV,AWP,WE,Combined TRACON& Tower with Radar,146,44,61,4,255,0,69,88,13,170,146,113,149,17,425,56,0,56,481
07/18/2006,RNO,NV,AWP,WE,Combined TRACON& Tower with Radar,148,55,34,1,238,0,65,69,12,146,148,120,103,13,384,12,0,12,396
07/19/2006,RNO,NV,AWP,WE,Combined TRACON& Tower with Radar,171,51,53,5,280,0,37,96,11,144,171,88,149,16,424,12,0,12,436
07/20/2006,RNO,NV,AWP,WE,Combined TRACON& Tower with Radar,147,46,49,1,243,0,70,84,8,162,147,116,133,9,405,30,0,30,435
07/21/2006,RNO,NV,AWP,WE,Combined TRACON& Tower with Radar,168,48,69,3,288,0,77,117,17,211,168,125,186,20,499,62,6,68,567
07/22/2006,RNO,NV,AWP,WE,Combined TRACON& Tower with Radar,150,51,50,5,256,0,64,79,12,155,150,115,129,17,411,18,0,18,429
07/23/2006,RNO,NV,AWP,WE,Combined TRACON& Tower with Radar,133,34,42,1,210,0,40,78,14,132,133,74,120,15,342,20,0,20,362
07/24/2006,RNO,NV,AWP,WE,Combined TRACON& Tower with Radar,156,34,31,2,223,0,84,85,6,175,156,118,116,8,398,64,0,64,462
07/25/2006,RNO,NV,AWP,WE,Combined TRACON& Tower with Radar,80,17,14,1,112,0,48,48,5,101,80,65,62,6,213,40,0,40,253
07/26/2006,RNO,NV,AWP,WE,Combined TRACON& Tower with Radar,0,10,2,0,12,0,86,2,0,88,0,96,4,0,100,70,0,70,170
07/27/2006,RNO,NV,AWP,WE,Combined TRACON& Tower with Radar,139,29,55,2,225,0,43,105,15,163,139,72,160,17,388,54,2,56,444
07/28/2006,RNO,NV,AWP,WE,Combined TRACON& Tower with Radar,158,48,50,4,260,0,62,123,13,198,158,110,173,17,458,36,2,38,496
07/29/2006,RNO,NV,AWP,WE,Combined TRACON& Tower with Radar,145,27,13,7,192,0,60,83,19,162,145,87,96,26,354,20,0,20,374
07/30/2006,RNO,NV,AWP,WE,Combined TRACON& Tower with Radar,136,39,37,1,213,0,60,77,15,152,136,99,114,16,365,20,0,20,385
07/31/2006,RNO,NV,AWP,WE,Combined TRACON& Tower with Radar,148,43,33,5,229,0,77,109,11,197,148,120,142,16,426,26,4,30,456
08/01/2006,RNO,NV,AWP,WE,Combined TRACON& Tower with Radar,160,43,27,0,230,0,56,68,8,132,160,99,95,8,362,32,0,32,394
08/02/2006,RNO,NV,AWP,WE,Combined TRACON& Tower with Radar,157,45,60,8,270,0,87,121,17,225,157,132,181,25,495,40,2,42,537
08/03/2006,RNO,NV,AWP,WE,Combined TRACON& Tower with Radar,156,51,60,0,267,0,81,160,19,260,156,132,220,19,527,56,0,56,583
08/04/2006,RNO,NV,AWP,WE,Combined TRACON& Tower with Radar,161,37,45,1,244,0,54,137,11,202,161,91,182,12,446,58,2,60,506
08/05/2006,RNO,NV,AWP,WE,Combined TRACON& Tower with Radar,142,38,75,4,259,0,83,109,10,202,142,121,184,14,461,49,0,49,510
08/06/2006,RNO,NV,AWP,WE,Combined TRACON& Tower with Radar,138,46,69,2,255,0,73,159,2,234,138,119,228,4,489,40,0,40,529
08/07/2006,RNO,NV,AWP,WE,Combined TRACON& Tower with Radar,146,56,53,4,259,0,49,93,7,149,146,105,146,11,408,26,0,26,434
08/08/2006,RNO,NV,AWP,WE,Combined TRACON& Tower with Radar,160,55,82,4,301,0,55,110,11,176,160,110,192,15,477,18,0,18,495
08/09/2006,RNO,NV,AWP,WE,Combined TRACON& Tower with Radar,154,41,42,7,244,0,89,124,14,227,154,130,166,21,471,38,0,38,509
08/10/2006,RNO,NV,AWP,WE,Combined TRACON& Tower with Radar,148,40,54,5,247,0,69,114,8,191,148,109,168,13,438,18,0,18,456
08/11/2006,RNO,NV,AWP,WE,Combined TRACON& Tower with Radar,165,43,34,7,249,0,57,109,20,186,165,100,143,27,435,36,0,36,471
08/12/2006,RNO,NV,AWP,WE,Combined TRACON& Tower with Radar,144,31,41,10,226,0,81,93,13,187,144,112,134,23,413,36,0,36,449
08/13/2006,RNO,NV,AWP,WE,Combined TRACON& Tower with Radar,138,48,34,8,228,0,45,131,4,180,138,93,165,12,408,22,0,22,430
08/14/2006,RNO,NV,AWP,WE,Combined TRACON& Tower with Radar,149,38,49,4,240,0,62,126,12,200,149,100,175,16,440,48,0,48,488
08/15/2006,RNO,NV,AWP,WE,Combined TRACON& Tower with Radar,157,46,61,9,273,0,44,84,12,140,157,90,145,21,413,62,0,62,475
08/16/2006,RNO,NV,AWP,WE,Combined TRACON& Tower with Radar,156,39,60,7,262,0,105,122,13,240,156,144,182,20,502,32,2,34,536
08/17/2006,RNO,NV,AWP,WE,Combined TRACON& Tower with Radar,156,38,51,5,250,0,119,107,19,245,156,157,158,24,495,36,0,36,531
08/18/2006,RNO,NV,AWP,WE,Combined TRACON& Tower with Radar,157,43,41,9,250,0,106,116,15,237,157,149,157,24,487,37,3,40,527
08/19/2006,RNO,NV,AWP,WE,Combined TRACON& Tower with Radar,146,35,59,4,244,0,67,127,5,199,146,102,186,9,443,15,0,15,458
08/20/2006,RNO,NV,AWP,WE,Combined TRACON& Tower with Radar,137,49,75,5,266,0,17,146,8,171,137,66,221,13,437,26,0,26,463
08/21/2006,RNO,NV,AWP,WE,Combined TRACON& Tower with Radar,143,63,65,3,274,0,54,89,4,147,143,117,154,7,421,14,0,14,435
08/22/2006,RNO,NV,AWP,WE,Combined TRACON& Tower with Radar,159,62,40,0,261,0,40,118,7,165,159,102,158,7,426,16,0,16,442
08/23/2006,RNO,NV,AWP,WE,Combined TRACON& Tower with Radar,152,62,63,1,278,0,47,115,7,169,152,109,178,8,447,54,0,54,501
08/24/2006,RNO,NV,AWP,WE,Combined TRACON& Tower with Radar,148,43,75,4,270,0,102,131,12,245,148,145,206,16,515,32,0,32,547
08/25/2006,RNO,NV,AWP,WE,Combined TRACON& Tower with Radar,165,58,61,5,289,0,66,146,13,225,165,124,207,18,514,16,0,16,530
08/26/2006,RNO,NV,AWP,WE,Combined TRACON& Tower with Radar,143,36,35,1,215,0,30,85,16,131,143,66,120,17,346,18,0,18,364
08/27/2006,RNO,NV,AWP,WE,Combined TRACON& Tower with Radar,134,49,42,2,227,0,28,116,16,160,134,77,158,18,387,28,2,30,417
08/28/2006,RNO,NV,AWP,WE,Combined TRACON& Tower with Radar,145,37,40,9,231,0,37,111,10,158,145,74,151,19,389,16,0,16,405
08/29/2006,RNO,NV,AWP,WE,Combined TRACON& Tower with Radar,153,43,49,2,247,0,32,103,5,140,153,75,152,7,387,32,4,36,423
08/30/2006,RNO,NV,AWP,WE,Combined TRACON& Tower with Radar,153,38,43,9,243,0,115,119,5,239,153,153,162,14,482,66,6,72,554
08/31/2006,RNO,NV,AWP,WE,Combined TRACON& Tower with Radar,164,40,55,3,262,0,50,120,5,175,164,90,175,8,437,30,0,30,467
09/01/2006,RNO,NV,AWP,WE,Combined TRACON& Tower with Radar,155,47,47,4,253,0,81,142,11,234,155,128,189,15,487,36,0,36,523
09/02/2006,RNO,NV,AWP,WE,Combined TRACON& Tower with Radar,144,31,41,0,216,0,75,134,22,231,144,106,175,22,447,22,0,22,469
09/03/2006,RNO,NV,AWP,WE,Combined TRACON& Tower with Radar,108,33,52,0,193,0,84,125,8,217,108,117,177,8,410,20,2,22,432
09/04/2006,RNO,NV,AWP,WE,Combined TRACON& Tower with Radar,132,37,60,2,231,0,34,175,8,217,132,71,235,10,448,26,0,26,474
09/05/2006,RNO,NV,AWP,WE,Combined TRACON& Tower with Radar,145,36,37,17,235,0,46,87,13,146,145,82,124,30,381,32,36,68,449
09/06/2006,RNO,NV,AWP,WE,Combined TRACON& Tower with Radar,154,47,68,4,273,0,96,114,14,224,154,143,182,18,497,100,2,102,599
09/07/2006,RNO,NV,AWP,WE,Combined TRACON& Tower with Radar,158,58,56,6,278,0,93,101,16,210,158,151,157,22,488,48,0,48,536
09/08/2006,RNO,NV,AWP,WE,Combined TRACON& Tower with Radar,157,43,54,5,259,0,72,133,9,214,157,115,187,14,473,18,0,18,491
09/09/2006,RNO,NV,AWP,WE,Combined TRACON& Tower with Radar,139,38,41,4,222,0,71,105,7,183,139,109,146,11,405,40,0,40,445
09/10/2006,RNO,NV,AWP,WE,Combined TRACON& Tower with Radar,136,72,50,7,265,0,64,141,9,214,136,136,191,16,479,52,0,52,531
09/11/2006,RNO,NV,AWP,WE,Combined TRACON& Tower with Radar,147,48,79,4,278,0,67,105,6,178,147,115,184,10,456,16,0,16,472
09/12/2006,RNO,NV,AWP,WE,Combined TRACON& Tower with Radar,154,56,60,6,276,0,59,137,17,213,154,115,197,23,489,58,0,58,547
09/13/2006,RNO,NV,AWP,WE,Combined TRACON& Tower with Radar,153,44,80,4,281,0,113,151,23,287,153,157,231,27,568,48,0,48,616
09/14/2006,RNO,NV,AWP,WE,Combined TRACON& Tower with Radar,151,59,93,6,309,0,146,129,12,287,151,205,222,18,596,52,0,52,648
09/15/2006,RNO,NV,AWP,WE,Combined TRACON& Tower with Radar,159,49,96,10,314,0,67,136,11,214,159,116,232,21,528,32,0,32,560
09/16/2006,RNO,NV,AWP,WE,Combined TRACON& Tower with Radar,130,50,72,4,256,0,62,193,28,283,130,112,265,32,539,5,0,5,544
09/17/2006,RNO,NV,AWP,WE,Combined TRACON& Tower with Radar,137,44,105,4,290,0,59,219,31,309,137,103,324,35,599,20,2,22,621
09/18/2006,RNO,NV,AWP,WE,Combined TRACON& Tower with Radar,146,41,65,2,254,0,78,254,31,363,146,119,319,33,617,30,4,34,651
09/19/2006,RNO,NV,AWP,WE,Combined TRACON& Tower with Radar,156,42,47,7,252,0,39,114,6,159,156,81,161,13,411,16,2,18,429
09/20/2006,RNO,NV,AWP,WE,Combined TRACON& Tower with Radar,152,38,54,4,248,0,44,124,8,176,152,82,178,12,424,16,2,18,442
09/21/2006,RNO,NV,AWP,WE,Combined TRACON& Tower with Radar,157,38,58,0,253,0,125,118,8,251,157,163,176,8,504,52,0,52,556
09/22/2006,RNO,NV,AWP,WE,Combined TRACON& Tower with Radar,151,41,37,2,231,0,71,68,8,147,151,112,105,10,378,26,0,26,404
09/23/2006,RNO,NV,AWP,WE,Combined TRACON& Tower with Radar,133,34,42,0,209,58,7,138,2,205,191,41,180,2,414,22,0,22,436
09/24/2006,RNO,NV,AWP,WE,Combined TRACON& Tower with Radar,139,30,55,0,224,0,78,92,14,184,139,108,147,14,408,52,0,52,460
09/25/2006,RNO,NV,AWP,WE,Combined TRACON& Tower with Radar,141,36,55,1,233,0,38,106,3,147,141,74,161,4,380,2,0,2,382
09/26/2006,RNO,NV,AWP,WE,Combined TRACON& Tower with Radar,156,55,26,13,250,0,57,121,13,191,156,112,147,26,441,50,0,50,491
09/27/2006,RNO,NV,AWP,WE,Combined TRACON& Tower with Radar,154,41,59,2,256,0,67,133,6,206,154,108,192,8,462,40,0,40,502
09/28/2006,RNO,NV,AWP,WE,Combined TRACON& Tower with Radar,159,44,68,7,278,0,53,129,15,197,159,97,197,22,475,12,0,12,487
09/29/2006,RNO,NV,AWP,WE,Combined TRACON& Tower with Radar,157,51,46,4,258,0,97,118,15,230,157,148,164,19,488,38,0,38,526
09/30/2006,RNO,NV,AWP,WE,Combined TRACON& Tower with Radar,123,35,32,3,193,0,36,99,13,148,123,71,131,16,341,0,0,0,341
10/01/2006,RNO,NV,AWP,WE,Combined TRACON& Tower with Radar,139,37,61,6,243,0,61,81,17,159,139,98,142,23,402,32,0,32,434
10/02/2006,RNO,NV,AWP,WE,Combined TRACON& Tower with Radar,146,46,39,5,236,0,35,62,1,98,146,81,101,6,334,18,0,18,352
10/03/2006,RNO,NV,AWP,WE,Combined TRACON& Tower with Radar,157,53,53,6,269,0,31,83,16,130,157,84,136,22,399,36,4,40,439
10/04/2006,RNO,NV,AWP,WE,Combined TRACON& Tower with Radar,154,41,108,4,307,0,102,113,111,326,154,143,221,115,633,84,4,88,721
10/05/2006,RNO,NV,AWP,WE,Combined TRACON& Tower with Radar,161,39,53,0,253,0,25,38,5,68,161,64,91,5,321,22,2,24,345
10/06/2006,RNO,NV,AWP,WE,Combined TRACON& Tower with Radar,152,52,44,0,248,0,49,69,6,124,152,101,113,6,372,14,0,14,386
10/07/2006,RNO,NV,AWP,WE,Combined TRACON& Tower with Radar,130,30,54,0,214,0,70,90,11,171,130,100,144,11,385,36,0,36,421
10/08/2006,RNO,NV,AWP,WE,Combined TRACON& Tower with Radar,141,33,65,0,239,0,65,137,6,208,141,98,202,6,447,36,2,38,485
10/09/2006,RNO,NV,AWP,WE,Combined TRACON& Tower with Radar,147,31,35,2,215,0,42,71,3,116,147,73,106,5,331,14,0,14,345
10/10/2006,RNO,NV,AWP,WE,Combined TRACON& Tower with Radar,153,38,61,5,257,0,49,105,0,154,153,87,166,5,411,52,0,52,463
10/11/2006,RNO,NV,AWP,WE,Combined TRACON& Tower with Radar,154,41,67,8,270,1,82,125,8,216,155,123,192,16,486,50,2,52,538
10/12/2006,RNO,NV,AWP,WE,Combined TRACON& Tower with Radar,153,38,71,4,266,0,108,121,21,250,153,146,192,25,516,70,8,78,594
10/13/2006,RNO,NV,AWP,WE,Combined TRACON& Tower with Radar,155,31,54,1,241,0,102,97,9,208,155,133,151,10,449,46,0,46,495
10/14/2006,RNO,NV,AWP,WE,Combined TRACON& Tower with Radar,127,27,37,2,193,0,39,104,23,166,127,66,141,25,359,32,4,36,395
10/15/2006,RNO,NV,AWP,WE,Combined TRACON& Tower with Radar,132,36,58,12,238,0,72,77,14,163,132,108,135,26,401,44,0,44,445
10/16/2006,RNO,NV,AWP,WE,Combined TRACON& Tower with Radar,146,54,46,1,247,0,32,37,0,69,146,86,83,1,316,14,0,14,330
10/17/2006,RNO,NV,AWP,WE,Combined TRACON& Tower with Radar,155,42,70,2,269,0,30,57,8,95,155,72,127,10,364,38,2,40,404
10/18/2006,RNO,NV,AWP,WE,Combined TRACON& Tower with Radar,153,45,51,2,251,0,111,113,13,237,153,156,164,15,488,36,0,36,524
10/19/2006,RNO,NV,AWP,WE,Combined TRACON& Tower with Radar,148,54,54,1,257,0,96,112,26,234,148,150,166,27,491,38,0,38,529
10/20/2006,RNO,NV,AWP,WE,Combined TRACON& Tower with Radar,150,50,46,4,250,0,91,93,13,197,150,141,139,17,447,32,0,32,479
10/21/2006,RNO,NV,AWP,WE,Combined TRACON& Tower with Radar,123,47,44,1,215,0,58,109,9,176,123,105,153,10,391,40,0,40,431
10/22/2006,RNO,NV,AWP,WE,Combined TRACON& Tower with Radar,134,37,68,0,239,0,48,177,13,238,134,85,245,13,477,30,0,30,507
10/23/2006,RNO,NV,AWP,WE,Combined TRACON& Tower with Radar,148,34,42,3,227,0,61,91,12,164,148,95,133,15,391,34,0,34,425
10/24/2006,RNO,NV,AWP,WE,Combined TRACON& Tower with Radar,150,37,58,8,253,0,43,109,11,163,150,80,167,19,416,80,0,80,496
10/25/2006,RNO,NV,AWP,WE,Combined TRACON& Tower with Radar,160,43,50,3,256,0,84,98,16,198,160,127,148,19,454,96,0,96,550
10/26/2006,RNO,NV,AWP,WE,Combined TRACON& Tower with Radar,155,36,54,8,253,0,101,134,11,246,155,137,188,19,499,34,0,34,533
10/27/2006,RNO,NV,AWP,WE,Combined TRACON& Tower with Radar,155,46,49,4,254,0,82,132,12,226,155,128,181,16,480,34,0,34,514
10/28/2006,RNO,NV,AWP,WE,Combined TRACON& Tower with Radar,122,34,36,0,192,0,64,100,24,188,122,98,136,24,380,4,0,4,384
10/29/2006,RNO,NV,AWP,WE,Combined TRACON& Tower with Radar,127,35,91,1,254,0,34,146,11,191,127,69,237,12,445,22,2,24,469
10/30/2006,RNO,NV,AWP,WE,Combined TRACON& Tower with Radar,147,45,50,1,243,0,60,96,9,165,147,105,146,10,408,14,0,14,422
10/31/2006,RNO,NV,AWP,WE,Combined TRACON& Tower with Radar,154,38,50,5,247,0,106,86,15,207,154,144,136,20,454,28,2,30,484
11/01/2006,RNO,NV,AWP,WE,Combined TRACON& Tower with Radar,152,52,53,2,259,0,92,91,8,191,152,144,144,10,450,40,0,40,490
11/02/2006,RNO,NV,AWP,WE,Combined TRACON& Tower with Radar,152,72,51,1,276,0,85,25,3,113,152,157,76,4,389,24,2,26,415
11/03/2006,RNO,NV,AWP,WE,Combined TRACON& Tower with Radar,157,64,46,5,272,0,67,38,2,107,157,131,84,7,379,34,2,36,415
11/04/2006,RNO,NV,AWP,WE,Combined TRACON& Tower with Radar,132,39,36,3,210,0,54,67,5,126,132,93,103,8,336,16,4,20,356
11/05/2006,RNO,NV,AWP,WE,Combined TRACON& Tower with Radar,131,40,60,5,236,0,81,87,8,176,131,121,147,13,412,74,0,74,486
11/06/2006,RNO,NV,AWP,WE,Combined TRACON& Tower with Radar,145,38,60,3,246,0,55,119,6,180,145,93,179,9,426,30,4,34,460
11/07/2006,RNO,NV,AWP,WE,Combined TRACON& Tower with Radar,154,45,43,1,243,0,94,116,7,217,154,139,159,8,460,18,0,18,478
11/08/2006,RNO,NV,AWP,WE,Combined TRACON& Tower with Radar,152,50,42,6,250,0,57,29,1,87,152,107,71,7,337,2,0,2,339
11/09/2006,RNO,NV,AWP,WE,Combined TRACON& Tower with Radar,152,35,46,2,235,0,59,101,9,169,152,94,147,11,404,32,0,32,436
11/10/2006,RNO,NV,AWP,WE,Combined TRACON& Tower with Radar,156,47,95,3,301,0,116,129,7,252,156,163,224,10,553,82,0,82,635
11/11/2006,RNO,NV,AWP,WE,Combined TRACON& Tower with Radar,126,29,25,4,184,0,22,22,0,44,126,51,47,4,228,12,0,12,240
11/12/2006,RNO,NV,AWP,WE,Combined TRACON& Tower with Radar,131,29,44,1,205,0,50,70,8,128,131,79,114,9,333,8,0,8,341
11/13/2006,RNO,NV,AWP,WE,Combined TRACON& Tower with Radar,149,47,28,2,226,0,29,7,0,36,149,76,35,2,262,2,0,2,264
11/14/2006,RNO,NV,AWP,WE,Combined TRACON& Tower with Radar,160,56,53,4,273,0,49,38,5,92,160,105,91,9,365,30,0,30,395
11/15/2006,RNO,NV,AWP,WE,Combined TRACON& Tower with Radar,148,32,59,5,244,0,85,89,12,186,148,117,148,17,430,44,0,44,474
11/16/2006,RNO,NV,AWP,WE,Combined TRACON& Tower with Radar,150,50,67,7,274,0,62,24,5,91,150,112,91,12,365,12,0,12,377
11/17/2006,RNO,NV,AWP,WE,Combined TRACON& Tower with Radar,161,50,68,1,280,0,44,89,5,138,161,94,157,6,418,30,0,30,448
11/18/2006,RNO,NV,AWP,WE,Combined TRACON& Tower with Radar,128,30,62,2,222,0,66,144,8,218,128,96,206,10,440,102,0,102,542
11/19/2006,RNO,NV,AWP,WE,Combined TRACON& Tower with Radar,132,30,69,3,234,0,34,117,9,160,132,64,186,12,394,10,0,10,404
11/20/2006,RNO,NV,AWP,WE,Combined TRACON& Tower with Radar,143,46,58,0,247,0,42,49,12,103,143,88,107,12,350,20,0,20,370
11/21/2006,RNO,NV,AWP,WE,Combined TRACON& Tower with Radar,151,46,43,1,241,0,30,15,1,46,151,76,58,2,287,4,0,4,291
11/22/2006,RNO,NV,AWP,WE,Combined TRACON& Tower with Radar,158,45,44,0,247,0,31,31,3,65,158,76,75,3,312,4,0,4,316
11/23/2006,RNO,NV,AWP,WE,Combined TRACON& Tower with Radar,117,24,42,0,183,0,49,71,5,125,117,73,113,5,308,8,0,8,316
11/24/2006,RNO,NV,AWP,WE,Combined TRACON& Tower with Radar,143,42,64,0,249,0,45,126,12,183,143,87,190,12,432,16,0,16,448
11/25/2006,RNO,NV,AWP,WE,Combined TRACON& Tower with Radar,120,36,52,0,208,0,33,118,12,163,120,69,170,12,371,36,0,36,407
11/26/2006,RNO,NV,AWP,WE,Combined TRACON& Tower with Radar,134,50,52,0,236,0,34,38,3,75,134,84,90,3,311,28,0,28,339
11/27/2006,RNO,NV,AWP,WE,Combined TRACON& Tower with Radar,144,49,39,1,233,4,22,4,1,31,148,71,43,2,264,4,0,4,268
11/28/2006,RNO,NV,AWP,WE,Combined TRACON& Tower with Radar,157,49,40,7,253,0,36,28,1,65,157,85,68,8,318,24,2,26,344
11/29/2006,RNO,NV,AWP,WE,Combined TRACON& Tower with Radar,163,32,53,6,254,0,46,77,16,139,163,78,130,22,393,12,4,16,409
11/30/2006,RNO,NV,AWP,WE,Combined TRACON& Tower with Radar,148,49,69,6,272,0,41,140,15,196,148,90,209,21,468,32,8,40,508
12/01/2006,RNO,NV,AWP,WE,Combined TRACON& Tower with Radar,150,52,40,4,246,0,71,77,8,156,150,123,117,12,402,24,2,26,428
12/02/2006,RNO,NV,AWP,WE,Combined TRACON& Tower with Radar,132,25,43,3,203,0,78,99,20,197,132,103,142,23,400,64,0,64,464
12/03/2006,RNO,NV,AWP,WE,Combined TRACON& Tower with Radar,131,40,62,3,236,0,29,127,18,174,131,69,189,21,410,20,0,20,430
12/04/2006,RNO,NV,AWP,WE,Combined TRACON& Tower with Radar,140,49,55,2,246,0,31,74,6,111,140,80,129,8,357,16,0,16,373
12/05/2006,RNO,NV,AWP,WE,Combined TRACON& Tower with Radar,158,43,64,0,265,0,101,182,10,293,158,144,246,10,558,50,6,56,614
12/06/2006,RNO,NV,AWP,WE,Combined TRACON& Tower with Radar,154,46,52,10,262,0,127,118,16,261,154,173,170,26,523,40,6,46,569
12/07/2006,RNO,NV,AWP,WE,Combined TRACON& Tower with Radar,155,51,46,5,257,0,55,107,17,179,155,106,153,22,436,8,0,8,444
12/08/2006,RNO,NV,AWP,WE,Combined TRACON& Tower with Radar,152,55,44,3,254,0,64,51,3,118,152,119,95,6,372,16,0,16,388
12/09/2006,RNO,NV,AWP,WE,Combined TRACON& Tower with Radar,128,33,52,0,213,0,30,42,0,72,128,63,94,0,285,4,0,4,289
12/10/2006,RNO,NV,AWP,WE,Combined TRACON& Tower with Radar,132,30,46,0,208,0,20,24,0,44,132,50,70,0,252,24,0,24,276
12/11/2006,RNO,NV,AWP,WE,Combined TRACON& Tower with Radar,142,49,49,5,245,0,42,50,9,101,142,91,99,14,346,18,0,18,364
12/12/2006,RNO,NV,AWP,WE,Combined TRACON& Tower with Radar,156,50,52,7,265,0,63,42,10,115,156,113,94,17,380,46,6,52,432
12/13/2006,RNO,NV,AWP,WE,Combined TRACON& Tower with Radar,152,52,74,9,287,0,38,40,4,82,152,90,114,13,369,0,2,2,371
12/14/2006,RNO,NV,AWP,WE,Combined TRACON& Tower with Radar,150,50,45,3,248,0,62,49,3,114,150,112,94,6,362,0,0,0,362
12/15/2006,RNO,NV,AWP,WE,Combined TRACON& Tower with Radar,142,51,33,6,232,0,29,17,4,50,142,80,50,10,282,4,2,6,288
12/16/2006,RNO,NV,AWP,WE,Combined TRACON& Tower with Radar,126,38,28,6,198,0,25,38,4,67,126,63,66,10,265,18,0,18,283
12/17/2006,RNO,NV,AWP,WE,Combined TRACON& Tower with Radar,134,36,43,5,218,0,23,91,0,114,134,59,134,5,332,26,0,26,358
12/18/2006,RNO,NV,AWP,WE,Combined TRACON& Tower with Radar,155,58,51,2,266,0,56,115,4,175,155,114,166,6,441,40,0,40,481
12/19/2006,RNO,NV,AWP,WE,Combined TRACON& Tower with Radar,170,52,72,9,303,0,28,112,11,151,170,80,184,20,454,20,0,20,474
12/20/2006,RNO,NV,AWP,WE,Combined TRACON& Tower with Radar,158,43,64,0,265,0,101,182,10,293,158,144,246,10,558,50,6,56,614
12/21/2006,RNO,NV,AWP,WE,Combined TRACON& Tower with Radar,157,63,56,12,288,0,46,43,6,95,157,109,99,18,383,20,4,24,407
12/22/2006,RNO,NV,AWP,WE,Combined TRACON& Tower with Radar,154,50,47,0,251,0,70,95,6,171,154,120,142,6,422,22,0,22,444
12/23/2006,RNO,NV,AWP,WE,Combined TRACON& Tower with Radar,125,51,68,0,244,0,81,82,0,163,125,132,150,0,407,62,0,62,469
12/24/2006,RNO,NV,AWP,WE,Combined TRACON& Tower with Radar,134,29,27,0,190,0,37,36,5,78,134,66,63,5,268,0,0,0,268
12/25/2006,RNO,NV,AWP,WE,Combined TRACON& Tower with Radar,124,30,15,0,169,0,43,14,3,60,124,73,29,3,229,6,0,6,235
12/26/2006,RNO,NV,AWP,WE,Combined TRACON& Tower with Radar,115,49,40,0,204,0,8,7,2,17,115,57,47,2,221,10,0,10,231
12/27/2006,RNO,NV,AWP,WE,Combined TRACON& Tower with Radar,165,65,42,0,272,0,48,16,0,64,165,113,58,0,336,6,2,8,344
12/28/2006,RNO,NV,AWP,WE,Combined TRACON& Tower with Radar,154,63,55,1,273,0,57,79,18,154,154,120,134,19,427,42,0,42,469
12/29/2006,RNO,NV,AWP,WE,Combined TRACON& Tower with Radar,165,54,62,3,284,0,114,106,4,224,165,168,168,7,508,36,0,36,544
12/30/2006,RNO,NV,AWP,WE,Combined TRACON& Tower with Radar,136,49,52,1,238,0,105,106,9,220,136,154,158,10,458,54,2,56,514
12/31/2006,RNO,NV,AWP,WE,Combined TRACON& Tower with Radar,124,39,36,1,200,0,20,68,1,89,124,59,104,2,289,14,0,14,303
01/01/2007,RNO,NV,AWP,WE,Combined TRACON& Tower with Radar,128,39,48,0,215,0,40,76,7,123,128,79,124,7,338,16,0,16,354
01/02/2007,RNO,NV,AWP,WE,Combined TRACON& Tower with Radar,149,52,65,0,266,0,66,87,4,157,149,118,152,4,423,36,0,36,459
01/03/2007,RNO,NV,AWP,WE,Combined TRACON& Tower with Radar,155,53,41,0,249,1,68,26,4,99,156,121,67,4,348,36,0,36,384
01/04/2007,RNO,NV,AWP,WE,Combined TRACON& Tower with Radar,159,53,28,3,243,0,6,1,0,7,159,59,29,3,250,2,0,2,252
01/05/2007,RNO,NV,AWP,WE,Combined TRACON& Tower with Radar,154,54,43,2,253,0,70,53,1,124,154,124,96,3,377,10,0,10,387
01/06/2007,RNO,NV,AWP,WE,Combined TRACON& Tower with Radar,134,43,26,7,210,0,46,95,7,148,134,89,121,14,358,52,4,56,414
01/07/2007,RNO,NV,AWP,WE,Combined TRACON& Tower with Radar,134,42,63,10,249,0,54,130,14,198,134,96,193,24,447,62,6,68,515
01/08/2007,RNO,NV,AWP,WE,Combined TRACON& Tower with Radar,144,36,37,6,223,0,51,117,5,173,144,87,154,11,396,52,2,54,450
01/09/2007,RNO,NV,AWP,WE,Combined TRACON& Tower with Radar,155,38,55,3,251,0,93,126,19,238,155,131,181,22,489,86,0,86,575
01/10/2007,RNO,NV,AWP,WE,Combined TRACON& Tower with Radar,157,48,59,6,270,0,88,36,2,126,157,136,95,8,396,52,0,52,448
01/11/2007,RNO,NV,AWP,WE,Combined TRACON& Tower with Radar,152,60,24,5,241,0,29,13,1,43,152,89,37,6,284,2,0,2,286
01/12/2007,RNO,NV,AWP,WE,Combined TRACON& Tower with Radar,156,72,50,5,283,0,39,34,2,75,156,111,84,7,358,4,0,4,362
01/13/2007,RNO,NV,AWP,WE,Combined TRACON& Tower with Radar,138,38,33,3,212,1,65,85,8,159,139,103,118,11,371,44,0,44,415
01/14/2007,RNO,NV,AWP,WE,Combined TRACON& Tower with Radar,127,28,99,4,258,0,54,115,19,188,127,82,214,23,446,112,0,112,558
01/15/2007,RNO,NV,AWP,WE,Combined TRACON& Tower with Radar,147,39,68,6,260,0,33,126,7,166,147,72,194,13,426,46,0,46,472
01/16/2007,RNO,NV,AWP,WE,Combined TRACON& Tower with Radar,161,44,55,11,271,0,35,125,9,169,161,79,180,20,440,62,2,64,504
01/17/2007,RNO,NV,AWP,WE,Combined TRACON& Tower with Radar,152,52,29,2,235,0,64,86,7,157,152,116,115,9,392,20,0,20,412
01/18/2007,RNO,NV,AWP,WE,Combined TRACON& Tower with Radar,162,47,92,6,307,0,101,121,16,238,162,148,213,22,545,54,0,54,599
01/19/2007,RNO,NV,AWP,WE,Combined TRACON& Tower with Radar,155,45,42,4,246,0,79,96,5,180,155,124,138,9,426,14,0,14,440
01/20/2007,RNO,NV,AWP,WE,Combined TRACON& Tower with Radar,132,32,35,1,200,0,45,122,11,178,132,77,157,12,378,24,2,26,404
01/21/2007,RNO,NV,AWP,WE,Combined TRACON& Tower with Radar,129,43,48,7,227,0,60,94,9,163,129,103,142,16,390,60,6,66,456
01/22/2007,RNO,NV,AWP,WE,Combined TRACON& Tower with Radar,160,39,50,2,251,0,42,80,9,131,160,81,130,11,382,26,0,26,408
01/23/2007,RNO,NV,AWP,WE,Combined TRACON& Tower with Radar,161,59,89,8,317,0,95,88,9,192,161,154,177,17,509,164,0,164,673
01/24/2007,RNO,NV,AWP,WE,Combined TRACON& Tower with Radar,156,73,110,1,340,0,99,92,13,204,156,172,202,14,544,82,2,84,628
01/25/2007,RNO,NV,AWP,WE,Combined TRACON& Tower with Radar,161,61,115,7,344,0,114,129,10,253,161,175,244,17,597,46,0,46,643
01/26/2007,RNO,NV,AWP,WE,Combined TRACON& Tower with Radar,162,80,126,0,368,0,48,97,13,158,162,128,223,13,526,20,2,22,548
01/27/2007,RNO,NV,AWP,WE,Combined TRACON& Tower with Radar,132,48,99,1,280,0,31,133,4,168,132,79,232,5,448,20,2,22,470
01/28/2007,RNO,NV,AWP,WE,Combined TRACON& Tower with Radar,140,56,111,1,308,0,62,71,14,147,140,118,182,15,455,56,0,56,511
01/29/2007,RNO,NV,AWP,WE,Combined TRACON& Tower with Radar,150,44,58,3,255,0,54,82,3,139,150,98,140,6,394,14,0,14,408
01/30/2007,RNO,NV,AWP,WE,Combined TRACON& Tower with Radar,160,44,45,3,252,0,97,66,12,175,160,141,111,15,427,70,2,72,499
01/31/2007,RNO,NV,AWP,WE,Combined TRACON& Tower with Radar,156,46,40,11,253,0,93,91,18,202,156,139,131,29,455,40,0,40,495
02/01/2007,RNO,NV,AWP,WE,Combined TRACON& Tower with Radar,154,47,53,3,257,0,92,129,10,231,154,139,182,13,488,100,0,100,588
02/02/2007,RNO,NV,AWP,WE,Combined TRACON& Tower with Radar,165,59,33,6,263,0,67,79,7,153,165,126,112,13,416,72,0,72,488
02/03/2007,RNO,NV,AWP,WE,Combined TRACON& Tower with Radar,129,41,63,4,237,0,54,144,14,212,129,95,207,18,449,78,0,78,527
02/04/2007,RNO,NV,AWP,WE,Combined TRACON& Tower with Radar,138,40,43,4,225,0,44,128,17,189,138,84,171,21,414,60,0,60,474
02/05/2007,RNO,NV,AWP,WE,Combined TRACON& Tower with Radar,145,43,56,4,248,0,49,136,38,223,145,92,192,42,471,34,2,36,507
02/06/2007,RNO,NV,AWP,WE,Combined TRACON& Tower with Radar,153,51,36,3,243,0,50,79,12,141,153,101,115,15,384,10,0,10,394
02/07/2007,RNO,NV,AWP,WE,Combined TRACON& Tower with Radar,162,58,56,10,286,0,78,38,2,118,162,136,94,12,404,66,0,66,470
02/08/2007,RNO,NV,AWP,WE,Combined TRACON& Tower with Radar,157,62,44,5,268,0,80,61,6,147,157,142,105,11,415,96,2,98,513
02/09/2007,RNO,NV,AWP,WE,Combined TRACON& Tower with Radar,153,61,55,2,271,0,13,8,4,25,153,74,63,6,296,0,2,2,298
02/10/2007,RNO,NV,AWP,WE,Combined TRACON& Tower with Radar,137,51,51,5,244,0,35,33,2,70,137,86,84,7,314,42,0,42,356
02/11/2007,RNO,NV,AWP,WE,Combined TRACON& Tower with Radar,132,38,47,5,222,0,24,34,2,60,132,62,81,7,282,14,0,14,296
02/12/2007,RNO,NV,AWP,WE,Combined TRACON& Tower with Radar,149,57,57,5,268,0,51,69,8,128,149,108,126,13,396,52,2,54,450
02/13/2007,RNO,NV,AWP,WE,Combined TRACON& Tower with Radar,153,64,53,0,270,0,29,65,7,101,153,93,118,7,371,50,2,52,423
02/14/2007,RNO,NV,AWP,WE,Combined TRACON& Tower with Radar,154,45,56,3,258,0,99,108,9,216,154,144,164,12,474,52,0,52,526
02/15/2007,RNO,NV,AWP,WE,Combined TRACON& Tower with Radar,166,48,69,14,297,0,42,61,17,120,166,90,130,31,417,22,6,28,445
02/16/2007,RNO,NV,AWP,WE,Combined TRACON& Tower with Radar,165,51,82,4,302,0,32,95,6,133,165,83,177,10,435,12,2,14,449
02/17/2007,RNO,NV,AWP,WE,Combined TRACON& Tower with Radar,138,39,31,4,212,0,16,127,19,162,138,55,158,23,374,14,0,14,388
02/18/2007,RNO,NV,AWP,WE,Combined TRACON& Tower with Radar,132,44,59,15,250,0,78,32,7,117,132,122,91,22,367,62,2,64,431
02/19/2007,RNO,NV,AWP,WE,Combined TRACON& Tower with Radar,147,52,79,1,279,0,52,106,8,166,147,104,185,9,445,26,2,28,473
02/20/2007,RNO,NV,AWP,WE,Combined TRACON& Tower with Radar,159,50,35,6,250,0,64,58,7,129,159,114,93,13,379,16,2,18,397
02/21/2007,RNO,NV,AWP,WE,Combined TRACON& Tower with Radar,161,56,55,4,276,0,86,18,14,118,161,142,73,18,394,44,0,44,438
02/22/2007,RNO,NV,AWP,WE,Combined TRACON& Tower with Radar,158,54,67,4,283,0,8,5,0,13,158,62,72,4,296,0,0,0,296
02/23/2007,RNO,NV,AWP,WE,Combined TRACON& Tower with Radar,166,54,67,3,290,0,49,17,6,72,166,103,84,9,362,28,0,28,390
02/24/2007,RNO,NV,AWP,WE,Combined TRACON& Tower with Radar,131,56,30,6,223,0,55,63,5,123,131,111,93,11,346,46,0,46,392
02/25/2007,RNO,NV,AWP,WE,Combined TRACON& Tower with Radar,135,38,58,4,235,0,0,3,0,3,135,38,61,4,238,0,0,0,238
02/26/2007,RNO,NV,AWP,WE,Combined TRACON& Tower with Radar,151,51,27,1,230,0,16,4,0,20,151,67,31,1,250,0,0,0,250
02/27/2007,RNO,NV,AWP,WE,Combined TRACON& Tower with Radar,160,48,41,3,252,0,29,28,3,60,160,77,69,6,312,18,2,20,332
02/28/2007,RNO,NV,AWP,WE,Combined TRACON& Tower with Radar,162,63,36,5,266,0,88,15,2,105,162,151,51,7,371,14,0,14,385
03/01/2007,RNO,NV,AWP,WE,Combined TRACON& Tower with Radar,164,60,87,5,316,0,62,60,11,133,164,122,147,16,449,40,0,40,489
03/02/2007,RNO,NV,AWP,WE,Combined TRACON& Tower with Radar,159,54,74,5,292,0,38,100,4,142,159,92,174,9,434,34,0,34,468
03/03/2007,RNO,NV,AWP,WE,Combined TRACON& Tower with Radar,142,39,59,11,251,0,48,127,18,193,142,87,186,29,444,58,0,58,502
03/04/2007,RNO,NV,AWP,WE,Combined TRACON& Tower with Radar,139,45,43,10,237,0,88,101,13,202,139,133,144,23,439,128,0,128,567
03/05/2007,RNO,NV,AWP,WE,Combined TRACON& Tower with Radar,150,46,52,0,248,0,88,53,5,146,150,134,105,5,394,10,0,10,404
03/06/2007,RNO,NV,AWP,WE,Combined TRACON& Tower with Radar,167,62,68,6,303,0,49,96,7,152,167,111,164,13,455,82,0,82,537
03/07/2007,RNO,NV,AWP,WE,Combined TRACON& Tower with Radar,156,51,75,6,288,0,85,97,9,191,156,136,172,15,479,62,0,62,541
03/08/2007,RNO,NV,AWP,WE,Combined TRACON& Tower with Radar,163,48,69,3,283,0,110,147,20,277,163,158,216,23,560,60,0,60,620
03/09/2007,RNO,NV,AWP,WE,Combined TRACON& Tower with Radar,157,56,55,4,272,0,37,105,10,152,157,93,160,14,424,30,0,30,454
03/10/2007,RNO,NV,AWP,WE,Combined TRACON& Tower with Radar,138,43,55,4,240,0,54,161,6,221,138,97,216,10,461,68,0,68,529
03/11/2007,RNO,NV,AWP,WE,Combined TRACON& Tower with Radar,147,37,81,5,270,0,50,182,10,242,147,87,263,15,512,108,0,108,620
03/12/2007,RNO,NV,AWP,WE,Combined TRACON& Tower with Radar,153,53,44,6,256,0,44,130,5,179,153,97,174,11,435,32,4,36,471
03/13/2007,RNO,NV,AWP,WE,Combined TRACON& Tower with Radar,156,54,65,3,278,0,28,118,4,150,156,82,183,7,428,32,0,32,460
03/14/2007,RNO,NV,AWP,WE,Combined TRACON& Tower with Radar,164,49,45,1,259,0,116,107,12,235,164,165,152,13,494,46,0,46,540
03/15/2007,RNO,NV,AWP,WE,Combined TRACON& Tower with Radar,164,56,71,1,292,0,100,128,19,247,164,156,199,20,539,64,0,64,603
03/16/2007,RNO,NV,AWP,WE,Combined TRACON& Tower with Radar,165,56,47,1,269,0,89,134,9,232,165,145,181,10,501,70,0,70,571
03/17/2007,RNO,NV,AWP,WE,Combined TRACON& Tower with Radar,143,39,44,1,227,0,45,121,12,178,143,84,165,13,405,72,0,72,477
03/18/2007,RNO,NV,AWP,WE,Combined TRACON& Tower with Radar,140,37,54,4,235,0,47,131,8,186,140,84,185,12,421,72,0,72,493
03/19/2007,RNO,NV,AWP,WE,Combined TRACON& Tower with Radar,149,38,26,0,213,0,47,66,12,125,149,85,92,12,338,14,4,18,356
03/20/2007,RNO,NV,AWP,WE,Combined TRACON& Tower with Radar,159,54,50,5,268,0,34,57,0,91,159,88,107,5,359,70,0,70,429
03/21/2007,RNO,NV,AWP,WE,Combined TRACON& Tower with Radar,163,49,53,1,266,0,99,99,6,204,163,148,152,7,470,44,0,44,514
03/22/2007,RNO,NV,AWP,WE,Combined TRACON& Tower with Radar,154,43,76,4,277,0,63,167,7,237,154,106,243,11,514,56,0,56,570
03/23/2007,RNO,NV,AWP,WE,Combined TRACON& Tower with Radar,167,49,59,3,278,0,39,129,14,182,167,88,188,17,460,34,4,38,498
03/24/2007,RNO,NV,AWP,WE,Combined TRACON& Tower with Radar,145,43,63,0,251,0,33,144,9,186,145,76,207,9,437,38,0,38,475
03/25/2007,RNO,NV,AWP,WE,Combined TRACON& Tower with Radar,143,33,33,1,210,0,34,64,8,106,143,67,97,9,316,24,0,24,340
03/26/2007,RNO,NV,AWP,WE,Combined TRACON& Tower with Radar,164,53,42,4,263,0,64,11,2,77,164,117,53,6,340,30,2,32,372
03/27/2007,RNO,NV,AWP,WE,Combined TRACON& Tower with Radar,164,53,42,4,263,0,64,11,2,77,164,117,53,6,340,30,2,32,372
03/28/2007,RNO,NV,AWP,WE,Combined TRACON& Tower with Radar,162,55,65,0,282,0,132,117,8,257,162,187,182,8,539,82,2,84,623
03/29/2007,RNO,NV,AWP,WE,Combined TRACON& Tower with Radar,163,38,54,3,258,0,94,122,10,226,163,132,176,13,484,92,4,96,580
03/30/2007,RNO,NV,AWP,WE,Combined TRACON& Tower with Radar,164,42,78,2,286,0,62,140,4,206,164,104,218,6,492,60,2,62,554
03/31/2007,RNO,NV,AWP,WE,Combined TRACON& Tower with Radar,143,32,43,2,220,0,61,116,4,181,143,93,159,6,401,88,2,90,491
04/01/2007,RNO,NV,AWP,WE,Combined TRACON& Tower with Radar,141,35,42,3,221,0,84,78,5,167,141,119,120,8,388,32,0,32,420
04/02/2007,RNO,NV,AWP,WE,Combined TRACON& Tower with Radar,150,46,43,2,241,0,32,79,20,131,150,78,122,22,372,4,0,4,376
04/03/2007,RNO,NV,AWP,WE,Combined TRACON& Tower with Radar,158,48,44,3,253,0,38,122,14,174,158,86,166,17,427,14,4,18,445
04/04/2007,RNO,NV,AWP,WE,Combined TRACON& Tower with Radar,160,46,44,10,260,0,71,117,14,202,160,117,161,24,462,84,0,84,546
04/05/2007,RNO,NV,AWP,WE,Combined TRACON& Tower with Radar,164,40,41,3,248,0,72,135,8,215,164,112,176,11,463,44,4,48,511
04/06/2007,RNO,NV,AWP,WE,Combined TRACON& Tower with Radar,165,40,46,4,255,0,53,90,14,157,165,93,136,18,412,22,4,26,438
04/07/2007,RNO,NV,AWP,WE,Combined TRACON& Tower with Radar,144,33,36,2,215,0,3,143,1,147,144,36,179,3,362,72,0,72,434
04/08/2007,RNO,NV,AWP,WE,Combined TRACON& Tower with Radar,146,30,36,0,212,0,57,90,8,155,146,87,126,8,367,116,0,116,483
04/09/2007,RNO,NV,AWP,WE,Combined TRACON& Tower with Radar,147,34,34,1,216,0,50,66,10,126,147,84,100,11,342,4,0,4,346
04/10/2007,RNO,NV,AWP,WE,Combined TRACON& Tower with Radar,163,39,26,4,232,0,36,91,15,142,163,75,117,19,374,2,0,2,376
04/11/2007,RNO,NV,AWP,WE,Combined TRACON& Tower with Radar,156,53,54,2,265,0,11,28,2,41,156,64,82,4,306,30,0,30,336
04/12/2007,RNO,NV,AWP,WE,Combined TRACON& Tower with Radar,165,46,45,4,260,0,107,39,3,149,165,153,84,7,409,38,10,48,457
04/13/2007,RNO,NV,AWP,WE,Combined TRACON& Tower with Radar,159,42,36,4,241,0,96,149,7,252,159,138,185,11,493,48,8,56,549
04/14/2007,RNO,NV,AWP,WE,Combined TRACON& Tower with Radar,149,29,51,19,248,0,16,41,3,60,149,45,92,22,308,14,0,14,322
04/15/2007,RNO,NV,AWP,WE,Combined TRACON& Tower with Radar,138,34,36,12,220,0,33,59,11,103,138,67,95,23,323,8,0,8,331
04/16/2007,RNO,NV,AWP,WE,Combined TRACON& Tower with Radar,157,41,37,14,249,0,20,91,23,134,157,61,128,37,383,16,0,16,399
04/17/2007,RNO,NV,AWP,WE,Combined TRACON& Tower with Radar,161,52,51,3,267,0,19,38,2,59,161,71,89,5,326,40,0,40,366
04/18/2007,RNO,NV,AWP,WE,Combined TRACON& Tower with Radar,160,42,55,1,258,0,27,29,2,58,160,69,84,3,316,20,0,20,336
04/19/2007,RNO,NV,AWP,WE,Combined TRACON& Tower with Radar,160,42,47,6,255,0,87,94,2,183,160,129,141,8,438,18,0,18,456
04/20/2007,RNO,NV,AWP,WE,Combined TRACON& Tower with Radar,166,48,49,8,271,0,86,39,1,126,166,134,88,9,397,48,6,54,451
04/21/2007,RNO,NV,AWP,WE,Combined TRACON& Tower with Radar,144,34,34,2,214,0,40,75,2,117,144,74,109,4,331,50,0,50,381
04/22/2007,RNO,NV,AWP,WE,Combined TRACON& Tower with Radar,141,37,51,0,229,0,30,7,0,37,141,67,58,0,266,16,0,16,282
04/23/2007,RNO,NV,AWP,WE,Combined TRACON& Tower with Radar,154,49,27,4,234,0,37,84,11,132,154,86,111,15,366,20,0,20,386
04/24/2007,RNO,NV,AWP,WE,Combined TRACON& Tower with Radar,152,38,41,0,231,0,70,125,8,203,152,108,166,8,434,38,0,38,472
04/25/2007,RNO,NV,AWP,WE,Combined TRACON& Tower with Radar,162,38,51,0,251,0,66,107,8,181,162,104,158,8,432,30,0,30,462
04/26/2007,RNO,NV,AWP,WE,Combined TRACON& Tower with Radar,167,49,55,1,272,0,89,156,21,266,167,138,211,22,538,62,0,62,600
04/27/2007,RNO,NV,AWP,WE,Combined TRACON& Tower with Radar,165,54,48,1,268,0,40,191,25,256,165,94,239,26,524,38,0,38,562
04/28/2007,RNO,NV,AWP,WE,Combined TRACON& Tower with Radar,143,42,36,5,226,0,41,121,15,177,143,83,157,20,403,30,0,30,433
04/29/2007,RNO,NV,AWP,WE,Combined TRACON& Tower with Radar,146,43,51,3,243,0,51,135,18,204,146,94,186,21,447,96,10,106,553
04/30/2007,RNO,NV,AWP,WE,Combined TRACON& Tower with Radar,155,37,36,2,230,0,45,75,18,138,155,82,111,20,368,26,0,26,394
05/01/2007,RNO,NV,AWP,WE,Combined TRACON& Tower with Radar,154,41,34,1,230,0,90,103,6,199,154,131,137,7,429,32,0,32,461
05/02/2007,RNO,NV,AWP,WE,Combined TRACON& Tower with Radar,168,62,49,4,283,0,78,32,6,116,168,140,81,10,399,14,0,14,413
05/03/2007,RNO,NV,AWP,WE,Combined TRACON& Tower with Radar,163,46,65,5,279,0,68,57,3,128,163,114,122,8,407,28,16,44,451
05/04/2007,RNO,NV,AWP,WE,Combined TRACON& Tower with Radar,158,60,55,8,281,0,42,32,2,76,158,102,87,10,357,6,0,6,363
05/05/2007,RNO,NV,AWP,WE,Combined TRACON& Tower with Radar,141,45,26,2,214,0,85,83,10,178,141,130,109,12,392,44,4,48,440
05/06/2007,RNO,NV,AWP,WE,Combined TRACON& Tower with Radar,136,41,40,6,223,0,58,155,15,228,136,99,195,21,451,62,2,64,515
05/07/2007,RNO,NV,AWP,WE,Combined TRACON& Tower with Radar,150,44,49,0,243,0,73,116,1,190,150,117,165,1,433,10,0,10,443
05/08/2007,RNO,NV,AWP,WE,Combined TRACON& Tower with Radar,159,46,56,4,265,0,64,124,12,200,159,110,180,16,465,50,0,50,515
05/09/2007,RNO,NV,AWP,WE,Combined TRACON& Tower with Radar,159,52,34,7,252,0,45,96,7,148,159,97,130,14,400,24,0,24,424
05/10/2007,RNO,NV,AWP,WE,Combined TRACON& Tower with Radar,160,50,66,5,281,0,85,158,13,256,160,135,224,18,537,44,0,44,581
05/11/2007,RNO,NV,AWP,WE,Combined TRACON& Tower with Radar,162,48,39,2,251,0,50,169,11,230,162,98,208,13,481,18,4,22,503
05/12/2007,RNO,NV,AWP,WE,Combined TRACON& Tower with Radar,139,41,28,2,210,0,58,107,18,183,139,99,135,20,393,60,0,60,453
05/13/2007,RNO,NV,AWP,WE,Combined TRACON& Tower with Radar,144,44,22,2,212,0,63,90,8,161,144,107,112,10,373,70,0,70,443
05/14/2007,RNO,NV,AWP,WE,Combined TRACON& Tower with Radar,150,38,24,0,212,0,42,109,5,156,150,80,133,5,368,76,0,76,444
05/15/2007,RNO,NV,AWP,WE,Combined TRACON& Tower with Radar,159,51,61,3,274,0,61,125,17,203,159,112,186,20,477,42,0,42,519
05/16/2007,RNO,NV,AWP,WE,Combined TRACON& Tower with Radar,154,45,47,2,248,0,95,153,12,260,154,140,200,14,508,62,0,62,570
05/17/2007,RNO,NV,AWP,WE,Combined TRACON& Tower with Radar,165,50,53,4,272,0,78,169,29,276,165,128,222,33,548,80,20,100,648
05/18/2007,RNO,NV,AWP,WE,Combined TRACON& Tower with Radar,154,43,39,3,239,0,51,115,9,175,154,94,154,12,414,16,0,16,430
05/19/2007,RNO,NV,AWP,WE,Combined TRACON& Tower with Radar,138,45,43,1,227,0,31,127,12,170,138,76,170,13,397,34,0,34,431
05/20/2007,RNO,NV,AWP,WE,Combined TRACON& Tower with Radar,140,31,24,1,196,0,29,111,9,149,140,60,135,10,345,20,0,20,365
05/21/2007,RNO,NV,AWP,WE,Combined TRACON& Tower with Radar,150,43,48,2,243,0,43,74,11,128,150,86,122,13,371,14,0,14,385
05/22/2007,RNO,NV,AWP,WE,Combined TRACON& Tower with Radar,156,43,60,5,264,0,64,110,11,185,156,107,170,16,449,20,0,20,469
05/23/2007,RNO,NV,AWP,WE,Combined TRACON& Tower with Radar,153,42,46,4,245,0,103,132,15,250,153,145,178,19,495,128,0,128,623
05/24/2007,RNO,NV,AWP,WE,Combined TRACON& Tower with Radar,161,50,67,4,282,0,89,129,13,231,161,139,196,17,513,42,4,46,559
05/25/2007,RNO,NV,AWP,WE,Combined TRACON& Tower with Radar,161,49,41,4,255,0,63,113,10,186,161,112,154,14,441,52,8,60,501
05/26/2007,RNO,NV,AWP,WE,Combined TRACON& Tower with Radar,137,38,39,5,219,0,23,104,12,139,137,61,143,17,358,32,0,32,390
05/27/2007,RNO,NV,AWP,WE,Combined TRACON& Tower with Radar,119,32,29,6,186,0,85,93,8,186,119,117,122,14,372,38,0,38,410
05/28/2007,RNO,NV,AWP,WE,Combined TRACON& Tower with Radar,134,30,35,0,199,0,26,149,6,181,134,56,184,6,380,14,0,14,394
05/29/2007,RNO,NV,AWP,WE,Combined TRACON& Tower with Radar,145,49,50,2,246,0,30,119,13,162,145,79,169,15,408,14,0,14,422
05/30/2007,RNO,NV,AWP,WE,Combined TRACON& Tower with Radar,160,45,59,0,264,0,50,144,8,202,160,95,203,8,466,48,6,54,520
05/31/2007,RNO,NV,AWP,WE,Combined TRACON& Tower with Radar,163,46,44,2,255,0,91,109,14,214,163,137,153,16,469,50,0,50,519
06/01/2007,RNO,NV,AWP,WE,Combined TRACON& Tower with Radar,161,51,53,8,273,0,87,128,25,240,161,138,181,33,513,96,8,104,617
06/02/2007,RNO,NV,AWP,WE,Combined TRACON& Tower with Radar,137,38,22,5,202,0,48,84,14,146,137,86,106,19,348,22,10,32,380
06/03/2007,RNO,NV,AWP,WE,Combined TRACON& Tower with Radar,136,47,35,6,224,0,97,111,17,225,136,144,146,23,449,80,0,80,529
06/04/2007,RNO,NV,AWP,WE,Combined TRACON& Tower with Radar,150,51,42,0,243,0,34,78,7,119,150,85,120,7,362,14,0,14,376
06/05/2007,RNO,NV,AWP,WE,Combined TRACON& Tower with Radar,153,53,34,3,243,0,40,27,4,71,153,93,61,7,314,8,0,8,322
06/06/2007,RNO,NV,AWP,WE,Combined TRACON& Tower with Radar,160,59,49,6,274,0,93,47,2,142,160,152,96,8,416,16,0,16,432
06/07/2007,RNO,NV,AWP,WE,Combined TRACON& Tower with Radar,157,63,52,1,273,1,82,185,21,289,158,145,237,22,562,94,0,94,656
06/08/2007,RNO,NV,AWP,WE,Combined TRACON& Tower with Radar,151,67,32,2,252,0,55,153,18,226,151,122,185,20,478,44,0,44,522
06/09/2007,RNO,NV,AWP,WE,Combined TRACON& Tower with Radar,137,50,38,3,228,0,54,118,13,185,137,104,156,16,413,52,0,52,465
06/10/2007,RNO,NV,AWP,WE,Combined TRACON& Tower with Radar,132,50,21,4,207,0,70,107,7,184,132,120,128,11,391,72,0,72,463
06/11/2007,RNO,NV,AWP,WE,Combined TRACON& Tower with Radar,148,53,20,1,222,0,38,103,11,152,148,91,123,12,374,16,0,16,390
06/12/2007,RNO,NV,AWP,WE,Combined TRACON& Tower with Radar,158,48,31,0,237,0,48,113,19,180,158,96,144,19,417,42,0,42,459
06/13/2007,RNO,NV,AWP,WE,Combined TRACON& Tower with Radar,159,63,32,4,258,0,88,124,8,220,159,151,156,12,478,74,0,74,552
06/14/2007,RNO,NV,AWP,WE,Combined TRACON& Tower with Radar,156,52,52,6,266,0,110,143,12,265,156,162,195,18,531,68,10,78,609
06/15/2007,RNO,NV,AWP,WE,Combined TRACON& Tower with Radar,156,67,27,2,252,0,83,142,24,249,156,150,169,26,501,20,0,20,521
06/16/2007,RNO,NV,AWP,WE,Combined TRACON& Tower with Radar,139,51,36,1,227,0,54,115,4,173,139,105,151,5,400,26,0,26,426
06/17/2007,RNO,NV,AWP,WE,Combined TRACON& Tower with Radar,139,47,22,0,208,0,76,108,3,187,139,123,130,3,395,54,0,54,449
06/18/2007,RNO,NV,AWP,WE,Combined TRACON& Tower with Radar,144,59,40,5,248,0,58,92,17,167,144,117,132,22,415,14,0,14,429
06/19/2007,RNO,NV,AWP,WE,Combined TRACON& Tower with Radar,0,0,15,0,15,0,24,17,56,97,0,24,32,56,112,58,0,58,170
06/20/2007,RNO,NV,AWP,WE,Combined TRACON& Tower with Radar,0,1,18,0,19,0,18,28,0,46,0,19,46,0,65,36,0,36,101
06/21/2007,RNO,NV,AWP,WE,Combined TRACON& Tower with Radar,109,42,54,0,205,0,83,120,13,216,109,125,174,13,421,52,0,52,473
06/22/2007,RNO,NV,AWP,WE,Combined TRACON& Tower with Radar,162,64,52,3,281,0,45,102,6,153,162,109,154,9,434,52,0,52,486
06/23/2007,RNO,NV,AWP,WE,Combined TRACON& Tower with Radar,136,48,32,5,221,0,49,171,5,225,136,97,203,10,446,48,0,48,494
06/24/2007,RNO,NV,AWP,WE,Combined TRACON& Tower with Radar,134,55,41,6,236,0,43,169,4,216,134,98,210,10,452,24,0,24,476
06/25/2007,RNO,NV,AWP,WE,Combined TRACON& Tower with Radar,145,54,27,2,228,0,46,93,7,146,145,100,120,9,374,22,0,22,396
06/26/2007,RNO,NV,AWP,WE,Combined TRACON& Tower with Radar,157,58,47,2,264,0,31,112,12,155,157,89,159,14,419,24,0,24,443
06/27/2007,RNO,NV,AWP,WE,Combined TRACON& Tower with Radar,157,66,43,4,270,0,84,114,9,207,157,150,157,13,477,56,0,56,533
06/28/2007,RNO,NV,AWP,WE,Combined TRACON& Tower with Radar,147,56,56,1,260,0,55,146,12,213,147,111,202,13,473,56,0,56,529
06/29/2007,RNO,NV,AWP,WE,Combined TRACON& Tower with Radar,157,67,56,4,284,0,100,99,6,205,157,167,155,10,489,52,0,52,541
06/30/2007,RNO,NV,AWP,WE,Combined TRACON& Tower with Radar,134,49,23,0,206,0,49,114,9,172,134,98,137,9,378,46,0,46,424
07/01/2007,RNO,NV,AWP,WE,Combined TRACON& Tower with Radar,134,51,43,7,235,0,51,127,14,192,134,102,170,21,427,52,0,52,479
07/02/2007,RNO,NV,AWP,WE,Combined TRACON& Tower with Radar,155,55,29,0,239,0,62,92,5,159,155,117,121,5,398,22,0,22,420
07/03/2007,RNO,NV,AWP,WE,Combined TRACON& Tower with Radar,152,46,37,4,239,0,23,117,10,150,152,69,154,14,389,26,0,26,415
07/04/2007,RNO,NV,AWP,WE,Combined TRACON& Tower with Radar,117,43,27,1,188,0,27,106,5,138,117,70,133,6,326,38,2,40,366
07/05/2007,RNO,NV,AWP,WE,Combined TRACON& Tower with Radar,150,53,36,9,248,0,76,110,7,193,150,129,146,16,441,20,0,20,461
07/06/2007,RNO,NV,AWP,WE,Combined TRACON& Tower with Radar,159,64,40,0,263,0,82,117,8,207,159,146,157,8,470,38,0,38,508
07/07/2007,RNO,NV,AWP,WE,Combined TRACON& Tower with Radar,134,55,32,2,223,0,46,80,7,133,134,101,112,9,356,66,0,66,422
07/08/2007,RNO,NV,AWP,WE,Combined TRACON& Tower with Radar,129,58,56,0,243,0,58,111,4,173,129,116,167,4,416,16,0,16,432
07/09/2007,RNO,NV,AWP,WE,Combined TRACON& Tower with Radar,151,63,47,0,261,0,67,77,6,150,151,130,124,6,411,32,2,34,445
07/10/2007,RNO,NV,AWP,WE,Combined TRACON& Tower with Radar,156,68,40,6,270,0,68,79,18,165,156,136,119,24,435,24,0,24,459
07/11/2007,RNO,NV,AWP,WE,Combined TRACON& Tower with Radar,157,64,50,2,273,0,44,69,2,115,157,108,119,4,388,50,0,50,438
07/12/2007,RNO,NV,AWP,WE,Combined TRACON& Tower with Radar,155,68,55,0,278,0,93,109,12,214,155,161,164,12,492,92,0,92,584
07/13/2007,RNO,NV,AWP,WE,Combined TRACON& Tower with Radar,156,59,31,6,252,0,65,101,6,172,156,124,132,12,424,6,0,6,430
07/14/2007,RNO,NV,AWP,WE,Combined TRACON& Tower with Radar,140,46,17,7,210,0,38,76,12,126,140,84,93,19,336,66,4,70,406
07/15/2007,RNO,NV,AWP,WE,Combined TRACON& Tower with Radar,132,64,48,6,250,0,48,102,12,162,132,112,150,18,412,10,0,10,422
07/16/2007,RNO,NV,AWP,WE,Combined TRACON& Tower with Radar,146,51,26,12,235,0,47,121,10,178,146,98,147,22,413,30,8,38,451
07/17/2007,RNO,NV,AWP,WE,Combined TRACON& Tower with Radar,157,58,33,0,248,0,81,79,12,172,157,139,112,12,420,54,2,56,476
07/18/2007,RNO,NV,AWP,WE,Combined TRACON& Tower with Radar,157,64,56,2,279,0,54,65,18,137,157,118,121,20,416,58,0,58,474
07/19/2007,RNO,NV,AWP,WE,Combined TRACON& Tower with Radar,157,54,62,5,278,0,90,145,14,249,157,144,207,19,527,112,0,112,639
07/20/2007,RNO,NV,AWP,WE,Combined TRACON& Tower with Radar,159,60,51,9,279,0,102,173,13,288,159,162,224,22,567,108,0,108,675
07/21/2007,RNO,NV,AWP,WE,Combined TRACON& Tower with Radar,135,52,30,4,221,0,58,117,8,183,135,110,147,12,404,22,6,28,432
07/22/2007,RNO,NV,AWP,WE,Combined TRACON& Tower with Radar,132,55,36,5,228,0,40,109,8,157,132,95,145,13,385,20,0,20,405
07/23/2007,RNO,NV,AWP,WE,Combined TRACON& Tower with Radar,146,66,34,7,253,0,102,82,4,188,146,168,116,11,441,14,0,14,455
07/24/2007,RNO,NV,AWP,WE,Combined TRACON& Tower with Radar,118,42,43,8,211,0,32,88,8,128,118,74,131,16,339,32,0,32,371
07/25/2007,RNO,NV,AWP,WE,Combined TRACON& Tower with Radar,154,75,45,4,278,0,87,94,7,188,154,162,139,11,466,44,2,46,512
07/26/2007,RNO,NV,AWP,WE,Combined TRACON& Tower with Radar,155,65,47,10,277,0,114,112,12,238,155,179,159,22,515,50,2,52,567
07/27/2007,RNO,NV,AWP,WE,Combined TRACON& Tower with Radar,159,68,50,2,279,0,84,86,14,184,159,152,136,16,463,36,0,36,499
07/28/2007,RNO,NV,AWP,WE,Combined TRACON& Tower with Radar,133,65,20,1,219,0,52,100,5,157,133,117,120,6,376,28,0,28,404
07/29/2007,RNO,NV,AWP,WE,Combined TRACON& Tower with Radar,128,64,51,4,247,0,75,89,10,174,128,139,140,14,421,4,0,4,425
07/30/2007,RNO,NV,AWP,WE,Combined TRACON& Tower with Radar,146,55,37,1,239,0,39,100,3,142,146,94,137,4,381,18,0,18,399
07/31/2007,RNO,NV,AWP,WE,Combined TRACON& Tower with Radar,158,68,50,1,277,0,63,90,3,156,158,131,140,4,433,24,0,24,457
08/01/2007,RNO,NV,AWP,WE,Combined TRACON& Tower with Radar,113,42,46,2,203,0,46,96,10,152,113,88,142,12,355,42,0,42,397
08/02/2007,RNO,NV,AWP,WE,Combined TRACON& Tower with Radar,157,54,49,5,265,1,48,96,10,155,158,102,145,15,420,32,13,45,465
08/03/2007,RNO,NV,AWP,WE,Combined TRACON& Tower with Radar,148,65,47,11,271,0,77,120,16,213,148,142,167,27,484,24,6,30,514
08/04/2007,RNO,NV,AWP,WE,Combined TRACON& Tower with Radar,138,56,15,7,216,0,45,72,4,121,138,101,87,11,337,18,0,18,355
08/05/2007,RNO,NV,AWP,WE,Combined TRACON& Tower with Radar,132,66,43,2,243,0,85,77,6,168,132,151,120,8,411,34,2,36,447
08/06/2007,RNO,NV,AWP,WE,Combined TRACON& Tower with Radar,150,58,44,6,258,0,51,80,5,136,150,109,124,11,394,26,0,26,420
08/07/2007,RNO,NV,AWP,WE,Combined TRACON& Tower with Radar,152,55,44,4,255,0,55,90,5,150,152,110,134,9,405,24,4,28,433
08/08/2007,RNO,NV,AWP,WE,Combined TRACON& Tower with Radar,158,48,59,8,273,0,42,121,14,177,158,90,180,22,450,18,0,18,468
08/09/2007,RNO,NV,AWP,WE,Combined TRACON& Tower with Radar,153,69,41,6,269,0,50,111,8,169,153,119,152,14,438,20,2,22,460
08/10/2007,RNO,NV,AWP,WE,Combined TRACON& Tower with Radar,156,55,39,3,253,0,49,85,7,141,156,104,124,10,394,20,2,22,416
08/11/2007,RNO,NV,AWP,WE,Combined TRACON& Tower with Radar,132,47,26,2,207,0,25,105,9,139,132,72,131,11,346,54,0,54,400
08/12/2007,RNO,NV,AWP,WE,Combined TRACON& Tower with Radar,134,62,31,0,227,0,47,89,7,143,134,109,120,7,370,28,0,28,398
08/13/2007,RNO,NV,AWP,WE,Combined TRACON& Tower with Radar,146,49,33,1,229,0,22,90,6,118,146,71,123,7,347,16,0,16,363
08/14/2007,RNO,NV,AWP,WE,Combined TRACON& Tower with Radar,154,68,43,2,267,0,56,95,5,156,154,124,138,7,423,34,2,36,459
08/15/2007,RNO,NV,AWP,WE,Combined TRACON& Tower with Radar,156,60,44,3,263,0,62,130,11,203,156,122,174,14,466,16,2,18,484
08/16/2007,RNO,NV,AWP,WE,Combined TRACON& Tower with Radar,145,74,43,2,264,0,78,106,19,203,145,152,149,21,467,8,2,10,477
08/17/2007,RNO,NV,AWP,WE,Combined TRACON& Tower with Radar,152,69,48,5,274,0,37,89,9,135,152,106,137,14,409,4,0,4,413
08/18/2007,RNO,NV,AWP,WE,Combined TRACON& Tower with Radar,136,54,29,2,221,0,43,87,11,141,136,97,116,13,362,18,0,18,380
08/19/2007,RNO,NV,AWP,WE,Combined TRACON& Tower with Radar,123,81,24,8,236,0,48,62,4,114,123,129,86,12,350,10,0,10,360
08/20/2007,RNO,NV,AWP,WE,Combined TRACON& Tower with Radar,144,78,43,0,265,0,63,100,11,174,144,141,143,11,439,8,0,8,447
08/21/2007,RNO,NV,AWP,WE,Combined TRACON& Tower with Radar,148,65,54,2,269,0,48,105,15,168,148,113,159,17,437,26,0,26,463
08/22/2007,RNO,NV,AWP,WE,Combined TRACON& Tower with Radar,148,66,52,2,268,0,46,80,17,143,148,112,132,19,411,22,0,22,433
08/23/2007,RNO,NV,AWP,WE,Combined TRACON& Tower with Radar,150,55,40,7,252,0,60,90,14,164,150,115,130,21,416,22,2,24,440
08/24/2007,RNO,NV,AWP,WE,Combined TRACON& Tower with Radar,151,73,44,0,268,0,43,108,16,167,151,116,152,16,435,32,0,32,467
08/25/2007,RNO,NV,AWP,WE,Combined TRACON& Tower with Radar,133,59,35,3,230,0,27,86,23,136,133,86,121,26,366,22,0,22,388
08/26/2007,RNO,NV,AWP,WE,Combined TRACON& Tower with Radar,95,49,24,6,174,0,58,64,6,128,95,107,88,12,302,6,2,8,310
08/27/2007,RNO,NV,AWP,WE,Combined TRACON& Tower with Radar,151,82,32,4,269,0,81,94,10,185,151,163,126,14,454,27,0,27,481
08/28/2007,RNO,NV,AWP,WE,Combined TRACON& Tower with Radar,157,81,22,5,265,0,83,61,6,150,157,164,83,11,415,0,0,0,415
08/29/2007,RNO,NV,AWP,WE,Combined TRACON& Tower with Radar,142,57,53,4,256,0,44,145,18,207,142,101,198,22,463,24,0,24,487
08/30/2007,RNO,NV,AWP,WE,Combined TRACON& Tower with Radar,148,85,51,2,286,0,50,119,17,186,148,135,170,19,472,40,2,42,514
08/31/2007,RNO,NV,AWP,WE,Combined TRACON& Tower with Radar,159,82,47,4,292,0,91,106,12,209,159,173,153,16,501,12,0,12,513
09/01/2007,RNO,NV,AWP,WE,Combined TRACON& Tower with Radar,136,60,28,5,229,0,83,124,6,213,136,143,152,11,442,26,0,26,468
09/02/2007,RNO,NV,AWP,WE,Combined TRACON& Tower with Radar,95,48,21,3,167,0,24,111,13,148,95,72,132,16,315,0,0,0,315
09/03/2007,RNO,NV,AWP,WE,Combined TRACON& Tower with Radar,89,58,30,1,178,0,44,94,10,148,89,102,124,11,326,24,6,30,356
09/04/2007,RNO,NV,AWP,WE,Combined TRACON& Tower with Radar,140,64,29,6,239,0,52,56,8,116,140,116,85,14,355,8,0,8,363
09/05/2007,RNO,NV,AWP,WE,Combined TRACON& Tower with Radar,151,75,39,2,267,0,62,142,19,223,151,137,181,21,490,46,0,46,536
09/06/2007,RNO,NV,AWP,WE,Combined TRACON& Tower with Radar,145,77,36,5,263,0,38,103,6,147,145,115,139,11,410,36,6,42,452
09/07/2007,RNO,NV,AWP,WE,Combined TRACON& Tower with Radar,151,64,34,1,250,0,48,129,14,191,151,112,163,15,441,30,4,34,475
09/08/2007,RNO,NV,AWP,WE,Combined TRACON& Tower with Radar,124,62,27,0,213,0,68,89,31,188,124,130,116,31,401,8,0,8,409
09/09/2007,RNO,NV,AWP,WE,Combined TRACON& Tower with Radar,121,64,34,3,222,0,60,84,23,167,121,124,118,26,389,24,0,24,413
09/10/2007,RNO,NV,AWP,WE,Combined TRACON& Tower with Radar,133,60,44,1,238,0,43,90,14,147,133,103,134,15,385,10,0,10,395
09/11/2007,RNO,NV,AWP,WE,Combined TRACON& Tower with Radar,105,41,47,2,195,1,80,93,22,196,106,121,140,24,391,24,0,24,415
09/12/2007,RNO,NV,AWP,WE,Combined TRACON& Tower with Radar,142,52,63,0,257,0,64,145,24,233,142,116,208,24,490,24,0,24,514
09/13/2007,RNO,NV,AWP,WE,Combined TRACON& Tower with Radar,105,31,59,2,197,1,39,132,24,196,106,70,191,26,393,20,10,30,423
09/14/2007,RNO,NV,AWP,WE,Combined TRACON& Tower with Radar,147,57,115,11,330,0,46,276,42,364,147,103,391,53,694,2,0,2,696
09/15/2007,RNO,NV,AWP,WE,Combined TRACON& Tower with Radar,120,67,62,2,251,0,27,206,42,275,120,94,268,44,526,10,0,10,536
09/16/2007,RNO,NV,AWP,WE,Combined TRACON& Tower with Radar,88,45,58,5,196,0,83,209,43,335,88,128,267,48,531,0,0,0,531
09/17/2007,RNO,NV,AWP,WE,Combined TRACON& Tower with Radar,135,69,86,4,294,0,53,217,31,301,135,122,303,35,595,12,0,12,607
09/18/2007,RNO,NV,AWP,WE,Combined TRACON& Tower with Radar,144,71,38,2,255,0,45,78,13,136,144,116,116,15,391,16,0,16,407
09/19/2007,RNO,NV,AWP,WE,Combined TRACON& Tower with Radar,141,63,66,2,272,0,65,47,8,120,141,128,113,10,392,12,0,12,404
09/20/2007,RNO,NV,AWP,WE,Combined TRACON& Tower with Radar,106,60,47,3,216,0,41,49,0,90,106,101,96,3,306,18,10,28,334
09/21/2007,RNO,NV,AWP,WE,Combined TRACON& Tower with Radar,145,80,44,1,270,0,34,86,4,124,145,114,130,5,394,14,0,14,408
09/22/2007,RNO,NV,AWP,WE,Combined TRACON& Tower with Radar,124,50,34,2,210,0,36,13,2,51,124,86,47,4,261,0,0,0,261
09/23/2007,RNO,NV,AWP,WE,Combined TRACON& Tower with Radar,129,66,43,1,239,0,32,25,2,59,129,98,68,3,298,2,0,2,300
09/24/2007,RNO,NV,AWP,WE,Combined TRACON& Tower with Radar,100,43,40,1,184,0,53,93,10,156,100,96,133,11,340,8,0,8,348
09/25/2007,RNO,NV,AWP,WE,Combined TRACON& Tower with Radar,141,62,46,7,256,0,17,76,7,100,141,79,122,14,356,28,2,30,386
09/26/2007,RNO,NV,AWP,WE,Combined TRACON& Tower with Radar,143,66,37,5,251,0,69,101,15,185,143,135,138,20,436,12,0,12,448
09/27/2007,RNO,NV,AWP,WE,Combined TRACON& Tower with Radar,143,63,51,7,264,0,29,110,34,173,143,92,161,41,437,66,2,68,505
09/28/2007,RNO,NV,AWP,WE,Combined TRACON& Tower with Radar,147,72,39,10,268,0,63,55,6,124,147,135,94,16,392,16,2,18,410
09/29/2007,RNO,NV,AWP,WE,Combined TRACON& Tower with Radar,122,67,28,1,218,0,55,111,7,173,122,122,139,8,391,28,6,34,425
09/30/2007,RNO,NV,AWP,WE,Combined TRACON& Tower with Radar,93,38,35,1,167,0,35,100,4,139,93,73,135,5,306,2,0,2,308
10/01/2007,RNO,NV,AWP,WE,Combined TRACON& Tower with Radar,135,74,32,0,241,0,22,34,4,60,135,96,66,4,301,2,0,2,303
10/02/2007,RNO,NV,AWP,WE,Combined TRACON& Tower with Radar,103,45,31,0,179,0,41,75,10,126,103,86,106,10,305,18,0,18,323
10/03/2007,RNO,NV,AWP,WE,Combined TRACON& Tower with Radar,144,78,49,5,276,0,64,81,13,158,144,142,130,18,434,17,0,17,451
10/04/2007,RNO,NV,AWP,WE,Combined TRACON& Tower with Radar,100,47,33,4,184,0,56,39,7,102,100,103,72,11,286,8,0,8,294
10/05/2007,RNO,NV,AWP,WE,Combined TRACON& Tower with Radar,145,87,55,9,296,0,25,12,2,39,145,112,67,11,335,0,0,0,335
10/06/2007,RNO,NV,AWP,WE,Combined TRACON& Tower with Radar,125,64,23,4,216,0,28,84,8,120,125,92,107,12,336,4,0,4,340
10/07/2007,RNO,NV,AWP,WE,Combined TRACON& Tower with Radar,115,60,45,1,221,0,40,107,13,160,115,100,152,14,381,18,0,18,399
10/08/2007,RNO,NV,AWP,WE,Combined TRACON& Tower with Radar,95,47,36,1,179,0,42,64,17,123,95,89,100,18,302,30,0,30,332
10/09/2007,RNO,NV,AWP,WE,Combined TRACON& Tower with Radar,99,30,43,7,179,0,20,72,14,106,99,50,115,21,285,28,0,28,313
10/10/2007,RNO,NV,AWP,WE,Combined TRACON& Tower with Radar,104,51,32,0,187,0,47,25,4,76,104,98,57,4,263,8,0,8,271
10/11/2007,RNO,NV,AWP,WE,Combined TRACON& Tower with Radar,100,46,47,2,195,0,43,79,2,124,100,89,126,4,319,34,0,34,353
10/12/2007,RNO,NV,AWP,WE,Combined TRACON& Tower with Radar,141,76,73,3,293,0,66,43,11,120,141,142,116,14,413,21,10,31,444
10/13/2007,RNO,NV,AWP,WE,Combined TRACON& Tower with Radar,126,55,36,2,219,0,25,84,6,115,126,80,120,8,334,6,6,12,346
10/14/2007,RNO,NV,AWP,WE,Combined TRACON& Tower with Radar,82,32,32,7,153,0,38,86,13,137,82,70,118,20,290,46,0,46,336
10/15/2007,RNO,NV,AWP,WE,Combined TRACON& Tower with Radar,132,73,50,2,257,0,48,56,1,105,132,121,106,3,362,21,0,21,383
10/16/2007,RNO,NV,AWP,WE,Combined TRACON& Tower with Radar,137,67,42,3,249,0,25,39,4,68,137,92,81,7,317,10,0,10,327
10/17/2007,RNO,NV,AWP,WE,Combined TRACON& Tower with Radar,139,77,53,10,279,0,25,32,7,64,139,102,85,17,343,0,0,0,343
10/18/2007,RNO,NV,AWP,WE,Combined TRACON& Tower with Radar,102,48,30,3,183,0,44,37,8,89,102,92,67,11,272,38,0,38,310
10/19/2007,RNO,NV,AWP,WE,Combined TRACON& Tower with Radar,141,65,41,1,248,0,72,9,9,90,141,137,50,10,338,24,1,25,363
10/20/2007,RNO,NV,AWP,WE,Combined TRACON& Tower with Radar,122,59,33,7,221,0,25,18,0,43,122,84,51,7,264,0,0,0,264
10/21/2007,RNO,NV,AWP,WE,Combined TRACON& Tower with Radar,80,46,44,9,179,0,28,64,13,105,80,74,108,22,284,4,0,4,288
10/22/2007,RNO,NV,AWP,WE,Combined TRACON& Tower with Radar,94,44,28,0,166,0,44,89,8,141,94,88,117,8,307,2,0,2,309
10/23/2007,RNO,NV,AWP,WE,Combined TRACON& Tower with Radar,97,35,38,4,174,0,31,97,8,136,97,66,135,12,310,26,2,28,338
10/24/2007,RNO,NV,AWP,WE,Combined TRACON& Tower with Radar,102,53,23,4,182,0,44,55,1,100,102,97,78,5,282,8,0,8,290
10/25/2007,RNO,NV,AWP,WE,Combined TRACON& Tower with Radar,89,32,45,4,170,0,0,64,9,73,89,32,109,13,243,58,4,62,305
10/26/2007,RNO,NV,AWP,WE,Combined TRACON& Tower with Radar,107,38,23,4,172,0,52,78,11,141,107,90,101,15,313,16,0,16,329
10/27/2007,RNO,NV,AWP,WE,Combined TRACON& Tower with Radar,99,36,32,1,168,0,3,79,13,95,99,39,111,14,263,72,2,74,337
10/28/2007,RNO,NV,AWP,WE,Combined TRACON& Tower with Radar,83,37,41,2,163,0,23,119,6,148,83,60,160,8,311,20,0,20,331
10/29/2007,RNO,NV,AWP,WE,Combined TRACON& Tower with Radar,130,76,30,6,242,0,18,38,3,59,130,94,68,9,301,20,6,26,327
10/30/2007,RNO,NV,AWP,WE,Combined TRACON& Tower with Radar,141,73,36,2,252,0,13,60,12,85,141,86,96,14,337,10,0,10,347
10/31/2007,RNO,NV,AWP,WE,Combined TRACON& Tower with Radar,130,56,37,3,226,0,33,49,3,85,130,89,86,6,311,44,2,46,357
11/01/2007,RNO,NV,AWP,WE,Combined TRACON& Tower with Radar,141,63,66,6,276,0,19,121,13,153,141,82,187,19,429,32,0,32,461
11/02/2007,RNO,NV,AWP,WE,Combined TRACON& Tower with Radar,170,37,66,12,285,0,39,106,13,158,170,76,172,25,443,32,4,36,479
11/03/2007,RNO,NV,AWP,WE,Combined TRACON& Tower with Radar,141,29,34,1,205,0,47,117,15,179,141,76,151,16,384,36,4,40,424
11/04/2007,RNO,NV,AWP,WE,Combined TRACON& Tower with Radar,143,26,42,11,222,0,34,132,11,177,143,60,174,22,399,50,0,50,449
11/05/2007,RNO,NV,AWP,WE,Combined TRACON& Tower with Radar,151,41,37,2,231,0,45,76,5,126,151,86,113,7,357,12,0,12,369
11/06/2007,RNO,NV,AWP,WE,Combined TRACON& Tower with Radar,152,60,44,5,261,0,50,91,7,148,152,110,135,12,409,28,0,28,437
11/07/2007,RNO,NV,AWP,WE,Combined TRACON& Tower with Radar,163,32,37,3,235,0,70,98,14,182,163,102,135,17,417,52,4,56,473
11/08/2007,RNO,NV,AWP,WE,Combined TRACON& Tower with Radar,171,24,51,4,250,0,23,67,11,101,171,47,118,15,351,47,0,47,398
11/09/2007,RNO,NV,AWP,WE,Combined TRACON& Tower with Radar,173,31,51,5,260,0,13,98,23,134,173,44,149,28,394,32,0,32,426
11/10/2007,RNO,NV,AWP,WE,Combined TRACON& Tower with Radar,145,21,32,9,207,0,30,67,1,98,145,51,99,10,305,24,0,24,329
11/11/2007,RNO,NV,AWP,WE,Combined TRACON& Tower with Radar,158,29,21,2,210,0,27,22,3,52,158,56,43,5,262,28,0,28,290
11/12/2007,RNO,NV,AWP,WE,Combined TRACON& Tower with Radar,171,26,40,2,239,0,25,71,6,102,171,51,111,8,341,36,0,36,377
11/13/2007,RNO,NV,AWP,WE,Combined TRACON& Tower with Radar,174,38,60,5,277,0,40,49,8,97,174,78,109,13,374,14,4,18,392
11/14/2007,RNO,NV,AWP,WE,Combined TRACON& Tower with Radar,179,48,70,5,302,0,31,50,2,83,179,79,120,7,385,20,0,20,405
11/15/2007,RNO,NV,AWP,WE,Combined TRACON& Tower with Radar,182,38,43,3,266,0,47,93,16,156,182,85,136,19,422,34,0,34,456
11/16/2007,RNO,NV,AWP,WE,Combined TRACON& Tower with Radar,180,33,32,1,246,0,35,89,8,132,180,68,121,9,378,44,2,46,424
11/17/2007,RNO,NV,AWP,WE,Combined TRACON& Tower with Radar,155,23,16,0,194,0,31,70,4,105,155,54,86,4,299,38,0,38,337
11/18/2007,RNO,NV,AWP,WE,Combined TRACON& Tower with Radar,161,20,29,3,213,0,43,52,5,100,161,63,81,8,313,28,0,28,341
11/19/2007,RNO,NV,AWP,WE,Combined TRACON& Tower with Radar,167,48,31,2,248,0,23,13,0,36,167,71,44,2,284,2,0,2,286
11/20/2007,RNO,NV,AWP,WE,Combined TRACON& Tower with Radar,181,44,59,3,287,0,42,51,11,104,181,86,110,14,391,20,4,24,415
11/21/2007,RNO,NV,AWP,WE,Combined TRACON& Tower with Radar,190,34,54,3,281,0,35,81,8,124,190,69,135,11,405,44,0,44,449
11/22/2007,RNO,NV,AWP,WE,Combined TRACON& Tower with Radar,128,15,8,0,151,0,19,29,1,49,128,34,37,1,200,26,0,26,226
11/23/2007,RNO,NV,AWP,WE,Combined TRACON& Tower with Radar,152,22,20,0,194,0,45,50,3,98,152,67,70,3,292,16,0,16,308
11/24/2007,RNO,NV,AWP,WE,Combined TRACON& Tower with Radar,155,22,34,0,211,0,29,97,2,128,155,51,131,2,339,26,0,26,365
11/25/2007,RNO,NV,AWP,WE,Combined TRACON& Tower with Radar,157,40,41,0,238,0,53,55,3,111,157,93,96,3,349,36,0,36,385
11/26/2007,RNO,NV,AWP,WE,Combined TRACON& Tower with Radar,165,36,28,0,229,0,56,64,13,133,165,92,92,13,362,32,0,32,394
11/27/2007,RNO,NV,AWP,WE,Combined TRACON& Tower with Radar,181,32,39,6,258,0,32,43,1,76,181,64,82,7,334,14,0,14,348
11/28/2007,RNO,NV,AWP,WE,Combined TRACON& Tower with Radar,176,33,27,2,238,0,59,73,7,139,176,92,100,9,377,14,10,24,401
11/29/2007,RNO,NV,AWP,WE,Combined TRACON& Tower with Radar,177,33,44,5,259,0,86,85,9,180,177,119,129,14,439,12,2,14,453
11/30/2007,RNO,NV,AWP,WE,Combined TRACON& Tower with Radar,176,42,41,4,263,0,48,29,0,77,176,90,70,4,340,12,6,18,358
12/01/2007,RNO,NV,AWP,WE,Combined TRACON& Tower with Radar,157,19,19,5,200,0,34,55,9,98,157,53,74,14,298,26,6,32,330
12/02/2007,RNO,NV,AWP,WE,Combined TRACON& Tower with Radar,154,26,17,4,201,0,33,42,4,79,154,59,59,8,280,36,0,36,316
12/03/2007,RNO,NV,AWP,WE,Combined TRACON& Tower with Radar,170,43,42,0,255,0,33,57,3,93,170,76,99,3,348,28,0,28,376
12/04/2007,RNO,NV,AWP,WE,Combined TRACON& Tower with Radar,169,35,47,3,254,0,36,58,2,96,169,71,105,5,350,57,0,57,407
12/05/2007,RNO,NV,AWP,WE,Combined TRACON& Tower with Radar,193,34,51,0,278,0,20,48,6,74,193,54,99,6,352,40,62,102,454
12/06/2007,RNO,NV,AWP,WE,Combined TRACON& Tower with Radar,179,33,49,3,264,0,29,17,3,49,179,62,66,6,313,6,0,6,319
12/07/2007,RNO,NV,AWP,WE,Combined TRACON& Tower with Radar,188,29,41,0,258,0,3,2,1,6,188,32,43,1,264,2,0,2,266
12/08/2007,RNO,NV,AWP,WE,Combined TRACON& Tower with Radar,161,12,37,1,211,0,9,15,0,24,161,21,52,1,235,6,0,6,241
12/09/2007,RNO,NV,AWP,WE,Combined TRACON& Tower with Radar,166,9,36,0,211,0,26,63,5,94,166,35,99,5,305,64,0,64,369
12/10/2007,RNO,NV,AWP,WE,Combined TRACON& Tower with Radar,181,24,53,7,265,0,35,64,4,103,181,59,117,11,368,12,2,14,382
12/11/2007,RNO,NV,AWP,WE,Combined TRACON& Tower with Radar,186,18,34,1,239,0,59,53,11,123,186,77,87,12,362,16,2,18,380
12/12/2007,RNO,NV,AWP,WE,Combined TRACON& Tower with Radar,182,27,52,5,266,0,57,50,3,110,182,84,102,8,376,10,4,14,390
12/13/2007,RNO,NV,AWP,WE,Combined TRACON& Tower with Radar,180,18,70,2,270,0,38,128,22,188,180,56,198,24,458,44,0,44,502
12/14/2007,RNO,NV,AWP,WE,Combined TRACON& Tower with Radar,188,21,37,0,246,0,59,73,1,133,188,80,110,1,379,26,0,26,405
12/15/2007,RNO,NV,AWP,WE,Combined TRACON& Tower with Radar,172,12,18,0,202,0,28,87,9,124,172,40,105,9,326,54,0,54,380
12/16/2007,RNO,NV,AWP,WE,Combined TRACON& Tower with Radar,171,11,32,0,214,0,31,60,1,92,171,42,92,1,306,48,0,48,354
12/17/2007,RNO,NV,AWP,WE,Combined TRACON& Tower with Radar,180,34,32,0,246,0,32,11,1,44,180,66,43,1,290,10,0,10,300
12/18/2007,RNO,NV,AWP,WE,Combined TRACON& Tower with Radar,195,26,34,8,263,0,14,4,2,20,195,40,38,10,283,2,6,8,291
12/19/2007,RNO,NV,AWP,WE,Combined TRACON& Tower with Radar,188,26,42,12,268,0,41,27,1,69,188,67,69,13,337,12,4,16,353
12/20/2007,RNO,NV,AWP,WE,Combined TRACON& Tower with Radar,204,31,43,4,282,0,40,12,1,53,204,71,55,5,335,4,4,8,343
12/21/2007,RNO,NV,AWP,WE,Combined TRACON& Tower with Radar,203,19,47,0,269,0,48,93,3,144,203,67,140,3,413,8,0,8,421
12/22/2007,RNO,NV,AWP,WE,Combined TRACON& Tower with Radar,179,11,46,0,236,0,31,67,1,99,179,42,113,1,335,32,4,36,371
12/23/2007,RNO,NV,AWP,WE,Combined TRACON& Tower with Radar,171,26,41,0,238,0,85,58,1,144,171,111,99,1,382,12,0,12,394
12/24/2007,RNO,NV,AWP,WE,Combined TRACON& Tower with Radar,162,28,7,0,197,0,45,8,0,53,162,73,15,0,250,0,0,0,250
12/25/2007,RNO,NV,AWP,WE,Combined TRACON& Tower with Radar,147,18,19,0,184,0,32,23,1,56,147,50,42,1,240,8,0,8,248
12/26/2007,RNO,NV,AWP,WE,Combined TRACON& Tower with Radar,185,43,32,1,261,0,30,25,0,55,185,73,57,1,316,8,0,8,324
12/27/2007,RNO,NV,AWP,WE,Combined TRACON& Tower with Radar,185,31,54,2,272,0,40,59,4,103,185,71,113,6,375,12,0,12,387
12/28/2007,RNO,NV,AWP,WE,Combined TRACON& Tower with Radar,185,39,45,5,274,0,31,13,4,48,185,70,58,9,322,8,0,8,330
12/29/2007,RNO,NV,AWP,WE,Combined TRACON& Tower with Radar,184,39,49,3,275,0,37,10,2,49,184,76,59,5,324,10,0,10,334
12/30/2007,RNO,NV,AWP,WE,Combined TRACON& Tower with Radar,168,27,36,2,233,58,2,42,1,103,226,29,78,3,336,22,0,22,358
12/31/2007,RNO,NV,AWP,WE,Combined TRACON& Tower with Radar,151,29,44,0,224,0,38,60,8,106,151,67,104,8,330,60,0,60,390
01/01/2008,RNO,NV,AWP,WE,Combined TRACON& Tower with Radar,152,19,55,0,226,0,24,92,3,119,152,43,147,3,345,30,0,30,375
01/02/2008,RNO,NV,AWP,WE,Combined TRACON& Tower with Radar,178,28,52,2,260,0,105,80,2,187,178,133,132,4,447,14,0,14,461
01/03/2008,RNO,NV,AWP,WE,Combined TRACON& Tower with Radar,171,22,22,2,217,0,35,19,0,54,171,57,41,2,271,4,0,4,275
01/04/2008,RNO,NV,AWP,WE,Combined TRACON& Tower with Radar,135,12,8,0,155,0,0,0,0,0,135,12,8,0,155,0,0,0,155
01/05/2008,RNO,NV,AWP,WE,Combined TRACON& Tower with Radar,111,19,10,0,140,0,7,3,0,10,111,26,13,0,150,0,0,0,150
01/06/2008,RNO,NV,AWP,WE,Combined TRACON& Tower with Radar,170,19,25,1,215,0,16,8,1,25,170,35,33,2,240,4,0,4,244
01/07/2008,RNO,NV,AWP,WE,Combined TRACON& Tower with Radar,187,27,43,8,265,0,22,43,1,66,187,49,86,9,331,12,2,14,345
01/08/2008,RNO,NV,AWP,WE,Combined TRACON& Tower with Radar,181,33,43,6,263,0,11,2,1,14,181,44,45,7,277,6,0,6,283
01/09/2008,RNO,NV,AWP,WE,Combined TRACON& Tower with Radar,196,25,33,4,258,0,34,24,3,61,196,59,57,7,319,4,0,4,323
01/10/2008,RNO,NV,AWP,WE,Combined TRACON& Tower with Radar,185,35,47,0,267,0,39,51,6,96,185,74,98,6,363,36,2,38,401
01/11/2008,RNO,NV,AWP,WE,Combined TRACON& Tower with Radar,191,20,56,15,282,0,66,89,2,157,191,86,145,17,439,22,4,26,465
01/12/2008,RNO,NV,AWP,WE,Combined TRACON& Tower with Radar,164,20,36,5,225,0,15,38,0,53,164,35,74,5,278,22,0,22,300
01/13/2008,RNO,NV,AWP,WE,Combined TRACON& Tower with Radar,170,19,34,2,225,0,33,101,3,137,170,52,135,5,362,34,0,34,396
01/14/2008,RNO,NV,AWP,WE,Combined TRACON& Tower with Radar,182,35,35,16,268,0,17,38,3,58,182,52,73,19,326,34,10,44,370
01/15/2008,RNO,NV,AWP,WE,Combined TRACON& Tower with Radar,218,35,40,4,297,0,26,90,11,127,218,61,130,15,424,46,0,46,470
01/16/2008,RNO,NV,AWP,WE,Combined TRACON& Tower with Radar,184,34,40,4,262,0,45,63,5,113,184,79,103,9,375,26,0,26,401
01/17/2008,RNO,NV,AWP,WE,Combined TRACON& Tower with Radar,189,29,38,3,259,0,52,101,2,155,189,81,139,5,414,36,0,36,450
01/18/2008,RNO,NV,AWP,WE,Combined TRACON& Tower with Radar,202,40,38,11,291,0,68,102,8,178,202,108,140,19,469,30,6,36,505
01/19/2008,RNO,NV,AWP,WE,Combined TRACON& Tower with Radar,158,23,34,4,219,0,22,93,0,115,158,45,127,4,334,30,0,30,364
01/20/2008,RNO,NV,AWP,WE,Combined TRACON& Tower with Radar,171,17,28,8,224,0,16,20,9,45,171,33,48,17,269,32,4,36,305
01/21/2008,RNO,NV,AWP,WE,Combined TRACON& Tower with Radar,181,57,88,0,326,0,23,3,0,26,181,80,91,0,352,2,0,2,354
01/22/2008,RNO,NV,AWP,WE,Combined TRACON& Tower with Radar,200,57,75,9,341,0,33,15,1,49,200,90,90,10,390,26,0,26,416
01/23/2008,RNO,NV,AWP,WE,Combined TRACON& Tower with Radar,195,57,93,6,351,0,14,9,0,23,195,71,102,6,374,4,0,4,378
01/24/2008,RNO,NV,AWP,WE,Combined TRACON& Tower with Radar,186,50,115,5,356,0,21,6,0,27,186,71,121,5,383,0,2,2,385
01/25/2008,RNO,NV,AWP,WE,Combined TRACON& Tower with Radar,191,58,120,2,371,0,16,20,1,37,191,74,140,3,408,26,2,28,436
01/26/2008,RNO,NV,AWP,WE,Combined TRACON& Tower with Radar,167,27,89,0,283,0,56,52,6,114,167,83,141,6,397,48,0,48,445
01/27/2008,RNO,NV,AWP,WE,Combined TRACON& Tower with Radar,143,31,70,1,245,0,22,2,1,25,143,53,72,2,270,10,2,12,282
01/28/2008,RNO,NV,AWP,WE,Combined TRACON& Tower with Radar,190,33,47,1,271,0,33,6,2,41,190,66,53,3,312,10,0,10,322
01/29/2008,RNO,NV,AWP,WE,Combined TRACON& Tower with Radar,183,44,46,0,273,0,15,16,3,34,183,59,62,3,307,10,0,10,317
01/30/2008,RNO,NV,AWP,WE,Combined TRACON& Tower with Radar,189,30,40,6,265,0,57,27,2,86,189,87,67,8,351,24,0,24,375
01/31/2008,RNO,NV,AWP,WE,Combined TRACON& Tower with Radar,186,32,42,6,266,0,15,10,0,25,186,47,52,6,291,8,0,8,299
02/01/2008,RNO,NV,AWP,WE,Combined TRACON& Tower with Radar,196,39,29,1,265,0,32,24,3,59,196,71,53,4,324,16,0,16,340
02/02/2008,RNO,NV,AWP,WE,Combined TRACON& Tower with Radar,156,19,36,3,214,0,13,12,0,25,156,32,48,3,239,50,0,50,289
02/03/2008,RNO,NV,AWP,WE,Combined TRACON& Tower with Radar,158,23,22,0,203,0,17,32,1,50,158,40,54,1,253,24,0,24,277
02/04/2008,RNO,NV,AWP,WE,Combined TRACON& Tower with Radar,181,57,90,0,328,0,31,13,0,44,181,88,103,0,372,6,0,6,378
02/05/2008,RNO,NV,AWP,WE,Combined TRACON& Tower with Radar,186,37,52,3,278,0,66,81,1,148,186,103,133,4,426,20,0,20,446
02/06/2008,RNO,NV,AWP,WE,Combined TRACON& Tower with Radar,186,21,51,7,265,0,62,76,2,140,186,83,127,9,405,24,0,24,429
02/07/2008,RNO,NV,AWP,WE,Combined TRACON& Tower with Radar,194,53,64,5,316,0,77,98,7,182,194,130,162,12,498,4,2,6,504
02/08/2008,RNO,NV,AWP,WE,Combined TRACON& Tower with Radar,192,34,54,5,285,0,62,81,7,150,192,96,135,12,435,20,4,24,459
02/09/2008,RNO,NV,AWP,WE,Combined TRACON& Tower with Radar,156,11,21,3,191,0,39,94,5,138,156,50,115,8,329,16,0,16,345
02/10/2008,RNO,NV,AWP,WE,Combined TRACON& Tower with Radar,172,31,44,6,253,0,39,77,9,125,172,70,121,15,378,50,0,50,428
02/11/2008,RNO,NV,AWP,WE,Combined TRACON& Tower with Radar,180,26,30,2,238,0,51,80,3,134,180,77,110,5,372,32,0,32,404
02/12/2008,RNO,NV,AWP,WE,Combined TRACON& Tower with Radar,187,34,35,2,258,0,84,85,10,179,187,118,120,12,437,2,2,4,441
02/13/2008,RNO,NV,AWP,WE,Combined TRACON& Tower with Radar,185,35,30,8,258,0,57,19,4,80,185,92,49,12,338,14,0,14,352
02/14/2008,RNO,NV,AWP,WE,Combined TRACON& Tower with Radar,199,30,59,4,292,0,18,67,2,87,199,48,126,6,379,24,0,24,403
02/15/2008,RNO,NV,AWP,WE,Combined TRACON& Tower with Radar,198,26,45,5,274,0,68,119,2,189,198,94,164,7,463,14,2,16,479
02/16/2008,RNO,NV,AWP,WE,Combined TRACON& Tower with Radar,162,19,21,2,204,0,40,96,17,153,162,59,117,19,357,38,0,38,395
02/17/2008,RNO,NV,AWP,WE,Combined TRACON& Tower with Radar,166,16,12,1,195,0,65,98,3,166,166,81,110,4,361,32,0,32,393
02/18/2008,RNO,NV,AWP,WE,Combined TRACON& Tower with Radar,183,28,47,0,258,0,51,115,12,178,183,79,162,12,436,58,0,58,494
02/19/2008,RNO,NV,AWP,WE,Combined TRACON& Tower with Radar,192,55,34,19,300,0,78,49,5,132,192,133,83,24,432,14,6,20,452
02/20/2008,RNO,NV,AWP,WE,Combined TRACON& Tower with Radar,174,45,40,4,263,0,38,19,1,58,174,83,59,5,321,28,0,28,349
02/21/2008,RNO,NV,AWP,WE,Combined TRACON& Tower with Radar,182,51,44,8,285,0,40,28,0,68,182,91,72,8,353,6,0,6,359
02/22/2008,RNO,NV,AWP,WE,Combined TRACON& Tower with Radar,195,50,68,11,324,0,13,10,1,24,195,63,78,12,348,0,2,2,350
02/23/2008,RNO,NV,AWP,WE,Combined TRACON& Tower with Radar,155,45,28,4,232,0,17,36,3,56,155,62,64,7,288,32,0,32,320
02/24/2008,RNO,NV,AWP,WE,Combined TRACON& Tower with Radar,168,44,36,1,249,0,20,3,0,23,168,64,39,1,272,4,0,4,276
02/25/2008,RNO,NV,AWP,WE,Combined TRACON& Tower with Radar,183,49,47,3,282,0,53,44,5,102,183,102,91,8,384,22,0,22,406
02/26/2008,RNO,NV,AWP,WE,Combined TRACON& Tower with Radar,192,29,45,0,266,0,38,89,1,128,192,67,134,1,394,14,2,16,410
02/27/2008,RNO,NV,AWP,WE,Combined TRACON& Tower with Radar,188,39,30,5,262,0,70,83,3,156,188,109,113,8,418,10,0,10,428
02/28/2008,RNO,NV,AWP,WE,Combined TRACON& Tower with Radar,196,33,46,7,282,0,74,129,10,213,196,107,175,17,495,50,8,58,553
02/29/2008,RNO,NV,AWP,WE,Combined TRACON& Tower with Radar,189,24,36,15,264,0,51,82,4,137,189,75,118,19,401,16,6,22,423
03/01/2008,RNO,NV,AWP,WE,Combined TRACON& Tower with Radar,170,15,18,4,207,0,30,12,8,50,170,45,30,12,257,8,0,8,265
03/02/2008,RNO,NV,AWP,WE,Combined TRACON& Tower with Radar,173,24,49,9,255,0,42,82,6,130,173,66,131,15,385,50,0,50,435
03/03/2008,RNO,NV,AWP,WE,Combined TRACON& Tower with Radar,184,44,44,1,273,0,31,73,4,108,184,75,117,5,381,28,0,28,409
03/04/2008,RNO,NV,AWP,WE,Combined TRACON& Tower with Radar,190,119,30,2,341,0,59,66,6,131,190,178,96,8,472,12,6,18,490
03/05/2008,RNO,NV,AWP,WE,Combined TRACON& Tower with Radar,188,17,45,9,259,42,26,96,2,166,230,43,141,11,425,93,4,97,522
03/06/2008,RNO,NV,AWP,WE,Combined TRACON& Tower with Radar,188,32,40,1,261,0,81,82,5,168,188,113,122,6,429,10,0,10,439
03/07/2008,RNO,NV,AWP,WE,Combined TRACON& Tower with Radar,192,50,32,5,279,0,75,93,2,170,192,125,125,7,449,16,0,16,465
03/08/2008,RNO,NV,AWP,WE,Combined TRACON& Tower with Radar,167,34,23,1,225,0,23,52,5,80,167,57,75,6,305,28,0,28,333
03/09/2008,RNO,NV,AWP,WE,Combined TRACON& Tower with Radar,171,16,32,4,223,0,40,96,5,141,171,56,128,9,364,34,0,34,398
03/10/2008,RNO,NV,AWP,WE,Combined TRACON& Tower with Radar,183,29,51,2,265,0,64,75,2,141,183,93,126,4,406,64,0,64,470
03/11/2008,RNO,NV,AWP,WE,Combined TRACON& Tower with Radar,180,33,37,1,251,0,55,64,7,126,180,88,101,8,377,30,6,36,413
03/12/2008,RNO,NV,AWP,WE,Combined TRACON& Tower with Radar,182,20,32,3,237,0,55,47,7,109,182,75,79,10,346,46,4,50,396
03/13/2008,RNO,NV,AWP,WE,Combined TRACON& Tower with Radar,185,35,41,3,264,0,45,16,2,63,185,80,57,5,327,10,0,10,337
03/14/2008,RNO,NV,AWP,WE,Combined TRACON& Tower with Radar,187,60,44,10,301,0,28,33,1,62,187,88,77,11,363,14,0,14,377
03/15/2008,RNO,NV,AWP,WE,Combined TRACON& Tower with Radar,156,21,40,3,220,0,14,25,1,40,156,35,65,4,260,0,4,4,264
03/16/2008,RNO,NV,AWP,WE,Combined TRACON& Tower with Radar,175,36,47,3,261,18,4,16,0,38,193,40,63,3,299,18,0,18,317
03/17/2008,RNO,NV,AWP,WE,Combined TRACON& Tower with Radar,181,25,33,1,240,0,33,93,1,127,181,58,126,2,367,28,0,28,395
03/18/2008,RNO,NV,AWP,WE,Combined TRACON& Tower with Radar,183,23,52,0,258,0,55,71,9,135,183,78,123,9,393,58,0,58,451
03/19/2008,RNO,NV,AWP,WE,Combined TRACON& Tower with Radar,182,31,46,2,261,0,40,39,1,80,182,71,85,3,341,34,0,34,375
03/20/2008,RNO,NV,AWP,WE,Combined TRACON& Tower with Radar,183,45,43,2,273,0,39,88,8,135,183,84,131,10,408,44,2,46,454
03/21/2008,RNO,NV,AWP,WE,Combined TRACON& Tower with Radar,183,27,61,6,277,0,62,104,4,170,183,89,165,10,447,20,0,20,467
03/22/2008,RNO,NV,AWP,WE,Combined TRACON& Tower with Radar,160,11,41,5,217,0,47,110,0,157,160,58,151,5,374,36,0,36,410
03/23/2008,RNO,NV,AWP,WE,Combined TRACON& Tower with Radar,168,20,33,3,224,0,20,67,4,91,168,40,100,7,315,6,0,6,321
03/24/2008,RNO,NV,AWP,WE,Combined TRACON& Tower with Radar,180,29,22,0,231,0,76,41,2,119,180,105,63,2,350,13,0,13,363
03/25/2008,RNO,NV,AWP,WE,Combined TRACON& Tower with Radar,180,35,31,2,248,0,21,43,7,71,180,56,74,9,319,24,8,32,351
03/26/2008,RNO,NV,AWP,WE,Combined TRACON& Tower with Radar,187,34,35,2,258,0,17,28,2,47,187,51,63,4,305,12,0,12,317
03/27/2008,RNO,NV,AWP,WE,Combined TRACON& Tower with Radar,185,24,39,1,249,0,66,96,7,169,185,90,135,8,418,0,0,0,418
03/28/2008,RNO,NV,AWP,WE,Combined TRACON& Tower with Radar,191,28,42,3,264,0,30,32,2,64,191,58,74,5,328,12,0,12,340
03/29/2008,RNO,NV,AWP,WE,Combined TRACON& Tower with Radar,169,24,27,7,227,0,56,48,0,104,169,80,75,7,331,20,4,24,355
03/30/2008,RNO,NV,AWP,WE,Combined TRACON& Tower with Radar,163,19,51,1,234,0,9,47,0,56,163,28,98,1,290,2,0,2,292
03/31/2008,RNO,NV,AWP,WE,Combined TRACON& Tower with Radar,170,35,52,4,261,0,60,76,3,139,170,95,128,7,400,46,2,48,448
04/01/2008,RNO,NV,AWP,WE,Combined TRACON& Tower with Radar,185,39,48,4,276,0,37,69,3,109,185,76,117,7,385,49,0,49,434
04/02/2008,RNO,NV,AWP,WE,Combined TRACON& Tower with Radar,176,36,31,6,249,0,31,50,4,85,176,67,81,10,334,14,0,14,348
04/03/2008,RNO,NV,AWP,WE,Combined TRACON& Tower with Radar,174,19,30,3,226,0,60,119,8,187,174,79,149,11,413,30,0,30,443
04/04/2008,RNO,NV,AWP,WE,Combined TRACON& Tower with Radar,190,22,46,6,264,0,21,53,1,75,190,43,99,7,339,14,0,14,353
04/05/2008,RNO,NV,AWP,WE,Combined TRACON& Tower with Radar,164,15,42,8,229,0,55,76,5,136,164,70,118,13,365,42,2,44,409
04/06/2008,RNO,NV,AWP,WE,Combined TRACON& Tower with Radar,160,23,51,5,239,0,36,64,1,101,160,59,115,6,340,18,0,18,358
04/07/2008,RNO,NV,AWP,WE,Combined TRACON& Tower with Radar,175,30,31,5,241,0,38,63,3,104,175,68,94,8,345,16,2,18,363
04/08/2008,RNO,NV,AWP,WE,Combined TRACON& Tower with Radar,177,28,42,12,259,0,35,23,3,61,177,63,65,15,320,10,2,12,332
04/09/2008,RNO,NV,AWP,WE,Combined TRACON& Tower with Radar,175,26,27,1,229,0,45,54,7,106,175,71,81,8,335,16,2,18,353
04/10/2008,RNO,NV,AWP,WE,Combined TRACON& Tower with Radar,176,14,34,10,234,0,70,116,18,204,176,84,150,28,438,20,16,36,474
04/11/2008,RNO,NV,AWP,WE,Combined TRACON& Tower with Radar,184,30,48,1,263,0,64,118,3,185,184,94,166,4,448,40,0,40,488
04/12/2008,RNO,NV,AWP,WE,Combined TRACON& Tower with Radar,153,16,26,3,198,0,34,88,6,128,153,50,114,9,326,32,0,32,358
04/13/2008,RNO,NV,AWP,WE,Combined TRACON& Tower with Radar,157,11,36,25,229,0,38,127,5,170,157,49,163,30,399,18,6,24,423
04/14/2008,RNO,NV,AWP,WE,Combined TRACON& Tower with Radar,196,15,20,7,238,0,14,31,2,47,196,29,51,9,285,36,0,36,321
04/15/2008,RNO,NV,AWP,WE,Combined TRACON& Tower with Radar,178,24,36,8,246,0,29,49,2,80,178,53,85,10,326,16,0,16,342
04/16/2008,RNO,NV,AWP,WE,Combined TRACON& Tower with Radar,183,18,43,3,247,0,52,130,8,190,183,70,173,11,437,104,0,104,541
04/17/2008,RNO,NV,AWP,WE,Combined TRACON& Tower with Radar,182,21,41,7,251,0,40,120,3,163,182,61,161,10,414,34,0,34,448
04/18/2008,RNO,NV,AWP,WE,Combined TRACON& Tower with Radar,186,26,31,12,255,0,60,68,4,132,186,86,99,16,387,22,2,24,411
04/19/2008,RNO,NV,AWP,WE,Combined TRACON& Tower with Radar,152,14,12,10,188,0,21,22,1,44,152,35,34,11,232,2,0,2,234
04/20/2008,RNO,NV,AWP,WE,Combined TRACON& Tower with Radar,156,10,27,0,193,0,20,23,0,43,156,30,50,0,236,2,0,2,238
04/21/2008,RNO,NV,AWP,WE,Combined TRACON& Tower with Radar,172,21,32,3,228,0,60,41,1,102,172,81,73,4,330,64,0,64,394
04/22/2008,RNO,NV,AWP,WE,Combined TRACON& Tower with Radar,181,19,26,5,231,0,22,32,1,55,181,41,58,6,286,22,4,26,312
04/23/2008,RNO,NV,AWP,WE,Combined TRACON& Tower with Radar,181,32,37,2,252,0,30,17,6,53,181,62,54,8,305,4,2,6,311
04/24/2008,RNO,NV,AWP,WE,Combined TRACON& Tower with Radar,184,13,81,3,281,0,68,106,13,187,184,81,187,16,468,26,0,26,494
04/25/2008,RNO,NV,AWP,WE,Combined TRACON& Tower with Radar,182,20,26,3,231,0,31,102,13,146,182,51,128,16,377,36,0,36,413
04/26/2008,RNO,NV,AWP,WE,Combined TRACON& Tower with Radar,150,11,30,1,192,0,39,101,6,146,150,50,131,7,338,14,0,14,352
04/27/2008,RNO,NV,AWP,WE,Combined TRACON& Tower with Radar,158,13,38,1,210,0,49,99,5,153,158,62,137,6,363,24,0,24,387
04/28/2008,RNO,NV,AWP,WE,Combined TRACON& Tower with Radar,174,17,45,0,236,0,55,77,2,134,174,72,122,2,370,58,0,58,428
04/29/2008,RNO,NV,AWP,WE,Combined TRACON& Tower with Radar,184,25,35,0,244,0,24,16,3,43,184,49,51,3,287,4,0,4,291
04/30/2008,RNO,NV,AWP,WE,Combined TRACON& Tower with Radar,176,39,26,5,246,0,53,51,13,117,176,92,77,18,363,28,4,32,395
05/01/2008,RNO,NV,AWP,WE,Combined TRACON& Tower with Radar,180,29,47,7,263,0,42,87,3,132,180,71,134,10,395,22,4,26,421
05/02/2008,RNO,NV,AWP,WE,Combined TRACON& Tower with Radar,187,31,30,3,251,0,47,89,9,145,187,78,119,12,396,48,2,50,446
05/03/2008,RNO,NV,AWP,WE,Combined TRACON& Tower with Radar,153,10,45,3,211,0,21,79,6,106,153,31,124,9,317,14,0,14,331
05/04/2008,RNO,NV,AWP,WE,Combined TRACON& Tower with Radar,159,16,37,4,216,0,53,48,5,106,159,69,85,9,322,14,0,14,336
05/05/2008,RNO,NV,AWP,WE,Combined TRACON& Tower with Radar,179,25,11,1,216,0,38,36,4,78,179,63,47,5,294,30,0,30,324
05/06/2008,RNO,NV,AWP,WE,Combined TRACON& Tower with Radar,179,21,39,0,239,0,44,62,7,113,179,65,101,7,352,60,0,60,412
05/07/2008,RNO,NV,AWP,WE,Combined TRACON& Tower with Radar,180,32,25,3,240,0,39,40,6,85,180,71,65,9,325,38,0,38,363
05/08/2008,RNO,NV,AWP,WE,Combined TRACON& Tower with Radar,184,26,42,3,255,0,58,76,3,137,184,84,118,6,392,18,2,20,412
05/09/2008,RNO,NV,AWP,WE,Combined TRACON& Tower with Radar,179,24,43,2,248,0,54,83,2,139,179,78,126,4,387,26,0,26,413
05/10/2008,RNO,NV,AWP,WE,Combined TRACON& Tower with Radar,154,18,19,4,195,0,68,50,0,118,154,86,69,4,313,51,0,51,364
05/11/2008,RNO,NV,AWP,WE,Combined TRACON& Tower with Radar,160,14,20,0,194,0,40,60,0,100,160,54,80,0,294,40,0,40,334
05/12/2008,RNO,NV,AWP,WE,Combined TRACON& Tower with Radar,167,27,36,2,232,0,28,58,5,91,167,55,94,7,323,36,0,36,359
05/13/2008,RNO,NV,AWP,WE,Combined TRACON& Tower with Radar,178,31,42,3,254,0,42,102,16,160,178,73,144,19,414,44,2,46,460
05/14/2008,RNO,NV,AWP,WE,Combined TRACON& Tower with Radar,182,22,35,3,242,0,42,82,18,142,182,64,117,21,384,26,0,26,410
05/15/2008,RNO,NV,AWP,WE,Combined TRACON& Tower with Radar,174,31,48,5,258,0,71,87,4,162,174,102,135,9,420,60,0,60,480
05/16/2008,RNO,NV,AWP,WE,Combined TRACON& Tower with Radar,182,21,55,1,259,0,42,91,28,161,182,63,146,29,420,82,0,82,502
05/17/2008,RNO,NV,AWP,WE,Combined TRACON& Tower with Radar,157,18,41,0,216,0,52,91,13,156,157,70,132,13,372,20,2,22,394
05/18/2008,RNO,NV,AWP,WE,Combined TRACON& Tower with Radar,157,22,42,0,221,0,56,90,6,152,157,78,132,6,373,12,0,12,385
05/19/2008,RNO,NV,AWP,WE,Combined TRACON& Tower with Radar,174,19,39,3,235,0,48,71,10,129,174,67,110,13,364,20,0,20,384
05/20/2008,RNO,NV,AWP,WE,Combined TRACON& Tower with Radar,178,27,42,1,248,0,32,55,1,88,178,59,97,2,336,66,0,66,402
05/21/2008,RNO,NV,AWP,WE,Combined TRACON& Tower with Radar,172,30,33,1,236,0,26,44,6,76,172,56,77,7,312,8,0,8,320
05/22/2008,RNO,NV,AWP,WE,Combined TRACON& Tower with Radar,171,33,46,6,256,0,24,18,2,44,171,57,64,8,300,2,0,2,302
05/23/2008,RNO,NV,AWP,WE,Combined TRACON& Tower with Radar,178,31,39,5,253,0,52,17,7,76,178,83,56,12,329,8,0,8,337
05/24/2008,RNO,NV,AWP,WE,Combined TRACON& Tower with Radar,146,14,36,1,197,0,22,21,0,43,146,36,57,1,240,45,0,45,285
05/25/2008,RNO,NV,AWP,WE,Combined TRACON& Tower with Radar,132,13,38,1,184,0,24,13,0,37,132,37,51,1,221,10,0,10,231
05/26/2008,RNO,NV,AWP,WE,Combined TRACON& Tower with Radar,156,30,44,4,234,0,37,21,7,65,156,67,65,11,299,8,0,8,307
05/27/2008,RNO,NV,AWP,WE,Combined TRACON& Tower with Radar,160,41,36,11,248,0,28,13,1,42,160,69,49,12,290,8,6,14,304
05/28/2008,RNO,NV,AWP,WE,Combined TRACON& Tower with Radar,180,35,40,5,260,0,33,31,7,71,180,68,71,12,331,54,2,56,387
05/29/2008,RNO,NV,AWP,WE,Combined TRACON& Tower with Radar,177,36,36,3,252,0,59,83,0,142,177,95,119,3,394,72,0,72,466
05/30/2008,RNO,NV,AWP,WE,Combined TRACON& Tower with Radar,184,36,44,7,271,0,58,127,6,191,184,94,171,13,462,58,12,70,532
05/31/2008,RNO,NV,AWP,WE,Combined TRACON& Tower with Radar,146,18,16,3,183,0,39,78,8,125,146,57,94,11,308,30,8,38,346
06/01/2008,RNO,NV,AWP,WE,Combined TRACON& Tower with Radar,156,24,26,3,209,0,62,81,5,148,156,86,107,8,357,48,0,48,405
06/02/2008,RNO,NV,AWP,WE,Combined TRACON& Tower with Radar,170,33,29,0,232,0,38,79,1,118,170,71,108,1,350,50,0,50,400
06/03/2008,RNO,NV,AWP,WE,Combined TRACON& Tower with Radar,178,47,52,3,280,0,37,52,3,92,178,84,104,6,372,104,0,104,476
06/04/2008,RNO,NV,AWP,WE,Combined TRACON& Tower with Radar,169,37,30,6,242,0,52,43,7,102,169,89,73,13,344,32,0,32,376
06/05/2008,RNO,NV,AWP,WE,Combined TRACON& Tower with Radar,175,36,65,6,282,0,162,99,16,277,175,198,164,22,559,34,2,36,595
06/06/2008,RNO,NV,AWP,WE,Combined TRACON& Tower with Radar,178,33,31,9,251,0,48,68,7,123,178,81,99,16,374,18,0,18,392
06/07/2008,RNO,NV,AWP,WE,Combined TRACON& Tower with Radar,156,22,27,4,209,0,26,114,1,141,156,48,141,5,350,10,8,18,368
06/08/2008,RNO,NV,AWP,WE,Combined TRACON& Tower with Radar,156,33,21,4,214,0,46,89,8,143,156,79,110,12,357,32,0,32,389
06/09/2008,RNO,NV,AWP,WE,Combined TRACON& Tower with Radar,166,48,32,0,246,0,47,72,10,129,166,95,104,10,375,34,2,36,411
06/10/2008,RNO,NV,AWP,WE,Combined TRACON& Tower with Radar,180,43,38,6,267,0,40,45,5,90,180,83,83,11,357,14,4,18,375
06/11/2008,RNO,NV,AWP,WE,Combined TRACON& Tower with Radar,172,37,53,7,269,0,39,96,9,144,172,76,149,16,413,32,2,34,447
06/12/2008,RNO,NV,AWP,WE,Combined TRACON& Tower with Radar,178,23,57,14,272,0,55,124,6,185,178,78,181,20,457,60,0,60,517
06/13/2008,RNO,NV,AWP,WE,Combined TRACON& Tower with Radar,179,44,71,14,308,0,61,146,7,214,179,105,217,21,522,54,4,58,580
06/14/2008,RNO,NV,AWP,WE,Combined TRACON& Tower with Radar,158,17,19,1,195,0,34,96,4,134,158,51,115,5,329,34,2,36,365
06/15/2008,RNO,NV,AWP,WE,Combined TRACON& Tower with Radar,163,25,22,9,219,0,48,96,9,153,163,73,118,18,372,14,0,14,386
06/16/2008,RNO,NV,AWP,WE,Combined TRACON& Tower with Radar,171,26,23,10,230,0,69,71,3,143,171,95,94,13,373,36,0,36,409
06/17/2008,RNO,NV,AWP,WE,Combined TRACON& Tower with Radar,180,50,30,0,260,0,45,82,6,133,180,95,112,6,393,24,0,24,417
06/18/2008,RNO,NV,AWP,WE,Combined TRACON& Tower with Radar,172,35,35,7,249,0,64,108,3,175,172,99,143,10,424,46,0,46,470
06/19/2008,RNO,NV,AWP,WE,Combined TRACON& Tower with Radar,174,33,34,4,245,0,38,101,14,153,174,71,135,18,398,18,0,18,416
06/20/2008,RNO,NV,AWP,WE,Combined TRACON& Tower with Radar,185,36,49,7,277,0,84,113,6,203,185,120,162,13,480,64,0,64,544
06/21/2008,RNO,NV,AWP,WE,Combined TRACON& Tower with Radar,158,15,16,1,190,0,35,66,4,105,158,50,82,5,295,54,0,54,349
06/22/2008,RNO,NV,AWP,WE,Combined TRACON& Tower with Radar,167,31,38,4,240,0,48,116,0,164,167,79,154,4,404,60,0,60,464
06/23/2008,RNO,NV,AWP,WE,Combined TRACON& Tower with Radar,172,45,49,1,267,0,62,76,6,144,172,107,125,7,411,50,0,50,461
06/24/2008,RNO,NV,AWP,WE,Combined TRACON& Tower with Radar,177,63,50,5,295,0,29,58,4,91,177,92,108,9,386,0,0,0,386
06/25/2008,RNO,NV,AWP,WE,Combined TRACON& Tower with Radar,171,56,71,5,303,0,26,21,0,47,171,82,92,5,350,22,0,22,372
06/26/2008,RNO,NV,AWP,WE,Combined TRACON& Tower with Radar,179,57,66,6,308,0,36,38,2,76,179,93,104,8,384,0,0,0,384
06/27/2008,RNO,NV,AWP,WE,Combined TRACON& Tower with Radar,183,42,68,1,294,0,33,110,6,149,183,75,178,7,443,82,0,82,525
06/28/2008,RNO,NV,AWP,WE,Combined TRACON& Tower with Radar,163,19,41,2,225,0,45,62,3,110,163,64,103,5,335,18,0,18,353
06/29/2008,RNO,NV,AWP,WE,Combined TRACON& Tower with Radar,166,25,42,3,236,1,29,92,6,128,167,54,134,9,364,44,0,44,408
06/30/2008,RNO,NV,AWP,WE,Combined TRACON& Tower with Radar,172,46,38,1,257,0,46,58,5,109,172,92,96,6,366,62,0,62,428
07/01/2008,RNO,NV,AWP,WE,Combined TRACON& Tower with Radar,178,50,106,10,344,0,0,0,0,0,178,50,106,10,344,32,0,32,376
07/02/2008,RNO,NV,AWP,WE,Combined TRACON& Tower with Radar,177,55,131,9,372,0,0,0,0,0,177,55,131,9,372,68,0,68,440
07/03/2008,RNO,NV,AWP,WE,Combined TRACON& Tower with Radar,173,49,104,8,334,0,0,0,0,0,173,49,104,8,334,60,0,60,394
07/04/2008,RNO,NV,AWP,WE,Combined TRACON& Tower with Radar,129,36,71,6,242,0,0,0,0,0,129,36,71,6,242,28,6,34,276
07/05/2008,RNO,NV,AWP,WE,Combined TRACON& Tower with Radar,146,16,81,6,249,0,0,0,0,0,146,16,81,6,249,18,0,18,267
07/06/2008,RNO,NV,AWP,WE,Combined TRACON& Tower with Radar,145,52,106,5,308,0,0,0,0,0,145,52,106,5,308,34,0,34,342
07/07/2008,RNO,NV,AWP,WE,Combined TRACON& Tower with Radar,172,55,111,9,347,0,0,0,0,0,172,55,111,9,347,38,0,38,385
07/08/2008,RNO,NV,AWP,WE,Combined TRACON& Tower with Radar,169,57,133,7,366,0,0,0,0,0,169,57,133,7,366,58,0,58,424
07/09/2008,RNO,NV,AWP,WE,Combined TRACON& Tower with Radar,174,99,85,13,371,0,0,0,0,0,174,99,85,13,371,26,6,32,403
07/10/2008,RNO,NV,AWP,WE,Combined TRACON& Tower with Radar,187,51,75,13,326,0,0,0,0,0,187,51,75,13,326,42,2,44,370
07/11/2008,RNO,NV,AWP,WE,Combined TRACON& Tower with Radar,183,56,81,7,327,0,0,0,0,0,183,56,81,7,327,4,6,10,337
07/12/2008,RNO,NV,AWP,WE,Combined TRACON& Tower with Radar,171,27,91,11,300,0,0,0,0,0,171,27,91,11,300,32,0,32,332
07/13/2008,RNO,NV,AWP,WE,Combined TRACON& Tower with Radar,163,37,94,15,309,0,0,0,0,0,163,37,94,15,309,2,0,2,311
07/14/2008,RNO,NV,AWP,WE,Combined TRACON& Tower with Radar,157,36,90,14,297,0,0,0,0,0,157,36,90,14,297,56,0,56,353
07/15/2008,RNO,NV,AWP,WE,Combined TRACON& Tower with Radar,174,55,128,7,364,0,0,0,0,0,174,55,128,7,364,62,2,64,428
07/16/2008,RNO,NV,AWP,WE,Combined TRACON& Tower with Radar,178,39,132,6,355,0,0,0,0,0,178,39,132,6,355,64,0,64,419
07/17/2008,RNO,NV,AWP,WE,Combined TRACON& Tower with Radar,174,50,103,10,337,0,0,0,0,0,174,50,103,10,337,59,2,61,398
07/18/2008,RNO,NV,AWP,WE,Combined TRACON& Tower with Radar,214,24,65,12,315,0,0,0,0,0,214,24,65,12,315,16,1,17,332
07/19/2008,RNO,NV,AWP,WE,Combined TRACON& Tower with Radar,161,23,65,12,261,0,0,0,0,0,161,23,65,12,261,69,1,70,331
07/20/2008,RNO,NV,AWP,WE,Combined TRACON& Tower with Radar,158,39,95,7,299,0,0,0,0,0,158,39,95,7,299,54,0,54,353
07/21/2008,RNO,NV,AWP,WE,Combined TRACON& Tower with Radar,173,51,88,9,321,0,0,0,0,0,173,51,88,9,321,32,4,36,357
07/22/2008,RNO,NV,AWP,WE,Combined TRACON& Tower with Radar,177,38,116,7,338,0,0,0,0,0,177,38,116,7,338,78,0,78,416
07/23/2008,RNO,NV,AWP,WE,Combined TRACON& Tower with Radar,176,50,100,6,332,0,0,0,0,0,176,50,100,6,332,16,0,16,348
07/24/2008,RNO,NV,AWP,WE,Combined TRACON& Tower with Radar,178,48,125,11,362,0,0,0,0,0,178,48,125,11,362,46,0,46,408
07/25/2008,RNO,NV,AWP,WE,Combined TRACON& Tower with Radar,183,49,146,8,386,0,0,0,0,0,183,49,146,8,386,36,0,36,422
07/26/2008,RNO,NV,AWP,WE,Combined TRACON& Tower with Radar,178,30,109,2,319,0,0,0,0,0,178,30,109,2,319,20,0,20,339
07/27/2008,RNO,NV,AWP,WE,Combined TRACON& Tower with Radar,159,26,145,7,337,0,0,0,0,0,159,26,145,7,337,52,0,52,389
07/28/2008,RNO,NV,AWP,WE,Combined TRACON& Tower with Radar,172,53,94,10,329,0,0,0,0,0,172,53,94,10,329,28,0,28,357
07/29/2008,RNO,NV,AWP,WE,Combined TRACON& Tower with Radar,173,61,115,9,358,0,0,0,0,0,173,61,115,9,358,12,0,12,370
07/30/2008,RNO,NV,AWP,WE,Combined TRACON& Tower with Radar,176,67,140,5,388,0,0,0,0,0,176,67,140,5,388,66,2,68,456
07/31/2008,RNO,NV,AWP,WE,Combined TRACON& Tower with Radar,172,55,110,13,350,0,0,0,0,0,172,55,110,13,350,30,4,34,384
08/01/2008,RNO,NV,AWP,WE,Combined TRACON& Tower with Radar,186,58,119,8,371,0,0,0,0,0,186,58,119,8,371,46,2,48,419
08/02/2008,RNO,NV,AWP,WE,Combined TRACON& Tower with Radar,156,30,115,8,309,0,0,0,0,0,156,30,115,8,309,42,0,42,351
08/03/2008,RNO,NV,AWP,WE,Combined TRACON& Tower with Radar,166,35,120,14,335,0,0,0,0,0,166,35,120,14,335,30,0,30,365
08/04/2008,RNO,NV,AWP,WE,Combined TRACON& Tower with Radar,167,60,125,0,352,0,0,0,0,0,167,60,125,0,352,26,0,26,378
08/05/2008,RNO,NV,AWP,WE,Combined TRACON& Tower with Radar,170,45,105,7,327,0,0,0,0,0,170,45,105,7,327,40,0,40,367
08/06/2008,RNO,NV,AWP,WE,Combined TRACON& Tower with Radar,181,42,115,6,344,0,0,0,0,0,181,42,115,6,344,6,0,6,350
08/07/2008,RNO,NV,AWP,WE,Combined TRACON& Tower with Radar,172,59,125,9,365,0,0,0,0,0,172,59,125,9,365,30,0,30,395
08/08/2008,RNO,NV,AWP,WE,Combined TRACON& Tower with Radar,187,62,112,17,378,0,0,0,0,0,187,62,112,17,378,68,12,80,458
08/09/2008,RNO,NV,AWP,WE,Combined TRACON& Tower with Radar,159,18,117,7,301,0,0,0,0,0,159,18,117,7,301,6,0,6,307
08/10/2008,RNO,NV,AWP,WE,Combined TRACON& Tower with Radar,171,31,135,4,341,0,0,0,0,0,171,31,135,4,341,72,0,72,413
08/11/2008,RNO,NV,AWP,WE,Combined TRACON& Tower with Radar,170,58,82,1,311,0,0,0,0,0,170,58,82,1,311,82,0,82,393
08/12/2008,RNO,NV,AWP,WE,Combined TRACON& Tower with Radar,174,36,105,6,321,0,0,0,0,0,174,36,105,6,321,33,0,33,354
08/13/2008,RNO,NV,AWP,WE,Combined TRACON& Tower with Radar,177,55,118,6,356,0,0,0,0,0,177,55,118,6,356,66,0,66,422
08/14/2008,RNO,NV,AWP,WE,Combined TRACON& Tower with Radar,177,54,109,5,345,0,0,0,0,0,177,54,109,5,345,8,0,8,353
08/15/2008,RNO,NV,AWP,WE,Combined TRACON& Tower with Radar,186,43,127,24,380,0,0,0,0,0,186,43,127,24,380,20,6,26,406
08/16/2008,RNO,NV,AWP,WE,Combined TRACON& Tower with Radar,160,18,99,6,283,0,0,0,0,0,160,18,99,6,283,52,0,52,335
08/17/2008,RNO,NV,AWP,WE,Combined TRACON& Tower with Radar,166,22,126,10,324,0,0,0,0,0,166,22,126,10,324,66,0,66,390
08/18/2008,RNO,NV,AWP,WE,Combined TRACON& Tower with Radar,169,66,107,6,348,0,51,0,0,51,169,117,107,6,399,24,0,24,423
08/19/2008,RNO,NV,AWP,WE,Combined TRACON& Tower with Radar,172,33,84,9,298,0,0,0,0,0,172,33,84,9,298,6,0,6,304
08/20/2008,RNO,NV,AWP,WE,Combined TRACON& Tower with Radar,169,44,124,5,342,0,0,0,0,0,169,44,124,5,342,24,0,24,366
08/21/2008,RNO,NV,AWP,WE,Combined TRACON& Tower with Radar,172,40,130,11,353,0,0,0,0,0,172,40,130,11,353,24,0,24,377
08/22/2008,RNO,NV,AWP,WE,Combined TRACON& Tower with Radar,183,51,134,11,379,0,0,0,0,0,183,51,134,11,379,0,4,4,383
08/23/2008,RNO,NV,AWP,WE,Combined TRACON& Tower with Radar,139,23,123,9,294,0,0,0,0,0,139,23,123,9,294,12,0,12,306
08/24/2008,RNO,NV,AWP,WE,Combined TRACON& Tower with Radar,146,34,124,14,318,0,0,0,0,0,146,34,124,14,318,36,2,38,356
08/25/2008,RNO,NV,AWP,WE,Combined TRACON& Tower with Radar,160,47,92,2,301,0,0,0,0,0,160,47,92,2,301,54,0,54,355
08/26/2008,RNO,NV,AWP,WE,Combined TRACON& Tower with Radar,162,65,145,13,385,0,0,0,0,0,162,65,145,13,385,70,0,70,455
08/27/2008,RNO,NV,AWP,WE,Combined TRACON& Tower with Radar,171,56,194,5,426,0,0,0,0,0,171,56,194,5,426,46,0,46,472
08/28/2008,RNO,NV,AWP,WE,Combined TRACON& Tower with Radar,168,60,172,13,413,0,0,0,0,0,168,60,172,13,413,60,0,60,473
08/29/2008,RNO,NV,AWP,WE,Combined TRACON& Tower with Radar,172,69,211,7,459,0,0,0,0,0,172,69,211,7,459,68,2,70,529
08/30/2008,RNO,NV,AWP,WE,Combined TRACON& Tower with Radar,135,24,124,4,287,0,0,0,0,0,135,24,124,4,287,36,0,36,323
08/31/2008,RNO,NV,AWP,WE,Combined TRACON& Tower with Radar,125,30,107,7,269,0,0,0,0,0,125,30,107,7,269,40,0,40,309
09/01/2008,RNO,NV,AWP,WE,Combined TRACON& Tower with Radar,144,27,134,5,310,0,0,0,0,0,144,27,134,5,310,14,0,14,324
09/02/2008,RNO,NV,AWP,WE,Combined TRACON& Tower with Radar,154,49,109,13,325,0,0,0,0,0,154,49,109,13,325,12,0,12,337
09/03/2008,RNO,NV,AWP,WE,Combined TRACON& Tower with Radar,168,56,145,11,380,0,0,0,0,0,168,56,145,11,380,38,0,38,418
09/04/2008,RNO,NV,AWP,WE,Combined TRACON& Tower with Radar,163,53,179,20,415,0,0,0,0,0,163,53,179,20,415,64,0,64,479
09/05/2008,RNO,NV,AWP,WE,Combined TRACON& Tower with Radar,166,44,130,7,347,0,0,0,0,0,166,44,130,7,347,28,2,30,377
09/06/2008,RNO,NV,AWP,WE,Combined TRACON& Tower with Radar,124,24,162,18,328,0,0,0,0,0,124,24,162,18,328,22,0,22,350
09/07/2008,RNO,NV,AWP,WE,Combined TRACON& Tower with Radar,136,25,133,13,307,0,0,0,0,0,136,25,133,13,307,28,0,28,335
09/08/2008,RNO,NV,AWP,WE,Combined TRACON& Tower with Radar,149,37,114,10,310,0,0,0,0,0,149,37,114,10,310,68,0,68,378
09/09/2008,RNO,NV,AWP,WE,Combined TRACON& Tower with Radar,151,26,125,23,325,0,0,0,0,0,151,26,125,23,325,20,2,22,347
09/10/2008,RNO,NV,AWP,WE,Combined TRACON& Tower with Radar,160,45,146,26,377,0,0,0,0,0,160,45,146,26,377,38,2,40,417
09/11/2008,RNO,NV,AWP,WE,Combined TRACON& Tower with Radar,154,42,244,22,462,0,0,0,0,0,154,42,244,22,462,22,0,22,484
09/12/2008,RNO,NV,AWP,WE,Combined TRACON& Tower with Radar,168,54,385,23,630,0,0,0,0,0,168,54,385,23,630,32,0,32,662
09/13/2008,RNO,NV,AWP,WE,Combined TRACON& Tower with Radar,123,24,251,22,420,0,0,0,0,0,123,24,251,22,420,10,0,10,430
09/14/2008,RNO,NV,AWP,WE,Combined TRACON& Tower with Radar,137,44,338,20,539,0,0,0,0,0,137,44,338,20,539,12,0,12,551
09/15/2008,RNO,NV,AWP,WE,Combined TRACON& Tower with Radar,152,34,316,33,535,0,0,0,0,0,152,34,316,33,535,28,0,28,563
09/16/2008,RNO,NV,AWP,WE,Combined TRACON& Tower with Radar,149,41,120,8,318,0,0,0,0,0,149,41,120,8,318,4,0,4,322
09/17/2008,RNO,NV,AWP,WE,Combined TRACON& Tower with Radar,154,49,130,13,346,0,0,0,0,0,154,49,130,13,346,38,0,38,384
09/18/2008,RNO,NV,AWP,WE,Combined TRACON& Tower with Radar,161,47,137,11,356,0,0,0,0,0,161,47,137,11,356,52,6,58,414
09/19/2008,RNO,NV,AWP,WE,Combined TRACON& Tower with Radar,159,39,94,11,303,0,0,0,0,0,159,39,94,11,303,4,0,4,307
09/20/2008,RNO,NV,AWP,WE,Combined TRACON& Tower with Radar,124,24,105,7,260,0,0,0,0,0,124,24,105,7,260,42,0,42,302
09/21/2008,RNO,NV,AWP,WE,Combined TRACON& Tower with Radar,138,18,113,6,275,0,0,0,0,0,138,18,113,6,275,18,0,18,293
09/22/2008,RNO,NV,AWP,WE,Combined TRACON& Tower with Radar,151,57,67,4,279,0,0,0,0,0,151,57,67,4,279,4,0,4,283
09/23/2008,RNO,NV,AWP,WE,Combined TRACON& Tower with Radar,153,39,111,13,316,0,0,0,0,0,153,39,111,13,316,16,4,20,336
09/24/2008,RNO,NV,AWP,WE,Combined TRACON& Tower with Radar,159,43,136,11,349,0,0,0,0,0,159,43,136,11,349,28,0,28,377
09/25/2008,RNO,NV,AWP,WE,Combined TRACON& Tower with Radar,151,92,126,7,376,0,0,0,0,0,151,92,126,7,376,60,0,60,436
09/26/2008,RNO,NV,AWP,WE,Combined TRACON& Tower with Radar,170,40,182,9,401,0,0,0,0,0,170,40,182,9,401,24,2,26,427
09/27/2008,RNO,NV,AWP,WE,Combined TRACON& Tower with Radar,123,12,88,6,229,0,0,0,0,0,123,12,88,6,229,8,2,10,239
09/28/2008,RNO,NV,AWP,WE,Combined TRACON& Tower with Radar,138,28,140,7,313,0,0,0,0,0,138,28,140,7,313,36,0,36,349
09/29/2008,RNO,NV,AWP,WE,Combined TRACON& Tower with Radar,148,39,69,9,265,0,0,0,0,0,148,39,69,9,265,36,0,36,301
09/30/2008,RNO,NV,AWP,WE,Combined TRACON& Tower with Radar,157,32,93,8,290,0,0,0,0,0,157,32,93,8,290,60,0,60,350
10/01/2008,RNO,NV,AWP,WE,Combined TRACON& Tower with Radar,145,22,36,3,206,0,15,75,5,95,145,37,111,8,301,24,0,24,325
10/02/2008,RNO,NV,AWP,WE,Combined TRACON& Tower with Radar,142,34,30,4,210,0,14,40,2,56,142,48,70,6,266,14,0,14,280
10/03/2008,RNO,NV,AWP,WE,Combined TRACON& Tower with Radar,150,41,40,9,240,0,6,27,1,34,150,47,67,10,274,20,0,20,294
10/04/2008,RNO,NV,AWP,WE,Combined TRACON& Tower with Radar,108,14,21,2,145,0,0,13,0,13,108,14,34,2,158,0,0,0,158
10/05/2008,RNO,NV,AWP,WE,Combined TRACON& Tower with Radar,122,22,27,2,173,0,2,59,0,61,122,24,86,2,234,60,0,60,294
10/06/2008,RNO,NV,AWP,WE,Combined TRACON& Tower with Radar,130,25,17,1,173,0,18,64,3,85,130,43,81,4,258,18,2,20,278
10/07/2008,RNO,NV,AWP,WE,Combined TRACON& Tower with Radar,132,21,19,3,175,0,16,67,4,87,132,37,86,7,262,118,0,118,380
10/08/2008,RNO,NV,AWP,WE,Combined TRACON& Tower with Radar,139,23,31,3,196,0,15,85,7,107,139,38,116,10,303,60,0,60,363
10/09/2008,RNO,NV,AWP,WE,Combined TRACON& Tower with Radar,132,16,21,0,169,0,14,40,4,58,132,30,61,4,227,22,2,24,251
10/10/2008,RNO,NV,AWP,WE,Combined TRACON& Tower with Radar,137,40,33,6,216,0,3,3,0,6,137,43,36,6,222,2,2,4,226
10/11/2008,RNO,NV,AWP,WE,Combined TRACON& Tower with Radar,94,20,23,0,137,0,4,14,0,18,94,24,37,0,155,6,0,6,161
10/12/2008,RNO,NV,AWP,WE,Combined TRACON& Tower with Radar,127,17,23,3,170,0,3,68,0,71,127,20,91,3,241,68,0,68,309
10/13/2008,RNO,NV,AWP,WE,Combined TRACON& Tower with Radar,123,24,30,0,177,0,10,77,0,87,123,34,107,0,264,42,0,42,306
10/14/2008,RNO,NV,AWP,WE,Combined TRACON& Tower with Radar,134,19,20,3,176,0,24,72,4,100,134,43,92,7,276,26,2,28,304
10/15/2008,RNO,NV,AWP,WE,Combined TRACON& Tower with Radar,132,22,29,4,187,0,21,98,4,123,132,43,127,8,310,10,0,10,320
10/16/2008,RNO,NV,AWP,WE,Combined TRACON& Tower with Radar,139,21,30,4,194,0,21,79,4,104,139,42,109,8,298,34,0,34,332
10/17/2008,RNO,NV,AWP,WE,Combined TRACON& Tower with Radar,134,27,26,4,191,0,14,83,4,101,134,41,109,8,292,0,0,0,292
10/18/2008,RNO,NV,AWP,WE,Combined TRACON& Tower with Radar,107,15,18,1,141,0,5,56,0,61,107,20,74,1,202,0,0,0,202
10/19/2008,RNO,NV,AWP,WE,Combined TRACON& Tower with Radar,128,16,23,1,168,0,5,59,3,67,128,21,82,4,235,0,0,0,235
10/20/2008,RNO,NV,AWP,WE,Combined TRACON& Tower with Radar,130,23,23,1,177,0,15,41,1,57,130,38,64,2,234,66,0,66,300
10/21/2008,RNO,NV,AWP,WE,Combined TRACON& Tower with Radar,129,15,23,2,169,0,18,71,3,92,129,33,94,5,261,22,0,22,283
10/22/2008,RNO,NV,AWP,WE,Combined TRACON& Tower with Radar,134,24,29,0,187,0,22,75,3,100,134,46,104,3,287,22,0,22,309
10/23/2008,RNO,NV,AWP,WE,Combined TRACON& Tower with Radar,136,26,41,0,203,0,16,113,5,134,136,42,154,5,337,36,0,36,373
10/24/2008,RNO,NV,AWP,WE,Combined TRACON& Tower with Radar,141,22,19,4,186,0,25,86,4,115,141,47,105,8,301,13,4,17,318
10/25/2008,RNO,NV,AWP,WE,Combined TRACON& Tower with Radar,101,14,10,4,129,0,4,63,1,68,101,18,73,5,197,58,0,58,255
10/26/2008,RNO,NV,AWP,WE,Combined TRACON& Tower with Radar,129,17,17,2,165,0,3,94,0,97,129,20,111,2,262,30,0,30,292
10/27/2008,RNO,NV,AWP,WE,Combined TRACON& Tower with Radar,128,21,24,8,181,0,19,57,1,77,128,40,81,9,258,26,2,28,286
10/28/2008,RNO,NV,AWP,WE,Combined TRACON& Tower with Radar,132,28,21,8,189,0,18,56,0,74,132,46,77,8,263,14,2,16,279
10/29/2008,RNO,NV,AWP,WE,Combined TRACON& Tower with Radar,138,16,18,1,173,0,16,74,5,95,138,32,92,6,268,18,2,20,288
10/30/2008,RNO,NV,AWP,WE,Combined TRACON& Tower with Radar,138,25,19,0,182,0,13,35,6,54,138,38,54,6,236,30,0,30,266
10/31/2008,RNO,NV,AWP,WE,Combined TRACON& Tower with Radar,124,35,28,6,193,0,4,5,0,9,124,39,33,6,202,20,0,20,222
11/01/2008,RNO,NV,AWP,WE,Combined TRACON& Tower with Radar,81,16,15,6,118,0,0,6,8,14,81,16,21,14,132,8,0,8,140
11/02/2008,RNO,NV,AWP,WE,Combined TRACON& Tower with Radar,109,16,15,7,147,0,0,8,7,15,109,16,23,14,162,2,0,2,164
11/03/2008,RNO,NV,AWP,WE,Combined TRACON& Tower with Radar,112,28,15,4,159,0,4,11,4,19,112,32,26,8,178,16,0,16,194
11/04/2008,RNO,NV,AWP,WE,Combined TRACON& Tower with Radar,125,36,27,3,191,0,4,10,0,14,125,40,37,3,205,4,0,4,209
11/05/2008,RNO,NV,AWP,WE,Combined TRACON& Tower with Radar,124,24,46,4,198,0,10,46,1,57,124,34,92,5,255,38,2,40,295
11/06/2008,RNO,NV,AWP,WE,Combined TRACON& Tower with Radar,129,22,42,8,201,0,21,66,8,95,129,43,108,16,296,50,4,54,350
11/07/2008,RNO,NV,AWP,WE,Combined TRACON& Tower with Radar,133,27,19,8,187,0,19,88,5,112,133,46,107,13,299,39,6,45,344
11/08/2008,RNO,NV,AWP,WE,Combined TRACON& Tower with Radar,98,22,28,1,149,0,1,37,1,39,98,23,65,2,188,26,0,26,214
11/09/2008,RNO,NV,AWP,WE,Combined TRACON& Tower with Radar,111,21,24,5,161,0,1,11,0,12,111,22,35,5,173,0,0,0,173
11/10/2008,RNO,NV,AWP,WE,Combined TRACON& Tower with Radar,119,24,17,0,160,0,10,40,1,51,119,34,57,1,211,38,0,38,249
11/11/2008,RNO,NV,AWP,WE,Combined TRACON& Tower with Radar,130,16,41,0,187,0,5,24,2,31,130,21,65,2,218,76,10,86,304
11/12/2008,RNO,NV,AWP,WE,Combined TRACON& Tower with Radar,135,23,28,3,189,0,12,58,3,73,135,35,86,6,262,18,0,18,280
11/13/2008,RNO,NV,AWP,WE,Combined TRACON& Tower with Radar,126,29,30,5,190,0,14,66,7,87,126,43,96,12,277,16,2,18,295
11/14/2008,RNO,NV,AWP,WE,Combined TRACON& Tower with Radar,135,21,24,5,185,0,13,74,3,90,135,34,98,8,275,9,12,21,296
11/15/2008,RNO,NV,AWP,WE,Combined TRACON& Tower with Radar,89,21,17,2,129,0,2,93,3,98,89,23,110,5,227,48,6,54,281
11/16/2008,RNO,NV,AWP,WE,Combined TRACON& Tower with Radar,108,17,16,1,142,0,3,100,0,103,108,20,116,1,245,60,0,60,305
11/17/2008,RNO,NV,AWP,WE,Combined TRACON& Tower with Radar,122,25,28,0,175,0,14,60,0,74,122,39,88,0,249,44,0,44,293
11/18/2008,RNO,NV,AWP,WE,Combined TRACON& Tower with Radar,129,20,28,7,184,0,18,71,2,91,129,38,99,9,275,15,0,15,290
11/19/2008,RNO,NV,AWP,WE,Combined TRACON& Tower with Radar,135,24,40,4,203,0,17,86,2,105,135,41,126,6,308,42,0,42,350
11/20/2008,RNO,NV,AWP,WE,Combined TRACON& Tower with Radar,126,20,34,5,185,0,16,54,2,72,126,36,88,7,257,20,0,20,277
11/21/2008,RNO,NV,AWP,WE,Combined TRACON& Tower with Radar,134,31,41,4,210,0,20,75,4,99,134,51,116,8,309,46,0,46,355
11/22/2008,RNO,NV,AWP,WE,Combined TRACON& Tower with Radar,97,24,21,2,144,0,2,62,0,64,97,26,83,2,208,22,0,22,230
11/23/2008,RNO,NV,AWP,WE,Combined TRACON& Tower with Radar,110,22,28,1,161,0,0,67,0,67,110,22,95,1,228,18,0,18,246
11/24/2008,RNO,NV,AWP,WE,Combined TRACON& Tower with Radar,139,19,19,0,177,0,14,44,0,58,139,33,63,0,235,0,0,0,235
11/25/2008,RNO,NV,AWP,WE,Combined TRACON& Tower with Radar,141,21,27,4,193,0,15,45,3,63,141,36,72,7,256,52,8,60,316
11/26/2008,RNO,NV,AWP,WE,Combined TRACON& Tower with Radar,146,30,56,5,237,0,6,17,0,23,146,36,73,5,260,58,4,62,322
11/27/2008,RNO,NV,AWP,WE,Combined TRACON& Tower with Radar,84,12,11,0,107,0,3,6,0,9,84,15,17,0,116,54,0,54,170
11/28/2008,RNO,NV,AWP,WE,Combined TRACON& Tower with Radar,129,17,20,1,167,0,13,44,0,57,129,30,64,1,224,54,0,54,278
11/29/2008,RNO,NV,AWP,WE,Combined TRACON& Tower with Radar,127,16,22,1,166,0,1,62,0,63,127,17,84,1,229,22,0,22,251
11/30/2008,RNO,NV,AWP,WE,Combined TRACON& Tower with Radar,128,27,35,2,192,0,2,82,0,84,128,29,117,2,276,14,0,14,290
12/01/2008,RNO,NV,AWP,WE,Combined TRACON& Tower with Radar,160,33,24,0,217,0,14,42,3,59,160,47,66,3,276,45,0,45,321
12/02/2008,RNO,NV,AWP,WE,Combined TRACON& Tower with Radar,143,32,15,2,192,0,13,22,2,37,143,45,37,4,229,50,0,50,279
12/03/2008,RNO,NV,AWP,WE,Combined TRACON& Tower with Radar,143,23,32,3,201,0,14,69,9,92,143,37,101,12,293,32,6,38,331
12/04/2008,RNO,NV,AWP,WE,Combined TRACON& Tower with Radar,140,31,27,6,204,0,15,48,3,66,140,46,75,9,270,4,2,6,276
12/05/2008,RNO,NV,AWP,WE,Combined TRACON& Tower with Radar,141,29,21,8,199,0,13,70,2,85,141,42,91,10,284,58,4,62,346
12/06/2008,RNO,NV,AWP,WE,Combined TRACON& Tower with Radar,106,22,28,1,157,0,2,63,3,68,106,24,91,4,225,18,2,20,245
12/07/2008,RNO,NV,AWP,WE,Combined TRACON& Tower with Radar,117,21,25,5,168,0,0,76,0,76,117,21,101,5,244,70,0,70,314
12/08/2008,RNO,NV,AWP,WE,Combined TRACON& Tower with Radar,129,27,28,1,185,0,9,16,1,26,129,36,44,2,211,24,0,24,235
12/09/2008,RNO,NV,AWP,WE,Combined TRACON& Tower with Radar,139,20,35,3,197,0,20,53,4,77,139,40,88,7,274,22,2,24,298
12/10/2008,RNO,NV,AWP,WE,Combined TRACON& Tower with Radar,138,28,42,0,208,0,15,66,6,87,138,43,108,6,295,12,0,12,307
12/11/2008,RNO,NV,AWP,WE,Combined TRACON& Tower with Radar,145,21,33,4,203,0,13,92,4,109,145,34,125,8,312,60,0,60,372
12/12/2008,RNO,NV,AWP,WE,Combined TRACON& Tower with Radar,140,29,28,8,205,0,11,52,4,67,140,40,80,12,272,34,2,36,308
12/13/2008,RNO,NV,AWP,WE,Combined TRACON& Tower with Radar,103,21,16,1,141,0,0,1,0,1,103,21,17,1,142,22,0,22,164
12/14/2008,RNO,NV,AWP,WE,Combined TRACON& Tower with Radar,116,23,14,1,154,0,0,5,0,5,116,23,19,1,159,22,0,22,181
12/15/2008,RNO,NV,AWP,WE,Combined TRACON& Tower with Radar,131,29,26,1,187,0,0,2,0,2,131,29,28,1,189,2,0,2,191
12/16/2008,RNO,NV,AWP,WE,Combined TRACON& Tower with Radar,135,28,27,4,194,1,7,20,12,40,136,35,47,16,234,4,10,14,248
12/17/2008,RNO,NV,AWP,WE,Combined TRACON& Tower with Radar,135,16,30,2,183,0,16,45,5,66,135,32,75,7,249,8,0,8,257
12/18/2008,RNO,NV,AWP,WE,Combined TRACON& Tower with Radar,142,33,40,4,219,0,14,24,6,44,142,47,64,10,263,32,2,34,297
12/19/2008,RNO,NV,AWP,WE,Combined TRACON& Tower with Radar,151,34,26,0,211,0,7,5,0,12,151,41,31,0,223,6,2,8,231
12/20/2008,RNO,NV,AWP,WE,Combined TRACON& Tower with Radar,118,21,37,1,177,0,8,53,0,61,118,29,90,1,238,32,0,32,270
12/21/2008,RNO,NV,AWP,WE,Combined TRACON& Tower with Radar,114,25,15,0,154,0,1,5,0,6,114,26,20,0,160,8,0,8,168
12/22/2008,RNO,NV,AWP,WE,Combined TRACON& Tower with Radar,135,30,26,2,193,0,7,11,0,18,135,37,37,2,211,0,0,0,211
12/23/2008,RNO,NV,AWP,WE,Combined TRACON& Tower with Radar,143,32,33,0,208,0,9,33,2,44,143,41,66,2,252,52,0,52,304
12/24/2008,RNO,NV,AWP,WE,Combined TRACON& Tower with Radar,114,41,30,0,185,0,0,5,0,5,114,41,35,0,190,22,0,22,212
12/25/2008,RNO,NV,AWP,WE,Combined TRACON& Tower with Radar,101,18,7,0,126,0,0,0,0,0,101,18,7,0,126,4,0,4,130
12/26/2008,RNO,NV,AWP,WE,Combined TRACON& Tower with Radar,135,35,25,0,195,0,12,21,0,33,135,47,46,0,228,12,0,12,240
12/27/2008,RNO,NV,AWP,WE,Combined TRACON& Tower with Radar,113,23,33,0,169,0,2,28,0,30,113,25,61,0,199,48,0,48,247
12/28/2008,RNO,NV,AWP,WE,Combined TRACON& Tower with Radar,119,22,34,0,175,0,0,30,0,30,119,22,64,0,205,22,0,22,227
12/29/2008,RNO,NV,AWP,WE,Combined TRACON& Tower with Radar,131,20,23,1,175,0,20,30,1,51,131,40,53,2,226,36,0,36,262
12/30/2008,RNO,NV,AWP,WE,Combined TRACON& Tower with Radar,147,25,37,8,217,0,18,65,3,86,147,43,102,11,303,52,2,54,357
12/31/2008,RNO,NV,AWP,WE,Combined TRACON& Tower with Radar,121,19,22,0,162,0,14,56,0,70,121,33,78,0,232,22,0,22,254
01/01/2009,RNO,NV,AWP,WE,Combined TRACON& Tower with Radar,103,17,17,0,137,0,6,33,0,39,103,23,50,0,176,6,0,6,182
01/02/2009,RNO,NV,AWP,WE,Combined TRACON& Tower with Radar,143,36,38,0,217,0,5,6,0,11,143,41,44,0,228,0,0,0,228
01/03/2009,RNO,NV,AWP,WE,Combined TRACON& Tower with Radar,115,22,32,0,169,0,3,50,0,53,115,25,82,0,222,72,0,72,294
01/04/2009,RNO,NV,AWP,WE,Combined TRACON& Tower with Radar,115,27,30,4,176,0,6,56,0,62,115,33,86,4,238,22,0,22,260
01/05/2009,RNO,NV,AWP,WE,Combined TRACON& Tower with Radar,126,43,31,0,200,0,2,12,1,15,126,45,43,1,215,6,0,6,221
01/06/2009,RNO,NV,AWP,WE,Combined TRACON& Tower with Radar,135,28,31,0,194,0,10,42,3,55,135,38,73,3,249,20,0,20,269
01/07/2009,RNO,NV,AWP,WE,Combined TRACON& Tower with Radar,134,27,25,4,190,0,18,62,6,86,134,45,87,10,276,50,0,50,326
01/08/2009,RNO,NV,AWP,WE,Combined TRACON& Tower with Radar,135,26,37,3,201,0,15,28,1,44,135,41,65,4,245,14,0,14,259
01/09/2009,RNO,NV,AWP,WE,Combined TRACON& Tower with Radar,140,38,23,7,208,0,21,78,9,108,140,59,101,16,316,22,0,22,338
01/10/2009,RNO,NV,AWP,WE,Combined TRACON& Tower with Radar,105,16,25,1,147,0,4,107,4,115,105,20,132,5,262,60,14,74,336
01/11/2009,RNO,NV,AWP,WE,Combined TRACON& Tower with Radar,113,14,17,3,147,0,1,67,0,68,113,15,84,3,215,32,0,32,247
01/12/2009,RNO,NV,AWP,WE,Combined TRACON& Tower with Radar,126,26,13,1,166,0,15,44,0,59,126,41,57,1,225,34,0,34,259
01/13/2009,RNO,NV,AWP,WE,Combined TRACON& Tower with Radar,132,24,27,1,184,0,14,69,4,87,132,38,96,5,271,30,0,30,301
01/14/2009,RNO,NV,AWP,WE,Combined TRACON& Tower with Radar,131,25,21,3,180,0,16,69,4,89,131,41,90,7,269,8,0,8,277
01/15/2009,RNO,NV,AWP,WE,Combined TRACON& Tower with Radar,134,25,18,3,180,0,15,54,2,71,134,40,72,5,251,22,4,26,277
01/16/2009,RNO,NV,AWP,WE,Combined TRACON& Tower with Radar,140,28,42,2,212,0,15,67,5,87,140,43,109,7,299,36,0,36,335
01/17/2009,RNO,NV,AWP,WE,Combined TRACON& Tower with Radar,110,18,18,5,151,0,8,92,9,109,110,26,110,14,260,54,22,76,336
01/18/2009,RNO,NV,AWP,WE,Combined TRACON& Tower with Radar,120,21,39,9,189,0,3,65,3,71,120,24,104,12,260,26,8,34,294
01/19/2009,RNO,NV,AWP,WE,Combined TRACON& Tower with Radar,128,27,27,0,182,0,6,76,1,83,128,33,103,1,265,64,0,64,329
01/20/2009,RNO,NV,AWP,WE,Combined TRACON& Tower with Radar,130,37,45,5,217,0,9,52,2,63,130,46,97,7,280,56,0,56,336
01/21/2009,RNO,NV,AWP,WE,Combined TRACON& Tower with Radar,133,47,68,1,249,0,5,40,2,47,133,52,108,3,296,4,0,4,300
01/22/2009,RNO,NV,AWP,WE,Combined TRACON& Tower with Radar,135,53,89,7,284,0,0,4,0,4,135,53,93,7,288,30,0,30,318
01/23/2009,RNO,NV,AWP,WE,Combined TRACON& Tower with Radar,143,66,74,5,288,0,1,0,0,1,143,67,74,5,289,16,0,16,305
01/24/2009,RNO,NV,AWP,WE,Combined TRACON& Tower with Radar,110,33,83,0,226,0,0,3,0,3,110,33,86,0,229,24,0,24,253
01/25/2009,RNO,NV,AWP,WE,Combined TRACON& Tower with Radar,119,34,52,3,208,0,1,0,0,1,119,35,52,3,209,12,0,12,221
01/26/2009,RNO,NV,AWP,WE,Combined TRACON& Tower with Radar,123,34,29,0,186,0,5,12,0,17,123,39,41,0,203,58,0,58,261
01/27/2009,RNO,NV,AWP,WE,Combined TRACON& Tower with Radar,132,28,25,3,188,0,12,62,11,85,132,40,87,14,273,48,4,52,325
01/28/2009,RNO,NV,AWP,WE,Combined TRACON& Tower with Radar,135,26,23,2,186,0,19,51,2,72,135,45,74,4,258,20,0,20,278
01/29/2009,RNO,NV,AWP,WE,Combined TRACON& Tower with Radar,136,22,29,3,190,0,19,56,4,79,136,41,85,7,269,80,4,84,353
01/30/2009,RNO,NV,AWP,WE,Combined TRACON& Tower with Radar,142,32,26,5,205,0,19,82,6,107,142,51,108,11,312,22,0,22,334
01/31/2009,RNO,NV,AWP,WE,Combined TRACON& Tower with Radar,110,22,22,2,156,0,5,86,2,93,110,27,108,4,249,84,0,84,333
02/01/2009,RNO,NV,AWP,WE,Combined TRACON& Tower with Radar,114,21,16,5,156,0,5,70,1,76,114,26,86,6,232,2,0,2,234
02/02/2009,RNO,NV,AWP,WE,Combined TRACON& Tower with Radar,128,26,33,2,189,0,15,65,1,81,128,41,98,3,270,36,0,36,306
02/03/2009,RNO,NV,AWP,WE,Combined TRACON& Tower with Radar,132,24,27,2,185,0,19,94,5,118,132,43,121,7,303,36,0,36,339
02/04/2009,RNO,NV,AWP,WE,Combined TRACON& Tower with Radar,138,26,37,0,201,0,16,78,3,97,138,42,115,3,298,26,0,26,324
02/05/2009,RNO,NV,AWP,WE,Combined TRACON& Tower with Radar,132,45,39,7,223,0,3,27,9,39,132,48,66,16,262,16,0,16,278
02/06/2009,RNO,NV,AWP,WE,Combined TRACON& Tower with Radar,142,39,54,10,245,0,1,5,0,6,142,40,59,10,251,2,2,4,255
02/07/2009,RNO,NV,AWP,WE,Combined TRACON& Tower with Radar,108,22,35,3,168,2,2,5,0,9,110,24,40,3,177,12,0,12,189
02/08/2009,RNO,NV,AWP,WE,Combined TRACON& Tower with Radar,116,24,32,10,182,0,1,35,1,37,116,25,67,11,219,28,0,28,247
02/09/2009,RNO,NV,AWP,WE,Combined TRACON& Tower with Radar,127,40,25,3,195,0,3,9,1,13,127,43,34,4,208,6,0,6,214
02/10/2009,RNO,NV,AWP,WE,Combined TRACON& Tower with Radar,130,34,22,6,192,0,11,44,7,62,130,45,66,13,254,20,2,22,276
02/11/2009,RNO,NV,AWP,WE,Combined TRACON& Tower with Radar,138,38,25,7,208,0,4,20,3,27,138,42,45,10,235,48,0,48,283
02/12/2009,RNO,NV,AWP,WE,Combined TRACON& Tower with Radar,141,25,30,8,204,0,11,38,2,51,141,36,68,10,255,22,4,26,281
02/13/2009,RNO,NV,AWP,WE,Combined TRACON& Tower with Radar,143,46,40,2,231,0,6,11,0,17,143,52,51,2,248,20,0,20,268
02/14/2009,RNO,NV,AWP,WE,Combined TRACON& Tower with Radar,113,22,22,1,158,0,3,27,0,30,113,25,49,1,188,40,0,40,228
02/15/2009,RNO,NV,AWP,WE,Combined TRACON& Tower with Radar,116,23,26,5,170,0,1,6,0,7,116,24,32,5,177,10,0,10,187
02/16/2009,RNO,NV,AWP,WE,Combined TRACON& Tower with Radar,141,32,52,0,225,0,1,6,0,7,141,33,58,0,232,36,0,36,268
02/17/2009,RNO,NV,AWP,WE,Combined TRACON& Tower with Radar,138,31,23,1,193,0,3,8,0,11,138,34,31,1,204,0,0,0,204
02/18/2009,RNO,NV,AWP,WE,Combined TRACON& Tower with Radar,145,32,40,4,221,0,13,44,4,61,145,45,84,8,282,38,2,40,322
02/19/2009,RNO,NV,AWP,WE,Combined TRACON& Tower with Radar,137,20,33,3,193,0,24,68,6,98,137,44,101,9,291,30,0,30,321
02/20/2009,RNO,NV,AWP,WE,Combined TRACON& Tower with Radar,142,26,23,2,193,0,13,45,2,60,142,39,68,4,253,36,0,36,289
02/21/2009,RNO,NV,AWP,WE,Combined TRACON& Tower with Radar,111,17,33,1,162,0,2,62,0,64,111,19,95,1,226,114,0,114,340
02/22/2009,RNO,NV,AWP,WE,Combined TRACON& Tower with Radar,113,25,31,1,170,0,5,4,0,9,113,30,35,1,179,2,0,2,181
02/23/2009,RNO,NV,AWP,WE,Combined TRACON& Tower with Radar,139,27,20,3,189,0,12,5,0,17,139,39,25,3,206,8,0,8,214
02/24/2009,RNO,NV,AWP,WE,Combined TRACON& Tower with Radar,142,21,30,3,196,0,14,29,6,49,142,35,59,9,245,18,2,20,265
02/25/2009,RNO,NV,AWP,WE,Combined TRACON& Tower with Radar,140,36,38,4,218,0,6,36,3,45,140,42,74,7,263,4,0,4,267
02/26/2009,RNO,NV,AWP,WE,Combined TRACON& Tower with Radar,144,30,27,0,201,0,9,16,7,32,144,39,43,7,233,2,0,2,235
02/27/2009,RNO,NV,AWP,WE,Combined TRACON& Tower with Radar,142,28,25,7,202,0,14,84,6,104,142,42,109,13,306,73,0,73,379
02/28/2009,RNO,NV,AWP,WE,Combined TRACON& Tower with Radar,111,23,31,2,167,0,5,74,0,79,111,28,105,2,246,56,2,58,304
03/01/2009,RNO,NV,AWP,WE,Combined TRACON& Tower with Radar,113,18,25,3,159,0,3,12,1,16,113,21,37,4,175,0,20,20,195
03/02/2009,RNO,NV,AWP,WE,Combined TRACON& Tower with Radar,135,34,22,0,191,0,1,2,0,3,135,35,24,0,194,0,0,0,194
03/03/2009,RNO,NV,AWP,WE,Combined TRACON& Tower with Radar,137,38,31,4,210,0,0,1,0,1,137,38,32,4,211,4,0,4,215
03/04/2009,RNO,NV,AWP,WE,Combined TRACON& Tower with Radar,147,33,38,4,222,0,3,17,2,22,147,36,55,6,244,18,2,20,264
03/05/2009,RNO,NV,AWP,WE,Combined TRACON& Tower with Radar,137,33,23,2,195,0,11,48,0,59,137,44,71,2,254,36,0,36,290
03/06/2009,RNO,NV,AWP,WE,Combined TRACON& Tower with Radar,123,61,35,0,219,0,3,13,1,17,123,64,48,1,236,38,0,38,274
03/07/2009,RNO,NV,AWP,WE,Combined TRACON& Tower with Radar,108,22,28,2,160,0,6,95,0,101,108,28,123,2,261,82,0,82,343
03/08/2009,RNO,NV,AWP,WE,Combined TRACON& Tower with Radar,120,21,23,2,166,0,2,30,0,32,120,23,53,2,198,28,0,28,226
03/09/2009,RNO,NV,AWP,WE,Combined TRACON& Tower with Radar,134,26,14,0,174,0,6,24,0,30,134,32,38,0,204,32,0,32,236
03/10/2009,RNO,NV,AWP,WE,Combined TRACON& Tower with Radar,140,19,51,0,210,0,16,74,2,92,140,35,125,2,302,16,0,16,318
03/11/2009,RNO,NV,AWP,WE,Combined TRACON& Tower with Radar,139,23,27,1,190,0,12,86,3,101,139,35,113,4,291,56,0,56,347
03/12/2009,RNO,NV,AWP,WE,Combined TRACON& Tower with Radar,139,20,23,3,185,0,16,90,8,114,139,36,113,11,299,36,0,36,335
03/13/2009,RNO,NV,AWP,WE,Combined TRACON& Tower with Radar,153,20,22,2,197,0,15,69,5,89,153,35,91,7,286,38,0,38,324
03/14/2009,RNO,NV,AWP,WE,Combined TRACON& Tower with Radar,105,16,32,3,156,0,6,54,0,60,105,22,86,3,216,118,2,120,336
03/15/2009,RNO,NV,AWP,WE,Combined TRACON& Tower with Radar,124,21,23,5,173,0,4,22,0,26,124,25,45,5,199,12,0,12,211
03/16/2009,RNO,NV,AWP,WE,Combined TRACON& Tower with Radar,138,34,17,5,194,0,4,11,0,15,138,38,28,5,209,2,0,2,211
03/17/2009,RNO,NV,AWP,WE,Combined TRACON& Tower with Radar,144,17,29,6,196,0,12,39,0,51,144,29,68,6,247,34,0,34,281
03/18/2009,RNO,NV,AWP,WE,Combined TRACON& Tower with Radar,138,22,32,0,192,0,18,90,3,111,138,40,122,3,303,76,0,76,379
03/19/2009,RNO,NV,AWP,WE,Combined TRACON& Tower with Radar,142,16,31,2,191,0,14,72,3,89,142,30,103,5,280,48,0,48,328
03/20/2009,RNO,NV,AWP,WE,Combined TRACON& Tower with Radar,145,27,32,2,206,0,15,99,4,118,145,42,131,6,324,66,0,66,390
03/21/2009,RNO,NV,AWP,WE,Combined TRACON& Tower with Radar,106,18,25,3,152,0,2,24,1,27,106,20,49,4,179,32,2,34,213
03/22/2009,RNO,NV,AWP,WE,Combined TRACON& Tower with Radar,118,28,39,2,187,0,2,2,0,4,118,30,41,2,191,10,0,10,201
03/23/2009,RNO,NV,AWP,WE,Combined TRACON& Tower with Radar,138,16,27,4,185,0,16,46,0,62,138,32,73,4,247,24,0,24,271
03/24/2009,RNO,NV,AWP,WE,Combined TRACON& Tower with Radar,140,23,28,2,193,0,13,87,5,105,140,36,115,7,298,36,2,38,336
03/25/2009,RNO,NV,AWP,WE,Combined TRACON& Tower with Radar,140,37,19,2,198,0,7,32,6,45,140,44,51,8,243,26,0,26,269
03/26/2009,RNO,NV,AWP,WE,Combined TRACON& Tower with Radar,140,29,33,7,209,0,12,51,9,72,140,41,84,16,281,30,6,36,317
03/27/2009,RNO,NV,AWP,WE,Combined TRACON& Tower with Radar,146,20,29,3,198,1,16,65,0,82,147,36,94,3,280,42,0,42,322
03/28/2009,RNO,NV,AWP,WE,Combined TRACON& Tower with Radar,104,18,13,5,140,0,3,92,0,95,104,21,105,5,235,38,0,38,273
03/29/2009,RNO,NV,AWP,WE,Combined TRACON& Tower with Radar,123,16,29,6,174,0,4,26,0,30,123,20,55,6,204,12,2,14,218
03/30/2009,RNO,NV,AWP,WE,Combined TRACON& Tower with Radar,132,19,14,4,169,0,13,53,0,66,132,32,67,4,235,24,0,24,259
03/31/2009,RNO,NV,AWP,WE,Combined TRACON& Tower with Radar,136,17,32,3,188,0,15,55,2,72,136,32,87,5,260,50,0,50,310
04/01/2009,RNO,NV,AWP,WE,Combined TRACON& Tower with Radar,137,34,19,4,194,0,14,57,5,76,137,48,76,9,270,74,6,80,350
04/02/2009,RNO,NV,AWP,WE,Combined TRACON& Tower with Radar,138,36,30,2,206,0,8,23,5,36,138,44,53,7,242,14,0,14,256
04/03/2009,RNO,NV,AWP,WE,Combined TRACON& Tower with Radar,141,23,30,3,197,0,9,21,4,34,141,32,51,7,231,50,4,54,285
04/04/2009,RNO,NV,AWP,WE,Combined TRACON& Tower with Radar,103,17,16,1,137,0,6,80,6,92,103,23,96,7,229,122,2,124,353
04/05/2009,RNO,NV,AWP,WE,Combined TRACON& Tower with Radar,121,11,20,4,156,0,1,59,2,62,121,12,79,6,218,20,0,20,238
04/06/2009,RNO,NV,AWP,WE,Combined TRACON& Tower with Radar,132,16,27,5,180,0,13,61,3,77,132,29,88,8,257,24,2,26,283
04/07/2009,RNO,NV,AWP,WE,Combined TRACON& Tower with Radar,135,18,22,0,175,0,9,57,3,69,135,27,79,3,244,32,0,32,276
04/08/2009,RNO,NV,AWP,WE,Combined TRACON& Tower with Radar,133,35,25,2,195,0,6,27,1,34,133,41,52,3,229,12,0,12,241
04/09/2009,RNO,NV,AWP,WE,Combined TRACON& Tower with Radar,131,31,41,9,212,0,6,10,2,18,131,37,51,11,230,42,6,48,278
04/10/2009,RNO,NV,AWP,WE,Combined TRACON& Tower with Radar,139,36,32,9,216,0,3,9,0,12,139,39,41,9,228,32,0,32,260
04/11/2009,RNO,NV,AWP,WE,Combined TRACON& Tower with Radar,100,16,23,2,141,0,8,69,3,80,100,24,92,5,221,62,0,62,283
04/12/2009,RNO,NV,AWP,WE,Combined TRACON& Tower with Radar,121,13,20,1,155,0,5,51,0,56,121,18,71,1,211,10,0,10,221
04/13/2009,RNO,NV,AWP,WE,Combined TRACON& Tower with Radar,132,21,22,1,176,0,12,50,2,64,132,33,72,3,240,16,0,16,256
04/14/2009,RNO,NV,AWP,WE,Combined TRACON& Tower with Radar,137,30,30,4,201,0,5,11,0,16,137,35,41,4,217,2,0,2,219
04/15/2009,RNO,NV,AWP,WE,Combined TRACON& Tower with Radar,137,35,18,5,195,0,2,8,5,15,137,37,26,10,210,2,0,2,212
04/16/2009,RNO,NV,AWP,WE,Combined TRACON& Tower with Radar,136,34,54,8,232,0,17,67,5,89,136,51,121,13,321,74,0,74,395
04/17/2009,RNO,NV,AWP,WE,Combined TRACON& Tower with Radar,139,26,32,5,202,0,14,122,8,144,139,40,154,13,346,68,2,70,416
04/18/2009,RNO,NV,AWP,WE,Combined TRACON& Tower with Radar,104,13,23,2,142,0,1,75,1,77,104,14,98,3,219,42,0,42,261
04/19/2009,RNO,NV,AWP,WE,Combined TRACON& Tower with Radar,131,11,29,0,171,0,1,99,1,101,131,12,128,1,272,46,0,46,318
04/20/2009,RNO,NV,AWP,WE,Combined TRACON& Tower with Radar,133,25,15,5,178,0,15,53,2,70,133,40,68,7,248,36,0,36,284
04/21/2009,RNO,NV,AWP,WE,Combined TRACON& Tower with Radar,138,18,27,4,187,0,10,69,7,86,138,28,96,11,273,28,2,30,303
04/22/2009,RNO,NV,AWP,WE,Combined TRACON& Tower with Radar,136,18,20,2,176,0,14,68,6,88,136,32,88,8,264,12,0,12,276
04/23/2009,RNO,NV,AWP,WE,Combined TRACON& Tower with Radar,134,21,30,2,187,0,13,45,11,69,134,34,75,13,256,8,4,12,268
04/24/2009,RNO,NV,AWP,WE,Combined TRACON& Tower with Radar,141,35,43,6,225,0,5,11,0,16,141,40,54,6,241,6,0,6,247
04/25/2009,RNO,NV,AWP,WE,Combined TRACON& Tower with Radar,108,14,28,0,150,0,1,48,0,49,108,15,76,0,199,30,0,30,229
04/26/2009,RNO,NV,AWP,WE,Combined TRACON& Tower with Radar,125,11,29,1,166,0,1,58,0,59,125,12,87,1,225,36,0,36,261
04/27/2009,RNO,NV,AWP,WE,Combined TRACON& Tower with Radar,128,19,23,0,170,0,16,38,0,54,128,35,61,0,224,10,0,10,234
04/28/2009,RNO,NV,AWP,WE,Combined TRACON& Tower with Radar,139,23,13,1,176,0,10,19,5,34,139,33,32,6,210,26,0,26,236
04/29/2009,RNO,NV,AWP,WE,Combined TRACON& Tower with Radar,131,22,28,4,185,0,12,74,3,89,131,34,102,7,274,0,0,0,274
04/30/2009,RNO,NV,AWP,WE,Combined TRACON& Tower with Radar,134,16,25,6,181,0,13,74,11,98,134,29,99,17,279,62,9,71,350
05/01/2009,RNO,NV,AWP,WE,Combined TRACON& Tower with Radar,143,31,24,7,205,0,1,16,3,20,143,32,40,10,225,48,0,48,273
05/02/2009,RNO,NV,AWP,WE,Combined TRACON& Tower with Radar,104,16,14,3,137,0,3,16,6,25,104,19,30,9,162,28,0,28,190
05/03/2009,RNO,NV,AWP,WE,Combined TRACON& Tower with Radar,127,19,13,2,161,0,1,10,0,11,127,20,23,2,172,8,2,10,182
05/04/2009,RNO,NV,AWP,WE,Combined TRACON& Tower with Radar,130,20,21,0,171,0,9,14,3,26,130,29,35,3,197,2,0,2,199
05/05/2009,RNO,NV,AWP,WE,Combined TRACON& Tower with Radar,141,23,33,1,198,0,8,16,5,29,141,31,49,6,227,12,0,12,239
05/06/2009,RNO,NV,AWP,WE,Combined TRACON& Tower with Radar,137,30,25,1,193,0,12,36,5,53,137,42,61,6,246,2,0,2,248
05/07/2009,RNO,NV,AWP,WE,Combined TRACON& Tower with Radar,135,20,30,7,192,0,17,82,6,105,135,37,112,13,297,30,2,32,329
05/08/2009,RNO,NV,AWP,WE,Combined TRACON& Tower with Radar,139,24,34,2,199,0,10,79,5,94,139,34,113,7,293,42,2,44,337
05/09/2009,RNO,NV,AWP,WE,Combined TRACON& Tower with Radar,105,13,17,1,136,0,5,65,1,71,105,18,82,2,207,32,0,32,239
05/10/2009,RNO,NV,AWP,WE,Combined TRACON& Tower with Radar,115,16,10,0,141,0,2,80,0,82,115,18,90,0,223,22,0,22,245
05/11/2009,RNO,NV,AWP,WE,Combined TRACON& Tower with Radar,129,22,16,1,168,0,13,47,1,61,129,35,63,2,229,34,0,34,263
05/12/2009,RNO,NV,AWP,WE,Combined TRACON& Tower with Radar,129,19,33,2,183,0,17,47,4,68,129,36,80,6,251,12,0,12,263
05/13/2009,RNO,NV,AWP,WE,Combined TRACON& Tower with Radar,134,18,31,0,183,0,10,75,9,94,134,28,106,9,277,34,0,34,311
05/14/2009,RNO,NV,AWP,WE,Combined TRACON& Tower with Radar,132,28,22,6,188,0,14,66,6,86,132,42,88,12,274,28,2,30,304
05/15/2009,RNO,NV,AWP,WE,Combined TRACON& Tower with Radar,133,23,32,3,191,0,9,78,5,92,133,32,110,8,283,40,2,42,325
05/16/2009,RNO,NV,AWP,WE,Combined TRACON& Tower with Radar,102,12,25,2,141,0,2,86,6,94,102,14,111,8,235,8,0,8,243
05/17/2009,RNO,NV,AWP,WE,Combined TRACON& Tower with Radar,113,15,19,2,149,0,6,55,2,63,113,21,74,4,212,56,0,56,268
05/18/2009,RNO,NV,AWP,WE,Combined TRACON& Tower with Radar,124,17,27,5,173,0,11,49,0,60,124,28,76,5,233,30,0,30,263
05/19/2009,RNO,NV,AWP,WE,Combined TRACON& Tower with Radar,121,23,32,3,179,0,12,45,8,65,121,35,77,11,244,14,0,14,258
05/20/2009,RNO,NV,AWP,WE,Combined TRACON& Tower with Radar,123,21,26,0,170,0,13,70,6,89,123,34,96,6,259,42,2,44,303
05/21/2009,RNO,NV,AWP,WE,Combined TRACON& Tower with Radar,127,19,16,5,167,0,15,77,2,94,127,34,93,7,261,52,0,52,313
05/22/2009,RNO,NV,AWP,WE,Combined TRACON& Tower with Radar,132,23,33,9,197,0,13,76,3,92,132,36,109,12,289,48,0,48,337
05/23/2009,RNO,NV,AWP,WE,Combined TRACON& Tower with Radar,102,13,24,4,143,0,4,63,0,67,102,17,87,4,210,30,0,30,240
05/24/2009,RNO,NV,AWP,WE,Combined TRACON& Tower with Radar,96,5,12,3,116,0,0,37,0,37,96,5,49,3,153,12,0,12,165
05/25/2009,RNO,NV,AWP,WE,Combined TRACON& Tower with Radar,107,13,17,3,140,0,4,54,2,60,107,17,71,5,200,0,0,0,200
05/26/2009,RNO,NV,AWP,WE,Combined TRACON& Tower with Radar,113,18,36,1,168,0,10,58,5,73,113,28,94,6,241,38,0,38,279
05/27/2009,RNO,NV,AWP,WE,Combined TRACON& Tower with Radar,128,23,25,0,176,0,17,59,5,81,128,40,84,5,257,68,0,68,325
05/28/2009,RNO,NV,AWP,WE,Combined TRACON& Tower with Radar,125,24,38,2,189,0,13,68,4,85,125,37,106,6,274,50,4,54,328
05/29/2009,RNO,NV,AWP,WE,Combined TRACON& Tower with Radar,138,25,26,5,194,0,11,66,3,80,138,36,92,8,274,8,0,8,282
05/30/2009,RNO,NV,AWP,WE,Combined TRACON& Tower with Radar,99,8,17,5,129,0,2,53,0,55,99,10,70,5,184,20,0,20,204
05/31/2009,RNO,NV,AWP,WE,Combined TRACON& Tower with Radar,117,14,30,6,167,0,5,43,1,49,117,19,73,7,216,2,0,2,218
06/01/2009,RNO,NV,AWP,WE,Combined TRACON& Tower with Radar,121,19,32,0,172,0,8,54,2,64,121,27,86,2,236,54,0,54,290
06/02/2009,RNO,NV,AWP,WE,Combined TRACON& Tower with Radar,132,18,25,2,177,0,10,36,2,48,132,28,61,4,225,0,0,0,225
06/03/2009,RNO,NV,AWP,WE,Combined TRACON& Tower with Radar,125,21,26,0,172,0,13,38,2,53,125,34,64,2,225,32,0,32,257
06/04/2009,RNO,NV,AWP,WE,Combined TRACON& Tower with Radar,126,34,14,4,178,0,12,37,4,53,126,46,51,8,231,48,0,48,279
06/05/2009,RNO,NV,AWP,WE,Combined TRACON& Tower with Radar,127,37,23,8,195,0,6,27,3,36,127,43,50,11,231,24,0,24,255
06/06/2009,RNO,NV,AWP,WE,Combined TRACON& Tower with Radar,118,22,22,6,168,0,0,11,0,11,118,22,33,6,179,2,0,2,181
06/07/2009,RNO,NV,AWP,WE,Combined TRACON& Tower with Radar,109,20,29,3,161,0,3,34,2,39,109,23,63,5,200,64,2,66,266
06/08/2009,RNO,NV,AWP,WE,Combined TRACON& Tower with Radar,115,22,17,7,161,0,14,53,4,71,115,36,70,11,232,0,0,0,232
06/09/2009,RNO,NV,AWP,WE,Combined TRACON& Tower with Radar,121,36,21,2,180,0,15,45,4,64,121,51,66,6,244,41,0,41,285
06/10/2009,RNO,NV,AWP,WE,Combined TRACON& Tower with Radar,120,34,38,1,193,0,12,66,6,84,120,46,104,7,277,36,0,36,313
06/11/2009,RNO,NV,AWP,WE,Combined TRACON& Tower with Radar,122,34,29,7,192,0,13,57,8,78,122,47,86,15,270,24,12,36,306
06/12/2009,RNO,NV,AWP,WE,Combined TRACON& Tower with Radar,125,30,30,1,186,0,10,47,4,61,125,40,77,5,247,52,0,52,299
06/13/2009,RNO,NV,AWP,WE,Combined TRACON& Tower with Radar,103,21,17,3,144,0,1,26,6,33,103,22,43,9,177,22,4,26,203
06/14/2009,RNO,NV,AWP,WE,Combined TRACON& Tower with Radar,109,19,25,2,155,0,0,38,1,39,109,19,63,3,194,42,0,42,236
06/15/2009,RNO,NV,AWP,WE,Combined TRACON& Tower with Radar,113,31,32,4,180,0,12,46,0,58,113,43,78,4,238,22,0,22,260
06/16/2009,RNO,NV,AWP,WE,Combined TRACON& Tower with Radar,124,25,33,7,189,0,11,38,0,49,124,36,71,7,238,0,2,2,240
06/17/2009,RNO,NV,AWP,WE,Combined TRACON& Tower with Radar,122,36,30,7,195,0,9,54,3,66,122,45,84,10,261,6,0,6,267
06/18/2009,RNO,NV,AWP,WE,Combined TRACON& Tower with Radar,123,29,36,10,198,0,22,75,5,102,123,51,111,15,300,82,0,82,382
06/19/2009,RNO,NV,AWP,WE,Combined TRACON& Tower with Radar,122,38,45,11,216,0,12,74,1,87,122,50,119,12,303,56,2,58,361
06/20/2009,RNO,NV,AWP,WE,Combined TRACON& Tower with Radar,107,33,30,3,173,0,5,72,2,79,107,38,102,5,252,20,0,20,272
06/21/2009,RNO,NV,AWP,WE,Combined TRACON& Tower with Radar,111,32,37,1,181,0,2,67,0,69,111,34,104,1,250,18,0,18,268
06/22/2009,RNO,NV,AWP,WE,Combined TRACON& Tower with Radar,120,28,25,4,177,0,17,48,0,65,120,45,73,4,242,62,2,64,306
06/23/2009,RNO,NV,AWP,WE,Combined TRACON& Tower with Radar,123,35,32,3,193,0,18,83,1,102,123,53,115,4,295,36,0,36,331
06/24/2009,RNO,NV,AWP,WE,Combined TRACON& Tower with Radar,122,38,29,2,191,0,16,79,5,100,122,54,108,7,291,46,0,46,337
06/25/2009,RNO,NV,AWP,WE,Combined TRACON& Tower with Radar,123,40,49,2,214,0,15,84,12,111,123,55,133,14,325,32,0,32,357
06/26/2009,RNO,NV,AWP,WE,Combined TRACON& Tower with Radar,129,35,44,4,212,0,12,87,7,106,129,47,131,11,318,24,0,24,342
06/27/2009,RNO,NV,AWP,WE,Combined TRACON& Tower with Radar,104,18,27,4,153,0,3,77,2,82,104,21,104,6,235,34,4,38,273
06/28/2009,RNO,NV,AWP,WE,Combined TRACON& Tower with Radar,113,17,21,0,151,0,8,70,6,84,113,25,91,6,235,40,2,42,277
06/29/2009,RNO,NV,AWP,WE,Combined TRACON& Tower with Radar,114,32,18,2,166,0,15,57,1,73,114,47,75,3,239,24,0,24,263
06/30/2009,RNO,NV,AWP,WE,Combined TRACON& Tower with Radar,121,27,33,3,184,0,17,62,4,83,121,44,95,7,267,10,0,10,277
07/01/2009,RNO,NV,AWP,WE,Combined TRACON& Tower with Radar,122,31,21,1,175,0,15,79,3,97,122,46,100,4,272,22,2,24,296
07/02/2009,RNO,NV,AWP,WE,Combined TRACON& Tower with Radar,127,33,29,6,195,0,16,66,3,85,127,49,95,9,280,22,0,22,302
07/03/2009,RNO,NV,AWP,WE,Combined TRACON& Tower with Radar,115,27,18,5,165,0,9,52,0,61,115,36,70,5,226,64,0,64,290
07/04/2009,RNO,NV,AWP,WE,Combined TRACON& Tower with Radar,82,16,9,0,107,1,3,36,3,43,83,19,45,3,150,6,0,6,156
07/05/2009,RNO,NV,AWP,WE,Combined TRACON& Tower with Radar,117,21,31,0,169,0,1,58,0,59,117,22,89,0,228,44,0,44,272
07/06/2009,RNO,NV,AWP,WE,Combined TRACON& Tower with Radar,122,33,24,1,180,0,12,57,1,70,122,45,81,2,250,92,2,94,344
07/07/2009,RNO,NV,AWP,WE,Combined TRACON& Tower with Radar,120,23,23,0,166,0,17,57,5,79,120,40,80,5,245,76,0,76,321
07/08/2009,RNO,NV,AWP,WE,Combined TRACON& Tower with Radar,120,24,16,0,160,0,18,93,5,116,120,42,109,5,276,72,0,72,348
07/09/2009,RNO,NV,AWP,WE,Combined TRACON& Tower with Radar,124,25,25,1,175,0,19,84,6,109,124,44,109,7,284,10,0,10,294
07/10/2009,RNO,NV,AWP,WE,Combined TRACON& Tower with Radar,128,33,29,6,196,0,15,63,5,83,128,48,92,11,279,47,2,49,328
07/11/2009,RNO,NV,AWP,WE,Combined TRACON& Tower with Radar,108,17,22,4,151,0,3,62,3,68,108,20,84,7,219,34,2,36,255
07/12/2009,RNO,NV,AWP,WE,Combined TRACON& Tower with Radar,109,23,31,3,166,0,2,59,6,67,109,25,90,9,233,48,2,50,283
07/13/2009,RNO,NV,AWP,WE,Combined TRACON& Tower with Radar,122,30,18,2,172,0,10,68,4,82,122,40,86,6,254,28,2,30,284
07/14/2009,RNO,NV,AWP,WE,Combined TRACON& Tower with Radar,121,35,30,8,194,0,11,75,8,94,121,46,105,16,288,60,12,72,360
07/15/2009,RNO,NV,AWP,WE,Combined TRACON& Tower with Radar,120,34,30,0,184,0,14,89,6,109,120,48,119,6,293,10,0,10,303
07/16/2009,RNO,NV,AWP,WE,Combined TRACON& Tower with Radar,125,28,28,4,185,0,10,62,6,78,125,38,90,10,263,44,0,44,307
07/17/2009,RNO,NV,AWP,WE,Combined TRACON& Tower with Radar,125,34,33,5,197,0,11,60,3,74,125,45,93,8,271,50,6,56,327
07/18/2009,RNO,NV,AWP,WE,Combined TRACON& Tower with Radar,108,21,22,3,154,0,8,75,0,83,108,29,97,3,237,56,2,58,295
07/19/2009,RNO,NV,AWP,WE,Combined TRACON& Tower with Radar,109,39,17,2,167,0,3,66,0,69,109,42,83,2,236,28,0,28,264
07/20/2009,RNO,NV,AWP,WE,Combined TRACON& Tower with Radar,116,31,26,2,175,0,16,53,0,69,116,47,79,2,244,32,0,32,276
07/21/2009,RNO,NV,AWP,WE,Combined TRACON& Tower with Radar,121,31,19,2,173,0,12,55,3,70,121,43,74,5,243,38,2,40,283
07/22/2009,RNO,NV,AWP,WE,Combined TRACON& Tower with Radar,121,32,30,1,184,0,10,63,13,86,121,42,93,14,270,60,2,62,332
07/23/2009,RNO,NV,AWP,WE,Combined TRACON& Tower with Radar,122,36,46,3,207,0,15,70,9,94,122,51,116,12,301,42,0,42,343
07/24/2009,RNO,NV,AWP,WE,Combined TRACON& Tower with Radar,127,39,30,1,197,0,14,68,5,87,127,53,98,6,284,54,0,54,338
07/25/2009,RNO,NV,AWP,WE,Combined TRACON& Tower with Radar,109,24,42,2,177,0,3,84,1,88,109,27,126,3,265,42,2,44,309
07/26/2009,RNO,NV,AWP,WE,Combined TRACON& Tower with Radar,112,33,41,2,188,0,2,71,0,73,112,35,112,2,261,38,2,40,301
07/27/2009,RNO,NV,AWP,WE,Combined TRACON& Tower with Radar,117,23,21,0,161,0,9,41,1,51,117,32,62,1,212,10,0,10,222
07/28/2009,RNO,NV,AWP,WE,Combined TRACON& Tower with Radar,122,29,19,0,170,0,10,62,4,76,122,39,81,4,246,46,0,46,292
07/29/2009,RNO,NV,AWP,WE,Combined TRACON& Tower with Radar,120,35,30,0,185,0,11,62,4,77,120,46,92,4,262,18,0,18,280
07/30/2009,RNO,NV,AWP,WE,Combined TRACON& Tower with Radar,122,32,38,6,198,0,9,52,2,63,122,41,90,8,261,60,8,68,329
07/31/2009,RNO,NV,AWP,WE,Combined TRACON& Tower with Radar,127,35,38,2,202,0,9,64,3,76,127,44,102,5,278,16,0,16,294
08/01/2009,RNO,NV,AWP,WE,Combined TRACON& Tower with Radar,104,22,34,4,164,0,9,59,6,74,104,31,93,10,238,62,2,64,302
08/02/2009,RNO,NV,AWP,WE,Combined TRACON& Tower with Radar,113,21,29,2,165,0,0,72,4,76,113,21,101,6,241,30,0,30,271
08/03/2009,RNO,NV,AWP,WE,Combined TRACON& Tower with Radar,118,28,25,2,173,0,11,61,0,72,118,39,86,2,245,20,0,20,265
08/04/2009,RNO,NV,AWP,WE,Combined TRACON& Tower with Radar,119,27,14,4,164,0,9,45,3,57,119,36,59,7,221,46,0,46,267
08/05/2009,RNO,NV,AWP,WE,Combined TRACON& Tower with Radar,121,37,26,4,188,0,6,56,3,65,121,43,82,7,253,6,0,6,259
08/06/2009,RNO,NV,AWP,WE,Combined TRACON& Tower with Radar,118,47,35,8,208,1,6,39,0,46,119,53,74,8,254,10,0,10,264
08/07/2009,RNO,NV,AWP,WE,Combined TRACON& Tower with Radar,128,38,43,2,211,0,11,64,4,79,128,49,107,6,290,32,0,32,322
08/08/2009,RNO,NV,AWP,WE,Combined TRACON& Tower with Radar,99,18,22,0,139,0,0,63,1,64,99,18,85,1,203,126,0,126,329
08/09/2009,RNO,NV,AWP,WE,Combined TRACON& Tower with Radar,116,36,46,0,198,0,6,77,2,85,116,42,123,2,283,40,2,42,325
08/10/2009,RNO,NV,AWP,WE,Combined TRACON& Tower with Radar,120,30,28,0,178,0,10,73,2,85,120,40,101,2,263,60,0,60,323
08/11/2009,RNO,NV,AWP,WE,Combined TRACON& Tower with Radar,122,34,23,2,181,0,10,68,2,80,122,44,91,4,261,64,0,64,325
08/12/2009,RNO,NV,AWP,WE,Combined TRACON& Tower with Radar,121,29,32,2,184,0,12,95,9,116,121,41,127,11,300,16,2,18,318
08/13/2009,RNO,NV,AWP,WE,Combined TRACON& Tower with Radar,121,37,24,3,185,0,10,82,4,96,121,47,106,7,281,60,2,62,343
08/14/2009,RNO,NV,AWP,WE,Combined TRACON& Tower with Radar,126,35,25,4,190,0,8,68,5,81,126,43,93,9,271,62,0,62,333
08/15/2009,RNO,NV,AWP,WE,Combined TRACON& Tower with Radar,108,23,22,2,155,0,3,76,0,79,108,26,98,2,234,36,0,36,270
08/16/2009,RNO,NV,AWP,WE,Combined TRACON& Tower with Radar,105,32,19,1,157,0,2,81,0,83,105,34,100,1,240,26,0,26,266
08/17/2009,RNO,NV,AWP,WE,Combined TRACON& Tower with Radar,119,34,28,2,183,0,10,59,2,71,119,44,87,4,254,32,0,32,286
08/18/2009,RNO,NV,AWP,WE,Combined TRACON& Tower with Radar,118,34,23,0,175,0,11,69,4,84,118,45,92,4,259,38,0,38,297
08/19/2009,RNO,NV,AWP,WE,Combined TRACON& Tower with Radar,120,28,22,1,171,0,13,74,5,92,120,41,96,6,263,22,0,22,285
08/20/2009,RNO,NV,AWP,WE,Combined TRACON& Tower with Radar,123,41,37,3,204,0,16,52,6,74,123,57,89,9,278,44,8,52,330
08/21/2009,RNO,NV,AWP,WE,Combined TRACON& Tower with Radar,122,30,27,4,183,0,10,76,6,92,122,40,103,10,275,34,4,38,313
08/22/2009,RNO,NV,AWP,WE,Combined TRACON& Tower with Radar,98,25,20,0,143,0,6,53,1,60,98,31,73,1,203,60,0,60,263
08/23/2009,RNO,NV,AWP,WE,Combined TRACON& Tower with Radar,104,31,39,7,181,0,1,55,0,56,104,32,94,7,237,6,0,6,243
08/24/2009,RNO,NV,AWP,WE,Combined TRACON& Tower with Radar,118,27,11,0,156,0,13,71,0,84,118,40,82,0,240,6,0,6,246
08/25/2009,RNO,NV,AWP,WE,Combined TRACON& Tower with Radar,118,37,24,1,180,0,14,66,7,87,118,51,90,8,267,24,0,24,291
08/26/2009,RNO,NV,AWP,WE,Combined TRACON& Tower with Radar,119,27,28,1,175,0,15,60,7,82,119,42,88,8,257,66,0,66,323
08/27/2009,RNO,NV,AWP,WE,Combined TRACON& Tower with Radar,120,33,32,5,190,0,7,99,1,107,120,40,131,6,297,38,0,38,335
08/28/2009,RNO,NV,AWP,WE,Combined TRACON& Tower with Radar,122,46,34,3,205,0,8,74,3,85,122,54,108,6,290,33,0,33,323
08/29/2009,RNO,NV,AWP,WE,Combined TRACON& Tower with Radar,98,22,23,2,145,0,2,95,0,97,98,24,118,2,242,44,0,44,286
08/30/2009,RNO,NV,AWP,WE,Combined TRACON& Tower with Radar,105,25,15,0,145,0,1,63,0,64,105,26,78,0,209,8,0,8,217
08/31/2009,RNO,NV,AWP,WE,Combined TRACON& Tower with Radar,112,26,19,0,157,0,13,64,0,77,112,39,83,0,234,30,2,32,266
09/01/2009,RNO,NV,AWP,WE,Combined TRACON& Tower with Radar,123,29,29,5,186,0,10,62,5,77,123,39,91,10,263,28,0,28,291
09/02/2009,RNO,NV,AWP,WE,Combined TRACON& Tower with Radar,120,30,27,2,179,0,10,96,10,116,120,40,123,12,295,30,4,34,329
09/03/2009,RNO,NV,AWP,WE,Combined TRACON& Tower with Radar,121,28,41,7,197,0,13,94,4,111,121,41,135,11,308,56,4,60,368
09/04/2009,RNO,NV,AWP,WE,Combined TRACON& Tower with Radar,124,36,31,7,198,0,9,74,2,85,124,45,105,9,283,94,0,94,377
09/05/2009,RNO,NV,AWP,WE,Combined TRACON& Tower with Radar,95,10,20,2,127,0,10,83,1,94,95,20,103,3,221,16,0,16,237
09/06/2009,RNO,NV,AWP,WE,Combined TRACON& Tower with Radar,93,28,32,0,153,0,9,68,0,77,93,37,100,0,230,12,0,12,242
09/07/2009,RNO,NV,AWP,WE,Combined TRACON& Tower with Radar,106,27,23,0,156,0,1,100,0,101,106,28,123,0,257,74,0,74,331
09/08/2009,RNO,NV,AWP,WE,Combined TRACON& Tower with Radar,117,32,36,0,185,0,12,78,1,91,117,44,114,1,276,58,0,58,334
09/09/2009,RNO,NV,AWP,WE,Combined TRACON& Tower with Radar,120,26,27,0,173,0,9,85,4,98,120,35,112,4,271,22,0,22,293
09/10/2009,RNO,NV,AWP,WE,Combined TRACON& Tower with Radar,126,33,36,2,197,0,10,103,7,120,126,43,139,9,317,52,2,54,371
09/11/2009,RNO,NV,AWP,WE,Combined TRACON& Tower with Radar,121,30,30,3,184,0,10,73,4,87,121,40,103,7,271,44,0,44,315
09/12/2009,RNO,NV,AWP,WE,Combined TRACON& Tower with Radar,91,13,28,3,135,0,7,53,7,67,91,20,81,10,202,30,4,34,236
09/13/2009,RNO,NV,AWP,WE,Combined TRACON& Tower with Radar,112,20,19,7,158,0,6,57,1,64,112,26,76,8,222,6,0,6,228
09/14/2009,RNO,NV,AWP,WE,Combined TRACON& Tower with Radar,119,31,28,5,183,0,11,56,1,68,119,42,84,6,251,2,0,2,253
09/15/2009,RNO,NV,AWP,WE,Combined TRACON& Tower with Radar,127,25,40,4,196,0,18,79,8,105,127,43,119,12,301,53,0,53,354
09/16/2009,RNO,NV,AWP,WE,Combined TRACON& Tower with Radar,124,17,52,4,197,0,16,125,11,152,124,33,177,15,349,36,0,36,385
09/17/2009,RNO,NV,AWP,WE,Combined TRACON& Tower with Radar,124,19,81,5,229,0,17,172,10,199,124,36,253,15,428,26,4,30,458
09/18/2009,RNO,NV,AWP,WE,Combined TRACON& Tower with Radar,125,32,74,8,239,0,12,267,10,289,125,44,341,18,528,24,0,24,552
09/19/2009,RNO,NV,AWP,WE,Combined TRACON& Tower with Radar,93,19,51,6,169,0,9,160,8,177,93,28,211,14,346,0,0,0,346
09/20/2009,RNO,NV,AWP,WE,Combined TRACON& Tower with Radar,104,22,67,3,196,0,5,243,5,253,104,27,310,8,449,2,0,2,451
09/21/2009,RNO,NV,AWP,WE,Combined TRACON& Tower with Radar,114,23,68,2,207,0,8,206,7,221,114,31,274,9,428,2,0,2,430
09/22/2009,RNO,NV,AWP,WE,Combined TRACON& Tower with Radar,122,22,32,3,179,0,11,63,4,78,122,33,95,7,257,48,0,48,305
09/23/2009,RNO,NV,AWP,WE,Combined TRACON& Tower with Radar,122,17,21,3,163,0,7,67,6,80,122,24,88,9,243,10,0,10,253
09/24/2009,RNO,NV,AWP,WE,Combined TRACON& Tower with Radar,119,18,32,3,172,0,6,83,7,96,119,24,115,10,268,26,0,26,294
09/25/2009,RNO,NV,AWP,WE,Combined TRACON& Tower with Radar,120,25,30,2,177,0,9,58,0,67,120,34,88,2,244,22,0,22,266
09/26/2009,RNO,NV,AWP,WE,Combined TRACON& Tower with Radar,90,18,21,2,131,0,3,83,4,90,90,21,104,6,221,46,0,46,267
09/27/2009,RNO,NV,AWP,WE,Combined TRACON& Tower with Radar,102,12,24,5,143,0,4,60,3,67,102,16,84,8,210,28,0,28,238
09/28/2009,RNO,NV,AWP,WE,Combined TRACON& Tower with Radar,108,23,34,4,169,0,6,45,1,52,108,29,79,5,221,4,0,4,225
09/29/2009,RNO,NV,AWP,WE,Combined TRACON& Tower with Radar,122,20,28,1,171,0,4,28,2,34,122,24,56,3,205,4,0,4,209
09/30/2009,RNO,NV,AWP,WE,Combined TRACON& Tower with Radar,123,27,37,2,189,0,8,59,6,73,123,35,96,8,262,16,0,16,278
10/01/2009,RNO,NV,AWP,WE,Combined TRACON& Tower with Radar,117,21,27,3,168,0,15,87,3,105,117,36,114,6,273,76,0,76,349
10/02/2009,RNO,NV,AWP,WE,Combined TRACON& Tower with Radar,112,20,31,3,166,0,5,26,44,75,112,25,57,47,241,24,0,24,265
10/03/2009,RNO,NV,AWP,WE,Combined TRACON& Tower with Radar,97,23,22,3,145,0,1,41,2,44,97,24,63,5,189,22,0,22,211
10/04/2009,RNO,NV,AWP,WE,Combined TRACON& Tower with Radar,98,21,47,5,171,0,1,15,4,20,98,22,62,9,191,10,0,10,201
10/05/2009,RNO,NV,AWP,WE,Combined TRACON& Tower with Radar,113,31,41,4,189,0,9,44,3,56,113,40,85,7,245,42,0,42,287
10/06/2009,RNO,NV,AWP,WE,Combined TRACON& Tower with Radar,118,29,43,9,199,0,9,61,1,71,118,38,104,10,270,24,0,24,294
10/07/2009,RNO,NV,AWP,WE,Combined TRACON& Tower with Radar,123,23,33,8,187,1,12,68,4,85,124,35,101,12,272,16,4,20,292
10/08/2009,RNO,NV,AWP,WE,Combined TRACON& Tower with Radar,123,32,35,3,193,0,15,72,3,90,123,47,107,6,283,20,0,20,303
10/09/2009,RNO,NV,AWP,WE,Combined TRACON& Tower with Radar,118,30,22,9,179,0,15,66,5,86,118,45,88,14,265,56,2,58,323
10/10/2009,RNO,NV,AWP,WE,Combined TRACON& Tower with Radar,92,24,18,2,136,0,3,68,0,71,92,27,86,2,207,26,0,26,233
10/11/2009,RNO,NV,AWP,WE,Combined TRACON& Tower with Radar,101,32,18,10,161,0,7,43,0,50,101,39,61,10,211,46,0,46,257
10/12/2009,RNO,NV,AWP,WE,Combined TRACON& Tower with Radar,112,36,19,2,169,0,5,38,0,43,112,41,57,2,212,46,0,46,258
10/13/2009,RNO,NV,AWP,WE,Combined TRACON& Tower with Radar,113,32,28,1,174,0,0,0,0,0,113,32,28,1,174,0,0,0,174
10/14/2009,RNO,NV,AWP,WE,Combined TRACON& Tower with Radar,114,34,23,3,174,0,4,9,2,15,114,38,32,5,189,0,0,0,189
10/15/2009,RNO,NV,AWP,WE,Combined TRACON& Tower with Radar,123,39,38,2,202,0,8,53,5,66,123,47,91,7,268,26,0,26,294
10/16/2009,RNO,NV,AWP,WE,Combined TRACON& Tower with Radar,122,33,42,3,200,0,6,38,6,50,122,39,80,9,250,16,0,16,266
10/17/2009,RNO,NV,AWP,WE,Combined TRACON& Tower with Radar,94,28,14,0,136,0,4,67,1,72,94,32,81,1,208,30,0,30,238
10/18/2009,RNO,NV,AWP,WE,Combined TRACON& Tower with Radar,100,17,28,0,145,0,2,44,0,46,100,19,72,0,191,16,0,16,207
10/19/2009,RNO,NV,AWP,WE,Combined TRACON& Tower with Radar,113,30,25,1,169,0,7,15,0,22,113,37,40,1,191,0,2,2,193
10/20/2009,RNO,NV,AWP,WE,Combined TRACON& Tower with Radar,121,31,26,2,180,0,14,52,5,71,121,45,78,7,251,38,0,38,289
10/21/2009,RNO,NV,AWP,WE,Combined TRACON& Tower with Radar,119,33,27,2,181,0,10,60,8,78,119,43,87,10,259,6,2,8,267
10/22/2009,RNO,NV,AWP,WE,Combined TRACON& Tower with Radar,121,22,20,0,163,0,4,83,6,93,121,26,103,6,256,26,2,28,284
10/23/2009,RNO,NV,AWP,WE,Combined TRACON& Tower with Radar,118,28,24,4,174,0,6,84,7,97,118,34,108,11,271,48,0,48,319
10/24/2009,RNO,NV,AWP,WE,Combined TRACON& Tower with Radar,93,16,17,0,126,0,5,58,1,64,93,21,75,1,190,24,0,24,214
10/25/2009,RNO,NV,AWP,WE,Combined TRACON& Tower with Radar,100,24,34,0,158,0,2,87,0,89,100,26,121,0,247,38,0,38,285
10/26/2009,RNO,NV,AWP,WE,Combined TRACON& Tower with Radar,117,20,30,1,168,0,9,55,1,65,117,29,85,2,233,30,0,30,263
10/27/2009,RNO,NV,AWP,WE,Combined TRACON& Tower with Radar,124,31,27,4,186,0,3,12,2,17,124,34,39,6,203,2,0,2,205
10/28/2009,RNO,NV,AWP,WE,Combined TRACON& Tower with Radar,127,16,31,3,177,0,8,29,3,40,127,24,60,6,217,26,0,26,243
10/29/2009,RNO,NV,AWP,WE,Combined TRACON& Tower with Radar,120,16,29,3,168,0,5,36,2,43,120,21,65,5,211,70,0,70,281
10/30/2009,RNO,NV,AWP,WE,Combined TRACON& Tower with Radar,121,16,39,0,176,0,10,88,3,101,121,26,127,3,277,34,0,34,311
10/31/2009,RNO,NV,AWP,WE,Combined TRACON& Tower with Radar,93,8,5,0,106,0,6,59,0,65,93,14,64,0,171,70,0,70,241
11/01/2009,RNO,NV,AWP,WE,Combined TRACON& Tower with Radar,107,12,22,1,142,0,2,61,0,63,107,14,83,1,205,20,0,20,225
11/02/2009,RNO,NV,AWP,WE,Combined TRACON& Tower with Radar,113,14,15,2,144,0,8,63,0,71,113,22,78,2,215,36,0,36,251
11/03/2009,RNO,NV,AWP,WE,Combined TRACON& Tower with Radar,120,13,22,0,155,0,5,82,1,88,120,18,104,1,243,22,0,22,265
11/04/2009,RNO,NV,AWP,WE,Combined TRACON& Tower with Radar,118,15,26,4,163,0,9,72,4,85,118,24,98,8,248,44,0,44,292
11/05/2009,RNO,NV,AWP,WE,Combined TRACON& Tower with Radar,119,20,31,2,172,0,4,48,3,55,119,24,79,5,227,36,0,36,263
11/06/2009,RNO,NV,AWP,WE,Combined TRACON& Tower with Radar,121,19,37,7,184,0,5,23,2,30,121,24,60,9,214,14,0,14,228
11/07/2009,RNO,NV,AWP,WE,Combined TRACON& Tower with Radar,94,10,9,2,115,0,6,53,2,61,94,16,62,4,176,18,0,18,194
11/08/2009,RNO,NV,AWP,WE,Combined TRACON& Tower with Radar,106,12,18,4,140,0,1,69,0,70,106,13,87,4,210,26,0,26,236
11/09/2009,RNO,NV,AWP,WE,Combined TRACON& Tower with Radar,112,18,24,1,155,0,6,56,2,64,112,24,80,3,219,4,0,4,223
11/10/2009,RNO,NV,AWP,WE,Combined TRACON& Tower with Radar,120,24,35,3,182,0,4,46,1,51,120,28,81,4,233,55,4,59,292
11/11/2009,RNO,NV,AWP,WE,Combined TRACON& Tower with Radar,119,23,22,3,167,1,5,41,1,48,120,28,63,4,215,32,2,34,249
11/12/2009,RNO,NV,AWP,WE,Combined TRACON& Tower with Radar,120,24,35,3,182,0,2,18,5,25,120,26,53,8,207,30,0,30,237
11/13/2009,RNO,NV,AWP,WE,Combined TRACON& Tower with Radar,118,29,37,10,194,0,6,60,3,69,118,35,97,13,263,22,0,22,285
11/14/2009,RNO,NV,AWP,WE,Combined TRACON& Tower with Radar,98,11,21,2,132,0,6,52,0,58,98,17,73,2,190,42,0,42,232
11/15/2009,RNO,NV,AWP,WE,Combined TRACON& Tower with Radar,103,16,19,2,140,0,2,51,0,53,103,18,70,2,193,12,0,12,205
11/16/2009,RNO,NV,AWP,WE,Combined TRACON& Tower with Radar,120,12,23,0,155,0,8,49,0,57,120,20,72,0,212,24,0,24,236
11/17/2009,RNO,NV,AWP,WE,Combined TRACON& Tower with Radar,125,9,29,0,163,0,9,53,3,65,125,18,82,3,228,26,0,26,254
11/18/2009,RNO,NV,AWP,WE,Combined TRACON& Tower with Radar,126,19,26,1,172,0,9,27,8,44,126,28,53,9,216,31,0,31,247
11/19/2009,RNO,NV,AWP,WE,Combined TRACON& Tower with Radar,118,14,34,2,168,0,6,60,5,71,118,20,94,7,239,34,0,34,273
11/20/2009,RNO,NV,AWP,WE,Combined TRACON& Tower with Radar,117,17,18,0,152,0,3,7,0,10,117,20,25,0,162,6,0,6,168
11/21/2009,RNO,NV,AWP,WE,Combined TRACON& Tower with Radar,95,24,14,1,134,0,2,39,0,41,95,26,53,1,175,24,0,24,199
11/22/2009,RNO,NV,AWP,WE,Combined TRACON& Tower with Radar,110,13,11,3,137,0,1,11,0,12,110,14,22,3,149,2,4,6,155
11/23/2009,RNO,NV,AWP,WE,Combined TRACON& Tower with Radar,115,16,15,5,151,0,12,57,2,71,115,28,72,7,222,18,0,18,240
11/24/2009,RNO,NV,AWP,WE,Combined TRACON& Tower with Radar,122,16,28,1,167,0,6,73,2,81,122,22,101,3,248,56,0,56,304
11/25/2009,RNO,NV,AWP,WE,Combined TRACON& Tower with Radar,124,20,28,0,172,0,12,76,5,93,124,32,104,5,265,44,2,46,311
11/26/2009,RNO,NV,AWP,WE,Combined TRACON& Tower with Radar,74,5,6,0,85,0,2,49,0,51,74,7,55,0,136,18,0,18,154
11/27/2009,RNO,NV,AWP,WE,Combined TRACON& Tower with Radar,93,10,26,0,129,0,2,15,0,17,93,12,41,0,146,0,0,0,146
11/28/2009,RNO,NV,AWP,WE,Combined TRACON& Tower with Radar,107,22,19,0,148,0,3,15,0,18,107,25,34,0,166,0,0,0,166
11/29/2009,RNO,NV,AWP,WE,Combined TRACON& Tower with Radar,108,18,30,0,156,0,2,83,1,86,108,20,113,1,242,52,0,52,294
11/30/2009,RNO,NV,AWP,WE,Combined TRACON& Tower with Radar,119,15,16,0,150,0,7,53,0,60,119,22,69,0,210,54,0,54,264
12/01/2009,RNO,NV,AWP,WE,Combined TRACON& Tower with Radar,128,15,25,0,168,0,13,62,0,75,128,28,87,0,243,42,0,42,285
12/02/2009,RNO,NV,AWP,WE,Combined TRACON& Tower with Radar,124,13,31,4,172,0,13,72,0,85,124,26,103,4,257,40,0,40,297
12/03/2009,RNO,NV,AWP,WE,Combined TRACON& Tower with Radar,124,13,28,1,166,0,5,47,0,52,124,18,75,1,218,80,4,84,302
12/04/2009,RNO,NV,AWP,WE,Combined TRACON& Tower with Radar,119,17,16,5,157,0,8,63,3,74,119,25,79,8,231,42,6,48,279
12/05/2009,RNO,NV,AWP,WE,Combined TRACON& Tower with Radar,96,13,11,9,129,0,1,22,3,26,96,14,33,12,155,38,0,38,193
12/06/2009,RNO,NV,AWP,WE,Combined TRACON& Tower with Radar,103,14,27,9,153,0,1,11,0,12,103,15,38,9,165,2,0,2,167
12/07/2009,RNO,NV,AWP,WE,Combined TRACON& Tower with Radar,78,15,5,1,99,0,0,0,0,0,78,15,5,1,99,0,0,0,99
12/08/2009,RNO,NV,AWP,WE,Combined TRACON& Tower with Radar,116,13,21,6,156,0,9,26,0,35,116,22,47,6,191,8,0,8,199
12/09/2009,RNO,NV,AWP,WE,Combined TRACON& Tower with Radar,124,20,21,0,165,0,2,31,3,36,124,22,52,3,201,10,0,10,211
12/10/2009,RNO,NV,AWP,WE,Combined TRACON& Tower with Radar,117,13,24,6,160,0,8,17,2,27,117,21,41,8,187,4,2,6,193
12/11/2009,RNO,NV,AWP,WE,Combined TRACON& Tower with Radar,125,23,22,4,174,0,5,1,0,6,125,28,23,4,180,0,0,0,180
12/12/2009,RNO,NV,AWP,WE,Combined TRACON& Tower with Radar,69,5,5,0,79,0,0,2,0,2,69,5,7,0,81,4,0,4,85
12/13/2009,RNO,NV,AWP,WE,Combined TRACON& Tower with Radar,111,16,14,0,141,0,2,0,0,2,111,18,14,0,143,0,0,0,143
12/14/2009,RNO,NV,AWP,WE,Combined TRACON& Tower with Radar,60,10,15,0,85,0,0,1,1,2,60,10,16,1,87,0,0,0,87
12/15/2009,RNO,NV,AWP,WE,Combined TRACON& Tower with Radar,126,15,26,2,169,0,7,14,2,23,126,22,40,4,192,14,0,14,206
12/16/2009,RNO,NV,AWP,WE,Combined TRACON& Tower with Radar,134,14,32,4,184,0,0,14,0,14,134,14,46,4,198,24,4,28,226
12/17/2009,RNO,NV,AWP,WE,Combined TRACON& Tower with Radar,133,23,46,2,204,1,5,53,3,62,134,28,99,5,266,0,0,0,266
12/18/2009,RNO,NV,AWP,WE,Combined TRACON& Tower with Radar,129,22,28,3,182,0,7,48,2,57,129,29,76,5,239,86,0,86,325
12/19/2009,RNO,NV,AWP,WE,Combined TRACON& Tower with Radar,118,19,29,0,166,0,3,45,1,49,118,22,74,1,215,14,2,16,231
12/20/2009,RNO,NV,AWP,WE,Combined TRACON& Tower with Radar,127,18,19,0,164,0,0,19,0,19,127,18,38,0,183,14,0,14,197
12/21/2009,RNO,NV,AWP,WE,Combined TRACON& Tower with Radar,125,29,21,1,176,0,2,11,0,13,125,31,32,1,189,6,0,6,195
12/22/2009,RNO,NV,AWP,WE,Combined TRACON& Tower with Radar,135,28,39,5,207,0,3,14,6,23,135,31,53,11,230,2,8,10,240
12/23/2009,RNO,NV,AWP,WE,Combined TRACON& Tower with Radar,135,18,26,4,183,0,8,56,3,67,135,26,82,7,250,20,2,22,272
12/24/2009,RNO,NV,AWP,WE,Combined TRACON& Tower with Radar,111,13,15,0,139,0,13,33,2,48,111,26,48,2,187,28,0,28,215
12/25/2009,RNO,NV,AWP,WE,Combined TRACON& Tower with Radar,93,8,12,0,113,0,1,25,1,27,93,9,37,1,140,4,0,4,144
12/26/2009,RNO,NV,AWP,WE,Combined TRACON& Tower with Radar,114,24,35,0,173,0,0,32,0,32,114,24,67,0,205,42,0,42,247
12/27/2009,RNO,NV,AWP,WE,Combined TRACON& Tower with Radar,118,32,29,0,179,0,2,15,0,17,118,34,44,0,196,28,0,28,224
12/28/2009,RNO,NV,AWP,WE,Combined TRACON& Tower with Radar,116,28,43,2,189,0,1,8,0,9,116,29,51,2,198,0,0,0,198
12/29/2009,RNO,NV,AWP,WE,Combined TRACON& Tower with Radar,125,27,51,0,203,0,0,14,0,14,125,27,65,0,217,0,0,0,217
12/30/2009,RNO,NV,AWP,WE,Combined TRACON& Tower with Radar,127,41,40,1,209,0,4,3,4,11,127,45,43,5,220,6,8,14,234
12/31/2009,RNO,NV,AWP,WE,Combined TRACON& Tower with Radar,100,28,23,0,151,0,4,20,1,25,100,32,43,1,176,0,0,0,176
01/01/2010,RNO,NV,AWP,WE,Combined TRACON& Tower with Radar,90,16,23,1,130,0,1,10,1,12,90,17,33,2,142,20,0,20,162
01/02/2010,RNO,NV,AWP,WE,Combined TRACON& Tower with Radar,111,37,40,0,188,0,2,58,3,63,111,39,98,3,251,56,0,56,307
01/03/2010,RNO,NV,AWP,WE,Combined TRACON& Tower with Radar,118,28,40,0,186,0,1,45,1,47,118,29,85,1,233,38,0,38,271
01/04/2010,RNO,NV,AWP,WE,Combined TRACON& Tower with Radar,112,20,23,0,155,0,7,43,1,51,112,27,66,1,206,36,0,36,242
01/05/2010,RNO,NV,AWP,WE,Combined TRACON& Tower with Radar,117,22,28,0,167,0,4,38,2,44,117,26,66,2,211,36,0,36,247
01/06/2010,RNO,NV,AWP,WE,Combined TRACON& Tower with Radar,119,27,25,2,173,0,3,36,2,41,119,30,61,4,214,36,6,42,256
01/07/2010,RNO,NV,AWP,WE,Combined TRACON& Tower with Radar,117,42,44,2,205,0,1,12,0,13,117,43,56,2,218,22,0,22,240
01/08/2010,RNO,NV,AWP,WE,Combined TRACON& Tower with Radar,117,35,29,4,185,0,3,21,2,26,117,38,50,6,211,20,16,36,247
01/09/2010,RNO,NV,AWP,WE,Combined TRACON& Tower with Radar,95,19,22,1,137,0,3,17,7,27,95,22,39,8,164,68,12,80,244
01/10/2010,RNO,NV,AWP,WE,Combined TRACON& Tower with Radar,117,28,38,9,192,0,0,1,0,1,117,28,39,9,193,0,0,0,193
01/11/2010,RNO,NV,AWP,WE,Combined TRACON& Tower with Radar,119,20,19,3,161,0,7,22,0,29,119,27,41,3,190,36,0,36,226
01/12/2010,RNO,NV,AWP,WE,Combined TRACON& Tower with Radar,130,29,27,2,188,0,2,5,1,8,130,31,32,3,196,8,0,8,204
01/13/2010,RNO,NV,AWP,WE,Combined TRACON& Tower with Radar,121,28,21,2,172,0,6,20,5,31,121,34,41,7,203,0,4,4,207
01/14/2010,RNO,NV,AWP,WE,Combined TRACON& Tower with Radar,123,27,40,3,193,0,3,66,8,77,123,30,106,11,270,76,0,76,346
01/15/2010,RNO,NV,AWP,WE,Combined TRACON& Tower with Radar,121,37,20,3,181,0,10,79,0,89,121,47,99,3,270,52,5,57,327
01/16/2010,RNO,NV,AWP,WE,Combined TRACON& Tower with Radar,92,17,17,2,128,0,3,52,4,59,92,20,69,6,187,4,0,4,191
01/17/2010,RNO,NV,AWP,WE,Combined TRACON& Tower with Radar,117,21,18,1,157,0,2,6,0,8,117,23,24,1,165,0,0,0,165
01/18/2010,RNO,NV,AWP,WE,Combined TRACON& Tower with Radar,117,30,36,1,184,0,2,0,4,6,117,32,36,5,190,6,0,6,196
01/19/2010,RNO,NV,AWP,WE,Combined TRACON& Tower with Radar,129,32,36,1,198,0,5,10,0,15,129,37,46,1,213,4,0,4,217
01/20/2010,RNO,NV,AWP,WE,Combined TRACON& Tower with Radar,131,34,68,1,234,0,1,3,0,4,131,35,71,1,238,4,0,4,242
01/21/2010,RNO,NV,AWP,WE,Combined TRACON& Tower with Radar,115,38,65,3,221,0,2,7,0,9,115,40,72,3,230,0,0,0,230
01/22/2010,RNO,NV,AWP,WE,Combined TRACON& Tower with Radar,128,54,58,4,244,0,9,5,3,17,128,63,63,7,261,4,2,6,267
01/23/2010,RNO,NV,AWP,WE,Combined TRACON& Tower with Radar,101,32,64,3,200,0,1,39,1,41,101,33,103,4,241,40,0,40,281
01/24/2010,RNO,NV,AWP,WE,Combined TRACON& Tower with Radar,121,43,93,0,257,0,2,13,1,16,121,45,106,1,273,58,0,58,331
01/25/2010,RNO,NV,AWP,WE,Combined TRACON& Tower with Radar,117,28,28,0,173,0,0,0,0,0,117,28,28,0,173,0,0,0,173
01/26/2010,RNO,NV,AWP,WE,Combined TRACON& Tower with Radar,122,26,32,4,184,0,0,9,1,10,122,26,41,5,194,8,2,10,204
01/27/2010,RNO,NV,AWP,WE,Combined TRACON& Tower with Radar,122,27,37,5,191,0,1,15,1,17,122,28,52,6,208,18,0,18,226
01/28/2010,RNO,NV,AWP,WE,Combined TRACON& Tower with Radar,122,23,44,2,191,0,16,47,12,75,122,39,91,14,266,50,4,54,320
01/29/2010,RNO,NV,AWP,WE,Combined TRACON& Tower with Radar,119,29,28,4,180,0,5,24,3,32,119,34,52,7,212,0,0,0,212
01/30/2010,RNO,NV,AWP,WE,Combined TRACON& Tower with Radar,91,14,14,2,121,0,2,19,2,23,91,16,33,4,144,40,0,40,184
01/31/2010,RNO,NV,AWP,WE,Combined TRACON& Tower with Radar,118,19,40,2,179,0,2,100,4,106,118,21,140,6,285,40,2,42,327
02/01/2010,RNO,NV,AWP,WE,Combined TRACON& Tower with Radar,116,21,29,1,167,0,7,28,3,38,116,28,57,4,205,24,0,24,229
02/02/2010,RNO,NV,AWP,WE,Combined TRACON& Tower with Radar,141,18,26,3,188,7,2,26,4,39,148,20,52,7,227,16,0,16,243
02/03/2010,RNO,NV,AWP,WE,Combined TRACON& Tower with Radar,122,31,22,3,178,0,2,14,5,21,122,33,36,8,199,6,0,6,205
02/04/2010,RNO,NV,AWP,WE,Combined TRACON& Tower with Radar,124,36,39,8,207,0,4,16,4,24,124,40,55,12,231,8,4,12,243
02/05/2010,RNO,NV,AWP,WE,Combined TRACON& Tower with Radar,122,30,44,1,197,0,8,19,3,30,122,38,63,4,227,4,2,6,233
02/06/2010,RNO,NV,AWP,WE,Combined TRACON& Tower with Radar,93,29,26,5,153,0,2,1,0,3,93,31,27,5,156,10,0,10,166
02/07/2010,RNO,NV,AWP,WE,Combined TRACON& Tower with Radar,116,37,27,2,182,0,0,7,0,7,116,37,34,2,189,12,2,14,203
02/08/2010,RNO,NV,AWP,WE,Combined TRACON& Tower with Radar,120,35,32,0,187,0,2,27,0,29,120,37,59,0,216,30,0,30,246
02/09/2010,RNO,NV,AWP,WE,Combined TRACON& Tower with Radar,120,31,38,8,197,0,1,2,0,3,120,32,40,8,200,14,0,14,214
02/10/2010,RNO,NV,AWP,WE,Combined TRACON& Tower with Radar,126,33,45,11,215,0,6,56,13,75,126,39,101,24,290,26,8,34,324
02/11/2010,RNO,NV,AWP,WE,Combined TRACON& Tower with Radar,122,26,48,4,200,1,8,43,2,54,123,34,91,6,254,10,0,10,264
02/12/2010,RNO,NV,AWP,WE,Combined TRACON& Tower with Radar,124,37,43,4,208,0,5,37,1,43,124,42,80,5,251,22,0,22,273
02/13/2010,RNO,NV,AWP,WE,Combined TRACON& Tower with Radar,108,17,20,2,147,0,0,70,1,71,108,17,90,3,218,50,10,60,278
02/14/2010,RNO,NV,AWP,WE,Combined TRACON& Tower with Radar,113,19,27,9,168,0,4,56,1,61,113,23,83,10,229,48,6,54,283
02/15/2010,RNO,NV,AWP,WE,Combined TRACON& Tower with Radar,117,28,27,5,177,0,8,67,0,75,117,36,94,5,252,12,0,12,264
02/16/2010,RNO,NV,AWP,WE,Combined TRACON& Tower with Radar,138,33,17,4,192,0,9,40,3,52,138,42,57,7,244,12,0,12,256
02/17/2010,RNO,NV,AWP,WE,Combined TRACON& Tower with Radar,128,28,30,3,189,0,8,66,2,76,128,36,96,5,265,28,0,28,293
02/18/2010,RNO,NV,AWP,WE,Combined TRACON& Tower with Radar,123,22,46,8,199,0,7,63,10,80,123,29,109,18,279,38,12,50,329
02/19/2010,RNO,NV,AWP,WE,Combined TRACON& Tower with Radar,125,32,21,14,192,0,7,33,1,41,125,39,54,15,233,32,0,32,265
02/20/2010,RNO,NV,AWP,WE,Combined TRACON& Tower with Radar,104,26,29,3,162,0,2,34,0,36,104,28,63,3,198,36,0,36,234
02/21/2010,RNO,NV,AWP,WE,Combined TRACON& Tower with Radar,113,27,22,2,164,0,0,0,0,0,113,27,22,2,164,2,0,2,166
02/22/2010,RNO,NV,AWP,WE,Combined TRACON& Tower with Radar,119,31,25,5,180,0,7,21,2,30,119,38,46,7,210,6,0,6,216
02/23/2010,RNO,NV,AWP,WE,Combined TRACON& Tower with Radar,127,28,39,8,202,0,3,14,3,20,127,31,53,11,222,22,0,22,244
02/24/2010,RNO,NV,AWP,WE,Combined TRACON& Tower with Radar,131,32,36,2,201,0,3,10,2,15,131,35,46,4,216,4,0,4,220
02/25/2010,RNO,NV,AWP,WE,Combined TRACON& Tower with Radar,124,27,30,4,185,0,7,59,5,71,124,34,89,9,256,40,0,40,296
02/26/2010,RNO,NV,AWP,WE,Combined TRACON& Tower with Radar,127,30,34,5,196,0,1,12,5,18,127,31,46,10,214,16,4,20,234
02/27/2010,RNO,NV,AWP,WE,Combined TRACON& Tower with Radar,105,20,25,0,150,0,1,3,0,4,105,21,28,0,154,18,0,18,172
02/28/2010,RNO,NV,AWP,WE,Combined TRACON& Tower with Radar,122,21,27,1,171,0,5,66,0,71,122,26,93,1,242,28,0,28,270
03/01/2010,RNO,NV,AWP,WE,Combined TRACON& Tower with Radar,121,27,26,5,179,0,15,55,0,70,121,42,81,5,249,44,0,44,293
03/02/2010,RNO,NV,AWP,WE,Combined TRACON& Tower with Radar,126,36,26,2,190,0,2,18,1,21,126,38,44,3,211,52,0,52,263
03/03/2010,RNO,NV,AWP,WE,Combined TRACON& Tower with Radar,125,29,24,5,183,0,3,4,0,7,125,32,28,5,190,2,0,2,192
03/04/2010,RNO,NV,AWP,WE,Combined TRACON& Tower with Radar,124,31,22,6,183,0,1,15,2,18,124,32,37,8,201,6,4,10,211
03/05/2010,RNO,NV,AWP,WE,Combined TRACON& Tower with Radar,125,22,36,7,190,0,7,50,4,61,125,29,86,11,251,22,0,22,273
03/06/2010,RNO,NV,AWP,WE,Combined TRACON& Tower with Radar,107,19,21,9,156,0,4,42,1,47,107,23,63,10,203,18,0,18,221
03/07/2010,RNO,NV,AWP,WE,Combined TRACON& Tower with Radar,110,21,25,4,160,0,2,46,6,54,110,23,71,10,214,12,0,12,226
03/08/2010,RNO,NV,AWP,WE,Combined TRACON& Tower with Radar,121,21,18,3,163,0,1,13,3,17,121,22,31,6,180,0,0,0,180
03/09/2010,RNO,NV,AWP,WE,Combined TRACON& Tower with Radar,129,24,34,5,192,0,4,36,6,46,129,28,70,11,238,12,2,14,252
03/10/2010,RNO,NV,AWP,WE,Combined TRACON& Tower with Radar,126,24,24,1,175,0,2,32,7,41,126,26,56,8,216,2,0,2,218
03/11/2010,RNO,NV,AWP,WE,Combined TRACON& Tower with Radar,124,30,34,1,189,0,12,60,5,77,124,42,94,6,266,24,4,28,294
03/12/2010,RNO,NV,AWP,WE,Combined TRACON& Tower with Radar,127,36,38,7,208,0,1,15,3,19,127,37,53,10,227,0,0,0,227
03/13/2010,RNO,NV,AWP,WE,Combined TRACON& Tower with Radar,106,22,29,0,157,0,2,41,0,43,106,24,70,0,200,32,0,32,232
03/14/2010,RNO,NV,AWP,WE,Combined TRACON& Tower with Radar,107,17,28,1,153,0,1,70,0,71,107,18,98,1,224,8,0,8,232
03/15/2010,RNO,NV,AWP,WE,Combined TRACON& Tower with Radar,121,23,34,1,179,0,7,45,2,54,121,30,79,3,233,24,0,24,257
03/16/2010,RNO,NV,AWP,WE,Combined TRACON& Tower with Radar,128,24,35,0,187,0,8,59,2,69,128,32,94,2,256,42,0,42,298
03/17/2010,RNO,NV,AWP,WE,Combined TRACON& Tower with Radar,131,40,42,0,213,0,9,46,5,60,131,49,88,5,273,8,0,8,281
03/18/2010,RNO,NV,AWP,WE,Combined TRACON& Tower with Radar,128,22,41,4,195,0,7,54,4,65,128,29,95,8,260,28,2,30,290
03/19/2010,RNO,NV,AWP,WE,Combined TRACON& Tower with Radar,129,31,37,4,201,0,8,76,2,86,129,39,113,6,287,20,0,20,307
03/20/2010,RNO,NV,AWP,WE,Combined TRACON& Tower with Radar,112,16,20,1,149,0,1,59,0,60,112,17,79,1,209,16,0,16,225
03/21/2010,RNO,NV,AWP,WE,Combined TRACON& Tower with Radar,109,27,32,5,173,0,3,44,1,48,109,30,76,6,221,0,0,0,221
03/22/2010,RNO,NV,AWP,WE,Combined TRACON& Tower with Radar,124,23,32,3,182,0,6,46,0,52,124,29,78,3,234,24,0,24,258
03/23/2010,RNO,NV,AWP,WE,Combined TRACON& Tower with Radar,127,28,36,0,191,0,12,74,6,92,127,40,110,6,283,42,10,52,335
03/24/2010,RNO,NV,AWP,WE,Combined TRACON& Tower with Radar,127,20,18,4,169,0,5,48,5,58,127,25,66,9,227,2,0,2,229
03/25/2010,RNO,NV,AWP,WE,Combined TRACON& Tower with Radar,126,25,34,1,186,0,1,13,9,23,126,26,47,10,209,14,2,16,225
03/26/2010,RNO,NV,AWP,WE,Combined TRACON& Tower with Radar,124,23,27,9,183,0,7,43,2,52,124,30,70,11,235,30,2,32,267
03/27/2010,RNO,NV,AWP,WE,Combined TRACON& Tower with Radar,111,18,26,4,159,0,5,59,2,66,111,23,85,6,225,38,0,38,263
03/28/2010,RNO,NV,AWP,WE,Combined TRACON& Tower with Radar,108,16,28,0,152,0,7,57,0,64,108,23,85,0,216,38,0,38,254
03/29/2010,RNO,NV,AWP,WE,Combined TRACON& Tower with Radar,107,28,10,0,145,0,0,7,2,9,107,28,17,2,154,8,0,8,162
03/30/2010,RNO,NV,AWP,WE,Combined TRACON& Tower with Radar,132,27,9,4,172,0,0,0,0,0,132,27,9,4,172,2,2,4,176
03/31/2010,RNO,NV,AWP,WE,Combined TRACON& Tower with Radar,127,38,31,1,197,0,3,5,2,10,127,41,36,3,207,2,0,2,209
04/01/2010,RNO,NV,AWP,WE,Combined TRACON& Tower with Radar,126,22,40,4,192,0,8,35,0,43,126,30,75,4,235,66,4,70,305
04/02/2010,RNO,NV,AWP,WE,Combined TRACON& Tower with Radar,128,24,35,7,194,0,0,9,7,16,128,24,44,14,210,14,0,14,224
04/03/2010,RNO,NV,AWP,WE,Combined TRACON& Tower with Radar,112,18,20,2,152,0,2,36,0,38,112,20,56,2,190,88,2,90,280
04/04/2010,RNO,NV,AWP,WE,Combined TRACON& Tower with Radar,107,18,19,0,144,0,2,2,0,4,107,20,21,0,148,22,0,22,170
04/05/2010,RNO,NV,AWP,WE,Combined TRACON& Tower with Radar,120,26,28,0,174,0,6,3,0,9,120,32,31,0,183,4,0,4,187
04/06/2010,RNO,NV,AWP,WE,Combined TRACON& Tower with Radar,130,15,28,4,177,0,6,61,5,72,130,21,89,9,249,92,12,104,353
04/07/2010,RNO,NV,AWP,WE,Combined TRACON& Tower with Radar,131,20,36,2,189,0,6,72,2,80,131,26,108,4,269,12,0,12,281
04/08/2010,RNO,NV,AWP,WE,Combined TRACON& Tower with Radar,124,24,36,2,186,1,8,51,3,63,125,32,87,5,249,54,0,54,303
04/09/2010,RNO,NV,AWP,WE,Combined TRACON& Tower with Radar,129,18,26,3,176,0,4,71,1,76,129,22,97,4,252,12,0,12,264
04/10/2010,RNO,NV,AWP,WE,Combined TRACON& Tower with Radar,107,16,23,1,147,0,1,42,0,43,107,17,65,1,190,52,0,52,242
04/11/2010,RNO,NV,AWP,WE,Combined TRACON& Tower with Radar,106,19,21,5,151,0,0,21,3,24,106,19,42,8,175,28,12,40,215
04/12/2010,RNO,NV,AWP,WE,Combined TRACON& Tower with Radar,121,18,12,3,154,0,0,5,1,6,121,18,17,4,160,4,0,4,164
04/13/2010,RNO,NV,AWP,WE,Combined TRACON& Tower with Radar,128,20,28,2,178,0,9,51,5,65,128,29,79,7,243,12,0,12,255
04/14/2010,RNO,NV,AWP,WE,Combined TRACON& Tower with Radar,122,22,18,4,166,0,7,36,0,43,122,29,54,4,209,14,0,14,223
04/15/2010,RNO,NV,AWP,WE,Combined TRACON& Tower with Radar,132,14,30,9,185,1,7,53,2,63,133,21,83,11,248,32,0,32,280
04/16/2010,RNO,NV,AWP,WE,Combined TRACON& Tower with Radar,126,22,23,5,176,0,8,50,1,59,126,30,73,6,235,26,12,38,273
04/17/2010,RNO,NV,AWP,WE,Combined TRACON& Tower with Radar,105,18,27,1,151,0,8,82,1,91,105,26,109,2,242,16,0,16,258
04/18/2010,RNO,NV,AWP,WE,Combined TRACON& Tower with Radar,108,19,19,3,149,0,8,64,2,74,108,27,83,5,223,26,0,26,249
04/19/2010,RNO,NV,AWP,WE,Combined TRACON& Tower with Radar,121,29,26,2,178,0,7,43,1,51,121,36,69,3,229,18,0,18,247
04/20/2010,RNO,NV,AWP,WE,Combined TRACON& Tower with Radar,132,18,22,1,173,0,6,5,0,11,132,24,27,1,184,6,0,6,190
04/21/2010,RNO,NV,AWP,WE,Combined TRACON& Tower with Radar,131,29,35,2,197,0,2,0,0,2,131,31,35,2,199,0,0,0,199
04/22/2010,RNO,NV,AWP,WE,Combined TRACON& Tower with Radar,130,32,51,1,214,0,2,0,1,3,130,34,51,2,217,12,0,12,229
04/23/2010,RNO,NV,AWP,WE,Combined TRACON& Tower with Radar,124,33,42,4,203,0,13,82,0,95,124,46,124,4,298,34,0,34,332
04/24/2010,RNO,NV,AWP,WE,Combined TRACON& Tower with Radar,108,19,21,7,155,0,8,76,2,86,108,27,97,9,241,24,2,26,267
04/25/2010,RNO,NV,AWP,WE,Combined TRACON& Tower with Radar,113,24,23,4,164,0,3,78,4,85,113,27,101,8,249,18,0,18,267
04/26/2010,RNO,NV,AWP,WE,Combined TRACON& Tower with Radar,121,18,13,2,154,0,3,46,3,52,121,21,59,5,206,26,0,26,232
04/27/2010,RNO,NV,AWP,WE,Combined TRACON& Tower with Radar,114,20,12,0,146,0,3,0,0,3,114,23,12,0,149,0,0,0,149
04/28/2010,RNO,NV,AWP,WE,Combined TRACON& Tower with Radar,132,34,21,1,188,0,1,3,0,4,132,35,24,1,192,2,0,2,194
04/29/2010,RNO,NV,AWP,WE,Combined TRACON& Tower with Radar,131,24,34,5,194,0,3,20,3,26,131,27,54,8,220,0,0,0,220
04/30/2010,RNO,NV,AWP,WE,Combined TRACON& Tower with Radar,126,22,21,7,176,0,1,44,2,47,126,23,65,9,223,36,2,38,261
05/01/2010,RNO,NV,AWP,WE,Combined TRACON& Tower with Radar,109,12,13,2,136,0,4,30,1,35,109,16,43,3,171,18,0,18,189
05/02/2010,RNO,NV,AWP,WE,Combined TRACON& Tower with Radar,114,20,25,4,163,0,1,51,3,55,114,21,76,7,218,6,10,16,234
05/03/2010,RNO,NV,AWP,WE,Combined TRACON& Tower with Radar,119,17,18,0,154,0,11,47,1,59,119,28,65,1,213,14,0,14,227
05/04/2010,RNO,NV,AWP,WE,Combined TRACON& Tower with Radar,129,19,23,0,171,0,8,52,6,66,129,27,75,6,237,16,2,18,255
05/05/2010,RNO,NV,AWP,WE,Combined TRACON& Tower with Radar,128,16,18,3,165,0,6,37,6,49,128,22,55,9,214,8,12,20,234
05/06/2010,RNO,NV,AWP,WE,Combined TRACON& Tower with Radar,129,18,32,1,180,1,5,59,2,67,130,23,91,3,247,48,0,48,295
05/07/2010,RNO,NV,AWP,WE,Combined TRACON& Tower with Radar,133,29,30,8,200,0,8,76,5,89,133,37,106,13,289,78,2,80,369
05/08/2010,RNO,NV,AWP,WE,Combined TRACON& Tower with Radar,107,12,14,3,136,0,2,48,7,57,107,14,62,10,193,38,0,38,231
05/09/2010,RNO,NV,AWP,WE,Combined TRACON& Tower with Radar,116,18,16,4,154,0,3,18,0,21,116,21,34,4,175,4,0,4,179
05/10/2010,RNO,NV,AWP,WE,Combined TRACON& Tower with Radar,123,25,12,0,160,0,1,4,0,5,123,26,16,0,165,4,0,4,169
05/11/2010,RNO,NV,AWP,WE,Combined TRACON& Tower with Radar,133,19,41,2,195,0,3,10,4,17,133,22,51,6,212,28,0,28,240
05/12/2010,RNO,NV,AWP,WE,Combined TRACON& Tower with Radar,130,22,28,4,184,1,4,78,4,87,131,26,106,8,271,44,4,48,319
05/13/2010,RNO,NV,AWP,WE,Combined TRACON& Tower with Radar,133,21,39,2,195,0,8,92,7,107,133,29,131,9,302,30,4,34,336
05/14/2010,RNO,NV,AWP,WE,Combined TRACON& Tower with Radar,132,35,27,4,198,0,4,73,4,81,132,39,100,8,279,38,4,42,321
05/15/2010,RNO,NV,AWP,WE,Combined TRACON& Tower with Radar,105,16,25,1,147,0,4,82,2,88,105,20,107,3,235,50,0,50,285
05/16/2010,RNO,NV,AWP,WE,Combined TRACON& Tower with Radar,114,23,31,3,171,0,3,86,2,91,114,26,117,5,262,42,0,42,304
05/17/2010,RNO,NV,AWP,WE,Combined TRACON& Tower with Radar,121,22,30,2,175,0,1,12,0,13,121,23,42,2,188,0,0,0,188
05/18/2010,RNO,NV,AWP,WE,Combined TRACON& Tower with Radar,133,22,31,5,191,0,4,33,4,41,133,26,64,9,232,10,2,12,244
05/19/2010,RNO,NV,AWP,WE,Combined TRACON& Tower with Radar,138,19,31,1,189,0,3,36,5,44,138,22,67,6,233,10,0,10,243
05/20/2010,RNO,NV,AWP,WE,Combined TRACON& Tower with Radar,131,21,26,0,178,0,2,43,6,51,131,23,69,6,229,2,8,10,239
05/21/2010,RNO,NV,AWP,WE,Combined TRACON& Tower with Radar,131,29,20,3,183,0,5,12,2,19,131,34,32,5,202,0,0,0,202
05/22/2010,RNO,NV,AWP,WE,Combined TRACON& Tower with Radar,107,12,21,3,143,0,1,17,2,20,107,13,38,5,163,0,0,0,163
05/23/2010,RNO,NV,AWP,WE,Combined TRACON& Tower with Radar,111,23,22,3,159,0,0,10,5,15,111,23,32,8,174,14,4,18,192
05/24/2010,RNO,NV,AWP,WE,Combined TRACON& Tower with Radar,125,28,20,6,179,0,4,24,6,34,125,32,44,12,213,0,2,2,215
05/25/2010,RNO,NV,AWP,WE,Combined TRACON& Tower with Radar,131,22,32,5,190,0,4,34,5,43,131,26,66,10,233,14,2,16,249
05/26/2010,RNO,NV,AWP,WE,Combined TRACON& Tower with Radar,132,29,20,8,189,0,3,15,4,22,132,32,35,12,211,4,0,4,215
05/27/2010,RNO,NV,AWP,WE,Combined TRACON& Tower with Radar,129,32,20,6,187,0,7,5,0,12,129,39,25,6,199,28,4,32,231
05/28/2010,RNO,NV,AWP,WE,Combined TRACON& Tower with Radar,133,35,23,2,193,0,6,27,0,33,133,41,50,2,226,4,0,4,230
05/29/2010,RNO,NV,AWP,WE,Combined TRACON& Tower with Radar,99,19,26,0,144,0,6,52,2,60,99,25,78,2,204,46,2,48,252
05/30/2010,RNO,NV,AWP,WE,Combined TRACON& Tower with Radar,92,18,17,0,127,0,6,47,0,53,92,24,64,0,180,6,0,6,186
05/31/2010,RNO,NV,AWP,WE,Combined TRACON& Tower with Radar,108,14,23,0,145,0,2,54,0,56,108,16,77,0,201,29,0,29,230
06/01/2010,RNO,NV,AWP,WE,Combined TRACON& Tower with Radar,124,20,36,3,183,0,5,53,5,63,124,25,89,8,246,10,0,10,256
06/02/2010,RNO,NV,AWP,WE,Combined TRACON& Tower with Radar,132,19,26,6,183,0,4,27,4,35,132,23,53,10,218,26,0,26,244
06/03/2010,RNO,NV,AWP,WE,Combined TRACON& Tower with Radar,129,25,41,0,195,0,0,26,4,30,129,25,67,4,225,14,6,20,245
06/04/2010,RNO,NV,AWP,WE,Combined TRACON& Tower with Radar,125,21,38,6,190,0,1,17,0,18,125,22,55,6,208,0,4,4,212
06/05/2010,RNO,NV,AWP,WE,Combined TRACON& Tower with Radar,106,9,12,5,132,0,1,50,3,54,106,10,62,8,186,100,0,100,286
06/06/2010,RNO,NV,AWP,WE,Combined TRACON& Tower with Radar,122,18,20,3,163,0,6,34,0,40,122,24,54,3,203,44,0,44,247
06/07/2010,RNO,NV,AWP,WE,Combined TRACON& Tower with Radar,128,18,20,3,169,0,8,47,4,59,128,26,67,7,228,18,4,22,250
06/08/2010,RNO,NV,AWP,WE,Combined TRACON& Tower with Radar,132,16,24,2,174,0,2,63,6,71,132,18,87,8,245,26,6,32,277
06/09/2010,RNO,NV,AWP,WE,Combined TRACON& Tower with Radar,129,26,26,3,184,0,4,19,3,26,129,30,45,6,210,6,0,6,216
06/10/2010,RNO,NV,AWP,WE,Combined TRACON& Tower with Radar,137,32,23,2,194,0,2,22,0,24,137,34,45,2,218,59,2,61,279
06/11/2010,RNO,NV,AWP,WE,Combined TRACON& Tower with Radar,139,35,25,10,209,0,6,51,6,63,139,41,76,16,272,54,0,54,326
06/12/2010,RNO,NV,AWP,WE,Combined TRACON& Tower with Radar,118,29,20,6,173,0,5,28,7,40,118,34,48,13,213,32,0,32,245
06/13/2010,RNO,NV,AWP,WE,Combined TRACON& Tower with Radar,144,31,30,11,216,0,6,75,10,91,144,37,105,21,307,26,0,26,333
06/14/2010,RNO,NV,AWP,WE,Combined TRACON& Tower with Radar,132,33,24,4,193,0,3,44,0,47,132,36,68,4,240,32,0,32,272
06/15/2010,RNO,NV,AWP,WE,Combined TRACON& Tower with Radar,136,28,21,8,193,0,7,48,3,58,136,35,69,11,251,38,0,38,289
06/16/2010,RNO,NV,AWP,WE,Combined TRACON& Tower with Radar,138,38,36,5,217,0,3,40,5,48,138,41,76,10,265,8,0,8,273
06/17/2010,RNO,NV,AWP,WE,Combined TRACON& Tower with Radar,138,33,54,4,229,0,7,74,10,91,138,40,128,14,320,52,0,52,372
06/18/2010,RNO,NV,AWP,WE,Combined TRACON& Tower with Radar,140,27,27,12,206,0,11,58,8,77,140,38,85,20,283,24,2,26,309
06/19/2010,RNO,NV,AWP,WE,Combined TRACON& Tower with Radar,113,28,23,2,166,0,4,65,1,70,113,32,88,3,236,18,2,20,256
06/20/2010,RNO,NV,AWP,WE,Combined TRACON& Tower with Radar,125,25,30,2,182,0,1,71,2,74,125,26,101,4,256,2,0,2,258
06/21/2010,RNO,NV,AWP,WE,Combined TRACON& Tower with Radar,128,31,40,5,204,0,7,39,2,48,128,38,79,7,252,16,0,16,268
06/22/2010,RNO,NV,AWP,WE,Combined TRACON& Tower with Radar,140,30,42,6,218,0,6,79,1,86,140,36,121,7,304,8,0,8,312
06/23/2010,RNO,NV,AWP,WE,Combined TRACON& Tower with Radar,130,38,43,4,215,0,6,72,4,82,130,44,115,8,297,40,0,40,337
06/24/2010,RNO,NV,AWP,WE,Combined TRACON& Tower with Radar,139,30,29,6,204,0,4,73,3,80,139,34,102,9,284,58,1,59,343
06/25/2010,RNO,NV,AWP,WE,Combined TRACON& Tower with Radar,165,33,29,10,237,0,6,48,5,59,165,39,77,15,296,14,2,16,312
06/26/2010,RNO,NV,AWP,WE,Combined TRACON& Tower with Radar,115,28,19,5,167,0,6,56,2,64,115,34,75,7,231,0,0,0,231
06/27/2010,RNO,NV,AWP,WE,Combined TRACON& Tower with Radar,120,29,25,6,180,0,3,62,3,68,120,32,87,9,248,32,0,32,280
06/28/2010,RNO,NV,AWP,WE,Combined TRACON& Tower with Radar,136,32,26,4,198,0,4,36,5,45,136,36,62,9,243,10,8,18,261
06/29/2010,RNO,NV,AWP,WE,Combined TRACON& Tower with Radar,140,26,30,5,201,0,9,56,4,69,140,35,86,9,270,14,8,22,292
06/30/2010,RNO,NV,AWP,WE,Combined TRACON& Tower with Radar,135,32,32,1,200,0,4,62,4,70,135,36,94,5,270,10,0,10,280
07/01/2010,RNO,NV,AWP,WE,Combined TRACON& Tower with Radar,135,34,28,5,202,0,13,65,1,79,135,47,93,6,281,32,2,34,315
07/02/2010,RNO,NV,AWP,WE,Combined TRACON& Tower with Radar,141,35,23,1,200,0,5,53,0,58,141,40,76,1,258,24,0,24,282
07/03/2010,RNO,NV,AWP,WE,Combined TRACON& Tower with Radar,113,26,12,2,153,0,7,57,0,64,113,33,69,2,217,18,0,18,235
07/04/2010,RNO,NV,AWP,WE,Combined TRACON& Tower with Radar,90,19,10,1,120,0,1,51,4,56,90,20,61,5,176,26,4,30,206
07/05/2010,RNO,NV,AWP,WE,Combined TRACON& Tower with Radar,118,24,23,1,166,0,2,49,0,51,118,26,72,1,217,48,0,48,265
07/06/2010,RNO,NV,AWP,WE,Combined TRACON& Tower with Radar,135,30,15,1,181,0,6,65,6,77,135,36,80,7,258,12,4,16,274
07/07/2010,RNO,NV,AWP,WE,Combined TRACON& Tower with Radar,138,30,25,2,195,0,5,37,7,49,138,35,62,9,244,8,10,18,262
07/08/2010,RNO,NV,AWP,WE,Combined TRACON& Tower with Radar,138,34,23,10,205,0,8,56,4,68,138,42,79,14,273,12,6,18,291
07/09/2010,RNO,NV,AWP,WE,Combined TRACON& Tower with Radar,134,30,20,4,188,0,6,53,4,63,134,36,73,8,251,15,6,21,272
07/10/2010,RNO,NV,AWP,WE,Combined TRACON& Tower with Radar,109,27,17,1,154,0,3,54,3,60,109,30,71,4,214,24,6,30,244
07/11/2010,RNO,NV,AWP,WE,Combined TRACON& Tower with Radar,124,26,17,6,173,0,2,46,0,48,124,28,63,6,221,2,0,2,223
07/12/2010,RNO,NV,AWP,WE,Combined TRACON& Tower with Radar,134,33,32,0,199,0,6,51,5,62,134,39,83,5,261,6,2,8,269
07/13/2010,RNO,NV,AWP,WE,Combined TRACON& Tower with Radar,132,34,19,1,186,0,11,53,7,71,132,45,72,8,257,20,2,22,279
07/14/2010,RNO,NV,AWP,WE,Combined TRACON& Tower with Radar,136,29,33,7,205,0,8,60,12,80,136,37,93,19,285,32,8,40,325
07/15/2010,RNO,NV,AWP,WE,Combined TRACON& Tower with Radar,140,27,25,2,194,0,6,59,9,74,140,33,84,11,268,34,0,34,302
07/16/2010,RNO,NV,AWP,WE,Combined TRACON& Tower with Radar,141,29,21,7,198,0,4,50,3,57,141,33,71,10,255,6,0,6,261
07/17/2010,RNO,NV,AWP,WE,Combined TRACON& Tower with Radar,111,25,17,2,155,0,4,65,2,71,111,29,82,4,226,6,0,6,232
07/18/2010,RNO,NV,AWP,WE,Combined TRACON& Tower with Radar,128,32,26,2,188,0,4,51,0,55,128,36,77,2,243,10,0,10,253
07/19/2010,RNO,NV,AWP,WE,Combined TRACON& Tower with Radar,131,28,16,1,176,0,2,44,0,46,131,30,60,1,222,6,0,6,228
07/20/2010,RNO,NV,AWP,WE,Combined TRACON& Tower with Radar,134,28,29,5,196,0,6,51,5,62,134,34,80,10,258,12,2,14,272
07/21/2010,RNO,NV,AWP,WE,Combined TRACON& Tower with Radar,133,32,31,5,201,0,8,63,4,75,133,40,94,9,276,14,0,14,290
07/22/2010,RNO,NV,AWP,WE,Combined TRACON& Tower with Radar,140,35,32,2,209,0,9,70,6,85,140,44,102,8,294,14,0,14,308
07/23/2010,RNO,NV,AWP,WE,Combined TRACON& Tower with Radar,138,29,29,7,203,0,6,62,0,68,138,35,91,7,271,32,0,32,303
07/24/2010,RNO,NV,AWP,WE,Combined TRACON& Tower with Radar,114,29,17,0,160,0,2,59,0,61,114,31,76,0,221,26,0,26,247
07/25/2010,RNO,NV,AWP,WE,Combined TRACON& Tower with Radar,129,36,33,2,200,0,3,29,2,34,129,39,62,4,234,0,0,0,234
07/26/2010,RNO,NV,AWP,WE,Combined TRACON& Tower with Radar,133,30,19,2,184,0,5,35,0,40,133,35,54,2,224,36,0,36,260
07/27/2010,RNO,NV,AWP,WE,Combined TRACON& Tower with Radar,137,32,29,3,201,0,8,67,4,79,137,40,96,7,280,28,12,40,320
07/28/2010,RNO,NV,AWP,WE,Combined TRACON& Tower with Radar,136,26,36,1,199,0,6,60,1,67,136,32,96,2,266,6,0,6,272
07/29/2010,RNO,NV,AWP,WE,Combined TRACON& Tower with Radar,137,31,21,3,192,0,5,66,3,74,137,36,87,6,266,10,0,10,276
07/30/2010,RNO,NV,AWP,WE,Combined TRACON& Tower with Radar,133,30,29,4,196,0,6,72,5,83,133,36,101,9,279,22,2,24,303
07/31/2010,RNO,NV,AWP,WE,Combined TRACON& Tower with Radar,111,39,22,1,173,0,5,69,1,75,111,44,91,2,248,18,0,18,266
08/01/2010,RNO,NV,AWP,WE,Combined TRACON& Tower with Radar,129,22,26,0,177,0,6,68,3,77,129,28,94,3,254,34,0,34,288
08/02/2010,RNO,NV,AWP,WE,Combined TRACON& Tower with Radar,130,32,23,1,186,0,2,46,4,52,130,34,69,5,238,2,0,2,240
08/03/2010,RNO,NV,AWP,WE,Combined TRACON& Tower with Radar,135,27,33,6,201,0,6,61,7,74,135,33,94,13,275,8,0,8,283
08/04/2010,RNO,NV,AWP,WE,Combined TRACON& Tower with Radar,130,30,35,2,197,0,6,66,6,78,130,36,101,8,275,16,0,16,291
08/05/2010,RNO,NV,AWP,WE,Combined TRACON& Tower with Radar,138,27,36,3,204,1,5,75,5,86,139,32,111,8,290,10,0,10,300
08/06/2010,RNO,NV,AWP,WE,Combined TRACON& Tower with Radar,139,34,34,1,208,0,5,83,5,93,139,39,117,6,301,32,0,32,333
08/07/2010,RNO,NV,AWP,WE,Combined TRACON& Tower with Radar,112,32,19,2,165,0,9,47,4,60,112,41,66,6,225,36,2,38,263
08/08/2010,RNO,NV,AWP,WE,Combined TRACON& Tower with Radar,125,28,34,5,192,0,3,71,2,76,125,31,105,7,268,7,0,7,275
08/09/2010,RNO,NV,AWP,WE,Combined TRACON& Tower with Radar,133,28,29,2,192,0,5,52,0,57,133,33,81,2,249,8,0,8,257
08/10/2010,RNO,NV,AWP,WE,Combined TRACON& Tower with Radar,140,28,32,0,200,0,7,44,3,54,140,35,76,3,254,10,2,12,266
08/11/2010,RNO,NV,AWP,WE,Combined TRACON& Tower with Radar,135,33,28,4,200,0,3,38,7,48,135,36,66,11,248,24,0,24,272
08/12/2010,RNO,NV,AWP,WE,Combined TRACON& Tower with Radar,141,24,39,0,204,0,8,68,4,80,141,32,107,4,284,8,0,8,292
08/13/2010,RNO,NV,AWP,WE,Combined TRACON& Tower with Radar,134,31,19,4,188,0,11,57,5,73,134,42,76,9,261,42,2,44,305
08/14/2010,RNO,NV,AWP,WE,Combined TRACON& Tower with Radar,107,22,17,2,148,0,2,48,2,52,107,24,65,4,200,62,4,66,266
08/15/2010,RNO,NV,AWP,WE,Combined TRACON& Tower with Radar,116,18,16,2,152,0,1,58,0,59,116,19,74,2,211,10,0,10,221
08/16/2010,RNO,NV,AWP,WE,Combined TRACON& Tower with Radar,129,28,29,3,189,0,7,56,0,63,129,35,85,3,252,16,0,16,268
08/17/2010,RNO,NV,AWP,WE,Combined TRACON& Tower with Radar,135,25,26,4,190,0,5,52,0,57,135,30,78,4,247,52,0,52,299
08/18/2010,RNO,NV,AWP,WE,Combined TRACON& Tower with Radar,132,31,34,2,199,0,6,65,6,77,132,37,99,8,276,0,2,2,278
08/19/2010,RNO,NV,AWP,WE,Combined TRACON& Tower with Radar,138,27,36,3,204,1,5,75,5,86,139,32,111,8,290,32,4,36,326
08/20/2010,RNO,NV,AWP,WE,Combined TRACON& Tower with Radar,139,34,34,1,208,0,5,83,5,93,139,39,117,6,301,20,0,20,321
08/21/2010,RNO,NV,AWP,WE,Combined TRACON& Tower with Radar,112,32,19,2,165,0,9,47,4,60,112,41,66,6,225,10,0,10,235
08/22/2010,RNO,NV,AWP,WE,Combined TRACON& Tower with Radar,125,28,34,5,192,0,3,71,2,76,125,31,105,7,268,16,0,16,284
08/23/2010,RNO,NV,AWP,WE,Combined TRACON& Tower with Radar,133,28,29,2,192,0,5,52,0,57,133,33,81,2,249,28,0,28,277
08/24/2010,RNO,NV,AWP,WE,Combined TRACON& Tower with Radar,140,28,32,0,200,0,7,44,3,54,140,35,76,3,254,8,0,8,262
08/25/2010,RNO,NV,AWP,WE,Combined TRACON& Tower with Radar,135,33,28,4,200,0,3,38,7,48,135,36,66,11,248,18,0,18,266
08/26/2010,RNO,NV,AWP,WE,Combined TRACON& Tower with Radar,141,24,39,0,204,0,8,68,4,80,141,32,107,4,284,34,2,36,320
08/27/2010,RNO,NV,AWP,WE,Combined TRACON& Tower with Radar,131,29,24,4,188,0,4,53,1,58,131,33,77,5,246,6,0,6,252
08/28/2010,RNO,NV,AWP,WE,Combined TRACON& Tower with Radar,101,25,22,0,148,0,4,24,1,29,101,29,46,1,177,26,0,26,203
08/29/2010,RNO,NV,AWP,WE,Combined TRACON& Tower with Radar,116,27,26,2,171,0,3,16,0,19,116,30,42,2,190,4,0,4,194
08/30/2010,RNO,NV,AWP,WE,Combined TRACON& Tower with Radar,121,33,25,3,182,0,4,71,0,75,121,37,96,3,257,32,0,32,289
08/31/2010,RNO,NV,AWP,WE,Combined TRACON& Tower with Radar,132,35,27,2,196,0,5,66,2,73,132,40,93,4,269,20,0,20,289
09/01/2010,RNO,NV,AWP,WE,Combined TRACON& Tower with Radar,131,38,25,2,196,0,4,102,0,106,131,42,127,2,302,29,0,29,331
09/02/2010,RNO,NV,AWP,WE,Combined TRACON& Tower with Radar,137,29,33,2,201,0,19,103,4,126,137,48,136,6,327,58,0,58,385
09/03/2010,RNO,NV,AWP,WE,Combined TRACON& Tower with Radar,129,34,36,3,202,0,7,102,0,109,129,41,138,3,311,28,0,28,339
09/04/2010,RNO,NV,AWP,WE,Combined TRACON& Tower with Radar,99,21,17,4,141,0,1,85,4,90,99,22,102,8,231,12,0,12,243
09/05/2010,RNO,NV,AWP,WE,Combined TRACON& Tower with Radar,85,21,29,0,135,0,3,91,0,94,85,24,120,0,229,16,0,16,245
09/06/2010,RNO,NV,AWP,WE,Combined TRACON& Tower with Radar,116,32,34,0,182,0,6,112,1,119,116,38,146,1,301,22,0,22,323
09/07/2010,RNO,NV,AWP,WE,Combined TRACON& Tower with Radar,121,32,29,3,185,0,3,34,4,41,121,35,63,7,226,6,0,6,232
09/08/2010,RNO,NV,AWP,WE,Combined TRACON& Tower with Radar,134,40,33,2,209,0,8,21,2,31,134,48,54,4,240,2,0,2,242
09/09/2010,RNO,NV,AWP,WE,Combined TRACON& Tower with Radar,138,35,24,5,202,0,2,48,2,52,138,37,72,7,254,12,0,12,266
09/10/2010,RNO,NV,AWP,WE,Combined TRACON& Tower with Radar,135,30,25,3,193,0,1,77,2,80,135,31,102,5,273,14,0,14,287
09/11/2010,RNO,NV,AWP,WE,Combined TRACON& Tower with Radar,109,21,15,4,149,0,0,72,3,75,109,21,87,7,224,58,0,58,282
09/12/2010,RNO,NV,AWP,WE,Combined TRACON& Tower with Radar,121,31,25,8,185,0,3,84,4,91,121,34,109,12,276,4,0,4,280
09/13/2010,RNO,NV,AWP,WE,Combined TRACON& Tower with Radar,126,33,21,2,182,0,6,64,3,73,126,39,85,5,255,10,0,10,265
09/14/2010,RNO,NV,AWP,WE,Combined TRACON& Tower with Radar,133,30,39,3,205,0,9,62,4,75,133,39,101,7,280,26,0,26,306
09/15/2010,RNO,NV,AWP,WE,Combined TRACON& Tower with Radar,132,35,51,4,222,0,5,95,5,105,132,40,146,9,327,12,0,12,339
09/16/2010,RNO,NV,AWP,WE,Combined TRACON& Tower with Radar,135,21,79,6,241,0,8,166,4,178,135,29,245,10,419,22,0,22,441
09/17/2010,RNO,NV,AWP,WE,Combined TRACON& Tower with Radar,134,33,72,3,242,0,8,194,3,205,134,41,266,6,447,18,0,18,465
09/18/2010,RNO,NV,AWP,WE,Combined TRACON& Tower with Radar,106,25,66,6,203,0,0,149,1,150,106,25,215,7,353,20,2,22,375
09/19/2010,RNO,NV,AWP,WE,Combined TRACON& Tower with Radar,108,27,73,5,213,0,4,143,1,148,108,31,216,6,361,8,0,8,369
09/20/2010,RNO,NV,AWP,WE,Combined TRACON& Tower with Radar,129,29,67,5,230,0,7,198,8,213,129,36,265,13,443,2,2,4,447
09/21/2010,RNO,NV,AWP,WE,Combined TRACON& Tower with Radar,129,25,46,1,201,0,5,55,6,66,129,30,101,7,267,14,0,14,281
09/22/2010,RNO,NV,AWP,WE,Combined TRACON& Tower with Radar,133,32,29,1,195,0,1,44,8,53,133,33,73,9,248,24,0,24,272
09/23/2010,RNO,NV,AWP,WE,Combined TRACON& Tower with Radar,129,26,51,8,214,1,4,75,4,84,130,30,126,12,298,90,2,92,390
09/24/2010,RNO,NV,AWP,WE,Combined TRACON& Tower with Radar,128,28,23,3,182,0,7,58,4,69,128,35,81,7,251,14,0,14,265
09/25/2010,RNO,NV,AWP,WE,Combined TRACON& Tower with Radar,103,18,16,5,142,0,2,44,0,46,103,20,60,5,188,45,0,45,233
09/26/2010,RNO,NV,AWP,WE,Combined TRACON& Tower with Radar,114,26,25,3,168,0,4,67,2,73,114,30,92,5,241,30,0,30,271
09/27/2010,RNO,NV,AWP,WE,Combined TRACON& Tower with Radar,124,27,24,9,184,0,1,37,2,40,124,28,61,11,224,0,0,0,224
09/28/2010,RNO,NV,AWP,WE,Combined TRACON& Tower with Radar,131,26,23,3,183,0,3,61,3,67,131,29,84,6,250,8,0,8,258
09/29/2010,RNO,NV,AWP,WE,Combined TRACON& Tower with Radar,132,29,31,7,199,0,3,42,2,47,132,32,73,9,246,44,2,46,292
09/30/2010,RNO,NV,AWP,WE,Combined TRACON& Tower with Radar,129,27,27,8,191,0,8,65,7,80,129,35,92,15,271,14,12,26,297
10/01/2010,RNO,NV,AWP,WE,Combined TRACON& Tower with Radar,127,26,42,7,202,0,7,50,1,58,127,33,92,8,260,30,0,30,290
10/02/2010,RNO,NV,AWP,WE,Combined TRACON& Tower with Radar,103,22,21,3,149,0,4,53,8,65,103,26,74,11,214,8,0,8,222
10/03/2010,RNO,NV,AWP,WE,Combined TRACON& Tower with Radar,112,32,46,6,196,0,1,12,0,13,112,33,58,6,209,4,0,4,213
10/04/2010,RNO,NV,AWP,WE,Combined TRACON& Tower with Radar,132,28,33,3,196,0,1,8,0,9,132,29,41,3,205,0,0,0,205
10/05/2010,RNO,NV,AWP,WE,Combined TRACON& Tower with Radar,132,36,25,5,198,0,1,5,1,7,132,37,30,6,205,2,0,2,207
10/06/2010,RNO,NV,AWP,WE,Combined TRACON& Tower with Radar,136,33,41,0,210,0,3,22,2,27,136,36,63,2,237,10,0,10,247
10/07/2010,RNO,NV,AWP,WE,Combined TRACON& Tower with Radar,132,32,21,5,190,0,3,7,3,13,132,35,28,8,203,6,4,10,213
10/08/2010,RNO,NV,AWP,WE,Combined TRACON& Tower with Radar,137,32,14,0,183,0,8,70,0,78,137,40,84,0,261,28,0,28,289
10/09/2010,RNO,NV,AWP,WE,Combined TRACON& Tower with Radar,100,25,20,2,147,0,8,57,2,67,100,33,77,4,214,28,0,28,242
10/10/2010,RNO,NV,AWP,WE,Combined TRACON& Tower with Radar,115,23,20,3,161,0,7,58,0,65,115,30,78,3,226,10,0,10,236
10/11/2010,RNO,NV,AWP,WE,Combined TRACON& Tower with Radar,126,27,22,2,177,0,6,28,0,34,126,33,50,2,211,80,0,80,291
10/12/2010,RNO,NV,AWP,WE,Combined TRACON& Tower with Radar,139,27,26,1,193,0,4,61,4,69,139,31,87,5,262,18,4,22,284
10/13/2010,RNO,NV,AWP,WE,Combined TRACON& Tower with Radar,132,25,26,3,186,0,4,54,7,65,132,29,80,10,251,48,8,56,307
10/14/2010,RNO,NV,AWP,WE,Combined TRACON& Tower with Radar,132,28,29,5,194,0,9,57,8,74,132,37,86,13,268,22,14,36,304
10/15/2010,RNO,NV,AWP,WE,Combined TRACON& Tower with Radar,132,28,26,7,193,0,8,51,2,61,132,36,77,9,254,24,0,24,278
10/16/2010,RNO,NV,AWP,WE,Combined TRACON& Tower with Radar,103,19,12,2,136,0,6,47,0,53,103,25,59,2,189,52,0,52,241
10/17/2010,RNO,NV,AWP,WE,Combined TRACON& Tower with Radar,114,18,21,0,153,0,2,15,0,17,114,20,36,0,170,26,0,26,196
10/18/2010,RNO,NV,AWP,WE,Combined TRACON& Tower with Radar,129,27,23,4,183,0,1,24,1,26,129,28,47,5,209,6,0,6,215
10/19/2010,RNO,NV,AWP,WE,Combined TRACON& Tower with Radar,130,28,36,3,197,0,6,40,4,50,130,34,76,7,247,2,0,2,249
10/20/2010,RNO,NV,AWP,WE,Combined TRACON& Tower with Radar,134,25,24,6,189,0,3,33,2,38,134,28,57,8,227,2,8,10,237
10/21/2010,RNO,NV,AWP,WE,Combined TRACON& Tower with Radar,137,27,26,4,194,0,10,49,6,65,137,37,75,10,259,0,0,0,259
10/22/2010,RNO,NV,AWP,WE,Combined TRACON& Tower with Radar,124,30,20,7,181,0,1,39,3,43,124,31,59,10,224,0,0,0,224
10/23/2010,RNO,NV,AWP,WE,Combined TRACON& Tower with Radar,100,20,14,4,138,0,1,0,0,1,100,21,14,4,139,12,0,12,151
10/24/2010,RNO,NV,AWP,WE,Combined TRACON& Tower with Radar,115,23,14,0,152,0,0,0,0,0,115,23,14,0,152,2,0,2,154
10/25/2010,RNO,NV,AWP,WE,Combined TRACON& Tower with Radar,126,35,27,2,190,0,1,1,0,2,126,36,28,2,192,34,0,34,226
10/26/2010,RNO,NV,AWP,WE,Combined TRACON& Tower with Radar,131,25,27,2,185,0,0,0,0,0,131,25,27,2,185,8,4,12,197
10/27/2010,RNO,NV,AWP,WE,Combined TRACON& Tower with Radar,138,24,31,3,196,0,0,0,0,0,138,24,31,3,196,30,0,30,226
10/28/2010,RNO,NV,AWP,WE,Combined TRACON& Tower with Radar,132,32,17,1,182,0,0,0,0,0,132,32,17,1,182,18,0,18,200
10/29/2010,RNO,NV,AWP,WE,Combined TRACON& Tower with Radar,135,24,27,4,190,0,0,0,0,0,135,24,27,4,190,38,8,46,236
10/30/2010,RNO,NV,AWP,WE,Combined TRACON& Tower with Radar,101,19,11,0,131,0,0,0,0,0,101,19,11,0,131,8,0,8,139
10/31/2010,RNO,NV,AWP,WE,Combined TRACON& Tower with Radar,114,17,16,0,147,0,0,0,0,0,114,17,16,0,147,34,0,34,181
11/01/2010,RNO,NV,AWP,WE,Towers with Radar,127,24,23,2,176,0,5,45,2,52,127,29,68,4,228,4,0,4,232
11/02/2010,RNO,NV,AWP,WE,Towers with Radar,136,27,32,0,195,0,9,67,3,79,136,36,99,3,274,24,0,24,298
11/03/2010,RNO,NV,AWP,WE,Towers with Radar,135,26,26,4,191,0,13,59,3,75,135,39,85,7,266,24,6,30,296
11/04/2010,RNO,NV,AWP,WE,Towers with Radar,133,23,22,4,182,0,10,53,3,66,133,33,75,7,248,24,2,26,274
11/05/2010,RNO,NV,AWP,WE,Towers with Radar,133,31,17,5,186,0,3,39,4,46,133,34,56,9,232,16,10,26,258
11/06/2010,RNO,NV,AWP,WE,Towers with Radar,103,23,21,2,149,0,3,44,5,52,103,26,65,7,201,20,0,20,221
11/07/2010,RNO,NV,AWP,WE,Towers with Radar,112,22,16,3,153,0,4,4,0,8,112,26,20,3,161,2,4,6,167
11/08/2010,RNO,NV,AWP,WE,Towers with Radar,111,26,19,6,162,0,6,21,1,28,111,32,40,7,190,0,0,0,190
11/09/2010,RNO,NV,AWP,WE,Towers with Radar,117,30,35,13,195,0,3,32,1,36,117,33,67,14,231,6,0,6,237
11/10/2010,RNO,NV,AWP,WE,Towers with Radar,124,29,28,7,188,0,3,10,3,16,124,32,38,10,204,0,0,0,204
11/11/2010,RNO,NV,AWP,WE,Towers with Radar,118,24,27,0,169,0,3,47,4,54,118,27,74,4,223,22,0,22,245
11/12/2010,RNO,NV,AWP,WE,Towers with Radar,116,23,20,8,167,0,3,58,1,62,116,26,78,9,229,42,0,42,271
11/13/2010,RNO,NV,AWP,WE,Towers with Radar,101,25,6,2,134,0,4,60,0,64,101,29,66,2,198,4,0,4,202
11/14/2010,RNO,NV,AWP,WE,Towers with Radar,113,19,12,9,153,0,4,21,0,25,113,23,33,9,178,22,0,22,200
11/15/2010,RNO,NV,AWP,WE,Towers with Radar,115,29,11,1,156,0,2,33,1,36,115,31,44,2,192,0,0,0,192
11/16/2010,RNO,NV,AWP,WE,Towers with Radar,118,24,29,3,174,0,6,40,4,50,118,30,69,7,224,38,0,38,262
11/17/2010,RNO,NV,AWP,WE,Towers with Radar,126,24,28,4,182,0,8,65,6,79,126,32,93,10,261,12,4,16,277
11/18/2010,RNO,NV,AWP,WE,Towers with Radar,121,34,27,2,184,0,4,24,2,30,121,38,51,4,214,0,0,0,214
11/19/2010,RNO,NV,AWP,WE,Towers with Radar,129,29,28,6,192,0,2,8,2,12,129,31,36,8,204,2,12,14,218
11/20/2010,RNO,NV,AWP,WE,Towers with Radar,103,23,11,1,138,0,2,4,0,6,103,25,15,1,144,18,0,18,162
11/21/2010,RNO,NV,AWP,WE,Towers with Radar,110,31,19,1,161,0,2,2,0,4,110,33,21,1,165,0,0,0,165
11/22/2010,RNO,NV,AWP,WE,Towers with Radar,108,37,15,2,162,0,3,13,0,16,108,40,28,2,178,2,2,4,182
11/23/2010,RNO,NV,AWP,WE,Towers with Radar,126,37,20,0,183,0,2,0,0,2,126,39,20,0,185,22,0,22,207
11/24/2010,RNO,NV,AWP,WE,Towers with Radar,140,31,35,2,208,0,7,52,2,61,140,38,87,4,269,14,0,14,283
11/25/2010,RNO,NV,AWP,WE,Towers with Radar,71,19,5,0,95,0,4,19,0,23,71,23,24,0,118,0,0,0,118
11/26/2010,RNO,NV,AWP,WE,Towers with Radar,101,23,27,0,151,0,7,37,0,44,101,30,64,0,195,0,0,0,195
11/27/2010,RNO,NV,AWP,WE,Towers with Radar,114,31,28,0,173,0,0,4,0,4,114,31,32,0,177,14,0,14,191
11/28/2010,RNO,NV,AWP,WE,Towers with Radar,116,26,40,0,182,0,5,27,0,32,116,31,67,0,214,0,0,0,214
11/29/2010,RNO,NV,AWP,WE,Towers with Radar,119,32,34,2,187,0,3,40,0,43,119,35,74,2,230,30,0,30,260
11/30/2010,RNO,NV,AWP,WE,Towers with Radar,125,31,34,5,195,0,2,36,7,45,125,33,70,12,240,30,6,36,276
12/01/2010,RNO,NV,AWP,WE,Towers with Radar,121,40,27,10,198,0,9,31,4,44,121,49,58,14,242,10,14,24,266
12/02/2010,RNO,NV,AWP,WE,Towers with Radar,121,35,15,7,178,0,3,11,1,15,121,38,26,8,193,0,4,4,197
12/03/2010,RNO,NV,AWP,WE,Towers with Radar,121,30,23,6,180,0,1,21,3,25,121,31,44,9,205,8,2,10,215
12/04/2010,RNO,NV,AWP,WE,Towers with Radar,100,28,23,5,156,0,2,10,1,13,100,30,33,6,169,16,0,16,185
12/05/2010,RNO,NV,AWP,WE,Towers with Radar,106,20,20,7,153,0,1,32,3,36,106,21,52,10,189,48,6,54,243
12/06/2010,RNO,NV,AWP,WE,Towers with Radar,120,31,32,0,183,0,5,14,0,19,120,36,46,0,202,30,0,30,232
12/07/2010,RNO,NV,AWP,WE,Towers with Radar,123,29,25,1,178,0,4,57,4,65,123,33,82,5,243,24,10,34,277
12/08/2010,RNO,NV,AWP,WE,Towers with Radar,121,27,13,4,165,0,1,5,0,6,121,28,18,4,171,8,0,8,179
12/09/2010,RNO,NV,AWP,WE,Towers with Radar,129,23,29,7,188,0,5,12,1,18,129,28,41,8,206,0,0,0,206
12/10/2010,RNO,NV,AWP,WE,Towers with Radar,118,25,25,6,174,0,7,4,3,14,118,32,29,9,188,4,0,4,192
12/11/2010,RNO,NV,AWP,WE,Towers with Radar,100,26,14,6,146,0,2,32,2,36,100,28,46,8,182,42,2,44,226
12/12/2010,RNO,NV,AWP,WE,Towers with Radar,110,21,21,0,152,0,2,64,1,67,110,23,85,1,219,10,0,10,229
12/13/2010,RNO,NV,AWP,WE,Towers with Radar,123,28,21,1,173,0,2,36,3,41,123,30,57,4,214,14,0,14,228
12/14/2010,RNO,NV,AWP,WE,Towers with Radar,131,28,33,0,192,0,2,3,0,5,131,30,36,0,197,0,2,2,199
12/15/2010,RNO,NV,AWP,WE,Towers with Radar,133,35,20,2,190,0,5,46,5,56,133,40,66,7,246,0,2,2,248
12/16/2010,RNO,NV,AWP,WE,Towers with Radar,134,43,40,8,225,0,4,40,1,45,134,47,80,9,270,48,16,64,334
12/17/2010,RNO,NV,AWP,WE,Towers with Radar,123,23,24,0,170,0,0,0,0,0,123,23,24,0,170,0,0,0,170
12/18/2010,RNO,NV,AWP,WE,Towers with Radar,121,31,18,0,170,0,0,1,0,1,121,31,19,0,171,0,0,0,171
12/19/2010,RNO,NV,AWP,WE,Towers with Radar,111,29,18,0,158,0,0,0,0,0,111,29,18,0,158,2,0,2,160
12/20/2010,RNO,NV,AWP,WE,Towers with Radar,122,43,35,0,200,0,5,6,0,11,122,48,41,0,211,6,0,6,217
12/21/2010,RNO,NV,AWP,WE,Towers with Radar,135,35,23,5,198,0,6,28,7,41,135,41,51,12,239,42,20,62,301
12/22/2010,RNO,NV,AWP,WE,Towers with Radar,146,40,33,3,222,0,7,6,0,13,146,47,39,3,235,12,2,14,249
12/23/2010,RNO,NV,AWP,WE,Towers with Radar,140,33,43,5,221,0,5,34,4,43,140,38,77,9,264,32,10,42,306
12/24/2010,RNO,NV,AWP,WE,Towers with Radar,100,26,9,0,135,0,15,38,1,54,100,41,47,1,189,16,0,16,205
12/25/2010,RNO,NV,AWP,WE,Towers with Radar,81,26,5,0,112,0,5,7,0,12,81,31,12,0,124,14,0,14,138
12/26/2010,RNO,NV,AWP,WE,Towers with Radar,125,37,36,0,198,0,5,5,0,10,125,42,41,0,208,2,0,2,210
12/27/2010,RNO,NV,AWP,WE,Towers with Radar,115,41,25,0,181,28,3,50,1,82,143,44,75,1,263,30,2,32,295
12/28/2010,RNO,NV,AWP,WE,Towers with Radar,126,38,36,0,200,2,1,19,2,24,128,39,55,2,224,0,12,12,236
12/29/2010,RNO,NV,AWP,WE,Towers with Radar,123,29,35,2,189,0,1,2,0,3,123,30,37,2,192,2,0,2,194
12/30/2010,RNO,NV,AWP,WE,Towers with Radar,123,33,53,3,212,0,6,21,3,30,123,39,74,6,242,0,14,14,256
12/31/2010,RNO,NV,AWP,WE,Towers with Radar,104,32,34,0,170,0,10,45,0,55,104,42,79,0,225,2,0,2,227
01/01/2011,RNO,NV,AWP,WE,Towers with Radar,84,40,35,2,161,0,1,4,1,6,84,41,39,3,167,0,0,0,167
01/02/2011,RNO,NV,AWP,WE,Towers with Radar,122,27,51,0,200,0,3,11,0,14,122,30,62,0,214,10,0,10,224
01/03/2011,RNO,NV,AWP,WE,Towers with Radar,119,29,23,0,171,0,6,21,1,28,119,35,44,1,199,0,0,0,199
01/04/2011,RNO,NV,AWP,WE,Towers with Radar,121,38,21,0,180,0,7,47,7,61,121,45,68,7,241,24,2,26,267
01/05/2011,RNO,NV,AWP,WE,Towers with Radar,112,37,17,4,170,0,6,38,2,46,112,43,55,6,216,40,0,40,256
01/06/2011,RNO,NV,AWP,WE,Towers with Radar,108,30,11,7,156,0,3,10,2,15,108,33,21,9,171,50,2,52,223
01/07/2011,RNO,NV,AWP,WE,Towers with Radar,106,41,30,2,179,0,3,20,0,23,106,44,50,2,202,0,0,0,202
01/08/2011,RNO,NV,AWP,WE,Towers with Radar,95,26,21,4,146,0,1,39,1,41,95,27,60,5,187,39,4,43,230
01/09/2011,RNO,NV,AWP,WE,Towers with Radar,105,31,28,3,167,0,3,20,2,25,105,34,48,5,192,6,2,8,200
01/10/2011,RNO,NV,AWP,WE,Towers with Radar,117,40,15,3,175,0,11,32,2,45,117,51,47,5,220,38,0,38,258
01/11/2011,RNO,NV,AWP,WE,Towers with Radar,116,37,30,0,183,0,1,13,0,14,116,38,43,0,197,23,0,23,220
01/12/2011,RNO,NV,AWP,WE,Towers with Radar,118,41,19,3,181,0,2,20,1,23,118,43,39,4,204,22,0,22,226
01/13/2011,RNO,NV,AWP,WE,Towers with Radar,115,46,29,0,190,0,4,10,3,17,115,50,39,3,207,13,0,13,220
01/14/2011,RNO,NV,AWP,WE,Towers with Radar,118,39,27,6,190,0,4,67,2,73,118,43,94,8,263,33,0,33,296
01/15/2011,RNO,NV,AWP,WE,Towers with Radar,94,31,15,11,151,0,6,61,0,67,94,37,76,11,218,28,8,36,254
01/16/2011,RNO,NV,AWP,WE,Towers with Radar,103,30,15,2,150,0,2,31,1,34,103,32,46,3,184,20,0,20,204
01/17/2011,RNO,NV,AWP,WE,Towers with Radar,114,38,30,2,184,0,6,41,0,47,114,44,71,2,231,46,0,46,277
01/18/2011,RNO,NV,AWP,WE,Towers with Radar,115,33,28,5,181,0,7,40,3,50,115,40,68,8,231,14,2,16,247
01/19/2011,RNO,NV,AWP,WE,Towers with Radar,117,36,28,5,186,0,6,38,9,53,117,42,66,14,239,26,0,26,265
01/20/2011,RNO,NV,AWP,WE,Towers with Radar,116,34,21,5,176,0,10,50,2,62,116,44,71,7,238,22,0,22,260
01/21/2011,RNO,NV,AWP,WE,Towers with Radar,116,36,16,5,173,0,7,51,2,60,116,43,67,7,233,30,0,30,263
01/22/2011,RNO,NV,AWP,WE,Towers with Radar,94,30,24,1,149,0,3,68,0,71,94,33,92,1,220,66,0,66,286
01/23/2011,RNO,NV,AWP,WE,Towers with Radar,106,32,18,0,156,0,2,69,2,73,106,34,87,2,229,44,0,44,273
01/24/2011,RNO,NV,AWP,WE,Towers with Radar,112,35,39,1,187,0,2,40,1,43,112,37,79,2,230,56,0,56,286
01/25/2011,RNO,NV,AWP,WE,Towers with Radar,114,32,47,2,195,0,9,62,4,75,114,41,109,6,270,16,0,16,286
01/26/2011,RNO,NV,AWP,WE,Towers with Radar,121,44,81,0,246,0,6,63,3,72,121,50,144,3,318,78,2,80,398
01/27/2011,RNO,NV,AWP,WE,Towers with Radar,118,48,86,1,253,0,11,75,0,86,118,59,161,1,339,74,0,74,413
01/28/2011,RNO,NV,AWP,WE,Towers with Radar,115,57,71,9,252,0,10,72,8,90,115,67,143,17,342,28,0,28,370
01/29/2011,RNO,NV,AWP,WE,Towers with Radar,98,46,85,4,233,0,2,55,0,57,98,48,140,4,290,12,0,12,302
01/30/2011,RNO,NV,AWP,WE,Towers with Radar,108,50,79,4,241,0,1,5,0,6,108,51,84,4,247,0,0,0,247
01/31/2011,RNO,NV,AWP,WE,Towers with Radar,110,37,31,3,181,0,5,38,0,43,110,42,69,3,224,30,0,30,254
02/01/2011,RNO,NV,AWP,WE,Towers with Radar,108,41,23,2,174,0,7,35,3,45,108,48,58,5,219,10,6,16,235
02/02/2011,RNO,NV,AWP,WE,Towers with Radar,113,35,20,2,170,0,8,50,1,59,113,43,70,3,229,30,2,32,261
02/03/2011,RNO,NV,AWP,WE,Towers with Radar,113,37,29,7,186,0,9,44,1,54,113,46,73,8,240,28,4,32,272
02/04/2011,RNO,NV,AWP,WE,Towers with Radar,111,41,17,3,172,0,5,36,0,41,111,46,53,3,213,40,0,40,253
02/05/2011,RNO,NV,AWP,WE,Towers with Radar,94,24,13,1,132,0,4,63,0,67,94,28,76,1,199,66,0,66,265
02/06/2011,RNO,NV,AWP,WE,Towers with Radar,103,28,19,1,151,0,5,33,0,38,103,33,52,1,189,32,0,32,221
02/07/2011,RNO,NV,AWP,WE,Towers with Radar,108,31,14,1,154,0,7,33,2,42,108,38,47,3,196,18,0,18,214
02/08/2011,RNO,NV,AWP,WE,Towers with Radar,115,47,22,2,186,0,9,19,0,28,115,56,41,2,214,4,0,4,218
02/09/2011,RNO,NV,AWP,WE,Towers with Radar,120,36,16,0,172,0,7,55,1,63,120,43,71,1,235,16,2,18,253
02/10/2011,RNO,NV,AWP,WE,Towers with Radar,117,34,27,4,182,0,5,43,2,50,117,39,70,6,232,20,0,20,252
02/11/2011,RNO,NV,AWP,WE,Towers with Radar,118,37,25,5,185,0,5,50,7,62,118,42,75,12,247,50,4,54,301
02/12/2011,RNO,NV,AWP,WE,Towers with Radar,96,30,12,9,147,0,7,54,1,62,96,37,66,10,209,14,0,14,223
02/13/2011,RNO,NV,AWP,WE,Towers with Radar,103,36,18,3,160,0,9,54,1,64,103,45,72,4,224,28,0,28,252
02/14/2011,RNO,NV,AWP,WE,Towers with Radar,116,30,17,2,165,0,0,10,0,10,116,30,27,2,175,0,0,0,175
02/15/2011,RNO,NV,AWP,WE,Towers with Radar,125,37,12,0,174,0,8,8,0,16,125,45,20,0,190,14,2,16,206
02/16/2011,RNO,NV,AWP,WE,Towers with Radar,115,39,19,0,173,0,3,0,0,3,115,42,19,0,176,0,0,0,176
02/17/2011,RNO,NV,AWP,WE,Towers with Radar,124,52,27,1,204,0,0,2,1,3,124,52,29,2,207,0,0,0,207
02/18/2011,RNO,NV,AWP,WE,Towers with Radar,120,47,45,2,214,0,0,0,0,0,120,47,45,2,214,0,0,0,214
02/19/2011,RNO,NV,AWP,WE,Towers with Radar,112,39,25,2,178,0,6,4,0,10,112,45,29,2,188,12,6,18,206
02/20/2011,RNO,NV,AWP,WE,Towers with Radar,115,27,20,1,163,0,5,38,1,44,115,32,58,2,207,26,0,26,233
02/21/2011,RNO,NV,AWP,WE,Towers with Radar,123,35,26,0,184,0,0,26,0,26,123,35,52,0,210,22,0,22,232
02/22/2011,RNO,NV,AWP,WE,Towers with Radar,129,30,17,1,177,0,2,41,1,44,129,32,58,2,221,44,0,44,265
02/23/2011,RNO,NV,AWP,WE,Towers with Radar,162,13,45,2,222,0,1,0,0,1,162,14,45,2,223,30,10,40,263
02/24/2011,RNO,NV,AWP,WE,Towers with Radar,165,34,43,1,243,0,0,2,0,2,165,34,45,1,245,13,2,15,260
02/25/2011,RNO,NV,AWP,WE,Towers with Radar,152,38,13,5,208,0,1,2,1,4,152,39,15,6,212,1,0,1,213
02/26/2011,RNO,NV,AWP,WE,Towers with Radar,150,20,29,9,208,0,2,3,0,5,150,22,32,9,213,0,0,0,213
02/27/2011,RNO,NV,AWP,WE,Towers with Radar,107,32,18,9,166,0,2,53,3,58,107,34,71,12,224,40,0,40,264
02/28/2011,RNO,NV,AWP,WE,Towers with Radar,118,30,22,5,175,0,6,31,2,39,118,36,53,7,214,28,0,28,242
03/01/2011,RNO,NV,AWP,WE,Towers with Radar,127,24,24,1,176,0,11,38,2,51,127,35,62,3,227,30,0,30,257
03/02/2011,RNO,NV,AWP,WE,Towers with Radar,126,41,23,4,194,0,4,8,1,13,126,45,31,5,207,0,2,2,209
03/03/2011,RNO,NV,AWP,WE,Towers with Radar,126,35,30,3,194,0,4,16,1,21,126,39,46,4,215,10,0,10,225
03/04/2011,RNO,NV,AWP,WE,Towers with Radar,125,29,26,11,191,0,7,38,1,46,125,36,64,12,237,14,2,16,253
03/05/2011,RNO,NV,AWP,WE,Towers with Radar,109,34,18,4,165,0,5,22,1,28,109,39,40,5,193,28,0,28,221
03/06/2011,RNO,NV,AWP,WE,Towers with Radar,110,39,38,1,188,0,1,9,0,10,110,40,47,1,198,4,0,4,202
03/07/2011,RNO,NV,AWP,WE,Towers with Radar,120,42,14,2,178,0,4,3,0,7,120,46,17,2,185,4,2,6,191
03/08/2011,RNO,NV,AWP,WE,Towers with Radar,124,33,32,2,191,0,6,24,2,32,124,39,56,4,223,12,0,12,235
03/09/2011,RNO,NV,AWP,WE,Towers with Radar,124,36,25,1,186,0,3,56,0,59,124,39,81,1,245,22,0,22,267
03/10/2011,RNO,NV,AWP,WE,Towers with Radar,120,41,22,1,184,0,3,12,1,16,120,44,34,2,200,2,0,2,202
03/11/2011,RNO,NV,AWP,WE,Towers with Radar,125,38,32,0,195,0,7,39,2,48,125,45,71,2,243,18,0,18,261
03/12/2011,RNO,NV,AWP,WE,Towers with Radar,104,32,17,1,154,0,9,38,0,47,104,41,55,1,201,12,0,12,213
03/13/2011,RNO,NV,AWP,WE,Towers with Radar,111,38,27,3,179,0,6,10,3,19,111,44,37,6,198,24,0,24,222
03/14/2011,RNO,NV,AWP,WE,Towers with Radar,118,34,17,2,171,0,5,16,1,22,118,39,33,3,193,42,0,42,235
03/15/2011,RNO,NV,AWP,WE,Towers with Radar,127,37,20,3,187,0,1,1,0,2,127,38,21,3,189,0,2,2,191
03/16/2011,RNO,NV,AWP,WE,Towers with Radar,126,39,39,2,206,0,0,11,0,11,126,39,50,2,217,0,0,0,217
03/17/2011,RNO,NV,AWP,WE,Towers with Radar,127,36,32,0,195,0,5,47,0,52,127,41,79,0,247,10,0,10,257
03/18/2011,RNO,NV,AWP,WE,Towers with Radar,130,35,35,1,201,0,7,14,0,21,130,42,49,1,222,0,0,0,222
03/19/2011,RNO,NV,AWP,WE,Towers with Radar,110,34,20,1,165,0,1,3,0,4,110,35,23,1,169,0,0,0,169
03/20/2011,RNO,NV,AWP,WE,Towers with Radar,107,38,31,1,177,0,1,1,0,2,107,39,32,1,179,0,0,0,179
03/21/2011,RNO,NV,AWP,WE,Towers with Radar,120,46,32,5,203,0,2,7,0,9,120,48,39,5,212,2,0,2,214
03/22/2011,RNO,NV,AWP,WE,Towers with Radar,122,42,22,6,192,0,2,22,4,28,122,44,44,10,220,32,0,32,252
03/23/2011,RNO,NV,AWP,WE,Towers with Radar,126,41,29,9,205,0,0,6,0,6,126,41,35,9,211,2,8,10,221
03/24/2011,RNO,NV,AWP,WE,Towers with Radar,125,35,21,1,182,0,3,1,1,5,125,38,22,2,187,0,0,0,187
03/25/2011,RNO,NV,AWP,WE,Towers with Radar,131,44,40,5,220,0,1,10,2,13,131,45,50,7,233,0,0,0,233
03/26/2011,RNO,NV,AWP,WE,Towers with Radar,105,30,19,0,154,0,3,6,0,9,105,33,25,0,163,0,0,0,163
03/27/2011,RNO,NV,AWP,WE,Towers with Radar,115,43,29,2,189,0,1,20,0,21,115,44,49,2,210,4,0,4,214
03/28/2011,RNO,NV,AWP,WE,Towers with Radar,120,34,20,0,174,0,5,33,4,42,120,39,53,4,216,14,0,14,230
03/29/2011,RNO,NV,AWP,WE,Towers with Radar,127,38,19,2,186,0,6,20,0,26,127,44,39,2,212,20,4,24,236
03/30/2011,RNO,NV,AWP,WE,Towers with Radar,124,30,27,1,182,0,9,55,4,68,124,39,82,5,250,54,2,56,306
03/31/2011,RNO,NV,AWP,WE,Towers with Radar,123,28,18,2,171,0,10,74,7,91,123,38,92,9,262,16,8,24,286
04/01/2011,RNO,NV,AWP,WE,Towers with Radar,128,31,21,1,181,0,2,58,1,61,128,33,79,2,242,18,4,22,264
04/02/2011,RNO,NV,AWP,WE,Towers with Radar,103,27,15,7,152,0,1,16,1,18,103,28,31,8,170,2,10,12,182
04/03/2011,RNO,NV,AWP,WE,Towers with Radar,108,30,13,2,153,0,8,39,1,48,108,38,52,3,201,18,0,18,219
04/04/2011,RNO,NV,AWP,WE,Towers with Radar,120,31,16,3,170,0,6,56,0,62,120,37,72,3,232,12,0,12,244
04/05/2011,RNO,NV,AWP,WE,Towers with Radar,124,21,22,1,168,0,4,30,2,36,124,25,52,3,204,4,10,14,218
04/06/2011,RNO,NV,AWP,WE,Towers with Radar,122,25,7,1,155,0,4,34,5,43,122,29,41,6,198,18,12,30,228
04/07/2011,RNO,NV,AWP,WE,Towers with Radar,122,42,27,1,192,0,0,4,0,4,122,42,31,1,196,0,0,0,196
04/08/2011,RNO,NV,AWP,WE,Towers with Radar,126,38,31,2,197,0,0,13,0,13,126,38,44,2,210,8,0,8,218
04/09/2011,RNO,NV,AWP,WE,Towers with Radar,107,24,11,1,143,0,1,44,1,46,107,25,55,2,189,14,0,14,203
04/10/2011,RNO,NV,AWP,WE,Towers with Radar,108,29,14,0,151,0,4,45,1,50,108,33,59,1,201,22,0,22,223
04/11/2011,RNO,NV,AWP,WE,Towers with Radar,117,40,11,1,169,0,6,22,0,28,117,46,33,1,197,8,0,8,205
04/12/2011,RNO,NV,AWP,WE,Towers with Radar,125,29,23,1,178,0,9,54,2,65,125,38,77,3,243,32,0,32,275
04/13/2011,RNO,NV,AWP,WE,Towers with Radar,125,36,20,2,183,0,0,15,4,19,125,36,35,6,202,2,6,8,210
04/14/2011,RNO,NV,AWP,WE,Towers with Radar,125,36,28,0,189,0,3,35,4,42,125,39,63,4,231,50,0,50,281
04/15/2011,RNO,NV,AWP,WE,Towers with Radar,124,44,21,10,199,0,1,19,8,28,124,45,40,18,227,28,0,28,255
04/16/2011,RNO,NV,AWP,WE,Towers with Radar,105,28,14,1,148,0,3,41,0,44,105,31,55,1,192,14,0,14,206
04/17/2011,RNO,NV,AWP,WE,Towers with Radar,106,32,17,0,155,0,5,42,0,47,106,37,59,0,202,24,0,24,226
04/18/2011,RNO,NV,AWP,WE,Towers with Radar,115,28,15,4,162,0,2,7,0,9,115,30,22,4,171,38,0,38,209
04/19/2011,RNO,NV,AWP,WE,Towers with Radar,121,23,26,2,172,0,1,33,3,37,121,24,59,5,209,4,24,28,237
04/20/2011,RNO,NV,AWP,WE,Towers with Radar,119,34,23,7,183,0,7,23,0,30,119,41,46,7,213,6,0,6,219
04/21/2011,RNO,NV,AWP,WE,Towers with Radar,124,35,16,5,180,0,4,19,6,29,124,39,35,11,209,32,0,32,241
04/22/2011,RNO,NV,AWP,WE,Towers with Radar,122,32,25,7,186,0,3,49,1,53,122,35,74,8,239,40,0,40,279
04/23/2011,RNO,NV,AWP,WE,Towers with Radar,99,30,22,2,153,0,4,6,0,10,99,34,28,2,163,14,0,14,177
04/24/2011,RNO,NV,AWP,WE,Towers with Radar,107,27,9,1,144,0,6,11,0,17,107,33,20,1,161,52,0,52,213
04/25/2011,RNO,NV,AWP,WE,Towers with Radar,114,40,18,2,174,0,3,7,1,11,114,43,25,3,185,4,0,4,189
04/26/2011,RNO,NV,AWP,WE,Towers with Radar,121,28,13,2,164,0,8,65,11,84,121,36,78,13,248,40,12,52,300
04/27/2011,RNO,NV,AWP,WE,Towers with Radar,122,25,16,4,167,0,3,50,8,61,122,28,66,12,228,18,0,18,246
04/28/2011,RNO,NV,AWP,WE,Towers with Radar,124,29,22,4,179,0,5,40,1,46,124,34,62,5,225,22,2,24,249
04/29/2011,RNO,NV,AWP,WE,Towers with Radar,124,31,27,1,183,0,4,42,0,46,124,35,69,1,229,28,0,28,257
04/30/2011,RNO,NV,AWP,WE,Towers with Radar,106,21,15,2,144,0,5,61,3,69,106,26,76,5,213,16,0,16,229
05/01/2011,RNO,NV,AWP,WE,Towers with Radar,104,28,16,6,154,0,4,63,2,69,104,32,79,8,223,8,14,22,245
05/02/2011,RNO,NV,AWP,WE,Towers with Radar,119,37,19,2,177,0,8,40,5,53,119,45,59,7,230,0,0,0,230
05/03/2011,RNO,NV,AWP,WE,Towers with Radar,119,27,21,3,170,0,10,52,6,68,119,37,73,9,238,4,0,4,242
05/04/2011,RNO,NV,AWP,WE,Towers with Radar,114,25,19,2,160,0,11,37,7,55,114,36,56,9,215,20,0,20,235
05/05/2011,RNO,NV,AWP,WE,Towers with Radar,122,26,19,6,173,0,12,30,3,45,122,38,49,9,218,10,2,12,230
05/06/2011,RNO,NV,AWP,WE,Towers with Radar,124,28,17,2,171,0,6,52,8,66,124,34,69,10,237,20,14,34,271
05/07/2011,RNO,NV,AWP,WE,Towers with Radar,101,26,16,2,145,0,0,35,1,36,101,26,51,3,181,12,0,12,193
05/08/2011,RNO,NV,AWP,WE,Towers with Radar,105,27,22,2,156,0,0,11,0,11,105,27,33,2,167,0,0,0,167
05/09/2011,RNO,NV,AWP,WE,Towers with Radar,119,33,6,1,159,0,2,7,0,9,119,35,13,1,168,0,0,0,168
05/10/2011,RNO,NV,AWP,WE,Towers with Radar,122,23,31,2,178,0,13,44,6,63,122,36,75,8,241,42,9,51,292
05/11/2011,RNO,NV,AWP,WE,Towers with Radar,125,30,24,3,182,0,3,52,6,61,125,33,76,9,243,44,8,52,295
05/12/2011,RNO,NV,AWP,WE,Towers with Radar,121,24,17,2,164,0,13,47,2,62,121,37,64,4,226,6,0,6,232
05/13/2011,RNO,NV,AWP,WE,Towers with Radar,122,34,38,10,204,0,5,66,4,75,122,39,104,14,279,26,0,26,305
05/14/2011,RNO,NV,AWP,WE,Towers with Radar,105,27,14,4,150,0,1,22,1,24,105,28,36,5,174,4,0,4,178
05/15/2011,RNO,NV,AWP,WE,Towers with Radar,103,28,21,4,156,0,4,4,0,8,103,32,25,4,164,0,0,0,164
05/16/2011,RNO,NV,AWP,WE,Towers with Radar,119,31,22,0,172,0,3,24,5,32,119,34,46,5,204,26,0,26,230
05/17/2011,RNO,NV,AWP,WE,Towers with Radar,118,40,19,0,177,0,5,2,0,7,118,45,21,0,184,10,0,10,194
05/18/2011,RNO,NV,AWP,WE,Towers with Radar,124,41,22,9,196,0,0,7,4,11,124,41,29,13,207,20,6,26,233
05/19/2011,RNO,NV,AWP,WE,Towers with Radar,119,38,24,5,186,0,5,57,5,67,119,43,81,10,253,20,2,22,275
05/20/2011,RNO,NV,AWP,WE,Towers with Radar,123,34,18,7,182,0,2,55,3,60,123,36,73,10,242,16,0,16,258
05/21/2011,RNO,NV,AWP,WE,Towers with Radar,102,29,22,6,159,0,2,59,0,61,102,31,81,6,220,22,0,22,242
05/22/2011,RNO,NV,AWP,WE,Towers with Radar,101,33,16,4,154,0,4,47,0,51,101,37,63,4,205,20,0,20,225
05/23/2011,RNO,NV,AWP,WE,Towers with Radar,115,26,15,2,158,0,3,35,0,38,115,29,50,2,196,80,0,80,276
05/24/2011,RNO,NV,AWP,WE,Towers with Radar,117,30,21,3,171,0,3,47,3,53,117,33,68,6,224,16,0,16,240
05/25/2011,RNO,NV,AWP,WE,Towers with Radar,118,30,22,2,172,0,3,10,0,13,118,33,32,2,185,8,0,8,193
05/26/2011,RNO,NV,AWP,WE,Towers with Radar,123,32,34,2,191,0,5,39,4,48,123,37,73,6,239,26,4,30,269
05/27/2011,RNO,NV,AWP,WE,Towers with Radar,121,40,27,0,188,0,3,36,2,41,121,43,63,2,229,28,0,28,257
05/28/2011,RNO,NV,AWP,WE,Towers with Radar,90,24,20,1,135,0,1,14,1,16,90,25,34,2,151,42,0,42,193
05/29/2011,RNO,NV,AWP,WE,Towers with Radar,83,22,18,0,123,0,2,6,0,8,83,24,24,0,131,0,0,0,131
05/30/2011,RNO,NV,AWP,WE,Towers with Radar,99,28,18,1,146,0,0,58,0,58,99,28,76,1,204,18,0,18,222
05/31/2011,RNO,NV,AWP,WE,Towers with Radar,115,27,26,1,169,0,6,18,0,24,115,33,44,1,193,14,0,14,207
06/01/2011,RNO,NV,AWP,WE,Towers with Radar,121,35,36,8,200,0,3,25,4,32,121,38,61,12,232,6,0,6,238
06/02/2011,RNO,NV,AWP,WE,Towers with Radar,127,30,20,3,180,0,5,35,11,51,127,35,55,14,231,66,0,66,297
06/03/2011,RNO,NV,AWP,WE,Towers with Radar,126,29,27,1,183,0,3,53,7,63,126,32,80,8,246,20,2,22,268
06/04/2011,RNO,NV,AWP,WE,Towers with Radar,98,32,12,4,146,0,5,24,2,31,98,37,36,6,177,22,2,24,201
06/05/2011,RNO,NV,AWP,WE,Towers with Radar,107,33,24,1,165,0,0,11,5,16,107,33,35,6,181,8,0,8,189
06/06/2011,RNO,NV,AWP,WE,Towers with Radar,120,39,24,6,189,0,3,5,1,9,120,42,29,7,198,0,2,2,200
06/07/2011,RNO,NV,AWP,WE,Towers with Radar,122,27,22,6,177,0,6,50,5,61,122,33,72,11,238,24,16,40,278
06/08/2011,RNO,NV,AWP,WE,Towers with Radar,125,32,19,3,179,0,9,64,0,73,125,41,83,3,252,20,0,20,272
06/09/2011,RNO,NV,AWP,WE,Towers with Radar,126,38,19,6,189,0,11,76,7,94,126,49,95,13,283,28,2,30,313
06/10/2011,RNO,NV,AWP,WE,Towers with Radar,130,34,29,5,198,0,8,66,0,74,130,42,95,5,272,42,0,42,314
06/11/2011,RNO,NV,AWP,WE,Towers with Radar,117,22,6,1,146,0,3,48,0,51,117,25,54,1,197,5,0,5,202
06/12/2011,RNO,NV,AWP,WE,Towers with Radar,115,30,22,2,169,0,6,55,3,64,115,36,77,5,233,10,0,10,243
06/13/2011,RNO,NV,AWP,WE,Towers with Radar,122,38,21,1,182,0,5,29,6,40,122,43,50,7,222,20,0,20,242
06/14/2011,RNO,NV,AWP,WE,Towers with Radar,133,32,22,3,190,0,8,63,0,71,133,40,85,3,261,20,0,20,281
06/15/2011,RNO,NV,AWP,WE,Towers with Radar,134,25,23,1,183,0,7,56,6,69,134,32,79,7,252,6,12,18,270
06/16/2011,RNO,NV,AWP,WE,Towers with Radar,128,34,27,3,192,0,7,49,3,59,128,41,76,6,251,0,4,4,255
06/17/2011,RNO,NV,AWP,WE,Towers with Radar,126,30,15,2,173,0,9,60,1,70,126,39,75,3,243,14,0,14,257
06/18/2011,RNO,NV,AWP,WE,Towers with Radar,110,21,13,0,144,0,2,69,3,74,110,23,82,3,218,0,0,0,218
06/19/2011,RNO,NV,AWP,WE,Towers with Radar,116,24,17,2,159,0,4,70,1,75,116,28,87,3,234,36,6,42,276
06/20/2011,RNO,NV,AWP,WE,Towers with Radar,126,32,18,1,177,0,6,58,1,65,126,38,76,2,242,10,0,10,252
06/21/2011,RNO,NV,AWP,WE,Towers with Radar,128,28,22,1,179,0,6,68,9,83,128,34,90,10,262,40,10,50,312
06/22/2011,RNO,NV,AWP,WE,Towers with Radar,125,36,32,0,193,0,5,55,8,68,125,41,87,8,261,22,6,28,289
06/23/2011,RNO,NV,AWP,WE,Towers with Radar,131,29,29,1,190,0,6,61,4,71,131,35,90,5,261,14,4,18,279
06/24/2011,RNO,NV,AWP,WE,Towers with Radar,129,28,25,9,191,0,8,65,0,73,129,36,90,9,264,28,0,28,292
06/25/2011,RNO,NV,AWP,WE,Towers with Radar,112,18,11,0,141,0,10,72,2,84,112,28,83,2,225,28,0,28,253
06/26/2011,RNO,NV,AWP,WE,Towers with Radar,115,28,18,4,165,0,3,54,0,57,115,31,72,4,222,4,0,4,226
06/27/2011,RNO,NV,AWP,WE,Towers with Radar,122,25,27,1,175,0,7,52,0,59,122,32,79,1,234,44,0,44,278
06/28/2011,RNO,NV,AWP,WE,Towers with Radar,128,31,32,3,194,0,8,41,3,52,128,39,73,6,246,16,0,16,262
06/29/2011,RNO,NV,AWP,WE,Towers with Radar,131,30,22,1,184,0,7,29,1,37,131,37,51,2,221,0,0,0,221
06/30/2011,RNO,NV,AWP,WE,Towers with Radar,123,31,38,4,196,0,8,63,5,76,123,39,101,9,272,10,0,10,282
07/01/2011,RNO,NV,AWP,WE,Towers with Radar,136,35,16,2,189,0,3,69,0,72,136,38,85,2,261,0,0,0,261
07/02/2011,RNO,NV,AWP,WE,Towers with Radar,107,25,16,0,148,0,4,53,0,57,107,29,69,0,205,0,0,0,205
07/03/2011,RNO,NV,AWP,WE,Towers with Radar,84,19,8,1,112,0,3,46,1,50,84,22,54,2,162,12,0,12,174
07/04/2011,RNO,NV,AWP,WE,Towers with Radar,115,17,12,0,144,0,7,43,2,52,115,24,55,2,196,0,0,0,196
07/05/2011,RNO,NV,AWP,WE,Towers with Radar,129,32,13,8,182,0,8,41,3,52,129,40,54,11,234,2,2,4,238
07/06/2011,RNO,NV,AWP,WE,Towers with Radar,136,22,20,2,180,0,6,50,9,65,136,28,70,11,245,0,2,2,247
07/07/2011,RNO,NV,AWP,WE,Towers with Radar,130,28,20,3,181,0,9,48,7,64,130,37,68,10,245,8,5,13,258
07/08/2011,RNO,NV,AWP,WE,Towers with Radar,134,23,23,3,183,0,5,56,7,68,134,28,79,10,251,8,4,12,263
07/09/2011,RNO,NV,AWP,WE,Towers with Radar,112,27,7,8,154,0,6,38,3,47,112,33,45,11,201,31,2,33,234
07/10/2011,RNO,NV,AWP,WE,Towers with Radar,119,31,16,4,170,0,1,63,3,67,119,32,79,7,237,12,0,12,249
07/11/2011,RNO,NV,AWP,WE,Towers with Radar,124,22,20,4,170,0,11,47,1,59,124,33,67,5,229,0,0,0,229
07/12/2011,RNO,NV,AWP,WE,Towers with Radar,130,32,21,3,186,0,10,43,6,59,130,42,64,9,245,26,2,28,273
07/13/2011,RNO,NV,AWP,WE,Towers with Radar,134,28,31,0,193,0,10,50,5,65,134,38,81,5,258,24,0,24,282
07/14/2011,RNO,NV,AWP,WE,Towers with Radar,133,40,32,0,205,0,7,58,3,68,133,47,90,3,273,18,0,18,291
07/15/2011,RNO,NV,AWP,WE,Towers with Radar,135,31,15,5,186,0,10,47,3,60,135,41,62,8,246,10,0,10,256
07/16/2011,RNO,NV,AWP,WE,Towers with Radar,132,34,18,2,186,0,1,48,0,49,132,35,66,2,235,14,0,14,249
07/17/2011,RNO,NV,AWP,WE,Towers with Radar,121,34,33,8,196,0,6,44,1,51,121,40,77,9,247,2,0,2,249
07/18/2011,RNO,NV,AWP,WE,Towers with Radar,127,33,25,2,187,0,6,40,1,47,127,39,65,3,234,16,0,16,250
07/19/2011,RNO,NV,AWP,WE,Towers with Radar,131,25,18,2,176,0,6,41,5,52,131,31,59,7,228,20,0,20,248
07/20/2011,RNO,NV,AWP,WE,Towers with Radar,136,33,24,1,194,0,4,55,6,65,136,37,79,7,259,12,4,16,275
07/21/2011,RNO,NV,AWP,WE,Towers with Radar,135,30,26,3,194,0,9,61,2,72,135,39,87,5,266,2,0,2,268
07/22/2011,RNO,NV,AWP,WE,Towers with Radar,132,28,25,12,197,0,3,62,3,68,132,31,87,15,265,6,4,10,275
07/23/2011,RNO,NV,AWP,WE,Towers with Radar,113,31,17,5,166,0,3,73,4,80,113,34,90,9,246,16,8,24,270
07/24/2011,RNO,NV,AWP,WE,Towers with Radar,119,36,20,5,180,0,1,63,2,66,119,37,83,7,246,8,4,12,258
07/25/2011,RNO,NV,AWP,WE,Towers with Radar,126,25,11,4,166,0,7,43,2,52,126,32,54,6,218,6,2,8,226
07/26/2011,RNO,NV,AWP,WE,Towers with Radar,135,26,20,5,186,0,6,51,4,61,135,32,71,9,247,32,0,32,279
07/27/2011,RNO,NV,AWP,WE,Towers with Radar,139,34,20,4,197,0,5,47,5,57,139,39,67,9,254,2,12,14,268
07/28/2011,RNO,NV,AWP,WE,Towers with Radar,127,28,34,2,191,0,10,75,7,92,127,38,109,9,283,38,0,38,321
07/29/2011,RNO,NV,AWP,WE,Towers with Radar,154,33,20,10,217,0,2,42,1,45,154,35,62,11,262,26,6,32,294
07/30/2011,RNO,NV,AWP,WE,Towers with Radar,123,28,13,8,172,0,2,41,4,47,123,30,54,12,219,6,0,6,225
07/31/2011,RNO,NV,AWP,WE,Towers with Radar,120,26,12,2,160,0,8,57,2,67,120,34,69,4,227,24,0,24,251
08/01/2011,RNO,NV,AWP,WE,Towers with Radar,129,33,19,0,181,0,6,32,3,41,129,39,51,3,222,8,0,8,230
08/02/2011,RNO,NV,AWP,WE,Towers with Radar,133,36,13,0,182,0,6,43,2,51,133,42,56,2,233,12,0,12,245
08/03/2011,RNO,NV,AWP,WE,Towers with Radar,134,33,14,3,184,0,5,47,4,56,134,38,61,7,240,26,2,28,268
08/04/2011,RNO,NV,AWP,WE,Towers with Radar,132,31,32,2,197,0,6,71,4,81,132,37,103,6,278,43,12,55,333
08/05/2011,RNO,NV,AWP,WE,Towers with Radar,131,31,29,2,193,0,8,77,5,90,131,39,106,7,283,2,0,2,285
08/06/2011,RNO,NV,AWP,WE,Towers with Radar,108,28,26,2,164,0,7,55,1,63,108,35,81,3,227,10,0,10,237
08/07/2011,RNO,NV,AWP,WE,Towers with Radar,114,40,11,6,171,0,4,59,1,64,114,44,70,7,235,6,0,6,241
08/08/2011,RNO,NV,AWP,WE,Towers with Radar,127,28,13,1,169,0,8,61,0,69,127,36,74,1,238,12,0,12,250
08/09/2011,RNO,NV,AWP,WE,Towers with Radar,136,29,21,4,190,0,4,44,7,55,136,33,65,11,245,6,6,12,257
08/10/2011,RNO,NV,AWP,WE,Towers with Radar,132,30,32,1,195,0,4,74,8,86,132,34,106,9,281,43,0,43,324
08/11/2011,RNO,NV,AWP,WE,Towers with Radar,131,29,35,0,195,0,4,84,2,90,131,33,119,2,285,22,8,30,315
08/12/2011,RNO,NV,AWP,WE,Towers with Radar,136,32,23,3,194,0,8,40,1,49,136,40,63,4,243,24,0,24,267
08/13/2011,RNO,NV,AWP,WE,Towers with Radar,108,33,16,2,159,0,4,70,1,75,108,37,86,3,234,32,2,34,268
08/14/2011,RNO,NV,AWP,WE,Towers with Radar,115,27,31,1,174,0,4,68,1,73,115,31,99,2,247,20,0,20,267
08/15/2011,RNO,NV,AWP,WE,Towers with Radar,128,31,20,1,180,0,5,48,3,56,128,36,68,4,236,28,0,28,264
08/16/2011,RNO,NV,AWP,WE,Towers with Radar,128,28,34,1,191,0,5,47,7,59,128,33,81,8,250,30,6,36,286
08/17/2011,RNO,NV,AWP,WE,Towers with Radar,127,24,10,2,163,0,7,53,7,67,127,31,63,9,230,18,10,28,258
08/18/2011,RNO,NV,AWP,WE,Towers with Radar,131,29,19,2,181,0,7,59,4,70,131,36,78,6,251,22,0,22,273
08/19/2011,RNO,NV,AWP,WE,Towers with Radar,127,33,21,5,186,0,4,55,2,61,127,37,76,7,247,2,0,2,249
08/20/2011,RNO,NV,AWP,WE,Towers with Radar,100,24,11,4,139,0,3,55,10,68,100,27,66,14,207,34,6,40,247
08/21/2011,RNO,NV,AWP,WE,Towers with Radar,114,18,27,4,163,0,1,54,4,59,114,19,81,8,222,14,0,14,236
08/22/2011,RNO,NV,AWP,WE,Towers with Radar,127,29,17,1,174,0,3,38,1,42,127,32,55,2,216,26,0,26,242
08/23/2011,RNO,NV,AWP,WE,Towers with Radar,130,22,27,1,180,0,6,64,7,77,130,28,91,8,257,48,0,48,305
08/24/2011,RNO,NV,AWP,WE,Towers with Radar,126,20,27,3,176,0,6,47,11,64,126,26,74,14,240,18,4,22,262
08/25/2011,RNO,NV,AWP,WE,Towers with Radar,129,27,21,1,178,0,5,44,10,59,129,32,65,11,237,44,0,44,281
08/26/2011,RNO,NV,AWP,WE,Towers with Radar,126,32,16,6,180,0,7,72,6,85,126,39,88,12,265,6,4,10,275
08/27/2011,RNO,NV,AWP,WE,Towers with Radar,103,27,7,5,142,0,3,35,3,41,103,30,42,8,183,10,0,10,193
08/28/2011,RNO,NV,AWP,WE,Towers with Radar,112,23,22,5,162,0,1,58,0,59,112,24,80,5,221,22,0,22,243
08/29/2011,RNO,NV,AWP,WE,Towers with Radar,117,28,29,4,178,0,4,69,0,73,117,32,98,4,251,46,0,46,297
08/30/2011,RNO,NV,AWP,WE,Towers with Radar,123,24,26,3,176,0,3,75,3,81,123,27,101,6,257,8,2,10,267
08/31/2011,RNO,NV,AWP,WE,Towers with Radar,123,23,28,3,177,0,2,79,7,88,123,25,107,10,265,0,0,0,265
09/01/2011,RNO,NV,AWP,WE,Towers with Radar,124,30,22,2,178,0,5,98,1,104,124,35,120,3,282,14,0,14,296
09/02/2011,RNO,NV,AWP,WE,Towers with Radar,125,31,27,5,188,0,7,124,1,132,125,38,151,6,320,12,0,12,332
09/03/2011,RNO,NV,AWP,WE,Towers with Radar,88,20,7,4,119,0,2,94,0,96,88,22,101,4,215,16,0,16,231
09/04/2011,RNO,NV,AWP,WE,Towers with Radar,87,28,23,1,139,0,8,108,0,116,87,36,131,1,255,34,0,34,289
09/05/2011,RNO,NV,AWP,WE,Towers with Radar,105,23,19,1,148,0,2,87,0,89,105,25,106,1,237,12,2,14,251
09/06/2011,RNO,NV,AWP,WE,Towers with Radar,118,26,16,3,163,0,8,48,2,58,118,34,64,5,221,20,0,20,241
09/07/2011,RNO,NV,AWP,WE,Towers with Radar,125,24,18,1,168,0,6,55,4,65,125,30,73,5,233,18,4,22,255
09/08/2011,RNO,NV,AWP,WE,Towers with Radar,132,24,28,5,189,0,7,67,2,76,132,31,95,7,265,14,0,14,279
09/09/2011,RNO,NV,AWP,WE,Towers with Radar,128,26,25,7,186,0,5,87,3,95,128,31,112,10,281,6,4,10,291
09/10/2011,RNO,NV,AWP,WE,Towers with Radar,102,18,15,3,138,0,2,71,3,76,102,20,86,6,214,14,0,14,228
09/11/2011,RNO,NV,AWP,WE,Towers with Radar,114,22,28,6,170,0,5,46,1,52,114,27,74,7,222,14,0,14,236
09/12/2011,RNO,NV,AWP,WE,Towers with Radar,116,34,29,5,184,0,2,55,3,60,116,36,84,8,244,10,0,10,254
09/13/2011,RNO,NV,AWP,WE,Towers with Radar,120,28,22,8,178,0,4,44,11,59,120,32,66,19,237,8,6,14,251
09/14/2011,RNO,NV,AWP,WE,Towers with Radar,121,28,42,13,204,0,9,102,8,119,121,37,144,21,323,16,10,26,349
09/15/2011,RNO,NV,AWP,WE,Towers with Radar,125,27,68,7,227,0,10,114,6,130,125,37,182,13,357,2,16,18,375
09/16/2011,RNO,NV,AWP,WE,Towers with Radar,125,38,91,13,267,0,7,206,0,213,125,45,297,13,480,10,0,10,490
09/17/2011,RNO,NV,AWP,WE,Towers with Radar,100,30,62,3,195,0,2,171,1,174,100,32,233,4,369,2,0,2,371
09/18/2011,RNO,NV,AWP,WE,Towers with Radar,106,20,46,3,175,0,2,139,1,142,106,22,185,4,317,8,0,8,325
09/19/2011,RNO,NV,AWP,WE,Towers with Radar,119,33,27,4,183,0,3,81,3,87,119,36,108,7,270,6,0,6,276
09/20/2011,RNO,NV,AWP,WE,Towers with Radar,120,25,31,0,176,0,11,59,0,70,120,36,90,0,246,2,0,2,248
09/21/2011,RNO,NV,AWP,WE,Towers with Radar,118,23,27,3,171,0,5,50,2,57,118,28,77,5,228,6,0,6,234
09/22/2011,RNO,NV,AWP,WE,Towers with Radar,129,27,29,8,193,0,7,53,3,63,129,34,82,11,256,18,6,24,280
09/23/2011,RNO,NV,AWP,WE,Towers with Radar,122,26,26,6,180,0,12,49,2,63,122,38,75,8,243,30,0,30,273
09/24/2011,RNO,NV,AWP,WE,Towers with Radar,98,20,16,1,135,0,3,44,0,47,98,23,60,1,182,28,0,28,210
09/25/2011,RNO,NV,AWP,WE,Towers with Radar,112,23,28,3,166,0,0,32,1,33,112,23,60,4,199,6,0,6,205
09/26/2011,RNO,NV,AWP,WE,Towers with Radar,117,28,34,1,180,0,5,42,1,48,117,33,76,2,228,10,0,10,238
09/27/2011,RNO,NV,AWP,WE,Towers with Radar,122,23,21,7,173,0,5,43,2,50,122,28,64,9,223,10,0,10,233
09/28/2011,RNO,NV,AWP,WE,Towers with Radar,120,24,19,1,164,0,5,60,3,68,120,29,79,4,232,4,6,10,242
09/29/2011,RNO,NV,AWP,WE,Towers with Radar,126,28,21,0,175,0,4,61,0,65,126,32,82,0,240,2,0,2,242
09/30/2011,RNO,NV,AWP,WE,Towers with Radar,124,27,25,0,176,0,10,60,0,70,124,37,85,0,246,20,0,20,266
10/01/2011,RNO,NV,AWP,WE,Towers with Radar,96,22,12,3,133,0,3,36,4,43,96,25,48,7,176,30,0,30,206
10/02/2011,RNO,NV,AWP,WE,Towers with Radar,95,23,17,6,141,0,0,37,2,39,95,23,54,8,180,22,2,24,204
10/03/2011,RNO,NV,AWP,WE,Towers with Radar,115,35,21,0,171,0,7,20,2,29,115,42,41,2,200,4,0,4,204
10/04/2011,RNO,NV,AWP,WE,Towers with Radar,117,25,20,4,166,0,7,16,3,26,117,32,36,7,192,12,0,12,204
10/05/2011,RNO,NV,AWP,WE,Towers with Radar,120,30,23,7,180,0,2,6,0,8,120,32,29,7,188,0,0,0,188
10/06/2011,RNO,NV,AWP,WE,Towers with Radar,118,26,25,7,176,0,3,10,1,14,118,29,35,8,190,4,0,4,194
10/07/2011,RNO,NV,AWP,WE,Towers with Radar,120,32,27,7,186,0,7,49,3,59,120,39,76,10,245,26,0,26,271
10/08/2011,RNO,NV,AWP,WE,Towers with Radar,92,17,19,2,130,0,4,53,0,57,92,21,72,2,187,10,0,10,197
10/09/2011,RNO,NV,AWP,WE,Towers with Radar,95,21,27,1,144,0,4,46,0,50,95,25,73,1,194,10,0,10,204
10/10/2011,RNO,NV,AWP,WE,Towers with Radar,111,40,24,0,175,0,2,11,0,13,111,42,35,0,188,22,0,22,210
10/11/2011,RNO,NV,AWP,WE,Towers with Radar,118,27,25,12,182,0,5,42,2,49,118,32,67,14,231,2,16,18,249
10/12/2011,RNO,NV,AWP,WE,Towers with Radar,113,26,19,0,158,0,5,50,4,59,113,31,69,4,217,28,4,32,249
10/13/2011,RNO,NV,AWP,WE,Towers with Radar,117,25,22,2,166,0,6,49,1,56,117,31,71,3,222,4,0,4,226
10/14/2011,RNO,NV,AWP,WE,Towers with Radar,114,30,22,1,167,0,4,59,1,64,114,34,81,2,231,14,0,14,245
10/15/2011,RNO,NV,AWP,WE,Towers with Radar,93,19,11,3,126,0,3,59,1,63,93,22,70,4,189,8,2,10,199
10/16/2011,RNO,NV,AWP,WE,Towers with Radar,93,26,8,3,130,0,1,32,0,33,93,27,40,3,163,8,0,8,171
10/17/2011,RNO,NV,AWP,WE,Towers with Radar,108,29,13,0,150,0,3,40,0,43,108,32,53,0,193,30,0,30,223
10/18/2011,RNO,NV,AWP,WE,Towers with Radar,118,26,29,0,173,0,4,56,7,67,118,30,85,7,240,30,2,32,272
10/19/2011,RNO,NV,AWP,WE,Towers with Radar,119,25,20,0,164,0,3,41,4,48,119,28,61,4,212,24,0,24,236
10/20/2011,RNO,NV,AWP,WE,Towers with Radar,113,27,24,2,166,0,4,44,7,55,113,31,68,9,221,30,2,32,253
10/21/2011,RNO,NV,AWP,WE,Towers with Radar,115,24,23,5,167,0,3,61,4,68,115,27,84,9,235,26,0,26,261
10/22/2011,RNO,NV,AWP,WE,Towers with Radar,87,23,13,1,124,0,1,70,0,71,87,24,83,1,195,34,0,34,229
10/23/2011,RNO,NV,AWP,WE,Towers with Radar,94,23,17,2,136,0,4,76,0,80,94,27,93,2,216,40,0,40,256
10/24/2011,RNO,NV,AWP,WE,Towers with Radar,110,32,16,1,159,0,3,36,0,39,110,35,52,1,198,8,0,8,206
10/25/2011,RNO,NV,AWP,WE,Towers with Radar,114,24,21,3,162,0,8,41,1,50,114,32,62,4,212,8,2,10,222
10/26/2011,RNO,NV,AWP,WE,Towers with Radar,119,28,17,0,164,0,9,36,5,50,119,37,53,5,214,12,2,14,228
10/27/2011,RNO,NV,AWP,WE,Towers with Radar,114,28,34,2,178,0,2,70,1,73,114,30,104,3,251,10,0,10,261
10/28/2011,RNO,NV,AWP,WE,Towers with Radar,118,28,21,3,170,0,15,54,1,70,118,43,75,4,240,18,0,18,258
10/29/2011,RNO,NV,AWP,WE,Towers with Radar,85,20,7,1,113,0,2,45,0,47,85,22,52,1,160,8,0,8,168
10/30/2011,RNO,NV,AWP,WE,Towers with Radar,95,23,17,2,137,0,6,46,1,53,95,29,63,3,190,4,0,4,194
10/31/2011,RNO,NV,AWP,WE,Towers with Radar,103,24,20,0,147,0,7,44,1,52,103,31,64,1,199,14,0,14,213
11/01/2011,RNO,NV,AWP,WE,Towers with Radar,120,22,11,1,154,0,2,40,2,44,120,24,51,3,198,2,0,2,200
11/02/2011,RNO,NV,AWP,WE,Towers with Radar,112,25,17,1,155,0,11,54,3,68,112,36,71,4,223,24,2,26,249
11/03/2011,RNO,NV,AWP,WE,Towers with Radar,114,25,19,1,159,0,4,10,2,16,114,29,29,3,175,0,0,0,175
11/04/2011,RNO,NV,AWP,WE,Towers with Radar,126,16,23,1,166,0,0,25,0,25,126,16,48,1,191,0,0,0,191
11/05/2011,RNO,NV,AWP,WE,Towers with Radar,90,26,21,5,142,0,3,24,0,27,90,29,45,5,169,38,0,38,207
11/06/2011,RNO,NV,AWP,WE,Towers with Radar,88,24,19,5,136,0,2,8,2,12,88,26,27,7,148,2,0,2,150
11/07/2011,RNO,NV,AWP,WE,Towers with Radar,101,23,15,0,139,0,1,50,1,52,101,24,65,1,191,74,0,74,265
11/08/2011,RNO,NV,AWP,WE,Towers with Radar,106,24,18,0,148,0,3,58,4,65,106,27,76,4,213,6,4,10,223
11/09/2011,RNO,NV,AWP,WE,Towers with Radar,107,20,16,1,144,0,7,47,3,57,107,27,63,4,201,20,4,24,225
11/10/2011,RNO,NV,AWP,WE,Towers with Radar,105,23,23,1,152,0,6,43,3,52,105,29,66,4,204,12,0,12,216
11/11/2011,RNO,NV,AWP,WE,Towers with Radar,101,26,29,2,158,0,3,20,1,24,101,29,49,3,182,2,0,2,184
11/12/2011,RNO,NV,AWP,WE,Towers with Radar,93,12,15,1,121,0,2,40,2,44,93,14,55,3,165,38,0,38,203
11/13/2011,RNO,NV,AWP,WE,Towers with Radar,89,26,15,5,135,0,7,30,0,37,89,33,45,5,172,16,14,30,202
11/14/2011,RNO,NV,AWP,WE,Towers with Radar,99,23,15,1,138,0,4,37,1,42,99,27,52,2,180,0,2,2,182
11/15/2011,RNO,NV,AWP,WE,Towers with Radar,106,21,24,2,153,0,8,36,3,47,106,29,60,5,200,4,2,6,206
11/16/2011,RNO,NV,AWP,WE,Towers with Radar,107,19,12,2,140,0,10,46,3,59,107,29,58,5,199,8,0,8,207
11/17/2011,RNO,NV,AWP,WE,Towers with Radar,102,21,28,3,154,0,4,26,3,33,102,25,54,6,187,14,0,14,201
11/18/2011,RNO,NV,AWP,WE,Towers with Radar,82,22,25,2,131,0,3,3,0,6,82,25,28,2,137,4,4,8,145
11/19/2011,RNO,NV,AWP,WE,Towers with Radar,97,26,15,3,141,0,1,23,0,24,97,27,38,3,165,10,4,14,179
11/20/2011,RNO,NV,AWP,WE,Towers with Radar,86,19,13,2,120,0,1,4,1,6,86,20,17,3,126,2,0,2,128
11/21/2011,RNO,NV,AWP,WE,Towers with Radar,96,20,15,2,133,0,2,20,0,22,96,22,35,2,155,12,2,14,169
11/22/2011,RNO,NV,AWP,WE,Towers with Radar,113,17,18,1,149,0,9,24,7,40,113,26,42,8,189,4,0,4,193
11/23/2011,RNO,NV,AWP,WE,Towers with Radar,115,24,14,5,158,0,1,32,2,35,115,25,46,7,193,2,0,2,195
11/24/2011,RNO,NV,AWP,WE,Towers with Radar,60,17,3,0,80,0,0,15,0,15,60,17,18,0,95,6,0,6,101
11/25/2011,RNO,NV,AWP,WE,Towers with Radar,87,18,11,0,116,0,4,45,0,49,87,22,56,0,165,18,0,18,183
11/26/2011,RNO,NV,AWP,WE,Towers with Radar,89,19,16,0,124,0,2,45,0,47,89,21,61,0,171,6,0,6,177
11/27/2011,RNO,NV,AWP,WE,Towers with Radar,111,18,14,0,143,0,2,39,0,41,111,20,53,0,184,10,0,10,194
11/28/2011,RNO,NV,AWP,WE,Towers with Radar,111,18,14,3,146,0,3,36,1,40,111,21,50,4,186,0,0,0,186
11/29/2011,RNO,NV,AWP,WE,Towers with Radar,119,26,15,10,170,0,2,42,7,51,119,28,57,17,221,16,0,16,237
11/30/2011,RNO,NV,AWP,WE,Towers with Radar,109,24,27,1,161,0,2,14,0,16,109,26,41,1,177,0,0,0,177
12/01/2011,RNO,NV,AWP,WE,Towers with Radar,105,23,25,0,153,0,4,12,2,18,105,27,37,2,171,10,0,10,181
12/02/2011,RNO,NV,AWP,WE,Towers with Radar,108,24,23,10,165,0,6,40,6,52,108,30,63,16,217,22,0,22,239
12/03/2011,RNO,NV,AWP,WE,Towers with Radar,83,22,22,5,132,0,4,39,0,43,83,26,61,5,175,38,0,38,213
12/04/2011,RNO,NV,AWP,WE,Towers with Radar,89,15,24,9,137,0,0,48,2,50,89,15,72,11,187,42,2,44,231
12/05/2011,RNO,NV,AWP,WE,Towers with Radar,101,22,12,2,137,0,1,42,0,43,101,23,54,2,180,64,6,70,250
12/06/2011,RNO,NV,AWP,WE,Towers with Radar,112,20,21,1,154,0,4,32,3,39,112,24,53,4,193,18,0,18,211
12/07/2011,RNO,NV,AWP,WE,Towers with Radar,114,19,14,4,151,0,7,71,2,80,114,26,85,6,231,16,0,16,247
12/08/2011,RNO,NV,AWP,WE,Towers with Radar,112,20,13,4,149,0,14,33,2,49,112,34,46,6,198,10,0,10,208
12/09/2011,RNO,NV,AWP,WE,Towers with Radar,108,28,16,2,154,0,14,48,4,66,108,42,64,6,220,38,4,42,262
12/10/2011,RNO,NV,AWP,WE,Towers with Radar,84,24,3,0,111,0,4,56,0,60,84,28,59,0,171,30,0,30,201
12/11/2011,RNO,NV,AWP,WE,Towers with Radar,91,22,7,2,122,0,0,21,0,21,91,22,28,2,143,0,0,0,143
12/12/2011,RNO,NV,AWP,WE,Towers with Radar,100,24,19,2,145,0,2,26,1,29,100,26,45,3,174,4,0,4,178
12/13/2011,RNO,NV,AWP,WE,Towers with Radar,117,24,17,1,159,0,4,42,6,52,117,28,59,7,211,34,2,36,247
12/14/2011,RNO,NV,AWP,WE,Towers with Radar,124,19,21,1,165,0,5,44,3,52,124,24,65,4,217,10,0,10,227
12/15/2011,RNO,NV,AWP,WE,Towers with Radar,119,34,23,8,184,0,2,10,0,12,119,36,33,8,196,16,6,22,218
12/16/2011,RNO,NV,AWP,WE,Towers with Radar,119,31,18,0,168,0,3,50,0,53,119,34,68,0,221,14,0,14,235
12/17/2011,RNO,NV,AWP,WE,Towers with Radar,111,19,13,0,143,0,1,58,0,59,111,20,71,0,202,10,0,10,212
12/18/2011,RNO,NV,AWP,WE,Towers with Radar,105,22,7,0,134,0,1,50,0,51,105,23,57,0,185,36,0,36,221
12/19/2011,RNO,NV,AWP,WE,Towers with Radar,116,27,25,0,168,0,6,36,1,43,116,33,61,1,211,12,4,16,227
12/20/2011,RNO,NV,AWP,WE,Towers with Radar,129,24,14,1,168,0,7,36,3,46,129,31,50,4,214,14,2,16,230
12/21/2011,RNO,NV,AWP,WE,Towers with Radar,126,26,10,4,166,0,11,48,5,64,126,37,58,9,230,12,12,24,254
12/22/2011,RNO,NV,AWP,WE,Towers with Radar,131,32,23,1,187,0,4,26,2,32,131,36,49,3,219,2,0,2,221
12/23/2011,RNO,NV,AWP,WE,Towers with Radar,134,36,16,0,186,0,5,36,0,41,134,41,52,0,227,2,0,2,229
12/24/2011,RNO,NV,AWP,WE,Towers with Radar,92,21,5,0,118,0,5,30,0,35,92,26,35,0,153,16,0,16,169
12/25/2011,RNO,NV,AWP,WE,Towers with Radar,81,15,7,0,103,0,2,12,0,14,81,17,19,0,117,0,0,0,117
12/26/2011,RNO,NV,AWP,WE,Towers with Radar,115,27,22,0,164,0,5,46,0,51,115,32,68,0,215,4,0,4,219
12/27/2011,RNO,NV,AWP,WE,Towers with Radar,118,29,30,1,178,0,4,27,5,36,118,33,57,6,214,2,0,2,216
12/28/2011,RNO,NV,AWP,WE,Towers with Radar,126,24,15,3,168,0,2,24,4,30,126,26,39,7,198,8,0,8,206
12/29/2011,RNO,NV,AWP,WE,Towers with Radar,111,34,23,5,173,0,8,24,0,32,111,42,47,5,205,2,0,2,207
12/30/2011,RNO,NV,AWP,WE,Towers with Radar,116,33,19,0,168,0,9,11,0,20,116,42,30,0,188,1,0,1,189
12/31/2011,RNO,NV,AWP,WE,Towers with Radar,89,23,9,0,121,0,4,55,1,60,89,27,64,1,181,16,2,18,199
01/01/2012,RNO,NV,AWP,WE,Towers with Radar,84,25,14,0,123,0,3,46,0,49,84,28,60,0,172,6,0,6,178
01/02/2012,RNO,NV,AWP,WE,Towers with Radar,112,25,27,2,166,0,3,32,4,39,112,28,59,6,205,8,2,10,215
01/03/2012,RNO,NV,AWP,WE,Towers with Radar,109,22,15,0,146,0,7,30,7,44,109,29,45,7,190,2,0,2,192
01/04/2012,RNO,NV,AWP,WE,Towers with Radar,113,29,17,4,163,0,6,44,4,54,113,35,61,8,217,8,8,16,233
01/05/2012,RNO,NV,AWP,WE,Towers with Radar,111,23,21,1,156,0,7,25,4,36,111,30,46,5,192,8,0,8,200
01/06/2012,RNO,NV,AWP,WE,Towers with Radar,105,23,13,2,143,0,7,50,0,57,105,30,63,2,200,20,6,26,226
01/07/2012,RNO,NV,AWP,WE,Towers with Radar,86,16,10,1,113,0,3,46,2,51,86,19,56,3,164,4,0,4,168
01/08/2012,RNO,NV,AWP,WE,Towers with Radar,94,25,8,3,130,0,2,44,5,51,94,27,52,8,181,22,0,22,203
01/09/2012,RNO,NV,AWP,WE,Towers with Radar,95,23,10,3,131,0,8,38,1,47,95,31,48,4,178,8,0,8,186
01/10/2012,RNO,NV,AWP,WE,Towers with Radar,108,21,18,3,150,0,8,44,4,56,108,29,62,7,206,12,5,17,223
01/11/2012,RNO,NV,AWP,WE,Towers with Radar,107,19,11,1,138,0,5,42,7,54,107,24,53,8,192,10,0,10,202
01/12/2012,RNO,NV,AWP,WE,Towers with Radar,106,24,16,2,148,0,4,36,2,42,106,28,52,4,190,0,8,8,198
01/13/2012,RNO,NV,AWP,WE,Towers with Radar,100,32,20,0,152,0,4,59,1,64,100,36,79,1,216,20,0,20,236
01/14/2012,RNO,NV,AWP,WE,Towers with Radar,81,22,12,2,117,0,2,59,0,61,81,24,71,2,178,4,0,4,182
01/15/2012,RNO,NV,AWP,WE,Towers with Radar,90,16,6,6,118,0,3,10,0,13,90,19,16,6,131,0,0,0,131
01/16/2012,RNO,NV,AWP,WE,Towers with Radar,102,26,20,2,150,0,2,34,0,36,102,28,54,2,186,12,0,12,198
01/17/2012,RNO,NV,AWP,WE,Towers with Radar,138,19,11,2,170,0,0,25,10,35,138,19,36,12,205,20,0,20,225
01/18/2012,RNO,NV,AWP,WE,Towers with Radar,101,24,24,1,150,0,4,14,2,20,101,28,38,3,170,0,16,16,186
01/19/2012,RNO,NV,AWP,WE,Towers with Radar,94,24,30,4,152,0,5,6,0,11,94,29,36,4,163,0,0,0,163
01/20/2012,RNO,NV,AWP,WE,Towers with Radar,98,26,23,2,149,0,0,7,1,8,98,26,30,3,157,2,4,6,163
01/21/2012,RNO,NV,AWP,WE,Towers with Radar,83,14,9,3,109,0,2,2,0,4,83,16,11,3,113,0,0,0,113
01/22/2012,RNO,NV,AWP,WE,Towers with Radar,92,22,24,3,141,0,2,10,0,12,92,24,34,3,153,10,0,10,163
01/23/2012,RNO,NV,AWP,WE,Towers with Radar,100,22,19,2,143,0,3,1,0,4,100,25,20,2,147,0,0,0,147
01/24/2012,RNO,NV,AWP,WE,Towers with Radar,103,25,22,2,152,0,4,27,1,32,103,29,49,3,184,12,2,14,198
01/25/2012,RNO,NV,AWP,WE,Towers with Radar,106,21,23,1,151,0,7,36,3,46,106,28,59,4,197,22,8,30,227
01/26/2012,RNO,NV,AWP,WE,Towers with Radar,101,25,26,4,156,0,4,21,1,26,101,29,47,5,182,10,0,10,192
01/27/2012,RNO,NV,AWP,WE,Towers with Radar,101,26,19,6,152,0,12,52,0,64,101,38,71,6,216,16,2,18,234
01/28/2012,RNO,NV,AWP,WE,Towers with Radar,84,18,15,1,118,0,2,77,0,79,84,20,92,1,197,18,0,18,215
01/29/2012,RNO,NV,AWP,WE,Towers with Radar,94,19,9,0,122,0,1,47,0,48,94,20,56,0,170,42,0,42,212
01/30/2012,RNO,NV,AWP,WE,Towers with Radar,97,24,28,1,150,0,2,51,2,55,97,26,79,3,205,34,0,34,239
01/31/2012,RNO,NV,AWP,WE,Towers with Radar,107,23,24,0,154,0,5,45,2,52,107,28,69,2,206,28,0,28,234
02/01/2012,RNO,NV,AWP,WE,Towers with Radar,106,22,24,1,153,0,3,42,5,50,106,25,66,6,203,22,2,24,227
02/02/2012,RNO,NV,AWP,WE,Towers with Radar,105,24,17,6,152,0,7,55,3,65,105,31,72,9,217,18,4,22,239
02/03/2012,RNO,NV,AWP,WE,Towers with Radar,97,27,13,10,147,0,8,67,2,77,97,35,80,12,224,14,10,24,248
02/04/2012,RNO,NV,AWP,WE,Towers with Radar,83,26,18,5,132,0,4,73,5,82,83,30,91,10,214,30,12,42,256
02/05/2012,RNO,NV,AWP,WE,Towers with Radar,92,18,9,1,120,0,0,32,0,32,92,18,41,1,152,10,0,10,162
02/06/2012,RNO,NV,AWP,WE,Towers with Radar,93,27,26,3,149,0,6,31,0,37,93,33,57,3,186,0,0,0,186
02/07/2012,RNO,NV,AWP,WE,Towers with Radar,103,33,19,19,174,0,3,9,1,13,103,36,28,20,187,4,14,18,205
02/08/2012,RNO,NV,AWP,WE,Towers with Radar,104,21,15,5,145,0,8,44,3,55,104,29,59,8,200,38,4,42,242
02/09/2012,RNO,NV,AWP,WE,Towers with Radar,102,26,20,5,153,0,8,92,3,103,102,34,112,8,256,36,8,44,300
02/10/2012,RNO,NV,AWP,WE,Towers with Radar,100,30,27,3,160,0,11,40,2,53,100,41,67,5,213,34,0,34,247
02/11/2012,RNO,NV,AWP,WE,Towers with Radar,86,25,12,8,131,0,2,23,0,25,86,27,35,8,156,28,0,28,184
02/12/2012,RNO,NV,AWP,WE,Towers with Radar,101,27,9,7,144,0,1,35,1,37,101,28,44,8,181,0,0,0,181
02/13/2012,RNO,NV,AWP,WE,Towers with Radar,102,21,11,3,137,0,2,7,1,10,102,23,18,4,147,0,10,10,157
02/14/2012,RNO,NV,AWP,WE,Towers with Radar,109,23,16,1,149,0,1,34,5,40,109,24,50,6,189,0,0,0,189
02/15/2012,RNO,NV,AWP,WE,Towers with Radar,110,28,29,5,172,0,2,2,3,7,110,30,31,8,179,8,6,14,193
02/16/2012,RNO,NV,AWP,WE,Towers with Radar,109,32,30,1,172,0,9,36,3,48,109,41,66,4,220,12,0,12,232
02/17/2012,RNO,NV,AWP,WE,Towers with Radar,112,31,28,0,171,0,13,46,0,59,112,44,74,0,230,16,2,18,248
02/18/2012,RNO,NV,AWP,WE,Towers with Radar,91,29,18,1,139,0,1,8,0,9,91,30,26,1,148,32,0,32,180
02/19/2012,RNO,NV,AWP,WE,Towers with Radar,97,23,15,1,136,0,4,42,1,47,97,27,57,2,183,20,0,20,203
02/20/2012,RNO,NV,AWP,WE,Towers with Radar,104,28,17,6,155,0,6,21,0,27,104,34,38,6,182,14,0,14,196
02/21/2012,RNO,NV,AWP,WE,Towers with Radar,109,26,20,4,159,0,6,11,0,17,109,32,31,4,176,0,0,0,176
02/22/2012,RNO,NV,AWP,WE,Towers with Radar,109,30,14,0,153,0,3,37,4,44,109,33,51,4,197,12,2,14,211
02/23/2012,RNO,NV,AWP,WE,Towers with Radar,106,26,18,1,151,0,4,37,6,47,106,30,55,7,198,4,2,6,204
02/24/2012,RNO,NV,AWP,WE,Towers with Radar,109,30,20,7,166,0,5,53,4,62,109,35,73,11,228,32,0,32,260
02/25/2012,RNO,NV,AWP,WE,Towers with Radar,91,30,11,1,133,0,7,17,3,27,91,37,28,4,160,4,2,6,166
02/26/2012,RNO,NV,AWP,WE,Towers with Radar,98,26,17,7,148,0,2,34,3,39,98,28,51,10,187,10,0,10,197
02/27/2012,RNO,NV,AWP,WE,Towers with Radar,103,33,18,2,156,0,0,2,0,2,103,33,20,2,158,2,0,2,160
02/28/2012,RNO,NV,AWP,WE,Towers with Radar,111,36,19,5,171,0,5,21,3,29,111,41,40,8,200,0,0,0,200
02/29/2012,RNO,NV,AWP,WE,Towers with Radar,110,31,17,0,158,0,0,3,0,3,110,31,20,0,161,2,0,2,163
03/01/2012,RNO,NV,AWP,WE,Towers with Radar,107,31,28,2,168,0,6,8,0,14,107,37,36,2,182,0,0,0,182
03/02/2012,RNO,NV,AWP,WE,Towers with Radar,109,31,14,10,164,0,10,66,4,80,109,41,80,14,244,14,0,14,258
03/03/2012,RNO,NV,AWP,WE,Towers with Radar,90,24,10,3,127,0,1,79,4,84,90,25,89,7,211,32,12,44,255
03/04/2012,RNO,NV,AWP,WE,Towers with Radar,97,25,15,5,142,0,11,72,2,85,97,36,87,7,227,22,4,26,253
03/05/2012,RNO,NV,AWP,WE,Towers with Radar,99,37,19,4,159,0,6,44,2,52,99,43,63,6,211,4,0,4,215
03/06/2012,RNO,NV,AWP,WE,Towers with Radar,99,30,21,3,153,0,1,4,2,7,99,31,25,5,160,2,0,2,162
03/07/2012,RNO,NV,AWP,WE,Towers with Radar,103,26,17,0,146,0,6,38,1,45,103,32,55,1,191,0,0,0,191
03/08/2012,RNO,NV,AWP,WE,Towers with Radar,109,29,22,4,164,0,3,43,0,46,109,32,65,4,210,16,8,24,234
03/09/2012,RNO,NV,AWP,WE,Towers with Radar,109,29,21,1,160,0,12,67,0,79,109,41,88,1,239,16,0,16,255
03/10/2012,RNO,NV,AWP,WE,Towers with Radar,103,21,8,2,134,0,2,60,1,63,103,23,68,3,197,30,4,34,231
03/11/2012,RNO,NV,AWP,WE,Towers with Radar,99,34,13,3,149,0,4,8,1,13,99,38,21,4,162,0,2,2,164
03/12/2012,RNO,NV,AWP,WE,Towers with Radar,104,27,19,6,156,0,8,33,1,42,104,35,52,7,198,6,0,6,204
03/13/2012,RNO,NV,AWP,WE,Towers with Radar,111,25,24,0,160,0,1,4,0,5,111,26,28,0,165,2,0,2,167
03/14/2012,RNO,NV,AWP,WE,Towers with Radar,112,28,12,9,161,0,2,12,2,16,112,30,24,11,177,12,8,20,197
03/15/2012,RNO,NV,AWP,WE,Towers with Radar,115,39,34,6,194,0,5,22,2,29,115,44,56,8,223,6,0,6,229
03/16/2012,RNO,NV,AWP,WE,Towers with Radar,115,43,22,3,183,0,1,2,0,3,115,44,24,3,186,2,0,2,188
03/17/2012,RNO,NV,AWP,WE,Towers with Radar,101,26,20,0,147,0,3,15,0,18,101,29,35,0,165,8,0,8,173
03/18/2012,RNO,NV,AWP,WE,Towers with Radar,98,35,30,3,166,0,1,1,0,2,98,36,31,3,168,0,0,0,168
03/19/2012,RNO,NV,AWP,WE,Towers with Radar,106,28,24,0,158,0,4,29,0,33,106,32,53,0,191,14,0,14,205
03/20/2012,RNO,NV,AWP,WE,Towers with Radar,110,23,26,3,162,0,1,15,2,18,110,24,41,5,180,0,8,8,188
03/21/2012,RNO,NV,AWP,WE,Towers with Radar,112,23,33,3,171,0,4,52,7,63,112,27,85,10,234,6,6,12,246
03/22/2012,RNO,NV,AWP,WE,Towers with Radar,111,34,19,5,169,0,8,15,3,26,111,42,34,8,195,2,0,2,197
03/23/2012,RNO,NV,AWP,WE,Towers with Radar,110,33,26,3,172,0,5,20,6,31,110,38,46,9,203,0,0,0,203
03/24/2012,RNO,NV,AWP,WE,Towers with Radar,104,16,9,5,134,0,4,31,0,35,104,20,40,5,169,28,0,28,197
03/25/2012,RNO,NV,AWP,WE,Towers with Radar,99,30,21,2,152,0,6,16,0,22,99,36,37,2,174,10,0,10,184
03/26/2012,RNO,NV,AWP,WE,Towers with Radar,104,32,22,4,162,0,5,18,0,23,104,37,40,4,185,14,0,14,199
03/27/2012,RNO,NV,AWP,WE,Towers with Radar,112,21,26,6,165,0,3,21,2,26,112,24,47,8,191,12,0,12,203
03/28/2012,RNO,NV,AWP,WE,Towers with Radar,111,33,12,6,162,0,9,15,1,25,111,42,27,7,187,6,0,6,193
03/29/2012,RNO,NV,AWP,WE,Towers with Radar,109,33,34,5,181,0,3,26,1,30,109,36,60,6,211,16,4,20,231
03/30/2012,RNO,NV,AWP,WE,Towers with Radar,114,30,20,7,171,0,3,21,0,24,114,33,41,7,195,16,4,20,215
03/31/2012,RNO,NV,AWP,WE,Towers with Radar,99,19,5,4,127,0,2,0,0,2,99,21,5,4,129,2,0,2,131
04/01/2012,RNO,NV,AWP,WE,Towers with Radar,101,23,25,1,150,0,2,14,1,17,101,25,39,2,167,0,0,0,167
04/02/2012,RNO,NV,AWP,WE,Towers with Radar,107,26,15,0,148,0,4,44,0,48,107,30,59,0,196,16,0,16,212
04/03/2012,RNO,NV,AWP,WE,Towers with Radar,110,27,10,0,147,0,4,44,2,50,110,31,54,2,197,16,4,20,217
04/04/2012,RNO,NV,AWP,WE,Towers with Radar,113,21,14,0,148,0,7,19,0,26,113,28,33,0,174,12,0,12,186
04/05/2012,RNO,NV,AWP,WE,Towers with Radar,109,35,27,5,176,0,8,19,3,30,109,43,46,8,206,36,0,36,242
04/06/2012,RNO,NV,AWP,WE,Towers with Radar,116,27,15,4,162,0,2,77,8,87,116,29,92,12,249,60,22,82,331
04/07/2012,RNO,NV,AWP,WE,Towers with Radar,97,14,5,2,118,0,1,60,2,63,97,15,65,4,181,30,0,30,211
04/08/2012,RNO,NV,AWP,WE,Towers with Radar,104,17,8,1,130,0,2,40,0,42,104,19,48,1,172,18,0,18,190
04/09/2012,RNO,NV,AWP,WE,Towers with Radar,104,25,13,0,142,0,10,31,0,41,104,35,44,0,183,8,0,8,191
04/10/2012,RNO,NV,AWP,WE,Towers with Radar,110,22,14,1,147,0,10,39,5,54,110,32,53,6,201,22,2,24,225
04/11/2012,RNO,NV,AWP,WE,Towers with Radar,114,26,21,0,161,0,3,13,2,18,114,29,34,2,179,8,9,17,196
04/12/2012,RNO,NV,AWP,WE,Towers with Radar,107,36,19,2,164,0,3,7,3,13,107,39,26,5,177,8,0,8,185
04/13/2012,RNO,NV,AWP,WE,Towers with Radar,113,30,31,6,180,0,1,6,1,8,113,31,37,7,188,0,2,2,190
04/14/2012,RNO,NV,AWP,WE,Towers with Radar,99,15,21,2,137,0,2,6,0,8,99,17,27,2,145,12,0,12,157
04/15/2012,RNO,NV,AWP,WE,Towers with Radar,99,21,16,10,146,0,2,75,0,77,99,23,91,10,223,22,0,22,245
04/16/2012,RNO,NV,AWP,WE,Towers with Radar,104,26,24,2,156,0,7,30,3,40,104,33,54,5,196,20,4,24,220
04/17/2012,RNO,NV,AWP,WE,Towers with Radar,111,29,21,2,163,0,7,37,6,50,111,36,58,8,213,0,4,4,217
04/18/2012,RNO,NV,AWP,WE,Towers with Radar,111,26,30,8,175,0,3,39,5,47,111,29,69,13,222,2,2,4,226
04/19/2012,RNO,NV,AWP,WE,Towers with Radar,113,25,22,3,163,0,9,52,1,62,113,34,74,4,225,20,0,20,245
04/20/2012,RNO,NV,AWP,WE,Towers with Radar,107,26,20,3,156,0,7,52,1,60,107,33,72,4,216,4,0,4,220
04/21/2012,RNO,NV,AWP,WE,Towers with Radar,100,16,12,0,128,0,3,60,0,63,100,19,72,0,191,14,0,14,205
04/22/2012,RNO,NV,AWP,WE,Towers with Radar,98,22,21,4,145,0,4,54,0,58,98,26,75,4,203,20,2,22,225
04/23/2012,RNO,NV,AWP,WE,Towers with Radar,105,26,29,2,162,0,5,36,1,42,105,31,65,3,204,18,0,18,222
04/24/2012,RNO,NV,AWP,WE,Towers with Radar,113,26,30,2,171,0,4,37,5,46,113,30,67,7,217,0,2,2,219
04/25/2012,RNO,NV,AWP,WE,Towers with Radar,114,26,18,6,164,0,0,28,0,28,114,26,46,6,192,12,0,12,204
04/26/2012,RNO,NV,AWP,WE,Towers with Radar,110,25,24,5,164,0,5,9,2,16,110,30,33,7,180,0,0,0,180
04/27/2012,RNO,NV,AWP,WE,Towers with Radar,111,27,27,9,174,0,2,61,1,64,111,29,88,10,238,18,0,18,256
04/28/2012,RNO,NV,AWP,WE,Towers with Radar,99,16,17,0,132,0,6,76,1,83,99,22,93,1,215,40,0,40,255
04/29/2012,RNO,NV,AWP,WE,Towers with Radar,98,25,18,4,145,0,5,66,0,71,98,30,84,4,216,8,0,8,224
04/30/2012,RNO,NV,AWP,WE,Towers with Radar,103,25,13,0,141,0,1,30,2,33,103,26,43,2,174,12,0,12,186
05/01/2012,RNO,NV,AWP,WE,Towers with Radar,111,22,18,0,151,0,5,46,3,54,111,27,64,3,205,18,0,18,223
05/02/2012,RNO,NV,AWP,WE,Towers with Radar,111,24,16,1,152,0,6,49,4,59,111,30,65,5,211,32,2,34,245
05/03/2012,RNO,NV,AWP,WE,Towers with Radar,104,31,28,0,163,0,9,18,3,30,104,40,46,3,193,26,0,26,219
05/04/2012,RNO,NV,AWP,WE,Towers with Radar,107,28,24,4,163,0,9,34,3,46,107,37,58,7,209,16,2,18,227
05/05/2012,RNO,NV,AWP,WE,Towers with Radar,89,22,31,4,146,0,13,46,1,60,89,35,77,5,206,10,0,10,216
05/06/2012,RNO,NV,AWP,WE,Towers with Radar,96,24,28,3,151,0,4,71,0,75,96,28,99,3,226,40,0,40,266
05/07/2012,RNO,NV,AWP,WE,Towers with Radar,103,24,12,6,145,0,12,54,0,66,103,36,66,6,211,44,0,44,255
05/08/2012,RNO,NV,AWP,WE,Towers with Radar,113,19,15,1,148,0,17,55,1,73,113,36,70,2,221,34,0,34,255
05/09/2012,RNO,NV,AWP,WE,Towers with Radar,110,20,19,5,154,0,9,36,2,47,110,29,55,7,201,18,0,18,219
05/10/2012,RNO,NV,AWP,WE,Towers with Radar,107,27,18,1,153,0,8,49,4,61,107,35,67,5,214,8,0,8,222
05/11/2012,RNO,NV,AWP,WE,Towers with Radar,111,24,19,4,158,0,7,46,3,56,111,31,65,7,214,10,0,10,224
05/12/2012,RNO,NV,AWP,WE,Towers with Radar,91,15,5,8,119,0,2,54,0,56,91,17,59,8,175,40,0,40,215
05/13/2012,RNO,NV,AWP,WE,Towers with Radar,95,19,11,3,128,0,0,43,0,43,95,19,54,3,171,24,0,24,195
05/14/2012,RNO,NV,AWP,WE,Towers with Radar,101,23,16,2,142,0,4,35,1,40,101,27,51,3,182,18,2,20,202
05/15/2012,RNO,NV,AWP,WE,Towers with Radar,111,29,24,2,166,0,2,52,0,54,111,31,76,2,220,16,0,16,236
05/16/2012,RNO,NV,AWP,WE,Towers with Radar,110,21,28,1,160,0,5,58,5,68,110,26,86,6,228,10,2,12,240
05/17/2012,RNO,NV,AWP,WE,Towers with Radar,107,30,18,1,156,0,6,26,5,37,107,36,44,6,193,20,0,20,213
05/18/2012,RNO,NV,AWP,WE,Towers with Radar,111,29,32,0,172,0,15,38,9,62,111,44,70,9,234,110,0,110,344
05/19/2012,RNO,NV,AWP,WE,Towers with Radar,92,23,13,4,132,0,4,72,0,76,92,27,85,4,208,25,0,25,233
05/20/2012,RNO,NV,AWP,WE,Towers with Radar,95,18,25,10,148,0,3,66,0,69,95,21,91,10,217,32,0,32,249
05/21/2012,RNO,NV,AWP,WE,Towers with Radar,103,25,14,2,144,0,8,31,1,40,103,33,45,3,184,4,0,4,188
05/22/2012,RNO,NV,AWP,WE,Towers with Radar,113,22,18,0,153,0,8,30,9,47,113,30,48,9,200,26,0,26,226
05/23/2012,RNO,NV,AWP,WE,Towers with Radar,111,20,20,1,152,0,9,33,3,45,111,29,53,4,197,18,4,22,219
05/24/2012,RNO,NV,AWP,WE,Towers with Radar,109,30,18,6,163,0,11,30,4,45,109,41,48,10,208,34,0,34,242
05/25/2012,RNO,NV,AWP,WE,Towers with Radar,120,34,40,4,198,0,4,6,1,11,120,38,46,5,209,6,0,6,215
05/26/2012,RNO,NV,AWP,WE,Towers with Radar,81,24,8,2,115,0,3,8,1,12,81,27,16,3,127,24,0,24,151
05/27/2012,RNO,NV,AWP,WE,Towers with Radar,78,19,12,0,109,0,4,32,0,36,78,23,44,0,145,26,0,26,171
05/28/2012,RNO,NV,AWP,WE,Towers with Radar,94,23,20,0,137,0,0,53,3,56,94,23,73,3,193,6,0,6,199
05/29/2012,RNO,NV,AWP,WE,Towers with Radar,109,16,23,1,149,0,7,53,4,64,109,23,76,5,213,18,0,18,231
05/30/2012,RNO,NV,AWP,WE,Towers with Radar,110,25,19,3,157,0,10,62,2,74,110,35,81,5,231,14,2,16,247
05/31/2012,RNO,NV,AWP,WE,Towers with Radar,108,23,14,2,147,0,10,44,5,59,108,33,58,7,206,8,2,10,216
06/01/2012,RNO,NV,AWP,WE,Towers with Radar,112,24,20,1,157,0,6,40,11,57,112,30,60,12,214,6,2,8,222
06/02/2012,RNO,NV,AWP,WE,Towers with Radar,90,16,9,4,119,0,3,44,7,54,90,19,53,11,173,74,0,74,247
06/03/2012,RNO,NV,AWP,WE,Towers with Radar,99,22,12,7,140,0,4,45,2,51,99,26,57,9,191,2,20,22,213
06/04/2012,RNO,NV,AWP,WE,Towers with Radar,109,28,10,1,148,0,0,9,0,9,109,28,19,1,157,26,0,26,183
06/05/2012,RNO,NV,AWP,WE,Towers with Radar,117,24,10,5,156,0,4,19,0,23,117,28,29,5,179,16,0,16,195
06/06/2012,RNO,NV,AWP,WE,Towers with Radar,117,28,19,4,168,0,5,55,6,66,117,33,74,10,234,32,4,36,270
06/07/2012,RNO,NV,AWP,WE,Towers with Radar,115,29,32,4,180,0,7,34,7,48,115,36,66,11,228,64,0,64,292
06/08/2012,RNO,NV,AWP,WE,Towers with Radar,119,34,27,10,190,0,8,44,5,57,119,42,71,15,247,24,22,46,293
06/09/2012,RNO,NV,AWP,WE,Towers with Radar,103,26,6,9,144,0,2,30,3,35,103,28,36,12,179,4,0,4,183
06/10/2012,RNO,NV,AWP,WE,Towers with Radar,100,30,38,14,182,0,4,52,1,57,100,34,90,15,239,24,2,26,265
06/11/2012,RNO,NV,AWP,WE,Towers with Radar,108,28,21,7,164,0,2,40,4,46,108,30,61,11,210,2,6,8,218
06/12/2012,RNO,NV,AWP,WE,Towers with Radar,112,33,15,3,163,0,6,48,5,59,112,39,63,8,222,16,6,22,244
06/13/2012,RNO,NV,AWP,WE,Towers with Radar,119,34,15,3,171,0,9,69,5,83,119,43,84,8,254,12,4,16,270
06/14/2012,RNO,NV,AWP,WE,Towers with Radar,118,31,18,4,171,0,4,63,5,72,118,35,81,9,243,36,0,36,279
06/15/2012,RNO,NV,AWP,WE,Towers with Radar,116,33,20,7,176,0,8,57,3,68,116,41,77,10,244,30,0,30,274
06/16/2012,RNO,NV,AWP,WE,Towers with Radar,109,26,21,5,161,0,3,63,1,67,109,29,84,6,228,14,6,20,248
06/17/2012,RNO,NV,AWP,WE,Towers with Radar,113,30,19,3,165,0,6,50,0,56,113,36,69,3,221,16,0,16,237
06/18/2012,RNO,NV,AWP,WE,Towers with Radar,111,31,18,1,161,0,6,16,0,22,111,37,34,1,183,10,0,10,193
06/19/2012,RNO,NV,AWP,WE,Towers with Radar,123,36,23,6,188,0,6,53,3,62,123,42,76,9,250,4,4,8,258
06/20/2012,RNO,NV,AWP,WE,Towers with Radar,120,31,17,4,172,0,4,60,5,69,120,35,77,9,241,16,0,16,257
06/21/2012,RNO,NV,AWP,WE,Towers with Radar,117,34,15,6,172,0,7,54,9,70,117,41,69,15,242,18,6,24,266
06/22/2012,RNO,NV,AWP,WE,Towers with Radar,116,31,10,6,163,0,8,68,1,77,116,39,78,7,240,50,0,50,290
06/23/2012,RNO,NV,AWP,WE,Towers with Radar,107,26,15,7,155,0,2,17,0,19,107,28,32,7,174,2,0,2,176
06/24/2012,RNO,NV,AWP,WE,Towers with Radar,103,26,11,6,146,0,3,47,1,51,103,29,58,7,197,6,0,6,203
06/25/2012,RNO,NV,AWP,WE,Towers with Radar,111,38,10,6,165,0,5,37,1,43,111,43,47,7,208,4,0,4,212
06/26/2012,RNO,NV,AWP,WE,Towers with Radar,116,30,19,14,179,0,8,64,2,74,116,38,83,16,253,16,4,20,273
06/27/2012,RNO,NV,AWP,WE,Towers with Radar,121,27,26,11,185,0,7,54,7,68,121,34,80,18,253,2,8,10,263
06/28/2012,RNO,NV,AWP,WE,Towers with Radar,115,38,30,9,192,0,6,47,7,60,115,44,77,16,252,10,14,24,276
06/29/2012,RNO,NV,AWP,WE,Towers with Radar,118,30,26,6,180,0,11,69,6,86,118,41,95,12,266,24,4,28,294
06/30/2012,RNO,NV,AWP,WE,Towers with Radar,107,30,16,8,161,0,6,52,5,63,107,36,68,13,224,8,6,14,238
07/01/2012,RNO,NV,AWP,WE,Towers with Radar,104,34,17,7,162,0,0,33,12,45,104,34,50,19,207,18,4,22,229
07/02/2012,RNO,NV,AWP,WE,Towers with Radar,111,28,6,3,148,0,6,49,3,58,111,34,55,6,206,14,0,14,220
07/03/2012,RNO,NV,AWP,WE,Towers with Radar,122,27,18,2,169,0,8,39,3,50,122,35,57,5,219,16,0,16,235
07/04/2012,RNO,NV,AWP,WE,Towers with Radar,94,25,11,0,130,0,2,39,2,43,94,27,50,2,173,4,4,8,181
07/05/2012,RNO,NV,AWP,WE,Towers with Radar,117,27,14,1,159,0,10,40,0,50,117,37,54,1,209,12,0,12,221
07/06/2012,RNO,NV,AWP,WE,Towers with Radar,119,27,17,1,164,0,5,50,2,57,119,32,67,3,221,22,0,22,243
07/07/2012,RNO,NV,AWP,WE,Towers with Radar,103,23,8,4,138,0,2,54,0,56,103,25,62,4,194,16,4,20,214
07/08/2012,RNO,NV,AWP,WE,Towers with Radar,105,36,26,2,169,0,6,88,0,94,105,42,114,2,263,14,0,14,277
07/09/2012,RNO,NV,AWP,WE,Towers with Radar,116,34,23,1,174,0,9,40,0,49,116,43,63,1,223,46,0,46,269
07/10/2012,RNO,NV,AWP,WE,Towers with Radar,120,28,24,2,174,0,10,68,3,81,120,38,92,5,255,8,0,8,263
07/11/2012,RNO,NV,AWP,WE,Towers with Radar,123,35,20,4,182,0,9,67,1,77,123,44,87,5,259,38,0,38,297
07/12/2012,RNO,NV,AWP,WE,Towers with Radar,117,33,32,2,184,0,7,53,8,68,117,40,85,10,252,4,2,6,258
07/13/2012,RNO,NV,AWP,WE,Towers with Radar,119,36,19,5,179,0,11,69,0,80,119,47,88,5,259,17,0,17,276
07/14/2012,RNO,NV,AWP,WE,Towers with Radar,106,29,15,3,153,0,6,57,2,65,106,35,72,5,218,38,2,40,258
07/15/2012,RNO,NV,AWP,WE,Towers with Radar,106,38,24,4,172,0,2,37,0,39,106,40,61,4,211,16,0,16,227
07/16/2012,RNO,NV,AWP,WE,Towers with Radar,117,36,24,1,178,0,2,39,3,44,117,38,63,4,222,22,2,24,246
07/17/2012,RNO,NV,AWP,WE,Towers with Radar,123,30,28,3,184,0,4,48,2,54,123,34,76,5,238,22,0,22,260
07/18/2012,RNO,NV,AWP,WE,Towers with Radar,123,33,30,8,194,0,6,55,4,65,123,39,85,12,259,20,12,32,291
07/19/2012,RNO,NV,AWP,WE,Towers with Radar,122,39,44,6,211,0,8,31,0,39,122,47,75,6,250,28,0,28,278
07/20/2012,RNO,NV,AWP,WE,Towers with Radar,120,38,39,4,201,0,7,38,2,47,120,45,77,6,248,22,4,26,274
07/21/2012,RNO,NV,AWP,WE,Towers with Radar,108,34,19,1,162,0,2,49,0,51,108,36,68,1,213,12,0,12,225
07/22/2012,RNO,NV,AWP,WE,Towers with Radar,105,31,45,2,183,0,2,38,0,40,105,33,83,2,223,20,0,20,243
07/23/2012,RNO,NV,AWP,WE,Towers with Radar,117,39,23,6,185,0,15,16,1,32,117,54,39,7,217,4,0,4,221
07/24/2012,RNO,NV,AWP,WE,Towers with Radar,121,31,21,6,179,0,6,55,5,66,121,37,76,11,245,2,2,4,249
07/25/2012,RNO,NV,AWP,WE,Towers with Radar,121,25,32,2,180,0,7,49,10,66,121,32,81,12,246,18,18,36,282
07/26/2012,RNO,NV,AWP,WE,Towers with Radar,121,35,33,5,194,0,8,65,5,78,121,43,98,10,272,6,0,6,278
07/27/2012,RNO,NV,AWP,WE,Towers with Radar,119,40,15,6,180,0,9,40,3,52,119,49,55,9,232,0,0,0,232
07/28/2012,RNO,NV,AWP,WE,Towers with Radar,108,28,22,3,161,0,2,45,3,50,108,30,67,6,211,6,6,12,223
07/29/2012,RNO,NV,AWP,WE,Towers with Radar,107,30,16,9,162,0,2,53,0,55,107,32,69,9,217,34,0,34,251
07/30/2012,RNO,NV,AWP,WE,Towers with Radar,114,36,8,3,161,0,6,50,1,57,114,42,58,4,218,28,0,28,246
07/31/2012,RNO,NV,AWP,WE,Towers with Radar,125,33,24,0,182,0,5,41,8,54,125,38,65,8,236,16,10,26,262
08/01/2012,RNO,NV,AWP,WE,Towers with Radar,122,38,30,2,192,0,4,38,4,46,122,42,68,6,238,12,8,20,258
08/02/2012,RNO,NV,AWP,WE,Towers with Radar,121,46,29,5,201,0,3,37,8,48,121,49,66,13,249,34,2,36,285
08/03/2012,RNO,NV,AWP,WE,Towers with Radar,119,35,34,4,192,0,7,57,4,68,119,42,91,8,260,44,6,50,310
08/04/2012,RNO,NV,AWP,WE,Towers with Radar,107,26,14,1,148,0,6,37,3,46,107,32,51,4,194,36,0,36,230
08/05/2012,RNO,NV,AWP,WE,Towers with Radar,104,51,18,2,175,0,5,37,5,47,104,56,55,7,222,22,4,26,248
08/06/2012,RNO,NV,AWP,WE,Towers with Radar,114,40,19,1,174,0,3,46,1,50,114,43,65,2,224,30,0,30,254
08/07/2012,RNO,NV,AWP,WE,Towers with Radar,121,23,20,2,166,0,6,42,11,59,121,29,62,13,225,6,8,14,239
08/08/2012,RNO,NV,AWP,WE,Towers with Radar,119,34,26,6,185,0,10,47,1,58,119,44,73,7,243,16,2,18,261
08/09/2012,RNO,NV,AWP,WE,Towers with Radar,120,32,16,5,173,0,8,54,2,64,120,40,70,7,237,8,6,14,251
08/10/2012,RNO,NV,AWP,WE,Towers with Radar,116,37,32,1,186,0,4,57,1,62,116,41,89,2,248,20,0,20,268
08/11/2012,RNO,NV,AWP,WE,Towers with Radar,104,33,29,0,166,0,2,74,2,78,104,35,103,2,244,50,0,50,294
08/12/2012,RNO,NV,AWP,WE,Towers with Radar,100,37,39,2,178,0,2,66,0,68,100,39,105,2,246,14,0,14,260
08/13/2012,RNO,NV,AWP,WE,Towers with Radar,111,37,23,2,173,0,6,37,1,44,111,43,60,3,217,2,0,2,219
08/14/2012,RNO,NV,AWP,WE,Towers with Radar,122,30,21,1,174,0,10,31,2,43,122,40,52,3,217,10,0,10,227
08/15/2012,RNO,NV,AWP,WE,Towers with Radar,118,27,15,2,162,0,7,65,6,78,118,34,80,8,240,38,10,48,288
08/16/2012,RNO,NV,AWP,WE,Towers with Radar,118,32,34,9,193,0,10,48,3,61,118,42,82,12,254,6,0,6,260
08/17/2012,RNO,NV,AWP,WE,Towers with Radar,118,31,22,3,174,0,4,63,3,70,118,35,85,6,244,8,0,8,252
08/18/2012,RNO,NV,AWP,WE,Towers with Radar,103,22,21,4,150,0,3,35,0,38,103,25,56,4,188,14,0,14,202
08/19/2012,RNO,NV,AWP,WE,Towers with Radar,100,21,19,2,142,0,4,59,2,65,100,25,78,4,207,0,0,0,207
08/20/2012,RNO,NV,AWP,WE,Towers with Radar,111,31,19,2,163,0,6,39,1,46,111,37,58,3,209,8,4,12,221
08/21/2012,RNO,NV,AWP,WE,Towers with Radar,121,23,14,6,164,0,8,27,0,35,121,31,41,6,199,22,0,22,221
08/22/2012,RNO,NV,AWP,WE,Towers with Radar,117,32,21,3,173,0,7,37,4,48,117,39,58,7,221,18,2,20,241
08/23/2012,RNO,NV,AWP,WE,Towers with Radar,118,28,25,3,174,0,7,65,4,76,118,35,90,7,250,2,0,2,252
08/24/2012,RNO,NV,AWP,WE,Towers with Radar,118,32,25,5,180,0,5,54,2,61,118,37,79,7,241,4,4,8,249
08/25/2012,RNO,NV,AWP,WE,Towers with Radar,100,20,4,5,129,0,1,77,1,79,100,21,81,6,208,12,0,12,220
08/26/2012,RNO,NV,AWP,WE,Towers with Radar,98,29,32,3,162,0,2,76,0,78,98,31,108,3,240,42,0,42,282
08/27/2012,RNO,NV,AWP,WE,Towers with Radar,108,40,12,0,160,0,4,82,1,87,108,44,94,1,247,22,0,22,269
08/28/2012,RNO,NV,AWP,WE,Towers with Radar,113,31,16,1,161,0,11,71,3,85,113,42,87,4,246,2,2,4,250
08/29/2012,RNO,NV,AWP,WE,Towers with Radar,112,34,36,0,182,0,5,108,3,116,112,39,144,3,298,38,0,38,336
08/30/2012,RNO,NV,AWP,WE,Towers with Radar,110,40,39,2,191,0,8,110,2,120,110,48,149,4,311,38,0,38,349
08/31/2012,RNO,NV,AWP,WE,Towers with Radar,109,43,27,0,179,0,7,97,1,105,109,50,124,1,284,40,0,40,324
09/01/2012,RNO,NV,AWP,WE,Towers with Radar,78,28,11,2,119,0,6,96,2,104,78,34,107,4,223,36,0,36,259
09/02/2012,RNO,NV,AWP,WE,Towers with Radar,76,24,25,0,125,0,6,134,0,140,76,30,159,0,265,4,0,4,269
09/03/2012,RNO,NV,AWP,WE,Towers with Radar,88,37,41,2,168,0,7,143,1,151,88,44,184,3,319,10,0,10,329
09/04/2012,RNO,NV,AWP,WE,Towers with Radar,110,27,16,2,155,0,7,43,9,59,110,34,59,11,214,46,0,46,260
09/05/2012,RNO,NV,AWP,WE,Towers with Radar,113,25,24,0,162,0,7,43,2,52,113,32,67,2,214,20,0,20,234
09/06/2012,RNO,NV,AWP,WE,Towers with Radar,112,31,29,8,180,0,3,49,5,57,112,34,78,13,237,2,4,6,243
09/07/2012,RNO,NV,AWP,WE,Towers with Radar,112,33,27,6,178,0,8,71,3,82,112,41,98,9,260,16,0,16,276
09/08/2012,RNO,NV,AWP,WE,Towers with Radar,94,21,19,2,136,0,3,68,3,74,94,24,87,5,210,14,0,14,224
09/09/2012,RNO,NV,AWP,WE,Towers with Radar,98,26,19,17,160,0,2,69,3,74,98,28,88,20,234,8,0,8,242
09/10/2012,RNO,NV,AWP,WE,Towers with Radar,106,27,31,21,185,0,5,46,2,53,106,32,77,23,238,12,2,14,252
09/11/2012,RNO,NV,AWP,WE,Towers with Radar,115,25,25,13,178,0,7,71,7,85,115,32,96,20,263,2,6,8,271
09/12/2012,RNO,NV,AWP,WE,Towers with Radar,111,33,38,8,190,0,4,69,4,77,111,37,107,12,267,16,0,16,283
09/13/2012,RNO,NV,AWP,WE,Towers with Radar,109,35,56,7,207,0,4,122,4,130,109,39,178,11,337,6,14,20,357
09/14/2012,RNO,NV,AWP,WE,Towers with Radar,113,31,49,11,204,0,5,160,6,171,113,36,209,17,375,10,2,12,387
09/15/2012,RNO,NV,AWP,WE,Towers with Radar,94,22,37,1,154,0,0,109,2,111,94,22,146,3,265,2,0,2,267
09/16/2012,RNO,NV,AWP,WE,Towers with Radar,97,29,65,5,196,0,3,171,2,176,97,32,236,7,372,0,0,0,372
09/17/2012,RNO,NV,AWP,WE,Towers with Radar,106,26,50,2,184,0,1,135,4,140,106,27,185,6,324,0,0,0,324
09/18/2012,RNO,NV,AWP,WE,Towers with Radar,115,33,20,5,173,0,4,53,8,65,115,37,73,13,238,2,6,8,246
09/19/2012,RNO,NV,AWP,WE,Towers with Radar,109,21,14,3,147,0,6,49,6,61,109,27,63,9,208,2,0,2,210
09/20/2012,RNO,NV,AWP,WE,Towers with Radar,110,29,33,3,175,0,5,56,9,70,110,34,89,12,245,0,4,4,249
09/21/2012,RNO,NV,AWP,WE,Towers with Radar,109,31,17,4,161,0,6,67,1,74,109,37,84,5,235,16,0,16,251
09/22/2012,RNO,NV,AWP,WE,Towers with Radar,95,28,3,2,128,0,3,50,0,53,95,31,53,2,181,8,0,8,189
09/23/2012,RNO,NV,AWP,WE,Towers with Radar,95,25,27,2,149,0,1,42,1,44,95,26,69,3,193,14,0,14,207
09/24/2012,RNO,NV,AWP,WE,Towers with Radar,105,25,16,2,148,0,5,43,1,49,105,30,59,3,197,4,0,4,201
09/25/2012,RNO,NV,AWP,WE,Towers with Radar,114,29,21,1,165,0,2,43,6,51,114,31,64,7,216,22,0,22,238
09/26/2012,RNO,NV,AWP,WE,Towers with Radar,113,31,16,1,161,0,4,57,2,63,113,35,73,3,224,0,0,0,224
09/27/2012,RNO,NV,AWP,WE,Towers with Radar,111,31,24,3,169,0,4,59,4,67,111,35,83,7,236,0,0,0,236
09/28/2012,RNO,NV,AWP,WE,Towers with Radar,109,40,33,1,183,0,6,53,3,62,109,46,86,4,245,8,0,8,253
09/29/2012,RNO,NV,AWP,WE,Towers with Radar,94,17,10,0,121,0,2,64,0,66,94,19,74,0,187,0,0,0,187
09/30/2012,RNO,NV,AWP,WE,Towers with Radar,88,33,39,0,160,0,2,65,1,68,88,35,104,1,228,16,8,24,252
10/01/2012,RNO,NV,AWP,WE,Towers with Radar,103,26,11,1,141,0,4,39,1,44,103,30,50,2,185,10,0,10,195
10/02/2012,RNO,NV,AWP,WE,Towers with Radar,109,31,20,2,162,0,8,55,3,66,109,39,75,5,228,10,0,10,238
10/03/2012,RNO,NV,AWP,WE,Towers with Radar,110,25,20,4,159,0,4,49,3,56,110,29,69,7,215,12,6,18,233
10/04/2012,RNO,NV,AWP,WE,Towers with Radar,106,27,11,4,148,0,9,54,7,70,106,36,65,11,218,0,0,0,218
10/05/2012,RNO,NV,AWP,WE,Towers with Radar,112,24,19,3,158,0,3,59,0,62,112,27,78,3,220,0,0,0,220
10/06/2012,RNO,NV,AWP,WE,Towers with Radar,81,27,14,4,126,0,7,41,0,48,81,34,55,4,174,6,0,6,180
10/07/2012,RNO,NV,AWP,WE,Towers with Radar,91,26,12,0,129,0,2,54,3,59,91,28,66,3,188,0,0,0,188
10/08/2012,RNO,NV,AWP,WE,Towers with Radar,101,26,15,3,145,0,6,33,0,39,101,32,48,3,184,0,0,0,184
10/09/2012,RNO,NV,AWP,WE,Towers with Radar,111,29,20,2,162,0,7,32,4,43,111,36,52,6,205,0,0,0,205
10/10/2012,RNO,NV,AWP,WE,Towers with Radar,111,22,23,1,157,0,3,49,3,55,111,25,72,4,212,2,2,4,216
10/11/2012,RNO,NV,AWP,WE,Towers with Radar,106,26,22,4,158,0,5,22,3,30,106,31,44,7,188,6,0,6,194
10/12/2012,RNO,NV,AWP,WE,Towers with Radar,110,34,21,6,171,0,4,24,6,34,110,38,45,12,205,2,6,8,213
10/13/2012,RNO,NV,AWP,WE,Towers with Radar,81,25,19,3,128,0,1,54,10,65,81,26,73,13,193,36,0,36,229
10/14/2012,RNO,NV,AWP,WE,Towers with Radar,92,23,27,4,146,0,4,43,8,55,92,27,70,12,201,2,4,6,207
10/15/2012,RNO,NV,AWP,WE,Towers with Radar,103,26,9,2,140,0,1,26,8,35,103,27,35,10,175,8,0,8,183
10/16/2012,RNO,NV,AWP,WE,Towers with Radar,107,21,10,4,142,0,6,26,4,36,107,27,36,8,178,16,0,16,194
10/17/2012,RNO,NV,AWP,WE,Towers with Radar,110,27,15,5,157,0,9,45,1,55,110,36,60,6,212,18,0,18,230
10/18/2012,RNO,NV,AWP,WE,Towers with Radar,109,26,17,1,153,0,18,46,3,67,109,44,63,4,220,0,0,0,220
10/19/2012,RNO,NV,AWP,WE,Towers with Radar,109,27,13,2,151,0,3,56,0,59,109,30,69,2,210,2,0,2,212
10/20/2012,RNO,NV,AWP,WE,Towers with Radar,81,26,10,0,117,0,4,39,0,43,81,30,49,0,160,20,0,20,180
10/21/2012,RNO,NV,AWP,WE,Towers with Radar,89,23,15,2,129,0,2,33,0,35,89,25,48,2,164,0,0,0,164
10/22/2012,RNO,NV,AWP,WE,Towers with Radar,110,29,14,0,153,0,2,5,0,7,110,31,19,0,160,0,0,0,160
10/23/2012,RNO,NV,AWP,WE,Towers with Radar,108,32,22,0,162,0,0,3,2,5,108,32,25,2,167,2,0,2,169
10/24/2012,RNO,NV,AWP,WE,Towers with Radar,108,30,26,3,167,0,3,18,0,21,108,33,44,3,188,0,0,0,188
10/25/2012,RNO,NV,AWP,WE,Towers with Radar,110,26,21,2,159,0,4,46,5,55,110,30,67,7,214,6,0,6,220
10/26/2012,RNO,NV,AWP,WE,Towers with Radar,108,26,16,0,150,0,9,67,7,83,108,35,83,7,233,12,0,12,245
10/27/2012,RNO,NV,AWP,WE,Towers with Radar,83,26,13,1,123,0,0,42,2,44,83,26,55,3,167,14,0,14,181
10/28/2012,RNO,NV,AWP,WE,Towers with Radar,88,27,13,2,130,0,3,56,0,59,88,30,69,2,189,0,0,0,189
10/29/2012,RNO,NV,AWP,WE,Towers with Radar,103,23,9,9,144,0,5,34,2,41,103,28,43,11,185,22,4,26,211
10/30/2012,RNO,NV,AWP,WE,Towers with Radar,107,23,17,4,151,0,7,53,1,61,107,30,70,5,212,20,0,20,232
10/31/2012,RNO,NV,AWP,WE,Towers with Radar,100,27,19,2,148,0,6,28,2,36,100,33,47,4,184,16,0,16,200
11/01/2012,RNO,NV,AWP,WE,Towers with Radar,112,30,41,7,190,0,6,24,4,34,112,36,65,11,224,10,0,10,234
11/02/2012,RNO,NV,AWP,WE,Towers with Radar,107,29,16,2,154,0,4,56,4,64,107,33,72,6,218,14,0,14,232
11/03/2012,RNO,NV,AWP,WE,Towers with Radar,86,26,15,2,129,0,2,46,2,50,86,28,61,4,179,14,0,14,193
11/04/2012,RNO,NV,AWP,WE,Towers with Radar,89,23,16,6,134,0,6,53,1,60,89,29,69,7,194,28,0,28,222
11/05/2012,RNO,NV,AWP,WE,Towers with Radar,95,26,12,0,133,0,3,32,1,36,95,29,44,1,169,0,0,0,169
11/06/2012,RNO,NV,AWP,WE,Towers with Radar,93,22,12,2,129,0,5,62,2,69,93,27,74,4,198,12,0,12,210
11/07/2012,RNO,NV,AWP,WE,Towers with Radar,100,24,10,1,135,0,4,46,1,51,100,28,56,2,186,2,0,2,188
11/08/2012,RNO,NV,AWP,WE,Towers with Radar,106,26,16,9,157,0,4,11,0,15,106,30,27,9,172,0,0,0,172
11/09/2012,RNO,NV,AWP,WE,Towers with Radar,101,36,27,11,175,0,3,8,0,11,101,39,35,11,186,0,0,0,186
11/10/2012,RNO,NV,AWP,WE,Towers with Radar,80,17,23,4,124,0,2,9,0,11,80,19,32,4,135,32,0,32,167
11/11/2012,RNO,NV,AWP,WE,Towers with Radar,87,18,16,1,122,0,2,59,2,63,87,20,75,3,185,14,0,14,199
11/12/2012,RNO,NV,AWP,WE,Towers with Radar,96,27,18,4,145,0,4,51,0,55,96,31,69,4,200,0,0,0,200
11/13/2012,RNO,NV,AWP,WE,Towers with Radar,100,31,17,4,152,0,3,33,0,36,100,34,50,4,188,0,0,0,188
11/14/2012,RNO,NV,AWP,WE,Towers with Radar,100,23,22,5,150,0,4,48,2,54,100,27,70,7,204,0,0,0,204
11/15/2012,RNO,NV,AWP,WE,Towers with Radar,100,27,21,2,150,0,6,41,10,57,100,33,62,12,207,3,0,3,210
11/16/2012,RNO,NV,AWP,WE,Towers with Radar,106,30,27,7,170,0,2,11,4,17,106,32,38,11,187,14,0,14,201
11/17/2012,RNO,NV,AWP,WE,Towers with Radar,86,23,26,1,136,0,0,8,0,8,86,23,34,1,144,0,0,0,144
11/18/2012,RNO,NV,AWP,WE,Towers with Radar,86,27,34,2,149,0,2,8,2,12,86,29,42,4,161,0,0,0,161
11/19/2012,RNO,NV,AWP,WE,Towers with Radar,92,28,19,3,142,0,3,18,5,26,92,31,37,8,168,20,2,22,190
11/20/2012,RNO,NV,AWP,WE,Towers with Radar,102,23,28,1,154,0,1,8,0,9,102,24,36,1,163,0,0,0,163
11/21/2012,RNO,NV,AWP,WE,Towers with Radar,106,28,21,1,156,0,7,16,2,25,106,35,37,3,181,0,0,0,181
11/22/2012,RNO,NV,AWP,WE,Towers with Radar,60,17,6,0,83,0,2,19,0,21,60,19,25,0,104,2,0,2,106
11/23/2012,RNO,NV,AWP,WE,Towers with Radar,76,31,14,1,122,0,6,39,0,45,76,37,53,1,167,0,0,0,167
11/24/2012,RNO,NV,AWP,WE,Towers with Radar,83,23,18,0,124,0,6,42,0,48,83,29,60,0,172,22,0,22,194
11/25/2012,RNO,NV,AWP,WE,Towers with Radar,101,21,23,0,145,0,6,54,0,60,101,27,77,0,205,34,0,34,239
11/26/2012,RNO,NV,AWP,WE,Towers with Radar,99,26,12,0,137,0,6,33,0,39,99,32,45,0,176,0,0,0,176
11/27/2012,RNO,NV,AWP,WE,Towers with Radar,102,22,16,2,142,0,7,37,6,50,102,29,53,8,192,6,2,8,200
11/28/2012,RNO,NV,AWP,WE,Towers with Radar,104,28,13,6,151,0,0,7,2,9,104,28,20,8,160,0,26,26,186
11/29/2012,RNO,NV,AWP,WE,Towers with Radar,103,24,32,2,161,0,8,11,0,19,103,32,43,2,180,0,0,0,180
11/30/2012,RNO,NV,AWP,WE,Towers with Radar,107,29,29,1,166,0,0,1,0,1,107,29,30,1,167,4,0,4,171
12/01/2012,RNO,NV,AWP,WE,Towers with Radar,66,19,7,0,92,0,3,1,0,4,66,22,8,0,96,0,0,0,96
12/02/2012,RNO,NV,AWP,WE,Towers with Radar,91,17,10,1,119,0,2,2,0,4,91,19,12,1,123,0,0,0,123
12/03/2012,RNO,NV,AWP,WE,Towers with Radar,97,26,18,0,141,0,5,28,0,33,97,31,46,0,174,0,0,0,174
12/04/2012,RNO,NV,AWP,WE,Towers with Radar,97,31,24,8,160,0,1,8,0,9,97,32,32,8,169,36,0,36,205
12/05/2012,RNO,NV,AWP,WE,Towers with Radar,98,30,22,4,154,0,2,5,3,10,98,32,27,7,164,4,6,10,174
12/06/2012,RNO,NV,AWP,WE,Towers with Radar,102,32,9,1,144,0,2,23,6,31,102,34,32,7,175,2,9,11,186
12/07/2012,RNO,NV,AWP,WE,Towers with Radar,106,24,20,7,157,0,4,66,1,71,106,28,86,8,228,12,0,12,240
12/08/2012,RNO,NV,AWP,WE,Towers with Radar,85,19,15,0,119,0,2,61,2,65,85,21,76,2,184,36,0,36,220
12/09/2012,RNO,NV,AWP,WE,Towers with Radar,87,27,10,3,127,0,3,51,2,56,87,30,61,5,183,4,0,4,187
12/10/2012,RNO,NV,AWP,WE,Towers with Radar,101,21,15,3,140,0,8,31,0,39,101,29,46,3,179,8,0,8,187
12/11/2012,RNO,NV,AWP,WE,Towers with Radar,104,24,18,0,146,0,9,23,3,35,104,33,41,3,181,6,4,10,191
12/12/2012,RNO,NV,AWP,WE,Towers with Radar,113,24,41,9,187,0,5,11,4,20,113,29,52,13,207,14,4,18,225
12/13/2012,RNO,NV,AWP,WE,Towers with Radar,109,25,33,2,169,0,5,25,4,34,109,30,58,6,203,0,0,0,203
12/14/2012,RNO,NV,AWP,WE,Towers with Radar,107,29,30,8,174,0,3,25,0,28,107,32,55,8,202,30,0,30,232
12/15/2012,RNO,NV,AWP,WE,Towers with Radar,94,25,23,5,147,0,2,24,0,26,94,27,47,5,173,4,0,4,177
12/16/2012,RNO,NV,AWP,WE,Towers with Radar,92,26,30,8,156,0,3,10,1,14,92,29,40,9,170,2,0,2,172
12/17/2012,RNO,NV,AWP,WE,Towers with Radar,103,30,23,1,157,0,2,3,1,6,103,32,26,2,163,0,0,0,163
12/18/2012,RNO,NV,AWP,WE,Towers with Radar,111,24,27,1,163,0,4,16,5,25,111,28,43,6,188,2,6,8,196
12/19/2012,RNO,NV,AWP,WE,Towers with Radar,122,26,20,6,174,0,8,63,2,73,122,34,83,8,247,0,2,2,249
12/20/2012,RNO,NV,AWP,WE,Towers with Radar,120,29,17,6,172,0,3,28,1,32,120,32,45,7,204,0,0,0,204
12/21/2012,RNO,NV,AWP,WE,Towers with Radar,106,30,37,0,173,0,3,6,0,9,106,33,43,0,182,0,0,0,182
12/22/2012,RNO,NV,AWP,WE,Towers with Radar,99,32,23,0,154,0,0,1,0,1,99,32,24,0,155,0,0,0,155
12/23/2012,RNO,NV,AWP,WE,Towers with Radar,103,32,19,0,154,0,3,3,0,6,103,35,22,0,160,14,0,14,174
12/24/2012,RNO,NV,AWP,WE,Towers with Radar,84,33,8,0,125,0,5,27,0,32,84,38,35,0,157,38,0,38,195
12/25/2012,RNO,NV,AWP,WE,Towers with Radar,72,27,7,0,106,0,0,0,0,0,72,27,7,0,106,0,0,0,106
12/26/2012,RNO,NV,AWP,WE,Towers with Radar,107,40,47,4,198,0,1,2,0,3,107,41,49,4,201,6,0,6,207
12/27/2012,RNO,NV,AWP,WE,Towers with Radar,110,43,42,0,195,0,13,27,2,42,110,56,69,2,237,14,0,14,251
12/28/2012,RNO,NV,AWP,WE,Towers with Radar,111,36,34,3,184,0,5,28,1,34,111,41,62,4,218,0,0,0,218
12/29/2012,RNO,NV,AWP,WE,Towers with Radar,85,31,23,0,139,0,3,1,0,4,85,34,24,0,143,0,0,0,143
12/30/2012,RNO,NV,AWP,WE,Towers with Radar,88,32,27,0,147,0,2,1,0,3,88,34,28,0,150,0,0,0,150
12/31/2012,RNO,NV,AWP,WE,Towers with Radar,87,29,17,1,134,0,2,40,0,42,87,31,57,1,176,22,0,22,198
01/01/2013,RNO,NV,AWP,WE,Towers with Radar,77,26,24,0,127,0,5,27,0,32,77,31,51,0,159,0,0,0,159
01/02/2013,RNO,NV,AWP,WE,Towers with Radar,104,32,31,4,171,0,11,28,2,41,104,43,59,6,212,14,0,14,226
01/03/2013,RNO,NV,AWP,WE,Towers with Radar,106,32,24,0,162,0,5,44,3,52,106,37,68,3,214,6,26,32,246
01/04/2013,RNO,NV,AWP,WE,Towers with Radar,94,38,19,1,152,0,3,38,0,41,94,41,57,1,193,8,0,8,201
01/05/2013,RNO,NV,AWP,WE,Towers with Radar,83,20,16,6,125,0,3,39,0,42,83,23,55,6,167,4,0,4,171
01/06/2013,RNO,NV,AWP,WE,Towers with Radar,82,31,18,2,133,0,3,9,2,14,82,34,27,4,147,34,0,34,181
01/07/2013,RNO,NV,AWP,WE,Towers with Radar,90,33,10,2,135,0,2,22,1,25,90,35,32,3,160,8,0,8,168
01/08/2013,RNO,NV,AWP,WE,Towers with Radar,97,34,13,4,148,0,4,55,5,64,97,38,68,9,212,10,2,12,224
01/09/2013,RNO,NV,AWP,WE,Towers with Radar,99,28,24,1,152,0,6,29,0,35,99,34,53,1,187,10,0,10,197
01/10/2013,RNO,NV,AWP,WE,Towers with Radar,96,37,24,14,171,0,3,15,5,23,96,40,39,19,194,12,4,16,210
01/11/2013,RNO,NV,AWP,WE,Towers with Radar,92,33,26,6,157,0,1,13,3,17,92,34,39,9,174,18,2,20,194
01/12/2013,RNO,NV,AWP,WE,Towers with Radar,83,24,25,14,146,0,4,33,1,38,83,28,58,15,184,6,0,6,190
01/13/2013,RNO,NV,AWP,WE,Towers with Radar,77,30,15,12,134,0,4,36,13,53,77,34,51,25,187,0,4,4,191
01/14/2013,RNO,NV,AWP,WE,Towers with Radar,91,30,7,4,132,0,3,31,2,36,91,33,38,6,168,12,0,12,180
01/15/2013,RNO,NV,AWP,WE,Towers with Radar,94,24,19,8,145,0,2,25,1,28,94,26,44,9,173,2,0,2,175
01/16/2013,RNO,NV,AWP,WE,Towers with Radar,122,28,22,0,172,0,9,42,0,51,122,37,64,0,223,10,0,10,233
01/17/2013,RNO,NV,AWP,WE,Towers with Radar,94,34,28,1,157,0,3,17,4,24,94,37,45,5,181,0,0,0,181
01/18/2013,RNO,NV,AWP,WE,Towers with Radar,96,35,20,0,151,0,3,19,2,24,96,38,39,2,175,0,0,0,175
01/19/2013,RNO,NV,AWP,WE,Towers with Radar,77,25,18,2,122,0,7,28,3,38,77,32,46,5,160,28,0,28,188
01/20/2013,RNO,NV,AWP,WE,Towers with Radar,82,23,11,0,116,0,3,24,0,27,82,26,35,0,143,2,0,2,145
01/21/2013,RNO,NV,AWP,WE,Towers with Radar,92,35,23,0,150,0,5,43,0,48,92,40,66,0,198,0,0,0,198
01/22/2013,RNO,NV,AWP,WE,Towers with Radar,99,35,37,2,173,0,5,51,7,63,99,40,88,9,236,17,0,17,253
01/23/2013,RNO,NV,AWP,WE,Towers with Radar,101,49,66,2,218,0,8,23,2,33,101,57,89,4,251,0,0,0,251
01/24/2013,RNO,NV,AWP,WE,Towers with Radar,100,50,94,8,252,0,0,20,5,25,100,50,114,13,277,0,0,0,277
01/25/2013,RNO,NV,AWP,WE,Towers with Radar,93,48,96,23,260,0,1,12,0,13,93,49,108,23,273,6,4,10,283
01/26/2013,RNO,NV,AWP,WE,Towers with Radar,76,30,56,4,166,0,6,20,3,29,76,36,76,7,195,0,2,2,197
01/27/2013,RNO,NV,AWP,WE,Towers with Radar,78,36,53,15,182,0,0,5,4,9,78,36,58,19,191,6,6,12,203
01/28/2013,RNO,NV,AWP,WE,Towers with Radar,90,36,29,3,158,0,2,16,3,21,90,38,45,6,179,0,0,0,179
01/29/2013,RNO,NV,AWP,WE,Towers with Radar,96,26,22,3,147,0,3,17,0,20,96,29,39,3,167,2,0,2,169
01/30/2013,RNO,NV,AWP,WE,Towers with Radar,101,27,20,2,150,0,9,47,2,58,101,36,67,4,208,6,0,6,214
01/31/2013,RNO,NV,AWP,WE,Towers with Radar,98,32,31,4,165,0,7,69,13,89,98,39,100,17,254,2,5,7,261
02/01/2013,RNO,NV,AWP,WE,Towers with Radar,98,30,24,3,155,0,6,42,0,48,98,36,66,3,203,0,0,0,203
02/02/2013,RNO,NV,AWP,WE,Towers with Radar,82,27,29,3,141,0,2,67,0,69,82,29,96,3,210,6,0,6,216
02/03/2013,RNO,NV,AWP,WE,Towers with Radar,83,36,29,1,149,0,2,47,0,49,83,38,76,1,198,4,0,4,202
02/04/2013,RNO,NV,AWP,WE,Towers with Radar,90,30,23,1,144,0,8,34,0,42,90,38,57,1,186,10,0,10,196
02/05/2013,RNO,NV,AWP,WE,Towers with Radar,108,28,15,2,153,0,5,32,0,37,108,33,47,2,190,2,0,2,192
02/06/2013,RNO,NV,AWP,WE,Towers with Radar,97,34,23,0,154,0,3,47,1,51,97,37,70,1,205,0,0,0,205
02/07/2013,RNO,NV,AWP,WE,Towers with Radar,95,44,29,2,170,0,6,14,3,23,95,50,43,5,193,0,0,0,193
02/08/2013,RNO,NV,AWP,WE,Towers with Radar,99,43,24,3,169,0,0,12,0,12,99,43,36,3,181,35,0,35,216
02/09/2013,RNO,NV,AWP,WE,Towers with Radar,81,28,9,1,119,0,4,45,0,49,81,32,54,1,168,10,0,10,178
02/10/2013,RNO,NV,AWP,WE,Towers with Radar,82,33,27,7,149,0,6,36,0,42,82,39,63,7,191,48,0,48,239
02/11/2013,RNO,NV,AWP,WE,Towers with Radar,93,26,15,0,134,0,3,30,0,33,93,29,45,0,167,18,0,18,185
02/12/2013,RNO,NV,AWP,WE,Towers with Radar,96,25,14,3,138,0,13,41,3,57,96,38,55,6,195,16,0,16,211
02/13/2013,RNO,NV,AWP,WE,Towers with Radar,97,27,20,6,150,0,6,32,2,40,97,33,52,8,190,0,6,6,196
02/14/2013,RNO,NV,AWP,WE,Towers with Radar,98,33,18,3,152,0,6,46,3,55,98,39,64,6,207,12,0,12,219
02/15/2013,RNO,NV,AWP,WE,Towers with Radar,107,42,21,4,174,0,5,59,0,64,107,47,80,4,238,52,2,54,292
02/16/2013,RNO,NV,AWP,WE,Towers with Radar,87,26,15,3,131,0,2,57,1,60,87,28,72,4,191,36,0,36,227
02/17/2013,RNO,NV,AWP,WE,Towers with Radar,88,28,15,0,131,0,2,46,0,48,88,30,61,0,179,4,0,4,183
02/18/2013,RNO,NV,AWP,WE,Towers with Radar,94,42,29,1,166,0,6,36,0,42,94,48,65,1,208,0,0,0,208
02/19/2013,RNO,NV,AWP,WE,Towers with Radar,99,38,15,1,153,0,1,12,1,14,99,39,27,2,167,0,0,0,167
02/20/2013,RNO,NV,AWP,WE,Towers with Radar,98,30,18,0,146,0,6,31,7,44,98,36,49,7,190,4,0,4,194
02/21/2013,RNO,NV,AWP,WE,Towers with Radar,98,27,20,8,153,0,5,31,10,46,98,32,51,18,199,4,12,16,215
02/22/2013,RNO,NV,AWP,WE,Towers with Radar,101,34,20,3,158,0,4,40,2,46,101,38,60,5,204,0,0,0,204
02/23/2013,RNO,NV,AWP,WE,Towers with Radar,81,31,10,0,122,0,1,10,0,11,81,32,20,0,133,0,0,0,133
02/24/2013,RNO,NV,AWP,WE,Towers with Radar,84,32,10,4,130,0,1,55,1,57,84,33,65,5,187,21,0,21,208
02/25/2013,RNO,NV,AWP,WE,Towers with Radar,92,29,21,2,144,0,5,33,0,38,92,34,54,2,182,0,0,0,182
02/26/2013,RNO,NV,AWP,WE,Towers with Radar,96,25,11,7,139,0,5,38,4,47,96,30,49,11,186,6,8,14,200
02/27/2013,RNO,NV,AWP,WE,Towers with Radar,99,35,31,0,165,0,13,57,1,71,99,48,88,1,236,24,0,24,260
02/28/2013,RNO,NV,AWP,WE,Towers with Radar,98,33,21,2,154,0,8,29,1,38,98,41,50,3,192,2,0,2,194
03/01/2013,RNO,NV,AWP,WE,Towers with Radar,104,32,23,2,161,0,6,63,2,71,104,38,86,4,232,14,0,14,246
03/02/2013,RNO,NV,AWP,WE,Towers with Radar,82,27,24,0,133,0,2,48,0,50,82,29,72,0,183,4,0,4,187
03/03/2013,RNO,NV,AWP,WE,Towers with Radar,91,26,23,2,142,0,0,9,0,9,91,26,32,2,151,10,0,10,161
03/04/2013,RNO,NV,AWP,WE,Towers with Radar,94,35,17,1,147,0,1,37,2,40,94,36,54,3,187,4,0,4,191
03/05/2013,RNO,NV,AWP,WE,Towers with Radar,101,27,15,2,145,0,4,8,2,14,101,31,23,4,159,4,0,4,163
03/06/2013,RNO,NV,AWP,WE,Towers with Radar,101,35,24,2,162,0,0,8,10,18,101,35,32,12,180,2,0,2,182
03/07/2013,RNO,NV,AWP,WE,Towers with Radar,104,38,26,1,169,0,1,9,1,11,104,39,35,2,180,0,0,0,180
03/08/2013,RNO,NV,AWP,WE,Towers with Radar,104,49,36,0,189,0,3,22,1,26,104,52,58,1,215,26,0,26,241
03/09/2013,RNO,NV,AWP,WE,Towers with Radar,89,27,7,3,126,0,2,61,4,67,89,29,68,7,193,0,0,0,193
03/10/2013,RNO,NV,AWP,WE,Towers with Radar,94,30,14,4,142,0,0,54,0,54,94,30,68,4,196,18,2,20,216
03/11/2013,RNO,NV,AWP,WE,Towers with Radar,95,30,28,1,154,0,8,45,2,55,95,38,73,3,209,0,0,0,209
03/12/2013,RNO,NV,AWP,WE,Towers with Radar,105,29,19,1,154,0,5,35,1,41,105,34,54,2,195,2,2,4,199
03/13/2013,RNO,NV,AWP,WE,Towers with Radar,101,27,15,0,143,0,4,62,5,71,101,31,77,5,214,22,8,30,244
03/14/2013,RNO,NV,AWP,WE,Towers with Radar,103,33,18,10,164,0,7,39,4,50,103,40,57,14,214,0,12,12,226
03/15/2013,RNO,NV,AWP,WE,Towers with Radar,102,32,12,7,153,0,6,61,0,67,102,38,73,7,220,16,0,16,236
03/16/2013,RNO,NV,AWP,WE,Towers with Radar,90,28,9,11,138,0,0,60,1,61,90,28,69,12,199,38,0,38,237
03/17/2013,RNO,NV,AWP,WE,Towers with Radar,99,20,12,2,133,0,4,71,1,76,99,24,83,3,209,24,2,26,235
03/18/2013,RNO,NV,AWP,WE,Towers with Radar,95,32,18,2,147,0,6,57,3,66,95,38,75,5,213,0,2,2,215
03/19/2013,RNO,NV,AWP,WE,Towers with Radar,101,38,26,4,169,0,7,29,4,40,101,45,55,8,209,34,0,34,243
03/20/2013,RNO,NV,AWP,WE,Towers with Radar,103,28,19,2,152,0,1,6,0,7,103,29,25,2,159,10,0,10,169
03/21/2013,RNO,NV,AWP,WE,Towers with Radar,104,36,16,4,160,0,8,56,7,71,104,44,72,11,231,0,8,8,239
03/22/2013,RNO,NV,AWP,WE,Towers with Radar,105,32,24,5,166,0,5,54,4,63,105,37,78,9,229,26,0,26,255
03/23/2013,RNO,NV,AWP,WE,Towers with Radar,92,29,7,4,132,0,2,58,0,60,92,31,65,4,192,12,2,14,206
03/24/2013,RNO,NV,AWP,WE,Towers with Radar,95,23,8,1,127,0,2,62,1,65,95,25,70,2,192,0,0,0,192
03/25/2013,RNO,NV,AWP,WE,Towers with Radar,101,30,15,0,146,0,4,49,1,54,101,34,64,1,200,8,0,8,208
03/26/2013,RNO,NV,AWP,WE,Towers with Radar,103,29,21,0,153,0,4,31,4,39,103,33,52,4,192,4,0,4,196
03/27/2013,RNO,NV,AWP,WE,Towers with Radar,101,26,22,3,152,0,1,43,1,45,101,27,65,4,197,0,0,0,197
03/28/2013,RNO,NV,AWP,WE,Towers with Radar,98,31,27,4,160,0,4,23,3,30,98,35,50,7,190,20,0,20,210
03/29/2013,RNO,NV,AWP,WE,Towers with Radar,102,33,21,3,159,0,4,45,1,50,102,37,66,4,209,0,0,0,209
03/30/2013,RNO,NV,AWP,WE,Towers with Radar,87,26,5,5,123,0,5,40,1,46,87,31,45,6,169,27,0,27,196
03/31/2013,RNO,NV,AWP,WE,Towers with Radar,86,30,14,4,134,0,1,6,0,7,86,31,20,4,141,0,0,0,141
04/01/2013,RNO,NV,AWP,WE,Towers with Radar,94,36,19,2,151,0,5,12,0,17,94,41,31,2,168,34,0,34,202
04/02/2013,RNO,NV,AWP,WE,Towers with Radar,102,26,21,1,150,0,5,42,4,51,102,31,63,5,201,2,0,2,203
04/03/2013,RNO,NV,AWP,WE,Towers with Radar,96,35,16,2,149,0,3,63,3,69,96,38,79,5,218,4,0,4,222
04/04/2013,RNO,NV,AWP,WE,Towers with Radar,106,39,25,2,172,0,3,7,1,11,106,42,32,3,183,0,0,0,183
04/05/2013,RNO,NV,AWP,WE,Towers with Radar,101,31,23,1,156,0,4,35,3,42,101,35,58,4,198,24,0,24,222
04/06/2013,RNO,NV,AWP,WE,Towers with Radar,90,26,10,0,126,0,1,27,0,28,90,27,37,0,154,0,0,0,154
04/07/2013,RNO,NV,AWP,WE,Towers with Radar,93,25,17,0,135,0,0,6,0,6,93,25,23,0,141,4,0,4,145
04/08/2013,RNO,NV,AWP,WE,Towers with Radar,93,39,21,0,153,0,0,5,0,5,93,39,26,0,158,0,0,0,158
04/09/2013,RNO,NV,AWP,WE,Towers with Radar,100,28,11,0,139,0,10,24,1,35,100,38,35,1,174,2,0,2,176
04/10/2013,RNO,NV,AWP,WE,Towers with Radar,94,23,7,2,126,0,5,30,2,37,94,28,37,4,163,12,0,12,175
04/11/2013,RNO,NV,AWP,WE,Towers with Radar,101,36,18,3,158,0,1,41,3,45,101,37,59,6,203,2,2,4,207
04/12/2013,RNO,NV,AWP,WE,Towers with Radar,102,28,17,1,148,0,7,70,5,82,102,35,87,6,230,0,0,0,230
04/13/2013,RNO,NV,AWP,WE,Towers with Radar,86,15,11,0,112,0,0,29,1,30,86,15,40,1,142,0,0,0,142
04/14/2013,RNO,NV,AWP,WE,Towers with Radar,95,22,15,1,133,4,0,31,1,36,99,22,46,2,169,0,0,0,169
04/15/2013,RNO,NV,AWP,WE,Towers with Radar,97,30,16,0,143,0,1,8,1,10,97,31,24,1,153,0,0,0,153
04/16/2013,RNO,NV,AWP,WE,Towers with Radar,109,29,22,5,165,0,2,7,5,14,109,31,29,10,179,2,0,2,181
04/17/2013,RNO,NV,AWP,WE,Towers with Radar,103,28,26,1,158,0,4,37,2,43,103,32,63,3,201,44,0,44,245
04/18/2013,RNO,NV,AWP,WE,Towers with Radar,103,29,24,0,156,0,5,52,1,58,103,34,76,1,214,0,0,0,214
04/19/2013,RNO,NV,AWP,WE,Towers with Radar,110,24,15,3,152,0,6,29,0,35,110,30,44,3,187,8,0,8,195
04/20/2013,RNO,NV,AWP,WE,Towers with Radar,87,18,14,1,120,0,1,51,2,54,87,19,65,3,174,20,0,20,194
04/21/2013,RNO,NV,AWP,WE,Towers with Radar,98,17,19,4,138,0,2,59,5,66,98,19,78,9,204,0,0,0,204
04/22/2013,RNO,NV,AWP,WE,Towers with Radar,98,27,16,0,141,0,10,40,0,50,98,37,56,0,191,0,0,0,191
04/23/2013,RNO,NV,AWP,WE,Towers with Radar,109,25,14,0,148,0,4,26,7,37,109,29,40,7,185,0,4,4,189
04/24/2013,RNO,NV,AWP,WE,Towers with Radar,109,22,27,0,158,0,4,42,6,52,109,26,69,6,210,0,0,0,210
04/25/2013,RNO,NV,AWP,WE,Towers with Radar,109,27,27,5,168,0,5,58,4,67,109,32,85,9,235,10,0,10,245
04/26/2013,RNO,NV,AWP,WE,Towers with Radar,109,28,17,0,154,0,2,56,6,64,109,30,73,6,218,8,10,18,236
04/27/2013,RNO,NV,AWP,WE,Towers with Radar,87,21,15,0,123,0,4,56,0,60,87,25,71,0,183,8,0,8,191
04/28/2013,RNO,NV,AWP,WE,Towers with Radar,93,25,19,0,137,0,4,76,0,80,93,29,95,0,217,0,0,0,217
04/29/2013,RNO,NV,AWP,WE,Towers with Radar,103,26,4,0,133,2,9,40,0,51,105,35,44,0,184,0,0,0,184
04/30/2013,RNO,NV,AWP,WE,Towers with Radar,105,26,10,5,146,0,8,40,8,56,105,34,50,13,202,16,0,16,218
05/01/2013,RNO,NV,AWP,WE,Towers with Radar,100,28,16,3,147,0,9,59,5,73,100,37,75,8,220,8,6,14,234
05/02/2013,RNO,NV,AWP,WE,Towers with Radar,103,29,15,1,148,0,6,60,4,70,103,35,75,5,218,24,4,28,246
05/03/2013,RNO,NV,AWP,WE,Towers with Radar,107,33,13,0,153,0,8,49,4,61,107,41,62,4,214,6,6,12,226
05/04/2013,RNO,NV,AWP,WE,Towers with Radar,89,24,9,0,122,0,5,31,0,36,89,29,40,0,158,0,0,0,158
05/05/2013,RNO,NV,AWP,WE,Towers with Radar,91,25,17,2,135,0,0,19,0,19,91,25,36,2,154,0,0,0,154
05/06/2013,RNO,NV,AWP,WE,Towers with Radar,101,25,19,1,146,0,2,12,0,14,101,27,31,1,160,4,0,4,164
05/07/2013,RNO,NV,AWP,WE,Towers with Radar,104,31,31,4,170,0,0,5,2,7,104,31,36,6,177,0,0,0,177
05/08/2013,RNO,NV,AWP,WE,Towers with Radar,103,30,21,0,154,0,0,12,2,14,103,30,33,2,168,22,0,22,190
05/09/2013,RNO,NV,AWP,WE,Towers with Radar,105,26,12,3,146,0,4,45,5,54,105,30,57,8,200,24,0,24,224
05/10/2013,RNO,NV,AWP,WE,Towers with Radar,106,25,14,1,146,0,3,58,10,71,106,28,72,11,217,14,2,16,233
05/11/2013,RNO,NV,AWP,WE,Towers with Radar,83,19,9,0,111,0,5,59,0,64,83,24,68,0,175,12,0,12,187
05/12/2013,RNO,NV,AWP,WE,Towers with Radar,89,25,21,0,135,0,3,47,0,50,89,28,68,0,185,8,0,8,193
05/13/2013,RNO,NV,AWP,WE,Towers with Radar,101,29,19,1,150,0,7,29,1,37,101,36,48,2,187,2,0,2,189
05/14/2013,RNO,NV,AWP,WE,Towers with Radar,105,27,22,0,154,0,5,38,5,48,105,32,60,5,202,12,2,14,216
05/15/2013,RNO,NV,AWP,WE,Towers with Radar,101,25,15,0,141,0,6,46,6,58,101,31,61,6,199,2,0,2,201
05/16/2013,RNO,NV,AWP,WE,Towers with Radar,106,33,9,7,155,0,5,28,0,33,106,38,37,7,188,0,0,0,188
05/17/2013,RNO,NV,AWP,WE,Towers with Radar,106,30,13,5,154,0,10,48,0,58,106,40,61,5,212,6,0,6,218
05/18/2013,RNO,NV,AWP,WE,Towers with Radar,85,24,16,5,130,0,4,46,7,57,85,28,62,12,187,18,0,18,205
05/19/2013,RNO,NV,AWP,WE,Towers with Radar,90,25,16,6,137,0,0,35,1,36,90,25,51,7,173,28,0,28,201
05/20/2013,RNO,NV,AWP,WE,Towers with Radar,103,26,15,4,148,0,6,22,1,29,103,32,37,5,177,20,18,38,215
05/21/2013,RNO,NV,AWP,WE,Towers with Radar,105,24,20,0,149,0,6,15,0,21,105,30,35,0,170,0,0,0,170
05/22/2013,RNO,NV,AWP,WE,Towers with Radar,104,20,17,4,145,0,6,34,4,44,104,26,51,8,189,0,0,0,189
05/23/2013,RNO,NV,AWP,WE,Towers with Radar,107,28,21,0,156,0,7,44,4,55,107,35,65,4,211,19,0,19,230
05/24/2013,RNO,NV,AWP,WE,Towers with Radar,104,35,18,0,157,0,8,50,0,58,104,43,68,0,215,10,0,10,225
05/25/2013,RNO,NV,AWP,WE,Towers with Radar,77,21,14,0,112,0,9,53,0,62,77,30,67,0,174,14,0,14,188
05/26/2013,RNO,NV,AWP,WE,Towers with Radar,75,18,14,0,107,0,6,29,1,36,75,24,43,1,143,0,0,0,143
05/27/2013,RNO,NV,AWP,WE,Towers with Radar,90,26,22,0,138,0,5,27,0,32,90,31,49,0,170,4,0,4,174
05/28/2013,RNO,NV,AWP,WE,Towers with Radar,101,22,22,0,145,0,5,34,2,41,101,27,56,2,186,6,6,12,198
05/29/2013,RNO,NV,AWP,WE,Towers with Radar,105,26,12,1,144,0,3,42,4,49,105,29,54,5,193,14,0,14,207
05/30/2013,RNO,NV,AWP,WE,Towers with Radar,107,26,32,3,168,0,6,49,8,63,107,32,81,11,231,6,0,6,237
05/31/2013,RNO,NV,AWP,WE,Towers with Radar,110,32,20,2,164,0,2,45,2,49,110,34,65,4,213,8,0,8,221
06/01/2013,RNO,NV,AWP,WE,Towers with Radar,83,16,8,2,109,0,7,52,0,59,83,23,60,2,168,0,0,0,168
06/02/2013,RNO,NV,AWP,WE,Towers with Radar,94,20,25,0,139,0,9,47,0,56,94,29,72,0,195,6,0,6,201
06/03/2013,RNO,NV,AWP,WE,Towers with Radar,99,30,14,1,144,0,13,55,1,69,99,43,69,2,213,0,0,0,213
06/04/2013,RNO,NV,AWP,WE,Towers with Radar,104,26,14,6,150,0,8,60,7,75,104,34,74,13,225,0,0,0,225
06/05/2013,RNO,NV,AWP,WE,Towers with Radar,103,24,20,0,147,0,12,29,3,44,103,36,49,3,191,10,0,10,201
06/06/2013,RNO,NV,AWP,WE,Towers with Radar,105,32,19,2,158,0,6,39,3,48,105,38,58,5,206,8,2,10,216
06/07/2013,RNO,NV,AWP,WE,Towers with Radar,107,40,18,2,167,0,12,44,2,58,107,52,62,4,225,8,0,8,233
06/08/2013,RNO,NV,AWP,WE,Towers with Radar,94,20,9,2,125,0,7,64,0,71,94,27,73,2,196,62,0,62,258
06/09/2013,RNO,NV,AWP,WE,Towers with Radar,101,25,21,3,150,0,6,37,0,43,101,31,58,3,193,34,2,36,229
06/10/2013,RNO,NV,AWP,WE,Towers with Radar,109,34,16,1,160,0,7,21,2,30,109,41,37,3,190,8,0,8,198
06/11/2013,RNO,NV,AWP,WE,Towers with Radar,106,37,35,1,179,0,6,24,9,39,106,43,59,10,218,10,0,10,228
06/12/2013,RNO,NV,AWP,WE,Towers with Radar,105,25,19,2,151,0,10,32,3,45,105,35,51,5,196,12,0,12,208
06/13/2013,RNO,NV,AWP,WE,Towers with Radar,110,38,24,2,174,0,6,44,6,56,110,44,68,8,230,18,0,18,248
06/14/2013,RNO,NV,AWP,WE,Towers with Radar,121,29,35,3,188,0,5,66,5,76,121,34,101,8,264,40,14,54,318
06/15/2013,RNO,NV,AWP,WE,Towers with Radar,100,27,11,1,139,0,1,51,6,58,100,28,62,7,197,42,0,42,239
06/16/2013,RNO,NV,AWP,WE,Towers with Radar,102,39,15,3,159,0,3,40,0,43,102,42,55,3,202,0,0,0,202
06/17/2013,RNO,NV,AWP,WE,Towers with Radar,93,38,10,0,141,0,3,45,0,48,93,41,55,0,189,2,0,2,191
06/18/2013,RNO,NV,AWP,WE,Towers with Radar,107,37,18,1,163,0,8,29,2,39,107,45,47,3,202,4,2,6,208
06/19/2013,RNO,NV,AWP,WE,Towers with Radar,105,30,12,0,147,0,2,20,8,30,105,32,32,8,177,18,2,20,197
06/20/2013,RNO,NV,AWP,WE,Towers with Radar,110,30,21,0,161,0,7,56,6,69,110,37,77,6,230,16,2,18,248
06/21/2013,RNO,NV,AWP,WE,Towers with Radar,107,37,18,1,163,0,4,61,1,66,107,41,79,2,229,0,0,0,229
06/22/2013,RNO,NV,AWP,WE,Towers with Radar,103,24,14,3,144,0,7,53,0,60,103,31,67,3,204,0,0,0,204
06/23/2013,RNO,NV,AWP,WE,Towers with Radar,100,31,25,3,159,0,1,41,3,45,100,32,66,6,204,14,0,14,218
06/24/2013,RNO,NV,AWP,WE,Towers with Radar,102,43,18,2,165,0,3,5,1,9,102,46,23,3,174,20,0,20,194
06/25/2013,RNO,NV,AWP,WE,Towers with Radar,108,52,33,7,200,0,1,4,1,6,108,53,37,8,206,0,4,4,210
06/26/2013,RNO,NV,AWP,WE,Towers with Radar,105,34,23,0,162,0,3,39,6,48,105,37,62,6,210,0,0,0,210
06/27/2013,RNO,NV,AWP,WE,Towers with Radar,110,32,46,2,190,0,3,74,2,79,110,35,120,4,269,2,2,4,273
06/28/2013,RNO,NV,AWP,WE,Towers with Radar,103,30,23,2,158,0,6,64,3,73,103,36,87,5,231,6,0,6,237
06/29/2013,RNO,NV,AWP,WE,Towers with Radar,112,25,17,1,155,0,2,56,0,58,112,27,73,1,213,12,1,13,226
06/30/2013,RNO,NV,AWP,WE,Towers with Radar,98,27,17,1,143,0,6,50,0,56,98,33,67,1,199,4,0,4,203
07/01/2013,RNO,NV,AWP,WE,Towers with Radar,97,40,20,0,157,0,3,34,0,37,97,43,54,0,194,20,0,20,214
07/02/2013,RNO,NV,AWP,WE,Towers with Radar,102,35,19,1,157,0,3,27,2,32,102,38,46,3,189,2,1,3,192
07/03/2013,RNO,NV,AWP,WE,Towers with Radar,103,42,16,1,162,0,4,31,2,37,103,46,47,3,199,0,0,0,199
07/04/2013,RNO,NV,AWP,WE,Towers with Radar,72,36,4,0,112,0,4,30,1,35,72,40,34,1,147,34,0,34,181
07/05/2013,RNO,NV,AWP,WE,Towers with Radar,93,33,14,0,140,0,4,29,0,33,93,37,43,0,173,4,0,4,177
07/06/2013,RNO,NV,AWP,WE,Towers with Radar,96,30,11,2,139,0,3,49,1,53,96,33,60,3,192,18,0,18,210
07/07/2013,RNO,NV,AWP,WE,Towers with Radar,104,23,28,1,156,0,1,44,1,46,104,24,72,2,202,0,0,0,202
07/08/2013,RNO,NV,AWP,WE,Towers with Radar,104,38,25,3,170,0,4,31,0,35,104,42,56,3,205,16,0,16,221
07/09/2013,RNO,NV,AWP,WE,Towers with Radar,107,24,30,4,165,0,7,63,4,74,107,31,93,8,239,16,2,18,257
07/10/2013,RNO,NV,AWP,WE,Towers with Radar,105,30,23,0,158,0,5,31,7,43,105,35,54,7,201,6,2,8,209
07/11/2013,RNO,NV,AWP,WE,Towers with Radar,111,29,26,1,167,0,3,40,3,46,111,32,66,4,213,4,2,6,219
07/12/2013,RNO,NV,AWP,WE,Towers with Radar,109,37,13,4,163,0,5,52,0,57,109,42,65,4,220,20,0,20,240
07/13/2013,RNO,NV,AWP,WE,Towers with Radar,98,23,13,0,134,0,4,54,0,58,98,27,67,0,192,10,0,10,202
07/14/2013,RNO,NV,AWP,WE,Towers with Radar,98,31,19,3,151,0,1,49,0,50,98,32,68,3,201,0,0,0,201
07/15/2013,RNO,NV,AWP,WE,Towers with Radar,103,33,19,2,157,0,7,43,1,51,103,40,62,3,208,0,0,0,208
07/16/2013,RNO,NV,AWP,WE,Towers with Radar,109,35,20,2,166,0,7,41,1,49,109,42,61,3,215,20,0,20,235
07/17/2013,RNO,NV,AWP,WE,Towers with Radar,105,29,34,2,170,0,3,50,3,56,105,32,84,5,226,8,0,8,234
07/18/2013,RNO,NV,AWP,WE,Towers with Radar,110,42,23,4,179,0,9,58,5,72,110,51,81,9,251,2,0,2,253
07/19/2013,RNO,NV,AWP,WE,Towers with Radar,107,42,19,3,171,0,8,48,4,60,107,50,67,7,231,0,0,0,231
07/20/2013,RNO,NV,AWP,WE,Towers with Radar,97,31,20,2,150,0,1,36,0,37,97,32,56,2,187,8,0,8,195
07/21/2013,RNO,NV,AWP,WE,Towers with Radar,97,37,21,0,155,0,4,71,0,75,97,41,92,0,230,8,0,8,238
07/22/2013,RNO,NV,AWP,WE,Towers with Radar,99,35,21,2,157,0,5,25,1,31,99,40,46,3,188,0,0,0,188
07/23/2013,RNO,NV,AWP,WE,Towers with Radar,108,33,21,1,163,0,3,48,4,55,108,36,69,5,218,8,0,8,226
07/24/2013,RNO,NV,AWP,WE,Towers with Radar,106,34,19,3,162,0,5,56,3,64,106,39,75,6,226,16,6,22,248
07/25/2013,RNO,NV,AWP,WE,Towers with Radar,111,35,26,0,172,0,9,39,3,51,111,44,65,3,223,18,0,18,241
07/26/2013,RNO,NV,AWP,WE,Towers with Radar,109,48,26,4,187,0,2,46,0,48,109,50,72,4,235,20,0,20,255
07/27/2013,RNO,NV,AWP,WE,Towers with Radar,96,37,19,7,159,0,4,49,6,59,96,41,68,13,218,9,0,9,227
07/28/2013,RNO,NV,AWP,WE,Towers with Radar,101,37,26,5,169,0,4,43,2,49,101,41,69,7,218,0,0,0,218
07/29/2013,RNO,NV,AWP,WE,Towers with Radar,101,36,11,5,153,0,8,41,3,52,101,44,52,8,205,16,0,16,221
07/30/2013,RNO,NV,AWP,WE,Towers with Radar,107,40,14,5,166,0,1,36,10,47,107,41,50,15,213,8,0,8,221
07/31/2013,RNO,NV,AWP,WE,Towers with Radar,109,35,33,6,183,0,6,36,8,50,109,41,69,14,233,4,6,10,243
08/01/2013,RNO,NV,AWP,WE,Towers with Radar,111,35,25,3,174,0,13,41,4,58,111,48,66,7,232,2,0,2,234
08/02/2013,RNO,NV,AWP,WE,Towers with Radar,108,33,23,5,169,0,6,43,0,49,108,39,66,5,218,18,0,18,236
08/03/2013,RNO,NV,AWP,WE,Towers with Radar,97,31,21,5,154,0,4,50,0,54,97,35,71,5,208,10,0,10,218
08/04/2013,RNO,NV,AWP,WE,Towers with Radar,97,40,34,11,182,0,2,42,0,44,97,42,76,11,226,0,0,0,226
08/05/2013,RNO,NV,AWP,WE,Towers with Radar,100,38,29,2,169,0,7,51,1,59,100,45,80,3,228,0,0,0,228
08/06/2013,RNO,NV,AWP,WE,Towers with Radar,107,40,18,2,167,0,11,56,6,73,107,51,74,8,240,26,2,28,268
08/07/2013,RNO,NV,AWP,WE,Towers with Radar,106,30,18,1,155,0,5,43,3,51,106,35,61,4,206,16,0,16,222
08/08/2013,RNO,NV,AWP,WE,Towers with Radar,109,39,32,1,181,0,5,66,5,76,109,44,98,6,257,32,6,38,295
08/09/2013,RNO,NV,AWP,WE,Towers with Radar,110,36,24,2,172,0,3,55,2,60,110,39,79,4,232,0,0,0,232
08/10/2013,RNO,NV,AWP,WE,Towers with Radar,94,28,21,2,145,0,2,42,1,45,94,30,63,3,190,6,0,6,196
08/11/2013,RNO,NV,AWP,WE,Towers with Radar,102,36,34,4,176,0,1,44,1,46,102,37,78,5,222,14,0,14,236
08/12/2013,RNO,NV,AWP,WE,Towers with Radar,101,41,13,3,158,0,13,49,2,64,101,54,62,5,222,18,0,18,240
08/13/2013,RNO,NV,AWP,WE,Towers with Radar,105,43,19,1,168,0,5,46,3,54,105,48,65,4,222,8,0,8,230
08/14/2013,RNO,NV,AWP,WE,Towers with Radar,116,36,13,1,166,0,6,53,2,61,116,42,66,3,227,12,0,12,239
08/15/2013,RNO,NV,AWP,WE,Towers with Radar,110,35,27,3,175,0,13,60,1,74,110,48,87,4,249,0,0,0,249
08/16/2013,RNO,NV,AWP,WE,Towers with Radar,107,37,29,4,177,0,4,54,3,61,107,41,83,7,238,2,0,2,240
08/17/2013,RNO,NV,AWP,WE,Towers with Radar,94,27,15,0,136,0,1,52,2,55,94,28,67,2,191,16,0,16,207
08/18/2013,RNO,NV,AWP,WE,Towers with Radar,98,31,33,4,166,0,2,56,3,61,98,33,89,7,227,0,0,0,227
08/19/2013,RNO,NV,AWP,WE,Towers with Radar,103,35,24,3,165,0,5,40,4,49,103,40,64,7,214,14,0,14,228
08/20/2013,RNO,NV,AWP,WE,Towers with Radar,103,26,21,4,154,0,4,32,1,37,103,30,53,5,191,14,2,16,207
08/21/2013,RNO,NV,AWP,WE,Towers with Radar,103,34,15,0,152,0,8,42,0,50,103,42,57,0,202,8,0,8,210
08/22/2013,RNO,NV,AWP,WE,Towers with Radar,109,34,38,9,190,0,1,28,0,29,109,35,66,9,219,4,0,4,223
08/23/2013,RNO,NV,AWP,WE,Towers with Radar,108,46,48,5,207,0,1,7,1,9,108,47,55,6,216,0,0,0,216
08/24/2013,RNO,NV,AWP,WE,Towers with Radar,92,35,43,5,175,0,6,22,0,28,92,41,65,5,203,0,0,0,203
08/25/2013,RNO,NV,AWP,WE,Towers with Radar,97,23,23,2,145,0,4,53,1,58,97,27,76,3,203,8,0,8,211
08/26/2013,RNO,NV,AWP,WE,Towers with Radar,94,40,28,1,163,0,1,61,1,63,94,41,89,2,226,0,0,0,226
08/27/2013,RNO,NV,AWP,WE,Towers with Radar,106,38,42,1,187,0,4,36,0,40,106,42,78,1,227,10,0,10,237
08/28/2013,RNO,NV,AWP,WE,Towers with Radar,102,26,46,5,179,0,9,74,0,83,102,35,120,5,262,2,0,2,264
08/29/2013,RNO,NV,AWP,WE,Towers with Radar,107,41,41,5,194,0,9,115,1,125,107,50,156,6,319,2,0,2,321
08/30/2013,RNO,NV,AWP,WE,Towers with Radar,116,29,26,6,177,0,5,83,3,91,116,34,109,9,268,0,0,0,268
08/31/2013,RNO,NV,AWP,WE,Towers with Radar,74,21,18,0,113,0,7,72,0,79,74,28,90,0,192,2,4,6,198
09/01/2013,RNO,NV,AWP,WE,Towers with Radar,83,29,48,0,160,0,1,133,0,134,83,30,181,0,294,14,0,14,308
09/02/2013,RNO,NV,AWP,WE,Towers with Radar,80,31,28,2,141,0,0,101,0,101,80,31,129,2,242,22,0,22,264
09/03/2013,RNO,NV,AWP,WE,Towers with Radar,104,27,20,1,152,0,4,29,4,37,104,31,49,5,189,12,0,12,201
09/04/2013,RNO,NV,AWP,WE,Towers with Radar,105,23,17,7,152,0,2,23,3,28,105,25,40,10,180,2,6,8,188
09/05/2013,RNO,NV,AWP,WE,Towers with Radar,112,25,27,2,166,0,8,26,12,46,112,33,53,14,212,22,0,22,234
09/06/2013,RNO,NV,AWP,WE,Towers with Radar,110,31,16,4,161,0,2,71,4,77,110,33,87,8,238,6,0,6,244
09/07/2013,RNO,NV,AWP,WE,Towers with Radar,92,23,15,6,136,0,1,69,13,83,92,24,84,19,219,16,0,16,235
09/08/2013,RNO,NV,AWP,WE,Towers with Radar,99,26,19,5,149,0,4,72,6,82,99,30,91,11,231,10,0,10,241
09/09/2013,RNO,NV,AWP,WE,Towers with Radar,101,27,13,4,145,0,7,45,3,55,101,34,58,7,200,0,0,0,200
09/10/2013,RNO,NV,AWP,WE,Towers with Radar,107,16,28,4,155,0,3,69,7,79,107,19,97,11,234,28,0,28,262
09/11/2013,RNO,NV,AWP,WE,Towers with Radar,108,26,43,0,177,0,3,59,5,67,108,29,102,5,244,12,0,12,256
09/12/2013,RNO,NV,AWP,WE,Towers with Radar,110,29,68,0,207,0,5,103,4,112,110,34,171,4,319,8,2,10,329
09/13/2013,RNO,NV,AWP,WE,Towers with Radar,116,31,48,2,197,0,5,153,3,161,116,36,201,5,358,0,0,0,358
09/14/2013,RNO,NV,AWP,WE,Towers with Radar,97,20,31,2,150,0,6,121,2,129,97,26,152,4,279,6,0,6,285
09/15/2013,RNO,NV,AWP,WE,Towers with Radar,101,29,55,1,186,0,2,177,3,182,101,31,232,4,368,0,0,0,368
09/16/2013,RNO,NV,AWP,WE,Towers with Radar,101,28,48,2,179,0,9,142,2,153,101,37,190,4,332,2,0,2,334
09/17/2013,RNO,NV,AWP,WE,Towers with Radar,107,21,20,0,148,0,2,24,5,31,107,23,44,5,179,6,0,6,185
09/18/2013,RNO,NV,AWP,WE,Towers with Radar,108,24,19,0,151,2,6,57,3,68,110,30,76,3,219,10,2,12,231
09/19/2013,RNO,NV,AWP,WE,Towers with Radar,111,23,22,0,156,0,3,48,2,53,111,26,70,2,209,18,0,18,227
09/20/2013,RNO,NV,AWP,WE,Towers with Radar,106,28,24,4,162,0,4,40,3,47,106,32,64,7,209,4,0,4,213
09/21/2013,RNO,NV,AWP,WE,Towers with Radar,94,23,17,3,137,0,2,15,2,19,94,25,32,5,156,0,0,0,156
09/22/2013,RNO,NV,AWP,WE,Towers with Radar,100,22,20,0,142,0,1,52,1,54,100,23,72,1,196,0,0,0,196
09/23/2013,RNO,NV,AWP,WE,Towers with Radar,105,27,22,3,157,0,6,46,1,53,105,33,68,4,210,4,2,6,216
09/24/2013,RNO,NV,AWP,WE,Towers with Radar,105,16,25,1,147,0,3,16,0,19,105,19,41,1,166,0,0,0,166
09/25/2013,RNO,NV,AWP,WE,Towers with Radar,100,27,29,1,157,0,4,8,0,12,100,31,37,1,169,22,0,22,191
09/26/2013,RNO,NV,AWP,WE,Towers with Radar,104,30,29,2,165,0,3,15,2,20,104,33,44,4,185,0,0,0,185
09/27/2013,RNO,NV,AWP,WE,Towers with Radar,107,25,27,4,163,0,4,55,2,61,107,29,82,6,224,22,0,22,246
09/28/2013,RNO,NV,AWP,WE,Towers with Radar,88,16,10,3,117,0,3,55,4,62,88,19,65,7,179,6,0,6,185
09/29/2013,RNO,NV,AWP,WE,Towers with Radar,85,26,13,0,124,0,8,10,1,19,85,34,23,1,143,0,0,0,143
09/30/2013,RNO,NV,AWP,WE,Towers with Radar,91,28,23,2,144,0,6,36,3,45,91,34,59,5,189,12,0,12,201
10/01/2013,RNO,NV,AWP,WE,Towers with Radar,97,26,15,2,140,0,5,47,1,53,97,31,62,3,193,10,2,12,205
10/02/2013,RNO,NV,AWP,WE,Towers with Radar,98,23,21,0,142,0,3,38,0,41,98,26,59,0,183,26,0,26,209
10/03/2013,RNO,NV,AWP,WE,Towers with Radar,103,31,20,5,159,0,5,34,0,39,103,36,54,5,198,14,0,14,212
10/04/2013,RNO,NV,AWP,WE,Towers with Radar,98,28,11,2,139,0,3,31,0,34,98,31,42,2,173,0,0,0,173
10/05/2013,RNO,NV,AWP,WE,Towers with Radar,76,24,11,4,115,0,3,57,0,60,76,27,68,4,175,0,0,0,175
10/06/2013,RNO,NV,AWP,WE,Towers with Radar,89,33,16,0,138,0,3,47,0,50,89,36,63,0,188,4,0,4,192
10/07/2013,RNO,NV,AWP,WE,Towers with Radar,92,20,13,0,125,0,8,46,0,54,92,28,59,0,179,7,0,7,186
10/08/2013,RNO,NV,AWP,WE,Towers with Radar,99,27,24,0,150,0,3,45,0,48,99,30,69,0,198,10,0,10,208
10/09/2013,RNO,NV,AWP,WE,Towers with Radar,96,35,30,0,161,0,3,6,0,9,96,38,36,0,170,0,0,0,170
10/10/2013,RNO,NV,AWP,WE,Towers with Radar,99,30,17,0,146,0,1,51,0,52,99,31,68,0,198,10,0,10,208
10/11/2013,RNO,NV,AWP,WE,Towers with Radar,102,29,9,0,140,0,10,51,0,61,102,39,60,0,201,16,0,16,217
10/12/2013,RNO,NV,AWP,WE,Towers with Radar,72,21,12,0,105,0,7,19,0,26,72,28,31,0,131,24,0,24,155
10/13/2013,RNO,NV,AWP,WE,Towers with Radar,84,23,16,2,125,0,2,13,0,15,84,25,29,2,140,0,0,0,140
10/14/2013,RNO,NV,AWP,WE,Towers with Radar,92,23,16,0,131,0,2,50,0,52,92,25,66,0,183,10,0,10,193
10/15/2013,RNO,NV,AWP,WE,Towers with Radar,98,17,18,1,134,0,4,56,1,61,98,21,74,2,195,32,4,36,231
10/16/2013,RNO,NV,AWP,WE,Towers with Radar,94,24,18,3,139,0,3,37,4,44,94,27,55,7,183,8,4,12,195
10/17/2013,RNO,NV,AWP,WE,Towers with Radar,97,24,13,2,136,0,4,46,3,53,97,28,59,5,189,36,2,38,227
10/18/2013,RNO,NV,AWP,WE,Towers with Radar,104,25,18,1,148,0,2,56,0,58,104,27,74,1,206,22,0,22,228
10/19/2013,RNO,NV,AWP,WE,Towers with Radar,73,18,13,1,105,0,2,42,0,44,73,20,55,1,149,22,0,22,171
10/20/2013,RNO,NV,AWP,WE,Towers with Radar,86,26,18,2,132,0,5,36,1,42,86,31,54,3,174,10,0,10,184
10/21/2013,RNO,NV,AWP,WE,Towers with Radar,89,22,16,0,127,0,3,50,0,53,89,25,66,0,180,6,0,6,186
10/22/2013,RNO,NV,AWP,WE,Towers with Radar,99,26,18,0,143,0,1,44,0,45,99,27,62,0,188,6,0,6,194
10/23/2013,RNO,NV,AWP,WE,Towers with Radar,96,23,17,0,136,0,5,50,1,56,96,28,67,1,192,26,0,26,218
10/24/2013,RNO,NV,AWP,WE,Towers with Radar,94,33,21,2,150,0,4,51,6,61,94,37,72,8,211,8,6,14,225
10/25/2013,RNO,NV,AWP,WE,Towers with Radar,105,25,24,5,159,0,6,57,1,64,105,31,81,6,223,6,0,6,229
10/26/2013,RNO,NV,AWP,WE,Towers with Radar,73,18,14,1,106,0,6,36,1,43,73,24,50,2,149,0,0,0,149
10/27/2013,RNO,NV,AWP,WE,Towers with Radar,88,21,19,1,129,0,1,32,0,33,88,22,51,1,162,8,0,8,170
10/28/2013,RNO,NV,AWP,WE,Towers with Radar,94,30,34,0,158,0,0,1,0,1,94,30,35,0,159,0,0,0,159
10/29/2013,RNO,NV,AWP,WE,Towers with Radar,96,34,31,15,176,0,0,2,1,3,96,34,33,16,179,0,16,16,195
10/30/2013,RNO,NV,AWP,WE,Towers with Radar,94,30,22,1,147,0,1,25,5,31,94,31,47,6,178,0,10,10,188
10/31/2013,RNO,NV,AWP,WE,Towers with Radar,85,26,16,5,132,0,2,35,2,39,85,28,51,7,171,30,2,32,203
11/01/2013,RNO,NV,AWP,WE,Towers with Radar,99,23,17,1,140,0,9,54,4,67,99,32,71,5,207,0,0,0,207
11/02/2013,RNO,NV,AWP,WE,Towers with Radar,73,24,15,7,119,0,5,28,2,35,73,29,43,9,154,12,0,12,166
11/03/2013,RNO,NV,AWP,WE,Towers with Radar,83,32,24,2,141,0,3,17,2,22,83,35,41,4,163,0,0,0,163
11/04/2013,RNO,NV,AWP,WE,Towers with Radar,86,28,17,0,131,0,1,30,1,32,86,29,47,1,163,10,0,10,173
11/05/2013,RNO,NV,AWP,WE,Towers with Radar,95,22,18,4,139,0,7,45,3,55,95,29,63,7,194,6,0,6,200
11/06/2013,RNO,NV,AWP,WE,Towers with Radar,96,19,21,1,137,0,4,42,4,50,96,23,63,5,187,10,0,10,197
11/07/2013,RNO,NV,AWP,WE,Towers with Radar,95,32,11,8,146,0,4,28,8,40,95,36,39,16,186,24,10,34,220
11/08/2013,RNO,NV,AWP,WE,Towers with Radar,103,26,18,2,149,0,7,55,1,63,103,33,73,3,212,0,0,0,212
11/09/2013,RNO,NV,AWP,WE,Towers with Radar,77,18,6,2,103,0,2,45,0,47,77,20,51,2,150,38,0,38,188
11/10/2013,RNO,NV,AWP,WE,Towers with Radar,82,21,9,8,120,0,2,56,2,60,82,23,65,10,180,12,0,12,192
11/11/2013,RNO,NV,AWP,WE,Towers with Radar,86,30,7,1,124,0,8,40,3,51,86,38,47,4,175,24,0,24,199
11/12/2013,RNO,NV,AWP,WE,Towers with Radar,97,20,14,2,133,0,4,38,0,42,97,24,52,2,175,30,0,30,205
11/13/2013,RNO,NV,AWP,WE,Towers with Radar,94,24,14,4,136,0,3,59,0,62,94,27,73,4,198,10,0,10,208
11/14/2013,RNO,NV,AWP,WE,Towers with Radar,98,26,14,3,141,0,5,44,1,50,98,31,58,4,191,12,0,12,203
11/15/2013,RNO,NV,AWP,WE,Towers with Radar,95,28,15,3,141,0,9,35,0,44,95,37,50,3,185,0,0,0,185
11/16/2013,RNO,NV,AWP,WE,Towers with Radar,77,19,11,4,111,0,5,16,0,21,77,24,27,4,132,18,0,18,150
11/17/2013,RNO,NV,AWP,WE,Towers with Radar,80,21,11,4,116,0,4,50,0,54,80,25,61,4,170,10,2,12,182
11/18/2013,RNO,NV,AWP,WE,Towers with Radar,87,29,12,2,130,0,1,36,0,37,87,30,48,2,167,2,0,2,169
11/19/2013,RNO,NV,AWP,WE,Towers with Radar,96,26,29,4,155,0,2,6,2,10,96,28,35,6,165,22,4,26,191
11/20/2013,RNO,NV,AWP,WE,Towers with Radar,96,34,27,3,160,0,0,6,1,7,96,34,33,4,167,14,2,16,183
11/21/2013,RNO,NV,AWP,WE,Towers with Radar,95,35,29,3,162,0,0,5,1,6,95,35,34,4,168,0,0,0,168
11/22/2013,RNO,NV,AWP,WE,Towers with Radar,98,33,22,0,153,0,4,32,0,36,98,37,54,0,189,2,0,2,191
11/23/2013,RNO,NV,AWP,WE,Towers with Radar,85,23,15,2,125,0,1,59,1,61,85,24,74,3,186,18,0,18,204
11/24/2013,RNO,NV,AWP,WE,Towers with Radar,77,17,10,1,105,0,1,51,1,53,77,18,61,2,158,0,0,0,158
11/25/2013,RNO,NV,AWP,WE,Towers with Radar,80,30,20,0,130,0,1,58,1,60,80,31,78,1,190,8,0,8,198
11/26/2013,RNO,NV,AWP,WE,Towers with Radar,102,30,9,11,152,0,8,39,2,49,102,38,48,13,201,15,14,29,230
11/27/2013,RNO,NV,AWP,WE,Towers with Radar,104,29,19,0,152,0,4,41,1,46,104,33,60,1,198,4,0,4,202
11/28/2013,RNO,NV,AWP,WE,Towers with Radar,58,9,7,0,74,0,0,18,0,18,58,9,25,0,92,0,0,0,92
11/29/2013,RNO,NV,AWP,WE,Towers with Radar,68,26,22,0,116,0,1,44,0,45,68,27,66,0,161,0,0,0,161
11/30/2013,RNO,NV,AWP,WE,Towers with Radar,83,20,21,0,124,0,0,50,1,51,83,20,71,1,175,8,2,10,185
12/01/2013,RNO,NV,AWP,WE,Towers with Radar,98,30,15,2,145,0,1,70,0,71,98,31,85,2,216,0,6,6,222
12/02/2013,RNO,NV,AWP,WE,Towers with Radar,92,33,30,1,156,0,7,14,0,21,92,40,44,1,177,0,0,0,177
12/03/2013,RNO,NV,AWP,WE,Towers with Radar,88,21,14,1,124,0,1,1,0,2,88,22,15,1,126,0,18,18,144
12/04/2013,RNO,NV,AWP,WE,Towers with Radar,98,28,20,4,150,0,2,9,0,11,98,30,29,4,161,0,0,0,161
12/05/2013,RNO,NV,AWP,WE,Towers with Radar,98,24,14,4,140,0,7,28,0,35,98,31,42,4,175,18,0,18,193
12/06/2013,RNO,NV,AWP,WE,Towers with Radar,92,22,19,1,134,0,0,34,2,36,92,22,53,3,170,10,2,12,182
12/07/2013,RNO,NV,AWP,WE,Towers with Radar,76,25,11,6,118,0,2,2,1,5,76,27,13,7,123,0,0,0,123
12/08/2013,RNO,NV,AWP,WE,Towers with Radar,76,25,12,3,116,0,1,26,2,29,76,26,38,5,145,12,0,12,157
12/09/2013,RNO,NV,AWP,WE,Towers with Radar,87,34,27,4,152,0,4,32,2,38,87,38,59,6,190,4,0,4,194
12/10/2013,RNO,NV,AWP,WE,Towers with Radar,95,30,24,1,150,0,4,46,0,50,95,34,70,1,200,16,0,16,216
12/11/2013,RNO,NV,AWP,WE,Towers with Radar,99,24,13,2,138,0,3,45,0,48,99,27,58,2,186,6,0,6,192
12/12/2013,RNO,NV,AWP,WE,Towers with Radar,103,23,22,3,151,0,5,41,4,50,103,28,63,7,201,10,0,10,211
12/13/2013,RNO,NV,AWP,WE,Towers with Radar,100,24,18,0,142,0,3,37,2,42,100,27,55,2,184,18,0,18,202
12/14/2013,RNO,NV,AWP,WE,Towers with Radar,73,30,18,0,121,0,3,39,0,42,73,33,57,0,163,2,0,2,165
12/15/2013,RNO,NV,AWP,WE,Towers with Radar,81,20,9,0,110,0,4,48,0,52,81,24,57,0,162,18,0,18,180
12/16/2013,RNO,NV,AWP,WE,Towers with Radar,92,26,17,0,135,0,2,43,0,45,92,28,60,0,180,8,0,8,188
12/17/2013,RNO,NV,AWP,WE,Towers with Radar,103,29,11,2,145,0,0,50,8,58,103,29,61,10,203,20,0,20,223
12/18/2013,RNO,NV,AWP,WE,Towers with Radar,102,28,17,2,149,0,5,36,0,41,102,33,53,2,190,28,0,28,218
12/19/2013,RNO,NV,AWP,WE,Towers with Radar,110,40,13,3,166,0,4,1,2,7,110,44,14,5,173,0,8,8,181
12/20/2013,RNO,NV,AWP,WE,Towers with Radar,107,37,14,3,161,0,3,50,0,53,107,40,64,3,214,6,0,6,220
12/21/2013,RNO,NV,AWP,WE,Towers with Radar,102,30,15,0,147,0,1,35,0,36,102,31,50,0,183,14,0,14,197
12/22/2013,RNO,NV,AWP,WE,Towers with Radar,93,26,9,2,130,0,3,45,0,48,93,29,54,2,178,0,0,0,178
12/23/2013,RNO,NV,AWP,WE,Towers with Radar,98,32,13,0,143,0,5,25,3,33,98,37,38,3,176,0,0,0,176
12/24/2013,RNO,NV,AWP,WE,Towers with Radar,75,35,6,0,116,0,9,21,0,30,75,44,27,0,146,8,0,8,154
12/25/2013,RNO,NV,AWP,WE,Towers with Radar,64,35,3,0,102,0,3,17,0,20,64,38,20,0,122,0,0,0,122
12/26/2013,RNO,NV,AWP,WE,Towers with Radar,113,40,22,2,177,0,4,40,2,46,113,44,62,4,223,2,0,2,225
12/27/2013,RNO,NV,AWP,WE,Towers with Radar,105,34,19,3,161,0,5,39,1,45,105,39,58,4,206,4,0,4,210
12/28/2013,RNO,NV,AWP,WE,Towers with Radar,93,35,16,6,150,0,6,37,2,45,93,41,53,8,195,4,0,4,199
12/29/2013,RNO,NV,AWP,WE,Towers with Radar,89,44,22,0,155,0,3,36,0,39,89,47,58,0,194,2,0,2,196
12/30/2013,RNO,NV,AWP,WE,Towers with Radar,93,32,25,2,152,0,4,38,1,43,93,36,63,3,195,22,8,30,225
12/31/2013,RNO,NV,AWP,WE,Towers with Radar,84,33,9,0,126,0,4,32,2,38,84,37,41,2,164,38,2,40,204
01/01/2014,RNO,NV,AWP,WE,Towers with Radar,70,29,16,0,115,0,2,19,0,21,70,31,35,0,136,0,0,0,136
01/02/2014,RNO,NV,AWP,WE,Towers with Radar,100,29,10,4,143,0,9,39,2,50,100,38,49,6,193,0,0,0,193
01/03/2014,RNO,NV,AWP,WE,Towers with Radar,97,33,25,4,159,0,4,50,5,59,97,37,75,9,218,0,0,0,218
01/04/2014,RNO,NV,AWP,WE,Towers with Radar,90,25,21,0,136,0,4,29,2,35,90,29,50,2,171,6,0,6,177
01/05/2014,RNO,NV,AWP,WE,Towers with Radar,85,26,24,1,136,0,2,40,1,43,85,28,64,2,179,30,0,30,209
01/06/2014,RNO,NV,AWP,WE,Towers with Radar,90,29,16,1,136,0,6,36,0,42,90,35,52,1,178,20,2,22,200
01/07/2014,RNO,NV,AWP,WE,Towers with Radar,93,27,28,1,149,0,1,29,3,33,93,28,57,4,182,18,0,18,200
01/08/2014,RNO,NV,AWP,WE,Towers with Radar,92,28,19,2,141,0,7,28,4,39,92,35,47,6,180,4,6,10,190
01/09/2014,RNO,NV,AWP,WE,Towers with Radar,98,33,20,4,155,0,6,14,0,20,98,39,34,4,175,2,0,2,177
01/10/2014,RNO,NV,AWP,WE,Towers with Radar,95,23,24,4,146,0,2,51,2,55,95,25,75,6,201,16,0,16,217
01/11/2014,RNO,NV,AWP,WE,Towers with Radar,74,28,12,0,114,0,4,3,0,7,74,32,15,0,121,0,0,0,121
01/12/2014,RNO,NV,AWP,WE,Towers with Radar,79,33,11,2,125,0,5,50,1,56,79,38,61,3,181,12,6,18,199
01/13/2014,RNO,NV,AWP,WE,Towers with Radar,91,25,11,5,132,0,5,37,3,45,91,30,48,8,177,26,0,26,203
01/14/2014,RNO,NV,AWP,WE,Towers with Radar,94,17,12,8,131,0,7,47,4,58,94,24,59,12,189,24,0,24,213
01/15/2014,RNO,NV,AWP,WE,Towers with Radar,90,23,9,4,126,0,3,29,8,40,90,26,38,12,166,30,0,30,196
01/16/2014,RNO,NV,AWP,WE,Towers with Radar,97,29,21,5,152,0,4,27,11,42,97,33,48,16,194,38,0,38,232
01/17/2014,RNO,NV,AWP,WE,Towers with Radar,95,28,22,1,146,0,3,39,2,44,95,31,61,3,190,6,10,16,206
01/18/2014,RNO,NV,AWP,WE,Towers with Radar,78,29,13,0,120,0,6,46,0,52,78,35,59,0,172,14,0,14,186
01/19/2014,RNO,NV,AWP,WE,Towers with Radar,73,30,9,1,113,0,8,38,0,46,73,38,47,1,159,0,0,0,159
01/20/2014,RNO,NV,AWP,WE,Towers with Radar,90,22,18,0,130,0,10,39,0,49,90,32,57,0,179,2,0,2,181
01/21/2014,RNO,NV,AWP,WE,Towers with Radar,95,24,16,1,136,0,3,38,4,45,95,27,54,5,181,6,8,14,195
01/22/2014,RNO,NV,AWP,WE,Towers with Radar,89,26,24,1,140,0,4,49,4,57,89,30,73,5,197,10,4,14,211
01/23/2014,RNO,NV,AWP,WE,Towers with Radar,94,25,16,9,144,0,4,23,2,29,94,29,39,11,173,22,10,32,205
01/24/2014,RNO,NV,AWP,WE,Towers with Radar,93,29,30,5,157,0,4,54,5,63,93,33,84,10,220,4,18,22,242
01/25/2014,RNO,NV,AWP,WE,Towers with Radar,73,25,8,1,107,0,6,41,4,51,73,31,49,5,158,6,0,6,164
01/26/2014,RNO,NV,AWP,WE,Towers with Radar,80,27,30,3,140,0,7,55,1,63,80,34,85,4,203,14,0,14,217
01/27/2014,RNO,NV,AWP,WE,Towers with Radar,90,26,29,0,145,0,6,40,1,47,90,32,69,1,192,8,0,8,200
01/28/2014,RNO,NV,AWP,WE,Towers with Radar,97,29,24,6,156,0,7,40,8,55,97,36,64,14,211,12,2,14,225
01/29/2014,RNO,NV,AWP,WE,Towers with Radar,87,33,29,2,151,0,5,9,0,14,87,38,38,2,165,0,0,0,165
01/30/2014,RNO,NV,AWP,WE,Towers with Radar,97,36,15,11,159,0,2,11,1,14,97,38,26,12,173,0,0,0,173
01/31/2014,RNO,NV,AWP,WE,Towers with Radar,95,32,21,2,150,0,4,24,5,33,95,36,45,7,183,10,0,10,193
02/01/2014,RNO,NV,AWP,WE,Towers with Radar,68,20,14,3,105,0,2,64,10,76,68,22,78,13,181,0,0,0,181
02/02/2014,RNO,NV,AWP,WE,Towers with Radar,71,35,13,2,121,0,1,5,0,6,71,36,18,2,127,0,0,0,127
02/03/2014,RNO,NV,AWP,WE,Towers with Radar,85,35,21,2,143,0,6,16,3,25,85,41,37,5,168,8,0,8,176
02/04/2014,RNO,NV,AWP,WE,Towers with Radar,95,26,15,0,136,0,5,32,8,45,95,31,47,8,181,8,0,8,189
02/05/2014,RNO,NV,AWP,WE,Towers with Radar,92,27,32,2,153,0,7,39,3,49,92,34,71,5,202,6,0,6,208
02/06/2014,RNO,NV,AWP,WE,Towers with Radar,91,33,15,2,141,0,5,5,4,14,91,38,20,6,155,6,1,7,162
02/07/2014,RNO,NV,AWP,WE,Towers with Radar,93,31,39,1,164,0,4,7,1,12,93,35,46,2,176,2,0,2,178
02/08/2014,RNO,NV,AWP,WE,Towers with Radar,73,24,31,0,128,0,3,2,0,5,73,27,33,0,133,0,0,0,133
02/09/2014,RNO,NV,AWP,WE,Towers with Radar,78,34,23,1,136,0,0,1,0,1,78,34,24,1,137,0,0,0,137
02/10/2014,RNO,NV,AWP,WE,Towers with Radar,87,31,25,0,143,0,6,14,0,20,87,37,39,0,163,0,2,2,165
02/11/2014,RNO,NV,AWP,WE,Towers with Radar,100,26,21,6,153,0,2,44,5,51,100,28,65,11,204,10,0,10,214
02/12/2014,RNO,NV,AWP,WE,Towers with Radar,94,28,33,0,155,0,1,24,4,29,94,29,57,4,184,2,0,2,186
02/13/2014,RNO,NV,AWP,WE,Towers with Radar,95,32,35,7,169,0,4,21,1,26,95,36,56,8,195,28,0,28,223
02/14/2014,RNO,NV,AWP,WE,Towers with Radar,97,34,28,4,163,0,4,26,0,30,97,38,54,4,193,0,0,0,193
02/15/2014,RNO,NV,AWP,WE,Towers with Radar,80,26,20,2,128,0,1,6,0,7,80,27,26,2,135,0,0,0,135
02/16/2014,RNO,NV,AWP,WE,Towers with Radar,78,39,21,1,139,0,4,31,1,36,78,43,52,2,175,2,0,2,177
02/17/2014,RNO,NV,AWP,WE,Towers with Radar,81,38,23,0,142,0,3,34,0,37,81,41,57,0,179,0,0,0,179
02/18/2014,RNO,NV,AWP,WE,Towers with Radar,89,31,27,1,148,0,5,33,3,41,89,36,60,4,189,46,2,48,237
02/19/2014,RNO,NV,AWP,WE,Towers with Radar,87,28,21,4,140,0,6,18,2,26,87,34,39,6,166,4,0,4,170
02/20/2014,RNO,NV,AWP,WE,Towers with Radar,89,30,20,0,139,0,5,72,3,80,89,35,92,3,219,24,0,24,243
02/21/2014,RNO,NV,AWP,WE,Towers with Radar,91,29,26,7,153,0,11,54,6,71,91,40,80,13,224,12,12,24,248
02/22/2014,RNO,NV,AWP,WE,Towers with Radar,77,34,11,2,124,0,4,58,5,67,77,38,69,7,191,50,0,50,241
02/23/2014,RNO,NV,AWP,WE,Towers with Radar,81,34,19,3,137,0,4,56,1,61,81,38,75,4,198,16,0,16,214
02/24/2014,RNO,NV,AWP,WE,Towers with Radar,84,24,19,0,127,0,5,41,1,47,84,29,60,1,174,2,0,2,176
02/25/2014,RNO,NV,AWP,WE,Towers with Radar,90,37,39,5,171,0,5,64,3,72,90,42,103,8,243,32,0,32,275
02/26/2014,RNO,NV,AWP,WE,Towers with Radar,87,27,34,5,153,0,3,17,1,21,87,30,51,6,174,2,20,22,196
02/27/2014,RNO,NV,AWP,WE,Towers with Radar,87,32,34,6,159,0,1,18,0,19,87,33,52,6,178,6,0,6,184
02/28/2014,RNO,NV,AWP,WE,Towers with Radar,89,32,31,5,157,0,1,0,0,1,89,33,31,5,158,0,1,1,159
03/01/2014,RNO,NV,AWP,WE,Towers with Radar,77,32,20,3,132,0,3,10,1,14,77,35,30,4,146,0,0,0,146
03/02/2014,RNO,NV,AWP,WE,Towers with Radar,78,37,19,1,135,0,5,32,3,40,78,42,51,4,175,6,0,6,181
03/03/2014,RNO,NV,AWP,WE,Towers with Radar,85,28,23,2,138,0,2,20,1,23,85,30,43,3,161,0,0,0,161
03/04/2014,RNO,NV,AWP,WE,Towers with Radar,89,25,20,5,139,0,3,22,4,29,89,28,42,9,168,4,0,4,172
03/05/2014,RNO,NV,AWP,WE,Towers with Radar,85,35,21,3,144,0,3,24,0,27,85,38,45,3,171,10,0,10,181
03/06/2014,RNO,NV,AWP,WE,Towers with Radar,91,36,14,4,145,0,2,10,5,17,91,38,24,9,162,2,4,6,168
03/07/2014,RNO,NV,AWP,WE,Towers with Radar,98,24,21,2,145,0,4,62,5,71,98,28,83,7,216,12,2,14,230
03/08/2014,RNO,NV,AWP,WE,Towers with Radar,90,20,17,2,129,0,7,49,2,58,90,27,66,4,187,16,0,16,203
03/09/2014,RNO,NV,AWP,WE,Towers with Radar,90,26,21,2,139,0,2,24,0,26,90,28,45,2,165,12,6,18,183
03/10/2014,RNO,NV,AWP,WE,Towers with Radar,92,32,21,7,152,0,9,8,0,17,92,41,29,7,169,2,0,2,171
03/11/2014,RNO,NV,AWP,WE,Towers with Radar,94,24,30,1,149,0,4,28,3,35,94,28,58,4,184,0,0,0,184
03/12/2014,RNO,NV,AWP,WE,Towers with Radar,95,40,15,3,153,0,6,46,4,56,95,46,61,7,209,14,0,14,223
03/13/2014,RNO,NV,AWP,WE,Towers with Radar,95,29,27,3,154,0,1,41,4,46,95,30,68,7,200,12,2,14,214
03/14/2014,RNO,NV,AWP,WE,Towers with Radar,98,28,28,1,155,0,4,61,3,68,98,32,89,4,223,10,0,10,233
03/15/2014,RNO,NV,AWP,WE,Towers with Radar,88,20,12,1,121,0,4,61,2,67,88,24,73,3,188,8,17,25,213
03/16/2014,RNO,NV,AWP,WE,Towers with Radar,89,28,18,4,139,0,3,44,0,47,89,31,62,4,186,0,0,0,186
03/17/2014,RNO,NV,AWP,WE,Towers with Radar,93,30,7,2,132,0,2,17,0,19,93,32,24,2,151,10,4,14,165
03/18/2014,RNO,NV,AWP,WE,Towers with Radar,96,26,13,6,141,0,3,45,3,51,96,29,58,9,192,4,2,6,198
03/19/2014,RNO,NV,AWP,WE,Towers with Radar,96,23,20,0,139,0,3,39,2,44,96,26,59,2,183,22,2,24,207
03/20/2014,RNO,NV,AWP,WE,Towers with Radar,98,26,18,4,146,0,9,56,2,67,98,35,74,6,213,2,4,6,219
03/21/2014,RNO,NV,AWP,WE,Towers with Radar,101,33,42,2,178,0,0,52,2,54,101,33,94,4,232,0,12,12,244
03/22/2014,RNO,NV,AWP,WE,Towers with Radar,88,26,20,7,141,0,5,55,4,64,88,31,75,11,205,8,0,8,213
03/23/2014,RNO,NV,AWP,WE,Towers with Radar,85,23,13,4,125,0,3,46,7,56,85,26,59,11,181,34,0,34,215
03/24/2014,RNO,NV,AWP,WE,Towers with Radar,91,31,21,2,145,0,5,46,1,52,91,36,67,3,197,8,0,8,205
03/25/2014,RNO,NV,AWP,WE,Towers with Radar,97,30,13,6,146,0,3,17,3,23,97,33,30,9,169,0,0,0,169
03/26/2014,RNO,NV,AWP,WE,Towers with Radar,96,34,25,6,161,0,2,0,1,3,96,36,25,7,164,0,0,0,164
03/27/2014,RNO,NV,AWP,WE,Towers with Radar,101,32,26,4,163,0,1,7,2,10,101,33,33,6,173,2,0,2,175
03/28/2014,RNO,NV,AWP,WE,Towers with Radar,100,36,17,2,155,0,6,17,2,25,100,42,34,4,180,16,0,16,196
03/29/2014,RNO,NV,AWP,WE,Towers with Radar,99,27,13,0,139,0,3,2,0,5,99,30,15,0,144,0,0,0,144
03/30/2014,RNO,NV,AWP,WE,Towers with Radar,89,29,13,2,133,0,1,16,0,17,89,30,29,2,150,0,0,0,150
03/31/2014,RNO,NV,AWP,WE,Towers with Radar,91,35,23,1,150,0,5,4,2,11,91,40,27,3,161,0,4,4,165
04/01/2014,RNO,NV,AWP,WE,Towers with Radar,102,26,21,4,153,0,1,17,0,18,102,27,38,4,171,0,0,0,171
04/02/2014,RNO,NV,AWP,WE,Towers with Radar,97,28,30,5,160,0,5,26,1,32,97,33,56,6,192,0,0,0,192
04/03/2014,RNO,NV,AWP,WE,Towers with Radar,97,26,25,0,148,0,7,39,4,50,97,33,64,4,198,18,0,18,216
04/04/2014,RNO,NV,AWP,WE,Towers with Radar,99,22,24,5,150,0,3,19,0,22,99,25,43,5,172,20,0,20,192
04/05/2014,RNO,NV,AWP,WE,Towers with Radar,87,23,7,2,119,0,2,50,0,52,87,25,57,2,171,18,0,18,189
04/06/2014,RNO,NV,AWP,WE,Towers with Radar,92,16,19,1,128,0,5,44,0,49,92,21,63,1,177,10,0,10,187
04/07/2014,RNO,NV,AWP,WE,Towers with Radar,91,25,19,1,136,0,5,43,2,50,91,30,62,3,186,4,0,4,190
04/08/2014,RNO,NV,AWP,WE,Towers with Radar,100,29,15,0,144,0,8,50,6,64,100,37,65,6,208,18,10,28,236
04/09/2014,RNO,NV,AWP,WE,Towers with Radar,104,21,24,1,150,0,7,32,6,45,104,28,56,7,195,16,0,16,211
04/10/2014,RNO,NV,AWP,WE,Towers with Radar,102,21,20,0,143,0,5,54,4,63,102,26,74,4,206,0,0,0,206
04/11/2014,RNO,NV,AWP,WE,Towers with Radar,102,30,18,2,152,0,5,40,3,48,102,35,58,5,200,24,0,24,224
04/12/2014,RNO,NV,AWP,WE,Towers with Radar,77,16,17,0,110,0,9,56,1,66,77,25,73,1,176,28,4,32,208
04/13/2014,RNO,NV,AWP,WE,Towers with Radar,89,22,13,5,129,0,2,51,0,53,89,24,64,5,182,8,0,8,190
04/14/2014,RNO,NV,AWP,WE,Towers with Radar,95,27,17,3,142,0,2,43,1,46,95,29,60,4,188,38,0,38,226
04/15/2014,RNO,NV,AWP,WE,Towers with Radar,100,25,16,0,141,0,7,38,6,51,100,32,54,6,192,22,4,26,218
04/16/2014,RNO,NV,AWP,WE,Towers with Radar,104,22,23,5,154,0,5,51,5,61,104,27,74,10,215,6,0,6,221
04/17/2014,RNO,NV,AWP,WE,Towers with Radar,101,23,26,0,150,0,10,43,3,56,101,33,69,3,206,8,0,8,214
04/18/2014,RNO,NV,AWP,WE,Towers with Radar,98,26,30,9,163,0,2,31,2,35,98,28,61,11,198,28,2,30,228
04/19/2014,RNO,NV,AWP,WE,Towers with Radar,76,23,14,0,113,0,3,34,1,38,76,26,48,1,151,26,0,26,177
04/20/2014,RNO,NV,AWP,WE,Towers with Radar,86,22,14,0,122,0,4,31,0,35,86,26,45,0,157,0,0,0,157
04/21/2014,RNO,NV,AWP,WE,Towers with Radar,94,24,20,1,139,0,6,36,0,42,94,30,56,1,181,8,0,8,189
04/22/2014,RNO,NV,AWP,WE,Towers with Radar,105,27,27,3,162,0,0,3,3,6,105,27,30,6,168,6,0,6,174
04/23/2014,RNO,NV,AWP,WE,Towers with Radar,103,25,15,2,145,0,8,43,5,56,103,33,58,7,201,2,0,2,203
04/24/2014,RNO,NV,AWP,WE,Towers with Radar,100,33,31,7,171,0,4,17,8,29,100,37,48,15,200,0,12,12,212
04/25/2014,RNO,NV,AWP,WE,Towers with Radar,104,27,32,3,166,0,0,2,0,2,104,27,34,3,168,0,0,0,168
04/26/2014,RNO,NV,AWP,WE,Towers with Radar,77,26,23,1,127,0,4,17,2,23,77,30,40,3,150,4,0,4,154
04/27/2014,RNO,NV,AWP,WE,Towers with Radar,89,27,17,2,135,0,0,16,2,18,89,27,33,4,153,0,0,0,153
04/28/2014,RNO,NV,AWP,WE,Towers with Radar,100,27,20,0,147,0,7,40,2,49,100,34,60,2,196,6,0,6,202
04/29/2014,RNO,NV,AWP,WE,Towers with Radar,102,24,20,1,147,0,2,49,10,61,102,26,69,11,208,6,20,26,234
04/30/2014,RNO,NV,AWP,WE,Towers with Radar,101,23,19,2,145,0,6,40,11,57,101,29,59,13,202,6,4,10,212
05/01/2014,RNO,NV,AWP,WE,Towers with Radar,107,25,22,3,157,0,5,56,4,65,107,30,78,7,222,2,2,4,226
05/02/2014,RNO,NV,AWP,WE,Towers with Radar,103,36,25,4,168,0,2,55,4,61,103,38,80,8,229,0,6,6,235
05/03/2014,RNO,NV,AWP,WE,Towers with Radar,76,23,12,0,111,0,5,21,3,29,76,28,33,3,140,12,0,12,152
05/04/2014,RNO,NV,AWP,WE,Towers with Radar,91,19,20,4,134,0,1,21,11,33,91,20,41,15,167,6,0,6,173
05/05/2014,RNO,NV,AWP,WE,Towers with Radar,98,24,15,0,137,0,2,8,3,13,98,26,23,3,150,0,0,0,150
05/06/2014,RNO,NV,AWP,WE,Towers with Radar,102,27,22,2,153,0,2,8,3,13,102,29,30,5,166,0,0,0,166
05/07/2014,RNO,NV,AWP,WE,Towers with Radar,102,29,30,2,163,0,3,38,9,50,102,32,68,11,213,6,0,6,219
05/08/2014,RNO,NV,AWP,WE,Towers with Radar,100,39,25,2,166,0,5,38,3,46,100,44,63,5,212,20,2,22,234
05/09/2014,RNO,NV,AWP,WE,Towers with Radar,103,30,27,2,162,0,4,28,9,41,103,34,55,11,203,2,0,2,205
05/10/2014,RNO,NV,AWP,WE,Towers with Radar,78,20,14,3,115,0,5,21,0,26,78,25,35,3,141,0,0,0,141
05/11/2014,RNO,NV,AWP,WE,Towers with Radar,86,21,6,2,115,0,1,44,0,45,86,22,50,2,160,6,0,6,166
05/12/2014,RNO,NV,AWP,WE,Towers with Radar,86,23,16,2,127,0,2,34,6,42,86,25,50,8,169,4,2,6,175
05/13/2014,RNO,NV,AWP,WE,Towers with Radar,100,31,10,0,141,0,7,38,2,47,100,38,48,2,188,2,4,6,194
05/14/2014,RNO,NV,AWP,WE,Towers with Radar,104,27,13,4,148,0,6,50,6,62,104,33,63,10,210,4,0,4,214
05/15/2014,RNO,NV,AWP,WE,Towers with Radar,103,26,22,9,160,0,5,39,5,49,103,31,61,14,209,10,0,10,219
05/16/2014,RNO,NV,AWP,WE,Towers with Radar,110,28,17,11,166,0,6,34,7,47,110,34,51,18,213,10,0,10,223
05/17/2014,RNO,NV,AWP,WE,Towers with Radar,76,22,15,11,124,0,5,44,7,56,76,27,59,18,180,22,0,22,202
05/18/2014,RNO,NV,AWP,WE,Towers with Radar,88,19,19,15,141,6,3,35,8,52,94,22,54,23,193,8,0,8,201
05/19/2014,RNO,NV,AWP,WE,Towers with Radar,97,18,21,0,136,0,8,16,2,26,97,26,37,2,162,6,0,6,168
05/20/2014,RNO,NV,AWP,WE,Towers with Radar,103,32,41,4,180,0,0,1,0,1,103,32,42,4,181,0,0,0,181
05/21/2014,RNO,NV,AWP,WE,Towers with Radar,102,33,27,2,164,0,4,13,2,19,102,37,40,4,183,0,0,0,183
05/22/2014,RNO,NV,AWP,WE,Towers with Radar,101,26,30,5,162,0,5,38,2,45,101,31,68,7,207,16,2,18,225
05/23/2014,RNO,NV,AWP,WE,Towers with Radar,108,28,24,3,163,0,8,79,0,87,108,36,103,3,250,0,0,0,250
05/24/2014,RNO,NV,AWP,WE,Towers with Radar,72,23,5,6,106,0,4,42,1,47,72,27,47,7,153,4,0,4,157
05/25/2014,RNO,NV,AWP,WE,Towers with Radar,72,17,6,0,95,0,1,47,0,48,72,18,53,0,143,4,0,4,147
05/26/2014,RNO,NV,AWP,WE,Towers with Radar,85,24,24,0,133,0,4,47,0,51,85,28,71,0,184,2,0,2,186
05/27/2014,RNO,NV,AWP,WE,Towers with Radar,93,25,29,2,149,0,1,38,3,42,93,26,67,5,191,0,0,0,191
05/28/2014,RNO,NV,AWP,WE,Towers with Radar,106,25,11,0,142,0,3,33,4,40,106,28,44,4,182,0,4,4,186
05/29/2014,RNO,NV,AWP,WE,Towers with Radar,101,33,24,1,159,0,3,53,6,62,101,36,77,7,221,10,0,10,231
05/30/2014,RNO,NV,AWP,WE,Towers with Radar,103,35,24,2,164,0,9,58,2,69,103,44,82,4,233,2,0,2,235
05/31/2014,RNO,NV,AWP,WE,Towers with Radar,78,24,17,0,119,0,2,34,0,36,78,26,51,0,155,0,0,0,155
06/01/2014,RNO,NV,AWP,WE,Towers with Radar,90,24,25,1,140,0,2,52,0,54,90,26,77,1,194,2,0,2,196
06/02/2014,RNO,NV,AWP,WE,Towers with Radar,103,30,18,0,151,0,5,37,0,42,103,35,55,0,193,4,0,4,197
06/03/2014,RNO,NV,AWP,WE,Towers with Radar,103,24,24,0,151,0,4,56,2,62,103,28,80,2,213,8,0,8,221
06/04/2014,RNO,NV,AWP,WE,Towers with Radar,109,33,13,1,156,0,6,47,8,61,109,39,60,9,217,0,2,2,219
06/05/2014,RNO,NV,AWP,WE,Towers with Radar,100,28,13,0,141,0,5,41,5,51,100,33,54,5,192,0,6,6,198
06/06/2014,RNO,NV,AWP,WE,Towers with Radar,103,35,27,1,166,0,2,50,2,54,103,37,77,3,220,0,0,0,220
06/07/2014,RNO,NV,AWP,WE,Towers with Radar,82,28,14,1,125,0,4,41,0,45,82,32,55,1,170,8,0,8,178
06/08/2014,RNO,NV,AWP,WE,Towers with Radar,94,29,17,0,140,0,3,43,0,46,94,32,60,0,186,8,0,8,194
06/09/2014,RNO,NV,AWP,WE,Towers with Radar,94,35,16,0,145,0,6,46,2,54,94,41,62,2,199,6,0,6,205
06/10/2014,RNO,NV,AWP,WE,Towers with Radar,99,35,21,0,155,0,7,26,3,36,99,42,47,3,191,0,2,2,193
06/11/2014,RNO,NV,AWP,WE,Towers with Radar,110,34,20,5,169,0,5,48,3,56,110,39,68,8,225,4,0,4,229
06/12/2014,RNO,NV,AWP,WE,Towers with Radar,108,33,21,3,165,2,2,46,0,50,110,35,67,3,215,0,0,0,215
06/13/2014,RNO,NV,AWP,WE,Towers with Radar,105,40,20,2,167,0,3,37,3,43,105,43,57,5,210,0,0,0,210
06/14/2014,RNO,NV,AWP,WE,Towers with Radar,103,30,13,0,146,0,7,54,0,61,103,37,67,0,207,10,0,10,217
06/15/2014,RNO,NV,AWP,WE,Towers with Radar,95,32,15,0,142,0,4,49,1,54,95,36,64,1,196,4,0,4,200
06/16/2014,RNO,NV,AWP,WE,Towers with Radar,103,31,13,0,147,0,5,21,1,27,103,36,34,1,174,0,0,0,174
06/17/2014,RNO,NV,AWP,WE,Towers with Radar,110,46,19,0,175,0,7,32,2,41,110,53,51,2,216,8,8,16,232
06/18/2014,RNO,NV,AWP,WE,Towers with Radar,106,42,11,3,162,0,7,70,2,79,106,49,81,5,241,10,0,10,251
06/19/2014,RNO,NV,AWP,WE,Towers with Radar,106,37,16,7,166,0,8,51,5,64,106,45,67,12,230,10,3,13,243
06/20/2014,RNO,NV,AWP,WE,Towers with Radar,105,41,30,0,176,0,7,45,0,52,105,48,75,0,228,2,0,2,230
06/21/2014,RNO,NV,AWP,WE,Towers with Radar,104,33,16,4,157,0,7,52,4,63,104,40,68,8,220,12,0,12,232
06/22/2014,RNO,NV,AWP,WE,Towers with Radar,99,36,25,5,165,0,6,53,0,59,99,42,78,5,224,18,0,18,242
06/23/2014,RNO,NV,AWP,WE,Towers with Radar,97,43,20,6,166,0,8,36,3,47,97,51,56,9,213,6,4,10,223
06/24/2014,RNO,NV,AWP,WE,Towers with Radar,113,39,22,0,174,0,4,48,0,52,113,43,70,0,226,10,0,10,236
06/25/2014,RNO,NV,AWP,WE,Towers with Radar,102,36,25,1,164,0,5,23,2,30,102,41,48,3,194,8,0,8,202
06/26/2014,RNO,NV,AWP,WE,Towers with Radar,113,42,21,3,179,0,4,21,5,30,113,46,42,8,209,0,0,0,209
06/27/2014,RNO,NV,AWP,WE,Towers with Radar,110,40,23,1,174,0,2,56,1,59,110,42,79,2,233,10,0,10,243
06/28/2014,RNO,NV,AWP,WE,Towers with Radar,103,32,11,2,148,0,2,47,4,53,103,34,58,6,201,0,0,0,201
06/29/2014,RNO,NV,AWP,WE,Towers with Radar,97,25,15,4,141,0,3,55,0,58,97,28,70,4,199,8,0,8,207
06/30/2014,RNO,NV,AWP,WE,Towers with Radar,97,32,9,7,145,0,2,41,3,46,97,34,50,10,191,12,0,12,203
07/01/2014,RNO,NV,AWP,WE,Towers with Radar,109,36,14,3,162,0,5,32,9,46,109,41,46,12,208,8,0,8,216
07/02/2014,RNO,NV,AWP,WE,Towers with Radar,108,31,12,1,152,0,6,47,10,63,108,37,59,11,215,22,0,22,237
07/03/2014,RNO,NV,AWP,WE,Towers with Radar,113,31,24,0,168,0,1,49,0,50,113,32,73,0,218,8,0,8,226
07/04/2014,RNO,NV,AWP,WE,Towers with Radar,86,17,11,1,115,0,10,37,0,47,86,27,48,1,162,10,0,10,172
07/05/2014,RNO,NV,AWP,WE,Towers with Radar,101,28,23,0,152,0,4,35,0,39,101,32,58,0,191,2,0,2,193
07/06/2014,RNO,NV,AWP,WE,Towers with Radar,102,33,32,0,167,0,6,44,0,50,102,39,76,0,217,22,0,22,239
07/07/2014,RNO,NV,AWP,WE,Towers with Radar,104,25,17,1,147,0,5,41,0,46,104,30,58,1,193,8,0,8,201
07/08/2014,RNO,NV,AWP,WE,Towers with Radar,113,31,18,0,162,0,5,40,0,45,113,36,58,0,207,36,0,36,243
07/09/2014,RNO,NV,AWP,WE,Towers with Radar,115,28,10,2,155,0,6,62,2,70,115,34,72,4,225,22,0,22,247
07/10/2014,RNO,NV,AWP,WE,Towers with Radar,117,34,22,1,174,0,4,54,2,60,117,38,76,3,234,12,0,12,246
07/11/2014,RNO,NV,AWP,WE,Towers with Radar,116,33,14,3,166,0,1,39,2,42,116,34,53,5,208,2,4,6,214
07/12/2014,RNO,NV,AWP,WE,Towers with Radar,108,29,15,2,154,0,4,65,0,69,108,33,80,2,223,26,0,26,249
07/13/2014,RNO,NV,AWP,WE,Towers with Radar,104,27,14,1,146,0,7,48,3,58,104,34,62,4,204,22,0,22,226
07/14/2014,RNO,NV,AWP,WE,Towers with Radar,103,28,16,4,151,0,6,35,3,44,103,34,51,7,195,13,0,13,208
07/15/2014,RNO,NV,AWP,WE,Towers with Radar,114,26,17,3,160,0,5,56,2,63,114,31,73,5,223,2,0,2,225
07/16/2014,RNO,NV,AWP,WE,Towers with Radar,115,30,27,1,173,0,0,34,1,35,115,30,61,2,208,16,0,16,224
07/17/2014,RNO,NV,AWP,WE,Towers with Radar,117,40,21,6,184,0,4,32,2,38,117,44,53,8,222,2,0,2,224
07/18/2014,RNO,NV,AWP,WE,Towers with Radar,116,30,16,3,165,0,6,54,0,60,116,36,70,3,225,0,0,0,225
07/19/2014,RNO,NV,AWP,WE,Towers with Radar,106,23,16,6,151,0,1,45,0,46,106,24,61,6,197,30,0,30,227
07/20/2014,RNO,NV,AWP,WE,Towers with Radar,104,29,20,3,156,0,4,34,4,42,104,33,54,7,198,6,0,6,204
07/21/2014,RNO,NV,AWP,WE,Towers with Radar,106,27,18,2,153,0,6,12,3,21,106,33,30,5,174,0,0,0,174
07/22/2014,RNO,NV,AWP,WE,Towers with Radar,114,33,14,0,161,0,5,44,4,53,114,38,58,4,214,2,4,6,220
07/23/2014,RNO,NV,AWP,WE,Towers with Radar,118,34,22,1,175,0,3,39,3,45,118,37,61,4,220,0,4,4,224
07/24/2014,RNO,NV,AWP,WE,Towers with Radar,120,31,34,8,193,0,2,55,5,62,120,33,89,13,255,10,2,12,267
07/25/2014,RNO,NV,AWP,WE,Towers with Radar,114,42,34,2,192,0,5,49,7,61,114,47,83,9,253,0,4,4,257
07/26/2014,RNO,NV,AWP,WE,Towers with Radar,117,33,20,2,172,0,6,63,3,72,117,39,83,5,244,15,0,15,259
07/27/2014,RNO,NV,AWP,WE,Towers with Radar,102,29,22,0,153,0,5,49,1,55,102,34,71,1,208,14,0,14,222
07/28/2014,RNO,NV,AWP,WE,Towers with Radar,109,35,15,2,161,0,6,32,5,43,109,41,47,7,204,2,0,2,206
07/29/2014,RNO,NV,AWP,WE,Towers with Radar,114,27,24,3,168,0,5,40,4,49,114,32,64,7,217,2,0,2,219
07/30/2014,RNO,NV,AWP,WE,Towers with Radar,119,35,31,2,187,0,7,25,6,38,119,42,56,8,225,16,2,18,243
07/31/2014,RNO,NV,AWP,WE,Towers with Radar,119,39,21,2,181,0,2,37,4,43,119,41,58,6,224,4,0,4,228
08/01/2014,RNO,NV,AWP,WE,Towers with Radar,115,43,20,0,178,0,7,59,2,68,115,50,79,2,246,4,0,4,250
08/02/2014,RNO,NV,AWP,WE,Towers with Radar,106,35,20,0,161,0,2,56,0,58,106,37,76,0,219,4,0,4,223
08/03/2014,RNO,NV,AWP,WE,Towers with Radar,104,43,37,1,185,0,1,43,0,44,104,44,80,1,229,12,0,12,241
08/04/2014,RNO,NV,AWP,WE,Towers with Radar,107,44,29,0,180,0,1,11,1,13,107,45,40,1,193,6,0,6,199
08/05/2014,RNO,NV,AWP,WE,Towers with Radar,113,40,36,2,191,0,0,2,1,3,113,40,38,3,194,0,0,0,194
08/06/2014,RNO,NV,AWP,WE,Towers with Radar,112,40,26,1,179,0,4,31,6,41,112,44,57,7,220,18,8,26,246
08/07/2014,RNO,NV,AWP,WE,Towers with Radar,114,32,38,2,186,0,6,51,3,60,114,38,89,5,246,10,0,10,256
08/08/2014,RNO,NV,AWP,WE,Towers with Radar,113,37,33,0,183,0,11,34,4,49,113,48,67,4,232,8,0,8,240
08/09/2014,RNO,NV,AWP,WE,Towers with Radar,115,31,11,2,159,0,4,58,2,64,115,35,69,4,223,14,0,14,237
08/10/2014,RNO,NV,AWP,WE,Towers with Radar,100,24,26,1,151,0,4,42,0,46,100,28,68,1,197,12,0,12,209
08/11/2014,RNO,NV,AWP,WE,Towers with Radar,106,35,15,3,159,0,6,38,1,45,106,41,53,4,204,0,0,0,204
08/12/2014,RNO,NV,AWP,WE,Towers with Radar,111,35,26,7,179,0,4,21,3,28,111,39,47,10,207,0,6,6,213
08/13/2014,RNO,NV,AWP,WE,Towers with Radar,114,30,25,9,178,0,4,14,4,22,114,34,39,13,200,0,4,4,204
08/14/2014,RNO,NV,AWP,WE,Towers with Radar,114,41,26,4,185,0,12,46,6,64,114,53,72,10,249,24,8,32,281
08/15/2014,RNO,NV,AWP,WE,Towers with Radar,112,45,23,1,181,0,6,49,0,55,112,51,72,1,236,6,0,6,242
08/16/2014,RNO,NV,AWP,WE,Towers with Radar,99,31,14,1,145,0,4,50,2,56,99,35,64,3,201,8,0,8,209
08/17/2014,RNO,NV,AWP,WE,Towers with Radar,104,34,16,9,163,0,5,57,0,62,104,39,73,9,225,12,2,14,239
08/18/2014,RNO,NV,AWP,WE,Towers with Radar,103,35,15,1,154,0,1,24,0,25,103,36,39,1,179,0,0,0,179
08/19/2014,RNO,NV,AWP,WE,Towers with Radar,103,30,29,3,165,0,6,36,4,46,103,36,65,7,211,0,2,2,213
08/20/2014,RNO,NV,AWP,WE,Towers with Radar,106,30,21,1,158,0,3,44,3,50,106,33,65,4,208,12,0,12,220
08/21/2014,RNO,NV,AWP,WE,Towers with Radar,106,33,21,0,160,0,4,49,3,56,106,37,70,3,216,10,0,10,226
08/22/2014,RNO,NV,AWP,WE,Towers with Radar,105,33,19,0,157,0,10,58,0,68,105,43,77,0,225,44,0,44,269
08/23/2014,RNO,NV,AWP,WE,Towers with Radar,94,28,19,2,143,0,4,86,0,90,94,32,105,2,233,16,0,16,249
08/24/2014,RNO,NV,AWP,WE,Towers with Radar,92,39,15,3,149,0,4,100,0,104,92,43,115,3,253,20,2,22,275
08/25/2014,RNO,NV,AWP,WE,Towers with Radar,99,35,33,3,170,0,2,51,2,55,99,37,84,5,225,16,0,16,241
08/26/2014,RNO,NV,AWP,WE,Towers with Radar,104,31,31,9,175,0,5,149,2,156,104,36,180,11,331,12,8,20,351
08/27/2014,RNO,NV,AWP,WE,Towers with Radar,102,48,31,3,184,0,13,131,5,149,102,61,162,8,333,0,2,2,335
08/28/2014,RNO,NV,AWP,WE,Towers with Radar,105,40,28,1,174,0,9,123,3,135,105,49,151,4,309,0,0,0,309
08/29/2014,RNO,NV,AWP,WE,Towers with Radar,106,45,33,1,185,0,9,90,0,99,106,54,123,1,284,6,0,6,290
08/30/2014,RNO,NV,AWP,WE,Towers with Radar,73,34,19,1,127,0,4,84,1,89,73,38,103,2,216,0,0,0,216
08/31/2014,RNO,NV,AWP,WE,Towers with Radar,75,39,37,0,151,0,3,206,0,209,75,42,243,0,360,20,0,20,380
09/01/2014,RNO,NV,AWP,WE,Towers with Radar,80,37,37,2,156,0,6,154,0,160,80,43,191,2,316,8,0,8,324
09/02/2014,RNO,NV,AWP,WE,Towers with Radar,93,30,18,1,142,0,5,47,3,55,93,35,65,4,197,8,0,8,205
09/03/2014,RNO,NV,AWP,WE,Towers with Radar,104,19,23,0,146,0,7,47,2,56,104,26,70,2,202,0,4,4,206
09/04/2014,RNO,NV,AWP,WE,Towers with Radar,112,20,30,2,164,0,4,52,8,64,112,24,82,10,228,0,0,0,228
09/05/2014,RNO,NV,AWP,WE,Towers with Radar,111,22,25,4,162,0,5,69,1,75,111,27,94,5,237,6,8,14,251
09/06/2014,RNO,NV,AWP,WE,Towers with Radar,85,19,28,5,137,0,2,73,1,76,85,21,101,6,213,16,0,16,229
09/07/2014,RNO,NV,AWP,WE,Towers with Radar,99,18,19,8,144,0,3,72,1,76,99,21,91,9,220,12,4,16,236
09/08/2014,RNO,NV,AWP,WE,Towers with Radar,101,22,16,2,141,0,0,39,1,40,101,22,55,3,181,0,0,0,181
09/09/2014,RNO,NV,AWP,WE,Towers with Radar,106,24,26,1,157,0,4,67,1,72,106,28,93,2,229,4,0,4,233
09/10/2014,RNO,NV,AWP,WE,Towers with Radar,105,24,25,2,156,4,5,62,5,76,109,29,87,7,232,12,2,14,246
09/11/2014,RNO,NV,AWP,WE,Towers with Radar,109,23,48,4,184,0,9,93,3,105,109,32,141,7,289,2,2,4,293
09/12/2014,RNO,NV,AWP,WE,Towers with Radar,116,27,71,3,217,0,7,153,3,163,116,34,224,6,380,1,4,5,385
09/13/2014,RNO,NV,AWP,WE,Towers with Radar,80,21,46,0,147,0,10,103,1,114,80,31,149,1,261,24,0,24,285
09/14/2014,RNO,NV,AWP,WE,Towers with Radar,101,20,50,2,173,0,8,152,2,162,101,28,202,4,335,14,0,14,349
09/15/2014,RNO,NV,AWP,WE,Towers with Radar,105,20,50,7,182,0,1,140,3,144,105,21,190,10,326,8,0,8,334
09/16/2014,RNO,NV,AWP,WE,Towers with Radar,102,38,23,6,169,0,1,53,10,64,102,39,76,16,233,6,1,7,240
09/17/2014,RNO,NV,AWP,WE,Towers with Radar,125,29,27,4,185,0,2,35,18,55,125,31,62,22,240,0,2,2,242
09/18/2014,RNO,NV,AWP,WE,Towers with Radar,94,30,40,1,165,0,1,16,1,18,94,31,56,2,183,0,0,0,183
09/19/2014,RNO,NV,AWP,WE,Towers with Radar,108,25,23,5,161,0,12,35,4,51,108,37,58,9,212,2,0,2,214
09/20/2014,RNO,NV,AWP,WE,Towers with Radar,105,21,10,3,139,0,6,53,4,63,105,27,63,7,202,1,0,1,203
09/21/2014,RNO,NV,AWP,WE,Towers with Radar,96,29,30,3,158,0,4,27,0,31,96,33,57,3,189,20,2,22,211
09/22/2014,RNO,NV,AWP,WE,Towers with Radar,102,29,23,2,156,0,3,27,3,33,102,32,50,5,189,30,0,30,219
09/23/2014,RNO,NV,AWP,WE,Towers with Radar,104,26,28,3,161,0,4,45,2,51,104,30,73,5,212,8,2,10,222
09/24/2014,RNO,NV,AWP,WE,Towers with Radar,103,20,21,6,150,1,10,32,3,46,104,30,53,9,196,0,8,8,204
09/25/2014,RNO,NV,AWP,WE,Towers with Radar,120,25,21,2,168,0,6,16,0,22,120,31,37,2,190,1,0,1,191
09/26/2014,RNO,NV,AWP,WE,Towers with Radar,110,30,35,4,179,0,1,31,0,32,110,31,66,4,211,0,0,0,211
09/27/2014,RNO,NV,AWP,WE,Towers with Radar,87,19,14,0,120,0,0,7,0,7,87,19,21,0,127,32,0,32,159
09/28/2014,RNO,NV,AWP,WE,Towers with Radar,101,14,29,1,145,0,3,6,0,9,101,17,35,1,154,6,0,6,160
09/29/2014,RNO,NV,AWP,WE,Towers with Radar,100,19,15,1,135,0,6,41,4,51,100,25,56,5,186,6,0,6,192
09/30/2014,RNO,NV,AWP,WE,Towers with Radar,100,30,32,1,163,0,4,49,12,65,100,34,81,13,228,4,0,4,232
10/01/2014,RNO,NV,AWP,WE,Towers with Radar,103,22,21,2,148,0,8,56,3,67,103,30,77,5,215,15,0,15,230
10/02/2014,RNO,NV,AWP,WE,Towers with Radar,103,28,23,2,156,0,6,45,2,53,103,34,68,4,209,0,0,0,209
10/03/2014,RNO,NV,AWP,WE,Towers with Radar,107,29,26,2,164,0,3,50,4,57,107,32,76,6,221,10,0,10,231
10/04/2014,RNO,NV,AWP,WE,Towers with Radar,80,21,14,1,116,0,6,59,0,65,80,27,73,1,181,2,0,2,183
10/05/2014,RNO,NV,AWP,WE,Towers with Radar,93,18,23,2,136,0,2,49,2,53,93,20,72,4,189,6,0,6,195
10/06/2014,RNO,NV,AWP,WE,Towers with Radar,95,29,26,1,151,0,3,39,1,43,95,32,65,2,194,8,0,8,202
10/07/2014,RNO,NV,AWP,WE,Towers with Radar,99,24,19,4,146,0,5,44,2,51,99,29,63,6,197,10,2,12,209
10/08/2014,RNO,NV,AWP,WE,Towers with Radar,99,23,16,5,143,0,4,43,2,49,99,27,59,7,192,8,0,8,200
10/09/2014,RNO,NV,AWP,WE,Towers with Radar,101,27,24,4,156,0,6,55,3,64,101,33,79,7,220,14,6,20,240
10/10/2014,RNO,NV,AWP,WE,Towers with Radar,104,25,29,0,158,0,9,61,4,74,104,34,90,4,232,0,0,0,232
10/11/2014,RNO,NV,AWP,WE,Towers with Radar,79,18,14,0,111,0,0,54,2,56,79,18,68,2,167,0,0,0,167
10/12/2014,RNO,NV,AWP,WE,Towers with Radar,94,19,16,0,129,0,3,61,0,64,94,22,77,0,193,2,0,2,195
10/13/2014,RNO,NV,AWP,WE,Towers with Radar,92,21,21,0,134,0,7,55,0,62,92,28,76,0,196,12,0,12,208
10/14/2014,RNO,NV,AWP,WE,Towers with Radar,103,24,15,2,144,0,3,18,0,21,103,27,33,2,165,2,0,2,167
10/15/2014,RNO,NV,AWP,WE,Towers with Radar,97,35,14,1,147,0,9,19,2,30,97,44,33,3,177,4,0,4,181
10/16/2014,RNO,NV,AWP,WE,Towers with Radar,102,27,25,6,160,0,5,47,8,60,102,32,72,14,220,8,0,8,228
10/17/2014,RNO,NV,AWP,WE,Towers with Radar,105,26,27,6,164,0,5,40,5,50,105,31,67,11,214,2,0,2,216
10/18/2014,RNO,NV,AWP,WE,Towers with Radar,80,18,8,1,107,0,3,42,4,49,80,21,50,5,156,0,0,0,156
10/19/2014,RNO,NV,AWP,WE,Towers with Radar,93,25,17,3,138,0,6,56,7,69,93,31,73,10,207,13,2,15,222
10/20/2014,RNO,NV,AWP,WE,Towers with Radar,92,23,17,5,137,0,3,26,4,33,92,26,43,9,170,1,0,1,171
10/21/2014,RNO,NV,AWP,WE,Towers with Radar,105,21,18,8,152,0,5,33,10,48,105,26,51,18,200,12,0,12,212
10/22/2014,RNO,NV,AWP,WE,Towers with Radar,98,29,20,8,155,0,10,48,4,62,98,39,68,12,217,4,0,4,221
10/23/2014,RNO,NV,AWP,WE,Towers with Radar,107,27,19,8,161,0,1,46,5,52,107,28,65,13,213,0,2,2,215
10/24/2014,RNO,NV,AWP,WE,Towers with Radar,101,20,15,9,145,0,6,37,0,43,101,26,52,9,188,40,0,40,228
10/25/2014,RNO,NV,AWP,WE,Towers with Radar,78,20,15,2,115,0,4,10,0,14,78,24,25,2,129,12,0,12,141
10/26/2014,RNO,NV,AWP,WE,Towers with Radar,92,28,18,1,139,0,7,59,0,66,92,35,77,1,205,22,0,22,227
10/27/2014,RNO,NV,AWP,WE,Towers with Radar,89,26,12,1,128,0,5,58,0,63,89,31,70,1,191,4,0,4,195
10/28/2014,RNO,NV,AWP,WE,Towers with Radar,98,25,16,16,155,0,8,42,1,51,98,33,58,17,206,22,8,30,236
10/29/2014,RNO,NV,AWP,WE,Towers with Radar,96,25,24,2,147,0,7,52,5,64,96,32,76,7,211,4,4,8,219
10/30/2014,RNO,NV,AWP,WE,Towers with Radar,100,15,20,4,139,0,4,36,3,43,100,19,56,7,182,2,2,4,186
10/31/2014,RNO,NV,AWP,WE,Towers with Radar,95,19,18,8,140,0,3,21,0,24,95,22,39,8,164,4,4,8,172
11/01/2014,RNO,NV,AWP,WE,Towers with Radar,76,13,8,1,98,0,2,4,0,6,76,15,12,1,104,0,0,0,104
11/02/2014,RNO,NV,AWP,WE,Towers with Radar,86,21,11,2,120,0,7,36,2,45,86,28,47,4,165,6,0,6,171
11/03/2014,RNO,NV,AWP,WE,Towers with Radar,93,25,12,8,138,0,5,29,9,43,93,30,41,17,181,0,0,0,181
11/04/2014,RNO,NV,AWP,WE,Towers with Radar,96,26,19,6,147,0,4,42,9,55,96,30,61,15,202,16,0,16,218
11/05/2014,RNO,NV,AWP,WE,Towers with Radar,100,22,17,6,145,0,5,43,3,51,100,27,60,9,196,23,0,23,219
11/06/2014,RNO,NV,AWP,WE,Towers with Radar,99,23,16,3,141,0,7,52,4,63,99,30,68,7,204,4,2,6,210
11/07/2014,RNO,NV,AWP,WE,Towers with Radar,101,25,29,4,159,0,1,49,1,51,101,26,78,5,210,29,0,29,239
11/08/2014,RNO,NV,AWP,WE,Towers with Radar,74,10,6,3,93,0,4,64,0,68,74,14,70,3,161,6,0,6,167
11/09/2014,RNO,NV,AWP,WE,Towers with Radar,86,16,21,1,124,0,2,53,1,56,86,18,74,2,180,6,0,6,186
11/10/2014,RNO,NV,AWP,WE,Towers with Radar,93,18,13,0,124,0,5,32,0,37,93,23,45,0,161,10,0,10,171
11/11/2014,RNO,NV,AWP,WE,Towers with Radar,96,23,19,0,138,0,6,39,1,46,96,29,58,1,184,0,2,2,186
11/12/2014,RNO,NV,AWP,WE,Towers with Radar,95,24,20,1,140,0,3,44,5,52,95,27,64,6,192,2,0,2,194
11/13/2014,RNO,NV,AWP,WE,Towers with Radar,96,27,9,5,137,0,4,10,0,14,96,31,19,5,151,2,0,2,153
11/14/2014,RNO,NV,AWP,WE,Towers with Radar,105,16,14,5,140,0,1,34,0,35,105,17,48,5,175,0,2,2,177
11/15/2014,RNO,NV,AWP,WE,Towers with Radar,72,11,8,2,93,0,0,45,3,48,72,11,53,5,141,23,0,23,164
11/16/2014,RNO,NV,AWP,WE,Towers with Radar,81,21,15,4,121,0,7,30,3,40,81,28,45,7,161,0,8,8,169
11/17/2014,RNO,NV,AWP,WE,Towers with Radar,85,19,15,10,129,0,4,47,0,51,85,23,62,10,180,8,0,8,188
11/18/2014,RNO,NV,AWP,WE,Towers with Radar,97,18,20,7,142,0,3,37,5,45,97,21,57,12,187,10,3,13,200
11/19/2014,RNO,NV,AWP,WE,Towers with Radar,92,22,25,1,140,0,6,22,4,32,92,28,47,5,172,26,0,26,198
11/20/2014,RNO,NV,AWP,WE,Towers with Radar,98,20,20,11,149,0,4,13,4,21,98,24,33,15,170,2,0,2,172
11/21/2014,RNO,NV,AWP,WE,Towers with Radar,103,18,27,15,163,0,3,37,13,53,103,21,64,28,216,2,14,16,232
11/22/2014,RNO,NV,AWP,WE,Towers with Radar,70,16,23,0,109,0,1,10,1,12,70,17,33,1,121,10,0,10,131
11/23/2014,RNO,NV,AWP,WE,Towers with Radar,87,14,21,3,125,0,1,44,4,49,87,15,65,7,174,12,0,12,186
11/24/2014,RNO,NV,AWP,WE,Towers with Radar,87,28,17,2,134,0,2,66,2,70,87,30,83,4,204,4,0,4,208
11/25/2014,RNO,NV,AWP,WE,Towers with Radar,105,29,19,4,157,0,4,40,5,49,105,33,59,9,206,9,2,11,217
11/26/2014,RNO,NV,AWP,WE,Towers with Radar,102,16,22,0,140,0,8,52,2,62,102,24,74,2,202,32,0,32,234
11/27/2014,RNO,NV,AWP,WE,Towers with Radar,62,10,5,0,77,0,4,21,0,25,62,14,26,0,102,12,0,12,114
11/28/2014,RNO,NV,AWP,WE,Towers with Radar,84,15,9,0,108,2,5,10,0,17,86,20,19,0,125,0,0,0,125
11/29/2014,RNO,NV,AWP,WE,Towers with Radar,90,13,22,0,125,0,0,11,0,11,90,13,33,0,136,0,0,0,136
11/30/2014,RNO,NV,AWP,WE,Towers with Radar,101,20,42,0,163,0,0,10,0,10,101,20,52,0,173,0,0,0,173
12/01/2014,RNO,NV,AWP,WE,Towers with Radar,101,32,25,1,159,0,3,28,0,31,101,35,53,1,190,10,4,14,204
12/02/2014,RNO,NV,AWP,WE,Towers with Radar,106,25,31,2,164,0,1,4,0,5,106,26,35,2,169,30,2,32,201
12/03/2014,RNO,NV,AWP,WE,Towers with Radar,107,30,22,4,163,0,3,1,0,4,107,33,23,4,167,0,0,0,167
12/04/2014,RNO,NV,AWP,WE,Towers with Radar,97,29,32,6,164,0,3,9,7,19,97,32,41,13,183,8,2,10,193
12/05/2014,RNO,NV,AWP,WE,Towers with Radar,104,28,33,3,168,0,3,25,7,35,104,31,58,10,203,12,0,12,215
12/06/2014,RNO,NV,AWP,WE,Towers with Radar,73,25,24,1,123,0,3,24,5,32,73,28,48,6,155,0,0,0,155
12/07/2014,RNO,NV,AWP,WE,Towers with Radar,89,13,20,5,127,0,4,36,0,40,89,17,56,5,167,18,0,18,185
12/08/2014,RNO,NV,AWP,WE,Towers with Radar,93,32,31,0,156,0,2,16,3,21,93,34,47,3,177,10,0,10,187
12/09/2014,RNO,NV,AWP,WE,Towers with Radar,100,23,23,0,146,0,3,36,5,44,100,26,59,5,190,6,0,6,196
12/10/2014,RNO,NV,AWP,WE,Towers with Radar,107,32,27,2,168,0,2,22,4,28,107,34,49,6,196,28,2,30,226
12/11/2014,RNO,NV,AWP,WE,Towers with Radar,72,15,11,0,98,0,2,1,0,3,72,17,12,0,101,0,0,0,101
12/12/2014,RNO,NV,AWP,WE,Towers with Radar,107,27,31,0,165,0,2,4,1,7,107,29,35,1,172,0,2,2,174
12/13/2014,RNO,NV,AWP,WE,Towers with Radar,72,21,18,2,113,0,3,65,1,69,72,24,83,3,182,16,0,16,198
12/14/2014,RNO,NV,AWP,WE,Towers with Radar,89,24,13,0,126,0,4,30,0,34,89,28,43,0,160,2,0,2,162
12/15/2014,RNO,NV,AWP,WE,Towers with Radar,101,22,21,0,144,0,3,3,0,6,101,25,24,0,150,18,0,18,168
12/16/2014,RNO,NV,AWP,WE,Towers with Radar,107,20,24,5,156,0,0,17,2,19,107,20,41,7,175,11,0,11,186
12/17/2014,RNO,NV,AWP,WE,Towers with Radar,106,25,18,2,151,0,5,14,2,21,106,30,32,4,172,12,0,12,184
12/18/2014,RNO,NV,AWP,WE,Towers with Radar,116,32,18,3,169,0,6,30,4,40,116,38,48,7,209,0,8,8,217
12/19/2014,RNO,NV,AWP,WE,Towers with Radar,116,38,28,2,184,0,2,13,0,15,116,40,41,2,199,0,0,0,199
12/20/2014,RNO,NV,AWP,WE,Towers with Radar,105,23,17,1,146,0,1,13,0,14,105,24,30,1,160,34,0,34,194
12/21/2014,RNO,NV,AWP,WE,Towers with Radar,105,36,16,4,161,0,4,8,0,12,105,40,24,4,173,0,0,0,173
12/22/2014,RNO,NV,AWP,WE,Towers with Radar,107,45,26,2,180,0,4,42,0,46,107,49,68,2,226,4,0,4,230
12/23/2014,RNO,NV,AWP,WE,Towers with Radar,114,39,16,0,169,0,9,76,2,87,114,48,92,2,256,26,2,28,284
12/24/2014,RNO,NV,AWP,WE,Towers with Radar,83,23,12,0,118,0,3,7,0,10,83,26,19,0,128,0,0,0,128
12/25/2014,RNO,NV,AWP,WE,Towers with Radar,70,24,10,0,104,0,2,4,1,7,70,26,14,1,111,0,0,0,111
12/26/2014,RNO,NV,AWP,WE,Towers with Radar,103,39,21,0,163,0,5,36,1,42,103,44,57,1,205,2,0,2,207
12/27/2014,RNO,NV,AWP,WE,Towers with Radar,90,26,13,1,130,0,6,39,0,45,90,32,52,1,175,23,0,23,198
12/28/2014,RNO,NV,AWP,WE,Towers with Radar,96,29,22,0,147,0,1,37,0,38,96,30,59,0,185,4,0,4,189
12/29/2014,RNO,NV,AWP,WE,Towers with Radar,96,34,17,1,148,0,2,18,0,20,96,36,35,1,168,0,0,0,168
12/30/2014,RNO,NV,AWP,WE,Towers with Radar,105,35,26,3,169,0,4,11,2,17,105,39,37,5,186,0,0,0,186
12/31/2014,RNO,NV,AWP,WE,Towers with Radar,85,34,7,0,126,0,8,25,0,33,85,42,32,0,159,0,0,0,159
01/01/2015,RNO,NV,AWP,WE,Towers with Radar,73,25,4,1,103,0,2,34,0,36,73,27,38,1,139,18,0,18,157
01/02/2015,RNO,NV,AWP,WE,Towers with Radar,107,39,25,1,172,0,5,42,0,47,107,44,67,1,219,32,0,32,251
01/03/2015,RNO,NV,AWP,WE,Towers with Radar,93,23,15,3,134,0,4,47,0,51,93,27,62,3,185,8,0,8,193
01/04/2015,RNO,NV,AWP,WE,Towers with Radar,98,24,29,1,152,0,2,25,1,28,98,26,54,2,180,18,0,18,198
01/05/2015,RNO,NV,AWP,WE,Towers with Radar,95,31,14,0,140,0,2,23,0,25,95,33,37,0,165,0,0,0,165
01/06/2015,RNO,NV,AWP,WE,Towers with Radar,89,23,21,4,137,0,7,40,3,50,89,30,61,7,187,12,6,18,205
01/07/2015,RNO,NV,AWP,WE,Towers with Radar,98,21,16,4,139,0,6,37,2,45,98,27,53,6,184,24,10,34,218
01/08/2015,RNO,NV,AWP,WE,Towers with Radar,94,27,26,2,149,0,5,35,10,50,94,32,61,12,199,0,12,12,211
01/09/2015,RNO,NV,AWP,WE,Towers with Radar,99,22,30,3,154,0,2,33,1,36,99,24,63,4,190,15,0,15,205
01/10/2015,RNO,NV,AWP,WE,Towers with Radar,76,27,8,1,112,0,4,37,5,46,76,31,45,6,158,11,0,11,169
01/11/2015,RNO,NV,AWP,WE,Towers with Radar,83,28,18,6,135,0,2,25,6,33,83,30,43,12,168,8,0,8,176
01/12/2015,RNO,NV,AWP,WE,Towers with Radar,87,28,22,1,138,0,6,21,0,27,87,34,43,1,165,4,0,4,169
01/13/2015,RNO,NV,AWP,WE,Towers with Radar,104,28,30,1,163,0,2,30,3,35,104,30,60,4,198,0,0,0,198
01/14/2015,RNO,NV,AWP,WE,Towers with Radar,101,25,12,3,141,0,9,43,2,54,101,34,55,5,195,18,2,20,215
01/15/2015,RNO,NV,AWP,WE,Towers with Radar,99,26,24,5,154,0,7,45,3,55,99,33,69,8,209,2,6,8,217
01/16/2015,RNO,NV,AWP,WE,Towers with Radar,102,38,40,1,181,0,4,18,2,24,102,42,58,3,205,33,0,33,238
01/17/2015,RNO,NV,AWP,WE,Towers with Radar,77,17,16,2,112,0,3,52,1,56,77,20,68,3,168,10,0,10,178
01/18/2015,RNO,NV,AWP,WE,Towers with Radar,80,25,9,3,117,0,0,35,0,35,80,25,44,3,152,15,0,15,167
01/19/2015,RNO,NV,AWP,WE,Towers with Radar,92,32,31,1,156,0,4,42,0,46,92,36,73,1,202,20,0,20,222
01/20/2015,RNO,NV,AWP,WE,Towers with Radar,92,28,22,8,150,0,5,28,4,37,92,33,50,12,187,2,20,22,209
01/21/2015,RNO,NV,AWP,WE,Towers with Radar,101,32,26,7,166,0,6,46,6,58,101,38,72,13,224,4,28,32,256
01/22/2015,RNO,NV,AWP,WE,Towers with Radar,93,29,27,17,166,0,9,36,6,51,93,38,63,23,217,11,16,27,244
01/23/2015,RNO,NV,AWP,WE,Towers with Radar,105,24,22,22,173,0,6,41,1,48,105,30,63,23,221,6,24,30,251
01/24/2015,RNO,NV,AWP,WE,Towers with Radar,78,16,13,1,108,0,4,49,0,53,78,20,62,1,161,14,0,14,175
01/25/2015,RNO,NV,AWP,WE,Towers with Radar,82,23,8,7,120,0,3,52,0,55,82,26,60,7,175,12,2,14,189
01/26/2015,RNO,NV,AWP,WE,Towers with Radar,89,25,18,7,139,0,4,42,7,53,89,29,60,14,192,42,20,62,254
01/27/2015,RNO,NV,AWP,WE,Towers with Radar,89,36,27,4,156,0,2,3,4,9,89,38,30,8,165,0,4,4,169
01/28/2015,RNO,NV,AWP,WE,Towers with Radar,96,23,12,4,135,0,8,42,5,55,96,31,54,9,190,6,2,8,198
01/29/2015,RNO,NV,AWP,WE,Towers with Radar,97,26,24,7,154,0,2,22,4,28,97,28,46,11,182,0,2,2,184
01/30/2015,RNO,NV,AWP,WE,Towers with Radar,97,36,19,5,157,0,3,28,7,38,97,39,47,12,195,20,4,24,219
01/31/2015,RNO,NV,AWP,WE,Towers with Radar,76,23,14,1,114,0,3,57,4,64,76,26,71,5,178,22,0,22,200
02/01/2015,RNO,NV,AWP,WE,Towers with Radar,71,28,15,7,121,0,2,41,0,43,71,30,56,7,164,10,4,14,178
02/02/2015,RNO,NV,AWP,WE,Towers with Radar,90,23,24,1,138,0,2,20,0,22,90,25,44,1,160,22,0,22,182
02/03/2015,RNO,NV,AWP,WE,Towers with Radar,89,25,25,11,150,0,0,20,15,35,89,25,45,26,185,4,24,28,213
02/04/2015,RNO,NV,AWP,WE,Towers with Radar,94,33,22,3,152,0,4,45,8,57,94,37,67,11,209,0,8,8,217
02/05/2015,RNO,NV,AWP,WE,Towers with Radar,93,35,23,0,151,0,4,19,2,25,93,39,42,2,176,2,2,4,180
02/06/2015,RNO,NV,AWP,WE,Towers with Radar,99,26,16,0,141,0,1,1,0,2,99,27,17,0,143,0,0,0,143
02/07/2015,RNO,NV,AWP,WE,Towers with Radar,86,26,25,7,144,0,4,3,0,7,86,30,28,7,151,23,0,23,174
02/08/2015,RNO,NV,AWP,WE,Towers with Radar,87,30,34,1,152,0,0,19,5,24,87,30,53,6,176,8,0,8,184
02/09/2015,RNO,NV,AWP,WE,Towers with Radar,88,28,26,2,144,0,4,10,1,15,88,32,36,3,159,0,0,0,159
02/10/2015,RNO,NV,AWP,WE,Towers with Radar,96,32,21,0,149,0,7,40,5,52,96,39,61,5,201,0,2,2,203
02/11/2015,RNO,NV,AWP,WE,Towers with Radar,96,17,11,1,125,0,7,36,7,50,96,24,47,8,175,24,2,26,201
02/12/2015,RNO,NV,AWP,WE,Towers with Radar,99,25,21,5,150,0,3,51,9,63,99,28,72,14,213,20,2,22,235
02/13/2015,RNO,NV,AWP,WE,Towers with Radar,104,29,27,1,161,0,7,48,0,55,104,36,75,1,216,36,0,36,252
02/14/2015,RNO,NV,AWP,WE,Towers with Radar,85,18,17,2,122,0,2,47,0,49,85,20,64,2,171,11,0,11,182
02/15/2015,RNO,NV,AWP,WE,Towers with Radar,83,16,15,0,114,0,4,54,0,58,83,20,69,0,172,2,0,2,174
02/16/2015,RNO,NV,AWP,WE,Towers with Radar,95,28,15,2,140,0,3,64,0,67,95,31,79,2,207,60,0,60,267
02/17/2015,RNO,NV,AWP,WE,Towers with Radar,97,21,21,5,144,0,1,54,6,61,97,22,75,11,205,6,0,6,211
02/18/2015,RNO,NV,AWP,WE,Towers with Radar,102,23,17,3,145,0,7,47,6,60,102,30,64,9,205,6,0,6,211
02/19/2015,RNO,NV,AWP,WE,Towers with Radar,100,34,23,8,165,0,15,54,8,77,100,49,77,16,242,6,20,26,268
02/20/2015,RNO,NV,AWP,WE,Towers with Radar,103,34,23,13,173,0,1,59,3,63,103,35,82,16,236,3,0,3,239
02/21/2015,RNO,NV,AWP,WE,Towers with Radar,77,28,14,10,129,0,3,58,9,70,77,31,72,19,199,20,0,20,219
02/22/2015,RNO,NV,AWP,WE,Towers with Radar,88,29,16,6,139,0,2,13,1,16,88,31,29,7,155,26,0,26,181
02/23/2015,RNO,NV,AWP,WE,Towers with Radar,84,32,14,4,134,0,7,39,0,46,84,39,53,4,180,0,0,0,180
02/24/2015,RNO,NV,AWP,WE,Towers with Radar,96,24,20,4,144,0,5,53,7,65,96,29,73,11,209,14,2,16,225
02/25/2015,RNO,NV,AWP,WE,Towers with Radar,103,23,17,0,143,0,4,60,10,74,103,27,77,10,217,32,6,38,255
02/26/2015,RNO,NV,AWP,WE,Towers with Radar,98,33,32,11,174,0,8,40,5,53,98,41,72,16,227,39,13,52,279
02/27/2015,RNO,NV,AWP,WE,Towers with Radar,99,29,38,4,170,0,2,17,3,22,99,31,55,7,192,12,0,12,204
02/28/2015,RNO,NV,AWP,WE,Towers with Radar,78,23,21,0,122,0,0,0,0,0,78,23,21,0,122,0,0,0,122
03/01/2015,RNO,NV,AWP,WE,Towers with Radar,84,21,26,1,132,0,2,24,4,30,84,23,50,5,162,32,0,32,194
03/02/2015,RNO,NV,AWP,WE,Towers with Radar,92,38,22,3,155,0,0,11,0,11,92,38,33,3,166,0,0,0,166
03/03/2015,RNO,NV,AWP,WE,Towers with Radar,94,38,22,1,155,0,3,41,6,50,94,41,63,7,205,12,0,12,217
03/04/2015,RNO,NV,AWP,WE,Towers with Radar,102,25,23,6,156,0,3,48,7,58,102,28,71,13,214,8,4,12,226
03/05/2015,RNO,NV,AWP,WE,Towers with Radar,91,24,20,2,137,0,4,54,7,65,91,28,74,9,202,8,2,10,212
03/06/2015,RNO,NV,AWP,WE,Towers with Radar,99,27,27,3,156,0,5,55,6,66,99,32,82,9,222,10,0,10,232
03/07/2015,RNO,NV,AWP,WE,Towers with Radar,88,29,13,6,136,0,3,76,2,81,88,32,89,8,217,26,0,26,243
03/08/2015,RNO,NV,AWP,WE,Towers with Radar,91,22,27,3,143,0,4,62,4,70,91,26,89,7,213,30,0,30,243
03/09/2015,RNO,NV,AWP,WE,Towers with Radar,91,38,10,4,143,0,5,49,1,55,91,43,59,5,198,31,0,31,229
03/10/2015,RNO,NV,AWP,WE,Towers with Radar,105,30,18,8,161,0,3,32,3,38,105,33,50,11,199,1,0,1,200
03/11/2015,RNO,NV,AWP,WE,Towers with Radar,101,39,21,3,164,0,1,11,2,14,101,40,32,5,178,14,0,14,192
03/12/2015,RNO,NV,AWP,WE,Towers with Radar,97,32,17,3,149,0,5,51,11,67,97,37,68,14,216,20,0,20,236
03/13/2015,RNO,NV,AWP,WE,Towers with Radar,110,32,21,5,168,0,7,59,4,70,110,39,80,9,238,4,24,28,266
03/14/2015,RNO,NV,AWP,WE,Towers with Radar,88,24,15,2,129,0,9,59,4,72,88,33,74,6,201,0,0,0,201
03/15/2015,RNO,NV,AWP,WE,Towers with Radar,90,24,20,6,140,0,4,22,2,28,90,28,42,8,168,8,0,8,176
03/16/2015,RNO,NV,AWP,WE,Towers with Radar,90,29,16,3,138,0,0,44,2,46,90,29,60,5,184,10,0,10,194
03/17/2015,RNO,NV,AWP,WE,Towers with Radar,105,29,20,0,154,0,3,27,4,34,105,32,47,4,188,0,0,0,188
03/18/2015,RNO,NV,AWP,WE,Towers with Radar,101,23,31,2,157,0,6,36,4,46,101,29,67,6,203,0,2,2,205
03/19/2015,RNO,NV,AWP,WE,Towers with Radar,98,27,12,0,137,0,5,48,6,59,98,32,60,6,196,16,2,18,214
03/20/2015,RNO,NV,AWP,WE,Towers with Radar,105,25,18,6,154,0,6,56,5,67,105,31,74,11,221,14,6,20,241
03/21/2015,RNO,NV,AWP,WE,Towers with Radar,89,18,14,3,124,0,3,46,0,49,89,21,60,3,173,6,0,6,179
03/22/2015,RNO,NV,AWP,WE,Towers with Radar,91,25,27,3,146,0,5,33,1,39,91,30,60,4,185,8,0,8,193
03/23/2015,RNO,NV,AWP,WE,Towers with Radar,95,25,23,3,146,0,4,6,0,10,95,29,29,3,156,8,0,8,164
03/24/2015,RNO,NV,AWP,WE,Towers with Radar,104,32,20,0,156,0,4,26,5,35,104,36,46,5,191,28,0,28,219
03/25/2015,RNO,NV,AWP,WE,Towers with Radar,98,31,18,0,147,0,10,61,4,75,98,41,79,4,222,6,0,6,228
03/26/2015,RNO,NV,AWP,WE,Towers with Radar,99,27,23,3,152,0,5,50,3,58,99,32,73,6,210,12,2,14,224
03/27/2015,RNO,NV,AWP,WE,Towers with Radar,104,18,24,1,147,0,7,77,6,90,104,25,101,7,237,22,0,22,259
03/28/2015,RNO,NV,AWP,WE,Towers with Radar,92,24,14,4,134,0,7,59,2,68,92,31,73,6,202,4,0,4,206
03/29/2015,RNO,NV,AWP,WE,Towers with Radar,90,22,11,0,123,0,2,54,2,58,90,24,65,2,181,28,0,28,209
03/30/2015,RNO,NV,AWP,WE,Towers with Radar,95,23,13,7,138,0,4,53,4,61,95,27,66,11,199,2,2,4,203
03/31/2015,RNO,NV,AWP,WE,Towers with Radar,107,24,20,0,151,0,2,17,4,23,107,26,37,4,174,12,0,12,186
04/01/2015,RNO,NV,AWP,WE,Towers with Radar,104,25,12,5,146,0,7,42,2,51,104,32,54,7,197,8,0,8,205
04/02/2015,RNO,NV,AWP,WE,Towers with Radar,100,26,13,3,142,0,4,35,4,43,100,30,48,7,185,37,0,37,222
04/03/2015,RNO,NV,AWP,WE,Towers with Radar,101,26,17,0,144,0,13,46,5,64,101,39,63,5,208,0,0,0,208
04/04/2015,RNO,NV,AWP,WE,Towers with Radar,84,23,12,0,119,0,6,36,1,43,84,29,48,1,162,0,0,0,162
04/05/2015,RNO,NV,AWP,WE,Towers with Radar,89,28,12,0,129,0,1,8,0,9,89,29,20,0,138,2,0,2,140
04/06/2015,RNO,NV,AWP,WE,Towers with Radar,98,28,12,0,138,0,6,38,0,44,98,34,50,0,182,12,0,12,194
04/07/2015,RNO,NV,AWP,WE,Towers with Radar,107,27,13,1,148,0,6,6,0,12,107,33,19,1,160,28,0,28,188
04/08/2015,RNO,NV,AWP,WE,Towers with Radar,104,30,25,0,159,0,6,22,6,34,104,36,47,6,193,8,0,8,201
04/09/2015,RNO,NV,AWP,WE,Towers with Radar,105,24,20,3,152,0,11,66,6,83,105,35,86,9,235,26,7,33,268
04/10/2015,RNO,NV,AWP,WE,Towers with Radar,108,22,21,4,155,0,8,78,5,91,108,30,99,9,246,0,0,0,246
04/11/2015,RNO,NV,AWP,WE,Towers with Radar,85,16,15,3,119,0,11,45,8,64,85,27,60,11,183,8,4,12,195
04/12/2015,RNO,NV,AWP,WE,Towers with Radar,89,22,15,5,131,0,6,52,1,59,89,28,67,6,190,0,0,0,190
04/13/2015,RNO,NV,AWP,WE,Towers with Radar,98,20,8,2,128,0,7,29,0,36,98,27,37,2,164,20,0,20,184
04/14/2015,RNO,NV,AWP,WE,Towers with Radar,112,22,21,4,159,0,9,13,4,26,112,31,34,8,185,0,0,0,185
04/15/2015,RNO,NV,AWP,WE,Towers with Radar,107,19,19,0,145,0,4,44,4,52,107,23,63,4,197,14,2,16,213
04/16/2015,RNO,NV,AWP,WE,Towers with Radar,102,23,17,0,142,0,7,63,8,78,102,30,80,8,220,6,8,14,234
04/17/2015,RNO,NV,AWP,WE,Towers with Radar,105,30,40,1,176,0,10,92,2,104,105,40,132,3,280,6,0,6,286
04/18/2015,RNO,NV,AWP,WE,Towers with Radar,85,20,20,1,126,0,4,56,2,62,85,24,76,3,188,54,0,54,242
04/19/2015,RNO,NV,AWP,WE,Towers with Radar,88,26,8,1,123,0,9,55,1,65,88,35,63,2,188,4,0,4,192
04/20/2015,RNO,NV,AWP,WE,Towers with Radar,96,35,21,0,152,0,6,48,0,54,96,41,69,0,206,18,0,18,224
04/21/2015,RNO,NV,AWP,WE,Towers with Radar,102,36,22,4,164,0,5,24,3,32,102,41,46,7,196,10,0,10,206
04/22/2015,RNO,NV,AWP,WE,Towers with Radar,105,31,18,2,156,0,3,13,4,20,105,34,31,6,176,0,0,0,176
04/23/2015,RNO,NV,AWP,WE,Towers with Radar,105,41,21,2,169,0,1,26,6,33,105,42,47,8,202,4,6,10,212
04/24/2015,RNO,NV,AWP,WE,Towers with Radar,106,38,29,5,178,0,1,12,0,13,106,39,41,5,191,0,0,0,191
04/25/2015,RNO,NV,AWP,WE,Towers with Radar,83,26,31,1,141,0,1,5,0,6,83,27,36,1,147,0,0,0,147
04/26/2015,RNO,NV,AWP,WE,Towers with Radar,91,27,11,2,131,0,5,61,0,66,91,32,72,2,197,44,0,44,241
04/27/2015,RNO,NV,AWP,WE,Towers with Radar,94,30,19,6,149,0,9,33,0,42,94,39,52,6,191,12,0,12,203
04/28/2015,RNO,NV,AWP,WE,Towers with Radar,108,26,11,2,147,0,15,39,5,59,108,41,50,7,206,0,0,0,206
04/29/2015,RNO,NV,AWP,WE,Towers with Radar,109,19,20,2,150,0,7,39,5,51,109,26,59,7,201,0,2,2,203
04/30/2015,RNO,NV,AWP,WE,Towers with Radar,111,27,14,2,154,0,7,41,4,52,111,34,55,6,206,4,0,4,210
05/01/2015,RNO,NV,AWP,WE,Towers with Radar,105,26,26,3,160,0,7,56,0,63,105,33,82,3,223,10,0,10,233
05/02/2015,RNO,NV,AWP,WE,Towers with Radar,87,19,7,1,114,0,6,53,4,63,87,25,60,5,177,8,14,22,199
05/03/2015,RNO,NV,AWP,WE,Towers with Radar,92,20,24,2,138,0,7,47,0,54,92,27,71,2,192,10,0,10,202
05/04/2015,RNO,NV,AWP,WE,Towers with Radar,94,28,21,3,146,0,6,45,0,51,94,34,66,3,197,2,0,2,199
05/05/2015,RNO,NV,AWP,WE,Towers with Radar,111,27,21,1,160,0,12,37,4,53,111,39,58,5,213,24,0,24,237
05/06/2015,RNO,NV,AWP,WE,Towers with Radar,102,36,23,1,162,0,4,26,2,32,102,40,49,3,194,0,0,0,194
05/07/2015,RNO,NV,AWP,WE,Towers with Radar,100,29,24,5,158,0,1,10,1,12,100,30,34,6,170,0,0,0,170
05/08/2015,RNO,NV,AWP,WE,Towers with Radar,105,36,30,10,181,0,11,22,1,34,105,47,52,11,215,0,0,0,215
05/09/2015,RNO,NV,AWP,WE,Towers with Radar,79,19,15,0,113,0,6,56,5,67,79,25,71,5,180,8,2,10,190
05/10/2015,RNO,NV,AWP,WE,Towers with Radar,94,22,15,2,133,0,5,72,2,79,94,27,87,4,212,14,0,14,226
05/11/2015,RNO,NV,AWP,WE,Towers with Radar,99,26,22,4,151,0,2,38,1,41,99,28,60,5,192,6,0,6,198
05/12/2015,RNO,NV,AWP,WE,Towers with Radar,110,24,26,4,164,0,4,26,2,32,110,28,52,6,196,2,0,2,198
05/13/2015,RNO,NV,AWP,WE,Towers with Radar,100,25,26,4,155,0,1,57,10,68,100,26,83,14,223,10,2,12,235
05/14/2015,RNO,NV,AWP,WE,Towers with Radar,107,45,22,2,176,0,9,36,4,49,107,54,58,6,225,4,0,4,229
05/15/2015,RNO,NV,AWP,WE,Towers with Radar,104,27,29,7,167,0,0,4,0,4,104,27,33,7,171,2,0,2,173
05/16/2015,RNO,NV,AWP,WE,Towers with Radar,85,22,31,3,141,0,4,42,0,46,85,26,73,3,187,6,0,6,193
05/17/2015,RNO,NV,AWP,WE,Towers with Radar,95,27,10,0,132,0,0,23,0,23,95,27,33,0,155,17,0,17,172
05/18/2015,RNO,NV,AWP,WE,Towers with Radar,97,24,15,0,136,0,5,18,1,24,97,29,33,1,160,13,0,13,173
05/19/2015,RNO,NV,AWP,WE,Towers with Radar,108,33,31,7,179,0,4,21,0,25,108,37,52,7,204,8,0,8,212
05/20/2015,RNO,NV,AWP,WE,Towers with Radar,105,32,25,4,166,0,4,37,0,41,105,36,62,4,207,0,0,0,207
05/21/2015,RNO,NV,AWP,WE,Towers with Radar,108,22,24,10,164,0,1,30,1,32,108,23,54,11,196,2,14,16,212
05/22/2015,RNO,NV,AWP,WE,Towers with Radar,109,43,37,5,194,0,1,23,2,26,109,44,60,7,220,6,2,8,228
05/23/2015,RNO,NV,AWP,WE,Towers with Radar,77,20,22,2,121,0,1,15,0,16,77,21,37,2,137,17,2,19,156
05/24/2015,RNO,NV,AWP,WE,Towers with Radar,79,18,14,1,112,0,6,47,0,53,79,24,61,1,165,10,0,10,175
05/25/2015,RNO,NV,AWP,WE,Towers with Radar,93,26,29,0,148,0,2,28,0,30,93,28,57,0,178,40,0,40,218
05/26/2015,RNO,NV,AWP,WE,Towers with Radar,106,27,9,3,145,0,5,28,3,36,106,32,37,6,181,6,6,12,193
05/27/2015,RNO,NV,AWP,WE,Towers with Radar,115,24,23,0,162,0,5,63,5,73,115,29,86,5,235,24,0,24,259
05/28/2015,RNO,NV,AWP,WE,Towers with Radar,105,28,19,0,152,0,8,57,5,70,105,36,76,5,222,34,0,34,256
05/29/2015,RNO,NV,AWP,WE,Towers with Radar,109,32,20,1,162,0,4,77,2,83,109,36,97,3,245,36,0,36,281
05/30/2015,RNO,NV,AWP,WE,Towers with Radar,84,18,12,0,114,0,4,39,0,43,84,22,51,0,157,0,0,0,157
05/31/2015,RNO,NV,AWP,WE,Towers with Radar,95,25,18,1,139,0,5,60,2,67,95,30,78,3,206,32,0,32,238
06/01/2015,RNO,NV,AWP,WE,Towers with Radar,99,22,18,1,140,0,6,31,2,39,99,28,49,3,179,0,0,0,179
06/02/2015,RNO,NV,AWP,WE,Towers with Radar,110,30,19,5,164,0,7,49,6,62,110,37,68,11,226,14,4,18,244
06/03/2015,RNO,NV,AWP,WE,Towers with Radar,104,25,27,3,159,0,8,66,2,76,104,33,93,5,235,2,8,10,245
06/04/2015,RNO,NV,AWP,WE,Towers with Radar,113,31,28,6,178,0,7,28,1,36,113,38,56,7,214,0,0,0,214
06/05/2015,RNO,NV,AWP,WE,Towers with Radar,113,30,23,2,168,0,1,37,0,38,113,31,60,2,206,6,0,6,212
06/06/2015,RNO,NV,AWP,WE,Towers with Radar,89,32,18,1,140,0,3,37,6,46,89,35,55,7,186,12,3,15,201
06/07/2015,RNO,NV,AWP,WE,Towers with Radar,104,32,18,1,155,0,8,65,10,83,104,40,83,11,238,16,0,16,254
06/08/2015,RNO,NV,AWP,WE,Towers with Radar,100,39,16,0,155,0,9,56,0,65,100,48,72,0,220,2,0,2,222
06/09/2015,RNO,NV,AWP,WE,Towers with Radar,108,31,30,2,171,0,7,42,0,49,108,38,72,2,220,2,0,2,222
06/10/2015,RNO,NV,AWP,WE,Towers with Radar,104,39,30,2,175,0,1,5,3,9,104,40,35,5,184,8,0,8,192
06/11/2015,RNO,NV,AWP,WE,Towers with Radar,107,28,21,1,157,0,8,46,8,62,107,36,67,9,219,4,4,8,227
06/12/2015,RNO,NV,AWP,WE,Towers with Radar,116,29,15,2,162,0,4,93,0,97,116,33,108,2,259,6,0,6,265
06/13/2015,RNO,NV,AWP,WE,Towers with Radar,103,19,19,9,150,0,2,45,2,49,103,21,64,11,199,23,0,23,222
06/14/2015,RNO,NV,AWP,WE,Towers with Radar,105,28,18,2,153,0,5,66,0,71,105,33,84,2,224,4,0,4,228
06/15/2015,RNO,NV,AWP,WE,Towers with Radar,108,34,18,1,161,0,5,33,0,38,108,39,51,1,199,8,0,8,207
06/16/2015,RNO,NV,AWP,WE,Towers with Radar,114,30,24,2,170,0,6,46,0,52,114,36,70,2,222,56,0,56,278
06/17/2015,RNO,NV,AWP,WE,Towers with Radar,108,29,16,3,156,0,3,47,10,60,108,32,63,13,216,15,6,21,237
06/18/2015,RNO,NV,AWP,WE,Towers with Radar,108,30,27,2,167,0,6,41,7,54,108,36,68,9,221,21,0,21,242
06/19/2015,RNO,NV,AWP,WE,Towers with Radar,120,37,11,2,170,0,9,46,5,60,120,46,57,7,230,10,0,10,240
06/20/2015,RNO,NV,AWP,WE,Towers with Radar,99,30,27,1,157,0,2,64,1,67,99,32,91,2,224,14,0,14,238
06/21/2015,RNO,NV,AWP,WE,Towers with Radar,106,28,13,4,151,0,5,33,2,40,106,33,46,6,191,20,0,20,211
06/22/2015,RNO,NV,AWP,WE,Towers with Radar,106,36,27,1,170,0,4,29,1,34,106,40,56,2,204,6,0,6,210
06/23/2015,RNO,NV,AWP,WE,Towers with Radar,116,39,22,1,178,0,5,61,0,66,116,44,83,1,244,10,0,10,254
06/24/2015,RNO,NV,AWP,WE,Towers with Radar,110,31,16,3,160,0,7,42,5,54,110,38,58,8,214,7,2,9,223
06/25/2015,RNO,NV,AWP,WE,Towers with Radar,116,41,28,1,186,0,5,41,1,47,116,46,69,2,233,22,0,22,255
06/26/2015,RNO,NV,AWP,WE,Towers with Radar,114,34,24,7,179,0,11,55,2,68,114,45,79,9,247,14,0,14,261
06/27/2015,RNO,NV,AWP,WE,Towers with Radar,111,29,11,3,154,0,7,38,1,46,111,36,49,4,200,14,2,16,216
06/28/2015,RNO,NV,AWP,WE,Towers with Radar,107,20,27,6,160,0,6,43,0,49,107,26,70,6,209,14,6,20,229
06/29/2015,RNO,NV,AWP,WE,Towers with Radar,105,37,18,1,161,0,2,47,0,49,105,39,65,1,210,4,0,4,214
06/30/2015,RNO,NV,AWP,WE,Towers with Radar,114,27,12,4,157,0,4,44,3,51,114,31,56,7,208,10,0,10,218
07/01/2015,RNO,NV,AWP,WE,Towers with Radar,109,37,24,0,170,0,10,40,3,53,109,47,64,3,223,6,4,10,233
07/02/2015,RNO,NV,AWP,WE,Towers with Radar,122,31,20,0,173,0,11,50,1,62,122,42,70,1,235,14,0,14,249
07/03/2015,RNO,NV,AWP,WE,Towers with Radar,104,20,15,0,139,0,12,32,1,45,104,32,47,1,184,44,5,49,233
07/04/2015,RNO,NV,AWP,WE,Towers with Radar,76,27,11,1,115,0,6,29,4,39,76,33,40,5,154,2,0,2,156
07/05/2015,RNO,NV,AWP,WE,Towers with Radar,105,24,23,0,152,0,7,46,1,54,105,31,69,1,206,12,0,12,218
07/06/2015,RNO,NV,AWP,WE,Towers with Radar,112,25,22,0,159,0,3,38,0,41,112,28,60,0,200,16,0,16,216
07/07/2015,RNO,NV,AWP,WE,Towers with Radar,128,36,22,0,186,0,8,28,0,36,128,44,50,0,222,40,0,40,262
07/08/2015,RNO,NV,AWP,WE,Towers with Radar,116,33,20,5,174,0,8,25,1,34,116,41,45,6,208,13,4,17,225
07/09/2015,RNO,NV,AWP,WE,Towers with Radar,121,40,29,5,195,0,5,34,0,39,121,45,63,5,234,20,0,20,254
07/10/2015,RNO,NV,AWP,WE,Towers with Radar,123,27,20,1,171,0,2,40,5,47,123,29,60,6,218,20,2,22,240
07/11/2015,RNO,NV,AWP,WE,Towers with Radar,107,22,20,2,151,0,2,38,1,41,107,24,58,3,192,4,0,4,196
07/12/2015,RNO,NV,AWP,WE,Towers with Radar,112,24,21,0,157,0,4,42,0,46,112,28,63,0,203,11,0,11,214
07/13/2015,RNO,NV,AWP,WE,Towers with Radar,107,25,20,0,152,0,6,64,1,71,107,31,84,1,223,28,0,28,251
07/14/2015,RNO,NV,AWP,WE,Towers with Radar,123,23,27,9,182,0,13,67,0,80,123,36,94,9,262,20,2,22,284
07/15/2015,RNO,NV,AWP,WE,Towers with Radar,116,36,35,2,189,0,13,53,2,68,116,49,88,4,257,0,0,0,257
07/16/2015,RNO,NV,AWP,WE,Towers with Radar,118,32,30,2,182,0,9,40,3,52,118,41,70,5,234,8,0,8,242
07/17/2015,RNO,NV,AWP,WE,Towers with Radar,118,25,31,2,176,0,8,51,3,62,118,33,82,5,238,8,0,8,246
07/18/2015,RNO,NV,AWP,WE,Towers with Radar,110,17,28,2,157,0,7,62,3,72,110,24,90,5,229,24,0,24,253
07/19/2015,RNO,NV,AWP,WE,Towers with Radar,103,26,40,0,169,0,6,61,2,69,103,32,101,2,238,12,0,12,250
07/20/2015,RNO,NV,AWP,WE,Towers with Radar,113,30,28,1,172,0,7,31,5,43,113,37,59,6,215,6,4,10,225
07/21/2015,RNO,NV,AWP,WE,Towers with Radar,115,26,27,2,170,0,2,38,0,40,115,28,65,2,210,2,0,2,212
07/22/2015,RNO,NV,AWP,WE,Towers with Radar,117,34,14,1,166,0,6,58,11,75,117,40,72,12,241,16,0,16,257
07/23/2015,RNO,NV,AWP,WE,Towers with Radar,114,28,20,4,166,0,4,49,6,59,114,32,69,10,225,12,4,16,241
07/24/2015,RNO,NV,AWP,WE,Towers with Radar,119,38,34,4,195,0,10,49,0,59,119,48,83,4,254,39,0,39,293
07/25/2015,RNO,NV,AWP,WE,Towers with Radar,108,31,30,1,170,0,6,63,1,70,108,37,93,2,240,24,0,24,264
07/26/2015,RNO,NV,AWP,WE,Towers with Radar,107,26,25,5,163,0,17,52,2,71,107,43,77,7,234,32,0,32,266
07/27/2015,RNO,NV,AWP,WE,Towers with Radar,109,37,24,1,171,0,9,64,1,74,109,46,88,2,245,28,0,28,273
07/28/2015,RNO,NV,AWP,WE,Towers with Radar,120,33,21,7,181,0,4,52,8,64,120,37,73,15,245,16,10,26,271
07/29/2015,RNO,NV,AWP,WE,Towers with Radar,115,34,11,7,167,0,3,85,5,93,115,37,96,12,260,20,4,24,284
07/30/2015,RNO,NV,AWP,WE,Towers with Radar,117,24,28,3,172,0,4,56,4,64,117,28,84,7,236,6,0,6,242
07/31/2015,RNO,NV,AWP,WE,Towers with Radar,121,22,25,8,176,0,5,59,2,66,121,27,84,10,242,24,0,24,266
08/01/2015,RNO,NV,AWP,WE,Towers with Radar,108,24,22,4,158,0,2,58,2,62,108,26,80,6,220,24,0,24,244
08/02/2015,RNO,NV,AWP,WE,Towers with Radar,105,26,14,6,151,0,4,34,4,42,105,30,48,10,193,28,0,28,221
08/03/2015,RNO,NV,AWP,WE,Towers with Radar,120,33,26,4,183,0,4,42,4,50,120,37,68,8,233,16,0,16,249
08/04/2015,RNO,NV,AWP,WE,Towers with Radar,123,23,26,9,181,0,5,43,1,49,123,28,69,10,230,2,0,2,232
08/05/2015,RNO,NV,AWP,WE,Towers with Radar,119,32,25,18,194,0,6,51,3,60,119,38,76,21,254,32,2,34,288
08/06/2015,RNO,NV,AWP,WE,Towers with Radar,122,41,35,5,203,0,4,60,3,67,122,45,95,8,270,2,0,2,272
08/07/2015,RNO,NV,AWP,WE,Towers with Radar,121,30,20,0,171,0,1,13,0,14,121,31,33,0,185,10,0,10,195
08/08/2015,RNO,NV,AWP,WE,Towers with Radar,104,23,16,7,150,0,1,35,2,38,104,24,51,9,188,24,1,25,213
08/09/2015,RNO,NV,AWP,WE,Towers with Radar,103,28,33,0,164,0,6,62,3,71,103,34,95,3,235,27,0,27,262
08/10/2015,RNO,NV,AWP,WE,Towers with Radar,109,31,20,0,160,0,2,48,0,50,109,33,68,0,210,0,0,0,210
08/11/2015,RNO,NV,AWP,WE,Towers with Radar,118,26,30,4,178,0,8,51,2,61,118,34,81,6,239,14,0,14,253
08/12/2015,RNO,NV,AWP,WE,Towers with Radar,113,29,18,5,165,0,6,44,1,51,113,35,62,6,216,0,0,0,216
08/13/2015,RNO,NV,AWP,WE,Towers with Radar,118,31,30,5,184,0,10,60,4,74,118,41,90,9,258,22,2,24,282
08/14/2015,RNO,NV,AWP,WE,Towers with Radar,119,30,25,2,176,0,8,50,4,62,119,38,75,6,238,0,0,0,238
08/15/2015,RNO,NV,AWP,WE,Towers with Radar,98,27,16,0,141,0,5,56,1,62,98,32,72,1,203,19,0,19,222
08/16/2015,RNO,NV,AWP,WE,Towers with Radar,103,36,23,8,170,0,5,50,1,56,103,41,73,9,226,0,4,4,230
08/17/2015,RNO,NV,AWP,WE,Towers with Radar,106,34,12,6,158,0,7,30,1,38,106,41,42,7,196,2,0,2,198
08/18/2015,RNO,NV,AWP,WE,Towers with Radar,111,25,24,7,167,0,15,46,7,68,111,40,70,14,235,2,8,10,245
08/19/2015,RNO,NV,AWP,WE,Towers with Radar,107,26,21,8,162,0,13,61,2,76,107,39,82,10,238,10,0,10,248
08/20/2015,RNO,NV,AWP,WE,Towers with Radar,113,42,25,8,188,0,7,55,4,66,113,49,80,12,254,3,0,3,257
08/21/2015,RNO,NV,AWP,WE,Towers with Radar,110,29,33,3,175,0,6,38,7,51,110,35,71,10,226,8,0,8,234
08/22/2015,RNO,NV,AWP,WE,Towers with Radar,97,16,20,0,133,0,6,35,2,43,97,22,55,2,176,2,0,2,178
08/23/2015,RNO,NV,AWP,WE,Towers with Radar,97,28,19,4,148,0,8,58,3,69,97,36,77,7,217,6,0,6,223
08/24/2015,RNO,NV,AWP,WE,Towers with Radar,111,26,33,0,170,0,7,34,1,42,111,33,67,1,212,8,0,8,220
08/25/2015,RNO,NV,AWP,WE,Towers with Radar,112,17,17,0,146,0,16,45,6,67,112,33,62,6,213,18,0,18,231
08/26/2015,RNO,NV,AWP,WE,Towers with Radar,114,36,20,0,170,0,7,46,2,55,114,43,66,2,225,20,0,20,245
08/27/2015,RNO,NV,AWP,WE,Towers with Radar,113,29,19,1,162,0,8,63,1,72,113,37,82,2,234,20,6,26,260
08/28/2015,RNO,NV,AWP,WE,Towers with Radar,117,23,20,1,161,0,4,51,2,57,117,27,71,3,218,4,0,4,222
08/29/2015,RNO,NV,AWP,WE,Towers with Radar,91,15,18,0,124,0,4,34,0,38,91,19,52,0,162,12,2,14,176
08/30/2015,RNO,NV,AWP,WE,Towers with Radar,103,23,22,8,156,0,6,147,0,153,103,29,169,8,309,16,0,16,325
08/31/2015,RNO,NV,AWP,WE,Towers with Radar,105,41,19,2,167,0,14,123,4,141,105,55,142,6,308,6,6,12,320
09/01/2015,RNO,NV,AWP,WE,Towers with Radar,125,29,38,1,193,0,34,133,0,167,125,63,171,1,360,8,0,8,368
09/02/2015,RNO,NV,AWP,WE,Towers with Radar,113,33,23,2,171,0,48,105,2,155,113,81,128,4,326,28,2,30,356
09/03/2015,RNO,NV,AWP,WE,Towers with Radar,115,31,38,2,186,0,33,123,3,159,115,64,161,5,345,7,2,9,354
09/04/2015,RNO,NV,AWP,WE,Towers with Radar,115,42,36,0,193,0,29,104,0,133,115,71,140,0,326,0,0,0,326
09/05/2015,RNO,NV,AWP,WE,Towers with Radar,82,24,25,0,131,0,25,109,1,135,82,49,134,1,266,0,0,0,266
09/06/2015,RNO,NV,AWP,WE,Towers with Radar,85,28,52,0,165,0,34,241,0,275,85,62,293,0,440,12,0,12,452
09/07/2015,RNO,NV,AWP,WE,Towers with Radar,92,23,32,1,148,0,19,169,0,188,92,42,201,1,336,4,0,4,340
09/08/2015,RNO,NV,AWP,WE,Towers with Radar,111,21,22,0,154,0,7,63,0,70,111,28,85,0,224,2,0,2,226
09/09/2015,RNO,NV,AWP,WE,Towers with Radar,107,28,16,2,153,0,5,59,0,64,107,33,75,2,217,16,0,16,233
09/10/2015,RNO,NV,AWP,WE,Towers with Radar,110,16,23,6,155,0,6,33,3,42,110,22,56,9,197,0,0,0,197
09/11/2015,RNO,NV,AWP,WE,Towers with Radar,115,27,29,2,173,0,10,60,1,71,115,37,89,3,244,14,0,14,258
09/12/2015,RNO,NV,AWP,WE,Towers with Radar,86,13,17,2,118,0,8,80,1,89,86,21,97,3,207,0,0,0,207
09/13/2015,RNO,NV,AWP,WE,Towers with Radar,101,28,28,4,161,0,4,56,1,61,101,32,84,5,222,2,0,2,224
09/14/2015,RNO,NV,AWP,WE,Towers with Radar,105,27,23,3,158,0,2,32,1,35,105,29,55,4,193,2,0,2,195
09/15/2015,RNO,NV,AWP,WE,Towers with Radar,109,33,39,2,183,0,6,29,0,35,109,39,68,2,218,2,0,2,220
09/16/2015,RNO,NV,AWP,WE,Towers with Radar,109,17,48,3,177,0,5,58,1,64,109,22,106,4,241,10,0,10,251
09/17/2015,RNO,NV,AWP,WE,Towers with Radar,107,29,44,1,181,0,13,92,1,106,107,42,136,2,287,8,2,10,297
09/18/2015,RNO,NV,AWP,WE,Towers with Radar,115,21,68,0,204,0,3,132,3,138,115,24,200,3,342,6,0,6,348
09/19/2015,RNO,NV,AWP,WE,Towers with Radar,88,12,30,1,131,0,3,99,2,104,88,15,129,3,235,14,0,14,249
09/20/2015,RNO,NV,AWP,WE,Towers with Radar,96,32,69,3,200,0,8,145,0,153,96,40,214,3,353,0,0,0,353
09/21/2015,RNO,NV,AWP,WE,Towers with Radar,105,19,54,2,180,0,5,123,3,131,105,24,177,5,311,6,0,6,317
09/22/2015,RNO,NV,AWP,WE,Towers with Radar,110,29,15,2,156,0,17,61,0,78,110,46,76,2,234,0,0,0,234
09/23/2015,RNO,NV,AWP,WE,Towers with Radar,106,20,23,4,153,0,2,55,3,60,106,22,78,7,213,18,0,18,231
09/24/2015,RNO,NV,AWP,WE,Towers with Radar,104,32,12,13,161,0,4,54,1,59,104,36,66,14,220,0,2,2,222
09/25/2015,RNO,NV,AWP,WE,Towers with Radar,108,28,30,7,173,0,8,41,0,49,108,36,71,7,222,8,2,10,232
09/26/2015,RNO,NV,AWP,WE,Towers with Radar,86,18,10,2,116,0,8,33,3,44,86,26,43,5,160,8,0,8,168
09/27/2015,RNO,NV,AWP,WE,Towers with Radar,100,10,17,4,131,0,2,60,1,63,100,12,77,5,194,2,0,2,196
09/28/2015,RNO,NV,AWP,WE,Towers with Radar,97,25,10,1,133,0,2,32,1,35,97,27,42,2,168,0,0,0,168
09/29/2015,RNO,NV,AWP,WE,Towers with Radar,105,28,8,9,150,0,4,58,10,72,105,32,66,19,222,18,0,18,240
09/30/2015,RNO,NV,AWP,WE,Towers with Radar,98,33,19,6,156,0,2,40,0,42,98,35,59,6,198,20,0,20,218
10/01/2015,RNO,NV,AWP,WE,Towers with Radar,106,36,36,3,181,0,0,2,2,4,106,36,38,5,185,0,0,0,185
10/02/2015,RNO,NV,AWP,WE,Towers with Radar,104,30,36,1,171,0,14,42,2,58,104,44,78,3,229,9,0,9,238
10/03/2015,RNO,NV,AWP,WE,Towers with Radar,81,19,19,2,121,0,5,43,0,48,81,24,62,2,169,8,0,8,177
10/04/2015,RNO,NV,AWP,WE,Towers with Radar,98,19,28,11,156,0,5,18,0,23,98,24,46,11,179,0,6,6,185
10/05/2015,RNO,NV,AWP,WE,Towers with Radar,94,30,24,1,149,0,3,39,1,43,94,33,63,2,192,2,0,2,194
10/06/2015,RNO,NV,AWP,WE,Towers with Radar,111,24,18,5,158,0,11,41,4,56,111,35,59,9,214,8,0,8,222
10/07/2015,RNO,NV,AWP,WE,Towers with Radar,100,24,15,3,142,0,6,52,3,61,100,30,67,6,203,0,0,0,203
10/08/2015,RNO,NV,AWP,WE,Towers with Radar,102,34,22,0,158,0,4,43,5,52,102,38,65,5,210,4,0,4,214
10/09/2015,RNO,NV,AWP,WE,Towers with Radar,107,28,19,3,157,0,7,66,2,75,107,35,85,5,232,36,2,38,270
10/10/2015,RNO,NV,AWP,WE,Towers with Radar,85,23,5,0,113,0,6,36,1,43,85,29,41,1,156,23,0,23,179
10/11/2015,RNO,NV,AWP,WE,Towers with Radar,94,12,11,0,117,0,8,66,0,74,94,20,77,0,191,6,1,7,198
10/12/2015,RNO,NV,AWP,WE,Towers with Radar,94,30,16,2,142,0,7,64,3,74,94,37,80,5,216,0,0,0,216
10/13/2015,RNO,NV,AWP,WE,Towers with Radar,106,26,25,2,159,0,8,63,2,73,106,34,88,4,232,6,0,6,238
10/14/2015,RNO,NV,AWP,WE,Towers with Radar,100,32,21,8,161,0,6,36,2,44,100,38,57,10,205,2,0,2,207
10/15/2015,RNO,NV,AWP,WE,Towers with Radar,103,27,24,0,154,0,12,54,3,69,103,39,78,3,223,4,0,4,227
10/16/2015,RNO,NV,AWP,WE,Towers with Radar,107,37,23,4,171,0,2,29,3,34,107,39,52,7,205,0,2,2,207
10/17/2015,RNO,NV,AWP,WE,Towers with Radar,78,29,17,6,130,0,4,10,2,16,78,33,27,8,146,30,6,36,182
10/18/2015,RNO,NV,AWP,WE,Towers with Radar,98,22,10,4,134,0,1,22,0,23,98,23,32,4,157,12,0,12,169
10/19/2015,RNO,NV,AWP,WE,Towers with Radar,96,21,21,2,140,0,3,31,1,35,96,24,52,3,175,0,6,6,181
10/20/2015,RNO,NV,AWP,WE,Towers with Radar,105,26,27,1,159,0,9,35,3,47,105,35,62,4,206,6,0,6,212
10/21/2015,RNO,NV,AWP,WE,Towers with Radar,102,30,9,1,142,0,7,61,1,69,102,37,70,2,211,0,4,4,215
10/22/2015,RNO,NV,AWP,WE,Towers with Radar,105,26,25,6,162,0,11,53,5,69,105,37,78,11,231,2,0,2,233
10/23/2015,RNO,NV,AWP,WE,Towers with Radar,103,27,25,2,157,0,12,62,4,78,103,39,87,6,235,6,0,6,241
10/24/2015,RNO,NV,AWP,WE,Towers with Radar,84,21,18,9,132,0,6,52,7,65,84,27,70,16,197,0,0,0,197
10/25/2015,RNO,NV,AWP,WE,Towers with Radar,96,16,18,3,133,0,1,35,2,38,96,17,53,5,171,14,0,14,185
10/26/2015,RNO,NV,AWP,WE,Towers with Radar,100,23,21,2,146,0,6,46,1,53,100,29,67,3,199,16,0,16,215
10/27/2015,RNO,NV,AWP,WE,Towers with Radar,111,20,18,4,153,0,6,40,3,49,111,26,58,7,202,2,0,2,204
10/28/2015,RNO,NV,AWP,WE,Towers with Radar,109,22,32,1,164,0,2,7,1,10,109,24,39,2,174,0,0,0,174
10/29/2015,RNO,NV,AWP,WE,Towers with Radar,110,20,30,3,163,0,9,39,4,52,110,29,69,7,215,28,0,28,243
10/30/2015,RNO,NV,AWP,WE,Towers with Radar,109,22,17,0,148,0,12,59,0,71,109,34,76,0,219,4,0,4,223
10/31/2015,RNO,NV,AWP,WE,Towers with Radar,77,14,10,0,101,0,4,41,1,46,77,18,51,1,147,6,0,6,153
11/01/2015,RNO,NV,AWP,WE,Towers with Radar,93,16,21,0,130,0,1,10,0,11,93,17,31,0,141,17,0,17,158
11/02/2015,RNO,NV,AWP,WE,Towers with Radar,101,19,19,0,139,0,0,0,0,0,101,19,19,0,139,0,0,0,139
11/03/2015,RNO,NV,AWP,WE,Towers with Radar,111,25,42,4,182,0,6,14,0,20,111,31,56,4,202,8,0,8,210
11/04/2015,RNO,NV,AWP,WE,Towers with Radar,107,24,19,0,150,0,6,13,1,20,107,30,32,1,170,0,0,0,170
11/05/2015,RNO,NV,AWP,WE,Towers with Radar,110,21,10,1,142,0,8,49,2,59,110,29,59,3,201,8,0,8,209
11/06/2015,RNO,NV,AWP,WE,Towers with Radar,113,15,14,1,143,0,6,70,2,78,113,21,84,3,221,36,0,36,257
11/07/2015,RNO,NV,AWP,WE,Towers with Radar,84,17,15,2,118,0,6,77,2,85,84,23,92,4,203,34,0,34,237
11/08/2015,RNO,NV,AWP,WE,Towers with Radar,96,11,19,2,128,0,2,38,1,41,96,13,57,3,169,0,4,4,173
11/09/2015,RNO,NV,AWP,WE,Towers with Radar,103,16,27,2,148,0,0,8,0,8,103,16,35,2,156,0,0,0,156
11/10/2015,RNO,NV,AWP,WE,Towers with Radar,116,18,15,1,150,0,4,16,5,25,116,22,31,6,175,6,2,8,183
11/11/2015,RNO,NV,AWP,WE,Towers with Radar,114,20,17,1,152,0,2,39,7,48,114,22,56,8,200,12,0,12,212
11/12/2015,RNO,NV,AWP,WE,Towers with Radar,114,13,18,2,147,0,0,73,8,81,114,13,91,10,228,32,6,38,266
11/13/2015,RNO,NV,AWP,WE,Towers with Radar,110,17,29,1,157,0,7,51,5,63,110,24,80,6,220,30,0,30,250
11/14/2015,RNO,NV,AWP,WE,Towers with Radar,78,11,13,0,102,0,7,64,0,71,78,18,77,0,173,32,0,32,205
11/15/2015,RNO,NV,AWP,WE,Towers with Radar,93,10,15,0,118,0,0,2,0,2,93,10,17,0,120,0,0,0,120
11/16/2015,RNO,NV,AWP,WE,Towers with Radar,102,18,18,1,139,0,3,27,1,31,102,21,45,2,170,2,0,2,172
11/17/2015,RNO,NV,AWP,WE,Towers with Radar,104,25,21,3,153,0,4,37,7,48,104,29,58,10,201,14,2,16,217
11/18/2015,RNO,NV,AWP,WE,Towers with Radar,115,24,30,1,170,0,4,51,1,56,115,28,81,2,226,6,0,6,232
11/19/2015,RNO,NV,AWP,WE,Towers with Radar,111,18,29,3,161,0,6,61,4,71,111,24,90,7,232,46,0,46,278
11/20/2015,RNO,NV,AWP,WE,Towers with Radar,111,19,19,5,154,0,4,51,1,56,111,23,70,6,210,2,0,2,212
11/21/2015,RNO,NV,AWP,WE,Towers with Radar,83,14,17,1,115,0,6,52,0,58,83,20,69,1,173,6,0,6,179
11/22/2015,RNO,NV,AWP,WE,Towers with Radar,94,13,15,0,122,0,1,61,0,62,94,14,76,0,184,28,0,28,212
11/23/2015,RNO,NV,AWP,WE,Towers with Radar,104,21,24,0,149,0,6,37,1,44,104,27,61,1,193,8,0,8,201
11/24/2015,RNO,NV,AWP,WE,Towers with Radar,116,17,20,5,158,0,0,1,0,1,116,17,21,5,159,2,4,6,165
11/25/2015,RNO,NV,AWP,WE,Towers with Radar,114,31,37,5,187,0,1,4,0,5,114,32,41,5,192,2,4,6,198
11/26/2015,RNO,NV,AWP,WE,Towers with Radar,66,11,9,0,86,0,0,1,0,1,66,11,10,0,87,0,0,0,87
11/27/2015,RNO,NV,AWP,WE,Towers with Radar,93,20,14,0,127,0,3,23,0,26,93,23,37,0,153,16,0,16,169
11/28/2015,RNO,NV,AWP,WE,Towers with Radar,97,19,25,0,141,0,6,40,0,46,97,25,65,0,187,30,0,30,217
11/29/2015,RNO,NV,AWP,WE,Towers with Radar,108,18,24,0,150,0,4,50,1,55,108,22,74,1,205,0,0,0,205
11/30/2015,RNO,NV,AWP,WE,Towers with Radar,114,20,17,1,152,0,0,26,1,27,114,20,43,2,179,0,0,0,179
12/01/2015,RNO,NV,AWP,WE,Towers with Radar,116,24,25,0,165,0,2,34,3,39,116,26,59,3,204,12,16,28,232
12/02/2015,RNO,NV,AWP,WE,Towers with Radar,113,19,25,2,159,0,5,48,0,53,113,24,73,2,212,2,0,2,214
12/03/2015,RNO,NV,AWP,WE,Towers with Radar,118,16,16,0,150,0,2,9,0,11,118,18,25,0,161,0,0,0,161
12/04/2015,RNO,NV,AWP,WE,Towers with Radar,116,24,38,5,183,0,8,21,0,29,116,32,59,5,212,10,0,10,222
12/05/2015,RNO,NV,AWP,WE,Towers with Radar,83,15,13,3,114,0,4,34,2,40,83,19,47,5,154,10,8,18,172
12/06/2015,RNO,NV,AWP,WE,Towers with Radar,96,14,19,4,133,0,6,8,2,16,96,20,27,6,149,2,0,2,151
12/07/2015,RNO,NV,AWP,WE,Towers with Radar,106,21,17,1,145,0,2,17,1,20,106,23,34,2,165,18,0,18,183
12/08/2015,RNO,NV,AWP,WE,Towers with Radar,117,25,20,3,165,0,9,45,4,58,117,34,65,7,223,34,10,44,267
12/09/2015,RNO,NV,AWP,WE,Towers with Radar,121,31,18,3,173,0,1,4,2,7,121,32,22,5,180,2,0,2,182
12/10/2015,RNO,NV,AWP,WE,Towers with Radar,113,28,39,1,181,0,1,0,0,1,113,29,39,1,182,0,0,0,182
12/11/2015,RNO,NV,AWP,WE,Towers with Radar,116,37,31,4,188,0,3,12,2,17,116,40,43,6,205,2,4,6,211
12/12/2015,RNO,NV,AWP,WE,Towers with Radar,88,18,23,1,130,0,2,41,0,43,88,20,64,1,173,14,0,14,187
12/13/2015,RNO,NV,AWP,WE,Towers with Radar,92,15,11,1,119,0,3,1,0,4,92,18,12,1,123,0,0,0,123
12/14/2015,RNO,NV,AWP,WE,Towers with Radar,108,23,36,4,171,0,0,20,1,21,108,23,56,5,192,0,0,0,192
12/15/2015,RNO,NV,AWP,WE,Towers with Radar,117,17,19,1,154,0,8,46,9,63,117,25,65,10,217,0,16,16,233
12/16/2015,RNO,NV,AWP,WE,Towers with Radar,116,15,30,3,164,0,5,36,2,43,116,20,66,5,207,0,6,6,213
12/17/2015,RNO,NV,AWP,WE,Towers with Radar,121,28,32,9,190,0,6,16,5,27,121,34,48,14,217,0,16,16,233
12/18/2015,RNO,NV,AWP,WE,Towers with Radar,120,37,23,2,182,0,1,46,0,47,120,38,69,2,229,2,0,2,231
12/19/2015,RNO,NV,AWP,WE,Towers with Radar,113,28,23,0,164,0,0,5,0,5,113,28,28,0,169,0,0,0,169
12/20/2015,RNO,NV,AWP,WE,Towers with Radar,112,29,28,0,169,0,2,7,0,9,112,31,35,0,178,14,0,14,192
12/21/2015,RNO,NV,AWP,WE,Towers with Radar,109,18,32,2,161,0,0,0,0,0,109,18,32,2,161,0,0,0,161
12/22/2015,RNO,NV,AWP,WE,Towers with Radar,133,22,27,1,183,0,4,1,2,7,133,26,28,3,190,0,0,0,190
12/23/2015,RNO,NV,AWP,WE,Towers with Radar,133,31,26,3,193,0,6,24,1,31,133,37,50,4,224,2,2,4,228
12/24/2015,RNO,NV,AWP,WE,Towers with Radar,109,25,15,1,150,0,0,0,0,0,109,25,15,1,150,0,0,0,150
12/25/2015,RNO,NV,AWP,WE,Towers with Radar,81,20,14,0,115,0,4,2,0,6,81,24,16,0,121,0,0,0,121
12/26/2015,RNO,NV,AWP,WE,Towers with Radar,104,25,17,0,146,0,4,36,0,40,104,29,53,0,186,4,0,4,190
12/27/2015,RNO,NV,AWP,WE,Towers with Radar,94,20,32,0,146,0,3,26,0,29,94,23,58,0,175,12,0,12,187
12/28/2015,RNO,NV,AWP,WE,Towers with Radar,112,33,47,0,192,0,0,2,0,2,112,33,49,0,194,2,0,2,196
12/29/2015,RNO,NV,AWP,WE,Towers with Radar,128,31,28,1,188,0,8,37,0,45,128,39,65,1,233,4,0,4,237
12/30/2015,RNO,NV,AWP,WE,Towers with Radar,128,36,49,0,213,0,0,29,0,29,128,36,78,0,242,2,0,2,244
12/31/2015,RNO,NV,AWP,WE,Towers with Radar,102,31,23,1,157,0,3,24,2,29,102,34,47,3,186,6,0,6,192
01/01/2016,RNO,NV,AWP,WE,Towers with Radar,82,23,22,0,127,0,9,34,0,43,82,32,56,0,170,0,0,0,170
01/02/2016,RNO,NV,AWP,WE,Towers with Radar,105,21,25,1,152,0,4,26,0,30,105,25,51,1,182,6,0,6,188
01/03/2016,RNO,NV,AWP,WE,Towers with Radar,103,27,35,2,167,0,3,30,1,34,103,30,65,3,201,20,0,20,221
01/04/2016,RNO,NV,AWP,WE,Towers with Radar,108,29,25,1,163,0,3,16,0,19,108,32,41,1,182,0,0,0,182
01/05/2016,RNO,NV,AWP,WE,Towers with Radar,106,18,29,2,155,0,1,4,1,6,106,19,33,3,161,6,0,6,167
01/06/2016,RNO,NV,AWP,WE,Towers with Radar,112,27,15,7,161,0,1,3,0,4,112,28,18,7,165,0,0,0,165
01/07/2016,RNO,NV,AWP,WE,Towers with Radar,111,22,42,5,180,0,2,9,1,12,111,24,51,6,192,0,6,6,198
01/08/2016,RNO,NV,AWP,WE,Towers with Radar,111,34,26,9,180,0,4,46,4,54,111,38,72,13,234,10,2,12,246
01/09/2016,RNO,NV,AWP,WE,Towers with Radar,84,21,11,3,119,0,3,9,3,15,84,24,20,6,134,6,12,18,152
01/10/2016,RNO,NV,AWP,WE,Towers with Radar,95,22,35,7,159,0,2,11,2,15,95,24,46,9,174,62,0,62,236
01/11/2016,RNO,NV,AWP,WE,Towers with Radar,102,20,17,4,143,0,5,29,3,37,102,25,46,7,180,0,0,0,180
01/12/2016,RNO,NV,AWP,WE,Towers with Radar,110,21,24,4,159,0,4,39,8,51,110,25,63,12,210,30,6,36,246
01/13/2016,RNO,NV,AWP,WE,Towers with Radar,113,24,19,4,160,0,5,1,0,6,113,29,20,4,166,0,0,0,166
01/14/2016,RNO,NV,AWP,WE,Towers with Radar,108,29,24,9,170,0,6,12,5,23,108,35,36,14,193,25,0,25,218
01/15/2016,RNO,NV,AWP,WE,Towers with Radar,115,30,23,3,171,0,4,37,1,42,115,34,60,4,213,14,0,14,227
01/16/2016,RNO,NV,AWP,WE,Towers with Radar,79,16,17,0,112,0,3,9,0,12,79,19,26,0,124,0,0,0,124
01/17/2016,RNO,NV,AWP,WE,Towers with Radar,95,23,23,0,141,0,6,17,1,24,95,29,40,1,165,18,0,18,183
01/18/2016,RNO,NV,AWP,WE,Towers with Radar,106,25,31,3,165,0,4,31,2,37,106,29,62,5,202,16,0,16,218
01/19/2016,RNO,NV,AWP,WE,Towers with Radar,113,17,15,2,147,0,3,9,0,12,113,20,24,2,159,0,0,0,159
01/20/2016,RNO,NV,AWP,WE,Towers with Radar,109,22,39,2,172,0,5,40,19,64,109,27,79,21,236,0,0,0,236
01/21/2016,RNO,NV,AWP,WE,Towers with Radar,109,17,27,8,161,0,9,44,18,71,109,26,71,26,232,14,0,14,246
01/22/2016,RNO,NV,AWP,WE,Towers with Radar,113,34,37,1,185,0,3,8,2,13,113,37,45,3,198,0,0,0,198
01/23/2016,RNO,NV,AWP,WE,Towers with Radar,81,16,23,0,120,0,1,9,1,11,81,17,32,1,131,8,0,8,139
01/24/2016,RNO,NV,AWP,WE,Towers with Radar,95,24,23,2,144,0,2,43,0,45,95,26,66,2,189,0,0,0,189
01/25/2016,RNO,NV,AWP,WE,Towers with Radar,105,31,24,1,161,0,4,34,6,44,105,35,58,7,205,0,0,0,205
01/26/2016,RNO,NV,AWP,WE,Towers with Radar,115,16,15,2,148,0,6,45,9,60,115,22,60,11,208,6,2,8,216
01/27/2016,RNO,NV,AWP,WE,Towers with Radar,109,16,22,1,148,0,3,56,7,66,109,19,78,8,214,22,0,22,236
01/28/2016,RNO,NV,AWP,WE,Towers with Radar,111,25,30,3,169,0,1,35,3,39,111,26,65,6,208,4,22,26,234
01/29/2016,RNO,NV,AWP,WE,Towers with Radar,93,21,23,2,139,0,4,1,0,5,93,25,24,2,144,0,0,0,144
01/30/2016,RNO,NV,AWP,WE,Towers with Radar,84,15,17,3,119,0,0,2,0,2,84,15,19,3,121,0,0,0,121
01/31/2016,RNO,NV,AWP,WE,Towers with Radar,58,7,30,0,95,0,0,0,0,0,58,7,30,0,95,0,0,0,95
02/01/2016,RNO,NV,AWP,WE,Towers with Radar,111,24,28,0,163,0,3,14,1,18,111,27,42,1,181,0,0,0,181
02/02/2016,RNO,NV,AWP,WE,Towers with Radar,106,25,22,5,158,0,1,12,0,13,106,26,34,5,171,0,2,2,173
02/03/2016,RNO,NV,AWP,WE,Towers with Radar,106,29,12,6,153,0,4,11,1,16,106,33,23,7,169,0,2,2,171
02/04/2016,RNO,NV,AWP,WE,Towers with Radar,108,23,29,2,162,0,4,42,3,49,108,27,71,5,211,8,0,8,219
02/05/2016,RNO,NV,AWP,WE,Towers with Radar,109,17,24,1,151,0,5,50,2,57,109,22,74,3,208,12,2,14,222
02/06/2016,RNO,NV,AWP,WE,Towers with Radar,84,10,21,2,117,0,3,60,1,64,84,13,81,3,181,0,0,0,181
02/07/2016,RNO,NV,AWP,WE,Towers with Radar,83,9,17,1,110,0,5,47,0,52,83,14,64,1,162,0,0,0,162
02/08/2016,RNO,NV,AWP,WE,Towers with Radar,102,16,26,2,146,0,1,59,0,60,102,17,85,2,206,12,0,12,218
02/09/2016,RNO,NV,AWP,WE,Towers with Radar,106,17,22,4,149,0,12,54,6,72,106,29,76,10,221,0,0,0,221
02/10/2016,RNO,NV,AWP,WE,Towers with Radar,97,21,24,3,145,0,4,33,7,44,97,25,57,10,189,13,0,13,202
02/11/2016,RNO,NV,AWP,WE,Towers with Radar,110,20,38,4,172,0,3,53,9,65,110,23,91,13,237,2,2,4,241
02/12/2016,RNO,NV,AWP,WE,Towers with Radar,110,22,15,7,154,0,9,40,0,49,110,31,55,7,203,0,0,0,203
02/13/2016,RNO,NV,AWP,WE,Towers with Radar,87,22,7,2,118,0,4,56,3,63,87,26,63,5,181,14,0,14,195
02/14/2016,RNO,NV,AWP,WE,Towers with Radar,89,15,13,3,120,0,2,34,2,38,89,17,47,5,158,10,0,10,168
02/15/2016,RNO,NV,AWP,WE,Towers with Radar,100,21,21,1,143,0,9,43,0,52,100,30,64,1,195,22,0,22,217
02/16/2016,RNO,NV,AWP,WE,Towers with Radar,109,27,28,2,166,0,5,39,4,48,109,32,67,6,214,10,0,10,224
02/17/2016,RNO,NV,AWP,WE,Towers with Radar,110,20,12,1,143,0,2,2,0,4,110,22,14,1,147,0,0,0,147
02/18/2016,RNO,NV,AWP,WE,Towers with Radar,114,32,43,2,191,0,5,2,5,12,114,37,45,7,203,22,0,22,225
02/19/2016,RNO,NV,AWP,WE,Towers with Radar,129,21,39,13,202,0,6,15,2,23,129,27,54,15,225,0,0,0,225
02/20/2016,RNO,NV,AWP,WE,Towers with Radar,82,23,7,5,117,0,3,49,7,59,82,26,56,12,176,16,0,16,192
02/21/2016,RNO,NV,AWP,WE,Towers with Radar,94,14,17,5,130,0,6,71,0,77,94,20,88,5,207,8,0,8,215
02/22/2016,RNO,NV,AWP,WE,Towers with Radar,102,17,24,5,148,0,5,63,2,70,102,22,87,7,218,15,0,15,233
02/23/2016,RNO,NV,AWP,WE,Towers with Radar,108,29,21,3,161,0,7,59,7,73,108,36,80,10,234,14,0,14,248
02/24/2016,RNO,NV,AWP,WE,Towers with Radar,107,19,28,3,157,0,9,51,3,63,107,28,79,6,220,26,0,26,246
02/25/2016,RNO,NV,AWP,WE,Towers with Radar,104,23,14,4,145,0,14,50,8,72,104,37,64,12,217,14,0,14,231
02/26/2016,RNO,NV,AWP,WE,Towers with Radar,110,20,24,4,158,0,9,35,2,46,110,29,59,6,204,6,2,8,212
02/27/2016,RNO,NV,AWP,WE,Towers with Radar,83,17,12,2,114,0,5,35,3,43,83,22,47,5,157,2,0,2,159
02/28/2016,RNO,NV,AWP,WE,Towers with Radar,94,19,22,5,140,0,1,57,1,59,94,20,79,6,199,8,0,8,207
02/29/2016,RNO,NV,AWP,WE,Towers with Radar,100,19,9,7,135,0,9,27,3,39,100,28,36,10,174,0,0,0,174
03/01/2016,RNO,NV,AWP,WE,Towers with Radar,109,26,17,2,154,0,5,25,9,39,109,31,42,11,193,6,0,6,199
03/02/2016,RNO,NV,AWP,WE,Towers with Radar,117,20,43,0,180,0,8,39,3,50,117,28,82,3,230,16,6,22,252
03/03/2016,RNO,NV,AWP,WE,Towers with Radar,102,29,44,3,178,0,10,13,1,24,102,39,57,4,202,6,0,6,208
03/04/2016,RNO,NV,AWP,WE,Towers with Radar,107,32,30,4,173,0,4,23,10,37,107,36,53,14,210,12,6,18,228
03/05/2016,RNO,NV,AWP,WE,Towers with Radar,89,15,21,0,125,0,0,5,1,6,89,15,26,1,131,2,0,2,133
03/06/2016,RNO,NV,AWP,WE,Towers with Radar,94,16,32,1,143,0,3,6,1,10,94,19,38,2,153,0,0,0,153
03/07/2016,RNO,NV,AWP,WE,Towers with Radar,101,27,22,0,150,0,1,1,0,2,101,28,23,0,152,0,0,0,152
03/08/2016,RNO,NV,AWP,WE,Towers with Radar,110,17,30,3,160,0,4,42,6,52,110,21,72,9,212,4,0,4,216
03/09/2016,RNO,NV,AWP,WE,Towers with Radar,107,20,22,1,150,0,5,18,11,34,107,25,40,12,184,6,0,6,190
03/10/2016,RNO,NV,AWP,WE,Towers with Radar,115,26,29,5,175,0,3,8,0,11,115,29,37,5,186,0,0,0,186
03/11/2016,RNO,NV,AWP,WE,Towers with Radar,119,30,31,4,184,0,1,5,2,8,119,31,36,6,192,0,0,0,192
03/12/2016,RNO,NV,AWP,WE,Towers with Radar,92,30,18,1,141,0,0,14,0,14,92,30,32,1,155,26,0,26,181
03/13/2016,RNO,NV,AWP,WE,Towers with Radar,87,26,16,1,130,0,0,0,0,0,87,26,16,1,130,0,0,0,130
03/14/2016,RNO,NV,AWP,WE,Towers with Radar,110,26,8,2,146,0,8,4,0,12,110,34,12,2,158,0,0,0,158
03/15/2016,RNO,NV,AWP,WE,Towers with Radar,113,17,29,0,159,0,11,63,4,78,113,28,92,4,237,12,0,12,249
03/16/2016,RNO,NV,AWP,WE,Towers with Radar,118,27,26,0,171,0,7,85,10,102,118,34,111,10,273,7,0,7,280
03/17/2016,RNO,NV,AWP,WE,Towers with Radar,116,29,28,0,173,0,7,69,4,80,116,36,97,4,253,4,0,4,257
03/18/2016,RNO,NV,AWP,WE,Towers with Radar,125,32,19,0,176,0,8,79,4,91,125,40,98,4,267,40,0,40,307
03/19/2016,RNO,NV,AWP,WE,Towers with Radar,100,18,22,2,142,0,7,69,0,76,100,25,91,2,218,26,0,26,244
03/20/2016,RNO,NV,AWP,WE,Towers with Radar,108,40,36,1,185,0,1,42,0,43,108,41,78,1,228,22,0,22,250
03/21/2016,RNO,NV,AWP,WE,Towers with Radar,124,16,13,2,155,0,2,13,0,15,124,18,26,2,170,0,0,0,170
03/22/2016,RNO,NV,AWP,WE,Towers with Radar,123,30,25,6,184,0,1,12,1,14,123,31,37,7,198,6,0,6,204
03/23/2016,RNO,NV,AWP,WE,Towers with Radar,115,16,11,1,143,0,7,38,3,48,115,23,49,4,191,30,0,30,221
03/24/2016,RNO,NV,AWP,WE,Towers with Radar,114,26,18,8,166,0,8,34,3,45,114,34,52,11,211,0,0,0,211
03/25/2016,RNO,NV,AWP,WE,Towers with Radar,124,16,23,4,167,0,6,56,2,64,124,22,79,6,231,14,0,14,245
03/26/2016,RNO,NV,AWP,WE,Towers with Radar,96,9,20,2,127,0,5,73,0,78,96,14,93,2,205,31,0,31,236
03/27/2016,RNO,NV,AWP,WE,Towers with Radar,105,18,20,1,144,0,3,23,1,27,105,21,43,2,171,26,0,26,197
03/28/2016,RNO,NV,AWP,WE,Towers with Radar,94,26,22,1,143,0,0,0,0,0,94,26,22,1,143,2,0,2,145
03/29/2016,RNO,NV,AWP,WE,Towers with Radar,117,21,21,3,162,0,2,11,0,13,117,23,32,3,175,8,2,10,185
03/30/2016,RNO,NV,AWP,WE,Towers with Radar,119,10,21,3,153,0,3,25,2,30,119,13,46,5,183,0,12,12,195
03/31/2016,RNO,NV,AWP,WE,Towers with Radar,114,20,29,2,165,0,4,68,2,74,114,24,97,4,239,6,0,6,245
04/01/2016,RNO,NV,AWP,WE,Towers with Radar,121,16,11,4,152,0,8,58,1,67,121,24,69,5,219,2,0,2,221
04/02/2016,RNO,NV,AWP,WE,Towers with Radar,94,13,16,2,125,0,7,60,2,69,94,20,76,4,194,16,0,16,210
04/03/2016,RNO,NV,AWP,WE,Towers with Radar,108,14,16,0,138,0,4,52,0,56,108,18,68,0,194,4,0,4,198
04/04/2016,RNO,NV,AWP,WE,Towers with Radar,110,21,21,2,154,0,3,49,1,53,110,24,70,3,207,0,0,0,207
04/05/2016,RNO,NV,AWP,WE,Towers with Radar,115,22,18,3,158,0,5,60,2,67,115,27,78,5,225,0,0,0,225
04/06/2016,RNO,NV,AWP,WE,Towers with Radar,126,20,20,2,168,0,3,49,2,54,126,23,69,4,222,4,0,4,226
04/07/2016,RNO,NV,AWP,WE,Towers with Radar,117,21,20,3,161,0,4,45,3,52,117,25,65,6,213,18,0,18,231
04/08/2016,RNO,NV,AWP,WE,Towers with Radar,119,23,29,6,177,0,7,38,0,45,119,30,67,6,222,11,4,15,237
04/09/2016,RNO,NV,AWP,WE,Towers with Radar,88,19,18,0,125,0,1,18,4,23,88,20,36,4,148,0,0,0,148
04/10/2016,RNO,NV,AWP,WE,Towers with Radar,102,25,14,0,141,0,1,3,0,4,102,26,17,0,145,0,0,0,145
04/11/2016,RNO,NV,AWP,WE,Towers with Radar,112,15,17,0,144,0,6,19,1,26,112,21,36,1,170,2,0,2,172
04/12/2016,RNO,NV,AWP,WE,Towers with Radar,122,17,22,0,161,0,4,40,1,45,122,21,62,1,206,4,0,4,210
04/13/2016,RNO,NV,AWP,WE,Towers with Radar,125,16,11,8,160,0,3,21,10,34,125,19,32,18,194,18,14,32,226
04/14/2016,RNO,NV,AWP,WE,Towers with Radar,122,19,22,4,167,0,3,9,5,17,122,22,31,9,184,2,0,2,186
04/15/2016,RNO,NV,AWP,WE,Towers with Radar,122,25,38,5,190,0,5,36,3,44,122,30,74,8,234,14,0,14,248
04/16/2016,RNO,NV,AWP,WE,Towers with Radar,83,19,7,1,110,0,2,77,1,80,83,21,84,2,190,30,0,30,220
04/17/2016,RNO,NV,AWP,WE,Towers with Radar,100,15,16,0,131,0,4,74,0,78,100,19,90,0,209,10,0,10,219
04/18/2016,RNO,NV,AWP,WE,Towers with Radar,112,27,19,5,163,0,8,77,1,86,112,35,96,6,249,0,0,0,249
04/19/2016,RNO,NV,AWP,WE,Towers with Radar,120,29,28,0,177,0,4,48,2,54,120,33,76,2,231,10,0,10,241
04/20/2016,RNO,NV,AWP,WE,Towers with Radar,122,17,23,0,162,0,5,71,8,84,122,22,94,8,246,18,4,22,268
04/21/2016,RNO,NV,AWP,WE,Towers with Radar,108,9,28,2,147,0,8,23,0,31,108,17,51,2,178,38,0,38,216
04/22/2016,RNO,NV,AWP,WE,Towers with Radar,118,24,21,8,171,0,1,6,1,8,118,25,27,9,179,0,0,0,179
04/23/2016,RNO,NV,AWP,WE,Towers with Radar,91,18,5,4,118,0,11,44,2,57,91,29,49,6,175,8,0,8,183
04/24/2016,RNO,NV,AWP,WE,Towers with Radar,103,16,19,10,148,0,8,23,7,38,103,24,42,17,186,8,0,8,194
04/25/2016,RNO,NV,AWP,WE,Towers with Radar,112,28,3,0,143,0,2,8,1,11,112,30,11,1,154,0,0,0,154
04/26/2016,RNO,NV,AWP,WE,Towers with Radar,119,26,19,0,164,0,4,49,6,59,119,30,68,6,223,0,0,0,223
04/27/2016,RNO,NV,AWP,WE,Towers with Radar,123,20,32,3,178,0,4,11,0,15,123,24,43,3,193,26,0,26,219
04/28/2016,RNO,NV,AWP,WE,Towers with Radar,116,23,20,3,162,0,8,28,6,42,116,31,48,9,204,28,2,30,234
04/29/2016,RNO,NV,AWP,WE,Towers with Radar,119,27,35,5,186,0,7,51,1,59,119,34,86,6,245,10,0,10,255
04/30/2016,RNO,NV,AWP,WE,Towers with Radar,89,16,14,0,119,0,4,25,2,31,89,20,39,2,150,16,0,16,166
05/01/2016,RNO,NV,AWP,WE,Towers with Radar,101,12,24,2,139,0,5,37,0,42,101,17,61,2,181,0,0,0,181
05/02/2016,RNO,NV,AWP,WE,Towers with Radar,110,21,8,5,144,0,2,65,0,67,110,23,73,5,211,8,0,8,219
05/03/2016,RNO,NV,AWP,WE,Towers with Radar,117,27,33,1,178,0,2,39,5,46,117,29,72,6,224,4,0,4,228
05/04/2016,RNO,NV,AWP,WE,Towers with Radar,121,25,26,5,177,0,2,66,2,70,121,27,92,7,247,6,0,6,253
05/05/2016,RNO,NV,AWP,WE,Towers with Radar,113,26,16,1,156,0,2,4,0,6,113,28,20,1,162,0,0,0,162
05/06/2016,RNO,NV,AWP,WE,Towers with Radar,113,25,23,2,163,0,2,6,3,11,113,27,29,5,174,10,0,10,184
05/07/2016,RNO,NV,AWP,WE,Towers with Radar,87,28,19,2,136,0,11,1,0,12,87,39,20,2,148,0,0,0,148
05/08/2016,RNO,NV,AWP,WE,Towers with Radar,96,19,28,2,145,0,1,15,3,19,96,20,43,5,164,8,0,8,172
05/09/2016,RNO,NV,AWP,WE,Towers with Radar,110,12,18,6,146,0,1,51,1,53,110,13,69,7,199,16,0,16,215
05/10/2016,RNO,NV,AWP,WE,Towers with Radar,118,29,28,3,178,0,5,48,0,53,118,34,76,3,231,16,0,16,247
05/11/2016,RNO,NV,AWP,WE,Towers with Radar,120,22,30,0,172,0,4,74,3,81,120,26,104,3,253,4,0,4,257
05/12/2016,RNO,NV,AWP,WE,Towers with Radar,116,29,19,3,167,0,4,55,3,62,116,33,74,6,229,4,2,6,235
05/13/2016,RNO,NV,AWP,WE,Towers with Radar,120,33,26,2,181,0,5,75,4,84,120,38,101,6,265,8,0,8,273
05/14/2016,RNO,NV,AWP,WE,Towers with Radar,83,21,13,3,120,0,5,23,5,33,83,26,36,8,153,46,4,50,203
05/15/2016,RNO,NV,AWP,WE,Towers with Radar,99,23,23,5,150,0,5,50,1,56,99,28,73,6,206,34,0,34,240
05/16/2016,RNO,NV,AWP,WE,Towers with Radar,109,19,24,0,152,0,3,44,1,48,109,22,68,1,200,8,0,8,208
05/17/2016,RNO,NV,AWP,WE,Towers with Radar,119,21,24,2,166,0,8,54,6,68,119,29,78,8,234,2,0,2,236
05/18/2016,RNO,NV,AWP,WE,Towers with Radar,119,13,30,6,168,0,7,57,6,70,119,20,87,12,238,4,0,4,242
05/19/2016,RNO,NV,AWP,WE,Towers with Radar,118,25,34,4,181,0,4,24,9,37,118,29,58,13,218,2,0,2,220
05/20/2016,RNO,NV,AWP,WE,Towers with Radar,124,20,20,4,168,0,5,11,5,21,124,25,31,9,189,0,0,0,189
05/21/2016,RNO,NV,AWP,WE,Towers with Radar,82,26,23,0,131,0,3,30,2,35,82,29,53,2,166,2,0,2,168
05/22/2016,RNO,NV,AWP,WE,Towers with Radar,98,19,17,1,135,0,5,42,0,47,98,24,59,1,182,18,0,18,200
05/23/2016,RNO,NV,AWP,WE,Towers with Radar,111,23,23,1,158,0,1,32,0,33,111,24,55,1,191,4,0,4,195
05/24/2016,RNO,NV,AWP,WE,Towers with Radar,119,34,27,8,188,0,2,18,5,25,119,36,45,13,213,12,0,12,225
05/25/2016,RNO,NV,AWP,WE,Towers with Radar,123,39,27,1,190,0,4,19,1,24,123,43,46,2,214,0,0,0,214
05/26/2016,RNO,NV,AWP,WE,Towers with Radar,115,30,33,3,181,0,5,50,5,60,115,35,83,8,241,12,8,20,261
05/27/2016,RNO,NV,AWP,WE,Towers with Radar,123,36,12,0,171,0,7,67,1,75,123,43,79,1,246,6,0,6,252
05/28/2016,RNO,NV,AWP,WE,Towers with Radar,87,17,14,0,118,0,5,49,1,55,87,22,63,1,173,2,5,7,180
05/29/2016,RNO,NV,AWP,WE,Towers with Radar,76,15,13,0,104,0,11,60,0,71,76,26,73,0,175,4,0,4,179
05/30/2016,RNO,NV,AWP,WE,Towers with Radar,102,20,17,0,139,0,2,70,0,72,102,22,87,0,211,30,0,30,241
05/31/2016,RNO,NV,AWP,WE,Towers with Radar,110,22,15,1,148,0,7,53,2,62,110,29,68,3,210,6,0,6,216
06/01/2016,RNO,NV,AWP,WE,Towers with Radar,127,27,26,5,185,0,4,50,5,59,127,31,76,10,244,0,0,0,244
06/02/2016,RNO,NV,AWP,WE,Towers with Radar,125,21,24,0,170,0,4,58,5,67,125,25,82,5,237,0,8,8,245
06/03/2016,RNO,NV,AWP,WE,Towers with Radar,123,16,24,2,165,0,8,43,4,55,123,24,67,6,220,0,0,0,220
06/04/2016,RNO,NV,AWP,WE,Towers with Radar,94,16,17,2,129,0,6,66,0,72,94,22,83,2,201,0,0,0,201
06/05/2016,RNO,NV,AWP,WE,Towers with Radar,110,13,23,6,152,0,0,32,3,35,110,13,55,9,187,2,0,2,189
06/06/2016,RNO,NV,AWP,WE,Towers with Radar,125,21,18,1,165,0,7,49,0,56,125,28,67,1,221,0,0,0,221
06/07/2016,RNO,NV,AWP,WE,Towers with Radar,136,21,23,0,180,0,13,47,4,64,136,34,70,4,244,2,0,2,246
06/08/2016,RNO,NV,AWP,WE,Towers with Radar,133,35,17,0,185,0,8,38,2,48,133,43,55,2,233,10,0,10,243
06/09/2016,RNO,NV,AWP,WE,Towers with Radar,136,22,21,3,182,0,7,35,7,49,136,29,56,10,231,2,6,8,239
06/10/2016,RNO,NV,AWP,WE,Towers with Radar,137,21,27,4,189,0,5,40,3,48,137,26,67,7,237,0,8,8,245
06/11/2016,RNO,NV,AWP,WE,Towers with Radar,111,15,13,1,140,0,4,47,0,51,111,19,60,1,191,22,0,22,213
06/12/2016,RNO,NV,AWP,WE,Towers with Radar,118,21,23,1,163,0,4,44,0,48,118,25,67,1,211,12,0,12,223
06/13/2016,RNO,NV,AWP,WE,Towers with Radar,123,29,18,0,170,0,2,46,0,48,123,31,64,0,218,2,0,2,220
06/14/2016,RNO,NV,AWP,WE,Towers with Radar,138,18,27,1,184,0,3,45,4,52,138,21,72,5,236,24,0,24,260
06/15/2016,RNO,NV,AWP,WE,Towers with Radar,145,26,12,2,185,0,4,32,4,40,145,30,44,6,225,0,0,0,225
06/16/2016,RNO,NV,AWP,WE,Towers with Radar,132,33,19,4,188,0,1,35,2,38,132,34,54,6,226,4,0,4,230
06/17/2016,RNO,NV,AWP,WE,Towers with Radar,133,28,45,7,213,0,2,37,4,43,133,30,82,11,256,12,6,18,274
06/18/2016,RNO,NV,AWP,WE,Towers with Radar,115,16,22,1,154,0,1,24,2,27,115,17,46,3,181,0,0,0,181
06/19/2016,RNO,NV,AWP,WE,Towers with Radar,119,21,29,3,172,0,0,59,0,59,119,21,88,3,231,0,0,0,231
06/20/2016,RNO,NV,AWP,WE,Towers with Radar,120,17,28,1,166,0,14,51,2,67,120,31,79,3,233,14,0,14,247
06/21/2016,RNO,NV,AWP,WE,Towers with Radar,130,21,29,3,183,0,9,51,6,66,130,30,80,9,249,8,0,8,257
06/22/2016,RNO,NV,AWP,WE,Towers with Radar,137,23,16,2,178,0,9,37,6,52,137,32,53,8,230,14,0,14,244
06/23/2016,RNO,NV,AWP,WE,Towers with Radar,128,10,30,2,170,0,12,58,2,72,128,22,88,4,242,26,0,26,268
06/24/2016,RNO,NV,AWP,WE,Towers with Radar,138,13,27,5,183,0,10,52,4,66,138,23,79,9,249,12,0,12,261
06/25/2016,RNO,NV,AWP,WE,Towers with Radar,113,11,17,4,145,0,9,54,3,66,113,20,71,7,211,22,0,22,233
06/26/2016,RNO,NV,AWP,WE,Towers with Radar,112,16,19,8,155,0,5,37,2,44,112,21,56,10,199,12,0,12,211
06/27/2016,RNO,NV,AWP,WE,Towers with Radar,133,16,24,2,175,4,8,52,0,64,137,24,76,2,239,14,0,14,253
06/28/2016,RNO,NV,AWP,WE,Towers with Radar,130,23,17,2,172,0,9,56,8,73,130,32,73,10,245,12,0,12,257
06/29/2016,RNO,NV,AWP,WE,Towers with Radar,136,19,13,3,171,0,10,59,1,70,136,29,72,4,241,0,0,0,241
06/30/2016,RNO,NV,AWP,WE,Towers with Radar,138,37,28,2,205,0,11,71,0,82,138,48,99,2,287,14,0,14,301
07/01/2016,RNO,NV,AWP,WE,Towers with Radar,125,34,32,2,193,0,6,55,3,64,125,40,87,5,257,16,0,16,273
07/02/2016,RNO,NV,AWP,WE,Towers with Radar,123,19,13,0,155,0,3,43,0,46,123,22,56,0,201,14,0,14,215
07/03/2016,RNO,NV,AWP,WE,Towers with Radar,100,25,7,0,132,0,3,36,0,39,100,28,43,0,171,20,0,20,191
07/04/2016,RNO,NV,AWP,WE,Towers with Radar,98,15,5,0,118,0,9,35,2,46,98,24,40,2,164,2,0,2,166
07/05/2016,RNO,NV,AWP,WE,Towers with Radar,119,31,16,1,167,0,3,39,3,45,119,34,55,4,212,8,0,8,220
07/06/2016,RNO,NV,AWP,WE,Towers with Radar,138,27,28,6,199,0,7,47,6,60,138,34,75,12,259,26,0,26,285
07/07/2016,RNO,NV,AWP,WE,Towers with Radar,127,21,18,2,168,0,5,46,3,54,127,26,64,5,222,4,0,4,226
07/08/2016,RNO,NV,AWP,WE,Towers with Radar,134,31,26,3,194,0,8,57,5,70,134,39,83,8,264,18,2,20,284
07/09/2016,RNO,NV,AWP,WE,Towers with Radar,119,27,21,4,171,0,8,23,5,36,119,35,44,9,207,2,0,2,209
07/10/2016,RNO,NV,AWP,WE,Towers with Radar,118,31,41,3,193,0,3,40,6,49,118,34,81,9,242,8,0,8,250
07/11/2016,RNO,NV,AWP,WE,Towers with Radar,125,19,29,0,173,0,8,74,0,82,125,27,103,0,255,22,0,22,277
07/12/2016,RNO,NV,AWP,WE,Towers with Radar,128,26,26,0,180,0,8,67,3,78,128,34,93,3,258,16,0,16,274
07/13/2016,RNO,NV,AWP,WE,Towers with Radar,135,27,17,2,181,0,7,58,5,70,135,34,75,7,251,14,0,14,265
07/14/2016,RNO,NV,AWP,WE,Towers with Radar,127,20,24,1,172,0,5,52,7,64,127,25,76,8,236,6,4,10,246
07/15/2016,RNO,NV,AWP,WE,Towers with Radar,139,22,14,5,180,0,4,61,3,68,139,26,75,8,248,0,0,0,248
07/16/2016,RNO,NV,AWP,WE,Towers with Radar,124,13,11,2,150,0,3,56,0,59,124,16,67,2,209,10,0,10,219
07/17/2016,RNO,NV,AWP,WE,Towers with Radar,118,24,21,1,164,0,2,50,2,54,118,26,71,3,218,0,0,0,218
07/18/2016,RNO,NV,AWP,WE,Towers with Radar,122,24,31,0,177,0,8,29,0,37,122,32,60,0,214,2,0,2,216
07/19/2016,RNO,NV,AWP,WE,Towers with Radar,132,30,31,2,195,0,3,47,3,53,132,33,78,5,248,20,4,24,272
07/20/2016,RNO,NV,AWP,WE,Towers with Radar,121,23,18,1,163,0,4,46,3,53,121,27,64,4,216,0,0,0,216
07/21/2016,RNO,NV,AWP,WE,Towers with Radar,104,28,19,7,158,0,9,68,3,80,104,37,87,10,238,8,12,20,258
07/22/2016,RNO,NV,AWP,WE,Towers with Radar,121,29,30,0,180,0,10,44,2,56,121,39,74,2,236,2,0,2,238
07/23/2016,RNO,NV,AWP,WE,Towers with Radar,112,28,21,5,166,0,3,62,0,65,112,31,83,5,231,20,0,20,251
07/24/2016,RNO,NV,AWP,WE,Towers with Radar,106,25,18,1,150,0,6,51,0,57,106,31,69,1,207,2,0,2,209
07/25/2016,RNO,NV,AWP,WE,Towers with Radar,115,29,16,1,161,0,2,50,0,52,115,31,66,1,213,26,0,26,239
07/26/2016,RNO,NV,AWP,WE,Towers with Radar,122,31,16,5,174,0,8,31,4,43,122,39,47,9,217,4,14,18,235
07/27/2016,RNO,NV,AWP,WE,Towers with Radar,122,31,15,0,168,0,10,49,4,63,122,41,64,4,231,2,0,2,233
07/28/2016,RNO,NV,AWP,WE,Towers with Radar,117,30,33,1,181,0,9,39,5,53,117,39,72,6,234,0,2,2,236
07/29/2016,RNO,NV,AWP,WE,Towers with Radar,129,51,27,6,213,0,9,71,3,83,129,60,98,9,296,8,0,8,304
07/30/2016,RNO,NV,AWP,WE,Towers with Radar,114,23,20,7,164,0,5,63,1,69,114,28,83,8,233,16,0,16,249
07/31/2016,RNO,NV,AWP,WE,Towers with Radar,110,32,12,5,159,0,6,40,0,46,110,38,52,5,205,28,0,28,233
08/01/2016,RNO,NV,AWP,WE,Towers with Radar,121,29,14,4,168,0,8,39,0,47,121,37,53,4,215,14,0,14,229
08/02/2016,RNO,NV,AWP,WE,Towers with Radar,124,36,23,2,185,0,7,43,0,50,124,43,66,2,235,2,0,2,237
08/03/2016,RNO,NV,AWP,WE,Towers with Radar,122,34,16,2,174,0,5,73,3,81,122,39,89,5,255,6,0,6,261
08/04/2016,RNO,NV,AWP,WE,Towers with Radar,123,42,21,1,187,0,6,46,6,58,123,48,67,7,245,8,2,10,255
08/05/2016,RNO,NV,AWP,WE,Towers with Radar,126,29,26,4,185,0,5,46,4,55,126,34,72,8,240,12,0,12,252
08/06/2016,RNO,NV,AWP,WE,Towers with Radar,108,25,24,7,164,0,4,62,3,69,108,29,86,10,233,28,0,28,261
08/07/2016,RNO,NV,AWP,WE,Towers with Radar,107,37,20,5,169,0,3,70,1,74,107,40,90,6,243,34,0,34,277
08/08/2016,RNO,NV,AWP,WE,Towers with Radar,114,43,19,4,180,0,10,28,4,42,114,53,47,8,222,20,0,20,242
08/09/2016,RNO,NV,AWP,WE,Towers with Radar,120,42,22,1,185,0,5,45,3,53,120,47,67,4,238,6,0,6,244
08/10/2016,RNO,NV,AWP,WE,Towers with Radar,117,24,16,7,164,0,4,45,2,51,117,28,61,9,215,8,0,8,223
08/11/2016,RNO,NV,AWP,WE,Towers with Radar,119,31,26,5,181,0,11,61,2,74,119,42,87,7,255,12,0,12,267
08/12/2016,RNO,NV,AWP,WE,Towers with Radar,125,32,24,7,188,0,7,47,6,60,125,39,71,13,248,4,0,4,252
08/13/2016,RNO,NV,AWP,WE,Towers with Radar,102,32,20,6,160,0,1,64,2,67,102,33,84,8,227,18,0,18,245
08/14/2016,RNO,NV,AWP,WE,Towers with Radar,113,23,20,1,157,0,8,35,3,46,113,31,55,4,203,10,0,10,213
08/15/2016,RNO,NV,AWP,WE,Towers with Radar,115,34,18,1,168,0,6,42,4,52,115,40,60,5,220,0,0,0,220
08/16/2016,RNO,NV,AWP,WE,Towers with Radar,126,32,15,2,175,0,15,49,1,65,126,47,64,3,240,6,0,6,246
08/17/2016,RNO,NV,AWP,WE,Towers with Radar,125,28,21,2,176,0,8,40,3,51,125,36,61,5,227,10,4,14,241
08/18/2016,RNO,NV,AWP,WE,Towers with Radar,121,36,14,5,176,0,12,51,1,64,121,48,65,6,240,12,0,12,252
08/19/2016,RNO,NV,AWP,WE,Towers with Radar,121,46,23,4,194,0,12,52,1,65,121,58,75,5,259,6,0,6,265
08/20/2016,RNO,NV,AWP,WE,Towers with Radar,95,31,16,1,143,0,4,47,0,51,95,35,63,1,194,12,0,12,206
08/21/2016,RNO,NV,AWP,WE,Towers with Radar,109,34,25,0,168,0,6,50,0,56,109,40,75,0,224,8,0,8,232
08/22/2016,RNO,NV,AWP,WE,Towers with Radar,111,44,17,0,172,0,4,56,0,60,111,48,73,0,232,6,0,6,238
08/23/2016,RNO,NV,AWP,WE,Towers with Radar,121,45,31,2,199,0,6,54,4,64,121,51,85,6,263,0,0,0,263
08/24/2016,RNO,NV,AWP,WE,Towers with Radar,120,24,22,6,172,0,8,69,2,79,120,32,91,8,251,20,0,20,271
08/25/2016,RNO,NV,AWP,WE,Towers with Radar,120,21,27,0,168,0,8,68,2,78,120,29,95,2,246,22,0,22,268
08/26/2016,RNO,NV,AWP,WE,Towers with Radar,118,42,34,4,198,0,12,57,2,71,118,54,91,6,269,8,2,10,279
08/27/2016,RNO,NV,AWP,WE,Towers with Radar,93,33,20,0,146,0,16,54,1,71,93,49,74,1,217,8,0,8,225
08/28/2016,RNO,NV,AWP,WE,Towers with Radar,110,32,19,3,164,0,32,67,1,100,110,64,86,4,264,34,0,34,298
08/29/2016,RNO,NV,AWP,WE,Towers with Radar,113,47,29,2,191,0,34,76,5,115,113,81,105,7,306,8,0,8,314
08/30/2016,RNO,NV,AWP,WE,Towers with Radar,124,44,20,4,192,0,38,52,2,92,124,82,72,6,284,20,0,20,304
08/31/2016,RNO,NV,AWP,WE,Towers with Radar,134,36,35,18,223,0,36,66,2,104,134,72,101,20,327,24,4,28,355
09/01/2016,RNO,NV,AWP,WE,Towers with Radar,130,36,54,7,227,0,35,96,2,133,130,71,150,9,360,0,0,0,360
09/02/2016,RNO,NV,AWP,WE,Towers with Radar,127,43,37,0,207,0,23,86,3,112,127,66,123,3,319,0,0,0,319
09/03/2016,RNO,NV,AWP,WE,Towers with Radar,98,30,37,0,165,0,31,68,0,99,98,61,105,0,264,30,0,30,294
09/04/2016,RNO,NV,AWP,WE,Towers with Radar,104,32,37,0,173,0,56,82,1,139,104,88,119,1,312,0,0,0,312
09/05/2016,RNO,NV,AWP,WE,Towers with Radar,118,26,21,1,166,0,53,80,0,133,118,79,101,1,299,0,0,0,299
09/06/2016,RNO,NV,AWP,WE,Towers with Radar,125,22,21,3,171,0,13,53,6,72,125,35,74,9,243,2,0,2,245
09/07/2016,RNO,NV,AWP,WE,Towers with Radar,129,23,17,3,172,0,8,53,0,61,129,31,70,3,233,4,0,4,237
09/08/2016,RNO,NV,AWP,WE,Towers with Radar,137,21,32,5,195,0,8,67,2,77,137,29,99,7,272,8,2,10,282
09/09/2016,RNO,NV,AWP,WE,Towers with Radar,124,21,24,6,175,0,8,61,1,70,124,29,85,7,245,14,2,16,261
09/10/2016,RNO,NV,AWP,WE,Towers with Radar,99,13,18,3,133,0,6,57,2,65,99,19,75,5,198,0,2,2,200
09/11/2016,RNO,NV,AWP,WE,Towers with Radar,114,26,24,2,166,0,4,65,1,70,114,30,89,3,236,0,0,0,236
09/12/2016,RNO,NV,AWP,WE,Towers with Radar,117,35,19,1,172,0,8,37,1,46,117,43,56,2,218,14,0,14,232
09/13/2016,RNO,NV,AWP,WE,Towers with Radar,125,26,30,17,198,0,6,66,0,72,125,32,96,17,270,20,0,20,290
09/14/2016,RNO,NV,AWP,WE,Towers with Radar,128,28,33,3,192,0,8,61,5,74,128,36,94,8,266,8,0,8,274
09/15/2016,RNO,NV,AWP,WE,Towers with Radar,125,27,50,1,203,0,11,103,6,120,125,38,153,7,323,2,2,4,327
09/16/2016,RNO,NV,AWP,WE,Towers with Radar,125,24,66,4,219,0,7,142,3,152,125,31,208,7,371,0,0,0,371
09/17/2016,RNO,NV,AWP,WE,Towers with Radar,96,18,32,0,146,0,6,113,2,121,96,24,145,2,267,14,0,14,281
09/18/2016,RNO,NV,AWP,WE,Towers with Radar,119,28,46,1,194,0,13,139,3,155,119,41,185,4,349,8,0,8,357
09/19/2016,RNO,NV,AWP,WE,Towers with Radar,118,31,55,5,209,0,7,122,4,133,118,38,177,9,342,4,8,12,354
09/20/2016,RNO,NV,AWP,WE,Towers with Radar,127,35,30,6,198,0,8,58,5,71,127,43,88,11,269,6,0,6,275
09/21/2016,RNO,NV,AWP,WE,Towers with Radar,124,29,20,1,174,0,2,17,3,22,124,31,37,4,196,6,0,6,202
09/22/2016,RNO,NV,AWP,WE,Towers with Radar,131,23,22,6,182,0,6,21,3,30,131,29,43,9,212,6,0,6,218
09/23/2016,RNO,NV,AWP,WE,Towers with Radar,124,25,13,0,162,0,6,67,2,75,124,31,80,2,237,12,0,12,249
09/24/2016,RNO,NV,AWP,WE,Towers with Radar,106,19,14,0,139,0,3,52,1,56,106,22,66,1,195,7,0,7,202
09/25/2016,RNO,NV,AWP,WE,Towers with Radar,114,27,19,0,160,0,2,69,0,71,114,29,88,0,231,4,0,4,235
09/26/2016,RNO,NV,AWP,WE,Towers with Radar,116,24,21,1,162,0,8,34,0,42,116,32,55,1,204,0,0,0,204
09/27/2016,RNO,NV,AWP,WE,Towers with Radar,128,21,24,3,176,0,8,44,6,58,128,29,68,9,234,18,0,18,252
09/28/2016,RNO,NV,AWP,WE,Towers with Radar,133,27,19,4,183,0,8,62,5,75,133,35,81,9,258,0,0,0,258
09/29/2016,RNO,NV,AWP,WE,Towers with Radar,128,34,31,1,194,0,9,38,3,50,128,43,69,4,244,20,0,20,264
09/30/2016,RNO,NV,AWP,WE,Towers with Radar,126,33,23,4,186,0,6,32,0,38,126,39,55,4,224,2,0,2,226
10/01/2016,RNO,NV,AWP,WE,Towers with Radar,97,23,15,0,135,0,5,43,0,48,97,28,58,0,183,10,0,10,193
10/02/2016,RNO,NV,AWP,WE,Towers with Radar,114,14,23,0,151,0,2,35,0,37,114,16,58,0,188,6,0,6,194
10/03/2016,RNO,NV,AWP,WE,Towers with Radar,121,18,28,2,169,0,3,23,0,26,121,21,51,2,195,32,0,32,227
10/04/2016,RNO,NV,AWP,WE,Towers with Radar,126,16,35,1,178,0,3,39,2,44,126,19,74,3,222,2,0,2,224
10/05/2016,RNO,NV,AWP,WE,Towers with Radar,132,17,15,0,164,0,8,50,6,64,132,25,65,6,228,1,0,1,229
10/06/2016,RNO,NV,AWP,WE,Towers with Radar,127,27,22,0,176,0,19,58,1,78,127,46,80,1,254,8,0,8,262
10/07/2016,RNO,NV,AWP,WE,Towers with Radar,126,8,25,3,162,0,11,66,4,81,126,19,91,7,243,10,2,12,255
10/08/2016,RNO,NV,AWP,WE,Towers with Radar,97,14,14,0,125,0,2,43,2,47,97,16,57,2,172,6,0,6,178
10/09/2016,RNO,NV,AWP,WE,Towers with Radar,111,22,18,0,151,0,6,49,0,55,111,28,67,0,206,8,0,8,214
10/10/2016,RNO,NV,AWP,WE,Towers with Radar,118,17,16,2,153,0,9,38,2,49,118,26,54,4,202,18,0,18,220
10/11/2016,RNO,NV,AWP,WE,Towers with Radar,126,20,17,1,164,0,20,42,6,68,126,40,59,7,232,16,6,22,254
10/12/2016,RNO,NV,AWP,WE,Towers with Radar,127,22,28,3,180,0,9,42,4,55,127,31,70,7,235,10,0,10,245
10/13/2016,RNO,NV,AWP,WE,Towers with Radar,125,20,30,2,177,0,5,35,2,42,125,25,65,4,219,10,0,10,229
10/14/2016,RNO,NV,AWP,WE,Towers with Radar,129,22,22,1,174,0,4,2,0,6,129,26,24,1,180,2,0,2,182
10/15/2016,RNO,NV,AWP,WE,Towers with Radar,77,15,8,1,101,0,1,3,0,4,77,16,11,1,105,0,0,0,105
10/16/2016,RNO,NV,AWP,WE,Towers with Radar,113,19,18,0,150,0,1,4,0,5,113,20,22,0,155,0,0,0,155
10/17/2016,RNO,NV,AWP,WE,Towers with Radar,119,17,31,3,170,0,5,24,0,29,119,22,55,3,199,4,2,6,205
10/18/2016,RNO,NV,AWP,WE,Towers with Radar,127,24,20,7,178,0,6,47,3,56,127,30,67,10,234,4,0,4,238
10/19/2016,RNO,NV,AWP,WE,Towers with Radar,130,25,16,0,171,0,10,34,4,48,130,35,50,4,219,12,0,12,231
10/20/2016,RNO,NV,AWP,WE,Towers with Radar,125,20,22,0,167,0,15,49,7,71,125,35,71,7,238,6,2,8,246
10/21/2016,RNO,NV,AWP,WE,Towers with Radar,127,22,22,3,174,0,6,99,4,109,127,28,121,7,283,18,0,18,301
10/22/2016,RNO,NV,AWP,WE,Towers with Radar,95,8,15,0,118,0,2,47,0,49,95,10,62,0,167,0,0,0,167
10/23/2016,RNO,NV,AWP,WE,Towers with Radar,109,24,18,0,151,0,1,35,2,38,109,25,53,2,189,0,0,0,189
10/24/2016,RNO,NV,AWP,WE,Towers with Radar,117,23,16,2,158,0,2,23,4,29,117,25,39,6,187,0,0,0,187
10/25/2016,RNO,NV,AWP,WE,Towers with Radar,125,24,36,8,193,0,4,23,3,30,125,28,59,11,223,6,2,8,231
10/26/2016,RNO,NV,AWP,WE,Towers with Radar,128,17,17,1,163,0,3,69,3,75,128,20,86,4,238,6,0,6,244
10/27/2016,RNO,NV,AWP,WE,Towers with Radar,130,25,29,7,191,0,1,16,3,20,130,26,45,10,211,19,0,19,230
10/28/2016,RNO,NV,AWP,WE,Towers with Radar,121,29,24,9,183,0,1,2,0,3,121,30,26,9,186,0,0,0,186
10/29/2016,RNO,NV,AWP,WE,Towers with Radar,100,25,13,5,143,0,5,20,1,26,100,30,33,6,169,0,0,0,169
10/30/2016,RNO,NV,AWP,WE,Towers with Radar,107,18,22,0,147,0,1,3,0,4,107,19,25,0,151,0,0,0,151
10/31/2016,RNO,NV,AWP,WE,Towers with Radar,113,32,24,0,169,0,4,38,1,43,113,36,62,1,212,16,0,16,228
11/01/2016,RNO,NV,AWP,WE,Towers with Radar,122,29,22,3,176,0,5,27,5,37,122,34,49,8,213,0,6,6,219
11/02/2016,RNO,NV,AWP,WE,Towers with Radar,124,22,28,2,176,0,8,35,7,50,124,30,63,9,226,8,2,10,236
11/03/2016,RNO,NV,AWP,WE,Towers with Radar,122,23,21,5,171,1,8,18,8,35,123,31,39,13,206,8,4,12,218
11/04/2016,RNO,NV,AWP,WE,Towers with Radar,121,19,27,1,168,0,8,55,2,65,121,27,82,3,233,4,0,4,237
11/05/2016,RNO,NV,AWP,WE,Towers with Radar,89,18,24,3,134,0,14,55,0,69,89,32,79,3,203,22,0,22,225
11/06/2016,RNO,NV,AWP,WE,Towers with Radar,104,16,21,1,142,0,25,25,0,50,104,41,46,1,192,12,0,12,204
11/07/2016,RNO,NV,AWP,WE,Towers with Radar,98,19,21,7,145,0,7,40,2,49,98,26,61,9,194,30,10,40,234
11/08/2016,RNO,NV,AWP,WE,Towers with Radar,111,17,18,0,146,0,9,54,0,63,111,26,72,0,209,18,0,18,227
11/09/2016,RNO,NV,AWP,WE,Towers with Radar,115,17,17,6,155,0,5,56,8,69,115,22,73,14,224,6,20,26,250
11/10/2016,RNO,NV,AWP,WE,Towers with Radar,114,24,24,2,164,0,10,58,2,70,114,34,82,4,234,0,0,0,234
11/11/2016,RNO,NV,AWP,WE,Towers with Radar,115,22,23,0,160,0,8,65,1,74,115,30,88,1,234,22,0,22,256
11/12/2016,RNO,NV,AWP,WE,Towers with Radar,83,18,12,0,113,0,3,65,0,68,83,21,77,0,181,0,0,0,181
11/13/2016,RNO,NV,AWP,WE,Towers with Radar,103,25,14,1,143,0,2,72,1,75,103,27,86,2,218,25,0,25,243
11/14/2016,RNO,NV,AWP,WE,Towers with Radar,107,25,21,1,154,0,7,54,7,68,107,32,75,8,222,24,0,24,246
11/15/2016,RNO,NV,AWP,WE,Towers with Radar,117,25,18,0,160,0,5,25,1,31,117,30,43,1,191,4,0,4,195
11/16/2016,RNO,NV,AWP,WE,Towers with Radar,117,26,15,1,159,0,0,15,3,18,117,26,30,4,177,8,0,8,185
11/17/2016,RNO,NV,AWP,WE,Towers with Radar,118,27,22,5,172,0,7,60,3,70,118,34,82,8,242,30,0,30,272
11/18/2016,RNO,NV,AWP,WE,Towers with Radar,119,25,14,4,162,0,8,66,5,79,119,33,80,9,241,16,0,16,257
11/19/2016,RNO,NV,AWP,WE,Towers with Radar,106,18,22,1,147,0,0,9,0,9,106,18,31,1,156,0,0,0,156
11/20/2016,RNO,NV,AWP,WE,Towers with Radar,103,26,23,4,156,0,0,6,0,6,103,26,29,4,162,4,2,6,168
11/21/2016,RNO,NV,AWP,WE,Towers with Radar,109,27,28,1,165,0,0,14,0,14,109,27,42,1,179,4,0,4,183
11/22/2016,RNO,NV,AWP,WE,Towers with Radar,118,22,22,2,164,0,1,61,8,70,118,23,83,10,234,22,24,46,280
11/23/2016,RNO,NV,AWP,WE,Towers with Radar,122,38,26,2,188,0,5,21,0,26,122,43,47,2,214,0,0,0,214
11/24/2016,RNO,NV,AWP,WE,Towers with Radar,72,11,6,0,89,0,7,14,0,21,72,18,20,0,110,8,0,8,118
11/25/2016,RNO,NV,AWP,WE,Towers with Radar,92,19,17,0,128,0,6,20,0,26,92,25,37,0,154,14,0,14,168
11/26/2016,RNO,NV,AWP,WE,Towers with Radar,107,27,22,0,156,0,1,20,0,21,107,28,42,0,177,8,0,8,185
11/27/2016,RNO,NV,AWP,WE,Towers with Radar,116,23,43,0,182,0,3,26,1,30,116,26,69,1,212,0,0,0,212
11/28/2016,RNO,NV,AWP,WE,Towers with Radar,119,26,16,5,166,0,5,7,0,12,119,31,23,5,178,4,0,4,182
11/29/2016,RNO,NV,AWP,WE,Towers with Radar,118,25,35,6,184,0,5,47,10,62,118,30,82,16,246,38,6,44,290
11/30/2016,RNO,NV,AWP,WE,Towers with Radar,116,18,27,4,165,0,4,30,3,37,116,22,57,7,202,0,4,4,206
12/01/2016,RNO,NV,AWP,WE,Towers with Radar,120,24,22,2,168,0,6,23,6,35,120,30,45,8,203,10,2,12,215
12/02/2016,RNO,NV,AWP,WE,Towers with Radar,122,19,31,5,177,0,6,47,0,53,122,25,78,5,230,16,2,18,248
12/03/2016,RNO,NV,AWP,WE,Towers with Radar,85,20,14,1,120,0,3,58,5,66,85,23,72,6,186,4,0,4,190
12/04/2016,RNO,NV,AWP,WE,Towers with Radar,104,10,19,3,136,0,1,34,0,35,104,11,53,3,171,12,0,12,183
12/05/2016,RNO,NV,AWP,WE,Towers with Radar,112,19,18,4,153,0,4,34,10,48,112,23,52,14,201,24,0,24,225
12/06/2016,RNO,NV,AWP,WE,Towers with Radar,118,24,28,6,176,0,4,24,6,34,118,28,52,12,210,10,0,10,220
12/07/2016,RNO,NV,AWP,WE,Towers with Radar,119,27,34,0,180,0,1,31,6,38,119,28,65,6,218,22,2,24,242
12/08/2016,RNO,NV,AWP,WE,Towers with Radar,121,22,19,2,164,0,3,3,3,9,121,25,22,5,173,0,2,2,175
12/09/2016,RNO,NV,AWP,WE,Towers with Radar,117,18,22,0,157,0,1,16,2,19,117,19,38,2,176,0,0,0,176
12/10/2016,RNO,NV,AWP,WE,Towers with Radar,88,19,7,5,119,0,1,0,0,1,88,20,7,5,120,0,0,0,120
12/11/2016,RNO,NV,AWP,WE,Towers with Radar,104,22,14,1,141,0,2,26,0,28,104,24,40,1,169,12,0,12,181
12/12/2016,RNO,NV,AWP,WE,Towers with Radar,118,19,28,9,174,0,5,57,2,64,118,24,85,11,238,48,0,48,286
12/13/2016,RNO,NV,AWP,WE,Towers with Radar,117,22,13,2,154,0,5,16,0,21,117,27,29,2,175,6,6,12,187
12/14/2016,RNO,NV,AWP,WE,Towers with Radar,139,18,8,4,169,0,2,8,0,10,139,20,16,4,179,0,8,8,187
12/15/2016,RNO,NV,AWP,WE,Towers with Radar,100,18,16,0,134,0,1,2,1,4,100,19,18,1,138,0,0,0,138
12/16/2016,RNO,NV,AWP,WE,Towers with Radar,139,35,33,4,211,0,3,11,0,14,139,38,44,4,225,12,0,12,237
12/17/2016,RNO,NV,AWP,WE,Towers with Radar,110,27,29,1,167,0,2,72,0,74,110,29,101,1,241,48,0,48,289
12/18/2016,RNO,NV,AWP,WE,Towers with Radar,130,22,16,0,168,0,5,48,1,54,130,27,64,1,222,44,0,44,266
12/19/2016,RNO,NV,AWP,WE,Towers with Radar,127,14,19,0,160,0,3,38,1,42,127,17,57,1,202,2,0,2,204
12/20/2016,RNO,NV,AWP,WE,Towers with Radar,146,21,21,18,206,0,4,39,1,44,146,25,60,19,250,20,14,34,284
12/21/2016,RNO,NV,AWP,WE,Towers with Radar,143,32,32,9,216,0,0,4,1,5,143,32,36,10,221,0,2,2,223
12/22/2016,RNO,NV,AWP,WE,Towers with Radar,142,34,41,3,220,0,3,17,2,22,142,37,58,5,242,16,6,22,264
12/23/2016,RNO,NV,AWP,WE,Towers with Radar,135,31,23,0,189,0,1,1,4,6,135,32,24,4,195,8,10,18,213
12/24/2016,RNO,NV,AWP,WE,Towers with Radar,105,33,14,0,152,0,4,2,0,6,105,37,16,0,158,2,0,2,160
12/25/2016,RNO,NV,AWP,WE,Towers with Radar,88,26,4,0,118,0,5,15,1,21,88,31,19,1,139,1,0,1,140
12/26/2016,RNO,NV,AWP,WE,Towers with Radar,116,33,25,0,174,0,7,38,0,45,116,40,63,0,219,10,0,10,229
12/27/2016,RNO,NV,AWP,WE,Towers with Radar,123,30,29,7,189,0,6,47,1,54,123,36,76,8,243,4,0,4,247
12/28/2016,RNO,NV,AWP,WE,Towers with Radar,142,38,24,0,204,0,4,47,3,54,142,42,71,3,258,14,0,14,272
12/29/2016,RNO,NV,AWP,WE,Towers with Radar,139,29,32,1,201,0,6,43,2,51,139,35,75,3,252,12,0,12,264
12/30/2016,RNO,NV,AWP,WE,Towers with Radar,133,32,34,0,199,0,8,45,0,53,133,40,79,0,252,8,0,8,260
12/31/2016,RNO,NV,AWP,WE,Towers with Radar,100,31,13,0,144,0,1,26,0,27,100,32,39,0,171,4,0,4,175
01/01/2017,RNO,NV,AWP,WE,Towers with Radar,97,29,23,0,149,0,1,4,0,5,97,30,27,0,154,0,0,0,154
01/02/2017,RNO,NV,AWP,WE,Towers with Radar,110,60,44,0,214,0,2,0,0,2,110,62,44,0,216,10,0,10,226
01/03/2017,RNO,NV,AWP,WE,Towers with Radar,121,42,39,3,205,0,7,6,0,13,121,49,45,3,218,0,0,0,218
01/04/2017,RNO,NV,AWP,WE,Towers with Radar,118,24,25,0,167,0,0,0,0,0,118,24,25,0,167,0,0,0,167
01/05/2017,RNO,NV,AWP,WE,Towers with Radar,130,37,20,5,192,0,1,2,0,3,130,38,22,5,195,0,0,0,195
01/06/2017,RNO,NV,AWP,WE,Towers with Radar,129,33,24,2,188,0,2,17,1,20,129,35,41,3,208,10,0,10,218
01/07/2017,RNO,NV,AWP,WE,Towers with Radar,106,21,12,0,139,0,1,0,0,1,106,22,12,0,140,0,0,0,140
01/08/2017,RNO,NV,AWP,WE,Towers with Radar,98,19,13,0,130,0,1,1,0,2,98,20,14,0,132,0,0,0,132
01/09/2017,RNO,NV,AWP,WE,Towers with Radar,109,28,22,0,159,0,2,3,0,5,109,30,25,0,164,0,0,0,164
01/10/2017,RNO,NV,AWP,WE,Towers with Radar,117,12,14,0,143,0,1,2,0,3,117,13,16,0,146,2,0,2,148
01/11/2017,RNO,NV,AWP,WE,Towers with Radar,123,27,8,5,163,0,2,2,2,6,123,29,10,7,169,2,2,4,173
01/12/2017,RNO,NV,AWP,WE,Towers with Radar,118,33,28,3,182,0,1,0,0,1,118,34,28,3,183,0,0,0,183
01/13/2017,RNO,NV,AWP,WE,Towers with Radar,122,54,46,4,226,0,5,20,0,25,122,59,66,4,251,0,6,6,257
01/14/2017,RNO,NV,AWP,WE,Towers with Radar,97,25,39,0,161,0,1,2,0,3,97,26,41,0,164,79,0,79,243
01/15/2017,RNO,NV,AWP,WE,Towers with Radar,102,41,38,2,183,0,0,0,0,0,102,41,38,2,183,0,0,0,183
01/16/2017,RNO,NV,AWP,WE,Towers with Radar,108,44,53,3,208,0,5,37,0,42,108,49,90,3,250,10,0,10,260
01/17/2017,RNO,NV,AWP,WE,Towers with Radar,117,35,40,13,205,0,2,24,2,28,117,37,64,15,233,19,6,25,258
01/18/2017,RNO,NV,AWP,WE,Towers with Radar,127,20,21,3,171,0,3,7,0,10,127,23,28,3,181,8,0,8,189
01/19/2017,RNO,NV,AWP,WE,Towers with Radar,123,37,46,7,213,0,1,4,0,5,123,38,50,7,218,12,0,12,230
01/20/2017,RNO,NV,AWP,WE,Towers with Radar,120,35,17,4,176,0,0,0,1,1,120,35,17,5,177,0,9,9,186
01/21/2017,RNO,NV,AWP,WE,Towers with Radar,98,28,18,4,148,0,9,9,0,18,98,37,27,4,166,2,0,2,168
01/22/2017,RNO,NV,AWP,WE,Towers with Radar,96,15,17,4,132,0,0,0,0,0,96,15,17,4,132,0,0,0,132
01/23/2017,RNO,NV,AWP,WE,Towers with Radar,110,46,22,1,179,0,5,0,0,5,110,51,22,1,184,6,0,6,190
01/24/2017,RNO,NV,AWP,WE,Towers with Radar,115,32,20,1,168,0,6,33,0,39,115,38,53,1,207,14,0,14,221
01/25/2017,RNO,NV,AWP,WE,Towers with Radar,119,38,27,4,188,0,3,14,4,21,119,41,41,8,209,37,1,38,247
01/26/2017,RNO,NV,AWP,WE,Towers with Radar,117,35,24,3,179,0,3,24,2,29,117,38,48,5,208,6,0,6,214
01/27/2017,RNO,NV,AWP,WE,Towers with Radar,118,36,18,3,175,0,7,52,7,66,118,43,70,10,241,10,0,10,251
01/28/2017,RNO,NV,AWP,WE,Towers with Radar,98,19,15,5,137,0,1,63,2,66,98,20,78,7,203,51,0,51,254
01/29/2017,RNO,NV,AWP,WE,Towers with Radar,103,32,26,2,163,0,4,58,0,62,103,36,84,2,225,16,0,16,241
01/30/2017,RNO,NV,AWP,WE,Towers with Radar,112,27,19,2,160,0,4,59,3,66,112,31,78,5,226,0,0,0,226
01/31/2017,RNO,NV,AWP,WE,Towers with Radar,111,38,23,9,181,0,3,40,7,50,111,41,63,16,231,10,22,32,263
02/01/2017,RNO,NV,AWP,WE,Towers with Radar,116,31,22,5,174,0,2,29,6,37,116,33,51,11,211,10,6,16,227
02/02/2017,RNO,NV,AWP,WE,Towers with Radar,114,25,24,6,169,0,4,4,4,12,114,29,28,10,181,2,0,2,183
02/03/2017,RNO,NV,AWP,WE,Towers with Radar,123,44,34,2,203,0,3,3,3,9,123,47,37,5,212,0,2,2,214
02/04/2017,RNO,NV,AWP,WE,Towers with Radar,102,17,15,1,135,0,2,16,3,21,102,19,31,4,156,0,0,0,156
02/05/2017,RNO,NV,AWP,WE,Towers with Radar,90,23,25,2,140,0,0,21,0,21,90,23,46,2,161,9,0,9,170
02/06/2017,RNO,NV,AWP,WE,Towers with Radar,99,31,20,2,152,0,2,1,0,3,99,33,21,2,155,0,0,0,155
02/07/2017,RNO,NV,AWP,WE,Towers with Radar,111,21,16,4,152,0,2,3,0,5,111,23,19,4,157,0,0,0,157
02/08/2017,RNO,NV,AWP,WE,Towers with Radar,122,29,23,3,177,0,2,4,0,6,122,31,27,3,183,2,0,2,185
02/09/2017,RNO,NV,AWP,WE,Towers with Radar,106,15,17,0,138,0,2,0,1,3,106,17,17,1,141,0,0,0,141
02/10/2017,RNO,NV,AWP,WE,Towers with Radar,119,35,33,4,191,0,2,4,2,8,119,37,37,6,199,2,0,2,201
02/11/2017,RNO,NV,AWP,WE,Towers with Radar,106,22,22,3,153,0,6,38,0,44,106,28,60,3,197,41,0,41,238
02/12/2017,RNO,NV,AWP,WE,Towers with Radar,102,17,19,2,140,0,3,66,3,72,102,20,85,5,212,34,0,34,246
02/13/2017,RNO,NV,AWP,WE,Towers with Radar,113,14,18,1,146,0,4,51,4,59,113,18,69,5,205,14,0,14,219
02/14/2017,RNO,NV,AWP,WE,Towers with Radar,110,15,17,6,148,0,7,62,3,72,110,22,79,9,220,18,7,25,245
02/15/2017,RNO,NV,AWP,WE,Towers with Radar,140,39,25,0,204,0,4,60,5,69,140,43,85,5,273,29,2,31,304
02/16/2017,RNO,NV,AWP,WE,Towers with Radar,131,35,30,3,199,0,7,4,1,12,131,42,34,4,211,2,0,2,213
02/17/2017,RNO,NV,AWP,WE,Towers with Radar,119,44,80,2,245,0,3,2,0,5,119,47,82,2,250,16,0,16,266
02/18/2017,RNO,NV,AWP,WE,Towers with Radar,107,36,28,0,171,0,2,13,0,15,107,38,41,0,186,36,0,36,222
02/19/2017,RNO,NV,AWP,WE,Towers with Radar,107,35,25,2,169,2,2,4,0,8,109,37,29,2,177,8,0,8,185
02/20/2017,RNO,NV,AWP,WE,Towers with Radar,117,23,49,0,189,0,1,1,0,2,117,24,50,0,191,8,0,8,199
02/21/2017,RNO,NV,AWP,WE,Towers with Radar,132,29,24,5,190,0,0,0,0,0,132,29,24,5,190,0,0,0,190
02/22/2017,RNO,NV,AWP,WE,Towers with Radar,125,34,38,3,200,0,7,20,3,30,125,41,58,6,230,0,0,0,230
02/23/2017,RNO,NV,AWP,WE,Towers with Radar,123,27,40,7,197,0,2,27,1,30,123,29,67,8,227,14,0,14,241
02/24/2017,RNO,NV,AWP,WE,Towers with Radar,122,27,41,5,195,0,11,56,6,73,122,38,97,11,268,24,0,24,292
02/25/2017,RNO,NV,AWP,WE,Towers with Radar,100,25,23,1,149,0,1,10,0,11,100,26,33,1,160,14,0,14,174
02/26/2017,RNO,NV,AWP,WE,Towers with Radar,111,26,32,1,170,0,1,52,1,54,111,27,84,2,224,0,0,0,224
02/27/2017,RNO,NV,AWP,WE,Towers with Radar,113,29,25,1,168,0,5,31,4,40,113,34,56,5,208,22,0,22,230
02/28/2017,RNO,NV,AWP,WE,Towers with Radar,124,16,24,2,166,0,11,64,4,79,124,27,88,6,245,10,8,18,263
03/01/2017,RNO,NV,AWP,WE,Towers with Radar,130,14,23,0,167,0,9,53,15,77,130,23,76,15,244,6,0,6,250
03/02/2017,RNO,NV,AWP,WE,Towers with Radar,121,18,35,7,181,0,13,58,6,77,121,31,93,13,258,22,2,24,282
03/03/2017,RNO,NV,AWP,WE,Towers with Radar,134,28,31,5,198,9,6,40,1,56,143,34,71,6,254,6,0,6,260
03/04/2017,RNO,NV,AWP,WE,Towers with Radar,109,24,13,0,146,0,3,7,0,10,109,27,20,0,156,0,0,0,156
03/05/2017,RNO,NV,AWP,WE,Towers with Radar,107,28,40,6,181,0,1,3,1,5,107,29,43,7,186,0,2,2,188
03/06/2017,RNO,NV,AWP,WE,Towers with Radar,124,17,42,1,184,0,3,8,0,11,124,20,50,1,195,0,0,0,195
03/07/2017,RNO,NV,AWP,WE,Towers with Radar,124,12,22,2,160,0,3,23,4,30,124,15,45,6,190,4,0,4,194
03/08/2017,RNO,NV,AWP,WE,Towers with Radar,129,19,21,1,170,0,5,35,5,45,129,24,56,6,215,16,0,16,231
03/09/2017,RNO,NV,AWP,WE,Towers with Radar,124,19,28,1,172,0,8,66,8,82,124,27,94,9,254,12,0,12,266
03/10/2017,RNO,NV,AWP,WE,Towers with Radar,122,24,38,9,193,0,2,44,1,47,122,26,82,10,240,2,2,4,244
03/11/2017,RNO,NV,AWP,WE,Towers with Radar,108,11,15,2,136,0,3,58,2,63,108,14,73,4,199,7,0,7,206
03/12/2017,RNO,NV,AWP,WE,Towers with Radar,118,25,27,4,174,0,5,60,0,65,118,30,87,4,239,8,0,8,247
03/13/2017,RNO,NV,AWP,WE,Towers with Radar,117,18,18,16,169,0,4,45,0,49,117,22,63,16,218,6,6,12,230
03/14/2017,RNO,NV,AWP,WE,Towers with Radar,131,18,22,1,172,0,4,43,3,50,131,22,65,4,222,4,0,4,226
03/15/2017,RNO,NV,AWP,WE,Towers with Radar,128,21,26,1,176,0,8,37,2,47,128,29,63,3,223,12,0,12,235
03/16/2017,RNO,NV,AWP,WE,Towers with Radar,126,28,21,3,178,0,4,48,3,55,126,32,69,6,233,12,0,12,245
03/17/2017,RNO,NV,AWP,WE,Towers with Radar,130,18,29,4,181,0,8,68,4,80,130,26,97,8,261,0,2,2,263
03/18/2017,RNO,NV,AWP,WE,Towers with Radar,105,15,12,0,132,0,5,33,0,38,105,20,45,0,170,0,0,0,170
03/19/2017,RNO,NV,AWP,WE,Towers with Radar,121,16,38,0,175,0,1,39,2,42,121,17,77,2,217,2,0,2,219
03/20/2017,RNO,NV,AWP,WE,Towers with Radar,115,17,34,2,168,0,4,27,2,33,115,21,61,4,201,2,0,2,203
03/21/2017,RNO,NV,AWP,WE,Towers with Radar,133,28,22,5,188,0,6,3,0,9,133,34,25,5,197,0,0,0,197
03/22/2017,RNO,NV,AWP,WE,Towers with Radar,130,22,20,6,178,0,2,11,1,14,130,24,31,7,192,28,0,28,220
03/23/2017,RNO,NV,AWP,WE,Towers with Radar,125,29,31,6,191,0,9,46,5,60,125,38,77,11,251,14,0,14,265
03/24/2017,RNO,NV,AWP,WE,Towers with Radar,125,34,39,6,204,0,1,7,0,8,125,35,46,6,212,0,0,0,212
03/25/2017,RNO,NV,AWP,WE,Towers with Radar,109,21,22,0,152,0,6,22,0,28,109,27,44,0,180,28,0,28,208
03/26/2017,RNO,NV,AWP,WE,Towers with Radar,121,23,15,2,161,0,8,27,0,35,121,31,42,2,196,16,0,16,212
03/27/2017,RNO,NV,AWP,WE,Towers with Radar,118,26,21,5,170,0,5,11,3,19,118,31,32,8,189,0,0,0,189
03/28/2017,RNO,NV,AWP,WE,Towers with Radar,128,20,20,6,174,0,3,78,2,83,128,23,98,8,257,24,0,24,281
03/29/2017,RNO,NV,AWP,WE,Towers with Radar,127,20,14,4,165,0,3,69,8,80,127,23,83,12,245,6,10,16,261
03/30/2017,RNO,NV,AWP,WE,Towers with Radar,128,23,22,5,178,0,1,3,0,4,128,24,25,5,182,0,0,0,182
03/31/2017,RNO,NV,AWP,WE,Towers with Radar,128,23,32,5,188,0,4,45,2,51,128,27,77,7,239,7,0,7,246
04/01/2017,RNO,NV,AWP,WE,Towers with Radar,104,11,19,3,137,0,4,48,1,53,104,15,67,4,190,0,0,0,190
04/02/2017,RNO,NV,AWP,WE,Towers with Radar,117,15,24,2,158,0,5,37,6,48,117,20,61,8,206,8,0,8,214
04/03/2017,RNO,NV,AWP,WE,Towers with Radar,118,14,10,1,143,0,2,52,0,54,118,16,62,1,197,4,0,4,201
04/04/2017,RNO,NV,AWP,WE,Towers with Radar,128,22,25,2,177,0,8,61,2,71,128,30,86,4,248,8,0,8,256
04/05/2017,RNO,NV,AWP,WE,Towers with Radar,129,14,19,2,164,0,3,54,3,60,129,17,73,5,224,4,0,4,228
04/06/2017,RNO,NV,AWP,WE,Towers with Radar,134,18,24,0,176,0,2,4,0,6,134,20,28,0,182,0,0,0,182
04/07/2017,RNO,NV,AWP,WE,Towers with Radar,121,27,15,3,166,0,1,3,1,5,121,28,18,4,171,0,0,0,171
04/08/2017,RNO,NV,AWP,WE,Towers with Radar,97,19,16,2,134,0,3,19,2,24,97,22,35,4,158,2,2,4,162
04/09/2017,RNO,NV,AWP,WE,Towers with Radar,116,19,16,1,152,0,10,93,1,104,116,29,109,2,256,32,0,32,288
04/10/2017,RNO,NV,AWP,WE,Towers with Radar,119,32,16,5,172,0,3,38,4,45,119,35,54,9,217,28,2,30,247
04/11/2017,RNO,NV,AWP,WE,Towers with Radar,124,27,23,6,180,0,2,23,3,28,124,29,46,9,208,6,0,6,214
04/12/2017,RNO,NV,AWP,WE,Towers with Radar,124,17,13,2,156,6,2,30,2,40,130,19,43,4,196,0,0,0,196
04/13/2017,RNO,NV,AWP,WE,Towers with Radar,125,16,29,4,174,0,2,14,0,16,125,18,43,4,190,0,0,0,190
04/14/2017,RNO,NV,AWP,WE,Towers with Radar,130,18,18,4,170,0,4,81,1,86,130,22,99,5,256,3,0,3,259
04/15/2017,RNO,NV,AWP,WE,Towers with Radar,104,25,8,4,141,0,0,64,1,65,104,25,72,5,206,4,0,4,210
04/16/2017,RNO,NV,AWP,WE,Towers with Radar,114,14,11,1,140,0,5,17,0,22,114,19,28,1,162,0,0,0,162
04/17/2017,RNO,NV,AWP,WE,Towers with Radar,116,20,30,2,168,0,0,5,0,5,116,20,35,2,173,14,0,14,187
04/18/2017,RNO,NV,AWP,WE,Towers with Radar,128,26,21,3,178,0,2,15,5,22,128,28,36,8,200,26,0,26,226
04/19/2017,RNO,NV,AWP,WE,Towers with Radar,125,18,14,7,164,0,6,51,1,58,125,24,65,8,222,12,0,12,234
04/20/2017,RNO,NV,AWP,WE,Towers with Radar,121,15,21,3,160,0,4,30,11,45,121,19,51,14,205,6,6,12,217
04/21/2017,RNO,NV,AWP,WE,Towers with Radar,126,21,26,6,179,0,1,67,0,68,126,22,93,6,247,4,0,4,251
04/22/2017,RNO,NV,AWP,WE,Towers with Radar,98,16,16,0,130,0,4,62,1,67,98,20,78,1,197,36,0,36,233
04/23/2017,RNO,NV,AWP,WE,Towers with Radar,114,17,16,0,147,0,8,48,4,60,114,25,64,4,207,0,0,0,207
04/24/2017,RNO,NV,AWP,WE,Towers with Radar,117,30,30,2,179,0,8,10,0,18,117,38,40,2,197,0,0,0,197
04/25/2017,RNO,NV,AWP,WE,Towers with Radar,126,24,19,2,171,0,5,25,8,38,126,29,44,10,209,0,0,0,209
04/26/2017,RNO,NV,AWP,WE,Towers with Radar,129,20,40,0,189,0,2,10,2,14,129,22,50,2,203,4,0,4,207
04/27/2017,RNO,NV,AWP,WE,Towers with Radar,126,26,30,2,184,0,7,32,4,43,126,33,62,6,227,0,0,0,227
04/28/2017,RNO,NV,AWP,WE,Towers with Radar,126,19,27,3,175,0,4,48,0,52,126,23,75,3,227,44,0,44,271
04/29/2017,RNO,NV,AWP,WE,Towers with Radar,90,20,19,0,129,0,2,72,1,75,90,22,91,1,204,26,0,26,230
04/30/2017,RNO,NV,AWP,WE,Towers with Radar,108,24,36,1,169,0,6,71,2,79,108,30,107,3,248,8,0,8,256
05/01/2017,RNO,NV,AWP,WE,Towers with Radar,124,23,27,3,177,0,5,66,1,72,124,28,93,4,249,28,0,28,277
05/02/2017,RNO,NV,AWP,WE,Towers with Radar,129,29,20,4,182,0,3,51,4,58,129,32,71,8,240,0,0,0,240
05/03/2017,RNO,NV,AWP,WE,Towers with Radar,126,23,16,1,166,0,10,62,5,77,126,33,78,6,243,18,0,18,261
05/04/2017,RNO,NV,AWP,WE,Towers with Radar,123,20,21,2,166,0,5,49,8,62,123,25,70,10,228,6,0,6,234
05/05/2017,RNO,NV,AWP,WE,Towers with Radar,126,26,16,6,174,0,2,40,7,49,126,28,56,13,223,6,0,6,229
05/06/2017,RNO,NV,AWP,WE,Towers with Radar,97,23,13,1,134,0,2,20,0,22,97,25,33,1,156,32,0,32,188
05/07/2017,RNO,NV,AWP,WE,Towers with Radar,109,20,25,7,161,0,1,41,0,42,109,21,66,7,203,8,0,8,211
05/08/2017,RNO,NV,AWP,WE,Towers with Radar,120,17,17,5,159,0,7,43,8,58,120,24,60,13,217,6,0,6,223
05/09/2017,RNO,NV,AWP,WE,Towers with Radar,132,13,29,4,178,0,5,60,10,75,132,18,89,14,253,4,2,6,259
05/10/2017,RNO,NV,AWP,WE,Towers with Radar,131,17,18,3,169,0,6,45,7,58,131,23,63,10,227,0,0,0,227
05/11/2017,RNO,NV,AWP,WE,Towers with Radar,101,17,31,0,149,0,4,18,4,26,101,21,49,4,175,4,0,4,179
05/12/2017,RNO,NV,AWP,WE,Towers with Radar,136,28,22,2,188,0,4,24,4,32,136,32,46,6,220,0,0,0,220
05/13/2017,RNO,NV,AWP,WE,Towers with Radar,95,16,6,2,119,0,1,48,2,51,95,17,54,4,170,26,0,26,196
05/14/2017,RNO,NV,AWP,WE,Towers with Radar,104,20,21,1,146,0,2,44,0,46,104,22,65,1,192,10,0,10,202
05/15/2017,RNO,NV,AWP,WE,Towers with Radar,120,17,9,5,151,0,11,28,1,40,120,28,37,6,191,10,6,16,207
05/16/2017,RNO,NV,AWP,WE,Towers with Radar,133,16,26,2,177,0,3,13,2,18,133,19,39,4,195,0,0,0,195
05/17/2017,RNO,NV,AWP,WE,Towers with Radar,149,25,32,2,208,0,7,24,5,36,149,32,56,7,244,17,0,17,261
05/18/2017,RNO,NV,AWP,WE,Towers with Radar,129,11,30,4,174,0,5,49,2,56,129,16,79,6,230,12,0,12,242
05/19/2017,RNO,NV,AWP,WE,Towers with Radar,132,15,28,4,179,0,7,85,1,93,132,22,113,5,272,8,0,8,280
05/20/2017,RNO,NV,AWP,WE,Towers with Radar,96,15,23,5,139,0,3,58,3,64,96,18,81,8,203,10,0,10,213
05/21/2017,RNO,NV,AWP,WE,Towers with Radar,107,12,21,0,140,0,7,64,1,72,107,19,85,1,212,8,0,8,220
05/22/2017,RNO,NV,AWP,WE,Towers with Radar,127,22,25,0,174,0,4,53,0,57,127,26,78,0,231,26,0,26,257
05/23/2017,RNO,NV,AWP,WE,Towers with Radar,137,29,36,2,204,0,5,44,4,53,137,34,80,6,257,45,0,45,302
05/24/2017,RNO,NV,AWP,WE,Towers with Radar,158,23,40,5,226,0,6,24,5,35,158,29,64,10,261,35,2,37,298
05/25/2017,RNO,NV,AWP,WE,Towers with Radar,130,27,42,1,200,0,4,48,3,55,130,31,90,4,255,0,0,0,255
05/26/2017,RNO,NV,AWP,WE,Towers with Radar,130,27,38,1,196,0,8,59,1,68,130,35,97,2,264,4,0,4,268
05/27/2017,RNO,NV,AWP,WE,Towers with Radar,95,19,22,0,136,0,8,72,1,81,95,27,94,1,217,20,0,20,237
05/28/2017,RNO,NV,AWP,WE,Towers with Radar,95,10,13,0,118,0,3,51,0,54,95,13,64,0,172,8,0,8,180
05/29/2017,RNO,NV,AWP,WE,Towers with Radar,112,22,24,0,158,0,5,58,0,63,112,27,82,0,221,10,0,10,231
05/30/2017,RNO,NV,AWP,WE,Towers with Radar,124,20,19,4,167,0,5,39,0,44,124,25,58,4,211,33,0,33,244
05/31/2017,RNO,NV,AWP,WE,Towers with Radar,134,19,30,1,184,0,3,25,6,34,134,22,55,7,218,2,0,2,220
06/01/2017,RNO,NV,AWP,WE,Towers with Radar,130,19,29,3,181,0,4,33,2,39,130,23,62,5,220,0,0,0,220
06/02/2017,RNO,NV,AWP,WE,Towers with Radar,129,25,16,6,176,0,7,61,1,69,129,32,77,7,245,6,0,6,251
06/03/2017,RNO,NV,AWP,WE,Towers with Radar,101,18,14,2,135,0,7,54,6,67,101,25,68,8,202,4,4,8,210
06/04/2017,RNO,NV,AWP,WE,Towers with Radar,124,23,20,7,174,0,5,30,3,38,124,28,50,10,212,14,0,14,226
06/05/2017,RNO,NV,AWP,WE,Towers with Radar,126,31,21,1,179,0,4,55,0,59,126,35,76,1,238,0,0,0,238
06/06/2017,RNO,NV,AWP,WE,Towers with Radar,134,20,26,5,185,0,3,54,0,57,134,23,80,5,242,10,0,10,252
06/07/2017,RNO,NV,AWP,WE,Towers with Radar,137,18,22,2,179,0,11,52,3,66,137,29,74,5,245,8,4,12,257
06/08/2017,RNO,NV,AWP,WE,Towers with Radar,131,16,26,4,177,0,4,5,1,10,131,20,31,5,187,2,0,2,189
06/09/2017,RNO,NV,AWP,WE,Towers with Radar,147,12,29,3,191,0,7,12,3,22,147,19,41,6,213,6,0,6,219
06/10/2017,RNO,NV,AWP,WE,Towers with Radar,108,15,17,3,143,0,2,35,1,38,108,17,52,4,181,4,0,4,185
06/11/2017,RNO,NV,AWP,WE,Towers with Radar,136,20,27,3,186,0,2,10,1,13,136,22,37,4,199,0,0,0,199
06/12/2017,RNO,NV,AWP,WE,Towers with Radar,128,16,19,6,169,0,4,5,3,12,128,20,24,9,181,0,0,0,181
06/13/2017,RNO,NV,AWP,WE,Towers with Radar,128,20,25,0,173,0,11,45,3,59,128,31,70,3,232,0,0,0,232
06/14/2017,RNO,NV,AWP,WE,Towers with Radar,138,24,15,1,178,0,7,37,6,50,138,31,52,7,228,4,0,4,232
06/15/2017,RNO,NV,AWP,WE,Towers with Radar,136,15,14,3,168,0,3,50,2,55,136,18,64,5,223,2,6,8,231
06/16/2017,RNO,NV,AWP,WE,Towers with Radar,135,18,26,1,180,0,2,60,2,64,135,20,86,3,244,0,0,0,244
06/17/2017,RNO,NV,AWP,WE,Towers with Radar,118,15,28,2,163,0,1,56,0,57,118,16,84,2,220,31,0,31,251
06/18/2017,RNO,NV,AWP,WE,Towers with Radar,122,22,23,1,168,0,0,37,1,38,122,22,60,2,206,18,0,18,224
06/19/2017,RNO,NV,AWP,WE,Towers with Radar,129,29,22,0,180,0,1,49,12,62,129,30,71,12,242,0,0,0,242
06/20/2017,RNO,NV,AWP,WE,Towers with Radar,142,20,42,2,206,0,7,41,14,62,142,27,83,16,268,26,0,26,294
06/21/2017,RNO,NV,AWP,WE,Towers with Radar,143,17,23,2,185,0,6,29,17,52,143,23,52,19,237,3,3,6,243
06/22/2017,RNO,NV,AWP,WE,Towers with Radar,132,19,11,1,163,0,8,49,3,60,132,27,60,4,223,0,0,0,223
06/23/2017,RNO,NV,AWP,WE,Towers with Radar,131,26,22,7,186,0,11,46,3,60,131,37,68,10,246,14,0,14,260
06/24/2017,RNO,NV,AWP,WE,Towers with Radar,123,16,15,2,156,0,8,49,4,61,123,24,64,6,217,36,0,36,253
06/25/2017,RNO,NV,AWP,WE,Towers with Radar,122,16,31,1,170,0,6,47,5,58,122,22,78,6,228,19,0,19,247
06/26/2017,RNO,NV,AWP,WE,Towers with Radar,133,26,14,0,173,0,6,31,4,41,133,32,45,4,214,4,0,4,218
06/27/2017,RNO,NV,AWP,WE,Towers with Radar,137,31,20,7,195,0,8,54,2,64,137,39,74,9,259,0,0,0,259
06/28/2017,RNO,NV,AWP,WE,Towers with Radar,136,28,30,2,196,0,10,46,4,60,136,38,76,6,256,24,0,24,280
06/29/2017,RNO,NV,AWP,WE,Towers with Radar,144,13,31,3,191,0,9,37,4,50,144,22,68,7,241,8,0,8,249
06/30/2017,RNO,NV,AWP,WE,Towers with Radar,136,12,27,1,176,0,1,34,2,37,136,13,61,3,213,6,0,6,219
07/01/2017,RNO,NV,AWP,WE,Towers with Radar,124,17,7,1,149,2,6,45,0,53,126,23,52,1,202,16,0,16,218
07/02/2017,RNO,NV,AWP,WE,Towers with Radar,118,13,19,0,150,0,3,46,0,49,118,16,65,0,199,18,0,18,217
07/03/2017,RNO,NV,AWP,WE,Towers with Radar,114,13,5,1,133,0,0,55,0,55,114,13,60,1,188,0,0,0,188
07/04/2017,RNO,NV,AWP,WE,Towers with Radar,100,16,7,1,124,0,5,42,1,48,100,21,49,2,172,6,0,6,178
07/05/2017,RNO,NV,AWP,WE,Towers with Radar,140,20,13,6,179,0,3,32,7,42,140,23,45,13,221,0,2,2,223
07/06/2017,RNO,NV,AWP,WE,Towers with Radar,137,11,30,2,180,0,2,39,4,45,137,13,69,6,225,32,1,33,258
07/07/2017,RNO,NV,AWP,WE,Towers with Radar,136,30,33,4,203,0,6,38,2,46,136,36,71,6,249,6,0,6,255
07/08/2017,RNO,NV,AWP,WE,Towers with Radar,121,22,22,5,170,0,2,41,5,48,121,24,63,10,218,0,0,0,218
07/09/2017,RNO,NV,AWP,WE,Towers with Radar,132,25,17,2,176,0,12,49,2,63,132,37,66,4,239,0,0,0,239
07/10/2017,RNO,NV,AWP,WE,Towers with Radar,133,30,31,5,199,0,7,40,2,49,133,37,71,7,248,4,0,4,252
07/11/2017,RNO,NV,AWP,WE,Towers with Radar,142,32,29,6,209,0,7,42,3,52,142,39,71,9,261,2,0,2,263
07/12/2017,RNO,NV,AWP,WE,Towers with Radar,140,19,28,4,191,0,15,45,4,64,140,34,73,8,255,8,0,8,263
07/13/2017,RNO,NV,AWP,WE,Towers with Radar,140,27,32,3,202,0,9,40,1,50,140,36,72,4,252,4,4,8,260
07/14/2017,RNO,NV,AWP,WE,Towers with Radar,139,20,24,4,187,0,9,75,8,92,139,29,99,12,279,8,0,8,287
07/15/2017,RNO,NV,AWP,WE,Towers with Radar,124,14,16,1,155,0,4,33,3,40,124,18,49,4,195,0,0,0,195
07/16/2017,RNO,NV,AWP,WE,Towers with Radar,131,30,29,3,193,2,0,58,5,65,133,30,87,8,258,0,0,0,258
07/17/2017,RNO,NV,AWP,WE,Towers with Radar,125,37,20,0,182,0,2,36,1,39,125,39,56,1,221,4,0,4,225
07/18/2017,RNO,NV,AWP,WE,Towers with Radar,142,38,23,0,203,0,3,33,2,38,142,41,56,2,241,12,0,12,253
07/19/2017,RNO,NV,AWP,WE,Towers with Radar,140,28,25,2,195,0,5,22,2,29,140,33,47,4,224,34,4,38,262
07/20/2017,RNO,NV,AWP,WE,Towers with Radar,132,24,37,3,196,0,5,43,8,56,132,29,80,11,252,8,2,10,262
07/21/2017,RNO,NV,AWP,WE,Towers with Radar,129,31,19,4,183,0,6,51,4,61,129,37,70,8,244,16,0,16,260
07/22/2017,RNO,NV,AWP,WE,Towers with Radar,127,15,15,0,157,0,5,46,0,51,127,20,61,0,208,0,0,0,208
07/23/2017,RNO,NV,AWP,WE,Towers with Radar,125,35,31,1,192,0,8,52,1,61,125,43,83,2,253,24,0,24,277
07/24/2017,RNO,NV,AWP,WE,Towers with Radar,135,24,24,1,184,0,4,33,4,41,135,28,57,5,225,14,0,14,239
07/25/2017,RNO,NV,AWP,WE,Towers with Radar,139,23,35,6,203,0,4,38,1,43,139,27,73,7,246,10,0,10,256
07/26/2017,RNO,NV,AWP,WE,Towers with Radar,143,28,31,4,206,0,4,48,2,54,143,32,79,6,260,0,0,0,260
07/27/2017,RNO,NV,AWP,WE,Towers with Radar,137,19,40,4,200,0,6,64,1,71,137,25,104,5,271,6,0,6,277
07/28/2017,RNO,NV,AWP,WE,Towers with Radar,133,28,38,4,203,0,5,58,1,64,133,33,96,5,267,18,0,18,285
07/29/2017,RNO,NV,AWP,WE,Towers with Radar,119,30,34,3,186,0,6,55,0,61,119,36,89,3,247,2,0,2,249
07/30/2017,RNO,NV,AWP,WE,Towers with Radar,127,20,21,0,168,0,6,50,3,59,127,26,71,3,227,16,0,16,243
07/31/2017,RNO,NV,AWP,WE,Towers with Radar,132,18,28,2,180,0,2,27,1,30,132,20,55,3,210,14,0,14,224
08/01/2017,RNO,NV,AWP,WE,Towers with Radar,135,18,32,5,190,0,6,28,6,40,135,24,60,11,230,18,10,28,258
08/02/2017,RNO,NV,AWP,WE,Towers with Radar,139,18,16,2,175,0,8,32,2,42,139,26,48,4,217,38,0,38,255
08/03/2017,RNO,NV,AWP,WE,Towers with Radar,133,16,31,2,182,0,9,33,5,47,133,25,64,7,229,24,0,24,253
08/04/2017,RNO,NV,AWP,WE,Towers with Radar,134,23,23,2,182,0,9,35,1,45,134,32,58,3,227,10,0,10,237
08/05/2017,RNO,NV,AWP,WE,Towers with Radar,118,14,19,7,158,0,4,36,4,44,118,18,55,11,202,16,14,30,232
08/06/2017,RNO,NV,AWP,WE,Towers with Radar,126,25,31,2,184,0,3,51,4,58,126,28,82,6,242,0,0,0,242
08/07/2017,RNO,NV,AWP,WE,Towers with Radar,134,25,25,2,186,0,9,18,3,30,134,34,43,5,216,0,2,2,218
08/08/2017,RNO,NV,AWP,WE,Towers with Radar,132,26,20,4,182,0,3,35,6,44,132,29,55,10,226,0,0,0,226
08/09/2017,RNO,NV,AWP,WE,Towers with Radar,141,23,21,0,185,0,3,40,4,47,141,26,61,4,232,8,0,8,240
08/10/2017,RNO,NV,AWP,WE,Towers with Radar,140,26,41,2,209,0,2,36,3,41,140,28,77,5,250,32,0,32,282
08/11/2017,RNO,NV,AWP,WE,Towers with Radar,139,26,45,3,213,0,6,74,2,82,139,32,119,5,295,14,0,14,309
08/12/2017,RNO,NV,AWP,WE,Towers with Radar,131,14,18,1,164,0,2,61,4,67,131,16,79,5,231,32,2,34,265
08/13/2017,RNO,NV,AWP,WE,Towers with Radar,131,17,39,1,188,0,4,60,3,67,131,21,99,4,255,4,0,4,259
08/14/2017,RNO,NV,AWP,WE,Towers with Radar,136,19,21,3,179,0,6,27,6,39,136,25,48,9,218,0,0,0,218
08/15/2017,RNO,NV,AWP,WE,Towers with Radar,138,28,20,7,193,0,5,55,12,72,138,33,75,19,265,26,0,26,291
08/16/2017,RNO,NV,AWP,WE,Towers with Radar,148,19,17,4,188,0,9,29,8,46,148,28,46,12,234,10,0,10,244
08/17/2017,RNO,NV,AWP,WE,Towers with Radar,136,20,26,3,185,0,5,54,4,63,136,25,80,7,248,4,0,4,252
08/18/2017,RNO,NV,AWP,WE,Towers with Radar,141,20,42,2,205,0,9,56,4,69,141,29,98,6,274,20,4,24,298
08/19/2017,RNO,NV,AWP,WE,Towers with Radar,121,20,30,1,172,0,3,45,0,48,121,23,75,1,220,12,0,12,232
08/20/2017,RNO,NV,AWP,WE,Towers with Radar,128,21,28,6,183,0,6,57,2,65,128,27,85,8,248,8,0,8,256
08/21/2017,RNO,NV,AWP,WE,Towers with Radar,135,19,36,4,194,0,6,55,3,64,135,25,91,7,258,10,0,10,268
08/22/2017,RNO,NV,AWP,WE,Towers with Radar,132,11,27,5,175,0,6,35,1,42,132,17,62,6,217,8,4,12,229
08/23/2017,RNO,NV,AWP,WE,Towers with Radar,137,19,32,6,194,0,5,33,8,46,137,24,65,14,240,4,2,6,246
08/24/2017,RNO,NV,AWP,WE,Towers with Radar,146,30,53,2,231,0,2,34,1,37,146,32,87,3,268,2,0,2,270
08/25/2017,RNO,NV,AWP,WE,Towers with Radar,136,17,34,9,196,0,7,56,4,67,136,24,90,13,263,22,4,26,289
08/26/2017,RNO,NV,AWP,WE,Towers with Radar,115,27,23,1,166,0,17,50,0,67,115,44,73,1,233,10,0,10,243
08/27/2017,RNO,NV,AWP,WE,Towers with Radar,121,23,36,1,181,0,33,98,2,133,121,56,134,3,314,10,0,10,324
08/28/2017,RNO,NV,AWP,WE,Towers with Radar,130,28,43,2,203,0,34,88,3,125,130,62,131,5,328,12,0,12,340
08/29/2017,RNO,NV,AWP,WE,Towers with Radar,135,26,54,4,219,0,41,99,5,145,135,67,153,9,364,12,0,12,376
08/30/2017,RNO,NV,AWP,WE,Towers with Radar,137,24,41,0,202,0,38,87,2,127,137,62,128,2,329,0,4,4,333
08/31/2017,RNO,NV,AWP,WE,Towers with Radar,135,37,45,6,223,0,37,103,3,143,135,74,148,9,366,16,6,22,388
09/01/2017,RNO,NV,AWP,WE,Towers with Radar,132,51,47,1,231,0,30,88,1,119,132,81,135,2,350,12,0,12,362
09/02/2017,RNO,NV,AWP,WE,Towers with Radar,99,37,34,0,170,0,40,79,0,119,99,77,113,0,289,4,0,4,293
09/03/2017,RNO,NV,AWP,WE,Towers with Radar,110,44,47,0,201,0,65,125,1,191,110,109,172,1,392,14,0,14,406
09/04/2017,RNO,NV,AWP,WE,Towers with Radar,130,51,35,0,216,0,46,143,0,189,130,97,178,0,405,22,0,22,427
09/05/2017,RNO,NV,AWP,WE,Towers with Radar,123,17,18,2,160,0,8,47,0,55,123,25,65,2,215,2,0,2,217
09/06/2017,RNO,NV,AWP,WE,Towers with Radar,135,33,29,3,200,0,7,38,0,45,135,40,67,3,245,34,0,34,279
09/07/2017,RNO,NV,AWP,WE,Towers with Radar,125,26,44,1,196,0,4,48,3,55,125,30,92,4,251,20,0,20,271
09/08/2017,RNO,NV,AWP,WE,Towers with Radar,129,31,39,4,203,0,3,51,3,57,129,34,90,7,260,12,6,18,278
09/09/2017,RNO,NV,AWP,WE,Towers with Radar,111,25,24,4,164,0,5,58,2,65,111,30,82,6,229,6,0,6,235
09/10/2017,RNO,NV,AWP,WE,Towers with Radar,125,31,27,6,189,0,5,65,1,71,125,36,92,7,260,6,0,6,266
09/11/2017,RNO,NV,AWP,WE,Towers with Radar,122,26,34,4,186,0,5,28,4,37,122,31,62,8,223,6,0,6,229
09/12/2017,RNO,NV,AWP,WE,Towers with Radar,125,27,28,4,184,0,6,38,2,46,125,33,66,6,230,10,0,10,240
09/13/2017,RNO,NV,AWP,WE,Towers with Radar,130,32,48,8,218,0,6,47,6,59,130,38,95,14,277,14,0,14,291
09/14/2017,RNO,NV,AWP,WE,Towers with Radar,129,31,46,7,213,0,5,64,6,75,129,36,110,13,288,18,0,18,306
09/15/2017,RNO,NV,AWP,WE,Towers with Radar,128,20,65,30,243,0,5,78,1,84,128,25,143,31,327,8,0,8,335
09/16/2017,RNO,NV,AWP,WE,Towers with Radar,106,23,24,3,156,0,4,72,2,78,106,27,96,5,234,6,0,6,240
09/17/2017,RNO,NV,AWP,WE,Towers with Radar,124,15,48,3,190,0,10,105,4,119,124,25,153,7,309,4,6,10,319
09/18/2017,RNO,NV,AWP,WE,Towers with Radar,125,32,47,3,207,0,3,77,5,85,125,35,124,8,292,0,0,0,292
09/19/2017,RNO,NV,AWP,WE,Towers with Radar,130,19,25,1,175,0,4,37,2,43,130,23,62,3,218,56,0,56,274
09/20/2017,RNO,NV,AWP,WE,Towers with Radar,130,26,21,2,179,0,6,13,0,19,130,32,34,2,198,0,0,0,198
09/21/2017,RNO,NV,AWP,WE,Towers with Radar,128,25,28,2,183,0,1,13,1,15,128,26,41,3,198,20,0,20,218
09/22/2017,RNO,NV,AWP,WE,Towers with Radar,135,34,39,0,208,0,1,25,0,26,135,35,64,0,234,6,0,6,240
09/23/2017,RNO,NV,AWP,WE,Towers with Radar,119,10,20,0,149,0,2,51,0,53,119,12,71,0,202,0,0,0,202
09/24/2017,RNO,NV,AWP,WE,Towers with Radar,123,31,15,0,169,0,8,55,0,63,123,39,70,0,232,28,0,28,260
09/25/2017,RNO,NV,AWP,WE,Towers with Radar,123,24,20,2,169,0,10,48,0,58,123,34,68,2,227,0,0,0,227
09/26/2017,RNO,NV,AWP,WE,Towers with Radar,123,15,12,1,151,0,7,45,6,58,123,22,57,7,209,50,0,50,259
09/27/2017,RNO,NV,AWP,WE,Towers with Radar,127,28,21,0,176,0,10,54,2,66,127,38,75,2,242,20,8,28,270
09/28/2017,RNO,NV,AWP,WE,Towers with Radar,124,25,24,3,176,0,6,40,2,48,124,31,64,5,224,28,0,28,252
09/29/2017,RNO,NV,AWP,WE,Towers with Radar,130,22,25,5,182,0,7,50,0,57,130,29,75,5,239,34,0,34,273
09/30/2017,RNO,NV,AWP,WE,Towers with Radar,102,13,16,1,132,0,6,51,1,58,102,19,67,2,190,12,0,12,202
10/01/2017,RNO,NV,AWP,WE,Towers with Radar,112,15,17,0,144,0,4,37,0,41,112,19,54,0,185,0,0,0,185
10/02/2017,RNO,NV,AWP,WE,Towers with Radar,119,26,23,1,169,0,9,43,3,55,119,35,66,4,224,12,4,16,240
10/03/2017,RNO,NV,AWP,WE,Towers with Radar,121,27,21,5,174,0,7,26,4,37,121,34,47,9,211,20,0,20,231
10/04/2017,RNO,NV,AWP,WE,Towers with Radar,151,27,53,6,237,0,8,28,3,39,151,35,81,9,276,12,2,14,290
10/05/2017,RNO,NV,AWP,WE,Towers with Radar,128,21,28,0,177,0,6,71,4,81,128,27,99,4,258,22,0,22,280
10/06/2017,RNO,NV,AWP,WE,Towers with Radar,131,23,34,7,195,0,6,56,4,66,131,29,90,11,261,0,4,4,265
10/07/2017,RNO,NV,AWP,WE,Towers with Radar,105,20,15,1,141,0,4,57,1,62,105,24,72,2,203,2,0,2,205
10/08/2017,RNO,NV,AWP,WE,Towers with Radar,119,23,36,2,180,0,3,48,1,52,119,26,84,3,232,0,0,0,232
10/09/2017,RNO,NV,AWP,WE,Towers with Radar,120,12,10,0,142,0,4,31,1,36,120,16,41,1,178,0,0,0,178
10/10/2017,RNO,NV,AWP,WE,Towers with Radar,125,15,25,4,169,0,6,26,4,36,125,21,51,8,205,4,0,4,209
10/11/2017,RNO,NV,AWP,WE,Towers with Radar,127,23,42,1,193,0,2,17,0,19,127,25,59,1,212,16,0,16,228
10/12/2017,RNO,NV,AWP,WE,Towers with Radar,125,23,25,4,177,0,6,55,4,65,125,29,80,8,242,16,0,16,258
10/13/2017,RNO,NV,AWP,WE,Towers with Radar,128,15,23,3,169,0,2,35,5,42,128,17,58,8,211,0,0,0,211
10/14/2017,RNO,NV,AWP,WE,Towers with Radar,105,20,15,4,144,0,3,35,3,41,105,23,50,7,185,38,0,38,223
10/15/2017,RNO,NV,AWP,WE,Towers with Radar,117,17,28,2,164,0,3,50,4,57,117,20,78,6,221,4,0,4,225
10/16/2017,RNO,NV,AWP,WE,Towers with Radar,126,15,25,3,169,0,8,44,2,54,126,23,69,5,223,8,0,8,231
10/17/2017,RNO,NV,AWP,WE,Towers with Radar,120,18,22,3,163,0,4,48,2,54,120,22,70,5,217,10,0,10,227
10/18/2017,RNO,NV,AWP,WE,Towers with Radar,128,21,34,4,187,0,5,43,1,49,128,26,77,5,236,28,0,28,264
10/19/2017,RNO,NV,AWP,WE,Towers with Radar,127,22,38,1,188,0,5,28,1,34,127,27,66,2,222,2,0,2,224
10/20/2017,RNO,NV,AWP,WE,Towers with Radar,133,24,16,4,177,0,4,13,3,20,133,28,29,7,197,0,6,6,203
10/21/2017,RNO,NV,AWP,WE,Towers with Radar,110,15,24,6,155,0,1,42,0,43,110,16,66,6,198,32,0,32,230
10/22/2017,RNO,NV,AWP,WE,Towers with Radar,118,15,20,1,154,0,3,62,0,65,118,18,82,1,219,14,0,14,233
10/23/2017,RNO,NV,AWP,WE,Towers with Radar,124,13,22,1,160,0,6,41,1,48,124,19,63,2,208,16,0,16,224
10/24/2017,RNO,NV,AWP,WE,Towers with Radar,123,26,43,0,192,0,3,53,3,59,123,29,96,3,251,28,0,28,279
10/25/2017,RNO,NV,AWP,WE,Towers with Radar,126,33,29,7,195,0,5,39,4,48,126,38,68,11,243,42,8,50,293
10/26/2017,RNO,NV,AWP,WE,Towers with Radar,125,28,29,3,185,0,3,48,2,53,125,31,77,5,238,6,0,6,244
10/27/2017,RNO,NV,AWP,WE,Towers with Radar,123,17,35,3,178,0,5,44,1,50,123,22,79,4,228,12,0,12,240
10/28/2017,RNO,NV,AWP,WE,Towers with Radar,109,9,16,2,136,0,2,49,0,51,109,11,65,2,187,4,0,4,191
10/29/2017,RNO,NV,AWP,WE,Towers with Radar,109,17,23,1,150,0,3,56,0,59,109,20,79,1,209,2,0,2,211
10/30/2017,RNO,NV,AWP,WE,Towers with Radar,119,19,34,3,175,0,6,48,0,54,119,25,82,3,229,10,0,10,239
10/31/2017,RNO,NV,AWP,WE,Towers with Radar,111,20,25,2,158,0,7,48,9,64,111,27,73,11,222,22,7,29,251
11/01/2017,RNO,NV,AWP,WE,Towers with Radar,125,17,34,2,178,0,6,44,6,56,125,23,78,8,234,14,4,18,252
11/02/2017,RNO,NV,AWP,WE,Towers with Radar,123,32,23,1,179,0,8,31,3,42,123,40,54,4,221,16,2,18,239
11/03/2017,RNO,NV,AWP,WE,Towers with Radar,121,23,27,4,175,0,2,3,0,5,121,25,30,4,180,16,0,16,196
11/04/2017,RNO,NV,AWP,WE,Towers with Radar,98,18,12,4,132,0,1,3,2,6,98,19,15,6,138,24,0,24,162
11/05/2017,RNO,NV,AWP,WE,Towers with Radar,102,17,22,2,143,0,7,12,0,19,102,24,34,2,162,6,0,6,168
11/06/2017,RNO,NV,AWP,WE,Towers with Radar,106,19,17,0,142,0,7,27,3,37,106,26,44,3,179,28,0,28,207
11/07/2017,RNO,NV,AWP,WE,Towers with Radar,111,28,18,4,161,0,7,53,4,64,111,35,71,8,225,32,8,40,265
11/08/2017,RNO,NV,AWP,WE,Towers with Radar,113,27,21,7,168,0,4,5,4,13,113,31,26,11,181,24,10,34,215
11/09/2017,RNO,NV,AWP,WE,Towers with Radar,108,27,23,3,161,0,2,1,1,4,108,29,24,4,165,0,0,0,165
11/10/2017,RNO,NV,AWP,WE,Towers with Radar,109,27,17,4,157,0,7,14,0,21,109,34,31,4,178,18,0,18,196
11/11/2017,RNO,NV,AWP,WE,Towers with Radar,81,25,21,5,132,0,5,44,2,51,81,30,65,7,183,18,4,22,205
11/12/2017,RNO,NV,AWP,WE,Towers with Radar,101,19,21,3,144,0,2,47,1,50,101,21,68,4,194,6,0,6,200
11/13/2017,RNO,NV,AWP,WE,Towers with Radar,103,24,8,2,137,0,5,20,8,33,103,29,28,10,170,0,0,0,170
11/14/2017,RNO,NV,AWP,WE,Towers with Radar,119,25,26,5,175,0,3,33,10,46,119,28,59,15,221,0,0,0,221
11/15/2017,RNO,NV,AWP,WE,Towers with Radar,111,27,22,0,160,0,0,3,2,5,111,27,25,2,165,0,0,0,165
11/16/2017,RNO,NV,AWP,WE,Towers with Radar,111,34,18,4,167,0,0,0,0,0,111,34,18,4,167,0,0,0,167
11/17/2017,RNO,NV,AWP,WE,Towers with Radar,119,41,27,11,198,0,1,33,1,35,119,42,60,12,233,6,0,6,239
11/18/2017,RNO,NV,AWP,WE,Towers with Radar,91,18,19,3,131,0,5,64,0,69,91,23,83,3,200,36,4,40,240
11/19/2017,RNO,NV,AWP,WE,Towers with Radar,109,26,21,1,157,0,4,46,0,50,109,30,67,1,207,10,2,12,219
11/20/2017,RNO,NV,AWP,WE,Towers with Radar,108,28,21,1,158,0,1,18,3,22,108,29,39,4,180,34,0,34,214
11/21/2017,RNO,NV,AWP,WE,Towers with Radar,120,30,31,4,185,0,8,22,2,32,120,38,53,6,217,32,2,34,251
11/22/2017,RNO,NV,AWP,WE,Towers with Radar,120,30,34,0,184,0,3,50,1,54,120,33,84,1,238,6,0,6,244
11/23/2017,RNO,NV,AWP,WE,Towers with Radar,72,17,12,0,101,0,2,16,0,18,72,19,28,0,119,2,0,2,121
11/24/2017,RNO,NV,AWP,WE,Towers with Radar,94,12,18,0,124,0,3,39,0,42,94,15,57,0,166,42,0,42,208
11/25/2017,RNO,NV,AWP,WE,Towers with Radar,104,24,26,1,155,0,3,31,0,34,104,27,57,1,189,10,2,12,201
11/26/2017,RNO,NV,AWP,WE,Towers with Radar,122,29,41,2,194,0,1,7,0,8,122,30,48,2,202,0,0,0,202
11/27/2017,RNO,NV,AWP,WE,Towers with Radar,121,37,24,12,194,0,6,14,1,21,121,43,38,13,215,0,0,0,215
11/28/2017,RNO,NV,AWP,WE,Towers with Radar,117,34,20,3,174,0,5,48,3,56,117,39,68,6,230,12,0,12,242
11/29/2017,RNO,NV,AWP,WE,Towers with Radar,113,30,34,2,179,0,3,53,4,60,113,33,87,6,239,30,0,30,269
11/30/2017,RNO,NV,AWP,WE,Towers with Radar,114,29,31,0,174,0,8,48,5,61,114,37,79,5,235,20,0,20,255
12/01/2017,RNO,NV,AWP,WE,Towers with Radar,111,18,30,6,165,0,3,35,1,39,111,21,65,7,204,32,2,34,238
12/02/2017,RNO,NV,AWP,WE,Towers with Radar,84,19,21,2,126,0,4,29,0,33,84,23,50,2,159,28,0,28,187
12/03/2017,RNO,NV,AWP,WE,Towers with Radar,105,15,20,4,144,0,0,17,0,17,105,15,37,4,161,0,0,0,161
12/04/2017,RNO,NV,AWP,WE,Towers with Radar,109,31,11,0,151,0,2,25,3,30,109,33,36,3,181,2,0,2,183
12/05/2017,RNO,NV,AWP,WE,Towers with Radar,111,20,19,3,153,0,4,38,1,43,111,24,57,4,196,36,0,36,232
12/06/2017,RNO,NV,AWP,WE,Towers with Radar,114,28,19,7,168,0,3,27,5,35,114,31,46,12,203,22,12,34,237
12/07/2017,RNO,NV,AWP,WE,Towers with Radar,115,25,40,3,183,0,4,34,2,40,115,29,74,5,223,12,2,14,237
12/08/2017,RNO,NV,AWP,WE,Towers with Radar,115,26,53,4,198,0,6,54,4,64,115,32,107,8,262,16,12,28,290
12/09/2017,RNO,NV,AWP,WE,Towers with Radar,82,18,19,0,119,0,6,79,0,85,82,24,98,0,204,22,0,22,226
12/10/2017,RNO,NV,AWP,WE,Towers with Radar,105,16,15,0,136,0,2,50,1,53,105,18,65,1,189,30,0,30,219
12/11/2017,RNO,NV,AWP,WE,Towers with Radar,116,25,26,11,178,0,4,45,5,54,116,29,71,16,232,30,8,38,270
12/12/2017,RNO,NV,AWP,WE,Towers with Radar,118,26,24,7,175,0,4,49,4,57,118,30,73,11,232,6,0,6,238
12/13/2017,RNO,NV,AWP,WE,Towers with Radar,118,26,20,22,186,0,4,37,2,43,118,30,57,24,229,6,14,20,249
12/14/2017,RNO,NV,AWP,WE,Towers with Radar,122,29,15,7,173,0,2,55,2,59,122,31,70,9,232,0,0,0,232
12/15/2017,RNO,NV,AWP,WE,Towers with Radar,125,27,32,2,186,0,4,43,1,48,125,31,75,3,234,4,0,4,238
12/16/2017,RNO,NV,AWP,WE,Towers with Radar,103,28,22,2,155,0,4,24,2,30,103,32,46,4,185,28,0,28,213
12/17/2017,RNO,NV,AWP,WE,Towers with Radar,125,24,19,0,168,0,3,56,0,59,125,27,75,0,227,26,0,26,253
12/18/2017,RNO,NV,AWP,WE,Towers with Radar,126,27,36,0,189,0,6,36,0,42,126,33,72,0,231,24,0,24,255
12/19/2017,RNO,NV,AWP,WE,Towers with Radar,128,20,20,0,168,0,3,25,0,28,128,23,45,0,196,0,0,0,196
12/20/2017,RNO,NV,AWP,WE,Towers with Radar,149,27,21,1,198,1,2,7,0,10,150,29,28,1,208,0,0,0,208
12/21/2017,RNO,NV,AWP,WE,Towers with Radar,143,32,27,3,205,0,6,45,2,53,143,38,72,5,258,0,0,0,258
12/22/2017,RNO,NV,AWP,WE,Towers with Radar,136,32,25,1,194,0,7,40,2,49,136,39,65,3,243,4,0,4,247
12/23/2017,RNO,NV,AWP,WE,Towers with Radar,115,24,18,0,157,0,10,28,0,38,115,34,46,0,195,26,0,26,221
12/24/2017,RNO,NV,AWP,WE,Towers with Radar,107,15,16,0,138,0,1,38,0,39,107,16,54,0,177,6,0,6,183
12/25/2017,RNO,NV,AWP,WE,Towers with Radar,91,22,7,0,120,0,0,24,0,24,91,22,31,0,144,10,0,10,154
12/26/2017,RNO,NV,AWP,WE,Towers with Radar,127,34,14,0,175,0,2,36,0,38,127,36,50,0,213,2,0,2,215
12/27/2017,RNO,NV,AWP,WE,Towers with Radar,135,34,37,6,212,0,8,47,2,57,135,42,84,8,269,18,14,32,301
12/28/2017,RNO,NV,AWP,WE,Towers with Radar,132,37,24,1,194,0,11,37,1,49,132,48,61,2,243,14,0,14,257
12/29/2017,RNO,NV,AWP,WE,Towers with Radar,130,31,32,0,193,0,4,47,0,51,130,35,79,0,244,18,0,18,262
12/30/2017,RNO,NV,AWP,WE,Towers with Radar,113,27,27,0,167,0,8,43,1,52,113,35,70,1,219,26,0,26,245
12/31/2017,RNO,NV,AWP,WE,Towers with Radar,101,19,12,0,132,0,1,31,0,32,101,20,43,0,164,6,0,6,170
01/01/2018,RNO,NV,AWP,WE,Towers with Radar,103,25,23,0,151,0,3,40,0,43,103,28,63,0,194,18,0,18,212
01/02/2018,RNO,NV,AWP,WE,Towers with Radar,126,36,27,1,190,0,2,29,3,34,126,38,56,4,224,26,14,40,264
01/03/2018,RNO,NV,AWP,WE,Towers with Radar,125,35,27,0,187,0,5,16,2,23,125,40,43,2,210,8,6,14,224
01/04/2018,RNO,NV,AWP,WE,Towers with Radar,125,36,28,3,192,0,4,15,1,20,125,40,43,4,212,32,2,34,246
01/05/2018,RNO,NV,AWP,WE,Towers with Radar,120,31,24,18,193,0,5,13,0,18,120,36,37,18,211,0,14,14,225
01/06/2018,RNO,NV,AWP,WE,Towers with Radar,93,28,11,1,133,0,3,37,3,43,93,31,48,4,176,22,0,22,198
01/07/2018,RNO,NV,AWP,WE,Towers with Radar,116,36,27,2,181,0,4,37,2,43,116,40,64,4,224,18,2,20,244
01/08/2018,RNO,NV,AWP,WE,Towers with Radar,113,22,16,2,153,0,0,4,0,4,113,22,20,2,157,20,0,20,177
01/09/2018,RNO,NV,AWP,WE,Towers with Radar,103,28,29,3,163,0,2,7,1,10,103,30,36,4,173,2,0,2,175
01/10/2018,RNO,NV,AWP,WE,Towers with Radar,116,23,28,0,167,0,4,6,3,13,116,27,34,3,180,0,2,2,182
01/11/2018,RNO,NV,AWP,WE,Towers with Radar,116,21,34,4,175,0,7,36,6,49,116,28,70,10,224,0,0,0,224
01/12/2018,RNO,NV,AWP,WE,Towers with Radar,111,28,23,2,164,0,5,26,6,37,111,33,49,8,201,8,0,8,209
01/13/2018,RNO,NV,AWP,WE,Towers with Radar,99,32,22,6,159,0,1,57,1,59,99,33,79,7,218,32,0,32,250
01/14/2018,RNO,NV,AWP,WE,Towers with Radar,104,21,33,2,160,0,4,66,4,74,104,25,99,6,234,24,0,24,258
01/15/2018,RNO,NV,AWP,WE,Towers with Radar,114,25,35,1,175,0,5,43,1,49,114,30,78,2,224,14,0,14,238
01/16/2018,RNO,NV,AWP,WE,Towers with Radar,114,22,24,3,163,0,2,25,9,36,114,24,49,12,199,6,2,8,207
01/17/2018,RNO,NV,AWP,WE,Towers with Radar,115,41,33,0,189,0,9,55,10,74,115,50,88,10,263,20,0,20,283
01/18/2018,RNO,NV,AWP,WE,Towers with Radar,125,20,21,5,171,0,2,7,2,11,125,22,28,7,182,2,8,10,192
01/19/2018,RNO,NV,AWP,WE,Towers with Radar,122,35,31,4,192,0,6,21,0,27,122,41,52,4,219,20,0,20,239
01/20/2018,RNO,NV,AWP,WE,Towers with Radar,93,41,28,2,164,0,7,53,0,60,93,48,81,2,224,36,0,36,260
01/21/2018,RNO,NV,AWP,WE,Towers with Radar,107,21,36,0,164,0,4,36,1,41,107,25,72,1,205,20,0,20,225
01/22/2018,RNO,NV,AWP,WE,Towers with Radar,114,30,19,1,164,0,2,19,4,25,114,32,38,5,189,6,0,6,195
01/23/2018,RNO,NV,AWP,WE,Towers with Radar,108,22,38,2,170,0,4,41,0,45,108,26,79,2,215,20,0,20,235
01/24/2018,RNO,NV,AWP,WE,Towers with Radar,120,19,16,0,155,0,3,13,3,19,120,22,29,3,174,12,4,16,190
01/25/2018,RNO,NV,AWP,WE,Towers with Radar,117,41,23,10,191,0,6,7,2,15,117,47,30,12,206,10,2,12,218
01/26/2018,RNO,NV,AWP,WE,Towers with Radar,117,37,40,12,206,0,13,45,3,61,117,50,85,15,267,6,2,8,275
01/27/2018,RNO,NV,AWP,WE,Towers with Radar,96,20,18,5,139,0,7,43,0,50,96,27,61,5,189,48,0,48,237
01/28/2018,RNO,NV,AWP,WE,Towers with Radar,104,26,24,4,158,0,5,85,0,90,104,31,109,4,248,39,0,39,287
01/29/2018,RNO,NV,AWP,WE,Towers with Radar,111,24,15,13,163,0,3,52,2,57,111,27,67,15,220,4,8,12,232
01/30/2018,RNO,NV,AWP,WE,Towers with Radar,111,23,30,4,168,0,7,39,9,55,111,30,69,13,223,20,2,22,245
01/31/2018,RNO,NV,AWP,WE,Towers with Radar,116,17,18,2,153,0,6,41,3,50,116,23,59,5,203,2,0,2,205
02/01/2018,RNO,NV,AWP,WE,Towers with Radar,113,23,23,1,160,0,10,43,4,57,113,33,66,5,217,40,0,40,257
02/02/2018,RNO,NV,AWP,WE,Towers with Radar,113,28,37,6,184,0,5,64,1,70,113,33,101,7,254,32,8,40,294
02/03/2018,RNO,NV,AWP,WE,Towers with Radar,96,29,23,0,148,0,9,57,0,66,96,38,80,0,214,18,0,18,232
02/04/2018,RNO,NV,AWP,WE,Towers with Radar,96,28,26,0,150,0,10,76,1,87,96,38,102,1,237,0,0,0,237
02/05/2018,RNO,NV,AWP,WE,Towers with Radar,109,33,25,5,172,0,4,48,1,53,109,37,73,6,225,34,0,34,259
02/06/2018,RNO,NV,AWP,WE,Towers with Radar,107,24,31,1,163,0,8,28,1,37,107,32,59,2,200,0,0,0,200
02/07/2018,RNO,NV,AWP,WE,Towers with Radar,113,25,25,2,165,0,4,49,2,55,113,29,74,4,220,34,0,34,254
02/08/2018,RNO,NV,AWP,WE,Towers with Radar,112,27,38,1,178,0,4,62,2,68,112,31,100,3,246,20,0,20,266
02/09/2018,RNO,NV,AWP,WE,Towers with Radar,111,37,35,5,188,0,4,63,1,68,111,41,98,6,256,0,0,0,256
02/10/2018,RNO,NV,AWP,WE,Towers with Radar,96,18,14,1,129,0,4,52,5,61,96,22,66,6,190,0,0,0,190
02/11/2018,RNO,NV,AWP,WE,Towers with Radar,108,27,15,0,150,0,4,20,0,24,108,31,35,0,174,0,0,0,174
02/12/2018,RNO,NV,AWP,WE,Towers with Radar,113,35,24,1,173,0,1,4,0,5,113,36,28,1,178,0,0,0,178
02/13/2018,RNO,NV,AWP,WE,Towers with Radar,116,31,27,3,177,0,4,43,1,48,116,35,70,4,225,18,0,18,243
02/14/2018,RNO,NV,AWP,WE,Towers with Radar,105,31,24,1,161,0,2,26,1,29,105,33,50,2,190,0,0,0,190
02/15/2018,RNO,NV,AWP,WE,Towers with Radar,125,34,38,4,201,0,2,44,2,48,125,36,82,6,249,18,0,18,267
02/16/2018,RNO,NV,AWP,WE,Towers with Radar,125,22,30,5,182,0,5,57,1,63,125,27,87,6,245,24,2,26,271
02/17/2018,RNO,NV,AWP,WE,Towers with Radar,102,29,12,2,145,0,10,58,0,68,102,39,70,2,213,46,0,46,259
02/18/2018,RNO,NV,AWP,WE,Towers with Radar,124,29,6,2,161,0,5,8,0,13,124,34,14,2,174,0,0,0,174
02/19/2018,RNO,NV,AWP,WE,Towers with Radar,113,37,44,0,194,0,8,13,0,21,113,45,57,0,215,2,0,2,217
02/20/2018,RNO,NV,AWP,WE,Towers with Radar,123,37,25,5,190,0,2,49,0,51,123,39,74,5,241,0,0,0,241
02/21/2018,RNO,NV,AWP,WE,Towers with Radar,119,29,30,1,179,0,11,43,3,57,119,40,73,4,236,8,0,8,244
02/22/2018,RNO,NV,AWP,WE,Towers with Radar,129,41,26,3,199,0,2,1,0,3,129,43,27,3,202,0,0,0,202
02/23/2018,RNO,NV,AWP,WE,Towers with Radar,122,33,51,5,211,0,5,33,4,42,122,38,84,9,253,32,4,36,289
02/24/2018,RNO,NV,AWP,WE,Towers with Radar,100,35,8,2,145,0,2,10,1,13,100,37,18,3,158,18,0,18,176
02/25/2018,RNO,NV,AWP,WE,Towers with Radar,108,27,27,2,164,0,4,72,0,76,108,31,99,2,240,20,0,20,260
02/26/2018,RNO,NV,AWP,WE,Towers with Radar,120,36,12,3,171,0,2,0,1,3,120,38,12,4,174,0,0,0,174
02/27/2018,RNO,NV,AWP,WE,Towers with Radar,124,46,29,5,204,0,7,35,0,42,124,53,64,5,246,0,0,0,246
02/28/2018,RNO,NV,AWP,WE,Towers with Radar,118,40,33,3,194,0,4,43,4,51,118,44,76,7,245,30,0,30,275
03/01/2018,RNO,NV,AWP,WE,Towers with Radar,130,21,14,1,166,0,0,0,0,0,130,21,14,1,166,4,0,4,170
03/02/2018,RNO,NV,AWP,WE,Towers with Radar,126,47,31,1,205,0,1,0,0,1,126,48,31,1,206,0,0,0,206
03/03/2018,RNO,NV,AWP,WE,Towers with Radar,102,35,28,3,168,0,0,18,4,22,102,35,46,7,190,0,0,0,190
03/04/2018,RNO,NV,AWP,WE,Towers with Radar,114,40,32,3,189,0,2,49,0,51,114,42,81,3,240,18,0,18,258
03/05/2018,RNO,NV,AWP,WE,Towers with Radar,117,30,20,10,177,0,10,50,2,62,117,40,70,12,239,24,10,34,273
03/06/2018,RNO,NV,AWP,WE,Towers with Radar,124,36,39,1,200,0,7,56,3,66,124,43,95,4,266,42,0,42,308
03/07/2018,RNO,NV,AWP,WE,Towers with Radar,120,31,26,1,178,0,6,39,3,48,120,37,65,4,226,12,0,12,238
03/08/2018,RNO,NV,AWP,WE,Towers with Radar,119,30,39,6,194,0,7,10,5,22,119,37,49,11,216,0,0,0,216
03/09/2018,RNO,NV,AWP,WE,Towers with Radar,124,36,20,4,184,0,5,18,3,26,124,41,38,7,210,16,0,16,226
03/10/2018,RNO,NV,AWP,WE,Towers with Radar,113,24,18,0,155,0,4,29,5,38,113,28,47,5,193,28,0,28,221
03/11/2018,RNO,NV,AWP,WE,Towers with Radar,119,34,25,0,178,0,0,36,1,37,119,34,61,1,215,20,0,20,235
03/12/2018,RNO,NV,AWP,WE,Towers with Radar,119,39,27,2,187,0,8,52,6,66,119,47,79,8,253,48,0,48,301
03/13/2018,RNO,NV,AWP,WE,Towers with Radar,132,34,22,12,200,0,1,3,2,6,132,35,25,14,206,0,16,16,222
03/14/2018,RNO,NV,AWP,WE,Towers with Radar,130,40,16,0,186,0,2,3,0,5,130,42,19,0,191,24,0,24,215
03/15/2018,RNO,NV,AWP,WE,Towers with Radar,123,36,26,3,188,0,0,12,8,20,123,36,38,11,208,4,0,4,212
03/16/2018,RNO,NV,AWP,WE,Towers with Radar,125,42,34,4,205,0,0,0,0,0,125,42,34,4,205,0,0,0,205
03/17/2018,RNO,NV,AWP,WE,Towers with Radar,115,37,14,3,169,0,1,3,2,6,115,38,17,5,175,22,0,22,197
03/18/2018,RNO,NV,AWP,WE,Towers with Radar,116,51,47,2,216,0,7,54,4,65,116,58,101,6,281,6,0,6,287
03/19/2018,RNO,NV,AWP,WE,Towers with Radar,117,34,30,2,183,0,4,35,2,41,117,38,65,4,224,34,0,34,258
03/20/2018,RNO,NV,AWP,WE,Towers with Radar,125,26,36,21,208,0,2,27,9,38,125,28,63,30,246,26,0,26,272
03/21/2018,RNO,NV,AWP,WE,Towers with Radar,124,38,31,24,217,0,3,3,2,8,124,41,34,26,225,4,0,4,229
03/22/2018,RNO,NV,AWP,WE,Towers with Radar,125,36,36,11,208,0,4,2,0,6,125,40,38,11,214,0,0,0,214
03/23/2018,RNO,NV,AWP,WE,Towers with Radar,130,41,30,16,217,0,5,22,11,38,130,46,52,27,255,0,0,0,255
03/24/2018,RNO,NV,AWP,WE,Towers with Radar,109,35,32,8,184,0,1,3,0,4,109,36,35,8,188,58,2,60,248
03/25/2018,RNO,NV,AWP,WE,Towers with Radar,115,43,39,6,203,0,2,29,1,32,115,45,68,7,235,0,0,0,235
03/26/2018,RNO,NV,AWP,WE,Towers with Radar,115,42,18,14,189,0,5,45,0,50,115,47,63,14,239,38,8,46,285
03/27/2018,RNO,NV,AWP,WE,Towers with Radar,122,33,25,6,186,0,5,62,3,70,122,38,87,9,256,18,4,22,278
03/28/2018,RNO,NV,AWP,WE,Towers with Radar,122,27,16,2,167,0,2,32,2,36,122,29,48,4,203,8,0,8,211
03/29/2018,RNO,NV,AWP,WE,Towers with Radar,126,29,29,6,190,0,2,45,4,51,126,31,74,10,241,20,2,22,263
03/30/2018,RNO,NV,AWP,WE,Towers with Radar,124,34,29,0,187,0,3,58,4,65,124,37,87,4,252,24,0,24,276
03/31/2018,RNO,NV,AWP,WE,Towers with Radar,107,22,23,1,153,0,5,61,2,68,107,27,84,3,221,46,0,46,267
04/01/2018,RNO,NV,AWP,WE,Towers with Radar,116,27,10,0,153,0,3,44,0,47,116,30,54,0,200,30,0,30,230
04/02/2018,RNO,NV,AWP,WE,Towers with Radar,120,30,14,0,164,0,2,15,0,17,120,32,29,0,181,2,0,2,183
04/03/2018,RNO,NV,AWP,WE,Towers with Radar,125,35,33,2,195,0,8,42,3,53,125,43,75,5,248,30,0,30,278
04/04/2018,RNO,NV,AWP,WE,Towers with Radar,128,35,31,0,194,0,5,26,2,33,128,40,57,2,227,6,0,6,233
04/05/2018,RNO,NV,AWP,WE,Towers with Radar,138,35,35,1,209,0,1,27,1,29,138,36,62,2,238,18,0,18,256
04/06/2018,RNO,NV,AWP,WE,Towers with Radar,121,30,28,7,186,0,1,0,0,1,121,31,28,7,187,20,6,26,213
04/07/2018,RNO,NV,AWP,WE,Towers with Radar,119,25,14,3,161,0,3,8,0,11,119,28,22,3,172,0,0,0,172
04/08/2018,RNO,NV,AWP,WE,Towers with Radar,108,22,29,3,162,0,2,63,7,72,108,24,92,10,234,14,0,14,248
04/09/2018,RNO,NV,AWP,WE,Towers with Radar,124,24,33,0,181,0,2,47,8,57,124,26,80,8,238,48,0,48,286
04/10/2018,RNO,NV,AWP,WE,Towers with Radar,130,31,25,3,189,0,3,17,4,24,130,34,42,7,213,6,0,6,219
04/11/2018,RNO,NV,AWP,WE,Towers with Radar,128,29,29,2,188,0,1,5,1,7,128,30,34,3,195,0,0,0,195
04/12/2018,RNO,NV,AWP,WE,Towers with Radar,123,28,21,6,178,0,5,12,13,30,123,33,33,19,208,8,6,14,222
04/13/2018,RNO,NV,AWP,WE,Towers with Radar,129,29,35,7,200,0,5,43,3,51,129,34,78,10,251,16,2,18,269
04/14/2018,RNO,NV,AWP,WE,Towers with Radar,94,21,25,1,141,0,4,63,0,67,94,25,88,1,208,23,0,23,231
04/15/2018,RNO,NV,AWP,WE,Towers with Radar,102,24,19,0,145,0,2,9,0,11,102,26,28,0,156,10,0,10,166
04/16/2018,RNO,NV,AWP,WE,Towers with Radar,122,25,12,0,159,0,1,5,0,6,122,26,17,0,165,0,0,0,165
04/17/2018,RNO,NV,AWP,WE,Towers with Radar,125,30,26,10,191,0,3,44,4,51,125,33,70,14,242,22,8,30,272
04/18/2018,RNO,NV,AWP,WE,Towers with Radar,126,32,20,3,181,0,1,30,3,34,126,33,50,6,215,0,4,4,219
04/19/2018,RNO,NV,AWP,WE,Towers with Radar,123,41,21,4,189,0,1,3,5,9,123,42,24,9,198,6,0,6,204
04/20/2018,RNO,NV,AWP,WE,Towers with Radar,132,32,26,4,194,0,7,68,2,77,132,39,94,6,271,6,0,6,277
04/21/2018,RNO,NV,AWP,WE,Towers with Radar,94,23,20,1,138,0,9,80,0,89,94,32,100,1,227,8,0,8,235
04/22/2018,RNO,NV,AWP,WE,Towers with Radar,105,35,19,4,163,0,3,49,1,53,105,38,68,5,216,18,0,18,234
04/23/2018,RNO,NV,AWP,WE,Towers with Radar,121,36,41,2,200,0,3,45,1,49,121,39,86,3,249,26,6,32,281
04/24/2018,RNO,NV,AWP,WE,Towers with Radar,122,34,19,1,176,0,2,43,2,47,122,36,62,3,223,0,0,0,223
04/25/2018,RNO,NV,AWP,WE,Towers with Radar,125,35,16,0,176,0,6,35,5,46,125,41,51,5,222,34,0,34,256
04/26/2018,RNO,NV,AWP,WE,Towers with Radar,126,37,48,1,212,0,1,42,1,44,126,38,90,2,256,18,0,18,274
04/27/2018,RNO,NV,AWP,WE,Towers with Radar,132,38,30,2,202,0,8,21,2,31,132,46,51,4,233,18,0,18,251
04/28/2018,RNO,NV,AWP,WE,Towers with Radar,100,21,22,1,144,0,3,28,0,31,100,24,50,1,175,40,0,40,215
04/29/2018,RNO,NV,AWP,WE,Towers with Radar,106,31,34,3,174,0,3,24,0,27,106,34,58,3,201,0,0,0,201
04/30/2018,RNO,NV,AWP,WE,Towers with Radar,126,37,34,10,207,0,1,41,0,42,126,38,75,10,249,14,0,14,263
05/01/2018,RNO,NV,AWP,WE,Towers with Radar,122,30,15,2,169,0,5,29,3,37,122,35,44,5,206,17,0,17,223
05/02/2018,RNO,NV,AWP,WE,Towers with Radar,124,32,31,7,194,0,5,53,4,62,124,37,84,11,256,68,12,80,336
05/03/2018,RNO,NV,AWP,WE,Towers with Radar,123,37,32,8,200,0,5,64,4,73,123,42,96,12,273,22,0,22,295
05/04/2018,RNO,NV,AWP,WE,Towers with Radar,137,30,27,2,196,0,6,69,6,81,137,36,96,8,277,32,2,34,311
05/05/2018,RNO,NV,AWP,WE,Towers with Radar,101,25,15,3,144,0,2,56,2,60,101,27,71,5,204,50,0,50,254
05/06/2018,RNO,NV,AWP,WE,Towers with Radar,109,28,25,4,166,0,4,34,0,38,109,32,59,4,204,30,0,30,234
05/07/2018,RNO,NV,AWP,WE,Towers with Radar,123,26,26,2,177,0,6,54,0,60,123,32,80,2,237,22,0,22,259
05/08/2018,RNO,NV,AWP,WE,Towers with Radar,134,40,20,3,197,0,2,38,2,42,134,42,58,5,239,4,0,4,243
05/09/2018,RNO,NV,AWP,WE,Towers with Radar,128,26,24,4,182,0,5,33,1,39,128,31,57,5,221,6,0,6,227
05/10/2018,RNO,NV,AWP,WE,Towers with Radar,138,32,13,2,185,0,4,36,0,40,138,36,49,2,225,14,0,14,239
05/11/2018,RNO,NV,AWP,WE,Towers with Radar,141,22,22,3,188,0,1,20,4,25,141,23,42,7,213,10,0,10,223
05/12/2018,RNO,NV,AWP,WE,Towers with Radar,101,24,10,0,135,0,2,24,0,26,101,26,34,0,161,24,0,24,185
05/13/2018,RNO,NV,AWP,WE,Towers with Radar,106,21,21,0,148,0,1,25,0,26,106,22,46,0,174,44,6,50,224
05/14/2018,RNO,NV,AWP,WE,Towers with Radar,131,27,19,0,177,0,11,37,0,48,131,38,56,0,225,29,0,29,254
05/15/2018,RNO,NV,AWP,WE,Towers with Radar,135,30,23,0,188,0,6,29,0,35,135,36,52,0,223,18,0,18,241
05/16/2018,RNO,NV,AWP,WE,Towers with Radar,128,34,28,1,191,0,4,3,0,7,128,38,31,1,198,4,0,4,202
05/17/2018,RNO,NV,AWP,WE,Towers with Radar,130,30,27,1,188,0,1,25,3,29,130,31,52,4,217,58,0,58,275
05/18/2018,RNO,NV,AWP,WE,Towers with Radar,138,34,23,8,203,0,2,45,1,48,138,36,68,9,251,4,0,4,255
05/19/2018,RNO,NV,AWP,WE,Towers with Radar,103,14,25,3,145,0,2,36,4,42,103,16,61,7,187,0,0,0,187
05/20/2018,RNO,NV,AWP,WE,Towers with Radar,111,25,16,1,153,0,3,58,2,63,111,28,74,3,216,18,0,18,234
05/21/2018,RNO,NV,AWP,WE,Towers with Radar,134,22,26,2,184,0,0,11,0,11,134,22,37,2,195,10,0,10,205
05/22/2018,RNO,NV,AWP,WE,Towers with Radar,139,29,20,3,191,0,4,33,3,40,139,33,53,6,231,2,7,9,240
05/23/2018,RNO,NV,AWP,WE,Towers with Radar,143,40,35,2,220,0,2,19,1,22,143,42,54,3,242,14,0,14,256
05/24/2018,RNO,NV,AWP,WE,Towers with Radar,134,23,43,5,205,0,5,62,3,70,134,28,105,8,275,4,0,4,279
05/25/2018,RNO,NV,AWP,WE,Towers with Radar,143,55,42,2,242,0,2,6,2,10,143,57,48,4,252,0,0,0,252
05/26/2018,RNO,NV,AWP,WE,Towers with Radar,103,25,15,0,143,0,2,18,0,20,103,27,33,0,163,34,0,34,197
05/27/2018,RNO,NV,AWP,WE,Towers with Radar,93,19,19,0,131,0,3,43,0,46,93,22,62,0,177,60,0,60,237
05/28/2018,RNO,NV,AWP,WE,Towers with Radar,117,35,31,0,183,0,4,65,1,70,117,39,96,1,253,14,0,14,267
05/29/2018,RNO,NV,AWP,WE,Towers with Radar,126,22,14,8,170,0,4,50,0,54,126,26,64,8,224,4,0,4,228
05/30/2018,RNO,NV,AWP,WE,Towers with Radar,141,20,32,0,193,0,3,19,3,25,141,23,51,3,218,18,0,18,236
05/31/2018,RNO,NV,AWP,WE,Towers with Radar,137,29,28,1,195,0,5,18,2,25,137,34,46,3,220,0,0,0,220
06/01/2018,RNO,NV,AWP,WE,Towers with Radar,141,27,33,4,205,0,9,74,3,86,141,36,107,7,291,35,6,41,332
06/02/2018,RNO,NV,AWP,WE,Towers with Radar,105,13,15,1,134,0,1,55,3,59,105,14,70,4,193,38,0,38,231
06/03/2018,RNO,NV,AWP,WE,Towers with Radar,113,22,23,8,166,0,7,49,2,58,113,29,72,10,224,38,4,42,266
06/04/2018,RNO,NV,AWP,WE,Towers with Radar,134,26,19,2,181,0,5,45,5,55,134,31,64,7,236,38,0,38,274
06/05/2018,RNO,NV,AWP,WE,Towers with Radar,134,29,10,4,177,0,8,37,6,51,134,37,47,10,228,6,0,6,234
06/06/2018,RNO,NV,AWP,WE,Towers with Radar,134,28,39,1,202,0,3,69,9,81,134,31,108,10,283,24,0,24,307
06/07/2018,RNO,NV,AWP,WE,Towers with Radar,139,26,24,4,193,0,4,35,12,51,139,30,59,16,244,3,0,3,247
06/08/2018,RNO,NV,AWP,WE,Towers with Radar,143,24,24,7,198,0,7,47,8,62,143,31,71,15,260,6,0,6,266
06/09/2018,RNO,NV,AWP,WE,Towers with Radar,123,24,21,3,171,0,3,12,1,16,123,27,33,4,187,30,0,30,217
06/10/2018,RNO,NV,AWP,WE,Towers with Radar,122,31,33,5,191,0,7,69,1,77,122,38,102,6,268,20,0,20,288
06/11/2018,RNO,NV,AWP,WE,Towers with Radar,137,24,28,6,195,0,6,48,2,56,137,30,76,8,251,4,0,4,255
06/12/2018,RNO,NV,AWP,WE,Towers with Radar,140,21,27,2,190,0,3,42,2,47,140,24,69,4,237,2,0,2,239
06/13/2018,RNO,NV,AWP,WE,Towers with Radar,142,21,29,4,196,0,5,33,9,47,142,26,62,13,243,0,0,0,243
06/14/2018,RNO,NV,AWP,WE,Towers with Radar,138,24,41,3,206,0,6,50,2,58,138,30,91,5,264,8,0,8,272
06/15/2018,RNO,NV,AWP,WE,Towers with Radar,141,33,34,6,214,0,9,50,5,64,141,42,84,11,278,16,0,16,294
06/16/2018,RNO,NV,AWP,WE,Towers with Radar,128,21,23,4,176,0,7,51,0,58,128,28,74,4,234,0,0,0,234
06/17/2018,RNO,NV,AWP,WE,Towers with Radar,127,32,23,1,183,0,4,22,1,27,127,36,45,2,210,18,0,18,228
06/18/2018,RNO,NV,AWP,WE,Towers with Radar,136,28,35,0,199,0,4,54,1,59,136,32,89,1,258,18,0,18,276
06/19/2018,RNO,NV,AWP,WE,Towers with Radar,140,35,31,6,212,0,4,49,1,54,140,39,80,7,266,20,14,34,300
06/20/2018,RNO,NV,AWP,WE,Towers with Radar,143,31,33,4,211,0,5,36,3,44,143,36,69,7,255,14,0,14,269
06/21/2018,RNO,NV,AWP,WE,Towers with Radar,137,27,35,3,202,0,4,56,4,64,137,31,91,7,266,22,0,22,288
06/22/2018,RNO,NV,AWP,WE,Towers with Radar,139,21,34,7,201,0,5,61,7,73,139,26,95,14,274,12,10,22,296
06/23/2018,RNO,NV,AWP,WE,Towers with Radar,125,21,13,0,159,0,4,50,4,58,125,25,63,4,217,8,0,8,225
06/24/2018,RNO,NV,AWP,WE,Towers with Radar,122,43,29,2,196,0,1,67,5,73,122,44,96,7,269,26,0,26,295
06/25/2018,RNO,NV,AWP,WE,Towers with Radar,139,33,26,6,204,0,5,36,6,47,139,38,62,12,251,8,0,8,259
06/26/2018,RNO,NV,AWP,WE,Towers with Radar,146,27,25,13,211,0,2,42,4,48,146,29,67,17,259,32,7,39,298
06/27/2018,RNO,NV,AWP,WE,Towers with Radar,144,29,25,4,202,0,5,40,11,56,144,34,65,15,258,50,0,50,308
06/28/2018,RNO,NV,AWP,WE,Towers with Radar,131,21,21,3,176,1,3,48,6,58,132,24,69,9,234,11,0,11,245
06/29/2018,RNO,NV,AWP,WE,Towers with Radar,145,39,31,2,217,0,4,59,2,65,145,43,90,4,282,48,0,48,330
06/30/2018,RNO,NV,AWP,WE,Towers with Radar,128,23,14,0,165,0,5,39,1,45,128,28,53,1,210,24,0,24,234
07/01/2018,RNO,NV,AWP,WE,Towers with Radar,128,25,25,0,178,0,3,39,2,44,128,28,64,2,222,44,0,44,266
07/02/2018,RNO,NV,AWP,WE,Towers with Radar,127,25,19,1,172,0,2,46,2,50,127,27,65,3,222,14,0,14,236
07/03/2018,RNO,NV,AWP,WE,Towers with Radar,126,27,11,1,165,0,2,37,1,40,126,29,48,2,205,23,0,23,228
07/04/2018,RNO,NV,AWP,WE,Towers with Radar,106,14,14,1,135,0,4,36,4,44,106,18,50,5,179,30,0,30,209
07/05/2018,RNO,NV,AWP,WE,Towers with Radar,131,23,21,3,178,0,3,26,1,30,131,26,47,4,208,4,0,4,212
07/06/2018,RNO,NV,AWP,WE,Towers with Radar,135,28,31,3,197,0,2,46,0,48,135,30,77,3,245,23,0,23,268
07/07/2018,RNO,NV,AWP,WE,Towers with Radar,126,19,20,0,165,0,1,37,0,38,126,20,57,0,203,18,0,18,221
07/08/2018,RNO,NV,AWP,WE,Towers with Radar,129,24,33,2,188,0,1,49,0,50,129,25,82,2,238,6,0,6,244
07/09/2018,RNO,NV,AWP,WE,Towers with Radar,137,26,35,1,199,0,8,51,0,59,137,34,86,1,258,32,0,32,290
07/10/2018,RNO,NV,AWP,WE,Towers with Radar,144,21,30,4,199,0,5,48,4,57,144,26,78,8,256,28,2,30,286
07/11/2018,RNO,NV,AWP,WE,Towers with Radar,138,27,32,6,203,0,4,50,4,58,138,31,82,10,261,18,0,18,279
07/12/2018,RNO,NV,AWP,WE,Towers with Radar,134,25,35,8,202,0,7,51,4,62,134,32,86,12,264,18,0,18,282
07/13/2018,RNO,NV,AWP,WE,Towers with Radar,141,27,29,3,200,0,3,56,4,63,141,30,85,7,263,32,0,32,295
07/14/2018,RNO,NV,AWP,WE,Towers with Radar,124,32,29,5,190,1,1,48,5,55,125,33,77,10,245,28,6,34,279
07/15/2018,RNO,NV,AWP,WE,Towers with Radar,128,30,34,0,192,0,0,62,5,67,128,30,96,5,259,21,0,21,280
07/16/2018,RNO,NV,AWP,WE,Towers with Radar,134,30,28,5,197,0,1,65,2,68,134,31,93,7,265,44,0,44,309
07/17/2018,RNO,NV,AWP,WE,Towers with Radar,140,24,24,5,193,0,5,63,6,74,140,29,87,11,267,44,0,44,311
07/18/2018,RNO,NV,AWP,WE,Towers with Radar,135,24,31,4,194,10,3,39,2,54,145,27,70,6,248,18,0,18,266
07/19/2018,RNO,NV,AWP,WE,Towers with Radar,137,26,28,5,196,0,3,61,3,67,137,29,89,8,263,18,0,18,281
07/20/2018,RNO,NV,AWP,WE,Towers with Radar,137,31,19,6,193,0,4,49,2,55,137,35,68,8,248,57,0,57,305
07/21/2018,RNO,NV,AWP,WE,Towers with Radar,129,36,23,0,188,0,5,48,0,53,129,41,71,0,241,4,0,4,245
07/22/2018,RNO,NV,AWP,WE,Towers with Radar,126,39,37,1,203,0,0,38,0,38,126,39,75,1,241,46,0,46,287
07/23/2018,RNO,NV,AWP,WE,Towers with Radar,135,30,23,1,189,0,3,40,0,43,135,33,63,1,232,20,0,20,252
07/24/2018,RNO,NV,AWP,WE,Towers with Radar,152,19,19,6,196,0,3,38,2,43,152,22,57,8,239,28,0,28,267
07/25/2018,RNO,NV,AWP,WE,Towers with Radar,137,28,23,1,189,0,6,64,4,74,137,34,87,5,263,6,0,6,269
07/26/2018,RNO,NV,AWP,WE,Towers with Radar,138,20,40,7,205,0,2,45,6,53,138,22,85,13,258,6,2,8,266
07/27/2018,RNO,NV,AWP,WE,Towers with Radar,140,30,48,9,227,0,3,42,0,45,140,33,90,9,272,38,0,38,310
07/28/2018,RNO,NV,AWP,WE,Towers with Radar,123,29,31,3,186,0,5,36,3,44,123,34,67,6,230,64,0,64,294
07/29/2018,RNO,NV,AWP,WE,Towers with Radar,130,24,37,7,198,0,1,17,2,20,130,25,54,9,218,62,0,62,280
07/30/2018,RNO,NV,AWP,WE,Towers with Radar,132,32,38,5,207,0,1,18,0,19,132,33,56,5,226,38,0,38,264
07/31/2018,RNO,NV,AWP,WE,Towers with Radar,144,25,19,11,199,0,1,15,4,20,144,26,34,15,219,38,0,38,257
08/01/2018,RNO,NV,AWP,WE,Towers with Radar,145,31,27,0,203,0,8,22,3,33,145,39,49,3,236,10,0,10,246
08/02/2018,RNO,NV,AWP,WE,Towers with Radar,135,36,35,0,206,0,4,39,7,50,135,40,74,7,256,30,0,30,286
08/03/2018,RNO,NV,AWP,WE,Towers with Radar,136,28,39,4,207,0,2,47,2,51,136,30,86,6,258,10,0,10,268
08/04/2018,RNO,NV,AWP,WE,Towers with Radar,128,29,25,11,193,0,2,7,1,10,128,31,32,12,203,52,0,52,255
08/05/2018,RNO,NV,AWP,WE,Towers with Radar,138,40,31,3,212,0,2,53,2,57,138,42,84,5,269,89,0,89,358
08/06/2018,RNO,NV,AWP,WE,Towers with Radar,133,39,21,4,197,0,4,15,5,24,133,43,36,9,221,2,0,2,223
08/07/2018,RNO,NV,AWP,WE,Towers with Radar,142,34,36,2,214,0,4,39,10,53,142,38,75,12,267,56,2,58,325
08/08/2018,RNO,NV,AWP,WE,Towers with Radar,147,26,27,6,206,0,3,29,4,36,147,29,56,10,242,44,0,44,286
08/09/2018,RNO,NV,AWP,WE,Towers with Radar,146,32,42,4,224,0,3,40,9,52,146,35,82,13,276,36,0,36,312
08/10/2018,RNO,NV,AWP,WE,Towers with Radar,142,39,27,4,212,0,9,41,4,54,142,48,68,8,266,30,0,30,296
08/11/2018,RNO,NV,AWP,WE,Towers with Radar,118,19,27,2,166,0,1,80,1,82,118,20,107,3,248,22,0,22,270
08/12/2018,RNO,NV,AWP,WE,Towers with Radar,129,24,32,2,187,0,1,67,1,69,129,25,99,3,256,10,0,10,266
08/13/2018,RNO,NV,AWP,WE,Towers with Radar,136,21,19,3,179,0,7,40,0,47,136,28,59,3,226,24,0,24,250
08/14/2018,RNO,NV,AWP,WE,Towers with Radar,141,29,29,0,199,0,3,48,9,60,141,32,77,9,259,12,0,12,271
08/15/2018,RNO,NV,AWP,WE,Towers with Radar,147,31,26,4,208,0,5,49,5,59,147,36,75,9,267,14,0,14,281
08/16/2018,RNO,NV,AWP,WE,Towers with Radar,139,22,28,2,191,0,7,46,4,57,139,29,74,6,248,4,0,4,252
08/17/2018,RNO,NV,AWP,WE,Towers with Radar,138,32,33,3,206,0,2,62,4,68,138,34,95,7,274,23,0,23,297
08/18/2018,RNO,NV,AWP,WE,Towers with Radar,118,18,17,0,153,0,0,49,0,49,118,18,66,0,202,51,0,51,253
08/19/2018,RNO,NV,AWP,WE,Towers with Radar,132,31,32,0,195,0,2,61,0,63,132,33,93,0,258,0,0,0,258
08/20/2018,RNO,NV,AWP,WE,Towers with Radar,134,31,22,1,188,0,2,42,0,44,134,33,64,1,232,8,0,8,240
08/21/2018,RNO,NV,AWP,WE,Towers with Radar,142,26,35,4,207,0,2,56,1,59,142,28,91,5,266,25,0,25,291
08/22/2018,RNO,NV,AWP,WE,Towers with Radar,138,39,31,3,211,0,8,38,2,48,138,47,69,5,259,48,0,48,307
08/23/2018,RNO,NV,AWP,WE,Towers with Radar,136,36,26,4,202,0,0,72,8,80,136,36,98,12,282,36,0,36,318
08/24/2018,RNO,NV,AWP,WE,Towers with Radar,140,31,39,18,228,0,4,66,9,79,140,35,105,27,307,6,0,6,313
08/25/2018,RNO,NV,AWP,WE,Towers with Radar,115,23,30,2,170,0,9,105,2,116,115,32,135,4,286,16,0,16,302
08/26/2018,RNO,NV,AWP,WE,Towers with Radar,125,38,40,1,204,0,10,146,6,162,125,48,186,7,366,44,0,44,410
08/27/2018,RNO,NV,AWP,WE,Towers with Radar,137,29,38,7,211,0,17,115,7,139,137,46,153,14,350,12,4,16,366
08/28/2018,RNO,NV,AWP,WE,Towers with Radar,131,31,38,4,204,0,12,158,6,176,131,43,196,10,380,24,0,24,404
08/29/2018,RNO,NV,AWP,WE,Towers with Radar,139,52,50,7,248,0,12,151,8,171,139,64,201,15,419,30,0,30,449
08/30/2018,RNO,NV,AWP,WE,Towers with Radar,139,39,51,2,231,0,11,141,6,158,139,50,192,8,389,20,0,20,409
08/31/2018,RNO,NV,AWP,WE,Towers with Radar,142,43,51,0,236,0,9,118,0,127,142,52,169,0,363,34,0,34,397
09/01/2018,RNO,NV,AWP,WE,Towers with Radar,97,46,29,0,172,0,6,139,0,145,97,52,168,0,317,0,0,0,317
09/02/2018,RNO,NV,AWP,WE,Towers with Radar,105,46,52,0,203,0,12,250,0,262,105,58,302,0,465,13,0,13,478
09/03/2018,RNO,NV,AWP,WE,Towers with Radar,137,41,46,1,225,0,13,206,2,221,137,54,252,3,446,10,0,10,456
09/04/2018,RNO,NV,AWP,WE,Towers with Radar,124,21,35,1,181,0,5,61,3,69,124,26,96,4,250,20,0,20,270
09/05/2018,RNO,NV,AWP,WE,Towers with Radar,136,30,34,4,204,0,5,48,0,53,136,35,82,4,257,41,0,41,298
09/06/2018,RNO,NV,AWP,WE,Towers with Radar,143,26,23,6,198,0,4,80,3,87,143,30,103,9,285,12,0,12,297
09/07/2018,RNO,NV,AWP,WE,Towers with Radar,140,30,36,12,218,0,1,65,7,73,140,31,101,19,291,31,0,31,322
09/08/2018,RNO,NV,AWP,WE,Towers with Radar,106,22,12,1,141,0,3,73,0,76,106,25,85,1,217,66,0,66,283
09/09/2018,RNO,NV,AWP,WE,Towers with Radar,125,22,28,3,178,0,7,77,1,85,125,29,105,4,263,76,0,76,339
09/10/2018,RNO,NV,AWP,WE,Towers with Radar,138,20,18,0,176,0,5,58,3,66,138,25,76,3,242,50,0,50,292
09/11/2018,RNO,NV,AWP,WE,Towers with Radar,129,24,33,7,193,0,5,48,5,58,129,29,81,12,251,14,2,16,267
09/12/2018,RNO,NV,AWP,WE,Towers with Radar,137,22,31,5,195,0,4,37,4,45,137,26,68,9,240,28,0,28,268
09/13/2018,RNO,NV,AWP,WE,Towers with Radar,140,19,40,7,206,0,5,86,4,95,140,24,126,11,301,14,4,18,319
09/14/2018,RNO,NV,AWP,WE,Towers with Radar,142,20,43,5,210,0,1,123,6,130,142,21,166,11,340,42,0,42,382
09/15/2018,RNO,NV,AWP,WE,Towers with Radar,101,24,24,2,151,0,2,73,2,77,101,26,97,4,228,22,0,22,250
09/16/2018,RNO,NV,AWP,WE,Towers with Radar,118,23,52,3,196,0,1,160,2,163,118,24,212,5,359,8,6,14,373
09/17/2018,RNO,NV,AWP,WE,Towers with Radar,132,21,39,6,198,0,2,99,6,107,132,23,138,12,305,6,0,6,311
09/18/2018,RNO,NV,AWP,WE,Towers with Radar,131,25,29,6,191,0,7,57,4,68,131,32,86,10,259,46,0,46,305
09/19/2018,RNO,NV,AWP,WE,Towers with Radar,135,30,28,3,196,0,3,57,5,65,135,33,85,8,261,44,0,44,305
09/20/2018,RNO,NV,AWP,WE,Towers with Radar,135,20,24,2,181,0,5,73,0,78,135,25,97,2,259,26,0,26,285
09/21/2018,RNO,NV,AWP,WE,Towers with Radar,146,22,27,7,202,0,7,67,1,75,146,29,94,8,277,0,0,0,277
09/22/2018,RNO,NV,AWP,WE,Towers with Radar,101,23,14,0,138,0,0,52,1,53,101,23,66,1,191,14,0,14,205
09/23/2018,RNO,NV,AWP,WE,Towers with Radar,121,21,20,0,162,0,2,57,1,60,121,23,77,1,222,16,0,16,238
09/24/2018,RNO,NV,AWP,WE,Towers with Radar,136,22,26,0,184,0,10,41,1,52,136,32,67,1,236,2,0,2,238
09/25/2018,RNO,NV,AWP,WE,Towers with Radar,128,24,25,2,179,0,6,43,4,53,128,30,68,6,232,4,0,4,236
09/26/2018,RNO,NV,AWP,WE,Towers with Radar,135,29,46,0,210,0,6,68,5,79,135,35,114,5,289,12,0,12,301
09/27/2018,RNO,NV,AWP,WE,Towers with Radar,134,28,42,4,208,0,4,64,0,68,134,32,106,4,276,14,0,14,290
09/28/2018,RNO,NV,AWP,WE,Towers with Radar,143,24,21,2,190,0,2,42,5,49,143,26,63,7,239,8,0,8,247
09/29/2018,RNO,NV,AWP,WE,Towers with Radar,103,19,20,2,144,0,3,37,1,41,103,22,57,3,185,40,0,40,225
09/30/2018,RNO,NV,AWP,WE,Towers with Radar,119,31,27,0,177,0,2,48,1,51,119,33,75,1,228,85,0,85,313
10/01/2018,RNO,NV,AWP,WE,Towers with Radar,131,15,10,0,156,0,4,37,1,42,131,19,47,1,198,12,0,12,210
10/02/2018,RNO,NV,AWP,WE,Towers with Radar,127,24,25,5,181,0,5,33,1,39,127,29,58,6,220,42,0,42,262
10/03/2018,RNO,NV,AWP,WE,Towers with Radar,131,29,41,4,205,0,1,23,4,28,131,30,64,8,233,20,0,20,253
10/04/2018,RNO,NV,AWP,WE,Towers with Radar,136,14,33,6,189,0,2,13,2,17,136,16,46,8,206,16,0,16,222
10/05/2018,RNO,NV,AWP,WE,Towers with Radar,145,17,35,0,197,0,2,60,1,63,145,19,95,1,260,14,0,14,274
10/06/2018,RNO,NV,AWP,WE,Towers with Radar,102,13,22,0,137,0,1,19,1,21,102,14,41,1,158,24,0,24,182
10/07/2018,RNO,NV,AWP,WE,Towers with Radar,122,10,15,0,147,0,2,70,0,72,122,12,85,0,219,8,0,8,227
10/08/2018,RNO,NV,AWP,WE,Towers with Radar,131,15,22,8,176,0,6,46,0,52,131,21,68,8,228,2,0,2,230
10/09/2018,RNO,NV,AWP,WE,Towers with Radar,132,19,16,8,175,0,2,40,1,43,132,21,56,9,218,24,0,24,242
10/10/2018,RNO,NV,AWP,WE,Towers with Radar,137,17,39,2,195,0,5,48,2,55,137,22,87,4,250,12,0,12,262
10/11/2018,RNO,NV,AWP,WE,Towers with Radar,135,22,31,7,195,0,3,48,6,57,135,25,79,13,252,20,0,20,272
10/12/2018,RNO,NV,AWP,WE,Towers with Radar,142,21,26,6,195,0,5,64,5,74,142,26,90,11,269,20,0,20,289
10/13/2018,RNO,NV,AWP,WE,Towers with Radar,99,18,17,1,135,0,1,53,0,54,99,19,70,1,189,22,0,22,211
10/14/2018,RNO,NV,AWP,WE,Towers with Radar,125,21,29,3,178,0,1,44,5,50,125,22,73,8,228,28,2,30,258
10/15/2018,RNO,NV,AWP,WE,Towers with Radar,131,16,24,9,180,0,2,57,6,65,131,18,81,15,245,54,4,58,303
10/16/2018,RNO,NV,AWP,WE,Towers with Radar,133,9,34,1,177,0,6,34,4,44,133,15,68,5,221,14,6,20,241
10/17/2018,RNO,NV,AWP,WE,Towers with Radar,138,9,25,6,178,0,3,85,2,90,138,12,110,8,268,38,0,38,306
10/18/2018,RNO,NV,AWP,WE,Towers with Radar,139,25,22,3,189,0,3,61,3,67,139,28,83,6,256,8,2,10,266
10/19/2018,RNO,NV,AWP,WE,Towers with Radar,141,13,22,3,179,0,1,73,0,74,141,14,95,3,253,9,0,9,262
10/20/2018,RNO,NV,AWP,WE,Towers with Radar,100,6,13,1,120,0,2,77,0,79,100,8,90,1,199,24,0,24,223
10/21/2018,RNO,NV,AWP,WE,Towers with Radar,125,11,18,2,156,0,2,65,2,69,125,13,83,4,225,46,0,46,271
10/22/2018,RNO,NV,AWP,WE,Towers with Radar,122,20,41,0,183,0,6,60,2,68,122,26,101,2,251,12,6,18,269
10/23/2018,RNO,NV,AWP,WE,Towers with Radar,136,14,29,2,181,0,5,58,0,63,136,19,87,2,244,6,0,6,250
10/24/2018,RNO,NV,AWP,WE,Towers with Radar,139,22,26,0,187,0,2,56,1,59,139,24,82,1,246,14,0,14,260
10/25/2018,RNO,NV,AWP,WE,Towers with Radar,138,13,39,2,192,0,2,60,2,64,138,15,99,4,256,60,0,60,316
10/26/2018,RNO,NV,AWP,WE,Towers with Radar,139,20,30,7,196,0,3,66,1,70,139,23,96,8,266,42,0,42,308
10/27/2018,RNO,NV,AWP,WE,Towers with Radar,106,11,15,3,135,0,0,42,2,44,106,11,57,5,179,44,0,44,223
10/28/2018,RNO,NV,AWP,WE,Towers with Radar,114,19,24,2,159,0,2,37,0,39,114,21,61,2,198,32,0,32,230
10/29/2018,RNO,NV,AWP,WE,Towers with Radar,129,16,28,2,175,0,5,47,0,52,129,21,75,2,227,28,0,28,255
10/30/2018,RNO,NV,AWP,WE,Towers with Radar,123,19,38,2,182,0,4,59,0,63,123,23,97,2,245,18,0,18,263
10/31/2018,RNO,NV,AWP,WE,Towers with Radar,109,20,39,0,168,0,2,49,2,53,109,22,88,2,221,20,0,20,241
11/01/2018,RNO,NV,AWP,WE,Towers with Radar,125,18,32,9,184,0,5,57,0,62,125,23,89,9,246,28,0,28,274
11/02/2018,RNO,NV,AWP,WE,Towers with Radar,133,24,28,4,189,0,4,54,3,61,133,28,82,7,250,51,0,51,301
11/03/2018,RNO,NV,AWP,WE,Towers with Radar,99,27,18,7,151,0,0,57,2,59,99,27,75,9,210,10,0,10,220
11/04/2018,RNO,NV,AWP,WE,Towers with Radar,116,22,24,6,168,0,1,38,0,39,116,23,62,6,207,4,0,4,211
11/05/2018,RNO,NV,AWP,WE,Towers with Radar,130,26,24,0,180,0,1,52,0,53,130,27,76,0,233,42,0,42,275
11/06/2018,RNO,NV,AWP,WE,Towers with Radar,129,12,27,0,168,0,4,46,2,52,129,16,73,2,220,34,0,34,254
11/07/2018,RNO,NV,AWP,WE,Towers with Radar,134,24,21,2,181,0,3,60,0,63,134,27,81,2,244,4,0,4,248
11/08/2018,RNO,NV,AWP,WE,Towers with Radar,133,27,27,3,190,0,2,46,0,48,133,29,73,3,238,18,0,18,256
11/09/2018,RNO,NV,AWP,WE,Towers with Radar,141,18,29,17,205,0,0,60,2,62,141,18,89,19,267,28,9,37,304
11/10/2018,RNO,NV,AWP,WE,Towers with Radar,96,20,17,0,133,0,3,57,0,60,96,23,74,0,193,82,0,82,275
11/11/2018,RNO,NV,AWP,WE,Towers with Radar,118,26,28,0,172,0,3,54,5,62,118,29,82,5,234,23,0,23,257
11/12/2018,RNO,NV,AWP,WE,Towers with Radar,135,25,20,0,180,0,2,52,2,56,135,27,72,2,236,36,0,36,272
11/13/2018,RNO,NV,AWP,WE,Towers with Radar,127,22,38,1,188,0,0,47,7,54,127,22,85,8,242,10,0,10,252
11/14/2018,RNO,NV,AWP,WE,Towers with Radar,141,24,24,2,191,0,3,51,2,56,141,27,75,4,247,14,0,14,261
11/15/2018,RNO,NV,AWP,WE,Towers with Radar,130,18,28,6,182,0,2,53,2,57,130,20,81,8,239,46,0,46,285
11/16/2018,RNO,NV,AWP,WE,Towers with Radar,138,30,37,13,218,0,5,70,7,82,138,35,107,20,300,10,0,10,310
11/17/2018,RNO,NV,AWP,WE,Towers with Radar,118,19,22,3,162,0,9,59,2,70,118,28,81,5,232,68,0,68,300
11/18/2018,RNO,NV,AWP,WE,Towers with Radar,116,26,26,3,171,0,1,63,3,67,116,27,89,6,238,46,0,46,284
11/19/2018,RNO,NV,AWP,WE,Towers with Radar,123,24,23,3,173,0,2,44,4,50,123,26,67,7,223,10,0,10,233
11/20/2018,RNO,NV,AWP,WE,Towers with Radar,127,31,33,0,191,0,2,64,4,70,127,33,97,4,261,66,0,66,327
11/21/2018,RNO,NV,AWP,WE,Towers with Radar,144,31,23,2,200,0,4,10,0,14,144,35,33,2,214,24,0,24,238
11/22/2018,RNO,NV,AWP,WE,Towers with Radar,83,14,9,0,106,0,1,0,0,1,83,15,9,0,107,4,0,4,111
11/23/2018,RNO,NV,AWP,WE,Towers with Radar,108,28,15,0,151,0,0,1,0,1,108,28,16,0,152,0,0,0,152
11/24/2018,RNO,NV,AWP,WE,Towers with Radar,129,28,22,0,179,0,1,25,0,26,129,29,47,0,205,66,0,66,271
11/25/2018,RNO,NV,AWP,WE,Towers with Radar,136,26,35,0,197,0,1,56,0,57,136,27,91,0,254,29,0,29,283
11/26/2018,RNO,NV,AWP,WE,Towers with Radar,134,30,28,2,194,0,1,42,0,43,134,31,70,2,237,12,6,18,255
11/27/2018,RNO,NV,AWP,WE,Towers with Radar,130,16,23,5,174,0,3,9,2,14,130,19,32,7,188,2,0,2,190
11/28/2018,RNO,NV,AWP,WE,Towers with Radar,137,23,22,6,188,0,5,21,0,26,137,28,43,6,214,122,0,122,336
11/29/2018,RNO,NV,AWP,WE,Towers with Radar,141,23,11,5,180,0,1,3,1,5,141,24,14,6,185,18,14,32,217
11/30/2018,RNO,NV,AWP,WE,Towers with Radar,137,28,24,1,190,0,2,16,0,18,137,30,40,1,208,16,0,16,224
12/01/2018,RNO,NV,AWP,WE,Towers with Radar,94,29,11,1,135,0,2,1,0,3,94,31,12,1,138,0,0,0,138
12/02/2018,RNO,NV,AWP,WE,Towers with Radar,118,27,28,4,177,0,1,53,2,56,118,28,81,6,233,60,4,64,297
12/03/2018,RNO,NV,AWP,WE,Towers with Radar,130,30,38,0,198,0,3,44,0,47,130,33,82,0,245,26,0,26,271
12/04/2018,RNO,NV,AWP,WE,Towers with Radar,133,20,23,5,181,0,0,7,0,7,133,20,30,5,188,40,0,40,228
12/05/2018,RNO,NV,AWP,WE,Towers with Radar,134,24,30,4,192,0,1,8,0,9,134,25,38,4,201,34,0,34,235
12/06/2018,RNO,NV,AWP,WE,Towers with Radar,141,34,46,2,223,0,1,2,0,3,141,35,48,2,226,72,8,80,306
12/07/2018,RNO,NV,AWP,WE,Towers with Radar,139,25,45,1,210,0,0,4,0,4,139,25,49,1,214,100,0,100,314
12/08/2018,RNO,NV,AWP,WE,Towers with Radar,92,25,19,1,137,0,0,2,0,2,92,25,21,1,139,30,0,30,169
12/09/2018,RNO,NV,AWP,WE,Towers with Radar,120,38,29,2,189,0,0,7,0,7,120,38,36,2,196,72,0,72,268
12/10/2018,RNO,NV,AWP,WE,Towers with Radar,132,25,29,0,186,0,0,7,0,7,132,25,36,0,193,0,0,0,193
12/11/2018,RNO,NV,AWP,WE,Towers with Radar,134,25,32,4,195,0,0,29,1,30,134,25,61,5,225,90,0,90,315
12/12/2018,RNO,NV,AWP,WE,Towers with Radar,136,38,21,0,195,0,5,38,0,43,136,43,59,0,238,26,1,27,265
12/13/2018,RNO,NV,AWP,WE,Towers with Radar,147,26,35,0,208,0,0,62,2,64,147,26,97,2,272,62,0,62,334
12/14/2018,RNO,NV,AWP,WE,Towers with Radar,156,33,26,3,218,0,1,18,0,19,156,34,44,3,237,14,0,14,251
12/15/2018,RNO,NV,AWP,WE,Towers with Radar,108,32,25,2,167,0,8,47,1,56,108,40,72,3,223,70,0,70,293
12/16/2018,RNO,NV,AWP,WE,Towers with Radar,122,28,19,0,169,0,1,25,0,26,122,29,44,0,195,36,0,36,231
12/17/2018,RNO,NV,AWP,WE,Towers with Radar,142,20,14,0,176,0,2,42,1,45,142,22,56,1,221,0,0,0,221
12/18/2018,RNO,NV,AWP,WE,Towers with Radar,142,24,32,0,198,0,2,22,3,27,142,26,54,3,225,25,0,25,250
12/19/2018,RNO,NV,AWP,WE,Towers with Radar,150,29,20,0,199,0,5,51,1,57,150,34,71,1,256,24,0,24,280
12/20/2018,RNO,NV,AWP,WE,Towers with Radar,142,32,36,0,210,0,3,30,0,33,142,35,66,0,243,8,0,8,251
12/21/2018,RNO,NV,AWP,WE,Towers with Radar,153,39,40,0,232,0,1,22,0,23,153,40,62,0,255,36,0,36,291
12/22/2018,RNO,NV,AWP,WE,Towers with Radar,149,47,29,0,225,0,3,52,0,55,149,50,81,0,280,37,0,37,317
12/23/2018,RNO,NV,AWP,WE,Towers with Radar,131,25,24,1,181,0,3,9,0,12,131,28,33,1,193,34,0,34,227
12/24/2018,RNO,NV,AWP,WE,Towers with Radar,111,20,13,1,145,0,0,1,0,1,111,20,14,1,146,10,0,10,156
12/25/2018,RNO,NV,AWP,WE,Towers with Radar,103,23,8,0,134,0,0,5,0,5,103,23,13,0,139,18,0,18,157
12/26/2018,RNO,NV,AWP,WE,Towers with Radar,148,32,25,0,205,0,2,58,0,60,148,34,83,0,265,32,0,32,297
12/27/2018,RNO,NV,AWP,WE,Towers with Radar,146,42,44,1,233,0,2,25,0,27,146,44,69,1,260,26,0,26,286
12/28/2018,RNO,NV,AWP,WE,Towers with Radar,141,38,41,0,220,0,0,40,0,40,141,38,81,0,260,12,0,12,272
12/29/2018,RNO,NV,AWP,WE,Towers with Radar,139,22,34,0,195,0,2,60,0,62,139,24,94,0,257,12,0,12,269
12/30/2018,RNO,NV,AWP,WE,Towers with Radar,128,24,28,0,180,0,0,55,0,55,128,24,83,0,235,26,0,26,261
12/31/2018,RNO,NV,AWP,WE,Towers with Radar,119,28,18,0,165,0,0,24,0,24,119,28,42,0,189,28,0,28,217
01/01/2019,RNO,NV,AWP,WE,Towers with Radar,119,17,27,0,163,0,0,19,1,20,119,17,46,1,183,2,0,2,185
01/02/2019,RNO,NV,AWP,WE,Towers with Radar,147,25,22,1,195,0,1,46,1,48,147,26,68,2,243,48,0,48,291
01/03/2019,RNO,NV,AWP,WE,Towers with Radar,136,27,20,2,185,0,2,52,0,54,136,29,72,2,239,16,0,16,255
01/04/2019,RNO,NV,AWP,WE,Towers with Radar,134,29,31,3,197,0,0,55,1,56,134,29,86,4,253,12,0,12,265
01/05/2019,RNO,NV,AWP,WE,Towers with Radar,113,23,33,3,172,0,0,18,0,18,113,23,51,3,190,10,0,10,200
01/06/2019,RNO,NV,AWP,WE,Towers with Radar,107,40,36,1,184,0,0,3,0,3,107,40,39,1,187,0,0,0,187
01/07/2019,RNO,NV,AWP,WE,Towers with Radar,135,34,33,2,204,0,1,4,0,5,135,35,37,2,209,2,0,2,211
01/08/2019,RNO,NV,AWP,WE,Towers with Radar,129,34,49,2,214,0,0,38,3,41,129,34,87,5,255,48,6,54,309
01/09/2019,RNO,NV,AWP,WE,Towers with Radar,133,42,62,5,242,0,6,7,1,14,133,48,69,6,256,12,0,12,268
01/10/2019,RNO,NV,AWP,WE,Towers with Radar,143,53,79,2,277,0,1,61,8,70,143,54,140,10,347,50,8,58,405
01/11/2019,RNO,NV,AWP,WE,Towers with Radar,134,50,66,2,252,0,1,32,0,33,134,51,98,2,285,10,2,12,297
01/12/2019,RNO,NV,AWP,WE,Towers with Radar,99,41,61,0,201,0,5,57,0,62,99,46,118,0,263,0,0,0,263
01/13/2019,RNO,NV,AWP,WE,Towers with Radar,127,34,39,0,200,0,2,47,0,49,127,36,86,0,249,48,0,48,297
01/14/2019,RNO,NV,AWP,WE,Towers with Radar,127,32,41,2,202,0,0,40,1,41,127,32,81,3,243,94,0,94,337
01/15/2019,RNO,NV,AWP,WE,Towers with Radar,119,37,35,1,192,0,0,8,0,8,119,37,43,1,200,18,0,18,218
01/16/2019,RNO,NV,AWP,WE,Towers with Radar,137,28,46,0,211,0,0,2,0,2,137,28,48,0,213,12,0,12,225
01/17/2019,RNO,NV,AWP,WE,Towers with Radar,138,21,23,0,182,0,0,0,0,0,138,21,23,0,182,0,0,0,182
01/18/2019,RNO,NV,AWP,WE,Towers with Radar,133,79,51,0,263,0,5,12,0,17,133,84,63,0,280,112,0,112,392
01/19/2019,RNO,NV,AWP,WE,Towers with Radar,98,37,14,2,151,0,1,51,0,52,98,38,65,2,203,55,0,55,258
01/20/2019,RNO,NV,AWP,WE,Towers with Radar,118,35,25,0,178,0,3,0,0,3,118,38,25,0,181,22,0,22,203
01/21/2019,RNO,NV,AWP,WE,Towers with Radar,125,86,55,0,266,0,2,34,3,39,125,88,89,3,305,24,0,24,329
01/22/2019,RNO,NV,AWP,WE,Towers with Radar,124,24,26,9,183,0,5,65,1,71,124,29,91,10,254,33,10,43,297
01/23/2019,RNO,NV,AWP,WE,Towers with Radar,130,21,31,6,188,0,8,58,2,68,130,29,89,8,256,22,0,22,278
01/24/2019,RNO,NV,AWP,WE,Towers with Radar,131,27,27,5,190,0,10,65,6,81,131,37,92,11,271,52,2,54,325
01/25/2019,RNO,NV,AWP,WE,Towers with Radar,134,38,33,0,205,0,2,78,0,80,134,40,111,0,285,71,0,71,356
01/26/2019,RNO,NV,AWP,WE,Towers with Radar,98,18,15,0,131,0,1,74,0,75,98,19,89,0,206,100,0,100,306
01/27/2019,RNO,NV,AWP,WE,Towers with Radar,121,30,27,0,178,0,7,51,1,59,121,37,78,1,237,36,0,36,273
01/28/2019,RNO,NV,AWP,WE,Towers with Radar,125,22,30,1,178,0,0,45,4,49,125,22,75,5,227,45,0,45,272
01/29/2019,RNO,NV,AWP,WE,Towers with Radar,121,24,24,1,170,0,0,39,0,39,121,24,63,1,209,60,0,60,269
01/30/2019,RNO,NV,AWP,WE,Towers with Radar,128,30,29,2,189,0,4,51,3,58,128,34,80,5,247,28,6,34,281
01/31/2019,RNO,NV,AWP,WE,Towers with Radar,135,29,26,5,195,0,4,44,2,50,135,33,70,7,245,32,2,34,279
02/01/2019,RNO,NV,AWP,WE,Towers with Radar,133,31,40,1,205,0,0,27,5,32,133,31,67,6,237,13,2,15,252
02/02/2019,RNO,NV,AWP,WE,Towers with Radar,97,18,24,1,140,0,0,3,0,3,97,18,27,1,143,16,0,16,159
02/03/2019,RNO,NV,AWP,WE,Towers with Radar,105,43,22,0,170,0,0,0,0,0,105,43,22,0,170,0,0,0,170
02/04/2019,RNO,NV,AWP,WE,Towers with Radar,124,32,21,0,177,0,0,0,0,0,124,32,21,0,177,0,0,0,177
02/05/2019,RNO,NV,AWP,WE,Towers with Radar,124,30,21,5,180,0,2,6,0,8,124,32,27,5,188,10,0,10,198
02/06/2019,RNO,NV,AWP,WE,Towers with Radar,129,48,51,3,231,0,4,38,2,44,129,52,89,5,275,42,0,42,317
02/07/2019,RNO,NV,AWP,WE,Towers with Radar,134,42,44,3,223,0,2,58,2,62,134,44,102,5,285,26,0,26,311
02/08/2019,RNO,NV,AWP,WE,Towers with Radar,132,52,46,2,232,0,0,43,3,46,132,52,89,5,278,6,2,8,286
02/09/2019,RNO,NV,AWP,WE,Towers with Radar,98,28,18,0,144,0,1,4,2,7,98,29,22,2,151,14,1,15,166
02/10/2019,RNO,NV,AWP,WE,Towers with Radar,118,47,46,3,214,0,5,16,2,23,118,52,62,5,237,12,0,12,249
02/11/2019,RNO,NV,AWP,WE,Towers with Radar,127,24,29,0,180,0,4,49,0,53,127,28,78,0,233,4,0,4,237
02/12/2019,RNO,NV,AWP,WE,Towers with Radar,127,29,18,4,178,0,2,18,1,21,127,31,36,5,199,90,0,90,289
02/13/2019,RNO,NV,AWP,WE,Towers with Radar,139,21,21,0,181,0,1,0,0,1,139,22,21,0,182,0,0,0,182
02/14/2019,RNO,NV,AWP,WE,Towers with Radar,137,23,23,0,183,0,0,1,0,1,137,23,24,0,184,0,0,0,184
02/15/2019,RNO,NV,AWP,WE,Towers with Radar,147,67,54,0,268,0,0,1,0,1,147,67,55,0,269,0,0,0,269
02/16/2019,RNO,NV,AWP,WE,Towers with Radar,109,53,43,0,205,0,4,2,3,9,109,57,45,3,214,16,0,16,230
02/17/2019,RNO,NV,AWP,WE,Towers with Radar,117,48,23,0,188,0,0,0,0,0,117,48,23,0,188,0,0,0,188
02/18/2019,RNO,NV,AWP,WE,Towers with Radar,130,61,59,0,250,0,3,32,0,35,130,64,91,0,285,32,0,32,317
02/19/2019,RNO,NV,AWP,WE,Towers with Radar,134,47,61,3,245,0,1,45,1,47,134,48,106,4,292,44,0,44,336
02/20/2019,RNO,NV,AWP,WE,Towers with Radar,142,44,41,0,227,0,0,1,0,1,142,44,42,0,228,0,0,0,228
02/21/2019,RNO,NV,AWP,WE,Towers with Radar,131,44,32,1,208,0,0,3,1,4,131,44,35,2,212,6,0,6,218
02/22/2019,RNO,NV,AWP,WE,Towers with Radar,144,53,34,2,233,0,1,54,4,59,144,54,88,6,292,38,0,38,330
02/23/2019,RNO,NV,AWP,WE,Towers with Radar,114,34,26,0,174,0,0,66,0,66,114,34,92,0,240,48,0,48,288
02/24/2019,RNO,NV,AWP,WE,Towers with Radar,126,50,35,5,216,0,4,17,2,23,126,54,52,7,239,0,0,0,239
02/25/2019,RNO,NV,AWP,WE,Towers with Radar,97,20,26,0,143,0,0,2,0,2,97,20,28,0,145,0,0,0,145
02/26/2019,RNO,NV,AWP,WE,Towers with Radar,104,5,32,0,141,0,1,1,0,2,104,6,33,0,143,0,0,0,143
02/27/2019,RNO,NV,AWP,WE,Towers with Radar,130,11,23,2,166,0,2,3,0,5,130,13,26,2,171,0,0,0,171
02/28/2019,RNO,NV,AWP,WE,Towers with Radar,146,49,31,0,226,0,0,3,4,7,146,49,34,4,233,16,0,16,249
03/01/2019,RNO,NV,AWP,WE,Towers with Radar,141,48,33,4,226,0,3,20,3,26,141,51,53,7,252,18,0,18,270
03/02/2019,RNO,NV,AWP,WE,Towers with Radar,106,26,15,6,153,0,0,0,0,0,106,26,15,6,153,36,0,36,189
03/03/2019,RNO,NV,AWP,WE,Towers with Radar,125,41,26,3,195,0,0,0,0,0,125,41,26,3,195,0,0,0,195
03/04/2019,RNO,NV,AWP,WE,Towers with Radar,129,27,31,0,187,0,0,43,0,43,129,27,74,0,230,36,0,36,266
03/05/2019,RNO,NV,AWP,WE,Towers with Radar,125,29,34,7,195,0,1,13,2,16,125,30,47,9,211,26,0,26,237
03/06/2019,RNO,NV,AWP,WE,Towers with Radar,142,27,16,3,188,0,0,0,1,1,142,27,16,4,189,16,1,17,206
03/07/2019,RNO,NV,AWP,WE,Towers with Radar,139,36,23,3,201,0,1,15,0,16,139,37,38,3,217,16,0,16,233
03/08/2019,RNO,NV,AWP,WE,Towers with Radar,142,46,24,3,215,0,2,20,3,25,142,48,44,6,240,0,0,0,240
03/09/2019,RNO,NV,AWP,WE,Towers with Radar,116,24,26,1,167,0,2,52,0,54,116,26,78,1,221,52,0,52,273
03/10/2019,RNO,NV,AWP,WE,Towers with Radar,128,54,29,2,213,0,0,16,0,16,128,54,45,2,229,85,0,85,314
03/11/2019,RNO,NV,AWP,WE,Towers with Radar,139,30,29,4,202,0,4,49,1,54,139,34,78,5,256,17,0,17,273
03/12/2019,RNO,NV,AWP,WE,Towers with Radar,144,27,24,1,196,0,1,14,4,19,144,28,38,5,215,4,0,4,219
03/13/2019,RNO,NV,AWP,WE,Towers with Radar,133,28,21,1,183,0,2,46,9,57,133,30,67,10,240,28,2,30,270
03/14/2019,RNO,NV,AWP,WE,Towers with Radar,136,34,34,4,208,0,2,72,10,84,136,36,106,14,292,42,0,42,334
03/15/2019,RNO,NV,AWP,WE,Towers with Radar,149,24,27,3,203,0,2,72,5,79,149,26,99,8,282,76,0,76,358
03/16/2019,RNO,NV,AWP,WE,Towers with Radar,115,31,24,3,173,0,0,81,1,82,115,31,105,4,255,46,0,46,301
03/17/2019,RNO,NV,AWP,WE,Towers with Radar,127,23,34,0,184,0,4,69,2,75,127,27,103,2,259,18,2,20,279
03/18/2019,RNO,NV,AWP,WE,Towers with Radar,139,33,31,0,203,0,0,65,11,76,139,33,96,11,279,18,0,18,297
03/19/2019,RNO,NV,AWP,WE,Towers with Radar,144,24,27,1,196,0,7,67,15,89,144,31,94,16,285,10,0,10,295
03/20/2019,RNO,NV,AWP,WE,Towers with Radar,143,30,29,5,207,0,4,27,7,38,143,34,56,12,245,34,0,34,279
03/21/2019,RNO,NV,AWP,WE,Towers with Radar,146,31,27,5,209,0,4,27,12,43,146,35,54,17,252,0,0,0,252
03/22/2019,RNO,NV,AWP,WE,Towers with Radar,140,40,35,3,218,0,3,38,9,50,140,43,73,12,268,0,0,0,268
03/23/2019,RNO,NV,AWP,WE,Towers with Radar,122,35,27,2,186,0,0,2,0,2,122,35,29,2,188,20,0,20,208
03/24/2019,RNO,NV,AWP,WE,Towers with Radar,132,28,19,1,180,0,1,72,3,76,132,29,91,4,256,30,0,30,286
03/25/2019,RNO,NV,AWP,WE,Towers with Radar,135,20,21,1,177,0,4,14,2,20,135,24,35,3,197,10,0,10,207
03/26/2019,RNO,NV,AWP,WE,Towers with Radar,143,15,19,1,178,0,5,5,4,14,143,20,24,5,192,36,0,36,228
03/27/2019,RNO,NV,AWP,WE,Towers with Radar,142,34,24,1,201,0,1,1,0,2,142,35,25,1,203,0,0,0,203
03/28/2019,RNO,NV,AWP,WE,Towers with Radar,142,36,37,11,226,0,3,27,5,35,142,39,64,16,261,90,0,90,351
03/29/2019,RNO,NV,AWP,WE,Towers with Radar,144,22,20,4,190,0,1,82,0,83,144,23,102,4,273,24,0,24,297
03/30/2019,RNO,NV,AWP,WE,Towers with Radar,118,23,23,1,165,0,2,84,0,86,118,25,107,1,251,20,0,20,271
03/31/2019,RNO,NV,AWP,WE,Towers with Radar,125,22,30,3,180,0,1,70,0,71,125,23,100,3,251,146,0,146,397
04/01/2019,RNO,NV,AWP,WE,Towers with Radar,129,28,31,8,196,0,1,34,2,37,129,29,65,10,233,20,0,20,253
04/02/2019,RNO,NV,AWP,WE,Towers with Radar,138,33,23,1,195,0,2,18,1,21,138,35,41,2,216,62,0,62,278
04/03/2019,RNO,NV,AWP,WE,Towers with Radar,136,27,26,6,195,0,0,39,2,41,136,27,65,8,236,51,6,57,293
04/04/2019,RNO,NV,AWP,WE,Towers with Radar,141,26,35,4,206,0,4,35,1,40,141,30,70,5,246,44,0,44,290
04/05/2019,RNO,NV,AWP,WE,Towers with Radar,135,37,42,2,216,0,1,19,3,23,135,38,61,5,239,30,0,30,269
04/06/2019,RNO,NV,AWP,WE,Towers with Radar,120,22,22,2,166,0,1,19,0,20,120,23,41,2,186,32,0,32,218
04/07/2019,RNO,NV,AWP,WE,Towers with Radar,121,17,31,3,172,0,0,31,3,34,121,17,62,6,206,42,0,42,248
04/08/2019,RNO,NV,AWP,WE,Towers with Radar,149,28,15,0,192,0,4,26,0,30,149,32,41,0,222,12,0,12,234
04/09/2019,RNO,NV,AWP,WE,Towers with Radar,139,32,29,8,208,0,1,4,2,7,139,33,33,10,215,10,0,10,225
04/10/2019,RNO,NV,AWP,WE,Towers with Radar,134,42,27,1,204,0,1,61,0,62,134,43,88,1,266,6,0,6,272
04/11/2019,RNO,NV,AWP,WE,Towers with Radar,147,30,35,3,215,0,1,20,0,21,147,31,55,3,236,102,0,102,338
04/12/2019,RNO,NV,AWP,WE,Towers with Radar,142,39,34,3,218,0,4,69,8,81,142,43,103,11,299,70,2,72,371
04/13/2019,RNO,NV,AWP,WE,Towers with Radar,107,14,23,2,146,0,1,76,1,78,107,15,99,3,224,40,0,40,264
04/14/2019,RNO,NV,AWP,WE,Towers with Radar,107,30,23,2,162,0,0,27,0,27,107,30,50,2,189,36,0,36,225
04/15/2019,RNO,NV,AWP,WE,Towers with Radar,133,42,20,3,198,0,0,23,0,23,133,42,43,3,221,10,0,10,231
04/16/2019,RNO,NV,AWP,WE,Towers with Radar,143,23,22,6,194,0,4,18,2,24,143,27,40,8,218,11,0,11,229
04/17/2019,RNO,NV,AWP,WE,Towers with Radar,145,29,29,0,203,0,3,87,4,94,145,32,116,4,297,60,0,60,357
04/18/2019,RNO,NV,AWP,WE,Towers with Radar,143,30,25,0,198,0,0,100,6,106,143,30,125,6,304,86,0,86,390
04/19/2019,RNO,NV,AWP,WE,Towers with Radar,142,25,24,3,194,0,1,61,0,62,142,26,85,3,256,70,0,70,326
04/20/2019,RNO,NV,AWP,WE,Towers with Radar,105,17,12,1,135,0,3,41,0,44,105,20,53,1,179,72,0,72,251
04/21/2019,RNO,NV,AWP,WE,Towers with Radar,105,15,13,0,133,0,1,52,0,53,105,16,65,0,186,24,0,24,210
04/22/2019,RNO,NV,AWP,WE,Towers with Radar,139,26,30,2,197,0,1,77,1,79,139,27,107,3,276,74,0,74,350
04/23/2019,RNO,NV,AWP,WE,Towers with Radar,140,30,25,0,195,0,1,68,3,72,140,31,93,3,267,22,0,22,289
04/24/2019,RNO,NV,AWP,WE,Towers with Radar,142,27,22,0,191,0,1,61,2,64,142,28,83,2,255,26,0,26,281
04/25/2019,RNO,NV,AWP,WE,Towers with Radar,141,35,45,2,223,0,3,57,4,64,141,38,102,6,287,3,0,3,290
04/26/2019,RNO,NV,AWP,WE,Towers with Radar,145,34,19,0,198,0,0,72,2,74,145,34,91,2,272,46,0,46,318
04/27/2019,RNO,NV,AWP,WE,Towers with Radar,105,18,20,0,143,0,2,66,1,69,105,20,86,1,212,44,0,44,256
04/28/2019,RNO,NV,AWP,WE,Towers with Radar,110,24,36,0,170,0,3,95,0,98,110,27,131,0,268,52,0,52,320
04/29/2019,RNO,NV,AWP,WE,Towers with Radar,134,24,29,4,191,0,4,54,4,62,134,28,83,8,253,58,0,58,311
04/30/2019,RNO,NV,AWP,WE,Towers with Radar,150,35,24,0,209,0,0,14,4,18,150,35,38,4,227,12,0,12,239
05/01/2019,RNO,NV,AWP,WE,Towers with Radar,141,26,38,1,206,0,3,59,4,66,141,29,97,5,272,21,0,21,293
05/02/2019,RNO,NV,AWP,WE,Towers with Radar,143,32,16,2,193,0,5,69,1,75,143,37,85,3,268,38,13,51,319
05/03/2019,RNO,NV,AWP,WE,Towers with Radar,142,41,33,1,217,0,1,52,1,54,142,42,85,2,271,24,0,24,295
05/04/2019,RNO,NV,AWP,WE,Towers with Radar,102,19,13,5,139,0,2,79,4,85,102,21,92,9,224,24,0,24,248
05/05/2019,RNO,NV,AWP,WE,Towers with Radar,122,24,23,3,172,0,3,63,2,68,122,27,86,5,240,8,0,8,248
05/06/2019,RNO,NV,AWP,WE,Towers with Radar,140,29,33,5,207,0,1,37,6,44,140,30,70,11,251,62,0,62,313
05/07/2019,RNO,NV,AWP,WE,Towers with Radar,143,34,27,0,204,0,1,54,9,64,143,35,81,9,268,12,0,12,280
05/08/2019,RNO,NV,AWP,WE,Towers with Radar,143,34,20,2,199,0,1,63,8,72,143,35,83,10,271,34,0,34,305
05/09/2019,RNO,NV,AWP,WE,Towers with Radar,149,31,27,1,208,0,0,37,8,45,149,31,64,9,253,54,0,54,307
05/10/2019,RNO,NV,AWP,WE,Towers with Radar,142,21,20,6,189,0,2,54,2,58,142,23,74,8,247,94,0,94,341
05/11/2019,RNO,NV,AWP,WE,Towers with Radar,101,26,23,9,159,0,1,86,1,88,101,27,109,10,247,51,0,51,298
05/12/2019,RNO,NV,AWP,WE,Towers with Radar,114,20,18,2,154,0,2,60,0,62,114,22,78,2,216,8,0,8,224
05/13/2019,RNO,NV,AWP,WE,Towers with Radar,141,26,15,2,184,0,1,45,3,49,141,27,60,5,233,74,2,76,309
05/14/2019,RNO,NV,AWP,WE,Towers with Radar,143,20,33,6,202,0,1,37,9,47,143,21,70,15,249,54,17,71,320
05/15/2019,RNO,NV,AWP,WE,Towers with Radar,140,29,22,3,194,0,1,17,1,19,140,30,39,4,213,36,4,40,253
05/16/2019,RNO,NV,AWP,WE,Towers with Radar,150,32,26,14,222,0,1,2,0,3,150,33,28,14,225,16,0,16,241
05/17/2019,RNO,NV,AWP,WE,Towers with Radar,147,32,41,3,223,0,2,10,2,14,147,34,51,5,237,46,0,46,283
05/18/2019,RNO,NV,AWP,WE,Towers with Radar,99,27,26,0,152,0,0,31,1,32,99,27,57,1,184,34,0,34,218
05/19/2019,RNO,NV,AWP,WE,Towers with Radar,114,29,17,0,160,0,0,17,0,17,114,29,34,0,177,0,0,0,177
05/20/2019,RNO,NV,AWP,WE,Towers with Radar,145,31,24,2,202,0,3,33,1,37,145,34,57,3,239,26,1,27,266
05/21/2019,RNO,NV,AWP,WE,Towers with Radar,150,33,36,8,227,0,0,3,1,4,150,33,39,9,231,26,0,26,257
05/22/2019,RNO,NV,AWP,WE,Towers with Radar,145,32,27,2,206,0,0,5,5,10,145,32,32,7,216,32,8,40,256
05/23/2019,RNO,NV,AWP,WE,Towers with Radar,143,33,24,4,204,0,2,15,4,21,143,35,39,8,225,46,8,54,279
05/24/2019,RNO,NV,AWP,WE,Towers with Radar,149,27,34,0,210,0,0,51,2,53,149,27,85,2,263,2,0,2,265
05/25/2019,RNO,NV,AWP,WE,Towers with Radar,102,15,24,1,142,0,1,21,0,22,102,16,45,1,164,54,0,54,218
05/26/2019,RNO,NV,AWP,WE,Towers with Radar,90,29,15,1,135,0,1,6,0,7,90,30,21,1,142,12,0,12,154
05/27/2019,RNO,NV,AWP,WE,Towers with Radar,120,33,39,0,192,0,0,27,0,27,120,33,66,0,219,23,0,23,242
05/28/2019,RNO,NV,AWP,WE,Towers with Radar,139,20,46,3,208,0,2,38,2,42,139,22,84,5,250,10,0,10,260
05/29/2019,RNO,NV,AWP,WE,Towers with Radar,138,26,12,1,177,0,1,46,5,52,138,27,58,6,229,32,0,32,261
05/30/2019,RNO,NV,AWP,WE,Towers with Radar,151,29,18,2,200,0,0,44,4,48,151,29,62,6,248,14,4,18,266
05/31/2019,RNO,NV,AWP,WE,Towers with Radar,144,20,18,2,184,0,1,46,3,50,144,21,64,5,234,20,0,20,254
06/01/2019,RNO,NV,AWP,WE,Towers with Radar,102,29,17,1,149,0,0,60,1,61,102,29,77,2,210,24,0,24,234
06/02/2019,RNO,NV,AWP,WE,Towers with Radar,113,27,28,0,168,0,3,75,0,78,113,30,103,0,246,48,0,48,294
06/03/2019,RNO,NV,AWP,WE,Towers with Radar,141,35,20,1,197,0,1,56,0,57,141,36,76,1,254,19,0,19,273
06/04/2019,RNO,NV,AWP,WE,Towers with Radar,146,21,24,2,193,0,2,53,3,58,146,23,77,5,251,12,12,24,275
06/05/2019,RNO,NV,AWP,WE,Towers with Radar,140,38,20,5,203,0,3,45,9,57,140,41,65,14,260,22,8,30,290
06/06/2019,RNO,NV,AWP,WE,Towers with Radar,154,19,13,5,191,0,1,28,2,31,154,20,41,7,222,44,0,44,266
06/07/2019,RNO,NV,AWP,WE,Towers with Radar,155,19,30,4,208,0,2,56,0,58,155,21,86,4,266,40,0,40,306
06/08/2019,RNO,NV,AWP,WE,Towers with Radar,124,21,21,5,171,0,2,83,0,85,124,23,104,5,256,20,0,20,276
06/09/2019,RNO,NV,AWP,WE,Towers with Radar,131,12,12,2,157,0,1,65,1,67,131,13,77,3,224,51,0,51,275
06/10/2019,RNO,NV,AWP,WE,Towers with Radar,144,19,30,2,195,0,0,61,3,64,144,19,91,5,259,42,0,42,301
06/11/2019,RNO,NV,AWP,WE,Towers with Radar,149,19,33,2,203,0,0,37,2,39,149,19,70,4,242,22,0,22,264
06/12/2019,RNO,NV,AWP,WE,Towers with Radar,158,32,27,1,218,0,3,55,7,65,158,35,82,8,283,8,8,16,299
06/13/2019,RNO,NV,AWP,WE,Towers with Radar,153,26,23,3,205,0,0,56,2,58,153,26,79,5,263,30,0,30,293
06/14/2019,RNO,NV,AWP,WE,Towers with Radar,153,32,38,6,229,0,2,69,4,75,153,34,107,10,304,48,0,48,352
06/15/2019,RNO,NV,AWP,WE,Towers with Radar,141,21,30,2,194,0,0,66,1,67,141,21,96,3,261,36,0,36,297
06/16/2019,RNO,NV,AWP,WE,Towers with Radar,138,18,17,7,180,0,0,67,2,69,138,18,84,9,249,40,0,40,289
06/17/2019,RNO,NV,AWP,WE,Towers with Radar,144,21,23,1,189,0,2,37,3,42,144,23,60,4,231,4,0,4,235
06/18/2019,RNO,NV,AWP,WE,Towers with Radar,161,17,35,2,215,0,1,58,4,63,161,18,93,6,278,28,18,46,324
06/19/2019,RNO,NV,AWP,WE,Towers with Radar,151,22,23,2,198,0,1,57,4,62,151,23,80,6,260,14,2,16,276
06/20/2019,RNO,NV,AWP,WE,Towers with Radar,160,27,36,1,224,0,0,34,5,39,160,27,70,6,263,2,0,2,265
06/21/2019,RNO,NV,AWP,WE,Towers with Radar,151,21,29,3,204,0,2,65,3,70,151,23,94,6,274,12,0,12,286
06/22/2019,RNO,NV,AWP,WE,Towers with Radar,136,22,19,6,183,0,2,72,0,74,136,24,91,6,257,42,0,42,299
06/23/2019,RNO,NV,AWP,WE,Towers with Radar,147,27,23,0,197,0,2,68,4,74,147,29,91,4,271,46,8,54,325
06/24/2019,RNO,NV,AWP,WE,Towers with Radar,152,33,14,3,202,0,0,42,1,43,152,33,56,4,245,70,0,70,315
06/25/2019,RNO,NV,AWP,WE,Towers with Radar,156,17,18,3,194,0,1,41,5,47,156,18,59,8,241,38,0,38,279
06/26/2019,RNO,NV,AWP,WE,Towers with Radar,150,17,30,2,199,0,2,30,6,38,150,19,60,8,237,0,6,6,243
06/27/2019,RNO,NV,AWP,WE,Towers with Radar,159,27,26,6,218,0,1,44,2,47,159,28,70,8,265,6,0,6,271
06/28/2019,RNO,NV,AWP,WE,Towers with Radar,145,15,31,4,195,0,0,56,5,61,145,15,87,9,256,24,0,24,280
06/29/2019,RNO,NV,AWP,WE,Towers with Radar,148,16,25,5,194,0,2,72,4,78,148,18,97,9,272,0,0,0,272
06/30/2019,RNO,NV,AWP,WE,Towers with Radar,141,24,27,1,193,0,0,81,4,85,141,24,108,5,278,48,0,48,326
07/01/2019,RNO,NV,AWP,WE,Towers with Radar,147,23,16,2,188,0,2,49,7,58,147,25,65,9,246,35,6,41,287
07/02/2019,RNO,NV,AWP,WE,Towers with Radar,154,21,26,0,201,0,1,64,1,66,154,22,90,1,267,20,0,20,287
07/03/2019,RNO,NV,AWP,WE,Towers with Radar,152,21,23,2,198,0,2,58,0,60,152,23,81,2,258,68,0,68,326
07/04/2019,RNO,NV,AWP,WE,Towers with Radar,104,20,5,1,130,0,0,61,2,63,104,20,66,3,193,24,0,24,217
07/05/2019,RNO,NV,AWP,WE,Towers with Radar,138,17,19,1,175,0,0,54,0,54,138,17,73,1,229,71,0,71,300
07/06/2019,RNO,NV,AWP,WE,Towers with Radar,133,23,15,0,171,0,0,45,1,46,133,23,60,1,217,80,0,80,297
07/07/2019,RNO,NV,AWP,WE,Towers with Radar,149,22,23,0,194,0,0,61,1,62,149,22,84,1,256,44,0,44,300
07/08/2019,RNO,NV,AWP,WE,Towers with Radar,146,25,36,0,207,0,1,53,0,54,146,26,89,0,261,18,0,18,279
07/09/2019,RNO,NV,AWP,WE,Towers with Radar,160,27,30,1,218,0,0,46,3,49,160,27,76,4,267,6,0,6,273
07/10/2019,RNO,NV,AWP,WE,Towers with Radar,157,29,18,3,207,0,3,42,1,46,157,32,60,4,253,32,2,34,287
07/11/2019,RNO,NV,AWP,WE,Towers with Radar,160,27,20,1,208,0,3,59,5,67,160,30,79,6,275,34,2,36,311
07/12/2019,RNO,NV,AWP,WE,Towers with Radar,157,24,19,3,203,0,0,47,1,48,157,24,66,4,251,30,2,32,283
07/13/2019,RNO,NV,AWP,WE,Towers with Radar,138,24,27,5,194,0,0,64,4,68,138,24,91,9,262,32,6,38,300
07/14/2019,RNO,NV,AWP,WE,Towers with Radar,136,40,26,2,204,0,2,51,2,55,136,42,77,4,259,60,0,60,319
07/15/2019,RNO,NV,AWP,WE,Towers with Radar,147,33,23,2,205,0,2,56,0,58,147,35,79,2,263,26,0,26,289
07/16/2019,RNO,NV,AWP,WE,Towers with Radar,153,25,37,2,217,0,1,59,0,60,153,26,96,2,277,4,0,4,281
07/17/2019,RNO,NV,AWP,WE,Towers with Radar,155,24,31,0,210,0,0,35,8,43,155,24,66,8,253,0,0,0,253
07/18/2019,RNO,NV,AWP,WE,Towers with Radar,160,19,34,3,216,0,2,75,3,80,160,21,109,6,296,16,0,16,312
07/19/2019,RNO,NV,AWP,WE,Towers with Radar,155,22,18,1,196,0,1,83,2,86,155,23,101,3,282,56,0,56,338
07/20/2019,RNO,NV,AWP,WE,Towers with Radar,128,34,25,2,189,0,0,79,2,81,128,34,104,4,270,18,0,18,288
07/21/2019,RNO,NV,AWP,WE,Towers with Radar,145,19,26,0,190,0,2,59,0,61,145,21,85,0,251,16,0,16,267
07/22/2019,RNO,NV,AWP,WE,Towers with Radar,143,11,24,2,180,0,0,58,3,61,143,11,82,5,241,0,0,0,241
07/23/2019,RNO,NV,AWP,WE,Towers with Radar,154,25,26,1,206,0,0,52,10,62,154,25,78,11,268,8,2,10,278
07/24/2019,RNO,NV,AWP,WE,Towers with Radar,157,33,45,0,235,0,2,49,5,56,157,35,94,5,291,23,0,23,314
07/25/2019,RNO,NV,AWP,WE,Towers with Radar,163,28,38,0,229,0,2,60,3,65,163,30,98,3,294,42,0,42,336
07/26/2019,RNO,NV,AWP,WE,Towers with Radar,148,28,38,9,223,0,2,44,7,53,148,30,82,16,276,18,0,18,294
07/27/2019,RNO,NV,AWP,WE,Towers with Radar,140,46,25,5,216,0,0,72,0,72,140,46,97,5,288,6,0,6,294
07/28/2019,RNO,NV,AWP,WE,Towers with Radar,145,30,40,2,217,0,2,75,0,77,145,32,115,2,294,22,0,22,316
07/29/2019,RNO,NV,AWP,WE,Towers with Radar,145,20,28,3,196,0,0,71,0,71,145,20,99,3,267,16,0,16,283
07/30/2019,RNO,NV,AWP,WE,Towers with Radar,146,20,24,2,192,0,1,52,0,53,146,21,76,2,245,0,0,0,245
07/31/2019,RNO,NV,AWP,WE,Towers with Radar,156,19,20,0,195,0,2,55,0,57,156,21,75,0,252,0,0,0,252
08/01/2019,RNO,NV,AWP,WE,Towers with Radar,162,19,23,0,204,0,2,45,3,50,162,21,68,3,254,3,4,7,261
08/02/2019,RNO,NV,AWP,WE,Towers with Radar,150,25,31,9,215,0,0,68,2,70,150,25,99,11,285,2,4,6,291
08/03/2019,RNO,NV,AWP,WE,Towers with Radar,141,18,19,1,179,0,1,55,2,58,141,19,74,3,237,30,0,30,267
08/04/2019,RNO,NV,AWP,WE,Towers with Radar,145,23,30,2,200,0,5,75,0,80,145,28,105,2,280,10,0,10,290
08/05/2019,RNO,NV,AWP,WE,Towers with Radar,147,31,22,0,200,0,0,68,0,68,147,31,90,0,268,38,0,38,306
08/06/2019,RNO,NV,AWP,WE,Towers with Radar,163,32,23,0,218,0,0,52,3,55,163,32,75,3,273,53,0,53,326
08/07/2019,RNO,NV,AWP,WE,Towers with Radar,154,35,19,2,210,0,0,35,11,46,154,35,54,13,256,2,9,11,267
08/08/2019,RNO,NV,AWP,WE,Towers with Radar,159,29,30,16,234,0,0,42,4,46,159,29,72,20,280,0,0,0,280
08/09/2019,RNO,NV,AWP,WE,Towers with Radar,161,22,31,9,223,0,0,48,3,51,161,22,79,12,274,0,0,0,274
08/10/2019,RNO,NV,AWP,WE,Towers with Radar,133,13,21,10,177,0,2,55,5,62,133,15,76,15,239,8,0,8,247
08/11/2019,RNO,NV,AWP,WE,Towers with Radar,139,20,25,8,192,0,2,104,7,113,139,22,129,15,305,38,0,38,343
08/12/2019,RNO,NV,AWP,WE,Towers with Radar,148,23,39,2,212,0,0,54,2,56,148,23,93,4,268,10,0,10,278
08/13/2019,RNO,NV,AWP,WE,Towers with Radar,155,35,35,5,230,0,1,49,11,61,155,36,84,16,291,2,2,4,295
08/14/2019,RNO,NV,AWP,WE,Towers with Radar,156,35,26,8,225,0,1,53,5,59,156,36,79,13,284,0,2,2,286
08/15/2019,RNO,NV,AWP,WE,Towers with Radar,164,24,39,10,237,0,3,76,6,85,164,27,115,16,322,8,2,10,332
08/16/2019,RNO,NV,AWP,WE,Towers with Radar,154,15,20,5,194,0,3,65,2,70,154,18,85,7,264,4,0,4,268
08/17/2019,RNO,NV,AWP,WE,Towers with Radar,131,14,33,0,178,0,3,91,0,94,131,17,124,0,272,26,0,26,298
08/18/2019,RNO,NV,AWP,WE,Towers with Radar,142,22,24,0,188,0,1,80,2,83,142,23,104,2,271,62,0,62,333
08/19/2019,RNO,NV,AWP,WE,Towers with Radar,147,20,32,1,200,0,6,49,10,65,147,26,81,11,265,5,0,5,270
08/20/2019,RNO,NV,AWP,WE,Towers with Radar,157,29,33,3,222,0,2,57,13,72,157,31,90,16,294,12,0,12,306
08/21/2019,RNO,NV,AWP,WE,Towers with Radar,151,40,24,2,217,0,0,60,15,75,151,40,84,17,292,4,0,4,296
08/22/2019,RNO,NV,AWP,WE,Towers with Radar,155,29,19,5,208,1,7,74,6,88,156,36,93,11,296,12,2,14,310
08/23/2019,RNO,NV,AWP,WE,Towers with Radar,152,34,31,2,219,0,4,82,12,98,152,38,113,14,317,14,0,14,331
08/24/2019,RNO,NV,AWP,WE,Towers with Radar,126,31,17,0,174,0,4,101,5,110,126,35,118,5,284,2,0,2,286
08/25/2019,RNO,NV,AWP,WE,Towers with Radar,133,35,31,0,199,0,10,167,2,179,133,45,198,2,378,0,0,0,378
08/26/2019,RNO,NV,AWP,WE,Towers with Radar,141,48,34,2,225,0,9,157,6,172,141,57,191,8,397,19,0,19,416
08/27/2019,RNO,NV,AWP,WE,Towers with Radar,148,53,43,4,248,0,13,122,4,139,148,66,165,8,387,14,10,24,411
08/28/2019,RNO,NV,AWP,WE,Towers with Radar,159,44,43,1,247,0,16,148,3,167,159,60,191,4,414,2,4,6,420
08/29/2019,RNO,NV,AWP,WE,Towers with Radar,157,51,55,1,264,0,13,114,4,131,157,64,169,5,395,2,0,2,397
08/30/2019,RNO,NV,AWP,WE,Towers with Radar,146,58,40,1,245,0,17,121,3,141,146,75,161,4,386,16,0,16,402
08/31/2019,RNO,NV,AWP,WE,Towers with Radar,107,36,22,0,165,0,15,153,0,168,107,51,175,0,333,10,0,10,343
09/01/2019,RNO,NV,AWP,WE,Towers with Radar,114,51,43,2,210,0,27,189,1,217,114,78,232,3,427,12,0,12,439
09/02/2019,RNO,NV,AWP,WE,Towers with Radar,139,33,44,4,220,0,14,156,1,171,139,47,200,5,391,2,0,2,393
09/03/2019,RNO,NV,AWP,WE,Towers with Radar,150,28,37,7,222,0,0,80,6,86,150,28,117,13,308,13,0,13,321
09/04/2019,RNO,NV,AWP,WE,Towers with Radar,152,32,25,3,212,0,1,49,2,52,152,33,74,5,264,4,0,4,268
09/05/2019,RNO,NV,AWP,WE,Towers with Radar,160,18,19,5,202,0,1,37,2,40,160,19,56,7,242,20,12,32,274
09/06/2019,RNO,NV,AWP,WE,Towers with Radar,149,24,29,2,204,0,3,59,1,63,149,27,88,3,267,44,0,44,311
09/07/2019,RNO,NV,AWP,WE,Towers with Radar,113,18,29,3,163,0,1,84,4,89,113,19,113,7,252,0,0,0,252
09/08/2019,RNO,NV,AWP,WE,Towers with Radar,133,23,25,5,186,0,0,66,2,68,133,23,91,7,254,14,0,14,268
09/09/2019,RNO,NV,AWP,WE,Towers with Radar,145,26,16,2,189,0,2,46,2,50,145,28,62,4,239,6,0,6,245
09/10/2019,RNO,NV,AWP,WE,Towers with Radar,152,35,31,0,218,0,4,55,3,62,152,39,86,3,280,8,0,8,288
09/11/2019,RNO,NV,AWP,WE,Towers with Radar,153,32,27,5,217,0,1,95,7,103,153,33,122,12,320,8,0,8,328
09/12/2019,RNO,NV,AWP,WE,Towers with Radar,153,29,39,7,228,0,2,118,8,128,153,31,157,15,356,4,0,4,360
09/13/2019,RNO,NV,AWP,WE,Towers with Radar,149,36,61,1,247,0,4,155,12,171,149,40,216,13,418,0,0,0,418
09/14/2019,RNO,NV,AWP,WE,Towers with Radar,112,28,40,2,182,0,2,121,1,124,112,30,161,3,306,8,0,8,314
09/15/2019,RNO,NV,AWP,WE,Towers with Radar,132,28,48,4,212,0,3,112,3,118,132,31,160,7,330,0,10,10,340
09/16/2019,RNO,NV,AWP,WE,Towers with Radar,141,27,41,5,214,0,1,47,4,52,141,28,88,9,266,0,0,0,266
09/17/2019,RNO,NV,AWP,WE,Towers with Radar,158,20,24,3,205,0,1,68,6,75,158,21,92,9,280,10,0,10,290
09/18/2019,RNO,NV,AWP,WE,Towers with Radar,156,20,26,2,204,0,1,28,1,30,156,21,54,3,234,0,0,0,234
09/19/2019,RNO,NV,AWP,WE,Towers with Radar,154,29,33,1,217,0,0,25,1,26,154,29,58,2,243,0,0,0,243
09/20/2019,RNO,NV,AWP,WE,Towers with Radar,154,24,30,4,212,0,1,81,0,82,154,25,111,4,294,22,0,22,316
09/21/2019,RNO,NV,AWP,WE,Towers with Radar,114,21,15,1,151,0,8,88,0,96,114,29,103,1,247,26,0,26,273
09/22/2019,RNO,NV,AWP,WE,Towers with Radar,137,26,27,2,192,0,8,77,0,85,137,34,104,2,277,16,0,16,293
09/23/2019,RNO,NV,AWP,WE,Towers with Radar,138,19,18,0,175,0,1,53,1,55,138,20,71,1,230,25,0,25,255
09/24/2019,RNO,NV,AWP,WE,Towers with Radar,180,33,65,3,281,0,2,58,3,63,180,35,123,6,344,42,2,44,388
09/25/2019,RNO,NV,AWP,WE,Towers with Radar,152,27,30,3,212,0,4,49,0,53,152,31,79,3,265,38,0,38,303
09/26/2019,RNO,NV,AWP,WE,Towers with Radar,154,24,22,2,202,0,0,49,2,51,154,24,71,4,253,50,6,56,309
09/27/2019,RNO,NV,AWP,WE,Towers with Radar,151,36,24,1,212,0,6,44,3,53,151,42,68,4,265,2,0,2,267
09/28/2019,RNO,NV,AWP,WE,Towers with Radar,117,35,20,0,172,0,0,5,0,5,117,35,25,0,177,12,0,12,189
09/29/2019,RNO,NV,AWP,WE,Towers with Radar,141,33,12,1,187,0,0,40,0,40,141,33,52,1,227,32,0,32,259
09/30/2019,RNO,NV,AWP,WE,Towers with Radar,144,28,15,0,187,0,0,33,0,33,144,28,48,0,220,14,0,14,234
10/01/2019,RNO,NV,AWP,WE,Towers with Radar,151,36,29,4,220,0,0,53,6,59,151,36,82,10,279,6,0,6,285
10/02/2019,RNO,NV,AWP,WE,Towers with Radar,148,27,40,0,215,0,0,73,3,76,148,27,113,3,291,32,0,32,323
10/03/2019,RNO,NV,AWP,WE,Towers with Radar,150,42,30,1,223,0,5,61,0,66,150,47,91,1,289,2,0,2,291
10/04/2019,RNO,NV,AWP,WE,Towers with Radar,151,32,38,0,221,0,2,59,0,61,151,34,97,0,282,30,0,30,312
10/05/2019,RNO,NV,AWP,WE,Towers with Radar,118,23,21,2,164,0,5,82,0,87,118,28,103,2,251,8,0,8,259
10/06/2019,RNO,NV,AWP,WE,Towers with Radar,137,20,16,3,176,0,2,71,0,73,137,22,87,3,249,33,0,33,282
10/07/2019,RNO,NV,AWP,WE,Towers with Radar,144,28,25,2,199,0,3,56,0,59,144,31,81,2,258,12,0,12,270
10/08/2019,RNO,NV,AWP,WE,Towers with Radar,154,31,16,16,217,0,1,51,3,55,154,32,67,19,272,4,0,4,276
10/09/2019,RNO,NV,AWP,WE,Towers with Radar,153,27,31,1,212,0,3,26,3,32,153,30,57,4,244,2,0,2,246
10/10/2019,RNO,NV,AWP,WE,Towers with Radar,153,31,32,0,216,0,1,60,3,64,153,32,92,3,280,2,0,2,282
10/11/2019,RNO,NV,AWP,WE,Towers with Radar,150,18,23,2,193,0,1,77,0,78,150,19,100,2,271,32,0,32,303
10/12/2019,RNO,NV,AWP,WE,Towers with Radar,119,26,22,8,175,0,2,101,2,105,119,28,123,10,280,0,0,0,280
10/13/2019,RNO,NV,AWP,WE,Towers with Radar,134,20,23,1,178,0,0,64,0,64,134,20,87,1,242,2,0,2,244
10/14/2019,RNO,NV,AWP,WE,Towers with Radar,143,14,18,0,175,0,2,61,0,63,143,16,79,0,238,22,0,22,260
10/15/2019,RNO,NV,AWP,WE,Towers with Radar,156,19,26,1,202,0,1,73,2,76,156,20,99,3,278,12,2,14,292
10/16/2019,RNO,NV,AWP,WE,Towers with Radar,152,22,26,0,200,0,2,54,4,60,152,24,80,4,260,10,0,10,270
10/17/2019,RNO,NV,AWP,WE,Towers with Radar,150,26,23,7,206,0,1,38,3,42,150,27,61,10,248,12,8,20,268
10/18/2019,RNO,NV,AWP,WE,Towers with Radar,157,43,35,1,236,0,0,85,0,85,157,43,120,1,321,20,0,20,341
10/19/2019,RNO,NV,AWP,WE,Towers with Radar,122,24,22,8,176,0,3,21,1,25,122,27,43,9,201,0,0,0,201
10/20/2019,RNO,NV,AWP,WE,Towers with Radar,131,24,14,12,181,0,0,94,7,101,131,24,108,19,282,0,0,0,282
10/21/2019,RNO,NV,AWP,WE,Towers with Radar,141,35,31,5,212,0,3,64,2,69,141,38,95,7,281,32,0,32,313
10/22/2019,RNO,NV,AWP,WE,Towers with Radar,144,22,31,4,201,0,5,77,4,86,144,27,108,8,287,38,0,38,325
10/23/2019,RNO,NV,AWP,WE,Towers with Radar,143,19,24,3,189,0,5,73,2,80,143,24,97,5,269,0,0,0,269
10/24/2019,RNO,NV,AWP,WE,Towers with Radar,147,23,29,2,201,0,5,72,2,79,147,28,101,4,280,20,0,20,300
10/25/2019,RNO,NV,AWP,WE,Towers with Radar,144,22,40,2,208,0,4,80,1,85,144,26,120,3,293,26,0,26,319
10/26/2019,RNO,NV,AWP,WE,Towers with Radar,115,12,22,3,152,0,1,85,3,89,115,13,107,6,241,0,0,0,241
10/27/2019,RNO,NV,AWP,WE,Towers with Radar,123,26,16,7,172,0,2,28,3,33,123,28,44,10,205,4,0,4,209
10/28/2019,RNO,NV,AWP,WE,Towers with Radar,133,21,32,0,186,0,0,71,6,77,133,21,103,6,263,26,0,26,289
10/29/2019,RNO,NV,AWP,WE,Towers with Radar,140,25,25,2,192,0,1,40,21,62,140,26,65,23,254,32,8,40,294
10/30/2019,RNO,NV,AWP,WE,Towers with Radar,135,30,30,0,195,0,5,58,15,78,135,35,88,15,273,32,1,33,306
10/31/2019,RNO,NV,AWP,WE,Towers with Radar,134,24,31,4,193,0,0,72,7,79,134,24,103,11,272,26,0,26,298
11/01/2019,RNO,NV,AWP,WE,Towers with Radar,135,32,13,9,189,0,1,71,9,81,135,33,84,18,270,34,4,38,308
11/02/2019,RNO,NV,AWP,WE,Towers with Radar,99,15,18,8,140,0,5,72,8,85,99,20,90,16,225,0,4,4,229
11/03/2019,RNO,NV,AWP,WE,Towers with Radar,114,23,27,8,172,0,3,78,3,84,114,26,105,11,256,26,6,32,288
11/04/2019,RNO,NV,AWP,WE,Towers with Radar,133,18,30,5,186,0,2,68,1,71,133,20,98,6,257,8,0,8,265
11/05/2019,RNO,NV,AWP,WE,Towers with Radar,138,26,31,1,196,0,5,79,2,86,138,31,110,3,282,6,0,6,288
11/06/2019,RNO,NV,AWP,WE,Towers with Radar,134,24,29,0,187,0,3,61,2,66,134,27,90,2,253,30,0,30,283
11/07/2019,RNO,NV,AWP,WE,Towers with Radar,141,29,33,1,204,0,1,59,5,65,141,30,92,6,269,2,0,2,271
11/08/2019,RNO,NV,AWP,WE,Towers with Radar,137,27,52,1,217,0,2,68,1,71,137,29,120,2,288,6,0,6,294
11/09/2019,RNO,NV,AWP,WE,Towers with Radar,99,12,13,0,124,0,1,83,0,84,99,13,96,0,208,6,0,6,214
11/10/2019,RNO,NV,AWP,WE,Towers with Radar,114,20,23,0,157,0,3,76,1,80,114,23,99,1,237,8,0,8,245
11/11/2019,RNO,NV,AWP,WE,Towers with Radar,129,32,24,1,186,0,4,81,3,88,129,36,105,4,274,13,0,13,287
11/12/2019,RNO,NV,AWP,WE,Towers with Radar,140,26,33,2,201,0,2,87,1,90,140,28,120,3,291,8,0,8,299
11/13/2019,RNO,NV,AWP,WE,Towers with Radar,135,20,35,4,194,0,2,63,6,71,135,22,98,10,265,12,0,12,277
11/14/2019,RNO,NV,AWP,WE,Towers with Radar,140,27,44,11,222,0,1,53,5,59,140,28,97,16,281,0,4,4,285
11/15/2019,RNO,NV,AWP,WE,Towers with Radar,137,18,30,5,190,0,0,68,2,70,137,18,98,7,260,12,0,12,272
11/16/2019,RNO,NV,AWP,WE,Towers with Radar,103,12,24,6,145,0,4,71,0,75,103,16,95,6,220,4,0,4,224
11/17/2019,RNO,NV,AWP,WE,Towers with Radar,112,17,24,1,154,0,0,82,0,82,112,17,106,1,236,26,0,26,262
11/18/2019,RNO,NV,AWP,WE,Towers with Radar,133,19,33,2,187,0,2,54,7,63,133,21,87,9,250,14,0,14,264
11/19/2019,RNO,NV,AWP,WE,Towers with Radar,134,32,23,2,191,0,0,28,1,29,134,32,51,3,220,19,0,19,239
11/20/2019,RNO,NV,AWP,WE,Towers with Radar,133,24,22,11,190,0,0,2,3,5,133,24,24,14,195,10,10,20,215
11/21/2019,RNO,NV,AWP,WE,Towers with Radar,143,23,28,4,198,0,0,58,2,60,143,23,86,6,258,10,0,10,268
11/22/2019,RNO,NV,AWP,WE,Towers with Radar,139,24,41,0,204,0,0,69,0,69,139,24,110,0,273,6,0,6,279
11/23/2019,RNO,NV,AWP,WE,Towers with Radar,117,27,30,0,174,0,1,102,0,103,117,28,132,0,277,18,0,18,295
11/24/2019,RNO,NV,AWP,WE,Towers with Radar,108,13,19,3,143,0,2,81,0,83,108,15,100,3,226,2,0,2,228
11/25/2019,RNO,NV,AWP,WE,Towers with Radar,132,30,13,2,177,0,0,18,1,19,132,30,31,3,196,16,0,16,212
11/26/2019,RNO,NV,AWP,WE,Towers with Radar,134,32,28,5,199,0,0,28,5,33,134,32,56,10,232,4,20,24,256
11/27/2019,RNO,NV,AWP,WE,Towers with Radar,153,50,43,0,246,0,1,21,0,22,153,51,64,0,268,10,0,10,278
11/28/2019,RNO,NV,AWP,WE,Towers with Radar,83,10,6,0,99,0,0,0,0,0,83,10,6,0,99,48,0,48,147
11/29/2019,RNO,NV,AWP,WE,Towers with Radar,105,41,30,0,176,0,1,14,0,15,105,42,44,0,191,6,0,6,197
11/30/2019,RNO,NV,AWP,WE,Towers with Radar,121,49,25,0,195,0,3,16,0,19,121,52,41,0,214,2,0,2,216
12/01/2019,RNO,NV,AWP,WE,Towers with Radar,126,25,21,0,172,0,0,0,0,0,126,25,21,0,172,0,0,0,172
12/02/2019,RNO,NV,AWP,WE,Towers with Radar,142,16,24,1,183,0,0,0,0,0,142,16,24,1,183,0,0,0,183
12/03/2019,RNO,NV,AWP,WE,Towers with Radar,143,37,40,13,233,0,0,0,0,0,143,37,40,13,233,39,12,51,284
12/04/2019,RNO,NV,AWP,WE,Towers with Radar,135,31,24,2,192,0,0,0,0,0,135,31,24,2,192,0,0,0,192
12/05/2019,RNO,NV,AWP,WE,Towers with Radar,137,23,26,2,188,0,1,3,0,4,137,24,29,2,192,10,0,10,202
12/06/2019,RNO,NV,AWP,WE,Towers with Radar,136,35,33,2,206,0,0,13,1,14,136,35,46,3,220,78,0,78,298
12/07/2019,RNO,NV,AWP,WE,Towers with Radar,99,19,13,1,132,0,0,3,1,4,99,19,16,2,136,0,0,0,136
12/08/2019,RNO,NV,AWP,WE,Towers with Radar,114,27,27,2,170,0,1,33,0,34,114,28,60,2,204,144,0,144,348
12/09/2019,RNO,NV,AWP,WE,Towers with Radar,136,32,36,0,204,0,4,57,0,61,136,36,93,0,265,78,0,78,343
12/10/2019,RNO,NV,AWP,WE,Towers with Radar,142,25,39,5,211,0,4,57,3,64,142,29,96,8,275,56,8,64,339
12/11/2019,RNO,NV,AWP,WE,Towers with Radar,138,29,27,2,196,0,2,42,2,46,138,31,69,4,242,10,4,14,256
12/12/2019,RNO,NV,AWP,WE,Towers with Radar,150,24,34,1,209,0,1,20,1,22,150,25,54,2,231,12,0,12,243
12/13/2019,RNO,NV,AWP,WE,Towers with Radar,142,34,47,1,224,0,2,9,1,12,142,36,56,2,236,7,0,7,243
12/14/2019,RNO,NV,AWP,WE,Towers with Radar,108,27,13,0,148,0,0,31,0,31,108,27,44,0,179,44,0,44,223
12/15/2019,RNO,NV,AWP,WE,Towers with Radar,115,29,25,0,169,0,2,65,2,69,115,31,90,2,238,69,0,69,307
12/16/2019,RNO,NV,AWP,WE,Towers with Radar,131,21,20,0,172,0,4,68,1,73,131,25,88,1,245,43,0,43,288
12/17/2019,RNO,NV,AWP,WE,Towers with Radar,144,34,31,6,215,0,1,48,2,51,144,35,79,8,266,38,0,38,304
12/18/2019,RNO,NV,AWP,WE,Towers with Radar,151,30,33,2,216,0,2,60,0,62,151,32,93,2,278,4,0,4,282
12/19/2019,RNO,NV,AWP,WE,Towers with Radar,159,31,34,3,227,0,0,61,2,63,159,31,95,5,290,18,0,18,308
12/20/2019,RNO,NV,AWP,WE,Towers with Radar,157,28,27,3,215,0,0,68,1,69,157,28,95,4,284,15,0,15,299
12/21/2019,RNO,NV,AWP,WE,Towers with Radar,143,24,31,1,199,0,4,27,0,31,143,28,58,1,230,2,0,2,232
12/22/2019,RNO,NV,AWP,WE,Towers with Radar,140,33,23,2,198,0,0,9,0,9,140,33,32,2,207,2,0,2,209
12/23/2019,RNO,NV,AWP,WE,Towers with Radar,163,65,33,1,262,0,0,2,0,2,163,65,35,1,264,0,0,0,264
12/24/2019,RNO,NV,AWP,WE,Towers with Radar,148,37,12,0,197,0,0,34,0,34,148,37,46,0,231,18,0,18,249
12/25/2019,RNO,NV,AWP,WE,Towers with Radar,105,32,9,0,146,0,1,8,0,9,105,33,17,0,155,6,0,6,161
12/26/2019,RNO,NV,AWP,WE,Towers with Radar,149,28,35,1,213,0,1,24,0,25,149,29,59,1,238,50,0,50,288
12/27/2019,RNO,NV,AWP,WE,Towers with Radar,154,40,21,0,215,0,4,68,0,72,154,44,89,0,287,45,0,45,332
12/28/2019,RNO,NV,AWP,WE,Towers with Radar,124,25,21,0,170,0,6,94,0,100,124,31,115,0,270,48,0,48,318
12/29/2019,RNO,NV,AWP,WE,Towers with Radar,135,37,25,0,197,0,1,33,0,34,135,38,58,0,231,22,0,22,253
12/30/2019,RNO,NV,AWP,WE,Towers with Radar,146,45,29,1,221,0,0,24,0,24,146,45,53,1,245,2,2,4,249
12/31/2019,RNO,NV,AWP,WE,Towers with Radar,147,27,9,0,183,0,3,59,0,62,147,30,68,0,245,4,0,4,249
01/01/2020,RNO,NV,AWP,WE,Towers with Radar,126,34,22,0,182,0,2,20,0,22,126,36,42,0,204,32,0,32,236
01/02/2020,RNO,NV,AWP,WE,Towers with Radar,153,34,30,17,234,0,2,37,22,61,153,36,67,39,295,27,36,63,358
01/03/2020,RNO,NV,AWP,WE,Towers with Radar,149,27,16,1,193,0,2,57,3,62,149,29,73,4,255,2,4,6,261
01/04/2020,RNO,NV,AWP,WE,Towers with Radar,122,33,16,1,172,0,2,21,0,23,122,35,37,1,195,41,0,41,236
01/05/2020,RNO,NV,AWP,WE,Towers with Radar,130,30,20,0,180,0,0,48,0,48,130,30,68,0,228,24,0,24,252
01/06/2020,RNO,NV,AWP,WE,Towers with Radar,141,18,23,0,182,0,3,46,0,49,141,21,69,0,231,40,0,40,271
01/07/2020,RNO,NV,AWP,WE,Towers with Radar,139,26,29,11,205,0,5,54,3,62,139,31,83,14,267,28,16,44,311
01/08/2020,RNO,NV,AWP,WE,Towers with Radar,138,24,20,1,183,0,4,30,3,37,138,28,50,4,220,18,4,22,242
01/09/2020,RNO,NV,AWP,WE,Towers with Radar,149,26,26,1,202,0,4,13,11,28,149,30,39,12,230,10,20,30,260
01/10/2020,RNO,NV,AWP,WE,Towers with Radar,137,37,39,1,214,0,2,57,4,63,137,39,96,5,277,66,11,77,354
01/11/2020,RNO,NV,AWP,WE,Towers with Radar,104,29,18,5,156,0,1,9,1,11,104,30,27,6,167,8,2,10,177
01/12/2020,RNO,NV,AWP,WE,Towers with Radar,125,31,11,2,169,0,4,18,0,22,125,35,29,2,191,4,0,4,195
01/13/2020,RNO,NV,AWP,WE,Towers with Radar,143,14,15,2,174,0,2,15,0,17,143,16,30,2,191,28,0,28,219
01/14/2020,RNO,NV,AWP,WE,Towers with Radar,137,21,13,6,177,0,0,6,6,12,137,21,19,12,189,0,0,0,189
01/15/2020,RNO,NV,AWP,WE,Towers with Radar,140,27,35,8,210,0,6,55,0,61,140,33,90,8,271,63,28,91,362
01/16/2020,RNO,NV,AWP,WE,Towers with Radar,148,22,33,0,203,0,0,0,0,0,148,22,33,0,203,0,0,0,203
01/17/2020,RNO,NV,AWP,WE,Towers with Radar,142,51,37,5,235,0,4,42,3,49,142,55,79,8,284,40,11,51,335
01/18/2020,RNO,NV,AWP,WE,Towers with Radar,103,24,39,1,167,0,5,74,3,82,103,29,113,4,249,42,2,44,293
01/19/2020,RNO,NV,AWP,WE,Towers with Radar,119,37,35,0,191,0,2,63,3,68,119,39,98,3,259,18,0,18,277
01/20/2020,RNO,NV,AWP,WE,Towers with Radar,133,39,45,0,217,0,3,54,0,57,133,42,99,0,274,57,0,57,331
01/21/2020,RNO,NV,AWP,WE,Towers with Radar,135,41,35,0,211,0,0,8,1,9,135,41,43,1,220,0,0,0,220
01/22/2020,RNO,NV,AWP,WE,Towers with Radar,140,33,34,0,207,0,0,44,7,51,140,33,78,7,258,12,6,18,276
01/23/2020,RNO,NV,AWP,WE,Towers with Radar,145,31,24,3,203,0,1,74,6,81,145,32,98,9,284,16,14,30,314
01/24/2020,RNO,NV,AWP,WE,Towers with Radar,139,28,27,1,195,0,4,36,0,40,139,32,63,1,235,0,0,0,235
01/25/2020,RNO,NV,AWP,WE,Towers with Radar,107,18,14,0,139,0,2,61,0,63,107,20,75,0,202,18,0,18,220
01/26/2020,RNO,NV,AWP,WE,Towers with Radar,122,30,27,2,181,0,1,16,0,17,122,31,43,2,198,46,0,46,244
01/27/2020,RNO,NV,AWP,WE,Towers with Radar,138,28,29,3,198,0,0,31,0,31,138,28,60,3,229,8,0,8,237
01/28/2020,RNO,NV,AWP,WE,Towers with Radar,133,17,11,5,166,0,2,17,0,19,133,19,28,5,185,4,0,4,189
01/29/2020,RNO,NV,AWP,WE,Towers with Radar,137,22,23,0,182,0,1,64,3,68,137,23,87,3,250,20,0,20,270
01/30/2020,RNO,NV,AWP,WE,Towers with Radar,144,33,26,3,206,0,0,43,1,44,144,33,69,4,250,13,0,13,263
01/31/2020,RNO,NV,AWP,WE,Towers with Radar,139,30,36,1,206,0,1,71,1,73,139,31,107,2,279,17,0,17,296
02/01/2020,RNO,NV,AWP,WE,Towers with Radar,108,22,28,1,159,0,5,84,4,93,108,27,112,5,252,90,0,90,342
02/02/2020,RNO,NV,AWP,WE,Towers with Radar,123,48,23,1,195,0,1,1,2,4,123,49,24,3,199,0,0,0,199
02/03/2020,RNO,NV,AWP,WE,Towers with Radar,136,27,26,4,193,0,3,46,2,51,136,30,72,6,244,44,0,44,288
02/04/2020,RNO,NV,AWP,WE,Towers with Radar,133,24,34,3,194,0,1,66,2,69,133,25,100,5,263,2,0,2,265
02/05/2020,RNO,NV,AWP,WE,Towers with Radar,145,41,39,2,227,0,3,48,3,54,145,44,87,5,281,2,0,2,283
02/06/2020,RNO,NV,AWP,WE,Towers with Radar,143,36,65,0,244,0,4,57,0,61,143,40,122,0,305,48,0,48,353
02/07/2020,RNO,NV,AWP,WE,Towers with Radar,136,36,47,1,220,0,0,96,0,96,136,36,143,1,316,4,0,4,320
02/08/2020,RNO,NV,AWP,WE,Towers with Radar,111,30,50,4,195,0,2,39,1,42,111,32,89,5,237,6,0,6,243
02/09/2020,RNO,NV,AWP,WE,Towers with Radar,127,32,48,0,207,0,0,7,0,7,127,32,55,0,214,0,0,0,214
02/10/2020,RNO,NV,AWP,WE,Towers with Radar,136,26,15,8,185,0,2,64,4,70,136,28,79,12,255,46,4,50,305
02/11/2020,RNO,NV,AWP,WE,Towers with Radar,133,29,25,3,190,0,1,51,7,59,133,30,76,10,249,26,4,30,279
02/12/2020,RNO,NV,AWP,WE,Towers with Radar,138,33,19,4,194,0,1,59,2,62,138,34,78,6,256,62,0,62,318
02/13/2020,RNO,NV,AWP,WE,Towers with Radar,141,34,22,12,209,0,2,57,6,65,141,36,79,18,274,42,2,44,318
02/14/2020,RNO,NV,AWP,WE,Towers with Radar,141,48,36,15,240,0,4,62,4,70,141,52,98,19,310,16,0,16,326
02/15/2020,RNO,NV,AWP,WE,Towers with Radar,107,32,12,0,151,0,1,68,6,75,107,33,80,6,226,14,0,14,240
02/16/2020,RNO,NV,AWP,WE,Towers with Radar,122,33,28,0,183,0,1,15,4,20,122,34,43,4,203,30,0,30,233
02/17/2020,RNO,NV,AWP,WE,Towers with Radar,133,36,35,0,204,0,2,111,10,123,133,38,146,10,327,50,0,50,377
02/18/2020,RNO,NV,AWP,WE,Towers with Radar,133,27,42,0,202,0,3,62,13,78,133,30,104,13,280,20,0,20,300
02/19/2020,RNO,NV,AWP,WE,Towers with Radar,136,31,35,4,206,0,1,74,12,87,136,32,109,16,293,16,4,20,313
02/20/2020,RNO,NV,AWP,WE,Towers with Radar,143,35,23,4,205,0,3,74,7,84,143,38,97,11,289,46,0,46,335
02/21/2020,RNO,NV,AWP,WE,Towers with Radar,135,29,39,5,208,0,0,72,0,72,135,29,111,5,280,20,0,20,300
02/22/2020,RNO,NV,AWP,WE,Towers with Radar,108,23,19,7,157,0,1,79,6,86,108,24,98,13,243,8,0,8,251
02/23/2020,RNO,NV,AWP,WE,Towers with Radar,122,29,30,1,182,0,0,50,3,53,122,29,80,4,235,4,0,4,239
02/24/2020,RNO,NV,AWP,WE,Towers with Radar,133,38,18,4,193,0,2,50,9,61,133,40,68,13,254,0,0,0,254
02/25/2020,RNO,NV,AWP,WE,Towers with Radar,136,24,20,9,189,0,2,60,14,76,136,26,80,23,265,14,4,18,283
02/26/2020,RNO,NV,AWP,WE,Towers with Radar,140,24,17,8,189,0,1,53,10,64,140,25,70,18,253,18,0,18,271
02/27/2020,RNO,NV,AWP,WE,Towers with Radar,141,33,30,2,206,0,7,76,5,88,141,40,106,7,294,12,0,12,306
02/28/2020,RNO,NV,AWP,WE,Towers with Radar,135,35,31,5,206,0,2,68,0,70,135,37,99,5,276,44,0,44,320
02/29/2020,RNO,NV,AWP,WE,Towers with Radar,109,20,17,4,150,0,1,16,0,17,109,21,33,4,167,42,0,42,209
03/01/2020,RNO,NV,AWP,WE,Towers with Radar,126,35,25,3,189,0,1,0,0,1,126,36,25,3,190,24,0,24,214
03/02/2020,RNO,NV,AWP,WE,Towers with Radar,131,29,21,0,181,0,1,36,2,39,131,30,57,2,220,42,0,42,262
03/03/2020,RNO,NV,AWP,WE,Towers with Radar,135,28,18,6,187,0,1,44,3,48,135,29,62,9,235,100,10,110,345
03/04/2020,RNO,NV,AWP,WE,Towers with Radar,134,41,32,3,210,0,3,71,2,76,134,44,103,5,286,48,0,48,334
03/05/2020,RNO,NV,AWP,WE,Towers with Radar,142,26,14,1,183,0,3,53,2,58,142,29,67,3,241,50,0,50,291
03/06/2020,RNO,NV,AWP,WE,Towers with Radar,142,27,22,2,193,0,1,23,1,25,142,28,45,3,218,48,6,54,272
03/07/2020,RNO,NV,AWP,WE,Towers with Radar,116,45,17,8,186,0,0,5,2,7,116,45,22,10,193,34,0,34,227
03/08/2020,RNO,NV,AWP,WE,Towers with Radar,118,33,36,4,191,0,0,60,4,64,118,33,96,8,255,38,0,38,293
03/09/2020,RNO,NV,AWP,WE,Towers with Radar,144,30,25,2,201,0,1,51,1,53,144,31,76,3,254,20,11,31,285
03/10/2020,RNO,NV,AWP,WE,Towers with Radar,138,29,26,2,195,0,0,66,0,66,138,29,92,2,261,70,0,70,331
03/11/2020,RNO,NV,AWP,WE,Towers with Radar,139,25,21,2,187,0,2,64,6,72,139,27,85,8,259,32,2,34,293
03/12/2020,RNO,NV,AWP,WE,Towers with Radar,148,25,29,1,203,0,2,75,6,83,148,27,104,7,286,54,0,54,340
03/13/2020,RNO,NV,AWP,WE,Towers with Radar,147,37,25,2,211,0,1,55,5,61,147,38,80,7,272,12,2,14,286
03/14/2020,RNO,NV,AWP,WE,Towers with Radar,110,18,15,1,144,0,0,2,0,2,110,18,17,1,146,0,0,0,146
03/15/2020,RNO,NV,AWP,WE,Towers with Radar,122,41,13,1,177,0,0,2,0,2,122,41,15,1,179,0,0,0,179
03/16/2020,RNO,NV,AWP,WE,Towers with Radar,141,25,12,1,179,0,0,0,0,0,141,25,12,1,179,2,0,2,181
03/17/2020,RNO,NV,AWP,WE,Towers with Radar,148,29,18,0,195,0,0,3,0,3,148,29,21,0,198,22,26,48,246
03/18/2020,RNO,NV,AWP,WE,Towers with Radar,140,29,23,4,196,0,0,1,0,1,140,29,24,4,197,0,4,4,201
03/19/2020,RNO,NV,AWP,WE,Towers with Radar,114,20,12,2,148,0,0,13,0,13,114,20,25,2,161,32,0,32,193
03/20/2020,RNO,NV,AWP,WE,Towers with Radar,109,26,15,2,152,0,1,28,0,29,109,27,43,2,181,18,0,18,199
03/21/2020,RNO,NV,AWP,WE,Towers with Radar,86,14,21,0,121,0,0,41,0,41,86,14,62,0,162,20,0,20,182
03/22/2020,RNO,NV,AWP,WE,Towers with Radar,90,9,4,1,104,0,0,36,1,37,90,9,40,2,141,76,2,78,219
03/23/2020,RNO,NV,AWP,WE,Towers with Radar,104,12,10,0,126,0,0,14,1,15,104,12,24,1,141,4,0,4,145
03/24/2020,RNO,NV,AWP,WE,Towers with Radar,101,13,4,0,118,0,0,0,0,0,101,13,4,0,118,0,0,0,118
03/25/2020,RNO,NV,AWP,WE,Towers with Radar,81,18,10,0,109,0,0,5,1,6,81,18,15,1,115,0,0,0,115
03/26/2020,RNO,NV,AWP,WE,Towers with Radar,100,10,7,0,117,0,0,1,0,1,100,10,8,0,118,0,0,0,118
03/27/2020,RNO,NV,AWP,WE,Towers with Radar,74,27,16,0,117,0,3,33,2,38,74,30,49,2,155,28,0,28,183
03/28/2020,RNO,NV,AWP,WE,Towers with Radar,56,16,13,0,85,0,1,25,0,26,56,17,38,0,111,42,0,42,153
03/29/2020,RNO,NV,AWP,WE,Towers with Radar,53,14,11,0,78,0,0,2,0,2,53,14,13,0,80,36,0,36,116
03/30/2020,RNO,NV,AWP,WE,Towers with Radar,65,11,6,2,84,0,0,6,0,6,65,11,12,2,90,6,0,6,96
03/31/2020,RNO,NV,AWP,WE,Towers with Radar,77,25,8,0,110,0,3,11,1,15,77,28,19,1,125,8,0,8,133
04/01/2020,RNO,NV,AWP,WE,Towers with Radar,73,13,8,1,95,0,2,26,0,28,73,15,34,1,123,12,0,12,135
04/02/2020,RNO,NV,AWP,WE,Towers with Radar,69,11,20,0,100,0,1,52,0,53,69,12,72,0,153,24,0,24,177
04/03/2020,RNO,NV,AWP,WE,Towers with Radar,67,13,21,2,103,0,3,34,0,37,67,16,55,2,140,6,2,8,148
04/04/2020,RNO,NV,AWP,WE,Towers with Radar,49,9,6,0,64,0,1,7,0,8,49,10,13,0,72,2,0,2,74
04/05/2020,RNO,NV,AWP,WE,Towers with Radar,40,13,2,0,55,0,0,2,0,2,40,13,4,0,57,2,0,2,59
04/06/2020,RNO,NV,AWP,WE,Towers with Radar,42,13,5,0,60,0,0,2,1,3,42,13,7,1,63,0,0,0,63
04/07/2020,RNO,NV,AWP,WE,Towers with Radar,58,6,7,2,73,0,1,5,1,7,58,7,12,3,80,28,2,30,110
04/08/2020,RNO,NV,AWP,WE,Towers with Radar,51,17,14,1,83,0,3,20,1,24,51,20,34,2,107,26,0,26,133
04/09/2020,RNO,NV,AWP,WE,Towers with Radar,54,14,10,0,78,0,3,11,3,17,54,17,21,3,95,20,0,20,115
04/10/2020,RNO,NV,AWP,WE,Towers with Radar,44,12,14,2,72,0,1,48,0,49,44,13,62,2,121,70,0,70,191
04/11/2020,RNO,NV,AWP,WE,Towers with Radar,33,9,16,0,58,0,1,48,1,50,33,10,64,1,108,14,0,14,122
04/12/2020,RNO,NV,AWP,WE,Towers with Radar,31,7,5,0,43,0,1,17,0,18,31,8,22,0,61,26,0,26,87
04/13/2020,RNO,NV,AWP,WE,Towers with Radar,43,7,2,0,52,0,4,16,2,22,43,11,18,2,74,2,0,2,76
04/14/2020,RNO,NV,AWP,WE,Towers with Radar,47,6,11,1,65,0,2,48,0,50,47,8,59,1,115,106,0,106,221
04/15/2020,RNO,NV,AWP,WE,Towers with Radar,47,16,12,12,87,0,1,29,0,30,47,17,41,12,117,10,4,14,131
04/16/2020,RNO,NV,AWP,WE,Towers with Radar,46,9,15,17,87,0,2,25,1,28,46,11,40,18,115,30,2,32,147
04/17/2020,RNO,NV,AWP,WE,Towers with Radar,42,12,24,4,82,0,2,22,0,24,42,14,46,4,106,2,0,2,108
04/18/2020,RNO,NV,AWP,WE,Towers with Radar,34,14,4,0,52,0,0,26,0,26,34,14,30,0,78,8,0,8,86
04/19/2020,RNO,NV,AWP,WE,Towers with Radar,32,7,10,0,49,0,1,20,2,23,32,8,30,2,72,34,0,34,106
04/20/2020,RNO,NV,AWP,WE,Towers with Radar,42,7,12,0,61,0,0,21,0,21,42,7,33,0,82,56,0,56,138
04/21/2020,RNO,NV,AWP,WE,Towers with Radar,42,19,17,5,83,0,1,23,1,25,42,20,40,6,108,75,0,75,183
04/22/2020,RNO,NV,AWP,WE,Towers with Radar,42,17,21,0,80,0,1,25,0,26,42,18,46,0,106,32,0,32,138
04/23/2020,RNO,NV,AWP,WE,Towers with Radar,53,14,18,0,85,0,2,35,5,42,53,16,53,5,127,8,0,8,135
04/24/2020,RNO,NV,AWP,WE,Towers with Radar,42,11,11,0,64,0,1,46,0,47,42,12,57,0,111,28,0,28,139
04/25/2020,RNO,NV,AWP,WE,Towers with Radar,33,5,19,8,65,0,3,62,0,65,33,8,81,8,130,42,6,48,178
04/26/2020,RNO,NV,AWP,WE,Towers with Radar,32,12,15,0,59,0,1,57,0,58,32,13,72,0,117,52,0,52,169
04/27/2020,RNO,NV,AWP,WE,Towers with Radar,32,15,13,0,60,0,1,45,2,48,32,16,58,2,108,10,0,10,118
04/28/2020,RNO,NV,AWP,WE,Towers with Radar,38,13,19,0,70,0,1,59,2,62,38,14,78,2,132,28,2,30,162
04/29/2020,RNO,NV,AWP,WE,Towers with Radar,40,18,25,0,83,0,0,44,2,46,40,18,69,2,129,44,0,44,173
04/30/2020,RNO,NV,AWP,WE,Towers with Radar,52,16,21,2,91,0,2,23,7,32,52,18,44,9,123,4,18,22,145
05/01/2020,RNO,NV,AWP,WE,Towers with Radar,47,15,16,5,83,0,0,51,1,52,47,15,67,6,135,21,10,31,166
05/02/2020,RNO,NV,AWP,WE,Towers with Radar,32,13,11,1,57,0,0,37,0,37,32,13,48,1,94,38,0,38,132
05/03/2020,RNO,NV,AWP,WE,Towers with Radar,39,12,20,3,74,0,0,37,3,40,39,12,57,6,114,18,6,24,138
05/04/2020,RNO,NV,AWP,WE,Towers with Radar,44,12,21,0,77,0,4,60,0,64,44,16,81,0,141,92,0,92,233
05/05/2020,RNO,NV,AWP,WE,Towers with Radar,48,17,17,2,84,0,3,46,2,51,48,20,63,4,135,18,0,18,153
05/06/2020,RNO,NV,AWP,WE,Towers with Radar,53,15,11,0,79,0,0,36,0,36,53,15,47,0,115,22,0,22,137
05/07/2020,RNO,NV,AWP,WE,Towers with Radar,53,8,21,0,82,0,1,68,1,70,53,9,89,1,152,52,6,58,210
05/08/2020,RNO,NV,AWP,WE,Towers with Radar,56,14,25,0,95,0,2,72,6,80,56,16,97,6,175,34,0,34,209
05/09/2020,RNO,NV,AWP,WE,Towers with Radar,40,11,13,0,64,0,0,86,1,87,40,11,99,1,151,38,0,38,189
05/10/2020,RNO,NV,AWP,WE,Towers with Radar,43,4,3,0,50,0,0,28,0,28,43,4,31,0,78,0,0,0,78
05/11/2020,RNO,NV,AWP,WE,Towers with Radar,45,11,7,0,63,0,1,14,2,17,45,12,21,2,80,2,0,2,82
05/12/2020,RNO,NV,AWP,WE,Towers with Radar,51,20,23,4,98,0,1,12,5,18,51,21,35,9,116,22,10,32,148
05/13/2020,RNO,NV,AWP,WE,Towers with Radar,54,14,30,0,98,0,3,44,1,48,54,17,74,1,146,16,0,16,162
05/14/2020,RNO,NV,AWP,WE,Towers with Radar,54,22,24,2,102,0,1,32,2,35,54,23,56,4,137,4,0,4,141
05/15/2020,RNO,NV,AWP,WE,Towers with Radar,54,25,22,2,103,0,1,80,2,83,54,26,102,4,186,148,0,148,334
05/16/2020,RNO,NV,AWP,WE,Towers with Radar,42,15,19,0,76,0,0,70,0,70,42,15,89,0,146,26,0,26,172
05/17/2020,RNO,NV,AWP,WE,Towers with Radar,45,14,11,3,73,0,1,2,0,3,45,15,13,3,76,0,0,0,76
05/18/2020,RNO,NV,AWP,WE,Towers with Radar,49,19,6,8,82,0,0,3,0,3,49,19,9,8,85,0,0,0,85
05/19/2020,RNO,NV,AWP,WE,Towers with Radar,52,19,21,5,97,0,3,21,0,24,52,22,42,5,121,74,0,74,195
05/20/2020,RNO,NV,AWP,WE,Towers with Radar,54,16,29,2,101,0,1,43,2,46,54,17,72,4,147,108,0,108,255
05/21/2020,RNO,NV,AWP,WE,Towers with Radar,54,18,32,6,110,0,3,60,8,71,54,21,92,14,181,10,4,14,195
05/22/2020,RNO,NV,AWP,WE,Towers with Radar,54,19,18,3,94,0,0,30,5,35,54,19,48,8,129,108,0,108,237
05/23/2020,RNO,NV,AWP,WE,Towers with Radar,40,12,17,0,69,0,4,99,0,103,40,16,116,0,172,50,0,50,222
05/24/2020,RNO,NV,AWP,WE,Towers with Radar,42,12,14,0,68,0,0,55,0,55,42,12,69,0,123,66,0,66,189
05/25/2020,RNO,NV,AWP,WE,Towers with Radar,40,10,16,0,66,0,6,86,0,92,40,16,102,0,158,78,0,78,236
05/26/2020,RNO,NV,AWP,WE,Towers with Radar,46,14,9,1,70,0,0,60,8,68,46,14,69,9,138,110,4,114,252
05/27/2020,RNO,NV,AWP,WE,Towers with Radar,53,22,33,1,109,0,0,66,0,66,53,22,99,1,175,114,0,114,289
05/28/2020,RNO,NV,AWP,WE,Towers with Radar,59,17,24,1,101,0,1,84,9,94,59,18,108,10,195,50,0,50,245
05/29/2020,RNO,NV,AWP,WE,Towers with Radar,56,26,16,2,100,0,1,63,0,64,56,27,79,2,164,2,0,2,166
05/30/2020,RNO,NV,AWP,WE,Towers with Radar,40,15,8,0,63,0,0,4,0,4,40,15,12,0,67,24,0,24,91
05/31/2020,RNO,NV,AWP,WE,Towers with Radar,45,16,28,0,89,0,0,78,2,80,45,16,106,2,169,138,0,138,307
06/01/2020,RNO,NV,AWP,WE,Towers with Radar,51,15,16,2,84,0,0,51,1,52,51,15,67,3,136,112,0,112,248
06/02/2020,RNO,NV,AWP,WE,Towers with Radar,52,7,23,2,84,0,1,85,10,96,52,8,108,12,180,70,22,92,272
06/03/2020,RNO,NV,AWP,WE,Towers with Radar,54,21,28,2,105,0,6,58,6,70,54,27,86,8,175,32,0,32,207
06/04/2020,RNO,NV,AWP,WE,Towers with Radar,59,15,20,6,100,0,3,64,20,87,59,18,84,26,187,102,26,128,315
06/05/2020,RNO,NV,AWP,WE,Towers with Radar,59,12,30,0,101,0,1,41,9,51,59,13,71,9,152,12,0,12,164
06/06/2020,RNO,NV,AWP,WE,Towers with Radar,44,16,8,3,71,0,2,16,13,31,44,18,24,16,102,44,0,44,146
06/07/2020,RNO,NV,AWP,WE,Towers with Radar,45,14,12,3,74,0,1,13,4,18,45,15,25,7,92,38,0,38,130
06/08/2020,RNO,NV,AWP,WE,Towers with Radar,51,21,24,0,96,0,0,85,3,88,51,21,109,3,184,48,0,48,232
06/09/2020,RNO,NV,AWP,WE,Towers with Radar,56,26,42,1,125,0,2,85,0,87,56,28,127,1,212,96,0,96,308
06/10/2020,RNO,NV,AWP,WE,Towers with Radar,56,28,26,0,110,0,1,90,4,95,56,29,116,4,205,72,0,72,277
06/11/2020,RNO,NV,AWP,WE,Towers with Radar,60,27,43,2,132,0,0,72,0,72,60,27,115,2,204,44,0,44,248
06/12/2020,RNO,NV,AWP,WE,Towers with Radar,58,23,22,3,106,0,0,38,1,39,58,23,60,4,145,0,0,0,145
06/13/2020,RNO,NV,AWP,WE,Towers with Radar,51,20,25,0,96,0,1,30,1,32,51,21,55,1,128,120,0,120,248
06/14/2020,RNO,NV,AWP,WE,Towers with Radar,48,29,33,0,110,0,1,95,2,98,48,30,128,2,208,46,0,46,254
06/15/2020,RNO,NV,AWP,WE,Towers with Radar,51,19,12,0,82,0,0,47,10,57,51,19,59,10,139,70,0,70,209
06/16/2020,RNO,NV,AWP,WE,Towers with Radar,54,21,31,2,108,0,2,45,8,55,54,23,76,10,163,40,0,40,203
06/17/2020,RNO,NV,AWP,WE,Towers with Radar,56,22,31,0,109,0,3,83,8,94,56,25,114,8,203,58,0,58,261
06/18/2020,RNO,NV,AWP,WE,Towers with Radar,56,20,17,0,93,0,2,67,4,73,56,22,84,4,166,44,0,44,210
06/19/2020,RNO,NV,AWP,WE,Towers with Radar,56,30,30,2,118,0,3,80,10,93,56,33,110,12,211,116,0,116,327
06/20/2020,RNO,NV,AWP,WE,Towers with Radar,52,17,25,0,94,0,1,64,0,65,52,18,89,0,159,46,0,46,205
06/21/2020,RNO,NV,AWP,WE,Towers with Radar,48,23,14,0,85,0,1,71,0,72,48,24,85,0,157,36,0,36,193
06/22/2020,RNO,NV,AWP,WE,Towers with Radar,55,9,26,0,90,0,0,60,0,60,55,9,86,0,150,28,0,28,178
06/23/2020,RNO,NV,AWP,WE,Towers with Radar,62,20,32,2,116,0,1,38,5,44,62,21,70,7,160,54,4,58,218
06/24/2020,RNO,NV,AWP,WE,Towers with Radar,58,22,31,0,111,0,2,62,4,68,58,24,93,4,179,74,0,74,253
06/25/2020,RNO,NV,AWP,WE,Towers with Radar,60,12,20,1,93,0,0,74,3,77,60,12,94,4,170,20,0,20,190
06/26/2020,RNO,NV,AWP,WE,Towers with Radar,56,23,28,0,107,0,2,77,1,80,56,25,105,1,187,26,0,26,213
06/27/2020,RNO,NV,AWP,WE,Towers with Radar,52,22,25,1,100,0,1,49,0,50,52,23,74,1,150,30,0,30,180
06/28/2020,RNO,NV,AWP,WE,Towers with Radar,56,13,16,0,85,0,2,22,0,24,56,15,38,0,109,36,0,36,145
06/29/2020,RNO,NV,AWP,WE,Towers with Radar,56,18,19,4,97,0,1,42,0,43,56,19,61,4,140,44,4,48,188
06/30/2020,RNO,NV,AWP,WE,Towers with Radar,61,22,32,3,118,0,0,51,0,51,61,22,83,3,169,20,2,22,191
07/01/2020,RNO,NV,AWP,WE,Towers with Radar,68,29,18,0,115,0,3,59,4,66,68,32,77,4,181,38,0,38,219
07/02/2020,RNO,NV,AWP,WE,Towers with Radar,70,32,28,0,130,0,1,63,1,65,70,33,91,1,195,70,2,72,267
07/03/2020,RNO,NV,AWP,WE,Towers with Radar,66,18,20,0,104,0,1,67,0,68,66,19,87,0,172,76,0,76,248
07/04/2020,RNO,NV,AWP,WE,Towers with Radar,46,11,8,0,65,0,1,46,4,51,46,12,54,4,116,66,0,66,182
07/05/2020,RNO,NV,AWP,WE,Towers with Radar,58,14,11,0,83,0,5,46,0,51,58,19,57,0,134,46,0,46,180
07/06/2020,RNO,NV,AWP,WE,Towers with Radar,67,23,21,0,111,0,3,39,0,42,67,26,60,0,153,44,0,44,197
07/07/2020,RNO,NV,AWP,WE,Towers with Radar,65,17,27,5,114,0,3,49,2,54,65,20,76,7,168,42,0,42,210
07/08/2020,RNO,NV,AWP,WE,Towers with Radar,67,23,24,1,115,0,3,56,1,60,67,26,80,2,175,44,2,46,221
07/09/2020,RNO,NV,AWP,WE,Towers with Radar,76,22,25,2,125,0,1,51,2,54,76,23,76,4,179,26,2,28,207
07/10/2020,RNO,NV,AWP,WE,Towers with Radar,72,21,18,1,112,0,2,63,2,67,72,23,81,3,179,62,0,62,241
07/11/2020,RNO,NV,AWP,WE,Towers with Radar,63,22,21,0,106,0,3,57,0,60,63,25,78,0,166,6,0,6,172
07/12/2020,RNO,NV,AWP,WE,Towers with Radar,65,27,31,0,123,0,1,52,0,53,65,28,83,0,176,18,0,18,194
07/13/2020,RNO,NV,AWP,WE,Towers with Radar,66,28,18,0,112,0,1,46,0,47,66,29,64,0,159,48,0,48,207
07/14/2020,RNO,NV,AWP,WE,Towers with Radar,66,17,27,1,111,0,5,63,10,78,66,22,90,11,189,44,8,52,241
07/15/2020,RNO,NV,AWP,WE,Towers with Radar,68,28,29,0,125,0,1,79,0,80,68,29,108,0,205,81,0,81,286
07/16/2020,RNO,NV,AWP,WE,Towers with Radar,78,29,33,2,142,0,5,66,5,76,78,34,99,7,218,54,24,78,296
07/17/2020,RNO,NV,AWP,WE,Towers with Radar,73,23,20,0,116,0,6,68,0,74,73,29,88,0,190,14,0,14,204
07/18/2020,RNO,NV,AWP,WE,Towers with Radar,67,23,8,0,98,0,0,79,0,79,67,23,87,0,177,26,0,26,203
07/19/2020,RNO,NV,AWP,WE,Towers with Radar,68,23,22,0,113,0,4,50,1,55,68,27,72,1,168,54,0,54,222
07/20/2020,RNO,NV,AWP,WE,Towers with Radar,74,22,16,1,113,0,1,48,0,49,74,23,64,1,162,68,0,68,230
07/21/2020,RNO,NV,AWP,WE,Towers with Radar,72,30,23,1,126,0,0,47,4,51,72,30,70,5,177,20,0,20,197
07/22/2020,RNO,NV,AWP,WE,Towers with Radar,75,23,15,3,116,0,0,50,3,53,75,23,65,6,169,71,0,71,240
07/23/2020,RNO,NV,AWP,WE,Towers with Radar,82,23,27,3,135,0,1,53,9,63,82,24,80,12,198,25,4,29,227
07/24/2020,RNO,NV,AWP,WE,Towers with Radar,79,18,25,1,123,0,0,62,2,64,79,18,87,3,187,18,0,18,205
07/25/2020,RNO,NV,AWP,WE,Towers with Radar,71,19,24,0,114,0,3,80,2,85,71,22,104,2,199,22,0,22,221
07/26/2020,RNO,NV,AWP,WE,Towers with Radar,76,27,35,0,138,0,0,67,2,69,76,27,102,2,207,26,0,26,233
07/27/2020,RNO,NV,AWP,WE,Towers with Radar,75,23,23,0,121,0,0,49,2,51,75,23,72,2,172,2,0,2,174
07/28/2020,RNO,NV,AWP,WE,Towers with Radar,74,20,22,6,122,0,2,81,3,86,74,22,103,9,208,49,6,55,263
07/29/2020,RNO,NV,AWP,WE,Towers with Radar,74,24,24,3,125,0,3,90,8,101,74,27,114,11,226,50,20,70,296
07/30/2020,RNO,NV,AWP,WE,Towers with Radar,82,25,20,2,129,0,3,72,1,76,82,28,92,3,205,16,0,16,221
07/31/2020,RNO,NV,AWP,WE,Towers with Radar,82,15,24,0,121,0,3,71,0,74,82,18,95,0,195,84,0,84,279
08/01/2020,RNO,NV,AWP,WE,Towers with Radar,74,22,32,1,129,0,0,66,0,66,74,22,98,1,195,72,0,72,267
08/02/2020,RNO,NV,AWP,WE,Towers with Radar,76,20,26,2,124,0,1,61,0,62,76,21,87,2,186,12,0,12,198
08/03/2020,RNO,NV,AWP,WE,Towers with Radar,79,20,26,0,125,0,0,76,4,80,79,20,102,4,205,38,0,38,243
08/04/2020,RNO,NV,AWP,WE,Towers with Radar,82,28,25,3,138,0,2,52,11,65,82,30,77,14,203,50,2,52,255
08/05/2020,RNO,NV,AWP,WE,Towers with Radar,88,42,13,1,144,0,4,64,4,72,88,46,77,5,216,6,2,8,224
08/06/2020,RNO,NV,AWP,WE,Towers with Radar,87,27,28,4,146,0,1,76,7,84,87,28,104,11,230,44,0,44,274
08/07/2020,RNO,NV,AWP,WE,Towers with Radar,90,30,26,0,146,0,3,77,4,84,90,33,103,4,230,20,4,24,254
08/08/2020,RNO,NV,AWP,WE,Towers with Radar,79,17,13,0,109,0,0,74,0,74,79,17,87,0,183,10,0,10,193
08/09/2020,RNO,NV,AWP,WE,Towers with Radar,84,15,20,0,119,0,0,94,0,94,84,15,114,0,213,16,0,16,229
08/10/2020,RNO,NV,AWP,WE,Towers with Radar,87,28,39,0,154,0,2,57,3,62,87,30,96,3,216,6,2,8,224
08/11/2020,RNO,NV,AWP,WE,Towers with Radar,90,27,19,0,136,0,1,61,7,69,90,28,80,7,205,30,8,38,243
08/12/2020,RNO,NV,AWP,WE,Towers with Radar,94,18,10,6,128,0,3,75,3,81,94,21,85,9,209,50,0,50,259
08/13/2020,RNO,NV,AWP,WE,Towers with Radar,98,17,23,0,138,0,3,64,11,78,98,20,87,11,216,32,14,46,262
08/14/2020,RNO,NV,AWP,WE,Towers with Radar,94,27,25,1,147,0,1,67,2,70,94,28,92,3,217,36,0,36,253
08/15/2020,RNO,NV,AWP,WE,Towers with Radar,86,36,26,0,148,0,3,72,1,76,86,39,98,1,224,42,0,42,266
08/16/2020,RNO,NV,AWP,WE,Towers with Radar,88,25,18,2,133,0,3,59,0,62,88,28,77,2,195,34,0,34,229
08/17/2020,RNO,NV,AWP,WE,Towers with Radar,91,22,22,4,139,0,0,45,3,48,91,22,67,7,187,42,0,42,229
08/18/2020,RNO,NV,AWP,WE,Towers with Radar,90,28,39,1,158,0,2,58,6,66,90,30,97,7,224,84,0,84,308
08/19/2020,RNO,NV,AWP,WE,Towers with Radar,90,33,28,5,156,0,0,41,1,42,90,33,69,6,198,97,0,97,295
08/20/2020,RNO,NV,AWP,WE,Towers with Radar,98,32,45,1,176,0,0,13,2,15,98,32,58,3,191,184,2,186,377
08/21/2020,RNO,NV,AWP,WE,Towers with Radar,99,22,37,0,158,0,0,17,2,19,99,22,54,2,177,116,0,116,293
08/22/2020,RNO,NV,AWP,WE,Towers with Radar,84,28,22,2,136,0,0,17,0,17,84,28,39,2,153,132,0,132,285
08/23/2020,RNO,NV,AWP,WE,Towers with Radar,85,19,27,0,131,0,0,15,0,15,85,19,42,0,146,109,0,109,255
08/24/2020,RNO,NV,AWP,WE,Towers with Radar,89,17,30,0,136,0,1,28,0,29,89,18,58,0,165,70,0,70,235
08/25/2020,RNO,NV,AWP,WE,Towers with Radar,88,20,39,2,149,0,1,29,5,35,88,21,68,7,184,96,0,96,280
08/26/2020,RNO,NV,AWP,WE,Towers with Radar,88,32,30,2,152,0,4,42,1,47,88,36,72,3,199,123,0,123,322
08/27/2020,RNO,NV,AWP,WE,Towers with Radar,97,19,34,5,155,0,1,70,2,73,97,20,104,7,228,68,0,68,296
08/28/2020,RNO,NV,AWP,WE,Towers with Radar,95,22,29,1,147,0,1,45,0,46,95,23,74,1,193,110,0,110,303
08/29/2020,RNO,NV,AWP,WE,Towers with Radar,84,22,22,0,128,0,1,76,1,78,84,23,98,1,206,92,0,92,298
08/30/2020,RNO,NV,AWP,WE,Towers with Radar,89,14,21,0,124,0,0,56,1,57,89,14,77,1,181,106,0,106,287
08/31/2020,RNO,NV,AWP,WE,Towers with Radar,89,25,43,2,159,0,0,47,0,47,89,25,90,2,206,82,0,82,288
09/01/2020,RNO,NV,AWP,WE,Towers with Radar,89,19,15,4,127,0,1,67,12,80,89,20,82,16,207,52,14,66,273
09/02/2020,RNO,NV,AWP,WE,Towers with Radar,87,24,35,0,146,0,2,77,3,82,87,26,112,3,228,52,0,52,280
09/03/2020,RNO,NV,AWP,WE,Towers with Radar,100,22,29,2,153,0,2,59,5,66,100,24,88,7,219,118,0,118,337
09/04/2020,RNO,NV,AWP,WE,Towers with Radar,101,20,23,2,146,0,1,82,0,83,101,21,105,2,229,42,0,42,271
09/05/2020,RNO,NV,AWP,WE,Towers with Radar,77,20,17,2,116,0,1,91,0,92,77,21,108,2,208,86,0,86,294
09/06/2020,RNO,NV,AWP,WE,Towers with Radar,67,19,22,2,110,0,2,48,2,52,67,21,70,4,162,42,0,42,204
09/07/2020,RNO,NV,AWP,WE,Towers with Radar,79,14,44,2,139,0,0,52,0,52,79,14,96,2,191,70,0,70,261
09/08/2020,RNO,NV,AWP,WE,Towers with Radar,77,37,38,2,154,0,1,22,14,37,77,38,60,16,191,62,30,92,283
09/09/2020,RNO,NV,AWP,WE,Towers with Radar,84,27,32,1,144,0,1,73,10,84,84,28,105,11,228,114,0,114,342
09/10/2020,RNO,NV,AWP,WE,Towers with Radar,85,32,32,4,153,0,0,79,7,86,85,32,111,11,239,52,2,54,293
09/11/2020,RNO,NV,AWP,WE,Towers with Radar,86,42,38,3,169,0,0,3,1,4,86,42,41,4,173,202,2,204,377
09/12/2020,RNO,NV,AWP,WE,Towers with Radar,72,27,26,7,132,0,1,7,1,9,72,28,33,8,141,168,0,168,309
09/13/2020,RNO,NV,AWP,WE,Towers with Radar,76,27,15,5,123,0,0,1,0,1,76,27,16,5,124,4,0,4,128
09/14/2020,RNO,NV,AWP,WE,Towers with Radar,77,30,38,4,149,0,0,15,2,17,77,30,53,6,166,70,0,70,236
09/15/2020,RNO,NV,AWP,WE,Towers with Radar,74,25,32,9,140,0,0,3,0,3,74,25,35,9,143,0,0,0,143
09/16/2020,RNO,NV,AWP,WE,Towers with Radar,83,42,33,2,160,0,0,1,0,1,83,42,34,2,161,16,0,16,177
09/17/2020,RNO,NV,AWP,WE,Towers with Radar,92,33,33,6,164,0,0,5,0,5,92,33,38,6,169,32,0,32,201
09/18/2020,RNO,NV,AWP,WE,Towers with Radar,86,35,25,5,151,0,0,26,4,30,86,35,51,9,181,30,0,30,211
09/19/2020,RNO,NV,AWP,WE,Towers with Radar,74,28,16,2,120,0,2,64,2,68,74,30,80,4,188,78,0,78,266
09/20/2020,RNO,NV,AWP,WE,Towers with Radar,76,30,25,4,135,0,2,77,0,79,76,32,102,4,214,40,0,40,254
09/21/2020,RNO,NV,AWP,WE,Towers with Radar,79,25,30,13,147,0,2,50,13,65,79,27,80,26,212,28,14,42,254
09/22/2020,RNO,NV,AWP,WE,Towers with Radar,76,34,39,7,156,0,0,61,3,64,76,34,100,10,220,103,4,107,327
09/23/2020,RNO,NV,AWP,WE,Towers with Radar,84,25,21,1,131,0,1,80,8,89,84,26,101,9,220,68,8,76,296
09/24/2020,RNO,NV,AWP,WE,Towers with Radar,86,27,37,5,155,0,1,75,11,87,86,28,112,16,242,56,28,84,326
09/25/2020,RNO,NV,AWP,WE,Towers with Radar,88,29,32,4,153,0,3,70,1,74,88,32,102,5,227,58,0,58,285
09/26/2020,RNO,NV,AWP,WE,Towers with Radar,74,26,18,0,118,0,2,75,0,77,74,28,93,0,195,134,0,134,329
09/27/2020,RNO,NV,AWP,WE,Towers with Radar,74,23,20,2,119,0,0,90,0,90,74,23,110,2,209,10,4,14,223
09/28/2020,RNO,NV,AWP,WE,Towers with Radar,82,25,34,5,146,0,1,51,1,53,82,26,85,6,199,18,0,18,217
09/29/2020,RNO,NV,AWP,WE,Towers with Radar,74,21,17,3,115,0,3,57,1,61,74,24,74,4,176,0,0,0,176
09/30/2020,RNO,NV,AWP,WE,Towers with Radar,81,29,45,4,159,0,0,26,0,26,81,29,71,4,185,56,0,56,241
10/01/2020,RNO,NV,AWP,WE,Towers with Radar,86,22,41,7,156,0,3,38,2,43,86,25,79,9,199,86,0,86,285
10/02/2020,RNO,NV,AWP,WE,Towers with Radar,95,25,29,2,151,0,0,68,1,69,95,25,97,3,220,74,0,74,294
10/03/2020,RNO,NV,AWP,WE,Towers with Radar,73,18,21,1,113,0,6,76,5,87,73,24,97,6,200,72,0,72,272
10/04/2020,RNO,NV,AWP,WE,Towers with Radar,75,27,22,8,132,0,5,49,1,55,75,32,71,9,187,64,0,64,251
10/05/2020,RNO,NV,AWP,WE,Towers with Radar,89,16,38,6,149,0,0,53,3,56,89,16,91,9,205,58,0,58,263
10/06/2020,RNO,NV,AWP,WE,Towers with Radar,74,29,31,3,137,0,1,47,5,53,74,30,78,8,190,164,0,164,354
10/07/2020,RNO,NV,AWP,WE,Towers with Radar,81,25,30,8,144,0,2,64,3,69,81,27,94,11,213,50,2,52,265
10/08/2020,RNO,NV,AWP,WE,Towers with Radar,94,28,32,2,156,0,2,53,4,59,94,30,85,6,215,22,0,22,237
10/09/2020,RNO,NV,AWP,WE,Towers with Radar,99,41,26,3,169,0,5,67,1,73,99,46,93,4,242,52,0,52,294
10/10/2020,RNO,NV,AWP,WE,Towers with Radar,73,26,18,2,119,0,2,50,0,52,73,28,68,2,171,42,0,42,213
10/11/2020,RNO,NV,AWP,WE,Towers with Radar,81,27,21,5,134,0,3,63,0,66,81,30,84,5,200,80,0,80,280
10/12/2020,RNO,NV,AWP,WE,Towers with Radar,89,15,24,0,128,0,2,75,0,77,89,17,99,0,205,77,0,77,282
10/13/2020,RNO,NV,AWP,WE,Towers with Radar,80,20,46,2,148,0,4,74,4,82,80,24,120,6,230,76,4,80,310
10/14/2020,RNO,NV,AWP,WE,Towers with Radar,83,22,31,3,139,0,2,87,2,91,83,24,118,5,230,108,0,108,338
10/15/2020,RNO,NV,AWP,WE,Towers with Radar,90,25,56,1,172,0,7,76,5,88,90,32,132,6,260,49,0,49,309
10/16/2020,RNO,NV,AWP,WE,Towers with Radar,95,18,39,4,156,0,3,92,2,97,95,21,131,6,253,52,0,52,305
10/17/2020,RNO,NV,AWP,WE,Towers with Radar,75,23,15,8,121,0,6,107,2,115,75,29,122,10,236,38,0,38,274
10/18/2020,RNO,NV,AWP,WE,Towers with Radar,77,17,22,6,122,0,2,78,2,82,77,19,100,8,204,36,0,36,240
10/19/2020,RNO,NV,AWP,WE,Towers with Radar,88,19,32,5,144,0,5,82,3,90,88,24,114,8,234,88,0,88,322
10/20/2020,RNO,NV,AWP,WE,Towers with Radar,79,25,31,2,137,0,3,101,4,108,79,28,132,6,245,96,0,96,341
10/21/2020,RNO,NV,AWP,WE,Towers with Radar,83,30,26,3,142,0,8,77,6,91,83,38,103,9,233,66,0,66,299
10/22/2020,RNO,NV,AWP,WE,Towers with Radar,86,30,27,3,146,0,4,65,8,77,86,34,92,11,223,14,0,14,237
10/23/2020,RNO,NV,AWP,WE,Towers with Radar,93,18,39,5,155,0,3,90,4,97,93,21,129,9,252,40,6,46,298
10/24/2020,RNO,NV,AWP,WE,Towers with Radar,72,19,15,2,108,0,4,74,0,78,72,23,89,2,186,87,0,87,273
10/25/2020,RNO,NV,AWP,WE,Towers with Radar,79,28,24,6,137,0,3,37,0,40,79,31,61,6,177,28,0,28,205
10/26/2020,RNO,NV,AWP,WE,Towers with Radar,82,27,25,0,134,0,1,55,3,59,82,28,80,3,193,54,0,54,247
10/27/2020,RNO,NV,AWP,WE,Towers with Radar,78,24,36,1,139,0,1,76,7,84,78,25,112,8,223,24,0,24,247
10/28/2020,RNO,NV,AWP,WE,Towers with Radar,80,22,31,4,137,0,0,92,6,98,80,22,123,10,235,84,2,86,321
10/29/2020,RNO,NV,AWP,WE,Towers with Radar,85,30,43,8,166,0,2,76,4,82,85,32,119,12,248,28,2,30,278
10/30/2020,RNO,NV,AWP,WE,Towers with Radar,95,21,33,5,154,0,2,49,1,52,95,23,82,6,206,30,0,30,236
10/31/2020,RNO,NV,AWP,WE,Towers with Radar,56,16,11,1,84,0,3,79,0,82,56,19,90,1,166,36,0,36,202
11/01/2020,RNO,NV,AWP,WE,Towers with Radar,77,28,21,7,133,0,1,69,4,74,77,29,90,11,207,46,0,46,253
11/02/2020,RNO,NV,AWP,WE,Towers with Radar,88,18,27,7,140,0,3,65,15,83,88,21,92,22,223,24,0,24,247
11/03/2020,RNO,NV,AWP,WE,Towers with Radar,80,18,18,7,123,0,0,52,21,73,80,18,70,28,196,92,20,112,308
11/04/2020,RNO,NV,AWP,WE,Towers with Radar,83,24,27,1,135,0,5,62,24,91,83,29,89,25,226,54,2,56,282
11/05/2020,RNO,NV,AWP,WE,Towers with Radar,91,21,43,9,164,0,5,83,10,98,91,26,126,19,262,38,16,54,316
11/06/2020,RNO,NV,AWP,WE,Towers with Radar,93,22,19,9,143,0,1,4,3,8,93,23,23,12,151,0,0,0,151
11/07/2020,RNO,NV,AWP,WE,Towers with Radar,68,16,20,13,117,0,1,17,3,21,68,17,37,16,138,24,0,24,162
11/08/2020,RNO,NV,AWP,WE,Towers with Radar,83,19,23,8,133,0,0,9,4,13,83,19,32,12,146,32,12,44,190
11/09/2020,RNO,NV,AWP,WE,Towers with Radar,84,22,19,8,133,0,3,30,5,38,84,25,49,13,171,96,0,96,267
11/10/2020,RNO,NV,AWP,WE,Towers with Radar,78,12,28,5,123,0,1,69,6,76,78,13,97,11,199,42,4,46,245
11/11/2020,RNO,NV,AWP,WE,Towers with Radar,84,21,40,3,148,0,3,82,4,89,84,24,122,7,237,60,8,68,305
11/12/2020,RNO,NV,AWP,WE,Towers with Radar,96,13,29,1,139,0,1,50,6,57,96,14,79,7,196,20,0,20,216
11/13/2020,RNO,NV,AWP,WE,Towers with Radar,96,20,21,1,138,0,0,5,0,5,96,20,26,1,143,0,0,0,143
11/14/2020,RNO,NV,AWP,WE,Towers with Radar,76,21,15,1,113,0,1,76,0,77,76,22,91,1,190,60,0,60,250
11/15/2020,RNO,NV,AWP,WE,Towers with Radar,80,20,22,2,124,0,3,47,0,50,80,23,69,2,174,80,0,80,254
11/16/2020,RNO,NV,AWP,WE,Towers with Radar,81,11,22,1,115,0,0,64,1,65,81,11,86,2,180,86,2,88,268
11/17/2020,RNO,NV,AWP,WE,Towers with Radar,67,18,17,2,104,0,1,4,0,5,67,19,21,2,109,0,0,0,109
11/18/2020,RNO,NV,AWP,WE,Towers with Radar,100,16,15,2,133,0,1,1,0,2,100,17,16,2,135,0,0,0,135
11/19/2020,RNO,NV,AWP,WE,Towers with Radar,92,21,32,3,148,0,3,40,0,43,92,24,72,3,191,86,0,86,277
11/20/2020,RNO,NV,AWP,WE,Towers with Radar,100,28,21,3,152,0,2,58,6,66,100,30,79,9,218,60,0,60,278
11/21/2020,RNO,NV,AWP,WE,Towers with Radar,93,11,21,0,125,0,2,74,2,78,93,13,95,2,203,18,0,18,221
11/22/2020,RNO,NV,AWP,WE,Towers with Radar,84,30,31,0,145,0,0,58,0,58,84,30,89,0,203,42,0,42,245
11/23/2020,RNO,NV,AWP,WE,Towers with Radar,100,19,29,0,148,0,1,48,0,49,100,20,77,0,197,26,0,26,223
11/24/2020,RNO,NV,AWP,WE,Towers with Radar,114,24,35,2,175,0,2,68,0,70,114,26,103,2,245,54,4,58,303
11/25/2020,RNO,NV,AWP,WE,Towers with Radar,128,25,22,0,175,0,0,16,1,17,128,25,38,1,192,6,0,6,198
11/26/2020,RNO,NV,AWP,WE,Towers with Radar,54,12,2,0,68,0,1,24,0,25,54,13,26,0,93,20,0,20,113
11/27/2020,RNO,NV,AWP,WE,Towers with Radar,89,13,21,0,123,0,3,57,0,60,89,16,78,0,183,58,0,58,241
11/28/2020,RNO,NV,AWP,WE,Towers with Radar,95,22,17,0,134,0,4,53,0,57,95,26,70,0,191,14,0,14,205
11/29/2020,RNO,NV,AWP,WE,Towers with Radar,110,24,28,0,162,0,2,61,0,63,110,26,89,0,225,24,0,24,249
11/30/2020,RNO,NV,AWP,WE,Towers with Radar,117,25,22,0,164,0,3,51,0,54,117,28,73,0,218,26,0,26,244
12/01/2020,RNO,NV,AWP,WE,Towers with Radar,95,22,9,1,127,0,4,59,1,64,95,26,68,2,191,74,0,74,265
12/02/2020,RNO,NV,AWP,WE,Towers with Radar,84,23,16,2,125,0,3,70,2,75,84,26,86,4,200,80,2,82,282
12/03/2020,RNO,NV,AWP,WE,Towers with Radar,90,31,23,1,145,0,2,54,0,56,90,33,77,1,201,24,0,24,225
12/04/2020,RNO,NV,AWP,WE,Towers with Radar,89,29,21,1,140,0,2,62,1,65,89,31,83,2,205,30,0,30,235
12/05/2020,RNO,NV,AWP,WE,Towers with Radar,77,15,23,5,120,0,7,48,0,55,77,22,71,5,175,4,6,10,185
12/06/2020,RNO,NV,AWP,WE,Towers with Radar,80,18,21,2,121,0,2,50,2,54,80,20,71,4,175,64,0,64,239
12/07/2020,RNO,NV,AWP,WE,Towers with Radar,86,24,23,2,135,0,0,38,7,45,86,24,61,9,180,38,0,38,218
12/08/2020,RNO,NV,AWP,WE,Towers with Radar,83,16,21,5,125,0,0,57,12,69,83,16,78,17,194,28,20,48,242
12/09/2020,RNO,NV,AWP,WE,Towers with Radar,84,23,23,4,134,0,2,53,12,67,84,25,76,16,201,22,0,22,223
12/10/2020,RNO,NV,AWP,WE,Towers with Radar,89,23,38,2,152,0,7,54,12,73,89,30,92,14,225,22,0,22,247
12/11/2020,RNO,NV,AWP,WE,Towers with Radar,91,29,26,1,147,0,3,51,4,58,91,32,77,5,205,44,0,44,249
12/12/2020,RNO,NV,AWP,WE,Towers with Radar,76,22,28,1,127,0,1,36,0,37,76,23,64,1,164,90,0,90,254
12/13/2020,RNO,NV,AWP,WE,Towers with Radar,79,24,20,1,124,0,0,1,0,1,79,24,21,1,125,4,0,4,129
12/14/2020,RNO,NV,AWP,WE,Towers with Radar,81,40,34,1,156,0,1,17,0,18,81,41,51,1,174,116,0,116,290
12/15/2020,RNO,NV,AWP,WE,Towers with Radar,90,42,24,3,159,0,2,36,11,49,90,44,60,14,208,54,18,72,280
12/16/2020,RNO,NV,AWP,WE,Towers with Radar,92,32,37,3,164,0,1,38,0,39,92,33,75,3,203,14,0,14,217
12/17/2020,RNO,NV,AWP,WE,Towers with Radar,120,43,19,4,186,0,1,5,1,7,120,44,24,5,193,0,8,8,201
12/18/2020,RNO,NV,AWP,WE,Towers with Radar,112,37,30,1,180,0,4,65,1,70,112,41,95,2,250,28,0,28,278
12/19/2020,RNO,NV,AWP,WE,Towers with Radar,117,20,33,1,171,0,4,98,0,102,117,24,131,1,273,94,0,94,367
12/20/2020,RNO,NV,AWP,WE,Towers with Radar,102,23,23,1,149,0,0,78,0,78,102,23,101,1,227,66,0,66,293
12/21/2020,RNO,NV,AWP,WE,Towers with Radar,112,35,29,1,177,0,4,75,0,79,112,39,104,1,256,40,0,40,296
12/22/2020,RNO,NV,AWP,WE,Towers with Radar,113,40,24,2,179,0,0,71,1,72,113,40,95,3,251,69,0,69,320
12/23/2020,RNO,NV,AWP,WE,Towers with Radar,134,37,23,0,194,0,2,61,1,64,134,39,84,1,258,108,0,108,366
12/24/2020,RNO,NV,AWP,WE,Towers with Radar,77,21,15,0,113,0,5,49,0,54,77,26,64,0,167,116,0,116,283
12/25/2020,RNO,NV,AWP,WE,Towers with Radar,52,23,10,0,85,0,0,4,0,4,52,23,14,0,89,0,0,0,89
12/26/2020,RNO,NV,AWP,WE,Towers with Radar,109,37,35,0,181,0,0,11,0,11,109,37,46,0,192,18,0,18,210
12/27/2020,RNO,NV,AWP,WE,Towers with Radar,112,47,35,0,194,0,0,32,0,32,112,47,67,0,226,18,0,18,244
12/28/2020,RNO,NV,AWP,WE,Towers with Radar,96,31,27,0,154,0,1,17,0,18,96,32,44,0,172,10,0,10,182
12/29/2020,RNO,NV,AWP,WE,Towers with Radar,104,39,28,0,171,0,3,66,1,70,104,42,94,1,241,56,0,56,297
12/30/2020,RNO,NV,AWP,WE,Towers with Radar,107,33,45,0,185,0,1,60,0,61,107,34,105,0,246,46,0,46,292
12/31/2020,RNO,NV,AWP,WE,Towers with Radar,80,33,24,1,138,0,1,30,1,32,80,34,54,2,170,28,0,28,198
01/01/2021,RNO,NV,AWP,WE,Towers with Radar,64,35,18,0,117,0,0,46,0,46,64,35,64,0,163,4,0,4,167
01/02/2021,RNO,NV,AWP,WE,Towers with Radar,110,36,28,1,175,0,0,29,1,30,110,36,57,2,205,44,0,44,249
01/03/2021,RNO,NV,AWP,WE,Towers with Radar,115,34,31,1,181,0,0,39,1,40,115,34,70,2,221,4,0,4,225
01/04/2021,RNO,NV,AWP,WE,Towers with Radar,105,39,16,0,160,0,0,1,0,1,105,39,17,0,161,0,0,0,161
01/05/2021,RNO,NV,AWP,WE,Towers with Radar,89,36,53,3,181,0,4,70,3,77,89,40,123,6,258,96,8,104,362
01/06/2021,RNO,NV,AWP,WE,Towers with Radar,92,29,30,5,156,0,2,48,14,64,92,31,78,19,220,66,34,100,320
01/07/2021,RNO,NV,AWP,WE,Towers with Radar,103,35,52,0,190,0,1,69,9,79,103,36,121,9,269,28,2,30,299
01/08/2021,RNO,NV,AWP,WE,Towers with Radar,97,24,23,0,144,0,3,16,0,19,97,27,39,0,163,22,0,22,185
01/09/2021,RNO,NV,AWP,WE,Towers with Radar,82,42,20,2,146,0,3,87,2,92,82,45,107,4,238,86,4,90,328
01/10/2021,RNO,NV,AWP,WE,Towers with Radar,86,20,23,0,129,0,0,87,0,87,86,20,110,0,216,58,0,58,274
01/11/2021,RNO,NV,AWP,WE,Towers with Radar,88,23,34,0,145,0,3,59,1,63,88,26,93,1,208,48,0,48,256
01/12/2021,RNO,NV,AWP,WE,Towers with Radar,88,32,25,6,151,0,2,45,1,48,88,34,70,7,199,54,4,58,257
01/13/2021,RNO,NV,AWP,WE,Towers with Radar,90,29,35,2,156,0,1,38,0,39,90,30,73,2,195,56,0,56,251
01/14/2021,RNO,NV,AWP,WE,Towers with Radar,99,28,45,7,179,0,4,77,6,87,99,32,122,13,266,80,0,80,346
01/15/2021,RNO,NV,AWP,WE,Towers with Radar,97,32,36,7,172,0,9,69,0,78,97,41,105,7,250,36,0,36,286
01/16/2021,RNO,NV,AWP,WE,Towers with Radar,79,28,23,6,136,0,2,98,0,100,79,30,121,6,236,26,0,26,262
01/17/2021,RNO,NV,AWP,WE,Towers with Radar,86,28,25,1,140,0,2,85,0,87,86,30,110,1,227,66,0,66,293
01/18/2021,RNO,NV,AWP,WE,Towers with Radar,83,43,22,0,148,0,2,53,3,58,83,45,75,3,206,24,0,24,230
01/19/2021,RNO,NV,AWP,WE,Towers with Radar,90,27,29,4,150,0,3,11,2,16,90,30,40,6,166,6,0,6,172
01/20/2021,RNO,NV,AWP,WE,Towers with Radar,84,32,22,6,144,0,2,80,4,86,84,34,102,10,230,30,0,30,260
01/21/2021,RNO,NV,AWP,WE,Towers with Radar,98,39,35,1,173,0,2,73,1,76,98,41,108,2,249,36,0,36,285
01/22/2021,RNO,NV,AWP,WE,Towers with Radar,95,35,27,4,161,0,2,11,7,20,95,37,38,11,181,6,0,6,187
01/23/2021,RNO,NV,AWP,WE,Towers with Radar,81,35,27,5,148,0,1,7,2,10,81,36,34,7,158,28,0,28,186
01/24/2021,RNO,NV,AWP,WE,Towers with Radar,86,31,33,0,150,0,1,45,0,46,86,32,78,0,196,64,0,64,260
01/25/2021,RNO,NV,AWP,WE,Towers with Radar,81,43,8,4,136,0,0,0,0,0,81,43,8,4,136,0,0,0,136
01/26/2021,RNO,NV,AWP,WE,Towers with Radar,86,30,28,9,153,0,1,41,3,45,86,31,69,12,198,58,0,58,256
01/27/2021,RNO,NV,AWP,WE,Towers with Radar,82,11,8,2,103,0,0,0,0,0,82,11,8,2,103,0,0,0,103
01/28/2021,RNO,NV,AWP,WE,Towers with Radar,97,39,20,0,156,0,0,0,0,0,97,39,20,0,156,0,0,0,156
01/29/2021,RNO,NV,AWP,WE,Towers with Radar,94,53,31,5,183,0,4,24,3,31,94,57,55,8,214,26,0,26,240
01/30/2021,RNO,NV,AWP,WE,Towers with Radar,80,28,27,4,139,0,0,99,3,102,80,28,126,7,241,20,8,28,269
01/31/2021,RNO,NV,AWP,WE,Towers with Radar,83,21,36,5,145,0,1,63,0,64,83,22,99,5,209,48,0,48,257
02/01/2021,RNO,NV,AWP,WE,Towers with Radar,83,24,26,2,135,0,0,29,0,29,83,24,55,2,164,84,0,84,248
02/02/2021,RNO,NV,AWP,WE,Towers with Radar,88,25,26,1,140,0,2,7,0,9,88,27,33,1,149,4,0,4,153
02/03/2021,RNO,NV,AWP,WE,Towers with Radar,90,38,30,4,162,0,0,15,0,15,90,38,45,4,177,0,0,0,177
02/04/2021,RNO,NV,AWP,WE,Towers with Radar,100,38,39,1,178,0,4,85,2,91,100,42,124,3,269,18,0,18,287
02/05/2021,RNO,NV,AWP,WE,Towers with Radar,97,27,32,2,158,0,1,83,2,86,97,28,115,4,244,10,8,18,262
02/06/2021,RNO,NV,AWP,WE,Towers with Radar,80,24,23,1,128,0,4,98,0,102,80,28,121,1,230,74,0,74,304
02/07/2021,RNO,NV,AWP,WE,Towers with Radar,83,27,20,1,131,0,5,65,0,70,83,32,85,1,201,50,0,50,251
02/08/2021,RNO,NV,AWP,WE,Towers with Radar,89,24,35,3,151,0,5,47,1,53,89,29,82,4,204,32,0,32,236
02/09/2021,RNO,NV,AWP,WE,Towers with Radar,88,28,29,8,153,0,1,31,6,38,88,29,60,14,191,43,4,47,238
02/10/2021,RNO,NV,AWP,WE,Towers with Radar,92,30,38,9,169,0,2,67,16,85,92,32,105,25,254,69,47,116,370
02/11/2021,RNO,NV,AWP,WE,Towers with Radar,97,37,49,7,190,0,1,20,1,22,97,38,69,8,212,8,0,8,220
02/12/2021,RNO,NV,AWP,WE,Towers with Radar,91,57,36,3,187,0,2,50,1,53,91,59,86,4,240,42,0,42,282
02/13/2021,RNO,NV,AWP,WE,Towers with Radar,74,28,23,0,125,0,1,6,1,8,74,29,29,1,133,0,0,0,133
02/14/2021,RNO,NV,AWP,WE,Towers with Radar,62,34,19,0,115,0,0,40,2,42,62,34,59,2,157,104,0,104,261
02/15/2021,RNO,NV,AWP,WE,Towers with Radar,80,60,34,0,174,0,2,4,0,6,80,62,38,0,180,4,0,4,184
02/16/2021,RNO,NV,AWP,WE,Towers with Radar,75,28,24,0,127,0,2,38,3,43,75,30,62,3,170,30,0,30,200
02/17/2021,RNO,NV,AWP,WE,Towers with Radar,72,23,37,10,142,0,2,78,18,98,72,25,115,28,240,12,16,28,268
02/18/2021,RNO,NV,AWP,WE,Towers with Radar,96,32,37,6,171,0,1,31,5,37,96,33,68,11,208,21,0,21,229
02/19/2021,RNO,NV,AWP,WE,Towers with Radar,99,45,39,4,187,0,0,14,12,26,99,45,53,16,213,54,0,54,267
02/20/2021,RNO,NV,AWP,WE,Towers with Radar,77,44,21,4,146,0,1,30,3,34,77,45,51,7,180,30,2,32,212
02/21/2021,RNO,NV,AWP,WE,Towers with Radar,90,32,37,4,163,0,1,106,3,110,90,33,143,7,273,62,0,62,335
02/22/2021,RNO,NV,AWP,WE,Towers with Radar,92,43,32,12,179,0,5,63,1,69,92,48,95,13,248,42,6,48,296
02/23/2021,RNO,NV,AWP,WE,Towers with Radar,83,35,41,5,164,0,2,69,3,74,83,37,110,8,238,18,0,18,256
02/24/2021,RNO,NV,AWP,WE,Towers with Radar,88,44,24,7,163,0,1,22,3,26,88,45,46,10,189,57,0,57,246
02/25/2021,RNO,NV,AWP,WE,Towers with Radar,96,35,40,1,172,0,0,77,15,92,96,35,117,16,264,54,2,56,320
02/26/2021,RNO,NV,AWP,WE,Towers with Radar,96,43,23,6,168,0,1,38,9,48,96,44,61,15,216,0,0,0,216
02/27/2021,RNO,NV,AWP,WE,Towers with Radar,77,25,19,0,121,0,1,34,0,35,77,26,53,0,156,24,0,24,180
02/28/2021,RNO,NV,AWP,WE,Towers with Radar,82,32,28,0,142,0,2,94,3,99,82,34,122,3,241,42,0,42,283
03/01/2021,RNO,NV,AWP,WE,Towers with Radar,94,27,27,2,150,0,3,61,2,66,94,30,88,4,216,110,2,112,328
03/02/2021,RNO,NV,AWP,WE,Towers with Radar,87,25,25,3,140,0,2,81,7,90,87,27,106,10,230,128,0,128,358
03/03/2021,RNO,NV,AWP,WE,Towers with Radar,87,24,31,8,150,0,1,63,10,74,87,25,94,18,224,64,2,66,290
03/04/2021,RNO,NV,AWP,WE,Towers with Radar,103,30,30,5,168,0,4,80,4,88,103,34,110,9,256,50,2,52,308
03/05/2021,RNO,NV,AWP,WE,Towers with Radar,108,30,27,15,180,0,4,65,0,69,108,34,92,15,249,4,0,4,253
03/06/2021,RNO,NV,AWP,WE,Towers with Radar,94,14,17,5,130,0,3,21,8,32,94,17,38,13,162,28,0,28,190
03/07/2021,RNO,NV,AWP,WE,Towers with Radar,99,34,30,13,176,0,4,77,5,86,99,38,107,18,262,12,2,14,276
03/08/2021,RNO,NV,AWP,WE,Towers with Radar,111,31,21,4,167,0,3,12,0,15,111,34,33,4,182,12,2,14,196
03/09/2021,RNO,NV,AWP,WE,Towers with Radar,99,38,38,6,181,0,1,24,3,28,99,39,62,9,209,14,6,20,229
03/10/2021,RNO,NV,AWP,WE,Towers with Radar,100,33,26,6,165,0,0,4,1,5,100,33,30,7,170,48,0,48,218
03/11/2021,RNO,NV,AWP,WE,Towers with Radar,129,44,37,5,215,0,2,29,1,32,129,46,66,6,247,48,0,48,295
03/12/2021,RNO,NV,AWP,WE,Towers with Radar,128,32,40,6,206,0,6,68,3,77,128,38,108,9,283,0,0,0,283
03/13/2021,RNO,NV,AWP,WE,Towers with Radar,96,24,35,5,160,0,2,77,0,79,96,26,112,5,239,12,0,12,251
03/14/2021,RNO,NV,AWP,WE,Towers with Radar,104,34,32,1,171,0,2,46,0,48,104,36,78,1,219,36,0,36,255
03/15/2021,RNO,NV,AWP,WE,Towers with Radar,114,45,37,0,196,0,0,3,1,4,114,45,40,1,200,10,0,10,210
03/16/2021,RNO,NV,AWP,WE,Towers with Radar,122,36,30,4,192,0,4,83,4,91,122,40,113,8,283,2,0,2,285
03/17/2021,RNO,NV,AWP,WE,Towers with Radar,117,32,30,6,185,0,1,82,2,85,117,33,112,8,270,52,0,52,322
03/18/2021,RNO,NV,AWP,WE,Towers with Radar,135,38,38,6,217,0,1,15,1,17,135,39,53,7,234,0,0,0,234
03/19/2021,RNO,NV,AWP,WE,Towers with Radar,126,34,37,0,197,0,0,4,0,4,126,34,41,0,201,28,6,34,235
03/20/2021,RNO,NV,AWP,WE,Towers with Radar,111,32,30,0,173,0,1,27,0,28,111,33,57,0,201,36,0,36,237
03/21/2021,RNO,NV,AWP,WE,Towers with Radar,120,43,33,4,200,0,3,92,0,95,120,46,125,4,295,18,0,18,313
03/22/2021,RNO,NV,AWP,WE,Towers with Radar,121,36,21,12,190,0,0,10,2,12,121,36,31,14,202,54,0,54,256
03/23/2021,RNO,NV,AWP,WE,Towers with Radar,119,23,20,15,177,0,1,21,4,26,119,24,41,19,203,56,10,66,269
03/24/2021,RNO,NV,AWP,WE,Towers with Radar,119,32,39,23,213,0,2,93,4,99,119,34,132,27,312,60,8,68,380
03/25/2021,RNO,NV,AWP,WE,Towers with Radar,129,32,24,9,194,0,2,11,4,17,129,34,35,13,211,7,4,11,222
03/26/2021,RNO,NV,AWP,WE,Towers with Radar,126,38,31,12,207,0,2,85,5,92,126,40,116,17,299,34,0,34,333
03/27/2021,RNO,NV,AWP,WE,Towers with Radar,107,19,12,10,148,0,0,95,7,102,107,19,107,17,250,18,0,18,268
03/28/2021,RNO,NV,AWP,WE,Towers with Radar,113,30,16,3,162,0,3,61,5,69,113,33,77,8,231,26,0,26,257
03/29/2021,RNO,NV,AWP,WE,Towers with Radar,121,27,16,1,165,0,0,25,6,31,121,27,41,7,196,0,0,0,196
03/30/2021,RNO,NV,AWP,WE,Towers with Radar,120,31,26,1,178,0,1,62,5,68,120,32,88,6,246,36,0,36,282
03/31/2021,RNO,NV,AWP,WE,Towers with Radar,120,26,27,3,176,0,4,67,1,72,120,30,94,4,248,58,0,58,306
04/01/2021,RNO,NV,AWP,WE,Towers with Radar,125,35,33,3,196,0,0,62,2,64,125,35,95,5,260,4,0,4,264
04/02/2021,RNO,NV,AWP,WE,Towers with Radar,126,36,19,2,183,0,3,74,4,81,126,39,93,6,264,4,0,4,268
04/03/2021,RNO,NV,AWP,WE,Towers with Radar,102,20,16,2,140,0,2,83,2,87,102,22,99,4,227,10,0,10,237
04/04/2021,RNO,NV,AWP,WE,Towers with Radar,110,26,22,1,159,0,4,45,2,51,110,30,67,3,210,0,0,0,210
04/05/2021,RNO,NV,AWP,WE,Towers with Radar,127,32,22,0,181,0,1,20,0,21,127,33,42,0,202,0,0,0,202
04/06/2021,RNO,NV,AWP,WE,Towers with Radar,117,25,25,2,169,0,6,59,11,76,117,31,84,13,245,12,0,12,257
04/07/2021,RNO,NV,AWP,WE,Towers with Radar,119,25,32,8,184,0,3,67,5,75,119,28,99,13,259,14,16,30,289
04/08/2021,RNO,NV,AWP,WE,Towers with Radar,127,35,38,0,200,0,3,69,12,84,127,38,107,12,284,31,0,31,315
04/09/2021,RNO,NV,AWP,WE,Towers with Radar,121,28,48,1,198,0,3,100,2,105,121,31,148,3,303,12,0,12,315
04/10/2021,RNO,NV,AWP,WE,Towers with Radar,112,22,14,1,149,0,1,65,6,72,112,23,79,7,221,23,0,23,244
04/11/2021,RNO,NV,AWP,WE,Towers with Radar,110,24,28,3,165,0,1,77,0,78,110,25,105,3,243,12,0,12,255
04/12/2021,RNO,NV,AWP,WE,Towers with Radar,113,30,23,0,166,0,4,95,1,100,113,34,118,1,266,20,0,20,286
04/13/2021,RNO,NV,AWP,WE,Towers with Radar,105,32,22,7,166,0,2,32,4,38,105,34,54,11,204,38,23,61,265
04/14/2021,RNO,NV,AWP,WE,Towers with Radar,108,30,47,5,190,0,4,55,6,65,108,34,102,11,255,4,0,4,259
04/15/2021,RNO,NV,AWP,WE,Towers with Radar,123,30,37,3,193,0,4,84,8,96,123,34,121,11,289,14,0,14,303
04/16/2021,RNO,NV,AWP,WE,Towers with Radar,123,54,35,6,218,0,0,80,1,81,123,54,115,7,299,10,0,10,309
04/17/2021,RNO,NV,AWP,WE,Towers with Radar,105,23,15,0,143,0,5,84,1,90,105,28,99,1,233,26,0,26,259
04/18/2021,RNO,NV,AWP,WE,Towers with Radar,107,27,25,0,159,0,4,87,0,91,107,31,112,0,250,10,0,10,260
04/19/2021,RNO,NV,AWP,WE,Towers with Radar,113,31,19,5,168,0,0,66,5,71,113,31,85,10,239,2,0,2,241
04/20/2021,RNO,NV,AWP,WE,Towers with Radar,110,31,37,13,191,0,2,84,6,92,110,33,121,19,283,8,4,12,295
04/21/2021,RNO,NV,AWP,WE,Towers with Radar,109,28,37,0,174,0,0,59,13,72,109,28,96,13,246,2,8,10,256
04/22/2021,RNO,NV,AWP,WE,Towers with Radar,128,30,34,0,192,0,0,76,2,78,128,30,110,2,270,16,0,16,286
04/23/2021,RNO,NV,AWP,WE,Towers with Radar,123,35,26,3,187,0,1,75,3,79,123,36,101,6,266,20,26,46,312
04/24/2021,RNO,NV,AWP,WE,Towers with Radar,102,17,13,1,133,0,0,9,1,10,102,17,22,2,143,0,0,0,143
04/25/2021,RNO,NV,AWP,WE,Towers with Radar,108,33,23,1,165,0,0,10,1,11,108,33,33,2,176,18,0,18,194
04/26/2021,RNO,NV,AWP,WE,Towers with Radar,115,35,26,0,176,0,0,31,0,31,115,35,57,0,207,12,0,12,219
04/27/2021,RNO,NV,AWP,WE,Towers with Radar,103,23,34,1,161,0,1,44,3,48,103,24,78,4,209,40,0,40,249
04/28/2021,RNO,NV,AWP,WE,Towers with Radar,108,18,32,10,168,0,2,107,3,112,108,20,139,13,280,20,2,22,302
04/29/2021,RNO,NV,AWP,WE,Towers with Radar,126,33,29,0,188,0,1,106,4,111,126,34,135,4,299,46,0,46,345
04/30/2021,RNO,NV,AWP,WE,Towers with Radar,121,37,32,7,197,0,4,94,0,98,121,41,126,7,295,8,0,8,303
05/01/2021,RNO,NV,AWP,WE,Towers with Radar,103,29,16,6,154,0,2,57,0,59,103,31,73,6,213,10,0,10,223
05/02/2021,RNO,NV,AWP,WE,Towers with Radar,109,25,33,6,173,0,1,51,0,52,109,26,84,6,225,34,2,36,261
05/03/2021,RNO,NV,AWP,WE,Towers with Radar,115,25,20,1,161,0,0,85,0,85,115,25,105,1,246,2,0,2,248
05/04/2021,RNO,NV,AWP,WE,Towers with Radar,108,19,15,2,144,0,2,68,0,70,108,21,83,2,214,14,0,14,228
05/05/2021,RNO,NV,AWP,WE,Towers with Radar,117,29,30,0,176,0,1,79,0,80,117,30,109,0,256,40,0,40,296
05/06/2021,RNO,NV,AWP,WE,Towers with Radar,143,23,36,2,204,0,3,40,1,44,143,26,76,3,248,8,0,8,256
05/07/2021,RNO,NV,AWP,WE,Towers with Radar,130,32,45,1,208,0,0,81,1,82,130,32,126,2,290,26,0,26,316
05/08/2021,RNO,NV,AWP,WE,Towers with Radar,114,17,19,2,152,0,1,86,1,88,114,18,105,3,240,6,0,6,246
05/09/2021,RNO,NV,AWP,WE,Towers with Radar,120,22,23,2,167,0,0,74,0,74,120,22,97,2,241,2,0,2,243
05/10/2021,RNO,NV,AWP,WE,Towers with Radar,124,29,34,0,187,0,0,63,1,64,124,29,97,1,251,20,0,20,271
05/11/2021,RNO,NV,AWP,WE,Towers with Radar,117,33,24,5,179,0,0,83,5,88,117,33,107,10,267,2,8,10,277
05/12/2021,RNO,NV,AWP,WE,Towers with Radar,129,38,33,0,200,0,3,80,10,93,129,41,113,10,293,48,7,55,348
05/13/2021,RNO,NV,AWP,WE,Towers with Radar,146,37,33,1,217,0,1,82,7,90,146,38,115,8,307,6,4,10,317
05/14/2021,RNO,NV,AWP,WE,Towers with Radar,136,43,38,3,220,0,1,79,3,83,136,44,117,6,303,6,0,6,309
05/15/2021,RNO,NV,AWP,WE,Towers with Radar,113,23,21,0,157,0,2,29,1,32,113,25,50,1,189,34,0,34,223
05/16/2021,RNO,NV,AWP,WE,Towers with Radar,120,33,40,0,193,0,2,44,0,46,120,35,84,0,239,24,0,24,263
05/17/2021,RNO,NV,AWP,WE,Towers with Radar,126,31,27,2,186,0,2,70,1,73,126,33,97,3,259,14,0,14,273
05/18/2021,RNO,NV,AWP,WE,Towers with Radar,122,26,35,1,184,0,2,74,2,78,122,28,109,3,262,38,0,38,300
05/19/2021,RNO,NV,AWP,WE,Towers with Radar,125,23,24,4,176,0,5,27,5,37,125,28,51,9,213,2,6,8,221
05/20/2021,RNO,NV,AWP,WE,Towers with Radar,139,39,24,3,205,0,1,7,1,9,139,40,31,4,214,2,0,2,216
05/21/2021,RNO,NV,AWP,WE,Towers with Radar,136,44,36,0,216,0,0,6,1,7,136,44,42,1,223,0,0,0,223
05/22/2021,RNO,NV,AWP,WE,Towers with Radar,112,24,15,3,154,0,0,2,0,2,112,24,17,3,156,0,0,0,156
05/23/2021,RNO,NV,AWP,WE,Towers with Radar,130,28,22,1,181,0,1,55,0,56,130,29,77,1,237,48,0,48,285
05/24/2021,RNO,NV,AWP,WE,Towers with Radar,127,34,23,0,184,0,3,75,0,78,127,37,98,0,262,4,0,4,266
05/25/2021,RNO,NV,AWP,WE,Towers with Radar,124,42,34,0,200,0,9,55,2,66,124,51,89,2,266,0,2,2,268
05/26/2021,RNO,NV,AWP,WE,Towers with Radar,126,38,51,2,217,0,5,84,6,95,126,43,135,8,312,36,0,36,348
05/27/2021,RNO,NV,AWP,WE,Towers with Radar,138,38,33,3,212,0,2,86,2,90,138,40,119,5,302,20,0,20,322
05/28/2021,RNO,NV,AWP,WE,Towers with Radar,144,39,36,1,220,0,2,88,0,90,144,41,124,1,310,38,0,38,348
05/29/2021,RNO,NV,AWP,WE,Towers with Radar,116,30,24,1,171,0,2,64,1,67,116,32,88,2,238,28,0,28,266
05/30/2021,RNO,NV,AWP,WE,Towers with Radar,124,42,14,0,180,0,6,65,2,73,124,48,79,2,253,34,0,34,287
05/31/2021,RNO,NV,AWP,WE,Towers with Radar,121,36,37,1,195,0,3,76,0,79,121,39,113,1,274,34,0,34,308
06/01/2021,RNO,NV,AWP,WE,Towers with Radar,124,28,27,6,185,0,2,72,6,80,124,30,99,12,265,12,0,12,277
06/02/2021,RNO,NV,AWP,WE,Towers with Radar,133,28,22,2,185,0,1,56,1,58,133,29,78,3,243,20,0,20,263
06/03/2021,RNO,NV,AWP,WE,Towers with Radar,156,43,35,2,236,0,4,59,2,65,156,47,94,4,301,8,0,8,309
06/04/2021,RNO,NV,AWP,WE,Towers with Radar,151,39,36,3,229,0,5,74,0,79,151,44,110,3,308,22,0,22,330
06/05/2021,RNO,NV,AWP,WE,Towers with Radar,125,42,18,0,185,0,5,65,1,71,125,47,83,1,256,24,0,24,280
06/06/2021,RNO,NV,AWP,WE,Towers with Radar,135,43,23,7,208,0,2,61,0,63,135,45,84,7,271,36,0,36,307
06/07/2021,RNO,NV,AWP,WE,Towers with Radar,150,35,29,2,216,0,6,54,1,61,150,41,83,3,277,22,0,22,299
06/08/2021,RNO,NV,AWP,WE,Towers with Radar,147,36,29,3,215,0,3,29,3,35,147,39,58,6,250,22,2,24,274
06/09/2021,RNO,NV,AWP,WE,Towers with Radar,154,42,38,0,234,0,0,54,1,55,154,42,92,1,289,4,0,4,293
06/10/2021,RNO,NV,AWP,WE,Towers with Radar,158,39,29,3,229,0,3,95,8,106,158,42,124,11,335,70,10,80,415
06/11/2021,RNO,NV,AWP,WE,Towers with Radar,165,38,47,0,250,0,2,76,0,78,165,40,123,0,328,49,0,49,377
06/12/2021,RNO,NV,AWP,WE,Towers with Radar,133,35,28,2,198,0,4,73,1,78,133,39,101,3,276,10,0,10,286
06/13/2021,RNO,NV,AWP,WE,Towers with Radar,134,30,26,2,192,0,2,73,1,76,134,32,99,3,268,24,0,24,292
06/14/2021,RNO,NV,AWP,WE,Towers with Radar,151,46,27,0,224,0,5,45,1,51,151,51,72,1,275,24,0,24,299
06/15/2021,RNO,NV,AWP,WE,Towers with Radar,154,34,27,0,215,0,0,41,3,44,154,34,68,3,259,8,10,18,277
06/16/2021,RNO,NV,AWP,WE,Towers with Radar,152,31,43,0,226,0,1,72,5,78,152,32,115,5,304,25,0,25,329
06/17/2021,RNO,NV,AWP,WE,Towers with Radar,171,43,34,3,251,0,0,75,1,76,171,43,109,4,327,16,0,16,343
06/18/2021,RNO,NV,AWP,WE,Towers with Radar,158,38,34,2,232,0,3,73,2,78,158,41,107,4,310,0,0,0,310
06/19/2021,RNO,NV,AWP,WE,Towers with Radar,134,47,38,2,221,0,4,61,1,66,134,51,99,3,287,2,0,2,289
06/20/2021,RNO,NV,AWP,WE,Towers with Radar,140,43,38,1,222,0,4,62,2,68,140,47,100,3,290,22,0,22,312
06/21/2021,RNO,NV,AWP,WE,Towers with Radar,150,44,26,0,220,0,3,66,2,71,150,47,92,2,291,28,0,28,319
06/22/2021,RNO,NV,AWP,WE,Towers with Radar,163,50,30,4,247,0,3,68,4,75,163,53,98,8,322,18,0,18,340
06/23/2021,RNO,NV,AWP,WE,Towers with Radar,155,49,45,0,249,0,7,62,2,71,155,56,107,2,320,20,0,20,340
06/24/2021,RNO,NV,AWP,WE,Towers with Radar,161,47,43,0,251,0,3,82,3,88,161,50,125,3,339,28,0,28,367
06/25/2021,RNO,NV,AWP,WE,Towers with Radar,161,50,37,7,255,0,5,77,1,83,161,55,114,8,338,30,0,30,368
06/26/2021,RNO,NV,AWP,WE,Towers with Radar,132,31,17,1,181,0,4,75,4,83,132,35,92,5,264,2,0,2,266
06/27/2021,RNO,NV,AWP,WE,Towers with Radar,137,39,28,3,207,0,5,67,1,73,137,44,95,4,280,18,0,18,298
06/28/2021,RNO,NV,AWP,WE,Towers with Radar,146,35,25,2,208,0,6,64,1,71,146,41,89,3,279,8,0,8,287
06/29/2021,RNO,NV,AWP,WE,Towers with Radar,164,36,28,3,231,0,3,56,1,60,164,39,84,4,291,0,0,0,291
06/30/2021,RNO,NV,AWP,WE,Towers with Radar,162,24,31,2,219,0,1,53,7,61,162,25,84,9,280,8,0,8,288
07/01/2021,RNO,NV,AWP,WE,Towers with Radar,160,51,47,2,260,0,2,59,0,61,160,53,106,2,321,18,0,18,339
07/02/2021,RNO,NV,AWP,WE,Towers with Radar,164,47,44,0,255,0,4,80,0,84,164,51,124,0,339,18,0,18,357
07/03/2021,RNO,NV,AWP,WE,Towers with Radar,133,36,24,0,193,0,2,51,2,55,133,38,75,2,248,26,0,26,274
07/04/2021,RNO,NV,AWP,WE,Towers with Radar,132,36,14,1,183,0,4,51,0,55,132,40,65,1,238,14,0,14,252
07/05/2021,RNO,NV,AWP,WE,Towers with Radar,143,39,30,3,215,0,2,57,0,59,143,41,87,3,274,10,0,10,284
07/06/2021,RNO,NV,AWP,WE,Towers with Radar,152,47,39,3,241,0,0,61,1,62,152,47,100,4,303,22,4,26,329
07/07/2021,RNO,NV,AWP,WE,Towers with Radar,161,37,41,3,242,0,0,75,3,78,161,37,116,6,320,33,0,33,353
07/08/2021,RNO,NV,AWP,WE,Towers with Radar,170,50,28,4,252,0,3,70,4,77,170,53,98,8,329,30,0,30,359
07/09/2021,RNO,NV,AWP,WE,Towers with Radar,161,44,24,6,235,0,1,71,2,74,161,45,95,8,309,2,0,2,311
07/10/2021,RNO,NV,AWP,WE,Towers with Radar,138,44,18,7,207,0,1,59,2,62,138,45,77,9,269,0,0,0,269
07/11/2021,RNO,NV,AWP,WE,Towers with Radar,135,40,31,4,210,0,2,72,1,75,135,42,103,5,285,18,0,18,303
07/12/2021,RNO,NV,AWP,WE,Towers with Radar,151,52,42,5,250,0,4,45,3,52,151,56,87,8,302,12,0,12,314
07/13/2021,RNO,NV,AWP,WE,Towers with Radar,165,35,60,9,269,0,1,63,5,69,165,36,123,14,338,14,0,14,352
07/14/2021,RNO,NV,AWP,WE,Towers with Radar,156,51,27,2,236,0,0,69,9,78,156,51,96,11,314,42,0,42,356
07/15/2021,RNO,NV,AWP,WE,Towers with Radar,170,51,37,7,265,0,7,67,2,76,170,58,104,9,341,20,2,22,363
07/16/2021,RNO,NV,AWP,WE,Towers with Radar,160,43,36,4,243,0,0,63,3,66,160,43,99,7,309,22,0,22,331
07/17/2021,RNO,NV,AWP,WE,Towers with Radar,134,42,31,1,208,0,4,61,1,66,134,46,92,2,274,0,0,0,274
07/18/2021,RNO,NV,AWP,WE,Towers with Radar,147,56,47,0,250,0,2,52,0,54,147,58,99,0,304,8,0,8,312
07/19/2021,RNO,NV,AWP,WE,Towers with Radar,153,36,31,2,222,0,0,36,0,36,153,36,67,2,258,4,0,4,262
07/20/2021,RNO,NV,AWP,WE,Towers with Radar,160,45,42,3,250,0,0,57,7,64,160,45,99,10,314,34,10,44,358
07/21/2021,RNO,NV,AWP,WE,Towers with Radar,164,38,49,1,252,0,8,66,2,76,164,46,115,3,328,26,0,26,354
07/22/2021,RNO,NV,AWP,WE,Towers with Radar,167,60,47,4,278,0,7,60,2,69,167,67,107,6,347,16,0,16,363
07/23/2021,RNO,NV,AWP,WE,Towers with Radar,163,55,44,2,264,0,6,69,0,75,163,61,113,2,339,18,0,18,357
07/24/2021,RNO,NV,AWP,WE,Towers with Radar,137,58,30,4,229,0,1,7,0,8,137,59,37,4,237,4,0,4,241
07/25/2021,RNO,NV,AWP,WE,Towers with Radar,133,62,52,3,250,0,1,0,0,1,133,63,52,3,251,0,0,0,251
07/26/2021,RNO,NV,AWP,WE,Towers with Radar,141,59,42,0,242,0,1,0,0,1,141,60,42,0,243,0,0,0,243
07/27/2021,RNO,NV,AWP,WE,Towers with Radar,152,49,31,4,236,0,1,30,0,31,152,50,61,4,267,52,0,52,319
07/28/2021,RNO,NV,AWP,WE,Towers with Radar,163,41,39,4,247,0,2,47,7,56,163,43,86,11,303,14,14,28,331
07/29/2021,RNO,NV,AWP,WE,Towers with Radar,164,50,40,2,256,0,3,29,1,33,164,53,69,3,289,48,0,48,337
07/30/2021,RNO,NV,AWP,WE,Towers with Radar,157,53,41,5,256,0,2,68,1,71,157,55,109,6,327,18,0,18,345
07/31/2021,RNO,NV,AWP,WE,Towers with Radar,143,44,32,3,222,0,2,45,0,47,143,46,77,3,269,22,0,22,291
08/01/2021,RNO,NV,AWP,WE,Towers with Radar,131,54,46,0,231,0,2,52,2,56,131,56,98,2,287,12,0,12,299
08/02/2021,RNO,NV,AWP,WE,Towers with Radar,154,57,41,1,253,0,4,59,0,63,154,61,100,1,316,36,0,36,352
08/03/2021,RNO,NV,AWP,WE,Towers with Radar,157,54,39,2,252,0,1,81,2,84,157,55,120,4,336,18,0,18,354
08/04/2021,RNO,NV,AWP,WE,Towers with Radar,158,36,45,0,239,0,1,70,3,74,158,37,115,3,313,44,0,44,357
08/05/2021,RNO,NV,AWP,WE,Towers with Radar,166,56,41,0,263,0,3,47,4,54,166,59,88,4,317,2,2,4,321
08/06/2021,RNO,NV,AWP,WE,Towers with Radar,150,61,64,5,280,0,0,1,0,1,150,61,65,5,281,0,0,0,281
08/07/2021,RNO,NV,AWP,WE,Towers with Radar,143,61,24,0,228,0,2,3,0,5,143,63,27,0,233,0,0,0,233
08/08/2021,RNO,NV,AWP,WE,Towers with Radar,129,60,68,1,258,0,0,6,1,7,129,60,74,2,265,0,0,0,265
08/09/2021,RNO,NV,AWP,WE,Towers with Radar,161,50,48,0,259,0,1,27,1,29,161,51,75,1,288,16,0,16,304
08/10/2021,RNO,NV,AWP,WE,Towers with Radar,153,38,43,2,236,0,0,17,3,20,153,38,60,5,256,8,0,8,264
08/11/2021,RNO,NV,AWP,WE,Towers with Radar,153,33,45,1,232,0,0,25,5,30,153,33,70,6,262,12,0,12,274
08/12/2021,RNO,NV,AWP,WE,Towers with Radar,165,31,40,4,240,0,0,10,2,12,165,31,50,6,252,21,0,21,273
08/13/2021,RNO,NV,AWP,WE,Towers with Radar,168,58,35,5,266,0,0,55,2,57,168,58,90,7,323,0,0,0,323
08/14/2021,RNO,NV,AWP,WE,Towers with Radar,135,42,37,1,215,0,0,23,2,25,135,42,60,3,240,0,0,0,240
08/15/2021,RNO,NV,AWP,WE,Towers with Radar,138,46,50,3,237,0,0,13,1,14,138,46,63,4,251,4,0,4,255
08/16/2021,RNO,NV,AWP,WE,Towers with Radar,159,49,47,3,258,0,0,10,2,12,159,49,57,5,270,4,0,4,274
08/17/2021,RNO,NV,AWP,WE,Towers with Radar,149,45,56,1,251,0,0,2,0,2,149,45,58,1,253,4,0,4,257
08/18/2021,RNO,NV,AWP,WE,Towers with Radar,147,45,45,8,245,0,1,40,6,47,147,46,85,14,292,32,8,40,332
08/19/2021,RNO,NV,AWP,WE,Towers with Radar,162,40,55,2,259,0,8,83,3,94,162,48,138,5,353,8,0,8,361
08/20/2021,RNO,NV,AWP,WE,Towers with Radar,142,56,37,2,237,0,1,65,0,66,142,57,102,2,303,0,0,0,303
08/21/2021,RNO,NV,AWP,WE,Towers with Radar,120,40,37,1,198,0,0,0,0,0,120,40,37,1,198,40,0,40,238
08/22/2021,RNO,NV,AWP,WE,Towers with Radar,120,57,55,0,232,0,0,2,2,4,120,57,57,2,236,0,0,0,236
08/23/2021,RNO,NV,AWP,WE,Towers with Radar,108,30,35,4,177,0,0,0,0,0,108,30,35,4,177,0,0,0,177
08/24/2021,RNO,NV,AWP,WE,Towers with Radar,98,17,39,1,155,0,0,4,0,4,98,17,43,1,159,16,0,16,175
08/25/2021,RNO,NV,AWP,WE,Towers with Radar,138,32,45,1,216,0,0,2,1,3,138,32,47,2,219,14,0,14,233
08/26/2021,RNO,NV,AWP,WE,Towers with Radar,152,45,48,4,249,0,0,13,1,14,152,45,61,5,263,0,0,0,263
08/27/2021,RNO,NV,AWP,WE,Towers with Radar,153,51,35,0,239,0,1,25,0,26,153,52,60,0,265,4,0,4,269
08/28/2021,RNO,NV,AWP,WE,Towers with Radar,124,29,25,0,178,0,0,62,2,64,124,29,87,2,242,15,0,15,257
08/29/2021,RNO,NV,AWP,WE,Towers with Radar,131,41,36,1,209,0,0,26,1,27,131,41,62,2,236,24,0,24,260
08/30/2021,RNO,NV,AWP,WE,Towers with Radar,144,37,33,1,215,0,1,46,0,47,144,38,79,1,262,8,0,8,270
08/31/2021,RNO,NV,AWP,WE,Towers with Radar,149,31,52,1,233,0,2,26,4,32,149,33,78,5,265,58,0,58,323
09/01/2021,RNO,NV,AWP,WE,Towers with Radar,155,34,47,3,239,0,2,25,0,27,155,36,72,3,266,34,0,34,300
09/02/2021,RNO,NV,AWP,WE,Towers with Radar,151,44,40,3,238,0,1,48,3,52,151,45,88,6,290,10,0,10,300
09/03/2021,RNO,NV,AWP,WE,Towers with Radar,157,45,36,0,238,0,1,55,1,57,157,46,91,1,295,38,0,38,333
09/04/2021,RNO,NV,AWP,WE,Towers with Radar,122,40,21,2,185,0,0,52,2,54,122,40,73,4,239,8,0,8,247
09/05/2021,RNO,NV,AWP,WE,Towers with Radar,122,28,19,0,169,0,1,64,0,65,122,29,83,0,234,11,0,11,245
09/06/2021,RNO,NV,AWP,WE,Towers with Radar,141,33,29,0,203,0,0,61,2,63,141,33,90,2,266,32,0,32,298
09/07/2021,RNO,NV,AWP,WE,Towers with Radar,134,32,24,0,190,0,0,55,3,58,134,32,79,3,248,14,0,14,262
09/08/2021,RNO,NV,AWP,WE,Towers with Radar,134,31,33,2,200,0,1,49,1,51,134,32,82,3,251,18,0,18,269
09/09/2021,RNO,NV,AWP,WE,Towers with Radar,163,46,33,5,247,0,0,64,2,66,163,46,97,7,313,0,0,0,313
09/10/2021,RNO,NV,AWP,WE,Towers with Radar,151,45,34,5,235,0,1,30,4,35,151,46,64,9,270,8,6,14,284
09/11/2021,RNO,NV,AWP,WE,Towers with Radar,116,36,34,4,190,0,0,101,2,103,116,36,135,6,293,7,0,7,300
09/12/2021,RNO,NV,AWP,WE,Towers with Radar,136,36,27,5,204,0,0,84,0,84,136,36,111,5,288,42,2,44,332
09/13/2021,RNO,NV,AWP,WE,Towers with Radar,139,30,29,1,199,0,2,59,2,63,139,32,88,3,262,2,6,8,270
09/14/2021,RNO,NV,AWP,WE,Towers with Radar,138,32,36,3,209,0,0,72,8,80,138,32,108,11,289,22,6,28,317
09/15/2021,RNO,NV,AWP,WE,Towers with Radar,136,25,53,3,217,0,6,69,3,78,136,31,122,6,295,10,0,10,305
09/16/2021,RNO,NV,AWP,WE,Towers with Radar,150,43,72,9,274,0,1,110,6,117,150,44,182,15,391,28,2,30,421
09/17/2021,RNO,NV,AWP,WE,Towers with Radar,148,44,65,4,261,0,3,119,13,135,148,47,184,17,396,30,0,30,426
09/18/2021,RNO,NV,AWP,WE,Towers with Radar,119,32,38,1,190,0,1,54,5,60,119,33,92,6,250,26,0,26,276
09/19/2021,RNO,NV,AWP,WE,Towers with Radar,131,45,42,2,220,0,1,66,4,71,131,46,108,6,291,10,0,10,301
09/20/2021,RNO,NV,AWP,WE,Towers with Radar,140,40,59,9,248,0,3,120,2,125,140,43,179,11,373,38,0,38,411
09/21/2021,RNO,NV,AWP,WE,Towers with Radar,135,30,29,9,203,0,5,65,2,72,135,35,94,11,275,18,8,26,301
09/22/2021,RNO,NV,AWP,WE,Towers with Radar,134,28,34,2,198,0,1,67,2,70,134,29,101,4,268,12,2,14,282
09/23/2021,RNO,NV,AWP,WE,Towers with Radar,153,37,35,6,231,0,3,73,1,77,153,40,108,7,308,2,6,8,316
09/24/2021,RNO,NV,AWP,WE,Towers with Radar,147,33,25,2,207,0,6,69,2,77,147,39,94,4,284,30,0,30,314
09/25/2021,RNO,NV,AWP,WE,Towers with Radar,115,34,21,2,172,0,2,81,0,83,115,36,102,2,255,32,0,32,287
09/26/2021,RNO,NV,AWP,WE,Towers with Radar,131,39,39,2,211,0,4,49,0,53,131,43,88,2,264,52,0,52,316
09/27/2021,RNO,NV,AWP,WE,Towers with Radar,144,31,29,0,204,0,1,41,1,43,144,32,70,1,247,26,0,26,273
09/28/2021,RNO,NV,AWP,WE,Towers with Radar,133,32,23,0,188,0,2,35,0,37,133,34,58,0,225,0,0,0,225
09/29/2021,RNO,NV,AWP,WE,Towers with Radar,136,30,39,2,207,0,4,91,0,95,136,34,130,2,302,28,0,28,330
09/30/2021,RNO,NV,AWP,WE,Towers with Radar,149,45,31,0,225,0,5,69,1,75,149,50,100,1,300,42,0,42,342
10/01/2021,RNO,NV,AWP,WE,Towers with Radar,149,34,31,3,217,0,5,83,0,88,149,39,114,3,305,45,0,45,350
10/02/2021,RNO,NV,AWP,WE,Towers with Radar,115,42,25,0,182,0,2,71,0,73,115,44,96,0,255,14,0,14,269
10/03/2021,RNO,NV,AWP,WE,Towers with Radar,128,31,30,2,191,0,2,58,0,60,128,33,88,2,251,6,0,6,257
10/04/2021,RNO,NV,AWP,WE,Towers with Radar,144,33,30,2,209,0,1,37,0,38,144,34,67,2,247,26,0,26,273
10/05/2021,RNO,NV,AWP,WE,Towers with Radar,141,19,27,0,187,0,3,37,5,45,141,22,64,5,232,20,2,22,254
10/06/2021,RNO,NV,AWP,WE,Towers with Radar,146,21,32,0,199,0,4,20,5,29,146,25,52,5,228,16,8,24,252
10/07/2021,RNO,NV,AWP,WE,Towers with Radar,151,33,54,0,238,0,4,53,4,61,151,37,107,4,299,43,4,47,346
10/08/2021,RNO,NV,AWP,WE,Towers with Radar,148,31,27,0,206,0,4,12,0,16,148,35,39,0,222,26,0,26,248
10/09/2021,RNO,NV,AWP,WE,Towers with Radar,105,37,19,1,162,0,1,106,0,107,105,38,125,1,269,18,0,18,287
10/10/2021,RNO,NV,AWP,WE,Towers with Radar,117,28,29,2,176,0,1,108,0,109,117,29,137,2,285,8,0,8,293
10/11/2021,RNO,NV,AWP,WE,Towers with Radar,139,34,32,0,205,0,0,1,0,1,139,34,33,0,206,0,0,0,206
10/12/2021,RNO,NV,AWP,WE,Towers with Radar,134,22,19,4,179,0,0,76,3,79,134,22,95,7,258,68,0,68,326
10/13/2021,RNO,NV,AWP,WE,Towers with Radar,128,31,38,3,200,0,2,58,3,63,128,33,96,6,263,44,0,44,307
10/14/2021,RNO,NV,AWP,WE,Towers with Radar,159,37,47,5,248,0,10,96,6,112,159,47,143,11,360,63,0,63,423
10/15/2021,RNO,NV,AWP,WE,Towers with Radar,148,36,37,2,223,0,1,123,1,125,148,37,160,3,348,2,0,2,350
10/16/2021,RNO,NV,AWP,WE,Towers with Radar,117,26,35,2,180,0,3,111,0,114,117,29,146,2,294,12,0,12,306
10/17/2021,RNO,NV,AWP,WE,Towers with Radar,141,31,31,4,207,0,3,41,2,46,141,34,72,6,253,14,0,14,267
10/18/2021,RNO,NV,AWP,WE,Towers with Radar,146,26,31,0,203,0,0,13,4,17,146,26,44,4,220,0,0,0,220
10/19/2021,RNO,NV,AWP,WE,Towers with Radar,134,39,36,0,209,0,2,90,8,100,134,41,126,8,309,8,0,8,317
10/20/2021,RNO,NV,AWP,WE,Towers with Radar,138,29,23,0,190,0,0,15,2,17,138,29,38,2,207,8,0,8,215
10/21/2021,RNO,NV,AWP,WE,Towers with Radar,131,34,52,20,237,0,3,23,14,40,131,37,75,34,277,18,0,18,295
10/22/2021,RNO,NV,AWP,WE,Towers with Radar,136,32,24,1,193,0,0,3,3,6,136,32,27,4,199,0,0,0,199
10/23/2021,RNO,NV,AWP,WE,Towers with Radar,116,36,26,2,180,0,0,34,0,34,116,36,60,2,214,12,0,12,226
10/24/2021,RNO,NV,AWP,WE,Towers with Radar,128,21,18,2,169,0,2,0,0,2,128,23,18,2,171,0,0,0,171
10/25/2021,RNO,NV,AWP,WE,Towers with Radar,144,36,31,3,214,0,1,1,2,4,144,37,32,5,218,24,0,24,242
10/26/2021,RNO,NV,AWP,WE,Towers with Radar,134,24,33,2,193,0,0,57,8,65,134,24,90,10,258,64,4,68,326
10/27/2021,RNO,NV,AWP,WE,Towers with Radar,135,27,30,2,194,0,1,68,2,71,135,28,98,4,265,27,0,27,292
10/28/2021,RNO,NV,AWP,WE,Towers with Radar,151,26,37,1,215,0,1,82,2,85,151,27,119,3,300,40,16,56,356
10/29/2021,RNO,NV,AWP,WE,Towers with Radar,147,25,39,1,212,0,3,83,3,89,147,28,122,4,301,22,0,22,323
10/30/2021,RNO,NV,AWP,WE,Towers with Radar,107,20,21,2,150,0,3,71,4,78,107,23,92,6,228,12,0,12,240
10/31/2021,RNO,NV,AWP,WE,Towers with Radar,112,32,18,0,162,0,2,56,1,59,112,34,74,1,221,54,0,54,275
11/01/2021,RNO,NV,AWP,WE,Towers with Radar,118,34,44,11,207,0,1,40,2,43,118,35,84,13,250,14,10,24,274
11/02/2021,RNO,NV,AWP,WE,Towers with Radar,121,30,39,0,190,0,0,68,9,77,121,30,107,9,267,42,8,50,317
11/03/2021,RNO,NV,AWP,WE,Towers with Radar,119,32,27,0,178,0,2,77,5,84,119,34,104,5,262,31,2,33,295
11/04/2021,RNO,NV,AWP,WE,Towers with Radar,134,44,42,0,220,0,4,13,1,18,134,48,55,1,238,0,0,0,238
11/05/2021,RNO,NV,AWP,WE,Towers with Radar,131,48,29,9,217,0,3,61,0,64,131,51,90,9,281,40,2,42,323
11/06/2021,RNO,NV,AWP,WE,Towers with Radar,98,34,13,1,146,0,3,5,2,10,98,37,18,3,156,50,0,50,206
11/07/2021,RNO,NV,AWP,WE,Towers with Radar,109,48,27,4,188,0,2,79,3,84,109,50,106,7,272,113,4,117,389
11/08/2021,RNO,NV,AWP,WE,Towers with Radar,120,37,41,1,199,0,0,55,1,56,120,37,96,2,255,12,4,16,271
11/09/2021,RNO,NV,AWP,WE,Towers with Radar,118,42,33,16,209,1,0,6,2,9,119,42,39,18,218,2,12,14,232
11/10/2021,RNO,NV,AWP,WE,Towers with Radar,114,31,41,9,195,0,5,52,7,64,114,36,93,16,259,36,9,45,304
11/11/2021,RNO,NV,AWP,WE,Towers with Radar,127,50,37,0,214,0,3,66,3,72,127,53,103,3,286,34,0,34,320
11/12/2021,RNO,NV,AWP,WE,Towers with Radar,123,37,46,4,210,0,2,83,2,87,123,39,129,6,297,15,0,15,312
11/13/2021,RNO,NV,AWP,WE,Towers with Radar,96,28,26,3,153,0,2,83,2,87,96,30,109,5,240,32,0,32,272
11/14/2021,RNO,NV,AWP,WE,Towers with Radar,113,47,22,0,182,0,4,90,0,94,113,51,112,0,276,48,0,48,324
11/15/2021,RNO,NV,AWP,WE,Towers with Radar,115,48,36,1,200,0,1,29,1,31,115,49,65,2,231,30,0,30,261
11/16/2021,RNO,NV,AWP,WE,Towers with Radar,110,38,29,5,182,0,3,72,6,81,110,41,101,11,263,58,12,70,333
11/17/2021,RNO,NV,AWP,WE,Towers with Radar,114,26,27,1,168,0,3,65,5,73,114,29,92,6,241,22,0,22,263
11/18/2021,RNO,NV,AWP,WE,Towers with Radar,129,48,35,1,213,0,2,58,3,63,129,50,93,4,276,44,0,44,320
11/19/2021,RNO,NV,AWP,WE,Towers with Radar,118,47,42,0,207,0,0,28,0,28,118,47,70,0,235,36,0,36,271
11/20/2021,RNO,NV,AWP,WE,Towers with Radar,106,35,19,0,160,0,2,93,0,95,106,37,112,0,255,59,0,59,314
11/21/2021,RNO,NV,AWP,WE,Towers with Radar,106,45,30,3,184,0,1,97,1,99,106,46,127,4,283,58,0,58,341
11/22/2021,RNO,NV,AWP,WE,Towers with Radar,108,52,40,0,200,0,3,73,0,76,108,55,113,0,276,16,0,16,292
11/23/2021,RNO,NV,AWP,WE,Towers with Radar,134,44,31,3,212,0,1,33,4,38,134,45,64,7,250,18,0,18,268
11/24/2021,RNO,NV,AWP,WE,Towers with Radar,136,55,33,0,224,0,2,76,0,78,136,57,109,0,302,20,0,20,322
11/25/2021,RNO,NV,AWP,WE,Towers with Radar,76,20,7,0,103,0,3,26,0,29,76,23,33,0,132,2,0,2,134
11/26/2021,RNO,NV,AWP,WE,Towers with Radar,99,38,23,4,164,0,3,86,0,89,99,41,109,4,253,40,0,40,293
11/27/2021,RNO,NV,AWP,WE,Towers with Radar,106,37,26,0,169,0,1,76,0,77,106,38,102,0,246,24,0,24,270
11/28/2021,RNO,NV,AWP,WE,Towers with Radar,125,40,33,2,200,0,1,79,0,80,125,41,112,2,280,26,0,26,306
11/29/2021,RNO,NV,AWP,WE,Towers with Radar,127,41,32,3,203,0,2,69,1,72,127,43,101,4,275,28,0,28,303
11/30/2021,RNO,NV,AWP,WE,Towers with Radar,119,41,26,1,187,0,0,82,1,83,119,41,108,2,270,10,0,10,280
12/01/2021,RNO,NV,AWP,WE,Towers with Radar,111,32,34,0,177,0,3,62,4,69,111,35,96,4,246,30,0,30,276
12/02/2021,RNO,NV,AWP,WE,Towers with Radar,109,44,38,1,192,0,7,76,3,86,109,51,114,4,278,12,0,12,290
12/03/2021,RNO,NV,AWP,WE,Towers with Radar,110,42,39,8,199,0,2,85,2,89,110,44,124,10,288,40,4,44,332
12/04/2021,RNO,NV,AWP,WE,Towers with Radar,85,30,25,3,143,1,3,71,3,78,86,33,96,6,221,42,0,42,263
12/05/2021,RNO,NV,AWP,WE,Towers with Radar,96,37,30,2,165,0,2,81,0,83,96,39,111,2,248,56,0,56,304
12/06/2021,RNO,NV,AWP,WE,Towers with Radar,99,43,22,6,170,0,1,44,3,48,99,44,66,9,218,63,0,63,281
12/07/2021,RNO,NV,AWP,WE,Towers with Radar,104,38,33,15,190,0,0,35,3,38,104,38,68,18,228,72,16,88,316
12/08/2021,RNO,NV,AWP,WE,Towers with Radar,107,52,41,1,201,0,1,18,1,20,107,53,59,2,221,20,0,20,241
12/09/2021,RNO,NV,AWP,WE,Towers with Radar,110,47,47,3,207,0,3,6,2,11,110,50,53,5,218,0,2,2,220
12/10/2021,RNO,NV,AWP,WE,Towers with Radar,108,51,45,1,205,0,6,85,1,92,108,57,130,2,297,20,0,20,317
12/11/2021,RNO,NV,AWP,WE,Towers with Radar,86,38,22,0,146,0,2,47,0,49,86,40,69,0,195,44,0,44,239
12/12/2021,RNO,NV,AWP,WE,Towers with Radar,98,42,38,0,178,0,0,1,0,1,98,42,39,0,179,0,0,0,179
12/13/2021,RNO,NV,AWP,WE,Towers with Radar,95,39,30,0,164,0,0,1,0,1,95,39,31,0,165,0,0,0,165
12/14/2021,RNO,NV,AWP,WE,Towers with Radar,103,39,31,7,180,0,0,2,2,4,103,39,33,9,184,6,0,6,190
12/15/2021,RNO,NV,AWP,WE,Towers with Radar,109,39,31,0,179,0,1,9,1,11,109,40,40,1,190,24,0,24,214
12/16/2021,RNO,NV,AWP,WE,Towers with Radar,124,57,40,0,221,0,1,13,4,18,124,58,53,4,239,56,21,77,316
12/17/2021,RNO,NV,AWP,WE,Towers with Radar,130,70,41,5,246,0,3,74,7,84,130,73,115,12,330,4,4,8,338
12/18/2021,RNO,NV,AWP,WE,Towers with Radar,113,47,47,4,211,0,2,85,0,87,113,49,132,4,298,8,0,8,306
12/19/2021,RNO,NV,AWP,WE,Towers with Radar,111,55,36,1,203,1,2,54,0,57,112,57,90,1,260,38,0,38,298
12/20/2021,RNO,NV,AWP,WE,Towers with Radar,126,44,34,0,204,0,3,38,0,41,126,47,72,0,245,6,0,6,251
12/21/2021,RNO,NV,AWP,WE,Towers with Radar,133,44,35,0,212,0,1,41,2,44,133,45,76,2,256,30,0,30,286
12/22/2021,RNO,NV,AWP,WE,Towers with Radar,132,52,23,0,207,0,2,10,0,12,132,54,33,0,219,2,0,2,221
12/23/2021,RNO,NV,AWP,WE,Towers with Radar,136,44,40,0,220,0,0,0,0,0,136,44,40,0,220,0,0,0,220
12/24/2021,RNO,NV,AWP,WE,Towers with Radar,112,41,15,0,168,0,2,0,0,2,112,43,15,0,170,0,0,0,170
12/25/2021,RNO,NV,AWP,WE,Towers with Radar,80,25,8,0,113,0,0,0,0,0,80,25,8,0,113,0,0,0,113
12/26/2021,RNO,NV,AWP,WE,Towers with Radar,63,41,40,0,144,0,0,0,0,0,63,41,40,0,144,0,0,0,144
12/27/2021,RNO,NV,AWP,WE,Towers with Radar,119,53,59,0,231,0,0,1,0,1,119,53,60,0,232,0,0,0,232
12/28/2021,RNO,NV,AWP,WE,Towers with Radar,138,58,114,4,314,0,0,7,0,7,138,58,121,4,321,44,0,44,365
12/29/2021,RNO,NV,AWP,WE,Towers with Radar,127,48,41,2,218,0,0,0,0,0,127,48,41,2,218,0,0,0,218
12/30/2021,RNO,NV,AWP,WE,Towers with Radar,121,62,59,0,242,0,2,24,0,26,121,64,83,0,268,40,0,40,308
12/31/2021,RNO,NV,AWP,WE,Towers with Radar,111,52,30,0,193,0,1,52,0,53,111,53,82,0,246,22,0,22,268
01/01/2022,RNO,NV,AWP,WE,Towers with Radar,84,41,39,0,164,0,1,36,0,37,84,42,75,0,201,11,0,11,212
01/02/2022,RNO,NV,AWP,WE,Towers with Radar,102,49,62,2,215,0,0,82,0,82,102,49,144,2,297,84,0,84,381
01/03/2022,RNO,NV,AWP,WE,Towers with Radar,116,53,32,0,201,0,1,4,0,5,116,54,36,0,206,0,0,0,206
01/04/2022,RNO,NV,AWP,WE,Towers with Radar,105,53,28,0,186,0,0,8,0,8,105,53,36,0,194,14,0,14,208
01/05/2022,RNO,NV,AWP,WE,Towers with Radar,113,35,18,2,168,0,2,48,2,52,113,37,66,4,220,33,0,33,253
01/06/2022,RNO,NV,AWP,WE,Towers with Radar,107,56,26,9,198,0,2,74,3,79,107,58,100,12,277,28,2,30,307
01/07/2022,RNO,NV,AWP,WE,Towers with Radar,105,59,38,2,204,0,2,5,0,7,105,61,43,2,211,2,0,2,213
01/08/2022,RNO,NV,AWP,WE,Towers with Radar,89,31,34,2,156,0,0,96,6,102,89,31,130,8,258,50,0,50,308
01/09/2022,RNO,NV,AWP,WE,Towers with Radar,97,52,31,6,186,0,0,79,8,87,97,52,110,14,273,46,4,50,323
01/10/2022,RNO,NV,AWP,WE,Towers with Radar,103,37,25,0,165,0,3,67,2,72,103,40,92,2,237,32,0,32,269
01/11/2022,RNO,NV,AWP,WE,Towers with Radar,106,32,20,0,158,0,2,68,5,75,106,34,88,5,233,18,0,18,251
01/12/2022,RNO,NV,AWP,WE,Towers with Radar,115,34,26,1,176,0,2,70,1,73,115,36,96,2,249,8,0,8,257
01/13/2022,RNO,NV,AWP,WE,Towers with Radar,118,45,58,6,227,0,3,30,4,37,118,48,88,10,264,21,0,21,285
01/14/2022,RNO,NV,AWP,WE,Towers with Radar,118,62,40,0,220,0,3,68,1,72,118,65,108,1,292,14,0,14,306
01/15/2022,RNO,NV,AWP,WE,Towers with Radar,88,36,25,0,149,0,2,78,0,80,88,38,103,0,229,2,0,2,231
01/16/2022,RNO,NV,AWP,WE,Towers with Radar,102,45,44,0,191,0,2,90,1,93,102,47,134,1,284,20,0,20,304
01/17/2022,RNO,NV,AWP,WE,Towers with Radar,112,54,36,1,203,0,4,88,1,93,112,58,124,2,296,26,0,26,322
01/18/2022,RNO,NV,AWP,WE,Towers with Radar,114,41,17,4,176,0,4,75,2,81,114,45,92,6,257,10,0,10,267
01/19/2022,RNO,NV,AWP,WE,Towers with Radar,124,38,23,12,197,0,1,74,8,83,124,39,97,20,280,36,0,36,316
01/20/2022,RNO,NV,AWP,WE,Towers with Radar,128,41,49,3,221,0,2,58,2,62,128,43,107,5,283,4,0,4,287
01/21/2022,RNO,NV,AWP,WE,Towers with Radar,121,48,38,8,215,0,0,43,6,49,121,48,81,14,264,0,2,2,266
01/22/2022,RNO,NV,AWP,WE,Towers with Radar,90,32,30,0,152,0,0,59,4,63,90,32,89,4,215,78,0,78,293
01/23/2022,RNO,NV,AWP,WE,Towers with Radar,104,45,26,3,178,0,0,91,0,91,104,45,117,3,269,14,0,14,283
01/24/2022,RNO,NV,AWP,WE,Towers with Radar,113,42,41,0,196,0,0,71,0,71,113,42,112,0,267,12,0,12,279
01/25/2022,RNO,NV,AWP,WE,Towers with Radar,108,45,25,0,178,0,1,52,0,53,108,46,77,0,231,4,0,4,235
01/26/2022,RNO,NV,AWP,WE,Towers with Radar,128,39,28,2,197,0,0,65,4,69,128,39,93,6,266,7,0,7,273
01/27/2022,RNO,NV,AWP,WE,Towers with Radar,127,38,42,5,212,0,2,72,4,78,127,40,114,9,290,24,0,24,314
01/28/2022,RNO,NV,AWP,WE,Towers with Radar,119,54,29,0,202,0,3,77,3,83,119,57,106,3,285,34,0,34,319
01/29/2022,RNO,NV,AWP,WE,Towers with Radar,87,40,18,4,149,0,2,102,0,104,87,42,120,4,253,9,0,9,262
01/30/2022,RNO,NV,AWP,WE,Towers with Radar,103,49,27,6,185,0,1,81,2,84,103,50,108,8,269,18,0,18,287
01/31/2022,RNO,NV,AWP,WE,Towers with Radar,112,50,27,1,190,0,1,57,4,62,112,51,84,5,252,6,2,8,260
02/01/2022,RNO,NV,AWP,WE,Towers with Radar,113,38,33,2,186,0,0,51,14,65,113,38,84,16,251,64,12,76,327
02/02/2022,RNO,NV,AWP,WE,Towers with Radar,118,38,21,0,177,0,1,48,9,58,118,39,69,9,235,16,0,16,251
02/03/2022,RNO,NV,AWP,WE,Towers with Radar,112,60,28,0,200,0,1,72,8,81,112,61,100,8,281,0,0,0,281
02/04/2022,RNO,NV,AWP,WE,Towers with Radar,111,57,35,2,205,0,2,76,3,81,111,59,111,5,286,34,0,34,320
02/05/2022,RNO,NV,AWP,WE,Towers with Radar,82,31,24,0,137,0,2,85,2,89,82,33,109,2,226,40,0,40,266
02/06/2022,RNO,NV,AWP,WE,Towers with Radar,102,45,27,3,177,0,1,87,1,89,102,46,114,4,266,40,0,40,306
02/07/2022,RNO,NV,AWP,WE,Towers with Radar,111,46,36,2,195,0,0,65,2,67,111,46,101,4,262,52,0,52,314
02/08/2022,RNO,NV,AWP,WE,Towers with Radar,115,45,34,4,198,0,1,79,4,84,115,46,113,8,282,52,6,58,340
02/09/2022,RNO,NV,AWP,WE,Towers with Radar,121,24,32,3,180,0,0,68,5,73,121,24,100,8,253,6,0,6,259
02/10/2022,RNO,NV,AWP,WE,Towers with Radar,128,45,35,1,209,0,2,76,3,81,128,47,111,4,290,40,4,44,334
02/11/2022,RNO,NV,AWP,WE,Towers with Radar,125,45,26,2,198,0,0,60,2,62,125,45,86,4,260,42,0,42,302
02/12/2022,RNO,NV,AWP,WE,Towers with Radar,91,22,46,2,161,0,1,86,3,90,91,23,132,5,251,64,0,64,315
02/13/2022,RNO,NV,AWP,WE,Towers with Radar,107,39,16,2,164,0,0,85,4,89,107,39,101,6,253,14,0,14,267
02/14/2022,RNO,NV,AWP,WE,Towers with Radar,117,42,32,0,191,0,0,16,3,19,117,42,48,3,210,4,0,4,214
02/15/2022,RNO,NV,AWP,WE,Towers with Radar,115,43,26,3,187,0,1,6,0,7,115,44,32,3,194,14,0,14,208
02/16/2022,RNO,NV,AWP,WE,Towers with Radar,118,30,28,0,176,0,0,54,0,54,118,30,82,0,230,10,0,10,240
02/17/2022,RNO,NV,AWP,WE,Towers with Radar,127,49,55,17,248,0,2,88,4,94,127,51,143,21,342,34,0,34,376
02/18/2022,RNO,NV,AWP,WE,Towers with Radar,122,48,57,3,230,0,1,83,7,91,122,49,140,10,321,48,0,48,369
02/19/2022,RNO,NV,AWP,WE,Towers with Radar,89,36,31,0,156,2,1,91,5,99,91,37,122,5,255,30,0,30,285
02/20/2022,RNO,NV,AWP,WE,Towers with Radar,109,50,29,0,188,0,1,17,2,20,109,51,46,2,208,84,0,84,292
02/21/2022,RNO,NV,AWP,WE,Towers with Radar,116,72,41,0,229,0,3,6,0,9,116,75,47,0,238,0,0,0,238
02/22/2022,RNO,NV,AWP,WE,Towers with Radar,123,49,52,3,227,0,2,2,1,5,123,51,54,4,232,0,0,0,232
02/23/2022,RNO,NV,AWP,WE,Towers with Radar,118,43,40,0,201,0,0,17,0,17,118,43,57,0,218,12,0,12,230
02/24/2022,RNO,NV,AWP,WE,Towers with Radar,123,47,33,1,204,0,5,76,4,85,123,52,109,5,289,56,0,56,345
02/25/2022,RNO,NV,AWP,WE,Towers with Radar,126,40,34,1,201,0,3,71,4,78,126,43,105,5,279,24,0,24,303
02/26/2022,RNO,NV,AWP,WE,Towers with Radar,91,37,39,4,171,0,1,105,6,112,91,38,144,10,283,6,0,6,289
02/27/2022,RNO,NV,AWP,WE,Towers with Radar,108,39,25,2,174,0,0,100,4,104,108,39,125,6,278,38,0,38,316
02/28/2022,RNO,NV,AWP,WE,Towers with Radar,119,39,33,9,200,0,2,58,3,63,119,41,91,12,263,26,0,26,289
03/01/2022,RNO,NV,AWP,WE,Towers with Radar,117,37,22,0,176,0,2,65,3,70,117,39,87,3,246,45,0,45,291
03/02/2022,RNO,NV,AWP,WE,Towers with Radar,120,27,33,1,181,0,0,61,5,66,120,27,94,6,247,14,0,14,261
03/03/2022,RNO,NV,AWP,WE,Towers with Radar,126,42,44,9,221,0,0,54,6,60,126,42,98,15,281,12,0,12,293
03/04/2022,RNO,NV,AWP,WE,Towers with Radar,112,55,43,3,213,0,2,8,3,13,112,57,51,6,226,34,0,34,260
03/05/2022,RNO,NV,AWP,WE,Towers with Radar,94,29,28,1,152,0,0,3,0,3,94,29,31,1,155,50,0,50,205
03/06/2022,RNO,NV,AWP,WE,Towers with Radar,102,42,40,5,189,0,2,75,3,80,102,44,115,8,269,42,0,42,311
03/07/2022,RNO,NV,AWP,WE,Towers with Radar,111,42,32,2,187,0,0,63,14,77,111,42,95,16,264,40,0,40,304
03/08/2022,RNO,NV,AWP,WE,Towers with Radar,110,35,30,4,179,0,0,57,10,67,110,35,87,14,246,48,0,48,294
03/09/2022,RNO,NV,AWP,WE,Towers with Radar,117,32,28,4,181,0,0,22,11,33,117,32,50,15,214,6,0,6,220
03/10/2022,RNO,NV,AWP,WE,Towers with Radar,123,40,42,0,205,0,5,58,5,68,123,45,100,5,273,22,0,22,295
03/11/2022,RNO,NV,AWP,WE,Towers with Radar,130,46,40,0,216,0,3,102,3,108,130,49,142,3,324,28,0,28,352
03/12/2022,RNO,NV,AWP,WE,Towers with Radar,95,40,22,0,157,0,3,53,1,57,95,43,75,1,214,12,0,12,226
03/13/2022,RNO,NV,AWP,WE,Towers with Radar,109,36,35,0,180,0,0,9,3,12,109,36,44,3,192,0,0,0,192
03/14/2022,RNO,NV,AWP,WE,Towers with Radar,116,33,29,0,178,0,1,82,3,86,116,34,111,3,264,32,0,32,296
03/15/2022,RNO,NV,AWP,WE,Towers with Radar,120,29,32,1,182,0,3,7,1,11,120,32,39,2,193,10,0,10,203
03/16/2022,RNO,NV,AWP,WE,Towers with Radar,114,34,36,3,187,0,1,77,4,82,114,35,113,7,269,36,6,42,311
03/17/2022,RNO,NV,AWP,WE,Towers with Radar,125,45,36,4,210,0,2,66,5,73,125,47,102,9,283,54,0,54,337
03/18/2022,RNO,NV,AWP,WE,Towers with Radar,123,57,49,5,234,0,2,87,2,91,123,59,136,7,325,20,0,20,345
03/19/2022,RNO,NV,AWP,WE,Towers with Radar,105,25,29,8,167,0,0,10,1,11,105,25,39,9,178,0,0,0,178
03/20/2022,RNO,NV,AWP,WE,Towers with Radar,106,38,36,10,190,0,3,76,1,80,106,41,112,11,270,71,0,71,341
03/21/2022,RNO,NV,AWP,WE,Towers with Radar,109,43,45,2,199,0,0,69,2,71,109,43,114,4,270,40,0,40,310
03/22/2022,RNO,NV,AWP,WE,Towers with Radar,117,18,34,4,173,0,0,75,2,77,117,18,109,6,250,0,0,0,250
03/23/2022,RNO,NV,AWP,WE,Towers with Radar,115,23,32,3,173,0,0,56,2,58,115,23,88,5,231,14,0,14,245
03/24/2022,RNO,NV,AWP,WE,Towers with Radar,125,45,36,6,212,0,4,80,2,86,125,49,116,8,298,20,0,20,318
03/25/2022,RNO,NV,AWP,WE,Towers with Radar,130,39,23,1,193,0,1,81,2,84,130,40,104,3,277,34,0,34,311
03/26/2022,RNO,NV,AWP,WE,Towers with Radar,102,19,19,5,145,0,1,101,1,103,102,20,120,6,248,26,0,26,274
03/27/2022,RNO,NV,AWP,WE,Towers with Radar,104,34,26,1,165,0,2,40,2,44,104,36,66,3,209,106,0,106,315
03/28/2022,RNO,NV,AWP,WE,Towers with Radar,104,49,23,2,178,0,0,3,0,3,104,49,26,2,181,22,0,22,203
03/29/2022,RNO,NV,AWP,WE,Towers with Radar,111,32,31,0,174,0,0,15,3,18,111,32,46,3,192,12,2,14,206
03/30/2022,RNO,NV,AWP,WE,Towers with Radar,107,22,28,10,167,0,1,66,8,75,107,23,94,18,242,36,0,36,278
03/31/2022,RNO,NV,AWP,WE,Towers with Radar,122,41,40,2,205,0,2,81,2,85,122,43,121,4,290,58,0,58,348
04/01/2022,RNO,NV,AWP,WE,Towers with Radar,117,36,32,8,193,0,1,90,3,94,117,37,122,11,287,34,4,38,325
04/02/2022,RNO,NV,AWP,WE,Towers with Radar,88,37,27,2,154,0,1,86,1,88,88,38,113,3,242,44,0,44,286
04/03/2022,RNO,NV,AWP,WE,Towers with Radar,98,32,30,4,164,0,1,60,1,62,98,33,90,5,226,70,5,75,301
04/04/2022,RNO,NV,AWP,WE,Towers with Radar,111,36,34,0,181,0,0,13,3,16,111,36,47,3,197,2,2,4,201
04/05/2022,RNO,NV,AWP,WE,Towers with Radar,113,30,35,0,178,0,1,46,2,49,113,31,81,2,227,12,0,12,239
04/06/2022,RNO,NV,AWP,WE,Towers with Radar,117,23,34,4,178,0,2,77,3,82,117,25,111,7,260,18,0,18,278
04/07/2022,RNO,NV,AWP,WE,Towers with Radar,121,41,44,6,212,0,2,76,3,81,121,43,120,9,293,10,0,10,303
04/08/2022,RNO,NV,AWP,WE,Towers with Radar,122,29,27,4,182,0,3,55,0,58,122,32,82,4,240,45,0,45,285
04/09/2022,RNO,NV,AWP,WE,Towers with Radar,85,44,30,0,159,0,1,75,2,78,85,45,105,2,237,74,0,74,311
04/10/2022,RNO,NV,AWP,WE,Towers with Radar,107,30,33,5,175,0,2,77,0,79,107,32,110,5,254,70,0,70,324
04/11/2022,RNO,NV,AWP,WE,Towers with Radar,111,24,23,0,158,0,0,4,0,4,111,24,27,0,162,0,0,0,162
04/12/2022,RNO,NV,AWP,WE,Towers with Radar,118,28,18,1,165,0,1,46,6,53,118,29,64,7,218,27,2,29,247
04/13/2022,RNO,NV,AWP,WE,Towers with Radar,115,28,35,12,190,0,0,36,5,41,115,28,71,17,231,24,8,32,263
04/14/2022,RNO,NV,AWP,WE,Towers with Radar,121,46,42,5,214,0,0,5,2,7,121,46,47,7,221,28,2,30,251
04/15/2022,RNO,NV,AWP,WE,Towers with Radar,117,52,42,4,215,0,0,25,4,29,117,52,67,8,244,50,0,50,294
04/16/2022,RNO,NV,AWP,WE,Towers with Radar,95,28,15,3,141,0,0,2,0,2,95,28,17,3,143,6,0,6,149
04/17/2022,RNO,NV,AWP,WE,Towers with Radar,103,24,27,3,157,0,1,82,1,84,103,25,109,4,241,102,0,102,343
04/18/2022,RNO,NV,AWP,WE,Towers with Radar,107,40,38,0,185,0,1,52,1,54,107,41,90,1,239,33,0,33,272
04/19/2022,RNO,NV,AWP,WE,Towers with Radar,128,22,30,0,180,0,0,2,1,3,128,22,32,1,183,0,0,0,183
04/20/2022,RNO,NV,AWP,WE,Towers with Radar,122,34,33,5,194,0,0,24,3,27,122,34,57,8,221,34,0,34,255
04/21/2022,RNO,NV,AWP,WE,Towers with Radar,132,37,27,4,200,0,0,0,1,1,132,37,27,5,201,0,0,0,201
04/22/2022,RNO,NV,AWP,WE,Towers with Radar,118,40,40,3,201,0,0,43,0,43,118,40,83,3,244,92,0,92,336
04/23/2022,RNO,NV,AWP,WE,Towers with Radar,93,37,33,1,164,0,1,119,2,122,93,38,152,3,286,22,0,22,308
04/24/2022,RNO,NV,AWP,WE,Towers with Radar,104,29,29,5,167,0,0,114,1,115,104,29,143,6,282,20,0,20,302
04/25/2022,RNO,NV,AWP,WE,Towers with Radar,109,37,31,1,178,0,5,56,4,65,109,42,87,5,243,23,6,29,272
04/26/2022,RNO,NV,AWP,WE,Towers with Radar,119,22,29,2,172,0,3,47,2,52,119,25,76,4,224,26,0,26,250
04/27/2022,RNO,NV,AWP,WE,Towers with Radar,124,42,29,2,197,0,3,82,1,86,124,45,111,3,283,85,0,85,368
04/28/2022,RNO,NV,AWP,WE,Towers with Radar,120,44,29,2,195,0,4,21,0,25,120,48,50,2,220,20,0,20,240
04/29/2022,RNO,NV,AWP,WE,Towers with Radar,117,39,45,0,201,0,1,96,0,97,117,40,141,0,298,50,0,50,348
04/30/2022,RNO,NV,AWP,WE,Towers with Radar,92,30,23,7,152,0,2,49,0,51,92,32,72,7,203,18,0,18,221
05/01/2022,RNO,NV,AWP,WE,Towers with Radar,104,38,35,0,177,0,0,68,0,68,104,38,103,0,245,50,0,50,295
05/02/2022,RNO,NV,AWP,WE,Towers with Radar,113,49,14,2,178,0,2,3,0,5,113,51,17,2,183,4,0,4,187
05/03/2022,RNO,NV,AWP,WE,Towers with Radar,123,25,32,0,180,0,0,95,8,103,123,25,127,8,283,53,0,53,336
05/04/2022,RNO,NV,AWP,WE,Towers with Radar,118,27,23,0,168,0,2,105,3,110,118,29,128,3,278,13,0,13,291
05/05/2022,RNO,NV,AWP,WE,Towers with Radar,122,41,28,5,196,0,2,8,2,12,122,43,36,7,208,20,0,20,228
05/06/2022,RNO,NV,AWP,WE,Towers with Radar,120,43,18,2,183,0,2,8,4,14,120,45,26,6,197,4,0,4,201
05/07/2022,RNO,NV,AWP,WE,Towers with Radar,97,19,4,2,122,0,0,8,0,8,97,19,12,2,130,0,0,0,130
05/08/2022,RNO,NV,AWP,WE,Towers with Radar,105,29,4,2,140,0,0,4,0,4,105,29,8,2,144,0,0,0,144
05/09/2022,RNO,NV,AWP,WE,Towers with Radar,126,48,36,1,211,0,0,22,0,22,126,48,58,1,233,22,0,22,255
05/10/2022,RNO,NV,AWP,WE,Towers with Radar,124,29,18,1,172,0,0,16,4,20,124,29,34,5,192,10,0,10,202
05/11/2022,RNO,NV,AWP,WE,Towers with Radar,122,45,32,5,204,0,0,39,2,41,122,45,71,7,245,56,7,63,308
05/12/2022,RNO,NV,AWP,WE,Towers with Radar,127,41,45,1,214,0,0,90,1,91,127,41,135,2,305,28,2,30,335
05/13/2022,RNO,NV,AWP,WE,Towers with Radar,123,45,47,2,217,0,1,102,1,104,123,46,149,3,321,22,0,22,343
05/14/2022,RNO,NV,AWP,WE,Towers with Radar,94,24,14,5,137,0,4,92,1,97,94,28,106,6,234,24,0,24,258
05/15/2022,RNO,NV,AWP,WE,Towers with Radar,106,36,25,3,170,0,1,71,0,72,106,37,96,3,242,18,0,18,260
05/16/2022,RNO,NV,AWP,WE,Towers with Radar,124,42,32,1,199,0,2,53,0,55,124,44,85,1,254,19,0,19,273
05/17/2022,RNO,NV,AWP,WE,Towers with Radar,123,13,33,2,171,0,1,81,2,84,123,14,114,4,255,27,0,27,282
05/18/2022,RNO,NV,AWP,WE,Towers with Radar,123,22,29,3,177,0,4,79,7,90,123,26,108,10,267,16,2,18,285
05/19/2022,RNO,NV,AWP,WE,Towers with Radar,124,45,38,5,212,0,5,40,2,47,124,50,78,7,259,17,0,17,276
05/20/2022,RNO,NV,AWP,WE,Towers with Radar,116,27,31,6,180,1,4,57,0,62,117,31,88,6,242,22,0,22,264
05/21/2022,RNO,NV,AWP,WE,Towers with Radar,91,21,16,3,131,0,6,100,2,108,91,27,116,5,239,46,0,46,285
05/22/2022,RNO,NV,AWP,WE,Towers with Radar,110,26,16,0,152,0,1,75,0,76,110,27,91,0,228,20,0,20,248
05/23/2022,RNO,NV,AWP,WE,Towers with Radar,117,37,24,7,185,0,7,82,1,90,117,44,106,8,275,30,2,32,307
05/24/2022,RNO,NV,AWP,WE,Towers with Radar,115,26,9,4,154,0,1,76,6,83,115,27,85,10,237,10,0,10,247
05/25/2022,RNO,NV,AWP,WE,Towers with Radar,123,30,25,1,179,0,3,82,10,95,123,33,107,11,274,36,2,38,312
05/26/2022,RNO,NV,AWP,WE,Towers with Radar,125,36,30,0,191,0,1,52,7,60,125,37,82,7,251,36,0,36,287
05/27/2022,RNO,NV,AWP,WE,Towers with Radar,123,40,40,1,204,0,1,37,0,38,123,41,77,1,242,24,0,24,266
05/28/2022,RNO,NV,AWP,WE,Towers with Radar,94,32,25,0,151,0,2,8,0,10,94,34,33,0,161,2,0,2,163
05/29/2022,RNO,NV,AWP,WE,Towers with Radar,102,35,12,2,151,0,0,21,2,23,102,35,33,4,174,28,0,28,202
05/30/2022,RNO,NV,AWP,WE,Towers with Radar,113,30,25,1,169,0,0,59,1,60,113,30,84,2,229,8,0,8,237
05/31/2022,RNO,NV,AWP,WE,Towers with Radar,115,27,29,2,173,0,0,73,4,77,115,27,102,6,250,52,0,52,302
06/01/2022,RNO,NV,AWP,WE,Towers with Radar,119,29,29,5,182,0,3,83,12,98,119,32,112,17,280,40,20,60,340
06/02/2022,RNO,NV,AWP,WE,Towers with Radar,123,42,40,4,209,0,3,65,7,75,123,45,105,11,284,36,10,46,330
06/03/2022,RNO,NV,AWP,WE,Towers with Radar,118,45,36,5,204,0,1,37,4,42,118,46,73,9,246,14,0,14,260
06/04/2022,RNO,NV,AWP,WE,Towers with Radar,94,32,27,0,153,0,1,21,1,23,94,33,48,1,176,6,0,6,182
06/05/2022,RNO,NV,AWP,WE,Towers with Radar,98,49,36,4,187,0,0,12,0,12,98,49,48,4,199,22,0,22,221
06/06/2022,RNO,NV,AWP,WE,Towers with Radar,120,43,25,2,190,0,2,82,2,86,120,45,107,4,276,71,0,71,347
06/07/2022,RNO,NV,AWP,WE,Towers with Radar,115,31,20,1,167,0,0,63,0,63,115,31,83,1,230,42,0,42,272
06/08/2022,RNO,NV,AWP,WE,Towers with Radar,119,34,27,1,181,0,0,79,2,81,119,34,106,3,262,52,0,52,314
06/09/2022,RNO,NV,AWP,WE,Towers with Radar,124,44,34,1,203,0,0,88,2,90,124,44,122,3,293,71,0,71,364
06/10/2022,RNO,NV,AWP,WE,Towers with Radar,129,66,26,5,226,0,0,84,5,89,129,66,110,10,315,27,0,27,342
06/11/2022,RNO,NV,AWP,WE,Towers with Radar,99,53,37,3,192,0,4,115,0,119,99,57,152,3,311,48,0,48,359
06/12/2022,RNO,NV,AWP,WE,Towers with Radar,112,53,39,2,206,0,0,11,0,11,112,53,50,2,217,0,0,0,217
06/13/2022,RNO,NV,AWP,WE,Towers with Radar,118,40,23,3,184,0,3,51,1,55,118,43,74,4,239,6,0,6,245
06/14/2022,RNO,NV,AWP,WE,Towers with Radar,124,34,38,3,199,0,6,77,6,89,124,40,115,9,288,22,0,22,310
06/15/2022,RNO,NV,AWP,WE,Towers with Radar,122,50,27,6,205,0,0,76,8,84,122,50,103,14,289,22,0,22,311
06/16/2022,RNO,NV,AWP,WE,Towers with Radar,127,45,37,0,209,0,3,30,4,37,127,48,67,4,246,25,0,25,271
06/17/2022,RNO,NV,AWP,WE,Towers with Radar,126,49,23,4,202,0,0,36,3,39,126,49,59,7,241,8,0,8,249
06/18/2022,RNO,NV,AWP,WE,Towers with Radar,106,27,41,2,176,0,0,72,2,74,106,27,113,4,250,34,0,34,284
06/19/2022,RNO,NV,AWP,WE,Towers with Radar,104,42,21,0,167,0,4,82,0,86,104,46,103,0,253,28,0,28,281
06/20/2022,RNO,NV,AWP,WE,Towers with Radar,123,39,44,0,206,0,3,105,0,108,123,42,149,0,314,56,0,56,370
06/21/2022,RNO,NV,AWP,WE,Towers with Radar,125,23,24,4,176,0,2,96,19,117,125,25,120,23,293,26,0,26,319
06/22/2022,RNO,NV,AWP,WE,Towers with Radar,121,28,25,6,180,0,2,90,13,105,121,30,115,19,285,6,2,8,293
06/23/2022,RNO,NV,AWP,WE,Towers with Radar,128,42,40,1,211,0,1,67,4,72,128,43,107,5,283,10,6,16,299
06/24/2022,RNO,NV,AWP,WE,Towers with Radar,128,45,29,0,202,0,0,81,4,85,128,45,110,4,287,18,2,20,307
06/25/2022,RNO,NV,AWP,WE,Towers with Radar,105,38,23,1,167,0,1,83,5,89,105,39,106,6,256,22,0,22,278
06/26/2022,RNO,NV,AWP,WE,Towers with Radar,109,40,42,5,196,0,1,74,2,77,109,41,116,7,273,10,0,10,283
06/27/2022,RNO,NV,AWP,WE,Towers with Radar,125,43,28,0,196,0,1,73,1,75,125,44,101,1,271,25,0,25,296
06/28/2022,RNO,NV,AWP,WE,Towers with Radar,122,28,36,2,188,1,2,51,10,64,123,30,87,12,252,8,21,29,281
06/29/2022,RNO,NV,AWP,WE,Towers with Radar,119,40,43,1,203,0,0,51,6,57,119,40,94,7,260,42,6,48,308
06/30/2022,RNO,NV,AWP,WE,Towers with Radar,130,57,39,0,226,0,4,81,0,85,130,61,120,0,311,22,0,22,333
07/01/2022,RNO,NV,AWP,WE,Towers with Radar,126,57,36,2,221,0,2,104,0,106,126,59,140,2,327,70,0,70,397
07/02/2022,RNO,NV,AWP,WE,Towers with Radar,99,32,23,1,155,0,2,78,0,80,99,34,101,1,235,12,0,12,247
07/03/2022,RNO,NV,AWP,WE,Towers with Radar,97,37,23,1,158,0,1,51,0,52,97,38,74,1,210,20,0,20,230
07/04/2022,RNO,NV,AWP,WE,Towers with Radar,105,42,13,0,160,0,1,62,2,65,105,43,75,2,225,33,0,33,258
07/05/2022,RNO,NV,AWP,WE,Towers with Radar,110,50,24,3,187,1,1,67,3,72,111,51,91,6,259,18,6,24,283
07/06/2022,RNO,NV,AWP,WE,Towers with Radar,129,33,31,0,193,1,5,79,5,90,130,38,110,5,283,40,2,42,325
07/07/2022,RNO,NV,AWP,WE,Towers with Radar,127,53,30,2,212,0,5,82,12,99,127,58,112,14,311,47,7,54,365
07/08/2022,RNO,NV,AWP,WE,Towers with Radar,132,51,19,0,202,0,5,78,2,85,132,56,97,2,287,40,0,40,327
07/09/2022,RNO,NV,AWP,WE,Towers with Radar,104,46,24,0,174,0,3,67,0,70,104,49,91,0,244,80,0,80,324
07/10/2022,RNO,NV,AWP,WE,Towers with Radar,107,48,29,1,185,0,3,73,2,78,107,51,102,3,263,22,0,22,285
07/11/2022,RNO,NV,AWP,WE,Towers with Radar,122,47,35,0,204,0,5,74,2,81,122,52,109,2,285,66,0,66,351
07/12/2022,RNO,NV,AWP,WE,Towers with Radar,127,32,25,1,185,0,4,77,4,85,127,36,102,5,270,16,3,19,289
07/13/2022,RNO,NV,AWP,WE,Towers with Radar,126,42,23,0,191,0,4,67,2,73,126,46,90,2,264,36,2,38,302
07/14/2022,RNO,NV,AWP,WE,Towers with Radar,127,48,38,2,215,0,6,90,4,100,127,54,128,6,315,20,0,20,335
07/15/2022,RNO,NV,AWP,WE,Towers with Radar,125,46,20,2,193,0,6,87,0,93,125,52,107,2,286,84,0,84,370
07/16/2022,RNO,NV,AWP,WE,Towers with Radar,107,38,12,4,161,0,4,97,1,102,107,42,109,5,263,36,0,36,299
07/17/2022,RNO,NV,AWP,WE,Towers with Radar,107,46,30,2,185,0,2,75,0,77,107,48,105,2,262,24,0,24,286
07/18/2022,RNO,NV,AWP,WE,Towers with Radar,131,37,37,0,205,0,5,68,1,74,131,42,105,1,279,24,0,24,303
07/19/2022,RNO,NV,AWP,WE,Towers with Radar,128,35,35,3,201,0,3,80,6,89,128,38,115,9,290,20,8,28,318
07/20/2022,RNO,NV,AWP,WE,Towers with Radar,130,27,36,4,197,0,2,80,9,91,130,29,116,13,288,20,4,24,312
07/21/2022,RNO,NV,AWP,WE,Towers with Radar,132,50,39,1,222,0,1,105,6,112,132,51,144,7,334,10,0,10,344
07/22/2022,RNO,NV,AWP,WE,Towers with Radar,128,53,32,1,214,0,2,99,3,104,128,55,131,4,318,78,0,78,396
07/23/2022,RNO,NV,AWP,WE,Towers with Radar,105,54,30,0,189,0,4,82,2,88,105,58,112,2,277,26,0,26,303
07/24/2022,RNO,NV,AWP,WE,Towers with Radar,108,53,42,1,204,0,0,68,1,69,108,53,110,2,273,82,0,82,355
07/25/2022,RNO,NV,AWP,WE,Towers with Radar,118,53,36,0,207,0,2,58,3,63,118,55,94,3,270,34,0,34,304
07/26/2022,RNO,NV,AWP,WE,Towers with Radar,129,42,29,4,204,0,1,62,1,64,129,43,91,5,268,75,6,81,349
07/27/2022,RNO,NV,AWP,WE,Towers with Radar,127,42,28,3,200,0,0,69,1,70,127,42,97,4,270,48,22,70,340
07/28/2022,RNO,NV,AWP,WE,Towers with Radar,136,45,42,1,224,0,2,83,4,89,136,47,125,5,313,22,10,32,345
07/29/2022,RNO,NV,AWP,WE,Towers with Radar,124,52,31,2,209,0,2,90,7,99,124,54,121,9,308,75,0,75,383
07/30/2022,RNO,NV,AWP,WE,Towers with Radar,107,36,27,1,171,0,1,85,0,86,107,37,112,1,257,32,0,32,289
07/31/2022,RNO,NV,AWP,WE,Towers with Radar,109,28,11,1,149,0,1,76,0,77,109,29,87,1,226,18,0,18,244
08/01/2022,RNO,NV,AWP,WE,Towers with Radar,118,38,27,0,183,0,0,55,2,57,118,38,82,2,240,40,0,40,280
08/02/2022,RNO,NV,AWP,WE,Towers with Radar,127,30,25,2,184,0,2,94,4,100,127,32,119,6,284,30,4,34,318
08/03/2022,RNO,NV,AWP,WE,Towers with Radar,121,45,31,3,200,0,9,85,3,97,121,54,116,6,297,32,2,34,331
08/04/2022,RNO,NV,AWP,WE,Towers with Radar,122,49,29,4,204,0,5,60,0,65,122,54,89,4,269,28,0,28,297
08/05/2022,RNO,NV,AWP,WE,Towers with Radar,143,52,30,1,226,0,1,35,1,37,143,53,65,2,263,68,0,68,331
08/06/2022,RNO,NV,AWP,WE,Towers with Radar,105,40,24,5,174,0,1,80,0,81,105,41,104,5,255,60,0,60,315
08/07/2022,RNO,NV,AWP,WE,Towers with Radar,109,54,31,0,194,0,1,83,0,84,109,55,114,0,278,44,0,44,322
08/08/2022,RNO,NV,AWP,WE,Towers with Radar,126,48,32,0,206,0,1,70,0,71,126,49,102,0,277,14,0,14,291
08/09/2022,RNO,NV,AWP,WE,Towers with Radar,126,40,25,3,194,0,1,58,1,60,126,41,83,4,254,76,0,76,330
08/10/2022,RNO,NV,AWP,WE,Towers with Radar,137,59,24,1,221,0,2,78,4,84,137,61,102,5,305,32,2,34,339
08/11/2022,RNO,NV,AWP,WE,Towers with Radar,126,56,31,2,215,0,2,115,12,129,126,58,146,14,344,26,12,38,382
08/12/2022,RNO,NV,AWP,WE,Towers with Radar,121,40,36,5,202,0,1,78,2,81,121,41,114,7,283,41,0,41,324
08/13/2022,RNO,NV,AWP,WE,Towers with Radar,111,38,34,3,186,0,0,118,3,121,111,38,152,6,307,40,0,40,347
08/14/2022,RNO,NV,AWP,WE,Towers with Radar,111,42,38,1,192,0,3,88,1,92,111,45,126,2,284,10,0,10,294
08/15/2022,RNO,NV,AWP,WE,Towers with Radar,128,61,32,2,223,0,1,99,0,100,128,62,131,2,323,18,0,18,341
08/16/2022,RNO,NV,AWP,WE,Towers with Radar,128,42,32,0,202,0,0,62,5,67,128,42,94,5,269,30,0,30,299
08/17/2022,RNO,NV,AWP,WE,Towers with Radar,130,38,21,2,191,0,0,64,2,66,130,38,85,4,257,42,4,46,303
08/18/2022,RNO,NV,AWP,WE,Towers with Radar,132,44,46,2,224,0,2,70,7,79,132,46,116,9,303,43,4,47,350
08/19/2022,RNO,NV,AWP,WE,Towers with Radar,130,60,26,1,217,0,2,106,0,108,130,62,132,1,325,58,0,58,383
08/20/2022,RNO,NV,AWP,WE,Towers with Radar,111,29,19,0,159,0,3,110,0,113,111,32,129,0,272,61,0,61,333
08/21/2022,RNO,NV,AWP,WE,Towers with Radar,108,46,37,0,191,0,2,92,0,94,108,48,129,0,285,26,0,26,311
08/22/2022,RNO,NV,AWP,WE,Towers with Radar,118,51,26,2,197,0,11,71,0,82,118,62,97,2,279,41,0,41,320
08/23/2022,RNO,NV,AWP,WE,Towers with Radar,132,39,23,5,199,0,6,57,3,66,132,45,80,8,265,0,6,6,271
08/24/2022,RNO,NV,AWP,WE,Towers with Radar,125,34,29,1,189,0,1,61,5,67,125,35,90,6,256,6,2,8,264
08/25/2022,RNO,NV,AWP,WE,Towers with Radar,141,44,47,2,234,0,4,81,2,87,141,48,128,4,321,38,0,38,359
08/26/2022,RNO,NV,AWP,WE,Towers with Radar,144,48,20,5,217,0,6,100,2,108,144,54,120,7,325,34,0,34,359
08/27/2022,RNO,NV,AWP,WE,Towers with Radar,123,40,29,2,194,0,8,82,0,90,123,48,111,2,284,66,0,66,350
08/28/2022,RNO,NV,AWP,WE,Towers with Radar,116,46,37,1,200,0,22,133,2,157,116,68,170,3,357,20,0,20,377
08/29/2022,RNO,NV,AWP,WE,Towers with Radar,128,64,47,1,240,0,19,107,2,128,128,83,154,3,368,10,0,10,378
08/30/2022,RNO,NV,AWP,WE,Towers with Radar,135,51,35,2,223,0,19,119,7,145,135,70,154,9,368,30,2,32,400
08/31/2022,RNO,NV,AWP,WE,Towers with Radar,125,44,45,3,217,0,21,126,8,155,125,65,171,11,372,10,10,20,392
09/01/2022,RNO,NV,AWP,WE,Towers with Radar,137,58,55,1,251,0,25,124,2,151,137,83,179,3,402,34,0,34,436
09/02/2022,RNO,NV,AWP,WE,Towers with Radar,131,61,46,0,238,0,16,117,0,133,131,77,163,0,371,14,0,14,385
09/03/2022,RNO,NV,AWP,WE,Towers with Radar,112,47,29,0,188,0,21,72,0,93,112,68,101,0,281,44,0,44,325
09/04/2022,RNO,NV,AWP,WE,Towers with Radar,119,71,61,0,251,0,23,143,0,166,119,94,204,0,417,8,0,8,425
09/05/2022,RNO,NV,AWP,WE,Towers with Radar,122,53,43,2,220,0,19,145,0,164,122,72,188,2,384,28,0,28,412
09/06/2022,RNO,NV,AWP,WE,Towers with Radar,141,28,34,3,206,0,3,87,6,96,141,31,121,9,302,10,2,12,314
09/07/2022,RNO,NV,AWP,WE,Towers with Radar,130,24,32,5,191,0,4,54,3,61,130,28,86,8,252,13,0,13,265
09/08/2022,RNO,NV,AWP,WE,Towers with Radar,145,34,43,6,228,0,4,84,2,90,145,38,127,8,318,20,0,20,338
09/09/2022,RNO,NV,AWP,WE,Towers with Radar,130,42,46,5,223,0,2,59,0,61,130,44,105,5,284,6,0,6,290
09/10/2022,RNO,NV,AWP,WE,Towers with Radar,101,32,45,6,184,0,0,49,3,52,101,32,94,9,236,118,2,120,356
09/11/2022,RNO,NV,AWP,WE,Towers with Radar,116,47,61,6,230,0,0,24,2,26,116,47,85,8,256,68,0,68,324
09/12/2022,RNO,NV,AWP,WE,Towers with Radar,128,46,49,1,224,0,0,11,1,12,128,46,60,2,236,14,0,14,250
09/13/2022,RNO,NV,AWP,WE,Towers with Radar,133,29,46,1,209,0,0,36,2,38,133,29,82,3,247,92,0,92,339
09/14/2022,RNO,NV,AWP,WE,Towers with Radar,134,28,45,4,211,0,0,17,3,20,134,28,62,7,231,14,0,14,245
09/15/2022,RNO,NV,AWP,WE,Towers with Radar,141,42,61,3,247,0,0,23,1,24,141,42,84,4,271,4,0,4,275
09/16/2022,RNO,NV,AWP,WE,Towers with Radar,135,44,79,9,267,0,0,21,3,24,135,44,100,12,291,0,0,0,291
09/17/2022,RNO,NV,AWP,WE,Towers with Radar,97,40,43,1,181,0,0,27,0,27,97,40,70,1,208,0,0,0,208
09/18/2022,RNO,NV,AWP,WE,Towers with Radar,116,26,56,0,198,0,0,49,0,49,116,26,105,0,247,32,0,32,279
09/19/2022,RNO,NV,AWP,WE,Towers with Radar,125,38,63,3,229,0,0,39,1,40,125,38,102,4,269,104,0,104,373
09/20/2022,RNO,NV,AWP,WE,Towers with Radar,130,33,32,0,195,0,0,22,1,23,130,33,54,1,218,22,0,22,240
09/21/2022,RNO,NV,AWP,WE,Towers with Radar,132,24,24,0,180,0,2,34,0,36,132,26,58,0,216,20,0,20,236
09/22/2022,RNO,NV,AWP,WE,Towers with Radar,138,32,34,0,204,0,2,112,0,114,138,34,146,0,318,74,0,74,392
09/23/2022,RNO,NV,AWP,WE,Towers with Radar,135,32,21,0,188,0,3,118,2,123,135,35,139,2,311,62,0,62,373
09/24/2022,RNO,NV,AWP,WE,Towers with Radar,102,24,25,0,151,0,2,108,0,110,102,26,133,0,261,48,0,48,309
09/25/2022,RNO,NV,AWP,WE,Towers with Radar,114,27,31,1,173,0,1,102,1,104,114,28,133,2,277,16,0,16,293
09/26/2022,RNO,NV,AWP,WE,Towers with Radar,126,31,23,0,180,0,3,91,6,100,126,34,114,6,280,64,0,64,344
09/27/2022,RNO,NV,AWP,WE,Towers with Radar,129,20,29,0,178,0,3,84,4,91,129,23,113,4,269,68,0,68,337
09/28/2022,RNO,NV,AWP,WE,Towers with Radar,123,37,36,0,196,0,3,64,4,71,123,40,100,4,267,20,0,20,287
09/29/2022,RNO,NV,AWP,WE,Towers with Radar,143,44,27,0,214,0,7,85,2,94,143,51,112,2,308,26,0,26,334
09/30/2022,RNO,NV,AWP,WE,Towers with Radar,128,42,22,0,192,0,8,101,1,110,128,50,123,1,302,24,0,24,326
10/01/2022,RNO,NV,AWP,WE,Towers with Radar,98,31,28,0,157,0,1,103,0,104,98,32,131,0,261,62,0,62,323
10/02/2022,RNO,NV,AWP,WE,Towers with Radar,112,27,27,1,167,0,1,100,0,101,112,28,127,1,268,12,0,12,280
10/03/2022,RNO,NV,AWP,WE,Towers with Radar,122,31,23,0,176,0,4,86,11,101,122,35,109,11,277,2,0,2,279
10/04/2022,RNO,NV,AWP,WE,Towers with Radar,126,17,33,0,176,0,0,87,14,101,126,17,120,14,277,34,6,40,317
10/05/2022,RNO,NV,AWP,WE,Towers with Radar,128,22,18,3,171,0,3,85,6,94,128,25,103,9,265,22,0,22,287
10/06/2022,RNO,NV,AWP,WE,Towers with Radar,134,27,37,0,198,0,4,96,9,109,134,31,133,9,307,32,0,32,339
10/07/2022,RNO,NV,AWP,WE,Towers with Radar,129,27,29,2,187,0,4,105,0,109,129,31,134,2,296,19,0,19,315
10/08/2022,RNO,NV,AWP,WE,Towers with Radar,94,26,27,0,147,0,3,103,0,106,94,29,130,0,253,2,0,2,255
10/09/2022,RNO,NV,AWP,WE,Towers with Radar,109,27,25,0,161,0,2,74,0,76,109,29,99,0,237,24,0,24,261
10/10/2022,RNO,NV,AWP,WE,Towers with Radar,122,35,30,0,187,0,2,121,0,123,122,37,151,0,310,6,0,6,316
10/11/2022,RNO,NV,AWP,WE,Towers with Radar,125,25,25,3,178,0,1,100,4,105,125,26,125,7,283,58,2,60,343
10/12/2022,RNO,NV,AWP,WE,Towers with Radar,129,23,30,2,184,0,3,102,5,110,129,26,132,7,294,4,2,6,300
10/13/2022,RNO,NV,AWP,WE,Towers with Radar,132,40,29,1,202,0,1,100,6,107,132,41,129,7,309,36,0,36,345
10/14/2022,RNO,NV,AWP,WE,Towers with Radar,136,29,21,3,189,0,1,94,4,99,136,30,115,7,288,4,2,6,294
10/15/2022,RNO,NV,AWP,WE,Towers with Radar,91,21,15,4,131,0,4,97,8,109,91,25,112,12,240,18,0,18,258
10/16/2022,RNO,NV,AWP,WE,Towers with Radar,113,21,27,4,165,0,1,110,1,112,113,22,137,5,277,34,2,36,313
10/17/2022,RNO,NV,AWP,WE,Towers with Radar,120,26,31,0,177,0,2,94,0,96,120,28,125,0,273,30,0,30,303
10/18/2022,RNO,NV,AWP,WE,Towers with Radar,125,21,32,5,183,0,2,90,4,96,125,23,122,9,279,20,0,20,299
10/19/2022,RNO,NV,AWP,WE,Towers with Radar,130,20,37,3,190,0,2,78,10,90,130,22,115,13,280,40,4,44,324
10/20/2022,RNO,NV,AWP,WE,Towers with Radar,135,31,35,1,202,0,4,83,4,91,135,35,118,5,293,14,0,14,307
10/21/2022,RNO,NV,AWP,WE,Towers with Radar,130,25,30,4,189,0,5,78,0,83,130,30,108,4,272,8,0,8,280
10/22/2022,RNO,NV,AWP,WE,Towers with Radar,83,23,18,2,126,0,0,3,3,6,83,23,21,5,132,0,4,4,136
10/23/2022,RNO,NV,AWP,WE,Towers with Radar,109,32,31,3,175,0,0,50,0,50,109,32,81,3,225,4,0,4,229
10/24/2022,RNO,NV,AWP,WE,Towers with Radar,120,32,19,0,171,0,5,71,2,78,120,37,90,2,249,0,0,0,249
10/25/2022,RNO,NV,AWP,WE,Towers with Radar,125,27,23,1,176,0,0,59,0,59,125,27,82,1,235,14,2,16,251
10/26/2022,RNO,NV,AWP,WE,Towers with Radar,130,29,30,2,191,0,2,52,0,54,130,31,82,2,245,14,2,16,261
10/27/2022,RNO,NV,AWP,WE,Towers with Radar,136,27,23,0,186,0,2,79,7,88,136,29,102,7,274,30,0,30,304
10/28/2022,RNO,NV,AWP,WE,Towers with Radar,126,30,21,1,178,0,5,101,1,107,126,35,122,2,285,12,0,12,297
10/29/2022,RNO,NV,AWP,WE,Towers with Radar,87,21,14,0,122,0,1,75,2,78,87,22,89,2,200,12,0,12,212
10/30/2022,RNO,NV,AWP,WE,Towers with Radar,98,29,18,0,145,0,6,81,0,87,98,35,99,0,232,16,0,16,248
10/31/2022,RNO,NV,AWP,WE,Towers with Radar,110,39,19,0,168,0,2,98,2,102,110,41,117,2,270,12,0,12,282
11/01/2022,RNO,NV,AWP,WE,Towers with Radar,121,22,27,2,172,0,0,5,4,9,121,22,32,6,181,0,0,0,181
11/02/2022,RNO,NV,AWP,WE,Towers with Radar,119,31,25,2,177,0,0,1,0,1,119,31,26,2,178,4,18,22,200
11/03/2022,RNO,NV,AWP,WE,Towers with Radar,127,33,33,2,195,0,1,62,0,63,127,34,95,2,258,0,0,0,258
11/04/2022,RNO,NV,AWP,WE,Towers with Radar,118,42,22,1,183,0,1,93,0,94,118,43,115,1,277,26,4,30,307
11/05/2022,RNO,NV,AWP,WE,Towers with Radar,84,28,23,1,136,0,1,9,0,10,84,29,32,1,146,0,0,0,146
11/06/2022,RNO,NV,AWP,WE,Towers with Radar,114,26,27,3,170,0,1,12,0,13,114,27,39,3,183,2,0,2,185
11/07/2022,RNO,NV,AWP,WE,Towers with Radar,118,29,16,0,163,0,1,2,0,3,118,30,18,0,166,0,0,0,166
11/08/2022,RNO,NV,AWP,WE,Towers with Radar,118,14,23,0,155,0,0,1,0,1,118,14,24,0,156,0,0,0,156
11/09/2022,RNO,NV,AWP,WE,Towers with Radar,130,35,30,1,196,0,0,13,0,13,130,35,43,1,209,6,0,6,215
11/10/2022,RNO,NV,AWP,WE,Towers with Radar,128,37,28,1,194,0,5,96,2,103,128,42,124,3,297,14,0,14,311
11/11/2022,RNO,NV,AWP,WE,Towers with Radar,128,36,25,0,189,0,1,89,0,90,128,37,114,0,279,2,0,2,281
11/12/2022,RNO,NV,AWP,WE,Towers with Radar,92,44,23,0,159,0,1,22,0,23,92,45,45,0,182,2,0,2,184
11/13/2022,RNO,NV,AWP,WE,Towers with Radar,116,29,27,1,173,0,4,99,2,105,116,33,126,3,278,0,0,0,278
11/14/2022,RNO,NV,AWP,WE,Towers with Radar,119,35,39,2,195,0,2,85,1,88,119,37,124,3,283,16,0,16,299
11/15/2022,RNO,NV,AWP,WE,Towers with Radar,124,32,24,1,181,0,4,88,5,97,124,36,112,6,278,8,0,8,286
11/16/2022,RNO,NV,AWP,WE,Towers with Radar,125,29,36,2,192,0,2,37,3,42,125,31,73,5,234,34,0,34,268
11/17/2022,RNO,NV,AWP,WE,Towers with Radar,128,39,42,4,213,0,5,90,1,96,128,44,132,5,309,32,0,32,341
11/18/2022,RNO,NV,AWP,WE,Towers with Radar,129,30,34,0,193,0,5,70,0,75,129,35,104,0,268,9,0,9,277
11/19/2022,RNO,NV,AWP,WE,Towers with Radar,100,38,31,0,169,0,5,92,3,100,100,43,123,3,269,10,0,10,279
11/20/2022,RNO,NV,AWP,WE,Towers with Radar,120,38,17,1,176,0,4,91,0,95,120,42,108,1,271,72,0,72,343
11/21/2022,RNO,NV,AWP,WE,Towers with Radar,131,38,17,3,189,0,3,59,4,66,131,41,76,7,255,0,0,0,255
11/22/2022,RNO,NV,AWP,WE,Towers with Radar,141,46,20,2,209,0,7,80,12,99,141,53,100,14,308,16,12,28,336
11/23/2022,RNO,NV,AWP,WE,Towers with Radar,140,32,19,1,192,0,7,38,0,45,140,39,57,1,237,30,0,30,267
11/24/2022,RNO,NV,AWP,WE,Towers with Radar,74,17,4,1,96,0,6,14,0,20,74,23,18,1,116,2,0,2,118
11/25/2022,RNO,NV,AWP,WE,Towers with Radar,120,30,12,1,163,0,5,80,0,85,120,35,92,1,248,50,0,50,298
11/26/2022,RNO,NV,AWP,WE,Towers with Radar,103,25,19,1,148,0,2,70,0,72,103,27,89,1,220,20,0,20,240
11/27/2022,RNO,NV,AWP,WE,Towers with Radar,126,41,25,1,193,0,5,80,1,86,126,46,105,2,279,10,0,10,289
11/28/2022,RNO,NV,AWP,WE,Towers with Radar,133,29,24,1,187,0,0,5,0,5,133,29,29,1,192,0,0,0,192
11/29/2022,RNO,NV,AWP,WE,Towers with Radar,130,40,28,1,199,0,3,97,0,100,130,43,125,1,299,37,4,41,340
11/30/2022,RNO,NV,AWP,WE,Towers with Radar,118,24,23,2,167,0,4,31,0,35,118,28,54,2,202,6,0,6,208
12/01/2022,RNO,NV,AWP,WE,Towers with Radar,130,32,21,1,184,0,0,0,0,0,130,32,21,1,184,2,0,2,186
12/02/2022,RNO,NV,AWP,WE,Towers with Radar,121,37,42,4,204,0,6,89,3,98,121,43,131,7,302,62,0,62,364
12/03/2022,RNO,NV,AWP,WE,Towers with Radar,84,31,28,1,144,0,0,17,0,17,84,31,45,1,161,58,0,58,219
12/04/2022,RNO,NV,AWP,WE,Towers with Radar,115,41,20,4,180,0,0,7,3,10,115,41,27,7,190,50,0,50,240
12/05/2022,RNO,NV,AWP,WE,Towers with Radar,117,35,39,1,192,0,0,18,0,18,117,35,57,1,210,6,0,6,216
12/06/2022,RNO,NV,AWP,WE,Towers with Radar,120,40,43,2,205,0,1,100,0,101,120,41,143,2,306,45,0,45,351
12/07/2022,RNO,NV,AWP,WE,Towers with Radar,121,30,21,7,179,0,2,43,2,47,121,32,64,9,226,10,8,18,244
12/08/2022,RNO,NV,AWP,WE,Towers with Radar,124,46,30,2,202,0,3,73,0,76,124,49,103,2,278,46,0,46,324
12/09/2022,RNO,NV,AWP,WE,Towers with Radar,123,35,47,6,211,0,0,37,1,38,123,35,84,7,249,36,0,36,285
12/10/2022,RNO,NV,AWP,WE,Towers with Radar,82,20,10,1,113,0,0,0,1,1,82,20,10,2,114,0,0,0,114
12/11/2022,RNO,NV,AWP,WE,Towers with Radar,112,37,27,6,182,0,0,2,0,2,112,37,29,6,184,2,0,2,186
12/12/2022,RNO,NV,AWP,WE,Towers with Radar,116,49,41,5,211,0,0,45,0,45,116,49,86,5,256,63,0,63,319
12/13/2022,RNO,NV,AWP,WE,Towers with Radar,124,37,36,4,201,0,2,83,22,107,124,39,119,26,308,14,48,62,370
12/14/2022,RNO,NV,AWP,WE,Towers with Radar,126,24,21,3,174,0,2,33,13,48,126,26,54,16,222,18,10,28,250
12/15/2022,RNO,NV,AWP,WE,Towers with Radar,134,39,36,6,215,0,3,77,9,89,134,42,113,15,304,30,0,30,334
12/16/2022,RNO,NV,AWP,WE,Towers with Radar,135,39,28,2,204,0,1,50,2,53,135,40,78,4,257,184,0,184,441
12/17/2022,RNO,NV,AWP,WE,Towers with Radar,103,25,35,0,163,0,0,5,0,5,103,25,40,0,168,64,0,64,232
12/18/2022,RNO,NV,AWP,WE,Towers with Radar,118,30,22,0,170,0,1,8,0,9,118,31,30,0,179,0,0,0,179
12/19/2022,RNO,NV,AWP,WE,Towers with Radar,132,28,26,0,186,0,1,57,0,58,132,29,83,0,244,8,0,8,252
12/20/2022,RNO,NV,AWP,WE,Towers with Radar,131,27,25,4,187,0,2,72,5,79,131,29,97,9,266,24,4,28,294
12/21/2022,RNO,NV,AWP,WE,Towers with Radar,141,29,30,1,201,0,2,21,4,27,141,31,51,5,228,4,2,6,234
12/22/2022,RNO,NV,AWP,WE,Towers with Radar,133,39,34,2,208,0,4,86,0,90,133,43,120,2,298,68,4,72,370
12/23/2022,RNO,NV,AWP,WE,Towers with Radar,111,42,18,0,171,0,3,101,0,104,111,45,119,0,275,36,0,36,311
12/24/2022,RNO,NV,AWP,WE,Towers with Radar,74,29,16,0,119,0,2,54,0,56,74,31,70,0,175,10,0,10,185
12/25/2022,RNO,NV,AWP,WE,Towers with Radar,75,36,6,0,117,0,2,13,0,15,75,38,19,0,132,6,0,6,138
12/26/2022,RNO,NV,AWP,WE,Towers with Radar,75,43,57,0,175,0,0,77,1,78,75,43,134,1,253,27,0,27,280
12/27/2022,RNO,NV,AWP,WE,Towers with Radar,96,30,44,1,171,0,0,1,0,1,96,30,45,1,172,0,0,0,172
12/28/2022,RNO,NV,AWP,WE,Towers with Radar,95,53,44,0,192,0,0,43,1,44,95,53,87,1,236,24,0,24,260
12/29/2022,RNO,NV,AWP,WE,Towers with Radar,102,49,38,2,191,0,0,12,0,12,102,49,50,2,203,28,0,28,231
12/30/2022,RNO,NV,AWP,WE,Towers with Radar,137,45,49,0,231,0,0,3,0,3,137,45,52,0,234,0,0,0,234
12/31/2022,RNO,NV,AWP,WE,Towers with Radar,39,13,11,2,65,0,0,0,0,0,39,13,11,2,65,0,0,0,65
01/01/2023,RNO,NV,AWP,WE,Towers with Radar,107,58,53,0,218,0,2,25,0,27,107,60,78,0,245,12,0,12,257
01/02/2023,RNO,NV,AWP,WE,Towers with Radar,117,48,58,1,224,0,2,30,0,32,117,50,88,1,256,62,0,62,318
01/03/2023,RNO,NV,AWP,WE,Towers with Radar,134,58,54,4,250,0,1,13,3,17,134,59,67,7,267,36,14,50,317
01/04/2023,RNO,NV,AWP,WE,Towers with Radar,124,36,11,0,171,0,0,2,0,2,124,36,13,0,173,12,0,12,185
01/05/2023,RNO,NV,AWP,WE,Towers with Radar,131,50,31,6,218,0,0,5,2,7,131,50,36,8,225,0,0,0,225
01/06/2023,RNO,NV,AWP,WE,Towers with Radar,130,51,35,7,223,0,1,89,0,90,130,52,124,7,313,26,0,26,339
01/07/2023,RNO,NV,AWP,WE,Towers with Radar,86,40,26,5,157,0,0,27,2,29,86,40,53,7,186,46,14,60,246
01/08/2023,RNO,NV,AWP,WE,Towers with Radar,115,38,33,4,190,0,0,3,0,3,115,38,36,4,193,0,0,0,193
01/09/2023,RNO,NV,AWP,WE,Towers with Radar,117,34,22,3,176,0,0,2,0,2,117,34,24,3,178,12,0,12,190
01/10/2023,RNO,NV,AWP,WE,Towers with Radar,124,20,24,3,171,0,0,1,0,1,124,20,25,3,172,0,0,0,172
01/11/2023,RNO,NV,AWP,WE,Towers with Radar,118,47,21,5,191,0,0,5,0,5,118,47,26,5,196,0,0,0,196
01/12/2023,RNO,NV,AWP,WE,Towers with Radar,129,53,52,4,238,0,2,106,1,109,129,55,158,5,347,42,0,42,389
01/13/2023,RNO,NV,AWP,WE,Towers with Radar,120,78,55,1,254,0,0,39,1,40,120,78,94,2,294,22,0,22,316
01/14/2023,RNO,NV,AWP,WE,Towers with Radar,82,39,13,0,134,0,0,0,1,1,82,39,13,1,135,0,0,0,135
01/15/2023,RNO,NV,AWP,WE,Towers with Radar,105,43,33,4,185,0,0,38,2,40,105,43,71,6,225,44,0,44,269
01/16/2023,RNO,NV,AWP,WE,Towers with Radar,110,58,29,0,197,0,0,2,0,2,110,58,31,0,199,0,0,0,199
01/17/2023,RNO,NV,AWP,WE,Towers with Radar,120,50,38,3,211,0,2,81,6,89,120,52,119,9,300,48,0,48,348
01/18/2023,RNO,NV,AWP,WE,Towers with Radar,122,30,29,5,186,0,2,42,1,45,122,32,71,6,231,48,0,48,279
01/19/2023,RNO,NV,AWP,WE,Towers with Radar,126,39,24,2,191,0,1,54,8,63,126,40,78,10,254,48,22,70,324
01/20/2023,RNO,NV,AWP,WE,Towers with Radar,121,40,25,3,189,0,6,107,3,116,121,46,132,6,305,18,0,18,323
01/21/2023,RNO,NV,AWP,WE,Towers with Radar,86,31,20,1,138,0,3,108,3,114,86,34,128,4,252,20,0,20,272
01/22/2023,RNO,NV,AWP,WE,Towers with Radar,105,36,17,2,160,0,2,66,0,68,105,38,83,2,228,44,0,44,272
01/23/2023,RNO,NV,AWP,WE,Towers with Radar,112,42,23,1,178,0,1,75,2,78,112,43,98,3,256,31,0,31,287
01/24/2023,RNO,NV,AWP,WE,Towers with Radar,120,28,26,0,174,0,3,78,3,84,120,31,104,3,258,28,0,28,286
01/25/2023,RNO,NV,AWP,WE,Towers with Radar,121,29,23,0,173,0,0,73,2,75,121,29,96,2,248,15,0,15,263
01/26/2023,RNO,NV,AWP,WE,Towers with Radar,126,45,32,4,207,0,4,84,2,90,126,49,116,6,297,34,0,34,331
01/27/2023,RNO,NV,AWP,WE,Towers with Radar,120,46,25,3,194,0,1,84,0,85,120,47,109,3,279,54,0,54,333
01/28/2023,RNO,NV,AWP,WE,Towers with Radar,88,24,18,2,132,0,0,108,0,108,88,24,126,2,240,10,0,10,250
01/29/2023,RNO,NV,AWP,WE,Towers with Radar,98,57,32,0,187,0,0,0,0,0,98,57,32,0,187,0,0,0,187
01/30/2023,RNO,NV,AWP,WE,Towers with Radar,102,32,31,0,165,0,0,46,0,46,102,32,77,0,211,45,0,45,256
01/31/2023,RNO,NV,AWP,WE,Towers with Radar,110,33,24,0,167,0,2,71,4,77,110,35,95,4,244,14,0,14,258
02/01/2023,RNO,NV,AWP,WE,Towers with Radar,107,21,17,0,145,0,2,62,1,65,107,23,79,1,210,18,0,18,228
02/02/2023,RNO,NV,AWP,WE,Towers with Radar,118,35,25,0,178,0,4,79,0,83,118,39,104,0,261,35,0,35,296
02/03/2023,RNO,NV,AWP,WE,Towers with Radar,121,45,36,6,208,0,2,8,18,28,121,47,44,24,236,36,0,36,272
02/04/2023,RNO,NV,AWP,WE,Towers with Radar,88,36,19,4,147,0,1,77,0,78,88,37,96,4,225,30,0,30,255
02/05/2023,RNO,NV,AWP,WE,Towers with Radar,116,61,45,3,225,0,0,5,0,5,116,61,50,3,230,0,0,0,230
02/06/2023,RNO,NV,AWP,WE,Towers with Radar,118,56,36,2,212,0,3,75,1,79,118,59,111,3,291,38,0,38,329
02/07/2023,RNO,NV,AWP,WE,Towers with Radar,124,27,21,6,178,0,1,75,3,79,124,28,96,9,257,64,2,66,323
02/08/2023,RNO,NV,AWP,WE,Towers with Radar,119,33,29,2,183,0,2,86,2,90,119,35,115,4,273,6,0,6,279
02/09/2023,RNO,NV,AWP,WE,Towers with Radar,132,52,30,4,218,0,9,119,4,132,132,61,149,8,350,20,0,20,370
02/10/2023,RNO,NV,AWP,WE,Towers with Radar,133,52,16,6,207,0,3,87,3,93,133,55,103,9,300,6,4,10,310
02/11/2023,RNO,NV,AWP,WE,Towers with Radar,94,34,15,1,144,0,1,15,4,20,94,35,30,5,164,36,6,42,206
02/12/2023,RNO,NV,AWP,WE,Towers with Radar,111,26,18,1,156,0,2,76,2,80,111,28,94,3,236,44,0,44,280
02/13/2023,RNO,NV,AWP,WE,Towers with Radar,128,38,21,0,187,0,1,63,0,64,128,39,84,0,251,10,0,10,261
02/14/2023,RNO,NV,AWP,WE,Towers with Radar,130,18,13,3,164,0,1,21,0,22,130,19,34,3,186,0,0,0,186
02/15/2023,RNO,NV,AWP,WE,Towers with Radar,132,25,19,11,187,0,4,63,15,82,132,29,82,26,269,14,24,38,307
02/16/2023,RNO,NV,AWP,WE,Towers with Radar,139,38,35,5,217,0,5,104,3,112,139,43,139,8,329,36,0,36,365
02/17/2023,RNO,NV,AWP,WE,Towers with Radar,136,39,40,0,215,0,1,87,0,88,136,40,127,0,303,40,0,40,343
02/18/2023,RNO,NV,AWP,WE,Towers with Radar,94,19,28,0,141,0,6,112,0,118,94,25,140,0,259,38,0,38,297
02/19/2023,RNO,NV,AWP,WE,Towers with Radar,111,37,28,4,180,0,3,73,0,76,111,40,101,4,256,62,0,62,318
02/20/2023,RNO,NV,AWP,WE,Towers with Radar,123,44,36,2,205,0,0,124,2,126,123,44,160,4,331,41,0,41,372
02/21/2023,RNO,NV,AWP,WE,Towers with Radar,130,25,22,5,182,0,0,10,1,11,130,25,32,6,193,0,2,2,195
02/22/2023,RNO,NV,AWP,WE,Towers with Radar,137,36,37,1,211,0,0,3,5,8,137,36,40,6,219,0,8,8,227
02/23/2023,RNO,NV,AWP,WE,Towers with Radar,138,57,56,2,253,0,0,3,0,3,138,57,59,2,256,0,0,0,256
02/24/2023,RNO,NV,AWP,WE,Towers with Radar,75,9,18,1,103,0,0,0,0,0,75,9,18,1,103,0,0,0,103
02/25/2023,RNO,NV,AWP,WE,Towers with Radar,95,45,55,3,198,0,0,4,2,6,95,45,59,5,204,10,0,10,214
02/26/2023,RNO,NV,AWP,WE,Towers with Radar,111,62,45,4,222,0,0,13,0,13,111,62,58,4,235,20,0,20,255
02/27/2023,RNO,NV,AWP,WE,Towers with Radar,111,18,21,2,152,0,0,3,3,6,111,18,24,5,158,0,0,0,158
02/28/2023,RNO,NV,AWP,WE,Towers with Radar,117,9,16,0,142,0,0,0,0,0,117,9,16,0,142,0,0,0,142
03/01/2023,RNO,NV,AWP,WE,Towers with Radar,136,32,35,4,207,0,3,8,2,13,136,35,43,6,220,10,2,12,232
03/02/2023,RNO,NV,AWP,WE,Towers with Radar,136,44,49,4,233,1,5,90,2,98,137,49,139,6,331,32,4,36,367
03/03/2023,RNO,NV,AWP,WE,Towers with Radar,135,39,43,5,222,0,4,99,7,110,135,43,142,12,332,18,4,22,354
03/04/2023,RNO,NV,AWP,WE,Towers with Radar,104,15,12,0,131,0,2,1,0,3,104,17,13,0,134,0,0,0,134
03/05/2023,RNO,NV,AWP,WE,Towers with Radar,108,35,23,1,167,0,0,2,0,2,108,35,25,1,169,2,0,2,171
03/06/2023,RNO,NV,AWP,WE,Towers with Radar,129,49,42,1,221,0,0,34,1,35,129,49,76,2,256,30,0,30,286
03/07/2023,RNO,NV,AWP,WE,Towers with Radar,142,31,18,7,198,0,0,8,4,12,142,31,26,11,210,77,10,87,297
03/08/2023,RNO,NV,AWP,WE,Towers with Radar,133,16,40,1,190,0,0,4,4,8,133,16,44,5,198,4,4,8,206
03/09/2023,RNO,NV,AWP,WE,Towers with Radar,133,27,37,1,198,0,2,39,0,41,133,29,76,1,239,26,14,40,279
03/10/2023,RNO,NV,AWP,WE,Towers with Radar,141,32,23,1,197,0,0,3,1,4,141,32,26,2,201,0,0,0,201
03/11/2023,RNO,NV,AWP,WE,Towers with Radar,100,25,18,2,145,0,0,0,1,1,100,25,18,3,146,0,0,0,146
03/12/2023,RNO,NV,AWP,WE,Towers with Radar,109,34,19,3,165,0,0,15,0,15,109,34,34,3,180,21,0,21,201
03/13/2023,RNO,NV,AWP,WE,Towers with Radar,129,41,25,3,198,0,1,6,0,7,129,42,31,3,205,26,0,26,231
03/14/2023,RNO,NV,AWP,WE,Towers with Radar,128,8,19,1,156,0,0,0,0,0,128,8,19,1,156,0,10,10,166
03/15/2023,RNO,NV,AWP,WE,Towers with Radar,134,20,21,0,175,0,0,58,9,67,134,20,79,9,242,103,0,103,345
03/16/2023,RNO,NV,AWP,WE,Towers with Radar,138,36,29,7,210,0,11,131,8,150,138,47,160,15,360,54,12,66,426
03/17/2023,RNO,NV,AWP,WE,Towers with Radar,132,32,21,1,186,0,2,116,0,118,132,34,137,1,304,60,0,60,364
03/18/2023,RNO,NV,AWP,WE,Towers with Radar,98,23,15,0,136,0,0,132,3,135,98,23,147,3,271,100,0,100,371
03/19/2023,RNO,NV,AWP,WE,Towers with Radar,110,68,28,2,208,0,1,3,0,4,110,69,31,2,212,0,0,0,212
03/20/2023,RNO,NV,AWP,WE,Towers with Radar,130,32,17,2,181,0,1,31,4,36,130,33,48,6,217,6,0,6,223
03/21/2023,RNO,NV,AWP,WE,Towers with Radar,126,18,19,7,170,0,0,2,6,8,126,18,21,13,178,0,3,3,181
03/22/2023,RNO,NV,AWP,WE,Towers with Radar,135,25,20,1,181,0,0,34,12,46,135,25,54,13,227,12,12,24,251
03/23/2023,RNO,NV,AWP,WE,Towers with Radar,141,48,18,0,207,0,0,25,6,31,141,48,43,6,238,2,0,2,240
03/24/2023,RNO,NV,AWP,WE,Towers with Radar,129,40,23,4,196,0,1,42,3,46,129,41,65,7,242,0,0,0,242
03/25/2023,RNO,NV,AWP,WE,Towers with Radar,101,15,13,4,133,0,1,69,0,70,101,16,82,4,203,64,0,64,267
03/26/2023,RNO,NV,AWP,WE,Towers with Radar,102,51,23,9,185,0,0,57,0,57,102,51,80,9,242,54,0,54,296
03/27/2023,RNO,NV,AWP,WE,Towers with Radar,118,23,22,0,163,0,2,89,2,93,118,25,111,2,256,22,0,22,278
03/28/2023,RNO,NV,AWP,WE,Towers with Radar,127,16,26,0,169,0,0,2,0,2,127,16,28,0,171,0,0,0,171
03/29/2023,RNO,NV,AWP,WE,Towers with Radar,132,24,20,2,178,0,1,21,9,31,132,25,41,11,209,8,4,12,221
03/30/2023,RNO,NV,AWP,WE,Towers with Radar,128,38,35,0,201,0,1,56,6,63,128,39,91,6,264,42,0,42,306
03/31/2023,RNO,NV,AWP,WE,Towers with Radar,121,39,28,2,190,0,0,108,3,111,121,39,136,5,301,16,0,16,317
04/01/2023,RNO,NV,AWP,WE,Towers with Radar,95,22,19,3,139,0,0,19,6,25,95,22,38,9,164,91,26,117,281
04/02/2023,RNO,NV,AWP,WE,Towers with Radar,104,43,36,3,186,0,2,5,0,7,104,45,41,3,193,0,0,0,193
04/03/2023,RNO,NV,AWP,WE,Towers with Radar,120,35,27,1,183,0,0,1,1,2,120,35,28,2,185,0,0,0,185
04/04/2023,RNO,NV,AWP,WE,Towers with Radar,128,26,22,2,178,0,0,69,0,69,128,26,91,2,247,46,0,46,293
04/05/2023,RNO,NV,AWP,WE,Towers with Radar,122,20,25,1,168,0,1,110,1,112,122,21,135,2,280,66,0,66,346
04/06/2023,RNO,NV,AWP,WE,Towers with Radar,129,19,33,5,186,0,1,101,1,103,129,20,134,6,289,4,2,6,295
04/07/2023,RNO,NV,AWP,WE,Towers with Radar,125,24,28,2,179,0,1,7,0,8,125,25,35,2,187,65,0,65,252
04/08/2023,RNO,NV,AWP,WE,Towers with Radar,94,20,26,1,141,0,0,105,0,105,94,20,131,1,246,32,0,32,278
04/09/2023,RNO,NV,AWP,WE,Towers with Radar,100,18,19,0,137,0,3,76,0,79,100,21,95,0,216,56,0,56,272
04/10/2023,RNO,NV,AWP,WE,Towers with Radar,120,25,35,5,185,0,2,57,0,59,120,27,92,5,244,18,0,18,262
04/11/2023,RNO,NV,AWP,WE,Towers with Radar,129,23,25,0,177,0,2,32,0,34,129,25,57,0,211,18,0,18,229
04/12/2023,RNO,NV,AWP,WE,Towers with Radar,131,15,23,1,170,0,1,54,0,55,131,16,77,1,225,62,0,62,287
04/13/2023,RNO,NV,AWP,WE,Towers with Radar,133,23,31,2,189,0,4,109,3,116,133,27,140,5,305,10,0,10,315
04/14/2023,RNO,NV,AWP,WE,Towers with Radar,131,27,35,2,195,0,5,93,3,101,131,32,128,5,296,16,0,16,312
04/15/2023,RNO,NV,AWP,WE,Towers with Radar,97,27,29,3,156,0,1,124,0,125,97,28,153,3,281,48,0,48,329
04/16/2023,RNO,NV,AWP,WE,Towers with Radar,97,15,14,5,131,0,3,37,1,41,97,18,51,6,172,26,0,26,198
04/17/2023,RNO,NV,AWP,WE,Towers with Radar,121,21,28,2,172,0,1,16,0,17,121,22,44,2,189,12,0,12,201
04/18/2023,RNO,NV,AWP,WE,Towers with Radar,141,20,19,4,184,0,0,7,2,9,141,20,26,6,193,0,0,0,193
04/19/2023,RNO,NV,AWP,WE,Towers with Radar,129,17,35,2,183,0,0,84,3,87,129,17,119,5,270,56,0,56,326
04/20/2023,RNO,NV,AWP,WE,Towers with Radar,127,23,29,0,179,0,0,117,2,119,127,23,146,2,298,50,0,50,348
04/21/2023,RNO,NV,AWP,WE,Towers with Radar,128,26,34,6,194,0,1,114,0,115,128,27,148,6,309,64,0,64,373
04/22/2023,RNO,NV,AWP,WE,Towers with Radar,99,17,22,0,138,0,2,114,2,118,99,19,136,2,256,36,0,36,292
04/23/2023,RNO,NV,AWP,WE,Towers with Radar,97,22,17,0,136,0,5,70,0,75,97,27,87,0,211,0,0,0,211
04/24/2023,RNO,NV,AWP,WE,Towers with Radar,127,31,25,5,188,0,1,45,3,49,127,32,70,8,237,6,0,6,243
04/25/2023,RNO,NV,AWP,WE,Towers with Radar,122,23,25,4,174,0,0,103,4,107,122,23,128,8,281,58,0,58,339
04/26/2023,RNO,NV,AWP,WE,Towers with Radar,132,21,22,2,177,0,2,91,6,99,132,23,113,8,276,10,2,12,288
04/27/2023,RNO,NV,AWP,WE,Towers with Radar,133,31,36,5,205,0,5,109,5,119,133,36,145,10,324,90,6,96,420
04/28/2023,RNO,NV,AWP,WE,Towers with Radar,122,30,46,4,202,0,3,114,2,119,122,33,160,6,321,64,0,64,385
04/29/2023,RNO,NV,AWP,WE,Towers with Radar,100,22,12,3,137,0,2,74,0,76,100,24,86,3,213,24,0,24,237
04/30/2023,RNO,NV,AWP,WE,Towers with Radar,97,29,21,3,150,0,2,78,1,81,97,31,99,4,231,52,0,52,283
05/01/2023,RNO,NV,AWP,WE,Towers with Radar,135,29,26,1,191,0,1,55,0,56,135,30,81,1,247,4,2,6,253
05/02/2023,RNO,NV,AWP,WE,Towers with Radar,132,18,28,5,183,0,0,2,0,2,132,18,30,5,185,8,0,8,193
05/03/2023,RNO,NV,AWP,WE,Towers with Radar,124,21,28,4,177,0,1,17,9,27,124,22,45,13,204,18,0,18,222
05/04/2023,RNO,NV,AWP,WE,Towers with Radar,131,27,20,1,179,0,2,54,2,58,131,29,74,3,237,48,0,48,285
05/05/2023,RNO,NV,AWP,WE,Towers with Radar,123,27,25,4,179,0,0,31,0,31,123,27,56,4,210,66,0,66,276
05/06/2023,RNO,NV,AWP,WE,Towers with Radar,95,27,14,0,136,0,0,17,0,17,95,27,31,0,153,80,0,80,233
05/07/2023,RNO,NV,AWP,WE,Towers with Radar,95,22,23,1,141,0,0,102,0,102,95,22,125,1,243,34,0,34,277
05/08/2023,RNO,NV,AWP,WE,Towers with Radar,125,33,21,0,179,0,2,35,0,37,125,35,56,0,216,16,0,16,232
05/09/2023,RNO,NV,AWP,WE,Towers with Radar,120,30,18,1,169,0,2,117,0,119,120,32,135,1,288,85,0,85,373
05/10/2023,RNO,NV,AWP,WE,Towers with Radar,127,32,31,1,191,0,0,91,0,91,127,32,122,1,282,20,0,20,302
05/11/2023,RNO,NV,AWP,WE,Towers with Radar,134,33,24,1,192,0,4,118,1,123,134,37,142,2,315,84,0,84,399
05/12/2023,RNO,NV,AWP,WE,Towers with Radar,117,21,27,0,165,0,2,125,1,128,117,23,152,1,293,8,0,8,301
05/13/2023,RNO,NV,AWP,WE,Towers with Radar,96,16,12,0,124,0,1,122,0,123,96,17,134,0,247,64,0,64,311
05/14/2023,RNO,NV,AWP,WE,Towers with Radar,99,16,9,0,124,0,1,67,1,69,99,17,76,1,193,28,0,28,221
05/15/2023,RNO,NV,AWP,WE,Towers with Radar,120,20,14,0,154,0,0,102,0,102,120,20,116,0,256,22,0,22,278
05/16/2023,RNO,NV,AWP,WE,Towers with Radar,124,17,20,2,163,0,1,111,5,117,124,18,131,7,280,36,0,36,316
05/17/2023,RNO,NV,AWP,WE,Towers with Radar,128,22,33,3,186,0,1,118,4,123,128,23,151,7,309,2,0,2,311
05/18/2023,RNO,NV,AWP,WE,Towers with Radar,132,43,36,4,215,0,1,104,5,110,132,44,140,9,325,18,0,18,343
05/19/2023,RNO,NV,AWP,WE,Towers with Radar,124,29,23,2,178,0,2,99,3,104,124,31,122,5,282,12,6,18,300
05/20/2023,RNO,NV,AWP,WE,Towers with Radar,98,28,22,1,149,0,3,89,3,95,98,31,111,4,244,12,0,12,256
05/21/2023,RNO,NV,AWP,WE,Towers with Radar,93,25,16,0,134,0,1,86,0,87,93,26,102,0,221,20,0,20,241
05/22/2023,RNO,NV,AWP,WE,Towers with Radar,128,32,33,0,193,0,2,101,1,104,128,34,134,1,297,49,0,49,346
05/23/2023,RNO,NV,AWP,WE,Towers with Radar,123,27,15,1,166,0,0,89,0,89,123,27,104,1,255,26,0,26,281
05/24/2023,RNO,NV,AWP,WE,Towers with Radar,134,23,23,0,180,0,1,69,2,72,134,24,92,2,252,16,22,38,290
05/25/2023,RNO,NV,AWP,WE,Towers with Radar,128,36,24,0,188,0,1,71,9,81,128,37,95,9,269,44,60,104,373
05/26/2023,RNO,NV,AWP,WE,Towers with Radar,129,24,19,0,172,0,1,49,3,53,129,25,68,3,225,44,0,44,269
05/27/2023,RNO,NV,AWP,WE,Towers with Radar,98,33,16,0,147,0,0,84,1,85,98,33,100,1,232,16,0,16,248
05/28/2023,RNO,NV,AWP,WE,Towers with Radar,95,29,16,0,140,0,1,76,0,77,95,30,92,0,217,16,0,16,233
05/29/2023,RNO,NV,AWP,WE,Towers with Radar,112,19,22,2,155,0,0,84,2,86,112,19,106,4,241,4,0,4,245
05/30/2023,RNO,NV,AWP,WE,Towers with Radar,121,21,34,0,176,0,0,85,5,90,121,21,119,5,266,68,0,68,334
05/31/2023,RNO,NV,AWP,WE,Towers with Radar,133,17,24,1,175,0,1,87,9,97,133,18,111,10,272,12,4,16,288
06/01/2023,RNO,NV,AWP,WE,Towers with Radar,128,35,28,1,192,0,1,99,11,111,128,36,127,12,303,4,0,4,307
06/02/2023,RNO,NV,AWP,WE,Towers with Radar,127,20,28,1,176,0,1,127,1,129,127,21,155,2,305,32,0,32,337
06/03/2023,RNO,NV,AWP,WE,Towers with Radar,104,36,19,1,160,0,2,120,2,124,104,38,139,3,284,83,0,83,367
06/04/2023,RNO,NV,AWP,WE,Towers with Radar,113,25,17,3,158,0,2,107,1,110,113,27,124,4,268,36,0,36,304
06/05/2023,RNO,NV,AWP,WE,Towers with Radar,132,25,27,3,187,0,3,67,1,71,132,28,94,4,258,20,0,20,278
06/06/2023,RNO,NV,AWP,WE,Towers with Radar,131,28,33,0,192,0,1,67,0,68,131,29,100,0,260,54,0,54,314
06/07/2023,RNO,NV,AWP,WE,Towers with Radar,133,25,23,3,184,0,1,97,2,100,133,26,120,5,284,48,0,48,332
06/08/2023,RNO,NV,AWP,WE,Towers with Radar,141,43,37,0,221,0,1,83,3,87,141,44,120,3,308,53,0,53,361
06/09/2023,RNO,NV,AWP,WE,Towers with Radar,133,27,44,2,206,0,0,81,4,85,133,27,125,6,291,19,6,25,316
06/10/2023,RNO,NV,AWP,WE,Towers with Radar,110,17,16,2,145,0,1,78,1,80,110,18,94,3,225,62,0,62,287
06/11/2023,RNO,NV,AWP,WE,Towers with Radar,111,33,34,1,179,0,1,73,3,77,111,34,107,4,256,104,0,104,360
06/12/2023,RNO,NV,AWP,WE,Towers with Radar,128,25,19,0,172,0,1,43,0,44,128,26,62,0,216,34,0,34,250
06/13/2023,RNO,NV,AWP,WE,Towers with Radar,133,24,26,0,183,0,0,72,1,73,133,24,98,1,256,42,0,42,298
06/14/2023,RNO,NV,AWP,WE,Towers with Radar,135,37,43,0,215,0,6,118,5,129,135,43,161,5,344,50,0,50,394
06/15/2023,RNO,NV,AWP,WE,Towers with Radar,144,33,26,2,205,0,1,102,5,108,144,34,128,7,313,76,6,82,395
06/16/2023,RNO,NV,AWP,WE,Towers with Radar,146,27,38,7,218,0,5,115,7,127,146,32,153,14,345,64,0,64,409
06/17/2023,RNO,NV,AWP,WE,Towers with Radar,114,27,29,5,175,0,0,82,2,84,114,27,111,7,259,34,0,34,293
06/18/2023,RNO,NV,AWP,WE,Towers with Radar,116,26,21,2,165,0,1,27,0,28,116,27,48,2,193,4,0,4,197
06/19/2023,RNO,NV,AWP,WE,Towers with Radar,132,25,30,3,190,0,1,17,3,21,132,26,47,6,211,0,0,0,211
06/20/2023,RNO,NV,AWP,WE,Towers with Radar,145,38,35,3,221,0,1,92,1,94,145,39,127,4,315,45,0,45,360
06/21/2023,RNO,NV,AWP,WE,Towers with Radar,135,38,36,2,211,0,0,111,7,118,135,38,147,9,329,46,2,48,377
06/22/2023,RNO,NV,AWP,WE,Towers with Radar,147,42,17,4,210,0,4,110,2,116,147,46,127,6,326,17,4,21,347
06/23/2023,RNO,NV,AWP,WE,Towers with Radar,140,37,25,2,204,0,1,112,1,114,140,38,137,3,318,52,0,52,370
06/24/2023,RNO,NV,AWP,WE,Towers with Radar,112,30,28,5,175,0,0,117,0,117,112,30,145,5,292,0,0,0,292
06/25/2023,RNO,NV,AWP,WE,Towers with Radar,122,34,33,6,195,0,0,99,0,99,122,34,132,6,294,28,0,28,322
06/26/2023,RNO,NV,AWP,WE,Towers with Radar,138,42,26,2,208,0,2,84,0,86,138,44,110,2,294,2,0,2,296
06/27/2023,RNO,NV,AWP,WE,Towers with Radar,132,30,27,0,189,0,2,100,16,118,132,32,127,16,307,47,8,55,362
06/28/2023,RNO,NV,AWP,WE,Towers with Radar,137,31,31,2,201,0,3,96,3,102,137,34,127,5,303,8,8,16,319
06/29/2023,RNO,NV,AWP,WE,Towers with Radar,150,30,37,1,218,0,3,118,2,123,150,33,155,3,341,22,0,22,363
06/30/2023,RNO,NV,AWP,WE,Towers with Radar,137,31,28,1,197,0,7,112,5,124,137,38,140,6,321,16,2,18,339
07/01/2023,RNO,NV,AWP,WE,Towers with Radar,112,36,25,0,173,0,3,85,0,88,112,39,110,0,261,14,0,14,275
07/02/2023,RNO,NV,AWP,WE,Towers with Radar,118,18,21,2,159,0,6,74,1,81,118,24,95,3,240,22,0,22,262
07/03/2023,RNO,NV,AWP,WE,Towers with Radar,122,24,11,0,157,0,3,71,1,75,122,27,82,1,232,12,0,12,244
07/04/2023,RNO,NV,AWP,WE,Towers with Radar,105,27,14,0,146,0,1,71,2,74,105,28,85,2,220,38,0,38,258
07/05/2023,RNO,NV,AWP,WE,Towers with Radar,131,41,27,0,199,0,3,81,1,85,131,44,108,1,284,50,0,50,334
07/06/2023,RNO,NV,AWP,WE,Towers with Radar,153,31,17,1,202,0,2,105,2,109,153,33,122,3,311,32,0,32,343
07/07/2023,RNO,NV,AWP,WE,Towers with Radar,143,29,26,2,200,0,0,85,8,93,143,29,111,10,293,28,0,28,321
07/08/2023,RNO,NV,AWP,WE,Towers with Radar,111,21,22,0,154,0,0,88,1,89,111,21,110,1,243,2,0,2,245
07/09/2023,RNO,NV,AWP,WE,Towers with Radar,123,40,27,2,192,0,2,106,1,109,123,42,133,3,301,28,0,28,329
07/10/2023,RNO,NV,AWP,WE,Towers with Radar,143,36,33,1,213,0,1,78,8,87,143,37,111,9,300,32,0,32,332
07/11/2023,RNO,NV,AWP,WE,Towers with Radar,133,29,21,3,186,0,3,85,14,102,133,32,106,17,288,36,2,38,326
07/12/2023,RNO,NV,AWP,WE,Towers with Radar,138,31,28,0,197,0,1,108,19,128,138,32,136,19,325,16,10,26,351
07/13/2023,RNO,NV,AWP,WE,Towers with Radar,152,41,23,0,216,0,0,117,7,124,152,41,140,7,340,38,2,40,380
07/14/2023,RNO,NV,AWP,WE,Towers with Radar,140,37,27,0,204,0,2,98,4,104,140,39,125,4,308,55,0,55,363
07/15/2023,RNO,NV,AWP,WE,Towers with Radar,110,37,18,0,165,0,1,81,0,82,110,38,99,0,247,10,0,10,257
07/16/2023,RNO,NV,AWP,WE,Towers with Radar,133,37,32,0,202,0,1,67,0,68,133,38,99,0,270,28,0,28,298
07/17/2023,RNO,NV,AWP,WE,Towers with Radar,134,33,23,0,190,0,1,52,1,54,134,34,75,1,244,82,0,82,326
07/18/2023,RNO,NV,AWP,WE,Towers with Radar,140,26,15,2,183,0,1,90,10,101,140,27,105,12,284,10,6,16,300
07/19/2023,RNO,NV,AWP,WE,Towers with Radar,141,19,28,2,190,0,0,108,6,114,141,19,136,8,304,2,2,4,308
07/20/2023,RNO,NV,AWP,WE,Towers with Radar,154,42,39,2,237,0,3,95,3,101,154,45,134,5,338,43,0,43,381
07/21/2023,RNO,NV,AWP,WE,Towers with Radar,149,30,43,5,227,0,2,105,0,107,149,32,148,5,334,27,0,27,361
07/22/2023,RNO,NV,AWP,WE,Towers with Radar,109,36,18,0,163,0,2,95,0,97,109,38,113,0,260,4,0,4,264
07/23/2023,RNO,NV,AWP,WE,Towers with Radar,136,27,36,2,201,0,0,102,1,103,136,27,138,3,304,30,0,30,334
07/24/2023,RNO,NV,AWP,WE,Towers with Radar,140,34,31,2,207,0,2,62,0,64,140,36,93,2,271,22,0,22,293
07/25/2023,RNO,NV,AWP,WE,Towers with Radar,135,32,27,3,197,0,0,90,1,91,135,32,117,4,288,18,0,18,306
07/26/2023,RNO,NV,AWP,WE,Towers with Radar,128,38,23,1,190,0,2,87,0,89,128,40,110,1,279,28,0,28,307
07/27/2023,RNO,NV,AWP,WE,Towers with Radar,153,38,36,0,227,0,1,110,2,113,153,39,146,2,340,26,0,26,366
07/28/2023,RNO,NV,AWP,WE,Towers with Radar,145,38,35,1,219,0,4,105,8,117,145,42,140,9,336,42,0,42,378
07/29/2023,RNO,NV,AWP,WE,Towers with Radar,112,35,22,2,171,0,3,105,0,108,112,38,127,2,279,24,0,24,303
07/30/2023,RNO,NV,AWP,WE,Towers with Radar,129,36,30,0,195,0,1,119,1,121,129,37,149,1,316,12,0,12,328
07/31/2023,RNO,NV,AWP,WE,Towers with Radar,131,28,23,0,182,0,0,87,0,87,131,28,110,0,269,11,0,11,280
08/01/2023,RNO,NV,AWP,WE,Towers with Radar,143,23,32,1,199,0,4,98,4,106,143,27,130,5,305,52,0,52,357
08/02/2023,RNO,NV,AWP,WE,Towers with Radar,140,25,29,1,195,0,4,96,2,102,140,29,125,3,297,18,0,18,315
08/03/2023,RNO,NV,AWP,WE,Towers with Radar,151,33,44,0,228,0,4,92,2,98,151,37,136,2,326,101,0,101,427
08/04/2023,RNO,NV,AWP,WE,Towers with Radar,147,33,29,0,209,0,0,93,1,94,147,33,122,1,303,59,0,59,362
08/05/2023,RNO,NV,AWP,WE,Towers with Radar,107,25,18,3,153,0,0,93,0,93,107,25,111,3,246,32,0,32,278
08/06/2023,RNO,NV,AWP,WE,Towers with Radar,130,27,34,3,194,0,4,97,0,101,130,31,131,3,295,92,0,92,387
08/07/2023,RNO,NV,AWP,WE,Towers with Radar,139,23,28,1,191,0,1,94,4,99,139,24,122,5,290,64,0,64,354
08/08/2023,RNO,NV,AWP,WE,Towers with Radar,138,28,20,3,189,0,0,89,8,97,138,28,109,11,286,4,6,10,296
08/09/2023,RNO,NV,AWP,WE,Towers with Radar,140,22,27,5,194,0,1,81,8,90,140,23,108,13,284,84,0,84,368
08/10/2023,RNO,NV,AWP,WE,Towers with Radar,145,28,40,1,214,0,1,91,3,95,145,29,131,4,309,32,0,32,341
08/11/2023,RNO,NV,AWP,WE,Towers with Radar,146,29,26,1,202,0,4,85,4,93,146,33,111,5,295,36,0,36,331
08/12/2023,RNO,NV,AWP,WE,Towers with Radar,108,29,15,2,154,0,5,98,3,106,108,34,113,5,260,30,0,30,290
08/13/2023,RNO,NV,AWP,WE,Towers with Radar,136,32,24,4,196,0,1,109,1,111,136,33,133,5,307,38,0,38,345
08/14/2023,RNO,NV,AWP,WE,Towers with Radar,135,22,23,9,189,0,1,78,1,80,135,23,101,10,269,84,0,84,353
08/15/2023,RNO,NV,AWP,WE,Towers with Radar,138,25,31,11,205,0,3,87,8,98,138,28,118,19,303,33,0,33,336
08/16/2023,RNO,NV,AWP,WE,Towers with Radar,145,20,33,5,203,0,1,66,7,74,145,21,99,12,277,4,0,4,281
08/17/2023,RNO,NV,AWP,WE,Towers with Radar,156,35,30,9,230,0,1,65,2,68,156,36,95,11,298,35,0,35,333
08/18/2023,RNO,NV,AWP,WE,Towers with Radar,141,28,33,6,208,0,1,80,6,87,141,29,113,12,295,60,0,60,355
08/19/2023,RNO,NV,AWP,WE,Towers with Radar,112,39,36,6,193,0,2,46,0,48,112,41,82,6,241,0,0,0,241
08/20/2023,RNO,NV,AWP,WE,Towers with Radar,115,34,44,5,198,0,0,37,0,37,115,34,81,5,235,0,0,0,235
08/21/2023,RNO,NV,AWP,WE,Towers with Radar,140,35,37,8,220,0,0,23,2,25,140,35,60,10,245,24,0,24,269
08/22/2023,RNO,NV,AWP,WE,Towers with Radar,143,26,34,11,214,0,1,52,5,58,143,27,86,16,272,6,0,6,278
08/23/2023,RNO,NV,AWP,WE,Towers with Radar,140,38,59,4,241,0,3,82,8,93,140,41,141,12,334,4,0,4,338
08/24/2023,RNO,NV,AWP,WE,Towers with Radar,154,39,41,10,244,0,2,97,2,101,154,41,138,12,345,0,0,0,345
08/25/2023,RNO,NV,AWP,WE,Towers with Radar,155,35,50,4,244,0,4,108,3,115,155,39,158,7,359,0,0,0,359
08/26/2023,RNO,NV,AWP,WE,Towers with Radar,123,26,32,11,192,0,7,104,6,117,123,33,136,17,309,12,0,12,321
08/27/2023,RNO,NV,AWP,WE,Towers with Radar,147,39,38,11,235,0,22,179,1,202,147,61,217,12,437,38,0,38,475
08/28/2023,RNO,NV,AWP,WE,Towers with Radar,145,38,33,2,218,3,19,131,3,156,148,57,164,5,374,48,0,48,422
08/29/2023,RNO,NV,AWP,WE,Towers with Radar,147,34,39,4,224,0,25,118,4,147,147,59,157,8,371,29,2,31,402
08/30/2023,RNO,NV,AWP,WE,Towers with Radar,136,38,49,6,229,0,24,164,4,192,136,62,213,10,421,32,0,32,453
08/31/2023,RNO,NV,AWP,WE,Towers with Radar,158,40,43,2,243,0,18,104,3,125,158,58,147,5,368,25,0,25,393
