01/01/2000,ROA,VA,AEA,EN,Towers with Radar,12,49,7,0,68,1,1,14,0,16,13,50,21,0,84,42,0,42,126
01/02/2000,ROA,VA,AEA,EN,Towers with Radar,35,67,12,0,114,1,0,21,0,22,36,67,33,0,136,30,0,30,166
01/03/2000,ROA,VA,AEA,EN,Towers with Radar,18,92,29,7,146,1,0,21,0,22,19,92,50,7,168,238,4,242,410
01/04/2000,ROA,VA,AEA,EN,Towers with Radar,26,103,44,0,173,1,0,1,1,3,27,103,45,1,176,28,0,28,204
01/05/2000,ROA,VA,AEA,EN,Towers with Radar,65,106,29,4,204,1,0,37,1,39,66,106,66,5,243,194,0,194,437
01/06/2000,ROA,VA,AEA,EN,Towers with Radar,17,97,48,0,162,1,11,49,0,61,18,108,97,0,223,420,0,420,643
01/07/2000,ROA,VA,AEA,EN,Towers with Radar,24,103,42,0,169,1,8,48,0,57,25,111,90,0,226,266,0,266,492
01/08/2000,ROA,VA,AEA,EN,Towers with Radar,11,78,18,0,107,1,0,53,0,54,12,78,71,0,161,180,0,180,341
01/09/2000,ROA,VA,AEA,EN,Towers with Radar,12,68,16,0,96,1,0,0,0,1,13,68,16,0,97,62,0,62,159
01/10/2000,ROA,VA,AEA,EN,Towers with Radar,11,70,23,0,104,1,1,7,0,9,12,71,30,0,113,20,0,20,133
01/11/2000,ROA,VA,AEA,EN,Towers with Radar,18,92,42,4,156,1,0,6,0,7,19,92,48,4,163,8,0,8,171
01/12/2000,ROA,VA,AEA,EN,Towers with Radar,24,108,40,8,180,1,3,57,1,62,25,111,97,9,242,268,16,284,526
01/13/2000,ROA,VA,AEA,EN,Towers with Radar,24,90,42,2,158,1,1,7,0,9,25,91,49,2,167,4,0,4,171
01/14/2000,ROA,VA,AEA,EN,Towers with Radar,23,93,38,5,159,1,0,27,0,28,24,93,65,5,187,92,0,92,279
01/15/2000,ROA,VA,AEA,EN,Towers with Radar,13,84,19,0,116,0,0,54,0,54,13,84,73,0,170,294,0,294,464
01/16/2000,ROA,VA,AEA,EN,Towers with Radar,14,68,12,0,94,0,0,6,0,6,14,68,18,0,100,68,0,68,168
01/17/2000,ROA,VA,AEA,EN,Towers with Radar,16,93,42,0,151,0,1,36,0,37,16,94,78,0,188,110,0,110,298
01/18/2000,ROA,VA,AEA,EN,Towers with Radar,21,82,20,0,123,0,0,0,0,0,21,82,20,0,123,2,0,2,125
01/19/2000,ROA,VA,AEA,EN,Towers with Radar,22,99,58,0,179,0,0,13,0,13,22,99,71,0,192,180,0,180,372
01/20/2000,ROA,VA,AEA,EN,Towers with Radar,19,77,26,0,122,4,1,3,0,8,23,78,29,0,130,0,0,0,130
01/21/2000,ROA,VA,AEA,EN,Towers with Radar,25,100,36,0,161,0,0,11,0,11,25,100,47,0,172,0,0,0,172
01/22/2000,ROA,VA,AEA,EN,Towers with Radar,11,69,24,0,104,0,11,23,0,34,11,80,47,0,138,90,0,90,228
01/23/2000,ROA,VA,AEA,EN,Towers with Radar,12,52,11,0,75,2,14,0,0,16,14,66,11,0,91,0,0,0,91
01/24/2000,ROA,VA,AEA,EN,Towers with Radar,15,86,30,1,132,0,7,26,5,38,15,93,56,6,170,110,8,118,288
01/25/2000,ROA,VA,AEA,EN,Towers with Radar,14,58,20,0,92,10,11,18,0,39,24,69,38,0,131,0,0,0,131
01/26/2000,ROA,VA,AEA,EN,Towers with Radar,22,90,31,0,143,0,4,18,0,22,22,94,49,0,165,8,0,8,173
01/27/2000,ROA,VA,AEA,EN,Towers with Radar,20,102,37,1,160,0,0,32,3,35,20,102,69,4,195,16,0,16,211
01/28/2000,ROA,VA,AEA,EN,Towers with Radar,25,88,35,0,148,0,0,74,0,74,25,88,109,0,222,200,0,200,422
01/29/2000,ROA,VA,AEA,EN,Towers with Radar,15,62,21,0,98,2,2,48,0,52,17,64,69,0,150,198,2,200,350
01/30/2000,ROA,VA,AEA,EN,Towers with Radar,2,17,1,0,20,0,17,0,0,17,2,34,1,0,37,0,0,0,37
01/31/2000,ROA,VA,AEA,EN,Towers with Radar,11,90,32,1,134,0,13,6,0,19,11,103,38,1,153,6,2,8,161
02/01/2000,ROA,VA,AEA,EN,Towers with Radar,18,109,47,0,174,0,4,24,0,28,18,113,71,0,202,18,0,18,220
02/02/2000,ROA,VA,AEA,EN,Towers with Radar,25,113,26,0,164,0,1,33,0,34,25,114,59,0,198,4,0,4,202
02/03/2000,ROA,VA,AEA,EN,Towers with Radar,22,96,32,10,160,0,2,63,1,66,22,98,95,11,226,112,20,132,358
02/04/2000,ROA,VA,AEA,EN,Towers with Radar,32,98,26,0,156,0,3,8,0,11,32,101,34,0,167,26,0,26,193
02/05/2000,ROA,VA,AEA,EN,Towers with Radar,16,81,16,0,113,0,3,30,2,35,16,84,46,2,148,66,0,66,214
02/06/2000,ROA,VA,AEA,EN,Towers with Radar,14,78,16,0,108,0,5,48,0,53,14,83,64,0,161,162,2,164,325
02/07/2000,ROA,VA,AEA,EN,Towers with Radar,13,104,34,2,153,0,5,56,0,61,13,109,90,2,214,138,0,138,352
02/08/2000,ROA,VA,AEA,EN,Towers with Radar,19,112,41,11,183,0,1,36,1,38,19,113,77,12,221,346,18,364,585
02/09/2000,ROA,VA,AEA,EN,Towers with Radar,24,105,34,0,163,0,1,77,1,79,24,106,111,1,242,382,0,382,624
02/10/2000,ROA,VA,AEA,EN,Towers with Radar,21,99,40,4,164,0,1,47,1,49,21,100,87,5,213,238,4,242,455
02/11/2000,ROA,VA,AEA,EN,Towers with Radar,27,103,44,10,184,0,1,13,2,16,27,104,57,12,200,208,20,228,428
02/12/2000,ROA,VA,AEA,EN,Towers with Radar,12,78,20,0,110,0,1,2,0,3,12,79,22,0,113,8,0,8,121
02/13/2000,ROA,VA,AEA,EN,Towers with Radar,7,42,4,2,55,0,1,0,0,1,7,43,4,2,56,0,0,0,56
02/14/2000,ROA,VA,AEA,EN,Towers with Radar,13,72,32,3,120,0,1,9,0,10,13,73,41,3,130,20,0,20,150
02/15/2000,ROA,VA,AEA,EN,Towers with Radar,20,99,54,9,182,0,8,38,0,46,20,107,92,9,228,220,34,254,482
02/16/2000,ROA,VA,AEA,EN,Towers with Radar,26,117,65,0,208,0,5,30,1,36,26,122,95,1,244,152,0,152,396
02/17/2000,ROA,VA,AEA,EN,Towers with Radar,27,97,56,2,182,0,5,60,0,65,27,102,116,2,247,114,2,116,363
02/18/2000,ROA,VA,AEA,EN,Towers with Radar,23,89,35,0,147,0,1,1,0,2,23,90,36,0,149,0,0,0,149
02/19/2000,ROA,VA,AEA,EN,Towers with Radar,13,67,16,0,96,0,3,12,0,15,13,70,28,0,111,44,0,44,155
02/20/2000,ROA,VA,AEA,EN,Towers with Radar,12,80,26,0,118,0,4,16,0,20,12,84,42,0,138,62,0,62,200
02/21/2000,ROA,VA,AEA,EN,Towers with Radar,18,90,34,0,142,0,3,56,0,59,18,93,90,0,201,266,0,266,467
02/22/2000,ROA,VA,AEA,EN,Towers with Radar,23,86,46,0,155,0,1,41,0,42,23,87,87,0,197,158,0,158,355
02/23/2000,ROA,VA,AEA,EN,Towers with Radar,26,99,43,3,171,0,0,52,0,52,26,99,95,3,223,174,4,178,401
02/24/2000,ROA,VA,AEA,EN,Towers with Radar,21,102,37,2,162,4,1,52,0,57,25,103,89,2,219,252,0,252,471
02/25/2000,ROA,VA,AEA,EN,Towers with Radar,21,99,37,3,160,8,0,46,0,54,29,99,83,3,214,168,0,168,382
02/26/2000,ROA,VA,AEA,EN,Towers with Radar,17,84,33,2,136,0,0,52,6,58,17,84,85,8,194,92,4,96,290
02/27/2000,ROA,VA,AEA,EN,Towers with Radar,15,68,21,0,104,0,0,6,0,6,15,68,27,0,110,60,0,60,170
02/28/2000,ROA,VA,AEA,EN,Towers with Radar,14,106,45,6,171,0,0,23,0,23,14,106,68,6,194,28,6,34,228
02/29/2000,ROA,VA,AEA,EN,Towers with Radar,24,98,28,11,161,0,0,58,0,58,24,98,86,11,219,252,8,260,479
03/01/2000,ROA,VA,AEA,EN,Towers with Radar,22,107,37,11,177,1,0,26,0,27,23,107,63,11,204,110,8,118,322
03/02/2000,ROA,VA,AEA,EN,Towers with Radar,21,109,43,0,173,1,1,33,0,35,22,110,76,0,208,28,0,28,236
03/03/2000,ROA,VA,AEA,EN,Towers with Radar,22,113,61,2,198,1,2,68,2,73,23,115,129,4,271,232,6,238,509
03/04/2000,ROA,VA,AEA,EN,Towers with Radar,15,76,13,0,104,1,17,38,0,56,16,93,51,0,160,218,0,218,378
03/05/2000,ROA,VA,AEA,EN,Towers with Radar,11,75,31,0,117,0,4,44,0,48,11,79,75,0,165,82,0,82,247
03/06/2000,ROA,VA,AEA,EN,Towers with Radar,12,84,35,1,132,0,21,62,2,85,12,105,97,3,217,190,0,190,407
03/07/2000,ROA,VA,AEA,EN,Towers with Radar,16,100,54,3,173,1,0,62,2,65,17,100,116,5,238,222,4,226,464
03/08/2000,ROA,VA,AEA,EN,Towers with Radar,21,107,44,0,172,1,3,47,0,51,22,110,91,0,223,152,0,152,375
03/09/2000,ROA,VA,AEA,EN,Towers with Radar,21,97,44,0,162,0,1,28,0,29,21,98,72,0,191,98,0,98,289
03/10/2000,ROA,VA,AEA,EN,Towers with Radar,21,98,43,0,162,0,0,80,1,81,21,98,123,1,243,260,0,260,503
03/11/2000,ROA,VA,AEA,EN,Towers with Radar,15,74,24,0,113,0,0,2,0,2,15,74,26,0,115,0,0,0,115
03/12/2000,ROA,VA,AEA,EN,Towers with Radar,11,65,24,0,100,0,0,4,0,4,11,65,28,0,104,0,0,0,104
03/13/2000,ROA,VA,AEA,EN,Towers with Radar,15,97,44,0,156,0,6,36,0,42,15,103,80,0,198,290,0,290,488
03/14/2000,ROA,VA,AEA,EN,Towers with Radar,20,99,53,0,172,0,1,89,0,90,20,100,142,0,262,292,4,296,558
03/15/2000,ROA,VA,AEA,EN,Towers with Radar,20,97,53,7,177,0,2,67,1,70,20,99,120,8,247,266,8,274,521
03/16/2000,ROA,VA,AEA,EN,Towers with Radar,19,111,43,0,173,0,0,17,0,17,19,111,60,0,190,60,0,60,250
03/17/2000,ROA,VA,AEA,EN,Towers with Radar,23,88,31,0,142,0,3,16,0,19,23,91,47,0,161,64,0,64,225
03/18/2000,ROA,VA,AEA,EN,Towers with Radar,14,81,23,0,118,0,2,62,0,64,14,83,85,0,182,184,0,184,366
03/19/2000,ROA,VA,AEA,EN,Towers with Radar,13,76,21,0,110,0,0,5,0,5,13,76,26,0,115,144,0,144,259
03/20/2000,ROA,VA,AEA,EN,Towers with Radar,13,90,21,0,124,0,0,1,0,1,13,90,22,0,125,0,0,0,125
03/21/2000,ROA,VA,AEA,EN,Towers with Radar,20,97,58,0,175,0,2,11,0,13,20,99,69,0,188,104,0,104,292
03/22/2000,ROA,VA,AEA,EN,Towers with Radar,24,93,49,6,172,0,3,21,3,27,24,96,70,9,199,214,20,234,433
03/23/2000,ROA,VA,AEA,EN,Towers with Radar,22,106,46,0,174,0,0,44,0,44,22,106,90,0,218,172,0,172,390
03/24/2000,ROA,VA,AEA,EN,Towers with Radar,22,105,42,0,169,0,2,82,0,84,22,107,124,0,253,250,0,250,503
03/25/2000,ROA,VA,AEA,EN,Towers with Radar,19,77,29,0,125,0,1,58,0,59,19,78,87,0,184,184,0,184,368
03/26/2000,ROA,VA,AEA,EN,Towers with Radar,13,80,27,0,120,0,2,31,0,33,13,82,58,0,153,60,0,60,213
03/27/2000,ROA,VA,AEA,EN,Towers with Radar,15,90,32,10,147,0,7,29,2,38,15,97,61,12,185,102,0,102,287
03/28/2000,ROA,VA,AEA,EN,Towers with Radar,23,98,41,0,162,0,5,35,0,40,23,103,76,0,202,122,0,122,324
03/29/2000,ROA,VA,AEA,EN,Towers with Radar,24,101,67,0,192,0,4,52,1,57,24,105,119,1,249,222,0,222,471
03/30/2000,ROA,VA,AEA,EN,Towers with Radar,20,96,61,8,185,0,1,46,0,47,20,97,107,8,232,174,0,174,406
03/31/2000,ROA,VA,AEA,EN,Towers with Radar,22,112,39,4,177,0,1,95,0,96,22,113,134,4,273,242,4,246,519
04/01/2000,ROA,VA,AEA,EN,Towers with Radar,14,81,37,1,133,1,1,78,0,80,15,82,115,1,213,258,0,258,471
04/02/2000,ROA,VA,AEA,EN,Towers with Radar,10,75,23,0,108,1,1,4,0,6,11,76,27,0,114,128,0,128,242
04/03/2000,ROA,VA,AEA,EN,Towers with Radar,14,92,50,4,160,1,1,7,0,9,15,93,57,4,169,58,0,58,227
04/04/2000,ROA,VA,AEA,EN,Towers with Radar,19,93,45,0,157,1,2,14,0,17,20,95,59,0,174,20,0,20,194
04/05/2000,ROA,VA,AEA,EN,Towers with Radar,23,92,39,8,162,1,4,31,1,37,24,96,70,9,199,60,6,66,265
04/06/2000,ROA,VA,AEA,EN,Towers with Radar,17,99,45,3,164,0,14,36,6,56,17,113,81,9,220,20,0,20,240
04/07/2000,ROA,VA,AEA,EN,Towers with Radar,22,111,57,12,202,1,2,68,2,73,23,113,125,14,275,176,6,182,457
04/08/2000,ROA,VA,AEA,EN,Towers with Radar,13,68,18,0,99,1,1,12,0,14,14,69,30,0,113,108,0,108,221
04/09/2000,ROA,VA,AEA,EN,Towers with Radar,10,68,27,0,105,1,3,31,0,35,11,71,58,0,140,16,0,16,156
04/10/2000,ROA,VA,AEA,EN,Towers with Radar,14,94,26,3,137,1,11,38,0,50,15,105,64,3,187,222,0,222,409
04/11/2000,ROA,VA,AEA,EN,Towers with Radar,21,91,42,6,160,1,2,43,2,48,22,93,85,8,208,110,2,112,320
04/12/2000,ROA,VA,AEA,EN,Towers with Radar,17,108,52,2,179,1,2,37,2,42,18,110,89,4,221,202,0,202,423
04/13/2000,ROA,VA,AEA,EN,Towers with Radar,21,96,65,3,185,0,2,25,3,30,21,98,90,6,215,164,0,164,379
04/14/2000,ROA,VA,AEA,EN,Towers with Radar,21,109,55,4,189,0,1,3,0,4,21,110,58,4,193,0,0,0,193
04/15/2000,ROA,VA,AEA,EN,Towers with Radar,14,66,26,3,109,0,3,3,1,7,14,69,29,4,116,0,0,0,116
04/16/2000,ROA,VA,AEA,EN,Towers with Radar,9,74,33,2,118,0,1,57,0,58,9,75,90,2,176,152,0,152,328
04/17/2000,ROA,VA,AEA,EN,Towers with Radar,15,80,33,0,128,0,6,3,0,9,15,86,36,0,137,68,0,68,205
04/18/2000,ROA,VA,AEA,EN,Towers with Radar,19,101,44,0,164,0,3,5,0,8,19,104,49,0,172,74,6,80,252
04/19/2000,ROA,VA,AEA,EN,Towers with Radar,23,100,51,12,186,0,3,60,7,70,23,103,111,19,256,202,6,208,464
04/20/2000,ROA,VA,AEA,EN,Towers with Radar,21,97,56,8,182,0,2,62,2,66,21,99,118,10,248,164,2,166,414
04/21/2000,ROA,VA,AEA,EN,Towers with Radar,21,94,31,6,152,0,1,10,0,11,21,95,41,6,163,6,0,6,169
04/22/2000,ROA,VA,AEA,EN,Towers with Radar,16,75,19,0,110,0,2,25,0,27,16,77,44,0,137,6,0,6,143
04/23/2000,ROA,VA,AEA,EN,Towers with Radar,12,61,16,0,89,0,1,33,0,34,12,62,49,0,123,42,4,46,169
04/24/2000,ROA,VA,AEA,EN,Towers with Radar,19,100,34,2,155,0,4,27,0,31,19,104,61,2,186,228,0,228,414
04/25/2000,ROA,VA,AEA,EN,Towers with Radar,21,96,42,3,162,0,1,3,0,4,21,97,45,3,166,0,0,0,166
04/26/2000,ROA,VA,AEA,EN,Towers with Radar,19,109,53,0,181,0,1,12,0,13,19,110,65,0,194,116,0,116,310
04/27/2000,ROA,VA,AEA,EN,Towers with Radar,24,95,55,2,176,0,3,49,0,52,24,98,104,2,228,120,4,124,352
04/28/2000,ROA,VA,AEA,EN,Towers with Radar,21,95,54,4,174,0,0,11,8,19,21,95,65,12,193,70,0,70,263
04/29/2000,ROA,VA,AEA,EN,Towers with Radar,16,71,30,0,117,0,3,18,0,21,16,74,48,0,138,74,0,74,212
04/30/2000,ROA,VA,AEA,EN,Towers with Radar,13,71,31,0,115,0,4,89,1,94,13,75,120,1,209,208,0,208,417
05/01/2000,ROA,VA,AEA,EN,Towers with Radar,12,84,34,1,131,0,5,50,0,55,12,89,84,1,186,106,0,106,292
05/02/2000,ROA,VA,AEA,EN,Towers with Radar,20,95,66,0,181,0,1,41,0,42,20,96,107,0,223,152,0,152,375
05/03/2000,ROA,VA,AEA,EN,Towers with Radar,18,99,60,4,181,0,1,91,0,92,18,100,151,4,273,218,0,218,491
05/04/2000,ROA,VA,AEA,EN,Towers with Radar,22,106,50,6,184,0,6,42,0,48,22,112,92,6,232,114,20,134,366
05/05/2000,ROA,VA,AEA,EN,Towers with Radar,26,102,49,0,177,0,2,53,0,55,26,104,102,0,232,122,0,122,354
05/06/2000,ROA,VA,AEA,EN,Towers with Radar,13,63,32,0,108,0,17,28,0,45,13,80,60,0,153,54,0,54,207
05/07/2000,ROA,VA,AEA,EN,Towers with Radar,14,72,37,0,123,0,4,70,0,74,14,76,107,0,197,86,0,86,283
05/08/2000,ROA,VA,AEA,EN,Towers with Radar,16,80,41,0,137,0,14,33,0,47,16,94,74,0,184,228,0,228,412
05/09/2000,ROA,VA,AEA,EN,Towers with Radar,18,88,52,5,163,0,3,54,0,57,18,91,106,5,220,136,14,150,370
05/10/2000,ROA,VA,AEA,EN,Towers with Radar,19,100,43,2,164,0,3,24,0,27,19,103,67,2,191,90,0,90,281
05/11/2000,ROA,VA,AEA,EN,Towers with Radar,20,99,62,21,202,0,2,63,2,67,20,101,125,23,269,150,34,184,453
05/12/2000,ROA,VA,AEA,EN,Towers with Radar,21,90,59,2,172,0,5,48,0,53,21,95,107,2,225,176,0,176,401
05/13/2000,ROA,VA,AEA,EN,Towers with Radar,17,68,30,0,115,0,1,31,0,32,17,69,61,0,147,150,0,150,297
05/14/2000,ROA,VA,AEA,EN,Towers with Radar,13,72,25,0,110,0,3,50,0,53,13,75,75,0,163,74,0,74,237
05/15/2000,ROA,VA,AEA,EN,Towers with Radar,10,95,48,11,164,0,8,69,0,77,10,103,117,11,241,134,10,144,385
05/16/2000,ROA,VA,AEA,EN,Towers with Radar,18,104,73,2,197,0,3,68,2,73,18,107,141,4,270,242,0,242,512
05/17/2000,ROA,VA,AEA,EN,Towers with Radar,22,100,58,1,181,0,2,48,1,51,22,102,106,2,232,126,0,126,358
05/18/2000,ROA,VA,AEA,EN,Towers with Radar,22,89,51,0,162,0,4,41,0,45,22,93,92,0,207,94,0,94,301
05/19/2000,ROA,VA,AEA,EN,Towers with Radar,21,93,51,1,166,3,0,9,1,13,24,93,60,2,179,0,0,0,179
05/20/2000,ROA,VA,AEA,EN,Towers with Radar,15,65,39,0,119,9,0,39,0,48,24,65,78,0,167,88,0,88,255
05/21/2000,ROA,VA,AEA,EN,Towers with Radar,14,66,52,3,135,0,0,15,1,16,14,66,67,4,151,64,0,64,215
05/22/2000,ROA,VA,AEA,EN,Towers with Radar,15,91,49,1,156,0,2,22,2,26,15,93,71,3,182,186,0,186,368
05/23/2000,ROA,VA,AEA,EN,Towers with Radar,17,99,46,0,162,0,5,40,0,45,17,104,86,0,207,172,0,172,379
05/24/2000,ROA,VA,AEA,EN,Towers with Radar,24,100,47,5,176,0,1,32,2,35,24,101,79,7,211,196,4,200,411
05/25/2000,ROA,VA,AEA,EN,Towers with Radar,20,83,52,0,155,0,8,32,0,40,20,91,84,0,195,106,0,106,301
05/26/2000,ROA,VA,AEA,EN,Towers with Radar,22,94,39,0,155,0,2,153,0,155,22,96,192,0,310,224,0,224,534
05/27/2000,ROA,VA,AEA,EN,Towers with Radar,20,70,22,0,112,0,1,25,0,26,20,71,47,0,138,24,0,24,162
05/28/2000,ROA,VA,AEA,EN,Towers with Radar,18,65,11,0,94,0,0,0,0,0,18,65,11,0,94,0,0,0,94
05/29/2000,ROA,VA,AEA,EN,Towers with Radar,19,78,34,2,133,0,0,1,0,1,19,78,35,2,134,18,0,18,152
05/30/2000,ROA,VA,AEA,EN,Towers with Radar,17,91,61,2,171,0,1,38,0,39,17,92,99,2,210,212,0,212,422
05/31/2000,ROA,VA,AEA,EN,Towers with Radar,25,99,52,1,177,0,3,45,4,52,25,102,97,5,229,236,0,236,465
06/01/2000,ROA,VA,AEA,EN,Towers with Radar,23,99,54,7,183,1,0,69,0,70,24,99,123,7,253,140,0,140,393
06/02/2000,ROA,VA,AEA,EN,Towers with Radar,20,93,42,3,158,1,3,43,0,47,21,96,85,3,205,84,0,84,289
06/03/2000,ROA,VA,AEA,EN,Towers with Radar,15,69,27,2,113,1,0,28,0,29,16,69,55,2,142,68,0,68,210
06/04/2000,ROA,VA,AEA,EN,Towers with Radar,10,74,23,0,107,1,0,2,0,3,11,74,25,0,110,0,0,0,110
06/05/2000,ROA,VA,AEA,EN,Towers with Radar,14,92,36,0,142,0,0,6,0,6,14,92,42,0,148,30,0,30,178
06/06/2000,ROA,VA,AEA,EN,Towers with Radar,22,104,51,13,190,0,0,24,2,26,22,104,75,15,216,64,4,68,284
06/07/2000,ROA,VA,AEA,EN,Towers with Radar,27,100,40,0,167,0,15,71,2,88,27,115,111,2,255,204,0,204,459
06/08/2000,ROA,VA,AEA,EN,Towers with Radar,21,93,47,0,161,0,2,137,1,140,21,95,184,1,301,142,0,142,443
06/09/2000,ROA,VA,AEA,EN,Towers with Radar,19,97,44,4,164,0,10,84,0,94,19,107,128,4,258,56,6,62,320
06/10/2000,ROA,VA,AEA,EN,Towers with Radar,16,70,23,0,109,0,2,75,0,77,16,72,98,0,186,146,0,146,332
06/11/2000,ROA,VA,AEA,EN,Towers with Radar,10,70,43,1,124,0,5,63,2,70,10,75,106,3,194,42,0,42,236
06/12/2000,ROA,VA,AEA,EN,Towers with Radar,14,84,40,2,140,0,15,40,5,60,14,99,80,7,200,138,2,140,340
06/13/2000,ROA,VA,AEA,EN,Towers with Radar,21,98,45,0,164,0,3,38,0,41,21,101,83,0,205,190,0,190,395
06/14/2000,ROA,VA,AEA,EN,Towers with Radar,22,97,43,0,162,0,2,10,0,12,22,99,53,0,174,44,0,44,218
06/15/2000,ROA,VA,AEA,EN,Towers with Radar,25,87,57,4,173,0,2,5,0,7,25,89,62,4,180,66,2,68,248
06/16/2000,ROA,VA,AEA,EN,Towers with Radar,18,96,27,1,142,0,2,13,0,15,18,98,40,1,157,96,0,96,253
06/17/2000,ROA,VA,AEA,EN,Towers with Radar,16,71,28,0,115,0,5,65,0,70,16,76,93,0,185,136,0,136,321
06/18/2000,ROA,VA,AEA,EN,Towers with Radar,10,65,33,0,108,0,14,30,2,46,10,79,63,2,154,118,0,118,272
06/19/2000,ROA,VA,AEA,EN,Towers with Radar,13,86,45,1,145,0,2,29,0,31,13,88,74,1,176,136,0,136,312
06/20/2000,ROA,VA,AEA,EN,Towers with Radar,20,91,61,0,172,0,3,49,0,52,20,94,110,0,224,158,0,158,382
06/21/2000,ROA,VA,AEA,EN,Towers with Radar,23,94,56,4,177,0,4,19,0,23,23,98,75,4,200,60,0,60,260
06/22/2000,ROA,VA,AEA,EN,Towers with Radar,22,98,58,2,180,0,1,49,2,52,22,99,107,4,232,158,0,158,390
06/23/2000,ROA,VA,AEA,EN,Towers with Radar,21,92,40,0,153,0,3,88,0,91,21,95,128,0,244,106,0,106,350
06/24/2000,ROA,VA,AEA,EN,Towers with Radar,19,74,33,2,128,0,5,68,0,73,19,79,101,2,201,194,0,194,395
06/25/2000,ROA,VA,AEA,EN,Towers with Radar,17,68,26,0,111,0,0,27,0,27,17,68,53,0,138,266,0,266,404
06/26/2000,ROA,VA,AEA,EN,Towers with Radar,15,84,44,0,143,0,3,21,1,25,15,87,65,1,168,210,0,210,378
06/27/2000,ROA,VA,AEA,EN,Towers with Radar,20,90,40,3,153,0,3,22,2,27,20,93,62,5,180,84,12,96,276
06/28/2000,ROA,VA,AEA,EN,Towers with Radar,21,100,33,0,154,0,0,3,0,3,21,100,36,0,157,2,0,2,159
06/29/2000,ROA,VA,AEA,EN,Towers with Radar,17,99,76,5,197,0,4,46,1,51,17,103,122,6,248,126,10,136,384
06/30/2000,ROA,VA,AEA,EN,Towers with Radar,22,96,34,0,152,0,3,76,0,79,22,99,110,0,231,136,0,136,367
07/01/2000,ROA,VA,AEA,EN,Towers with Radar,14,75,16,0,105,0,1,56,0,57,14,76,72,0,162,220,0,220,382
07/02/2000,ROA,VA,AEA,EN,Towers with Radar,12,73,13,0,98,0,1,51,0,52,12,74,64,0,150,180,0,180,330
07/03/2000,ROA,VA,AEA,EN,Towers with Radar,11,66,30,0,107,0,24,46,0,70,11,90,76,0,177,76,0,76,253
07/04/2000,ROA,VA,AEA,EN,Towers with Radar,10,54,24,1,89,5,10,0,4,19,15,64,24,5,108,32,0,32,140
07/05/2000,ROA,VA,AEA,EN,Towers with Radar,13,85,39,0,137,0,0,14,0,14,13,85,53,0,151,92,0,92,243
07/06/2000,ROA,VA,AEA,EN,Towers with Radar,20,97,56,4,177,0,4,48,4,56,20,101,104,8,233,174,0,174,407
07/07/2000,ROA,VA,AEA,EN,Towers with Radar,22,109,52,2,185,0,0,44,2,46,22,109,96,4,231,130,0,130,361
07/08/2000,ROA,VA,AEA,EN,Towers with Radar,15,73,33,1,122,0,0,79,5,84,15,73,112,6,206,224,0,224,430
07/09/2000,ROA,VA,AEA,EN,Towers with Radar,14,71,32,0,117,6,4,36,0,46,20,75,68,0,163,102,0,102,265
07/10/2000,ROA,VA,AEA,EN,Towers with Radar,14,86,41,0,141,0,0,42,0,42,14,86,83,0,183,104,0,104,287
07/11/2000,ROA,VA,AEA,EN,Towers with Radar,19,98,56,15,188,0,0,17,0,17,19,98,73,15,205,126,14,140,345
07/12/2000,ROA,VA,AEA,EN,Towers with Radar,20,92,54,2,168,0,0,13,1,14,20,92,67,3,182,106,0,106,288
07/13/2000,ROA,VA,AEA,EN,Towers with Radar,22,103,54,3,182,0,0,10,3,13,22,103,64,6,195,170,0,170,365
07/14/2000,ROA,VA,AEA,EN,Towers with Radar,23,86,65,0,174,0,0,21,0,21,23,86,86,0,195,220,0,220,415
07/15/2000,ROA,VA,AEA,EN,Towers with Radar,16,76,30,2,124,0,2,48,0,50,16,78,78,2,174,56,0,56,230
07/16/2000,ROA,VA,AEA,EN,Towers with Radar,16,81,23,0,120,0,2,38,0,40,16,83,61,0,160,54,0,54,214
07/17/2000,ROA,VA,AEA,EN,Towers with Radar,14,94,50,6,164,0,7,66,0,73,14,101,116,6,237,176,16,192,429
07/18/2000,ROA,VA,AEA,EN,Towers with Radar,22,110,57,6,195,0,8,64,0,72,22,118,121,6,267,148,18,166,433
07/19/2000,ROA,VA,AEA,EN,Towers with Radar,25,110,52,0,187,0,0,27,6,33,25,110,79,6,220,144,0,144,364
07/20/2000,ROA,VA,AEA,EN,Towers with Radar,20,107,67,4,198,0,5,34,2,41,20,112,101,6,239,274,0,274,513
07/21/2000,ROA,VA,AEA,EN,Towers with Radar,20,112,45,3,180,0,3,76,0,79,20,115,121,3,259,68,6,74,333
07/22/2000,ROA,VA,AEA,EN,Towers with Radar,18,76,20,1,115,1,4,35,1,41,19,80,55,2,156,176,0,176,332
07/23/2000,ROA,VA,AEA,EN,Towers with Radar,15,77,20,1,113,0,2,5,0,7,15,79,25,1,120,44,0,44,164
07/24/2000,ROA,VA,AEA,EN,Towers with Radar,13,94,34,0,141,0,0,0,0,0,13,94,34,0,141,0,0,0,141
07/25/2000,ROA,VA,AEA,EN,Towers with Radar,14,80,57,10,161,0,0,4,0,4,14,80,61,10,165,72,0,72,237
07/26/2000,ROA,VA,AEA,EN,Towers with Radar,18,105,45,0,168,0,5,16,0,21,18,110,61,0,189,184,0,184,373
07/27/2000,ROA,VA,AEA,EN,Towers with Radar,22,102,46,0,170,0,1,41,0,42,22,103,87,0,212,156,0,156,368
07/28/2000,ROA,VA,AEA,EN,Towers with Radar,17,80,46,0,143,0,0,23,0,23,17,80,69,0,166,150,0,150,316
07/29/2000,ROA,VA,AEA,EN,Towers with Radar,17,67,31,1,116,0,1,24,2,27,17,68,55,3,143,114,2,116,259
07/30/2000,ROA,VA,AEA,EN,Towers with Radar,12,74,18,0,104,0,1,5,2,8,12,75,23,2,112,42,0,42,154
07/31/2000,ROA,VA,AEA,EN,Towers with Radar,14,94,44,0,152,0,0,6,0,6,14,94,50,0,158,30,0,30,188
08/01/2000,ROA,VA,AEA,EN,Towers with Radar,24,98,48,0,170,0,0,21,1,22,24,98,69,1,192,86,0,86,278
08/02/2000,ROA,VA,AEA,EN,Towers with Radar,21,102,51,1,175,0,0,15,1,16,21,102,66,2,191,154,0,154,345
08/03/2000,ROA,VA,AEA,EN,Towers with Radar,22,93,41,10,166,0,0,14,1,15,22,93,55,11,181,178,32,210,391
08/04/2000,ROA,VA,AEA,EN,Towers with Radar,26,106,36,5,173,0,3,39,1,43,26,109,75,6,216,200,20,220,436
08/05/2000,ROA,VA,AEA,EN,Towers with Radar,17,81,19,3,120,0,5,47,1,53,17,86,66,4,173,150,4,154,327
08/06/2000,ROA,VA,AEA,EN,Towers with Radar,14,72,21,2,109,0,0,12,2,14,14,72,33,4,123,18,0,18,141
08/07/2000,ROA,VA,AEA,EN,Towers with Radar,14,85,41,3,143,0,15,24,0,39,14,100,65,3,182,128,8,136,318
08/08/2000,ROA,VA,AEA,EN,Towers with Radar,20,100,44,2,166,0,0,34,1,35,20,100,78,3,201,122,0,122,323
08/09/2000,ROA,VA,AEA,EN,Towers with Radar,18,87,43,0,148,4,5,54,0,63,22,92,97,0,211,116,0,116,327
08/10/2000,ROA,VA,AEA,EN,Towers with Radar,20,94,48,2,164,0,0,36,0,36,20,94,84,2,200,126,0,126,326
08/11/2000,ROA,VA,AEA,EN,Towers with Radar,24,106,46,6,182,0,3,54,0,57,24,109,100,6,239,208,0,208,447
08/12/2000,ROA,VA,AEA,EN,Towers with Radar,17,69,29,0,115,0,4,52,0,56,17,73,81,0,171,182,0,182,353
08/13/2000,ROA,VA,AEA,EN,Towers with Radar,9,76,19,0,104,0,1,35,0,36,9,77,54,0,140,124,0,124,264
08/14/2000,ROA,VA,AEA,EN,Towers with Radar,15,91,59,19,184,0,8,31,1,40,15,99,90,20,224,186,40,226,450
08/15/2000,ROA,VA,AEA,EN,Towers with Radar,25,98,55,0,178,0,5,58,0,63,25,103,113,0,241,82,0,82,323
08/16/2000,ROA,VA,AEA,EN,Towers with Radar,23,96,44,0,163,0,1,35,0,36,23,97,79,0,199,116,0,116,315
08/17/2000,ROA,VA,AEA,EN,Towers with Radar,30,98,59,13,200,0,2,46,0,48,30,100,105,13,248,70,10,80,328
08/18/2000,ROA,VA,AEA,EN,Towers with Radar,28,89,42,0,159,0,1,6,0,7,28,90,48,0,166,2,0,2,168
08/19/2000,ROA,VA,AEA,EN,Towers with Radar,16,74,11,4,105,0,3,50,0,53,16,77,61,4,158,158,0,158,316
08/20/2000,ROA,VA,AEA,EN,Towers with Radar,13,78,35,0,126,0,4,51,0,55,13,82,86,0,181,28,0,28,209
08/21/2000,ROA,VA,AEA,EN,Towers with Radar,15,103,58,3,179,0,2,27,0,29,15,105,85,3,208,182,2,184,392
08/22/2000,ROA,VA,AEA,EN,Towers with Radar,20,99,45,0,164,0,10,52,0,62,20,109,97,0,226,92,0,92,318
08/23/2000,ROA,VA,AEA,EN,Towers with Radar,20,102,57,1,180,0,0,22,0,22,20,102,79,1,202,40,0,40,242
08/24/2000,ROA,VA,AEA,EN,Towers with Radar,21,100,65,2,188,0,0,20,0,20,21,100,85,2,208,178,0,178,386
08/25/2000,ROA,VA,AEA,EN,Towers with Radar,22,93,61,2,178,0,4,20,0,24,22,97,81,2,202,172,0,172,374
08/26/2000,ROA,VA,AEA,EN,Towers with Radar,19,89,39,0,147,0,8,38,0,46,19,97,77,0,193,102,0,102,295
08/27/2000,ROA,VA,AEA,EN,Towers with Radar,16,74,30,0,120,0,5,10,0,15,16,79,40,0,135,62,0,62,197
08/28/2000,ROA,VA,AEA,EN,Towers with Radar,17,106,53,6,182,0,4,20,0,24,17,110,73,6,206,130,6,136,342
08/29/2000,ROA,VA,AEA,EN,Towers with Radar,21,97,60,7,185,0,4,25,1,30,21,101,85,8,215,86,8,94,309
08/30/2000,ROA,VA,AEA,EN,Towers with Radar,21,100,58,8,187,0,10,18,1,29,21,110,76,9,216,14,10,24,240
08/31/2000,ROA,VA,AEA,EN,Towers with Radar,16,101,48,4,169,0,0,7,0,7,16,101,55,4,176,22,0,22,198
09/01/2000,ROA,VA,AEA,EN,Towers with Radar,22,99,45,1,167,0,1,5,0,6,22,100,50,1,173,10,0,10,183
09/02/2000,ROA,VA,AEA,EN,Towers with Radar,17,80,28,3,128,0,4,5,1,10,17,84,33,4,138,0,0,0,138
09/03/2000,ROA,VA,AEA,EN,Towers with Radar,16,62,24,0,102,0,3,4,0,7,16,65,28,0,109,44,0,44,153
09/04/2000,ROA,VA,AEA,EN,Towers with Radar,13,74,32,0,119,0,0,8,0,8,13,74,40,0,127,76,0,76,203
09/05/2000,ROA,VA,AEA,EN,Towers with Radar,15,105,54,2,176,0,2,5,0,7,15,107,59,2,183,80,0,80,263
09/06/2000,ROA,VA,AEA,EN,Towers with Radar,20,91,68,5,184,0,2,44,1,47,20,93,112,6,231,108,0,108,339
09/07/2000,ROA,VA,AEA,EN,Towers with Radar,20,104,58,0,182,0,5,52,0,57,20,109,110,0,239,106,0,106,345
09/08/2000,ROA,VA,AEA,EN,Towers with Radar,23,105,61,1,190,0,1,53,0,54,23,106,114,1,244,120,0,120,364
09/09/2000,ROA,VA,AEA,EN,Towers with Radar,18,75,28,3,124,0,3,41,0,44,18,78,69,3,168,50,4,54,222
09/10/2000,ROA,VA,AEA,EN,Towers with Radar,15,71,24,0,110,0,1,37,0,38,15,72,61,0,148,76,0,76,224
09/11/2000,ROA,VA,AEA,EN,Towers with Radar,9,71,41,5,126,0,2,17,1,20,9,73,58,6,146,138,0,138,284
09/12/2000,ROA,VA,AEA,EN,Towers with Radar,19,90,57,2,168,0,9,44,0,53,19,99,101,2,221,154,0,154,375
09/13/2000,ROA,VA,AEA,EN,Towers with Radar,22,97,48,0,167,0,9,52,2,63,22,106,100,2,230,86,0,86,316
09/14/2000,ROA,VA,AEA,EN,Towers with Radar,23,106,37,3,169,0,2,7,3,12,23,108,44,6,181,86,0,86,267
09/15/2000,ROA,VA,AEA,EN,Towers with Radar,31,98,45,4,178,0,1,41,3,45,31,99,86,7,223,4,4,8,231
09/16/2000,ROA,VA,AEA,EN,Towers with Radar,21,80,16,1,118,0,8,44,0,52,21,88,60,1,170,34,0,34,204
09/17/2000,ROA,VA,AEA,EN,Towers with Radar,12,79,31,3,125,0,0,99,0,99,12,79,130,3,224,66,12,78,302
09/18/2000,ROA,VA,AEA,EN,Towers with Radar,14,95,36,8,153,0,2,53,1,56,14,97,89,9,209,192,10,202,411
09/19/2000,ROA,VA,AEA,EN,Towers with Radar,22,105,49,0,176,0,5,29,0,34,22,110,78,0,210,70,0,70,280
09/20/2000,ROA,VA,AEA,EN,Towers with Radar,21,90,39,4,154,0,6,62,2,70,21,96,101,6,224,64,0,64,288
09/21/2000,ROA,VA,AEA,EN,Towers with Radar,20,93,42,5,160,0,4,46,0,50,20,97,88,5,210,22,2,24,234
09/22/2000,ROA,VA,AEA,EN,Towers with Radar,30,98,33,5,166,0,0,41,4,45,30,98,74,9,211,196,0,196,407
09/23/2000,ROA,VA,AEA,EN,Towers with Radar,17,76,24,0,117,0,0,6,1,7,17,76,30,1,124,66,0,66,190
09/24/2000,ROA,VA,AEA,EN,Towers with Radar,16,84,27,0,127,0,0,30,0,30,16,84,57,0,157,18,0,18,175
09/25/2000,ROA,VA,AEA,EN,Towers with Radar,13,97,31,0,141,0,0,0,0,0,13,97,31,0,141,0,0,0,141
09/26/2000,ROA,VA,AEA,EN,Towers with Radar,30,92,53,0,175,0,2,21,0,23,30,94,74,0,198,152,0,152,350
09/27/2000,ROA,VA,AEA,EN,Towers with Radar,26,96,69,6,197,0,4,75,0,79,26,100,144,6,276,190,0,190,466
09/28/2000,ROA,VA,AEA,EN,Towers with Radar,23,89,59,3,174,0,2,97,1,100,23,91,156,4,274,180,10,190,464
09/29/2000,ROA,VA,AEA,EN,Towers with Radar,24,106,62,0,192,0,8,36,1,45,24,114,98,1,237,112,0,112,349
09/30/2000,ROA,VA,AEA,EN,Towers with Radar,21,74,25,0,120,0,6,20,1,27,21,80,45,1,147,18,0,18,165
10/01/2000,ROA,VA,AEA,EN,Towers with Radar,15,75,36,1,127,0,4,50,2,56,15,79,86,3,183,154,2,156,339
10/02/2000,ROA,VA,AEA,EN,Towers with Radar,20,86,43,4,153,0,4,46,0,50,20,90,89,4,203,114,2,116,319
10/03/2000,ROA,VA,AEA,EN,Towers with Radar,24,97,44,3,168,0,5,78,5,88,24,102,122,8,256,164,0,164,420
10/04/2000,ROA,VA,AEA,EN,Towers with Radar,23,101,52,4,180,0,4,56,1,61,23,105,108,5,241,162,8,170,411
10/05/2000,ROA,VA,AEA,EN,Towers with Radar,22,98,54,2,176,0,1,48,1,50,22,99,102,3,226,128,0,128,354
10/06/2000,ROA,VA,AEA,EN,Towers with Radar,30,95,57,1,183,0,3,42,0,45,30,98,99,1,228,122,8,130,358
10/07/2000,ROA,VA,AEA,EN,Towers with Radar,17,77,36,1,131,0,0,43,0,43,17,77,79,1,174,38,0,38,212
10/08/2000,ROA,VA,AEA,EN,Towers with Radar,13,76,33,1,123,0,3,55,0,58,13,79,88,1,181,24,0,24,205
10/09/2000,ROA,VA,AEA,EN,Towers with Radar,13,89,45,0,147,0,0,14,0,14,13,89,59,0,161,28,0,28,189
10/10/2000,ROA,VA,AEA,EN,Towers with Radar,22,95,34,4,155,0,4,33,2,39,22,99,67,6,194,30,0,30,224
10/11/2000,ROA,VA,AEA,EN,Towers with Radar,19,91,43,2,155,0,4,58,0,62,19,95,101,2,217,112,0,112,329
10/12/2000,ROA,VA,AEA,EN,Towers with Radar,28,88,50,3,169,0,5,95,0,100,28,93,145,3,269,60,2,62,331
10/13/2000,ROA,VA,AEA,EN,Towers with Radar,22,101,45,0,168,1,6,87,0,94,23,107,132,0,262,192,0,192,454
10/14/2000,ROA,VA,AEA,EN,Towers with Radar,18,70,15,0,103,0,4,65,0,69,18,74,80,0,172,90,0,90,262
10/15/2000,ROA,VA,AEA,EN,Towers with Radar,15,73,23,2,113,0,7,91,1,99,15,80,114,3,212,30,0,30,242
10/16/2000,ROA,VA,AEA,EN,Towers with Radar,19,97,31,6,153,0,5,69,1,75,19,102,100,7,228,174,4,178,406
10/17/2000,ROA,VA,AEA,EN,Towers with Radar,19,106,56,1,182,0,3,42,0,45,19,109,98,1,227,110,18,128,355
10/18/2000,ROA,VA,AEA,EN,Towers with Radar,21,96,53,0,170,0,2,23,0,25,21,98,76,0,195,0,0,0,195
10/19/2000,ROA,VA,AEA,EN,Towers with Radar,21,97,61,0,179,0,5,90,0,95,21,102,151,0,274,142,0,142,416
10/20/2000,ROA,VA,AEA,EN,Towers with Radar,23,106,36,1,166,0,9,103,2,114,23,115,139,3,280,330,4,334,614
10/21/2000,ROA,VA,AEA,EN,Towers with Radar,17,71,20,0,108,0,1,79,4,84,17,72,99,4,192,78,0,78,270
10/22/2000,ROA,VA,AEA,EN,Towers with Radar,16,83,36,0,135,0,3,42,0,45,16,86,78,0,180,128,0,128,308
10/23/2000,ROA,VA,AEA,EN,Towers with Radar,13,96,41,2,152,0,2,79,4,85,13,98,120,6,237,116,2,118,355
10/24/2000,ROA,VA,AEA,EN,Towers with Radar,19,103,56,3,181,0,2,71,0,73,19,105,127,3,254,80,6,86,340
10/25/2000,ROA,VA,AEA,EN,Towers with Radar,19,106,54,0,179,0,1,33,0,34,19,107,87,0,213,88,0,88,301
10/26/2000,ROA,VA,AEA,EN,Towers with Radar,20,95,48,2,165,0,1,25,0,26,20,96,73,2,191,112,10,122,313
10/27/2000,ROA,VA,AEA,EN,Towers with Radar,23,105,45,21,194,0,7,66,0,73,23,112,111,21,267,204,12,216,483
10/28/2000,ROA,VA,AEA,EN,Towers with Radar,19,75,33,0,127,0,5,64,0,69,19,80,97,0,196,104,0,104,300
10/29/2000,ROA,VA,AEA,EN,Towers with Radar,14,76,22,21,133,0,2,67,2,71,14,78,89,23,204,64,2,66,270
10/30/2000,ROA,VA,AEA,EN,Towers with Radar,17,93,50,0,160,0,10,56,0,66,17,103,106,0,226,72,0,72,298
10/31/2000,ROA,VA,AEA,EN,Towers with Radar,23,85,34,6,148,0,7,80,0,87,23,92,114,6,235,88,0,88,323
11/01/2000,ROA,VA,AEA,EN,Towers with Radar,19,100,28,7,154,1,5,64,0,70,20,105,92,7,224,188,0,188,412
11/02/2000,ROA,VA,AEA,EN,Towers with Radar,19,92,42,0,153,0,7,104,0,111,19,99,146,0,264,194,0,194,458
11/03/2000,ROA,VA,AEA,EN,Towers with Radar,28,87,49,1,165,0,3,38,1,42,28,90,87,2,207,100,0,100,307
11/04/2000,ROA,VA,AEA,EN,Towers with Radar,19,65,32,0,116,0,3,17,0,20,19,68,49,0,136,206,0,206,342
11/05/2000,ROA,VA,AEA,EN,Towers with Radar,13,76,24,2,115,0,17,41,0,58,13,93,65,2,173,24,0,24,197
11/06/2000,ROA,VA,AEA,EN,Towers with Radar,15,95,39,0,149,0,6,45,0,51,15,101,84,0,200,96,0,96,296
11/07/2000,ROA,VA,AEA,EN,Towers with Radar,22,93,48,2,165,0,2,12,0,14,22,95,60,2,179,120,0,120,299
11/08/2000,ROA,VA,AEA,EN,Towers with Radar,23,101,53,2,179,0,0,8,0,8,23,101,61,2,187,0,0,0,187
11/09/2000,ROA,VA,AEA,EN,Towers with Radar,22,71,35,5,133,0,0,0,0,0,22,71,35,5,133,0,0,0,133
11/10/2000,ROA,VA,AEA,EN,Towers with Radar,22,98,39,1,160,0,5,15,0,20,22,103,54,1,180,0,0,0,180
11/11/2000,ROA,VA,AEA,EN,Towers with Radar,18,74,33,0,125,0,6,40,0,46,18,80,73,0,171,98,0,98,269
11/12/2000,ROA,VA,AEA,EN,Towers with Radar,14,72,35,0,121,0,3,64,0,67,14,75,99,0,188,38,0,38,226
11/13/2000,ROA,VA,AEA,EN,Towers with Radar,15,96,49,5,165,0,4,52,1,57,15,100,101,6,222,80,4,84,306
11/14/2000,ROA,VA,AEA,EN,Towers with Radar,22,104,63,2,191,0,7,17,0,24,22,111,80,2,215,8,14,22,237
11/15/2000,ROA,VA,AEA,EN,Towers with Radar,18,97,56,4,175,0,2,46,0,48,18,99,102,4,223,48,4,52,275
11/16/2000,ROA,VA,AEA,EN,Towers with Radar,25,100,41,1,167,0,5,51,0,56,25,105,92,1,223,104,0,104,327
11/17/2000,ROA,VA,AEA,EN,Towers with Radar,21,115,47,0,183,0,9,15,0,24,21,124,62,0,207,16,0,16,223
11/18/2000,ROA,VA,AEA,EN,Towers with Radar,16,80,27,0,123,0,6,45,7,58,16,86,72,7,181,88,0,88,269
11/19/2000,ROA,VA,AEA,EN,Towers with Radar,11,69,21,1,102,0,1,29,0,30,11,70,50,1,132,88,8,96,228
11/20/2000,ROA,VA,AEA,EN,Towers with Radar,17,104,24,0,145,0,4,11,0,15,17,108,35,0,160,30,0,30,190
11/21/2000,ROA,VA,AEA,EN,Towers with Radar,25,93,46,0,164,1,3,60,2,66,26,96,106,2,230,0,0,0,230
11/22/2000,ROA,VA,AEA,EN,Towers with Radar,26,97,48,0,171,0,6,15,0,21,26,103,63,0,192,0,0,0,192
11/23/2000,ROA,VA,AEA,EN,Towers with Radar,18,73,8,0,99,0,2,21,0,23,18,75,29,0,122,0,0,0,122
11/24/2000,ROA,VA,AEA,EN,Towers with Radar,16,57,31,0,104,0,3,33,0,36,16,60,64,0,140,106,0,106,246
11/25/2000,ROA,VA,AEA,EN,Towers with Radar,16,77,11,0,104,0,0,1,0,1,16,77,12,0,105,0,0,0,105
11/26/2000,ROA,VA,AEA,EN,Towers with Radar,13,80,36,0,129,0,0,10,0,10,13,80,46,0,139,2,0,2,141
11/27/2000,ROA,VA,AEA,EN,Towers with Radar,18,99,39,5,161,0,7,44,0,51,18,106,83,5,212,78,0,78,290
11/28/2000,ROA,VA,AEA,EN,Towers with Radar,40,86,40,15,181,0,7,53,0,60,40,93,93,15,241,126,0,126,367
11/29/2000,ROA,VA,AEA,EN,Towers with Radar,28,103,49,3,183,0,2,18,0,20,28,105,67,3,203,190,4,194,397
11/30/2000,ROA,VA,AEA,EN,Towers with Radar,33,92,51,0,176,0,3,21,0,24,33,95,72,0,200,2,0,2,202
12/01/2000,ROA,VA,AEA,EN,Towers with Radar,19,84,45,0,148,1,5,55,2,63,20,89,100,2,211,170,0,170,381
12/02/2000,ROA,VA,AEA,EN,Towers with Radar,21,70,16,0,107,1,1,9,0,11,22,71,25,0,118,62,0,62,180
12/03/2000,ROA,VA,AEA,EN,Towers with Radar,12,69,11,1,93,1,2,17,0,20,13,71,28,1,113,52,0,52,165
12/04/2000,ROA,VA,AEA,EN,Towers with Radar,11,76,51,10,148,1,4,71,1,77,12,80,122,11,225,108,8,116,341
12/05/2000,ROA,VA,AEA,EN,Towers with Radar,23,86,35,1,145,6,5,33,1,45,29,91,68,2,190,36,0,36,226
12/06/2000,ROA,VA,AEA,EN,Towers with Radar,25,95,43,0,163,0,0,43,0,43,25,95,86,0,206,196,0,196,402
12/07/2000,ROA,VA,AEA,EN,Towers with Radar,23,107,60,3,193,0,10,13,4,27,23,117,73,7,220,14,0,14,234
12/08/2000,ROA,VA,AEA,EN,Towers with Radar,15,70,28,0,113,0,10,61,0,71,15,80,89,0,184,0,0,0,184
12/09/2000,ROA,VA,AEA,EN,Towers with Radar,25,99,41,1,166,0,0,26,1,27,25,99,67,2,193,62,2,64,257
12/10/2000,ROA,VA,AEA,EN,Towers with Radar,18,85,17,0,120,0,1,2,0,3,18,86,19,0,123,12,0,12,135
12/11/2000,ROA,VA,AEA,EN,Towers with Radar,14,73,57,0,144,0,1,1,0,2,14,74,58,0,146,8,0,8,154
12/12/2000,ROA,VA,AEA,EN,Towers with Radar,22,70,21,0,113,0,5,6,0,11,22,75,27,0,124,0,0,0,124
12/13/2000,ROA,VA,AEA,EN,Towers with Radar,33,83,33,0,149,0,1,19,0,20,33,84,52,0,169,110,0,110,279
12/14/2000,ROA,VA,AEA,EN,Towers with Radar,30,83,38,0,151,0,3,5,0,8,30,86,43,0,159,20,0,20,179
12/15/2000,ROA,VA,AEA,EN,Towers with Radar,28,91,48,0,167,0,2,10,0,12,28,93,58,0,179,18,0,18,197
12/16/2000,ROA,VA,AEA,EN,Towers with Radar,16,61,9,0,86,0,1,0,0,1,16,62,9,0,87,0,0,0,87
12/17/2000,ROA,VA,AEA,EN,Towers with Radar,11,34,9,0,54,0,1,0,0,1,11,35,9,0,55,0,0,0,55
12/18/2000,ROA,VA,AEA,EN,Towers with Radar,13,71,52,0,136,0,7,55,2,64,13,78,107,2,200,78,0,78,278
12/19/2000,ROA,VA,AEA,EN,Towers with Radar,24,67,33,0,124,0,2,0,0,2,24,69,33,0,126,0,0,0,126
12/20/2000,ROA,VA,AEA,EN,Towers with Radar,32,93,48,0,173,0,8,23,0,31,32,101,71,0,204,32,0,32,236
12/21/2000,ROA,VA,AEA,EN,Towers with Radar,27,74,42,6,149,0,4,26,0,30,27,78,68,6,179,58,0,58,237
12/22/2000,ROA,VA,AEA,EN,Towers with Radar,27,81,28,0,136,0,9,20,0,29,27,90,48,0,165,6,0,6,171
12/23/2000,ROA,VA,AEA,EN,Towers with Radar,18,65,24,0,107,0,6,36,0,42,18,71,60,0,149,22,0,22,171
12/24/2000,ROA,VA,AEA,EN,Towers with Radar,11,39,16,0,66,2,7,13,0,22,13,46,29,0,88,0,0,0,88
12/25/2000,ROA,VA,AEA,EN,Towers with Radar,11,53,7,0,71,0,3,16,0,19,11,56,23,0,90,0,0,0,90
12/26/2000,ROA,VA,AEA,EN,Towers with Radar,13,91,39,0,143,0,24,45,0,69,13,115,84,0,212,0,0,0,212
12/27/2000,ROA,VA,AEA,EN,Towers with Radar,20,78,29,9,136,0,4,9,0,13,20,82,38,9,149,60,14,74,223
12/28/2000,ROA,VA,AEA,EN,Towers with Radar,29,79,18,0,126,0,2,25,0,27,29,81,43,0,153,54,0,54,207
12/29/2000,ROA,VA,AEA,EN,Towers with Radar,23,78,17,0,118,0,2,17,0,19,23,80,34,0,137,40,0,40,177
12/30/2000,ROA,VA,AEA,EN,Towers with Radar,19,68,3,0,90,0,2,2,0,4,19,70,5,0,94,0,0,0,94
12/31/2000,ROA,VA,AEA,EN,Towers with Radar,12,51,9,0,72,0,7,17,0,24,12,58,26,0,96,4,0,4,100
01/01/2001,ROA,VA,AEA,EN,Towers with Radar,11,55,8,0,74,0,4,19,0,23,11,59,27,0,97,12,0,12,109
01/02/2001,ROA,VA,AEA,EN,Towers with Radar,19,89,25,13,146,0,4,20,0,24,19,93,45,13,170,58,24,82,252
01/03/2001,ROA,VA,AEA,EN,Towers with Radar,21,85,28,1,135,0,18,50,0,68,21,103,78,1,203,212,0,212,415
01/04/2001,ROA,VA,AEA,EN,Towers with Radar,22,90,49,11,172,0,3,8,1,12,22,93,57,12,184,74,12,86,270
01/05/2001,ROA,VA,AEA,EN,Towers with Radar,20,92,31,0,143,0,3,23,0,26,20,95,54,0,169,76,0,76,245
01/06/2001,ROA,VA,AEA,EN,Towers with Radar,21,82,17,0,120,0,9,26,0,35,21,91,43,0,155,54,0,54,209
01/07/2001,ROA,VA,AEA,EN,Towers with Radar,16,73,23,0,112,0,9,44,0,53,16,82,67,0,165,14,0,14,179
01/08/2001,ROA,VA,AEA,EN,Towers with Radar,13,83,35,0,131,0,1,2,0,3,13,84,37,0,134,70,0,70,204
01/09/2001,ROA,VA,AEA,EN,Towers with Radar,25,100,45,0,170,0,6,24,0,30,25,106,69,0,200,40,0,40,240
01/10/2001,ROA,VA,AEA,EN,Towers with Radar,24,89,33,0,146,0,8,38,2,48,24,97,71,2,194,0,0,0,194
01/11/2001,ROA,VA,AEA,EN,Towers with Radar,18,98,54,12,182,0,1,68,0,69,18,99,122,12,251,210,10,220,471
01/12/2001,ROA,VA,AEA,EN,Towers with Radar,24,89,39,0,152,0,9,53,0,62,24,98,92,0,214,164,0,164,378
01/13/2001,ROA,VA,AEA,EN,Towers with Radar,18,68,39,1,126,0,5,93,0,98,18,73,132,1,224,236,0,236,460
01/14/2001,ROA,VA,AEA,EN,Towers with Radar,10,69,15,0,94,0,0,16,0,16,10,69,31,0,110,62,0,62,172
01/15/2001,ROA,VA,AEA,EN,Towers with Radar,19,80,22,5,126,0,2,18,0,20,19,82,40,5,146,22,2,24,170
01/16/2001,ROA,VA,AEA,EN,Towers with Radar,22,92,39,16,169,0,5,33,0,38,22,97,72,16,207,36,22,58,265
01/17/2001,ROA,VA,AEA,EN,Towers with Radar,23,98,37,13,171,0,7,20,0,27,23,105,57,13,198,208,6,214,412
01/18/2001,ROA,VA,AEA,EN,Towers with Radar,19,86,39,0,144,0,0,0,0,0,19,86,39,0,144,0,0,0,144
01/19/2001,ROA,VA,AEA,EN,Towers with Radar,26,89,34,2,151,0,0,0,0,0,26,89,34,2,151,0,0,0,151
01/20/2001,ROA,VA,AEA,EN,Towers with Radar,15,69,2,0,86,0,0,0,0,0,15,69,2,0,86,0,0,0,86
01/21/2001,ROA,VA,AEA,EN,Towers with Radar,9,67,11,0,87,0,3,28,0,31,9,70,39,0,118,102,0,102,220
01/22/2001,ROA,VA,AEA,EN,Towers with Radar,17,82,49,10,158,0,3,45,0,48,17,85,94,10,206,92,10,102,308
01/23/2001,ROA,VA,AEA,EN,Towers with Radar,21,89,46,1,157,0,7,61,0,68,21,96,107,1,225,64,2,66,291
01/24/2001,ROA,VA,AEA,EN,Towers with Radar,19,96,42,6,163,0,7,58,0,65,19,103,100,6,228,166,12,178,406
01/25/2001,ROA,VA,AEA,EN,Towers with Radar,25,94,39,19,177,0,10,8,0,18,25,104,47,19,195,2,2,4,199
01/26/2001,ROA,VA,AEA,EN,Towers with Radar,22,88,40,7,157,0,5,57,0,62,22,93,97,7,219,154,6,160,379
01/27/2001,ROA,VA,AEA,EN,Towers with Radar,17,74,16,1,108,0,3,5,0,8,17,77,21,1,116,0,0,0,116
01/28/2001,ROA,VA,AEA,EN,Towers with Radar,8,66,27,0,101,0,12,77,0,89,8,78,104,0,190,190,0,190,380
01/29/2001,ROA,VA,AEA,EN,Towers with Radar,16,88,37,0,141,0,10,44,0,54,16,98,81,0,195,230,0,230,425
01/30/2001,ROA,VA,AEA,EN,Towers with Radar,27,93,36,14,170,0,7,6,0,13,27,100,42,14,183,134,20,154,337
01/31/2001,ROA,VA,AEA,EN,Towers with Radar,23,113,24,13,173,0,13,42,0,55,23,126,66,13,228,248,30,278,506
02/01/2001,ROA,VA,AEA,EN,Towers with Radar,21,98,33,14,166,0,11,38,0,49,21,109,71,14,215,170,18,188,403
02/02/2001,ROA,VA,AEA,EN,Towers with Radar,22,107,24,5,158,0,17,21,0,38,22,124,45,5,196,54,18,72,268
02/03/2001,ROA,VA,AEA,EN,Towers with Radar,17,68,40,0,125,0,3,66,0,69,17,71,106,0,194,176,0,176,370
02/04/2001,ROA,VA,AEA,EN,Towers with Radar,10,69,23,0,102,0,5,39,1,45,10,74,62,1,147,66,0,66,213
02/05/2001,ROA,VA,AEA,EN,Towers with Radar,14,96,38,20,168,0,4,27,0,31,14,100,65,20,199,148,18,166,365
02/06/2001,ROA,VA,AEA,EN,Towers with Radar,0,99,31,0,130,0,12,48,0,60,0,111,79,0,190,184,0,184,374
02/07/2001,ROA,VA,AEA,EN,Towers with Radar,18,107,39,10,174,0,27,55,0,82,18,134,94,10,256,212,10,222,478
02/08/2001,ROA,VA,AEA,EN,Towers with Radar,20,100,51,0,171,2,19,52,1,74,22,119,103,1,245,244,0,244,489
02/09/2001,ROA,VA,AEA,EN,Towers with Radar,20,100,38,1,159,0,9,30,1,40,20,109,68,2,199,302,0,302,501
02/10/2001,ROA,VA,AEA,EN,Towers with Radar,16,72,9,0,97,8,7,17,0,32,24,79,26,0,129,8,0,8,137
02/11/2001,ROA,VA,AEA,EN,Towers with Radar,14,61,22,1,98,2,3,60,1,66,16,64,82,2,164,92,2,94,258
02/12/2001,ROA,VA,AEA,EN,Towers with Radar,14,96,23,0,133,0,8,1,0,9,14,104,24,0,142,0,0,0,142
02/13/2001,ROA,VA,AEA,EN,Towers with Radar,15,94,37,10,156,0,4,9,1,14,15,98,46,11,170,194,20,214,384
02/14/2001,ROA,VA,AEA,EN,Towers with Radar,21,96,37,0,154,0,0,0,0,0,21,96,37,0,154,0,0,0,154
02/15/2001,ROA,VA,AEA,EN,Towers with Radar,24,110,43,0,177,4,0,14,0,18,28,110,57,0,195,92,0,92,287
02/16/2001,ROA,VA,AEA,EN,Towers with Radar,18,109,36,0,163,0,6,0,0,6,18,115,36,0,169,0,0,0,169
02/17/2001,ROA,VA,AEA,EN,Towers with Radar,18,95,12,0,125,11,9,10,1,31,29,104,22,1,156,0,0,0,156
02/18/2001,ROA,VA,AEA,EN,Towers with Radar,14,73,32,0,119,5,13,61,0,79,19,86,93,0,198,144,0,144,342
02/19/2001,ROA,VA,AEA,EN,Towers with Radar,14,80,34,0,128,0,7,56,0,63,14,87,90,0,191,108,0,108,299
02/20/2001,ROA,VA,AEA,EN,Towers with Radar,15,88,36,5,144,0,11,37,1,49,15,99,73,6,193,158,30,188,381
02/21/2001,ROA,VA,AEA,EN,Towers with Radar,17,91,41,9,158,4,9,14,1,28,21,100,55,10,186,2,0,2,188
02/22/2001,ROA,VA,AEA,EN,Towers with Radar,17,78,22,0,117,0,0,0,0,0,17,78,22,0,117,0,0,0,117
02/23/2001,ROA,VA,AEA,EN,Towers with Radar,21,105,44,1,171,1,13,36,1,51,22,118,80,2,222,68,0,68,290
02/24/2001,ROA,VA,AEA,EN,Towers with Radar,12,73,35,1,121,9,4,42,1,56,21,77,77,2,177,86,0,86,263
02/25/2001,ROA,VA,AEA,EN,Towers with Radar,12,69,17,1,99,0,0,1,0,1,12,69,18,1,100,0,0,0,100
02/26/2001,ROA,VA,AEA,EN,Towers with Radar,14,82,38,0,134,0,10,29,0,39,14,92,67,0,173,6,0,6,179
02/27/2001,ROA,VA,AEA,EN,Towers with Radar,14,99,40,6,159,0,20,60,2,82,14,119,100,8,241,216,0,216,457
02/28/2001,ROA,VA,AEA,EN,Towers with Radar,21,91,37,7,156,1,3,27,0,31,22,94,64,7,187,90,12,102,289
03/01/2001,ROA,VA,AEA,EN,Towers with Radar,29,94,55,7,185,0,3,50,2,55,29,97,105,9,240,14,10,24,264
03/02/2001,ROA,VA,AEA,EN,Towers with Radar,24,87,41,11,163,0,1,36,0,37,24,88,77,11,200,102,18,120,320
03/03/2001,ROA,VA,AEA,EN,Towers with Radar,17,70,22,0,109,0,4,24,1,29,17,74,46,1,138,36,0,36,174
03/04/2001,ROA,VA,AEA,EN,Towers with Radar,11,64,10,0,85,0,1,1,0,2,11,65,11,0,87,0,0,0,87
03/05/2001,ROA,VA,AEA,EN,Towers with Radar,15,111,14,0,140,2,2,0,0,4,17,113,14,0,144,0,0,0,144
03/06/2001,ROA,VA,AEA,EN,Towers with Radar,13,88,30,0,131,0,2,1,0,3,13,90,31,0,134,0,0,0,134
03/07/2001,ROA,VA,AEA,EN,Towers with Radar,17,110,35,0,162,0,9,15,0,24,17,119,50,0,186,22,0,22,208
03/08/2001,ROA,VA,AEA,EN,Towers with Radar,22,104,60,5,191,0,9,58,0,67,22,113,118,5,258,258,0,258,516
03/09/2001,ROA,VA,AEA,EN,Towers with Radar,21,109,23,1,154,0,7,11,0,18,21,116,34,1,172,0,0,0,172
03/10/2001,ROA,VA,AEA,EN,Towers with Radar,18,70,21,3,112,0,14,64,0,78,18,84,85,3,190,120,0,120,310
03/11/2001,ROA,VA,AEA,EN,Towers with Radar,15,69,28,0,112,0,0,63,0,63,15,69,91,0,175,24,0,24,199
03/12/2001,ROA,VA,AEA,EN,Towers with Radar,15,86,44,5,150,0,6,23,0,29,15,92,67,5,179,46,14,60,239
03/13/2001,ROA,VA,AEA,EN,Towers with Radar,15,89,35,4,143,0,7,13,0,20,15,96,48,4,163,0,4,4,167
03/14/2001,ROA,VA,AEA,EN,Towers with Radar,27,103,52,7,189,0,8,22,2,32,27,111,74,9,221,156,6,162,383
03/15/2001,ROA,VA,AEA,EN,Towers with Radar,21,99,44,0,164,0,4,2,0,6,21,103,46,0,170,0,0,0,170
03/16/2001,ROA,VA,AEA,EN,Towers with Radar,21,106,33,3,163,0,0,0,0,0,21,106,33,3,163,0,0,0,163
03/17/2001,ROA,VA,AEA,EN,Towers with Radar,14,67,32,1,114,0,4,29,0,33,14,71,61,1,147,28,0,28,175
03/18/2001,ROA,VA,AEA,EN,Towers with Radar,15,84,27,0,126,0,11,49,2,62,15,95,76,2,188,74,0,74,262
03/19/2001,ROA,VA,AEA,EN,Towers with Radar,15,89,45,5,154,0,13,61,0,74,15,102,106,5,228,64,0,64,292
03/20/2001,ROA,VA,AEA,EN,Towers with Radar,19,91,25,10,145,0,7,15,1,23,19,98,40,11,168,70,0,70,238
03/21/2001,ROA,VA,AEA,EN,Towers with Radar,24,118,22,0,164,0,0,0,0,0,24,118,22,0,164,0,0,0,164
03/22/2001,ROA,VA,AEA,EN,Towers with Radar,21,98,51,0,170,0,10,25,0,35,21,108,76,0,205,0,0,0,205
03/23/2001,ROA,VA,AEA,EN,Towers with Radar,20,97,29,2,148,0,14,26,0,40,20,111,55,2,188,20,0,20,208
03/24/2001,ROA,VA,AEA,EN,Towers with Radar,18,83,15,0,116,0,4,19,0,23,18,87,34,0,139,0,0,0,139
03/25/2001,ROA,VA,AEA,EN,Towers with Radar,14,68,16,0,98,0,8,54,0,62,14,76,70,0,160,28,0,28,188
03/26/2001,ROA,VA,AEA,EN,Towers with Radar,14,82,40,0,136,0,13,25,0,38,14,95,65,0,174,4,0,4,178
03/27/2001,ROA,VA,AEA,EN,Towers with Radar,20,78,32,0,130,0,12,65,0,77,20,90,97,0,207,176,0,176,383
03/28/2001,ROA,VA,AEA,EN,Towers with Radar,21,87,43,6,157,0,3,59,3,65,21,90,102,9,222,64,0,64,286
03/29/2001,ROA,VA,AEA,EN,Towers with Radar,20,88,29,0,137,0,2,0,0,2,20,90,29,0,139,0,0,0,139
03/30/2001,ROA,VA,AEA,EN,Towers with Radar,23,83,35,3,144,0,7,49,0,56,23,90,84,3,200,288,12,300,500
03/31/2001,ROA,VA,AEA,EN,Towers with Radar,18,75,23,0,116,0,1,2,0,3,18,76,25,0,119,12,0,12,131
04/01/2001,ROA,VA,AEA,EN,Towers with Radar,11,85,16,0,112,0,0,0,0,0,11,85,16,0,112,2,0,2,114
04/02/2001,ROA,VA,AEA,EN,Towers with Radar,14,102,32,5,153,0,13,23,0,36,14,115,55,5,189,0,0,0,189
04/03/2001,ROA,VA,AEA,EN,Towers with Radar,20,91,58,0,169,0,0,1,0,1,20,91,59,0,170,26,0,26,196
04/04/2001,ROA,VA,AEA,EN,Towers with Radar,21,119,74,9,223,0,8,16,0,24,21,127,90,9,247,60,0,60,307
04/05/2001,ROA,VA,AEA,EN,Towers with Radar,21,93,65,1,180,0,2,59,1,62,21,95,124,2,242,90,0,90,332
04/06/2001,ROA,VA,AEA,EN,Towers with Radar,20,100,49,2,171,0,4,33,0,37,20,104,82,2,208,314,0,314,522
04/07/2001,ROA,VA,AEA,EN,Towers with Radar,17,70,33,0,120,0,9,74,0,83,17,79,107,0,203,208,0,208,411
04/08/2001,ROA,VA,AEA,EN,Towers with Radar,12,72,25,1,110,0,11,54,2,67,12,83,79,3,177,78,0,78,255
04/09/2001,ROA,VA,AEA,EN,Towers with Radar,10,89,47,6,152,0,24,66,0,90,10,113,113,6,242,170,0,170,412
04/10/2001,ROA,VA,AEA,EN,Towers with Radar,20,96,69,0,185,0,14,67,0,81,20,110,136,0,266,212,10,222,488
04/11/2001,ROA,VA,AEA,EN,Towers with Radar,24,90,65,0,179,0,0,1,0,1,24,90,66,0,180,0,0,0,180
04/12/2001,ROA,VA,AEA,EN,Towers with Radar,20,85,45,0,150,0,7,29,0,36,20,92,74,0,186,36,0,36,222
04/13/2001,ROA,VA,AEA,EN,Towers with Radar,22,104,37,1,164,0,5,21,2,28,22,109,58,3,192,62,0,62,254
04/14/2001,ROA,VA,AEA,EN,Towers with Radar,12,66,24,0,102,0,8,58,0,66,12,74,82,0,168,62,0,62,230
04/15/2001,ROA,VA,AEA,EN,Towers with Radar,11,71,15,0,97,0,0,22,0,22,11,71,37,0,119,50,0,50,169
04/16/2001,ROA,VA,AEA,EN,Towers with Radar,12,79,40,5,136,0,3,22,3,28,12,82,62,8,164,24,0,24,188
04/17/2001,ROA,VA,AEA,EN,Towers with Radar,17,88,43,2,150,2,19,11,0,32,19,107,54,2,182,30,0,30,212
04/18/2001,ROA,VA,AEA,EN,Towers with Radar,17,91,44,2,154,5,13,26,8,52,22,104,70,10,206,0,0,0,206
04/19/2001,ROA,VA,AEA,EN,Towers with Radar,22,106,48,2,178,2,39,19,0,60,24,145,67,2,238,132,0,132,370
04/20/2001,ROA,VA,AEA,EN,Towers with Radar,21,85,40,1,147,0,1,50,2,53,21,86,90,3,200,182,2,184,384
04/21/2001,ROA,VA,AEA,EN,Towers with Radar,18,88,22,3,131,0,5,42,0,47,18,93,64,3,178,86,16,102,280
04/22/2001,ROA,VA,AEA,EN,Towers with Radar,16,62,19,1,98,0,2,60,1,63,16,64,79,2,161,84,0,84,245
04/23/2001,ROA,VA,AEA,EN,Towers with Radar,14,80,38,4,136,0,11,70,0,81,14,91,108,4,217,210,0,210,427
04/24/2001,ROA,VA,AEA,EN,Towers with Radar,19,107,43,0,169,0,3,38,0,41,19,110,81,0,210,150,0,150,360
04/25/2001,ROA,VA,AEA,EN,Towers with Radar,20,124,74,0,218,0,6,55,0,61,20,130,129,0,279,316,0,316,595
04/26/2001,ROA,VA,AEA,EN,Towers with Radar,22,102,50,0,174,0,0,48,0,48,22,102,98,0,222,120,0,120,342
04/27/2001,ROA,VA,AEA,EN,Towers with Radar,21,82,53,16,172,0,8,55,6,69,21,90,108,22,241,120,0,120,361
04/28/2001,ROA,VA,AEA,EN,Towers with Radar,13,71,34,0,118,5,8,48,0,61,18,79,82,0,179,72,0,72,251
04/29/2001,ROA,VA,AEA,EN,Towers with Radar,11,64,30,1,106,0,1,78,1,80,11,65,108,2,186,136,0,136,322
04/30/2001,ROA,VA,AEA,EN,Towers with Radar,12,119,39,0,170,0,8,54,1,63,12,127,93,1,233,178,10,188,421
05/01/2001,ROA,VA,AEA,EN,Towers with Radar,19,89,40,1,149,1,4,32,3,40,20,93,72,4,189,226,10,236,425
05/02/2001,ROA,VA,AEA,EN,Towers with Radar,21,98,56,4,179,0,2,53,4,59,21,100,109,8,238,68,6,74,312
05/03/2001,ROA,VA,AEA,EN,Towers with Radar,21,81,67,14,183,0,7,51,1,59,21,88,118,15,242,226,0,226,468
05/04/2001,ROA,VA,AEA,EN,Towers with Radar,21,84,30,0,135,0,5,40,0,45,21,89,70,0,180,134,0,134,314
05/05/2001,ROA,VA,AEA,EN,Towers with Radar,15,70,23,2,110,0,18,31,0,49,15,88,54,2,159,102,0,102,261
05/06/2001,ROA,VA,AEA,EN,Towers with Radar,13,67,45,3,128,0,2,51,1,54,13,69,96,4,182,58,0,58,240
05/07/2001,ROA,VA,AEA,EN,Towers with Radar,13,77,44,0,134,0,2,53,0,55,13,79,97,0,189,142,0,142,331
05/08/2001,ROA,VA,AEA,EN,Towers with Radar,16,83,73,2,174,0,1,31,2,34,16,84,104,4,208,136,0,136,344
05/09/2001,ROA,VA,AEA,EN,Towers with Radar,22,96,79,0,197,0,8,34,0,42,22,104,113,0,239,158,0,158,397
05/10/2001,ROA,VA,AEA,EN,Towers with Radar,25,82,57,17,181,0,3,53,1,57,25,85,110,18,238,326,58,384,622
05/11/2001,ROA,VA,AEA,EN,Towers with Radar,22,82,63,22,189,0,4,61,2,67,22,86,124,24,256,194,14,208,464
05/12/2001,ROA,VA,AEA,EN,Towers with Radar,20,63,41,0,124,0,2,27,0,29,20,65,68,0,153,22,0,22,175
05/13/2001,ROA,VA,AEA,EN,Towers with Radar,11,72,28,2,113,0,17,59,0,76,11,89,87,2,189,36,0,36,225
05/14/2001,ROA,VA,AEA,EN,Towers with Radar,11,77,33,0,121,0,5,40,0,45,11,82,73,0,166,116,2,118,284
05/15/2001,ROA,VA,AEA,EN,Towers with Radar,19,80,58,5,162,0,2,16,0,18,19,82,74,5,180,106,0,106,286
05/16/2001,ROA,VA,AEA,EN,Towers with Radar,23,86,53,3,165,0,1,10,0,11,23,87,63,3,176,10,0,10,186
05/17/2001,ROA,VA,AEA,EN,Towers with Radar,18,95,52,0,165,0,1,0,0,1,18,96,52,0,166,0,0,0,166
05/18/2001,ROA,VA,AEA,EN,Towers with Radar,21,80,51,2,154,5,0,25,0,30,26,80,76,2,184,16,0,16,200
05/19/2001,ROA,VA,AEA,EN,Towers with Radar,16,79,28,1,124,0,3,25,1,29,16,82,53,2,153,48,0,48,201
05/20/2001,ROA,VA,AEA,EN,Towers with Radar,11,62,24,0,97,0,0,2,0,2,11,62,26,0,99,0,0,0,99
05/21/2001,ROA,VA,AEA,EN,Towers with Radar,11,82,30,6,129,0,1,1,1,3,11,83,31,7,132,0,0,0,132
05/22/2001,ROA,VA,AEA,EN,Towers with Radar,24,61,44,0,129,0,1,1,0,2,24,62,45,0,131,0,0,0,131
05/23/2001,ROA,VA,AEA,EN,Towers with Radar,22,80,65,0,167,0,3,97,7,107,22,83,162,7,274,182,0,182,456
05/24/2001,ROA,VA,AEA,EN,Towers with Radar,22,88,48,0,158,0,3,118,2,123,22,91,166,2,281,160,0,160,441
05/25/2001,ROA,VA,AEA,EN,Towers with Radar,21,80,38,0,139,0,2,3,0,5,21,82,41,0,144,0,0,0,144
05/26/2001,ROA,VA,AEA,EN,Towers with Radar,14,76,23,0,113,0,5,33,0,38,14,81,56,0,151,32,0,32,183
05/27/2001,ROA,VA,AEA,EN,Towers with Radar,11,58,12,0,81,0,3,12,2,17,11,61,24,2,98,0,0,0,98
05/28/2001,ROA,VA,AEA,EN,Towers with Radar,11,69,14,6,100,0,2,18,0,20,11,71,32,6,120,60,0,60,180
05/29/2001,ROA,VA,AEA,EN,Towers with Radar,14,84,62,0,160,0,5,51,3,59,14,89,113,3,219,192,0,192,411
05/30/2001,ROA,VA,AEA,EN,Towers with Radar,37,93,41,0,171,0,20,53,0,73,37,113,94,0,244,60,0,60,304
05/31/2001,ROA,VA,AEA,EN,Towers with Radar,25,113,62,17,217,0,16,51,2,69,25,129,113,19,286,148,22,170,456
06/01/2001,ROA,VA,AEA,EN,Towers with Radar,19,93,36,2,150,1,0,1,0,2,20,93,37,2,152,0,0,0,152
06/02/2001,ROA,VA,AEA,EN,Towers with Radar,12,72,26,0,110,0,0,37,0,37,12,72,63,0,147,104,0,104,251
06/03/2001,ROA,VA,AEA,EN,Towers with Radar,11,55,26,2,94,0,10,38,3,51,11,65,64,5,145,290,0,290,435
06/04/2001,ROA,VA,AEA,EN,Towers with Radar,12,96,47,9,164,0,4,38,2,44,12,100,85,11,208,182,34,216,424
06/05/2001,ROA,VA,AEA,EN,Towers with Radar,13,78,58,14,163,0,1,25,5,31,13,79,83,19,194,64,6,70,264
06/06/2001,ROA,VA,AEA,EN,Towers with Radar,22,103,56,9,190,0,7,43,3,53,22,110,99,12,243,92,0,92,335
06/07/2001,ROA,VA,AEA,EN,Towers with Radar,23,105,42,18,188,0,3,25,0,28,23,108,67,18,216,74,18,92,308
06/08/2001,ROA,VA,AEA,EN,Towers with Radar,23,101,45,2,171,0,4,58,0,62,23,105,103,2,233,134,0,134,367
06/09/2001,ROA,VA,AEA,EN,Towers with Radar,15,83,22,0,120,0,5,94,2,101,15,88,116,2,221,156,0,156,377
06/10/2001,ROA,VA,AEA,EN,Towers with Radar,12,61,28,4,105,0,3,64,0,67,12,64,92,4,172,124,0,124,296
06/11/2001,ROA,VA,AEA,EN,Towers with Radar,20,92,42,2,156,0,2,42,0,44,20,94,84,2,200,254,0,254,454
06/12/2001,ROA,VA,AEA,EN,Towers with Radar,18,85,41,2,146,0,19,24,0,43,18,104,65,2,189,238,0,238,427
06/13/2001,ROA,VA,AEA,EN,Towers with Radar,21,82,41,3,147,0,6,19,0,25,21,88,60,3,172,24,0,24,196
06/14/2001,ROA,VA,AEA,EN,Towers with Radar,20,84,58,11,173,0,5,18,0,23,20,89,76,11,196,90,0,90,286
06/15/2001,ROA,VA,AEA,EN,Towers with Radar,20,81,50,6,157,0,3,19,5,27,20,84,69,11,184,16,4,20,204
06/16/2001,ROA,VA,AEA,EN,Towers with Radar,14,77,34,0,125,0,0,20,1,21,14,77,54,1,146,80,0,80,226
06/17/2001,ROA,VA,AEA,EN,Towers with Radar,12,66,21,0,99,0,6,82,0,88,12,72,103,0,187,22,0,22,209
06/18/2001,ROA,VA,AEA,EN,Towers with Radar,13,89,42,5,149,0,6,72,4,82,13,95,114,9,231,170,6,176,407
06/19/2001,ROA,VA,AEA,EN,Towers with Radar,23,84,33,3,143,0,6,81,0,87,23,90,114,3,230,170,0,170,400
06/20/2001,ROA,VA,AEA,EN,Towers with Radar,23,92,38,11,164,0,3,71,1,75,23,95,109,12,239,180,14,194,433
06/21/2001,ROA,VA,AEA,EN,Towers with Radar,21,102,54,2,179,0,0,28,0,28,21,102,82,2,207,154,0,154,361
06/22/2001,ROA,VA,AEA,EN,Towers with Radar,21,77,41,7,146,0,4,16,0,20,21,81,57,7,166,70,6,76,242
06/23/2001,ROA,VA,AEA,EN,Towers with Radar,15,73,38,0,126,0,3,34,0,37,15,76,72,0,163,224,0,224,387
06/24/2001,ROA,VA,AEA,EN,Towers with Radar,14,67,32,0,113,0,3,53,0,56,14,70,85,0,169,118,0,118,287
06/25/2001,ROA,VA,AEA,EN,Towers with Radar,17,81,42,1,141,0,5,53,0,58,17,86,95,1,199,108,0,108,307
06/26/2001,ROA,VA,AEA,EN,Towers with Radar,18,92,59,8,177,0,3,44,0,47,18,95,103,8,224,204,8,212,436
06/27/2001,ROA,VA,AEA,EN,Towers with Radar,20,79,60,5,164,0,2,48,3,53,20,81,108,8,217,108,12,120,337
06/28/2001,ROA,VA,AEA,EN,Towers with Radar,24,96,51,7,178,0,8,50,0,58,24,104,101,7,236,120,0,120,356
06/29/2001,ROA,VA,AEA,EN,Towers with Radar,22,85,44,4,155,0,7,52,0,59,22,92,96,4,214,148,0,148,362
06/30/2001,ROA,VA,AEA,EN,Towers with Radar,15,75,21,0,111,0,0,49,0,49,15,75,70,0,160,128,0,128,288
07/01/2001,ROA,VA,AEA,EN,Towers with Radar,12,55,19,1,87,0,1,28,1,30,12,56,47,2,117,0,0,0,117
07/02/2001,ROA,VA,AEA,EN,Towers with Radar,15,86,44,5,150,0,3,43,1,47,15,89,87,6,197,72,10,82,279
07/03/2001,ROA,VA,AEA,EN,Towers with Radar,20,102,61,5,188,0,1,32,1,34,20,103,93,6,222,72,2,74,296
07/04/2001,ROA,VA,AEA,EN,Towers with Radar,16,82,7,0,105,0,0,19,0,19,16,82,26,0,124,84,0,84,208
07/05/2001,ROA,VA,AEA,EN,Towers with Radar,14,83,36,0,133,0,0,32,0,32,14,83,68,0,165,102,0,102,267
07/06/2001,ROA,VA,AEA,EN,Towers with Radar,17,87,51,13,168,0,9,72,1,82,17,96,123,14,250,140,8,148,398
07/07/2001,ROA,VA,AEA,EN,Towers with Radar,15,73,37,0,125,0,3,61,0,64,15,76,98,0,189,122,0,122,311
07/08/2001,ROA,VA,AEA,EN,Towers with Radar,11,58,30,0,99,1,18,9,0,28,12,76,39,0,127,32,0,32,159
07/09/2001,ROA,VA,AEA,EN,Towers with Radar,13,94,49,0,156,0,0,51,0,51,13,94,100,0,207,16,0,16,223
07/10/2001,ROA,VA,AEA,EN,Towers with Radar,19,82,44,0,145,0,2,39,1,42,19,84,83,1,187,192,0,192,379
07/11/2001,ROA,VA,AEA,EN,Towers with Radar,20,89,60,3,172,0,7,54,1,62,20,96,114,4,234,142,8,150,384
07/12/2001,ROA,VA,AEA,EN,Towers with Radar,18,88,50,2,158,0,4,57,0,61,18,92,107,2,219,198,0,198,417
07/13/2001,ROA,VA,AEA,EN,Towers with Radar,21,83,32,12,148,0,1,78,1,80,21,84,110,13,228,56,30,86,314
07/14/2001,ROA,VA,AEA,EN,Towers with Radar,15,65,33,0,113,0,0,88,2,90,15,65,121,2,203,182,0,182,385
07/15/2001,ROA,VA,AEA,EN,Towers with Radar,12,60,28,2,102,0,4,77,0,81,12,64,105,2,183,66,0,66,249
07/16/2001,ROA,VA,AEA,EN,Towers with Radar,12,77,40,0,129,0,5,63,2,70,12,82,103,2,199,62,0,62,261
07/17/2001,ROA,VA,AEA,EN,Towers with Radar,21,77,47,8,153,0,5,38,2,45,21,82,85,10,198,108,0,108,306
07/18/2001,ROA,VA,AEA,EN,Towers with Radar,24,99,66,0,189,0,1,6,1,8,24,100,72,1,197,6,0,6,203
07/19/2001,ROA,VA,AEA,EN,Towers with Radar,20,105,62,2,189,0,2,10,0,12,20,107,72,2,201,112,0,112,313
07/20/2001,ROA,VA,AEA,EN,Towers with Radar,20,87,56,8,171,0,6,24,2,32,20,93,80,10,203,194,0,194,397
07/21/2001,ROA,VA,AEA,EN,Towers with Radar,15,66,45,2,128,0,4,67,0,71,15,70,112,2,199,96,8,104,303
07/22/2001,ROA,VA,AEA,EN,Towers with Radar,11,64,18,1,94,0,0,54,0,54,11,64,72,1,148,116,0,116,264
07/23/2001,ROA,VA,AEA,EN,Towers with Radar,14,85,39,1,139,0,9,48,0,57,14,94,87,1,196,60,0,60,256
07/24/2001,ROA,VA,AEA,EN,Towers with Radar,19,83,53,6,161,0,2,21,1,24,19,85,74,7,185,20,4,24,209
07/25/2001,ROA,VA,AEA,EN,Towers with Radar,20,87,42,0,149,0,2,9,1,12,20,89,51,1,161,210,0,210,371
07/26/2001,ROA,VA,AEA,EN,Towers with Radar,23,93,57,4,177,0,1,8,1,10,23,94,65,5,187,94,0,94,281
07/27/2001,ROA,VA,AEA,EN,Towers with Radar,21,81,64,0,166,0,4,3,0,7,21,85,67,0,173,116,0,116,289
07/28/2001,ROA,VA,AEA,EN,Towers with Radar,15,71,16,0,102,5,0,0,0,5,20,71,16,0,107,0,0,0,107
07/29/2001,ROA,VA,AEA,EN,Towers with Radar,8,38,9,0,55,0,0,0,0,0,8,38,9,0,55,0,0,0,55
07/30/2001,ROA,VA,AEA,EN,Towers with Radar,14,89,47,11,161,0,2,37,3,42,14,91,84,14,203,160,10,170,373
07/31/2001,ROA,VA,AEA,EN,Towers with Radar,19,84,54,0,157,0,3,23,2,28,19,87,77,2,185,50,0,50,235
08/01/2001,ROA,VA,AEA,EN,Towers with Radar,24,83,47,0,154,0,7,17,0,24,24,90,64,0,178,24,0,24,202
08/02/2001,ROA,VA,AEA,EN,Towers with Radar,19,76,56,1,152,0,3,29,2,34,19,79,85,3,186,52,0,52,238
08/03/2001,ROA,VA,AEA,EN,Towers with Radar,20,89,51,2,162,1,0,36,5,42,21,89,87,7,204,104,10,114,318
08/04/2001,ROA,VA,AEA,EN,Towers with Radar,14,69,26,2,111,0,4,8,0,12,14,73,34,2,123,10,0,10,133
08/05/2001,ROA,VA,AEA,EN,Towers with Radar,12,61,33,2,108,0,2,28,1,31,12,63,61,3,139,10,0,10,149
08/06/2001,ROA,VA,AEA,EN,Towers with Radar,13,79,36,0,128,0,7,47,0,54,13,86,83,0,182,116,0,116,298
08/07/2001,ROA,VA,AEA,EN,Towers with Radar,18,82,51,4,155,0,4,36,0,40,18,86,87,4,195,132,8,140,335
08/08/2001,ROA,VA,AEA,EN,Towers with Radar,19,92,57,1,169,0,5,22,0,27,19,97,79,1,196,0,0,0,196
08/09/2001,ROA,VA,AEA,EN,Towers with Radar,25,98,42,2,167,0,5,21,0,26,25,103,63,2,193,72,0,72,265
08/10/2001,ROA,VA,AEA,EN,Towers with Radar,20,94,37,5,156,0,2,45,0,47,20,96,82,5,203,0,0,0,203
08/11/2001,ROA,VA,AEA,EN,Towers with Radar,12,81,25,0,118,0,3,23,0,26,12,84,48,0,144,22,0,22,166
08/12/2001,ROA,VA,AEA,EN,Towers with Radar,10,63,28,0,101,1,3,9,0,13,11,66,37,0,114,46,0,46,160
08/13/2001,ROA,VA,AEA,EN,Towers with Radar,8,85,39,3,135,0,2,9,0,11,8,87,48,3,146,14,0,14,160
08/14/2001,ROA,VA,AEA,EN,Towers with Radar,20,90,53,0,163,0,6,38,1,45,20,96,91,1,208,62,2,64,272
08/15/2001,ROA,VA,AEA,EN,Towers with Radar,24,94,54,0,172,0,7,48,2,57,24,101,102,2,229,96,0,96,325
08/16/2001,ROA,VA,AEA,EN,Towers with Radar,16,88,50,1,155,0,8,23,2,33,16,96,73,3,188,28,0,28,216
08/17/2001,ROA,VA,AEA,EN,Towers with Radar,22,90,59,1,172,0,1,37,0,38,22,91,96,1,210,80,0,80,290
08/18/2001,ROA,VA,AEA,EN,Towers with Radar,14,80,20,0,114,0,0,36,0,36,14,80,56,0,150,38,0,38,188
08/19/2001,ROA,VA,AEA,EN,Towers with Radar,10,66,33,0,109,0,0,9,2,11,10,66,42,2,120,8,0,8,128
08/20/2001,ROA,VA,AEA,EN,Towers with Radar,13,86,37,2,138,0,1,40,0,41,13,87,77,2,179,34,0,34,213
08/21/2001,ROA,VA,AEA,EN,Towers with Radar,20,103,67,2,192,0,8,62,0,70,20,111,129,2,262,132,2,134,396
08/22/2001,ROA,VA,AEA,EN,Towers with Radar,20,84,53,4,161,0,3,46,0,49,20,87,99,4,210,32,0,32,242
08/23/2001,ROA,VA,AEA,EN,Towers with Radar,20,85,47,5,157,0,4,37,9,50,20,89,84,14,207,6,0,6,213
08/24/2001,ROA,VA,AEA,EN,Towers with Radar,21,98,56,2,177,0,2,40,0,42,21,100,96,2,219,190,0,190,409
08/25/2001,ROA,VA,AEA,EN,Towers with Radar,13,75,32,0,120,0,2,50,0,52,13,77,82,0,172,62,0,62,234
08/26/2001,ROA,VA,AEA,EN,Towers with Radar,11,62,29,0,102,0,0,21,1,22,11,62,50,1,124,0,0,0,124
08/27/2001,ROA,VA,AEA,EN,Towers with Radar,16,75,33,5,129,0,0,13,1,14,16,75,46,6,143,66,0,66,209
08/28/2001,ROA,VA,AEA,EN,Towers with Radar,24,90,54,0,168,0,4,35,0,39,24,94,89,0,207,132,0,132,339
08/29/2001,ROA,VA,AEA,EN,Towers with Radar,22,90,55,0,167,0,3,46,0,49,22,93,101,0,216,68,0,68,284
08/30/2001,ROA,VA,AEA,EN,Towers with Radar,20,90,74,0,184,0,0,31,0,31,20,90,105,0,215,200,0,200,415
08/31/2001,ROA,VA,AEA,EN,Towers with Radar,24,92,45,4,165,0,5,45,0,50,24,97,90,4,215,228,2,230,445
09/01/2001,ROA,VA,AEA,EN,Towers with Radar,14,72,23,2,111,1,1,18,0,20,15,73,41,2,131,252,0,252,383
09/02/2001,ROA,VA,AEA,EN,Towers with Radar,7,64,22,0,93,1,0,24,0,25,8,64,46,0,118,78,0,78,196
09/03/2001,ROA,VA,AEA,EN,Towers with Radar,10,71,18,0,99,1,0,8,0,9,11,71,26,0,108,16,0,16,124
09/04/2001,ROA,VA,AEA,EN,Towers with Radar,13,96,41,4,154,1,5,42,0,48,14,101,83,4,202,138,2,140,342
09/05/2001,ROA,VA,AEA,EN,Towers with Radar,18,86,55,4,163,0,3,60,0,63,18,89,115,4,226,176,30,206,432
09/06/2001,ROA,VA,AEA,EN,Towers with Radar,21,84,58,0,163,0,5,41,0,46,21,89,99,0,209,214,0,214,423
09/07/2001,ROA,VA,AEA,EN,Towers with Radar,23,88,61,3,175,0,5,48,0,53,23,93,109,3,228,188,0,188,416
09/08/2001,ROA,VA,AEA,EN,Towers with Radar,11,71,24,0,106,0,3,59,3,65,11,74,83,3,171,130,0,130,301
09/09/2001,ROA,VA,AEA,EN,Towers with Radar,11,69,24,0,104,0,2,38,0,40,11,71,62,0,144,58,0,58,202
09/10/2001,ROA,VA,AEA,EN,Towers with Radar,14,88,48,0,150,0,1,11,0,12,14,89,59,0,162,76,0,76,238
09/11/2001,ROA,VA,AEA,EN,Towers with Radar,8,37,16,0,61,0,1,8,0,9,8,38,24,0,70,18,0,18,88
09/12/2001,ROA,VA,AEA,EN,Towers with Radar,0,0,1,0,1,0,4,1,0,5,0,4,2,0,6,0,0,0,6
09/13/2001,ROA,VA,AEA,EN,Towers with Radar,1,17,1,1,20,0,3,0,0,3,1,20,1,1,23,0,0,0,23
09/14/2001,ROA,VA,AEA,EN,Towers with Radar,14,59,8,1,82,0,4,2,0,6,14,63,10,1,88,0,0,0,88
09/15/2001,ROA,VA,AEA,EN,Towers with Radar,8,61,23,0,92,0,7,0,0,7,8,68,23,0,99,0,0,0,99
09/16/2001,ROA,VA,AEA,EN,Towers with Radar,7,56,26,0,89,0,4,1,0,5,7,60,27,0,94,0,0,0,94
09/17/2001,ROA,VA,AEA,EN,Towers with Radar,11,112,35,0,158,0,5,0,0,5,11,117,35,0,163,24,0,24,187
09/18/2001,ROA,VA,AEA,EN,Towers with Radar,20,124,59,4,207,0,2,1,0,3,20,126,60,4,210,0,0,0,210
09/19/2001,ROA,VA,AEA,EN,Towers with Radar,19,90,48,2,159,0,2,0,0,2,19,92,48,2,161,0,0,0,161
09/20/2001,ROA,VA,AEA,EN,Towers with Radar,22,128,39,0,189,0,0,1,0,1,22,128,40,0,190,0,0,0,190
09/21/2001,ROA,VA,AEA,EN,Towers with Radar,21,90,51,0,162,0,2,29,0,31,21,92,80,0,193,0,0,0,193
09/22/2001,ROA,VA,AEA,EN,Towers with Radar,10,74,31,0,115,0,4,46,0,50,10,78,77,0,165,38,0,38,203
09/23/2001,ROA,VA,AEA,EN,Towers with Radar,10,50,52,0,112,0,5,53,0,58,10,55,105,0,170,54,0,54,224
09/24/2001,ROA,VA,AEA,EN,Towers with Radar,8,71,22,0,101,0,0,2,0,2,8,71,24,0,103,0,0,0,103
09/25/2001,ROA,VA,AEA,EN,Towers with Radar,21,80,57,14,172,0,1,29,0,30,21,81,86,14,202,16,4,20,222
09/26/2001,ROA,VA,AEA,EN,Towers with Radar,14,72,57,4,147,0,5,40,0,45,14,77,97,4,192,80,0,80,272
09/27/2001,ROA,VA,AEA,EN,Towers with Radar,15,72,42,4,133,0,0,61,0,61,15,72,103,4,194,66,0,66,260
09/28/2001,ROA,VA,AEA,EN,Towers with Radar,24,77,59,0,160,0,6,65,2,73,24,83,124,2,233,128,0,128,361
09/29/2001,ROA,VA,AEA,EN,Towers with Radar,7,72,36,0,115,0,5,50,0,55,7,77,86,0,170,46,0,46,216
09/30/2001,ROA,VA,AEA,EN,Towers with Radar,10,64,37,1,112,0,0,49,0,49,10,64,86,1,161,2,0,2,163
10/01/2001,ROA,VA,AEA,EN,Towers with Radar,8,89,44,0,141,0,2,45,1,48,8,91,89,1,189,70,0,70,259
10/02/2001,ROA,VA,AEA,EN,Towers with Radar,17,81,35,9,142,0,6,38,2,46,17,87,73,11,188,222,12,234,422
10/03/2001,ROA,VA,AEA,EN,Towers with Radar,16,86,68,0,170,0,5,82,1,88,16,91,150,1,258,196,0,196,454
10/04/2001,ROA,VA,AEA,EN,Towers with Radar,22,76,58,0,156,0,3,55,0,58,22,79,113,0,214,146,8,154,368
10/05/2001,ROA,VA,AEA,EN,Towers with Radar,20,85,51,1,157,0,4,38,1,43,20,89,89,2,200,182,0,182,382
10/06/2001,ROA,VA,AEA,EN,Towers with Radar,9,79,16,0,104,0,6,8,0,14,9,85,24,0,118,8,0,8,126
10/07/2001,ROA,VA,AEA,EN,Towers with Radar,0,76,15,0,91,0,10,33,0,43,0,86,48,0,134,2,2,4,138
10/08/2001,ROA,VA,AEA,EN,Towers with Radar,1,84,20,0,105,0,9,29,0,38,1,93,49,0,143,70,0,70,213
10/09/2001,ROA,VA,AEA,EN,Towers with Radar,6,85,54,10,155,0,5,54,2,61,6,90,108,12,216,180,0,180,396
10/10/2001,ROA,VA,AEA,EN,Towers with Radar,7,104,53,3,167,0,5,79,4,88,7,109,132,7,255,278,12,290,545
10/11/2001,ROA,VA,AEA,EN,Towers with Radar,7,90,46,3,146,2,4,51,10,67,9,94,97,13,213,236,4,240,453
10/12/2001,ROA,VA,AEA,EN,Towers with Radar,10,104,59,4,177,0,0,34,4,38,10,104,93,8,215,152,4,156,371
10/13/2001,ROA,VA,AEA,EN,Towers with Radar,5,66,34,0,105,0,10,26,0,36,5,76,60,0,141,22,0,22,163
10/14/2001,ROA,VA,AEA,EN,Towers with Radar,3,73,31,0,107,0,1,0,0,1,3,74,31,0,108,0,0,0,108
10/15/2001,ROA,VA,AEA,EN,Towers with Radar,1,96,38,0,135,0,3,71,1,75,1,99,109,1,210,322,0,322,532
10/16/2001,ROA,VA,AEA,EN,Towers with Radar,8,98,73,0,179,0,1,30,2,33,8,99,103,2,212,70,0,70,282
10/17/2001,ROA,VA,AEA,EN,Towers with Radar,7,92,47,0,146,2,8,26,0,36,9,100,73,0,182,14,0,14,196
10/18/2001,ROA,VA,AEA,EN,Towers with Radar,8,85,50,3,146,7,0,99,1,107,15,85,149,4,253,184,0,184,437
10/19/2001,ROA,VA,AEA,EN,Towers with Radar,8,89,39,2,138,0,2,64,0,66,8,91,103,2,204,126,0,126,330
10/20/2001,ROA,VA,AEA,EN,Towers with Radar,5,81,28,0,114,0,7,59,0,66,5,88,87,0,180,68,0,68,248
10/21/2001,ROA,VA,AEA,EN,Towers with Radar,0,76,29,0,105,0,1,49,0,50,0,77,78,0,155,32,0,32,187
10/22/2001,ROA,VA,AEA,EN,Towers with Radar,1,81,31,2,115,0,3,56,0,59,1,84,87,2,174,160,2,162,336
10/23/2001,ROA,VA,AEA,EN,Towers with Radar,6,85,36,5,132,0,6,41,2,49,6,91,77,7,181,226,10,236,417
10/24/2001,ROA,VA,AEA,EN,Towers with Radar,8,90,42,10,150,0,2,47,0,49,8,92,89,10,199,124,16,140,339
10/25/2001,ROA,VA,AEA,EN,Towers with Radar,4,94,58,0,156,0,6,12,0,18,4,100,70,0,174,26,0,26,200
10/26/2001,ROA,VA,AEA,EN,Towers with Radar,13,111,54,1,179,0,3,17,1,21,13,114,71,2,200,0,8,8,208
10/27/2001,ROA,VA,AEA,EN,Towers with Radar,7,77,20,0,104,0,0,14,0,14,7,77,34,0,118,32,0,32,150
10/28/2001,ROA,VA,AEA,EN,Towers with Radar,0,92,42,1,135,0,0,67,1,68,0,92,109,2,203,54,0,54,257
10/29/2001,ROA,VA,AEA,EN,Towers with Radar,0,83,36,9,128,0,2,37,0,39,0,85,73,9,167,202,18,220,387
10/30/2001,ROA,VA,AEA,EN,Towers with Radar,7,86,44,19,156,0,0,54,0,54,7,86,98,19,210,200,42,242,452
10/31/2001,ROA,VA,AEA,EN,Towers with Radar,8,88,45,0,141,0,2,37,0,39,8,90,82,0,180,188,0,188,368
11/01/2001,ROA,VA,AEA,EN,Towers with Radar,6,83,54,2,145,0,4,53,3,60,6,87,107,5,205,298,0,298,503
11/02/2001,ROA,VA,AEA,EN,Towers with Radar,10,84,46,9,149,0,4,46,5,55,10,88,92,14,204,210,0,210,414
11/03/2001,ROA,VA,AEA,EN,Towers with Radar,4,63,22,0,89,0,4,59,4,67,4,67,81,4,156,82,0,82,238
11/04/2001,ROA,VA,AEA,EN,Towers with Radar,0,71,34,2,107,0,11,73,0,84,0,82,107,2,191,94,0,94,285
11/05/2001,ROA,VA,AEA,EN,Towers with Radar,1,98,35,11,145,0,7,41,2,50,1,105,76,13,195,162,12,174,369
11/06/2001,ROA,VA,AEA,EN,Towers with Radar,6,92,46,2,146,0,10,42,0,52,6,102,88,2,198,152,0,152,350
11/07/2001,ROA,VA,AEA,EN,Towers with Radar,7,89,58,2,156,0,4,52,0,56,7,93,110,2,212,246,0,246,458
11/08/2001,ROA,VA,AEA,EN,Towers with Radar,8,94,47,0,149,0,0,71,0,71,8,94,118,0,220,218,0,218,438
11/09/2001,ROA,VA,AEA,EN,Towers with Radar,8,90,40,0,138,4,0,78,0,82,12,90,118,0,220,272,0,272,492
11/10/2001,ROA,VA,AEA,EN,Towers with Radar,5,67,21,0,93,0,1,68,0,69,5,68,89,0,162,50,0,50,212
11/11/2001,ROA,VA,AEA,EN,Towers with Radar,0,77,20,0,97,0,13,43,0,56,0,90,63,0,153,8,0,8,161
11/12/2001,ROA,VA,AEA,EN,Towers with Radar,1,82,21,6,110,0,8,34,1,43,1,90,55,7,153,274,2,276,429
11/13/2001,ROA,VA,AEA,EN,Towers with Radar,9,92,49,0,150,0,1,51,0,52,9,93,100,0,202,146,0,146,348
11/14/2001,ROA,VA,AEA,EN,Towers with Radar,8,85,49,1,143,0,3,59,1,63,8,88,108,2,206,188,0,188,394
11/15/2001,ROA,VA,AEA,EN,Towers with Radar,11,102,71,11,195,0,2,44,1,47,11,104,115,12,242,246,0,246,488
11/16/2001,ROA,VA,AEA,EN,Towers with Radar,9,93,40,1,143,0,4,77,1,82,9,97,117,2,225,146,0,146,371
11/17/2001,ROA,VA,AEA,EN,Towers with Radar,3,62,25,3,93,0,4,61,2,67,3,66,86,5,160,178,0,178,338
11/18/2001,ROA,VA,AEA,EN,Towers with Radar,0,63,25,1,89,0,1,45,1,47,0,64,70,2,136,46,0,46,182
11/19/2001,ROA,VA,AEA,EN,Towers with Radar,0,98,43,0,141,0,1,13,0,14,0,99,56,0,155,88,0,88,243
11/20/2001,ROA,VA,AEA,EN,Towers with Radar,7,97,45,2,151,9,0,54,1,64,16,97,99,3,215,34,0,34,249
11/21/2001,ROA,VA,AEA,EN,Towers with Radar,13,90,36,0,139,0,5,55,0,60,13,95,91,0,199,166,2,168,367
11/22/2001,ROA,VA,AEA,EN,Towers with Radar,1,68,24,0,93,0,1,45,0,46,1,69,69,0,139,40,0,40,179
11/23/2001,ROA,VA,AEA,EN,Towers with Radar,3,77,18,0,98,0,5,41,0,46,3,82,59,0,144,150,0,150,294
11/24/2001,ROA,VA,AEA,EN,Towers with Radar,1,69,13,0,83,0,1,0,0,1,1,70,13,0,84,0,0,0,84
11/25/2001,ROA,VA,AEA,EN,Towers with Radar,0,72,38,0,110,0,1,9,0,10,0,73,47,0,120,2,0,2,122
11/26/2001,ROA,VA,AEA,EN,Towers with Radar,2,100,19,0,121,0,1,51,0,52,2,101,70,0,173,352,0,352,525
11/27/2001,ROA,VA,AEA,EN,Towers with Radar,17,105,30,1,153,0,3,6,0,9,17,108,36,1,162,150,0,150,312
11/28/2001,ROA,VA,AEA,EN,Towers with Radar,6,88,39,1,134,10,0,30,0,40,16,88,69,1,174,218,0,218,392
11/29/2001,ROA,VA,AEA,EN,Towers with Radar,14,93,51,10,168,0,1,9,0,10,14,94,60,10,178,90,0,90,268
11/30/2001,ROA,VA,AEA,EN,Towers with Radar,16,112,50,6,184,0,4,15,0,19,16,116,65,6,203,0,0,0,203
12/01/2001,ROA,VA,AEA,EN,Towers with Radar,9,74,27,0,110,1,0,82,0,83,10,74,109,0,193,150,0,150,343
12/02/2001,ROA,VA,AEA,EN,Towers with Radar,0,70,27,0,97,0,6,63,0,69,0,76,90,0,166,56,0,56,222
12/03/2001,ROA,VA,AEA,EN,Towers with Radar,0,86,47,2,135,1,0,38,0,39,1,86,85,2,174,348,0,348,522
12/04/2001,ROA,VA,AEA,EN,Towers with Radar,9,89,46,0,144,1,2,52,0,55,10,91,98,0,199,140,0,140,339
12/05/2001,ROA,VA,AEA,EN,Towers with Radar,12,104,23,0,139,1,4,58,0,63,13,108,81,0,202,72,0,72,274
12/06/2001,ROA,VA,AEA,EN,Towers with Radar,11,96,49,0,156,1,2,51,0,54,12,98,100,0,210,88,0,88,298
12/07/2001,ROA,VA,AEA,EN,Towers with Radar,10,96,45,0,151,1,0,22,0,23,11,96,67,0,174,224,0,224,398
12/08/2001,ROA,VA,AEA,EN,Towers with Radar,3,81,7,0,91,1,1,0,0,2,4,82,7,0,93,0,0,0,93
12/09/2001,ROA,VA,AEA,EN,Towers with Radar,0,59,24,0,83,0,13,17,2,32,0,72,41,2,115,58,0,58,173
12/10/2001,ROA,VA,AEA,EN,Towers with Radar,0,80,32,0,112,0,9,18,6,33,0,89,50,6,145,46,2,48,193
12/11/2001,ROA,VA,AEA,EN,Towers with Radar,8,93,42,0,143,4,0,12,0,16,12,93,54,0,159,0,0,0,159
12/12/2001,ROA,VA,AEA,EN,Towers with Radar,16,61,26,0,103,0,0,0,0,0,16,61,26,0,103,0,0,0,103
12/13/2001,ROA,VA,AEA,EN,Towers with Radar,9,83,30,0,122,0,2,4,0,6,9,85,34,0,128,12,0,12,140
12/14/2001,ROA,VA,AEA,EN,Towers with Radar,14,91,41,7,153,0,0,2,0,2,14,91,43,7,155,96,14,110,265
12/15/2001,ROA,VA,AEA,EN,Towers with Radar,6,86,37,0,129,0,8,45,0,53,6,94,82,0,182,68,0,68,250
12/16/2001,ROA,VA,AEA,EN,Towers with Radar,0,80,25,2,107,0,0,36,0,36,0,80,61,2,143,52,8,60,203
12/17/2001,ROA,VA,AEA,EN,Towers with Radar,0,86,33,1,120,0,19,20,0,39,0,105,53,1,159,44,0,44,203
12/18/2001,ROA,VA,AEA,EN,Towers with Radar,16,86,54,0,156,0,3,12,0,15,16,89,66,0,171,32,0,32,203
12/19/2001,ROA,VA,AEA,EN,Towers with Radar,16,93,51,0,160,0,2,51,0,53,16,95,102,0,213,108,0,108,321
12/20/2001,ROA,VA,AEA,EN,Towers with Radar,9,93,42,0,144,8,0,33,0,41,17,93,75,0,185,0,0,0,185
12/21/2001,ROA,VA,AEA,EN,Towers with Radar,21,92,43,0,156,0,5,44,0,49,21,97,87,0,205,0,0,0,205
12/22/2001,ROA,VA,AEA,EN,Towers with Radar,10,76,25,0,111,0,4,60,0,64,10,80,85,0,175,84,0,84,259
12/23/2001,ROA,VA,AEA,EN,Towers with Radar,0,71,20,0,91,0,0,2,0,2,0,71,22,0,93,0,0,0,93
12/24/2001,ROA,VA,AEA,EN,Towers with Radar,1,75,29,0,105,0,5,18,0,23,1,80,47,0,128,20,0,20,148
12/25/2001,ROA,VA,AEA,EN,Towers with Radar,1,67,10,0,78,0,1,13,0,14,1,68,23,0,92,0,0,0,92
12/26/2001,ROA,VA,AEA,EN,Towers with Radar,7,81,44,4,136,0,0,19,0,19,7,81,63,4,155,134,0,134,289
12/27/2001,ROA,VA,AEA,EN,Towers with Radar,12,85,22,4,123,0,2,37,0,39,12,87,59,4,162,0,0,0,162
12/28/2001,ROA,VA,AEA,EN,Towers with Radar,9,87,25,0,121,0,7,26,0,33,9,94,51,0,154,50,0,50,204
12/29/2001,ROA,VA,AEA,EN,Towers with Radar,3,59,23,0,85,0,22,20,0,42,3,81,43,0,127,36,0,36,163
12/30/2001,ROA,VA,AEA,EN,Towers with Radar,2,67,13,0,82,0,1,32,0,33,2,68,45,0,115,8,0,8,123
12/31/2001,ROA,VA,AEA,EN,Towers with Radar,0,74,23,0,97,0,0,28,0,28,0,74,51,0,125,74,0,74,199
01/01/2002,ROA,VA,AEA,EN,Towers with Radar,6,67,13,0,86,0,1,22,0,23,6,68,35,0,109,22,0,22,131
01/02/2002,ROA,VA,AEA,EN,Towers with Radar,7,77,33,21,138,0,5,22,0,27,7,82,55,21,165,34,30,64,229
01/03/2002,ROA,VA,AEA,EN,Towers with Radar,12,70,11,4,97,0,2,2,0,4,12,72,13,4,101,0,0,0,101
01/04/2002,ROA,VA,AEA,EN,Towers with Radar,9,86,22,0,117,0,2,43,0,45,9,88,65,0,162,64,0,64,226
01/05/2002,ROA,VA,AEA,EN,Towers with Radar,3,77,17,0,97,0,2,61,0,63,3,79,78,0,160,192,0,192,352
01/06/2002,ROA,VA,AEA,EN,Towers with Radar,3,54,5,0,62,0,1,0,0,1,3,55,5,0,63,0,0,0,63
01/07/2002,ROA,VA,AEA,EN,Towers with Radar,1,93,27,2,123,0,2,5,0,7,1,95,32,2,130,48,0,48,178
01/08/2002,ROA,VA,AEA,EN,Towers with Radar,4,91,44,0,139,0,2,30,0,32,4,93,74,0,171,30,0,30,201
01/09/2002,ROA,VA,AEA,EN,Towers with Radar,6,94,28,0,128,0,2,26,30,58,6,96,54,30,186,18,14,32,218
01/10/2002,ROA,VA,AEA,EN,Towers with Radar,8,94,42,0,144,0,1,37,4,42,8,95,79,4,186,90,0,90,276
01/11/2002,ROA,VA,AEA,EN,Towers with Radar,7,100,35,0,142,0,6,7,0,13,7,106,42,0,155,6,0,6,161
01/12/2002,ROA,VA,AEA,EN,Towers with Radar,3,78,20,0,101,0,3,80,0,83,3,81,100,0,184,158,0,158,342
01/13/2002,ROA,VA,AEA,EN,Towers with Radar,1,71,20,2,94,0,2,10,1,13,1,73,30,3,107,0,0,0,107
01/14/2002,ROA,VA,AEA,EN,Towers with Radar,3,88,24,0,115,0,3,31,0,34,3,91,55,0,149,216,0,216,365
01/15/2002,ROA,VA,AEA,EN,Towers with Radar,8,93,42,0,143,0,2,21,0,23,8,95,63,0,166,210,0,210,376
01/16/2002,ROA,VA,AEA,EN,Towers with Radar,10,87,43,4,144,0,4,52,0,56,10,91,95,4,200,306,0,306,506
01/17/2002,ROA,VA,AEA,EN,Towers with Radar,8,90,48,8,154,0,2,38,0,40,8,92,86,8,194,86,2,88,282
01/18/2002,ROA,VA,AEA,EN,Towers with Radar,7,91,29,0,127,0,4,32,0,36,7,95,61,0,163,130,0,130,293
01/19/2002,ROA,VA,AEA,EN,Towers with Radar,4,51,8,0,63,0,0,0,0,0,4,51,8,0,63,0,0,0,63
01/20/2002,ROA,VA,AEA,EN,Towers with Radar,0,77,19,0,96,0,2,44,0,46,0,79,63,0,142,72,0,72,214
01/21/2002,ROA,VA,AEA,EN,Towers with Radar,1,83,11,3,98,0,2,10,0,12,1,85,21,3,110,20,0,20,130
01/22/2002,ROA,VA,AEA,EN,Towers with Radar,8,86,40,2,136,0,5,41,0,46,8,91,81,2,182,140,0,140,322
01/23/2002,ROA,VA,AEA,EN,Towers with Radar,7,92,21,0,120,0,2,2,0,4,7,94,23,0,124,2,0,2,126
01/24/2002,ROA,VA,AEA,EN,Towers with Radar,4,96,25,0,125,0,1,6,0,7,4,97,31,0,132,40,0,40,172
01/25/2002,ROA,VA,AEA,EN,Towers with Radar,9,97,43,2,151,0,3,29,0,32,9,100,72,2,183,82,0,82,265
01/26/2002,ROA,VA,AEA,EN,Towers with Radar,3,82,31,0,116,0,2,100,0,102,3,84,131,0,218,220,0,220,438
01/27/2002,ROA,VA,AEA,EN,Towers with Radar,0,71,37,0,108,0,0,61,1,62,0,71,98,1,170,68,0,68,238
01/28/2002,ROA,VA,AEA,EN,Towers with Radar,5,94,33,0,132,0,3,35,0,38,5,97,68,0,170,110,0,110,280
01/29/2002,ROA,VA,AEA,EN,Towers with Radar,10,85,45,4,144,0,5,32,0,37,10,90,77,4,181,190,0,190,371
01/30/2002,ROA,VA,AEA,EN,Towers with Radar,8,110,33,2,153,0,0,36,0,36,8,110,69,2,189,98,0,98,287
01/31/2002,ROA,VA,AEA,EN,Towers with Radar,9,93,46,0,148,0,2,3,0,5,9,95,49,0,153,114,0,114,267
02/01/2002,ROA,VA,AEA,EN,Towers with Radar,7,104,11,0,122,1,0,6,0,7,8,104,17,0,129,0,0,0,129
02/02/2002,ROA,VA,AEA,EN,Towers with Radar,1,83,21,2,107,1,8,48,2,59,2,91,69,4,166,146,4,150,316
02/03/2002,ROA,VA,AEA,EN,Towers with Radar,0,68,28,0,96,0,0,51,0,51,0,68,79,0,147,0,0,0,147
02/04/2002,ROA,VA,AEA,EN,Towers with Radar,0,92,25,2,119,1,1,0,0,2,1,93,25,2,121,0,0,0,121
02/05/2002,ROA,VA,AEA,EN,Towers with Radar,9,101,47,4,161,1,1,35,0,37,10,102,82,4,198,130,0,130,328
02/06/2002,ROA,VA,AEA,EN,Towers with Radar,7,98,39,0,144,0,0,15,0,15,7,98,54,0,159,94,0,94,253
02/07/2002,ROA,VA,AEA,EN,Towers with Radar,9,88,49,0,146,0,0,2,0,2,9,88,51,0,148,22,0,22,170
02/08/2002,ROA,VA,AEA,EN,Towers with Radar,11,94,54,0,159,0,2,70,0,72,11,96,124,0,231,214,2,216,447
02/09/2002,ROA,VA,AEA,EN,Towers with Radar,3,90,34,3,130,0,0,59,2,61,3,90,93,5,191,176,0,176,367
02/10/2002,ROA,VA,AEA,EN,Towers with Radar,0,73,18,0,91,0,0,1,0,1,0,73,19,0,92,0,0,0,92
02/11/2002,ROA,VA,AEA,EN,Towers with Radar,3,92,26,0,121,0,6,6,0,12,3,98,32,0,133,6,0,6,139
02/12/2002,ROA,VA,AEA,EN,Towers with Radar,9,94,42,8,153,0,4,36,2,42,9,98,78,10,195,96,32,128,323
02/13/2002,ROA,VA,AEA,EN,Towers with Radar,7,84,38,0,129,0,0,43,1,44,7,84,81,1,173,30,0,30,203
02/14/2002,ROA,VA,AEA,EN,Towers with Radar,8,92,33,0,133,0,0,49,0,49,8,92,82,0,182,198,0,198,380
02/15/2002,ROA,VA,AEA,EN,Towers with Radar,9,94,47,1,151,0,3,62,0,65,9,97,109,1,216,200,0,200,416
02/16/2002,ROA,VA,AEA,EN,Towers with Radar,3,74,30,2,109,0,12,21,1,34,3,86,51,3,143,50,0,50,193
02/17/2002,ROA,VA,AEA,EN,Towers with Radar,0,52,21,0,73,0,14,13,0,27,0,66,34,0,100,0,0,0,100
02/18/2002,ROA,VA,AEA,EN,Towers with Radar,1,73,26,0,100,0,3,51,0,54,1,76,77,0,154,252,0,252,406
02/19/2002,ROA,VA,AEA,EN,Towers with Radar,8,98,57,11,174,0,2,63,0,65,8,100,120,11,239,140,12,152,391
02/20/2002,ROA,VA,AEA,EN,Towers with Radar,8,93,33,0,134,0,1,5,0,6,8,94,38,0,140,14,0,14,154
02/21/2002,ROA,VA,AEA,EN,Towers with Radar,8,87,56,0,151,0,3,31,1,35,8,90,87,1,186,26,0,26,212
02/22/2002,ROA,VA,AEA,EN,Towers with Radar,13,94,42,12,161,0,0,31,0,31,13,94,73,12,192,212,4,216,408
02/23/2002,ROA,VA,AEA,EN,Towers with Radar,3,83,25,0,111,0,5,29,0,34,3,88,54,0,145,154,0,154,299
02/24/2002,ROA,VA,AEA,EN,Towers with Radar,0,75,20,0,95,0,3,75,0,78,0,78,95,0,173,100,0,100,273
02/25/2002,ROA,VA,AEA,EN,Towers with Radar,3,88,38,17,146,0,9,57,0,66,3,97,95,17,212,110,14,124,336
02/26/2002,ROA,VA,AEA,EN,Towers with Radar,11,99,49,8,167,3,6,8,1,18,14,105,57,9,185,66,22,88,273
02/27/2002,ROA,VA,AEA,EN,Towers with Radar,8,88,44,7,147,0,4,13,0,17,8,92,57,7,164,0,2,2,166
02/28/2002,ROA,VA,AEA,EN,Towers with Radar,12,95,50,0,157,0,3,34,2,39,12,98,84,2,196,88,2,90,286
03/01/2002,ROA,VA,AEA,EN,Towers with Radar,8,93,24,2,127,0,9,43,0,52,8,102,67,2,179,154,0,154,333
03/02/2002,ROA,VA,AEA,EN,Towers with Radar,5,71,16,0,92,0,2,0,0,2,5,73,16,0,94,26,0,26,120
03/03/2002,ROA,VA,AEA,EN,Towers with Radar,7,72,14,0,93,0,3,11,0,14,7,75,25,0,107,0,0,0,107
03/04/2002,ROA,VA,AEA,EN,Towers with Radar,1,86,32,1,120,0,3,26,0,29,1,89,58,1,149,10,0,10,159
03/05/2002,ROA,VA,AEA,EN,Towers with Radar,8,96,39,4,147,0,0,30,0,30,8,96,69,4,177,74,2,76,253
03/06/2002,ROA,VA,AEA,EN,Towers with Radar,14,88,31,2,135,0,5,50,0,55,14,93,81,2,190,142,0,142,332
03/07/2002,ROA,VA,AEA,EN,Towers with Radar,8,103,38,1,150,0,2,57,0,59,8,105,95,1,209,52,0,52,261
03/08/2002,ROA,VA,AEA,EN,Towers with Radar,8,92,39,6,145,0,1,60,0,61,8,93,99,6,206,176,4,180,386
03/09/2002,ROA,VA,AEA,EN,Towers with Radar,3,88,28,0,119,0,0,4,0,4,3,88,32,0,123,0,0,0,123
03/10/2002,ROA,VA,AEA,EN,Towers with Radar,0,75,12,0,87,0,3,16,0,19,0,78,28,0,106,0,0,0,106
03/11/2002,ROA,VA,AEA,EN,Towers with Radar,1,94,37,0,132,0,2,48,0,50,1,96,85,0,182,122,0,122,304
03/12/2002,ROA,VA,AEA,EN,Towers with Radar,10,87,41,2,140,0,5,3,0,8,10,92,44,2,148,26,0,26,174
03/13/2002,ROA,VA,AEA,EN,Towers with Radar,6,93,30,0,129,0,0,0,0,0,6,93,30,0,129,0,0,0,129
03/14/2002,ROA,VA,AEA,EN,Towers with Radar,7,103,39,0,149,2,0,71,0,73,9,103,110,0,222,296,0,296,518
03/15/2002,ROA,VA,AEA,EN,Towers with Radar,9,94,44,4,151,0,6,47,1,54,9,100,91,5,205,268,0,268,473
03/16/2002,ROA,VA,AEA,EN,Towers with Radar,3,79,21,0,103,0,3,13,0,16,3,82,34,0,119,112,0,112,231
03/17/2002,ROA,VA,AEA,EN,Towers with Radar,0,79,17,0,96,0,4,1,0,5,0,83,18,0,101,0,0,0,101
03/18/2002,ROA,VA,AEA,EN,Towers with Radar,1,86,25,0,112,0,0,4,0,4,1,86,29,0,116,0,0,0,116
03/19/2002,ROA,VA,AEA,EN,Towers with Radar,7,91,40,0,138,0,1,1,0,2,7,92,41,0,140,0,0,0,140
03/20/2002,ROA,VA,AEA,EN,Towers with Radar,10,92,28,0,130,1,1,1,0,3,11,93,29,0,133,0,0,0,133
03/21/2002,ROA,VA,AEA,EN,Towers with Radar,7,87,54,14,162,0,4,47,2,53,7,91,101,16,215,146,52,198,413
03/22/2002,ROA,VA,AEA,EN,Towers with Radar,9,86,41,0,136,0,3,19,0,22,9,89,60,0,158,0,0,0,158
03/23/2002,ROA,VA,AEA,EN,Towers with Radar,5,77,28,1,111,0,3,60,3,66,5,80,88,4,177,102,0,102,279
03/24/2002,ROA,VA,AEA,EN,Towers with Radar,0,74,23,0,97,0,7,80,0,87,0,81,103,0,184,120,0,120,304
03/25/2002,ROA,VA,AEA,EN,Towers with Radar,1,84,45,5,135,0,3,39,0,42,1,87,84,5,177,238,0,238,415
03/26/2002,ROA,VA,AEA,EN,Towers with Radar,9,77,18,0,104,0,1,2,0,3,9,78,20,0,107,0,0,0,107
03/27/2002,ROA,VA,AEA,EN,Towers with Radar,7,98,38,0,143,0,6,25,1,32,7,104,63,1,175,152,0,152,327
03/28/2002,ROA,VA,AEA,EN,Towers with Radar,11,100,38,0,149,0,2,85,0,87,11,102,123,0,236,122,0,122,358
03/29/2002,ROA,VA,AEA,EN,Towers with Radar,9,86,54,5,154,0,1,56,1,58,9,87,110,6,212,170,0,170,382
03/30/2002,ROA,VA,AEA,EN,Towers with Radar,3,73,20,0,96,0,1,15,0,16,3,74,35,0,112,156,0,156,268
03/31/2002,ROA,VA,AEA,EN,Towers with Radar,0,74,16,0,90,0,1,2,0,3,0,75,18,0,93,0,0,0,93
04/01/2002,ROA,VA,AEA,EN,Towers with Radar,2,87,39,12,140,0,4,31,0,35,2,91,70,12,175,0,0,0,175
04/02/2002,ROA,VA,AEA,EN,Towers with Radar,9,79,54,1,143,0,5,54,0,59,9,84,108,1,202,142,0,142,344
04/03/2002,ROA,VA,AEA,EN,Towers with Radar,7,89,41,0,137,2,8,25,0,35,9,97,66,0,172,276,0,276,448
04/04/2002,ROA,VA,AEA,EN,Towers with Radar,9,89,39,9,146,0,3,60,0,63,9,92,99,9,209,338,22,360,569
04/05/2002,ROA,VA,AEA,EN,Towers with Radar,8,85,50,1,144,0,7,49,0,56,8,92,99,1,200,106,0,106,306
04/06/2002,ROA,VA,AEA,EN,Towers with Radar,4,91,26,0,121,0,3,57,1,61,4,94,83,1,182,16,0,16,198
04/07/2002,ROA,VA,AEA,EN,Towers with Radar,1,69,21,2,93,0,1,60,0,61,1,70,81,2,154,28,0,28,182
04/08/2002,ROA,VA,AEA,EN,Towers with Radar,0,88,32,2,122,0,6,45,0,51,0,94,77,2,173,118,0,118,291
04/09/2002,ROA,VA,AEA,EN,Towers with Radar,7,86,48,0,141,0,2,7,0,9,7,88,55,0,150,136,0,136,286
04/10/2002,ROA,VA,AEA,EN,Towers with Radar,12,93,58,2,165,0,2,56,1,59,12,95,114,3,224,216,0,216,440
04/11/2002,ROA,VA,AEA,EN,Towers with Radar,10,89,60,2,161,0,2,76,1,79,10,91,136,3,240,208,0,208,448
04/12/2002,ROA,VA,AEA,EN,Towers with Radar,11,97,54,5,167,0,0,3,0,3,11,97,57,5,170,4,2,6,176
04/13/2002,ROA,VA,AEA,EN,Towers with Radar,3,67,31,0,101,0,0,4,0,4,3,67,35,0,105,0,0,0,105
04/14/2002,ROA,VA,AEA,EN,Towers with Radar,0,72,26,1,99,0,5,24,0,29,0,77,50,1,128,0,0,0,128
04/15/2002,ROA,VA,AEA,EN,Towers with Radar,2,85,37,1,125,0,4,37,11,52,2,89,74,12,177,184,0,184,361
04/16/2002,ROA,VA,AEA,EN,Towers with Radar,10,96,41,3,150,0,1,56,0,57,10,97,97,3,207,226,0,226,433
04/17/2002,ROA,VA,AEA,EN,Towers with Radar,10,86,35,2,133,0,1,20,10,31,10,87,55,12,164,30,0,30,194
04/18/2002,ROA,VA,AEA,EN,Towers with Radar,6,98,46,1,151,3,0,35,0,38,9,98,81,1,189,152,0,152,341
04/19/2002,ROA,VA,AEA,EN,Towers with Radar,6,90,44,2,142,5,0,45,0,50,11,90,89,2,192,128,0,128,320
04/20/2002,ROA,VA,AEA,EN,Towers with Radar,4,66,31,1,102,0,17,9,0,26,4,83,40,1,128,0,0,0,128
04/21/2002,ROA,VA,AEA,EN,Towers with Radar,0,79,26,1,106,0,0,5,0,5,0,79,31,1,111,0,0,0,111
04/22/2002,ROA,VA,AEA,EN,Towers with Radar,0,95,40,4,139,0,0,20,0,20,0,95,60,4,159,0,12,12,171
04/23/2002,ROA,VA,AEA,EN,Towers with Radar,9,94,56,17,176,0,3,37,0,40,9,97,93,17,216,88,12,100,316
04/24/2002,ROA,VA,AEA,EN,Towers with Radar,8,93,54,9,164,0,2,60,0,62,8,95,114,9,226,224,8,232,458
04/25/2002,ROA,VA,AEA,EN,Towers with Radar,6,93,48,4,151,2,0,27,7,36,8,93,75,11,187,2,0,2,189
04/26/2002,ROA,VA,AEA,EN,Towers with Radar,6,95,49,0,150,0,8,67,0,75,6,103,116,0,225,110,0,110,335
04/27/2002,ROA,VA,AEA,EN,Towers with Radar,5,74,29,2,110,0,3,58,0,61,5,77,87,2,171,98,0,98,269
04/28/2002,ROA,VA,AEA,EN,Towers with Radar,1,66,22,0,89,0,0,5,0,5,1,66,27,0,94,0,0,0,94
04/29/2002,ROA,VA,AEA,EN,Towers with Radar,4,94,44,21,163,0,5,34,3,42,4,99,78,24,205,74,10,84,289
04/30/2002,ROA,VA,AEA,EN,Towers with Radar,6,91,44,4,145,1,14,43,7,65,7,105,87,11,210,158,2,160,370
05/01/2002,ROA,VA,AEA,EN,Towers with Radar,6,85,38,8,137,1,1,35,0,37,7,86,73,8,174,94,12,106,280
05/02/2002,ROA,VA,AEA,EN,Towers with Radar,7,79,42,0,128,1,2,14,0,17,8,81,56,0,145,70,0,70,215
05/03/2002,ROA,VA,AEA,EN,Towers with Radar,11,95,64,1,171,0,1,44,0,45,11,96,108,1,216,94,4,98,314
05/04/2002,ROA,VA,AEA,EN,Towers with Radar,3,77,27,0,107,0,2,14,0,16,3,79,41,0,123,34,0,34,157
05/05/2002,ROA,VA,AEA,EN,Towers with Radar,0,84,16,1,101,0,1,64,1,66,0,85,80,2,167,92,0,92,259
05/06/2002,ROA,VA,AEA,EN,Towers with Radar,1,78,37,1,117,0,9,23,2,34,1,87,60,3,151,216,0,216,367
05/07/2002,ROA,VA,AEA,EN,Towers with Radar,6,88,42,0,136,3,1,1,0,5,9,89,43,0,141,98,0,98,239
05/08/2002,ROA,VA,AEA,EN,Towers with Radar,8,94,45,7,154,0,0,40,0,40,8,94,85,7,194,118,0,118,312
05/09/2002,ROA,VA,AEA,EN,Towers with Radar,11,90,44,0,145,0,1,8,0,9,11,91,52,0,154,20,0,20,174
05/10/2002,ROA,VA,AEA,EN,Towers with Radar,9,88,43,2,142,0,3,45,0,48,9,91,88,2,190,280,0,280,470
05/11/2002,ROA,VA,AEA,EN,Towers with Radar,3,67,23,1,94,0,0,39,0,39,3,67,62,1,133,108,0,108,241
05/12/2002,ROA,VA,AEA,EN,Towers with Radar,0,68,18,0,86,0,0,22,0,22,0,68,40,0,108,14,0,14,122
05/13/2002,ROA,VA,AEA,EN,Towers with Radar,0,82,20,0,102,0,1,8,1,10,0,83,28,1,112,52,0,52,164
05/14/2002,ROA,VA,AEA,EN,Towers with Radar,9,96,53,0,158,0,3,17,0,20,9,99,70,0,178,0,0,0,178
05/15/2002,ROA,VA,AEA,EN,Towers with Radar,7,105,63,0,175,0,4,82,0,86,7,109,145,0,261,164,0,164,425
05/16/2002,ROA,VA,AEA,EN,Towers with Radar,9,94,52,4,159,0,2,60,0,62,9,96,112,4,221,68,0,68,289
05/17/2002,ROA,VA,AEA,EN,Towers with Radar,10,90,39,0,139,0,3,33,0,36,10,93,72,0,175,144,0,144,319
05/18/2002,ROA,VA,AEA,EN,Towers with Radar,2,79,8,0,89,0,0,4,1,5,2,79,12,1,94,0,0,0,94
05/19/2002,ROA,VA,AEA,EN,Towers with Radar,0,70,33,4,107,0,1,51,9,61,0,71,84,13,168,146,2,148,316
05/20/2002,ROA,VA,AEA,EN,Towers with Radar,1,82,41,0,124,0,3,50,3,56,1,85,91,3,180,164,0,164,344
05/21/2002,ROA,VA,AEA,EN,Towers with Radar,21,89,44,0,154,0,4,36,0,40,21,93,80,0,194,240,0,240,434
05/22/2002,ROA,VA,AEA,EN,Towers with Radar,9,92,56,15,172,0,3,66,0,69,9,95,122,15,241,128,14,142,383
05/23/2002,ROA,VA,AEA,EN,Towers with Radar,8,93,62,12,175,0,2,70,4,76,8,95,132,16,251,144,10,154,405
05/24/2002,ROA,VA,AEA,EN,Towers with Radar,8,86,49,1,144,0,4,64,1,69,8,90,113,2,213,104,0,104,317
05/25/2002,ROA,VA,AEA,EN,Towers with Radar,4,73,19,1,97,0,5,69,0,74,4,78,88,1,171,40,6,46,217
05/26/2002,ROA,VA,AEA,EN,Towers with Radar,0,67,26,0,93,0,1,34,0,35,0,68,60,0,128,94,0,94,222
05/27/2002,ROA,VA,AEA,EN,Towers with Radar,0,72,40,0,112,0,2,20,0,22,0,74,60,0,134,92,0,92,226
05/28/2002,ROA,VA,AEA,EN,Towers with Radar,1,87,50,0,138,0,0,38,2,40,1,87,88,2,178,158,0,158,336
05/29/2002,ROA,VA,AEA,EN,Towers with Radar,8,91,69,1,169,0,1,33,4,38,8,92,102,5,207,84,0,84,291
05/30/2002,ROA,VA,AEA,EN,Towers with Radar,9,78,63,24,174,0,7,88,3,98,9,85,151,27,272,214,16,230,502
05/31/2002,ROA,VA,AEA,EN,Towers with Radar,8,89,41,2,140,0,5,43,0,48,8,94,84,2,188,178,0,178,366
06/01/2002,ROA,VA,AEA,EN,Towers with Radar,3,74,16,0,93,0,6,52,5,63,3,80,68,5,156,28,0,28,184
06/02/2002,ROA,VA,AEA,EN,Towers with Radar,0,77,17,0,94,0,0,31,0,31,0,77,48,0,125,6,0,6,131
06/03/2002,ROA,VA,AEA,EN,Towers with Radar,0,91,39,8,138,0,4,55,0,59,0,95,94,8,197,46,0,46,243
06/04/2002,ROA,VA,AEA,EN,Towers with Radar,7,92,60,0,159,0,5,33,0,38,7,97,93,0,197,30,0,30,227
06/05/2002,ROA,VA,AEA,EN,Towers with Radar,9,99,47,7,162,0,5,21,0,26,9,104,68,7,188,180,0,180,368
06/06/2002,ROA,VA,AEA,EN,Towers with Radar,9,82,49,0,140,0,4,14,0,18,9,86,63,0,158,68,0,68,226
06/07/2002,ROA,VA,AEA,EN,Towers with Radar,8,89,53,0,150,0,1,28,0,29,8,90,81,0,179,62,0,62,241
06/08/2002,ROA,VA,AEA,EN,Towers with Radar,3,76,29,0,108,0,3,44,0,47,3,79,73,0,155,160,0,160,315
06/09/2002,ROA,VA,AEA,EN,Towers with Radar,0,68,23,0,91,0,4,81,3,88,0,72,104,3,179,160,0,160,339
06/10/2002,ROA,VA,AEA,EN,Towers with Radar,2,80,24,0,106,0,11,50,0,61,2,91,74,0,167,40,0,40,207
06/11/2002,ROA,VA,AEA,EN,Towers with Radar,7,100,54,0,161,0,10,48,0,58,7,110,102,0,219,238,6,244,463
06/12/2002,ROA,VA,AEA,EN,Towers with Radar,8,94,48,10,160,0,2,51,0,53,8,96,99,10,213,104,0,104,317
06/13/2002,ROA,VA,AEA,EN,Towers with Radar,13,87,57,3,160,0,3,21,0,24,13,90,78,3,184,14,0,14,198
06/14/2002,ROA,VA,AEA,EN,Towers with Radar,11,97,49,0,157,0,3,27,0,30,11,100,76,0,187,30,0,30,217
06/15/2002,ROA,VA,AEA,EN,Towers with Radar,4,78,40,4,126,0,1,39,2,42,4,79,79,6,168,42,0,42,210
06/16/2002,ROA,VA,AEA,EN,Towers with Radar,0,67,30,0,97,0,6,40,0,46,0,73,70,0,143,34,0,34,177
06/17/2002,ROA,VA,AEA,EN,Towers with Radar,3,86,30,10,129,0,2,55,2,59,3,88,85,12,188,146,10,156,344
06/18/2002,ROA,VA,AEA,EN,Towers with Radar,6,97,63,2,168,0,0,70,0,70,6,97,133,2,238,120,0,120,358
06/19/2002,ROA,VA,AEA,EN,Towers with Radar,8,88,57,1,154,0,0,28,2,30,8,88,85,3,184,74,0,74,258
06/20/2002,ROA,VA,AEA,EN,Towers with Radar,8,85,49,9,151,0,0,34,1,35,8,85,83,10,186,78,10,88,274
06/21/2002,ROA,VA,AEA,EN,Towers with Radar,8,85,45,5,143,0,3,50,0,53,8,88,95,5,196,36,14,50,246
06/22/2002,ROA,VA,AEA,EN,Towers with Radar,6,82,20,0,108,0,6,69,0,75,6,88,89,0,183,80,0,80,263
06/23/2002,ROA,VA,AEA,EN,Towers with Radar,0,75,37,0,112,0,0,38,0,38,0,75,75,0,150,136,0,136,286
06/24/2002,ROA,VA,AEA,EN,Towers with Radar,1,86,48,0,135,0,6,42,0,48,1,92,90,0,183,86,0,86,269
06/25/2002,ROA,VA,AEA,EN,Towers with Radar,7,88,40,0,135,0,1,35,0,36,7,89,75,0,171,38,0,38,209
06/26/2002,ROA,VA,AEA,EN,Towers with Radar,8,95,49,7,159,0,3,20,1,24,8,98,69,8,183,122,0,122,305
06/27/2002,ROA,VA,AEA,EN,Towers with Radar,10,93,54,0,157,0,4,21,5,30,10,97,75,5,187,62,0,62,249
06/28/2002,ROA,VA,AEA,EN,Towers with Radar,7,104,39,0,150,0,0,10,0,10,7,104,49,0,160,18,0,18,178
06/29/2002,ROA,VA,AEA,EN,Towers with Radar,4,81,43,3,131,0,1,79,0,80,4,82,122,3,211,108,0,108,319
06/30/2002,ROA,VA,AEA,EN,Towers with Radar,1,75,27,0,103,0,0,57,0,57,1,75,84,0,160,60,0,60,220
07/01/2002,ROA,VA,AEA,EN,Towers with Radar,0,83,45,4,132,0,3,44,0,47,0,86,89,4,179,32,0,32,211
07/02/2002,ROA,VA,AEA,EN,Towers with Radar,10,88,62,0,160,0,2,16,0,18,10,90,78,0,178,148,0,148,326
07/03/2002,ROA,VA,AEA,EN,Towers with Radar,8,100,31,0,139,0,1,31,0,32,8,101,62,0,171,230,0,230,401
07/04/2002,ROA,VA,AEA,EN,Towers with Radar,3,77,16,0,96,0,22,12,0,34,3,99,28,0,130,10,0,10,140
07/05/2002,ROA,VA,AEA,EN,Towers with Radar,3,74,29,0,106,0,4,14,0,18,3,78,43,0,124,42,0,42,166
07/06/2002,ROA,VA,AEA,EN,Towers with Radar,3,71,26,0,100,0,2,56,0,58,3,73,82,0,158,24,0,24,182
07/07/2002,ROA,VA,AEA,EN,Towers with Radar,0,68,28,1,97,0,4,62,0,66,0,72,90,1,163,32,0,32,195
07/08/2002,ROA,VA,AEA,EN,Towers with Radar,7,80,40,0,127,0,2,46,4,52,7,82,86,4,179,132,0,132,311
07/09/2002,ROA,VA,AEA,EN,Towers with Radar,13,90,51,0,154,0,5,51,0,56,13,95,102,0,210,188,0,188,398
07/10/2002,ROA,VA,AEA,EN,Towers with Radar,8,103,47,1,159,0,0,32,0,32,8,103,79,1,191,26,0,26,217
07/11/2002,ROA,VA,AEA,EN,Towers with Radar,7,100,54,8,169,0,0,46,0,46,7,100,100,8,215,104,0,104,319
07/12/2002,ROA,VA,AEA,EN,Towers with Radar,6,92,37,2,137,0,4,32,0,36,6,96,69,2,173,108,0,108,281
07/13/2002,ROA,VA,AEA,EN,Towers with Radar,4,76,24,0,104,0,1,43,2,46,4,77,67,2,150,116,0,116,266
07/14/2002,ROA,VA,AEA,EN,Towers with Radar,0,75,22,2,99,0,0,2,0,2,0,75,24,2,101,0,0,0,101
07/15/2002,ROA,VA,AEA,EN,Towers with Radar,3,95,67,15,180,0,5,47,5,57,3,100,114,20,237,158,14,172,409
07/16/2002,ROA,VA,AEA,EN,Towers with Radar,8,89,77,0,174,0,5,57,0,62,8,94,134,0,236,190,0,190,426
07/17/2002,ROA,VA,AEA,EN,Towers with Radar,10,96,58,4,168,0,5,77,0,82,10,101,135,4,250,240,0,240,490
07/18/2002,ROA,VA,AEA,EN,Towers with Radar,10,97,61,1,169,0,4,20,1,25,10,101,81,2,194,152,0,152,346
07/19/2002,ROA,VA,AEA,EN,Towers with Radar,8,96,43,0,147,0,1,12,0,13,8,97,55,0,160,76,0,76,236
07/20/2002,ROA,VA,AEA,EN,Towers with Radar,2,80,40,0,122,0,4,41,0,45,2,84,81,0,167,42,0,42,209
07/21/2002,ROA,VA,AEA,EN,Towers with Radar,0,72,15,2,89,0,4,46,0,50,0,76,61,2,139,26,0,26,165
07/22/2002,ROA,VA,AEA,EN,Towers with Radar,0,95,52,5,152,0,4,30,0,34,0,99,82,5,186,78,0,78,264
07/23/2002,ROA,VA,AEA,EN,Towers with Radar,9,101,40,6,156,0,3,22,0,25,9,104,62,6,181,40,0,40,221
07/24/2002,ROA,VA,AEA,EN,Towers with Radar,13,93,41,10,157,0,8,12,0,20,13,101,53,10,177,68,0,68,245
07/25/2002,ROA,VA,AEA,EN,Towers with Radar,7,90,50,1,148,0,0,9,2,11,7,90,59,3,159,44,0,44,203
07/26/2002,ROA,VA,AEA,EN,Towers with Radar,8,90,39,0,137,0,0,3,1,4,8,90,42,1,141,14,0,14,155
07/27/2002,ROA,VA,AEA,EN,Towers with Radar,1,74,28,0,103,0,4,10,0,14,1,78,38,0,117,184,0,184,301
07/28/2002,ROA,VA,AEA,EN,Towers with Radar,0,74,20,0,94,0,9,48,0,57,0,83,68,0,151,116,0,116,267
07/29/2002,ROA,VA,AEA,EN,Towers with Radar,1,97,35,0,133,0,4,42,0,46,1,101,77,0,179,26,0,26,205
07/30/2002,ROA,VA,AEA,EN,Towers with Radar,6,98,41,2,147,0,10,31,0,41,6,108,72,2,188,82,0,82,270
07/31/2002,ROA,VA,AEA,EN,Towers with Radar,9,85,51,4,149,0,3,61,0,64,9,88,112,4,213,148,0,148,361
08/01/2002,ROA,VA,AEA,EN,Towers with Radar,8,92,38,1,139,0,10,57,0,67,8,102,95,1,206,130,0,130,336
08/02/2002,ROA,VA,AEA,EN,Towers with Radar,8,98,51,3,160,0,11,66,2,79,8,109,117,5,239,86,2,88,327
08/03/2002,ROA,VA,AEA,EN,Towers with Radar,5,77,17,0,99,0,9,38,0,47,5,86,55,0,146,138,0,138,284
08/04/2002,ROA,VA,AEA,EN,Towers with Radar,0,72,32,0,104,0,3,85,0,88,0,75,117,0,192,160,0,160,352
08/05/2002,ROA,VA,AEA,EN,Towers with Radar,0,88,31,2,121,0,1,27,0,28,0,89,58,2,149,80,0,80,229
08/06/2002,ROA,VA,AEA,EN,Towers with Radar,8,94,42,0,144,0,2,48,0,50,8,96,90,0,194,158,0,158,352
08/07/2002,ROA,VA,AEA,EN,Towers with Radar,7,105,43,0,155,0,5,74,0,79,7,110,117,0,234,106,0,106,340
08/08/2002,ROA,VA,AEA,EN,Towers with Radar,9,96,50,2,157,0,13,68,2,83,9,109,118,4,240,134,0,134,374
08/09/2002,ROA,VA,AEA,EN,Towers with Radar,8,89,38,1,136,0,5,63,5,73,8,94,101,6,209,218,0,218,427
08/10/2002,ROA,VA,AEA,EN,Towers with Radar,5,77,14,0,96,0,1,51,0,52,5,78,65,0,148,78,0,78,226
08/11/2002,ROA,VA,AEA,EN,Towers with Radar,5,70,23,0,98,0,6,47,0,53,5,76,70,0,151,62,0,62,213
08/12/2002,ROA,VA,AEA,EN,Towers with Radar,0,94,47,4,145,0,2,47,0,49,0,96,94,4,194,58,0,58,252
08/13/2002,ROA,VA,AEA,EN,Towers with Radar,24,88,42,2,156,0,0,23,0,23,24,88,65,2,179,240,24,264,443
08/14/2002,ROA,VA,AEA,EN,Towers with Radar,17,85,38,8,148,0,1,46,0,47,17,86,84,8,195,78,0,78,273
08/15/2002,ROA,VA,AEA,EN,Towers with Radar,12,100,42,8,162,0,4,12,2,18,12,104,54,10,180,64,0,64,244
08/16/2002,ROA,VA,AEA,EN,Towers with Radar,15,86,49,6,156,0,2,39,10,51,15,88,88,16,207,98,0,98,305
08/17/2002,ROA,VA,AEA,EN,Towers with Radar,4,79,14,0,97,0,25,38,0,63,4,104,52,0,160,178,0,178,338
08/18/2002,ROA,VA,AEA,EN,Towers with Radar,1,78,28,0,107,0,4,31,0,35,1,82,59,0,142,36,0,36,178
08/19/2002,ROA,VA,AEA,EN,Towers with Radar,0,96,43,11,150,0,1,37,5,43,0,97,80,16,193,76,0,76,269
08/20/2002,ROA,VA,AEA,EN,Towers with Radar,8,94,54,0,156,0,15,46,0,61,8,109,100,0,217,156,0,156,373
08/21/2002,ROA,VA,AEA,EN,Towers with Radar,7,96,56,0,159,0,6,25,0,31,7,102,81,0,190,134,0,134,324
08/22/2002,ROA,VA,AEA,EN,Towers with Radar,11,90,58,18,177,0,7,49,0,56,11,97,107,18,233,134,10,144,377
08/23/2002,ROA,VA,AEA,EN,Towers with Radar,15,87,35,0,137,0,4,36,0,40,15,91,71,0,177,208,0,208,385
08/24/2002,ROA,VA,AEA,EN,Towers with Radar,7,82,33,0,122,0,3,30,0,33,7,85,63,0,155,136,0,136,291
08/25/2002,ROA,VA,AEA,EN,Towers with Radar,0,72,38,0,110,0,3,50,0,53,0,75,88,0,163,112,0,112,275
08/26/2002,ROA,VA,AEA,EN,Towers with Radar,0,100,41,0,141,0,0,7,0,7,0,100,48,0,148,92,0,92,240
08/27/2002,ROA,VA,AEA,EN,Towers with Radar,12,103,61,0,176,0,0,27,0,27,12,103,88,0,203,164,2,166,369
08/28/2002,ROA,VA,AEA,EN,Towers with Radar,10,92,46,0,148,0,0,0,0,0,10,92,46,0,148,12,0,12,160
08/29/2002,ROA,VA,AEA,EN,Towers with Radar,13,93,60,14,180,0,0,4,0,4,13,93,64,14,184,256,14,270,454
08/30/2002,ROA,VA,AEA,EN,Towers with Radar,17,90,58,1,166,0,1,3,0,4,17,91,61,1,170,20,0,20,190
08/31/2002,ROA,VA,AEA,EN,Towers with Radar,10,79,39,1,129,0,0,6,0,6,10,79,45,1,135,0,0,0,135
09/01/2002,ROA,VA,AEA,EN,Towers with Radar,11,65,22,1,99,0,2,13,0,15,11,67,35,1,114,36,0,36,150
09/02/2002,ROA,VA,AEA,EN,Towers with Radar,3,75,25,1,104,0,3,43,0,46,3,78,68,1,150,112,0,112,262
09/03/2002,ROA,VA,AEA,EN,Towers with Radar,1,92,58,11,162,0,4,38,0,42,1,96,96,11,204,258,0,258,462
09/04/2002,ROA,VA,AEA,EN,Towers with Radar,9,99,33,0,141,0,2,34,0,36,9,101,67,0,177,92,0,92,269
09/05/2002,ROA,VA,AEA,EN,Towers with Radar,12,86,29,0,127,0,5,62,2,69,12,91,91,2,196,108,0,108,304
09/06/2002,ROA,VA,AEA,EN,Towers with Radar,11,88,47,0,146,0,14,66,4,84,11,102,113,4,230,158,2,160,390
09/07/2002,ROA,VA,AEA,EN,Towers with Radar,5,80,21,0,106,0,2,40,0,42,5,82,61,0,148,88,0,88,236
09/08/2002,ROA,VA,AEA,EN,Towers with Radar,0,75,31,0,106,0,2,55,0,57,0,77,86,0,163,54,0,54,217
09/09/2002,ROA,VA,AEA,EN,Towers with Radar,7,85,34,0,126,0,1,46,0,47,7,86,80,0,173,294,0,294,467
09/10/2002,ROA,VA,AEA,EN,Towers with Radar,15,85,46,6,152,0,4,54,2,60,15,89,100,8,212,120,8,128,340
09/11/2002,ROA,VA,AEA,EN,Towers with Radar,8,90,38,4,140,0,3,46,1,50,8,93,84,5,190,94,0,94,284
09/12/2002,ROA,VA,AEA,EN,Towers with Radar,13,86,57,15,171,0,0,59,4,63,13,86,116,19,234,80,4,84,318
09/13/2002,ROA,VA,AEA,EN,Towers with Radar,10,90,54,1,155,0,6,68,7,81,10,96,122,8,236,230,0,230,466
09/14/2002,ROA,VA,AEA,EN,Towers with Radar,11,80,22,9,122,0,3,14,0,17,11,83,36,9,139,34,0,34,173
09/15/2002,ROA,VA,AEA,EN,Towers with Radar,2,70,32,0,104,0,0,0,0,0,2,70,32,0,104,0,0,0,104
09/16/2002,ROA,VA,AEA,EN,Towers with Radar,2,93,48,0,143,0,0,21,3,24,2,93,69,3,167,254,0,254,421
09/17/2002,ROA,VA,AEA,EN,Towers with Radar,8,94,72,2,176,0,1,29,7,37,8,95,101,9,213,150,0,150,363
09/18/2002,ROA,VA,AEA,EN,Towers with Radar,8,95,65,0,168,0,1,2,0,3,8,96,67,0,171,58,0,58,229
09/19/2002,ROA,VA,AEA,EN,Towers with Radar,12,93,69,3,177,0,0,10,0,10,12,93,79,3,187,0,0,0,187
09/20/2002,ROA,VA,AEA,EN,Towers with Radar,8,88,32,6,134,0,1,30,1,32,8,89,62,7,166,118,6,124,290
09/21/2002,ROA,VA,AEA,EN,Towers with Radar,7,77,25,0,109,0,10,29,3,42,7,87,54,3,151,212,2,214,365
09/22/2002,ROA,VA,AEA,EN,Towers with Radar,1,65,38,0,104,0,0,8,0,8,1,65,46,0,112,28,0,28,140
09/23/2002,ROA,VA,AEA,EN,Towers with Radar,1,93,44,11,149,0,1,56,3,60,1,94,100,14,209,200,0,200,409
09/24/2002,ROA,VA,AEA,EN,Towers with Radar,10,95,54,2,161,0,0,40,0,40,10,95,94,2,201,148,0,148,349
09/25/2002,ROA,VA,AEA,EN,Towers with Radar,10,92,58,6,166,0,10,34,1,45,10,102,92,7,211,212,0,212,423
09/26/2002,ROA,VA,AEA,EN,Towers with Radar,11,88,42,5,146,0,1,0,0,1,11,89,42,5,147,0,0,0,147
09/27/2002,ROA,VA,AEA,EN,Towers with Radar,14,102,38,5,159,0,0,2,0,2,14,102,40,5,161,0,0,0,161
09/28/2002,ROA,VA,AEA,EN,Towers with Radar,12,78,28,0,118,0,7,82,4,93,12,85,110,4,211,80,0,80,291
09/29/2002,ROA,VA,AEA,EN,Towers with Radar,2,77,30,11,120,0,7,53,7,67,2,84,83,18,187,68,0,68,255
09/30/2002,ROA,VA,AEA,EN,Towers with Radar,2,101,45,1,149,0,2,23,1,26,2,103,68,2,175,188,0,188,363
10/01/2002,ROA,VA,AEA,EN,Towers with Radar,8,102,45,1,156,1,0,34,1,36,9,102,79,2,192,140,0,140,332
10/02/2002,ROA,VA,AEA,EN,Towers with Radar,13,85,52,2,152,0,5,38,3,46,13,90,90,5,198,124,0,124,322
10/03/2002,ROA,VA,AEA,EN,Towers with Radar,10,98,29,6,143,0,3,39,0,42,10,101,68,6,185,92,16,108,293
10/04/2002,ROA,VA,AEA,EN,Towers with Radar,7,93,48,1,149,0,0,23,3,26,7,93,71,4,175,120,0,120,295
10/05/2002,ROA,VA,AEA,EN,Towers with Radar,4,87,26,1,118,0,4,42,1,47,4,91,68,2,165,30,0,30,195
10/06/2002,ROA,VA,AEA,EN,Towers with Radar,0,56,26,1,83,0,4,34,0,38,0,60,60,1,121,162,0,162,283
10/07/2002,ROA,VA,AEA,EN,Towers with Radar,1,96,44,1,142,0,4,46,0,50,1,100,90,1,192,246,0,246,438
10/08/2002,ROA,VA,AEA,EN,Towers with Radar,11,92,46,1,150,0,10,32,1,43,11,102,78,2,193,198,0,198,391
10/09/2002,ROA,VA,AEA,EN,Towers with Radar,11,91,51,6,159,0,7,11,0,18,11,98,62,6,177,258,0,258,435
10/10/2002,ROA,VA,AEA,EN,Towers with Radar,9,99,67,0,175,0,2,3,0,5,9,101,70,0,180,12,0,12,192
10/11/2002,ROA,VA,AEA,EN,Towers with Radar,10,93,36,0,139,0,2,0,0,2,10,95,36,0,141,0,0,0,141
10/12/2002,ROA,VA,AEA,EN,Towers with Radar,8,82,21,0,111,0,1,17,0,18,8,83,38,0,129,128,0,128,257
10/13/2002,ROA,VA,AEA,EN,Towers with Radar,0,77,33,0,110,0,1,6,0,7,0,78,39,0,117,0,0,0,117
10/14/2002,ROA,VA,AEA,EN,Towers with Radar,0,80,43,0,123,0,3,57,0,60,0,83,100,0,183,74,0,74,257
10/15/2002,ROA,VA,AEA,EN,Towers with Radar,12,85,38,0,135,0,2,6,1,9,12,87,44,1,144,34,0,34,178
10/16/2002,ROA,VA,AEA,EN,Towers with Radar,11,100,27,0,138,0,0,2,1,3,11,100,29,1,141,206,0,206,347
10/17/2002,ROA,VA,AEA,EN,Towers with Radar,7,98,44,2,151,0,2,53,0,55,7,100,97,2,206,100,8,108,314
10/18/2002,ROA,VA,AEA,EN,Towers with Radar,10,95,42,4,151,0,2,111,0,113,10,97,153,4,264,214,0,214,478
10/19/2002,ROA,VA,AEA,EN,Towers with Radar,6,84,37,0,127,0,1,64,1,66,6,85,101,1,193,30,0,30,223
10/20/2002,ROA,VA,AEA,EN,Towers with Radar,0,73,44,4,121,0,1,23,0,24,0,74,67,4,145,18,0,18,163
10/21/2002,ROA,VA,AEA,EN,Towers with Radar,1,88,13,0,102,0,0,0,0,0,1,88,13,0,102,0,0,0,102
10/22/2002,ROA,VA,AEA,EN,Towers with Radar,10,98,44,4,156,0,3,43,0,46,10,101,87,4,202,164,0,164,366
10/23/2002,ROA,VA,AEA,EN,Towers with Radar,10,96,40,0,146,0,10,68,2,80,10,106,108,2,226,194,0,194,420
10/24/2002,ROA,VA,AEA,EN,Towers with Radar,9,99,43,2,153,0,2,4,0,6,9,101,47,2,159,0,0,0,159
10/25/2002,ROA,VA,AEA,EN,Towers with Radar,8,115,43,2,168,0,0,0,0,0,8,115,43,2,168,0,0,0,168
10/26/2002,ROA,VA,AEA,EN,Towers with Radar,5,80,55,4,144,0,0,19,0,19,5,80,74,4,163,96,0,96,259
10/27/2002,ROA,VA,AEA,EN,Towers with Radar,1,77,59,0,137,0,3,43,0,46,1,80,102,0,183,70,0,70,253
10/28/2002,ROA,VA,AEA,EN,Towers with Radar,2,87,23,0,112,0,0,1,0,1,2,87,24,0,113,0,0,0,113
10/29/2002,ROA,VA,AEA,EN,Towers with Radar,8,79,32,0,119,0,0,0,0,0,8,79,32,0,119,0,0,0,119
10/30/2002,ROA,VA,AEA,EN,Towers with Radar,5,77,35,0,117,0,9,2,0,11,5,86,37,0,128,8,0,8,136
10/31/2002,ROA,VA,AEA,EN,Towers with Radar,7,109,49,1,166,0,0,18,5,23,7,109,67,6,189,54,8,62,251
11/01/2002,ROA,VA,AEA,EN,Towers with Radar,7,96,43,3,149,0,4,26,0,30,7,100,69,3,179,70,0,70,249
11/02/2002,ROA,VA,AEA,EN,Towers with Radar,6,76,26,2,110,0,3,76,0,79,6,79,102,2,189,78,0,78,267
11/03/2002,ROA,VA,AEA,EN,Towers with Radar,1,74,26,1,102,0,1,63,0,64,1,75,89,1,166,16,0,16,182
11/04/2002,ROA,VA,AEA,EN,Towers with Radar,0,99,24,0,123,0,0,12,0,12,0,99,36,0,135,202,0,202,337
11/05/2002,ROA,VA,AEA,EN,Towers with Radar,7,97,25,2,131,0,0,1,0,1,7,97,26,2,132,0,0,0,132
11/06/2002,ROA,VA,AEA,EN,Towers with Radar,13,98,36,3,150,0,0,39,0,39,13,98,75,3,189,0,0,0,189
11/07/2002,ROA,VA,AEA,EN,Towers with Radar,10,104,32,6,152,0,3,52,2,57,10,107,84,8,209,62,0,62,271
11/08/2002,ROA,VA,AEA,EN,Towers with Radar,11,111,37,0,159,0,7,92,0,99,11,118,129,0,258,190,0,190,448
11/09/2002,ROA,VA,AEA,EN,Towers with Radar,7,83,35,0,125,0,8,75,0,83,7,91,110,0,208,84,0,84,292
11/10/2002,ROA,VA,AEA,EN,Towers with Radar,2,82,32,2,118,0,3,8,0,11,2,85,40,2,129,0,0,0,129
11/11/2002,ROA,VA,AEA,EN,Towers with Radar,1,85,26,0,112,0,11,8,0,19,1,96,34,0,131,96,0,96,227
11/12/2002,ROA,VA,AEA,EN,Towers with Radar,9,93,30,2,134,0,0,2,0,2,9,93,32,2,136,0,0,0,136
11/13/2002,ROA,VA,AEA,EN,Towers with Radar,32,94,39,0,165,0,3,25,1,29,32,97,64,1,194,10,0,10,204
11/14/2002,ROA,VA,AEA,EN,Towers with Radar,12,105,52,0,169,0,2,75,1,78,12,107,127,1,247,122,0,122,369
11/15/2002,ROA,VA,AEA,EN,Towers with Radar,8,107,33,0,148,0,6,82,0,88,8,113,115,0,236,104,0,104,340
11/16/2002,ROA,VA,AEA,EN,Towers with Radar,4,82,3,0,89,0,0,0,0,0,4,82,3,0,89,0,0,0,89
11/17/2002,ROA,VA,AEA,EN,Towers with Radar,0,68,13,4,85,0,0,1,0,1,0,68,14,4,86,0,0,0,86
11/18/2002,ROA,VA,AEA,EN,Towers with Radar,4,90,24,0,118,0,3,38,1,42,4,93,62,1,160,0,0,0,160
11/19/2002,ROA,VA,AEA,EN,Towers with Radar,8,104,39,4,155,0,3,25,1,29,8,107,64,5,184,84,0,84,268
11/20/2002,ROA,VA,AEA,EN,Towers with Radar,8,94,56,0,158,0,3,43,6,52,8,97,99,6,210,162,2,164,374
11/21/2002,ROA,VA,AEA,EN,Towers with Radar,9,109,30,8,156,0,0,0,0,0,9,109,30,8,156,0,0,0,156
11/22/2002,ROA,VA,AEA,EN,Towers with Radar,9,106,42,0,157,0,2,9,0,11,9,108,51,0,168,60,0,60,228
11/23/2002,ROA,VA,AEA,EN,Towers with Radar,3,64,52,8,127,0,1,37,2,40,3,65,89,10,167,12,2,14,181
11/24/2002,ROA,VA,AEA,EN,Towers with Radar,2,73,24,0,99,0,3,44,1,48,2,76,68,1,147,0,0,0,147
11/25/2002,ROA,VA,AEA,EN,Towers with Radar,3,100,21,7,131,0,7,59,0,66,3,107,80,7,197,190,14,204,401
11/26/2002,ROA,VA,AEA,EN,Towers with Radar,15,92,39,9,155,0,1,42,0,43,15,93,81,9,198,228,6,234,432
11/27/2002,ROA,VA,AEA,EN,Towers with Radar,12,100,33,13,158,0,1,26,0,27,12,101,59,13,185,112,0,112,297
11/28/2002,ROA,VA,AEA,EN,Towers with Radar,1,64,31,11,107,0,4,35,0,39,1,68,66,11,146,0,0,0,146
11/29/2002,ROA,VA,AEA,EN,Towers with Radar,3,75,30,0,108,0,1,37,0,38,3,76,67,0,146,0,0,0,146
11/30/2002,ROA,VA,AEA,EN,Towers with Radar,4,72,37,3,116,0,4,9,0,13,4,76,46,3,129,78,0,78,207
12/01/2002,ROA,VA,AEA,EN,Towers with Radar,0,86,70,0,156,0,1,29,0,30,0,87,99,0,186,0,0,0,186
12/02/2002,ROA,VA,AEA,EN,Towers with Radar,4,92,26,2,124,0,6,31,0,37,4,98,57,2,161,224,0,224,385
12/03/2002,ROA,VA,AEA,EN,Towers with Radar,12,98,34,11,155,0,1,47,0,48,12,99,81,11,203,208,0,208,411
12/04/2002,ROA,VA,AEA,EN,Towers with Radar,9,43,43,9,104,0,3,5,0,8,9,46,48,9,112,0,0,0,112
12/05/2002,ROA,VA,AEA,EN,Towers with Radar,11,44,10,1,66,0,1,0,0,1,11,45,10,1,67,0,0,0,67
12/06/2002,ROA,VA,AEA,EN,Towers with Radar,11,100,42,2,155,0,0,33,0,33,11,100,75,2,188,72,0,72,260
12/07/2002,ROA,VA,AEA,EN,Towers with Radar,9,60,24,0,93,0,1,32,0,33,9,61,56,0,126,52,0,52,178
12/08/2002,ROA,VA,AEA,EN,Towers with Radar,0,66,20,2,88,0,4,22,0,26,0,70,42,2,114,0,0,0,114
12/09/2002,ROA,VA,AEA,EN,Towers with Radar,2,100,20,1,123,0,3,66,2,71,2,103,86,3,194,320,0,320,514
12/10/2002,ROA,VA,AEA,EN,Towers with Radar,15,91,28,16,150,0,11,16,1,28,15,102,44,17,178,132,18,150,328
12/11/2002,ROA,VA,AEA,EN,Towers with Radar,11,91,33,0,135,0,1,2,0,3,11,92,35,0,138,0,0,0,138
12/12/2002,ROA,VA,AEA,EN,Towers with Radar,11,102,35,4,152,0,4,26,0,30,11,106,61,4,182,202,0,202,384
12/13/2002,ROA,VA,AEA,EN,Towers with Radar,10,92,28,2,132,0,2,0,0,2,10,94,28,2,134,0,0,0,134
12/14/2002,ROA,VA,AEA,EN,Towers with Radar,7,77,10,0,94,0,1,5,0,6,7,78,15,0,100,4,0,4,104
12/15/2002,ROA,VA,AEA,EN,Towers with Radar,2,69,16,15,102,0,0,31,0,31,2,69,47,15,133,20,36,56,189
12/16/2002,ROA,VA,AEA,EN,Towers with Radar,3,90,44,22,159,0,7,19,0,26,3,97,63,22,185,14,28,42,227
12/17/2002,ROA,VA,AEA,EN,Towers with Radar,21,101,44,0,166,0,10,36,1,47,21,111,80,1,213,290,12,302,515
12/18/2002,ROA,VA,AEA,EN,Towers with Radar,18,101,34,2,155,0,3,29,0,32,18,104,63,2,187,74,0,74,261
12/19/2002,ROA,VA,AEA,EN,Towers with Radar,20,100,48,0,168,0,4,7,0,11,20,104,55,0,179,84,0,84,263
12/20/2002,ROA,VA,AEA,EN,Towers with Radar,17,102,27,0,146,0,1,19,0,20,17,103,46,0,166,6,0,6,172
12/21/2002,ROA,VA,AEA,EN,Towers with Radar,11,69,21,3,104,0,2,22,1,25,11,71,43,4,129,4,0,4,133
12/22/2002,ROA,VA,AEA,EN,Towers with Radar,2,67,25,0,94,0,2,20,0,22,2,69,45,0,116,2,0,2,118
12/23/2002,ROA,VA,AEA,EN,Towers with Radar,4,95,34,0,133,0,4,57,0,61,4,99,91,0,194,16,0,16,210
12/24/2002,ROA,VA,AEA,EN,Towers with Radar,30,93,2,0,125,0,0,8,0,8,30,93,10,0,133,0,0,0,133
12/25/2002,ROA,VA,AEA,EN,Towers with Radar,4,56,4,0,64,0,2,0,0,2,4,58,4,0,66,0,0,0,66
12/26/2002,ROA,VA,AEA,EN,Towers with Radar,2,89,25,0,116,0,3,9,0,12,2,92,34,0,128,52,0,52,180
12/27/2002,ROA,VA,AEA,EN,Towers with Radar,7,92,25,4,128,0,7,37,0,44,7,99,62,4,172,118,0,118,290
12/28/2002,ROA,VA,AEA,EN,Towers with Radar,5,73,32,0,110,0,3,47,0,50,5,76,79,0,160,248,0,248,408
12/29/2002,ROA,VA,AEA,EN,Towers with Radar,3,70,29,2,104,0,4,45,0,49,3,74,74,2,153,8,0,8,161
12/30/2002,ROA,VA,AEA,EN,Towers with Radar,7,88,42,0,137,0,3,32,0,35,7,91,74,0,172,106,0,106,278
12/31/2002,ROA,VA,AEA,EN,Towers with Radar,12,86,11,0,109,0,2,29,0,31,12,88,40,0,140,110,0,110,250
01/01/2003,ROA,VA,AEA,EN,Towers with Radar,2,64,7,0,73,0,0,1,0,1,2,64,8,0,74,0,0,0,74
01/02/2003,ROA,VA,AEA,EN,Towers with Radar,4,88,37,0,129,0,0,0,0,0,4,88,37,0,129,0,0,0,129
01/03/2003,ROA,VA,AEA,EN,Towers with Radar,8,102,19,0,129,0,3,3,0,6,8,105,22,0,135,0,0,0,135
01/04/2003,ROA,VA,AEA,EN,Towers with Radar,5,78,22,0,105,0,0,18,0,18,5,78,40,0,123,172,0,172,295
01/05/2003,ROA,VA,AEA,EN,Towers with Radar,3,60,14,0,77,0,0,2,0,2,3,60,16,0,79,0,0,0,79
01/06/2003,ROA,VA,AEA,EN,Towers with Radar,0,93,27,0,120,0,2,15,0,17,0,95,42,0,137,38,0,38,175
01/07/2003,ROA,VA,AEA,EN,Towers with Radar,13,97,27,1,138,0,2,26,0,28,13,99,53,1,166,10,8,18,184
01/08/2003,ROA,VA,AEA,EN,Towers with Radar,12,97,32,13,154,0,0,7,0,7,12,97,39,13,161,0,0,0,161
01/09/2003,ROA,VA,AEA,EN,Towers with Radar,12,106,59,0,177,0,2,36,0,38,12,108,95,0,215,124,0,124,339
01/10/2003,ROA,VA,AEA,EN,Towers with Radar,14,100,35,3,152,0,5,28,0,33,14,105,63,3,185,62,0,62,247
01/11/2003,ROA,VA,AEA,EN,Towers with Radar,4,74,7,1,86,0,1,46,1,48,4,75,53,2,134,80,0,80,214
01/12/2003,ROA,VA,AEA,EN,Towers with Radar,2,64,23,6,95,0,2,56,0,58,2,66,79,6,153,140,0,140,293
01/13/2003,ROA,VA,AEA,EN,Towers with Radar,1,89,17,9,116,0,3,27,0,30,1,92,44,9,146,58,12,70,216
01/14/2003,ROA,VA,AEA,EN,Towers with Radar,8,95,38,0,141,0,4,24,0,28,8,99,62,0,169,210,0,210,379
01/15/2003,ROA,VA,AEA,EN,Towers with Radar,8,98,46,0,152,0,17,39,0,56,8,115,85,0,208,232,0,232,440
01/16/2003,ROA,VA,AEA,EN,Towers with Radar,7,87,25,3,122,0,0,23,0,23,7,87,48,3,145,218,0,218,363
01/17/2003,ROA,VA,AEA,EN,Towers with Radar,10,101,18,0,129,0,2,11,0,13,10,103,29,0,142,100,0,100,242
01/18/2003,ROA,VA,AEA,EN,Towers with Radar,5,84,20,0,109,0,1,30,0,31,5,85,50,0,140,60,0,60,200
01/19/2003,ROA,VA,AEA,EN,Towers with Radar,0,67,18,0,85,0,1,14,0,15,0,68,32,0,100,34,2,36,136
01/20/2003,ROA,VA,AEA,EN,Towers with Radar,3,78,24,0,105,0,0,15,0,15,3,78,39,0,120,0,0,0,120
01/21/2003,ROA,VA,AEA,EN,Towers with Radar,9,82,59,0,150,0,3,17,0,20,9,85,76,0,170,46,0,46,216
01/22/2003,ROA,VA,AEA,EN,Towers with Radar,10,101,34,4,149,0,0,41,0,41,10,101,75,4,190,64,4,68,258
01/23/2003,ROA,VA,AEA,EN,Towers with Radar,9,104,17,0,130,0,0,2,0,2,9,104,19,0,132,0,0,0,132
01/24/2003,ROA,VA,AEA,EN,Towers with Radar,11,92,23,0,126,0,1,21,0,22,11,93,44,0,148,24,0,24,172
01/25/2003,ROA,VA,AEA,EN,Towers with Radar,5,73,23,2,103,0,1,48,8,57,5,74,71,10,160,164,0,164,324
01/26/2003,ROA,VA,AEA,EN,Towers with Radar,3,66,22,0,91,0,7,36,1,44,3,73,58,1,135,8,0,8,143
01/27/2003,ROA,VA,AEA,EN,Towers with Radar,2,94,25,0,121,0,2,20,0,22,2,96,45,0,143,166,0,166,309
01/28/2003,ROA,VA,AEA,EN,Towers with Radar,8,98,38,0,144,0,7,39,0,46,8,105,77,0,190,102,0,102,292
01/29/2003,ROA,VA,AEA,EN,Towers with Radar,9,100,25,0,134,0,3,8,0,11,9,103,33,0,145,38,0,38,183
01/30/2003,ROA,VA,AEA,EN,Towers with Radar,9,98,16,0,123,0,0,0,0,0,9,98,16,0,123,0,0,0,123
01/31/2003,ROA,VA,AEA,EN,Towers with Radar,15,85,21,0,121,0,0,0,0,0,15,85,21,0,121,0,0,0,121
02/01/2003,ROA,VA,AEA,EN,Towers with Radar,3,62,21,0,86,0,1,14,2,17,3,63,35,2,103,46,0,46,149
02/02/2003,ROA,VA,AEA,EN,Towers with Radar,0,76,54,0,130,0,1,105,0,106,0,77,159,0,236,12,0,12,248
02/03/2003,ROA,VA,AEA,EN,Towers with Radar,6,95,49,23,173,0,1,46,0,47,6,96,95,23,220,186,2,188,408
02/04/2003,ROA,VA,AEA,EN,Towers with Radar,8,92,18,3,121,0,5,2,0,7,8,97,20,3,128,0,4,4,132
02/05/2003,ROA,VA,AEA,EN,Towers with Radar,8,101,47,2,158,0,1,42,0,43,8,102,89,2,201,68,78,146,347
02/06/2003,ROA,VA,AEA,EN,Towers with Radar,8,94,35,1,138,1,0,28,1,30,9,94,63,2,168,98,0,98,266
02/07/2003,ROA,VA,AEA,EN,Towers with Radar,8,86,31,0,125,3,2,0,0,5,11,88,31,0,130,90,0,90,220
02/08/2003,ROA,VA,AEA,EN,Towers with Radar,10,74,27,0,111,0,5,39,0,44,10,79,66,0,155,126,0,126,281
02/09/2003,ROA,VA,AEA,EN,Towers with Radar,1,69,25,0,95,0,3,33,0,36,1,72,58,0,131,10,0,10,141
02/10/2003,ROA,VA,AEA,EN,Towers with Radar,2,94,23,0,119,0,4,2,0,6,2,98,25,0,125,0,0,0,125
02/11/2003,ROA,VA,AEA,EN,Towers with Radar,7,103,38,0,148,0,1,30,1,32,7,104,68,1,180,8,0,8,188
02/12/2003,ROA,VA,AEA,EN,Towers with Radar,9,106,31,0,146,0,3,10,2,15,9,109,41,2,161,0,0,0,161
02/13/2003,ROA,VA,AEA,EN,Towers with Radar,12,102,29,0,143,0,5,33,1,39,12,107,62,1,182,118,2,120,302
02/14/2003,ROA,VA,AEA,EN,Towers with Radar,15,99,31,0,145,0,5,22,1,28,15,104,53,1,173,0,0,0,173
02/15/2003,ROA,VA,AEA,EN,Towers with Radar,4,66,4,0,74,0,0,0,0,0,4,66,4,0,74,0,0,0,74
02/16/2003,ROA,VA,AEA,EN,Towers with Radar,0,4,0,0,4,0,0,0,0,0,0,4,0,0,4,0,0,0,4
02/17/2003,ROA,VA,AEA,EN,Towers with Radar,1,32,17,0,50,0,0,0,0,0,1,32,17,0,50,0,0,0,50
02/18/2003,ROA,VA,AEA,EN,Towers with Radar,8,79,23,0,110,0,6,5,0,11,8,85,28,0,121,24,0,24,145
02/19/2003,ROA,VA,AEA,EN,Towers with Radar,10,91,40,0,141,0,1,24,0,25,10,92,64,0,166,0,0,0,166
02/20/2003,ROA,VA,AEA,EN,Towers with Radar,10,84,37,0,131,0,2,21,1,24,10,86,58,1,155,70,0,70,225
02/21/2003,ROA,VA,AEA,EN,Towers with Radar,13,104,32,0,149,0,0,3,1,4,13,104,35,1,153,0,0,0,153
02/22/2003,ROA,VA,AEA,EN,Towers with Radar,11,53,8,0,72,0,0,0,0,0,11,53,8,0,72,0,0,0,72
02/23/2003,ROA,VA,AEA,EN,Towers with Radar,0,44,27,0,71,0,2,1,0,3,0,46,28,0,74,0,0,0,74
02/24/2003,ROA,VA,AEA,EN,Towers with Radar,3,90,24,0,117,0,1,26,1,28,3,91,50,1,145,34,0,34,179
02/25/2003,ROA,VA,AEA,EN,Towers with Radar,10,86,47,0,143,0,2,20,0,22,10,88,67,0,165,44,0,44,209
02/26/2003,ROA,VA,AEA,EN,Towers with Radar,9,93,21,1,124,0,1,1,1,3,9,94,22,2,127,0,0,0,127
02/27/2003,ROA,VA,AEA,EN,Towers with Radar,10,62,12,0,84,0,0,0,0,0,10,62,12,0,84,0,0,0,84
02/28/2003,ROA,VA,AEA,EN,Towers with Radar,9,84,32,0,125,0,0,1,0,1,9,84,33,0,126,0,0,0,126
03/01/2003,ROA,VA,AEA,EN,Towers with Radar,4,64,20,0,88,0,0,0,0,0,4,64,20,0,88,0,0,0,88
03/02/2003,ROA,VA,AEA,EN,Towers with Radar,1,63,27,1,92,0,0,11,0,11,1,63,38,1,103,78,0,78,181
03/03/2003,ROA,VA,AEA,EN,Towers with Radar,3,91,23,0,117,0,2,31,0,33,3,93,54,0,150,106,0,106,256
03/04/2003,ROA,VA,AEA,EN,Towers with Radar,7,104,49,9,169,0,0,44,0,44,7,104,93,9,213,186,0,186,399
03/05/2003,ROA,VA,AEA,EN,Towers with Radar,9,98,29,0,136,0,0,17,0,17,9,98,46,0,153,202,0,202,355
03/06/2003,ROA,VA,AEA,EN,Towers with Radar,8,94,25,6,133,0,2,4,0,6,8,96,29,6,139,30,0,30,169
03/07/2003,ROA,VA,AEA,EN,Towers with Radar,14,98,29,5,146,0,1,42,0,43,14,99,71,5,189,128,0,128,317
03/08/2003,ROA,VA,AEA,EN,Towers with Radar,11,75,22,0,108,0,3,72,1,76,11,78,94,1,184,58,0,58,242
03/09/2003,ROA,VA,AEA,EN,Towers with Radar,3,71,17,1,92,0,2,19,0,21,3,73,36,1,113,104,0,104,217
03/10/2003,ROA,VA,AEA,EN,Towers with Radar,3,80,33,0,116,0,2,47,1,50,3,82,80,1,166,62,0,62,228
03/11/2003,ROA,VA,AEA,EN,Towers with Radar,9,92,41,3,145,0,4,48,0,52,9,96,89,3,197,152,0,152,349
03/12/2003,ROA,VA,AEA,EN,Towers with Radar,11,86,66,9,172,0,6,73,0,79,11,92,139,9,251,124,4,128,379
03/13/2003,ROA,VA,AEA,EN,Towers with Radar,6,94,37,2,139,0,2,33,0,35,6,96,70,2,174,132,0,132,306
03/14/2003,ROA,VA,AEA,EN,Towers with Radar,11,94,46,0,151,0,1,46,3,50,11,95,92,3,201,98,2,100,301
03/15/2003,ROA,VA,AEA,EN,Towers with Radar,3,74,16,0,93,0,2,31,1,34,3,76,47,1,127,138,0,138,265
03/16/2003,ROA,VA,AEA,EN,Towers with Radar,2,66,27,2,97,0,2,3,0,5,2,68,30,2,102,0,0,0,102
03/17/2003,ROA,VA,AEA,EN,Towers with Radar,1,98,48,4,151,0,3,9,2,14,1,101,57,6,165,126,2,128,293
03/18/2003,ROA,VA,AEA,EN,Towers with Radar,10,92,22,0,124,0,3,2,0,5,10,95,24,0,129,86,0,86,215
03/19/2003,ROA,VA,AEA,EN,Towers with Radar,10,91,20,3,124,0,0,0,0,0,10,91,20,3,124,0,0,0,124
03/20/2003,ROA,VA,AEA,EN,Towers with Radar,13,82,26,4,125,0,0,0,0,0,13,82,26,4,125,0,0,0,125
03/21/2003,ROA,VA,AEA,EN,Towers with Radar,18,106,35,2,161,0,1,23,1,25,18,107,58,3,186,92,12,104,290
03/22/2003,ROA,VA,AEA,EN,Towers with Radar,2,81,17,0,100,0,7,43,0,50,2,88,60,0,150,178,0,178,328
03/23/2003,ROA,VA,AEA,EN,Towers with Radar,1,72,22,4,99,0,6,49,2,57,1,78,71,6,156,4,0,4,160
03/24/2003,ROA,VA,AEA,EN,Towers with Radar,3,94,26,2,125,0,6,48,0,54,3,100,74,2,179,134,0,134,313
03/25/2003,ROA,VA,AEA,EN,Towers with Radar,12,94,45,0,151,0,4,48,0,52,12,98,93,0,203,236,0,236,439
03/26/2003,ROA,VA,AEA,EN,Towers with Radar,8,94,37,7,146,0,3,16,0,19,8,97,53,7,165,44,12,56,221
03/27/2003,ROA,VA,AEA,EN,Towers with Radar,13,95,55,2,165,0,3,58,1,62,13,98,113,3,227,94,8,102,329
03/28/2003,ROA,VA,AEA,EN,Towers with Radar,10,97,50,1,158,0,3,15,0,18,10,100,65,1,176,108,0,108,284
03/29/2003,ROA,VA,AEA,EN,Towers with Radar,5,80,17,0,102,0,6,6,0,12,5,86,23,0,114,92,0,92,206
03/30/2003,ROA,VA,AEA,EN,Towers with Radar,2,62,12,2,78,0,0,0,0,0,2,62,12,2,78,0,0,0,78
03/31/2003,ROA,VA,AEA,EN,Towers with Radar,2,86,34,11,133,0,2,19,0,21,2,88,53,11,154,6,0,6,160
04/01/2003,ROA,VA,AEA,EN,Towers with Radar,17,93,31,0,141,0,2,38,0,40,17,95,69,0,181,164,0,164,345
04/02/2003,ROA,VA,AEA,EN,Towers with Radar,5,90,35,3,133,0,0,42,0,42,5,90,77,3,175,112,0,112,287
04/03/2003,ROA,VA,AEA,EN,Towers with Radar,8,93,32,8,141,0,2,39,0,41,8,95,71,8,182,256,0,256,438
04/04/2003,ROA,VA,AEA,EN,Towers with Radar,10,82,35,10,137,0,10,38,0,48,10,92,73,10,185,144,24,168,353
04/05/2003,ROA,VA,AEA,EN,Towers with Radar,6,78,12,0,96,0,3,15,0,18,6,81,27,0,114,40,0,40,154
04/06/2003,ROA,VA,AEA,EN,Towers with Radar,4,63,25,0,92,0,5,52,0,57,4,68,77,0,149,56,0,56,205
04/07/2003,ROA,VA,AEA,EN,Towers with Radar,2,77,22,0,101,0,0,0,0,0,2,77,22,0,101,0,0,0,101
04/08/2003,ROA,VA,AEA,EN,Towers with Radar,15,102,35,5,157,0,0,0,0,0,15,102,35,5,157,0,0,0,157
04/09/2003,ROA,VA,AEA,EN,Towers with Radar,9,87,22,0,118,0,0,0,0,0,9,87,22,0,118,0,0,0,118
04/10/2003,ROA,VA,AEA,EN,Towers with Radar,8,91,31,2,132,0,0,1,0,1,8,91,32,2,133,0,0,0,133
04/11/2003,ROA,VA,AEA,EN,Towers with Radar,9,99,34,18,160,0,0,11,0,11,9,99,45,18,171,52,12,64,235
04/12/2003,ROA,VA,AEA,EN,Towers with Radar,6,72,23,0,101,0,2,35,0,37,6,74,58,0,138,52,0,52,190
04/13/2003,ROA,VA,AEA,EN,Towers with Radar,0,66,25,0,91,0,5,65,0,70,0,71,90,0,161,58,0,58,219
04/14/2003,ROA,VA,AEA,EN,Towers with Radar,4,45,12,0,61,0,5,20,0,25,4,50,32,0,86,212,12,224,310
04/15/2003,ROA,VA,AEA,EN,Towers with Radar,9,91,54,12,166,0,0,69,0,69,9,91,123,12,235,174,14,188,423
04/16/2003,ROA,VA,AEA,EN,Towers with Radar,8,85,53,5,151,0,1,46,2,49,8,86,99,7,200,262,4,266,466
04/17/2003,ROA,VA,AEA,EN,Towers with Radar,13,92,38,24,167,0,4,23,5,32,13,96,61,29,199,92,18,110,309
04/18/2003,ROA,VA,AEA,EN,Towers with Radar,9,88,18,2,117,0,0,0,0,0,9,88,18,2,117,0,0,0,117
04/19/2003,ROA,VA,AEA,EN,Towers with Radar,5,68,20,0,93,0,2,0,0,2,5,70,20,0,95,0,0,0,95
04/20/2003,ROA,VA,AEA,EN,Towers with Radar,1,61,25,0,87,0,0,11,0,11,1,61,36,0,98,0,0,0,98
04/21/2003,ROA,VA,AEA,EN,Towers with Radar,5,87,38,0,130,0,2,5,0,7,5,89,43,0,137,18,0,18,155
04/22/2003,ROA,VA,AEA,EN,Towers with Radar,5,64,59,8,136,0,0,38,0,38,5,64,97,8,174,0,0,0,174
04/23/2003,ROA,VA,AEA,EN,Towers with Radar,9,86,32,0,127,0,7,53,0,60,9,93,85,0,187,116,0,116,303
04/24/2003,ROA,VA,AEA,EN,Towers with Radar,10,89,24,2,125,0,2,95,0,97,10,91,119,2,222,154,0,154,376
04/25/2003,ROA,VA,AEA,EN,Towers with Radar,8,96,33,2,139,0,5,12,0,17,8,101,45,2,156,0,0,0,156
04/26/2003,ROA,VA,AEA,EN,Towers with Radar,6,90,27,0,123,0,2,7,0,9,6,92,34,0,132,20,0,20,152
04/27/2003,ROA,VA,AEA,EN,Towers with Radar,2,75,33,0,110,0,3,124,0,127,2,78,157,0,237,92,0,92,329
04/28/2003,ROA,VA,AEA,EN,Towers with Radar,3,91,35,0,129,0,2,63,0,65,3,93,98,0,194,200,0,200,394
04/29/2003,ROA,VA,AEA,EN,Towers with Radar,8,90,40,0,138,0,4,48,0,52,8,94,88,0,190,190,0,190,380
04/30/2003,ROA,VA,AEA,EN,Towers with Radar,7,98,47,0,152,0,2,22,0,24,7,100,69,0,176,128,0,128,304
05/01/2003,ROA,VA,AEA,EN,Towers with Radar,10,92,47,2,151,0,0,26,0,26,10,92,73,2,177,116,0,116,293
05/02/2003,ROA,VA,AEA,EN,Towers with Radar,6,93,38,4,141,0,6,51,0,57,6,99,89,4,198,112,0,112,310
05/03/2003,ROA,VA,AEA,EN,Towers with Radar,9,81,18,0,108,0,2,12,0,14,9,83,30,0,122,64,0,64,186
05/04/2003,ROA,VA,AEA,EN,Towers with Radar,2,70,38,0,110,0,4,16,0,20,2,74,54,0,130,32,0,32,162
05/05/2003,ROA,VA,AEA,EN,Towers with Radar,7,79,18,0,104,0,1,4,0,5,7,80,22,0,109,0,0,0,109
05/06/2003,ROA,VA,AEA,EN,Towers with Radar,9,97,42,0,148,0,0,17,0,17,9,97,59,0,165,86,0,86,251
05/07/2003,ROA,VA,AEA,EN,Towers with Radar,11,98,41,0,150,0,4,22,0,26,11,102,63,0,176,138,0,138,314
05/08/2003,ROA,VA,AEA,EN,Towers with Radar,9,84,41,18,152,0,0,40,1,41,9,84,81,19,193,190,6,196,389
05/09/2003,ROA,VA,AEA,EN,Towers with Radar,8,84,38,0,130,0,4,20,0,24,8,88,58,0,154,72,0,72,226
05/10/2003,ROA,VA,AEA,EN,Towers with Radar,4,64,33,1,102,0,4,11,0,15,4,68,44,1,117,34,0,34,151
05/11/2003,ROA,VA,AEA,EN,Towers with Radar,3,56,31,0,90,0,4,13,0,17,3,60,44,0,107,0,0,0,107
05/12/2003,ROA,VA,AEA,EN,Towers with Radar,4,86,26,0,116,0,5,23,0,28,4,91,49,0,144,0,0,0,144
05/13/2003,ROA,VA,AEA,EN,Towers with Radar,9,93,31,14,147,0,2,23,0,25,9,95,54,14,172,0,8,8,180
05/14/2003,ROA,VA,AEA,EN,Towers with Radar,9,99,44,1,153,0,2,68,1,71,9,101,112,2,224,146,0,146,370
05/15/2003,ROA,VA,AEA,EN,Towers with Radar,9,88,28,2,127,0,4,23,1,28,9,92,51,3,155,62,0,62,217
05/16/2003,ROA,VA,AEA,EN,Towers with Radar,14,106,59,2,181,0,0,15,0,15,14,106,74,2,196,132,0,132,328
05/17/2003,ROA,VA,AEA,EN,Towers with Radar,3,67,28,0,98,0,0,0,0,0,3,67,28,0,98,0,0,0,98
05/18/2003,ROA,VA,AEA,EN,Towers with Radar,1,59,22,0,82,0,0,0,0,0,1,59,22,0,82,0,0,0,82
05/19/2003,ROA,VA,AEA,EN,Towers with Radar,3,85,37,2,127,0,3,10,2,15,3,88,47,4,142,68,4,72,214
05/20/2003,ROA,VA,AEA,EN,Towers with Radar,10,91,53,0,154,0,1,45,0,46,10,92,98,0,200,152,0,152,352
05/21/2003,ROA,VA,AEA,EN,Towers with Radar,9,90,35,1,135,0,2,1,0,3,9,92,36,1,138,0,0,0,138
05/22/2003,ROA,VA,AEA,EN,Towers with Radar,9,98,31,4,142,0,0,0,0,0,9,98,31,4,142,0,0,0,142
05/23/2003,ROA,VA,AEA,EN,Towers with Radar,11,87,28,1,127,0,0,1,0,1,11,87,29,1,128,0,0,0,128
05/24/2003,ROA,VA,AEA,EN,Towers with Radar,4,64,18,0,86,0,7,21,0,28,4,71,39,0,114,90,0,90,204
05/25/2003,ROA,VA,AEA,EN,Towers with Radar,1,60,37,0,98,0,2,24,0,26,1,62,61,0,124,0,0,0,124
05/26/2003,ROA,VA,AEA,EN,Towers with Radar,3,67,23,0,93,0,0,58,0,58,3,67,81,0,151,114,0,114,265
05/27/2003,ROA,VA,AEA,EN,Towers with Radar,2,87,40,0,129,0,4,10,0,14,2,91,50,0,143,12,0,12,155
05/28/2003,ROA,VA,AEA,EN,Towers with Radar,10,90,44,2,146,0,8,46,0,54,10,98,90,2,200,66,0,66,266
05/29/2003,ROA,VA,AEA,EN,Towers with Radar,10,92,52,2,156,0,4,10,0,14,10,96,62,2,170,100,0,100,270
05/30/2003,ROA,VA,AEA,EN,Towers with Radar,10,101,57,2,170,0,13,81,2,96,10,114,138,4,266,210,0,210,476
05/31/2003,ROA,VA,AEA,EN,Towers with Radar,6,64,12,0,82,0,1,3,0,4,6,65,15,0,86,18,0,18,104
06/01/2003,ROA,VA,AEA,EN,Towers with Radar,4,57,18,0,79,0,8,10,0,18,4,65,28,0,97,0,0,0,97
06/02/2003,ROA,VA,AEA,EN,Towers with Radar,5,70,28,0,103,0,8,93,0,101,5,78,121,0,204,36,0,36,240
06/03/2003,ROA,VA,AEA,EN,Towers with Radar,10,85,37,1,133,0,0,5,0,5,10,85,42,1,138,0,0,0,138
06/04/2003,ROA,VA,AEA,EN,Towers with Radar,17,87,35,0,139,0,2,5,0,7,17,89,40,0,146,36,0,36,182
06/05/2003,ROA,VA,AEA,EN,Towers with Radar,9,101,60,5,175,0,6,30,0,36,9,107,90,5,211,98,2,100,311
06/06/2003,ROA,VA,AEA,EN,Towers with Radar,7,93,50,0,150,0,3,178,2,183,7,96,228,2,333,246,0,246,579
06/07/2003,ROA,VA,AEA,EN,Towers with Radar,6,75,10,0,91,0,4,4,0,8,6,79,14,0,99,2,0,2,101
06/08/2003,ROA,VA,AEA,EN,Towers with Radar,0,79,32,0,111,0,0,1,0,1,0,79,33,0,112,0,0,0,112
06/09/2003,ROA,VA,AEA,EN,Towers with Radar,2,91,39,0,132,0,3,63,2,68,2,94,102,2,200,220,0,220,420
06/10/2003,ROA,VA,AEA,EN,Towers with Radar,9,113,61,4,187,0,1,74,0,75,9,114,135,4,262,156,0,156,418
06/11/2003,ROA,VA,AEA,EN,Towers with Radar,8,91,46,0,145,0,4,18,2,24,8,95,64,2,169,64,0,64,233
06/12/2003,ROA,VA,AEA,EN,Towers with Radar,10,86,59,3,158,0,1,1,2,4,10,87,60,5,162,0,0,0,162
06/13/2003,ROA,VA,AEA,EN,Towers with Radar,10,92,28,0,130,0,3,8,2,13,10,95,36,2,143,36,0,36,179
06/14/2003,ROA,VA,AEA,EN,Towers with Radar,3,69,19,1,92,0,1,43,0,44,3,70,62,1,136,80,0,80,216
06/15/2003,ROA,VA,AEA,EN,Towers with Radar,7,68,39,0,114,0,0,10,0,10,7,68,49,0,124,0,0,0,124
06/16/2003,ROA,VA,AEA,EN,Towers with Radar,1,79,40,1,121,0,0,5,0,5,1,79,45,1,126,136,0,136,262
06/17/2003,ROA,VA,AEA,EN,Towers with Radar,8,94,36,2,140,0,0,0,0,0,8,94,36,2,140,0,0,0,140
06/18/2003,ROA,VA,AEA,EN,Towers with Radar,8,89,46,0,143,0,0,1,0,1,8,89,47,0,144,242,0,242,386
06/19/2003,ROA,VA,AEA,EN,Towers with Radar,10,89,42,1,142,0,3,19,0,22,10,92,61,1,164,196,0,196,360
06/20/2003,ROA,VA,AEA,EN,Towers with Radar,11,86,49,6,152,0,4,21,2,27,11,90,70,8,179,56,0,56,235
06/21/2003,ROA,VA,AEA,EN,Towers with Radar,4,69,31,0,104,0,2,47,2,51,4,71,78,2,155,66,0,66,221
06/22/2003,ROA,VA,AEA,EN,Towers with Radar,2,73,29,0,104,0,8,53,0,61,2,81,82,0,165,28,0,28,193
06/23/2003,ROA,VA,AEA,EN,Towers with Radar,0,103,42,10,155,0,11,66,0,77,0,114,108,10,232,152,10,162,394
06/24/2003,ROA,VA,AEA,EN,Towers with Radar,10,98,41,1,150,0,3,51,0,54,10,101,92,1,204,84,0,84,288
06/25/2003,ROA,VA,AEA,EN,Towers with Radar,7,101,78,1,187,0,9,56,0,65,7,110,134,1,252,248,0,248,500
06/26/2003,ROA,VA,AEA,EN,Towers with Radar,11,96,46,5,158,0,4,41,0,45,11,100,87,5,203,0,0,0,203
06/27/2003,ROA,VA,AEA,EN,Towers with Radar,9,92,49,1,151,0,2,37,0,39,9,94,86,1,190,58,0,58,248
06/28/2003,ROA,VA,AEA,EN,Towers with Radar,3,63,16,0,82,0,6,11,2,19,3,69,27,2,101,102,0,102,203
06/29/2003,ROA,VA,AEA,EN,Towers with Radar,3,62,34,2,101,0,4,61,0,65,3,66,95,2,166,100,0,100,266
06/30/2003,ROA,VA,AEA,EN,Towers with Radar,1,90,26,0,117,0,2,22,0,24,1,92,48,0,141,86,0,86,227
07/01/2003,ROA,VA,AEA,EN,Towers with Radar,9,89,36,0,134,0,2,10,1,13,9,91,46,1,147,82,0,82,229
07/02/2003,ROA,VA,AEA,EN,Towers with Radar,11,90,19,0,120,0,0,0,0,0,11,90,19,0,120,0,0,0,120
07/03/2003,ROA,VA,AEA,EN,Towers with Radar,6,85,47,0,138,0,4,40,0,44,6,89,87,0,182,146,0,146,328
07/04/2003,ROA,VA,AEA,EN,Towers with Radar,3,65,21,0,89,0,10,34,0,44,3,75,55,0,133,136,0,136,269
07/05/2003,ROA,VA,AEA,EN,Towers with Radar,3,52,23,0,78,0,7,49,0,56,3,59,72,0,134,76,0,76,210
07/06/2003,ROA,VA,AEA,EN,Towers with Radar,1,60,30,0,91,0,2,39,0,41,1,62,69,0,132,40,0,40,172
07/07/2003,ROA,VA,AEA,EN,Towers with Radar,1,78,20,1,100,0,0,22,0,22,1,78,42,1,122,140,0,140,262
07/08/2003,ROA,VA,AEA,EN,Towers with Radar,8,90,27,0,125,0,0,26,0,26,8,90,53,0,151,112,0,112,263
07/09/2003,ROA,VA,AEA,EN,Towers with Radar,7,89,51,0,147,0,1,26,0,27,7,90,77,0,174,124,2,126,300
07/10/2003,ROA,VA,AEA,EN,Towers with Radar,10,89,36,2,137,0,1,44,0,45,10,90,80,2,182,58,20,78,260
07/11/2003,ROA,VA,AEA,EN,Towers with Radar,5,83,32,7,127,0,3,38,0,41,5,86,70,7,168,128,16,144,312
07/12/2003,ROA,VA,AEA,EN,Towers with Radar,10,68,27,0,105,0,3,65,0,68,10,71,92,0,173,36,0,36,209
07/13/2003,ROA,VA,AEA,EN,Towers with Radar,1,67,41,3,112,0,1,34,0,35,1,68,75,3,147,6,0,6,153
07/14/2003,ROA,VA,AEA,EN,Towers with Radar,1,87,36,2,126,0,0,18,0,18,1,87,54,2,144,62,0,62,206
07/15/2003,ROA,VA,AEA,EN,Towers with Radar,8,91,55,5,159,0,3,31,0,34,8,94,86,5,193,126,0,126,319
07/16/2003,ROA,VA,AEA,EN,Towers with Radar,15,106,40,0,161,0,2,38,1,41,15,108,78,1,202,154,0,154,356
07/17/2003,ROA,VA,AEA,EN,Towers with Radar,8,90,40,0,138,0,3,56,0,59,8,93,96,0,197,104,0,104,301
07/18/2003,ROA,VA,AEA,EN,Towers with Radar,11,81,48,2,142,0,5,34,2,41,11,86,82,4,183,96,2,98,281
07/19/2003,ROA,VA,AEA,EN,Towers with Radar,4,65,28,2,99,0,2,52,0,54,4,67,80,2,153,18,0,18,171
07/20/2003,ROA,VA,AEA,EN,Towers with Radar,2,63,49,0,114,0,4,43,1,48,2,67,92,1,162,56,0,56,218
07/21/2003,ROA,VA,AEA,EN,Towers with Radar,3,81,35,1,120,0,3,21,1,25,3,84,56,2,145,60,0,60,205
07/22/2003,ROA,VA,AEA,EN,Towers with Radar,7,90,35,0,132,0,2,21,0,23,7,92,56,0,155,68,0,68,223
07/23/2003,ROA,VA,AEA,EN,Towers with Radar,7,84,33,11,135,0,4,15,0,19,7,88,48,11,154,114,14,128,282
07/24/2003,ROA,VA,AEA,EN,Towers with Radar,12,100,33,4,149,0,2,73,0,75,12,102,106,4,224,174,18,192,416
07/25/2003,ROA,VA,AEA,EN,Towers with Radar,9,88,28,0,125,0,2,82,0,84,9,90,110,0,209,46,0,46,255
07/26/2003,ROA,VA,AEA,EN,Towers with Radar,7,68,29,0,104,0,1,62,0,63,7,69,91,0,167,54,0,54,221
07/27/2003,ROA,VA,AEA,EN,Towers with Radar,2,63,22,0,87,0,9,33,0,42,2,72,55,0,129,12,0,12,141
07/28/2003,ROA,VA,AEA,EN,Towers with Radar,1,84,32,0,117,0,3,27,0,30,1,87,59,0,147,116,0,116,263
07/29/2003,ROA,VA,AEA,EN,Towers with Radar,7,92,32,0,131,0,0,0,0,0,7,92,32,0,131,0,0,0,131
07/30/2003,ROA,VA,AEA,EN,Towers with Radar,12,93,32,7,144,0,0,5,4,9,12,93,37,11,153,20,0,20,173
07/31/2003,ROA,VA,AEA,EN,Towers with Radar,10,89,40,0,139,0,0,0,0,0,10,89,40,0,139,0,0,0,139
08/01/2003,ROA,VA,AEA,EN,Towers with Radar,18,86,37,1,142,0,2,15,0,17,18,88,52,1,159,156,0,156,315
08/02/2003,ROA,VA,AEA,EN,Towers with Radar,4,71,30,1,106,0,0,18,0,18,4,71,48,1,124,52,0,52,176
08/03/2003,ROA,VA,AEA,EN,Towers with Radar,0,83,24,0,107,0,2,14,0,16,0,85,38,0,123,0,0,0,123
08/04/2003,ROA,VA,AEA,EN,Towers with Radar,3,74,45,0,122,0,5,11,0,16,3,79,56,0,138,0,0,0,138
08/05/2003,ROA,VA,AEA,EN,Towers with Radar,10,96,37,0,143,0,7,15,1,23,10,103,52,1,166,84,0,84,250
08/06/2003,ROA,VA,AEA,EN,Towers with Radar,9,94,36,1,140,0,3,35,0,38,9,97,71,1,178,168,0,168,346
08/07/2003,ROA,VA,AEA,EN,Towers with Radar,9,90,38,5,142,0,4,6,0,10,9,94,44,5,152,44,0,44,196
08/08/2003,ROA,VA,AEA,EN,Towers with Radar,11,90,36,2,139,0,1,17,0,18,11,91,53,2,157,96,0,96,253
08/09/2003,ROA,VA,AEA,EN,Towers with Radar,7,65,30,0,102,0,1,9,0,10,7,66,39,0,112,70,0,70,182
08/10/2003,ROA,VA,AEA,EN,Towers with Radar,2,68,11,2,83,0,1,11,0,12,2,69,22,2,95,38,0,38,133
08/11/2003,ROA,VA,AEA,EN,Towers with Radar,1,89,25,2,117,0,0,13,3,16,1,89,38,5,133,122,0,122,255
08/12/2003,ROA,VA,AEA,EN,Towers with Radar,12,94,30,0,136,0,2,25,1,28,12,96,55,1,164,118,2,120,284
08/13/2003,ROA,VA,AEA,EN,Towers with Radar,10,94,41,1,146,0,0,6,0,6,10,94,47,1,152,56,0,56,208
08/14/2003,ROA,VA,AEA,EN,Towers with Radar,12,82,56,2,152,0,1,35,4,40,12,83,91,6,192,126,0,126,318
08/15/2003,ROA,VA,AEA,EN,Towers with Radar,12,81,38,2,133,0,3,42,2,47,12,84,80,4,180,106,0,106,286
08/16/2003,ROA,VA,AEA,EN,Towers with Radar,4,82,37,0,123,0,1,7,0,8,4,83,44,0,131,96,0,96,227
08/17/2003,ROA,VA,AEA,EN,Towers with Radar,6,66,26,0,98,0,1,23,2,26,6,67,49,2,124,114,0,114,238
08/18/2003,ROA,VA,AEA,EN,Towers with Radar,2,89,27,6,124,0,2,38,2,42,2,91,65,8,166,104,0,104,270
08/19/2003,ROA,VA,AEA,EN,Towers with Radar,11,95,48,9,163,0,1,24,2,27,11,96,72,11,190,108,0,108,298
08/20/2003,ROA,VA,AEA,EN,Towers with Radar,8,87,51,6,152,0,2,16,1,19,8,89,67,7,171,106,0,106,277
08/21/2003,ROA,VA,AEA,EN,Towers with Radar,12,85,37,8,142,0,6,21,0,27,12,91,58,8,169,90,0,90,259
08/22/2003,ROA,VA,AEA,EN,Towers with Radar,7,84,43,0,134,0,0,24,0,24,7,84,67,0,158,44,0,44,202
08/23/2003,ROA,VA,AEA,EN,Towers with Radar,6,70,25,0,101,0,2,36,0,38,6,72,61,0,139,126,0,126,265
08/24/2003,ROA,VA,AEA,EN,Towers with Radar,1,66,19,0,86,0,4,77,0,81,1,70,96,0,167,48,0,48,215
08/25/2003,ROA,VA,AEA,EN,Towers with Radar,2,87,21,8,118,0,4,20,0,24,2,91,41,8,142,52,8,60,202
08/26/2003,ROA,VA,AEA,EN,Towers with Radar,9,82,39,4,134,0,3,56,1,60,9,85,95,5,194,120,2,122,316
08/27/2003,ROA,VA,AEA,EN,Towers with Radar,10,89,54,9,162,0,3,34,1,38,10,92,88,10,200,138,20,158,358
08/28/2003,ROA,VA,AEA,EN,Towers with Radar,14,86,41,2,143,0,1,26,0,27,14,87,67,2,170,36,0,36,206
08/29/2003,ROA,VA,AEA,EN,Towers with Radar,4,83,35,0,122,0,0,21,0,21,4,83,56,0,143,136,0,136,279
08/30/2003,ROA,VA,AEA,EN,Towers with Radar,6,73,18,0,97,0,1,23,0,24,6,74,41,0,121,14,0,14,135
08/31/2003,ROA,VA,AEA,EN,Towers with Radar,1,59,21,6,87,0,1,2,0,3,1,60,23,6,90,0,0,0,90
09/01/2003,ROA,VA,AEA,EN,Towers with Radar,2,65,16,2,85,0,5,13,0,18,2,70,29,2,103,18,0,18,121
09/02/2003,ROA,VA,AEA,EN,Towers with Radar,3,87,23,8,121,0,10,26,0,36,3,97,49,8,157,48,0,48,205
09/03/2003,ROA,VA,AEA,EN,Towers with Radar,7,89,36,0,132,0,1,16,0,17,7,90,52,0,149,0,0,0,149
09/04/2003,ROA,VA,AEA,EN,Towers with Radar,11,87,30,0,128,0,6,7,0,13,11,93,37,0,141,66,0,66,207
09/05/2003,ROA,VA,AEA,EN,Towers with Radar,11,107,43,2,163,0,2,88,0,90,11,109,131,2,253,290,0,290,543
09/06/2003,ROA,VA,AEA,EN,Towers with Radar,7,81,46,0,134,0,1,51,1,53,7,82,97,1,187,42,2,44,231
09/07/2003,ROA,VA,AEA,EN,Towers with Radar,3,73,24,5,105,0,2,34,2,38,3,75,58,7,143,22,0,22,165
09/08/2003,ROA,VA,AEA,EN,Towers with Radar,5,91,38,6,140,0,1,40,0,41,5,92,78,6,181,154,0,154,335
09/09/2003,ROA,VA,AEA,EN,Towers with Radar,10,83,43,0,136,0,3,49,0,52,10,86,92,0,188,90,0,90,278
09/10/2003,ROA,VA,AEA,EN,Towers with Radar,9,86,29,0,124,0,2,72,0,74,9,88,101,0,198,84,0,84,282
09/11/2003,ROA,VA,AEA,EN,Towers with Radar,9,80,37,4,130,0,4,55,0,59,9,84,92,4,189,24,0,24,213
09/12/2003,ROA,VA,AEA,EN,Towers with Radar,13,88,41,20,162,0,3,18,0,21,13,91,59,20,183,0,0,0,183
09/13/2003,ROA,VA,AEA,EN,Towers with Radar,4,82,29,0,115,0,1,1,0,2,4,83,30,0,117,0,0,0,117
09/14/2003,ROA,VA,AEA,EN,Towers with Radar,3,75,30,0,108,0,2,5,0,7,3,77,35,0,115,0,0,0,115
09/15/2003,ROA,VA,AEA,EN,Towers with Radar,0,101,25,5,131,0,4,17,0,21,0,105,42,5,152,0,0,0,152
09/16/2003,ROA,VA,AEA,EN,Towers with Radar,13,79,43,4,139,0,2,74,0,76,13,81,117,4,215,120,0,120,335
09/17/2003,ROA,VA,AEA,EN,Towers with Radar,10,88,62,0,160,0,9,60,9,78,10,97,122,9,238,180,0,180,418
09/18/2003,ROA,VA,AEA,EN,Towers with Radar,9,69,17,0,95,0,1,9,0,10,9,70,26,0,105,0,0,0,105
09/19/2003,ROA,VA,AEA,EN,Towers with Radar,8,65,27,0,100,0,0,25,0,25,8,65,52,0,125,106,0,106,231
09/20/2003,ROA,VA,AEA,EN,Towers with Radar,9,75,29,0,113,0,1,45,0,46,9,76,74,0,159,56,16,72,231
09/21/2003,ROA,VA,AEA,EN,Towers with Radar,2,73,35,0,110,0,0,29,0,29,2,73,64,0,139,188,0,188,327
09/22/2003,ROA,VA,AEA,EN,Towers with Radar,3,85,32,0,120,0,0,1,0,1,3,85,33,0,121,0,0,0,121
09/23/2003,ROA,VA,AEA,EN,Towers with Radar,4,96,37,1,138,0,3,63,0,66,4,99,100,1,204,152,0,152,356
09/24/2003,ROA,VA,AEA,EN,Towers with Radar,9,95,51,2,157,0,3,70,1,74,9,98,121,3,231,58,0,58,289
09/25/2003,ROA,VA,AEA,EN,Towers with Radar,9,95,66,9,179,0,2,55,4,61,9,97,121,13,240,248,0,248,488
09/26/2003,ROA,VA,AEA,EN,Towers with Radar,13,90,54,0,157,0,3,39,0,42,13,93,93,0,199,102,0,102,301
09/27/2003,ROA,VA,AEA,EN,Towers with Radar,6,66,43,1,116,0,0,18,1,19,6,66,61,2,135,0,0,0,135
09/28/2003,ROA,VA,AEA,EN,Towers with Radar,4,67,41,1,113,0,7,30,0,37,4,74,71,1,150,0,0,0,150
09/29/2003,ROA,VA,AEA,EN,Towers with Radar,2,90,25,0,117,0,3,30,0,33,2,93,55,0,150,28,0,28,178
09/30/2003,ROA,VA,AEA,EN,Towers with Radar,6,87,50,4,147,0,4,55,0,59,6,91,105,4,206,160,0,160,366
10/01/2003,ROA,VA,AEA,EN,Towers with Radar,9,95,49,0,153,0,0,28,0,28,9,95,77,0,181,60,0,60,241
10/02/2003,ROA,VA,AEA,EN,Towers with Radar,10,91,65,2,168,0,0,56,1,57,10,91,121,3,225,102,0,102,327
10/03/2003,ROA,VA,AEA,EN,Towers with Radar,10,91,54,7,162,0,7,66,0,73,10,98,120,7,235,134,0,134,369
10/04/2003,ROA,VA,AEA,EN,Towers with Radar,6,88,23,0,117,0,0,30,0,30,6,88,53,0,147,94,0,94,241
10/05/2003,ROA,VA,AEA,EN,Towers with Radar,2,71,45,2,120,0,0,39,0,39,2,71,84,2,159,46,0,46,205
10/06/2003,ROA,VA,AEA,EN,Towers with Radar,1,91,62,0,154,0,7,54,0,61,1,98,116,0,215,76,0,76,291
10/07/2003,ROA,VA,AEA,EN,Towers with Radar,11,89,45,1,146,0,6,45,1,52,11,95,90,2,198,142,0,142,340
10/08/2003,ROA,VA,AEA,EN,Towers with Radar,10,91,43,3,147,0,2,25,1,28,10,93,68,4,175,0,0,0,175
10/09/2003,ROA,VA,AEA,EN,Towers with Radar,11,98,64,0,173,0,0,3,0,3,11,98,67,0,176,0,0,0,176
10/10/2003,ROA,VA,AEA,EN,Towers with Radar,10,93,29,16,148,0,1,49,0,50,10,94,78,16,198,42,6,48,246
10/11/2003,ROA,VA,AEA,EN,Towers with Radar,8,65,23,3,99,0,2,15,2,19,8,67,38,5,118,22,0,22,140
10/12/2003,ROA,VA,AEA,EN,Towers with Radar,1,71,29,0,101,0,0,54,0,54,1,71,83,0,155,48,0,48,203
10/13/2003,ROA,VA,AEA,EN,Towers with Radar,2,77,34,0,113,0,2,48,0,50,2,79,82,0,163,152,0,152,315
10/14/2003,ROA,VA,AEA,EN,Towers with Radar,9,94,39,4,146,0,2,2,0,4,9,96,41,4,150,0,0,0,150
10/15/2003,ROA,VA,AEA,EN,Towers with Radar,9,97,45,0,151,0,2,27,0,29,9,99,72,0,180,0,0,0,180
10/16/2003,ROA,VA,AEA,EN,Towers with Radar,9,88,48,6,151,0,0,81,0,81,9,88,129,6,232,122,0,122,354
10/17/2003,ROA,VA,AEA,EN,Towers with Radar,12,95,41,0,148,0,8,55,3,66,12,103,96,3,214,74,0,74,288
10/18/2003,ROA,VA,AEA,EN,Towers with Radar,7,68,16,2,93,0,1,45,0,46,7,69,61,2,139,70,0,70,209
10/19/2003,ROA,VA,AEA,EN,Towers with Radar,1,73,40,0,114,0,5,57,0,62,1,78,97,0,176,18,0,18,194
10/20/2003,ROA,VA,AEA,EN,Towers with Radar,2,91,34,0,127,0,7,40,0,47,2,98,74,0,174,82,0,82,256
10/21/2003,ROA,VA,AEA,EN,Towers with Radar,10,95,50,3,158,0,1,20,0,21,10,96,70,3,179,30,6,36,215
10/22/2003,ROA,VA,AEA,EN,Towers with Radar,8,94,40,8,150,0,4,21,8,33,8,98,61,16,183,24,14,38,221
10/23/2003,ROA,VA,AEA,EN,Towers with Radar,7,100,49,8,164,0,3,54,3,60,7,103,103,11,224,16,0,16,240
10/24/2003,ROA,VA,AEA,EN,Towers with Radar,9,95,36,0,140,0,4,64,0,68,9,99,100,0,208,104,0,104,312
10/25/2003,ROA,VA,AEA,EN,Towers with Radar,3,76,42,1,122,0,0,60,0,60,3,76,102,1,182,10,0,10,192
10/26/2003,ROA,VA,AEA,EN,Towers with Radar,1,69,35,4,109,0,2,12,0,14,1,71,47,4,123,42,42,84,207
10/27/2003,ROA,VA,AEA,EN,Towers with Radar,1,80,31,0,112,0,0,3,0,3,1,80,34,0,115,0,0,0,115
10/28/2003,ROA,VA,AEA,EN,Towers with Radar,8,91,28,0,127,0,10,6,0,16,8,101,34,0,143,144,0,144,287
10/29/2003,ROA,VA,AEA,EN,Towers with Radar,10,94,35,0,139,0,3,23,2,28,10,97,58,2,167,20,0,20,187
10/30/2003,ROA,VA,AEA,EN,Towers with Radar,8,90,31,2,131,0,3,86,3,92,8,93,117,5,223,60,0,60,283
10/31/2003,ROA,VA,AEA,EN,Towers with Radar,12,99,34,0,145,0,4,59,0,63,12,103,93,0,208,76,0,76,284
11/01/2003,ROA,VA,AEA,EN,Towers with Radar,2,77,35,0,114,0,1,74,2,77,2,78,109,2,191,66,0,66,257
11/02/2003,ROA,VA,AEA,EN,Towers with Radar,4,66,51,0,121,0,7,66,0,73,4,73,117,0,194,50,0,50,244
11/03/2003,ROA,VA,AEA,EN,Towers with Radar,0,88,25,0,113,0,2,53,0,55,0,90,78,0,168,106,0,106,274
11/04/2003,ROA,VA,AEA,EN,Towers with Radar,9,91,47,0,147,0,3,64,0,67,9,94,111,0,214,82,0,82,296
11/05/2003,ROA,VA,AEA,EN,Towers with Radar,7,82,49,0,138,0,0,25,6,31,7,82,74,6,169,76,0,76,245
11/06/2003,ROA,VA,AEA,EN,Towers with Radar,13,93,32,2,140,0,0,0,0,0,13,93,32,2,140,0,0,0,140
11/07/2003,ROA,VA,AEA,EN,Towers with Radar,13,92,50,2,157,0,11,40,4,55,13,103,90,6,212,86,4,90,302
11/08/2003,ROA,VA,AEA,EN,Towers with Radar,6,67,28,1,102,0,2,38,0,40,6,69,66,1,142,106,0,106,248
11/09/2003,ROA,VA,AEA,EN,Towers with Radar,6,63,30,1,100,0,3,49,1,53,6,66,79,2,153,84,0,84,237
11/10/2003,ROA,VA,AEA,EN,Towers with Radar,3,89,25,2,119,0,1,45,1,47,3,90,70,3,166,144,8,152,318
11/11/2003,ROA,VA,AEA,EN,Towers with Radar,9,80,46,3,138,0,4,44,4,52,9,84,90,7,190,138,0,138,328
11/12/2003,ROA,VA,AEA,EN,Towers with Radar,8,85,49,1,143,0,2,20,0,22,8,87,69,1,165,0,0,0,165
11/13/2003,ROA,VA,AEA,EN,Towers with Radar,11,79,19,1,110,0,0,2,1,3,11,79,21,2,113,0,0,0,113
11/14/2003,ROA,VA,AEA,EN,Towers with Radar,14,91,31,0,136,0,2,29,0,31,14,93,60,0,167,24,0,24,191
11/15/2003,ROA,VA,AEA,EN,Towers with Radar,7,68,29,0,104,0,0,17,2,19,7,68,46,2,123,70,0,70,193
11/16/2003,ROA,VA,AEA,EN,Towers with Radar,0,63,31,0,94,0,0,9,0,9,0,63,40,0,103,12,0,12,115
11/17/2003,ROA,VA,AEA,EN,Towers with Radar,0,85,25,4,114,0,2,65,6,73,0,87,90,10,187,106,0,106,293
11/18/2003,ROA,VA,AEA,EN,Towers with Radar,10,63,18,0,91,0,0,1,0,1,10,63,19,0,92,0,0,0,92
11/19/2003,ROA,VA,AEA,EN,Towers with Radar,7,88,28,0,123,0,1,4,0,5,7,89,32,0,128,0,0,0,128
11/20/2003,ROA,VA,AEA,EN,Towers with Radar,11,94,39,9,153,0,6,30,0,36,11,100,69,9,189,36,10,46,235
11/21/2003,ROA,VA,AEA,EN,Towers with Radar,12,94,39,3,148,0,2,102,0,104,12,96,141,3,252,180,4,184,436
11/22/2003,ROA,VA,AEA,EN,Towers with Radar,8,68,25,3,104,0,2,83,0,85,8,70,108,3,189,140,4,144,333
11/23/2003,ROA,VA,AEA,EN,Towers with Radar,0,66,22,1,89,0,5,48,0,53,0,71,70,1,142,86,0,86,228
11/24/2003,ROA,VA,AEA,EN,Towers with Radar,0,85,35,6,126,0,0,9,1,10,0,85,44,7,136,4,0,4,140
11/25/2003,ROA,VA,AEA,EN,Towers with Radar,11,104,55,2,172,0,4,89,1,94,11,108,144,3,266,82,0,82,348
11/26/2003,ROA,VA,AEA,EN,Towers with Radar,16,88,32,2,138,0,4,38,0,42,16,92,70,2,180,82,0,82,262
11/27/2003,ROA,VA,AEA,EN,Towers with Radar,4,53,9,0,66,0,2,12,0,14,4,55,21,0,80,0,0,0,80
11/28/2003,ROA,VA,AEA,EN,Towers with Radar,8,60,9,0,77,0,0,0,0,0,8,60,9,0,77,0,0,0,77
11/29/2003,ROA,VA,AEA,EN,Towers with Radar,5,69,18,0,92,0,0,7,0,7,5,69,25,0,99,0,0,0,99
11/30/2003,ROA,VA,AEA,EN,Towers with Radar,1,63,33,0,97,0,4,43,1,48,1,67,76,1,145,66,0,66,211
12/01/2003,ROA,VA,AEA,EN,Towers with Radar,1,88,15,1,105,1,7,6,1,15,2,95,21,2,120,0,0,0,120
12/02/2003,ROA,VA,AEA,EN,Towers with Radar,10,95,34,14,153,0,1,43,1,45,10,96,77,15,198,0,0,0,198
12/03/2003,ROA,VA,AEA,EN,Towers with Radar,13,93,33,2,141,0,6,51,0,57,13,99,84,2,198,102,0,102,300
12/04/2003,ROA,VA,AEA,EN,Towers with Radar,12,56,15,0,83,0,2,0,0,2,12,58,15,0,85,0,0,0,85
12/05/2003,ROA,VA,AEA,EN,Towers with Radar,14,87,13,0,114,0,0,0,0,0,14,87,13,0,114,0,0,0,114
12/06/2003,ROA,VA,AEA,EN,Towers with Radar,7,72,8,0,87,0,2,9,0,11,7,74,17,0,98,0,0,0,98
12/07/2003,ROA,VA,AEA,EN,Towers with Radar,1,66,30,0,97,0,4,18,0,22,1,70,48,0,119,0,0,0,119
12/08/2003,ROA,VA,AEA,EN,Towers with Radar,1,93,36,0,130,0,1,48,0,49,1,94,84,0,179,102,0,102,281
12/09/2003,ROA,VA,AEA,EN,Towers with Radar,14,87,29,1,131,0,2,48,2,52,14,89,77,3,183,140,10,150,333
12/10/2003,ROA,VA,AEA,EN,Towers with Radar,15,94,37,18,164,0,0,0,0,0,15,94,37,18,164,12,2,14,178
12/11/2003,ROA,VA,AEA,EN,Towers with Radar,11,95,34,8,148,0,0,8,0,8,11,95,42,8,156,2,0,2,158
12/12/2003,ROA,VA,AEA,EN,Towers with Radar,11,93,67,0,171,0,4,64,0,68,11,97,131,0,239,94,0,94,333
12/13/2003,ROA,VA,AEA,EN,Towers with Radar,10,70,27,0,107,0,5,41,0,46,10,75,68,0,153,36,0,36,189
12/14/2003,ROA,VA,AEA,EN,Towers with Radar,0,33,7,0,40,0,1,1,0,2,0,34,8,0,42,0,0,0,42
12/15/2003,ROA,VA,AEA,EN,Towers with Radar,4,80,30,4,118,0,2,23,0,25,4,82,53,4,143,4,2,6,149
12/16/2003,ROA,VA,AEA,EN,Towers with Radar,14,91,43,3,151,0,2,36,2,40,14,93,79,5,191,38,0,38,229
12/17/2003,ROA,VA,AEA,EN,Towers with Radar,12,85,28,4,129,0,3,10,0,13,12,88,38,4,142,24,0,24,166
12/18/2003,ROA,VA,AEA,EN,Towers with Radar,19,106,49,0,174,0,1,10,0,11,19,107,59,0,185,0,0,0,185
12/19/2003,ROA,VA,AEA,EN,Towers with Radar,19,89,31,0,139,0,2,14,0,16,19,91,45,0,155,18,0,18,173
12/20/2003,ROA,VA,AEA,EN,Towers with Radar,18,72,22,0,112,0,4,9,0,13,18,76,31,0,125,0,0,0,125
12/21/2003,ROA,VA,AEA,EN,Towers with Radar,7,61,16,0,84,0,2,31,0,33,7,63,47,0,117,0,0,0,117
12/22/2003,ROA,VA,AEA,EN,Towers with Radar,2,87,40,0,129,0,4,46,0,50,2,91,86,0,179,22,0,22,201
12/23/2003,ROA,VA,AEA,EN,Towers with Radar,16,94,47,6,163,0,9,52,0,61,16,103,99,6,224,200,14,214,438
12/24/2003,ROA,VA,AEA,EN,Towers with Radar,16,90,15,0,121,0,0,10,0,10,16,90,25,0,131,0,0,0,131
12/25/2003,ROA,VA,AEA,EN,Towers with Radar,5,57,7,2,71,0,0,8,0,8,5,57,15,2,79,0,0,0,79
12/26/2003,ROA,VA,AEA,EN,Towers with Radar,9,89,14,0,112,0,6,40,0,46,9,95,54,0,158,44,0,44,202
12/27/2003,ROA,VA,AEA,EN,Towers with Radar,9,70,33,0,112,0,2,56,0,58,9,72,89,0,170,42,0,42,212
12/28/2003,ROA,VA,AEA,EN,Towers with Radar,4,64,29,0,97,0,0,50,0,50,4,64,79,0,147,52,0,52,199
12/29/2003,ROA,VA,AEA,EN,Towers with Radar,10,90,38,2,140,0,3,40,0,43,10,93,78,2,183,70,8,78,261
12/30/2003,ROA,VA,AEA,EN,Towers with Radar,8,92,13,1,114,0,9,16,2,27,8,101,29,3,141,0,0,0,141
12/31/2003,ROA,VA,AEA,EN,Towers with Radar,10,87,21,0,118,0,6,39,0,45,10,93,60,0,163,52,0,52,215
01/01/2004,ROA,VA,AEA,EN,Towers with Radar,2,72,19,0,93,0,12,44,0,56,2,84,63,0,149,8,0,8,157
01/02/2004,ROA,VA,AEA,EN,Towers with Radar,6,82,23,2,113,0,4,11,0,15,6,86,34,2,128,18,0,18,146
01/03/2004,ROA,VA,AEA,EN,Towers with Radar,4,65,39,0,108,0,4,27,0,31,4,69,66,0,139,200,0,200,339
01/04/2004,ROA,VA,AEA,EN,Towers with Radar,2,64,23,0,89,0,2,21,0,23,2,66,44,0,112,34,0,34,146
01/05/2004,ROA,VA,AEA,EN,Towers with Radar,3,100,20,2,125,0,3,2,0,5,3,103,22,2,130,20,0,20,150
01/06/2004,ROA,VA,AEA,EN,Towers with Radar,9,106,24,0,139,0,2,9,1,12,9,108,33,1,151,0,0,0,151
01/07/2004,ROA,VA,AEA,EN,Towers with Radar,11,95,43,0,149,0,3,28,0,31,11,98,71,0,180,48,0,48,228
01/08/2004,ROA,VA,AEA,EN,Towers with Radar,4,85,26,2,117,0,0,29,6,35,4,85,55,8,152,88,0,88,240
01/09/2004,ROA,VA,AEA,EN,Towers with Radar,13,85,14,0,112,0,0,0,0,0,13,85,14,0,112,0,0,0,112
01/10/2004,ROA,VA,AEA,EN,Towers with Radar,6,71,15,0,92,0,7,13,0,20,6,78,28,0,112,0,0,0,112
01/11/2004,ROA,VA,AEA,EN,Towers with Radar,4,72,26,2,104,0,0,25,0,25,4,72,51,2,129,0,0,0,129
01/12/2004,ROA,VA,AEA,EN,Towers with Radar,0,87,27,0,114,0,5,30,0,35,0,92,57,0,149,0,0,0,149
01/13/2004,ROA,VA,AEA,EN,Towers with Radar,8,93,29,1,131,0,5,26,0,31,8,98,55,1,162,10,0,10,172
01/14/2004,ROA,VA,AEA,EN,Towers with Radar,11,85,51,4,151,0,4,31,0,35,11,89,82,4,186,108,8,116,302
01/15/2004,ROA,VA,AEA,EN,Towers with Radar,9,99,20,2,130,0,3,9,0,12,9,102,29,2,142,4,0,4,146
01/16/2004,ROA,VA,AEA,EN,Towers with Radar,8,90,31,0,129,0,7,43,2,52,8,97,74,2,181,60,0,60,241
01/17/2004,ROA,VA,AEA,EN,Towers with Radar,3,66,37,0,106,0,4,52,0,56,3,70,89,0,162,56,0,56,218
01/18/2004,ROA,VA,AEA,EN,Towers with Radar,2,63,13,0,78,0,0,2,0,2,2,63,15,0,80,0,0,0,80
01/19/2004,ROA,VA,AEA,EN,Towers with Radar,2,82,26,0,110,0,0,36,0,36,2,82,62,0,146,28,0,28,174
01/20/2004,ROA,VA,AEA,EN,Towers with Radar,15,86,48,6,155,0,0,33,0,33,15,86,81,6,188,252,0,252,440
01/21/2004,ROA,VA,AEA,EN,Towers with Radar,12,102,52,0,166,0,3,48,0,51,12,105,100,0,217,252,0,252,469
01/22/2004,ROA,VA,AEA,EN,Towers with Radar,16,87,19,0,122,0,2,20,0,22,16,89,39,0,144,30,0,30,174
01/23/2004,ROA,VA,AEA,EN,Towers with Radar,7,75,41,2,125,0,2,25,0,27,7,77,66,2,152,50,0,50,202
01/24/2004,ROA,VA,AEA,EN,Towers with Radar,4,71,15,0,90,0,2,14,0,16,4,73,29,0,106,10,0,10,116
01/25/2004,ROA,VA,AEA,EN,Towers with Radar,1,28,5,0,34,0,0,0,0,0,1,28,5,0,34,0,0,0,34
01/26/2004,ROA,VA,AEA,EN,Towers with Radar,6,61,9,0,76,0,0,0,0,0,6,61,9,0,76,0,0,0,76
01/27/2004,ROA,VA,AEA,EN,Towers with Radar,11,73,12,0,96,0,0,0,0,0,11,73,12,0,96,0,0,0,96
01/28/2004,ROA,VA,AEA,EN,Towers with Radar,14,95,19,0,128,0,1,9,0,10,14,96,28,0,138,0,0,0,138
01/29/2004,ROA,VA,AEA,EN,Towers with Radar,10,88,29,3,130,0,3,23,3,29,10,91,52,6,159,80,0,80,239
01/30/2004,ROA,VA,AEA,EN,Towers with Radar,12,88,16,0,116,0,2,9,0,11,12,90,25,0,127,0,0,0,127
01/31/2004,ROA,VA,AEA,EN,Towers with Radar,5,72,17,0,94,0,1,33,0,34,5,73,50,0,128,8,0,8,136
02/01/2004,ROA,VA,AEA,EN,Towers with Radar,1,69,30,0,100,0,6,71,0,77,1,75,101,0,177,190,0,190,367
02/02/2004,ROA,VA,AEA,EN,Towers with Radar,2,84,11,6,103,0,7,23,0,30,2,91,34,6,133,48,2,50,183
02/03/2004,ROA,VA,AEA,EN,Towers with Radar,9,82,13,1,105,0,3,4,0,7,9,85,17,1,112,0,0,0,112
02/04/2004,ROA,VA,AEA,EN,Towers with Radar,12,86,33,2,133,0,3,28,0,31,12,89,61,2,164,138,0,138,302
02/05/2004,ROA,VA,AEA,EN,Towers with Radar,11,85,27,4,127,0,4,15,0,19,11,89,42,4,146,90,0,90,236
02/06/2004,ROA,VA,AEA,EN,Towers with Radar,9,78,22,0,109,0,0,0,0,0,9,78,22,0,109,0,0,0,109
02/07/2004,ROA,VA,AEA,EN,Towers with Radar,6,74,18,0,98,0,0,5,0,5,6,74,23,0,103,0,0,0,103
02/08/2004,ROA,VA,AEA,EN,Towers with Radar,3,65,25,4,97,0,9,42,2,53,3,74,67,6,150,60,0,60,210
02/09/2004,ROA,VA,AEA,EN,Towers with Radar,2,87,33,0,122,0,1,32,0,33,2,88,65,0,155,82,0,82,237
02/10/2004,ROA,VA,AEA,EN,Towers with Radar,10,96,30,4,140,0,0,24,0,24,10,96,54,4,164,74,24,98,262
02/11/2004,ROA,VA,AEA,EN,Towers with Radar,13,92,40,2,147,0,2,40,0,42,13,94,80,2,189,140,0,140,329
02/12/2004,ROA,VA,AEA,EN,Towers with Radar,11,87,27,0,125,0,1,5,0,6,11,88,32,0,131,0,0,0,131
02/13/2004,ROA,VA,AEA,EN,Towers with Radar,12,92,36,1,141,0,3,36,0,39,12,95,72,1,180,188,0,188,368
02/14/2004,ROA,VA,AEA,EN,Towers with Radar,7,70,26,0,103,0,1,37,0,38,7,71,63,0,141,108,0,108,249
02/15/2004,ROA,VA,AEA,EN,Towers with Radar,1,56,11,0,68,0,4,31,0,35,1,60,42,0,103,36,0,36,139
02/16/2004,ROA,VA,AEA,EN,Towers with Radar,4,72,33,0,109,0,2,22,0,24,4,74,55,0,133,20,0,20,153
02/17/2004,ROA,VA,AEA,EN,Towers with Radar,9,98,26,4,137,0,3,13,0,16,9,101,39,4,153,130,2,132,285
02/18/2004,ROA,VA,AEA,EN,Towers with Radar,10,103,47,1,161,0,8,31,0,39,10,111,78,1,200,64,0,64,264
02/19/2004,ROA,VA,AEA,EN,Towers with Radar,9,90,37,4,140,0,3,44,1,48,9,93,81,5,188,38,20,58,246
02/20/2004,ROA,VA,AEA,EN,Towers with Radar,8,93,34,0,135,0,6,68,0,74,8,99,102,0,209,220,0,220,429
02/21/2004,ROA,VA,AEA,EN,Towers with Radar,5,78,22,0,105,0,1,16,0,17,5,79,38,0,122,0,0,0,122
02/22/2004,ROA,VA,AEA,EN,Towers with Radar,1,71,29,3,104,0,4,57,2,63,1,75,86,5,167,12,0,12,179
02/23/2004,ROA,VA,AEA,EN,Towers with Radar,3,78,32,0,113,0,2,54,1,57,3,80,86,1,170,78,0,78,248
02/24/2004,ROA,VA,AEA,EN,Towers with Radar,8,91,40,0,139,0,8,6,0,14,8,99,46,0,153,194,0,194,347
02/25/2004,ROA,VA,AEA,EN,Towers with Radar,11,100,27,0,138,0,3,31,0,34,11,103,58,0,172,36,0,36,208
02/26/2004,ROA,VA,AEA,EN,Towers with Radar,8,80,49,2,139,0,6,17,0,23,8,86,66,2,162,112,4,116,278
02/27/2004,ROA,VA,AEA,EN,Towers with Radar,11,87,31,17,146,0,1,56,1,58,11,88,87,18,204,112,0,112,316
02/28/2004,ROA,VA,AEA,EN,Towers with Radar,4,71,21,0,96,0,4,64,0,68,4,75,85,0,164,126,0,126,290
02/29/2004,ROA,VA,AEA,EN,Towers with Radar,0,68,23,0,91,0,2,57,0,59,0,70,80,0,150,6,0,6,156
03/01/2004,ROA,VA,AEA,EN,Towers with Radar,1,88,45,3,137,0,6,42,0,48,1,94,87,3,185,94,0,94,279
03/02/2004,ROA,VA,AEA,EN,Towers with Radar,11,96,40,0,147,0,0,10,0,10,11,96,50,0,157,186,0,186,343
03/03/2004,ROA,VA,AEA,EN,Towers with Radar,11,100,38,0,149,0,6,56,3,65,11,106,94,3,214,78,0,78,292
03/04/2004,ROA,VA,AEA,EN,Towers with Radar,7,91,48,0,146,0,5,17,0,22,7,96,65,0,168,122,0,122,290
03/05/2004,ROA,VA,AEA,EN,Towers with Radar,13,86,34,6,139,0,5,21,0,26,13,91,55,6,165,180,4,184,349
03/06/2004,ROA,VA,AEA,EN,Towers with Radar,9,73,19,0,101,0,5,11,0,16,9,78,30,0,117,134,0,134,251
03/07/2004,ROA,VA,AEA,EN,Towers with Radar,0,65,20,2,87,0,2,29,0,31,0,67,49,2,118,34,0,34,152
03/08/2004,ROA,VA,AEA,EN,Towers with Radar,5,86,22,3,116,0,2,7,0,9,5,88,29,3,125,2,6,8,133
03/09/2004,ROA,VA,AEA,EN,Towers with Radar,10,89,26,3,128,0,2,11,0,13,10,91,37,3,141,90,12,102,243
03/10/2004,ROA,VA,AEA,EN,Towers with Radar,9,88,32,2,131,0,6,22,0,28,9,94,54,2,159,44,0,44,203
03/11/2004,ROA,VA,AEA,EN,Towers with Radar,9,95,33,0,137,0,0,38,0,38,9,95,71,0,175,58,0,58,233
03/12/2004,ROA,VA,AEA,EN,Towers with Radar,7,96,39,2,144,0,2,21,1,24,7,98,60,3,168,0,0,0,168
03/13/2004,ROA,VA,AEA,EN,Towers with Radar,5,76,34,0,115,0,1,45,0,46,5,77,79,0,161,18,0,18,179
03/14/2004,ROA,VA,AEA,EN,Towers with Radar,4,64,38,2,108,0,2,27,0,29,4,66,65,2,137,0,0,0,137
03/15/2004,ROA,VA,AEA,EN,Towers with Radar,1,102,26,0,129,0,2,32,0,34,1,104,58,0,163,154,0,154,317
03/16/2004,ROA,VA,AEA,EN,Towers with Radar,13,99,47,0,159,1,0,2,0,3,14,99,49,0,162,0,0,0,162
03/17/2004,ROA,VA,AEA,EN,Towers with Radar,8,91,35,0,134,0,6,9,0,15,8,97,44,0,149,74,0,74,223
03/18/2004,ROA,VA,AEA,EN,Towers with Radar,9,96,45,0,150,0,4,24,0,28,9,100,69,0,178,86,0,86,264
03/19/2004,ROA,VA,AEA,EN,Towers with Radar,11,95,38,8,152,0,11,32,0,43,11,106,70,8,195,72,0,72,267
03/20/2004,ROA,VA,AEA,EN,Towers with Radar,8,77,14,0,99,0,3,37,0,40,8,80,51,0,139,70,0,70,209
03/21/2004,ROA,VA,AEA,EN,Towers with Radar,2,67,21,0,90,0,4,4,0,8,2,71,25,0,98,94,0,94,192
03/22/2004,ROA,VA,AEA,EN,Towers with Radar,8,86,54,1,149,0,3,17,0,20,8,89,71,1,169,44,0,44,213
03/23/2004,ROA,VA,AEA,EN,Towers with Radar,13,100,29,28,170,0,5,57,0,62,13,105,86,28,232,288,12,300,532
03/24/2004,ROA,VA,AEA,EN,Towers with Radar,9,100,57,0,166,0,2,50,3,55,9,102,107,3,221,220,0,220,441
03/25/2004,ROA,VA,AEA,EN,Towers with Radar,12,95,52,8,167,0,2,37,0,39,12,97,89,8,206,174,0,174,380
03/26/2004,ROA,VA,AEA,EN,Towers with Radar,13,91,44,0,148,0,4,57,0,61,13,95,101,0,209,136,0,136,345
03/27/2004,ROA,VA,AEA,EN,Towers with Radar,10,78,41,0,129,0,6,19,0,25,10,84,60,0,154,142,0,142,296
03/28/2004,ROA,VA,AEA,EN,Towers with Radar,7,70,36,3,116,0,6,30,0,36,7,76,66,3,152,74,0,74,226
03/29/2004,ROA,VA,AEA,EN,Towers with Radar,5,94,45,2,146,0,5,34,0,39,5,99,79,2,185,194,0,194,379
03/30/2004,ROA,VA,AEA,EN,Towers with Radar,9,88,40,7,144,0,2,3,0,5,9,90,43,7,149,0,0,0,149
03/31/2004,ROA,VA,AEA,EN,Towers with Radar,9,85,32,0,126,0,0,0,0,0,9,85,32,0,126,0,0,0,126
04/01/2004,ROA,VA,AEA,EN,Towers with Radar,10,92,40,10,152,0,4,10,0,14,10,96,50,10,166,4,2,6,172
04/02/2004,ROA,VA,AEA,EN,Towers with Radar,10,93,29,4,136,0,0,13,1,14,10,93,42,5,150,28,2,30,180
04/03/2004,ROA,VA,AEA,EN,Towers with Radar,8,88,19,0,115,0,4,20,0,24,8,92,39,0,139,0,0,0,139
04/04/2004,ROA,VA,AEA,EN,Towers with Radar,3,69,12,0,84,0,6,3,0,9,3,75,15,0,93,114,0,114,207
04/05/2004,ROA,VA,AEA,EN,Towers with Radar,3,96,36,2,137,0,3,29,0,32,3,99,65,2,169,0,10,10,179
04/06/2004,ROA,VA,AEA,EN,Towers with Radar,9,77,40,6,132,0,2,47,0,49,9,79,87,6,181,184,0,184,365
04/07/2004,ROA,VA,AEA,EN,Towers with Radar,9,100,47,15,171,0,8,37,0,45,9,108,84,15,216,108,0,108,324
04/08/2004,ROA,VA,AEA,EN,Towers with Radar,5,91,28,1,125,0,4,40,0,44,5,95,68,1,169,68,0,68,237
04/09/2004,ROA,VA,AEA,EN,Towers with Radar,9,97,41,0,147,0,2,68,0,70,9,99,109,0,217,226,0,226,443
04/10/2004,ROA,VA,AEA,EN,Towers with Radar,3,82,30,0,115,0,3,15,0,18,3,85,45,0,133,60,0,60,193
04/11/2004,ROA,VA,AEA,EN,Towers with Radar,3,67,21,0,91,0,0,0,0,0,3,67,21,0,91,0,0,0,91
04/12/2004,ROA,VA,AEA,EN,Towers with Radar,4,90,16,0,110,0,0,0,0,0,4,90,16,0,110,0,0,0,110
04/13/2004,ROA,VA,AEA,EN,Towers with Radar,6,89,21,0,116,0,0,4,0,4,6,89,25,0,120,0,0,0,120
04/14/2004,ROA,VA,AEA,EN,Towers with Radar,11,82,42,6,141,0,0,6,2,8,11,82,48,8,149,28,2,30,179
04/15/2004,ROA,VA,AEA,EN,Towers with Radar,12,93,45,3,153,0,8,60,0,68,12,101,105,3,221,36,8,44,265
04/16/2004,ROA,VA,AEA,EN,Towers with Radar,8,89,40,9,146,0,1,75,0,76,8,90,115,9,222,124,24,148,370
04/17/2004,ROA,VA,AEA,EN,Towers with Radar,10,78,15,1,104,0,4,62,0,66,10,82,77,1,170,146,0,146,316
04/18/2004,ROA,VA,AEA,EN,Towers with Radar,2,71,34,4,111,0,1,77,2,80,2,72,111,6,191,50,0,50,241
04/19/2004,ROA,VA,AEA,EN,Towers with Radar,3,95,42,5,145,0,1,34,0,35,3,96,76,5,180,124,0,124,304
04/20/2004,ROA,VA,AEA,EN,Towers with Radar,9,92,44,0,145,0,3,31,2,36,9,95,75,2,181,58,4,62,243
04/21/2004,ROA,VA,AEA,EN,Towers with Radar,9,96,37,4,146,0,0,29,0,29,9,96,66,4,175,28,0,28,203
04/22/2004,ROA,VA,AEA,EN,Towers with Radar,6,87,60,0,153,0,1,24,0,25,6,88,84,0,178,60,0,60,238
04/23/2004,ROA,VA,AEA,EN,Towers with Radar,9,99,43,0,151,0,0,32,0,32,9,99,75,0,183,48,0,48,231
04/24/2004,ROA,VA,AEA,EN,Towers with Radar,8,73,35,2,118,0,8,63,0,71,8,81,98,2,189,50,0,50,239
04/25/2004,ROA,VA,AEA,EN,Towers with Radar,1,74,37,0,112,0,1,2,0,3,1,75,39,0,115,0,0,0,115
04/26/2004,ROA,VA,AEA,EN,Towers with Radar,4,84,36,0,124,0,0,0,0,0,4,84,36,0,124,0,0,0,124
04/27/2004,ROA,VA,AEA,EN,Towers with Radar,11,100,36,6,153,0,0,28,2,30,11,100,64,8,183,10,14,24,207
04/28/2004,ROA,VA,AEA,EN,Towers with Radar,8,101,60,16,185,0,5,83,2,90,8,106,143,18,275,188,22,210,485
04/29/2004,ROA,VA,AEA,EN,Towers with Radar,10,91,48,0,149,0,10,56,6,72,10,101,104,6,221,140,0,140,361
04/30/2004,ROA,VA,AEA,EN,Towers with Radar,12,99,54,0,165,0,6,46,0,52,12,105,100,0,217,186,0,186,403
05/01/2004,ROA,VA,AEA,EN,Towers with Radar,9,74,22,0,105,0,4,3,0,7,9,78,25,0,112,0,0,0,112
05/02/2004,ROA,VA,AEA,EN,Towers with Radar,3,81,37,7,128,0,4,5,0,9,3,85,42,7,137,20,0,20,157
05/03/2004,ROA,VA,AEA,EN,Towers with Radar,2,100,40,3,145,0,3,12,0,15,2,103,52,3,160,96,0,96,256
05/04/2004,ROA,VA,AEA,EN,Towers with Radar,10,92,36,0,138,0,4,78,0,82,10,96,114,0,220,168,0,168,388
05/05/2004,ROA,VA,AEA,EN,Towers with Radar,10,91,46,8,155,0,5,47,7,59,10,96,93,15,214,74,0,74,288
05/06/2004,ROA,VA,AEA,EN,Towers with Radar,17,100,37,0,154,0,1,63,0,64,17,101,100,0,218,120,0,120,338
05/07/2004,ROA,VA,AEA,EN,Towers with Radar,16,92,41,0,149,0,5,38,1,44,16,97,79,1,193,38,0,38,231
05/08/2004,ROA,VA,AEA,EN,Towers with Radar,7,80,28,2,117,0,4,33,0,37,7,84,61,2,154,52,0,52,206
05/09/2004,ROA,VA,AEA,EN,Towers with Radar,1,65,23,7,96,0,1,37,1,39,1,66,60,8,135,0,6,6,141
05/10/2004,ROA,VA,AEA,EN,Towers with Radar,0,92,24,3,119,0,3,25,3,31,0,95,49,6,150,82,4,86,236
05/11/2004,ROA,VA,AEA,EN,Towers with Radar,17,102,31,5,155,0,1,41,2,44,17,103,72,7,199,30,0,30,229
05/12/2004,ROA,VA,AEA,EN,Towers with Radar,16,93,50,5,164,0,4,30,1,35,16,97,80,6,199,130,2,132,331
05/13/2004,ROA,VA,AEA,EN,Towers with Radar,12,108,45,0,165,0,2,36,0,38,12,110,81,0,203,100,0,100,303
05/14/2004,ROA,VA,AEA,EN,Towers with Radar,13,93,58,2,166,0,11,26,1,38,13,104,84,3,204,36,2,38,242
05/15/2004,ROA,VA,AEA,EN,Towers with Radar,6,90,29,0,125,0,2,41,0,43,6,92,70,0,168,40,0,40,208
05/16/2004,ROA,VA,AEA,EN,Towers with Radar,7,75,21,0,103,0,6,15,0,21,7,81,36,0,124,0,0,0,124
05/17/2004,ROA,VA,AEA,EN,Towers with Radar,3,88,29,0,120,0,3,20,0,23,3,91,49,0,143,70,0,70,213
05/18/2004,ROA,VA,AEA,EN,Towers with Radar,9,96,32,8,145,0,3,35,0,38,9,99,67,8,183,198,12,210,393
05/19/2004,ROA,VA,AEA,EN,Towers with Radar,7,93,46,0,146,0,1,18,0,19,7,94,64,0,165,96,0,96,261
05/20/2004,ROA,VA,AEA,EN,Towers with Radar,11,96,35,0,142,0,2,21,0,23,11,98,56,0,165,144,0,144,309
05/21/2004,ROA,VA,AEA,EN,Towers with Radar,5,94,40,3,142,0,0,37,0,37,5,94,77,3,179,108,0,108,287
05/22/2004,ROA,VA,AEA,EN,Towers with Radar,6,82,22,0,110,0,3,49,1,53,6,85,71,1,163,38,0,38,201
05/23/2004,ROA,VA,AEA,EN,Towers with Radar,4,70,19,0,93,0,2,18,0,20,4,72,37,0,113,76,0,76,189
05/24/2004,ROA,VA,AEA,EN,Towers with Radar,4,85,41,0,130,0,7,35,0,42,4,92,76,0,172,86,0,86,258
05/25/2004,ROA,VA,AEA,EN,Towers with Radar,12,94,42,0,148,0,2,40,0,42,12,96,82,0,190,116,0,116,306
05/26/2004,ROA,VA,AEA,EN,Towers with Radar,8,110,47,0,165,0,4,27,0,31,8,114,74,0,196,60,0,60,256
05/27/2004,ROA,VA,AEA,EN,Towers with Radar,10,92,40,8,150,0,0,18,1,19,10,92,58,9,169,0,0,0,169
05/28/2004,ROA,VA,AEA,EN,Towers with Radar,10,113,36,0,159,0,2,14,0,16,10,115,50,0,175,62,0,62,237
05/29/2004,ROA,VA,AEA,EN,Towers with Radar,10,72,32,0,114,0,4,57,2,63,10,76,89,2,177,38,0,38,215
05/30/2004,ROA,VA,AEA,EN,Towers with Radar,4,52,21,0,77,0,0,3,2,5,4,52,24,2,82,28,0,28,110
05/31/2004,ROA,VA,AEA,EN,Towers with Radar,2,76,30,0,108,0,0,9,2,11,2,76,39,2,119,0,0,0,119
06/01/2004,ROA,VA,AEA,EN,Towers with Radar,2,99,30,3,134,0,13,28,0,41,2,112,58,3,175,6,0,6,181
06/02/2004,ROA,VA,AEA,EN,Towers with Radar,11,95,41,3,150,0,1,15,9,25,11,96,56,12,175,44,0,44,219
06/03/2004,ROA,VA,AEA,EN,Towers with Radar,13,95,50,3,161,0,11,55,0,66,13,106,105,3,227,66,0,66,293
06/04/2004,ROA,VA,AEA,EN,Towers with Radar,7,94,38,0,139,0,0,0,0,0,7,94,38,0,139,0,0,0,139
06/05/2004,ROA,VA,AEA,EN,Towers with Radar,6,72,25,0,103,0,0,6,0,6,6,72,31,0,109,250,0,250,359
06/06/2004,ROA,VA,AEA,EN,Towers with Radar,3,60,46,3,112,0,1,15,0,16,3,61,61,3,128,238,2,240,368
06/07/2004,ROA,VA,AEA,EN,Towers with Radar,4,98,27,0,129,0,5,12,0,17,4,103,39,0,146,118,0,118,264
06/08/2004,ROA,VA,AEA,EN,Towers with Radar,9,101,48,0,158,0,2,14,0,16,9,103,62,0,174,82,0,82,256
06/09/2004,ROA,VA,AEA,EN,Towers with Radar,13,99,37,0,149,0,2,52,0,54,13,101,89,0,203,30,0,30,233
06/10/2004,ROA,VA,AEA,EN,Towers with Radar,15,102,30,0,147,0,1,25,0,26,15,103,55,0,173,82,0,82,255
06/11/2004,ROA,VA,AEA,EN,Towers with Radar,12,112,38,0,162,0,2,25,3,30,12,114,63,3,192,148,0,148,340
06/12/2004,ROA,VA,AEA,EN,Towers with Radar,9,84,31,0,124,0,0,8,0,8,9,84,39,0,132,2,0,2,134
06/13/2004,ROA,VA,AEA,EN,Towers with Radar,4,66,20,0,90,0,0,7,0,7,4,66,27,0,97,8,0,8,105
06/14/2004,ROA,VA,AEA,EN,Towers with Radar,4,87,25,3,119,0,3,5,0,8,4,90,30,3,127,0,0,0,127
06/15/2004,ROA,VA,AEA,EN,Towers with Radar,10,105,56,0,171,0,4,7,0,11,10,109,63,0,182,58,0,58,240
06/16/2004,ROA,VA,AEA,EN,Towers with Radar,13,110,51,12,186,0,2,11,0,13,13,112,62,12,199,16,0,16,215
06/17/2004,ROA,VA,AEA,EN,Towers with Radar,13,101,27,1,142,0,0,28,1,29,13,101,55,2,171,76,0,76,247
06/18/2004,ROA,VA,AEA,EN,Towers with Radar,12,84,36,0,132,0,1,29,0,30,12,85,65,0,162,4,0,4,166
06/19/2004,ROA,VA,AEA,EN,Towers with Radar,6,79,32,0,117,0,7,35,0,42,6,86,67,0,159,16,0,16,175
06/20/2004,ROA,VA,AEA,EN,Towers with Radar,2,71,40,0,113,0,5,66,0,71,2,76,106,0,184,80,0,80,264
06/21/2004,ROA,VA,AEA,EN,Towers with Radar,5,84,37,0,126,0,2,19,1,22,5,86,56,1,148,24,0,24,172
06/22/2004,ROA,VA,AEA,EN,Towers with Radar,7,97,43,0,147,0,3,43,3,49,7,100,86,3,196,108,0,108,304
06/23/2004,ROA,VA,AEA,EN,Towers with Radar,12,95,15,4,126,0,2,8,2,12,12,97,23,6,138,64,16,80,218
06/24/2004,ROA,VA,AEA,EN,Towers with Radar,10,93,44,2,149,0,4,27,0,31,10,97,71,2,180,130,0,130,310
06/25/2004,ROA,VA,AEA,EN,Towers with Radar,19,95,47,3,164,0,0,6,1,7,19,95,53,4,171,0,0,0,171
06/26/2004,ROA,VA,AEA,EN,Towers with Radar,5,71,26,0,102,0,4,32,0,36,5,75,58,0,138,10,0,10,148
06/27/2004,ROA,VA,AEA,EN,Towers with Radar,2,71,27,0,100,0,2,41,1,44,2,73,68,1,144,76,0,76,220
06/28/2004,ROA,VA,AEA,EN,Towers with Radar,2,95,56,0,153,0,4,34,0,38,2,99,90,0,191,102,0,102,293
06/29/2004,ROA,VA,AEA,EN,Towers with Radar,9,106,60,0,175,0,6,57,0,63,9,112,117,0,238,66,0,66,304
06/30/2004,ROA,VA,AEA,EN,Towers with Radar,11,91,44,0,146,0,0,34,0,34,11,91,78,0,180,50,0,50,230
07/01/2004,ROA,VA,AEA,EN,Towers with Radar,24,106,55,0,185,0,8,23,0,31,24,114,78,0,216,34,0,34,250
07/02/2004,ROA,VA,AEA,EN,Towers with Radar,12,101,33,0,146,0,3,41,0,44,12,104,74,0,190,30,0,30,220
07/03/2004,ROA,VA,AEA,EN,Towers with Radar,4,66,24,0,94,0,0,21,0,21,4,66,45,0,115,34,0,34,149
07/04/2004,ROA,VA,AEA,EN,Towers with Radar,2,59,13,0,74,0,2,8,0,10,2,61,21,0,84,0,0,0,84
07/05/2004,ROA,VA,AEA,EN,Towers with Radar,2,68,52,0,122,0,6,42,0,48,2,74,94,0,170,142,0,142,312
07/06/2004,ROA,VA,AEA,EN,Towers with Radar,1,100,41,10,152,0,5,43,0,48,1,105,84,10,200,30,0,30,230
07/07/2004,ROA,VA,AEA,EN,Towers with Radar,10,88,39,11,148,0,4,22,0,26,10,92,61,11,174,56,14,70,244
07/08/2004,ROA,VA,AEA,EN,Towers with Radar,13,98,40,2,153,0,0,38,0,38,13,98,78,2,191,10,0,10,201
07/09/2004,ROA,VA,AEA,EN,Towers with Radar,8,93,37,3,141,0,4,62,0,66,8,97,99,3,207,136,22,158,365
07/10/2004,ROA,VA,AEA,EN,Towers with Radar,2,60,30,0,92,0,6,39,0,45,2,66,69,0,137,64,0,64,201
07/11/2004,ROA,VA,AEA,EN,Towers with Radar,13,77,41,0,131,0,6,33,0,39,13,83,74,0,170,4,0,4,174
07/12/2004,ROA,VA,AEA,EN,Towers with Radar,4,82,50,0,136,0,1,40,0,41,4,83,90,0,177,20,4,24,201
07/13/2004,ROA,VA,AEA,EN,Towers with Radar,9,101,50,5,165,0,11,42,0,53,9,112,92,5,218,108,18,126,344
07/14/2004,ROA,VA,AEA,EN,Towers with Radar,7,85,54,2,148,0,8,36,2,46,7,93,90,4,194,76,12,88,282
07/15/2004,ROA,VA,AEA,EN,Towers with Radar,16,84,35,0,135,0,5,35,0,40,16,89,70,0,175,0,0,0,175
07/16/2004,ROA,VA,AEA,EN,Towers with Radar,9,93,39,3,144,0,2,48,1,51,9,95,87,4,195,16,0,16,211
07/17/2004,ROA,VA,AEA,EN,Towers with Radar,4,69,16,0,89,0,2,39,0,41,4,71,55,0,130,32,0,32,162
07/18/2004,ROA,VA,AEA,EN,Towers with Radar,7,80,27,2,116,0,2,8,0,10,7,82,35,2,126,22,0,22,148
07/19/2004,ROA,VA,AEA,EN,Towers with Radar,5,81,31,0,117,0,5,15,3,23,5,86,46,3,140,26,0,26,166
07/20/2004,ROA,VA,AEA,EN,Towers with Radar,12,89,42,0,143,0,2,40,0,42,12,91,82,0,185,100,0,100,285
07/21/2004,ROA,VA,AEA,EN,Towers with Radar,14,104,56,8,182,0,4,43,0,47,14,108,99,8,229,136,12,148,377
07/22/2004,ROA,VA,AEA,EN,Towers with Radar,12,99,38,0,149,0,3,19,2,24,12,102,57,2,173,12,0,12,185
07/23/2004,ROA,VA,AEA,EN,Towers with Radar,9,93,43,0,145,0,0,29,5,34,9,93,72,5,179,88,0,88,267
07/24/2004,ROA,VA,AEA,EN,Towers with Radar,8,67,18,0,93,0,8,46,1,55,8,75,64,1,148,100,0,100,248
07/25/2004,ROA,VA,AEA,EN,Towers with Radar,5,82,26,0,113,0,3,23,0,26,5,85,49,0,139,0,0,0,139
07/26/2004,ROA,VA,AEA,EN,Towers with Radar,2,86,46,0,134,0,0,1,0,1,2,86,47,0,135,2,0,2,137
07/27/2004,ROA,VA,AEA,EN,Towers with Radar,10,108,48,0,166,0,4,1,0,5,10,112,49,0,171,40,0,40,211
07/28/2004,ROA,VA,AEA,EN,Towers with Radar,11,109,39,18,177,0,6,36,0,42,11,115,75,18,219,48,0,48,267
07/29/2004,ROA,VA,AEA,EN,Towers with Radar,14,96,47,2,159,0,4,24,0,28,14,100,71,2,187,24,0,24,211
07/30/2004,ROA,VA,AEA,EN,Towers with Radar,12,88,50,0,150,0,3,19,0,22,12,91,69,0,172,34,0,34,206
07/31/2004,ROA,VA,AEA,EN,Towers with Radar,4,83,33,0,120,0,3,47,0,50,4,86,80,0,170,96,0,96,266
08/01/2004,ROA,VA,AEA,EN,Towers with Radar,6,78,40,2,126,0,2,25,0,27,6,80,65,2,153,60,0,60,213
08/02/2004,ROA,VA,AEA,EN,Towers with Radar,1,102,43,2,148,0,0,11,0,11,1,102,54,2,159,22,0,22,181
08/03/2004,ROA,VA,AEA,EN,Towers with Radar,12,107,49,5,173,0,3,30,0,33,12,110,79,5,206,84,24,108,314
08/04/2004,ROA,VA,AEA,EN,Towers with Radar,7,101,56,4,168,0,1,42,0,43,7,102,98,4,211,40,0,40,251
08/05/2004,ROA,VA,AEA,EN,Towers with Radar,7,91,54,0,152,0,3,2,0,5,7,94,56,0,157,24,0,24,181
08/06/2004,ROA,VA,AEA,EN,Towers with Radar,12,104,55,0,171,0,0,46,0,46,12,104,101,0,217,92,0,92,309
08/07/2004,ROA,VA,AEA,EN,Towers with Radar,8,76,26,1,111,0,2,75,2,79,8,78,101,3,190,28,0,28,218
08/08/2004,ROA,VA,AEA,EN,Towers with Radar,5,68,48,1,122,0,0,50,1,51,5,68,98,2,173,80,0,80,253
08/09/2004,ROA,VA,AEA,EN,Towers with Radar,7,92,40,0,139,0,3,46,1,50,7,95,86,1,189,66,0,66,255
08/10/2004,ROA,VA,AEA,EN,Towers with Radar,11,107,49,0,167,0,3,57,0,60,11,110,106,0,227,90,0,90,317
08/11/2004,ROA,VA,AEA,EN,Towers with Radar,17,108,41,2,168,0,5,21,3,29,17,113,62,5,197,38,0,38,235
08/12/2004,ROA,VA,AEA,EN,Towers with Radar,13,85,51,0,149,0,1,7,0,8,13,86,58,0,157,26,0,26,183
08/13/2004,ROA,VA,AEA,EN,Towers with Radar,5,111,41,0,157,0,0,27,2,29,5,111,68,2,186,54,0,54,240
08/14/2004,ROA,VA,AEA,EN,Towers with Radar,6,79,25,2,112,0,2,13,1,16,6,81,38,3,128,38,0,38,166
08/15/2004,ROA,VA,AEA,EN,Towers with Radar,3,73,41,0,117,0,2,31,1,34,3,75,72,1,151,10,0,10,161
08/16/2004,ROA,VA,AEA,EN,Towers with Radar,9,81,46,0,136,0,0,22,0,22,9,81,68,0,158,116,0,116,274
08/17/2004,ROA,VA,AEA,EN,Towers with Radar,14,97,40,5,156,0,4,27,0,31,14,101,67,5,187,18,0,18,205
08/18/2004,ROA,VA,AEA,EN,Towers with Radar,13,98,35,0,146,0,4,28,0,32,13,102,63,0,178,18,0,18,196
08/19/2004,ROA,VA,AEA,EN,Towers with Radar,13,109,44,1,167,0,2,32,0,34,13,111,76,1,201,32,0,32,233
08/20/2004,ROA,VA,AEA,EN,Towers with Radar,11,104,33,12,160,0,4,13,2,19,11,108,46,14,179,6,6,12,191
08/21/2004,ROA,VA,AEA,EN,Towers with Radar,6,74,23,0,103,0,1,20,0,21,6,75,43,0,124,0,0,0,124
08/22/2004,ROA,VA,AEA,EN,Towers with Radar,4,65,48,1,118,0,1,40,1,42,4,66,88,2,160,0,0,0,160
08/23/2004,ROA,VA,AEA,EN,Towers with Radar,2,87,51,7,147,0,5,32,2,39,2,92,83,9,186,8,0,8,194
08/24/2004,ROA,VA,AEA,EN,Towers with Radar,9,109,46,0,164,0,4,32,1,37,9,113,78,1,201,76,0,76,277
08/25/2004,ROA,VA,AEA,EN,Towers with Radar,9,95,71,2,177,0,3,34,0,37,9,98,105,2,214,66,10,76,290
08/26/2004,ROA,VA,AEA,EN,Towers with Radar,14,99,52,2,167,0,0,20,0,20,14,99,72,2,187,112,0,112,299
08/27/2004,ROA,VA,AEA,EN,Towers with Radar,13,96,56,2,167,0,1,64,1,66,13,97,120,3,233,94,0,94,327
08/28/2004,ROA,VA,AEA,EN,Towers with Radar,11,82,36,0,129,0,1,33,0,34,11,83,69,0,163,56,0,56,219
08/29/2004,ROA,VA,AEA,EN,Towers with Radar,4,85,36,4,129,0,1,17,0,18,4,86,53,4,147,0,0,0,147
08/30/2004,ROA,VA,AEA,EN,Towers with Radar,5,98,36,1,140,0,5,9,1,15,5,103,45,2,155,32,0,32,187
08/31/2004,ROA,VA,AEA,EN,Towers with Radar,9,115,49,4,177,0,1,72,0,73,9,116,121,4,250,70,12,82,332
09/01/2004,ROA,VA,AEA,EN,Towers with Radar,9,98,36,0,143,0,2,40,0,42,9,100,76,0,185,100,0,100,285
09/02/2004,ROA,VA,AEA,EN,Towers with Radar,10,97,46,9,162,0,5,33,0,38,10,102,79,9,200,118,0,118,318
09/03/2004,ROA,VA,AEA,EN,Towers with Radar,19,100,31,0,150,0,8,31,2,41,19,108,62,2,191,40,0,40,231
09/04/2004,ROA,VA,AEA,EN,Towers with Radar,10,77,29,1,117,0,4,36,1,41,10,81,65,2,158,32,0,32,190
09/05/2004,ROA,VA,AEA,EN,Towers with Radar,2,68,20,0,90,0,3,30,0,33,2,71,50,0,123,0,0,0,123
09/06/2004,ROA,VA,AEA,EN,Towers with Radar,2,70,31,0,103,0,1,1,0,2,2,71,32,0,105,0,0,0,105
09/07/2004,ROA,VA,AEA,EN,Towers with Radar,5,112,25,0,142,0,0,0,0,0,5,112,25,0,142,0,0,0,142
09/08/2004,ROA,VA,AEA,EN,Towers with Radar,10,98,33,1,142,0,0,0,0,0,10,98,33,1,142,0,0,0,142
09/09/2004,ROA,VA,AEA,EN,Towers with Radar,13,105,31,2,151,0,4,27,0,31,13,109,58,2,182,56,0,56,238
09/10/2004,ROA,VA,AEA,EN,Towers with Radar,16,93,43,2,154,0,1,72,0,73,16,94,115,2,227,106,0,106,333
09/11/2004,ROA,VA,AEA,EN,Towers with Radar,6,84,51,0,141,0,0,70,0,70,6,84,121,0,211,0,0,0,211
09/12/2004,ROA,VA,AEA,EN,Towers with Radar,3,68,46,0,117,0,3,50,0,53,3,71,96,0,170,18,0,18,188
09/13/2004,ROA,VA,AEA,EN,Towers with Radar,7,101,56,2,166,0,0,45,1,46,7,101,101,3,212,86,2,88,300
09/14/2004,ROA,VA,AEA,EN,Towers with Radar,16,98,41,0,155,0,2,7,0,9,16,100,48,0,164,48,0,48,212
09/15/2004,ROA,VA,AEA,EN,Towers with Radar,6,115,70,0,191,0,0,28,0,28,6,115,98,0,219,64,0,64,283
09/16/2004,ROA,VA,AEA,EN,Towers with Radar,14,92,42,0,148,0,1,5,0,6,14,93,47,0,154,0,0,0,154
09/17/2004,ROA,VA,AEA,EN,Towers with Radar,11,100,11,0,122,0,0,0,0,0,11,100,11,0,122,0,0,0,122
09/18/2004,ROA,VA,AEA,EN,Towers with Radar,4,98,31,0,133,0,0,18,0,18,4,98,49,0,151,0,0,0,151
09/19/2004,ROA,VA,AEA,EN,Towers with Radar,6,90,36,0,132,0,6,53,0,59,6,96,89,0,191,22,0,22,213
09/20/2004,ROA,VA,AEA,EN,Towers with Radar,2,98,35,0,135,0,4,59,0,63,2,102,94,0,198,250,0,250,448
09/21/2004,ROA,VA,AEA,EN,Towers with Radar,15,118,43,2,178,0,8,69,0,77,15,126,112,2,255,130,0,130,385
09/22/2004,ROA,VA,AEA,EN,Towers with Radar,9,99,48,4,160,0,3,58,0,61,9,102,106,4,221,202,0,202,423
09/23/2004,ROA,VA,AEA,EN,Towers with Radar,8,105,49,0,162,0,7,72,0,79,8,112,121,0,241,118,0,118,359
09/24/2004,ROA,VA,AEA,EN,Towers with Radar,19,102,42,17,180,0,8,48,0,56,19,110,90,17,236,168,0,168,404
09/25/2004,ROA,VA,AEA,EN,Towers with Radar,14,68,23,0,105,0,7,32,0,39,14,75,55,0,144,26,0,26,170
09/26/2004,ROA,VA,AEA,EN,Towers with Radar,11,70,36,0,117,0,6,37,0,43,11,76,73,0,160,0,0,0,160
09/27/2004,ROA,VA,AEA,EN,Towers with Radar,4,100,38,1,143,0,0,0,0,0,4,100,38,1,143,22,0,22,165
09/28/2004,ROA,VA,AEA,EN,Towers with Radar,8,87,24,0,119,0,0,5,0,5,8,87,29,0,124,0,0,0,124
09/29/2004,ROA,VA,AEA,EN,Towers with Radar,16,104,43,4,167,0,7,27,1,35,16,111,70,5,202,64,16,80,282
09/30/2004,ROA,VA,AEA,EN,Towers with Radar,13,106,56,5,180,0,3,33,1,37,13,109,89,6,217,76,8,84,301
10/01/2004,ROA,VA,AEA,EN,Towers with Radar,14,119,70,0,203,0,1,18,0,19,14,120,88,0,222,50,0,50,272
10/02/2004,ROA,VA,AEA,EN,Towers with Radar,7,83,69,5,164,0,7,21,0,28,7,90,90,5,192,0,0,0,192
10/03/2004,ROA,VA,AEA,EN,Towers with Radar,4,76,43,0,123,0,0,26,0,26,4,76,69,0,149,24,0,24,173
10/04/2004,ROA,VA,AEA,EN,Towers with Radar,4,107,30,0,141,0,1,49,0,50,4,108,79,0,191,138,0,138,329
10/05/2004,ROA,VA,AEA,EN,Towers with Radar,11,99,44,3,157,0,1,48,1,50,11,100,92,4,207,102,0,102,309
10/06/2004,ROA,VA,AEA,EN,Towers with Radar,13,99,40,0,152,0,1,49,0,50,13,100,89,0,202,112,0,112,314
10/07/2004,ROA,VA,AEA,EN,Towers with Radar,9,104,57,0,170,0,1,36,0,37,9,105,93,0,207,92,0,92,299
10/08/2004,ROA,VA,AEA,EN,Towers with Radar,18,104,57,0,179,0,4,42,0,46,18,108,99,0,225,134,0,134,359
10/09/2004,ROA,VA,AEA,EN,Towers with Radar,6,67,20,0,93,0,3,24,0,27,6,70,44,0,120,28,0,28,148
10/10/2004,ROA,VA,AEA,EN,Towers with Radar,2,59,31,0,92,0,7,40,0,47,2,66,71,0,139,122,0,122,261
10/11/2004,ROA,VA,AEA,EN,Towers with Radar,4,75,26,0,105,0,0,53,0,53,4,75,79,0,158,116,0,116,274
10/12/2004,ROA,VA,AEA,EN,Towers with Radar,14,106,51,0,171,0,1,46,0,47,14,107,97,0,218,160,0,160,378
10/13/2004,ROA,VA,AEA,EN,Towers with Radar,10,113,40,4,167,0,0,1,0,1,10,113,41,4,168,0,0,0,168
10/14/2004,ROA,VA,AEA,EN,Towers with Radar,18,91,45,1,155,0,1,17,0,18,18,92,62,1,173,212,0,212,385
10/15/2004,ROA,VA,AEA,EN,Towers with Radar,16,113,57,8,194,0,2,25,3,30,16,115,82,11,224,104,0,104,328
10/16/2004,ROA,VA,AEA,EN,Towers with Radar,9,81,32,2,124,0,7,20,0,27,9,88,52,2,151,108,0,108,259
10/17/2004,ROA,VA,AEA,EN,Towers with Radar,2,67,23,3,95,0,1,27,0,28,2,68,50,3,123,6,0,6,129
10/18/2004,ROA,VA,AEA,EN,Towers with Radar,3,109,61,3,176,0,5,47,0,52,3,114,108,3,228,0,0,0,228
10/19/2004,ROA,VA,AEA,EN,Towers with Radar,10,98,34,0,142,0,1,2,0,3,10,99,36,0,145,0,0,0,145
10/20/2004,ROA,VA,AEA,EN,Towers with Radar,15,99,19,0,133,0,0,0,0,0,15,99,19,0,133,0,0,0,133
10/21/2004,ROA,VA,AEA,EN,Towers with Radar,16,118,49,1,184,0,0,4,0,4,16,118,53,1,188,0,10,10,198
10/22/2004,ROA,VA,AEA,EN,Towers with Radar,17,101,42,3,163,0,0,6,0,6,17,101,48,3,169,0,0,0,169
10/23/2004,ROA,VA,AEA,EN,Towers with Radar,6,67,51,4,128,0,0,9,1,10,6,67,60,5,138,0,0,0,138
10/24/2004,ROA,VA,AEA,EN,Towers with Radar,7,86,39,0,132,0,1,2,0,3,7,87,41,0,135,2,0,2,137
10/25/2004,ROA,VA,AEA,EN,Towers with Radar,3,102,56,1,162,0,1,29,1,31,3,103,85,2,193,204,0,204,397
10/26/2004,ROA,VA,AEA,EN,Towers with Radar,16,92,57,1,166,0,0,41,0,41,16,92,98,1,207,184,0,184,391
10/27/2004,ROA,VA,AEA,EN,Towers with Radar,8,64,38,4,114,0,1,1,0,2,8,65,39,4,116,0,0,0,116
10/28/2004,ROA,VA,AEA,EN,Towers with Radar,16,106,44,0,166,0,0,0,0,0,16,106,44,0,166,0,0,0,166
10/29/2004,ROA,VA,AEA,EN,Towers with Radar,16,115,54,4,189,0,3,5,0,8,16,118,59,4,197,20,0,20,217
10/30/2004,ROA,VA,AEA,EN,Towers with Radar,5,72,35,0,112,0,3,27,0,30,5,75,62,0,142,62,0,62,204
10/31/2004,ROA,VA,AEA,EN,Towers with Radar,4,85,49,0,138,0,9,52,0,61,4,94,101,0,199,52,0,52,251
11/01/2004,ROA,VA,AEA,EN,Combined TRACON& Tower with Radar,10,102,26,0,138,0,2,50,1,53,10,104,76,1,191,172,0,172,363
11/02/2004,ROA,VA,AEA,EN,Combined TRACON& Tower with Radar,9,96,38,9,152,0,6,49,0,55,9,102,87,9,207,178,16,194,401
11/03/2004,ROA,VA,AEA,EN,Combined TRACON& Tower with Radar,9,104,59,20,192,0,5,35,0,40,9,109,94,20,232,120,4,124,356
11/04/2004,ROA,VA,AEA,EN,Combined TRACON& Tower with Radar,13,97,53,2,165,0,3,2,0,5,13,100,55,2,170,0,0,0,170
11/05/2004,ROA,VA,AEA,EN,Combined TRACON& Tower with Radar,10,108,49,1,168,0,0,32,3,35,10,108,81,4,203,6,0,6,209
11/06/2004,ROA,VA,AEA,EN,Combined TRACON& Tower with Radar,3,81,21,0,105,0,7,56,0,63,3,88,77,0,168,34,0,34,202
11/07/2004,ROA,VA,AEA,EN,Combined TRACON& Tower with Radar,1,76,50,2,129,0,5,86,3,94,1,81,136,5,223,40,0,40,263
11/08/2004,ROA,VA,AEA,EN,Combined TRACON& Tower with Radar,4,101,30,1,136,0,6,38,1,45,4,107,68,2,181,86,0,86,267
11/09/2004,ROA,VA,AEA,EN,Combined TRACON& Tower with Radar,10,104,47,0,161,0,8,55,0,63,10,112,102,0,224,110,0,110,334
11/10/2004,ROA,VA,AEA,EN,Combined TRACON& Tower with Radar,11,97,43,2,153,0,8,56,1,65,11,105,99,3,218,110,8,118,336
11/11/2004,ROA,VA,AEA,EN,Combined TRACON& Tower with Radar,20,79,59,1,159,0,4,49,3,56,20,83,108,4,215,148,0,148,363
11/12/2004,ROA,VA,AEA,EN,Combined TRACON& Tower with Radar,20,104,24,0,148,1,0,2,0,3,21,104,26,0,151,0,0,0,151
11/13/2004,ROA,VA,AEA,EN,Combined TRACON& Tower with Radar,5,66,34,0,105,0,0,31,0,31,5,66,65,0,136,26,0,26,162
11/14/2004,ROA,VA,AEA,EN,Combined TRACON& Tower with Radar,11,56,31,0,98,0,4,51,0,55,11,60,82,0,153,128,0,128,281
11/15/2004,ROA,VA,AEA,EN,Combined TRACON& Tower with Radar,2,89,27,3,121,0,8,34,0,42,2,97,61,3,163,104,4,108,271
11/16/2004,ROA,VA,AEA,EN,Combined TRACON& Tower with Radar,10,91,54,0,155,0,1,40,0,41,10,92,94,0,196,98,0,98,294
11/17/2004,ROA,VA,AEA,EN,Combined TRACON& Tower with Radar,14,94,45,0,153,0,2,49,0,51,14,96,94,0,204,38,2,40,244
11/18/2004,ROA,VA,AEA,EN,Combined TRACON& Tower with Radar,14,101,68,0,183,0,0,44,0,44,14,101,112,0,227,120,0,120,347
11/19/2004,ROA,VA,AEA,EN,Combined TRACON& Tower with Radar,14,87,45,0,146,0,5,3,0,8,14,92,48,0,154,36,0,36,190
11/20/2004,ROA,VA,AEA,EN,Combined TRACON& Tower with Radar,7,83,29,0,119,0,0,3,0,3,7,83,32,0,122,8,0,8,130
11/21/2004,ROA,VA,AEA,EN,Combined TRACON& Tower with Radar,2,73,31,0,106,0,4,35,0,39,2,77,66,0,145,78,2,80,225
11/22/2004,ROA,VA,AEA,EN,Combined TRACON& Tower with Radar,4,85,44,2,135,0,0,4,0,4,4,85,48,2,139,70,0,70,209
11/23/2004,ROA,VA,AEA,EN,Combined TRACON& Tower with Radar,14,94,19,0,127,0,0,0,0,0,14,94,19,0,127,0,0,0,127
11/24/2004,ROA,VA,AEA,EN,Combined TRACON& Tower with Radar,13,98,17,0,128,0,0,0,0,0,13,98,17,0,128,0,0,0,128
11/25/2004,ROA,VA,AEA,EN,Combined TRACON& Tower with Radar,2,74,26,0,102,0,1,13,0,14,2,75,39,0,116,0,0,0,116
11/26/2004,ROA,VA,AEA,EN,Combined TRACON& Tower with Radar,4,83,9,0,96,0,8,30,0,38,4,91,39,0,134,0,0,0,134
11/27/2004,ROA,VA,AEA,EN,Combined TRACON& Tower with Radar,3,79,22,0,104,0,0,33,0,33,3,79,55,0,137,0,0,0,137
11/28/2004,ROA,VA,AEA,EN,Combined TRACON& Tower with Radar,0,78,42,0,120,0,0,13,0,13,0,78,55,0,133,0,0,0,133
11/29/2004,ROA,VA,AEA,EN,Combined TRACON& Tower with Radar,3,100,29,11,143,0,2,33,0,35,3,102,62,11,178,152,6,158,336
11/30/2004,ROA,VA,AEA,EN,Combined TRACON& Tower with Radar,9,95,36,3,143,0,4,18,0,22,9,99,54,3,165,0,46,46,211
12/01/2004,ROA,VA,AEA,EN,Combined TRACON& Tower with Radar,8,94,29,0,131,0,4,9,0,13,8,98,38,0,144,8,0,8,152
12/02/2004,ROA,VA,AEA,EN,Combined TRACON& Tower with Radar,7,118,56,1,182,0,1,45,1,47,7,119,101,2,229,142,0,142,371
12/03/2004,ROA,VA,AEA,EN,Combined TRACON& Tower with Radar,8,108,45,5,166,0,6,25,1,32,8,114,70,6,198,0,0,0,198
12/04/2004,ROA,VA,AEA,EN,Combined TRACON& Tower with Radar,9,68,28,0,105,0,2,39,0,41,9,70,67,0,146,0,0,0,146
12/05/2004,ROA,VA,AEA,EN,Combined TRACON& Tower with Radar,1,74,17,0,92,0,0,48,0,48,1,74,65,0,140,64,0,64,204
12/06/2004,ROA,VA,AEA,EN,Combined TRACON& Tower with Radar,0,94,23,2,119,0,0,2,0,2,0,94,25,2,121,0,0,0,121
12/07/2004,ROA,VA,AEA,EN,Combined TRACON& Tower with Radar,11,96,20,0,127,0,0,1,0,1,11,96,21,0,128,12,0,12,140
12/08/2004,ROA,VA,AEA,EN,Combined TRACON& Tower with Radar,9,111,35,0,155,0,2,56,0,58,9,113,91,0,213,84,0,84,297
12/09/2004,ROA,VA,AEA,EN,Combined TRACON& Tower with Radar,8,86,37,0,131,0,2,8,0,10,8,88,45,0,141,0,0,0,141
12/10/2004,ROA,VA,AEA,EN,Combined TRACON& Tower with Radar,26,90,31,0,147,0,0,2,0,2,26,90,33,0,149,0,0,0,149
12/11/2004,ROA,VA,AEA,EN,Combined TRACON& Tower with Radar,4,70,18,2,94,0,0,13,0,13,4,70,31,2,107,0,0,0,107
12/12/2004,ROA,VA,AEA,EN,Combined TRACON& Tower with Radar,0,64,21,0,85,0,5,11,0,16,0,69,32,0,101,0,0,0,101
12/13/2004,ROA,VA,AEA,EN,Combined TRACON& Tower with Radar,0,88,30,0,118,0,2,19,0,21,0,90,49,0,139,0,0,0,139
12/14/2004,ROA,VA,AEA,EN,Combined TRACON& Tower with Radar,12,96,37,0,145,0,1,21,0,22,12,97,58,0,167,0,0,0,167
12/15/2004,ROA,VA,AEA,EN,Combined TRACON& Tower with Radar,10,109,38,4,161,0,3,42,1,46,10,112,80,5,207,30,10,40,247
12/16/2004,ROA,VA,AEA,EN,Combined TRACON& Tower with Radar,12,107,53,2,174,0,4,37,0,41,12,111,90,2,215,150,0,150,365
12/17/2004,ROA,VA,AEA,EN,Combined TRACON& Tower with Radar,30,93,32,0,155,0,0,29,0,29,30,93,61,0,184,104,0,104,288
12/18/2004,ROA,VA,AEA,EN,Combined TRACON& Tower with Radar,9,70,35,0,114,0,0,74,0,74,9,70,109,0,188,98,0,98,286
12/19/2004,ROA,VA,AEA,EN,Combined TRACON& Tower with Radar,1,65,8,0,74,0,0,17,0,17,1,65,25,0,91,52,0,52,143
12/20/2004,ROA,VA,AEA,EN,Combined TRACON& Tower with Radar,1,102,20,2,125,0,1,6,0,7,1,103,26,2,132,0,0,0,132
12/21/2004,ROA,VA,AEA,EN,Combined TRACON& Tower with Radar,20,100,43,2,165,0,0,20,0,20,20,100,63,2,185,94,0,94,279
12/22/2004,ROA,VA,AEA,EN,Combined TRACON& Tower with Radar,16,105,25,9,155,0,5,18,0,23,16,110,43,9,178,50,16,66,244
12/23/2004,ROA,VA,AEA,EN,Combined TRACON& Tower with Radar,18,103,39,0,160,0,0,4,0,4,18,103,43,0,164,10,0,10,174
12/24/2004,ROA,VA,AEA,EN,Combined TRACON& Tower with Radar,8,76,35,0,119,0,4,11,0,15,8,80,46,0,134,56,0,56,190
12/25/2004,ROA,VA,AEA,EN,Combined TRACON& Tower with Radar,0,68,19,0,87,0,1,1,0,2,0,69,20,0,89,0,0,0,89
12/26/2004,ROA,VA,AEA,EN,Combined TRACON& Tower with Radar,0,55,17,0,72,0,2,18,0,20,0,57,35,0,92,0,0,0,92
12/27/2004,ROA,VA,AEA,EN,Combined TRACON& Tower with Radar,5,86,20,9,120,0,1,25,0,26,5,87,45,9,146,56,4,60,206
12/28/2004,ROA,VA,AEA,EN,Combined TRACON& Tower with Radar,12,89,27,0,128,0,3,39,0,42,12,92,66,0,170,20,0,20,190
12/29/2004,ROA,VA,AEA,EN,Combined TRACON& Tower with Radar,11,104,23,2,140,0,10,27,1,38,11,114,50,3,178,136,0,136,314
12/30/2004,ROA,VA,AEA,EN,Combined TRACON& Tower with Radar,8,88,24,3,123,0,0,22,0,22,8,88,46,3,145,22,0,22,167
12/31/2004,ROA,VA,AEA,EN,Combined TRACON& Tower with Radar,11,94,24,0,129,0,4,23,0,27,11,98,47,0,156,0,0,0,156
01/01/2005,ROA,VA,AEA,EN,Combined TRACON& Tower with Radar,7,65,16,0,88,0,0,25,0,25,7,65,41,0,113,44,0,44,157
01/02/2005,ROA,VA,AEA,EN,Combined TRACON& Tower with Radar,0,65,33,0,98,0,0,2,0,2,0,65,35,0,100,52,0,52,152
01/03/2005,ROA,VA,AEA,EN,Combined TRACON& Tower with Radar,8,89,30,0,127,0,0,14,0,14,8,89,44,0,141,166,0,166,307
01/04/2005,ROA,VA,AEA,EN,Combined TRACON& Tower with Radar,28,101,36,0,165,0,1,19,0,20,28,102,55,0,185,0,0,0,185
01/05/2005,ROA,VA,AEA,EN,Combined TRACON& Tower with Radar,7,100,43,2,152,0,0,28,0,28,7,100,71,2,180,98,18,116,296
01/06/2005,ROA,VA,AEA,EN,Combined TRACON& Tower with Radar,11,102,34,0,147,0,4,9,0,13,11,106,43,0,160,68,0,68,228
01/07/2005,ROA,VA,AEA,EN,Combined TRACON& Tower with Radar,14,87,32,3,136,0,0,34,0,34,14,87,66,3,170,98,2,100,270
01/08/2005,ROA,VA,AEA,EN,Combined TRACON& Tower with Radar,6,74,23,0,103,0,1,4,0,5,6,75,27,0,108,0,0,0,108
01/09/2005,ROA,VA,AEA,EN,Combined TRACON& Tower with Radar,3,71,35,0,109,0,0,64,0,64,3,71,99,0,173,78,0,78,251
01/10/2005,ROA,VA,AEA,EN,Combined TRACON& Tower with Radar,1,103,26,0,130,0,0,33,2,35,1,103,59,2,165,12,0,12,177
01/11/2005,ROA,VA,AEA,EN,Combined TRACON& Tower with Radar,14,100,30,0,144,0,1,22,0,23,14,101,52,0,167,144,0,144,311
01/12/2005,ROA,VA,AEA,EN,Combined TRACON& Tower with Radar,10,97,33,0,140,0,3,37,0,40,10,100,70,0,180,58,0,58,238
01/13/2005,ROA,VA,AEA,EN,Combined TRACON& Tower with Radar,7,88,22,2,119,0,1,7,0,8,7,89,29,2,127,36,0,36,163
01/14/2005,ROA,VA,AEA,EN,Combined TRACON& Tower with Radar,12,97,21,2,132,0,2,32,0,34,12,99,53,2,166,14,0,14,180
01/15/2005,ROA,VA,AEA,EN,Combined TRACON& Tower with Radar,5,77,23,0,105,0,5,55,0,60,5,82,78,0,165,52,0,52,217
01/16/2005,ROA,VA,AEA,EN,Combined TRACON& Tower with Radar,2,71,24,0,97,0,1,16,1,18,2,72,40,1,115,12,0,12,127
01/17/2005,ROA,VA,AEA,EN,Combined TRACON& Tower with Radar,0,79,30,0,109,0,0,17,0,17,0,79,47,0,126,0,0,0,126
01/18/2005,ROA,VA,AEA,EN,Combined TRACON& Tower with Radar,9,111,36,0,156,0,6,16,0,22,9,117,52,0,178,16,0,16,194
01/19/2005,ROA,VA,AEA,EN,Combined TRACON& Tower with Radar,7,101,24,7,139,0,0,5,0,5,7,101,29,7,144,62,0,62,206
01/20/2005,ROA,VA,AEA,EN,Combined TRACON& Tower with Radar,12,102,34,9,157,0,1,9,0,10,12,103,43,9,167,10,22,32,199
01/21/2005,ROA,VA,AEA,EN,Combined TRACON& Tower with Radar,11,90,22,0,123,0,0,0,0,0,11,90,22,0,123,0,0,0,123
01/22/2005,ROA,VA,AEA,EN,Combined TRACON& Tower with Radar,5,44,10,0,59,0,0,0,0,0,5,44,10,0,59,0,0,0,59
01/23/2005,ROA,VA,AEA,EN,Combined TRACON& Tower with Radar,2,51,7,2,62,0,0,1,0,1,2,51,8,2,63,0,0,0,63
01/24/2005,ROA,VA,AEA,EN,Combined TRACON& Tower with Radar,0,81,40,9,130,0,1,14,0,15,0,82,54,9,145,20,14,34,179
01/25/2005,ROA,VA,AEA,EN,Combined TRACON& Tower with Radar,9,112,47,0,168,0,1,27,1,29,9,113,74,1,197,258,0,258,455
01/26/2005,ROA,VA,AEA,EN,Combined TRACON& Tower with Radar,8,93,25,0,126,0,2,34,0,36,8,95,59,0,162,258,0,258,420
01/27/2005,ROA,VA,AEA,EN,Combined TRACON& Tower with Radar,7,99,41,3,150,0,0,32,3,35,7,99,73,6,185,334,0,334,519
01/28/2005,ROA,VA,AEA,EN,Combined TRACON& Tower with Radar,12,94,27,4,137,0,2,46,2,50,12,96,73,6,187,116,0,116,303
01/29/2005,ROA,VA,AEA,EN,Combined TRACON& Tower with Radar,5,60,10,1,76,0,1,8,0,9,5,61,18,1,85,0,0,0,85
01/30/2005,ROA,VA,AEA,EN,Combined TRACON& Tower with Radar,0,54,8,0,62,0,3,4,0,7,0,57,12,0,69,0,0,0,69
01/31/2005,ROA,VA,AEA,EN,Combined TRACON& Tower with Radar,0,84,23,0,107,0,3,46,0,49,0,87,69,0,156,92,0,92,248
02/01/2005,ROA,VA,AEA,EN,Combined TRACON& Tower with Radar,15,101,23,0,139,0,7,18,0,25,15,108,41,0,164,160,0,160,324
02/02/2005,ROA,VA,AEA,EN,Combined TRACON& Tower with Radar,8,95,37,8,148,0,4,37,0,41,8,99,74,8,189,42,0,42,231
02/03/2005,ROA,VA,AEA,EN,Combined TRACON& Tower with Radar,12,96,13,0,121,0,1,1,0,2,12,97,14,0,123,0,0,0,123
02/04/2005,ROA,VA,AEA,EN,Combined TRACON& Tower with Radar,11,99,23,11,144,0,2,11,0,13,11,101,34,11,157,40,26,66,223
02/05/2005,ROA,VA,AEA,EN,Combined TRACON& Tower with Radar,5,77,40,3,125,0,2,53,2,57,5,79,93,5,182,54,0,54,236
02/06/2005,ROA,VA,AEA,EN,Combined TRACON& Tower with Radar,1,63,29,7,100,0,4,41,0,45,1,67,70,7,145,18,2,20,165
02/07/2005,ROA,VA,AEA,EN,Combined TRACON& Tower with Radar,3,99,37,3,142,0,4,34,0,38,3,103,71,3,180,94,4,98,278
02/08/2005,ROA,VA,AEA,EN,Combined TRACON& Tower with Radar,10,100,25,2,137,1,3,26,0,30,11,103,51,2,167,56,8,64,231
02/09/2005,ROA,VA,AEA,EN,Combined TRACON& Tower with Radar,12,103,34,2,151,0,4,24,0,28,12,107,58,2,179,48,0,48,227
02/10/2005,ROA,VA,AEA,EN,Combined TRACON& Tower with Radar,7,109,25,5,146,0,3,1,0,4,7,112,26,5,150,0,8,8,158
02/11/2005,ROA,VA,AEA,EN,Combined TRACON& Tower with Radar,12,103,33,2,150,0,5,21,2,28,12,108,54,4,178,0,0,0,178
02/12/2005,ROA,VA,AEA,EN,Combined TRACON& Tower with Radar,16,63,21,0,100,0,1,21,0,22,16,64,42,0,122,14,0,14,136
02/13/2005,ROA,VA,AEA,EN,Combined TRACON& Tower with Radar,2,64,30,2,98,0,15,23,0,38,2,79,53,2,136,90,0,90,226
02/14/2005,ROA,VA,AEA,EN,Combined TRACON& Tower with Radar,0,101,17,0,118,0,0,1,0,1,0,101,18,0,119,0,0,0,119
02/15/2005,ROA,VA,AEA,EN,Combined TRACON& Tower with Radar,11,103,41,6,161,0,4,43,0,47,11,107,84,6,208,184,8,192,400
02/16/2005,ROA,VA,AEA,EN,Combined TRACON& Tower with Radar,20,95,62,6,183,0,6,15,0,21,20,101,77,6,204,80,4,84,288
02/17/2005,ROA,VA,AEA,EN,Combined TRACON& Tower with Radar,8,90,45,0,143,0,3,15,2,20,8,93,60,2,163,0,0,0,163
02/18/2005,ROA,VA,AEA,EN,Combined TRACON& Tower with Radar,9,97,40,2,148,0,4,14,0,18,9,101,54,2,166,18,0,18,184
02/19/2005,ROA,VA,AEA,EN,Combined TRACON& Tower with Radar,4,71,23,0,98,0,1,55,0,56,4,72,78,0,154,54,0,54,208
02/20/2005,ROA,VA,AEA,EN,Combined TRACON& Tower with Radar,0,97,38,0,135,0,10,5,0,15,0,107,43,0,150,0,0,0,150
02/21/2005,ROA,VA,AEA,EN,Combined TRACON& Tower with Radar,2,74,32,3,111,0,3,14,1,18,2,77,46,4,129,36,0,36,165
02/22/2005,ROA,VA,AEA,EN,Combined TRACON& Tower with Radar,6,98,58,9,171,0,4,26,0,30,6,102,84,9,201,176,0,176,377
02/23/2005,ROA,VA,AEA,EN,Combined TRACON& Tower with Radar,7,105,39,0,151,0,2,36,1,39,7,107,75,1,190,92,0,92,282
02/24/2005,ROA,VA,AEA,EN,Combined TRACON& Tower with Radar,11,91,12,0,114,0,2,0,0,2,11,93,12,0,116,0,0,0,116
02/25/2005,ROA,VA,AEA,EN,Combined TRACON& Tower with Radar,9,90,29,3,131,0,3,24,0,27,9,93,53,3,158,64,10,74,232
02/26/2005,ROA,VA,AEA,EN,Combined TRACON& Tower with Radar,6,67,38,7,118,0,4,61,0,65,6,71,99,7,183,64,8,72,255
02/27/2005,ROA,VA,AEA,EN,Combined TRACON& Tower with Radar,2,75,41,0,118,0,0,38,0,38,2,75,79,0,156,120,0,120,276
02/28/2005,ROA,VA,AEA,EN,Combined TRACON& Tower with Radar,1,61,3,2,67,0,0,0,0,0,1,61,3,2,67,0,0,0,67
03/01/2005,ROA,VA,AEA,EN,Combined TRACON& Tower with Radar,11,96,28,5,140,0,0,5,0,5,11,96,33,5,145,0,4,4,149
03/02/2005,ROA,VA,AEA,EN,Combined TRACON& Tower with Radar,6,102,27,7,142,0,0,3,0,3,6,102,30,7,145,0,0,0,145
03/03/2005,ROA,VA,AEA,EN,Combined TRACON& Tower with Radar,10,88,51,15,164,0,7,32,2,41,10,95,83,17,205,78,50,128,333
03/04/2005,ROA,VA,AEA,EN,Combined TRACON& Tower with Radar,8,99,53,3,163,0,1,37,0,38,8,100,90,3,201,84,0,84,285
03/05/2005,ROA,VA,AEA,EN,Combined TRACON& Tower with Radar,4,93,23,0,120,0,0,4,0,4,4,93,27,0,124,8,0,8,132
03/06/2005,ROA,VA,AEA,EN,Combined TRACON& Tower with Radar,0,77,25,0,102,0,2,31,0,33,0,79,56,0,135,0,0,0,135
03/07/2005,ROA,VA,AEA,EN,Combined TRACON& Tower with Radar,0,104,62,16,182,0,10,49,0,59,0,114,111,16,241,192,0,192,433
03/08/2005,ROA,VA,AEA,EN,Combined TRACON& Tower with Radar,8,101,29,2,140,0,8,0,0,8,8,109,29,2,148,0,0,0,148
03/09/2005,ROA,VA,AEA,EN,Combined TRACON& Tower with Radar,12,99,43,3,157,0,5,36,0,41,12,104,79,3,198,0,0,0,198
03/10/2005,ROA,VA,AEA,EN,Combined TRACON& Tower with Radar,11,92,35,2,140,0,3,42,0,45,11,95,77,2,185,62,0,62,247
03/11/2005,ROA,VA,AEA,EN,Combined TRACON& Tower with Radar,8,101,33,0,142,0,0,3,0,3,8,101,36,0,145,0,0,0,145
03/12/2005,ROA,VA,AEA,EN,Combined TRACON& Tower with Radar,4,77,13,0,94,0,0,5,1,6,4,77,18,1,100,0,0,0,100
03/13/2005,ROA,VA,AEA,EN,Combined TRACON& Tower with Radar,0,84,31,3,118,0,7,22,0,29,0,91,53,3,147,58,0,58,205
03/14/2005,ROA,VA,AEA,EN,Combined TRACON& Tower with Radar,1,92,48,0,141,0,1,12,1,14,1,93,60,1,155,0,0,0,155
03/15/2005,ROA,VA,AEA,EN,Combined TRACON& Tower with Radar,9,99,46,9,163,0,4,61,1,66,9,103,107,10,229,238,4,242,471
03/16/2005,ROA,VA,AEA,EN,Combined TRACON& Tower with Radar,8,111,52,0,171,0,0,7,0,7,8,111,59,0,178,8,0,8,186
03/17/2005,ROA,VA,AEA,EN,Combined TRACON& Tower with Radar,7,107,60,0,174,0,0,4,0,4,7,107,64,0,178,96,0,96,274
03/18/2005,ROA,VA,AEA,EN,Combined TRACON& Tower with Radar,13,83,47,0,143,0,2,47,0,49,13,85,94,0,192,154,0,154,346
03/19/2005,ROA,VA,AEA,EN,Combined TRACON& Tower with Radar,6,76,64,0,146,0,4,71,0,75,6,80,135,0,221,142,0,142,363
03/20/2005,ROA,VA,AEA,EN,Combined TRACON& Tower with Radar,1,84,42,1,128,0,3,22,0,25,1,87,64,1,153,0,0,0,153
03/21/2005,ROA,VA,AEA,EN,Combined TRACON& Tower with Radar,7,94,30,0,131,0,0,42,0,42,7,94,72,0,173,0,132,132,305
03/22/2005,ROA,VA,AEA,EN,Combined TRACON& Tower with Radar,9,98,44,0,151,0,8,31,0,39,9,106,75,0,190,54,0,54,244
03/23/2005,ROA,VA,AEA,EN,Combined TRACON& Tower with Radar,7,86,27,7,127,0,4,0,0,4,7,90,27,7,131,36,0,36,167
03/24/2005,ROA,VA,AEA,EN,Combined TRACON& Tower with Radar,13,97,70,4,184,0,3,18,0,21,13,100,88,4,205,22,2,24,229
03/25/2005,ROA,VA,AEA,EN,Combined TRACON& Tower with Radar,10,74,44,0,128,0,0,6,0,6,10,74,50,0,134,0,0,0,134
03/26/2005,ROA,VA,AEA,EN,Combined TRACON& Tower with Radar,13,100,22,0,135,0,0,0,0,0,13,100,22,0,135,0,0,0,135
03/27/2005,ROA,VA,AEA,EN,Combined TRACON& Tower with Radar,0,75,20,0,95,0,2,3,0,5,0,77,23,0,100,0,0,0,100
03/28/2005,ROA,VA,AEA,EN,Combined TRACON& Tower with Radar,0,83,32,0,115,0,2,3,0,5,0,85,35,0,120,0,0,0,120
03/29/2005,ROA,VA,AEA,EN,Combined TRACON& Tower with Radar,7,96,35,0,138,0,3,20,0,23,7,99,55,0,161,0,0,0,161
03/30/2005,ROA,VA,AEA,EN,Combined TRACON& Tower with Radar,15,93,36,0,144,0,6,69,0,75,15,99,105,0,219,52,0,52,271
03/31/2005,ROA,VA,AEA,EN,Combined TRACON& Tower with Radar,9,91,47,0,147,0,2,3,0,5,9,93,50,0,152,6,0,6,158
04/01/2005,ROA,VA,AEA,EN,Combined TRACON& Tower with Radar,9,85,31,1,126,0,3,9,1,13,9,88,40,2,139,30,0,30,169
04/02/2005,ROA,VA,AEA,EN,Combined TRACON& Tower with Radar,5,69,15,9,98,0,0,4,0,4,5,69,19,9,102,0,0,0,102
04/03/2005,ROA,VA,AEA,EN,Combined TRACON& Tower with Radar,0,63,21,2,86,0,0,5,0,5,0,63,26,2,91,0,0,0,91
04/04/2005,ROA,VA,AEA,EN,Combined TRACON& Tower with Radar,0,97,31,0,128,0,0,21,0,21,0,97,52,0,149,34,0,34,183
04/05/2005,ROA,VA,AEA,EN,Combined TRACON& Tower with Radar,10,94,37,1,142,0,10,59,0,69,10,104,96,1,211,0,0,0,211
04/06/2005,ROA,VA,AEA,EN,Combined TRACON& Tower with Radar,6,85,44,0,135,0,3,54,0,57,6,88,98,0,192,146,0,146,338
04/07/2005,ROA,VA,AEA,EN,Combined TRACON& Tower with Radar,10,99,36,8,153,0,1,8,0,9,10,100,44,8,162,0,0,0,162
04/08/2005,ROA,VA,AEA,EN,Combined TRACON& Tower with Radar,6,86,46,2,140,0,2,6,0,8,6,88,52,2,148,50,0,50,198
04/09/2005,ROA,VA,AEA,EN,Combined TRACON& Tower with Radar,4,76,30,4,114,0,6,44,1,51,4,82,74,5,165,24,16,40,205
04/10/2005,ROA,VA,AEA,EN,Combined TRACON& Tower with Radar,0,68,41,0,109,0,8,45,0,53,0,76,86,0,162,78,0,78,240
04/11/2005,ROA,VA,AEA,EN,Combined TRACON& Tower with Radar,1,88,35,0,124,0,0,40,0,40,1,88,75,0,164,86,0,86,250
04/12/2005,ROA,VA,AEA,EN,Combined TRACON& Tower with Radar,7,89,23,1,120,0,4,1,1,6,7,93,24,2,126,0,0,0,126
04/13/2005,ROA,VA,AEA,EN,Combined TRACON& Tower with Radar,20,94,26,0,140,0,0,2,2,4,20,94,28,2,144,54,0,54,198
04/14/2005,ROA,VA,AEA,EN,Combined TRACON& Tower with Radar,6,96,35,3,140,0,7,35,1,43,6,103,70,4,183,108,0,108,291
04/15/2005,ROA,VA,AEA,EN,Combined TRACON& Tower with Radar,8,96,43,12,159,0,7,45,1,53,8,103,88,13,212,0,0,0,212
04/16/2005,ROA,VA,AEA,EN,Combined TRACON& Tower with Radar,8,72,73,11,164,0,9,45,0,54,8,81,118,11,218,114,0,114,332
04/17/2005,ROA,VA,AEA,EN,Combined TRACON& Tower with Radar,2,72,35,0,109,0,3,63,0,66,2,75,98,0,175,60,0,60,235
04/18/2005,ROA,VA,AEA,EN,Combined TRACON& Tower with Radar,0,96,50,0,146,0,2,67,2,71,0,98,117,2,217,90,0,90,307
04/19/2005,ROA,VA,AEA,EN,Combined TRACON& Tower with Radar,12,102,41,0,155,0,4,56,0,60,12,106,97,0,215,96,0,96,311
04/20/2005,ROA,VA,AEA,EN,Combined TRACON& Tower with Radar,5,95,52,5,157,0,3,68,2,73,5,98,120,7,230,82,10,92,322
04/21/2005,ROA,VA,AEA,EN,Combined TRACON& Tower with Radar,12,96,38,0,146,0,7,30,0,37,12,103,68,0,183,66,0,66,249
04/22/2005,ROA,VA,AEA,EN,Combined TRACON& Tower with Radar,12,103,66,0,181,0,0,0,0,0,12,103,66,0,181,0,0,0,181
04/23/2005,ROA,VA,AEA,EN,Combined TRACON& Tower with Radar,5,88,21,0,114,0,9,6,0,15,5,97,27,0,129,0,0,0,129
04/24/2005,ROA,VA,AEA,EN,Combined TRACON& Tower with Radar,1,72,41,0,114,0,4,8,0,12,1,76,49,0,126,0,0,0,126
04/25/2005,ROA,VA,AEA,EN,Combined TRACON& Tower with Radar,0,95,53,0,148,0,3,54,0,57,0,98,107,0,205,16,0,16,221
04/26/2005,ROA,VA,AEA,EN,Combined TRACON& Tower with Radar,11,91,22,3,127,0,1,34,0,35,11,92,56,3,162,104,0,104,266
04/27/2005,ROA,VA,AEA,EN,Combined TRACON& Tower with Radar,12,0,50,0,62,0,0,40,75,115,12,0,90,75,177,84,0,84,261
04/28/2005,ROA,VA,AEA,EN,Combined TRACON& Tower with Radar,8,86,43,0,137,0,8,32,0,40,8,94,75,0,177,176,0,176,353
04/29/2005,ROA,VA,AEA,EN,Combined TRACON& Tower with Radar,11,90,37,0,138,0,4,3,0,7,11,94,40,0,145,30,0,30,175
04/30/2005,ROA,VA,AEA,EN,Combined TRACON& Tower with Radar,6,70,13,2,91,0,0,0,0,0,6,70,13,2,91,10,0,10,101
05/01/2005,ROA,VA,AEA,EN,Combined TRACON& Tower with Radar,4,75,42,2,123,0,2,37,0,39,4,77,79,2,162,8,0,8,170
05/02/2005,ROA,VA,AEA,EN,Combined TRACON& Tower with Radar,1,87,35,0,123,0,12,30,2,44,1,99,65,2,167,30,0,30,197
05/03/2005,ROA,VA,AEA,EN,Combined TRACON& Tower with Radar,10,89,41,0,140,0,5,60,0,65,10,94,101,0,205,114,0,114,319
05/04/2005,ROA,VA,AEA,EN,Combined TRACON& Tower with Radar,9,99,32,0,140,0,9,31,0,40,9,108,63,0,180,172,0,172,352
05/05/2005,ROA,VA,AEA,EN,Combined TRACON& Tower with Radar,8,90,28,0,126,0,5,26,0,31,8,95,54,0,157,284,0,284,441
05/06/2005,ROA,VA,AEA,EN,Combined TRACON& Tower with Radar,10,96,29,4,139,0,14,33,0,47,10,110,62,4,186,38,0,38,224
05/07/2005,ROA,VA,AEA,EN,Combined TRACON& Tower with Radar,4,80,32,0,116,0,8,51,0,59,4,88,83,0,175,44,0,44,219
05/08/2005,ROA,VA,AEA,EN,Combined TRACON& Tower with Radar,2,80,19,7,108,0,4,39,0,43,2,84,58,7,151,10,0,10,161
05/09/2005,ROA,VA,AEA,EN,Combined TRACON& Tower with Radar,1,91,49,1,142,0,5,69,0,74,1,96,118,1,216,138,0,138,354
05/10/2005,ROA,VA,AEA,EN,Combined TRACON& Tower with Radar,5,95,37,7,144,0,6,38,0,44,5,101,75,7,188,186,0,186,374
05/11/2005,ROA,VA,AEA,EN,Combined TRACON& Tower with Radar,11,82,61,3,157,0,9,40,0,49,11,91,101,3,206,122,10,132,338
05/12/2005,ROA,VA,AEA,EN,Combined TRACON& Tower with Radar,9,90,54,0,153,0,8,31,1,40,9,98,85,1,193,192,0,192,385
05/13/2005,ROA,VA,AEA,EN,Combined TRACON& Tower with Radar,8,98,49,3,158,0,5,17,3,25,8,103,66,6,183,8,0,8,191
05/14/2005,ROA,VA,AEA,EN,Combined TRACON& Tower with Radar,7,86,23,0,116,0,2,7,0,9,7,88,30,0,125,86,0,86,211
05/15/2005,ROA,VA,AEA,EN,Combined TRACON& Tower with Radar,0,81,28,0,109,0,9,22,3,34,0,90,50,3,143,0,0,0,143
05/16/2005,ROA,VA,AEA,EN,Combined TRACON& Tower with Radar,0,95,50,0,145,0,3,63,0,66,0,98,113,0,211,150,0,150,361
05/17/2005,ROA,VA,AEA,EN,Combined TRACON& Tower with Radar,13,108,45,0,166,0,7,43,0,50,13,115,88,0,216,76,0,76,292
05/18/2005,ROA,VA,AEA,EN,Combined TRACON& Tower with Radar,9,123,76,0,208,0,0,51,0,51,9,123,127,0,259,188,0,188,447
05/19/2005,ROA,VA,AEA,EN,Combined TRACON& Tower with Radar,11,95,69,0,175,0,3,12,0,15,11,98,81,0,190,92,0,92,282
05/20/2005,ROA,VA,AEA,EN,Combined TRACON& Tower with Radar,9,108,41,0,158,0,8,5,0,13,9,116,46,0,171,102,0,102,273
05/21/2005,ROA,VA,AEA,EN,Combined TRACON& Tower with Radar,7,83,23,2,115,0,6,46,1,53,7,89,69,3,168,68,0,68,236
05/22/2005,ROA,VA,AEA,EN,Combined TRACON& Tower with Radar,0,84,37,0,121,0,2,39,0,41,0,86,76,0,162,0,0,0,162
05/23/2005,ROA,VA,AEA,EN,Combined TRACON& Tower with Radar,0,86,33,3,122,0,6,25,0,31,0,92,58,3,153,62,0,62,215
05/24/2005,ROA,VA,AEA,EN,Combined TRACON& Tower with Radar,13,100,61,0,174,0,0,2,0,2,13,100,63,0,176,30,0,30,206
05/25/2005,ROA,VA,AEA,EN,Combined TRACON& Tower with Radar,7,88,58,1,154,0,13,22,0,35,7,101,80,1,189,88,0,88,277
05/26/2005,ROA,VA,AEA,EN,Combined TRACON& Tower with Radar,12,106,51,0,169,0,7,54,0,61,12,113,105,0,230,28,0,28,258
05/27/2005,ROA,VA,AEA,EN,Combined TRACON& Tower with Radar,8,101,36,10,155,0,7,50,0,57,8,108,86,10,212,52,0,52,264
05/28/2005,ROA,VA,AEA,EN,Combined TRACON& Tower with Radar,5,85,35,0,125,0,3,20,0,23,5,88,55,0,148,76,0,76,224
05/29/2005,ROA,VA,AEA,EN,Combined TRACON& Tower with Radar,0,62,30,0,92,0,11,8,0,19,0,73,38,0,111,8,0,8,119
05/30/2005,ROA,VA,AEA,EN,Combined TRACON& Tower with Radar,0,79,27,3,109,0,5,51,2,58,0,84,78,5,167,30,0,30,197
05/31/2005,ROA,VA,AEA,EN,Combined TRACON& Tower with Radar,3,99,52,0,154,0,4,24,1,29,3,103,76,1,183,50,0,50,233
06/01/2005,ROA,VA,AEA,EN,Combined TRACON& Tower with Radar,9,112,41,9,171,0,1,28,0,29,9,113,69,9,200,118,6,124,324
06/02/2005,ROA,VA,AEA,EN,Combined TRACON& Tower with Radar,11,102,58,2,173,0,0,0,0,0,11,102,58,2,173,0,0,0,173
06/03/2005,ROA,VA,AEA,EN,Combined TRACON& Tower with Radar,9,92,41,1,143,0,2,0,0,2,9,94,41,1,145,42,0,42,187
06/04/2005,ROA,VA,AEA,EN,Combined TRACON& Tower with Radar,10,73,25,1,109,0,5,16,1,22,10,78,41,2,131,56,0,56,187
06/05/2005,ROA,VA,AEA,EN,Combined TRACON& Tower with Radar,0,50,73,9,132,0,2,52,0,54,0,52,125,9,186,224,8,232,418
06/06/2005,ROA,VA,AEA,EN,Combined TRACON& Tower with Radar,2,82,33,0,117,0,5,25,3,33,2,87,58,3,150,106,0,106,256
06/07/2005,ROA,VA,AEA,EN,Combined TRACON& Tower with Radar,10,98,40,0,148,0,6,24,0,30,10,104,64,0,178,10,0,10,188
06/08/2005,ROA,VA,AEA,EN,Combined TRACON& Tower with Radar,8,85,50,3,146,0,8,30,0,38,8,93,80,3,184,28,0,28,212
06/09/2005,ROA,VA,AEA,EN,Combined TRACON& Tower with Radar,11,95,59,0,165,0,2,7,1,10,11,97,66,1,175,0,0,0,175
06/10/2005,ROA,VA,AEA,EN,Combined TRACON& Tower with Radar,10,96,59,0,165,0,0,11,1,12,10,96,70,1,177,0,0,0,177
06/11/2005,ROA,VA,AEA,EN,Combined TRACON& Tower with Radar,3,83,34,0,120,0,1,29,0,30,3,84,63,0,150,0,0,0,150
06/12/2005,ROA,VA,AEA,EN,Combined TRACON& Tower with Radar,0,80,37,0,117,0,2,9,0,11,0,82,46,0,128,54,0,54,182
06/13/2005,ROA,VA,AEA,EN,Combined TRACON& Tower with Radar,2,92,20,3,117,0,4,16,0,20,2,96,36,3,137,52,0,52,189
06/14/2005,ROA,VA,AEA,EN,Combined TRACON& Tower with Radar,9,92,40,2,143,0,9,66,1,76,9,101,106,3,219,94,0,94,313
06/15/2005,ROA,VA,AEA,EN,Combined TRACON& Tower with Radar,13,108,63,0,184,0,3,33,0,36,13,111,96,0,220,112,0,112,332
06/16/2005,ROA,VA,AEA,EN,Combined TRACON& Tower with Radar,14,95,39,0,148,0,2,29,0,31,14,97,68,0,179,104,0,104,283
06/17/2005,ROA,VA,AEA,EN,Combined TRACON& Tower with Radar,9,90,41,3,143,0,2,52,0,54,9,92,93,3,197,64,0,64,261
06/18/2005,ROA,VA,AEA,EN,Combined TRACON& Tower with Radar,6,77,33,0,116,0,2,36,0,38,6,79,69,0,154,32,0,32,186
06/19/2005,ROA,VA,AEA,EN,Combined TRACON& Tower with Radar,0,65,45,2,112,0,1,15,0,16,0,66,60,2,128,90,0,90,218
06/20/2005,ROA,VA,AEA,EN,Combined TRACON& Tower with Radar,1,101,31,0,133,0,13,7,0,20,1,114,38,0,153,48,0,48,201
06/21/2005,ROA,VA,AEA,EN,Combined TRACON& Tower with Radar,8,103,36,0,147,0,5,38,0,43,8,108,74,0,190,106,0,106,296
06/22/2005,ROA,VA,AEA,EN,Combined TRACON& Tower with Radar,9,103,57,3,172,0,5,27,0,32,9,108,84,3,204,132,0,132,336
06/23/2005,ROA,VA,AEA,EN,Combined TRACON& Tower with Radar,10,102,57,0,169,0,7,41,0,48,10,109,98,0,217,130,0,130,347
06/24/2005,ROA,VA,AEA,EN,Combined TRACON& Tower with Radar,5,92,42,4,143,0,0,27,1,28,5,92,69,5,171,36,0,36,207
06/25/2005,ROA,VA,AEA,EN,Combined TRACON& Tower with Radar,6,82,49,2,139,0,6,62,0,68,6,88,111,2,207,108,0,108,315
06/26/2005,ROA,VA,AEA,EN,Combined TRACON& Tower with Radar,1,71,35,2,109,0,3,20,0,23,1,74,55,2,132,0,0,0,132
06/27/2005,ROA,VA,AEA,EN,Combined TRACON& Tower with Radar,1,87,41,0,129,0,8,27,1,36,1,95,68,1,165,22,0,22,187
06/28/2005,ROA,VA,AEA,EN,Combined TRACON& Tower with Radar,8,105,51,8,172,0,2,26,0,28,8,107,77,8,200,42,10,52,252
06/29/2005,ROA,VA,AEA,EN,Combined TRACON& Tower with Radar,10,103,57,6,176,0,9,23,0,32,10,112,80,6,208,62,0,62,270
06/30/2005,ROA,VA,AEA,EN,Combined TRACON& Tower with Radar,9,101,51,0,161,0,3,14,6,23,9,104,65,6,184,108,0,108,292
07/01/2005,ROA,VA,AEA,EN,Combined TRACON& Tower with Radar,7,85,45,7,144,0,1,17,0,18,7,86,62,7,162,46,8,54,216
07/02/2005,ROA,VA,AEA,EN,Combined TRACON& Tower with Radar,4,84,36,4,128,0,4,41,1,46,4,88,77,5,174,128,0,128,302
07/03/2005,ROA,VA,AEA,EN,Combined TRACON& Tower with Radar,0,63,11,0,74,0,2,13,0,15,0,65,24,0,89,8,0,8,97
07/04/2005,ROA,VA,AEA,EN,Combined TRACON& Tower with Radar,0,65,22,2,89,0,2,15,0,17,0,67,37,2,106,10,0,10,116
07/05/2005,ROA,VA,AEA,EN,Combined TRACON& Tower with Radar,0,95,24,0,119,0,12,16,0,28,0,107,40,0,147,70,0,70,217
07/06/2005,ROA,VA,AEA,EN,Combined TRACON& Tower with Radar,11,109,50,2,172,0,10,31,0,41,11,119,81,2,213,132,0,132,345
07/07/2005,ROA,VA,AEA,EN,Combined TRACON& Tower with Radar,9,98,43,0,150,0,1,3,0,4,9,99,46,0,154,0,0,0,154
07/08/2005,ROA,VA,AEA,EN,Combined TRACON& Tower with Radar,14,104,44,2,164,0,6,51,1,58,14,110,95,3,222,114,0,114,336
07/09/2005,ROA,VA,AEA,EN,Combined TRACON& Tower with Radar,5,81,35,0,121,0,3,54,0,57,5,84,89,0,178,92,0,92,270
07/10/2005,ROA,VA,AEA,EN,Combined TRACON& Tower with Radar,1,65,34,0,100,0,2,62,0,64,1,67,96,0,164,242,0,242,406
07/11/2005,ROA,VA,AEA,EN,Combined TRACON& Tower with Radar,3,92,55,0,150,0,5,26,0,31,3,97,81,0,181,68,0,68,249
07/12/2005,ROA,VA,AEA,EN,Combined TRACON& Tower with Radar,8,97,21,0,126,0,1,13,0,14,8,98,34,0,140,72,0,72,212
07/13/2005,ROA,VA,AEA,EN,Combined TRACON& Tower with Radar,15,95,38,2,150,0,6,38,0,44,15,101,76,2,194,84,10,94,288
07/14/2005,ROA,VA,AEA,EN,Combined TRACON& Tower with Radar,18,106,45,2,171,0,0,4,0,4,18,106,49,2,175,0,0,0,175
07/15/2005,ROA,VA,AEA,EN,Combined TRACON& Tower with Radar,11,94,29,0,134,0,0,4,0,4,11,94,33,0,138,0,0,0,138
07/16/2005,ROA,VA,AEA,EN,Combined TRACON& Tower with Radar,3,67,23,2,95,0,0,10,0,10,3,67,33,2,105,0,0,0,105
07/17/2005,ROA,VA,AEA,EN,Combined TRACON& Tower with Radar,0,67,29,0,96,0,3,21,0,24,0,70,50,0,120,2,0,2,122
07/18/2005,ROA,VA,AEA,EN,Combined TRACON& Tower with Radar,0,99,38,0,137,0,16,19,0,35,0,115,57,0,172,48,0,48,220
07/19/2005,ROA,VA,AEA,EN,Combined TRACON& Tower with Radar,10,102,53,2,167,0,6,28,0,34,10,108,81,2,201,78,0,78,279
07/20/2005,ROA,VA,AEA,EN,Combined TRACON& Tower with Radar,11,98,62,0,171,0,7,46,3,56,11,105,108,3,227,82,0,82,309
07/21/2005,ROA,VA,AEA,EN,Combined TRACON& Tower with Radar,12,94,36,5,147,0,3,24,1,28,12,97,60,6,175,72,0,72,247
07/22/2005,ROA,VA,AEA,EN,Combined TRACON& Tower with Radar,9,106,44,3,162,0,1,24,2,27,9,107,68,5,189,112,64,176,365
07/23/2005,ROA,VA,AEA,EN,Combined TRACON& Tower with Radar,10,85,24,0,119,0,8,32,2,42,10,93,56,2,161,28,0,28,189
07/24/2005,ROA,VA,AEA,EN,Combined TRACON& Tower with Radar,2,73,19,0,94,0,9,29,0,38,2,82,48,0,132,36,0,36,168
07/25/2005,ROA,VA,AEA,EN,Combined TRACON& Tower with Radar,0,89,38,0,127,0,0,34,2,36,0,89,72,2,163,148,0,148,311
07/26/2005,ROA,VA,AEA,EN,Combined TRACON& Tower with Radar,13,104,48,5,170,0,4,38,0,42,13,108,86,5,212,80,0,80,292
07/27/2005,ROA,VA,AEA,EN,Combined TRACON& Tower with Radar,9,99,39,3,150,0,7,29,3,39,9,106,68,6,189,80,0,80,269
07/28/2005,ROA,VA,AEA,EN,Combined TRACON& Tower with Radar,7,100,43,2,152,0,5,10,5,20,7,105,53,7,172,90,0,90,262
07/29/2005,ROA,VA,AEA,EN,Combined TRACON& Tower with Radar,14,94,40,7,155,0,1,3,2,6,14,95,43,9,161,0,0,0,161
07/30/2005,ROA,VA,AEA,EN,Combined TRACON& Tower with Radar,7,68,19,2,96,0,8,6,0,14,7,76,25,2,110,8,0,8,118
07/31/2005,ROA,VA,AEA,EN,Combined TRACON& Tower with Radar,0,77,38,0,115,0,4,20,0,24,0,81,58,0,139,70,0,70,209
08/01/2005,ROA,VA,AEA,EN,Combined TRACON& Tower with Radar,0,90,63,5,158,0,1,25,2,28,0,91,88,7,186,120,0,120,306
08/02/2005,ROA,VA,AEA,EN,Combined TRACON& Tower with Radar,9,100,44,0,153,0,9,40,1,50,9,109,84,1,203,126,0,126,329
08/03/2005,ROA,VA,AEA,EN,Combined TRACON& Tower with Radar,7,101,42,9,159,0,18,40,0,58,7,119,82,9,217,78,4,82,299
08/04/2005,ROA,VA,AEA,EN,Combined TRACON& Tower with Radar,10,98,33,0,141,0,4,54,0,58,10,102,87,0,199,30,0,30,229
08/05/2005,ROA,VA,AEA,EN,Combined TRACON& Tower with Radar,12,103,36,0,151,0,1,25,0,26,12,104,61,0,177,86,0,86,263
08/06/2005,ROA,VA,AEA,EN,Combined TRACON& Tower with Radar,6,68,33,0,107,0,6,22,0,28,6,74,55,0,135,96,4,100,235
08/07/2005,ROA,VA,AEA,EN,Combined TRACON& Tower with Radar,0,71,52,0,123,0,4,26,0,30,0,75,78,0,153,38,0,38,191
08/08/2005,ROA,VA,AEA,EN,Combined TRACON& Tower with Radar,4,103,59,0,166,0,8,20,0,28,4,111,79,0,194,40,0,40,234
08/09/2005,ROA,VA,AEA,EN,Combined TRACON& Tower with Radar,9,103,50,5,167,0,3,6,0,9,9,106,56,5,176,0,0,0,176
08/10/2005,ROA,VA,AEA,EN,Combined TRACON& Tower with Radar,9,115,50,0,174,0,7,25,0,32,9,122,75,0,206,90,0,90,296
08/11/2005,ROA,VA,AEA,EN,Combined TRACON& Tower with Radar,11,104,44,3,162,0,4,29,0,33,11,108,73,3,195,106,0,106,301
08/12/2005,ROA,VA,AEA,EN,Combined TRACON& Tower with Radar,9,91,37,2,139,0,9,35,0,44,9,100,72,2,183,70,0,70,253
08/13/2005,ROA,VA,AEA,EN,Combined TRACON& Tower with Radar,13,71,30,7,121,0,8,27,6,41,13,79,57,13,162,58,6,64,226
08/14/2005,ROA,VA,AEA,EN,Combined TRACON& Tower with Radar,0,70,37,0,107,0,7,23,1,31,0,77,60,1,138,46,0,46,184
08/15/2005,ROA,VA,AEA,EN,Combined TRACON& Tower with Radar,0,89,33,4,126,0,13,20,0,33,0,102,53,4,159,78,0,78,237
08/16/2005,ROA,VA,AEA,EN,Combined TRACON& Tower with Radar,18,84,32,0,134,0,1,23,0,24,18,85,55,0,158,26,0,26,184
08/17/2005,ROA,VA,AEA,EN,Combined TRACON& Tower with Radar,11,97,29,0,137,0,1,30,0,31,11,98,59,0,168,100,0,100,268
08/18/2005,ROA,VA,AEA,EN,Combined TRACON& Tower with Radar,10,100,41,0,151,0,4,19,0,23,10,104,60,0,174,78,0,78,252
08/19/2005,ROA,VA,AEA,EN,Combined TRACON& Tower with Radar,8,96,56,2,162,0,5,15,0,20,8,101,71,2,182,152,0,152,334
08/20/2005,ROA,VA,AEA,EN,Combined TRACON& Tower with Radar,8,74,34,0,116,0,16,32,5,53,8,90,66,5,169,34,0,34,203
08/21/2005,ROA,VA,AEA,EN,Combined TRACON& Tower with Radar,0,72,48,0,120,0,2,42,0,44,0,74,90,0,164,50,0,50,214
08/22/2005,ROA,VA,AEA,EN,Combined TRACON& Tower with Radar,1,116,44,7,168,0,12,25,0,37,1,128,69,7,205,86,0,86,291
08/23/2005,ROA,VA,AEA,EN,Combined TRACON& Tower with Radar,9,102,61,1,173,0,9,60,1,70,9,111,121,2,243,104,0,104,347
08/24/2005,ROA,VA,AEA,EN,Combined TRACON& Tower with Radar,8,89,47,3,147,0,1,44,4,49,8,90,91,7,196,164,0,164,360
08/25/2005,ROA,VA,AEA,EN,Combined TRACON& Tower with Radar,15,97,40,12,164,0,12,64,2,78,15,109,104,14,242,76,0,76,318
08/26/2005,ROA,VA,AEA,EN,Combined TRACON& Tower with Radar,13,106,52,18,189,0,1,33,3,37,13,107,85,21,226,178,0,178,404
08/27/2005,ROA,VA,AEA,EN,Combined TRACON& Tower with Radar,5,71,29,1,106,0,0,2,0,2,5,71,31,1,108,0,0,0,108
08/28/2005,ROA,VA,AEA,EN,Combined TRACON& Tower with Radar,2,74,28,0,104,0,7,11,0,18,2,81,39,0,122,14,0,14,136
08/29/2005,ROA,VA,AEA,EN,Combined TRACON& Tower with Radar,0,89,56,3,148,0,3,32,1,36,0,92,88,4,184,140,0,140,324
08/30/2005,ROA,VA,AEA,EN,Combined TRACON& Tower with Radar,8,97,18,0,123,0,0,2,0,2,8,97,20,0,125,42,0,42,167
08/31/2005,ROA,VA,AEA,EN,Combined TRACON& Tower with Radar,13,94,37,2,146,1,12,23,0,36,14,106,60,2,182,136,0,136,318
09/01/2005,ROA,VA,AEA,EN,Combined TRACON& Tower with Radar,7,93,40,0,140,0,5,88,0,93,7,98,128,0,233,140,2,142,375
09/02/2005,ROA,VA,AEA,EN,Combined TRACON& Tower with Radar,11,117,36,6,170,0,4,64,6,74,11,121,100,12,244,244,0,244,488
09/03/2005,ROA,VA,AEA,EN,Combined TRACON& Tower with Radar,5,64,33,11,113,0,1,61,4,66,5,65,94,15,179,112,0,112,291
09/04/2005,ROA,VA,AEA,EN,Combined TRACON& Tower with Radar,0,70,46,0,116,0,9,25,1,35,0,79,71,1,151,68,0,68,219
09/05/2005,ROA,VA,AEA,EN,Combined TRACON& Tower with Radar,0,77,31,0,108,0,5,49,3,57,0,82,80,3,165,68,0,68,233
09/06/2005,ROA,VA,AEA,EN,Combined TRACON& Tower with Radar,3,104,63,2,172,0,0,27,4,31,3,104,90,6,203,194,0,194,397
09/07/2005,ROA,VA,AEA,EN,Combined TRACON& Tower with Radar,12,99,41,7,159,0,2,45,0,47,12,101,86,7,206,144,0,144,350
09/08/2005,ROA,VA,AEA,EN,Combined TRACON& Tower with Radar,10,88,58,10,166,0,5,61,3,69,10,93,119,13,235,112,30,142,377
09/09/2005,ROA,VA,AEA,EN,Combined TRACON& Tower with Radar,12,87,46,2,147,0,5,53,2,60,12,92,99,4,207,150,0,150,357
09/10/2005,ROA,VA,AEA,EN,Combined TRACON& Tower with Radar,7,61,47,0,115,0,5,37,0,42,7,66,84,0,157,34,0,34,191
09/11/2005,ROA,VA,AEA,EN,Combined TRACON& Tower with Radar,0,78,21,11,110,0,2,44,0,46,0,80,65,11,156,94,4,98,254
09/12/2005,ROA,VA,AEA,EN,Combined TRACON& Tower with Radar,0,87,37,2,126,0,4,36,0,40,0,91,73,2,166,120,0,120,286
09/13/2005,ROA,VA,AEA,EN,Combined TRACON& Tower with Radar,5,95,45,2,147,0,5,57,0,62,5,100,102,2,209,266,0,266,475
09/14/2005,ROA,VA,AEA,EN,Combined TRACON& Tower with Radar,11,89,54,10,164,0,10,21,4,35,11,99,75,14,199,104,14,118,317
09/15/2005,ROA,VA,AEA,EN,Combined TRACON& Tower with Radar,9,83,33,1,126,0,2,47,6,55,9,85,80,7,181,234,0,234,415
09/16/2005,ROA,VA,AEA,EN,Combined TRACON& Tower with Radar,12,84,50,3,149,0,10,24,0,34,12,94,74,3,183,86,2,88,271
09/17/2005,ROA,VA,AEA,EN,Combined TRACON& Tower with Radar,10,67,30,0,107,0,10,53,0,63,10,77,83,0,170,68,0,68,238
09/18/2005,ROA,VA,AEA,EN,Combined TRACON& Tower with Radar,2,75,34,0,111,0,3,38,0,41,2,78,72,0,152,54,0,54,206
09/19/2005,ROA,VA,AEA,EN,Combined TRACON& Tower with Radar,1,83,36,2,122,0,4,21,0,25,1,87,57,2,147,152,0,152,299
09/20/2005,ROA,VA,AEA,EN,Combined TRACON& Tower with Radar,16,86,39,1,142,0,3,31,0,34,16,89,70,1,176,84,0,84,260
09/21/2005,ROA,VA,AEA,EN,Combined TRACON& Tower with Radar,11,84,51,5,151,0,2,43,2,47,11,86,94,7,198,150,0,150,348
09/22/2005,ROA,VA,AEA,EN,Combined TRACON& Tower with Radar,9,93,40,2,144,0,5,23,0,28,9,98,63,2,172,0,66,66,238
09/23/2005,ROA,VA,AEA,EN,Combined TRACON& Tower with Radar,14,82,57,4,157,0,2,17,3,22,14,84,74,7,179,60,6,66,245
09/24/2005,ROA,VA,AEA,EN,Combined TRACON& Tower with Radar,7,72,33,2,114,0,22,20,0,42,7,94,53,2,156,52,0,52,208
09/25/2005,ROA,VA,AEA,EN,Combined TRACON& Tower with Radar,1,84,44,2,131,0,1,0,0,1,1,85,44,2,132,0,0,0,132
09/26/2005,ROA,VA,AEA,EN,Combined TRACON& Tower with Radar,0,91,70,0,161,0,2,28,0,30,0,93,98,0,191,0,0,0,191
09/27/2005,ROA,VA,AEA,EN,Combined TRACON& Tower with Radar,8,87,54,6,155,0,10,50,0,60,8,97,104,6,215,186,0,186,401
09/28/2005,ROA,VA,AEA,EN,Combined TRACON& Tower with Radar,15,106,53,8,182,0,29,43,3,75,15,135,96,11,257,164,0,164,421
09/29/2005,ROA,VA,AEA,EN,Combined TRACON& Tower with Radar,10,89,46,9,154,0,2,20,1,23,10,91,66,10,177,112,0,112,289
09/30/2005,ROA,VA,AEA,EN,Combined TRACON& Tower with Radar,14,91,43,0,148,0,7,69,3,79,14,98,112,3,227,60,0,60,287
10/01/2005,ROA,VA,AEA,EN,Combined TRACON& Tower with Radar,6,62,36,1,105,0,3,40,0,43,6,65,76,1,148,44,10,54,202
10/02/2005,ROA,VA,AEA,EN,Combined TRACON& Tower with Radar,0,70,47,0,117,0,7,65,0,72,0,77,112,0,189,60,0,60,249
10/03/2005,ROA,VA,AEA,EN,Combined TRACON& Tower with Radar,2,97,36,3,138,0,1,53,0,54,2,98,89,3,192,124,0,124,316
10/04/2005,ROA,VA,AEA,EN,Combined TRACON& Tower with Radar,11,92,46,12,161,0,5,31,0,36,11,97,77,12,197,220,30,250,447
10/05/2005,ROA,VA,AEA,EN,Combined TRACON& Tower with Radar,8,85,36,1,130,0,1,6,0,7,8,86,42,1,137,0,0,0,137
10/06/2005,ROA,VA,AEA,EN,Combined TRACON& Tower with Radar,10,85,29,0,124,0,0,0,0,0,10,85,29,0,124,0,0,0,124
10/07/2005,ROA,VA,AEA,EN,Combined TRACON& Tower with Radar,10,80,42,0,132,0,0,0,0,0,10,80,42,0,132,0,0,0,132
10/08/2005,ROA,VA,AEA,EN,Combined TRACON& Tower with Radar,9,81,34,0,124,0,5,0,0,5,9,86,34,0,129,58,0,58,187
10/09/2005,ROA,VA,AEA,EN,Combined TRACON& Tower with Radar,2,63,53,0,118,0,0,14,0,14,2,63,67,0,132,88,0,88,220
10/10/2005,ROA,VA,AEA,EN,Combined TRACON& Tower with Radar,1,89,31,0,121,0,1,1,0,2,1,90,32,0,123,0,0,0,123
10/11/2005,ROA,VA,AEA,EN,Combined TRACON& Tower with Radar,9,85,57,0,151,0,0,4,0,4,9,85,61,0,155,32,0,32,187
10/12/2005,ROA,VA,AEA,EN,Combined TRACON& Tower with Radar,10,82,55,7,154,0,1,8,2,11,10,83,63,9,165,18,0,18,183
10/13/2005,ROA,VA,AEA,EN,Combined TRACON& Tower with Radar,9,78,45,6,138,0,2,27,0,29,9,80,72,6,167,134,6,140,307
10/14/2005,ROA,VA,AEA,EN,Combined TRACON& Tower with Radar,9,78,62,0,149,0,0,30,0,30,9,78,92,0,179,96,0,96,275
10/15/2005,ROA,VA,AEA,EN,Combined TRACON& Tower with Radar,6,60,42,0,108,0,4,41,0,45,6,64,83,0,153,10,0,10,163
10/16/2005,ROA,VA,AEA,EN,Combined TRACON& Tower with Radar,0,78,36,3,117,0,7,39,1,47,0,85,75,4,164,82,0,82,246
10/17/2005,ROA,VA,AEA,EN,Combined TRACON& Tower with Radar,0,77,61,1,139,0,2,57,1,60,0,79,118,2,199,162,0,162,361
10/18/2005,ROA,VA,AEA,EN,Combined TRACON& Tower with Radar,12,106,39,3,160,0,5,46,2,53,12,111,85,5,213,132,14,146,359
10/19/2005,ROA,VA,AEA,EN,Combined TRACON& Tower with Radar,11,90,42,0,143,0,4,64,0,68,11,94,106,0,211,114,0,114,325
10/20/2005,ROA,VA,AEA,EN,Combined TRACON& Tower with Radar,9,83,62,0,154,0,6,45,0,51,9,89,107,0,205,126,0,126,331
10/21/2005,ROA,VA,AEA,EN,Combined TRACON& Tower with Radar,21,79,42,2,144,0,0,1,0,1,21,79,43,2,145,0,0,0,145
10/22/2005,ROA,VA,AEA,EN,Combined TRACON& Tower with Radar,7,75,33,2,117,0,0,14,0,14,7,75,47,2,131,0,0,0,131
10/23/2005,ROA,VA,AEA,EN,Combined TRACON& Tower with Radar,0,62,34,2,98,0,4,49,0,53,0,66,83,2,151,0,0,0,151
10/24/2005,ROA,VA,AEA,EN,Combined TRACON& Tower with Radar,3,95,35,0,133,0,3,13,0,16,3,98,48,0,149,38,0,38,187
10/25/2005,ROA,VA,AEA,EN,Combined TRACON& Tower with Radar,8,89,33,0,130,0,2,8,0,10,8,91,41,0,140,26,0,26,166
10/26/2005,ROA,VA,AEA,EN,Combined TRACON& Tower with Radar,16,86,52,0,154,0,5,34,1,40,16,91,86,1,194,68,0,68,262
10/27/2005,ROA,VA,AEA,EN,Combined TRACON& Tower with Radar,10,84,58,0,152,0,3,56,0,59,10,87,114,0,211,112,0,112,323
10/28/2005,ROA,VA,AEA,EN,Combined TRACON& Tower with Radar,7,88,59,2,156,0,0,56,2,58,7,88,115,4,214,74,0,74,288
10/29/2005,ROA,VA,AEA,EN,Combined TRACON& Tower with Radar,8,76,43,0,127,0,4,27,2,33,8,80,70,2,160,0,0,0,160
10/30/2005,ROA,VA,AEA,EN,Combined TRACON& Tower with Radar,0,72,53,0,125,0,0,69,0,69,0,72,122,0,194,98,0,98,292
10/31/2005,ROA,VA,AEA,EN,Combined TRACON& Tower with Radar,1,76,17,0,94,0,2,47,0,49,1,78,64,0,143,90,0,90,233
11/01/2005,ROA,VA,AEA,EN,Combined TRACON& Tower with Radar,8,82,31,4,125,0,7,57,0,64,8,89,88,4,189,158,4,162,351
11/02/2005,ROA,VA,AEA,EN,Combined TRACON& Tower with Radar,10,86,37,0,133,0,1,47,0,48,10,87,84,0,181,110,0,110,291
11/03/2005,ROA,VA,AEA,EN,Combined TRACON& Tower with Radar,16,90,39,8,153,0,3,42,1,46,16,93,81,9,199,118,0,118,317
11/04/2005,ROA,VA,AEA,EN,Combined TRACON& Tower with Radar,16,84,21,3,124,0,1,64,0,65,16,85,85,3,189,62,0,62,251
11/05/2005,ROA,VA,AEA,EN,Combined TRACON& Tower with Radar,8,60,25,0,93,0,13,33,0,46,8,73,58,0,139,88,0,88,227
11/06/2005,ROA,VA,AEA,EN,Combined TRACON& Tower with Radar,2,79,39,2,122,0,5,40,0,45,2,84,79,2,167,32,0,32,199
11/07/2005,ROA,VA,AEA,EN,Combined TRACON& Tower with Radar,2,65,42,0,109,0,9,50,0,59,2,74,92,0,168,192,0,192,360
11/08/2005,ROA,VA,AEA,EN,Combined TRACON& Tower with Radar,10,89,37,2,138,0,5,42,0,47,10,94,79,2,185,92,0,92,277
11/09/2005,ROA,VA,AEA,EN,Combined TRACON& Tower with Radar,10,73,39,1,123,0,7,27,2,36,10,80,66,3,159,10,0,10,169
11/10/2005,ROA,VA,AEA,EN,Combined TRACON& Tower with Radar,9,81,37,0,127,0,0,14,5,19,9,81,51,5,146,0,0,0,146
11/11/2005,ROA,VA,AEA,EN,Combined TRACON& Tower with Radar,12,87,85,0,184,0,4,42,1,47,12,91,127,1,231,136,0,136,367
11/12/2005,ROA,VA,AEA,EN,Combined TRACON& Tower with Radar,6,78,43,0,127,0,3,56,0,59,6,81,99,0,186,116,0,116,302
11/13/2005,ROA,VA,AEA,EN,Combined TRACON& Tower with Radar,0,78,50,0,128,0,2,53,0,55,0,80,103,0,183,132,0,132,315
11/14/2005,ROA,VA,AEA,EN,Combined TRACON& Tower with Radar,0,104,54,2,160,0,3,46,0,49,0,107,100,2,209,100,0,100,309
11/15/2005,ROA,VA,AEA,EN,Combined TRACON& Tower with Radar,10,74,43,2,129,0,3,8,0,11,10,77,51,2,140,52,0,52,192
11/16/2005,ROA,VA,AEA,EN,Combined TRACON& Tower with Radar,11,82,38,0,131,0,0,2,0,2,11,82,40,0,133,0,0,0,133
11/17/2005,ROA,VA,AEA,EN,Combined TRACON& Tower with Radar,11,81,48,5,145,0,7,38,0,45,11,88,86,5,190,20,0,20,210
11/18/2005,ROA,VA,AEA,EN,Combined TRACON& Tower with Radar,12,98,54,0,164,0,8,62,0,70,12,106,116,0,234,102,0,102,336
11/19/2005,ROA,VA,AEA,EN,Combined TRACON& Tower with Radar,7,78,21,1,107,0,7,43,1,51,7,85,64,2,158,138,0,138,296
11/20/2005,ROA,VA,AEA,EN,Combined TRACON& Tower with Radar,2,78,33,0,113,0,0,32,0,32,2,78,65,0,145,92,0,92,237
11/21/2005,ROA,VA,AEA,EN,Combined TRACON& Tower with Radar,0,80,20,3,103,0,1,2,0,3,0,81,22,3,106,0,0,0,106
11/22/2005,ROA,VA,AEA,EN,Combined TRACON& Tower with Radar,12,88,24,5,129,0,0,1,0,1,12,88,25,5,130,0,0,0,130
11/23/2005,ROA,VA,AEA,EN,Combined TRACON& Tower with Radar,11,88,36,0,135,0,2,29,0,31,11,90,65,0,166,42,0,42,208
11/24/2005,ROA,VA,AEA,EN,Combined TRACON& Tower with Radar,2,66,6,0,74,0,4,7,0,11,2,70,13,0,85,0,0,0,85
11/25/2005,ROA,VA,AEA,EN,Combined TRACON& Tower with Radar,8,75,30,0,113,0,10,32,0,42,8,85,62,0,155,94,0,94,249
11/26/2005,ROA,VA,AEA,EN,Combined TRACON& Tower with Radar,8,69,27,0,104,0,3,62,0,65,8,72,89,0,169,134,0,134,303
11/27/2005,ROA,VA,AEA,EN,Combined TRACON& Tower with Radar,3,83,61,0,147,0,4,20,0,24,3,87,81,0,171,0,0,0,171
11/28/2005,ROA,VA,AEA,EN,Combined TRACON& Tower with Radar,2,58,12,0,72,0,0,0,0,0,2,58,12,0,72,0,0,0,72
11/29/2005,ROA,VA,AEA,EN,Combined TRACON& Tower with Radar,9,79,30,0,118,0,0,3,0,3,9,79,33,0,121,0,0,0,121
11/30/2005,ROA,VA,AEA,EN,Combined TRACON& Tower with Radar,8,83,45,4,140,0,10,47,2,59,8,93,92,6,199,266,0,266,465
12/01/2005,ROA,VA,AEA,EN,Combined TRACON& Tower with Radar,8,88,46,0,142,0,2,32,1,35,8,90,78,1,177,176,0,176,353
12/02/2005,ROA,VA,AEA,EN,Combined TRACON& Tower with Radar,17,89,35,1,142,0,2,10,1,13,17,91,45,2,155,0,0,0,155
12/03/2005,ROA,VA,AEA,EN,Combined TRACON& Tower with Radar,6,51,24,0,81,0,1,19,0,20,6,52,43,0,101,106,0,106,207
12/04/2005,ROA,VA,AEA,EN,Combined TRACON& Tower with Radar,2,61,36,0,99,0,3,11,0,14,2,64,47,0,113,0,0,0,113
12/05/2005,ROA,VA,AEA,EN,Combined TRACON& Tower with Radar,2,66,15,0,83,0,0,1,0,1,2,66,16,0,84,0,0,0,84
12/06/2005,ROA,VA,AEA,EN,Combined TRACON& Tower with Radar,14,87,31,2,134,0,0,24,0,24,14,87,55,2,158,0,0,0,158
12/07/2005,ROA,VA,AEA,EN,Combined TRACON& Tower with Radar,8,106,48,2,164,0,15,48,0,63,8,121,96,2,227,118,0,118,345
12/08/2005,ROA,VA,AEA,EN,Combined TRACON& Tower with Radar,9,93,52,0,154,0,2,54,0,56,9,95,106,0,210,188,0,188,398
12/09/2005,ROA,VA,AEA,EN,Combined TRACON& Tower with Radar,8,74,24,0,106,0,3,10,0,13,8,77,34,0,119,0,0,0,119
12/10/2005,ROA,VA,AEA,EN,Combined TRACON& Tower with Radar,9,74,28,3,114,0,0,38,0,38,9,74,66,3,152,144,0,144,296
12/11/2005,ROA,VA,AEA,EN,Combined TRACON& Tower with Radar,1,73,19,0,93,0,4,18,0,22,1,77,37,0,115,54,0,54,169
12/12/2005,ROA,VA,AEA,EN,Combined TRACON& Tower with Radar,1,87,37,0,125,0,7,8,0,15,1,94,45,0,140,40,0,40,180
12/13/2005,ROA,VA,AEA,EN,Combined TRACON& Tower with Radar,12,81,39,3,135,0,1,46,0,47,12,82,85,3,182,166,0,166,348
12/14/2005,ROA,VA,AEA,EN,Combined TRACON& Tower with Radar,12,79,63,0,154,0,2,36,0,38,12,81,99,0,192,138,0,138,330
12/15/2005,ROA,VA,AEA,EN,Combined TRACON& Tower with Radar,9,43,12,0,64,0,0,0,0,0,9,43,12,0,64,0,0,0,64
12/16/2005,ROA,VA,AEA,EN,Combined TRACON& Tower with Radar,12,70,49,1,132,0,1,17,4,22,12,71,66,5,154,38,0,38,192
12/17/2005,ROA,VA,AEA,EN,Combined TRACON& Tower with Radar,7,65,28,3,103,0,4,25,0,29,7,69,53,3,132,16,0,16,148
12/18/2005,ROA,VA,AEA,EN,Combined TRACON& Tower with Radar,5,72,17,6,100,0,4,18,1,23,5,76,35,7,123,30,0,30,153
12/19/2005,ROA,VA,AEA,EN,Combined TRACON& Tower with Radar,0,75,29,0,104,0,6,22,0,28,0,81,51,0,132,80,0,80,212
12/20/2005,ROA,VA,AEA,EN,Combined TRACON& Tower with Radar,16,83,16,2,117,0,6,37,0,43,16,89,53,2,160,0,0,0,160
12/21/2005,ROA,VA,AEA,EN,Combined TRACON& Tower with Radar,13,84,41,2,140,0,3,54,0,57,13,87,95,2,197,64,4,68,265
12/22/2005,ROA,VA,AEA,EN,Combined TRACON& Tower with Radar,17,85,32,6,140,0,8,22,0,30,17,93,54,6,170,64,0,64,234
12/23/2005,ROA,VA,AEA,EN,Combined TRACON& Tower with Radar,16,87,30,2,135,0,0,37,0,37,16,87,67,2,172,78,0,78,250
12/24/2005,ROA,VA,AEA,EN,Combined TRACON& Tower with Radar,19,81,19,0,119,0,5,44,0,49,19,86,63,0,168,68,0,68,236
12/25/2005,ROA,VA,AEA,EN,Combined TRACON& Tower with Radar,0,64,5,0,69,0,0,0,0,0,0,64,5,0,69,0,0,0,69
12/26/2005,ROA,VA,AEA,EN,Combined TRACON& Tower with Radar,0,73,24,0,97,0,0,2,0,2,0,73,26,0,99,0,0,0,99
12/27/2005,ROA,VA,AEA,EN,Combined TRACON& Tower with Radar,3,72,26,3,104,0,4,25,0,29,3,76,51,3,133,46,0,46,179
12/28/2005,ROA,VA,AEA,EN,Combined TRACON& Tower with Radar,8,83,27,4,122,0,2,28,2,32,8,85,55,6,154,4,2,6,160
12/29/2005,ROA,VA,AEA,EN,Combined TRACON& Tower with Radar,11,79,26,0,116,0,0,7,0,7,11,79,33,0,123,0,0,0,123
12/30/2005,ROA,VA,AEA,EN,Combined TRACON& Tower with Radar,10,79,37,0,126,0,4,35,0,39,10,83,72,0,165,62,0,62,227
12/31/2005,ROA,VA,AEA,EN,Combined TRACON& Tower with Radar,8,57,13,0,78,0,2,12,0,14,8,59,25,0,92,0,0,0,92
01/01/2006,ROA,VA,AEA,EN,Combined TRACON& Tower with Radar,0,61,11,0,72,0,2,39,0,41,0,63,50,0,113,0,0,0,113
01/02/2006,ROA,VA,AEA,EN,Combined TRACON& Tower with Radar,0,46,13,0,59,0,0,0,0,0,0,46,13,0,59,34,0,34,93
01/03/2006,ROA,VA,AEA,EN,Combined TRACON& Tower with Radar,5,62,25,0,92,0,1,6,0,7,5,63,31,0,99,0,0,0,99
01/04/2006,ROA,VA,AEA,EN,Combined TRACON& Tower with Radar,10,70,51,0,131,0,2,10,0,12,10,72,61,0,143,22,0,22,165
01/05/2006,ROA,VA,AEA,EN,Combined TRACON& Tower with Radar,17,71,44,0,132,0,5,20,0,25,17,76,64,0,157,26,0,26,183
01/06/2006,ROA,VA,AEA,EN,Combined TRACON& Tower with Radar,8,83,30,0,121,0,2,12,0,14,8,85,42,0,135,80,0,80,215
01/07/2006,ROA,VA,AEA,EN,Combined TRACON& Tower with Radar,7,68,15,0,90,0,7,38,0,45,7,75,53,0,135,58,0,58,193
01/08/2006,ROA,VA,AEA,EN,Combined TRACON& Tower with Radar,0,73,12,0,85,0,1,36,0,37,0,74,48,0,122,26,0,26,148
01/09/2006,ROA,VA,AEA,EN,Combined TRACON& Tower with Radar,0,79,27,0,106,0,3,22,0,25,0,82,49,0,131,160,0,160,291
01/10/2006,ROA,VA,AEA,EN,Combined TRACON& Tower with Radar,10,73,41,0,124,0,2,25,0,27,10,75,66,0,151,146,0,146,297
01/11/2006,ROA,VA,AEA,EN,Combined TRACON& Tower with Radar,9,80,39,0,128,0,0,1,0,1,9,80,40,0,129,0,0,0,129
01/12/2006,ROA,VA,AEA,EN,Combined TRACON& Tower with Radar,7,72,48,2,129,0,8,41,0,49,7,80,89,2,178,102,0,102,280
01/13/2006,ROA,VA,AEA,EN,Combined TRACON& Tower with Radar,11,81,30,0,122,0,3,21,0,24,11,84,51,0,146,84,0,84,230
01/14/2006,ROA,VA,AEA,EN,Combined TRACON& Tower with Radar,6,61,6,0,73,0,3,4,0,7,6,64,10,0,80,0,0,0,80
01/15/2006,ROA,VA,AEA,EN,Combined TRACON& Tower with Radar,0,60,14,0,74,0,3,14,1,18,0,63,28,1,92,12,0,12,104
01/16/2006,ROA,VA,AEA,EN,Combined TRACON& Tower with Radar,1,67,44,0,112,0,3,55,2,60,1,70,99,2,172,136,0,136,308
01/17/2006,ROA,VA,AEA,EN,Combined TRACON& Tower with Radar,9,76,30,0,115,0,5,0,0,5,9,81,30,0,120,0,0,0,120
01/18/2006,ROA,VA,AEA,EN,Combined TRACON& Tower with Radar,12,71,32,0,115,0,10,3,0,13,12,81,35,0,128,0,0,0,128
01/19/2006,ROA,VA,AEA,EN,Combined TRACON& Tower with Radar,16,74,52,0,142,0,1,47,0,48,16,75,99,0,190,146,0,146,336
01/20/2006,ROA,VA,AEA,EN,Combined TRACON& Tower with Radar,11,85,33,0,129,0,6,49,0,55,11,91,82,0,184,18,0,18,202
01/21/2006,ROA,VA,AEA,EN,Combined TRACON& Tower with Radar,7,54,9,0,70,0,9,8,0,17,7,63,17,0,87,102,0,102,189
01/22/2006,ROA,VA,AEA,EN,Combined TRACON& Tower with Radar,1,61,14,0,76,0,1,21,0,22,1,62,35,0,98,0,0,0,98
01/23/2006,ROA,VA,AEA,EN,Combined TRACON& Tower with Radar,0,82,23,0,105,0,1,0,0,1,0,83,23,0,106,0,0,0,106
01/24/2006,ROA,VA,AEA,EN,Combined TRACON& Tower with Radar,10,86,42,2,140,0,3,37,5,45,10,89,79,7,185,112,0,112,297
01/25/2006,ROA,VA,AEA,EN,Combined TRACON& Tower with Radar,12,61,40,9,122,0,2,9,0,11,12,63,49,9,133,36,0,36,169
01/26/2006,ROA,VA,AEA,EN,Combined TRACON& Tower with Radar,8,86,37,1,132,0,0,22,0,22,8,86,59,1,154,70,0,70,224
01/27/2006,ROA,VA,AEA,EN,Combined TRACON& Tower with Radar,10,76,22,0,108,0,5,49,10,64,10,81,71,10,172,146,0,146,318
01/28/2006,ROA,VA,AEA,EN,Combined TRACON& Tower with Radar,9,56,23,0,88,0,2,70,0,72,9,58,93,0,160,66,0,66,226
01/29/2006,ROA,VA,AEA,EN,Combined TRACON& Tower with Radar,0,61,13,4,78,0,1,7,0,8,0,62,20,4,86,0,0,0,86
01/30/2006,ROA,VA,AEA,EN,Combined TRACON& Tower with Radar,0,88,39,0,127,0,8,37,0,45,0,96,76,0,172,68,0,68,240
01/31/2006,ROA,VA,AEA,EN,Combined TRACON& Tower with Radar,10,90,45,0,145,0,7,8,0,15,10,97,53,0,160,0,0,0,160
02/01/2006,ROA,VA,AEA,EN,Combined TRACON& Tower with Radar,11,83,31,0,125,0,9,51,0,60,11,92,82,0,185,134,0,134,319
02/02/2006,ROA,VA,AEA,EN,Combined TRACON& Tower with Radar,11,84,31,0,126,0,5,33,1,39,11,89,64,1,165,108,0,108,273
02/03/2006,ROA,VA,AEA,EN,Combined TRACON& Tower with Radar,10,73,29,4,116,0,2,25,6,33,10,75,54,10,149,156,0,156,305
02/04/2006,ROA,VA,AEA,EN,Combined TRACON& Tower with Radar,6,50,6,0,62,0,0,0,0,0,6,50,6,0,62,0,0,0,62
02/05/2006,ROA,VA,AEA,EN,Combined TRACON& Tower with Radar,0,65,19,0,84,0,7,3,0,10,0,72,22,0,94,158,0,158,252
02/06/2006,ROA,VA,AEA,EN,Combined TRACON& Tower with Radar,0,88,46,0,134,0,4,23,4,31,0,92,69,4,165,154,0,154,319
02/07/2006,ROA,VA,AEA,EN,Combined TRACON& Tower with Radar,9,77,38,0,124,0,13,36,0,49,9,90,74,0,173,130,0,130,303
02/08/2006,ROA,VA,AEA,EN,Combined TRACON& Tower with Radar,12,82,44,2,140,0,4,19,0,23,12,86,63,2,163,96,0,96,259
02/09/2006,ROA,VA,AEA,EN,Combined TRACON& Tower with Radar,10,83,27,9,129,0,4,24,0,28,10,87,51,9,157,58,36,94,251
02/10/2006,ROA,VA,AEA,EN,Combined TRACON& Tower with Radar,10,67,32,3,112,0,2,48,0,50,10,69,80,3,162,100,0,100,262
02/11/2006,ROA,VA,AEA,EN,Combined TRACON& Tower with Radar,6,17,0,0,23,0,0,0,0,0,6,17,0,0,23,0,0,0,23
02/12/2006,ROA,VA,AEA,EN,Combined TRACON& Tower with Radar,2,56,22,0,80,0,2,2,0,4,2,58,24,0,84,0,0,0,84
02/13/2006,ROA,VA,AEA,EN,Combined TRACON& Tower with Radar,0,59,49,16,124,0,4,27,0,31,0,63,76,16,155,152,0,152,307
02/14/2006,ROA,VA,AEA,EN,Combined TRACON& Tower with Radar,12,81,41,2,136,0,6,34,0,40,12,87,75,2,176,166,0,166,342
02/15/2006,ROA,VA,AEA,EN,Combined TRACON& Tower with Radar,10,80,56,0,146,0,6,73,0,79,10,86,129,0,225,240,0,240,465
02/16/2006,ROA,VA,AEA,EN,Combined TRACON& Tower with Radar,10,67,28,0,105,0,6,52,1,59,10,73,80,1,164,244,0,244,408
02/17/2006,ROA,VA,AEA,EN,Combined TRACON& Tower with Radar,9,70,17,0,96,0,0,9,0,9,9,70,26,0,105,0,0,0,105
02/18/2006,ROA,VA,AEA,EN,Combined TRACON& Tower with Radar,9,61,10,0,80,0,11,1,0,12,9,72,11,0,92,0,0,0,92
02/19/2006,ROA,VA,AEA,EN,Combined TRACON& Tower with Radar,0,72,36,0,108,0,4,27,2,33,0,76,63,2,141,138,0,138,279
02/20/2006,ROA,VA,AEA,EN,Combined TRACON& Tower with Radar,1,66,20,2,89,0,2,9,0,11,1,68,29,2,100,54,0,54,154
02/21/2006,ROA,VA,AEA,EN,Combined TRACON& Tower with Radar,9,80,30,0,119,0,3,25,0,28,9,83,55,0,147,42,0,42,189
02/22/2006,ROA,VA,AEA,EN,Combined TRACON& Tower with Radar,12,73,44,2,131,0,2,13,0,15,12,75,57,2,146,56,0,56,202
02/23/2006,ROA,VA,AEA,EN,Combined TRACON& Tower with Radar,8,72,42,4,126,0,6,22,0,28,8,78,64,4,154,34,0,34,188
02/24/2006,ROA,VA,AEA,EN,Combined TRACON& Tower with Radar,11,71,18,5,105,0,4,23,3,30,11,75,41,8,135,44,0,44,179
02/25/2006,ROA,VA,AEA,EN,Combined TRACON& Tower with Radar,9,71,20,0,100,0,8,27,0,35,9,79,47,0,135,60,0,60,195
02/26/2006,ROA,VA,AEA,EN,Combined TRACON& Tower with Radar,0,66,20,1,87,0,10,17,0,27,0,76,37,1,114,0,0,0,114
02/27/2006,ROA,VA,AEA,EN,Combined TRACON& Tower with Radar,0,69,25,2,96,0,4,17,0,21,0,73,42,2,117,52,0,52,169
02/28/2006,ROA,VA,AEA,EN,Combined TRACON& Tower with Radar,9,84,35,0,128,0,8,40,1,49,9,92,75,1,177,0,0,0,177
03/01/2006,ROA,VA,AEA,EN,Combined TRACON& Tower with Radar,15,77,52,0,144,0,1,46,0,47,15,78,98,0,191,120,0,120,311
03/02/2006,ROA,VA,AEA,EN,Combined TRACON& Tower with Radar,11,89,41,0,141,0,11,16,0,27,11,100,57,0,168,120,0,120,288
03/03/2006,ROA,VA,AEA,EN,Combined TRACON& Tower with Radar,8,93,37,11,149,0,8,18,1,27,8,101,55,12,176,0,6,6,182
03/04/2006,ROA,VA,AEA,EN,Combined TRACON& Tower with Radar,7,65,15,0,87,0,6,20,0,26,7,71,35,0,113,36,0,36,149
03/05/2006,ROA,VA,AEA,EN,Combined TRACON& Tower with Radar,0,76,27,0,103,0,8,55,0,63,0,84,82,0,166,0,0,0,166
03/06/2006,ROA,VA,AEA,EN,Combined TRACON& Tower with Radar,1,77,18,0,96,0,0,1,0,1,1,77,19,0,97,0,0,0,97
03/07/2006,ROA,VA,AEA,EN,Combined TRACON& Tower with Radar,15,80,35,0,130,0,6,37,0,43,15,86,72,0,173,84,0,84,257
03/08/2006,ROA,VA,AEA,EN,Combined TRACON& Tower with Radar,8,78,36,4,126,0,4,34,0,38,8,82,70,4,164,192,4,196,360
03/09/2006,ROA,VA,AEA,EN,Combined TRACON& Tower with Radar,10,73,45,2,130,0,1,31,0,32,10,74,76,2,162,120,0,120,282
03/10/2006,ROA,VA,AEA,EN,Combined TRACON& Tower with Radar,9,75,33,0,117,0,4,63,0,67,9,79,96,0,184,14,0,14,198
03/11/2006,ROA,VA,AEA,EN,Combined TRACON& Tower with Radar,5,66,26,0,97,0,2,85,0,87,5,68,111,0,184,38,0,38,222
03/12/2006,ROA,VA,AEA,EN,Combined TRACON& Tower with Radar,1,73,42,0,116,0,3,20,0,23,1,76,62,0,139,92,0,92,231
03/13/2006,ROA,VA,AEA,EN,Combined TRACON& Tower with Radar,0,71,25,0,96,0,2,9,1,12,0,73,34,1,108,62,0,62,170
03/14/2006,ROA,VA,AEA,EN,Combined TRACON& Tower with Radar,9,83,34,0,126,0,2,12,0,14,9,85,46,0,140,0,0,0,140
03/15/2006,ROA,VA,AEA,EN,Combined TRACON& Tower with Radar,12,81,32,2,127,0,0,8,0,8,12,81,40,2,135,0,0,0,135
03/16/2006,ROA,VA,AEA,EN,Combined TRACON& Tower with Radar,10,75,54,0,139,0,3,54,1,58,10,78,108,1,197,96,0,96,293
03/17/2006,ROA,VA,AEA,EN,Combined TRACON& Tower with Radar,11,77,36,2,126,0,4,21,3,28,11,81,57,5,154,168,0,168,322
03/18/2006,ROA,VA,AEA,EN,Combined TRACON& Tower with Radar,11,70,38,0,119,0,10,32,5,47,11,80,70,5,166,46,0,46,212
03/19/2006,ROA,VA,AEA,EN,Combined TRACON& Tower with Radar,0,72,26,0,98,0,7,44,0,51,0,79,70,0,149,86,0,86,235
03/20/2006,ROA,VA,AEA,EN,Combined TRACON& Tower with Radar,2,76,31,2,111,0,0,45,2,47,2,76,76,4,158,142,0,142,300
03/21/2006,ROA,VA,AEA,EN,Combined TRACON& Tower with Radar,9,90,38,1,138,0,0,0,0,0,9,90,38,1,138,6,0,6,144
03/22/2006,ROA,VA,AEA,EN,Combined TRACON& Tower with Radar,11,75,45,13,144,0,3,35,3,41,11,78,80,16,185,62,18,80,265
03/23/2006,ROA,VA,AEA,EN,Combined TRACON& Tower with Radar,11,80,50,0,141,0,11,51,0,62,11,91,101,0,203,120,0,120,323
03/24/2006,ROA,VA,AEA,EN,Combined TRACON& Tower with Radar,8,68,29,2,107,0,0,17,0,17,8,68,46,2,124,168,0,168,292
03/25/2006,ROA,VA,AEA,EN,Combined TRACON& Tower with Radar,8,69,15,0,92,0,3,7,0,10,8,72,22,0,102,32,0,32,134
03/26/2006,ROA,VA,AEA,EN,Combined TRACON& Tower with Radar,0,66,39,0,105,0,4,44,0,48,0,70,83,0,153,70,0,70,223
03/27/2006,ROA,VA,AEA,EN,Combined TRACON& Tower with Radar,1,73,20,2,96,0,3,38,0,41,1,76,58,2,137,200,0,200,337
03/28/2006,ROA,VA,AEA,EN,Combined TRACON& Tower with Radar,9,78,26,0,113,1,4,20,0,25,10,82,46,0,138,88,0,88,226
03/29/2006,ROA,VA,AEA,EN,Combined TRACON& Tower with Radar,12,77,47,1,137,0,4,38,0,42,12,81,85,1,179,52,0,52,231
03/30/2006,ROA,VA,AEA,EN,Combined TRACON& Tower with Radar,10,72,55,8,145,0,4,66,1,71,10,76,121,9,216,106,0,106,322
03/31/2006,ROA,VA,AEA,EN,Combined TRACON& Tower with Radar,12,79,38,2,131,0,2,36,0,38,12,81,74,2,169,78,0,78,247
04/01/2006,ROA,VA,AEA,EN,Combined TRACON& Tower with Radar,7,74,35,0,116,0,6,31,0,37,7,80,66,0,153,186,0,186,339
04/02/2006,ROA,VA,AEA,EN,Combined TRACON& Tower with Radar,1,66,39,0,106,0,6,58,2,66,1,72,97,2,172,30,0,30,202
04/03/2006,ROA,VA,AEA,EN,Combined TRACON& Tower with Radar,1,77,43,0,121,0,3,13,0,16,1,80,56,0,137,0,0,0,137
04/04/2006,ROA,VA,AEA,EN,Combined TRACON& Tower with Radar,8,85,49,6,148,0,5,14,7,26,8,90,63,13,174,0,4,4,178
04/05/2006,ROA,VA,AEA,EN,Combined TRACON& Tower with Radar,8,71,43,4,126,0,4,28,0,32,8,75,71,4,158,34,0,34,192
04/06/2006,ROA,VA,AEA,EN,Combined TRACON& Tower with Radar,10,80,64,0,154,0,7,87,0,94,10,87,151,0,248,88,0,88,336
04/07/2006,ROA,VA,AEA,EN,Combined TRACON& Tower with Radar,9,76,22,0,107,0,6,34,1,41,9,82,56,1,148,62,0,62,210
04/08/2006,ROA,VA,AEA,EN,Combined TRACON& Tower with Radar,7,74,21,0,102,0,5,0,4,9,7,79,21,4,111,36,0,36,147
04/09/2006,ROA,VA,AEA,EN,Combined TRACON& Tower with Radar,2,63,29,1,95,0,7,64,2,73,2,70,93,3,168,302,0,302,470
04/10/2006,ROA,VA,AEA,EN,Combined TRACON& Tower with Radar,0,84,41,0,125,0,7,44,0,51,0,91,85,0,176,74,0,74,250
04/11/2006,ROA,VA,AEA,EN,Combined TRACON& Tower with Radar,12,80,42,0,134,0,1,65,1,67,12,81,107,1,201,216,0,216,417
04/12/2006,ROA,VA,AEA,EN,Combined TRACON& Tower with Radar,8,81,41,0,130,0,6,53,0,59,8,87,94,0,189,146,0,146,335
04/13/2006,ROA,VA,AEA,EN,Combined TRACON& Tower with Radar,8,74,51,2,135,0,10,41,0,51,8,84,92,2,186,152,0,152,338
04/14/2006,ROA,VA,AEA,EN,Combined TRACON& Tower with Radar,10,84,56,0,150,0,11,16,0,27,10,95,72,0,177,138,0,138,315
04/15/2006,ROA,VA,AEA,EN,Combined TRACON& Tower with Radar,6,60,23,0,89,0,12,35,0,47,6,72,58,0,136,0,0,0,136
04/16/2006,ROA,VA,AEA,EN,Combined TRACON& Tower with Radar,0,64,26,0,90,0,4,23,0,27,0,68,49,0,117,84,0,84,201
04/17/2006,ROA,VA,AEA,EN,Combined TRACON& Tower with Radar,1,73,25,0,99,0,3,2,0,5,1,76,27,0,104,0,0,0,104
04/18/2006,ROA,VA,AEA,EN,Combined TRACON& Tower with Radar,13,77,45,5,140,0,5,36,0,41,13,82,81,5,181,224,10,234,415
04/19/2006,ROA,VA,AEA,EN,Combined TRACON& Tower with Radar,10,71,41,0,122,0,3,77,0,80,10,74,118,0,202,42,0,42,244
04/20/2006,ROA,VA,AEA,EN,Combined TRACON& Tower with Radar,11,84,30,0,125,0,5,42,0,47,11,89,72,0,172,88,0,88,260
04/21/2006,ROA,VA,AEA,EN,Combined TRACON& Tower with Radar,12,82,29,2,125,0,2,24,0,26,12,84,53,2,151,110,0,110,261
04/22/2006,ROA,VA,AEA,EN,Combined TRACON& Tower with Radar,8,67,41,0,116,0,4,1,0,5,8,71,42,0,121,126,0,126,247
04/23/2006,ROA,VA,AEA,EN,Combined TRACON& Tower with Radar,1,68,22,1,92,0,3,33,0,36,1,71,55,1,128,36,0,36,164
04/24/2006,ROA,VA,AEA,EN,Combined TRACON& Tower with Radar,1,84,36,0,121,0,2,39,0,41,1,86,75,0,162,44,0,44,206
04/25/2006,ROA,VA,AEA,EN,Combined TRACON& Tower with Radar,10,80,43,6,139,0,5,59,0,64,10,85,102,6,203,210,0,210,413
04/26/2006,ROA,VA,AEA,EN,Combined TRACON& Tower with Radar,6,79,61,2,148,0,0,2,0,2,6,79,63,2,150,0,0,0,150
04/27/2006,ROA,VA,AEA,EN,Combined TRACON& Tower with Radar,8,77,57,6,148,0,4,38,3,45,8,81,95,9,193,172,0,172,365
04/28/2006,ROA,VA,AEA,EN,Combined TRACON& Tower with Radar,14,78,35,0,127,0,8,62,0,70,14,86,97,0,197,114,0,114,311
04/29/2006,ROA,VA,AEA,EN,Combined TRACON& Tower with Radar,7,66,21,0,94,0,8,43,0,51,7,74,64,0,145,114,0,114,259
04/30/2006,ROA,VA,AEA,EN,Combined TRACON& Tower with Radar,0,74,33,0,107,0,2,48,0,50,0,76,81,0,157,68,0,68,225
05/01/2006,ROA,VA,AEA,EN,Combined TRACON& Tower with Radar,1,82,27,0,110,0,2,39,0,41,1,84,66,0,151,162,0,162,313
05/02/2006,ROA,VA,AEA,EN,Combined TRACON& Tower with Radar,8,86,35,0,129,0,0,48,0,48,8,86,83,0,177,130,0,130,307
05/03/2006,ROA,VA,AEA,EN,Combined TRACON& Tower with Radar,6,96,40,0,142,0,1,20,0,21,6,97,60,0,163,26,0,26,189
05/04/2006,ROA,VA,AEA,EN,Combined TRACON& Tower with Radar,9,78,34,1,122,0,1,69,0,70,9,79,103,1,192,136,0,136,328
05/05/2006,ROA,VA,AEA,EN,Combined TRACON& Tower with Radar,11,86,42,0,139,0,2,19,0,21,11,88,61,0,160,92,0,92,252
05/06/2006,ROA,VA,AEA,EN,Combined TRACON& Tower with Radar,7,67,16,0,90,0,2,30,0,32,7,69,46,0,122,118,0,118,240
05/07/2006,ROA,VA,AEA,EN,Combined TRACON& Tower with Radar,1,66,39,2,108,0,0,9,1,10,1,66,48,3,118,0,0,0,118
05/08/2006,ROA,VA,AEA,EN,Combined TRACON& Tower with Radar,0,76,35,1,112,0,0,0,0,0,0,76,35,1,112,76,0,76,188
05/09/2006,ROA,VA,AEA,EN,Combined TRACON& Tower with Radar,12,87,50,1,150,0,0,10,1,11,12,87,60,2,161,0,0,0,161
05/10/2006,ROA,VA,AEA,EN,Combined TRACON& Tower with Radar,8,74,42,10,134,0,6,30,0,36,8,80,72,10,170,22,16,38,208
05/11/2006,ROA,VA,AEA,EN,Combined TRACON& Tower with Radar,11,80,49,0,140,0,2,3,0,5,11,82,52,0,145,0,0,0,145
05/12/2006,ROA,VA,AEA,EN,Combined TRACON& Tower with Radar,12,74,51,1,138,0,3,27,0,30,12,77,78,1,168,70,0,70,238
05/13/2006,ROA,VA,AEA,EN,Combined TRACON& Tower with Radar,8,64,37,0,109,0,5,43,0,48,8,69,80,0,157,122,0,122,279
05/14/2006,ROA,VA,AEA,EN,Combined TRACON& Tower with Radar,0,75,35,0,110,0,1,10,0,11,0,76,45,0,121,28,0,28,149
05/15/2006,ROA,VA,AEA,EN,Combined TRACON& Tower with Radar,1,71,42,0,114,0,5,27,1,33,1,76,69,1,147,124,0,124,271
05/16/2006,ROA,VA,AEA,EN,Combined TRACON& Tower with Radar,12,73,43,0,128,0,4,45,0,49,12,77,88,0,177,46,0,46,223
05/17/2006,ROA,VA,AEA,EN,Combined TRACON& Tower with Radar,10,76,51,2,139,0,5,26,0,31,10,81,77,2,170,92,2,94,264
05/18/2006,ROA,VA,AEA,EN,Combined TRACON& Tower with Radar,10,80,37,0,127,0,11,26,0,37,10,91,63,0,164,8,0,8,172
05/19/2006,ROA,VA,AEA,EN,Combined TRACON& Tower with Radar,10,92,41,2,145,0,6,10,0,16,10,98,51,2,161,20,0,20,181
05/20/2006,ROA,VA,AEA,EN,Combined TRACON& Tower with Radar,7,72,24,0,103,0,6,33,0,39,7,78,57,0,142,26,0,26,168
05/21/2006,ROA,VA,AEA,EN,Combined TRACON& Tower with Radar,0,65,23,0,88,0,7,25,1,33,0,72,48,1,121,8,0,8,129
05/22/2006,ROA,VA,AEA,EN,Combined TRACON& Tower with Radar,1,84,34,8,127,0,3,55,0,58,1,87,89,8,185,78,0,78,263
05/23/2006,ROA,VA,AEA,EN,Combined TRACON& Tower with Radar,11,77,37,2,127,0,8,58,1,67,11,85,95,3,194,86,0,86,280
05/24/2006,ROA,VA,AEA,EN,Combined TRACON& Tower with Radar,8,78,56,1,143,0,5,75,0,80,8,83,131,1,223,108,0,108,331
05/25/2006,ROA,VA,AEA,EN,Combined TRACON& Tower with Radar,12,75,44,2,133,0,0,38,0,38,12,75,82,2,171,118,0,118,289
05/26/2006,ROA,VA,AEA,EN,Combined TRACON& Tower with Radar,15,80,34,0,129,0,2,15,0,17,15,82,49,0,146,0,0,0,146
05/27/2006,ROA,VA,AEA,EN,Combined TRACON& Tower with Radar,10,73,22,0,105,0,6,29,0,35,10,79,51,0,140,0,0,0,140
05/28/2006,ROA,VA,AEA,EN,Combined TRACON& Tower with Radar,0,43,26,3,72,0,8,54,0,62,0,51,80,3,134,66,0,66,200
05/29/2006,ROA,VA,AEA,EN,Combined TRACON& Tower with Radar,1,68,26,0,95,0,7,50,0,57,1,75,76,0,152,70,0,70,222
05/30/2006,ROA,VA,AEA,EN,Combined TRACON& Tower with Radar,3,81,38,2,124,0,2,48,0,50,3,83,86,2,174,142,0,142,316
05/31/2006,ROA,VA,AEA,EN,Combined TRACON& Tower with Radar,12,85,46,0,143,0,3,7,0,10,12,88,53,0,153,86,0,86,239
06/01/2006,ROA,VA,AEA,EN,Combined TRACON& Tower with Radar,12,81,38,4,135,0,3,22,0,25,12,84,60,4,160,68,0,68,228
06/02/2006,ROA,VA,AEA,EN,Combined TRACON& Tower with Radar,11,83,32,0,126,0,5,26,0,31,11,88,58,0,157,140,0,140,297
06/03/2006,ROA,VA,AEA,EN,Combined TRACON& Tower with Radar,8,67,11,0,86,0,4,11,0,15,8,71,22,0,101,166,0,166,267
06/04/2006,ROA,VA,AEA,EN,Combined TRACON& Tower with Radar,1,70,31,0,102,0,15,46,0,61,1,85,77,0,163,140,0,140,303
06/05/2006,ROA,VA,AEA,EN,Combined TRACON& Tower with Radar,2,80,34,0,116,0,4,32,0,36,2,84,66,0,152,0,0,0,152
06/06/2006,ROA,VA,AEA,EN,Combined TRACON& Tower with Radar,7,75,41,5,128,0,1,43,0,44,7,76,84,5,172,148,0,148,320
06/07/2006,ROA,VA,AEA,EN,Combined TRACON& Tower with Radar,12,73,45,7,137,0,3,37,9,49,12,76,82,16,186,46,0,46,232
06/08/2006,ROA,VA,AEA,EN,Combined TRACON& Tower with Radar,13,76,40,0,129,0,7,10,0,17,13,83,50,0,146,106,0,106,252
06/09/2006,ROA,VA,AEA,EN,Combined TRACON& Tower with Radar,11,80,75,0,166,0,4,63,0,67,11,84,138,0,233,54,0,54,287
06/10/2006,ROA,VA,AEA,EN,Combined TRACON& Tower with Radar,8,70,23,0,101,0,4,31,0,35,8,74,54,0,136,20,0,20,156
06/11/2006,ROA,VA,AEA,EN,Combined TRACON& Tower with Radar,0,60,27,0,87,0,0,25,0,25,0,60,52,0,112,0,0,0,112
06/12/2006,ROA,VA,AEA,EN,Combined TRACON& Tower with Radar,0,75,29,1,105,0,4,15,1,20,0,79,44,2,125,46,0,46,171
06/13/2006,ROA,VA,AEA,EN,Combined TRACON& Tower with Radar,9,87,36,0,132,0,11,43,1,55,9,98,79,1,187,116,0,116,303
06/14/2006,ROA,VA,AEA,EN,Combined TRACON& Tower with Radar,10,83,53,0,146,0,2,5,0,7,10,85,58,0,153,64,0,64,217
06/15/2006,ROA,VA,AEA,EN,Combined TRACON& Tower with Radar,11,87,53,0,151,0,7,65,0,72,11,94,118,0,223,140,0,140,363
06/16/2006,ROA,VA,AEA,EN,Combined TRACON& Tower with Radar,9,75,27,4,115,0,6,76,0,82,9,81,103,4,197,64,0,64,261
06/17/2006,ROA,VA,AEA,EN,Combined TRACON& Tower with Radar,12,62,32,1,107,0,4,38,0,42,12,66,70,1,149,126,0,126,275
06/18/2006,ROA,VA,AEA,EN,Combined TRACON& Tower with Radar,0,65,34,0,99,0,1,40,0,41,0,66,74,0,140,64,0,64,204
06/19/2006,ROA,VA,AEA,EN,Combined TRACON& Tower with Radar,0,75,21,0,96,0,2,25,1,28,0,77,46,1,124,0,0,0,124
06/20/2006,ROA,VA,AEA,EN,Combined TRACON& Tower with Radar,7,79,37,0,123,0,2,41,0,43,7,81,78,0,166,14,0,14,180
06/21/2006,ROA,VA,AEA,EN,Combined TRACON& Tower with Radar,12,77,50,2,141,0,6,41,0,47,12,83,91,2,188,38,0,38,226
06/22/2006,ROA,VA,AEA,EN,Combined TRACON& Tower with Radar,12,85,39,11,147,0,16,50,7,73,12,101,89,18,220,54,22,76,296
06/23/2006,ROA,VA,AEA,EN,Combined TRACON& Tower with Radar,9,78,41,6,134,0,5,23,0,28,9,83,64,6,162,132,0,132,294
06/24/2006,ROA,VA,AEA,EN,Combined TRACON& Tower with Radar,9,80,24,0,113,0,2,24,0,26,9,82,48,0,139,0,0,0,139
06/25/2006,ROA,VA,AEA,EN,Combined TRACON& Tower with Radar,0,55,12,0,67,0,3,5,0,8,0,58,17,0,75,0,0,0,75
06/26/2006,ROA,VA,AEA,EN,Combined TRACON& Tower with Radar,0,78,29,0,107,0,0,4,0,4,0,78,33,0,111,0,0,0,111
06/27/2006,ROA,VA,AEA,EN,Combined TRACON& Tower with Radar,8,83,35,0,126,0,0,5,0,5,8,83,40,0,131,20,0,20,151
06/28/2006,ROA,VA,AEA,EN,Combined TRACON& Tower with Radar,10,81,23,0,114,0,7,32,0,39,10,88,55,0,153,92,0,92,245
06/29/2006,ROA,VA,AEA,EN,Combined TRACON& Tower with Radar,10,83,47,0,140,0,6,21,0,27,10,89,68,0,167,8,0,8,175
06/30/2006,ROA,VA,AEA,EN,Combined TRACON& Tower with Radar,11,78,57,0,146,0,0,37,0,37,11,78,94,0,183,140,0,140,323
07/01/2006,ROA,VA,AEA,EN,Combined TRACON& Tower with Radar,8,71,28,0,107,0,3,27,0,30,8,74,55,0,137,54,0,54,191
07/02/2006,ROA,VA,AEA,EN,Combined TRACON& Tower with Radar,1,59,19,0,79,0,17,39,0,56,1,76,58,0,135,8,0,8,143
07/03/2006,ROA,VA,AEA,EN,Combined TRACON& Tower with Radar,1,70,13,0,84,0,11,29,0,40,1,81,42,0,124,76,0,76,200
07/04/2006,ROA,VA,AEA,EN,Combined TRACON& Tower with Radar,2,64,20,0,86,0,7,40,0,47,2,71,60,0,133,42,0,42,175
07/05/2006,ROA,VA,AEA,EN,Combined TRACON& Tower with Radar,5,71,17,1,94,0,5,14,0,19,5,76,31,1,113,62,0,62,175
07/06/2006,ROA,VA,AEA,EN,Combined TRACON& Tower with Radar,9,76,42,0,127,0,7,24,0,31,9,83,66,0,158,62,0,62,220
07/07/2006,ROA,VA,AEA,EN,Combined TRACON& Tower with Radar,12,77,35,3,127,0,2,53,0,55,12,79,88,3,182,90,0,90,272
07/08/2006,ROA,VA,AEA,EN,Combined TRACON& Tower with Radar,11,65,25,0,101,0,2,68,0,70,11,67,93,0,171,170,0,170,341
07/09/2006,ROA,VA,AEA,EN,Combined TRACON& Tower with Radar,0,64,50,0,114,0,3,51,0,54,0,67,101,0,168,60,0,60,228
07/10/2006,ROA,VA,AEA,EN,Combined TRACON& Tower with Radar,0,80,34,1,115,0,6,37,0,43,0,86,71,1,158,136,0,136,294
07/11/2006,ROA,VA,AEA,EN,Combined TRACON& Tower with Radar,12,83,40,1,136,0,6,19,1,26,12,89,59,2,162,80,0,80,242
07/12/2006,ROA,VA,AEA,EN,Combined TRACON& Tower with Radar,11,75,40,1,127,0,2,20,0,22,11,77,60,1,149,16,0,16,165
07/13/2006,ROA,VA,AEA,EN,Combined TRACON& Tower with Radar,14,88,56,5,163,0,9,9,1,19,14,97,65,6,182,70,0,70,252
07/14/2006,ROA,VA,AEA,EN,Combined TRACON& Tower with Radar,8,71,34,0,113,0,2,6,0,8,8,73,40,0,121,170,0,170,291
07/15/2006,ROA,VA,AEA,EN,Combined TRACON& Tower with Radar,9,66,16,0,91,0,6,16,0,22,9,72,32,0,113,40,0,40,153
07/16/2006,ROA,VA,AEA,EN,Combined TRACON& Tower with Radar,0,68,20,0,88,0,7,32,0,39,0,75,52,0,127,52,0,52,179
07/17/2006,ROA,VA,AEA,EN,Combined TRACON& Tower with Radar,0,69,31,0,100,0,3,55,0,58,0,72,86,0,158,52,2,54,212
07/18/2006,ROA,VA,AEA,EN,Combined TRACON& Tower with Radar,10,77,20,4,111,0,14,38,0,52,10,91,58,4,163,38,14,52,215
07/19/2006,ROA,VA,AEA,EN,Combined TRACON& Tower with Radar,8,77,38,2,125,0,6,24,2,32,8,83,62,4,157,70,0,70,227
07/20/2006,ROA,VA,AEA,EN,Combined TRACON& Tower with Radar,10,74,58,0,142,0,4,37,0,41,10,78,95,0,183,54,0,54,237
07/21/2006,ROA,VA,AEA,EN,Combined TRACON& Tower with Radar,10,68,44,0,122,0,4,23,2,29,10,72,67,2,151,36,4,40,191
07/22/2006,ROA,VA,AEA,EN,Combined TRACON& Tower with Radar,9,61,18,2,90,0,8,20,0,28,9,69,38,2,118,50,0,50,168
07/23/2006,ROA,VA,AEA,EN,Combined TRACON& Tower with Radar,0,59,33,4,96,0,2,35,0,37,0,61,68,4,133,0,0,0,133
07/24/2006,ROA,VA,AEA,EN,Combined TRACON& Tower with Radar,1,76,38,2,117,0,15,51,0,66,1,91,89,2,183,34,0,34,217
07/25/2006,ROA,VA,AEA,EN,Combined TRACON& Tower with Radar,9,77,40,2,128,0,11,10,2,23,9,88,50,4,151,42,0,42,193
07/26/2006,ROA,VA,AEA,EN,Combined TRACON& Tower with Radar,11,82,44,5,142,0,6,34,1,41,11,88,78,6,183,110,0,110,293
07/27/2006,ROA,VA,AEA,EN,Combined TRACON& Tower with Radar,7,98,32,1,138,0,7,37,1,45,7,105,69,2,183,128,0,128,311
07/28/2006,ROA,VA,AEA,EN,Combined TRACON& Tower with Radar,11,78,30,0,119,0,4,22,0,26,11,82,52,0,145,78,0,78,223
07/29/2006,ROA,VA,AEA,EN,Combined TRACON& Tower with Radar,8,68,20,0,96,0,2,26,0,28,8,70,46,0,124,126,0,126,250
07/30/2006,ROA,VA,AEA,EN,Combined TRACON& Tower with Radar,0,63,20,3,86,0,6,23,4,33,0,69,43,7,119,6,2,8,127
07/31/2006,ROA,VA,AEA,EN,Combined TRACON& Tower with Radar,0,73,31,2,106,0,6,37,1,44,0,79,68,3,150,36,0,36,186
08/01/2006,ROA,VA,AEA,EN,Combined TRACON& Tower with Radar,10,71,32,0,113,0,12,56,0,68,10,83,88,0,181,122,0,122,303
08/02/2006,ROA,VA,AEA,EN,Combined TRACON& Tower with Radar,12,81,36,0,129,0,6,33,0,39,12,87,69,0,168,110,0,110,278
08/03/2006,ROA,VA,AEA,EN,Combined TRACON& Tower with Radar,10,78,27,2,117,0,9,25,0,34,10,87,52,2,151,118,0,118,269
08/04/2006,ROA,VA,AEA,EN,Combined TRACON& Tower with Radar,9,81,26,0,116,0,0,38,2,40,9,81,64,2,156,84,0,84,240
08/05/2006,ROA,VA,AEA,EN,Combined TRACON& Tower with Radar,9,63,17,0,89,0,1,44,0,45,9,64,61,0,134,40,0,40,174
08/06/2006,ROA,VA,AEA,EN,Combined TRACON& Tower with Radar,0,61,27,6,94,0,4,31,0,35,0,65,58,6,129,20,0,20,149
08/07/2006,ROA,VA,AEA,EN,Combined TRACON& Tower with Radar,0,72,26,0,98,0,1,10,0,11,0,73,36,0,109,54,0,54,163
08/08/2006,ROA,VA,AEA,EN,Combined TRACON& Tower with Radar,10,87,27,0,124,0,9,14,0,23,10,96,41,0,147,68,0,68,215
08/09/2006,ROA,VA,AEA,EN,Combined TRACON& Tower with Radar,10,76,54,0,140,0,2,45,0,47,10,78,99,0,187,148,0,148,335
08/10/2006,ROA,VA,AEA,EN,Combined TRACON& Tower with Radar,8,85,65,1,159,0,0,15,2,17,8,85,80,3,176,12,2,14,190
08/11/2006,ROA,VA,AEA,EN,Combined TRACON& Tower with Radar,7,77,38,1,123,0,1,6,0,7,7,78,44,1,130,22,0,22,152
08/12/2006,ROA,VA,AEA,EN,Combined TRACON& Tower with Radar,8,65,22,0,95,0,6,12,3,21,8,71,34,3,116,78,0,78,194
08/13/2006,ROA,VA,AEA,EN,Combined TRACON& Tower with Radar,0,73,29,0,102,0,13,52,0,65,0,86,81,0,167,18,0,18,185
08/14/2006,ROA,VA,AEA,EN,Combined TRACON& Tower with Radar,2,80,28,9,119,0,4,27,0,31,2,84,55,9,150,48,8,56,206
08/15/2006,ROA,VA,AEA,EN,Combined TRACON& Tower with Radar,10,81,35,0,126,0,12,25,0,37,10,93,60,0,163,70,0,70,233
08/16/2006,ROA,VA,AEA,EN,Combined TRACON& Tower with Radar,11,77,31,1,120,0,9,36,0,45,11,86,67,1,165,0,0,0,165
08/17/2006,ROA,VA,AEA,EN,Combined TRACON& Tower with Radar,10,91,28,0,129,0,2,47,0,49,10,93,75,0,178,96,0,96,274
08/18/2006,ROA,VA,AEA,EN,Combined TRACON& Tower with Radar,11,76,35,0,122,0,5,49,0,54,11,81,84,0,176,80,0,80,256
08/19/2006,ROA,VA,AEA,EN,Combined TRACON& Tower with Radar,9,63,21,0,93,0,7,32,0,39,9,70,53,0,132,78,0,78,210
08/20/2006,ROA,VA,AEA,EN,Combined TRACON& Tower with Radar,1,60,21,0,82,0,0,22,0,22,1,60,43,0,104,68,0,68,172
08/21/2006,ROA,VA,AEA,EN,Combined TRACON& Tower with Radar,2,77,40,0,119,0,11,29,0,40,2,88,69,0,159,10,0,10,169
08/22/2006,ROA,VA,AEA,EN,Combined TRACON& Tower with Radar,11,79,40,8,138,0,7,29,2,38,11,86,69,10,176,76,12,88,264
08/23/2006,ROA,VA,AEA,EN,Combined TRACON& Tower with Radar,10,72,60,8,150,0,8,39,1,48,10,80,99,9,198,46,12,58,256
08/24/2006,ROA,VA,AEA,EN,Combined TRACON& Tower with Radar,10,79,42,1,132,0,1,58,0,59,10,80,100,1,191,34,0,34,225
08/25/2006,ROA,VA,AEA,EN,Combined TRACON& Tower with Radar,9,66,53,0,128,0,6,34,2,42,9,72,87,2,170,62,0,62,232
08/26/2006,ROA,VA,AEA,EN,Combined TRACON& Tower with Radar,9,63,25,0,97,0,3,40,2,45,9,66,65,2,142,50,0,50,192
08/27/2006,ROA,VA,AEA,EN,Combined TRACON& Tower with Radar,1,66,24,0,91,0,5,43,0,48,1,71,67,0,139,22,0,22,161
08/28/2006,ROA,VA,AEA,EN,Combined TRACON& Tower with Radar,0,79,32,1,112,0,12,23,1,36,0,91,55,2,148,46,0,46,194
08/29/2006,ROA,VA,AEA,EN,Combined TRACON& Tower with Radar,11,71,29,2,113,0,5,15,0,20,11,76,44,2,133,20,0,20,153
08/30/2006,ROA,VA,AEA,EN,Combined TRACON& Tower with Radar,9,91,44,0,144,0,1,8,0,9,9,92,52,0,153,122,2,124,277
08/31/2006,ROA,VA,AEA,EN,Combined TRACON& Tower with Radar,9,75,14,0,98,0,1,0,0,1,9,76,14,0,99,0,0,0,99
09/01/2006,ROA,VA,AEA,EN,Combined TRACON& Tower with Radar,12,76,20,0,108,0,0,0,0,0,12,76,20,0,108,0,0,0,108
09/02/2006,ROA,VA,AEA,EN,Combined TRACON& Tower with Radar,10,56,14,1,81,0,6,24,0,30,10,62,38,1,111,46,0,46,157
09/03/2006,ROA,VA,AEA,EN,Combined TRACON& Tower with Radar,0,52,9,3,64,0,11,22,0,33,0,63,31,3,97,12,0,12,109
09/04/2006,ROA,VA,AEA,EN,Combined TRACON& Tower with Radar,0,63,15,0,78,0,0,1,0,1,0,63,16,0,79,0,0,0,79
09/05/2006,ROA,VA,AEA,EN,Combined TRACON& Tower with Radar,0,85,28,0,113,0,4,5,0,9,0,89,33,0,122,82,2,84,206
09/06/2006,ROA,VA,AEA,EN,Combined TRACON& Tower with Radar,10,86,45,4,145,0,0,26,0,26,10,86,71,4,171,74,6,80,251
09/07/2006,ROA,VA,AEA,EN,Combined TRACON& Tower with Radar,11,82,45,0,138,0,7,42,0,49,11,89,87,0,187,42,0,42,229
09/08/2006,ROA,VA,AEA,EN,Combined TRACON& Tower with Radar,8,80,45,5,138,0,9,17,0,26,8,89,62,5,164,92,0,92,256
09/09/2006,ROA,VA,AEA,EN,Combined TRACON& Tower with Radar,9,63,35,0,107,0,5,35,2,42,9,68,70,2,149,166,0,166,315
09/10/2006,ROA,VA,AEA,EN,Combined TRACON& Tower with Radar,2,62,29,2,95,0,6,28,0,34,2,68,57,2,129,30,0,30,159
09/11/2006,ROA,VA,AEA,EN,Combined TRACON& Tower with Radar,1,74,48,4,127,0,1,2,0,3,1,75,50,4,130,16,0,16,146
09/12/2006,ROA,VA,AEA,EN,Combined TRACON& Tower with Radar,14,86,34,0,134,0,1,8,0,9,14,87,42,0,143,60,0,60,203
09/13/2006,ROA,VA,AEA,EN,Combined TRACON& Tower with Radar,12,87,46,0,145,0,0,1,0,1,12,87,47,0,146,0,0,0,146
09/14/2006,ROA,VA,AEA,EN,Combined TRACON& Tower with Radar,9,80,50,1,140,0,4,16,0,20,9,84,66,1,160,42,0,42,202
09/15/2006,ROA,VA,AEA,EN,Combined TRACON& Tower with Radar,9,91,36,0,136,0,8,59,0,67,9,99,95,0,203,8,0,8,211
09/16/2006,ROA,VA,AEA,EN,Combined TRACON& Tower with Radar,7,63,30,0,100,0,3,48,2,53,7,66,78,2,153,140,0,140,293
09/17/2006,ROA,VA,AEA,EN,Combined TRACON& Tower with Radar,0,63,33,0,96,0,11,63,0,74,0,74,96,0,170,56,0,56,226
09/18/2006,ROA,VA,AEA,EN,Combined TRACON& Tower with Radar,1,71,25,0,97,0,7,47,0,54,1,78,72,0,151,52,0,52,203
09/19/2006,ROA,VA,AEA,EN,Combined TRACON& Tower with Radar,9,78,28,3,118,0,5,24,2,31,9,83,52,5,149,74,0,74,223
09/20/2006,ROA,VA,AEA,EN,Combined TRACON& Tower with Radar,12,81,51,6,150,0,8,41,0,49,12,89,92,6,199,10,4,14,213
09/21/2006,ROA,VA,AEA,EN,Combined TRACON& Tower with Radar,10,86,30,0,126,0,4,55,0,59,10,90,85,0,185,46,0,46,231
09/22/2006,ROA,VA,AEA,EN,Combined TRACON& Tower with Radar,9,73,49,1,132,0,1,16,0,17,9,74,65,1,149,126,0,126,275
09/23/2006,ROA,VA,AEA,EN,Combined TRACON& Tower with Radar,9,63,16,0,88,0,7,8,0,15,9,70,24,0,103,38,0,38,141
09/24/2006,ROA,VA,AEA,EN,Combined TRACON& Tower with Radar,1,67,16,0,84,0,8,4,0,12,1,75,20,0,96,20,0,20,116
09/25/2006,ROA,VA,AEA,EN,Combined TRACON& Tower with Radar,0,78,34,0,112,0,8,27,0,35,0,86,61,0,147,0,0,0,147
09/26/2006,ROA,VA,AEA,EN,Combined TRACON& Tower with Radar,5,93,24,0,122,0,6,63,1,70,5,99,87,1,192,72,0,72,264
09/27/2006,ROA,VA,AEA,EN,Combined TRACON& Tower with Radar,9,75,38,11,133,0,3,73,3,79,9,78,111,14,212,96,0,96,308
09/28/2006,ROA,VA,AEA,EN,Combined TRACON& Tower with Radar,10,85,29,0,124,0,1,14,0,15,10,86,43,0,139,60,0,60,199
09/29/2006,ROA,VA,AEA,EN,Combined TRACON& Tower with Radar,10,78,38,0,126,0,3,31,1,35,10,81,69,1,161,20,0,20,181
09/30/2006,ROA,VA,AEA,EN,Combined TRACON& Tower with Radar,12,62,30,0,104,0,2,33,2,37,12,64,63,2,141,214,0,214,355
10/01/2006,ROA,VA,AEA,EN,Combined TRACON& Tower with Radar,0,68,18,0,86,0,3,35,0,38,0,71,53,0,124,24,0,24,148
10/02/2006,ROA,VA,AEA,EN,Combined TRACON& Tower with Radar,1,77,25,1,104,0,5,63,0,68,1,82,88,1,172,60,0,60,232
10/03/2006,ROA,VA,AEA,EN,Combined TRACON& Tower with Radar,11,78,35,9,133,0,0,63,10,73,11,78,98,19,206,34,12,46,252
10/04/2006,ROA,VA,AEA,EN,Combined TRACON& Tower with Radar,14,77,57,0,148,0,5,52,0,57,14,82,109,0,205,58,0,58,263
10/05/2006,ROA,VA,AEA,EN,Combined TRACON& Tower with Radar,10,79,24,0,113,0,0,24,0,24,10,79,48,0,137,50,0,50,187
10/06/2006,ROA,VA,AEA,EN,Combined TRACON& Tower with Radar,9,73,42,2,126,0,0,1,0,1,9,73,43,2,127,0,0,0,127
10/07/2006,ROA,VA,AEA,EN,Combined TRACON& Tower with Radar,7,65,19,0,91,0,0,0,0,0,7,65,19,0,91,0,0,0,91
10/08/2006,ROA,VA,AEA,EN,Combined TRACON& Tower with Radar,1,63,31,0,95,0,2,1,0,3,1,65,32,0,98,46,0,46,144
10/09/2006,ROA,VA,AEA,EN,Combined TRACON& Tower with Radar,2,72,48,0,122,0,0,39,2,41,2,72,87,2,163,50,0,50,213
10/10/2006,ROA,VA,AEA,EN,Combined TRACON& Tower with Radar,9,83,56,2,150,0,6,41,0,47,9,89,97,2,197,136,0,136,333
10/11/2006,ROA,VA,AEA,EN,Combined TRACON& Tower with Radar,12,82,46,7,147,0,2,32,0,34,12,84,78,7,181,46,2,48,229
10/12/2006,ROA,VA,AEA,EN,Combined TRACON& Tower with Radar,12,88,26,11,137,1,4,13,1,19,13,92,39,12,156,4,0,4,160
10/13/2006,ROA,VA,AEA,EN,Combined TRACON& Tower with Radar,9,84,23,6,122,0,16,37,1,54,9,100,60,7,176,26,0,26,202
10/14/2006,ROA,VA,AEA,EN,Combined TRACON& Tower with Radar,11,56,13,3,83,0,2,47,3,52,11,58,60,6,135,0,0,0,135
10/15/2006,ROA,VA,AEA,EN,Combined TRACON& Tower with Radar,1,66,29,0,96,0,8,53,0,61,1,74,82,0,157,16,0,16,173
10/16/2006,ROA,VA,AEA,EN,Combined TRACON& Tower with Radar,0,78,28,6,112,0,10,24,1,35,0,88,52,7,147,58,2,60,207
10/17/2006,ROA,VA,AEA,EN,Combined TRACON& Tower with Radar,19,78,30,0,127,1,0,0,0,1,20,78,30,0,128,0,0,0,128
10/18/2006,ROA,VA,AEA,EN,Combined TRACON& Tower with Radar,12,82,30,1,125,0,4,41,0,45,12,86,71,1,170,40,0,40,210
10/19/2006,ROA,VA,AEA,EN,Combined TRACON& Tower with Radar,12,100,48,0,160,0,6,43,0,49,12,106,91,0,209,74,0,74,283
10/20/2006,ROA,VA,AEA,EN,Combined TRACON& Tower with Radar,11,86,36,1,134,0,1,16,1,18,11,87,52,2,152,2,2,4,156
10/21/2006,ROA,VA,AEA,EN,Combined TRACON& Tower with Radar,9,62,31,0,102,1,9,63,1,74,10,71,94,1,176,0,0,0,176
10/22/2006,ROA,VA,AEA,EN,Combined TRACON& Tower with Radar,1,61,31,0,93,0,9,19,0,28,1,70,50,0,121,54,0,54,175
10/23/2006,ROA,VA,AEA,EN,Combined TRACON& Tower with Radar,1,91,42,4,138,0,0,38,1,39,1,91,80,5,177,0,0,0,177
10/24/2006,ROA,VA,AEA,EN,Combined TRACON& Tower with Radar,5,98,43,0,146,0,2,21,0,23,5,100,64,0,169,80,0,80,249
10/25/2006,ROA,VA,AEA,EN,Combined TRACON& Tower with Radar,14,97,53,0,164,0,11,52,1,64,14,108,105,1,228,130,0,130,358
10/26/2006,ROA,VA,AEA,EN,Combined TRACON& Tower with Radar,13,106,55,0,174,0,1,54,0,55,13,107,109,0,229,96,0,96,325
10/27/2006,ROA,VA,AEA,EN,Combined TRACON& Tower with Radar,12,101,29,5,147,0,1,1,0,2,12,102,30,5,149,0,0,0,149
10/28/2006,ROA,VA,AEA,EN,Combined TRACON& Tower with Radar,9,65,8,0,82,0,3,11,0,14,9,68,19,0,96,0,0,0,96
10/29/2006,ROA,VA,AEA,EN,Combined TRACON& Tower with Radar,2,76,27,0,105,0,5,19,0,24,2,81,46,0,129,0,0,0,129
10/30/2006,ROA,VA,AEA,EN,Combined TRACON& Tower with Radar,0,82,43,3,128,0,2,63,3,68,0,84,106,6,196,148,0,148,344
10/31/2006,ROA,VA,AEA,EN,Combined TRACON& Tower with Radar,10,74,42,0,126,0,11,45,0,56,10,85,87,0,182,148,0,148,330
11/01/2006,ROA,VA,AEA,EN,Combined TRACON& Tower with Radar,12,86,34,4,136,0,3,45,2,50,12,89,79,6,186,182,0,182,368
11/02/2006,ROA,VA,AEA,EN,Combined TRACON& Tower with Radar,9,76,53,17,155,0,5,25,8,38,9,81,78,25,193,0,0,0,193
11/03/2006,ROA,VA,AEA,EN,Combined TRACON& Tower with Radar,14,78,49,5,146,0,9,39,2,50,14,87,88,7,196,46,0,46,242
11/04/2006,ROA,VA,AEA,EN,Combined TRACON& Tower with Radar,7,58,23,0,88,0,5,44,2,51,7,63,67,2,139,62,0,62,201
11/05/2006,ROA,VA,AEA,EN,Combined TRACON& Tower with Radar,3,72,57,1,133,0,5,56,2,63,3,77,113,3,196,14,0,14,210
11/06/2006,ROA,VA,AEA,EN,Combined TRACON& Tower with Radar,2,81,56,2,141,0,2,47,0,49,2,83,103,2,190,108,0,108,298
11/07/2006,ROA,VA,AEA,EN,Combined TRACON& Tower with Radar,9,77,29,0,115,0,2,0,0,2,9,79,29,0,117,0,0,0,117
11/08/2006,ROA,VA,AEA,EN,Combined TRACON& Tower with Radar,13,89,21,0,123,0,0,4,0,4,13,89,25,0,127,52,0,52,179
11/09/2006,ROA,VA,AEA,EN,Combined TRACON& Tower with Radar,8,83,39,3,133,0,9,53,2,64,8,92,92,5,197,12,0,12,209
11/10/2006,ROA,VA,AEA,EN,Combined TRACON& Tower with Radar,9,69,35,0,113,0,8,46,0,54,9,77,81,0,167,80,0,80,247
11/11/2006,ROA,VA,AEA,EN,Combined TRACON& Tower with Radar,9,71,25,0,105,1,4,26,0,31,10,75,51,0,136,56,0,56,192
11/12/2006,ROA,VA,AEA,EN,Combined TRACON& Tower with Radar,0,61,20,0,81,0,0,7,0,7,0,61,27,0,88,0,0,0,88
11/13/2006,ROA,VA,AEA,EN,Combined TRACON& Tower with Radar,2,88,37,0,127,0,2,39,0,41,2,90,76,0,168,100,0,100,268
11/14/2006,ROA,VA,AEA,EN,Combined TRACON& Tower with Radar,13,82,47,3,145,0,5,30,3,38,13,87,77,6,183,134,0,134,317
11/15/2006,ROA,VA,AEA,EN,Combined TRACON& Tower with Radar,11,78,31,3,123,0,9,7,0,16,11,87,38,3,139,18,0,18,157
11/16/2006,ROA,VA,AEA,EN,Combined TRACON& Tower with Radar,10,74,30,0,114,0,6,3,0,9,10,80,33,0,123,10,0,10,133
11/17/2006,ROA,VA,AEA,EN,Combined TRACON& Tower with Radar,11,83,38,6,138,0,5,11,1,17,11,88,49,7,155,114,2,116,271
11/18/2006,ROA,VA,AEA,EN,Combined TRACON& Tower with Radar,9,64,13,0,86,0,7,31,0,38,9,71,44,0,124,90,0,90,214
11/19/2006,ROA,VA,AEA,EN,Combined TRACON& Tower with Radar,0,65,24,0,89,0,5,16,0,21,0,70,40,0,110,36,0,36,146
11/20/2006,ROA,VA,AEA,EN,Combined TRACON& Tower with Radar,2,81,32,0,115,0,13,26,0,39,2,94,58,0,154,58,0,58,212
11/21/2006,ROA,VA,AEA,EN,Combined TRACON& Tower with Radar,7,82,13,0,102,0,5,23,8,36,7,87,36,8,138,70,0,70,208
11/22/2006,ROA,VA,AEA,EN,Combined TRACON& Tower with Radar,14,83,21,0,118,0,6,11,0,17,14,89,32,0,135,0,0,0,135
11/23/2006,ROA,VA,AEA,EN,Combined TRACON& Tower with Radar,2,51,9,0,62,0,3,13,0,16,2,54,22,0,78,4,0,4,82
11/24/2006,ROA,VA,AEA,EN,Combined TRACON& Tower with Radar,10,51,13,0,74,0,13,22,0,35,10,64,35,0,109,70,0,70,179
11/25/2006,ROA,VA,AEA,EN,Combined TRACON& Tower with Radar,7,65,14,0,86,0,3,40,0,43,7,68,54,0,129,46,0,46,175
11/26/2006,ROA,VA,AEA,EN,Combined TRACON& Tower with Radar,0,67,57,0,124,0,6,75,0,81,0,73,132,0,205,18,10,28,233
11/27/2006,ROA,VA,AEA,EN,Combined TRACON& Tower with Radar,5,82,30,3,120,0,4,61,0,65,5,86,91,3,185,124,2,126,311
11/28/2006,ROA,VA,AEA,EN,Combined TRACON& Tower with Radar,13,90,41,0,144,0,3,44,0,47,13,93,85,0,191,90,0,90,281
11/29/2006,ROA,VA,AEA,EN,Combined TRACON& Tower with Radar,7,77,42,0,126,0,15,42,0,57,7,92,84,0,183,124,0,124,307
11/30/2006,ROA,VA,AEA,EN,Combined TRACON& Tower with Radar,10,74,21,0,105,0,1,22,0,23,10,75,43,0,128,26,4,30,158
12/01/2006,ROA,VA,AEA,EN,Combined TRACON& Tower with Radar,14,71,17,0,102,0,1,1,0,2,14,72,18,0,104,0,0,0,104
12/02/2006,ROA,VA,AEA,EN,Combined TRACON& Tower with Radar,9,63,29,0,101,0,0,43,0,43,9,63,72,0,144,200,0,200,344
12/03/2006,ROA,VA,AEA,EN,Combined TRACON& Tower with Radar,0,72,44,0,116,0,2,38,0,40,0,74,82,0,156,80,0,80,236
12/04/2006,ROA,VA,AEA,EN,Combined TRACON& Tower with Radar,4,80,35,2,121,0,3,42,1,46,4,83,77,3,167,98,0,98,265
12/05/2006,ROA,VA,AEA,EN,Combined TRACON& Tower with Radar,13,80,48,0,141,0,2,46,1,49,13,82,94,1,190,140,0,140,330
12/06/2006,ROA,VA,AEA,EN,Combined TRACON& Tower with Radar,12,81,37,0,130,0,9,64,0,73,12,90,101,0,203,64,0,64,267
12/07/2006,ROA,VA,AEA,EN,Combined TRACON& Tower with Radar,10,74,49,0,133,0,7,11,0,18,10,81,60,0,151,18,0,18,169
12/08/2006,ROA,VA,AEA,EN,Combined TRACON& Tower with Radar,12,73,25,0,110,0,5,20,0,25,12,78,45,0,135,32,0,32,167
12/09/2006,ROA,VA,AEA,EN,Combined TRACON& Tower with Radar,9,63,17,4,93,0,3,33,0,36,9,66,50,4,129,36,2,38,167
12/10/2006,ROA,VA,AEA,EN,Combined TRACON& Tower with Radar,0,68,17,0,85,0,2,48,0,50,0,70,65,0,135,0,0,0,135
12/11/2006,ROA,VA,AEA,EN,Combined TRACON& Tower with Radar,3,79,25,0,107,0,5,52,0,57,3,84,77,0,164,250,0,250,414
12/12/2006,ROA,VA,AEA,EN,Combined TRACON& Tower with Radar,14,75,34,0,123,0,0,58,0,58,14,75,92,0,181,294,0,294,475
12/13/2006,ROA,VA,AEA,EN,Combined TRACON& Tower with Radar,16,82,34,0,132,0,2,19,0,21,16,84,53,0,153,102,0,102,255
12/14/2006,ROA,VA,AEA,EN,Combined TRACON& Tower with Radar,14,76,49,4,143,0,2,20,2,24,14,78,69,6,167,68,0,68,235
12/15/2006,ROA,VA,AEA,EN,Combined TRACON& Tower with Radar,12,87,57,7,163,0,3,33,0,36,12,90,90,7,199,6,12,18,217
12/16/2006,ROA,VA,AEA,EN,Combined TRACON& Tower with Radar,6,71,45,0,122,0,9,47,0,56,6,80,92,0,178,84,0,84,262
12/17/2006,ROA,VA,AEA,EN,Combined TRACON& Tower with Radar,4,65,29,0,98,0,6,59,2,67,4,71,88,2,165,60,0,60,225
12/18/2006,ROA,VA,AEA,EN,Combined TRACON& Tower with Radar,3,81,39,0,123,0,7,45,0,52,3,88,84,0,175,186,0,186,361
12/19/2006,ROA,VA,AEA,EN,Combined TRACON& Tower with Radar,26,78,24,1,129,0,2,23,2,27,26,80,47,3,156,102,0,102,258
12/20/2006,ROA,VA,AEA,EN,Combined TRACON& Tower with Radar,23,73,34,1,131,0,4,31,2,37,23,77,65,3,168,142,0,142,310
12/21/2006,ROA,VA,AEA,EN,Combined TRACON& Tower with Radar,23,76,28,3,130,0,8,11,0,19,23,84,39,3,149,114,0,114,263
12/22/2006,ROA,VA,AEA,EN,Combined TRACON& Tower with Radar,22,72,19,0,113,0,1,0,0,1,22,73,19,0,114,0,0,0,114
12/23/2006,ROA,VA,AEA,EN,Combined TRACON& Tower with Radar,11,69,18,0,98,0,6,15,0,21,11,75,33,0,119,76,0,76,195
12/24/2006,ROA,VA,AEA,EN,Combined TRACON& Tower with Radar,0,53,12,0,65,0,2,18,0,20,0,55,30,0,85,8,0,8,93
12/25/2006,ROA,VA,AEA,EN,Combined TRACON& Tower with Radar,2,49,1,0,52,0,2,0,0,2,2,51,1,0,54,0,0,0,54
12/26/2006,ROA,VA,AEA,EN,Combined TRACON& Tower with Radar,1,64,18,2,85,0,3,5,0,8,1,67,23,2,93,0,0,0,93
12/27/2006,ROA,VA,AEA,EN,Combined TRACON& Tower with Radar,13,77,17,7,114,0,5,33,0,38,13,82,50,7,152,48,0,48,200
12/28/2006,ROA,VA,AEA,EN,Combined TRACON& Tower with Radar,10,79,21,2,112,0,6,39,0,45,10,85,60,2,157,148,0,148,305
12/29/2006,ROA,VA,AEA,EN,Combined TRACON& Tower with Radar,12,72,16,7,107,0,14,37,0,51,12,86,53,7,158,102,0,102,260
12/30/2006,ROA,VA,AEA,EN,Combined TRACON& Tower with Radar,12,70,11,0,93,0,3,45,0,48,12,73,56,0,141,48,0,48,189
12/31/2006,ROA,VA,AEA,EN,Combined TRACON& Tower with Radar,2,56,8,0,66,0,0,2,0,2,2,56,10,0,68,0,0,0,68
01/01/2007,ROA,VA,AEA,EN,Combined TRACON& Tower with Radar,2,65,5,0,72,0,1,12,0,13,2,66,17,0,85,14,0,14,99
01/02/2007,ROA,VA,AEA,EN,Combined TRACON& Tower with Radar,4,76,6,0,86,0,0,40,0,40,4,76,46,0,126,52,0,52,178
01/03/2007,ROA,VA,AEA,EN,Combined TRACON& Tower with Radar,13,88,30,0,131,0,3,42,0,45,13,91,72,0,176,28,0,28,204
01/04/2007,ROA,VA,AEA,EN,Combined TRACON& Tower with Radar,10,76,24,0,110,0,7,22,0,29,10,83,46,0,139,4,0,4,143
01/05/2007,ROA,VA,AEA,EN,Combined TRACON& Tower with Radar,10,84,23,0,117,0,1,1,0,2,10,85,24,0,119,0,0,0,119
01/06/2007,ROA,VA,AEA,EN,Combined TRACON& Tower with Radar,11,71,9,0,91,0,4,22,0,26,11,75,31,0,117,26,0,26,143
01/07/2007,ROA,VA,AEA,EN,Combined TRACON& Tower with Radar,8,60,30,0,98,0,5,4,0,9,8,65,34,0,107,0,0,0,107
01/08/2007,ROA,VA,AEA,EN,Combined TRACON& Tower with Radar,3,78,9,0,90,0,1,7,0,8,3,79,16,0,98,0,0,0,98
01/09/2007,ROA,VA,AEA,EN,Combined TRACON& Tower with Radar,11,72,26,0,109,0,0,12,0,12,11,72,38,0,121,10,0,10,131
01/10/2007,ROA,VA,AEA,EN,Combined TRACON& Tower with Radar,12,83,32,0,127,0,3,34,0,37,12,86,66,0,164,0,0,0,164
01/11/2007,ROA,VA,AEA,EN,Combined TRACON& Tower with Radar,8,68,24,0,100,0,2,36,0,38,8,70,60,0,138,122,0,122,260
01/12/2007,ROA,VA,AEA,EN,Combined TRACON& Tower with Radar,8,75,36,0,119,0,4,14,0,18,8,79,50,0,137,0,0,0,137
01/13/2007,ROA,VA,AEA,EN,Combined TRACON& Tower with Radar,15,63,17,0,95,0,9,38,0,47,15,72,55,0,142,28,0,28,170
01/14/2007,ROA,VA,AEA,EN,Combined TRACON& Tower with Radar,0,64,7,0,71,0,10,33,0,43,0,74,40,0,114,114,0,114,228
01/15/2007,ROA,VA,AEA,EN,Combined TRACON& Tower with Radar,3,58,25,0,86,0,9,13,0,22,3,67,38,0,108,44,0,44,152
01/16/2007,ROA,VA,AEA,EN,Combined TRACON& Tower with Radar,12,71,44,0,127,0,6,0,0,6,12,77,44,0,133,28,0,28,161
01/17/2007,ROA,VA,AEA,EN,Combined TRACON& Tower with Radar,11,81,33,0,125,0,7,27,2,36,11,88,60,2,161,164,6,170,331
01/18/2007,ROA,VA,AEA,EN,Combined TRACON& Tower with Radar,9,67,35,0,111,0,1,13,1,15,9,68,48,1,126,50,0,50,176
01/19/2007,ROA,VA,AEA,EN,Combined TRACON& Tower with Radar,10,84,30,0,124,0,3,4,0,7,10,87,34,0,131,0,0,0,131
01/20/2007,ROA,VA,AEA,EN,Combined TRACON& Tower with Radar,15,78,13,0,106,0,2,14,0,16,15,80,27,0,122,12,0,12,134
01/21/2007,ROA,VA,AEA,EN,Combined TRACON& Tower with Radar,1,47,16,0,64,0,6,0,0,6,1,53,16,0,70,0,0,0,70
01/22/2007,ROA,VA,AEA,EN,Combined TRACON& Tower with Radar,5,83,25,4,117,0,0,1,0,1,5,83,26,4,118,0,4,4,122
01/23/2007,ROA,VA,AEA,EN,Combined TRACON& Tower with Radar,11,79,34,0,124,0,11,16,0,27,11,90,50,0,151,16,0,16,167
01/24/2007,ROA,VA,AEA,EN,Combined TRACON& Tower with Radar,13,80,27,0,120,0,12,32,0,44,13,92,59,0,164,104,0,104,268
01/25/2007,ROA,VA,AEA,EN,Combined TRACON& Tower with Radar,9,74,33,6,122,0,0,4,4,8,9,74,37,10,130,0,0,0,130
01/26/2007,ROA,VA,AEA,EN,Combined TRACON& Tower with Radar,14,83,29,0,126,0,4,29,0,33,14,87,58,0,159,114,0,114,273
01/27/2007,ROA,VA,AEA,EN,Combined TRACON& Tower with Radar,8,79,16,0,103,0,6,41,0,47,8,85,57,0,150,6,0,6,156
01/28/2007,ROA,VA,AEA,EN,Combined TRACON& Tower with Radar,0,78,21,0,99,0,2,6,0,8,0,80,27,0,107,6,0,6,113
01/29/2007,ROA,VA,AEA,EN,Combined TRACON& Tower with Radar,2,80,29,0,111,0,4,22,0,26,2,84,51,0,137,0,0,0,137
01/30/2007,ROA,VA,AEA,EN,Combined TRACON& Tower with Radar,15,75,18,0,108,0,5,24,1,30,15,80,42,1,138,66,0,66,204
01/31/2007,ROA,VA,AEA,EN,Combined TRACON& Tower with Radar,11,84,44,0,139,0,10,28,0,38,11,94,72,0,177,108,0,108,285
02/01/2007,ROA,VA,AEA,EN,Combined TRACON& Tower with Radar,12,76,25,0,113,0,3,3,0,6,12,79,28,0,119,54,0,54,173
02/02/2007,ROA,VA,AEA,EN,Combined TRACON& Tower with Radar,9,74,33,0,116,0,4,1,0,5,9,78,34,0,121,0,0,0,121
02/03/2007,ROA,VA,AEA,EN,Combined TRACON& Tower with Radar,11,78,16,0,105,0,3,20,0,23,11,81,36,0,128,0,0,0,128
02/04/2007,ROA,VA,AEA,EN,Combined TRACON& Tower with Radar,0,61,12,0,73,0,5,5,0,10,0,66,17,0,83,0,0,0,83
02/05/2007,ROA,VA,AEA,EN,Combined TRACON& Tower with Radar,4,74,17,0,95,0,10,10,0,20,4,84,27,0,115,2,0,2,117
02/06/2007,ROA,VA,AEA,EN,Combined TRACON& Tower with Radar,9,69,23,0,101,0,0,11,2,13,9,69,34,2,114,0,0,0,114
02/07/2007,ROA,VA,AEA,EN,Combined TRACON& Tower with Radar,9,77,38,0,124,0,4,7,1,12,9,81,45,1,136,0,0,0,136
02/08/2007,ROA,VA,AEA,EN,Combined TRACON& Tower with Radar,10,84,29,5,128,0,4,20,3,27,10,88,49,8,155,10,0,10,165
02/09/2007,ROA,VA,AEA,EN,Combined TRACON& Tower with Radar,9,82,33,0,124,0,12,31,0,43,9,94,64,0,167,74,0,74,241
02/10/2007,ROA,VA,AEA,EN,Combined TRACON& Tower with Radar,7,69,11,0,87,0,1,20,0,21,7,70,31,0,108,16,0,16,124
02/11/2007,ROA,VA,AEA,EN,Combined TRACON& Tower with Radar,0,52,22,0,74,0,12,47,0,59,0,64,69,0,133,74,0,74,207
02/12/2007,ROA,VA,AEA,EN,Combined TRACON& Tower with Radar,2,72,33,2,109,0,13,32,0,45,2,85,65,2,154,386,2,388,542
02/13/2007,ROA,VA,AEA,EN,Combined TRACON& Tower with Radar,7,58,9,0,74,0,0,3,0,3,7,58,12,0,77,72,0,72,149
02/14/2007,ROA,VA,AEA,EN,Combined TRACON& Tower with Radar,11,66,15,0,92,0,1,4,0,5,11,67,19,0,97,74,0,74,171
02/15/2007,ROA,VA,AEA,EN,Combined TRACON& Tower with Radar,12,74,29,2,117,0,2,20,0,22,12,76,49,2,139,2,2,4,143
02/16/2007,ROA,VA,AEA,EN,Combined TRACON& Tower with Radar,8,75,27,4,114,0,10,19,0,29,8,85,46,4,143,0,0,0,143
02/17/2007,ROA,VA,AEA,EN,Combined TRACON& Tower with Radar,10,61,14,0,85,0,5,25,0,30,10,66,39,0,115,0,0,0,115
02/18/2007,ROA,VA,AEA,EN,Combined TRACON& Tower with Radar,0,58,15,0,73,0,5,0,0,5,0,63,15,0,78,0,0,0,78
02/19/2007,ROA,VA,AEA,EN,Combined TRACON& Tower with Radar,2,69,21,0,92,0,6,26,0,32,2,75,47,0,124,20,0,20,144
02/20/2007,ROA,VA,AEA,EN,Combined TRACON& Tower with Radar,14,85,42,0,141,0,1,30,0,31,14,86,72,0,172,32,0,32,204
02/21/2007,ROA,VA,AEA,EN,Combined TRACON& Tower with Radar,11,80,65,0,156,0,5,42,0,47,11,85,107,0,203,162,0,162,365
02/22/2007,ROA,VA,AEA,EN,Combined TRACON& Tower with Radar,10,76,26,2,114,0,0,5,0,5,10,76,31,2,119,2,0,2,121
02/23/2007,ROA,VA,AEA,EN,Combined TRACON& Tower with Radar,11,102,33,0,146,0,3,34,0,37,11,105,67,0,183,0,0,0,183
02/24/2007,ROA,VA,AEA,EN,Combined TRACON& Tower with Radar,11,59,17,0,87,0,5,58,3,66,11,64,75,3,153,42,0,42,195
02/25/2007,ROA,VA,AEA,EN,Combined TRACON& Tower with Radar,0,46,15,0,61,0,0,2,0,2,0,46,17,0,63,0,0,0,63
02/26/2007,ROA,VA,AEA,EN,Combined TRACON& Tower with Radar,0,79,32,0,111,0,9,16,0,25,0,88,48,0,136,92,0,92,228
02/27/2007,ROA,VA,AEA,EN,Combined TRACON& Tower with Radar,11,65,45,6,127,0,8,25,0,33,11,73,70,6,160,56,0,56,216
02/28/2007,ROA,VA,AEA,EN,Combined TRACON& Tower with Radar,12,78,32,8,130,0,11,53,1,65,12,89,85,9,195,12,0,12,207
03/01/2007,ROA,VA,AEA,EN,Combined TRACON& Tower with Radar,9,72,18,0,99,0,4,14,1,19,9,76,32,1,118,40,0,40,158
03/02/2007,ROA,VA,AEA,EN,Combined TRACON& Tower with Radar,15,74,8,0,97,0,2,16,1,19,15,76,24,1,116,16,0,16,132
03/03/2007,ROA,VA,AEA,EN,Combined TRACON& Tower with Radar,8,56,7,0,71,0,3,15,0,18,8,59,22,0,89,0,0,0,89
03/04/2007,ROA,VA,AEA,EN,Combined TRACON& Tower with Radar,0,59,33,0,92,0,5,9,0,14,0,64,42,0,106,50,0,50,156
03/05/2007,ROA,VA,AEA,EN,Combined TRACON& Tower with Radar,0,79,29,0,108,0,4,9,0,13,0,83,38,0,121,0,0,0,121
03/06/2007,ROA,VA,AEA,EN,Combined TRACON& Tower with Radar,11,79,27,0,117,0,0,33,0,33,11,79,60,0,150,136,0,136,286
03/07/2007,ROA,VA,AEA,EN,Combined TRACON& Tower with Radar,12,75,23,11,121,0,6,25,0,31,12,81,48,11,152,72,30,102,254
03/08/2007,ROA,VA,AEA,EN,Combined TRACON& Tower with Radar,4,83,61,9,157,0,5,42,0,47,4,88,103,9,204,140,22,162,366
03/09/2007,ROA,VA,AEA,EN,Combined TRACON& Tower with Radar,13,79,32,0,124,0,8,35,0,43,13,87,67,0,167,186,0,186,353
03/10/2007,ROA,VA,AEA,EN,Combined TRACON& Tower with Radar,8,63,16,0,87,0,5,24,0,29,8,68,40,0,116,126,0,126,242
03/11/2007,ROA,VA,AEA,EN,Combined TRACON& Tower with Radar,2,62,39,0,103,0,5,31,0,36,2,67,70,0,139,16,0,16,155
03/12/2007,ROA,VA,AEA,EN,Combined TRACON& Tower with Radar,1,78,39,0,118,0,3,36,3,42,1,81,75,3,160,110,0,110,270
03/13/2007,ROA,VA,AEA,EN,Combined TRACON& Tower with Radar,12,77,39,2,130,0,9,46,0,55,12,86,85,2,185,140,6,146,331
03/14/2007,ROA,VA,AEA,EN,Combined TRACON& Tower with Radar,14,80,33,0,127,0,0,28,0,28,14,80,61,0,155,168,0,168,323
03/15/2007,ROA,VA,AEA,EN,Combined TRACON& Tower with Radar,9,83,40,3,135,0,1,18,0,19,9,84,58,3,154,72,2,74,228
03/16/2007,ROA,VA,AEA,EN,Combined TRACON& Tower with Radar,12,61,17,0,90,0,0,0,0,0,12,61,17,0,90,0,0,0,90
03/17/2007,ROA,VA,AEA,EN,Combined TRACON& Tower with Radar,8,58,19,0,85,0,3,7,0,10,8,61,26,0,95,6,0,6,101
03/18/2007,ROA,VA,AEA,EN,Combined TRACON& Tower with Radar,0,62,21,0,83,0,5,7,0,12,0,67,28,0,95,16,0,16,111
03/19/2007,ROA,VA,AEA,EN,Combined TRACON& Tower with Radar,2,84,35,1,122,0,5,35,0,40,2,89,70,1,162,44,0,44,206
03/20/2007,ROA,VA,AEA,EN,Combined TRACON& Tower with Radar,13,94,21,7,135,0,2,34,0,36,13,96,55,7,171,294,12,306,477
03/21/2007,ROA,VA,AEA,EN,Combined TRACON& Tower with Radar,11,77,50,10,148,0,15,12,2,29,11,92,62,12,177,150,24,174,351
03/22/2007,ROA,VA,AEA,EN,Combined TRACON& Tower with Radar,13,85,46,0,144,0,7,40,0,47,13,92,86,0,191,226,0,226,417
03/23/2007,ROA,VA,AEA,EN,Combined TRACON& Tower with Radar,13,81,33,3,130,0,5,23,0,28,13,86,56,3,158,98,0,98,256
03/24/2007,ROA,VA,AEA,EN,Combined TRACON& Tower with Radar,10,67,20,0,97,0,5,32,7,44,10,72,52,7,141,20,30,50,191
03/25/2007,ROA,VA,AEA,EN,Combined TRACON& Tower with Radar,2,65,27,3,97,0,9,38,0,47,2,74,65,3,144,22,0,22,166
03/26/2007,ROA,VA,AEA,EN,Combined TRACON& Tower with Radar,0,89,33,2,124,0,11,35,0,46,0,100,68,2,170,170,0,170,340
03/27/2007,ROA,VA,AEA,EN,Combined TRACON& Tower with Radar,13,84,37,20,154,0,5,37,10,52,13,89,74,30,206,160,0,160,366
03/28/2007,ROA,VA,AEA,EN,Combined TRACON& Tower with Radar,11,79,57,0,147,0,5,18,0,23,11,84,75,0,170,108,0,108,278
03/29/2007,ROA,VA,AEA,EN,Combined TRACON& Tower with Radar,8,80,60,0,148,0,3,15,0,18,8,83,75,0,166,60,0,60,226
03/30/2007,ROA,VA,AEA,EN,Combined TRACON& Tower with Radar,13,93,41,2,149,0,14,103,2,119,13,107,144,4,268,112,0,112,380
03/31/2007,ROA,VA,AEA,EN,Combined TRACON& Tower with Radar,8,59,21,0,88,0,9,19,0,28,8,68,40,0,116,30,0,30,146
04/01/2007,ROA,VA,AEA,EN,Combined TRACON& Tower with Radar,0,58,17,0,75,0,3,3,0,6,0,61,20,0,81,12,0,12,93
04/02/2007,ROA,VA,AEA,EN,Combined TRACON& Tower with Radar,2,85,39,0,126,0,3,35,0,38,2,88,74,0,164,112,0,112,276
04/03/2007,ROA,VA,AEA,EN,Combined TRACON& Tower with Radar,13,83,45,0,141,0,12,53,1,66,13,95,98,1,207,96,0,96,303
04/04/2007,ROA,VA,AEA,EN,Combined TRACON& Tower with Radar,9,90,32,5,136,0,6,6,0,12,9,96,38,5,148,48,0,48,196
04/05/2007,ROA,VA,AEA,EN,Combined TRACON& Tower with Radar,8,77,55,0,140,0,5,21,1,27,8,82,76,1,167,16,0,16,183
04/06/2007,ROA,VA,AEA,EN,Combined TRACON& Tower with Radar,14,83,23,0,120,0,8,27,2,37,14,91,50,2,157,46,0,46,203
04/07/2007,ROA,VA,AEA,EN,Combined TRACON& Tower with Radar,8,65,4,0,77,0,13,4,0,17,8,78,8,0,94,0,0,0,94
04/08/2007,ROA,VA,AEA,EN,Combined TRACON& Tower with Radar,0,62,16,0,78,0,7,31,0,38,0,69,47,0,116,6,0,6,122
04/09/2007,ROA,VA,AEA,EN,Combined TRACON& Tower with Radar,3,74,27,1,105,0,0,35,0,35,3,74,62,1,140,76,0,76,216
04/10/2007,ROA,VA,AEA,EN,Combined TRACON& Tower with Radar,12,82,43,0,137,0,4,69,0,73,12,86,112,0,210,66,0,66,276
04/11/2007,ROA,VA,AEA,EN,Combined TRACON& Tower with Radar,14,84,40,0,138,0,2,4,0,6,14,86,44,0,144,0,0,0,144
04/12/2007,ROA,VA,AEA,EN,Combined TRACON& Tower with Radar,9,71,46,4,130,0,3,25,3,31,9,74,71,7,161,0,0,0,161
04/13/2007,ROA,VA,AEA,EN,Combined TRACON& Tower with Radar,14,79,41,0,134,0,4,46,0,50,14,83,87,0,184,20,0,20,204
04/14/2007,ROA,VA,AEA,EN,Combined TRACON& Tower with Radar,8,64,20,0,92,0,6,4,0,10,8,70,24,0,102,0,0,0,102
04/15/2007,ROA,VA,AEA,EN,Combined TRACON& Tower with Radar,1,60,29,0,90,0,0,7,0,7,1,60,36,0,97,0,0,0,97
04/16/2007,ROA,VA,AEA,EN,Combined TRACON& Tower with Radar,1,82,31,1,115,0,0,1,0,1,1,82,32,1,116,0,0,0,116
04/17/2007,ROA,VA,AEA,EN,Combined TRACON& Tower with Radar,14,79,35,10,138,1,1,18,8,28,15,80,53,18,166,0,0,0,166
04/18/2007,ROA,VA,AEA,EN,Combined TRACON& Tower with Radar,13,82,55,0,150,0,3,40,0,43,13,85,95,0,193,154,0,154,347
04/19/2007,ROA,VA,AEA,EN,Combined TRACON& Tower with Radar,10,73,46,0,129,0,3,29,0,32,10,76,75,0,161,164,0,164,325
04/20/2007,ROA,VA,AEA,EN,Combined TRACON& Tower with Radar,9,81,46,5,141,0,4,57,3,64,9,85,103,8,205,174,0,174,379
04/21/2007,ROA,VA,AEA,EN,Combined TRACON& Tower with Radar,8,62,27,1,98,0,8,70,1,79,8,70,97,2,177,60,0,60,237
04/22/2007,ROA,VA,AEA,EN,Combined TRACON& Tower with Radar,0,73,42,1,116,0,6,86,3,95,0,79,128,4,211,116,0,116,327
04/23/2007,ROA,VA,AEA,EN,Combined TRACON& Tower with Radar,2,91,42,4,139,0,19,46,0,65,2,110,88,4,204,74,22,96,300
04/24/2007,ROA,VA,AEA,EN,Combined TRACON& Tower with Radar,8,79,40,0,127,0,16,39,0,55,8,95,79,0,182,84,0,84,266
04/25/2007,ROA,VA,AEA,EN,Combined TRACON& Tower with Radar,9,88,38,0,135,1,5,38,0,44,10,93,76,0,179,240,0,240,419
04/26/2007,ROA,VA,AEA,EN,Combined TRACON& Tower with Radar,12,77,37,2,128,0,4,14,2,20,12,81,51,4,148,82,6,88,236
04/27/2007,ROA,VA,AEA,EN,Combined TRACON& Tower with Radar,15,81,35,2,133,0,12,8,0,20,15,93,43,2,153,40,0,40,193
04/28/2007,ROA,VA,AEA,EN,Combined TRACON& Tower with Radar,9,68,26,0,103,0,3,35,0,38,9,71,61,0,141,14,0,14,155
04/29/2007,ROA,VA,AEA,EN,Combined TRACON& Tower with Radar,1,72,44,2,119,0,14,40,2,56,1,86,84,4,175,62,0,62,237
04/30/2007,ROA,VA,AEA,EN,Combined TRACON& Tower with Radar,1,75,32,1,109,0,5,35,0,40,1,80,67,1,149,98,0,98,247
05/01/2007,ROA,VA,AEA,EN,Combined TRACON& Tower with Radar,9,79,33,0,121,0,7,51,0,58,9,86,84,0,179,214,0,214,393
05/02/2007,ROA,VA,AEA,EN,Combined TRACON& Tower with Radar,9,86,40,1,136,0,13,33,2,48,9,99,73,3,184,154,0,154,338
05/03/2007,ROA,VA,AEA,EN,Combined TRACON& Tower with Radar,14,82,40,0,136,0,0,1,0,1,14,82,41,0,137,0,0,0,137
05/04/2007,ROA,VA,AEA,EN,Combined TRACON& Tower with Radar,14,71,31,0,116,0,0,1,0,1,14,71,32,0,117,0,0,0,117
05/05/2007,ROA,VA,AEA,EN,Combined TRACON& Tower with Radar,10,60,18,0,88,0,5,2,0,7,10,65,20,0,95,72,0,72,167
05/06/2007,ROA,VA,AEA,EN,Combined TRACON& Tower with Radar,0,69,34,0,103,0,6,18,0,24,0,75,52,0,127,0,0,0,127
05/07/2007,ROA,VA,AEA,EN,Combined TRACON& Tower with Radar,1,89,34,6,130,0,15,53,0,68,1,104,87,6,198,70,0,70,268
05/08/2007,ROA,VA,AEA,EN,Combined TRACON& Tower with Radar,14,74,31,9,128,0,5,67,0,72,14,79,98,9,200,240,14,254,454
05/09/2007,ROA,VA,AEA,EN,Combined TRACON& Tower with Radar,8,95,49,0,152,0,1,13,0,14,8,96,62,0,166,200,0,200,366
05/10/2007,ROA,VA,AEA,EN,Combined TRACON& Tower with Radar,9,71,47,0,127,0,8,37,0,45,9,79,84,0,172,68,0,68,240
05/11/2007,ROA,VA,AEA,EN,Combined TRACON& Tower with Radar,14,81,43,6,144,0,9,30,0,39,14,90,73,6,183,194,10,204,387
05/12/2007,ROA,VA,AEA,EN,Combined TRACON& Tower with Radar,8,76,24,0,108,0,8,29,2,39,8,84,53,2,147,80,6,86,233
05/13/2007,ROA,VA,AEA,EN,Combined TRACON& Tower with Radar,0,74,35,4,113,0,3,37,1,41,0,77,72,5,154,92,0,92,246
05/14/2007,ROA,VA,AEA,EN,Combined TRACON& Tower with Radar,4,79,31,0,114,0,12,61,5,78,4,91,92,5,192,176,0,176,368
05/15/2007,ROA,VA,AEA,EN,Combined TRACON& Tower with Radar,13,74,34,0,121,0,7,48,3,58,13,81,82,3,179,220,0,220,399
05/16/2007,ROA,VA,AEA,EN,Combined TRACON& Tower with Radar,10,80,50,3,143,0,5,19,2,26,10,85,69,5,169,34,0,34,203
05/17/2007,ROA,VA,AEA,EN,Combined TRACON& Tower with Radar,12,101,53,2,168,0,9,43,4,56,12,110,96,6,224,108,0,108,332
05/18/2007,ROA,VA,AEA,EN,Combined TRACON& Tower with Radar,12,90,39,1,142,0,1,16,2,19,12,91,55,3,161,70,0,70,231
05/19/2007,ROA,VA,AEA,EN,Combined TRACON& Tower with Radar,7,80,27,2,116,0,15,47,0,62,7,95,74,2,178,62,4,66,244
05/20/2007,ROA,VA,AEA,EN,Combined TRACON& Tower with Radar,0,75,34,3,112,0,5,39,0,44,0,80,73,3,156,70,0,70,226
05/21/2007,ROA,VA,AEA,EN,Combined TRACON& Tower with Radar,2,82,39,2,125,0,3,48,2,53,2,85,87,4,178,278,0,278,456
05/22/2007,ROA,VA,AEA,EN,Combined TRACON& Tower with Radar,20,100,47,0,167,0,6,33,0,39,20,106,80,0,206,312,0,312,518
05/23/2007,ROA,VA,AEA,EN,Combined TRACON& Tower with Radar,12,81,51,0,144,0,8,29,1,38,12,89,80,1,182,190,0,190,372
05/24/2007,ROA,VA,AEA,EN,Combined TRACON& Tower with Radar,9,80,27,1,117,0,10,52,3,65,9,90,79,4,182,172,0,172,354
05/25/2007,ROA,VA,AEA,EN,Combined TRACON& Tower with Radar,12,79,43,0,134,0,14,39,0,53,12,93,82,0,187,256,0,256,443
05/26/2007,ROA,VA,AEA,EN,Combined TRACON& Tower with Radar,10,68,18,0,96,0,3,40,0,43,10,71,58,0,139,52,0,52,191
05/27/2007,ROA,VA,AEA,EN,Combined TRACON& Tower with Radar,0,59,18,0,77,0,1,31,0,32,0,60,49,0,109,40,0,40,149
05/28/2007,ROA,VA,AEA,EN,Combined TRACON& Tower with Radar,3,70,24,0,97,0,6,41,0,47,3,76,65,0,144,32,0,32,176
05/29/2007,ROA,VA,AEA,EN,Combined TRACON& Tower with Radar,2,89,59,1,151,0,12,34,5,51,2,101,93,6,202,106,0,106,308
05/30/2007,ROA,VA,AEA,EN,Combined TRACON& Tower with Radar,11,97,33,5,146,0,2,21,0,23,11,99,54,5,169,114,6,120,289
05/31/2007,ROA,VA,AEA,EN,Combined TRACON& Tower with Radar,10,79,32,0,121,0,8,20,3,31,10,87,52,3,152,102,0,102,254
06/01/2007,ROA,VA,AEA,EN,Combined TRACON& Tower with Radar,13,81,31,3,128,0,2,28,1,31,13,83,59,4,159,288,2,290,449
06/02/2007,ROA,VA,AEA,EN,Combined TRACON& Tower with Radar,9,76,30,0,115,0,4,29,0,33,9,80,59,0,148,196,0,196,344
06/03/2007,ROA,VA,AEA,EN,Combined TRACON& Tower with Radar,1,69,27,0,97,0,8,0,0,8,1,77,27,0,105,0,0,0,105
06/04/2007,ROA,VA,AEA,EN,Combined TRACON& Tower with Radar,3,74,34,0,111,0,18,27,0,45,3,92,61,0,156,80,0,80,236
06/05/2007,ROA,VA,AEA,EN,Combined TRACON& Tower with Radar,13,85,35,2,135,0,8,32,0,40,13,93,67,2,175,130,0,130,305
06/06/2007,ROA,VA,AEA,EN,Combined TRACON& Tower with Radar,10,78,39,0,127,0,9,50,0,59,10,87,89,0,186,96,0,96,282
06/07/2007,ROA,VA,AEA,EN,Combined TRACON& Tower with Radar,10,85,34,0,129,0,5,44,0,49,10,90,78,0,178,114,0,114,292
06/08/2007,ROA,VA,AEA,EN,Combined TRACON& Tower with Radar,11,81,56,2,150,0,11,34,1,46,11,92,90,3,196,144,0,144,340
06/09/2007,ROA,VA,AEA,EN,Combined TRACON& Tower with Radar,12,80,20,1,113,0,0,28,0,28,12,80,48,1,141,54,0,54,195
06/10/2007,ROA,VA,AEA,EN,Combined TRACON& Tower with Radar,3,66,34,2,105,0,5,52,1,58,3,71,86,3,163,44,0,44,207
06/11/2007,ROA,VA,AEA,EN,Combined TRACON& Tower with Radar,2,86,31,0,119,0,3,24,0,27,2,89,55,0,146,8,0,8,154
06/12/2007,ROA,VA,AEA,EN,Combined TRACON& Tower with Radar,19,71,41,0,131,0,8,41,0,49,19,79,82,0,180,54,0,54,234
06/13/2007,ROA,VA,AEA,EN,Combined TRACON& Tower with Radar,12,73,29,0,114,0,7,11,0,18,12,80,40,0,132,82,2,84,216
06/14/2007,ROA,VA,AEA,EN,Combined TRACON& Tower with Radar,11,85,38,1,135,0,2,0,0,2,11,87,38,1,137,0,0,0,137
06/15/2007,ROA,VA,AEA,EN,Combined TRACON& Tower with Radar,18,85,39,0,142,0,0,2,0,2,18,85,41,0,144,0,0,0,144
06/16/2007,ROA,VA,AEA,EN,Combined TRACON& Tower with Radar,10,68,22,0,100,0,5,23,0,28,10,73,45,0,128,10,0,10,138
06/17/2007,ROA,VA,AEA,EN,Combined TRACON& Tower with Radar,0,69,36,6,111,0,9,54,0,63,0,78,90,6,174,146,20,166,340
06/18/2007,ROA,VA,AEA,EN,Combined TRACON& Tower with Radar,8,70,50,1,129,0,6,37,0,43,8,76,87,1,172,172,0,172,344
06/19/2007,ROA,VA,AEA,EN,Combined TRACON& Tower with Radar,16,81,36,0,133,0,18,20,0,38,16,99,56,0,171,60,0,60,231
06/20/2007,ROA,VA,AEA,EN,Combined TRACON& Tower with Radar,10,71,32,0,113,0,4,39,1,44,10,75,71,1,157,86,0,86,243
06/21/2007,ROA,VA,AEA,EN,Combined TRACON& Tower with Radar,8,99,57,0,164,0,11,55,0,66,8,110,112,0,230,54,0,54,284
06/22/2007,ROA,VA,AEA,EN,Combined TRACON& Tower with Radar,11,83,46,0,140,0,6,36,0,42,11,89,82,0,182,76,0,76,258
06/23/2007,ROA,VA,AEA,EN,Combined TRACON& Tower with Radar,13,68,25,0,106,0,5,56,0,61,13,73,81,0,167,34,0,34,201
06/24/2007,ROA,VA,AEA,EN,Combined TRACON& Tower with Radar,0,77,39,0,116,0,16,28,0,44,0,93,67,0,160,22,0,22,182
06/25/2007,ROA,VA,AEA,EN,Combined TRACON& Tower with Radar,3,75,31,2,111,0,0,16,8,24,3,75,47,10,135,32,8,40,175
06/26/2007,ROA,VA,AEA,EN,Combined TRACON& Tower with Radar,13,77,34,8,132,0,11,19,0,30,13,88,53,8,162,44,8,52,214
06/27/2007,ROA,VA,AEA,EN,Combined TRACON& Tower with Radar,12,69,42,2,125,0,6,33,0,39,12,75,75,2,164,126,0,126,290
06/28/2007,ROA,VA,AEA,EN,Combined TRACON& Tower with Radar,12,78,39,1,130,0,3,23,0,26,12,81,62,1,156,86,0,86,242
06/29/2007,ROA,VA,AEA,EN,Combined TRACON& Tower with Radar,12,95,55,0,162,0,13,30,0,43,12,108,85,0,205,40,2,42,247
06/30/2007,ROA,VA,AEA,EN,Combined TRACON& Tower with Radar,10,91,44,0,145,0,13,59,0,72,10,104,103,0,217,66,0,66,283
07/01/2007,ROA,VA,AEA,EN,Combined TRACON& Tower with Radar,1,64,27,6,98,0,6,64,0,70,1,70,91,6,168,84,0,84,252
07/02/2007,ROA,VA,AEA,EN,Combined TRACON& Tower with Radar,2,77,30,0,109,0,13,43,0,56,2,90,73,0,165,106,0,106,271
07/03/2007,ROA,VA,AEA,EN,Combined TRACON& Tower with Radar,16,68,46,1,131,0,3,51,0,54,16,71,97,1,185,158,10,168,353
07/04/2007,ROA,VA,AEA,EN,Combined TRACON& Tower with Radar,6,51,27,0,84,0,9,25,1,35,6,60,52,1,119,42,0,42,161
07/05/2007,ROA,VA,AEA,EN,Combined TRACON& Tower with Radar,4,88,21,0,113,0,12,24,0,36,4,100,45,0,149,34,0,34,183
07/06/2007,ROA,VA,AEA,EN,Combined TRACON& Tower with Radar,14,75,38,0,127,0,9,46,0,55,14,84,84,0,182,64,0,64,246
07/07/2007,ROA,VA,AEA,EN,Combined TRACON& Tower with Radar,10,68,37,0,115,0,13,63,0,76,10,81,100,0,191,60,0,60,251
07/08/2007,ROA,VA,AEA,EN,Combined TRACON& Tower with Radar,0,63,31,0,94,0,9,40,0,49,0,72,71,0,143,72,0,72,215
07/09/2007,ROA,VA,AEA,EN,Combined TRACON& Tower with Radar,3,74,26,4,107,0,0,27,0,27,3,74,53,4,134,58,2,60,194
07/10/2007,ROA,VA,AEA,EN,Combined TRACON& Tower with Radar,11,70,32,5,118,0,9,10,0,19,11,79,42,5,137,98,0,98,235
07/11/2007,ROA,VA,AEA,EN,Combined TRACON& Tower with Radar,15,83,26,0,124,0,3,15,0,18,15,86,41,0,142,38,0,38,180
07/12/2007,ROA,VA,AEA,EN,Combined TRACON& Tower with Radar,13,79,52,6,150,0,3,52,3,58,13,82,104,9,208,112,0,112,320
07/13/2007,ROA,VA,AEA,EN,Combined TRACON& Tower with Radar,12,87,29,0,128,0,7,41,0,48,12,94,70,0,176,54,14,68,244
07/14/2007,ROA,VA,AEA,EN,Combined TRACON& Tower with Radar,11,58,18,0,87,0,6,59,0,65,11,64,77,0,152,176,0,176,328
07/15/2007,ROA,VA,AEA,EN,Combined TRACON& Tower with Radar,0,74,23,0,97,0,4,36,0,40,0,78,59,0,137,90,0,90,227
07/16/2007,ROA,VA,AEA,EN,Combined TRACON& Tower with Radar,2,84,43,1,130,0,23,17,0,40,2,107,60,1,170,12,0,12,182
07/17/2007,ROA,VA,AEA,EN,Combined TRACON& Tower with Radar,13,82,29,0,124,0,8,21,0,29,13,90,50,0,153,68,2,70,223
07/18/2007,ROA,VA,AEA,EN,Combined TRACON& Tower with Radar,11,83,37,8,139,0,8,20,1,29,11,91,57,9,168,112,0,112,280
07/19/2007,ROA,VA,AEA,EN,Combined TRACON& Tower with Radar,11,84,43,0,138,0,3,31,3,37,11,87,74,3,175,122,0,122,297
07/20/2007,ROA,VA,AEA,EN,Combined TRACON& Tower with Radar,11,80,58,2,151,0,2,45,2,49,11,82,103,4,200,118,0,118,318
07/21/2007,ROA,VA,AEA,EN,Combined TRACON& Tower with Radar,10,65,22,0,97,0,7,57,0,64,10,72,79,0,161,22,0,22,183
07/22/2007,ROA,VA,AEA,EN,Combined TRACON& Tower with Radar,0,70,28,0,98,0,7,43,0,50,0,77,71,0,148,74,0,74,222
07/23/2007,ROA,VA,AEA,EN,Combined TRACON& Tower with Radar,3,80,27,0,110,0,14,25,0,39,3,94,52,0,149,40,0,40,189
07/24/2007,ROA,VA,AEA,EN,Combined TRACON& Tower with Radar,13,80,35,0,128,0,8,9,0,17,13,88,44,0,145,30,0,30,175
07/25/2007,ROA,VA,AEA,EN,Combined TRACON& Tower with Radar,13,83,36,0,132,0,2,2,0,4,13,85,38,0,136,0,0,0,136
07/26/2007,ROA,VA,AEA,EN,Combined TRACON& Tower with Radar,10,80,43,0,133,0,3,15,0,18,10,83,58,0,151,106,10,116,267
07/27/2007,ROA,VA,AEA,EN,Combined TRACON& Tower with Radar,10,78,46,3,137,0,5,35,0,40,10,83,81,3,177,22,0,22,199
07/28/2007,ROA,VA,AEA,EN,Combined TRACON& Tower with Radar,9,69,35,0,113,0,12,32,0,44,9,81,67,0,157,58,0,58,215
07/29/2007,ROA,VA,AEA,EN,Combined TRACON& Tower with Radar,2,71,32,2,107,0,10,19,1,30,2,81,51,3,137,116,2,118,255
07/30/2007,ROA,VA,AEA,EN,Combined TRACON& Tower with Radar,2,80,42,2,126,0,1,6,2,9,2,81,48,4,135,64,0,64,199
07/31/2007,ROA,VA,AEA,EN,Combined TRACON& Tower with Radar,14,79,25,8,126,0,3,22,3,28,14,82,47,11,154,134,10,144,298
08/01/2007,ROA,VA,AEA,EN,Combined TRACON& Tower with Radar,13,80,43,2,138,0,3,43,2,48,13,83,86,4,186,52,0,52,238
08/02/2007,ROA,VA,AEA,EN,Combined TRACON& Tower with Radar,13,76,27,0,116,0,14,37,0,51,13,90,64,0,167,128,0,128,295
08/03/2007,ROA,VA,AEA,EN,Combined TRACON& Tower with Radar,14,87,44,2,147,0,4,26,4,34,14,91,70,6,181,92,0,92,273
08/04/2007,ROA,VA,AEA,EN,Combined TRACON& Tower with Radar,9,58,22,0,89,0,8,35,4,47,9,66,57,4,136,126,0,126,262
08/05/2007,ROA,VA,AEA,EN,Combined TRACON& Tower with Radar,0,63,24,2,89,0,4,10,0,14,0,67,34,2,103,6,0,6,109
08/06/2007,ROA,VA,AEA,EN,Combined TRACON& Tower with Radar,5,78,33,2,118,0,6,12,0,18,5,84,45,2,136,2,0,2,138
08/07/2007,ROA,VA,AEA,EN,Combined TRACON& Tower with Radar,12,78,37,3,130,0,3,33,2,38,12,81,70,5,168,66,0,66,234
08/08/2007,ROA,VA,AEA,EN,Combined TRACON& Tower with Radar,13,85,31,0,129,0,3,27,1,31,13,88,58,1,160,62,0,62,222
08/09/2007,ROA,VA,AEA,EN,Combined TRACON& Tower with Radar,10,79,32,3,124,0,13,33,2,48,10,92,65,5,172,62,0,62,234
08/10/2007,ROA,VA,AEA,EN,Combined TRACON& Tower with Radar,13,85,37,10,145,0,15,25,2,42,13,100,62,12,187,54,6,60,247
08/11/2007,ROA,VA,AEA,EN,Combined TRACON& Tower with Radar,6,64,24,0,94,0,7,35,0,42,6,71,59,0,136,144,0,144,280
08/12/2007,ROA,VA,AEA,EN,Combined TRACON& Tower with Radar,0,66,34,1,101,0,4,22,1,27,0,70,56,2,128,50,0,50,178
08/13/2007,ROA,VA,AEA,EN,Combined TRACON& Tower with Radar,3,78,21,2,104,0,6,23,4,33,3,84,44,6,137,54,0,54,191
08/14/2007,ROA,VA,AEA,EN,Combined TRACON& Tower with Radar,12,82,35,0,129,0,6,40,0,46,12,88,75,0,175,32,0,32,207
08/15/2007,ROA,VA,AEA,EN,Combined TRACON& Tower with Radar,10,83,40,0,133,0,14,31,0,45,10,97,71,0,178,78,0,78,256
08/16/2007,ROA,VA,AEA,EN,Combined TRACON& Tower with Radar,10,80,37,4,131,0,5,29,0,34,10,85,66,4,165,2,0,2,167
08/17/2007,ROA,VA,AEA,EN,Combined TRACON& Tower with Radar,10,77,39,2,128,0,2,34,0,36,10,79,73,2,164,6,28,34,198
08/18/2007,ROA,VA,AEA,EN,Combined TRACON& Tower with Radar,10,68,15,2,95,0,16,35,0,51,10,84,50,2,146,24,0,24,170
08/19/2007,ROA,VA,AEA,EN,Combined TRACON& Tower with Radar,2,54,25,4,85,0,13,35,0,48,2,67,60,4,133,48,0,48,181
08/20/2007,ROA,VA,AEA,EN,Combined TRACON& Tower with Radar,2,71,31,0,104,0,5,16,1,22,2,76,47,1,126,10,0,10,136
08/21/2007,ROA,VA,AEA,EN,Combined TRACON& Tower with Radar,7,81,30,0,118,0,4,21,0,25,7,85,51,0,143,50,0,50,193
08/22/2007,ROA,VA,AEA,EN,Combined TRACON& Tower with Radar,7,81,55,2,145,0,13,22,0,35,7,94,77,2,180,38,0,38,218
08/23/2007,ROA,VA,AEA,EN,Combined TRACON& Tower with Radar,17,72,54,3,146,0,3,15,2,20,17,75,69,5,166,26,0,26,192
08/24/2007,ROA,VA,AEA,EN,Combined TRACON& Tower with Radar,13,71,31,0,115,0,3,23,0,26,13,74,54,0,141,40,0,40,181
08/25/2007,ROA,VA,AEA,EN,Combined TRACON& Tower with Radar,8,65,17,0,90,0,2,42,1,45,8,67,59,1,135,126,0,126,261
08/26/2007,ROA,VA,AEA,EN,Combined TRACON& Tower with Radar,1,59,42,2,104,0,6,16,0,22,1,65,58,2,126,132,0,132,258
08/27/2007,ROA,VA,AEA,EN,Combined TRACON& Tower with Radar,4,77,41,2,124,0,3,30,0,33,4,80,71,2,157,96,0,96,253
08/28/2007,ROA,VA,AEA,EN,Combined TRACON& Tower with Radar,12,86,50,4,152,0,4,16,0,20,12,90,66,4,172,112,0,112,284
08/29/2007,ROA,VA,AEA,EN,Combined TRACON& Tower with Radar,10,85,41,0,136,0,6,27,0,33,10,91,68,0,169,64,0,64,233
08/30/2007,ROA,VA,AEA,EN,Combined TRACON& Tower with Radar,13,79,42,0,134,0,4,25,0,29,13,83,67,0,163,54,0,54,217
08/31/2007,ROA,VA,AEA,EN,Combined TRACON& Tower with Radar,16,85,40,6,147,0,4,10,3,17,16,89,50,9,164,50,0,50,214
09/01/2007,ROA,VA,AEA,EN,Combined TRACON& Tower with Radar,9,56,19,0,84,0,8,30,1,39,9,64,49,1,123,64,2,66,189
09/02/2007,ROA,VA,AEA,EN,Combined TRACON& Tower with Radar,0,56,14,3,73,0,19,37,1,57,0,75,51,4,130,28,0,28,158
09/03/2007,ROA,VA,AEA,EN,Combined TRACON& Tower with Radar,2,65,28,0,95,0,7,34,0,41,2,72,62,0,136,14,0,14,150
09/04/2007,ROA,VA,AEA,EN,Combined TRACON& Tower with Radar,1,71,28,3,103,0,7,33,0,40,1,78,61,3,143,20,0,20,163
09/05/2007,ROA,VA,AEA,EN,Combined TRACON& Tower with Radar,10,86,26,0,122,0,12,25,0,37,10,98,51,0,159,50,0,50,209
09/06/2007,ROA,VA,AEA,EN,Combined TRACON& Tower with Radar,10,82,48,2,142,0,9,47,2,58,10,91,95,4,200,62,0,62,262
09/07/2007,ROA,VA,AEA,EN,Combined TRACON& Tower with Radar,12,84,30,18,144,0,2,30,0,32,12,86,60,18,176,12,0,12,188
09/08/2007,ROA,VA,AEA,EN,Combined TRACON& Tower with Radar,9,64,34,0,107,0,5,41,0,46,9,69,75,0,153,100,0,100,253
09/09/2007,ROA,VA,AEA,EN,Combined TRACON& Tower with Radar,2,64,31,5,102,0,11,30,5,46,2,75,61,10,148,104,0,104,252
09/10/2007,ROA,VA,AEA,EN,Combined TRACON& Tower with Radar,4,76,21,6,107,0,2,17,2,21,4,78,38,8,128,38,10,48,176
09/11/2007,ROA,VA,AEA,EN,Combined TRACON& Tower with Radar,12,82,27,1,122,0,2,8,1,11,12,84,35,2,133,14,0,14,147
09/12/2007,ROA,VA,AEA,EN,Combined TRACON& Tower with Radar,10,85,38,1,134,0,3,39,0,42,10,88,77,1,176,108,0,108,284
09/13/2007,ROA,VA,AEA,EN,Combined TRACON& Tower with Radar,10,77,63,0,150,0,12,34,0,46,10,89,97,0,196,62,0,62,258
09/14/2007,ROA,VA,AEA,EN,Combined TRACON& Tower with Radar,10,79,32,8,129,0,6,6,0,12,10,85,38,8,141,0,0,0,141
09/15/2007,ROA,VA,AEA,EN,Combined TRACON& Tower with Radar,6,60,26,0,92,0,7,21,0,28,6,67,47,0,120,0,0,0,120
09/16/2007,ROA,VA,AEA,EN,Combined TRACON& Tower with Radar,0,54,35,0,89,0,7,51,0,58,0,61,86,0,147,12,0,12,159
09/17/2007,ROA,VA,AEA,EN,Combined TRACON& Tower with Radar,5,76,35,0,116,1,6,40,0,47,6,82,75,0,163,40,0,40,203
09/18/2007,ROA,VA,AEA,EN,Combined TRACON& Tower with Radar,10,74,66,2,152,0,3,51,3,57,10,77,117,5,209,90,0,90,299
09/19/2007,ROA,VA,AEA,EN,Combined TRACON& Tower with Radar,11,88,46,2,147,0,5,51,0,56,11,93,97,2,203,60,0,60,263
09/20/2007,ROA,VA,AEA,EN,Combined TRACON& Tower with Radar,10,84,42,1,137,0,14,45,0,59,10,98,87,1,196,70,0,70,266
09/21/2007,ROA,VA,AEA,EN,Combined TRACON& Tower with Radar,10,85,53,0,148,0,4,13,0,17,10,89,66,0,165,70,0,70,235
09/22/2007,ROA,VA,AEA,EN,Combined TRACON& Tower with Radar,7,72,24,1,104,0,7,21,0,28,7,79,45,1,132,16,0,16,148
09/23/2007,ROA,VA,AEA,EN,Combined TRACON& Tower with Radar,1,60,38,3,102,0,10,43,6,59,1,70,81,9,161,6,0,6,167
09/24/2007,ROA,VA,AEA,EN,Combined TRACON& Tower with Radar,2,81,35,0,118,0,8,45,0,53,2,89,80,0,171,86,0,86,257
09/25/2007,ROA,VA,AEA,EN,Combined TRACON& Tower with Radar,11,83,40,1,135,0,10,35,4,49,11,93,75,5,184,128,2,130,314
09/26/2007,ROA,VA,AEA,EN,Combined TRACON& Tower with Radar,9,78,48,15,150,0,15,27,1,43,9,93,75,16,193,34,8,42,235
09/27/2007,ROA,VA,AEA,EN,Combined TRACON& Tower with Radar,11,76,34,10,131,0,4,27,1,32,11,80,61,11,163,38,6,44,207
09/28/2007,ROA,VA,AEA,EN,Combined TRACON& Tower with Radar,11,80,40,2,133,0,4,25,0,29,11,84,65,2,162,24,0,24,186
09/29/2007,ROA,VA,AEA,EN,Combined TRACON& Tower with Radar,7,69,23,0,99,0,10,34,0,44,7,79,57,0,143,26,0,26,169
09/30/2007,ROA,VA,AEA,EN,Combined TRACON& Tower with Radar,0,60,38,4,102,0,6,47,0,53,0,66,85,4,155,82,0,82,237
10/01/2007,ROA,VA,AEA,EN,Combined TRACON& Tower with Radar,5,75,27,0,107,0,10,37,1,48,5,85,64,1,155,158,0,158,313
10/02/2007,ROA,VA,AEA,EN,Combined TRACON& Tower with Radar,12,84,45,0,141,0,5,30,2,37,12,89,75,2,178,126,10,136,314
10/03/2007,ROA,VA,AEA,EN,Combined TRACON& Tower with Radar,10,94,46,6,156,0,5,38,6,49,10,99,84,12,205,102,0,102,307
10/04/2007,ROA,VA,AEA,EN,Combined TRACON& Tower with Radar,10,85,56,0,151,0,6,24,1,31,10,91,80,1,182,164,0,164,346
10/05/2007,ROA,VA,AEA,EN,Combined TRACON& Tower with Radar,14,80,35,0,129,0,3,18,2,23,14,83,53,2,152,74,0,74,226
10/06/2007,ROA,VA,AEA,EN,Combined TRACON& Tower with Radar,9,63,22,0,94,0,14,25,0,39,9,77,47,0,133,36,0,36,169
10/07/2007,ROA,VA,AEA,EN,Combined TRACON& Tower with Radar,3,56,39,0,98,0,6,49,0,55,3,62,88,0,153,96,0,96,249
10/08/2007,ROA,VA,AEA,EN,Combined TRACON& Tower with Radar,1,75,38,3,117,0,6,45,0,51,1,81,83,3,168,82,0,82,250
10/09/2007,ROA,VA,AEA,EN,Combined TRACON& Tower with Radar,11,79,38,0,128,0,7,35,0,42,11,86,73,0,170,132,0,132,302
10/10/2007,ROA,VA,AEA,EN,Combined TRACON& Tower with Radar,12,83,53,0,148,0,18,32,0,50,12,101,85,0,198,90,0,90,288
10/11/2007,ROA,VA,AEA,EN,Combined TRACON& Tower with Radar,10,78,46,0,134,0,8,31,0,39,10,86,77,0,173,0,0,0,173
10/12/2007,ROA,VA,AEA,EN,Combined TRACON& Tower with Radar,13,82,40,0,135,0,3,28,1,32,13,85,68,1,167,46,0,46,213
10/13/2007,ROA,VA,AEA,EN,Combined TRACON& Tower with Radar,7,56,11,0,74,0,19,43,0,62,7,75,54,0,136,58,0,58,194
10/14/2007,ROA,VA,AEA,EN,Combined TRACON& Tower with Radar,1,63,26,0,90,0,13,43,0,56,1,76,69,0,146,102,0,102,248
10/15/2007,ROA,VA,AEA,EN,Combined TRACON& Tower with Radar,3,78,38,0,119,0,2,60,2,64,3,80,98,2,183,236,0,236,419
10/16/2007,ROA,VA,AEA,EN,Combined TRACON& Tower with Radar,8,79,35,0,122,0,0,51,0,51,8,79,86,0,173,214,0,214,387
10/17/2007,ROA,VA,AEA,EN,Combined TRACON& Tower with Radar,12,79,34,0,125,0,7,28,0,35,12,86,62,0,160,184,0,184,344
10/18/2007,ROA,VA,AEA,EN,Combined TRACON& Tower with Radar,9,75,56,0,140,0,7,15,0,22,9,82,71,0,162,26,0,26,188
10/19/2007,ROA,VA,AEA,EN,Combined TRACON& Tower with Radar,13,76,37,1,127,0,7,7,0,14,13,83,44,1,141,20,0,20,161
10/20/2007,ROA,VA,AEA,EN,Combined TRACON& Tower with Radar,7,66,32,0,105,0,5,19,0,24,7,71,51,0,129,20,0,20,149
10/21/2007,ROA,VA,AEA,EN,Combined TRACON& Tower with Radar,0,62,20,0,82,0,7,33,0,40,0,69,53,0,122,126,0,126,248
10/22/2007,ROA,VA,AEA,EN,Combined TRACON& Tower with Radar,2,77,31,0,110,0,13,30,0,43,2,90,61,0,153,304,0,304,457
10/23/2007,ROA,VA,AEA,EN,Combined TRACON& Tower with Radar,11,86,44,2,143,0,0,1,0,1,11,86,45,2,144,0,0,0,144
10/24/2007,ROA,VA,AEA,EN,Combined TRACON& Tower with Radar,11,78,33,0,122,0,0,3,0,3,11,78,36,0,125,62,0,62,187
10/25/2007,ROA,VA,AEA,EN,Combined TRACON& Tower with Radar,11,87,44,0,142,0,0,0,0,0,11,87,44,0,142,0,0,0,142
10/26/2007,ROA,VA,AEA,EN,Combined TRACON& Tower with Radar,14,94,44,0,152,0,0,0,0,0,14,94,44,0,152,0,0,0,152
10/27/2007,ROA,VA,AEA,EN,Combined TRACON& Tower with Radar,8,65,25,2,100,0,5,21,0,26,8,70,46,2,126,40,0,40,166
10/28/2007,ROA,VA,AEA,EN,Combined TRACON& Tower with Radar,0,76,37,1,114,0,3,37,0,40,0,79,74,1,154,78,0,78,232
10/29/2007,ROA,VA,AEA,EN,Combined TRACON& Tower with Radar,2,79,24,0,105,0,8,63,0,71,2,87,87,0,176,158,0,158,334
10/30/2007,ROA,VA,AEA,EN,Combined TRACON& Tower with Radar,13,74,45,0,132,0,6,45,1,52,13,80,90,1,184,258,0,258,442
10/31/2007,ROA,VA,AEA,EN,Combined TRACON& Tower with Radar,14,78,23,2,117,0,7,53,5,65,14,85,76,7,182,90,0,90,272
11/01/2007,ROA,VA,AEA,EN,Combined TRACON& Tower with Radar,11,74,67,1,153,0,4,27,0,31,11,78,94,1,184,52,0,52,236
11/02/2007,ROA,VA,AEA,EN,Combined TRACON& Tower with Radar,14,82,59,1,156,0,2,39,2,43,14,84,98,3,199,76,0,76,275
11/03/2007,ROA,VA,AEA,EN,Combined TRACON& Tower with Radar,10,64,24,6,104,0,2,33,0,35,10,66,57,6,139,32,0,32,171
11/04/2007,ROA,VA,AEA,EN,Combined TRACON& Tower with Radar,0,61,34,1,96,0,8,36,0,44,0,69,70,1,140,0,0,0,140
11/05/2007,ROA,VA,AEA,EN,Combined TRACON& Tower with Radar,2,69,36,0,107,0,8,49,0,57,2,77,85,0,164,204,0,204,368
11/06/2007,ROA,VA,AEA,EN,Combined TRACON& Tower with Radar,12,82,20,0,114,0,8,10,0,18,12,90,30,0,132,0,0,0,132
11/07/2007,ROA,VA,AEA,EN,Combined TRACON& Tower with Radar,11,87,46,0,144,0,4,19,0,23,11,91,65,0,167,16,0,16,183
11/08/2007,ROA,VA,AEA,EN,Combined TRACON& Tower with Radar,11,73,49,4,137,0,10,37,0,47,11,83,86,4,184,64,8,72,256
11/09/2007,ROA,VA,AEA,EN,Combined TRACON& Tower with Radar,14,75,42,1,132,0,1,37,1,39,14,76,79,2,171,106,0,106,277
11/10/2007,ROA,VA,AEA,EN,Combined TRACON& Tower with Radar,11,66,15,0,92,0,11,32,5,48,11,77,47,5,140,18,0,18,158
11/11/2007,ROA,VA,AEA,EN,Combined TRACON& Tower with Radar,1,65,39,2,107,0,6,37,0,43,1,71,76,2,150,112,0,112,262
11/12/2007,ROA,VA,AEA,EN,Combined TRACON& Tower with Radar,3,71,39,0,113,0,6,18,2,26,3,77,57,2,139,78,0,78,217
11/13/2007,ROA,VA,AEA,EN,Combined TRACON& Tower with Radar,12,76,30,0,118,0,5,12,0,17,12,81,42,0,135,52,0,52,187
11/14/2007,ROA,VA,AEA,EN,Combined TRACON& Tower with Radar,11,76,48,0,135,0,9,20,0,29,11,85,68,0,164,44,0,44,208
11/15/2007,ROA,VA,AEA,EN,Combined TRACON& Tower with Radar,8,81,36,4,129,0,0,4,0,4,8,81,40,4,133,0,0,0,133
11/16/2007,ROA,VA,AEA,EN,Combined TRACON& Tower with Radar,14,90,63,0,167,0,5,44,2,51,14,95,107,2,218,0,0,0,218
11/17/2007,ROA,VA,AEA,EN,Combined TRACON& Tower with Radar,12,61,13,0,86,0,10,39,0,49,12,71,52,0,135,30,0,30,165
11/18/2007,ROA,VA,AEA,EN,Combined TRACON& Tower with Radar,0,63,33,0,96,0,3,45,0,48,0,66,78,0,144,70,2,72,216
11/19/2007,ROA,VA,AEA,EN,Combined TRACON& Tower with Radar,3,71,42,2,118,0,4,15,0,19,3,75,57,2,137,0,0,0,137
11/20/2007,ROA,VA,AEA,EN,Combined TRACON& Tower with Radar,16,72,43,0,131,0,2,22,0,24,16,74,65,0,155,6,0,6,161
11/21/2007,ROA,VA,AEA,EN,Combined TRACON& Tower with Radar,14,75,32,0,121,0,5,27,0,32,14,80,59,0,153,40,0,40,193
11/22/2007,ROA,VA,AEA,EN,Combined TRACON& Tower with Radar,3,50,12,0,65,0,0,2,0,2,3,50,14,0,67,10,0,10,77
11/23/2007,ROA,VA,AEA,EN,Combined TRACON& Tower with Radar,8,47,16,0,71,0,2,19,0,21,8,49,35,0,92,0,0,0,92
11/24/2007,ROA,VA,AEA,EN,Combined TRACON& Tower with Radar,9,65,17,0,91,0,3,39,0,42,9,68,56,0,133,18,0,18,151
11/25/2007,ROA,VA,AEA,EN,Combined TRACON& Tower with Radar,2,73,41,0,116,0,2,22,0,24,2,75,63,0,140,52,0,52,192
11/26/2007,ROA,VA,AEA,EN,Combined TRACON& Tower with Radar,2,75,20,0,97,0,0,0,0,0,2,75,20,0,97,0,0,0,97
11/27/2007,ROA,VA,AEA,EN,Combined TRACON& Tower with Radar,17,75,26,0,118,0,4,5,0,9,17,79,31,0,127,4,0,4,131
11/28/2007,ROA,VA,AEA,EN,Combined TRACON& Tower with Radar,15,78,62,5,160,0,2,34,6,42,15,80,96,11,202,146,4,150,352
11/29/2007,ROA,VA,AEA,EN,Combined TRACON& Tower with Radar,13,80,24,6,123,0,11,16,3,30,13,91,40,9,153,14,0,14,167
11/30/2007,ROA,VA,AEA,EN,Combined TRACON& Tower with Radar,15,82,29,0,126,0,3,25,0,28,15,85,54,0,154,62,0,62,216
12/01/2007,ROA,VA,AEA,EN,Combined TRACON& Tower with Radar,12,71,30,0,113,0,15,41,0,56,12,86,71,0,169,16,0,16,185
12/02/2007,ROA,VA,AEA,EN,Combined TRACON& Tower with Radar,0,60,28,0,88,0,3,19,0,22,0,63,47,0,110,26,0,26,136
12/03/2007,ROA,VA,AEA,EN,Combined TRACON& Tower with Radar,2,72,19,2,95,0,0,0,0,0,2,72,19,2,95,0,0,0,95
12/04/2007,ROA,VA,AEA,EN,Combined TRACON& Tower with Radar,13,79,32,0,124,0,12,15,0,27,13,91,47,0,151,0,0,0,151
12/05/2007,ROA,VA,AEA,EN,Combined TRACON& Tower with Radar,15,75,25,1,116,0,0,10,0,10,15,75,35,1,126,4,0,4,130
12/06/2007,ROA,VA,AEA,EN,Combined TRACON& Tower with Radar,13,82,32,0,127,0,4,35,0,39,13,86,67,0,166,18,0,18,184
12/07/2007,ROA,VA,AEA,EN,Combined TRACON& Tower with Radar,12,74,46,0,132,0,5,12,0,17,12,79,58,0,149,48,0,48,197
12/08/2007,ROA,VA,AEA,EN,Combined TRACON& Tower with Radar,10,61,20,0,91,0,4,30,0,34,10,65,50,0,125,82,0,82,207
12/09/2007,ROA,VA,AEA,EN,Combined TRACON& Tower with Radar,0,51,17,0,68,0,5,16,0,21,0,56,33,0,89,8,0,8,97
12/10/2007,ROA,VA,AEA,EN,Combined TRACON& Tower with Radar,3,76,21,0,100,0,2,20,0,22,3,78,41,0,122,0,0,0,122
12/11/2007,ROA,VA,AEA,EN,Combined TRACON& Tower with Radar,13,80,37,1,131,0,8,26,0,34,13,88,63,1,165,94,0,94,259
12/12/2007,ROA,VA,AEA,EN,Combined TRACON& Tower with Radar,16,76,48,1,141,0,3,21,1,25,16,79,69,2,166,110,0,110,276
12/13/2007,ROA,VA,AEA,EN,Combined TRACON& Tower with Radar,12,67,37,0,116,0,6,2,0,8,12,73,39,0,124,100,0,100,224
12/14/2007,ROA,VA,AEA,EN,Combined TRACON& Tower with Radar,13,75,46,0,134,0,6,35,0,41,13,81,81,0,175,104,0,104,279
12/15/2007,ROA,VA,AEA,EN,Combined TRACON& Tower with Radar,9,65,10,0,84,0,5,1,0,6,9,70,11,0,90,0,0,0,90
12/16/2007,ROA,VA,AEA,EN,Combined TRACON& Tower with Radar,2,60,16,0,78,0,2,3,0,5,2,62,19,0,83,0,0,0,83
12/17/2007,ROA,VA,AEA,EN,Combined TRACON& Tower with Radar,1,71,43,8,123,0,9,13,4,26,1,80,56,12,149,52,0,52,201
12/18/2007,ROA,VA,AEA,EN,Combined TRACON& Tower with Radar,25,78,38,8,149,0,6,29,1,36,25,84,67,9,185,108,0,108,293
12/19/2007,ROA,VA,AEA,EN,Combined TRACON& Tower with Radar,24,69,29,0,122,0,18,8,0,26,24,87,37,0,148,136,0,136,284
12/20/2007,ROA,VA,AEA,EN,Combined TRACON& Tower with Radar,23,75,35,0,133,0,11,33,2,46,23,86,68,2,179,130,0,130,309
12/21/2007,ROA,VA,AEA,EN,Combined TRACON& Tower with Radar,16,72,27,0,115,0,2,9,0,11,16,74,36,0,126,0,0,0,126
12/22/2007,ROA,VA,AEA,EN,Combined TRACON& Tower with Radar,10,69,22,0,101,0,0,0,0,0,10,69,22,0,101,0,0,0,101
12/23/2007,ROA,VA,AEA,EN,Combined TRACON& Tower with Radar,2,62,11,0,75,0,0,2,0,2,2,62,13,0,77,0,0,0,77
12/24/2007,ROA,VA,AEA,EN,Combined TRACON& Tower with Radar,4,57,9,0,70,0,4,19,0,23,4,61,28,0,93,24,0,24,117
12/25/2007,ROA,VA,AEA,EN,Combined TRACON& Tower with Radar,6,50,6,0,62,0,9,18,0,27,6,59,24,0,89,2,0,2,91
12/26/2007,ROA,VA,AEA,EN,Combined TRACON& Tower with Radar,6,63,14,0,83,0,12,7,0,19,6,75,21,0,102,50,0,50,152
12/27/2007,ROA,VA,AEA,EN,Combined TRACON& Tower with Radar,11,66,17,0,94,0,10,45,2,57,11,76,62,2,151,54,0,54,205
12/28/2007,ROA,VA,AEA,EN,Combined TRACON& Tower with Radar,14,81,16,2,113,0,5,3,0,8,14,86,19,2,121,0,0,0,121
12/29/2007,ROA,VA,AEA,EN,Combined TRACON& Tower with Radar,12,62,21,0,95,0,4,29,0,33,12,66,50,0,128,32,0,32,160
12/30/2007,ROA,VA,AEA,EN,Combined TRACON& Tower with Radar,0,58,10,0,68,0,1,0,0,1,0,59,10,0,69,42,0,42,111
12/31/2007,ROA,VA,AEA,EN,Combined TRACON& Tower with Radar,3,64,16,0,83,0,7,39,0,46,3,71,55,0,129,44,0,44,173
01/01/2008,ROA,VA,AEA,EN,Combined TRACON& Tower with Radar,9,55,4,0,68,0,2,0,0,2,9,57,4,0,70,0,0,0,70
01/02/2008,ROA,VA,AEA,EN,Combined TRACON& Tower with Radar,6,67,15,0,88,0,0,2,1,3,6,67,17,1,91,0,0,0,91
01/03/2008,ROA,VA,AEA,EN,Combined TRACON& Tower with Radar,10,71,22,0,103,0,9,18,1,28,10,80,40,1,131,40,0,40,171
01/04/2008,ROA,VA,AEA,EN,Combined TRACON& Tower with Radar,19,70,27,0,116,0,0,40,1,41,19,70,67,1,157,78,0,78,235
01/05/2008,ROA,VA,AEA,EN,Combined TRACON& Tower with Radar,4,54,16,0,74,0,2,28,0,30,4,56,44,0,104,114,0,114,218
01/06/2008,ROA,VA,AEA,EN,Combined TRACON& Tower with Radar,0,59,23,0,82,0,5,31,0,36,0,64,54,0,118,26,0,26,144
01/07/2008,ROA,VA,AEA,EN,Combined TRACON& Tower with Radar,2,64,25,0,91,0,8,34,4,46,2,72,59,4,137,128,0,128,265
01/08/2008,ROA,VA,AEA,EN,Combined TRACON& Tower with Radar,9,75,31,0,115,0,5,21,0,26,9,80,52,0,141,22,0,22,163
01/09/2008,ROA,VA,AEA,EN,Combined TRACON& Tower with Radar,12,73,33,0,118,0,10,18,0,28,12,83,51,0,146,2,0,2,148
01/10/2008,ROA,VA,AEA,EN,Combined TRACON& Tower with Radar,8,73,23,2,106,0,8,7,0,15,8,81,30,2,121,0,0,0,121
01/11/2008,ROA,VA,AEA,EN,Combined TRACON& Tower with Radar,14,80,8,2,104,0,4,7,5,16,14,84,15,7,120,26,0,26,146
01/12/2008,ROA,VA,AEA,EN,Combined TRACON& Tower with Radar,7,63,11,2,83,0,4,68,0,72,7,67,79,2,155,84,0,84,239
01/13/2008,ROA,VA,AEA,EN,Combined TRACON& Tower with Radar,0,61,14,0,75,0,11,11,6,28,0,72,25,6,103,40,6,46,149
01/14/2008,ROA,VA,AEA,EN,Combined TRACON& Tower with Radar,2,77,30,0,109,0,2,19,1,22,2,79,49,1,131,196,0,196,327
01/15/2008,ROA,VA,AEA,EN,Combined TRACON& Tower with Radar,13,73,30,2,118,0,5,14,1,20,13,78,44,3,138,102,0,102,240
01/16/2008,ROA,VA,AEA,EN,Combined TRACON& Tower with Radar,10,73,39,0,122,0,7,48,0,55,10,80,87,0,177,168,0,168,345
01/17/2008,ROA,VA,AEA,EN,Combined TRACON& Tower with Radar,11,55,3,0,69,0,0,0,0,0,11,55,3,0,69,0,0,0,69
01/18/2008,ROA,VA,AEA,EN,Combined TRACON& Tower with Radar,12,81,33,0,126,0,6,27,0,33,12,87,60,0,159,104,0,104,263
01/19/2008,ROA,VA,AEA,EN,Combined TRACON& Tower with Radar,10,61,12,0,83,0,3,3,0,6,10,64,15,0,89,56,0,56,145
01/20/2008,ROA,VA,AEA,EN,Combined TRACON& Tower with Radar,0,63,14,0,77,0,1,5,0,6,0,64,19,0,83,16,0,16,99
01/21/2008,ROA,VA,AEA,EN,Combined TRACON& Tower with Radar,2,64,50,0,116,0,9,36,0,45,2,73,86,0,161,130,0,130,291
01/22/2008,ROA,VA,AEA,EN,Combined TRACON& Tower with Radar,14,72,23,6,115,0,1,4,0,5,14,73,27,6,120,28,8,36,156
01/23/2008,ROA,VA,AEA,EN,Combined TRACON& Tower with Radar,12,79,25,3,119,0,4,25,2,31,12,83,50,5,150,214,4,218,368
01/24/2008,ROA,VA,AEA,EN,Combined TRACON& Tower with Radar,9,78,34,2,123,0,2,4,0,6,9,80,38,2,129,0,0,0,129
01/25/2008,ROA,VA,AEA,EN,Combined TRACON& Tower with Radar,13,74,17,0,104,0,13,30,6,49,13,87,47,6,153,20,0,20,173
01/26/2008,ROA,VA,AEA,EN,Combined TRACON& Tower with Radar,11,59,13,0,83,0,6,43,0,49,11,65,56,0,132,38,0,38,170
01/27/2008,ROA,VA,AEA,EN,Combined TRACON& Tower with Radar,0,57,26,0,83,0,6,14,0,20,0,63,40,0,103,40,0,40,143
01/28/2008,ROA,VA,AEA,EN,Combined TRACON& Tower with Radar,2,71,35,10,118,0,18,53,2,73,2,89,88,12,191,28,18,46,237
01/29/2008,ROA,VA,AEA,EN,Combined TRACON& Tower with Radar,12,73,30,4,119,0,5,25,5,35,12,78,55,9,154,104,6,110,264
01/30/2008,ROA,VA,AEA,EN,Combined TRACON& Tower with Radar,14,77,9,3,103,0,4,12,1,17,14,81,21,4,120,34,0,34,154
01/31/2008,ROA,VA,AEA,EN,Combined TRACON& Tower with Radar,10,72,22,15,119,0,18,33,8,59,10,90,55,23,178,132,0,132,310
02/01/2008,ROA,VA,AEA,EN,Combined TRACON& Tower with Radar,12,63,12,0,87,0,0,3,0,3,12,63,15,0,90,16,0,16,106
02/02/2008,ROA,VA,AEA,EN,Combined TRACON& Tower with Radar,8,53,15,0,76,0,17,56,5,78,8,70,71,5,154,66,0,66,220
02/03/2008,ROA,VA,AEA,EN,Combined TRACON& Tower with Radar,0,50,15,0,65,0,12,37,0,49,0,62,52,0,114,0,0,0,114
02/04/2008,ROA,VA,AEA,EN,Combined TRACON& Tower with Radar,2,73,16,2,93,0,1,15,0,16,2,74,31,2,109,44,0,44,153
02/05/2008,ROA,VA,AEA,EN,Combined TRACON& Tower with Radar,8,70,29,2,109,0,10,28,0,38,8,80,57,2,147,16,0,16,163
02/06/2008,ROA,VA,AEA,EN,Combined TRACON& Tower with Radar,12,70,25,0,107,0,1,7,0,8,12,71,32,0,115,6,0,6,121
02/07/2008,ROA,VA,AEA,EN,Combined TRACON& Tower with Radar,10,78,28,0,116,0,10,18,2,30,10,88,46,2,146,64,0,64,210
02/08/2008,ROA,VA,AEA,EN,Combined TRACON& Tower with Radar,12,78,39,6,135,0,2,48,1,51,12,80,87,7,186,194,0,194,380
02/09/2008,ROA,VA,AEA,EN,Combined TRACON& Tower with Radar,10,59,16,0,85,0,12,47,0,59,10,71,63,0,144,24,0,24,168
02/10/2008,ROA,VA,AEA,EN,Combined TRACON& Tower with Radar,0,41,7,0,48,0,6,2,0,8,0,47,9,0,56,4,0,4,60
02/11/2008,ROA,VA,AEA,EN,Combined TRACON& Tower with Radar,4,71,26,0,101,0,9,23,2,34,4,80,49,2,135,0,0,0,135
02/12/2008,ROA,VA,AEA,EN,Combined TRACON& Tower with Radar,14,69,46,0,129,0,8,13,0,21,14,77,59,0,150,28,0,28,178
02/13/2008,ROA,VA,AEA,EN,Combined TRACON& Tower with Radar,20,69,32,0,121,0,1,3,0,4,20,70,35,0,125,80,0,80,205
02/14/2008,ROA,VA,AEA,EN,Combined TRACON& Tower with Radar,13,87,31,0,131,0,0,52,1,53,13,87,83,1,184,108,0,108,292
02/15/2008,ROA,VA,AEA,EN,Combined TRACON& Tower with Radar,16,77,36,3,132,0,11,26,0,37,16,88,62,3,169,66,0,66,235
02/16/2008,ROA,VA,AEA,EN,Combined TRACON& Tower with Radar,10,61,18,0,89,0,12,79,0,91,10,73,97,0,180,110,0,110,290
02/17/2008,ROA,VA,AEA,EN,Combined TRACON& Tower with Radar,2,47,12,0,61,0,2,6,0,8,2,49,18,0,69,0,0,0,69
02/18/2008,ROA,VA,AEA,EN,Combined TRACON& Tower with Radar,2,58,33,0,93,0,4,7,0,11,2,62,40,0,104,6,0,6,110
02/19/2008,ROA,VA,AEA,EN,Combined TRACON& Tower with Radar,13,75,37,2,127,0,3,8,0,11,13,78,45,2,138,4,0,4,142
02/20/2008,ROA,VA,AEA,EN,Combined TRACON& Tower with Radar,12,74,30,0,116,0,2,8,0,10,12,76,38,0,126,44,0,44,170
02/21/2008,ROA,VA,AEA,EN,Combined TRACON& Tower with Radar,9,79,27,4,119,0,4,15,0,19,9,83,42,4,138,102,0,102,240
02/22/2008,ROA,VA,AEA,EN,Combined TRACON& Tower with Radar,11,77,22,1,111,0,2,0,0,2,11,79,22,1,113,36,0,36,149
02/23/2008,ROA,VA,AEA,EN,Combined TRACON& Tower with Radar,10,56,16,1,83,0,7,15,0,22,10,63,31,1,105,24,0,24,129
02/24/2008,ROA,VA,AEA,EN,Combined TRACON& Tower with Radar,0,60,13,0,73,0,3,4,0,7,0,63,17,0,80,0,0,0,80
02/25/2008,ROA,VA,AEA,EN,Combined TRACON& Tower with Radar,2,66,32,0,100,0,10,26,3,39,2,76,58,3,139,10,0,10,149
02/26/2008,ROA,VA,AEA,EN,Combined TRACON& Tower with Radar,17,71,24,5,117,0,4,3,0,7,17,75,27,5,124,20,14,34,158
02/27/2008,ROA,VA,AEA,EN,Combined TRACON& Tower with Radar,11,79,38,0,128,0,1,6,1,8,11,80,44,1,136,2,0,2,138
02/28/2008,ROA,VA,AEA,EN,Combined TRACON& Tower with Radar,9,78,48,0,135,0,3,31,2,36,9,81,79,2,171,46,0,46,217
02/29/2008,ROA,VA,AEA,EN,Combined TRACON& Tower with Radar,13,65,44,0,122,0,10,27,0,37,13,75,71,0,159,108,0,108,267
03/01/2008,ROA,VA,AEA,EN,Combined TRACON& Tower with Radar,10,58,16,0,84,0,2,16,0,18,10,60,32,0,102,30,0,30,132
03/02/2008,ROA,VA,AEA,EN,Combined TRACON& Tower with Radar,2,51,34,0,87,0,12,54,0,66,2,63,88,0,153,38,0,38,191
03/03/2008,ROA,VA,AEA,EN,Combined TRACON& Tower with Radar,0,69,20,0,89,0,11,26,0,37,0,80,46,0,126,60,0,60,186
03/04/2008,ROA,VA,AEA,EN,Combined TRACON& Tower with Radar,12,72,22,0,106,0,2,1,0,3,12,74,23,0,109,0,0,0,109
03/05/2008,ROA,VA,AEA,EN,Combined TRACON& Tower with Radar,10,79,31,2,122,0,4,21,2,27,10,83,52,4,149,0,0,0,149
03/06/2008,ROA,VA,AEA,EN,Combined TRACON& Tower with Radar,5,79,46,2,132,0,2,65,1,68,5,81,111,3,200,148,0,148,348
03/07/2008,ROA,VA,AEA,EN,Combined TRACON& Tower with Radar,14,78,24,0,116,0,3,1,0,4,14,81,25,0,120,0,0,0,120
03/08/2008,ROA,VA,AEA,EN,Combined TRACON& Tower with Radar,11,48,6,0,65,0,0,5,0,5,11,48,11,0,70,0,0,0,70
03/09/2008,ROA,VA,AEA,EN,Combined TRACON& Tower with Radar,2,54,16,0,72,0,5,32,0,37,2,59,48,0,109,120,4,124,233
03/10/2008,ROA,VA,AEA,EN,Combined TRACON& Tower with Radar,2,68,21,0,91,0,8,52,0,60,2,76,73,0,151,48,0,48,199
03/11/2008,ROA,VA,AEA,EN,Combined TRACON& Tower with Radar,12,73,35,3,123,0,4,39,5,48,12,77,74,8,171,114,0,114,285
03/12/2008,ROA,VA,AEA,EN,Combined TRACON& Tower with Radar,12,71,26,0,109,0,6,38,1,45,12,77,64,1,154,56,0,56,210
03/13/2008,ROA,VA,AEA,EN,Combined TRACON& Tower with Radar,10,74,15,4,103,0,7,49,0,56,10,81,64,4,159,52,0,52,211
03/14/2008,ROA,VA,AEA,EN,Combined TRACON& Tower with Radar,12,79,27,0,118,0,7,35,2,44,12,86,62,2,162,76,0,76,238
03/15/2008,ROA,VA,AEA,EN,Combined TRACON& Tower with Radar,16,48,14,3,81,0,4,36,4,44,16,52,50,7,125,0,32,32,157
03/16/2008,ROA,VA,AEA,EN,Combined TRACON& Tower with Radar,2,61,22,0,85,0,4,23,0,27,2,65,45,0,112,22,0,22,134
03/17/2008,ROA,VA,AEA,EN,Combined TRACON& Tower with Radar,2,68,25,0,95,0,19,37,0,56,2,87,62,0,151,78,0,78,229
03/18/2008,ROA,VA,AEA,EN,Combined TRACON& Tower with Radar,14,76,33,0,123,0,13,35,2,50,14,89,68,2,173,12,0,12,185
03/19/2008,ROA,VA,AEA,EN,Combined TRACON& Tower with Radar,9,68,20,0,97,0,1,1,0,2,9,69,21,0,99,0,0,0,99
03/20/2008,ROA,VA,AEA,EN,Combined TRACON& Tower with Radar,10,82,31,0,123,0,1,10,0,11,10,83,41,0,134,0,0,0,134
03/21/2008,ROA,VA,AEA,EN,Combined TRACON& Tower with Radar,12,73,26,0,111,0,8,58,0,66,12,81,84,0,177,72,0,72,249
03/22/2008,ROA,VA,AEA,EN,Combined TRACON& Tower with Radar,10,57,16,0,83,0,18,17,1,36,10,75,33,1,119,34,0,34,153
03/23/2008,ROA,VA,AEA,EN,Combined TRACON& Tower with Radar,2,64,16,0,82,0,14,21,1,36,2,78,37,1,118,0,0,0,118
03/24/2008,ROA,VA,AEA,EN,Combined TRACON& Tower with Radar,3,69,25,0,97,0,13,19,0,32,3,82,44,0,129,42,0,42,171
03/25/2008,ROA,VA,AEA,EN,Combined TRACON& Tower with Radar,11,107,37,0,155,0,9,37,1,47,11,116,74,1,202,110,0,110,312
03/26/2008,ROA,VA,AEA,EN,Combined TRACON& Tower with Radar,11,74,50,0,135,0,3,27,0,30,11,77,77,0,165,108,0,108,273
03/27/2008,ROA,VA,AEA,EN,Combined TRACON& Tower with Radar,11,75,22,0,108,0,15,28,0,43,11,90,50,0,151,42,0,42,193
03/28/2008,ROA,VA,AEA,EN,Combined TRACON& Tower with Radar,11,78,30,0,119,0,9,22,0,31,11,87,52,0,150,2,0,2,152
03/29/2008,ROA,VA,AEA,EN,Combined TRACON& Tower with Radar,10,52,20,5,87,0,11,32,0,43,10,63,52,5,130,22,0,22,152
03/30/2008,ROA,VA,AEA,EN,Combined TRACON& Tower with Radar,2,60,15,0,77,0,0,1,0,1,2,60,16,0,78,0,0,0,78
03/31/2008,ROA,VA,AEA,EN,Combined TRACON& Tower with Radar,2,63,11,0,76,0,0,0,0,0,2,63,11,0,76,0,0,0,76
04/01/2008,ROA,VA,AEA,EN,Combined TRACON& Tower with Radar,9,66,25,0,100,0,9,15,0,24,9,75,40,0,124,0,0,0,124
04/02/2008,ROA,VA,AEA,EN,Combined TRACON& Tower with Radar,10,82,54,3,149,0,16,49,0,65,10,98,103,3,214,68,0,68,282
04/03/2008,ROA,VA,AEA,EN,Combined TRACON& Tower with Radar,12,73,48,4,137,0,1,16,0,17,12,74,64,4,154,0,0,0,154
04/04/2008,ROA,VA,AEA,EN,Combined TRACON& Tower with Radar,15,67,17,0,99,0,1,6,0,7,15,68,23,0,106,22,0,22,128
04/05/2008,ROA,VA,AEA,EN,Combined TRACON& Tower with Radar,10,48,25,0,83,0,3,24,0,27,10,51,49,0,110,76,0,76,186
04/06/2008,ROA,VA,AEA,EN,Combined TRACON& Tower with Radar,2,55,37,0,94,0,0,19,1,20,2,55,56,1,114,38,0,38,152
04/07/2008,ROA,VA,AEA,EN,Combined TRACON& Tower with Radar,2,71,35,0,108,0,4,4,0,8,2,75,39,0,116,44,0,44,160
04/08/2008,ROA,VA,AEA,EN,Combined TRACON& Tower with Radar,13,79,40,2,134,0,6,19,0,25,13,85,59,2,159,78,0,78,237
04/09/2008,ROA,VA,AEA,EN,Combined TRACON& Tower with Radar,10,83,44,0,137,0,9,24,0,33,10,92,68,0,170,44,0,44,214
04/10/2008,ROA,VA,AEA,EN,Combined TRACON& Tower with Radar,12,79,40,0,131,0,8,55,0,63,12,87,95,0,194,40,0,40,234
04/11/2008,ROA,VA,AEA,EN,Combined TRACON& Tower with Radar,12,81,28,0,121,0,8,28,2,38,12,89,56,2,159,2,0,2,161
04/12/2008,ROA,VA,AEA,EN,Combined TRACON& Tower with Radar,10,52,13,0,75,0,8,14,0,22,10,60,27,0,97,0,0,0,97
04/13/2008,ROA,VA,AEA,EN,Combined TRACON& Tower with Radar,0,65,21,1,87,0,9,13,5,27,0,74,34,6,114,34,2,36,150
04/14/2008,ROA,VA,AEA,EN,Combined TRACON& Tower with Radar,2,76,32,0,110,0,0,40,0,40,2,76,72,0,150,72,0,72,222
04/15/2008,ROA,VA,AEA,EN,Combined TRACON& Tower with Radar,13,77,36,3,129,0,10,51,1,62,13,87,87,4,191,4,0,4,195
04/16/2008,ROA,VA,AEA,EN,Combined TRACON& Tower with Radar,10,82,33,3,128,0,9,52,4,65,10,91,85,7,193,34,0,34,227
04/17/2008,ROA,VA,AEA,EN,Combined TRACON& Tower with Radar,11,84,41,6,142,0,3,58,4,65,11,87,99,10,207,98,0,98,305
04/18/2008,ROA,VA,AEA,EN,Combined TRACON& Tower with Radar,15,73,42,0,130,0,6,55,2,63,15,79,97,2,193,6,0,6,199
04/19/2008,ROA,VA,AEA,EN,Combined TRACON& Tower with Radar,9,58,19,3,89,0,9,15,0,24,9,67,34,3,113,34,0,34,147
04/20/2008,ROA,VA,AEA,EN,Combined TRACON& Tower with Radar,0,58,21,0,79,0,2,7,0,9,0,60,28,0,88,4,0,4,92
04/21/2008,ROA,VA,AEA,EN,Combined TRACON& Tower with Radar,2,83,29,3,117,0,1,8,0,9,2,84,37,3,126,8,0,8,134
04/22/2008,ROA,VA,AEA,EN,Combined TRACON& Tower with Radar,13,88,42,0,143,0,0,5,0,5,13,88,47,0,148,0,0,0,148
04/23/2008,ROA,VA,AEA,EN,Combined TRACON& Tower with Radar,10,86,30,15,141,0,4,31,4,39,10,90,61,19,180,48,30,78,258
04/24/2008,ROA,VA,AEA,EN,Combined TRACON& Tower with Radar,13,75,53,12,153,0,5,48,0,53,13,80,101,12,206,2,10,12,218
04/25/2008,ROA,VA,AEA,EN,Combined TRACON& Tower with Radar,12,78,27,0,117,0,14,31,3,48,12,92,58,3,165,0,0,0,165
04/26/2008,ROA,VA,AEA,EN,Combined TRACON& Tower with Radar,11,51,9,0,71,0,7,18,0,25,11,58,27,0,96,4,0,4,100
04/27/2008,ROA,VA,AEA,EN,Combined TRACON& Tower with Radar,1,73,21,0,95,0,2,18,0,20,1,75,39,0,115,22,0,22,137
04/28/2008,ROA,VA,AEA,EN,Combined TRACON& Tower with Radar,1,72,40,0,113,0,1,2,0,3,1,73,42,0,116,44,0,44,160
04/29/2008,ROA,VA,AEA,EN,Combined TRACON& Tower with Radar,11,84,35,0,130,0,7,16,0,23,11,91,51,0,153,20,0,20,173
04/30/2008,ROA,VA,AEA,EN,Combined TRACON& Tower with Radar,10,80,38,2,130,0,6,62,0,68,10,86,100,2,198,12,0,12,210
05/01/2008,ROA,VA,AEA,EN,Combined TRACON& Tower with Radar,13,78,28,0,119,0,10,35,0,45,13,88,63,0,164,82,0,82,246
05/02/2008,ROA,VA,AEA,EN,Combined TRACON& Tower with Radar,12,75,56,2,145,0,6,26,0,32,12,81,82,2,177,2,0,2,179
05/03/2008,ROA,VA,AEA,EN,Combined TRACON& Tower with Radar,14,63,22,0,99,0,7,20,2,29,14,70,42,2,128,6,0,6,134
05/04/2008,ROA,VA,AEA,EN,Combined TRACON& Tower with Radar,0,68,45,3,116,0,4,40,2,46,0,72,85,5,162,84,0,84,246
05/05/2008,ROA,VA,AEA,EN,Combined TRACON& Tower with Radar,2,72,36,0,110,0,13,37,0,50,2,85,73,0,160,54,0,54,214
05/06/2008,ROA,VA,AEA,EN,Combined TRACON& Tower with Radar,12,74,29,1,116,0,4,38,1,43,12,78,67,2,159,24,0,24,183
05/07/2008,ROA,VA,AEA,EN,Combined TRACON& Tower with Radar,11,71,53,0,135,0,12,50,0,62,11,83,103,0,197,74,0,74,271
05/08/2008,ROA,VA,AEA,EN,Combined TRACON& Tower with Radar,16,79,29,0,124,0,4,7,0,11,16,83,36,0,135,50,0,50,185
05/09/2008,ROA,VA,AEA,EN,Combined TRACON& Tower with Radar,12,75,42,14,143,0,0,3,0,3,12,75,45,14,146,4,18,22,168
05/10/2008,ROA,VA,AEA,EN,Combined TRACON& Tower with Radar,10,52,15,0,77,0,6,10,2,18,10,58,25,2,95,20,0,20,115
05/11/2008,ROA,VA,AEA,EN,Combined TRACON& Tower with Radar,3,82,14,0,99,0,6,4,0,10,3,88,18,0,109,0,0,0,109
05/12/2008,ROA,VA,AEA,EN,Combined TRACON& Tower with Radar,3,79,30,0,112,0,0,5,0,5,3,79,35,0,117,0,0,0,117
05/13/2008,ROA,VA,AEA,EN,Combined TRACON& Tower with Radar,14,79,33,4,130,0,8,51,3,62,14,87,84,7,192,6,10,16,208
05/14/2008,ROA,VA,AEA,EN,Combined TRACON& Tower with Radar,10,83,58,16,167,0,6,27,0,33,10,89,85,16,200,28,16,44,244
05/15/2008,ROA,VA,AEA,EN,Combined TRACON& Tower with Radar,14,89,42,1,146,0,2,20,2,24,14,91,62,3,170,106,0,106,276
05/16/2008,ROA,VA,AEA,EN,Combined TRACON& Tower with Radar,15,77,30,2,124,0,6,12,0,18,15,83,42,2,142,26,0,26,168
05/17/2008,ROA,VA,AEA,EN,Combined TRACON& Tower with Radar,10,71,25,1,107,0,16,34,0,50,10,87,59,1,157,2,0,2,159
05/18/2008,ROA,VA,AEA,EN,Combined TRACON& Tower with Radar,0,70,11,0,81,0,7,11,0,18,0,77,22,0,99,0,0,0,99
05/19/2008,ROA,VA,AEA,EN,Combined TRACON& Tower with Radar,3,70,49,0,122,0,6,23,0,29,3,76,72,0,151,16,0,16,167
05/20/2008,ROA,VA,AEA,EN,Combined TRACON& Tower with Radar,13,76,34,0,123,0,5,16,0,21,13,81,50,0,144,84,6,90,234
05/21/2008,ROA,VA,AEA,EN,Combined TRACON& Tower with Radar,11,78,47,0,136,0,3,38,0,41,11,81,85,0,177,36,0,36,213
05/22/2008,ROA,VA,AEA,EN,Combined TRACON& Tower with Radar,10,76,44,0,130,0,4,29,0,33,10,80,73,0,163,8,0,8,171
05/23/2008,ROA,VA,AEA,EN,Combined TRACON& Tower with Radar,12,78,31,0,121,0,7,41,0,48,12,85,72,0,169,6,0,6,175
05/24/2008,ROA,VA,AEA,EN,Combined TRACON& Tower with Radar,10,58,23,0,91,0,17,46,0,63,10,75,69,0,154,72,0,72,226
05/25/2008,ROA,VA,AEA,EN,Combined TRACON& Tower with Radar,0,50,21,0,71,0,13,54,0,67,0,63,75,0,138,28,0,28,166
05/26/2008,ROA,VA,AEA,EN,Combined TRACON& Tower with Radar,2,71,16,0,89,0,13,47,0,60,2,84,63,0,149,24,0,24,173
05/27/2008,ROA,VA,AEA,EN,Combined TRACON& Tower with Radar,2,71,44,2,119,0,9,22,5,36,2,80,66,7,155,62,4,66,221
05/28/2008,ROA,VA,AEA,EN,Combined TRACON& Tower with Radar,11,86,36,2,135,0,2,1,0,3,11,88,37,2,138,0,0,0,138
05/29/2008,ROA,VA,AEA,EN,Combined TRACON& Tower with Radar,10,85,40,3,138,0,4,63,3,70,10,89,103,6,208,80,0,80,288
05/30/2008,ROA,VA,AEA,EN,Combined TRACON& Tower with Radar,12,74,44,7,137,0,9,56,3,68,12,83,100,10,205,102,0,102,307
05/31/2008,ROA,VA,AEA,EN,Combined TRACON& Tower with Radar,11,55,11,2,79,0,12,28,6,46,11,67,39,8,125,54,0,54,179
06/01/2008,ROA,VA,AEA,EN,Combined TRACON& Tower with Radar,0,69,29,0,98,0,2,20,0,22,0,71,49,0,120,8,30,38,158
06/02/2008,ROA,VA,AEA,EN,Combined TRACON& Tower with Radar,3,75,36,0,114,0,3,49,6,58,3,78,85,6,172,86,10,96,268
06/03/2008,ROA,VA,AEA,EN,Combined TRACON& Tower with Radar,12,83,31,2,128,0,5,23,1,29,12,88,54,3,157,62,0,62,219
06/04/2008,ROA,VA,AEA,EN,Combined TRACON& Tower with Radar,21,75,30,0,126,0,4,20,2,26,21,79,50,2,152,32,22,54,206
06/05/2008,ROA,VA,AEA,EN,Combined TRACON& Tower with Radar,12,84,52,2,150,0,4,31,3,38,12,88,83,5,188,58,0,58,246
06/06/2008,ROA,VA,AEA,EN,Combined TRACON& Tower with Radar,12,80,30,2,124,0,6,35,3,44,12,86,65,5,168,56,0,56,224
06/07/2008,ROA,VA,AEA,EN,Combined TRACON& Tower with Radar,10,82,46,1,139,0,0,0,0,0,10,82,46,1,139,74,4,78,217
06/08/2008,ROA,VA,AEA,EN,Combined TRACON& Tower with Radar,0,61,17,3,81,0,13,18,0,31,0,74,35,3,112,8,0,8,120
06/09/2008,ROA,VA,AEA,EN,Combined TRACON& Tower with Radar,2,69,30,2,103,0,5,18,1,24,2,74,48,3,127,4,0,4,131
06/10/2008,ROA,VA,AEA,EN,Combined TRACON& Tower with Radar,13,96,27,2,138,0,1,27,0,28,13,97,54,2,166,52,0,52,218
06/11/2008,ROA,VA,AEA,EN,Combined TRACON& Tower with Radar,12,91,48,3,154,0,14,30,1,45,12,105,78,4,199,36,8,44,243
06/12/2008,ROA,VA,AEA,EN,Combined TRACON& Tower with Radar,7,76,51,0,134,0,17,33,4,54,7,93,84,4,188,56,0,56,244
06/13/2008,ROA,VA,AEA,EN,Combined TRACON& Tower with Radar,12,76,29,1,118,0,6,25,1,32,12,82,54,2,150,0,0,0,150
06/14/2008,ROA,VA,AEA,EN,Combined TRACON& Tower with Radar,11,65,12,1,89,0,0,12,2,14,11,65,24,3,103,0,0,0,103
06/15/2008,ROA,VA,AEA,EN,Combined TRACON& Tower with Radar,0,62,22,0,84,0,9,46,2,57,0,71,68,2,141,56,0,56,197
06/16/2008,ROA,VA,AEA,EN,Combined TRACON& Tower with Radar,2,75,21,0,98,0,1,17,6,24,2,76,38,6,122,44,0,44,166
06/17/2008,ROA,VA,AEA,EN,Combined TRACON& Tower with Radar,13,75,27,5,120,0,2,19,4,25,13,77,46,9,145,4,0,4,149
06/18/2008,ROA,VA,AEA,EN,Combined TRACON& Tower with Radar,11,69,24,6,110,0,6,36,6,48,11,75,60,12,158,50,4,54,212
06/19/2008,ROA,VA,AEA,EN,Combined TRACON& Tower with Radar,10,80,36,2,128,0,16,40,5,61,10,96,76,7,189,34,12,46,235
06/20/2008,ROA,VA,AEA,EN,Combined TRACON& Tower with Radar,11,78,28,1,118,0,10,41,0,51,11,88,69,1,169,44,0,44,213
06/21/2008,ROA,VA,AEA,EN,Combined TRACON& Tower with Radar,11,72,22,0,105,0,9,39,0,48,11,81,61,0,153,56,0,56,209
06/22/2008,ROA,VA,AEA,EN,Combined TRACON& Tower with Radar,0,57,21,0,78,0,5,29,0,34,0,62,50,0,112,24,0,24,136
06/23/2008,ROA,VA,AEA,EN,Combined TRACON& Tower with Radar,2,82,31,2,117,0,9,31,0,40,2,91,62,2,157,26,0,26,183
06/24/2008,ROA,VA,AEA,EN,Combined TRACON& Tower with Radar,13,75,45,0,133,0,3,21,0,24,13,78,66,0,157,0,0,0,157
06/25/2008,ROA,VA,AEA,EN,Combined TRACON& Tower with Radar,13,83,47,0,143,0,8,30,3,41,13,91,77,3,184,40,0,40,224
06/26/2008,ROA,VA,AEA,EN,Combined TRACON& Tower with Radar,10,76,33,0,119,0,9,26,0,35,10,85,59,0,154,34,0,34,188
06/27/2008,ROA,VA,AEA,EN,Combined TRACON& Tower with Radar,12,82,32,0,126,0,6,15,0,21,12,88,47,0,147,0,0,0,147
06/28/2008,ROA,VA,AEA,EN,Combined TRACON& Tower with Radar,10,74,24,0,108,0,16,23,2,41,10,90,47,2,149,30,0,30,179
06/29/2008,ROA,VA,AEA,EN,Combined TRACON& Tower with Radar,0,69,21,0,90,0,4,20,0,24,0,73,41,0,114,10,0,10,124
06/30/2008,ROA,VA,AEA,EN,Combined TRACON& Tower with Radar,2,75,18,2,97,0,5,14,0,19,2,80,32,2,116,46,0,46,162
07/01/2008,ROA,VA,AEA,EN,Combined TRACON& Tower with Radar,11,72,32,4,119,0,6,21,1,28,11,78,53,5,147,2,4,6,153
07/02/2008,ROA,VA,AEA,EN,Combined TRACON& Tower with Radar,14,91,32,3,140,0,13,51,0,64,14,104,83,3,204,8,0,8,212
07/03/2008,ROA,VA,AEA,EN,Combined TRACON& Tower with Radar,12,83,39,11,145,0,11,39,0,50,12,94,78,11,195,24,4,28,223
07/04/2008,ROA,VA,AEA,EN,Combined TRACON& Tower with Radar,7,56,11,0,74,0,9,21,0,30,7,65,32,0,104,0,0,0,104
07/05/2008,ROA,VA,AEA,EN,Combined TRACON& Tower with Radar,6,56,16,0,78,0,8,10,0,18,6,64,26,0,96,0,0,0,96
07/06/2008,ROA,VA,AEA,EN,Combined TRACON& Tower with Radar,0,69,22,0,91,0,3,11,0,14,0,72,33,0,105,4,0,4,109
07/07/2008,ROA,VA,AEA,EN,Combined TRACON& Tower with Radar,1,77,30,0,108,0,2,21,0,23,1,79,51,0,131,8,0,8,139
07/08/2008,ROA,VA,AEA,EN,Combined TRACON& Tower with Radar,12,74,29,0,115,0,11,18,1,30,12,85,47,1,145,4,0,4,149
07/09/2008,ROA,VA,AEA,EN,Combined TRACON& Tower with Radar,9,88,35,0,132,0,6,22,0,28,9,94,57,0,160,0,0,0,160
07/10/2008,ROA,VA,AEA,EN,Combined TRACON& Tower with Radar,9,64,16,0,89,0,1,30,0,31,9,65,46,0,120,26,0,26,146
07/11/2008,ROA,VA,AEA,EN,Combined TRACON& Tower with Radar,11,87,37,4,139,0,8,28,0,36,11,95,65,4,175,34,0,34,209
07/12/2008,ROA,VA,AEA,EN,Combined TRACON& Tower with Radar,12,64,20,0,96,0,16,49,0,65,12,80,69,0,161,40,0,40,201
07/13/2008,ROA,VA,AEA,EN,Combined TRACON& Tower with Radar,0,64,15,0,79,0,6,15,0,21,0,70,30,0,100,10,0,10,110
07/14/2008,ROA,VA,AEA,EN,Combined TRACON& Tower with Radar,1,72,24,14,111,0,2,22,0,24,1,74,46,14,135,6,32,38,173
07/15/2008,ROA,VA,AEA,EN,Combined TRACON& Tower with Radar,9,70,22,2,103,0,9,38,0,47,9,79,60,2,150,18,0,18,168
07/16/2008,ROA,VA,AEA,EN,Combined TRACON& Tower with Radar,10,75,30,1,116,0,7,37,0,44,10,82,67,1,160,36,4,40,200
07/17/2008,ROA,VA,AEA,EN,Combined TRACON& Tower with Radar,11,71,32,0,114,0,4,41,0,45,11,75,73,0,159,0,0,0,159
07/18/2008,ROA,VA,AEA,EN,Combined TRACON& Tower with Radar,11,74,40,0,125,0,11,34,0,45,11,85,74,0,170,0,0,0,170
07/19/2008,ROA,VA,AEA,EN,Combined TRACON& Tower with Radar,12,74,17,0,103,0,23,30,0,53,12,97,47,0,156,40,0,40,196
07/20/2008,ROA,VA,AEA,EN,Combined TRACON& Tower with Radar,0,57,29,2,88,0,17,40,2,59,0,74,69,4,147,26,2,28,175
07/21/2008,ROA,VA,AEA,EN,Combined TRACON& Tower with Radar,2,75,20,1,98,0,4,30,0,34,2,79,50,1,132,26,0,26,158
07/22/2008,ROA,VA,AEA,EN,Combined TRACON& Tower with Radar,11,82,25,1,119,0,7,32,0,39,11,89,57,1,158,0,0,0,158
07/23/2008,ROA,VA,AEA,EN,Combined TRACON& Tower with Radar,9,79,37,0,125,0,1,14,0,15,9,80,51,0,140,0,0,0,140
07/24/2008,ROA,VA,AEA,EN,Combined TRACON& Tower with Radar,11,91,28,0,130,0,17,45,0,62,11,108,73,0,192,38,0,38,230
07/25/2008,ROA,VA,AEA,EN,Combined TRACON& Tower with Radar,11,85,32,0,128,0,18,47,0,65,11,103,79,0,193,6,0,6,199
07/26/2008,ROA,VA,AEA,EN,Combined TRACON& Tower with Radar,10,74,26,0,110,0,4,27,0,31,10,78,53,0,141,34,0,34,175
07/27/2008,ROA,VA,AEA,EN,Combined TRACON& Tower with Radar,0,64,22,0,86,0,9,23,0,32,0,73,45,0,118,46,0,46,164
07/28/2008,ROA,VA,AEA,EN,Combined TRACON& Tower with Radar,1,60,41,0,102,0,10,23,0,33,1,70,64,0,135,2,0,2,137
07/29/2008,ROA,VA,AEA,EN,Combined TRACON& Tower with Radar,12,71,34,5,122,0,9,33,0,42,12,80,67,5,164,20,0,20,184
07/30/2008,ROA,VA,AEA,EN,Combined TRACON& Tower with Radar,13,76,34,1,124,0,6,27,1,34,13,82,61,2,158,4,0,4,162
07/31/2008,ROA,VA,AEA,EN,Combined TRACON& Tower with Radar,8,83,27,4,122,0,1,25,4,30,8,84,52,8,152,0,22,22,174
08/01/2008,ROA,VA,AEA,EN,Combined TRACON& Tower with Radar,10,97,33,2,142,0,3,42,2,47,10,100,75,4,189,42,0,42,231
08/02/2008,ROA,VA,AEA,EN,Combined TRACON& Tower with Radar,12,64,18,0,94,0,6,27,0,33,12,70,45,0,127,46,6,52,179
08/03/2008,ROA,VA,AEA,EN,Combined TRACON& Tower with Radar,0,80,33,6,119,0,4,40,4,48,0,84,73,10,167,60,0,60,227
08/04/2008,ROA,VA,AEA,EN,Combined TRACON& Tower with Radar,6,69,23,0,98,0,6,28,0,34,6,75,51,0,132,4,0,4,136
08/05/2008,ROA,VA,AEA,EN,Combined TRACON& Tower with Radar,13,79,31,0,123,0,9,24,11,44,13,88,55,11,167,32,2,34,201
08/06/2008,ROA,VA,AEA,EN,Combined TRACON& Tower with Radar,12,84,34,0,130,0,14,36,0,50,12,98,70,0,180,18,0,18,198
08/07/2008,ROA,VA,AEA,EN,Combined TRACON& Tower with Radar,13,80,25,0,118,0,7,10,0,17,13,87,35,0,135,56,0,56,191
08/08/2008,ROA,VA,AEA,EN,Combined TRACON& Tower with Radar,12,73,17,0,102,0,12,30,1,43,12,85,47,1,145,28,0,28,173
08/09/2008,ROA,VA,AEA,EN,Combined TRACON& Tower with Radar,10,60,18,2,90,0,21,33,0,54,10,81,51,2,144,144,0,144,288
08/10/2008,ROA,VA,AEA,EN,Combined TRACON& Tower with Radar,0,56,20,0,76,0,10,36,0,46,0,66,56,0,122,20,0,20,142
08/11/2008,ROA,VA,AEA,EN,Combined TRACON& Tower with Radar,1,80,21,0,102,0,5,21,0,26,1,85,42,0,128,4,0,4,132
08/12/2008,ROA,VA,AEA,EN,Combined TRACON& Tower with Radar,12,79,29,0,120,0,12,38,0,50,12,91,67,0,170,16,0,16,186
08/13/2008,ROA,VA,AEA,EN,Combined TRACON& Tower with Radar,12,83,45,0,140,0,6,18,0,24,12,89,63,0,164,0,0,0,164
08/14/2008,ROA,VA,AEA,EN,Combined TRACON& Tower with Radar,10,81,54,0,145,0,5,25,7,37,10,86,79,7,182,24,20,44,226
08/15/2008,ROA,VA,AEA,EN,Combined TRACON& Tower with Radar,13,84,32,0,129,0,8,35,0,43,13,92,67,0,172,38,0,38,210
08/16/2008,ROA,VA,AEA,EN,Combined TRACON& Tower with Radar,10,66,13,0,89,0,7,43,0,50,10,73,56,0,139,30,0,30,169
08/17/2008,ROA,VA,AEA,EN,Combined TRACON& Tower with Radar,0,63,23,0,86,0,3,21,0,24,0,66,44,0,110,0,0,0,110
08/18/2008,ROA,VA,AEA,EN,Combined TRACON& Tower with Radar,0,83,32,0,115,0,24,25,0,49,0,107,57,0,164,8,0,8,172
08/19/2008,ROA,VA,AEA,EN,Combined TRACON& Tower with Radar,11,74,45,0,130,0,14,60,0,74,11,88,105,0,204,70,0,70,274
08/20/2008,ROA,VA,AEA,EN,Combined TRACON& Tower with Radar,13,91,44,1,149,0,8,45,0,53,13,99,89,1,202,22,2,24,226
08/21/2008,ROA,VA,AEA,EN,Combined TRACON& Tower with Radar,11,84,25,1,121,0,6,29,1,36,11,90,54,2,157,74,0,74,231
08/22/2008,ROA,VA,AEA,EN,Combined TRACON& Tower with Radar,12,81,29,4,126,0,0,67,3,70,12,81,96,7,196,44,18,62,258
08/23/2008,ROA,VA,AEA,EN,Combined TRACON& Tower with Radar,8,67,28,0,103,0,12,17,0,29,8,79,45,0,132,44,0,44,176
08/24/2008,ROA,VA,AEA,EN,Combined TRACON& Tower with Radar,0,64,33,2,99,0,12,33,0,45,0,76,66,2,144,94,0,94,238
08/25/2008,ROA,VA,AEA,EN,Combined TRACON& Tower with Radar,2,71,23,2,98,0,3,30,0,33,2,74,53,2,131,20,0,20,151
08/26/2008,ROA,VA,AEA,EN,Combined TRACON& Tower with Radar,10,74,29,2,115,0,0,3,3,6,10,74,32,5,121,34,0,34,155
08/27/2008,ROA,VA,AEA,EN,Combined TRACON& Tower with Radar,10,85,29,2,126,0,0,0,0,0,10,85,29,2,126,0,0,0,126
08/28/2008,ROA,VA,AEA,EN,Combined TRACON& Tower with Radar,10,89,31,0,130,0,0,2,0,2,10,89,33,0,132,0,0,0,132
08/29/2008,ROA,VA,AEA,EN,Combined TRACON& Tower with Radar,11,86,35,8,140,0,13,21,0,34,11,99,56,8,174,30,0,30,204
08/30/2008,ROA,VA,AEA,EN,Combined TRACON& Tower with Radar,8,66,19,0,93,0,10,50,0,60,8,76,69,0,153,44,0,44,197
08/31/2008,ROA,VA,AEA,EN,Combined TRACON& Tower with Radar,0,47,21,6,74,0,4,5,0,9,0,51,26,6,83,12,0,12,95
09/01/2008,ROA,VA,AEA,EN,Combined TRACON& Tower with Radar,2,70,14,0,86,0,11,40,2,53,2,81,54,2,139,0,0,0,139
09/02/2008,ROA,VA,AEA,EN,Combined TRACON& Tower with Radar,4,72,23,2,101,0,10,30,2,42,4,82,53,4,143,44,0,44,187
09/03/2008,ROA,VA,AEA,EN,Combined TRACON& Tower with Radar,12,85,32,0,129,0,13,62,0,75,12,98,94,0,204,4,0,4,208
09/04/2008,ROA,VA,AEA,EN,Combined TRACON& Tower with Radar,9,63,38,0,110,0,7,29,2,38,9,70,67,2,148,106,0,106,254
09/05/2008,ROA,VA,AEA,EN,Combined TRACON& Tower with Radar,13,81,30,1,125,0,10,34,0,44,13,91,64,1,169,72,0,72,241
09/06/2008,ROA,VA,AEA,EN,Combined TRACON& Tower with Radar,9,57,15,0,81,0,6,18,0,24,9,63,33,0,105,56,0,56,161
09/07/2008,ROA,VA,AEA,EN,Combined TRACON& Tower with Radar,0,59,23,3,85,0,10,58,2,70,0,69,81,5,155,18,0,18,173
09/08/2008,ROA,VA,AEA,EN,Combined TRACON& Tower with Radar,2,81,27,2,112,0,14,59,0,73,2,95,86,2,185,56,0,56,241
09/09/2008,ROA,VA,AEA,EN,Combined TRACON& Tower with Radar,10,76,30,0,116,0,2,8,0,10,10,78,38,0,126,6,0,6,132
09/10/2008,ROA,VA,AEA,EN,Combined TRACON& Tower with Radar,11,66,31,3,111,0,0,12,0,12,11,66,43,3,123,54,0,54,177
09/11/2008,ROA,VA,AEA,EN,Combined TRACON& Tower with Radar,18,87,28,0,133,0,0,0,0,0,18,87,28,0,133,0,0,0,133
09/12/2008,ROA,VA,AEA,EN,Combined TRACON& Tower with Radar,16,69,17,5,107,0,1,16,0,17,16,70,33,5,124,10,0,10,134
09/13/2008,ROA,VA,AEA,EN,Combined TRACON& Tower with Radar,11,54,24,2,91,0,7,28,3,38,11,61,52,5,129,32,4,36,165
09/14/2008,ROA,VA,AEA,EN,Combined TRACON& Tower with Radar,0,68,23,5,96,0,10,22,0,32,0,78,45,5,128,20,0,20,148
09/15/2008,ROA,VA,AEA,EN,Combined TRACON& Tower with Radar,4,69,16,0,89,0,13,24,0,37,4,82,40,0,126,12,0,12,138
09/16/2008,ROA,VA,AEA,EN,Combined TRACON& Tower with Radar,11,74,33,1,119,0,4,26,1,31,11,78,59,2,150,38,0,38,188
09/17/2008,ROA,VA,AEA,EN,Combined TRACON& Tower with Radar,10,77,51,0,138,0,4,26,3,33,10,81,77,3,171,62,0,62,233
09/18/2008,ROA,VA,AEA,EN,Combined TRACON& Tower with Radar,10,69,47,8,134,0,5,47,0,52,10,74,94,8,186,72,0,72,258
09/19/2008,ROA,VA,AEA,EN,Combined TRACON& Tower with Radar,14,76,37,1,128,0,8,33,0,41,14,84,70,1,169,26,0,26,195
09/20/2008,ROA,VA,AEA,EN,Combined TRACON& Tower with Radar,8,58,22,0,88,0,14,37,0,51,8,72,59,0,139,0,0,0,139
09/21/2008,ROA,VA,AEA,EN,Combined TRACON& Tower with Radar,0,53,25,4,82,0,8,32,0,40,0,61,57,4,122,34,0,34,156
09/22/2008,ROA,VA,AEA,EN,Combined TRACON& Tower with Radar,4,70,36,0,110,0,16,43,0,59,4,86,79,0,169,26,0,26,195
09/23/2008,ROA,VA,AEA,EN,Combined TRACON& Tower with Radar,12,73,46,0,131,0,3,23,0,26,12,76,69,0,157,0,0,0,157
09/24/2008,ROA,VA,AEA,EN,Combined TRACON& Tower with Radar,12,73,30,4,119,0,14,34,4,52,12,87,64,8,171,18,0,18,189
09/25/2008,ROA,VA,AEA,EN,Combined TRACON& Tower with Radar,16,71,37,0,124,0,3,19,1,23,16,74,56,1,147,0,0,0,147
09/26/2008,ROA,VA,AEA,EN,Combined TRACON& Tower with Radar,16,77,29,0,122,0,0,3,0,3,16,77,32,0,125,0,0,0,125
09/27/2008,ROA,VA,AEA,EN,Combined TRACON& Tower with Radar,9,55,22,0,86,0,0,0,0,0,9,55,22,0,86,0,0,0,86
09/28/2008,ROA,VA,AEA,EN,Combined TRACON& Tower with Radar,3,70,31,0,104,0,15,22,0,37,3,85,53,0,141,20,0,20,161
09/29/2008,ROA,VA,AEA,EN,Combined TRACON& Tower with Radar,3,74,31,0,108,0,4,56,0,60,3,78,87,0,168,52,0,52,220
09/30/2008,ROA,VA,AEA,EN,Combined TRACON& Tower with Radar,10,83,36,0,129,0,4,31,0,35,10,87,67,0,164,38,0,38,202
10/01/2008,ROA,VA,AEA,EN,Combined TRACON& Tower with Radar,11,79,20,2,112,0,5,33,0,38,11,84,53,2,150,42,6,48,198
10/02/2008,ROA,VA,AEA,EN,Combined TRACON& Tower with Radar,14,78,30,0,122,0,7,31,0,38,14,85,61,0,160,36,0,36,196
10/03/2008,ROA,VA,AEA,EN,Combined TRACON& Tower with Radar,14,73,31,0,118,0,14,56,3,73,14,87,87,3,191,4,0,4,195
10/04/2008,ROA,VA,AEA,EN,Combined TRACON& Tower with Radar,6,59,18,0,83,0,12,59,0,71,6,71,77,0,154,8,2,10,164
10/05/2008,ROA,VA,AEA,EN,Combined TRACON& Tower with Radar,0,59,43,0,102,0,3,58,2,63,0,62,101,2,165,44,0,44,209
10/06/2008,ROA,VA,AEA,EN,Combined TRACON& Tower with Radar,4,70,34,3,111,0,12,32,0,44,4,82,66,3,155,96,2,98,253
10/07/2008,ROA,VA,AEA,EN,Combined TRACON& Tower with Radar,6,74,30,0,110,0,8,40,0,48,6,82,70,0,158,26,0,26,184
10/08/2008,ROA,VA,AEA,EN,Combined TRACON& Tower with Radar,7,70,33,10,120,0,2,7,0,9,7,72,40,10,129,26,18,44,173
10/09/2008,ROA,VA,AEA,EN,Combined TRACON& Tower with Radar,9,81,32,1,123,0,1,4,0,5,9,82,36,1,128,38,18,56,184
10/10/2008,ROA,VA,AEA,EN,Combined TRACON& Tower with Radar,9,71,34,0,114,0,4,17,0,21,9,75,51,0,135,8,0,8,143
10/11/2008,ROA,VA,AEA,EN,Combined TRACON& Tower with Radar,5,55,16,0,76,0,12,26,0,38,5,67,42,0,114,24,0,24,138
10/12/2008,ROA,VA,AEA,EN,Combined TRACON& Tower with Radar,2,56,24,0,82,0,8,43,0,51,2,64,67,0,133,28,0,28,161
10/13/2008,ROA,VA,AEA,EN,Combined TRACON& Tower with Radar,4,61,27,0,92,0,16,30,0,46,4,77,57,0,138,16,0,16,154
10/14/2008,ROA,VA,AEA,EN,Combined TRACON& Tower with Radar,9,72,43,5,129,0,3,45,0,48,9,75,88,5,177,16,18,34,211
10/15/2008,ROA,VA,AEA,EN,Combined TRACON& Tower with Radar,10,78,42,0,130,0,6,51,3,60,10,84,93,3,190,34,18,52,242
10/16/2008,ROA,VA,AEA,EN,Combined TRACON& Tower with Radar,8,67,35,0,110,0,2,16,0,18,8,69,51,0,128,60,0,60,188
10/17/2008,ROA,VA,AEA,EN,Combined TRACON& Tower with Radar,15,81,26,0,122,0,3,1,0,4,15,84,27,0,126,0,0,0,126
10/18/2008,ROA,VA,AEA,EN,Combined TRACON& Tower with Radar,4,60,21,0,85,0,14,21,0,35,4,74,42,0,120,26,0,26,146
10/19/2008,ROA,VA,AEA,EN,Combined TRACON& Tower with Radar,2,59,27,0,88,0,13,39,2,54,2,72,66,2,142,18,0,18,160
10/20/2008,ROA,VA,AEA,EN,Combined TRACON& Tower with Radar,38,67,21,1,127,0,10,43,0,53,38,77,64,1,180,26,0,26,206
10/21/2008,ROA,VA,AEA,EN,Combined TRACON& Tower with Radar,7,77,50,0,134,0,8,28,1,37,7,85,78,1,171,16,0,16,187
10/22/2008,ROA,VA,AEA,EN,Combined TRACON& Tower with Radar,8,82,30,0,120,0,5,72,0,77,8,87,102,0,197,20,0,20,217
10/23/2008,ROA,VA,AEA,EN,Combined TRACON& Tower with Radar,9,73,30,9,121,0,5,33,1,39,9,78,63,10,160,32,10,42,202
10/24/2008,ROA,VA,AEA,EN,Combined TRACON& Tower with Radar,12,76,33,0,121,0,1,5,0,6,12,77,38,0,127,0,52,52,179
10/25/2008,ROA,VA,AEA,EN,Combined TRACON& Tower with Radar,3,52,28,0,83,0,5,8,0,13,3,57,36,0,96,12,0,12,108
10/26/2008,ROA,VA,AEA,EN,Combined TRACON& Tower with Radar,2,69,43,0,114,0,22,48,1,71,2,91,91,1,185,10,0,10,195
10/27/2008,ROA,VA,AEA,EN,Combined TRACON& Tower with Radar,2,84,34,1,121,0,9,13,2,24,2,93,47,3,145,0,0,0,145
10/28/2008,ROA,VA,AEA,EN,Combined TRACON& Tower with Radar,9,75,24,0,108,0,3,6,0,9,9,78,30,0,117,0,0,0,117
10/29/2008,ROA,VA,AEA,EN,Combined TRACON& Tower with Radar,5,75,24,0,104,0,2,6,2,10,5,77,30,2,114,0,0,0,114
10/30/2008,ROA,VA,AEA,EN,Combined TRACON& Tower with Radar,9,71,54,0,134,0,19,54,0,73,9,90,108,0,207,0,0,0,207
10/31/2008,ROA,VA,AEA,EN,Combined TRACON& Tower with Radar,9,77,37,0,123,0,11,77,0,88,9,88,114,0,211,32,0,32,243
11/01/2008,ROA,VA,AEA,EN,Combined TRACON& Tower with Radar,6,56,12,0,74,0,19,46,0,65,6,75,58,0,139,48,0,48,187
11/02/2008,ROA,VA,AEA,EN,Combined TRACON& Tower with Radar,0,72,42,0,114,0,16,41,0,57,0,88,83,0,171,28,0,28,199
11/03/2008,ROA,VA,AEA,EN,Combined TRACON& Tower with Radar,3,74,24,2,103,0,4,14,2,20,3,78,38,4,123,54,0,54,177
11/04/2008,ROA,VA,AEA,EN,Combined TRACON& Tower with Radar,10,80,36,11,137,0,1,10,0,11,10,81,46,11,148,0,0,0,148
11/05/2008,ROA,VA,AEA,EN,Combined TRACON& Tower with Radar,8,80,17,0,105,0,8,14,0,22,8,88,31,0,127,44,0,44,171
11/06/2008,ROA,VA,AEA,EN,Combined TRACON& Tower with Radar,7,79,41,4,131,0,10,43,0,53,7,89,84,4,184,54,18,72,256
11/07/2008,ROA,VA,AEA,EN,Combined TRACON& Tower with Radar,9,73,33,7,122,0,6,48,0,54,9,79,81,7,176,82,10,92,268
11/08/2008,ROA,VA,AEA,EN,Combined TRACON& Tower with Radar,4,58,12,3,77,0,3,17,0,20,4,61,29,3,97,36,0,36,133
11/09/2008,ROA,VA,AEA,EN,Combined TRACON& Tower with Radar,0,65,26,0,91,0,11,21,0,32,0,76,47,0,123,0,0,0,123
11/10/2008,ROA,VA,AEA,EN,Combined TRACON& Tower with Radar,4,78,26,5,113,0,13,22,1,36,4,91,48,6,149,24,20,44,193
11/11/2008,ROA,VA,AEA,EN,Combined TRACON& Tower with Radar,7,76,41,0,124,0,10,33,0,43,7,86,74,0,167,8,0,8,175
11/12/2008,ROA,VA,AEA,EN,Combined TRACON& Tower with Radar,9,69,24,0,102,0,2,18,0,20,9,71,42,0,122,34,0,34,156
11/13/2008,ROA,VA,AEA,EN,Combined TRACON& Tower with Radar,7,82,22,0,111,0,3,0,0,3,7,85,22,0,114,0,0,0,114
11/14/2008,ROA,VA,AEA,EN,Combined TRACON& Tower with Radar,7,54,24,5,90,0,0,0,0,0,7,54,24,5,90,0,0,0,90
11/15/2008,ROA,VA,AEA,EN,Combined TRACON& Tower with Radar,5,64,7,0,76,0,2,5,0,7,5,66,12,0,83,0,0,0,83
11/16/2008,ROA,VA,AEA,EN,Combined TRACON& Tower with Radar,0,73,19,0,92,0,8,9,0,17,0,81,28,0,109,6,2,8,117
11/17/2008,ROA,VA,AEA,EN,Combined TRACON& Tower with Radar,4,74,19,0,97,0,2,18,4,24,4,76,37,4,121,48,0,48,169
11/18/2008,ROA,VA,AEA,EN,Combined TRACON& Tower with Radar,13,80,26,0,119,0,2,6,1,9,13,82,32,1,128,10,0,10,138
11/19/2008,ROA,VA,AEA,EN,Combined TRACON& Tower with Radar,8,75,30,1,114,0,8,26,1,35,8,83,56,2,149,46,0,46,195
11/20/2008,ROA,VA,AEA,EN,Combined TRACON& Tower with Radar,9,72,35,0,116,0,6,19,1,26,9,78,54,1,142,0,0,0,142
11/21/2008,ROA,VA,AEA,EN,Combined TRACON& Tower with Radar,11,77,30,2,120,0,4,17,0,21,11,81,47,2,141,0,0,0,141
11/22/2008,ROA,VA,AEA,EN,Combined TRACON& Tower with Radar,5,80,11,0,96,0,10,30,0,40,5,90,41,0,136,34,0,34,170
11/23/2008,ROA,VA,AEA,EN,Combined TRACON& Tower with Radar,0,66,18,0,84,0,5,51,0,56,0,71,69,0,140,40,0,40,180
11/24/2008,ROA,VA,AEA,EN,Combined TRACON& Tower with Radar,3,81,24,1,109,0,0,5,0,5,3,81,29,1,114,30,0,30,144
11/25/2008,ROA,VA,AEA,EN,Combined TRACON& Tower with Radar,8,79,12,0,99,0,3,4,1,8,8,82,16,1,107,2,0,2,109
11/26/2008,ROA,VA,AEA,EN,Combined TRACON& Tower with Radar,14,77,30,0,121,0,3,36,0,39,14,80,66,0,160,0,0,0,160
11/27/2008,ROA,VA,AEA,EN,Combined TRACON& Tower with Radar,2,37,9,0,48,0,7,12,0,19,2,44,21,0,67,10,0,10,77
11/28/2008,ROA,VA,AEA,EN,Combined TRACON& Tower with Radar,6,45,19,0,70,0,8,25,0,33,6,53,44,0,103,0,14,14,117
11/29/2008,ROA,VA,AEA,EN,Combined TRACON& Tower with Radar,8,67,18,0,93,0,2,26,0,28,8,69,44,0,121,10,0,10,131
11/30/2008,ROA,VA,AEA,EN,Combined TRACON& Tower with Radar,0,65,16,0,81,0,0,0,0,0,0,65,16,0,81,0,0,0,81
12/01/2008,ROA,VA,AEA,EN,Combined TRACON& Tower with Radar,2,70,23,0,95,0,5,4,0,9,2,75,27,0,104,0,0,0,104
12/02/2008,ROA,VA,AEA,EN,Combined TRACON& Tower with Radar,10,74,15,4,103,0,7,17,0,24,10,81,32,4,127,40,18,58,185
12/03/2008,ROA,VA,AEA,EN,Combined TRACON& Tower with Radar,9,71,20,7,107,0,13,30,11,54,9,84,50,18,161,30,4,34,195
12/04/2008,ROA,VA,AEA,EN,Combined TRACON& Tower with Radar,10,68,23,8,109,0,3,15,0,18,10,71,38,8,127,0,0,0,127
12/05/2008,ROA,VA,AEA,EN,Combined TRACON& Tower with Radar,14,75,16,0,105,0,12,26,0,38,14,87,42,0,143,0,0,0,143
12/06/2008,ROA,VA,AEA,EN,Combined TRACON& Tower with Radar,7,56,18,0,81,0,10,19,0,29,7,66,37,0,110,12,0,12,122
12/07/2008,ROA,VA,AEA,EN,Combined TRACON& Tower with Radar,4,54,16,0,74,0,0,13,1,14,4,54,29,1,88,16,0,16,104
12/08/2008,ROA,VA,AEA,EN,Combined TRACON& Tower with Radar,3,67,17,8,95,0,10,12,1,23,3,77,29,9,118,2,8,10,128
12/09/2008,ROA,VA,AEA,EN,Combined TRACON& Tower with Radar,10,69,23,0,102,0,3,10,0,13,10,72,33,0,115,0,0,0,115
12/10/2008,ROA,VA,AEA,EN,Combined TRACON& Tower with Radar,8,59,16,0,83,0,0,3,0,3,8,59,19,0,86,38,4,42,128
12/11/2008,ROA,VA,AEA,EN,Combined TRACON& Tower with Radar,15,59,6,0,80,0,0,0,0,0,15,59,6,0,80,0,0,0,80
12/12/2008,ROA,VA,AEA,EN,Combined TRACON& Tower with Radar,8,76,26,0,110,0,2,10,2,14,8,78,36,2,124,28,0,28,152
12/13/2008,ROA,VA,AEA,EN,Combined TRACON& Tower with Radar,5,55,24,1,85,0,5,53,0,58,5,60,77,1,143,30,0,30,173
12/14/2008,ROA,VA,AEA,EN,Combined TRACON& Tower with Radar,0,58,23,0,81,0,2,40,0,42,0,60,63,0,123,0,0,0,123
12/15/2008,ROA,VA,AEA,EN,Combined TRACON& Tower with Radar,3,65,45,0,113,0,7,4,0,11,3,72,49,0,124,20,0,20,144
12/16/2008,ROA,VA,AEA,EN,Combined TRACON& Tower with Radar,13,69,17,0,99,0,7,0,0,7,13,76,17,0,106,0,0,0,106
12/17/2008,ROA,VA,AEA,EN,Combined TRACON& Tower with Radar,15,66,17,0,98,0,0,3,0,3,15,66,20,0,101,38,0,38,139
12/18/2008,ROA,VA,AEA,EN,Combined TRACON& Tower with Radar,14,32,12,0,58,0,0,1,0,1,14,32,13,0,59,0,0,0,59
12/19/2008,ROA,VA,AEA,EN,Combined TRACON& Tower with Radar,8,41,11,0,60,0,0,0,0,0,8,41,11,0,60,0,0,0,60
12/20/2008,ROA,VA,AEA,EN,Combined TRACON& Tower with Radar,12,49,19,4,84,0,1,19,0,20,12,50,38,4,104,8,0,8,112
12/21/2008,ROA,VA,AEA,EN,Combined TRACON& Tower with Radar,2,70,7,0,79,0,0,1,0,1,2,70,8,0,80,8,0,8,88
12/22/2008,ROA,VA,AEA,EN,Combined TRACON& Tower with Radar,4,71,17,0,92,0,7,13,1,21,4,78,30,1,113,18,8,26,139
12/23/2008,ROA,VA,AEA,EN,Combined TRACON& Tower with Radar,18,77,30,0,125,0,14,48,0,62,18,91,78,0,187,18,0,18,205
12/24/2008,ROA,VA,AEA,EN,Combined TRACON& Tower with Radar,9,55,7,0,71,0,4,2,0,6,9,59,9,0,77,20,18,38,115
12/25/2008,ROA,VA,AEA,EN,Combined TRACON& Tower with Radar,3,41,5,0,49,0,11,17,0,28,3,52,22,0,77,18,0,18,95
12/26/2008,ROA,VA,AEA,EN,Combined TRACON& Tower with Radar,9,59,9,0,77,0,4,16,0,20,9,63,25,0,97,32,0,32,129
12/27/2008,ROA,VA,AEA,EN,Combined TRACON& Tower with Radar,8,47,15,0,70,0,6,12,0,18,8,53,27,0,88,0,28,28,116
12/28/2008,ROA,VA,AEA,EN,Combined TRACON& Tower with Radar,2,56,11,0,69,0,2,2,0,4,2,58,13,0,73,0,0,0,73
12/29/2008,ROA,VA,AEA,EN,Combined TRACON& Tower with Radar,2,58,14,4,78,0,4,23,0,27,2,62,37,4,105,56,6,62,167
12/30/2008,ROA,VA,AEA,EN,Combined TRACON& Tower with Radar,10,60,13,0,83,0,1,50,0,51,10,61,63,0,134,4,0,4,138
12/31/2008,ROA,VA,AEA,EN,Combined TRACON& Tower with Radar,6,52,0,0,58,0,0,2,0,2,6,52,2,0,60,0,0,0,60
01/01/2009,ROA,VA,AEA,EN,Combined TRACON& Tower with Radar,2,49,24,0,75,0,5,11,0,16,2,54,35,0,91,0,0,0,91
01/02/2009,ROA,VA,AEA,EN,Combined TRACON& Tower with Radar,7,60,10,0,77,0,5,6,0,11,7,65,16,0,88,14,0,14,102
01/03/2009,ROA,VA,AEA,EN,Combined TRACON& Tower with Radar,6,59,24,0,89,0,3,39,0,42,6,62,63,0,131,54,0,54,185
01/04/2009,ROA,VA,AEA,EN,Combined TRACON& Tower with Radar,1,55,11,0,67,0,1,7,0,8,1,56,18,0,75,16,0,16,91
01/05/2009,ROA,VA,AEA,EN,Combined TRACON& Tower with Radar,2,76,28,0,106,0,2,17,0,19,2,78,45,0,125,42,0,42,167
01/06/2009,ROA,VA,AEA,EN,Combined TRACON& Tower with Radar,10,63,15,0,88,0,0,0,0,0,10,63,15,0,88,0,0,0,88
01/07/2009,ROA,VA,AEA,EN,Combined TRACON& Tower with Radar,10,69,14,0,93,0,2,1,0,3,10,71,15,0,96,0,0,0,96
01/08/2009,ROA,VA,AEA,EN,Combined TRACON& Tower with Radar,6,63,12,1,82,0,4,6,0,10,6,67,18,1,92,8,0,8,100
01/09/2009,ROA,VA,AEA,EN,Combined TRACON& Tower with Radar,10,59,25,2,96,0,14,51,1,66,10,73,76,3,162,54,4,58,220
01/10/2009,ROA,VA,AEA,EN,Combined TRACON& Tower with Radar,5,50,12,0,67,0,11,17,0,28,5,61,29,0,95,28,0,28,123
01/11/2009,ROA,VA,AEA,EN,Combined TRACON& Tower with Radar,0,50,27,0,77,0,6,8,1,15,0,56,35,1,92,10,0,10,102
01/12/2009,ROA,VA,AEA,EN,Combined TRACON& Tower with Radar,6,63,34,7,110,0,12,22,0,34,6,75,56,7,144,64,16,80,224
01/13/2009,ROA,VA,AEA,EN,Combined TRACON& Tower with Radar,9,69,24,5,107,0,9,37,2,48,9,78,61,7,155,28,10,38,193
01/14/2009,ROA,VA,AEA,EN,Combined TRACON& Tower with Radar,9,59,24,0,92,0,11,12,0,23,9,70,36,0,115,0,0,0,115
01/15/2009,ROA,VA,AEA,EN,Combined TRACON& Tower with Radar,6,57,22,0,85,0,0,0,0,0,6,57,22,0,85,0,0,0,85
01/16/2009,ROA,VA,AEA,EN,Combined TRACON& Tower with Radar,8,72,24,0,104,0,0,19,1,20,8,72,43,1,124,0,0,0,124
01/17/2009,ROA,VA,AEA,EN,Combined TRACON& Tower with Radar,6,55,17,0,78,0,17,11,6,34,6,72,28,6,112,6,0,6,118
01/18/2009,ROA,VA,AEA,EN,Combined TRACON& Tower with Radar,0,49,9,0,58,0,6,2,0,8,0,55,11,0,66,0,0,0,66
01/19/2009,ROA,VA,AEA,EN,Combined TRACON& Tower with Radar,2,58,20,0,80,0,1,14,0,15,2,59,34,0,95,28,0,28,123
01/20/2009,ROA,VA,AEA,EN,Combined TRACON& Tower with Radar,10,61,20,0,91,0,4,11,3,18,10,65,31,3,109,0,0,0,109
01/21/2009,ROA,VA,AEA,EN,Combined TRACON& Tower with Radar,8,59,34,0,101,0,3,8,12,23,8,62,42,12,124,10,0,10,134
01/22/2009,ROA,VA,AEA,EN,Combined TRACON& Tower with Radar,7,68,14,6,95,0,4,32,0,36,7,72,46,6,131,38,12,50,181
01/23/2009,ROA,VA,AEA,EN,Combined TRACON& Tower with Radar,9,60,15,5,89,0,13,29,2,44,9,73,44,7,133,130,0,130,263
01/24/2009,ROA,VA,AEA,EN,Combined TRACON& Tower with Radar,6,53,11,0,70,0,7,23,0,30,6,60,34,0,100,30,4,34,134
01/25/2009,ROA,VA,AEA,EN,Combined TRACON& Tower with Radar,0,51,8,0,59,0,9,23,0,32,0,60,31,0,91,0,0,0,91
01/26/2009,ROA,VA,AEA,EN,Combined TRACON& Tower with Radar,1,59,27,0,87,0,2,8,0,10,1,61,35,0,97,136,0,136,233
01/27/2009,ROA,VA,AEA,EN,Combined TRACON& Tower with Radar,8,51,12,0,71,0,0,2,0,2,8,51,14,0,73,0,0,0,73
01/28/2009,ROA,VA,AEA,EN,Combined TRACON& Tower with Radar,12,40,5,0,57,0,0,0,0,0,12,40,5,0,57,24,0,24,81
01/29/2009,ROA,VA,AEA,EN,Combined TRACON& Tower with Radar,6,71,21,0,98,0,10,36,4,50,6,81,57,4,148,56,0,56,204
01/30/2009,ROA,VA,AEA,EN,Combined TRACON& Tower with Radar,7,69,21,8,105,0,8,11,1,20,7,77,32,9,125,80,0,80,205
01/31/2009,ROA,VA,AEA,EN,Combined TRACON& Tower with Radar,5,48,10,0,63,0,8,24,1,33,5,56,34,1,96,48,0,48,144
02/01/2009,ROA,VA,AEA,EN,Combined TRACON& Tower with Radar,0,55,8,0,63,0,5,17,0,22,0,60,25,0,85,4,0,4,89
02/02/2009,ROA,VA,AEA,EN,Combined TRACON& Tower with Radar,3,63,14,0,80,0,5,16,0,21,3,68,30,0,101,62,0,62,163
02/03/2009,ROA,VA,AEA,EN,Combined TRACON& Tower with Radar,12,52,15,3,82,0,4,9,1,14,12,56,24,4,96,0,0,0,96
02/04/2009,ROA,VA,AEA,EN,Combined TRACON& Tower with Radar,7,69,19,0,95,0,4,5,0,9,7,73,24,0,104,46,0,46,150
02/05/2009,ROA,VA,AEA,EN,Combined TRACON& Tower with Radar,8,79,22,2,111,0,5,23,4,32,8,84,45,6,143,0,0,0,143
02/06/2009,ROA,VA,AEA,EN,Combined TRACON& Tower with Radar,10,76,24,0,110,0,12,32,2,46,10,88,56,2,156,78,0,78,234
02/07/2009,ROA,VA,AEA,EN,Combined TRACON& Tower with Radar,6,55,36,0,97,0,5,41,0,46,6,60,77,0,143,30,0,30,173
02/08/2009,ROA,VA,AEA,EN,Combined TRACON& Tower with Radar,0,55,10,0,65,0,1,24,0,25,0,56,34,0,90,14,0,14,104
02/09/2009,ROA,VA,AEA,EN,Combined TRACON& Tower with Radar,4,70,21,3,98,0,4,38,2,44,4,74,59,5,142,80,8,88,230
02/10/2009,ROA,VA,AEA,EN,Combined TRACON& Tower with Radar,8,58,26,0,92,0,4,21,0,25,8,62,47,0,117,54,0,54,171
02/11/2009,ROA,VA,AEA,EN,Combined TRACON& Tower with Radar,10,60,13,0,83,0,5,7,0,12,10,65,20,0,95,0,0,0,95
02/12/2009,ROA,VA,AEA,EN,Combined TRACON& Tower with Radar,6,67,16,0,89,0,0,4,0,4,6,67,20,0,93,0,0,0,93
02/13/2009,ROA,VA,AEA,EN,Combined TRACON& Tower with Radar,7,71,35,0,113,0,3,9,1,13,7,74,44,1,126,0,0,0,126
02/14/2009,ROA,VA,AEA,EN,Combined TRACON& Tower with Radar,7,46,9,2,64,0,8,38,0,46,7,54,47,2,110,86,0,86,196
02/15/2009,ROA,VA,AEA,EN,Combined TRACON& Tower with Radar,0,52,12,0,64,0,9,50,1,60,0,61,62,1,124,56,0,56,180
02/16/2009,ROA,VA,AEA,EN,Combined TRACON& Tower with Radar,3,56,17,0,76,0,4,16,0,20,3,60,33,0,96,34,0,34,130
02/17/2009,ROA,VA,AEA,EN,Combined TRACON& Tower with Radar,8,64,26,0,98,0,4,41,0,45,8,68,67,0,143,108,0,108,251
02/18/2009,ROA,VA,AEA,EN,Combined TRACON& Tower with Radar,9,65,29,0,103,0,0,0,0,0,9,65,29,0,103,0,0,0,103
02/19/2009,ROA,VA,AEA,EN,Combined TRACON& Tower with Radar,4,64,32,0,100,0,4,7,0,11,4,68,39,0,111,0,0,0,111
02/20/2009,ROA,VA,AEA,EN,Combined TRACON& Tower with Radar,13,73,27,1,114,0,4,23,1,28,13,77,50,2,142,0,0,0,142
02/21/2009,ROA,VA,AEA,EN,Combined TRACON& Tower with Radar,7,49,6,0,62,0,4,46,1,51,7,53,52,1,113,56,0,56,169
02/22/2009,ROA,VA,AEA,EN,Combined TRACON& Tower with Radar,0,59,14,0,73,0,11,2,0,13,0,70,16,0,86,0,0,0,86
02/23/2009,ROA,VA,AEA,EN,Combined TRACON& Tower with Radar,5,68,27,8,108,0,1,17,0,18,5,69,44,8,126,0,0,0,126
02/24/2009,ROA,VA,AEA,EN,Combined TRACON& Tower with Radar,8,59,35,4,106,0,9,25,0,34,8,68,60,4,140,0,0,0,140
02/25/2009,ROA,VA,AEA,EN,Combined TRACON& Tower with Radar,6,66,22,0,94,0,8,27,0,35,6,74,49,0,129,0,0,0,129
02/26/2009,ROA,VA,AEA,EN,Combined TRACON& Tower with Radar,6,79,30,9,124,0,5,46,0,51,6,84,76,9,175,76,36,112,287
02/27/2009,ROA,VA,AEA,EN,Combined TRACON& Tower with Radar,9,67,18,0,94,3,8,0,0,11,12,75,18,0,105,0,0,0,105
02/28/2009,ROA,VA,AEA,EN,Combined TRACON& Tower with Radar,7,54,16,0,77,0,2,6,0,8,7,56,22,0,85,0,0,0,85
03/01/2009,ROA,VA,AEA,EN,Combined TRACON& Tower with Radar,0,36,6,0,42,0,0,0,0,0,0,36,6,0,42,0,0,0,42
03/02/2009,ROA,VA,AEA,EN,Combined TRACON& Tower with Radar,1,35,10,1,47,0,8,9,1,18,1,43,19,2,65,6,0,6,71
03/03/2009,ROA,VA,AEA,EN,Combined TRACON& Tower with Radar,11,66,17,0,94,0,4,13,0,17,11,70,30,0,111,10,0,10,121
03/04/2009,ROA,VA,AEA,EN,Combined TRACON& Tower with Radar,10,66,20,0,96,0,2,28,0,30,10,68,48,0,126,26,0,26,152
03/05/2009,ROA,VA,AEA,EN,Combined TRACON& Tower with Radar,7,62,25,0,94,0,6,19,1,26,7,68,44,1,120,24,0,24,144
03/06/2009,ROA,VA,AEA,EN,Combined TRACON& Tower with Radar,7,71,15,0,93,0,9,23,0,32,7,80,38,0,125,34,0,34,159
03/07/2009,ROA,VA,AEA,EN,Combined TRACON& Tower with Radar,8,51,14,0,73,0,8,35,0,43,8,59,49,0,116,62,0,62,178
03/08/2009,ROA,VA,AEA,EN,Combined TRACON& Tower with Radar,0,55,9,2,66,0,9,19,0,28,0,64,28,2,94,0,0,0,94
03/09/2009,ROA,VA,AEA,EN,Combined TRACON& Tower with Radar,3,54,12,0,69,0,3,5,0,8,3,57,17,0,77,0,0,0,77
03/10/2009,ROA,VA,AEA,EN,Combined TRACON& Tower with Radar,10,69,29,0,108,0,12,14,0,26,10,81,43,0,134,42,0,42,176
03/11/2009,ROA,VA,AEA,EN,Combined TRACON& Tower with Radar,8,60,30,0,98,0,9,9,0,18,8,69,39,0,116,10,0,10,126
03/12/2009,ROA,VA,AEA,EN,Combined TRACON& Tower with Radar,9,63,33,0,105,0,8,13,0,21,9,71,46,0,126,0,0,0,126
03/13/2009,ROA,VA,AEA,EN,Combined TRACON& Tower with Radar,7,66,13,2,88,0,0,0,0,0,7,66,13,2,88,0,0,0,88
03/14/2009,ROA,VA,AEA,EN,Combined TRACON& Tower with Radar,5,47,6,0,58,0,0,0,0,0,5,47,6,0,58,0,0,0,58
03/15/2009,ROA,VA,AEA,EN,Combined TRACON& Tower with Radar,0,49,9,0,58,0,0,0,0,0,0,49,9,0,58,0,0,0,58
03/16/2009,ROA,VA,AEA,EN,Combined TRACON& Tower with Radar,5,57,7,0,69,0,0,0,0,0,5,57,7,0,69,0,0,0,69
03/17/2009,ROA,VA,AEA,EN,Combined TRACON& Tower with Radar,7,62,27,3,99,0,9,15,0,24,7,71,42,3,123,78,0,78,201
03/18/2009,ROA,VA,AEA,EN,Combined TRACON& Tower with Radar,6,54,27,8,95,0,1,41,7,49,6,55,68,15,144,226,6,232,376
03/19/2009,ROA,VA,AEA,EN,Combined TRACON& Tower with Radar,12,64,18,0,94,0,4,9,4,17,12,68,27,4,111,30,0,30,141
03/20/2009,ROA,VA,AEA,EN,Combined TRACON& Tower with Radar,9,65,20,11,105,0,14,37,0,51,9,79,57,11,156,24,20,44,200
03/21/2009,ROA,VA,AEA,EN,Combined TRACON& Tower with Radar,10,49,24,1,84,0,13,50,5,68,10,62,74,6,152,44,0,44,196
03/22/2009,ROA,VA,AEA,EN,Combined TRACON& Tower with Radar,0,48,30,5,83,0,13,67,3,83,0,61,97,8,166,26,0,26,192
03/23/2009,ROA,VA,AEA,EN,Combined TRACON& Tower with Radar,3,56,34,0,93,0,13,40,0,53,3,69,74,0,146,156,0,156,302
03/24/2009,ROA,VA,AEA,EN,Combined TRACON& Tower with Radar,9,68,28,0,105,0,11,28,0,39,9,79,56,0,144,142,0,142,286
03/25/2009,ROA,VA,AEA,EN,Combined TRACON& Tower with Radar,11,58,28,0,97,0,0,9,0,9,11,58,37,0,106,58,0,58,164
03/26/2009,ROA,VA,AEA,EN,Combined TRACON& Tower with Radar,10,60,13,0,83,0,0,0,0,0,10,60,13,0,83,0,0,0,83
03/27/2009,ROA,VA,AEA,EN,Combined TRACON& Tower with Radar,9,61,24,2,96,0,2,2,0,4,9,63,26,2,100,44,0,44,144
03/28/2009,ROA,VA,AEA,EN,Combined TRACON& Tower with Radar,5,45,16,0,66,0,0,0,0,0,5,45,16,0,66,0,0,0,66
03/29/2009,ROA,VA,AEA,EN,Combined TRACON& Tower with Radar,1,50,8,5,64,0,5,8,0,13,1,55,16,5,77,0,0,0,77
03/30/2009,ROA,VA,AEA,EN,Combined TRACON& Tower with Radar,2,55,7,0,64,0,7,14,2,23,2,62,21,2,87,0,0,0,87
03/31/2009,ROA,VA,AEA,EN,Combined TRACON& Tower with Radar,10,68,25,0,103,0,0,22,0,22,10,68,47,0,125,54,0,54,179
04/01/2009,ROA,VA,AEA,EN,Combined TRACON& Tower with Radar,8,51,10,0,69,0,0,0,0,0,8,51,10,0,69,0,0,0,69
04/02/2009,ROA,VA,AEA,EN,Combined TRACON& Tower with Radar,7,62,12,0,81,0,0,0,0,0,7,62,12,0,81,0,0,0,81
04/03/2009,ROA,VA,AEA,EN,Combined TRACON& Tower with Radar,11,52,11,0,74,0,3,3,0,6,11,55,14,0,80,0,0,0,80
04/04/2009,ROA,VA,AEA,EN,Combined TRACON& Tower with Radar,7,44,7,0,58,0,9,12,0,21,7,53,19,0,79,0,0,0,79
04/05/2009,ROA,VA,AEA,EN,Combined TRACON& Tower with Radar,1,56,21,0,78,0,19,40,0,59,1,75,61,0,137,42,0,42,179
04/06/2009,ROA,VA,AEA,EN,Combined TRACON& Tower with Radar,2,56,18,0,76,0,4,2,0,6,2,60,20,0,82,0,0,0,82
04/07/2009,ROA,VA,AEA,EN,Combined TRACON& Tower with Radar,10,60,14,1,85,0,1,0,0,1,10,61,14,1,86,0,0,0,86
04/08/2009,ROA,VA,AEA,EN,Combined TRACON& Tower with Radar,8,58,17,0,83,0,9,10,2,21,8,67,27,2,104,42,0,42,146
04/09/2009,ROA,VA,AEA,EN,Combined TRACON& Tower with Radar,10,64,39,0,113,0,12,32,0,44,10,76,71,0,157,74,0,74,231
04/10/2009,ROA,VA,AEA,EN,Combined TRACON& Tower with Radar,11,59,24,2,96,0,9,30,0,39,11,68,54,2,135,24,0,24,159
04/11/2009,ROA,VA,AEA,EN,Combined TRACON& Tower with Radar,6,49,7,0,62,0,11,15,0,26,6,60,22,0,88,0,0,0,88
04/12/2009,ROA,VA,AEA,EN,Combined TRACON& Tower with Radar,4,52,14,0,70,0,5,30,0,35,4,57,44,0,105,0,0,0,105
04/13/2009,ROA,VA,AEA,EN,Combined TRACON& Tower with Radar,4,58,17,0,79,0,8,6,0,14,4,66,23,0,93,48,0,48,141
04/14/2009,ROA,VA,AEA,EN,Combined TRACON& Tower with Radar,8,68,19,0,95,0,0,0,0,0,8,68,19,0,95,0,4,4,99
04/15/2009,ROA,VA,AEA,EN,Combined TRACON& Tower with Radar,7,61,25,8,101,0,0,5,1,6,7,61,30,9,107,8,8,16,123
04/16/2009,ROA,VA,AEA,EN,Combined TRACON& Tower with Radar,11,69,26,0,106,0,6,39,4,49,11,75,65,4,155,0,0,0,155
04/17/2009,ROA,VA,AEA,EN,Combined TRACON& Tower with Radar,8,65,27,4,104,0,6,54,1,61,8,71,81,5,165,0,0,0,165
04/18/2009,ROA,VA,AEA,EN,Combined TRACON& Tower with Radar,6,44,13,0,63,0,14,52,0,66,6,58,65,0,129,0,0,0,129
04/19/2009,ROA,VA,AEA,EN,Combined TRACON& Tower with Radar,2,56,16,6,80,0,9,28,0,37,2,65,44,6,117,6,4,10,127
04/20/2009,ROA,VA,AEA,EN,Combined TRACON& Tower with Radar,4,59,16,0,79,0,3,6,0,9,4,62,22,0,88,0,0,0,88
04/21/2009,ROA,VA,AEA,EN,Combined TRACON& Tower with Radar,10,61,30,5,106,0,5,15,2,22,10,66,45,7,128,22,0,22,150
04/22/2009,ROA,VA,AEA,EN,Combined TRACON& Tower with Radar,7,64,34,10,115,0,0,6,0,6,7,64,40,10,121,20,0,20,141
04/23/2009,ROA,VA,AEA,EN,Combined TRACON& Tower with Radar,10,63,31,5,109,0,10,37,3,50,10,73,68,8,159,54,0,54,213
04/24/2009,ROA,VA,AEA,EN,Combined TRACON& Tower with Radar,6,61,36,6,109,0,10,51,0,61,6,71,87,6,170,58,4,62,232
04/25/2009,ROA,VA,AEA,EN,Combined TRACON& Tower with Radar,6,55,16,1,78,0,11,29,0,40,6,66,45,1,118,52,4,56,174
04/26/2009,ROA,VA,AEA,EN,Combined TRACON& Tower with Radar,0,56,29,4,89,0,12,35,1,48,0,68,64,5,137,66,6,72,209
04/27/2009,ROA,VA,AEA,EN,Combined TRACON& Tower with Radar,4,65,15,0,84,0,6,19,0,25,4,71,34,0,109,64,4,68,177
04/28/2009,ROA,VA,AEA,EN,Combined TRACON& Tower with Radar,10,57,32,4,103,0,4,40,0,44,10,61,72,4,147,142,4,146,293
04/29/2009,ROA,VA,AEA,EN,Combined TRACON& Tower with Radar,8,59,22,0,89,0,14,19,0,33,8,73,41,0,122,68,0,68,190
04/30/2009,ROA,VA,AEA,EN,Combined TRACON& Tower with Radar,8,60,51,2,121,0,2,6,0,8,8,62,57,2,129,76,4,80,209
05/01/2009,ROA,VA,AEA,EN,Combined TRACON& Tower with Radar,9,65,15,9,98,0,12,9,0,21,9,77,24,9,119,60,4,64,183
05/02/2009,ROA,VA,AEA,EN,Combined TRACON& Tower with Radar,8,48,14,0,70,0,7,7,0,14,8,55,21,0,84,60,4,64,148
05/03/2009,ROA,VA,AEA,EN,Combined TRACON& Tower with Radar,0,64,10,2,76,0,3,0,0,3,0,67,10,2,79,60,4,64,143
05/04/2009,ROA,VA,AEA,EN,Combined TRACON& Tower with Radar,5,50,19,0,74,0,2,2,0,4,5,52,21,0,78,60,4,64,142
05/05/2009,ROA,VA,AEA,EN,Combined TRACON& Tower with Radar,8,64,18,2,92,0,0,0,0,0,8,64,18,2,92,60,4,64,156
05/06/2009,ROA,VA,AEA,EN,Combined TRACON& Tower with Radar,12,58,29,0,99,0,0,1,0,1,12,58,30,0,100,60,4,64,164
05/07/2009,ROA,VA,AEA,EN,Combined TRACON& Tower with Radar,9,69,37,0,115,0,10,12,0,22,9,79,49,0,137,14,6,20,157
05/08/2009,ROA,VA,AEA,EN,Combined TRACON& Tower with Radar,6,66,29,0,101,0,5,29,0,34,6,71,58,0,135,70,0,70,205
05/09/2009,ROA,VA,AEA,EN,Combined TRACON& Tower with Radar,5,50,17,0,72,0,3,12,0,15,5,53,29,0,87,0,12,12,99
05/10/2009,ROA,VA,AEA,EN,Combined TRACON& Tower with Radar,0,58,21,0,79,0,12,28,0,40,0,70,49,0,119,16,0,16,135
05/11/2009,ROA,VA,AEA,EN,Combined TRACON& Tower with Radar,3,66,34,1,104,0,4,6,0,10,3,70,40,1,114,16,0,16,130
05/12/2009,ROA,VA,AEA,EN,Combined TRACON& Tower with Radar,8,55,32,0,95,0,9,52,0,61,8,64,84,0,156,10,0,10,166
05/13/2009,ROA,VA,AEA,EN,Combined TRACON& Tower with Radar,10,65,33,0,108,0,12,34,1,47,10,77,67,1,155,134,0,134,289
05/14/2009,ROA,VA,AEA,EN,Combined TRACON& Tower with Radar,8,61,31,4,104,0,8,17,0,25,8,69,48,4,129,62,0,62,191
05/15/2009,ROA,VA,AEA,EN,Combined TRACON& Tower with Radar,10,67,27,0,104,0,4,0,0,4,10,71,27,0,108,112,0,112,220
05/16/2009,ROA,VA,AEA,EN,Combined TRACON& Tower with Radar,7,55,21,1,84,0,6,23,0,29,7,61,44,1,113,266,2,268,381
05/17/2009,ROA,VA,AEA,EN,Combined TRACON& Tower with Radar,0,52,15,13,80,0,6,10,0,16,0,58,25,13,96,16,0,16,112
05/18/2009,ROA,VA,AEA,EN,Combined TRACON& Tower with Radar,5,64,26,2,97,0,3,36,1,40,5,67,62,3,137,36,0,36,173
05/19/2009,ROA,VA,AEA,EN,Combined TRACON& Tower with Radar,7,60,30,13,110,0,13,57,4,74,7,73,87,17,184,26,10,36,220
05/20/2009,ROA,VA,AEA,EN,Combined TRACON& Tower with Radar,10,58,30,2,100,0,18,49,1,68,10,76,79,3,168,14,20,34,202
05/21/2009,ROA,VA,AEA,EN,Combined TRACON& Tower with Radar,6,59,23,1,89,0,19,39,1,59,6,78,62,2,148,4,0,4,152
05/22/2009,ROA,VA,AEA,EN,Combined TRACON& Tower with Radar,9,63,34,2,108,0,10,40,0,50,9,73,74,2,158,12,0,12,170
05/23/2009,ROA,VA,AEA,EN,Combined TRACON& Tower with Radar,6,50,25,0,81,0,11,49,0,60,6,61,74,0,141,44,0,44,185
05/24/2009,ROA,VA,AEA,EN,Combined TRACON& Tower with Radar,5,41,12,1,59,0,16,14,0,30,5,57,26,1,89,6,0,6,95
05/25/2009,ROA,VA,AEA,EN,Combined TRACON& Tower with Radar,3,55,17,4,79,0,11,11,0,22,3,66,28,4,101,28,0,28,129
05/26/2009,ROA,VA,AEA,EN,Combined TRACON& Tower with Radar,3,57,15,0,75,0,1,1,0,2,3,58,16,0,77,0,0,0,77
05/27/2009,ROA,VA,AEA,EN,Combined TRACON& Tower with Radar,19,75,13,0,107,0,0,1,0,1,19,75,14,0,108,4,0,4,112
05/28/2009,ROA,VA,AEA,EN,Combined TRACON& Tower with Radar,9,61,18,3,91,0,0,3,0,3,9,61,21,3,94,4,0,4,98
05/29/2009,ROA,VA,AEA,EN,Combined TRACON& Tower with Radar,10,63,25,0,98,0,4,20,0,24,10,67,45,0,122,42,0,42,164
05/30/2009,ROA,VA,AEA,EN,Combined TRACON& Tower with Radar,3,44,22,2,71,0,12,38,0,50,3,56,60,2,121,4,0,4,125
05/31/2009,ROA,VA,AEA,EN,Combined TRACON& Tower with Radar,0,55,15,1,71,0,6,24,0,30,0,61,39,1,101,4,0,4,105
06/01/2009,ROA,VA,AEA,EN,Combined TRACON& Tower with Radar,6,63,22,2,93,0,0,28,2,30,6,63,50,4,123,0,0,0,123
06/02/2009,ROA,VA,AEA,EN,Combined TRACON& Tower with Radar,8,74,26,2,110,0,6,59,0,65,8,80,85,2,175,34,0,34,209
06/03/2009,ROA,VA,AEA,EN,Combined TRACON& Tower with Radar,12,67,23,0,102,0,0,47,0,47,12,67,70,0,149,22,0,22,171
06/04/2009,ROA,VA,AEA,EN,Combined TRACON& Tower with Radar,8,74,25,0,107,0,0,8,0,8,8,74,33,0,115,14,0,14,129
06/05/2009,ROA,VA,AEA,EN,Combined TRACON& Tower with Radar,11,72,13,5,101,0,1,2,0,3,11,73,15,5,104,0,0,0,104
06/06/2009,ROA,VA,AEA,EN,Combined TRACON& Tower with Radar,3,53,18,1,75,0,0,35,1,36,3,53,53,2,111,8,0,8,119
06/07/2009,ROA,VA,AEA,EN,Combined TRACON& Tower with Radar,2,59,27,6,94,0,1,25,3,29,2,60,52,9,123,0,0,0,123
06/08/2009,ROA,VA,AEA,EN,Combined TRACON& Tower with Radar,6,65,31,2,104,0,0,17,2,19,6,65,48,4,123,20,0,20,143
06/09/2009,ROA,VA,AEA,EN,Combined TRACON& Tower with Radar,8,56,22,0,86,0,0,35,0,35,8,56,57,0,121,2,0,2,123
06/10/2009,ROA,VA,AEA,EN,Combined TRACON& Tower with Radar,10,64,30,0,104,0,2,90,0,92,10,66,120,0,196,8,0,8,204
06/11/2009,ROA,VA,AEA,EN,Combined TRACON& Tower with Radar,8,67,20,0,95,0,0,2,0,2,8,67,22,0,97,0,0,0,97
06/12/2009,ROA,VA,AEA,EN,Combined TRACON& Tower with Radar,12,64,38,2,116,0,0,19,4,23,12,64,57,6,139,48,0,48,187
06/13/2009,ROA,VA,AEA,EN,Combined TRACON& Tower with Radar,6,53,26,2,87,0,9,10,0,19,6,62,36,2,106,0,0,0,106
06/14/2009,ROA,VA,AEA,EN,Combined TRACON& Tower with Radar,2,60,35,0,97,0,0,15,0,15,2,60,50,0,112,0,0,0,112
06/15/2009,ROA,VA,AEA,EN,Combined TRACON& Tower with Radar,6,64,25,0,95,0,1,5,0,6,6,65,30,0,101,52,0,52,153
06/16/2009,ROA,VA,AEA,EN,Combined TRACON& Tower with Radar,8,66,39,0,113,0,0,2,0,2,8,66,41,0,115,0,0,0,115
06/17/2009,ROA,VA,AEA,EN,Combined TRACON& Tower with Radar,12,76,31,0,119,0,0,2,0,2,12,76,33,0,121,0,0,0,121
06/18/2009,ROA,VA,AEA,EN,Combined TRACON& Tower with Radar,10,59,23,0,92,0,1,35,0,36,10,60,58,0,128,6,0,6,134
06/19/2009,ROA,VA,AEA,EN,Combined TRACON& Tower with Radar,13,58,26,9,106,0,1,31,6,38,13,59,57,15,144,38,0,38,182
06/20/2009,ROA,VA,AEA,EN,Combined TRACON& Tower with Radar,5,50,23,0,78,0,0,14,0,14,5,50,37,0,92,30,0,30,122
06/21/2009,ROA,VA,AEA,EN,Combined TRACON& Tower with Radar,4,58,29,5,96,0,2,10,4,16,4,60,39,9,112,12,0,12,124
06/22/2009,ROA,VA,AEA,EN,Combined TRACON& Tower with Radar,6,65,29,0,100,0,0,33,0,33,6,65,62,0,133,4,0,4,137
06/23/2009,ROA,VA,AEA,EN,Combined TRACON& Tower with Radar,6,70,26,0,102,0,0,31,0,31,6,70,57,0,133,72,0,72,205
06/24/2009,ROA,VA,AEA,EN,Combined TRACON& Tower with Radar,10,62,21,0,93,0,1,48,1,50,10,63,69,1,143,0,0,0,143
06/25/2009,ROA,VA,AEA,EN,Combined TRACON& Tower with Radar,10,67,31,0,108,0,1,43,1,45,10,68,74,1,153,40,0,40,193
06/26/2009,ROA,VA,AEA,EN,Combined TRACON& Tower with Radar,10,63,21,5,99,0,0,21,0,21,10,63,42,5,120,1,0,1,121
06/27/2009,ROA,VA,AEA,EN,Combined TRACON& Tower with Radar,7,50,25,0,82,0,1,40,0,41,7,51,65,0,123,2,0,2,125
06/28/2009,ROA,VA,AEA,EN,Combined TRACON& Tower with Radar,2,54,31,8,95,0,0,36,0,36,2,54,67,8,131,2,0,2,133
06/29/2009,ROA,VA,AEA,EN,Combined TRACON& Tower with Radar,6,57,22,2,87,0,7,49,0,56,6,64,71,2,143,8,0,8,151
06/30/2009,ROA,VA,AEA,EN,Combined TRACON& Tower with Radar,10,62,24,2,98,0,0,41,0,41,10,62,65,2,139,8,0,8,147
07/01/2009,ROA,VA,AEA,EN,Combined TRACON& Tower with Radar,8,64,28,8,108,0,0,27,5,32,8,64,55,13,140,0,0,0,140
07/02/2009,ROA,VA,AEA,EN,Combined TRACON& Tower with Radar,10,68,24,0,102,0,0,31,0,31,10,68,55,0,133,22,0,22,155
07/03/2009,ROA,VA,AEA,EN,Combined TRACON& Tower with Radar,8,51,11,0,70,0,1,37,0,38,8,52,48,0,108,12,0,12,120
07/04/2009,ROA,VA,AEA,EN,Combined TRACON& Tower with Radar,6,40,8,0,54,0,0,16,0,16,6,40,24,0,70,0,0,0,70
07/05/2009,ROA,VA,AEA,EN,Combined TRACON& Tower with Radar,2,84,16,0,102,0,0,1,0,1,2,84,17,0,103,0,0,0,103
07/06/2009,ROA,VA,AEA,EN,Combined TRACON& Tower with Radar,6,69,9,0,84,0,1,17,1,19,6,70,26,1,103,52,0,52,155
07/07/2009,ROA,VA,AEA,EN,Combined TRACON& Tower with Radar,8,67,23,1,99,0,2,43,6,51,8,69,66,7,150,2,10,12,162
07/08/2009,ROA,VA,AEA,EN,Combined TRACON& Tower with Radar,10,58,19,0,87,0,0,41,0,41,10,58,60,0,128,28,0,28,156
07/09/2009,ROA,VA,AEA,EN,Combined TRACON& Tower with Radar,8,63,26,2,99,0,2,10,2,14,8,65,36,4,113,12,0,12,125
07/10/2009,ROA,VA,AEA,EN,Combined TRACON& Tower with Radar,10,66,31,6,113,0,1,7,0,8,10,67,38,6,121,0,0,0,121
07/11/2009,ROA,VA,AEA,EN,Combined TRACON& Tower with Radar,8,51,17,2,78,0,1,14,1,16,8,52,31,3,94,6,0,6,100
07/12/2009,ROA,VA,AEA,EN,Combined TRACON& Tower with Radar,4,54,28,6,92,0,0,15,1,16,4,54,43,7,108,0,0,0,108
07/13/2009,ROA,VA,AEA,EN,Combined TRACON& Tower with Radar,7,60,22,0,89,0,0,57,1,58,7,60,79,1,147,32,0,32,179
07/14/2009,ROA,VA,AEA,EN,Combined TRACON& Tower with Radar,8,65,26,0,99,0,1,47,1,49,8,66,73,1,148,34,0,34,182
07/15/2009,ROA,VA,AEA,EN,Combined TRACON& Tower with Radar,14,64,28,0,106,0,4,33,1,38,14,68,61,1,144,4,0,4,148
07/16/2009,ROA,VA,AEA,EN,Combined TRACON& Tower with Radar,8,59,25,0,92,0,1,20,0,21,8,60,45,0,113,2,0,2,115
07/17/2009,ROA,VA,AEA,EN,Combined TRACON& Tower with Radar,10,59,22,2,93,0,1,4,1,6,10,60,26,3,99,0,0,0,99
07/18/2009,ROA,VA,AEA,EN,Combined TRACON& Tower with Radar,6,52,12,0,70,0,1,27,2,30,6,53,39,2,100,18,0,18,118
07/19/2009,ROA,VA,AEA,EN,Combined TRACON& Tower with Radar,2,56,23,0,81,0,2,36,1,39,2,58,59,1,120,40,0,40,160
07/20/2009,ROA,VA,AEA,EN,Combined TRACON& Tower with Radar,6,62,15,0,83,0,1,3,1,5,6,63,18,1,88,64,0,64,152
07/21/2009,ROA,VA,AEA,EN,Combined TRACON& Tower with Radar,8,58,26,8,100,0,0,21,0,21,8,58,47,8,121,75,8,83,204
07/22/2009,ROA,VA,AEA,EN,Combined TRACON& Tower with Radar,10,66,32,0,108,0,1,20,0,21,10,67,52,0,129,32,0,32,161
07/23/2009,ROA,VA,AEA,EN,Combined TRACON& Tower with Radar,14,65,32,0,111,0,0,13,3,16,14,65,45,3,127,8,0,8,135
07/24/2009,ROA,VA,AEA,EN,Combined TRACON& Tower with Radar,11,71,52,1,135,0,0,48,5,53,11,71,100,6,188,44,0,44,232
07/25/2009,ROA,VA,AEA,EN,Combined TRACON& Tower with Radar,7,56,17,0,80,0,0,34,0,34,7,56,51,0,114,10,0,10,124
07/26/2009,ROA,VA,AEA,EN,Combined TRACON& Tower with Radar,2,53,24,0,79,0,1,2,0,3,2,54,26,0,82,0,0,0,82
07/27/2009,ROA,VA,AEA,EN,Combined TRACON& Tower with Radar,6,60,28,2,96,0,2,20,0,22,6,62,48,2,118,18,0,18,136
07/28/2009,ROA,VA,AEA,EN,Combined TRACON& Tower with Radar,8,63,24,0,95,0,2,20,3,25,8,65,44,3,120,0,0,0,120
07/29/2009,ROA,VA,AEA,EN,Combined TRACON& Tower with Radar,8,63,21,0,92,0,0,3,0,3,8,63,24,0,95,0,0,0,95
07/30/2009,ROA,VA,AEA,EN,Combined TRACON& Tower with Radar,8,73,45,0,126,0,0,10,0,10,8,73,55,0,136,2,0,2,138
07/31/2009,ROA,VA,AEA,EN,Combined TRACON& Tower with Radar,11,64,33,3,111,0,1,7,1,9,11,65,40,4,120,18,0,18,138
08/01/2009,ROA,VA,AEA,EN,Combined TRACON& Tower with Radar,3,53,19,0,75,0,3,14,0,17,3,56,33,0,92,12,0,12,104
08/02/2009,ROA,VA,AEA,EN,Combined TRACON& Tower with Radar,2,51,12,0,65,0,11,10,0,21,2,62,22,0,86,1,1,2,88
08/03/2009,ROA,VA,AEA,EN,Combined TRACON& Tower with Radar,6,59,28,2,95,0,5,28,0,33,6,64,56,2,128,40,0,40,168
08/04/2009,ROA,VA,AEA,EN,Combined TRACON& Tower with Radar,8,63,24,0,95,0,0,34,0,34,8,63,58,0,129,26,0,26,155
08/05/2009,ROA,VA,AEA,EN,Combined TRACON& Tower with Radar,10,66,22,2,100,0,1,13,0,14,10,67,35,2,114,18,0,18,132
08/06/2009,ROA,VA,AEA,EN,Combined TRACON& Tower with Radar,10,65,36,12,123,0,4,16,1,21,10,69,52,13,144,40,0,40,184
08/07/2009,ROA,VA,AEA,EN,Combined TRACON& Tower with Radar,11,68,34,5,118,0,5,30,0,35,11,73,64,5,153,52,4,56,209
08/08/2009,ROA,VA,AEA,EN,Combined TRACON& Tower with Radar,3,50,22,0,75,0,0,51,0,51,3,50,73,0,126,8,0,8,134
08/09/2009,ROA,VA,AEA,EN,Combined TRACON& Tower with Radar,4,48,22,5,79,0,0,27,2,29,4,48,49,7,108,0,4,4,112
08/10/2009,ROA,VA,AEA,EN,Combined TRACON& Tower with Radar,6,63,14,0,83,0,1,35,0,36,6,64,49,0,119,10,0,10,129
08/11/2009,ROA,VA,AEA,EN,Combined TRACON& Tower with Radar,8,55,15,0,78,0,0,12,5,17,8,55,27,5,95,20,0,20,115
08/12/2009,ROA,VA,AEA,EN,Combined TRACON& Tower with Radar,8,64,18,0,90,0,0,14,0,14,8,64,32,0,104,8,0,8,112
08/13/2009,ROA,VA,AEA,EN,Combined TRACON& Tower with Radar,8,72,30,3,113,0,3,26,5,34,8,75,56,8,147,4,0,4,151
08/14/2009,ROA,VA,AEA,EN,Combined TRACON& Tower with Radar,13,64,19,5,101,0,10,26,3,39,13,74,45,8,140,60,0,60,200
08/15/2009,ROA,VA,AEA,EN,Combined TRACON& Tower with Radar,3,61,31,0,95,0,5,27,0,32,3,66,58,0,127,12,0,12,139
08/16/2009,ROA,VA,AEA,EN,Combined TRACON& Tower with Radar,0,58,18,1,77,0,1,23,4,28,0,59,41,5,105,20,0,20,125
08/17/2009,ROA,VA,AEA,EN,Combined TRACON& Tower with Radar,6,56,19,2,83,0,2,20,14,36,6,58,39,16,119,1,3,4,123
08/18/2009,ROA,VA,AEA,EN,Combined TRACON& Tower with Radar,6,65,26,0,97,0,0,47,5,52,6,65,73,5,149,2,0,2,151
08/19/2009,ROA,VA,AEA,EN,Combined TRACON& Tower with Radar,10,62,29,0,101,0,3,13,7,23,10,65,42,7,124,32,0,32,156
08/20/2009,ROA,VA,AEA,EN,Combined TRACON& Tower with Radar,8,73,29,0,110,0,1,27,8,36,8,74,56,8,146,0,0,0,146
08/21/2009,ROA,VA,AEA,EN,Combined TRACON& Tower with Radar,17,59,28,1,105,0,0,11,0,11,17,59,39,1,116,16,0,16,132
08/22/2009,ROA,VA,AEA,EN,Combined TRACON& Tower with Radar,6,43,19,0,68,0,0,3,6,9,6,43,22,6,77,20,0,20,97
08/23/2009,ROA,VA,AEA,EN,Combined TRACON& Tower with Radar,2,48,29,7,86,0,0,29,0,29,2,48,58,7,115,6,0,6,121
08/24/2009,ROA,VA,AEA,EN,Combined TRACON& Tower with Radar,7,56,21,0,84,0,0,12,0,12,7,56,33,0,96,24,0,24,120
08/25/2009,ROA,VA,AEA,EN,Combined TRACON& Tower with Radar,8,56,50,0,114,0,0,23,3,26,8,56,73,3,140,30,0,30,170
08/26/2009,ROA,VA,AEA,EN,Combined TRACON& Tower with Radar,8,63,36,2,109,0,1,17,1,19,8,64,53,3,128,30,0,30,158
08/27/2009,ROA,VA,AEA,EN,Combined TRACON& Tower with Radar,10,57,41,1,109,0,1,29,2,32,10,58,70,3,141,40,0,40,181
08/28/2009,ROA,VA,AEA,EN,Combined TRACON& Tower with Radar,12,60,30,2,104,0,0,3,1,4,12,60,33,3,108,4,0,4,112
08/29/2009,ROA,VA,AEA,EN,Combined TRACON& Tower with Radar,4,39,16,1,60,0,0,15,1,16,4,39,31,2,76,4,0,4,80
08/30/2009,ROA,VA,AEA,EN,Combined TRACON& Tower with Radar,2,55,17,2,76,0,0,21,0,21,2,55,38,2,97,10,0,10,107
08/31/2009,ROA,VA,AEA,EN,Combined TRACON& Tower with Radar,6,58,21,1,86,0,1,19,2,22,6,59,40,3,108,10,0,10,118
09/01/2009,ROA,VA,AEA,EN,Combined TRACON& Tower with Radar,8,56,28,4,96,0,2,27,0,29,8,58,55,4,125,10,0,10,135
09/02/2009,ROA,VA,AEA,EN,Combined TRACON& Tower with Radar,8,62,23,0,93,0,0,50,2,52,8,62,73,2,145,16,0,16,161
09/03/2009,ROA,VA,AEA,EN,Combined TRACON& Tower with Radar,8,58,22,0,88,0,0,40,1,41,8,58,62,1,129,28,0,28,157
09/04/2009,ROA,VA,AEA,EN,Combined TRACON& Tower with Radar,13,65,20,6,104,0,0,43,4,47,13,65,63,10,151,26,2,28,179
09/05/2009,ROA,VA,AEA,EN,Combined TRACON& Tower with Radar,1,50,12,0,63,0,1,36,1,38,1,51,48,1,101,0,0,0,101
09/06/2009,ROA,VA,AEA,EN,Combined TRACON& Tower with Radar,5,38,19,0,62,0,1,14,0,15,5,39,33,0,77,0,0,0,77
09/07/2009,ROA,VA,AEA,EN,Combined TRACON& Tower with Radar,4,46,30,4,84,0,0,14,0,14,4,46,44,4,98,36,0,36,134
09/08/2009,ROA,VA,AEA,EN,Combined TRACON& Tower with Radar,5,67,25,2,99,0,1,11,0,12,5,68,36,2,111,28,0,28,139
09/09/2009,ROA,VA,AEA,EN,Combined TRACON& Tower with Radar,8,56,29,0,93,0,4,7,0,11,8,60,36,0,104,36,0,36,140
09/10/2009,ROA,VA,AEA,EN,Combined TRACON& Tower with Radar,8,60,31,2,101,0,0,8,0,8,8,60,39,2,109,0,0,0,109
09/11/2009,ROA,VA,AEA,EN,Combined TRACON& Tower with Radar,11,66,43,5,125,0,0,38,5,43,11,66,81,10,168,38,12,50,218
09/12/2009,ROA,VA,AEA,EN,Combined TRACON& Tower with Radar,1,42,17,0,60,0,0,40,0,40,1,42,57,0,100,14,0,14,114
09/13/2009,ROA,VA,AEA,EN,Combined TRACON& Tower with Radar,2,54,18,2,76,0,2,34,4,40,2,56,52,6,116,30,0,30,146
09/14/2009,ROA,VA,AEA,EN,Combined TRACON& Tower with Radar,6,56,18,0,80,0,1,38,0,39,6,57,56,0,119,28,0,28,147
09/15/2009,ROA,VA,AEA,EN,Combined TRACON& Tower with Radar,8,60,31,12,111,0,0,29,0,29,8,60,60,12,140,14,0,14,154
09/16/2009,ROA,VA,AEA,EN,Combined TRACON& Tower with Radar,9,61,49,4,123,0,3,12,0,15,9,64,61,4,138,20,12,32,170
09/17/2009,ROA,VA,AEA,EN,Combined TRACON& Tower with Radar,9,62,38,6,115,0,0,3,0,3,9,62,41,6,118,0,0,0,118
09/18/2009,ROA,VA,AEA,EN,Combined TRACON& Tower with Radar,18,74,34,5,131,0,0,11,6,17,18,74,45,11,148,0,0,0,148
09/19/2009,ROA,VA,AEA,EN,Combined TRACON& Tower with Radar,3,46,38,3,90,0,1,48,3,52,3,47,86,6,142,16,0,16,158
09/20/2009,ROA,VA,AEA,EN,Combined TRACON& Tower with Radar,2,54,23,3,82,0,0,1,0,1,2,54,24,3,83,0,0,0,83
09/21/2009,ROA,VA,AEA,EN,Combined TRACON& Tower with Radar,8,59,21,0,88,0,0,5,0,5,8,59,26,0,93,20,0,20,113
09/22/2009,ROA,VA,AEA,EN,Combined TRACON& Tower with Radar,8,59,20,3,90,0,0,1,1,2,8,59,21,4,92,10,0,10,102
09/23/2009,ROA,VA,AEA,EN,Combined TRACON& Tower with Radar,8,64,32,0,104,0,0,12,3,15,8,64,44,3,119,32,0,32,151
09/24/2009,ROA,VA,AEA,EN,Combined TRACON& Tower with Radar,13,71,22,0,106,0,1,18,3,22,13,72,40,3,128,44,0,44,172
09/25/2009,ROA,VA,AEA,EN,Combined TRACON& Tower with Radar,13,68,29,1,111,0,0,0,0,0,13,68,29,1,111,2,0,2,113
09/26/2009,ROA,VA,AEA,EN,Combined TRACON& Tower with Radar,5,45,17,0,67,0,0,0,0,0,5,45,17,0,67,0,0,0,67
09/27/2009,ROA,VA,AEA,EN,Combined TRACON& Tower with Radar,2,61,26,1,90,0,0,16,0,16,2,61,42,1,106,22,0,22,128
09/28/2009,ROA,VA,AEA,EN,Combined TRACON& Tower with Radar,5,59,17,0,81,0,2,10,5,17,5,61,27,5,98,16,2,18,116
09/29/2009,ROA,VA,AEA,EN,Combined TRACON& Tower with Radar,10,57,24,0,91,0,5,15,0,20,10,62,39,0,111,10,0,10,121
09/30/2009,ROA,VA,AEA,EN,Combined TRACON& Tower with Radar,10,57,29,0,96,0,0,24,0,24,10,57,53,0,120,12,0,12,132
10/01/2009,ROA,VA,AEA,EN,Combined TRACON& Tower with Radar,8,71,32,4,115,0,3,64,0,67,8,74,96,4,182,0,0,0,182
10/02/2009,ROA,VA,AEA,EN,Combined TRACON& Tower with Radar,10,68,24,0,102,0,0,18,3,21,10,68,42,3,123,26,0,26,149
10/03/2009,ROA,VA,AEA,EN,Combined TRACON& Tower with Radar,4,42,12,0,58,0,1,19,0,20,4,43,31,0,78,3,0,3,81
10/04/2009,ROA,VA,AEA,EN,Combined TRACON& Tower with Radar,2,58,25,4,89,0,0,46,0,46,2,58,71,4,135,12,4,16,151
10/05/2009,ROA,VA,AEA,EN,Combined TRACON& Tower with Radar,6,62,28,0,96,0,1,35,3,39,6,63,63,3,135,29,0,29,164
10/06/2009,ROA,VA,AEA,EN,Combined TRACON& Tower with Radar,10,59,45,8,122,0,0,5,0,5,10,59,50,8,127,22,2,24,151
10/07/2009,ROA,VA,AEA,EN,Combined TRACON& Tower with Radar,8,63,18,0,89,0,2,9,0,11,8,65,27,0,100,0,0,0,100
10/08/2009,ROA,VA,AEA,EN,Combined TRACON& Tower with Radar,8,65,32,0,105,0,1,54,1,56,8,66,86,1,161,40,0,40,201
10/09/2009,ROA,VA,AEA,EN,Combined TRACON& Tower with Radar,12,64,24,4,104,0,4,24,1,29,12,68,48,5,133,20,0,20,153
10/10/2009,ROA,VA,AEA,EN,Combined TRACON& Tower with Radar,2,42,19,0,63,0,0,6,0,6,2,42,25,0,69,0,0,0,69
10/11/2009,ROA,VA,AEA,EN,Combined TRACON& Tower with Radar,2,55,34,0,91,0,0,22,0,22,2,55,56,0,113,0,0,0,113
10/12/2009,ROA,VA,AEA,EN,Combined TRACON& Tower with Radar,6,54,23,2,85,0,1,1,2,4,6,55,24,4,89,0,0,0,89
10/13/2009,ROA,VA,AEA,EN,Combined TRACON& Tower with Radar,6,61,32,0,99,0,5,17,2,24,6,66,49,2,123,0,0,0,123
10/14/2009,ROA,VA,AEA,EN,Combined TRACON& Tower with Radar,8,63,33,2,106,0,0,6,0,6,8,63,39,2,112,0,0,0,112
10/15/2009,ROA,VA,AEA,EN,Combined TRACON& Tower with Radar,10,54,16,0,80,0,0,0,0,0,10,54,16,0,80,0,0,0,80
10/16/2009,ROA,VA,AEA,EN,Combined TRACON& Tower with Radar,12,62,22,4,100,0,0,4,0,4,12,62,26,4,104,42,0,42,146
10/17/2009,ROA,VA,AEA,EN,Combined TRACON& Tower with Radar,2,45,7,0,54,0,0,8,0,8,2,45,15,0,62,0,0,0,62
10/18/2009,ROA,VA,AEA,EN,Combined TRACON& Tower with Radar,3,56,26,2,87,0,5,10,0,15,3,61,36,2,102,15,2,17,119
10/19/2009,ROA,VA,AEA,EN,Combined TRACON& Tower with Radar,6,56,31,0,93,0,0,41,1,42,6,56,72,1,135,28,0,28,163
10/20/2009,ROA,VA,AEA,EN,Combined TRACON& Tower with Radar,8,58,31,0,97,0,0,62,0,62,8,58,93,0,159,10,0,10,169
10/21/2009,ROA,VA,AEA,EN,Combined TRACON& Tower with Radar,10,62,48,0,120,0,0,43,1,44,10,62,91,1,164,56,0,56,220
10/22/2009,ROA,VA,AEA,EN,Combined TRACON& Tower with Radar,10,58,44,0,112,0,1,46,1,48,10,59,90,1,160,26,0,26,186
10/23/2009,ROA,VA,AEA,EN,Combined TRACON& Tower with Radar,10,63,43,12,128,0,0,5,4,9,10,63,48,16,137,0,0,0,137
10/24/2009,ROA,VA,AEA,EN,Combined TRACON& Tower with Radar,8,46,16,2,72,0,0,7,1,8,8,46,23,3,80,10,0,10,90
10/25/2009,ROA,VA,AEA,EN,Combined TRACON& Tower with Radar,4,54,21,11,90,0,0,61,7,68,4,54,82,18,158,0,8,8,166
10/26/2009,ROA,VA,AEA,EN,Combined TRACON& Tower with Radar,6,57,20,4,87,0,2,55,1,58,6,59,75,5,145,106,0,106,251
10/27/2009,ROA,VA,AEA,EN,Combined TRACON& Tower with Radar,10,64,13,0,87,0,0,0,0,0,10,64,13,0,87,0,0,0,87
10/28/2009,ROA,VA,AEA,EN,Combined TRACON& Tower with Radar,6,58,14,0,78,0,0,13,0,13,6,58,27,0,91,2,0,2,93
10/29/2009,ROA,VA,AEA,EN,Combined TRACON& Tower with Radar,8,65,48,2,123,0,0,22,0,22,8,65,70,2,145,0,0,0,145
10/30/2009,ROA,VA,AEA,EN,Combined TRACON& Tower with Radar,13,67,31,19,130,0,0,3,0,3,13,67,34,19,133,0,36,36,169
10/31/2009,ROA,VA,AEA,EN,Combined TRACON& Tower with Radar,5,38,15,0,58,0,1,0,0,1,5,39,15,0,59,56,0,56,115
11/01/2009,ROA,VA,AEA,EN,Combined TRACON& Tower with Radar,1,58,21,1,81,0,0,3,0,3,1,58,24,1,84,0,0,0,84
11/02/2009,ROA,VA,AEA,EN,Combined TRACON& Tower with Radar,4,58,23,0,85,0,0,42,0,42,4,58,65,0,127,46,0,46,173
11/03/2009,ROA,VA,AEA,EN,Combined TRACON& Tower with Radar,8,63,27,0,98,0,0,33,2,35,8,63,60,2,133,0,0,0,133
11/04/2009,ROA,VA,AEA,EN,Combined TRACON& Tower with Radar,10,63,26,15,114,0,1,59,4,64,10,64,85,19,178,0,0,0,178
11/05/2009,ROA,VA,AEA,EN,Combined TRACON& Tower with Radar,8,61,40,1,110,0,0,29,1,30,8,61,69,2,140,0,0,0,140
11/06/2009,ROA,VA,AEA,EN,Combined TRACON& Tower with Radar,13,57,23,0,93,0,0,36,1,37,13,57,59,1,130,72,0,72,202
11/07/2009,ROA,VA,AEA,EN,Combined TRACON& Tower with Radar,3,46,17,0,66,0,5,42,0,47,3,51,59,0,113,8,0,8,121
11/08/2009,ROA,VA,AEA,EN,Combined TRACON& Tower with Radar,2,48,14,0,64,0,0,37,1,38,2,48,51,1,102,24,0,24,126
11/09/2009,ROA,VA,AEA,EN,Combined TRACON& Tower with Radar,6,54,22,0,82,0,1,35,2,38,6,55,57,2,120,10,2,12,132
11/10/2009,ROA,VA,AEA,EN,Combined TRACON& Tower with Radar,8,56,61,0,125,0,2,13,2,17,8,58,74,2,142,0,0,0,142
11/11/2009,ROA,VA,AEA,EN,Combined TRACON& Tower with Radar,8,59,30,0,97,0,3,0,0,3,8,62,30,0,100,0,0,0,100
11/12/2009,ROA,VA,AEA,EN,Combined TRACON& Tower with Radar,9,55,15,0,79,0,0,2,0,2,9,55,17,0,81,0,0,0,81
11/13/2009,ROA,VA,AEA,EN,Combined TRACON& Tower with Radar,11,63,23,3,100,0,0,6,0,6,11,63,29,3,106,0,0,0,106
11/14/2009,ROA,VA,AEA,EN,Combined TRACON& Tower with Radar,4,48,20,0,72,0,1,47,0,48,4,49,67,0,120,30,0,30,150
11/15/2009,ROA,VA,AEA,EN,Combined TRACON& Tower with Radar,2,54,22,1,79,0,0,41,0,41,2,54,63,1,120,6,0,6,126
11/16/2009,ROA,VA,AEA,EN,Combined TRACON& Tower with Radar,6,57,16,0,79,0,3,37,3,43,6,60,53,3,122,25,0,25,147
11/17/2009,ROA,VA,AEA,EN,Combined TRACON& Tower with Radar,8,52,18,0,78,0,0,5,0,5,8,52,23,0,83,0,0,0,83
11/18/2009,ROA,VA,AEA,EN,Combined TRACON& Tower with Radar,10,60,23,4,97,0,0,1,0,1,10,60,24,4,98,34,0,34,132
11/19/2009,ROA,VA,AEA,EN,Combined TRACON& Tower with Radar,7,63,34,0,104,0,0,0,0,0,7,63,34,0,104,0,0,0,104
11/20/2009,ROA,VA,AEA,EN,Combined TRACON& Tower with Radar,9,63,29,5,106,0,1,22,1,24,9,64,51,6,130,34,0,34,164
11/21/2009,ROA,VA,AEA,EN,Combined TRACON& Tower with Radar,5,47,20,0,72,0,3,33,2,38,5,50,53,2,110,10,0,10,120
11/22/2009,ROA,VA,AEA,EN,Combined TRACON& Tower with Radar,2,47,23,3,75,0,4,9,0,13,2,51,32,3,88,0,0,0,88
11/23/2009,ROA,VA,AEA,EN,Combined TRACON& Tower with Radar,8,52,19,2,81,0,1,0,0,1,8,53,19,2,82,0,0,0,82
11/24/2009,ROA,VA,AEA,EN,Combined TRACON& Tower with Radar,10,64,38,0,112,0,0,24,0,24,10,64,62,0,136,17,5,22,158
11/25/2009,ROA,VA,AEA,EN,Combined TRACON& Tower with Radar,12,64,12,6,94,0,0,16,0,16,12,64,28,6,110,0,12,12,122
11/26/2009,ROA,VA,AEA,EN,Combined TRACON& Tower with Radar,4,42,8,0,54,0,1,6,0,7,4,43,14,0,61,0,0,0,61
11/27/2009,ROA,VA,AEA,EN,Combined TRACON& Tower with Radar,7,42,4,0,53,0,0,5,0,5,7,42,9,0,58,0,0,0,58
11/28/2009,ROA,VA,AEA,EN,Combined TRACON& Tower with Radar,7,52,24,0,83,0,13,32,1,46,7,65,56,1,129,24,0,24,153
11/29/2009,ROA,VA,AEA,EN,Combined TRACON& Tower with Radar,2,55,35,0,92,0,5,38,0,43,2,60,73,0,135,2,0,2,137
11/30/2009,ROA,VA,AEA,EN,Combined TRACON& Tower with Radar,8,58,29,0,95,0,1,3,0,4,8,59,32,0,99,0,0,0,99
12/01/2009,ROA,VA,AEA,EN,Combined TRACON& Tower with Radar,10,63,31,15,119,0,9,46,3,58,10,72,77,18,177,30,10,40,217
12/02/2009,ROA,VA,AEA,EN,Combined TRACON& Tower with Radar,11,72,15,0,98,0,0,0,0,0,11,72,15,0,98,0,0,0,98
12/03/2009,ROA,VA,AEA,EN,Combined TRACON& Tower with Radar,13,61,15,0,89,0,1,15,0,16,13,62,30,0,105,0,0,0,105
12/04/2009,ROA,VA,AEA,EN,Combined TRACON& Tower with Radar,11,63,28,0,102,0,1,16,0,17,11,64,44,0,119,12,0,12,131
12/05/2009,ROA,VA,AEA,EN,Combined TRACON& Tower with Radar,3,38,3,0,44,0,0,0,0,0,3,38,3,0,44,0,0,0,44
12/06/2009,ROA,VA,AEA,EN,Combined TRACON& Tower with Radar,4,50,15,0,69,0,4,23,0,27,4,54,38,0,96,0,0,0,96
12/07/2009,ROA,VA,AEA,EN,Combined TRACON& Tower with Radar,8,58,22,1,89,0,2,23,2,27,8,60,45,3,116,26,0,26,142
12/08/2009,ROA,VA,AEA,EN,Combined TRACON& Tower with Radar,10,53,28,8,99,0,0,5,0,5,10,53,33,8,104,0,22,22,126
12/09/2009,ROA,VA,AEA,EN,Combined TRACON& Tower with Radar,13,56,11,0,80,0,1,2,0,3,13,57,13,0,83,0,0,0,83
12/10/2009,ROA,VA,AEA,EN,Combined TRACON& Tower with Radar,10,60,37,0,107,0,0,17,2,19,10,60,54,2,126,0,0,0,126
12/11/2009,ROA,VA,AEA,EN,Combined TRACON& Tower with Radar,10,64,30,2,106,0,0,10,1,11,10,64,40,3,117,0,0,0,117
12/12/2009,ROA,VA,AEA,EN,Combined TRACON& Tower with Radar,4,45,11,0,60,0,1,37,0,38,4,46,48,0,98,16,0,16,114
12/13/2009,ROA,VA,AEA,EN,Combined TRACON& Tower with Radar,6,58,8,0,72,0,0,0,0,0,6,58,8,0,72,0,0,0,72
12/14/2009,ROA,VA,AEA,EN,Combined TRACON& Tower with Radar,8,67,39,2,116,0,0,17,0,17,8,67,56,2,133,6,0,6,139
12/15/2009,ROA,VA,AEA,EN,Combined TRACON& Tower with Radar,10,66,34,3,113,0,0,16,2,18,10,66,50,5,131,16,0,16,147
12/16/2009,ROA,VA,AEA,EN,Combined TRACON& Tower with Radar,14,64,47,0,125,0,0,33,0,33,14,64,80,0,158,38,0,38,196
12/17/2009,ROA,VA,AEA,EN,Combined TRACON& Tower with Radar,8,67,20,1,96,0,2,39,0,41,8,69,59,1,137,0,0,0,137
12/18/2009,ROA,VA,AEA,EN,Combined TRACON& Tower with Radar,7,25,13,2,47,0,0,4,0,4,7,25,17,2,51,0,0,0,51
12/19/2009,ROA,VA,AEA,EN,Combined TRACON& Tower with Radar,4,10,2,0,16,0,0,0,0,0,4,10,2,0,16,0,0,0,16
12/20/2009,ROA,VA,AEA,EN,Combined TRACON& Tower with Radar,4,39,6,0,49,0,0,8,3,11,4,39,14,3,60,0,0,0,60
12/21/2009,ROA,VA,AEA,EN,Combined TRACON& Tower with Radar,12,60,12,0,84,0,0,5,0,5,12,60,17,0,89,0,0,0,89
12/22/2009,ROA,VA,AEA,EN,Combined TRACON& Tower with Radar,12,57,27,2,98,0,2,12,1,15,12,59,39,3,113,24,0,24,137
12/23/2009,ROA,VA,AEA,EN,Combined TRACON& Tower with Radar,12,61,17,0,90,0,0,26,0,26,12,61,43,0,116,0,0,0,116
12/24/2009,ROA,VA,AEA,EN,Combined TRACON& Tower with Radar,7,50,6,0,63,0,0,16,0,16,7,50,22,0,79,14,0,14,93
12/25/2009,ROA,VA,AEA,EN,Combined TRACON& Tower with Radar,4,37,0,0,41,0,0,0,0,0,4,37,0,0,41,0,0,0,41
12/26/2009,ROA,VA,AEA,EN,Combined TRACON& Tower with Radar,3,49,13,0,65,0,3,15,0,18,3,52,28,0,83,0,0,0,83
12/27/2009,ROA,VA,AEA,EN,Combined TRACON& Tower with Radar,0,53,12,0,65,0,1,26,0,27,0,54,38,0,92,0,0,0,92
12/28/2009,ROA,VA,AEA,EN,Combined TRACON& Tower with Radar,10,62,5,0,77,0,0,5,0,5,10,62,10,0,82,0,0,0,82
12/29/2009,ROA,VA,AEA,EN,Combined TRACON& Tower with Radar,5,61,12,1,79,0,0,9,0,9,5,61,21,1,88,0,0,0,88
12/30/2009,ROA,VA,AEA,EN,Combined TRACON& Tower with Radar,10,51,24,0,85,0,0,27,0,27,10,51,51,0,112,32,0,32,144
12/31/2009,ROA,VA,AEA,EN,Combined TRACON& Tower with Radar,5,43,4,0,52,0,0,0,0,0,5,43,4,0,52,0,0,0,52
01/01/2010,ROA,VA,AEA,EN,Combined TRACON& Tower with Radar,8,42,0,0,50,0,1,4,0,5,8,43,4,0,55,0,0,0,55
01/02/2010,ROA,VA,AEA,EN,Combined TRACON& Tower with Radar,3,43,7,0,53,0,0,2,0,2,3,43,9,0,55,0,0,0,55
01/03/2010,ROA,VA,AEA,EN,Combined TRACON& Tower with Radar,0,50,12,0,62,0,0,2,0,2,0,50,14,0,64,0,0,0,64
01/04/2010,ROA,VA,AEA,EN,Combined TRACON& Tower with Radar,4,55,9,0,68,0,0,3,0,3,4,55,12,0,71,0,0,0,71
01/05/2010,ROA,VA,AEA,EN,Combined TRACON& Tower with Radar,4,56,17,0,77,0,2,11,0,13,4,58,28,0,90,14,0,14,104
01/06/2010,ROA,VA,AEA,EN,Combined TRACON& Tower with Radar,6,62,14,0,82,0,0,4,2,6,6,62,18,2,88,0,0,0,88
01/07/2010,ROA,VA,AEA,EN,Combined TRACON& Tower with Radar,6,56,11,5,78,0,0,19,1,20,6,56,30,6,98,58,4,62,160
01/08/2010,ROA,VA,AEA,EN,Combined TRACON& Tower with Radar,12,65,16,1,94,0,0,1,0,1,12,65,17,1,95,12,0,12,107
01/09/2010,ROA,VA,AEA,EN,Combined TRACON& Tower with Radar,4,38,20,0,62,0,4,11,2,17,4,42,31,2,79,0,0,0,79
01/10/2010,ROA,VA,AEA,EN,Combined TRACON& Tower with Radar,4,49,6,1,60,0,1,19,0,20,4,50,25,1,80,2,0,2,82
01/11/2010,ROA,VA,AEA,EN,Combined TRACON& Tower with Radar,4,53,13,0,70,0,0,10,0,10,4,53,23,0,80,28,0,28,108
01/12/2010,ROA,VA,AEA,EN,Combined TRACON& Tower with Radar,4,64,19,0,87,0,1,10,0,11,4,65,29,0,98,252,0,252,350
01/13/2010,ROA,VA,AEA,EN,Combined TRACON& Tower with Radar,6,60,24,1,91,0,4,20,1,25,6,64,44,2,116,174,0,174,290
01/14/2010,ROA,VA,AEA,EN,Combined TRACON& Tower with Radar,4,62,33,0,99,0,1,41,0,42,4,63,74,0,141,44,0,44,185
01/15/2010,ROA,VA,AEA,EN,Combined TRACON& Tower with Radar,7,63,17,2,89,0,2,67,0,69,7,65,84,2,158,69,0,69,227
01/16/2010,ROA,VA,AEA,EN,Combined TRACON& Tower with Radar,3,46,13,0,62,0,1,60,0,61,3,47,73,0,123,30,0,30,153
01/17/2010,ROA,VA,AEA,EN,Combined TRACON& Tower with Radar,0,43,8,0,51,0,0,0,0,0,0,43,8,0,51,0,0,0,51
01/18/2010,ROA,VA,AEA,EN,Combined TRACON& Tower with Radar,4,53,25,0,82,0,0,20,0,20,4,53,45,0,102,0,0,0,102
01/19/2010,ROA,VA,AEA,EN,Combined TRACON& Tower with Radar,4,56,14,0,74,0,2,33,0,35,4,58,47,0,109,54,0,54,163
01/20/2010,ROA,VA,AEA,EN,Combined TRACON& Tower with Radar,6,61,24,0,91,0,0,4,0,4,6,61,28,0,95,14,0,14,109
01/21/2010,ROA,VA,AEA,EN,Combined TRACON& Tower with Radar,4,51,9,0,64,0,0,0,0,0,4,51,9,0,64,0,0,0,64
01/22/2010,ROA,VA,AEA,EN,Combined TRACON& Tower with Radar,7,57,9,1,74,0,0,0,0,0,7,57,9,1,74,0,0,0,74
01/23/2010,ROA,VA,AEA,EN,Combined TRACON& Tower with Radar,6,40,15,0,61,0,0,28,0,28,6,40,43,0,89,36,0,36,125
01/24/2010,ROA,VA,AEA,EN,Combined TRACON& Tower with Radar,0,44,2,1,47,0,0,0,0,0,0,44,2,1,47,0,0,0,47
01/25/2010,ROA,VA,AEA,EN,Combined TRACON& Tower with Radar,4,52,15,0,71,0,0,10,0,10,4,52,25,0,81,2,0,2,83
01/26/2010,ROA,VA,AEA,EN,Combined TRACON& Tower with Radar,6,59,14,0,79,0,0,3,0,3,6,59,17,0,82,0,0,0,82
01/27/2010,ROA,VA,AEA,EN,Combined TRACON& Tower with Radar,6,63,25,1,95,0,1,28,0,29,6,64,53,1,124,19,0,19,143
01/28/2010,ROA,VA,AEA,EN,Combined TRACON& Tower with Radar,4,64,16,0,84,0,0,20,0,20,4,64,36,0,104,10,0,10,114
01/29/2010,ROA,VA,AEA,EN,Combined TRACON& Tower with Radar,6,65,17,0,88,0,1,6,0,7,6,66,23,0,95,0,0,0,95
01/30/2010,ROA,VA,AEA,EN,Combined TRACON& Tower with Radar,1,2,0,0,3,0,0,0,0,0,1,2,0,0,3,0,0,0,3
01/31/2010,ROA,VA,AEA,EN,Combined TRACON& Tower with Radar,2,53,11,0,66,0,1,11,0,12,2,54,22,0,78,0,0,0,78
02/01/2010,ROA,VA,AEA,EN,Combined TRACON& Tower with Radar,5,56,16,0,77,0,1,14,0,15,5,57,30,0,92,0,0,0,92
02/02/2010,ROA,VA,AEA,EN,Combined TRACON& Tower with Radar,4,40,10,0,54,0,0,0,0,0,4,40,10,0,54,0,0,0,54
02/03/2010,ROA,VA,AEA,EN,Combined TRACON& Tower with Radar,6,64,23,0,93,0,0,5,1,6,6,64,28,1,99,0,0,0,99
02/04/2010,ROA,VA,AEA,EN,Combined TRACON& Tower with Radar,5,67,23,0,95,0,0,27,0,27,5,67,50,0,122,0,0,0,122
02/05/2010,ROA,VA,AEA,EN,Combined TRACON& Tower with Radar,4,22,2,0,28,0,0,0,0,0,4,22,2,0,28,0,0,0,28
02/06/2010,ROA,VA,AEA,EN,Combined TRACON& Tower with Radar,7,22,2,0,31,0,0,1,0,1,7,22,3,0,32,0,0,0,32
02/07/2010,ROA,VA,AEA,EN,Combined TRACON& Tower with Radar,1,51,7,0,59,0,1,19,0,20,1,52,26,0,79,50,0,50,129
02/08/2010,ROA,VA,AEA,EN,Combined TRACON& Tower with Radar,5,65,21,0,91,0,1,28,0,29,5,66,49,0,120,0,0,0,120
02/09/2010,ROA,VA,AEA,EN,Combined TRACON& Tower with Radar,4,55,5,0,64,0,0,0,0,0,4,55,5,0,64,0,0,0,64
02/10/2010,ROA,VA,AEA,EN,Combined TRACON& Tower with Radar,4,31,4,0,39,0,0,0,0,0,4,31,4,0,39,0,0,0,39
02/11/2010,ROA,VA,AEA,EN,Combined TRACON& Tower with Radar,6,60,13,0,79,0,0,6,0,6,6,60,19,0,85,0,0,0,85
02/12/2010,ROA,VA,AEA,EN,Combined TRACON& Tower with Radar,6,63,10,0,79,0,1,22,0,23,6,64,32,0,102,34,0,34,136
02/13/2010,ROA,VA,AEA,EN,Combined TRACON& Tower with Radar,4,38,12,0,54,0,0,1,4,5,4,38,13,4,59,0,0,0,59
02/14/2010,ROA,VA,AEA,EN,Combined TRACON& Tower with Radar,0,47,7,0,54,0,1,15,0,16,0,48,22,0,70,0,0,0,70
02/15/2010,ROA,VA,AEA,EN,Combined TRACON& Tower with Radar,5,47,9,0,61,0,1,1,0,2,5,48,10,0,63,0,0,0,63
02/16/2010,ROA,VA,AEA,EN,Combined TRACON& Tower with Radar,4,59,8,1,72,0,1,0,1,2,4,60,8,2,74,0,0,0,74
02/17/2010,ROA,VA,AEA,EN,Combined TRACON& Tower with Radar,6,63,22,0,91,0,0,8,1,9,6,63,30,1,100,0,3,3,103
02/18/2010,ROA,VA,AEA,EN,Combined TRACON& Tower with Radar,6,63,18,0,87,0,0,11,0,11,6,63,29,0,98,0,0,0,98
02/19/2010,ROA,VA,AEA,EN,Combined TRACON& Tower with Radar,6,66,23,0,95,0,1,27,0,28,6,67,50,0,123,6,0,6,129
02/20/2010,ROA,VA,AEA,EN,Combined TRACON& Tower with Radar,4,50,12,0,66,0,0,54,3,57,4,50,66,3,123,22,0,22,145
02/21/2010,ROA,VA,AEA,EN,Combined TRACON& Tower with Radar,2,50,19,0,71,0,1,50,0,51,2,51,69,0,122,0,0,0,122
02/22/2010,ROA,VA,AEA,EN,Combined TRACON& Tower with Radar,4,51,19,0,74,0,0,0,0,0,4,51,19,0,74,0,0,0,74
02/23/2010,ROA,VA,AEA,EN,Combined TRACON& Tower with Radar,4,59,19,1,83,0,2,16,0,18,4,61,35,1,101,12,0,12,113
02/24/2010,ROA,VA,AEA,EN,Combined TRACON& Tower with Radar,6,61,17,0,84,0,0,0,0,0,6,61,17,0,84,0,0,0,84
02/25/2010,ROA,VA,AEA,EN,Combined TRACON& Tower with Radar,6,71,28,0,105,0,0,1,0,1,6,71,29,0,106,0,0,0,106
02/26/2010,ROA,VA,AEA,EN,Combined TRACON& Tower with Radar,6,60,18,0,84,0,0,0,1,1,6,60,18,1,85,0,0,0,85
02/27/2010,ROA,VA,AEA,EN,Combined TRACON& Tower with Radar,6,46,9,0,61,0,0,4,0,4,6,46,13,0,65,0,0,0,65
02/28/2010,ROA,VA,AEA,EN,Combined TRACON& Tower with Radar,0,57,11,0,68,0,1,7,0,8,0,58,18,0,76,0,0,0,76
03/01/2010,ROA,VA,AEA,EN,Combined TRACON& Tower with Radar,4,58,14,0,76,0,0,10,0,10,4,58,24,0,86,0,0,0,86
03/02/2010,ROA,VA,AEA,EN,Combined TRACON& Tower with Radar,4,60,11,1,76,0,2,1,0,3,4,62,12,1,79,0,0,0,79
03/03/2010,ROA,VA,AEA,EN,Combined TRACON& Tower with Radar,8,65,23,0,96,0,0,6,0,6,8,65,29,0,102,0,0,0,102
03/04/2010,ROA,VA,AEA,EN,Combined TRACON& Tower with Radar,3,62,23,0,88,0,0,22,1,23,3,62,45,1,111,0,0,0,111
03/05/2010,ROA,VA,AEA,EN,Combined TRACON& Tower with Radar,7,59,41,2,109,0,1,32,0,33,7,60,73,2,142,0,0,0,142
03/06/2010,ROA,VA,AEA,EN,Combined TRACON& Tower with Radar,3,45,10,0,58,0,3,39,2,44,3,48,49,2,102,14,0,14,116
03/07/2010,ROA,VA,AEA,EN,Combined TRACON& Tower with Radar,0,53,20,3,76,0,1,34,0,35,0,54,54,3,111,38,0,38,149
03/08/2010,ROA,VA,AEA,EN,Combined TRACON& Tower with Radar,4,56,28,0,88,0,0,32,1,33,4,56,60,1,121,44,0,44,165
03/09/2010,ROA,VA,AEA,EN,Combined TRACON& Tower with Radar,4,64,30,0,98,0,0,24,0,24,4,64,54,0,122,40,0,40,162
03/10/2010,ROA,VA,AEA,EN,Combined TRACON& Tower with Radar,6,65,20,0,91,0,3,20,1,24,6,68,40,1,115,18,0,18,133
03/11/2010,ROA,VA,AEA,EN,Combined TRACON& Tower with Radar,4,57,38,5,104,0,0,4,0,4,4,57,42,5,108,0,0,0,108
03/12/2010,ROA,VA,AEA,EN,Combined TRACON& Tower with Radar,8,61,14,4,87,0,0,5,0,5,8,61,19,4,92,0,0,0,92
03/13/2010,ROA,VA,AEA,EN,Combined TRACON& Tower with Radar,4,47,13,0,64,0,0,10,0,10,4,47,23,0,74,0,0,0,74
03/14/2010,ROA,VA,AEA,EN,Combined TRACON& Tower with Radar,0,57,22,2,81,0,3,15,0,18,0,60,37,2,99,0,0,0,99
03/15/2010,ROA,VA,AEA,EN,Combined TRACON& Tower with Radar,4,62,28,1,95,0,0,9,1,10,4,62,37,2,105,0,0,0,105
03/16/2010,ROA,VA,AEA,EN,Combined TRACON& Tower with Radar,4,64,23,0,91,0,1,18,0,19,4,65,41,0,110,10,0,10,120
03/17/2010,ROA,VA,AEA,EN,Combined TRACON& Tower with Radar,6,62,28,20,116,0,0,24,3,27,6,62,52,23,143,4,22,26,169
03/18/2010,ROA,VA,AEA,EN,Combined TRACON& Tower with Radar,4,59,31,4,98,0,2,39,2,43,4,61,70,6,141,13,0,13,154
03/19/2010,ROA,VA,AEA,EN,Combined TRACON& Tower with Radar,6,65,24,6,101,0,2,34,1,37,6,67,58,7,138,26,0,26,164
03/20/2010,ROA,VA,AEA,EN,Combined TRACON& Tower with Radar,4,46,16,0,66,0,6,49,0,55,4,52,65,0,121,16,0,16,137
03/21/2010,ROA,VA,AEA,EN,Combined TRACON& Tower with Radar,0,57,16,0,73,0,2,17,6,25,0,59,33,6,98,0,0,0,98
03/22/2010,ROA,VA,AEA,EN,Combined TRACON& Tower with Radar,4,59,12,2,77,0,0,0,15,15,4,59,12,17,92,0,0,0,92
03/23/2010,ROA,VA,AEA,EN,Combined TRACON& Tower with Radar,4,68,23,2,97,0,0,2,0,2,4,68,25,2,99,0,0,0,99
03/24/2010,ROA,VA,AEA,EN,Combined TRACON& Tower with Radar,6,72,16,3,97,0,4,16,0,20,6,76,32,3,117,1,0,1,118
03/25/2010,ROA,VA,AEA,EN,Combined TRACON& Tower with Radar,6,60,27,2,95,0,0,14,0,14,6,60,41,2,109,0,0,0,109
03/26/2010,ROA,VA,AEA,EN,Combined TRACON& Tower with Radar,7,63,17,4,91,0,0,0,0,0,7,63,17,4,91,8,0,8,99
03/27/2010,ROA,VA,AEA,EN,Combined TRACON& Tower with Radar,5,43,10,0,58,0,0,35,0,35,5,43,45,0,93,0,0,0,93
03/28/2010,ROA,VA,AEA,EN,Combined TRACON& Tower with Radar,0,54,9,2,65,0,0,2,0,2,0,54,11,2,67,0,0,0,67
03/29/2010,ROA,VA,AEA,EN,Combined TRACON& Tower with Radar,6,56,21,0,83,0,0,7,0,7,6,56,28,0,90,0,0,0,90
03/30/2010,ROA,VA,AEA,EN,Combined TRACON& Tower with Radar,4,56,16,1,77,0,0,8,0,8,4,56,24,1,85,0,0,0,85
03/31/2010,ROA,VA,AEA,EN,Combined TRACON& Tower with Radar,6,60,28,0,94,0,1,31,2,34,6,61,59,2,128,0,0,0,128
04/01/2010,ROA,VA,AEA,EN,Combined TRACON& Tower with Radar,6,60,24,0,90,0,0,44,0,44,6,60,68,0,134,27,0,27,161
04/02/2010,ROA,VA,AEA,EN,Combined TRACON& Tower with Radar,6,64,12,2,84,0,1,37,0,38,6,65,49,2,122,0,0,0,122
04/03/2010,ROA,VA,AEA,EN,Combined TRACON& Tower with Radar,3,41,15,0,59,0,0,35,4,39,3,41,50,4,98,0,0,0,98
04/04/2010,ROA,VA,AEA,EN,Combined TRACON& Tower with Radar,0,29,8,0,37,0,0,6,0,6,0,29,14,0,43,0,0,0,43
04/05/2010,ROA,VA,AEA,EN,Combined TRACON& Tower with Radar,4,47,9,4,64,0,1,25,0,26,4,48,34,4,90,0,0,0,90
04/06/2010,ROA,VA,AEA,EN,Combined TRACON& Tower with Radar,4,65,30,2,101,0,0,23,0,23,4,65,53,2,124,0,0,0,124
04/07/2010,ROA,VA,AEA,EN,Combined TRACON& Tower with Radar,6,68,32,4,110,0,2,17,1,20,6,70,49,5,130,48,0,48,178
04/08/2010,ROA,VA,AEA,EN,Combined TRACON& Tower with Radar,4,64,12,3,83,0,2,26,1,29,4,66,38,4,112,8,0,8,120
04/09/2010,ROA,VA,AEA,EN,Combined TRACON& Tower with Radar,7,69,17,2,95,0,0,18,0,18,7,69,35,2,113,0,0,0,113
04/10/2010,ROA,VA,AEA,EN,Combined TRACON& Tower with Radar,3,45,27,0,75,0,11,40,1,52,3,56,67,1,127,34,0,34,161
04/11/2010,ROA,VA,AEA,EN,Combined TRACON& Tower with Radar,0,54,22,2,78,0,1,26,0,27,0,55,48,2,105,0,0,0,105
04/12/2010,ROA,VA,AEA,EN,Combined TRACON& Tower with Radar,4,56,16,4,80,0,2,26,0,28,4,58,42,4,108,12,24,36,144
04/13/2010,ROA,VA,AEA,EN,Combined TRACON& Tower with Radar,8,65,30,2,105,0,0,23,0,23,8,65,53,2,128,0,0,0,128
04/14/2010,ROA,VA,AEA,EN,Combined TRACON& Tower with Radar,6,73,39,5,123,0,1,17,3,21,6,74,56,8,144,6,12,18,162
04/15/2010,ROA,VA,AEA,EN,Combined TRACON& Tower with Radar,4,68,46,6,124,0,0,31,3,34,4,68,77,9,158,12,0,12,170
04/16/2010,ROA,VA,AEA,EN,Combined TRACON& Tower with Radar,7,66,24,2,99,0,0,13,0,13,7,66,37,2,112,16,0,16,128
04/17/2010,ROA,VA,AEA,EN,Combined TRACON& Tower with Radar,3,43,12,2,60,0,0,9,0,9,3,43,21,2,69,0,0,0,69
04/18/2010,ROA,VA,AEA,EN,Combined TRACON& Tower with Radar,0,55,22,0,77,0,0,28,0,28,0,55,50,0,105,4,10,14,119
04/19/2010,ROA,VA,AEA,EN,Combined TRACON& Tower with Radar,4,62,27,0,93,0,0,20,0,20,4,62,47,0,113,4,0,4,117
04/20/2010,ROA,VA,AEA,EN,Combined TRACON& Tower with Radar,4,61,26,0,91,0,2,36,1,39,4,63,62,1,130,10,0,10,140
04/21/2010,ROA,VA,AEA,EN,Combined TRACON& Tower with Radar,6,63,25,0,94,0,2,5,0,7,6,65,30,0,101,60,0,60,161
04/22/2010,ROA,VA,AEA,EN,Combined TRACON& Tower with Radar,6,62,38,0,106,0,1,35,0,36,6,63,73,0,142,32,0,32,174
04/23/2010,ROA,VA,AEA,EN,Combined TRACON& Tower with Radar,11,66,11,0,88,0,0,17,0,17,11,66,28,0,105,0,0,0,105
04/24/2010,ROA,VA,AEA,EN,Combined TRACON& Tower with Radar,3,41,12,0,56,0,2,11,0,13,3,43,23,0,69,2,0,2,71
04/25/2010,ROA,VA,AEA,EN,Combined TRACON& Tower with Radar,2,56,17,1,76,0,0,18,1,19,2,56,35,2,95,8,0,8,103
04/26/2010,ROA,VA,AEA,EN,Combined TRACON& Tower with Radar,6,63,21,2,92,0,0,6,0,6,6,63,27,2,98,6,0,6,104
04/27/2010,ROA,VA,AEA,EN,Combined TRACON& Tower with Radar,4,63,25,0,92,0,0,10,0,10,4,63,35,0,102,0,0,0,102
04/28/2010,ROA,VA,AEA,EN,Combined TRACON& Tower with Radar,6,70,38,1,115,0,1,21,4,26,6,71,59,5,141,34,0,34,175
04/29/2010,ROA,VA,AEA,EN,Combined TRACON& Tower with Radar,4,68,29,5,106,0,0,41,1,42,4,68,70,6,148,0,0,0,148
04/30/2010,ROA,VA,AEA,EN,Combined TRACON& Tower with Radar,7,69,31,2,109,0,2,34,1,37,7,71,65,3,146,24,0,24,170
05/01/2010,ROA,VA,AEA,EN,Combined TRACON& Tower with Radar,3,42,16,0,61,0,1,31,0,32,3,43,47,0,93,4,0,4,97
05/02/2010,ROA,VA,AEA,EN,Combined TRACON& Tower with Radar,0,58,12,3,73,0,1,13,0,14,0,59,25,3,87,0,0,0,87
05/03/2010,ROA,VA,AEA,EN,Combined TRACON& Tower with Radar,4,59,18,1,82,0,0,1,1,2,4,59,19,2,84,16,0,16,100
05/04/2010,ROA,VA,AEA,EN,Combined TRACON& Tower with Radar,6,70,26,0,102,0,0,31,0,31,6,70,57,0,133,0,0,0,133
05/05/2010,ROA,VA,AEA,EN,Combined TRACON& Tower with Radar,6,69,22,0,97,0,1,39,2,42,6,70,61,2,139,16,0,16,155
05/06/2010,ROA,VA,AEA,EN,Combined TRACON& Tower with Radar,4,66,23,0,93,0,1,32,0,33,4,67,55,0,126,13,0,13,139
05/07/2010,ROA,VA,AEA,EN,Combined TRACON& Tower with Radar,9,65,22,2,98,0,0,20,0,20,9,65,42,2,118,0,0,0,118
05/08/2010,ROA,VA,AEA,EN,Combined TRACON& Tower with Radar,3,55,8,0,66,0,1,0,0,1,3,56,8,0,67,0,0,0,67
05/09/2010,ROA,VA,AEA,EN,Combined TRACON& Tower with Radar,0,55,13,0,68,0,0,7,0,7,0,55,20,0,75,1,0,1,76
05/10/2010,ROA,VA,AEA,EN,Combined TRACON& Tower with Radar,4,67,25,0,96,0,1,29,0,30,4,68,54,0,126,12,0,12,138
05/11/2010,ROA,VA,AEA,EN,Combined TRACON& Tower with Radar,4,68,21,0,93,0,0,1,0,1,4,68,22,0,94,0,0,0,94
05/12/2010,ROA,VA,AEA,EN,Combined TRACON& Tower with Radar,2,57,19,0,78,0,0,2,0,2,2,57,21,0,80,0,0,0,80
05/13/2010,ROA,VA,AEA,EN,Combined TRACON& Tower with Radar,9,73,38,0,120,0,0,3,0,3,9,73,41,0,123,0,0,0,123
05/14/2010,ROA,VA,AEA,EN,Combined TRACON& Tower with Radar,11,68,30,10,119,0,2,19,0,21,11,70,49,10,140,0,8,8,148
05/15/2010,ROA,VA,AEA,EN,Combined TRACON& Tower with Radar,5,47,24,1,77,0,1,27,2,30,5,48,51,3,107,2,0,2,109
05/16/2010,ROA,VA,AEA,EN,Combined TRACON& Tower with Radar,0,63,34,5,102,0,0,18,1,19,0,63,52,6,121,0,0,0,121
05/17/2010,ROA,VA,AEA,EN,Combined TRACON& Tower with Radar,6,65,28,1,100,0,0,5,0,5,6,65,33,1,105,0,0,0,105
05/18/2010,ROA,VA,AEA,EN,Combined TRACON& Tower with Radar,4,64,22,0,90,0,0,6,0,6,4,64,28,0,96,0,0,0,96
05/19/2010,ROA,VA,AEA,EN,Combined TRACON& Tower with Radar,10,65,52,0,127,0,0,37,0,37,10,65,89,0,164,4,0,4,168
05/20/2010,ROA,VA,AEA,EN,Combined TRACON& Tower with Radar,4,62,33,14,113,0,1,73,0,74,4,63,106,14,187,0,34,34,221
05/21/2010,ROA,VA,AEA,EN,Combined TRACON& Tower with Radar,6,57,42,0,105,0,0,96,2,98,6,57,138,2,203,30,0,30,233
05/22/2010,ROA,VA,AEA,EN,Combined TRACON& Tower with Radar,4,49,8,0,61,0,0,103,3,106,4,49,111,3,167,74,6,80,247
05/23/2010,ROA,VA,AEA,EN,Combined TRACON& Tower with Radar,0,62,30,0,92,0,0,61,0,61,0,62,91,0,153,0,0,0,153
05/24/2010,ROA,VA,AEA,EN,Combined TRACON& Tower with Radar,4,59,22,2,87,0,0,3,0,3,4,59,25,2,90,0,0,0,90
05/25/2010,ROA,VA,AEA,EN,Combined TRACON& Tower with Radar,8,69,38,6,121,0,2,2,0,4,8,71,40,6,125,0,0,0,125
05/26/2010,ROA,VA,AEA,EN,Combined TRACON& Tower with Radar,6,66,33,1,106,0,1,43,1,45,6,67,76,2,151,16,0,16,167
05/27/2010,ROA,VA,AEA,EN,Combined TRACON& Tower with Radar,4,67,44,10,125,0,0,37,3,40,4,67,81,13,165,12,0,12,177
05/28/2010,ROA,VA,AEA,EN,Combined TRACON& Tower with Radar,7,74,27,0,108,0,2,11,0,13,7,76,38,0,121,14,0,14,135
05/29/2010,ROA,VA,AEA,EN,Combined TRACON& Tower with Radar,2,43,17,0,62,0,0,4,0,4,2,43,21,0,66,14,0,14,80
05/30/2010,ROA,VA,AEA,EN,Combined TRACON& Tower with Radar,0,44,21,0,65,0,0,19,0,19,0,44,40,0,84,0,0,0,84
05/31/2010,ROA,VA,AEA,EN,Combined TRACON& Tower with Radar,2,54,11,0,67,0,0,16,0,16,2,54,27,0,83,6,0,6,89
06/01/2010,ROA,VA,AEA,EN,Combined TRACON& Tower with Radar,3,67,11,1,82,0,0,6,1,7,3,67,17,2,89,0,0,0,89
06/02/2010,ROA,VA,AEA,EN,Combined TRACON& Tower with Radar,4,67,25,2,98,0,1,22,0,23,4,68,47,2,121,0,0,0,121
06/03/2010,ROA,VA,AEA,EN,Combined TRACON& Tower with Radar,3,65,22,3,93,1,0,19,2,22,4,65,41,5,115,0,0,0,115
06/04/2010,ROA,VA,AEA,EN,Combined TRACON& Tower with Radar,9,69,18,0,96,0,0,52,0,52,9,69,70,0,148,44,0,44,192
06/05/2010,ROA,VA,AEA,EN,Combined TRACON& Tower with Radar,1,45,5,0,51,0,0,15,2,17,1,45,20,2,68,0,0,0,68
06/06/2010,ROA,VA,AEA,EN,Combined TRACON& Tower with Radar,0,59,25,0,84,0,0,5,0,5,0,59,30,0,89,0,0,0,89
06/07/2010,ROA,VA,AEA,EN,Combined TRACON& Tower with Radar,6,62,22,5,95,0,2,54,0,56,6,64,76,5,151,2,0,2,153
06/08/2010,ROA,VA,AEA,EN,Combined TRACON& Tower with Radar,4,67,26,0,97,0,5,58,0,63,4,72,84,0,160,96,0,96,256
06/09/2010,ROA,VA,AEA,EN,Combined TRACON& Tower with Radar,6,64,24,0,94,0,1,38,0,39,6,65,62,0,133,10,0,10,143
06/10/2010,ROA,VA,AEA,EN,Combined TRACON& Tower with Radar,4,68,30,0,102,0,1,33,0,34,4,69,63,0,136,22,0,22,158
06/11/2010,ROA,VA,AEA,EN,Combined TRACON& Tower with Radar,9,64,31,6,110,2,0,32,0,34,11,64,63,6,144,38,13,51,195
06/12/2010,ROA,VA,AEA,EN,Combined TRACON& Tower with Radar,1,42,19,0,62,0,0,27,0,27,1,42,46,0,89,0,0,0,89
06/13/2010,ROA,VA,AEA,EN,Combined TRACON& Tower with Radar,0,54,23,0,77,0,0,6,0,6,0,54,29,0,83,0,0,0,83
06/14/2010,ROA,VA,AEA,EN,Combined TRACON& Tower with Radar,8,62,14,2,86,0,1,26,0,27,8,63,40,2,113,0,1,1,114
06/15/2010,ROA,VA,AEA,EN,Combined TRACON& Tower with Radar,4,62,22,0,88,0,2,24,2,28,4,64,46,2,116,0,0,0,116
06/16/2010,ROA,VA,AEA,EN,Combined TRACON& Tower with Radar,6,70,43,0,119,0,1,10,0,11,6,71,53,0,130,0,0,0,130
06/17/2010,ROA,VA,AEA,EN,Combined TRACON& Tower with Radar,6,66,36,5,113,0,1,27,4,32,6,67,63,9,145,6,6,12,157
06/18/2010,ROA,VA,AEA,EN,Combined TRACON& Tower with Radar,9,66,31,14,120,0,0,38,0,38,9,66,69,14,158,8,0,8,166
06/19/2010,ROA,VA,AEA,EN,Combined TRACON& Tower with Radar,1,55,8,0,64,0,0,28,6,34,1,55,36,6,98,0,0,0,98
06/20/2010,ROA,VA,AEA,EN,Combined TRACON& Tower with Radar,0,58,8,0,66,0,4,37,0,41,0,62,45,0,107,8,0,8,115
06/21/2010,ROA,VA,AEA,EN,Combined TRACON& Tower with Radar,6,56,9,2,73,0,0,24,1,25,6,56,33,3,98,0,0,0,98
06/22/2010,ROA,VA,AEA,EN,Combined TRACON& Tower with Radar,4,66,29,0,99,0,1,34,5,40,4,67,63,5,139,0,0,0,139
06/23/2010,ROA,VA,AEA,EN,Combined TRACON& Tower with Radar,6,65,30,26,127,0,5,31,39,75,6,70,61,65,202,0,4,4,206
06/24/2010,ROA,VA,AEA,EN,Combined TRACON& Tower with Radar,6,63,30,0,99,0,5,19,1,25,6,68,49,1,124,8,0,8,132
06/25/2010,ROA,VA,AEA,EN,Combined TRACON& Tower with Radar,9,63,22,2,96,0,0,22,1,23,9,63,44,3,119,5,0,5,124
06/26/2010,ROA,VA,AEA,EN,Combined TRACON& Tower with Radar,3,51,17,1,72,0,1,29,1,31,3,52,46,2,103,0,0,0,103
06/27/2010,ROA,VA,AEA,EN,Combined TRACON& Tower with Radar,0,49,18,0,67,0,0,6,0,6,0,49,24,0,73,6,0,6,79
06/28/2010,ROA,VA,AEA,EN,Combined TRACON& Tower with Radar,6,66,29,0,101,0,0,7,1,8,6,66,36,1,109,0,0,0,109
06/29/2010,ROA,VA,AEA,EN,Combined TRACON& Tower with Radar,4,66,22,0,92,0,1,36,2,39,4,67,58,2,131,4,0,4,135
06/30/2010,ROA,VA,AEA,EN,Combined TRACON& Tower with Radar,6,61,23,0,90,0,1,39,3,43,6,62,62,3,133,6,0,6,139
07/01/2010,ROA,VA,AEA,EN,Combined TRACON& Tower with Radar,4,67,24,0,95,0,0,31,0,31,4,67,55,0,126,12,0,12,138
07/02/2010,ROA,VA,AEA,EN,Combined TRACON& Tower with Radar,9,64,17,0,90,0,0,51,2,53,9,64,68,2,143,39,0,39,182
07/03/2010,ROA,VA,AEA,EN,Combined TRACON& Tower with Radar,2,48,16,0,66,0,0,24,0,24,2,48,40,0,90,1,0,1,91
07/04/2010,ROA,VA,AEA,EN,Combined TRACON& Tower with Radar,1,45,9,0,55,0,0,14,3,17,1,45,23,3,72,0,0,0,72
07/05/2010,ROA,VA,AEA,EN,Combined TRACON& Tower with Radar,3,61,24,0,88,0,0,45,0,45,3,61,69,0,133,6,0,6,139
07/06/2010,ROA,VA,AEA,EN,Combined TRACON& Tower with Radar,2,70,13,0,85,0,1,25,0,26,2,71,38,0,111,0,0,0,111
07/07/2010,ROA,VA,AEA,EN,Combined TRACON& Tower with Radar,6,66,24,0,96,0,4,24,1,29,6,70,48,1,125,0,0,0,125
07/08/2010,ROA,VA,AEA,EN,Combined TRACON& Tower with Radar,4,62,41,0,107,0,0,29,0,29,4,62,70,0,136,4,0,4,140
07/09/2010,ROA,VA,AEA,EN,Combined TRACON& Tower with Radar,15,65,35,0,115,0,1,4,0,5,15,66,39,0,120,0,0,0,120
07/10/2010,ROA,VA,AEA,EN,Combined TRACON& Tower with Radar,2,45,14,0,61,0,2,5,1,8,2,47,19,1,69,21,6,27,96
07/11/2010,ROA,VA,AEA,EN,Combined TRACON& Tower with Radar,0,55,32,0,87,0,0,36,0,36,0,55,68,0,123,0,0,0,123
07/12/2010,ROA,VA,AEA,EN,Combined TRACON& Tower with Radar,6,57,19,0,82,0,0,11,0,11,6,57,30,0,93,0,0,0,93
07/13/2010,ROA,VA,AEA,EN,Combined TRACON& Tower with Radar,8,65,15,0,88,0,0,15,0,15,8,65,30,0,103,0,0,0,103
07/14/2010,ROA,VA,AEA,EN,Combined TRACON& Tower with Radar,6,70,40,2,118,0,1,20,0,21,6,71,60,2,139,0,0,0,139
07/15/2010,ROA,VA,AEA,EN,Combined TRACON& Tower with Radar,4,60,25,3,92,0,0,68,0,68,4,60,93,3,160,0,0,0,160
07/16/2010,ROA,VA,AEA,EN,Combined TRACON& Tower with Radar,9,71,12,3,95,0,1,25,6,32,9,72,37,9,127,24,2,26,153
07/17/2010,ROA,VA,AEA,EN,Combined TRACON& Tower with Radar,1,54,12,0,67,0,0,13,1,14,1,54,25,1,81,0,0,0,81
07/18/2010,ROA,VA,AEA,EN,Combined TRACON& Tower with Radar,0,60,23,6,89,0,1,19,0,20,0,61,42,6,109,0,0,0,109
07/19/2010,ROA,VA,AEA,EN,Combined TRACON& Tower with Radar,7,68,15,0,90,0,0,10,1,11,7,68,25,1,101,0,0,0,101
07/20/2010,ROA,VA,AEA,EN,Combined TRACON& Tower with Radar,6,68,21,0,95,0,0,27,1,28,6,68,48,1,123,0,0,0,123
07/21/2010,ROA,VA,AEA,EN,Combined TRACON& Tower with Radar,6,61,22,1,90,0,1,9,1,11,6,62,31,2,101,0,0,0,101
07/22/2010,ROA,VA,AEA,EN,Combined TRACON& Tower with Radar,4,67,31,4,106,0,17,33,0,50,4,84,64,4,156,0,0,0,156
07/23/2010,ROA,VA,AEA,EN,Combined TRACON& Tower with Radar,9,74,27,6,116,0,0,31,0,31,9,74,58,6,147,6,0,6,153
07/24/2010,ROA,VA,AEA,EN,Combined TRACON& Tower with Radar,1,45,13,0,59,0,1,23,7,31,1,46,36,7,90,12,0,12,102
07/25/2010,ROA,VA,AEA,EN,Combined TRACON& Tower with Radar,0,63,22,0,85,0,0,17,0,17,0,63,39,0,102,0,0,0,102
07/26/2010,ROA,VA,AEA,EN,Combined TRACON& Tower with Radar,6,65,24,0,95,0,5,26,0,31,6,70,50,0,126,0,0,0,126
07/27/2010,ROA,VA,AEA,EN,Combined TRACON& Tower with Radar,4,60,31,2,97,0,1,2,0,3,4,61,33,2,100,0,0,0,100
07/28/2010,ROA,VA,AEA,EN,Combined TRACON& Tower with Radar,6,61,37,2,106,0,1,12,0,13,6,62,49,2,119,0,0,0,119
07/29/2010,ROA,VA,AEA,EN,Combined TRACON& Tower with Radar,6,58,26,0,90,0,1,7,1,9,6,59,33,1,99,0,26,26,125
07/30/2010,ROA,VA,AEA,EN,Combined TRACON& Tower with Radar,9,63,19,0,91,0,11,34,2,47,9,74,53,2,138,58,0,58,196
07/31/2010,ROA,VA,AEA,EN,Combined TRACON& Tower with Radar,3,49,18,8,78,0,0,5,0,5,3,49,23,8,83,0,0,0,83
08/01/2010,ROA,VA,AEA,EN,Combined TRACON& Tower with Radar,0,55,29,1,85,0,0,1,0,1,0,55,30,1,86,0,0,0,86
08/02/2010,ROA,VA,AEA,EN,Combined TRACON& Tower with Radar,6,66,36,0,108,0,1,0,0,1,6,67,36,0,109,0,0,0,109
08/03/2010,ROA,VA,AEA,EN,Combined TRACON& Tower with Radar,4,68,38,0,110,0,0,23,0,23,4,68,61,0,133,0,0,0,133
08/04/2010,ROA,VA,AEA,EN,Combined TRACON& Tower with Radar,6,58,24,2,90,0,1,13,0,14,6,59,37,2,104,14,0,14,118
08/05/2010,ROA,VA,AEA,EN,Combined TRACON& Tower with Radar,4,62,21,0,87,0,0,15,0,15,4,62,36,0,102,0,0,0,102
08/06/2010,ROA,VA,AEA,EN,Combined TRACON& Tower with Radar,9,57,28,6,100,0,4,26,0,30,9,61,54,6,130,12,0,12,142
08/07/2010,ROA,VA,AEA,EN,Combined TRACON& Tower with Radar,1,48,18,0,67,0,0,40,1,41,1,48,58,1,108,34,0,34,142
08/08/2010,ROA,VA,AEA,EN,Combined TRACON& Tower with Radar,2,50,25,0,77,0,0,15,0,15,2,50,40,0,92,0,0,0,92
08/09/2010,ROA,VA,AEA,EN,Combined TRACON& Tower with Radar,6,63,25,10,104,0,1,33,0,34,6,64,58,10,138,0,0,0,138
08/10/2010,ROA,VA,AEA,EN,Combined TRACON& Tower with Radar,4,59,23,18,104,0,1,26,1,28,4,60,49,19,132,10,26,36,168
08/11/2010,ROA,VA,AEA,EN,Combined TRACON& Tower with Radar,6,63,12,0,81,0,0,16,1,17,6,63,28,1,98,0,0,0,98
08/12/2010,ROA,VA,AEA,EN,Combined TRACON& Tower with Radar,4,64,27,4,99,0,1,11,0,12,4,65,38,4,111,8,0,8,119
08/13/2010,ROA,VA,AEA,EN,Combined TRACON& Tower with Radar,10,67,33,6,116,0,1,7,0,8,10,68,40,6,124,8,0,8,132
08/14/2010,ROA,VA,AEA,EN,Combined TRACON& Tower with Radar,5,46,14,0,65,0,0,6,0,6,5,46,20,0,71,0,0,0,71
08/15/2010,ROA,VA,AEA,EN,Combined TRACON& Tower with Radar,0,55,15,0,70,0,0,2,0,2,0,55,17,0,72,22,0,22,94
08/16/2010,ROA,VA,AEA,EN,Combined TRACON& Tower with Radar,3,38,5,2,48,0,0,0,0,0,3,38,5,2,48,6,0,6,54
08/17/2010,ROA,VA,AEA,EN,Combined TRACON& Tower with Radar,6,59,10,0,75,0,0,4,0,4,6,59,14,0,79,24,0,24,103
08/18/2010,ROA,VA,AEA,EN,Combined TRACON& Tower with Radar,6,69,28,0,103,0,0,3,0,3,6,69,31,0,106,8,0,8,114
08/19/2010,ROA,VA,AEA,EN,Combined TRACON& Tower with Radar,4,71,16,0,91,0,0,35,0,35,4,71,51,0,126,0,0,0,126
08/20/2010,ROA,VA,AEA,EN,Combined TRACON& Tower with Radar,9,69,33,2,113,0,1,29,2,32,9,70,62,4,145,68,0,68,213
08/21/2010,ROA,VA,AEA,EN,Combined TRACON& Tower with Radar,1,49,16,0,66,0,2,31,0,33,1,51,47,0,99,36,0,36,135
08/22/2010,ROA,VA,AEA,EN,Combined TRACON& Tower with Radar,0,54,13,0,67,0,0,26,0,26,0,54,39,0,93,0,0,0,93
08/23/2010,ROA,VA,AEA,EN,Combined TRACON& Tower with Radar,7,73,29,4,113,0,2,24,0,26,7,75,53,4,139,0,0,0,139
08/24/2010,ROA,VA,AEA,EN,Combined TRACON& Tower with Radar,5,66,47,0,118,0,0,3,0,3,5,66,50,0,121,0,0,0,121
08/25/2010,ROA,VA,AEA,EN,Combined TRACON& Tower with Radar,11,64,18,5,98,0,0,12,2,14,11,64,30,7,112,0,0,0,112
08/26/2010,ROA,VA,AEA,EN,Combined TRACON& Tower with Radar,4,63,42,0,109,0,1,28,0,29,4,64,70,0,138,8,0,8,146
08/27/2010,ROA,VA,AEA,EN,Combined TRACON& Tower with Radar,7,67,23,2,99,0,2,24,0,26,7,69,47,2,125,16,0,16,141
08/28/2010,ROA,VA,AEA,EN,Combined TRACON& Tower with Radar,1,53,18,0,72,0,0,20,0,20,1,53,38,0,92,18,0,18,110
08/29/2010,ROA,VA,AEA,EN,Combined TRACON& Tower with Radar,0,59,18,4,81,0,1,30,0,31,0,60,48,4,112,0,0,0,112
08/30/2010,ROA,VA,AEA,EN,Combined TRACON& Tower with Radar,4,65,37,7,113,0,2,41,2,45,4,67,78,9,158,0,0,0,158
08/31/2010,ROA,VA,AEA,EN,Combined TRACON& Tower with Radar,4,67,28,2,101,0,4,45,2,51,4,71,73,4,152,12,0,12,164
09/01/2010,ROA,VA,AEA,EN,Combined TRACON& Tower with Radar,4,62,16,26,108,0,0,17,3,20,4,62,33,29,128,6,0,6,134
09/02/2010,ROA,VA,AEA,EN,Combined TRACON& Tower with Radar,6,70,26,0,102,0,0,35,2,37,6,70,61,2,139,20,0,20,159
09/03/2010,ROA,VA,AEA,EN,Combined TRACON& Tower with Radar,6,67,26,8,107,0,0,18,0,18,6,67,44,8,125,10,0,10,135
09/04/2010,ROA,VA,AEA,EN,Combined TRACON& Tower with Radar,4,45,9,0,58,0,4,6,2,12,4,49,15,2,70,14,0,14,84
09/05/2010,ROA,VA,AEA,EN,Combined TRACON& Tower with Radar,2,46,9,0,57,0,0,35,0,35,2,46,44,0,92,10,0,10,102
09/06/2010,ROA,VA,AEA,EN,Combined TRACON& Tower with Radar,2,59,25,0,86,0,0,27,0,27,2,59,52,0,113,18,0,18,131
09/07/2010,ROA,VA,AEA,EN,Combined TRACON& Tower with Radar,4,73,24,9,110,0,1,28,3,32,4,74,52,12,142,14,0,14,156
09/08/2010,ROA,VA,AEA,EN,Combined TRACON& Tower with Radar,4,66,29,8,107,0,3,15,1,19,4,69,44,9,126,0,0,0,126
09/09/2010,ROA,VA,AEA,EN,Combined TRACON& Tower with Radar,5,65,37,15,122,0,0,55,0,55,5,65,92,15,177,24,0,24,201
09/10/2010,ROA,VA,AEA,EN,Combined TRACON& Tower with Radar,7,61,26,10,104,0,0,34,0,34,7,61,60,10,138,0,12,12,150
09/11/2010,ROA,VA,AEA,EN,Combined TRACON& Tower with Radar,1,42,9,2,54,0,0,12,1,13,1,42,21,3,67,0,0,0,67
09/12/2010,ROA,VA,AEA,EN,Combined TRACON& Tower with Radar,0,50,20,2,72,0,1,22,0,23,0,51,42,2,95,0,0,0,95
09/13/2010,ROA,VA,AEA,EN,Combined TRACON& Tower with Radar,4,62,23,1,90,0,0,28,1,29,4,62,51,2,119,0,0,0,119
09/14/2010,ROA,VA,AEA,EN,Combined TRACON& Tower with Radar,5,66,25,8,104,0,2,27,1,30,5,68,52,9,134,0,6,6,140
09/15/2010,ROA,VA,AEA,EN,Combined TRACON& Tower with Radar,4,63,32,3,102,0,0,27,0,27,4,63,59,3,129,64,0,64,193
09/16/2010,ROA,VA,AEA,EN,Combined TRACON& Tower with Radar,4,70,36,5,115,0,0,11,1,12,4,70,47,6,127,6,12,18,145
09/17/2010,ROA,VA,AEA,EN,Combined TRACON& Tower with Radar,9,64,23,1,97,0,0,21,0,21,9,64,44,1,118,0,0,0,118
09/18/2010,ROA,VA,AEA,EN,Combined TRACON& Tower with Radar,3,43,13,0,59,0,1,31,0,32,3,44,44,0,91,0,0,0,91
09/19/2010,ROA,VA,AEA,EN,Combined TRACON& Tower with Radar,1,52,19,1,73,0,1,27,0,28,1,53,46,1,101,0,0,0,101
09/20/2010,ROA,VA,AEA,EN,Combined TRACON& Tower with Radar,4,61,33,22,120,0,1,19,3,23,4,62,52,25,143,0,0,0,143
09/21/2010,ROA,VA,AEA,EN,Combined TRACON& Tower with Radar,4,63,23,6,96,0,2,38,1,41,4,65,61,7,137,8,24,32,169
09/22/2010,ROA,VA,AEA,EN,Combined TRACON& Tower with Radar,4,62,15,1,82,18,2,12,0,32,22,64,27,1,114,0,0,0,114
09/23/2010,ROA,VA,AEA,EN,Combined TRACON& Tower with Radar,4,61,16,0,81,0,0,45,0,45,4,61,61,0,126,0,0,0,126
09/24/2010,ROA,VA,AEA,EN,Combined TRACON& Tower with Radar,9,68,23,8,108,0,2,26,0,28,9,70,49,8,136,2,0,2,138
09/25/2010,ROA,VA,AEA,EN,Combined TRACON& Tower with Radar,3,55,19,0,77,0,0,33,0,33,3,55,52,0,110,12,0,12,122
09/26/2010,ROA,VA,AEA,EN,Combined TRACON& Tower with Radar,0,57,18,1,76,0,0,0,0,0,0,57,18,1,76,0,0,0,76
09/27/2010,ROA,VA,AEA,EN,Combined TRACON& Tower with Radar,4,60,20,0,84,0,0,0,0,0,4,60,20,0,84,0,0,0,84
09/28/2010,ROA,VA,AEA,EN,Combined TRACON& Tower with Radar,4,60,30,4,98,0,1,47,6,54,4,61,77,10,152,4,36,40,192
09/29/2010,ROA,VA,AEA,EN,Combined TRACON& Tower with Radar,4,66,31,0,101,0,0,11,1,12,4,66,42,1,113,0,0,0,113
09/30/2010,ROA,VA,AEA,EN,Combined TRACON& Tower with Radar,4,64,39,3,110,0,2,1,4,7,4,66,40,7,117,6,0,6,123
10/01/2010,ROA,VA,AEA,EN,Combined TRACON& Tower with Radar,7,60,17,6,90,0,0,8,1,9,7,60,25,7,99,0,0,0,99
10/02/2010,ROA,VA,AEA,EN,Combined TRACON& Tower with Radar,1,52,15,0,68,0,1,44,0,45,1,53,59,0,113,2,0,2,115
10/03/2010,ROA,VA,AEA,EN,Combined TRACON& Tower with Radar,0,53,29,0,82,0,0,14,0,14,0,53,43,0,96,0,0,0,96
10/04/2010,ROA,VA,AEA,EN,Combined TRACON& Tower with Radar,7,59,13,0,79,0,0,4,0,4,7,59,17,0,83,0,0,0,83
10/05/2010,ROA,VA,AEA,EN,Combined TRACON& Tower with Radar,6,70,27,2,105,0,0,13,0,13,6,70,40,2,118,4,0,4,122
10/06/2010,ROA,VA,AEA,EN,Combined TRACON& Tower with Radar,6,69,17,0,92,0,0,16,0,16,6,69,33,0,108,0,0,0,108
10/07/2010,ROA,VA,AEA,EN,Combined TRACON& Tower with Radar,4,63,31,0,98,0,1,20,0,21,4,64,51,0,119,0,0,0,119
10/08/2010,ROA,VA,AEA,EN,Combined TRACON& Tower with Radar,11,68,24,4,107,0,0,52,4,56,11,68,76,8,163,0,0,0,163
10/09/2010,ROA,VA,AEA,EN,Combined TRACON& Tower with Radar,5,46,9,2,62,0,0,38,0,38,5,46,47,2,100,4,0,4,104
10/10/2010,ROA,VA,AEA,EN,Combined TRACON& Tower with Radar,0,61,17,2,80,0,0,44,0,44,0,61,61,2,124,0,0,0,124
10/11/2010,ROA,VA,AEA,EN,Combined TRACON& Tower with Radar,4,57,16,2,79,0,2,25,0,27,4,59,41,2,106,0,0,0,106
10/12/2010,ROA,VA,AEA,EN,Combined TRACON& Tower with Radar,6,66,20,1,93,0,1,28,0,29,6,67,48,1,122,0,0,0,122
10/13/2010,ROA,VA,AEA,EN,Combined TRACON& Tower with Radar,4,59,18,1,82,0,1,27,1,29,4,60,45,2,111,0,0,0,111
10/14/2010,ROA,VA,AEA,EN,Combined TRACON& Tower with Radar,6,66,24,8,104,0,0,5,0,5,6,66,29,8,109,10,0,10,119
10/15/2010,ROA,VA,AEA,EN,Combined TRACON& Tower with Radar,7,61,36,0,104,0,1,15,0,16,7,62,51,0,120,0,0,0,120
10/16/2010,ROA,VA,AEA,EN,Combined TRACON& Tower with Radar,3,45,15,0,63,0,0,41,1,42,3,45,56,1,105,0,0,0,105
10/17/2010,ROA,VA,AEA,EN,Combined TRACON& Tower with Radar,0,56,26,3,85,0,1,30,0,31,0,57,56,3,116,4,0,4,120
10/18/2010,ROA,VA,AEA,EN,Combined TRACON& Tower with Radar,4,66,20,0,90,0,1,25,2,28,4,67,45,2,118,8,0,8,126
10/19/2010,ROA,VA,AEA,EN,Combined TRACON& Tower with Radar,4,64,18,0,86,0,1,31,5,37,4,65,49,5,123,0,0,0,123
10/20/2010,ROA,VA,AEA,EN,Combined TRACON& Tower with Radar,4,65,39,0,108,0,0,10,0,10,4,65,49,0,118,0,0,0,118
10/21/2010,ROA,VA,AEA,EN,Combined TRACON& Tower with Radar,4,70,35,1,110,0,1,11,2,14,4,71,46,3,124,28,0,28,152
10/22/2010,ROA,VA,AEA,EN,Combined TRACON& Tower with Radar,7,72,34,10,123,0,2,51,0,53,7,74,85,10,176,0,0,0,176
10/23/2010,ROA,VA,AEA,EN,Combined TRACON& Tower with Radar,1,52,20,0,73,0,0,41,1,42,1,52,61,1,115,8,0,8,123
10/24/2010,ROA,VA,AEA,EN,Combined TRACON& Tower with Radar,0,59,30,4,93,0,0,49,2,51,0,59,79,6,144,6,0,6,150
10/25/2010,ROA,VA,AEA,EN,Combined TRACON& Tower with Radar,4,57,28,4,93,0,0,7,0,7,4,57,35,4,100,26,0,26,126
10/26/2010,ROA,VA,AEA,EN,Combined TRACON& Tower with Radar,4,58,25,0,87,0,0,2,0,2,4,58,27,0,89,0,0,0,89
10/27/2010,ROA,VA,AEA,EN,Combined TRACON& Tower with Radar,4,59,19,3,85,15,0,2,0,17,19,59,21,3,102,0,0,0,102
10/28/2010,ROA,VA,AEA,EN,Combined TRACON& Tower with Radar,4,72,19,0,95,0,0,31,0,31,4,72,50,0,126,0,0,0,126
10/29/2010,ROA,VA,AEA,EN,Combined TRACON& Tower with Radar,7,66,30,2,105,5,5,38,2,50,12,71,68,4,155,12,0,12,167
10/30/2010,ROA,VA,AEA,EN,Combined TRACON& Tower with Radar,1,47,18,0,66,0,2,38,0,40,1,49,56,0,106,12,0,12,118
10/31/2010,ROA,VA,AEA,EN,Combined TRACON& Tower with Radar,0,52,14,0,66,0,0,31,2,33,0,52,45,2,99,0,0,0,99
11/01/2010,ROA,VA,AEA,EN,Combined TRACON& Tower with Radar,4,58,17,0,79,0,0,36,0,36,4,58,53,0,115,6,0,6,121
11/02/2010,ROA,VA,AEA,EN,Combined TRACON& Tower with Radar,4,60,14,2,80,0,0,23,2,25,4,60,37,4,105,48,0,48,153
11/03/2010,ROA,VA,AEA,EN,Combined TRACON& Tower with Radar,6,66,30,0,102,0,0,19,0,19,6,66,49,0,121,0,0,0,121
11/04/2010,ROA,VA,AEA,EN,Combined TRACON& Tower with Radar,5,69,29,0,103,0,0,1,0,1,5,69,30,0,104,0,0,0,104
11/05/2010,ROA,VA,AEA,EN,Combined TRACON& Tower with Radar,8,62,25,6,101,0,0,13,0,13,8,62,38,6,114,4,20,24,138
11/06/2010,ROA,VA,AEA,EN,Combined TRACON& Tower with Radar,3,52,11,2,68,0,0,23,0,23,3,52,34,2,91,28,3,31,122
11/07/2010,ROA,VA,AEA,EN,Combined TRACON& Tower with Radar,0,56,17,0,73,0,0,39,3,42,0,56,56,3,115,8,0,8,123
11/08/2010,ROA,VA,AEA,EN,Combined TRACON& Tower with Radar,4,59,30,0,93,0,0,14,4,18,4,59,44,4,111,0,0,0,111
11/09/2010,ROA,VA,AEA,EN,Combined TRACON& Tower with Radar,4,62,34,2,102,0,0,38,0,38,4,62,72,2,140,12,0,12,152
11/10/2010,ROA,VA,AEA,EN,Combined TRACON& Tower with Radar,4,68,24,1,97,0,0,43,0,43,4,68,67,1,140,0,0,0,140
11/11/2010,ROA,VA,AEA,EN,Combined TRACON& Tower with Radar,4,76,33,0,113,0,0,28,0,28,4,76,61,0,141,48,0,48,189
11/12/2010,ROA,VA,AEA,EN,Combined TRACON& Tower with Radar,9,63,36,3,111,0,2,48,2,52,9,65,84,5,163,18,0,18,181
11/13/2010,ROA,VA,AEA,EN,Combined TRACON& Tower with Radar,1,48,16,0,65,0,0,57,1,58,1,48,73,1,123,0,0,0,123
11/14/2010,ROA,VA,AEA,EN,Combined TRACON& Tower with Radar,2,57,20,0,79,0,0,57,0,57,2,57,77,0,136,38,0,38,174
11/15/2010,ROA,VA,AEA,EN,Combined TRACON& Tower with Radar,6,68,36,5,115,0,0,7,0,7,6,68,43,5,122,4,0,4,126
11/16/2010,ROA,VA,AEA,EN,Combined TRACON& Tower with Radar,6,53,21,0,80,0,0,0,0,0,6,53,21,0,80,0,0,0,80
11/17/2010,ROA,VA,AEA,EN,Combined TRACON& Tower with Radar,6,59,28,0,93,0,1,24,0,25,6,60,52,0,118,264,0,264,382
11/18/2010,ROA,VA,AEA,EN,Combined TRACON& Tower with Radar,4,65,29,0,98,0,0,26,4,30,4,65,55,4,128,60,0,60,188
11/19/2010,ROA,VA,AEA,EN,Combined TRACON& Tower with Radar,11,59,40,4,114,0,2,44,1,47,11,61,84,5,161,56,0,56,217
11/20/2010,ROA,VA,AEA,EN,Combined TRACON& Tower with Radar,3,48,11,2,64,0,0,35,0,35,3,48,46,2,99,14,0,14,113
11/21/2010,ROA,VA,AEA,EN,Combined TRACON& Tower with Radar,0,52,26,2,80,0,1,51,1,53,0,53,77,3,133,14,0,14,147
11/22/2010,ROA,VA,AEA,EN,Combined TRACON& Tower with Radar,8,56,16,0,80,0,2,37,2,41,8,58,53,2,121,18,0,18,139
11/23/2010,ROA,VA,AEA,EN,Combined TRACON& Tower with Radar,12,64,19,0,95,0,2,17,0,19,12,66,36,0,114,0,0,0,114
11/24/2010,ROA,VA,AEA,EN,Combined TRACON& Tower with Radar,8,57,28,4,97,0,0,16,0,16,8,57,44,4,113,6,2,8,121
11/25/2010,ROA,VA,AEA,EN,Combined TRACON& Tower with Radar,0,32,8,0,40,0,0,2,0,2,0,32,10,0,42,0,0,0,42
11/26/2010,ROA,VA,AEA,EN,Combined TRACON& Tower with Radar,9,48,15,0,72,0,0,6,0,6,9,48,21,0,78,0,0,0,78
11/27/2010,ROA,VA,AEA,EN,Combined TRACON& Tower with Radar,3,54,6,0,63,0,0,8,0,8,3,54,14,0,71,0,0,0,71
11/28/2010,ROA,VA,AEA,EN,Combined TRACON& Tower with Radar,0,62,39,0,101,0,1,38,0,39,0,63,77,0,140,0,0,0,140
11/29/2010,ROA,VA,AEA,EN,Combined TRACON& Tower with Radar,10,60,13,0,83,0,0,9,0,9,10,60,22,0,92,16,0,16,108
11/30/2010,ROA,VA,AEA,EN,Combined TRACON& Tower with Radar,10,35,9,5,59,0,0,0,0,0,10,35,9,5,59,0,0,0,59
12/01/2010,ROA,VA,AEA,EN,Combined TRACON& Tower with Radar,8,65,19,0,92,0,0,8,0,8,8,65,27,0,100,0,0,0,100
12/02/2010,ROA,VA,AEA,EN,Combined TRACON& Tower with Radar,8,58,31,0,97,0,0,12,0,12,8,58,43,0,109,0,0,0,109
12/03/2010,ROA,VA,AEA,EN,Combined TRACON& Tower with Radar,10,61,17,0,88,0,1,13,0,14,10,62,30,0,102,2,0,2,104
12/04/2010,ROA,VA,AEA,EN,Combined TRACON& Tower with Radar,2,50,19,0,71,0,0,8,0,8,2,50,27,0,79,0,0,0,79
12/05/2010,ROA,VA,AEA,EN,Combined TRACON& Tower with Radar,0,64,14,0,78,0,0,4,0,4,0,64,18,0,82,0,0,0,82
12/06/2010,ROA,VA,AEA,EN,Combined TRACON& Tower with Radar,8,58,13,2,81,0,0,2,0,2,8,58,15,2,83,0,0,0,83
12/07/2010,ROA,VA,AEA,EN,Combined TRACON& Tower with Radar,8,58,13,0,79,0,0,8,0,8,8,58,21,0,87,0,0,0,87
12/08/2010,ROA,VA,AEA,EN,Combined TRACON& Tower with Radar,10,66,32,6,114,0,1,23,0,24,10,67,55,6,138,3,0,3,141
12/09/2010,ROA,VA,AEA,EN,Combined TRACON& Tower with Radar,8,62,22,2,94,0,1,27,0,28,8,63,49,2,122,8,0,8,130
12/10/2010,ROA,VA,AEA,EN,Combined TRACON& Tower with Radar,12,64,20,2,98,0,0,31,0,31,12,64,51,2,129,16,2,18,147
12/11/2010,ROA,VA,AEA,EN,Combined TRACON& Tower with Radar,2,49,26,0,77,0,4,37,0,41,2,53,63,0,118,0,0,0,118
12/12/2010,ROA,VA,AEA,EN,Combined TRACON& Tower with Radar,0,51,7,0,58,0,0,0,0,0,0,51,7,0,58,0,0,0,58
12/13/2010,ROA,VA,AEA,EN,Combined TRACON& Tower with Radar,9,55,26,0,90,0,0,1,0,1,9,55,27,0,91,0,0,0,91
12/14/2010,ROA,VA,AEA,EN,Combined TRACON& Tower with Radar,8,61,17,0,86,0,0,8,2,10,8,61,25,2,96,0,0,0,96
12/15/2010,ROA,VA,AEA,EN,Combined TRACON& Tower with Radar,12,62,26,1,101,0,0,9,2,11,12,62,35,3,112,0,0,0,112
12/16/2010,ROA,VA,AEA,EN,Combined TRACON& Tower with Radar,9,55,9,0,73,0,0,0,0,0,9,55,9,0,73,0,0,0,73
12/17/2010,ROA,VA,AEA,EN,Combined TRACON& Tower with Radar,11,62,26,0,99,0,0,7,0,7,11,62,33,0,106,0,0,0,106
12/18/2010,ROA,VA,AEA,EN,Combined TRACON& Tower with Radar,4,51,15,12,82,0,0,6,2,8,4,51,21,14,90,0,0,0,90
12/19/2010,ROA,VA,AEA,EN,Combined TRACON& Tower with Radar,2,52,14,0,68,0,0,11,0,11,2,52,25,0,79,0,0,0,79
12/20/2010,ROA,VA,AEA,EN,Combined TRACON& Tower with Radar,9,55,21,4,89,0,0,11,1,12,9,55,32,5,101,0,0,0,101
12/21/2010,ROA,VA,AEA,EN,Combined TRACON& Tower with Radar,10,66,20,0,96,0,0,27,0,27,10,66,47,0,123,6,0,6,129
12/22/2010,ROA,VA,AEA,EN,Combined TRACON& Tower with Radar,12,58,19,2,91,0,0,6,0,6,12,58,25,2,97,18,4,22,119
12/23/2010,ROA,VA,AEA,EN,Combined TRACON& Tower with Radar,13,60,2,5,80,0,0,4,0,4,13,60,6,5,84,0,0,0,84
12/24/2010,ROA,VA,AEA,EN,Combined TRACON& Tower with Radar,9,47,12,0,68,0,0,24,0,24,9,47,36,0,92,60,0,60,152
12/25/2010,ROA,VA,AEA,EN,Combined TRACON& Tower with Radar,0,38,3,0,41,0,0,2,0,2,0,38,5,0,43,0,0,0,43
12/26/2010,ROA,VA,AEA,EN,Combined TRACON& Tower with Radar,0,44,4,0,48,0,0,0,0,0,0,44,4,0,48,0,0,0,48
12/27/2010,ROA,VA,AEA,EN,Combined TRACON& Tower with Radar,7,51,12,0,70,0,0,2,0,2,7,51,14,0,72,0,0,0,72
12/28/2010,ROA,VA,AEA,EN,Combined TRACON& Tower with Radar,8,53,21,0,82,0,0,12,0,12,8,53,33,0,94,4,0,4,98
12/29/2010,ROA,VA,AEA,EN,Combined TRACON& Tower with Radar,6,54,9,2,71,0,2,26,0,28,6,56,35,2,99,36,0,36,135
12/30/2010,ROA,VA,AEA,EN,Combined TRACON& Tower with Radar,4,57,12,2,75,0,0,6,0,6,4,57,18,2,81,86,4,90,171
12/31/2010,ROA,VA,AEA,EN,Combined TRACON& Tower with Radar,7,49,18,1,75,0,0,55,0,55,7,49,73,1,130,102,0,102,232
01/01/2011,ROA,VA,AEA,EN,Combined TRACON& Tower with Radar,2,40,2,0,44,0,0,0,0,0,2,40,2,0,44,24,0,24,68
01/02/2011,ROA,VA,AEA,EN,Combined TRACON& Tower with Radar,0,54,9,0,63,0,0,8,0,8,0,54,17,0,71,0,0,0,71
01/03/2011,ROA,VA,AEA,EN,Combined TRACON& Tower with Radar,6,63,16,0,85,0,0,16,0,16,6,63,32,0,101,0,0,0,101
01/04/2011,ROA,VA,AEA,EN,Combined TRACON& Tower with Radar,10,58,17,8,93,0,1,21,1,23,10,59,38,9,116,2,4,6,122
01/05/2011,ROA,VA,AEA,EN,Combined TRACON& Tower with Radar,4,55,24,0,83,0,1,25,0,26,4,56,49,0,109,30,0,30,139
01/06/2011,ROA,VA,AEA,EN,Combined TRACON& Tower with Radar,4,61,17,0,82,0,1,18,0,19,4,62,35,0,101,0,0,0,101
01/07/2011,ROA,VA,AEA,EN,Combined TRACON& Tower with Radar,10,56,19,0,85,0,0,2,0,2,10,56,21,0,87,0,0,0,87
01/08/2011,ROA,VA,AEA,EN,Combined TRACON& Tower with Radar,2,44,13,0,59,0,0,1,0,1,2,44,14,0,60,0,0,0,60
01/09/2011,ROA,VA,AEA,EN,Combined TRACON& Tower with Radar,0,46,12,0,58,0,0,8,2,10,0,46,20,2,68,38,0,38,106
01/10/2011,ROA,VA,AEA,EN,Combined TRACON& Tower with Radar,6,42,17,0,65,0,0,10,1,11,6,42,27,1,76,4,0,4,80
01/11/2011,ROA,VA,AEA,EN,Combined TRACON& Tower with Radar,4,34,13,2,53,0,0,0,0,0,4,34,13,2,53,0,0,0,53
01/12/2011,ROA,VA,AEA,EN,Combined TRACON& Tower with Radar,4,49,9,2,64,0,0,0,0,0,4,49,9,2,64,0,0,0,64
01/13/2011,ROA,VA,AEA,EN,Combined TRACON& Tower with Radar,4,62,26,0,92,0,0,11,0,11,4,62,37,0,103,0,0,0,103
01/14/2011,ROA,VA,AEA,EN,Combined TRACON& Tower with Radar,7,66,27,0,100,0,2,27,2,31,7,68,54,2,131,30,0,30,161
01/15/2011,ROA,VA,AEA,EN,Combined TRACON& Tower with Radar,2,42,30,0,74,0,0,29,0,29,2,42,59,0,103,32,0,32,135
01/16/2011,ROA,VA,AEA,EN,Combined TRACON& Tower with Radar,0,44,11,0,55,0,0,21,0,21,0,44,32,0,76,0,0,0,76
01/17/2011,ROA,VA,AEA,EN,Combined TRACON& Tower with Radar,6,57,18,0,81,0,0,7,0,7,6,57,25,0,88,0,0,0,88
01/18/2011,ROA,VA,AEA,EN,Combined TRACON& Tower with Radar,4,55,20,0,79,0,0,0,0,0,4,55,20,0,79,0,0,0,79
01/19/2011,ROA,VA,AEA,EN,Combined TRACON& Tower with Radar,4,57,23,0,84,0,0,5,0,5,4,57,28,0,89,0,0,0,89
01/20/2011,ROA,VA,AEA,EN,Combined TRACON& Tower with Radar,4,58,23,0,85,0,0,21,0,21,4,58,44,0,106,0,0,0,106
01/21/2011,ROA,VA,AEA,EN,Combined TRACON& Tower with Radar,8,54,24,0,86,0,0,8,0,8,8,54,32,0,94,36,0,36,130
01/22/2011,ROA,VA,AEA,EN,Combined TRACON& Tower with Radar,2,44,18,0,64,0,0,25,0,25,2,44,43,0,89,16,0,16,105
01/23/2011,ROA,VA,AEA,EN,Combined TRACON& Tower with Radar,0,45,12,0,57,0,0,17,0,17,0,45,29,0,74,0,0,0,74
01/24/2011,ROA,VA,AEA,EN,Combined TRACON& Tower with Radar,6,53,16,4,79,0,0,3,0,3,6,53,19,4,82,20,0,20,102
01/25/2011,ROA,VA,AEA,EN,Combined TRACON& Tower with Radar,4,55,15,0,74,8,0,69,0,77,12,55,84,0,151,84,0,84,235
01/26/2011,ROA,VA,AEA,EN,Combined TRACON& Tower with Radar,6,57,12,0,75,0,0,0,0,0,6,57,12,0,75,0,0,0,75
01/27/2011,ROA,VA,AEA,EN,Combined TRACON& Tower with Radar,6,52,25,0,83,0,1,18,1,20,6,53,43,1,103,0,0,0,103
01/28/2011,ROA,VA,AEA,EN,Combined TRACON& Tower with Radar,9,57,11,0,77,0,0,6,0,6,9,57,17,0,83,6,0,6,89
01/29/2011,ROA,VA,AEA,EN,Combined TRACON& Tower with Radar,1,42,14,0,57,0,1,43,0,44,1,43,57,0,101,8,0,8,109
01/30/2011,ROA,VA,AEA,EN,Combined TRACON& Tower with Radar,2,52,14,2,70,0,1,65,0,66,2,53,79,2,136,64,0,64,200
01/31/2011,ROA,VA,AEA,EN,Combined TRACON& Tower with Radar,6,56,11,1,74,0,0,2,1,3,6,56,13,2,77,2,0,2,79
02/01/2011,ROA,VA,AEA,EN,Combined TRACON& Tower with Radar,4,56,8,0,68,0,0,10,0,10,4,56,18,0,78,0,0,0,78
02/02/2011,ROA,VA,AEA,EN,Combined TRACON& Tower with Radar,6,57,7,1,71,0,1,0,1,2,6,58,7,2,73,0,0,0,73
02/03/2011,ROA,VA,AEA,EN,Combined TRACON& Tower with Radar,8,57,28,2,95,0,1,13,0,14,8,58,41,2,109,27,0,27,136
02/04/2011,ROA,VA,AEA,EN,Combined TRACON& Tower with Radar,7,62,25,0,94,0,0,6,1,7,7,62,31,1,101,4,0,4,105
02/05/2011,ROA,VA,AEA,EN,Combined TRACON& Tower with Radar,1,37,4,0,42,0,0,1,0,1,1,37,5,0,43,0,0,0,43
02/06/2011,ROA,VA,AEA,EN,Combined TRACON& Tower with Radar,2,43,14,0,59,0,1,63,0,64,2,44,77,0,123,37,0,37,160
02/07/2011,ROA,VA,AEA,EN,Combined TRACON& Tower with Radar,6,50,25,1,82,0,0,13,1,14,6,50,38,2,96,14,0,14,110
02/08/2011,ROA,VA,AEA,EN,Combined TRACON& Tower with Radar,4,59,18,0,81,0,0,3,0,3,4,59,21,0,84,0,0,0,84
02/09/2011,ROA,VA,AEA,EN,Combined TRACON& Tower with Radar,4,53,29,1,87,0,0,17,1,18,4,53,46,2,105,0,0,0,105
02/10/2011,ROA,VA,AEA,EN,Combined TRACON& Tower with Radar,6,62,18,3,89,0,1,13,4,18,6,63,31,7,107,2,0,2,109
02/11/2011,ROA,VA,AEA,EN,Combined TRACON& Tower with Radar,6,57,17,6,86,0,0,30,0,30,6,57,47,6,116,68,12,80,196
02/12/2011,ROA,VA,AEA,EN,Combined TRACON& Tower with Radar,2,44,8,0,54,0,2,9,0,11,2,46,17,0,65,0,0,0,65
02/13/2011,ROA,VA,AEA,EN,Combined TRACON& Tower with Radar,2,52,11,0,65,0,2,15,0,17,2,54,26,0,82,8,0,8,90
02/14/2011,ROA,VA,AEA,EN,Combined TRACON& Tower with Radar,4,48,11,2,65,0,0,9,0,9,4,48,20,2,74,0,0,0,74
02/15/2011,ROA,VA,AEA,EN,Combined TRACON& Tower with Radar,4,54,20,2,80,16,1,33,0,50,20,55,53,2,130,2,0,2,132
02/16/2011,ROA,VA,AEA,EN,Combined TRACON& Tower with Radar,6,56,35,9,106,0,1,11,0,12,6,57,46,9,118,26,0,26,144
02/17/2011,ROA,VA,AEA,EN,Combined TRACON& Tower with Radar,6,60,27,2,95,0,0,16,1,17,6,60,43,3,112,44,0,44,156
02/18/2011,ROA,VA,AEA,EN,Combined TRACON& Tower with Radar,7,58,20,3,88,4,0,13,0,17,11,58,33,3,105,40,0,40,145
02/19/2011,ROA,VA,AEA,EN,Combined TRACON& Tower with Radar,1,46,12,0,59,0,0,6,0,6,1,46,18,0,65,0,0,0,65
02/20/2011,ROA,VA,AEA,EN,Combined TRACON& Tower with Radar,2,48,20,0,70,0,1,40,0,41,2,49,60,0,111,64,0,64,175
02/21/2011,ROA,VA,AEA,EN,Combined TRACON& Tower with Radar,4,54,16,2,76,3,0,10,0,13,7,54,26,2,89,0,0,0,89
02/22/2011,ROA,VA,AEA,EN,Combined TRACON& Tower with Radar,4,51,11,0,66,0,0,0,0,0,4,51,11,0,66,0,0,0,66
02/23/2011,ROA,VA,AEA,EN,Combined TRACON& Tower with Radar,4,60,31,0,95,0,0,18,0,18,4,60,49,0,113,0,0,0,113
02/24/2011,ROA,VA,AEA,EN,Combined TRACON& Tower with Radar,8,48,21,0,77,0,0,6,0,6,8,48,27,0,83,0,0,0,83
02/25/2011,ROA,VA,AEA,EN,Combined TRACON& Tower with Radar,7,61,12,2,82,0,0,2,0,2,7,61,14,2,84,0,0,0,84
02/26/2011,ROA,VA,AEA,EN,Combined TRACON& Tower with Radar,5,41,23,0,69,0,0,34,4,38,5,41,57,4,107,6,0,6,113
02/27/2011,ROA,VA,AEA,EN,Combined TRACON& Tower with Radar,3,50,19,0,72,0,0,21,3,24,3,50,40,3,96,12,0,12,108
02/28/2011,ROA,VA,AEA,EN,Combined TRACON& Tower with Radar,4,50,9,0,63,0,0,1,0,1,4,50,10,0,64,0,0,0,64
03/01/2011,ROA,VA,AEA,EN,Combined TRACON& Tower with Radar,4,57,26,10,97,12,2,45,33,92,16,59,71,43,189,0,0,0,189
03/02/2011,ROA,VA,AEA,EN,Combined TRACON& Tower with Radar,4,66,20,4,94,0,0,36,1,37,4,66,56,5,131,4,0,4,135
03/03/2011,ROA,VA,AEA,EN,Combined TRACON& Tower with Radar,6,62,17,6,91,0,1,40,3,44,6,63,57,9,135,24,2,26,161
03/04/2011,ROA,VA,AEA,EN,Combined TRACON& Tower with Radar,7,57,23,2,89,0,0,28,0,28,7,57,51,2,117,16,0,16,133
03/05/2011,ROA,VA,AEA,EN,Combined TRACON& Tower with Radar,1,47,12,0,60,0,0,0,0,0,1,47,12,0,60,0,0,0,60
03/06/2011,ROA,VA,AEA,EN,Combined TRACON& Tower with Radar,2,50,6,0,58,0,0,0,0,0,2,50,6,0,58,0,0,0,58
03/07/2011,ROA,VA,AEA,EN,Combined TRACON& Tower with Radar,4,49,21,2,76,0,0,28,1,29,4,49,49,3,105,0,0,0,105
03/08/2011,ROA,VA,AEA,EN,Combined TRACON& Tower with Radar,6,58,18,12,94,0,0,17,0,17,6,58,35,12,111,43,10,53,164
03/09/2011,ROA,VA,AEA,EN,Combined TRACON& Tower with Radar,6,56,9,0,71,0,0,0,0,0,6,56,9,0,71,0,0,0,71
03/10/2011,ROA,VA,AEA,EN,Combined TRACON& Tower with Radar,8,57,28,0,93,0,0,0,0,0,8,57,28,0,93,0,0,0,93
03/11/2011,ROA,VA,AEA,EN,Combined TRACON& Tower with Radar,9,63,17,0,89,0,0,5,0,5,9,63,22,0,94,16,0,16,110
03/12/2011,ROA,VA,AEA,EN,Combined TRACON& Tower with Radar,3,40,14,0,57,0,1,21,2,24,3,41,35,2,81,22,0,22,103
03/13/2011,ROA,VA,AEA,EN,Combined TRACON& Tower with Radar,2,54,39,0,95,0,2,23,2,27,2,56,62,2,122,0,0,0,122
03/14/2011,ROA,VA,AEA,EN,Combined TRACON& Tower with Radar,4,58,20,0,82,0,0,22,3,25,4,58,42,3,107,24,0,24,131
03/15/2011,ROA,VA,AEA,EN,Combined TRACON& Tower with Radar,6,66,15,2,89,0,0,3,0,3,6,66,18,2,92,0,0,0,92
03/16/2011,ROA,VA,AEA,EN,Combined TRACON& Tower with Radar,4,66,27,2,99,0,3,13,1,17,4,69,40,3,116,2,0,2,118
03/17/2011,ROA,VA,AEA,EN,Combined TRACON& Tower with Radar,6,60,32,0,98,22,4,53,5,84,28,64,85,5,182,0,0,0,182
03/18/2011,ROA,VA,AEA,EN,Combined TRACON& Tower with Radar,6,61,18,0,85,0,0,23,1,24,6,61,41,1,109,2,0,2,111
03/19/2011,ROA,VA,AEA,EN,Combined TRACON& Tower with Radar,5,45,24,0,74,0,0,50,3,53,5,45,74,3,127,46,0,46,173
03/20/2011,ROA,VA,AEA,EN,Combined TRACON& Tower with Radar,4,52,22,3,81,0,1,32,2,35,4,53,54,5,116,36,0,36,152
03/21/2011,ROA,VA,AEA,EN,Combined TRACON& Tower with Radar,4,56,19,0,79,0,1,17,0,18,4,57,36,0,97,0,0,0,97
03/22/2011,ROA,VA,AEA,EN,Combined TRACON& Tower with Radar,4,59,22,0,85,20,0,23,1,44,24,59,45,1,129,10,0,10,139
03/23/2011,ROA,VA,AEA,EN,Combined TRACON& Tower with Radar,6,51,19,20,96,0,1,5,0,6,6,52,24,20,102,0,0,0,102
03/24/2011,ROA,VA,AEA,EN,Combined TRACON& Tower with Radar,6,62,35,0,103,0,0,8,0,8,6,62,43,0,111,0,0,0,111
03/25/2011,ROA,VA,AEA,EN,Combined TRACON& Tower with Radar,7,69,29,0,105,0,1,42,0,43,7,70,71,0,148,24,0,24,172
03/26/2011,ROA,VA,AEA,EN,Combined TRACON& Tower with Radar,1,48,8,4,61,0,0,10,0,10,1,48,18,4,71,58,0,58,129
03/27/2011,ROA,VA,AEA,EN,Combined TRACON& Tower with Radar,2,50,13,0,65,0,0,1,0,1,2,50,14,0,66,2,0,2,68
03/28/2011,ROA,VA,AEA,EN,Combined TRACON& Tower with Radar,4,58,22,0,84,0,2,13,0,15,4,60,35,0,99,32,0,32,131
03/29/2011,ROA,VA,AEA,EN,Combined TRACON& Tower with Radar,4,64,21,0,89,16,1,46,0,63,20,65,67,0,152,24,0,24,176
03/30/2011,ROA,VA,AEA,EN,Combined TRACON& Tower with Radar,4,60,16,0,80,0,0,0,0,0,4,60,16,0,80,0,0,0,80
03/31/2011,ROA,VA,AEA,EN,Combined TRACON& Tower with Radar,6,56,24,0,86,0,0,2,0,2,6,56,26,0,88,0,0,0,88
04/01/2011,ROA,VA,AEA,EN,Combined TRACON& Tower with Radar,7,66,12,0,85,0,0,6,0,6,7,66,18,0,91,0,0,0,91
04/02/2011,ROA,VA,AEA,EN,Combined TRACON& Tower with Radar,1,60,12,0,73,0,2,4,0,6,1,62,16,0,79,0,0,0,79
04/03/2011,ROA,VA,AEA,EN,Combined TRACON& Tower with Radar,2,61,12,0,75,0,0,35,2,37,2,61,47,2,112,66,0,66,178
04/04/2011,ROA,VA,AEA,EN,Combined TRACON& Tower with Radar,4,68,14,0,86,0,1,14,0,15,4,69,28,0,101,0,0,0,101
04/05/2011,ROA,VA,AEA,EN,Combined TRACON& Tower with Radar,6,73,28,0,107,0,0,6,0,6,6,73,34,0,113,0,0,0,113
04/06/2011,ROA,VA,AEA,EN,Combined TRACON& Tower with Radar,4,74,37,6,121,0,0,43,0,43,4,74,80,6,164,10,0,10,174
04/07/2011,ROA,VA,AEA,EN,Combined TRACON& Tower with Radar,6,64,32,0,102,0,1,39,0,40,6,65,71,0,142,0,0,0,142
04/08/2011,ROA,VA,AEA,EN,Combined TRACON& Tower with Radar,7,67,22,0,96,0,0,11,0,11,7,67,33,0,107,0,0,0,107
04/09/2011,ROA,VA,AEA,EN,Combined TRACON& Tower with Radar,2,50,9,0,61,0,0,0,0,0,2,50,9,0,61,0,0,0,61
04/10/2011,ROA,VA,AEA,EN,Combined TRACON& Tower with Radar,5,63,15,0,83,0,0,53,0,53,5,63,68,0,136,0,0,0,136
04/11/2011,ROA,VA,AEA,EN,Combined TRACON& Tower with Radar,5,58,24,1,88,0,1,28,1,30,5,59,52,2,118,16,0,16,134
04/12/2011,ROA,VA,AEA,EN,Combined TRACON& Tower with Radar,4,64,25,0,93,0,0,8,0,8,4,64,33,0,101,0,0,0,101
04/13/2011,ROA,VA,AEA,EN,Combined TRACON& Tower with Radar,4,66,30,4,104,0,0,27,0,27,4,66,57,4,131,0,0,0,131
04/14/2011,ROA,VA,AEA,EN,Combined TRACON& Tower with Radar,6,70,34,0,110,0,0,61,0,61,6,70,95,0,171,0,0,0,171
04/15/2011,ROA,VA,AEA,EN,Combined TRACON& Tower with Radar,6,64,32,0,102,0,1,16,2,19,6,65,48,2,121,0,0,0,121
04/16/2011,ROA,VA,AEA,EN,Combined TRACON& Tower with Radar,2,47,14,0,63,0,0,2,0,2,2,47,16,0,65,0,0,0,65
04/17/2011,ROA,VA,AEA,EN,Combined TRACON& Tower with Radar,2,57,22,0,81,0,2,17,2,21,2,59,39,2,102,20,0,20,122
04/18/2011,ROA,VA,AEA,EN,Combined TRACON& Tower with Radar,4,62,24,0,90,0,0,21,0,21,4,62,45,0,111,34,0,34,145
04/19/2011,ROA,VA,AEA,EN,Combined TRACON& Tower with Radar,6,68,31,0,105,0,2,50,2,54,6,70,81,2,159,30,0,30,189
04/20/2011,ROA,VA,AEA,EN,Combined TRACON& Tower with Radar,5,62,25,2,94,0,0,13,1,14,5,62,38,3,108,0,0,0,108
04/21/2011,ROA,VA,AEA,EN,Combined TRACON& Tower with Radar,7,67,42,0,116,0,0,47,0,47,7,67,89,0,163,22,0,22,185
04/22/2011,ROA,VA,AEA,EN,Combined TRACON& Tower with Radar,6,60,19,5,90,0,0,2,0,2,6,60,21,5,92,0,0,0,92
04/23/2011,ROA,VA,AEA,EN,Combined TRACON& Tower with Radar,4,49,21,0,74,0,1,15,2,18,4,50,36,2,92,22,0,22,114
04/24/2011,ROA,VA,AEA,EN,Combined TRACON& Tower with Radar,2,54,17,0,73,0,1,12,3,16,2,55,29,3,89,10,0,10,99
04/25/2011,ROA,VA,AEA,EN,Combined TRACON& Tower with Radar,4,59,18,0,81,0,2,64,0,66,4,61,82,0,147,0,0,0,147
04/26/2011,ROA,VA,AEA,EN,Combined TRACON& Tower with Radar,8,68,12,0,88,0,1,18,0,19,8,69,30,0,107,8,0,8,115
04/27/2011,ROA,VA,AEA,EN,Combined TRACON& Tower with Radar,4,71,33,0,108,0,0,9,0,9,4,71,42,0,117,0,0,0,117
04/28/2011,ROA,VA,AEA,EN,Combined TRACON& Tower with Radar,6,64,32,0,102,0,0,12,2,14,6,64,44,2,116,2,0,2,118
04/29/2011,ROA,VA,AEA,EN,Combined TRACON& Tower with Radar,7,68,30,0,105,0,1,24,1,26,7,69,54,1,131,12,0,12,143
04/30/2011,ROA,VA,AEA,EN,Combined TRACON& Tower with Radar,1,52,26,0,79,0,2,51,2,55,1,54,77,2,134,30,0,30,164
05/01/2011,ROA,VA,AEA,EN,Combined TRACON& Tower with Radar,5,55,40,0,100,0,0,5,0,5,5,55,45,0,105,8,0,8,113
05/02/2011,ROA,VA,AEA,EN,Combined TRACON& Tower with Radar,5,62,25,0,92,0,1,17,0,18,5,63,42,0,110,0,0,0,110
05/03/2011,ROA,VA,AEA,EN,Combined TRACON& Tower with Radar,4,61,25,19,109,0,0,6,2,8,4,61,31,21,117,0,28,28,145
05/04/2011,ROA,VA,AEA,EN,Combined TRACON& Tower with Radar,8,62,39,0,109,0,2,18,0,20,8,64,57,0,129,51,0,51,180
05/05/2011,ROA,VA,AEA,EN,Combined TRACON& Tower with Radar,6,66,39,2,113,0,2,49,8,59,6,68,88,10,172,30,8,38,210
05/06/2011,ROA,VA,AEA,EN,Combined TRACON& Tower with Radar,7,63,43,12,125,0,0,21,0,21,7,63,64,12,146,8,0,8,154
05/07/2011,ROA,VA,AEA,EN,Combined TRACON& Tower with Radar,1,47,16,0,64,0,4,30,2,36,1,51,46,2,100,4,4,8,108
05/08/2011,ROA,VA,AEA,EN,Combined TRACON& Tower with Radar,2,58,19,0,79,0,1,7,0,8,2,59,26,0,87,2,0,2,89
05/09/2011,ROA,VA,AEA,EN,Combined TRACON& Tower with Radar,4,61,39,9,113,0,2,33,2,37,4,63,72,11,150,62,14,76,226
05/10/2011,ROA,VA,AEA,EN,Combined TRACON& Tower with Radar,4,69,19,0,92,0,6,47,0,53,4,75,66,0,145,0,0,0,145
05/11/2011,ROA,VA,AEA,EN,Combined TRACON& Tower with Radar,4,67,43,0,114,0,0,6,2,8,4,67,49,2,122,18,0,18,140
05/12/2011,ROA,VA,AEA,EN,Combined TRACON& Tower with Radar,8,74,35,0,117,0,1,4,9,14,8,75,39,9,131,14,0,14,145
05/13/2011,ROA,VA,AEA,EN,Combined TRACON& Tower with Radar,8,71,27,2,108,0,0,3,0,3,8,71,30,2,111,0,0,0,111
05/14/2011,ROA,VA,AEA,EN,Combined TRACON& Tower with Radar,2,42,27,0,71,0,0,0,0,0,2,42,27,0,71,0,0,0,71
05/15/2011,ROA,VA,AEA,EN,Combined TRACON& Tower with Radar,2,60,49,2,113,0,1,9,0,10,2,61,58,2,123,12,0,12,135
05/16/2011,ROA,VA,AEA,EN,Combined TRACON& Tower with Radar,5,66,44,1,116,0,1,17,1,19,5,67,61,2,135,0,0,0,135
05/17/2011,ROA,VA,AEA,EN,Combined TRACON& Tower with Radar,4,68,24,0,96,0,0,6,0,6,4,68,30,0,102,0,0,0,102
05/18/2011,ROA,VA,AEA,EN,Combined TRACON& Tower with Radar,5,62,34,2,103,0,0,32,0,32,5,62,66,2,135,0,0,0,135
05/19/2011,ROA,VA,AEA,EN,Combined TRACON& Tower with Radar,7,65,43,1,116,0,1,19,2,22,7,66,62,3,138,36,0,36,174
05/20/2011,ROA,VA,AEA,EN,Combined TRACON& Tower with Radar,7,70,38,0,115,0,0,219,0,219,7,70,257,0,334,70,0,70,404
05/21/2011,ROA,VA,AEA,EN,Combined TRACON& Tower with Radar,3,48,39,0,90,0,1,172,2,175,3,49,211,2,265,168,0,168,433
05/22/2011,ROA,VA,AEA,EN,Combined TRACON& Tower with Radar,4,63,22,0,89,0,0,51,0,51,4,63,73,0,140,88,0,88,228
05/23/2011,ROA,VA,AEA,EN,Combined TRACON& Tower with Radar,4,71,25,0,100,0,1,20,2,23,4,72,45,2,123,26,0,26,149
05/24/2011,ROA,VA,AEA,EN,Combined TRACON& Tower with Radar,8,58,31,0,97,0,2,15,1,18,8,60,46,1,115,0,0,0,115
05/25/2011,ROA,VA,AEA,EN,Combined TRACON& Tower with Radar,4,58,36,1,99,0,1,25,0,26,4,59,61,1,125,6,0,6,131
05/26/2011,ROA,VA,AEA,EN,Combined TRACON& Tower with Radar,6,59,40,2,107,0,1,137,2,140,6,60,177,4,247,22,0,22,269
05/27/2011,ROA,VA,AEA,EN,Combined TRACON& Tower with Radar,7,63,28,2,100,0,0,12,0,12,7,63,40,2,112,36,0,36,148
05/28/2011,ROA,VA,AEA,EN,Combined TRACON& Tower with Radar,4,56,18,0,78,0,2,25,0,27,4,58,43,0,105,26,0,26,131
05/29/2011,ROA,VA,AEA,EN,Combined TRACON& Tower with Radar,2,39,18,0,59,0,0,19,0,19,2,39,37,0,78,28,0,28,106
05/30/2011,ROA,VA,AEA,EN,Combined TRACON& Tower with Radar,2,52,19,0,73,0,0,33,0,33,2,52,52,0,106,26,0,26,132
05/31/2011,ROA,VA,AEA,EN,Combined TRACON& Tower with Radar,3,61,23,0,87,0,1,25,0,26,3,62,48,0,113,24,0,24,137
06/01/2011,ROA,VA,AEA,EN,Combined TRACON& Tower with Radar,4,56,21,0,81,0,1,26,2,29,4,57,47,2,110,8,0,8,118
06/02/2011,ROA,VA,AEA,EN,Combined TRACON& Tower with Radar,8,68,41,10,127,0,0,37,3,40,8,68,78,13,167,24,0,24,191
06/03/2011,ROA,VA,AEA,EN,Combined TRACON& Tower with Radar,7,66,18,4,95,10,3,52,4,69,17,69,70,8,164,22,0,22,186
06/04/2011,ROA,VA,AEA,EN,Combined TRACON& Tower with Radar,1,47,26,0,74,0,2,51,0,53,1,49,77,0,127,0,0,0,127
06/05/2011,ROA,VA,AEA,EN,Combined TRACON& Tower with Radar,4,61,28,2,95,0,0,71,3,74,4,61,99,5,169,50,0,50,219
06/06/2011,ROA,VA,AEA,EN,Combined TRACON& Tower with Radar,4,65,33,1,103,0,1,74,0,75,4,66,107,1,178,36,0,36,214
06/07/2011,ROA,VA,AEA,EN,Combined TRACON& Tower with Radar,4,70,24,1,99,0,1,33,0,34,4,71,57,1,133,20,0,20,153
06/08/2011,ROA,VA,AEA,EN,Combined TRACON& Tower with Radar,4,58,25,1,88,0,1,27,1,29,4,59,52,2,117,6,0,6,123
06/09/2011,ROA,VA,AEA,EN,Combined TRACON& Tower with Radar,6,64,31,0,101,0,4,69,0,73,6,68,100,0,174,30,2,32,206
06/10/2011,ROA,VA,AEA,EN,Combined TRACON& Tower with Radar,6,62,29,4,101,0,0,36,1,37,6,62,65,5,138,46,0,46,184
06/11/2011,ROA,VA,AEA,EN,Combined TRACON& Tower with Radar,2,48,17,0,67,0,0,64,2,66,2,48,81,2,133,70,0,70,203
06/12/2011,ROA,VA,AEA,EN,Combined TRACON& Tower with Radar,2,62,31,3,98,0,1,26,1,28,2,63,57,4,126,50,0,50,176
06/13/2011,ROA,VA,AEA,EN,Combined TRACON& Tower with Radar,4,63,24,5,96,0,4,46,0,50,4,67,70,5,146,58,0,58,204
06/14/2011,ROA,VA,AEA,EN,Combined TRACON& Tower with Radar,4,68,29,2,103,0,3,70,0,73,4,71,99,2,176,84,0,84,260
06/15/2011,ROA,VA,AEA,EN,Combined TRACON& Tower with Radar,4,62,27,2,95,0,0,26,0,26,4,62,53,2,121,0,0,0,121
06/16/2011,ROA,VA,AEA,EN,Combined TRACON& Tower with Radar,6,61,36,1,104,0,1,9,1,11,6,62,45,2,115,0,0,0,115
06/17/2011,ROA,VA,AEA,EN,Combined TRACON& Tower with Radar,7,62,29,0,98,0,1,34,2,37,7,63,63,2,135,26,0,26,161
06/18/2011,ROA,VA,AEA,EN,Combined TRACON& Tower with Radar,1,52,15,0,68,0,0,27,0,27,1,52,42,0,95,62,0,62,157
06/19/2011,ROA,VA,AEA,EN,Combined TRACON& Tower with Radar,2,56,29,0,87,0,1,19,0,20,2,57,48,0,107,0,0,0,107
06/20/2011,ROA,VA,AEA,EN,Combined TRACON& Tower with Radar,6,60,24,0,90,0,23,13,7,43,6,83,37,7,133,10,0,10,143
06/21/2011,ROA,VA,AEA,EN,Combined TRACON& Tower with Radar,6,63,20,0,89,0,1,16,0,17,6,64,36,0,106,10,0,10,116
06/22/2011,ROA,VA,AEA,EN,Combined TRACON& Tower with Radar,7,58,16,0,81,0,1,21,0,22,7,59,37,0,103,6,0,6,109
06/23/2011,ROA,VA,AEA,EN,Combined TRACON& Tower with Radar,8,71,29,2,110,0,2,40,5,47,8,73,69,7,157,2,2,4,161
06/24/2011,ROA,VA,AEA,EN,Combined TRACON& Tower with Radar,6,65,27,0,98,16,0,22,3,41,22,65,49,3,139,16,8,24,163
06/25/2011,ROA,VA,AEA,EN,Combined TRACON& Tower with Radar,4,54,19,0,77,0,14,54,0,68,4,68,73,0,145,40,0,40,185
06/26/2011,ROA,VA,AEA,EN,Combined TRACON& Tower with Radar,2,60,19,1,82,0,1,36,0,37,2,61,55,1,119,0,0,0,119
06/27/2011,ROA,VA,AEA,EN,Combined TRACON& Tower with Radar,4,55,29,8,96,0,2,22,0,24,4,57,51,8,120,8,0,8,128
06/28/2011,ROA,VA,AEA,EN,Combined TRACON& Tower with Radar,6,70,31,0,107,24,0,51,1,76,30,70,82,1,183,0,0,0,183
06/29/2011,ROA,VA,AEA,EN,Combined TRACON& Tower with Radar,4,63,33,16,116,0,0,39,0,39,4,63,72,16,155,28,72,100,255
06/30/2011,ROA,VA,AEA,EN,Combined TRACON& Tower with Radar,9,62,32,0,103,0,5,104,0,109,9,67,136,0,212,0,0,0,212
07/01/2011,ROA,VA,AEA,EN,Combined TRACON& Tower with Radar,7,63,25,0,95,0,0,55,0,55,7,63,80,0,150,80,0,80,230
07/02/2011,ROA,VA,AEA,EN,Combined TRACON& Tower with Radar,1,50,13,0,64,0,0,62,0,62,1,50,75,0,126,0,0,0,126
07/03/2011,ROA,VA,AEA,EN,Combined TRACON& Tower with Radar,4,45,10,0,59,0,0,18,0,18,4,45,28,0,77,8,0,8,85
07/04/2011,ROA,VA,AEA,EN,Combined TRACON& Tower with Radar,2,51,10,0,63,0,0,29,0,29,2,51,39,0,92,0,0,0,92
07/05/2011,ROA,VA,AEA,EN,Combined TRACON& Tower with Radar,4,65,15,0,84,0,0,35,0,35,4,65,50,0,119,12,0,12,131
07/06/2011,ROA,VA,AEA,EN,Combined TRACON& Tower with Radar,6,67,23,0,96,0,0,5,0,5,6,67,28,0,101,3,0,3,104
07/07/2011,ROA,VA,AEA,EN,Combined TRACON& Tower with Radar,6,65,30,0,101,0,0,20,0,20,6,65,50,0,121,56,0,56,177
07/08/2011,ROA,VA,AEA,EN,Combined TRACON& Tower with Radar,7,63,19,5,94,0,0,9,0,9,7,63,28,5,103,14,4,18,121
07/09/2011,ROA,VA,AEA,EN,Combined TRACON& Tower with Radar,1,50,23,8,82,0,0,29,1,30,1,50,52,9,112,56,0,56,168
07/10/2011,ROA,VA,AEA,EN,Combined TRACON& Tower with Radar,4,55,17,0,76,0,1,27,2,30,4,56,44,2,106,40,0,40,146
07/11/2011,ROA,VA,AEA,EN,Combined TRACON& Tower with Radar,4,57,38,4,103,0,0,36,3,39,4,57,74,7,142,24,2,26,168
07/12/2011,ROA,VA,AEA,EN,Combined TRACON& Tower with Radar,6,63,45,5,119,0,2,15,8,25,6,65,60,13,144,68,4,72,216
07/13/2011,ROA,VA,AEA,EN,Combined TRACON& Tower with Radar,6,64,28,1,99,0,1,16,2,19,6,65,44,3,118,0,0,0,118
07/14/2011,ROA,VA,AEA,EN,Combined TRACON& Tower with Radar,6,61,35,6,108,0,2,39,1,42,6,63,74,7,150,52,2,54,204
07/15/2011,ROA,VA,AEA,EN,Combined TRACON& Tower with Radar,9,64,21,3,97,0,2,58,0,60,9,66,79,3,157,16,2,18,175
07/16/2011,ROA,VA,AEA,EN,Combined TRACON& Tower with Radar,1,50,16,0,67,0,0,14,0,14,1,50,30,0,81,116,0,116,197
07/17/2011,ROA,VA,AEA,EN,Combined TRACON& Tower with Radar,2,64,19,4,89,0,0,25,0,25,2,64,44,4,114,25,0,25,139
07/18/2011,ROA,VA,AEA,EN,Combined TRACON& Tower with Radar,4,64,16,0,84,0,0,27,0,27,4,64,43,0,111,60,0,60,171
07/19/2011,ROA,VA,AEA,EN,Combined TRACON& Tower with Radar,6,65,20,3,94,0,1,33,0,34,6,66,53,3,128,52,0,52,180
07/20/2011,ROA,VA,AEA,EN,Combined TRACON& Tower with Radar,7,69,48,0,124,0,0,30,0,30,7,69,78,0,154,20,0,20,174
07/21/2011,ROA,VA,AEA,EN,Combined TRACON& Tower with Radar,8,69,32,0,109,0,0,58,0,58,8,69,90,0,167,0,0,0,167
07/22/2011,ROA,VA,AEA,EN,Combined TRACON& Tower with Radar,8,65,28,5,106,0,0,13,1,14,8,65,41,6,120,0,4,4,124
07/23/2011,ROA,VA,AEA,EN,Combined TRACON& Tower with Radar,4,53,14,0,71,0,0,22,1,23,4,53,36,1,94,44,0,44,138
07/24/2011,ROA,VA,AEA,EN,Combined TRACON& Tower with Radar,3,55,16,4,78,0,0,34,0,34,3,55,50,4,112,8,2,10,122
07/25/2011,ROA,VA,AEA,EN,Combined TRACON& Tower with Radar,5,67,21,0,93,0,0,53,3,56,5,67,74,3,149,6,0,6,155
07/26/2011,ROA,VA,AEA,EN,Combined TRACON& Tower with Radar,6,63,22,16,107,0,0,24,0,24,6,63,46,16,131,86,4,90,221
07/27/2011,ROA,VA,AEA,EN,Combined TRACON& Tower with Radar,5,61,21,2,89,0,2,18,0,20,5,63,39,2,109,4,0,4,113
07/28/2011,ROA,VA,AEA,EN,Combined TRACON& Tower with Radar,7,62,31,0,100,0,1,89,0,90,7,63,120,0,190,24,0,24,214
07/29/2011,ROA,VA,AEA,EN,Combined TRACON& Tower with Radar,7,61,12,5,85,0,0,17,1,18,7,61,29,6,103,56,0,56,159
07/30/2011,ROA,VA,AEA,EN,Combined TRACON& Tower with Radar,2,29,8,0,39,0,0,30,0,30,2,29,38,0,69,0,0,0,69
07/31/2011,ROA,VA,AEA,EN,Combined TRACON& Tower with Radar,0,2,0,0,2,0,0,1,0,1,0,2,1,0,3,10,0,10,13
08/01/2011,ROA,VA,AEA,EN,Combined TRACON& Tower with Radar,5,59,22,0,86,0,0,26,0,26,5,59,48,0,112,20,0,20,132
08/02/2011,ROA,VA,AEA,EN,Combined TRACON& Tower with Radar,6,63,17,5,91,0,2,37,0,39,6,65,54,5,130,10,0,10,140
08/03/2011,ROA,VA,AEA,EN,Combined TRACON& Tower with Radar,4,65,30,0,99,0,0,29,0,29,4,65,59,0,128,0,0,0,128
08/04/2011,ROA,VA,AEA,EN,Combined TRACON& Tower with Radar,8,66,32,5,111,0,0,35,0,35,8,66,67,5,146,0,0,0,146
08/05/2011,ROA,VA,AEA,EN,Combined TRACON& Tower with Radar,7,61,35,10,113,0,2,7,6,15,7,63,42,16,128,0,0,0,128
08/06/2011,ROA,VA,AEA,EN,Combined TRACON& Tower with Radar,1,46,13,2,62,0,1,4,0,5,1,47,17,2,67,0,0,0,67
08/07/2011,ROA,VA,AEA,EN,Combined TRACON& Tower with Radar,2,58,19,1,80,0,0,21,5,26,2,58,40,6,106,8,0,8,114
08/08/2011,ROA,VA,AEA,EN,Combined TRACON& Tower with Radar,4,57,19,6,86,0,2,35,0,37,4,59,54,6,123,14,0,14,137
08/09/2011,ROA,VA,AEA,EN,Combined TRACON& Tower with Radar,6,60,26,0,92,0,2,17,0,19,6,62,43,0,111,12,0,12,123
08/10/2011,ROA,VA,AEA,EN,Combined TRACON& Tower with Radar,4,61,16,10,91,0,0,31,0,31,4,61,47,10,122,6,0,6,128
08/11/2011,ROA,VA,AEA,EN,Combined TRACON& Tower with Radar,6,61,22,6,95,0,0,46,0,46,6,61,68,6,141,0,0,0,141
08/12/2011,ROA,VA,AEA,EN,Combined TRACON& Tower with Radar,15,67,28,16,126,6,0,32,1,39,21,67,60,17,165,2,2,4,169
08/13/2011,ROA,VA,AEA,EN,Combined TRACON& Tower with Radar,1,43,18,0,62,0,0,8,0,8,1,43,26,0,70,0,0,0,70
08/14/2011,ROA,VA,AEA,EN,Combined TRACON& Tower with Radar,2,72,18,0,92,0,0,2,0,2,2,72,20,0,94,0,0,0,94
08/15/2011,ROA,VA,AEA,EN,Combined TRACON& Tower with Radar,4,60,23,2,89,0,0,10,0,10,4,60,33,2,99,36,0,36,135
08/16/2011,ROA,VA,AEA,EN,Combined TRACON& Tower with Radar,6,66,28,0,100,0,0,45,0,45,6,66,73,0,145,4,0,4,149
08/17/2011,ROA,VA,AEA,EN,Combined TRACON& Tower with Radar,4,63,31,7,105,0,2,26,3,31,4,65,57,10,136,14,0,14,150
08/18/2011,ROA,VA,AEA,EN,Combined TRACON& Tower with Radar,6,51,44,1,102,0,1,34,1,36,6,52,78,2,138,20,0,20,158
08/19/2011,ROA,VA,AEA,EN,Combined TRACON& Tower with Radar,7,58,35,0,100,0,0,14,0,14,7,58,49,0,114,24,0,24,138
08/20/2011,ROA,VA,AEA,EN,Combined TRACON& Tower with Radar,3,52,19,0,74,10,21,34,0,65,13,73,53,0,139,52,0,52,191
08/21/2011,ROA,VA,AEA,EN,Combined TRACON& Tower with Radar,2,46,24,0,72,0,1,20,2,23,2,47,44,2,95,64,0,64,159
08/22/2011,ROA,VA,AEA,EN,Combined TRACON& Tower with Radar,4,58,25,0,87,0,1,15,0,16,4,59,40,0,103,24,0,24,127
08/23/2011,ROA,VA,AEA,EN,Combined TRACON& Tower with Radar,8,58,25,14,105,0,1,57,1,59,8,59,82,15,164,19,0,19,183
08/24/2011,ROA,VA,AEA,EN,Combined TRACON& Tower with Radar,4,56,52,9,121,0,0,26,0,26,4,56,78,9,147,16,2,18,165
08/25/2011,ROA,VA,AEA,EN,Combined TRACON& Tower with Radar,6,58,33,0,97,0,3,20,0,23,6,61,53,0,120,62,0,62,182
08/26/2011,ROA,VA,AEA,EN,Combined TRACON& Tower with Radar,6,61,27,0,94,0,1,7,3,11,6,62,34,3,105,48,0,48,153
08/27/2011,ROA,VA,AEA,EN,Combined TRACON& Tower with Radar,2,45,20,0,67,0,0,2,0,2,2,45,22,0,69,0,0,0,69
08/28/2011,ROA,VA,AEA,EN,Combined TRACON& Tower with Radar,2,48,16,0,66,0,1,18,3,22,2,49,34,3,88,0,0,0,88
08/29/2011,ROA,VA,AEA,EN,Combined TRACON& Tower with Radar,4,57,24,4,89,0,0,21,4,25,4,57,45,8,114,6,0,6,120
08/30/2011,ROA,VA,AEA,EN,Combined TRACON& Tower with Radar,4,55,19,0,78,0,0,29,0,29,4,55,48,0,107,52,0,52,159
08/31/2011,ROA,VA,AEA,EN,Combined TRACON& Tower with Radar,4,50,33,0,87,0,0,18,5,23,4,50,51,5,110,2,0,2,112
09/01/2011,ROA,VA,AEA,EN,Combined TRACON& Tower with Radar,8,56,17,1,82,0,1,28,4,33,8,57,45,5,115,0,0,0,115
09/02/2011,ROA,VA,AEA,EN,Combined TRACON& Tower with Radar,7,55,25,3,90,0,0,22,0,22,7,55,47,3,112,0,0,0,112
09/03/2011,ROA,VA,AEA,EN,Combined TRACON& Tower with Radar,3,41,12,0,56,0,0,15,0,15,3,41,27,0,71,0,0,0,71
09/04/2011,ROA,VA,AEA,EN,Combined TRACON& Tower with Radar,2,29,21,0,52,0,0,23,0,23,2,29,44,0,75,0,0,0,75
09/05/2011,ROA,VA,AEA,EN,Combined TRACON& Tower with Radar,2,57,19,0,78,0,0,1,0,1,2,57,20,0,79,0,0,0,79
09/06/2011,ROA,VA,AEA,EN,Combined TRACON& Tower with Radar,4,57,9,0,70,0,0,0,0,0,4,57,9,0,70,0,0,0,70
09/07/2011,ROA,VA,AEA,EN,Combined TRACON& Tower with Radar,5,56,16,0,77,0,0,5,1,6,5,56,21,1,83,0,0,0,83
09/08/2011,ROA,VA,AEA,EN,Combined TRACON& Tower with Radar,6,59,20,0,85,0,0,13,0,13,6,59,33,0,98,58,0,58,156
09/09/2011,ROA,VA,AEA,EN,Combined TRACON& Tower with Radar,9,56,36,0,101,0,1,29,1,31,9,57,65,1,132,39,0,39,171
09/10/2011,ROA,VA,AEA,EN,Combined TRACON& Tower with Radar,4,38,16,0,58,0,4,40,2,46,4,42,56,2,104,34,0,34,138
09/11/2011,ROA,VA,AEA,EN,Combined TRACON& Tower with Radar,2,44,15,0,61,0,0,23,0,23,2,44,38,0,84,108,0,108,192
09/12/2011,ROA,VA,AEA,EN,Combined TRACON& Tower with Radar,4,55,26,2,87,0,0,19,1,20,4,55,45,3,107,20,0,20,127
09/13/2011,ROA,VA,AEA,EN,Combined TRACON& Tower with Radar,6,54,22,0,82,0,2,45,2,49,6,56,67,2,131,34,0,34,165
09/14/2011,ROA,VA,AEA,EN,Combined TRACON& Tower with Radar,4,49,33,0,86,0,2,29,5,36,4,51,62,5,122,42,0,42,164
09/15/2011,ROA,VA,AEA,EN,Combined TRACON& Tower with Radar,6,58,23,0,87,0,0,8,2,10,6,58,31,2,97,22,0,22,119
09/16/2011,ROA,VA,AEA,EN,Combined TRACON& Tower with Radar,8,56,25,1,90,0,0,40,9,49,8,56,65,10,139,6,0,6,145
09/17/2011,ROA,VA,AEA,EN,Combined TRACON& Tower with Radar,4,36,21,2,63,0,1,6,2,9,4,37,27,4,72,11,0,11,83
09/18/2011,ROA,VA,AEA,EN,Combined TRACON& Tower with Radar,2,42,34,2,80,0,0,9,9,18,2,42,43,11,98,0,0,0,98
09/19/2011,ROA,VA,AEA,EN,Combined TRACON& Tower with Radar,4,55,46,3,108,0,0,2,0,2,4,55,48,3,110,0,0,0,110
09/20/2011,ROA,VA,AEA,EN,Combined TRACON& Tower with Radar,4,59,26,0,89,0,0,10,2,12,4,59,36,2,101,26,4,30,131
09/21/2011,ROA,VA,AEA,EN,Combined TRACON& Tower with Radar,4,56,33,4,97,0,0,1,0,1,4,56,34,4,98,0,0,0,98
09/22/2011,ROA,VA,AEA,EN,Combined TRACON& Tower with Radar,9,58,32,0,99,0,0,13,1,14,9,58,45,1,113,40,0,40,153
09/23/2011,ROA,VA,AEA,EN,Combined TRACON& Tower with Radar,14,58,34,0,106,0,0,10,0,10,14,58,44,0,116,0,0,0,116
09/24/2011,ROA,VA,AEA,EN,Combined TRACON& Tower with Radar,2,41,12,0,55,0,2,8,0,10,2,43,20,0,65,28,0,28,93
09/25/2011,ROA,VA,AEA,EN,Combined TRACON& Tower with Radar,5,47,28,2,82,0,0,5,0,5,5,47,33,2,87,12,0,12,99
09/26/2011,ROA,VA,AEA,EN,Combined TRACON& Tower with Radar,4,55,22,0,81,0,0,7,0,7,4,55,29,0,88,0,0,0,88
09/27/2011,ROA,VA,AEA,EN,Combined TRACON& Tower with Radar,4,58,30,0,92,0,1,17,0,18,4,59,47,0,110,28,0,28,138
09/28/2011,ROA,VA,AEA,EN,Combined TRACON& Tower with Radar,4,54,33,0,91,0,1,35,0,36,4,55,68,0,127,38,0,38,165
09/29/2011,ROA,VA,AEA,EN,Combined TRACON& Tower with Radar,6,65,38,8,117,0,2,42,1,45,6,67,80,9,162,53,0,53,215
09/30/2011,ROA,VA,AEA,EN,Combined TRACON& Tower with Radar,11,64,25,1,101,0,2,19,3,24,11,66,44,4,125,30,0,30,155
10/01/2011,ROA,VA,AEA,EN,Combined TRACON& Tower with Radar,2,38,13,0,53,0,0,5,0,5,2,38,18,0,58,0,0,0,58
10/02/2011,ROA,VA,AEA,EN,Combined TRACON& Tower with Radar,3,49,19,0,71,0,0,9,0,9,3,49,28,0,80,0,0,0,80
10/03/2011,ROA,VA,AEA,EN,Combined TRACON& Tower with Radar,4,53,23,2,82,0,1,12,0,13,4,54,35,2,95,10,0,10,105
10/04/2011,ROA,VA,AEA,EN,Combined TRACON& Tower with Radar,4,57,26,4,91,0,0,21,5,26,4,57,47,9,117,30,0,30,147
10/05/2011,ROA,VA,AEA,EN,Combined TRACON& Tower with Radar,6,57,12,4,79,0,3,70,0,73,6,60,82,4,152,16,0,16,168
10/06/2011,ROA,VA,AEA,EN,Combined TRACON& Tower with Radar,6,56,32,0,94,0,2,39,2,43,6,58,71,2,137,62,0,62,199
10/07/2011,ROA,VA,AEA,EN,Combined TRACON& Tower with Radar,11,63,38,14,126,0,1,55,0,56,11,64,93,14,182,110,8,118,300
10/08/2011,ROA,VA,AEA,EN,Combined TRACON& Tower with Radar,5,38,9,2,54,0,2,38,2,42,5,40,47,4,96,8,0,8,104
10/09/2011,ROA,VA,AEA,EN,Combined TRACON& Tower with Radar,2,44,28,1,75,0,1,34,0,35,2,45,62,1,110,2,0,2,112
10/10/2011,ROA,VA,AEA,EN,Combined TRACON& Tower with Radar,4,54,18,0,76,0,3,28,0,31,4,57,46,0,107,0,0,0,107
10/11/2011,ROA,VA,AEA,EN,Combined TRACON& Tower with Radar,6,55,23,2,86,0,1,5,3,9,6,56,28,5,95,26,0,26,121
10/12/2011,ROA,VA,AEA,EN,Combined TRACON& Tower with Radar,4,65,38,0,107,0,0,2,0,2,4,65,40,0,109,0,0,0,109
10/13/2011,ROA,VA,AEA,EN,Combined TRACON& Tower with Radar,6,60,31,2,99,0,0,5,0,5,6,60,36,2,104,0,0,0,104
10/14/2011,ROA,VA,AEA,EN,Combined TRACON& Tower with Radar,6,65,24,10,105,0,2,10,0,12,6,67,34,10,117,18,0,18,135
10/15/2011,ROA,VA,AEA,EN,Combined TRACON& Tower with Radar,1,41,13,0,55,0,2,20,0,22,1,43,33,0,77,4,0,4,81
10/16/2011,ROA,VA,AEA,EN,Combined TRACON& Tower with Radar,1,47,30,4,82,0,0,41,0,41,1,47,71,4,123,87,0,87,210
10/17/2011,ROA,VA,AEA,EN,Combined TRACON& Tower with Radar,4,53,21,3,81,0,2,22,7,31,4,55,43,10,112,24,0,24,136
10/18/2011,ROA,VA,AEA,EN,Combined TRACON& Tower with Radar,4,57,22,6,89,0,0,58,0,58,4,57,80,6,147,72,0,72,219
10/19/2011,ROA,VA,AEA,EN,Combined TRACON& Tower with Radar,4,50,25,5,84,0,0,0,0,0,4,50,25,5,84,0,0,0,84
10/20/2011,ROA,VA,AEA,EN,Combined TRACON& Tower with Radar,8,57,62,2,129,0,0,14,1,15,8,57,76,3,144,0,0,0,144
10/21/2011,ROA,VA,AEA,EN,Combined TRACON& Tower with Radar,9,60,33,37,139,0,1,39,6,46,9,61,72,43,185,94,54,148,333
10/22/2011,ROA,VA,AEA,EN,Combined TRACON& Tower with Radar,5,41,21,0,67,0,1,84,0,85,5,42,105,0,152,46,0,46,198
10/23/2011,ROA,VA,AEA,EN,Combined TRACON& Tower with Radar,2,48,27,4,81,0,13,32,4,49,2,61,59,8,130,68,0,68,198
10/24/2011,ROA,VA,AEA,EN,Combined TRACON& Tower with Radar,4,45,23,0,72,0,3,22,3,28,4,48,45,3,100,6,0,6,106
10/25/2011,ROA,VA,AEA,EN,Combined TRACON& Tower with Radar,4,58,30,0,92,0,4,44,1,49,4,62,74,1,141,16,0,16,157
10/26/2011,ROA,VA,AEA,EN,Combined TRACON& Tower with Radar,4,53,25,0,82,0,0,32,1,33,4,53,57,1,115,0,0,0,115
10/27/2011,ROA,VA,AEA,EN,Combined TRACON& Tower with Radar,7,64,38,6,115,0,15,21,0,36,7,79,59,6,151,80,0,80,231
10/28/2011,ROA,VA,AEA,EN,Combined TRACON& Tower with Radar,6,59,34,0,99,0,0,38,0,38,6,59,72,0,137,0,0,0,137
10/29/2011,ROA,VA,AEA,EN,Combined TRACON& Tower with Radar,2,40,11,0,53,0,1,6,0,7,2,41,17,0,60,10,0,10,70
10/30/2011,ROA,VA,AEA,EN,Combined TRACON& Tower with Radar,4,58,30,0,92,0,0,46,0,46,4,58,76,0,138,40,0,40,178
10/31/2011,ROA,VA,AEA,EN,Combined TRACON& Tower with Radar,4,52,24,10,90,0,0,16,2,18,4,52,40,12,108,10,0,10,118
11/01/2011,ROA,VA,AEA,EN,Combined TRACON& Tower with Radar,6,52,39,1,98,0,0,41,0,41,6,52,80,1,139,4,0,4,143
11/02/2011,ROA,VA,AEA,EN,Combined TRACON& Tower with Radar,5,58,36,7,106,0,0,23,4,27,5,58,59,11,133,6,0,6,139
11/03/2011,ROA,VA,AEA,EN,Combined TRACON& Tower with Radar,7,61,32,4,104,10,0,94,0,104,17,61,126,4,208,28,4,32,240
11/04/2011,ROA,VA,AEA,EN,Combined TRACON& Tower with Radar,9,59,31,0,99,0,0,3,1,4,9,59,34,1,103,0,0,0,103
11/05/2011,ROA,VA,AEA,EN,Combined TRACON& Tower with Radar,1,46,20,1,68,0,4,47,0,51,1,50,67,1,119,8,0,8,127
11/06/2011,ROA,VA,AEA,EN,Combined TRACON& Tower with Radar,2,55,13,0,70,0,0,36,4,40,2,55,49,4,110,44,0,44,154
11/07/2011,ROA,VA,AEA,EN,Combined TRACON& Tower with Radar,4,54,21,1,80,0,0,32,1,33,4,54,53,2,113,4,0,4,117
11/08/2011,ROA,VA,AEA,EN,Combined TRACON& Tower with Radar,5,53,18,0,76,0,0,70,2,72,5,53,88,2,148,20,0,20,168
11/09/2011,ROA,VA,AEA,EN,Combined TRACON& Tower with Radar,7,54,31,4,96,0,3,28,1,32,7,57,59,5,128,0,0,0,128
11/10/2011,ROA,VA,AEA,EN,Combined TRACON& Tower with Radar,8,61,46,0,115,0,0,8,0,8,8,61,54,0,123,0,0,0,123
11/11/2011,ROA,VA,AEA,EN,Combined TRACON& Tower with Radar,9,58,20,0,87,0,2,11,2,15,9,60,31,2,102,6,0,6,108
11/12/2011,ROA,VA,AEA,EN,Combined TRACON& Tower with Radar,3,36,14,0,53,0,0,34,0,34,3,36,48,0,87,6,0,6,93
11/13/2011,ROA,VA,AEA,EN,Combined TRACON& Tower with Radar,2,46,18,0,66,0,0,42,0,42,2,46,60,0,108,0,0,0,108
11/14/2011,ROA,VA,AEA,EN,Combined TRACON& Tower with Radar,4,53,21,0,78,0,0,35,1,36,4,53,56,1,114,76,0,76,190
11/15/2011,ROA,VA,AEA,EN,Combined TRACON& Tower with Radar,4,59,25,3,91,0,0,3,1,4,4,59,28,4,95,118,0,118,213
11/16/2011,ROA,VA,AEA,EN,Combined TRACON& Tower with Radar,6,60,30,0,96,0,1,2,0,3,6,61,32,0,99,0,0,0,99
11/17/2011,ROA,VA,AEA,EN,Combined TRACON& Tower with Radar,6,63,26,0,95,0,0,38,0,38,6,63,64,0,133,100,0,100,233
11/18/2011,ROA,VA,AEA,EN,Combined TRACON& Tower with Radar,7,55,24,12,98,0,1,46,1,48,7,56,70,13,146,40,10,50,196
11/19/2011,ROA,VA,AEA,EN,Combined TRACON& Tower with Radar,1,37,27,0,65,0,0,37,2,39,1,37,64,2,104,38,0,38,142
11/20/2011,ROA,VA,AEA,EN,Combined TRACON& Tower with Radar,2,43,40,0,85,0,1,27,3,31,2,44,67,3,116,20,0,20,136
11/21/2011,ROA,VA,AEA,EN,Combined TRACON& Tower with Radar,8,58,25,9,100,0,0,10,1,11,8,58,35,10,111,6,12,18,129
11/22/2011,ROA,VA,AEA,EN,Combined TRACON& Tower with Radar,8,19,12,0,39,0,0,0,0,0,8,19,12,0,39,0,0,0,39
11/23/2011,ROA,VA,AEA,EN,Combined TRACON& Tower with Radar,12,63,25,6,106,0,0,4,0,4,12,63,29,6,110,0,0,0,110
11/24/2011,ROA,VA,AEA,EN,Combined TRACON& Tower with Radar,0,29,7,0,36,0,0,20,0,20,0,29,27,0,56,0,0,0,56
11/25/2011,ROA,VA,AEA,EN,Combined TRACON& Tower with Radar,7,37,13,0,57,0,0,51,0,51,7,37,64,0,108,97,0,97,205
11/26/2011,ROA,VA,AEA,EN,Combined TRACON& Tower with Radar,3,49,13,0,65,0,3,36,0,39,3,52,49,0,104,20,0,20,124
11/27/2011,ROA,VA,AEA,EN,Combined TRACON& Tower with Radar,2,58,20,0,80,0,0,9,0,9,2,58,29,0,89,0,0,0,89
11/28/2011,ROA,VA,AEA,EN,Combined TRACON& Tower with Radar,4,52,20,0,76,0,0,3,0,3,4,52,23,0,79,0,0,0,79
11/29/2011,ROA,VA,AEA,EN,Combined TRACON& Tower with Radar,6,56,19,0,81,0,0,8,0,8,6,56,27,0,89,32,0,32,121
11/30/2011,ROA,VA,AEA,EN,Combined TRACON& Tower with Radar,6,50,20,0,76,0,0,2,0,2,6,50,22,0,78,12,0,12,90
12/01/2011,ROA,VA,AEA,EN,Combined TRACON& Tower with Radar,8,55,30,0,93,0,2,55,0,57,8,57,85,0,150,31,0,31,181
12/02/2011,ROA,VA,AEA,EN,Combined TRACON& Tower with Radar,6,54,23,13,96,0,4,44,0,48,6,58,67,13,144,30,0,30,174
12/03/2011,ROA,VA,AEA,EN,Combined TRACON& Tower with Radar,3,30,15,1,49,0,1,45,0,46,3,31,60,1,95,42,0,42,137
12/04/2011,ROA,VA,AEA,EN,Combined TRACON& Tower with Radar,3,40,27,1,71,0,0,30,0,30,3,40,57,1,101,26,0,26,127
12/05/2011,ROA,VA,AEA,EN,Combined TRACON& Tower with Radar,2,52,9,0,63,0,0,15,0,15,2,52,24,0,78,66,0,66,144
12/06/2011,ROA,VA,AEA,EN,Combined TRACON& Tower with Radar,4,53,15,0,72,0,0,0,0,0,4,53,15,0,72,0,0,0,72
12/07/2011,ROA,VA,AEA,EN,Combined TRACON& Tower with Radar,7,55,18,1,81,0,0,0,0,0,7,55,18,1,81,0,0,0,81
12/08/2011,ROA,VA,AEA,EN,Combined TRACON& Tower with Radar,8,63,21,6,98,0,0,12,4,16,8,63,33,10,114,22,4,26,140
12/09/2011,ROA,VA,AEA,EN,Combined TRACON& Tower with Radar,6,64,29,16,115,0,0,33,0,33,6,64,62,16,148,18,12,30,178
12/10/2011,ROA,VA,AEA,EN,Combined TRACON& Tower with Radar,4,34,11,0,49,0,0,18,0,18,4,34,29,0,67,35,0,35,102
12/11/2011,ROA,VA,AEA,EN,Combined TRACON& Tower with Radar,2,44,15,0,61,0,0,32,2,34,2,44,47,2,95,12,0,12,107
12/12/2011,ROA,VA,AEA,EN,Combined TRACON& Tower with Radar,2,53,30,3,88,0,0,22,1,23,2,53,52,4,111,74,2,76,187
12/13/2011,ROA,VA,AEA,EN,Combined TRACON& Tower with Radar,8,56,30,10,104,0,0,39,2,41,8,56,69,12,145,92,28,120,265
12/14/2011,ROA,VA,AEA,EN,Combined TRACON& Tower with Radar,6,47,44,0,97,0,1,16,2,19,6,48,60,2,116,8,0,8,124
12/15/2011,ROA,VA,AEA,EN,Combined TRACON& Tower with Radar,7,59,23,6,95,0,0,24,0,24,7,59,47,6,119,58,0,58,177
12/16/2011,ROA,VA,AEA,EN,Combined TRACON& Tower with Radar,9,57,29,0,95,0,0,0,0,0,9,57,29,0,95,0,0,0,95
12/17/2011,ROA,VA,AEA,EN,Combined TRACON& Tower with Radar,3,45,23,0,71,0,0,15,0,15,3,45,38,0,86,24,0,24,110
12/18/2011,ROA,VA,AEA,EN,Combined TRACON& Tower with Radar,2,47,20,0,69,0,0,14,0,14,2,47,34,0,83,18,0,18,101
12/19/2011,ROA,VA,AEA,EN,Combined TRACON& Tower with Radar,8,61,24,4,97,0,2,26,0,28,8,63,50,4,125,36,0,36,161
12/20/2011,ROA,VA,AEA,EN,Combined TRACON& Tower with Radar,8,55,29,0,92,0,7,36,2,45,8,62,65,2,137,40,0,40,177
12/21/2011,ROA,VA,AEA,EN,Combined TRACON& Tower with Radar,10,63,21,2,96,0,0,4,0,4,10,63,25,2,100,30,0,30,130
12/22/2011,ROA,VA,AEA,EN,Combined TRACON& Tower with Radar,10,60,23,0,93,0,0,12,0,12,10,60,35,0,105,52,0,52,157
12/23/2011,ROA,VA,AEA,EN,Combined TRACON& Tower with Radar,10,57,31,0,98,0,0,11,0,11,10,57,42,0,109,20,0,20,129
12/24/2011,ROA,VA,AEA,EN,Combined TRACON& Tower with Radar,2,40,8,0,50,0,0,8,0,8,2,40,16,0,58,0,0,0,58
12/25/2011,ROA,VA,AEA,EN,Combined TRACON& Tower with Radar,2,34,3,0,39,0,0,6,0,6,2,34,9,0,45,0,0,0,45
12/26/2011,ROA,VA,AEA,EN,Combined TRACON& Tower with Radar,5,51,20,0,76,0,1,54,0,55,5,52,74,0,131,10,0,10,141
12/27/2011,ROA,VA,AEA,EN,Combined TRACON& Tower with Radar,6,50,8,0,64,0,0,2,0,2,6,50,10,0,66,0,0,0,66
12/28/2011,ROA,VA,AEA,EN,Combined TRACON& Tower with Radar,9,59,18,0,86,0,1,9,4,14,9,60,27,4,100,0,0,0,100
12/29/2011,ROA,VA,AEA,EN,Combined TRACON& Tower with Radar,6,61,21,0,88,0,1,27,0,28,6,62,48,0,116,32,0,32,148
12/30/2011,ROA,VA,AEA,EN,Combined TRACON& Tower with Radar,7,53,15,0,75,0,1,34,0,35,7,54,49,0,110,26,0,26,136
12/31/2011,ROA,VA,AEA,EN,Combined TRACON& Tower with Radar,4,36,12,0,52,0,0,5,0,5,4,36,17,0,57,0,0,0,57
01/01/2012,ROA,VA,AEA,EN,Combined TRACON& Tower with Radar,4,41,18,0,63,0,0,11,0,11,4,41,29,0,74,12,0,12,86
01/02/2012,ROA,VA,AEA,EN,Combined TRACON& Tower with Radar,1,41,10,0,52,0,0,3,0,3,1,41,13,0,55,0,0,0,55
01/03/2012,ROA,VA,AEA,EN,Combined TRACON& Tower with Radar,5,47,11,2,65,0,0,2,0,2,5,47,13,2,67,0,0,0,67
01/04/2012,ROA,VA,AEA,EN,Combined TRACON& Tower with Radar,9,57,14,5,85,0,2,15,3,20,9,59,29,8,105,0,0,0,105
01/05/2012,ROA,VA,AEA,EN,Combined TRACON& Tower with Radar,6,56,18,1,81,0,0,13,1,14,6,56,31,2,95,0,0,0,95
01/06/2012,ROA,VA,AEA,EN,Combined TRACON& Tower with Radar,9,51,17,0,77,0,0,27,0,27,9,51,44,0,104,0,0,0,104
01/07/2012,ROA,VA,AEA,EN,Combined TRACON& Tower with Radar,3,38,8,0,49,0,0,41,0,41,3,38,49,0,90,0,0,0,90
01/08/2012,ROA,VA,AEA,EN,Combined TRACON& Tower with Radar,4,44,15,0,63,0,1,39,0,40,4,45,54,0,103,0,0,0,103
01/09/2012,ROA,VA,AEA,EN,Combined TRACON& Tower with Radar,6,48,14,0,68,0,0,0,0,0,6,48,14,0,68,0,0,0,68
01/10/2012,ROA,VA,AEA,EN,Combined TRACON& Tower with Radar,8,48,21,1,78,0,0,18,0,18,8,48,39,1,96,0,0,0,96
01/11/2012,ROA,VA,AEA,EN,Combined TRACON& Tower with Radar,4,55,11,2,72,0,0,0,0,0,4,55,11,2,72,0,0,0,72
01/12/2012,ROA,VA,AEA,EN,Combined TRACON& Tower with Radar,6,52,29,2,89,0,0,5,1,6,6,52,34,3,95,20,0,20,115
01/13/2012,ROA,VA,AEA,EN,Combined TRACON& Tower with Radar,7,66,17,0,90,0,0,6,0,6,7,66,23,0,96,8,0,8,104
01/14/2012,ROA,VA,AEA,EN,Combined TRACON& Tower with Radar,2,36,11,0,49,0,0,59,0,59,2,36,70,0,108,24,0,24,132
01/15/2012,ROA,VA,AEA,EN,Combined TRACON& Tower with Radar,3,45,6,0,54,0,1,22,0,23,3,46,28,0,77,12,0,12,89
01/16/2012,ROA,VA,AEA,EN,Combined TRACON& Tower with Radar,4,51,12,0,67,0,0,27,0,27,4,51,39,0,94,16,0,16,110
01/17/2012,ROA,VA,AEA,EN,Combined TRACON& Tower with Radar,4,51,19,8,82,0,0,7,0,7,4,51,26,8,89,0,22,22,111
01/18/2012,ROA,VA,AEA,EN,Combined TRACON& Tower with Radar,5,54,27,2,88,0,0,4,2,6,5,54,31,4,94,0,0,0,94
01/19/2012,ROA,VA,AEA,EN,Combined TRACON& Tower with Radar,6,59,31,11,107,0,0,19,2,21,6,59,50,13,128,0,0,0,128
01/20/2012,ROA,VA,AEA,EN,Combined TRACON& Tower with Radar,14,55,20,9,98,0,0,30,0,30,14,55,50,9,128,16,14,30,158
01/21/2012,ROA,VA,AEA,EN,Combined TRACON& Tower with Radar,2,35,4,0,41,0,0,0,0,0,2,35,4,0,41,0,0,0,41
01/22/2012,ROA,VA,AEA,EN,Combined TRACON& Tower with Radar,2,49,12,2,65,0,0,0,0,0,2,49,12,2,65,0,0,0,65
01/23/2012,ROA,VA,AEA,EN,Combined TRACON& Tower with Radar,3,40,16,0,59,0,0,0,0,0,3,40,16,0,59,0,0,0,59
01/24/2012,ROA,VA,AEA,EN,Combined TRACON& Tower with Radar,6,52,39,0,97,0,1,30,1,32,6,53,69,1,129,74,0,74,203
01/25/2012,ROA,VA,AEA,EN,Combined TRACON& Tower with Radar,4,58,30,0,92,0,0,17,0,17,4,58,47,0,109,22,0,22,131
01/26/2012,ROA,VA,AEA,EN,Combined TRACON& Tower with Radar,6,58,19,0,83,0,0,5,2,7,6,58,24,2,90,16,0,16,106
01/27/2012,ROA,VA,AEA,EN,Combined TRACON& Tower with Radar,6,59,21,10,96,0,0,2,1,3,6,59,23,11,99,2,12,14,113
01/28/2012,ROA,VA,AEA,EN,Combined TRACON& Tower with Radar,2,39,10,0,51,0,0,40,0,40,2,39,50,0,91,0,0,0,91
01/29/2012,ROA,VA,AEA,EN,Combined TRACON& Tower with Radar,4,46,19,0,69,0,1,12,0,13,4,47,31,0,82,29,0,29,111
01/30/2012,ROA,VA,AEA,EN,Combined TRACON& Tower with Radar,5,53,26,8,92,0,1,30,0,31,5,54,56,8,123,18,0,18,141
01/31/2012,ROA,VA,AEA,EN,Combined TRACON& Tower with Radar,4,52,33,0,89,0,0,19,1,20,4,52,52,1,109,0,0,0,109
02/01/2012,ROA,VA,AEA,EN,Combined TRACON& Tower with Radar,6,54,31,6,97,0,0,19,0,19,6,54,50,6,116,0,0,0,116
02/02/2012,ROA,VA,AEA,EN,Combined TRACON& Tower with Radar,6,62,25,0,93,0,0,17,0,17,6,62,42,0,110,14,0,14,124
02/03/2012,ROA,VA,AEA,EN,Combined TRACON& Tower with Radar,7,58,20,2,87,0,1,51,0,52,7,59,71,2,139,16,0,16,155
02/04/2012,ROA,VA,AEA,EN,Combined TRACON& Tower with Radar,1,41,13,0,55,0,0,13,0,13,1,41,26,0,68,30,0,30,98
02/05/2012,ROA,VA,AEA,EN,Combined TRACON& Tower with Radar,2,46,9,0,57,0,1,0,0,1,2,47,9,0,58,0,0,0,58
02/06/2012,ROA,VA,AEA,EN,Combined TRACON& Tower with Radar,6,50,28,0,84,0,0,14,0,14,6,50,42,0,98,52,0,52,150
02/07/2012,ROA,VA,AEA,EN,Combined TRACON& Tower with Radar,4,49,41,3,97,0,2,42,1,45,4,51,83,4,142,138,0,138,280
02/08/2012,ROA,VA,AEA,EN,Combined TRACON& Tower with Radar,4,65,21,0,90,0,0,1,1,2,4,65,22,1,92,0,0,0,92
02/09/2012,ROA,VA,AEA,EN,Combined TRACON& Tower with Radar,6,60,31,0,97,0,2,15,0,17,6,62,46,0,114,20,0,20,134
02/10/2012,ROA,VA,AEA,EN,Combined TRACON& Tower with Radar,6,57,27,1,91,0,0,39,1,40,6,57,66,2,131,24,0,24,155
02/11/2012,ROA,VA,AEA,EN,Combined TRACON& Tower with Radar,2,43,19,0,64,0,0,6,1,7,2,43,25,1,71,44,0,44,115
02/12/2012,ROA,VA,AEA,EN,Combined TRACON& Tower with Radar,2,48,16,1,67,0,1,11,0,12,2,49,27,1,79,26,0,26,105
02/13/2012,ROA,VA,AEA,EN,Combined TRACON& Tower with Radar,4,57,18,0,79,0,2,25,1,28,4,59,43,1,107,78,0,78,185
02/14/2012,ROA,VA,AEA,EN,Combined TRACON& Tower with Radar,4,58,17,2,81,0,0,13,0,13,4,58,30,2,94,54,0,54,148
02/15/2012,ROA,VA,AEA,EN,Combined TRACON& Tower with Radar,6,63,14,4,87,0,0,36,3,39,6,63,50,7,126,60,8,68,194
02/16/2012,ROA,VA,AEA,EN,Combined TRACON& Tower with Radar,6,50,30,0,86,0,3,2,0,5,6,53,32,0,91,0,0,0,91
02/17/2012,ROA,VA,AEA,EN,Combined TRACON& Tower with Radar,4,66,32,0,102,0,1,37,0,38,4,67,69,0,140,178,0,178,318
02/18/2012,ROA,VA,AEA,EN,Combined TRACON& Tower with Radar,4,43,28,2,77,14,2,53,0,69,18,45,81,2,146,28,0,28,174
02/19/2012,ROA,VA,AEA,EN,Combined TRACON& Tower with Radar,2,20,2,0,24,0,4,1,0,5,2,24,3,0,29,42,0,42,71
02/20/2012,ROA,VA,AEA,EN,Combined TRACON& Tower with Radar,2,52,26,0,80,0,6,16,0,22,2,58,42,0,102,0,0,0,102
02/21/2012,ROA,VA,AEA,EN,Combined TRACON& Tower with Radar,6,53,20,6,85,0,10,19,0,29,6,63,39,6,114,48,8,56,170
02/22/2012,ROA,VA,AEA,EN,Combined TRACON& Tower with Radar,6,57,21,0,84,0,0,9,1,10,6,57,30,1,94,0,0,0,94
02/23/2012,ROA,VA,AEA,EN,Combined TRACON& Tower with Radar,6,67,39,0,112,0,2,18,0,20,6,69,57,0,132,0,0,0,132
02/24/2012,ROA,VA,AEA,EN,Combined TRACON& Tower with Radar,4,53,10,0,67,0,0,3,0,3,4,53,13,0,70,14,0,14,84
02/25/2012,ROA,VA,AEA,EN,Combined TRACON& Tower with Radar,10,41,16,0,67,0,1,10,0,11,10,42,26,0,78,1,0,1,79
02/26/2012,ROA,VA,AEA,EN,Combined TRACON& Tower with Radar,2,53,27,0,82,0,4,38,0,42,2,57,65,0,124,30,0,30,154
02/27/2012,ROA,VA,AEA,EN,Combined TRACON& Tower with Radar,2,54,30,2,88,0,1,29,0,30,2,55,59,2,118,0,0,0,118
02/28/2012,ROA,VA,AEA,EN,Combined TRACON& Tower with Radar,4,56,20,0,80,0,6,43,1,50,4,62,63,1,130,57,0,57,187
02/29/2012,ROA,VA,AEA,EN,Combined TRACON& Tower with Radar,6,58,23,0,87,0,0,0,0,0,6,58,23,0,87,0,0,0,87
03/01/2012,ROA,VA,AEA,EN,Combined TRACON& Tower with Radar,6,56,31,0,93,0,1,8,0,9,6,57,39,0,102,4,0,4,106
03/02/2012,ROA,VA,AEA,EN,Combined TRACON& Tower with Radar,7,55,22,3,87,0,0,12,0,12,7,55,34,3,99,38,0,38,137
03/03/2012,ROA,VA,AEA,EN,Combined TRACON& Tower with Radar,7,43,13,0,63,0,6,9,2,17,7,49,22,2,80,20,0,20,100
03/04/2012,ROA,VA,AEA,EN,Combined TRACON& Tower with Radar,2,51,13,2,68,0,0,20,0,20,2,51,33,2,88,0,0,0,88
03/05/2012,ROA,VA,AEA,EN,Combined TRACON& Tower with Radar,2,57,16,0,75,0,0,1,0,1,2,57,17,0,76,0,0,0,76
03/06/2012,ROA,VA,AEA,EN,Combined TRACON& Tower with Radar,4,58,26,0,88,0,0,46,0,46,4,58,72,0,134,16,0,16,150
03/07/2012,ROA,VA,AEA,EN,Combined TRACON& Tower with Radar,6,56,21,10,93,0,0,30,0,30,6,56,51,10,123,8,10,18,141
03/08/2012,ROA,VA,AEA,EN,Combined TRACON& Tower with Radar,8,60,35,1,104,0,5,9,1,15,8,65,44,2,119,6,0,6,125
03/09/2012,ROA,VA,AEA,EN,Combined TRACON& Tower with Radar,6,66,17,0,89,0,0,13,0,13,6,66,30,0,102,6,0,6,108
03/10/2012,ROA,VA,AEA,EN,Combined TRACON& Tower with Radar,4,43,32,0,79,0,0,57,0,57,4,43,89,0,136,12,0,12,148
03/11/2012,ROA,VA,AEA,EN,Combined TRACON& Tower with Radar,2,47,13,3,65,0,1,39,0,40,2,48,52,3,105,8,0,8,113
03/12/2012,ROA,VA,AEA,EN,Combined TRACON& Tower with Radar,4,59,25,0,88,0,0,18,0,18,4,59,43,0,106,0,0,0,106
03/13/2012,ROA,VA,AEA,EN,Combined TRACON& Tower with Radar,4,60,21,6,91,0,3,29,4,36,4,63,50,10,127,28,0,28,155
03/14/2012,ROA,VA,AEA,EN,Combined TRACON& Tower with Radar,7,56,22,12,97,0,0,45,1,46,7,56,67,13,143,24,0,24,167
03/15/2012,ROA,VA,AEA,EN,Combined TRACON& Tower with Radar,9,60,21,0,90,0,0,22,0,22,9,60,43,0,112,70,0,70,182
03/16/2012,ROA,VA,AEA,EN,Combined TRACON& Tower with Radar,7,68,24,6,105,0,0,24,0,24,7,68,48,6,129,12,6,18,147
03/17/2012,ROA,VA,AEA,EN,Combined TRACON& Tower with Radar,5,54,15,0,74,0,0,42,0,42,5,54,57,0,116,102,0,102,218
03/18/2012,ROA,VA,AEA,EN,Combined TRACON& Tower with Radar,2,57,21,0,80,0,0,3,4,7,2,57,24,4,87,0,0,0,87
03/19/2012,ROA,VA,AEA,EN,Combined TRACON& Tower with Radar,2,57,21,2,82,0,2,8,0,10,2,59,29,2,92,0,0,0,92
03/20/2012,ROA,VA,AEA,EN,Combined TRACON& Tower with Radar,6,59,23,0,88,0,2,25,0,27,6,61,48,0,115,0,0,0,115
03/21/2012,ROA,VA,AEA,EN,Combined TRACON& Tower with Radar,8,57,26,3,94,0,1,9,0,10,8,58,35,3,104,0,0,0,104
03/22/2012,ROA,VA,AEA,EN,Combined TRACON& Tower with Radar,8,62,29,1,100,0,6,36,0,42,8,68,65,1,142,24,0,24,166
03/23/2012,ROA,VA,AEA,EN,Combined TRACON& Tower with Radar,5,58,19,0,82,0,6,25,0,31,5,64,44,0,113,28,0,28,141
03/24/2012,ROA,VA,AEA,EN,Combined TRACON& Tower with Radar,3,39,15,0,57,0,0,4,0,4,3,39,19,0,61,0,0,0,61
03/25/2012,ROA,VA,AEA,EN,Combined TRACON& Tower with Radar,5,48,20,0,73,0,1,0,0,1,5,49,20,0,74,0,0,0,74
03/26/2012,ROA,VA,AEA,EN,Combined TRACON& Tower with Radar,3,57,12,0,72,0,2,16,4,22,3,59,28,4,94,0,0,0,94
03/27/2012,ROA,VA,AEA,EN,Combined TRACON& Tower with Radar,4,62,21,1,88,0,7,47,1,55,4,69,68,2,143,36,0,36,179
03/28/2012,ROA,VA,AEA,EN,Combined TRACON& Tower with Radar,6,60,26,2,94,0,0,21,0,21,6,60,47,2,115,0,0,0,115
03/29/2012,ROA,VA,AEA,EN,Combined TRACON& Tower with Radar,6,61,27,4,98,0,0,12,3,15,6,61,39,7,113,0,0,0,113
03/30/2012,ROA,VA,AEA,EN,Combined TRACON& Tower with Radar,5,66,16,0,87,0,0,38,0,38,5,66,54,0,125,38,0,38,163
03/31/2012,ROA,VA,AEA,EN,Combined TRACON& Tower with Radar,3,49,15,0,67,0,0,35,1,36,3,49,50,1,103,12,0,12,115
04/01/2012,ROA,VA,AEA,EN,Combined TRACON& Tower with Radar,2,49,10,0,61,0,0,49,1,50,2,49,59,1,111,72,0,72,183
04/02/2012,ROA,VA,AEA,EN,Combined TRACON& Tower with Radar,2,64,7,1,74,0,3,17,1,21,2,67,24,2,95,0,0,0,95
04/03/2012,ROA,VA,AEA,EN,Combined TRACON& Tower with Radar,4,65,32,1,102,0,0,32,3,35,4,65,64,4,137,46,0,46,183
04/04/2012,ROA,VA,AEA,EN,Combined TRACON& Tower with Radar,6,64,24,6,100,0,1,22,1,24,6,65,46,7,124,0,0,0,124
04/05/2012,ROA,VA,AEA,EN,Combined TRACON& Tower with Radar,6,65,38,0,109,0,1,1,0,2,6,66,39,0,111,0,0,0,111
04/06/2012,ROA,VA,AEA,EN,Combined TRACON& Tower with Radar,5,62,23,0,90,0,0,35,0,35,5,62,58,0,125,20,0,20,145
04/07/2012,ROA,VA,AEA,EN,Combined TRACON& Tower with Radar,2,46,11,0,59,0,0,46,6,52,2,46,57,6,111,16,0,16,127
04/08/2012,ROA,VA,AEA,EN,Combined TRACON& Tower with Radar,2,52,10,0,64,0,1,18,0,19,2,53,28,0,83,8,0,8,91
04/09/2012,ROA,VA,AEA,EN,Combined TRACON& Tower with Radar,2,62,25,5,94,0,0,12,0,12,2,62,37,5,106,0,8,8,114
04/10/2012,ROA,VA,AEA,EN,Combined TRACON& Tower with Radar,6,69,23,0,98,0,0,24,0,24,6,69,47,0,122,6,0,6,128
04/11/2012,ROA,VA,AEA,EN,Combined TRACON& Tower with Radar,5,63,29,0,97,0,1,22,0,23,5,64,51,0,120,2,0,2,122
04/12/2012,ROA,VA,AEA,EN,Combined TRACON& Tower with Radar,6,65,18,0,89,0,1,45,0,46,6,66,63,0,135,26,0,26,161
04/13/2012,ROA,VA,AEA,EN,Combined TRACON& Tower with Radar,5,67,20,5,97,0,0,48,2,50,5,67,68,7,147,9,0,9,156
04/14/2012,ROA,VA,AEA,EN,Combined TRACON& Tower with Radar,3,40,24,0,67,0,1,34,0,35,3,41,58,0,102,0,0,0,102
04/15/2012,ROA,VA,AEA,EN,Combined TRACON& Tower with Radar,2,57,21,0,80,0,1,25,2,28,2,58,46,2,108,18,0,18,126
04/16/2012,ROA,VA,AEA,EN,Combined TRACON& Tower with Radar,4,61,20,0,85,0,0,41,0,41,4,61,61,0,126,2,0,2,128
04/17/2012,ROA,VA,AEA,EN,Combined TRACON& Tower with Radar,4,67,27,2,100,0,2,28,0,30,4,69,55,2,130,10,0,10,140
04/18/2012,ROA,VA,AEA,EN,Combined TRACON& Tower with Radar,6,63,27,0,96,0,2,0,0,2,6,65,27,0,98,0,0,0,98
04/19/2012,ROA,VA,AEA,EN,Combined TRACON& Tower with Radar,10,60,25,0,95,0,0,16,1,17,10,60,41,1,112,0,0,0,112
04/20/2012,ROA,VA,AEA,EN,Combined TRACON& Tower with Radar,6,62,29,5,102,0,0,29,1,30,6,62,58,6,132,18,0,18,150
04/21/2012,ROA,VA,AEA,EN,Combined TRACON& Tower with Radar,5,39,19,0,63,0,2,16,0,18,5,41,35,0,81,6,0,6,87
04/22/2012,ROA,VA,AEA,EN,Combined TRACON& Tower with Radar,2,52,28,0,82,0,0,0,0,0,2,52,28,0,82,0,0,0,82
04/23/2012,ROA,VA,AEA,EN,Combined TRACON& Tower with Radar,2,62,8,0,72,0,1,4,0,5,2,63,12,0,77,0,0,0,77
04/24/2012,ROA,VA,AEA,EN,Combined TRACON& Tower with Radar,4,66,31,4,105,0,2,27,1,30,4,68,58,5,135,0,0,0,135
04/25/2012,ROA,VA,AEA,EN,Combined TRACON& Tower with Radar,6,65,30,2,103,0,1,23,0,24,6,66,53,2,127,0,0,0,127
04/26/2012,ROA,VA,AEA,EN,Combined TRACON& Tower with Radar,8,67,27,0,102,0,1,3,0,4,8,68,30,0,106,18,0,18,124
04/27/2012,ROA,VA,AEA,EN,Combined TRACON& Tower with Radar,7,65,24,0,96,0,5,44,0,49,7,70,68,0,145,20,0,20,165
04/28/2012,ROA,VA,AEA,EN,Combined TRACON& Tower with Radar,3,48,14,0,65,0,3,17,0,20,3,51,31,0,85,0,0,0,85
04/29/2012,ROA,VA,AEA,EN,Combined TRACON& Tower with Radar,4,57,19,0,80,16,0,14,0,30,20,57,33,0,110,30,0,30,140
04/30/2012,ROA,VA,AEA,EN,Combined TRACON& Tower with Radar,2,59,28,0,89,0,0,1,0,1,2,59,29,0,90,0,0,0,90
05/01/2012,ROA,VA,AEA,EN,Combined TRACON& Tower with Radar,4,59,23,0,86,0,0,21,1,22,4,59,44,1,108,0,0,0,108
05/02/2012,ROA,VA,AEA,EN,Combined TRACON& Tower with Radar,6,62,27,0,95,0,2,30,0,32,6,64,57,0,127,0,0,0,127
05/03/2012,ROA,VA,AEA,EN,Combined TRACON& Tower with Radar,6,71,33,0,110,0,1,31,1,33,6,72,64,1,143,22,0,22,165
05/04/2012,ROA,VA,AEA,EN,Combined TRACON& Tower with Radar,5,60,34,4,103,0,5,24,1,30,5,65,58,5,133,20,0,20,153
05/05/2012,ROA,VA,AEA,EN,Combined TRACON& Tower with Radar,3,44,28,1,76,0,3,9,0,12,3,47,37,1,88,0,0,0,88
05/06/2012,ROA,VA,AEA,EN,Combined TRACON& Tower with Radar,2,51,31,0,84,0,0,8,0,8,2,51,39,0,92,96,0,96,188
05/07/2012,ROA,VA,AEA,EN,Combined TRACON& Tower with Radar,2,67,38,0,107,0,0,9,0,9,2,67,47,0,116,70,0,70,186
05/08/2012,ROA,VA,AEA,EN,Combined TRACON& Tower with Radar,4,60,33,0,97,0,0,3,0,3,4,60,36,0,100,0,0,0,100
05/09/2012,ROA,VA,AEA,EN,Combined TRACON& Tower with Radar,8,69,27,2,106,0,1,1,0,2,8,70,28,2,108,0,0,0,108
05/10/2012,ROA,VA,AEA,EN,Combined TRACON& Tower with Radar,8,62,34,0,104,0,0,27,0,27,8,62,61,0,131,0,0,0,131
05/11/2012,ROA,VA,AEA,EN,Combined TRACON& Tower with Radar,5,68,24,2,99,0,1,50,0,51,5,69,74,2,150,12,0,12,162
05/12/2012,ROA,VA,AEA,EN,Combined TRACON& Tower with Radar,3,46,25,1,75,0,0,50,1,51,3,46,75,2,126,0,0,0,126
05/13/2012,ROA,VA,AEA,EN,Combined TRACON& Tower with Radar,4,52,26,0,82,0,0,11,2,13,4,52,37,2,95,8,0,8,103
05/14/2012,ROA,VA,AEA,EN,Combined TRACON& Tower with Radar,4,64,12,3,83,0,0,0,0,0,4,64,12,3,83,0,0,0,83
05/15/2012,ROA,VA,AEA,EN,Combined TRACON& Tower with Radar,4,72,25,4,105,0,0,15,0,15,4,72,40,4,120,50,0,50,170
05/16/2012,ROA,VA,AEA,EN,Combined TRACON& Tower with Radar,4,76,19,0,99,0,0,21,1,22,4,76,40,1,121,0,0,0,121
05/17/2012,ROA,VA,AEA,EN,Combined TRACON& Tower with Radar,8,69,22,0,99,0,1,68,6,75,8,70,90,6,174,30,0,30,204
05/18/2012,ROA,VA,AEA,EN,Combined TRACON& Tower with Radar,5,78,30,4,117,0,0,106,2,108,5,78,136,6,225,0,0,0,225
05/19/2012,ROA,VA,AEA,EN,Combined TRACON& Tower with Radar,1,46,18,0,65,0,0,120,0,120,1,46,138,0,185,4,0,4,189
05/20/2012,ROA,VA,AEA,EN,Combined TRACON& Tower with Radar,4,53,26,0,83,0,0,11,2,13,4,53,37,2,96,148,0,148,244
05/21/2012,ROA,VA,AEA,EN,Combined TRACON& Tower with Radar,2,65,38,0,105,0,0,9,0,9,2,65,47,0,114,67,0,67,181
05/22/2012,ROA,VA,AEA,EN,Combined TRACON& Tower with Radar,4,58,48,8,118,0,0,18,1,19,4,58,66,9,137,92,0,92,229
05/23/2012,ROA,VA,AEA,EN,Combined TRACON& Tower with Radar,6,70,42,4,122,0,0,7,0,7,6,70,49,4,129,0,0,0,129
05/24/2012,ROA,VA,AEA,EN,Combined TRACON& Tower with Radar,8,72,37,3,120,0,3,13,3,19,8,75,50,6,139,48,0,48,187
05/25/2012,ROA,VA,AEA,EN,Combined TRACON& Tower with Radar,11,65,32,4,112,58,2,41,2,103,69,67,73,6,215,79,0,79,294
05/26/2012,ROA,VA,AEA,EN,Combined TRACON& Tower with Radar,1,44,19,0,64,0,0,28,3,31,1,44,47,3,95,34,0,34,129
05/27/2012,ROA,VA,AEA,EN,Combined TRACON& Tower with Radar,4,47,5,0,56,0,1,19,0,20,4,48,24,0,76,76,0,76,152
05/28/2012,ROA,VA,AEA,EN,Combined TRACON& Tower with Radar,0,57,16,5,78,0,0,32,1,33,0,57,48,6,111,54,0,54,165
05/29/2012,ROA,VA,AEA,EN,Combined TRACON& Tower with Radar,2,64,20,0,86,0,1,17,0,18,2,65,37,0,104,92,0,92,196
05/30/2012,ROA,VA,AEA,EN,Combined TRACON& Tower with Radar,4,63,30,12,109,0,0,19,7,26,4,63,49,19,135,64,10,74,209
05/31/2012,ROA,VA,AEA,EN,Combined TRACON& Tower with Radar,10,63,37,0,110,0,0,33,1,34,10,63,70,1,144,122,0,122,266
06/01/2012,ROA,VA,AEA,EN,Combined TRACON& Tower with Radar,5,65,13,2,85,0,0,1,0,1,5,65,14,2,86,58,0,58,144
06/02/2012,ROA,VA,AEA,EN,Combined TRACON& Tower with Radar,5,44,16,2,67,44,0,32,4,80,49,44,48,6,147,40,0,40,187
06/03/2012,ROA,VA,AEA,EN,Combined TRACON& Tower with Radar,4,56,24,0,84,0,0,22,0,22,4,56,46,0,106,70,0,70,176
06/04/2012,ROA,VA,AEA,EN,Combined TRACON& Tower with Radar,2,57,25,0,84,0,0,26,0,26,2,57,51,0,110,120,0,120,230
06/05/2012,ROA,VA,AEA,EN,Combined TRACON& Tower with Radar,6,61,19,2,88,0,1,25,0,26,6,62,44,2,114,82,2,84,198
06/06/2012,ROA,VA,AEA,EN,Combined TRACON& Tower with Radar,4,59,35,0,98,0,0,11,0,11,4,59,46,0,109,4,0,4,113
06/07/2012,ROA,VA,AEA,EN,Combined TRACON& Tower with Radar,8,60,39,0,107,0,1,53,0,54,8,61,92,0,161,98,0,98,259
06/08/2012,ROA,VA,AEA,EN,Combined TRACON& Tower with Radar,7,64,21,0,92,6,0,40,1,47,13,64,61,1,139,96,0,96,235
06/09/2012,ROA,VA,AEA,EN,Combined TRACON& Tower with Radar,1,51,17,0,69,0,0,46,4,50,1,51,63,4,119,28,0,28,147
06/10/2012,ROA,VA,AEA,EN,Combined TRACON& Tower with Radar,4,60,8,0,72,0,0,45,0,45,4,60,53,0,117,84,0,84,201
06/11/2012,ROA,VA,AEA,EN,Combined TRACON& Tower with Radar,2,60,27,2,91,0,0,9,0,9,2,60,36,2,100,0,0,0,100
06/12/2012,ROA,VA,AEA,EN,Combined TRACON& Tower with Radar,4,67,20,2,93,0,0,12,0,12,4,67,32,2,105,60,0,60,165
06/13/2012,ROA,VA,AEA,EN,Combined TRACON& Tower with Radar,4,65,24,0,93,0,1,38,0,39,4,66,62,0,132,76,0,76,208
06/14/2012,ROA,VA,AEA,EN,Combined TRACON& Tower with Radar,8,68,21,1,98,0,4,35,1,40,8,72,56,2,138,190,0,190,328
06/15/2012,ROA,VA,AEA,EN,Combined TRACON& Tower with Radar,7,71,23,6,107,28,2,35,2,67,35,73,58,8,174,80,18,98,272
06/16/2012,ROA,VA,AEA,EN,Combined TRACON& Tower with Radar,1,47,19,0,67,0,0,45,1,46,1,47,64,1,113,136,0,136,249
06/17/2012,ROA,VA,AEA,EN,Combined TRACON& Tower with Radar,4,64,20,0,88,0,2,28,5,35,4,66,48,5,123,104,0,104,227
06/18/2012,ROA,VA,AEA,EN,Combined TRACON& Tower with Radar,2,60,21,0,83,0,3,17,1,21,2,63,38,1,104,0,0,0,104
06/19/2012,ROA,VA,AEA,EN,Combined TRACON& Tower with Radar,6,66,14,0,86,0,0,24,0,24,6,66,38,0,110,26,0,26,136
06/20/2012,ROA,VA,AEA,EN,Combined TRACON& Tower with Radar,4,78,28,5,115,0,4,33,1,38,4,82,61,6,153,58,0,58,211
06/21/2012,ROA,VA,AEA,EN,Combined TRACON& Tower with Radar,8,63,42,2,115,0,2,38,0,40,8,65,80,2,155,58,0,58,213
06/22/2012,ROA,VA,AEA,EN,Combined TRACON& Tower with Radar,7,68,15,2,92,0,0,24,3,27,7,68,39,5,119,26,0,26,145
06/23/2012,ROA,VA,AEA,EN,Combined TRACON& Tower with Radar,1,47,18,0,66,0,0,47,0,47,1,47,65,0,113,7,0,7,120
06/24/2012,ROA,VA,AEA,EN,Combined TRACON& Tower with Radar,6,61,18,0,85,0,0,56,0,56,6,61,74,0,141,93,0,93,234
06/25/2012,ROA,VA,AEA,EN,Combined TRACON& Tower with Radar,3,67,29,0,99,0,1,46,0,47,3,68,75,0,146,52,0,52,198
06/26/2012,ROA,VA,AEA,EN,Combined TRACON& Tower with Radar,5,62,27,2,96,0,3,42,2,47,5,65,69,4,143,22,0,22,165
06/27/2012,ROA,VA,AEA,EN,Combined TRACON& Tower with Radar,4,62,36,2,104,0,2,36,3,41,4,64,72,5,145,8,12,20,165
06/28/2012,ROA,VA,AEA,EN,Combined TRACON& Tower with Radar,8,58,23,0,89,0,0,30,0,30,8,58,53,0,119,46,0,46,165
06/29/2012,ROA,VA,AEA,EN,Combined TRACON& Tower with Radar,3,68,23,0,94,0,1,19,2,22,3,69,42,2,116,0,0,0,116
06/30/2012,ROA,VA,AEA,EN,Combined TRACON& Tower with Radar,3,59,9,0,71,0,8,18,0,26,3,67,27,0,97,0,0,0,97
07/01/2012,ROA,VA,AEA,EN,Combined TRACON& Tower with Radar,4,56,5,1,66,0,4,14,1,19,4,60,19,2,85,10,0,10,95
07/02/2012,ROA,VA,AEA,EN,Combined TRACON& Tower with Radar,2,54,13,0,69,0,6,15,0,21,2,60,28,0,90,36,0,36,126
07/03/2012,ROA,VA,AEA,EN,Combined TRACON& Tower with Radar,4,49,12,0,65,0,0,35,0,35,4,49,47,0,100,52,0,52,152
07/04/2012,ROA,VA,AEA,EN,Combined TRACON& Tower with Radar,0,43,8,0,51,0,3,18,0,21,0,46,26,0,72,0,0,0,72
07/05/2012,ROA,VA,AEA,EN,Combined TRACON& Tower with Radar,8,46,7,0,61,0,0,29,0,29,8,46,36,0,90,22,0,22,112
07/06/2012,ROA,VA,AEA,EN,Combined TRACON& Tower with Radar,5,54,18,0,77,0,0,28,0,28,5,54,46,0,105,0,0,0,105
07/07/2012,ROA,VA,AEA,EN,Combined TRACON& Tower with Radar,1,49,14,0,64,0,0,37,1,38,1,49,51,1,102,71,0,71,173
07/08/2012,ROA,VA,AEA,EN,Combined TRACON& Tower with Radar,4,61,13,2,80,0,0,16,0,16,4,61,29,2,96,40,0,40,136
07/09/2012,ROA,VA,AEA,EN,Combined TRACON& Tower with Radar,2,59,31,1,93,0,0,10,0,10,2,59,41,1,103,0,0,0,103
07/10/2012,ROA,VA,AEA,EN,Combined TRACON& Tower with Radar,4,63,27,1,95,0,0,15,2,17,4,63,42,3,112,0,0,0,112
07/11/2012,ROA,VA,AEA,EN,Combined TRACON& Tower with Radar,4,62,35,11,112,0,2,19,1,22,4,64,54,12,134,30,0,30,164
07/12/2012,ROA,VA,AEA,EN,Combined TRACON& Tower with Radar,8,60,30,8,106,0,0,26,8,34,8,60,56,16,140,0,0,0,140
07/13/2012,ROA,VA,AEA,EN,Combined TRACON& Tower with Radar,6,63,31,12,112,0,1,9,0,10,6,64,40,12,122,0,44,44,166
07/14/2012,ROA,VA,AEA,EN,Combined TRACON& Tower with Radar,2,55,17,3,77,0,0,11,0,11,2,55,28,3,88,5,0,5,93
07/15/2012,ROA,VA,AEA,EN,Combined TRACON& Tower with Radar,6,58,12,5,81,0,0,22,0,22,6,58,34,5,103,0,0,0,103
07/16/2012,ROA,VA,AEA,EN,Combined TRACON& Tower with Radar,2,56,11,1,70,0,0,21,2,23,2,56,32,3,93,0,0,0,93
07/17/2012,ROA,VA,AEA,EN,Combined TRACON& Tower with Radar,4,53,26,2,85,0,3,39,0,42,4,56,65,2,127,12,0,12,139
07/18/2012,ROA,VA,AEA,EN,Combined TRACON& Tower with Radar,4,57,23,12,96,0,0,26,0,26,4,57,49,12,122,46,18,64,186
07/19/2012,ROA,VA,AEA,EN,Combined TRACON& Tower with Radar,8,58,26,2,94,0,1,15,2,18,8,59,41,4,112,4,0,4,116
07/20/2012,ROA,VA,AEA,EN,Combined TRACON& Tower with Radar,5,61,34,0,100,0,0,16,0,16,5,61,50,0,116,18,0,18,134
07/21/2012,ROA,VA,AEA,EN,Combined TRACON& Tower with Radar,3,48,13,0,64,0,2,37,0,39,3,50,50,0,103,38,0,38,141
07/22/2012,ROA,VA,AEA,EN,Combined TRACON& Tower with Radar,4,55,33,0,92,0,0,16,0,16,4,55,49,0,108,70,0,70,178
07/23/2012,ROA,VA,AEA,EN,Combined TRACON& Tower with Radar,2,59,28,2,91,0,0,23,0,23,2,59,51,2,114,4,0,4,118
07/24/2012,ROA,VA,AEA,EN,Combined TRACON& Tower with Radar,6,58,22,2,88,0,0,14,0,14,6,58,36,2,102,30,0,30,132
07/25/2012,ROA,VA,AEA,EN,Combined TRACON& Tower with Radar,4,68,26,0,98,0,0,34,1,35,4,68,60,1,133,104,4,108,241
07/26/2012,ROA,VA,AEA,EN,Combined TRACON& Tower with Radar,8,66,26,9,109,0,1,29,3,33,8,67,55,12,142,7,18,25,167
07/27/2012,ROA,VA,AEA,EN,Combined TRACON& Tower with Radar,5,65,17,0,87,0,0,34,5,39,5,65,51,5,126,47,0,47,173
07/28/2012,ROA,VA,AEA,EN,Combined TRACON& Tower with Radar,1,53,16,1,71,0,0,41,3,44,1,53,57,4,115,0,0,0,115
07/29/2012,ROA,VA,AEA,EN,Combined TRACON& Tower with Radar,4,59,33,7,103,0,0,73,5,78,4,59,106,12,181,70,2,72,253
07/30/2012,ROA,VA,AEA,EN,Combined TRACON& Tower with Radar,2,58,11,1,72,32,2,10,9,53,34,60,21,10,125,54,0,54,179
07/31/2012,ROA,VA,AEA,EN,Combined TRACON& Tower with Radar,4,57,20,0,81,0,0,5,2,7,4,57,25,2,88,0,0,0,88
08/01/2012,ROA,VA,AEA,EN,Combined TRACON& Tower with Radar,4,55,21,1,81,0,5,24,2,31,4,60,45,3,112,0,0,0,112
08/02/2012,ROA,VA,AEA,EN,Combined TRACON& Tower with Radar,8,55,25,1,89,0,9,12,1,22,8,64,37,2,111,16,0,16,127
08/03/2012,ROA,VA,AEA,EN,Combined TRACON& Tower with Radar,5,61,23,5,94,0,1,17,1,19,5,62,40,6,113,60,0,60,173
08/04/2012,ROA,VA,AEA,EN,Combined TRACON& Tower with Radar,1,50,15,0,66,0,1,8,0,9,1,51,23,0,75,0,0,0,75
08/05/2012,ROA,VA,AEA,EN,Combined TRACON& Tower with Radar,4,52,26,0,82,0,1,6,0,7,4,53,32,0,89,0,0,0,89
08/06/2012,ROA,VA,AEA,EN,Combined TRACON& Tower with Radar,2,51,37,0,90,0,2,9,0,11,2,53,46,0,101,0,0,0,101
08/07/2012,ROA,VA,AEA,EN,Combined TRACON& Tower with Radar,4,54,25,1,84,0,0,16,2,18,4,54,41,3,102,0,0,0,102
08/08/2012,ROA,VA,AEA,EN,Combined TRACON& Tower with Radar,4,68,42,4,118,0,2,18,2,22,4,70,60,6,140,0,0,0,140
08/09/2012,ROA,VA,AEA,EN,Combined TRACON& Tower with Radar,8,52,41,0,101,0,3,20,0,23,8,55,61,0,124,0,0,0,124
08/10/2012,ROA,VA,AEA,EN,Combined TRACON& Tower with Radar,4,63,21,0,88,0,0,12,0,12,4,63,33,0,100,0,0,0,100
08/11/2012,ROA,VA,AEA,EN,Combined TRACON& Tower with Radar,2,45,21,0,68,0,1,27,0,28,2,46,48,0,96,30,0,30,126
08/12/2012,ROA,VA,AEA,EN,Combined TRACON& Tower with Radar,4,51,26,0,81,0,2,30,0,32,4,53,56,0,113,0,0,0,113
08/13/2012,ROA,VA,AEA,EN,Combined TRACON& Tower with Radar,1,62,20,1,84,0,0,31,6,37,1,62,51,7,121,0,0,0,121
08/14/2012,ROA,VA,AEA,EN,Combined TRACON& Tower with Radar,4,52,31,0,87,0,5,10,3,18,4,57,41,3,105,8,0,8,113
08/15/2012,ROA,VA,AEA,EN,Combined TRACON& Tower with Radar,4,56,24,10,94,0,4,16,1,21,4,60,40,11,115,25,0,25,140
08/16/2012,ROA,VA,AEA,EN,Combined TRACON& Tower with Radar,6,56,25,0,87,0,3,69,2,74,6,59,94,2,161,46,0,46,207
08/17/2012,ROA,VA,AEA,EN,Combined TRACON& Tower with Radar,5,62,23,0,90,44,1,15,0,60,49,63,38,0,150,0,0,0,150
08/18/2012,ROA,VA,AEA,EN,Combined TRACON& Tower with Radar,1,51,15,1,68,0,0,43,0,43,1,51,58,1,111,22,0,22,133
08/19/2012,ROA,VA,AEA,EN,Combined TRACON& Tower with Radar,2,56,16,2,76,0,0,5,0,5,2,56,21,2,81,0,0,0,81
08/20/2012,ROA,VA,AEA,EN,Combined TRACON& Tower with Radar,2,54,19,0,75,0,0,6,0,6,2,54,25,0,81,0,0,0,81
08/21/2012,ROA,VA,AEA,EN,Combined TRACON& Tower with Radar,5,56,29,0,90,0,0,27,1,28,5,56,56,1,118,0,0,0,118
08/22/2012,ROA,VA,AEA,EN,Combined TRACON& Tower with Radar,5,56,21,0,82,0,1,20,0,21,5,57,41,0,103,0,0,0,103
08/23/2012,ROA,VA,AEA,EN,Combined TRACON& Tower with Radar,6,56,28,2,92,0,1,24,2,27,6,57,52,4,119,32,0,32,151
08/24/2012,ROA,VA,AEA,EN,Combined TRACON& Tower with Radar,7,56,22,5,90,16,0,28,2,46,23,56,50,7,136,20,2,22,158
08/25/2012,ROA,VA,AEA,EN,Combined TRACON& Tower with Radar,1,46,14,4,65,0,0,9,0,9,1,46,23,4,74,12,0,12,86
08/26/2012,ROA,VA,AEA,EN,Combined TRACON& Tower with Radar,4,58,25,0,87,0,0,17,0,17,4,58,42,0,104,32,0,32,136
08/27/2012,ROA,VA,AEA,EN,Combined TRACON& Tower with Radar,1,54,25,0,80,0,0,31,4,35,1,54,56,4,115,14,0,14,129
08/28/2012,ROA,VA,AEA,EN,Combined TRACON& Tower with Radar,7,54,24,6,91,0,0,20,0,20,7,54,44,6,111,28,3,31,142
08/29/2012,ROA,VA,AEA,EN,Combined TRACON& Tower with Radar,4,57,38,1,100,0,0,24,4,28,4,57,62,5,128,0,0,0,128
08/30/2012,ROA,VA,AEA,EN,Combined TRACON& Tower with Radar,6,65,31,6,108,0,2,37,0,39,6,67,68,6,147,10,4,14,161
08/31/2012,ROA,VA,AEA,EN,Combined TRACON& Tower with Radar,5,63,41,1,110,0,1,16,1,18,5,64,57,2,128,12,0,12,140
09/01/2012,ROA,VA,AEA,EN,Combined TRACON& Tower with Radar,1,38,7,0,46,2,0,8,0,10,3,38,15,0,56,0,0,0,56
09/02/2012,ROA,VA,AEA,EN,Combined TRACON& Tower with Radar,4,41,8,0,53,0,0,3,1,4,4,41,11,1,57,16,0,16,73
09/03/2012,ROA,VA,AEA,EN,Combined TRACON& Tower with Radar,1,57,18,0,76,0,0,2,0,2,1,57,20,0,78,0,0,0,78
09/04/2012,ROA,VA,AEA,EN,Combined TRACON& Tower with Radar,3,57,43,4,107,0,1,4,4,9,3,58,47,8,116,0,0,0,116
09/05/2012,ROA,VA,AEA,EN,Combined TRACON& Tower with Radar,5,53,33,1,92,0,0,2,0,2,5,53,35,1,94,0,0,0,94
09/06/2012,ROA,VA,AEA,EN,Combined TRACON& Tower with Radar,12,50,24,4,90,0,0,39,3,42,12,50,63,7,132,8,0,8,140
09/07/2012,ROA,VA,AEA,EN,Combined TRACON& Tower with Radar,6,51,32,1,90,0,0,20,4,24,6,51,52,5,114,2,0,2,116
09/08/2012,ROA,VA,AEA,EN,Combined TRACON& Tower with Radar,4,41,5,0,50,0,0,18,0,18,4,41,23,0,68,32,0,32,100
09/09/2012,ROA,VA,AEA,EN,Combined TRACON& Tower with Radar,6,42,24,2,74,0,1,26,0,27,6,43,50,2,101,48,0,48,149
09/10/2012,ROA,VA,AEA,EN,Combined TRACON& Tower with Radar,4,45,17,0,66,0,0,36,3,39,4,45,53,3,105,12,0,12,117
09/11/2012,ROA,VA,AEA,EN,Combined TRACON& Tower with Radar,6,48,26,0,80,0,0,38,0,38,6,48,64,0,118,0,0,0,118
09/12/2012,ROA,VA,AEA,EN,Combined TRACON& Tower with Radar,6,51,26,4,87,0,0,37,1,38,6,51,63,5,125,0,0,0,125
09/13/2012,ROA,VA,AEA,EN,Combined TRACON& Tower with Radar,8,51,34,1,94,0,1,36,1,38,8,52,70,2,132,26,0,26,158
09/14/2012,ROA,VA,AEA,EN,Combined TRACON& Tower with Radar,9,52,30,4,95,0,0,41,0,41,9,52,71,4,136,32,0,32,168
09/15/2012,ROA,VA,AEA,EN,Combined TRACON& Tower with Radar,5,42,15,0,62,0,0,33,0,33,5,42,48,0,95,54,0,54,149
09/16/2012,ROA,VA,AEA,EN,Combined TRACON& Tower with Radar,4,44,24,0,72,0,0,39,0,39,4,44,63,0,111,0,0,0,111
09/17/2012,ROA,VA,AEA,EN,Combined TRACON& Tower with Radar,10,53,29,0,92,0,0,0,0,0,10,53,29,0,92,0,0,0,92
09/18/2012,ROA,VA,AEA,EN,Combined TRACON& Tower with Radar,7,59,14,0,80,0,0,0,0,0,7,59,14,0,80,0,0,0,80
09/19/2012,ROA,VA,AEA,EN,Combined TRACON& Tower with Radar,6,53,20,1,80,0,0,30,3,33,6,53,50,4,113,0,0,0,113
09/20/2012,ROA,VA,AEA,EN,Combined TRACON& Tower with Radar,8,47,30,0,85,0,3,18,6,27,8,50,48,6,112,8,0,8,120
09/21/2012,ROA,VA,AEA,EN,Combined TRACON& Tower with Radar,10,47,29,0,86,8,2,38,4,52,18,49,67,4,138,0,0,0,138
09/22/2012,ROA,VA,AEA,EN,Combined TRACON& Tower with Radar,6,37,21,0,64,0,2,14,3,19,6,39,35,3,83,0,0,0,83
09/23/2012,ROA,VA,AEA,EN,Combined TRACON& Tower with Radar,4,48,31,0,83,0,0,55,3,58,4,48,86,3,141,0,0,0,141
09/24/2012,ROA,VA,AEA,EN,Combined TRACON& Tower with Radar,4,47,22,8,81,0,2,33,5,40,4,49,55,13,121,22,0,22,143
09/25/2012,ROA,VA,AEA,EN,Combined TRACON& Tower with Radar,6,49,27,0,82,0,3,45,3,51,6,52,72,3,133,0,0,0,133
09/26/2012,ROA,VA,AEA,EN,Combined TRACON& Tower with Radar,6,51,33,14,104,0,0,32,0,32,6,51,65,14,136,0,0,0,136
09/27/2012,ROA,VA,AEA,EN,Combined TRACON& Tower with Radar,17,47,29,7,100,0,1,13,1,15,17,48,42,8,115,38,30,68,183
09/28/2012,ROA,VA,AEA,EN,Combined TRACON& Tower with Radar,9,53,32,0,94,0,0,8,0,8,9,53,40,0,102,27,0,27,129
09/29/2012,ROA,VA,AEA,EN,Combined TRACON& Tower with Radar,5,47,17,1,70,0,1,11,0,12,5,48,28,1,82,0,0,0,82
09/30/2012,ROA,VA,AEA,EN,Combined TRACON& Tower with Radar,4,48,37,0,89,0,0,35,0,35,4,48,72,0,124,20,0,20,144
10/01/2012,ROA,VA,AEA,EN,Combined TRACON& Tower with Radar,12,58,22,5,97,0,0,1,0,1,12,58,23,5,98,8,0,8,106
10/02/2012,ROA,VA,AEA,EN,Combined TRACON& Tower with Radar,6,48,21,0,75,0,0,0,0,0,6,48,21,0,75,0,0,0,75
10/03/2012,ROA,VA,AEA,EN,Combined TRACON& Tower with Radar,7,45,25,1,78,0,1,15,1,17,7,46,40,2,95,22,0,22,117
10/04/2012,ROA,VA,AEA,EN,Combined TRACON& Tower with Radar,12,67,27,0,106,0,1,46,0,47,12,68,73,0,153,98,0,98,251
10/05/2012,ROA,VA,AEA,EN,Combined TRACON& Tower with Radar,7,60,27,2,96,0,3,33,1,37,7,63,60,3,133,54,0,54,187
10/06/2012,ROA,VA,AEA,EN,Combined TRACON& Tower with Radar,3,47,13,0,63,8,2,28,0,38,11,49,41,0,101,45,0,45,146
10/07/2012,ROA,VA,AEA,EN,Combined TRACON& Tower with Radar,6,44,19,1,70,0,1,1,0,2,6,45,20,1,72,0,0,0,72
10/08/2012,ROA,VA,AEA,EN,Combined TRACON& Tower with Radar,4,53,39,0,96,0,0,21,0,21,4,53,60,0,117,0,0,0,117
10/09/2012,ROA,VA,AEA,EN,Combined TRACON& Tower with Radar,6,50,45,7,108,0,1,6,1,8,6,51,51,8,116,88,0,88,204
10/10/2012,ROA,VA,AEA,EN,Combined TRACON& Tower with Radar,6,53,25,8,92,0,2,17,0,19,6,55,42,8,111,60,6,66,177
10/11/2012,ROA,VA,AEA,EN,Combined TRACON& Tower with Radar,12,56,44,5,117,0,0,75,1,76,12,56,119,6,193,55,0,55,248
10/12/2012,ROA,VA,AEA,EN,Combined TRACON& Tower with Radar,6,56,35,9,106,0,1,39,7,47,6,57,74,16,153,44,32,76,229
10/13/2012,ROA,VA,AEA,EN,Combined TRACON& Tower with Radar,5,41,17,0,63,0,1,61,3,65,5,42,78,3,128,7,0,7,135
10/14/2012,ROA,VA,AEA,EN,Combined TRACON& Tower with Radar,6,46,17,3,72,0,0,39,0,39,6,46,56,3,111,58,0,58,169
10/15/2012,ROA,VA,AEA,EN,Combined TRACON& Tower with Radar,4,53,24,0,81,0,0,4,0,4,4,53,28,0,85,2,0,2,87
10/16/2012,ROA,VA,AEA,EN,Combined TRACON& Tower with Radar,6,56,27,0,89,0,0,47,1,48,6,56,74,1,137,0,0,0,137
10/17/2012,ROA,VA,AEA,EN,Combined TRACON& Tower with Radar,6,49,29,0,84,0,1,38,2,41,6,50,67,2,125,10,4,14,139
10/18/2012,ROA,VA,AEA,EN,Combined TRACON& Tower with Radar,10,55,34,4,103,0,1,8,1,10,10,56,42,5,113,5,0,5,118
10/19/2012,ROA,VA,AEA,EN,Combined TRACON& Tower with Radar,9,56,19,2,86,0,1,46,1,48,9,57,65,3,134,32,0,32,166
10/20/2012,ROA,VA,AEA,EN,Combined TRACON& Tower with Radar,5,46,11,0,62,0,3,29,0,32,5,49,40,0,94,0,0,0,94
10/21/2012,ROA,VA,AEA,EN,Combined TRACON& Tower with Radar,6,42,19,4,71,0,2,37,0,39,6,44,56,4,110,42,0,42,152
10/22/2012,ROA,VA,AEA,EN,Combined TRACON& Tower with Radar,4,50,29,0,83,0,2,39,1,42,4,52,68,1,125,6,0,6,131
10/23/2012,ROA,VA,AEA,EN,Combined TRACON& Tower with Radar,6,52,26,0,84,0,2,47,0,49,6,54,73,0,133,34,0,34,167
10/24/2012,ROA,VA,AEA,EN,Combined TRACON& Tower with Radar,6,64,24,3,97,0,3,40,5,48,6,67,64,8,145,6,0,6,151
10/25/2012,ROA,VA,AEA,EN,Combined TRACON& Tower with Radar,11,48,28,5,92,0,2,23,0,25,11,50,51,5,117,4,4,8,125
10/26/2012,ROA,VA,AEA,EN,Combined TRACON& Tower with Radar,6,54,35,5,100,0,1,17,0,18,6,55,52,5,118,0,0,0,118
10/27/2012,ROA,VA,AEA,EN,Combined TRACON& Tower with Radar,4,39,26,0,69,0,0,6,0,6,4,39,32,0,75,0,0,0,75
10/28/2012,ROA,VA,AEA,EN,Combined TRACON& Tower with Radar,6,47,16,0,69,0,1,2,0,3,6,48,18,0,72,0,0,0,72
10/29/2012,ROA,VA,AEA,EN,Combined TRACON& Tower with Radar,1,28,7,0,36,0,0,0,0,0,1,28,7,0,36,0,0,0,36
10/30/2012,ROA,VA,AEA,EN,Combined TRACON& Tower with Radar,6,39,0,0,45,0,0,0,0,0,6,39,0,0,45,0,0,0,45
10/31/2012,ROA,VA,AEA,EN,Combined TRACON& Tower with Radar,7,59,8,0,74,0,1,4,0,5,7,60,12,0,79,0,0,0,79
11/01/2012,ROA,VA,AEA,EN,Combined TRACON& Tower with Radar,12,50,41,1,104,0,0,17,2,19,12,50,58,3,123,66,0,66,189
11/02/2012,ROA,VA,AEA,EN,Combined TRACON& Tower with Radar,9,54,29,7,99,0,2,13,2,17,9,56,42,9,116,58,0,58,174
11/03/2012,ROA,VA,AEA,EN,Combined TRACON& Tower with Radar,3,48,20,2,73,10,0,30,1,41,13,48,50,3,114,54,0,54,168
11/04/2012,ROA,VA,AEA,EN,Combined TRACON& Tower with Radar,6,47,26,4,83,0,0,12,0,12,6,47,38,4,95,6,0,6,101
11/05/2012,ROA,VA,AEA,EN,Combined TRACON& Tower with Radar,4,47,16,7,74,0,3,35,1,39,4,50,51,8,113,12,0,12,125
11/06/2012,ROA,VA,AEA,EN,Combined TRACON& Tower with Radar,6,49,30,2,87,0,1,8,4,13,6,50,38,6,100,54,0,54,154
11/07/2012,ROA,VA,AEA,EN,Combined TRACON& Tower with Radar,8,51,28,3,90,0,0,10,0,10,8,51,38,3,100,0,0,0,100
11/08/2012,ROA,VA,AEA,EN,Combined TRACON& Tower with Radar,11,53,42,9,115,0,2,16,5,23,11,55,58,14,138,52,4,56,194
11/09/2012,ROA,VA,AEA,EN,Combined TRACON& Tower with Radar,8,57,31,8,104,0,0,41,0,41,8,57,72,8,145,28,4,32,177
11/10/2012,ROA,VA,AEA,EN,Combined TRACON& Tower with Radar,3,43,15,0,61,0,1,46,0,47,3,44,61,0,108,24,0,24,132
11/11/2012,ROA,VA,AEA,EN,Combined TRACON& Tower with Radar,6,46,19,0,71,0,0,34,3,37,6,46,53,3,108,52,0,52,160
11/12/2012,ROA,VA,AEA,EN,Combined TRACON& Tower with Radar,4,54,22,0,80,0,1,8,0,9,4,55,30,0,89,2,0,2,91
11/13/2012,ROA,VA,AEA,EN,Combined TRACON& Tower with Radar,6,61,32,20,119,0,0,19,0,19,6,61,51,20,138,18,0,18,156
11/14/2012,ROA,VA,AEA,EN,Combined TRACON& Tower with Radar,6,55,33,21,115,0,1,42,16,59,6,56,75,37,174,6,0,6,180
11/15/2012,ROA,VA,AEA,EN,Combined TRACON& Tower with Radar,10,52,38,0,100,0,0,57,6,63,10,52,95,6,163,46,0,46,209
11/16/2012,ROA,VA,AEA,EN,Combined TRACON& Tower with Radar,9,50,27,2,88,0,0,24,1,25,9,50,51,3,113,42,0,42,155
11/17/2012,ROA,VA,AEA,EN,Combined TRACON& Tower with Radar,5,47,21,0,73,0,2,41,0,43,5,49,62,0,116,10,0,10,126
11/18/2012,ROA,VA,AEA,EN,Combined TRACON& Tower with Radar,6,40,15,0,61,0,0,12,1,13,6,40,27,1,74,60,0,60,134
11/19/2012,ROA,VA,AEA,EN,Combined TRACON& Tower with Radar,4,43,21,0,68,0,2,9,1,12,4,45,30,1,80,0,0,0,80
11/20/2012,ROA,VA,AEA,EN,Combined TRACON& Tower with Radar,10,45,17,0,72,0,0,34,4,38,10,45,51,4,110,0,0,0,110
11/21/2012,ROA,VA,AEA,EN,Combined TRACON& Tower with Radar,6,53,21,2,82,0,0,59,1,60,6,53,80,3,142,0,0,0,142
11/22/2012,ROA,VA,AEA,EN,Combined TRACON& Tower with Radar,3,30,8,0,41,0,1,15,0,16,3,31,23,0,57,24,0,24,81
11/23/2012,ROA,VA,AEA,EN,Combined TRACON& Tower with Radar,5,38,13,0,56,0,0,20,0,20,5,38,33,0,76,18,0,18,94
11/24/2012,ROA,VA,AEA,EN,Combined TRACON& Tower with Radar,6,48,12,2,68,0,2,9,1,12,6,50,21,3,80,0,0,0,80
11/25/2012,ROA,VA,AEA,EN,Combined TRACON& Tower with Radar,8,51,20,0,79,0,2,27,0,29,8,53,47,0,108,10,0,10,118
11/26/2012,ROA,VA,AEA,EN,Combined TRACON& Tower with Radar,5,51,24,1,81,0,1,27,0,28,5,52,51,1,109,12,0,12,121
11/27/2012,ROA,VA,AEA,EN,Combined TRACON& Tower with Radar,7,49,25,2,83,0,0,1,0,1,7,49,26,2,84,16,0,16,100
11/28/2012,ROA,VA,AEA,EN,Combined TRACON& Tower with Radar,8,50,26,5,89,0,2,25,0,27,8,52,51,5,116,0,0,0,116
11/29/2012,ROA,VA,AEA,EN,Combined TRACON& Tower with Radar,10,47,33,6,96,0,0,45,4,49,10,47,78,10,145,46,4,50,195
11/30/2012,ROA,VA,AEA,EN,Combined TRACON& Tower with Radar,8,48,40,0,96,12,1,29,0,42,20,49,69,0,138,10,0,10,148
12/01/2012,ROA,VA,AEA,EN,Combined TRACON& Tower with Radar,4,43,16,0,63,0,2,39,1,42,4,45,55,1,105,4,0,4,109
12/02/2012,ROA,VA,AEA,EN,Combined TRACON& Tower with Radar,10,44,18,2,74,0,2,34,1,37,10,46,52,3,111,50,0,50,161
12/03/2012,ROA,VA,AEA,EN,Combined TRACON& Tower with Radar,4,47,26,1,78,0,3,16,1,20,4,50,42,2,98,26,0,26,124
12/04/2012,ROA,VA,AEA,EN,Combined TRACON& Tower with Radar,8,46,28,3,85,0,0,57,2,59,8,46,85,5,144,140,0,140,284
12/05/2012,ROA,VA,AEA,EN,Combined TRACON& Tower with Radar,8,49,9,3,69,0,1,47,1,49,8,50,56,4,118,130,0,130,248
12/06/2012,ROA,VA,AEA,EN,Combined TRACON& Tower with Radar,12,46,36,16,110,0,1,28,2,31,12,47,64,18,141,68,6,74,215
12/07/2012,ROA,VA,AEA,EN,Combined TRACON& Tower with Radar,9,53,42,3,107,0,1,12,0,13,9,54,54,3,120,46,0,46,166
12/08/2012,ROA,VA,AEA,EN,Combined TRACON& Tower with Radar,3,36,16,0,55,0,0,16,0,16,3,36,32,0,71,4,0,4,75
12/09/2012,ROA,VA,AEA,EN,Combined TRACON& Tower with Radar,8,49,18,0,75,0,0,29,0,29,8,49,47,0,104,6,0,6,110
12/10/2012,ROA,VA,AEA,EN,Combined TRACON& Tower with Radar,3,46,14,0,63,0,0,5,0,5,3,46,19,0,68,0,0,0,68
12/11/2012,ROA,VA,AEA,EN,Combined TRACON& Tower with Radar,12,51,30,3,96,0,0,15,0,15,12,51,45,3,111,0,0,0,111
12/12/2012,ROA,VA,AEA,EN,Combined TRACON& Tower with Radar,10,52,22,18,102,0,0,30,1,31,10,52,52,19,133,0,0,0,133
12/13/2012,ROA,VA,AEA,EN,Combined TRACON& Tower with Radar,16,51,32,7,106,0,2,45,1,48,16,53,77,8,154,0,6,6,160
12/14/2012,ROA,VA,AEA,EN,Combined TRACON& Tower with Radar,12,51,41,0,104,0,0,49,0,49,12,51,90,0,153,4,1,5,158
12/15/2012,ROA,VA,AEA,EN,Combined TRACON& Tower with Radar,6,40,22,2,70,0,1,45,0,46,6,41,67,2,116,40,0,40,156
12/16/2012,ROA,VA,AEA,EN,Combined TRACON& Tower with Radar,6,40,16,0,62,0,0,0,0,0,6,40,16,0,62,0,0,0,62
12/17/2012,ROA,VA,AEA,EN,Combined TRACON& Tower with Radar,4,46,32,2,84,0,0,14,0,14,4,46,46,2,98,0,0,0,98
12/18/2012,ROA,VA,AEA,EN,Combined TRACON& Tower with Radar,12,49,29,13,103,0,3,25,1,29,12,52,54,14,132,0,24,24,156
12/19/2012,ROA,VA,AEA,EN,Combined TRACON& Tower with Radar,12,50,36,1,99,0,2,33,2,37,12,52,69,3,136,13,0,13,149
12/20/2012,ROA,VA,AEA,EN,Combined TRACON& Tower with Radar,14,52,24,0,90,0,2,18,1,21,14,54,42,1,111,10,0,10,121
12/21/2012,ROA,VA,AEA,EN,Combined TRACON& Tower with Radar,13,60,20,0,93,0,0,2,0,2,13,60,22,0,95,16,0,16,111
12/22/2012,ROA,VA,AEA,EN,Combined TRACON& Tower with Radar,4,39,7,0,50,0,1,5,0,6,4,40,12,0,56,0,0,0,56
12/23/2012,ROA,VA,AEA,EN,Combined TRACON& Tower with Radar,10,44,13,0,67,0,1,22,0,23,10,45,35,0,90,6,0,6,96
12/24/2012,ROA,VA,AEA,EN,Combined TRACON& Tower with Radar,3,33,5,0,41,0,0,0,0,0,3,33,5,0,41,0,0,0,41
12/25/2012,ROA,VA,AEA,EN,Combined TRACON& Tower with Radar,2,48,4,0,54,0,0,6,0,6,2,48,10,0,60,0,0,0,60
12/26/2012,ROA,VA,AEA,EN,Combined TRACON& Tower with Radar,7,45,3,0,55,0,0,0,0,0,7,45,3,0,55,0,0,0,55
12/27/2012,ROA,VA,AEA,EN,Combined TRACON& Tower with Radar,15,47,8,0,70,0,2,3,0,5,15,49,11,0,75,0,0,0,75
12/28/2012,ROA,VA,AEA,EN,Combined TRACON& Tower with Radar,6,50,23,0,79,0,1,26,0,27,6,51,49,0,106,8,0,8,114
12/29/2012,ROA,VA,AEA,EN,Combined TRACON& Tower with Radar,9,37,14,0,60,0,0,2,0,2,9,37,16,0,62,0,0,0,62
12/30/2012,ROA,VA,AEA,EN,Combined TRACON& Tower with Radar,7,55,11,0,73,0,0,9,0,9,7,55,20,0,82,0,0,0,82
12/31/2012,ROA,VA,AEA,EN,Combined TRACON& Tower with Radar,3,46,20,0,69,0,3,37,0,40,3,49,57,0,109,10,0,10,119
01/01/2013,ROA,VA,AEA,EN,Combined TRACON& Tower with Radar,1,39,6,0,46,0,1,0,0,1,1,40,6,0,47,0,0,0,47
01/02/2013,ROA,VA,AEA,EN,Combined TRACON& Tower with Radar,5,56,18,2,81,0,3,12,0,15,5,59,30,2,96,10,0,10,106
01/03/2013,ROA,VA,AEA,EN,Combined TRACON& Tower with Radar,10,51,9,1,71,0,3,17,2,22,10,54,26,3,93,22,0,22,115
01/04/2013,ROA,VA,AEA,EN,Combined TRACON& Tower with Radar,6,47,18,0,71,8,0,22,6,36,14,47,40,6,107,0,0,0,107
01/05/2013,ROA,VA,AEA,EN,Combined TRACON& Tower with Radar,3,34,12,1,50,0,3,55,1,59,3,37,67,2,109,24,0,24,133
01/06/2013,ROA,VA,AEA,EN,Combined TRACON& Tower with Radar,4,40,11,0,55,0,1,22,0,23,4,41,33,0,78,28,0,28,106
01/07/2013,ROA,VA,AEA,EN,Combined TRACON& Tower with Radar,3,47,26,1,77,0,2,27,0,29,3,49,53,1,106,26,0,26,132
01/08/2013,ROA,VA,AEA,EN,Combined TRACON& Tower with Radar,6,50,27,2,85,0,1,30,5,36,6,51,57,7,121,14,2,16,137
01/09/2013,ROA,VA,AEA,EN,Combined TRACON& Tower with Radar,6,47,45,6,104,0,0,46,0,46,6,47,91,6,150,50,0,50,200
01/10/2013,ROA,VA,AEA,EN,Combined TRACON& Tower with Radar,10,46,28,8,92,0,1,15,2,18,10,47,43,10,110,42,6,48,158
01/11/2013,ROA,VA,AEA,EN,Combined TRACON& Tower with Radar,4,43,17,9,73,0,0,1,0,1,4,43,18,9,74,0,0,0,74
01/12/2013,ROA,VA,AEA,EN,Combined TRACON& Tower with Radar,1,37,14,0,52,0,1,26,0,27,1,38,40,0,79,28,0,28,107
01/13/2013,ROA,VA,AEA,EN,Combined TRACON& Tower with Radar,5,42,16,0,63,0,0,8,1,9,5,42,24,1,72,42,1,43,115
01/14/2013,ROA,VA,AEA,EN,Combined TRACON& Tower with Radar,2,65,34,4,105,0,0,0,0,0,2,65,34,4,105,0,0,0,105
01/15/2013,ROA,VA,AEA,EN,Combined TRACON& Tower with Radar,6,52,26,0,84,0,0,0,0,0,6,52,26,0,84,0,0,0,84
01/16/2013,ROA,VA,AEA,EN,Combined TRACON& Tower with Radar,8,47,35,0,90,0,0,2,0,2,8,47,37,0,92,0,0,0,92
01/17/2013,ROA,VA,AEA,EN,Combined TRACON& Tower with Radar,11,40,9,0,60,0,0,7,0,7,11,40,16,0,67,0,0,0,67
01/18/2013,ROA,VA,AEA,EN,Combined TRACON& Tower with Radar,16,60,21,0,97,0,0,26,1,27,16,60,47,1,124,40,0,40,164
01/19/2013,ROA,VA,AEA,EN,Combined TRACON& Tower with Radar,6,47,13,0,66,0,4,36,0,40,6,51,49,0,106,50,0,50,156
01/20/2013,ROA,VA,AEA,EN,Combined TRACON& Tower with Radar,7,48,9,0,64,0,0,14,1,15,7,48,23,1,79,0,0,0,79
01/21/2013,ROA,VA,AEA,EN,Combined TRACON& Tower with Radar,6,45,30,0,81,0,0,19,0,19,6,45,49,0,100,14,0,14,114
01/22/2013,ROA,VA,AEA,EN,Combined TRACON& Tower with Radar,6,43,16,0,65,0,2,10,0,12,6,45,26,0,77,0,0,0,77
01/23/2013,ROA,VA,AEA,EN,Combined TRACON& Tower with Radar,6,47,17,10,80,0,1,10,2,13,6,48,27,12,93,0,8,8,101
01/24/2013,ROA,VA,AEA,EN,Combined TRACON& Tower with Radar,10,50,20,2,82,0,0,11,4,15,10,50,31,6,97,2,0,2,99
01/25/2013,ROA,VA,AEA,EN,Combined TRACON& Tower with Radar,6,48,6,0,60,0,1,6,0,7,6,49,12,0,67,0,0,0,67
01/26/2013,ROA,VA,AEA,EN,Combined TRACON& Tower with Radar,4,40,7,0,51,0,1,2,0,3,4,41,9,0,54,0,0,0,54
01/27/2013,ROA,VA,AEA,EN,Combined TRACON& Tower with Radar,8,46,16,0,70,0,0,9,0,9,8,46,25,0,79,54,0,54,133
01/28/2013,ROA,VA,AEA,EN,Combined TRACON& Tower with Radar,4,50,19,1,74,0,1,18,0,19,4,51,37,1,93,0,0,0,93
01/29/2013,ROA,VA,AEA,EN,Combined TRACON& Tower with Radar,8,46,13,0,67,0,3,32,2,37,8,49,45,2,104,32,0,32,136
01/30/2013,ROA,VA,AEA,EN,Combined TRACON& Tower with Radar,5,52,11,0,68,0,1,6,0,7,5,53,17,0,75,0,0,0,75
01/31/2013,ROA,VA,AEA,EN,Combined TRACON& Tower with Radar,11,45,17,5,78,0,0,11,4,15,11,45,28,9,93,0,0,0,93
02/01/2013,ROA,VA,AEA,EN,Combined TRACON& Tower with Radar,6,51,13,0,70,0,0,12,0,12,6,51,25,0,82,0,0,0,82
02/02/2013,ROA,VA,AEA,EN,Combined TRACON& Tower with Radar,4,40,7,0,51,0,0,10,0,10,4,40,17,0,61,0,0,0,61
02/03/2013,ROA,VA,AEA,EN,Combined TRACON& Tower with Radar,6,42,8,0,56,0,0,4,0,4,6,42,12,0,60,30,0,30,90
02/04/2013,ROA,VA,AEA,EN,Combined TRACON& Tower with Radar,3,46,23,1,73,0,0,16,4,20,3,46,39,5,93,0,0,0,93
02/05/2013,ROA,VA,AEA,EN,Combined TRACON& Tower with Radar,9,49,27,0,85,0,1,16,1,18,9,50,43,1,103,0,0,0,103
02/06/2013,ROA,VA,AEA,EN,Combined TRACON& Tower with Radar,6,45,21,0,72,0,0,53,3,56,6,45,74,3,128,34,0,34,162
02/07/2013,ROA,VA,AEA,EN,Combined TRACON& Tower with Radar,10,56,28,0,94,0,1,3,0,4,10,57,31,0,98,0,0,0,98
02/08/2013,ROA,VA,AEA,EN,Combined TRACON& Tower with Radar,6,58,19,0,83,0,0,1,1,2,6,58,20,1,85,16,0,16,101
02/09/2013,ROA,VA,AEA,EN,Combined TRACON& Tower with Radar,3,43,16,0,62,0,0,41,1,42,3,43,57,1,104,6,0,6,110
02/10/2013,ROA,VA,AEA,EN,Combined TRACON& Tower with Radar,6,40,16,0,62,0,1,31,0,32,6,41,47,0,94,18,0,18,112
02/11/2013,ROA,VA,AEA,EN,Combined TRACON& Tower with Radar,4,53,10,0,67,0,0,1,0,1,4,53,11,0,68,0,0,0,68
02/12/2013,ROA,VA,AEA,EN,Combined TRACON& Tower with Radar,10,51,23,0,84,0,1,18,0,19,10,52,41,0,103,20,0,20,123
02/13/2013,ROA,VA,AEA,EN,Combined TRACON& Tower with Radar,6,50,17,4,77,0,1,0,0,1,6,51,17,4,78,0,0,0,78
02/14/2013,ROA,VA,AEA,EN,Combined TRACON& Tower with Radar,13,45,19,1,78,0,4,48,0,52,13,49,67,1,130,30,6,36,166
02/15/2013,ROA,VA,AEA,EN,Combined TRACON& Tower with Radar,6,52,17,8,83,0,2,23,0,25,6,54,40,8,108,28,0,28,136
02/16/2013,ROA,VA,AEA,EN,Combined TRACON& Tower with Radar,4,37,4,0,45,0,0,10,0,10,4,37,14,0,55,2,0,2,57
02/17/2013,ROA,VA,AEA,EN,Combined TRACON& Tower with Radar,6,39,19,0,64,0,0,2,0,2,6,39,21,0,66,6,0,6,72
02/18/2013,ROA,VA,AEA,EN,Combined TRACON& Tower with Radar,4,47,15,0,66,0,0,41,1,42,4,47,56,1,108,85,0,85,193
02/19/2013,ROA,VA,AEA,EN,Combined TRACON& Tower with Radar,6,48,14,0,68,0,0,0,0,0,6,48,14,0,68,0,0,0,68
02/20/2013,ROA,VA,AEA,EN,Combined TRACON& Tower with Radar,6,56,17,2,81,0,2,6,0,8,6,58,23,2,89,0,0,0,89
02/21/2013,ROA,VA,AEA,EN,Combined TRACON& Tower with Radar,9,52,22,4,87,0,3,24,0,27,9,55,46,4,114,0,0,0,114
02/22/2013,ROA,VA,AEA,EN,Combined TRACON& Tower with Radar,8,50,17,0,75,0,2,6,0,8,8,52,23,0,83,18,0,18,101
02/23/2013,ROA,VA,AEA,EN,Combined TRACON& Tower with Radar,8,38,6,0,52,0,0,15,0,15,8,38,21,0,67,20,0,20,87
02/24/2013,ROA,VA,AEA,EN,Combined TRACON& Tower with Radar,10,53,23,0,86,0,1,36,0,37,10,54,59,0,123,20,0,20,143
02/25/2013,ROA,VA,AEA,EN,Combined TRACON& Tower with Radar,4,52,29,0,85,0,0,29,2,31,4,52,58,2,116,21,0,21,137
02/26/2013,ROA,VA,AEA,EN,Combined TRACON& Tower with Radar,8,49,13,0,70,0,1,0,0,1,8,50,13,0,71,24,0,24,95
02/27/2013,ROA,VA,AEA,EN,Combined TRACON& Tower with Radar,5,56,19,2,82,0,0,14,2,16,5,56,33,4,98,0,0,0,98
02/28/2013,ROA,VA,AEA,EN,Combined TRACON& Tower with Radar,10,54,22,6,92,0,1,6,1,8,10,55,28,7,100,20,0,20,120
03/01/2013,ROA,VA,AEA,EN,Combined TRACON& Tower with Radar,8,54,38,1,101,0,1,9,2,12,8,55,47,3,113,36,0,36,149
03/02/2013,ROA,VA,AEA,EN,Combined TRACON& Tower with Radar,4,46,9,0,59,0,2,12,2,16,4,48,21,2,75,6,0,6,81
03/03/2013,ROA,VA,AEA,EN,Combined TRACON& Tower with Radar,6,46,14,0,66,0,0,5,0,5,6,46,19,0,71,6,0,6,77
03/04/2013,ROA,VA,AEA,EN,Combined TRACON& Tower with Radar,3,51,24,5,83,0,4,39,3,46,3,55,63,8,129,32,18,50,179
03/05/2013,ROA,VA,AEA,EN,Combined TRACON& Tower with Radar,7,47,13,0,67,0,0,3,1,4,7,47,16,1,71,18,0,18,89
03/06/2013,ROA,VA,AEA,EN,Combined TRACON& Tower with Radar,7,38,11,6,62,0,0,1,0,1,7,38,12,6,63,0,0,0,63
03/07/2013,ROA,VA,AEA,EN,Combined TRACON& Tower with Radar,13,51,21,4,89,0,0,4,0,4,13,51,25,4,93,4,0,4,97
03/08/2013,ROA,VA,AEA,EN,Combined TRACON& Tower with Radar,9,55,29,0,93,0,1,9,3,13,9,56,38,3,106,6,0,6,112
03/09/2013,ROA,VA,AEA,EN,Combined TRACON& Tower with Radar,3,43,20,0,66,0,0,61,4,65,3,43,81,4,131,24,0,24,155
03/10/2013,ROA,VA,AEA,EN,Combined TRACON& Tower with Radar,6,48,23,0,77,0,3,33,0,36,6,51,56,0,113,74,0,74,187
03/11/2013,ROA,VA,AEA,EN,Combined TRACON& Tower with Radar,4,48,5,1,58,0,0,6,1,7,4,48,11,2,65,22,0,22,87
03/12/2013,ROA,VA,AEA,EN,Combined TRACON& Tower with Radar,10,52,17,2,81,0,0,5,1,6,10,52,22,3,87,6,0,6,93
03/13/2013,ROA,VA,AEA,EN,Combined TRACON& Tower with Radar,5,55,20,10,90,0,2,2,1,5,5,57,22,11,95,0,18,18,113
03/14/2013,ROA,VA,AEA,EN,Combined TRACON& Tower with Radar,10,52,25,3,90,0,0,5,3,8,10,52,30,6,98,5,0,5,103
03/15/2013,ROA,VA,AEA,EN,Combined TRACON& Tower with Radar,8,51,33,0,92,0,0,18,4,22,8,51,51,4,114,18,0,18,132
03/16/2013,ROA,VA,AEA,EN,Combined TRACON& Tower with Radar,4,44,12,0,60,0,0,5,1,6,4,44,17,1,66,4,0,4,70
03/17/2013,ROA,VA,AEA,EN,Combined TRACON& Tower with Radar,6,43,12,0,61,0,0,0,0,0,6,43,12,0,61,0,0,0,61
03/18/2013,ROA,VA,AEA,EN,Combined TRACON& Tower with Radar,5,43,6,0,54,0,0,0,0,0,5,43,6,0,54,0,0,0,54
03/19/2013,ROA,VA,AEA,EN,Combined TRACON& Tower with Radar,9,61,15,3,88,0,0,10,1,11,9,61,25,4,99,6,0,6,105
03/20/2013,ROA,VA,AEA,EN,Combined TRACON& Tower with Radar,6,54,22,6,88,0,5,14,0,19,6,59,36,6,107,26,0,26,133
03/21/2013,ROA,VA,AEA,EN,Combined TRACON& Tower with Radar,10,54,25,0,89,0,5,9,0,14,10,59,34,0,103,31,0,31,134
03/22/2013,ROA,VA,AEA,EN,Combined TRACON& Tower with Radar,8,61,14,0,83,0,8,38,5,51,8,69,52,5,134,33,0,33,167
03/23/2013,ROA,VA,AEA,EN,Combined TRACON& Tower with Radar,4,47,11,0,62,0,0,30,0,30,4,47,41,0,92,38,0,38,130
03/24/2013,ROA,VA,AEA,EN,Combined TRACON& Tower with Radar,6,26,10,0,42,0,0,0,0,0,6,26,10,0,42,38,0,38,80
03/25/2013,ROA,VA,AEA,EN,Combined TRACON& Tower with Radar,6,43,11,0,60,0,1,8,0,9,6,44,19,0,69,23,0,23,92
03/26/2013,ROA,VA,AEA,EN,Combined TRACON& Tower with Radar,10,55,21,16,102,0,1,7,1,9,10,56,28,17,111,41,0,41,152
03/27/2013,ROA,VA,AEA,EN,Combined TRACON& Tower with Radar,6,55,41,0,102,0,0,7,4,11,6,55,48,4,113,27,0,27,140
03/28/2013,ROA,VA,AEA,EN,Combined TRACON& Tower with Radar,10,57,33,1,101,0,1,13,4,18,10,58,46,5,119,40,0,40,159
03/29/2013,ROA,VA,AEA,EN,Combined TRACON& Tower with Radar,6,53,22,0,81,0,3,35,4,42,6,56,57,4,123,68,2,70,193
03/30/2013,ROA,VA,AEA,EN,Combined TRACON& Tower with Radar,3,42,18,0,63,0,0,46,0,46,3,42,64,0,109,142,0,142,251
03/31/2013,ROA,VA,AEA,EN,Combined TRACON& Tower with Radar,7,59,9,0,75,0,0,2,0,2,7,59,11,0,77,40,0,40,117
04/01/2013,ROA,VA,AEA,EN,Combined TRACON& Tower with Radar,4,51,17,0,72,0,0,8,2,10,4,51,25,2,82,22,0,22,104
04/02/2013,ROA,VA,AEA,EN,Combined TRACON& Tower with Radar,6,58,23,14,101,0,0,14,0,14,6,58,37,14,115,31,0,31,146
04/03/2013,ROA,VA,AEA,EN,Combined TRACON& Tower with Radar,5,49,22,0,76,0,3,27,0,30,5,52,49,0,106,32,0,32,138
04/04/2013,ROA,VA,AEA,EN,Combined TRACON& Tower with Radar,10,52,29,14,105,0,0,5,0,5,10,52,34,14,110,26,16,42,152
04/05/2013,ROA,VA,AEA,EN,Combined TRACON& Tower with Radar,9,48,28,2,87,0,1,4,0,5,9,49,32,2,92,28,0,28,120
04/06/2013,ROA,VA,AEA,EN,Combined TRACON& Tower with Radar,3,42,18,0,63,0,2,38,2,42,3,44,56,2,105,24,0,24,129
04/07/2013,ROA,VA,AEA,EN,Combined TRACON& Tower with Radar,6,56,20,0,82,0,0,19,0,19,6,56,39,0,101,24,0,24,125
04/08/2013,ROA,VA,AEA,EN,Combined TRACON& Tower with Radar,4,47,21,7,79,0,0,12,0,12,4,47,33,7,91,23,12,35,126
04/09/2013,ROA,VA,AEA,EN,Combined TRACON& Tower with Radar,7,52,26,0,85,0,1,26,1,28,7,53,52,1,113,46,0,46,159
04/10/2013,ROA,VA,AEA,EN,Combined TRACON& Tower with Radar,7,49,32,11,99,0,3,30,1,34,7,52,62,12,133,20,0,20,153
04/11/2013,ROA,VA,AEA,EN,Combined TRACON& Tower with Radar,10,55,38,0,103,0,0,22,0,22,10,55,60,0,125,10,0,10,135
04/12/2013,ROA,VA,AEA,EN,Combined TRACON& Tower with Radar,7,58,12,6,83,0,0,15,0,15,7,58,27,6,98,6,0,6,104
04/13/2013,ROA,VA,AEA,EN,Combined TRACON& Tower with Radar,3,49,22,0,74,0,0,25,0,25,3,49,47,0,99,44,0,44,143
04/14/2013,ROA,VA,AEA,EN,Combined TRACON& Tower with Radar,7,53,30,4,94,0,1,37,0,38,7,54,67,4,132,30,12,42,174
04/15/2013,ROA,VA,AEA,EN,Combined TRACON& Tower with Radar,4,51,20,0,75,0,0,2,0,2,4,51,22,0,77,0,0,0,77
04/16/2013,ROA,VA,AEA,EN,Combined TRACON& Tower with Radar,7,50,23,1,81,0,0,10,4,14,7,50,33,5,95,24,0,24,119
04/17/2013,ROA,VA,AEA,EN,Combined TRACON& Tower with Radar,6,58,22,1,87,0,1,24,4,29,6,59,46,5,116,2,0,2,118
04/18/2013,ROA,VA,AEA,EN,Combined TRACON& Tower with Radar,12,55,30,0,97,0,1,6,0,7,12,56,36,0,104,31,0,31,135
04/19/2013,ROA,VA,AEA,EN,Combined TRACON& Tower with Radar,7,57,20,6,90,0,0,1,0,1,7,57,21,6,91,35,0,35,126
04/20/2013,ROA,VA,AEA,EN,Combined TRACON& Tower with Radar,3,55,19,0,77,0,4,12,6,22,3,59,31,6,99,21,0,21,120
04/21/2013,ROA,VA,AEA,EN,Combined TRACON& Tower with Radar,6,54,21,0,81,0,1,21,0,22,6,55,42,0,103,26,0,26,129
04/22/2013,ROA,VA,AEA,EN,Combined TRACON& Tower with Radar,3,55,22,0,80,0,1,36,0,37,3,56,58,0,117,52,0,52,169
04/23/2013,ROA,VA,AEA,EN,Combined TRACON& Tower with Radar,7,62,32,0,101,0,2,28,1,31,7,64,60,1,132,56,0,56,188
04/24/2013,ROA,VA,AEA,EN,Combined TRACON& Tower with Radar,8,60,32,2,102,0,0,14,0,14,8,60,46,2,116,48,0,48,164
04/25/2013,ROA,VA,AEA,EN,Combined TRACON& Tower with Radar,10,57,18,0,85,0,0,33,0,33,10,57,51,0,118,120,0,120,238
04/26/2013,ROA,VA,AEA,EN,Combined TRACON& Tower with Radar,7,62,32,0,101,0,1,41,0,42,7,63,73,0,143,121,0,121,264
04/27/2013,ROA,VA,AEA,EN,Combined TRACON& Tower with Radar,3,46,26,0,75,0,1,25,0,26,3,47,51,0,101,132,0,132,233
04/28/2013,ROA,VA,AEA,EN,Combined TRACON& Tower with Radar,6,59,13,0,78,0,0,1,0,1,6,59,14,0,79,10,0,10,89
04/29/2013,ROA,VA,AEA,EN,Combined TRACON& Tower with Radar,4,59,25,2,90,0,0,9,0,9,4,59,34,2,99,42,0,42,141
04/30/2013,ROA,VA,AEA,EN,Combined TRACON& Tower with Radar,6,52,28,2,88,0,0,14,0,14,6,52,42,2,102,112,0,112,214
05/01/2013,ROA,VA,AEA,EN,Combined TRACON& Tower with Radar,8,57,35,4,104,0,0,15,0,15,8,57,50,4,119,71,0,71,190
05/02/2013,ROA,VA,AEA,EN,Combined TRACON& Tower with Radar,10,57,25,2,94,0,0,40,3,43,10,57,65,5,137,92,0,92,229
05/03/2013,ROA,VA,AEA,EN,Combined TRACON& Tower with Radar,7,58,25,12,102,0,2,25,1,28,7,60,50,13,130,110,11,121,251
05/04/2013,ROA,VA,AEA,EN,Combined TRACON& Tower with Radar,3,43,33,1,80,0,3,17,0,20,3,46,50,1,100,8,0,8,108
05/05/2013,ROA,VA,AEA,EN,Combined TRACON& Tower with Radar,5,60,24,0,89,0,0,4,0,4,5,60,28,0,93,68,0,68,161
05/06/2013,ROA,VA,AEA,EN,Combined TRACON& Tower with Radar,3,57,17,0,77,0,0,1,0,1,3,57,18,0,78,0,0,0,78
05/07/2013,ROA,VA,AEA,EN,Combined TRACON& Tower with Radar,8,56,12,0,76,0,0,1,2,3,8,56,13,2,79,78,0,78,157
05/08/2013,ROA,VA,AEA,EN,Combined TRACON& Tower with Radar,10,57,39,0,106,0,0,3,0,3,10,57,42,0,109,50,0,50,159
05/09/2013,ROA,VA,AEA,EN,Combined TRACON& Tower with Radar,10,65,30,4,109,0,1,25,1,27,10,66,55,5,136,60,6,66,202
05/10/2013,ROA,VA,AEA,EN,Combined TRACON& Tower with Radar,9,63,40,0,112,0,1,33,1,35,9,64,73,1,147,121,0,121,268
05/11/2013,ROA,VA,AEA,EN,Combined TRACON& Tower with Radar,3,45,21,0,69,0,0,9,0,9,3,45,30,0,78,44,0,44,122
05/12/2013,ROA,VA,AEA,EN,Combined TRACON& Tower with Radar,6,56,21,0,83,0,1,9,0,10,6,57,30,0,93,28,0,28,121
05/13/2013,ROA,VA,AEA,EN,Combined TRACON& Tower with Radar,4,55,14,4,77,0,3,19,0,22,4,58,33,4,99,14,0,14,113
05/14/2013,ROA,VA,AEA,EN,Combined TRACON& Tower with Radar,6,56,23,9,94,0,6,32,0,38,6,62,55,9,132,32,4,36,168
05/15/2013,ROA,VA,AEA,EN,Combined TRACON& Tower with Radar,6,65,22,1,94,0,4,11,1,16,6,69,33,2,110,46,20,66,176
05/16/2013,ROA,VA,AEA,EN,Combined TRACON& Tower with Radar,12,68,39,0,119,0,1,19,0,20,12,69,58,0,139,0,0,0,139
05/17/2013,ROA,VA,AEA,EN,Combined TRACON& Tower with Radar,7,65,37,12,121,0,0,37,3,40,7,65,74,15,161,30,10,40,201
05/18/2013,ROA,VA,AEA,EN,Combined TRACON& Tower with Radar,3,46,21,0,70,0,0,1,0,1,3,46,22,0,71,0,0,0,71
05/19/2013,ROA,VA,AEA,EN,Combined TRACON& Tower with Radar,11,81,25,0,117,0,0,0,0,0,11,81,25,0,117,0,0,0,117
05/20/2013,ROA,VA,AEA,EN,Combined TRACON& Tower with Radar,10,58,22,5,95,0,0,13,0,13,10,58,35,5,108,0,0,0,108
05/21/2013,ROA,VA,AEA,EN,Combined TRACON& Tower with Radar,6,59,27,6,98,0,4,38,0,42,6,63,65,6,140,2,10,12,152
05/22/2013,ROA,VA,AEA,EN,Combined TRACON& Tower with Radar,6,54,30,3,93,0,1,12,1,14,6,55,42,4,107,0,0,0,107
05/23/2013,ROA,VA,AEA,EN,Combined TRACON& Tower with Radar,11,54,27,0,92,0,0,7,0,7,11,54,34,0,99,34,0,34,133
05/24/2013,ROA,VA,AEA,EN,Combined TRACON& Tower with Radar,7,62,26,0,95,0,1,8,2,11,7,63,34,2,106,0,0,0,106
05/25/2013,ROA,VA,AEA,EN,Combined TRACON& Tower with Radar,3,45,8,6,62,0,3,16,0,19,3,48,24,6,81,0,5,5,86
05/26/2013,ROA,VA,AEA,EN,Combined TRACON& Tower with Radar,6,53,11,0,70,0,3,39,0,42,6,56,50,0,112,19,0,19,131
05/27/2013,ROA,VA,AEA,EN,Combined TRACON& Tower with Radar,2,49,16,0,67,0,0,42,0,42,2,49,58,0,109,12,0,12,121
05/28/2013,ROA,VA,AEA,EN,Combined TRACON& Tower with Radar,4,53,12,2,71,0,1,19,4,24,4,54,31,6,95,28,2,30,125
05/29/2013,ROA,VA,AEA,EN,Combined TRACON& Tower with Radar,8,56,28,21,113,0,2,30,2,34,8,58,58,23,147,40,0,40,187
05/30/2013,ROA,VA,AEA,EN,Combined TRACON& Tower with Radar,11,63,28,13,115,0,1,48,0,49,11,64,76,13,164,32,14,46,210
05/31/2013,ROA,VA,AEA,EN,Combined TRACON& Tower with Radar,7,63,22,1,93,0,1,27,0,28,7,64,49,1,121,40,0,40,161
06/01/2013,ROA,VA,AEA,EN,Combined TRACON& Tower with Radar,3,47,13,0,63,0,4,30,0,34,3,51,43,0,97,0,0,0,97
06/02/2013,ROA,VA,AEA,EN,Combined TRACON& Tower with Radar,8,52,9,0,69,0,0,0,0,0,8,52,9,0,69,0,0,0,69
06/03/2013,ROA,VA,AEA,EN,Combined TRACON& Tower with Radar,8,57,26,0,91,0,1,22,0,23,8,58,48,0,114,39,0,39,153
06/04/2013,ROA,VA,AEA,EN,Combined TRACON& Tower with Radar,6,58,34,1,99,0,3,24,1,28,6,61,58,2,127,66,0,66,193
06/05/2013,ROA,VA,AEA,EN,Combined TRACON& Tower with Radar,7,62,41,0,110,0,0,10,4,14,7,62,51,4,124,76,0,76,200
06/06/2013,ROA,VA,AEA,EN,Combined TRACON& Tower with Radar,14,52,23,0,89,0,0,0,0,0,14,52,23,0,89,0,0,0,89
06/07/2013,ROA,VA,AEA,EN,Combined TRACON& Tower with Radar,7,53,13,0,73,0,0,0,0,0,7,53,13,0,73,0,0,0,73
06/08/2013,ROA,VA,AEA,EN,Combined TRACON& Tower with Radar,3,46,30,0,79,0,1,29,0,30,3,47,59,0,109,10,0,10,119
06/09/2013,ROA,VA,AEA,EN,Combined TRACON& Tower with Radar,6,58,21,0,85,0,0,27,3,30,6,58,48,3,115,20,0,20,135
06/10/2013,ROA,VA,AEA,EN,Combined TRACON& Tower with Radar,5,53,27,13,98,0,0,0,0,0,5,53,27,13,98,0,0,0,98
06/11/2013,ROA,VA,AEA,EN,Combined TRACON& Tower with Radar,8,60,30,0,98,0,1,19,0,20,8,61,49,0,118,28,0,28,146
06/12/2013,ROA,VA,AEA,EN,Combined TRACON& Tower with Radar,6,55,34,0,95,0,3,14,0,17,6,58,48,0,112,24,0,24,136
06/13/2013,ROA,VA,AEA,EN,Combined TRACON& Tower with Radar,11,50,14,0,75,0,1,1,0,2,11,51,15,0,77,0,0,0,77
06/14/2013,ROA,VA,AEA,EN,Combined TRACON& Tower with Radar,8,62,27,17,114,0,0,39,3,42,8,62,66,20,156,40,14,54,210
06/15/2013,ROA,VA,AEA,EN,Combined TRACON& Tower with Radar,3,51,20,0,74,0,0,52,0,52,3,51,72,0,126,62,0,62,188
06/16/2013,ROA,VA,AEA,EN,Combined TRACON& Tower with Radar,6,59,15,0,80,0,1,14,0,15,6,60,29,0,95,40,0,40,135
06/17/2013,ROA,VA,AEA,EN,Combined TRACON& Tower with Radar,3,54,20,4,81,0,0,19,0,19,3,54,39,4,100,40,0,40,140
06/18/2013,ROA,VA,AEA,EN,Combined TRACON& Tower with Radar,11,58,18,0,87,0,0,0,1,1,11,58,18,1,88,0,0,0,88
06/19/2013,ROA,VA,AEA,EN,Combined TRACON& Tower with Radar,6,60,24,0,90,0,1,22,0,23,6,61,46,0,113,22,0,22,135
06/20/2013,ROA,VA,AEA,EN,Combined TRACON& Tower with Radar,10,59,28,0,97,0,0,18,1,19,10,59,46,1,116,64,0,64,180
06/21/2013,ROA,VA,AEA,EN,Combined TRACON& Tower with Radar,7,58,29,3,97,0,0,43,0,43,7,58,72,3,140,64,0,64,204
06/22/2013,ROA,VA,AEA,EN,Combined TRACON& Tower with Radar,3,53,17,0,73,0,0,27,0,27,3,53,44,0,100,32,0,32,132
06/23/2013,ROA,VA,AEA,EN,Combined TRACON& Tower with Radar,6,56,30,0,92,0,2,19,1,22,6,58,49,1,114,30,0,30,144
06/24/2013,ROA,VA,AEA,EN,Combined TRACON& Tower with Radar,4,58,28,0,90,0,0,10,1,11,4,58,38,1,101,20,0,20,121
06/25/2013,ROA,VA,AEA,EN,Combined TRACON& Tower with Radar,6,55,26,13,100,0,0,19,0,19,6,55,45,13,119,24,12,36,155
06/26/2013,ROA,VA,AEA,EN,Combined TRACON& Tower with Radar,6,64,31,10,111,0,2,37,1,40,6,66,68,11,151,4,0,4,155
06/27/2013,ROA,VA,AEA,EN,Combined TRACON& Tower with Radar,13,52,18,0,83,0,0,3,0,3,13,52,21,0,86,50,0,50,136
06/28/2013,ROA,VA,AEA,EN,Combined TRACON& Tower with Radar,8,49,20,2,79,0,0,24,0,24,8,49,44,2,103,90,0,90,193
06/29/2013,ROA,VA,AEA,EN,Combined TRACON& Tower with Radar,4,56,16,0,76,0,0,19,0,19,4,56,35,0,95,43,0,43,138
06/30/2013,ROA,VA,AEA,EN,Combined TRACON& Tower with Radar,8,54,10,0,72,0,1,5,0,6,8,55,15,0,78,40,0,40,118
07/01/2013,ROA,VA,AEA,EN,Combined TRACON& Tower with Radar,4,53,13,0,70,0,0,2,1,3,4,53,15,1,73,18,0,18,91
07/02/2013,ROA,VA,AEA,EN,Combined TRACON& Tower with Radar,6,63,11,0,80,0,0,4,0,4,6,63,15,0,84,26,0,26,110
07/03/2013,ROA,VA,AEA,EN,Combined TRACON& Tower with Radar,10,53,7,0,70,0,0,0,0,0,10,53,7,0,70,0,0,0,70
07/04/2013,ROA,VA,AEA,EN,Combined TRACON& Tower with Radar,6,44,7,0,57,0,0,2,0,2,6,44,9,0,59,0,0,0,59
07/05/2013,ROA,VA,AEA,EN,Combined TRACON& Tower with Radar,6,42,12,0,60,0,0,11,0,11,6,42,23,0,71,48,0,48,119
07/06/2013,ROA,VA,AEA,EN,Combined TRACON& Tower with Radar,5,48,14,0,67,0,1,18,0,19,5,49,32,0,86,28,0,28,114
07/07/2013,ROA,VA,AEA,EN,Combined TRACON& Tower with Radar,8,60,13,0,81,0,0,2,0,2,8,60,15,0,83,24,0,24,107
07/08/2013,ROA,VA,AEA,EN,Combined TRACON& Tower with Radar,4,55,18,0,77,0,3,28,0,31,4,58,46,0,108,70,0,70,178
07/09/2013,ROA,VA,AEA,EN,Combined TRACON& Tower with Radar,8,57,31,0,96,0,0,38,0,38,8,57,69,0,134,34,0,34,168
07/10/2013,ROA,VA,AEA,EN,Combined TRACON& Tower with Radar,5,60,30,10,105,0,3,12,0,15,5,63,42,10,120,2,12,14,134
07/11/2013,ROA,VA,AEA,EN,Combined TRACON& Tower with Radar,11,61,35,0,107,0,0,8,0,8,11,61,43,0,115,16,0,16,131
07/12/2013,ROA,VA,AEA,EN,Combined TRACON& Tower with Radar,6,67,29,12,114,0,0,10,0,10,6,67,39,12,124,46,10,56,180
07/13/2013,ROA,VA,AEA,EN,Combined TRACON& Tower with Radar,4,53,7,0,64,0,0,5,0,5,4,53,12,0,69,26,0,26,95
07/14/2013,ROA,VA,AEA,EN,Combined TRACON& Tower with Radar,6,59,19,0,84,0,1,10,0,11,6,60,29,0,95,32,0,32,127
07/15/2013,ROA,VA,AEA,EN,Combined TRACON& Tower with Radar,6,65,27,7,105,0,0,13,1,14,6,65,40,8,119,22,0,22,141
07/16/2013,ROA,VA,AEA,EN,Combined TRACON& Tower with Radar,8,66,19,2,95,0,0,25,0,25,8,66,44,2,120,28,0,28,148
07/17/2013,ROA,VA,AEA,EN,Combined TRACON& Tower with Radar,7,53,32,4,96,0,0,17,5,22,7,53,49,9,118,20,1,21,139
07/18/2013,ROA,VA,AEA,EN,Combined TRACON& Tower with Radar,9,58,30,1,98,0,1,13,5,19,9,59,43,6,117,76,0,76,193
07/19/2013,ROA,VA,AEA,EN,Combined TRACON& Tower with Radar,7,49,30,2,88,0,0,33,0,33,7,49,63,2,121,14,0,14,135
07/20/2013,ROA,VA,AEA,EN,Combined TRACON& Tower with Radar,3,50,8,0,61,0,1,26,4,31,3,51,34,4,92,72,0,72,164
07/21/2013,ROA,VA,AEA,EN,Combined TRACON& Tower with Radar,7,55,29,0,91,0,0,8,5,13,7,55,37,5,104,0,0,0,104
07/22/2013,ROA,VA,AEA,EN,Combined TRACON& Tower with Radar,5,50,13,0,68,0,0,12,0,12,5,50,25,0,80,40,0,40,120
07/23/2013,ROA,VA,AEA,EN,Combined TRACON& Tower with Radar,8,57,31,0,96,0,0,32,0,32,8,57,63,0,128,22,2,24,152
07/24/2013,ROA,VA,AEA,EN,Combined TRACON& Tower with Radar,6,64,25,0,95,0,0,21,0,21,6,64,46,0,116,48,0,48,164
07/25/2013,ROA,VA,AEA,EN,Combined TRACON& Tower with Radar,10,54,25,0,89,0,1,25,0,26,10,55,50,0,115,93,0,93,208
07/26/2013,ROA,VA,AEA,EN,Combined TRACON& Tower with Radar,7,58,36,2,103,0,3,32,2,37,7,61,68,4,140,34,0,34,174
07/27/2013,ROA,VA,AEA,EN,Combined TRACON& Tower with Radar,3,59,14,0,76,0,0,0,0,0,3,59,14,0,76,0,0,0,76
07/28/2013,ROA,VA,AEA,EN,Combined TRACON& Tower with Radar,6,55,25,0,86,0,1,13,0,14,6,56,38,0,100,36,0,36,136
07/29/2013,ROA,VA,AEA,EN,Combined TRACON& Tower with Radar,4,56,26,2,88,0,1,53,0,54,4,57,79,2,142,106,0,106,248
07/30/2013,ROA,VA,AEA,EN,Combined TRACON& Tower with Radar,6,60,28,0,94,0,0,27,0,27,6,60,55,0,121,2,0,2,123
07/31/2013,ROA,VA,AEA,EN,Combined TRACON& Tower with Radar,6,58,23,2,89,0,1,5,0,6,6,59,28,2,95,8,0,8,103
08/01/2013,ROA,VA,AEA,EN,Combined TRACON& Tower with Radar,10,52,26,4,92,0,1,10,0,11,10,53,36,4,103,36,0,36,139
08/02/2013,ROA,VA,AEA,EN,Combined TRACON& Tower with Radar,7,56,28,21,112,0,2,38,3,43,7,58,66,24,155,2,20,22,177
08/03/2013,ROA,VA,AEA,EN,Combined TRACON& Tower with Radar,3,54,16,0,73,0,3,27,4,34,3,57,43,4,107,16,0,16,123
08/04/2013,ROA,VA,AEA,EN,Combined TRACON& Tower with Radar,6,53,13,2,74,0,0,33,0,33,6,53,46,2,107,44,0,44,151
08/05/2013,ROA,VA,AEA,EN,Combined TRACON& Tower with Radar,4,52,30,0,86,0,4,23,5,32,4,56,53,5,118,86,0,86,204
08/06/2013,ROA,VA,AEA,EN,Combined TRACON& Tower with Radar,6,59,27,1,93,0,0,12,5,17,6,59,39,6,110,0,0,0,110
08/07/2013,ROA,VA,AEA,EN,Combined TRACON& Tower with Radar,6,58,24,7,95,0,0,6,0,6,6,58,30,7,101,0,0,0,101
08/08/2013,ROA,VA,AEA,EN,Combined TRACON& Tower with Radar,10,61,30,6,107,0,0,11,0,11,10,61,41,6,118,10,4,14,132
08/09/2013,ROA,VA,AEA,EN,Combined TRACON& Tower with Radar,7,55,31,0,93,0,2,10,6,18,7,57,41,6,111,2,0,2,113
08/10/2013,ROA,VA,AEA,EN,Combined TRACON& Tower with Radar,3,51,11,0,65,0,0,8,0,8,3,51,19,0,73,12,0,12,85
08/11/2013,ROA,VA,AEA,EN,Combined TRACON& Tower with Radar,8,60,24,0,92,0,0,11,0,11,8,60,35,0,103,38,0,38,141
08/12/2013,ROA,VA,AEA,EN,Combined TRACON& Tower with Radar,3,52,27,6,88,0,0,19,3,22,3,52,46,9,110,26,4,30,140
08/13/2013,ROA,VA,AEA,EN,Combined TRACON& Tower with Radar,7,52,23,0,82,0,0,9,0,9,7,52,32,0,91,24,0,24,115
08/14/2013,ROA,VA,AEA,EN,Combined TRACON& Tower with Radar,6,61,23,0,90,0,1,48,2,51,6,62,71,2,141,6,0,6,147
08/15/2013,ROA,VA,AEA,EN,Combined TRACON& Tower with Radar,8,56,25,12,101,0,0,53,0,53,8,56,78,12,154,16,12,28,182
08/16/2013,ROA,VA,AEA,EN,Combined TRACON& Tower with Radar,7,59,17,0,83,0,0,48,3,51,7,59,65,3,134,48,0,48,182
08/17/2013,ROA,VA,AEA,EN,Combined TRACON& Tower with Radar,3,48,17,0,68,0,0,8,0,8,3,48,25,0,76,0,0,0,76
08/18/2013,ROA,VA,AEA,EN,Combined TRACON& Tower with Radar,4,54,15,0,73,0,1,2,0,3,4,55,17,0,76,0,0,0,76
08/19/2013,ROA,VA,AEA,EN,Combined TRACON& Tower with Radar,4,55,25,0,84,0,1,0,2,3,4,56,25,2,87,0,0,0,87
08/20/2013,ROA,VA,AEA,EN,Combined TRACON& Tower with Radar,6,55,21,2,84,0,0,19,0,19,6,55,40,2,103,0,0,0,103
08/21/2013,ROA,VA,AEA,EN,Combined TRACON& Tower with Radar,11,56,18,0,85,0,2,14,0,16,11,58,32,0,101,4,0,4,105
08/22/2013,ROA,VA,AEA,EN,Combined TRACON& Tower with Radar,8,55,34,4,101,0,1,55,2,58,8,56,89,6,159,30,0,30,189
08/23/2013,ROA,VA,AEA,EN,Combined TRACON& Tower with Radar,5,48,23,0,76,0,2,18,0,20,5,50,41,0,96,3,0,3,99
08/24/2013,ROA,VA,AEA,EN,Combined TRACON& Tower with Radar,4,52,18,0,74,0,1,37,3,41,4,53,55,3,115,66,0,66,181
08/25/2013,ROA,VA,AEA,EN,Combined TRACON& Tower with Radar,4,46,19,4,73,0,0,48,0,48,4,46,67,4,121,96,4,100,221
08/26/2013,ROA,VA,AEA,EN,Combined TRACON& Tower with Radar,4,51,24,0,79,0,1,44,0,45,4,52,68,0,124,22,0,22,146
08/27/2013,ROA,VA,AEA,EN,Combined TRACON& Tower with Radar,6,49,25,0,80,0,1,22,0,23,6,50,47,0,103,26,0,26,129
08/28/2013,ROA,VA,AEA,EN,Combined TRACON& Tower with Radar,6,51,28,0,85,0,1,1,0,2,6,52,29,0,87,20,0,20,107
08/29/2013,ROA,VA,AEA,EN,Combined TRACON& Tower with Radar,8,60,17,0,85,0,0,23,2,25,8,60,40,2,110,36,0,36,146
08/30/2013,ROA,VA,AEA,EN,Combined TRACON& Tower with Radar,9,50,21,2,82,0,3,24,0,27,9,53,45,2,109,22,0,22,131
08/31/2013,ROA,VA,AEA,EN,Combined TRACON& Tower with Radar,5,40,12,0,57,0,1,27,4,32,5,41,39,4,89,48,0,48,137
09/01/2013,ROA,VA,AEA,EN,Combined TRACON& Tower with Radar,5,40,14,0,59,0,4,10,0,14,5,44,24,0,73,10,0,10,83
09/02/2013,ROA,VA,AEA,EN,Combined TRACON& Tower with Radar,3,50,18,0,71,0,1,19,0,20,3,51,37,0,91,22,0,22,113
09/03/2013,ROA,VA,AEA,EN,Combined TRACON& Tower with Radar,5,52,12,0,69,0,0,19,2,21,5,52,31,2,90,0,0,0,90
09/04/2013,ROA,VA,AEA,EN,Combined TRACON& Tower with Radar,6,54,27,10,97,0,2,26,0,28,6,56,53,10,125,0,16,16,141
09/05/2013,ROA,VA,AEA,EN,Combined TRACON& Tower with Radar,10,54,33,1,98,0,2,39,3,44,10,56,72,4,142,12,4,16,158
09/06/2013,ROA,VA,AEA,EN,Combined TRACON& Tower with Radar,7,59,35,7,108,0,3,30,5,38,7,62,65,12,146,6,0,6,152
09/07/2013,ROA,VA,AEA,EN,Combined TRACON& Tower with Radar,3,39,22,0,64,0,0,23,4,27,3,39,45,4,91,0,0,0,91
09/08/2013,ROA,VA,AEA,EN,Combined TRACON& Tower with Radar,4,52,19,5,80,0,1,17,1,19,4,53,36,6,99,52,18,70,169
09/09/2013,ROA,VA,AEA,EN,Combined TRACON& Tower with Radar,5,51,29,0,85,0,0,9,0,9,5,51,38,0,94,40,0,40,134
09/10/2013,ROA,VA,AEA,EN,Combined TRACON& Tower with Radar,6,45,28,0,79,0,1,22,0,23,6,46,50,0,102,12,0,12,114
09/11/2013,ROA,VA,AEA,EN,Combined TRACON& Tower with Radar,6,47,30,15,98,0,1,13,0,14,6,48,43,15,112,32,0,32,144
09/12/2013,ROA,VA,AEA,EN,Combined TRACON& Tower with Radar,8,51,31,2,92,0,0,24,0,24,8,51,55,2,116,14,0,14,130
09/13/2013,ROA,VA,AEA,EN,Combined TRACON& Tower with Radar,11,54,33,0,98,0,0,13,0,13,11,54,46,0,111,0,0,0,111
09/14/2013,ROA,VA,AEA,EN,Combined TRACON& Tower with Radar,5,43,16,2,66,0,2,26,0,28,5,45,42,2,94,54,0,54,148
09/15/2013,ROA,VA,AEA,EN,Combined TRACON& Tower with Radar,6,50,20,0,76,0,2,24,0,26,6,52,44,0,102,38,0,38,140
09/16/2013,ROA,VA,AEA,EN,Combined TRACON& Tower with Radar,4,55,27,0,86,0,1,22,1,24,4,56,49,1,110,8,0,8,118
09/17/2013,ROA,VA,AEA,EN,Combined TRACON& Tower with Radar,8,51,31,4,94,0,0,35,0,35,8,51,66,4,129,8,0,8,137
09/18/2013,ROA,VA,AEA,EN,Combined TRACON& Tower with Radar,6,57,39,0,102,0,0,23,3,26,6,57,62,3,128,14,0,14,142
09/19/2013,ROA,VA,AEA,EN,Combined TRACON& Tower with Radar,8,51,37,3,99,0,0,10,1,11,8,51,47,4,110,0,0,0,110
09/20/2013,ROA,VA,AEA,EN,Combined TRACON& Tower with Radar,7,75,28,0,110,0,2,1,0,3,7,77,29,0,113,0,0,0,113
09/21/2013,ROA,VA,AEA,EN,Combined TRACON& Tower with Radar,3,37,12,0,52,0,0,0,0,0,3,37,12,0,52,0,0,0,52
09/22/2013,ROA,VA,AEA,EN,Combined TRACON& Tower with Radar,6,47,10,0,63,0,0,29,0,29,6,47,39,0,92,40,0,40,132
09/23/2013,ROA,VA,AEA,EN,Combined TRACON& Tower with Radar,4,55,30,0,89,0,1,23,0,24,4,56,53,0,113,62,0,62,175
09/24/2013,ROA,VA,AEA,EN,Combined TRACON& Tower with Radar,8,54,20,0,82,0,1,23,1,25,8,55,43,1,107,4,0,4,111
09/25/2013,ROA,VA,AEA,EN,Combined TRACON& Tower with Radar,8,55,27,0,90,0,0,8,0,8,8,55,35,0,98,0,0,0,98
09/26/2013,ROA,VA,AEA,EN,Combined TRACON& Tower with Radar,7,50,25,2,84,0,4,21,8,33,7,54,46,10,117,16,8,24,141
09/27/2013,ROA,VA,AEA,EN,Combined TRACON& Tower with Radar,9,69,32,1,111,0,0,48,1,49,9,69,80,2,160,6,0,6,166
09/28/2013,ROA,VA,AEA,EN,Combined TRACON& Tower with Radar,3,42,19,0,64,0,1,30,0,31,3,43,49,0,95,84,0,84,179
09/29/2013,ROA,VA,AEA,EN,Combined TRACON& Tower with Radar,4,52,28,0,84,0,3,24,0,27,4,55,52,0,111,0,0,0,111
09/30/2013,ROA,VA,AEA,EN,Combined TRACON& Tower with Radar,4,51,23,0,78,0,2,10,5,17,4,53,33,5,95,44,0,44,139
10/01/2013,ROA,VA,AEA,EN,Combined TRACON& Tower with Radar,6,51,26,0,83,0,3,28,0,31,6,54,54,0,114,0,0,0,114
10/02/2013,ROA,VA,AEA,EN,Combined TRACON& Tower with Radar,6,52,21,0,79,0,1,19,1,21,6,53,40,1,100,0,0,0,100
10/03/2013,ROA,VA,AEA,EN,Combined TRACON& Tower with Radar,10,60,28,7,105,0,1,12,1,14,10,61,40,8,119,32,20,52,171
10/04/2013,ROA,VA,AEA,EN,Combined TRACON& Tower with Radar,7,58,18,0,83,0,1,30,0,31,7,59,48,0,114,40,0,40,154
10/05/2013,ROA,VA,AEA,EN,Combined TRACON& Tower with Radar,4,45,14,0,63,0,0,23,0,23,4,45,37,0,86,50,0,50,136
10/06/2013,ROA,VA,AEA,EN,Combined TRACON& Tower with Radar,6,53,25,0,84,0,1,21,0,22,6,54,46,0,106,2,0,2,108
10/07/2013,ROA,VA,AEA,EN,Combined TRACON& Tower with Radar,5,51,6,0,62,0,2,3,0,5,5,53,9,0,67,0,0,0,67
10/08/2013,ROA,VA,AEA,EN,Combined TRACON& Tower with Radar,6,56,38,4,104,0,0,12,0,12,6,56,50,4,116,0,0,0,116
10/09/2013,ROA,VA,AEA,EN,Combined TRACON& Tower with Radar,6,52,27,12,97,0,1,28,0,29,6,53,55,12,126,28,8,36,162
10/10/2013,ROA,VA,AEA,EN,Combined TRACON& Tower with Radar,10,58,16,0,84,0,0,5,0,5,10,58,21,0,89,0,0,0,89
10/11/2013,ROA,VA,AEA,EN,Combined TRACON& Tower with Radar,9,53,24,0,86,0,0,5,0,5,9,53,29,0,91,18,0,18,109
10/12/2013,ROA,VA,AEA,EN,Combined TRACON& Tower with Radar,5,44,26,0,75,0,0,4,0,4,5,44,30,0,79,1,0,1,80
10/13/2013,ROA,VA,AEA,EN,Combined TRACON& Tower with Radar,8,47,20,0,75,0,0,0,0,0,8,47,20,0,75,0,0,0,75
10/14/2013,ROA,VA,AEA,EN,Combined TRACON& Tower with Radar,5,50,28,0,83,0,1,6,0,7,5,51,34,0,90,0,0,0,90
10/15/2013,ROA,VA,AEA,EN,Combined TRACON& Tower with Radar,6,51,18,1,76,0,0,22,1,23,6,51,40,2,99,24,0,24,123
10/16/2013,ROA,VA,AEA,EN,Combined TRACON& Tower with Radar,8,52,34,0,94,0,2,32,0,34,8,54,66,0,128,16,0,16,144
10/17/2013,ROA,VA,AEA,EN,Combined TRACON& Tower with Radar,10,58,48,10,126,0,3,8,0,11,10,61,56,10,137,22,14,36,173
10/18/2013,ROA,VA,AEA,EN,Combined TRACON& Tower with Radar,8,52,35,0,95,0,1,46,0,47,8,53,81,0,142,0,0,0,142
10/19/2013,ROA,VA,AEA,EN,Combined TRACON& Tower with Radar,5,44,15,0,64,0,0,18,0,18,5,44,33,0,82,38,0,38,120
10/20/2013,ROA,VA,AEA,EN,Combined TRACON& Tower with Radar,6,52,22,0,80,0,0,54,0,54,6,52,76,0,134,4,0,4,138
10/21/2013,ROA,VA,AEA,EN,Combined TRACON& Tower with Radar,6,56,32,4,98,0,0,39,1,40,6,56,71,5,138,0,0,0,138
10/22/2013,ROA,VA,AEA,EN,Combined TRACON& Tower with Radar,8,54,11,10,83,0,2,10,0,12,8,56,21,10,95,10,6,16,111
10/23/2013,ROA,VA,AEA,EN,Combined TRACON& Tower with Radar,5,55,33,6,99,0,0,11,1,12,5,55,44,7,111,0,0,0,111
10/24/2013,ROA,VA,AEA,EN,Combined TRACON& Tower with Radar,10,55,27,4,96,0,0,16,2,18,10,55,43,6,114,2,0,2,116
10/25/2013,ROA,VA,AEA,EN,Combined TRACON& Tower with Radar,7,56,42,3,108,0,1,9,0,10,7,57,51,3,118,12,0,12,130
10/26/2013,ROA,VA,AEA,EN,Combined TRACON& Tower with Radar,3,47,21,0,71,0,0,19,0,19,3,47,40,0,90,10,0,10,100
10/27/2013,ROA,VA,AEA,EN,Combined TRACON& Tower with Radar,5,54,28,1,88,0,2,24,0,26,5,56,52,1,114,0,0,0,114
10/28/2013,ROA,VA,AEA,EN,Combined TRACON& Tower with Radar,4,49,30,0,83,0,1,24,1,26,4,50,54,1,109,32,0,32,141
10/29/2013,ROA,VA,AEA,EN,Combined TRACON& Tower with Radar,6,61,27,0,94,0,1,18,2,21,6,62,45,2,115,10,4,14,129
10/30/2013,ROA,VA,AEA,EN,Combined TRACON& Tower with Radar,6,55,26,2,89,0,0,10,3,13,6,55,36,5,102,3,0,3,105
10/31/2013,ROA,VA,AEA,EN,Combined TRACON& Tower with Radar,10,51,20,0,81,0,0,8,0,8,10,51,28,0,89,0,0,0,89
11/01/2013,ROA,VA,AEA,EN,Combined TRACON& Tower with Radar,8,57,17,9,91,0,0,7,3,10,8,57,24,12,101,0,0,0,101
11/02/2013,ROA,VA,AEA,EN,Combined TRACON& Tower with Radar,5,34,14,1,54,0,0,16,1,17,5,34,30,2,71,0,0,0,71
11/03/2013,ROA,VA,AEA,EN,Combined TRACON& Tower with Radar,7,50,18,1,76,0,0,18,1,19,7,50,36,2,95,3,0,3,98
11/04/2013,ROA,VA,AEA,EN,Combined TRACON& Tower with Radar,4,51,14,2,71,0,1,34,2,37,4,52,48,4,108,34,0,34,142
11/05/2013,ROA,VA,AEA,EN,Combined TRACON& Tower with Radar,5,63,32,3,103,0,0,28,2,30,5,63,60,5,133,42,0,42,175
11/06/2013,ROA,VA,AEA,EN,Combined TRACON& Tower with Radar,6,51,33,2,92,0,1,10,5,16,6,52,43,7,108,66,0,66,174
11/07/2013,ROA,VA,AEA,EN,Combined TRACON& Tower with Radar,10,58,14,2,84,0,0,12,0,12,10,58,26,2,96,2,0,2,98
11/08/2013,ROA,VA,AEA,EN,Combined TRACON& Tower with Radar,9,60,20,7,96,0,0,27,3,30,9,60,47,10,126,9,0,9,135
11/09/2013,ROA,VA,AEA,EN,Combined TRACON& Tower with Radar,3,41,19,0,63,0,1,50,1,52,3,42,69,1,115,20,0,20,135
11/10/2013,ROA,VA,AEA,EN,Combined TRACON& Tower with Radar,9,52,16,0,77,0,0,17,1,18,9,52,33,1,95,0,0,0,95
11/11/2013,ROA,VA,AEA,EN,Combined TRACON& Tower with Radar,6,53,33,0,92,0,1,35,1,37,6,54,68,1,129,14,0,14,143
11/12/2013,ROA,VA,AEA,EN,Combined TRACON& Tower with Radar,9,49,30,1,89,0,1,2,0,3,9,50,32,1,92,0,0,0,92
11/13/2013,ROA,VA,AEA,EN,Combined TRACON& Tower with Radar,6,56,35,0,97,0,3,25,0,28,6,59,60,0,125,20,0,20,145
11/14/2013,ROA,VA,AEA,EN,Combined TRACON& Tower with Radar,18,53,29,1,101,0,5,31,1,37,18,58,60,2,138,34,0,34,172
11/15/2013,ROA,VA,AEA,EN,Combined TRACON& Tower with Radar,9,56,25,0,90,0,1,39,9,49,9,57,64,9,139,31,0,31,170
11/16/2013,ROA,VA,AEA,EN,Combined TRACON& Tower with Radar,9,47,9,0,65,0,0,1,0,1,9,47,10,0,66,0,0,0,66
11/17/2013,ROA,VA,AEA,EN,Combined TRACON& Tower with Radar,7,44,20,0,71,0,0,0,0,0,7,44,20,0,71,0,0,0,71
11/18/2013,ROA,VA,AEA,EN,Combined TRACON& Tower with Radar,6,55,16,5,82,0,0,11,0,11,6,55,27,5,93,0,0,0,93
11/19/2013,ROA,VA,AEA,EN,Combined TRACON& Tower with Radar,8,50,18,0,76,0,4,27,0,31,8,54,45,0,107,0,0,0,107
11/20/2013,ROA,VA,AEA,EN,Combined TRACON& Tower with Radar,6,57,42,12,117,0,5,26,1,32,6,62,68,13,149,36,14,50,199
11/21/2013,ROA,VA,AEA,EN,Combined TRACON& Tower with Radar,10,62,35,0,107,0,0,13,0,13,10,62,48,0,120,30,4,34,154
11/22/2013,ROA,VA,AEA,EN,Combined TRACON& Tower with Radar,6,59,36,1,102,0,0,15,0,15,6,59,51,1,117,12,0,12,129
11/23/2013,ROA,VA,AEA,EN,Combined TRACON& Tower with Radar,4,41,19,0,64,0,1,7,0,8,4,42,26,0,72,20,0,20,92
11/24/2013,ROA,VA,AEA,EN,Combined TRACON& Tower with Radar,6,37,18,0,61,0,0,16,1,17,6,37,34,1,78,15,0,15,93
11/25/2013,ROA,VA,AEA,EN,Combined TRACON& Tower with Radar,4,46,41,14,105,0,1,24,0,25,4,47,65,14,130,30,0,30,160
11/26/2013,ROA,VA,AEA,EN,Combined TRACON& Tower with Radar,10,40,11,0,61,0,0,0,0,0,10,40,11,0,61,0,0,0,61
11/27/2013,ROA,VA,AEA,EN,Combined TRACON& Tower with Radar,7,52,15,0,74,0,0,0,0,0,7,52,15,0,74,0,0,0,74
11/28/2013,ROA,VA,AEA,EN,Combined TRACON& Tower with Radar,1,33,9,0,43,0,2,4,0,6,1,35,13,0,49,2,0,2,51
11/29/2013,ROA,VA,AEA,EN,Combined TRACON& Tower with Radar,8,29,17,0,54,0,2,46,0,48,8,31,63,0,102,74,0,74,176
11/30/2013,ROA,VA,AEA,EN,Combined TRACON& Tower with Radar,5,50,10,0,65,0,1,20,1,22,5,51,30,1,87,0,0,0,87
12/01/2013,ROA,VA,AEA,EN,Combined TRACON& Tower with Radar,4,61,30,0,95,0,3,27,1,31,4,64,57,1,126,16,0,16,142
12/02/2013,ROA,VA,AEA,EN,Combined TRACON& Tower with Radar,9,56,25,0,90,0,1,19,0,20,9,57,44,0,110,0,0,0,110
12/03/2013,ROA,VA,AEA,EN,Combined TRACON& Tower with Radar,7,51,28,22,108,0,2,18,4,24,7,53,46,26,132,28,10,38,170
12/04/2013,ROA,VA,AEA,EN,Combined TRACON& Tower with Radar,6,58,29,1,94,0,2,7,3,12,6,60,36,4,106,12,0,12,118
12/05/2013,ROA,VA,AEA,EN,Combined TRACON& Tower with Radar,13,52,29,0,94,0,0,0,0,0,13,52,29,0,94,0,0,0,94
12/06/2013,ROA,VA,AEA,EN,Combined TRACON& Tower with Radar,6,60,17,6,89,0,0,2,0,2,6,60,19,6,91,0,0,0,91
12/07/2013,ROA,VA,AEA,EN,Combined TRACON& Tower with Radar,4,47,9,0,60,0,0,6,0,6,4,47,15,0,66,36,0,36,102
12/08/2013,ROA,VA,AEA,EN,Combined TRACON& Tower with Radar,5,35,2,0,42,0,0,0,0,0,5,35,2,0,42,0,0,0,42
12/09/2013,ROA,VA,AEA,EN,Combined TRACON& Tower with Radar,3,45,16,0,64,0,0,1,0,1,3,45,17,0,65,0,0,0,65
12/10/2013,ROA,VA,AEA,EN,Combined TRACON& Tower with Radar,8,53,21,0,82,0,0,8,0,8,8,53,29,0,90,0,0,0,90
12/11/2013,ROA,VA,AEA,EN,Combined TRACON& Tower with Radar,8,56,33,2,99,0,0,33,5,38,8,56,66,7,137,32,0,32,169
12/12/2013,ROA,VA,AEA,EN,Combined TRACON& Tower with Radar,10,58,30,0,98,0,1,18,0,19,10,59,48,0,117,2,0,2,119
12/13/2013,ROA,VA,AEA,EN,Combined TRACON& Tower with Radar,8,54,16,14,92,0,3,36,2,41,8,57,52,16,133,34,0,34,167
12/14/2013,ROA,VA,AEA,EN,Combined TRACON& Tower with Radar,4,35,7,0,46,0,1,0,0,1,4,36,7,0,47,0,0,0,47
12/15/2013,ROA,VA,AEA,EN,Combined TRACON& Tower with Radar,6,48,2,6,62,0,1,1,2,4,6,49,3,8,66,0,8,8,74
12/16/2013,ROA,VA,AEA,EN,Combined TRACON& Tower with Radar,4,51,38,0,93,0,0,22,2,24,4,51,60,2,117,22,0,22,139
12/17/2013,ROA,VA,AEA,EN,Combined TRACON& Tower with Radar,13,49,30,7,99,0,3,6,1,10,13,52,36,8,109,68,0,68,177
12/18/2013,ROA,VA,AEA,EN,Combined TRACON& Tower with Radar,10,58,18,0,86,0,2,17,4,23,10,60,35,4,109,0,0,0,109
12/19/2013,ROA,VA,AEA,EN,Combined TRACON& Tower with Radar,14,46,19,6,85,0,1,20,2,23,14,47,39,8,108,0,24,24,132
12/20/2013,ROA,VA,AEA,EN,Combined TRACON& Tower with Radar,9,56,20,7,92,0,0,21,1,22,9,56,41,8,114,7,0,7,121
12/21/2013,ROA,VA,AEA,EN,Combined TRACON& Tower with Radar,6,50,24,2,82,0,3,25,0,28,6,53,49,2,110,17,0,17,127
12/22/2013,ROA,VA,AEA,EN,Combined TRACON& Tower with Radar,6,42,13,0,61,0,0,0,0,0,6,42,13,0,61,0,0,0,61
12/23/2013,ROA,VA,AEA,EN,Combined TRACON& Tower with Radar,7,52,9,14,82,0,0,9,0,9,7,52,18,14,91,2,12,14,105
12/24/2013,ROA,VA,AEA,EN,Combined TRACON& Tower with Radar,9,43,4,0,56,0,0,2,0,2,9,43,6,0,58,0,0,0,58
12/25/2013,ROA,VA,AEA,EN,Combined TRACON& Tower with Radar,1,40,3,0,44,0,2,9,4,15,1,42,12,4,59,0,0,0,59
12/26/2013,ROA,VA,AEA,EN,Combined TRACON& Tower with Radar,10,53,10,0,73,0,1,16,0,17,10,54,26,0,90,2,0,2,92
12/27/2013,ROA,VA,AEA,EN,Combined TRACON& Tower with Radar,6,49,17,0,72,0,0,34,5,39,6,49,51,5,111,0,0,0,111
12/28/2013,ROA,VA,AEA,EN,Combined TRACON& Tower with Radar,4,42,17,0,63,0,0,30,3,33,4,42,47,3,96,14,0,14,110
12/29/2013,ROA,VA,AEA,EN,Combined TRACON& Tower with Radar,6,49,9,0,64,0,1,1,0,2,6,50,10,0,66,0,0,0,66
12/30/2013,ROA,VA,AEA,EN,Combined TRACON& Tower with Radar,4,49,10,11,74,0,0,9,0,9,4,49,19,11,83,20,12,32,115
12/31/2013,ROA,VA,AEA,EN,Combined TRACON& Tower with Radar,6,39,7,0,52,0,0,3,0,3,6,39,10,0,55,0,0,0,55
01/01/2014,ROA,VA,AEA,EN,Combined TRACON& Tower with Radar,5,42,2,2,51,0,4,24,0,28,5,46,26,2,79,0,0,0,79
01/02/2014,ROA,VA,AEA,EN,Combined TRACON& Tower with Radar,10,45,14,0,69,0,0,6,0,6,10,45,20,0,75,8,0,8,83
01/03/2014,ROA,VA,AEA,EN,Combined TRACON& Tower with Radar,7,49,12,0,68,0,5,2,0,7,7,54,14,0,75,0,0,0,75
01/04/2014,ROA,VA,AEA,EN,Combined TRACON& Tower with Radar,3,57,10,0,70,0,0,34,2,36,3,57,44,2,106,25,0,25,131
01/05/2014,ROA,VA,AEA,EN,Combined TRACON& Tower with Radar,5,24,7,0,36,0,0,0,0,0,5,24,7,0,36,0,0,0,36
01/06/2014,ROA,VA,AEA,EN,Combined TRACON& Tower with Radar,4,41,4,0,49,0,1,1,4,6,4,42,5,4,55,0,0,0,55
01/07/2014,ROA,VA,AEA,EN,Combined TRACON& Tower with Radar,5,41,11,0,57,0,2,4,0,6,5,43,15,0,63,8,0,8,71
01/08/2014,ROA,VA,AEA,EN,Combined TRACON& Tower with Radar,8,50,31,3,92,0,0,20,1,21,8,50,51,4,113,30,0,30,143
01/09/2014,ROA,VA,AEA,EN,Combined TRACON& Tower with Radar,10,50,20,6,86,0,3,27,2,32,10,53,47,8,118,12,0,12,130
01/10/2014,ROA,VA,AEA,EN,Combined TRACON& Tower with Radar,4,41,6,0,51,0,0,0,0,0,4,41,6,0,51,0,0,0,51
01/11/2014,ROA,VA,AEA,EN,Combined TRACON& Tower with Radar,4,48,6,0,58,0,1,0,0,1,4,49,6,0,59,0,0,0,59
01/12/2014,ROA,VA,AEA,EN,Combined TRACON& Tower with Radar,6,41,7,0,54,0,0,9,1,10,6,41,16,1,64,59,0,59,123
01/13/2014,ROA,VA,AEA,EN,Combined TRACON& Tower with Radar,5,52,28,0,85,0,0,16,0,16,5,52,44,0,101,16,0,16,117
01/14/2014,ROA,VA,AEA,EN,Combined TRACON& Tower with Radar,6,47,19,0,72,0,5,6,2,13,6,52,25,2,85,135,0,135,220
01/15/2014,ROA,VA,AEA,EN,Combined TRACON& Tower with Radar,8,50,15,4,77,0,0,11,1,12,8,50,26,5,89,120,0,120,209
01/16/2014,ROA,VA,AEA,EN,Combined TRACON& Tower with Radar,10,49,21,14,94,0,1,22,2,25,10,50,43,16,119,112,0,112,231
01/17/2014,ROA,VA,AEA,EN,Combined TRACON& Tower with Radar,7,52,24,4,87,0,1,18,2,21,7,53,42,6,108,24,0,24,132
01/18/2014,ROA,VA,AEA,EN,Combined TRACON& Tower with Radar,3,39,7,0,49,0,1,7,1,9,3,40,14,1,58,16,0,16,74
01/19/2014,ROA,VA,AEA,EN,Combined TRACON& Tower with Radar,6,45,7,0,58,0,3,18,1,22,6,48,25,1,80,18,0,18,98
01/20/2014,ROA,VA,AEA,EN,Combined TRACON& Tower with Radar,4,50,24,2,80,0,1,28,0,29,4,51,52,2,109,20,0,20,129
01/21/2014,ROA,VA,AEA,EN,Combined TRACON& Tower with Radar,6,36,3,0,45,0,0,1,0,1,6,36,4,0,46,0,0,0,46
01/22/2014,ROA,VA,AEA,EN,Combined TRACON& Tower with Radar,8,48,16,0,72,0,1,13,0,14,8,49,29,0,86,2,0,2,88
01/23/2014,ROA,VA,AEA,EN,Combined TRACON& Tower with Radar,10,53,12,2,77,0,4,1,2,7,10,57,13,4,84,2,0,2,86
01/24/2014,ROA,VA,AEA,EN,Combined TRACON& Tower with Radar,6,44,15,7,72,0,3,15,1,19,6,47,30,8,91,9,2,11,102
01/25/2014,ROA,VA,AEA,EN,Combined TRACON& Tower with Radar,5,36,7,0,48,0,1,0,3,4,5,37,7,3,52,0,0,0,52
01/26/2014,ROA,VA,AEA,EN,Combined TRACON& Tower with Radar,8,43,7,0,58,0,4,13,5,22,8,47,20,5,80,12,2,14,94
01/27/2014,ROA,VA,AEA,EN,Combined TRACON& Tower with Radar,4,50,11,1,66,0,1,7,0,8,4,51,18,1,74,0,0,0,74
01/28/2014,ROA,VA,AEA,EN,Combined TRACON& Tower with Radar,5,41,15,0,61,0,0,1,0,1,5,41,16,0,62,24,0,24,86
01/29/2014,ROA,VA,AEA,EN,Combined TRACON& Tower with Radar,4,49,13,2,68,0,4,16,2,22,4,53,29,4,90,0,0,0,90
01/30/2014,ROA,VA,AEA,EN,Combined TRACON& Tower with Radar,10,49,26,9,94,0,1,14,1,16,10,50,40,10,110,0,0,0,110
01/31/2014,ROA,VA,AEA,EN,Combined TRACON& Tower with Radar,6,52,21,5,84,0,5,28,1,34,6,57,49,6,118,26,1,27,145
02/01/2014,ROA,VA,AEA,EN,Combined TRACON& Tower with Radar,3,42,14,0,59,0,2,35,0,37,3,44,49,0,96,28,0,28,124
02/02/2014,ROA,VA,AEA,EN,Combined TRACON& Tower with Radar,6,39,18,0,63,0,0,11,0,11,6,39,29,0,74,18,0,18,92
02/03/2014,ROA,VA,AEA,EN,Combined TRACON& Tower with Radar,3,39,13,0,55,0,1,0,0,1,3,40,13,0,56,0,0,0,56
02/04/2014,ROA,VA,AEA,EN,Combined TRACON& Tower with Radar,5,49,20,2,76,0,0,0,0,0,5,49,20,2,76,0,0,0,76
02/05/2014,ROA,VA,AEA,EN,Combined TRACON& Tower with Radar,13,42,19,0,74,0,1,2,0,3,13,43,21,0,77,6,0,6,83
02/06/2014,ROA,VA,AEA,EN,Combined TRACON& Tower with Radar,10,53,34,27,124,0,3,9,3,15,10,56,43,30,139,22,0,22,161
02/07/2014,ROA,VA,AEA,EN,Combined TRACON& Tower with Radar,6,55,27,0,88,0,1,52,3,56,6,56,79,3,144,56,0,56,200
02/08/2014,ROA,VA,AEA,EN,Combined TRACON& Tower with Radar,4,37,14,0,55,0,1,7,0,8,4,38,21,0,63,24,0,24,87
02/09/2014,ROA,VA,AEA,EN,Combined TRACON& Tower with Radar,8,38,11,0,57,0,0,0,0,0,8,38,11,0,57,0,0,0,57
02/10/2014,ROA,VA,AEA,EN,Combined TRACON& Tower with Radar,4,47,14,0,65,0,1,5,0,6,4,48,19,0,71,0,0,0,71
02/11/2014,ROA,VA,AEA,EN,Combined TRACON& Tower with Radar,5,43,20,7,75,0,2,16,3,21,5,45,36,10,96,24,0,24,120
02/12/2014,ROA,VA,AEA,EN,Combined TRACON& Tower with Radar,4,19,8,0,31,0,1,6,1,8,4,20,14,1,39,0,0,0,39
02/13/2014,ROA,VA,AEA,EN,Combined TRACON& Tower with Radar,0,0,0,0,0,0,0,0,0,0,0,0,0,0,0,0,0,0,0
02/14/2014,ROA,VA,AEA,EN,Combined TRACON& Tower with Radar,11,43,28,0,82,0,1,5,0,6,11,44,33,0,88,0,0,0,88
02/15/2014,ROA,VA,AEA,EN,Combined TRACON& Tower with Radar,3,39,3,0,45,0,0,3,0,3,3,39,6,0,48,0,0,0,48
02/16/2014,ROA,VA,AEA,EN,Combined TRACON& Tower with Radar,6,40,9,0,55,0,0,6,3,9,6,40,15,3,64,0,0,0,64
02/17/2014,ROA,VA,AEA,EN,Combined TRACON& Tower with Radar,5,46,18,0,69,0,2,17,1,20,5,48,35,1,89,12,0,12,101
02/18/2014,ROA,VA,AEA,EN,Combined TRACON& Tower with Radar,6,42,27,4,79,0,4,22,1,27,6,46,49,5,106,46,0,46,152
02/19/2014,ROA,VA,AEA,EN,Combined TRACON& Tower with Radar,6,46,38,0,90,0,2,14,3,19,6,48,52,3,109,0,0,0,109
02/20/2014,ROA,VA,AEA,EN,Combined TRACON& Tower with Radar,10,53,26,0,89,0,1,15,0,16,10,54,41,0,105,0,0,0,105
02/21/2014,ROA,VA,AEA,EN,Combined TRACON& Tower with Radar,7,47,13,0,67,0,1,5,0,6,7,48,18,0,73,0,0,0,73
02/22/2014,ROA,VA,AEA,EN,Combined TRACON& Tower with Radar,3,39,13,6,61,0,3,48,3,54,3,42,61,9,115,28,0,28,143
02/23/2014,ROA,VA,AEA,EN,Combined TRACON& Tower with Radar,5,43,25,0,73,0,2,28,2,32,5,45,53,2,105,51,6,57,162
02/24/2014,ROA,VA,AEA,EN,Combined TRACON& Tower with Radar,3,47,13,3,66,0,2,17,3,22,3,49,30,6,88,18,4,22,110
02/25/2014,ROA,VA,AEA,EN,Combined TRACON& Tower with Radar,8,51,18,0,77,0,2,53,1,56,8,53,71,1,133,0,0,0,133
02/26/2014,ROA,VA,AEA,EN,Combined TRACON& Tower with Radar,5,49,21,2,77,0,0,12,3,15,5,49,33,5,92,54,0,54,146
02/27/2014,ROA,VA,AEA,EN,Combined TRACON& Tower with Radar,11,49,18,0,78,0,1,14,4,19,11,50,32,4,97,62,0,62,159
02/28/2014,ROA,VA,AEA,EN,Combined TRACON& Tower with Radar,6,53,34,10,103,0,0,31,0,31,6,53,65,10,134,24,0,24,158
03/01/2014,ROA,VA,AEA,EN,Combined TRACON& Tower with Radar,3,41,14,4,62,0,4,37,2,43,3,45,51,6,105,28,16,44,149
03/02/2014,ROA,VA,AEA,EN,Combined TRACON& Tower with Radar,6,38,18,0,62,0,1,17,0,18,6,39,35,0,80,2,0,2,82
03/03/2014,ROA,VA,AEA,EN,Combined TRACON& Tower with Radar,4,35,6,0,45,0,2,0,0,2,4,37,6,0,47,0,0,0,47
03/04/2014,ROA,VA,AEA,EN,Combined TRACON& Tower with Radar,6,46,15,0,67,0,1,17,2,20,6,47,32,2,87,8,0,8,95
03/05/2014,ROA,VA,AEA,EN,Combined TRACON& Tower with Radar,6,50,34,0,90,0,0,47,1,48,6,50,81,1,138,0,0,0,138
03/06/2014,ROA,VA,AEA,EN,Combined TRACON& Tower with Radar,9,44,21,1,75,0,2,22,0,24,9,46,43,1,99,30,0,30,129
03/07/2014,ROA,VA,AEA,EN,Combined TRACON& Tower with Radar,8,45,15,1,69,0,1,6,0,7,8,46,21,1,76,6,0,6,82
03/08/2014,ROA,VA,AEA,EN,Combined TRACON& Tower with Radar,3,41,10,0,54,0,1,33,0,34,3,42,43,0,88,12,0,12,100
03/09/2014,ROA,VA,AEA,EN,Combined TRACON& Tower with Radar,6,42,23,0,71,0,4,32,0,36,6,46,55,0,107,12,0,12,119
03/10/2014,ROA,VA,AEA,EN,Combined TRACON& Tower with Radar,2,44,13,3,62,0,1,17,3,21,2,45,30,6,83,14,6,20,103
03/11/2014,ROA,VA,AEA,EN,Combined TRACON& Tower with Radar,8,52,21,16,97,0,2,33,1,36,8,54,54,17,133,32,16,48,181
03/12/2014,ROA,VA,AEA,EN,Combined TRACON& Tower with Radar,6,46,13,2,67,0,1,3,0,4,6,47,16,2,71,0,0,0,71
03/13/2014,ROA,VA,AEA,EN,Combined TRACON& Tower with Radar,10,48,14,3,75,0,1,4,0,5,10,49,18,3,80,2,0,2,82
03/14/2014,ROA,VA,AEA,EN,Combined TRACON& Tower with Radar,7,51,24,3,85,0,0,20,1,21,7,51,44,4,106,30,0,30,136
03/15/2014,ROA,VA,AEA,EN,Combined TRACON& Tower with Radar,3,42,4,0,49,0,4,8,2,14,3,46,12,2,63,0,0,0,63
03/16/2014,ROA,VA,AEA,EN,Combined TRACON& Tower with Radar,5,38,11,0,54,0,1,2,0,3,5,39,13,0,57,0,0,0,57
03/17/2014,ROA,VA,AEA,EN,Combined TRACON& Tower with Radar,3,39,11,0,53,0,0,0,0,0,3,39,11,0,53,0,0,0,53
03/18/2014,ROA,VA,AEA,EN,Combined TRACON& Tower with Radar,8,45,14,0,67,0,0,0,0,0,8,45,14,0,67,30,0,30,97
03/19/2014,ROA,VA,AEA,EN,Combined TRACON& Tower with Radar,6,44,29,2,81,0,1,5,0,6,6,45,34,2,87,0,0,0,87
03/20/2014,ROA,VA,AEA,EN,Combined TRACON& Tower with Radar,10,52,31,5,98,0,1,13,1,15,10,53,44,6,113,0,0,0,113
03/21/2014,ROA,VA,AEA,EN,Combined TRACON& Tower with Radar,8,51,28,4,91,0,3,36,3,42,8,54,64,7,133,18,0,18,151
03/22/2014,ROA,VA,AEA,EN,Combined TRACON& Tower with Radar,4,42,12,0,58,0,3,15,0,18,4,45,27,0,76,8,0,8,84
03/23/2014,ROA,VA,AEA,EN,Combined TRACON& Tower with Radar,6,47,9,0,62,0,0,5,0,5,6,47,14,0,67,0,0,0,67
03/24/2014,ROA,VA,AEA,EN,Combined TRACON& Tower with Radar,4,44,24,6,78,0,2,22,0,24,4,46,46,6,102,7,0,7,109
03/25/2014,ROA,VA,AEA,EN,Combined TRACON& Tower with Radar,6,38,9,0,53,0,0,0,0,0,6,38,9,0,53,0,0,0,53
03/26/2014,ROA,VA,AEA,EN,Combined TRACON& Tower with Radar,8,43,28,0,79,0,2,8,0,10,8,45,36,0,89,10,0,10,99
03/27/2014,ROA,VA,AEA,EN,Combined TRACON& Tower with Radar,9,47,25,3,84,0,3,31,0,34,9,50,56,3,118,17,2,19,137
03/28/2014,ROA,VA,AEA,EN,Combined TRACON& Tower with Radar,7,45,22,0,74,0,1,8,1,10,7,46,30,1,84,10,0,10,94
03/29/2014,ROA,VA,AEA,EN,Combined TRACON& Tower with Radar,5,41,3,0,49,0,0,0,0,0,5,41,3,0,49,20,0,20,69
03/30/2014,ROA,VA,AEA,EN,Combined TRACON& Tower with Radar,4,43,19,0,66,0,2,0,0,2,4,45,19,0,68,9,0,9,77
03/31/2014,ROA,VA,AEA,EN,Combined TRACON& Tower with Radar,7,48,19,2,76,0,0,28,6,34,7,48,47,8,110,5,0,5,115
04/01/2014,ROA,VA,AEA,EN,Combined TRACON& Tower with Radar,6,46,28,3,83,0,2,25,1,28,6,48,53,4,111,21,0,21,132
04/02/2014,ROA,VA,AEA,EN,Combined TRACON& Tower with Radar,6,48,31,4,89,0,0,48,2,50,6,48,79,6,139,10,0,10,149
04/03/2014,ROA,VA,AEA,EN,Combined TRACON& Tower with Radar,10,56,17,11,94,0,2,13,1,16,10,58,30,12,110,10,3,13,123
04/04/2014,ROA,VA,AEA,EN,Combined TRACON& Tower with Radar,9,52,17,11,89,0,1,7,5,13,9,53,24,16,102,0,3,3,105
04/05/2014,ROA,VA,AEA,EN,Combined TRACON& Tower with Radar,2,38,15,0,55,0,4,15,0,19,2,42,30,0,74,6,0,6,80
04/06/2014,ROA,VA,AEA,EN,Combined TRACON& Tower with Radar,5,45,13,0,63,0,0,24,0,24,5,45,37,0,87,4,0,4,91
04/07/2014,ROA,VA,AEA,EN,Combined TRACON& Tower with Radar,5,30,21,0,56,0,0,1,0,1,5,30,22,0,57,0,0,0,57
04/08/2014,ROA,VA,AEA,EN,Combined TRACON& Tower with Radar,9,37,23,0,69,0,0,9,5,14,9,37,32,5,83,42,0,42,125
04/09/2014,ROA,VA,AEA,EN,Combined TRACON& Tower with Radar,6,44,26,0,76,0,2,13,2,17,6,46,39,2,93,0,0,0,93
04/10/2014,ROA,VA,AEA,EN,Combined TRACON& Tower with Radar,10,51,34,2,97,0,0,43,0,43,10,51,77,2,140,16,0,16,156
04/11/2014,ROA,VA,AEA,EN,Combined TRACON& Tower with Radar,7,54,35,1,97,0,1,23,2,26,7,55,58,3,123,14,1,15,138
04/12/2014,ROA,VA,AEA,EN,Combined TRACON& Tower with Radar,2,40,13,8,63,0,1,30,6,37,2,41,43,14,100,2,0,2,102
04/13/2014,ROA,VA,AEA,EN,Combined TRACON& Tower with Radar,5,48,11,0,64,0,0,16,3,19,5,48,27,3,83,21,0,21,104
04/14/2014,ROA,VA,AEA,EN,Combined TRACON& Tower with Radar,4,51,28,3,86,0,1,9,2,12,4,52,37,5,98,0,0,0,98
04/15/2014,ROA,VA,AEA,EN,Combined TRACON& Tower with Radar,6,41,14,0,61,0,0,0,0,0,6,41,14,0,61,0,0,0,61
04/16/2014,ROA,VA,AEA,EN,Combined TRACON& Tower with Radar,6,47,34,1,88,0,0,16,1,17,6,47,50,2,105,7,1,8,113
04/17/2014,ROA,VA,AEA,EN,Combined TRACON& Tower with Radar,10,53,27,4,94,0,3,30,0,33,10,56,57,4,127,31,0,31,158
04/18/2014,ROA,VA,AEA,EN,Combined TRACON& Tower with Radar,7,46,23,2,78,0,4,18,0,22,7,50,41,2,100,35,0,35,135
04/19/2014,ROA,VA,AEA,EN,Combined TRACON& Tower with Radar,2,36,17,0,55,0,3,15,0,18,2,39,32,0,73,12,0,12,85
04/20/2014,ROA,VA,AEA,EN,Combined TRACON& Tower with Radar,5,44,12,0,61,0,0,24,0,24,5,44,36,0,85,0,0,0,85
04/21/2014,ROA,VA,AEA,EN,Combined TRACON& Tower with Radar,4,47,26,0,77,0,2,40,1,43,4,49,66,1,120,12,0,12,132
04/22/2014,ROA,VA,AEA,EN,Combined TRACON& Tower with Radar,6,44,29,2,81,0,3,17,1,21,6,47,46,3,102,7,0,7,109
04/23/2014,ROA,VA,AEA,EN,Combined TRACON& Tower with Radar,6,44,24,0,74,0,0,18,0,18,6,44,42,0,92,0,0,0,92
04/24/2014,ROA,VA,AEA,EN,Combined TRACON& Tower with Radar,10,46,32,8,96,0,1,47,2,50,10,47,79,10,146,3,5,8,154
04/25/2014,ROA,VA,AEA,EN,Combined TRACON& Tower with Radar,7,56,23,0,86,0,1,11,0,12,7,57,34,0,98,0,0,0,98
04/26/2014,ROA,VA,AEA,EN,Combined TRACON& Tower with Radar,3,34,15,0,52,0,5,15,0,20,3,39,30,0,72,13,0,13,85
04/27/2014,ROA,VA,AEA,EN,Combined TRACON& Tower with Radar,6,45,17,2,70,0,2,26,2,30,6,47,43,4,100,0,0,0,100
04/28/2014,ROA,VA,AEA,EN,Combined TRACON& Tower with Radar,4,54,25,9,92,0,0,5,0,5,4,54,30,9,97,0,0,0,97
04/29/2014,ROA,VA,AEA,EN,Combined TRACON& Tower with Radar,4,45,13,0,62,0,0,0,0,0,4,45,13,0,62,0,0,0,62
04/30/2014,ROA,VA,AEA,EN,Combined TRACON& Tower with Radar,7,50,19,0,76,0,0,0,0,0,7,50,19,0,76,0,0,0,76
05/01/2014,ROA,VA,AEA,EN,Combined TRACON& Tower with Radar,12,61,37,3,113,0,0,30,1,31,12,61,67,4,144,11,0,11,155
05/02/2014,ROA,VA,AEA,EN,Combined TRACON& Tower with Radar,7,47,36,0,90,0,5,32,0,37,7,52,68,0,127,4,0,4,131
05/03/2014,ROA,VA,AEA,EN,Combined TRACON& Tower with Radar,4,34,25,2,65,0,4,31,1,36,4,38,56,3,101,17,0,17,118
05/04/2014,ROA,VA,AEA,EN,Combined TRACON& Tower with Radar,6,42,26,1,75,0,0,11,1,12,6,42,37,2,87,20,0,20,107
05/05/2014,ROA,VA,AEA,EN,Combined TRACON& Tower with Radar,4,52,26,0,82,0,0,18,0,18,4,52,44,0,100,26,0,26,126
05/06/2014,ROA,VA,AEA,EN,Combined TRACON& Tower with Radar,6,51,49,8,114,0,1,21,1,23,6,52,70,9,137,29,0,29,166
05/07/2014,ROA,VA,AEA,EN,Combined TRACON& Tower with Radar,6,49,30,0,85,0,3,23,2,28,6,52,53,2,113,4,0,4,117
05/08/2014,ROA,VA,AEA,EN,Combined TRACON& Tower with Radar,10,48,24,0,82,0,3,54,2,59,10,51,78,2,141,4,0,4,145
05/09/2014,ROA,VA,AEA,EN,Combined TRACON& Tower with Radar,9,49,20,7,85,0,5,15,2,22,9,54,35,9,107,8,0,8,115
05/10/2014,ROA,VA,AEA,EN,Combined TRACON& Tower with Radar,3,35,8,0,46,0,2,7,0,9,3,37,15,0,55,0,0,0,55
05/11/2014,ROA,VA,AEA,EN,Combined TRACON& Tower with Radar,6,40,19,4,69,0,0,16,0,16,6,40,35,4,85,0,0,0,85
05/12/2014,ROA,VA,AEA,EN,Combined TRACON& Tower with Radar,4,44,17,0,65,0,2,24,3,29,4,46,41,3,94,33,0,33,127
05/13/2014,ROA,VA,AEA,EN,Combined TRACON& Tower with Radar,6,46,38,0,90,0,1,24,2,27,6,47,62,2,117,0,0,0,117
05/14/2014,ROA,VA,AEA,EN,Combined TRACON& Tower with Radar,5,47,38,0,90,0,1,7,0,8,5,48,45,0,98,27,0,27,125
05/15/2014,ROA,VA,AEA,EN,Combined TRACON& Tower with Radar,14,47,22,0,83,0,0,3,0,3,14,47,25,0,86,0,0,0,86
05/16/2014,ROA,VA,AEA,EN,Combined TRACON& Tower with Radar,6,57,25,2,90,0,3,13,5,21,6,60,38,7,111,6,0,6,117
05/17/2014,ROA,VA,AEA,EN,Combined TRACON& Tower with Radar,4,39,31,1,75,0,3,20,1,24,4,42,51,2,99,9,0,9,108
05/18/2014,ROA,VA,AEA,EN,Combined TRACON& Tower with Radar,8,45,18,6,77,0,0,40,1,41,8,45,58,7,118,1,0,1,119
05/19/2014,ROA,VA,AEA,EN,Combined TRACON& Tower with Radar,4,47,23,6,80,0,4,39,0,43,4,51,62,6,123,39,0,39,162
05/20/2014,ROA,VA,AEA,EN,Combined TRACON& Tower with Radar,6,53,31,0,90,0,1,20,1,22,6,54,51,1,112,5,0,5,117
05/21/2014,ROA,VA,AEA,EN,Combined TRACON& Tower with Radar,6,48,28,4,86,0,1,13,1,15,6,49,41,5,101,3,1,4,105
05/22/2014,ROA,VA,AEA,EN,Combined TRACON& Tower with Radar,14,51,12,0,77,0,3,19,0,22,14,54,31,0,99,5,0,5,104
05/23/2014,ROA,VA,AEA,EN,Combined TRACON& Tower with Radar,7,48,26,0,81,0,1,16,0,17,7,49,42,0,98,8,0,8,106
05/24/2014,ROA,VA,AEA,EN,Combined TRACON& Tower with Radar,3,42,9,0,54,0,5,26,0,31,3,47,35,0,85,7,0,7,92
05/25/2014,ROA,VA,AEA,EN,Combined TRACON& Tower with Radar,6,32,11,0,49,0,0,19,1,20,6,32,30,1,69,0,0,0,69
05/26/2014,ROA,VA,AEA,EN,Combined TRACON& Tower with Radar,2,49,19,0,70,0,1,13,1,15,2,50,32,1,85,0,0,0,85
05/27/2014,ROA,VA,AEA,EN,Combined TRACON& Tower with Radar,4,51,21,0,76,0,3,22,0,25,4,54,43,0,101,9,0,9,110
05/28/2014,ROA,VA,AEA,EN,Combined TRACON& Tower with Radar,8,44,22,1,75,0,1,17,1,19,8,45,39,2,94,3,0,3,97
05/29/2014,ROA,VA,AEA,EN,Combined TRACON& Tower with Radar,12,55,15,2,84,0,3,24,0,27,12,58,39,2,111,0,0,0,111
05/30/2014,ROA,VA,AEA,EN,Combined TRACON& Tower with Radar,11,52,31,4,98,0,4,9,0,13,11,56,40,4,111,8,0,8,119
05/31/2014,ROA,VA,AEA,EN,Combined TRACON& Tower with Radar,3,40,8,0,51,0,1,35,0,36,3,41,43,0,87,16,0,16,103
06/01/2014,ROA,VA,AEA,EN,Combined TRACON& Tower with Radar,6,43,12,2,63,0,0,26,0,26,6,43,38,2,89,20,0,20,109
06/02/2014,ROA,VA,AEA,EN,Combined TRACON& Tower with Radar,4,47,16,4,71,0,2,62,0,64,4,49,78,4,135,8,0,8,143
06/03/2014,ROA,VA,AEA,EN,Combined TRACON& Tower with Radar,8,48,22,6,84,0,2,27,0,29,8,50,49,6,113,10,0,10,123
06/04/2014,ROA,VA,AEA,EN,Combined TRACON& Tower with Radar,6,53,19,0,78,0,0,13,1,14,6,53,32,1,92,14,0,14,106
06/05/2014,ROA,VA,AEA,EN,Combined TRACON& Tower with Radar,11,57,24,0,92,0,0,12,0,12,11,57,36,0,104,24,0,24,128
06/06/2014,ROA,VA,AEA,EN,Combined TRACON& Tower with Radar,7,51,19,4,81,0,1,34,2,37,7,52,53,6,118,13,0,13,131
06/07/2014,ROA,VA,AEA,EN,Combined TRACON& Tower with Radar,6,45,17,0,68,0,1,27,0,28,6,46,44,0,96,17,0,17,113
06/08/2014,ROA,VA,AEA,EN,Combined TRACON& Tower with Radar,6,50,24,0,80,0,1,8,0,9,6,51,32,0,89,13,0,13,102
06/09/2014,ROA,VA,AEA,EN,Combined TRACON& Tower with Radar,4,52,15,4,75,0,2,18,0,20,4,54,33,4,95,6,6,12,107
06/10/2014,ROA,VA,AEA,EN,Combined TRACON& Tower with Radar,6,45,15,10,76,0,1,16,1,18,6,46,31,11,94,5,0,5,99
06/11/2014,ROA,VA,AEA,EN,Combined TRACON& Tower with Radar,5,45,31,0,81,0,1,24,0,25,5,46,55,0,106,5,0,5,111
06/12/2014,ROA,VA,AEA,EN,Combined TRACON& Tower with Radar,18,48,28,2,96,0,3,5,0,8,18,51,33,2,104,0,0,0,104
06/13/2014,ROA,VA,AEA,EN,Combined TRACON& Tower with Radar,7,42,40,0,89,0,1,9,0,10,7,43,49,0,99,19,0,19,118
06/14/2014,ROA,VA,AEA,EN,Combined TRACON& Tower with Radar,3,42,13,0,58,0,0,44,3,47,3,42,57,3,105,22,0,22,127
06/15/2014,ROA,VA,AEA,EN,Combined TRACON& Tower with Radar,8,43,7,0,58,0,3,32,2,37,8,46,39,2,95,0,0,0,95
06/16/2014,ROA,VA,AEA,EN,Combined TRACON& Tower with Radar,4,50,22,2,78,0,1,19,0,20,4,51,41,2,98,11,0,11,109
06/17/2014,ROA,VA,AEA,EN,Combined TRACON& Tower with Radar,6,47,22,0,75,0,2,27,7,36,6,49,49,7,111,0,0,0,111
06/18/2014,ROA,VA,AEA,EN,Combined TRACON& Tower with Radar,8,51,24,3,86,0,2,16,1,19,8,53,40,4,105,8,2,10,115
06/19/2014,ROA,VA,AEA,EN,Combined TRACON& Tower with Radar,10,50,27,0,87,0,1,33,1,35,10,51,60,1,122,0,0,0,122
06/20/2014,ROA,VA,AEA,EN,Combined TRACON& Tower with Radar,7,51,21,2,81,0,0,12,0,12,7,51,33,2,93,10,0,10,103
06/21/2014,ROA,VA,AEA,EN,Combined TRACON& Tower with Radar,3,46,23,0,72,0,0,18,0,18,3,46,41,0,90,18,0,18,108
06/22/2014,ROA,VA,AEA,EN,Combined TRACON& Tower with Radar,8,44,21,0,73,0,1,9,0,10,8,45,30,0,83,14,0,14,97
06/23/2014,ROA,VA,AEA,EN,Combined TRACON& Tower with Radar,4,48,22,0,74,0,1,23,0,24,4,49,45,0,98,12,0,12,110
06/24/2014,ROA,VA,AEA,EN,Combined TRACON& Tower with Radar,6,55,30,0,91,0,3,24,4,31,6,58,54,4,122,13,0,13,135
06/25/2014,ROA,VA,AEA,EN,Combined TRACON& Tower with Radar,8,48,29,1,86,0,1,21,1,23,8,49,50,2,109,16,0,16,125
06/26/2014,ROA,VA,AEA,EN,Combined TRACON& Tower with Radar,10,51,39,2,102,0,0,39,0,39,10,51,78,2,141,25,1,26,167
06/27/2014,ROA,VA,AEA,EN,Combined TRACON& Tower with Radar,7,53,29,0,89,0,2,28,0,30,7,55,57,0,119,11,0,11,130
06/28/2014,ROA,VA,AEA,EN,Combined TRACON& Tower with Radar,3,40,18,0,61,0,1,8,3,12,3,41,26,3,73,22,0,22,95
06/29/2014,ROA,VA,AEA,EN,Combined TRACON& Tower with Radar,6,41,20,2,69,0,1,14,0,15,6,42,34,2,84,0,0,0,84
06/30/2014,ROA,VA,AEA,EN,Combined TRACON& Tower with Radar,4,55,20,7,86,0,1,22,2,25,4,56,42,9,111,3,0,3,114
07/01/2014,ROA,VA,AEA,EN,Combined TRACON& Tower with Radar,6,48,31,4,89,0,1,41,1,43,6,49,72,5,132,11,0,11,143
07/02/2014,ROA,VA,AEA,EN,Combined TRACON& Tower with Radar,6,47,12,2,67,0,4,21,3,28,6,51,33,5,95,1,0,1,96
07/03/2014,ROA,VA,AEA,EN,Combined TRACON& Tower with Radar,11,42,13,0,66,0,0,19,0,19,11,42,32,0,85,6,0,6,91
07/04/2014,ROA,VA,AEA,EN,Combined TRACON& Tower with Radar,2,33,5,0,40,0,2,21,0,23,2,35,26,0,63,0,0,0,63
07/05/2014,ROA,VA,AEA,EN,Combined TRACON& Tower with Radar,3,43,9,0,55,0,0,33,0,33,3,43,42,0,88,2,0,2,90
07/06/2014,ROA,VA,AEA,EN,Combined TRACON& Tower with Radar,6,44,11,0,61,0,0,15,0,15,6,44,26,0,76,2,0,2,78
07/07/2014,ROA,VA,AEA,EN,Combined TRACON& Tower with Radar,4,45,14,2,65,0,2,25,6,33,4,47,39,8,98,7,0,7,105
07/08/2014,ROA,VA,AEA,EN,Combined TRACON& Tower with Radar,6,47,17,0,70,0,0,22,0,22,6,47,39,0,92,0,0,0,92
07/09/2014,ROA,VA,AEA,EN,Combined TRACON& Tower with Radar,6,50,21,1,78,0,0,12,1,13,6,50,33,2,91,0,0,0,91
07/10/2014,ROA,VA,AEA,EN,Combined TRACON& Tower with Radar,10,47,26,0,83,0,1,8,0,9,10,48,34,0,92,6,0,6,98
07/11/2014,ROA,VA,AEA,EN,Combined TRACON& Tower with Radar,7,48,16,8,79,0,0,42,1,43,7,48,58,9,122,21,0,21,143
07/12/2014,ROA,VA,AEA,EN,Combined TRACON& Tower with Radar,5,45,10,0,60,0,0,25,0,25,5,45,35,0,85,6,0,6,91
07/13/2014,ROA,VA,AEA,EN,Combined TRACON& Tower with Radar,6,52,18,4,80,0,0,19,0,19,6,52,37,4,99,4,1,5,104
07/14/2014,ROA,VA,AEA,EN,Combined TRACON& Tower with Radar,4,44,20,0,68,0,0,11,0,11,4,44,31,0,79,5,0,5,84
07/15/2014,ROA,VA,AEA,EN,Combined TRACON& Tower with Radar,7,48,24,2,81,0,4,19,0,23,7,52,43,2,104,3,0,3,107
07/16/2014,ROA,VA,AEA,EN,Combined TRACON& Tower with Radar,7,58,26,0,91,0,1,26,2,29,7,59,52,2,120,12,0,12,132
07/17/2014,ROA,VA,AEA,EN,Combined TRACON& Tower with Radar,10,51,29,0,90,0,0,32,1,33,10,51,61,1,123,15,0,15,138
07/18/2014,ROA,VA,AEA,EN,Combined TRACON& Tower with Radar,7,54,24,8,93,0,3,25,0,28,7,57,49,8,121,6,4,10,131
07/19/2014,ROA,VA,AEA,EN,Combined TRACON& Tower with Radar,5,46,7,0,58,0,1,3,0,4,5,47,10,0,62,0,0,0,62
07/20/2014,ROA,VA,AEA,EN,Combined TRACON& Tower with Radar,8,45,14,0,67,0,1,0,0,1,8,46,14,0,68,2,0,2,70
07/21/2014,ROA,VA,AEA,EN,Combined TRACON& Tower with Radar,4,55,24,0,83,0,0,7,0,7,4,55,31,0,90,0,0,0,90
07/22/2014,ROA,VA,AEA,EN,Combined TRACON& Tower with Radar,6,52,15,11,84,0,0,8,0,8,6,52,23,11,92,0,0,0,92
07/23/2014,ROA,VA,AEA,EN,Combined TRACON& Tower with Radar,5,51,25,2,83,0,2,18,5,25,5,53,43,7,108,18,0,18,126
07/24/2014,ROA,VA,AEA,EN,Combined TRACON& Tower with Radar,9,53,30,0,92,0,0,1,0,1,9,53,31,0,93,3,0,3,96
07/25/2014,ROA,VA,AEA,EN,Combined TRACON& Tower with Radar,7,42,23,2,74,0,4,28,2,34,7,46,51,4,108,18,1,19,127
07/26/2014,ROA,VA,AEA,EN,Combined TRACON& Tower with Radar,6,43,16,21,86,0,3,17,2,22,6,46,33,23,108,9,11,20,128
07/27/2014,ROA,VA,AEA,EN,Combined TRACON& Tower with Radar,10,42,18,0,70,0,3,7,0,10,10,45,25,0,80,0,0,0,80
07/28/2014,ROA,VA,AEA,EN,Combined TRACON& Tower with Radar,4,46,26,0,76,0,1,5,1,7,4,47,31,1,83,1,0,1,84
07/29/2014,ROA,VA,AEA,EN,Combined TRACON& Tower with Radar,6,50,13,9,78,0,5,23,2,30,6,55,36,11,108,30,0,30,138
07/30/2014,ROA,VA,AEA,EN,Combined TRACON& Tower with Radar,6,54,16,6,82,0,1,34,0,35,6,55,50,6,117,11,1,12,129
07/31/2014,ROA,VA,AEA,EN,Combined TRACON& Tower with Radar,10,52,22,4,88,0,3,27,2,32,10,55,49,6,120,19,2,21,141
08/01/2014,ROA,VA,AEA,EN,Combined TRACON& Tower with Radar,7,48,21,0,76,0,1,0,0,1,7,49,21,0,77,0,0,0,77
08/02/2014,ROA,VA,AEA,EN,Combined TRACON& Tower with Radar,5,45,27,0,77,0,2,2,0,4,5,47,29,0,81,0,0,0,81
08/03/2014,ROA,VA,AEA,EN,Combined TRACON& Tower with Radar,6,46,13,0,65,0,4,24,3,31,6,50,37,3,96,5,5,10,106
08/04/2014,ROA,VA,AEA,EN,Combined TRACON& Tower with Radar,4,51,18,0,73,0,0,9,0,9,4,51,27,0,82,8,0,8,90
08/05/2014,ROA,VA,AEA,EN,Combined TRACON& Tower with Radar,6,48,17,0,71,0,1,27,4,32,6,49,44,4,103,25,0,25,128
08/06/2014,ROA,VA,AEA,EN,Combined TRACON& Tower with Radar,6,48,20,1,75,0,0,23,1,24,6,48,43,2,99,2,0,2,101
08/07/2014,ROA,VA,AEA,EN,Combined TRACON& Tower with Radar,12,49,23,8,92,0,0,20,5,25,12,49,43,13,117,10,0,10,127
08/08/2014,ROA,VA,AEA,EN,Combined TRACON& Tower with Radar,5,48,24,7,84,0,1,1,0,2,5,49,25,7,86,2,0,2,88
08/09/2014,ROA,VA,AEA,EN,Combined TRACON& Tower with Radar,7,44,11,0,62,0,0,0,0,0,7,44,11,0,62,0,0,0,62
08/10/2014,ROA,VA,AEA,EN,Combined TRACON& Tower with Radar,8,54,15,2,79,0,2,0,0,2,8,56,15,2,81,0,0,0,81
08/11/2014,ROA,VA,AEA,EN,Combined TRACON& Tower with Radar,4,60,20,0,84,0,0,0,0,0,4,60,20,0,84,4,0,4,88
08/12/2014,ROA,VA,AEA,EN,Combined TRACON& Tower with Radar,6,54,11,0,71,0,1,2,0,3,6,55,13,0,74,0,0,0,74
08/13/2014,ROA,VA,AEA,EN,Combined TRACON& Tower with Radar,6,47,26,1,80,0,2,21,1,24,6,49,47,2,104,20,0,20,124
08/14/2014,ROA,VA,AEA,EN,Combined TRACON& Tower with Radar,8,49,24,0,81,0,1,28,2,31,8,50,52,2,112,10,0,10,122
08/15/2014,ROA,VA,AEA,EN,Combined TRACON& Tower with Radar,7,49,33,4,93,0,1,40,6,47,7,50,73,10,140,12,0,12,152
08/16/2014,ROA,VA,AEA,EN,Combined TRACON& Tower with Radar,5,50,22,2,79,0,2,36,4,42,5,52,58,6,121,5,0,5,126
08/17/2014,ROA,VA,AEA,EN,Combined TRACON& Tower with Radar,4,47,15,0,66,0,2,21,0,23,4,49,36,0,89,10,0,10,99
08/18/2014,ROA,VA,AEA,EN,Combined TRACON& Tower with Radar,6,60,31,0,97,0,1,3,0,4,6,61,34,0,101,4,0,4,105
08/19/2014,ROA,VA,AEA,EN,Combined TRACON& Tower with Radar,6,50,31,0,87,0,1,6,0,7,6,51,37,0,94,0,0,0,94
08/20/2014,ROA,VA,AEA,EN,Combined TRACON& Tower with Radar,5,49,31,2,87,0,1,20,1,22,5,50,51,3,109,4,0,4,113
08/21/2014,ROA,VA,AEA,EN,Combined TRACON& Tower with Radar,11,51,34,0,96,0,4,26,0,30,11,55,60,0,126,21,0,21,147
08/22/2014,ROA,VA,AEA,EN,Combined TRACON& Tower with Radar,7,51,21,0,79,0,3,2,0,5,7,54,23,0,84,4,0,4,88
08/23/2014,ROA,VA,AEA,EN,Combined TRACON& Tower with Radar,3,42,11,1,57,0,4,10,0,14,3,46,21,1,71,28,0,28,99
08/24/2014,ROA,VA,AEA,EN,Combined TRACON& Tower with Radar,4,41,22,2,69,0,2,5,0,7,4,43,27,2,76,0,0,0,76
08/25/2014,ROA,VA,AEA,EN,Combined TRACON& Tower with Radar,4,47,11,2,64,0,5,26,1,32,4,52,37,3,96,5,0,5,101
08/26/2014,ROA,VA,AEA,EN,Combined TRACON& Tower with Radar,6,48,24,0,78,0,2,43,0,45,6,50,67,0,123,10,0,10,133
08/27/2014,ROA,VA,AEA,EN,Combined TRACON& Tower with Radar,7,44,31,14,96,0,1,28,2,31,7,45,59,16,127,4,8,12,139
08/28/2014,ROA,VA,AEA,EN,Combined TRACON& Tower with Radar,10,42,27,7,86,0,1,36,2,39,10,43,63,9,125,13,0,13,138
08/29/2014,ROA,VA,AEA,EN,Combined TRACON& Tower with Radar,7,46,28,0,81,0,0,20,0,20,7,46,48,0,101,19,0,19,120
08/30/2014,ROA,VA,AEA,EN,Combined TRACON& Tower with Radar,3,35,17,0,55,0,2,9,0,11,3,37,26,0,66,0,0,0,66
08/31/2014,ROA,VA,AEA,EN,Combined TRACON& Tower with Radar,6,33,6,0,45,0,4,7,0,11,6,37,13,0,56,3,0,3,59
09/01/2014,ROA,VA,AEA,EN,Combined TRACON& Tower with Radar,2,40,15,0,57,0,4,25,0,29,2,44,40,0,86,3,0,3,89
09/02/2014,ROA,VA,AEA,EN,Combined TRACON& Tower with Radar,6,42,16,3,67,0,0,18,0,18,6,42,34,3,85,8,0,8,93
09/03/2014,ROA,VA,AEA,EN,Combined TRACON& Tower with Radar,8,43,26,4,81,0,0,16,2,18,8,43,42,6,99,9,0,9,108
09/04/2014,ROA,VA,AEA,EN,Combined TRACON& Tower with Radar,10,39,66,2,117,0,1,16,1,18,10,40,82,3,135,20,0,20,155
09/05/2014,ROA,VA,AEA,EN,Combined TRACON& Tower with Radar,11,41,64,8,124,0,2,64,0,66,11,43,128,8,190,34,5,39,229
09/06/2014,ROA,VA,AEA,EN,Combined TRACON& Tower with Radar,5,37,37,0,79,0,4,54,0,58,5,41,91,0,137,30,0,30,167
09/07/2014,ROA,VA,AEA,EN,Combined TRACON& Tower with Radar,8,46,41,0,95,0,3,32,0,35,8,49,73,0,130,13,0,13,143
09/08/2014,ROA,VA,AEA,EN,Combined TRACON& Tower with Radar,6,44,14,1,65,0,2,10,1,13,6,46,24,2,78,0,0,0,78
09/09/2014,ROA,VA,AEA,EN,Combined TRACON& Tower with Radar,8,41,20,7,76,0,2,14,0,16,8,43,34,7,92,2,0,2,94
09/10/2014,ROA,VA,AEA,EN,Combined TRACON& Tower with Radar,12,44,25,0,81,0,4,10,0,14,12,48,35,0,95,0,0,0,95
09/11/2014,ROA,VA,AEA,EN,Combined TRACON& Tower with Radar,10,46,11,0,67,0,2,19,0,21,10,48,30,0,88,0,0,0,88
09/12/2014,ROA,VA,AEA,EN,Combined TRACON& Tower with Radar,5,41,34,2,82,0,1,0,0,1,5,42,34,2,83,0,0,0,83
09/13/2014,ROA,VA,AEA,EN,Combined TRACON& Tower with Radar,7,33,19,0,59,0,3,1,2,6,7,36,20,2,65,0,0,0,65
09/14/2014,ROA,VA,AEA,EN,Combined TRACON& Tower with Radar,6,45,14,3,68,0,1,16,0,17,6,46,30,3,85,0,0,0,85
09/15/2014,ROA,VA,AEA,EN,Combined TRACON& Tower with Radar,6,50,37,4,97,0,0,19,0,19,6,50,56,4,116,20,0,20,136
09/16/2014,ROA,VA,AEA,EN,Combined TRACON& Tower with Radar,9,49,24,2,84,0,1,20,1,22,9,50,44,3,106,41,0,41,147
09/17/2014,ROA,VA,AEA,EN,Combined TRACON& Tower with Radar,10,48,35,1,94,0,3,32,3,38,10,51,67,4,132,10,0,10,142
09/18/2014,ROA,VA,AEA,EN,Combined TRACON& Tower with Radar,10,45,15,3,73,0,2,19,1,22,10,47,34,4,95,30,0,30,125
09/19/2014,ROA,VA,AEA,EN,Combined TRACON& Tower with Radar,15,46,38,8,107,0,4,11,0,15,15,50,49,8,122,0,0,0,122
09/20/2014,ROA,VA,AEA,EN,Combined TRACON& Tower with Radar,7,36,18,0,61,0,3,47,1,51,7,39,65,1,112,26,0,26,138
09/21/2014,ROA,VA,AEA,EN,Combined TRACON& Tower with Radar,5,51,24,10,90,0,1,27,0,28,5,52,51,10,118,9,0,9,127
09/22/2014,ROA,VA,AEA,EN,Combined TRACON& Tower with Radar,7,49,17,5,78,0,1,27,1,29,7,50,44,6,107,0,0,0,107
09/23/2014,ROA,VA,AEA,EN,Combined TRACON& Tower with Radar,10,47,15,6,78,0,2,61,2,65,10,49,76,8,143,32,0,32,175
09/24/2014,ROA,VA,AEA,EN,Combined TRACON& Tower with Radar,8,45,20,3,76,0,0,9,0,9,8,45,29,3,85,20,0,20,105
09/25/2014,ROA,VA,AEA,EN,Combined TRACON& Tower with Radar,10,50,19,2,81,0,1,25,0,26,10,51,44,2,107,36,0,36,143
09/26/2014,ROA,VA,AEA,EN,Combined TRACON& Tower with Radar,10,48,35,12,105,0,4,26,2,32,10,52,61,14,137,20,0,20,157
09/27/2014,ROA,VA,AEA,EN,Combined TRACON& Tower with Radar,7,33,26,0,66,0,2,34,1,37,7,35,60,1,103,8,0,8,111
09/28/2014,ROA,VA,AEA,EN,Combined TRACON& Tower with Radar,4,43,21,0,68,0,4,29,0,33,4,47,50,0,101,15,0,15,116
09/29/2014,ROA,VA,AEA,EN,Combined TRACON& Tower with Radar,6,41,33,4,84,0,3,13,4,20,6,44,46,8,104,13,0,13,117
09/30/2014,ROA,VA,AEA,EN,Combined TRACON& Tower with Radar,10,44,24,2,80,0,0,25,0,25,10,44,49,2,105,6,0,6,111
10/01/2014,ROA,VA,AEA,EN,Combined TRACON& Tower with Radar,8,44,22,1,75,0,0,32,2,34,8,44,54,3,109,5,0,5,114
10/02/2014,ROA,VA,AEA,EN,Combined TRACON& Tower with Radar,10,49,34,0,93,0,1,22,0,23,10,50,56,0,116,14,0,14,130
10/03/2014,ROA,VA,AEA,EN,Combined TRACON& Tower with Radar,11,49,33,2,95,0,0,7,1,8,11,49,40,3,103,3,0,3,106
10/04/2014,ROA,VA,AEA,EN,Combined TRACON& Tower with Radar,2,44,19,7,72,0,0,21,0,21,2,44,40,7,93,0,4,4,97
10/05/2014,ROA,VA,AEA,EN,Combined TRACON& Tower with Radar,5,54,18,2,79,0,2,25,1,28,5,56,43,3,107,0,7,7,114
10/06/2014,ROA,VA,AEA,EN,Combined TRACON& Tower with Radar,5,47,14,3,69,0,3,31,0,34,5,50,45,3,103,7,0,7,110
10/07/2014,ROA,VA,AEA,EN,Combined TRACON& Tower with Radar,6,57,33,0,96,0,1,14,0,15,6,58,47,0,111,6,0,6,117
10/08/2014,ROA,VA,AEA,EN,Combined TRACON& Tower with Radar,8,54,35,4,101,0,0,17,0,17,8,54,52,4,118,0,0,0,118
10/09/2014,ROA,VA,AEA,EN,Combined TRACON& Tower with Radar,7,53,36,0,96,0,1,47,2,50,7,54,83,2,146,7,0,7,153
10/10/2014,ROA,VA,AEA,EN,Combined TRACON& Tower with Radar,7,49,27,2,85,0,1,4,0,5,7,50,31,2,90,0,0,0,90
10/11/2014,ROA,VA,AEA,EN,Combined TRACON& Tower with Radar,2,42,16,0,60,0,0,0,0,0,2,42,16,0,60,0,0,0,60
10/12/2014,ROA,VA,AEA,EN,Combined TRACON& Tower with Radar,3,42,30,1,76,0,0,0,0,0,3,42,30,1,76,0,0,0,76
10/13/2014,ROA,VA,AEA,EN,Combined TRACON& Tower with Radar,5,46,36,4,91,0,0,1,0,1,5,46,37,4,92,0,0,0,92
10/14/2014,ROA,VA,AEA,EN,Combined TRACON& Tower with Radar,7,47,16,0,70,0,0,3,0,3,7,47,19,0,73,0,0,0,73
10/15/2014,ROA,VA,AEA,EN,Combined TRACON& Tower with Radar,7,53,31,0,91,0,0,10,0,10,7,53,41,0,101,23,0,23,124
10/16/2014,ROA,VA,AEA,EN,Combined TRACON& Tower with Radar,9,52,33,4,98,0,2,21,0,23,9,54,54,4,121,21,2,23,144
10/17/2014,ROA,VA,AEA,EN,Combined TRACON& Tower with Radar,11,54,52,23,140,0,1,49,1,51,11,55,101,24,191,20,0,20,211
10/18/2014,ROA,VA,AEA,EN,Combined TRACON& Tower with Radar,3,45,15,2,65,0,0,17,1,18,3,45,32,3,83,0,0,0,83
10/19/2014,ROA,VA,AEA,EN,Combined TRACON& Tower with Radar,4,45,28,5,82,0,1,17,2,20,4,46,45,7,102,0,2,2,104
10/20/2014,ROA,VA,AEA,EN,Combined TRACON& Tower with Radar,6,49,32,2,89,0,1,30,0,31,6,50,62,2,120,8,0,8,128
10/21/2014,ROA,VA,AEA,EN,Combined TRACON& Tower with Radar,6,55,19,0,80,0,1,20,0,21,6,56,39,0,101,0,0,0,101
10/22/2014,ROA,VA,AEA,EN,Combined TRACON& Tower with Radar,8,48,35,8,99,0,0,4,1,5,8,48,39,9,104,0,0,0,104
10/23/2014,ROA,VA,AEA,EN,Combined TRACON& Tower with Radar,11,53,23,0,87,0,0,16,1,17,11,53,39,1,104,1,0,1,105
10/24/2014,ROA,VA,AEA,EN,Combined TRACON& Tower with Radar,12,61,41,3,117,0,0,43,1,44,12,61,84,4,161,24,0,24,185
10/25/2014,ROA,VA,AEA,EN,Combined TRACON& Tower with Radar,3,52,31,1,87,0,6,33,0,39,3,58,64,1,126,5,0,5,131
10/26/2014,ROA,VA,AEA,EN,Combined TRACON& Tower with Radar,4,52,16,2,74,0,1,40,0,41,4,53,56,2,115,4,0,4,119
10/27/2014,ROA,VA,AEA,EN,Combined TRACON& Tower with Radar,8,50,29,3,90,0,0,37,1,38,8,50,66,4,128,10,0,10,138
10/28/2014,ROA,VA,AEA,EN,Combined TRACON& Tower with Radar,8,55,32,2,97,0,0,54,0,54,8,55,86,2,151,33,0,33,184
10/29/2014,ROA,VA,AEA,EN,Combined TRACON& Tower with Radar,6,44,30,0,80,0,2,13,1,16,6,46,43,1,96,10,0,10,106
10/30/2014,ROA,VA,AEA,EN,Combined TRACON& Tower with Radar,13,46,19,0,78,0,0,40,0,40,13,46,59,0,118,10,0,10,128
10/31/2014,ROA,VA,AEA,EN,Combined TRACON& Tower with Radar,11,39,22,1,73,0,1,4,4,9,11,40,26,5,82,11,0,11,93
11/01/2014,ROA,VA,AEA,EN,Combined TRACON& Tower with Radar,5,43,8,0,56,0,0,0,0,0,5,43,8,0,56,0,0,0,56
11/02/2014,ROA,VA,AEA,EN,Combined TRACON& Tower with Radar,4,43,12,0,59,0,2,7,1,10,4,45,19,1,69,0,0,0,69
11/03/2014,ROA,VA,AEA,EN,Combined TRACON& Tower with Radar,6,41,29,4,80,0,3,27,1,31,6,44,56,5,111,0,0,0,111
11/04/2014,ROA,VA,AEA,EN,Combined TRACON& Tower with Radar,6,45,30,0,81,0,1,42,0,43,6,46,72,0,124,9,0,9,133
11/05/2014,ROA,VA,AEA,EN,Combined TRACON& Tower with Radar,6,44,32,2,84,0,2,19,0,21,6,46,51,2,105,13,0,13,118
11/06/2014,ROA,VA,AEA,EN,Combined TRACON& Tower with Radar,8,45,18,8,79,0,2,1,0,3,8,47,19,8,82,9,0,9,91
11/07/2014,ROA,VA,AEA,EN,Combined TRACON& Tower with Radar,13,41,38,0,92,0,1,2,0,3,13,42,40,0,95,0,0,0,95
11/08/2014,ROA,VA,AEA,EN,Combined TRACON& Tower with Radar,3,34,14,0,51,0,4,23,0,27,3,38,37,0,78,25,0,25,103
11/09/2014,ROA,VA,AEA,EN,Combined TRACON& Tower with Radar,4,37,15,0,56,0,1,28,3,32,4,38,43,3,88,39,0,39,127
11/10/2014,ROA,VA,AEA,EN,Combined TRACON& Tower with Radar,6,42,27,0,75,0,2,39,1,42,6,44,66,1,117,14,0,14,131
11/11/2014,ROA,VA,AEA,EN,Combined TRACON& Tower with Radar,8,48,35,0,91,0,1,31,2,34,8,49,66,2,125,24,0,24,149
11/12/2014,ROA,VA,AEA,EN,Combined TRACON& Tower with Radar,6,48,36,12,102,0,0,25,0,25,6,48,61,12,127,3,0,3,130
11/13/2014,ROA,VA,AEA,EN,Combined TRACON& Tower with Radar,8,48,30,1,87,0,0,2,0,2,8,48,32,1,89,8,0,8,97
11/14/2014,ROA,VA,AEA,EN,Combined TRACON& Tower with Radar,7,43,35,4,89,0,0,12,0,12,7,43,47,4,101,0,0,0,101
11/15/2014,ROA,VA,AEA,EN,Combined TRACON& Tower with Radar,6,36,8,0,50,0,0,20,0,20,6,36,28,0,70,29,0,29,99
11/16/2014,ROA,VA,AEA,EN,Combined TRACON& Tower with Radar,4,45,24,0,73,0,1,14,1,16,4,46,38,1,89,13,0,13,102
11/17/2014,ROA,VA,AEA,EN,Combined TRACON& Tower with Radar,7,53,24,0,84,0,1,0,0,1,7,54,24,0,85,0,0,0,85
11/18/2014,ROA,VA,AEA,EN,Combined TRACON& Tower with Radar,6,48,21,4,79,0,1,5,0,6,6,49,26,4,85,0,0,0,85
11/19/2014,ROA,VA,AEA,EN,Combined TRACON& Tower with Radar,8,42,23,2,75,0,0,19,2,21,8,42,42,4,96,7,0,7,103
11/20/2014,ROA,VA,AEA,EN,Combined TRACON& Tower with Radar,13,54,27,2,96,0,4,17,0,21,13,58,44,2,117,12,0,12,129
11/21/2014,ROA,VA,AEA,EN,Combined TRACON& Tower with Radar,7,54,25,8,94,0,4,22,2,28,7,58,47,10,122,22,0,22,144
11/22/2014,ROA,VA,AEA,EN,Combined TRACON& Tower with Radar,4,37,19,0,60,0,4,33,3,40,4,41,52,3,100,40,0,40,140
11/23/2014,ROA,VA,AEA,EN,Combined TRACON& Tower with Radar,7,46,11,0,64,0,0,2,0,2,7,46,13,0,66,0,0,0,66
11/24/2014,ROA,VA,AEA,EN,Combined TRACON& Tower with Radar,9,37,26,2,74,0,1,4,0,5,9,38,30,2,79,16,0,16,95
11/25/2014,ROA,VA,AEA,EN,Combined TRACON& Tower with Radar,10,40,32,5,87,0,3,29,0,32,10,43,61,5,119,26,0,26,145
11/26/2014,ROA,VA,AEA,EN,Combined TRACON& Tower with Radar,10,44,14,2,70,0,0,1,0,1,10,44,15,2,71,0,0,0,71
11/27/2014,ROA,VA,AEA,EN,Combined TRACON& Tower with Radar,2,27,0,0,29,0,0,2,0,2,2,27,2,0,31,0,0,0,31
11/28/2014,ROA,VA,AEA,EN,Combined TRACON& Tower with Radar,8,23,10,0,41,0,1,11,1,13,8,24,21,1,54,5,0,5,59
11/29/2014,ROA,VA,AEA,EN,Combined TRACON& Tower with Radar,6,38,13,0,57,0,1,21,0,22,6,39,34,0,79,25,0,25,104
11/30/2014,ROA,VA,AEA,EN,Combined TRACON& Tower with Radar,4,50,30,0,84,0,8,15,0,23,4,58,45,0,107,11,0,11,118
12/01/2014,ROA,VA,AEA,EN,Combined TRACON& Tower with Radar,6,52,21,0,79,0,1,9,0,10,6,53,30,0,89,18,0,18,107
12/02/2014,ROA,VA,AEA,EN,Combined TRACON& Tower with Radar,12,38,16,0,66,0,0,0,0,0,12,38,16,0,66,0,0,0,66
12/03/2014,ROA,VA,AEA,EN,Combined TRACON& Tower with Radar,11,33,21,3,68,0,1,1,0,2,11,34,22,3,70,0,0,0,70
12/04/2014,ROA,VA,AEA,EN,Combined TRACON& Tower with Radar,12,44,15,2,73,0,1,9,0,10,12,45,24,2,83,7,0,7,90
12/05/2014,ROA,VA,AEA,EN,Combined TRACON& Tower with Radar,10,41,20,6,77,0,0,0,0,0,10,41,20,6,77,0,6,6,83
12/06/2014,ROA,VA,AEA,EN,Combined TRACON& Tower with Radar,4,25,11,0,40,0,0,0,0,0,4,25,11,0,40,0,0,0,40
12/07/2014,ROA,VA,AEA,EN,Combined TRACON& Tower with Radar,8,36,10,2,56,0,4,13,1,18,8,40,23,3,74,38,0,38,112
12/08/2014,ROA,VA,AEA,EN,Combined TRACON& Tower with Radar,10,42,25,0,77,0,5,2,0,7,10,47,27,0,84,22,0,22,106
12/09/2014,ROA,VA,AEA,EN,Combined TRACON& Tower with Radar,8,35,18,5,66,0,0,10,0,10,8,35,28,5,76,16,0,16,92
12/10/2014,ROA,VA,AEA,EN,Combined TRACON& Tower with Radar,12,43,22,3,80,0,4,6,0,10,12,47,28,3,90,9,0,9,99
12/11/2014,ROA,VA,AEA,EN,Combined TRACON& Tower with Radar,9,45,32,14,100,0,2,16,1,19,9,47,48,15,119,0,0,0,119
12/12/2014,ROA,VA,AEA,EN,Combined TRACON& Tower with Radar,12,37,18,1,68,0,5,25,0,30,12,42,43,1,98,8,0,8,106
12/13/2014,ROA,VA,AEA,EN,Combined TRACON& Tower with Radar,8,30,16,1,55,0,3,30,0,33,8,33,46,1,88,63,0,63,151
12/14/2014,ROA,VA,AEA,EN,Combined TRACON& Tower with Radar,6,34,15,0,55,0,2,15,5,22,6,36,30,5,77,17,0,17,94
12/15/2014,ROA,VA,AEA,EN,Combined TRACON& Tower with Radar,8,39,38,3,88,0,0,21,4,25,8,39,59,7,113,12,0,12,125
12/16/2014,ROA,VA,AEA,EN,Combined TRACON& Tower with Radar,12,42,31,2,87,0,1,8,1,10,12,43,39,3,97,9,0,9,106
12/17/2014,ROA,VA,AEA,EN,Combined TRACON& Tower with Radar,12,40,22,5,79,0,1,20,0,21,12,41,42,5,100,5,0,5,105
12/18/2014,ROA,VA,AEA,EN,Combined TRACON& Tower with Radar,14,32,34,0,80,0,0,20,0,20,14,32,54,0,100,7,0,7,107
12/19/2014,ROA,VA,AEA,EN,Combined TRACON& Tower with Radar,17,39,19,0,75,0,2,29,0,31,17,41,48,0,106,16,0,16,122
12/20/2014,ROA,VA,AEA,EN,Combined TRACON& Tower with Radar,8,35,10,0,53,0,0,4,0,4,8,35,14,0,57,7,0,7,64
12/21/2014,ROA,VA,AEA,EN,Combined TRACON& Tower with Radar,12,34,14,0,60,0,1,17,0,18,12,35,31,0,78,18,0,18,96
12/22/2014,ROA,VA,AEA,EN,Combined TRACON& Tower with Radar,14,31,2,0,47,0,0,0,0,0,14,31,2,0,47,0,0,0,47
12/23/2014,ROA,VA,AEA,EN,Combined TRACON& Tower with Radar,8,25,11,0,44,0,0,0,0,0,8,25,11,0,44,0,0,0,44
12/24/2014,ROA,VA,AEA,EN,Combined TRACON& Tower with Radar,14,36,4,0,54,0,0,0,0,0,14,36,4,0,54,0,0,0,54
12/25/2014,ROA,VA,AEA,EN,Combined TRACON& Tower with Radar,4,27,2,0,33,0,1,6,0,7,4,28,8,0,40,0,0,0,40
12/26/2014,ROA,VA,AEA,EN,Combined TRACON& Tower with Radar,8,38,13,0,59,0,1,43,2,46,8,39,56,2,105,22,0,22,127
12/27/2014,ROA,VA,AEA,EN,Combined TRACON& Tower with Radar,6,44,9,2,61,0,3,28,0,31,6,47,37,2,92,10,0,10,102
12/28/2014,ROA,VA,AEA,EN,Combined TRACON& Tower with Radar,6,40,9,0,55,0,2,1,0,3,6,42,10,0,58,0,0,0,58
12/29/2014,ROA,VA,AEA,EN,Combined TRACON& Tower with Radar,4,38,7,1,50,0,0,0,0,0,4,38,7,1,50,0,0,0,50
12/30/2014,ROA,VA,AEA,EN,Combined TRACON& Tower with Radar,15,32,5,6,58,0,0,2,0,2,15,32,7,6,60,14,0,14,74
12/31/2014,ROA,VA,AEA,EN,Combined TRACON& Tower with Radar,9,33,16,0,58,0,1,28,0,29,9,34,44,0,87,12,0,12,99
01/01/2015,ROA,VA,AEA,EN,Combined TRACON& Tower with Radar,1,26,16,0,43,0,3,17,1,21,1,29,33,1,64,0,0,0,64
01/02/2015,ROA,VA,AEA,EN,Combined TRACON& Tower with Radar,13,34,13,0,60,0,0,6,0,6,13,34,19,0,66,52,0,52,118
01/03/2015,ROA,VA,AEA,EN,Combined TRACON& Tower with Radar,7,35,8,0,50,0,0,0,0,0,7,35,8,0,50,0,0,0,50
01/04/2015,ROA,VA,AEA,EN,Combined TRACON& Tower with Radar,7,32,11,0,50,0,1,2,0,3,7,33,13,0,53,0,0,0,53
01/05/2015,ROA,VA,AEA,EN,Combined TRACON& Tower with Radar,4,37,9,0,50,0,0,9,1,10,4,37,18,1,60,0,0,0,60
01/06/2015,ROA,VA,AEA,EN,Combined TRACON& Tower with Radar,6,38,14,1,59,0,0,22,1,23,6,38,36,2,82,9,0,9,91
01/07/2015,ROA,VA,AEA,EN,Combined TRACON& Tower with Radar,6,41,17,0,64,0,1,0,0,1,6,42,17,0,65,0,0,0,65
01/08/2015,ROA,VA,AEA,EN,Combined TRACON& Tower with Radar,8,41,16,0,65,0,2,22,1,25,8,43,38,1,90,3,0,3,93
01/09/2015,ROA,VA,AEA,EN,Combined TRACON& Tower with Radar,8,45,18,0,71,0,3,13,0,16,8,48,31,0,87,0,0,0,87
01/10/2015,ROA,VA,AEA,EN,Combined TRACON& Tower with Radar,3,33,12,0,48,0,1,22,0,23,3,34,34,0,71,40,0,40,111
01/11/2015,ROA,VA,AEA,EN,Combined TRACON& Tower with Radar,3,31,12,0,46,0,4,31,1,36,3,35,43,1,82,9,0,9,91
01/12/2015,ROA,VA,AEA,EN,Combined TRACON& Tower with Radar,5,43,15,0,63,0,0,0,0,0,5,43,15,0,63,0,0,0,63
01/13/2015,ROA,VA,AEA,EN,Combined TRACON& Tower with Radar,7,35,17,8,67,0,0,0,0,0,7,35,17,8,67,0,0,0,67
01/14/2015,ROA,VA,AEA,EN,Combined TRACON& Tower with Radar,6,35,13,0,54,0,0,0,0,0,6,35,13,0,54,0,0,0,54
01/15/2015,ROA,VA,AEA,EN,Combined TRACON& Tower with Radar,8,40,20,10,78,0,0,22,0,22,8,40,42,10,100,9,9,18,118
01/16/2015,ROA,VA,AEA,EN,Combined TRACON& Tower with Radar,8,40,17,0,65,0,2,20,1,23,8,42,37,1,88,0,0,0,88
01/17/2015,ROA,VA,AEA,EN,Combined TRACON& Tower with Radar,3,41,5,0,49,0,2,40,4,46,3,43,45,4,95,45,0,45,140
01/18/2015,ROA,VA,AEA,EN,Combined TRACON& Tower with Radar,3,34,9,0,46,0,2,19,1,22,3,36,28,1,68,12,0,12,80
01/19/2015,ROA,VA,AEA,EN,Combined TRACON& Tower with Radar,6,39,16,0,61,0,4,20,0,24,6,43,36,0,85,8,0,8,93
01/20/2015,ROA,VA,AEA,EN,Combined TRACON& Tower with Radar,6,39,26,0,71,0,1,38,3,42,6,40,64,3,113,20,0,20,133
01/21/2015,ROA,VA,AEA,EN,Combined TRACON& Tower with Radar,6,44,18,3,71,0,3,23,1,27,6,47,41,4,98,36,0,36,134
01/22/2015,ROA,VA,AEA,EN,Combined TRACON& Tower with Radar,8,39,21,9,77,0,0,23,1,24,8,39,44,10,101,43,0,43,144
01/23/2015,ROA,VA,AEA,EN,Combined TRACON& Tower with Radar,8,35,8,6,57,0,1,7,0,8,8,36,15,6,65,32,15,47,112
01/24/2015,ROA,VA,AEA,EN,Combined TRACON& Tower with Radar,3,31,1,0,35,0,0,7,0,7,3,31,8,0,42,0,0,0,42
01/25/2015,ROA,VA,AEA,EN,Combined TRACON& Tower with Radar,3,33,9,0,45,0,0,32,0,32,3,33,41,0,77,10,0,10,87
01/26/2015,ROA,VA,AEA,EN,Combined TRACON& Tower with Radar,6,33,13,0,52,0,0,0,0,0,6,33,13,0,52,138,0,138,190
01/27/2015,ROA,VA,AEA,EN,Combined TRACON& Tower with Radar,5,38,20,2,65,0,1,18,6,25,5,39,38,8,90,186,0,186,276
01/28/2015,ROA,VA,AEA,EN,Combined TRACON& Tower with Radar,6,38,31,1,76,0,1,36,6,43,6,39,67,7,119,192,0,192,311
01/29/2015,ROA,VA,AEA,EN,Combined TRACON& Tower with Radar,8,48,14,1,71,0,3,23,7,33,8,51,37,8,104,154,0,154,258
01/30/2015,ROA,VA,AEA,EN,Combined TRACON& Tower with Radar,7,42,20,12,81,0,2,11,2,15,7,44,31,14,96,40,0,40,136
01/31/2015,ROA,VA,AEA,EN,Combined TRACON& Tower with Radar,4,38,18,2,62,0,5,22,2,29,4,43,40,4,91,90,0,90,181
02/01/2015,ROA,VA,AEA,EN,Combined TRACON& Tower with Radar,5,26,3,0,34,0,2,9,0,11,5,28,12,0,45,24,0,24,69
02/02/2015,ROA,VA,AEA,EN,Combined TRACON& Tower with Radar,6,35,17,0,58,0,1,0,0,1,6,36,17,0,59,0,0,0,59
02/03/2015,ROA,VA,AEA,EN,Combined TRACON& Tower with Radar,6,38,18,0,62,0,2,19,3,24,6,40,37,3,86,57,0,57,143
02/04/2015,ROA,VA,AEA,EN,Combined TRACON& Tower with Radar,6,42,25,0,73,0,3,34,2,39,6,45,59,2,112,34,0,34,146
02/05/2015,ROA,VA,AEA,EN,Combined TRACON& Tower with Radar,8,39,23,4,74,0,1,17,3,21,8,40,40,7,95,0,0,0,95
02/06/2015,ROA,VA,AEA,EN,Combined TRACON& Tower with Radar,8,53,32,2,95,0,1,28,0,29,8,54,60,2,124,34,0,34,158
02/07/2015,ROA,VA,AEA,EN,Combined TRACON& Tower with Radar,7,44,14,6,71,0,3,37,3,43,7,47,51,9,114,68,12,80,194
02/08/2015,ROA,VA,AEA,EN,Combined TRACON& Tower with Radar,5,37,16,1,59,0,1,15,1,17,5,38,31,2,76,29,0,29,105
02/09/2015,ROA,VA,AEA,EN,Combined TRACON& Tower with Radar,8,35,15,0,58,0,1,5,0,6,8,36,20,0,64,48,0,48,112
02/10/2015,ROA,VA,AEA,EN,Combined TRACON& Tower with Radar,6,38,13,0,57,0,0,5,0,5,6,38,18,0,62,40,0,40,102
02/11/2015,ROA,VA,AEA,EN,Combined TRACON& Tower with Radar,8,42,29,10,89,0,0,34,4,38,8,42,63,14,127,28,0,28,155
02/12/2015,ROA,VA,AEA,EN,Combined TRACON& Tower with Radar,8,42,13,0,63,0,3,0,0,3,8,45,13,0,66,0,0,0,66
02/13/2015,ROA,VA,AEA,EN,Combined TRACON& Tower with Radar,9,42,21,0,72,0,0,29,1,30,9,42,50,1,102,40,0,40,142
02/14/2015,ROA,VA,AEA,EN,Combined TRACON& Tower with Radar,4,27,9,0,40,0,0,4,0,4,4,27,13,0,44,14,0,14,58
02/15/2015,ROA,VA,AEA,EN,Combined TRACON& Tower with Radar,5,38,5,0,48,0,1,4,1,6,5,39,9,1,54,0,0,0,54
02/16/2015,ROA,VA,AEA,EN,Combined TRACON& Tower with Radar,3,18,2,1,24,0,0,3,0,3,3,18,5,1,27,0,0,0,27
02/17/2015,ROA,VA,AEA,EN,Combined TRACON& Tower with Radar,5,32,12,0,49,0,2,5,0,7,5,34,17,0,56,14,0,14,70
02/18/2015,ROA,VA,AEA,EN,Combined TRACON& Tower with Radar,10,41,20,0,71,0,0,10,1,11,10,41,30,1,82,0,0,0,82
02/19/2015,ROA,VA,AEA,EN,Combined TRACON& Tower with Radar,10,51,18,2,81,0,2,6,1,9,10,53,24,3,90,0,0,0,90
02/20/2015,ROA,VA,AEA,EN,Combined TRACON& Tower with Radar,8,47,17,0,72,0,1,14,0,15,8,48,31,0,87,24,0,24,111
02/21/2015,ROA,VA,AEA,EN,Combined TRACON& Tower with Radar,3,4,0,0,7,0,0,0,0,0,3,4,0,0,7,0,0,0,7
02/22/2015,ROA,VA,AEA,EN,Combined TRACON& Tower with Radar,3,38,16,0,57,0,0,6,0,6,3,38,22,0,63,0,0,0,63
02/23/2015,ROA,VA,AEA,EN,Combined TRACON& Tower with Radar,6,39,22,0,67,0,1,23,0,24,6,40,45,0,91,16,0,16,107
02/24/2015,ROA,VA,AEA,EN,Combined TRACON& Tower with Radar,8,44,24,3,79,0,1,3,2,6,8,45,27,5,85,62,14,76,161
02/25/2015,ROA,VA,AEA,EN,Combined TRACON& Tower with Radar,8,46,20,0,74,0,1,23,0,24,8,47,43,0,98,6,0,6,104
02/26/2015,ROA,VA,AEA,EN,Combined TRACON& Tower with Radar,8,41,16,0,65,0,0,0,1,1,8,41,16,1,66,20,0,20,86
02/27/2015,ROA,VA,AEA,EN,Combined TRACON& Tower with Radar,9,49,14,6,78,0,0,20,8,28,9,49,34,14,106,10,0,10,116
02/28/2015,ROA,VA,AEA,EN,Combined TRACON& Tower with Radar,6,37,22,0,65,0,6,14,2,22,6,43,36,2,87,42,0,42,129
03/01/2015,ROA,VA,AEA,EN,Combined TRACON& Tower with Radar,3,41,14,0,58,0,2,2,0,4,3,43,16,0,62,0,0,0,62
03/02/2015,ROA,VA,AEA,EN,Combined TRACON& Tower with Radar,6,46,19,2,73,0,0,14,3,17,6,46,33,5,90,77,0,77,167
03/03/2015,ROA,VA,AEA,EN,Combined TRACON& Tower with Radar,6,45,9,0,60,0,0,3,0,3,6,45,12,0,63,10,0,10,73
03/04/2015,ROA,VA,AEA,EN,Combined TRACON& Tower with Radar,5,47,22,0,74,0,1,2,0,3,5,48,24,0,77,12,0,12,89
03/05/2015,ROA,VA,AEA,EN,Combined TRACON& Tower with Radar,6,32,7,0,45,0,0,0,0,0,6,32,7,0,45,0,0,0,45
03/06/2015,ROA,VA,AEA,EN,Combined TRACON& Tower with Radar,7,51,27,0,85,0,2,29,3,34,7,53,56,3,119,70,0,70,189
03/07/2015,ROA,VA,AEA,EN,Combined TRACON& Tower with Radar,4,41,18,0,63,0,6,38,0,44,4,47,56,0,107,67,0,67,174
03/08/2015,ROA,VA,AEA,EN,Combined TRACON& Tower with Radar,4,45,37,0,86,0,2,41,0,43,4,47,78,0,129,48,0,48,177
03/09/2015,ROA,VA,AEA,EN,Combined TRACON& Tower with Radar,7,50,23,1,81,0,4,43,10,57,7,54,66,11,138,32,0,32,170
03/10/2015,ROA,VA,AEA,EN,Combined TRACON& Tower with Radar,6,49,21,6,82,0,0,8,0,8,6,49,29,6,90,16,0,16,106
03/11/2015,ROA,VA,AEA,EN,Combined TRACON& Tower with Radar,6,48,22,16,92,0,1,2,1,4,6,49,24,17,96,26,6,32,128
03/12/2015,ROA,VA,AEA,EN,Combined TRACON& Tower with Radar,8,48,29,2,87,0,1,47,4,52,8,49,76,6,139,20,0,20,159
03/13/2015,ROA,VA,AEA,EN,Combined TRACON& Tower with Radar,9,43,16,2,70,0,0,12,1,13,9,43,28,3,83,30,0,30,113
03/14/2015,ROA,VA,AEA,EN,Combined TRACON& Tower with Radar,3,38,9,0,50,0,0,0,0,0,3,38,9,0,50,0,0,0,50
03/15/2015,ROA,VA,AEA,EN,Combined TRACON& Tower with Radar,4,43,9,0,56,0,0,11,0,11,4,43,20,0,67,0,0,0,67
03/16/2015,ROA,VA,AEA,EN,Combined TRACON& Tower with Radar,6,54,18,0,78,0,5,40,2,47,6,59,58,2,125,7,0,7,132
03/17/2015,ROA,VA,AEA,EN,Combined TRACON& Tower with Radar,6,43,13,12,74,0,1,21,0,22,6,44,34,12,96,0,9,9,105
03/18/2015,ROA,VA,AEA,EN,Combined TRACON& Tower with Radar,6,52,36,0,94,0,0,33,6,39,6,52,69,6,133,78,0,78,211
03/19/2015,ROA,VA,AEA,EN,Combined TRACON& Tower with Radar,10,47,26,0,83,0,0,10,2,12,10,47,36,2,95,65,4,69,164
03/20/2015,ROA,VA,AEA,EN,Combined TRACON& Tower with Radar,8,43,21,0,72,0,0,0,0,0,8,43,21,0,72,0,0,0,72
03/21/2015,ROA,VA,AEA,EN,Combined TRACON& Tower with Radar,4,35,24,1,64,0,1,54,3,58,4,36,78,4,122,54,0,54,176
03/22/2015,ROA,VA,AEA,EN,Combined TRACON& Tower with Radar,4,48,25,3,80,0,0,32,3,35,4,48,57,6,115,90,0,90,205
03/23/2015,ROA,VA,AEA,EN,Combined TRACON& Tower with Radar,7,40,14,0,61,0,0,24,1,25,7,40,38,1,86,40,0,40,126
03/24/2015,ROA,VA,AEA,EN,Combined TRACON& Tower with Radar,9,44,36,0,89,0,0,32,0,32,9,44,68,0,121,62,0,62,183
03/25/2015,ROA,VA,AEA,EN,Combined TRACON& Tower with Radar,8,43,23,4,78,0,0,8,0,8,8,43,31,4,86,48,0,48,134
03/26/2015,ROA,VA,AEA,EN,Combined TRACON& Tower with Radar,10,46,19,2,77,0,0,10,0,10,10,46,29,2,87,50,0,50,137
03/27/2015,ROA,VA,AEA,EN,Combined TRACON& Tower with Radar,8,42,11,4,65,0,2,3,1,6,8,44,14,5,71,16,2,18,89
03/28/2015,ROA,VA,AEA,EN,Combined TRACON& Tower with Radar,4,38,12,0,54,0,0,10,6,16,4,38,22,6,70,0,0,0,70
03/29/2015,ROA,VA,AEA,EN,Combined TRACON& Tower with Radar,6,42,9,0,57,0,0,31,0,31,6,42,40,0,88,45,0,45,133
03/30/2015,ROA,VA,AEA,EN,Combined TRACON& Tower with Radar,6,40,18,0,64,0,1,6,1,8,6,41,24,1,72,16,0,16,88
03/31/2015,ROA,VA,AEA,EN,Combined TRACON& Tower with Radar,6,45,19,0,70,0,4,19,0,23,6,49,38,0,93,0,0,0,93
04/01/2015,ROA,VA,AEA,EN,Combined TRACON& Tower with Radar,8,47,23,2,80,0,2,49,0,51,8,49,72,2,131,34,0,34,165
04/02/2015,ROA,VA,AEA,EN,Combined TRACON& Tower with Radar,8,44,27,2,81,0,0,19,1,20,8,44,46,3,101,0,0,0,101
04/03/2015,ROA,VA,AEA,EN,Combined TRACON& Tower with Radar,9,45,16,0,70,0,0,7,0,7,9,45,23,0,77,4,0,4,81
04/04/2015,ROA,VA,AEA,EN,Combined TRACON& Tower with Radar,3,36,7,0,46,0,2,5,1,8,3,38,12,1,54,0,0,0,54
04/05/2015,ROA,VA,AEA,EN,Combined TRACON& Tower with Radar,4,44,8,0,56,0,0,15,0,15,4,44,23,0,71,20,0,20,91
04/06/2015,ROA,VA,AEA,EN,Combined TRACON& Tower with Radar,8,39,21,2,70,0,0,46,6,52,8,39,67,8,122,19,0,19,141
04/07/2015,ROA,VA,AEA,EN,Combined TRACON& Tower with Radar,6,54,18,2,80,0,0,4,0,4,6,54,22,2,84,24,0,24,108
04/08/2015,ROA,VA,AEA,EN,Combined TRACON& Tower with Radar,6,45,26,4,81,0,1,23,0,24,6,46,49,4,105,2,1,3,108
04/09/2015,ROA,VA,AEA,EN,Combined TRACON& Tower with Radar,14,40,19,0,73,0,0,0,0,0,14,40,19,0,73,0,0,0,73
04/10/2015,ROA,VA,AEA,EN,Combined TRACON& Tower with Radar,15,31,10,0,56,0,0,6,2,8,15,31,16,2,64,0,0,0,64
04/11/2015,ROA,VA,AEA,EN,Combined TRACON& Tower with Radar,3,38,28,0,69,0,0,39,1,40,3,38,67,1,109,42,0,42,151
04/12/2015,ROA,VA,AEA,EN,Combined TRACON& Tower with Radar,5,43,19,3,70,0,1,28,0,29,5,44,47,3,99,66,0,66,165
04/13/2015,ROA,VA,AEA,EN,Combined TRACON& Tower with Radar,6,43,37,0,86,0,1,23,1,25,6,44,60,1,111,48,0,48,159
04/14/2015,ROA,VA,AEA,EN,Combined TRACON& Tower with Radar,8,51,23,0,82,0,0,0,0,0,8,51,23,0,82,0,0,0,82
04/15/2015,ROA,VA,AEA,EN,Combined TRACON& Tower with Radar,6,44,24,0,74,0,0,7,0,7,6,44,31,0,81,0,0,0,81
04/16/2015,ROA,VA,AEA,EN,Combined TRACON& Tower with Radar,8,46,40,0,94,0,0,4,2,6,8,46,44,2,100,12,0,12,112
04/17/2015,ROA,VA,AEA,EN,Combined TRACON& Tower with Radar,9,44,28,0,81,0,0,22,1,23,9,44,50,1,104,18,0,18,122
04/18/2015,ROA,VA,AEA,EN,Combined TRACON& Tower with Radar,3,36,16,0,55,0,0,50,2,52,3,36,66,2,107,18,0,18,125
04/19/2015,ROA,VA,AEA,EN,Combined TRACON& Tower with Radar,4,38,11,0,53,0,0,0,0,0,4,38,11,0,53,0,0,0,53
04/20/2015,ROA,VA,AEA,EN,Combined TRACON& Tower with Radar,8,41,19,0,68,0,1,5,0,6,8,42,24,0,74,16,0,16,90
04/21/2015,ROA,VA,AEA,EN,Combined TRACON& Tower with Radar,6,48,18,2,74,0,0,24,0,24,6,48,42,2,98,0,0,0,98
04/22/2015,ROA,VA,AEA,EN,Combined TRACON& Tower with Radar,6,49,19,0,74,0,0,20,0,20,6,49,39,0,94,0,0,0,94
04/23/2015,ROA,VA,AEA,EN,Combined TRACON& Tower with Radar,8,54,35,1,98,0,1,21,1,23,8,55,56,2,121,2,0,2,123
04/24/2015,ROA,VA,AEA,EN,Combined TRACON& Tower with Radar,9,43,28,0,80,0,0,37,1,38,9,43,65,1,118,14,0,14,132
04/25/2015,ROA,VA,AEA,EN,Combined TRACON& Tower with Radar,3,42,6,0,51,0,0,3,0,3,3,42,9,0,54,0,0,0,54
04/26/2015,ROA,VA,AEA,EN,Combined TRACON& Tower with Radar,4,40,19,0,63,0,3,0,0,3,4,43,19,0,66,20,0,20,86
04/27/2015,ROA,VA,AEA,EN,Combined TRACON& Tower with Radar,5,43,26,4,78,0,3,25,0,28,5,46,51,4,106,21,4,25,131
04/28/2015,ROA,VA,AEA,EN,Combined TRACON& Tower with Radar,6,47,43,0,96,0,1,61,3,65,6,48,104,3,161,100,0,100,261
04/29/2015,ROA,VA,AEA,EN,Combined TRACON& Tower with Radar,6,49,30,11,96,0,2,29,0,31,6,51,59,11,127,86,0,86,213
04/30/2015,ROA,VA,AEA,EN,Combined TRACON& Tower with Radar,8,55,27,0,90,0,1,17,0,18,8,56,44,0,108,32,0,32,140
05/01/2015,ROA,VA,AEA,EN,Combined TRACON& Tower with Radar,11,52,19,0,82,0,0,2,0,2,11,52,21,0,84,22,0,22,106
05/02/2015,ROA,VA,AEA,EN,Combined TRACON& Tower with Radar,5,37,19,0,61,0,3,39,0,42,5,40,58,0,103,27,0,27,130
05/03/2015,ROA,VA,AEA,EN,Combined TRACON& Tower with Radar,4,42,19,7,72,0,4,31,1,36,4,46,50,8,108,62,0,62,170
05/04/2015,ROA,VA,AEA,EN,Combined TRACON& Tower with Radar,8,40,27,1,76,0,2,38,3,43,8,42,65,4,119,108,0,108,227
05/05/2015,ROA,VA,AEA,EN,Combined TRACON& Tower with Radar,10,37,22,0,69,0,1,46,0,47,10,38,68,0,116,46,0,46,162
05/06/2015,ROA,VA,AEA,EN,Combined TRACON& Tower with Radar,8,42,41,8,99,0,0,25,6,31,8,42,66,14,130,55,0,55,185
05/07/2015,ROA,VA,AEA,EN,Combined TRACON& Tower with Radar,12,44,26,1,83,0,0,8,3,11,12,44,34,4,94,16,0,16,110
05/08/2015,ROA,VA,AEA,EN,Combined TRACON& Tower with Radar,11,47,37,2,97,0,1,24,1,26,11,48,61,3,123,12,0,12,135
05/09/2015,ROA,VA,AEA,EN,Combined TRACON& Tower with Radar,5,33,21,1,60,0,2,32,1,35,5,35,53,2,95,6,0,6,101
05/10/2015,ROA,VA,AEA,EN,Combined TRACON& Tower with Radar,4,39,14,3,60,0,0,9,1,10,4,39,23,4,70,4,0,4,74
05/11/2015,ROA,VA,AEA,EN,Combined TRACON& Tower with Radar,8,46,18,0,72,0,1,11,1,13,8,47,29,1,85,38,0,38,123
05/12/2015,ROA,VA,AEA,EN,Combined TRACON& Tower with Radar,6,50,26,0,82,0,0,7,0,7,6,50,33,0,89,34,0,34,123
05/13/2015,ROA,VA,AEA,EN,Combined TRACON& Tower with Radar,8,56,46,0,110,0,1,27,0,28,8,57,73,0,138,32,0,32,170
05/14/2015,ROA,VA,AEA,EN,Combined TRACON& Tower with Radar,10,40,44,3,97,0,0,53,3,56,10,40,97,6,153,38,0,38,191
05/15/2015,ROA,VA,AEA,EN,Combined TRACON& Tower with Radar,11,46,31,1,89,0,0,18,3,21,11,46,49,4,110,60,4,64,174
05/16/2015,ROA,VA,AEA,EN,Combined TRACON& Tower with Radar,5,44,13,4,66,0,0,21,0,21,5,44,34,4,87,28,0,28,115
05/17/2015,ROA,VA,AEA,EN,Combined TRACON& Tower with Radar,4,49,22,0,75,0,1,11,0,12,4,50,33,0,87,10,0,10,97
05/18/2015,ROA,VA,AEA,EN,Combined TRACON& Tower with Radar,7,48,30,4,89,0,2,10,0,12,7,50,40,4,101,58,0,58,159
05/19/2015,ROA,VA,AEA,EN,Combined TRACON& Tower with Radar,9,52,23,11,95,0,0,14,0,14,9,52,37,11,109,68,18,86,195
05/20/2015,ROA,VA,AEA,EN,Combined TRACON& Tower with Radar,8,50,39,2,99,0,3,38,0,41,8,53,77,2,140,28,0,28,168
05/21/2015,ROA,VA,AEA,EN,Combined TRACON& Tower with Radar,8,52,36,0,96,0,0,3,0,3,8,52,39,0,99,0,0,0,99
05/22/2015,ROA,VA,AEA,EN,Combined TRACON& Tower with Radar,11,49,28,0,88,0,0,41,2,43,11,49,69,2,131,16,0,16,147
05/23/2015,ROA,VA,AEA,EN,Combined TRACON& Tower with Radar,5,34,11,0,50,0,0,41,0,41,5,34,52,0,91,68,0,68,159
05/24/2015,ROA,VA,AEA,EN,Combined TRACON& Tower with Radar,5,32,16,0,53,0,0,26,0,26,5,32,42,0,79,20,0,20,99
05/25/2015,ROA,VA,AEA,EN,Combined TRACON& Tower with Radar,3,47,8,0,58,0,2,19,3,24,3,49,27,3,82,34,0,34,116
05/26/2015,ROA,VA,AEA,EN,Combined TRACON& Tower with Radar,6,48,33,0,87,0,0,18,0,18,6,48,51,0,105,60,0,60,165
05/27/2015,ROA,VA,AEA,EN,Combined TRACON& Tower with Radar,8,45,36,0,89,0,1,24,0,25,8,46,60,0,114,83,0,83,197
05/28/2015,ROA,VA,AEA,EN,Combined TRACON& Tower with Radar,10,55,35,0,100,0,0,21,0,21,10,55,56,0,121,43,0,43,164
05/29/2015,ROA,VA,AEA,EN,Combined TRACON& Tower with Radar,11,48,37,2,98,0,3,18,0,21,11,51,55,2,119,26,0,26,145
05/30/2015,ROA,VA,AEA,EN,Combined TRACON& Tower with Radar,5,38,35,0,78,0,1,33,3,37,5,39,68,3,115,18,0,18,133
05/31/2015,ROA,VA,AEA,EN,Combined TRACON& Tower with Radar,4,52,18,1,75,0,0,16,1,17,4,52,34,2,92,14,0,14,106
06/01/2015,ROA,VA,AEA,EN,Combined TRACON& Tower with Radar,9,41,18,0,68,0,0,18,0,18,9,41,36,0,86,12,0,12,98
06/02/2015,ROA,VA,AEA,EN,Combined TRACON& Tower with Radar,8,52,20,0,80,0,0,16,0,16,8,52,36,0,96,35,0,35,131
06/03/2015,ROA,VA,AEA,EN,Combined TRACON& Tower with Radar,10,40,22,0,72,0,0,2,0,2,10,40,24,0,74,0,0,0,74
06/04/2015,ROA,VA,AEA,EN,Combined TRACON& Tower with Radar,13,42,23,0,78,0,0,4,0,4,13,42,27,0,82,0,0,0,82
06/05/2015,ROA,VA,AEA,EN,Combined TRACON& Tower with Radar,12,40,37,0,89,0,0,4,0,4,12,40,41,0,93,0,0,0,93
06/06/2015,ROA,VA,AEA,EN,Combined TRACON& Tower with Radar,8,39,14,8,69,0,0,20,0,20,8,39,34,8,89,70,0,70,159
06/07/2015,ROA,VA,AEA,EN,Combined TRACON& Tower with Radar,6,43,21,5,75,0,1,8,1,10,6,44,29,6,85,28,0,28,113
06/08/2015,ROA,VA,AEA,EN,Combined TRACON& Tower with Radar,8,43,21,0,72,0,1,23,1,25,8,44,44,1,97,10,0,10,107
06/09/2015,ROA,VA,AEA,EN,Combined TRACON& Tower with Radar,7,45,22,2,76,0,1,37,0,38,7,46,59,2,114,24,0,24,138
06/10/2015,ROA,VA,AEA,EN,Combined TRACON& Tower with Radar,9,51,33,3,96,4,2,48,2,56,13,53,81,5,152,46,0,46,198
06/11/2015,ROA,VA,AEA,EN,Combined TRACON& Tower with Radar,8,50,24,0,82,0,0,37,0,37,8,50,61,0,119,0,0,0,119
06/12/2015,ROA,VA,AEA,EN,Combined TRACON& Tower with Radar,13,45,28,0,86,0,0,20,0,20,13,45,48,0,106,18,0,18,124
06/13/2015,ROA,VA,AEA,EN,Combined TRACON& Tower with Radar,5,37,12,1,55,0,0,26,2,28,5,37,38,3,83,0,0,0,83
06/14/2015,ROA,VA,AEA,EN,Combined TRACON& Tower with Radar,6,47,14,0,67,0,0,15,0,15,6,47,29,0,82,14,0,14,96
06/15/2015,ROA,VA,AEA,EN,Combined TRACON& Tower with Radar,10,46,20,0,76,0,1,33,0,34,10,47,53,0,110,50,0,50,160
06/16/2015,ROA,VA,AEA,EN,Combined TRACON& Tower with Radar,8,42,26,3,79,0,0,19,0,19,8,42,45,3,98,12,0,12,110
06/17/2015,ROA,VA,AEA,EN,Combined TRACON& Tower with Radar,8,50,31,0,89,0,0,37,3,40,8,50,68,3,129,28,0,28,157
06/18/2015,ROA,VA,AEA,EN,Combined TRACON& Tower with Radar,12,44,30,4,90,0,0,32,0,32,12,44,62,4,122,62,0,62,184
06/19/2015,ROA,VA,AEA,EN,Combined TRACON& Tower with Radar,15,53,25,12,105,0,1,13,0,14,15,54,38,12,119,25,0,25,144
06/20/2015,ROA,VA,AEA,EN,Combined TRACON& Tower with Radar,3,39,14,0,56,0,0,17,0,17,3,39,31,0,73,2,0,2,75
06/21/2015,ROA,VA,AEA,EN,Combined TRACON& Tower with Radar,6,50,10,0,66,0,0,7,0,7,6,50,17,0,73,0,0,0,73
06/22/2015,ROA,VA,AEA,EN,Combined TRACON& Tower with Radar,8,45,32,6,91,0,0,21,0,21,8,45,53,6,112,62,0,62,174
06/23/2015,ROA,VA,AEA,EN,Combined TRACON& Tower with Radar,10,49,29,10,98,0,1,21,5,27,10,50,50,15,125,28,14,42,167
06/24/2015,ROA,VA,AEA,EN,Combined TRACON& Tower with Radar,5,42,30,1,78,0,0,47,0,47,5,42,77,1,125,29,0,29,154
06/25/2015,ROA,VA,AEA,EN,Combined TRACON& Tower with Radar,11,46,41,2,100,0,1,29,2,32,11,47,70,4,132,14,0,14,146
06/26/2015,ROA,VA,AEA,EN,Combined TRACON& Tower with Radar,11,45,21,7,84,0,0,13,2,15,11,45,34,9,99,20,8,28,127
06/27/2015,ROA,VA,AEA,EN,Combined TRACON& Tower with Radar,3,36,17,0,56,0,1,4,0,5,3,37,21,0,61,0,0,0,61
06/28/2015,ROA,VA,AEA,EN,Combined TRACON& Tower with Radar,4,42,20,0,66,0,0,7,0,7,4,42,27,0,73,6,0,6,79
06/29/2015,ROA,VA,AEA,EN,Combined TRACON& Tower with Radar,8,46,23,0,77,0,0,70,1,71,8,46,93,1,148,64,0,64,212
06/30/2015,ROA,VA,AEA,EN,Combined TRACON& Tower with Radar,11,46,27,0,84,0,2,26,0,28,11,48,53,0,112,23,0,23,135
07/01/2015,ROA,VA,AEA,EN,Combined TRACON& Tower with Radar,7,47,26,2,82,0,3,18,7,28,7,50,44,9,110,40,0,40,150
07/02/2015,ROA,VA,AEA,EN,Combined TRACON& Tower with Radar,9,53,28,2,92,0,0,14,0,14,9,53,42,2,106,12,1,13,119
07/03/2015,ROA,VA,AEA,EN,Combined TRACON& Tower with Radar,10,37,9,0,56,0,0,0,0,0,10,37,9,0,56,0,0,0,56
07/04/2015,ROA,VA,AEA,EN,Combined TRACON& Tower with Radar,1,32,4,0,37,0,2,9,0,11,1,34,13,0,48,8,0,8,56
07/05/2015,ROA,VA,AEA,EN,Combined TRACON& Tower with Radar,7,44,31,2,84,0,0,3,0,3,7,44,34,2,87,0,0,0,87
07/06/2015,ROA,VA,AEA,EN,Combined TRACON& Tower with Radar,8,44,17,0,69,0,0,12,0,12,8,44,29,0,81,58,0,58,139
07/07/2015,ROA,VA,AEA,EN,Combined TRACON& Tower with Radar,8,52,25,18,103,0,0,43,3,46,8,52,68,21,149,32,20,52,201
07/08/2015,ROA,VA,AEA,EN,Combined TRACON& Tower with Radar,6,59,23,6,94,0,0,14,2,16,6,59,37,8,110,24,8,32,142
07/09/2015,ROA,VA,AEA,EN,Combined TRACON& Tower with Radar,10,52,25,0,87,0,1,23,7,31,10,53,48,7,118,36,0,36,154
07/10/2015,ROA,VA,AEA,EN,Combined TRACON& Tower with Radar,11,55,23,6,95,0,1,23,1,25,11,56,46,7,120,4,0,4,124
07/11/2015,ROA,VA,AEA,EN,Combined TRACON& Tower with Radar,2,50,15,4,71,0,0,18,2,20,2,50,33,6,91,36,8,44,135
07/12/2015,ROA,VA,AEA,EN,Combined TRACON& Tower with Radar,7,48,18,20,93,0,0,30,3,33,7,48,48,23,126,52,2,54,180
07/13/2015,ROA,VA,AEA,EN,Combined TRACON& Tower with Radar,7,48,22,1,78,0,1,11,0,12,7,49,33,1,90,34,0,34,124
07/14/2015,ROA,VA,AEA,EN,Combined TRACON& Tower with Radar,7,51,25,5,88,0,0,21,6,27,7,51,46,11,115,29,0,29,144
07/15/2015,ROA,VA,AEA,EN,Combined TRACON& Tower with Radar,7,44,28,0,79,0,0,15,4,19,7,44,43,4,98,70,0,70,168
07/16/2015,ROA,VA,AEA,EN,Combined TRACON& Tower with Radar,10,49,33,0,92,34,0,24,0,58,44,49,57,0,150,30,0,30,180
07/17/2015,ROA,VA,AEA,EN,Combined TRACON& Tower with Radar,10,46,35,4,95,0,2,19,0,21,10,48,54,4,116,34,0,34,150
07/18/2015,ROA,VA,AEA,EN,Combined TRACON& Tower with Radar,5,36,11,0,52,0,0,25,3,28,5,36,36,3,80,0,0,0,80
07/19/2015,ROA,VA,AEA,EN,Combined TRACON& Tower with Radar,7,44,19,2,72,0,0,18,0,18,7,44,37,2,90,18,0,18,108
07/20/2015,ROA,VA,AEA,EN,Combined TRACON& Tower with Radar,8,47,19,2,76,0,0,16,1,17,8,47,35,3,93,20,0,20,113
07/21/2015,ROA,VA,AEA,EN,Combined TRACON& Tower with Radar,8,43,18,0,69,0,0,25,0,25,8,43,43,0,94,46,0,46,140
07/22/2015,ROA,VA,AEA,EN,Combined TRACON& Tower with Radar,6,48,34,3,91,0,1,36,2,39,6,49,70,5,130,55,0,55,185
07/23/2015,ROA,VA,AEA,EN,Combined TRACON& Tower with Radar,10,49,18,0,77,0,0,29,9,38,10,49,47,9,115,52,0,52,167
07/24/2015,ROA,VA,AEA,EN,Combined TRACON& Tower with Radar,11,46,33,2,92,0,2,34,0,36,11,48,67,2,128,40,0,40,168
07/25/2015,ROA,VA,AEA,EN,Combined TRACON& Tower with Radar,5,46,13,0,64,0,0,18,0,18,5,46,31,0,82,12,0,12,94
07/26/2015,ROA,VA,AEA,EN,Combined TRACON& Tower with Radar,6,42,15,0,63,0,1,17,0,18,6,43,32,0,81,0,0,0,81
07/27/2015,ROA,VA,AEA,EN,Combined TRACON& Tower with Radar,8,48,13,0,69,0,0,13,0,13,8,48,26,0,82,38,0,38,120
07/28/2015,ROA,VA,AEA,EN,Combined TRACON& Tower with Radar,8,47,33,0,88,0,1,9,0,10,8,48,42,0,98,22,0,22,120
07/29/2015,ROA,VA,AEA,EN,Combined TRACON& Tower with Radar,6,46,27,7,86,28,0,14,1,43,34,46,41,8,129,76,14,90,219
07/30/2015,ROA,VA,AEA,EN,Combined TRACON& Tower with Radar,16,49,39,0,104,0,1,29,1,31,16,50,68,1,135,18,0,18,153
07/31/2015,ROA,VA,AEA,EN,Combined TRACON& Tower with Radar,10,50,20,20,100,0,1,51,2,54,10,51,71,22,154,52,8,60,214
08/01/2015,ROA,VA,AEA,EN,Combined TRACON& Tower with Radar,4,41,26,0,71,16,0,30,0,46,20,41,56,0,117,22,0,22,139
08/02/2015,ROA,VA,AEA,EN,Combined TRACON& Tower with Radar,8,49,14,12,83,0,0,36,1,37,8,49,50,13,120,32,0,32,152
08/03/2015,ROA,VA,AEA,EN,Combined TRACON& Tower with Radar,8,53,25,3,89,0,0,27,1,28,8,53,52,4,117,63,0,63,180
08/04/2015,ROA,VA,AEA,EN,Combined TRACON& Tower with Radar,8,53,20,0,81,0,2,40,0,42,8,55,60,0,123,48,0,48,171
08/05/2015,ROA,VA,AEA,EN,Combined TRACON& Tower with Radar,6,51,30,0,87,16,1,24,2,43,22,52,54,2,130,49,0,49,179
08/06/2015,ROA,VA,AEA,EN,Combined TRACON& Tower with Radar,10,47,28,12,97,0,0,5,0,5,10,47,33,12,102,26,14,40,142
08/07/2015,ROA,VA,AEA,EN,Combined TRACON& Tower with Radar,11,49,26,0,86,0,0,2,0,2,11,49,28,0,88,18,0,18,106
08/08/2015,ROA,VA,AEA,EN,Combined TRACON& Tower with Radar,3,38,17,0,58,0,0,31,1,32,3,38,48,1,90,24,0,24,114
08/09/2015,ROA,VA,AEA,EN,Combined TRACON& Tower with Radar,6,41,28,0,75,0,1,24,0,25,6,42,52,0,100,51,0,51,151
08/10/2015,ROA,VA,AEA,EN,Combined TRACON& Tower with Radar,7,45,17,0,69,0,0,8,0,8,7,45,25,0,77,0,0,0,77
08/11/2015,ROA,VA,AEA,EN,Combined TRACON& Tower with Radar,5,56,21,0,82,0,2,30,2,34,5,58,51,2,116,18,0,18,134
08/12/2015,ROA,VA,AEA,EN,Combined TRACON& Tower with Radar,6,46,23,1,76,18,1,28,1,48,24,47,51,2,124,16,0,16,140
08/13/2015,ROA,VA,AEA,EN,Combined TRACON& Tower with Radar,10,48,24,14,96,0,0,38,2,40,10,48,62,16,136,8,0,8,144
08/14/2015,ROA,VA,AEA,EN,Combined TRACON& Tower with Radar,11,53,27,8,99,0,0,27,1,28,11,53,54,9,127,48,0,48,175
08/15/2015,ROA,VA,AEA,EN,Combined TRACON& Tower with Radar,5,35,15,2,57,8,0,25,1,34,13,35,40,3,91,32,0,32,123
08/16/2015,ROA,VA,AEA,EN,Combined TRACON& Tower with Radar,6,40,10,4,60,0,2,19,10,31,6,42,29,14,91,30,0,30,121
08/17/2015,ROA,VA,AEA,EN,Combined TRACON& Tower with Radar,7,45,25,1,78,0,0,29,2,31,7,45,54,3,109,78,0,78,187
08/18/2015,ROA,VA,AEA,EN,Combined TRACON& Tower with Radar,7,40,26,3,76,0,1,11,0,12,7,41,37,3,88,12,0,12,100
08/19/2015,ROA,VA,AEA,EN,Combined TRACON& Tower with Radar,9,47,24,1,81,0,0,3,2,5,9,47,27,3,86,20,0,20,106
08/20/2015,ROA,VA,AEA,EN,Combined TRACON& Tower with Radar,9,49,24,1,83,0,0,16,3,19,9,49,40,4,102,50,0,50,152
08/21/2015,ROA,VA,AEA,EN,Combined TRACON& Tower with Radar,11,48,32,7,98,0,4,45,2,51,11,52,77,9,149,34,0,34,183
08/22/2015,ROA,VA,AEA,EN,Combined TRACON& Tower with Radar,5,37,11,0,53,0,0,42,0,42,5,37,53,0,95,30,0,30,125
08/23/2015,ROA,VA,AEA,EN,Combined TRACON& Tower with Radar,5,39,10,0,54,0,0,12,0,12,5,39,22,0,66,70,0,70,136
08/24/2015,ROA,VA,AEA,EN,Combined TRACON& Tower with Radar,9,45,22,4,80,0,0,23,4,27,9,45,45,8,107,34,2,36,143
08/25/2015,ROA,VA,AEA,EN,Combined TRACON& Tower with Radar,8,52,22,4,86,0,0,55,1,56,8,52,77,5,142,40,0,40,182
08/26/2015,ROA,VA,AEA,EN,Combined TRACON& Tower with Radar,10,41,31,0,82,0,0,25,3,28,10,41,56,3,110,40,0,40,150
08/27/2015,ROA,VA,AEA,EN,Combined TRACON& Tower with Radar,8,47,35,0,90,0,0,36,2,38,8,47,71,2,128,26,0,26,154
08/28/2015,ROA,VA,AEA,EN,Combined TRACON& Tower with Radar,9,46,22,0,77,0,0,30,4,34,9,46,52,4,111,40,0,40,151
08/29/2015,ROA,VA,AEA,EN,Combined TRACON& Tower with Radar,5,45,17,0,67,0,0,45,1,46,5,45,62,1,113,40,0,40,153
08/30/2015,ROA,VA,AEA,EN,Combined TRACON& Tower with Radar,4,42,19,2,67,0,2,27,0,29,4,44,46,2,96,6,0,6,102
08/31/2015,ROA,VA,AEA,EN,Combined TRACON& Tower with Radar,10,44,19,0,73,0,1,31,0,32,10,45,50,0,105,14,0,14,119
09/01/2015,ROA,VA,AEA,EN,Combined TRACON& Tower with Radar,8,46,23,0,77,0,1,46,6,53,8,47,69,6,130,62,0,62,192
09/02/2015,ROA,VA,AEA,EN,Combined TRACON& Tower with Radar,8,47,35,0,90,0,0,31,0,31,8,47,66,0,121,24,0,24,145
09/03/2015,ROA,VA,AEA,EN,Combined TRACON& Tower with Radar,8,47,27,2,84,0,2,42,3,47,8,49,69,5,131,46,16,62,193
09/04/2015,ROA,VA,AEA,EN,Combined TRACON& Tower with Radar,11,48,19,0,78,14,0,19,1,34,25,48,38,1,112,28,0,28,140
09/05/2015,ROA,VA,AEA,EN,Combined TRACON& Tower with Radar,5,31,9,0,45,0,0,9,0,9,5,31,18,0,54,22,0,22,76
09/06/2015,ROA,VA,AEA,EN,Combined TRACON& Tower with Radar,4,37,10,0,51,0,0,28,1,29,4,37,38,1,80,10,0,10,90
09/07/2015,ROA,VA,AEA,EN,Combined TRACON& Tower with Radar,5,39,31,0,75,0,0,25,0,25,5,39,56,0,100,34,0,34,134
09/08/2015,ROA,VA,AEA,EN,Combined TRACON& Tower with Radar,7,48,38,10,103,0,2,43,0,45,7,50,81,10,148,20,4,24,172
09/09/2015,ROA,VA,AEA,EN,Combined TRACON& Tower with Radar,8,48,20,0,76,0,0,15,0,15,8,48,35,0,91,12,0,12,103
09/10/2015,ROA,VA,AEA,EN,Combined TRACON& Tower with Radar,7,46,17,0,70,0,0,9,0,9,7,46,26,0,79,14,0,14,93
09/11/2015,ROA,VA,AEA,EN,Combined TRACON& Tower with Radar,12,48,16,7,83,0,1,26,0,27,12,49,42,7,110,0,2,2,112
09/12/2015,ROA,VA,AEA,EN,Combined TRACON& Tower with Radar,5,36,15,0,56,0,0,2,0,2,5,36,17,0,58,0,0,0,58
09/13/2015,ROA,VA,AEA,EN,Combined TRACON& Tower with Radar,4,48,16,0,68,0,0,12,1,13,4,48,28,1,81,26,0,26,107
09/14/2015,ROA,VA,AEA,EN,Combined TRACON& Tower with Radar,8,54,19,4,85,0,0,26,0,26,8,54,45,4,111,0,0,0,111
09/15/2015,ROA,VA,AEA,EN,Combined TRACON& Tower with Radar,8,42,33,0,83,0,0,35,4,39,8,42,68,4,122,12,0,12,134
09/16/2015,ROA,VA,AEA,EN,Combined TRACON& Tower with Radar,8,49,33,0,90,0,1,38,3,42,8,50,71,3,132,8,0,8,140
09/17/2015,ROA,VA,AEA,EN,Combined TRACON& Tower with Radar,8,48,27,4,87,0,1,46,4,51,8,49,73,8,138,24,0,24,162
09/18/2015,ROA,VA,AEA,EN,Combined TRACON& Tower with Radar,13,48,33,13,107,0,1,32,4,37,13,49,65,17,144,8,0,8,152
09/19/2015,ROA,VA,AEA,EN,Combined TRACON& Tower with Radar,7,37,23,0,67,0,0,35,1,36,7,37,58,1,103,24,0,24,127
09/20/2015,ROA,VA,AEA,EN,Combined TRACON& Tower with Radar,4,42,26,4,76,0,0,8,6,14,4,42,34,10,90,22,0,22,112
09/21/2015,ROA,VA,AEA,EN,Combined TRACON& Tower with Radar,8,45,18,0,71,0,0,0,0,0,8,45,18,0,71,0,0,0,71
09/22/2015,ROA,VA,AEA,EN,Combined TRACON& Tower with Radar,10,44,20,2,76,0,0,1,0,1,10,44,21,2,77,42,0,42,119
09/23/2015,ROA,VA,AEA,EN,Combined TRACON& Tower with Radar,8,38,35,0,81,0,0,26,3,29,8,38,61,3,110,45,0,45,155
09/24/2015,ROA,VA,AEA,EN,Combined TRACON& Tower with Radar,8,49,30,0,87,0,1,44,0,45,8,50,74,0,132,8,0,8,140
09/25/2015,ROA,VA,AEA,EN,Combined TRACON& Tower with Radar,12,48,27,0,87,0,0,0,0,0,12,48,27,0,87,4,0,4,91
09/26/2015,ROA,VA,AEA,EN,Combined TRACON& Tower with Radar,8,34,14,0,56,0,0,0,0,0,8,34,14,0,56,0,0,0,56
09/27/2015,ROA,VA,AEA,EN,Combined TRACON& Tower with Radar,4,40,21,0,65,0,0,0,0,0,4,40,21,0,65,0,0,0,65
09/28/2015,ROA,VA,AEA,EN,Combined TRACON& Tower with Radar,10,49,9,0,68,0,0,0,0,0,10,49,9,0,68,0,0,0,68
09/29/2015,ROA,VA,AEA,EN,Combined TRACON& Tower with Radar,8,41,15,0,64,0,0,0,0,0,8,41,15,0,64,0,0,0,64
09/30/2015,ROA,VA,AEA,EN,Combined TRACON& Tower with Radar,8,49,32,24,113,0,0,5,0,5,8,49,37,24,118,0,17,17,135
10/01/2015,ROA,VA,AEA,EN,Combined TRACON& Tower with Radar,12,47,18,0,77,0,0,3,0,3,12,47,21,0,80,0,0,0,80
10/02/2015,ROA,VA,AEA,EN,Combined TRACON& Tower with Radar,12,48,9,0,69,0,0,3,0,3,12,48,12,0,72,0,0,0,72
10/03/2015,ROA,VA,AEA,EN,Combined TRACON& Tower with Radar,6,35,12,0,53,0,0,0,0,0,6,35,12,0,53,0,0,0,53
10/04/2015,ROA,VA,AEA,EN,Combined TRACON& Tower with Radar,8,48,10,0,66,0,0,0,0,0,8,48,10,0,66,0,0,0,66
10/05/2015,ROA,VA,AEA,EN,Combined TRACON& Tower with Radar,8,43,15,0,66,0,0,14,0,14,8,43,29,0,80,14,0,14,94
10/06/2015,ROA,VA,AEA,EN,Combined TRACON& Tower with Radar,8,48,22,4,82,0,1,51,6,58,8,49,73,10,140,22,0,22,162
10/07/2015,ROA,VA,AEA,EN,Combined TRACON& Tower with Radar,8,44,37,2,91,0,0,41,2,43,8,44,78,4,134,10,0,10,144
10/08/2015,ROA,VA,AEA,EN,Combined TRACON& Tower with Radar,11,60,40,0,111,0,0,37,3,40,11,60,77,3,151,0,0,0,151
10/09/2015,ROA,VA,AEA,EN,Combined TRACON& Tower with Radar,11,48,40,0,99,0,0,10,0,10,11,48,50,0,109,0,0,0,109
10/10/2015,ROA,VA,AEA,EN,Combined TRACON& Tower with Radar,4,50,21,1,76,0,0,0,0,0,4,50,21,1,76,0,0,0,76
10/11/2015,ROA,VA,AEA,EN,Combined TRACON& Tower with Radar,6,46,31,0,83,0,0,17,2,19,6,46,48,2,102,28,0,28,130
10/12/2015,ROA,VA,AEA,EN,Combined TRACON& Tower with Radar,8,48,27,1,84,0,0,26,0,26,8,48,53,1,110,8,0,8,118
10/13/2015,ROA,VA,AEA,EN,Combined TRACON& Tower with Radar,8,43,15,3,69,0,1,21,3,25,8,44,36,6,94,0,0,0,94
10/14/2015,ROA,VA,AEA,EN,Combined TRACON& Tower with Radar,8,44,31,0,83,0,1,29,0,30,8,45,60,0,113,14,0,14,127
10/15/2015,ROA,VA,AEA,EN,Combined TRACON& Tower with Radar,10,57,29,0,96,0,0,26,0,26,10,57,55,0,122,44,0,44,166
10/16/2015,ROA,VA,AEA,EN,Combined TRACON& Tower with Radar,13,45,24,0,82,0,1,32,1,34,13,46,56,1,116,22,0,22,138
10/17/2015,ROA,VA,AEA,EN,Combined TRACON& Tower with Radar,5,34,17,0,56,0,1,30,0,31,5,35,47,0,87,12,0,12,99
10/18/2015,ROA,VA,AEA,EN,Combined TRACON& Tower with Radar,5,41,19,6,71,0,0,17,0,17,5,41,36,6,88,0,0,0,88
10/19/2015,ROA,VA,AEA,EN,Combined TRACON& Tower with Radar,11,41,26,6,84,0,1,34,0,35,11,42,60,6,119,8,0,8,127
10/20/2015,ROA,VA,AEA,EN,Combined TRACON& Tower with Radar,8,43,24,4,79,0,1,40,0,41,8,44,64,4,120,28,0,28,148
10/21/2015,ROA,VA,AEA,EN,Combined TRACON& Tower with Radar,8,43,27,3,81,0,1,33,2,36,8,44,60,5,117,22,0,22,139
10/22/2015,ROA,VA,AEA,EN,Combined TRACON& Tower with Radar,10,52,46,1,109,0,2,52,2,56,10,54,98,3,165,36,0,36,201
10/23/2015,ROA,VA,AEA,EN,Combined TRACON& Tower with Radar,10,48,40,12,110,0,4,31,0,35,10,52,71,12,145,28,0,28,173
10/24/2015,ROA,VA,AEA,EN,Combined TRACON& Tower with Radar,3,30,18,0,51,0,1,14,0,15,3,31,32,0,66,16,0,16,82
10/25/2015,ROA,VA,AEA,EN,Combined TRACON& Tower with Radar,6,49,38,6,99,0,0,8,0,8,6,49,46,6,107,0,0,0,107
10/26/2015,ROA,VA,AEA,EN,Combined TRACON& Tower with Radar,8,43,22,7,80,0,0,17,4,21,8,43,39,11,101,6,0,6,107
10/27/2015,ROA,VA,AEA,EN,Combined TRACON& Tower with Radar,8,40,28,0,76,0,0,0,0,0,8,40,28,0,76,0,0,0,76
10/28/2015,ROA,VA,AEA,EN,Combined TRACON& Tower with Radar,8,36,8,2,54,0,0,0,0,0,8,36,8,2,54,0,0,0,54
10/29/2015,ROA,VA,AEA,EN,Combined TRACON& Tower with Radar,9,51,19,9,88,0,1,19,2,22,9,52,38,11,110,2,0,2,112
10/30/2015,ROA,VA,AEA,EN,Combined TRACON& Tower with Radar,13,44,16,9,82,0,0,28,0,28,13,44,44,9,110,38,6,44,154
10/31/2015,ROA,VA,AEA,EN,Combined TRACON& Tower with Radar,4,32,20,0,56,0,1,34,5,40,4,33,54,5,96,6,0,6,102
11/01/2015,ROA,VA,AEA,EN,Combined TRACON& Tower with Radar,2,36,13,0,51,0,0,8,1,9,2,36,21,1,60,44,0,44,104
11/02/2015,ROA,VA,AEA,EN,Combined TRACON& Tower with Radar,11,38,12,0,61,0,1,1,0,2,11,39,13,0,63,0,0,0,63
11/03/2015,ROA,VA,AEA,EN,Combined TRACON& Tower with Radar,6,41,34,0,81,0,0,22,0,22,6,41,56,0,103,34,0,34,137
11/04/2015,ROA,VA,AEA,EN,Combined TRACON& Tower with Radar,8,44,30,0,82,0,0,10,0,10,8,44,40,0,92,26,0,26,118
11/05/2015,ROA,VA,AEA,EN,Combined TRACON& Tower with Radar,11,46,39,0,96,30,0,33,0,63,41,46,72,0,159,0,0,0,159
11/06/2015,ROA,VA,AEA,EN,Combined TRACON& Tower with Radar,10,46,16,5,77,0,0,23,0,23,10,46,39,5,100,34,0,34,134
11/07/2015,ROA,VA,AEA,EN,Combined TRACON& Tower with Radar,6,31,10,0,47,0,0,1,0,1,6,31,11,0,48,0,0,0,48
11/08/2015,ROA,VA,AEA,EN,Combined TRACON& Tower with Radar,6,39,20,0,65,0,2,23,0,25,6,41,43,0,90,76,0,76,166
11/09/2015,ROA,VA,AEA,EN,Combined TRACON& Tower with Radar,9,39,22,0,70,0,0,0,0,0,9,39,22,0,70,0,0,0,70
11/10/2015,ROA,VA,AEA,EN,Combined TRACON& Tower with Radar,9,45,14,0,68,0,1,7,0,8,9,46,21,0,76,0,0,0,76
11/11/2015,ROA,VA,AEA,EN,Combined TRACON& Tower with Radar,9,49,28,0,86,0,0,40,0,40,9,49,68,0,126,20,0,20,146
11/12/2015,ROA,VA,AEA,EN,Combined TRACON& Tower with Radar,10,44,36,3,93,0,0,10,1,11,10,44,46,4,104,6,0,6,110
11/13/2015,ROA,VA,AEA,EN,Combined TRACON& Tower with Radar,10,47,21,2,80,0,1,6,0,7,10,48,27,2,87,0,0,0,87
11/14/2015,ROA,VA,AEA,EN,Combined TRACON& Tower with Radar,6,33,17,0,56,0,0,23,6,29,6,33,40,6,85,14,0,14,99
11/15/2015,ROA,VA,AEA,EN,Combined TRACON& Tower with Radar,6,40,17,0,63,0,1,33,0,34,6,41,50,0,97,74,0,74,171
11/16/2015,ROA,VA,AEA,EN,Combined TRACON& Tower with Radar,8,44,25,9,86,0,0,34,1,35,8,44,59,10,121,24,0,24,145
11/17/2015,ROA,VA,AEA,EN,Combined TRACON& Tower with Radar,8,43,27,0,78,0,0,41,2,43,8,43,68,2,121,136,0,136,257
11/18/2015,ROA,VA,AEA,EN,Combined TRACON& Tower with Radar,10,36,14,0,60,0,0,0,0,0,10,36,14,0,60,0,0,0,60
11/19/2015,ROA,VA,AEA,EN,Combined TRACON& Tower with Radar,12,42,19,0,73,0,0,20,0,20,12,42,39,0,93,24,0,24,117
11/20/2015,ROA,VA,AEA,EN,Combined TRACON& Tower with Radar,6,54,24,2,86,18,2,32,0,52,24,56,56,2,138,44,0,44,182
11/21/2015,ROA,VA,AEA,EN,Combined TRACON& Tower with Radar,5,34,10,2,51,0,0,30,2,32,5,34,40,4,83,36,2,38,121
11/22/2015,ROA,VA,AEA,EN,Combined TRACON& Tower with Radar,9,37,23,0,69,0,1,9,2,12,9,38,32,2,81,0,0,0,81
11/23/2015,ROA,VA,AEA,EN,Combined TRACON& Tower with Radar,10,32,17,0,59,0,1,9,0,10,10,33,26,0,69,10,0,10,79
11/24/2015,ROA,VA,AEA,EN,Combined TRACON& Tower with Radar,12,45,27,0,84,0,2,35,0,37,12,47,62,0,121,28,0,28,149
11/25/2015,ROA,VA,AEA,EN,Combined TRACON& Tower with Radar,10,57,12,5,84,0,0,30,0,30,10,57,42,5,114,2,12,14,128
11/26/2015,ROA,VA,AEA,EN,Combined TRACON& Tower with Radar,2,29,12,0,43,0,0,7,2,9,2,29,19,2,52,0,0,0,52
11/27/2015,ROA,VA,AEA,EN,Combined TRACON& Tower with Radar,13,24,14,0,51,0,0,44,0,44,13,24,58,0,95,30,0,30,125
11/28/2015,ROA,VA,AEA,EN,Combined TRACON& Tower with Radar,7,43,10,0,60,0,0,23,0,23,7,43,33,0,83,54,0,54,137
11/29/2015,ROA,VA,AEA,EN,Combined TRACON& Tower with Radar,6,50,25,0,81,0,0,4,0,4,6,50,29,0,85,0,0,0,85
11/30/2015,ROA,VA,AEA,EN,Combined TRACON& Tower with Radar,10,48,16,0,74,0,0,0,0,0,10,48,16,0,74,0,0,0,74
12/01/2015,ROA,VA,AEA,EN,Combined TRACON& Tower with Radar,7,28,15,0,50,0,0,0,0,0,7,28,15,0,50,0,0,0,50
12/02/2015,ROA,VA,AEA,EN,Combined TRACON& Tower with Radar,11,41,23,0,75,0,0,1,0,1,11,41,24,0,76,0,0,0,76
12/03/2015,ROA,VA,AEA,EN,Combined TRACON& Tower with Radar,12,53,26,0,91,0,0,16,4,20,12,53,42,4,111,28,0,28,139
12/04/2015,ROA,VA,AEA,EN,Combined TRACON& Tower with Radar,12,42,14,4,72,6,2,40,0,48,18,44,54,4,120,14,0,14,134
12/05/2015,ROA,VA,AEA,EN,Combined TRACON& Tower with Radar,6,30,10,0,46,0,0,26,1,27,6,30,36,1,73,0,0,0,73
12/06/2015,ROA,VA,AEA,EN,Combined TRACON& Tower with Radar,6,37,13,0,56,0,0,26,0,26,6,37,39,0,82,18,0,18,100
12/07/2015,ROA,VA,AEA,EN,Combined TRACON& Tower with Radar,8,36,12,0,56,0,1,14,0,15,8,37,26,0,71,0,0,0,71
12/08/2015,ROA,VA,AEA,EN,Combined TRACON& Tower with Radar,10,46,30,5,91,0,0,24,1,25,10,46,54,6,116,0,0,0,116
12/09/2015,ROA,VA,AEA,EN,Combined TRACON& Tower with Radar,10,49,26,1,86,0,0,31,2,33,10,49,57,3,119,0,0,0,119
12/10/2015,ROA,VA,AEA,EN,Combined TRACON& Tower with Radar,12,46,31,0,89,0,0,31,1,32,12,46,62,1,121,14,0,14,135
12/11/2015,ROA,VA,AEA,EN,Combined TRACON& Tower with Radar,13,53,28,2,96,0,2,31,1,34,13,55,59,3,130,16,0,16,146
12/12/2015,ROA,VA,AEA,EN,Combined TRACON& Tower with Radar,7,30,15,0,52,0,1,34,0,35,7,31,49,0,87,4,0,4,91
12/13/2015,ROA,VA,AEA,EN,Combined TRACON& Tower with Radar,6,44,17,0,67,0,3,11,0,14,6,47,28,0,81,4,0,4,85
12/14/2015,ROA,VA,AEA,EN,Combined TRACON& Tower with Radar,10,36,23,1,70,0,0,1,0,1,10,36,24,1,71,8,0,8,79
12/15/2015,ROA,VA,AEA,EN,Combined TRACON& Tower with Radar,14,42,19,8,83,0,0,27,5,32,14,42,46,13,115,26,0,26,141
12/16/2015,ROA,VA,AEA,EN,Combined TRACON& Tower with Radar,12,46,25,2,85,0,0,37,0,37,12,46,62,2,122,20,4,24,146
12/17/2015,ROA,VA,AEA,EN,Combined TRACON& Tower with Radar,19,40,26,0,85,0,0,3,0,3,19,40,29,0,88,0,0,0,88
12/18/2015,ROA,VA,AEA,EN,Combined TRACON& Tower with Radar,12,42,25,2,81,0,0,5,1,6,12,42,30,3,87,0,0,0,87
12/19/2015,ROA,VA,AEA,EN,Combined TRACON& Tower with Radar,14,38,8,0,60,0,0,17,0,17,14,38,25,0,77,4,0,4,81
12/20/2015,ROA,VA,AEA,EN,Combined TRACON& Tower with Radar,9,35,22,0,66,0,1,22,0,23,9,36,44,0,89,54,0,54,143
12/21/2015,ROA,VA,AEA,EN,Combined TRACON& Tower with Radar,7,34,19,0,60,0,0,5,0,5,7,34,24,0,65,16,0,16,81
12/22/2015,ROA,VA,AEA,EN,Combined TRACON& Tower with Radar,7,8,3,0,18,0,0,2,0,2,7,8,5,0,20,0,0,0,20
12/23/2015,ROA,VA,AEA,EN,Combined TRACON& Tower with Radar,25,13,7,0,45,0,0,0,0,0,25,13,7,0,45,0,0,0,45
12/24/2015,ROA,VA,AEA,EN,Combined TRACON& Tower with Radar,10,24,3,0,37,0,0,2,0,2,10,24,5,0,39,0,0,0,39
12/25/2015,ROA,VA,AEA,EN,Combined TRACON& Tower with Radar,2,24,1,0,27,0,0,0,0,0,2,24,1,0,27,0,0,0,27
12/26/2015,ROA,VA,AEA,EN,Combined TRACON& Tower with Radar,5,26,17,0,48,0,0,0,0,0,5,26,17,0,48,0,0,0,48
12/27/2015,ROA,VA,AEA,EN,Combined TRACON& Tower with Radar,11,33,13,0,57,0,0,6,0,6,11,33,19,0,63,0,0,0,63
12/28/2015,ROA,VA,AEA,EN,Combined TRACON& Tower with Radar,5,27,16,0,48,0,0,0,0,0,5,27,16,0,48,0,0,0,48
12/29/2015,ROA,VA,AEA,EN,Combined TRACON& Tower with Radar,12,42,26,4,84,0,2,10,0,12,12,44,36,4,96,102,4,106,202
12/30/2015,ROA,VA,AEA,EN,Combined TRACON& Tower with Radar,12,26,7,0,45,0,0,0,0,0,12,26,7,0,45,0,0,0,45
12/31/2015,ROA,VA,AEA,EN,Combined TRACON& Tower with Radar,8,25,12,0,45,0,0,6,0,6,8,25,18,0,51,0,0,0,51
01/01/2016,ROA,VA,AEA,EN,Combined TRACON& Tower with Radar,4,30,9,0,43,0,0,11,0,11,4,30,20,0,54,0,0,0,54
01/02/2016,ROA,VA,AEA,EN,Combined TRACON& Tower with Radar,4,28,19,0,51,0,0,14,1,15,4,28,33,1,66,30,0,30,96
01/03/2016,ROA,VA,AEA,EN,Combined TRACON& Tower with Radar,6,37,13,0,56,0,2,13,1,16,6,39,26,1,72,20,0,20,92
01/04/2016,ROA,VA,AEA,EN,Combined TRACON& Tower with Radar,4,34,6,0,44,0,0,7,0,7,4,34,13,0,51,0,0,0,51
01/05/2016,ROA,VA,AEA,EN,Combined TRACON& Tower with Radar,6,40,25,5,76,0,1,31,4,36,6,41,56,9,112,42,0,42,154
01/06/2016,ROA,VA,AEA,EN,Combined TRACON& Tower with Radar,6,40,20,2,68,0,0,20,0,20,6,40,40,2,88,30,0,30,118
01/07/2016,ROA,VA,AEA,EN,Combined TRACON& Tower with Radar,8,51,25,0,84,0,1,26,0,27,8,52,51,0,111,72,0,72,183
01/08/2016,ROA,VA,AEA,EN,Combined TRACON& Tower with Radar,7,36,16,0,59,0,0,0,0,0,7,36,16,0,59,0,0,0,59
01/09/2016,ROA,VA,AEA,EN,Combined TRACON& Tower with Radar,3,21,11,0,35,0,0,0,0,0,3,21,11,0,35,0,0,0,35
01/10/2016,ROA,VA,AEA,EN,Combined TRACON& Tower with Radar,4,25,5,0,34,0,0,2,0,2,4,25,7,0,36,0,0,0,36
01/11/2016,ROA,VA,AEA,EN,Combined TRACON& Tower with Radar,6,42,14,10,72,0,1,12,1,14,6,43,26,11,86,0,0,0,86
01/12/2016,ROA,VA,AEA,EN,Combined TRACON& Tower with Radar,9,43,15,0,67,0,0,14,0,14,9,43,29,0,81,0,0,0,81
01/13/2016,ROA,VA,AEA,EN,Combined TRACON& Tower with Radar,6,45,22,0,73,0,3,15,1,19,6,48,37,1,92,14,0,14,106
01/14/2016,ROA,VA,AEA,EN,Combined TRACON& Tower with Radar,8,41,22,2,73,0,0,26,5,31,8,41,48,7,104,0,0,0,104
01/15/2016,ROA,VA,AEA,EN,Combined TRACON& Tower with Radar,10,44,15,1,70,0,0,26,0,26,10,44,41,1,96,0,0,0,96
01/16/2016,ROA,VA,AEA,EN,Combined TRACON& Tower with Radar,4,32,8,0,44,0,0,6,0,6,4,32,14,0,50,0,0,0,50
01/17/2016,ROA,VA,AEA,EN,Combined TRACON& Tower with Radar,4,32,7,0,43,0,1,8,0,9,4,33,15,0,52,18,0,18,70
01/18/2016,ROA,VA,AEA,EN,Combined TRACON& Tower with Radar,6,41,18,0,65,0,0,11,0,11,6,41,29,0,76,0,0,0,76
01/19/2016,ROA,VA,AEA,EN,Combined TRACON& Tower with Radar,6,40,24,0,70,0,0,11,1,12,6,40,35,1,82,3,0,3,85
01/20/2016,ROA,VA,AEA,EN,Combined TRACON& Tower with Radar,6,42,20,0,68,0,0,4,0,4,6,42,24,0,72,0,0,0,72
01/21/2016,ROA,VA,AEA,EN,Combined TRACON& Tower with Radar,10,46,22,3,81,0,1,13,0,14,10,47,35,3,95,10,0,10,105
01/22/2016,ROA,VA,AEA,EN,Combined TRACON& Tower with Radar,3,3,0,0,6,0,0,1,0,1,3,3,1,0,7,0,0,0,7
01/23/2016,ROA,VA,AEA,EN,Combined TRACON& Tower with Radar,5,3,0,0,8,0,0,0,0,0,5,3,0,0,8,0,0,0,8
01/24/2016,ROA,VA,AEA,EN,Combined TRACON& Tower with Radar,3,26,11,0,40,0,3,10,0,13,3,29,21,0,53,0,0,0,53
01/25/2016,ROA,VA,AEA,EN,Combined TRACON& Tower with Radar,9,34,21,0,64,0,0,18,0,18,9,34,39,0,82,0,0,0,82
01/26/2016,ROA,VA,AEA,EN,Combined TRACON& Tower with Radar,10,45,26,0,81,0,1,3,0,4,10,46,29,0,85,0,0,0,85
01/27/2016,ROA,VA,AEA,EN,Combined TRACON& Tower with Radar,7,37,19,0,63,0,1,12,0,13,7,38,31,0,76,0,0,0,76
01/28/2016,ROA,VA,AEA,EN,Combined TRACON& Tower with Radar,11,44,17,13,85,0,1,17,4,22,11,45,34,17,107,0,0,0,107
01/29/2016,ROA,VA,AEA,EN,Combined TRACON& Tower with Radar,8,42,24,4,78,0,1,3,0,4,8,43,27,4,82,0,0,0,82
01/30/2016,ROA,VA,AEA,EN,Combined TRACON& Tower with Radar,4,41,20,0,65,0,2,36,1,39,4,43,56,1,104,40,0,40,144
01/31/2016,ROA,VA,AEA,EN,Combined TRACON& Tower with Radar,4,35,17,0,56,0,0,40,0,40,4,35,57,0,96,87,0,87,183
02/01/2016,ROA,VA,AEA,EN,Combined TRACON& Tower with Radar,6,47,22,0,75,0,1,17,2,20,6,48,39,2,95,2,0,2,97
02/02/2016,ROA,VA,AEA,EN,Combined TRACON& Tower with Radar,6,35,25,4,70,0,0,1,0,1,6,35,26,4,71,8,0,8,79
02/03/2016,ROA,VA,AEA,EN,Combined TRACON& Tower with Radar,7,30,12,0,49,0,0,0,0,0,7,30,12,0,49,0,0,0,49
02/04/2016,ROA,VA,AEA,EN,Combined TRACON& Tower with Radar,8,39,22,6,75,0,1,13,0,14,8,40,35,6,89,36,12,48,137
02/05/2016,ROA,VA,AEA,EN,Combined TRACON& Tower with Radar,10,48,20,0,78,0,0,15,0,15,10,48,35,0,93,24,0,24,117
02/06/2016,ROA,VA,AEA,EN,Combined TRACON& Tower with Radar,4,34,15,0,53,0,3,33,4,40,4,37,48,4,93,44,0,44,137
02/07/2016,ROA,VA,AEA,EN,Combined TRACON& Tower with Radar,4,31,16,0,51,0,1,27,0,28,4,32,43,0,79,48,0,48,127
02/08/2016,ROA,VA,AEA,EN,Combined TRACON& Tower with Radar,8,43,4,5,60,0,1,4,1,6,8,44,8,6,66,0,0,0,66
02/09/2016,ROA,VA,AEA,EN,Combined TRACON& Tower with Radar,6,40,14,0,60,0,0,7,0,7,6,40,21,0,67,0,0,0,67
02/10/2016,ROA,VA,AEA,EN,Combined TRACON& Tower with Radar,6,46,26,5,83,0,0,5,5,10,6,46,31,10,93,0,0,0,93
02/11/2016,ROA,VA,AEA,EN,Combined TRACON& Tower with Radar,8,49,22,0,79,0,1,15,1,17,8,50,37,1,96,26,0,26,122
02/12/2016,ROA,VA,AEA,EN,Combined TRACON& Tower with Radar,9,44,20,1,74,0,0,14,1,15,9,44,34,2,89,20,0,20,109
02/13/2016,ROA,VA,AEA,EN,Combined TRACON& Tower with Radar,3,37,10,0,50,0,0,6,0,6,3,37,16,0,56,0,0,0,56
02/14/2016,ROA,VA,AEA,EN,Combined TRACON& Tower with Radar,4,42,7,0,53,0,4,20,2,26,4,46,27,2,79,16,0,16,95
02/15/2016,ROA,VA,AEA,EN,Combined TRACON& Tower with Radar,1,7,3,0,11,0,0,0,0,0,1,7,3,0,11,0,0,0,11
02/16/2016,ROA,VA,AEA,EN,Combined TRACON& Tower with Radar,7,39,12,5,63,0,1,0,5,6,7,40,12,10,69,0,0,0,69
02/17/2016,ROA,VA,AEA,EN,Combined TRACON& Tower with Radar,6,46,32,0,84,0,2,18,5,25,6,48,50,5,109,0,0,0,109
02/18/2016,ROA,VA,AEA,EN,Combined TRACON& Tower with Radar,10,39,29,2,80,0,0,31,0,31,10,39,60,2,111,0,0,0,111
02/19/2016,ROA,VA,AEA,EN,Combined TRACON& Tower with Radar,10,37,24,0,71,0,2,4,1,7,10,39,28,1,78,0,0,0,78
02/20/2016,ROA,VA,AEA,EN,Combined TRACON& Tower with Radar,4,41,13,0,58,0,4,29,1,34,4,45,42,1,92,32,0,32,124
02/21/2016,ROA,VA,AEA,EN,Combined TRACON& Tower with Radar,5,31,20,0,56,0,1,2,0,3,5,32,22,0,59,0,0,0,59
02/22/2016,ROA,VA,AEA,EN,Combined TRACON& Tower with Radar,6,42,28,3,79,0,0,0,0,0,6,42,28,3,79,0,0,0,79
02/23/2016,ROA,VA,AEA,EN,Combined TRACON& Tower with Radar,6,40,21,0,67,0,0,0,0,0,6,40,21,0,67,0,0,0,67
02/24/2016,ROA,VA,AEA,EN,Combined TRACON& Tower with Radar,5,29,21,0,55,0,2,2,0,4,5,31,23,0,59,0,0,0,59
02/25/2016,ROA,VA,AEA,EN,Combined TRACON& Tower with Radar,10,44,17,1,72,0,2,0,0,2,10,46,17,1,74,0,0,0,74
02/26/2016,ROA,VA,AEA,EN,Combined TRACON& Tower with Radar,8,51,18,3,80,0,1,17,3,21,8,52,35,6,101,6,0,6,107
02/27/2016,ROA,VA,AEA,EN,Combined TRACON& Tower with Radar,4,36,30,0,70,0,7,44,5,56,4,43,74,5,126,32,0,32,158
02/28/2016,ROA,VA,AEA,EN,Combined TRACON& Tower with Radar,4,37,14,0,55,0,0,31,0,31,4,37,45,0,86,10,0,10,96
02/29/2016,ROA,VA,AEA,EN,Combined TRACON& Tower with Radar,6,44,27,0,77,0,0,10,0,10,6,44,37,0,87,0,0,0,87
03/01/2016,ROA,VA,AEA,EN,Combined TRACON& Tower with Radar,5,47,21,3,76,0,0,25,0,25,5,47,46,3,101,0,0,0,101
03/02/2016,ROA,VA,AEA,EN,Combined TRACON& Tower with Radar,9,39,18,0,66,0,0,9,0,9,9,39,27,0,75,0,0,0,75
03/03/2016,ROA,VA,AEA,EN,Combined TRACON& Tower with Radar,12,43,21,2,78,0,3,13,0,16,12,46,34,2,94,60,0,60,154
03/04/2016,ROA,VA,AEA,EN,Combined TRACON& Tower with Radar,12,39,17,0,68,0,1,11,0,12,12,40,28,0,80,10,0,10,90
03/05/2016,ROA,VA,AEA,EN,Combined TRACON& Tower with Radar,8,30,15,0,53,0,2,33,0,35,8,32,48,0,88,6,0,6,94
03/06/2016,ROA,VA,AEA,EN,Combined TRACON& Tower with Radar,6,38,21,0,65,0,0,34,5,39,6,38,55,5,104,16,0,16,120
03/07/2016,ROA,VA,AEA,EN,Combined TRACON& Tower with Radar,8,40,23,3,74,0,2,30,1,33,8,42,53,4,107,50,0,50,157
03/08/2016,ROA,VA,AEA,EN,Combined TRACON& Tower with Radar,8,39,27,0,74,0,3,39,0,42,8,42,66,0,116,30,0,30,146
03/09/2016,ROA,VA,AEA,EN,Combined TRACON& Tower with Radar,8,41,30,5,84,0,0,40,1,41,8,41,70,6,125,50,7,57,182
03/10/2016,ROA,VA,AEA,EN,Combined TRACON& Tower with Radar,12,49,34,2,97,0,1,22,0,23,12,50,56,2,120,0,0,0,120
03/11/2016,ROA,VA,AEA,EN,Combined TRACON& Tower with Radar,10,40,18,2,70,0,0,16,1,17,10,40,34,3,87,54,0,54,141
03/12/2016,ROA,VA,AEA,EN,Combined TRACON& Tower with Radar,6,31,13,0,50,0,1,7,1,9,6,32,20,1,59,44,0,44,103
03/13/2016,ROA,VA,AEA,EN,Combined TRACON& Tower with Radar,11,38,25,0,74,0,0,2,1,3,11,38,27,1,77,24,0,24,101
03/14/2016,ROA,VA,AEA,EN,Combined TRACON& Tower with Radar,11,36,30,0,77,0,0,0,0,0,11,36,30,0,77,0,0,0,77
03/15/2016,ROA,VA,AEA,EN,Combined TRACON& Tower with Radar,8,38,52,0,98,0,0,27,2,29,8,38,79,2,127,36,0,36,163
03/16/2016,ROA,VA,AEA,EN,Combined TRACON& Tower with Radar,8,41,30,0,79,0,0,31,1,32,8,41,61,1,111,11,0,11,122
03/17/2016,ROA,VA,AEA,EN,Combined TRACON& Tower with Radar,14,38,27,0,79,0,0,22,0,22,14,38,49,0,101,12,0,12,113
03/18/2016,ROA,VA,AEA,EN,Combined TRACON& Tower with Radar,10,44,23,2,79,0,1,31,0,32,10,45,54,2,111,38,0,38,149
03/19/2016,ROA,VA,AEA,EN,Combined TRACON& Tower with Radar,8,30,8,0,46,0,0,9,0,9,8,30,17,0,55,12,0,12,67
03/20/2016,ROA,VA,AEA,EN,Combined TRACON& Tower with Radar,8,33,11,0,52,0,0,0,0,0,8,33,11,0,52,0,0,0,52
03/21/2016,ROA,VA,AEA,EN,Combined TRACON& Tower with Radar,8,35,11,3,57,0,0,15,1,16,8,35,26,4,73,0,0,0,73
03/22/2016,ROA,VA,AEA,EN,Combined TRACON& Tower with Radar,8,40,33,0,81,0,1,31,1,33,8,41,64,1,114,20,0,20,134
03/23/2016,ROA,VA,AEA,EN,Combined TRACON& Tower with Radar,8,42,24,7,81,0,1,20,0,21,8,43,44,7,102,14,0,14,116
03/24/2016,ROA,VA,AEA,EN,Combined TRACON& Tower with Radar,10,38,23,0,71,0,2,20,3,25,10,40,43,3,96,14,0,14,110
03/25/2016,ROA,VA,AEA,EN,Combined TRACON& Tower with Radar,11,40,23,0,74,0,4,18,3,25,11,44,41,3,99,12,0,12,111
03/26/2016,ROA,VA,AEA,EN,Combined TRACON& Tower with Radar,5,35,21,0,61,0,0,25,1,26,5,35,46,1,87,28,0,28,115
03/27/2016,ROA,VA,AEA,EN,Combined TRACON& Tower with Radar,6,39,10,0,55,0,0,1,0,1,6,39,11,0,56,0,0,0,56
03/28/2016,ROA,VA,AEA,EN,Combined TRACON& Tower with Radar,8,38,25,0,71,0,0,5,1,6,8,38,30,1,77,4,0,4,81
03/29/2016,ROA,VA,AEA,EN,Combined TRACON& Tower with Radar,8,48,22,9,87,0,3,18,1,22,8,51,40,10,109,0,8,8,117
03/30/2016,ROA,VA,AEA,EN,Combined TRACON& Tower with Radar,9,43,29,0,81,0,3,44,1,48,9,46,73,1,129,30,0,30,159
03/31/2016,ROA,VA,AEA,EN,Combined TRACON& Tower with Radar,11,44,16,0,71,0,1,5,0,6,11,45,21,0,77,10,0,10,87
04/01/2016,ROA,VA,AEA,EN,Combined TRACON& Tower with Radar,11,45,9,0,65,0,0,13,1,14,11,45,22,1,79,5,0,5,84
04/02/2016,ROA,VA,AEA,EN,Combined TRACON& Tower with Radar,5,32,5,8,50,0,1,8,1,10,5,33,13,9,60,0,0,0,60
04/03/2016,ROA,VA,AEA,EN,Combined TRACON& Tower with Radar,5,43,13,1,62,0,0,22,0,22,5,43,35,1,84,0,0,0,84
04/04/2016,ROA,VA,AEA,EN,Combined TRACON& Tower with Radar,7,49,21,1,78,0,0,9,0,9,7,49,30,1,87,0,0,0,87
04/05/2016,ROA,VA,AEA,EN,Combined TRACON& Tower with Radar,6,36,15,0,57,0,2,21,2,25,6,38,36,2,82,32,0,32,114
04/06/2016,ROA,VA,AEA,EN,Combined TRACON& Tower with Radar,6,44,27,2,79,0,0,28,2,30,6,44,55,4,109,28,0,28,137
04/07/2016,ROA,VA,AEA,EN,Combined TRACON& Tower with Radar,8,44,13,0,65,0,0,4,0,4,8,44,17,0,69,0,0,0,69
04/08/2016,ROA,VA,AEA,EN,Combined TRACON& Tower with Radar,7,40,26,2,75,0,1,4,0,5,7,41,30,2,80,0,0,0,80
04/09/2016,ROA,VA,AEA,EN,Combined TRACON& Tower with Radar,5,43,10,0,58,0,1,2,0,3,5,44,12,0,61,0,0,0,61
04/10/2016,ROA,VA,AEA,EN,Combined TRACON& Tower with Radar,4,41,24,0,69,0,0,65,2,67,4,41,89,2,136,38,0,38,174
04/11/2016,ROA,VA,AEA,EN,Combined TRACON& Tower with Radar,6,46,13,2,67,0,0,19,0,19,6,46,32,2,86,0,0,0,86
04/12/2016,ROA,VA,AEA,EN,Combined TRACON& Tower with Radar,6,41,27,3,77,0,0,14,0,14,6,41,41,3,91,0,0,0,91
04/13/2016,ROA,VA,AEA,EN,Combined TRACON& Tower with Radar,6,44,10,3,63,0,2,45,3,50,6,46,55,6,113,36,0,36,149
04/14/2016,ROA,VA,AEA,EN,Combined TRACON& Tower with Radar,8,46,35,0,89,0,0,67,1,68,8,46,102,1,157,42,0,42,199
04/15/2016,ROA,VA,AEA,EN,Combined TRACON& Tower with Radar,9,44,23,0,76,5,11,51,1,68,14,55,74,1,144,42,0,42,186
04/16/2016,ROA,VA,AEA,EN,Combined TRACON& Tower with Radar,2,33,19,0,54,0,0,30,5,35,2,33,49,5,89,40,0,40,129
04/17/2016,ROA,VA,AEA,EN,Combined TRACON& Tower with Radar,5,38,30,0,73,0,0,38,0,38,5,38,68,0,111,39,0,39,150
04/18/2016,ROA,VA,AEA,EN,Combined TRACON& Tower with Radar,6,44,22,6,78,0,0,36,3,39,6,44,58,9,117,44,4,48,165
04/19/2016,ROA,VA,AEA,EN,Combined TRACON& Tower with Radar,6,40,31,0,77,0,0,26,0,26,6,40,57,0,103,60,0,60,163
04/20/2016,ROA,VA,AEA,EN,Combined TRACON& Tower with Radar,6,40,22,4,72,0,0,29,0,29,6,40,51,4,101,66,0,66,167
04/21/2016,ROA,VA,AEA,EN,Combined TRACON& Tower with Radar,8,45,35,0,88,0,0,15,0,15,8,45,50,0,103,42,0,42,145
04/22/2016,ROA,VA,AEA,EN,Combined TRACON& Tower with Radar,11,47,15,0,73,0,0,1,1,2,11,47,16,1,75,0,0,0,75
04/23/2016,ROA,VA,AEA,EN,Combined TRACON& Tower with Radar,2,37,29,0,68,0,1,12,7,20,2,38,41,7,88,20,0,20,108
04/24/2016,ROA,VA,AEA,EN,Combined TRACON& Tower with Radar,5,38,18,0,61,0,2,40,1,43,5,40,58,1,104,2,0,2,106
04/25/2016,ROA,VA,AEA,EN,Combined TRACON& Tower with Radar,8,46,15,0,69,0,2,34,2,38,8,48,49,2,107,44,0,44,151
04/26/2016,ROA,VA,AEA,EN,Combined TRACON& Tower with Radar,6,41,20,2,69,0,1,14,6,21,6,42,34,8,90,16,0,16,106
04/27/2016,ROA,VA,AEA,EN,Combined TRACON& Tower with Radar,6,44,28,5,83,0,0,14,1,15,6,44,42,6,98,0,2,2,100
04/28/2016,ROA,VA,AEA,EN,Combined TRACON& Tower with Radar,8,42,29,0,79,0,0,2,0,2,8,42,31,0,81,24,0,24,105
04/29/2016,ROA,VA,AEA,EN,Combined TRACON& Tower with Radar,7,39,22,4,72,0,3,8,1,12,7,42,30,5,84,22,0,22,106
04/30/2016,ROA,VA,AEA,EN,Combined TRACON& Tower with Radar,6,32,32,0,70,0,0,0,0,0,6,32,32,0,70,0,0,0,70
05/01/2016,ROA,VA,AEA,EN,Combined TRACON& Tower with Radar,6,35,30,0,71,0,0,11,0,11,6,35,41,0,82,0,0,0,82
05/02/2016,ROA,VA,AEA,EN,Combined TRACON& Tower with Radar,8,38,14,0,60,0,1,11,1,13,8,39,25,1,73,36,0,36,109
05/03/2016,ROA,VA,AEA,EN,Combined TRACON& Tower with Radar,8,44,29,13,94,0,0,15,8,23,8,44,44,21,117,32,0,32,149
05/04/2016,ROA,VA,AEA,EN,Combined TRACON& Tower with Radar,8,40,27,6,81,0,0,27,1,28,8,40,54,7,109,36,0,36,145
05/05/2016,ROA,VA,AEA,EN,Combined TRACON& Tower with Radar,10,42,33,0,85,0,0,1,0,1,10,42,34,0,86,0,0,0,86
05/06/2016,ROA,VA,AEA,EN,Combined TRACON& Tower with Radar,12,40,19,0,71,0,0,6,2,8,12,40,25,2,79,21,0,21,100
05/07/2016,ROA,VA,AEA,EN,Combined TRACON& Tower with Radar,4,35,14,2,55,0,0,28,1,29,4,35,42,3,84,42,0,42,126
05/08/2016,ROA,VA,AEA,EN,Combined TRACON& Tower with Radar,6,37,14,0,57,0,0,14,0,14,6,37,28,0,71,4,0,4,75
05/09/2016,ROA,VA,AEA,EN,Combined TRACON& Tower with Radar,8,38,34,0,80,0,1,47,2,50,8,39,81,2,130,32,0,32,162
05/10/2016,ROA,VA,AEA,EN,Combined TRACON& Tower with Radar,8,52,25,0,85,0,2,11,0,13,8,54,36,0,98,14,0,14,112
05/11/2016,ROA,VA,AEA,EN,Combined TRACON& Tower with Radar,10,40,28,1,79,0,1,13,2,16,10,41,41,3,95,24,0,24,119
05/12/2016,ROA,VA,AEA,EN,Combined TRACON& Tower with Radar,10,50,33,9,102,0,0,2,0,2,10,50,35,9,104,20,4,24,128
05/13/2016,ROA,VA,AEA,EN,Combined TRACON& Tower with Radar,12,39,30,5,86,0,0,25,0,25,12,39,55,5,111,18,0,18,129
05/14/2016,ROA,VA,AEA,EN,Combined TRACON& Tower with Radar,4,41,19,1,65,0,1,10,0,11,4,42,29,1,76,0,0,0,76
05/15/2016,ROA,VA,AEA,EN,Combined TRACON& Tower with Radar,3,45,21,0,69,0,2,15,0,17,3,47,36,0,86,0,0,0,86
05/16/2016,ROA,VA,AEA,EN,Combined TRACON& Tower with Radar,15,50,41,5,111,0,2,44,3,49,15,52,85,8,160,56,0,56,216
05/17/2016,ROA,VA,AEA,EN,Combined TRACON& Tower with Radar,8,43,25,0,76,0,0,2,0,2,8,43,27,0,78,0,0,0,78
05/18/2016,ROA,VA,AEA,EN,Combined TRACON& Tower with Radar,8,42,32,8,90,0,0,5,0,5,8,42,37,8,95,54,0,54,149
05/19/2016,ROA,VA,AEA,EN,Combined TRACON& Tower with Radar,9,56,28,0,93,44,0,4,0,48,53,56,32,0,141,67,0,67,208
05/20/2016,ROA,VA,AEA,EN,Combined TRACON& Tower with Radar,10,44,26,6,86,0,3,15,0,18,10,47,41,6,104,0,0,0,104
05/21/2016,ROA,VA,AEA,EN,Combined TRACON& Tower with Radar,5,43,6,4,58,0,0,1,0,1,5,43,7,4,59,0,0,0,59
05/22/2016,ROA,VA,AEA,EN,Combined TRACON& Tower with Radar,6,48,28,2,84,0,2,21,0,23,6,50,49,2,107,8,0,8,115
05/23/2016,ROA,VA,AEA,EN,Combined TRACON& Tower with Radar,8,49,31,4,92,0,2,12,0,14,8,51,43,4,106,74,0,74,180
05/24/2016,ROA,VA,AEA,EN,Combined TRACON& Tower with Radar,8,52,32,4,96,0,2,37,0,39,8,54,69,4,135,42,0,42,177
05/25/2016,ROA,VA,AEA,EN,Combined TRACON& Tower with Radar,8,51,27,2,88,0,0,35,1,36,8,51,62,3,124,32,0,32,156
05/26/2016,ROA,VA,AEA,EN,Combined TRACON& Tower with Radar,9,55,30,12,106,0,0,38,0,38,9,55,68,12,144,8,0,8,152
05/27/2016,ROA,VA,AEA,EN,Combined TRACON& Tower with Radar,12,53,29,0,94,0,1,49,0,50,12,54,78,0,144,16,0,16,160
05/28/2016,ROA,VA,AEA,EN,Combined TRACON& Tower with Radar,3,40,21,0,64,0,3,38,0,41,3,43,59,0,105,20,0,20,125
05/29/2016,ROA,VA,AEA,EN,Combined TRACON& Tower with Radar,6,31,4,0,41,0,2,4,0,6,6,33,8,0,47,20,0,20,67
05/30/2016,ROA,VA,AEA,EN,Combined TRACON& Tower with Radar,6,42,12,0,60,0,0,33,0,33,6,42,45,0,93,28,0,28,121
05/31/2016,ROA,VA,AEA,EN,Combined TRACON& Tower with Radar,6,41,19,8,74,0,0,28,0,28,6,41,47,8,102,68,0,68,170
06/01/2016,ROA,VA,AEA,EN,Combined TRACON& Tower with Radar,8,42,31,5,86,0,2,40,3,45,8,44,71,8,131,34,0,34,165
06/02/2016,ROA,VA,AEA,EN,Combined TRACON& Tower with Radar,10,39,30,0,79,0,0,9,0,9,10,39,39,0,88,20,0,20,108
06/03/2016,ROA,VA,AEA,EN,Combined TRACON& Tower with Radar,11,50,24,8,93,0,1,11,2,14,11,51,35,10,107,22,0,22,129
06/04/2016,ROA,VA,AEA,EN,Combined TRACON& Tower with Radar,3,37,12,0,52,0,0,16,1,17,3,37,28,1,69,14,0,14,83
06/05/2016,ROA,VA,AEA,EN,Combined TRACON& Tower with Radar,6,40,32,4,82,0,0,12,1,13,6,40,44,5,95,0,0,0,95
06/06/2016,ROA,VA,AEA,EN,Combined TRACON& Tower with Radar,6,48,41,5,100,0,1,66,2,69,6,49,107,7,169,122,0,122,291
06/07/2016,ROA,VA,AEA,EN,Combined TRACON& Tower with Radar,10,44,15,0,69,0,3,12,0,15,10,47,27,0,84,18,0,18,102
06/08/2016,ROA,VA,AEA,EN,Combined TRACON& Tower with Radar,8,41,22,7,78,0,0,11,5,16,8,41,33,12,94,28,0,28,122
06/09/2016,ROA,VA,AEA,EN,Combined TRACON& Tower with Radar,10,39,17,0,66,0,2,46,0,48,10,41,63,0,114,34,0,34,148
06/10/2016,ROA,VA,AEA,EN,Combined TRACON& Tower with Radar,11,47,31,1,90,10,0,30,5,45,21,47,61,6,135,18,0,18,153
06/11/2016,ROA,VA,AEA,EN,Combined TRACON& Tower with Radar,2,40,28,0,70,0,5,120,3,128,2,45,148,3,198,227,0,227,425
06/12/2016,ROA,VA,AEA,EN,Combined TRACON& Tower with Radar,7,41,14,4,66,0,0,12,2,14,7,41,26,6,80,12,0,12,92
06/13/2016,ROA,VA,AEA,EN,Combined TRACON& Tower with Radar,8,39,23,0,70,0,2,29,1,32,8,41,52,1,102,90,0,90,192
06/14/2016,ROA,VA,AEA,EN,Combined TRACON& Tower with Radar,7,42,14,4,67,0,1,39,6,46,7,43,53,10,113,54,0,54,167
06/15/2016,ROA,VA,AEA,EN,Combined TRACON& Tower with Radar,1,8,3,1,13,0,0,2,0,2,1,8,5,1,15,26,16,42,57
06/16/2016,ROA,VA,AEA,EN,Combined TRACON& Tower with Radar,0,5,3,0,8,0,0,6,0,6,0,5,9,0,14,20,0,20,34
06/17/2016,ROA,VA,AEA,EN,Combined TRACON& Tower with Radar,0,6,1,0,7,0,2,3,0,5,0,8,4,0,12,78,0,78,90
06/18/2016,ROA,VA,AEA,EN,Combined TRACON& Tower with Radar,0,7,1,0,8,0,1,10,0,11,0,8,11,0,19,12,0,12,31
06/19/2016,ROA,VA,AEA,EN,Combined TRACON& Tower with Radar,0,7,3,0,10,0,3,16,0,19,0,10,19,0,29,2,0,2,31
06/20/2016,ROA,VA,AEA,EN,Combined TRACON& Tower with Radar,7,43,16,3,69,0,0,35,3,38,7,43,51,6,107,20,0,20,127
06/21/2016,ROA,VA,AEA,EN,Combined TRACON& Tower with Radar,10,41,16,1,68,0,0,17,1,18,10,41,33,2,86,13,0,13,99
06/22/2016,ROA,VA,AEA,EN,Combined TRACON& Tower with Radar,10,44,30,6,90,0,0,30,2,32,10,44,60,8,122,64,0,64,186
06/23/2016,ROA,VA,AEA,EN,Combined TRACON& Tower with Radar,9,35,8,0,52,0,0,3,1,4,9,35,11,1,56,0,0,0,56
06/24/2016,ROA,VA,AEA,EN,Combined TRACON& Tower with Radar,13,39,16,0,68,0,0,18,0,18,13,39,34,0,86,18,0,18,104
06/25/2016,ROA,VA,AEA,EN,Combined TRACON& Tower with Radar,4,46,16,0,66,0,1,13,1,15,4,47,29,1,81,70,0,70,151
06/26/2016,ROA,VA,AEA,EN,Combined TRACON& Tower with Radar,5,42,20,0,67,0,2,31,0,33,5,44,51,0,100,14,0,14,114
06/27/2016,ROA,VA,AEA,EN,Combined TRACON& Tower with Radar,9,46,13,6,74,0,0,14,1,15,9,46,27,7,89,26,0,26,115
06/28/2016,ROA,VA,AEA,EN,Combined TRACON& Tower with Radar,11,44,35,6,96,0,0,34,1,35,11,44,69,7,131,38,14,52,183
06/29/2016,ROA,VA,AEA,EN,Combined TRACON& Tower with Radar,9,48,30,2,89,0,0,44,0,44,9,48,74,2,133,17,0,17,150
06/30/2016,ROA,VA,AEA,EN,Combined TRACON& Tower with Radar,10,45,23,4,82,0,1,30,1,32,10,46,53,5,114,40,0,40,154
07/01/2016,ROA,VA,AEA,EN,Combined TRACON& Tower with Radar,15,42,16,0,73,0,0,32,0,32,15,42,48,0,105,70,0,70,175
07/02/2016,ROA,VA,AEA,EN,Combined TRACON& Tower with Radar,5,44,16,0,65,0,2,21,2,25,5,46,37,2,90,0,0,0,90
07/03/2016,ROA,VA,AEA,EN,Combined TRACON& Tower with Radar,4,23,7,0,34,0,0,0,0,0,4,23,7,0,34,0,0,0,34
07/04/2016,ROA,VA,AEA,EN,Combined TRACON& Tower with Radar,12,25,6,0,43,0,0,0,0,0,12,25,6,0,43,0,0,0,43
07/05/2016,ROA,VA,AEA,EN,Combined TRACON& Tower with Radar,9,41,14,0,64,0,0,12,0,12,9,41,26,0,76,4,0,4,80
07/06/2016,ROA,VA,AEA,EN,Combined TRACON& Tower with Radar,9,39,14,0,62,0,2,32,0,34,9,41,46,0,96,24,0,24,120
07/07/2016,ROA,VA,AEA,EN,Combined TRACON& Tower with Radar,10,40,29,0,79,0,1,20,0,21,10,41,49,0,100,14,0,14,114
07/08/2016,ROA,VA,AEA,EN,Combined TRACON& Tower with Radar,13,34,26,0,73,0,0,24,0,24,13,34,50,0,97,28,0,28,125
07/09/2016,ROA,VA,AEA,EN,Combined TRACON& Tower with Radar,4,40,15,0,59,0,0,14,0,14,4,40,29,0,73,18,0,18,91
07/10/2016,ROA,VA,AEA,EN,Combined TRACON& Tower with Radar,9,45,16,4,74,0,0,40,4,44,9,45,56,8,118,28,16,44,162
07/11/2016,ROA,VA,AEA,EN,Combined TRACON& Tower with Radar,9,43,22,2,76,0,0,32,1,33,9,43,54,3,109,18,8,26,135
07/12/2016,ROA,VA,AEA,EN,Combined TRACON& Tower with Radar,11,41,15,2,69,0,0,7,0,7,11,41,22,2,76,28,6,34,110
07/13/2016,ROA,VA,AEA,EN,Combined TRACON& Tower with Radar,10,42,28,0,80,0,0,25,2,27,10,42,53,2,107,40,0,40,147
07/14/2016,ROA,VA,AEA,EN,Combined TRACON& Tower with Radar,14,44,24,0,82,0,0,26,5,31,14,44,50,5,113,76,0,76,189
07/15/2016,ROA,VA,AEA,EN,Combined TRACON& Tower with Radar,14,38,23,0,75,0,0,26,0,26,14,38,49,0,101,0,0,0,101
07/16/2016,ROA,VA,AEA,EN,Combined TRACON& Tower with Radar,6,36,1,0,43,0,0,26,4,30,6,36,27,4,73,58,0,58,131
07/17/2016,ROA,VA,AEA,EN,Combined TRACON& Tower with Radar,8,35,18,0,61,0,1,19,1,21,8,36,37,1,82,16,0,16,98
07/18/2016,ROA,VA,AEA,EN,Combined TRACON& Tower with Radar,11,41,22,6,80,0,0,30,0,30,11,41,52,6,110,0,24,24,134
07/19/2016,ROA,VA,AEA,EN,Combined TRACON& Tower with Radar,9,46,11,1,67,0,2,37,1,40,9,48,48,2,107,14,0,14,121
07/20/2016,ROA,VA,AEA,EN,Combined TRACON& Tower with Radar,11,39,25,0,75,0,0,58,3,61,11,39,83,3,136,26,0,26,162
07/21/2016,ROA,VA,AEA,EN,Combined TRACON& Tower with Radar,13,44,18,2,77,0,0,26,0,26,13,44,44,2,103,16,0,16,119
07/22/2016,ROA,VA,AEA,EN,Combined TRACON& Tower with Radar,14,47,16,3,80,0,0,26,1,27,14,47,42,4,107,47,6,53,160
07/23/2016,ROA,VA,AEA,EN,Combined TRACON& Tower with Radar,8,39,10,2,59,0,1,28,0,29,8,40,38,2,88,42,0,42,130
07/24/2016,ROA,VA,AEA,EN,Combined TRACON& Tower with Radar,8,41,15,4,68,0,0,23,0,23,8,41,38,4,91,0,6,6,97
07/25/2016,ROA,VA,AEA,EN,Combined TRACON& Tower with Radar,12,43,20,4,79,0,0,29,0,29,12,43,49,4,108,5,0,5,113
07/26/2016,ROA,VA,AEA,EN,Combined TRACON& Tower with Radar,15,43,14,7,79,0,0,30,2,32,15,43,44,9,111,38,0,38,149
07/27/2016,ROA,VA,AEA,EN,Combined TRACON& Tower with Radar,9,49,31,2,91,0,0,16,1,17,9,49,47,3,108,16,0,16,124
07/28/2016,ROA,VA,AEA,EN,Combined TRACON& Tower with Radar,13,40,29,1,83,0,0,13,0,13,13,40,42,1,96,0,0,0,96
07/29/2016,ROA,VA,AEA,EN,Combined TRACON& Tower with Radar,13,39,12,13,77,0,1,7,2,10,13,40,19,15,87,8,0,8,95
07/30/2016,ROA,VA,AEA,EN,Combined TRACON& Tower with Radar,5,36,16,2,59,0,2,21,2,25,5,38,37,4,84,48,0,48,132
07/31/2016,ROA,VA,AEA,EN,Combined TRACON& Tower with Radar,7,40,15,5,67,0,2,8,3,13,7,42,23,8,80,12,0,12,92
08/01/2016,ROA,VA,AEA,EN,Combined TRACON& Tower with Radar,10,34,23,1,68,0,2,30,0,32,10,36,53,1,100,0,0,0,100
08/02/2016,ROA,VA,AEA,EN,Combined TRACON& Tower with Radar,12,48,21,2,83,0,0,6,0,6,12,48,27,2,89,40,0,40,129
08/03/2016,ROA,VA,AEA,EN,Combined TRACON& Tower with Radar,9,38,28,0,75,0,0,3,0,3,9,38,31,0,78,0,0,0,78
08/04/2016,ROA,VA,AEA,EN,Combined TRACON& Tower with Radar,12,41,39,2,94,0,0,1,0,1,12,41,40,2,95,0,0,0,95
08/05/2016,ROA,VA,AEA,EN,Combined TRACON& Tower with Radar,14,40,22,0,76,0,0,3,0,3,14,40,25,0,79,26,0,26,105
08/06/2016,ROA,VA,AEA,EN,Combined TRACON& Tower with Radar,6,35,14,1,56,0,1,23,2,26,6,36,37,3,82,14,2,16,98
08/07/2016,ROA,VA,AEA,EN,Combined TRACON& Tower with Radar,8,40,20,0,68,0,1,10,1,12,8,41,30,1,80,33,0,33,113
08/08/2016,ROA,VA,AEA,EN,Combined TRACON& Tower with Radar,5,34,34,1,74,0,0,6,0,6,5,34,40,1,80,0,0,0,80
08/09/2016,ROA,VA,AEA,EN,Combined TRACON& Tower with Radar,8,46,23,0,77,0,0,2,0,2,8,46,25,0,79,0,0,0,79
08/10/2016,ROA,VA,AEA,EN,Combined TRACON& Tower with Radar,6,35,23,2,66,0,0,32,0,32,6,35,55,2,98,62,0,62,160
08/11/2016,ROA,VA,AEA,EN,Combined TRACON& Tower with Radar,13,46,25,1,85,0,0,48,1,49,13,46,73,2,134,32,4,36,170
08/12/2016,ROA,VA,AEA,EN,Combined TRACON& Tower with Radar,11,37,23,10,81,0,1,30,0,31,11,38,53,10,112,60,0,60,172
08/13/2016,ROA,VA,AEA,EN,Combined TRACON& Tower with Radar,7,36,15,0,58,0,0,27,0,27,7,36,42,0,85,44,0,44,129
08/14/2016,ROA,VA,AEA,EN,Combined TRACON& Tower with Radar,7,40,12,0,59,0,0,29,0,29,7,40,41,0,88,0,0,0,88
08/15/2016,ROA,VA,AEA,EN,Combined TRACON& Tower with Radar,11,35,34,0,80,0,0,52,2,54,11,35,86,2,134,46,0,46,180
08/16/2016,ROA,VA,AEA,EN,Combined TRACON& Tower with Radar,8,44,31,0,83,0,0,28,0,28,8,44,59,0,111,44,0,44,155
08/17/2016,ROA,VA,AEA,EN,Combined TRACON& Tower with Radar,10,43,21,1,75,0,1,38,2,41,10,44,59,3,116,64,0,64,180
08/18/2016,ROA,VA,AEA,EN,Combined TRACON& Tower with Radar,14,44,38,0,96,0,0,46,1,47,14,44,84,1,143,100,0,100,243
08/19/2016,ROA,VA,AEA,EN,Combined TRACON& Tower with Radar,13,46,18,0,77,0,0,12,0,12,13,46,30,0,89,44,0,44,133
08/20/2016,ROA,VA,AEA,EN,Combined TRACON& Tower with Radar,7,33,17,0,57,0,1,9,1,11,7,34,26,1,68,62,0,62,130
08/21/2016,ROA,VA,AEA,EN,Combined TRACON& Tower with Radar,7,37,16,0,60,0,0,10,0,10,7,37,26,0,70,0,0,0,70
08/22/2016,ROA,VA,AEA,EN,Combined TRACON& Tower with Radar,13,42,27,0,82,0,1,35,0,36,13,43,62,0,118,60,0,60,178
08/23/2016,ROA,VA,AEA,EN,Combined TRACON& Tower with Radar,6,44,25,2,77,0,1,38,2,41,6,45,63,4,118,72,0,72,190
08/24/2016,ROA,VA,AEA,EN,Combined TRACON& Tower with Radar,8,49,33,3,93,0,1,48,4,53,8,50,81,7,146,64,0,64,210
08/25/2016,ROA,VA,AEA,EN,Combined TRACON& Tower with Radar,12,40,23,0,75,0,1,29,3,33,12,41,52,3,108,14,0,14,122
08/26/2016,ROA,VA,AEA,EN,Combined TRACON& Tower with Radar,13,42,26,5,86,0,0,51,1,52,13,42,77,6,138,38,0,38,176
08/27/2016,ROA,VA,AEA,EN,Combined TRACON& Tower with Radar,5,40,15,0,60,0,2,31,0,33,5,42,46,0,93,6,0,6,99
08/28/2016,ROA,VA,AEA,EN,Combined TRACON& Tower with Radar,6,32,11,6,55,0,2,29,0,31,6,34,40,6,86,44,0,44,130
08/29/2016,ROA,VA,AEA,EN,Combined TRACON& Tower with Radar,8,43,16,3,70,0,0,24,4,28,8,43,40,7,98,66,0,66,164
08/30/2016,ROA,VA,AEA,EN,Combined TRACON& Tower with Radar,8,50,16,0,74,0,0,13,0,13,8,50,29,0,87,76,0,76,163
08/31/2016,ROA,VA,AEA,EN,Combined TRACON& Tower with Radar,9,42,13,0,64,0,0,15,0,15,9,42,28,0,79,28,0,28,107
09/01/2016,ROA,VA,AEA,EN,Combined TRACON& Tower with Radar,10,45,14,7,76,0,0,18,1,19,10,45,32,8,95,50,12,62,157
09/02/2016,ROA,VA,AEA,EN,Combined TRACON& Tower with Radar,14,47,10,0,71,0,0,18,1,19,14,47,28,1,90,78,0,78,168
09/03/2016,ROA,VA,AEA,EN,Combined TRACON& Tower with Radar,3,34,14,0,51,0,0,17,0,17,3,34,31,0,68,18,0,18,86
09/04/2016,ROA,VA,AEA,EN,Combined TRACON& Tower with Radar,5,27,10,0,42,0,0,21,0,21,5,27,31,0,63,44,0,44,107
09/05/2016,ROA,VA,AEA,EN,Combined TRACON& Tower with Radar,9,37,13,0,59,0,2,21,0,23,9,39,34,0,82,34,0,34,116
09/06/2016,ROA,VA,AEA,EN,Combined TRACON& Tower with Radar,8,44,27,3,82,0,0,39,0,39,8,44,66,3,121,33,2,35,156
09/07/2016,ROA,VA,AEA,EN,Combined TRACON& Tower with Radar,8,46,17,0,71,0,4,23,0,27,8,50,40,0,98,22,0,22,120
09/08/2016,ROA,VA,AEA,EN,Combined TRACON& Tower with Radar,12,45,27,0,84,0,1,42,3,46,12,46,69,3,130,36,0,36,166
09/09/2016,ROA,VA,AEA,EN,Combined TRACON& Tower with Radar,12,42,6,8,68,0,0,30,2,32,12,42,36,10,100,72,0,72,172
09/10/2016,ROA,VA,AEA,EN,Combined TRACON& Tower with Radar,6,29,19,0,54,0,1,26,0,27,6,30,45,0,81,28,0,28,109
09/11/2016,ROA,VA,AEA,EN,Combined TRACON& Tower with Radar,6,40,21,0,67,0,0,28,1,29,6,40,49,1,96,36,0,36,132
09/12/2016,ROA,VA,AEA,EN,Combined TRACON& Tower with Radar,8,45,19,0,72,0,0,43,4,47,8,45,62,4,119,6,0,6,125
09/13/2016,ROA,VA,AEA,EN,Combined TRACON& Tower with Radar,10,51,38,8,107,0,0,37,2,39,10,51,75,10,146,66,4,70,216
09/14/2016,ROA,VA,AEA,EN,Combined TRACON& Tower with Radar,8,51,18,8,85,0,0,31,0,31,8,51,49,8,116,0,0,0,116
09/15/2016,ROA,VA,AEA,EN,Combined TRACON& Tower with Radar,10,49,32,5,96,0,2,29,1,32,10,51,61,6,128,110,10,120,248
09/16/2016,ROA,VA,AEA,EN,Combined TRACON& Tower with Radar,11,43,28,2,84,0,0,6,4,10,11,43,34,6,94,40,0,40,134
09/17/2016,ROA,VA,AEA,EN,Combined TRACON& Tower with Radar,7,42,10,2,61,0,0,17,3,20,7,42,27,5,81,74,0,74,155
09/18/2016,ROA,VA,AEA,EN,Combined TRACON& Tower with Radar,7,42,23,2,74,0,1,16,1,18,7,43,39,3,92,46,0,46,138
09/19/2016,ROA,VA,AEA,EN,Combined TRACON& Tower with Radar,8,44,18,6,76,0,0,22,0,22,8,44,40,6,98,80,22,102,200
09/20/2016,ROA,VA,AEA,EN,Combined TRACON& Tower with Radar,11,47,25,10,93,0,0,42,1,43,11,47,67,11,136,86,0,86,222
09/21/2016,ROA,VA,AEA,EN,Combined TRACON& Tower with Radar,12,44,33,0,89,0,0,30,0,30,12,44,63,0,119,0,0,0,119
09/22/2016,ROA,VA,AEA,EN,Combined TRACON& Tower with Radar,12,45,28,19,104,0,1,31,1,33,12,46,59,20,137,66,0,66,203
09/23/2016,ROA,VA,AEA,EN,Combined TRACON& Tower with Radar,14,46,29,1,90,0,1,37,2,40,14,47,66,3,130,134,0,134,264
09/24/2016,ROA,VA,AEA,EN,Combined TRACON& Tower with Radar,7,34,24,0,65,0,0,27,0,27,7,34,51,0,92,74,0,74,166
09/25/2016,ROA,VA,AEA,EN,Combined TRACON& Tower with Radar,7,46,39,0,92,0,0,0,0,0,7,46,39,0,92,46,0,46,138
09/26/2016,ROA,VA,AEA,EN,Combined TRACON& Tower with Radar,10,41,12,0,63,0,0,0,0,0,10,41,12,0,63,0,0,0,63
09/27/2016,ROA,VA,AEA,EN,Combined TRACON& Tower with Radar,8,39,23,2,72,0,1,17,0,18,8,40,40,2,90,66,0,66,156
09/28/2016,ROA,VA,AEA,EN,Combined TRACON& Tower with Radar,9,47,39,0,95,0,0,20,1,21,9,47,59,1,116,80,0,80,196
09/29/2016,ROA,VA,AEA,EN,Combined TRACON& Tower with Radar,12,53,45,7,117,0,0,1,0,1,12,53,46,7,118,76,0,76,194
09/30/2016,ROA,VA,AEA,EN,Combined TRACON& Tower with Radar,11,50,27,0,88,0,0,5,0,5,11,50,32,0,93,22,0,22,115
10/01/2016,ROA,VA,AEA,EN,Combined TRACON& Tower with Radar,3,36,28,0,67,0,1,14,0,15,3,37,42,0,82,18,0,18,100
10/02/2016,ROA,VA,AEA,EN,Combined TRACON& Tower with Radar,6,58,36,0,100,0,1,24,0,25,6,59,60,0,125,54,0,54,179
10/03/2016,ROA,VA,AEA,EN,Combined TRACON& Tower with Radar,8,41,17,5,71,0,0,27,0,27,8,41,44,5,98,52,0,52,150
10/04/2016,ROA,VA,AEA,EN,Combined TRACON& Tower with Radar,10,43,26,4,83,0,0,42,1,43,10,43,68,5,126,36,0,36,162
10/05/2016,ROA,VA,AEA,EN,Combined TRACON& Tower with Radar,10,48,37,1,96,0,0,20,1,21,10,48,57,2,117,42,0,42,159
10/06/2016,ROA,VA,AEA,EN,Combined TRACON& Tower with Radar,12,48,38,10,108,0,2,15,1,18,12,50,53,11,126,108,8,116,242
10/07/2016,ROA,VA,AEA,EN,Combined TRACON& Tower with Radar,10,44,20,0,74,0,0,0,0,0,10,44,20,0,74,0,0,0,74
10/08/2016,ROA,VA,AEA,EN,Combined TRACON& Tower with Radar,4,35,14,0,53,0,0,0,0,0,4,35,14,0,53,0,0,0,53
10/09/2016,ROA,VA,AEA,EN,Combined TRACON& Tower with Radar,8,42,15,2,67,0,0,18,0,18,8,42,33,2,85,4,0,4,89
10/10/2016,ROA,VA,AEA,EN,Combined TRACON& Tower with Radar,8,43,23,0,74,0,0,43,0,43,8,43,66,0,117,48,0,48,165
10/11/2016,ROA,VA,AEA,EN,Combined TRACON& Tower with Radar,12,43,43,4,102,0,1,53,8,62,12,44,96,12,164,82,4,86,250
10/12/2016,ROA,VA,AEA,EN,Combined TRACON& Tower with Radar,12,44,31,5,92,0,0,32,1,33,12,44,63,6,125,12,0,12,137
10/13/2016,ROA,VA,AEA,EN,Combined TRACON& Tower with Radar,12,45,20,1,78,0,2,47,4,53,12,47,67,5,131,24,0,24,155
10/14/2016,ROA,VA,AEA,EN,Combined TRACON& Tower with Radar,15,43,36,11,105,0,0,43,0,43,15,43,79,11,148,46,3,49,197
10/15/2016,ROA,VA,AEA,EN,Combined TRACON& Tower with Radar,7,40,30,0,77,0,1,61,3,65,7,41,91,3,142,34,8,42,184
10/16/2016,ROA,VA,AEA,EN,Combined TRACON& Tower with Radar,6,41,21,0,68,0,1,75,0,76,6,42,96,0,144,62,0,62,206
10/17/2016,ROA,VA,AEA,EN,Combined TRACON& Tower with Radar,8,51,9,2,70,0,1,55,5,61,8,52,64,7,131,92,12,104,235
10/18/2016,ROA,VA,AEA,EN,Combined TRACON& Tower with Radar,8,53,37,6,104,0,1,35,5,41,8,54,72,11,145,40,4,44,189
10/19/2016,ROA,VA,AEA,EN,Combined TRACON& Tower with Radar,12,51,44,7,114,0,0,57,1,58,12,51,101,8,172,28,0,28,200
10/20/2016,ROA,VA,AEA,EN,Combined TRACON& Tower with Radar,11,52,20,1,84,0,0,35,2,37,11,52,55,3,121,20,0,20,141
10/21/2016,ROA,VA,AEA,EN,Combined TRACON& Tower with Radar,11,51,20,2,84,0,0,3,0,3,11,51,23,2,87,20,0,20,107
10/22/2016,ROA,VA,AEA,EN,Combined TRACON& Tower with Radar,6,36,15,0,57,0,0,4,1,5,6,36,19,1,62,0,0,0,62
10/23/2016,ROA,VA,AEA,EN,Combined TRACON& Tower with Radar,6,40,14,0,60,0,3,25,0,28,6,43,39,0,88,22,0,22,110
10/24/2016,ROA,VA,AEA,EN,Combined TRACON& Tower with Radar,8,42,13,2,65,0,0,26,0,26,8,42,39,2,91,8,0,8,99
10/25/2016,ROA,VA,AEA,EN,Combined TRACON& Tower with Radar,8,47,18,5,78,0,0,41,1,42,8,47,59,6,120,70,0,70,190
10/26/2016,ROA,VA,AEA,EN,Combined TRACON& Tower with Radar,12,50,18,0,80,0,2,60,0,62,12,52,78,0,142,80,0,80,222
10/27/2016,ROA,VA,AEA,EN,Combined TRACON& Tower with Radar,14,53,29,4,100,0,0,29,1,30,14,53,58,5,130,78,2,80,210
10/28/2016,ROA,VA,AEA,EN,Combined TRACON& Tower with Radar,13,42,27,5,87,0,2,54,1,57,13,44,81,6,144,90,0,90,234
10/29/2016,ROA,VA,AEA,EN,Combined TRACON& Tower with Radar,3,35,19,0,57,0,0,54,0,54,3,35,73,0,111,80,0,80,191
10/30/2016,ROA,VA,AEA,EN,Combined TRACON& Tower with Radar,6,37,16,2,61,0,3,43,0,46,6,40,59,2,107,48,0,48,155
10/31/2016,ROA,VA,AEA,EN,Combined TRACON& Tower with Radar,8,39,17,0,64,0,0,17,2,19,8,39,34,2,83,14,0,14,97
11/01/2016,ROA,VA,AEA,EN,Combined TRACON& Tower with Radar,8,55,32,2,97,0,2,2,0,4,8,57,34,2,101,44,0,44,145
11/02/2016,ROA,VA,AEA,EN,Combined TRACON& Tower with Radar,8,44,18,2,72,0,0,46,6,52,8,44,64,8,124,82,0,82,206
11/03/2016,ROA,VA,AEA,EN,Combined TRACON& Tower with Radar,10,44,33,0,87,0,0,23,1,24,10,44,56,1,111,44,0,44,155
11/04/2016,ROA,VA,AEA,EN,Combined TRACON& Tower with Radar,11,42,18,9,80,0,1,36,1,38,11,43,54,10,118,55,12,67,185
11/05/2016,ROA,VA,AEA,EN,Combined TRACON& Tower with Radar,3,28,15,1,47,0,1,38,9,48,3,29,53,10,95,60,12,72,167
11/06/2016,ROA,VA,AEA,EN,Combined TRACON& Tower with Radar,4,45,20,0,69,0,1,43,0,44,4,46,63,0,113,58,0,58,171
11/07/2016,ROA,VA,AEA,EN,Combined TRACON& Tower with Radar,6,44,12,2,64,0,2,43,0,45,6,46,55,2,109,102,0,102,211
11/08/2016,ROA,VA,AEA,EN,Combined TRACON& Tower with Radar,19,48,19,5,91,0,1,30,1,32,19,49,49,6,123,88,26,114,237
11/09/2016,ROA,VA,AEA,EN,Combined TRACON& Tower with Radar,6,45,32,0,83,0,0,8,2,10,6,45,40,2,93,0,0,0,93
11/10/2016,ROA,VA,AEA,EN,Combined TRACON& Tower with Radar,10,46,18,0,74,0,0,46,0,46,10,46,64,0,120,8,0,8,128
11/11/2016,ROA,VA,AEA,EN,Combined TRACON& Tower with Radar,11,46,22,0,79,0,0,29,2,31,11,46,51,2,110,22,0,22,132
11/12/2016,ROA,VA,AEA,EN,Combined TRACON& Tower with Radar,5,30,15,0,50,0,0,47,0,47,5,30,62,0,97,116,0,116,213
11/13/2016,ROA,VA,AEA,EN,Combined TRACON& Tower with Radar,4,39,25,0,68,0,1,42,1,44,4,40,67,1,112,100,0,100,212
11/14/2016,ROA,VA,AEA,EN,Combined TRACON& Tower with Radar,6,54,21,3,84,0,0,33,0,33,6,54,54,3,117,184,0,184,301
11/15/2016,ROA,VA,AEA,EN,Combined TRACON& Tower with Radar,6,45,19,4,74,0,0,26,5,31,6,45,45,9,105,131,0,131,236
11/16/2016,ROA,VA,AEA,EN,Combined TRACON& Tower with Radar,6,49,19,6,80,0,0,45,0,45,6,49,64,6,125,127,0,127,252
11/17/2016,ROA,VA,AEA,EN,Combined TRACON& Tower with Radar,13,50,34,0,97,0,2,47,3,52,13,52,81,3,149,156,0,156,305
11/18/2016,ROA,VA,AEA,EN,Combined TRACON& Tower with Radar,8,50,24,0,82,0,1,43,1,45,8,51,67,1,127,116,0,116,243
11/19/2016,ROA,VA,AEA,EN,Combined TRACON& Tower with Radar,6,34,11,0,51,0,0,8,2,10,6,34,19,2,61,0,0,0,61
11/20/2016,ROA,VA,AEA,EN,Combined TRACON& Tower with Radar,8,36,8,0,52,0,0,1,0,1,8,36,9,0,53,0,0,0,53
11/21/2016,ROA,VA,AEA,EN,Combined TRACON& Tower with Radar,5,42,14,0,61,0,0,11,0,11,5,42,25,0,72,18,0,18,90
11/22/2016,ROA,VA,AEA,EN,Combined TRACON& Tower with Radar,12,50,30,1,93,0,1,33,1,35,12,51,63,2,128,44,0,44,172
11/23/2016,ROA,VA,AEA,EN,Combined TRACON& Tower with Radar,6,51,21,3,81,0,0,31,2,33,6,51,52,5,114,22,0,22,136
11/24/2016,ROA,VA,AEA,EN,Combined TRACON& Tower with Radar,8,23,12,0,43,0,0,6,1,7,8,23,18,1,50,8,0,8,58
11/25/2016,ROA,VA,AEA,EN,Combined TRACON& Tower with Radar,6,26,20,0,52,0,0,29,0,29,6,26,49,0,81,48,0,48,129
11/26/2016,ROA,VA,AEA,EN,Combined TRACON& Tower with Radar,4,45,17,0,66,0,0,11,0,11,4,45,28,0,77,10,0,10,87
11/27/2016,ROA,VA,AEA,EN,Combined TRACON& Tower with Radar,8,59,16,8,91,0,1,35,4,40,8,60,51,12,131,102,16,118,249
11/28/2016,ROA,VA,AEA,EN,Combined TRACON& Tower with Radar,5,46,23,3,77,0,0,19,0,19,5,46,42,3,96,32,6,38,134
11/29/2016,ROA,VA,AEA,EN,Combined TRACON& Tower with Radar,9,48,18,0,75,0,1,6,0,7,9,49,24,0,82,20,0,20,102
11/30/2016,ROA,VA,AEA,EN,Combined TRACON& Tower with Radar,8,42,6,0,56,0,0,0,0,0,8,42,6,0,56,22,0,22,78
12/01/2016,ROA,VA,AEA,EN,Combined TRACON& Tower with Radar,14,51,18,0,83,0,2,30,0,32,14,53,48,0,115,36,0,36,151
12/02/2016,ROA,VA,AEA,EN,Combined TRACON& Tower with Radar,15,48,27,6,96,0,0,29,1,30,15,48,56,7,126,82,0,82,208
12/03/2016,ROA,VA,AEA,EN,Combined TRACON& Tower with Radar,4,29,21,0,54,0,3,35,2,40,4,32,56,2,94,38,0,38,132
12/04/2016,ROA,VA,AEA,EN,Combined TRACON& Tower with Radar,9,35,15,0,59,0,0,6,0,6,9,35,21,0,65,14,0,14,79
12/05/2016,ROA,VA,AEA,EN,Combined TRACON& Tower with Radar,7,49,22,1,79,0,0,6,1,7,7,49,28,2,86,29,0,29,115
12/06/2016,ROA,VA,AEA,EN,Combined TRACON& Tower with Radar,8,43,11,0,62,0,2,0,0,2,8,45,11,0,64,0,0,0,64
12/07/2016,ROA,VA,AEA,EN,Combined TRACON& Tower with Radar,9,45,25,0,79,0,1,70,0,71,9,46,95,0,150,104,0,104,254
12/08/2016,ROA,VA,AEA,EN,Combined TRACON& Tower with Radar,10,48,33,2,93,0,1,28,0,29,10,49,61,2,122,52,2,54,176
12/09/2016,ROA,VA,AEA,EN,Combined TRACON& Tower with Radar,10,50,34,0,94,0,0,22,3,25,10,50,56,3,119,75,1,76,195
12/10/2016,ROA,VA,AEA,EN,Combined TRACON& Tower with Radar,4,28,18,0,50,0,0,34,2,36,4,28,52,2,86,53,0,53,139
12/11/2016,ROA,VA,AEA,EN,Combined TRACON& Tower with Radar,4,29,26,0,59,0,1,17,0,18,4,30,43,0,77,14,0,14,91
12/12/2016,ROA,VA,AEA,EN,Combined TRACON& Tower with Radar,8,48,9,0,65,0,0,3,3,6,8,48,12,3,71,20,0,20,91
12/13/2016,ROA,VA,AEA,EN,Combined TRACON& Tower with Radar,12,43,26,4,85,0,0,20,1,21,12,43,46,5,106,12,0,12,118
12/14/2016,ROA,VA,AEA,EN,Combined TRACON& Tower with Radar,13,42,26,3,84,0,1,28,4,33,13,43,54,7,117,50,12,62,179
12/15/2016,ROA,VA,AEA,EN,Combined TRACON& Tower with Radar,16,38,15,0,69,0,2,11,0,13,16,40,26,0,82,0,0,0,82
12/16/2016,ROA,VA,AEA,EN,Combined TRACON& Tower with Radar,10,37,31,0,78,0,0,31,0,31,10,37,62,0,109,78,0,78,187
12/17/2016,ROA,VA,AEA,EN,Combined TRACON& Tower with Radar,17,37,4,0,58,0,1,4,0,5,17,38,8,0,63,0,0,0,63
12/18/2016,ROA,VA,AEA,EN,Combined TRACON& Tower with Radar,8,38,1,0,47,0,0,2,0,2,8,38,3,0,49,0,0,0,49
12/19/2016,ROA,VA,AEA,EN,Combined TRACON& Tower with Radar,11,36,20,0,67,0,1,26,0,27,11,37,46,0,94,84,0,84,178
12/20/2016,ROA,VA,AEA,EN,Combined TRACON& Tower with Radar,10,37,18,4,69,0,0,57,3,60,10,37,75,7,129,42,0,42,171
12/21/2016,ROA,VA,AEA,EN,Combined TRACON& Tower with Radar,12,39,20,0,71,0,0,49,2,51,12,39,69,2,122,142,0,142,264
12/22/2016,ROA,VA,AEA,EN,Combined TRACON& Tower with Radar,14,37,16,0,67,0,1,34,1,36,14,38,50,1,103,24,0,24,127
12/23/2016,ROA,VA,AEA,EN,Combined TRACON& Tower with Radar,10,38,22,0,70,0,1,40,1,42,10,39,62,1,112,14,0,14,126
12/24/2016,ROA,VA,AEA,EN,Combined TRACON& Tower with Radar,4,29,2,0,35,0,0,0,0,0,4,29,2,0,35,0,0,0,35
12/25/2016,ROA,VA,AEA,EN,Combined TRACON& Tower with Radar,4,24,2,0,30,0,0,0,0,0,4,24,2,0,30,0,0,0,30
12/26/2016,ROA,VA,AEA,EN,Combined TRACON& Tower with Radar,4,16,12,0,32,0,0,0,0,0,4,16,12,0,32,0,0,0,32
12/27/2016,ROA,VA,AEA,EN,Combined TRACON& Tower with Radar,6,33,12,0,51,0,1,30,0,31,6,34,42,0,82,22,0,22,104
12/28/2016,ROA,VA,AEA,EN,Combined TRACON& Tower with Radar,8,36,24,5,73,0,1,56,3,60,8,37,80,8,133,38,0,38,171
12/29/2016,ROA,VA,AEA,EN,Combined TRACON& Tower with Radar,8,39,13,0,60,0,0,3,0,3,8,39,16,0,63,0,0,0,63
12/30/2016,ROA,VA,AEA,EN,Combined TRACON& Tower with Radar,11,42,14,0,67,0,0,8,1,9,11,42,22,1,76,0,0,0,76
12/31/2016,ROA,VA,AEA,EN,Combined TRACON& Tower with Radar,7,35,9,0,51,0,1,20,0,21,7,36,29,0,72,10,0,10,82
01/01/2017,ROA,VA,AEA,EN,Combined TRACON& Tower with Radar,6,40,12,0,58,0,2,4,0,6,6,42,16,0,64,20,0,20,84
01/02/2017,ROA,VA,AEA,EN,Combined TRACON& Tower with Radar,4,36,15,0,55,0,0,0,0,0,4,36,15,0,55,0,0,0,55
01/03/2017,ROA,VA,AEA,EN,Combined TRACON& Tower with Radar,4,40,9,0,53,0,0,5,0,5,4,40,14,0,58,0,0,0,58
01/04/2017,ROA,VA,AEA,EN,Combined TRACON& Tower with Radar,8,43,15,0,66,0,1,13,0,14,8,44,28,0,80,0,0,0,80
01/05/2017,ROA,VA,AEA,EN,Combined TRACON& Tower with Radar,8,37,18,3,66,0,0,23,1,24,8,37,41,4,90,16,0,16,106
01/06/2017,ROA,VA,AEA,EN,Combined TRACON& Tower with Radar,7,31,8,2,48,0,0,16,0,16,7,31,24,2,64,0,0,0,64
01/07/2017,ROA,VA,AEA,EN,Combined TRACON& Tower with Radar,2,24,9,0,35,0,1,6,0,7,2,25,15,0,42,0,0,0,42
01/08/2017,ROA,VA,AEA,EN,Combined TRACON& Tower with Radar,5,39,12,0,56,0,1,5,0,6,5,40,17,0,62,10,0,10,72
01/09/2017,ROA,VA,AEA,EN,Combined TRACON& Tower with Radar,7,48,11,0,66,1,2,9,13,25,8,50,20,13,91,1,4,5,96
01/10/2017,ROA,VA,AEA,EN,Combined TRACON& Tower with Radar,7,41,10,0,58,0,0,16,1,17,7,41,26,1,75,49,0,49,124
01/11/2017,ROA,VA,AEA,EN,Combined TRACON& Tower with Radar,5,47,12,0,64,0,0,12,5,17,5,47,24,5,81,23,0,23,104
01/12/2017,ROA,VA,AEA,EN,Combined TRACON& Tower with Radar,9,45,23,0,77,0,1,48,4,53,9,46,71,4,130,84,0,84,214
01/13/2017,ROA,VA,AEA,EN,Combined TRACON& Tower with Radar,11,48,15,4,78,0,0,27,0,27,11,48,42,4,105,40,2,42,147
01/14/2017,ROA,VA,AEA,EN,Combined TRACON& Tower with Radar,3,35,13,0,51,0,0,0,0,0,3,35,13,0,51,26,0,26,77
01/15/2017,ROA,VA,AEA,EN,Combined TRACON& Tower with Radar,4,28,11,0,43,0,2,7,0,9,4,30,18,0,52,62,0,62,114
01/16/2017,ROA,VA,AEA,EN,Combined TRACON& Tower with Radar,6,41,14,0,61,0,0,0,0,0,6,41,14,0,61,0,0,0,61
01/17/2017,ROA,VA,AEA,EN,Combined TRACON& Tower with Radar,6,39,9,0,54,0,0,0,0,0,6,39,9,0,54,0,0,0,54
01/18/2017,ROA,VA,AEA,EN,Combined TRACON& Tower with Radar,6,39,10,0,55,0,0,35,0,35,6,39,45,0,90,40,0,40,130
01/19/2017,ROA,VA,AEA,EN,Combined TRACON& Tower with Radar,10,42,22,7,81,2,1,48,3,54,12,43,70,10,135,44,0,44,179
01/20/2017,ROA,VA,AEA,EN,Combined TRACON& Tower with Radar,6,48,19,2,75,0,0,1,2,3,6,48,20,4,78,0,0,0,78
01/21/2017,ROA,VA,AEA,EN,Combined TRACON& Tower with Radar,5,21,11,0,37,0,0,2,0,2,5,21,13,0,39,0,0,0,39
01/22/2017,ROA,VA,AEA,EN,Combined TRACON& Tower with Radar,5,27,7,0,39,0,0,0,0,0,5,27,7,0,39,0,0,0,39
01/23/2017,ROA,VA,AEA,EN,Combined TRACON& Tower with Radar,8,38,8,0,54,0,0,0,0,0,8,38,8,0,54,0,0,0,54
01/24/2017,ROA,VA,AEA,EN,Combined TRACON& Tower with Radar,6,41,21,0,68,0,0,8,0,8,6,41,29,0,76,0,0,0,76
01/25/2017,ROA,VA,AEA,EN,Combined TRACON& Tower with Radar,6,46,26,5,83,0,0,49,2,51,6,46,75,7,134,46,2,48,182
01/26/2017,ROA,VA,AEA,EN,Combined TRACON& Tower with Radar,7,42,17,4,70,0,0,9,0,9,7,42,26,4,79,16,0,16,95
01/27/2017,ROA,VA,AEA,EN,Combined TRACON& Tower with Radar,12,40,8,5,65,0,0,31,0,31,12,40,39,5,96,24,0,24,120
01/28/2017,ROA,VA,AEA,EN,Combined TRACON& Tower with Radar,7,35,14,4,60,0,0,43,3,46,7,35,57,7,106,11,2,13,119
01/29/2017,ROA,VA,AEA,EN,Combined TRACON& Tower with Radar,5,35,7,0,47,0,0,17,2,19,5,35,24,2,66,100,0,100,166
01/30/2017,ROA,VA,AEA,EN,Combined TRACON& Tower with Radar,7,40,22,0,69,0,0,15,1,16,7,40,37,1,85,6,0,6,91
01/31/2017,ROA,VA,AEA,EN,Combined TRACON& Tower with Radar,6,44,12,2,64,0,0,26,1,27,6,44,38,3,91,22,0,22,113
02/01/2017,ROA,VA,AEA,EN,Combined TRACON& Tower with Radar,8,43,21,4,76,0,1,41,0,42,8,44,62,4,118,126,0,126,244
02/02/2017,ROA,VA,AEA,EN,Combined TRACON& Tower with Radar,10,45,19,2,76,0,0,36,0,36,10,45,55,2,112,60,0,60,172
02/03/2017,ROA,VA,AEA,EN,Combined TRACON& Tower with Radar,7,37,21,5,70,0,0,44,2,46,7,37,65,7,116,40,0,40,156
02/04/2017,ROA,VA,AEA,EN,Combined TRACON& Tower with Radar,7,28,5,0,40,0,2,48,2,52,7,30,53,2,92,44,0,44,136
02/05/2017,ROA,VA,AEA,EN,Combined TRACON& Tower with Radar,6,32,13,0,51,0,0,11,0,11,6,32,24,0,62,4,0,4,66
02/06/2017,ROA,VA,AEA,EN,Combined TRACON& Tower with Radar,6,46,19,6,77,0,0,43,3,46,6,46,62,9,123,28,0,28,151
02/07/2017,ROA,VA,AEA,EN,Combined TRACON& Tower with Radar,6,42,13,10,71,0,0,17,1,18,6,42,30,11,89,12,24,36,125
02/08/2017,ROA,VA,AEA,EN,Combined TRACON& Tower with Radar,8,40,26,0,74,0,0,14,3,17,8,40,40,3,91,30,0,30,121
02/09/2017,ROA,VA,AEA,EN,Combined TRACON& Tower with Radar,10,45,26,0,81,0,0,0,6,6,10,45,26,6,87,0,0,0,87
02/10/2017,ROA,VA,AEA,EN,Combined TRACON& Tower with Radar,8,44,32,12,96,0,0,39,3,42,8,44,71,15,138,88,10,98,236
02/11/2017,ROA,VA,AEA,EN,Combined TRACON& Tower with Radar,6,31,24,0,61,0,6,27,2,35,6,37,51,2,96,50,0,50,146
02/12/2017,ROA,VA,AEA,EN,Combined TRACON& Tower with Radar,6,32,10,0,48,0,0,10,0,10,6,32,20,0,58,60,0,60,118
02/13/2017,ROA,VA,AEA,EN,Combined TRACON& Tower with Radar,6,41,24,0,71,0,0,6,0,6,6,41,30,0,77,0,0,0,77
02/14/2017,ROA,VA,AEA,EN,Combined TRACON& Tower with Radar,8,46,37,6,97,0,0,30,0,30,8,46,67,6,127,30,0,30,157
02/15/2017,ROA,VA,AEA,EN,Combined TRACON& Tower with Radar,6,43,30,2,81,0,0,6,0,6,6,43,36,2,87,24,0,24,111
02/16/2017,ROA,VA,AEA,EN,Combined TRACON& Tower with Radar,10,47,22,0,79,0,0,14,2,16,10,47,36,2,95,32,0,32,127
02/17/2017,ROA,VA,AEA,EN,Combined TRACON& Tower with Radar,10,40,41,0,91,0,1,58,2,61,10,41,99,2,152,81,0,81,233
02/18/2017,ROA,VA,AEA,EN,Combined TRACON& Tower with Radar,4,36,7,0,47,0,2,36,1,39,4,38,43,1,86,32,0,32,118
02/19/2017,ROA,VA,AEA,EN,Combined TRACON& Tower with Radar,4,39,13,0,56,0,0,26,0,26,4,39,39,0,82,53,0,53,135
02/20/2017,ROA,VA,AEA,EN,Combined TRACON& Tower with Radar,8,45,27,0,80,0,0,42,3,45,8,45,69,3,125,50,0,50,175
02/21/2017,ROA,VA,AEA,EN,Combined TRACON& Tower with Radar,6,47,21,0,74,0,0,27,0,27,6,47,48,0,101,52,0,52,153
02/22/2017,ROA,VA,AEA,EN,Combined TRACON& Tower with Radar,7,51,30,5,93,0,1,0,0,1,7,52,30,5,94,4,0,4,98
02/23/2017,ROA,VA,AEA,EN,Combined TRACON& Tower with Radar,10,42,23,0,75,0,0,40,1,41,10,42,63,1,116,24,0,24,140
02/24/2017,ROA,VA,AEA,EN,Combined TRACON& Tower with Radar,8,46,14,1,69,0,0,47,3,50,8,46,61,4,119,47,0,47,166
02/25/2017,ROA,VA,AEA,EN,Combined TRACON& Tower with Radar,4,35,7,0,46,0,1,8,2,11,4,36,15,2,57,26,26,52,109
02/26/2017,ROA,VA,AEA,EN,Combined TRACON& Tower with Radar,6,41,24,0,71,0,1,23,3,27,6,42,47,3,98,28,0,28,126
02/27/2017,ROA,VA,AEA,EN,Combined TRACON& Tower with Radar,7,46,22,2,77,0,0,44,0,44,7,46,66,2,121,36,0,36,157
02/28/2017,ROA,VA,AEA,EN,Combined TRACON& Tower with Radar,7,45,14,0,66,0,0,11,0,11,7,45,25,0,77,24,0,24,101
03/01/2017,ROA,VA,AEA,EN,Combined TRACON& Tower with Radar,5,44,6,0,55,0,1,3,0,4,5,45,9,0,59,0,0,0,59
03/02/2017,ROA,VA,AEA,EN,Combined TRACON& Tower with Radar,9,44,27,0,80,0,0,15,0,15,9,44,42,0,95,0,0,0,95
03/03/2017,ROA,VA,AEA,EN,Combined TRACON& Tower with Radar,8,49,14,0,71,0,1,7,0,8,8,50,21,0,79,4,0,4,83
03/04/2017,ROA,VA,AEA,EN,Combined TRACON& Tower with Radar,4,45,12,0,61,0,1,26,0,27,4,46,38,0,88,16,0,16,104
03/05/2017,ROA,VA,AEA,EN,Combined TRACON& Tower with Radar,4,38,21,0,63,0,0,34,0,34,4,38,55,0,97,22,0,22,119
03/06/2017,ROA,VA,AEA,EN,Combined TRACON& Tower with Radar,6,42,26,3,77,0,2,37,0,39,6,44,63,3,116,58,0,58,174
03/07/2017,ROA,VA,AEA,EN,Combined TRACON& Tower with Radar,6,48,25,0,79,0,1,11,0,12,6,49,36,0,91,12,0,12,103
03/08/2017,ROA,VA,AEA,EN,Combined TRACON& Tower with Radar,5,47,21,1,74,0,0,30,0,30,5,47,51,1,104,20,0,20,124
03/09/2017,ROA,VA,AEA,EN,Combined TRACON& Tower with Radar,9,39,40,0,88,0,0,37,2,39,9,39,77,2,127,28,0,28,155
03/10/2017,ROA,VA,AEA,EN,Combined TRACON& Tower with Radar,8,37,13,8,66,0,0,0,2,2,8,37,13,10,68,0,0,0,68
03/11/2017,ROA,VA,AEA,EN,Combined TRACON& Tower with Radar,4,36,6,0,46,0,1,22,4,27,4,37,28,4,73,42,0,42,115
03/12/2017,ROA,VA,AEA,EN,Combined TRACON& Tower with Radar,4,39,12,0,55,0,1,34,1,36,4,40,46,1,91,30,0,30,121
03/13/2017,ROA,VA,AEA,EN,Combined TRACON& Tower with Radar,8,38,29,14,89,0,0,15,2,17,8,38,44,16,106,60,16,76,182
03/14/2017,ROA,VA,AEA,EN,Combined TRACON& Tower with Radar,6,28,20,0,54,0,0,1,0,1,6,28,21,0,55,32,0,32,87
03/15/2017,ROA,VA,AEA,EN,Combined TRACON& Tower with Radar,6,48,23,4,81,0,2,2,2,6,6,50,25,6,87,0,4,4,91
03/16/2017,ROA,VA,AEA,EN,Combined TRACON& Tower with Radar,10,44,17,0,71,0,5,41,4,50,10,49,58,4,121,32,0,32,153
03/17/2017,ROA,VA,AEA,EN,Combined TRACON& Tower with Radar,11,42,18,0,71,0,0,48,0,48,11,42,66,0,119,15,0,15,134
03/18/2017,ROA,VA,AEA,EN,Combined TRACON& Tower with Radar,3,43,10,0,56,0,1,32,1,34,3,44,42,1,90,34,0,34,124
03/19/2017,ROA,VA,AEA,EN,Combined TRACON& Tower with Radar,6,42,9,0,57,0,0,23,1,24,6,42,32,1,81,6,0,6,87
03/20/2017,ROA,VA,AEA,EN,Combined TRACON& Tower with Radar,6,39,15,0,60,0,0,53,0,53,6,39,68,0,113,68,0,68,181
03/21/2017,ROA,VA,AEA,EN,Combined TRACON& Tower with Radar,6,44,23,4,77,0,0,40,1,41,6,44,63,5,118,41,0,41,159
03/22/2017,ROA,VA,AEA,EN,Combined TRACON& Tower with Radar,8,46,20,0,74,0,0,21,1,22,8,46,41,1,96,58,0,58,154
03/23/2017,ROA,VA,AEA,EN,Combined TRACON& Tower with Radar,8,39,19,6,72,0,0,50,0,50,8,39,69,6,122,26,2,28,150
03/24/2017,ROA,VA,AEA,EN,Combined TRACON& Tower with Radar,8,45,19,2,74,0,0,62,1,63,8,45,81,3,137,54,0,54,191
03/25/2017,ROA,VA,AEA,EN,Combined TRACON& Tower with Radar,9,40,22,0,71,0,2,48,3,53,9,42,70,3,124,0,0,0,124
03/26/2017,ROA,VA,AEA,EN,Combined TRACON& Tower with Radar,7,42,17,0,66,0,0,11,0,11,7,42,28,0,77,0,0,0,77
03/27/2017,ROA,VA,AEA,EN,Combined TRACON& Tower with Radar,6,41,24,0,71,0,0,20,0,20,6,41,44,0,91,56,0,56,147
03/28/2017,ROA,VA,AEA,EN,Combined TRACON& Tower with Radar,8,45,20,0,73,0,0,12,1,13,8,45,32,1,86,14,0,14,100
03/29/2017,ROA,VA,AEA,EN,Combined TRACON& Tower with Radar,6,44,27,2,79,0,1,49,0,50,6,45,76,2,129,90,0,90,219
03/30/2017,ROA,VA,AEA,EN,Combined TRACON& Tower with Radar,8,47,30,0,85,0,0,0,0,0,8,47,30,0,85,0,0,0,85
03/31/2017,ROA,VA,AEA,EN,Combined TRACON& Tower with Radar,8,52,24,2,86,0,0,4,0,4,8,52,28,2,90,32,0,32,122
04/01/2017,ROA,VA,AEA,EN,Combined TRACON& Tower with Radar,6,36,15,2,59,0,3,8,3,14,6,39,23,5,73,0,0,0,73
04/02/2017,ROA,VA,AEA,EN,Combined TRACON& Tower with Radar,4,47,23,0,74,0,1,50,0,51,4,48,73,0,125,54,0,54,179
04/03/2017,ROA,VA,AEA,EN,Combined TRACON& Tower with Radar,5,37,14,0,56,0,0,6,0,6,5,37,20,0,62,16,0,16,78
04/04/2017,ROA,VA,AEA,EN,Combined TRACON& Tower with Radar,9,44,21,4,78,0,1,20,0,21,9,45,41,4,99,52,0,52,151
04/05/2017,ROA,VA,AEA,EN,Combined TRACON& Tower with Radar,5,36,25,0,66,0,0,45,0,45,5,36,70,0,111,48,0,48,159
04/06/2017,ROA,VA,AEA,EN,Combined TRACON& Tower with Radar,10,39,21,0,70,0,0,3,0,3,10,39,24,0,73,0,0,0,73
04/07/2017,ROA,VA,AEA,EN,Combined TRACON& Tower with Radar,10,50,17,0,77,0,0,1,0,1,10,50,18,0,78,10,0,10,88
04/08/2017,ROA,VA,AEA,EN,Combined TRACON& Tower with Radar,2,41,24,0,67,0,2,46,2,50,2,43,70,2,117,86,0,86,203
04/09/2017,ROA,VA,AEA,EN,Combined TRACON& Tower with Radar,5,45,14,3,67,0,0,41,2,43,5,45,55,5,110,20,0,20,130
04/10/2017,ROA,VA,AEA,EN,Combined TRACON& Tower with Radar,6,43,21,0,70,0,0,47,4,51,6,43,68,4,121,78,0,78,199
04/11/2017,ROA,VA,AEA,EN,Combined TRACON& Tower with Radar,6,46,20,0,72,0,2,34,3,39,6,48,54,3,111,36,0,36,147
04/12/2017,ROA,VA,AEA,EN,Combined TRACON& Tower with Radar,6,46,17,0,69,0,1,31,3,35,6,47,48,3,104,85,0,85,189
04/13/2017,ROA,VA,AEA,EN,Combined TRACON& Tower with Radar,10,47,30,4,91,0,0,34,3,37,10,47,64,7,128,20,0,20,148
04/14/2017,ROA,VA,AEA,EN,Combined TRACON& Tower with Radar,9,46,16,4,75,0,1,48,1,50,9,47,64,5,125,60,2,62,187
04/15/2017,ROA,VA,AEA,EN,Combined TRACON& Tower with Radar,3,31,15,1,50,0,0,19,0,19,3,31,34,1,69,14,0,14,83
04/16/2017,ROA,VA,AEA,EN,Combined TRACON& Tower with Radar,4,42,12,0,58,0,0,24,0,24,4,42,36,0,82,8,0,8,90
04/17/2017,ROA,VA,AEA,EN,Combined TRACON& Tower with Radar,6,52,18,0,76,0,1,24,0,25,6,53,42,0,101,10,0,10,111
04/18/2017,ROA,VA,AEA,EN,Combined TRACON& Tower with Radar,6,42,24,2,74,0,0,31,2,33,6,42,55,4,107,38,0,38,145
04/19/2017,ROA,VA,AEA,EN,Combined TRACON& Tower with Radar,6,45,27,0,78,0,0,0,0,0,6,45,27,0,78,0,0,0,78
04/20/2017,ROA,VA,AEA,EN,Combined TRACON& Tower with Radar,10,47,36,3,96,0,1,29,4,34,10,48,65,7,130,20,0,20,150
04/21/2017,ROA,VA,AEA,EN,Combined TRACON& Tower with Radar,8,54,25,4,91,0,0,28,3,31,8,54,53,7,122,24,0,24,146
04/22/2017,ROA,VA,AEA,EN,Combined TRACON& Tower with Radar,4,33,13,0,50,0,0,2,0,2,4,33,15,0,52,0,0,0,52
04/23/2017,ROA,VA,AEA,EN,Combined TRACON& Tower with Radar,4,40,5,0,49,0,0,0,0,0,4,40,5,0,49,0,0,0,49
04/24/2017,ROA,VA,AEA,EN,Combined TRACON& Tower with Radar,6,46,25,0,77,0,0,0,0,0,6,46,25,0,77,0,0,0,77
04/25/2017,ROA,VA,AEA,EN,Combined TRACON& Tower with Radar,6,50,17,2,75,0,0,1,0,1,6,50,18,2,76,20,0,20,96
04/26/2017,ROA,VA,AEA,EN,Combined TRACON& Tower with Radar,6,44,29,3,82,0,0,59,2,61,6,44,88,5,143,56,0,56,199
04/27/2017,ROA,VA,AEA,EN,Combined TRACON& Tower with Radar,6,47,25,0,78,0,1,26,0,27,6,48,51,0,105,50,0,50,155
04/28/2017,ROA,VA,AEA,EN,Combined TRACON& Tower with Radar,12,47,33,5,97,0,0,40,0,40,12,47,73,5,137,20,6,26,163
04/29/2017,ROA,VA,AEA,EN,Combined TRACON& Tower with Radar,4,28,6,0,38,0,0,39,0,39,4,28,45,0,77,32,0,32,109
04/30/2017,ROA,VA,AEA,EN,Combined TRACON& Tower with Radar,4,43,18,0,65,0,0,26,0,26,4,43,44,0,91,65,0,65,156
05/01/2017,ROA,VA,AEA,EN,Combined TRACON& Tower with Radar,6,39,10,2,57,0,0,0,0,0,6,39,10,2,57,0,0,0,57
05/02/2017,ROA,VA,AEA,EN,Combined TRACON& Tower with Radar,6,42,21,2,71,0,0,12,2,14,6,42,33,4,85,4,0,4,89
05/03/2017,ROA,VA,AEA,EN,Combined TRACON& Tower with Radar,6,46,28,3,83,0,0,51,0,51,6,46,79,3,134,72,0,72,206
05/04/2017,ROA,VA,AEA,EN,Combined TRACON& Tower with Radar,7,49,19,0,75,0,0,17,0,17,7,49,36,0,92,24,0,24,116
05/05/2017,ROA,VA,AEA,EN,Combined TRACON& Tower with Radar,9,42,20,4,75,0,0,18,2,20,9,42,38,6,95,28,0,28,123
05/06/2017,ROA,VA,AEA,EN,Combined TRACON& Tower with Radar,7,35,19,0,61,0,0,64,1,65,7,35,83,1,126,0,0,0,126
05/07/2017,ROA,VA,AEA,EN,Combined TRACON& Tower with Radar,3,53,19,1,76,0,1,23,1,25,3,54,42,2,101,6,2,8,109
05/08/2017,ROA,VA,AEA,EN,Combined TRACON& Tower with Radar,9,42,19,5,75,0,0,42,1,43,9,42,61,6,118,12,8,20,138
05/09/2017,ROA,VA,AEA,EN,Combined TRACON& Tower with Radar,8,45,33,1,87,0,0,6,2,8,8,45,39,3,95,0,0,0,95
05/10/2017,ROA,VA,AEA,EN,Combined TRACON& Tower with Radar,8,47,30,6,91,0,0,28,4,32,8,47,58,10,123,93,2,95,218
05/11/2017,ROA,VA,AEA,EN,Combined TRACON& Tower with Radar,11,51,24,0,86,0,0,27,1,28,11,51,51,1,114,12,0,12,126
05/12/2017,ROA,VA,AEA,EN,Combined TRACON& Tower with Radar,9,50,34,0,93,0,0,0,0,0,9,50,34,0,93,0,0,0,93
05/13/2017,ROA,VA,AEA,EN,Combined TRACON& Tower with Radar,6,36,16,0,58,0,0,12,0,12,6,36,28,0,70,14,0,14,84
05/14/2017,ROA,VA,AEA,EN,Combined TRACON& Tower with Radar,4,42,23,0,69,0,1,12,1,14,4,43,35,1,83,0,0,0,83
05/15/2017,ROA,VA,AEA,EN,Combined TRACON& Tower with Radar,7,46,33,0,86,0,0,25,0,25,7,46,58,0,111,26,0,26,137
05/16/2017,ROA,VA,AEA,EN,Combined TRACON& Tower with Radar,6,50,16,14,86,0,0,52,0,52,6,50,68,14,138,32,0,32,170
05/17/2017,ROA,VA,AEA,EN,Combined TRACON& Tower with Radar,6,46,28,0,80,0,1,54,2,57,6,47,82,2,137,34,0,34,171
05/18/2017,ROA,VA,AEA,EN,Combined TRACON& Tower with Radar,9,59,43,0,111,0,0,33,0,33,9,59,76,0,144,32,0,32,176
05/19/2017,ROA,VA,AEA,EN,Combined TRACON& Tower with Radar,10,54,20,0,84,0,0,17,3,20,10,54,37,3,104,120,0,120,224
05/20/2017,ROA,VA,AEA,EN,Combined TRACON& Tower with Radar,4,45,20,0,69,0,0,19,0,19,4,45,39,0,88,6,0,6,94
05/21/2017,ROA,VA,AEA,EN,Combined TRACON& Tower with Radar,6,48,12,0,66,0,0,0,0,0,6,48,12,0,66,0,0,0,66
05/22/2017,ROA,VA,AEA,EN,Combined TRACON& Tower with Radar,6,44,22,0,72,0,0,17,0,17,6,44,39,0,89,40,0,40,129
05/23/2017,ROA,VA,AEA,EN,Combined TRACON& Tower with Radar,6,58,17,0,81,0,0,0,0,0,6,58,17,0,81,0,0,0,81
05/24/2017,ROA,VA,AEA,EN,Combined TRACON& Tower with Radar,6,53,19,0,78,0,0,0,0,0,6,53,19,0,78,0,0,0,78
05/25/2017,ROA,VA,AEA,EN,Combined TRACON& Tower with Radar,8,63,38,0,109,0,3,27,4,34,8,66,65,4,143,46,2,48,191
05/26/2017,ROA,VA,AEA,EN,Combined TRACON& Tower with Radar,11,58,26,0,95,0,0,38,1,39,11,58,64,1,134,44,0,44,178
05/27/2017,ROA,VA,AEA,EN,Combined TRACON& Tower with Radar,3,39,22,0,64,0,2,37,0,39,3,41,59,0,103,50,0,50,153
05/28/2017,ROA,VA,AEA,EN,Combined TRACON& Tower with Radar,4,47,16,0,67,0,0,13,0,13,4,47,29,0,80,24,0,24,104
05/29/2017,ROA,VA,AEA,EN,Combined TRACON& Tower with Radar,4,52,20,0,76,0,0,35,1,36,4,52,55,1,112,6,0,6,118
05/30/2017,ROA,VA,AEA,EN,Combined TRACON& Tower with Radar,4,49,25,0,78,0,0,39,0,39,4,49,64,0,117,58,0,58,175
05/31/2017,ROA,VA,AEA,EN,Combined TRACON& Tower with Radar,7,53,25,22,107,0,0,35,6,41,7,53,60,28,148,82,26,108,256
06/01/2017,ROA,VA,AEA,EN,Combined TRACON& Tower with Radar,8,49,33,7,97,0,4,57,4,65,8,53,90,11,162,114,10,124,286
06/02/2017,ROA,VA,AEA,EN,Combined TRACON& Tower with Radar,8,54,26,0,88,0,2,33,1,36,8,56,59,1,124,78,0,78,202
06/03/2017,ROA,VA,AEA,EN,Combined TRACON& Tower with Radar,6,43,13,1,63,0,3,40,1,44,6,46,53,2,107,54,0,54,161
06/04/2017,ROA,VA,AEA,EN,Combined TRACON& Tower with Radar,4,47,17,0,68,0,0,26,0,26,4,47,43,0,94,14,0,14,108
06/05/2017,ROA,VA,AEA,EN,Combined TRACON& Tower with Radar,8,43,13,0,64,0,0,1,0,1,8,43,14,0,65,56,0,56,121
06/06/2017,ROA,VA,AEA,EN,Combined TRACON& Tower with Radar,6,50,19,3,78,0,0,33,0,33,6,50,52,3,111,62,0,62,173
06/07/2017,ROA,VA,AEA,EN,Combined TRACON& Tower with Radar,6,56,24,9,95,0,1,28,0,29,6,57,52,9,124,104,12,116,240
06/08/2017,ROA,VA,AEA,EN,Combined TRACON& Tower with Radar,8,49,27,8,92,0,0,26,3,29,8,49,53,11,121,168,14,182,303
06/09/2017,ROA,VA,AEA,EN,Combined TRACON& Tower with Radar,9,49,27,0,85,0,0,42,0,42,9,49,69,0,127,50,0,50,177
06/10/2017,ROA,VA,AEA,EN,Combined TRACON& Tower with Radar,4,46,24,3,77,0,0,52,0,52,4,46,76,3,129,36,0,36,165
06/11/2017,ROA,VA,AEA,EN,Combined TRACON& Tower with Radar,4,40,17,0,61,0,2,26,0,28,4,42,43,0,89,0,0,0,89
06/12/2017,ROA,VA,AEA,EN,Combined TRACON& Tower with Radar,9,43,17,3,72,0,4,66,1,71,9,47,83,4,143,28,0,28,171
06/13/2017,ROA,VA,AEA,EN,Combined TRACON& Tower with Radar,10,49,20,0,79,0,0,46,1,47,10,49,66,1,126,68,0,68,194
06/14/2017,ROA,VA,AEA,EN,Combined TRACON& Tower with Radar,8,47,25,0,80,0,0,26,0,26,8,47,51,0,106,24,0,24,130
06/15/2017,ROA,VA,AEA,EN,Combined TRACON& Tower with Radar,7,43,20,0,70,0,1,15,0,16,7,44,35,0,86,122,0,122,208
06/16/2017,ROA,VA,AEA,EN,Combined TRACON& Tower with Radar,13,45,17,0,75,0,0,13,1,14,13,45,30,1,89,66,0,66,155
06/17/2017,ROA,VA,AEA,EN,Combined TRACON& Tower with Radar,4,43,20,0,67,0,0,6,0,6,4,43,26,0,73,18,0,18,91
06/18/2017,ROA,VA,AEA,EN,Combined TRACON& Tower with Radar,6,38,13,0,57,0,0,13,0,13,6,38,26,0,70,4,0,4,74
06/19/2017,ROA,VA,AEA,EN,Combined TRACON& Tower with Radar,9,46,25,2,82,0,0,13,0,13,9,46,38,2,95,52,0,52,147
06/20/2017,ROA,VA,AEA,EN,Combined TRACON& Tower with Radar,11,47,26,0,84,0,0,50,0,50,11,47,76,0,134,44,0,44,178
06/21/2017,ROA,VA,AEA,EN,Combined TRACON& Tower with Radar,8,51,35,8,102,0,2,42,1,45,8,53,77,9,147,54,6,60,207
06/22/2017,ROA,VA,AEA,EN,Combined TRACON& Tower with Radar,9,47,39,4,99,0,0,43,1,44,9,47,82,5,143,57,0,57,200
06/23/2017,ROA,VA,AEA,EN,Combined TRACON& Tower with Radar,11,43,17,11,82,0,0,14,1,15,11,43,31,12,97,29,9,38,135
06/24/2017,ROA,VA,AEA,EN,Combined TRACON& Tower with Radar,5,44,19,0,68,0,0,14,0,14,5,44,33,0,82,48,0,48,130
06/25/2017,ROA,VA,AEA,EN,Combined TRACON& Tower with Radar,6,43,20,1,70,0,0,26,3,29,6,43,46,4,99,6,0,6,105
06/26/2017,ROA,VA,AEA,EN,Combined TRACON& Tower with Radar,10,43,11,0,64,0,0,35,0,35,10,43,46,0,99,32,0,32,131
06/27/2017,ROA,VA,AEA,EN,Combined TRACON& Tower with Radar,10,54,27,5,96,0,1,35,0,36,10,55,62,5,132,64,2,66,198
06/28/2017,ROA,VA,AEA,EN,Combined TRACON& Tower with Radar,10,47,27,1,85,0,0,43,0,43,10,47,70,1,128,44,0,44,172
06/29/2017,ROA,VA,AEA,EN,Combined TRACON& Tower with Radar,10,49,25,2,86,0,1,36,5,42,10,50,61,7,128,82,0,82,210
06/30/2017,ROA,VA,AEA,EN,Combined TRACON& Tower with Radar,15,55,23,0,93,0,0,9,0,9,15,55,32,0,102,28,0,28,130
07/01/2017,ROA,VA,AEA,EN,Combined TRACON& Tower with Radar,7,39,16,0,62,0,0,18,0,18,7,39,34,0,80,7,0,7,87
07/02/2017,ROA,VA,AEA,EN,Combined TRACON& Tower with Radar,6,37,26,0,69,0,0,20,0,20,6,37,46,0,89,10,0,10,99
07/03/2017,ROA,VA,AEA,EN,Combined TRACON& Tower with Radar,8,36,17,0,61,0,0,34,1,35,8,36,51,1,96,30,0,30,126
07/04/2017,ROA,VA,AEA,EN,Combined TRACON& Tower with Radar,5,39,5,1,50,0,0,14,2,16,5,39,19,3,66,28,0,28,94
07/05/2017,ROA,VA,AEA,EN,Combined TRACON& Tower with Radar,11,43,18,6,78,0,0,1,2,3,11,43,19,8,81,0,0,0,81
07/06/2017,ROA,VA,AEA,EN,Combined TRACON& Tower with Radar,14,43,27,2,86,0,0,23,1,24,14,43,50,3,110,28,6,34,144
07/07/2017,ROA,VA,AEA,EN,Combined TRACON& Tower with Radar,10,45,23,1,79,0,1,39,2,42,10,46,62,3,121,42,0,42,163
07/08/2017,ROA,VA,AEA,EN,Combined TRACON& Tower with Radar,9,46,12,6,73,0,2,37,1,40,9,48,49,7,113,10,0,10,123
07/09/2017,ROA,VA,AEA,EN,Combined TRACON& Tower with Radar,9,42,26,0,77,0,2,39,1,42,9,44,65,1,119,22,0,22,141
07/10/2017,ROA,VA,AEA,EN,Combined TRACON& Tower with Radar,10,33,12,0,55,0,0,43,8,51,10,33,55,8,106,62,0,62,168
07/11/2017,ROA,VA,AEA,EN,Combined TRACON& Tower with Radar,14,41,16,9,80,0,0,20,0,20,14,41,36,9,100,56,4,60,160
07/12/2017,ROA,VA,AEA,EN,Combined TRACON& Tower with Radar,11,41,15,5,72,0,0,25,2,27,11,41,40,7,99,16,0,16,115
07/13/2017,ROA,VA,AEA,EN,Combined TRACON& Tower with Radar,15,46,31,0,92,0,2,16,1,19,15,48,47,1,111,14,0,14,125
07/14/2017,ROA,VA,AEA,EN,Combined TRACON& Tower with Radar,15,34,16,0,65,0,0,28,1,29,15,34,44,1,94,56,0,56,150
07/15/2017,ROA,VA,AEA,EN,Combined TRACON& Tower with Radar,8,37,20,0,65,0,0,17,4,21,8,37,37,4,86,18,0,18,104
07/16/2017,ROA,VA,AEA,EN,Combined TRACON& Tower with Radar,8,36,21,0,65,0,0,36,0,36,8,36,57,0,101,14,0,14,115
07/17/2017,ROA,VA,AEA,EN,Combined TRACON& Tower with Radar,11,48,34,14,107,0,0,35,2,37,11,48,69,16,144,40,6,46,190
07/18/2017,ROA,VA,AEA,EN,Combined TRACON& Tower with Radar,12,50,23,9,94,0,0,11,0,11,12,50,34,9,105,30,0,30,135
07/19/2017,ROA,VA,AEA,EN,Combined TRACON& Tower with Radar,13,50,32,0,95,0,0,47,0,47,13,50,79,0,142,100,0,100,242
07/20/2017,ROA,VA,AEA,EN,Combined TRACON& Tower with Radar,14,37,35,2,88,0,1,43,2,46,14,38,78,4,134,46,0,46,180
07/21/2017,ROA,VA,AEA,EN,Combined TRACON& Tower with Radar,13,40,15,4,72,0,0,23,0,23,13,40,38,4,95,42,4,46,141
07/22/2017,ROA,VA,AEA,EN,Combined TRACON& Tower with Radar,6,38,8,0,52,0,0,16,0,16,6,38,24,0,68,14,0,14,82
07/23/2017,ROA,VA,AEA,EN,Combined TRACON& Tower with Radar,8,36,16,0,60,0,0,17,0,17,8,36,33,0,77,6,0,6,83
07/24/2017,ROA,VA,AEA,EN,Combined TRACON& Tower with Radar,14,37,14,4,69,0,1,20,4,25,14,38,34,8,94,52,8,60,154
07/25/2017,ROA,VA,AEA,EN,Combined TRACON& Tower with Radar,12,41,26,1,80,0,1,23,0,24,12,42,49,1,104,24,0,24,128
07/26/2017,ROA,VA,AEA,EN,Combined TRACON& Tower with Radar,11,41,35,0,87,0,0,18,2,20,11,41,53,2,107,114,0,114,221
07/27/2017,ROA,VA,AEA,EN,Combined TRACON& Tower with Radar,15,43,28,0,86,0,22,18,0,40,15,65,46,0,126,22,0,22,148
07/28/2017,ROA,VA,AEA,EN,Combined TRACON& Tower with Radar,15,37,17,0,69,0,0,9,0,9,15,37,26,0,78,0,0,0,78
07/29/2017,ROA,VA,AEA,EN,Combined TRACON& Tower with Radar,6,39,20,0,65,0,5,20,0,25,6,44,40,0,90,66,0,66,156
07/30/2017,ROA,VA,AEA,EN,Combined TRACON& Tower with Radar,6,38,25,0,69,0,1,61,0,62,6,39,86,0,131,38,0,38,169
07/31/2017,ROA,VA,AEA,EN,Combined TRACON& Tower with Radar,13,41,22,6,82,0,0,28,1,29,13,41,50,7,111,66,0,66,177
08/01/2017,ROA,VA,AEA,EN,Combined TRACON& Tower with Radar,11,39,31,2,83,0,0,45,1,46,11,39,76,3,129,94,0,94,223
08/02/2017,ROA,VA,AEA,EN,Combined TRACON& Tower with Radar,10,41,24,6,81,0,3,28,2,33,10,44,52,8,114,65,0,65,179
08/03/2017,ROA,VA,AEA,EN,Combined TRACON& Tower with Radar,14,47,23,2,86,0,10,26,5,41,14,57,49,7,127,96,0,96,223
08/04/2017,ROA,VA,AEA,EN,Combined TRACON& Tower with Radar,14,38,22,1,75,0,0,24,1,25,14,38,46,2,100,44,0,44,144
08/05/2017,ROA,VA,AEA,EN,Combined TRACON& Tower with Radar,9,43,16,0,68,0,0,32,1,33,9,43,48,1,101,12,0,12,113
08/06/2017,ROA,VA,AEA,EN,Combined TRACON& Tower with Radar,7,41,21,0,69,0,1,47,2,50,7,42,68,2,119,18,0,18,137
08/07/2017,ROA,VA,AEA,EN,Combined TRACON& Tower with Radar,12,41,20,0,73,0,2,10,0,12,12,43,30,0,85,22,0,22,107
08/08/2017,ROA,VA,AEA,EN,Combined TRACON& Tower with Radar,14,42,12,2,70,0,0,17,0,17,14,42,29,2,87,50,1,51,138
08/09/2017,ROA,VA,AEA,EN,Combined TRACON& Tower with Radar,14,44,22,0,80,0,10,33,0,43,14,54,55,0,123,76,0,76,199
08/10/2017,ROA,VA,AEA,EN,Combined TRACON& Tower with Radar,15,42,24,0,81,0,17,40,8,65,15,59,64,8,146,82,0,82,228
08/11/2017,ROA,VA,AEA,EN,Combined TRACON& Tower with Radar,16,44,17,9,86,0,0,11,0,11,16,44,28,9,97,0,0,0,97
08/12/2017,ROA,VA,AEA,EN,Combined TRACON& Tower with Radar,5,38,13,0,56,0,0,12,1,13,5,38,25,1,69,74,0,74,143
08/13/2017,ROA,VA,AEA,EN,Combined TRACON& Tower with Radar,8,43,19,1,71,0,0,18,0,18,8,43,37,1,89,18,0,18,107
08/14/2017,ROA,VA,AEA,EN,Combined TRACON& Tower with Radar,13,43,30,3,89,0,1,2,0,3,13,44,32,3,92,24,0,24,116
08/15/2017,ROA,VA,AEA,EN,Combined TRACON& Tower with Radar,13,40,20,0,73,0,0,7,0,7,13,40,27,0,80,34,0,34,114
08/16/2017,ROA,VA,AEA,EN,Combined TRACON& Tower with Radar,11,44,27,0,82,0,0,32,3,35,11,44,59,3,117,24,20,44,161
08/17/2017,ROA,VA,AEA,EN,Combined TRACON& Tower with Radar,15,38,49,0,102,0,0,19,0,19,15,38,68,0,121,8,0,8,129
08/18/2017,ROA,VA,AEA,EN,Combined TRACON& Tower with Radar,15,44,28,0,87,0,0,10,1,11,15,44,38,1,98,34,0,34,132
08/19/2017,ROA,VA,AEA,EN,Combined TRACON& Tower with Radar,7,43,35,0,85,0,0,58,0,58,7,43,93,0,143,80,0,80,223
08/20/2017,ROA,VA,AEA,EN,Combined TRACON& Tower with Radar,8,41,20,0,69,0,0,15,3,18,8,41,35,3,87,54,0,54,141
08/21/2017,ROA,VA,AEA,EN,Combined TRACON& Tower with Radar,12,40,31,0,83,0,0,39,0,39,12,40,70,0,122,6,0,6,128
08/22/2017,ROA,VA,AEA,EN,Combined TRACON& Tower with Radar,14,41,21,4,80,0,2,20,1,23,14,43,41,5,103,34,0,34,137
08/23/2017,ROA,VA,AEA,EN,Combined TRACON& Tower with Radar,14,40,26,0,80,0,1,16,0,17,14,41,42,0,97,24,0,24,121
08/24/2017,ROA,VA,AEA,EN,Combined TRACON& Tower with Radar,18,45,37,0,100,0,1,28,6,35,18,46,65,6,135,36,0,36,171
08/25/2017,ROA,VA,AEA,EN,Combined TRACON& Tower with Radar,17,47,35,1,100,0,0,38,0,38,17,47,73,1,138,56,4,60,198
08/26/2017,ROA,VA,AEA,EN,Combined TRACON& Tower with Radar,9,35,21,2,67,0,0,15,1,16,9,35,36,3,83,35,0,35,118
08/27/2017,ROA,VA,AEA,EN,Combined TRACON& Tower with Radar,10,33,16,0,59,0,1,7,1,9,10,34,23,1,68,22,0,22,90
08/28/2017,ROA,VA,AEA,EN,Combined TRACON& Tower with Radar,13,40,26,0,79,0,0,25,1,26,13,40,51,1,105,56,0,56,161
08/29/2017,ROA,VA,AEA,EN,Combined TRACON& Tower with Radar,15,36,23,2,76,0,0,3,0,3,15,36,26,2,79,0,4,4,83
08/30/2017,ROA,VA,AEA,EN,Combined TRACON& Tower with Radar,16,41,34,0,91,0,0,20,0,20,16,41,54,0,111,6,0,6,117
08/31/2017,ROA,VA,AEA,EN,Combined TRACON& Tower with Radar,18,43,28,1,90,0,5,18,0,23,18,48,46,1,113,82,0,82,195
09/01/2017,ROA,VA,AEA,EN,Combined TRACON& Tower with Radar,21,43,14,2,80,0,0,0,0,0,21,43,14,2,80,0,0,0,80
09/02/2017,ROA,VA,AEA,EN,Combined TRACON& Tower with Radar,19,31,15,0,65,0,0,0,0,0,19,31,15,0,65,0,0,0,65
09/03/2017,ROA,VA,AEA,EN,Combined TRACON& Tower with Radar,8,27,7,0,42,0,6,31,1,38,8,33,38,1,80,64,0,64,144
09/04/2017,ROA,VA,AEA,EN,Combined TRACON& Tower with Radar,11,31,7,0,49,0,0,42,0,42,11,31,49,0,91,76,0,76,167
09/05/2017,ROA,VA,AEA,EN,Combined TRACON& Tower with Radar,13,36,22,2,73,0,0,17,0,17,13,36,39,2,90,34,0,34,124
09/06/2017,ROA,VA,AEA,EN,Combined TRACON& Tower with Radar,14,36,30,4,84,0,1,6,0,7,14,37,36,4,91,0,0,0,91
09/07/2017,ROA,VA,AEA,EN,Combined TRACON& Tower with Radar,13,45,27,2,87,0,3,35,3,41,13,48,62,5,128,26,6,32,160
09/08/2017,ROA,VA,AEA,EN,Combined TRACON& Tower with Radar,12,44,28,3,87,0,0,47,7,54,12,44,75,10,141,52,6,58,199
09/09/2017,ROA,VA,AEA,EN,Combined TRACON& Tower with Radar,6,35,24,0,65,0,0,25,2,27,6,35,49,2,92,44,0,44,136
09/10/2017,ROA,VA,AEA,EN,Combined TRACON& Tower with Radar,4,43,20,6,73,0,0,25,0,25,4,43,45,6,98,88,4,92,190
09/11/2017,ROA,VA,AEA,EN,Combined TRACON& Tower with Radar,6,33,8,6,53,2,0,12,1,15,8,33,20,7,68,26,0,26,94
09/12/2017,ROA,VA,AEA,EN,Combined TRACON& Tower with Radar,18,45,12,0,75,0,0,0,0,0,18,45,12,0,75,4,0,4,79
09/13/2017,ROA,VA,AEA,EN,Combined TRACON& Tower with Radar,10,44,17,0,71,0,1,24,1,26,10,45,41,1,97,20,0,20,117
09/14/2017,ROA,VA,AEA,EN,Combined TRACON& Tower with Radar,10,49,27,0,86,0,3,20,1,24,10,52,47,1,110,20,0,20,130
09/15/2017,ROA,VA,AEA,EN,Combined TRACON& Tower with Radar,19,46,35,2,102,0,0,30,0,30,19,46,65,2,132,30,0,30,162
09/16/2017,ROA,VA,AEA,EN,Combined TRACON& Tower with Radar,6,39,24,0,69,0,0,36,1,37,6,39,60,1,106,114,0,114,220
09/17/2017,ROA,VA,AEA,EN,Combined TRACON& Tower with Radar,7,42,20,0,69,0,0,12,3,15,7,42,32,3,84,92,0,92,176
09/18/2017,ROA,VA,AEA,EN,Combined TRACON& Tower with Radar,10,43,34,0,87,0,1,24,0,25,10,44,58,0,112,84,0,84,196
09/19/2017,ROA,VA,AEA,EN,Combined TRACON& Tower with Radar,10,49,22,4,85,0,2,24,2,28,10,51,46,6,113,46,12,58,171
09/20/2017,ROA,VA,AEA,EN,Combined TRACON& Tower with Radar,10,42,23,12,87,0,6,34,2,42,10,48,57,14,129,62,0,62,191
09/21/2017,ROA,VA,AEA,EN,Combined TRACON& Tower with Radar,12,45,47,3,107,0,11,33,2,46,12,56,80,5,153,110,0,110,263
09/22/2017,ROA,VA,AEA,EN,Combined TRACON& Tower with Radar,15,48,25,4,92,0,0,43,0,43,15,48,68,4,135,82,4,86,221
09/23/2017,ROA,VA,AEA,EN,Combined TRACON& Tower with Radar,5,38,13,1,57,0,1,22,0,23,5,39,35,1,80,34,0,34,114
09/24/2017,ROA,VA,AEA,EN,Combined TRACON& Tower with Radar,8,43,10,2,63,0,0,41,1,42,8,43,51,3,105,116,0,116,221
09/25/2017,ROA,VA,AEA,EN,Combined TRACON& Tower with Radar,10,47,31,4,92,0,0,18,0,18,10,47,49,4,110,56,0,56,166
09/26/2017,ROA,VA,AEA,EN,Combined TRACON& Tower with Radar,10,43,25,6,84,0,1,34,1,36,10,44,59,7,120,74,14,88,208
09/27/2017,ROA,VA,AEA,EN,Combined TRACON& Tower with Radar,10,48,33,3,94,0,0,37,1,38,10,48,70,4,132,36,2,38,170
09/28/2017,ROA,VA,AEA,EN,Combined TRACON& Tower with Radar,12,47,19,0,78,0,6,26,2,34,12,53,45,2,112,104,0,104,216
09/29/2017,ROA,VA,AEA,EN,Combined TRACON& Tower with Radar,16,48,36,0,100,0,4,44,0,48,16,52,80,0,148,132,0,132,280
09/30/2017,ROA,VA,AEA,EN,Combined TRACON& Tower with Radar,9,39,18,0,66,0,0,37,1,38,9,39,55,1,104,92,0,92,196
10/01/2017,ROA,VA,AEA,EN,Combined TRACON& Tower with Radar,8,44,21,0,73,0,1,35,1,37,8,45,56,1,110,24,0,24,134
10/02/2017,ROA,VA,AEA,EN,Combined TRACON& Tower with Radar,10,40,23,0,73,0,1,23,1,25,10,41,46,1,98,92,0,92,190
10/03/2017,ROA,VA,AEA,EN,Combined TRACON& Tower with Radar,10,43,18,2,73,0,0,45,5,50,10,43,63,7,123,83,0,83,206
10/04/2017,ROA,VA,AEA,EN,Combined TRACON& Tower with Radar,10,50,29,9,98,0,0,42,3,45,10,50,71,12,143,76,14,90,233
10/05/2017,ROA,VA,AEA,EN,Combined TRACON& Tower with Radar,10,61,27,0,98,0,2,24,1,27,10,63,51,1,125,28,0,28,153
10/06/2017,ROA,VA,AEA,EN,Combined TRACON& Tower with Radar,12,56,36,1,105,0,8,38,3,49,12,64,74,4,154,88,0,88,242
10/07/2017,ROA,VA,AEA,EN,Combined TRACON& Tower with Radar,3,40,23,1,67,0,1,18,0,19,3,41,41,1,86,10,0,10,96
10/08/2017,ROA,VA,AEA,EN,Combined TRACON& Tower with Radar,8,55,23,0,86,0,0,1,0,1,8,55,24,0,87,0,0,0,87
10/09/2017,ROA,VA,AEA,EN,Combined TRACON& Tower with Radar,11,47,28,0,86,0,0,7,4,11,11,47,35,4,97,10,0,10,107
10/10/2017,ROA,VA,AEA,EN,Combined TRACON& Tower with Radar,8,47,22,3,80,0,0,18,4,22,8,47,40,7,102,40,0,40,142
10/11/2017,ROA,VA,AEA,EN,Combined TRACON& Tower with Radar,10,51,17,9,87,0,0,11,3,14,10,51,28,12,101,34,0,34,135
10/12/2017,ROA,VA,AEA,EN,Combined TRACON& Tower with Radar,8,52,32,4,96,0,0,12,1,13,8,52,44,5,109,94,0,94,203
10/13/2017,ROA,VA,AEA,EN,Combined TRACON& Tower with Radar,13,52,9,0,74,0,0,0,0,0,13,52,9,0,74,0,0,0,74
10/14/2017,ROA,VA,AEA,EN,Combined TRACON& Tower with Radar,3,36,34,0,73,0,1,37,1,39,3,37,71,1,112,60,0,60,172
10/15/2017,ROA,VA,AEA,EN,Combined TRACON& Tower with Radar,8,47,21,2,78,0,0,13,0,13,8,47,34,2,91,0,0,0,91
10/16/2017,ROA,VA,AEA,EN,Combined TRACON& Tower with Radar,8,48,27,10,93,0,1,7,0,8,8,49,34,10,101,2,4,6,107
10/17/2017,ROA,VA,AEA,EN,Combined TRACON& Tower with Radar,8,46,23,5,82,0,0,30,3,33,8,46,53,8,115,66,0,66,181
10/18/2017,ROA,VA,AEA,EN,Combined TRACON& Tower with Radar,12,48,28,1,89,0,3,45,2,50,12,51,73,3,139,62,0,62,201
10/19/2017,ROA,VA,AEA,EN,Combined TRACON& Tower with Radar,10,56,23,0,89,0,1,39,0,40,10,57,62,0,129,102,0,102,231
10/20/2017,ROA,VA,AEA,EN,Combined TRACON& Tower with Radar,11,50,23,0,84,0,3,64,1,68,11,53,87,1,152,180,0,180,332
10/21/2017,ROA,VA,AEA,EN,Combined TRACON& Tower with Radar,3,40,14,0,57,0,12,44,6,62,3,52,58,6,119,128,0,128,247
10/22/2017,ROA,VA,AEA,EN,Combined TRACON& Tower with Radar,6,39,22,0,67,0,5,32,0,37,6,44,54,0,104,70,0,70,174
10/23/2017,ROA,VA,AEA,EN,Combined TRACON& Tower with Radar,8,46,28,3,85,0,0,6,0,6,8,46,34,3,91,16,0,16,107
10/24/2017,ROA,VA,AEA,EN,Combined TRACON& Tower with Radar,8,47,22,1,78,0,2,33,0,35,8,49,55,1,113,80,2,82,195
10/25/2017,ROA,VA,AEA,EN,Combined TRACON& Tower with Radar,8,48,26,1,83,0,5,28,8,41,8,53,54,9,124,118,0,118,242
10/26/2017,ROA,VA,AEA,EN,Combined TRACON& Tower with Radar,10,55,20,6,91,0,0,39,0,39,10,55,59,6,130,64,6,70,200
10/27/2017,ROA,VA,AEA,EN,Combined TRACON& Tower with Radar,11,47,13,6,77,1,0,44,0,45,12,47,57,6,122,124,0,124,246
10/28/2017,ROA,VA,AEA,EN,Combined TRACON& Tower with Radar,3,31,11,0,45,0,4,25,0,29,3,35,36,0,74,142,0,142,216
10/29/2017,ROA,VA,AEA,EN,Combined TRACON& Tower with Radar,6,44,14,0,64,0,0,2,0,2,6,44,16,0,66,0,0,0,66
10/30/2017,ROA,VA,AEA,EN,Combined TRACON& Tower with Radar,8,47,29,1,85,0,0,16,1,17,8,47,45,2,102,10,0,10,112
10/31/2017,ROA,VA,AEA,EN,Combined TRACON& Tower with Radar,12,46,30,6,94,0,0,27,5,32,12,46,57,11,126,40,30,70,196
11/01/2017,ROA,VA,AEA,EN,Combined TRACON& Tower with Radar,8,48,25,2,83,0,0,32,1,33,8,48,57,3,116,144,0,144,260
11/02/2017,ROA,VA,AEA,EN,Combined TRACON& Tower with Radar,10,48,22,0,80,0,0,45,0,45,10,48,67,0,125,66,0,66,191
11/03/2017,ROA,VA,AEA,EN,Combined TRACON& Tower with Radar,13,50,28,0,91,0,0,40,0,40,13,50,68,0,131,114,0,114,245
11/04/2017,ROA,VA,AEA,EN,Combined TRACON& Tower with Radar,5,43,9,0,57,0,0,0,0,0,5,43,9,0,57,0,0,0,57
11/05/2017,ROA,VA,AEA,EN,Combined TRACON& Tower with Radar,12,37,22,0,71,0,0,0,0,0,12,37,22,0,71,0,0,0,71
11/06/2017,ROA,VA,AEA,EN,Combined TRACON& Tower with Radar,8,37,21,0,66,0,0,17,0,17,8,37,38,0,83,26,0,26,109
11/07/2017,ROA,VA,AEA,EN,Combined TRACON& Tower with Radar,8,47,24,0,79,0,0,0,0,0,8,47,24,0,79,0,0,0,79
11/08/2017,ROA,VA,AEA,EN,Combined TRACON& Tower with Radar,8,43,34,0,85,0,0,0,0,0,8,43,34,0,85,0,0,0,85
11/09/2017,ROA,VA,AEA,EN,Combined TRACON& Tower with Radar,15,45,28,0,88,0,0,7,0,7,15,45,35,0,95,22,0,22,117
11/10/2017,ROA,VA,AEA,EN,Combined TRACON& Tower with Radar,11,46,31,4,92,0,2,33,1,36,11,48,64,5,128,34,4,38,166
11/11/2017,ROA,VA,AEA,EN,Combined TRACON& Tower with Radar,6,32,17,0,55,0,3,46,0,49,6,35,63,0,104,10,0,10,114
11/12/2017,ROA,VA,AEA,EN,Combined TRACON& Tower with Radar,6,39,26,0,71,0,0,23,0,23,6,39,49,0,94,18,0,18,112
11/13/2017,ROA,VA,AEA,EN,Combined TRACON& Tower with Radar,10,43,29,2,84,0,0,10,0,10,10,43,39,2,94,112,0,112,206
11/14/2017,ROA,VA,AEA,EN,Combined TRACON& Tower with Radar,8,43,18,0,69,0,0,18,0,18,8,43,36,0,87,226,0,226,313
11/15/2017,ROA,VA,AEA,EN,Combined TRACON& Tower with Radar,8,46,27,2,83,0,0,30,2,32,8,46,57,4,115,159,0,159,274
11/16/2017,ROA,VA,AEA,EN,Combined TRACON& Tower with Radar,11,47,35,4,97,0,1,17,0,18,11,48,52,4,115,148,6,154,269
11/17/2017,ROA,VA,AEA,EN,Combined TRACON& Tower with Radar,15,45,38,2,100,0,1,40,2,43,15,46,78,4,143,42,0,42,185
11/18/2017,ROA,VA,AEA,EN,Combined TRACON& Tower with Radar,7,31,12,0,50,0,0,26,0,26,7,31,38,0,76,98,0,98,174
11/19/2017,ROA,VA,AEA,EN,Combined TRACON& Tower with Radar,6,32,20,1,59,0,1,1,3,5,6,33,21,4,64,6,0,6,70
11/20/2017,ROA,VA,AEA,EN,Combined TRACON& Tower with Radar,9,47,17,0,73,0,0,22,1,23,9,47,39,1,96,48,0,48,144
11/21/2017,ROA,VA,AEA,EN,Combined TRACON& Tower with Radar,12,40,21,9,82,0,0,26,2,28,12,40,47,11,110,12,18,30,140
11/22/2017,ROA,VA,AEA,EN,Combined TRACON& Tower with Radar,10,45,23,0,78,0,0,19,2,21,10,45,42,2,99,88,0,88,187
11/23/2017,ROA,VA,AEA,EN,Combined TRACON& Tower with Radar,2,21,15,0,38,0,0,6,4,10,2,21,21,4,48,0,0,0,48
11/24/2017,ROA,VA,AEA,EN,Combined TRACON& Tower with Radar,11,28,23,0,62,0,2,39,0,41,11,30,62,0,103,8,0,8,111
11/25/2017,ROA,VA,AEA,EN,Combined TRACON& Tower with Radar,7,48,12,1,68,0,2,26,0,28,7,50,38,1,96,4,0,4,100
11/26/2017,ROA,VA,AEA,EN,Combined TRACON& Tower with Radar,6,44,15,0,65,0,0,20,0,20,6,44,35,0,85,6,0,6,91
11/27/2017,ROA,VA,AEA,EN,Combined TRACON& Tower with Radar,7,44,25,4,80,0,0,26,1,27,7,44,51,5,107,22,0,22,129
11/28/2017,ROA,VA,AEA,EN,Combined TRACON& Tower with Radar,8,40,26,0,74,0,0,19,4,23,8,40,45,4,97,6,0,6,103
11/29/2017,ROA,VA,AEA,EN,Combined TRACON& Tower with Radar,9,44,24,1,78,0,21,33,2,56,9,65,57,3,134,46,0,46,180
11/30/2017,ROA,VA,AEA,EN,Combined TRACON& Tower with Radar,10,44,15,3,72,0,8,30,0,38,10,52,45,3,110,62,0,62,172
12/01/2017,ROA,VA,AEA,EN,Combined TRACON& Tower with Radar,9,48,23,0,80,0,1,40,3,44,9,49,63,3,124,60,0,60,184
12/02/2017,ROA,VA,AEA,EN,Combined TRACON& Tower with Radar,4,37,24,0,65,0,2,20,2,24,4,39,44,2,89,24,2,26,115
12/03/2017,ROA,VA,AEA,EN,Combined TRACON& Tower with Radar,4,38,23,0,65,0,1,31,0,32,4,39,54,0,97,28,0,28,125
12/04/2017,ROA,VA,AEA,EN,Combined TRACON& Tower with Radar,6,43,28,0,77,0,1,21,0,22,6,44,49,0,99,42,0,42,141
12/05/2017,ROA,VA,AEA,EN,Combined TRACON& Tower with Radar,8,42,19,0,69,0,0,11,0,11,8,42,30,0,80,28,0,28,108
12/06/2017,ROA,VA,AEA,EN,Combined TRACON& Tower with Radar,8,46,25,2,81,0,2,20,8,30,8,48,45,10,111,76,0,76,187
12/07/2017,ROA,VA,AEA,EN,Combined TRACON& Tower with Radar,10,49,23,2,84,2,5,46,2,55,12,54,69,4,139,90,0,90,229
12/08/2017,ROA,VA,AEA,EN,Combined TRACON& Tower with Radar,7,41,18,0,66,0,0,11,0,11,7,41,29,0,77,20,0,20,97
12/09/2017,ROA,VA,AEA,EN,Combined TRACON& Tower with Radar,3,31,7,0,41,0,0,1,0,1,3,31,8,0,42,0,0,0,42
12/10/2017,ROA,VA,AEA,EN,Combined TRACON& Tower with Radar,4,38,16,2,60,0,1,13,3,17,4,39,29,5,77,58,0,58,135
12/11/2017,ROA,VA,AEA,EN,Combined TRACON& Tower with Radar,8,44,27,7,86,0,0,35,2,37,8,44,62,9,123,34,0,34,157
12/12/2017,ROA,VA,AEA,EN,Combined TRACON& Tower with Radar,11,46,21,2,80,0,0,8,0,8,11,46,29,2,88,16,0,16,104
12/13/2017,ROA,VA,AEA,EN,Combined TRACON& Tower with Radar,13,47,16,1,77,0,1,14,3,18,13,48,30,4,95,54,0,54,149
12/14/2017,ROA,VA,AEA,EN,Combined TRACON& Tower with Radar,12,47,26,2,87,0,4,22,0,26,12,51,48,2,113,82,0,82,195
12/15/2017,ROA,VA,AEA,EN,Combined TRACON& Tower with Radar,11,55,29,1,96,0,0,8,2,10,11,55,37,3,106,34,0,34,140
12/16/2017,ROA,VA,AEA,EN,Combined TRACON& Tower with Radar,8,35,34,0,77,0,0,34,0,34,8,35,68,0,111,14,0,14,125
12/17/2017,ROA,VA,AEA,EN,Combined TRACON& Tower with Radar,7,35,14,0,56,0,0,12,2,14,7,35,26,2,70,44,0,44,114
12/18/2017,ROA,VA,AEA,EN,Combined TRACON& Tower with Radar,10,45,34,0,89,0,0,16,0,16,10,45,50,0,105,28,2,30,135
12/19/2017,ROA,VA,AEA,EN,Combined TRACON& Tower with Radar,12,42,15,11,80,0,0,25,2,27,12,42,40,13,107,24,14,38,145
12/20/2017,ROA,VA,AEA,EN,Combined TRACON& Tower with Radar,14,44,34,2,94,0,0,15,0,15,14,44,49,2,109,1,0,1,110
12/21/2017,ROA,VA,AEA,EN,Combined TRACON& Tower with Radar,14,47,19,0,80,0,4,32,2,38,14,51,51,2,118,94,0,94,212
12/22/2017,ROA,VA,AEA,EN,Combined TRACON& Tower with Radar,9,45,17,0,71,0,0,26,0,26,9,45,43,0,97,114,0,114,211
12/23/2017,ROA,VA,AEA,EN,Combined TRACON& Tower with Radar,13,40,11,0,64,0,0,6,0,6,13,40,17,0,70,0,0,0,70
12/24/2017,ROA,VA,AEA,EN,Combined TRACON& Tower with Radar,4,25,2,0,31,0,0,2,1,3,4,25,4,1,34,14,0,14,48
12/25/2017,ROA,VA,AEA,EN,Combined TRACON& Tower with Radar,6,26,0,0,32,0,1,4,0,5,6,27,4,0,37,0,0,0,37
12/26/2017,ROA,VA,AEA,EN,Combined TRACON& Tower with Radar,6,33,12,0,51,0,0,16,0,16,6,33,28,0,67,0,0,0,67
12/27/2017,ROA,VA,AEA,EN,Combined TRACON& Tower with Radar,10,46,17,0,73,0,2,27,0,29,10,48,44,0,102,52,0,52,154
12/28/2017,ROA,VA,AEA,EN,Combined TRACON& Tower with Radar,10,39,13,2,64,0,0,22,0,22,10,39,35,2,86,64,0,64,150
12/29/2017,ROA,VA,AEA,EN,Combined TRACON& Tower with Radar,12,37,9,2,60,0,3,36,1,40,12,40,45,3,100,38,6,44,144
12/30/2017,ROA,VA,AEA,EN,Combined TRACON& Tower with Radar,9,31,13,0,53,0,0,6,1,7,9,31,19,1,60,0,0,0,60
12/31/2017,ROA,VA,AEA,EN,Combined TRACON& Tower with Radar,4,28,6,0,38,0,1,15,0,16,4,29,21,0,54,28,4,32,86
01/01/2018,ROA,VA,AEA,EN,Combined TRACON& Tower with Radar,6,35,13,0,54,0,1,16,3,20,6,36,29,3,74,0,0,0,74
01/02/2018,ROA,VA,AEA,EN,Combined TRACON& Tower with Radar,7,36,17,0,60,0,0,22,2,24,7,36,39,2,84,42,0,42,126
01/03/2018,ROA,VA,AEA,EN,Combined TRACON& Tower with Radar,8,34,10,1,53,0,0,40,1,41,8,34,50,2,94,6,0,6,100
01/04/2018,ROA,VA,AEA,EN,Combined TRACON& Tower with Radar,10,30,9,0,49,0,0,5,0,5,10,30,14,0,54,0,0,0,54
01/05/2018,ROA,VA,AEA,EN,Combined TRACON& Tower with Radar,11,35,8,0,54,0,0,3,0,3,11,35,11,0,57,0,0,0,57
01/06/2018,ROA,VA,AEA,EN,Combined TRACON& Tower with Radar,3,31,12,0,46,0,0,7,0,7,3,31,19,0,53,0,0,0,53
01/07/2018,ROA,VA,AEA,EN,Combined TRACON& Tower with Radar,6,37,5,0,48,0,0,12,0,12,6,37,17,0,60,0,0,0,60
01/08/2018,ROA,VA,AEA,EN,Combined TRACON& Tower with Radar,9,33,17,0,59,0,0,2,0,2,9,33,19,0,61,24,0,24,85
01/09/2018,ROA,VA,AEA,EN,Combined TRACON& Tower with Radar,11,40,19,0,70,0,0,43,0,43,11,40,62,0,113,28,0,28,141
01/10/2018,ROA,VA,AEA,EN,Combined TRACON& Tower with Radar,10,42,23,0,75,0,0,21,3,24,10,42,44,3,99,80,2,82,181
01/11/2018,ROA,VA,AEA,EN,Combined TRACON& Tower with Radar,10,30,14,4,58,0,0,0,0,0,10,30,14,4,58,0,0,0,58
01/12/2018,ROA,VA,AEA,EN,Combined TRACON& Tower with Radar,12,35,23,9,79,0,0,4,0,4,12,35,27,9,83,62,6,68,151
01/13/2018,ROA,VA,AEA,EN,Combined TRACON& Tower with Radar,6,28,14,0,48,0,0,11,0,11,6,28,25,0,59,0,0,0,59
01/14/2018,ROA,VA,AEA,EN,Combined TRACON& Tower with Radar,8,27,18,0,53,0,0,37,0,37,8,27,55,0,90,36,0,36,126
01/15/2018,ROA,VA,AEA,EN,Combined TRACON& Tower with Radar,9,34,12,0,55,0,0,42,0,42,9,34,54,0,97,14,0,14,111
01/16/2018,ROA,VA,AEA,EN,Combined TRACON& Tower with Radar,8,34,18,2,62,0,0,11,0,11,8,34,29,2,73,22,0,22,95
01/17/2018,ROA,VA,AEA,EN,Combined TRACON& Tower with Radar,6,34,18,0,58,0,0,0,0,0,6,34,18,0,58,0,0,0,58
01/18/2018,ROA,VA,AEA,EN,Combined TRACON& Tower with Radar,8,39,21,5,73,0,0,9,0,9,8,39,30,5,82,0,0,0,82
01/19/2018,ROA,VA,AEA,EN,Combined TRACON& Tower with Radar,18,39,16,0,73,0,0,35,2,37,18,39,51,2,110,66,0,66,176
01/20/2018,ROA,VA,AEA,EN,Combined TRACON& Tower with Radar,7,27,14,0,48,0,0,11,0,11,7,27,25,0,59,24,0,24,83
01/21/2018,ROA,VA,AEA,EN,Combined TRACON& Tower with Radar,7,29,22,1,59,1,0,36,1,38,8,29,58,2,97,12,0,12,109
01/22/2018,ROA,VA,AEA,EN,Combined TRACON& Tower with Radar,10,32,21,0,63,0,0,25,1,26,10,32,46,1,89,38,0,38,127
01/23/2018,ROA,VA,AEA,EN,Combined TRACON& Tower with Radar,10,36,18,2,66,0,1,1,0,2,10,37,19,2,68,0,0,0,68
01/24/2018,ROA,VA,AEA,EN,Combined TRACON& Tower with Radar,10,36,14,0,60,0,7,19,0,26,10,43,33,0,86,38,0,38,124
01/25/2018,ROA,VA,AEA,EN,Combined TRACON& Tower with Radar,12,38,34,0,84,0,5,24,1,30,12,43,58,1,114,116,0,116,230
01/26/2018,ROA,VA,AEA,EN,Combined TRACON& Tower with Radar,14,35,19,2,70,0,0,45,1,46,14,35,64,3,116,62,10,72,188
01/27/2018,ROA,VA,AEA,EN,Combined TRACON& Tower with Radar,6,36,23,0,65,0,0,13,1,14,6,36,36,1,79,30,0,30,109
01/28/2018,ROA,VA,AEA,EN,Combined TRACON& Tower with Radar,8,32,12,0,52,0,0,0,0,0,8,32,12,0,52,0,0,0,52
01/29/2018,ROA,VA,AEA,EN,Combined TRACON& Tower with Radar,10,32,17,1,60,0,0,14,2,16,10,32,31,3,76,44,0,44,120
01/30/2018,ROA,VA,AEA,EN,Combined TRACON& Tower with Radar,12,33,15,0,60,0,2,6,0,8,12,35,21,0,68,32,0,32,100
01/31/2018,ROA,VA,AEA,EN,Combined TRACON& Tower with Radar,10,41,16,2,69,0,1,32,0,33,10,42,48,2,102,2,0,2,104
02/01/2018,ROA,VA,AEA,EN,Combined TRACON& Tower with Radar,12,38,16,0,66,0,2,29,0,31,12,40,45,0,97,84,0,84,181
02/02/2018,ROA,VA,AEA,EN,Combined TRACON& Tower with Radar,13,35,17,0,65,0,0,3,2,5,13,35,20,2,70,0,0,0,70
02/03/2018,ROA,VA,AEA,EN,Combined TRACON& Tower with Radar,5,26,12,0,43,0,2,47,2,51,5,28,59,2,94,0,0,0,94
02/04/2018,ROA,VA,AEA,EN,Combined TRACON& Tower with Radar,7,25,4,0,36,0,0,0,0,0,7,25,4,0,36,0,0,0,36
02/05/2018,ROA,VA,AEA,EN,Combined TRACON& Tower with Radar,10,30,22,0,62,0,0,21,1,22,10,30,43,1,84,42,0,42,126
02/06/2018,ROA,VA,AEA,EN,Combined TRACON& Tower with Radar,10,40,17,6,73,0,0,15,0,15,10,40,32,6,88,34,0,34,122
02/07/2018,ROA,VA,AEA,EN,Combined TRACON& Tower with Radar,11,30,14,0,55,0,0,0,0,0,11,30,14,0,55,0,0,0,55
02/08/2018,ROA,VA,AEA,EN,Combined TRACON& Tower with Radar,13,37,24,1,75,0,6,28,5,39,13,43,52,6,114,118,0,118,232
02/09/2018,ROA,VA,AEA,EN,Combined TRACON& Tower with Radar,11,36,24,0,71,4,2,52,0,58,15,38,76,0,129,98,2,100,229
02/10/2018,ROA,VA,AEA,EN,Combined TRACON& Tower with Radar,11,44,9,0,64,0,0,0,0,0,11,44,9,0,64,0,0,0,64
02/11/2018,ROA,VA,AEA,EN,Combined TRACON& Tower with Radar,8,26,6,0,40,0,0,3,0,3,8,26,9,0,43,16,0,16,59
02/12/2018,ROA,VA,AEA,EN,Combined TRACON& Tower with Radar,12,34,21,4,71,0,0,15,0,15,12,34,36,4,86,60,0,60,146
02/13/2018,ROA,VA,AEA,EN,Combined TRACON& Tower with Radar,10,31,21,2,64,0,0,5,0,5,10,31,26,2,69,22,0,22,91
02/14/2018,ROA,VA,AEA,EN,Combined TRACON& Tower with Radar,10,31,20,8,69,0,0,19,5,24,10,31,39,13,93,92,10,102,195
02/15/2018,ROA,VA,AEA,EN,Combined TRACON& Tower with Radar,15,37,21,0,73,0,2,27,0,29,15,39,48,0,102,12,0,12,114
02/16/2018,ROA,VA,AEA,EN,Combined TRACON& Tower with Radar,16,37,35,4,92,0,0,8,0,8,16,37,43,4,100,77,8,85,185
02/17/2018,ROA,VA,AEA,EN,Combined TRACON& Tower with Radar,12,25,6,0,43,0,0,7,2,9,12,25,13,2,52,0,0,0,52
02/18/2018,ROA,VA,AEA,EN,Combined TRACON& Tower with Radar,8,30,20,0,58,0,0,42,0,42,8,30,62,0,100,30,0,30,130
02/19/2018,ROA,VA,AEA,EN,Combined TRACON& Tower with Radar,15,28,19,0,62,0,0,6,0,6,15,28,25,0,68,0,0,0,68
02/20/2018,ROA,VA,AEA,EN,Combined TRACON& Tower with Radar,13,28,14,1,56,0,3,26,0,29,13,31,40,1,85,140,2,142,227
02/21/2018,ROA,VA,AEA,EN,Combined TRACON& Tower with Radar,14,35,41,2,92,0,9,25,2,36,14,44,66,4,128,82,0,82,210
02/22/2018,ROA,VA,AEA,EN,Combined TRACON& Tower with Radar,18,29,29,1,77,0,4,15,2,21,18,33,44,3,98,150,22,172,270
02/23/2018,ROA,VA,AEA,EN,Combined TRACON& Tower with Radar,16,32,22,2,72,0,2,8,2,12,16,34,30,4,84,83,2,85,169
02/24/2018,ROA,VA,AEA,EN,Combined TRACON& Tower with Radar,14,28,10,0,52,0,2,23,1,26,14,30,33,1,78,16,0,16,94
02/25/2018,ROA,VA,AEA,EN,Combined TRACON& Tower with Radar,10,36,22,0,68,0,0,12,1,13,10,36,34,1,81,76,0,76,157
02/26/2018,ROA,VA,AEA,EN,Combined TRACON& Tower with Radar,16,30,27,2,75,0,0,22,0,22,16,30,49,2,97,18,0,18,115
02/27/2018,ROA,VA,AEA,EN,Combined TRACON& Tower with Radar,14,38,49,3,104,0,0,57,1,58,14,38,106,4,162,54,2,56,218
02/28/2018,ROA,VA,AEA,EN,Combined TRACON& Tower with Radar,14,35,28,2,79,0,1,19,7,27,14,36,47,9,106,8,2,10,116
03/01/2018,ROA,VA,AEA,EN,Combined TRACON& Tower with Radar,16,36,21,2,75,0,0,1,0,1,16,36,22,2,76,26,4,30,106
03/02/2018,ROA,VA,AEA,EN,Combined TRACON& Tower with Radar,13,17,8,0,38,0,2,2,0,4,13,19,10,0,42,2,0,2,44
03/03/2018,ROA,VA,AEA,EN,Combined TRACON& Tower with Radar,11,23,15,0,49,0,0,11,0,11,11,23,26,0,60,2,0,2,62
03/04/2018,ROA,VA,AEA,EN,Combined TRACON& Tower with Radar,8,30,15,0,53,0,1,35,0,36,8,31,50,0,89,8,0,8,97
03/05/2018,ROA,VA,AEA,EN,Combined TRACON& Tower with Radar,12,38,29,0,79,0,2,47,1,50,12,40,76,1,129,74,0,74,203
03/06/2018,ROA,VA,AEA,EN,Combined TRACON& Tower with Radar,12,34,21,2,69,0,0,9,2,11,12,34,30,4,80,18,0,18,98
03/07/2018,ROA,VA,AEA,EN,Combined TRACON& Tower with Radar,14,33,26,0,73,0,0,9,0,9,14,33,35,0,82,0,0,0,82
03/08/2018,ROA,VA,AEA,EN,Combined TRACON& Tower with Radar,15,35,16,0,66,0,1,24,1,26,15,36,40,1,92,38,0,38,130
03/09/2018,ROA,VA,AEA,EN,Combined TRACON& Tower with Radar,13,39,15,0,67,0,0,45,1,46,13,39,60,1,113,12,0,12,125
03/10/2018,ROA,VA,AEA,EN,Combined TRACON& Tower with Radar,10,32,15,0,57,0,0,29,4,33,10,32,44,4,90,32,0,32,122
03/11/2018,ROA,VA,AEA,EN,Combined TRACON& Tower with Radar,6,38,10,0,54,0,0,15,0,15,6,38,25,0,69,47,0,47,116
03/12/2018,ROA,VA,AEA,EN,Combined TRACON& Tower with Radar,10,31,4,0,45,0,0,0,0,0,10,31,4,0,45,0,0,0,45
03/13/2018,ROA,VA,AEA,EN,Combined TRACON& Tower with Radar,10,39,13,1,63,0,0,19,1,20,10,39,32,2,83,52,0,52,135
03/14/2018,ROA,VA,AEA,EN,Combined TRACON& Tower with Radar,10,39,16,3,68,0,1,17,0,18,10,40,33,3,86,84,0,84,170
03/15/2018,ROA,VA,AEA,EN,Combined TRACON& Tower with Radar,14,41,17,2,74,0,0,21,0,21,14,41,38,2,95,74,2,76,171
03/16/2018,ROA,VA,AEA,EN,Combined TRACON& Tower with Radar,12,36,25,3,76,0,0,33,0,33,12,36,58,3,109,0,4,4,113
03/17/2018,ROA,VA,AEA,EN,Combined TRACON& Tower with Radar,8,35,17,0,60,0,1,25,0,26,8,36,42,0,86,58,0,58,144
03/18/2018,ROA,VA,AEA,EN,Combined TRACON& Tower with Radar,6,37,29,0,72,0,1,32,1,34,6,38,61,1,106,24,0,24,130
03/19/2018,ROA,VA,AEA,EN,Combined TRACON& Tower with Radar,12,37,21,1,71,0,0,32,0,32,12,37,53,1,103,74,2,76,179
03/20/2018,ROA,VA,AEA,EN,Combined TRACON& Tower with Radar,10,33,20,0,63,0,0,0,0,0,10,33,20,0,63,0,0,0,63
03/21/2018,ROA,VA,AEA,EN,Combined TRACON& Tower with Radar,12,23,7,0,42,0,0,0,0,0,12,23,7,0,42,0,0,0,42
03/22/2018,ROA,VA,AEA,EN,Combined TRACON& Tower with Radar,12,38,26,0,76,0,0,28,1,29,12,38,54,1,105,30,0,30,135
03/23/2018,ROA,VA,AEA,EN,Combined TRACON& Tower with Radar,13,36,21,0,70,0,2,31,2,35,13,38,52,2,105,32,0,32,137
03/24/2018,ROA,VA,AEA,EN,Combined TRACON& Tower with Radar,5,21,11,0,37,0,0,18,0,18,5,21,29,0,55,18,0,18,73
03/25/2018,ROA,VA,AEA,EN,Combined TRACON& Tower with Radar,8,30,19,0,57,0,0,33,0,33,8,30,52,0,90,0,0,0,90
03/26/2018,ROA,VA,AEA,EN,Combined TRACON& Tower with Radar,10,38,34,2,84,0,1,37,0,38,10,39,71,2,122,56,0,56,178
03/27/2018,ROA,VA,AEA,EN,Combined TRACON& Tower with Radar,10,35,16,0,61,0,0,6,0,6,10,35,22,0,67,6,0,6,73
03/28/2018,ROA,VA,AEA,EN,Combined TRACON& Tower with Radar,12,37,34,0,83,0,1,42,7,50,12,38,76,7,133,94,0,94,227
03/29/2018,ROA,VA,AEA,EN,Combined TRACON& Tower with Radar,12,34,32,5,83,0,0,30,3,33,12,34,62,8,116,18,12,30,146
03/30/2018,ROA,VA,AEA,EN,Combined TRACON& Tower with Radar,12,40,22,0,74,0,0,17,1,18,12,40,39,1,92,6,0,6,98
03/31/2018,ROA,VA,AEA,EN,Combined TRACON& Tower with Radar,8,36,13,0,57,0,0,74,0,74,8,36,87,0,131,56,0,56,187
04/01/2018,ROA,VA,AEA,EN,Combined TRACON& Tower with Radar,6,32,12,0,50,0,0,15,4,19,6,32,27,4,69,6,0,6,75
04/02/2018,ROA,VA,AEA,EN,Combined TRACON& Tower with Radar,10,37,22,2,71,0,1,14,1,16,10,38,36,3,87,6,14,20,107
04/03/2018,ROA,VA,AEA,EN,Combined TRACON& Tower with Radar,10,42,25,1,78,0,0,15,0,15,10,42,40,1,93,40,0,40,133
04/04/2018,ROA,VA,AEA,EN,Combined TRACON& Tower with Radar,12,35,20,0,67,0,0,4,0,4,12,35,24,0,71,1,0,1,72
04/05/2018,ROA,VA,AEA,EN,Combined TRACON& Tower with Radar,12,44,13,4,73,0,1,26,2,29,12,45,39,6,102,58,10,68,170
04/06/2018,ROA,VA,AEA,EN,Combined TRACON& Tower with Radar,11,36,16,2,65,0,0,26,1,27,11,36,42,3,92,83,0,83,175
04/07/2018,ROA,VA,AEA,EN,Combined TRACON& Tower with Radar,13,32,11,0,56,0,0,2,0,2,13,32,13,0,58,0,0,0,58
04/08/2018,ROA,VA,AEA,EN,Combined TRACON& Tower with Radar,8,34,11,0,53,0,0,62,1,63,8,34,73,1,116,46,0,46,162
04/09/2018,ROA,VA,AEA,EN,Combined TRACON& Tower with Radar,12,34,28,0,74,0,0,2,0,2,12,34,30,0,76,82,0,82,158
04/10/2018,ROA,VA,AEA,EN,Combined TRACON& Tower with Radar,12,39,28,0,79,0,1,24,1,26,12,40,52,1,105,92,0,92,197
04/11/2018,ROA,VA,AEA,EN,Combined TRACON& Tower with Radar,16,44,23,1,84,0,1,68,1,70,16,45,91,2,154,96,0,96,250
04/12/2018,ROA,VA,AEA,EN,Combined TRACON& Tower with Radar,14,41,22,2,79,0,0,41,2,43,14,41,63,4,122,54,8,62,184
04/13/2018,ROA,VA,AEA,EN,Combined TRACON& Tower with Radar,15,41,14,2,72,0,0,51,2,53,15,41,65,4,125,126,2,128,253
04/14/2018,ROA,VA,AEA,EN,Combined TRACON& Tower with Radar,11,31,9,4,55,0,1,28,0,29,11,32,37,4,84,14,0,14,98
04/15/2018,ROA,VA,AEA,EN,Combined TRACON& Tower with Radar,12,34,1,0,47,0,0,4,0,4,12,34,5,0,51,30,0,30,81
04/16/2018,ROA,VA,AEA,EN,Combined TRACON& Tower with Radar,12,37,13,0,62,0,0,2,0,2,12,37,15,0,64,31,0,31,95
04/17/2018,ROA,VA,AEA,EN,Combined TRACON& Tower with Radar,12,40,11,0,63,0,0,6,0,6,12,40,17,0,69,92,0,92,161
04/18/2018,ROA,VA,AEA,EN,Combined TRACON& Tower with Radar,12,45,31,1,89,0,8,41,6,55,12,53,72,7,144,123,0,123,267
04/19/2018,ROA,VA,AEA,EN,Combined TRACON& Tower with Radar,14,40,20,7,81,0,0,8,8,16,14,40,28,15,97,0,0,0,97
04/20/2018,ROA,VA,AEA,EN,Combined TRACON& Tower with Radar,14,37,15,0,66,0,1,40,2,43,14,38,55,2,109,76,0,76,185
04/21/2018,ROA,VA,AEA,EN,Combined TRACON& Tower with Radar,12,31,12,0,55,0,0,50,1,51,12,31,62,1,106,42,0,42,148
04/22/2018,ROA,VA,AEA,EN,Combined TRACON& Tower with Radar,12,34,20,0,66,0,0,23,2,25,12,34,43,2,91,8,4,12,103
04/23/2018,ROA,VA,AEA,EN,Combined TRACON& Tower with Radar,12,35,32,0,79,0,0,13,3,16,12,35,45,3,95,6,0,6,101
04/24/2018,ROA,VA,AEA,EN,Combined TRACON& Tower with Radar,12,43,20,1,76,0,0,0,0,0,12,43,20,1,76,0,0,0,76
04/25/2018,ROA,VA,AEA,EN,Combined TRACON& Tower with Radar,12,40,35,6,93,0,0,17,0,17,12,40,52,6,110,68,0,68,178
04/26/2018,ROA,VA,AEA,EN,Combined TRACON& Tower with Radar,14,42,19,4,79,0,0,41,0,41,14,42,60,4,120,105,6,111,231
04/27/2018,ROA,VA,AEA,EN,Combined TRACON& Tower with Radar,14,41,23,0,78,0,2,25,1,28,14,43,48,1,106,90,0,90,196
04/28/2018,ROA,VA,AEA,EN,Combined TRACON& Tower with Radar,12,34,11,0,57,0,0,27,2,29,12,34,38,2,86,0,0,0,86
04/29/2018,ROA,VA,AEA,EN,Combined TRACON& Tower with Radar,11,35,24,0,70,0,0,15,0,15,11,35,39,0,85,0,0,0,85
04/30/2018,ROA,VA,AEA,EN,Combined TRACON& Tower with Radar,11,44,15,4,74,0,3,46,2,51,11,47,61,6,125,68,2,70,195
05/01/2018,ROA,VA,AEA,EN,Combined TRACON& Tower with Radar,12,36,15,1,64,0,1,41,3,45,12,37,56,4,109,160,0,160,269
05/02/2018,ROA,VA,AEA,EN,Combined TRACON& Tower with Radar,12,42,28,3,85,0,1,43,1,45,12,43,71,4,130,52,0,52,182
05/03/2018,ROA,VA,AEA,EN,Combined TRACON& Tower with Radar,16,38,18,1,73,0,0,62,4,66,16,38,80,5,139,42,6,48,187
05/04/2018,ROA,VA,AEA,EN,Combined TRACON& Tower with Radar,17,38,30,0,85,0,0,29,0,29,17,38,59,0,114,73,2,75,189
05/05/2018,ROA,VA,AEA,EN,Combined TRACON& Tower with Radar,11,30,8,0,49,0,0,8,3,11,11,30,16,3,60,0,0,0,60
05/06/2018,ROA,VA,AEA,EN,Combined TRACON& Tower with Radar,10,29,11,0,50,0,0,14,1,15,10,29,25,1,65,20,0,20,85
05/07/2018,ROA,VA,AEA,EN,Combined TRACON& Tower with Radar,12,39,21,4,76,0,1,20,0,21,12,40,41,4,97,36,0,36,133
05/08/2018,ROA,VA,AEA,EN,Combined TRACON& Tower with Radar,12,39,23,5,79,0,1,45,7,53,12,40,68,12,132,54,32,86,218
05/09/2018,ROA,VA,AEA,EN,Combined TRACON& Tower with Radar,12,42,16,2,72,0,3,49,1,53,12,45,65,3,125,64,0,64,189
05/10/2018,ROA,VA,AEA,EN,Combined TRACON& Tower with Radar,14,39,30,2,85,0,0,33,0,33,14,39,63,2,118,26,0,26,144
05/11/2018,ROA,VA,AEA,EN,Combined TRACON& Tower with Radar,16,40,10,2,68,0,0,51,8,59,16,40,61,10,127,81,0,81,208
05/12/2018,ROA,VA,AEA,EN,Combined TRACON& Tower with Radar,10,36,15,0,61,0,0,55,6,61,10,36,70,6,122,6,0,6,128
05/13/2018,ROA,VA,AEA,EN,Combined TRACON& Tower with Radar,11,36,14,0,61,0,1,7,2,10,11,37,21,2,71,8,0,8,79
05/14/2018,ROA,VA,AEA,EN,Combined TRACON& Tower with Radar,10,39,17,0,66,0,0,32,3,35,10,39,49,3,101,26,0,26,127
05/15/2018,ROA,VA,AEA,EN,Combined TRACON& Tower with Radar,13,31,22,0,66,0,2,19,0,21,13,33,41,0,87,99,0,99,186
05/16/2018,ROA,VA,AEA,EN,Combined TRACON& Tower with Radar,15,42,21,0,78,0,1,2,0,3,15,43,23,0,81,0,0,0,81
05/17/2018,ROA,VA,AEA,EN,Combined TRACON& Tower with Radar,16,41,19,4,80,0,0,2,0,2,16,41,21,4,82,0,0,0,82
05/18/2018,ROA,VA,AEA,EN,Combined TRACON& Tower with Radar,14,38,12,0,64,0,0,0,0,0,14,38,12,0,64,0,0,0,64
05/19/2018,ROA,VA,AEA,EN,Combined TRACON& Tower with Radar,10,34,11,0,55,0,0,0,0,0,10,34,11,0,55,20,0,20,75
05/20/2018,ROA,VA,AEA,EN,Combined TRACON& Tower with Radar,10,45,17,0,72,0,0,23,0,23,10,45,40,0,95,58,0,58,153
05/21/2018,ROA,VA,AEA,EN,Combined TRACON& Tower with Radar,12,35,25,4,76,0,2,34,0,36,12,37,59,4,112,98,4,102,214
05/22/2018,ROA,VA,AEA,EN,Combined TRACON& Tower with Radar,22,54,42,2,120,0,0,26,0,26,22,54,68,2,146,82,0,82,228
05/23/2018,ROA,VA,AEA,EN,Combined TRACON& Tower with Radar,22,63,25,1,111,0,5,64,0,69,22,68,89,1,180,50,0,50,230
05/24/2018,ROA,VA,AEA,EN,Combined TRACON& Tower with Radar,19,71,48,0,138,0,2,53,2,57,19,73,101,2,195,26,0,26,221
05/25/2018,ROA,VA,AEA,EN,Combined TRACON& Tower with Radar,21,55,21,0,97,0,1,37,0,38,21,56,58,0,135,138,0,138,273
05/26/2018,ROA,VA,AEA,EN,Combined TRACON& Tower with Radar,20,59,20,3,102,0,0,27,1,28,20,59,47,4,130,40,16,56,186
05/27/2018,ROA,VA,AEA,EN,Combined TRACON& Tower with Radar,10,43,15,0,68,0,1,10,0,11,10,44,25,0,79,0,0,0,79
05/28/2018,ROA,VA,AEA,EN,Combined TRACON& Tower with Radar,14,56,17,0,87,0,0,9,0,9,14,56,26,0,96,32,0,32,128
05/29/2018,ROA,VA,AEA,EN,Combined TRACON& Tower with Radar,20,62,29,2,113,0,2,3,1,6,20,64,32,3,119,22,0,22,141
05/30/2018,ROA,VA,AEA,EN,Combined TRACON& Tower with Radar,17,59,32,0,108,0,1,19,0,20,17,60,51,0,128,36,0,36,164
05/31/2018,ROA,VA,AEA,EN,Combined TRACON& Tower with Radar,21,65,48,2,136,0,6,17,0,23,21,71,65,2,159,38,0,38,197
06/01/2018,ROA,VA,AEA,EN,Combined TRACON& Tower with Radar,16,35,26,0,77,0,0,36,2,38,16,35,62,2,115,8,0,8,123
06/02/2018,ROA,VA,AEA,EN,Combined TRACON& Tower with Radar,13,27,17,0,57,0,0,22,2,24,13,27,39,2,81,18,0,18,99
06/03/2018,ROA,VA,AEA,EN,Combined TRACON& Tower with Radar,12,34,17,0,63,0,0,15,0,15,12,34,32,0,78,26,0,26,104
06/04/2018,ROA,VA,AEA,EN,Combined TRACON& Tower with Radar,14,39,17,0,70,0,6,37,1,44,14,45,54,1,114,38,0,38,152
06/05/2018,ROA,VA,AEA,EN,Combined TRACON& Tower with Radar,14,34,25,0,73,0,0,48,1,49,14,34,73,1,122,126,0,126,248
06/06/2018,ROA,VA,AEA,EN,Combined TRACON& Tower with Radar,17,37,18,1,73,0,6,27,4,37,17,43,45,5,110,56,0,56,166
06/07/2018,ROA,VA,AEA,EN,Combined TRACON& Tower with Radar,10,39,24,6,79,0,0,27,1,28,10,39,51,7,107,30,6,36,143
06/08/2018,ROA,VA,AEA,EN,Combined TRACON& Tower with Radar,13,36,27,7,83,0,8,40,1,49,13,44,67,8,132,112,0,112,244
06/09/2018,ROA,VA,AEA,EN,Combined TRACON& Tower with Radar,3,32,7,0,42,0,0,38,4,42,3,32,45,4,84,16,0,16,100
06/10/2018,ROA,VA,AEA,EN,Combined TRACON& Tower with Radar,4,39,15,0,58,0,0,7,0,7,4,39,22,0,65,8,0,8,73
06/11/2018,ROA,VA,AEA,EN,Combined TRACON& Tower with Radar,6,36,30,0,72,0,0,4,0,4,6,36,34,0,76,38,0,38,114
06/12/2018,ROA,VA,AEA,EN,Combined TRACON& Tower with Radar,12,45,27,7,91,0,2,2,0,4,12,47,29,7,95,100,16,116,211
06/13/2018,ROA,VA,AEA,EN,Combined TRACON& Tower with Radar,13,38,16,13,80,0,0,17,0,17,13,38,33,13,97,26,0,26,123
06/14/2018,ROA,VA,AEA,EN,Combined TRACON& Tower with Radar,13,44,32,9,98,0,0,33,2,35,13,44,65,11,133,180,4,184,317
06/15/2018,ROA,VA,AEA,EN,Combined TRACON& Tower with Radar,13,39,13,3,68,0,0,50,1,51,13,39,63,4,119,58,0,58,177
06/16/2018,ROA,VA,AEA,EN,Combined TRACON& Tower with Radar,3,39,18,0,60,0,0,42,2,44,3,39,60,2,104,28,0,28,132
06/17/2018,ROA,VA,AEA,EN,Combined TRACON& Tower with Radar,8,37,16,0,61,0,0,24,0,24,8,37,40,0,85,0,0,0,85
06/18/2018,ROA,VA,AEA,EN,Combined TRACON& Tower with Radar,8,39,20,2,69,0,0,43,2,45,8,39,63,4,114,52,0,52,166
06/19/2018,ROA,VA,AEA,EN,Combined TRACON& Tower with Radar,10,42,26,12,90,0,2,30,0,32,10,44,56,12,122,58,0,58,180
06/20/2018,ROA,VA,AEA,EN,Combined TRACON& Tower with Radar,12,42,32,10,96,0,0,28,2,30,12,42,60,12,126,128,16,144,270
06/21/2018,ROA,VA,AEA,EN,Combined TRACON& Tower with Radar,12,38,21,0,71,0,0,24,1,25,12,38,45,1,96,80,0,80,176
06/22/2018,ROA,VA,AEA,EN,Combined TRACON& Tower with Radar,13,38,18,0,69,0,0,10,0,10,13,38,28,0,79,36,0,36,115
06/23/2018,ROA,VA,AEA,EN,Combined TRACON& Tower with Radar,3,38,14,0,55,0,0,13,0,13,3,38,27,0,68,18,0,18,86
06/24/2018,ROA,VA,AEA,EN,Combined TRACON& Tower with Radar,6,38,20,0,64,0,0,39,0,39,6,38,59,0,103,18,0,18,121
06/25/2018,ROA,VA,AEA,EN,Combined TRACON& Tower with Radar,8,42,19,0,69,0,1,23,1,25,8,43,42,1,94,24,0,24,118
06/26/2018,ROA,VA,AEA,EN,Combined TRACON& Tower with Radar,8,39,22,0,69,0,0,0,0,0,8,39,22,0,69,0,0,0,69
06/27/2018,ROA,VA,AEA,EN,Combined TRACON& Tower with Radar,12,37,15,0,64,0,0,37,0,37,12,37,52,0,101,96,0,96,197
06/28/2018,ROA,VA,AEA,EN,Combined TRACON& Tower with Radar,10,37,20,8,75,0,0,28,0,28,10,37,48,8,103,92,0,92,195
06/29/2018,ROA,VA,AEA,EN,Combined TRACON& Tower with Radar,11,38,25,4,78,0,1,38,4,43,11,39,63,8,121,68,0,68,189
06/30/2018,ROA,VA,AEA,EN,Combined TRACON& Tower with Radar,3,40,14,0,57,0,0,119,1,120,3,40,133,1,177,0,0,0,177
07/01/2018,ROA,VA,AEA,EN,Combined TRACON& Tower with Radar,6,36,23,1,66,0,1,36,3,40,6,37,59,4,106,57,0,57,163
07/02/2018,ROA,VA,AEA,EN,Combined TRACON& Tower with Radar,10,40,10,0,60,0,0,31,1,32,10,40,41,1,92,36,0,36,128
07/03/2018,ROA,VA,AEA,EN,Combined TRACON& Tower with Radar,12,39,12,0,63,0,0,48,0,48,12,39,60,0,111,100,2,102,213
07/04/2018,ROA,VA,AEA,EN,Combined TRACON& Tower with Radar,8,32,2,0,42,0,0,13,2,15,8,32,15,2,57,8,0,8,65
07/05/2018,ROA,VA,AEA,EN,Combined TRACON& Tower with Radar,10,40,13,5,68,0,5,25,0,30,10,45,38,5,98,145,0,145,243
07/06/2018,ROA,VA,AEA,EN,Combined TRACON& Tower with Radar,12,37,18,0,67,0,0,21,0,21,12,37,39,0,88,126,0,126,214
07/07/2018,ROA,VA,AEA,EN,Combined TRACON& Tower with Radar,4,38,9,0,51,0,0,28,3,31,4,38,37,3,82,0,0,0,82
07/08/2018,ROA,VA,AEA,EN,Combined TRACON& Tower with Radar,6,37,12,0,55,0,0,25,0,25,6,37,37,0,80,81,4,85,165
07/09/2018,ROA,VA,AEA,EN,Combined TRACON& Tower with Radar,8,41,13,9,71,0,0,42,4,46,8,41,55,13,117,18,4,22,139
07/10/2018,ROA,VA,AEA,EN,Combined TRACON& Tower with Radar,10,40,16,0,66,0,0,47,3,50,10,40,63,3,116,28,0,28,144
07/11/2018,ROA,VA,AEA,EN,Combined TRACON& Tower with Radar,8,42,29,20,99,0,1,46,2,49,8,43,75,22,148,54,0,54,202
07/12/2018,ROA,VA,AEA,EN,Combined TRACON& Tower with Radar,10,46,16,3,75,0,0,24,0,24,10,46,40,3,99,4,0,4,103
07/13/2018,ROA,VA,AEA,EN,Combined TRACON& Tower with Radar,11,47,20,2,80,0,0,28,2,30,11,47,48,4,110,106,4,110,220
07/14/2018,ROA,VA,AEA,EN,Combined TRACON& Tower with Radar,3,43,17,0,63,0,0,35,2,37,3,43,52,2,100,30,0,30,130
07/15/2018,ROA,VA,AEA,EN,Combined TRACON& Tower with Radar,6,39,12,0,57,0,0,22,1,23,6,39,34,1,80,0,0,0,80
07/16/2018,ROA,VA,AEA,EN,Combined TRACON& Tower with Radar,8,39,14,0,61,0,2,28,0,30,8,41,42,0,91,40,0,40,131
07/17/2018,ROA,VA,AEA,EN,Combined TRACON& Tower with Radar,10,38,22,0,70,0,0,29,0,29,10,38,51,0,99,30,0,30,129
07/18/2018,ROA,VA,AEA,EN,Combined TRACON& Tower with Radar,10,43,23,0,76,0,0,35,1,36,10,43,58,1,112,66,0,66,178
07/19/2018,ROA,VA,AEA,EN,Combined TRACON& Tower with Radar,10,47,36,0,93,0,0,52,0,52,10,47,88,0,145,6,0,6,151
07/20/2018,ROA,VA,AEA,EN,Combined TRACON& Tower with Radar,10,43,30,0,83,0,0,29,0,29,10,43,59,0,112,22,0,22,134
07/21/2018,ROA,VA,AEA,EN,Combined TRACON& Tower with Radar,4,36,7,0,47,0,3,26,0,29,4,39,33,0,76,52,0,52,128
07/22/2018,ROA,VA,AEA,EN,Combined TRACON& Tower with Radar,6,38,6,0,50,0,0,8,0,8,6,38,14,0,58,40,0,40,98
07/23/2018,ROA,VA,AEA,EN,Combined TRACON& Tower with Radar,8,38,19,0,65,0,0,2,0,2,8,38,21,0,67,26,0,26,93
07/24/2018,ROA,VA,AEA,EN,Combined TRACON& Tower with Radar,10,37,20,2,69,0,0,0,0,0,10,37,20,2,69,24,0,24,93
07/25/2018,ROA,VA,AEA,EN,Combined TRACON& Tower with Radar,10,43,23,5,81,0,0,5,0,5,10,43,28,5,86,28,0,28,114
07/26/2018,ROA,VA,AEA,EN,Combined TRACON& Tower with Radar,10,48,23,25,106,0,6,49,0,55,10,54,72,25,161,116,8,124,285
07/27/2018,ROA,VA,AEA,EN,Combined TRACON& Tower with Radar,9,41,15,4,69,0,0,35,2,37,9,41,50,6,106,58,0,58,164
07/28/2018,ROA,VA,AEA,EN,Combined TRACON& Tower with Radar,5,37,12,0,54,0,0,32,0,32,5,37,44,0,86,0,0,0,86
07/29/2018,ROA,VA,AEA,EN,Combined TRACON& Tower with Radar,6,38,15,0,59,0,0,24,1,25,6,38,39,1,84,36,0,36,120
07/30/2018,ROA,VA,AEA,EN,Combined TRACON& Tower with Radar,8,39,18,0,65,0,1,15,0,16,8,40,33,0,81,92,0,92,173
07/31/2018,ROA,VA,AEA,EN,Combined TRACON& Tower with Radar,10,43,17,0,70,0,0,2,1,3,10,43,19,1,73,22,0,22,95
08/01/2018,ROA,VA,AEA,EN,Combined TRACON& Tower with Radar,10,41,21,0,72,0,0,17,0,17,10,41,38,0,89,42,0,42,131
08/02/2018,ROA,VA,AEA,EN,Combined TRACON& Tower with Radar,10,40,17,0,67,0,0,5,0,5,10,40,22,0,72,62,0,62,134
08/03/2018,ROA,VA,AEA,EN,Combined TRACON& Tower with Radar,9,50,22,0,81,0,0,2,0,2,9,50,24,0,83,0,0,0,83
08/04/2018,ROA,VA,AEA,EN,Combined TRACON& Tower with Radar,5,37,10,0,52,0,0,40,0,40,5,37,50,0,92,36,0,36,128
08/05/2018,ROA,VA,AEA,EN,Combined TRACON& Tower with Radar,6,39,12,0,57,0,0,35,0,35,6,39,47,0,92,24,0,24,116
08/06/2018,ROA,VA,AEA,EN,Combined TRACON& Tower with Radar,8,42,10,0,60,0,0,43,0,43,8,42,53,0,103,64,0,64,167
08/07/2018,ROA,VA,AEA,EN,Combined TRACON& Tower with Radar,8,41,15,2,66,0,0,36,0,36,8,41,51,2,102,40,8,48,150
08/08/2018,ROA,VA,AEA,EN,Combined TRACON& Tower with Radar,8,38,14,0,60,0,13,45,0,58,8,51,59,0,118,97,0,97,215
08/09/2018,ROA,VA,AEA,EN,Combined TRACON& Tower with Radar,10,40,24,3,77,0,15,43,0,58,10,55,67,3,135,154,0,154,289
08/10/2018,ROA,VA,AEA,EN,Combined TRACON& Tower with Radar,10,42,28,0,80,0,3,48,1,52,10,45,76,1,132,44,0,44,176
08/11/2018,ROA,VA,AEA,EN,Combined TRACON& Tower with Radar,4,37,12,0,53,0,0,27,4,31,4,37,39,4,84,32,0,32,116
08/12/2018,ROA,VA,AEA,EN,Combined TRACON& Tower with Radar,6,39,15,0,60,0,0,7,3,10,6,39,22,3,70,0,0,0,70
08/13/2018,ROA,VA,AEA,EN,Combined TRACON& Tower with Radar,8,34,7,3,52,0,0,24,2,26,8,34,31,5,78,22,0,22,100
08/14/2018,ROA,VA,AEA,EN,Combined TRACON& Tower with Radar,8,53,16,0,77,0,0,52,0,52,8,53,68,0,129,56,0,56,185
08/15/2018,ROA,VA,AEA,EN,Combined TRACON& Tower with Radar,6,44,19,2,71,0,0,39,4,43,6,44,58,6,114,44,4,48,162
08/16/2018,ROA,VA,AEA,EN,Combined TRACON& Tower with Radar,10,41,25,0,76,0,10,40,7,57,10,51,65,7,133,56,0,56,189
08/17/2018,ROA,VA,AEA,EN,Combined TRACON& Tower with Radar,11,35,22,0,68,0,1,29,1,31,11,36,51,1,99,60,0,60,159
08/18/2018,ROA,VA,AEA,EN,Combined TRACON& Tower with Radar,4,35,9,2,50,0,0,16,1,17,4,35,25,3,67,116,2,118,185
08/19/2018,ROA,VA,AEA,EN,Combined TRACON& Tower with Radar,7,41,13,0,61,0,0,7,0,7,7,41,20,0,68,42,0,42,110
08/20/2018,ROA,VA,AEA,EN,Combined TRACON& Tower with Radar,8,41,22,0,71,0,0,2,0,2,8,41,24,0,73,26,0,26,99
08/21/2018,ROA,VA,AEA,EN,Combined TRACON& Tower with Radar,6,45,7,2,60,0,0,5,0,5,6,45,12,2,65,20,0,20,85
08/22/2018,ROA,VA,AEA,EN,Combined TRACON& Tower with Radar,6,46,16,2,70,0,0,38,1,39,6,46,54,3,109,307,0,307,416
08/23/2018,ROA,VA,AEA,EN,Combined TRACON& Tower with Radar,10,50,24,0,84,0,4,58,1,63,10,54,82,1,147,214,0,214,361
08/24/2018,ROA,VA,AEA,EN,Combined TRACON& Tower with Radar,10,45,17,2,74,0,0,51,0,51,10,45,68,2,125,112,1,113,238
08/25/2018,ROA,VA,AEA,EN,Combined TRACON& Tower with Radar,10,34,23,0,67,0,1,57,0,58,10,35,80,0,125,80,0,80,205
08/26/2018,ROA,VA,AEA,EN,Combined TRACON& Tower with Radar,7,43,19,2,71,0,4,29,1,34,7,47,48,3,105,14,0,14,119
08/27/2018,ROA,VA,AEA,EN,Combined TRACON& Tower with Radar,9,42,34,0,85,0,0,38,2,40,9,42,72,2,125,39,0,39,164
08/28/2018,ROA,VA,AEA,EN,Combined TRACON& Tower with Radar,6,50,25,4,85,0,1,56,2,59,6,51,81,6,144,214,0,214,358
08/29/2018,ROA,VA,AEA,EN,Combined TRACON& Tower with Radar,6,48,30,3,87,0,4,48,1,53,6,52,78,4,140,174,1,175,315
08/30/2018,ROA,VA,AEA,EN,Combined TRACON& Tower with Radar,11,54,24,0,89,0,0,24,0,24,11,54,48,0,113,165,5,170,283
08/31/2018,ROA,VA,AEA,EN,Combined TRACON& Tower with Radar,11,48,31,0,90,0,0,14,0,14,11,48,45,0,104,128,0,128,232
09/01/2018,ROA,VA,AEA,EN,Combined TRACON& Tower with Radar,6,33,18,1,58,0,0,18,0,18,6,33,36,1,76,0,0,0,76
09/02/2018,ROA,VA,AEA,EN,Combined TRACON& Tower with Radar,8,36,12,0,56,0,1,15,1,17,8,37,27,1,73,0,0,0,73
09/03/2018,ROA,VA,AEA,EN,Combined TRACON& Tower with Radar,6,37,25,0,68,0,2,34,1,37,6,39,59,1,105,48,0,48,153
09/04/2018,ROA,VA,AEA,EN,Combined TRACON& Tower with Radar,8,42,33,2,85,0,0,25,0,25,8,42,58,2,110,50,0,50,160
09/05/2018,ROA,VA,AEA,EN,Combined TRACON& Tower with Radar,8,41,20,0,69,0,0,25,0,25,8,41,45,0,94,78,0,78,172
09/06/2018,ROA,VA,AEA,EN,Combined TRACON& Tower with Radar,14,42,30,7,93,0,0,22,2,24,14,42,52,9,117,0,0,0,117
09/07/2018,ROA,VA,AEA,EN,Combined TRACON& Tower with Radar,10,42,23,4,79,0,1,22,2,25,10,43,45,6,104,18,0,18,122
09/08/2018,ROA,VA,AEA,EN,Combined TRACON& Tower with Radar,6,39,19,0,64,18,2,5,0,25,24,41,24,0,89,136,4,140,229
09/09/2018,ROA,VA,AEA,EN,Combined TRACON& Tower with Radar,6,44,21,1,72,0,0,0,0,0,6,44,21,1,72,99,0,99,171
09/10/2018,ROA,VA,AEA,EN,Combined TRACON& Tower with Radar,10,46,19,1,76,0,0,0,0,0,10,46,19,1,76,82,2,84,160
09/11/2018,ROA,VA,AEA,EN,Combined TRACON& Tower with Radar,8,44,26,8,86,0,0,6,3,9,8,44,32,11,95,14,0,14,109
09/12/2018,ROA,VA,AEA,EN,Combined TRACON& Tower with Radar,8,50,19,0,77,0,3,7,0,10,8,53,26,0,87,48,0,48,135
09/13/2018,ROA,VA,AEA,EN,Combined TRACON& Tower with Radar,10,46,15,7,78,0,9,23,2,34,10,55,38,9,112,112,6,118,230
09/14/2018,ROA,VA,AEA,EN,Combined TRACON& Tower with Radar,10,42,8,0,60,0,0,2,0,2,10,42,10,0,62,82,0,82,144
09/15/2018,ROA,VA,AEA,EN,Combined TRACON& Tower with Radar,7,32,13,0,52,0,0,0,0,0,7,32,13,0,52,0,0,0,52
09/16/2018,ROA,VA,AEA,EN,Combined TRACON& Tower with Radar,4,35,6,0,45,0,0,0,0,0,4,35,6,0,45,60,2,62,107
09/17/2018,ROA,VA,AEA,EN,Combined TRACON& Tower with Radar,9,41,15,0,65,0,2,10,0,12,9,43,25,0,77,0,0,0,77
09/18/2018,ROA,VA,AEA,EN,Combined TRACON& Tower with Radar,8,47,11,8,74,0,0,16,2,18,8,47,27,10,92,0,6,6,98
09/19/2018,ROA,VA,AEA,EN,Combined TRACON& Tower with Radar,8,42,30,2,82,0,2,33,2,37,8,44,63,4,119,36,0,36,155
09/20/2018,ROA,VA,AEA,EN,Combined TRACON& Tower with Radar,10,48,19,0,77,0,0,42,1,43,10,48,61,1,120,6,0,6,126
09/21/2018,ROA,VA,AEA,EN,Combined TRACON& Tower with Radar,11,51,46,0,108,0,0,27,0,27,11,51,73,0,135,46,0,46,181
09/22/2018,ROA,VA,AEA,EN,Combined TRACON& Tower with Radar,8,38,17,3,66,0,0,35,0,35,8,38,52,3,101,88,2,90,191
09/23/2018,ROA,VA,AEA,EN,Combined TRACON& Tower with Radar,4,48,20,0,72,0,0,0,0,0,4,48,20,0,72,0,0,0,72
09/24/2018,ROA,VA,AEA,EN,Combined TRACON& Tower with Radar,9,49,31,0,89,0,0,0,0,0,9,49,31,0,89,0,0,0,89
09/25/2018,ROA,VA,AEA,EN,Combined TRACON& Tower with Radar,8,44,24,4,80,0,0,11,0,11,8,44,35,4,91,74,0,74,165
09/26/2018,ROA,VA,AEA,EN,Combined TRACON& Tower with Radar,8,44,26,14,92,0,0,18,1,19,8,44,44,15,111,46,0,46,157
09/27/2018,ROA,VA,AEA,EN,Combined TRACON& Tower with Radar,10,54,24,2,90,0,0,0,1,1,10,54,24,3,91,0,6,6,97
09/28/2018,ROA,VA,AEA,EN,Combined TRACON& Tower with Radar,10,52,34,1,97,0,1,41,2,44,10,53,75,3,141,56,0,56,197
09/29/2018,ROA,VA,AEA,EN,Combined TRACON& Tower with Radar,7,39,19,0,65,0,1,53,0,54,7,40,72,0,119,8,0,8,127
09/30/2018,ROA,VA,AEA,EN,Combined TRACON& Tower with Radar,7,60,42,0,109,0,0,8,0,8,7,60,50,0,117,0,0,0,117
10/01/2018,ROA,VA,AEA,EN,Combined TRACON& Tower with Radar,10,46,11,4,71,0,6,58,0,64,10,52,69,4,135,70,2,72,207
10/02/2018,ROA,VA,AEA,EN,Combined TRACON& Tower with Radar,10,42,24,2,78,0,0,24,0,24,10,42,48,2,102,76,0,76,178
10/03/2018,ROA,VA,AEA,EN,Combined TRACON& Tower with Radar,12,42,24,0,78,0,11,40,2,53,12,53,64,2,131,55,0,55,186
10/04/2018,ROA,VA,AEA,EN,Combined TRACON& Tower with Radar,15,51,31,2,99,0,0,60,0,60,15,51,91,2,159,32,0,32,191
10/05/2018,ROA,VA,AEA,EN,Combined TRACON& Tower with Radar,19,42,39,0,100,0,4,35,1,40,19,46,74,1,140,112,0,112,252
10/06/2018,ROA,VA,AEA,EN,Combined TRACON& Tower with Radar,8,43,26,7,84,0,0,5,0,5,8,43,31,7,89,0,0,0,89
10/07/2018,ROA,VA,AEA,EN,Combined TRACON& Tower with Radar,13,42,19,0,74,0,0,16,0,16,13,42,35,0,90,28,0,28,118
10/08/2018,ROA,VA,AEA,EN,Combined TRACON& Tower with Radar,12,41,24,0,77,0,2,11,2,15,12,43,35,2,92,50,0,50,142
10/09/2018,ROA,VA,AEA,EN,Combined TRACON& Tower with Radar,12,42,29,3,86,0,0,10,0,10,12,42,39,3,96,40,0,40,136
10/10/2018,ROA,VA,AEA,EN,Combined TRACON& Tower with Radar,14,39,18,0,71,0,0,0,0,0,14,39,18,0,71,0,0,0,71
10/11/2018,ROA,VA,AEA,EN,Combined TRACON& Tower with Radar,13,33,9,0,55,0,0,2,0,2,13,33,11,0,57,34,0,34,91
10/12/2018,ROA,VA,AEA,EN,Combined TRACON& Tower with Radar,13,41,27,0,81,0,0,48,4,52,13,41,75,4,133,166,4,170,303
10/13/2018,ROA,VA,AEA,EN,Combined TRACON& Tower with Radar,9,36,21,0,66,0,1,27,0,28,9,37,48,0,94,134,4,138,232
10/14/2018,ROA,VA,AEA,EN,Combined TRACON& Tower with Radar,13,37,18,1,69,0,0,7,2,9,13,37,25,3,78,36,0,36,114
10/15/2018,ROA,VA,AEA,EN,Combined TRACON& Tower with Radar,12,41,19,0,72,0,0,24,4,28,12,41,43,4,100,26,0,26,126
10/16/2018,ROA,VA,AEA,EN,Combined TRACON& Tower with Radar,12,41,39,1,93,0,2,31,1,34,12,43,70,2,127,84,0,84,211
10/17/2018,ROA,VA,AEA,EN,Combined TRACON& Tower with Radar,16,39,26,0,81,0,0,28,2,30,16,39,54,2,111,52,0,52,163
10/18/2018,ROA,VA,AEA,EN,Combined TRACON& Tower with Radar,14,40,22,0,76,0,1,49,0,50,14,41,71,0,126,24,0,24,150
10/19/2018,ROA,VA,AEA,EN,Combined TRACON& Tower with Radar,14,48,24,0,86,0,0,46,0,46,14,48,70,0,132,42,0,42,174
10/20/2018,ROA,VA,AEA,EN,Combined TRACON& Tower with Radar,8,38,22,0,68,0,0,9,1,10,8,38,31,1,78,48,0,48,126
10/21/2018,ROA,VA,AEA,EN,Combined TRACON& Tower with Radar,12,34,8,0,54,0,0,11,1,12,12,34,19,1,66,48,0,48,114
10/22/2018,ROA,VA,AEA,EN,Combined TRACON& Tower with Radar,12,39,20,4,75,0,0,31,2,33,12,39,51,6,108,12,0,12,120
10/23/2018,ROA,VA,AEA,EN,Combined TRACON& Tower with Radar,12,41,19,3,75,0,0,40,5,45,12,41,59,8,120,32,0,32,152
10/24/2018,ROA,VA,AEA,EN,Combined TRACON& Tower with Radar,14,46,30,3,93,0,6,72,3,81,14,52,102,6,174,110,0,110,284
10/25/2018,ROA,VA,AEA,EN,Combined TRACON& Tower with Radar,15,51,27,3,96,0,1,60,0,61,15,52,87,3,157,48,0,48,205
10/26/2018,ROA,VA,AEA,EN,Combined TRACON& Tower with Radar,16,44,21,0,81,0,0,0,0,0,16,44,21,0,81,0,0,0,81
10/27/2018,ROA,VA,AEA,EN,Combined TRACON& Tower with Radar,7,37,11,0,55,0,0,23,0,23,7,37,34,0,78,8,0,8,86
10/28/2018,ROA,VA,AEA,EN,Combined TRACON& Tower with Radar,12,36,14,0,62,0,0,7,0,7,12,36,21,0,69,20,0,20,89
10/29/2018,ROA,VA,AEA,EN,Combined TRACON& Tower with Radar,14,42,22,3,81,0,0,11,1,12,14,42,33,4,93,6,0,6,99
10/30/2018,ROA,VA,AEA,EN,Combined TRACON& Tower with Radar,16,40,30,5,91,0,0,45,6,51,16,40,75,11,142,8,0,8,150
10/31/2018,ROA,VA,AEA,EN,Combined TRACON& Tower with Radar,16,33,25,4,78,0,0,34,1,35,16,33,59,5,113,44,6,50,163
11/01/2018,ROA,VA,AEA,EN,Combined TRACON& Tower with Radar,17,37,22,4,80,0,0,24,1,25,17,37,46,5,105,80,0,80,185
11/02/2018,ROA,VA,AEA,EN,Combined TRACON& Tower with Radar,21,49,26,4,100,0,1,9,1,11,21,50,35,5,111,48,0,48,159
11/03/2018,ROA,VA,AEA,EN,Combined TRACON& Tower with Radar,9,36,14,1,60,0,0,32,3,35,9,36,46,4,95,30,0,30,125
11/04/2018,ROA,VA,AEA,EN,Combined TRACON& Tower with Radar,11,38,16,0,65,0,1,42,0,43,11,39,58,0,108,17,0,17,125
11/05/2018,ROA,VA,AEA,EN,Combined TRACON& Tower with Radar,11,36,14,2,63,0,0,0,0,0,11,36,14,2,63,94,0,94,157
11/06/2018,ROA,VA,AEA,EN,Combined TRACON& Tower with Radar,10,40,22,2,74,0,0,13,0,13,10,40,35,2,87,6,0,6,93
11/07/2018,ROA,VA,AEA,EN,Combined TRACON& Tower with Radar,12,42,19,0,73,0,2,51,3,56,12,44,70,3,129,88,0,88,217
11/08/2018,ROA,VA,AEA,EN,Combined TRACON& Tower with Radar,14,46,33,3,96,0,0,47,3,50,14,46,80,6,146,68,0,68,214
11/09/2018,ROA,VA,AEA,EN,Combined TRACON& Tower with Radar,15,48,27,0,90,0,0,5,0,5,15,48,32,0,95,6,0,6,101
11/10/2018,ROA,VA,AEA,EN,Combined TRACON& Tower with Radar,11,39,21,0,71,0,0,16,0,16,11,39,37,0,87,46,0,46,133
11/11/2018,ROA,VA,AEA,EN,Combined TRACON& Tower with Radar,10,39,6,0,55,0,1,42,0,43,10,40,48,0,98,104,0,104,202
11/12/2018,ROA,VA,AEA,EN,Combined TRACON& Tower with Radar,13,36,30,0,79,0,0,15,0,15,13,36,45,0,94,114,0,114,208
11/13/2018,ROA,VA,AEA,EN,Combined TRACON& Tower with Radar,12,42,15,2,71,0,2,11,0,13,12,44,26,2,84,150,2,152,236
11/14/2018,ROA,VA,AEA,EN,Combined TRACON& Tower with Radar,12,39,29,3,83,0,0,43,2,45,12,39,72,5,128,206,2,208,336
11/15/2018,ROA,VA,AEA,EN,Combined TRACON& Tower with Radar,14,40,5,0,59,0,0,0,0,0,14,40,5,0,59,0,0,0,59
11/16/2018,ROA,VA,AEA,EN,Combined TRACON& Tower with Radar,18,37,19,1,75,0,0,19,0,19,18,37,38,1,94,142,8,150,244
11/17/2018,ROA,VA,AEA,EN,Combined TRACON& Tower with Radar,12,31,11,1,55,0,0,42,1,43,12,31,53,2,98,58,0,58,156
11/18/2018,ROA,VA,AEA,EN,Combined TRACON& Tower with Radar,8,36,16,2,62,0,2,24,0,26,8,38,40,2,88,42,2,44,132
11/19/2018,ROA,VA,AEA,EN,Combined TRACON& Tower with Radar,13,37,21,0,71,0,0,28,1,29,13,37,49,1,100,50,0,50,150
11/20/2018,ROA,VA,AEA,EN,Combined TRACON& Tower with Radar,12,43,27,0,82,0,0,31,0,31,12,43,58,0,113,34,0,34,147
11/21/2018,ROA,VA,AEA,EN,Combined TRACON& Tower with Radar,14,48,37,0,99,0,2,64,1,67,14,50,101,1,166,80,0,80,246
11/22/2018,ROA,VA,AEA,EN,Combined TRACON& Tower with Radar,10,16,10,0,36,0,0,9,0,9,10,16,19,0,45,12,0,12,57
11/23/2018,ROA,VA,AEA,EN,Combined TRACON& Tower with Radar,17,23,17,0,57,0,0,16,2,18,17,23,33,2,75,36,0,36,111
11/24/2018,ROA,VA,AEA,EN,Combined TRACON& Tower with Radar,12,43,10,0,65,0,0,0,0,0,12,43,10,0,65,20,0,20,85
11/25/2018,ROA,VA,AEA,EN,Combined TRACON& Tower with Radar,18,46,28,0,92,0,0,49,0,49,18,46,77,0,141,126,0,126,267
11/26/2018,ROA,VA,AEA,EN,Combined TRACON& Tower with Radar,9,44,24,0,77,0,1,4,0,5,9,45,28,0,82,18,0,18,100
11/27/2018,ROA,VA,AEA,EN,Combined TRACON& Tower with Radar,17,43,23,2,85,0,0,5,0,5,17,43,28,2,90,0,0,0,90
11/28/2018,ROA,VA,AEA,EN,Combined TRACON& Tower with Radar,14,41,17,0,72,0,0,13,1,14,14,41,30,1,86,0,0,0,86
11/29/2018,ROA,VA,AEA,EN,Combined TRACON& Tower with Radar,16,43,24,3,86,0,0,48,4,52,16,43,72,7,138,37,0,37,175
11/30/2018,ROA,VA,AEA,EN,Combined TRACON& Tower with Radar,10,51,17,0,78,0,0,16,0,16,10,51,33,0,94,38,0,38,132
12/01/2018,ROA,VA,AEA,EN,Combined TRACON& Tower with Radar,4,20,3,0,27,0,0,0,0,0,4,20,3,0,27,20,0,20,47
12/02/2018,ROA,VA,AEA,EN,Combined TRACON& Tower with Radar,8,46,12,0,66,0,0,9,0,9,8,46,21,0,75,92,4,96,171
12/03/2018,ROA,VA,AEA,EN,Combined TRACON& Tower with Radar,8,46,27,0,81,0,0,18,0,18,8,46,45,0,99,116,0,116,215
12/04/2018,ROA,VA,AEA,EN,Combined TRACON& Tower with Radar,14,46,29,0,89,0,0,32,0,32,14,46,61,0,121,128,4,132,253
12/05/2018,ROA,VA,AEA,EN,Combined TRACON& Tower with Radar,14,50,19,0,83,0,0,20,0,20,14,50,39,0,103,134,0,134,237
12/06/2018,ROA,VA,AEA,EN,Combined TRACON& Tower with Radar,16,51,18,5,90,0,1,47,0,48,16,52,65,5,138,132,0,132,270
12/07/2018,ROA,VA,AEA,EN,Combined TRACON& Tower with Radar,10,49,22,0,81,0,0,44,0,44,10,49,66,0,125,220,0,220,345
12/08/2018,ROA,VA,AEA,EN,Combined TRACON& Tower with Radar,8,36,18,0,62,0,0,29,0,29,8,36,47,0,91,90,0,90,181
12/09/2018,ROA,VA,AEA,EN,Combined TRACON& Tower with Radar,1,2,2,0,5,0,0,0,0,0,1,2,2,0,5,0,0,0,5
12/10/2018,ROA,VA,AEA,EN,Combined TRACON& Tower with Radar,11,36,7,0,54,0,5,10,0,15,11,41,17,0,69,28,0,28,97
12/11/2018,ROA,VA,AEA,EN,Combined TRACON& Tower with Radar,14,50,18,14,96,0,1,33,1,35,14,51,51,15,131,66,24,90,221
12/12/2018,ROA,VA,AEA,EN,Combined TRACON& Tower with Radar,13,40,22,0,75,0,1,28,0,29,13,41,50,0,104,144,0,144,248
12/13/2018,ROA,VA,AEA,EN,Combined TRACON& Tower with Radar,20,43,17,0,80,0,0,31,0,31,20,43,48,0,111,82,0,82,193
12/14/2018,ROA,VA,AEA,EN,Combined TRACON& Tower with Radar,9,48,11,3,71,0,0,0,0,0,9,48,11,3,71,8,0,8,79
12/15/2018,ROA,VA,AEA,EN,Combined TRACON& Tower with Radar,10,32,11,0,53,0,0,0,0,0,10,32,11,0,53,0,0,0,53
12/16/2018,ROA,VA,AEA,EN,Combined TRACON& Tower with Radar,8,42,16,0,66,0,0,8,0,8,8,42,24,0,74,44,2,46,120
12/17/2018,ROA,VA,AEA,EN,Combined TRACON& Tower with Radar,11,41,19,9,80,0,2,24,4,30,11,43,43,13,110,6,10,16,126
12/18/2018,ROA,VA,AEA,EN,Combined TRACON& Tower with Radar,15,42,23,2,82,0,2,67,0,69,15,44,90,2,151,60,0,60,211
12/19/2018,ROA,VA,AEA,EN,Combined TRACON& Tower with Radar,14,42,30,5,91,0,1,64,4,69,14,43,94,9,160,62,0,62,222
12/20/2018,ROA,VA,AEA,EN,Combined TRACON& Tower with Radar,18,43,24,0,85,0,1,4,0,5,18,44,28,0,90,18,0,18,108
12/21/2018,ROA,VA,AEA,EN,Combined TRACON& Tower with Radar,16,31,18,0,65,0,0,1,0,1,16,31,19,0,66,0,0,0,66
12/22/2018,ROA,VA,AEA,EN,Combined TRACON& Tower with Radar,8,47,15,0,70,0,0,18,0,18,8,47,33,0,88,4,0,4,92
12/23/2018,ROA,VA,AEA,EN,Combined TRACON& Tower with Radar,4,38,20,0,62,0,0,32,0,32,4,38,52,0,94,86,0,86,180
12/24/2018,ROA,VA,AEA,EN,Combined TRACON& Tower with Radar,6,26,3,0,35,0,0,5,0,5,6,26,8,0,40,14,0,14,54
12/25/2018,ROA,VA,AEA,EN,Combined TRACON& Tower with Radar,4,26,5,0,35,0,0,4,0,4,4,26,9,0,39,0,0,0,39
12/26/2018,ROA,VA,AEA,EN,Combined TRACON& Tower with Radar,8,37,9,0,54,0,1,37,0,38,8,38,46,0,92,64,0,64,156
12/27/2018,ROA,VA,AEA,EN,Combined TRACON& Tower with Radar,10,41,18,9,78,0,0,25,0,25,10,41,43,9,103,48,0,48,151
12/28/2018,ROA,VA,AEA,EN,Combined TRACON& Tower with Radar,10,44,11,0,65,0,0,0,0,0,10,44,11,0,65,0,0,0,65
12/29/2018,ROA,VA,AEA,EN,Combined TRACON& Tower with Radar,6,39,11,0,56,0,4,44,1,49,6,43,55,1,105,62,0,62,167
12/30/2018,ROA,VA,AEA,EN,Combined TRACON& Tower with Radar,5,38,5,0,48,0,0,24,0,24,5,38,29,0,72,26,0,26,98
12/31/2018,ROA,VA,AEA,EN,Combined TRACON& Tower with Radar,6,25,7,0,38,0,0,0,0,0,6,25,7,0,38,0,0,0,38
01/01/2019,ROA,VA,AEA,EN,Combined TRACON& Tower with Radar,2,30,9,0,41,0,0,7,0,7,2,30,16,0,48,2,0,2,50
01/02/2019,ROA,VA,AEA,EN,Combined TRACON& Tower with Radar,8,40,19,0,67,0,0,14,1,15,8,40,33,1,82,62,0,62,144
01/03/2019,ROA,VA,AEA,EN,Combined TRACON& Tower with Radar,10,39,16,1,66,0,8,23,0,31,10,47,39,1,97,76,0,76,173
01/04/2019,ROA,VA,AEA,EN,Combined TRACON& Tower with Radar,11,37,15,0,63,0,0,0,0,0,11,37,15,0,63,140,6,146,209
01/05/2019,ROA,VA,AEA,EN,Combined TRACON& Tower with Radar,8,41,7,0,56,0,0,11,0,11,8,41,18,0,67,0,0,0,67
01/06/2019,ROA,VA,AEA,EN,Combined TRACON& Tower with Radar,11,37,12,0,60,0,4,42,0,46,11,41,54,0,106,34,0,34,140
01/07/2019,ROA,VA,AEA,EN,Combined TRACON& Tower with Radar,9,40,12,0,61,0,0,24,0,24,9,40,36,0,85,42,0,42,127
01/08/2019,ROA,VA,AEA,EN,Combined TRACON& Tower with Radar,8,37,26,8,79,0,0,21,0,21,8,37,47,8,100,6,8,14,114
01/09/2019,ROA,VA,AEA,EN,Combined TRACON& Tower with Radar,8,39,17,5,69,0,1,3,0,4,8,40,20,5,73,0,0,0,73
01/10/2019,ROA,VA,AEA,EN,Combined TRACON& Tower with Radar,10,44,25,0,79,0,0,14,0,14,10,44,39,0,93,0,0,0,93
01/11/2019,ROA,VA,AEA,EN,Combined TRACON& Tower with Radar,11,37,22,1,71,0,0,61,1,62,11,37,83,2,133,74,0,74,207
01/12/2019,ROA,VA,AEA,EN,Combined TRACON& Tower with Radar,4,33,2,0,39,0,0,4,0,4,4,33,6,0,43,44,0,44,87
01/13/2019,ROA,VA,AEA,EN,Combined TRACON& Tower with Radar,11,30,1,0,42,0,0,0,0,0,11,30,1,0,42,0,0,0,42
01/14/2019,ROA,VA,AEA,EN,Combined TRACON& Tower with Radar,10,38,14,3,65,0,0,1,0,1,10,38,15,3,66,0,0,0,66
01/15/2019,ROA,VA,AEA,EN,Combined TRACON& Tower with Radar,8,41,18,3,70,0,0,27,0,27,8,41,45,3,97,92,0,92,189
01/16/2019,ROA,VA,AEA,EN,Combined TRACON& Tower with Radar,8,41,26,0,75,0,0,38,0,38,8,41,64,0,113,62,0,62,175
01/17/2019,ROA,VA,AEA,EN,Combined TRACON& Tower with Radar,10,41,14,2,67,0,0,0,0,0,10,41,14,2,67,0,0,0,67
01/18/2019,ROA,VA,AEA,EN,Combined TRACON& Tower with Radar,10,49,22,0,81,0,0,47,0,47,10,49,69,0,128,57,0,57,185
01/19/2019,ROA,VA,AEA,EN,Combined TRACON& Tower with Radar,4,28,9,0,41,0,0,0,0,0,4,28,9,0,41,0,0,0,41
01/20/2019,ROA,VA,AEA,EN,Combined TRACON& Tower with Radar,6,31,6,1,44,0,0,0,2,2,6,31,6,3,46,0,0,0,46
01/21/2019,ROA,VA,AEA,EN,Combined TRACON& Tower with Radar,8,36,9,2,55,0,1,33,1,35,8,37,42,3,90,0,0,0,90
01/22/2019,ROA,VA,AEA,EN,Combined TRACON& Tower with Radar,8,40,18,0,66,0,0,56,0,56,8,40,74,0,122,90,0,90,212
01/23/2019,ROA,VA,AEA,EN,Combined TRACON& Tower with Radar,8,39,16,0,63,0,0,2,0,2,8,39,18,0,65,0,0,0,65
01/24/2019,ROA,VA,AEA,EN,Combined TRACON& Tower with Radar,10,42,19,5,76,0,0,11,0,11,10,42,30,5,87,22,0,22,109
01/25/2019,ROA,VA,AEA,EN,Combined TRACON& Tower with Radar,11,37,28,11,87,0,2,51,1,54,11,39,79,12,141,38,0,38,179
01/26/2019,ROA,VA,AEA,EN,Combined TRACON& Tower with Radar,6,39,25,0,70,0,27,62,1,90,6,66,87,1,160,212,12,224,384
01/27/2019,ROA,VA,AEA,EN,Combined TRACON& Tower with Radar,7,38,8,0,53,0,0,40,0,40,7,38,48,0,93,158,0,158,251
01/28/2019,ROA,VA,AEA,EN,Combined TRACON& Tower with Radar,8,35,30,6,79,0,0,32,4,36,8,35,62,10,115,56,0,56,171
01/29/2019,ROA,VA,AEA,EN,Combined TRACON& Tower with Radar,8,35,25,0,68,0,2,6,0,8,8,37,31,0,76,44,0,44,120
01/30/2019,ROA,VA,AEA,EN,Combined TRACON& Tower with Radar,9,37,18,1,65,0,0,2,0,2,9,37,20,1,67,0,0,0,67
01/31/2019,ROA,VA,AEA,EN,Combined TRACON& Tower with Radar,10,32,21,5,68,0,2,36,1,39,10,34,57,6,107,46,4,50,157
02/01/2019,ROA,VA,AEA,EN,Combined TRACON& Tower with Radar,10,39,21,2,72,0,0,15,0,15,10,39,36,2,87,100,0,100,187
02/02/2019,ROA,VA,AEA,EN,Combined TRACON& Tower with Radar,4,31,9,0,44,0,0,57,0,57,4,31,66,0,101,42,0,42,143
02/03/2019,ROA,VA,AEA,EN,Combined TRACON& Tower with Radar,6,30,9,0,45,0,0,48,1,49,6,30,57,1,94,74,0,74,168
02/04/2019,ROA,VA,AEA,EN,Combined TRACON& Tower with Radar,12,40,12,0,64,0,0,45,2,47,12,40,57,2,111,6,0,6,117
02/05/2019,ROA,VA,AEA,EN,Combined TRACON& Tower with Radar,8,35,32,0,75,0,2,47,2,51,8,37,79,2,126,130,0,130,256
02/06/2019,ROA,VA,AEA,EN,Combined TRACON& Tower with Radar,8,40,33,0,81,0,0,14,1,15,8,40,47,1,96,162,0,162,258
02/07/2019,ROA,VA,AEA,EN,Combined TRACON& Tower with Radar,14,44,37,2,97,0,0,20,0,20,14,44,57,2,117,54,0,54,171
02/08/2019,ROA,VA,AEA,EN,Combined TRACON& Tower with Radar,10,45,19,4,78,0,0,9,3,12,10,45,28,7,90,10,0,10,100
02/09/2019,ROA,VA,AEA,EN,Combined TRACON& Tower with Radar,4,43,22,3,72,0,0,38,2,40,4,43,60,5,112,74,20,94,206
02/10/2019,ROA,VA,AEA,EN,Combined TRACON& Tower with Radar,6,37,10,8,61,0,0,20,1,21,6,37,30,9,82,64,0,64,146
02/11/2019,ROA,VA,AEA,EN,Combined TRACON& Tower with Radar,8,36,7,0,51,0,0,2,0,2,8,36,9,0,53,0,0,0,53
02/12/2019,ROA,VA,AEA,EN,Combined TRACON& Tower with Radar,10,36,18,0,64,0,0,0,0,0,10,36,18,0,64,0,0,0,64
02/13/2019,ROA,VA,AEA,EN,Combined TRACON& Tower with Radar,9,38,18,2,67,0,0,7,0,7,9,38,25,2,74,4,0,4,78
02/14/2019,ROA,VA,AEA,EN,Combined TRACON& Tower with Radar,11,42,50,0,103,0,2,70,0,72,11,44,120,0,175,44,0,44,219
02/15/2019,ROA,VA,AEA,EN,Combined TRACON& Tower with Radar,12,38,33,2,85,0,0,25,2,27,12,38,58,4,112,183,0,183,295
02/16/2019,ROA,VA,AEA,EN,Combined TRACON& Tower with Radar,4,33,12,0,49,0,0,13,0,13,4,33,25,0,62,2,0,2,64
02/17/2019,ROA,VA,AEA,EN,Combined TRACON& Tower with Radar,6,29,4,0,39,0,0,1,0,1,6,29,5,0,40,0,0,0,40
02/18/2019,ROA,VA,AEA,EN,Combined TRACON& Tower with Radar,8,38,19,1,66,0,0,21,0,21,8,38,40,1,87,14,0,14,101
02/19/2019,ROA,VA,AEA,EN,Combined TRACON& Tower with Radar,10,39,51,1,101,0,0,61,1,62,10,39,112,2,163,86,0,86,249
02/20/2019,ROA,VA,AEA,EN,Combined TRACON& Tower with Radar,8,29,3,0,40,0,0,0,0,0,8,29,3,0,40,0,0,0,40
02/21/2019,ROA,VA,AEA,EN,Combined TRACON& Tower with Radar,10,42,38,11,101,0,1,34,5,40,10,43,72,16,141,36,10,46,187
02/22/2019,ROA,VA,AEA,EN,Combined TRACON& Tower with Radar,10,34,15,0,59,0,0,0,0,0,10,34,15,0,59,0,0,0,59
02/23/2019,ROA,VA,AEA,EN,Combined TRACON& Tower with Radar,6,44,8,0,58,0,0,1,0,1,6,44,9,0,59,0,0,0,59
02/24/2019,ROA,VA,AEA,EN,Combined TRACON& Tower with Radar,5,40,10,0,55,0,0,2,0,2,5,40,12,0,57,0,0,0,57
02/25/2019,ROA,VA,AEA,EN,Combined TRACON& Tower with Radar,10,38,11,0,59,0,0,7,0,7,10,38,18,0,66,0,0,0,66
02/26/2019,ROA,VA,AEA,EN,Combined TRACON& Tower with Radar,9,41,35,0,85,0,2,56,3,61,9,43,91,3,146,62,0,62,208
02/27/2019,ROA,VA,AEA,EN,Combined TRACON& Tower with Radar,10,42,20,0,72,0,0,32,0,32,10,42,52,0,104,106,0,106,210
02/28/2019,ROA,VA,AEA,EN,Combined TRACON& Tower with Radar,10,38,20,3,71,0,0,16,0,16,10,38,36,3,87,86,0,86,173
03/01/2019,ROA,VA,AEA,EN,Combined TRACON& Tower with Radar,10,40,12,0,62,0,0,0,0,0,10,40,12,0,62,0,0,0,62
03/02/2019,ROA,VA,AEA,EN,Combined TRACON& Tower with Radar,6,40,16,1,63,0,0,34,1,35,6,40,50,2,98,68,0,68,166
03/03/2019,ROA,VA,AEA,EN,Combined TRACON& Tower with Radar,6,36,2,0,44,0,1,0,0,1,6,37,2,0,45,0,0,0,45
03/04/2019,ROA,VA,AEA,EN,Combined TRACON& Tower with Radar,8,40,25,0,73,2,1,12,1,16,10,41,37,1,89,12,0,12,101
03/05/2019,ROA,VA,AEA,EN,Combined TRACON& Tower with Radar,8,40,28,7,83,0,0,39,3,42,8,40,67,10,125,16,16,32,157
03/06/2019,ROA,VA,AEA,EN,Combined TRACON& Tower with Radar,12,38,27,1,78,0,0,24,1,25,12,38,51,2,103,72,0,72,175
03/07/2019,ROA,VA,AEA,EN,Combined TRACON& Tower with Radar,12,42,18,0,72,0,0,44,0,44,12,42,62,0,116,122,0,122,238
03/08/2019,ROA,VA,AEA,EN,Combined TRACON& Tower with Radar,11,50,21,0,82,0,0,4,0,4,11,50,25,0,86,28,0,28,114
03/09/2019,ROA,VA,AEA,EN,Combined TRACON& Tower with Radar,9,36,7,0,52,0,0,0,0,0,9,36,7,0,52,0,0,0,52
03/10/2019,ROA,VA,AEA,EN,Combined TRACON& Tower with Radar,7,38,18,0,63,0,3,10,0,13,7,41,28,0,76,88,0,88,164
03/11/2019,ROA,VA,AEA,EN,Combined TRACON& Tower with Radar,11,35,17,4,67,0,1,40,1,42,11,36,57,5,109,62,0,62,171
03/12/2019,ROA,VA,AEA,EN,Combined TRACON& Tower with Radar,11,40,10,3,64,0,0,49,2,51,11,40,59,5,115,96,0,96,211
03/13/2019,ROA,VA,AEA,EN,Combined TRACON& Tower with Radar,12,39,16,0,67,0,0,46,0,46,12,39,62,0,113,126,0,126,239
03/14/2019,ROA,VA,AEA,EN,Combined TRACON& Tower with Radar,12,41,32,5,90,0,0,30,0,30,12,41,62,5,120,12,0,12,132
03/15/2019,ROA,VA,AEA,EN,Combined TRACON& Tower with Radar,12,37,23,0,72,0,0,5,1,6,12,37,28,1,78,10,0,10,88
03/16/2019,ROA,VA,AEA,EN,Combined TRACON& Tower with Radar,7,32,14,0,53,0,0,34,2,36,7,32,48,2,89,12,0,12,101
03/17/2019,ROA,VA,AEA,EN,Combined TRACON& Tower with Radar,7,39,7,0,53,0,0,32,5,37,7,39,39,5,90,20,0,20,110
03/18/2019,ROA,VA,AEA,EN,Combined TRACON& Tower with Radar,10,36,24,1,71,0,0,24,0,24,10,36,48,1,95,18,0,18,113
03/19/2019,ROA,VA,AEA,EN,Combined TRACON& Tower with Radar,11,34,26,3,74,0,0,43,0,43,11,34,69,3,117,82,2,84,201
03/20/2019,ROA,VA,AEA,EN,Combined TRACON& Tower with Radar,11,39,20,0,70,0,2,37,2,41,11,41,57,2,111,78,0,78,189
03/21/2019,ROA,VA,AEA,EN,Combined TRACON& Tower with Radar,12,45,25,2,84,0,3,14,0,17,12,48,39,2,101,136,0,136,237
03/22/2019,ROA,VA,AEA,EN,Combined TRACON& Tower with Radar,11,36,21,1,69,0,0,4,0,4,11,36,25,1,73,0,0,0,73
03/23/2019,ROA,VA,AEA,EN,Combined TRACON& Tower with Radar,8,36,5,0,49,0,0,19,4,23,8,36,24,4,72,0,0,0,72
03/24/2019,ROA,VA,AEA,EN,Combined TRACON& Tower with Radar,7,39,23,1,70,0,1,49,0,50,7,40,72,1,120,38,0,38,158
03/25/2019,ROA,VA,AEA,EN,Combined TRACON& Tower with Radar,12,36,19,0,67,0,0,18,0,18,12,36,37,0,85,34,0,34,119
03/26/2019,ROA,VA,AEA,EN,Combined TRACON& Tower with Radar,10,39,16,2,67,0,1,30,0,31,10,40,46,2,98,53,0,53,151
03/27/2019,ROA,VA,AEA,EN,Combined TRACON& Tower with Radar,12,38,31,0,81,0,4,36,0,40,12,42,67,0,121,70,0,70,191
03/28/2019,ROA,VA,AEA,EN,Combined TRACON& Tower with Radar,12,43,17,2,74,0,2,57,2,61,12,45,74,4,135,54,0,54,189
03/29/2019,ROA,VA,AEA,EN,Combined TRACON& Tower with Radar,13,45,32,1,91,0,2,38,1,41,13,47,70,2,132,152,0,152,284
03/30/2019,ROA,VA,AEA,EN,Combined TRACON& Tower with Radar,6,41,14,2,63,0,0,28,6,34,6,41,42,8,97,14,0,14,111
03/31/2019,ROA,VA,AEA,EN,Combined TRACON& Tower with Radar,6,45,13,0,64,0,0,3,0,3,6,45,16,0,67,0,0,0,67
04/01/2019,ROA,VA,AEA,EN,Combined TRACON& Tower with Radar,13,33,6,0,52,0,0,39,0,39,13,33,45,0,91,36,0,36,127
04/02/2019,ROA,VA,AEA,EN,Combined TRACON& Tower with Radar,16,35,17,10,78,0,0,57,4,61,16,35,74,14,139,96,14,110,249
04/03/2019,ROA,VA,AEA,EN,Combined TRACON& Tower with Radar,18,38,31,0,87,0,0,40,0,40,18,38,71,0,127,16,0,16,143
04/04/2019,ROA,VA,AEA,EN,Combined TRACON& Tower with Radar,18,35,42,13,108,0,0,57,0,57,18,35,99,13,165,132,0,132,297
04/05/2019,ROA,VA,AEA,EN,Combined TRACON& Tower with Radar,19,40,20,0,79,0,0,0,0,0,19,40,20,0,79,0,0,0,79
04/06/2019,ROA,VA,AEA,EN,Combined TRACON& Tower with Radar,11,35,26,0,72,0,0,35,0,35,11,35,61,0,107,62,0,62,169
04/07/2019,ROA,VA,AEA,EN,Combined TRACON& Tower with Radar,12,36,22,0,70,0,0,2,0,2,12,36,24,0,72,0,0,0,72
04/08/2019,ROA,VA,AEA,EN,Combined TRACON& Tower with Radar,16,34,25,0,75,0,0,3,0,3,16,34,28,0,78,44,0,44,122
04/09/2019,ROA,VA,AEA,EN,Combined TRACON& Tower with Radar,16,32,32,2,82,0,0,27,2,29,16,32,59,4,111,72,0,72,183
04/10/2019,ROA,VA,AEA,EN,Combined TRACON& Tower with Radar,18,38,29,0,85,0,0,59,0,59,18,38,88,0,144,108,0,108,252
04/11/2019,ROA,VA,AEA,EN,Combined TRACON& Tower with Radar,18,36,23,0,77,0,0,45,0,45,18,36,68,0,122,80,0,80,202
04/12/2019,ROA,VA,AEA,EN,Combined TRACON& Tower with Radar,18,36,21,0,75,0,0,0,0,0,18,36,21,0,75,6,0,6,81
04/13/2019,ROA,VA,AEA,EN,Combined TRACON& Tower with Radar,12,35,8,0,55,0,0,22,0,22,12,35,30,0,77,100,2,102,179
04/14/2019,ROA,VA,AEA,EN,Combined TRACON& Tower with Radar,9,27,8,0,44,0,0,0,0,0,9,27,8,0,44,0,0,0,44
04/15/2019,ROA,VA,AEA,EN,Combined TRACON& Tower with Radar,19,34,19,0,72,0,1,5,0,6,19,35,24,0,78,0,0,0,78
04/16/2019,ROA,VA,AEA,EN,Combined TRACON& Tower with Radar,16,38,26,1,81,0,0,53,2,55,16,38,79,3,136,114,4,118,254
04/17/2019,ROA,VA,AEA,EN,Combined TRACON& Tower with Radar,18,39,34,0,91,0,0,55,2,57,18,39,89,2,148,112,0,112,260
04/18/2019,ROA,VA,AEA,EN,Combined TRACON& Tower with Radar,18,35,26,0,79,0,0,36,1,37,18,35,62,1,116,30,0,30,146
04/19/2019,ROA,VA,AEA,EN,Combined TRACON& Tower with Radar,17,28,12,1,58,0,0,0,0,0,17,28,12,1,58,0,0,0,58
04/20/2019,ROA,VA,AEA,EN,Combined TRACON& Tower with Radar,11,40,11,1,63,0,0,9,1,10,11,40,20,2,73,0,0,0,73
04/21/2019,ROA,VA,AEA,EN,Combined TRACON& Tower with Radar,12,32,14,0,58,0,0,21,0,21,12,32,35,0,79,10,0,10,89
04/22/2019,ROA,VA,AEA,EN,Combined TRACON& Tower with Radar,16,34,21,1,72,0,0,60,2,62,16,34,81,3,134,90,0,90,224
04/23/2019,ROA,VA,AEA,EN,Combined TRACON& Tower with Radar,18,38,23,8,87,0,0,48,2,50,18,38,71,10,137,66,0,66,203
04/24/2019,ROA,VA,AEA,EN,Combined TRACON& Tower with Radar,20,35,33,0,88,0,1,43,0,44,20,36,76,0,132,99,0,99,231
04/25/2019,ROA,VA,AEA,EN,Combined TRACON& Tower with Radar,18,39,18,2,77,0,0,40,2,42,18,39,58,4,119,84,0,84,203
04/26/2019,ROA,VA,AEA,EN,Combined TRACON& Tower with Radar,27,27,3,1,58,0,0,2,1,3,27,27,5,2,61,0,0,0,61
04/27/2019,ROA,VA,AEA,EN,Combined TRACON& Tower with Radar,11,39,9,0,59,0,3,21,3,27,11,42,30,3,86,100,0,100,186
04/28/2019,ROA,VA,AEA,EN,Combined TRACON& Tower with Radar,13,35,3,0,51,0,0,12,5,17,13,35,15,5,68,136,2,138,206
04/29/2019,ROA,VA,AEA,EN,Combined TRACON& Tower with Radar,11,42,25,8,86,0,0,19,1,20,11,42,44,9,106,128,0,128,234
04/30/2019,ROA,VA,AEA,EN,Combined TRACON& Tower with Radar,13,44,25,0,82,0,0,37,4,41,13,44,62,4,123,30,4,34,157
05/01/2019,ROA,VA,AEA,EN,Combined TRACON& Tower with Radar,11,45,43,0,99,0,0,26,0,26,11,45,69,0,125,18,0,18,143
05/02/2019,ROA,VA,AEA,EN,Combined TRACON& Tower with Radar,12,50,33,0,95,0,0,23,0,23,12,50,56,0,118,40,0,40,158
05/03/2019,ROA,VA,AEA,EN,Combined TRACON& Tower with Radar,10,47,27,0,84,0,0,21,3,24,10,47,48,3,108,6,0,6,114
05/04/2019,ROA,VA,AEA,EN,Combined TRACON& Tower with Radar,8,37,11,0,56,0,0,18,0,18,8,37,29,0,74,58,0,58,132
05/05/2019,ROA,VA,AEA,EN,Combined TRACON& Tower with Radar,6,43,15,4,68,0,0,4,0,4,6,43,19,4,72,16,0,16,88
05/06/2019,ROA,VA,AEA,EN,Combined TRACON& Tower with Radar,8,38,22,5,73,0,0,47,4,51,8,38,69,9,124,18,0,18,142
05/07/2019,ROA,VA,AEA,EN,Combined TRACON& Tower with Radar,8,43,34,2,87,0,0,23,0,23,8,43,57,2,110,10,0,10,120
05/08/2019,ROA,VA,AEA,EN,Combined TRACON& Tower with Radar,12,44,22,8,86,0,0,26,0,26,12,44,48,8,112,18,0,18,130
05/09/2019,ROA,VA,AEA,EN,Combined TRACON& Tower with Radar,9,47,24,0,80,0,0,23,0,23,9,47,47,0,103,40,0,40,143
05/10/2019,ROA,VA,AEA,EN,Combined TRACON& Tower with Radar,11,51,20,4,86,0,1,15,0,16,11,52,35,4,102,72,0,72,174
05/11/2019,ROA,VA,AEA,EN,Combined TRACON& Tower with Radar,6,31,14,0,51,0,0,2,0,2,6,31,16,0,53,30,0,30,83
05/12/2019,ROA,VA,AEA,EN,Combined TRACON& Tower with Radar,6,37,3,2,48,0,0,1,0,1,6,37,4,2,49,30,0,30,79
05/13/2019,ROA,VA,AEA,EN,Combined TRACON& Tower with Radar,8,43,21,4,76,0,0,13,0,13,8,43,34,4,89,54,0,54,143
05/14/2019,ROA,VA,AEA,EN,Combined TRACON& Tower with Radar,7,45,27,5,84,0,0,15,1,16,7,45,42,6,100,10,0,10,110
05/15/2019,ROA,VA,AEA,EN,Combined TRACON& Tower with Radar,11,46,18,4,79,0,1,51,0,52,11,47,69,4,131,96,0,96,227
05/16/2019,ROA,VA,AEA,EN,Combined TRACON& Tower with Radar,10,47,29,1,87,0,0,33,1,34,10,47,62,2,121,88,0,88,209
05/17/2019,ROA,VA,AEA,EN,Combined TRACON& Tower with Radar,9,41,24,2,76,0,0,14,0,14,9,41,38,2,90,26,0,26,116
05/18/2019,ROA,VA,AEA,EN,Combined TRACON& Tower with Radar,9,49,25,0,83,0,0,35,1,36,9,49,60,1,119,26,0,26,145
05/19/2019,ROA,VA,AEA,EN,Combined TRACON& Tower with Radar,6,39,15,0,60,0,0,24,1,25,6,39,39,1,85,14,0,14,99
05/20/2019,ROA,VA,AEA,EN,Combined TRACON& Tower with Radar,8,41,17,6,72,0,0,24,0,24,8,41,41,6,96,28,18,46,142
05/21/2019,ROA,VA,AEA,EN,Combined TRACON& Tower with Radar,8,47,31,5,91,0,0,50,0,50,8,47,81,5,141,60,0,60,201
05/22/2019,ROA,VA,AEA,EN,Combined TRACON& Tower with Radar,10,45,27,4,86,0,0,35,0,35,10,45,62,4,121,96,0,96,217
05/23/2019,ROA,VA,AEA,EN,Combined TRACON& Tower with Radar,12,45,40,0,97,0,0,30,0,30,12,45,70,0,127,32,0,32,159
05/24/2019,ROA,VA,AEA,EN,Combined TRACON& Tower with Radar,11,42,32,2,87,0,1,23,3,27,11,43,55,5,114,20,0,20,134
05/25/2019,ROA,VA,AEA,EN,Combined TRACON& Tower with Radar,5,35,8,0,48,0,0,25,4,29,5,35,33,4,77,48,0,48,125
05/26/2019,ROA,VA,AEA,EN,Combined TRACON& Tower with Radar,6,35,8,0,49,0,1,16,3,20,6,36,24,3,69,14,0,14,83
05/27/2019,ROA,VA,AEA,EN,Combined TRACON& Tower with Radar,6,35,16,0,57,0,0,20,0,20,6,35,36,0,77,56,0,56,133
05/28/2019,ROA,VA,AEA,EN,Combined TRACON& Tower with Radar,6,39,22,10,77,0,0,37,2,39,6,39,59,12,116,28,23,51,167
05/29/2019,ROA,VA,AEA,EN,Combined TRACON& Tower with Radar,12,42,15,2,71,0,0,19,0,19,12,42,34,2,90,6,0,6,96
05/30/2019,ROA,VA,AEA,EN,Combined TRACON& Tower with Radar,10,41,39,2,92,0,0,32,0,32,10,41,71,2,124,20,0,20,144
05/31/2019,ROA,VA,AEA,EN,Combined TRACON& Tower with Radar,10,43,22,1,76,0,0,27,6,33,10,43,49,7,109,56,0,56,165
06/01/2019,ROA,VA,AEA,EN,Combined TRACON& Tower with Radar,7,33,10,0,50,0,0,187,0,187,7,33,197,0,237,195,0,195,432
06/02/2019,ROA,VA,AEA,EN,Combined TRACON& Tower with Radar,8,43,23,0,74,0,0,16,0,16,8,43,39,0,90,30,0,30,120
06/03/2019,ROA,VA,AEA,EN,Combined TRACON& Tower with Radar,8,38,12,0,58,0,0,39,5,44,8,38,51,5,102,38,0,38,140
06/04/2019,ROA,VA,AEA,EN,Combined TRACON& Tower with Radar,8,40,32,0,80,0,0,51,0,51,8,40,83,0,131,70,0,70,201
06/05/2019,ROA,VA,AEA,EN,Combined TRACON& Tower with Radar,10,40,22,6,78,0,0,16,0,16,10,40,38,6,94,36,0,36,130
06/06/2019,ROA,VA,AEA,EN,Combined TRACON& Tower with Radar,10,41,13,8,72,0,0,11,3,14,10,41,24,11,86,30,0,30,116
06/07/2019,ROA,VA,AEA,EN,Combined TRACON& Tower with Radar,10,43,14,0,67,0,0,0,0,0,10,43,14,0,67,0,0,0,67
06/08/2019,ROA,VA,AEA,EN,Combined TRACON& Tower with Radar,6,38,11,0,55,0,0,0,0,0,6,38,11,0,55,0,0,0,55
06/09/2019,ROA,VA,AEA,EN,Combined TRACON& Tower with Radar,8,47,7,0,62,0,0,0,0,0,8,47,7,0,62,0,0,0,62
06/10/2019,ROA,VA,AEA,EN,Combined TRACON& Tower with Radar,9,38,15,0,62,0,0,0,0,0,9,38,15,0,62,0,0,0,62
06/11/2019,ROA,VA,AEA,EN,Combined TRACON& Tower with Radar,13,40,20,11,84,0,0,31,1,32,13,40,51,12,116,24,0,24,140
06/12/2019,ROA,VA,AEA,EN,Combined TRACON& Tower with Radar,9,47,25,6,87,0,0,30,0,30,9,47,55,6,117,56,10,66,183
06/13/2019,ROA,VA,AEA,EN,Combined TRACON& Tower with Radar,10,52,19,1,82,0,0,18,3,21,10,52,37,4,103,0,0,0,103
06/14/2019,ROA,VA,AEA,EN,Combined TRACON& Tower with Radar,14,44,26,0,84,0,1,39,0,40,14,45,65,0,124,24,0,24,148
06/15/2019,ROA,VA,AEA,EN,Combined TRACON& Tower with Radar,9,42,27,0,78,0,0,41,2,43,9,42,68,2,121,40,0,40,161
06/16/2019,ROA,VA,AEA,EN,Combined TRACON& Tower with Radar,6,37,15,0,58,0,0,28,1,29,6,37,43,1,87,20,0,20,107
06/17/2019,ROA,VA,AEA,EN,Combined TRACON& Tower with Radar,8,37,22,3,70,0,0,9,0,9,8,37,31,3,79,50,2,52,131
06/18/2019,ROA,VA,AEA,EN,Combined TRACON& Tower with Radar,13,39,16,0,68,0,0,12,2,14,13,39,28,2,82,26,0,26,108
06/19/2019,ROA,VA,AEA,EN,Combined TRACON& Tower with Radar,12,39,30,1,82,0,0,8,1,9,12,39,38,2,91,28,0,28,119
06/20/2019,ROA,VA,AEA,EN,Combined TRACON& Tower with Radar,11,37,32,0,80,0,0,23,0,23,11,37,55,0,103,46,0,46,149
06/21/2019,ROA,VA,AEA,EN,Combined TRACON& Tower with Radar,10,40,27,0,77,0,0,27,3,30,10,40,54,3,107,20,0,20,127
06/22/2019,ROA,VA,AEA,EN,Combined TRACON& Tower with Radar,11,39,16,0,66,0,0,28,0,28,11,39,44,0,94,58,0,58,152
06/23/2019,ROA,VA,AEA,EN,Combined TRACON& Tower with Radar,6,40,14,0,60,0,0,13,1,14,6,40,27,1,74,8,0,8,82
06/24/2019,ROA,VA,AEA,EN,Combined TRACON& Tower with Radar,8,41,17,0,66,0,0,23,0,23,8,41,40,0,89,28,0,28,117
06/25/2019,ROA,VA,AEA,EN,Combined TRACON& Tower with Radar,12,41,17,6,76,0,1,21,6,28,12,42,38,12,104,22,10,32,136
06/26/2019,ROA,VA,AEA,EN,Combined TRACON& Tower with Radar,13,42,20,5,80,0,0,35,1,36,13,42,55,6,116,68,2,70,186
06/27/2019,ROA,VA,AEA,EN,Combined TRACON& Tower with Radar,10,40,27,0,77,0,0,40,1,41,10,40,67,1,118,34,0,34,152
06/28/2019,ROA,VA,AEA,EN,Combined TRACON& Tower with Radar,11,40,26,0,77,0,0,32,0,32,11,40,58,0,109,16,0,16,125
06/29/2019,ROA,VA,AEA,EN,Combined TRACON& Tower with Radar,9,38,16,0,63,0,0,34,0,34,9,38,50,0,97,16,0,16,113
06/30/2019,ROA,VA,AEA,EN,Combined TRACON& Tower with Radar,6,40,16,0,62,0,0,14,0,14,6,40,30,0,76,0,0,0,76
07/01/2019,ROA,VA,AEA,EN,Combined TRACON& Tower with Radar,10,38,18,0,66,0,0,25,0,25,10,38,43,0,91,56,0,56,147
07/02/2019,ROA,VA,AEA,EN,Combined TRACON& Tower with Radar,14,40,18,0,72,0,0,22,4,26,14,40,40,4,98,22,2,24,122
07/03/2019,ROA,VA,AEA,EN,Combined TRACON& Tower with Radar,10,45,16,0,71,0,0,14,7,21,10,45,30,7,92,30,0,30,122
07/04/2019,ROA,VA,AEA,EN,Combined TRACON& Tower with Radar,8,34,1,0,43,0,0,18,0,18,8,34,19,0,61,36,0,36,97
07/05/2019,ROA,VA,AEA,EN,Combined TRACON& Tower with Radar,12,33,5,0,50,0,0,14,0,14,12,33,19,0,64,14,0,14,78
07/06/2019,ROA,VA,AEA,EN,Combined TRACON& Tower with Radar,10,35,15,0,60,0,0,35,1,36,10,35,50,1,96,26,0,26,122
07/07/2019,ROA,VA,AEA,EN,Combined TRACON& Tower with Radar,6,40,16,0,62,0,0,6,2,8,6,40,22,2,70,14,0,14,84
07/08/2019,ROA,VA,AEA,EN,Combined TRACON& Tower with Radar,8,37,11,0,56,0,1,23,0,24,8,38,34,0,80,78,0,78,158
07/09/2019,ROA,VA,AEA,EN,Combined TRACON& Tower with Radar,14,37,22,2,75,0,0,8,0,8,14,37,30,2,83,70,0,70,153
07/10/2019,ROA,VA,AEA,EN,Combined TRACON& Tower with Radar,10,40,29,0,79,0,2,33,0,35,10,42,62,0,114,122,0,122,236
07/11/2019,ROA,VA,AEA,EN,Combined TRACON& Tower with Radar,10,45,13,4,72,0,1,13,0,14,10,46,26,4,86,26,0,26,112
07/12/2019,ROA,VA,AEA,EN,Combined TRACON& Tower with Radar,10,38,27,2,77,0,0,28,10,38,10,38,55,12,115,36,8,44,159
07/13/2019,ROA,VA,AEA,EN,Combined TRACON& Tower with Radar,10,34,20,0,64,0,0,48,1,49,10,34,68,1,113,24,0,24,137
07/14/2019,ROA,VA,AEA,EN,Combined TRACON& Tower with Radar,6,36,14,0,56,0,0,26,1,27,6,36,40,1,83,20,0,20,103
07/15/2019,ROA,VA,AEA,EN,Combined TRACON& Tower with Radar,8,40,20,8,76,0,1,13,1,15,8,41,33,9,91,34,0,34,125
07/16/2019,ROA,VA,AEA,EN,Combined TRACON& Tower with Radar,12,43,21,0,76,0,0,30,1,31,12,43,51,1,107,84,0,84,191
07/17/2019,ROA,VA,AEA,EN,Combined TRACON& Tower with Radar,9,37,23,0,69,0,0,13,2,15,9,37,36,2,84,16,0,16,100
07/18/2019,ROA,VA,AEA,EN,Combined TRACON& Tower with Radar,11,44,30,4,89,0,1,20,3,24,11,45,50,7,113,52,0,52,165
07/19/2019,ROA,VA,AEA,EN,Combined TRACON& Tower with Radar,9,42,20,4,75,0,0,35,0,35,9,42,55,4,110,34,2,36,146
07/20/2019,ROA,VA,AEA,EN,Combined TRACON& Tower with Radar,11,38,9,0,58,0,0,21,1,22,11,38,30,1,80,26,0,26,106
07/21/2019,ROA,VA,AEA,EN,Combined TRACON& Tower with Radar,6,33,13,0,52,0,1,15,0,16,6,34,28,0,68,0,0,0,68
07/22/2019,ROA,VA,AEA,EN,Combined TRACON& Tower with Radar,7,35,21,0,63,0,0,12,0,12,7,35,33,0,75,46,0,46,121
07/23/2019,ROA,VA,AEA,EN,Combined TRACON& Tower with Radar,15,36,26,0,77,0,0,5,0,5,15,36,31,0,82,6,0,6,88
07/24/2019,ROA,VA,AEA,EN,Combined TRACON& Tower with Radar,10,43,33,4,90,0,0,54,14,68,10,43,87,18,158,86,16,102,260
07/25/2019,ROA,VA,AEA,EN,Combined TRACON& Tower with Radar,10,41,16,8,75,0,0,50,14,64,10,41,66,22,139,28,6,34,173
07/26/2019,ROA,VA,AEA,EN,Combined TRACON& Tower with Radar,11,39,11,0,61,0,0,61,0,61,11,39,72,0,122,50,0,50,172
07/27/2019,ROA,VA,AEA,EN,Combined TRACON& Tower with Radar,9,34,16,0,59,2,0,53,0,55,11,34,69,0,114,58,0,58,172
07/28/2019,ROA,VA,AEA,EN,Combined TRACON& Tower with Radar,6,39,17,0,62,0,0,32,0,32,6,39,49,0,94,30,0,30,124
07/29/2019,ROA,VA,AEA,EN,Combined TRACON& Tower with Radar,10,43,23,5,81,0,0,24,1,25,10,43,47,6,106,74,4,78,184
07/30/2019,ROA,VA,AEA,EN,Combined TRACON& Tower with Radar,12,40,16,0,68,0,2,30,0,32,12,42,46,0,100,108,0,108,208
07/31/2019,ROA,VA,AEA,EN,Combined TRACON& Tower with Radar,9,38,20,0,67,0,0,20,3,23,9,38,40,3,90,22,0,22,112
08/01/2019,ROA,VA,AEA,EN,Combined TRACON& Tower with Radar,9,38,24,1,72,0,0,15,3,18,9,38,39,4,90,52,0,52,142
08/02/2019,ROA,VA,AEA,EN,Combined TRACON& Tower with Radar,14,45,11,8,78,0,1,9,0,10,14,46,20,8,88,18,12,30,118
08/03/2019,ROA,VA,AEA,EN,Combined TRACON& Tower with Radar,11,37,15,0,63,0,0,17,1,18,11,37,32,1,81,22,0,22,103
08/04/2019,ROA,VA,AEA,EN,Combined TRACON& Tower with Radar,8,37,10,0,55,0,2,24,0,26,8,39,34,0,81,12,0,12,93
08/05/2019,ROA,VA,AEA,EN,Combined TRACON& Tower with Radar,8,40,23,0,71,0,0,30,5,35,8,40,53,5,106,80,0,80,186
08/06/2019,ROA,VA,AEA,EN,Combined TRACON& Tower with Radar,14,42,23,0,79,0,1,35,1,37,14,43,58,1,116,90,0,90,206
08/07/2019,ROA,VA,AEA,EN,Combined TRACON& Tower with Radar,16,36,9,0,61,0,0,23,1,24,16,36,32,1,85,90,0,90,175
08/08/2019,ROA,VA,AEA,EN,Combined TRACON& Tower with Radar,9,39,34,0,82,0,0,32,0,32,9,39,66,0,114,76,0,76,190
08/09/2019,ROA,VA,AEA,EN,Combined TRACON& Tower with Radar,10,44,19,0,73,0,0,35,4,39,10,44,54,4,112,70,0,70,182
08/10/2019,ROA,VA,AEA,EN,Combined TRACON& Tower with Radar,10,36,10,0,56,0,1,40,2,43,10,37,50,2,99,58,0,58,157
08/11/2019,ROA,VA,AEA,EN,Combined TRACON& Tower with Radar,6,38,13,0,57,0,0,20,0,20,6,38,33,0,77,42,0,42,119
08/12/2019,ROA,VA,AEA,EN,Combined TRACON& Tower with Radar,9,38,20,0,67,0,0,40,2,42,9,38,60,2,109,78,0,78,187
08/13/2019,ROA,VA,AEA,EN,Combined TRACON& Tower with Radar,12,40,26,0,78,0,0,23,0,23,12,40,49,0,101,48,0,48,149
08/14/2019,ROA,VA,AEA,EN,Combined TRACON& Tower with Radar,9,42,15,0,66,0,1,28,2,31,9,43,43,2,97,68,0,68,165
08/15/2019,ROA,VA,AEA,EN,Combined TRACON& Tower with Radar,10,43,26,8,87,0,0,29,2,31,10,43,55,10,118,78,8,86,204
08/16/2019,ROA,VA,AEA,EN,Combined TRACON& Tower with Radar,10,40,42,5,97,0,0,31,0,31,10,40,73,5,128,28,0,28,156
08/17/2019,ROA,VA,AEA,EN,Combined TRACON& Tower with Radar,9,38,14,0,61,0,0,44,0,44,9,38,58,0,105,42,0,42,147
08/18/2019,ROA,VA,AEA,EN,Combined TRACON& Tower with Radar,7,37,4,1,49,0,0,12,0,12,7,37,16,1,61,36,0,36,97
08/19/2019,ROA,VA,AEA,EN,Combined TRACON& Tower with Radar,10,42,13,0,65,0,1,16,5,22,10,43,29,5,87,52,0,52,139
08/20/2019,ROA,VA,AEA,EN,Combined TRACON& Tower with Radar,11,39,18,0,68,0,1,18,4,23,11,40,36,4,91,72,2,74,165
08/21/2019,ROA,VA,AEA,EN,Combined TRACON& Tower with Radar,12,40,25,5,82,0,0,26,6,32,12,40,51,11,114,72,2,74,188
08/22/2019,ROA,VA,AEA,EN,Combined TRACON& Tower with Radar,14,34,31,0,79,0,1,23,14,38,14,35,54,14,117,52,0,52,169
08/23/2019,ROA,VA,AEA,EN,Combined TRACON& Tower with Radar,14,38,15,5,72,0,2,30,5,37,14,40,45,10,109,80,0,80,189
08/24/2019,ROA,VA,AEA,EN,Combined TRACON& Tower with Radar,8,36,22,1,67,0,0,22,2,24,8,36,44,3,91,18,0,18,109
08/25/2019,ROA,VA,AEA,EN,Combined TRACON& Tower with Radar,10,39,25,1,75,0,0,18,4,22,10,39,43,5,97,24,0,24,121
08/26/2019,ROA,VA,AEA,EN,Combined TRACON& Tower with Radar,12,33,33,2,80,0,1,19,0,20,12,34,52,2,100,54,0,54,154
08/27/2019,ROA,VA,AEA,EN,Combined TRACON& Tower with Radar,14,39,18,1,72,0,0,0,0,0,14,39,18,1,72,0,0,0,72
08/28/2019,ROA,VA,AEA,EN,Combined TRACON& Tower with Radar,12,35,27,0,74,0,0,18,1,19,12,35,45,1,93,34,0,34,127
08/29/2019,ROA,VA,AEA,EN,Combined TRACON& Tower with Radar,15,39,27,2,83,0,1,55,2,58,15,40,82,4,141,86,0,86,227
08/30/2019,ROA,VA,AEA,EN,Combined TRACON& Tower with Radar,18,39,19,0,76,0,1,41,0,42,18,40,60,0,118,86,0,86,204
08/31/2019,ROA,VA,AEA,EN,Combined TRACON& Tower with Radar,8,30,15,0,53,0,0,40,2,42,8,30,55,2,95,2,0,2,97
09/01/2019,ROA,VA,AEA,EN,Combined TRACON& Tower with Radar,9,27,22,0,58,0,0,16,4,20,9,27,38,4,78,56,0,56,134
09/02/2019,ROA,VA,AEA,EN,Combined TRACON& Tower with Radar,10,31,10,0,51,0,0,31,1,32,10,31,41,1,83,36,0,36,119
09/03/2019,ROA,VA,AEA,EN,Combined TRACON& Tower with Radar,12,33,19,3,67,0,0,45,0,45,12,33,64,3,112,68,0,68,180
09/04/2019,ROA,VA,AEA,EN,Combined TRACON& Tower with Radar,14,35,13,8,70,0,0,56,1,57,14,35,69,9,127,70,0,70,197
09/05/2019,ROA,VA,AEA,EN,Combined TRACON& Tower with Radar,16,34,20,7,77,0,0,34,8,42,16,34,54,15,119,92,10,102,221
09/06/2019,ROA,VA,AEA,EN,Combined TRACON& Tower with Radar,17,34,16,0,67,0,1,62,2,65,17,35,78,2,132,118,2,120,252
09/07/2019,ROA,VA,AEA,EN,Combined TRACON& Tower with Radar,7,37,8,2,54,0,0,50,4,54,7,37,58,6,108,60,0,60,168
09/08/2019,ROA,VA,AEA,EN,Combined TRACON& Tower with Radar,12,39,8,0,59,0,0,24,1,25,12,39,32,1,84,6,0,6,90
09/09/2019,ROA,VA,AEA,EN,Combined TRACON& Tower with Radar,14,37,26,0,77,0,0,16,4,20,14,37,42,4,97,38,0,38,135
09/10/2019,ROA,VA,AEA,EN,Combined TRACON& Tower with Radar,14,34,41,3,92,0,0,14,1,15,14,34,55,4,107,28,0,28,135
09/11/2019,ROA,VA,AEA,EN,Combined TRACON& Tower with Radar,14,34,30,2,80,0,1,44,4,49,14,35,74,6,129,100,0,100,229
09/12/2019,ROA,VA,AEA,EN,Combined TRACON& Tower with Radar,18,38,26,0,82,0,1,46,0,47,18,39,72,0,129,80,0,80,209
09/13/2019,ROA,VA,AEA,EN,Combined TRACON& Tower with Radar,18,34,29,4,85,0,0,0,1,1,18,34,29,5,86,36,0,36,122
09/14/2019,ROA,VA,AEA,EN,Combined TRACON& Tower with Radar,8,38,22,0,68,0,0,12,0,12,8,38,34,0,80,12,0,12,92
09/15/2019,ROA,VA,AEA,EN,Combined TRACON& Tower with Radar,11,34,20,0,65,0,0,27,0,27,11,34,47,0,92,0,0,0,92
09/16/2019,ROA,VA,AEA,EN,Combined TRACON& Tower with Radar,17,34,30,0,81,0,0,31,2,33,17,34,61,2,114,80,0,80,194
09/17/2019,ROA,VA,AEA,EN,Combined TRACON& Tower with Radar,14,39,25,0,78,0,0,30,0,30,14,39,55,0,108,22,0,22,130
09/18/2019,ROA,VA,AEA,EN,Combined TRACON& Tower with Radar,14,33,31,0,78,0,0,11,1,12,14,33,42,1,90,78,0,78,168
09/19/2019,ROA,VA,AEA,EN,Combined TRACON& Tower with Radar,18,37,30,6,91,0,0,16,3,19,18,37,46,9,110,94,0,94,204
09/20/2019,ROA,VA,AEA,EN,Combined TRACON& Tower with Radar,17,43,23,4,87,0,0,36,0,36,17,43,59,4,123,60,2,62,185
09/21/2019,ROA,VA,AEA,EN,Combined TRACON& Tower with Radar,8,34,15,0,57,0,1,25,0,26,8,35,40,0,83,24,0,24,107
09/22/2019,ROA,VA,AEA,EN,Combined TRACON& Tower with Radar,13,34,17,0,64,0,0,17,0,17,13,34,34,0,81,54,0,54,135
09/23/2019,ROA,VA,AEA,EN,Combined TRACON& Tower with Radar,16,27,25,0,68,0,0,27,0,27,16,27,52,0,95,42,0,42,137
09/24/2019,ROA,VA,AEA,EN,Combined TRACON& Tower with Radar,14,37,35,0,86,0,0,44,0,44,14,37,79,0,130,184,0,184,314
09/25/2019,ROA,VA,AEA,EN,Combined TRACON& Tower with Radar,14,41,43,0,98,0,0,41,1,42,14,41,84,1,140,44,0,44,184
09/26/2019,ROA,VA,AEA,EN,Combined TRACON& Tower with Radar,16,38,35,0,89,0,0,33,0,33,16,38,68,0,122,58,0,58,180
09/27/2019,ROA,VA,AEA,EN,Combined TRACON& Tower with Radar,15,47,26,0,88,0,0,25,4,29,15,47,51,4,117,42,0,42,159
09/28/2019,ROA,VA,AEA,EN,Combined TRACON& Tower with Radar,8,30,17,0,55,0,0,19,0,19,8,30,36,0,74,26,0,26,100
09/29/2019,ROA,VA,AEA,EN,Combined TRACON& Tower with Radar,13,37,21,1,72,0,0,22,1,23,13,37,43,2,95,20,0,20,115
09/30/2019,ROA,VA,AEA,EN,Combined TRACON& Tower with Radar,14,37,17,0,68,0,0,8,0,8,14,37,25,0,76,56,0,56,132
10/01/2019,ROA,VA,AEA,EN,Combined TRACON& Tower with Radar,16,31,20,2,69,0,0,27,2,29,16,31,47,4,98,52,0,52,150
10/02/2019,ROA,VA,AEA,EN,Combined TRACON& Tower with Radar,18,36,23,8,85,0,0,26,0,26,18,36,49,8,111,22,0,22,133
10/03/2019,ROA,VA,AEA,EN,Combined TRACON& Tower with Radar,18,39,21,3,81,0,1,39,1,41,18,40,60,4,122,38,6,44,166
10/04/2019,ROA,VA,AEA,EN,Combined TRACON& Tower with Radar,20,50,29,2,101,0,0,37,1,38,20,50,66,3,139,26,0,26,165
10/05/2019,ROA,VA,AEA,EN,Combined TRACON& Tower with Radar,17,39,21,0,77,0,0,26,0,26,17,39,47,0,103,40,0,40,143
10/06/2019,ROA,VA,AEA,EN,Combined TRACON& Tower with Radar,19,41,33,0,93,0,0,6,0,6,19,41,39,0,99,12,0,12,111
10/07/2019,ROA,VA,AEA,EN,Combined TRACON& Tower with Radar,16,41,17,0,74,0,0,11,0,11,16,41,28,0,85,86,0,86,171
10/08/2019,ROA,VA,AEA,EN,Combined TRACON& Tower with Radar,18,36,33,0,87,0,0,0,0,0,18,36,33,0,87,0,0,0,87
10/09/2019,ROA,VA,AEA,EN,Combined TRACON& Tower with Radar,20,33,34,2,89,0,0,30,1,31,20,33,64,3,120,8,0,8,128
10/10/2019,ROA,VA,AEA,EN,Combined TRACON& Tower with Radar,18,42,26,4,90,0,2,22,0,24,18,44,48,4,114,98,4,102,216
10/11/2019,ROA,VA,AEA,EN,Combined TRACON& Tower with Radar,21,35,15,0,71,0,1,32,0,33,21,36,47,0,104,120,0,120,224
10/12/2019,ROA,VA,AEA,EN,Combined TRACON& Tower with Radar,17,28,14,0,59,0,1,15,0,16,17,29,29,0,75,100,0,100,175
10/13/2019,ROA,VA,AEA,EN,Combined TRACON& Tower with Radar,16,30,20,0,66,0,0,20,3,23,16,30,40,3,89,26,0,26,115
10/14/2019,ROA,VA,AEA,EN,Combined TRACON& Tower with Radar,16,36,23,0,75,0,0,38,2,40,16,36,61,2,115,80,0,80,195
10/15/2019,ROA,VA,AEA,EN,Combined TRACON& Tower with Radar,18,32,22,0,72,0,0,41,0,41,18,32,63,0,113,70,0,70,183
10/16/2019,ROA,VA,AEA,EN,Combined TRACON& Tower with Radar,18,31,25,3,77,0,0,1,1,2,18,31,26,4,79,0,0,0,79
10/17/2019,ROA,VA,AEA,EN,Combined TRACON& Tower with Radar,17,39,25,0,81,0,0,21,0,21,17,39,46,0,102,0,0,0,102
10/18/2019,ROA,VA,AEA,EN,Combined TRACON& Tower with Radar,18,40,27,8,93,0,0,47,6,53,18,40,74,14,146,22,6,28,174
10/19/2019,ROA,VA,AEA,EN,Combined TRACON& Tower with Radar,16,36,20,0,72,0,1,36,6,43,16,37,56,6,115,12,0,12,127
10/20/2019,ROA,VA,AEA,EN,Combined TRACON& Tower with Radar,16,36,18,0,70,0,0,2,3,5,16,36,20,3,75,8,0,8,83
10/21/2019,ROA,VA,AEA,EN,Combined TRACON& Tower with Radar,14,43,23,3,83,0,0,1,0,1,14,43,24,3,84,20,0,20,104
10/22/2019,ROA,VA,AEA,EN,Combined TRACON& Tower with Radar,20,35,18,0,73,0,1,4,0,5,20,36,22,0,78,10,0,10,88
10/23/2019,ROA,VA,AEA,EN,Combined TRACON& Tower with Radar,16,42,33,2,93,0,0,35,0,35,16,42,68,2,128,18,0,18,146
10/24/2019,ROA,VA,AEA,EN,Combined TRACON& Tower with Radar,18,37,30,9,94,0,1,63,4,68,18,38,93,13,162,72,0,72,234
10/25/2019,ROA,VA,AEA,EN,Combined TRACON& Tower with Radar,18,45,27,0,90,0,0,36,5,41,18,45,63,5,131,48,0,48,179
10/26/2019,ROA,VA,AEA,EN,Combined TRACON& Tower with Radar,16,36,17,0,69,0,0,11,0,11,16,36,28,0,80,54,0,54,134
10/27/2019,ROA,VA,AEA,EN,Combined TRACON& Tower with Radar,13,34,11,0,58,0,0,19,0,19,13,34,30,0,77,0,0,0,77
10/28/2019,ROA,VA,AEA,EN,Combined TRACON& Tower with Radar,17,37,28,0,82,0,3,48,0,51,17,40,76,0,133,36,0,36,169
10/29/2019,ROA,VA,AEA,EN,Combined TRACON& Tower with Radar,19,29,27,0,75,0,0,2,0,2,19,29,29,0,77,0,0,0,77
10/30/2019,ROA,VA,AEA,EN,Combined TRACON& Tower with Radar,20,36,8,2,66,0,0,0,0,0,20,36,8,2,66,0,0,0,66
10/31/2019,ROA,VA,AEA,EN,Combined TRACON& Tower with Radar,16,24,13,0,53,0,0,0,0,0,16,24,13,0,53,0,0,0,53
11/01/2019,ROA,VA,AEA,EN,Combined TRACON& Tower with Radar,19,35,21,2,77,0,1,28,0,29,19,36,49,2,106,42,0,42,148
11/02/2019,ROA,VA,AEA,EN,Combined TRACON& Tower with Radar,15,35,24,0,74,0,8,39,1,48,15,43,63,1,122,6,0,6,128
11/03/2019,ROA,VA,AEA,EN,Combined TRACON& Tower with Radar,14,35,13,0,62,0,0,17,2,19,14,35,30,2,81,2,0,2,83
11/04/2019,ROA,VA,AEA,EN,Combined TRACON& Tower with Radar,13,34,30,0,77,0,0,32,1,33,13,34,62,1,110,36,0,36,146
11/05/2019,ROA,VA,AEA,EN,Combined TRACON& Tower with Radar,11,37,19,10,77,0,0,22,4,26,11,37,41,14,103,60,6,66,169
11/06/2019,ROA,VA,AEA,EN,Combined TRACON& Tower with Radar,17,36,26,0,79,0,1,38,0,39,17,37,64,0,118,48,0,48,166
11/07/2019,ROA,VA,AEA,EN,Combined TRACON& Tower with Radar,17,36,20,2,75,0,0,25,2,27,17,36,45,4,102,70,0,70,172
11/08/2019,ROA,VA,AEA,EN,Combined TRACON& Tower with Radar,16,38,21,2,77,0,2,25,3,30,16,40,46,5,107,52,0,52,159
11/09/2019,ROA,VA,AEA,EN,Combined TRACON& Tower with Radar,12,41,11,0,64,0,0,35,0,35,12,41,46,0,99,36,0,36,135
11/10/2019,ROA,VA,AEA,EN,Combined TRACON& Tower with Radar,13,39,14,0,66,0,0,34,1,35,13,39,48,1,101,108,0,108,209
11/11/2019,ROA,VA,AEA,EN,Combined TRACON& Tower with Radar,15,32,21,0,68,0,0,41,0,41,15,32,62,0,109,162,0,162,271
11/12/2019,ROA,VA,AEA,EN,Combined TRACON& Tower with Radar,13,40,13,1,67,0,1,1,1,3,13,41,14,2,70,158,0,158,228
11/13/2019,ROA,VA,AEA,EN,Combined TRACON& Tower with Radar,10,37,10,0,57,0,0,18,0,18,10,37,28,0,75,72,0,72,147
11/14/2019,ROA,VA,AEA,EN,Combined TRACON& Tower with Radar,18,41,26,1,86,0,0,28,1,29,18,41,54,2,115,94,0,94,209
11/15/2019,ROA,VA,AEA,EN,Combined TRACON& Tower with Radar,17,38,21,2,78,0,0,32,0,32,17,38,53,2,110,8,0,8,118
11/16/2019,ROA,VA,AEA,EN,Combined TRACON& Tower with Radar,11,36,8,0,55,0,0,32,0,32,11,36,40,0,87,62,0,62,149
11/17/2019,ROA,VA,AEA,EN,Combined TRACON& Tower with Radar,12,38,25,3,78,0,0,11,0,11,12,38,36,3,89,40,0,40,129
11/18/2019,ROA,VA,AEA,EN,Combined TRACON& Tower with Radar,13,41,23,2,79,0,0,1,2,3,13,41,24,4,82,96,0,96,178
11/19/2019,ROA,VA,AEA,EN,Combined TRACON& Tower with Radar,13,45,25,3,86,0,0,26,8,34,13,45,51,11,120,58,0,58,178
11/20/2019,ROA,VA,AEA,EN,Combined TRACON& Tower with Radar,13,40,33,0,86,0,0,26,1,27,13,40,59,1,113,0,0,0,113
11/21/2019,ROA,VA,AEA,EN,Combined TRACON& Tower with Radar,16,42,38,0,96,0,0,41,0,41,16,42,79,0,137,112,0,112,249
11/22/2019,ROA,VA,AEA,EN,Combined TRACON& Tower with Radar,17,38,19,0,74,0,0,9,2,11,17,38,28,2,85,14,0,14,99
11/23/2019,ROA,VA,AEA,EN,Combined TRACON& Tower with Radar,16,40,16,0,72,0,0,0,0,0,16,40,16,0,72,0,0,0,72
11/24/2019,ROA,VA,AEA,EN,Combined TRACON& Tower with Radar,10,39,10,1,60,0,0,10,1,11,10,39,20,2,71,22,0,22,93
11/25/2019,ROA,VA,AEA,EN,Combined TRACON& Tower with Radar,13,38,22,5,78,0,0,34,1,35,13,38,56,6,113,86,10,96,209
11/26/2019,ROA,VA,AEA,EN,Combined TRACON& Tower with Radar,16,40,13,5,74,0,1,38,1,40,16,41,51,6,114,80,0,80,194
11/27/2019,ROA,VA,AEA,EN,Combined TRACON& Tower with Radar,18,51,18,0,87,0,0,2,0,2,18,51,20,0,89,0,0,0,89
11/28/2019,ROA,VA,AEA,EN,Combined TRACON& Tower with Radar,5,23,1,0,29,0,0,5,0,5,5,23,6,0,34,0,0,0,34
11/29/2019,ROA,VA,AEA,EN,Combined TRACON& Tower with Radar,8,28,8,0,44,0,0,26,1,27,8,28,34,1,71,10,0,10,81
11/30/2019,ROA,VA,AEA,EN,Combined TRACON& Tower with Radar,13,49,18,0,80,0,0,0,0,0,13,49,18,0,80,0,0,0,80
12/01/2019,ROA,VA,AEA,EN,Combined TRACON& Tower with Radar,15,46,21,0,82,0,0,1,0,1,15,46,22,0,83,0,0,0,83
12/02/2019,ROA,VA,AEA,EN,Combined TRACON& Tower with Radar,14,42,16,3,75,0,0,7,0,7,14,42,23,3,82,0,0,0,82
12/03/2019,ROA,VA,AEA,EN,Combined TRACON& Tower with Radar,15,46,25,2,88,0,0,18,2,20,15,46,43,4,108,28,0,28,136
12/04/2019,ROA,VA,AEA,EN,Combined TRACON& Tower with Radar,14,45,11,0,70,0,2,12,0,14,14,47,23,0,84,26,0,26,110
12/05/2019,ROA,VA,AEA,EN,Combined TRACON& Tower with Radar,19,52,23,0,94,0,0,28,3,31,19,52,51,3,125,36,0,36,161
12/06/2019,ROA,VA,AEA,EN,Combined TRACON& Tower with Radar,15,44,34,0,93,0,0,32,0,32,15,44,66,0,125,76,0,76,201
12/07/2019,ROA,VA,AEA,EN,Combined TRACON& Tower with Radar,10,34,16,0,60,0,1,36,0,37,10,35,52,0,97,48,0,48,145
12/08/2019,ROA,VA,AEA,EN,Combined TRACON& Tower with Radar,9,36,18,0,63,0,1,28,0,29,9,37,46,0,92,72,0,72,164
12/09/2019,ROA,VA,AEA,EN,Combined TRACON& Tower with Radar,12,38,16,0,66,0,1,1,0,2,12,39,17,0,68,0,0,0,68
12/10/2019,ROA,VA,AEA,EN,Combined TRACON& Tower with Radar,17,33,19,0,69,0,5,10,0,15,17,38,29,0,84,74,0,74,158
12/11/2019,ROA,VA,AEA,EN,Combined TRACON& Tower with Radar,17,37,28,18,100,0,0,27,0,27,17,37,55,18,127,34,6,40,167
12/12/2019,ROA,VA,AEA,EN,Combined TRACON& Tower with Radar,20,50,29,0,99,0,3,34,0,37,20,53,63,0,136,80,0,80,216
12/13/2019,ROA,VA,AEA,EN,Combined TRACON& Tower with Radar,12,45,13,0,70,0,0,0,0,0,12,45,13,0,70,0,0,0,70
12/14/2019,ROA,VA,AEA,EN,Combined TRACON& Tower with Radar,9,37,13,0,59,0,0,8,0,8,9,37,21,0,67,34,0,34,101
12/15/2019,ROA,VA,AEA,EN,Combined TRACON& Tower with Radar,11,33,15,0,59,0,0,29,0,29,11,33,44,0,88,11,0,11,99
12/16/2019,ROA,VA,AEA,EN,Combined TRACON& Tower with Radar,10,41,18,2,71,0,0,19,0,19,10,41,37,2,90,28,0,28,118
12/17/2019,ROA,VA,AEA,EN,Combined TRACON& Tower with Radar,12,36,13,0,61,0,0,3,0,3,12,36,16,0,64,6,0,6,70
12/18/2019,ROA,VA,AEA,EN,Combined TRACON& Tower with Radar,18,42,19,2,81,0,0,17,4,21,18,42,36,6,102,0,0,0,102
12/19/2019,ROA,VA,AEA,EN,Combined TRACON& Tower with Radar,20,38,36,0,94,0,0,45,3,48,20,38,81,3,142,88,0,88,230
12/20/2019,ROA,VA,AEA,EN,Combined TRACON& Tower with Radar,16,37,18,0,71,0,0,62,0,62,16,37,80,0,133,60,0,60,193
12/21/2019,ROA,VA,AEA,EN,Combined TRACON& Tower with Radar,10,37,20,0,67,0,0,26,1,27,10,37,46,1,94,38,0,38,132
12/22/2019,ROA,VA,AEA,EN,Combined TRACON& Tower with Radar,12,39,11,0,62,0,0,15,0,15,12,39,26,0,77,26,0,26,103
12/23/2019,ROA,VA,AEA,EN,Combined TRACON& Tower with Radar,12,38,27,5,82,0,0,20,0,20,12,38,47,5,102,50,0,50,152
12/24/2019,ROA,VA,AEA,EN,Combined TRACON& Tower with Radar,18,24,12,0,54,0,1,20,0,21,18,25,32,0,75,0,0,0,75
12/25/2019,ROA,VA,AEA,EN,Combined TRACON& Tower with Radar,8,24,1,0,33,0,0,1,1,2,8,24,2,1,35,0,0,0,35
12/26/2019,ROA,VA,AEA,EN,Combined TRACON& Tower with Radar,12,42,20,0,74,0,0,36,0,36,12,42,56,0,110,78,0,78,188
12/27/2019,ROA,VA,AEA,EN,Combined TRACON& Tower with Radar,11,46,17,0,74,0,0,38,0,38,11,46,55,0,112,76,0,76,188
12/28/2019,ROA,VA,AEA,EN,Combined TRACON& Tower with Radar,6,37,25,0,68,0,0,31,0,31,6,37,56,0,99,60,0,60,159
12/29/2019,ROA,VA,AEA,EN,Combined TRACON& Tower with Radar,7,32,8,0,47,0,0,0,0,0,7,32,8,0,47,0,0,0,47
12/30/2019,ROA,VA,AEA,EN,Combined TRACON& Tower with Radar,8,42,9,2,61,0,1,15,0,16,8,43,24,2,77,26,2,28,105
12/31/2019,ROA,VA,AEA,EN,Combined TRACON& Tower with Radar,12,27,9,0,48,0,0,27,1,28,12,27,36,1,76,36,0,36,112
01/01/2020,ROA,VA,AEA,EN,Combined TRACON& Tower with Radar,6,29,9,0,44,0,0,8,0,8,6,29,17,0,52,4,0,4,56
01/02/2020,ROA,VA,AEA,EN,Combined TRACON& Tower with Radar,10,34,19,0,63,0,0,22,1,23,10,34,41,1,86,42,0,42,128
01/03/2020,ROA,VA,AEA,EN,Combined TRACON& Tower with Radar,11,40,21,0,72,0,0,3,0,3,11,40,24,0,75,0,0,0,75
01/04/2020,ROA,VA,AEA,EN,Combined TRACON& Tower with Radar,7,43,15,0,65,0,0,13,0,13,7,43,28,0,78,0,0,0,78
01/05/2020,ROA,VA,AEA,EN,Combined TRACON& Tower with Radar,5,42,15,0,62,0,0,15,0,15,5,42,30,0,77,8,0,8,85
01/06/2020,ROA,VA,AEA,EN,Combined TRACON& Tower with Radar,10,34,22,0,66,0,1,33,1,35,10,35,55,1,101,18,0,18,119
01/07/2020,ROA,VA,AEA,EN,Combined TRACON& Tower with Radar,10,34,22,0,66,0,0,6,1,7,10,34,28,1,73,0,0,0,73
01/08/2020,ROA,VA,AEA,EN,Combined TRACON& Tower with Radar,10,42,16,0,68,0,0,12,2,14,10,42,28,2,82,0,0,0,82
01/09/2020,ROA,VA,AEA,EN,Combined TRACON& Tower with Radar,12,38,23,0,73,0,0,38,0,38,12,38,61,0,111,32,0,32,143
01/10/2020,ROA,VA,AEA,EN,Combined TRACON& Tower with Radar,13,40,22,1,76,0,0,17,0,17,13,40,39,1,93,24,0,24,117
01/11/2020,ROA,VA,AEA,EN,Combined TRACON& Tower with Radar,9,32,10,0,51,0,0,0,0,0,9,32,10,0,51,0,0,0,51
01/12/2020,ROA,VA,AEA,EN,Combined TRACON& Tower with Radar,7,37,14,2,60,0,0,28,1,29,7,37,42,3,89,44,0,44,133
01/13/2020,ROA,VA,AEA,EN,Combined TRACON& Tower with Radar,11,35,12,0,58,0,0,30,0,30,11,35,42,0,88,46,0,46,134
01/14/2020,ROA,VA,AEA,EN,Combined TRACON& Tower with Radar,10,35,18,8,71,0,0,4,0,4,10,35,22,8,75,24,0,24,99
01/15/2020,ROA,VA,AEA,EN,Combined TRACON& Tower with Radar,12,45,22,0,79,0,0,33,1,34,12,45,55,1,113,26,0,26,139
01/16/2020,ROA,VA,AEA,EN,Combined TRACON& Tower with Radar,12,41,20,5,78,0,0,2,0,2,12,41,22,5,80,0,4,4,84
01/17/2020,ROA,VA,AEA,EN,Combined TRACON& Tower with Radar,14,40,40,0,94,0,0,45,3,48,14,40,85,3,142,50,0,50,192
01/18/2020,ROA,VA,AEA,EN,Combined TRACON& Tower with Radar,10,28,7,0,45,0,0,9,0,9,10,28,16,0,54,40,0,40,94
01/19/2020,ROA,VA,AEA,EN,Combined TRACON& Tower with Radar,10,27,11,0,48,0,0,8,0,8,10,27,19,0,56,0,0,0,56
01/20/2020,ROA,VA,AEA,EN,Combined TRACON& Tower with Radar,10,35,16,0,61,0,0,21,1,22,10,35,37,1,83,120,0,120,203
01/21/2020,ROA,VA,AEA,EN,Combined TRACON& Tower with Radar,10,36,16,4,66,0,2,41,0,43,10,38,57,4,109,130,4,134,243
01/22/2020,ROA,VA,AEA,EN,Combined TRACON& Tower with Radar,10,40,19,0,69,1,0,27,0,28,11,40,46,0,97,32,0,32,129
01/23/2020,ROA,VA,AEA,EN,Combined TRACON& Tower with Radar,12,42,30,0,84,0,0,41,0,41,12,42,71,0,125,68,0,68,193
01/24/2020,ROA,VA,AEA,EN,Combined TRACON& Tower with Radar,14,41,8,0,63,0,0,0,0,0,14,41,8,0,63,0,0,0,63
01/25/2020,ROA,VA,AEA,EN,Combined TRACON& Tower with Radar,7,32,15,0,54,0,0,25,0,25,7,32,40,0,79,40,0,40,119
01/26/2020,ROA,VA,AEA,EN,Combined TRACON& Tower with Radar,7,40,9,0,56,0,0,19,0,19,7,40,28,0,75,8,0,8,83
01/27/2020,ROA,VA,AEA,EN,Combined TRACON& Tower with Radar,10,35,21,3,69,0,0,20,1,21,10,35,41,4,90,54,0,54,144
01/28/2020,ROA,VA,AEA,EN,Combined TRACON& Tower with Radar,10,34,15,0,59,0,0,23,0,23,10,34,38,0,82,46,0,46,128
01/29/2020,ROA,VA,AEA,EN,Combined TRACON& Tower with Radar,10,39,23,2,74,0,0,37,0,37,10,39,60,2,111,70,24,94,205
01/30/2020,ROA,VA,AEA,EN,Combined TRACON& Tower with Radar,12,39,8,0,59,0,0,21,0,21,12,39,29,0,80,104,0,104,184
01/31/2020,ROA,VA,AEA,EN,Combined TRACON& Tower with Radar,14,39,19,2,74,0,0,16,2,18,14,39,35,4,92,6,0,6,98
02/01/2020,ROA,VA,AEA,EN,Combined TRACON& Tower with Radar,9,32,19,0,60,0,0,14,0,14,9,32,33,0,74,22,0,22,96
02/02/2020,ROA,VA,AEA,EN,Combined TRACON& Tower with Radar,7,33,6,0,46,0,0,11,0,11,7,33,17,0,57,22,0,22,79
02/03/2020,ROA,VA,AEA,EN,Combined TRACON& Tower with Radar,10,44,26,2,82,0,0,31,0,31,10,44,57,2,113,14,0,14,127
02/04/2020,ROA,VA,AEA,EN,Combined TRACON& Tower with Radar,9,38,29,3,79,0,0,24,0,24,9,38,53,3,103,48,28,76,179
02/05/2020,ROA,VA,AEA,EN,Combined TRACON& Tower with Radar,10,41,16,2,69,0,0,6,0,6,10,41,22,2,75,22,0,22,97
02/06/2020,ROA,VA,AEA,EN,Combined TRACON& Tower with Radar,10,23,7,0,40,0,0,0,0,0,10,23,7,0,40,0,0,0,40
02/07/2020,ROA,VA,AEA,EN,Combined TRACON& Tower with Radar,16,37,10,0,63,0,1,2,0,3,16,38,12,0,66,0,0,0,66
02/08/2020,ROA,VA,AEA,EN,Combined TRACON& Tower with Radar,7,33,14,0,54,0,1,44,0,45,7,34,58,0,99,28,0,28,127
02/09/2020,ROA,VA,AEA,EN,Combined TRACON& Tower with Radar,7,34,14,0,55,0,0,36,0,36,7,34,50,0,91,42,0,42,133
02/10/2020,ROA,VA,AEA,EN,Combined TRACON& Tower with Radar,10,33,22,0,65,0,0,4,0,4,10,33,26,0,69,54,0,54,123
02/11/2020,ROA,VA,AEA,EN,Combined TRACON& Tower with Radar,14,41,31,1,87,0,0,1,0,1,14,41,32,1,88,16,0,16,104
02/12/2020,ROA,VA,AEA,EN,Combined TRACON& Tower with Radar,10,41,21,1,73,0,0,19,1,20,10,41,40,2,93,40,0,40,133
02/13/2020,ROA,VA,AEA,EN,Combined TRACON& Tower with Radar,13,52,37,0,102,0,0,5,0,5,13,52,42,0,107,0,0,0,107
02/14/2020,ROA,VA,AEA,EN,Combined TRACON& Tower with Radar,13,49,33,0,95,0,1,40,0,41,13,50,73,0,136,26,0,26,162
02/15/2020,ROA,VA,AEA,EN,Combined TRACON& Tower with Radar,7,37,23,0,67,0,0,43,0,43,7,37,66,0,110,86,0,86,196
02/16/2020,ROA,VA,AEA,EN,Combined TRACON& Tower with Radar,6,39,16,2,63,0,2,29,0,31,6,41,45,2,94,34,0,34,128
02/17/2020,ROA,VA,AEA,EN,Combined TRACON& Tower with Radar,8,43,24,1,76,0,0,50,1,51,8,43,74,2,127,24,0,24,151
02/18/2020,ROA,VA,AEA,EN,Combined TRACON& Tower with Radar,10,39,28,5,82,0,0,7,0,7,10,39,35,5,89,64,0,64,153
02/19/2020,ROA,VA,AEA,EN,Combined TRACON& Tower with Radar,10,40,19,5,74,0,0,27,1,28,10,40,46,6,102,48,0,48,150
02/20/2020,ROA,VA,AEA,EN,Combined TRACON& Tower with Radar,10,41,18,0,69,0,0,14,0,14,10,41,32,0,83,74,0,74,157
02/21/2020,ROA,VA,AEA,EN,Combined TRACON& Tower with Radar,11,44,27,0,82,0,0,26,0,26,11,44,53,0,108,28,0,28,136
02/22/2020,ROA,VA,AEA,EN,Combined TRACON& Tower with Radar,5,35,22,0,62,0,0,55,1,56,5,35,77,1,118,83,0,83,201
02/23/2020,ROA,VA,AEA,EN,Combined TRACON& Tower with Radar,7,43,17,0,67,0,1,45,1,47,7,44,62,1,114,48,0,48,162
02/24/2020,ROA,VA,AEA,EN,Combined TRACON& Tower with Radar,8,43,16,2,69,0,0,7,0,7,8,43,23,2,76,90,16,106,182
02/25/2020,ROA,VA,AEA,EN,Combined TRACON& Tower with Radar,10,42,20,0,72,0,0,12,0,12,10,42,32,0,84,100,0,100,184
02/26/2020,ROA,VA,AEA,EN,Combined TRACON& Tower with Radar,12,45,23,13,93,0,1,18,0,19,12,46,41,13,112,42,38,80,192
02/27/2020,ROA,VA,AEA,EN,Combined TRACON& Tower with Radar,10,49,13,0,72,0,0,1,0,1,10,49,14,0,73,0,0,0,73
02/28/2020,ROA,VA,AEA,EN,Combined TRACON& Tower with Radar,10,41,19,0,70,0,0,16,0,16,10,41,35,0,86,26,0,26,112
02/29/2020,ROA,VA,AEA,EN,Combined TRACON& Tower with Radar,7,34,12,0,53,0,0,16,1,17,7,34,28,1,70,82,0,82,152
03/01/2020,ROA,VA,AEA,EN,Combined TRACON& Tower with Radar,7,41,17,0,65,0,0,38,0,38,7,41,55,0,103,64,0,64,167
03/02/2020,ROA,VA,AEA,EN,Combined TRACON& Tower with Radar,8,42,27,9,86,0,0,27,0,27,8,42,54,9,113,40,4,44,157
03/03/2020,ROA,VA,AEA,EN,Combined TRACON& Tower with Radar,10,37,20,4,71,0,0,14,0,14,10,37,34,4,85,82,4,86,171
03/04/2020,ROA,VA,AEA,EN,Combined TRACON& Tower with Radar,12,40,25,5,82,0,0,40,0,40,12,40,65,5,122,56,0,56,178
03/05/2020,ROA,VA,AEA,EN,Combined TRACON& Tower with Radar,10,51,20,10,91,0,0,30,2,32,10,51,50,12,123,42,4,46,169
03/06/2020,ROA,VA,AEA,EN,Combined TRACON& Tower with Radar,10,42,13,9,74,0,0,10,0,10,10,42,23,9,84,0,0,0,84
03/07/2020,ROA,VA,AEA,EN,Combined TRACON& Tower with Radar,7,32,15,0,54,0,0,25,2,27,7,32,40,2,81,52,0,52,133
03/08/2020,ROA,VA,AEA,EN,Combined TRACON& Tower with Radar,7,41,18,0,66,0,0,40,1,41,7,41,58,1,107,44,0,44,151
03/09/2020,ROA,VA,AEA,EN,Combined TRACON& Tower with Radar,8,42,20,0,70,0,1,22,3,26,8,43,42,3,96,118,0,118,214
03/10/2020,ROA,VA,AEA,EN,Combined TRACON& Tower with Radar,15,33,17,2,67,0,0,17,0,17,15,33,34,2,84,40,0,40,124
03/11/2020,ROA,VA,AEA,EN,Combined TRACON& Tower with Radar,11,39,13,9,72,0,0,27,2,29,11,39,40,11,101,84,0,84,185
03/12/2020,ROA,VA,AEA,EN,Combined TRACON& Tower with Radar,10,43,23,2,78,0,0,35,0,35,10,43,58,2,113,44,0,44,157
03/13/2020,ROA,VA,AEA,EN,Combined TRACON& Tower with Radar,13,45,13,0,71,0,0,5,0,5,13,45,18,0,76,0,0,0,76
03/14/2020,ROA,VA,AEA,EN,Combined TRACON& Tower with Radar,5,36,13,0,54,0,0,32,0,32,5,36,45,0,86,58,0,58,144
03/15/2020,ROA,VA,AEA,EN,Combined TRACON& Tower with Radar,6,43,8,0,57,0,0,0,0,0,6,43,8,0,57,0,0,0,57
03/16/2020,ROA,VA,AEA,EN,Combined TRACON& Tower with Radar,8,43,16,2,69,0,0,20,0,20,8,43,36,2,89,90,0,90,179
03/17/2020,ROA,VA,AEA,EN,Combined TRACON& Tower with Radar,11,39,7,0,57,0,0,25,0,25,11,39,32,0,82,120,0,120,202
03/18/2020,ROA,VA,AEA,EN,Combined TRACON& Tower with Radar,13,45,4,0,62,0,0,14,0,14,13,45,18,0,76,150,0,150,226
03/19/2020,ROA,VA,AEA,EN,Combined TRACON& Tower with Radar,9,41,16,2,68,0,0,28,0,28,9,41,44,2,96,78,2,80,176
03/20/2020,ROA,VA,AEA,EN,Combined TRACON& Tower with Radar,10,36,13,0,59,0,0,13,0,13,10,36,26,0,72,32,0,32,104
03/21/2020,ROA,VA,AEA,EN,Combined TRACON& Tower with Radar,5,32,7,0,44,0,0,11,0,11,5,32,18,0,55,0,0,0,55
03/22/2020,ROA,VA,AEA,EN,Combined TRACON& Tower with Radar,6,25,8,0,39,0,0,15,0,15,6,25,23,0,54,0,0,0,54
03/23/2020,ROA,VA,AEA,EN,Combined TRACON& Tower with Radar,7,27,6,0,40,0,0,0,0,0,7,27,6,0,40,0,0,0,40
03/24/2020,ROA,VA,AEA,EN,Combined TRACON& Tower with Radar,9,28,13,2,52,0,0,7,0,7,9,28,20,2,59,0,0,0,59
03/25/2020,ROA,VA,AEA,EN,Combined TRACON& Tower with Radar,7,15,7,0,29,0,0,2,0,2,7,15,9,0,31,2,0,2,33
03/26/2020,ROA,VA,AEA,EN,Combined TRACON& Tower with Radar,6,20,8,0,34,0,0,10,1,11,6,20,18,1,45,12,0,12,57
03/27/2020,ROA,VA,AEA,EN,Combined TRACON& Tower with Radar,6,26,11,0,43,0,0,4,1,5,6,26,15,1,48,16,0,16,64
03/28/2020,ROA,VA,AEA,EN,Combined TRACON& Tower with Radar,5,20,10,0,35,0,0,13,0,13,5,20,23,0,48,40,0,40,88
03/29/2020,ROA,VA,AEA,EN,Combined TRACON& Tower with Radar,4,28,4,0,36,0,0,8,0,8,4,28,12,0,44,10,0,10,54
03/30/2020,ROA,VA,AEA,EN,Combined TRACON& Tower with Radar,5,24,3,0,32,0,0,3,0,3,5,24,6,0,35,0,0,0,35
03/31/2020,ROA,VA,AEA,EN,Combined TRACON& Tower with Radar,6,23,5,0,34,0,0,0,3,3,6,23,5,3,37,0,0,0,37
04/01/2020,ROA,VA,AEA,EN,Combined TRACON& Tower with Radar,6,24,0,0,30,0,0,2,0,2,6,24,2,0,32,0,0,0,32
04/02/2020,ROA,VA,AEA,EN,Combined TRACON& Tower with Radar,8,27,4,2,41,0,0,11,0,11,8,27,15,2,52,0,0,0,52
04/03/2020,ROA,VA,AEA,EN,Combined TRACON& Tower with Radar,8,28,4,0,40,0,0,6,0,6,8,28,10,0,46,0,0,0,46
04/04/2020,ROA,VA,AEA,EN,Combined TRACON& Tower with Radar,2,21,12,0,35,0,0,25,0,25,2,21,37,0,60,12,0,12,72
04/05/2020,ROA,VA,AEA,EN,Combined TRACON& Tower with Radar,6,21,5,2,34,0,0,15,0,15,6,21,20,2,49,16,0,16,65
04/06/2020,ROA,VA,AEA,EN,Combined TRACON& Tower with Radar,4,23,6,0,33,0,0,9,2,11,4,23,15,2,44,0,0,0,44
04/07/2020,ROA,VA,AEA,EN,Combined TRACON& Tower with Radar,7,15,13,0,35,0,0,12,1,13,7,15,25,1,48,0,0,0,48
04/08/2020,ROA,VA,AEA,EN,Combined TRACON& Tower with Radar,9,17,6,0,32,0,0,1,0,1,9,17,7,0,33,0,0,0,33
04/09/2020,ROA,VA,AEA,EN,Combined TRACON& Tower with Radar,8,19,5,0,32,0,0,0,0,0,8,19,5,0,32,0,0,0,32
04/10/2020,ROA,VA,AEA,EN,Combined TRACON& Tower with Radar,9,12,10,0,31,0,0,1,0,1,9,12,11,0,32,0,0,0,32
04/11/2020,ROA,VA,AEA,EN,Combined TRACON& Tower with Radar,4,14,7,1,26,0,1,50,0,51,4,15,57,1,77,8,0,8,85
04/12/2020,ROA,VA,AEA,EN,Combined TRACON& Tower with Radar,4,9,0,0,13,0,0,2,1,3,4,9,2,1,16,14,0,14,30
04/13/2020,ROA,VA,AEA,EN,Combined TRACON& Tower with Radar,10,10,7,0,27,0,0,1,0,1,10,10,8,0,28,0,0,0,28
04/14/2020,ROA,VA,AEA,EN,Combined TRACON& Tower with Radar,8,13,7,3,31,0,0,15,0,15,8,13,22,3,46,0,0,0,46
04/15/2020,ROA,VA,AEA,EN,Combined TRACON& Tower with Radar,6,15,5,8,34,0,0,32,0,32,6,15,37,8,66,0,0,0,66
04/16/2020,ROA,VA,AEA,EN,Combined TRACON& Tower with Radar,6,15,6,1,28,0,1,9,0,10,6,16,15,1,38,4,0,4,42
04/17/2020,ROA,VA,AEA,EN,Combined TRACON& Tower with Radar,7,10,10,3,30,0,1,31,0,32,7,11,41,3,62,12,0,12,74
04/18/2020,ROA,VA,AEA,EN,Combined TRACON& Tower with Radar,3,17,5,0,25,0,0,1,2,3,3,17,6,2,28,0,0,0,28
04/19/2020,ROA,VA,AEA,EN,Combined TRACON& Tower with Radar,2,13,10,0,25,0,0,26,0,26,2,13,36,0,51,16,0,16,67
04/20/2020,ROA,VA,AEA,EN,Combined TRACON& Tower with Radar,4,10,6,1,21,0,3,8,1,12,4,13,14,2,33,18,0,18,51
04/21/2020,ROA,VA,AEA,EN,Combined TRACON& Tower with Radar,6,14,3,0,23,0,0,2,1,3,6,14,5,1,26,0,0,0,26
04/22/2020,ROA,VA,AEA,EN,Combined TRACON& Tower with Radar,6,12,16,0,34,0,1,15,1,17,6,13,31,1,51,16,0,16,67
04/23/2020,ROA,VA,AEA,EN,Combined TRACON& Tower with Radar,6,10,4,1,21,0,0,0,0,0,6,10,4,1,21,0,0,0,21
04/24/2020,ROA,VA,AEA,EN,Combined TRACON& Tower with Radar,7,12,2,0,21,0,0,10,0,10,7,12,12,0,31,0,0,0,31
04/25/2020,ROA,VA,AEA,EN,Combined TRACON& Tower with Radar,3,10,14,0,27,0,3,0,0,3,3,13,14,0,30,0,0,0,30
04/26/2020,ROA,VA,AEA,EN,Combined TRACON& Tower with Radar,2,13,6,0,21,0,0,0,0,0,2,13,6,0,21,0,0,0,21
04/27/2020,ROA,VA,AEA,EN,Combined TRACON& Tower with Radar,4,12,8,0,24,0,0,4,2,6,4,12,12,2,30,0,0,0,30
04/28/2020,ROA,VA,AEA,EN,Combined TRACON& Tower with Radar,6,14,10,4,34,0,1,28,2,31,6,15,38,6,65,24,0,24,89
04/29/2020,ROA,VA,AEA,EN,Combined TRACON& Tower with Radar,6,10,5,1,22,0,0,11,0,11,6,10,16,1,33,56,0,56,89
04/30/2020,ROA,VA,AEA,EN,Combined TRACON& Tower with Radar,8,11,9,0,28,0,0,0,0,0,8,11,9,0,28,0,0,0,28
05/01/2020,ROA,VA,AEA,EN,Combined TRACON& Tower with Radar,7,17,18,0,42,0,1,9,0,10,7,18,27,0,52,2,0,2,54
05/02/2020,ROA,VA,AEA,EN,Combined TRACON& Tower with Radar,4,10,13,2,29,0,0,41,1,42,4,10,54,3,71,28,0,28,99
05/03/2020,ROA,VA,AEA,EN,Combined TRACON& Tower with Radar,4,15,15,1,35,0,2,7,1,10,4,17,22,2,45,30,0,30,75
05/04/2020,ROA,VA,AEA,EN,Combined TRACON& Tower with Radar,6,9,3,1,19,0,0,12,3,15,6,9,15,4,34,10,0,10,44
05/05/2020,ROA,VA,AEA,EN,Combined TRACON& Tower with Radar,6,12,5,0,23,0,0,2,1,3,6,12,7,1,26,0,0,0,26
05/06/2020,ROA,VA,AEA,EN,Combined TRACON& Tower with Radar,6,10,20,6,42,0,1,7,0,8,6,11,27,6,50,0,0,0,50
05/07/2020,ROA,VA,AEA,EN,Combined TRACON& Tower with Radar,8,12,15,4,39,0,0,22,0,22,8,12,37,4,61,0,0,0,61
05/08/2020,ROA,VA,AEA,EN,Combined TRACON& Tower with Radar,6,19,11,0,36,0,0,6,0,6,6,19,17,0,42,2,0,2,44
05/09/2020,ROA,VA,AEA,EN,Combined TRACON& Tower with Radar,4,17,9,6,36,0,0,4,2,6,4,17,13,8,42,0,6,6,48
05/10/2020,ROA,VA,AEA,EN,Combined TRACON& Tower with Radar,4,13,22,0,39,0,0,33,1,34,4,13,55,1,73,0,0,0,73
05/11/2020,ROA,VA,AEA,EN,Combined TRACON& Tower with Radar,4,12,9,3,28,0,0,1,0,1,4,12,10,3,29,0,0,0,29
05/12/2020,ROA,VA,AEA,EN,Combined TRACON& Tower with Radar,6,13,9,2,30,0,0,17,0,17,6,13,26,2,47,0,0,0,47
05/13/2020,ROA,VA,AEA,EN,Combined TRACON& Tower with Radar,4,21,19,0,44,0,1,26,0,27,4,22,45,0,71,4,0,4,75
05/14/2020,ROA,VA,AEA,EN,Combined TRACON& Tower with Radar,8,21,7,3,39,0,0,16,0,16,8,21,23,3,55,44,0,44,99
05/15/2020,ROA,VA,AEA,EN,Combined TRACON& Tower with Radar,7,22,8,4,41,0,0,29,3,32,7,22,37,7,73,56,0,56,129
05/16/2020,ROA,VA,AEA,EN,Combined TRACON& Tower with Radar,1,19,9,0,29,0,0,33,1,34,1,19,42,1,63,18,0,18,81
05/17/2020,ROA,VA,AEA,EN,Combined TRACON& Tower with Radar,4,20,16,0,40,0,1,6,1,8,4,21,22,1,48,40,0,40,88
05/18/2020,ROA,VA,AEA,EN,Combined TRACON& Tower with Radar,4,18,5,1,28,0,0,4,0,4,4,18,9,1,32,74,0,74,106
05/19/2020,ROA,VA,AEA,EN,Combined TRACON& Tower with Radar,6,14,4,0,24,0,0,0,0,0,6,14,4,0,24,0,0,0,24
05/20/2020,ROA,VA,AEA,EN,Combined TRACON& Tower with Radar,4,16,8,2,30,0,0,0,0,0,4,16,8,2,30,0,0,0,30
05/21/2020,ROA,VA,AEA,EN,Combined TRACON& Tower with Radar,10,18,6,0,34,0,0,0,0,0,10,18,6,0,34,0,0,0,34
05/22/2020,ROA,VA,AEA,EN,Combined TRACON& Tower with Radar,7,20,19,0,46,0,0,13,0,13,7,20,32,0,59,16,0,16,75
05/23/2020,ROA,VA,AEA,EN,Combined TRACON& Tower with Radar,1,15,13,0,29,0,0,18,0,18,1,15,31,0,47,0,0,0,47
05/24/2020,ROA,VA,AEA,EN,Combined TRACON& Tower with Radar,4,13,8,0,25,0,0,20,0,20,4,13,28,0,45,4,0,4,49
05/25/2020,ROA,VA,AEA,EN,Combined TRACON& Tower with Radar,4,15,10,0,29,0,0,0,0,0,4,15,10,0,29,18,0,18,47
05/26/2020,ROA,VA,AEA,EN,Combined TRACON& Tower with Radar,4,18,12,0,34,0,0,14,8,22,4,18,26,8,56,24,0,24,80
05/27/2020,ROA,VA,AEA,EN,Combined TRACON& Tower with Radar,6,23,24,0,53,0,0,2,0,2,6,23,26,0,55,0,0,0,55
05/28/2020,ROA,VA,AEA,EN,Combined TRACON& Tower with Radar,6,15,17,14,52,0,3,3,0,6,6,18,20,14,58,66,16,82,140
05/29/2020,ROA,VA,AEA,EN,Combined TRACON& Tower with Radar,9,18,12,0,39,0,0,9,3,12,9,18,21,3,51,0,0,0,51
05/30/2020,ROA,VA,AEA,EN,Combined TRACON& Tower with Radar,3,19,9,0,31,0,0,35,2,37,3,19,44,2,68,56,0,56,124
05/31/2020,ROA,VA,AEA,EN,Combined TRACON& Tower with Radar,4,14,6,0,24,0,0,26,0,26,4,14,32,0,50,16,0,16,66
06/01/2020,ROA,VA,AEA,EN,Combined TRACON& Tower with Radar,6,16,14,4,40,0,1,35,1,37,6,17,49,5,77,120,0,120,197
06/02/2020,ROA,VA,AEA,EN,Combined TRACON& Tower with Radar,6,15,12,0,33,0,0,23,4,27,6,15,35,4,60,38,0,38,98
06/03/2020,ROA,VA,AEA,EN,Combined TRACON& Tower with Radar,6,18,8,4,36,0,0,24,2,26,6,18,32,6,62,0,0,0,62
06/04/2020,ROA,VA,AEA,EN,Combined TRACON& Tower with Radar,8,16,8,0,32,0,0,15,0,15,8,16,23,0,47,36,0,36,83
06/05/2020,ROA,VA,AEA,EN,Combined TRACON& Tower with Radar,9,16,2,0,27,0,0,4,0,4,9,16,6,0,31,22,0,22,53
06/06/2020,ROA,VA,AEA,EN,Combined TRACON& Tower with Radar,5,14,15,0,34,0,0,20,0,20,5,14,35,0,54,12,0,12,66
06/07/2020,ROA,VA,AEA,EN,Combined TRACON& Tower with Radar,4,12,14,0,30,0,2,29,1,32,4,14,43,1,62,46,0,46,108
06/08/2020,ROA,VA,AEA,EN,Combined TRACON& Tower with Radar,6,18,15,4,43,0,0,28,3,31,6,18,43,7,74,36,6,42,116
06/09/2020,ROA,VA,AEA,EN,Combined TRACON& Tower with Radar,6,13,13,4,36,0,0,8,0,8,6,13,21,4,44,46,2,48,92
06/10/2020,ROA,VA,AEA,EN,Combined TRACON& Tower with Radar,6,16,23,0,45,0,0,6,0,6,6,16,29,0,51,0,0,0,51
06/11/2020,ROA,VA,AEA,EN,Combined TRACON& Tower with Radar,8,16,16,0,40,0,1,27,0,28,8,17,43,0,68,28,0,28,96
06/12/2020,ROA,VA,AEA,EN,Combined TRACON& Tower with Radar,8,14,35,4,61,0,0,50,1,51,8,14,85,5,112,86,0,86,198
06/13/2020,ROA,VA,AEA,EN,Combined TRACON& Tower with Radar,6,14,13,1,34,0,0,34,4,38,6,14,47,5,72,30,0,30,102
06/14/2020,ROA,VA,AEA,EN,Combined TRACON& Tower with Radar,4,12,11,0,27,0,0,4,1,5,4,12,15,1,32,52,0,52,84
06/15/2020,ROA,VA,AEA,EN,Combined TRACON& Tower with Radar,6,23,16,0,45,0,0,4,0,4,6,23,20,0,49,24,0,24,73
06/16/2020,ROA,VA,AEA,EN,Combined TRACON& Tower with Radar,6,20,26,0,52,0,0,6,0,6,6,20,32,0,58,20,0,20,78
06/17/2020,ROA,VA,AEA,EN,Combined TRACON& Tower with Radar,6,21,12,0,39,0,0,0,0,0,6,21,12,0,39,0,0,0,39
06/18/2020,ROA,VA,AEA,EN,Combined TRACON& Tower with Radar,8,17,11,0,36,0,0,2,1,3,8,17,13,1,39,46,0,46,85
06/19/2020,ROA,VA,AEA,EN,Combined TRACON& Tower with Radar,9,18,15,1,43,0,1,2,1,4,9,19,17,2,47,0,0,0,47
06/20/2020,ROA,VA,AEA,EN,Combined TRACON& Tower with Radar,5,17,22,0,44,0,1,23,0,24,5,18,45,0,68,48,0,48,116
06/21/2020,ROA,VA,AEA,EN,Combined TRACON& Tower with Radar,4,13,20,0,37,0,0,27,0,27,4,13,47,0,64,68,0,68,132
06/22/2020,ROA,VA,AEA,EN,Combined TRACON& Tower with Radar,6,17,20,0,43,0,0,40,0,40,6,17,60,0,83,10,0,10,93
06/23/2020,ROA,VA,AEA,EN,Combined TRACON& Tower with Radar,6,12,23,0,41,0,0,18,0,18,6,12,41,0,59,40,0,40,99
06/24/2020,ROA,VA,AEA,EN,Combined TRACON& Tower with Radar,6,16,19,0,41,0,0,44,1,45,6,16,63,1,86,14,0,14,100
06/25/2020,ROA,VA,AEA,EN,Combined TRACON& Tower with Radar,8,17,22,2,49,0,0,31,2,33,8,17,53,4,82,44,0,44,126
06/26/2020,ROA,VA,AEA,EN,Combined TRACON& Tower with Radar,9,17,19,4,49,0,1,36,0,37,9,18,55,4,86,74,0,74,160
06/27/2020,ROA,VA,AEA,EN,Combined TRACON& Tower with Radar,5,14,12,0,31,0,2,35,1,38,5,16,47,1,69,6,0,6,75
06/28/2020,ROA,VA,AEA,EN,Combined TRACON& Tower with Radar,4,16,5,0,25,0,0,7,0,7,4,16,12,0,32,46,0,46,78
06/29/2020,ROA,VA,AEA,EN,Combined TRACON& Tower with Radar,6,16,20,8,50,0,1,41,0,42,6,17,61,8,92,76,0,76,168
06/30/2020,ROA,VA,AEA,EN,Combined TRACON& Tower with Radar,6,18,14,0,38,0,1,34,1,36,6,19,48,1,74,52,0,52,126
07/01/2020,ROA,VA,AEA,EN,Combined TRACON& Tower with Radar,7,18,28,0,53,0,0,42,0,42,7,18,70,0,95,122,0,122,217
07/02/2020,ROA,VA,AEA,EN,Combined TRACON& Tower with Radar,10,20,30,1,61,0,0,45,1,46,10,20,75,2,107,70,0,70,177
07/03/2020,ROA,VA,AEA,EN,Combined TRACON& Tower with Radar,8,18,11,0,37,0,0,40,2,42,8,18,51,2,79,4,0,4,83
07/04/2020,ROA,VA,AEA,EN,Combined TRACON& Tower with Radar,4,12,4,0,20,0,1,11,2,14,4,13,15,2,34,0,0,0,34
07/05/2020,ROA,VA,AEA,EN,Combined TRACON& Tower with Radar,6,15,10,0,31,0,0,23,4,27,6,15,33,4,58,0,0,0,58
07/06/2020,ROA,VA,AEA,EN,Combined TRACON& Tower with Radar,9,16,8,4,37,0,2,26,0,28,9,18,34,4,65,16,0,16,81
07/07/2020,ROA,VA,AEA,EN,Combined TRACON& Tower with Radar,10,16,9,7,42,0,0,16,0,16,10,16,25,7,58,0,0,0,58
07/08/2020,ROA,VA,AEA,EN,Combined TRACON& Tower with Radar,10,22,10,4,46,0,1,7,0,8,10,23,17,4,54,0,0,0,54
07/09/2020,ROA,VA,AEA,EN,Combined TRACON& Tower with Radar,12,27,13,3,55,0,2,17,3,22,12,29,30,6,77,0,0,0,77
07/10/2020,ROA,VA,AEA,EN,Combined TRACON& Tower with Radar,13,22,22,0,57,0,1,10,0,11,13,23,32,0,68,0,0,0,68
07/11/2020,ROA,VA,AEA,EN,Combined TRACON& Tower with Radar,7,22,16,0,45,0,2,12,0,14,7,24,28,0,59,0,0,0,59
07/12/2020,ROA,VA,AEA,EN,Combined TRACON& Tower with Radar,8,23,8,0,39,0,3,22,0,25,8,26,30,0,64,0,0,0,64
07/13/2020,ROA,VA,AEA,EN,Combined TRACON& Tower with Radar,12,23,14,0,49,0,0,13,1,14,12,23,27,1,63,24,0,24,87
07/14/2020,ROA,VA,AEA,EN,Combined TRACON& Tower with Radar,10,14,23,2,49,0,0,28,6,34,10,14,51,8,83,56,18,74,157
07/15/2020,ROA,VA,AEA,EN,Combined TRACON& Tower with Radar,10,22,10,0,42,0,0,35,0,35,10,22,45,0,77,54,0,54,131
07/16/2020,ROA,VA,AEA,EN,Combined TRACON& Tower with Radar,12,22,13,0,47,0,0,28,18,46,12,22,41,18,93,62,0,62,155
07/17/2020,ROA,VA,AEA,EN,Combined TRACON& Tower with Radar,15,22,8,0,45,0,0,27,0,27,15,22,35,0,72,110,0,110,182
07/18/2020,ROA,VA,AEA,EN,Combined TRACON& Tower with Radar,7,24,10,0,41,0,1,31,0,32,7,25,41,0,73,24,0,24,97
07/19/2020,ROA,VA,AEA,EN,Combined TRACON& Tower with Radar,8,19,12,0,39,0,0,29,1,30,8,19,41,1,69,34,0,34,103
07/20/2020,ROA,VA,AEA,EN,Combined TRACON& Tower with Radar,10,18,20,2,50,0,0,20,0,20,10,18,40,2,70,56,0,56,126
07/21/2020,ROA,VA,AEA,EN,Combined TRACON& Tower with Radar,10,14,17,0,41,0,0,25,0,25,10,14,42,0,66,22,0,22,88
07/22/2020,ROA,VA,AEA,EN,Combined TRACON& Tower with Radar,10,16,12,0,38,0,0,27,4,31,10,16,39,4,69,8,0,8,77
07/23/2020,ROA,VA,AEA,EN,Combined TRACON& Tower with Radar,12,23,18,2,55,0,3,15,0,18,12,26,33,2,73,0,0,0,73
07/24/2020,ROA,VA,AEA,EN,Combined TRACON& Tower with Radar,12,25,13,0,50,0,0,38,0,38,12,25,51,0,88,0,0,0,88
07/25/2020,ROA,VA,AEA,EN,Combined TRACON& Tower with Radar,8,21,10,0,39,0,0,45,0,45,8,21,55,0,84,0,0,0,84
07/26/2020,ROA,VA,AEA,EN,Combined TRACON& Tower with Radar,8,22,8,0,38,0,0,39,0,39,8,22,47,0,77,12,0,12,89
07/27/2020,ROA,VA,AEA,EN,Combined TRACON& Tower with Radar,10,23,11,3,47,0,0,33,3,36,10,23,44,6,83,20,0,20,103
07/28/2020,ROA,VA,AEA,EN,Combined TRACON& Tower with Radar,10,16,17,6,49,0,1,31,4,36,10,17,48,10,85,62,12,74,159
07/29/2020,ROA,VA,AEA,EN,Combined TRACON& Tower with Radar,10,16,24,0,50,0,1,43,0,44,10,17,67,0,94,38,0,38,132
07/30/2020,ROA,VA,AEA,EN,Combined TRACON& Tower with Radar,14,27,12,8,61,0,1,25,1,27,14,28,37,9,88,16,12,28,116
07/31/2020,ROA,VA,AEA,EN,Combined TRACON& Tower with Radar,13,21,16,3,53,0,1,21,1,23,13,22,37,4,76,44,0,44,120
08/01/2020,ROA,VA,AEA,EN,Combined TRACON& Tower with Radar,9,21,19,0,49,0,0,8,0,8,9,21,27,0,57,0,0,0,57
08/02/2020,ROA,VA,AEA,EN,Combined TRACON& Tower with Radar,9,19,8,0,36,0,0,19,0,19,9,19,27,0,55,0,0,0,55
08/03/2020,ROA,VA,AEA,EN,Combined TRACON& Tower with Radar,10,23,7,2,42,0,0,2,0,2,10,23,9,2,44,26,0,26,70
08/04/2020,ROA,VA,AEA,EN,Combined TRACON& Tower with Radar,8,23,15,2,48,0,0,30,0,30,8,23,45,2,78,48,0,48,126
08/05/2020,ROA,VA,AEA,EN,Combined TRACON& Tower with Radar,8,20,27,9,64,0,0,29,2,31,8,20,56,11,95,72,0,72,167
08/06/2020,ROA,VA,AEA,EN,Combined TRACON& Tower with Radar,14,22,20,3,59,0,0,2,1,3,14,22,22,4,62,0,0,0,62
08/07/2020,ROA,VA,AEA,EN,Combined TRACON& Tower with Radar,13,22,20,0,55,0,0,18,0,18,13,22,38,0,73,26,0,26,99
08/08/2020,ROA,VA,AEA,EN,Combined TRACON& Tower with Radar,7,24,26,4,61,0,0,17,0,17,7,24,43,4,78,24,0,24,102
08/09/2020,ROA,VA,AEA,EN,Combined TRACON& Tower with Radar,8,24,9,0,41,0,2,29,0,31,8,26,38,0,72,86,0,86,158
08/10/2020,ROA,VA,AEA,EN,Combined TRACON& Tower with Radar,10,22,13,0,45,0,0,45,0,45,10,22,58,0,90,76,0,76,166
08/11/2020,ROA,VA,AEA,EN,Combined TRACON& Tower with Radar,8,16,14,4,42,0,0,23,0,23,8,16,37,4,65,92,2,94,159
08/12/2020,ROA,VA,AEA,EN,Combined TRACON& Tower with Radar,8,17,19,0,44,0,0,14,1,15,8,17,33,1,59,68,0,68,127
08/13/2020,ROA,VA,AEA,EN,Combined TRACON& Tower with Radar,12,27,18,5,62,0,0,2,0,2,12,27,20,5,64,22,0,22,86
08/14/2020,ROA,VA,AEA,EN,Combined TRACON& Tower with Radar,13,31,21,0,65,0,1,4,0,5,13,32,25,0,70,28,0,28,98
08/15/2020,ROA,VA,AEA,EN,Combined TRACON& Tower with Radar,7,25,15,0,47,0,0,0,0,0,7,25,15,0,47,0,0,0,47
08/16/2020,ROA,VA,AEA,EN,Combined TRACON& Tower with Radar,8,21,16,2,47,0,0,10,1,11,8,21,26,3,58,72,0,72,130
08/17/2020,ROA,VA,AEA,EN,Combined TRACON& Tower with Radar,10,25,22,0,57,0,0,37,1,38,10,25,59,1,95,98,0,98,193
08/18/2020,ROA,VA,AEA,EN,Combined TRACON& Tower with Radar,8,19,11,0,38,0,0,52,1,53,8,19,63,1,91,58,0,58,149
08/19/2020,ROA,VA,AEA,EN,Combined TRACON& Tower with Radar,8,17,33,4,62,0,0,34,0,34,8,17,67,4,96,22,0,22,118
08/20/2020,ROA,VA,AEA,EN,Combined TRACON& Tower with Radar,12,27,27,3,69,0,0,29,2,31,12,27,56,5,100,32,0,32,132
08/21/2020,ROA,VA,AEA,EN,Combined TRACON& Tower with Radar,13,23,25,0,61,0,0,0,0,0,13,23,25,0,61,0,0,0,61
08/22/2020,ROA,VA,AEA,EN,Combined TRACON& Tower with Radar,7,26,15,0,48,0,0,8,0,8,7,26,23,0,56,78,0,78,134
08/23/2020,ROA,VA,AEA,EN,Combined TRACON& Tower with Radar,8,23,19,0,50,0,0,34,1,35,8,23,53,1,85,18,0,18,103
08/24/2020,ROA,VA,AEA,EN,Combined TRACON& Tower with Radar,10,19,9,1,39,0,0,31,4,35,10,19,40,5,74,52,0,52,126
08/25/2020,ROA,VA,AEA,EN,Combined TRACON& Tower with Radar,8,19,13,5,45,0,4,44,6,54,8,23,57,11,99,94,0,94,193
08/26/2020,ROA,VA,AEA,EN,Combined TRACON& Tower with Radar,8,19,20,0,47,0,0,52,0,52,8,19,72,0,99,4,0,4,103
08/27/2020,ROA,VA,AEA,EN,Combined TRACON& Tower with Radar,12,23,25,0,60,0,0,43,0,43,12,23,68,0,103,0,0,0,103
08/28/2020,ROA,VA,AEA,EN,Combined TRACON& Tower with Radar,13,20,8,2,43,0,0,30,1,31,13,20,38,3,74,0,0,0,74
08/29/2020,ROA,VA,AEA,EN,Combined TRACON& Tower with Radar,7,20,7,0,34,0,0,4,0,4,7,20,11,0,38,0,0,0,38
08/30/2020,ROA,VA,AEA,EN,Combined TRACON& Tower with Radar,8,25,12,0,45,0,2,42,0,44,8,27,54,0,89,52,0,52,141
08/31/2020,ROA,VA,AEA,EN,Combined TRACON& Tower with Radar,10,20,14,2,46,0,1,1,1,3,10,21,15,3,49,0,0,0,49
09/01/2020,ROA,VA,AEA,EN,Combined TRACON& Tower with Radar,10,19,24,0,53,0,0,1,0,1,10,19,25,0,54,0,0,0,54
09/02/2020,ROA,VA,AEA,EN,Combined TRACON& Tower with Radar,8,21,21,2,52,0,0,19,0,19,8,21,40,2,71,14,0,14,85
09/03/2020,ROA,VA,AEA,EN,Combined TRACON& Tower with Radar,12,24,25,2,63,0,0,38,1,39,12,24,63,3,102,30,0,30,132
09/04/2020,ROA,VA,AEA,EN,Combined TRACON& Tower with Radar,13,26,21,0,60,0,0,35,0,35,13,26,56,0,95,76,0,76,171
09/05/2020,ROA,VA,AEA,EN,Combined TRACON& Tower with Radar,7,19,8,0,34,0,0,31,0,31,7,19,39,0,65,6,0,6,71
09/06/2020,ROA,VA,AEA,EN,Combined TRACON& Tower with Radar,7,19,5,0,31,0,1,35,3,39,7,20,40,3,70,24,0,24,94
09/07/2020,ROA,VA,AEA,EN,Combined TRACON& Tower with Radar,9,19,11,0,39,0,0,43,2,45,9,19,54,2,84,34,0,34,118
09/08/2020,ROA,VA,AEA,EN,Combined TRACON& Tower with Radar,6,21,23,0,50,0,0,41,0,41,6,21,64,0,91,14,0,14,105
09/09/2020,ROA,VA,AEA,EN,Combined TRACON& Tower with Radar,8,26,19,0,53,0,0,17,1,18,8,26,36,1,71,2,0,2,73
09/10/2020,ROA,VA,AEA,EN,Combined TRACON& Tower with Radar,14,20,19,4,57,0,0,5,2,7,14,20,24,6,64,32,0,32,96
09/11/2020,ROA,VA,AEA,EN,Combined TRACON& Tower with Radar,16,23,39,16,94,0,0,29,0,29,16,23,68,16,123,38,40,78,201
09/12/2020,ROA,VA,AEA,EN,Combined TRACON& Tower with Radar,10,18,13,0,41,0,0,0,0,0,10,18,13,0,41,22,0,22,63
09/13/2020,ROA,VA,AEA,EN,Combined TRACON& Tower with Radar,10,21,7,0,38,0,0,11,0,11,10,21,18,0,49,36,0,36,85
09/14/2020,ROA,VA,AEA,EN,Combined TRACON& Tower with Radar,14,25,18,0,57,0,0,35,0,35,14,25,53,0,92,70,0,70,162
09/15/2020,ROA,VA,AEA,EN,Combined TRACON& Tower with Radar,10,20,28,0,58,0,2,37,0,39,10,22,65,0,97,132,0,132,229
09/16/2020,ROA,VA,AEA,EN,Combined TRACON& Tower with Radar,12,21,26,4,63,0,0,41,0,41,12,21,67,4,104,34,4,38,142
09/17/2020,ROA,VA,AEA,EN,Combined TRACON& Tower with Radar,14,20,8,0,42,0,0,0,0,0,14,20,8,0,42,0,0,0,42
09/18/2020,ROA,VA,AEA,EN,Combined TRACON& Tower with Radar,15,28,23,0,66,0,0,28,0,28,15,28,51,0,94,44,0,44,138
09/19/2020,ROA,VA,AEA,EN,Combined TRACON& Tower with Radar,9,16,13,0,38,0,0,42,0,42,9,16,55,0,80,0,0,0,80
09/20/2020,ROA,VA,AEA,EN,Combined TRACON& Tower with Radar,10,20,5,0,35,0,0,25,0,25,10,20,30,0,60,50,0,50,110
09/21/2020,ROA,VA,AEA,EN,Combined TRACON& Tower with Radar,12,22,16,0,50,0,0,31,0,31,12,22,47,0,81,70,0,70,151
09/22/2020,ROA,VA,AEA,EN,Combined TRACON& Tower with Radar,10,18,18,2,48,0,1,33,0,34,10,19,51,2,82,64,0,64,146
09/23/2020,ROA,VA,AEA,EN,Combined TRACON& Tower with Radar,10,24,25,6,65,0,0,42,0,42,10,24,67,6,107,114,0,114,221
09/24/2020,ROA,VA,AEA,EN,Combined TRACON& Tower with Radar,14,24,28,0,66,0,0,43,0,43,14,24,71,0,109,44,0,44,153
09/25/2020,ROA,VA,AEA,EN,Combined TRACON& Tower with Radar,18,20,20,0,58,0,0,0,0,0,18,20,20,0,58,0,0,0,58
09/26/2020,ROA,VA,AEA,EN,Combined TRACON& Tower with Radar,10,18,13,1,42,0,0,15,1,16,10,18,28,2,58,0,0,0,58
09/27/2020,ROA,VA,AEA,EN,Combined TRACON& Tower with Radar,10,20,20,0,50,0,0,19,0,19,10,20,39,0,69,48,0,48,117
09/28/2020,ROA,VA,AEA,EN,Combined TRACON& Tower with Radar,12,18,23,0,53,0,0,14,1,15,12,18,37,1,68,16,0,16,84
09/29/2020,ROA,VA,AEA,EN,Combined TRACON& Tower with Radar,10,27,26,0,63,0,0,0,0,0,10,27,26,0,63,0,0,0,63
09/30/2020,ROA,VA,AEA,EN,Combined TRACON& Tower with Radar,10,26,29,4,69,0,0,34,2,36,10,26,63,6,105,44,0,44,149
10/01/2020,ROA,VA,AEA,EN,Combined TRACON& Tower with Radar,14,21,29,8,72,0,1,44,3,48,14,22,73,11,120,30,0,30,150
10/02/2020,ROA,VA,AEA,EN,Combined TRACON& Tower with Radar,17,29,21,0,67,0,0,26,1,27,17,29,47,1,94,16,0,16,110
10/03/2020,ROA,VA,AEA,EN,Combined TRACON& Tower with Radar,11,20,18,0,49,0,0,29,1,30,11,20,47,1,79,16,0,16,95
10/04/2020,ROA,VA,AEA,EN,Combined TRACON& Tower with Radar,14,15,10,0,39,0,1,28,1,30,14,16,38,1,69,30,0,30,99
10/05/2020,ROA,VA,AEA,EN,Combined TRACON& Tower with Radar,16,14,12,1,43,0,0,25,1,26,16,14,37,2,69,44,0,44,113
10/06/2020,ROA,VA,AEA,EN,Combined TRACON& Tower with Radar,12,13,18,3,46,0,2,26,0,28,12,15,44,3,74,96,0,96,170
10/07/2020,ROA,VA,AEA,EN,Combined TRACON& Tower with Radar,10,16,18,2,46,0,3,29,1,33,10,19,47,3,79,42,0,42,121
10/08/2020,ROA,VA,AEA,EN,Combined TRACON& Tower with Radar,16,20,30,0,66,0,3,37,1,41,16,23,67,1,107,22,0,22,129
10/09/2020,ROA,VA,AEA,EN,Combined TRACON& Tower with Radar,15,20,20,0,55,0,3,29,0,32,15,23,49,0,87,58,0,58,145
10/10/2020,ROA,VA,AEA,EN,Combined TRACON& Tower with Radar,9,14,7,0,30,0,0,0,0,0,9,14,7,0,30,0,0,0,30
10/11/2020,ROA,VA,AEA,EN,Combined TRACON& Tower with Radar,12,18,8,0,38,0,0,0,0,0,12,18,8,0,38,0,0,0,38
10/12/2020,ROA,VA,AEA,EN,Combined TRACON& Tower with Radar,14,16,21,0,51,0,0,0,0,0,14,16,21,0,51,0,0,0,51
10/13/2020,ROA,VA,AEA,EN,Combined TRACON& Tower with Radar,14,20,22,0,56,0,0,13,4,17,14,20,35,4,73,24,0,24,97
10/14/2020,ROA,VA,AEA,EN,Combined TRACON& Tower with Radar,10,16,22,4,52,0,0,26,6,32,10,16,48,10,84,30,18,48,132
10/15/2020,ROA,VA,AEA,EN,Combined TRACON& Tower with Radar,16,20,13,0,49,0,0,36,0,36,16,20,49,0,85,48,0,48,133
10/16/2020,ROA,VA,AEA,EN,Combined TRACON& Tower with Radar,16,20,23,0,59,0,0,19,0,19,16,20,42,0,78,34,0,34,112
10/17/2020,ROA,VA,AEA,EN,Combined TRACON& Tower with Radar,9,15,6,0,30,0,2,37,0,39,9,17,43,0,69,22,0,22,91
10/18/2020,ROA,VA,AEA,EN,Combined TRACON& Tower with Radar,13,17,14,0,44,0,0,37,1,38,13,17,51,1,82,32,0,32,114
10/19/2020,ROA,VA,AEA,EN,Combined TRACON& Tower with Radar,14,23,16,4,57,0,0,29,0,29,14,23,45,4,86,36,0,36,122
10/20/2020,ROA,VA,AEA,EN,Combined TRACON& Tower with Radar,12,12,23,3,50,0,0,23,0,23,12,12,46,3,73,34,0,34,107
10/21/2020,ROA,VA,AEA,EN,Combined TRACON& Tower with Radar,10,22,17,4,53,0,0,36,3,39,10,22,53,7,92,16,0,16,108
10/22/2020,ROA,VA,AEA,EN,Combined TRACON& Tower with Radar,16,23,24,0,63,0,0,17,0,17,16,23,41,0,80,24,0,24,104
10/23/2020,ROA,VA,AEA,EN,Combined TRACON& Tower with Radar,17,23,12,9,61,0,1,28,0,29,17,24,40,9,90,18,0,18,108
10/24/2020,ROA,VA,AEA,EN,Combined TRACON& Tower with Radar,9,21,16,0,46,0,0,21,0,21,9,21,37,0,67,18,0,18,85
10/25/2020,ROA,VA,AEA,EN,Combined TRACON& Tower with Radar,18,19,3,0,40,0,0,0,0,0,18,19,3,0,40,0,0,0,40
10/26/2020,ROA,VA,AEA,EN,Combined TRACON& Tower with Radar,14,22,19,11,66,0,0,12,0,12,14,22,31,11,78,82,0,82,160
10/27/2020,ROA,VA,AEA,EN,Combined TRACON& Tower with Radar,10,13,35,2,60,0,0,34,0,34,10,13,69,2,94,134,0,134,228
10/28/2020,ROA,VA,AEA,EN,Combined TRACON& Tower with Radar,10,19,26,0,55,0,1,6,0,7,10,20,32,0,62,12,0,12,74
10/29/2020,ROA,VA,AEA,EN,Combined TRACON& Tower with Radar,19,23,9,0,51,0,0,1,0,1,19,23,10,0,52,0,0,0,52
10/30/2020,ROA,VA,AEA,EN,Combined TRACON& Tower with Radar,16,25,11,0,52,0,0,8,0,8,16,25,19,0,60,8,0,8,68
10/31/2020,ROA,VA,AEA,EN,Combined TRACON& Tower with Radar,9,16,15,1,41,0,0,39,1,40,9,16,54,2,81,0,0,0,81
11/01/2020,ROA,VA,AEA,EN,Combined TRACON& Tower with Radar,9,20,5,0,34,0,0,1,0,1,9,20,6,0,35,0,0,0,35
11/02/2020,ROA,VA,AEA,EN,Combined TRACON& Tower with Radar,8,20,12,0,40,0,0,3,3,6,8,20,15,3,46,0,0,0,46
11/03/2020,ROA,VA,AEA,EN,Combined TRACON& Tower with Radar,8,15,10,3,36,0,1,25,7,33,8,16,35,10,69,14,6,20,89
11/04/2020,ROA,VA,AEA,EN,Combined TRACON& Tower with Radar,8,14,21,4,47,0,0,46,0,46,8,14,67,4,93,46,0,46,139
11/05/2020,ROA,VA,AEA,EN,Combined TRACON& Tower with Radar,14,22,21,2,59,0,4,36,1,41,14,26,57,3,100,48,0,48,148
11/06/2020,ROA,VA,AEA,EN,Combined TRACON& Tower with Radar,14,22,23,0,59,0,0,44,0,44,14,22,67,0,103,44,0,44,147
11/07/2020,ROA,VA,AEA,EN,Combined TRACON& Tower with Radar,10,21,15,0,46,0,0,39,2,41,10,21,54,2,87,10,0,10,97
11/08/2020,ROA,VA,AEA,EN,Combined TRACON& Tower with Radar,12,22,12,0,46,0,0,27,0,27,12,22,39,0,73,0,0,0,73
11/09/2020,ROA,VA,AEA,EN,Combined TRACON& Tower with Radar,12,22,25,0,59,0,0,22,1,23,12,22,47,1,82,148,0,148,230
11/10/2020,ROA,VA,AEA,EN,Combined TRACON& Tower with Radar,8,17,11,4,40,0,0,9,0,9,8,17,20,4,49,198,0,198,247
11/11/2020,ROA,VA,AEA,EN,Combined TRACON& Tower with Radar,10,13,10,0,33,0,0,0,0,0,10,13,10,0,33,0,0,0,33
11/12/2020,ROA,VA,AEA,EN,Combined TRACON& Tower with Radar,16,25,16,0,57,0,0,1,0,1,16,25,17,0,58,42,0,42,100
11/13/2020,ROA,VA,AEA,EN,Combined TRACON& Tower with Radar,15,25,11,3,54,0,0,31,0,31,15,25,42,3,85,154,0,154,239
11/14/2020,ROA,VA,AEA,EN,Combined TRACON& Tower with Radar,13,20,12,0,45,0,0,28,0,28,13,20,40,0,73,48,0,48,121
11/15/2020,ROA,VA,AEA,EN,Combined TRACON& Tower with Radar,10,23,12,0,45,0,0,2,0,2,10,23,14,0,47,0,0,0,47
11/16/2020,ROA,VA,AEA,EN,Combined TRACON& Tower with Radar,12,23,13,1,49,0,0,13,4,17,12,23,26,5,66,0,0,0,66
11/17/2020,ROA,VA,AEA,EN,Combined TRACON& Tower with Radar,8,16,8,1,33,0,1,4,0,5,8,17,12,1,38,0,0,0,38
11/18/2020,ROA,VA,AEA,EN,Combined TRACON& Tower with Radar,8,16,23,0,47,0,0,39,0,39,8,16,62,0,86,26,0,26,112
11/19/2020,ROA,VA,AEA,EN,Combined TRACON& Tower with Radar,14,25,15,5,59,0,0,32,3,35,14,25,47,8,94,30,6,36,130
11/20/2020,ROA,VA,AEA,EN,Combined TRACON& Tower with Radar,17,30,14,0,61,0,1,38,0,39,17,31,52,0,100,38,0,38,138
11/21/2020,ROA,VA,AEA,EN,Combined TRACON& Tower with Radar,16,27,11,0,54,0,0,32,0,32,16,27,43,0,86,40,0,40,126
11/22/2020,ROA,VA,AEA,EN,Combined TRACON& Tower with Radar,12,22,12,0,46,0,0,7,0,7,12,22,19,0,53,36,0,36,89
11/23/2020,ROA,VA,AEA,EN,Combined TRACON& Tower with Radar,12,16,6,0,34,0,1,8,0,9,12,17,14,0,43,36,0,36,79
11/24/2020,ROA,VA,AEA,EN,Combined TRACON& Tower with Radar,18,29,17,0,64,0,1,45,2,48,18,30,62,2,112,82,0,82,194
11/25/2020,ROA,VA,AEA,EN,Combined TRACON& Tower with Radar,15,26,19,0,60,0,0,11,0,11,15,26,30,0,71,56,0,56,127
11/26/2020,ROA,VA,AEA,EN,Combined TRACON& Tower with Radar,7,12,2,0,21,0,0,3,1,4,7,12,5,1,25,0,0,0,25
11/27/2020,ROA,VA,AEA,EN,Combined TRACON& Tower with Radar,15,15,10,0,40,0,0,16,0,16,15,15,26,0,56,0,0,0,56
11/28/2020,ROA,VA,AEA,EN,Combined TRACON& Tower with Radar,11,26,8,0,45,0,1,22,0,23,11,27,30,0,68,32,0,32,100
11/29/2020,ROA,VA,AEA,EN,Combined TRACON& Tower with Radar,14,29,24,0,67,0,0,22,0,22,14,29,46,0,89,38,0,38,127
11/30/2020,ROA,VA,AEA,EN,Combined TRACON& Tower with Radar,14,19,3,0,36,0,0,4,0,4,14,19,7,0,40,0,0,0,40
12/01/2020,ROA,VA,AEA,EN,Combined TRACON& Tower with Radar,15,19,18,2,54,0,1,3,0,4,15,20,21,2,58,8,0,8,66
12/02/2020,ROA,VA,AEA,EN,Combined TRACON& Tower with Radar,10,28,14,0,52,0,1,24,0,25,10,29,38,0,77,0,0,0,77
12/03/2020,ROA,VA,AEA,EN,Combined TRACON& Tower with Radar,16,26,6,3,51,0,2,78,1,81,16,28,84,4,132,18,0,18,150
12/04/2020,ROA,VA,AEA,EN,Combined TRACON& Tower with Radar,17,27,14,0,58,0,1,20,1,22,17,28,34,1,80,8,0,8,88
12/05/2020,ROA,VA,AEA,EN,Combined TRACON& Tower with Radar,5,21,4,2,32,0,0,14,2,16,5,21,18,4,48,10,0,10,58
12/06/2020,ROA,VA,AEA,EN,Combined TRACON& Tower with Radar,9,21,21,0,51,0,0,26,0,26,9,21,47,0,77,6,0,6,83
12/07/2020,ROA,VA,AEA,EN,Combined TRACON& Tower with Radar,12,18,5,0,35,0,0,0,0,0,12,18,5,0,35,22,0,22,57
12/08/2020,ROA,VA,AEA,EN,Combined TRACON& Tower with Radar,12,18,11,0,41,0,0,11,1,12,12,18,22,1,53,50,0,50,103
12/09/2020,ROA,VA,AEA,EN,Combined TRACON& Tower with Radar,13,15,15,0,43,0,0,30,1,31,13,15,45,1,74,0,0,0,74
12/10/2020,ROA,VA,AEA,EN,Combined TRACON& Tower with Radar,16,27,7,3,53,0,0,32,1,33,16,27,39,4,86,10,0,10,96
12/11/2020,ROA,VA,AEA,EN,Combined TRACON& Tower with Radar,14,26,13,0,53,0,0,49,0,49,14,26,62,0,102,62,0,62,164
12/12/2020,ROA,VA,AEA,EN,Combined TRACON& Tower with Radar,5,18,9,0,32,0,0,31,0,31,5,18,40,0,63,18,0,18,81
12/13/2020,ROA,VA,AEA,EN,Combined TRACON& Tower with Radar,8,20,26,2,56,0,0,34,1,35,8,20,60,3,91,30,0,30,121
12/14/2020,ROA,VA,AEA,EN,Combined TRACON& Tower with Radar,13,19,7,12,51,0,0,3,7,10,13,19,10,19,61,22,42,64,125
12/15/2020,ROA,VA,AEA,EN,Combined TRACON& Tower with Radar,12,20,24,0,56,0,0,35,0,35,12,20,59,0,91,48,0,48,139
12/16/2020,ROA,VA,AEA,EN,Combined TRACON& Tower with Radar,10,11,2,0,23,0,0,0,0,0,10,11,2,0,23,0,0,0,23
12/17/2020,ROA,VA,AEA,EN,Combined TRACON& Tower with Radar,14,23,17,0,54,0,0,22,0,22,14,23,39,0,76,130,0,130,206
12/18/2020,ROA,VA,AEA,EN,Combined TRACON& Tower with Radar,12,32,14,0,58,0,0,26,2,28,12,32,40,2,86,48,0,48,134
12/19/2020,ROA,VA,AEA,EN,Combined TRACON& Tower with Radar,10,24,10,0,44,0,1,24,0,25,10,25,34,0,69,4,0,4,73
12/20/2020,ROA,VA,AEA,EN,Combined TRACON& Tower with Radar,11,25,9,0,45,0,0,9,2,11,11,25,18,2,56,16,0,16,72
12/21/2020,ROA,VA,AEA,EN,Combined TRACON& Tower with Radar,13,26,19,0,58,0,0,24,0,24,13,26,43,0,82,0,0,0,82
12/22/2020,ROA,VA,AEA,EN,Combined TRACON& Tower with Radar,16,28,20,0,64,0,0,4,0,4,16,28,24,0,68,16,0,16,84
12/23/2020,ROA,VA,AEA,EN,Combined TRACON& Tower with Radar,17,34,13,6,70,0,2,22,1,25,17,36,35,7,95,16,0,16,111
12/24/2020,ROA,VA,AEA,EN,Combined TRACON& Tower with Radar,15,15,0,0,30,0,0,0,0,0,15,15,0,0,30,0,0,0,30
12/25/2020,ROA,VA,AEA,EN,Combined TRACON& Tower with Radar,5,17,0,0,22,0,0,0,0,0,5,17,0,0,22,0,0,0,22
12/26/2020,ROA,VA,AEA,EN,Combined TRACON& Tower with Radar,8,25,14,1,48,0,0,6,0,6,8,25,20,1,54,0,0,0,54
12/27/2020,ROA,VA,AEA,EN,Combined TRACON& Tower with Radar,7,25,14,1,47,0,0,11,0,11,7,25,25,1,58,4,0,4,62
12/28/2020,ROA,VA,AEA,EN,Combined TRACON& Tower with Radar,10,22,9,2,43,0,0,7,1,8,10,22,16,3,51,22,0,22,73
12/29/2020,ROA,VA,AEA,EN,Combined TRACON& Tower with Radar,15,26,15,2,58,0,0,40,1,41,15,26,55,3,99,42,0,42,141
12/30/2020,ROA,VA,AEA,EN,Combined TRACON& Tower with Radar,16,28,20,0,64,0,0,23,0,23,16,28,43,0,87,12,0,12,99
12/31/2020,ROA,VA,AEA,EN,Combined TRACON& Tower with Radar,15,18,4,0,37,0,1,6,0,7,15,19,10,0,44,42,0,42,86
01/01/2021,ROA,VA,AEA,EN,Combined TRACON& Tower with Radar,4,17,2,0,23,0,0,0,0,0,4,17,2,0,23,0,0,0,23
01/02/2021,ROA,VA,AEA,EN,Combined TRACON& Tower with Radar,14,26,15,0,55,0,0,27,0,27,14,26,42,0,82,12,0,12,94
01/03/2021,ROA,VA,AEA,EN,Combined TRACON& Tower with Radar,7,25,11,0,43,0,0,0,0,0,7,25,11,0,43,0,0,0,43
01/04/2021,ROA,VA,AEA,EN,Combined TRACON& Tower with Radar,6,22,11,0,39,0,0,6,0,6,6,22,17,0,45,70,0,70,115
01/05/2021,ROA,VA,AEA,EN,Combined TRACON& Tower with Radar,8,13,15,3,39,0,0,30,1,31,8,13,45,4,70,28,4,32,102
01/06/2021,ROA,VA,AEA,EN,Combined TRACON& Tower with Radar,10,17,7,4,38,0,0,21,2,23,10,17,28,6,61,44,0,44,105
01/07/2021,ROA,VA,AEA,EN,Combined TRACON& Tower with Radar,15,22,22,3,62,0,0,26,2,28,15,22,48,5,90,66,0,66,156
01/08/2021,ROA,VA,AEA,EN,Combined TRACON& Tower with Radar,16,23,4,0,43,0,0,0,1,1,16,23,4,1,44,0,0,0,44
01/09/2021,ROA,VA,AEA,EN,Combined TRACON& Tower with Radar,8,31,12,8,59,0,0,14,0,14,8,31,26,8,73,0,0,0,73
01/10/2021,ROA,VA,AEA,EN,Combined TRACON& Tower with Radar,12,21,7,0,40,0,1,44,1,46,12,22,51,1,86,48,0,48,134
01/11/2021,ROA,VA,AEA,EN,Combined TRACON& Tower with Radar,11,20,10,1,42,0,0,6,3,9,11,20,16,4,51,6,0,6,57
01/12/2021,ROA,VA,AEA,EN,Combined TRACON& Tower with Radar,9,20,12,6,47,0,0,28,0,28,9,20,40,6,75,30,0,30,105
01/13/2021,ROA,VA,AEA,EN,Combined TRACON& Tower with Radar,8,23,19,1,51,0,0,37,6,43,8,23,56,7,94,28,0,28,122
01/14/2021,ROA,VA,AEA,EN,Combined TRACON& Tower with Radar,12,26,20,9,67,0,0,28,3,31,12,26,48,12,98,50,4,54,152
01/15/2021,ROA,VA,AEA,EN,Combined TRACON& Tower with Radar,8,22,9,0,39,0,0,0,0,0,8,22,9,0,39,0,0,0,39
01/16/2021,ROA,VA,AEA,EN,Combined TRACON& Tower with Radar,8,26,13,0,47,0,0,0,0,0,8,26,13,0,47,14,0,14,61
01/17/2021,ROA,VA,AEA,EN,Combined TRACON& Tower with Radar,6,19,6,2,33,0,0,19,1,20,6,19,25,3,53,50,0,50,103
01/18/2021,ROA,VA,AEA,EN,Combined TRACON& Tower with Radar,10,28,14,1,53,0,1,3,0,4,10,29,17,1,57,0,0,0,57
01/19/2021,ROA,VA,AEA,EN,Combined TRACON& Tower with Radar,8,19,14,6,47,0,0,20,2,22,8,19,34,8,69,22,0,22,91
01/20/2021,ROA,VA,AEA,EN,Combined TRACON& Tower with Radar,9,20,14,2,45,0,0,5,2,7,9,20,19,4,52,0,0,0,52
01/21/2021,ROA,VA,AEA,EN,Combined TRACON& Tower with Radar,13,22,4,11,50,0,0,17,2,19,13,22,21,13,69,86,0,86,155
01/22/2021,ROA,VA,AEA,EN,Combined TRACON& Tower with Radar,12,22,10,0,44,0,0,23,2,25,12,22,33,2,69,0,0,0,69
01/23/2021,ROA,VA,AEA,EN,Combined TRACON& Tower with Radar,8,23,10,0,41,0,1,24,0,25,8,24,34,0,66,22,0,22,88
01/24/2021,ROA,VA,AEA,EN,Combined TRACON& Tower with Radar,7,23,7,0,37,0,0,32,2,34,7,23,39,2,71,32,0,32,103
01/25/2021,ROA,VA,AEA,EN,Combined TRACON& Tower with Radar,10,14,7,0,31,0,0,0,0,0,10,14,7,0,31,0,0,0,31
01/26/2021,ROA,VA,AEA,EN,Combined TRACON& Tower with Radar,7,16,7,0,30,0,6,8,1,15,7,22,15,1,45,14,0,14,59
01/27/2021,ROA,VA,AEA,EN,Combined TRACON& Tower with Radar,9,22,22,11,64,0,0,35,0,35,9,22,57,11,99,36,0,36,135
01/28/2021,ROA,VA,AEA,EN,Combined TRACON& Tower with Radar,12,26,12,3,53,0,0,0,0,0,12,26,12,3,53,0,0,0,53
01/29/2021,ROA,VA,AEA,EN,Combined TRACON& Tower with Radar,12,26,14,0,52,0,0,21,4,25,12,26,35,4,77,44,0,44,121
01/30/2021,ROA,VA,AEA,EN,Combined TRACON& Tower with Radar,6,24,21,7,58,0,0,57,0,57,6,24,78,7,115,24,0,24,139
01/31/2021,ROA,VA,AEA,EN,Combined TRACON& Tower with Radar,11,19,3,0,33,0,0,0,0,0,11,19,3,0,33,0,0,0,33
02/01/2021,ROA,VA,AEA,EN,Combined TRACON& Tower with Radar,11,23,6,0,40,0,0,0,2,2,11,23,6,2,42,0,0,0,42
02/02/2021,ROA,VA,AEA,EN,Combined TRACON& Tower with Radar,8,14,6,0,28,0,0,3,0,3,8,14,9,0,31,0,0,0,31
02/03/2021,ROA,VA,AEA,EN,Combined TRACON& Tower with Radar,8,21,20,0,49,0,0,4,0,4,8,21,24,0,53,0,0,0,53
02/04/2021,ROA,VA,AEA,EN,Combined TRACON& Tower with Radar,12,25,7,4,48,0,0,49,0,49,12,25,56,4,97,70,0,70,167
02/05/2021,ROA,VA,AEA,EN,Combined TRACON& Tower with Radar,12,24,14,8,58,0,0,18,5,23,12,24,32,13,81,30,16,46,127
02/06/2021,ROA,VA,AEA,EN,Combined TRACON& Tower with Radar,6,24,17,4,51,0,0,37,1,38,6,24,54,5,89,30,0,30,119
02/07/2021,ROA,VA,AEA,EN,Combined TRACON& Tower with Radar,6,23,0,0,29,0,0,2,0,2,6,23,2,0,31,0,0,0,31
02/08/2021,ROA,VA,AEA,EN,Combined TRACON& Tower with Radar,10,19,24,6,59,0,1,28,1,30,10,20,52,7,89,24,0,24,113
02/09/2021,ROA,VA,AEA,EN,Combined TRACON& Tower with Radar,8,15,42,4,69,0,0,40,3,43,8,15,82,7,112,8,0,8,120
02/10/2021,ROA,VA,AEA,EN,Combined TRACON& Tower with Radar,7,23,9,3,42,0,0,7,1,8,7,23,16,4,50,64,0,64,114
02/11/2021,ROA,VA,AEA,EN,Combined TRACON& Tower with Radar,11,26,6,0,43,0,0,0,0,0,11,26,6,0,43,0,0,0,43
02/12/2021,ROA,VA,AEA,EN,Combined TRACON& Tower with Radar,14,25,13,0,52,0,0,0,0,0,14,25,13,0,52,0,0,0,52
02/13/2021,ROA,VA,AEA,EN,Combined TRACON& Tower with Radar,10,20,0,0,30,0,0,0,0,0,10,20,0,0,30,0,0,0,30
02/14/2021,ROA,VA,AEA,EN,Combined TRACON& Tower with Radar,6,26,6,0,38,0,0,0,0,0,6,26,6,0,38,0,0,0,38
02/15/2021,ROA,VA,AEA,EN,Combined TRACON& Tower with Radar,11,20,7,0,38,0,0,0,0,0,11,20,7,0,38,0,0,0,38
02/16/2021,ROA,VA,AEA,EN,Combined TRACON& Tower with Radar,6,16,12,5,39,0,0,5,0,5,6,16,17,5,44,10,0,10,54
02/17/2021,ROA,VA,AEA,EN,Combined TRACON& Tower with Radar,5,20,42,8,75,0,0,45,0,45,5,20,87,8,120,46,2,48,168
02/18/2021,ROA,VA,AEA,EN,Combined TRACON& Tower with Radar,3,14,0,0,17,0,0,0,0,0,3,14,0,0,17,0,0,0,17
02/19/2021,ROA,VA,AEA,EN,Combined TRACON& Tower with Radar,11,26,5,2,44,0,0,9,0,9,11,26,14,2,53,68,0,68,121
02/20/2021,ROA,VA,AEA,EN,Combined TRACON& Tower with Radar,8,22,10,0,40,0,0,21,3,24,8,22,31,3,64,0,0,0,64
02/21/2021,ROA,VA,AEA,EN,Combined TRACON& Tower with Radar,10,20,18,0,48,0,1,57,1,59,10,21,75,1,107,62,0,62,169
02/22/2021,ROA,VA,AEA,EN,Combined TRACON& Tower with Radar,10,23,13,0,46,0,1,3,0,4,10,24,16,0,50,0,0,0,50
02/23/2021,ROA,VA,AEA,EN,Combined TRACON& Tower with Radar,8,17,18,0,43,0,0,10,0,10,8,17,28,0,53,10,0,10,63
02/24/2021,ROA,VA,AEA,EN,Combined TRACON& Tower with Radar,10,17,18,0,45,0,1,52,1,54,10,18,70,1,99,0,0,0,99
02/25/2021,ROA,VA,AEA,EN,Combined TRACON& Tower with Radar,14,24,28,4,70,0,1,43,5,49,14,25,71,9,119,44,0,44,163
02/26/2021,ROA,VA,AEA,EN,Combined TRACON& Tower with Radar,13,26,5,0,44,0,0,14,0,14,13,26,19,0,58,62,0,62,120
02/27/2021,ROA,VA,AEA,EN,Combined TRACON& Tower with Radar,8,25,5,0,38,0,0,2,0,2,8,25,7,0,40,0,0,0,40
02/28/2021,ROA,VA,AEA,EN,Combined TRACON& Tower with Radar,6,15,5,0,26,0,0,0,0,0,6,15,5,0,26,0,0,0,26
03/01/2021,ROA,VA,AEA,EN,Combined TRACON& Tower with Radar,11,26,7,8,52,0,0,3,0,3,11,26,10,8,55,0,0,0,55
03/02/2021,ROA,VA,AEA,EN,Combined TRACON& Tower with Radar,10,19,18,7,54,0,0,40,5,45,10,19,58,12,99,82,1,83,182
03/03/2021,ROA,VA,AEA,EN,Combined TRACON& Tower with Radar,10,22,17,19,68,0,0,41,5,46,10,22,58,24,114,168,4,172,286
03/04/2021,ROA,VA,AEA,EN,Combined TRACON& Tower with Radar,12,28,11,5,56,0,2,16,5,23,12,30,27,10,79,0,0,0,79
03/05/2021,ROA,VA,AEA,EN,Combined TRACON& Tower with Radar,12,27,20,1,60,0,0,31,1,32,12,27,51,2,92,64,12,76,168
03/06/2021,ROA,VA,AEA,EN,Combined TRACON& Tower with Radar,6,27,12,0,45,0,0,31,5,36,6,27,43,5,81,30,0,30,111
03/07/2021,ROA,VA,AEA,EN,Combined TRACON& Tower with Radar,8,25,25,0,58,0,0,42,2,44,8,25,67,2,102,34,0,34,136
03/08/2021,ROA,VA,AEA,EN,Combined TRACON& Tower with Radar,10,25,17,0,52,0,0,43,0,43,10,25,60,0,95,14,0,14,109
03/09/2021,ROA,VA,AEA,EN,Combined TRACON& Tower with Radar,10,16,9,2,37,0,0,45,0,45,10,16,54,2,82,146,0,146,228
03/10/2021,ROA,VA,AEA,EN,Combined TRACON& Tower with Radar,11,20,19,2,52,0,1,53,0,54,11,21,72,2,106,92,0,92,198
03/11/2021,ROA,VA,AEA,EN,Combined TRACON& Tower with Radar,14,25,29,3,71,0,0,32,1,33,14,25,61,4,104,72,0,72,176
03/12/2021,ROA,VA,AEA,EN,Combined TRACON& Tower with Radar,13,26,19,3,61,0,0,24,1,25,13,26,43,4,86,6,4,10,96
03/13/2021,ROA,VA,AEA,EN,Combined TRACON& Tower with Radar,5,24,17,0,46,0,0,46,2,48,5,24,63,2,94,68,0,68,162
03/14/2021,ROA,VA,AEA,EN,Combined TRACON& Tower with Radar,10,24,11,4,49,0,0,29,2,31,10,24,40,6,80,50,12,62,142
03/15/2021,ROA,VA,AEA,EN,Combined TRACON& Tower with Radar,12,27,8,13,60,0,0,22,1,23,12,27,30,14,83,14,22,36,119
03/16/2021,ROA,VA,AEA,EN,Combined TRACON& Tower with Radar,11,18,10,0,39,0,0,5,0,5,11,18,15,0,44,0,0,0,44
03/17/2021,ROA,VA,AEA,EN,Combined TRACON& Tower with Radar,9,22,23,0,54,0,0,19,0,19,9,22,42,0,73,6,0,6,79
03/18/2021,ROA,VA,AEA,EN,Combined TRACON& Tower with Radar,12,28,3,5,48,0,0,0,0,0,12,28,3,5,48,0,0,0,48
03/19/2021,ROA,VA,AEA,EN,Combined TRACON& Tower with Radar,14,28,14,0,56,0,0,17,0,17,14,28,31,0,73,22,0,22,95
03/20/2021,ROA,VA,AEA,EN,Combined TRACON& Tower with Radar,6,24,13,0,43,0,1,42,0,43,6,25,55,0,86,20,0,20,106
03/21/2021,ROA,VA,AEA,EN,Combined TRACON& Tower with Radar,8,29,10,3,50,0,0,45,0,45,8,29,55,3,95,40,0,40,135
03/22/2021,ROA,VA,AEA,EN,Combined TRACON& Tower with Radar,10,30,16,6,62,0,0,43,0,43,10,30,59,6,105,92,0,92,197
03/23/2021,ROA,VA,AEA,EN,Combined TRACON& Tower with Radar,14,21,26,4,65,0,0,4,1,5,14,21,30,5,70,95,0,95,165
03/24/2021,ROA,VA,AEA,EN,Combined TRACON& Tower with Radar,11,23,13,0,47,0,0,8,0,8,11,23,21,0,55,16,0,16,71
03/25/2021,ROA,VA,AEA,EN,Combined TRACON& Tower with Radar,12,26,24,0,62,0,0,3,4,7,12,26,27,4,69,6,0,6,75
03/26/2021,ROA,VA,AEA,EN,Combined TRACON& Tower with Radar,15,24,18,0,57,0,0,23,0,23,15,24,41,0,80,22,0,22,102
03/27/2021,ROA,VA,AEA,EN,Combined TRACON& Tower with Radar,5,24,11,0,40,0,0,34,0,34,5,24,45,0,74,6,0,6,80
03/28/2021,ROA,VA,AEA,EN,Combined TRACON& Tower with Radar,8,21,9,0,38,0,0,0,0,0,8,21,9,0,38,0,0,0,38
03/29/2021,ROA,VA,AEA,EN,Combined TRACON& Tower with Radar,10,28,21,2,61,0,0,46,0,46,10,28,67,2,107,90,0,90,197
03/30/2021,ROA,VA,AEA,EN,Combined TRACON& Tower with Radar,10,29,8,0,47,0,0,40,4,44,10,29,48,4,91,48,0,48,139
03/31/2021,ROA,VA,AEA,EN,Combined TRACON& Tower with Radar,10,26,7,0,43,0,0,2,1,3,10,26,9,1,46,0,0,0,46
04/01/2021,ROA,VA,AEA,EN,Combined TRACON& Tower with Radar,12,28,13,0,53,0,0,0,0,0,12,28,13,0,53,0,0,0,53
04/02/2021,ROA,VA,AEA,EN,Combined TRACON& Tower with Radar,13,29,12,0,54,0,0,6,2,8,13,29,18,2,62,0,0,0,62
04/03/2021,ROA,VA,AEA,EN,Combined TRACON& Tower with Radar,5,29,11,0,45,0,2,58,3,63,5,31,69,3,108,70,0,70,178
04/04/2021,ROA,VA,AEA,EN,Combined TRACON& Tower with Radar,8,28,8,0,44,0,0,17,0,17,8,28,25,0,61,0,0,0,61
04/05/2021,ROA,VA,AEA,EN,Combined TRACON& Tower with Radar,12,23,18,0,53,0,0,37,0,37,12,23,55,0,90,48,0,48,138
04/06/2021,ROA,VA,AEA,EN,Combined TRACON& Tower with Radar,8,28,15,0,51,0,1,42,0,43,8,29,57,0,94,58,0,58,152
04/07/2021,ROA,VA,AEA,EN,Combined TRACON& Tower with Radar,10,23,12,2,47,0,2,43,0,45,10,25,55,2,92,40,0,40,132
04/08/2021,ROA,VA,AEA,EN,Combined TRACON& Tower with Radar,12,31,18,10,71,0,0,16,3,19,12,31,34,13,90,34,30,64,154
04/09/2021,ROA,VA,AEA,EN,Combined TRACON& Tower with Radar,15,27,14,0,56,0,0,1,0,1,15,27,15,0,57,24,0,24,81
04/10/2021,ROA,VA,AEA,EN,Combined TRACON& Tower with Radar,7,27,16,0,50,0,0,1,0,1,7,27,17,0,51,0,0,0,51
04/11/2021,ROA,VA,AEA,EN,Combined TRACON& Tower with Radar,8,22,8,0,38,0,0,17,0,17,8,22,25,0,55,3,0,3,58
04/12/2021,ROA,VA,AEA,EN,Combined TRACON& Tower with Radar,10,22,13,4,49,0,0,8,0,8,10,22,21,4,57,0,20,20,77
04/13/2021,ROA,VA,AEA,EN,Combined TRACON& Tower with Radar,10,26,18,0,54,0,1,46,1,48,10,27,64,1,102,48,0,48,150
04/14/2021,ROA,VA,AEA,EN,Combined TRACON& Tower with Radar,10,25,17,0,52,0,0,23,0,23,10,25,40,0,75,26,0,26,101
04/15/2021,ROA,VA,AEA,EN,Combined TRACON& Tower with Radar,16,27,15,2,60,7,0,6,1,14,23,27,21,3,74,0,20,20,94
04/16/2021,ROA,VA,AEA,EN,Combined TRACON& Tower with Radar,15,24,22,5,66,0,3,23,0,26,15,27,45,5,92,36,0,36,128
04/17/2021,ROA,VA,AEA,EN,Combined TRACON& Tower with Radar,5,28,14,0,47,0,0,36,0,36,5,28,50,0,83,48,0,48,131
04/18/2021,ROA,VA,AEA,EN,Combined TRACON& Tower with Radar,8,22,11,0,41,0,0,37,1,38,8,22,48,1,79,38,0,38,117
04/19/2021,ROA,VA,AEA,EN,Combined TRACON& Tower with Radar,10,26,25,0,61,0,1,17,1,19,10,27,42,1,80,80,2,82,162
04/20/2021,ROA,VA,AEA,EN,Combined TRACON& Tower with Radar,10,19,13,0,42,0,0,36,2,38,10,19,49,2,80,48,0,48,128
04/21/2021,ROA,VA,AEA,EN,Combined TRACON& Tower with Radar,10,32,15,0,57,0,0,5,2,7,10,32,20,2,64,0,0,0,64
04/22/2021,ROA,VA,AEA,EN,Combined TRACON& Tower with Radar,12,31,12,0,55,0,0,7,0,7,12,31,19,0,62,0,0,0,62
04/23/2021,ROA,VA,AEA,EN,Combined TRACON& Tower with Radar,15,33,19,0,67,0,0,41,0,41,15,33,60,0,108,0,0,0,108
04/24/2021,ROA,VA,AEA,EN,Combined TRACON& Tower with Radar,4,34,8,0,46,0,0,3,2,5,4,34,11,2,51,0,0,0,51
04/25/2021,ROA,VA,AEA,EN,Combined TRACON& Tower with Radar,9,23,22,0,54,0,0,7,0,7,9,23,29,0,61,0,0,0,61
04/26/2021,ROA,VA,AEA,EN,Combined TRACON& Tower with Radar,10,27,16,1,54,0,2,70,5,77,10,29,86,6,131,66,0,66,197
04/27/2021,ROA,VA,AEA,EN,Combined TRACON& Tower with Radar,10,22,18,0,50,0,2,83,4,89,10,24,101,4,139,38,0,38,177
04/28/2021,ROA,VA,AEA,EN,Combined TRACON& Tower with Radar,17,22,14,13,66,0,0,40,1,41,17,22,54,14,107,18,20,38,145
04/29/2021,ROA,VA,AEA,EN,Combined TRACON& Tower with Radar,12,25,13,0,50,0,0,18,0,18,12,25,31,0,68,14,0,14,82
04/30/2021,ROA,VA,AEA,EN,Combined TRACON& Tower with Radar,14,21,4,0,39,0,0,3,0,3,14,21,7,0,42,0,0,0,42
05/01/2021,ROA,VA,AEA,EN,Combined TRACON& Tower with Radar,7,29,8,0,44,0,0,51,1,52,7,29,59,1,96,34,0,34,130
05/02/2021,ROA,VA,AEA,EN,Combined TRACON& Tower with Radar,8,21,8,0,37,0,1,34,1,36,8,22,42,1,73,50,0,50,123
05/03/2021,ROA,VA,AEA,EN,Combined TRACON& Tower with Radar,9,25,13,0,47,0,0,2,0,2,9,25,15,0,49,0,0,0,49
05/04/2021,ROA,VA,AEA,EN,Combined TRACON& Tower with Radar,10,20,24,0,54,0,0,12,0,12,10,20,36,0,66,16,0,16,82
05/05/2021,ROA,VA,AEA,EN,Combined TRACON& Tower with Radar,11,25,15,2,53,0,1,14,0,15,11,26,29,2,68,28,2,30,98
05/06/2021,ROA,VA,AEA,EN,Combined TRACON& Tower with Radar,12,24,21,9,66,0,0,33,2,35,12,24,54,11,101,126,0,126,227
05/07/2021,ROA,VA,AEA,EN,Combined TRACON& Tower with Radar,13,32,20,0,65,0,0,7,4,11,13,32,27,4,76,0,0,0,76
05/08/2021,ROA,VA,AEA,EN,Combined TRACON& Tower with Radar,7,29,16,1,53,0,0,11,0,11,7,29,27,1,64,0,0,0,64
05/09/2021,ROA,VA,AEA,EN,Combined TRACON& Tower with Radar,8,23,15,0,46,0,0,21,1,22,8,23,36,1,68,0,0,0,68
05/10/2021,ROA,VA,AEA,EN,Combined TRACON& Tower with Radar,10,25,12,0,47,0,0,15,0,15,10,25,27,0,62,78,0,78,140
05/11/2021,ROA,VA,AEA,EN,Combined TRACON& Tower with Radar,10,23,23,6,62,0,1,37,5,43,10,24,60,11,105,48,22,70,175
05/12/2021,ROA,VA,AEA,EN,Combined TRACON& Tower with Radar,10,27,12,1,50,0,0,21,1,22,10,27,33,2,72,34,0,34,106
05/13/2021,ROA,VA,AEA,EN,Combined TRACON& Tower with Radar,14,30,27,0,71,0,1,29,1,31,14,31,56,1,102,50,0,50,152
05/14/2021,ROA,VA,AEA,EN,Combined TRACON& Tower with Radar,13,28,18,2,61,0,0,27,3,30,13,28,45,5,91,32,0,32,123
05/15/2021,ROA,VA,AEA,EN,Combined TRACON& Tower with Radar,5,31,15,2,53,0,0,54,1,55,5,31,69,3,108,28,10,38,146
05/16/2021,ROA,VA,AEA,EN,Combined TRACON& Tower with Radar,10,24,20,0,54,0,0,7,0,7,10,24,27,0,61,28,0,28,89
05/17/2021,ROA,VA,AEA,EN,Combined TRACON& Tower with Radar,10,26,11,3,50,0,2,3,1,6,10,28,14,4,56,80,2,82,138
05/18/2021,ROA,VA,AEA,EN,Combined TRACON& Tower with Radar,10,27,21,1,59,0,0,15,3,18,10,27,36,4,77,56,0,56,133
05/19/2021,ROA,VA,AEA,EN,Combined TRACON& Tower with Radar,10,34,17,3,64,0,0,27,0,27,10,34,44,3,91,36,0,36,127
05/20/2021,ROA,VA,AEA,EN,Combined TRACON& Tower with Radar,12,39,24,0,75,0,0,39,0,39,12,39,63,0,114,0,0,0,114
05/21/2021,ROA,VA,AEA,EN,Combined TRACON& Tower with Radar,13,28,22,2,65,0,3,35,0,38,13,31,57,2,103,0,0,0,103
05/22/2021,ROA,VA,AEA,EN,Combined TRACON& Tower with Radar,5,40,24,4,73,0,0,37,1,38,5,40,61,5,111,14,4,18,129
05/23/2021,ROA,VA,AEA,EN,Combined TRACON& Tower with Radar,8,28,14,0,50,0,0,25,0,25,8,28,39,0,75,10,0,10,85
05/24/2021,ROA,VA,AEA,EN,Combined TRACON& Tower with Radar,12,26,19,0,57,0,1,27,11,39,12,27,46,11,96,62,0,62,158
05/25/2021,ROA,VA,AEA,EN,Combined TRACON& Tower with Radar,10,33,21,0,64,0,0,13,2,15,10,33,34,2,79,12,0,12,91
05/26/2021,ROA,VA,AEA,EN,Combined TRACON& Tower with Radar,10,27,15,1,53,0,2,37,1,40,10,29,52,2,93,18,0,18,111
05/27/2021,ROA,VA,AEA,EN,Combined TRACON& Tower with Radar,12,33,33,0,78,0,0,48,1,49,12,33,81,1,127,14,0,14,141
05/28/2021,ROA,VA,AEA,EN,Combined TRACON& Tower with Radar,14,27,20,0,61,0,0,15,0,15,14,27,35,0,76,0,0,0,76
05/29/2021,ROA,VA,AEA,EN,Combined TRACON& Tower with Radar,8,30,11,0,49,0,0,6,0,6,8,30,17,0,55,8,0,8,63
05/30/2021,ROA,VA,AEA,EN,Combined TRACON& Tower with Radar,6,21,17,0,44,0,0,4,0,4,6,21,21,0,48,26,0,26,74
05/31/2021,ROA,VA,AEA,EN,Combined TRACON& Tower with Radar,8,25,8,0,41,0,0,31,3,34,8,25,39,3,75,42,0,42,117
06/01/2021,ROA,VA,AEA,EN,Combined TRACON& Tower with Radar,12,21,24,0,57,0,0,21,0,21,12,21,45,0,78,34,0,34,112
06/02/2021,ROA,VA,AEA,EN,Combined TRACON& Tower with Radar,10,26,30,0,66,0,0,22,3,25,10,26,52,3,91,36,0,36,127
06/03/2021,ROA,VA,AEA,EN,Combined TRACON& Tower with Radar,11,31,14,1,57,0,0,8,0,8,11,31,22,1,65,60,0,60,125
06/04/2021,ROA,VA,AEA,EN,Combined TRACON& Tower with Radar,16,28,30,0,74,0,0,24,2,26,16,28,54,2,100,36,0,36,136
06/05/2021,ROA,VA,AEA,EN,Combined TRACON& Tower with Radar,7,33,10,1,51,0,2,49,4,55,7,35,59,5,106,18,0,18,124
06/06/2021,ROA,VA,AEA,EN,Combined TRACON& Tower with Radar,8,25,15,4,52,0,0,24,5,29,8,25,39,9,81,42,0,42,123
06/07/2021,ROA,VA,AEA,EN,Combined TRACON& Tower with Radar,10,33,15,4,62,0,0,17,1,18,10,33,32,5,80,70,10,80,160
06/08/2021,ROA,VA,AEA,EN,Combined TRACON& Tower with Radar,16,27,16,8,67,0,0,20,3,23,16,27,36,11,90,12,10,22,112
06/09/2021,ROA,VA,AEA,EN,Combined TRACON& Tower with Radar,12,34,24,0,70,0,0,25,0,25,12,34,49,0,95,54,0,54,149
06/10/2021,ROA,VA,AEA,EN,Combined TRACON& Tower with Radar,12,34,10,0,56,0,1,2,0,3,12,35,12,0,59,0,0,0,59
06/11/2021,ROA,VA,AEA,EN,Combined TRACON& Tower with Radar,14,28,13,0,55,0,0,3,0,3,14,28,16,0,58,30,0,30,88
06/12/2021,ROA,VA,AEA,EN,Combined TRACON& Tower with Radar,8,29,9,0,46,0,0,8,0,8,8,29,17,0,54,10,0,10,64
06/13/2021,ROA,VA,AEA,EN,Combined TRACON& Tower with Radar,8,30,16,0,54,0,0,6,0,6,8,30,22,0,60,10,0,10,70
06/14/2021,ROA,VA,AEA,EN,Combined TRACON& Tower with Radar,10,27,26,0,63,0,0,47,0,47,10,27,73,0,110,34,0,34,144
06/15/2021,ROA,VA,AEA,EN,Combined TRACON& Tower with Radar,12,28,21,6,67,0,0,47,1,48,12,28,68,7,115,66,10,76,191
06/16/2021,ROA,VA,AEA,EN,Combined TRACON& Tower with Radar,12,30,15,0,57,0,0,40,2,42,12,30,55,2,99,0,0,0,99
06/17/2021,ROA,VA,AEA,EN,Combined TRACON& Tower with Radar,12,27,29,2,70,0,0,54,2,56,12,27,83,4,126,82,0,82,208
06/18/2021,ROA,VA,AEA,EN,Combined TRACON& Tower with Radar,12,34,33,0,79,0,0,44,0,44,12,34,77,0,123,38,0,38,161
06/19/2021,ROA,VA,AEA,EN,Combined TRACON& Tower with Radar,8,24,15,0,47,0,2,32,3,37,8,26,47,3,84,56,0,56,140
06/20/2021,ROA,VA,AEA,EN,Combined TRACON& Tower with Radar,8,27,16,0,51,0,1,15,0,16,8,28,31,0,67,20,0,20,87
06/21/2021,ROA,VA,AEA,EN,Combined TRACON& Tower with Radar,10,26,19,0,55,0,0,26,3,29,10,26,45,3,84,52,0,52,136
06/22/2021,ROA,VA,AEA,EN,Combined TRACON& Tower with Radar,12,33,22,0,67,0,0,8,0,8,12,33,30,0,75,66,0,66,141
06/23/2021,ROA,VA,AEA,EN,Combined TRACON& Tower with Radar,12,29,23,0,64,0,0,34,2,36,12,29,57,2,100,18,0,18,118
06/24/2021,ROA,VA,AEA,EN,Combined TRACON& Tower with Radar,12,40,31,0,83,0,3,38,2,43,12,43,69,2,126,16,0,16,142
06/25/2021,ROA,VA,AEA,EN,Combined TRACON& Tower with Radar,13,31,22,0,66,0,1,46,2,49,13,32,68,2,115,96,0,96,211
06/26/2021,ROA,VA,AEA,EN,Combined TRACON& Tower with Radar,7,26,19,0,52,0,0,35,0,35,7,26,54,0,87,32,0,32,119
06/27/2021,ROA,VA,AEA,EN,Combined TRACON& Tower with Radar,8,32,16,0,56,0,0,13,1,14,8,32,29,1,70,14,0,14,84
06/28/2021,ROA,VA,AEA,EN,Combined TRACON& Tower with Radar,10,27,12,0,49,0,0,31,2,33,10,27,43,2,82,58,0,58,140
06/29/2021,ROA,VA,AEA,EN,Combined TRACON& Tower with Radar,12,29,18,0,59,0,1,43,8,52,12,30,61,8,111,88,0,88,199
06/30/2021,ROA,VA,AEA,EN,Combined TRACON& Tower with Radar,12,30,21,0,63,0,0,45,1,46,12,30,66,1,109,32,0,32,141
07/01/2021,ROA,VA,AEA,EN,Combined TRACON& Tower with Radar,12,30,21,0,63,0,0,16,0,16,12,30,37,0,79,16,0,16,95
07/02/2021,ROA,VA,AEA,EN,Combined TRACON& Tower with Radar,15,28,14,0,57,0,0,16,0,16,15,28,30,0,73,20,0,20,93
07/03/2021,ROA,VA,AEA,EN,Combined TRACON& Tower with Radar,7,27,13,0,47,0,0,47,3,50,7,27,60,3,97,10,0,10,107
07/04/2021,ROA,VA,AEA,EN,Combined TRACON& Tower with Radar,6,26,6,0,38,0,1,30,3,34,6,27,36,3,72,6,0,6,78
07/05/2021,ROA,VA,AEA,EN,Combined TRACON& Tower with Radar,8,30,16,0,54,0,0,38,1,39,8,30,54,1,93,8,0,8,101
07/06/2021,ROA,VA,AEA,EN,Combined TRACON& Tower with Radar,11,33,20,5,69,0,0,33,4,37,11,33,53,9,106,20,28,48,154
07/07/2021,ROA,VA,AEA,EN,Combined TRACON& Tower with Radar,13,35,17,9,74,0,0,31,0,31,13,35,48,9,105,46,8,54,159
07/08/2021,ROA,VA,AEA,EN,Combined TRACON& Tower with Radar,12,31,13,1,57,0,1,5,2,8,12,32,18,3,65,30,0,30,95
07/09/2021,ROA,VA,AEA,EN,Combined TRACON& Tower with Radar,14,33,26,2,75,0,0,16,1,17,14,33,42,3,92,10,0,10,102
07/10/2021,ROA,VA,AEA,EN,Combined TRACON& Tower with Radar,8,29,28,0,65,0,0,39,2,41,8,29,67,2,106,44,0,44,150
07/11/2021,ROA,VA,AEA,EN,Combined TRACON& Tower with Radar,8,32,14,0,54,0,0,13,0,13,8,32,27,0,67,22,0,22,89
07/12/2021,ROA,VA,AEA,EN,Combined TRACON& Tower with Radar,10,31,12,0,53,0,0,18,0,18,10,31,30,0,71,34,0,34,105
07/13/2021,ROA,VA,AEA,EN,Combined TRACON& Tower with Radar,12,30,23,1,66,0,0,31,1,32,12,30,54,2,98,52,0,52,150
07/14/2021,ROA,VA,AEA,EN,Combined TRACON& Tower with Radar,12,29,27,0,68,0,0,23,4,27,12,29,50,4,95,38,0,38,133
07/15/2021,ROA,VA,AEA,EN,Combined TRACON& Tower with Radar,12,33,24,4,73,0,0,44,2,46,12,33,68,6,119,14,0,14,133
07/16/2021,ROA,VA,AEA,EN,Combined TRACON& Tower with Radar,13,27,11,2,53,0,0,40,6,46,13,27,51,8,99,72,0,72,171
07/17/2021,ROA,VA,AEA,EN,Combined TRACON& Tower with Radar,7,28,12,0,47,0,0,33,2,35,7,28,45,2,82,38,0,38,120
07/18/2021,ROA,VA,AEA,EN,Combined TRACON& Tower with Radar,8,30,23,1,62,0,2,28,0,30,8,32,51,1,92,12,0,12,104
07/19/2021,ROA,VA,AEA,EN,Combined TRACON& Tower with Radar,10,30,21,0,61,0,1,35,1,37,10,31,56,1,98,62,0,62,160
07/20/2021,ROA,VA,AEA,EN,Combined TRACON& Tower with Radar,12,29,22,35,98,0,0,28,2,30,12,29,50,37,128,30,34,64,192
07/21/2021,ROA,VA,AEA,EN,Combined TRACON& Tower with Radar,13,38,25,0,76,0,0,27,2,29,13,38,52,2,105,12,0,12,117
07/22/2021,ROA,VA,AEA,EN,Combined TRACON& Tower with Radar,13,34,24,5,76,0,0,37,4,41,13,34,61,9,117,66,8,74,191
07/23/2021,ROA,VA,AEA,EN,Combined TRACON& Tower with Radar,13,34,30,2,79,0,0,47,1,48,13,34,77,3,127,0,0,0,127
07/24/2021,ROA,VA,AEA,EN,Combined TRACON& Tower with Radar,6,27,17,0,50,0,0,22,0,22,6,27,39,0,72,30,0,30,102
07/25/2021,ROA,VA,AEA,EN,Combined TRACON& Tower with Radar,9,33,10,0,52,0,0,12,0,12,9,33,22,0,64,0,0,0,64
07/26/2021,ROA,VA,AEA,EN,Combined TRACON& Tower with Radar,10,30,17,0,57,0,0,9,0,9,10,30,26,0,66,28,0,28,94
07/27/2021,ROA,VA,AEA,EN,Combined TRACON& Tower with Radar,12,28,22,1,63,0,0,30,1,31,12,28,52,2,94,48,0,48,142
07/28/2021,ROA,VA,AEA,EN,Combined TRACON& Tower with Radar,10,29,22,3,64,0,0,39,3,42,10,29,61,6,106,0,0,0,106
07/29/2021,ROA,VA,AEA,EN,Combined TRACON& Tower with Radar,12,31,27,0,70,0,0,21,2,23,12,31,48,2,93,0,0,0,93
07/30/2021,ROA,VA,AEA,EN,Combined TRACON& Tower with Radar,12,32,21,4,69,0,1,32,2,35,12,33,53,6,104,0,0,0,104
07/31/2021,ROA,VA,AEA,EN,Combined TRACON& Tower with Radar,8,28,13,0,49,0,0,44,2,46,8,28,57,2,95,32,0,32,127
08/01/2021,ROA,VA,AEA,EN,Combined TRACON& Tower with Radar,9,33,9,0,51,0,0,6,1,7,9,33,15,1,58,6,0,6,64
08/02/2021,ROA,VA,AEA,EN,Combined TRACON& Tower with Radar,14,25,14,0,53,0,0,33,0,33,14,25,47,0,86,18,0,18,104
08/03/2021,ROA,VA,AEA,EN,Combined TRACON& Tower with Radar,18,30,10,2,60,0,0,17,0,17,18,30,27,2,77,50,6,56,133
08/04/2021,ROA,VA,AEA,EN,Combined TRACON& Tower with Radar,12,30,19,4,65,0,0,47,1,48,12,30,66,5,113,2,26,28,141
08/05/2021,ROA,VA,AEA,EN,Combined TRACON& Tower with Radar,18,33,17,0,68,0,0,27,0,27,18,33,44,0,95,34,0,34,129
08/06/2021,ROA,VA,AEA,EN,Combined TRACON& Tower with Radar,14,35,13,5,67,0,0,49,1,50,14,35,62,6,117,66,0,66,183
08/07/2021,ROA,VA,AEA,EN,Combined TRACON& Tower with Radar,8,24,6,0,38,0,1,31,0,32,8,25,37,0,70,6,0,6,76
08/08/2021,ROA,VA,AEA,EN,Combined TRACON& Tower with Radar,10,28,15,0,53,0,0,16,0,16,10,28,31,0,69,0,0,0,69
08/09/2021,ROA,VA,AEA,EN,Combined TRACON& Tower with Radar,11,30,15,4,60,0,0,35,3,38,11,30,50,7,98,84,4,88,186
08/10/2021,ROA,VA,AEA,EN,Combined TRACON& Tower with Radar,11,27,18,0,56,0,0,23,0,23,11,27,41,0,79,52,0,52,131
08/11/2021,ROA,VA,AEA,EN,Combined TRACON& Tower with Radar,12,29,12,0,53,0,1,28,0,29,12,30,40,0,82,42,0,42,124
08/12/2021,ROA,VA,AEA,EN,Combined TRACON& Tower with Radar,14,31,16,0,61,0,2,15,0,17,14,33,31,0,78,16,0,16,94
08/13/2021,ROA,VA,AEA,EN,Combined TRACON& Tower with Radar,15,26,13,0,54,0,0,25,0,25,15,26,38,0,79,0,0,0,79
08/14/2021,ROA,VA,AEA,EN,Combined TRACON& Tower with Radar,9,31,4,4,48,0,0,30,0,30,9,31,34,4,78,18,0,18,96
08/15/2021,ROA,VA,AEA,EN,Combined TRACON& Tower with Radar,8,25,20,0,53,0,0,3,0,3,8,25,23,0,56,0,0,0,56
08/16/2021,ROA,VA,AEA,EN,Combined TRACON& Tower with Radar,12,30,21,0,63,0,0,0,0,0,12,30,21,0,63,0,0,0,63
08/17/2021,ROA,VA,AEA,EN,Combined TRACON& Tower with Radar,16,28,30,0,74,0,0,0,0,0,16,28,30,0,74,0,0,0,74
08/18/2021,ROA,VA,AEA,EN,Combined TRACON& Tower with Radar,14,30,16,2,62,0,1,18,0,19,14,31,34,2,81,58,0,58,139
08/19/2021,ROA,VA,AEA,EN,Combined TRACON& Tower with Radar,12,28,16,4,60,0,0,21,0,21,12,28,37,4,81,98,0,98,179
08/20/2021,ROA,VA,AEA,EN,Combined TRACON& Tower with Radar,15,25,21,7,68,0,0,11,0,11,15,25,32,7,79,38,0,38,117
08/21/2021,ROA,VA,AEA,EN,Combined TRACON& Tower with Radar,7,33,20,0,60,0,1,33,1,35,7,34,53,1,95,38,0,38,133
08/22/2021,ROA,VA,AEA,EN,Combined TRACON& Tower with Radar,8,28,4,0,40,0,0,23,0,23,8,28,27,0,63,20,0,20,83
08/23/2021,ROA,VA,AEA,EN,Combined TRACON& Tower with Radar,14,26,25,0,65,0,0,37,3,40,14,26,62,3,105,8,0,8,113
08/24/2021,ROA,VA,AEA,EN,Combined TRACON& Tower with Radar,11,23,20,8,62,0,0,36,4,40,11,23,56,12,102,62,0,62,164
08/25/2021,ROA,VA,AEA,EN,Combined TRACON& Tower with Radar,12,32,30,0,74,0,1,31,18,50,12,33,61,18,124,0,0,0,124
08/26/2021,ROA,VA,AEA,EN,Combined TRACON& Tower with Radar,11,31,16,5,63,0,0,25,1,26,11,31,41,6,89,6,8,14,103
08/27/2021,ROA,VA,AEA,EN,Combined TRACON& Tower with Radar,14,27,20,3,64,0,0,30,0,30,14,27,50,3,94,48,0,48,142
08/28/2021,ROA,VA,AEA,EN,Combined TRACON& Tower with Radar,8,25,12,0,45,0,0,29,1,30,8,25,41,1,75,62,0,62,137
08/29/2021,ROA,VA,AEA,EN,Combined TRACON& Tower with Radar,8,26,15,0,49,0,0,20,0,20,8,26,35,0,69,16,0,16,85
08/30/2021,ROA,VA,AEA,EN,Combined TRACON& Tower with Radar,12,24,18,0,54,0,0,11,0,11,12,24,29,0,65,92,0,92,157
08/31/2021,ROA,VA,AEA,EN,Combined TRACON& Tower with Radar,12,28,12,0,52,0,0,21,0,21,12,28,33,0,73,44,0,44,117
09/01/2021,ROA,VA,AEA,EN,Combined TRACON& Tower with Radar,12,22,7,0,41,0,0,0,0,0,12,22,7,0,41,0,0,0,41
09/02/2021,ROA,VA,AEA,EN,Combined TRACON& Tower with Radar,12,30,16,0,58,0,0,36,3,39,12,30,52,3,97,36,0,36,133
09/03/2021,ROA,VA,AEA,EN,Combined TRACON& Tower with Radar,15,27,23,0,65,0,1,37,0,38,15,28,60,0,103,14,0,14,117
09/04/2021,ROA,VA,AEA,EN,Combined TRACON& Tower with Radar,7,28,10,2,47,0,0,39,1,40,7,28,49,3,87,25,0,25,112
09/05/2021,ROA,VA,AEA,EN,Combined TRACON& Tower with Radar,6,20,11,0,37,0,0,8,0,8,6,20,19,0,45,0,0,0,45
09/06/2021,ROA,VA,AEA,EN,Combined TRACON& Tower with Radar,10,21,20,0,51,0,0,22,0,22,10,21,42,0,73,34,0,34,107
09/07/2021,ROA,VA,AEA,EN,Combined TRACON& Tower with Radar,9,23,29,2,63,0,0,44,1,45,9,23,73,3,108,112,4,116,224
09/08/2021,ROA,VA,AEA,EN,Combined TRACON& Tower with Radar,11,26,24,0,61,0,0,24,0,24,11,26,48,0,85,20,0,20,105
09/09/2021,ROA,VA,AEA,EN,Combined TRACON& Tower with Radar,12,34,27,0,73,0,0,19,0,19,12,34,46,0,92,56,0,56,148
09/10/2021,ROA,VA,AEA,EN,Combined TRACON& Tower with Radar,15,33,28,1,77,0,1,40,3,44,15,34,68,4,121,14,0,14,135
09/11/2021,ROA,VA,AEA,EN,Combined TRACON& Tower with Radar,7,34,26,2,69,0,0,52,3,55,7,34,78,5,124,30,0,30,154
09/12/2021,ROA,VA,AEA,EN,Combined TRACON& Tower with Radar,10,29,22,0,61,0,0,36,1,37,10,29,58,1,98,4,0,4,102
09/13/2021,ROA,VA,AEA,EN,Combined TRACON& Tower with Radar,12,26,10,2,50,0,0,22,0,22,12,26,32,2,72,20,0,20,92
09/14/2021,ROA,VA,AEA,EN,Combined TRACON& Tower with Radar,12,23,31,4,70,0,1,31,0,32,12,24,62,4,102,40,0,40,142
09/15/2021,ROA,VA,AEA,EN,Combined TRACON& Tower with Radar,13,28,21,4,66,0,0,16,1,17,13,28,37,5,83,14,0,14,97
09/16/2021,ROA,VA,AEA,EN,Combined TRACON& Tower with Radar,13,32,26,0,71,0,0,27,2,29,13,32,53,2,100,82,0,82,182
09/17/2021,ROA,VA,AEA,EN,Combined TRACON& Tower with Radar,17,32,21,0,70,0,0,14,1,15,17,32,35,1,85,72,0,72,157
09/18/2021,ROA,VA,AEA,EN,Combined TRACON& Tower with Radar,8,33,27,0,68,0,0,33,1,34,8,33,60,1,102,34,0,34,136
09/19/2021,ROA,VA,AEA,EN,Combined TRACON& Tower with Radar,8,37,14,4,63,0,0,27,0,27,8,37,41,4,90,58,4,62,152
09/20/2021,ROA,VA,AEA,EN,Combined TRACON& Tower with Radar,12,30,18,0,60,0,1,11,0,12,12,31,29,0,72,20,0,20,92
09/21/2021,ROA,VA,AEA,EN,Combined TRACON& Tower with Radar,12,26,27,0,65,0,0,0,0,0,12,26,27,0,65,0,0,0,65
09/22/2021,ROA,VA,AEA,EN,Combined TRACON& Tower with Radar,12,26,12,2,52,0,0,1,0,1,12,26,13,2,53,0,8,8,61
09/23/2021,ROA,VA,AEA,EN,Combined TRACON& Tower with Radar,12,30,17,5,64,0,0,28,1,29,12,30,45,6,93,7,4,11,104
09/24/2021,ROA,VA,AEA,EN,Combined TRACON& Tower with Radar,16,32,36,1,85,0,0,38,6,44,16,32,74,7,129,54,0,54,183
09/25/2021,ROA,VA,AEA,EN,Combined TRACON& Tower with Radar,8,30,16,1,55,0,1,39,1,41,8,31,55,2,96,84,0,84,180
09/26/2021,ROA,VA,AEA,EN,Combined TRACON& Tower with Radar,8,33,25,0,66,0,1,37,0,38,8,34,62,0,104,30,0,30,134
09/27/2021,ROA,VA,AEA,EN,Combined TRACON& Tower with Radar,12,28,20,0,60,0,1,28,2,31,12,29,48,2,91,66,0,66,157
09/28/2021,ROA,VA,AEA,EN,Combined TRACON& Tower with Radar,14,26,15,3,58,0,1,18,0,19,14,27,33,3,77,4,2,6,83
09/29/2021,ROA,VA,AEA,EN,Combined TRACON& Tower with Radar,12,22,34,3,71,0,1,40,1,42,12,23,74,4,113,56,0,56,169
09/30/2021,ROA,VA,AEA,EN,Combined TRACON& Tower with Radar,12,40,36,3,91,0,0,38,0,38,12,40,74,3,129,12,0,12,141
10/01/2021,ROA,VA,AEA,EN,Combined TRACON& Tower with Radar,14,36,33,3,86,0,2,51,0,53,14,38,84,3,139,60,0,60,199
10/02/2021,ROA,VA,AEA,EN,Combined TRACON& Tower with Radar,8,38,26,0,72,0,0,49,0,49,8,38,75,0,121,12,0,12,133
10/03/2021,ROA,VA,AEA,EN,Combined TRACON& Tower with Radar,8,43,30,5,86,0,0,18,0,18,8,43,48,5,104,6,6,12,116
10/04/2021,ROA,VA,AEA,EN,Combined TRACON& Tower with Radar,12,29,15,0,56,0,0,6,2,8,12,29,21,2,64,18,0,18,82
10/05/2021,ROA,VA,AEA,EN,Combined TRACON& Tower with Radar,12,31,23,9,75,0,0,2,0,2,12,31,25,9,77,42,8,50,127
10/06/2021,ROA,VA,AEA,EN,Combined TRACON& Tower with Radar,12,35,27,0,74,0,1,0,0,1,12,36,27,0,75,0,0,0,75
10/07/2021,ROA,VA,AEA,EN,Combined TRACON& Tower with Radar,14,37,14,2,67,0,0,2,0,2,14,37,16,2,69,10,0,10,79
10/08/2021,ROA,VA,AEA,EN,Combined TRACON& Tower with Radar,17,30,32,0,79,0,0,0,0,0,17,30,32,0,79,0,0,0,79
10/09/2021,ROA,VA,AEA,EN,Combined TRACON& Tower with Radar,8,36,12,0,56,1,0,0,0,1,9,36,12,0,57,18,0,18,75
10/10/2021,ROA,VA,AEA,EN,Combined TRACON& Tower with Radar,12,31,21,0,64,0,0,26,1,27,12,31,47,1,91,24,0,24,115
10/11/2021,ROA,VA,AEA,EN,Combined TRACON& Tower with Radar,11,33,23,0,67,0,0,12,0,12,11,33,35,0,79,36,0,36,115
10/12/2021,ROA,VA,AEA,EN,Combined TRACON& Tower with Radar,8,27,27,0,62,0,0,19,0,19,8,27,46,0,81,44,0,44,125
10/13/2021,ROA,VA,AEA,EN,Combined TRACON& Tower with Radar,9,31,31,6,77,0,0,31,0,31,9,31,62,6,108,12,0,12,120
10/14/2021,ROA,VA,AEA,EN,Combined TRACON& Tower with Radar,11,32,19,3,65,0,1,39,0,40,11,33,58,3,105,26,0,26,131
10/15/2021,ROA,VA,AEA,EN,Combined TRACON& Tower with Radar,13,33,23,1,70,0,0,47,0,47,13,33,70,1,117,64,0,64,181
10/16/2021,ROA,VA,AEA,EN,Combined TRACON& Tower with Radar,8,26,28,1,63,0,0,8,0,8,8,26,36,1,71,8,0,8,79
10/17/2021,ROA,VA,AEA,EN,Combined TRACON& Tower with Radar,6,34,15,1,56,0,0,27,0,27,6,34,42,1,83,16,0,16,99
10/18/2021,ROA,VA,AEA,EN,Combined TRACON& Tower with Radar,8,33,18,0,59,0,0,37,5,42,8,33,55,5,101,56,0,56,157
10/19/2021,ROA,VA,AEA,EN,Combined TRACON& Tower with Radar,8,30,14,1,53,0,0,39,3,42,8,30,53,4,95,68,0,68,163
10/20/2021,ROA,VA,AEA,EN,Combined TRACON& Tower with Radar,10,32,28,4,74,0,0,31,1,32,10,32,59,5,106,0,4,4,110
10/21/2021,ROA,VA,AEA,EN,Combined TRACON& Tower with Radar,9,36,13,2,60,0,0,21,2,23,9,36,34,4,83,50,0,50,133
10/22/2021,ROA,VA,AEA,EN,Combined TRACON& Tower with Radar,11,29,32,0,72,0,2,25,5,32,11,31,57,5,104,38,0,38,142
10/23/2021,ROA,VA,AEA,EN,Combined TRACON& Tower with Radar,6,28,13,0,47,0,1,46,3,50,6,29,59,3,97,0,0,0,97
10/24/2021,ROA,VA,AEA,EN,Combined TRACON& Tower with Radar,6,37,21,0,64,0,0,43,2,45,6,37,64,2,109,0,0,0,109
10/25/2021,ROA,VA,AEA,EN,Combined TRACON& Tower with Radar,8,28,12,0,48,0,0,5,1,6,8,28,17,1,54,54,0,54,108
10/26/2021,ROA,VA,AEA,EN,Combined TRACON& Tower with Radar,8,26,19,0,53,0,0,2,0,2,8,26,21,0,55,0,0,0,55
10/27/2021,ROA,VA,AEA,EN,Combined TRACON& Tower with Radar,8,29,28,10,75,0,0,43,0,43,8,29,71,10,118,76,0,76,194
10/28/2021,ROA,VA,AEA,EN,Combined TRACON& Tower with Radar,10,31,17,0,58,0,1,5,2,8,10,32,22,2,66,32,0,32,98
10/29/2021,ROA,VA,AEA,EN,Combined TRACON& Tower with Radar,16,40,21,0,77,0,0,0,0,0,16,40,21,0,77,26,0,26,103
10/30/2021,ROA,VA,AEA,EN,Combined TRACON& Tower with Radar,7,26,25,0,58,0,0,11,0,11,7,26,36,0,69,46,0,46,115
10/31/2021,ROA,VA,AEA,EN,Combined TRACON& Tower with Radar,4,23,17,0,44,0,1,12,2,15,4,24,29,2,59,2,0,2,61
11/01/2021,ROA,VA,AEA,EN,Combined TRACON& Tower with Radar,6,33,33,6,78,0,1,46,0,47,6,34,79,6,125,54,0,54,179
11/02/2021,ROA,VA,AEA,EN,Combined TRACON& Tower with Radar,10,30,16,0,56,0,0,8,1,9,10,30,24,1,65,82,0,82,147
11/03/2021,ROA,VA,AEA,EN,Combined TRACON& Tower with Radar,8,32,11,0,51,0,1,42,0,43,8,33,53,0,94,18,0,18,112
11/04/2021,ROA,VA,AEA,EN,Combined TRACON& Tower with Radar,12,39,13,1,65,0,0,23,0,23,12,39,36,1,88,60,0,60,148
11/05/2021,ROA,VA,AEA,EN,Combined TRACON& Tower with Radar,11,32,19,5,67,0,0,59,2,61,11,32,78,7,128,128,0,128,256
11/06/2021,ROA,VA,AEA,EN,Combined TRACON& Tower with Radar,7,42,9,2,60,0,0,43,0,43,7,42,52,2,103,42,4,46,149
11/07/2021,ROA,VA,AEA,EN,Combined TRACON& Tower with Radar,10,26,23,3,62,0,0,36,0,36,10,26,59,3,98,26,0,26,124
11/08/2021,ROA,VA,AEA,EN,Combined TRACON& Tower with Radar,12,24,14,0,50,0,1,34,0,35,12,25,48,0,85,58,0,58,143
11/09/2021,ROA,VA,AEA,EN,Combined TRACON& Tower with Radar,14,28,21,14,77,0,0,35,2,37,14,28,56,16,114,72,6,78,192
11/10/2021,ROA,VA,AEA,EN,Combined TRACON& Tower with Radar,12,30,16,2,60,0,0,30,0,30,12,30,46,2,90,24,0,24,114
11/11/2021,ROA,VA,AEA,EN,Combined TRACON& Tower with Radar,14,28,6,1,49,0,0,14,1,15,14,28,20,2,64,0,0,0,64
11/12/2021,ROA,VA,AEA,EN,Combined TRACON& Tower with Radar,16,28,16,0,60,0,0,27,1,28,16,28,43,1,88,52,0,52,140
11/13/2021,ROA,VA,AEA,EN,Combined TRACON& Tower with Radar,9,30,5,0,44,0,0,8,1,9,9,30,13,1,53,12,0,12,65
11/14/2021,ROA,VA,AEA,EN,Combined TRACON& Tower with Radar,10,26,27,0,63,0,0,28,0,28,10,26,55,0,91,28,0,28,119
11/15/2021,ROA,VA,AEA,EN,Combined TRACON& Tower with Radar,12,25,17,6,60,0,0,19,5,24,12,25,36,11,84,60,0,60,144
11/16/2021,ROA,VA,AEA,EN,Combined TRACON& Tower with Radar,15,24,11,4,54,0,0,67,9,76,15,24,78,13,130,120,4,124,254
11/17/2021,ROA,VA,AEA,EN,Combined TRACON& Tower with Radar,14,35,32,1,82,0,1,76,5,82,14,36,108,6,164,160,0,160,324
11/18/2021,ROA,VA,AEA,EN,Combined TRACON& Tower with Radar,16,33,16,16,81,0,0,55,4,59,16,33,71,20,140,60,0,60,200
11/19/2021,ROA,VA,AEA,EN,Combined TRACON& Tower with Radar,21,30,28,0,79,0,3,27,6,36,21,33,55,6,115,28,0,28,143
11/20/2021,ROA,VA,AEA,EN,Combined TRACON& Tower with Radar,11,31,17,0,59,0,0,44,0,44,11,31,61,0,103,20,0,20,123
11/21/2021,ROA,VA,AEA,EN,Combined TRACON& Tower with Radar,14,26,19,0,59,0,1,23,0,24,14,27,42,0,83,0,0,0,83
11/22/2021,ROA,VA,AEA,EN,Combined TRACON& Tower with Radar,13,26,19,2,60,0,2,14,0,16,13,28,33,2,76,44,14,58,134
11/23/2021,ROA,VA,AEA,EN,Combined TRACON& Tower with Radar,22,26,13,6,67,0,4,42,0,46,22,30,55,6,113,40,0,40,153
11/24/2021,ROA,VA,AEA,EN,Combined TRACON& Tower with Radar,16,28,16,0,60,0,4,22,0,26,16,32,38,0,86,42,0,42,128
11/25/2021,ROA,VA,AEA,EN,Combined TRACON& Tower with Radar,6,13,7,0,26,0,0,6,0,6,6,13,13,0,32,0,0,0,32
11/26/2021,ROA,VA,AEA,EN,Combined TRACON& Tower with Radar,12,23,8,0,43,0,0,2,0,2,12,23,10,0,45,0,0,0,45
11/27/2021,ROA,VA,AEA,EN,Combined TRACON& Tower with Radar,21,31,18,0,70,0,4,26,0,30,21,35,44,0,100,4,0,4,104
11/28/2021,ROA,VA,AEA,EN,Combined TRACON& Tower with Radar,14,27,22,0,63,0,0,28,0,28,14,27,50,0,91,20,0,20,111
11/29/2021,ROA,VA,AEA,EN,Combined TRACON& Tower with Radar,14,34,13,0,61,0,0,36,1,37,14,34,49,1,98,30,0,30,128
11/30/2021,ROA,VA,AEA,EN,Combined TRACON& Tower with Radar,18,34,10,0,62,0,1,26,0,27,18,35,36,0,89,92,0,92,181
12/01/2021,ROA,VA,AEA,EN,Combined TRACON& Tower with Radar,17,33,21,7,78,0,2,27,1,30,17,35,48,8,108,104,0,104,212
12/02/2021,ROA,VA,AEA,EN,Combined TRACON& Tower with Radar,18,32,17,4,71,0,0,25,7,32,18,32,42,11,103,16,0,16,119
12/03/2021,ROA,VA,AEA,EN,Combined TRACON& Tower with Radar,16,28,13,8,65,0,0,40,0,40,16,28,53,8,105,4,0,4,109
12/04/2021,ROA,VA,AEA,EN,Combined TRACON& Tower with Radar,9,28,13,1,51,0,6,42,0,48,9,34,55,1,99,8,0,8,107
12/05/2021,ROA,VA,AEA,EN,Combined TRACON& Tower with Radar,10,24,12,0,46,0,0,18,0,18,10,24,30,0,64,92,0,92,156
12/06/2021,ROA,VA,AEA,EN,Combined TRACON& Tower with Radar,13,31,25,2,71,0,1,80,0,81,13,32,105,2,152,74,0,74,226
12/07/2021,ROA,VA,AEA,EN,Combined TRACON& Tower with Radar,16,25,25,4,70,0,0,103,2,105,16,25,128,6,175,102,8,110,285
12/08/2021,ROA,VA,AEA,EN,Combined TRACON& Tower with Radar,16,27,25,4,72,0,0,51,1,52,16,27,76,5,124,50,0,50,174
12/09/2021,ROA,VA,AEA,EN,Combined TRACON& Tower with Radar,17,36,15,4,72,0,4,86,2,92,17,40,101,6,164,30,2,32,196
12/10/2021,ROA,VA,AEA,EN,Combined TRACON& Tower with Radar,16,33,17,0,66,0,4,79,1,84,16,37,96,1,150,52,0,52,202
12/11/2021,ROA,VA,AEA,EN,Combined TRACON& Tower with Radar,9,33,11,0,53,0,0,0,0,0,9,33,11,0,53,0,0,0,53
12/12/2021,ROA,VA,AEA,EN,Combined TRACON& Tower with Radar,10,31,10,0,51,0,0,30,2,32,10,31,40,2,83,52,0,52,135
12/13/2021,ROA,VA,AEA,EN,Combined TRACON& Tower with Radar,13,28,14,2,57,0,1,43,2,46,13,29,57,4,103,102,0,102,205
12/14/2021,ROA,VA,AEA,EN,Combined TRACON& Tower with Radar,16,29,18,1,64,0,2,33,4,39,16,31,51,5,103,72,8,80,183
12/15/2021,ROA,VA,AEA,EN,Combined TRACON& Tower with Radar,16,31,26,1,74,0,0,24,1,25,16,31,50,2,99,50,0,50,149
12/16/2021,ROA,VA,AEA,EN,Combined TRACON& Tower with Radar,18,36,21,0,75,0,0,38,0,38,18,36,59,0,113,40,0,40,153
12/17/2021,ROA,VA,AEA,EN,Combined TRACON& Tower with Radar,16,31,24,0,71,0,0,17,0,17,16,31,41,0,88,20,0,20,108
12/18/2021,ROA,VA,AEA,EN,Combined TRACON& Tower with Radar,1,26,7,0,34,0,0,0,0,0,1,26,7,0,34,0,0,0,34
12/19/2021,ROA,VA,AEA,EN,Combined TRACON& Tower with Radar,14,30,16,0,60,0,1,19,0,20,14,31,35,0,80,68,0,68,148
12/20/2021,ROA,VA,AEA,EN,Combined TRACON& Tower with Radar,9,31,20,2,62,0,3,23,1,27,9,34,43,3,89,60,0,60,149
12/21/2021,ROA,VA,AEA,EN,Combined TRACON& Tower with Radar,13,30,24,4,71,0,0,41,0,41,13,30,65,4,112,32,0,32,144
12/22/2021,ROA,VA,AEA,EN,Combined TRACON& Tower with Radar,15,33,13,0,61,0,2,20,1,23,15,35,33,1,84,0,0,0,84
12/23/2021,ROA,VA,AEA,EN,Combined TRACON& Tower with Radar,14,35,16,0,65,0,0,44,0,44,14,35,60,0,109,0,0,0,109
12/24/2021,ROA,VA,AEA,EN,Combined TRACON& Tower with Radar,9,26,3,0,38,0,0,2,0,2,9,26,5,0,40,0,0,0,40
12/25/2021,ROA,VA,AEA,EN,Combined TRACON& Tower with Radar,7,26,3,0,36,0,1,1,0,2,7,27,4,0,38,0,0,0,38
12/26/2021,ROA,VA,AEA,EN,Combined TRACON& Tower with Radar,4,27,18,0,49,0,1,36,1,38,4,28,54,1,87,8,0,8,95
12/27/2021,ROA,VA,AEA,EN,Combined TRACON& Tower with Radar,5,31,16,0,52,0,0,23,0,23,5,31,39,0,75,36,0,36,111
12/28/2021,ROA,VA,AEA,EN,Combined TRACON& Tower with Radar,15,37,12,0,64,0,0,25,0,25,15,37,37,0,89,60,0,60,149
12/29/2021,ROA,VA,AEA,EN,Combined TRACON& Tower with Radar,15,35,13,6,69,0,0,0,0,0,15,35,13,6,69,12,0,12,81
12/30/2021,ROA,VA,AEA,EN,Combined TRACON& Tower with Radar,15,41,11,0,67,0,0,5,0,5,15,41,16,0,72,12,0,12,84
12/31/2021,ROA,VA,AEA,EN,Combined TRACON& Tower with Radar,13,27,8,0,48,0,0,18,1,19,13,27,26,1,67,12,0,12,79
01/01/2022,ROA,VA,AEA,EN,Combined TRACON& Tower with Radar,4,24,4,0,32,0,0,6,0,6,4,24,10,0,38,0,0,0,38
01/02/2022,ROA,VA,AEA,EN,Combined TRACON& Tower with Radar,4,31,9,0,44,0,0,4,0,4,4,31,13,0,48,16,0,16,64
01/03/2022,ROA,VA,AEA,EN,Combined TRACON& Tower with Radar,10,22,7,0,39,0,0,4,0,4,10,22,11,0,43,42,0,42,85
01/04/2022,ROA,VA,AEA,EN,Combined TRACON& Tower with Radar,15,28,13,0,56,0,0,26,2,28,15,28,39,2,84,14,0,14,98
01/05/2022,ROA,VA,AEA,EN,Combined TRACON& Tower with Radar,16,25,10,9,60,0,2,25,12,39,16,27,35,21,99,8,38,46,145
01/06/2022,ROA,VA,AEA,EN,Combined TRACON& Tower with Radar,20,26,12,12,70,0,4,24,0,28,20,30,36,12,98,48,10,58,156
01/07/2022,ROA,VA,AEA,EN,Combined TRACON& Tower with Radar,19,25,5,0,49,0,0,12,0,12,19,25,17,0,61,0,0,0,61
01/08/2022,ROA,VA,AEA,EN,Combined TRACON& Tower with Radar,11,27,10,0,48,0,0,40,1,41,11,27,50,1,89,12,0,12,101
01/09/2022,ROA,VA,AEA,EN,Combined TRACON& Tower with Radar,14,22,5,0,41,0,0,2,0,2,14,22,7,0,43,0,0,0,43
01/10/2022,ROA,VA,AEA,EN,Combined TRACON& Tower with Radar,18,23,23,0,64,0,0,8,0,8,18,23,31,0,72,14,0,14,86
01/11/2022,ROA,VA,AEA,EN,Combined TRACON& Tower with Radar,11,17,9,10,47,0,1,21,0,22,11,18,30,10,69,10,4,14,83
01/12/2022,ROA,VA,AEA,EN,Combined TRACON& Tower with Radar,16,26,16,3,61,0,0,34,2,36,16,26,50,5,97,86,0,86,183
01/13/2022,ROA,VA,AEA,EN,Combined TRACON& Tower with Radar,19,22,12,4,57,0,0,11,0,11,19,22,23,4,68,44,0,44,112
01/14/2022,ROA,VA,AEA,EN,Combined TRACON& Tower with Radar,16,20,6,0,42,0,0,13,0,13,16,20,19,0,55,6,0,6,61
01/15/2022,ROA,VA,AEA,EN,Combined TRACON& Tower with Radar,13,30,17,0,60,0,0,35,0,35,13,30,52,0,95,28,0,28,123
01/16/2022,ROA,VA,AEA,EN,Combined TRACON& Tower with Radar,2,0,0,0,2,0,0,0,0,0,2,0,0,0,2,0,0,0,2
01/17/2022,ROA,VA,AEA,EN,Combined TRACON& Tower with Radar,13,6,3,0,22,0,0,0,0,0,13,6,3,0,22,0,0,0,22
01/18/2022,ROA,VA,AEA,EN,Combined TRACON& Tower with Radar,16,19,8,0,43,0,0,16,0,16,16,19,24,0,59,30,0,30,89
01/19/2022,ROA,VA,AEA,EN,Combined TRACON& Tower with Radar,17,29,17,6,69,0,2,27,0,29,17,31,44,6,98,42,4,46,144
01/20/2022,ROA,VA,AEA,EN,Combined TRACON& Tower with Radar,17,21,7,0,45,0,0,2,0,2,17,21,9,0,47,28,0,28,75
01/21/2022,ROA,VA,AEA,EN,Combined TRACON& Tower with Radar,20,24,6,0,50,0,1,21,0,22,20,25,27,0,72,32,0,32,104
01/22/2022,ROA,VA,AEA,EN,Combined TRACON& Tower with Radar,12,21,17,0,50,0,3,34,0,37,12,24,51,0,87,38,0,38,125
01/23/2022,ROA,VA,AEA,EN,Combined TRACON& Tower with Radar,14,23,7,0,44,0,0,21,0,21,14,23,28,0,65,68,0,68,133
01/24/2022,ROA,VA,AEA,EN,Combined TRACON& Tower with Radar,16,21,18,2,57,0,0,31,2,33,16,21,49,4,90,26,0,26,116
01/25/2022,ROA,VA,AEA,EN,Combined TRACON& Tower with Radar,16,19,16,2,53,0,0,20,0,20,16,19,36,2,73,18,0,18,91
01/26/2022,ROA,VA,AEA,EN,Combined TRACON& Tower with Radar,18,26,13,0,57,0,0,38,0,38,18,26,51,0,95,44,0,44,139
01/27/2022,ROA,VA,AEA,EN,Combined TRACON& Tower with Radar,18,27,25,19,89,0,0,31,1,32,18,27,56,20,121,88,8,96,217
01/28/2022,ROA,VA,AEA,EN,Combined TRACON& Tower with Radar,14,19,17,2,52,0,0,17,1,18,14,19,34,3,70,0,0,0,70
01/29/2022,ROA,VA,AEA,EN,Combined TRACON& Tower with Radar,10,23,6,2,41,0,0,7,1,8,10,23,13,3,49,0,0,0,49
01/30/2022,ROA,VA,AEA,EN,Combined TRACON& Tower with Radar,14,20,9,0,43,0,0,18,0,18,14,20,27,0,61,4,0,4,65
01/31/2022,ROA,VA,AEA,EN,Combined TRACON& Tower with Radar,16,19,20,5,60,0,2,23,0,25,16,21,43,5,85,78,0,78,163
02/01/2022,ROA,VA,AEA,EN,Combined TRACON& Tower with Radar,15,19,21,0,55,0,0,23,1,24,15,19,44,1,79,146,0,146,225
02/02/2022,ROA,VA,AEA,EN,Combined TRACON& Tower with Radar,12,29,26,0,67,0,0,31,1,32,12,29,57,1,99,62,0,62,161
02/03/2022,ROA,VA,AEA,EN,Combined TRACON& Tower with Radar,18,25,11,3,57,0,0,0,0,0,18,25,11,3,57,0,0,0,57
02/04/2022,ROA,VA,AEA,EN,Combined TRACON& Tower with Radar,13,27,7,0,47,0,0,2,0,2,13,27,9,0,49,0,0,0,49
02/05/2022,ROA,VA,AEA,EN,Combined TRACON& Tower with Radar,9,28,14,0,51,0,2,21,0,23,9,30,35,0,74,18,0,18,92
02/06/2022,ROA,VA,AEA,EN,Combined TRACON& Tower with Radar,13,25,15,0,53,0,0,30,1,31,13,25,45,1,84,42,0,42,126
02/07/2022,ROA,VA,AEA,EN,Combined TRACON& Tower with Radar,14,26,12,0,52,0,0,9,0,9,14,26,21,0,61,10,0,10,71
02/08/2022,ROA,VA,AEA,EN,Combined TRACON& Tower with Radar,12,25,27,6,70,0,2,19,2,23,12,27,46,8,93,0,0,0,93
02/09/2022,ROA,VA,AEA,EN,Combined TRACON& Tower with Radar,12,33,20,4,69,0,0,60,2,62,12,33,80,6,131,54,0,54,185
02/10/2022,ROA,VA,AEA,EN,Combined TRACON& Tower with Radar,13,29,22,6,70,0,0,33,2,35,13,29,55,8,105,26,0,26,131
02/11/2022,ROA,VA,AEA,EN,Combined TRACON& Tower with Radar,12,39,19,4,74,0,0,30,3,33,12,39,49,7,107,16,24,40,147
02/12/2022,ROA,VA,AEA,EN,Combined TRACON& Tower with Radar,9,32,19,0,60,0,0,33,1,34,9,32,52,1,94,28,0,28,122
02/13/2022,ROA,VA,AEA,EN,Combined TRACON& Tower with Radar,7,28,9,0,44,0,0,4,1,5,7,28,13,1,49,16,0,16,65
02/14/2022,ROA,VA,AEA,EN,Combined TRACON& Tower with Radar,8,32,9,0,49,0,0,13,0,13,8,32,22,0,62,8,0,8,70
02/15/2022,ROA,VA,AEA,EN,Combined TRACON& Tower with Radar,8,29,22,10,69,0,1,46,4,51,8,30,68,14,120,72,14,86,206
02/16/2022,ROA,VA,AEA,EN,Combined TRACON& Tower with Radar,8,39,14,0,61,0,1,32,0,33,8,40,46,0,94,154,0,154,248
02/17/2022,ROA,VA,AEA,EN,Combined TRACON& Tower with Radar,11,32,11,0,54,0,0,6,1,7,11,32,17,1,61,0,0,0,61
02/18/2022,ROA,VA,AEA,EN,Combined TRACON& Tower with Radar,12,33,13,0,58,0,1,19,0,20,12,34,32,0,78,52,0,52,130
02/19/2022,ROA,VA,AEA,EN,Combined TRACON& Tower with Radar,5,27,11,0,43,0,1,9,2,12,5,28,20,2,55,0,0,0,55
02/20/2022,ROA,VA,AEA,EN,Combined TRACON& Tower with Radar,6,29,9,0,44,0,0,45,1,46,6,29,54,1,90,12,0,12,102
02/21/2022,ROA,VA,AEA,EN,Combined TRACON& Tower with Radar,8,30,28,0,66,0,0,58,1,59,8,30,86,1,125,26,0,26,151
02/22/2022,ROA,VA,AEA,EN,Combined TRACON& Tower with Radar,9,31,15,0,55,0,0,1,0,1,9,31,16,0,56,42,0,42,98
02/23/2022,ROA,VA,AEA,EN,Combined TRACON& Tower with Radar,10,38,23,0,71,0,0,28,2,30,10,38,51,2,101,20,0,20,121
02/24/2022,ROA,VA,AEA,EN,Combined TRACON& Tower with Radar,14,30,15,0,59,0,0,0,1,1,14,30,15,1,60,0,0,0,60
02/25/2022,ROA,VA,AEA,EN,Combined TRACON& Tower with Radar,18,32,20,0,70,0,0,7,0,7,18,32,27,0,77,0,0,0,77
02/26/2022,ROA,VA,AEA,EN,Combined TRACON& Tower with Radar,9,36,14,0,59,0,3,62,0,65,9,39,76,0,124,40,0,40,164
02/27/2022,ROA,VA,AEA,EN,Combined TRACON& Tower with Radar,8,31,14,0,53,0,0,22,1,23,8,31,36,1,76,12,0,12,88
02/28/2022,ROA,VA,AEA,EN,Combined TRACON& Tower with Radar,12,28,11,2,53,0,0,44,0,44,12,28,55,2,97,102,2,104,201
03/01/2022,ROA,VA,AEA,EN,Combined TRACON& Tower with Radar,9,37,24,2,72,0,0,40,2,42,9,37,64,4,114,36,0,36,150
03/02/2022,ROA,VA,AEA,EN,Combined TRACON& Tower with Radar,9,39,19,0,67,0,2,36,0,38,9,41,55,0,105,20,0,20,125
03/03/2022,ROA,VA,AEA,EN,Combined TRACON& Tower with Radar,10,38,19,0,67,0,1,19,2,22,10,39,38,2,89,28,0,28,117
03/04/2022,ROA,VA,AEA,EN,Combined TRACON& Tower with Radar,11,34,28,1,74,0,0,41,2,43,11,34,69,3,117,124,0,124,241
03/05/2022,ROA,VA,AEA,EN,Combined TRACON& Tower with Radar,5,37,16,1,59,0,0,50,1,51,5,37,66,2,110,32,0,32,142
03/06/2022,ROA,VA,AEA,EN,Combined TRACON& Tower with Radar,6,34,17,0,57,0,0,16,1,17,6,34,33,1,74,22,0,22,96
03/07/2022,ROA,VA,AEA,EN,Combined TRACON& Tower with Radar,12,27,9,0,48,0,0,6,1,7,12,27,15,1,55,2,0,2,57
03/08/2022,ROA,VA,AEA,EN,Combined TRACON& Tower with Radar,9,26,9,0,44,0,1,36,0,37,9,27,45,0,81,96,0,96,177
03/09/2022,ROA,VA,AEA,EN,Combined TRACON& Tower with Radar,17,31,16,3,67,0,0,0,0,0,17,31,16,3,67,14,0,14,81
03/10/2022,ROA,VA,AEA,EN,Combined TRACON& Tower with Radar,12,26,11,0,49,0,0,13,0,13,12,26,24,0,62,48,0,48,110
03/11/2022,ROA,VA,AEA,EN,Combined TRACON& Tower with Radar,12,31,14,0,57,0,0,29,0,29,12,31,43,0,86,74,0,74,160
03/12/2022,ROA,VA,AEA,EN,Combined TRACON& Tower with Radar,5,30,9,0,44,0,0,0,0,0,5,30,9,0,44,0,0,0,44
03/13/2022,ROA,VA,AEA,EN,Combined TRACON& Tower with Radar,14,25,11,0,50,0,0,24,0,24,14,25,35,0,74,8,0,8,82
03/14/2022,ROA,VA,AEA,EN,Combined TRACON& Tower with Radar,15,22,32,0,69,0,0,35,1,36,15,22,67,1,105,108,0,108,213
03/15/2022,ROA,VA,AEA,EN,Combined TRACON& Tower with Radar,11,24,25,2,62,0,0,44,1,45,11,24,69,3,107,142,0,142,249
03/16/2022,ROA,VA,AEA,EN,Combined TRACON& Tower with Radar,16,32,31,3,82,0,0,33,1,34,16,32,64,4,116,82,10,92,208
03/17/2022,ROA,VA,AEA,EN,Combined TRACON& Tower with Radar,16,24,37,0,77,0,0,26,0,26,16,24,63,0,103,70,0,70,173
03/18/2022,ROA,VA,AEA,EN,Combined TRACON& Tower with Radar,12,37,18,0,67,0,1,20,1,22,12,38,38,1,89,20,0,20,109
03/19/2022,ROA,VA,AEA,EN,Combined TRACON& Tower with Radar,17,30,6,0,53,0,0,16,1,17,17,30,22,1,70,0,0,0,70
03/20/2022,ROA,VA,AEA,EN,Combined TRACON& Tower with Radar,11,26,16,0,53,0,0,7,1,8,11,26,23,1,61,0,0,0,61
03/21/2022,ROA,VA,AEA,EN,Combined TRACON& Tower with Radar,13,26,33,2,74,0,3,78,2,83,13,29,111,4,157,22,2,24,181
03/22/2022,ROA,VA,AEA,EN,Combined TRACON& Tower with Radar,10,28,21,0,59,0,0,32,0,32,10,28,53,0,91,184,0,184,275
03/23/2022,ROA,VA,AEA,EN,Combined TRACON& Tower with Radar,11,28,25,0,64,0,0,0,0,0,11,28,25,0,64,0,0,0,64
03/24/2022,ROA,VA,AEA,EN,Combined TRACON& Tower with Radar,15,35,38,2,90,0,0,34,1,35,15,35,72,3,125,36,0,36,161
03/25/2022,ROA,VA,AEA,EN,Combined TRACON& Tower with Radar,16,34,16,2,68,0,0,37,2,39,16,34,53,4,107,58,0,58,165
03/26/2022,ROA,VA,AEA,EN,Combined TRACON& Tower with Radar,9,32,4,0,45,0,0,0,0,0,9,32,4,0,45,0,0,0,45
03/27/2022,ROA,VA,AEA,EN,Combined TRACON& Tower with Radar,10,29,11,0,50,0,0,10,1,11,10,29,21,1,61,0,0,0,61
03/28/2022,ROA,VA,AEA,EN,Combined TRACON& Tower with Radar,11,27,17,0,55,0,0,12,1,13,11,27,29,1,68,0,0,0,68
03/29/2022,ROA,VA,AEA,EN,Combined TRACON& Tower with Radar,11,25,21,0,57,0,1,60,0,61,11,26,81,0,118,146,0,146,264
03/30/2022,ROA,VA,AEA,EN,Combined TRACON& Tower with Radar,10,29,18,20,77,0,0,42,4,46,10,29,60,24,123,124,14,138,261
03/31/2022,ROA,VA,AEA,EN,Combined TRACON& Tower with Radar,11,28,5,0,44,0,0,0,0,0,11,28,5,0,44,0,0,0,44
04/01/2022,ROA,VA,AEA,EN,Combined TRACON& Tower with Radar,13,31,18,0,62,0,0,15,1,16,13,31,33,1,78,16,0,16,94
04/02/2022,ROA,VA,AEA,EN,Combined TRACON& Tower with Radar,10,30,16,0,56,0,4,52,2,58,10,34,68,2,114,50,0,50,164
04/03/2022,ROA,VA,AEA,EN,Combined TRACON& Tower with Radar,8,30,11,2,51,0,7,16,0,23,8,37,27,2,74,44,0,44,118
04/04/2022,ROA,VA,AEA,EN,Combined TRACON& Tower with Radar,9,32,26,0,67,0,1,32,1,34,9,33,58,1,101,108,0,108,209
04/05/2022,ROA,VA,AEA,EN,Combined TRACON& Tower with Radar,10,23,13,19,65,0,0,24,0,24,10,23,37,19,89,90,8,98,187
04/06/2022,ROA,VA,AEA,EN,Combined TRACON& Tower with Radar,8,26,20,1,55,0,3,35,0,38,8,29,55,1,93,44,0,44,137
04/07/2022,ROA,VA,AEA,EN,Combined TRACON& Tower with Radar,12,28,23,0,63,0,0,6,0,6,12,28,29,0,69,34,0,34,103
04/08/2022,ROA,VA,AEA,EN,Combined TRACON& Tower with Radar,13,24,19,0,56,0,1,27,0,28,13,25,46,0,84,66,0,66,150
04/09/2022,ROA,VA,AEA,EN,Combined TRACON& Tower with Radar,9,23,5,0,37,0,1,19,0,20,9,24,24,0,57,0,0,0,57
04/10/2022,ROA,VA,AEA,EN,Combined TRACON& Tower with Radar,6,26,18,0,50,0,0,18,0,18,6,26,36,0,68,8,0,8,76
04/11/2022,ROA,VA,AEA,EN,Combined TRACON& Tower with Radar,10,24,25,18,77,0,0,45,0,45,10,24,70,18,122,114,0,114,236
04/12/2022,ROA,VA,AEA,EN,Combined TRACON& Tower with Radar,9,23,25,1,58,0,0,43,0,43,9,23,68,1,101,72,0,72,173
04/13/2022,ROA,VA,AEA,EN,Combined TRACON& Tower with Radar,13,20,20,1,54,0,1,26,2,29,13,21,46,3,83,0,0,0,83
04/14/2022,ROA,VA,AEA,EN,Combined TRACON& Tower with Radar,10,26,25,7,68,0,0,11,0,11,10,26,36,7,79,24,0,24,103
04/15/2022,ROA,VA,AEA,EN,Combined TRACON& Tower with Radar,14,31,15,1,61,0,1,47,3,51,14,32,62,4,112,128,0,128,240
04/16/2022,ROA,VA,AEA,EN,Combined TRACON& Tower with Radar,12,28,4,0,44,0,1,15,0,16,12,29,19,0,60,14,0,14,74
04/17/2022,ROA,VA,AEA,EN,Combined TRACON& Tower with Radar,6,22,6,0,34,0,5,29,0,34,6,27,35,0,68,0,0,0,68
04/18/2022,ROA,VA,AEA,EN,Combined TRACON& Tower with Radar,10,27,16,0,53,0,0,0,0,0,10,27,16,0,53,0,0,0,53
04/19/2022,ROA,VA,AEA,EN,Combined TRACON& Tower with Radar,12,31,24,2,69,0,0,9,2,11,12,31,33,4,80,4,0,4,84
04/20/2022,ROA,VA,AEA,EN,Combined TRACON& Tower with Radar,12,31,35,3,81,0,0,32,0,32,12,31,67,3,113,26,2,28,141
04/21/2022,ROA,VA,AEA,EN,Combined TRACON& Tower with Radar,14,29,17,10,70,0,0,27,0,27,14,29,44,10,97,104,8,112,209
04/22/2022,ROA,VA,AEA,EN,Combined TRACON& Tower with Radar,12,28,25,9,74,0,1,47,3,51,12,29,72,12,125,54,0,54,179
04/23/2022,ROA,VA,AEA,EN,Combined TRACON& Tower with Radar,8,25,16,0,49,0,0,33,1,34,8,25,49,1,83,54,0,54,137
04/24/2022,ROA,VA,AEA,EN,Combined TRACON& Tower with Radar,10,23,24,1,58,0,0,43,2,45,10,23,67,3,103,64,0,64,167
04/25/2022,ROA,VA,AEA,EN,Combined TRACON& Tower with Radar,10,25,27,0,62,0,0,35,1,36,10,25,62,1,98,16,0,16,114
04/26/2022,ROA,VA,AEA,EN,Combined TRACON& Tower with Radar,10,22,13,0,45,0,0,9,1,10,10,22,22,1,55,20,0,20,75
04/27/2022,ROA,VA,AEA,EN,Combined TRACON& Tower with Radar,10,28,23,2,63,0,1,16,2,19,10,29,39,4,82,0,0,0,82
04/28/2022,ROA,VA,AEA,EN,Combined TRACON& Tower with Radar,16,29,25,0,70,0,2,47,0,49,16,31,72,0,119,58,0,58,177
04/29/2022,ROA,VA,AEA,EN,Combined TRACON& Tower with Radar,13,30,23,4,70,0,0,31,2,33,13,30,54,6,103,106,0,106,209
04/30/2022,ROA,VA,AEA,EN,Combined TRACON& Tower with Radar,7,31,20,0,58,0,1,10,0,11,7,32,30,0,69,24,0,24,93
05/01/2022,ROA,VA,AEA,EN,Combined TRACON& Tower with Radar,10,30,19,0,59,0,0,7,0,7,10,30,26,0,66,0,0,0,66
05/02/2022,ROA,VA,AEA,EN,Combined TRACON& Tower with Radar,12,26,15,1,54,0,0,42,2,44,12,26,57,3,98,6,0,6,104
05/03/2022,ROA,VA,AEA,EN,Combined TRACON& Tower with Radar,11,25,18,0,54,0,0,46,1,47,11,25,64,1,101,58,0,58,159
05/04/2022,ROA,VA,AEA,EN,Combined TRACON& Tower with Radar,11,30,25,2,68,0,0,44,1,45,11,30,69,3,113,50,0,50,163
05/05/2022,ROA,VA,AEA,EN,Combined TRACON& Tower with Radar,15,27,16,0,58,0,1,33,2,36,15,28,49,2,94,104,0,104,198
05/06/2022,ROA,VA,AEA,EN,Combined TRACON& Tower with Radar,13,33,9,0,55,0,0,0,0,0,13,33,9,0,55,0,0,0,55
05/07/2022,ROA,VA,AEA,EN,Combined TRACON& Tower with Radar,9,25,12,0,46,0,0,0,0,0,9,25,12,0,46,0,0,0,46
05/08/2022,ROA,VA,AEA,EN,Combined TRACON& Tower with Radar,10,30,12,0,52,0,0,9,0,9,10,30,21,0,61,12,0,12,73
05/09/2022,ROA,VA,AEA,EN,Combined TRACON& Tower with Radar,9,31,8,7,55,0,0,34,0,34,9,31,42,7,89,62,0,62,151
05/10/2022,ROA,VA,AEA,EN,Combined TRACON& Tower with Radar,12,22,16,0,50,0,0,26,2,28,12,22,42,2,78,102,0,102,180
05/11/2022,ROA,VA,AEA,EN,Combined TRACON& Tower with Radar,10,29,26,8,73,0,0,37,1,38,10,29,63,9,111,130,0,130,241
05/12/2022,ROA,VA,AEA,EN,Combined TRACON& Tower with Radar,14,32,23,0,69,0,0,24,0,24,14,32,47,0,93,10,0,10,103
05/13/2022,ROA,VA,AEA,EN,Combined TRACON& Tower with Radar,11,31,28,0,70,0,0,2,0,2,11,31,30,0,72,22,0,22,94
05/14/2022,ROA,VA,AEA,EN,Combined TRACON& Tower with Radar,9,25,14,0,48,0,0,7,0,7,9,25,21,0,55,22,0,22,77
05/15/2022,ROA,VA,AEA,EN,Combined TRACON& Tower with Radar,9,34,36,0,79,0,0,39,0,39,9,34,75,0,118,38,0,38,156
05/16/2022,ROA,VA,AEA,EN,Combined TRACON& Tower with Radar,8,26,18,3,55,0,0,24,0,24,8,26,42,3,79,30,0,30,109
05/17/2022,ROA,VA,AEA,EN,Combined TRACON& Tower with Radar,11,21,18,1,51,0,0,49,6,55,11,21,67,7,106,98,0,98,204
05/18/2022,ROA,VA,AEA,EN,Combined TRACON& Tower with Radar,10,24,20,0,54,0,0,42,1,43,10,24,62,1,97,80,0,80,177
05/19/2022,ROA,VA,AEA,EN,Combined TRACON& Tower with Radar,13,38,34,6,91,0,0,22,1,23,13,38,56,7,114,48,6,54,168
05/20/2022,ROA,VA,AEA,EN,Combined TRACON& Tower with Radar,13,35,20,4,72,0,0,49,2,51,13,35,69,6,123,42,10,52,175
05/21/2022,ROA,VA,AEA,EN,Combined TRACON& Tower with Radar,8,29,14,1,52,0,0,34,0,34,8,29,48,1,86,62,0,62,148
05/22/2022,ROA,VA,AEA,EN,Combined TRACON& Tower with Radar,9,28,14,0,51,0,0,14,0,14,9,28,28,0,65,0,0,0,65
05/23/2022,ROA,VA,AEA,EN,Combined TRACON& Tower with Radar,10,25,10,0,45,0,0,5,0,5,10,25,15,0,50,0,0,0,50
05/24/2022,ROA,VA,AEA,EN,Combined TRACON& Tower with Radar,11,26,36,0,73,0,0,4,0,4,11,26,40,0,77,0,0,0,77
05/25/2022,ROA,VA,AEA,EN,Combined TRACON& Tower with Radar,11,23,20,0,54,0,0,4,0,4,11,23,24,0,58,62,0,62,120
05/26/2022,ROA,VA,AEA,EN,Combined TRACON& Tower with Radar,15,31,21,0,67,0,0,0,0,0,15,31,21,0,67,0,0,0,67
05/27/2022,ROA,VA,AEA,EN,Combined TRACON& Tower with Radar,13,30,27,0,70,0,0,17,0,17,13,30,44,0,87,48,0,48,135
05/28/2022,ROA,VA,AEA,EN,Combined TRACON& Tower with Radar,7,23,11,0,41,0,2,37,4,43,7,25,48,4,84,52,0,52,136
05/29/2022,ROA,VA,AEA,EN,Combined TRACON& Tower with Radar,8,27,8,0,43,0,0,29,1,30,8,27,37,1,73,0,0,0,73
05/30/2022,ROA,VA,AEA,EN,Combined TRACON& Tower with Radar,11,24,22,0,57,0,0,31,0,31,11,24,53,0,88,26,0,26,114
05/31/2022,ROA,VA,AEA,EN,Combined TRACON& Tower with Radar,8,21,24,4,57,6,0,55,0,61,14,21,79,4,118,68,6,74,192
06/01/2022,ROA,VA,AEA,EN,Combined TRACON& Tower with Radar,11,22,17,0,50,0,0,56,1,57,11,22,73,1,107,88,0,88,195
06/02/2022,ROA,VA,AEA,EN,Combined TRACON& Tower with Radar,13,31,22,0,66,0,0,27,1,28,13,31,49,1,94,56,0,56,150
06/03/2022,ROA,VA,AEA,EN,Combined TRACON& Tower with Radar,16,29,21,2,68,0,0,43,5,48,16,29,64,7,116,152,0,152,268
06/04/2022,ROA,VA,AEA,EN,Combined TRACON& Tower with Radar,7,24,17,0,48,0,1,44,2,47,7,25,61,2,95,16,0,16,111
06/05/2022,ROA,VA,AEA,EN,Combined TRACON& Tower with Radar,12,25,26,0,63,0,0,33,4,37,12,25,59,4,100,18,0,18,118
06/06/2022,ROA,VA,AEA,EN,Combined TRACON& Tower with Radar,14,25,9,0,48,0,1,25,0,26,14,26,34,0,74,64,0,64,138
06/07/2022,ROA,VA,AEA,EN,Combined TRACON& Tower with Radar,15,24,15,2,56,0,0,21,0,21,15,24,36,2,77,114,2,116,193
06/08/2022,ROA,VA,AEA,EN,Combined TRACON& Tower with Radar,15,29,19,0,63,0,0,16,0,16,15,29,35,0,79,6,0,6,85
06/09/2022,ROA,VA,AEA,EN,Combined TRACON& Tower with Radar,19,26,13,2,60,0,1,21,1,23,19,27,34,3,83,0,0,0,83
06/10/2022,ROA,VA,AEA,EN,Combined TRACON& Tower with Radar,17,25,21,0,63,0,0,33,0,33,17,25,54,0,96,60,0,60,156
06/11/2022,ROA,VA,AEA,EN,Combined TRACON& Tower with Radar,12,27,10,0,49,0,0,25,0,25,12,27,35,0,74,10,0,10,84
06/12/2022,ROA,VA,AEA,EN,Combined TRACON& Tower with Radar,17,21,17,0,55,0,2,22,0,24,17,23,39,0,79,28,0,28,107
06/13/2022,ROA,VA,AEA,EN,Combined TRACON& Tower with Radar,14,27,25,2,68,0,0,29,3,32,14,27,54,5,100,38,0,38,138
06/14/2022,ROA,VA,AEA,EN,Combined TRACON& Tower with Radar,14,23,26,4,67,0,0,18,1,19,14,23,44,5,86,98,0,98,184
06/15/2022,ROA,VA,AEA,EN,Combined TRACON& Tower with Radar,14,26,25,0,65,0,0,30,0,30,14,26,55,0,95,26,0,26,121
06/16/2022,ROA,VA,AEA,EN,Combined TRACON& Tower with Radar,17,25,34,0,76,0,0,24,0,24,17,25,58,0,100,108,0,108,208
06/17/2022,ROA,VA,AEA,EN,Combined TRACON& Tower with Radar,16,29,19,0,64,0,0,27,0,27,16,29,46,0,91,38,0,38,129
06/18/2022,ROA,VA,AEA,EN,Combined TRACON& Tower with Radar,9,28,9,0,46,0,0,12,1,13,9,28,21,1,59,0,0,0,59
06/19/2022,ROA,VA,AEA,EN,Combined TRACON& Tower with Radar,14,24,12,0,50,0,1,38,1,40,14,25,50,1,90,30,0,30,120
06/20/2022,ROA,VA,AEA,EN,Combined TRACON& Tower with Radar,15,24,14,2,55,0,1,68,1,70,15,25,82,3,125,102,0,102,227
06/21/2022,ROA,VA,AEA,EN,Combined TRACON& Tower with Radar,13,25,26,7,71,0,1,46,1,48,13,26,72,8,119,26,6,32,151
06/22/2022,ROA,VA,AEA,EN,Combined TRACON& Tower with Radar,16,25,31,0,72,0,2,23,0,25,16,27,54,0,97,26,0,26,123
06/23/2022,ROA,VA,AEA,EN,Combined TRACON& Tower with Radar,18,26,25,0,69,0,1,44,0,45,18,27,69,0,114,58,0,58,172
06/24/2022,ROA,VA,AEA,EN,Combined TRACON& Tower with Radar,17,24,30,0,71,0,1,31,0,32,17,25,61,0,103,88,0,88,191
06/25/2022,ROA,VA,AEA,EN,Combined TRACON& Tower with Radar,15,35,3,0,53,0,0,30,2,32,15,35,33,2,85,0,0,0,85
06/26/2022,ROA,VA,AEA,EN,Combined TRACON& Tower with Radar,16,26,13,0,55,0,0,14,0,14,16,26,27,0,69,16,0,16,85
06/27/2022,ROA,VA,AEA,EN,Combined TRACON& Tower with Radar,14,25,18,0,57,0,0,10,0,10,14,25,28,0,67,64,0,64,131
06/28/2022,ROA,VA,AEA,EN,Combined TRACON& Tower with Radar,14,24,19,0,57,0,0,43,1,44,14,24,62,1,101,54,0,54,155
06/29/2022,ROA,VA,AEA,EN,Combined TRACON& Tower with Radar,14,32,15,2,63,0,0,31,3,34,14,32,46,5,97,48,0,48,145
06/30/2022,ROA,VA,AEA,EN,Combined TRACON& Tower with Radar,18,29,25,0,72,0,1,31,0,32,18,30,56,0,104,68,0,68,172
07/01/2022,ROA,VA,AEA,EN,Combined TRACON& Tower with Radar,19,24,18,0,61,0,0,38,0,38,19,24,56,0,99,34,0,34,133
07/02/2022,ROA,VA,AEA,EN,Combined TRACON& Tower with Radar,13,27,16,0,56,0,0,12,0,12,13,27,28,0,68,14,0,14,82
07/03/2022,ROA,VA,AEA,EN,Combined TRACON& Tower with Radar,12,21,12,0,45,0,0,14,1,15,12,21,26,1,60,6,0,6,66
07/04/2022,ROA,VA,AEA,EN,Combined TRACON& Tower with Radar,10,28,5,0,43,0,0,7,1,8,10,28,12,1,51,46,0,46,97
07/05/2022,ROA,VA,AEA,EN,Combined TRACON& Tower with Radar,15,25,11,0,51,0,0,33,1,34,15,25,44,1,85,82,0,82,167
07/06/2022,ROA,VA,AEA,EN,Combined TRACON& Tower with Radar,11,30,21,0,62,0,0,25,0,25,11,30,46,0,87,70,4,74,161
07/07/2022,ROA,VA,AEA,EN,Combined TRACON& Tower with Radar,16,27,23,3,69,0,0,26,0,26,16,27,49,3,95,44,0,44,139
07/08/2022,ROA,VA,AEA,EN,Combined TRACON& Tower with Radar,15,25,19,0,59,0,0,18,0,18,15,25,37,0,77,64,0,64,141
07/09/2022,ROA,VA,AEA,EN,Combined TRACON& Tower with Radar,13,30,13,0,56,0,1,11,0,12,13,31,24,0,68,22,0,22,90
07/10/2022,ROA,VA,AEA,EN,Combined TRACON& Tower with Radar,14,26,26,0,66,0,0,5,0,5,14,26,31,0,71,0,0,0,71
07/11/2022,ROA,VA,AEA,EN,Combined TRACON& Tower with Radar,13,26,38,2,79,0,1,23,0,24,13,27,61,2,103,68,0,68,171
07/12/2022,ROA,VA,AEA,EN,Combined TRACON& Tower with Radar,13,25,29,7,74,0,2,35,0,37,13,27,64,7,111,36,8,44,155
07/13/2022,ROA,VA,AEA,EN,Combined TRACON& Tower with Radar,12,28,27,0,67,0,0,38,5,43,12,28,65,5,110,156,0,156,266
07/14/2022,ROA,VA,AEA,EN,Combined TRACON& Tower with Radar,16,36,26,6,84,0,0,42,0,42,16,36,68,6,126,60,0,60,186
07/15/2022,ROA,VA,AEA,EN,Combined TRACON& Tower with Radar,17,29,23,0,69,0,3,49,0,52,17,32,72,0,121,52,0,52,173
07/16/2022,ROA,VA,AEA,EN,Combined TRACON& Tower with Radar,12,29,25,0,66,0,1,35,0,36,12,30,60,0,102,0,0,0,102
07/17/2022,ROA,VA,AEA,EN,Combined TRACON& Tower with Radar,10,31,11,1,53,0,0,34,1,35,10,31,45,2,88,22,8,30,118
07/18/2022,ROA,VA,AEA,EN,Combined TRACON& Tower with Radar,13,27,23,0,63,0,0,27,0,27,13,27,50,0,90,20,0,20,110
07/19/2022,ROA,VA,AEA,EN,Combined TRACON& Tower with Radar,14,32,31,0,77,0,0,18,0,18,14,32,49,0,95,29,0,29,124
07/20/2022,ROA,VA,AEA,EN,Combined TRACON& Tower with Radar,12,28,26,2,68,0,0,30,2,32,12,28,56,4,100,48,0,48,148
07/21/2022,ROA,VA,AEA,EN,Combined TRACON& Tower with Radar,16,33,34,0,83,0,0,32,0,32,16,33,66,0,115,70,0,70,185
07/22/2022,ROA,VA,AEA,EN,Combined TRACON& Tower with Radar,15,38,21,10,84,0,0,32,1,33,15,38,53,11,117,76,0,76,193
07/23/2022,ROA,VA,AEA,EN,Combined TRACON& Tower with Radar,10,29,19,0,58,0,0,41,1,42,10,29,60,1,100,30,0,30,130
07/24/2022,ROA,VA,AEA,EN,Combined TRACON& Tower with Radar,12,25,9,0,46,0,0,35,0,35,12,25,44,0,81,82,0,82,163
07/25/2022,ROA,VA,AEA,EN,Combined TRACON& Tower with Radar,9,28,19,1,57,0,0,23,1,24,9,28,42,2,81,62,0,62,143
07/26/2022,ROA,VA,AEA,EN,Combined TRACON& Tower with Radar,13,28,16,0,57,0,0,22,0,22,13,28,38,0,79,14,0,14,93
07/27/2022,ROA,VA,AEA,EN,Combined TRACON& Tower with Radar,12,32,22,0,66,0,0,14,0,14,12,32,36,0,80,66,0,66,146
07/28/2022,ROA,VA,AEA,EN,Combined TRACON& Tower with Radar,16,33,30,2,81,0,0,50,0,50,16,33,80,2,131,60,0,60,191
07/29/2022,ROA,VA,AEA,EN,Combined TRACON& Tower with Radar,15,35,16,3,69,0,0,27,0,27,15,35,43,3,96,20,0,20,116
07/30/2022,ROA,VA,AEA,EN,Combined TRACON& Tower with Radar,11,31,10,0,52,0,0,42,0,42,11,31,52,0,94,56,0,56,150
07/31/2022,ROA,VA,AEA,EN,Combined TRACON& Tower with Radar,15,32,25,0,72,0,0,5,0,5,15,32,30,0,77,22,0,22,99
08/01/2022,ROA,VA,AEA,EN,Combined TRACON& Tower with Radar,9,27,24,0,60,0,0,27,0,27,9,27,51,0,87,154,0,154,241
08/02/2022,ROA,VA,AEA,EN,Combined TRACON& Tower with Radar,12,29,22,1,64,0,0,32,10,42,12,29,54,11,106,64,18,82,188
08/03/2022,ROA,VA,AEA,EN,Combined TRACON& Tower with Radar,11,28,31,2,72,0,0,35,4,39,11,28,66,6,111,18,0,18,129
08/04/2022,ROA,VA,AEA,EN,Combined TRACON& Tower with Radar,14,33,31,2,80,0,0,49,3,52,14,33,80,5,132,28,0,28,160
08/05/2022,ROA,VA,AEA,EN,Combined TRACON& Tower with Radar,14,37,11,0,62,0,0,40,1,41,14,37,51,1,103,37,0,37,140
08/06/2022,ROA,VA,AEA,EN,Combined TRACON& Tower with Radar,5,33,16,1,55,0,0,13,0,13,5,33,29,1,68,0,0,0,68
08/07/2022,ROA,VA,AEA,EN,Combined TRACON& Tower with Radar,8,27,16,0,51,0,0,24,0,24,8,27,40,0,75,52,0,52,127
08/08/2022,ROA,VA,AEA,EN,Combined TRACON& Tower with Radar,11,29,10,0,50,0,1,34,0,35,11,30,44,0,85,28,0,28,113
08/09/2022,ROA,VA,AEA,EN,Combined TRACON& Tower with Radar,9,35,20,9,73,0,0,28,1,29,9,35,48,10,102,86,0,86,188
08/10/2022,ROA,VA,AEA,EN,Combined TRACON& Tower with Radar,11,30,22,0,63,0,0,21,0,21,11,30,43,0,84,48,0,48,132
08/11/2022,ROA,VA,AEA,EN,Combined TRACON& Tower with Radar,16,32,30,0,78,0,0,28,1,29,16,32,58,1,107,115,0,115,222
08/12/2022,ROA,VA,AEA,EN,Combined TRACON& Tower with Radar,13,28,30,0,71,0,1,55,1,57,13,29,85,1,128,38,0,38,166
08/13/2022,ROA,VA,AEA,EN,Combined TRACON& Tower with Radar,5,32,21,0,58,0,0,61,0,61,5,32,82,0,119,0,0,0,119
08/14/2022,ROA,VA,AEA,EN,Combined TRACON& Tower with Radar,10,27,15,0,52,0,0,21,2,23,10,27,36,2,75,58,0,58,133
08/15/2022,ROA,VA,AEA,EN,Combined TRACON& Tower with Radar,9,28,14,0,51,0,0,0,0,0,9,28,14,0,51,0,0,0,51
08/16/2022,ROA,VA,AEA,EN,Combined TRACON& Tower with Radar,10,28,23,4,65,0,0,5,0,5,10,28,28,4,70,0,0,0,70
08/17/2022,ROA,VA,AEA,EN,Combined TRACON& Tower with Radar,10,30,32,0,72,0,0,33,1,34,10,30,65,1,106,114,0,114,220
08/18/2022,ROA,VA,AEA,EN,Combined TRACON& Tower with Radar,11,31,10,0,52,0,1,50,0,51,11,32,60,0,103,130,0,130,233
08/19/2022,ROA,VA,AEA,EN,Combined TRACON& Tower with Radar,13,35,12,0,60,0,0,23,3,26,13,35,35,3,86,23,0,23,109
08/20/2022,ROA,VA,AEA,EN,Combined TRACON& Tower with Radar,7,31,19,0,57,0,0,27,1,28,7,31,46,1,85,24,0,24,109
08/21/2022,ROA,VA,AEA,EN,Combined TRACON& Tower with Radar,6,30,6,0,42,0,0,1,0,1,6,30,7,0,43,0,0,0,43
08/22/2022,ROA,VA,AEA,EN,Combined TRACON& Tower with Radar,9,33,15,2,59,0,0,22,3,25,9,33,37,5,84,45,0,45,129
08/23/2022,ROA,VA,AEA,EN,Combined TRACON& Tower with Radar,9,27,12,0,48,0,0,40,1,41,9,27,52,1,89,78,0,78,167
08/24/2022,ROA,VA,AEA,EN,Combined TRACON& Tower with Radar,13,32,16,0,61,0,0,41,4,45,13,32,57,4,106,84,0,84,190
08/25/2022,ROA,VA,AEA,EN,Combined TRACON& Tower with Radar,10,31,13,2,56,0,0,34,0,34,10,31,47,2,90,5,0,5,95
08/26/2022,ROA,VA,AEA,EN,Combined TRACON& Tower with Radar,12,33,27,2,74,0,0,36,0,36,12,33,63,2,110,52,0,52,162
08/27/2022,ROA,VA,AEA,EN,Combined TRACON& Tower with Radar,6,35,15,0,56,0,0,44,0,44,6,35,59,0,100,30,0,30,130
08/28/2022,ROA,VA,AEA,EN,Combined TRACON& Tower with Radar,5,26,12,0,43,0,0,28,0,28,5,26,40,0,71,18,0,18,89
08/29/2022,ROA,VA,AEA,EN,Combined TRACON& Tower with Radar,10,26,24,0,60,0,1,34,2,37,10,27,58,2,97,50,0,50,147
08/30/2022,ROA,VA,AEA,EN,Combined TRACON& Tower with Radar,10,33,28,4,75,0,0,23,1,24,10,33,51,5,99,34,0,34,133
08/31/2022,ROA,VA,AEA,EN,Combined TRACON& Tower with Radar,10,34,23,0,67,0,1,73,6,80,10,35,96,6,147,110,0,110,257
09/01/2022,ROA,VA,AEA,EN,Combined TRACON& Tower with Radar,12,30,25,0,67,0,1,49,16,66,12,31,74,16,133,70,0,70,203
09/02/2022,ROA,VA,AEA,EN,Combined TRACON& Tower with Radar,12,30,43,0,85,0,0,56,1,57,12,30,99,1,142,106,0,106,248
09/03/2022,ROA,VA,AEA,EN,Combined TRACON& Tower with Radar,8,34,15,0,57,0,1,71,3,75,8,35,86,3,132,32,0,32,164
09/04/2022,ROA,VA,AEA,EN,Combined TRACON& Tower with Radar,7,21,9,0,37,0,1,6,0,7,7,22,15,0,44,24,0,24,68
09/05/2022,ROA,VA,AEA,EN,Combined TRACON& Tower with Radar,8,32,26,0,66,0,0,0,0,0,8,32,26,0,66,18,0,18,84
09/06/2022,ROA,VA,AEA,EN,Combined TRACON& Tower with Radar,14,29,17,3,63,0,0,36,0,36,14,29,53,3,99,100,0,100,199
09/07/2022,ROA,VA,AEA,EN,Combined TRACON& Tower with Radar,17,27,26,0,70,0,0,39,0,39,17,27,65,0,109,78,0,78,187
09/08/2022,ROA,VA,AEA,EN,Combined TRACON& Tower with Radar,17,40,39,3,99,0,0,28,0,28,17,40,67,3,127,0,0,0,127
09/09/2022,ROA,VA,AEA,EN,Combined TRACON& Tower with Radar,19,35,60,1,115,0,3,34,3,40,19,38,94,4,155,93,0,93,248
09/10/2022,ROA,VA,AEA,EN,Combined TRACON& Tower with Radar,12,28,11,0,51,0,0,0,0,0,12,28,11,0,51,18,0,18,69
09/11/2022,ROA,VA,AEA,EN,Combined TRACON& Tower with Radar,12,28,16,1,57,0,0,0,0,0,12,28,16,1,57,16,0,16,73
09/12/2022,ROA,VA,AEA,EN,Combined TRACON& Tower with Radar,17,29,17,0,63,0,7,18,0,25,17,36,35,0,88,0,0,0,88
09/13/2022,ROA,VA,AEA,EN,Combined TRACON& Tower with Radar,14,31,28,2,75,0,0,52,0,52,14,31,80,2,127,76,0,76,203
09/14/2022,ROA,VA,AEA,EN,Combined TRACON& Tower with Radar,16,23,29,9,77,0,0,60,12,72,16,23,89,21,149,100,14,114,263
09/15/2022,ROA,VA,AEA,EN,Combined TRACON& Tower with Radar,16,33,32,0,81,0,1,51,2,54,16,34,83,2,135,70,0,70,205
09/16/2022,ROA,VA,AEA,EN,Combined TRACON& Tower with Radar,19,37,29,4,89,0,0,43,0,43,19,37,72,4,132,44,0,44,176
09/17/2022,ROA,VA,AEA,EN,Combined TRACON& Tower with Radar,8,32,27,0,67,0,0,35,0,35,8,32,62,0,102,22,0,22,124
09/18/2022,ROA,VA,AEA,EN,Combined TRACON& Tower with Radar,11,30,22,0,63,0,2,43,0,45,11,32,65,0,108,20,0,20,128
09/19/2022,ROA,VA,AEA,EN,Combined TRACON& Tower with Radar,16,34,27,0,77,0,0,44,0,44,16,34,71,0,121,44,0,44,165
09/20/2022,ROA,VA,AEA,EN,Combined TRACON& Tower with Radar,14,36,23,0,73,0,1,47,4,52,14,37,70,4,125,38,0,38,163
09/21/2022,ROA,VA,AEA,EN,Combined TRACON& Tower with Radar,20,27,25,0,72,0,1,56,0,57,20,28,81,0,129,84,0,84,213
09/22/2022,ROA,VA,AEA,EN,Combined TRACON& Tower with Radar,19,29,25,0,73,0,2,16,0,18,19,31,41,0,91,19,0,19,110
09/23/2022,ROA,VA,AEA,EN,Combined TRACON& Tower with Radar,22,28,31,0,81,0,0,47,0,47,22,28,78,0,128,50,0,50,178
09/24/2022,ROA,VA,AEA,EN,Combined TRACON& Tower with Radar,11,22,21,0,54,0,1,40,0,41,11,23,61,0,95,54,0,54,149
09/25/2022,ROA,VA,AEA,EN,Combined TRACON& Tower with Radar,9,26,17,0,52,0,0,25,0,25,9,26,42,0,77,32,0,32,109
09/26/2022,ROA,VA,AEA,EN,Combined TRACON& Tower with Radar,16,36,20,0,72,0,0,54,1,55,16,36,74,1,127,48,0,48,175
09/27/2022,ROA,VA,AEA,EN,Combined TRACON& Tower with Radar,19,21,19,1,60,0,0,35,1,36,19,21,54,2,96,24,0,24,120
09/28/2022,ROA,VA,AEA,EN,Combined TRACON& Tower with Radar,16,31,19,0,66,0,0,45,0,45,16,31,64,0,111,72,0,72,183
09/29/2022,ROA,VA,AEA,EN,Combined TRACON& Tower with Radar,16,36,18,0,70,0,0,29,3,32,16,36,47,3,102,30,0,30,132
09/30/2022,ROA,VA,AEA,EN,Combined TRACON& Tower with Radar,18,35,16,0,69,0,0,10,0,10,18,35,26,0,79,8,0,8,87
10/01/2022,ROA,VA,AEA,EN,Combined TRACON& Tower with Radar,11,34,4,0,49,0,0,0,0,0,11,34,4,0,49,0,0,0,49
10/02/2022,ROA,VA,AEA,EN,Combined TRACON& Tower with Radar,8,37,18,0,63,0,0,0,0,0,8,37,18,0,63,40,0,40,103
10/03/2022,ROA,VA,AEA,EN,Combined TRACON& Tower with Radar,12,34,18,0,64,0,3,30,0,33,12,37,48,0,97,72,0,72,169
10/04/2022,ROA,VA,AEA,EN,Combined TRACON& Tower with Radar,14,31,22,3,70,0,1,48,1,50,14,32,70,4,120,74,0,74,194
10/05/2022,ROA,VA,AEA,EN,Combined TRACON& Tower with Radar,13,34,20,0,67,0,0,51,3,54,13,34,71,3,121,93,0,93,214
10/06/2022,ROA,VA,AEA,EN,Combined TRACON& Tower with Radar,17,33,29,2,81,0,0,44,10,54,17,33,73,12,135,63,16,79,214
10/07/2022,ROA,VA,AEA,EN,Combined TRACON& Tower with Radar,17,49,22,0,88,0,0,52,1,53,17,49,74,1,141,60,0,60,201
10/08/2022,ROA,VA,AEA,EN,Combined TRACON& Tower with Radar,11,32,13,0,56,0,0,56,0,56,11,32,69,0,112,74,0,74,186
10/09/2022,ROA,VA,AEA,EN,Combined TRACON& Tower with Radar,8,36,10,0,54,0,5,49,1,55,8,41,59,1,109,40,0,40,149
10/10/2022,ROA,VA,AEA,EN,Combined TRACON& Tower with Radar,12,31,22,0,65,0,0,51,0,51,12,31,73,0,116,54,0,54,170
10/11/2022,ROA,VA,AEA,EN,Combined TRACON& Tower with Radar,16,26,19,0,61,0,2,41,2,45,16,28,60,2,106,74,0,74,180
10/12/2022,ROA,VA,AEA,EN,Combined TRACON& Tower with Radar,15,30,31,1,77,0,0,37,1,38,15,30,68,2,115,32,0,32,147
10/13/2022,ROA,VA,AEA,EN,Combined TRACON& Tower with Radar,17,32,27,10,86,0,0,10,0,10,17,32,37,10,96,46,20,66,162
10/14/2022,ROA,VA,AEA,EN,Combined TRACON& Tower with Radar,17,33,26,2,78,0,0,43,1,44,17,33,69,3,122,18,0,18,140
10/15/2022,ROA,VA,AEA,EN,Combined TRACON& Tower with Radar,11,31,14,2,58,0,0,24,4,28,11,31,38,6,86,66,0,66,152
10/16/2022,ROA,VA,AEA,EN,Combined TRACON& Tower with Radar,8,38,30,0,76,0,0,33,0,33,8,38,63,0,109,48,0,48,157
10/17/2022,ROA,VA,AEA,EN,Combined TRACON& Tower with Radar,11,33,10,0,54,0,0,20,0,20,11,33,30,0,74,56,0,56,130
10/18/2022,ROA,VA,AEA,EN,Combined TRACON& Tower with Radar,12,25,23,4,64,0,0,21,3,24,12,25,44,7,88,64,0,64,152
10/19/2022,ROA,VA,AEA,EN,Combined TRACON& Tower with Radar,15,31,28,3,77,0,0,18,0,18,15,31,46,3,95,82,0,82,177
10/20/2022,ROA,VA,AEA,EN,Combined TRACON& Tower with Radar,15,35,23,1,74,0,2,59,17,78,15,37,82,18,152,80,0,80,232
10/21/2022,ROA,VA,AEA,EN,Combined TRACON& Tower with Radar,17,37,22,4,80,0,0,40,0,40,17,37,62,4,120,38,0,38,158
10/22/2022,ROA,VA,AEA,EN,Combined TRACON& Tower with Radar,9,43,13,0,65,0,0,32,0,32,9,43,45,0,97,34,0,34,131
10/23/2022,ROA,VA,AEA,EN,Combined TRACON& Tower with Radar,8,38,14,0,60,0,0,46,0,46,8,38,60,0,106,58,0,58,164
10/24/2022,ROA,VA,AEA,EN,Combined TRACON& Tower with Radar,14,32,16,0,62,0,1,21,0,22,14,33,37,0,84,40,0,40,124
10/25/2022,ROA,VA,AEA,EN,Combined TRACON& Tower with Radar,10,26,27,2,65,0,0,44,0,44,10,26,71,2,109,78,0,78,187
10/26/2022,ROA,VA,AEA,EN,Combined TRACON& Tower with Radar,15,28,38,10,91,0,0,7,0,7,15,28,45,10,98,28,0,28,126
10/27/2022,ROA,VA,AEA,EN,Combined TRACON& Tower with Radar,15,36,35,8,94,0,0,46,3,49,15,36,81,11,143,116,0,116,259
10/28/2022,ROA,VA,AEA,EN,Combined TRACON& Tower with Radar,15,39,21,0,75,0,3,44,1,48,15,42,65,1,123,22,0,22,145
10/29/2022,ROA,VA,AEA,EN,Combined TRACON& Tower with Radar,10,32,20,0,62,0,0,21,0,21,10,32,41,0,83,142,0,142,225
10/30/2022,ROA,VA,AEA,EN,Combined TRACON& Tower with Radar,12,29,18,0,59,0,0,21,1,22,12,29,39,1,81,108,0,108,189
10/31/2022,ROA,VA,AEA,EN,Combined TRACON& Tower with Radar,18,20,17,2,57,0,1,0,0,1,18,21,17,2,58,0,0,0,58
11/01/2022,ROA,VA,AEA,EN,Combined TRACON& Tower with Radar,14,28,28,4,74,0,0,29,2,31,14,28,57,6,105,88,12,100,205
11/02/2022,ROA,VA,AEA,EN,Combined TRACON& Tower with Radar,16,33,23,2,74,0,0,31,3,34,16,33,54,5,108,68,0,68,176
11/03/2022,ROA,VA,AEA,EN,Combined TRACON& Tower with Radar,16,32,20,0,68,0,0,29,4,33,16,32,49,4,101,44,0,44,145
11/04/2022,ROA,VA,AEA,EN,Combined TRACON& Tower with Radar,16,34,25,0,75,0,1,18,1,20,16,35,43,1,95,14,0,14,109
11/05/2022,ROA,VA,AEA,EN,Combined TRACON& Tower with Radar,7,27,12,1,47,0,0,1,1,2,7,27,13,2,49,0,0,0,49
11/06/2022,ROA,VA,AEA,EN,Combined TRACON& Tower with Radar,9,28,17,1,55,0,0,3,0,3,9,28,20,1,58,0,0,0,58
11/07/2022,ROA,VA,AEA,EN,Combined TRACON& Tower with Radar,14,28,26,4,72,0,0,42,3,45,14,28,68,7,117,220,0,220,337
11/08/2022,ROA,VA,AEA,EN,Combined TRACON& Tower with Radar,17,32,13,0,62,0,0,40,1,41,17,32,53,1,103,128,0,128,231
11/09/2022,ROA,VA,AEA,EN,Combined TRACON& Tower with Radar,18,27,21,2,68,20,1,39,0,60,38,28,60,2,128,108,0,108,236
11/10/2022,ROA,VA,AEA,EN,Combined TRACON& Tower with Radar,18,31,31,7,87,0,0,15,3,18,18,31,46,10,105,112,0,112,217
11/11/2022,ROA,VA,AEA,EN,Combined TRACON& Tower with Radar,20,28,8,0,56,0,0,0,0,0,20,28,8,0,56,0,0,0,56
11/12/2022,ROA,VA,AEA,EN,Combined TRACON& Tower with Radar,12,27,11,0,50,0,0,46,0,46,12,27,57,0,96,24,0,24,120
11/13/2022,ROA,VA,AEA,EN,Combined TRACON& Tower with Radar,13,24,14,0,51,0,0,30,0,30,13,24,44,0,81,66,0,66,147
11/14/2022,ROA,VA,AEA,EN,Combined TRACON& Tower with Radar,16,34,29,2,81,0,0,59,2,61,16,34,88,4,142,68,0,68,210
11/15/2022,ROA,VA,AEA,EN,Combined TRACON& Tower with Radar,21,31,11,0,63,0,0,0,0,0,21,31,11,0,63,0,0,0,63
11/16/2022,ROA,VA,AEA,EN,Combined TRACON& Tower with Radar,18,33,24,2,77,0,0,19,0,19,18,33,43,2,96,40,0,40,136
11/17/2022,ROA,VA,AEA,EN,Combined TRACON& Tower with Radar,16,31,12,4,63,0,4,17,2,23,16,35,29,6,86,74,0,74,160
11/18/2022,ROA,VA,AEA,EN,Combined TRACON& Tower with Radar,21,32,31,5,89,0,0,31,4,35,21,32,62,9,124,88,0,88,212
11/19/2022,ROA,VA,AEA,EN,Combined TRACON& Tower with Radar,12,29,18,0,59,0,0,36,0,36,12,29,54,0,95,32,0,32,127
11/20/2022,ROA,VA,AEA,EN,Combined TRACON& Tower with Radar,15,26,13,0,54,0,2,13,1,16,15,28,26,1,70,0,0,0,70
11/21/2022,ROA,VA,AEA,EN,Combined TRACON& Tower with Radar,18,27,21,4,70,0,1,40,0,41,18,28,61,4,111,60,0,60,171
11/22/2022,ROA,VA,AEA,EN,Combined TRACON& Tower with Radar,20,36,31,0,87,0,0,41,2,43,20,36,72,2,130,66,0,66,196
11/23/2022,ROA,VA,AEA,EN,Combined TRACON& Tower with Radar,19,29,21,1,70,0,2,46,5,53,19,31,67,6,123,82,0,82,205
11/24/2022,ROA,VA,AEA,EN,Combined TRACON& Tower with Radar,8,16,8,0,32,0,1,11,1,13,8,17,19,1,45,0,0,0,45
11/25/2022,ROA,VA,AEA,EN,Combined TRACON& Tower with Radar,13,23,16,0,52,0,1,12,0,13,13,24,28,0,65,24,0,24,89
11/26/2022,ROA,VA,AEA,EN,Combined TRACON& Tower with Radar,12,33,17,0,62,0,2,23,0,25,12,35,40,0,87,28,0,28,115
11/27/2022,ROA,VA,AEA,EN,Combined TRACON& Tower with Radar,19,30,26,0,75,0,0,7,0,7,19,30,33,0,82,40,0,40,122
11/28/2022,ROA,VA,AEA,EN,Combined TRACON& Tower with Radar,21,27,23,0,71,0,2,16,2,20,21,29,39,2,91,0,0,0,91
11/29/2022,ROA,VA,AEA,EN,Combined TRACON& Tower with Radar,18,32,22,16,88,0,0,57,0,57,18,32,79,16,145,156,12,168,313
11/30/2022,ROA,VA,AEA,EN,Combined TRACON& Tower with Radar,18,25,17,4,64,0,0,7,0,7,18,25,24,4,71,6,0,6,77
12/01/2022,ROA,VA,AEA,EN,Combined TRACON& Tower with Radar,20,25,26,0,71,0,1,35,0,36,20,26,61,0,107,97,0,97,204
12/02/2022,ROA,VA,AEA,EN,Combined TRACON& Tower with Radar,22,25,18,0,65,0,0,47,1,48,22,25,65,1,113,162,0,162,275
12/03/2022,ROA,VA,AEA,EN,Combined TRACON& Tower with Radar,13,29,16,0,58,0,0,14,2,16,13,29,30,2,74,12,0,12,86
12/04/2022,ROA,VA,AEA,EN,Combined TRACON& Tower with Radar,16,21,21,0,58,0,0,48,2,50,16,21,69,2,108,42,0,42,150
12/05/2022,ROA,VA,AEA,EN,Combined TRACON& Tower with Radar,20,30,21,2,73,0,1,26,1,28,20,31,47,3,101,110,0,110,211
12/06/2022,ROA,VA,AEA,EN,Combined TRACON& Tower with Radar,30,26,12,0,68,0,0,0,0,0,30,26,12,0,68,0,0,0,68
12/07/2022,ROA,VA,AEA,EN,Combined TRACON& Tower with Radar,22,34,18,0,74,0,0,6,0,6,22,34,24,0,80,34,0,34,114
12/08/2022,ROA,VA,AEA,EN,Combined TRACON& Tower with Radar,27,29,27,6,89,0,0,7,0,7,27,29,34,6,96,0,0,0,96
12/09/2022,ROA,VA,AEA,EN,Combined TRACON& Tower with Radar,21,22,21,0,64,0,0,0,0,0,21,22,21,0,64,0,0,0,64
12/10/2022,ROA,VA,AEA,EN,Combined TRACON& Tower with Radar,13,27,9,0,49,0,0,3,0,3,13,27,12,0,52,16,0,16,68
12/11/2022,ROA,VA,AEA,EN,Combined TRACON& Tower with Radar,18,20,16,1,55,0,0,22,0,22,18,20,38,1,77,142,0,142,219
12/12/2022,ROA,VA,AEA,EN,Combined TRACON& Tower with Radar,18,22,25,10,75,0,3,42,0,45,18,25,67,10,120,100,8,108,228
12/13/2022,ROA,VA,AEA,EN,Combined TRACON& Tower with Radar,20,25,16,9,70,0,2,36,2,40,20,27,52,11,110,134,0,134,244
12/14/2022,ROA,VA,AEA,EN,Combined TRACON& Tower with Radar,20,21,18,2,61,0,0,20,0,20,20,21,38,2,81,50,0,50,131
12/15/2022,ROA,VA,AEA,EN,Combined TRACON& Tower with Radar,19,21,12,0,52,0,0,0,0,0,19,21,12,0,52,0,0,0,52
12/16/2022,ROA,VA,AEA,EN,Combined TRACON& Tower with Radar,18,32,20,6,76,0,1,35,1,37,18,33,55,7,113,110,0,110,223
12/17/2022,ROA,VA,AEA,EN,Combined TRACON& Tower with Radar,15,21,7,0,43,0,1,24,2,27,15,22,31,2,70,38,0,38,108
12/18/2022,ROA,VA,AEA,EN,Combined TRACON& Tower with Radar,12,24,10,0,46,0,0,16,0,16,12,24,26,0,62,4,0,4,66
12/19/2022,ROA,VA,AEA,EN,Combined TRACON& Tower with Radar,14,34,18,7,73,0,1,34,1,36,14,35,52,8,109,68,0,68,177
12/20/2022,ROA,VA,AEA,EN,Combined TRACON& Tower with Radar,19,24,22,4,69,0,3,28,0,31,19,27,50,4,100,42,0,42,142
12/21/2022,ROA,VA,AEA,EN,Combined TRACON& Tower with Radar,18,26,36,4,84,0,1,40,0,41,18,27,76,4,125,12,0,12,137
12/22/2022,ROA,VA,AEA,EN,Combined TRACON& Tower with Radar,18,29,12,0,59,0,0,0,0,0,18,29,12,0,59,0,0,0,59
12/23/2022,ROA,VA,AEA,EN,Combined TRACON& Tower with Radar,13,25,5,0,43,0,0,0,0,0,13,25,5,0,43,0,0,0,43
12/24/2022,ROA,VA,AEA,EN,Combined TRACON& Tower with Radar,11,21,1,0,33,0,0,0,1,1,11,21,1,1,34,0,0,0,34
12/25/2022,ROA,VA,AEA,EN,Combined TRACON& Tower with Radar,4,18,2,0,24,0,0,2,1,3,4,18,4,1,27,0,0,0,27
12/26/2022,ROA,VA,AEA,EN,Combined TRACON& Tower with Radar,10,24,26,0,60,0,0,15,0,15,10,24,41,0,75,24,0,24,99
12/27/2022,ROA,VA,AEA,EN,Combined TRACON& Tower with Radar,14,24,20,0,58,0,2,24,0,26,14,26,44,0,84,44,0,44,128
12/28/2022,ROA,VA,AEA,EN,Combined TRACON& Tower with Radar,17,24,18,0,59,0,0,33,2,35,17,24,51,2,94,6,0,6,100
12/29/2022,ROA,VA,AEA,EN,Combined TRACON& Tower with Radar,15,29,8,33,85,0,4,50,2,56,15,33,58,35,141,20,42,62,203
12/30/2022,ROA,VA,AEA,EN,Combined TRACON& Tower with Radar,15,29,15,0,59,0,0,36,0,36,15,29,51,0,95,13,0,13,108
12/31/2022,ROA,VA,AEA,EN,Combined TRACON& Tower with Radar,7,18,4,0,29,0,1,4,0,5,7,19,8,0,34,10,0,10,44
01/01/2023,ROA,VA,AEA,EN,Combined TRACON& Tower with Radar,5,22,15,0,42,0,2,31,0,33,5,24,46,0,75,34,0,34,109
01/02/2023,ROA,VA,AEA,EN,Combined TRACON& Tower with Radar,9,24,21,1,55,0,0,47,0,47,9,24,68,1,102,32,0,32,134
01/03/2023,ROA,VA,AEA,EN,Combined TRACON& Tower with Radar,14,23,17,0,54,0,0,11,0,11,14,23,28,0,65,4,0,4,69
01/04/2023,ROA,VA,AEA,EN,Combined TRACON& Tower with Radar,15,27,7,0,49,0,0,12,0,12,15,27,19,0,61,22,0,22,83
01/05/2023,ROA,VA,AEA,EN,Combined TRACON& Tower with Radar,18,24,20,9,71,0,0,43,0,43,18,24,63,9,114,56,0,56,170
01/06/2023,ROA,VA,AEA,EN,Combined TRACON& Tower with Radar,18,24,18,2,62,0,1,27,0,28,18,25,45,2,90,44,0,44,134
01/07/2023,ROA,VA,AEA,EN,Combined TRACON& Tower with Radar,14,21,19,4,58,0,0,33,0,33,14,21,52,4,91,0,0,0,91
01/08/2023,ROA,VA,AEA,EN,Combined TRACON& Tower with Radar,14,21,7,0,42,0,0,2,0,2,14,21,9,0,44,0,0,0,44
01/09/2023,ROA,VA,AEA,EN,Combined TRACON& Tower with Radar,16,21,17,2,56,0,0,28,4,32,16,21,45,6,88,10,0,10,98
01/10/2023,ROA,VA,AEA,EN,Combined TRACON& Tower with Radar,14,24,22,4,64,0,0,37,1,38,14,24,59,5,102,16,0,16,118
01/11/2023,ROA,VA,AEA,EN,Combined TRACON& Tower with Radar,17,30,19,0,66,0,2,27,1,30,17,32,46,1,96,68,0,68,164
01/12/2023,ROA,VA,AEA,EN,Combined TRACON& Tower with Radar,18,31,9,0,58,0,1,9,1,11,18,32,18,1,69,90,0,90,159
01/13/2023,ROA,VA,AEA,EN,Combined TRACON& Tower with Radar,16,29,16,0,61,0,0,17,1,18,16,29,33,1,79,18,0,18,97
01/14/2023,ROA,VA,AEA,EN,Combined TRACON& Tower with Radar,10,28,7,0,45,0,0,14,1,15,10,28,21,1,60,0,0,0,60
01/15/2023,ROA,VA,AEA,EN,Combined TRACON& Tower with Radar,10,29,12,0,51,0,0,50,1,51,10,29,62,1,102,44,0,44,146
01/16/2023,ROA,VA,AEA,EN,Combined TRACON& Tower with Radar,14,25,16,0,55,0,1,52,1,54,14,26,68,1,109,112,0,112,221
01/17/2023,ROA,VA,AEA,EN,Combined TRACON& Tower with Radar,14,22,13,0,49,0,0,15,0,15,14,22,28,0,64,30,0,30,94
01/18/2023,ROA,VA,AEA,EN,Combined TRACON& Tower with Radar,15,28,19,0,62,0,2,18,1,21,15,30,37,1,83,52,0,52,135
01/19/2023,ROA,VA,AEA,EN,Combined TRACON& Tower with Radar,14,18,23,0,55,0,0,0,0,0,14,18,23,0,55,0,0,0,55
01/20/2023,ROA,VA,AEA,EN,Combined TRACON& Tower with Radar,17,34,10,1,62,0,0,4,2,6,17,34,14,3,68,0,0,0,68
01/21/2023,ROA,VA,AEA,EN,Combined TRACON& Tower with Radar,12,22,4,1,39,0,1,60,0,61,12,23,64,1,100,62,0,62,162
01/22/2023,ROA,VA,AEA,EN,Combined TRACON& Tower with Radar,14,24,5,0,43,0,0,0,0,0,14,24,5,0,43,0,0,0,43
01/23/2023,ROA,VA,AEA,EN,Combined TRACON& Tower with Radar,16,28,12,0,56,0,0,2,0,2,16,28,14,0,58,0,0,0,58
01/24/2023,ROA,VA,AEA,EN,Combined TRACON& Tower with Radar,17,27,21,0,65,0,5,49,0,54,17,32,70,0,119,58,0,58,177
01/25/2023,ROA,VA,AEA,EN,Combined TRACON& Tower with Radar,13,31,8,0,52,0,0,3,0,3,13,31,11,0,55,0,0,0,55
01/26/2023,ROA,VA,AEA,EN,Combined TRACON& Tower with Radar,18,35,19,2,74,0,0,18,2,20,18,35,37,4,94,0,0,0,94
01/27/2023,ROA,VA,AEA,EN,Combined TRACON& Tower with Radar,19,36,20,0,75,0,0,30,5,35,19,36,50,5,110,26,0,26,136
01/28/2023,ROA,VA,AEA,EN,Combined TRACON& Tower with Radar,15,30,12,0,57,0,4,50,0,54,15,34,62,0,111,84,0,84,195
01/29/2023,ROA,VA,AEA,EN,Combined TRACON& Tower with Radar,11,27,7,0,45,0,0,3,0,3,11,27,10,0,48,8,0,8,56
01/30/2023,ROA,VA,AEA,EN,Combined TRACON& Tower with Radar,14,28,21,6,69,0,1,32,3,36,14,29,53,9,105,76,0,76,181
01/31/2023,ROA,VA,AEA,EN,Combined TRACON& Tower with Radar,14,29,12,0,55,0,0,6,0,6,14,29,18,0,61,60,0,60,121
02/01/2023,ROA,VA,AEA,EN,Combined TRACON& Tower with Radar,15,26,15,0,56,0,0,24,0,24,15,26,39,0,80,12,0,12,92
02/02/2023,ROA,VA,AEA,EN,Combined TRACON& Tower with Radar,20,30,9,0,59,0,1,11,0,12,20,31,20,0,71,14,0,14,85
02/03/2023,ROA,VA,AEA,EN,Combined TRACON& Tower with Radar,20,25,18,0,63,0,1,8,0,9,20,26,26,0,72,0,0,0,72
02/04/2023,ROA,VA,AEA,EN,Combined TRACON& Tower with Radar,14,19,8,0,41,0,5,47,1,53,14,24,55,1,94,70,0,70,164
02/05/2023,ROA,VA,AEA,EN,Combined TRACON& Tower with Radar,13,21,11,0,45,0,3,28,2,33,13,24,39,2,78,62,0,62,140
02/06/2023,ROA,VA,AEA,EN,Combined TRACON& Tower with Radar,19,21,18,5,63,0,1,32,1,34,19,22,50,6,97,100,0,100,197
02/07/2023,ROA,VA,AEA,EN,Combined TRACON& Tower with Radar,18,20,20,0,58,0,3,34,2,39,18,23,54,2,97,130,0,130,227
02/08/2023,ROA,VA,AEA,EN,Combined TRACON& Tower with Radar,17,27,24,3,71,0,0,47,3,50,17,27,71,6,121,18,0,18,139
02/09/2023,ROA,VA,AEA,EN,Combined TRACON& Tower with Radar,19,26,25,0,70,0,0,11,2,13,19,26,36,2,83,46,0,46,129
02/10/2023,ROA,VA,AEA,EN,Combined TRACON& Tower with Radar,20,26,26,0,72,0,5,25,2,32,20,31,51,2,104,0,0,0,104
02/11/2023,ROA,VA,AEA,EN,Combined TRACON& Tower with Radar,10,28,17,0,55,0,0,44,2,46,10,28,61,2,101,48,0,48,149
02/12/2023,ROA,VA,AEA,EN,Combined TRACON& Tower with Radar,12,25,2,0,39,0,0,0,0,0,12,25,2,0,39,0,0,0,39
02/13/2023,ROA,VA,AEA,EN,Combined TRACON& Tower with Radar,13,23,19,4,59,0,3,22,1,26,13,26,41,5,85,78,4,82,167
02/14/2023,ROA,VA,AEA,EN,Combined TRACON& Tower with Radar,17,24,14,10,65,0,2,33,0,35,17,26,47,10,100,58,10,68,168
02/15/2023,ROA,VA,AEA,EN,Combined TRACON& Tower with Radar,15,27,23,1,66,0,2,30,1,33,15,29,53,2,99,24,0,24,123
02/16/2023,ROA,VA,AEA,EN,Combined TRACON& Tower with Radar,20,25,17,0,62,0,1,24,0,25,20,26,41,0,87,64,0,64,151
02/17/2023,ROA,VA,AEA,EN,Combined TRACON& Tower with Radar,25,32,11,2,70,0,0,2,0,2,25,32,13,2,72,0,0,0,72
02/18/2023,ROA,VA,AEA,EN,Combined TRACON& Tower with Radar,13,24,14,0,51,0,1,43,0,44,13,25,57,0,95,51,0,51,146
02/19/2023,ROA,VA,AEA,EN,Combined TRACON& Tower with Radar,15,26,10,2,53,0,2,28,0,30,15,28,38,2,83,62,0,62,145
02/20/2023,ROA,VA,AEA,EN,Combined TRACON& Tower with Radar,17,28,20,0,65,0,2,16,0,18,17,30,36,0,83,16,0,16,99
02/21/2023,ROA,VA,AEA,EN,Combined TRACON& Tower with Radar,17,26,17,4,64,0,1,5,0,6,17,27,22,4,70,18,4,22,92
02/22/2023,ROA,VA,AEA,EN,Combined TRACON& Tower with Radar,14,27,18,1,60,0,0,46,1,47,14,27,64,2,107,94,0,94,201
02/23/2023,ROA,VA,AEA,EN,Combined TRACON& Tower with Radar,19,26,22,0,67,0,1,29,0,30,19,27,51,0,97,18,0,18,115
02/24/2023,ROA,VA,AEA,EN,Combined TRACON& Tower with Radar,19,26,14,5,64,0,0,33,0,33,19,26,47,5,97,28,0,28,125
02/25/2023,ROA,VA,AEA,EN,Combined TRACON& Tower with Radar,12,23,6,0,41,0,0,1,0,1,12,23,7,0,42,14,0,14,56
02/26/2023,ROA,VA,AEA,EN,Combined TRACON& Tower with Radar,15,25,25,0,65,0,1,42,0,43,15,26,67,0,108,44,0,44,152
02/27/2023,ROA,VA,AEA,EN,Combined TRACON& Tower with Radar,16,23,7,2,48,0,0,13,0,13,16,23,20,2,61,64,0,64,125
02/28/2023,ROA,VA,AEA,EN,Combined TRACON& Tower with Radar,13,23,15,0,51,0,0,25,1,26,13,23,40,1,77,38,0,38,115
03/01/2023,ROA,VA,AEA,EN,Combined TRACON& Tower with Radar,16,35,30,5,86,0,0,36,3,39,16,35,66,8,125,108,0,108,233
03/02/2023,ROA,VA,AEA,EN,Combined TRACON& Tower with Radar,20,31,17,4,72,0,0,28,0,28,20,31,45,4,100,6,0,6,106
03/03/2023,ROA,VA,AEA,EN,Combined TRACON& Tower with Radar,17,29,7,0,53,0,0,0,0,0,17,29,7,0,53,16,0,16,69
03/04/2023,ROA,VA,AEA,EN,Combined TRACON& Tower with Radar,9,27,6,0,42,0,0,10,1,11,9,27,16,1,53,18,0,18,71
03/05/2023,ROA,VA,AEA,EN,Combined TRACON& Tower with Radar,16,26,15,0,57,0,0,58,1,59,16,26,73,1,116,44,0,44,160
03/06/2023,ROA,VA,AEA,EN,Combined TRACON& Tower with Radar,15,28,19,1,63,0,4,28,4,36,15,32,47,5,99,54,10,64,163
03/07/2023,ROA,VA,AEA,EN,Combined TRACON& Tower with Radar,15,29,14,2,60,0,0,6,1,7,15,29,20,3,67,0,0,0,67
03/08/2023,ROA,VA,AEA,EN,Combined TRACON& Tower with Radar,16,34,15,2,67,0,0,39,0,39,16,34,54,2,106,0,0,0,106
03/09/2023,ROA,VA,AEA,EN,Combined TRACON& Tower with Radar,20,39,23,2,84,0,2,55,0,57,20,41,78,2,141,126,2,128,269
03/10/2023,ROA,VA,AEA,EN,Combined TRACON& Tower with Radar,17,32,5,3,57,0,0,4,0,4,17,32,9,3,61,0,0,0,61
03/11/2023,ROA,VA,AEA,EN,Combined TRACON& Tower with Radar,11,33,15,0,59,0,0,18,0,18,11,33,33,0,77,18,0,18,95
03/12/2023,ROA,VA,AEA,EN,Combined TRACON& Tower with Radar,15,25,7,0,47,0,0,0,0,0,15,25,7,0,47,0,0,0,47
03/13/2023,ROA,VA,AEA,EN,Combined TRACON& Tower with Radar,15,30,9,0,54,0,0,10,0,10,15,30,19,0,64,34,0,34,98
03/14/2023,ROA,VA,AEA,EN,Combined TRACON& Tower with Radar,14,33,15,0,62,0,0,3,1,4,14,33,18,1,66,0,0,0,66
03/15/2023,ROA,VA,AEA,EN,Combined TRACON& Tower with Radar,20,32,25,4,81,0,0,35,2,37,20,32,60,6,118,90,0,90,208
03/16/2023,ROA,VA,AEA,EN,Combined TRACON& Tower with Radar,21,35,21,0,77,0,0,68,2,70,21,35,89,2,147,66,0,66,213
03/17/2023,ROA,VA,AEA,EN,Combined TRACON& Tower with Radar,19,31,14,0,64,0,2,16,0,18,19,33,30,0,82,22,0,22,104
03/18/2023,ROA,VA,AEA,EN,Combined TRACON& Tower with Radar,13,32,8,0,53,0,2,33,0,35,13,34,41,0,88,0,0,0,88
03/19/2023,ROA,VA,AEA,EN,Combined TRACON& Tower with Radar,19,26,16,0,61,0,0,48,0,48,19,26,64,0,109,24,0,24,133
03/20/2023,ROA,VA,AEA,EN,Combined TRACON& Tower with Radar,16,28,23,2,69,0,0,59,0,59,16,28,82,2,128,64,4,68,196
03/21/2023,ROA,VA,AEA,EN,Combined TRACON& Tower with Radar,13,31,18,1,63,0,1,41,0,42,13,32,59,1,105,214,0,214,319
03/22/2023,ROA,VA,AEA,EN,Combined TRACON& Tower with Radar,19,38,19,2,78,0,0,22,1,23,19,38,41,3,101,88,0,88,189
03/23/2023,ROA,VA,AEA,EN,Combined TRACON& Tower with Radar,19,31,24,0,74,0,1,14,0,15,19,32,38,0,89,12,0,12,101
03/24/2023,ROA,VA,AEA,EN,Combined TRACON& Tower with Radar,19,34,21,0,74,0,2,27,0,29,19,36,48,0,103,76,0,76,179
03/25/2023,ROA,VA,AEA,EN,Combined TRACON& Tower with Radar,11,32,7,0,50,0,2,5,0,7,11,34,12,0,57,0,0,0,57
03/26/2023,ROA,VA,AEA,EN,Combined TRACON& Tower with Radar,17,33,16,0,66,0,1,56,1,58,17,34,72,1,124,0,0,0,124
03/27/2023,ROA,VA,AEA,EN,Combined TRACON& Tower with Radar,20,30,14,0,64,0,0,26,0,26,20,30,40,0,90,64,0,64,154
03/28/2023,ROA,VA,AEA,EN,Combined TRACON& Tower with Radar,19,28,26,0,73,0,2,25,0,27,19,30,51,0,100,84,0,84,184
03/29/2023,ROA,VA,AEA,EN,Combined TRACON& Tower with Radar,21,35,28,0,84,0,0,59,0,59,21,35,87,0,143,126,0,126,269
03/30/2023,ROA,VA,AEA,EN,Combined TRACON& Tower with Radar,25,39,16,0,80,0,0,72,6,78,25,39,88,6,158,56,0,56,214
03/31/2023,ROA,VA,AEA,EN,Combined TRACON& Tower with Radar,23,35,23,4,85,0,0,11,0,11,23,35,34,4,96,36,0,36,132
04/01/2023,ROA,VA,AEA,EN,Combined TRACON& Tower with Radar,12,25,5,0,42,0,0,0,1,1,12,25,5,1,43,0,0,0,43
04/02/2023,ROA,VA,AEA,EN,Combined TRACON& Tower with Radar,20,36,17,0,73,0,0,42,2,44,20,36,59,2,117,102,0,102,219
04/03/2023,ROA,VA,AEA,EN,Combined TRACON& Tower with Radar,20,29,10,1,60,0,3,36,1,40,20,32,46,2,100,40,0,40,140
04/04/2023,ROA,VA,AEA,EN,Combined TRACON& Tower with Radar,21,31,21,0,73,0,0,31,2,33,21,31,52,2,106,48,0,48,154
04/05/2023,ROA,VA,AEA,EN,Combined TRACON& Tower with Radar,16,26,9,2,53,0,0,34,4,38,16,26,43,6,91,68,0,68,159
04/06/2023,ROA,VA,AEA,EN,Combined TRACON& Tower with Radar,25,28,18,0,71,0,0,20,0,20,25,28,38,0,91,84,0,84,175
04/07/2023,ROA,VA,AEA,EN,Combined TRACON& Tower with Radar,23,27,18,2,70,0,0,2,0,2,23,27,20,2,72,14,0,14,86
04/08/2023,ROA,VA,AEA,EN,Combined TRACON& Tower with Radar,13,33,14,1,61,0,0,39,1,40,13,33,53,2,101,66,0,66,167
04/09/2023,ROA,VA,AEA,EN,Combined TRACON& Tower with Radar,19,22,6,0,47,0,2,21,0,23,19,24,27,0,70,94,0,94,164
04/10/2023,ROA,VA,AEA,EN,Combined TRACON& Tower with Radar,20,24,15,2,61,0,1,40,1,42,20,25,55,3,103,76,0,76,179
04/11/2023,ROA,VA,AEA,EN,Combined TRACON& Tower with Radar,23,25,12,0,60,0,0,42,4,46,23,25,54,4,106,200,0,200,306
04/12/2023,ROA,VA,AEA,EN,Combined TRACON& Tower with Radar,19,33,19,0,71,0,0,61,3,64,19,33,80,3,135,114,0,114,249
04/13/2023,ROA,VA,AEA,EN,Combined TRACON& Tower with Radar,26,24,21,2,73,0,0,36,0,36,26,24,57,2,109,58,0,58,167
04/14/2023,ROA,VA,AEA,EN,Combined TRACON& Tower with Radar,24,31,18,0,73,0,0,7,0,7,24,31,25,0,80,18,0,18,98
04/15/2023,ROA,VA,AEA,EN,Combined TRACON& Tower with Radar,15,35,17,0,67,0,1,36,1,38,15,36,53,1,105,16,0,16,121
04/16/2023,ROA,VA,AEA,EN,Combined TRACON& Tower with Radar,18,27,16,0,61,0,1,25,0,26,18,28,41,0,87,6,0,6,93
04/17/2023,ROA,VA,AEA,EN,Combined TRACON& Tower with Radar,21,27,9,2,59,0,1,8,5,14,21,28,17,7,73,0,8,8,81
04/18/2023,ROA,VA,AEA,EN,Combined TRACON& Tower with Radar,20,26,21,0,67,0,0,6,0,6,20,26,27,0,73,0,0,0,73
04/19/2023,ROA,VA,AEA,EN,Combined TRACON& Tower with Radar,25,33,41,6,105,0,0,54,1,55,25,33,95,7,160,50,0,50,210
04/20/2023,ROA,VA,AEA,EN,Combined TRACON& Tower with Radar,23,30,21,0,74,0,1,44,0,45,23,31,65,0,119,44,0,44,163
04/21/2023,ROA,VA,AEA,EN,Combined TRACON& Tower with Radar,23,28,15,0,66,0,0,50,2,52,23,28,65,2,118,70,0,70,188
04/22/2023,ROA,VA,AEA,EN,Combined TRACON& Tower with Radar,16,31,7,0,54,0,0,6,2,8,16,31,13,2,62,20,0,20,82
04/23/2023,ROA,VA,AEA,EN,Combined TRACON& Tower with Radar,21,24,22,0,67,0,0,38,2,40,21,24,60,2,107,14,0,14,121
04/24/2023,ROA,VA,AEA,EN,Combined TRACON& Tower with Radar,20,31,13,2,66,0,2,55,0,57,20,33,68,2,123,68,0,68,191
04/25/2023,ROA,VA,AEA,EN,Combined TRACON& Tower with Radar,22,31,26,0,79,0,0,41,0,41,22,31,67,0,120,80,0,80,200
04/26/2023,ROA,VA,AEA,EN,Combined TRACON& Tower with Radar,21,28,24,10,83,0,0,43,4,47,21,28,67,14,130,64,8,72,202
04/27/2023,ROA,VA,AEA,EN,Combined TRACON& Tower with Radar,24,31,14,6,75,0,0,25,1,26,24,31,39,7,101,32,0,32,133
04/28/2023,ROA,VA,AEA,EN,Combined TRACON& Tower with Radar,23,41,22,0,86,0,0,0,0,0,23,41,22,0,86,56,0,56,142
04/29/2023,ROA,VA,AEA,EN,Combined TRACON& Tower with Radar,13,35,14,0,62,0,0,36,1,37,13,35,50,1,99,80,0,80,179
04/30/2023,ROA,VA,AEA,EN,Combined TRACON& Tower with Radar,19,24,13,0,56,0,0,8,0,8,19,24,21,0,64,30,0,30,94
05/01/2023,ROA,VA,AEA,EN,Combined TRACON& Tower with Radar,21,30,10,4,65,0,0,2,0,2,21,30,12,4,67,0,0,0,67
05/02/2023,ROA,VA,AEA,EN,Combined TRACON& Tower with Radar,19,26,10,0,55,0,0,3,0,3,19,26,13,0,58,0,0,0,58
05/03/2023,ROA,VA,AEA,EN,Combined TRACON& Tower with Radar,25,29,11,0,65,0,0,10,1,11,25,29,21,1,76,10,0,10,86
05/04/2023,ROA,VA,AEA,EN,Combined TRACON& Tower with Radar,23,34,25,0,82,0,0,29,1,30,23,34,54,1,112,70,0,70,182
05/05/2023,ROA,VA,AEA,EN,Combined TRACON& Tower with Radar,24,24,19,0,67,0,3,57,0,60,24,27,76,0,127,112,0,112,239
05/06/2023,ROA,VA,AEA,EN,Combined TRACON& Tower with Radar,12,26,16,0,54,0,1,48,1,50,12,27,64,1,104,12,0,12,116
05/07/2023,ROA,VA,AEA,EN,Combined TRACON& Tower with Radar,18,26,13,0,57,0,0,30,0,30,18,26,43,0,87,54,0,54,141
05/08/2023,ROA,VA,AEA,EN,Combined TRACON& Tower with Radar,23,23,19,0,65,0,0,29,7,36,23,23,48,7,101,50,0,50,151
05/09/2023,ROA,VA,AEA,EN,Combined TRACON& Tower with Radar,22,18,12,0,52,0,2,12,0,14,22,20,24,0,66,118,0,118,184
05/10/2023,ROA,VA,AEA,EN,Combined TRACON& Tower with Radar,20,28,28,2,78,0,0,41,1,42,20,28,69,3,120,30,0,30,150
05/11/2023,ROA,VA,AEA,EN,Combined TRACON& Tower with Radar,23,32,14,2,71,0,3,40,0,43,23,35,54,2,114,20,0,20,134
05/12/2023,ROA,VA,AEA,EN,Combined TRACON& Tower with Radar,26,30,20,0,76,0,1,28,0,29,26,31,48,0,105,32,0,32,137
05/13/2023,ROA,VA,AEA,EN,Combined TRACON& Tower with Radar,15,22,13,0,50,0,2,20,0,22,15,24,33,0,72,52,0,52,124
05/14/2023,ROA,VA,AEA,EN,Combined TRACON& Tower with Radar,20,21,24,0,65,0,0,18,0,18,20,21,42,0,83,6,0,6,89
05/15/2023,ROA,VA,AEA,EN,Combined TRACON& Tower with Radar,20,23,24,0,67,0,0,3,1,4,20,23,27,1,71,0,0,0,71
05/16/2023,ROA,VA,AEA,EN,Combined TRACON& Tower with Radar,22,29,15,1,67,0,0,12,1,13,22,29,27,2,80,30,0,30,110
05/17/2023,ROA,VA,AEA,EN,Combined TRACON& Tower with Radar,19,26,22,4,71,0,0,51,7,58,19,26,73,11,129,6,24,30,159
05/18/2023,ROA,VA,AEA,EN,Combined TRACON& Tower with Radar,22,31,38,20,111,0,0,41,0,41,22,31,79,20,152,50,10,60,212
05/19/2023,ROA,VA,AEA,EN,Combined TRACON& Tower with Radar,24,22,23,0,69,0,0,37,2,39,24,22,60,2,108,42,0,42,150
05/20/2023,ROA,VA,AEA,EN,Combined TRACON& Tower with Radar,14,29,18,0,61,0,0,27,0,27,14,29,45,0,88,98,0,98,186
05/21/2023,ROA,VA,AEA,EN,Combined TRACON& Tower with Radar,17,22,18,1,58,0,0,69,2,71,17,22,87,3,129,20,0,20,149
05/22/2023,ROA,VA,AEA,EN,Combined TRACON& Tower with Radar,20,25,16,0,61,0,0,35,0,35,20,25,51,0,96,82,0,82,178
05/23/2023,ROA,VA,AEA,EN,Combined TRACON& Tower with Radar,22,24,25,2,73,0,0,38,2,40,22,24,63,4,113,32,0,32,145
05/24/2023,ROA,VA,AEA,EN,Combined TRACON& Tower with Radar,20,25,41,2,88,0,1,64,1,66,20,26,105,3,154,72,0,72,226
05/25/2023,ROA,VA,AEA,EN,Combined TRACON& Tower with Radar,26,27,38,6,97,0,0,36,0,36,26,27,74,6,133,36,8,44,177
05/26/2023,ROA,VA,AEA,EN,Combined TRACON& Tower with Radar,22,32,33,9,96,0,1,56,9,66,22,33,89,18,162,20,16,36,198
05/27/2023,ROA,VA,AEA,EN,Combined TRACON& Tower with Radar,14,26,5,0,45,0,0,28,2,30,14,26,33,2,75,0,0,0,75
05/28/2023,ROA,VA,AEA,EN,Combined TRACON& Tower with Radar,16,19,9,0,44,0,0,0,0,0,16,19,9,0,44,38,0,38,82
05/29/2023,ROA,VA,AEA,EN,Combined TRACON& Tower with Radar,16,25,11,0,52,0,0,0,0,0,16,25,11,0,52,0,0,0,52
05/30/2023,ROA,VA,AEA,EN,Combined TRACON& Tower with Radar,22,24,24,0,70,0,0,6,0,6,22,24,30,0,76,12,0,12,88
05/31/2023,ROA,VA,AEA,EN,Combined TRACON& Tower with Radar,20,25,40,3,88,0,1,37,3,41,20,26,77,6,129,94,2,96,225
06/01/2023,ROA,VA,AEA,EN,Combined TRACON& Tower with Radar,22,37,34,4,97,0,1,60,0,61,22,38,94,4,158,54,0,54,212
06/02/2023,ROA,VA,AEA,EN,Combined TRACON& Tower with Radar,23,28,21,0,72,0,0,47,0,47,23,28,68,0,119,54,0,54,173
06/03/2023,ROA,VA,AEA,EN,Combined TRACON& Tower with Radar,14,23,14,0,51,0,0,35,0,35,14,23,49,0,86,172,0,172,258
06/04/2023,ROA,VA,AEA,EN,Combined TRACON& Tower with Radar,18,26,18,4,66,0,0,6,1,7,18,26,24,5,73,38,0,38,111
06/05/2023,ROA,VA,AEA,EN,Combined TRACON& Tower with Radar,17,29,8,3,57,0,0,37,6,43,17,29,45,9,100,90,0,90,190
06/06/2023,ROA,VA,AEA,EN,Combined TRACON& Tower with Radar,16,29,24,6,75,0,1,26,2,29,16,30,50,8,104,124,0,124,228
06/07/2023,ROA,VA,AEA,EN,Combined TRACON& Tower with Radar,16,43,11,0,70,0,0,16,0,16,16,43,27,0,86,48,0,48,134
06/08/2023,ROA,VA,AEA,EN,Combined TRACON& Tower with Radar,18,39,22,4,83,0,0,48,3,51,18,39,70,7,134,44,0,44,178
06/09/2023,ROA,VA,AEA,EN,Combined TRACON& Tower with Radar,22,34,21,2,79,0,0,26,0,26,22,34,47,2,105,92,0,92,197
06/10/2023,ROA,VA,AEA,EN,Combined TRACON& Tower with Radar,13,26,8,2,49,0,0,48,3,51,13,26,56,5,100,34,0,34,134
06/11/2023,ROA,VA,AEA,EN,Combined TRACON& Tower with Radar,20,29,20,0,69,0,0,34,1,35,20,29,54,1,104,16,0,16,120
06/12/2023,ROA,VA,AEA,EN,Combined TRACON& Tower with Radar,17,37,13,0,67,0,0,12,0,12,17,37,25,0,79,26,0,26,105
06/13/2023,ROA,VA,AEA,EN,Combined TRACON& Tower with Radar,16,27,17,4,64,0,1,53,8,62,16,28,70,12,126,56,0,56,182
06/14/2023,ROA,VA,AEA,EN,Combined TRACON& Tower with Radar,18,31,19,0,68,0,0,32,4,36,18,31,51,4,104,52,0,52,156
06/15/2023,ROA,VA,AEA,EN,Combined TRACON& Tower with Radar,16,38,13,0,67,0,0,45,4,49,16,38,58,4,116,72,0,72,188
06/16/2023,ROA,VA,AEA,EN,Combined TRACON& Tower with Radar,22,33,28,0,83,0,0,30,2,32,22,33,58,2,115,12,0,12,127
06/17/2023,ROA,VA,AEA,EN,Combined TRACON& Tower with Radar,13,28,14,0,55,0,0,51,1,52,13,28,65,1,107,34,0,34,141
06/18/2023,ROA,VA,AEA,EN,Combined TRACON& Tower with Radar,18,31,15,0,64,0,0,35,0,35,18,31,50,0,99,60,0,60,159
06/19/2023,ROA,VA,AEA,EN,Combined TRACON& Tower with Radar,19,27,20,1,67,0,0,15,4,19,19,27,35,5,86,26,0,26,112
06/20/2023,ROA,VA,AEA,EN,Combined TRACON& Tower with Radar,18,24,15,0,57,0,0,0,0,0,18,24,15,0,57,52,0,52,109
06/21/2023,ROA,VA,AEA,EN,Combined TRACON& Tower with Radar,16,38,14,0,68,0,0,2,0,2,16,38,16,0,70,70,0,70,140
06/22/2023,ROA,VA,AEA,EN,Combined TRACON& Tower with Radar,21,31,23,0,75,0,0,0,0,0,21,31,23,0,75,0,0,0,75
06/23/2023,ROA,VA,AEA,EN,Combined TRACON& Tower with Radar,20,28,13,2,63,0,0,4,0,4,20,28,17,2,67,32,0,32,99
06/24/2023,ROA,VA,AEA,EN,Combined TRACON& Tower with Radar,14,28,6,0,48,0,0,24,2,26,14,28,30,2,74,18,0,18,92
06/25/2023,ROA,VA,AEA,EN,Combined TRACON& Tower with Radar,18,30,5,0,53,0,0,38,0,38,18,30,43,0,91,60,0,60,151
06/26/2023,ROA,VA,AEA,EN,Combined TRACON& Tower with Radar,19,23,22,0,64,0,1,29,0,30,19,24,51,0,94,60,0,60,154
06/27/2023,ROA,VA,AEA,EN,Combined TRACON& Tower with Radar,20,26,15,1,62,0,0,31,4,35,20,26,46,5,97,20,0,20,117
06/28/2023,ROA,VA,AEA,EN,Combined TRACON& Tower with Radar,17,34,30,10,91,0,0,46,5,51,17,34,76,15,142,90,14,104,246
06/29/2023,ROA,VA,AEA,EN,Combined TRACON& Tower with Radar,22,35,28,5,90,0,1,30,1,32,22,36,58,6,122,18,0,18,140
06/30/2023,ROA,VA,AEA,EN,Combined TRACON& Tower with Radar,23,29,16,0,68,0,0,32,0,32,23,29,48,0,100,66,0,66,166
07/01/2023,ROA,VA,AEA,EN,Combined TRACON& Tower with Radar,13,28,9,0,50,0,0,35,7,42,13,28,44,7,92,58,0,58,150
07/02/2023,ROA,VA,AEA,EN,Combined TRACON& Tower with Radar,16,23,9,0,48,0,0,22,1,23,16,23,31,1,71,10,0,10,81
07/03/2023,ROA,VA,AEA,EN,Combined TRACON& Tower with Radar,16,20,9,0,45,0,2,32,0,34,16,22,41,0,79,72,0,72,151
07/04/2023,ROA,VA,AEA,EN,Combined TRACON& Tower with Radar,12,17,5,0,34,0,1,29,0,30,12,18,34,0,64,48,0,48,112
07/05/2023,ROA,VA,AEA,EN,Combined TRACON& Tower with Radar,20,20,16,0,56,0,0,35,4,39,20,20,51,4,95,38,0,38,133
07/06/2023,ROA,VA,AEA,EN,Combined TRACON& Tower with Radar,24,31,27,1,83,0,1,46,23,70,24,32,73,24,153,82,0,82,235
07/07/2023,ROA,VA,AEA,EN,Combined TRACON& Tower with Radar,23,30,20,0,73,0,0,35,0,35,23,30,55,0,108,54,0,54,162
07/08/2023,ROA,VA,AEA,EN,Combined TRACON& Tower with Radar,15,29,16,0,60,0,1,33,1,35,15,30,49,1,95,8,0,8,103
07/09/2023,ROA,VA,AEA,EN,Combined TRACON& Tower with Radar,19,19,16,0,54,0,0,8,0,8,19,19,24,0,62,6,0,6,68
07/10/2023,ROA,VA,AEA,EN,Combined TRACON& Tower with Radar,21,28,15,1,65,0,1,34,2,37,21,29,49,3,102,86,0,86,188
07/11/2023,ROA,VA,AEA,EN,Combined TRACON& Tower with Radar,20,30,21,3,74,0,1,53,2,56,20,31,74,5,130,110,0,110,240
07/12/2023,ROA,VA,AEA,EN,Combined TRACON& Tower with Radar,22,23,20,0,65,0,2,48,5,55,22,25,68,5,120,108,0,108,228
07/13/2023,ROA,VA,AEA,EN,Combined TRACON& Tower with Radar,21,32,11,0,64,0,0,34,1,35,21,32,45,1,99,14,0,14,113
07/14/2023,ROA,VA,AEA,EN,Combined TRACON& Tower with Radar,26,27,14,0,67,0,0,20,1,21,26,27,34,1,88,26,0,26,114
07/15/2023,ROA,VA,AEA,EN,Combined TRACON& Tower with Radar,11,21,10,0,42,0,0,13,0,13,11,21,23,0,55,0,0,0,55
07/16/2023,ROA,VA,AEA,EN,Combined TRACON& Tower with Radar,18,24,10,0,52,0,0,20,0,20,18,24,30,0,72,40,0,40,112
07/17/2023,ROA,VA,AEA,EN,Combined TRACON& Tower with Radar,16,28,22,0,66,0,1,24,0,25,16,29,46,0,91,38,0,38,129
07/18/2023,ROA,VA,AEA,EN,Combined TRACON& Tower with Radar,21,22,19,0,62,0,1,41,0,42,21,23,60,0,104,118,0,118,222
07/19/2023,ROA,VA,AEA,EN,Combined TRACON& Tower with Radar,21,29,45,0,95,0,0,23,0,23,21,29,68,0,118,98,0,98,216
07/20/2023,ROA,VA,AEA,EN,Combined TRACON& Tower with Radar,22,27,27,1,77,0,0,29,2,31,22,27,56,3,108,50,0,50,158
07/21/2023,ROA,VA,AEA,EN,Combined TRACON& Tower with Radar,23,30,31,1,85,0,3,24,3,30,23,33,55,4,115,20,0,20,135
07/22/2023,ROA,VA,AEA,EN,Combined TRACON& Tower with Radar,13,23,21,0,57,0,0,48,1,49,13,23,69,1,106,34,0,34,140
07/23/2023,ROA,VA,AEA,EN,Combined TRACON& Tower with Radar,18,22,12,0,52,0,1,19,0,20,18,23,31,0,72,30,0,30,102
07/24/2023,ROA,VA,AEA,EN,Combined TRACON& Tower with Radar,20,27,20,0,67,0,1,31,0,32,20,28,51,0,99,92,0,92,191
07/25/2023,ROA,VA,AEA,EN,Combined TRACON& Tower with Radar,19,23,22,2,66,0,0,31,4,35,19,23,53,6,101,108,0,108,209
07/26/2023,ROA,VA,AEA,EN,Combined TRACON& Tower with Radar,21,28,19,1,69,0,4,39,0,43,21,32,58,1,112,62,0,62,174
07/27/2023,ROA,VA,AEA,EN,Combined TRACON& Tower with Radar,22,30,19,0,71,0,0,30,1,31,22,30,49,1,102,74,0,74,176
07/28/2023,ROA,VA,AEA,EN,Combined TRACON& Tower with Radar,22,37,24,0,83,0,1,35,6,42,22,38,59,6,125,7,0,7,132
07/29/2023,ROA,VA,AEA,EN,Combined TRACON& Tower with Radar,12,28,16,4,60,0,0,33,3,36,12,28,49,7,96,12,0,12,108
07/30/2023,ROA,VA,AEA,EN,Combined TRACON& Tower with Radar,18,27,19,0,64,0,0,21,0,21,18,27,40,0,85,28,0,28,113
07/31/2023,ROA,VA,AEA,EN,Combined TRACON& Tower with Radar,20,24,8,11,63,0,0,24,0,24,20,24,32,11,87,64,0,64,151
08/01/2023,ROA,VA,AEA,EN,Combined TRACON& Tower with Radar,21,19,25,4,69,0,1,37,1,39,21,20,62,5,108,84,0,84,192
08/02/2023,ROA,VA,AEA,EN,Combined TRACON& Tower with Radar,19,23,25,2,69,0,2,44,1,47,19,25,69,3,116,14,0,14,130
08/03/2023,ROA,VA,AEA,EN,Combined TRACON& Tower with Radar,22,30,23,0,75,0,0,5,0,5,22,30,28,0,80,0,0,0,80
08/04/2023,ROA,VA,AEA,EN,Combined TRACON& Tower with Radar,25,23,20,0,68,0,1,16,0,17,25,24,36,0,85,44,0,44,129
08/05/2023,ROA,VA,AEA,EN,Combined TRACON& Tower with Radar,16,27,15,0,58,0,0,42,0,42,16,27,57,0,100,28,0,28,128
08/06/2023,ROA,VA,AEA,EN,Combined TRACON& Tower with Radar,18,28,14,2,62,0,0,19,0,19,18,28,33,2,81,18,0,18,99
08/07/2023,ROA,VA,AEA,EN,Combined TRACON& Tower with Radar,16,24,12,0,52,0,0,3,0,3,16,24,15,0,55,54,0,54,109
08/08/2023,ROA,VA,AEA,EN,Combined TRACON& Tower with Radar,21,34,16,0,71,0,0,30,8,38,21,34,46,8,109,92,0,92,201
08/09/2023,ROA,VA,AEA,EN,Combined TRACON& Tower with Radar,22,24,18,3,67,0,0,47,2,49,22,24,65,5,116,46,0,46,162
08/10/2023,ROA,VA,AEA,EN,Combined TRACON& Tower with Radar,26,25,11,7,69,0,0,12,0,12,26,25,23,7,81,10,0,10,91
08/11/2023,ROA,VA,AEA,EN,Combined TRACON& Tower with Radar,25,25,28,2,80,0,0,41,1,42,25,25,69,3,122,108,0,108,230
08/12/2023,ROA,VA,AEA,EN,Combined TRACON& Tower with Radar,15,27,12,4,58,0,3,42,5,50,15,30,54,9,108,34,0,34,142
08/13/2023,ROA,VA,AEA,EN,Combined TRACON& Tower with Radar,20,21,18,0,59,0,0,15,1,16,20,21,33,1,75,4,0,4,79
08/14/2023,ROA,VA,AEA,EN,Combined TRACON& Tower with Radar,23,22,8,0,53,0,1,35,1,37,23,23,43,1,90,30,0,30,120
08/15/2023,ROA,VA,AEA,EN,Combined TRACON& Tower with Radar,21,21,16,0,58,0,0,26,1,27,21,21,42,1,85,54,0,54,139
08/16/2023,ROA,VA,AEA,EN,Combined TRACON& Tower with Radar,21,37,22,4,84,0,0,44,2,46,21,37,66,6,130,144,0,144,274
08/17/2023,ROA,VA,AEA,EN,Combined TRACON& Tower with Radar,19,28,18,7,72,0,0,44,2,46,19,28,62,9,118,50,0,50,168
08/18/2023,ROA,VA,AEA,EN,Combined TRACON& Tower with Radar,25,24,23,10,82,0,1,26,1,28,25,25,49,11,110,18,0,18,128
08/19/2023,ROA,VA,AEA,EN,Combined TRACON& Tower with Radar,12,26,13,0,51,0,4,51,0,55,12,30,64,0,106,64,0,64,170
08/20/2023,ROA,VA,AEA,EN,Combined TRACON& Tower with Radar,15,26,12,0,53,0,0,52,1,53,15,26,64,1,106,32,0,32,138
08/21/2023,ROA,VA,AEA,EN,Combined TRACON& Tower with Radar,23,24,32,2,81,0,0,30,2,32,23,24,62,4,113,0,0,0,113
08/22/2023,ROA,VA,AEA,EN,Combined TRACON& Tower with Radar,21,34,13,0,68,0,0,35,0,35,21,34,48,0,103,38,0,38,141
08/23/2023,ROA,VA,AEA,EN,Combined TRACON& Tower with Radar,22,29,25,2,78,0,0,36,1,37,22,29,61,3,115,72,0,72,187
08/24/2023,ROA,VA,AEA,EN,Combined TRACON& Tower with Radar,20,23,15,0,58,0,0,20,1,21,20,23,35,1,79,4,0,4,83
08/25/2023,ROA,VA,AEA,EN,Combined TRACON& Tower with Radar,27,24,8,1,60,0,0,14,1,15,27,24,22,2,75,0,0,0,75
08/26/2023,ROA,VA,AEA,EN,Combined TRACON& Tower with Radar,13,29,15,0,57,0,0,32,2,34,13,29,47,2,91,42,0,42,133
08/27/2023,ROA,VA,AEA,EN,Combined TRACON& Tower with Radar,16,27,9,0,52,0,1,5,0,6,16,28,14,0,58,54,0,54,112
08/28/2023,ROA,VA,AEA,EN,Combined TRACON& Tower with Radar,20,23,11,0,54,0,0,0,0,0,20,23,11,0,54,0,0,0,54
08/29/2023,ROA,VA,AEA,EN,Combined TRACON& Tower with Radar,19,20,15,0,54,0,0,3,3,6,19,20,18,3,60,0,0,0,60
08/30/2023,ROA,VA,AEA,EN,Combined TRACON& Tower with Radar,22,27,22,12,83,0,0,25,0,25,22,27,47,12,108,56,12,68,176
08/31/2023,ROA,VA,AEA,EN,Combined TRACON& Tower with Radar,20,27,28,0,75,0,0,38,0,38,20,27,66,0,113,46,0,46,159
