01/01/2000,ROC,NY,AEA,CE,Towers with Radar,41,53,19,0,113,42,27,5,0,74,83,80,24,0,187,0,0,0,187
01/02/2000,ROC,NY,AEA,CE,Towers with Radar,88,113,40,2,243,15,46,7,0,68,103,159,47,2,311,42,0,42,353
01/03/2000,ROC,NY,AEA,CE,Towers with Radar,101,129,47,4,281,29,41,61,0,131,130,170,108,4,412,80,14,94,506
01/04/2000,ROC,NY,AEA,CE,Towers with Radar,112,143,50,4,309,11,28,0,0,39,123,171,50,4,348,0,0,0,348
01/05/2000,ROC,NY,AEA,CE,Towers with Radar,108,149,22,0,279,0,9,0,0,9,108,158,22,0,288,0,0,0,288
01/06/2000,ROC,NY,AEA,CE,Towers with Radar,116,122,57,5,300,0,0,17,3,20,116,122,74,8,320,46,16,62,382
01/07/2000,ROC,NY,AEA,CE,Towers with Radar,100,111,34,2,247,0,0,0,0,0,100,111,34,2,247,0,0,0,247
01/08/2000,ROC,NY,AEA,CE,Towers with Radar,79,99,36,3,217,24,61,8,3,96,103,160,44,6,313,68,2,70,383
01/09/2000,ROC,NY,AEA,CE,Towers with Radar,83,104,38,3,228,46,69,11,0,126,129,173,49,3,354,0,0,0,354
01/10/2000,ROC,NY,AEA,CE,Towers with Radar,105,132,48,4,289,13,43,14,1,71,118,175,62,5,360,25,25,50,410
01/11/2000,ROC,NY,AEA,CE,Towers with Radar,103,130,47,4,284,17,55,21,0,93,120,185,68,4,377,186,4,190,567
01/12/2000,ROC,NY,AEA,CE,Towers with Radar,126,169,61,4,360,0,16,40,0,56,126,185,101,4,416,8,0,8,424
01/13/2000,ROC,NY,AEA,CE,Towers with Radar,104,120,48,3,275,8,0,72,0,80,112,120,120,3,355,212,0,212,567
01/14/2000,ROC,NY,AEA,CE,Towers with Radar,95,113,69,1,278,0,0,0,2,2,95,113,69,3,280,0,0,0,280
01/15/2000,ROC,NY,AEA,CE,Towers with Radar,89,112,32,1,234,3,44,0,0,47,92,156,32,1,281,70,1,71,352
01/16/2000,ROC,NY,AEA,CE,Towers with Radar,71,89,32,2,194,69,96,11,0,176,140,185,43,2,370,30,0,30,400
01/17/2000,ROC,NY,AEA,CE,Towers with Radar,81,103,37,3,224,59,79,5,0,143,140,182,42,3,367,0,2,2,369
01/18/2000,ROC,NY,AEA,CE,Towers with Radar,117,149,54,5,325,6,28,54,6,94,123,177,108,11,419,42,22,64,483
01/19/2000,ROC,NY,AEA,CE,Towers with Radar,131,166,60,5,362,0,7,11,0,18,131,173,71,5,380,54,2,56,436
01/20/2000,ROC,NY,AEA,CE,Towers with Radar,99,109,36,1,245,9,0,0,0,9,108,109,36,1,254,41,27,68,322
01/21/2000,ROC,NY,AEA,CE,Towers with Radar,76,89,52,4,221,0,0,5,2,7,76,89,57,6,228,84,49,133,361
01/22/2000,ROC,NY,AEA,CE,Towers with Radar,85,108,39,2,234,31,70,36,2,139,116,178,75,4,373,90,10,100,473
01/23/2000,ROC,NY,AEA,CE,Towers with Radar,74,94,33,2,203,44,94,71,6,215,118,188,104,8,418,92,23,115,533
01/24/2000,ROC,NY,AEA,CE,Towers with Radar,97,123,44,3,267,26,61,48,5,140,123,184,92,8,407,110,21,131,538
01/25/2000,ROC,NY,AEA,CE,Towers with Radar,82,104,37,2,225,42,88,28,1,159,124,192,65,3,384,34,19,53,437
01/26/2000,ROC,NY,AEA,CE,Towers with Radar,99,125,45,3,272,30,53,100,5,188,129,178,145,8,460,48,6,54,514
01/27/2000,ROC,NY,AEA,CE,Towers with Radar,114,115,42,3,274,16,0,0,1,17,130,115,42,4,291,8,0,8,299
01/28/2000,ROC,NY,AEA,CE,Towers with Radar,101,117,54,4,276,0,0,0,0,0,101,117,54,4,276,0,0,0,276
01/29/2000,ROC,NY,AEA,CE,Towers with Radar,82,104,37,2,225,10,84,85,4,183,92,188,122,6,408,139,2,141,549
01/30/2000,ROC,NY,AEA,CE,Towers with Radar,79,100,36,2,217,62,65,5,4,136,141,165,41,6,353,0,0,0,353
01/31/2000,ROC,NY,AEA,CE,Towers with Radar,94,119,43,2,258,24,56,18,0,98,118,175,61,2,356,96,9,105,461
02/01/2000,ROC,NY,AEA,CE,Towers with Radar,110,152,46,3,311,0,0,0,0,0,110,152,46,3,311,0,0,0,311
02/02/2000,ROC,NY,AEA,CE,Towers with Radar,125,152,57,4,338,4,0,8,5,17,129,152,65,9,355,42,4,46,401
02/03/2000,ROC,NY,AEA,CE,Towers with Radar,106,147,53,0,306,0,0,22,0,22,106,147,75,0,328,6,0,6,334
02/04/2000,ROC,NY,AEA,CE,Towers with Radar,117,161,52,3,333,0,4,0,0,4,117,165,52,3,337,0,4,4,341
02/05/2000,ROC,NY,AEA,CE,Towers with Radar,78,99,32,2,211,26,0,0,0,26,104,99,32,2,237,130,0,130,367
02/06/2000,ROC,NY,AEA,CE,Towers with Radar,68,93,32,3,196,0,19,28,0,47,68,112,60,3,243,268,2,270,513
02/07/2000,ROC,NY,AEA,CE,Towers with Radar,102,139,47,2,290,0,10,0,0,10,102,149,47,2,300,102,2,104,404
02/08/2000,ROC,NY,AEA,CE,Towers with Radar,106,160,55,4,325,0,0,67,7,74,106,160,122,11,399,194,18,212,611
02/09/2000,ROC,NY,AEA,CE,Towers with Radar,113,160,58,4,335,0,0,39,2,41,113,160,97,6,376,66,26,92,468
02/10/2000,ROC,NY,AEA,CE,Towers with Radar,108,161,61,4,334,0,1,3,0,4,108,162,64,4,338,0,12,12,350
02/11/2000,ROC,NY,AEA,CE,Towers with Radar,122,167,57,4,350,0,2,1,2,5,122,169,58,6,355,0,1,1,356
02/12/2000,ROC,NY,AEA,CE,Towers with Radar,99,112,45,3,259,12,0,84,8,104,111,112,129,11,363,51,6,57,420
02/13/2000,ROC,NY,AEA,CE,Towers with Radar,76,110,40,3,229,0,0,84,1,85,76,110,124,4,314,190,4,194,508
02/14/2000,ROC,NY,AEA,CE,Towers with Radar,83,112,24,3,222,15,11,0,1,27,98,123,24,4,249,0,0,0,249
02/15/2000,ROC,NY,AEA,CE,Towers with Radar,113,167,55,4,339,0,3,17,3,23,113,170,72,7,362,42,3,45,407
02/16/2000,ROC,NY,AEA,CE,Towers with Radar,114,162,54,3,333,0,1,12,0,13,114,163,66,3,346,16,0,16,362
02/17/2000,ROC,NY,AEA,CE,Towers with Radar,110,171,57,3,341,0,5,52,2,59,110,176,109,5,400,52,6,58,458
02/18/2000,ROC,NY,AEA,CE,Towers with Radar,96,130,35,2,263,0,1,0,0,1,96,131,35,2,264,10,14,24,288
02/19/2000,ROC,NY,AEA,CE,Towers with Radar,78,101,31,1,211,17,0,0,0,17,95,101,31,1,228,38,1,39,267
02/20/2000,ROC,NY,AEA,CE,Towers with Radar,81,109,32,2,224,21,4,0,3,28,102,113,32,5,252,4,0,4,256
02/21/2000,ROC,NY,AEA,CE,Towers with Radar,79,115,38,2,234,0,36,42,2,80,79,151,80,4,314,210,6,216,530
02/22/2000,ROC,NY,AEA,CE,Towers with Radar,110,149,50,1,310,5,17,55,0,77,115,166,105,1,387,217,40,257,644
02/23/2000,ROC,NY,AEA,CE,Towers with Radar,113,168,56,3,340,0,3,67,6,76,113,171,123,9,416,320,81,401,817
02/24/2000,ROC,NY,AEA,CE,Towers with Radar,114,168,56,3,341,0,0,64,3,67,114,168,120,6,408,174,14,188,596
02/25/2000,ROC,NY,AEA,CE,Towers with Radar,111,140,38,3,292,15,0,0,2,17,126,140,38,5,309,0,0,0,309
02/26/2000,ROC,NY,AEA,CE,Towers with Radar,85,114,38,2,239,13,3,92,0,108,98,117,130,2,347,103,0,103,450
02/27/2000,ROC,NY,AEA,CE,Towers with Radar,80,108,34,0,222,22,6,0,0,28,102,114,34,0,250,18,0,18,268
02/28/2000,ROC,NY,AEA,CE,Towers with Radar,93,151,50,3,297,0,12,25,2,39,93,163,75,5,336,104,41,145,481
02/29/2000,ROC,NY,AEA,CE,Towers with Radar,117,163,55,2,337,0,0,107,0,107,117,163,162,2,444,138,3,141,585
03/01/2000,ROC,NY,AEA,CE,Towers with Radar,114,164,63,3,344,2,0,21,3,26,116,164,84,6,370,120,4,124,494
03/02/2000,ROC,NY,AEA,CE,Towers with Radar,102,156,60,3,321,0,1,3,2,6,102,157,63,5,327,0,0,0,327
03/03/2000,ROC,NY,AEA,CE,Towers with Radar,113,169,64,1,347,0,2,42,0,44,113,171,106,1,391,278,37,315,706
03/04/2000,ROC,NY,AEA,CE,Towers with Radar,86,123,47,2,258,19,0,69,1,89,105,123,116,3,347,104,14,118,465
03/05/2000,ROC,NY,AEA,CE,Towers with Radar,77,111,41,1,230,7,2,41,0,50,84,113,82,1,280,142,26,168,448
03/06/2000,ROC,NY,AEA,CE,Towers with Radar,96,139,52,2,289,0,21,57,2,80,96,160,109,4,369,86,6,92,461
03/07/2000,ROC,NY,AEA,CE,Towers with Radar,113,166,62,3,344,0,4,87,2,93,113,170,149,5,437,182,0,182,619
03/08/2000,ROC,NY,AEA,CE,Towers with Radar,114,171,66,3,354,0,0,64,3,67,114,171,130,6,421,61,4,65,486
03/09/2000,ROC,NY,AEA,CE,Towers with Radar,118,152,65,3,338,0,0,19,5,24,118,152,84,8,362,72,9,81,443
03/10/2000,ROC,NY,AEA,CE,Towers with Radar,118,173,56,3,350,0,7,0,1,8,118,180,56,4,358,64,10,74,432
03/11/2000,ROC,NY,AEA,CE,Towers with Radar,110,106,19,1,236,1,0,2,0,3,111,106,21,1,239,36,0,36,275
03/12/2000,ROC,NY,AEA,CE,Towers with Radar,66,94,31,2,193,12,15,0,0,27,78,109,31,2,220,0,0,0,220
03/13/2000,ROC,NY,AEA,CE,Towers with Radar,86,135,52,1,274,0,26,58,0,84,86,161,110,1,358,72,11,83,441
03/14/2000,ROC,NY,AEA,CE,Towers with Radar,115,162,63,2,342,0,0,40,0,40,115,162,103,2,382,104,0,104,486
03/15/2000,ROC,NY,AEA,CE,Towers with Radar,111,158,62,4,335,0,0,54,3,57,111,158,116,7,392,224,13,237,629
03/16/2000,ROC,NY,AEA,CE,Towers with Radar,110,169,61,4,344,0,4,0,3,7,110,173,61,7,351,0,0,0,351
03/17/2000,ROC,NY,AEA,CE,Towers with Radar,113,146,62,4,325,0,0,30,0,30,113,146,92,4,355,50,0,50,405
03/18/2000,ROC,NY,AEA,CE,Towers with Radar,89,110,49,2,250,18,0,120,0,138,107,110,169,2,388,140,0,140,528
03/19/2000,ROC,NY,AEA,CE,Towers with Radar,65,94,36,2,197,14,10,61,0,85,79,104,97,2,282,247,2,249,531
03/20/2000,ROC,NY,AEA,CE,Towers with Radar,86,139,53,3,281,0,20,48,1,69,86,159,101,4,350,57,0,57,407
03/21/2000,ROC,NY,AEA,CE,Towers with Radar,111,166,64,1,342,0,2,26,0,28,111,168,90,1,370,162,31,193,563
03/22/2000,ROC,NY,AEA,CE,Towers with Radar,114,167,67,4,352,0,0,70,0,70,114,167,137,4,422,158,17,175,597
03/23/2000,ROC,NY,AEA,CE,Towers with Radar,115,161,84,5,365,1,3,68,2,74,116,164,152,7,439,218,0,218,657
03/24/2000,ROC,NY,AEA,CE,Towers with Radar,109,165,65,3,342,0,0,127,0,127,109,165,192,3,469,308,37,345,814
03/25/2000,ROC,NY,AEA,CE,Towers with Radar,79,110,44,3,236,17,0,62,1,80,96,110,106,4,316,104,6,110,426
03/26/2000,ROC,NY,AEA,CE,Towers with Radar,77,107,42,2,228,23,0,26,0,49,100,107,68,2,277,62,0,62,339
03/27/2000,ROC,NY,AEA,CE,Towers with Radar,88,135,52,2,277,0,29,15,0,44,88,164,67,2,321,36,0,36,357
03/28/2000,ROC,NY,AEA,CE,Towers with Radar,119,165,65,3,352,4,0,13,0,17,123,165,78,3,369,89,12,101,470
03/29/2000,ROC,NY,AEA,CE,Towers with Radar,107,170,66,3,346,0,0,20,2,22,107,170,86,5,368,40,36,76,444
03/30/2000,ROC,NY,AEA,CE,Towers with Radar,114,159,63,3,339,0,0,27,6,33,114,159,90,9,372,39,8,47,419
03/31/2000,ROC,NY,AEA,CE,Towers with Radar,103,162,62,3,330,0,0,92,5,97,103,162,154,8,427,220,1,221,648
04/01/2000,ROC,NY,AEA,CE,Towers with Radar,82,111,43,3,239,8,6,107,3,124,90,117,150,6,363,219,7,226,589
04/02/2000,ROC,NY,AEA,CE,Towers with Radar,84,115,43,1,243,15,0,5,0,20,99,115,48,1,263,90,0,90,353
04/03/2000,ROC,NY,AEA,CE,Towers with Radar,105,147,45,4,301,0,20,0,1,21,105,167,45,5,322,4,0,4,326
04/04/2000,ROC,NY,AEA,CE,Towers with Radar,116,157,60,4,337,0,0,9,0,9,116,157,69,4,346,0,0,0,346
04/05/2000,ROC,NY,AEA,CE,Towers with Radar,117,168,63,5,353,0,0,22,0,22,117,168,85,5,375,5,0,5,380
04/06/2000,ROC,NY,AEA,CE,Towers with Radar,111,161,60,4,336,0,1,11,0,12,111,162,71,4,348,32,4,36,384
04/07/2000,ROC,NY,AEA,CE,Towers with Radar,120,163,63,3,349,0,0,91,0,91,120,163,154,3,440,110,4,114,554
04/08/2000,ROC,NY,AEA,CE,Towers with Radar,78,106,32,3,219,12,3,0,0,15,90,109,32,3,234,2,0,2,236
04/09/2000,ROC,NY,AEA,CE,Towers with Radar,63,86,31,1,181,17,5,0,0,22,80,91,31,1,203,0,0,0,203
04/10/2000,ROC,NY,AEA,CE,Towers with Radar,103,143,54,2,302,0,18,3,0,21,103,161,57,2,323,12,2,14,337
04/11/2000,ROC,NY,AEA,CE,Towers with Radar,120,169,63,4,356,0,0,22,0,22,120,169,85,4,378,0,0,0,378
04/12/2000,ROC,NY,AEA,CE,Towers with Radar,116,167,63,3,349,0,0,61,0,61,116,167,124,3,410,58,8,66,476
04/13/2000,ROC,NY,AEA,CE,Towers with Radar,121,172,67,4,364,0,0,125,0,125,121,172,192,4,489,156,7,163,652
04/14/2000,ROC,NY,AEA,CE,Towers with Radar,125,166,64,5,360,0,0,83,3,86,125,166,147,8,446,286,55,341,787
04/15/2000,ROC,NY,AEA,CE,Towers with Radar,84,114,44,2,244,13,3,88,0,104,97,117,132,2,348,174,19,193,541
04/16/2000,ROC,NY,AEA,CE,Towers with Radar,90,108,46,4,248,4,0,17,15,36,94,108,63,19,284,116,4,120,404
04/17/2000,ROC,NY,AEA,CE,Towers with Radar,94,128,49,4,275,0,30,9,1,40,94,158,58,5,315,188,8,196,511
04/18/2000,ROC,NY,AEA,CE,Towers with Radar,108,159,63,0,330,0,0,37,0,37,108,159,100,0,367,147,2,149,516
04/19/2000,ROC,NY,AEA,CE,Towers with Radar,110,162,63,4,339,0,0,25,1,26,110,162,88,5,365,218,2,220,585
04/20/2000,ROC,NY,AEA,CE,Towers with Radar,105,152,58,3,318,0,1,9,0,10,105,153,67,3,328,144,0,144,472
04/21/2000,ROC,NY,AEA,CE,Towers with Radar,101,120,52,0,273,11,0,0,0,11,112,120,52,0,284,200,0,200,484
04/22/2000,ROC,NY,AEA,CE,Towers with Radar,78,101,40,2,221,10,0,2,0,12,88,101,42,2,233,0,0,0,233
04/23/2000,ROC,NY,AEA,CE,Towers with Radar,69,92,27,2,190,10,10,0,0,20,79,102,27,2,210,40,0,40,250
04/24/2000,ROC,NY,AEA,CE,Towers with Radar,102,138,53,3,296,0,13,116,3,132,102,151,169,6,428,330,1,331,759
04/25/2000,ROC,NY,AEA,CE,Towers with Radar,112,153,59,1,325,0,5,91,0,96,112,158,150,1,421,132,1,133,554
04/26/2000,ROC,NY,AEA,CE,Towers with Radar,113,169,65,4,351,0,0,110,0,110,113,169,175,4,461,202,8,210,671
04/27/2000,ROC,NY,AEA,CE,Towers with Radar,113,161,64,4,342,0,0,84,7,91,113,161,148,11,433,306,16,322,755
04/28/2000,ROC,NY,AEA,CE,Towers with Radar,113,170,65,4,352,0,0,110,3,113,113,170,175,7,465,121,6,127,592
04/29/2000,ROC,NY,AEA,CE,Towers with Radar,82,110,42,2,236,20,5,115,1,141,102,115,157,3,377,246,9,255,632
04/30/2000,ROC,NY,AEA,CE,Towers with Radar,80,106,41,2,229,13,1,97,2,113,93,107,138,4,342,82,0,82,424
05/01/2000,ROC,NY,AEA,CE,Towers with Radar,96,135,55,1,287,0,16,35,0,51,96,151,90,1,338,2,4,6,344
05/02/2000,ROC,NY,AEA,CE,Towers with Radar,114,167,69,0,350,0,12,96,0,108,114,179,165,0,458,56,7,63,521
05/03/2000,ROC,NY,AEA,CE,Towers with Radar,113,153,63,5,334,1,13,136,1,151,114,166,199,6,485,174,5,179,664
05/04/2000,ROC,NY,AEA,CE,Towers with Radar,109,160,66,5,340,0,11,79,2,92,109,171,145,7,432,118,19,137,569
05/05/2000,ROC,NY,AEA,CE,Towers with Radar,122,163,70,5,360,0,0,24,3,27,122,163,94,8,387,135,0,135,522
05/06/2000,ROC,NY,AEA,CE,Towers with Radar,79,107,44,3,233,22,2,88,1,113,101,109,132,4,346,104,22,126,472
05/07/2000,ROC,NY,AEA,CE,Towers with Radar,75,102,42,1,220,13,5,59,0,77,88,107,101,1,297,38,0,38,335
05/08/2000,ROC,NY,AEA,CE,Towers with Radar,89,134,55,4,282,0,13,40,9,62,89,147,95,13,344,58,3,61,405
05/09/2000,ROC,NY,AEA,CE,Towers with Radar,117,166,68,5,356,0,8,26,3,37,117,174,94,8,393,182,22,204,597
05/10/2000,ROC,NY,AEA,CE,Towers with Radar,96,105,53,2,256,18,0,20,0,38,114,105,73,2,294,32,0,32,326
05/11/2000,ROC,NY,AEA,CE,Towers with Radar,108,163,70,5,346,0,0,116,6,122,108,163,186,11,468,168,6,174,642
05/12/2000,ROC,NY,AEA,CE,Towers with Radar,119,158,67,4,348,1,0,21,0,22,120,158,88,4,370,0,0,0,370
05/13/2000,ROC,NY,AEA,CE,Towers with Radar,73,94,41,2,210,20,0,20,0,40,93,94,61,2,250,26,2,28,278
05/14/2000,ROC,NY,AEA,CE,Towers with Radar,71,96,39,3,209,4,9,27,0,40,75,105,66,3,249,0,0,0,249
05/15/2000,ROC,NY,AEA,CE,Towers with Radar,85,133,56,4,278,0,29,81,0,110,85,162,137,4,388,50,0,50,438
05/16/2000,ROC,NY,AEA,CE,Towers with Radar,131,160,74,5,370,8,0,106,6,120,139,160,180,11,490,75,0,75,565
05/17/2000,ROC,NY,AEA,CE,Towers with Radar,110,163,69,4,346,0,13,120,0,133,110,176,189,4,479,259,12,271,750
05/18/2000,ROC,NY,AEA,CE,Towers with Radar,112,127,63,0,302,27,0,1,0,28,139,127,64,0,330,8,0,8,338
05/19/2000,ROC,NY,AEA,CE,Towers with Radar,97,159,68,2,326,0,0,25,0,25,97,159,93,2,351,70,4,74,425
05/20/2000,ROC,NY,AEA,CE,Towers with Radar,89,119,50,1,259,1,3,12,0,16,90,122,62,1,275,26,0,26,301
05/21/2000,ROC,NY,AEA,CE,Towers with Radar,87,110,49,1,247,4,0,12,0,16,91,110,61,1,263,70,0,70,333
05/22/2000,ROC,NY,AEA,CE,Towers with Radar,93,142,60,3,298,0,7,53,5,65,93,149,113,8,363,233,2,235,598
05/23/2000,ROC,NY,AEA,CE,Towers with Radar,125,161,74,4,364,0,0,37,5,42,125,161,111,9,406,33,7,40,446
05/24/2000,ROC,NY,AEA,CE,Towers with Radar,111,148,63,1,323,3,12,33,0,48,114,160,96,1,371,102,0,102,473
05/25/2000,ROC,NY,AEA,CE,Towers with Radar,109,157,66,2,334,0,10,30,0,40,109,167,96,2,374,146,14,160,534
05/26/2000,ROC,NY,AEA,CE,Towers with Radar,110,166,70,4,350,0,0,121,5,126,110,166,191,9,476,132,11,143,619
05/27/2000,ROC,NY,AEA,CE,Towers with Radar,75,95,42,2,214,13,0,106,4,123,88,95,148,6,337,248,0,248,585
05/28/2000,ROC,NY,AEA,CE,Towers with Radar,72,86,41,1,200,27,0,67,0,94,99,86,108,1,294,30,0,30,324
05/29/2000,ROC,NY,AEA,CE,Towers with Radar,81,107,45,2,235,9,8,70,6,93,90,115,115,8,328,82,3,85,413
05/30/2000,ROC,NY,AEA,CE,Towers with Radar,90,132,56,3,281,0,14,89,2,105,90,146,145,5,386,142,3,145,531
05/31/2000,ROC,NY,AEA,CE,Towers with Radar,109,158,67,4,338,0,4,74,1,79,109,162,141,5,417,147,28,175,592
06/01/2000,ROC,NY,AEA,CE,Towers with Radar,115,163,77,6,361,0,5,83,3,91,115,168,160,9,452,172,14,186,638
06/02/2000,ROC,NY,AEA,CE,Towers with Radar,98,139,66,5,308,6,3,16,1,26,104,142,82,6,334,36,5,41,375
06/03/2000,ROC,NY,AEA,CE,Towers with Radar,76,97,51,4,228,10,0,124,0,134,86,97,175,4,362,224,0,224,586
06/04/2000,ROC,NY,AEA,CE,Towers with Radar,73,103,49,4,229,8,3,126,1,138,81,106,175,5,367,204,5,209,576
06/05/2000,ROC,NY,AEA,CE,Towers with Radar,88,139,66,2,295,0,20,36,0,56,88,159,102,2,351,202,0,202,553
06/06/2000,ROC,NY,AEA,CE,Towers with Radar,104,156,76,5,341,0,0,11,0,11,104,156,87,5,352,8,3,11,363
06/07/2000,ROC,NY,AEA,CE,Towers with Radar,106,159,79,6,350,0,0,98,4,102,106,159,177,10,452,210,0,210,662
06/08/2000,ROC,NY,AEA,CE,Towers with Radar,106,155,74,6,341,0,17,54,4,75,106,172,128,10,416,62,8,70,486
06/09/2000,ROC,NY,AEA,CE,Towers with Radar,116,168,81,6,371,0,0,60,6,66,116,168,141,12,437,84,12,96,533
06/10/2000,ROC,NY,AEA,CE,Towers with Radar,74,104,50,2,230,19,19,85,0,123,93,123,135,2,353,84,16,100,453
06/11/2000,ROC,NY,AEA,CE,Towers with Radar,66,94,45,2,207,23,4,0,0,27,89,98,45,2,234,49,4,53,287
06/12/2000,ROC,NY,AEA,CE,Towers with Radar,91,136,65,5,297,0,4,29,1,34,91,140,94,6,331,140,3,143,474
06/13/2000,ROC,NY,AEA,CE,Towers with Radar,110,161,77,6,354,0,2,9,0,11,110,163,86,6,365,27,2,29,394
06/14/2000,ROC,NY,AEA,CE,Towers with Radar,106,164,78,6,354,0,0,55,5,60,106,164,133,11,414,305,2,307,721
06/15/2000,ROC,NY,AEA,CE,Towers with Radar,106,135,71,5,317,11,0,41,0,52,117,135,112,5,369,196,45,241,610
06/16/2000,ROC,NY,AEA,CE,Towers with Radar,115,150,80,6,351,0,0,83,13,96,115,150,163,19,447,339,16,355,802
06/17/2000,ROC,NY,AEA,CE,Towers with Radar,75,100,50,4,229,14,0,73,0,87,89,100,123,4,316,194,0,194,510
06/18/2000,ROC,NY,AEA,CE,Towers with Radar,74,104,50,4,232,2,0,67,7,76,76,104,117,11,308,264,6,270,578
06/19/2000,ROC,NY,AEA,CE,Towers with Radar,73,131,62,2,268,0,30,70,0,100,73,161,132,2,368,212,0,212,580
06/20/2000,ROC,NY,AEA,CE,Towers with Radar,100,162,77,6,345,0,2,137,5,144,100,164,214,11,489,188,32,220,709
06/21/2000,ROC,NY,AEA,CE,Towers with Radar,105,149,70,2,326,5,9,21,0,35,110,158,91,2,361,56,0,56,417
06/22/2000,ROC,NY,AEA,CE,Towers with Radar,106,161,77,5,349,0,0,43,12,55,106,161,120,17,404,76,6,82,486
06/23/2000,ROC,NY,AEA,CE,Towers with Radar,110,174,81,5,370,0,1,100,2,103,110,175,181,7,473,278,14,292,765
06/24/2000,ROC,NY,AEA,CE,Towers with Radar,71,101,47,1,220,28,5,107,0,140,99,106,154,1,360,170,0,170,530
06/25/2000,ROC,NY,AEA,CE,Towers with Radar,80,102,36,1,219,1,0,28,0,29,81,102,64,1,248,174,1,175,423
06/26/2000,ROC,NY,AEA,CE,Towers with Radar,84,147,68,5,304,0,2,95,0,97,84,149,163,5,401,314,28,342,743
06/27/2000,ROC,NY,AEA,CE,Towers with Radar,119,151,79,5,354,23,0,105,0,128,142,151,184,5,482,124,9,133,615
06/28/2000,ROC,NY,AEA,CE,Towers with Radar,111,169,80,5,365,0,0,127,5,132,111,169,207,10,497,178,3,181,678
06/29/2000,ROC,NY,AEA,CE,Towers with Radar,96,137,65,0,298,11,14,14,0,39,107,151,79,0,337,112,8,120,457
06/30/2000,ROC,NY,AEA,CE,Towers with Radar,101,164,78,0,343,0,5,129,0,134,101,169,207,0,477,108,2,110,587
07/01/2000,ROC,NY,AEA,CE,Towers with Radar,80,111,38,4,233,0,0,119,3,122,80,111,157,7,355,190,0,190,545
07/02/2000,ROC,NY,AEA,CE,Towers with Radar,72,95,35,0,202,0,0,92,4,96,72,95,127,4,298,188,19,207,505
07/03/2000,ROC,NY,AEA,CE,Towers with Radar,98,92,62,5,257,0,0,6,0,6,98,92,68,5,263,30,0,30,293
07/04/2000,ROC,NY,AEA,CE,Towers with Radar,106,108,36,6,256,0,0,26,0,26,106,108,62,6,282,56,0,56,338
07/05/2000,ROC,NY,AEA,CE,Towers with Radar,91,123,60,4,278,1,27,118,5,151,92,150,178,9,429,216,11,227,656
07/06/2000,ROC,NY,AEA,CE,Towers with Radar,110,153,57,9,329,0,0,120,0,120,110,153,177,9,449,122,15,137,586
07/07/2000,ROC,NY,AEA,CE,Towers with Radar,103,139,68,5,315,1,24,104,14,143,104,163,172,19,458,120,14,134,592
07/08/2000,ROC,NY,AEA,CE,Towers with Radar,82,105,41,4,232,0,0,144,5,149,82,105,185,9,381,148,16,164,545
07/09/2000,ROC,NY,AEA,CE,Towers with Radar,77,119,55,16,267,0,0,71,2,73,77,119,126,18,340,112,21,133,473
07/10/2000,ROC,NY,AEA,CE,Towers with Radar,79,151,66,5,301,0,1,72,0,73,79,152,138,5,374,74,0,74,448
07/11/2000,ROC,NY,AEA,CE,Towers with Radar,106,150,67,1,324,0,0,121,1,122,106,150,188,2,446,84,5,89,535
07/12/2000,ROC,NY,AEA,CE,Towers with Radar,111,159,74,4,348,0,0,155,1,156,111,159,229,5,504,228,6,234,738
07/13/2000,ROC,NY,AEA,CE,Towers with Radar,98,170,75,5,348,0,2,178,0,180,98,172,253,5,528,140,17,157,685
07/14/2000,ROC,NY,AEA,CE,Towers with Radar,83,129,63,6,281,0,15,50,8,73,83,144,113,14,354,180,0,180,534
07/15/2000,ROC,NY,AEA,CE,Towers with Radar,130,99,40,3,272,0,0,15,0,15,130,99,55,3,287,140,0,140,427
07/16/2000,ROC,NY,AEA,CE,Towers with Radar,69,93,45,3,210,13,2,17,0,32,82,95,62,3,242,178,0,178,420
07/17/2000,ROC,NY,AEA,CE,Towers with Radar,92,149,69,2,312,0,3,88,0,91,92,152,157,2,403,124,9,133,536
07/18/2000,ROC,NY,AEA,CE,Towers with Radar,115,162,101,4,382,0,0,57,0,57,115,162,158,4,439,142,23,165,604
07/19/2000,ROC,NY,AEA,CE,Towers with Radar,127,176,106,7,416,0,4,127,3,134,127,180,233,10,550,294,12,306,856
07/20/2000,ROC,NY,AEA,CE,Towers with Radar,109,166,112,7,394,0,0,184,4,188,109,166,296,11,582,290,60,350,932
07/21/2000,ROC,NY,AEA,CE,Towers with Radar,128,160,83,3,374,0,2,42,0,44,128,162,125,3,418,96,0,96,514
07/22/2000,ROC,NY,AEA,CE,Towers with Radar,118,111,76,4,309,0,0,82,1,83,118,111,158,5,392,182,4,186,578
07/23/2000,ROC,NY,AEA,CE,Towers with Radar,107,114,85,5,311,0,0,188,2,190,107,114,273,7,501,128,0,128,629
07/24/2000,ROC,NY,AEA,CE,Towers with Radar,97,152,62,5,316,0,2,102,5,109,97,154,164,10,425,239,32,271,696
07/25/2000,ROC,NY,AEA,CE,Towers with Radar,138,168,110,4,420,0,0,176,4,180,138,168,286,8,600,212,30,242,842
07/26/2000,ROC,NY,AEA,CE,Towers with Radar,98,161,98,4,361,0,0,95,4,99,98,161,193,8,460,278,20,298,758
07/27/2000,ROC,NY,AEA,CE,Towers with Radar,126,158,139,10,433,0,0,103,3,106,126,158,242,13,539,274,32,306,845
07/28/2000,ROC,NY,AEA,CE,Towers with Radar,121,139,81,6,347,0,0,75,0,75,121,139,156,6,422,158,1,159,581
07/29/2000,ROC,NY,AEA,CE,Towers with Radar,90,98,30,6,224,0,0,64,0,64,90,98,94,6,288,244,0,244,532
07/30/2000,ROC,NY,AEA,CE,Towers with Radar,95,97,58,6,256,0,0,14,1,15,95,97,72,7,271,26,1,27,298
07/31/2000,ROC,NY,AEA,CE,Towers with Radar,79,137,44,9,269,0,0,10,1,11,79,137,54,10,280,84,3,87,367
08/01/2000,ROC,NY,AEA,CE,Towers with Radar,116,140,74,3,333,0,2,27,0,29,116,142,101,3,362,138,4,142,504
08/02/2000,ROC,NY,AEA,CE,Towers with Radar,112,155,93,4,364,0,7,49,1,57,112,162,142,5,421,224,2,226,647
08/03/2000,ROC,NY,AEA,CE,Towers with Radar,112,133,80,8,333,0,2,35,2,39,112,135,115,10,372,103,3,106,478
08/04/2000,ROC,NY,AEA,CE,Towers with Radar,108,153,80,4,345,0,7,140,5,152,108,160,220,9,497,72,2,74,571
08/05/2000,ROC,NY,AEA,CE,Towers with Radar,108,103,44,4,259,0,5,175,0,180,108,108,219,4,439,143,2,145,584
08/06/2000,ROC,NY,AEA,CE,Towers with Radar,77,102,99,0,278,0,0,21,1,22,77,102,120,1,300,142,0,142,442
08/07/2000,ROC,NY,AEA,CE,Towers with Radar,113,139,100,4,356,0,3,44,2,49,113,142,144,6,405,54,21,75,480
08/08/2000,ROC,NY,AEA,CE,Towers with Radar,133,169,92,6,400,0,4,103,3,110,133,173,195,9,510,82,1,83,593
08/09/2000,ROC,NY,AEA,CE,Towers with Radar,121,161,79,3,364,0,3,59,0,62,121,164,138,3,426,146,13,159,585
08/10/2000,ROC,NY,AEA,CE,Towers with Radar,114,153,92,3,362,0,2,78,6,86,114,155,170,9,448,124,7,131,579
08/11/2000,ROC,NY,AEA,CE,Towers with Radar,120,158,62,6,346,0,0,50,4,54,120,158,112,10,400,120,0,120,520
08/12/2000,ROC,NY,AEA,CE,Towers with Radar,123,109,60,5,297,0,0,44,1,45,123,109,104,6,342,62,1,63,405
08/13/2000,ROC,NY,AEA,CE,Towers with Radar,92,116,67,6,281,0,2,130,2,134,92,118,197,8,415,108,0,108,523
08/14/2000,ROC,NY,AEA,CE,Towers with Radar,90,139,90,2,321,0,6,115,2,123,90,145,205,4,444,110,1,111,555
08/15/2000,ROC,NY,AEA,CE,Towers with Radar,122,163,91,2,378,0,2,49,4,55,122,165,140,6,433,120,5,125,558
08/16/2000,ROC,NY,AEA,CE,Towers with Radar,132,157,109,4,402,0,5,72,1,78,132,162,181,5,480,54,2,56,536
08/17/2000,ROC,NY,AEA,CE,Towers with Radar,120,163,109,5,397,0,5,113,6,124,120,168,222,11,521,248,16,264,785
08/18/2000,ROC,NY,AEA,CE,Towers with Radar,146,158,94,2,400,0,10,80,1,91,146,168,174,3,491,62,5,67,558
08/19/2000,ROC,NY,AEA,CE,Towers with Radar,100,115,56,1,272,0,2,65,1,68,100,117,121,2,340,188,2,190,530
08/20/2000,ROC,NY,AEA,CE,Towers with Radar,93,115,63,5,276,10,0,196,2,208,103,115,259,7,484,46,0,46,530
08/21/2000,ROC,NY,AEA,CE,Towers with Radar,102,149,71,0,322,0,15,154,2,171,102,164,225,2,493,43,2,45,538
08/22/2000,ROC,NY,AEA,CE,Towers with Radar,135,156,73,6,370,0,8,126,2,136,135,164,199,8,506,52,1,53,559
08/23/2000,ROC,NY,AEA,CE,Towers with Radar,126,161,81,4,372,0,1,13,2,16,126,162,94,6,388,18,4,22,410
08/24/2000,ROC,NY,AEA,CE,Towers with Radar,139,160,106,9,414,0,8,102,2,112,139,168,208,11,526,54,9,63,589
08/25/2000,ROC,NY,AEA,CE,Towers with Radar,125,163,48,12,348,0,3,73,3,79,125,166,121,15,427,32,136,168,595
08/26/2000,ROC,NY,AEA,CE,Towers with Radar,119,104,34,17,274,0,0,27,3,30,119,104,61,20,304,0,152,152,456
08/27/2000,ROC,NY,AEA,CE,Towers with Radar,102,111,20,37,270,0,1,27,2,30,102,112,47,39,300,0,200,200,500
08/28/2000,ROC,NY,AEA,CE,Towers with Radar,93,155,58,6,312,0,1,74,2,77,93,156,132,8,389,38,2,40,429
08/29/2000,ROC,NY,AEA,CE,Towers with Radar,124,168,87,7,386,0,2,88,3,93,124,170,175,10,479,44,0,44,523
08/30/2000,ROC,NY,AEA,CE,Towers with Radar,136,165,90,5,396,0,7,116,1,124,136,172,206,6,520,92,6,98,618
08/31/2000,ROC,NY,AEA,CE,Towers with Radar,116,157,86,16,375,0,4,134,4,142,116,161,220,20,517,230,13,243,760
09/01/2000,ROC,NY,AEA,CE,Towers with Radar,127,174,80,10,391,0,4,66,2,72,127,178,146,12,463,112,2,114,577
09/02/2000,ROC,NY,AEA,CE,Towers with Radar,115,106,46,4,271,0,1,0,2,3,115,107,46,6,274,8,0,8,282
09/03/2000,ROC,NY,AEA,CE,Towers with Radar,86,93,51,3,233,19,0,17,3,39,105,93,68,6,272,0,0,0,272
09/04/2000,ROC,NY,AEA,CE,Towers with Radar,98,117,27,4,246,0,1,11,0,12,98,118,38,4,258,16,0,16,274
09/05/2000,ROC,NY,AEA,CE,Towers with Radar,100,174,57,4,335,0,6,102,1,109,100,180,159,5,444,202,10,212,656
09/06/2000,ROC,NY,AEA,CE,Towers with Radar,122,173,99,6,400,0,3,156,1,160,122,176,255,7,560,120,9,129,689
09/07/2000,ROC,NY,AEA,CE,Towers with Radar,124,178,55,14,371,0,4,133,1,138,124,182,188,15,509,238,31,269,778
09/08/2000,ROC,NY,AEA,CE,Towers with Radar,111,175,67,2,355,0,9,65,2,76,111,184,132,4,431,127,14,141,572
09/09/2000,ROC,NY,AEA,CE,Towers with Radar,110,129,64,9,312,0,2,40,4,46,110,131,104,13,358,48,10,58,416
09/10/2000,ROC,NY,AEA,CE,Towers with Radar,90,118,71,8,287,0,1,109,1,111,90,119,180,9,398,114,14,128,526
09/11/2000,ROC,NY,AEA,CE,Towers with Radar,93,174,59,6,332,0,2,38,0,40,93,176,97,6,372,71,2,73,445
09/12/2000,ROC,NY,AEA,CE,Towers with Radar,114,152,77,6,349,0,3,21,0,24,114,155,98,6,373,40,20,60,433
09/13/2000,ROC,NY,AEA,CE,Towers with Radar,114,163,73,1,351,0,4,119,2,125,114,167,192,3,476,56,16,72,548
09/14/2000,ROC,NY,AEA,CE,Towers with Radar,120,181,67,8,376,0,2,63,2,67,120,183,130,10,443,108,30,138,581
09/15/2000,ROC,NY,AEA,CE,Towers with Radar,124,162,66,5,357,0,1,15,1,17,124,163,81,6,374,18,0,18,392
09/16/2000,ROC,NY,AEA,CE,Towers with Radar,113,123,40,0,276,0,1,50,1,52,113,124,90,1,328,100,0,100,428
09/17/2000,ROC,NY,AEA,CE,Towers with Radar,90,120,34,3,247,0,3,49,5,57,90,123,83,8,304,88,0,88,392
09/18/2000,ROC,NY,AEA,CE,Towers with Radar,97,167,56,8,328,0,4,130,6,140,97,171,186,14,468,286,17,303,771
09/19/2000,ROC,NY,AEA,CE,Towers with Radar,119,168,87,8,382,0,7,107,1,115,119,175,194,9,497,250,10,260,757
09/20/2000,ROC,NY,AEA,CE,Towers with Radar,135,170,97,16,418,0,6,146,3,155,135,176,243,19,573,118,22,140,713
09/21/2000,ROC,NY,AEA,CE,Towers with Radar,134,176,78,4,392,0,2,13,1,16,134,178,91,5,408,30,0,30,438
09/22/2000,ROC,NY,AEA,CE,Towers with Radar,115,174,83,6,378,0,5,114,2,121,115,179,197,8,499,174,0,174,673
09/23/2000,ROC,NY,AEA,CE,Towers with Radar,106,129,34,2,271,0,0,6,0,6,106,129,40,2,277,68,0,68,345
09/24/2000,ROC,NY,AEA,CE,Towers with Radar,101,123,63,3,290,0,1,34,2,37,101,124,97,5,327,30,0,30,357
09/25/2000,ROC,NY,AEA,CE,Towers with Radar,104,156,62,4,326,0,1,125,4,130,104,157,187,8,456,98,0,98,554
09/26/2000,ROC,NY,AEA,CE,Towers with Radar,130,164,69,1,364,0,1,111,2,114,130,165,180,3,478,257,0,257,735
09/27/2000,ROC,NY,AEA,CE,Towers with Radar,110,186,90,4,390,0,3,63,0,66,110,189,153,4,456,92,2,94,550
09/28/2000,ROC,NY,AEA,CE,Towers with Radar,129,176,113,7,425,0,1,93,2,96,129,177,206,9,521,206,0,206,727
09/29/2000,ROC,NY,AEA,CE,Towers with Radar,122,171,70,1,364,0,3,149,2,154,122,174,219,3,518,176,0,176,694
09/30/2000,ROC,NY,AEA,CE,Towers with Radar,123,112,57,4,296,0,0,126,4,130,123,112,183,8,426,63,0,63,489
10/01/2000,ROC,NY,AEA,CE,Towers with Radar,95,110,54,2,261,0,1,138,3,142,95,111,192,5,403,122,0,122,525
10/02/2000,ROC,NY,AEA,CE,Towers with Radar,102,162,52,2,318,0,3,83,2,88,102,165,135,4,406,234,4,238,644
10/03/2000,ROC,NY,AEA,CE,Towers with Radar,124,175,84,7,390,0,1,69,3,73,124,176,153,10,463,151,23,174,637
10/04/2000,ROC,NY,AEA,CE,Towers with Radar,127,156,69,1,353,0,0,22,0,22,127,156,91,1,375,50,0,50,425
10/05/2000,ROC,NY,AEA,CE,Towers with Radar,121,174,78,9,382,0,1,35,0,36,121,175,113,9,418,106,3,109,527
10/06/2000,ROC,NY,AEA,CE,Towers with Radar,120,166,65,5,356,0,1,9,0,10,120,167,74,5,366,90,4,94,460
10/07/2000,ROC,NY,AEA,CE,Towers with Radar,129,116,41,2,288,0,1,51,0,52,129,117,92,2,340,94,0,94,434
10/08/2000,ROC,NY,AEA,CE,Towers with Radar,81,104,15,1,201,0,0,14,1,15,81,104,29,2,216,94,0,94,310
10/09/2000,ROC,NY,AEA,CE,Towers with Radar,97,142,53,3,295,0,3,40,1,44,97,145,93,4,339,72,0,72,411
10/10/2000,ROC,NY,AEA,CE,Towers with Radar,125,160,90,2,377,0,3,54,0,57,125,163,144,2,434,116,8,124,558
10/11/2000,ROC,NY,AEA,CE,Towers with Radar,122,176,92,3,393,0,4,95,1,100,122,180,187,4,493,100,0,100,593
10/12/2000,ROC,NY,AEA,CE,Towers with Radar,118,167,69,7,361,0,2,123,5,130,118,169,192,12,491,138,2,140,631
10/13/2000,ROC,NY,AEA,CE,Towers with Radar,115,179,94,4,392,0,3,156,1,160,115,182,250,5,552,156,2,158,710
10/14/2000,ROC,NY,AEA,CE,Towers with Radar,118,132,63,3,316,0,9,113,5,127,118,141,176,8,443,102,0,102,545
10/15/2000,ROC,NY,AEA,CE,Towers with Radar,85,126,67,0,278,0,0,29,2,31,85,126,96,2,309,122,8,130,439
10/16/2000,ROC,NY,AEA,CE,Towers with Radar,104,170,59,1,334,0,0,2,0,2,104,170,61,1,336,0,0,0,336
10/17/2000,ROC,NY,AEA,CE,Towers with Radar,123,186,88,4,401,0,0,3,1,4,123,186,91,5,405,82,3,85,490
10/18/2000,ROC,NY,AEA,CE,Towers with Radar,125,179,100,7,411,0,1,40,0,41,125,180,140,7,452,174,0,174,626
10/19/2000,ROC,NY,AEA,CE,Towers with Radar,121,175,69,11,376,0,3,103,4,110,121,178,172,15,486,178,31,209,695
10/20/2000,ROC,NY,AEA,CE,Towers with Radar,119,171,75,5,370,0,1,142,0,143,119,172,217,5,513,152,1,153,666
10/21/2000,ROC,NY,AEA,CE,Towers with Radar,109,121,37,5,272,0,1,131,1,133,109,122,168,6,405,99,2,101,506
10/22/2000,ROC,NY,AEA,CE,Towers with Radar,108,128,39,1,276,0,3,161,1,165,108,131,200,2,441,156,0,156,597
10/23/2000,ROC,NY,AEA,CE,Towers with Radar,105,155,54,2,316,0,3,128,0,131,105,158,182,2,447,183,0,183,630
10/24/2000,ROC,NY,AEA,CE,Towers with Radar,125,178,98,3,404,0,1,22,1,24,125,179,120,4,428,224,6,230,658
10/25/2000,ROC,NY,AEA,CE,Towers with Radar,128,190,102,4,424,0,1,11,0,12,128,191,113,4,436,40,0,40,476
10/26/2000,ROC,NY,AEA,CE,Towers with Radar,129,149,86,5,369,0,1,79,1,81,129,150,165,6,450,147,6,153,603
10/27/2000,ROC,NY,AEA,CE,Towers with Radar,129,179,54,4,366,0,3,63,4,70,129,182,117,8,436,110,0,110,546
10/28/2000,ROC,NY,AEA,CE,Towers with Radar,104,121,29,0,254,0,0,16,2,18,104,121,45,2,272,73,0,73,345
10/29/2000,ROC,NY,AEA,CE,Towers with Radar,84,103,39,2,228,0,0,61,2,63,84,103,100,4,291,64,0,64,355
10/30/2000,ROC,NY,AEA,CE,Towers with Radar,96,163,51,1,311,0,4,84,2,90,96,167,135,3,401,99,10,109,510
10/31/2000,ROC,NY,AEA,CE,Towers with Radar,122,175,56,2,355,0,2,93,1,96,122,177,149,3,451,138,11,149,600
11/01/2000,ROC,NY,AEA,CE,Towers with Radar,131,172,84,2,389,0,0,121,2,123,131,172,205,4,512,162,14,176,688
11/02/2000,ROC,NY,AEA,CE,Towers with Radar,116,167,77,8,368,0,5,95,1,101,116,172,172,9,469,130,2,132,601
11/03/2000,ROC,NY,AEA,CE,Towers with Radar,117,170,75,2,364,0,1,55,2,58,117,171,130,4,422,160,4,164,586
11/04/2000,ROC,NY,AEA,CE,Towers with Radar,114,120,41,2,277,0,2,59,1,62,114,122,100,3,339,95,5,100,439
11/05/2000,ROC,NY,AEA,CE,Towers with Radar,84,96,39,4,223,0,0,48,1,49,84,96,87,5,272,48,1,49,321
11/06/2000,ROC,NY,AEA,CE,Towers with Radar,97,148,56,5,306,0,2,86,0,88,97,150,142,5,394,192,6,198,592
11/07/2000,ROC,NY,AEA,CE,Towers with Radar,133,161,88,4,386,0,3,106,4,113,133,164,194,8,499,51,3,54,553
11/08/2000,ROC,NY,AEA,CE,Towers with Radar,109,179,71,4,363,0,3,53,2,58,109,182,124,6,421,44,7,51,472
11/09/2000,ROC,NY,AEA,CE,Towers with Radar,125,167,82,5,379,0,0,12,0,12,125,167,94,5,391,118,13,131,522
11/10/2000,ROC,NY,AEA,CE,Towers with Radar,119,156,81,6,362,0,1,0,1,2,119,157,81,7,364,10,0,10,374
11/11/2000,ROC,NY,AEA,CE,Towers with Radar,114,121,56,0,291,0,1,25,0,26,114,122,81,0,317,222,15,237,554
11/12/2000,ROC,NY,AEA,CE,Towers with Radar,86,126,67,4,283,0,0,26,0,26,86,126,93,4,309,202,2,204,513
11/13/2000,ROC,NY,AEA,CE,Towers with Radar,106,163,84,0,353,0,2,41,1,44,106,165,125,1,397,142,20,162,559
11/14/2000,ROC,NY,AEA,CE,Towers with Radar,117,168,57,3,345,0,2,36,2,40,117,170,93,5,385,56,4,60,445
11/15/2000,ROC,NY,AEA,CE,Towers with Radar,115,172,66,2,355,0,2,16,1,19,115,174,82,3,374,46,6,52,426
11/16/2000,ROC,NY,AEA,CE,Towers with Radar,119,167,83,3,372,0,2,79,7,88,119,169,162,10,460,116,25,141,601
11/17/2000,ROC,NY,AEA,CE,Towers with Radar,121,164,43,1,329,0,2,18,1,21,121,166,61,2,350,134,2,136,486
11/18/2000,ROC,NY,AEA,CE,Towers with Radar,110,124,33,1,268,0,0,55,0,55,110,124,88,1,323,168,0,168,491
11/19/2000,ROC,NY,AEA,CE,Towers with Radar,104,119,45,7,275,0,0,28,1,29,104,119,73,8,304,114,2,116,420
11/20/2000,ROC,NY,AEA,CE,Towers with Radar,106,163,49,6,324,0,0,22,2,24,106,163,71,8,348,210,8,218,566
11/21/2000,ROC,NY,AEA,CE,Towers with Radar,128,168,69,2,367,0,2,9,0,11,128,170,78,2,378,11,0,11,389
11/22/2000,ROC,NY,AEA,CE,Towers with Radar,117,164,51,2,334,0,0,4,0,4,117,164,55,2,338,0,0,0,338
11/23/2000,ROC,NY,AEA,CE,Towers with Radar,111,113,11,2,237,0,0,3,0,3,111,113,14,2,240,0,0,0,240
11/24/2000,ROC,NY,AEA,CE,Towers with Radar,56,93,25,1,175,0,2,55,5,62,56,95,80,6,237,58,0,58,295
11/25/2000,ROC,NY,AEA,CE,Towers with Radar,91,106,34,4,235,0,0,106,0,106,91,106,140,4,341,209,0,209,550
11/26/2000,ROC,NY,AEA,CE,Towers with Radar,95,117,28,0,240,0,0,0,0,0,95,117,28,0,240,0,0,0,240
11/27/2000,ROC,NY,AEA,CE,Towers with Radar,102,170,74,3,349,0,0,2,1,3,102,170,76,4,352,43,3,46,398
11/28/2000,ROC,NY,AEA,CE,Towers with Radar,122,165,71,3,361,0,1,6,3,10,122,166,77,6,371,10,0,10,381
11/29/2000,ROC,NY,AEA,CE,Towers with Radar,116,164,65,3,348,0,2,23,0,25,116,166,88,3,373,140,13,153,526
11/30/2000,ROC,NY,AEA,CE,Towers with Radar,134,169,45,6,354,0,2,5,4,11,134,171,50,10,365,42,3,45,410
12/01/2000,ROC,NY,AEA,CE,Towers with Radar,119,161,71,7,358,1,1,35,1,38,120,162,106,8,396,234,9,243,639
12/02/2000,ROC,NY,AEA,CE,Towers with Radar,110,109,44,1,264,1,0,17,1,19,111,109,61,2,283,36,0,36,319
12/03/2000,ROC,NY,AEA,CE,Towers with Radar,88,119,49,2,258,1,2,95,0,98,89,121,144,2,356,90,0,90,446
12/04/2000,ROC,NY,AEA,CE,Towers with Radar,89,174,68,1,332,1,1,78,1,81,90,175,146,2,413,152,0,152,565
12/05/2000,ROC,NY,AEA,CE,Towers with Radar,133,181,63,7,384,1,0,7,1,9,134,181,70,8,393,54,0,54,447
12/06/2000,ROC,NY,AEA,CE,Towers with Radar,137,175,78,4,394,1,3,17,4,25,138,178,95,8,419,140,0,140,559
12/07/2000,ROC,NY,AEA,CE,Towers with Radar,136,170,62,2,370,1,1,11,5,18,137,171,73,7,388,154,0,154,542
12/08/2000,ROC,NY,AEA,CE,Towers with Radar,129,176,59,3,367,0,4,24,2,30,129,180,83,5,397,184,34,218,615
12/09/2000,ROC,NY,AEA,CE,Towers with Radar,112,118,35,1,266,0,8,93,6,107,112,126,128,7,373,53,35,88,461
12/10/2000,ROC,NY,AEA,CE,Towers with Radar,87,132,46,3,268,0,3,48,3,54,87,135,94,6,322,175,0,175,497
12/11/2000,ROC,NY,AEA,CE,Towers with Radar,92,152,77,6,327,0,0,5,4,9,92,152,82,10,336,2,0,2,338
12/12/2000,ROC,NY,AEA,CE,Towers with Radar,83,95,27,1,206,0,0,1,0,1,83,95,28,1,207,0,0,0,207
12/13/2000,ROC,NY,AEA,CE,Towers with Radar,126,173,56,7,362,0,1,61,1,63,126,174,117,8,425,12,18,30,455
12/14/2000,ROC,NY,AEA,CE,Towers with Radar,104,134,44,3,285,0,0,7,1,8,104,134,51,4,293,0,4,4,297
12/15/2000,ROC,NY,AEA,CE,Towers with Radar,121,178,75,3,377,0,3,68,1,72,121,181,143,4,449,82,14,96,545
12/16/2000,ROC,NY,AEA,CE,Towers with Radar,117,114,31,0,262,0,0,10,0,10,117,114,41,0,272,48,24,72,344
12/17/2000,ROC,NY,AEA,CE,Towers with Radar,83,88,23,2,196,0,0,4,0,4,83,88,27,2,200,94,0,94,294
12/18/2000,ROC,NY,AEA,CE,Towers with Radar,112,153,70,4,339,0,1,19,2,22,112,154,89,6,361,82,13,95,456
12/19/2000,ROC,NY,AEA,CE,Towers with Radar,117,171,80,3,371,0,2,10,1,13,117,173,90,4,384,96,39,135,519
12/20/2000,ROC,NY,AEA,CE,Towers with Radar,126,148,80,2,356,0,1,1,2,4,126,149,81,4,360,0,12,12,372
12/21/2000,ROC,NY,AEA,CE,Towers with Radar,125,174,46,2,347,0,1,31,1,33,125,175,77,3,380,104,12,116,496
12/22/2000,ROC,NY,AEA,CE,Towers with Radar,135,171,28,0,334,0,1,5,0,6,135,172,33,0,340,82,0,82,422
12/23/2000,ROC,NY,AEA,CE,Towers with Radar,125,116,25,0,266,0,0,21,1,22,125,116,46,1,288,90,0,90,378
12/24/2000,ROC,NY,AEA,CE,Towers with Radar,73,92,8,0,173,0,0,1,0,1,73,92,9,0,174,0,0,0,174
12/25/2000,ROC,NY,AEA,CE,Towers with Radar,80,82,6,0,168,0,0,2,0,2,80,82,8,0,170,0,0,0,170
12/26/2000,ROC,NY,AEA,CE,Towers with Radar,89,147,35,4,275,0,2,12,1,15,89,149,47,5,290,32,0,32,322
12/27/2000,ROC,NY,AEA,CE,Towers with Radar,118,159,28,3,308,0,2,10,0,12,118,161,38,3,320,14,1,15,335
12/28/2000,ROC,NY,AEA,CE,Towers with Radar,120,163,35,0,318,0,0,8,1,9,120,163,43,1,327,30,6,36,363
12/29/2000,ROC,NY,AEA,CE,Towers with Radar,137,171,54,2,364,0,1,12,5,18,137,172,66,7,382,64,0,64,446
12/30/2000,ROC,NY,AEA,CE,Towers with Radar,83,67,30,0,180,0,0,2,1,3,83,67,32,1,183,0,0,0,183
12/31/2000,ROC,NY,AEA,CE,Towers with Radar,62,73,2,6,143,0,0,0,0,0,62,73,2,6,143,0,0,0,143
01/01/2001,ROC,NY,AEA,CE,Towers with Radar,83,80,13,0,176,0,0,11,0,11,83,80,24,0,187,0,0,0,187
01/02/2001,ROC,NY,AEA,CE,Towers with Radar,103,158,31,2,294,0,1,16,0,17,103,159,47,2,311,42,0,42,353
01/03/2001,ROC,NY,AEA,CE,Towers with Radar,130,167,58,0,355,0,3,50,4,57,130,170,108,4,412,80,14,94,506
01/04/2001,ROC,NY,AEA,CE,Towers with Radar,123,171,49,4,347,0,0,1,0,1,123,171,50,4,348,0,0,0,348
01/05/2001,ROC,NY,AEA,CE,Towers with Radar,108,158,22,0,288,0,0,0,0,0,108,158,22,0,288,0,0,0,288
01/06/2001,ROC,NY,AEA,CE,Towers with Radar,116,122,33,8,279,0,0,41,0,41,116,122,74,8,320,46,16,62,382
01/07/2001,ROC,NY,AEA,CE,Towers with Radar,100,111,29,1,241,0,0,5,1,6,100,111,34,2,247,0,0,0,247
01/08/2001,ROC,NY,AEA,CE,Towers with Radar,103,160,36,5,304,0,0,8,1,9,103,160,44,6,313,68,2,70,383
01/09/2001,ROC,NY,AEA,CE,Towers with Radar,129,173,45,2,349,0,0,4,1,5,129,173,49,3,354,0,0,0,354
01/10/2001,ROC,NY,AEA,CE,Towers with Radar,118,175,48,5,346,0,0,14,0,14,118,175,62,5,360,25,25,50,410
01/11/2001,ROC,NY,AEA,CE,Towers with Radar,120,183,50,3,356,0,2,18,1,21,120,185,68,4,377,186,4,190,567
01/12/2001,ROC,NY,AEA,CE,Towers with Radar,126,182,41,2,351,0,3,60,2,65,126,185,101,4,416,8,0,8,424
01/13/2001,ROC,NY,AEA,CE,Towers with Radar,112,120,34,0,266,0,0,86,3,89,112,120,120,3,355,212,0,212,567
01/14/2001,ROC,NY,AEA,CE,Towers with Radar,95,113,56,3,267,0,0,13,0,13,95,113,69,3,280,0,0,0,280
01/15/2001,ROC,NY,AEA,CE,Towers with Radar,92,155,31,1,279,0,1,1,0,2,92,156,32,1,281,70,1,71,352
01/16/2001,ROC,NY,AEA,CE,Towers with Radar,140,184,42,1,367,0,1,1,1,3,140,185,43,2,370,30,0,30,400
01/17/2001,ROC,NY,AEA,CE,Towers with Radar,140,182,40,3,365,0,0,2,0,2,140,182,42,3,367,0,2,2,369
01/18/2001,ROC,NY,AEA,CE,Towers with Radar,123,174,54,7,358,0,3,54,4,61,123,177,108,11,419,42,22,64,483
01/19/2001,ROC,NY,AEA,CE,Towers with Radar,131,172,69,5,377,0,1,2,0,3,131,173,71,5,380,54,2,56,436
01/20/2001,ROC,NY,AEA,CE,Towers with Radar,108,109,35,0,252,0,0,1,1,2,108,109,36,1,254,41,27,68,322
01/21/2001,ROC,NY,AEA,CE,Towers with Radar,76,89,29,4,198,0,0,28,2,30,76,89,57,6,228,84,49,133,361
01/22/2001,ROC,NY,AEA,CE,Towers with Radar,116,175,43,4,338,0,3,32,0,35,116,178,75,4,373,90,10,100,473
01/23/2001,ROC,NY,AEA,CE,Towers with Radar,118,187,57,6,368,0,1,47,2,50,118,188,104,8,418,92,23,115,533
01/24/2001,ROC,NY,AEA,CE,Towers with Radar,123,182,79,7,391,0,2,13,1,16,123,184,92,8,407,110,21,131,538
01/25/2001,ROC,NY,AEA,CE,Towers with Radar,124,191,53,2,370,0,1,12,1,14,124,192,65,3,384,34,19,53,437
01/26/2001,ROC,NY,AEA,CE,Towers with Radar,129,174,53,4,360,0,4,92,4,100,129,178,145,8,460,48,6,54,514
01/27/2001,ROC,NY,AEA,CE,Towers with Radar,130,115,37,4,286,0,0,5,0,5,130,115,42,4,291,8,0,8,299
01/28/2001,ROC,NY,AEA,CE,Towers with Radar,101,117,46,3,267,0,0,8,1,9,101,117,54,4,276,0,0,0,276
01/29/2001,ROC,NY,AEA,CE,Towers with Radar,92,186,44,1,323,0,2,78,5,85,92,188,122,6,408,139,2,141,549
01/30/2001,ROC,NY,AEA,CE,Towers with Radar,141,165,35,4,345,0,0,6,2,8,141,165,41,6,353,0,0,0,353
01/31/2001,ROC,NY,AEA,CE,Towers with Radar,118,174,61,2,355,0,1,0,0,1,118,175,61,2,356,96,9,105,461
02/01/2001,ROC,NY,AEA,CE,Towers with Radar,126,174,66,5,371,0,4,16,0,20,126,178,82,5,391,96,14,110,501
02/02/2001,ROC,NY,AEA,CE,Towers with Radar,118,171,42,2,333,0,2,5,1,8,118,173,47,3,341,78,2,80,421
02/03/2001,ROC,NY,AEA,CE,Towers with Radar,103,115,43,2,263,0,1,11,1,13,103,116,54,3,276,29,50,79,355
02/04/2001,ROC,NY,AEA,CE,Towers with Radar,85,121,46,3,255,0,4,59,0,63,85,125,105,3,318,130,8,138,456
02/05/2001,ROC,NY,AEA,CE,Towers with Radar,96,139,58,4,297,0,2,30,1,33,96,141,88,5,330,206,40,246,576
02/06/2001,ROC,NY,AEA,CE,Towers with Radar,129,151,56,5,341,0,0,0,1,1,129,151,56,6,342,0,0,0,342
02/07/2001,ROC,NY,AEA,CE,Towers with Radar,118,185,60,4,367,0,2,27,2,31,118,187,87,6,398,40,0,40,438
02/08/2001,ROC,NY,AEA,CE,Towers with Radar,120,174,49,4,347,0,0,2,0,2,120,174,51,4,349,30,1,31,380
02/09/2001,ROC,NY,AEA,CE,Towers with Radar,133,175,58,3,369,0,1,47,0,48,133,176,105,3,417,142,34,176,593
02/10/2001,ROC,NY,AEA,CE,Towers with Radar,114,119,20,0,253,0,0,5,0,5,114,119,25,0,258,20,0,20,278
02/11/2001,ROC,NY,AEA,CE,Towers with Radar,84,109,35,1,229,0,0,44,1,45,84,109,79,2,274,48,2,50,324
02/12/2001,ROC,NY,AEA,CE,Towers with Radar,102,165,60,2,329,0,3,71,3,77,102,168,131,5,406,30,20,50,456
02/13/2001,ROC,NY,AEA,CE,Towers with Radar,124,175,67,6,372,0,1,66,1,68,124,176,133,7,440,65,14,79,519
02/14/2001,ROC,NY,AEA,CE,Towers with Radar,114,172,55,12,353,0,1,7,0,8,114,173,62,12,361,58,16,74,435
02/15/2001,ROC,NY,AEA,CE,Towers with Radar,131,182,68,2,383,0,0,4,1,5,131,182,72,3,388,0,7,7,395
02/16/2001,ROC,NY,AEA,CE,Towers with Radar,117,183,84,10,394,0,1,21,0,22,117,184,105,10,416,62,1,63,479
02/17/2001,ROC,NY,AEA,CE,Towers with Radar,128,126,30,3,287,0,0,32,1,33,128,126,62,4,320,10,0,10,330
02/18/2001,ROC,NY,AEA,CE,Towers with Radar,101,120,25,1,247,0,0,18,1,19,101,120,43,2,266,0,0,0,266
02/19/2001,ROC,NY,AEA,CE,Towers with Radar,110,177,27,3,317,0,2,38,0,40,110,179,65,3,357,66,0,66,423
02/20/2001,ROC,NY,AEA,CE,Towers with Radar,139,180,51,1,371,0,1,33,2,36,139,181,84,3,407,53,17,70,477
02/21/2001,ROC,NY,AEA,CE,Towers with Radar,117,179,41,20,357,0,0,4,2,6,117,179,45,22,363,66,15,81,444
02/22/2001,ROC,NY,AEA,CE,Towers with Radar,114,175,34,7,330,0,1,23,0,24,114,176,57,7,354,126,29,155,509
02/23/2001,ROC,NY,AEA,CE,Towers with Radar,114,181,45,0,340,0,0,4,1,5,114,181,49,1,345,1,17,18,363
02/24/2001,ROC,NY,AEA,CE,Towers with Radar,112,124,47,1,284,0,0,106,2,108,112,124,153,3,392,128,0,128,520
02/25/2001,ROC,NY,AEA,CE,Towers with Radar,92,91,13,6,202,0,0,5,1,6,92,91,18,7,208,2,0,2,210
02/26/2001,ROC,NY,AEA,CE,Towers with Radar,102,168,31,2,303,0,0,12,4,16,102,168,43,6,319,60,1,61,380
02/27/2001,ROC,NY,AEA,CE,Towers with Radar,121,180,63,6,370,0,1,6,0,7,121,181,69,6,377,54,0,54,431
02/28/2001,ROC,NY,AEA,CE,Towers with Radar,125,186,80,3,394,0,2,5,0,7,125,188,85,3,401,11,0,11,412
03/01/2001,ROC,NY,AEA,CE,Towers with Radar,114,191,56,3,364,0,1,1,0,2,114,192,57,3,366,18,8,26,392
03/02/2001,ROC,NY,AEA,CE,Towers with Radar,115,166,35,6,322,0,0,0,0,0,115,166,35,6,322,0,0,0,322
03/03/2001,ROC,NY,AEA,CE,Towers with Radar,105,121,18,0,244,0,0,5,4,9,105,121,23,4,253,72,4,76,329
03/04/2001,ROC,NY,AEA,CE,Towers with Radar,97,97,60,2,256,0,5,23,5,33,97,102,83,7,289,48,1,49,338
03/05/2001,ROC,NY,AEA,CE,Towers with Radar,80,54,29,2,165,0,0,0,0,0,80,54,29,2,165,0,0,0,165
03/06/2001,ROC,NY,AEA,CE,Towers with Radar,87,76,20,2,185,0,0,0,1,1,87,76,20,3,186,0,0,0,186
03/07/2001,ROC,NY,AEA,CE,Towers with Radar,117,159,71,1,348,0,4,91,2,97,117,163,162,3,445,98,9,107,552
03/08/2001,ROC,NY,AEA,CE,Towers with Radar,128,181,55,14,378,0,1,29,2,32,128,182,84,16,410,50,25,75,485
03/09/2001,ROC,NY,AEA,CE,Towers with Radar,125,171,56,5,357,0,1,22,27,50,125,172,78,32,407,92,0,92,499
03/10/2001,ROC,NY,AEA,CE,Towers with Radar,104,112,58,2,276,0,2,39,3,44,104,114,97,5,320,130,42,172,492
03/11/2001,ROC,NY,AEA,CE,Towers with Radar,91,111,23,6,231,0,0,11,2,13,91,111,34,8,244,0,0,0,244
03/12/2001,ROC,NY,AEA,CE,Towers with Radar,103,167,64,7,341,0,3,80,5,88,103,170,144,12,429,78,4,82,511
03/13/2001,ROC,NY,AEA,CE,Towers with Radar,141,173,48,5,367,0,1,5,10,16,141,174,53,15,383,28,16,44,427
03/14/2001,ROC,NY,AEA,CE,Towers with Radar,123,171,63,0,357,0,1,12,1,14,123,172,75,1,371,43,0,43,414
03/15/2001,ROC,NY,AEA,CE,Towers with Radar,111,194,60,9,374,0,2,101,7,110,111,196,161,16,484,150,16,166,650
03/16/2001,ROC,NY,AEA,CE,Towers with Radar,116,196,66,2,380,0,3,43,0,46,116,199,109,2,426,134,12,146,572
03/17/2001,ROC,NY,AEA,CE,Towers with Radar,111,115,18,0,244,0,0,0,0,0,111,115,18,0,244,0,0,0,244
03/18/2001,ROC,NY,AEA,CE,Towers with Radar,84,119,41,3,247,0,8,90,3,101,84,127,131,6,348,46,0,46,394
03/19/2001,ROC,NY,AEA,CE,Towers with Radar,91,174,60,1,326,0,2,64,4,70,91,176,124,5,396,184,23,207,603
03/20/2001,ROC,NY,AEA,CE,Towers with Radar,115,181,78,7,381,0,4,90,4,98,115,185,168,11,479,160,10,170,649
03/21/2001,ROC,NY,AEA,CE,Towers with Radar,115,173,79,4,371,0,2,51,6,59,115,175,130,10,430,134,1,135,565
03/22/2001,ROC,NY,AEA,CE,Towers with Radar,90,153,30,7,280,0,0,1,0,1,90,153,31,7,281,0,0,0,281
03/23/2001,ROC,NY,AEA,CE,Towers with Radar,111,178,49,6,344,0,1,50,2,53,111,179,99,8,397,82,15,97,494
03/24/2001,ROC,NY,AEA,CE,Towers with Radar,109,114,23,10,256,0,0,7,0,7,109,114,30,10,263,16,0,16,279
03/25/2001,ROC,NY,AEA,CE,Towers with Radar,83,116,65,1,265,0,0,21,1,22,83,116,86,2,287,98,0,98,385
03/26/2001,ROC,NY,AEA,CE,Towers with Radar,93,153,46,3,295,0,1,9,0,10,93,154,55,3,305,88,4,92,397
03/27/2001,ROC,NY,AEA,CE,Towers with Radar,123,180,64,5,372,0,1,31,1,33,123,181,95,6,405,88,26,114,519
03/28/2001,ROC,NY,AEA,CE,Towers with Radar,114,177,76,8,375,0,1,56,2,59,114,178,132,10,434,182,0,182,616
03/29/2001,ROC,NY,AEA,CE,Towers with Radar,122,180,73,4,379,0,2,90,3,95,122,182,163,7,474,206,22,228,702
03/30/2001,ROC,NY,AEA,CE,Towers with Radar,114,168,41,2,325,0,0,0,0,0,114,168,41,2,325,0,0,0,325
03/31/2001,ROC,NY,AEA,CE,Towers with Radar,104,113,17,0,234,0,0,2,0,2,104,113,19,0,236,0,0,0,236
04/01/2001,ROC,NY,AEA,CE,Towers with Radar,81,118,33,0,232,0,0,4,0,4,81,118,37,0,236,142,0,142,378
04/02/2001,ROC,NY,AEA,CE,Towers with Radar,97,159,44,0,300,0,2,11,0,13,97,161,55,0,313,26,0,26,339
04/03/2001,ROC,NY,AEA,CE,Towers with Radar,120,175,71,6,372,0,1,58,2,61,120,176,129,8,433,157,2,159,592
04/04/2001,ROC,NY,AEA,CE,Towers with Radar,115,178,54,3,350,0,4,99,1,104,115,182,153,4,454,143,18,161,615
04/05/2001,ROC,NY,AEA,CE,Towers with Radar,115,187,69,7,378,0,1,112,3,116,115,188,181,10,494,169,15,184,678
04/06/2001,ROC,NY,AEA,CE,Towers with Radar,115,163,89,8,375,0,5,13,1,19,115,168,102,9,394,28,0,28,422
04/07/2001,ROC,NY,AEA,CE,Towers with Radar,98,111,65,4,278,0,0,15,0,15,98,111,80,4,293,84,0,84,377
04/08/2001,ROC,NY,AEA,CE,Towers with Radar,102,116,29,7,254,0,0,48,2,50,102,116,77,9,304,68,36,104,408
04/09/2001,ROC,NY,AEA,CE,Towers with Radar,108,143,62,5,318,0,3,45,1,49,108,146,107,6,367,124,8,132,499
04/10/2001,ROC,NY,AEA,CE,Towers with Radar,135,166,72,1,374,0,2,111,3,116,135,168,183,4,490,154,8,162,652
04/11/2001,ROC,NY,AEA,CE,Towers with Radar,126,169,70,1,366,0,1,41,4,46,126,170,111,5,412,296,9,305,717
04/12/2001,ROC,NY,AEA,CE,Towers with Radar,128,175,45,2,350,0,0,14,1,15,128,175,59,3,365,0,28,28,393
04/13/2001,ROC,NY,AEA,CE,Towers with Radar,125,161,49,5,340,0,1,34,3,38,125,162,83,8,378,46,2,48,426
04/14/2001,ROC,NY,AEA,CE,Towers with Radar,127,120,29,9,285,0,12,128,2,142,127,132,157,11,427,162,0,162,589
04/15/2001,ROC,NY,AEA,CE,Towers with Radar,92,107,39,0,238,0,1,54,2,57,92,108,93,2,295,140,0,140,435
04/16/2001,ROC,NY,AEA,CE,Towers with Radar,96,158,51,2,307,0,2,70,0,72,96,160,121,2,379,154,10,164,543
04/17/2001,ROC,NY,AEA,CE,Towers with Radar,127,169,53,4,353,0,3,26,0,29,127,172,79,4,382,24,14,38,420
04/18/2001,ROC,NY,AEA,CE,Towers with Radar,115,170,57,12,354,0,3,46,3,52,115,173,103,15,406,36,8,44,450
04/19/2001,ROC,NY,AEA,CE,Towers with Radar,113,167,95,15,390,0,4,168,1,173,113,171,263,16,563,235,4,239,802
04/20/2001,ROC,NY,AEA,CE,Towers with Radar,128,189,58,2,377,0,3,105,2,110,128,192,163,4,487,120,6,126,613
04/21/2001,ROC,NY,AEA,CE,Towers with Radar,114,113,51,4,282,0,2,39,1,42,114,115,90,5,324,99,12,111,435
04/22/2001,ROC,NY,AEA,CE,Towers with Radar,111,119,30,2,262,0,2,95,0,97,111,121,125,2,359,92,0,92,451
04/23/2001,ROC,NY,AEA,CE,Towers with Radar,94,154,65,5,318,0,4,77,2,83,94,158,142,7,401,170,9,179,580
04/24/2001,ROC,NY,AEA,CE,Towers with Radar,134,183,86,1,404,0,0,13,3,16,134,183,99,4,420,0,0,0,420
04/25/2001,ROC,NY,AEA,CE,Towers with Radar,119,162,69,8,358,0,2,113,3,118,119,164,182,11,476,102,4,106,582
04/26/2001,ROC,NY,AEA,CE,Towers with Radar,117,183,47,13,360,0,3,121,3,127,117,186,168,16,487,276,35,311,798
04/27/2001,ROC,NY,AEA,CE,Towers with Radar,126,182,62,4,374,0,2,99,1,102,126,184,161,5,476,112,13,125,601
04/28/2001,ROC,NY,AEA,CE,Towers with Radar,119,114,43,7,283,0,1,111,4,116,119,115,154,11,399,162,0,162,561
04/29/2001,ROC,NY,AEA,CE,Towers with Radar,88,112,57,2,259,0,0,142,3,145,88,112,199,5,404,202,0,202,606
04/30/2001,ROC,NY,AEA,CE,Towers with Radar,105,161,39,2,307,0,2,102,1,105,105,163,141,3,412,190,5,195,607
05/01/2001,ROC,NY,AEA,CE,Towers with Radar,118,168,86,4,376,0,4,125,2,131,118,172,211,6,507,198,0,198,705
05/02/2001,ROC,NY,AEA,CE,Towers with Radar,124,172,62,7,365,0,4,95,0,99,124,176,157,7,464,156,10,166,630
05/03/2001,ROC,NY,AEA,CE,Towers with Radar,116,179,66,6,367,0,3,111,4,118,116,182,177,10,485,182,15,197,682
05/04/2001,ROC,NY,AEA,CE,Towers with Radar,115,180,65,0,360,0,1,53,1,55,115,181,118,1,415,83,13,96,511
05/05/2001,ROC,NY,AEA,CE,Towers with Radar,112,102,35,2,251,0,1,99,3,103,112,103,134,5,354,44,25,69,423
05/06/2001,ROC,NY,AEA,CE,Towers with Radar,88,114,39,5,246,0,12,113,2,127,88,126,152,7,373,77,14,91,464
05/07/2001,ROC,NY,AEA,CE,Towers with Radar,88,162,57,3,310,0,1,97,4,102,88,163,154,7,412,100,3,103,515
05/08/2001,ROC,NY,AEA,CE,Towers with Radar,120,169,91,10,390,0,1,50,0,51,120,170,141,10,441,168,56,224,665
05/09/2001,ROC,NY,AEA,CE,Towers with Radar,135,172,82,5,394,0,3,95,2,100,135,175,177,7,494,146,0,146,640
05/10/2001,ROC,NY,AEA,CE,Towers with Radar,121,170,75,3,369,0,6,140,1,147,121,176,215,4,516,250,31,281,797
05/11/2001,ROC,NY,AEA,CE,Towers with Radar,121,183,60,10,374,0,5,58,0,63,121,188,118,10,437,114,3,117,554
05/12/2001,ROC,NY,AEA,CE,Towers with Radar,111,117,49,7,284,0,0,6,1,7,111,117,55,8,291,10,0,10,301
05/13/2001,ROC,NY,AEA,CE,Towers with Radar,90,117,45,3,255,0,1,99,3,103,90,118,144,6,358,130,3,133,491
05/14/2001,ROC,NY,AEA,CE,Towers with Radar,90,161,39,0,290,0,3,95,1,99,90,164,134,1,389,170,4,174,563
05/15/2001,ROC,NY,AEA,CE,Towers with Radar,136,177,80,4,397,0,7,140,1,148,136,184,220,5,545,35,15,50,595
05/16/2001,ROC,NY,AEA,CE,Towers with Radar,123,177,59,10,369,0,3,87,0,90,123,180,146,10,459,183,22,205,664
05/17/2001,ROC,NY,AEA,CE,Towers with Radar,124,159,79,6,368,0,3,35,2,40,124,162,114,8,408,162,12,174,582
05/18/2001,ROC,NY,AEA,CE,Towers with Radar,122,178,113,7,420,0,0,5,0,5,122,178,118,7,425,124,18,142,567
05/19/2001,ROC,NY,AEA,CE,Towers with Radar,124,113,82,1,320,0,0,178,9,187,124,113,260,10,507,132,12,144,651
05/20/2001,ROC,NY,AEA,CE,Towers with Radar,93,111,58,1,263,0,0,145,1,146,93,111,203,2,409,148,6,154,563
05/21/2001,ROC,NY,AEA,CE,Towers with Radar,93,149,71,7,320,0,1,20,1,22,93,150,91,8,342,108,9,117,459
05/22/2001,ROC,NY,AEA,CE,Towers with Radar,123,178,59,2,362,0,2,44,1,47,123,180,103,3,409,185,49,234,643
05/23/2001,ROC,NY,AEA,CE,Towers with Radar,120,163,86,1,370,0,2,60,2,64,120,165,146,3,434,168,2,170,604
05/24/2001,ROC,NY,AEA,CE,Towers with Radar,125,174,102,5,406,0,3,73,4,80,125,177,175,9,486,118,2,120,606
05/25/2001,ROC,NY,AEA,CE,Towers with Radar,118,159,52,3,332,0,2,42,2,46,118,161,94,5,378,60,1,61,439
05/26/2001,ROC,NY,AEA,CE,Towers with Radar,107,113,33,4,257,0,6,62,0,68,107,119,95,4,325,134,0,134,459
05/27/2001,ROC,NY,AEA,CE,Towers with Radar,72,88,12,0,172,0,2,56,2,60,72,90,68,2,232,84,0,84,316
05/28/2001,ROC,NY,AEA,CE,Towers with Radar,91,99,35,3,228,0,0,10,0,10,91,99,45,3,238,52,1,53,291
05/29/2001,ROC,NY,AEA,CE,Towers with Radar,101,164,63,2,330,0,2,24,0,26,101,166,87,2,356,34,12,46,402
05/30/2001,ROC,NY,AEA,CE,Towers with Radar,122,157,66,3,348,0,3,46,2,51,122,160,112,5,399,68,6,74,473
05/31/2001,ROC,NY,AEA,CE,Towers with Radar,119,179,54,6,358,0,4,162,4,170,119,183,216,10,528,120,9,129,657
06/01/2001,ROC,NY,AEA,CE,Towers with Radar,120,171,67,8,366,0,2,65,0,67,120,173,132,8,433,104,0,104,537
06/02/2001,ROC,NY,AEA,CE,Towers with Radar,108,112,39,6,265,0,0,51,0,51,108,112,90,6,316,36,0,36,352
06/03/2001,ROC,NY,AEA,CE,Towers with Radar,85,105,46,0,236,0,0,6,1,7,85,105,52,1,243,282,2,284,527
06/04/2001,ROC,NY,AEA,CE,Towers with Radar,97,153,71,5,326,0,2,44,2,48,97,155,115,7,374,134,14,148,522
06/05/2001,ROC,NY,AEA,CE,Towers with Radar,125,164,85,4,378,0,2,95,1,98,125,166,180,5,476,325,6,331,807
06/06/2001,ROC,NY,AEA,CE,Towers with Radar,124,162,63,4,353,0,4,136,5,145,124,166,199,9,498,304,46,350,848
06/07/2001,ROC,NY,AEA,CE,Towers with Radar,121,170,82,10,383,0,6,114,2,122,121,176,196,12,505,242,15,257,762
06/08/2001,ROC,NY,AEA,CE,Towers with Radar,122,173,95,1,391,0,4,149,3,156,122,177,244,4,547,130,2,132,679
06/09/2001,ROC,NY,AEA,CE,Towers with Radar,109,122,42,7,280,0,5,135,0,140,109,127,177,7,420,16,0,16,436
06/10/2001,ROC,NY,AEA,CE,Towers with Radar,86,111,34,10,241,0,1,119,0,120,86,112,153,10,361,108,0,108,469
06/11/2001,ROC,NY,AEA,CE,Towers with Radar,105,141,75,1,322,0,0,16,1,17,105,141,91,2,339,180,0,180,519
06/12/2001,ROC,NY,AEA,CE,Towers with Radar,132,167,77,8,384,0,1,64,2,67,132,168,141,10,451,93,8,101,552
06/13/2001,ROC,NY,AEA,CE,Towers with Radar,116,163,82,12,373,0,3,99,0,102,116,166,181,12,475,196,32,228,703
06/14/2001,ROC,NY,AEA,CE,Towers with Radar,119,164,85,2,370,0,5,123,2,130,119,169,208,4,500,134,10,144,644
06/15/2001,ROC,NY,AEA,CE,Towers with Radar,114,159,77,5,355,0,0,79,3,82,114,159,156,8,437,166,6,172,609
06/16/2001,ROC,NY,AEA,CE,Towers with Radar,106,106,44,2,258,0,0,29,0,29,106,106,73,2,287,120,0,120,407
06/17/2001,ROC,NY,AEA,CE,Towers with Radar,87,94,25,3,209,0,3,77,8,88,87,97,102,11,297,190,17,207,504
06/18/2001,ROC,NY,AEA,CE,Towers with Radar,101,158,72,5,336,0,2,105,9,116,101,160,177,14,452,262,3,265,717
06/19/2001,ROC,NY,AEA,CE,Towers with Radar,132,159,52,6,349,0,1,94,4,99,132,160,146,10,448,138,30,168,616
06/20/2001,ROC,NY,AEA,CE,Towers with Radar,125,135,55,2,317,0,7,36,7,50,125,142,91,9,367,216,15,231,598
06/21/2001,ROC,NY,AEA,CE,Towers with Radar,125,159,75,5,364,0,1,41,5,47,125,160,116,10,411,236,39,275,686
06/22/2001,ROC,NY,AEA,CE,Towers with Radar,126,138,63,4,331,0,1,28,2,31,126,139,91,6,362,159,1,160,522
06/23/2001,ROC,NY,AEA,CE,Towers with Radar,107,101,53,3,264,0,0,23,2,25,107,101,76,5,289,66,0,66,355
06/24/2001,ROC,NY,AEA,CE,Towers with Radar,89,100,46,2,237,0,3,158,6,167,89,103,204,8,404,184,0,184,588
06/25/2001,ROC,NY,AEA,CE,Towers with Radar,96,153,62,6,317,0,1,125,2,128,96,154,187,8,445,236,5,241,686
06/26/2001,ROC,NY,AEA,CE,Towers with Radar,126,159,76,0,361,0,2,134,3,139,126,161,210,3,500,68,14,82,582
06/27/2001,ROC,NY,AEA,CE,Towers with Radar,131,161,79,2,373,0,3,129,7,139,131,164,208,9,512,230,8,238,750
06/28/2001,ROC,NY,AEA,CE,Towers with Radar,134,166,79,3,382,0,2,68,3,73,134,168,147,6,455,296,38,334,789
06/29/2001,ROC,NY,AEA,CE,Towers with Radar,144,157,86,7,394,0,4,47,5,56,144,161,133,12,450,132,4,136,586
06/30/2001,ROC,NY,AEA,CE,Towers with Radar,115,110,38,6,269,0,4,50,2,56,115,114,88,8,325,214,0,214,539
07/01/2001,ROC,NY,AEA,CE,Towers with Radar,79,68,13,5,165,0,0,14,4,18,79,68,27,9,183,50,0,50,233
07/02/2001,ROC,NY,AEA,CE,Towers with Radar,88,123,49,3,263,0,5,124,4,133,88,128,173,7,396,182,0,182,578
07/03/2001,ROC,NY,AEA,CE,Towers with Radar,116,146,58,4,324,0,5,129,2,136,116,151,187,6,460,183,0,183,643
07/04/2001,ROC,NY,AEA,CE,Towers with Radar,93,93,20,4,210,0,2,53,0,55,93,95,73,4,265,88,0,88,353
07/05/2001,ROC,NY,AEA,CE,Towers with Radar,96,133,61,8,298,0,2,94,9,105,96,135,155,17,403,120,0,120,523
07/06/2001,ROC,NY,AEA,CE,Towers with Radar,119,147,69,11,346,0,6,93,3,102,119,153,162,14,448,80,4,84,532
07/07/2001,ROC,NY,AEA,CE,Towers with Radar,111,106,44,6,267,0,0,102,0,102,111,106,146,6,369,122,4,126,495
07/08/2001,ROC,NY,AEA,CE,Towers with Radar,92,99,47,6,244,0,0,33,3,36,92,99,80,9,280,78,0,78,358
07/09/2001,ROC,NY,AEA,CE,Towers with Radar,101,148,73,5,327,0,3,98,0,101,101,151,171,5,428,76,0,76,504
07/10/2001,ROC,NY,AEA,CE,Towers with Radar,130,145,45,1,321,0,5,66,2,73,130,150,111,3,394,164,25,189,583
07/11/2001,ROC,NY,AEA,CE,Towers with Radar,123,152,104,3,382,0,2,57,3,62,123,154,161,6,444,164,49,213,657
07/12/2001,ROC,NY,AEA,CE,Towers with Radar,119,155,68,8,350,0,2,86,3,91,119,157,154,11,441,156,5,161,602
07/13/2001,ROC,NY,AEA,CE,Towers with Radar,123,147,62,6,338,0,3,118,5,126,123,150,180,11,464,86,1,87,551
07/14/2001,ROC,NY,AEA,CE,Towers with Radar,113,115,43,3,274,0,5,87,5,97,113,120,130,8,371,74,23,97,468
07/15/2001,ROC,NY,AEA,CE,Towers with Radar,93,104,32,6,235,0,1,104,0,105,93,105,136,6,340,22,1,23,363
07/16/2001,ROC,NY,AEA,CE,Towers with Radar,106,143,74,1,324,0,2,94,3,99,106,145,168,4,423,178,6,184,607
07/17/2001,ROC,NY,AEA,CE,Towers with Radar,125,151,66,4,346,0,1,24,0,25,125,152,90,4,371,140,44,184,555
07/18/2001,ROC,NY,AEA,CE,Towers with Radar,130,162,61,8,361,0,3,99,0,102,130,165,160,8,463,104,3,107,570
07/19/2001,ROC,NY,AEA,CE,Towers with Radar,124,143,61,4,332,0,4,118,5,127,124,147,179,9,459,132,6,138,597
07/20/2001,ROC,NY,AEA,CE,Towers with Radar,127,156,72,4,359,0,2,97,2,101,127,158,169,6,460,76,3,79,539
07/21/2001,ROC,NY,AEA,CE,Towers with Radar,109,97,34,4,244,0,11,89,4,104,109,108,123,8,348,146,2,148,496
07/22/2001,ROC,NY,AEA,CE,Towers with Radar,90,105,55,6,256,0,5,77,4,86,90,110,132,10,342,58,16,74,416
07/23/2001,ROC,NY,AEA,CE,Towers with Radar,104,140,77,5,326,0,2,51,0,53,104,142,128,5,379,144,2,146,525
07/24/2001,ROC,NY,AEA,CE,Towers with Radar,125,151,70,6,352,0,4,39,1,44,125,155,109,7,396,68,12,80,476
07/25/2001,ROC,NY,AEA,CE,Towers with Radar,128,155,95,6,384,0,8,120,1,129,128,163,215,7,513,168,10,178,691
07/26/2001,ROC,NY,AEA,CE,Towers with Radar,135,158,56,3,352,0,2,79,6,87,135,160,135,9,439,161,36,197,636
07/27/2001,ROC,NY,AEA,CE,Towers with Radar,117,159,83,6,365,0,2,152,6,160,117,161,235,12,525,267,2,269,794
07/28/2001,ROC,NY,AEA,CE,Towers with Radar,108,103,27,1,239,0,3,123,2,128,108,106,150,3,367,114,0,114,481
07/29/2001,ROC,NY,AEA,CE,Towers with Radar,90,97,52,1,240,0,2,88,2,92,90,99,140,3,332,120,0,120,452
07/30/2001,ROC,NY,AEA,CE,Towers with Radar,100,147,55,1,303,0,3,81,1,85,100,150,136,2,388,212,8,220,608
07/31/2001,ROC,NY,AEA,CE,Towers with Radar,122,150,71,5,348,0,3,109,4,116,122,153,180,9,464,164,28,192,656
08/01/2001,ROC,NY,AEA,CE,Towers with Radar,120,149,62,6,337,0,12,84,5,101,120,161,146,11,438,171,0,171,609
08/02/2001,ROC,NY,AEA,CE,Towers with Radar,108,157,65,6,336,0,9,58,2,69,108,166,123,8,405,172,8,180,585
08/03/2001,ROC,NY,AEA,CE,Towers with Radar,120,154,59,3,336,1,2,38,3,44,121,156,97,6,380,112,0,112,492
08/04/2001,ROC,NY,AEA,CE,Towers with Radar,113,106,40,5,264,1,0,56,4,61,114,106,96,9,325,132,0,132,457
08/05/2001,ROC,NY,AEA,CE,Towers with Radar,81,94,41,12,228,1,0,72,9,82,82,94,113,21,310,208,0,208,518
08/06/2001,ROC,NY,AEA,CE,Towers with Radar,104,145,66,5,320,1,3,79,4,87,105,148,145,9,407,200,0,200,607
08/07/2001,ROC,NY,AEA,CE,Towers with Radar,136,156,58,3,353,1,0,58,4,63,137,156,116,7,416,169,23,192,608
08/08/2001,ROC,NY,AEA,CE,Towers with Radar,120,145,72,1,338,1,0,111,4,116,121,145,183,5,454,200,16,216,670
08/09/2001,ROC,NY,AEA,CE,Towers with Radar,122,149,79,4,354,1,1,46,10,58,123,150,125,14,412,80,10,90,502
08/10/2001,ROC,NY,AEA,CE,Towers with Radar,119,151,67,6,343,1,2,61,0,64,120,153,128,6,407,126,24,150,557
08/11/2001,ROC,NY,AEA,CE,Towers with Radar,111,104,57,7,279,1,0,117,9,127,112,104,174,16,406,26,4,30,436
08/12/2001,ROC,NY,AEA,CE,Towers with Radar,102,95,40,4,241,1,0,87,5,93,103,95,127,9,334,169,3,172,506
08/13/2001,ROC,NY,AEA,CE,Towers with Radar,93,137,66,3,299,1,0,56,6,63,94,137,122,9,362,96,0,96,458
08/14/2001,ROC,NY,AEA,CE,Towers with Radar,121,169,64,6,360,1,0,88,4,93,122,169,152,10,453,162,14,176,629
08/15/2001,ROC,NY,AEA,CE,Towers with Radar,116,159,38,4,317,1,3,143,3,150,117,162,181,7,467,178,6,184,651
08/16/2001,ROC,NY,AEA,CE,Towers with Radar,125,151,91,7,374,1,0,64,3,68,126,151,155,10,442,168,12,180,622
08/17/2001,ROC,NY,AEA,CE,Towers with Radar,128,151,83,3,365,1,1,35,2,39,129,152,118,5,404,70,7,77,481
08/18/2001,ROC,NY,AEA,CE,Towers with Radar,108,110,38,4,260,1,0,89,4,94,109,110,127,8,354,174,1,175,529
08/19/2001,ROC,NY,AEA,CE,Towers with Radar,88,105,28,2,223,1,0,32,2,35,89,105,60,4,258,89,0,89,347
08/20/2001,ROC,NY,AEA,CE,Towers with Radar,92,141,59,4,296,1,1,48,1,51,93,142,107,5,347,84,0,84,431
08/21/2001,ROC,NY,AEA,CE,Towers with Radar,126,154,54,2,336,1,1,72,0,74,127,155,126,2,410,92,24,116,526
08/22/2001,ROC,NY,AEA,CE,Towers with Radar,110,140,66,7,323,0,2,107,4,113,110,142,173,11,436,62,30,92,528
08/23/2001,ROC,NY,AEA,CE,Towers with Radar,121,155,67,5,348,0,2,78,5,85,121,157,145,10,433,92,18,110,543
08/24/2001,ROC,NY,AEA,CE,Towers with Radar,128,151,65,13,357,0,5,81,3,89,128,156,146,16,446,62,14,76,522
08/25/2001,ROC,NY,AEA,CE,Towers with Radar,110,102,19,10,241,0,2,18,4,24,110,104,37,14,265,10,22,32,297
08/26/2001,ROC,NY,AEA,CE,Towers with Radar,96,88,26,14,224,0,2,31,12,45,96,90,57,26,269,16,32,48,317
08/27/2001,ROC,NY,AEA,CE,Towers with Radar,92,144,51,14,301,0,3,72,3,78,92,147,123,17,379,96,2,98,477
08/28/2001,ROC,NY,AEA,CE,Towers with Radar,115,152,58,5,330,0,3,49,0,52,115,155,107,5,382,118,10,128,510
08/29/2001,ROC,NY,AEA,CE,Towers with Radar,119,154,71,8,352,0,1,134,3,138,119,155,205,11,490,124,18,142,632
08/30/2001,ROC,NY,AEA,CE,Towers with Radar,103,157,75,2,337,0,3,123,2,128,103,160,198,4,465,206,8,214,679
08/31/2001,ROC,NY,AEA,CE,Towers with Radar,119,131,48,1,299,0,1,15,1,17,119,132,63,2,316,130,0,130,446
09/01/2001,ROC,NY,AEA,CE,Towers with Radar,105,101,46,12,264,0,0,39,4,43,105,101,85,16,307,105,5,110,417
09/02/2001,ROC,NY,AEA,CE,Towers with Radar,81,85,38,3,207,0,4,89,1,94,81,89,127,4,301,24,0,24,325
09/03/2001,ROC,NY,AEA,CE,Towers with Radar,84,100,27,1,212,0,5,86,2,93,84,105,113,3,305,102,2,104,409
09/04/2001,ROC,NY,AEA,CE,Towers with Radar,98,129,68,1,296,0,7,57,3,67,98,136,125,4,363,167,12,179,542
09/05/2001,ROC,NY,AEA,CE,Towers with Radar,109,156,61,8,334,0,2,106,4,112,109,158,167,12,446,246,0,246,692
09/06/2001,ROC,NY,AEA,CE,Towers with Radar,100,151,59,6,316,0,10,110,4,124,100,161,169,10,440,152,14,166,606
09/07/2001,ROC,NY,AEA,CE,Towers with Radar,36,95,26,1,158,0,0,0,0,0,36,95,26,1,158,0,0,0,158
09/08/2001,ROC,NY,AEA,CE,Towers with Radar,96,109,23,7,235,0,56,92,0,148,96,165,115,7,383,76,17,93,476
09/09/2001,ROC,NY,AEA,CE,Towers with Radar,96,114,30,5,245,8,5,53,9,75,104,119,83,14,320,90,4,94,414
09/10/2001,ROC,NY,AEA,CE,Towers with Radar,91,117,51,0,259,5,0,67,7,79,96,117,118,7,338,30,0,30,368
09/11/2001,ROC,NY,AEA,CE,Towers with Radar,49,53,20,2,124,42,98,52,0,192,91,151,72,2,316,46,4,50,366
09/12/2001,ROC,NY,AEA,CE,Towers with Radar,0,2,4,2,8,49,52,33,6,140,49,54,37,8,148,7,0,7,155
09/13/2001,ROC,NY,AEA,CE,Towers with Radar,0,2,3,0,5,0,0,1,2,3,0,2,4,2,8,0,0,0,8
09/14/2001,ROC,NY,AEA,CE,Towers with Radar,1,11,3,2,17,0,0,0,0,0,1,11,3,2,17,0,0,0,17
09/15/2001,ROC,NY,AEA,CE,Towers with Radar,25,76,10,11,122,0,0,0,14,14,25,76,10,25,136,0,24,24,160
09/16/2001,ROC,NY,AEA,CE,Towers with Radar,36,87,26,1,150,10,0,10,37,57,46,87,36,38,207,0,0,0,207
09/17/2001,ROC,NY,AEA,CE,Towers with Radar,73,141,48,4,266,0,0,0,2,2,73,141,48,6,268,0,0,0,268
09/18/2001,ROC,NY,AEA,CE,Towers with Radar,87,164,42,9,302,0,0,0,2,2,87,164,42,11,304,1,0,1,305
09/19/2001,ROC,NY,AEA,CE,Towers with Radar,86,156,59,10,311,0,0,0,1,1,86,156,59,11,312,0,0,0,312
09/20/2001,ROC,NY,AEA,CE,Towers with Radar,81,155,60,7,303,0,0,7,4,11,81,155,67,11,314,0,0,0,314
09/21/2001,ROC,NY,AEA,CE,Towers with Radar,78,132,60,0,270,0,0,36,0,36,78,132,96,0,306,0,0,0,306
09/22/2001,ROC,NY,AEA,CE,Towers with Radar,74,89,48,3,214,0,0,30,4,34,74,89,78,7,248,82,4,86,334
09/23/2001,ROC,NY,AEA,CE,Towers with Radar,61,92,29,5,187,0,0,76,5,81,61,92,105,10,268,20,0,20,288
09/24/2001,ROC,NY,AEA,CE,Towers with Radar,71,127,46,2,246,0,0,10,2,12,71,127,56,4,258,10,0,10,268
09/25/2001,ROC,NY,AEA,CE,Towers with Radar,79,137,63,1,280,0,1,9,0,10,79,138,72,1,290,22,0,22,312
09/26/2001,ROC,NY,AEA,CE,Towers with Radar,81,127,49,7,264,0,2,25,4,31,81,129,74,11,295,48,0,48,343
09/27/2001,ROC,NY,AEA,CE,Towers with Radar,74,133,56,2,265,0,0,19,3,22,74,133,75,5,287,0,0,0,287
09/28/2001,ROC,NY,AEA,CE,Towers with Radar,78,134,57,2,271,0,0,5,0,5,78,134,62,2,276,0,0,0,276
09/29/2001,ROC,NY,AEA,CE,Towers with Radar,66,89,30,4,189,0,0,86,2,88,66,89,116,6,277,71,0,71,348
09/30/2001,ROC,NY,AEA,CE,Towers with Radar,64,75,61,5,205,0,0,97,3,100,64,75,158,8,305,34,0,34,339
10/01/2001,ROC,NY,AEA,CE,Towers with Radar,64,140,53,7,264,0,2,104,1,107,64,142,157,8,371,12,0,12,383
10/02/2001,ROC,NY,AEA,CE,Towers with Radar,74,147,50,1,272,0,1,70,4,75,74,148,120,5,347,76,37,113,460
10/03/2001,ROC,NY,AEA,CE,Towers with Radar,85,143,59,3,290,0,3,74,5,82,85,146,133,8,372,158,4,162,534
10/04/2001,ROC,NY,AEA,CE,Towers with Radar,83,157,64,4,308,0,4,66,2,72,83,161,130,6,380,64,0,64,444
10/05/2001,ROC,NY,AEA,CE,Towers with Radar,91,170,64,2,327,0,0,3,0,3,91,170,67,2,330,0,0,0,330
10/06/2001,ROC,NY,AEA,CE,Towers with Radar,64,90,47,0,201,0,0,12,1,13,64,90,59,1,214,2,0,2,216
10/07/2001,ROC,NY,AEA,CE,Towers with Radar,71,80,36,1,188,0,1,24,1,26,71,81,60,2,214,28,0,28,242
10/08/2001,ROC,NY,AEA,CE,Towers with Radar,59,130,47,2,238,0,3,95,1,99,59,133,142,3,337,62,0,62,399
10/09/2001,ROC,NY,AEA,CE,Towers with Radar,76,147,73,2,298,0,4,94,0,98,76,151,167,2,396,147,0,147,543
10/10/2001,ROC,NY,AEA,CE,Towers with Radar,72,156,56,3,287,0,3,101,2,106,72,159,157,5,393,130,0,130,523
10/11/2001,ROC,NY,AEA,CE,Towers with Radar,64,155,45,3,267,0,2,76,5,83,64,157,121,8,350,266,8,274,624
10/12/2001,ROC,NY,AEA,CE,Towers with Radar,68,172,66,0,306,0,2,28,4,34,68,174,94,4,340,46,0,46,386
10/13/2001,ROC,NY,AEA,CE,Towers with Radar,69,93,39,3,204,0,0,75,9,84,69,93,114,12,288,214,19,233,521
10/14/2001,ROC,NY,AEA,CE,Towers with Radar,62,95,35,1,193,0,1,7,1,9,62,96,42,2,202,0,0,0,202
10/15/2001,ROC,NY,AEA,CE,Towers with Radar,59,136,55,5,255,0,3,41,1,45,59,139,96,6,300,121,0,121,421
10/16/2001,ROC,NY,AEA,CE,Towers with Radar,72,148,44,1,265,0,1,30,8,39,72,149,74,9,304,33,7,40,344
10/17/2001,ROC,NY,AEA,CE,Towers with Radar,72,145,41,0,258,0,0,0,2,2,72,145,41,2,260,6,0,6,266
10/18/2001,ROC,NY,AEA,CE,Towers with Radar,77,144,58,6,285,0,2,96,1,99,77,146,154,7,384,217,14,231,615
10/19/2001,ROC,NY,AEA,CE,Towers with Radar,88,153,62,2,305,0,2,79,6,87,88,155,141,8,392,108,12,120,512
10/20/2001,ROC,NY,AEA,CE,Towers with Radar,68,87,28,0,183,0,2,106,2,110,68,89,134,2,293,233,0,233,526
10/21/2001,ROC,NY,AEA,CE,Towers with Radar,67,84,49,3,203,0,0,47,0,47,67,84,96,3,250,92,0,92,342
10/22/2001,ROC,NY,AEA,CE,Towers with Radar,52,137,59,1,249,0,1,65,0,66,52,138,124,1,315,91,0,91,406
10/23/2001,ROC,NY,AEA,CE,Towers with Radar,88,145,61,6,300,0,2,18,4,24,88,147,79,10,324,90,17,107,431
10/24/2001,ROC,NY,AEA,CE,Towers with Radar,69,139,60,3,271,0,2,32,3,37,69,141,92,6,308,252,5,257,565
10/25/2001,ROC,NY,AEA,CE,Towers with Radar,76,131,44,3,254,0,0,14,2,16,76,131,58,5,270,0,0,0,270
10/26/2001,ROC,NY,AEA,CE,Towers with Radar,65,133,32,3,233,0,1,0,0,1,65,134,32,3,234,34,0,34,268
10/27/2001,ROC,NY,AEA,CE,Towers with Radar,64,79,30,1,174,0,0,6,1,7,64,79,36,2,181,0,0,0,181
10/28/2001,ROC,NY,AEA,CE,Towers with Radar,60,90,38,1,189,0,2,93,1,96,60,92,131,2,285,106,0,106,391
10/29/2001,ROC,NY,AEA,CE,Towers with Radar,60,132,46,0,238,0,2,67,3,72,60,134,113,3,310,66,4,70,380
10/30/2001,ROC,NY,AEA,CE,Towers with Radar,85,132,66,5,288,0,2,130,0,132,85,134,196,5,420,136,80,216,636
10/31/2001,ROC,NY,AEA,CE,Towers with Radar,70,139,49,7,265,0,3,54,1,58,70,142,103,8,323,185,122,307,630
11/01/2001,ROC,NY,AEA,CE,Towers with Radar,70,138,49,5,262,1,5,69,5,80,71,143,118,10,342,128,98,226,568
11/02/2001,ROC,NY,AEA,CE,Towers with Radar,77,136,57,1,271,1,2,17,0,20,78,138,74,1,291,142,92,234,525
11/03/2001,ROC,NY,AEA,CE,Towers with Radar,69,85,51,6,211,1,2,104,1,108,70,87,155,7,319,130,12,142,461
11/04/2001,ROC,NY,AEA,CE,Towers with Radar,65,84,41,6,196,1,2,82,1,86,66,86,123,7,282,46,9,55,337
11/05/2001,ROC,NY,AEA,CE,Towers with Radar,53,126,34,0,213,1,2,18,3,24,54,128,52,3,237,63,92,155,392
11/06/2001,ROC,NY,AEA,CE,Towers with Radar,77,131,56,1,265,1,1,99,1,102,78,132,155,2,367,161,88,249,616
11/07/2001,ROC,NY,AEA,CE,Towers with Radar,76,135,70,8,289,1,2,72,4,79,77,137,142,12,368,163,69,232,600
11/08/2001,ROC,NY,AEA,CE,Towers with Radar,77,141,41,2,261,1,1,42,2,46,78,142,83,4,307,34,24,58,365
11/09/2001,ROC,NY,AEA,CE,Towers with Radar,73,134,60,4,271,1,1,31,0,33,74,135,91,4,304,109,2,111,415
11/10/2001,ROC,NY,AEA,CE,Towers with Radar,72,80,47,5,204,0,2,89,5,96,72,82,136,10,300,182,0,182,482
11/11/2001,ROC,NY,AEA,CE,Towers with Radar,59,76,80,2,217,0,3,63,0,66,59,79,143,2,283,108,0,108,391
11/12/2001,ROC,NY,AEA,CE,Towers with Radar,57,117,42,6,222,0,2,46,3,51,57,119,88,9,273,113,2,115,388
11/13/2001,ROC,NY,AEA,CE,Towers with Radar,81,131,61,11,284,0,5,104,1,110,81,136,165,12,394,202,64,266,660
11/14/2001,ROC,NY,AEA,CE,Towers with Radar,80,140,66,2,288,0,4,48,7,59,80,144,114,9,347,156,21,177,524
11/15/2001,ROC,NY,AEA,CE,Towers with Radar,80,152,70,7,309,0,2,21,1,24,80,154,91,8,333,84,4,88,421
11/16/2001,ROC,NY,AEA,CE,Towers with Radar,73,142,76,5,296,0,5,48,0,53,73,147,124,5,349,32,0,32,381
11/17/2001,ROC,NY,AEA,CE,Towers with Radar,82,92,76,3,253,0,5,164,3,172,82,97,240,6,425,102,0,102,527
11/18/2001,ROC,NY,AEA,CE,Towers with Radar,53,76,66,1,196,0,4,143,0,147,53,80,209,1,343,296,14,310,653
11/19/2001,ROC,NY,AEA,CE,Towers with Radar,70,129,48,2,249,0,1,73,1,75,70,130,121,3,324,60,0,60,384
11/20/2001,ROC,NY,AEA,CE,Towers with Radar,76,133,48,3,260,0,3,7,2,12,76,136,55,5,272,28,1,29,301
11/21/2001,ROC,NY,AEA,CE,Towers with Radar,90,137,60,6,293,0,6,54,1,61,90,143,114,7,354,34,20,54,408
11/22/2001,ROC,NY,AEA,CE,Towers with Radar,68,74,28,0,170,0,1,18,3,22,68,75,46,3,192,0,0,0,192
11/23/2001,ROC,NY,AEA,CE,Towers with Radar,55,71,44,2,172,0,0,132,1,133,55,71,176,3,305,178,2,180,485
11/24/2001,ROC,NY,AEA,CE,Towers with Radar,65,70,42,2,179,0,1,56,0,57,65,71,98,2,236,108,0,108,344
11/25/2001,ROC,NY,AEA,CE,Towers with Radar,67,91,65,2,225,0,1,10,2,13,67,92,75,4,238,0,0,0,238
11/26/2001,ROC,NY,AEA,CE,Towers with Radar,61,144,76,7,288,0,4,10,5,19,61,148,86,12,307,82,3,85,392
11/27/2001,ROC,NY,AEA,CE,Towers with Radar,91,138,63,6,298,0,4,29,0,33,91,142,92,6,331,92,0,92,423
11/28/2001,ROC,NY,AEA,CE,Towers with Radar,78,138,65,3,284,0,4,0,2,6,78,142,65,5,290,5,0,5,295
11/29/2001,ROC,NY,AEA,CE,Towers with Radar,83,137,49,3,272,0,0,3,1,4,83,137,52,4,276,24,0,24,300
11/30/2001,ROC,NY,AEA,CE,Towers with Radar,73,140,45,3,261,0,1,2,2,5,73,141,47,5,266,0,0,0,266
12/01/2001,ROC,NY,AEA,CE,Towers with Radar,89,83,40,1,213,0,1,10,2,13,89,84,50,3,226,32,0,32,258
12/02/2001,ROC,NY,AEA,CE,Towers with Radar,54,72,77,2,205,0,0,94,0,94,54,72,171,2,299,141,0,141,440
12/03/2001,ROC,NY,AEA,CE,Towers with Radar,63,134,62,7,266,0,2,70,1,73,63,136,132,8,339,158,60,218,557
12/04/2001,ROC,NY,AEA,CE,Towers with Radar,80,136,69,5,290,0,2,87,0,89,80,138,156,5,379,72,87,159,538
12/05/2001,ROC,NY,AEA,CE,Towers with Radar,77,132,58,0,267,0,3,68,0,71,77,135,126,0,338,174,97,271,609
12/06/2001,ROC,NY,AEA,CE,Towers with Radar,104,140,47,4,295,0,1,18,2,21,104,141,65,6,316,32,4,36,352
12/07/2001,ROC,NY,AEA,CE,Towers with Radar,80,134,51,3,268,0,1,98,0,99,80,135,149,3,367,62,128,190,557
12/08/2001,ROC,NY,AEA,CE,Towers with Radar,78,84,43,0,205,0,2,85,1,88,78,86,128,1,293,186,6,192,485
12/09/2001,ROC,NY,AEA,CE,Towers with Radar,60,81,35,0,176,0,1,14,2,17,60,82,49,2,193,208,0,208,401
12/10/2001,ROC,NY,AEA,CE,Towers with Radar,61,131,60,4,256,0,2,66,1,69,61,133,126,5,325,264,136,400,725
12/11/2001,ROC,NY,AEA,CE,Towers with Radar,80,144,70,4,298,0,1,85,3,89,80,145,155,7,387,270,108,378,765
12/12/2001,ROC,NY,AEA,CE,Towers with Radar,80,148,83,3,314,0,2,70,4,76,80,150,153,7,390,218,140,358,748
12/13/2001,ROC,NY,AEA,CE,Towers with Radar,91,153,64,3,311,0,0,6,2,8,91,153,70,5,319,48,78,126,445
12/14/2001,ROC,NY,AEA,CE,Towers with Radar,97,127,74,1,299,0,1,4,2,7,97,128,78,3,306,101,44,145,451
12/15/2001,ROC,NY,AEA,CE,Towers with Radar,88,90,49,0,227,0,0,55,3,58,88,90,104,3,285,80,0,80,365
12/16/2001,ROC,NY,AEA,CE,Towers with Radar,63,77,84,3,227,0,0,54,0,54,63,77,138,3,281,96,0,96,377
12/17/2001,ROC,NY,AEA,CE,Towers with Radar,62,133,37,3,235,0,0,1,0,1,62,133,38,3,236,0,11,11,247
12/18/2001,ROC,NY,AEA,CE,Towers with Radar,102,136,55,3,296,0,0,1,4,5,102,136,56,7,301,28,92,120,421
12/19/2001,ROC,NY,AEA,CE,Towers with Radar,89,140,86,3,318,0,3,50,1,54,89,143,136,4,372,216,0,216,588
12/20/2001,ROC,NY,AEA,CE,Towers with Radar,83,138,38,7,266,0,2,3,2,7,83,140,41,9,273,17,5,22,295
12/21/2001,ROC,NY,AEA,CE,Towers with Radar,84,134,20,2,240,0,3,5,3,11,84,137,25,5,251,92,8,100,351
12/22/2001,ROC,NY,AEA,CE,Towers with Radar,81,87,64,5,237,0,0,83,3,86,81,87,147,8,323,147,0,147,470
12/23/2001,ROC,NY,AEA,CE,Towers with Radar,62,86,28,1,177,0,0,5,0,5,62,86,33,1,182,34,0,34,216
12/24/2001,ROC,NY,AEA,CE,Towers with Radar,54,83,26,2,165,0,0,4,1,5,54,83,30,3,170,0,0,0,170
12/25/2001,ROC,NY,AEA,CE,Towers with Radar,58,63,9,2,132,0,0,2,0,2,58,63,11,2,134,0,0,0,134
12/26/2001,ROC,NY,AEA,CE,Towers with Radar,61,103,35,0,199,0,2,45,1,48,61,105,80,1,247,62,0,62,309
12/27/2001,ROC,NY,AEA,CE,Towers with Radar,78,122,23,2,225,0,2,18,1,21,78,124,41,3,246,123,0,123,369
12/28/2001,ROC,NY,AEA,CE,Towers with Radar,74,131,23,0,228,0,3,4,0,7,74,134,27,0,235,20,0,20,255
12/29/2001,ROC,NY,AEA,CE,Towers with Radar,76,81,53,2,212,0,0,38,4,42,76,81,91,6,254,102,0,102,356
12/30/2001,ROC,NY,AEA,CE,Towers with Radar,52,76,15,1,144,0,0,4,0,4,52,76,19,1,148,14,0,14,162
12/31/2001,ROC,NY,AEA,CE,Towers with Radar,57,86,13,2,158,0,1,6,0,7,57,87,19,2,165,4,0,4,169
01/01/2002,ROC,NY,AEA,CE,Towers with Radar,57,77,17,0,151,0,0,4,0,4,57,77,21,0,155,0,0,0,155
01/02/2002,ROC,NY,AEA,CE,Towers with Radar,53,114,47,1,215,0,2,46,5,53,53,116,93,6,268,90,0,90,358
01/03/2002,ROC,NY,AEA,CE,Towers with Radar,72,137,39,13,261,0,3,37,10,50,72,140,76,23,311,48,17,65,376
01/04/2002,ROC,NY,AEA,CE,Towers with Radar,75,124,48,3,250,0,3,41,2,46,75,127,89,5,296,102,1,103,399
01/05/2002,ROC,NY,AEA,CE,Towers with Radar,75,85,101,2,263,0,0,70,2,72,75,85,171,4,335,146,8,154,489
01/06/2002,ROC,NY,AEA,CE,Towers with Radar,51,75,71,3,200,0,0,1,0,1,51,75,72,3,201,42,0,42,243
01/07/2002,ROC,NY,AEA,CE,Towers with Radar,56,123,16,3,198,0,0,0,0,0,56,123,16,3,198,1,2,3,201
01/08/2002,ROC,NY,AEA,CE,Towers with Radar,68,131,51,10,260,0,2,14,3,19,68,133,65,13,279,23,108,131,410
01/09/2002,ROC,NY,AEA,CE,Towers with Radar,80,141,37,1,259,0,1,8,0,9,80,142,45,1,268,86,119,205,473
01/10/2002,ROC,NY,AEA,CE,Towers with Radar,78,131,40,5,254,0,1,30,2,33,78,132,70,7,287,86,102,188,475
01/11/2002,ROC,NY,AEA,CE,Towers with Radar,79,130,33,3,245,0,2,4,1,7,79,132,37,4,252,12,91,103,355
01/12/2002,ROC,NY,AEA,CE,Towers with Radar,72,87,64,2,225,0,1,64,1,66,72,88,128,3,291,134,5,139,430
01/13/2002,ROC,NY,AEA,CE,Towers with Radar,71,75,21,0,167,0,0,1,0,1,71,75,22,0,168,5,0,5,173
01/14/2002,ROC,NY,AEA,CE,Towers with Radar,66,141,48,0,255,0,2,58,1,61,66,143,106,1,316,72,117,189,505
01/15/2002,ROC,NY,AEA,CE,Towers with Radar,79,136,42,6,263,0,0,7,1,8,79,136,49,7,271,21,4,25,296
01/16/2002,ROC,NY,AEA,CE,Towers with Radar,75,133,40,4,252,0,3,47,1,51,75,136,87,5,303,92,108,200,503
01/17/2002,ROC,NY,AEA,CE,Towers with Radar,82,144,33,0,259,0,1,2,0,3,82,145,35,0,262,11,9,20,282
01/18/2002,ROC,NY,AEA,CE,Towers with Radar,81,128,55,1,265,0,3,8,1,12,81,131,63,2,277,56,7,63,340
01/19/2002,ROC,NY,AEA,CE,Towers with Radar,66,75,68,2,211,0,1,96,1,98,66,76,164,3,309,146,0,146,455
01/20/2002,ROC,NY,AEA,CE,Towers with Radar,56,76,42,2,176,0,0,28,2,30,56,76,70,4,206,120,0,120,326
01/21/2002,ROC,NY,AEA,CE,Towers with Radar,58,114,26,6,204,0,0,0,1,1,58,114,26,7,205,4,0,4,209
01/22/2002,ROC,NY,AEA,CE,Towers with Radar,85,142,51,1,279,0,0,63,3,66,85,142,114,4,345,90,33,123,468
01/23/2002,ROC,NY,AEA,CE,Towers with Radar,74,135,47,3,259,0,0,32,11,43,74,135,79,14,302,96,6,102,404
01/24/2002,ROC,NY,AEA,CE,Towers with Radar,84,144,39,3,270,0,0,0,0,0,84,144,39,3,270,0,0,0,270
01/25/2002,ROC,NY,AEA,CE,Towers with Radar,77,131,51,2,261,0,0,19,0,19,77,131,70,2,280,2,21,23,303
01/26/2002,ROC,NY,AEA,CE,Towers with Radar,69,82,50,1,202,0,0,44,1,45,69,82,94,2,247,31,0,31,278
01/27/2002,ROC,NY,AEA,CE,Towers with Radar,59,76,31,3,169,0,3,128,3,134,59,79,159,6,303,120,0,120,423
01/28/2002,ROC,NY,AEA,CE,Towers with Radar,64,123,63,0,250,0,5,95,1,101,64,128,158,1,351,94,1,95,446
01/29/2002,ROC,NY,AEA,CE,Towers with Radar,82,135,83,1,301,0,5,10,0,15,82,140,93,1,316,44,13,57,373
01/30/2002,ROC,NY,AEA,CE,Towers with Radar,80,131,29,5,245,0,0,1,0,1,80,131,30,5,246,0,0,0,246
01/31/2002,ROC,NY,AEA,CE,Towers with Radar,64,110,20,2,196,0,0,0,0,0,64,110,20,2,196,6,0,6,202
02/01/2002,ROC,NY,AEA,CE,Towers with Radar,74,102,28,2,206,0,0,0,0,0,74,102,28,2,206,4,0,4,210
02/02/2002,ROC,NY,AEA,CE,Towers with Radar,69,91,84,1,245,0,1,73,2,76,69,92,157,3,321,109,14,123,444
02/03/2002,ROC,NY,AEA,CE,Towers with Radar,50,82,44,0,176,0,0,17,0,17,50,82,61,0,193,18,10,28,221
02/04/2002,ROC,NY,AEA,CE,Towers with Radar,54,124,40,1,219,0,0,0,0,0,54,124,40,1,219,0,0,0,219
02/05/2002,ROC,NY,AEA,CE,Towers with Radar,81,157,40,2,280,0,3,10,1,14,81,160,50,3,294,42,5,47,341
02/06/2002,ROC,NY,AEA,CE,Towers with Radar,65,127,44,0,236,0,2,32,4,38,65,129,76,4,274,80,6,86,360
02/07/2002,ROC,NY,AEA,CE,Towers with Radar,76,150,50,5,281,0,1,85,1,87,76,151,135,6,368,70,16,86,454
02/08/2002,ROC,NY,AEA,CE,Towers with Radar,87,139,73,12,311,0,2,43,3,48,87,141,116,15,359,161,5,166,525
02/09/2002,ROC,NY,AEA,CE,Towers with Radar,66,83,61,3,213,0,7,97,1,105,66,90,158,4,318,196,3,199,517
02/10/2002,ROC,NY,AEA,CE,Towers with Radar,57,88,28,1,174,0,0,28,1,29,57,88,56,2,203,68,0,68,271
02/11/2002,ROC,NY,AEA,CE,Towers with Radar,70,130,41,4,245,0,1,29,1,31,70,131,70,5,276,42,2,44,320
02/12/2002,ROC,NY,AEA,CE,Towers with Radar,91,145,29,1,266,0,1,4,0,5,91,146,33,1,271,12,2,14,285
02/13/2002,ROC,NY,AEA,CE,Towers with Radar,81,140,33,3,257,0,1,19,3,23,81,141,52,6,280,29,3,32,312
02/14/2002,ROC,NY,AEA,CE,Towers with Radar,81,140,34,7,262,0,4,40,3,47,81,144,74,10,309,122,12,134,443
02/15/2002,ROC,NY,AEA,CE,Towers with Radar,77,133,40,1,251,0,2,38,1,41,77,135,78,2,292,112,0,112,404
02/16/2002,ROC,NY,AEA,CE,Towers with Radar,72,92,68,3,235,0,0,12,4,16,72,92,80,7,251,73,0,73,324
02/17/2002,ROC,NY,AEA,CE,Towers with Radar,58,86,40,0,184,0,0,2,0,2,58,86,42,0,186,16,0,16,202
02/18/2002,ROC,NY,AEA,CE,Towers with Radar,58,129,50,3,240,0,6,69,2,77,58,135,119,5,317,134,0,134,451
02/19/2002,ROC,NY,AEA,CE,Towers with Radar,78,146,33,0,257,0,4,69,3,76,78,150,102,3,333,68,5,73,406
02/20/2002,ROC,NY,AEA,CE,Towers with Radar,72,134,45,1,252,0,4,20,5,29,72,138,65,6,281,32,2,34,315
02/21/2002,ROC,NY,AEA,CE,Towers with Radar,78,153,59,10,300,0,1,8,0,9,78,154,67,10,309,69,14,83,392
02/22/2002,ROC,NY,AEA,CE,Towers with Radar,81,130,31,2,244,0,1,9,1,11,81,131,40,3,255,0,0,0,255
02/23/2002,ROC,NY,AEA,CE,Towers with Radar,72,89,82,1,244,0,0,65,3,68,72,89,147,4,312,194,0,194,506
02/24/2002,ROC,NY,AEA,CE,Towers with Radar,64,89,64,2,219,0,3,106,3,112,64,92,170,5,331,120,0,120,451
02/25/2002,ROC,NY,AEA,CE,Towers with Radar,62,133,63,3,261,0,4,63,4,71,62,137,126,7,332,80,28,108,440
02/26/2002,ROC,NY,AEA,CE,Towers with Radar,73,146,45,2,266,0,4,20,0,24,73,150,65,2,290,29,50,79,369
02/27/2002,ROC,NY,AEA,CE,Towers with Radar,82,141,42,0,265,0,2,6,0,8,82,143,48,0,273,28,62,90,363
02/28/2002,ROC,NY,AEA,CE,Towers with Radar,80,145,66,3,294,0,1,24,0,25,80,146,90,3,319,61,84,145,464
03/01/2002,ROC,NY,AEA,CE,Towers with Radar,78,136,36,3,253,1,3,19,1,24,79,139,55,4,277,75,106,181,458
03/02/2002,ROC,NY,AEA,CE,Towers with Radar,65,90,55,1,211,1,0,53,3,57,66,90,108,4,268,24,34,58,326
03/03/2002,ROC,NY,AEA,CE,Towers with Radar,60,85,18,1,164,1,0,0,0,1,61,85,18,1,165,10,0,10,175
03/04/2002,ROC,NY,AEA,CE,Towers with Radar,71,125,57,4,257,1,0,5,1,7,72,125,62,5,264,50,112,162,426
03/05/2002,ROC,NY,AEA,CE,Towers with Radar,84,132,43,0,259,1,1,29,0,31,85,133,72,0,290,68,85,153,443
03/06/2002,ROC,NY,AEA,CE,Towers with Radar,91,134,53,4,282,1,1,37,0,39,92,135,90,4,321,6,1,7,328
03/07/2002,ROC,NY,AEA,CE,Towers with Radar,86,123,36,5,250,1,0,0,0,1,87,123,36,5,251,0,0,0,251
03/08/2002,ROC,NY,AEA,CE,Towers with Radar,84,128,70,2,284,1,4,43,3,51,85,132,113,5,335,114,46,160,495
03/09/2002,ROC,NY,AEA,CE,Towers with Radar,64,79,59,4,206,1,2,46,2,51,65,81,105,6,257,31,0,31,288
03/10/2002,ROC,NY,AEA,CE,Towers with Radar,73,73,16,1,163,1,0,0,0,1,74,73,16,1,164,0,0,0,164
03/11/2002,ROC,NY,AEA,CE,Towers with Radar,65,122,58,3,248,1,4,68,4,77,66,126,126,7,325,74,2,76,401
03/12/2002,ROC,NY,AEA,CE,Towers with Radar,85,125,59,1,270,1,1,54,2,58,86,126,113,3,328,158,65,223,551
03/13/2002,ROC,NY,AEA,CE,Towers with Radar,77,124,59,7,267,0,4,52,0,56,77,128,111,7,323,50,10,60,383
03/14/2002,ROC,NY,AEA,CE,Towers with Radar,87,117,53,5,262,0,4,81,0,85,87,121,134,5,347,102,14,116,463
03/15/2002,ROC,NY,AEA,CE,Towers with Radar,95,129,56,5,285,0,3,36,0,39,95,132,92,5,324,44,0,44,368
03/16/2002,ROC,NY,AEA,CE,Towers with Radar,79,80,53,1,213,0,1,60,2,63,79,81,113,3,276,108,0,108,384
03/17/2002,ROC,NY,AEA,CE,Towers with Radar,73,78,81,1,233,0,5,109,1,115,73,83,190,2,348,91,0,91,439
03/18/2002,ROC,NY,AEA,CE,Towers with Radar,69,127,49,4,249,0,2,2,0,4,69,129,51,4,253,58,0,58,311
03/19/2002,ROC,NY,AEA,CE,Towers with Radar,91,139,62,4,296,0,3,52,2,57,91,142,114,6,353,75,7,82,435
03/20/2002,ROC,NY,AEA,CE,Towers with Radar,98,150,39,4,291,0,0,1,0,1,98,150,40,4,292,18,0,18,310
03/21/2002,ROC,NY,AEA,CE,Towers with Radar,96,128,38,5,267,0,1,8,2,11,96,129,46,7,278,13,0,13,291
03/22/2002,ROC,NY,AEA,CE,Towers with Radar,84,136,44,2,266,0,1,5,2,8,84,137,49,4,274,12,0,12,286
03/23/2002,ROC,NY,AEA,CE,Towers with Radar,97,79,23,1,200,0,0,2,1,3,97,79,25,2,203,5,0,5,208
03/24/2002,ROC,NY,AEA,CE,Towers with Radar,66,74,85,4,229,0,3,78,1,82,66,77,163,5,311,114,0,114,425
03/25/2002,ROC,NY,AEA,CE,Towers with Radar,68,128,63,0,259,0,2,33,3,38,68,130,96,3,297,235,2,237,534
03/26/2002,ROC,NY,AEA,CE,Towers with Radar,98,113,25,1,237,0,1,0,0,1,98,114,25,1,238,34,0,34,272
03/27/2002,ROC,NY,AEA,CE,Towers with Radar,98,137,61,3,299,0,0,31,4,35,98,137,92,7,334,94,1,95,429
03/28/2002,ROC,NY,AEA,CE,Towers with Radar,90,134,61,3,288,0,0,128,8,136,90,134,189,11,424,148,7,155,579
03/29/2002,ROC,NY,AEA,CE,Towers with Radar,89,116,67,4,276,0,3,81,0,84,89,119,148,4,360,116,0,116,476
03/30/2002,ROC,NY,AEA,CE,Towers with Radar,80,74,40,0,194,0,0,39,0,39,80,74,79,0,233,52,0,52,285
03/31/2002,ROC,NY,AEA,CE,Towers with Radar,69,75,23,0,167,0,0,29,4,33,69,75,52,4,200,7,0,7,207
04/01/2002,ROC,NY,AEA,CE,Towers with Radar,71,130,35,12,248,0,1,8,1,10,71,131,43,13,258,16,8,24,282
04/02/2002,ROC,NY,AEA,CE,Towers with Radar,102,133,38,5,278,0,1,18,2,21,102,134,56,7,299,0,0,0,299
04/03/2002,ROC,NY,AEA,CE,Towers with Radar,86,134,56,2,278,0,1,10,0,11,86,135,66,2,289,28,4,32,321
04/04/2002,ROC,NY,AEA,CE,Towers with Radar,86,136,65,4,291,0,3,19,3,25,86,139,84,7,316,12,8,20,336
04/05/2002,ROC,NY,AEA,CE,Towers with Radar,90,130,68,1,289,0,2,8,3,13,90,132,76,4,302,26,5,31,333
04/06/2002,ROC,NY,AEA,CE,Towers with Radar,69,77,73,1,220,0,3,99,3,105,69,80,172,4,325,102,0,102,427
04/07/2002,ROC,NY,AEA,CE,Towers with Radar,63,75,54,2,194,0,0,95,0,95,63,75,149,2,289,84,0,84,373
04/08/2002,ROC,NY,AEA,CE,Towers with Radar,76,135,55,0,266,0,1,22,3,26,76,136,77,3,292,38,9,47,339
04/09/2002,ROC,NY,AEA,CE,Towers with Radar,101,149,40,8,298,0,2,16,3,21,101,151,56,11,319,95,11,106,425
04/10/2002,ROC,NY,AEA,CE,Towers with Radar,96,136,66,5,303,0,1,92,3,96,96,137,158,8,399,170,27,197,596
04/11/2002,ROC,NY,AEA,CE,Towers with Radar,92,140,61,7,300,0,7,101,3,111,92,147,162,10,411,160,15,175,586
04/12/2002,ROC,NY,AEA,CE,Towers with Radar,92,143,76,8,319,0,9,44,10,63,92,152,120,18,382,86,9,95,477
04/13/2002,ROC,NY,AEA,CE,Towers with Radar,82,89,64,1,236,0,1,2,0,3,82,90,66,1,239,14,0,14,253
04/14/2002,ROC,NY,AEA,CE,Towers with Radar,70,87,35,2,194,0,0,29,0,29,70,87,64,2,223,78,22,100,323
04/15/2002,ROC,NY,AEA,CE,Towers with Radar,77,137,52,1,267,0,3,42,1,46,77,140,94,2,313,158,7,165,478
04/16/2002,ROC,NY,AEA,CE,Towers with Radar,103,140,60,2,305,0,9,73,4,86,103,149,133,6,391,160,13,173,564
04/17/2002,ROC,NY,AEA,CE,Towers with Radar,94,140,62,4,300,0,5,81,2,88,94,145,143,6,388,114,6,120,508
04/18/2002,ROC,NY,AEA,CE,Towers with Radar,94,142,81,3,320,0,10,89,2,101,94,152,170,5,421,116,13,129,550
04/19/2002,ROC,NY,AEA,CE,Towers with Radar,101,133,44,4,282,0,1,23,2,26,101,134,67,6,308,64,4,68,376
04/20/2002,ROC,NY,AEA,CE,Towers with Radar,80,94,54,2,230,0,0,74,1,75,80,94,128,3,305,119,0,119,424
04/21/2002,ROC,NY,AEA,CE,Towers with Radar,79,83,79,3,244,0,1,76,0,77,79,84,155,3,321,210,0,210,531
04/22/2002,ROC,NY,AEA,CE,Towers with Radar,75,135,48,2,260,0,0,2,1,3,75,135,50,3,263,2,0,2,265
04/23/2002,ROC,NY,AEA,CE,Towers with Radar,100,139,74,1,314,0,7,92,7,106,100,146,166,8,420,96,22,118,538
04/24/2002,ROC,NY,AEA,CE,Towers with Radar,91,139,59,1,290,0,10,99,4,113,91,149,158,5,403,188,15,203,606
04/25/2002,ROC,NY,AEA,CE,Towers with Radar,93,137,53,5,288,0,2,15,2,19,93,139,68,7,307,86,21,107,414
04/26/2002,ROC,NY,AEA,CE,Towers with Radar,97,139,71,2,309,0,2,50,3,55,97,141,121,5,364,76,0,76,440
04/27/2002,ROC,NY,AEA,CE,Towers with Radar,81,84,52,1,218,0,6,126,4,136,81,90,178,5,354,218,0,218,572
04/28/2002,ROC,NY,AEA,CE,Towers with Radar,72,68,40,0,180,0,1,4,0,5,72,69,44,0,185,0,0,0,185
04/29/2002,ROC,NY,AEA,CE,Towers with Radar,82,142,71,1,296,0,2,11,2,15,82,144,82,3,311,120,44,164,475
04/30/2002,ROC,NY,AEA,CE,Towers with Radar,95,133,50,0,278,0,6,22,0,28,95,139,72,0,306,28,19,47,353
05/01/2002,ROC,NY,AEA,CE,Towers with Radar,95,142,65,3,305,0,6,107,4,117,95,148,172,7,422,219,10,229,651
05/02/2002,ROC,NY,AEA,CE,Towers with Radar,85,144,42,3,274,0,3,10,0,13,85,147,52,3,287,20,0,20,307
05/03/2002,ROC,NY,AEA,CE,Towers with Radar,92,142,56,0,290,0,3,11,1,15,92,145,67,1,305,26,8,34,339
05/04/2002,ROC,NY,AEA,CE,Towers with Radar,78,87,51,4,220,0,6,182,8,196,78,93,233,12,416,116,23,139,555
05/05/2002,ROC,NY,AEA,CE,Towers with Radar,64,83,53,5,205,0,6,126,1,133,64,89,179,6,338,94,13,107,445
05/06/2002,ROC,NY,AEA,CE,Towers with Radar,80,140,45,3,268,0,6,46,7,59,80,146,91,10,327,64,8,72,399
05/07/2002,ROC,NY,AEA,CE,Towers with Radar,85,140,66,4,295,0,4,11,0,15,85,144,77,4,310,62,2,64,374
05/08/2002,ROC,NY,AEA,CE,Towers with Radar,91,136,84,4,315,0,3,79,0,82,91,139,163,4,397,163,8,171,568
05/09/2002,ROC,NY,AEA,CE,Towers with Radar,96,147,53,5,301,0,1,3,2,6,96,148,56,7,307,17,10,27,334
05/10/2002,ROC,NY,AEA,CE,Towers with Radar,99,156,58,4,317,0,3,25,5,33,99,159,83,9,350,0,0,0,350
05/11/2002,ROC,NY,AEA,CE,Towers with Radar,75,85,34,4,198,0,2,130,0,132,75,87,164,4,330,133,0,133,463
05/12/2002,ROC,NY,AEA,CE,Towers with Radar,64,72,26,3,165,0,0,3,1,4,64,72,29,4,169,0,0,0,169
05/13/2002,ROC,NY,AEA,CE,Towers with Radar,70,135,52,0,257,0,0,1,0,1,70,135,53,0,258,0,0,0,258
05/14/2002,ROC,NY,AEA,CE,Towers with Radar,101,132,43,0,276,0,0,4,4,8,101,132,47,4,284,0,0,0,284
05/15/2002,ROC,NY,AEA,CE,Towers with Radar,91,145,52,6,294,0,2,92,3,97,91,147,144,9,391,80,42,122,513
05/16/2002,ROC,NY,AEA,CE,Towers with Radar,93,137,58,2,290,0,4,34,5,43,93,141,92,7,333,80,23,103,436
05/17/2002,ROC,NY,AEA,CE,Towers with Radar,90,141,57,11,299,0,2,24,3,29,90,143,81,14,328,238,19,257,585
05/18/2002,ROC,NY,AEA,CE,Towers with Radar,77,88,68,0,233,0,0,44,0,44,77,88,112,0,277,83,0,83,360
05/19/2002,ROC,NY,AEA,CE,Towers with Radar,65,87,73,4,229,0,0,53,3,56,65,87,126,7,285,50,0,50,335
05/20/2002,ROC,NY,AEA,CE,Towers with Radar,69,133,67,3,272,0,1,46,1,48,69,134,113,4,320,46,10,56,376
05/21/2002,ROC,NY,AEA,CE,Towers with Radar,91,141,72,5,309,0,2,64,4,70,91,143,136,9,379,56,8,64,443
05/22/2002,ROC,NY,AEA,CE,Towers with Radar,93,138,73,3,307,0,5,120,3,128,93,143,193,6,435,92,2,94,529
05/23/2002,ROC,NY,AEA,CE,Towers with Radar,95,130,95,4,324,0,7,123,5,135,95,137,218,9,459,95,20,115,574
05/24/2002,ROC,NY,AEA,CE,Towers with Radar,94,149,60,10,313,0,4,16,3,23,94,153,76,13,336,0,6,6,342
05/25/2002,ROC,NY,AEA,CE,Towers with Radar,80,78,52,6,216,0,0,99,3,102,80,78,151,9,318,95,0,95,413
05/26/2002,ROC,NY,AEA,CE,Towers with Radar,60,71,45,3,179,0,0,39,2,41,60,71,84,5,220,34,0,34,254
05/27/2002,ROC,NY,AEA,CE,Towers with Radar,67,100,51,1,219,0,1,97,4,102,67,101,148,5,321,64,4,68,389
05/28/2002,ROC,NY,AEA,CE,Towers with Radar,66,139,64,3,272,0,4,90,3,97,66,143,154,6,369,140,0,140,509
05/29/2002,ROC,NY,AEA,CE,Towers with Radar,91,138,51,2,282,0,1,35,3,39,91,139,86,5,321,78,0,78,399
05/30/2002,ROC,NY,AEA,CE,Towers with Radar,96,137,69,5,307,0,2,40,1,43,96,139,109,6,350,112,1,113,463
05/31/2002,ROC,NY,AEA,CE,Towers with Radar,75,128,59,2,264,0,5,9,2,16,75,133,68,4,280,14,0,14,294
06/01/2002,ROC,NY,AEA,CE,Towers with Radar,77,80,58,1,216,0,0,61,2,63,77,80,119,3,279,28,1,29,308
06/02/2002,ROC,NY,AEA,CE,Towers with Radar,67,81,54,2,204,0,1,61,0,62,67,82,115,2,266,46,5,51,317
06/03/2002,ROC,NY,AEA,CE,Towers with Radar,70,129,53,4,256,0,3,81,2,86,70,132,134,6,342,138,4,142,484
06/04/2002,ROC,NY,AEA,CE,Towers with Radar,86,138,67,0,291,0,3,46,1,50,86,141,113,1,341,32,1,33,374
06/05/2002,ROC,NY,AEA,CE,Towers with Radar,93,118,52,2,265,0,1,3,2,6,93,119,55,4,271,32,1,33,304
06/06/2002,ROC,NY,AEA,CE,Towers with Radar,94,136,72,8,310,0,2,57,1,60,94,138,129,9,370,78,0,78,448
06/07/2002,ROC,NY,AEA,CE,Towers with Radar,98,136,82,10,326,0,7,131,0,138,98,143,213,10,464,183,0,183,647
06/08/2002,ROC,NY,AEA,CE,Towers with Radar,78,84,45,5,212,0,2,143,2,147,78,86,188,7,359,84,0,84,443
06/09/2002,ROC,NY,AEA,CE,Towers with Radar,67,78,48,4,197,0,4,70,3,77,67,82,118,7,274,111,0,111,385
06/10/2002,ROC,NY,AEA,CE,Towers with Radar,82,126,65,2,275,0,7,96,2,105,82,133,161,4,380,170,24,194,574
06/11/2002,ROC,NY,AEA,CE,Towers with Radar,100,133,49,6,288,0,1,73,1,75,100,134,122,7,363,92,12,104,467
06/12/2002,ROC,NY,AEA,CE,Towers with Radar,95,138,49,1,283,0,1,2,1,4,95,139,51,2,287,16,30,46,333
06/13/2002,ROC,NY,AEA,CE,Towers with Radar,90,127,68,11,296,0,3,55,8,66,90,130,123,19,362,184,10,194,556
06/14/2002,ROC,NY,AEA,CE,Towers with Radar,91,131,40,7,269,0,1,6,2,9,91,132,46,9,278,6,0,6,284
06/15/2002,ROC,NY,AEA,CE,Towers with Radar,80,87,44,1,212,0,0,11,1,12,80,87,55,2,224,48,0,48,272
06/16/2002,ROC,NY,AEA,CE,Towers with Radar,67,82,30,0,179,0,0,18,3,21,67,82,48,3,200,5,0,5,205
06/17/2002,ROC,NY,AEA,CE,Towers with Radar,72,135,53,5,265,0,4,33,1,38,72,139,86,6,303,63,0,63,366
06/18/2002,ROC,NY,AEA,CE,Towers with Radar,94,139,73,9,315,0,7,152,5,164,94,146,225,14,479,52,27,79,558
06/19/2002,ROC,NY,AEA,CE,Towers with Radar,92,141,60,4,297,0,9,154,4,167,92,150,214,8,464,14,0,14,478
06/20/2002,ROC,NY,AEA,CE,Towers with Radar,93,122,51,0,266,0,7,58,4,69,93,129,109,4,335,31,0,31,366
06/21/2002,ROC,NY,AEA,CE,Towers with Radar,87,129,50,20,286,0,7,47,10,64,87,136,97,30,350,16,26,42,392
06/22/2002,ROC,NY,AEA,CE,Towers with Radar,87,82,20,7,196,0,4,7,4,15,87,86,27,11,211,0,0,0,211
06/23/2002,ROC,NY,AEA,CE,Towers with Radar,60,92,30,15,197,0,0,33,3,36,60,92,63,18,233,10,26,36,269
06/24/2002,ROC,NY,AEA,CE,Towers with Radar,54,107,60,8,229,0,6,72,7,85,54,113,132,15,314,12,20,32,346
06/25/2002,ROC,NY,AEA,CE,Towers with Radar,92,133,63,9,297,0,4,66,3,73,92,137,129,12,370,60,0,60,430
06/26/2002,ROC,NY,AEA,CE,Towers with Radar,97,136,67,11,311,0,0,37,3,40,97,136,104,14,351,98,13,111,462
06/27/2002,ROC,NY,AEA,CE,Towers with Radar,86,102,49,3,240,0,2,31,2,35,86,104,80,5,275,74,2,76,351
06/28/2002,ROC,NY,AEA,CE,Towers with Radar,95,145,68,4,312,0,3,115,0,118,95,148,183,4,430,97,22,119,549
06/29/2002,ROC,NY,AEA,CE,Towers with Radar,83,85,36,1,205,0,4,136,2,142,83,89,172,3,347,78,0,78,425
06/30/2002,ROC,NY,AEA,CE,Towers with Radar,67,87,60,1,215,0,3,80,4,87,67,90,140,5,302,62,0,62,364
07/01/2002,ROC,NY,AEA,CE,Towers with Radar,75,134,63,2,274,0,6,72,2,80,75,140,135,4,354,148,4,152,506
07/02/2002,ROC,NY,AEA,CE,Towers with Radar,89,130,71,3,293,0,7,122,3,132,89,137,193,6,425,147,10,157,582
07/03/2002,ROC,NY,AEA,CE,Towers with Radar,100,135,30,3,268,0,3,79,3,85,100,138,109,6,353,122,1,123,476
07/04/2002,ROC,NY,AEA,CE,Towers with Radar,75,79,18,3,175,0,2,50,2,54,75,81,68,5,229,36,0,36,265
07/05/2002,ROC,NY,AEA,CE,Towers with Radar,67,84,25,4,180,0,4,88,2,94,67,88,113,6,274,132,7,139,413
07/06/2002,ROC,NY,AEA,CE,Towers with Radar,80,90,35,5,210,0,0,55,4,59,80,90,90,9,269,87,0,87,356
07/07/2002,ROC,NY,AEA,CE,Towers with Radar,76,74,54,3,207,0,0,57,3,60,76,74,111,6,267,74,0,74,341
07/08/2002,ROC,NY,AEA,CE,Towers with Radar,78,130,53,5,266,0,3,86,2,91,78,133,139,7,357,50,40,90,447
07/09/2002,ROC,NY,AEA,CE,Towers with Radar,89,134,62,4,289,0,2,21,4,27,89,136,83,8,316,4,7,11,327
07/10/2002,ROC,NY,AEA,CE,Towers with Radar,100,142,75,8,325,0,1,114,2,117,100,143,189,10,442,154,32,186,628
07/11/2002,ROC,NY,AEA,CE,Towers with Radar,90,125,59,7,281,0,3,132,5,140,90,128,191,12,421,140,12,152,573
07/12/2002,ROC,NY,AEA,CE,Towers with Radar,90,129,69,1,289,0,2,112,2,116,90,131,181,3,405,174,18,192,597
07/13/2002,ROC,NY,AEA,CE,Towers with Radar,77,81,48,3,209,0,4,110,4,118,77,85,158,7,327,116,17,133,460
07/14/2002,ROC,NY,AEA,CE,Towers with Radar,80,81,54,4,219,0,0,101,2,103,80,81,155,6,322,60,20,80,402
07/15/2002,ROC,NY,AEA,CE,Towers with Radar,70,125,51,2,248,0,4,76,2,82,70,129,127,4,330,98,0,98,428
07/16/2002,ROC,NY,AEA,CE,Towers with Radar,100,133,65,11,309,0,5,124,3,132,100,138,189,14,441,102,32,134,575
07/17/2002,ROC,NY,AEA,CE,Towers with Radar,93,135,70,6,304,0,5,78,3,86,93,140,148,9,390,169,15,184,574
07/18/2002,ROC,NY,AEA,CE,Towers with Radar,90,133,54,3,280,0,3,28,3,34,90,136,82,6,314,96,22,118,432
07/19/2002,ROC,NY,AEA,CE,Towers with Radar,92,119,73,9,293,0,1,16,1,18,92,120,89,10,311,58,11,69,380
07/20/2002,ROC,NY,AEA,CE,Towers with Radar,95,87,75,7,264,0,2,95,2,99,95,89,170,9,363,92,0,92,455
07/21/2002,ROC,NY,AEA,CE,Towers with Radar,74,77,86,3,240,0,0,90,3,93,74,77,176,6,333,112,0,112,445
07/22/2002,ROC,NY,AEA,CE,Towers with Radar,77,123,47,3,250,0,2,36,1,39,77,125,83,4,289,150,37,187,476
07/23/2002,ROC,NY,AEA,CE,Towers with Radar,101,98,60,16,275,0,1,30,3,34,101,99,90,19,309,41,20,61,370
07/24/2002,ROC,NY,AEA,CE,Towers with Radar,100,140,80,0,320,0,3,138,2,143,100,143,218,2,463,148,16,164,627
07/25/2002,ROC,NY,AEA,CE,Towers with Radar,99,129,96,6,330,0,2,90,9,101,99,131,186,15,431,106,45,151,582
07/26/2002,ROC,NY,AEA,CE,Towers with Radar,91,119,60,4,274,8,5,0,1,14,99,124,60,5,288,14,9,23,311
07/27/2002,ROC,NY,AEA,CE,Towers with Radar,77,74,37,2,190,0,0,53,1,54,77,74,90,3,244,104,0,104,348
07/28/2002,ROC,NY,AEA,CE,Towers with Radar,69,74,45,3,191,0,0,18,1,19,69,74,63,4,210,0,0,0,210
07/29/2002,ROC,NY,AEA,CE,Towers with Radar,73,128,70,6,277,0,2,36,5,43,73,130,106,11,320,117,2,119,439
07/30/2002,ROC,NY,AEA,CE,Towers with Radar,106,137,69,3,315,0,2,93,4,99,106,139,162,7,414,130,39,169,583
07/31/2002,ROC,NY,AEA,CE,Towers with Radar,108,121,120,2,351,0,2,120,2,124,108,123,240,4,475,164,6,170,645
08/01/2002,ROC,NY,AEA,CE,Towers with Radar,109,135,72,0,316,0,4,111,3,118,109,139,183,3,434,209,24,233,667
08/02/2002,ROC,NY,AEA,CE,Towers with Radar,94,124,41,3,262,0,1,72,3,76,94,125,113,6,338,112,0,112,450
08/03/2002,ROC,NY,AEA,CE,Towers with Radar,87,88,35,3,213,0,1,100,2,103,87,89,135,5,316,101,7,108,424
08/04/2002,ROC,NY,AEA,CE,Towers with Radar,87,87,63,12,249,0,2,87,3,92,87,89,150,15,341,134,8,142,483
08/05/2002,ROC,NY,AEA,CE,Towers with Radar,76,123,81,3,283,0,2,69,3,74,76,125,150,6,357,165,22,187,544
08/06/2002,ROC,NY,AEA,CE,Towers with Radar,92,135,56,1,284,0,2,78,1,81,92,137,134,2,365,189,29,218,583
08/07/2002,ROC,NY,AEA,CE,Towers with Radar,113,141,83,10,347,0,5,118,6,129,113,146,201,16,476,66,19,85,561
08/08/2002,ROC,NY,AEA,CE,Towers with Radar,105,143,73,15,336,0,3,114,0,117,105,146,187,15,453,46,0,46,499
08/09/2002,ROC,NY,AEA,CE,Towers with Radar,98,125,72,8,303,0,5,109,8,122,98,130,181,16,425,140,16,156,581
08/10/2002,ROC,NY,AEA,CE,Towers with Radar,88,89,35,9,221,0,1,102,8,111,88,90,137,17,332,39,22,61,393
08/11/2002,ROC,NY,AEA,CE,Towers with Radar,80,83,50,10,223,0,0,117,6,123,80,83,167,16,346,80,14,94,440
08/12/2002,ROC,NY,AEA,CE,Towers with Radar,76,118,69,3,266,0,3,85,6,94,76,121,154,9,360,76,3,79,439
08/13/2002,ROC,NY,AEA,CE,Towers with Radar,103,135,45,2,285,0,5,47,3,55,103,140,92,5,340,104,16,120,460
08/14/2002,ROC,NY,AEA,CE,Towers with Radar,104,134,67,0,305,0,3,34,1,38,104,137,101,1,343,95,4,99,442
08/15/2002,ROC,NY,AEA,CE,Towers with Radar,111,138,55,2,306,0,1,22,6,29,111,139,77,8,335,156,22,178,513
08/16/2002,ROC,NY,AEA,CE,Towers with Radar,95,134,55,1,285,0,6,41,2,49,95,140,96,3,334,95,0,95,429
08/17/2002,ROC,NY,AEA,CE,Towers with Radar,86,77,51,0,214,0,4,37,2,43,86,81,88,2,257,126,0,126,383
08/18/2002,ROC,NY,AEA,CE,Towers with Radar,75,81,50,2,208,0,2,36,1,39,75,83,86,3,247,34,2,36,283
08/19/2002,ROC,NY,AEA,CE,Towers with Radar,75,129,63,2,269,0,3,79,4,86,75,132,142,6,355,56,2,58,413
08/20/2002,ROC,NY,AEA,CE,Towers with Radar,94,143,64,25,326,0,7,128,2,137,94,150,192,27,463,199,14,213,676
08/21/2002,ROC,NY,AEA,CE,Towers with Radar,100,131,65,17,313,0,6,132,8,146,100,137,197,25,459,202,14,216,675
08/22/2002,ROC,NY,AEA,CE,Towers with Radar,99,138,83,2,322,0,2,33,6,41,99,140,116,8,363,111,26,137,500
08/23/2002,ROC,NY,AEA,CE,Towers with Radar,97,144,96,3,340,0,6,70,7,83,97,150,166,10,423,198,10,208,631
08/24/2002,ROC,NY,AEA,CE,Towers with Radar,85,83,59,1,228,0,0,5,3,8,85,83,64,4,236,0,0,0,236
08/25/2002,ROC,NY,AEA,CE,Towers with Radar,77,85,61,11,234,0,3,73,5,81,77,88,134,16,315,146,0,146,461
08/26/2002,ROC,NY,AEA,CE,Towers with Radar,74,129,60,1,264,0,7,105,1,113,74,136,165,2,377,84,2,86,463
08/27/2002,ROC,NY,AEA,CE,Towers with Radar,102,134,98,6,340,0,6,84,8,98,102,140,182,14,438,140,21,161,599
08/28/2002,ROC,NY,AEA,CE,Towers with Radar,90,144,62,10,306,0,6,138,0,144,90,150,200,10,450,178,2,180,630
08/29/2002,ROC,NY,AEA,CE,Towers with Radar,91,135,119,6,351,0,2,93,5,100,91,137,212,11,451,194,15,209,660
08/30/2002,ROC,NY,AEA,CE,Towers with Radar,92,129,71,5,297,0,4,102,7,113,92,133,173,12,410,144,2,146,556
08/31/2002,ROC,NY,AEA,CE,Towers with Radar,85,83,48,8,224,0,0,102,1,103,85,83,150,9,327,102,3,105,432
09/01/2002,ROC,NY,AEA,CE,Towers with Radar,72,71,48,1,192,0,0,73,3,76,72,71,121,4,268,84,0,84,352
09/02/2002,ROC,NY,AEA,CE,Towers with Radar,68,91,51,2,212,0,0,76,3,79,68,91,127,5,291,87,0,87,378
09/03/2002,ROC,NY,AEA,CE,Towers with Radar,88,119,37,1,245,0,4,41,4,49,88,123,78,5,294,38,6,44,338
09/04/2002,ROC,NY,AEA,CE,Towers with Radar,99,124,56,0,279,0,3,105,1,109,99,127,161,1,388,89,6,95,483
09/05/2002,ROC,NY,AEA,CE,Towers with Radar,93,141,70,7,311,0,0,62,7,69,93,141,132,14,380,174,7,181,561
09/06/2002,ROC,NY,AEA,CE,Towers with Radar,96,127,76,7,306,0,3,114,3,120,96,130,190,10,426,110,0,110,536
09/07/2002,ROC,NY,AEA,CE,Towers with Radar,73,78,28,7,186,0,0,118,7,125,73,78,146,14,311,183,0,183,494
09/08/2002,ROC,NY,AEA,CE,Towers with Radar,74,72,67,2,215,0,0,119,2,121,74,72,186,4,336,109,0,109,445
09/09/2002,ROC,NY,AEA,CE,Towers with Radar,64,115,63,2,244,0,1,110,4,115,64,116,173,6,359,79,0,79,438
09/10/2002,ROC,NY,AEA,CE,Towers with Radar,96,118,51,4,269,0,3,67,6,76,96,121,118,10,345,116,7,123,468
09/11/2002,ROC,NY,AEA,CE,Towers with Radar,103,109,49,7,268,0,2,8,8,18,103,111,57,15,286,30,4,34,320
09/12/2002,ROC,NY,AEA,CE,Towers with Radar,94,126,66,8,294,0,3,115,3,121,94,129,181,11,415,119,16,135,550
09/13/2002,ROC,NY,AEA,CE,Towers with Radar,96,133,64,16,309,0,0,62,2,64,96,133,126,18,373,80,5,85,458
09/14/2002,ROC,NY,AEA,CE,Towers with Radar,83,83,39,22,227,0,0,71,0,71,83,83,110,22,298,96,22,118,416
09/15/2002,ROC,NY,AEA,CE,Towers with Radar,71,72,44,1,188,0,0,3,1,4,71,72,47,2,192,22,0,22,214
09/16/2002,ROC,NY,AEA,CE,Towers with Radar,79,124,65,4,272,0,5,62,2,69,79,129,127,6,341,66,6,72,413
09/17/2002,ROC,NY,AEA,CE,Towers with Radar,98,123,61,8,290,0,6,114,2,122,98,129,175,10,412,115,1,116,528
09/18/2002,ROC,NY,AEA,CE,Towers with Radar,95,134,66,2,297,0,3,101,3,107,95,137,167,5,404,84,6,90,494
09/19/2002,ROC,NY,AEA,CE,Towers with Radar,100,117,73,3,293,0,2,77,2,81,100,119,150,5,374,94,0,94,468
09/20/2002,ROC,NY,AEA,CE,Towers with Radar,90,132,56,4,282,0,2,20,1,23,90,134,76,5,305,86,0,86,391
09/21/2002,ROC,NY,AEA,CE,Towers with Radar,95,84,62,8,249,0,0,40,1,41,95,84,102,9,290,105,0,105,395
09/22/2002,ROC,NY,AEA,CE,Towers with Radar,64,82,43,2,191,0,0,54,1,55,64,82,97,3,246,84,0,84,330
09/23/2002,ROC,NY,AEA,CE,Towers with Radar,77,118,52,4,251,0,2,61,2,65,77,120,113,6,316,112,0,112,428
09/24/2002,ROC,NY,AEA,CE,Towers with Radar,93,118,59,3,273,0,3,111,1,115,93,121,170,4,388,111,10,121,509
09/25/2002,ROC,NY,AEA,CE,Towers with Radar,90,117,56,9,272,0,2,114,0,116,90,119,170,9,388,185,0,185,573
09/26/2002,ROC,NY,AEA,CE,Towers with Radar,90,130,74,3,297,0,1,98,1,100,90,131,172,4,397,102,0,102,499
09/27/2002,ROC,NY,AEA,CE,Towers with Radar,87,120,63,8,278,0,0,5,0,5,87,120,68,8,283,36,0,36,319
09/28/2002,ROC,NY,AEA,CE,Towers with Radar,80,86,38,3,207,0,0,50,2,52,80,86,88,5,259,36,0,36,295
09/29/2002,ROC,NY,AEA,CE,Towers with Radar,78,79,71,4,232,0,0,102,4,106,78,79,173,8,338,145,0,145,483
09/30/2002,ROC,NY,AEA,CE,Towers with Radar,72,126,47,1,246,0,6,56,0,62,72,132,103,1,308,152,0,152,460
10/01/2002,ROC,NY,AEA,CE,Towers with Radar,99,119,37,3,258,0,2,58,3,63,99,121,95,6,321,22,0,22,343
10/02/2002,ROC,NY,AEA,CE,Towers with Radar,93,132,64,3,292,0,1,19,2,22,93,133,83,5,314,76,0,76,390
10/03/2002,ROC,NY,AEA,CE,Towers with Radar,91,134,71,3,299,0,1,14,1,16,91,135,85,4,315,96,0,96,411
10/04/2002,ROC,NY,AEA,CE,Towers with Radar,93,126,60,10,289,0,1,17,4,22,93,127,77,14,311,46,1,47,358
10/05/2002,ROC,NY,AEA,CE,Towers with Radar,87,82,35,1,205,0,0,25,0,25,87,82,60,1,230,18,1,19,249
10/06/2002,ROC,NY,AEA,CE,Towers with Radar,64,72,52,16,204,0,2,141,6,149,64,74,193,22,353,90,63,153,506
10/07/2002,ROC,NY,AEA,CE,Towers with Radar,66,110,41,0,217,0,1,22,3,26,66,111,63,3,243,22,6,28,271
10/08/2002,ROC,NY,AEA,CE,Towers with Radar,99,111,58,11,279,0,3,105,5,113,99,114,163,16,392,193,10,203,595
10/09/2002,ROC,NY,AEA,CE,Towers with Radar,94,123,51,2,270,0,6,101,2,109,94,129,152,4,379,71,14,85,464
10/10/2002,ROC,NY,AEA,CE,Towers with Radar,91,129,96,5,321,0,1,91,2,94,91,130,187,7,415,208,12,220,635
10/11/2002,ROC,NY,AEA,CE,Towers with Radar,93,130,96,6,325,0,1,22,0,23,93,131,118,6,348,106,0,106,454
10/12/2002,ROC,NY,AEA,CE,Towers with Radar,90,77,77,7,251,0,0,10,2,12,90,77,87,9,263,98,0,98,361
10/13/2002,ROC,NY,AEA,CE,Towers with Radar,62,81,40,0,183,0,0,9,1,10,62,81,49,1,193,10,0,10,203
10/14/2002,ROC,NY,AEA,CE,Towers with Radar,71,103,60,2,236,0,1,80,4,85,71,104,140,6,321,135,0,135,456
10/15/2002,ROC,NY,AEA,CE,Towers with Radar,91,113,66,16,286,0,5,97,1,103,91,118,163,17,389,68,17,85,474
10/16/2002,ROC,NY,AEA,CE,Towers with Radar,96,121,56,0,273,0,1,2,2,5,96,122,58,2,278,0,0,0,278
10/17/2002,ROC,NY,AEA,CE,Towers with Radar,98,124,108,8,338,0,2,29,0,31,98,126,137,8,369,50,27,77,446
10/18/2002,ROC,NY,AEA,CE,Towers with Radar,89,122,81,5,297,0,5,47,1,53,89,127,128,6,350,110,2,112,462
10/19/2002,ROC,NY,AEA,CE,Towers with Radar,79,77,25,1,182,0,1,4,2,7,79,78,29,3,189,0,0,0,189
10/20/2002,ROC,NY,AEA,CE,Towers with Radar,68,81,77,6,232,0,2,87,3,92,68,83,164,9,324,128,0,128,452
10/21/2002,ROC,NY,AEA,CE,Towers with Radar,80,127,71,1,279,0,1,96,3,100,80,128,167,4,379,96,30,126,505
10/22/2002,ROC,NY,AEA,CE,Towers with Radar,95,113,66,5,279,0,1,30,5,36,95,114,96,10,315,124,28,152,467
10/23/2002,ROC,NY,AEA,CE,Towers with Radar,101,122,69,5,297,0,1,32,1,34,101,123,101,6,331,145,40,185,516
10/24/2002,ROC,NY,AEA,CE,Towers with Radar,96,124,64,6,290,0,1,69,2,72,96,125,133,8,362,76,16,92,454
10/25/2002,ROC,NY,AEA,CE,Towers with Radar,90,127,60,2,279,0,1,65,3,69,90,128,125,5,348,98,10,108,456
10/26/2002,ROC,NY,AEA,CE,Towers with Radar,85,73,84,1,243,0,0,1,0,1,85,73,85,1,244,96,0,96,340
10/27/2002,ROC,NY,AEA,CE,Towers with Radar,64,74,62,2,202,0,0,64,2,66,64,74,126,4,268,130,0,130,398
10/28/2002,ROC,NY,AEA,CE,Towers with Radar,73,107,51,2,233,0,5,66,7,78,73,112,117,9,311,86,9,95,406
10/29/2002,ROC,NY,AEA,CE,Towers with Radar,96,127,44,2,269,0,4,37,2,43,96,131,81,4,312,113,14,127,439
10/30/2002,ROC,NY,AEA,CE,Towers with Radar,103,142,61,3,309,0,3,62,1,66,103,145,123,4,375,138,11,149,524
10/31/2002,ROC,NY,AEA,CE,Towers with Radar,93,117,80,5,295,0,0,58,5,63,93,117,138,10,358,78,24,102,460
11/01/2002,ROC,NY,AEA,CE,Towers with Radar,86,120,43,5,254,0,1,14,0,15,86,121,57,5,269,16,2,18,287
11/02/2002,ROC,NY,AEA,CE,Towers with Radar,71,76,17,0,164,0,0,7,5,12,71,76,24,5,176,108,37,145,321
11/03/2002,ROC,NY,AEA,CE,Towers with Radar,69,84,63,1,217,0,0,48,5,53,69,84,111,6,270,92,14,106,376
11/04/2002,ROC,NY,AEA,CE,Towers with Radar,73,120,46,1,240,0,2,5,3,10,73,122,51,4,250,66,3,69,319
11/05/2002,ROC,NY,AEA,CE,Towers with Radar,88,121,59,1,269,0,2,53,4,59,88,123,112,5,328,87,16,103,431
11/06/2002,ROC,NY,AEA,CE,Towers with Radar,88,128,58,2,276,0,1,2,2,5,88,129,60,4,281,0,5,5,286
11/07/2002,ROC,NY,AEA,CE,Towers with Radar,104,121,48,2,275,0,2,74,2,78,104,123,122,4,353,26,20,46,399
11/08/2002,ROC,NY,AEA,CE,Towers with Radar,91,123,45,4,263,0,8,34,2,44,91,131,79,6,307,20,6,26,333
11/09/2002,ROC,NY,AEA,CE,Towers with Radar,74,76,44,1,195,0,1,126,6,133,74,77,170,7,328,90,0,90,418
11/10/2002,ROC,NY,AEA,CE,Towers with Radar,70,70,20,0,160,0,0,9,1,10,70,70,29,1,170,16,0,16,186
11/11/2002,ROC,NY,AEA,CE,Towers with Radar,81,119,61,5,266,0,1,19,4,24,81,120,80,9,290,28,0,28,318
11/12/2002,ROC,NY,AEA,CE,Towers with Radar,88,119,56,0,263,0,1,11,1,13,88,120,67,1,276,156,62,218,494
11/13/2002,ROC,NY,AEA,CE,Towers with Radar,88,127,65,2,282,0,2,60,7,69,88,129,125,9,351,144,10,154,505
11/14/2002,ROC,NY,AEA,CE,Towers with Radar,91,127,35,4,257,0,2,52,3,57,91,129,87,7,314,81,17,98,412
11/15/2002,ROC,NY,AEA,CE,Towers with Radar,93,125,40,2,260,0,0,2,1,3,93,125,42,3,263,0,0,0,263
11/16/2002,ROC,NY,AEA,CE,Towers with Radar,77,80,20,0,177,0,0,1,0,1,77,80,21,0,178,5,0,5,183
11/17/2002,ROC,NY,AEA,CE,Towers with Radar,60,70,9,2,141,0,0,0,0,0,60,70,9,2,141,0,0,0,141
11/18/2002,ROC,NY,AEA,CE,Towers with Radar,76,122,47,6,251,0,1,3,1,5,76,123,50,7,256,16,1,17,273
11/19/2002,ROC,NY,AEA,CE,Towers with Radar,89,119,41,0,249,0,5,33,2,40,89,124,74,2,289,78,19,97,386
11/20/2002,ROC,NY,AEA,CE,Towers with Radar,89,131,47,6,273,0,4,107,3,114,89,135,154,9,387,131,4,135,522
11/21/2002,ROC,NY,AEA,CE,Towers with Radar,97,138,63,4,302,0,1,54,2,57,97,139,117,6,359,22,20,42,401
11/22/2002,ROC,NY,AEA,CE,Towers with Radar,88,131,59,2,280,0,0,2,0,2,88,131,61,2,282,5,0,5,287
11/23/2002,ROC,NY,AEA,CE,Towers with Radar,84,80,31,0,195,0,0,16,0,16,84,80,47,0,211,89,0,89,300
11/24/2002,ROC,NY,AEA,CE,Towers with Radar,66,82,46,3,197,0,0,76,1,77,66,82,122,4,274,142,0,142,416
11/25/2002,ROC,NY,AEA,CE,Towers with Radar,76,120,41,3,240,0,1,6,1,8,76,121,47,4,248,21,3,24,272
11/26/2002,ROC,NY,AEA,CE,Towers with Radar,90,127,62,6,285,0,1,49,2,52,90,128,111,8,337,96,4,100,437
11/27/2002,ROC,NY,AEA,CE,Towers with Radar,100,125,23,1,249,0,0,0,1,1,100,125,23,2,250,0,0,0,250
11/28/2002,ROC,NY,AEA,CE,Towers with Radar,73,77,12,1,163,0,0,4,3,7,73,77,16,4,170,6,0,6,176
11/29/2002,ROC,NY,AEA,CE,Towers with Radar,70,67,10,0,147,0,0,2,1,3,70,67,12,1,150,0,0,0,150
11/30/2002,ROC,NY,AEA,CE,Towers with Radar,70,77,43,2,192,0,0,4,3,7,70,77,47,5,199,70,16,86,285
12/01/2002,ROC,NY,AEA,CE,Towers with Radar,64,88,41,2,195,1,0,5,0,6,65,88,46,2,201,8,0,8,209
12/02/2002,ROC,NY,AEA,CE,Towers with Radar,70,114,39,1,224,1,0,0,0,1,71,114,39,1,225,3,4,7,232
12/03/2002,ROC,NY,AEA,CE,Towers with Radar,93,129,55,3,280,1,0,28,2,31,94,129,83,5,311,118,24,142,453
12/04/2002,ROC,NY,AEA,CE,Towers with Radar,89,123,55,5,272,1,1,23,5,30,90,124,78,10,302,128,10,138,440
12/05/2002,ROC,NY,AEA,CE,Towers with Radar,79,98,61,4,242,0,1,10,1,12,79,99,71,5,254,107,0,107,361
12/06/2002,ROC,NY,AEA,CE,Towers with Radar,96,112,48,5,261,0,0,47,1,48,96,112,95,6,309,133,38,171,480
12/07/2002,ROC,NY,AEA,CE,Towers with Radar,73,84,18,2,177,0,1,28,4,33,73,85,46,6,210,46,14,60,270
12/08/2002,ROC,NY,AEA,CE,Towers with Radar,66,87,33,6,192,0,1,10,0,11,66,88,43,6,203,9,0,9,212
12/09/2002,ROC,NY,AEA,CE,Towers with Radar,53,115,48,0,216,0,2,65,3,70,53,117,113,3,286,172,5,177,463
12/10/2002,ROC,NY,AEA,CE,Towers with Radar,95,132,87,8,322,0,4,87,6,97,95,136,174,14,419,138,22,160,579
12/11/2002,ROC,NY,AEA,CE,Towers with Radar,104,106,56,4,270,0,3,43,4,50,104,109,99,8,320,125,0,125,445
12/12/2002,ROC,NY,AEA,CE,Towers with Radar,100,119,48,5,272,0,2,10,1,13,100,121,58,6,285,106,0,106,391
12/13/2002,ROC,NY,AEA,CE,Towers with Radar,101,114,89,2,306,0,4,19,1,24,101,118,108,3,330,103,0,103,433
12/14/2002,ROC,NY,AEA,CE,Towers with Radar,76,68,6,0,150,0,0,0,0,0,76,68,6,0,150,0,0,0,150
12/15/2002,ROC,NY,AEA,CE,Towers with Radar,80,80,38,1,199,0,0,4,0,4,80,80,42,1,203,42,0,42,245
12/16/2002,ROC,NY,AEA,CE,Towers with Radar,78,108,37,2,225,0,0,1,0,1,78,108,38,2,226,2,0,2,228
12/17/2002,ROC,NY,AEA,CE,Towers with Radar,93,126,66,6,291,0,2,19,3,24,93,128,85,9,315,64,8,72,387
12/18/2002,ROC,NY,AEA,CE,Towers with Radar,101,124,41,9,275,0,7,61,1,69,101,131,102,10,344,140,10,150,494
12/19/2002,ROC,NY,AEA,CE,Towers with Radar,101,115,55,7,278,0,0,48,6,54,101,115,103,13,332,104,29,133,465
12/20/2002,ROC,NY,AEA,CE,Towers with Radar,99,109,39,8,255,0,1,2,0,3,99,110,41,8,258,66,0,66,324
12/21/2002,ROC,NY,AEA,CE,Towers with Radar,86,81,21,2,190,0,0,5,0,5,86,81,26,2,195,0,0,0,195
12/22/2002,ROC,NY,AEA,CE,Towers with Radar,67,75,29,0,171,0,0,30,0,30,67,75,59,0,201,18,0,18,219
12/23/2002,ROC,NY,AEA,CE,Towers with Radar,75,110,19,3,207,0,0,0,0,0,75,110,19,3,207,0,0,0,207
12/24/2002,ROC,NY,AEA,CE,Towers with Radar,104,83,25,4,216,0,1,30,2,33,104,84,55,6,249,38,0,38,287
12/25/2002,ROC,NY,AEA,CE,Towers with Radar,59,49,1,11,120,0,0,0,0,0,59,49,1,11,120,0,0,0,120
12/26/2002,ROC,NY,AEA,CE,Towers with Radar,65,88,27,0,180,0,1,2,0,3,65,89,29,0,183,32,0,32,215
12/27/2002,ROC,NY,AEA,CE,Towers with Radar,101,96,24,6,227,0,2,10,2,14,101,98,34,8,241,44,0,44,285
12/28/2002,ROC,NY,AEA,CE,Towers with Radar,74,70,16,0,160,0,0,6,0,6,74,70,22,0,166,66,0,66,232
12/29/2002,ROC,NY,AEA,CE,Towers with Radar,70,78,46,0,194,0,0,45,0,45,70,78,91,0,239,79,0,79,318
12/30/2002,ROC,NY,AEA,CE,Towers with Radar,70,114,48,2,234,0,1,45,1,47,70,115,93,3,281,202,5,207,488
12/31/2002,ROC,NY,AEA,CE,Towers with Radar,96,89,21,0,206,0,0,4,0,4,96,89,25,0,210,40,0,40,250
01/01/2003,ROC,NY,AEA,CE,Towers with Radar,63,74,13,0,150,0,0,10,1,11,63,74,23,1,161,30,0,30,191
01/02/2003,ROC,NY,AEA,CE,Towers with Radar,82,90,32,2,206,0,1,2,0,3,82,91,34,2,209,16,1,17,226
01/03/2003,ROC,NY,AEA,CE,Towers with Radar,99,89,16,1,205,0,0,0,0,0,99,89,16,1,205,0,0,0,205
01/04/2003,ROC,NY,AEA,CE,Towers with Radar,77,81,14,1,173,0,0,0,0,0,77,81,14,1,173,0,0,0,173
01/05/2003,ROC,NY,AEA,CE,Towers with Radar,60,70,43,1,174,0,0,49,3,52,60,70,92,4,226,124,22,146,372
01/06/2003,ROC,NY,AEA,CE,Towers with Radar,72,111,33,1,217,0,0,0,1,1,72,111,33,2,218,0,0,0,218
01/07/2003,ROC,NY,AEA,CE,Towers with Radar,93,115,60,13,281,0,1,25,2,28,93,116,85,15,309,20,8,28,337
01/08/2003,ROC,NY,AEA,CE,Towers with Radar,94,123,36,3,256,0,1,10,1,12,94,124,46,4,268,36,2,38,306
01/09/2003,ROC,NY,AEA,CE,Towers with Radar,90,123,25,5,243,0,1,0,1,2,90,124,25,6,245,0,0,0,245
01/10/2003,ROC,NY,AEA,CE,Towers with Radar,97,118,28,4,247,0,2,18,2,22,97,120,46,6,269,72,4,76,345
01/11/2003,ROC,NY,AEA,CE,Towers with Radar,69,70,24,0,163,0,0,5,2,7,69,70,29,2,170,18,26,44,214
01/12/2003,ROC,NY,AEA,CE,Towers with Radar,69,78,30,4,181,0,0,2,5,7,69,78,32,9,188,10,1,11,199
01/13/2003,ROC,NY,AEA,CE,Towers with Radar,72,124,33,1,230,0,1,6,1,8,72,125,39,2,238,14,0,14,252
01/14/2003,ROC,NY,AEA,CE,Towers with Radar,103,113,42,4,262,0,1,1,1,3,103,114,43,5,265,8,0,8,273
01/15/2003,ROC,NY,AEA,CE,Towers with Radar,104,120,36,2,262,0,1,12,0,13,104,121,48,2,275,30,25,55,330
01/16/2003,ROC,NY,AEA,CE,Towers with Radar,97,117,76,2,292,0,1,29,3,33,97,118,105,5,325,90,12,102,427
01/17/2003,ROC,NY,AEA,CE,Towers with Radar,93,124,21,3,241,0,0,2,1,3,93,124,23,4,244,0,0,0,244
01/18/2003,ROC,NY,AEA,CE,Towers with Radar,85,71,51,4,211,0,0,78,4,82,85,71,129,8,293,134,2,136,429
01/19/2003,ROC,NY,AEA,CE,Towers with Radar,60,70,40,1,171,0,0,20,1,21,60,70,60,2,192,72,3,75,267
01/20/2003,ROC,NY,AEA,CE,Towers with Radar,76,98,24,3,201,0,0,0,0,0,76,98,24,3,201,0,0,0,201
01/21/2003,ROC,NY,AEA,CE,Towers with Radar,99,120,31,3,253,0,0,0,0,0,99,120,31,3,253,54,0,54,307
01/22/2003,ROC,NY,AEA,CE,Towers with Radar,89,110,47,5,251,0,1,1,0,2,89,111,48,5,253,4,18,22,275
01/23/2003,ROC,NY,AEA,CE,Towers with Radar,100,109,48,4,261,0,0,0,0,0,100,109,48,4,261,0,0,0,261
01/24/2003,ROC,NY,AEA,CE,Towers with Radar,90,120,49,4,263,0,0,11,4,15,90,120,60,8,278,40,10,50,328
01/25/2003,ROC,NY,AEA,CE,Towers with Radar,70,66,24,2,162,0,0,13,1,14,70,66,37,3,176,44,0,44,220
01/26/2003,ROC,NY,AEA,CE,Towers with Radar,65,72,14,0,151,0,0,1,0,1,65,72,15,0,152,0,0,0,152
01/27/2003,ROC,NY,AEA,CE,Towers with Radar,70,113,42,1,226,0,1,9,0,10,70,114,51,1,236,36,1,37,273
01/28/2003,ROC,NY,AEA,CE,Towers with Radar,99,109,47,3,258,0,1,19,2,22,99,110,66,5,280,100,12,112,392
01/29/2003,ROC,NY,AEA,CE,Towers with Radar,105,119,32,4,260,0,2,4,3,9,105,121,36,7,269,0,0,0,269
01/30/2003,ROC,NY,AEA,CE,Towers with Radar,97,122,54,11,284,0,3,83,7,93,97,125,137,18,377,118,15,133,510
01/31/2003,ROC,NY,AEA,CE,Towers with Radar,87,127,48,4,266,0,1,46,0,47,87,128,94,4,313,134,9,143,456
02/01/2003,ROC,NY,AEA,CE,Towers with Radar,71,74,16,1,162,0,0,1,0,1,71,74,17,1,163,6,0,6,169
02/02/2003,ROC,NY,AEA,CE,Towers with Radar,66,84,22,2,174,0,0,3,1,4,66,84,25,3,178,21,0,21,199
02/03/2003,ROC,NY,AEA,CE,Towers with Radar,67,114,44,2,227,0,4,35,2,41,67,118,79,4,268,118,8,126,394
02/04/2003,ROC,NY,AEA,CE,Towers with Radar,99,120,26,7,252,0,1,2,0,3,99,121,28,7,255,5,0,5,260
02/05/2003,ROC,NY,AEA,CE,Towers with Radar,99,131,38,1,269,0,0,6,1,7,99,131,44,2,276,0,0,0,276
02/06/2003,ROC,NY,AEA,CE,Towers with Radar,93,123,49,4,269,0,2,43,9,54,93,125,92,13,323,84,46,130,453
02/07/2003,ROC,NY,AEA,CE,Towers with Radar,91,113,37,3,244,0,2,12,1,15,91,115,49,4,259,46,0,46,305
02/08/2003,ROC,NY,AEA,CE,Towers with Radar,80,80,49,8,217,0,0,47,8,55,80,80,96,16,272,22,9,31,303
02/09/2003,ROC,NY,AEA,CE,Towers with Radar,54,71,29,2,156,7,10,1,0,18,61,81,30,2,174,22,0,22,196
02/10/2003,ROC,NY,AEA,CE,Towers with Radar,84,112,67,0,263,0,0,14,0,14,84,112,81,0,277,62,0,62,339
02/11/2003,ROC,NY,AEA,CE,Towers with Radar,102,123,70,6,301,0,0,34,5,39,102,123,104,11,340,109,17,126,466
02/12/2003,ROC,NY,AEA,CE,Towers with Radar,102,129,33,3,267,0,0,1,1,2,102,129,34,4,269,0,0,0,269
02/13/2003,ROC,NY,AEA,CE,Towers with Radar,91,125,34,9,259,0,0,3,2,5,91,125,37,11,264,24,6,30,294
02/14/2003,ROC,NY,AEA,CE,Towers with Radar,84,133,46,2,265,0,2,19,0,21,84,135,65,2,286,22,0,22,308
02/15/2003,ROC,NY,AEA,CE,Towers with Radar,64,81,61,0,206,0,0,25,4,29,64,81,86,4,235,96,0,96,331
02/16/2003,ROC,NY,AEA,CE,Towers with Radar,73,69,39,3,184,0,0,21,1,22,73,69,60,4,206,6,0,6,212
02/17/2003,ROC,NY,AEA,CE,Towers with Radar,44,53,17,0,114,0,0,3,2,5,44,53,20,2,119,6,0,6,125
02/18/2003,ROC,NY,AEA,CE,Towers with Radar,76,90,31,2,199,0,1,11,1,13,76,91,42,3,212,40,3,43,255
02/19/2003,ROC,NY,AEA,CE,Towers with Radar,96,121,41,4,262,0,3,20,6,29,96,124,61,10,291,43,8,51,342
02/20/2003,ROC,NY,AEA,CE,Towers with Radar,90,129,94,5,318,0,2,101,4,107,90,131,195,9,425,150,8,158,583
02/21/2003,ROC,NY,AEA,CE,Towers with Radar,98,126,63,4,291,0,2,59,1,62,98,128,122,5,353,188,1,189,542
02/22/2003,ROC,NY,AEA,CE,Towers with Radar,72,75,24,5,176,0,0,0,0,0,72,75,24,5,176,0,0,0,176
02/23/2003,ROC,NY,AEA,CE,Towers with Radar,59,66,18,3,146,0,0,0,0,0,59,66,18,3,146,0,0,0,146
02/24/2003,ROC,NY,AEA,CE,Towers with Radar,87,133,36,1,257,0,0,6,1,7,87,133,42,2,264,0,0,0,264
02/25/2003,ROC,NY,AEA,CE,Towers with Radar,92,126,51,0,269,0,1,4,8,13,92,127,55,8,282,32,22,54,336
02/26/2003,ROC,NY,AEA,CE,Towers with Radar,115,124,68,2,309,0,4,45,2,51,115,128,113,4,360,71,7,78,438
02/27/2003,ROC,NY,AEA,CE,Towers with Radar,84,141,56,4,285,0,2,53,7,62,84,143,109,11,347,88,24,112,459
02/28/2003,ROC,NY,AEA,CE,Towers with Radar,95,136,73,5,309,0,1,21,2,24,95,137,94,7,333,170,6,176,509
03/01/2003,ROC,NY,AEA,CE,Towers with Radar,77,82,81,2,242,0,1,35,7,43,77,83,116,9,285,57,37,94,379
03/02/2003,ROC,NY,AEA,CE,Towers with Radar,61,73,31,1,166,0,1,1,0,2,61,74,32,1,168,16,0,16,184
03/03/2003,ROC,NY,AEA,CE,Towers with Radar,72,119,62,4,257,0,2,19,1,22,72,121,81,5,279,44,0,44,323
03/04/2003,ROC,NY,AEA,CE,Towers with Radar,96,125,58,3,282,7,0,28,7,42,103,125,86,10,324,20,4,24,348
03/05/2003,ROC,NY,AEA,CE,Towers with Radar,97,117,21,2,237,0,2,3,1,6,97,119,24,3,243,8,0,8,251
03/06/2003,ROC,NY,AEA,CE,Towers with Radar,91,119,54,5,269,0,2,15,1,18,91,121,69,6,287,102,25,127,414
03/07/2003,ROC,NY,AEA,CE,Towers with Radar,101,131,52,2,286,0,8,83,3,94,101,139,135,5,380,70,3,73,453
03/08/2003,ROC,NY,AEA,CE,Towers with Radar,78,85,68,2,233,0,0,84,4,88,78,85,152,6,321,130,30,160,481
03/09/2003,ROC,NY,AEA,CE,Towers with Radar,66,79,18,1,164,0,0,1,0,1,66,79,19,1,165,0,0,0,165
03/10/2003,ROC,NY,AEA,CE,Towers with Radar,71,128,42,4,245,0,1,10,0,11,71,129,52,4,256,4,14,18,274
03/11/2003,ROC,NY,AEA,CE,Towers with Radar,101,130,32,12,275,0,2,36,8,46,101,132,68,20,321,56,62,118,439
03/12/2003,ROC,NY,AEA,CE,Towers with Radar,95,130,36,6,267,0,0,0,1,1,95,130,36,7,268,2,0,2,270
03/13/2003,ROC,NY,AEA,CE,Towers with Radar,95,131,38,6,270,0,2,11,2,15,95,133,49,8,285,40,15,55,340
03/14/2003,ROC,NY,AEA,CE,Towers with Radar,84,133,93,8,318,0,7,54,3,64,84,140,147,11,382,204,8,212,594
03/15/2003,ROC,NY,AEA,CE,Towers with Radar,67,86,98,1,252,0,3,123,0,126,67,89,221,1,378,80,0,80,458
03/16/2003,ROC,NY,AEA,CE,Towers with Radar,70,79,50,3,202,0,6,87,4,97,70,85,137,7,299,132,0,132,431
03/17/2003,ROC,NY,AEA,CE,Towers with Radar,73,124,51,2,250,0,3,64,3,70,73,127,115,5,320,146,86,232,552
03/18/2003,ROC,NY,AEA,CE,Towers with Radar,83,124,84,4,295,0,4,43,1,48,83,128,127,5,343,78,72,150,493
03/19/2003,ROC,NY,AEA,CE,Towers with Radar,87,124,39,8,258,0,4,73,3,80,87,128,112,11,338,128,12,140,478
03/20/2003,ROC,NY,AEA,CE,Towers with Radar,89,120,64,1,274,0,2,12,0,14,89,122,76,1,288,55,0,55,343
03/21/2003,ROC,NY,AEA,CE,Towers with Radar,83,139,55,6,283,0,3,28,4,35,83,142,83,10,318,75,20,95,413
03/22/2003,ROC,NY,AEA,CE,Towers with Radar,76,86,43,1,206,0,2,32,2,36,76,88,75,3,242,89,0,89,331
03/23/2003,ROC,NY,AEA,CE,Towers with Radar,64,78,40,1,183,0,0,30,4,34,64,78,70,5,217,100,0,100,317
03/24/2003,ROC,NY,AEA,CE,Towers with Radar,76,122,52,2,252,0,3,65,3,71,76,125,117,5,323,102,0,102,425
03/25/2003,ROC,NY,AEA,CE,Towers with Radar,106,126,46,2,280,0,2,28,3,33,106,128,74,5,313,92,32,124,437
03/26/2003,ROC,NY,AEA,CE,Towers with Radar,96,137,32,3,268,0,1,35,1,37,96,138,67,4,305,64,24,88,393
03/27/2003,ROC,NY,AEA,CE,Towers with Radar,98,147,58,5,308,0,4,60,4,68,98,151,118,9,376,108,28,136,512
03/28/2003,ROC,NY,AEA,CE,Towers with Radar,87,127,40,5,259,0,2,22,1,25,87,129,62,6,284,22,0,22,306
03/29/2003,ROC,NY,AEA,CE,Towers with Radar,79,79,40,0,198,0,0,5,0,5,79,79,45,0,203,0,0,0,203
03/30/2003,ROC,NY,AEA,CE,Towers with Radar,65,83,45,0,193,0,0,14,0,14,65,83,59,0,207,100,0,100,307
03/31/2003,ROC,NY,AEA,CE,Towers with Radar,80,129,41,1,251,0,2,34,0,36,80,131,75,1,287,72,4,76,363
04/01/2003,ROC,NY,AEA,CE,Towers with Radar,101,126,48,6,281,0,2,18,3,23,101,128,66,9,304,126,11,137,441
04/02/2003,ROC,NY,AEA,CE,Towers with Radar,115,143,46,2,306,0,1,5,0,6,115,144,51,2,312,22,7,29,341
04/03/2003,ROC,NY,AEA,CE,Towers with Radar,90,121,27,3,241,0,0,0,0,0,90,121,27,3,241,0,0,0,241
04/04/2003,ROC,NY,AEA,CE,Towers with Radar,81,65,18,0,164,0,0,0,0,0,81,65,18,0,164,0,0,0,164
04/05/2003,ROC,NY,AEA,CE,Towers with Radar,76,84,23,2,185,0,0,7,1,8,76,84,30,3,193,0,0,0,193
04/06/2003,ROC,NY,AEA,CE,Towers with Radar,73,80,43,6,202,0,0,64,4,68,73,80,107,10,270,52,28,80,350
04/07/2003,ROC,NY,AEA,CE,Towers with Radar,57,114,24,2,197,0,1,8,1,10,57,115,32,3,207,0,15,15,222
04/08/2003,ROC,NY,AEA,CE,Towers with Radar,94,139,32,2,267,0,0,2,0,2,94,139,34,2,269,0,0,0,269
04/09/2003,ROC,NY,AEA,CE,Towers with Radar,111,140,39,2,292,0,0,6,0,6,111,140,45,2,298,8,4,12,310
04/10/2003,ROC,NY,AEA,CE,Towers with Radar,82,120,54,3,259,0,3,112,0,115,82,123,166,3,374,168,32,200,574
04/11/2003,ROC,NY,AEA,CE,Towers with Radar,87,132,48,0,267,0,7,98,5,110,87,139,146,5,377,112,18,130,507
04/12/2003,ROC,NY,AEA,CE,Towers with Radar,76,86,33,0,195,0,31,106,2,139,76,117,139,2,334,62,6,68,402
04/13/2003,ROC,NY,AEA,CE,Towers with Radar,59,76,25,5,165,0,1,122,9,132,59,77,147,14,297,74,6,80,377
04/14/2003,ROC,NY,AEA,CE,Towers with Radar,61,121,41,0,223,0,10,104,7,121,61,131,145,7,344,140,24,164,508
04/15/2003,ROC,NY,AEA,CE,Towers with Radar,92,128,41,1,262,0,3,21,0,24,92,131,62,1,286,32,5,37,323
04/16/2003,ROC,NY,AEA,CE,Towers with Radar,85,120,50,3,258,0,6,23,1,30,85,126,73,4,288,54,28,82,370
04/17/2003,ROC,NY,AEA,CE,Towers with Radar,86,124,41,5,256,0,7,36,2,45,86,131,77,7,301,56,16,72,373
04/18/2003,ROC,NY,AEA,CE,Towers with Radar,85,125,37,1,248,0,5,55,3,63,85,130,92,4,311,100,1,101,412
04/19/2003,ROC,NY,AEA,CE,Towers with Radar,73,79,26,2,180,0,0,96,0,96,73,79,122,2,276,148,0,148,424
04/20/2003,ROC,NY,AEA,CE,Towers with Radar,61,78,22,0,161,0,0,41,0,41,61,78,63,0,202,48,0,48,250
04/21/2003,ROC,NY,AEA,CE,Towers with Radar,62,122,57,2,243,0,4,20,0,24,62,126,77,2,267,64,0,64,331
04/22/2003,ROC,NY,AEA,CE,Towers with Radar,86,125,47,2,260,0,6,4,1,11,86,131,51,3,271,40,36,76,347
04/23/2003,ROC,NY,AEA,CE,Towers with Radar,85,129,52,1,267,0,0,1,2,3,85,129,53,3,270,0,0,0,270
04/24/2003,ROC,NY,AEA,CE,Towers with Radar,84,121,30,1,236,0,4,109,3,116,84,125,139,4,352,94,7,101,453
04/25/2003,ROC,NY,AEA,CE,Towers with Radar,86,124,35,2,247,0,5,127,7,139,86,129,162,9,386,80,36,116,502
04/26/2003,ROC,NY,AEA,CE,Towers with Radar,71,79,30,0,180,0,0,62,1,63,71,79,92,1,243,83,0,83,326
04/27/2003,ROC,NY,AEA,CE,Towers with Radar,60,82,37,0,179,0,0,131,0,131,60,82,168,0,310,96,0,96,406
04/28/2003,ROC,NY,AEA,CE,Towers with Radar,63,125,30,0,218,0,3,53,2,58,63,128,83,2,276,65,0,65,341
04/29/2003,ROC,NY,AEA,CE,Towers with Radar,85,131,40,3,259,0,2,125,3,130,85,133,165,6,389,116,29,145,534
04/30/2003,ROC,NY,AEA,CE,Towers with Radar,82,115,44,3,244,0,0,141,0,141,82,115,185,3,385,97,2,99,484
05/01/2003,ROC,NY,AEA,CE,Towers with Radar,85,117,71,1,274,0,1,25,2,28,85,118,96,3,302,52,10,62,364
05/02/2003,ROC,NY,AEA,CE,Towers with Radar,87,132,45,5,269,0,0,21,1,22,87,132,66,6,291,20,9,29,320
05/03/2003,ROC,NY,AEA,CE,Towers with Radar,78,107,56,2,243,0,18,379,2,399,78,125,435,4,642,98,47,145,787
05/04/2003,ROC,NY,AEA,CE,Towers with Radar,59,77,55,0,191,0,0,197,0,197,59,77,252,0,388,136,13,149,537
05/05/2003,ROC,NY,AEA,CE,Towers with Radar,63,128,34,0,225,0,0,33,0,33,63,128,67,0,258,74,0,74,332
05/06/2003,ROC,NY,AEA,CE,Towers with Radar,85,125,35,0,245,0,0,51,4,55,85,125,86,4,300,80,12,92,392
05/07/2003,ROC,NY,AEA,CE,Towers with Radar,84,126,75,1,286,0,0,29,11,40,84,126,104,12,326,234,0,234,560
05/08/2003,ROC,NY,AEA,CE,Towers with Radar,87,131,68,5,291,0,0,111,11,122,87,131,179,16,413,223,9,232,645
05/09/2003,ROC,NY,AEA,CE,Towers with Radar,87,124,50,2,263,0,4,109,0,113,87,128,159,2,376,84,11,95,471
05/10/2003,ROC,NY,AEA,CE,Towers with Radar,73,85,52,2,212,0,4,142,0,146,73,89,194,2,358,45,0,45,403
05/11/2003,ROC,NY,AEA,CE,Towers with Radar,58,79,19,0,156,0,0,6,0,6,58,79,25,0,162,0,0,0,162
05/12/2003,ROC,NY,AEA,CE,Towers with Radar,60,124,50,0,234,0,0,8,0,8,60,124,58,0,242,0,0,0,242
05/13/2003,ROC,NY,AEA,CE,Towers with Radar,89,122,59,1,271,0,0,13,3,16,89,122,72,4,287,46,0,46,333
05/14/2003,ROC,NY,AEA,CE,Towers with Radar,82,125,63,0,270,0,0,74,5,79,82,125,137,5,349,59,0,59,408
05/15/2003,ROC,NY,AEA,CE,Towers with Radar,86,125,40,1,252,0,0,112,12,124,86,125,152,13,376,96,17,113,489
05/16/2003,ROC,NY,AEA,CE,Towers with Radar,87,128,57,7,279,0,0,9,0,9,87,128,66,7,288,10,0,10,298
05/17/2003,ROC,NY,AEA,CE,Towers with Radar,71,87,49,2,209,0,6,104,1,111,71,93,153,3,320,188,2,190,510
05/18/2003,ROC,NY,AEA,CE,Towers with Radar,58,83,28,2,171,0,0,168,0,168,58,83,196,2,339,80,0,80,419
05/19/2003,ROC,NY,AEA,CE,Towers with Radar,68,127,51,0,246,0,3,151,0,154,68,130,202,0,400,126,0,126,526
05/20/2003,ROC,NY,AEA,CE,Towers with Radar,87,123,36,8,254,0,0,65,0,65,87,123,101,8,319,54,6,60,379
05/21/2003,ROC,NY,AEA,CE,Towers with Radar,85,130,64,0,279,0,1,76,4,81,85,131,140,4,360,56,4,60,420
05/22/2003,ROC,NY,AEA,CE,Towers with Radar,83,126,66,1,276,0,0,142,10,152,83,126,208,11,428,168,3,171,599
05/23/2003,ROC,NY,AEA,CE,Towers with Radar,88,120,64,0,272,0,0,58,0,58,88,120,122,0,330,80,0,80,410
05/24/2003,ROC,NY,AEA,CE,Towers with Radar,66,85,42,0,193,0,0,8,0,8,66,85,50,0,201,80,0,80,281
05/25/2003,ROC,NY,AEA,CE,Towers with Radar,55,76,33,0,164,0,0,47,0,47,55,76,80,0,211,164,0,164,375
05/26/2003,ROC,NY,AEA,CE,Towers with Radar,60,89,43,0,192,0,0,67,0,67,60,89,110,0,259,119,1,120,379
05/27/2003,ROC,NY,AEA,CE,Towers with Radar,63,124,44,0,231,0,0,79,4,83,63,124,123,4,314,206,28,234,548
05/28/2003,ROC,NY,AEA,CE,Towers with Radar,86,123,50,8,267,0,0,50,2,52,86,123,100,10,319,120,9,129,448
05/29/2003,ROC,NY,AEA,CE,Towers with Radar,86,123,52,7,268,0,1,116,8,125,86,124,168,15,393,217,12,229,622
05/30/2003,ROC,NY,AEA,CE,Towers with Radar,86,129,52,2,269,0,0,124,19,143,86,129,176,21,412,196,62,258,670
05/31/2003,ROC,NY,AEA,CE,Towers with Radar,69,79,46,0,194,0,0,32,10,42,69,79,78,10,236,52,0,52,288
06/01/2003,ROC,NY,AEA,CE,Towers with Radar,64,91,37,0,192,0,0,27,0,27,64,91,64,0,219,28,0,28,247
06/02/2003,ROC,NY,AEA,CE,Towers with Radar,59,128,47,0,234,0,1,113,8,122,59,129,160,8,356,125,0,125,481
06/03/2003,ROC,NY,AEA,CE,Towers with Radar,81,130,43,0,254,0,1,100,0,101,81,131,143,0,355,280,0,280,635
06/04/2003,ROC,NY,AEA,CE,Towers with Radar,85,126,47,1,259,0,1,44,0,45,85,127,91,1,304,110,0,110,414
06/05/2003,ROC,NY,AEA,CE,Towers with Radar,82,131,51,2,266,0,0,6,0,6,82,131,57,2,272,54,2,56,328
06/06/2003,ROC,NY,AEA,CE,Towers with Radar,80,128,50,2,260,0,1,123,1,125,80,129,173,3,385,298,12,310,695
06/07/2003,ROC,NY,AEA,CE,Towers with Radar,66,84,51,1,202,0,1,21,11,33,66,85,72,12,235,110,10,120,355
06/08/2003,ROC,NY,AEA,CE,Towers with Radar,46,88,47,2,183,0,0,70,0,70,46,88,117,2,253,104,6,110,363
06/09/2003,ROC,NY,AEA,CE,Towers with Radar,56,129,37,0,222,0,0,39,0,39,56,129,76,0,261,43,0,43,304
06/10/2003,ROC,NY,AEA,CE,Towers with Radar,74,128,57,1,260,0,4,145,10,159,74,132,202,11,419,208,12,220,639
06/11/2003,ROC,NY,AEA,CE,Towers with Radar,73,125,51,2,251,0,1,35,1,37,73,126,86,3,288,112,4,116,404
06/12/2003,ROC,NY,AEA,CE,Towers with Radar,74,132,51,2,259,0,0,44,1,45,74,132,95,3,304,180,5,185,489
06/13/2003,ROC,NY,AEA,CE,Towers with Radar,75,129,53,0,257,0,0,3,0,3,75,129,56,0,260,0,0,0,260
06/14/2003,ROC,NY,AEA,CE,Towers with Radar,62,101,45,0,208,0,0,29,0,29,62,101,74,0,237,12,14,26,263
06/15/2003,ROC,NY,AEA,CE,Towers with Radar,47,87,35,0,169,0,0,105,0,105,47,87,140,0,274,114,1,115,389
06/16/2003,ROC,NY,AEA,CE,Towers with Radar,48,134,49,1,232,0,1,155,0,156,48,135,204,1,388,251,6,257,645
06/17/2003,ROC,NY,AEA,CE,Towers with Radar,74,145,51,2,272,0,1,140,2,143,74,146,191,4,415,202,12,214,629
06/18/2003,ROC,NY,AEA,CE,Towers with Radar,73,136,62,1,272,0,2,55,2,59,73,138,117,3,331,100,22,122,453
06/19/2003,ROC,NY,AEA,CE,Towers with Radar,70,139,41,4,254,0,0,26,4,30,70,139,67,8,284,34,20,54,338
06/20/2003,ROC,NY,AEA,CE,Towers with Radar,71,137,46,0,254,0,0,119,1,120,71,137,165,1,374,194,22,216,590
06/21/2003,ROC,NY,AEA,CE,Towers with Radar,60,103,39,0,202,0,1,11,0,12,60,104,50,0,214,22,0,22,236
06/22/2003,ROC,NY,AEA,CE,Towers with Radar,46,97,32,0,175,0,5,113,0,118,46,102,145,0,293,192,0,192,485
06/23/2003,ROC,NY,AEA,CE,Towers with Radar,50,135,35,0,220,0,2,106,2,110,50,137,141,2,330,160,2,162,492
06/24/2003,ROC,NY,AEA,CE,Towers with Radar,75,137,43,3,258,0,6,162,8,176,75,143,205,11,434,112,0,112,546
06/25/2003,ROC,NY,AEA,CE,Towers with Radar,73,133,48,2,256,0,4,134,16,154,73,137,182,18,410,211,8,219,629
06/26/2003,ROC,NY,AEA,CE,Towers with Radar,77,141,55,2,275,0,6,92,10,108,77,147,147,12,383,166,10,176,559
06/27/2003,ROC,NY,AEA,CE,Towers with Radar,75,147,64,1,287,0,0,51,6,57,75,147,115,7,344,32,0,32,376
06/28/2003,ROC,NY,AEA,CE,Towers with Radar,62,96,31,0,189,0,2,158,2,162,62,98,189,2,351,166,0,166,517
06/29/2003,ROC,NY,AEA,CE,Towers with Radar,75,102,26,0,203,0,0,55,3,58,75,102,81,3,261,104,0,104,365
06/30/2003,ROC,NY,AEA,CE,Towers with Radar,52,141,38,3,234,0,2,90,0,92,52,143,128,3,326,92,14,106,432
07/01/2003,ROC,NY,AEA,CE,Towers with Radar,80,131,45,3,259,0,2,122,8,132,80,133,167,11,391,61,0,61,452
07/02/2003,ROC,NY,AEA,CE,Towers with Radar,77,137,34,0,248,0,5,153,6,164,77,142,187,6,412,270,12,282,694
07/03/2003,ROC,NY,AEA,CE,Towers with Radar,75,131,48,3,257,0,0,96,4,100,75,131,144,7,357,132,12,144,501
07/04/2003,ROC,NY,AEA,CE,Towers with Radar,56,84,15,0,155,0,2,62,0,64,56,86,77,0,219,198,0,198,417
07/05/2003,ROC,NY,AEA,CE,Towers with Radar,48,77,14,0,139,0,0,31,0,31,48,77,45,0,170,64,0,64,234
07/06/2003,ROC,NY,AEA,CE,Towers with Radar,44,83,34,0,161,0,0,101,0,101,44,83,135,0,262,22,0,22,284
07/07/2003,ROC,NY,AEA,CE,Towers with Radar,51,121,46,0,218,0,0,21,0,21,51,121,67,0,239,104,0,104,343
07/08/2003,ROC,NY,AEA,CE,Towers with Radar,75,123,45,1,244,0,0,63,10,73,75,123,108,11,317,108,20,128,445
07/09/2003,ROC,NY,AEA,CE,Towers with Radar,77,127,46,6,256,0,0,84,12,96,77,127,130,18,352,66,4,70,422
07/10/2003,ROC,NY,AEA,CE,Towers with Radar,73,132,60,6,271,0,4,88,6,98,73,136,148,12,369,170,32,202,571
07/11/2003,ROC,NY,AEA,CE,Towers with Radar,78,128,62,0,268,0,0,32,1,33,78,128,94,1,301,56,2,58,359
07/12/2003,ROC,NY,AEA,CE,Towers with Radar,65,94,36,0,195,0,0,34,6,40,65,94,70,6,235,26,0,26,261
07/13/2003,ROC,NY,AEA,CE,Towers with Radar,53,95,34,1,183,0,0,122,1,123,53,95,156,2,306,120,10,130,436
07/14/2003,ROC,NY,AEA,CE,Towers with Radar,53,130,52,2,237,0,5,139,1,145,53,135,191,3,382,131,4,135,517
07/15/2003,ROC,NY,AEA,CE,Towers with Radar,74,142,60,1,277,0,0,96,21,117,74,142,156,22,394,130,1,131,525
07/16/2003,ROC,NY,AEA,CE,Towers with Radar,80,132,40,1,253,0,0,39,2,41,80,132,79,3,294,4,5,9,303
07/17/2003,ROC,NY,AEA,CE,Towers with Radar,77,129,69,6,281,0,3,143,6,152,77,132,212,12,433,204,11,215,648
07/18/2003,ROC,NY,AEA,CE,Towers with Radar,75,133,33,1,242,0,1,143,4,148,75,134,176,5,390,83,6,89,479
07/19/2003,ROC,NY,AEA,CE,Towers with Radar,70,97,39,0,206,0,4,144,2,150,70,101,183,2,356,116,0,116,472
07/20/2003,ROC,NY,AEA,CE,Towers with Radar,57,101,24,2,184,0,0,139,1,140,57,101,163,3,324,76,10,86,410
07/21/2003,ROC,NY,AEA,CE,Towers with Radar,51,113,34,1,199,0,1,26,2,29,51,114,60,3,228,46,0,46,274
07/22/2003,ROC,NY,AEA,CE,Towers with Radar,77,124,44,0,245,0,0,15,1,16,77,124,59,1,261,30,2,32,293
07/23/2003,ROC,NY,AEA,CE,Towers with Radar,76,122,54,0,252,0,0,62,0,62,76,122,116,0,314,150,1,151,465
07/24/2003,ROC,NY,AEA,CE,Towers with Radar,76,137,55,4,272,0,3,22,10,35,76,140,77,14,307,36,0,36,343
07/25/2003,ROC,NY,AEA,CE,Towers with Radar,81,129,57,0,267,0,0,161,0,161,81,129,218,0,428,103,0,103,531
07/26/2003,ROC,NY,AEA,CE,Towers with Radar,60,95,30,0,185,0,0,100,0,100,60,95,130,0,285,56,0,56,341
07/27/2003,ROC,NY,AEA,CE,Towers with Radar,50,91,26,0,167,0,0,8,0,8,50,91,34,0,175,0,0,0,175
07/28/2003,ROC,NY,AEA,CE,Towers with Radar,53,132,56,3,244,0,0,110,8,118,53,132,166,11,362,160,16,176,538
07/29/2003,ROC,NY,AEA,CE,Towers with Radar,78,142,53,3,276,0,0,177,13,190,78,142,230,16,466,150,2,152,618
07/30/2003,ROC,NY,AEA,CE,Towers with Radar,76,132,60,2,270,0,0,152,3,155,76,132,212,5,425,314,80,394,819
07/31/2003,ROC,NY,AEA,CE,Towers with Radar,75,141,56,3,275,0,1,108,9,118,75,142,164,12,393,242,18,260,653
08/01/2003,ROC,NY,AEA,CE,Towers with Radar,71,128,64,5,268,0,0,25,17,42,71,128,89,22,310,105,0,105,415
08/02/2003,ROC,NY,AEA,CE,Towers with Radar,66,90,30,0,186,0,0,34,0,34,66,90,64,0,220,114,0,114,334
08/03/2003,ROC,NY,AEA,CE,Towers with Radar,53,79,46,0,178,0,0,18,5,23,53,79,64,5,201,193,3,196,397
08/04/2003,ROC,NY,AEA,CE,Towers with Radar,52,121,51,1,225,0,0,60,2,62,52,121,111,3,287,170,12,182,469
08/05/2003,ROC,NY,AEA,CE,Towers with Radar,78,130,35,0,243,0,1,42,14,57,78,131,77,14,300,122,7,129,429
08/06/2003,ROC,NY,AEA,CE,Towers with Radar,75,133,36,0,244,0,0,8,1,9,75,133,44,1,253,22,0,22,275
08/07/2003,ROC,NY,AEA,CE,Towers with Radar,74,130,69,3,276,0,0,57,5,62,74,130,126,8,338,188,15,203,541
08/08/2003,ROC,NY,AEA,CE,Towers with Radar,74,133,37,0,244,0,0,50,13,63,74,133,87,13,307,98,10,108,415
08/09/2003,ROC,NY,AEA,CE,Towers with Radar,62,100,30,0,192,0,0,7,4,11,62,100,37,4,203,47,14,61,264
08/10/2003,ROC,NY,AEA,CE,Towers with Radar,52,119,51,0,222,0,0,5,1,6,52,119,56,1,228,0,0,0,228
08/11/2003,ROC,NY,AEA,CE,Towers with Radar,51,165,65,0,281,0,0,18,0,18,51,165,83,0,299,34,6,40,339
08/12/2003,ROC,NY,AEA,CE,Towers with Radar,78,153,81,1,313,0,0,23,4,27,78,153,104,5,340,48,6,54,394
08/13/2003,ROC,NY,AEA,CE,Towers with Radar,69,145,83,11,308,0,0,97,2,99,69,145,180,13,407,40,24,64,471
08/14/2003,ROC,NY,AEA,CE,Towers with Radar,71,147,95,2,315,0,0,150,6,156,71,147,245,8,471,112,8,120,591
08/15/2003,ROC,NY,AEA,CE,Towers with Radar,69,152,93,0,314,0,0,98,2,100,69,152,191,2,414,54,5,59,473
08/16/2003,ROC,NY,AEA,CE,Towers with Radar,60,116,54,0,230,0,0,13,3,16,60,116,67,3,246,56,0,56,302
08/17/2003,ROC,NY,AEA,CE,Towers with Radar,50,144,82,0,276,0,1,62,3,66,50,145,144,3,342,18,0,18,360
08/18/2003,ROC,NY,AEA,CE,Towers with Radar,91,146,65,2,304,0,1,135,4,140,91,147,200,6,444,84,4,88,532
08/19/2003,ROC,NY,AEA,CE,Towers with Radar,72,136,64,0,272,0,0,158,1,159,72,136,222,1,431,88,8,96,527
08/20/2003,ROC,NY,AEA,CE,Towers with Radar,74,135,44,2,255,0,0,119,5,124,74,135,163,7,379,127,16,143,522
08/21/2003,ROC,NY,AEA,CE,Towers with Radar,74,136,50,1,261,0,6,73,4,83,74,142,123,5,344,50,0,50,394
08/22/2003,ROC,NY,AEA,CE,Towers with Radar,79,132,57,2,270,0,0,52,0,52,79,132,109,2,322,4,0,4,326
08/23/2003,ROC,NY,AEA,CE,Towers with Radar,64,95,27,0,186,0,0,106,0,106,64,95,133,0,292,98,0,98,390
08/24/2003,ROC,NY,AEA,CE,Towers with Radar,53,92,26,0,171,0,1,120,0,121,53,93,146,0,292,102,2,104,396
08/25/2003,ROC,NY,AEA,CE,Towers with Radar,54,130,50,0,234,0,0,115,2,117,54,130,165,2,351,74,0,74,425
08/26/2003,ROC,NY,AEA,CE,Towers with Radar,73,140,45,3,261,0,0,35,2,37,73,140,80,5,298,91,0,91,389
08/27/2003,ROC,NY,AEA,CE,Towers with Radar,73,134,42,1,250,0,2,119,2,123,73,136,161,3,373,70,0,70,443
08/28/2003,ROC,NY,AEA,CE,Towers with Radar,77,136,44,2,259,0,5,145,3,153,77,141,189,5,412,98,6,104,516
08/29/2003,ROC,NY,AEA,CE,Towers with Radar,71,129,40,1,241,0,1,13,1,15,71,130,53,2,256,34,0,34,290
08/30/2003,ROC,NY,AEA,CE,Towers with Radar,61,97,60,0,218,0,0,40,0,40,61,97,100,0,258,98,0,98,356
08/31/2003,ROC,NY,AEA,CE,Towers with Radar,48,75,30,0,153,0,0,119,0,119,48,75,149,0,272,156,0,156,428
09/01/2003,ROC,NY,AEA,CE,Combined TRACON& Tower with Radar,47,98,30,0,175,0,0,33,2,35,47,98,63,2,210,18,0,18,228
09/02/2003,ROC,NY,AEA,CE,Combined TRACON& Tower with Radar,51,132,57,3,243,0,0,48,3,51,51,132,105,6,294,112,13,125,419
09/03/2003,ROC,NY,AEA,CE,Combined TRACON& Tower with Radar,69,140,54,1,264,0,0,57,0,57,69,140,111,1,321,156,9,165,486
09/04/2003,ROC,NY,AEA,CE,Combined TRACON& Tower with Radar,70,142,59,4,275,0,1,79,1,81,70,143,138,5,356,66,0,66,422
09/05/2003,ROC,NY,AEA,CE,Combined TRACON& Tower with Radar,71,133,56,2,262,0,0,69,0,69,71,133,125,2,331,128,0,128,459
09/06/2003,ROC,NY,AEA,CE,Combined TRACON& Tower with Radar,61,93,35,9,198,0,0,140,3,143,61,93,175,12,341,90,11,101,442
09/07/2003,ROC,NY,AEA,CE,Combined TRACON& Tower with Radar,48,95,36,2,181,0,0,143,8,151,48,95,179,10,332,126,0,126,458
09/08/2003,ROC,NY,AEA,CE,Combined TRACON& Tower with Radar,48,132,50,2,232,0,0,85,0,85,48,132,135,2,317,198,1,199,516
09/09/2003,ROC,NY,AEA,CE,Combined TRACON& Tower with Radar,77,136,35,0,248,0,0,121,13,134,77,136,156,13,382,76,2,78,460
09/10/2003,ROC,NY,AEA,CE,Combined TRACON& Tower with Radar,69,138,51,0,258,0,0,116,7,123,69,138,167,7,381,148,2,150,531
09/11/2003,ROC,NY,AEA,CE,Combined TRACON& Tower with Radar,69,130,53,1,253,0,0,116,20,136,69,130,169,21,389,194,4,198,587
09/12/2003,ROC,NY,AEA,CE,Combined TRACON& Tower with Radar,67,130,43,0,240,0,0,93,1,94,67,130,136,1,334,184,0,184,518
09/13/2003,ROC,NY,AEA,CE,Combined TRACON& Tower with Radar,69,95,47,1,212,0,3,67,12,82,69,98,114,13,294,30,0,30,324
09/14/2003,ROC,NY,AEA,CE,Combined TRACON& Tower with Radar,50,98,36,0,184,0,1,51,9,61,50,99,87,9,245,102,0,102,347
09/15/2003,ROC,NY,AEA,CE,Combined TRACON& Tower with Radar,55,133,41,0,229,0,0,36,0,36,55,133,77,0,265,74,0,74,339
09/16/2003,ROC,NY,AEA,CE,Combined TRACON& Tower with Radar,71,145,42,0,258,0,2,95,1,98,71,147,137,1,356,136,0,136,492
09/17/2003,ROC,NY,AEA,CE,Combined TRACON& Tower with Radar,68,140,62,0,270,0,2,142,1,145,68,142,204,1,415,177,18,195,610
09/18/2003,ROC,NY,AEA,CE,Combined TRACON& Tower with Radar,70,130,49,0,249,0,0,97,0,97,70,130,146,0,346,72,6,78,424
09/19/2003,ROC,NY,AEA,CE,Combined TRACON& Tower with Radar,72,120,125,0,317,0,0,4,0,4,72,120,129,0,321,40,2,42,363
09/20/2003,ROC,NY,AEA,CE,Combined TRACON& Tower with Radar,67,96,26,0,189,0,0,73,0,73,67,96,99,0,262,10,0,10,272
09/21/2003,ROC,NY,AEA,CE,Combined TRACON& Tower with Radar,45,87,29,0,161,0,0,116,1,117,45,87,145,1,278,128,2,130,408
09/22/2003,ROC,NY,AEA,CE,Combined TRACON& Tower with Radar,49,136,53,0,238,0,0,32,0,32,49,136,85,0,270,80,12,92,362
09/23/2003,ROC,NY,AEA,CE,Combined TRACON& Tower with Radar,68,137,44,0,249,0,0,29,0,29,68,137,73,0,278,40,20,60,338
09/24/2003,ROC,NY,AEA,CE,Combined TRACON& Tower with Radar,69,139,45,0,253,0,4,141,0,145,69,143,186,0,398,81,17,98,496
09/25/2003,ROC,NY,AEA,CE,Combined TRACON& Tower with Radar,78,141,44,0,263,0,5,44,0,49,78,146,88,0,312,58,3,61,373
09/26/2003,ROC,NY,AEA,CE,Combined TRACON& Tower with Radar,84,134,47,0,265,0,2,95,0,97,84,136,142,0,362,117,0,117,479
09/27/2003,ROC,NY,AEA,CE,Combined TRACON& Tower with Radar,81,83,12,0,176,0,0,3,0,3,81,83,15,0,179,0,0,0,179
09/28/2003,ROC,NY,AEA,CE,Combined TRACON& Tower with Radar,69,92,50,0,211,0,0,46,0,46,69,92,96,0,257,20,0,20,277
09/29/2003,ROC,NY,AEA,CE,Combined TRACON& Tower with Radar,57,125,62,0,244,0,2,38,0,40,57,127,100,0,284,98,0,98,382
09/30/2003,ROC,NY,AEA,CE,Combined TRACON& Tower with Radar,86,125,31,0,242,0,0,42,0,42,86,125,73,0,284,46,0,46,330
10/01/2003,ROC,NY,AEA,CE,Combined TRACON& Tower with Radar,80,118,49,0,247,0,3,23,0,26,80,121,72,0,273,89,0,89,362
10/02/2003,ROC,NY,AEA,CE,Combined TRACON& Tower with Radar,88,128,42,0,258,0,3,20,1,24,88,131,62,1,282,46,0,46,328
10/03/2003,ROC,NY,AEA,CE,Combined TRACON& Tower with Radar,77,129,58,0,264,0,1,57,7,65,77,130,115,7,329,146,10,156,485
10/04/2003,ROC,NY,AEA,CE,Combined TRACON& Tower with Radar,78,85,41,0,204,0,6,6,2,14,78,91,47,2,218,14,40,54,272
10/05/2003,ROC,NY,AEA,CE,Combined TRACON& Tower with Radar,63,88,30,0,181,0,2,78,3,83,63,90,108,3,264,114,2,116,380
10/06/2003,ROC,NY,AEA,CE,Combined TRACON& Tower with Radar,61,123,28,2,214,0,3,88,3,94,61,126,116,5,308,194,2,196,504
10/07/2003,ROC,NY,AEA,CE,Combined TRACON& Tower with Radar,85,133,34,9,261,0,8,105,15,128,85,141,139,24,389,268,8,276,665
10/08/2003,ROC,NY,AEA,CE,Combined TRACON& Tower with Radar,85,122,40,3,250,0,9,121,22,152,85,131,161,25,402,124,6,130,532
10/09/2003,ROC,NY,AEA,CE,Combined TRACON& Tower with Radar,84,144,45,7,280,0,6,108,16,130,84,150,153,23,410,214,6,220,630
10/10/2003,ROC,NY,AEA,CE,Combined TRACON& Tower with Radar,83,138,59,0,280,0,5,96,2,103,83,143,155,2,383,166,0,166,549
10/11/2003,ROC,NY,AEA,CE,Combined TRACON& Tower with Radar,83,91,32,0,206,0,2,104,0,106,83,93,136,0,312,166,0,166,478
10/12/2003,ROC,NY,AEA,CE,Combined TRACON& Tower with Radar,60,81,33,0,174,0,9,44,0,53,60,90,77,0,227,86,0,86,313
10/13/2003,ROC,NY,AEA,CE,Combined TRACON& Tower with Radar,59,117,58,0,234,0,7,141,0,148,59,124,199,0,382,74,0,74,456
10/14/2003,ROC,NY,AEA,CE,Combined TRACON& Tower with Radar,77,137,39,1,254,0,10,40,7,57,77,147,79,8,311,10,21,31,342
10/15/2003,ROC,NY,AEA,CE,Combined TRACON& Tower with Radar,83,123,43,0,249,0,0,0,0,0,83,123,43,0,249,12,0,12,261
10/16/2003,ROC,NY,AEA,CE,Combined TRACON& Tower with Radar,84,144,37,2,267,0,7,34,10,51,84,151,71,12,318,72,25,97,415
10/17/2003,ROC,NY,AEA,CE,Combined TRACON& Tower with Radar,82,134,42,6,264,0,7,92,1,100,82,141,134,7,364,102,4,106,470
10/18/2003,ROC,NY,AEA,CE,Combined TRACON& Tower with Radar,79,82,25,2,188,0,7,89,0,96,79,89,114,2,284,67,0,67,351
10/19/2003,ROC,NY,AEA,CE,Combined TRACON& Tower with Radar,57,88,41,2,188,0,3,7,1,11,57,91,48,3,199,0,0,0,199
10/20/2003,ROC,NY,AEA,CE,Combined TRACON& Tower with Radar,59,114,65,1,239,0,10,91,0,101,59,124,156,1,340,132,18,150,490
10/21/2003,ROC,NY,AEA,CE,Combined TRACON& Tower with Radar,81,131,44,0,256,0,0,0,0,0,81,131,44,0,256,10,0,10,266
10/22/2003,ROC,NY,AEA,CE,Combined TRACON& Tower with Radar,83,137,32,1,253,0,5,14,7,26,83,142,46,8,279,14,5,19,298
10/23/2003,ROC,NY,AEA,CE,Combined TRACON& Tower with Radar,80,140,56,0,276,0,8,28,10,46,80,148,84,10,322,122,9,131,453
10/24/2003,ROC,NY,AEA,CE,Combined TRACON& Tower with Radar,83,127,65,0,275,0,6,77,3,86,83,133,142,3,361,56,2,58,419
10/25/2003,ROC,NY,AEA,CE,Combined TRACON& Tower with Radar,77,85,30,2,194,0,2,70,2,74,77,87,100,4,268,60,0,60,328
10/26/2003,ROC,NY,AEA,CE,Combined TRACON& Tower with Radar,63,92,50,0,205,0,0,3,0,3,63,92,53,0,208,32,0,32,240
10/27/2003,ROC,NY,AEA,CE,Combined TRACON& Tower with Radar,65,121,53,0,239,0,2,1,0,3,65,123,54,0,242,4,0,4,246
10/28/2003,ROC,NY,AEA,CE,Combined TRACON& Tower with Radar,90,139,50,2,281,0,6,71,5,82,90,145,121,7,363,70,48,118,481
10/29/2003,ROC,NY,AEA,CE,Combined TRACON& Tower with Radar,86,124,32,0,242,0,4,15,2,21,86,128,47,2,263,42,17,59,322
10/30/2003,ROC,NY,AEA,CE,Combined TRACON& Tower with Radar,86,128,47,2,263,0,14,86,7,107,86,142,133,9,370,124,14,138,508
10/31/2003,ROC,NY,AEA,CE,Combined TRACON& Tower with Radar,86,123,38,0,247,0,8,90,3,101,86,131,128,3,348,114,8,122,470
11/01/2003,ROC,NY,AEA,CE,Combined TRACON& Tower with Radar,77,86,50,0,213,0,6,56,17,79,77,92,106,17,292,78,0,78,370
11/02/2003,ROC,NY,AEA,CE,Combined TRACON& Tower with Radar,55,89,49,0,193,0,0,2,0,2,55,89,51,0,195,54,0,54,249
11/03/2003,ROC,NY,AEA,CE,Combined TRACON& Tower with Radar,63,124,48,0,235,0,0,0,0,0,63,124,48,0,235,6,0,6,241
11/04/2003,ROC,NY,AEA,CE,Combined TRACON& Tower with Radar,86,132,63,2,283,0,0,0,1,1,86,132,63,3,284,4,0,4,288
11/05/2003,ROC,NY,AEA,CE,Combined TRACON& Tower with Radar,98,142,73,2,315,0,7,24,27,58,98,149,97,29,373,96,72,168,541
11/06/2003,ROC,NY,AEA,CE,Combined TRACON& Tower with Radar,83,142,53,3,281,0,6,51,24,81,83,148,104,27,362,109,71,180,542
11/07/2003,ROC,NY,AEA,CE,Combined TRACON& Tower with Radar,87,132,56,0,275,0,12,34,33,79,87,144,90,33,354,52,28,80,434
11/08/2003,ROC,NY,AEA,CE,Combined TRACON& Tower with Radar,76,93,23,0,192,0,3,55,0,58,76,96,78,0,250,31,0,31,281
11/09/2003,ROC,NY,AEA,CE,Combined TRACON& Tower with Radar,61,94,36,0,191,0,4,111,19,134,61,98,147,19,325,84,0,84,409
11/10/2003,ROC,NY,AEA,CE,Combined TRACON& Tower with Radar,65,125,47,0,237,0,14,65,14,93,65,139,112,14,330,108,8,116,446
11/11/2003,ROC,NY,AEA,CE,Combined TRACON& Tower with Radar,94,130,35,0,259,0,5,6,2,13,94,135,41,2,272,38,0,38,310
11/12/2003,ROC,NY,AEA,CE,Combined TRACON& Tower with Radar,89,137,50,0,276,0,9,37,17,63,89,146,87,17,339,110,12,122,461
11/13/2003,ROC,NY,AEA,CE,Combined TRACON& Tower with Radar,79,81,19,0,179,0,0,0,0,0,79,81,19,0,179,3,0,3,182
11/14/2003,ROC,NY,AEA,CE,Combined TRACON& Tower with Radar,97,128,60,0,285,0,4,9,1,14,97,132,69,1,299,31,6,37,336
11/15/2003,ROC,NY,AEA,CE,Combined TRACON& Tower with Radar,81,83,32,2,198,0,9,75,3,87,81,92,107,5,285,50,0,50,335
11/16/2003,ROC,NY,AEA,CE,Combined TRACON& Tower with Radar,63,85,54,0,202,0,1,11,2,14,63,86,65,2,216,30,0,30,246
11/17/2003,ROC,NY,AEA,CE,Combined TRACON& Tower with Radar,65,134,38,0,237,0,0,1,0,1,65,134,39,0,238,0,0,0,238
11/18/2003,ROC,NY,AEA,CE,Combined TRACON& Tower with Radar,89,131,44,0,264,0,7,23,28,58,89,138,67,28,322,94,14,108,430
11/19/2003,ROC,NY,AEA,CE,Combined TRACON& Tower with Radar,87,128,41,0,256,0,6,4,0,10,87,134,45,0,266,16,0,16,282
11/20/2003,ROC,NY,AEA,CE,Combined TRACON& Tower with Radar,86,141,60,1,288,0,6,40,15,61,86,147,100,16,349,108,12,120,469
11/21/2003,ROC,NY,AEA,CE,Combined TRACON& Tower with Radar,88,129,53,2,272,0,11,123,4,138,88,140,176,6,410,40,0,40,450
11/22/2003,ROC,NY,AEA,CE,Combined TRACON& Tower with Radar,76,80,35,0,191,0,0,136,0,136,76,80,171,0,327,245,0,245,572
11/23/2003,ROC,NY,AEA,CE,Combined TRACON& Tower with Radar,53,85,35,0,173,0,3,111,0,114,53,88,146,0,287,131,0,131,418
11/24/2003,ROC,NY,AEA,CE,Combined TRACON& Tower with Radar,63,121,39,0,223,0,4,15,2,21,63,125,54,2,244,0,0,0,244
11/25/2003,ROC,NY,AEA,CE,Combined TRACON& Tower with Radar,87,128,63,0,278,0,8,46,12,66,87,136,109,12,344,160,6,166,510
11/26/2003,ROC,NY,AEA,CE,Combined TRACON& Tower with Radar,85,138,37,0,260,0,9,81,0,90,85,147,118,0,350,115,0,115,465
11/27/2003,ROC,NY,AEA,CE,Combined TRACON& Tower with Radar,72,83,11,0,166,0,2,16,0,18,72,85,27,0,184,36,0,36,220
11/28/2003,ROC,NY,AEA,CE,Combined TRACON& Tower with Radar,62,76,6,0,144,0,2,2,0,4,62,78,8,0,148,20,0,20,168
11/29/2003,ROC,NY,AEA,CE,Combined TRACON& Tower with Radar,78,83,15,0,176,0,2,1,0,3,78,85,16,0,179,4,0,4,183
11/30/2003,ROC,NY,AEA,CE,Combined TRACON& Tower with Radar,65,114,43,1,223,0,2,16,3,21,65,116,59,4,244,26,0,26,270
12/01/2003,ROC,NY,AEA,CE,Combined TRACON& Tower with Radar,66,116,52,0,234,0,2,4,2,8,66,118,56,2,242,18,4,22,264
12/02/2003,ROC,NY,AEA,CE,Combined TRACON& Tower with Radar,89,126,40,0,255,0,6,0,2,8,89,132,40,2,263,14,4,18,281
12/03/2003,ROC,NY,AEA,CE,Combined TRACON& Tower with Radar,86,137,57,0,280,0,11,53,12,76,86,148,110,12,356,140,12,152,508
12/04/2003,ROC,NY,AEA,CE,Combined TRACON& Tower with Radar,84,131,71,2,288,0,16,57,0,73,84,147,128,2,361,182,4,186,547
12/05/2003,ROC,NY,AEA,CE,Combined TRACON& Tower with Radar,81,113,51,3,248,0,4,46,2,52,81,117,97,5,300,82,4,86,386
12/06/2003,ROC,NY,AEA,CE,Combined TRACON& Tower with Radar,82,64,20,0,166,0,4,6,0,10,82,68,26,0,176,80,0,80,256
12/07/2003,ROC,NY,AEA,CE,Combined TRACON& Tower with Radar,62,79,26,0,167,1,5,49,0,55,63,84,75,0,222,14,0,14,236
12/08/2003,ROC,NY,AEA,CE,Combined TRACON& Tower with Radar,59,133,45,0,237,0,11,38,0,49,59,144,83,0,286,69,0,69,355
12/09/2003,ROC,NY,AEA,CE,Combined TRACON& Tower with Radar,82,138,56,0,276,0,5,33,5,43,82,143,89,5,319,90,14,104,423
12/10/2003,ROC,NY,AEA,CE,Combined TRACON& Tower with Radar,80,138,36,2,256,0,8,26,19,53,80,146,62,21,309,40,8,48,357
12/11/2003,ROC,NY,AEA,CE,Combined TRACON& Tower with Radar,85,132,53,0,270,0,0,0,0,0,85,132,53,0,270,0,2,2,272
12/12/2003,ROC,NY,AEA,CE,Combined TRACON& Tower with Radar,87,141,54,2,284,0,6,2,2,10,87,147,56,4,294,0,0,0,294
12/13/2003,ROC,NY,AEA,CE,Combined TRACON& Tower with Radar,73,88,41,0,202,0,5,21,0,26,73,93,62,0,228,38,2,40,268
12/14/2003,ROC,NY,AEA,CE,Combined TRACON& Tower with Radar,52,54,16,0,122,0,0,0,0,0,52,54,16,0,122,0,0,0,122
12/15/2003,ROC,NY,AEA,CE,Combined TRACON& Tower with Radar,65,128,42,0,235,0,6,3,0,9,65,134,45,0,244,6,0,6,250
12/16/2003,ROC,NY,AEA,CE,Combined TRACON& Tower with Radar,84,132,46,2,264,0,6,35,10,51,84,138,81,12,315,30,5,35,350
12/17/2003,ROC,NY,AEA,CE,Combined TRACON& Tower with Radar,82,130,34,0,246,0,5,0,0,5,82,135,34,0,251,0,0,0,251
12/18/2003,ROC,NY,AEA,CE,Combined TRACON& Tower with Radar,87,146,41,2,276,0,5,4,13,22,87,151,45,15,298,12,2,14,312
12/19/2003,ROC,NY,AEA,CE,Combined TRACON& Tower with Radar,82,134,51,2,269,0,6,14,4,24,82,140,65,6,293,55,4,59,352
12/20/2003,ROC,NY,AEA,CE,Combined TRACON& Tower with Radar,70,99,25,0,194,0,0,6,0,6,70,99,31,0,200,2,0,2,202
12/21/2003,ROC,NY,AEA,CE,Combined TRACON& Tower with Radar,62,92,7,0,161,0,2,34,0,36,62,94,41,0,197,10,0,10,207
12/22/2003,ROC,NY,AEA,CE,Combined TRACON& Tower with Radar,62,124,15,2,203,0,13,51,2,66,62,137,66,4,269,79,0,79,348
12/23/2003,ROC,NY,AEA,CE,Combined TRACON& Tower with Radar,81,137,44,4,266,0,7,30,9,46,81,144,74,13,312,42,0,42,354
12/24/2003,ROC,NY,AEA,CE,Combined TRACON& Tower with Radar,84,121,16,0,221,0,5,1,0,6,84,126,17,0,227,30,0,30,257
12/25/2003,ROC,NY,AEA,CE,Combined TRACON& Tower with Radar,57,72,4,0,133,0,0,0,0,0,57,72,4,0,133,0,0,0,133
12/26/2003,ROC,NY,AEA,CE,Combined TRACON& Tower with Radar,70,95,20,0,185,0,4,10,1,15,70,99,30,1,200,58,22,80,280
12/27/2003,ROC,NY,AEA,CE,Combined TRACON& Tower with Radar,69,91,35,0,195,0,2,79,0,81,69,93,114,0,276,220,0,220,496
12/28/2003,ROC,NY,AEA,CE,Combined TRACON& Tower with Radar,56,88,17,0,161,0,6,111,0,117,56,94,128,0,278,162,0,162,440
12/29/2003,ROC,NY,AEA,CE,Combined TRACON& Tower with Radar,61,118,16,0,195,0,11,54,3,68,61,129,70,3,263,188,0,188,451
12/30/2003,ROC,NY,AEA,CE,Combined TRACON& Tower with Radar,83,132,12,0,227,0,8,2,0,10,83,140,14,0,237,22,0,22,259
12/31/2003,ROC,NY,AEA,CE,Combined TRACON& Tower with Radar,85,119,12,0,216,0,5,9,0,14,85,124,21,0,230,28,0,28,258
01/01/2004,ROC,NY,AEA,CE,Combined TRACON& Tower with Radar,61,72,12,0,145,0,1,21,0,22,61,73,33,0,167,72,0,72,239
01/02/2004,ROC,NY,AEA,CE,Combined TRACON& Tower with Radar,67,98,31,0,196,0,4,0,0,4,67,102,31,0,200,92,0,92,292
01/03/2004,ROC,NY,AEA,CE,Combined TRACON& Tower with Radar,70,94,33,4,201,0,2,19,9,30,70,96,52,13,231,60,10,70,301
01/04/2004,ROC,NY,AEA,CE,Combined TRACON& Tower with Radar,51,86,28,2,167,0,2,11,8,21,51,88,39,10,188,114,16,130,318
01/05/2004,ROC,NY,AEA,CE,Combined TRACON& Tower with Radar,62,117,28,0,207,0,0,1,0,1,62,117,29,0,208,4,0,4,212
01/06/2004,ROC,NY,AEA,CE,Combined TRACON& Tower with Radar,84,129,26,0,239,0,14,3,6,23,84,143,29,6,262,29,18,47,309
01/07/2004,ROC,NY,AEA,CE,Combined TRACON& Tower with Radar,89,123,40,0,252,0,2,2,0,4,89,125,42,0,256,30,0,30,286
01/08/2004,ROC,NY,AEA,CE,Combined TRACON& Tower with Radar,87,129,42,0,258,0,0,0,0,0,87,129,42,0,258,0,0,0,258
01/09/2004,ROC,NY,AEA,CE,Combined TRACON& Tower with Radar,85,119,19,0,223,0,2,2,0,4,85,121,21,0,227,0,0,0,227
01/10/2004,ROC,NY,AEA,CE,Combined TRACON& Tower with Radar,77,93,27,0,197,0,4,4,0,8,77,97,31,0,205,8,0,8,213
01/11/2004,ROC,NY,AEA,CE,Combined TRACON& Tower with Radar,57,85,29,0,171,0,1,5,0,6,57,86,34,0,177,0,0,0,177
01/12/2004,ROC,NY,AEA,CE,Combined TRACON& Tower with Radar,64,117,46,0,227,0,0,0,0,0,64,117,46,0,227,0,0,0,227
01/13/2004,ROC,NY,AEA,CE,Combined TRACON& Tower with Radar,86,129,28,0,243,0,0,0,4,4,86,129,28,4,247,10,4,14,261
01/14/2004,ROC,NY,AEA,CE,Combined TRACON& Tower with Radar,87,124,64,0,275,0,0,5,0,5,87,124,69,0,280,0,0,0,280
01/15/2004,ROC,NY,AEA,CE,Combined TRACON& Tower with Radar,86,119,40,2,247,0,0,0,1,1,86,119,40,3,248,4,0,4,252
01/16/2004,ROC,NY,AEA,CE,Combined TRACON& Tower with Radar,89,121,32,1,243,0,2,0,0,2,89,123,32,1,245,0,0,0,245
01/17/2004,ROC,NY,AEA,CE,Combined TRACON& Tower with Radar,75,88,26,0,189,0,1,32,0,33,75,89,58,0,222,64,0,64,286
01/18/2004,ROC,NY,AEA,CE,Combined TRACON& Tower with Radar,56,86,22,0,164,0,0,3,0,3,56,86,25,0,167,4,0,4,171
01/19/2004,ROC,NY,AEA,CE,Combined TRACON& Tower with Radar,62,114,36,1,213,0,0,1,0,1,62,114,37,1,214,0,2,2,216
01/20/2004,ROC,NY,AEA,CE,Combined TRACON& Tower with Radar,87,118,35,0,240,0,6,0,1,7,87,124,35,1,247,50,0,50,297
01/21/2004,ROC,NY,AEA,CE,Combined TRACON& Tower with Radar,91,130,47,1,269,0,15,41,7,63,91,145,88,8,332,66,6,72,404
01/22/2004,ROC,NY,AEA,CE,Combined TRACON& Tower with Radar,86,125,31,2,244,0,2,1,2,5,86,127,32,4,249,0,0,0,249
01/23/2004,ROC,NY,AEA,CE,Combined TRACON& Tower with Radar,82,127,39,0,248,0,0,5,0,5,82,127,44,0,253,6,0,6,259
01/24/2004,ROC,NY,AEA,CE,Combined TRACON& Tower with Radar,83,88,7,0,178,0,4,2,0,6,83,92,9,0,184,0,0,0,184
01/25/2004,ROC,NY,AEA,CE,Combined TRACON& Tower with Radar,58,83,32,0,173,0,0,41,0,41,58,83,73,0,214,146,0,146,360
01/26/2004,ROC,NY,AEA,CE,Combined TRACON& Tower with Radar,55,104,37,0,196,0,0,9,0,9,55,104,46,0,205,2,0,2,207
01/27/2004,ROC,NY,AEA,CE,Combined TRACON& Tower with Radar,80,93,26,2,201,0,0,0,0,0,80,93,26,2,201,0,0,0,201
01/28/2004,ROC,NY,AEA,CE,Combined TRACON& Tower with Radar,86,106,27,0,219,0,0,0,2,2,86,106,27,2,221,0,0,0,221
01/29/2004,ROC,NY,AEA,CE,Combined TRACON& Tower with Radar,89,121,50,0,260,0,12,8,7,27,89,133,58,7,287,48,16,64,351
01/30/2004,ROC,NY,AEA,CE,Combined TRACON& Tower with Radar,86,125,49,0,260,0,12,5,0,17,86,137,54,0,277,4,0,4,281
01/31/2004,ROC,NY,AEA,CE,Combined TRACON& Tower with Radar,82,71,16,0,169,0,0,0,0,0,82,71,16,0,169,4,0,4,173
02/01/2004,ROC,NY,AEA,CE,Combined TRACON& Tower with Radar,61,89,10,0,160,0,2,36,0,38,61,91,46,0,198,36,0,36,234
02/02/2004,ROC,NY,AEA,CE,Combined TRACON& Tower with Radar,63,120,56,0,239,0,10,31,2,43,63,130,87,2,282,52,0,52,334
02/03/2004,ROC,NY,AEA,CE,Combined TRACON& Tower with Radar,87,109,29,0,225,0,0,0,0,0,87,109,29,0,225,0,0,0,225
02/04/2004,ROC,NY,AEA,CE,Combined TRACON& Tower with Radar,85,129,31,0,245,0,9,14,7,30,85,138,45,7,275,8,0,8,283
02/05/2004,ROC,NY,AEA,CE,Combined TRACON& Tower with Radar,74,124,31,0,229,0,18,38,3,59,74,142,69,3,288,44,0,44,332
02/06/2004,ROC,NY,AEA,CE,Combined TRACON& Tower with Radar,89,116,30,0,235,0,9,0,4,13,89,125,30,4,248,60,108,168,416
02/07/2004,ROC,NY,AEA,CE,Combined TRACON& Tower with Radar,82,83,12,3,180,0,0,0,3,3,82,83,12,6,183,0,8,8,191
02/08/2004,ROC,NY,AEA,CE,Combined TRACON& Tower with Radar,59,86,20,0,165,0,5,56,7,68,59,91,76,7,233,73,18,91,324
02/09/2004,ROC,NY,AEA,CE,Combined TRACON& Tower with Radar,60,127,44,0,231,0,14,30,0,44,60,141,74,0,275,100,0,100,375
02/10/2004,ROC,NY,AEA,CE,Combined TRACON& Tower with Radar,81,133,52,2,268,0,6,1,6,13,81,139,53,8,281,0,0,0,281
02/11/2004,ROC,NY,AEA,CE,Combined TRACON& Tower with Radar,87,129,33,0,249,0,5,3,16,24,87,134,36,16,273,0,0,0,273
02/12/2004,ROC,NY,AEA,CE,Combined TRACON& Tower with Radar,84,121,61,2,268,0,1,11,6,18,84,122,72,8,286,88,3,91,377
02/13/2004,ROC,NY,AEA,CE,Combined TRACON& Tower with Radar,81,128,39,0,248,0,5,3,0,8,81,133,42,0,256,0,0,0,256
02/14/2004,ROC,NY,AEA,CE,Combined TRACON& Tower with Radar,81,87,17,0,185,0,1,3,0,4,81,88,20,0,189,2,0,2,191
02/15/2004,ROC,NY,AEA,CE,Combined TRACON& Tower with Radar,58,97,21,4,180,0,5,3,0,8,58,102,24,4,188,22,0,22,210
02/16/2004,ROC,NY,AEA,CE,Combined TRACON& Tower with Radar,67,117,29,0,213,0,9,46,0,55,67,126,75,0,268,0,0,0,268
02/17/2004,ROC,NY,AEA,CE,Combined TRACON& Tower with Radar,85,126,35,0,246,0,9,39,0,48,85,135,74,0,294,2,0,2,296
02/18/2004,ROC,NY,AEA,CE,Combined TRACON& Tower with Radar,69,111,29,2,211,0,2,31,8,41,69,113,60,10,252,112,4,116,368
02/19/2004,ROC,NY,AEA,CE,Combined TRACON& Tower with Radar,85,131,33,3,252,0,5,9,6,20,85,136,42,9,272,56,0,56,328
02/20/2004,ROC,NY,AEA,CE,Combined TRACON& Tower with Radar,83,130,30,0,243,0,3,7,0,10,83,133,37,0,253,22,0,22,275
02/21/2004,ROC,NY,AEA,CE,Combined TRACON& Tower with Radar,87,87,16,0,190,0,0,1,0,1,87,87,17,0,191,0,0,0,191
02/22/2004,ROC,NY,AEA,CE,Combined TRACON& Tower with Radar,59,97,44,0,200,0,2,26,1,29,59,99,70,1,229,44,0,44,273
02/23/2004,ROC,NY,AEA,CE,Combined TRACON& Tower with Radar,66,132,41,1,240,0,3,44,1,48,66,135,85,2,288,26,0,26,314
02/24/2004,ROC,NY,AEA,CE,Combined TRACON& Tower with Radar,88,137,35,4,264,0,4,24,2,30,88,141,59,6,294,30,30,60,354
02/25/2004,ROC,NY,AEA,CE,Combined TRACON& Tower with Radar,86,128,40,2,256,0,0,65,1,66,86,128,105,3,322,60,16,76,398
02/26/2004,ROC,NY,AEA,CE,Combined TRACON& Tower with Radar,86,129,49,6,270,0,3,86,11,100,86,132,135,17,370,64,23,87,457
02/27/2004,ROC,NY,AEA,CE,Combined TRACON& Tower with Radar,82,125,36,0,243,0,4,90,1,95,82,129,126,1,338,62,0,62,400
02/28/2004,ROC,NY,AEA,CE,Combined TRACON& Tower with Radar,82,85,25,0,192,0,5,156,0,161,82,90,181,0,353,147,1,148,501
02/29/2004,ROC,NY,AEA,CE,Combined TRACON& Tower with Radar,58,80,29,0,167,0,9,119,0,128,58,89,148,0,295,150,12,162,457
03/01/2004,ROC,NY,AEA,CE,Combined TRACON& Tower with Radar,61,116,32,0,209,0,3,51,0,54,61,119,83,0,263,40,0,40,303
03/02/2004,ROC,NY,AEA,CE,Combined TRACON& Tower with Radar,85,138,36,0,259,0,0,3,5,8,85,138,39,5,267,22,2,24,291
03/03/2004,ROC,NY,AEA,CE,Combined TRACON& Tower with Radar,90,129,53,1,273,0,8,14,6,28,90,137,67,7,301,109,14,123,424
03/04/2004,ROC,NY,AEA,CE,Combined TRACON& Tower with Radar,85,122,51,0,258,0,6,9,0,15,85,128,60,0,273,72,0,72,345
03/05/2004,ROC,NY,AEA,CE,Combined TRACON& Tower with Radar,87,119,42,0,248,0,4,0,1,5,87,123,42,1,253,18,0,18,271
03/06/2004,ROC,NY,AEA,CE,Combined TRACON& Tower with Radar,78,94,21,1,194,0,2,5,9,16,78,96,26,10,210,46,22,68,278
03/07/2004,ROC,NY,AEA,CE,Combined TRACON& Tower with Radar,62,87,42,0,191,0,3,22,6,31,62,90,64,6,222,132,4,136,358
03/08/2004,ROC,NY,AEA,CE,Combined TRACON& Tower with Radar,67,114,35,0,216,0,2,1,0,3,67,116,36,0,219,0,0,0,219
03/09/2004,ROC,NY,AEA,CE,Combined TRACON& Tower with Radar,87,134,54,0,275,0,3,4,2,9,87,137,58,2,284,28,8,36,320
03/10/2004,ROC,NY,AEA,CE,Combined TRACON& Tower with Radar,83,128,52,0,263,0,3,61,3,67,83,131,113,3,330,56,0,56,386
03/11/2004,ROC,NY,AEA,CE,Combined TRACON& Tower with Radar,89,123,45,1,258,0,7,61,1,69,89,130,106,2,327,174,4,178,505
03/12/2004,ROC,NY,AEA,CE,Combined TRACON& Tower with Radar,91,125,34,0,250,0,7,6,0,13,91,132,40,0,263,46,0,46,309
03/13/2004,ROC,NY,AEA,CE,Combined TRACON& Tower with Radar,80,85,23,0,188,0,6,39,3,48,80,91,62,3,236,78,0,78,314
03/14/2004,ROC,NY,AEA,CE,Combined TRACON& Tower with Radar,61,85,19,0,165,0,2,53,0,55,61,87,72,0,220,32,0,32,252
03/15/2004,ROC,NY,AEA,CE,Combined TRACON& Tower with Radar,68,129,38,1,236,0,6,10,0,16,68,135,48,1,252,78,0,78,330
03/16/2004,ROC,NY,AEA,CE,Combined TRACON& Tower with Radar,86,103,23,0,212,0,6,6,6,18,86,109,29,6,230,40,0,40,270
03/17/2004,ROC,NY,AEA,CE,Combined TRACON& Tower with Radar,91,139,27,0,257,0,2,0,10,12,91,141,27,10,269,14,0,14,283
03/18/2004,ROC,NY,AEA,CE,Combined TRACON& Tower with Radar,87,134,39,0,260,0,9,11,2,22,87,143,50,2,282,43,0,43,325
03/19/2004,ROC,NY,AEA,CE,Combined TRACON& Tower with Radar,89,120,46,0,255,0,4,72,2,78,89,124,118,2,333,160,2,162,495
03/20/2004,ROC,NY,AEA,CE,Combined TRACON& Tower with Radar,87,85,15,0,187,0,2,19,0,21,87,87,34,0,208,0,0,0,208
03/21/2004,ROC,NY,AEA,CE,Combined TRACON& Tower with Radar,70,94,20,0,184,0,0,2,0,2,70,94,22,0,186,0,0,0,186
03/22/2004,ROC,NY,AEA,CE,Combined TRACON& Tower with Radar,70,119,47,1,237,0,12,22,0,34,70,131,69,1,271,68,10,78,349
03/23/2004,ROC,NY,AEA,CE,Combined TRACON& Tower with Radar,90,124,36,0,250,0,2,5,0,7,90,126,41,0,257,35,0,35,292
03/24/2004,ROC,NY,AEA,CE,Combined TRACON& Tower with Radar,87,131,33,2,253,0,8,42,8,58,87,139,75,10,311,50,4,54,365
03/25/2004,ROC,NY,AEA,CE,Combined TRACON& Tower with Radar,88,131,51,0,270,0,9,29,2,40,88,140,80,2,310,132,0,132,442
03/26/2004,ROC,NY,AEA,CE,Combined TRACON& Tower with Radar,90,125,62,1,278,0,5,26,2,33,90,130,88,3,311,98,0,98,409
03/27/2004,ROC,NY,AEA,CE,Combined TRACON& Tower with Radar,88,92,47,0,227,0,0,0,0,0,88,92,47,0,227,0,0,0,227
03/28/2004,ROC,NY,AEA,CE,Combined TRACON& Tower with Radar,64,84,55,0,203,0,2,117,0,119,64,86,172,0,322,226,0,226,548
03/29/2004,ROC,NY,AEA,CE,Combined TRACON& Tower with Radar,68,125,35,2,230,0,13,47,3,63,68,138,82,5,293,48,3,51,344
03/30/2004,ROC,NY,AEA,CE,Combined TRACON& Tower with Radar,91,137,51,0,279,0,6,52,6,64,91,143,103,6,343,96,17,113,456
03/31/2004,ROC,NY,AEA,CE,Combined TRACON& Tower with Radar,94,137,57,3,291,0,5,16,1,22,94,142,73,4,313,64,54,118,431
04/01/2004,ROC,NY,AEA,CE,Combined TRACON& Tower with Radar,90,132,49,0,271,0,0,0,0,0,90,132,49,0,271,20,0,20,291
04/02/2004,ROC,NY,AEA,CE,Combined TRACON& Tower with Radar,89,133,32,2,256,0,1,0,0,1,89,134,32,2,257,0,0,0,257
04/03/2004,ROC,NY,AEA,CE,Combined TRACON& Tower with Radar,84,85,27,0,196,0,2,0,1,3,84,87,27,1,199,0,0,0,199
04/04/2004,ROC,NY,AEA,CE,Combined TRACON& Tower with Radar,64,83,17,0,164,0,0,0,0,0,64,83,17,0,164,0,0,0,164
04/05/2004,ROC,NY,AEA,CE,Combined TRACON& Tower with Radar,66,117,41,0,224,0,2,11,0,13,66,119,52,0,237,0,0,0,237
04/06/2004,ROC,NY,AEA,CE,Combined TRACON& Tower with Radar,89,134,37,1,261,0,6,50,11,67,89,140,87,12,328,76,12,88,416
04/07/2004,ROC,NY,AEA,CE,Combined TRACON& Tower with Radar,87,129,53,4,273,0,2,5,6,13,87,131,58,10,286,56,10,66,352
04/08/2004,ROC,NY,AEA,CE,Combined TRACON& Tower with Radar,85,139,44,2,270,0,8,69,9,86,85,147,113,11,356,110,11,121,477
04/09/2004,ROC,NY,AEA,CE,Combined TRACON& Tower with Radar,92,127,38,2,259,0,12,46,0,58,92,139,84,2,317,86,4,90,407
04/10/2004,ROC,NY,AEA,CE,Combined TRACON& Tower with Radar,79,91,18,2,190,0,3,80,0,83,79,94,98,2,273,95,0,95,368
04/11/2004,ROC,NY,AEA,CE,Combined TRACON& Tower with Radar,63,84,22,0,169,0,4,28,0,32,63,88,50,0,201,98,0,98,299
04/12/2004,ROC,NY,AEA,CE,Combined TRACON& Tower with Radar,62,125,34,0,221,0,13,45,2,60,62,138,79,2,281,40,0,40,321
04/13/2004,ROC,NY,AEA,CE,Combined TRACON& Tower with Radar,88,122,34,0,244,0,0,0,0,0,88,122,34,0,244,0,0,0,244
04/14/2004,ROC,NY,AEA,CE,Combined TRACON& Tower with Radar,91,131,37,2,261,0,6,21,20,47,91,137,58,22,308,56,0,56,364
04/15/2004,ROC,NY,AEA,CE,Combined TRACON& Tower with Radar,85,134,57,0,276,0,11,98,0,109,85,145,155,0,385,198,0,198,583
04/16/2004,ROC,NY,AEA,CE,Combined TRACON& Tower with Radar,89,127,53,4,273,0,7,144,1,152,89,134,197,5,425,124,2,126,551
04/17/2004,ROC,NY,AEA,CE,Combined TRACON& Tower with Radar,83,90,24,0,197,0,10,68,0,78,83,100,92,0,275,176,0,176,451
04/18/2004,ROC,NY,AEA,CE,Combined TRACON& Tower with Radar,68,91,35,0,194,0,4,18,0,22,68,95,53,0,216,128,0,128,344
04/19/2004,ROC,NY,AEA,CE,Combined TRACON& Tower with Radar,73,128,37,0,238,0,3,14,0,17,73,131,51,0,255,36,0,36,291
04/20/2004,ROC,NY,AEA,CE,Combined TRACON& Tower with Radar,92,137,52,0,281,0,10,59,5,74,92,147,111,5,355,124,8,132,487
04/21/2004,ROC,NY,AEA,CE,Combined TRACON& Tower with Radar,87,134,44,2,267,0,14,24,15,53,87,148,68,17,320,24,0,24,344
04/22/2004,ROC,NY,AEA,CE,Combined TRACON& Tower with Radar,89,133,61,10,293,0,16,76,0,92,89,149,137,10,385,281,3,284,669
04/23/2004,ROC,NY,AEA,CE,Combined TRACON& Tower with Radar,91,131,57,0,279,0,6,49,0,55,91,137,106,0,334,114,0,114,448
04/24/2004,ROC,NY,AEA,CE,Combined TRACON& Tower with Radar,82,93,25,0,200,0,5,79,0,84,82,98,104,0,284,67,0,67,351
04/25/2004,ROC,NY,AEA,CE,Combined TRACON& Tower with Radar,66,98,30,0,194,0,0,31,0,31,66,98,61,0,225,83,0,83,308
04/26/2004,ROC,NY,AEA,CE,Combined TRACON& Tower with Radar,65,126,51,0,242,0,6,21,2,29,65,132,72,2,271,118,0,118,389
04/27/2004,ROC,NY,AEA,CE,Combined TRACON& Tower with Radar,93,131,39,0,263,0,10,27,4,41,93,141,66,4,304,82,26,108,412
04/28/2004,ROC,NY,AEA,CE,Combined TRACON& Tower with Radar,88,127,40,0,255,0,5,98,0,103,88,132,138,0,358,229,0,229,587
04/29/2004,ROC,NY,AEA,CE,Combined TRACON& Tower with Radar,92,126,36,0,254,0,6,35,9,50,92,132,71,9,304,74,12,86,390
04/30/2004,ROC,NY,AEA,CE,Combined TRACON& Tower with Radar,89,131,43,0,263,0,10,83,5,98,89,141,126,5,361,230,5,235,596
05/01/2004,ROC,NY,AEA,CE,Combined TRACON& Tower with Radar,83,85,28,0,196,0,2,71,3,76,83,87,99,3,272,84,0,84,356
05/02/2004,ROC,NY,AEA,CE,Combined TRACON& Tower with Radar,67,81,28,0,176,0,3,18,5,26,67,84,46,5,202,0,20,20,222
05/03/2004,ROC,NY,AEA,CE,Combined TRACON& Tower with Radar,66,117,33,0,216,0,8,44,0,52,66,125,77,0,268,216,0,216,484
05/04/2004,ROC,NY,AEA,CE,Combined TRACON& Tower with Radar,87,141,58,0,286,0,8,69,5,82,87,149,127,5,368,208,0,208,576
05/05/2004,ROC,NY,AEA,CE,Combined TRACON& Tower with Radar,90,135,54,0,279,0,14,33,2,49,90,149,87,2,328,168,0,168,496
05/06/2004,ROC,NY,AEA,CE,Combined TRACON& Tower with Radar,98,125,48,1,272,0,6,93,0,99,98,131,141,1,371,264,0,264,635
05/07/2004,ROC,NY,AEA,CE,Combined TRACON& Tower with Radar,100,131,44,0,275,0,15,93,1,109,100,146,137,1,384,214,0,214,598
05/08/2004,ROC,NY,AEA,CE,Combined TRACON& Tower with Radar,84,85,43,0,212,0,2,249,1,252,84,87,292,1,464,12,0,12,476
05/09/2004,ROC,NY,AEA,CE,Combined TRACON& Tower with Radar,63,89,37,1,190,0,1,15,0,16,63,90,52,1,206,90,0,90,296
05/10/2004,ROC,NY,AEA,CE,Combined TRACON& Tower with Radar,61,125,46,0,232,0,4,53,0,57,61,129,99,0,289,156,2,158,447
05/11/2004,ROC,NY,AEA,CE,Combined TRACON& Tower with Radar,95,132,52,1,280,0,5,81,3,89,95,137,133,4,369,216,2,218,587
05/12/2004,ROC,NY,AEA,CE,Combined TRACON& Tower with Radar,90,128,53,0,271,0,8,90,3,101,90,136,143,3,372,173,0,173,545
05/13/2004,ROC,NY,AEA,CE,Combined TRACON& Tower with Radar,93,132,69,0,294,0,7,40,2,49,93,139,109,2,343,164,0,164,507
05/14/2004,ROC,NY,AEA,CE,Combined TRACON& Tower with Radar,93,114,62,2,271,0,12,42,4,58,93,126,104,6,329,124,5,129,458
05/15/2004,ROC,NY,AEA,CE,Combined TRACON& Tower with Radar,87,85,57,0,229,0,4,3,0,7,87,89,60,0,236,36,0,36,272
05/16/2004,ROC,NY,AEA,CE,Combined TRACON& Tower with Radar,60,96,42,2,200,0,7,79,0,86,60,103,121,2,286,238,0,238,524
05/17/2004,ROC,NY,AEA,CE,Combined TRACON& Tower with Radar,68,115,60,0,243,0,10,120,0,130,68,125,180,0,373,190,0,190,563
05/18/2004,ROC,NY,AEA,CE,Combined TRACON& Tower with Radar,92,148,45,0,285,0,5,21,0,26,92,153,66,0,311,106,0,106,417
05/19/2004,ROC,NY,AEA,CE,Combined TRACON& Tower with Radar,95,139,53,0,287,0,8,108,6,122,95,147,161,6,409,126,0,126,535
05/20/2004,ROC,NY,AEA,CE,Combined TRACON& Tower with Radar,91,130,40,0,261,0,9,37,0,46,91,139,77,0,307,53,0,53,360
05/21/2004,ROC,NY,AEA,CE,Combined TRACON& Tower with Radar,90,117,73,0,280,0,4,34,0,38,90,121,107,0,318,295,0,295,613
05/22/2004,ROC,NY,AEA,CE,Combined TRACON& Tower with Radar,81,93,57,0,231,0,12,28,0,40,81,105,85,0,271,119,0,119,390
05/23/2004,ROC,NY,AEA,CE,Combined TRACON& Tower with Radar,66,72,55,0,193,0,1,1,0,2,66,73,56,0,195,32,0,32,227
05/24/2004,ROC,NY,AEA,CE,Combined TRACON& Tower with Radar,70,120,41,0,231,0,7,15,0,22,70,127,56,0,253,34,2,36,289
05/25/2004,ROC,NY,AEA,CE,Combined TRACON& Tower with Radar,97,141,70,0,308,0,6,36,7,49,97,147,106,7,357,159,0,159,516
05/26/2004,ROC,NY,AEA,CE,Combined TRACON& Tower with Radar,94,124,54,0,272,0,3,24,3,30,94,127,78,3,302,84,1,85,387
05/27/2004,ROC,NY,AEA,CE,Combined TRACON& Tower with Radar,94,132,53,0,279,0,5,92,0,97,94,137,145,0,376,165,0,165,541
05/28/2004,ROC,NY,AEA,CE,Combined TRACON& Tower with Radar,91,133,57,0,281,0,3,47,0,50,91,136,104,0,331,140,50,190,521
05/29/2004,ROC,NY,AEA,CE,Combined TRACON& Tower with Radar,83,79,15,1,178,0,4,122,0,126,83,83,137,1,304,128,0,128,432
05/30/2004,ROC,NY,AEA,CE,Combined TRACON& Tower with Radar,60,52,23,0,135,0,18,122,0,140,60,70,145,0,275,69,0,69,344
05/31/2004,ROC,NY,AEA,CE,Combined TRACON& Tower with Radar,64,79,25,1,169,0,1,35,5,41,64,80,60,6,210,48,16,64,274
06/01/2004,ROC,NY,AEA,CE,Combined TRACON& Tower with Radar,71,127,35,0,233,0,10,45,1,56,71,137,80,1,289,174,12,186,475
06/02/2004,ROC,NY,AEA,CE,Combined TRACON& Tower with Radar,93,133,51,0,277,0,5,14,2,21,93,138,65,2,298,4,20,24,322
06/03/2004,ROC,NY,AEA,CE,Combined TRACON& Tower with Radar,90,147,57,0,294,0,12,113,8,133,90,159,170,8,427,162,8,170,597
06/04/2004,ROC,NY,AEA,CE,Combined TRACON& Tower with Radar,91,138,59,0,288,0,13,154,5,172,91,151,213,5,460,296,0,296,756
06/05/2004,ROC,NY,AEA,CE,Combined TRACON& Tower with Radar,84,81,22,1,188,0,2,96,3,101,84,83,118,4,289,182,7,189,478
06/06/2004,ROC,NY,AEA,CE,Combined TRACON& Tower with Radar,64,82,32,0,178,0,7,79,2,88,64,89,111,2,266,182,2,184,450
06/07/2004,ROC,NY,AEA,CE,Combined TRACON& Tower with Radar,61,123,45,0,229,0,6,85,0,91,61,129,130,0,320,160,0,160,480
06/08/2004,ROC,NY,AEA,CE,Combined TRACON& Tower with Radar,92,140,47,0,279,0,9,56,10,75,92,149,103,10,354,135,0,135,489
06/09/2004,ROC,NY,AEA,CE,Combined TRACON& Tower with Radar,87,133,27,0,247,0,5,28,0,33,87,138,55,0,280,94,2,96,376
06/10/2004,ROC,NY,AEA,CE,Combined TRACON& Tower with Radar,85,138,66,0,289,0,5,32,4,41,85,143,98,4,330,42,0,42,372
06/11/2004,ROC,NY,AEA,CE,Combined TRACON& Tower with Radar,92,131,51,2,276,0,10,108,2,120,92,141,159,4,396,224,0,224,620
06/12/2004,ROC,NY,AEA,CE,Combined TRACON& Tower with Radar,78,98,25,1,202,0,10,106,12,128,78,108,131,13,330,188,8,196,526
06/13/2004,ROC,NY,AEA,CE,Combined TRACON& Tower with Radar,69,87,37,3,196,0,3,58,12,73,69,90,95,15,269,160,2,162,431
06/14/2004,ROC,NY,AEA,CE,Combined TRACON& Tower with Radar,65,124,42,0,231,0,10,57,0,67,65,134,99,0,298,76,0,76,374
06/15/2004,ROC,NY,AEA,CE,Combined TRACON& Tower with Radar,87,140,40,0,267,0,14,71,6,91,87,154,111,6,358,190,0,190,548
06/16/2004,ROC,NY,AEA,CE,Combined TRACON& Tower with Radar,95,135,66,0,296,0,8,111,4,123,95,143,177,4,419,222,6,228,647
06/17/2004,ROC,NY,AEA,CE,Combined TRACON& Tower with Radar,81,123,45,0,249,0,3,19,0,22,81,126,64,0,271,18,0,18,289
06/18/2004,ROC,NY,AEA,CE,Combined TRACON& Tower with Radar,93,141,82,1,317,0,4,21,1,26,93,145,103,2,343,52,0,52,395
06/19/2004,ROC,NY,AEA,CE,Combined TRACON& Tower with Radar,78,106,28,0,212,0,2,38,0,40,78,108,66,0,252,142,0,142,394
06/20/2004,ROC,NY,AEA,CE,Combined TRACON& Tower with Radar,61,83,33,0,177,0,1,84,9,94,61,84,117,9,271,44,0,44,315
06/21/2004,ROC,NY,AEA,CE,Combined TRACON& Tower with Radar,63,134,58,5,260,0,14,97,6,117,63,148,155,11,377,240,0,240,617
06/22/2004,ROC,NY,AEA,CE,Combined TRACON& Tower with Radar,87,135,55,0,277,0,7,27,2,36,87,142,82,2,313,118,0,118,431
06/23/2004,ROC,NY,AEA,CE,Combined TRACON& Tower with Radar,91,140,47,0,278,0,9,127,16,152,91,149,174,16,430,272,6,278,708
06/24/2004,ROC,NY,AEA,CE,Combined TRACON& Tower with Radar,88,143,51,2,284,0,11,74,6,91,88,154,125,8,375,190,2,192,567
06/25/2004,ROC,NY,AEA,CE,Combined TRACON& Tower with Radar,90,137,47,0,274,0,7,43,3,53,90,144,90,3,327,208,0,208,535
06/26/2004,ROC,NY,AEA,CE,Combined TRACON& Tower with Radar,82,94,23,0,199,0,9,53,0,62,82,103,76,0,261,174,0,174,435
06/27/2004,ROC,NY,AEA,CE,Combined TRACON& Tower with Radar,62,94,25,0,181,0,10,58,0,68,62,104,83,0,249,48,0,48,297
06/28/2004,ROC,NY,AEA,CE,Combined TRACON& Tower with Radar,68,130,64,0,262,0,1,56,0,57,68,131,120,0,319,118,0,118,437
06/29/2004,ROC,NY,AEA,CE,Combined TRACON& Tower with Radar,89,143,34,0,266,0,14,34,5,53,89,157,68,5,319,80,0,80,399
06/30/2004,ROC,NY,AEA,CE,Combined TRACON& Tower with Radar,91,132,54,0,277,0,11,95,2,108,91,143,149,2,385,130,4,134,519
07/01/2004,ROC,NY,AEA,CE,Combined TRACON& Tower with Radar,90,133,46,2,271,0,14,82,1,97,90,147,128,3,368,238,2,240,608
07/02/2004,ROC,NY,AEA,CE,Combined TRACON& Tower with Radar,88,140,37,1,266,0,10,127,4,141,88,150,164,5,407,190,6,196,603
07/03/2004,ROC,NY,AEA,CE,Combined TRACON& Tower with Radar,74,81,6,0,161,0,7,95,0,102,74,88,101,0,263,36,0,36,299
07/04/2004,ROC,NY,AEA,CE,Combined TRACON& Tower with Radar,64,65,9,0,138,0,4,36,0,40,64,69,45,0,178,42,0,42,220
07/05/2004,ROC,NY,AEA,CE,Combined TRACON& Tower with Radar,61,95,13,0,169,0,8,8,0,16,61,103,21,0,185,36,0,36,221
07/06/2004,ROC,NY,AEA,CE,Combined TRACON& Tower with Radar,69,125,37,0,231,0,12,96,0,108,69,137,133,0,339,112,0,112,451
07/07/2004,ROC,NY,AEA,CE,Combined TRACON& Tower with Radar,90,127,30,2,249,0,9,29,11,49,90,136,59,13,298,198,6,204,502
07/08/2004,ROC,NY,AEA,CE,Combined TRACON& Tower with Radar,97,131,58,0,286,0,3,30,4,37,97,134,88,4,323,141,0,141,464
07/09/2004,ROC,NY,AEA,CE,Combined TRACON& Tower with Radar,86,140,50,0,276,0,13,78,0,91,86,153,128,0,367,201,0,201,568
07/10/2004,ROC,NY,AEA,CE,Combined TRACON& Tower with Radar,81,85,27,3,196,0,1,93,4,98,81,86,120,7,294,105,0,105,399
07/11/2004,ROC,NY,AEA,CE,Combined TRACON& Tower with Radar,66,92,38,0,196,0,11,100,2,113,66,103,138,2,309,76,0,76,385
07/12/2004,ROC,NY,AEA,CE,Combined TRACON& Tower with Radar,67,107,52,3,229,0,8,23,2,33,67,115,75,5,262,72,0,72,334
07/13/2004,ROC,NY,AEA,CE,Combined TRACON& Tower with Radar,96,143,61,1,301,0,12,53,3,68,96,155,114,4,369,141,20,161,530
07/14/2004,ROC,NY,AEA,CE,Combined TRACON& Tower with Radar,91,114,30,3,238,0,8,13,8,29,91,122,43,11,267,104,4,108,375
07/15/2004,ROC,NY,AEA,CE,Combined TRACON& Tower with Radar,95,130,56,4,285,0,3,5,0,8,95,133,61,4,293,0,82,82,375
07/16/2004,ROC,NY,AEA,CE,Combined TRACON& Tower with Radar,91,128,44,9,272,0,1,30,5,36,91,129,74,14,308,0,0,0,308
07/17/2004,ROC,NY,AEA,CE,Combined TRACON& Tower with Radar,84,101,14,0,199,0,5,36,1,42,84,106,50,1,241,16,1,17,258
07/18/2004,ROC,NY,AEA,CE,Combined TRACON& Tower with Radar,63,101,20,3,187,0,2,14,8,24,63,103,34,11,211,0,0,0,211
07/19/2004,ROC,NY,AEA,CE,Combined TRACON& Tower with Radar,70,136,60,2,268,0,9,27,5,41,70,145,87,7,309,50,18,68,377
07/20/2004,ROC,NY,AEA,CE,Combined TRACON& Tower with Radar,90,157,47,1,295,0,7,68,0,75,90,164,115,1,370,62,0,62,432
07/21/2004,ROC,NY,AEA,CE,Combined TRACON& Tower with Radar,90,143,39,0,272,0,10,101,0,111,90,153,140,0,383,182,0,182,565
07/22/2004,ROC,NY,AEA,CE,Combined TRACON& Tower with Radar,90,150,39,0,279,0,7,73,0,80,90,157,112,0,359,158,0,158,517
07/23/2004,ROC,NY,AEA,CE,Combined TRACON& Tower with Radar,90,133,79,4,306,0,8,40,2,50,90,141,119,6,356,182,0,182,538
07/24/2004,ROC,NY,AEA,CE,Combined TRACON& Tower with Radar,85,109,32,0,226,0,12,134,0,146,85,121,166,0,372,200,0,200,572
07/25/2004,ROC,NY,AEA,CE,Combined TRACON& Tower with Radar,67,100,39,1,207,0,12,120,1,133,67,112,159,2,340,99,0,99,439
07/26/2004,ROC,NY,AEA,CE,Combined TRACON& Tower with Radar,67,140,66,0,273,0,5,38,0,43,67,145,104,0,316,198,0,198,514
07/27/2004,ROC,NY,AEA,CE,Combined TRACON& Tower with Radar,92,149,50,0,291,0,0,4,0,4,92,149,54,0,295,12,0,12,307
07/28/2004,ROC,NY,AEA,CE,Combined TRACON& Tower with Radar,94,150,60,0,304,0,4,47,0,51,94,154,107,0,355,100,0,100,455
07/29/2004,ROC,NY,AEA,CE,Combined TRACON& Tower with Radar,90,156,56,0,302,0,14,109,5,128,90,170,165,5,430,262,24,286,716
07/30/2004,ROC,NY,AEA,CE,Combined TRACON& Tower with Radar,84,158,43,5,290,0,11,32,1,44,84,169,75,6,334,164,4,168,502
07/31/2004,ROC,NY,AEA,CE,Combined TRACON& Tower with Radar,83,102,27,2,214,0,6,13,0,19,83,108,40,2,233,74,0,74,307
08/01/2004,ROC,NY,AEA,CE,Combined TRACON& Tower with Radar,61,98,39,2,200,0,3,91,2,96,61,101,130,4,296,96,4,100,396
08/02/2004,ROC,NY,AEA,CE,Combined TRACON& Tower with Radar,78,146,51,0,275,0,8,116,1,125,78,154,167,1,400,120,0,120,520
08/03/2004,ROC,NY,AEA,CE,Combined TRACON& Tower with Radar,90,151,36,0,277,0,9,64,4,77,90,160,100,4,354,193,0,193,547
08/04/2004,ROC,NY,AEA,CE,Combined TRACON& Tower with Radar,92,149,63,0,304,0,4,10,5,19,92,153,73,5,323,10,0,10,333
08/05/2004,ROC,NY,AEA,CE,Combined TRACON& Tower with Radar,94,149,48,0,291,0,4,84,8,96,94,153,132,8,387,73,5,78,465
08/06/2004,ROC,NY,AEA,CE,Combined TRACON& Tower with Radar,102,143,65,0,310,0,5,86,4,95,102,148,151,4,405,71,1,72,477
08/07/2004,ROC,NY,AEA,CE,Combined TRACON& Tower with Radar,86,104,30,2,222,0,0,67,6,73,86,104,97,8,295,70,14,84,379
08/08/2004,ROC,NY,AEA,CE,Combined TRACON& Tower with Radar,65,100,31,2,198,0,8,86,11,105,65,108,117,13,303,64,18,82,385
08/09/2004,ROC,NY,AEA,CE,Combined TRACON& Tower with Radar,74,126,61,0,261,0,6,129,0,135,74,132,190,0,396,130,0,130,526
08/10/2004,ROC,NY,AEA,CE,Combined TRACON& Tower with Radar,98,146,44,0,288,0,11,42,5,58,98,157,86,5,346,156,0,156,502
08/11/2004,ROC,NY,AEA,CE,Combined TRACON& Tower with Radar,100,133,39,2,274,0,6,70,9,85,100,139,109,11,359,163,2,165,524
08/12/2004,ROC,NY,AEA,CE,Combined TRACON& Tower with Radar,102,147,38,0,287,0,9,62,4,75,102,156,100,4,362,166,0,166,528
08/13/2004,ROC,NY,AEA,CE,Combined TRACON& Tower with Radar,96,152,76,2,326,0,8,7,0,15,96,160,83,2,341,32,0,32,373
08/14/2004,ROC,NY,AEA,CE,Combined TRACON& Tower with Radar,77,101,39,2,219,0,2,80,4,86,77,103,119,6,305,114,0,114,419
08/15/2004,ROC,NY,AEA,CE,Combined TRACON& Tower with Radar,72,104,38,1,215,0,10,41,0,51,72,114,79,1,266,205,0,205,471
08/16/2004,ROC,NY,AEA,CE,Combined TRACON& Tower with Radar,72,128,49,3,252,0,6,99,0,105,72,134,148,3,357,248,0,248,605
08/17/2004,ROC,NY,AEA,CE,Combined TRACON& Tower with Radar,100,142,43,0,285,0,5,138,5,148,100,147,181,5,433,192,12,204,637
08/18/2004,ROC,NY,AEA,CE,Combined TRACON& Tower with Radar,99,140,58,0,297,0,12,63,9,84,99,152,121,9,381,118,1,119,500
08/19/2004,ROC,NY,AEA,CE,Combined TRACON& Tower with Radar,95,141,57,2,295,0,16,28,1,45,95,157,85,3,340,140,0,140,480
08/20/2004,ROC,NY,AEA,CE,Combined TRACON& Tower with Radar,97,146,59,3,305,0,8,79,0,87,97,154,138,3,392,140,0,140,532
08/21/2004,ROC,NY,AEA,CE,Combined TRACON& Tower with Radar,83,102,35,0,220,0,5,32,0,37,83,107,67,0,257,108,0,108,365
08/22/2004,ROC,NY,AEA,CE,Combined TRACON& Tower with Radar,71,98,19,1,189,0,6,122,0,128,71,104,141,1,317,146,0,146,463
08/23/2004,ROC,NY,AEA,CE,Combined TRACON& Tower with Radar,74,132,36,0,242,0,10,40,0,50,74,142,76,0,292,54,0,54,346
08/24/2004,ROC,NY,AEA,CE,Combined TRACON& Tower with Radar,97,152,36,0,285,0,7,99,0,106,97,159,135,0,391,134,0,134,525
08/25/2004,ROC,NY,AEA,CE,Combined TRACON& Tower with Radar,91,138,63,0,292,0,12,40,3,55,91,150,103,3,347,70,0,70,417
08/26/2004,ROC,NY,AEA,CE,Combined TRACON& Tower with Radar,96,146,51,0,293,0,7,53,0,60,96,153,104,0,353,88,3,91,444
08/27/2004,ROC,NY,AEA,CE,Combined TRACON& Tower with Radar,96,138,58,9,301,0,6,36,8,50,96,144,94,17,351,124,17,141,492
08/28/2004,ROC,NY,AEA,CE,Combined TRACON& Tower with Radar,89,97,16,2,204,0,4,25,1,30,89,101,41,3,234,24,2,26,260
08/29/2004,ROC,NY,AEA,CE,Combined TRACON& Tower with Radar,67,93,29,0,189,0,0,10,0,10,67,93,39,0,199,76,0,76,275
08/30/2004,ROC,NY,AEA,CE,Combined TRACON& Tower with Radar,67,121,51,0,239,0,0,0,0,0,67,121,51,0,239,26,0,26,265
08/31/2004,ROC,NY,AEA,CE,Combined TRACON& Tower with Radar,98,148,54,0,300,0,10,107,2,119,98,158,161,2,419,122,0,122,541
09/01/2004,ROC,NY,AEA,CE,Combined TRACON& Tower with Radar,94,142,36,2,274,0,9,101,0,110,94,151,137,2,384,112,0,112,496
09/02/2004,ROC,NY,AEA,CE,Combined TRACON& Tower with Radar,100,142,46,0,288,0,4,93,0,97,100,146,139,0,385,104,0,104,489
09/03/2004,ROC,NY,AEA,CE,Combined TRACON& Tower with Radar,100,140,46,0,286,0,6,112,4,122,100,146,158,4,408,88,0,88,496
09/04/2004,ROC,NY,AEA,CE,Combined TRACON& Tower with Radar,77,91,36,0,204,0,5,63,0,68,77,96,99,0,272,125,0,125,397
09/05/2004,ROC,NY,AEA,CE,Combined TRACON& Tower with Radar,54,77,24,2,157,0,6,49,0,55,54,83,73,2,212,42,0,42,254
09/06/2004,ROC,NY,AEA,CE,Combined TRACON& Tower with Radar,66,107,13,0,186,0,8,40,2,50,66,115,53,2,236,16,0,16,252
09/07/2004,ROC,NY,AEA,CE,Combined TRACON& Tower with Radar,74,131,52,2,259,0,6,39,4,49,74,137,91,6,308,24,4,28,336
09/08/2004,ROC,NY,AEA,CE,Combined TRACON& Tower with Radar,97,139,41,0,277,0,3,5,0,8,97,142,46,0,285,34,0,34,319
09/09/2004,ROC,NY,AEA,CE,Combined TRACON& Tower with Radar,98,148,44,0,290,0,0,1,0,1,98,148,45,0,291,0,0,0,291
09/10/2004,ROC,NY,AEA,CE,Combined TRACON& Tower with Radar,99,150,59,2,310,0,2,60,2,64,99,152,119,4,374,86,2,88,462
09/11/2004,ROC,NY,AEA,CE,Combined TRACON& Tower with Radar,88,93,29,0,210,0,3,128,9,140,88,96,157,9,350,114,22,136,486
09/12/2004,ROC,NY,AEA,CE,Combined TRACON& Tower with Radar,65,93,45,0,203,0,2,83,0,85,65,95,128,0,288,10,0,10,298
09/13/2004,ROC,NY,AEA,CE,Combined TRACON& Tower with Radar,74,131,41,3,249,0,8,80,4,92,74,139,121,7,341,186,0,186,527
09/14/2004,ROC,NY,AEA,CE,Combined TRACON& Tower with Radar,93,148,43,0,284,0,11,95,1,107,93,159,138,1,391,52,0,52,443
09/15/2004,ROC,NY,AEA,CE,Combined TRACON& Tower with Radar,96,142,26,0,264,0,9,101,0,110,96,151,127,0,374,32,0,32,406
09/16/2004,ROC,NY,AEA,CE,Combined TRACON& Tower with Radar,96,155,39,0,290,0,17,44,0,61,96,172,83,0,351,44,0,44,395
09/17/2004,ROC,NY,AEA,CE,Combined TRACON& Tower with Radar,91,133,61,2,287,0,4,11,0,15,91,137,72,2,302,72,0,72,374
09/18/2004,ROC,NY,AEA,CE,Combined TRACON& Tower with Radar,86,85,19,0,190,0,4,43,0,47,86,89,62,0,237,88,5,93,330
09/19/2004,ROC,NY,AEA,CE,Combined TRACON& Tower with Radar,67,97,34,2,200,0,5,85,0,90,67,102,119,2,290,202,0,202,492
09/20/2004,ROC,NY,AEA,CE,Combined TRACON& Tower with Radar,71,136,58,0,265,0,12,83,0,95,71,148,141,0,360,82,0,82,442
09/21/2004,ROC,NY,AEA,CE,Combined TRACON& Tower with Radar,97,143,60,0,300,0,9,89,0,98,97,152,149,0,398,108,0,108,506
09/22/2004,ROC,NY,AEA,CE,Combined TRACON& Tower with Radar,96,146,49,0,291,0,11,88,0,99,96,157,137,0,390,114,0,114,504
09/23/2004,ROC,NY,AEA,CE,Combined TRACON& Tower with Radar,94,147,45,0,286,0,10,78,1,89,94,157,123,1,375,94,0,94,469
09/24/2004,ROC,NY,AEA,CE,Combined TRACON& Tower with Radar,95,151,57,0,303,0,7,68,0,75,95,158,125,0,378,126,0,126,504
09/25/2004,ROC,NY,AEA,CE,Combined TRACON& Tower with Radar,84,91,20,0,195,0,10,74,0,84,84,101,94,0,279,241,0,241,520
09/26/2004,ROC,NY,AEA,CE,Combined TRACON& Tower with Radar,66,93,39,0,198,0,3,96,0,99,66,96,135,0,297,56,0,56,353
09/27/2004,ROC,NY,AEA,CE,Combined TRACON& Tower with Radar,68,129,42,0,239,0,15,83,0,98,68,144,125,0,337,111,2,113,450
09/28/2004,ROC,NY,AEA,CE,Combined TRACON& Tower with Radar,93,142,33,0,268,0,3,11,2,16,93,145,44,2,284,6,0,6,290
09/29/2004,ROC,NY,AEA,CE,Combined TRACON& Tower with Radar,102,152,49,0,303,0,12,63,1,76,102,164,112,1,379,34,0,34,413
09/30/2004,ROC,NY,AEA,CE,Combined TRACON& Tower with Radar,90,133,45,0,268,0,8,43,2,53,90,141,88,2,321,70,0,70,391
10/01/2004,ROC,NY,AEA,CE,Combined TRACON& Tower with Radar,99,141,31,2,273,0,5,89,0,94,99,146,120,2,367,154,0,154,521
10/02/2004,ROC,NY,AEA,CE,Combined TRACON& Tower with Radar,85,91,23,0,199,0,2,19,0,21,85,93,42,0,220,12,0,12,232
10/03/2004,ROC,NY,AEA,CE,Combined TRACON& Tower with Radar,67,97,19,2,185,0,7,99,0,106,67,104,118,2,291,76,0,76,367
10/04/2004,ROC,NY,AEA,CE,Combined TRACON& Tower with Radar,79,133,50,0,262,0,6,25,0,31,79,139,75,0,293,36,0,36,329
10/05/2004,ROC,NY,AEA,CE,Combined TRACON& Tower with Radar,104,138,48,0,290,0,11,56,2,69,104,149,104,2,359,94,0,94,453
10/06/2004,ROC,NY,AEA,CE,Combined TRACON& Tower with Radar,104,154,52,0,310,0,19,64,0,83,104,173,116,0,393,125,0,125,518
10/07/2004,ROC,NY,AEA,CE,Combined TRACON& Tower with Radar,101,146,38,1,286,0,9,108,4,121,101,155,146,5,407,82,0,82,489
10/08/2004,ROC,NY,AEA,CE,Combined TRACON& Tower with Radar,97,139,47,1,284,0,11,78,2,91,97,150,125,3,375,120,0,120,495
10/09/2004,ROC,NY,AEA,CE,Combined TRACON& Tower with Radar,90,92,28,0,210,0,2,26,0,28,90,94,54,0,238,87,0,87,325
10/10/2004,ROC,NY,AEA,CE,Combined TRACON& Tower with Radar,66,106,61,0,233,1,6,26,1,34,67,112,87,1,267,54,0,54,321
10/11/2004,ROC,NY,AEA,CE,Combined TRACON& Tower with Radar,77,135,67,0,279,0,4,46,0,50,77,139,113,0,329,142,0,142,471
10/12/2004,ROC,NY,AEA,CE,Combined TRACON& Tower with Radar,100,147,57,0,304,0,14,72,0,86,100,161,129,0,390,98,0,98,488
10/13/2004,ROC,NY,AEA,CE,Combined TRACON& Tower with Radar,102,152,51,0,305,0,6,99,2,107,102,158,150,2,412,156,0,156,568
10/14/2004,ROC,NY,AEA,CE,Combined TRACON& Tower with Radar,100,141,62,0,303,0,4,13,1,18,100,145,75,1,321,33,0,33,354
10/15/2004,ROC,NY,AEA,CE,Combined TRACON& Tower with Radar,99,137,59,0,295,0,6,5,0,11,99,143,64,0,306,10,0,10,316
10/16/2004,ROC,NY,AEA,CE,Combined TRACON& Tower with Radar,90,96,19,6,211,0,2,8,16,26,90,98,27,22,237,16,10,26,263
10/17/2004,ROC,NY,AEA,CE,Combined TRACON& Tower with Radar,68,112,37,0,217,0,0,5,9,14,68,112,42,9,231,0,0,0,231
10/18/2004,ROC,NY,AEA,CE,Combined TRACON& Tower with Radar,73,122,43,0,238,0,5,31,0,36,73,127,74,0,274,94,0,94,368
10/19/2004,ROC,NY,AEA,CE,Combined TRACON& Tower with Radar,105,132,54,0,291,0,2,2,2,6,105,134,56,2,297,46,20,66,363
10/20/2004,ROC,NY,AEA,CE,Combined TRACON& Tower with Radar,100,146,59,5,310,0,4,7,0,11,100,150,66,5,321,53,0,53,374
10/21/2004,ROC,NY,AEA,CE,Combined TRACON& Tower with Radar,94,154,54,0,302,0,0,0,0,0,94,154,54,0,302,0,0,0,302
10/22/2004,ROC,NY,AEA,CE,Combined TRACON& Tower with Radar,101,144,65,4,314,0,5,21,1,27,101,149,86,5,341,4,0,4,345
10/23/2004,ROC,NY,AEA,CE,Combined TRACON& Tower with Radar,89,89,21,3,202,0,4,120,0,124,89,93,141,3,326,112,0,112,438
10/24/2004,ROC,NY,AEA,CE,Combined TRACON& Tower with Radar,70,97,31,2,200,0,4,49,0,53,70,101,80,2,253,78,0,78,331
10/25/2004,ROC,NY,AEA,CE,Combined TRACON& Tower with Radar,78,138,53,0,269,0,4,3,0,7,78,142,56,0,276,11,2,13,289
10/26/2004,ROC,NY,AEA,CE,Combined TRACON& Tower with Radar,106,161,67,1,335,0,6,51,5,62,106,167,118,6,397,103,4,107,504
10/27/2004,ROC,NY,AEA,CE,Combined TRACON& Tower with Radar,105,149,56,0,310,0,4,40,0,44,105,153,96,0,354,110,0,110,464
10/28/2004,ROC,NY,AEA,CE,Combined TRACON& Tower with Radar,97,149,38,2,286,0,10,76,0,86,97,159,114,2,372,106,0,106,478
10/29/2004,ROC,NY,AEA,CE,Combined TRACON& Tower with Radar,97,144,62,0,303,0,9,33,3,45,97,153,95,3,348,140,2,142,490
10/30/2004,ROC,NY,AEA,CE,Combined TRACON& Tower with Radar,86,93,20,0,199,0,4,17,0,21,86,97,37,0,220,78,0,78,298
10/31/2004,ROC,NY,AEA,CE,Combined TRACON& Tower with Radar,70,101,29,0,200,0,5,17,0,22,70,106,46,0,222,80,0,80,302
11/01/2004,ROC,NY,AEA,CE,Combined TRACON& Tower with Radar,76,126,49,0,251,0,5,40,4,49,76,131,89,4,300,51,2,53,353
11/02/2004,ROC,NY,AEA,CE,Combined TRACON& Tower with Radar,105,139,42,0,286,0,6,13,0,19,105,145,55,0,305,30,0,30,335
11/03/2004,ROC,NY,AEA,CE,Combined TRACON& Tower with Radar,98,154,58,1,311,0,6,52,3,61,98,160,110,4,372,108,4,112,484
11/04/2004,ROC,NY,AEA,CE,Combined TRACON& Tower with Radar,105,149,62,1,317,0,9,26,1,36,105,158,88,2,353,34,0,34,387
11/05/2004,ROC,NY,AEA,CE,Combined TRACON& Tower with Radar,103,128,56,0,287,0,2,5,7,14,103,130,61,7,301,24,16,40,341
11/06/2004,ROC,NY,AEA,CE,Combined TRACON& Tower with Radar,91,102,17,0,210,0,1,21,2,24,91,103,38,2,234,91,0,91,325
11/07/2004,ROC,NY,AEA,CE,Combined TRACON& Tower with Radar,72,90,31,1,194,0,0,41,2,43,72,90,72,3,237,54,8,62,299
11/08/2004,ROC,NY,AEA,CE,Combined TRACON& Tower with Radar,77,135,39,0,251,0,0,18,4,22,77,135,57,4,273,0,0,0,273
11/09/2004,ROC,NY,AEA,CE,Combined TRACON& Tower with Radar,89,166,54,1,310,0,0,27,4,31,89,166,81,5,341,9,0,9,350
11/10/2004,ROC,NY,AEA,CE,Combined TRACON& Tower with Radar,92,160,41,4,297,0,2,91,4,97,92,162,132,8,394,144,2,146,540
11/11/2004,ROC,NY,AEA,CE,Combined TRACON& Tower with Radar,90,154,47,2,293,0,0,9,3,12,90,154,56,5,305,50,4,54,359
11/12/2004,ROC,NY,AEA,CE,Combined TRACON& Tower with Radar,90,152,42,2,286,0,2,54,2,58,90,154,96,4,344,86,0,86,430
11/13/2004,ROC,NY,AEA,CE,Combined TRACON& Tower with Radar,82,104,32,0,218,0,2,56,0,58,82,106,88,0,276,134,0,134,410
11/14/2004,ROC,NY,AEA,CE,Combined TRACON& Tower with Radar,63,102,26,0,191,0,4,82,0,86,63,106,108,0,277,130,0,130,407
11/15/2004,ROC,NY,AEA,CE,Combined TRACON& Tower with Radar,69,146,32,0,247,0,1,51,0,52,69,147,83,0,299,52,0,52,351
11/16/2004,ROC,NY,AEA,CE,Combined TRACON& Tower with Radar,96,154,40,0,290,0,0,75,3,78,96,154,115,3,368,43,0,43,411
11/17/2004,ROC,NY,AEA,CE,Combined TRACON& Tower with Radar,94,157,57,0,308,0,0,16,4,20,94,157,73,4,328,46,2,48,376
11/18/2004,ROC,NY,AEA,CE,Combined TRACON& Tower with Radar,96,180,54,4,334,0,0,1,0,1,96,180,55,4,335,6,4,10,345
11/19/2004,ROC,NY,AEA,CE,Combined TRACON& Tower with Radar,94,163,62,5,324,0,1,37,1,39,94,164,99,6,363,41,0,41,404
11/20/2004,ROC,NY,AEA,CE,Combined TRACON& Tower with Radar,80,111,39,0,230,0,2,16,0,18,80,113,55,0,248,50,0,50,298
11/21/2004,ROC,NY,AEA,CE,Combined TRACON& Tower with Radar,62,107,49,2,220,0,0,20,0,20,62,107,69,2,240,56,0,56,296
11/22/2004,ROC,NY,AEA,CE,Combined TRACON& Tower with Radar,66,147,54,0,267,0,0,57,2,59,66,147,111,2,326,100,0,100,426
11/23/2004,ROC,NY,AEA,CE,Combined TRACON& Tower with Radar,90,158,41,2,291,0,0,60,8,68,90,158,101,10,359,49,32,81,440
11/24/2004,ROC,NY,AEA,CE,Combined TRACON& Tower with Radar,85,158,30,0,273,0,2,1,0,3,85,160,31,0,276,4,0,4,280
11/25/2004,ROC,NY,AEA,CE,Combined TRACON& Tower with Radar,89,105,1,0,195,0,0,5,0,5,89,105,6,0,200,0,0,0,200
11/26/2004,ROC,NY,AEA,CE,Combined TRACON& Tower with Radar,63,92,23,1,179,0,0,20,0,20,63,92,43,1,199,72,4,76,275
11/27/2004,ROC,NY,AEA,CE,Combined TRACON& Tower with Radar,74,105,16,0,195,0,0,49,0,49,74,105,65,0,244,93,0,93,337
11/28/2004,ROC,NY,AEA,CE,Combined TRACON& Tower with Radar,65,116,40,0,221,0,0,5,0,5,65,116,45,0,226,0,0,0,226
11/29/2004,ROC,NY,AEA,CE,Combined TRACON& Tower with Radar,69,144,32,0,245,0,0,50,0,50,69,144,82,0,295,38,0,38,333
11/30/2004,ROC,NY,AEA,CE,Combined TRACON& Tower with Radar,91,153,35,0,279,0,2,59,8,69,91,155,94,8,348,51,2,53,401
12/01/2004,ROC,NY,AEA,CE,Combined TRACON& Tower with Radar,93,130,32,0,255,0,0,8,2,10,93,130,40,2,265,0,0,0,265
12/02/2004,ROC,NY,AEA,CE,Combined TRACON& Tower with Radar,92,158,37,0,287,0,0,36,2,38,92,158,73,2,325,26,0,26,351
12/03/2004,ROC,NY,AEA,CE,Combined TRACON& Tower with Radar,94,150,44,0,288,0,0,0,3,3,94,150,44,3,291,22,0,22,313
12/04/2004,ROC,NY,AEA,CE,Combined TRACON& Tower with Radar,88,101,25,0,214,0,0,20,4,24,88,101,45,4,238,72,0,72,310
12/05/2004,ROC,NY,AEA,CE,Combined TRACON& Tower with Radar,65,105,29,4,203,0,0,61,0,61,65,105,90,4,264,136,0,136,400
12/06/2004,ROC,NY,AEA,CE,Combined TRACON& Tower with Radar,66,130,37,0,233,0,0,2,0,2,66,130,39,0,235,0,0,0,235
12/07/2004,ROC,NY,AEA,CE,Combined TRACON& Tower with Radar,86,149,40,2,277,0,0,0,3,3,86,149,40,5,280,12,30,42,322
12/08/2004,ROC,NY,AEA,CE,Combined TRACON& Tower with Radar,98,149,40,5,292,0,0,6,3,9,98,149,46,8,301,6,0,6,307
12/09/2004,ROC,NY,AEA,CE,Combined TRACON& Tower with Radar,91,131,65,1,288,0,2,55,3,60,91,133,120,4,348,111,0,111,459
12/10/2004,ROC,NY,AEA,CE,Combined TRACON& Tower with Radar,89,138,51,1,279,0,0,5,0,5,89,138,56,1,284,0,0,0,284
12/11/2004,ROC,NY,AEA,CE,Combined TRACON& Tower with Radar,83,98,24,3,208,0,0,0,0,0,83,98,24,3,208,0,0,0,208
12/12/2004,ROC,NY,AEA,CE,Combined TRACON& Tower with Radar,58,95,25,2,180,0,0,16,0,16,58,95,41,2,196,26,0,26,222
12/13/2004,ROC,NY,AEA,CE,Combined TRACON& Tower with Radar,68,128,38,0,234,0,0,22,4,26,68,128,60,4,260,34,0,34,294
12/14/2004,ROC,NY,AEA,CE,Combined TRACON& Tower with Radar,95,146,42,1,284,0,0,4,5,9,95,146,46,6,293,16,0,16,309
12/15/2004,ROC,NY,AEA,CE,Combined TRACON& Tower with Radar,93,149,39,1,282,0,0,19,5,24,93,149,58,6,306,15,1,16,322
12/16/2004,ROC,NY,AEA,CE,Combined TRACON& Tower with Radar,91,146,48,2,287,0,3,40,2,45,91,149,88,4,332,39,0,39,371
12/17/2004,ROC,NY,AEA,CE,Combined TRACON& Tower with Radar,96,148,45,0,289,0,0,16,2,18,96,148,61,2,307,52,0,52,359
12/18/2004,ROC,NY,AEA,CE,Combined TRACON& Tower with Radar,78,97,21,2,198,0,9,56,0,65,78,106,77,2,263,68,0,68,331
12/19/2004,ROC,NY,AEA,CE,Combined TRACON& Tower with Radar,66,92,21,0,179,0,0,0,0,0,66,92,21,0,179,0,0,0,179
12/20/2004,ROC,NY,AEA,CE,Combined TRACON& Tower with Radar,73,122,29,0,224,0,0,11,2,13,73,122,40,2,237,68,0,68,305
12/21/2004,ROC,NY,AEA,CE,Combined TRACON& Tower with Radar,92,157,37,1,287,0,0,31,3,34,92,157,68,4,321,46,0,46,367
12/22/2004,ROC,NY,AEA,CE,Combined TRACON& Tower with Radar,90,132,35,0,257,0,0,22,1,23,90,132,57,1,280,36,0,36,316
12/23/2004,ROC,NY,AEA,CE,Combined TRACON& Tower with Radar,70,111,13,0,194,0,0,0,0,0,70,111,13,0,194,0,0,0,194
12/24/2004,ROC,NY,AEA,CE,Combined TRACON& Tower with Radar,79,122,13,0,214,0,0,21,0,21,79,122,34,0,235,0,0,0,235
12/25/2004,ROC,NY,AEA,CE,Combined TRACON& Tower with Radar,51,80,3,0,134,0,0,8,0,8,51,80,11,0,142,38,0,38,180
12/26/2004,ROC,NY,AEA,CE,Combined TRACON& Tower with Radar,58,88,16,0,162,0,0,14,1,15,58,88,30,1,177,26,0,26,203
12/27/2004,ROC,NY,AEA,CE,Combined TRACON& Tower with Radar,62,122,22,0,206,0,0,10,1,11,62,122,32,1,217,32,0,32,249
12/28/2004,ROC,NY,AEA,CE,Combined TRACON& Tower with Radar,95,135,19,0,249,0,0,4,0,4,95,135,23,0,253,0,0,0,253
12/29/2004,ROC,NY,AEA,CE,Combined TRACON& Tower with Radar,94,129,21,2,246,0,0,8,0,8,94,129,29,2,254,42,0,42,296
12/30/2004,ROC,NY,AEA,CE,Combined TRACON& Tower with Radar,92,118,18,0,228,0,0,28,0,28,92,118,46,0,256,110,0,110,366
12/31/2004,ROC,NY,AEA,CE,Combined TRACON& Tower with Radar,92,100,14,0,206,0,0,7,0,7,92,100,21,0,213,10,0,10,223
01/01/2005,ROC,NY,AEA,CE,Combined TRACON& Tower with Radar,60,76,16,0,152,0,0,42,0,42,60,76,58,0,194,40,0,40,234
01/02/2005,ROC,NY,AEA,CE,Combined TRACON& Tower with Radar,60,96,25,0,181,0,2,4,0,6,60,98,29,0,187,0,0,0,187
01/03/2005,ROC,NY,AEA,CE,Combined TRACON& Tower with Radar,66,133,33,0,232,0,1,10,0,11,66,134,43,0,243,12,0,12,255
01/04/2005,ROC,NY,AEA,CE,Combined TRACON& Tower with Radar,92,137,25,0,254,0,0,0,2,2,92,137,25,2,256,0,0,0,256
01/05/2005,ROC,NY,AEA,CE,Combined TRACON& Tower with Radar,86,120,26,0,232,0,0,4,0,4,86,120,30,0,236,0,0,0,236
01/06/2005,ROC,NY,AEA,CE,Combined TRACON& Tower with Radar,88,114,17,0,219,0,0,1,0,1,88,114,18,0,220,0,6,6,226
01/07/2005,ROC,NY,AEA,CE,Combined TRACON& Tower with Radar,86,139,27,0,252,0,0,24,3,27,86,139,51,3,279,22,12,34,313
01/08/2005,ROC,NY,AEA,CE,Combined TRACON& Tower with Radar,79,94,7,0,180,0,0,3,0,3,79,94,10,0,183,0,0,0,183
01/09/2005,ROC,NY,AEA,CE,Combined TRACON& Tower with Radar,62,96,27,0,185,0,0,27,0,27,62,96,54,0,212,30,0,30,242
01/10/2005,ROC,NY,AEA,CE,Combined TRACON& Tower with Radar,70,133,58,0,261,0,0,7,0,7,70,133,65,0,268,16,0,16,284
01/11/2005,ROC,NY,AEA,CE,Combined TRACON& Tower with Radar,83,134,33,2,252,0,0,3,0,3,83,134,36,2,255,0,0,0,255
01/12/2005,ROC,NY,AEA,CE,Combined TRACON& Tower with Radar,88,128,24,1,241,0,0,0,0,0,88,128,24,1,241,36,0,36,277
01/13/2005,ROC,NY,AEA,CE,Combined TRACON& Tower with Radar,96,131,38,0,265,0,0,24,2,26,96,131,62,2,291,42,10,52,343
01/14/2005,ROC,NY,AEA,CE,Combined TRACON& Tower with Radar,93,141,31,0,265,0,0,14,0,14,93,141,45,0,279,24,0,24,303
01/15/2005,ROC,NY,AEA,CE,Combined TRACON& Tower with Radar,77,99,24,0,200,0,1,85,0,86,77,100,109,0,286,114,0,114,400
01/16/2005,ROC,NY,AEA,CE,Combined TRACON& Tower with Radar,59,89,19,0,167,0,2,26,2,30,59,91,45,2,197,123,0,123,320
01/17/2005,ROC,NY,AEA,CE,Combined TRACON& Tower with Radar,64,125,33,0,222,0,0,0,0,0,64,125,33,0,222,0,0,0,222
01/18/2005,ROC,NY,AEA,CE,Combined TRACON& Tower with Radar,88,136,30,0,254,0,0,8,0,8,88,136,38,0,262,4,0,4,266
01/19/2005,ROC,NY,AEA,CE,Combined TRACON& Tower with Radar,85,122,30,0,237,0,0,4,0,4,85,122,34,0,241,20,0,20,261
01/20/2005,ROC,NY,AEA,CE,Combined TRACON& Tower with Radar,86,140,36,2,264,0,0,7,0,7,86,140,43,2,271,38,0,38,309
01/21/2005,ROC,NY,AEA,CE,Combined TRACON& Tower with Radar,89,132,35,2,258,0,0,8,1,9,89,132,43,3,267,0,0,0,267
01/22/2005,ROC,NY,AEA,CE,Combined TRACON& Tower with Radar,60,57,6,0,123,0,0,1,0,1,60,57,7,0,124,0,0,0,124
01/23/2005,ROC,NY,AEA,CE,Combined TRACON& Tower with Radar,47,59,9,0,115,0,0,0,0,0,47,59,9,0,115,0,0,0,115
01/24/2005,ROC,NY,AEA,CE,Combined TRACON& Tower with Radar,65,110,53,2,230,0,0,7,2,9,65,110,60,4,239,0,0,0,239
01/25/2005,ROC,NY,AEA,CE,Combined TRACON& Tower with Radar,87,136,39,0,262,0,0,25,4,29,87,136,64,4,291,0,0,0,291
01/26/2005,ROC,NY,AEA,CE,Combined TRACON& Tower with Radar,88,122,28,4,242,0,0,3,0,3,88,122,31,4,245,0,0,0,245
01/27/2005,ROC,NY,AEA,CE,Combined TRACON& Tower with Radar,87,131,33,5,256,0,0,10,7,17,87,131,43,12,273,0,10,10,283
01/28/2005,ROC,NY,AEA,CE,Combined TRACON& Tower with Radar,89,141,44,0,274,0,0,46,0,46,89,141,90,0,320,72,0,72,392
01/29/2005,ROC,NY,AEA,CE,Combined TRACON& Tower with Radar,73,88,26,0,187,0,4,86,0,90,73,92,112,0,277,134,0,134,411
01/30/2005,ROC,NY,AEA,CE,Combined TRACON& Tower with Radar,57,89,42,0,188,0,0,29,0,29,57,89,71,0,217,31,0,31,248
01/31/2005,ROC,NY,AEA,CE,Combined TRACON& Tower with Radar,66,123,31,2,222,0,4,19,0,23,66,127,50,2,245,30,0,30,275
02/01/2005,ROC,NY,AEA,CE,Combined TRACON& Tower with Radar,90,135,45,2,272,0,5,44,5,54,90,140,89,7,326,60,3,63,389
02/02/2005,ROC,NY,AEA,CE,Combined TRACON& Tower with Radar,87,130,46,0,263,0,0,48,3,51,87,130,94,3,314,42,0,42,356
02/03/2005,ROC,NY,AEA,CE,Combined TRACON& Tower with Radar,93,138,45,0,276,0,0,20,0,20,93,138,65,0,296,44,0,44,340
02/04/2005,ROC,NY,AEA,CE,Combined TRACON& Tower with Radar,91,141,37,2,271,0,3,26,0,29,91,144,63,2,300,19,1,20,320
02/05/2005,ROC,NY,AEA,CE,Combined TRACON& Tower with Radar,76,101,16,1,194,0,5,92,3,100,76,106,108,4,294,138,0,138,432
02/06/2005,ROC,NY,AEA,CE,Combined TRACON& Tower with Radar,71,95,16,0,182,0,5,76,0,81,71,100,92,0,263,44,0,44,307
02/07/2005,ROC,NY,AEA,CE,Combined TRACON& Tower with Radar,70,123,35,0,228,0,0,38,0,38,70,123,73,0,266,86,0,86,352
02/08/2005,ROC,NY,AEA,CE,Combined TRACON& Tower with Radar,97,134,43,0,274,0,0,0,0,0,97,134,43,0,274,10,0,10,284
02/09/2005,ROC,NY,AEA,CE,Combined TRACON& Tower with Radar,98,143,32,0,273,0,0,2,0,2,98,143,34,0,275,4,0,4,279
02/10/2005,ROC,NY,AEA,CE,Combined TRACON& Tower with Radar,100,136,30,0,266,0,0,1,0,1,100,136,31,0,267,0,0,0,267
02/11/2005,ROC,NY,AEA,CE,Combined TRACON& Tower with Radar,97,131,42,4,274,0,2,35,5,42,97,133,77,9,316,4,2,6,322
02/12/2005,ROC,NY,AEA,CE,Combined TRACON& Tower with Radar,84,99,9,2,194,0,0,0,3,3,84,99,9,5,197,0,0,0,197
02/13/2005,ROC,NY,AEA,CE,Combined TRACON& Tower with Radar,68,96,32,2,198,0,4,68,0,72,68,100,100,2,270,120,0,120,390
02/14/2005,ROC,NY,AEA,CE,Combined TRACON& Tower with Radar,74,123,39,0,236,0,0,0,2,2,74,123,39,2,238,0,0,0,238
02/15/2005,ROC,NY,AEA,CE,Combined TRACON& Tower with Radar,97,136,37,2,272,0,2,37,8,47,97,138,74,10,319,62,2,64,383
02/16/2005,ROC,NY,AEA,CE,Combined TRACON& Tower with Radar,102,128,34,0,264,0,0,0,0,0,102,128,34,0,264,18,0,18,282
02/17/2005,ROC,NY,AEA,CE,Combined TRACON& Tower with Radar,100,135,43,0,278,0,0,8,4,12,100,135,51,4,290,0,0,0,290
02/18/2005,ROC,NY,AEA,CE,Combined TRACON& Tower with Radar,102,131,47,2,282,0,1,11,4,16,102,132,58,6,298,0,0,0,298
02/19/2005,ROC,NY,AEA,CE,Combined TRACON& Tower with Radar,93,107,33,0,233,0,5,23,0,28,93,112,56,0,261,0,0,0,261
02/20/2005,ROC,NY,AEA,CE,Combined TRACON& Tower with Radar,71,92,15,0,178,0,4,45,0,49,71,96,60,0,227,72,0,72,299
02/21/2005,ROC,NY,AEA,CE,Combined TRACON& Tower with Radar,74,123,27,1,225,0,0,0,0,0,74,123,27,1,225,0,0,0,225
02/22/2005,ROC,NY,AEA,CE,Combined TRACON& Tower with Radar,98,148,36,0,282,0,0,8,0,8,98,148,44,0,290,78,0,78,368
02/23/2005,ROC,NY,AEA,CE,Combined TRACON& Tower with Radar,103,141,24,0,268,0,0,13,2,15,103,141,37,2,283,3,0,3,286
02/24/2005,ROC,NY,AEA,CE,Combined TRACON& Tower with Radar,96,128,24,2,250,0,5,26,2,33,96,133,50,4,283,40,0,40,323
02/25/2005,ROC,NY,AEA,CE,Combined TRACON& Tower with Radar,120,176,38,3,337,0,0,28,1,29,120,176,66,4,366,60,0,60,426
02/26/2005,ROC,NY,AEA,CE,Combined TRACON& Tower with Radar,139,149,51,0,339,0,0,16,0,16,139,149,67,0,355,0,0,0,355
02/27/2005,ROC,NY,AEA,CE,Combined TRACON& Tower with Radar,110,144,40,0,294,0,0,89,0,89,110,144,129,0,383,70,0,70,453
02/28/2005,ROC,NY,AEA,CE,Combined TRACON& Tower with Radar,71,120,28,0,219,0,0,10,0,10,71,120,38,0,229,50,0,50,279
03/01/2005,ROC,NY,AEA,CE,Combined TRACON& Tower with Radar,97,122,19,0,238,0,0,0,0,0,97,122,19,0,238,0,0,0,238
03/02/2005,ROC,NY,AEA,CE,Combined TRACON& Tower with Radar,102,136,34,0,272,0,0,1,0,1,102,136,35,0,273,0,0,0,273
03/03/2005,ROC,NY,AEA,CE,Combined TRACON& Tower with Radar,102,141,37,0,280,0,0,6,5,11,102,141,43,5,291,0,0,0,291
03/04/2005,ROC,NY,AEA,CE,Combined TRACON& Tower with Radar,102,144,44,0,290,0,3,38,2,43,102,147,82,2,333,68,0,68,401
03/05/2005,ROC,NY,AEA,CE,Combined TRACON& Tower with Radar,86,99,31,0,216,0,2,61,6,69,86,101,92,6,285,102,3,105,390
03/06/2005,ROC,NY,AEA,CE,Combined TRACON& Tower with Radar,70,97,18,0,185,0,0,2,0,2,70,97,20,0,187,0,0,0,187
03/07/2005,ROC,NY,AEA,CE,Combined TRACON& Tower with Radar,80,139,36,1,256,0,0,6,0,6,80,139,42,1,262,61,2,63,325
03/08/2005,ROC,NY,AEA,CE,Combined TRACON& Tower with Radar,97,138,42,0,277,0,0,4,0,4,97,138,46,0,281,18,0,18,299
03/09/2005,ROC,NY,AEA,CE,Combined TRACON& Tower with Radar,101,140,46,1,288,0,0,12,1,13,101,140,58,2,301,61,0,61,362
03/10/2005,ROC,NY,AEA,CE,Combined TRACON& Tower with Radar,101,158,56,0,315,0,0,23,2,25,101,158,79,2,340,66,2,68,408
03/11/2005,ROC,NY,AEA,CE,Combined TRACON& Tower with Radar,100,132,39,0,271,0,0,4,0,4,100,132,43,0,275,0,0,0,275
03/12/2005,ROC,NY,AEA,CE,Combined TRACON& Tower with Radar,86,104,23,0,213,0,4,40,0,44,86,108,63,0,257,92,0,92,349
03/13/2005,ROC,NY,AEA,CE,Combined TRACON& Tower with Radar,77,98,39,0,214,0,0,17,0,17,77,98,56,0,231,44,0,44,275
03/14/2005,ROC,NY,AEA,CE,Combined TRACON& Tower with Radar,76,133,28,0,237,0,0,38,0,38,76,133,66,0,275,116,0,116,391
03/15/2005,ROC,NY,AEA,CE,Combined TRACON& Tower with Radar,101,142,28,0,271,0,5,39,5,49,101,147,67,5,320,40,8,48,368
03/16/2005,ROC,NY,AEA,CE,Combined TRACON& Tower with Radar,108,137,34,0,279,0,0,35,7,42,108,137,69,7,321,86,6,92,413
03/17/2005,ROC,NY,AEA,CE,Combined TRACON& Tower with Radar,99,134,26,2,261,0,5,33,1,39,99,139,59,3,300,82,2,84,384
03/18/2005,ROC,NY,AEA,CE,Combined TRACON& Tower with Radar,100,140,39,2,281,0,2,40,2,44,100,142,79,4,325,43,0,43,368
03/19/2005,ROC,NY,AEA,CE,Combined TRACON& Tower with Radar,87,102,17,0,206,0,8,68,0,76,87,110,85,0,282,130,0,130,412
03/20/2005,ROC,NY,AEA,CE,Combined TRACON& Tower with Radar,70,90,11,2,173,0,0,0,0,0,70,90,11,2,173,0,0,0,173
03/21/2005,ROC,NY,AEA,CE,Combined TRACON& Tower with Radar,75,131,37,0,243,0,0,31,0,31,75,131,68,0,274,96,2,98,372
03/22/2005,ROC,NY,AEA,CE,Combined TRACON& Tower with Radar,98,140,37,0,275,0,2,69,3,74,98,142,106,3,349,110,0,110,459
03/23/2005,ROC,NY,AEA,CE,Combined TRACON& Tower with Radar,98,133,28,2,261,0,0,18,5,23,98,133,46,7,284,18,0,18,302
03/24/2005,ROC,NY,AEA,CE,Combined TRACON& Tower with Radar,102,155,44,0,301,0,3,26,4,33,102,158,70,4,334,46,0,46,380
03/25/2005,ROC,NY,AEA,CE,Combined TRACON& Tower with Radar,98,138,30,0,266,0,0,27,0,27,98,138,57,0,293,54,0,54,347
03/26/2005,ROC,NY,AEA,CE,Combined TRACON& Tower with Radar,77,94,15,0,186,0,2,97,0,99,77,96,112,0,285,128,0,128,413
03/27/2005,ROC,NY,AEA,CE,Combined TRACON& Tower with Radar,62,100,24,0,186,0,0,38,0,38,62,100,62,0,224,16,0,16,240
03/28/2005,ROC,NY,AEA,CE,Combined TRACON& Tower with Radar,66,130,33,0,229,0,0,7,0,7,66,130,40,0,236,74,0,74,310
03/29/2005,ROC,NY,AEA,CE,Combined TRACON& Tower with Radar,98,140,41,2,281,0,0,35,2,37,98,140,76,4,318,180,0,180,498
03/30/2005,ROC,NY,AEA,CE,Combined TRACON& Tower with Radar,98,139,41,3,281,0,3,69,5,77,98,142,110,8,358,44,0,44,402
03/31/2005,ROC,NY,AEA,CE,Combined TRACON& Tower with Radar,94,144,41,4,283,0,1,11,7,19,94,145,52,11,302,26,0,26,328
04/01/2005,ROC,NY,AEA,CE,Combined TRACON& Tower with Radar,97,144,42,2,285,0,0,34,5,39,97,144,76,7,324,56,16,72,396
04/02/2005,ROC,NY,AEA,CE,Combined TRACON& Tower with Radar,74,108,13,0,195,0,0,0,2,2,74,108,13,2,197,0,0,0,197
04/03/2005,ROC,NY,AEA,CE,Combined TRACON& Tower with Radar,68,97,15,0,180,0,0,0,0,0,68,97,15,0,180,0,0,0,180
04/04/2005,ROC,NY,AEA,CE,Combined TRACON& Tower with Radar,73,121,23,0,217,0,0,8,2,10,73,121,31,2,227,12,8,20,247
04/05/2005,ROC,NY,AEA,CE,Combined TRACON& Tower with Radar,102,135,37,0,274,0,3,82,7,92,102,138,119,7,366,109,6,115,481
04/06/2005,ROC,NY,AEA,CE,Combined TRACON& Tower with Radar,102,144,33,0,279,0,1,52,5,58,102,145,85,5,337,50,30,80,417
04/07/2005,ROC,NY,AEA,CE,Combined TRACON& Tower with Radar,97,143,54,0,294,0,0,28,1,29,97,143,82,1,323,18,0,18,341
04/08/2005,ROC,NY,AEA,CE,Combined TRACON& Tower with Radar,103,138,59,0,300,0,4,64,0,68,103,142,123,0,368,84,0,84,452
04/09/2005,ROC,NY,AEA,CE,Combined TRACON& Tower with Radar,86,100,21,0,207,0,2,94,4,100,86,102,115,4,307,148,16,164,471
04/10/2005,ROC,NY,AEA,CE,Combined TRACON& Tower with Radar,72,101,30,0,203,0,2,69,0,71,72,103,99,0,274,164,0,164,438
04/11/2005,ROC,NY,AEA,CE,Combined TRACON& Tower with Radar,77,139,23,0,239,0,5,69,2,76,77,144,92,2,315,132,0,132,447
04/12/2005,ROC,NY,AEA,CE,Combined TRACON& Tower with Radar,102,150,33,0,285,0,4,67,6,77,102,154,100,6,362,74,2,76,438
04/13/2005,ROC,NY,AEA,CE,Combined TRACON& Tower with Radar,102,148,44,0,294,0,2,49,11,62,102,150,93,11,356,188,8,196,552
04/14/2005,ROC,NY,AEA,CE,Combined TRACON& Tower with Radar,100,140,42,4,286,0,2,74,2,78,100,142,116,6,364,30,2,32,396
04/15/2005,ROC,NY,AEA,CE,Combined TRACON& Tower with Radar,108,137,56,3,304,0,3,65,2,70,108,140,121,5,374,122,0,122,496
04/16/2005,ROC,NY,AEA,CE,Combined TRACON& Tower with Radar,90,100,31,0,221,0,2,87,0,89,90,102,118,0,310,172,0,172,482
04/17/2005,ROC,NY,AEA,CE,Combined TRACON& Tower with Radar,73,97,23,0,193,0,2,52,0,54,73,99,75,0,247,96,0,96,343
04/18/2005,ROC,NY,AEA,CE,Combined TRACON& Tower with Radar,83,137,46,2,268,0,2,55,0,57,83,139,101,2,325,118,2,120,445
04/19/2005,ROC,NY,AEA,CE,Combined TRACON& Tower with Radar,98,153,38,0,289,0,1,69,2,72,98,154,107,2,361,124,0,124,485
04/20/2005,ROC,NY,AEA,CE,Combined TRACON& Tower with Radar,105,138,43,2,288,0,0,20,0,20,105,138,63,2,308,26,0,26,334
04/21/2005,ROC,NY,AEA,CE,Combined TRACON& Tower with Radar,102,142,31,2,277,0,2,65,1,68,102,144,96,3,345,58,0,58,403
04/22/2005,ROC,NY,AEA,CE,Combined TRACON& Tower with Radar,101,135,30,0,266,0,1,40,0,41,101,136,70,0,307,78,0,78,385
04/23/2005,ROC,NY,AEA,CE,Combined TRACON& Tower with Radar,88,103,21,0,212,0,0,0,0,0,88,103,21,0,212,0,0,0,212
04/24/2005,ROC,NY,AEA,CE,Combined TRACON& Tower with Radar,80,95,23,0,198,0,0,9,0,9,80,95,32,0,207,0,0,0,207
04/25/2005,ROC,NY,AEA,CE,Combined TRACON& Tower with Radar,80,145,36,0,261,0,0,13,0,13,80,145,49,0,274,28,0,28,302
04/26/2005,ROC,NY,AEA,CE,Combined TRACON& Tower with Radar,100,143,45,0,288,0,1,29,3,33,100,144,74,3,321,124,0,124,445
04/27/2005,ROC,NY,AEA,CE,Combined TRACON& Tower with Radar,104,143,38,4,289,0,0,47,2,49,104,143,85,6,338,60,0,60,398
04/28/2005,ROC,NY,AEA,CE,Combined TRACON& Tower with Radar,101,141,42,0,284,0,0,18,1,19,101,141,60,1,303,41,1,42,345
04/29/2005,ROC,NY,AEA,CE,Combined TRACON& Tower with Radar,98,135,47,6,286,0,2,66,3,71,98,137,113,9,357,82,0,82,439
04/30/2005,ROC,NY,AEA,CE,Combined TRACON& Tower with Radar,80,93,40,1,214,0,0,7,0,7,80,93,47,1,221,47,0,47,268
05/01/2005,ROC,NY,AEA,CE,Combined TRACON& Tower with Radar,79,93,32,1,205,0,0,24,2,26,79,93,56,3,231,72,0,72,303
05/02/2005,ROC,NY,AEA,CE,Combined TRACON& Tower with Radar,73,130,45,1,249,0,0,23,0,23,73,130,68,1,272,64,0,64,336
05/03/2005,ROC,NY,AEA,CE,Combined TRACON& Tower with Radar,105,137,57,1,300,0,2,37,3,42,105,139,94,4,342,95,0,95,437
05/04/2005,ROC,NY,AEA,CE,Combined TRACON& Tower with Radar,99,138,33,0,270,0,1,58,4,63,99,139,91,4,333,109,0,109,442
05/05/2005,ROC,NY,AEA,CE,Combined TRACON& Tower with Radar,99,150,38,0,287,0,6,77,0,83,99,156,115,0,370,189,10,199,569
05/06/2005,ROC,NY,AEA,CE,Combined TRACON& Tower with Radar,100,139,48,1,288,0,4,112,1,117,100,143,160,2,405,114,0,114,519
05/07/2005,ROC,NY,AEA,CE,Combined TRACON& Tower with Radar,81,98,23,0,202,0,12,232,10,254,81,110,255,10,456,68,0,68,524
05/08/2005,ROC,NY,AEA,CE,Combined TRACON& Tower with Radar,73,94,31,0,198,0,4,84,10,98,73,98,115,10,296,30,0,30,326
05/09/2005,ROC,NY,AEA,CE,Combined TRACON& Tower with Radar,76,131,37,0,244,0,3,90,0,93,76,134,127,0,337,200,0,200,537
05/10/2005,ROC,NY,AEA,CE,Combined TRACON& Tower with Radar,96,144,34,1,275,0,3,57,6,66,96,147,91,7,341,122,3,125,466
05/11/2005,ROC,NY,AEA,CE,Combined TRACON& Tower with Radar,100,132,57,0,289,0,1,54,2,57,100,133,111,2,346,50,24,74,420
05/12/2005,ROC,NY,AEA,CE,Combined TRACON& Tower with Radar,98,146,43,0,287,0,3,55,4,62,98,149,98,4,349,96,14,110,459
05/13/2005,ROC,NY,AEA,CE,Combined TRACON& Tower with Radar,101,150,41,2,294,0,1,73,0,74,101,151,114,2,368,120,0,120,488
05/14/2005,ROC,NY,AEA,CE,Combined TRACON& Tower with Radar,89,96,26,0,211,0,0,14,2,16,89,96,40,2,227,48,1,49,276
05/15/2005,ROC,NY,AEA,CE,Combined TRACON& Tower with Radar,71,96,29,4,200,0,4,30,2,36,71,100,59,6,236,96,0,96,332
05/16/2005,ROC,NY,AEA,CE,Combined TRACON& Tower with Radar,75,136,49,0,260,0,3,55,0,58,75,139,104,0,318,122,0,122,440
05/17/2005,ROC,NY,AEA,CE,Combined TRACON& Tower with Radar,98,140,41,2,281,0,4,76,5,85,98,144,117,7,366,144,4,148,514
05/18/2005,ROC,NY,AEA,CE,Combined TRACON& Tower with Radar,99,137,37,0,273,0,16,111,6,133,99,153,148,6,406,145,0,145,551
05/19/2005,ROC,NY,AEA,CE,Combined TRACON& Tower with Radar,98,143,35,3,279,0,2,67,2,71,98,145,102,5,350,172,0,172,522
05/20/2005,ROC,NY,AEA,CE,Combined TRACON& Tower with Radar,98,136,66,0,300,0,7,60,0,67,98,143,126,0,367,66,0,66,433
05/21/2005,ROC,NY,AEA,CE,Combined TRACON& Tower with Radar,90,101,26,0,217,0,0,66,6,72,90,101,92,6,289,38,4,42,331
05/22/2005,ROC,NY,AEA,CE,Combined TRACON& Tower with Radar,74,90,35,0,199,0,3,34,0,37,74,93,69,0,236,46,0,46,282
05/23/2005,ROC,NY,AEA,CE,Combined TRACON& Tower with Radar,76,130,50,1,257,0,0,8,0,8,76,130,58,1,265,22,0,22,287
05/24/2005,ROC,NY,AEA,CE,Combined TRACON& Tower with Radar,99,140,41,2,282,0,9,6,11,26,99,149,47,13,308,22,4,26,334
05/25/2005,ROC,NY,AEA,CE,Combined TRACON& Tower with Radar,101,148,36,0,285,0,4,61,9,74,101,152,97,9,359,108,10,118,477
05/26/2005,ROC,NY,AEA,CE,Combined TRACON& Tower with Radar,98,140,49,0,287,0,0,102,3,105,98,140,151,3,392,230,2,232,624
05/27/2005,ROC,NY,AEA,CE,Combined TRACON& Tower with Radar,101,146,32,0,279,0,0,60,2,62,101,146,92,2,341,120,0,120,461
05/28/2005,ROC,NY,AEA,CE,Combined TRACON& Tower with Radar,87,97,10,0,194,0,6,50,0,56,87,103,60,0,250,76,0,76,326
05/29/2005,ROC,NY,AEA,CE,Combined TRACON& Tower with Radar,64,73,30,0,167,0,1,43,0,44,64,74,73,0,211,90,0,90,301
05/30/2005,ROC,NY,AEA,CE,Combined TRACON& Tower with Radar,73,111,20,1,205,0,0,31,0,31,73,111,51,1,236,82,0,82,318
05/31/2005,ROC,NY,AEA,CE,Combined TRACON& Tower with Radar,76,131,38,0,245,0,3,52,0,55,76,134,90,0,300,86,0,86,386
06/01/2005,ROC,NY,AEA,CE,Combined TRACON& Tower with Radar,97,146,23,1,267,0,6,67,3,76,97,152,90,4,343,87,6,93,436
06/02/2005,ROC,NY,AEA,CE,Combined TRACON& Tower with Radar,100,141,53,0,294,0,1,42,0,43,100,142,95,0,337,183,0,183,520
06/03/2005,ROC,NY,AEA,CE,Combined TRACON& Tower with Radar,95,135,40,0,270,0,1,85,2,88,95,136,125,2,358,208,0,208,566
06/04/2005,ROC,NY,AEA,CE,Combined TRACON& Tower with Radar,84,96,46,0,226,0,0,28,0,28,84,96,74,0,254,154,0,154,408
06/05/2005,ROC,NY,AEA,CE,Combined TRACON& Tower with Radar,62,93,37,0,192,0,0,39,0,39,62,93,76,0,231,172,0,172,403
06/06/2005,ROC,NY,AEA,CE,Combined TRACON& Tower with Radar,67,111,47,3,228,0,0,18,0,18,67,111,65,3,246,7,0,7,253
06/07/2005,ROC,NY,AEA,CE,Combined TRACON& Tower with Radar,101,142,54,0,297,0,3,70,0,73,101,145,124,0,370,66,0,66,436
06/08/2005,ROC,NY,AEA,CE,Combined TRACON& Tower with Radar,96,153,34,3,286,0,3,62,2,67,96,156,96,5,353,47,22,69,422
06/09/2005,ROC,NY,AEA,CE,Combined TRACON& Tower with Radar,103,139,47,10,299,0,0,49,8,57,103,139,96,18,356,23,76,99,455
06/10/2005,ROC,NY,AEA,CE,Combined TRACON& Tower with Radar,92,124,33,15,264,0,1,23,11,35,92,125,56,26,299,30,40,70,369
06/11/2005,ROC,NY,AEA,CE,Combined TRACON& Tower with Radar,94,91,12,0,197,0,5,13,18,36,94,96,25,18,233,32,76,108,341
06/12/2005,ROC,NY,AEA,CE,Combined TRACON& Tower with Radar,70,81,20,5,176,0,2,23,8,33,70,83,43,13,209,46,101,147,356
06/13/2005,ROC,NY,AEA,CE,Combined TRACON& Tower with Radar,79,120,41,10,250,0,1,24,0,25,79,121,65,10,275,40,4,44,319
06/14/2005,ROC,NY,AEA,CE,Combined TRACON& Tower with Radar,102,142,47,3,294,0,0,23,5,28,102,142,70,8,322,112,0,112,434
06/15/2005,ROC,NY,AEA,CE,Combined TRACON& Tower with Radar,99,146,43,0,288,0,4,14,2,20,99,150,57,2,308,108,0,108,416
06/16/2005,ROC,NY,AEA,CE,Combined TRACON& Tower with Radar,103,133,53,3,292,0,0,2,2,4,103,133,55,5,296,84,0,84,380
06/17/2005,ROC,NY,AEA,CE,Combined TRACON& Tower with Radar,103,134,58,3,298,0,0,27,5,32,103,134,85,8,330,88,8,96,426
06/18/2005,ROC,NY,AEA,CE,Combined TRACON& Tower with Radar,90,95,40,0,225,0,2,40,0,42,90,97,80,0,267,71,0,71,338
06/19/2005,ROC,NY,AEA,CE,Combined TRACON& Tower with Radar,73,82,39,0,194,0,0,71,0,71,73,82,110,0,265,132,0,132,397
06/20/2005,ROC,NY,AEA,CE,Combined TRACON& Tower with Radar,77,128,40,0,245,0,4,85,0,89,77,132,125,0,334,270,0,270,604
06/21/2005,ROC,NY,AEA,CE,Combined TRACON& Tower with Radar,101,132,55,0,288,0,8,69,1,78,101,140,124,1,366,240,8,248,614
06/22/2005,ROC,NY,AEA,CE,Combined TRACON& Tower with Radar,102,135,52,2,291,0,5,60,11,76,102,140,112,13,367,96,36,132,499
06/23/2005,ROC,NY,AEA,CE,Combined TRACON& Tower with Radar,107,138,60,0,305,0,2,102,0,104,107,140,162,0,409,209,0,209,618
06/24/2005,ROC,NY,AEA,CE,Combined TRACON& Tower with Radar,102,142,74,0,318,0,4,72,0,76,102,146,146,0,394,184,0,184,578
06/25/2005,ROC,NY,AEA,CE,Combined TRACON& Tower with Radar,89,84,21,0,194,0,7,41,0,48,89,91,62,0,242,59,0,59,301
06/26/2005,ROC,NY,AEA,CE,Combined TRACON& Tower with Radar,64,82,24,0,170,0,2,54,0,56,64,84,78,0,226,146,0,146,372
06/27/2005,ROC,NY,AEA,CE,Combined TRACON& Tower with Radar,77,120,47,2,246,0,6,55,13,74,77,126,102,15,320,74,28,102,422
06/28/2005,ROC,NY,AEA,CE,Combined TRACON& Tower with Radar,98,129,44,4,275,0,1,49,6,56,98,130,93,10,331,210,10,220,551
06/29/2005,ROC,NY,AEA,CE,Combined TRACON& Tower with Radar,101,113,35,1,250,0,1,30,8,39,101,114,65,9,289,114,4,118,407
06/30/2005,ROC,NY,AEA,CE,Combined TRACON& Tower with Radar,106,141,40,1,288,0,3,57,7,67,106,144,97,8,355,158,8,166,521
07/01/2005,ROC,NY,AEA,CE,Combined TRACON& Tower with Radar,104,122,32,0,258,0,0,33,0,33,104,122,65,0,291,206,0,206,497
07/02/2005,ROC,NY,AEA,CE,Combined TRACON& Tower with Radar,84,88,26,0,198,0,1,70,0,71,84,89,96,0,269,108,0,108,377
07/03/2005,ROC,NY,AEA,CE,Combined TRACON& Tower with Radar,70,82,31,0,183,0,0,62,0,62,70,82,93,0,245,94,3,97,342
07/04/2005,ROC,NY,AEA,CE,Combined TRACON& Tower with Radar,66,94,19,0,179,0,0,63,0,63,66,94,82,0,242,24,0,24,266
07/05/2005,ROC,NY,AEA,CE,Combined TRACON& Tower with Radar,75,127,27,0,229,0,0,29,0,29,75,127,56,0,258,86,8,94,352
07/06/2005,ROC,NY,AEA,CE,Combined TRACON& Tower with Radar,97,133,46,2,278,0,2,34,2,38,97,135,80,4,316,76,11,87,403
07/07/2005,ROC,NY,AEA,CE,Combined TRACON& Tower with Radar,96,143,56,5,300,0,1,68,10,79,96,144,124,15,379,113,4,117,496
07/08/2005,ROC,NY,AEA,CE,Combined TRACON& Tower with Radar,97,139,44,0,280,0,1,9,2,12,97,140,53,2,292,36,2,38,330
07/09/2005,ROC,NY,AEA,CE,Combined TRACON& Tower with Radar,84,95,33,0,212,0,1,40,6,47,84,96,73,6,259,68,0,68,327
07/10/2005,ROC,NY,AEA,CE,Combined TRACON& Tower with Radar,71,96,29,0,196,0,2,82,4,88,71,98,111,4,284,170,1,171,455
07/11/2005,ROC,NY,AEA,CE,Combined TRACON& Tower with Radar,73,132,43,0,248,0,8,75,0,83,73,140,118,0,331,206,2,208,539
07/12/2005,ROC,NY,AEA,CE,Combined TRACON& Tower with Radar,98,134,56,4,292,0,2,61,6,69,98,136,117,10,361,134,8,142,503
07/13/2005,ROC,NY,AEA,CE,Combined TRACON& Tower with Radar,94,140,43,0,277,0,11,58,12,81,94,151,101,12,358,84,4,88,446
07/14/2005,ROC,NY,AEA,CE,Combined TRACON& Tower with Radar,96,149,59,0,304,0,9,43,1,53,96,158,102,1,357,144,0,144,501
07/15/2005,ROC,NY,AEA,CE,Combined TRACON& Tower with Radar,101,125,71,0,297,0,0,57,6,63,101,125,128,6,360,222,26,248,608
07/16/2005,ROC,NY,AEA,CE,Combined TRACON& Tower with Radar,90,98,25,0,213,0,1,17,0,18,90,99,42,0,231,92,7,99,330
07/17/2005,ROC,NY,AEA,CE,Combined TRACON& Tower with Radar,68,81,37,0,186,0,0,12,0,12,68,81,49,0,198,80,0,80,278
07/18/2005,ROC,NY,AEA,CE,Combined TRACON& Tower with Radar,79,133,74,0,286,0,3,26,3,32,79,136,100,3,318,126,8,134,452
07/19/2005,ROC,NY,AEA,CE,Combined TRACON& Tower with Radar,95,128,49,3,275,0,3,57,10,70,95,131,106,13,345,168,6,174,519
07/20/2005,ROC,NY,AEA,CE,Combined TRACON& Tower with Radar,99,144,46,3,292,0,8,94,5,107,99,152,140,8,399,292,23,315,714
07/21/2005,ROC,NY,AEA,CE,Combined TRACON& Tower with Radar,96,129,47,4,276,0,12,71,3,86,96,141,118,7,362,266,10,276,638
07/22/2005,ROC,NY,AEA,CE,Combined TRACON& Tower with Radar,103,143,56,1,303,0,8,58,4,70,103,151,114,5,373,126,2,128,501
07/23/2005,ROC,NY,AEA,CE,Combined TRACON& Tower with Radar,87,91,43,0,221,0,4,64,0,68,87,95,107,0,289,188,0,188,477
07/24/2005,ROC,NY,AEA,CE,Combined TRACON& Tower with Radar,71,85,38,0,194,0,0,68,0,68,71,85,106,0,262,146,0,146,408
07/25/2005,ROC,NY,AEA,CE,Combined TRACON& Tower with Radar,71,121,59,0,251,0,6,42,2,50,71,127,101,2,301,104,6,110,411
07/26/2005,ROC,NY,AEA,CE,Combined TRACON& Tower with Radar,96,133,64,0,293,0,4,22,5,31,96,137,86,5,324,123,4,127,451
07/27/2005,ROC,NY,AEA,CE,Combined TRACON& Tower with Radar,100,140,41,0,281,0,0,8,0,8,100,140,49,0,289,2,0,2,291
07/28/2005,ROC,NY,AEA,CE,Combined TRACON& Tower with Radar,99,152,72,0,323,0,4,81,7,92,99,156,153,7,415,254,12,266,681
07/29/2005,ROC,NY,AEA,CE,Combined TRACON& Tower with Radar,98,135,47,4,284,0,2,82,3,87,98,137,129,7,371,146,0,146,517
07/30/2005,ROC,NY,AEA,CE,Combined TRACON& Tower with Radar,86,94,29,0,209,0,3,69,1,73,86,97,98,1,282,168,0,168,450
07/31/2005,ROC,NY,AEA,CE,Combined TRACON& Tower with Radar,69,87,29,2,187,0,2,58,0,60,69,89,87,2,247,52,0,52,299
08/01/2005,ROC,NY,AEA,CE,Combined TRACON& Tower with Radar,81,119,41,1,242,0,2,35,0,37,81,121,76,1,279,143,12,155,434
08/02/2005,ROC,NY,AEA,CE,Combined TRACON& Tower with Radar,115,131,68,4,318,0,3,49,9,61,115,134,117,13,379,161,34,195,574
08/03/2005,ROC,NY,AEA,CE,Combined TRACON& Tower with Radar,101,119,48,2,270,0,4,59,2,65,101,123,107,4,335,118,2,120,455
08/04/2005,ROC,NY,AEA,CE,Combined TRACON& Tower with Radar,102,129,57,2,290,0,5,51,0,56,102,134,108,2,346,252,8,260,606
08/05/2005,ROC,NY,AEA,CE,Combined TRACON& Tower with Radar,105,124,30,0,259,0,5,50,2,57,105,129,80,2,316,130,1,131,447
08/06/2005,ROC,NY,AEA,CE,Combined TRACON& Tower with Radar,97,92,18,0,207,0,6,58,0,64,97,98,76,0,271,134,0,134,405
08/07/2005,ROC,NY,AEA,CE,Combined TRACON& Tower with Radar,77,93,39,0,209,0,5,61,0,66,77,98,100,0,275,194,0,194,469
08/08/2005,ROC,NY,AEA,CE,Combined TRACON& Tower with Radar,79,120,47,2,248,0,0,43,0,43,79,120,90,2,291,140,0,140,431
08/09/2005,ROC,NY,AEA,CE,Combined TRACON& Tower with Radar,103,140,49,0,292,0,8,48,4,60,103,148,97,4,352,278,38,316,668
08/10/2005,ROC,NY,AEA,CE,Combined TRACON& Tower with Radar,104,138,49,0,291,0,8,37,9,54,104,146,86,9,345,123,0,123,468
08/11/2005,ROC,NY,AEA,CE,Combined TRACON& Tower with Radar,132,115,50,1,298,0,7,43,7,57,132,122,93,8,355,230,0,230,585
08/12/2005,ROC,NY,AEA,CE,Combined TRACON& Tower with Radar,138,95,47,2,282,1,12,26,0,39,139,107,73,2,321,152,10,162,483
08/13/2005,ROC,NY,AEA,CE,Combined TRACON& Tower with Radar,121,64,30,0,215,0,2,25,4,31,121,66,55,4,246,150,2,152,398
08/14/2005,ROC,NY,AEA,CE,Combined TRACON& Tower with Radar,97,46,34,2,179,0,1,6,2,9,97,47,40,4,188,72,0,72,260
08/15/2005,ROC,NY,AEA,CE,Combined TRACON& Tower with Radar,121,82,35,2,240,0,38,66,0,104,121,120,101,2,344,194,10,204,548
08/16/2005,ROC,NY,AEA,CE,Combined TRACON& Tower with Radar,139,91,49,0,279,0,18,68,2,88,139,109,117,2,367,218,16,234,601
08/17/2005,ROC,NY,AEA,CE,Combined TRACON& Tower with Radar,146,92,38,1,277,0,17,51,7,75,146,109,89,8,352,169,6,175,527
08/18/2005,ROC,NY,AEA,CE,Combined TRACON& Tower with Radar,134,94,46,1,275,0,13,50,7,70,134,107,96,8,345,162,52,214,559
08/19/2005,ROC,NY,AEA,CE,Combined TRACON& Tower with Radar,145,99,42,1,287,0,13,14,0,27,145,112,56,1,314,116,2,118,432
08/20/2005,ROC,NY,AEA,CE,Combined TRACON& Tower with Radar,110,67,28,2,207,0,5,20,0,25,110,72,48,2,232,58,0,58,290
08/21/2005,ROC,NY,AEA,CE,Combined TRACON& Tower with Radar,101,62,32,2,197,0,4,32,1,37,101,66,64,3,234,160,0,160,394
08/22/2005,ROC,NY,AEA,CE,Combined TRACON& Tower with Radar,118,88,46,2,254,0,23,43,7,73,118,111,89,9,327,56,10,66,393
08/23/2005,ROC,NY,AEA,CE,Combined TRACON& Tower with Radar,137,100,43,0,280,0,19,60,7,86,137,119,103,7,366,184,23,207,573
08/24/2005,ROC,NY,AEA,CE,Combined TRACON& Tower with Radar,134,103,38,0,275,0,16,95,10,121,134,119,133,10,396,154,0,154,550
08/25/2005,ROC,NY,AEA,CE,Combined TRACON& Tower with Radar,137,105,51,0,293,0,15,76,0,91,137,120,127,0,384,125,31,156,540
08/26/2005,ROC,NY,AEA,CE,Combined TRACON& Tower with Radar,136,99,45,0,280,0,29,90,2,121,136,128,135,2,401,244,0,244,645
08/27/2005,ROC,NY,AEA,CE,Combined TRACON& Tower with Radar,113,61,40,0,214,0,9,48,0,57,113,70,88,0,271,126,0,126,397
08/28/2005,ROC,NY,AEA,CE,Combined TRACON& Tower with Radar,100,59,59,0,218,0,4,23,0,27,100,63,82,0,245,56,0,56,301
08/29/2005,ROC,NY,AEA,CE,Combined TRACON& Tower with Radar,114,97,43,3,257,0,17,44,6,67,114,114,87,9,324,94,16,110,434
08/30/2005,ROC,NY,AEA,CE,Combined TRACON& Tower with Radar,142,100,40,3,285,0,11,31,4,46,142,111,71,7,331,110,13,123,454
08/31/2005,ROC,NY,AEA,CE,Combined TRACON& Tower with Radar,132,98,29,2,261,0,0,0,0,0,132,98,29,2,261,0,0,0,261
09/01/2005,ROC,NY,AEA,CE,Combined TRACON& Tower with Radar,135,103,65,0,303,0,6,41,3,50,135,109,106,3,353,68,0,68,421
09/02/2005,ROC,NY,AEA,CE,Combined TRACON& Tower with Radar,133,98,38,0,269,0,22,39,2,63,133,120,77,2,332,178,36,214,546
09/03/2005,ROC,NY,AEA,CE,Combined TRACON& Tower with Radar,109,59,20,2,190,0,11,25,1,37,109,70,45,3,227,20,2,22,249
09/04/2005,ROC,NY,AEA,CE,Combined TRACON& Tower with Radar,90,47,35,0,172,0,5,27,1,33,90,52,62,1,205,38,0,38,243
09/05/2005,ROC,NY,AEA,CE,Combined TRACON& Tower with Radar,106,62,17,0,185,0,6,64,0,70,106,68,81,0,255,102,0,102,357
09/06/2005,ROC,NY,AEA,CE,Combined TRACON& Tower with Radar,92,114,45,0,251,0,21,38,0,59,92,135,83,0,310,188,0,188,498
09/07/2005,ROC,NY,AEA,CE,Combined TRACON& Tower with Radar,100,129,45,0,274,0,16,63,0,79,100,145,108,0,353,184,0,184,537
09/08/2005,ROC,NY,AEA,CE,Combined TRACON& Tower with Radar,97,142,70,0,309,0,16,27,1,44,97,158,97,1,353,190,10,200,553
09/09/2005,ROC,NY,AEA,CE,Combined TRACON& Tower with Radar,96,128,57,0,281,0,5,39,0,44,96,133,96,0,325,144,2,146,471
09/10/2005,ROC,NY,AEA,CE,Combined TRACON& Tower with Radar,81,83,33,1,198,0,9,49,3,61,81,92,82,4,259,91,0,91,350
09/11/2005,ROC,NY,AEA,CE,Combined TRACON& Tower with Radar,78,82,31,2,193,0,0,0,0,0,78,82,31,2,193,157,0,157,350
09/12/2005,ROC,NY,AEA,CE,Combined TRACON& Tower with Radar,72,127,46,0,245,0,11,44,1,56,72,138,90,1,301,168,0,168,469
09/13/2005,ROC,NY,AEA,CE,Combined TRACON& Tower with Radar,95,137,54,0,286,0,30,61,0,91,95,167,115,0,377,166,10,176,553
09/14/2005,ROC,NY,AEA,CE,Combined TRACON& Tower with Radar,94,129,53,2,278,0,20,27,1,48,94,149,80,3,326,112,0,112,438
09/15/2005,ROC,NY,AEA,CE,Combined TRACON& Tower with Radar,91,131,56,4,282,0,11,27,1,39,91,142,83,5,321,62,8,70,391
09/16/2005,ROC,NY,AEA,CE,Combined TRACON& Tower with Radar,95,133,42,0,270,0,3,0,0,3,95,136,42,0,273,0,0,0,273
09/17/2005,ROC,NY,AEA,CE,Combined TRACON& Tower with Radar,80,98,46,0,224,0,4,4,0,8,80,102,50,0,232,28,0,28,260
09/18/2005,ROC,NY,AEA,CE,Combined TRACON& Tower with Radar,73,87,32,0,192,0,6,27,0,33,73,93,59,0,225,52,0,52,277
09/19/2005,ROC,NY,AEA,CE,Combined TRACON& Tower with Radar,73,122,48,0,243,0,8,44,0,52,73,130,92,0,295,96,0,96,391
09/20/2005,ROC,NY,AEA,CE,Combined TRACON& Tower with Radar,96,137,29,0,262,0,8,9,0,17,96,145,38,0,279,4,0,4,283
09/21/2005,ROC,NY,AEA,CE,Combined TRACON& Tower with Radar,96,142,48,0,286,0,24,60,0,84,96,166,108,0,370,176,7,183,553
09/22/2005,ROC,NY,AEA,CE,Combined TRACON& Tower with Radar,96,139,50,0,285,0,14,59,3,76,96,153,109,3,361,170,10,180,541
09/23/2005,ROC,NY,AEA,CE,Combined TRACON& Tower with Radar,93,137,51,2,283,0,3,29,0,32,93,140,80,2,315,112,0,112,427
09/24/2005,ROC,NY,AEA,CE,Combined TRACON& Tower with Radar,83,87,28,0,198,0,6,57,0,63,83,93,85,0,261,22,0,22,283
09/25/2005,ROC,NY,AEA,CE,Combined TRACON& Tower with Radar,69,86,35,4,194,0,11,12,0,23,69,97,47,4,217,2,0,2,219
09/26/2005,ROC,NY,AEA,CE,Combined TRACON& Tower with Radar,73,122,39,0,234,0,5,0,0,5,73,127,39,0,239,38,0,38,277
09/27/2005,ROC,NY,AEA,CE,Combined TRACON& Tower with Radar,94,137,49,1,281,0,15,55,0,70,94,152,104,1,351,127,0,127,478
09/28/2005,ROC,NY,AEA,CE,Combined TRACON& Tower with Radar,93,136,45,2,276,0,11,45,5,61,93,147,90,7,337,134,4,138,475
09/29/2005,ROC,NY,AEA,CE,Combined TRACON& Tower with Radar,93,132,41,0,266,0,4,3,0,7,93,136,44,0,273,54,0,54,327
09/30/2005,ROC,NY,AEA,CE,Combined TRACON& Tower with Radar,93,143,55,1,292,0,14,65,3,82,93,157,120,4,374,119,0,119,493
10/01/2005,ROC,NY,AEA,CE,Combined TRACON& Tower with Radar,87,86,43,1,217,0,15,75,1,91,87,101,118,2,308,208,4,212,520
10/02/2005,ROC,NY,AEA,CE,Combined TRACON& Tower with Radar,68,87,53,0,208,0,4,80,0,84,68,91,133,0,292,184,4,188,480
10/03/2005,ROC,NY,AEA,CE,Combined TRACON& Tower with Radar,77,124,36,0,237,0,19,43,0,62,77,143,79,0,299,192,2,194,493
10/04/2005,ROC,NY,AEA,CE,Combined TRACON& Tower with Radar,96,131,48,2,277,0,16,55,3,74,96,147,103,5,351,222,4,226,577
10/05/2005,ROC,NY,AEA,CE,Combined TRACON& Tower with Radar,97,143,23,0,263,0,5,66,10,81,97,148,89,10,344,118,10,128,472
10/06/2005,ROC,NY,AEA,CE,Combined TRACON& Tower with Radar,95,141,72,0,308,0,8,34,13,55,95,149,106,13,363,30,6,36,399
10/07/2005,ROC,NY,AEA,CE,Combined TRACON& Tower with Radar,93,137,48,0,278,0,3,3,2,8,93,140,51,2,286,0,2,2,288
10/08/2005,ROC,NY,AEA,CE,Combined TRACON& Tower with Radar,88,94,34,0,216,0,2,3,0,5,88,96,37,0,221,0,2,2,223
10/09/2005,ROC,NY,AEA,CE,Combined TRACON& Tower with Radar,74,89,48,0,211,0,2,0,0,2,74,91,48,0,213,12,0,12,225
10/10/2005,ROC,NY,AEA,CE,Combined TRACON& Tower with Radar,73,122,36,0,231,0,0,0,0,0,73,122,36,0,231,0,0,0,231
10/11/2005,ROC,NY,AEA,CE,Combined TRACON& Tower with Radar,93,127,55,0,275,0,0,0,0,0,93,127,55,0,275,0,0,0,275
10/12/2005,ROC,NY,AEA,CE,Combined TRACON& Tower with Radar,95,126,42,2,265,0,0,0,0,0,95,126,42,2,265,0,0,0,265
10/13/2005,ROC,NY,AEA,CE,Combined TRACON& Tower with Radar,94,131,80,6,311,0,0,9,8,17,94,131,89,14,328,140,14,154,482
10/14/2005,ROC,NY,AEA,CE,Combined TRACON& Tower with Radar,98,125,39,0,262,0,3,4,5,12,98,128,43,5,274,6,0,6,280
10/15/2005,ROC,NY,AEA,CE,Combined TRACON& Tower with Radar,84,101,23,3,211,0,5,5,1,11,84,106,28,4,222,30,16,46,268
10/16/2005,ROC,NY,AEA,CE,Combined TRACON& Tower with Radar,72,85,45,0,202,0,2,7,0,9,72,87,52,0,211,0,0,0,211
10/17/2005,ROC,NY,AEA,CE,Combined TRACON& Tower with Radar,76,125,42,5,248,0,11,21,0,32,76,136,63,5,280,36,0,36,316
10/18/2005,ROC,NY,AEA,CE,Combined TRACON& Tower with Radar,95,132,40,1,268,0,11,14,4,29,95,143,54,5,297,116,0,116,413
10/19/2005,ROC,NY,AEA,CE,Combined TRACON& Tower with Radar,96,139,53,2,290,0,8,26,1,35,96,147,79,3,325,22,14,36,361
10/20/2005,ROC,NY,AEA,CE,Combined TRACON& Tower with Radar,94,134,50,0,278,0,9,73,5,87,94,143,123,5,365,202,10,212,577
10/21/2005,ROC,NY,AEA,CE,Combined TRACON& Tower with Radar,94,133,66,2,295,0,11,83,0,94,94,144,149,2,389,232,2,234,623
10/22/2005,ROC,NY,AEA,CE,Combined TRACON& Tower with Radar,83,94,21,1,199,0,0,15,0,15,83,94,36,1,214,6,0,6,220
10/23/2005,ROC,NY,AEA,CE,Combined TRACON& Tower with Radar,72,99,50,2,223,0,4,0,0,4,72,103,50,2,227,14,0,14,241
10/24/2005,ROC,NY,AEA,CE,Combined TRACON& Tower with Radar,73,134,50,0,257,0,6,8,0,14,73,140,58,0,271,30,0,30,301
10/25/2005,ROC,NY,AEA,CE,Combined TRACON& Tower with Radar,95,127,31,0,253,0,0,0,0,0,95,127,31,0,253,0,0,0,253
10/26/2005,ROC,NY,AEA,CE,Combined TRACON& Tower with Radar,97,138,25,0,260,0,12,6,0,18,97,150,31,0,278,52,0,52,330
10/27/2005,ROC,NY,AEA,CE,Combined TRACON& Tower with Radar,93,146,46,3,288,0,4,13,2,19,93,150,59,5,307,40,4,44,351
10/28/2005,ROC,NY,AEA,CE,Combined TRACON& Tower with Radar,94,146,54,2,296,0,8,30,5,43,94,154,84,7,339,144,16,160,499
10/29/2005,ROC,NY,AEA,CE,Combined TRACON& Tower with Radar,82,87,38,0,207,0,6,66,1,73,82,93,104,1,280,124,0,124,404
10/30/2005,ROC,NY,AEA,CE,Combined TRACON& Tower with Radar,68,92,38,0,198,0,9,68,2,79,68,101,106,2,277,136,0,136,413
10/31/2005,ROC,NY,AEA,CE,Combined TRACON& Tower with Radar,67,122,26,1,216,0,11,40,0,51,67,133,66,1,267,0,0,0,267
11/01/2005,ROC,NY,AEA,CE,Combined TRACON& Tower with Radar,87,133,31,0,251,0,11,17,0,28,87,144,48,0,279,6,0,6,285
11/02/2005,ROC,NY,AEA,CE,Combined TRACON& Tower with Radar,90,133,44,0,267,0,9,58,2,69,90,142,102,2,336,146,14,160,496
11/03/2005,ROC,NY,AEA,CE,Combined TRACON& Tower with Radar,88,138,36,0,262,0,9,11,0,20,88,147,47,0,282,4,0,4,286
11/04/2005,ROC,NY,AEA,CE,Combined TRACON& Tower with Radar,81,122,36,1,240,0,6,59,4,69,81,128,95,5,309,142,2,144,453
11/05/2005,ROC,NY,AEA,CE,Combined TRACON& Tower with Radar,78,92,34,3,207,0,8,36,0,44,78,100,70,3,251,216,30,246,497
11/06/2005,ROC,NY,AEA,CE,Combined TRACON& Tower with Radar,62,87,24,0,173,0,2,3,1,6,62,89,27,1,179,0,0,0,179
11/07/2005,ROC,NY,AEA,CE,Combined TRACON& Tower with Radar,76,135,40,1,252,0,10,24,2,36,76,145,64,3,288,74,8,82,370
11/08/2005,ROC,NY,AEA,CE,Combined TRACON& Tower with Radar,92,136,49,0,277,0,9,52,8,69,92,145,101,8,346,180,0,180,526
11/09/2005,ROC,NY,AEA,CE,Combined TRACON& Tower with Radar,89,146,23,0,258,0,6,1,2,9,89,152,24,2,267,2,2,4,271
11/10/2005,ROC,NY,AEA,CE,Combined TRACON& Tower with Radar,91,151,52,1,295,0,4,9,0,13,91,155,61,1,308,10,0,10,318
11/11/2005,ROC,NY,AEA,CE,Combined TRACON& Tower with Radar,87,138,50,0,275,0,13,40,0,53,87,151,90,0,328,82,0,82,410
11/12/2005,ROC,NY,AEA,CE,Combined TRACON& Tower with Radar,75,91,30,0,196,0,9,102,1,112,75,100,132,1,308,208,0,208,516
11/13/2005,ROC,NY,AEA,CE,Combined TRACON& Tower with Radar,66,93,30,2,191,0,6,16,0,22,66,99,46,2,213,100,0,100,313
11/14/2005,ROC,NY,AEA,CE,Combined TRACON& Tower with Radar,73,132,46,4,255,0,16,39,13,68,73,148,85,17,323,222,24,246,569
11/15/2005,ROC,NY,AEA,CE,Combined TRACON& Tower with Radar,86,138,31,5,260,0,7,9,7,23,86,145,40,12,283,54,39,93,376
11/16/2005,ROC,NY,AEA,CE,Combined TRACON& Tower with Radar,89,136,31,1,257,0,4,2,12,18,89,140,33,13,275,0,22,22,297
11/17/2005,ROC,NY,AEA,CE,Combined TRACON& Tower with Radar,89,145,52,3,289,0,9,12,8,29,89,154,64,11,318,24,19,43,361
11/18/2005,ROC,NY,AEA,CE,Combined TRACON& Tower with Radar,89,138,44,2,273,0,12,32,2,46,89,150,76,4,319,148,1,149,468
11/19/2005,ROC,NY,AEA,CE,Combined TRACON& Tower with Radar,82,87,48,0,217,0,17,36,0,53,82,104,84,0,270,102,0,102,372
11/20/2005,ROC,NY,AEA,CE,Combined TRACON& Tower with Radar,63,93,42,2,200,0,9,53,2,64,63,102,95,4,264,119,0,119,383
11/21/2005,ROC,NY,AEA,CE,Combined TRACON& Tower with Radar,72,130,39,0,241,0,11,28,0,39,72,141,67,0,280,73,0,73,353
11/22/2005,ROC,NY,AEA,CE,Combined TRACON& Tower with Radar,91,129,18,3,241,0,0,5,9,14,91,129,23,12,255,98,44,142,397
11/23/2005,ROC,NY,AEA,CE,Combined TRACON& Tower with Radar,95,144,39,0,278,0,12,23,4,39,95,156,62,4,317,82,12,94,411
11/24/2005,ROC,NY,AEA,CE,Combined TRACON& Tower with Radar,83,87,1,0,171,0,0,0,0,0,83,87,1,0,171,0,0,0,171
11/25/2005,ROC,NY,AEA,CE,Combined TRACON& Tower with Radar,67,91,3,0,161,0,2,14,0,16,67,93,17,0,177,54,0,54,231
11/26/2005,ROC,NY,AEA,CE,Combined TRACON& Tower with Radar,78,94,18,0,190,0,1,7,0,8,78,95,25,0,198,38,0,38,236
11/27/2005,ROC,NY,AEA,CE,Combined TRACON& Tower with Radar,69,104,35,0,208,0,8,36,0,44,69,112,71,0,252,36,0,36,288
11/28/2005,ROC,NY,AEA,CE,Combined TRACON& Tower with Radar,71,133,32,2,238,0,10,9,0,19,71,143,41,2,257,14,0,14,271
11/29/2005,ROC,NY,AEA,CE,Combined TRACON& Tower with Radar,94,139,36,0,269,0,0,0,0,0,94,139,36,0,269,0,0,0,269
11/30/2005,ROC,NY,AEA,CE,Combined TRACON& Tower with Radar,87,141,34,6,268,0,0,5,6,11,87,141,39,12,279,24,28,52,331
12/01/2005,ROC,NY,AEA,CE,Combined TRACON& Tower with Radar,82,147,39,1,269,0,5,3,6,14,82,152,42,7,283,130,32,162,445
12/02/2005,ROC,NY,AEA,CE,Combined TRACON& Tower with Radar,80,144,43,2,269,0,9,3,0,12,80,153,46,2,281,0,0,0,281
12/03/2005,ROC,NY,AEA,CE,Combined TRACON& Tower with Radar,68,103,13,0,184,0,3,9,0,12,68,106,22,0,196,30,0,30,226
12/04/2005,ROC,NY,AEA,CE,Combined TRACON& Tower with Radar,49,97,16,2,164,0,0,2,0,2,49,97,18,2,166,0,0,0,166
12/05/2005,ROC,NY,AEA,CE,Combined TRACON& Tower with Radar,64,129,46,0,239,0,9,21,2,32,64,138,67,2,271,68,6,74,345
12/06/2005,ROC,NY,AEA,CE,Combined TRACON& Tower with Radar,86,146,31,0,263,0,7,3,10,20,86,153,34,10,283,88,26,114,397
12/07/2005,ROC,NY,AEA,CE,Combined TRACON& Tower with Radar,82,150,40,1,273,0,0,5,2,7,82,150,45,3,280,62,2,64,344
12/08/2005,ROC,NY,AEA,CE,Combined TRACON& Tower with Radar,82,135,59,1,277,0,10,48,1,59,82,145,107,2,336,81,0,81,417
12/09/2005,ROC,NY,AEA,CE,Combined TRACON& Tower with Radar,73,126,29,0,228,0,2,0,1,3,73,128,29,1,231,0,0,0,231
12/10/2005,ROC,NY,AEA,CE,Combined TRACON& Tower with Radar,72,93,27,1,193,0,12,10,4,26,72,105,37,5,219,46,0,46,265
12/11/2005,ROC,NY,AEA,CE,Combined TRACON& Tower with Radar,60,96,40,0,196,0,4,3,0,7,60,100,43,0,203,30,0,30,233
12/12/2005,ROC,NY,AEA,CE,Combined TRACON& Tower with Radar,64,137,52,0,253,0,6,6,0,12,64,143,58,0,265,18,0,18,283
12/13/2005,ROC,NY,AEA,CE,Combined TRACON& Tower with Radar,83,148,73,2,306,0,13,32,2,47,83,161,105,4,353,104,8,112,465
12/14/2005,ROC,NY,AEA,CE,Combined TRACON& Tower with Radar,76,146,67,4,293,0,4,49,5,58,76,150,116,9,351,148,0,148,499
12/15/2005,ROC,NY,AEA,CE,Combined TRACON& Tower with Radar,84,110,33,0,227,0,5,14,3,22,84,115,47,3,249,0,0,0,249
12/16/2005,ROC,NY,AEA,CE,Combined TRACON& Tower with Radar,86,121,35,0,242,0,2,0,0,2,86,123,35,0,244,0,0,0,244
12/17/2005,ROC,NY,AEA,CE,Combined TRACON& Tower with Radar,80,109,23,0,212,0,4,2,0,6,80,113,25,0,218,0,0,0,218
12/18/2005,ROC,NY,AEA,CE,Combined TRACON& Tower with Radar,64,92,27,0,183,0,5,1,0,6,64,97,28,0,189,0,0,0,189
12/19/2005,ROC,NY,AEA,CE,Combined TRACON& Tower with Radar,63,136,43,2,244,0,5,7,4,16,63,141,50,6,260,10,4,14,274
12/20/2005,ROC,NY,AEA,CE,Combined TRACON& Tower with Radar,82,135,38,0,255,0,0,1,1,2,82,135,39,1,257,0,0,0,257
12/21/2005,ROC,NY,AEA,CE,Combined TRACON& Tower with Radar,91,145,30,3,269,0,4,3,7,14,91,149,33,10,283,20,0,20,303
12/22/2005,ROC,NY,AEA,CE,Combined TRACON& Tower with Radar,84,138,38,0,260,0,9,8,0,17,84,147,46,0,277,0,0,0,277
12/23/2005,ROC,NY,AEA,CE,Combined TRACON& Tower with Radar,94,149,24,0,267,0,2,11,0,13,94,151,35,0,280,130,0,130,410
12/24/2005,ROC,NY,AEA,CE,Combined TRACON& Tower with Radar,73,99,12,0,184,0,2,12,0,14,73,101,24,0,198,8,0,8,206
12/25/2005,ROC,NY,AEA,CE,Combined TRACON& Tower with Radar,43,86,3,0,132,0,4,4,0,8,43,90,7,0,140,0,0,0,140
12/26/2005,ROC,NY,AEA,CE,Combined TRACON& Tower with Radar,63,119,12,0,194,0,0,0,0,0,63,119,12,0,194,0,0,0,194
12/27/2005,ROC,NY,AEA,CE,Combined TRACON& Tower with Radar,66,121,21,0,208,0,4,11,0,15,66,125,32,0,223,98,0,98,321
12/28/2005,ROC,NY,AEA,CE,Combined TRACON& Tower with Radar,81,139,24,0,244,0,9,16,0,25,81,148,40,0,269,82,0,82,351
12/29/2005,ROC,NY,AEA,CE,Combined TRACON& Tower with Radar,81,123,10,0,214,0,4,0,0,4,81,127,10,0,218,16,0,16,234
12/30/2005,ROC,NY,AEA,CE,Combined TRACON& Tower with Radar,83,138,10,0,231,0,0,0,0,0,83,138,10,0,231,0,0,0,231
12/31/2005,ROC,NY,AEA,CE,Combined TRACON& Tower with Radar,75,85,1,0,161,0,6,0,0,6,75,91,1,0,167,0,0,0,167
01/01/2006,ROC,NY,AEA,CE,Combined TRACON& Tower with Radar,54,88,6,0,148,0,0,0,0,0,54,88,6,0,148,0,0,0,148
01/02/2006,ROC,NY,AEA,CE,Combined TRACON& Tower with Radar,54,118,31,0,203,0,0,5,0,5,54,118,36,0,208,0,0,0,208
01/03/2006,ROC,NY,AEA,CE,Combined TRACON& Tower with Radar,66,118,24,3,211,0,0,0,10,10,66,118,24,13,221,0,0,0,221
01/04/2006,ROC,NY,AEA,CE,Combined TRACON& Tower with Radar,80,135,35,0,250,0,4,9,3,16,80,139,44,3,266,108,0,108,374
01/05/2006,ROC,NY,AEA,CE,Combined TRACON& Tower with Radar,80,132,25,0,237,0,0,2,0,2,80,132,27,0,239,0,0,0,239
01/06/2006,ROC,NY,AEA,CE,Combined TRACON& Tower with Radar,77,130,27,0,234,0,6,0,4,10,77,136,27,4,244,0,0,0,244
01/07/2006,ROC,NY,AEA,CE,Combined TRACON& Tower with Radar,70,82,30,6,188,0,4,11,16,31,70,86,41,22,219,88,28,116,335
01/08/2006,ROC,NY,AEA,CE,Combined TRACON& Tower with Radar,55,91,37,0,183,0,4,26,1,31,55,95,63,1,214,54,0,54,268
01/09/2006,ROC,NY,AEA,CE,Combined TRACON& Tower with Radar,56,129,33,0,218,0,2,1,3,6,56,131,34,3,224,18,10,28,252
01/10/2006,ROC,NY,AEA,CE,Combined TRACON& Tower with Radar,71,131,53,5,260,0,7,36,6,49,71,138,89,11,309,164,18,182,491
01/11/2006,ROC,NY,AEA,CE,Combined TRACON& Tower with Radar,66,130,42,0,238,0,9,29,0,38,66,139,71,0,276,98,24,122,398
01/12/2006,ROC,NY,AEA,CE,Combined TRACON& Tower with Radar,76,134,56,2,268,0,11,78,7,96,76,145,134,9,364,132,0,132,496
01/13/2006,ROC,NY,AEA,CE,Combined TRACON& Tower with Radar,68,116,26,2,212,0,8,38,0,46,68,124,64,2,258,58,2,60,318
01/14/2006,ROC,NY,AEA,CE,Combined TRACON& Tower with Radar,68,116,26,2,212,0,8,38,0,46,68,124,64,2,258,0,0,0,258
01/15/2006,ROC,NY,AEA,CE,Combined TRACON& Tower with Radar,51,88,26,0,165,0,6,2,0,8,51,94,28,0,173,4,0,4,177
01/16/2006,ROC,NY,AEA,CE,Combined TRACON& Tower with Radar,51,120,35,0,206,0,6,15,0,21,51,126,50,0,227,48,0,48,275
01/17/2006,ROC,NY,AEA,CE,Combined TRACON& Tower with Radar,65,127,40,0,232,0,7,10,0,17,65,134,50,0,249,55,12,67,316
01/18/2006,ROC,NY,AEA,CE,Combined TRACON& Tower with Radar,76,114,25,1,216,0,4,2,1,7,76,118,27,2,223,6,0,6,229
01/19/2006,ROC,NY,AEA,CE,Combined TRACON& Tower with Radar,74,133,42,2,251,0,7,39,4,50,74,140,81,6,301,94,2,96,397
01/20/2006,ROC,NY,AEA,CE,Combined TRACON& Tower with Radar,74,139,45,1,259,0,14,19,1,34,74,153,64,2,293,26,0,26,319
01/21/2006,ROC,NY,AEA,CE,Combined TRACON& Tower with Radar,57,97,18,2,174,0,0,0,0,0,57,97,18,2,174,24,0,24,198
01/22/2006,ROC,NY,AEA,CE,Combined TRACON& Tower with Radar,49,90,33,2,174,0,10,72,0,82,49,100,105,2,256,132,0,132,388
01/23/2006,ROC,NY,AEA,CE,Combined TRACON& Tower with Radar,51,112,43,0,206,0,0,18,2,20,51,112,61,2,226,212,4,216,442
01/24/2006,ROC,NY,AEA,CE,Combined TRACON& Tower with Radar,70,139,29,0,238,0,7,16,2,25,70,146,45,2,263,42,0,42,305
01/25/2006,ROC,NY,AEA,CE,Combined TRACON& Tower with Radar,69,125,23,3,220,0,0,0,0,0,69,125,23,3,220,0,18,18,238
01/26/2006,ROC,NY,AEA,CE,Combined TRACON& Tower with Radar,74,132,40,3,249,0,1,6,3,10,74,133,46,6,259,14,18,32,291
01/27/2006,ROC,NY,AEA,CE,Combined TRACON& Tower with Radar,73,134,42,2,251,0,4,38,4,46,73,138,80,6,297,186,0,186,483
01/28/2006,ROC,NY,AEA,CE,Combined TRACON& Tower with Radar,58,90,40,0,188,0,4,53,0,57,58,94,93,0,245,158,0,158,403
01/29/2006,ROC,NY,AEA,CE,Combined TRACON& Tower with Radar,49,83,39,0,171,0,8,6,0,14,49,91,45,0,185,16,0,16,201
01/30/2006,ROC,NY,AEA,CE,Combined TRACON& Tower with Radar,55,126,32,0,213,0,9,26,0,35,55,135,58,0,248,104,0,104,352
01/31/2006,ROC,NY,AEA,CE,Combined TRACON& Tower with Radar,70,129,32,1,232,0,8,3,13,24,70,137,35,14,256,48,28,76,332
02/01/2006,ROC,NY,AEA,CE,Combined TRACON& Tower with Radar,74,130,31,0,235,0,8,24,6,38,74,138,55,6,273,56,0,56,329
02/02/2006,ROC,NY,AEA,CE,Combined TRACON& Tower with Radar,72,129,33,0,234,0,4,33,5,42,72,133,66,5,276,80,15,95,371
02/03/2006,ROC,NY,AEA,CE,Combined TRACON& Tower with Radar,71,134,40,0,245,0,6,0,2,8,71,140,40,2,253,2,0,2,255
02/04/2006,ROC,NY,AEA,CE,Combined TRACON& Tower with Radar,66,97,38,0,201,0,8,17,0,25,66,105,55,0,226,22,0,22,248
02/05/2006,ROC,NY,AEA,CE,Combined TRACON& Tower with Radar,53,86,16,0,155,0,0,0,0,0,53,86,16,0,155,0,0,0,155
02/06/2006,ROC,NY,AEA,CE,Combined TRACON& Tower with Radar,59,117,39,0,215,0,2,1,0,3,59,119,40,0,218,0,0,0,218
02/07/2006,ROC,NY,AEA,CE,Combined TRACON& Tower with Radar,73,135,25,0,233,0,5,0,4,9,73,140,25,4,242,0,0,0,242
02/08/2006,ROC,NY,AEA,CE,Combined TRACON& Tower with Radar,71,133,33,0,237,0,0,9,3,12,71,133,42,3,249,10,0,10,259
02/09/2006,ROC,NY,AEA,CE,Combined TRACON& Tower with Radar,78,135,24,1,238,0,4,6,3,13,78,139,30,4,251,8,8,16,267
02/10/2006,ROC,NY,AEA,CE,Combined TRACON& Tower with Radar,77,134,29,0,240,0,0,0,0,0,77,134,29,0,240,0,0,0,240
02/11/2006,ROC,NY,AEA,CE,Combined TRACON& Tower with Radar,68,80,22,0,170,0,2,10,6,18,68,82,32,6,188,64,0,64,252
02/12/2006,ROC,NY,AEA,CE,Combined TRACON& Tower with Radar,48,54,9,0,111,0,4,2,1,7,48,58,11,1,118,24,4,28,146
02/13/2006,ROC,NY,AEA,CE,Combined TRACON& Tower with Radar,51,101,37,0,189,0,8,9,5,22,51,109,46,5,211,10,0,10,221
02/14/2006,ROC,NY,AEA,CE,Combined TRACON& Tower with Radar,78,136,38,0,252,0,5,1,6,12,78,141,39,6,264,0,0,0,264
02/15/2006,ROC,NY,AEA,CE,Combined TRACON& Tower with Radar,76,127,33,4,240,0,5,41,9,55,76,132,74,13,295,100,0,100,395
02/16/2006,ROC,NY,AEA,CE,Combined TRACON& Tower with Radar,81,121,44,4,250,0,7,2,3,12,81,128,46,7,262,14,12,26,288
02/17/2006,ROC,NY,AEA,CE,Combined TRACON& Tower with Radar,80,119,31,0,230,0,2,1,0,3,80,121,32,0,233,0,0,0,233
02/18/2006,ROC,NY,AEA,CE,Combined TRACON& Tower with Radar,77,92,20,0,189,0,0,0,0,0,77,92,20,0,189,0,0,0,189
02/19/2006,ROC,NY,AEA,CE,Combined TRACON& Tower with Radar,64,85,15,0,164,0,0,11,0,11,64,85,26,0,175,12,0,12,187
02/20/2006,ROC,NY,AEA,CE,Combined TRACON& Tower with Radar,65,119,35,0,219,0,0,25,0,25,65,119,60,0,244,48,0,48,292
02/21/2006,ROC,NY,AEA,CE,Combined TRACON& Tower with Radar,77,131,53,0,261,0,3,5,3,11,77,134,58,3,272,4,16,20,292
02/22/2006,ROC,NY,AEA,CE,Combined TRACON& Tower with Radar,84,141,29,0,254,0,6,39,12,57,84,147,68,12,311,88,6,94,405
02/23/2006,ROC,NY,AEA,CE,Combined TRACON& Tower with Radar,82,122,41,5,250,0,8,10,6,24,82,130,51,11,274,82,4,86,360
02/24/2006,ROC,NY,AEA,CE,Combined TRACON& Tower with Radar,86,131,34,2,253,0,8,12,0,20,86,139,46,2,273,10,0,10,283
02/25/2006,ROC,NY,AEA,CE,Combined TRACON& Tower with Radar,73,93,14,0,180,0,0,3,0,3,73,93,17,0,183,10,0,10,193
02/26/2006,ROC,NY,AEA,CE,Combined TRACON& Tower with Radar,63,86,21,2,172,0,4,2,0,6,63,90,23,2,178,0,0,0,178
02/27/2006,ROC,NY,AEA,CE,Combined TRACON& Tower with Radar,68,126,24,0,218,0,2,19,2,23,68,128,43,2,241,43,50,93,334
02/28/2006,ROC,NY,AEA,CE,Combined TRACON& Tower with Radar,83,124,31,0,238,0,2,2,7,11,83,126,33,7,249,16,14,30,279
03/01/2006,ROC,NY,AEA,CE,Combined TRACON& Tower with Radar,82,128,28,0,238,0,13,40,7,60,82,141,68,7,298,82,0,82,380
03/02/2006,ROC,NY,AEA,CE,Combined TRACON& Tower with Radar,86,122,28,0,236,0,14,11,3,28,86,136,39,3,264,126,22,148,412
03/03/2006,ROC,NY,AEA,CE,Combined TRACON& Tower with Radar,82,128,30,2,242,0,13,3,2,18,82,141,33,4,260,69,0,69,329
03/04/2006,ROC,NY,AEA,CE,Combined TRACON& Tower with Radar,77,88,26,0,191,0,2,13,1,16,77,90,39,1,207,34,0,34,241
03/05/2006,ROC,NY,AEA,CE,Combined TRACON& Tower with Radar,59,83,42,2,186,0,4,50,3,57,59,87,92,5,243,94,0,94,337
03/06/2006,ROC,NY,AEA,CE,Combined TRACON& Tower with Radar,65,123,55,1,244,0,20,38,3,61,65,143,93,4,305,50,44,94,399
03/07/2006,ROC,NY,AEA,CE,Combined TRACON& Tower with Radar,80,132,38,1,251,0,17,39,13,69,80,149,77,14,320,88,34,122,442
03/08/2006,ROC,NY,AEA,CE,Combined TRACON& Tower with Radar,82,132,30,3,247,0,12,53,10,75,82,144,83,13,322,112,36,148,470
03/09/2006,ROC,NY,AEA,CE,Combined TRACON& Tower with Radar,84,136,43,0,263,0,6,8,16,30,84,142,51,16,293,18,4,22,315
03/10/2006,ROC,NY,AEA,CE,Combined TRACON& Tower with Radar,86,129,37,3,255,0,6,4,4,14,86,135,41,7,269,106,26,132,401
03/11/2006,ROC,NY,AEA,CE,Combined TRACON& Tower with Radar,73,94,43,1,211,0,12,88,22,122,73,106,131,23,333,0,0,0,333
03/12/2006,ROC,NY,AEA,CE,Combined TRACON& Tower with Radar,59,87,37,0,183,0,0,2,0,2,59,87,39,0,185,12,0,12,197
03/13/2006,ROC,NY,AEA,CE,Combined TRACON& Tower with Radar,67,106,39,0,212,0,0,1,0,1,67,106,40,0,213,0,0,0,213
03/14/2006,ROC,NY,AEA,CE,Combined TRACON& Tower with Radar,86,127,29,0,242,0,0,3,0,3,86,127,32,0,245,0,0,0,245
03/15/2006,ROC,NY,AEA,CE,Combined TRACON& Tower with Radar,83,126,26,0,235,0,2,0,5,7,83,128,26,5,242,0,4,4,246
03/16/2006,ROC,NY,AEA,CE,Combined TRACON& Tower with Radar,84,143,40,0,267,0,7,29,9,45,84,150,69,9,312,101,2,103,415
03/17/2006,ROC,NY,AEA,CE,Combined TRACON& Tower with Radar,84,137,48,1,270,0,7,49,6,62,84,144,97,7,332,114,9,123,455
03/18/2006,ROC,NY,AEA,CE,Combined TRACON& Tower with Radar,76,90,26,0,192,0,11,20,0,31,76,101,46,0,223,94,0,94,317
03/19/2006,ROC,NY,AEA,CE,Combined TRACON& Tower with Radar,61,103,19,0,183,0,8,7,0,15,61,111,26,0,198,2,0,2,200
03/20/2006,ROC,NY,AEA,CE,Combined TRACON& Tower with Radar,67,117,34,0,218,0,3,20,2,25,67,120,54,2,243,0,0,0,243
03/21/2006,ROC,NY,AEA,CE,Combined TRACON& Tower with Radar,83,130,41,6,260,0,10,69,8,87,83,140,110,14,347,176,0,176,523
03/22/2006,ROC,NY,AEA,CE,Combined TRACON& Tower with Radar,80,133,28,0,241,0,0,3,18,21,80,133,31,18,262,0,0,0,262
03/23/2006,ROC,NY,AEA,CE,Combined TRACON& Tower with Radar,83,139,55,0,277,0,12,30,5,47,83,151,85,5,324,92,0,92,416
03/24/2006,ROC,NY,AEA,CE,Combined TRACON& Tower with Radar,83,128,37,0,248,0,22,44,4,70,83,150,81,4,318,196,8,204,522
03/25/2006,ROC,NY,AEA,CE,Combined TRACON& Tower with Radar,77,92,14,0,183,0,7,2,0,9,77,99,16,0,192,18,0,18,210
03/26/2006,ROC,NY,AEA,CE,Combined TRACON& Tower with Radar,58,85,27,0,170,0,8,39,0,47,58,93,66,0,217,56,0,56,273
03/27/2006,ROC,NY,AEA,CE,Combined TRACON& Tower with Radar,68,124,27,0,219,0,12,54,0,66,68,136,81,0,285,82,0,82,367
03/28/2006,ROC,NY,AEA,CE,Combined TRACON& Tower with Radar,83,128,23,2,236,0,5,48,13,66,83,133,71,15,302,128,1,129,431
03/29/2006,ROC,NY,AEA,CE,Combined TRACON& Tower with Radar,84,130,33,5,252,0,7,55,14,76,84,137,88,19,328,164,32,196,524
03/30/2006,ROC,NY,AEA,CE,Combined TRACON& Tower with Radar,85,133,54,2,274,0,17,65,3,85,85,150,119,5,359,146,2,148,507
03/31/2006,ROC,NY,AEA,CE,Combined TRACON& Tower with Radar,85,134,46,0,265,0,10,29,1,40,85,144,75,1,305,56,0,56,361
04/01/2006,ROC,NY,AEA,CE,Combined TRACON& Tower with Radar,85,83,25,0,193,0,0,2,0,2,85,83,27,0,195,17,0,17,212
04/02/2006,ROC,NY,AEA,CE,Combined TRACON& Tower with Radar,62,92,51,0,205,0,2,59,2,63,62,94,110,2,268,92,0,92,360
04/03/2006,ROC,NY,AEA,CE,Combined TRACON& Tower with Radar,65,116,39,0,220,0,5,5,0,10,65,121,44,0,230,0,0,0,230
04/04/2006,ROC,NY,AEA,CE,Combined TRACON& Tower with Radar,85,121,19,1,226,0,6,3,2,11,85,127,22,3,237,0,0,0,237
04/05/2006,ROC,NY,AEA,CE,Combined TRACON& Tower with Radar,90,124,19,3,236,0,9,4,2,15,90,133,23,5,251,32,39,71,322
04/06/2006,ROC,NY,AEA,CE,Combined TRACON& Tower with Radar,85,135,45,2,267,0,7,40,4,51,85,142,85,6,318,98,1,99,417
04/07/2006,ROC,NY,AEA,CE,Combined TRACON& Tower with Radar,92,129,31,2,254,0,4,9,4,17,92,133,40,6,271,2,0,2,273
04/08/2006,ROC,NY,AEA,CE,Combined TRACON& Tower with Radar,81,81,37,2,201,0,13,28,27,68,81,94,65,29,269,59,24,83,352
04/09/2006,ROC,NY,AEA,CE,Combined TRACON& Tower with Radar,59,94,20,1,174,0,8,72,12,92,59,102,92,13,266,96,2,98,364
04/10/2006,ROC,NY,AEA,CE,Combined TRACON& Tower with Radar,69,115,30,0,214,0,7,69,1,77,69,122,99,1,291,38,0,38,329
04/11/2006,ROC,NY,AEA,CE,Combined TRACON& Tower with Radar,90,123,46,0,259,0,13,79,12,104,90,136,125,12,363,150,0,150,513
04/12/2006,ROC,NY,AEA,CE,Combined TRACON& Tower with Radar,84,143,45,2,274,0,8,24,10,42,84,151,69,12,316,38,2,40,356
04/13/2006,ROC,NY,AEA,CE,Combined TRACON& Tower with Radar,92,117,48,0,257,0,14,45,4,63,92,131,93,4,320,132,0,132,452
04/14/2006,ROC,NY,AEA,CE,Combined TRACON& Tower with Radar,91,128,43,0,262,0,5,5,0,10,91,133,48,0,272,16,14,30,302
04/15/2006,ROC,NY,AEA,CE,Combined TRACON& Tower with Radar,81,84,26,0,191,0,6,58,0,64,81,90,84,0,255,54,0,54,309
04/16/2006,ROC,NY,AEA,CE,Combined TRACON& Tower with Radar,61,81,19,0,161,0,7,27,3,37,61,88,46,3,198,52,0,52,250
04/17/2006,ROC,NY,AEA,CE,Combined TRACON& Tower with Radar,65,118,51,0,234,0,13,66,0,79,65,131,117,0,313,124,2,126,439
04/18/2006,ROC,NY,AEA,CE,Combined TRACON& Tower with Radar,86,130,38,0,254,0,9,77,10,96,86,139,115,10,350,70,7,77,427
04/19/2006,ROC,NY,AEA,CE,Combined TRACON& Tower with Radar,88,124,42,0,254,0,24,76,4,104,88,148,118,4,358,52,0,52,410
04/20/2006,ROC,NY,AEA,CE,Combined TRACON& Tower with Radar,89,132,34,0,255,0,7,76,7,90,89,139,110,7,345,204,1,205,550
04/21/2006,ROC,NY,AEA,CE,Combined TRACON& Tower with Radar,86,135,38,5,264,0,9,57,4,70,86,144,95,9,334,181,0,181,515
04/22/2006,ROC,NY,AEA,CE,Combined TRACON& Tower with Radar,83,83,26,0,192,0,2,1,0,3,83,85,27,0,195,0,0,0,195
04/23/2006,ROC,NY,AEA,CE,Combined TRACON& Tower with Radar,62,94,42,2,200,0,0,7,0,7,62,94,49,2,207,13,0,13,220
04/24/2006,ROC,NY,AEA,CE,Combined TRACON& Tower with Radar,72,112,52,0,236,0,5,7,0,12,72,117,59,0,248,34,0,34,282
04/25/2006,ROC,NY,AEA,CE,Combined TRACON& Tower with Radar,90,132,45,0,267,0,12,21,4,37,90,144,66,4,304,120,22,142,446
04/26/2006,ROC,NY,AEA,CE,Combined TRACON& Tower with Radar,91,124,56,1,272,0,10,63,17,90,91,134,119,18,362,57,6,63,425
04/27/2006,ROC,NY,AEA,CE,Combined TRACON& Tower with Radar,87,128,46,5,266,0,11,61,7,79,87,139,107,12,345,107,16,123,468
04/28/2006,ROC,NY,AEA,CE,Combined TRACON& Tower with Radar,90,127,47,1,265,0,8,85,1,94,90,135,132,2,359,182,0,182,541
04/29/2006,ROC,NY,AEA,CE,Combined TRACON& Tower with Radar,79,88,37,0,204,0,5,83,0,88,79,93,120,0,292,123,0,123,415
04/30/2006,ROC,NY,AEA,CE,Combined TRACON& Tower with Radar,64,82,48,0,194,0,2,75,1,78,64,84,123,1,272,184,0,184,456
05/01/2006,ROC,NY,AEA,CE,Combined TRACON& Tower with Radar,62,117,40,0,219,0,9,38,4,51,62,126,78,4,270,189,0,189,459
05/02/2006,ROC,NY,AEA,CE,Combined TRACON& Tower with Radar,88,125,33,0,246,0,19,57,14,90,88,144,90,14,336,123,6,129,465
05/03/2006,ROC,NY,AEA,CE,Combined TRACON& Tower with Radar,83,132,26,2,243,0,14,52,11,77,83,146,78,13,320,162,2,164,484
05/04/2006,ROC,NY,AEA,CE,Combined TRACON& Tower with Radar,84,132,42,1,259,0,5,22,6,33,84,137,64,7,292,100,2,102,394
05/05/2006,ROC,NY,AEA,CE,Combined TRACON& Tower with Radar,78,132,47,1,258,0,9,83,4,96,78,141,130,5,354,145,8,153,507
05/06/2006,ROC,NY,AEA,CE,Combined TRACON& Tower with Radar,77,79,67,3,226,0,10,196,18,224,77,89,263,21,450,252,66,318,768
05/07/2006,ROC,NY,AEA,CE,Combined TRACON& Tower with Radar,56,88,38,0,182,0,5,74,3,82,56,93,112,3,264,202,0,202,466
05/08/2006,ROC,NY,AEA,CE,Combined TRACON& Tower with Radar,61,118,43,0,222,0,11,49,2,62,61,129,92,2,284,132,0,132,416
05/09/2006,ROC,NY,AEA,CE,Combined TRACON& Tower with Radar,83,126,49,0,258,0,8,47,6,61,83,134,96,6,319,162,6,168,487
05/10/2006,ROC,NY,AEA,CE,Combined TRACON& Tower with Radar,81,135,51,2,269,0,18,60,8,86,81,153,111,10,355,154,11,165,520
05/11/2006,ROC,NY,AEA,CE,Combined TRACON& Tower with Radar,82,123,60,0,265,0,10,6,6,22,82,133,66,6,287,18,0,18,305
05/12/2006,ROC,NY,AEA,CE,Combined TRACON& Tower with Radar,81,124,39,0,244,0,11,34,6,51,81,135,73,6,295,212,6,218,513
05/13/2006,ROC,NY,AEA,CE,Combined TRACON& Tower with Radar,83,95,14,0,192,0,2,5,0,7,83,97,19,0,199,0,0,0,199
05/14/2006,ROC,NY,AEA,CE,Combined TRACON& Tower with Radar,56,93,27,0,176,0,7,20,0,27,56,100,47,0,203,38,0,38,241
05/15/2006,ROC,NY,AEA,CE,Combined TRACON& Tower with Radar,62,130,29,1,222,0,9,26,2,37,62,139,55,3,259,195,0,195,454
05/16/2006,ROC,NY,AEA,CE,Combined TRACON& Tower with Radar,83,135,45,1,264,0,13,8,2,23,83,148,53,3,287,158,0,158,445
05/17/2006,ROC,NY,AEA,CE,Combined TRACON& Tower with Radar,82,128,55,1,266,0,6,16,19,41,82,134,71,20,307,298,27,325,632
05/18/2006,ROC,NY,AEA,CE,Combined TRACON& Tower with Radar,83,149,38,1,271,0,7,11,10,28,83,156,49,11,299,212,70,282,581
05/19/2006,ROC,NY,AEA,CE,Combined TRACON& Tower with Radar,81,142,48,2,273,0,16,15,0,31,81,158,63,2,304,196,4,200,504
05/20/2006,ROC,NY,AEA,CE,Combined TRACON& Tower with Radar,76,92,30,0,198,0,7,6,0,13,76,99,36,0,211,212,0,212,423
05/21/2006,ROC,NY,AEA,CE,Combined TRACON& Tower with Radar,57,97,23,2,179,0,0,7,0,7,57,97,30,2,186,0,0,0,186
05/22/2006,ROC,NY,AEA,CE,Combined TRACON& Tower with Radar,60,133,45,0,238,0,16,28,1,45,60,149,73,1,283,90,4,94,377
05/23/2006,ROC,NY,AEA,CE,Combined TRACON& Tower with Radar,84,130,51,5,270,0,19,44,6,69,84,149,95,11,339,102,0,102,441
05/24/2006,ROC,NY,AEA,CE,Combined TRACON& Tower with Radar,78,138,46,2,264,0,23,84,6,113,78,161,130,8,377,218,13,231,608
05/25/2006,ROC,NY,AEA,CE,Combined TRACON& Tower with Radar,85,135,47,0,267,0,32,57,5,94,85,167,104,5,361,296,6,302,663
05/26/2006,ROC,NY,AEA,CE,Combined TRACON& Tower with Radar,84,131,63,1,279,0,1,14,2,17,84,132,77,3,296,14,4,18,314
05/27/2006,ROC,NY,AEA,CE,Combined TRACON& Tower with Radar,72,86,29,0,187,0,5,10,0,15,72,91,39,0,202,70,0,70,272
05/28/2006,ROC,NY,AEA,CE,Combined TRACON& Tower with Radar,55,79,25,0,159,0,6,57,0,63,55,85,82,0,222,158,0,158,380
05/29/2006,ROC,NY,AEA,CE,Combined TRACON& Tower with Radar,57,90,24,3,174,0,3,40,0,43,57,93,64,3,217,98,0,98,315
05/30/2006,ROC,NY,AEA,CE,Combined TRACON& Tower with Radar,64,124,53,1,242,0,15,58,7,80,64,139,111,8,322,158,8,166,488
05/31/2006,ROC,NY,AEA,CE,Combined TRACON& Tower with Radar,84,129,52,2,267,0,25,31,29,85,84,154,83,31,352,278,46,324,676
06/01/2006,ROC,NY,AEA,CE,Combined TRACON& Tower with Radar,84,126,58,0,268,0,0,7,2,9,84,126,65,2,277,38,0,38,315
06/02/2006,ROC,NY,AEA,CE,Combined TRACON& Tower with Radar,88,120,41,1,250,0,9,43,8,60,88,129,84,9,310,66,6,72,382
06/03/2006,ROC,NY,AEA,CE,Combined TRACON& Tower with Radar,75,96,43,1,215,0,0,4,15,19,75,96,47,16,234,244,16,260,494
06/04/2006,ROC,NY,AEA,CE,Combined TRACON& Tower with Radar,52,96,27,2,177,0,2,9,0,11,52,98,36,2,188,16,10,26,214
06/05/2006,ROC,NY,AEA,CE,Combined TRACON& Tower with Radar,56,132,49,0,237,0,9,77,3,89,56,141,126,3,326,158,6,164,490
06/06/2006,ROC,NY,AEA,CE,Combined TRACON& Tower with Radar,77,138,36,3,254,0,12,65,7,84,77,150,101,10,338,139,32,171,509
06/07/2006,ROC,NY,AEA,CE,Combined TRACON& Tower with Radar,75,136,48,3,262,0,9,53,22,84,75,145,101,25,346,104,44,148,494
06/08/2006,ROC,NY,AEA,CE,Combined TRACON& Tower with Radar,86,140,58,2,286,0,10,29,5,44,86,150,87,7,330,74,0,74,404
06/09/2006,ROC,NY,AEA,CE,Combined TRACON& Tower with Radar,89,142,48,0,279,0,9,8,3,20,89,151,56,3,299,182,36,218,517
06/10/2006,ROC,NY,AEA,CE,Combined TRACON& Tower with Radar,81,95,39,0,215,0,9,18,0,27,81,104,57,0,242,22,0,22,264
06/11/2006,ROC,NY,AEA,CE,Combined TRACON& Tower with Radar,63,97,47,0,207,0,3,40,0,43,63,100,87,0,250,170,0,170,420
06/12/2006,ROC,NY,AEA,CE,Combined TRACON& Tower with Radar,67,136,43,0,246,0,7,47,0,54,67,143,90,0,300,209,0,209,509
06/13/2006,ROC,NY,AEA,CE,Combined TRACON& Tower with Radar,93,137,66,0,296,0,14,58,4,76,93,151,124,4,372,196,14,210,582
06/14/2006,ROC,NY,AEA,CE,Combined TRACON& Tower with Radar,88,144,49,4,285,0,11,62,13,86,88,155,111,17,371,162,32,194,565
06/15/2006,ROC,NY,AEA,CE,Combined TRACON& Tower with Radar,89,144,68,1,302,0,17,58,8,83,89,161,126,9,385,226,14,240,625
06/16/2006,ROC,NY,AEA,CE,Combined TRACON& Tower with Radar,91,145,35,0,271,0,12,72,4,88,91,157,107,4,359,190,20,210,569
06/17/2006,ROC,NY,AEA,CE,Combined TRACON& Tower with Radar,78,101,29,0,208,0,13,45,2,60,78,114,74,2,268,88,0,88,356
06/18/2006,ROC,NY,AEA,CE,Combined TRACON& Tower with Radar,58,103,34,0,195,0,11,46,0,57,58,114,80,0,252,224,0,224,476
06/19/2006,ROC,NY,AEA,CE,Combined TRACON& Tower with Radar,67,132,60,4,263,0,8,13,0,21,67,140,73,4,284,156,0,156,440
06/20/2006,ROC,NY,AEA,CE,Combined TRACON& Tower with Radar,90,152,55,2,299,0,9,56,4,69,90,161,111,6,368,188,0,188,556
06/21/2006,ROC,NY,AEA,CE,Combined TRACON& Tower with Radar,92,132,50,3,277,0,9,75,14,98,92,141,125,17,375,278,3,281,656
06/22/2006,ROC,NY,AEA,CE,Combined TRACON& Tower with Radar,88,155,53,0,296,0,11,21,2,34,88,166,74,2,330,269,0,269,599
06/23/2006,ROC,NY,AEA,CE,Combined TRACON& Tower with Radar,81,150,59,0,290,0,9,35,4,48,81,159,94,4,338,402,20,422,760
06/24/2006,ROC,NY,AEA,CE,Combined TRACON& Tower with Radar,82,88,27,0,197,0,2,36,0,38,82,90,63,0,235,192,2,194,429
06/25/2006,ROC,NY,AEA,CE,Combined TRACON& Tower with Radar,58,95,42,2,197,0,0,32,0,32,58,95,74,2,229,240,0,240,469
06/26/2006,ROC,NY,AEA,CE,Combined TRACON& Tower with Radar,71,127,47,2,247,0,6,10,1,17,71,133,57,3,264,261,14,275,539
06/27/2006,ROC,NY,AEA,CE,Combined TRACON& Tower with Radar,88,138,57,0,283,0,10,17,4,31,88,148,74,4,314,216,12,228,542
06/28/2006,ROC,NY,AEA,CE,Combined TRACON& Tower with Radar,90,145,60,0,295,0,6,29,5,40,90,151,89,5,335,250,20,270,605
06/29/2006,ROC,NY,AEA,CE,Combined TRACON& Tower with Radar,89,141,38,0,268,0,9,42,4,55,89,150,80,4,323,212,8,220,543
06/30/2006,ROC,NY,AEA,CE,Combined TRACON& Tower with Radar,93,139,60,0,292,0,8,40,1,49,93,147,100,1,341,224,16,240,581
07/01/2006,ROC,NY,AEA,CE,Combined TRACON& Tower with Radar,82,102,23,0,207,0,4,44,1,49,82,106,67,1,256,162,0,162,418
07/02/2006,ROC,NY,AEA,CE,Combined TRACON& Tower with Radar,69,79,15,0,163,0,8,8,2,18,69,87,23,2,181,0,0,0,181
07/03/2006,ROC,NY,AEA,CE,Combined TRACON& Tower with Radar,69,100,45,0,214,0,7,37,2,46,69,107,82,2,260,284,20,304,564
07/04/2006,ROC,NY,AEA,CE,Combined TRACON& Tower with Radar,68,92,21,0,181,0,3,4,0,7,68,95,25,0,188,0,0,0,188
07/05/2006,ROC,NY,AEA,CE,Combined TRACON& Tower with Radar,77,122,33,1,233,0,9,40,17,66,77,131,73,18,299,62,44,106,405
07/06/2006,ROC,NY,AEA,CE,Combined TRACON& Tower with Radar,94,138,55,7,294,0,10,72,11,93,94,148,127,18,387,110,16,126,513
07/07/2006,ROC,NY,AEA,CE,Combined TRACON& Tower with Radar,93,143,37,3,276,0,16,82,12,110,93,159,119,15,386,132,41,173,559
07/08/2006,ROC,NY,AEA,CE,Combined TRACON& Tower with Radar,82,88,38,1,209,0,3,58,7,68,82,91,96,8,277,104,6,110,387
07/09/2006,ROC,NY,AEA,CE,Combined TRACON& Tower with Radar,70,103,33,0,206,0,5,55,5,65,70,108,88,5,271,76,4,80,351
07/10/2006,ROC,NY,AEA,CE,Combined TRACON& Tower with Radar,78,124,50,3,255,0,8,8,1,17,78,132,58,4,272,142,3,145,417
07/11/2006,ROC,NY,AEA,CE,Combined TRACON& Tower with Radar,92,131,71,0,294,0,7,64,8,79,92,138,135,8,373,230,24,254,627
07/12/2006,ROC,NY,AEA,CE,Combined TRACON& Tower with Radar,90,144,25,1,260,0,0,2,0,2,90,144,27,1,262,24,2,26,288
07/13/2006,ROC,NY,AEA,CE,Combined TRACON& Tower with Radar,96,148,52,1,297,0,10,54,8,72,96,158,106,9,369,226,0,226,595
07/14/2006,ROC,NY,AEA,CE,Combined TRACON& Tower with Radar,95,138,50,0,283,0,18,73,3,94,95,156,123,3,377,177,6,183,560
07/15/2006,ROC,NY,AEA,CE,Combined TRACON& Tower with Radar,78,93,26,0,197,0,5,21,0,26,78,98,47,0,223,40,0,40,263
07/16/2006,ROC,NY,AEA,CE,Combined TRACON& Tower with Radar,71,95,42,0,208,0,10,62,0,72,71,105,104,0,280,204,0,204,484
07/17/2006,ROC,NY,AEA,CE,Combined TRACON& Tower with Radar,73,129,56,0,258,0,8,56,3,67,73,137,112,3,325,66,0,66,391
07/18/2006,ROC,NY,AEA,CE,Combined TRACON& Tower with Radar,96,129,62,2,289,0,19,51,6,76,96,148,113,8,365,262,4,266,631
07/19/2006,ROC,NY,AEA,CE,Combined TRACON& Tower with Radar,97,137,51,1,286,0,15,79,9,103,97,152,130,10,389,64,14,78,467
07/20/2006,ROC,NY,AEA,CE,Combined TRACON& Tower with Radar,89,141,36,0,266,0,12,42,9,63,89,153,78,9,329,165,0,165,494
07/21/2006,ROC,NY,AEA,CE,Combined TRACON& Tower with Radar,100,133,64,5,302,0,3,20,1,24,100,136,84,6,326,198,20,218,544
07/22/2006,ROC,NY,AEA,CE,Combined TRACON& Tower with Radar,88,86,21,0,195,0,3,3,0,6,88,89,24,0,201,62,0,62,263
07/23/2006,ROC,NY,AEA,CE,Combined TRACON& Tower with Radar,72,93,25,2,192,0,8,49,1,58,72,101,74,3,250,103,0,103,353
07/24/2006,ROC,NY,AEA,CE,Combined TRACON& Tower with Radar,76,134,44,1,255,0,12,61,2,75,76,146,105,3,330,122,3,125,455
07/25/2006,ROC,NY,AEA,CE,Combined TRACON& Tower with Radar,90,134,39,2,265,0,14,47,8,69,90,148,86,10,334,216,0,216,550
07/26/2006,ROC,NY,AEA,CE,Combined TRACON& Tower with Radar,94,159,45,0,298,0,20,39,8,67,94,179,84,8,365,152,0,152,517
07/27/2006,ROC,NY,AEA,CE,Combined TRACON& Tower with Radar,96,124,41,0,261,0,8,15,8,31,96,132,56,8,292,82,4,86,378
07/28/2006,ROC,NY,AEA,CE,Combined TRACON& Tower with Radar,96,120,56,0,272,0,2,23,2,27,96,122,79,2,299,106,8,114,413
07/29/2006,ROC,NY,AEA,CE,Combined TRACON& Tower with Radar,84,101,33,0,218,0,2,34,1,37,84,103,67,1,255,132,0,132,387
07/30/2006,ROC,NY,AEA,CE,Combined TRACON& Tower with Radar,68,94,46,1,209,0,12,20,0,32,68,106,66,1,241,190,0,190,431
07/31/2006,ROC,NY,AEA,CE,Combined TRACON& Tower with Radar,75,134,41,1,251,0,13,60,3,76,75,147,101,4,327,210,14,224,551
08/01/2006,ROC,NY,AEA,CE,Combined TRACON& Tower with Radar,93,138,45,1,277,0,10,33,4,47,93,148,78,5,324,198,2,200,524
08/02/2006,ROC,NY,AEA,CE,Combined TRACON& Tower with Radar,85,141,52,1,279,0,12,17,10,39,85,153,69,11,318,88,13,101,419
08/03/2006,ROC,NY,AEA,CE,Combined TRACON& Tower with Radar,85,138,37,2,262,0,0,6,3,9,85,138,43,5,271,228,0,228,499
08/04/2006,ROC,NY,AEA,CE,Combined TRACON& Tower with Radar,94,147,55,1,297,0,5,68,0,73,94,152,123,1,370,78,2,80,450
08/05/2006,ROC,NY,AEA,CE,Combined TRACON& Tower with Radar,84,87,34,0,205,0,14,68,2,84,84,101,102,2,289,336,2,338,627
08/06/2006,ROC,NY,AEA,CE,Combined TRACON& Tower with Radar,72,92,39,0,203,0,10,76,2,88,72,102,115,2,291,222,0,222,513
08/07/2006,ROC,NY,AEA,CE,Combined TRACON& Tower with Radar,78,129,54,0,261,0,7,35,0,42,78,136,89,0,303,100,0,100,403
08/08/2006,ROC,NY,AEA,CE,Combined TRACON& Tower with Radar,86,141,52,1,280,0,6,73,5,84,86,147,125,6,364,244,10,254,618
08/09/2006,ROC,NY,AEA,CE,Combined TRACON& Tower with Radar,92,138,55,3,288,0,15,105,6,126,92,153,160,9,414,218,4,222,636
08/10/2006,ROC,NY,AEA,CE,Combined TRACON& Tower with Radar,87,131,63,1,282,0,14,53,5,72,87,145,116,6,354,104,0,104,458
08/11/2006,ROC,NY,AEA,CE,Combined TRACON& Tower with Radar,91,148,62,0,301,0,12,73,5,90,91,160,135,5,391,268,0,268,659
08/12/2006,ROC,NY,AEA,CE,Combined TRACON& Tower with Radar,83,91,30,0,204,0,13,65,0,78,83,104,95,0,282,108,0,108,390
08/13/2006,ROC,NY,AEA,CE,Combined TRACON& Tower with Radar,72,103,31,0,206,0,7,60,0,67,72,110,91,0,273,112,0,112,385
08/14/2006,ROC,NY,AEA,CE,Combined TRACON& Tower with Radar,74,132,37,0,243,0,2,68,2,72,74,134,105,2,315,88,0,88,403
08/15/2006,ROC,NY,AEA,CE,Combined TRACON& Tower with Radar,95,143,45,0,283,0,6,59,2,67,95,149,104,2,350,262,0,262,612
08/16/2006,ROC,NY,AEA,CE,Combined TRACON& Tower with Radar,89,150,42,0,281,0,6,88,1,95,89,156,130,1,376,220,0,220,596
08/17/2006,ROC,NY,AEA,CE,Combined TRACON& Tower with Radar,92,140,51,0,283,0,12,66,1,79,92,152,117,1,362,182,0,182,544
08/18/2006,ROC,NY,AEA,CE,Combined TRACON& Tower with Radar,87,136,60,2,285,0,17,58,1,76,87,153,118,3,361,230,0,230,591
08/19/2006,ROC,NY,AEA,CE,Combined TRACON& Tower with Radar,82,91,22,0,195,0,13,7,0,20,82,104,29,0,215,0,0,0,215
08/20/2006,ROC,NY,AEA,CE,Combined TRACON& Tower with Radar,66,100,38,2,206,0,3,2,0,5,66,103,40,2,211,42,0,42,253
08/21/2006,ROC,NY,AEA,CE,Combined TRACON& Tower with Radar,76,131,41,0,248,0,8,56,2,66,76,139,97,2,314,154,0,154,468
08/22/2006,ROC,NY,AEA,CE,Combined TRACON& Tower with Radar,94,133,47,1,275,0,3,30,4,37,94,136,77,5,312,208,19,227,539
08/23/2006,ROC,NY,AEA,CE,Combined TRACON& Tower with Radar,92,136,38,1,267,4,6,67,11,88,96,142,105,12,355,196,20,216,571
08/24/2006,ROC,NY,AEA,CE,Combined TRACON& Tower with Radar,91,133,62,1,287,0,5,56,10,71,91,138,118,11,358,182,12,194,552
08/25/2006,ROC,NY,AEA,CE,Combined TRACON& Tower with Radar,95,129,66,0,290,0,2,7,0,9,95,131,73,0,299,78,0,78,377
08/26/2006,ROC,NY,AEA,CE,Combined TRACON& Tower with Radar,86,90,33,0,209,0,4,25,0,29,86,94,58,0,238,206,0,206,444
08/27/2006,ROC,NY,AEA,CE,Combined TRACON& Tower with Radar,70,88,18,0,176,0,7,1,0,8,70,95,19,0,184,4,0,4,188
08/28/2006,ROC,NY,AEA,CE,Combined TRACON& Tower with Radar,74,130,49,0,253,0,0,5,3,8,74,130,54,3,261,92,0,92,353
08/29/2006,ROC,NY,AEA,CE,Combined TRACON& Tower with Radar,89,128,31,0,248,0,4,8,2,14,89,132,39,2,262,80,0,80,342
08/30/2006,ROC,NY,AEA,CE,Combined TRACON& Tower with Radar,99,132,65,3,299,0,6,37,7,50,99,138,102,10,349,165,12,177,526
08/31/2006,ROC,NY,AEA,CE,Combined TRACON& Tower with Radar,92,142,39,2,275,0,12,85,8,105,92,154,124,10,380,256,3,259,639
09/01/2006,ROC,NY,AEA,CE,Combined TRACON& Tower with Radar,92,132,45,0,269,0,9,66,1,76,92,141,111,1,345,182,0,182,527
09/02/2006,ROC,NY,AEA,CE,Combined TRACON& Tower with Radar,79,86,15,0,180,0,7,1,0,8,79,93,16,0,188,6,0,6,194
09/03/2006,ROC,NY,AEA,CE,Combined TRACON& Tower with Radar,72,70,28,0,170,0,3,3,0,6,72,73,31,0,176,6,0,6,182
09/04/2006,ROC,NY,AEA,CE,Combined TRACON& Tower with Radar,70,109,45,0,224,0,4,37,0,41,70,113,82,0,265,0,0,0,265
09/05/2006,ROC,NY,AEA,CE,Combined TRACON& Tower with Radar,75,125,42,1,243,0,8,31,5,44,75,133,73,6,287,148,14,162,449
09/06/2006,ROC,NY,AEA,CE,Combined TRACON& Tower with Radar,92,135,40,0,267,0,2,33,6,41,92,137,73,6,308,104,6,110,418
09/07/2006,ROC,NY,AEA,CE,Combined TRACON& Tower with Radar,90,140,68,1,299,0,10,28,6,44,90,150,96,7,343,124,10,134,477
09/08/2006,ROC,NY,AEA,CE,Combined TRACON& Tower with Radar,84,147,51,2,284,0,3,77,4,84,84,150,128,6,368,88,6,94,462
09/09/2006,ROC,NY,AEA,CE,Combined TRACON& Tower with Radar,79,91,22,0,192,0,14,11,9,34,79,105,33,9,226,0,0,0,226
09/10/2006,ROC,NY,AEA,CE,Combined TRACON& Tower with Radar,67,88,40,3,198,0,7,48,3,58,67,95,88,6,256,96,4,100,356
09/11/2006,ROC,NY,AEA,CE,Combined TRACON& Tower with Radar,70,133,59,4,266,0,4,67,0,71,70,137,126,4,337,22,0,22,359
09/12/2006,ROC,NY,AEA,CE,Combined TRACON& Tower with Radar,90,137,54,0,281,0,6,34,3,43,90,143,88,3,324,48,0,48,372
09/13/2006,ROC,NY,AEA,CE,Combined TRACON& Tower with Radar,86,142,45,0,273,0,2,12,7,21,86,144,57,7,294,22,10,32,326
09/14/2006,ROC,NY,AEA,CE,Combined TRACON& Tower with Radar,88,140,67,0,295,0,0,4,0,4,88,140,71,0,299,0,0,0,299
09/15/2006,ROC,NY,AEA,CE,Combined TRACON& Tower with Radar,91,127,49,0,267,0,0,0,0,0,91,127,49,0,267,0,0,0,267
09/16/2006,ROC,NY,AEA,CE,Combined TRACON& Tower with Radar,83,95,22,0,200,0,10,22,0,32,83,105,44,0,232,54,0,54,286
09/17/2006,ROC,NY,AEA,CE,Combined TRACON& Tower with Radar,65,101,34,0,200,0,19,55,0,74,65,120,89,0,274,228,0,228,502
09/18/2006,ROC,NY,AEA,CE,Combined TRACON& Tower with Radar,73,131,49,1,254,0,13,67,0,80,73,144,116,1,334,122,0,122,456
09/19/2006,ROC,NY,AEA,CE,Combined TRACON& Tower with Radar,84,134,38,1,257,0,3,24,0,27,84,137,62,1,284,86,0,86,370
09/20/2006,ROC,NY,AEA,CE,Combined TRACON& Tower with Radar,88,155,46,0,289,0,6,24,0,30,88,161,70,0,319,52,0,52,371
09/21/2006,ROC,NY,AEA,CE,Combined TRACON& Tower with Radar,82,148,57,3,290,0,6,58,2,66,82,154,115,5,356,58,2,60,416
09/22/2006,ROC,NY,AEA,CE,Combined TRACON& Tower with Radar,92,128,35,1,256,0,15,58,2,75,92,143,93,3,331,68,4,72,403
09/23/2006,ROC,NY,AEA,CE,Combined TRACON& Tower with Radar,73,87,14,0,174,0,5,10,0,15,73,92,24,0,189,16,0,16,205
09/24/2006,ROC,NY,AEA,CE,Combined TRACON& Tower with Radar,63,96,18,0,177,0,2,4,2,8,63,98,22,2,185,36,8,44,229
09/25/2006,ROC,NY,AEA,CE,Combined TRACON& Tower with Radar,76,139,43,0,258,0,6,44,0,50,76,145,87,0,308,10,0,10,318
09/26/2006,ROC,NY,AEA,CE,Combined TRACON& Tower with Radar,90,135,66,1,292,0,10,60,1,71,90,145,126,2,363,118,4,122,485
09/27/2006,ROC,NY,AEA,CE,Combined TRACON& Tower with Radar,85,140,48,0,273,0,11,56,8,75,85,151,104,8,348,52,4,56,404
09/28/2006,ROC,NY,AEA,CE,Combined TRACON& Tower with Radar,85,138,53,0,276,0,2,5,0,7,85,140,58,0,283,0,4,4,287
09/29/2006,ROC,NY,AEA,CE,Combined TRACON& Tower with Radar,86,159,49,0,294,0,2,32,0,34,86,161,81,0,328,28,0,28,356
09/30/2006,ROC,NY,AEA,CE,Combined TRACON& Tower with Radar,81,97,35,0,213,0,9,33,0,42,81,106,68,0,255,71,0,71,326
10/01/2006,ROC,NY,AEA,CE,Combined TRACON& Tower with Radar,69,97,31,0,197,0,1,15,0,16,69,98,46,0,213,114,0,114,327
10/02/2006,ROC,NY,AEA,CE,Combined TRACON& Tower with Radar,69,132,42,0,243,0,5,56,0,61,69,137,98,0,304,154,4,158,462
10/03/2006,ROC,NY,AEA,CE,Combined TRACON& Tower with Radar,84,136,49,0,269,0,2,26,2,30,84,138,75,2,299,22,0,22,321
10/04/2006,ROC,NY,AEA,CE,Combined TRACON& Tower with Radar,83,140,33,0,256,0,0,6,0,6,83,140,39,0,262,0,0,0,262
10/05/2006,ROC,NY,AEA,CE,Combined TRACON& Tower with Radar,87,142,70,0,299,0,5,86,3,94,87,147,156,3,393,242,6,248,641
10/06/2006,ROC,NY,AEA,CE,Combined TRACON& Tower with Radar,83,145,55,4,287,0,8,81,9,98,83,153,136,13,385,167,0,167,552
10/07/2006,ROC,NY,AEA,CE,Combined TRACON& Tower with Radar,79,99,24,0,202,0,6,52,4,62,79,105,76,4,264,56,2,58,322
10/08/2006,ROC,NY,AEA,CE,Combined TRACON& Tower with Radar,67,108,43,2,220,0,14,62,0,76,67,122,105,2,296,114,0,114,410
10/09/2006,ROC,NY,AEA,CE,Combined TRACON& Tower with Radar,68,132,49,0,249,0,6,63,0,69,68,138,112,0,318,184,0,184,502
10/10/2006,ROC,NY,AEA,CE,Combined TRACON& Tower with Radar,76,146,44,0,266,0,5,66,0,71,76,151,110,0,337,138,0,138,475
10/11/2006,ROC,NY,AEA,CE,Combined TRACON& Tower with Radar,80,140,32,3,255,0,3,3,0,6,80,143,35,3,261,24,0,24,285
10/12/2006,ROC,NY,AEA,CE,Combined TRACON& Tower with Radar,81,153,45,0,279,0,3,15,2,20,81,156,60,2,299,48,0,48,347
10/13/2006,ROC,NY,AEA,CE,Combined TRACON& Tower with Radar,100,149,59,0,308,0,10,23,0,33,100,159,82,0,341,0,0,0,341
10/14/2006,ROC,NY,AEA,CE,Combined TRACON& Tower with Radar,76,93,9,0,178,0,2,14,0,16,76,95,23,0,194,50,0,50,244
10/15/2006,ROC,NY,AEA,CE,Combined TRACON& Tower with Radar,67,105,50,0,222,0,8,35,0,43,67,113,85,0,265,106,0,106,371
10/16/2006,ROC,NY,AEA,CE,Combined TRACON& Tower with Radar,72,131,38,0,241,0,11,54,3,68,72,142,92,3,309,174,0,174,483
10/17/2006,ROC,NY,AEA,CE,Combined TRACON& Tower with Radar,85,136,35,0,256,0,1,4,4,9,85,137,39,4,265,22,2,24,289
10/18/2006,ROC,NY,AEA,CE,Combined TRACON& Tower with Radar,90,138,54,1,283,0,3,20,8,31,90,141,74,9,314,200,0,200,514
10/19/2006,ROC,NY,AEA,CE,Combined TRACON& Tower with Radar,88,140,58,1,287,0,5,6,2,13,88,145,64,3,300,22,0,22,322
10/20/2006,ROC,NY,AEA,CE,Combined TRACON& Tower with Radar,77,150,34,0,261,0,1,1,2,4,77,151,35,2,265,0,0,0,265
10/21/2006,ROC,NY,AEA,CE,Combined TRACON& Tower with Radar,75,94,48,0,217,0,11,74,0,85,75,105,122,0,302,80,0,80,382
10/22/2006,ROC,NY,AEA,CE,Combined TRACON& Tower with Radar,56,106,50,2,214,0,8,24,0,32,56,114,74,2,246,178,0,178,424
10/23/2006,ROC,NY,AEA,CE,Combined TRACON& Tower with Radar,75,130,31,0,236,0,1,12,0,13,75,131,43,0,249,0,0,0,249
10/24/2006,ROC,NY,AEA,CE,Combined TRACON& Tower with Radar,84,149,36,0,269,0,1,4,0,5,84,150,40,0,274,32,0,32,306
10/25/2006,ROC,NY,AEA,CE,Combined TRACON& Tower with Radar,82,151,48,2,283,0,4,24,4,32,82,155,72,6,315,74,4,78,393
10/26/2006,ROC,NY,AEA,CE,Combined TRACON& Tower with Radar,87,140,46,0,273,0,3,42,2,47,87,143,88,2,320,62,14,76,396
10/27/2006,ROC,NY,AEA,CE,Combined TRACON& Tower with Radar,83,134,54,0,271,0,10,33,3,46,83,144,87,3,317,90,0,90,407
10/28/2006,ROC,NY,AEA,CE,Combined TRACON& Tower with Radar,67,89,25,2,183,0,0,2,0,2,67,89,27,2,185,80,2,82,267
10/29/2006,ROC,NY,AEA,CE,Combined TRACON& Tower with Radar,64,104,7,0,175,0,0,0,0,0,64,104,7,0,175,0,0,0,175
10/30/2006,ROC,NY,AEA,CE,Combined TRACON& Tower with Radar,73,133,40,2,248,0,13,63,0,76,73,146,103,2,324,122,0,122,446
10/31/2006,ROC,NY,AEA,CE,Combined TRACON& Tower with Radar,84,145,23,2,254,0,4,40,0,44,84,149,63,2,298,26,0,26,324
11/01/2006,ROC,NY,AEA,CE,Combined TRACON& Tower with Radar,80,152,67,0,299,0,2,42,6,50,80,154,109,6,349,168,10,178,527
11/02/2006,ROC,NY,AEA,CE,Combined TRACON& Tower with Radar,85,141,54,1,281,0,5,27,2,34,85,146,81,3,315,0,0,0,315
11/03/2006,ROC,NY,AEA,CE,Combined TRACON& Tower with Radar,75,119,35,2,231,0,2,40,0,42,75,121,75,2,273,96,0,96,369
11/04/2006,ROC,NY,AEA,CE,Combined TRACON& Tower with Radar,83,93,35,0,211,0,8,71,4,83,83,101,106,4,294,122,0,122,416
11/05/2006,ROC,NY,AEA,CE,Combined TRACON& Tower with Radar,65,101,37,2,205,0,1,46,0,47,65,102,83,2,252,52,0,52,304
11/06/2006,ROC,NY,AEA,CE,Combined TRACON& Tower with Radar,71,132,34,0,237,0,5,82,1,88,71,137,116,1,325,42,0,42,367
11/07/2006,ROC,NY,AEA,CE,Combined TRACON& Tower with Radar,82,141,24,0,247,0,6,29,1,36,82,147,53,1,283,46,0,46,329
11/08/2006,ROC,NY,AEA,CE,Combined TRACON& Tower with Radar,84,145,44,0,273,0,2,0,0,2,84,147,44,0,275,58,0,58,333
11/09/2006,ROC,NY,AEA,CE,Combined TRACON& Tower with Radar,84,153,53,0,290,0,3,38,0,41,84,156,91,0,331,78,0,78,409
11/10/2006,ROC,NY,AEA,CE,Combined TRACON& Tower with Radar,87,136,37,0,260,0,4,56,0,60,87,140,93,0,320,76,0,76,396
11/11/2006,ROC,NY,AEA,CE,Combined TRACON& Tower with Radar,80,89,26,0,195,0,3,8,0,11,80,92,34,0,206,0,0,0,206
11/12/2006,ROC,NY,AEA,CE,Combined TRACON& Tower with Radar,65,83,19,0,167,0,0,1,0,1,65,83,20,0,168,4,0,4,172
11/13/2006,ROC,NY,AEA,CE,Combined TRACON& Tower with Radar,69,122,21,0,212,0,0,0,0,0,69,122,21,0,212,0,0,0,212
11/14/2006,ROC,NY,AEA,CE,Combined TRACON& Tower with Radar,88,147,30,0,265,0,0,0,0,0,88,147,30,0,265,14,0,14,279
11/15/2006,ROC,NY,AEA,CE,Combined TRACON& Tower with Radar,83,151,52,1,287,0,5,29,5,39,83,156,81,6,326,134,0,134,460
11/16/2006,ROC,NY,AEA,CE,Combined TRACON& Tower with Radar,81,140,38,0,259,0,2,9,2,13,81,142,47,2,272,38,12,50,322
11/17/2006,ROC,NY,AEA,CE,Combined TRACON& Tower with Radar,87,138,31,1,257,0,2,10,3,15,87,140,41,4,272,48,14,62,334
11/18/2006,ROC,NY,AEA,CE,Combined TRACON& Tower with Radar,76,98,23,1,198,0,3,28,17,48,76,101,51,18,246,38,8,46,292
11/19/2006,ROC,NY,AEA,CE,Combined TRACON& Tower with Radar,64,97,29,2,192,0,4,3,0,7,64,101,32,2,199,50,0,50,249
11/20/2006,ROC,NY,AEA,CE,Combined TRACON& Tower with Radar,68,134,31,0,233,0,1,10,0,11,68,135,41,0,244,0,0,0,244
11/21/2006,ROC,NY,AEA,CE,Combined TRACON& Tower with Radar,85,147,50,4,286,0,8,55,16,79,85,155,105,20,365,88,22,110,475
11/22/2006,ROC,NY,AEA,CE,Combined TRACON& Tower with Radar,80,146,52,2,280,0,12,56,0,68,80,158,108,2,348,222,0,222,570
11/23/2006,ROC,NY,AEA,CE,Combined TRACON& Tower with Radar,69,86,6,0,161,0,1,6,0,7,69,87,12,0,168,14,0,14,182
11/24/2006,ROC,NY,AEA,CE,Combined TRACON& Tower with Radar,65,92,38,0,195,0,12,62,0,74,65,104,100,0,269,130,0,130,399
11/25/2006,ROC,NY,AEA,CE,Combined TRACON& Tower with Radar,71,101,24,0,196,0,20,42,0,62,71,121,66,0,258,58,0,58,316
11/26/2006,ROC,NY,AEA,CE,Combined TRACON& Tower with Radar,70,100,46,0,216,0,21,56,0,77,70,121,102,0,293,52,0,52,345
11/27/2006,ROC,NY,AEA,CE,Combined TRACON& Tower with Radar,73,133,30,2,238,0,7,31,0,38,73,140,61,2,276,78,0,78,354
11/28/2006,ROC,NY,AEA,CE,Combined TRACON& Tower with Radar,88,132,64,2,286,0,2,22,6,30,88,134,86,8,316,22,6,28,344
11/29/2006,ROC,NY,AEA,CE,Combined TRACON& Tower with Radar,88,141,49,4,282,0,7,49,3,59,88,148,98,7,341,82,6,88,429
11/30/2006,ROC,NY,AEA,CE,Combined TRACON& Tower with Radar,91,140,47,2,280,0,4,18,2,24,91,144,65,4,304,82,6,88,392
12/01/2006,ROC,NY,AEA,CE,Combined TRACON& Tower with Radar,70,106,27,2,205,0,0,1,0,1,70,106,28,2,206,0,0,0,206
12/02/2006,ROC,NY,AEA,CE,Combined TRACON& Tower with Radar,77,102,21,0,200,0,3,6,0,9,77,105,27,0,209,12,0,12,221
12/03/2006,ROC,NY,AEA,CE,Combined TRACON& Tower with Radar,64,101,14,2,181,0,7,19,0,26,64,108,33,2,207,46,0,46,253
12/04/2006,ROC,NY,AEA,CE,Combined TRACON& Tower with Radar,71,126,44,0,241,0,7,8,4,19,71,133,52,4,260,46,0,46,306
12/05/2006,ROC,NY,AEA,CE,Combined TRACON& Tower with Radar,82,144,39,0,265,0,4,31,3,38,82,148,70,3,303,80,0,80,383
12/06/2006,ROC,NY,AEA,CE,Combined TRACON& Tower with Radar,80,124,25,0,229,0,2,16,0,18,80,126,41,0,247,20,2,22,269
12/07/2006,ROC,NY,AEA,CE,Combined TRACON& Tower with Radar,82,135,40,0,257,0,1,0,0,1,82,136,40,0,258,30,2,32,290
12/08/2006,ROC,NY,AEA,CE,Combined TRACON& Tower with Radar,82,144,27,0,253,0,2,4,4,10,82,146,31,4,263,18,0,18,281
12/09/2006,ROC,NY,AEA,CE,Combined TRACON& Tower with Radar,79,99,17,0,195,0,2,9,0,11,79,101,26,0,206,14,0,14,220
12/10/2006,ROC,NY,AEA,CE,Combined TRACON& Tower with Radar,66,99,23,2,190,0,5,41,0,46,66,104,64,2,236,98,0,98,334
12/11/2006,ROC,NY,AEA,CE,Combined TRACON& Tower with Radar,64,130,48,0,242,0,2,9,4,15,64,132,57,4,257,74,0,74,331
12/12/2006,ROC,NY,AEA,CE,Combined TRACON& Tower with Radar,82,134,55,2,273,0,4,37,12,53,82,138,92,14,326,138,8,146,472
12/13/2006,ROC,NY,AEA,CE,Combined TRACON& Tower with Radar,79,150,45,2,276,0,3,21,11,35,79,153,66,13,311,59,24,83,394
12/14/2006,ROC,NY,AEA,CE,Combined TRACON& Tower with Radar,86,126,41,6,259,0,10,34,6,50,86,136,75,12,309,59,24,83,392
12/15/2006,ROC,NY,AEA,CE,Combined TRACON& Tower with Radar,84,135,40,1,260,0,14,22,3,39,84,149,62,4,299,24,16,40,339
12/16/2006,ROC,NY,AEA,CE,Combined TRACON& Tower with Radar,83,101,33,0,217,0,4,31,0,35,83,105,64,0,252,164,0,164,416
12/17/2006,ROC,NY,AEA,CE,Combined TRACON& Tower with Radar,70,98,25,0,193,0,3,2,1,6,70,101,27,1,199,0,0,0,199
12/18/2006,ROC,NY,AEA,CE,Combined TRACON& Tower with Radar,69,142,35,0,246,0,2,34,0,36,69,144,69,0,282,82,0,82,364
12/19/2006,ROC,NY,AEA,CE,Combined TRACON& Tower with Radar,88,142,43,2,275,0,9,19,13,41,88,151,62,15,316,78,10,88,404
12/20/2006,ROC,NY,AEA,CE,Combined TRACON& Tower with Radar,93,138,41,1,273,0,19,30,14,63,93,157,71,15,336,20,0,20,356
12/21/2006,ROC,NY,AEA,CE,Combined TRACON& Tower with Radar,89,133,39,5,266,0,15,43,9,67,89,148,82,14,333,94,62,156,489
12/22/2006,ROC,NY,AEA,CE,Combined TRACON& Tower with Radar,90,158,38,0,286,0,6,5,0,11,90,164,43,0,297,62,0,62,359
12/23/2006,ROC,NY,AEA,CE,Combined TRACON& Tower with Radar,85,92,29,0,206,0,4,7,0,11,85,96,36,0,217,62,0,62,279
12/24/2006,ROC,NY,AEA,CE,Combined TRACON& Tower with Radar,66,79,11,0,156,0,3,4,0,7,66,82,15,0,163,0,0,0,163
12/25/2006,ROC,NY,AEA,CE,Combined TRACON& Tower with Radar,53,73,3,0,129,0,2,3,0,5,53,75,6,0,134,0,0,0,134
12/26/2006,ROC,NY,AEA,CE,Combined TRACON& Tower with Radar,67,114,20,0,201,0,0,0,0,0,67,114,20,0,201,0,0,0,201
12/27/2006,ROC,NY,AEA,CE,Combined TRACON& Tower with Radar,85,116,19,0,220,0,2,4,0,6,85,118,23,0,226,16,0,16,242
12/28/2006,ROC,NY,AEA,CE,Combined TRACON& Tower with Radar,88,115,20,1,224,0,7,26,0,33,88,122,46,1,257,0,0,0,257
12/29/2006,ROC,NY,AEA,CE,Combined TRACON& Tower with Radar,79,116,24,0,219,0,5,52,0,57,79,121,76,0,276,132,0,132,408
12/30/2006,ROC,NY,AEA,CE,Combined TRACON& Tower with Radar,76,84,13,0,173,0,4,2,0,6,76,88,15,0,179,0,0,0,179
12/31/2006,ROC,NY,AEA,CE,Combined TRACON& Tower with Radar,54,88,21,0,163,0,16,21,0,37,54,104,42,0,200,28,0,28,228
01/01/2007,ROC,NY,AEA,CE,Combined TRACON& Tower with Radar,59,86,9,0,154,0,4,0,0,4,59,90,9,0,158,0,0,0,158
01/02/2007,ROC,NY,AEA,CE,Combined TRACON& Tower with Radar,73,118,24,0,215,0,1,15,0,16,73,119,39,0,231,84,2,86,317
01/03/2007,ROC,NY,AEA,CE,Combined TRACON& Tower with Radar,83,115,32,0,230,0,5,45,11,61,83,120,77,11,291,142,0,142,433
01/04/2007,ROC,NY,AEA,CE,Combined TRACON& Tower with Radar,77,117,53,0,247,0,7,51,13,71,77,124,104,13,318,170,24,194,512
01/05/2007,ROC,NY,AEA,CE,Combined TRACON& Tower with Radar,73,112,30,2,217,0,2,2,2,6,73,114,32,4,223,38,2,40,263
01/06/2007,ROC,NY,AEA,CE,Combined TRACON& Tower with Radar,72,86,15,0,173,0,2,4,0,6,72,88,19,0,179,2,0,2,181
01/07/2007,ROC,NY,AEA,CE,Combined TRACON& Tower with Radar,56,99,36,2,193,0,14,41,0,55,56,113,77,2,248,40,0,40,288
01/08/2007,ROC,NY,AEA,CE,Combined TRACON& Tower with Radar,64,109,32,1,206,0,2,1,2,5,64,111,33,3,211,0,0,0,211
01/09/2007,ROC,NY,AEA,CE,Combined TRACON& Tower with Radar,74,121,32,1,228,0,1,7,9,17,74,122,39,10,245,10,18,28,273
01/10/2007,ROC,NY,AEA,CE,Combined TRACON& Tower with Radar,78,126,40,2,246,0,0,0,0,0,78,126,40,2,246,0,0,0,246
01/11/2007,ROC,NY,AEA,CE,Combined TRACON& Tower with Radar,78,127,47,3,255,0,5,32,6,43,78,132,79,9,298,128,6,134,432
01/12/2007,ROC,NY,AEA,CE,Combined TRACON& Tower with Radar,72,124,38,0,234,0,4,12,0,16,72,128,50,0,250,2,28,30,280
01/13/2007,ROC,NY,AEA,CE,Combined TRACON& Tower with Radar,69,88,4,0,161,0,0,0,0,0,69,88,4,0,161,24,2,26,187
01/14/2007,ROC,NY,AEA,CE,Combined TRACON& Tower with Radar,50,65,11,0,126,2,0,0,0,2,52,65,11,0,128,0,0,0,128
01/15/2007,ROC,NY,AEA,CE,Combined TRACON& Tower with Radar,56,87,9,0,152,0,0,0,0,0,56,87,9,0,152,0,0,0,152
01/16/2007,ROC,NY,AEA,CE,Combined TRACON& Tower with Radar,71,125,28,0,224,0,0,0,0,0,71,125,28,0,224,0,0,0,224
01/17/2007,ROC,NY,AEA,CE,Combined TRACON& Tower with Radar,79,123,40,3,245,0,5,5,16,26,79,128,45,19,271,2,102,104,375
01/18/2007,ROC,NY,AEA,CE,Combined TRACON& Tower with Radar,75,130,56,0,261,0,6,43,17,66,75,136,99,17,327,70,0,70,397
01/19/2007,ROC,NY,AEA,CE,Combined TRACON& Tower with Radar,78,134,29,0,241,0,2,0,6,8,78,136,29,6,249,0,0,0,249
01/20/2007,ROC,NY,AEA,CE,Combined TRACON& Tower with Radar,71,83,19,0,173,0,5,0,0,5,71,88,19,0,178,3,0,3,181
01/21/2007,ROC,NY,AEA,CE,Combined TRACON& Tower with Radar,48,91,31,0,170,0,3,26,0,29,48,94,57,0,199,38,0,38,237
01/22/2007,ROC,NY,AEA,CE,Combined TRACON& Tower with Radar,58,117,30,0,205,0,0,0,0,0,58,117,30,0,205,0,0,0,205
01/23/2007,ROC,NY,AEA,CE,Combined TRACON& Tower with Radar,77,121,33,0,231,0,2,0,0,2,77,123,33,0,233,0,28,28,261
01/24/2007,ROC,NY,AEA,CE,Combined TRACON& Tower with Radar,80,121,36,0,237,0,3,4,9,16,80,124,40,9,253,2,16,18,271
01/25/2007,ROC,NY,AEA,CE,Combined TRACON& Tower with Radar,76,123,29,0,228,0,0,0,2,2,76,123,29,2,230,0,0,0,230
01/26/2007,ROC,NY,AEA,CE,Combined TRACON& Tower with Radar,71,118,19,3,211,0,4,2,3,9,71,122,21,6,220,0,0,0,220
01/27/2007,ROC,NY,AEA,CE,Combined TRACON& Tower with Radar,69,97,13,0,179,0,2,0,0,2,69,99,13,0,181,0,0,0,181
01/28/2007,ROC,NY,AEA,CE,Combined TRACON& Tower with Radar,47,87,7,0,141,0,0,0,0,0,47,87,7,0,141,0,0,0,141
01/29/2007,ROC,NY,AEA,CE,Combined TRACON& Tower with Radar,64,123,33,3,223,0,10,16,4,30,64,133,49,7,253,14,0,14,267
01/30/2007,ROC,NY,AEA,CE,Combined TRACON& Tower with Radar,74,117,43,4,238,0,4,1,6,11,74,121,44,10,249,6,0,6,255
01/31/2007,ROC,NY,AEA,CE,Combined TRACON& Tower with Radar,75,128,34,3,240,0,0,11,13,24,75,128,45,16,264,6,6,12,276
02/01/2007,ROC,NY,AEA,CE,Combined TRACON& Tower with Radar,76,124,37,2,239,0,5,19,5,29,76,129,56,7,268,28,0,28,296
02/02/2007,ROC,NY,AEA,CE,Combined TRACON& Tower with Radar,73,122,26,2,223,0,0,1,2,3,73,122,27,4,226,0,0,0,226
02/03/2007,ROC,NY,AEA,CE,Combined TRACON& Tower with Radar,72,83,13,2,170,0,11,7,8,26,72,94,20,10,196,2,0,2,198
02/04/2007,ROC,NY,AEA,CE,Combined TRACON& Tower with Radar,55,95,11,1,162,0,3,2,0,5,55,98,13,1,167,4,0,4,171
02/05/2007,ROC,NY,AEA,CE,Combined TRACON& Tower with Radar,58,119,35,0,212,0,0,1,0,1,58,119,36,0,213,0,0,0,213
02/06/2007,ROC,NY,AEA,CE,Combined TRACON& Tower with Radar,66,123,37,1,227,0,0,7,3,10,66,123,44,4,237,12,0,12,249
02/07/2007,ROC,NY,AEA,CE,Combined TRACON& Tower with Radar,70,112,31,1,214,0,6,2,1,9,70,118,33,2,223,12,0,12,235
02/08/2007,ROC,NY,AEA,CE,Combined TRACON& Tower with Radar,82,118,32,0,232,0,0,0,0,0,82,118,32,0,232,0,0,0,232
02/09/2007,ROC,NY,AEA,CE,Combined TRACON& Tower with Radar,75,128,26,4,233,0,1,0,0,1,75,129,26,4,234,0,0,0,234
02/10/2007,ROC,NY,AEA,CE,Combined TRACON& Tower with Radar,69,91,21,0,181,0,2,9,2,13,69,93,30,2,194,0,0,0,194
02/11/2007,ROC,NY,AEA,CE,Combined TRACON& Tower with Radar,53,92,20,2,167,0,2,20,0,22,53,94,40,2,189,120,2,122,311
02/12/2007,ROC,NY,AEA,CE,Combined TRACON& Tower with Radar,68,114,30,0,212,0,4,4,1,9,68,118,34,1,221,0,0,0,221
02/13/2007,ROC,NY,AEA,CE,Combined TRACON& Tower with Radar,57,94,27,2,180,0,2,5,2,9,57,96,32,4,189,8,0,8,197
02/14/2007,ROC,NY,AEA,CE,Combined TRACON& Tower with Radar,43,27,8,0,78,0,0,0,0,0,43,27,8,0,78,0,0,0,78
02/15/2007,ROC,NY,AEA,CE,Combined TRACON& Tower with Radar,51,107,30,1,189,0,2,0,3,5,51,109,30,4,194,0,0,0,194
02/16/2007,ROC,NY,AEA,CE,Combined TRACON& Tower with Radar,65,129,25,0,219,0,4,1,0,5,65,133,26,0,224,0,0,0,224
02/17/2007,ROC,NY,AEA,CE,Combined TRACON& Tower with Radar,55,100,19,0,174,0,8,17,0,25,55,108,36,0,199,134,0,134,333
02/18/2007,ROC,NY,AEA,CE,Combined TRACON& Tower with Radar,54,95,14,0,163,0,0,1,0,1,54,95,15,0,164,0,0,0,164
02/19/2007,ROC,NY,AEA,CE,Combined TRACON& Tower with Radar,60,131,26,0,217,0,0,14,0,14,60,131,40,0,231,8,0,8,239
02/20/2007,ROC,NY,AEA,CE,Combined TRACON& Tower with Radar,71,135,32,0,238,0,5,17,6,28,71,140,49,6,266,4,0,4,270
02/21/2007,ROC,NY,AEA,CE,Combined TRACON& Tower with Radar,70,136,23,2,231,0,5,33,8,46,70,141,56,10,277,68,0,68,345
02/22/2007,ROC,NY,AEA,CE,Combined TRACON& Tower with Radar,71,135,24,0,230,0,0,3,4,7,71,135,27,4,237,0,0,0,237
02/23/2007,ROC,NY,AEA,CE,Combined TRACON& Tower with Radar,77,132,25,5,239,0,0,5,0,5,77,132,30,5,244,30,4,34,278
02/24/2007,ROC,NY,AEA,CE,Combined TRACON& Tower with Radar,62,97,22,0,181,0,17,29,1,47,62,114,51,1,228,66,0,66,294
02/25/2007,ROC,NY,AEA,CE,Combined TRACON& Tower with Radar,45,72,37,0,154,0,0,25,0,25,45,72,62,0,179,56,0,56,235
02/26/2007,ROC,NY,AEA,CE,Combined TRACON& Tower with Radar,61,105,19,0,185,0,0,0,0,0,61,105,19,0,185,0,0,0,185
02/27/2007,ROC,NY,AEA,CE,Combined TRACON& Tower with Radar,70,134,43,2,249,0,2,0,4,6,70,136,43,6,255,14,14,28,283
02/28/2007,ROC,NY,AEA,CE,Combined TRACON& Tower with Radar,71,131,35,1,238,0,10,22,12,44,71,141,57,13,282,70,10,80,362
03/01/2007,ROC,NY,AEA,CE,Combined TRACON& Tower with Radar,66,126,38,0,230,0,0,15,9,24,66,126,53,9,254,92,28,120,374
03/02/2007,ROC,NY,AEA,CE,Combined TRACON& Tower with Radar,73,128,31,0,232,0,1,11,7,19,73,129,42,7,251,24,2,26,277
03/03/2007,ROC,NY,AEA,CE,Combined TRACON& Tower with Radar,60,88,17,0,165,0,3,9,8,20,60,91,26,8,185,80,12,92,277
03/04/2007,ROC,NY,AEA,CE,Combined TRACON& Tower with Radar,55,105,14,0,174,0,0,1,0,1,55,105,15,0,175,90,12,102,277
03/05/2007,ROC,NY,AEA,CE,Combined TRACON& Tower with Radar,50,91,26,0,167,0,0,1,0,1,50,91,27,0,168,0,0,0,168
03/06/2007,ROC,NY,AEA,CE,Combined TRACON& Tower with Radar,74,112,32,0,218,0,1,2,2,5,74,113,34,2,223,0,0,0,223
03/07/2007,ROC,NY,AEA,CE,Combined TRACON& Tower with Radar,69,121,43,1,234,0,0,29,6,35,69,121,72,7,269,40,14,54,323
03/08/2007,ROC,NY,AEA,CE,Combined TRACON& Tower with Radar,77,133,34,2,246,0,2,4,0,6,77,135,38,2,252,90,0,90,342
03/09/2007,ROC,NY,AEA,CE,Combined TRACON& Tower with Radar,73,126,53,3,255,0,7,51,5,63,73,133,104,8,318,133,0,133,451
03/10/2007,ROC,NY,AEA,CE,Combined TRACON& Tower with Radar,67,102,36,0,205,0,1,9,0,10,67,103,45,0,215,68,0,68,283
03/11/2007,ROC,NY,AEA,CE,Combined TRACON& Tower with Radar,55,96,41,2,194,0,0,37,0,37,55,96,78,2,231,62,0,62,293
03/12/2007,ROC,NY,AEA,CE,Combined TRACON& Tower with Radar,57,129,39,0,225,0,10,45,0,55,57,139,84,0,280,48,0,48,328
03/13/2007,ROC,NY,AEA,CE,Combined TRACON& Tower with Radar,74,126,54,0,254,0,6,33,3,42,74,132,87,3,296,88,1,89,385
03/14/2007,ROC,NY,AEA,CE,Combined TRACON& Tower with Radar,74,137,28,1,240,0,3,5,8,16,74,140,33,9,256,32,2,34,290
03/15/2007,ROC,NY,AEA,CE,Combined TRACON& Tower with Radar,66,138,34,0,238,0,2,12,2,16,66,140,46,2,254,86,10,96,350
03/16/2007,ROC,NY,AEA,CE,Combined TRACON& Tower with Radar,62,94,25,2,183,0,4,7,2,13,62,98,32,4,196,2,6,8,204
03/17/2007,ROC,NY,AEA,CE,Combined TRACON& Tower with Radar,54,62,14,0,130,0,0,0,0,0,54,62,14,0,130,2,6,8,138
03/18/2007,ROC,NY,AEA,CE,Combined TRACON& Tower with Radar,49,96,35,2,182,0,4,8,0,12,49,100,43,2,194,8,6,14,208
03/19/2007,ROC,NY,AEA,CE,Combined TRACON& Tower with Radar,65,115,43,2,225,0,2,5,3,10,65,117,48,5,235,0,0,0,235
03/20/2007,ROC,NY,AEA,CE,Combined TRACON& Tower with Radar,77,134,38,1,250,0,5,28,3,36,77,139,66,4,286,56,2,58,344
03/21/2007,ROC,NY,AEA,CE,Combined TRACON& Tower with Radar,69,130,37,1,237,0,5,38,9,52,69,135,75,10,289,28,16,44,333
03/22/2007,ROC,NY,AEA,CE,Combined TRACON& Tower with Radar,70,122,37,0,229,0,4,1,1,6,70,126,38,1,235,0,0,0,235
03/23/2007,ROC,NY,AEA,CE,Combined TRACON& Tower with Radar,72,129,53,3,257,0,8,49,3,60,72,137,102,6,317,72,0,72,389
03/24/2007,ROC,NY,AEA,CE,Combined TRACON& Tower with Radar,67,88,27,0,182,0,5,25,0,30,67,93,52,0,212,60,0,60,272
03/25/2007,ROC,NY,AEA,CE,Combined TRACON& Tower with Radar,53,100,38,0,191,0,1,11,0,12,53,101,49,0,203,22,0,22,225
03/26/2007,ROC,NY,AEA,CE,Combined TRACON& Tower with Radar,59,125,16,0,200,0,0,6,0,6,59,125,22,0,206,16,0,16,222
03/27/2007,ROC,NY,AEA,CE,Combined TRACON& Tower with Radar,80,129,50,5,264,0,7,8,8,23,80,136,58,13,287,44,12,56,343
03/28/2007,ROC,NY,AEA,CE,Combined TRACON& Tower with Radar,68,126,37,3,234,0,7,33,8,48,68,133,70,11,282,180,4,184,466
03/29/2007,ROC,NY,AEA,CE,Combined TRACON& Tower with Radar,79,125,41,0,245,0,10,71,4,85,79,135,112,4,330,28,0,28,358
03/30/2007,ROC,NY,AEA,CE,Combined TRACON& Tower with Radar,77,130,59,0,266,0,6,33,2,41,77,136,92,2,307,198,0,198,505
03/31/2007,ROC,NY,AEA,CE,Combined TRACON& Tower with Radar,62,88,26,0,176,0,14,45,0,59,62,102,71,0,235,110,0,110,345
04/01/2007,ROC,NY,AEA,CE,Combined TRACON& Tower with Radar,49,99,12,0,160,0,2,9,0,11,49,101,21,0,171,18,0,18,189
04/02/2007,ROC,NY,AEA,CE,Combined TRACON& Tower with Radar,62,121,16,0,199,0,3,10,1,14,62,124,26,1,213,18,0,18,231
04/03/2007,ROC,NY,AEA,CE,Combined TRACON& Tower with Radar,69,133,35,0,237,0,7,31,3,41,69,140,66,3,278,52,0,52,330
04/04/2007,ROC,NY,AEA,CE,Combined TRACON& Tower with Radar,75,126,38,0,239,0,0,12,0,12,75,126,50,0,251,0,0,0,251
04/05/2007,ROC,NY,AEA,CE,Combined TRACON& Tower with Radar,75,137,36,0,248,0,0,0,0,0,75,137,36,0,248,0,0,0,248
04/06/2007,ROC,NY,AEA,CE,Combined TRACON& Tower with Radar,81,135,33,0,249,0,4,2,0,6,81,139,35,0,255,6,0,6,261
04/07/2007,ROC,NY,AEA,CE,Combined TRACON& Tower with Radar,68,86,8,0,162,0,0,9,0,9,68,86,17,0,171,34,0,34,205
04/08/2007,ROC,NY,AEA,CE,Combined TRACON& Tower with Radar,54,96,16,0,166,0,2,1,0,3,54,98,17,0,169,0,0,0,169
04/09/2007,ROC,NY,AEA,CE,Combined TRACON& Tower with Radar,63,123,41,0,227,0,7,7,0,14,63,130,48,0,241,40,0,40,281
04/10/2007,ROC,NY,AEA,CE,Combined TRACON& Tower with Radar,78,131,38,1,248,0,3,27,6,36,78,134,65,7,284,148,0,148,432
04/11/2007,ROC,NY,AEA,CE,Combined TRACON& Tower with Radar,72,129,39,1,241,0,6,38,9,53,72,135,77,10,294,98,4,102,396
04/12/2007,ROC,NY,AEA,CE,Combined TRACON& Tower with Radar,76,120,35,0,231,0,0,6,6,12,76,120,41,6,243,10,0,10,253
04/13/2007,ROC,NY,AEA,CE,Combined TRACON& Tower with Radar,76,143,25,0,244,0,0,6,4,10,76,143,31,4,254,42,0,42,296
04/14/2007,ROC,NY,AEA,CE,Combined TRACON& Tower with Radar,73,106,50,0,229,0,12,32,7,51,73,118,82,7,280,128,0,128,408
04/15/2007,ROC,NY,AEA,CE,Combined TRACON& Tower with Radar,56,79,25,0,160,0,0,0,2,2,56,79,25,2,162,22,0,22,184
04/16/2007,ROC,NY,AEA,CE,Combined TRACON& Tower with Radar,55,85,20,0,160,0,0,0,0,0,55,85,20,0,160,0,0,0,160
04/17/2007,ROC,NY,AEA,CE,Combined TRACON& Tower with Radar,74,129,27,0,230,0,0,2,0,2,74,129,29,0,232,0,0,0,232
04/18/2007,ROC,NY,AEA,CE,Combined TRACON& Tower with Radar,79,133,35,0,247,0,4,13,1,18,79,137,48,1,265,58,4,62,327
04/19/2007,ROC,NY,AEA,CE,Combined TRACON& Tower with Radar,79,135,42,0,256,0,6,62,2,70,79,141,104,2,326,104,19,123,449
04/20/2007,ROC,NY,AEA,CE,Combined TRACON& Tower with Radar,77,126,53,0,256,0,6,54,0,60,77,132,107,0,316,100,0,100,416
04/21/2007,ROC,NY,AEA,CE,Combined TRACON& Tower with Radar,68,95,33,0,196,0,30,72,0,102,68,125,105,0,298,74,0,74,372
04/22/2007,ROC,NY,AEA,CE,Combined TRACON& Tower with Radar,61,95,36,0,192,0,5,61,0,66,61,100,97,0,258,94,1,95,353
04/23/2007,ROC,NY,AEA,CE,Combined TRACON& Tower with Radar,68,122,37,0,227,0,1,16,0,17,68,123,53,0,244,52,0,52,296
04/24/2007,ROC,NY,AEA,CE,Combined TRACON& Tower with Radar,80,108,56,1,245,0,9,39,5,53,80,117,95,6,298,88,0,88,386
04/25/2007,ROC,NY,AEA,CE,Combined TRACON& Tower with Radar,87,108,39,0,234,0,1,9,6,16,87,109,48,6,250,112,4,116,366
04/26/2007,ROC,NY,AEA,CE,Combined TRACON& Tower with Radar,83,122,43,5,253,0,19,19,1,39,83,141,62,6,292,26,8,34,326
04/27/2007,ROC,NY,AEA,CE,Combined TRACON& Tower with Radar,86,124,29,1,240,0,3,15,1,19,86,127,44,2,259,14,0,14,273
04/28/2007,ROC,NY,AEA,CE,Combined TRACON& Tower with Radar,75,87,27,1,190,0,0,2,0,2,75,87,29,1,192,48,0,48,240
04/29/2007,ROC,NY,AEA,CE,Combined TRACON& Tower with Radar,60,96,41,2,199,0,8,58,0,66,60,104,99,2,265,111,0,111,376
04/30/2007,ROC,NY,AEA,CE,Combined TRACON& Tower with Radar,75,110,29,0,214,0,9,29,0,38,75,119,58,0,252,30,8,38,290
05/01/2007,ROC,NY,AEA,CE,Combined TRACON& Tower with Radar,80,117,35,0,232,0,2,28,2,32,80,119,63,2,264,54,4,58,322
05/02/2007,ROC,NY,AEA,CE,Combined TRACON& Tower with Radar,89,110,38,0,237,0,10,44,6,60,89,120,82,6,297,156,4,160,457
05/03/2007,ROC,NY,AEA,CE,Combined TRACON& Tower with Radar,85,123,46,0,254,0,4,83,0,87,85,127,129,0,341,136,0,136,477
05/04/2007,ROC,NY,AEA,CE,Combined TRACON& Tower with Radar,82,116,50,0,248,0,13,123,1,137,82,129,173,1,385,54,0,54,439
05/05/2007,ROC,NY,AEA,CE,Combined TRACON& Tower with Radar,75,78,38,2,193,0,13,332,5,350,75,91,370,7,543,34,0,34,577
05/06/2007,ROC,NY,AEA,CE,Combined TRACON& Tower with Radar,64,88,28,0,180,0,8,61,0,69,64,96,89,0,249,64,0,64,313
05/07/2007,ROC,NY,AEA,CE,Combined TRACON& Tower with Radar,79,119,46,2,246,0,9,45,2,56,79,128,91,4,302,74,0,74,376
05/08/2007,ROC,NY,AEA,CE,Combined TRACON& Tower with Radar,84,116,34,3,237,0,7,45,0,52,84,123,79,3,289,18,0,18,307
05/09/2007,ROC,NY,AEA,CE,Combined TRACON& Tower with Radar,81,120,45,0,246,0,10,54,7,71,81,130,99,7,317,180,0,180,497
05/10/2007,ROC,NY,AEA,CE,Combined TRACON& Tower with Radar,78,116,48,0,242,0,0,10,2,12,78,116,58,2,254,78,0,78,332
05/11/2007,ROC,NY,AEA,CE,Combined TRACON& Tower with Radar,86,121,52,0,259,0,15,49,3,67,86,136,101,3,326,94,0,94,420
05/12/2007,ROC,NY,AEA,CE,Combined TRACON& Tower with Radar,63,96,35,0,194,0,11,36,0,47,63,107,71,0,241,132,0,132,373
05/13/2007,ROC,NY,AEA,CE,Combined TRACON& Tower with Radar,56,95,26,0,177,0,4,57,0,61,56,99,83,0,238,84,0,84,322
05/14/2007,ROC,NY,AEA,CE,Combined TRACON& Tower with Radar,74,114,64,0,252,0,15,46,0,61,74,129,110,0,313,122,0,122,435
05/15/2007,ROC,NY,AEA,CE,Combined TRACON& Tower with Radar,77,111,40,0,228,0,5,14,0,19,77,116,54,0,247,48,10,58,305
05/16/2007,ROC,NY,AEA,CE,Combined TRACON& Tower with Radar,83,97,56,0,236,0,0,1,0,1,83,97,57,0,237,8,0,8,245
05/17/2007,ROC,NY,AEA,CE,Combined TRACON& Tower with Radar,83,130,48,0,261,0,4,30,2,36,83,134,78,2,297,144,0,144,441
05/18/2007,ROC,NY,AEA,CE,Combined TRACON& Tower with Radar,78,123,66,2,269,0,11,44,4,59,78,134,110,6,328,174,16,190,518
05/19/2007,ROC,NY,AEA,CE,Combined TRACON& Tower with Radar,66,90,30,0,186,0,12,48,4,64,66,102,78,4,250,160,0,160,410
05/20/2007,ROC,NY,AEA,CE,Combined TRACON& Tower with Radar,60,95,45,2,202,0,7,12,1,20,60,102,57,3,222,26,0,26,248
05/21/2007,ROC,NY,AEA,CE,Combined TRACON& Tower with Radar,69,114,26,0,209,0,0,53,2,55,69,114,79,2,264,98,0,98,362
05/22/2007,ROC,NY,AEA,CE,Combined TRACON& Tower with Radar,79,115,38,0,232,0,7,62,1,70,79,122,100,1,302,202,10,212,514
05/23/2007,ROC,NY,AEA,CE,Combined TRACON& Tower with Radar,85,118,50,0,253,0,13,72,5,90,85,131,122,5,343,220,3,223,566
05/24/2007,ROC,NY,AEA,CE,Combined TRACON& Tower with Radar,80,113,54,0,247,0,12,52,10,74,80,125,106,10,321,86,1,87,408
05/25/2007,ROC,NY,AEA,CE,Combined TRACON& Tower with Radar,82,124,29,0,235,0,5,32,0,37,82,129,61,0,272,107,0,107,379
05/26/2007,ROC,NY,AEA,CE,Combined TRACON& Tower with Radar,72,72,18,0,162,0,15,38,0,53,72,87,56,0,215,82,0,82,297
05/27/2007,ROC,NY,AEA,CE,Combined TRACON& Tower with Radar,55,60,20,0,135,0,10,10,0,20,55,70,30,0,155,40,0,40,195
05/28/2007,ROC,NY,AEA,CE,Combined TRACON& Tower with Radar,67,89,25,0,181,0,12,30,4,46,67,101,55,4,227,36,0,36,263
05/29/2007,ROC,NY,AEA,CE,Combined TRACON& Tower with Radar,71,106,44,0,221,0,14,62,6,82,71,120,106,6,303,114,14,128,431
05/30/2007,ROC,NY,AEA,CE,Combined TRACON& Tower with Radar,84,123,53,0,260,0,16,55,10,81,84,139,108,10,341,118,8,126,467
05/31/2007,ROC,NY,AEA,CE,Combined TRACON& Tower with Radar,84,117,52,0,253,0,6,44,3,53,84,123,96,3,306,160,0,160,466
06/01/2007,ROC,NY,AEA,CE,Combined TRACON& Tower with Radar,82,109,39,0,230,0,8,29,12,49,82,117,68,12,279,156,2,158,437
06/02/2007,ROC,NY,AEA,CE,Combined TRACON& Tower with Radar,72,74,24,0,170,0,8,23,4,35,72,82,47,4,205,164,0,164,369
06/03/2007,ROC,NY,AEA,CE,Combined TRACON& Tower with Radar,53,73,39,0,165,0,7,24,0,31,53,80,63,0,196,58,0,58,254
06/04/2007,ROC,NY,AEA,CE,Combined TRACON& Tower with Radar,71,116,39,0,226,0,0,1,0,1,71,116,40,0,227,36,0,36,263
06/05/2007,ROC,NY,AEA,CE,Combined TRACON& Tower with Radar,80,112,51,0,243,0,4,0,0,4,80,116,51,0,247,50,0,50,297
06/06/2007,ROC,NY,AEA,CE,Combined TRACON& Tower with Radar,79,125,45,4,253,0,9,66,10,85,79,134,111,14,338,242,12,254,592
06/07/2007,ROC,NY,AEA,CE,Combined TRACON& Tower with Radar,77,115,60,0,252,0,1,65,0,66,77,116,125,0,318,164,6,170,488
06/08/2007,ROC,NY,AEA,CE,Combined TRACON& Tower with Radar,82,98,46,0,226,0,7,25,4,36,82,105,71,4,262,111,6,117,379
06/09/2007,ROC,NY,AEA,CE,Combined TRACON& Tower with Radar,64,84,31,0,179,0,3,50,0,53,64,87,81,0,232,50,0,50,282
06/10/2007,ROC,NY,AEA,CE,Combined TRACON& Tower with Radar,68,84,32,0,184,0,15,49,0,64,68,99,81,0,248,78,0,78,326
06/11/2007,ROC,NY,AEA,CE,Combined TRACON& Tower with Radar,69,97,32,0,198,0,9,71,0,80,69,106,103,0,278,148,0,148,426
06/12/2007,ROC,NY,AEA,CE,Combined TRACON& Tower with Radar,69,100,46,0,215,0,11,46,1,58,69,111,92,1,273,182,1,183,456
06/13/2007,ROC,NY,AEA,CE,Combined TRACON& Tower with Radar,79,111,42,5,237,0,7,50,7,64,79,118,92,12,301,130,14,144,445
06/14/2007,ROC,NY,AEA,CE,Combined TRACON& Tower with Radar,90,110,56,0,256,0,8,74,4,86,90,118,130,4,342,96,2,98,440
06/15/2007,ROC,NY,AEA,CE,Combined TRACON& Tower with Radar,85,116,43,0,244,0,9,66,2,77,85,125,109,2,321,184,2,186,507
06/16/2007,ROC,NY,AEA,CE,Combined TRACON& Tower with Radar,61,76,41,0,178,0,9,67,4,80,61,85,108,4,258,36,0,36,294
06/17/2007,ROC,NY,AEA,CE,Combined TRACON& Tower with Radar,69,90,23,0,182,0,9,42,0,51,69,99,65,0,233,218,0,218,451
06/18/2007,ROC,NY,AEA,CE,Combined TRACON& Tower with Radar,67,97,32,0,196,0,8,50,2,60,67,105,82,2,256,84,0,84,340
06/19/2007,ROC,NY,AEA,CE,Combined TRACON& Tower with Radar,73,96,17,0,186,0,1,22,4,27,73,97,39,4,213,96,8,104,317
06/20/2007,ROC,NY,AEA,CE,Combined TRACON& Tower with Radar,78,122,60,0,260,0,2,54,1,57,78,124,114,1,317,30,0,30,347
06/21/2007,ROC,NY,AEA,CE,Combined TRACON& Tower with Radar,82,110,57,1,250,0,1,43,4,48,82,111,100,5,298,62,0,62,360
06/22/2007,ROC,NY,AEA,CE,Combined TRACON& Tower with Radar,79,113,36,2,230,0,10,44,0,54,79,123,80,2,284,84,0,84,368
06/23/2007,ROC,NY,AEA,CE,Combined TRACON& Tower with Radar,69,78,29,0,176,0,16,68,1,85,69,94,97,1,261,72,0,72,333
06/24/2007,ROC,NY,AEA,CE,Combined TRACON& Tower with Radar,63,91,36,2,192,0,10,61,0,71,63,101,97,2,263,14,0,14,277
06/25/2007,ROC,NY,AEA,CE,Combined TRACON& Tower with Radar,68,109,43,0,220,0,15,66,2,83,68,124,109,2,303,112,0,112,415
06/26/2007,ROC,NY,AEA,CE,Combined TRACON& Tower with Radar,78,106,33,0,217,0,7,46,0,53,78,113,79,0,270,79,0,79,349
06/27/2007,ROC,NY,AEA,CE,Combined TRACON& Tower with Radar,74,110,48,1,233,0,10,21,2,33,74,120,69,3,266,79,0,79,345
06/28/2007,ROC,NY,AEA,CE,Combined TRACON& Tower with Radar,75,96,70,1,242,0,5,37,0,42,75,101,107,1,284,98,0,98,382
06/29/2007,ROC,NY,AEA,CE,Combined TRACON& Tower with Radar,81,106,53,0,240,0,9,69,2,80,81,115,122,2,320,226,2,228,548
06/30/2007,ROC,NY,AEA,CE,Combined TRACON& Tower with Radar,66,75,39,0,180,0,5,77,0,82,66,80,116,0,262,48,0,48,310
07/01/2007,ROC,NY,AEA,CE,Combined TRACON& Tower with Radar,60,81,27,0,168,0,4,43,0,47,60,85,70,0,215,38,0,38,253
07/02/2007,ROC,NY,AEA,CE,Combined TRACON& Tower with Radar,72,97,40,0,209,0,14,67,4,85,72,111,107,4,294,86,3,89,383
07/03/2007,ROC,NY,AEA,CE,Combined TRACON& Tower with Radar,72,106,21,1,200,0,4,57,3,64,72,110,78,4,264,118,5,123,387
07/04/2007,ROC,NY,AEA,CE,Combined TRACON& Tower with Radar,68,62,11,0,141,0,4,10,0,14,68,66,21,0,155,40,0,40,195
07/05/2007,ROC,NY,AEA,CE,Combined TRACON& Tower with Radar,72,91,29,0,192,0,0,6,0,6,72,91,35,0,198,44,0,44,242
07/06/2007,ROC,NY,AEA,CE,Combined TRACON& Tower with Radar,86,102,42,0,230,0,4,32,0,36,86,106,74,0,266,57,0,57,323
07/07/2007,ROC,NY,AEA,CE,Combined TRACON& Tower with Radar,70,73,20,0,163,0,12,41,2,55,70,85,61,2,218,30,2,32,250
07/08/2007,ROC,NY,AEA,CE,Combined TRACON& Tower with Radar,67,77,40,0,184,0,6,39,0,45,67,83,79,0,229,72,0,72,301
07/09/2007,ROC,NY,AEA,CE,Combined TRACON& Tower with Radar,73,93,32,0,198,0,11,27,0,38,73,104,59,0,236,48,0,48,284
07/10/2007,ROC,NY,AEA,CE,Combined TRACON& Tower with Radar,83,95,36,1,215,0,0,49,0,49,83,95,85,1,264,112,2,114,378
07/11/2007,ROC,NY,AEA,CE,Combined TRACON& Tower with Radar,79,93,33,0,205,0,3,19,4,26,79,96,52,4,231,90,3,93,324
07/12/2007,ROC,NY,AEA,CE,Combined TRACON& Tower with Radar,80,111,57,1,249,0,7,65,4,76,80,118,122,5,325,70,12,82,407
07/13/2007,ROC,NY,AEA,CE,Combined TRACON& Tower with Radar,83,107,47,0,237,0,8,43,6,57,83,115,90,6,294,116,4,120,414
07/14/2007,ROC,NY,AEA,CE,Combined TRACON& Tower with Radar,68,82,19,1,170,0,5,39,0,44,68,87,58,1,214,52,4,56,270
07/15/2007,ROC,NY,AEA,CE,Combined TRACON& Tower with Radar,72,71,33,0,176,0,5,46,3,54,72,76,79,3,230,71,0,71,301
07/16/2007,ROC,NY,AEA,CE,Combined TRACON& Tower with Radar,77,97,45,1,220,0,4,44,8,56,77,101,89,9,276,160,0,160,436
07/17/2007,ROC,NY,AEA,CE,Combined TRACON& Tower with Radar,82,105,44,1,232,0,12,67,6,85,82,117,111,7,317,26,0,26,343
07/18/2007,ROC,NY,AEA,CE,Combined TRACON& Tower with Radar,76,101,43,1,221,0,6,21,4,31,76,107,64,5,252,148,0,148,400
07/19/2007,ROC,NY,AEA,CE,Combined TRACON& Tower with Radar,77,107,50,0,234,0,8,15,1,24,77,115,65,1,258,46,0,46,304
07/20/2007,ROC,NY,AEA,CE,Combined TRACON& Tower with Radar,85,108,52,0,245,0,7,15,1,23,85,115,67,1,268,32,0,32,300
07/21/2007,ROC,NY,AEA,CE,Combined TRACON& Tower with Radar,70,79,17,4,170,0,18,72,1,91,70,97,89,5,261,52,0,52,313
07/22/2007,ROC,NY,AEA,CE,Combined TRACON& Tower with Radar,70,77,21,0,168,0,10,59,0,69,70,87,80,0,237,44,0,44,281
07/23/2007,ROC,NY,AEA,CE,Combined TRACON& Tower with Radar,66,99,54,3,222,0,15,49,0,64,66,114,103,3,286,90,0,90,376
07/24/2007,ROC,NY,AEA,CE,Combined TRACON& Tower with Radar,86,120,50,0,256,0,5,27,4,36,86,125,77,4,292,156,0,156,448
07/25/2007,ROC,NY,AEA,CE,Combined TRACON& Tower with Radar,83,114,67,5,269,0,4,84,4,92,83,118,151,9,361,62,0,62,423
07/26/2007,ROC,NY,AEA,CE,Combined TRACON& Tower with Radar,82,116,57,1,256,0,13,39,7,59,82,129,96,8,315,112,0,112,427
07/27/2007,ROC,NY,AEA,CE,Combined TRACON& Tower with Radar,83,98,37,0,218,0,2,26,2,30,83,100,63,2,248,74,0,74,322
07/28/2007,ROC,NY,AEA,CE,Combined TRACON& Tower with Radar,70,81,34,2,187,0,6,18,0,24,70,87,52,2,211,28,0,28,239
07/29/2007,ROC,NY,AEA,CE,Combined TRACON& Tower with Radar,61,70,49,2,182,0,7,34,0,41,61,77,83,2,223,104,0,104,327
07/30/2007,ROC,NY,AEA,CE,Combined TRACON& Tower with Radar,74,98,39,2,213,0,15,63,0,78,74,113,102,2,291,134,0,134,425
07/31/2007,ROC,NY,AEA,CE,Combined TRACON& Tower with Radar,81,103,36,1,221,0,9,68,1,78,81,112,104,2,299,112,0,112,411
08/01/2007,ROC,NY,AEA,CE,Combined TRACON& Tower with Radar,85,115,49,0,249,0,8,59,2,69,85,123,108,2,318,215,6,221,539
08/02/2007,ROC,NY,AEA,CE,Combined TRACON& Tower with Radar,82,112,79,0,273,0,6,54,0,60,82,118,133,0,333,156,0,156,489
08/03/2007,ROC,NY,AEA,CE,Combined TRACON& Tower with Radar,81,106,40,2,229,0,9,33,0,42,81,115,73,2,271,132,0,132,403
08/04/2007,ROC,NY,AEA,CE,Combined TRACON& Tower with Radar,79,81,34,0,194,0,19,45,0,64,79,100,79,0,258,70,0,70,328
08/05/2007,ROC,NY,AEA,CE,Combined TRACON& Tower with Radar,68,85,42,0,195,0,14,31,0,45,68,99,73,0,240,124,0,124,364
08/06/2007,ROC,NY,AEA,CE,Combined TRACON& Tower with Radar,67,97,54,0,218,0,3,18,0,21,67,100,72,0,239,107,0,107,346
08/07/2007,ROC,NY,AEA,CE,Combined TRACON& Tower with Radar,87,103,42,0,232,0,2,16,2,20,87,105,58,2,252,102,0,102,354
08/08/2007,ROC,NY,AEA,CE,Combined TRACON& Tower with Radar,80,108,70,1,259,0,8,27,5,40,80,116,97,6,299,172,4,176,475
08/09/2007,ROC,NY,AEA,CE,Combined TRACON& Tower with Radar,73,102,51,1,227,0,3,34,5,42,73,105,85,6,269,68,0,68,337
08/10/2007,ROC,NY,AEA,CE,Combined TRACON& Tower with Radar,80,100,50,1,231,0,8,30,1,39,80,108,80,2,270,80,0,80,350
08/11/2007,ROC,NY,AEA,CE,Combined TRACON& Tower with Radar,72,81,50,0,203,0,15,61,0,76,72,96,111,0,279,164,0,164,443
08/12/2007,ROC,NY,AEA,CE,Combined TRACON& Tower with Radar,70,82,36,0,188,0,22,63,2,87,70,104,99,2,275,34,0,34,309
08/13/2007,ROC,NY,AEA,CE,Combined TRACON& Tower with Radar,79,102,58,0,239,0,6,41,0,47,79,108,99,0,286,128,0,128,414
08/14/2007,ROC,NY,AEA,CE,Combined TRACON& Tower with Radar,81,109,51,0,241,0,15,69,6,90,81,124,120,6,331,166,0,166,497
08/15/2007,ROC,NY,AEA,CE,Combined TRACON& Tower with Radar,90,110,55,0,255,0,9,53,5,67,90,119,108,5,322,186,0,186,508
08/16/2007,ROC,NY,AEA,CE,Combined TRACON& Tower with Radar,82,108,56,5,251,0,23,30,2,55,82,131,86,7,306,34,0,34,340
08/17/2007,ROC,NY,AEA,CE,Combined TRACON& Tower with Radar,90,97,46,0,233,0,17,47,3,67,90,114,93,3,300,28,0,28,328
08/18/2007,ROC,NY,AEA,CE,Combined TRACON& Tower with Radar,75,76,12,0,163,0,13,24,0,37,75,89,36,0,200,36,0,36,236
08/19/2007,ROC,NY,AEA,CE,Combined TRACON& Tower with Radar,69,74,31,0,174,0,7,29,0,36,69,81,60,0,210,88,0,88,298
08/20/2007,ROC,NY,AEA,CE,Combined TRACON& Tower with Radar,71,95,54,0,220,0,6,21,0,27,71,101,75,0,247,112,0,112,359
08/21/2007,ROC,NY,AEA,CE,Combined TRACON& Tower with Radar,78,105,55,0,238,0,6,10,1,17,78,111,65,1,255,24,0,24,279
08/22/2007,ROC,NY,AEA,CE,Combined TRACON& Tower with Radar,80,112,61,0,253,0,3,19,10,32,80,115,80,10,285,116,0,116,401
08/23/2007,ROC,NY,AEA,CE,Combined TRACON& Tower with Radar,82,116,43,0,241,0,3,18,0,21,82,119,61,0,262,20,0,20,282
08/24/2007,ROC,NY,AEA,CE,Combined TRACON& Tower with Radar,74,116,48,4,242,0,7,38,4,49,74,123,86,8,291,72,0,72,363
08/25/2007,ROC,NY,AEA,CE,Combined TRACON& Tower with Radar,65,76,18,0,159,0,8,11,0,19,65,84,29,0,178,62,0,62,240
08/26/2007,ROC,NY,AEA,CE,Combined TRACON& Tower with Radar,68,79,42,0,189,0,7,37,0,44,68,86,79,0,233,33,0,33,266
08/27/2007,ROC,NY,AEA,CE,Combined TRACON& Tower with Radar,75,117,58,0,250,0,3,57,2,62,75,120,115,2,312,44,2,46,358
08/28/2007,ROC,NY,AEA,CE,Combined TRACON& Tower with Radar,81,111,47,2,241,0,9,64,2,75,81,120,111,4,316,134,0,134,450
08/29/2007,ROC,NY,AEA,CE,Combined TRACON& Tower with Radar,80,106,52,0,238,0,12,55,4,71,80,118,107,4,309,64,0,64,373
08/30/2007,ROC,NY,AEA,CE,Combined TRACON& Tower with Radar,81,111,53,1,246,0,6,3,1,10,81,117,56,2,256,0,0,0,256
08/31/2007,ROC,NY,AEA,CE,Combined TRACON& Tower with Radar,83,110,52,0,245,0,12,54,0,66,83,122,106,0,311,15,0,15,326
09/01/2007,ROC,NY,AEA,CE,Combined TRACON& Tower with Radar,72,76,33,0,181,0,16,51,0,67,72,92,84,0,248,46,0,46,294
09/02/2007,ROC,NY,AEA,CE,Combined TRACON& Tower with Radar,58,55,28,0,141,0,10,48,0,58,58,65,76,0,199,74,0,74,273
09/03/2007,ROC,NY,AEA,CE,Combined TRACON& Tower with Radar,68,82,21,0,171,0,2,47,0,49,68,84,68,0,220,20,0,20,240
09/04/2007,ROC,NY,AEA,CE,Combined TRACON& Tower with Radar,70,106,43,1,220,0,12,46,1,59,70,118,89,2,279,88,0,88,367
09/05/2007,ROC,NY,AEA,CE,Combined TRACON& Tower with Radar,77,116,42,3,238,0,7,52,3,62,77,123,94,6,300,52,0,52,352
09/06/2007,ROC,NY,AEA,CE,Combined TRACON& Tower with Radar,75,107,48,2,232,0,11,38,3,52,75,118,86,5,284,134,0,134,418
09/07/2007,ROC,NY,AEA,CE,Combined TRACON& Tower with Radar,82,117,29,2,230,0,5,19,3,27,82,122,48,5,257,38,24,62,319
09/08/2007,ROC,NY,AEA,CE,Combined TRACON& Tower with Radar,65,73,20,0,158,0,22,15,2,39,65,95,35,2,197,0,0,0,197
09/09/2007,ROC,NY,AEA,CE,Combined TRACON& Tower with Radar,63,77,37,0,177,0,0,0,0,0,63,77,37,0,177,0,0,0,177
09/10/2007,ROC,NY,AEA,CE,Combined TRACON& Tower with Radar,67,107,59,0,233,0,3,35,2,40,67,110,94,2,273,96,0,96,369
09/11/2007,ROC,NY,AEA,CE,Combined TRACON& Tower with Radar,75,100,42,1,218,0,3,4,1,8,75,103,46,2,226,66,0,66,292
09/12/2007,ROC,NY,AEA,CE,Combined TRACON& Tower with Radar,83,119,38,12,252,0,12,23,13,48,83,131,61,25,300,58,0,58,358
09/13/2007,ROC,NY,AEA,CE,Combined TRACON& Tower with Radar,84,121,49,2,256,0,17,76,2,95,84,138,125,4,351,64,0,64,415
09/14/2007,ROC,NY,AEA,CE,Combined TRACON& Tower with Radar,74,122,65,0,261,0,10,40,2,52,74,132,105,2,313,64,0,64,377
09/15/2007,ROC,NY,AEA,CE,Combined TRACON& Tower with Radar,66,70,46,0,182,0,8,12,0,20,66,78,58,0,202,38,0,38,240
09/16/2007,ROC,NY,AEA,CE,Combined TRACON& Tower with Radar,64,75,59,0,198,0,8,70,0,78,64,83,129,0,276,124,0,124,400
09/17/2007,ROC,NY,AEA,CE,Combined TRACON& Tower with Radar,65,112,30,1,208,0,5,65,1,71,65,117,95,2,279,48,0,48,327
09/18/2007,ROC,NY,AEA,CE,Combined TRACON& Tower with Radar,75,112,45,0,232,0,14,48,4,66,75,126,93,4,298,133,0,133,431
09/19/2007,ROC,NY,AEA,CE,Combined TRACON& Tower with Radar,79,106,53,0,238,0,3,57,4,64,79,109,110,4,302,154,0,154,456
09/20/2007,ROC,NY,AEA,CE,Combined TRACON& Tower with Radar,77,121,57,1,256,0,11,55,3,69,77,132,112,4,325,93,2,95,420
09/21/2007,ROC,NY,AEA,CE,Combined TRACON& Tower with Radar,81,114,70,0,265,0,8,40,1,49,81,122,110,1,314,84,8,92,406
09/22/2007,ROC,NY,AEA,CE,Combined TRACON& Tower with Radar,67,77,22,0,166,0,8,27,0,35,67,85,49,0,201,38,0,38,239
09/23/2007,ROC,NY,AEA,CE,Combined TRACON& Tower with Radar,64,85,43,0,192,0,10,55,0,65,64,95,98,0,257,18,0,18,275
09/24/2007,ROC,NY,AEA,CE,Combined TRACON& Tower with Radar,63,114,33,0,210,0,15,51,0,66,63,129,84,0,276,22,0,22,298
09/25/2007,ROC,NY,AEA,CE,Combined TRACON& Tower with Radar,73,110,53,0,236,0,13,33,0,46,73,123,86,0,282,94,0,94,376
09/26/2007,ROC,NY,AEA,CE,Combined TRACON& Tower with Radar,80,110,44,0,234,0,11,15,0,26,80,121,59,0,260,56,0,56,316
09/27/2007,ROC,NY,AEA,CE,Combined TRACON& Tower with Radar,69,112,54,0,235,0,0,3,0,3,69,112,57,0,238,56,0,56,294
09/28/2007,ROC,NY,AEA,CE,Combined TRACON& Tower with Radar,79,125,66,0,270,0,3,12,0,15,79,128,78,0,285,6,1,7,292
09/29/2007,ROC,NY,AEA,CE,Combined TRACON& Tower with Radar,66,87,32,0,185,0,13,36,0,49,66,100,68,0,234,24,1,25,259
09/30/2007,ROC,NY,AEA,CE,Combined TRACON& Tower with Radar,67,84,42,0,193,0,7,68,0,75,67,91,110,0,268,22,0,22,290
10/01/2007,ROC,NY,AEA,CE,Combined TRACON& Tower with Radar,63,119,36,0,218,0,2,55,0,57,63,121,91,0,275,48,0,48,323
10/02/2007,ROC,NY,AEA,CE,Combined TRACON& Tower with Radar,74,118,47,0,239,0,10,15,0,25,74,128,62,0,264,86,0,86,350
10/03/2007,ROC,NY,AEA,CE,Combined TRACON& Tower with Radar,81,125,41,4,251,0,3,24,14,41,81,128,65,18,292,48,12,60,352
10/04/2007,ROC,NY,AEA,CE,Combined TRACON& Tower with Radar,78,134,45,0,257,0,15,44,6,65,78,149,89,6,322,72,15,87,409
10/05/2007,ROC,NY,AEA,CE,Combined TRACON& Tower with Radar,77,123,49,0,249,0,7,56,0,63,77,130,105,0,312,70,15,85,397
10/06/2007,ROC,NY,AEA,CE,Combined TRACON& Tower with Radar,76,70,23,0,169,0,11,38,0,49,76,81,61,0,218,38,0,38,256
10/07/2007,ROC,NY,AEA,CE,Combined TRACON& Tower with Radar,67,80,36,0,183,0,6,24,0,30,67,86,60,0,213,98,0,98,311
10/08/2007,ROC,NY,AEA,CE,Combined TRACON& Tower with Radar,68,102,38,0,208,0,5,39,0,44,68,107,77,0,252,54,0,54,306
10/09/2007,ROC,NY,AEA,CE,Combined TRACON& Tower with Radar,78,112,49,0,239,0,1,2,0,3,78,113,51,0,242,0,0,0,242
10/10/2007,ROC,NY,AEA,CE,Combined TRACON& Tower with Radar,77,120,59,0,256,0,8,42,6,56,77,128,101,6,312,18,0,18,330
10/11/2007,ROC,NY,AEA,CE,Combined TRACON& Tower with Radar,77,109,50,0,236,0,7,12,0,19,77,116,62,0,255,78,1,79,334
10/12/2007,ROC,NY,AEA,CE,Combined TRACON& Tower with Radar,78,123,49,2,252,0,12,20,5,37,78,135,69,7,289,138,0,138,427
10/13/2007,ROC,NY,AEA,CE,Combined TRACON& Tower with Radar,69,64,22,0,155,0,9,21,0,30,69,73,43,0,185,78,0,78,263
10/14/2007,ROC,NY,AEA,CE,Combined TRACON& Tower with Radar,60,85,56,0,201,0,13,37,0,50,60,98,93,0,251,104,0,104,355
10/15/2007,ROC,NY,AEA,CE,Combined TRACON& Tower with Radar,72,112,58,0,242,0,9,33,0,42,72,121,91,0,284,62,0,62,346
10/16/2007,ROC,NY,AEA,CE,Combined TRACON& Tower with Radar,76,123,54,0,253,0,6,53,0,59,76,129,107,0,312,94,0,94,406
10/17/2007,ROC,NY,AEA,CE,Combined TRACON& Tower with Radar,75,113,71,1,260,0,13,34,11,58,75,126,105,12,318,68,0,68,386
10/18/2007,ROC,NY,AEA,CE,Combined TRACON& Tower with Radar,72,113,51,0,236,0,15,19,2,36,72,128,70,2,272,130,0,130,402
10/19/2007,ROC,NY,AEA,CE,Combined TRACON& Tower with Radar,74,119,53,0,246,0,16,4,0,20,74,135,57,0,266,14,0,14,280
10/20/2007,ROC,NY,AEA,CE,Combined TRACON& Tower with Radar,78,76,27,0,181,0,8,7,0,15,78,84,34,0,196,50,0,50,246
10/21/2007,ROC,NY,AEA,CE,Combined TRACON& Tower with Radar,64,86,42,0,192,0,11,74,0,85,64,97,116,0,277,78,3,81,358
10/22/2007,ROC,NY,AEA,CE,Combined TRACON& Tower with Radar,69,111,60,1,241,0,5,44,5,54,69,116,104,6,295,86,3,89,384
10/23/2007,ROC,NY,AEA,CE,Combined TRACON& Tower with Radar,81,104,41,1,227,0,0,3,0,3,81,104,44,1,230,0,0,0,230
10/24/2007,ROC,NY,AEA,CE,Combined TRACON& Tower with Radar,81,124,56,0,261,0,12,24,0,36,81,136,80,0,297,44,0,44,341
10/25/2007,ROC,NY,AEA,CE,Combined TRACON& Tower with Radar,77,118,53,4,252,0,3,52,11,66,77,121,105,15,318,133,0,133,451
10/26/2007,ROC,NY,AEA,CE,Combined TRACON& Tower with Radar,76,112,38,1,227,0,6,28,16,50,76,118,66,17,277,4,0,4,281
10/27/2007,ROC,NY,AEA,CE,Combined TRACON& Tower with Radar,72,66,26,4,168,0,5,0,6,11,72,71,26,10,179,4,0,4,183
10/28/2007,ROC,NY,AEA,CE,Combined TRACON& Tower with Radar,64,69,32,0,165,0,5,15,5,25,64,74,47,5,190,2,0,2,192
10/29/2007,ROC,NY,AEA,CE,Combined TRACON& Tower with Radar,72,113,31,0,216,0,10,53,0,63,72,123,84,0,279,74,0,74,353
10/30/2007,ROC,NY,AEA,CE,Combined TRACON& Tower with Radar,78,116,58,2,254,0,4,75,6,85,78,120,133,8,339,106,6,112,451
10/31/2007,ROC,NY,AEA,CE,Combined TRACON& Tower with Radar,76,107,44,0,227,0,4,45,4,53,76,111,89,4,280,10,0,10,290
11/01/2007,ROC,NY,AEA,CE,Combined TRACON& Tower with Radar,80,119,51,1,251,0,5,31,5,41,80,124,82,6,292,10,0,10,302
11/02/2007,ROC,NY,AEA,CE,Combined TRACON& Tower with Radar,84,113,71,3,271,0,4,56,13,73,84,117,127,16,344,166,12,178,522
11/03/2007,ROC,NY,AEA,CE,Combined TRACON& Tower with Radar,67,76,36,1,180,0,10,97,7,114,67,86,133,8,294,106,16,122,416
11/04/2007,ROC,NY,AEA,CE,Combined TRACON& Tower with Radar,61,78,52,0,191,0,2,38,0,40,61,80,90,0,231,28,0,28,259
11/05/2007,ROC,NY,AEA,CE,Combined TRACON& Tower with Radar,64,108,45,0,217,0,10,30,2,42,64,118,75,2,259,76,2,78,337
11/06/2007,ROC,NY,AEA,CE,Combined TRACON& Tower with Radar,74,117,36,0,227,0,5,5,0,10,74,122,41,0,237,0,0,0,237
11/07/2007,ROC,NY,AEA,CE,Combined TRACON& Tower with Radar,78,118,38,1,235,0,4,30,4,38,78,122,68,5,273,30,0,30,303
11/08/2007,ROC,NY,AEA,CE,Combined TRACON& Tower with Radar,81,120,57,0,258,0,3,40,0,43,81,123,97,0,301,189,0,189,490
11/09/2007,ROC,NY,AEA,CE,Combined TRACON& Tower with Radar,73,124,48,0,245,0,8,16,0,24,73,132,64,0,269,32,0,32,301
11/10/2007,ROC,NY,AEA,CE,Combined TRACON& Tower with Radar,72,79,25,0,176,0,1,17,0,18,72,80,42,0,194,24,0,24,218
11/11/2007,ROC,NY,AEA,CE,Combined TRACON& Tower with Radar,61,80,35,0,176,0,16,54,0,70,61,96,89,0,246,54,0,54,300
11/12/2007,ROC,NY,AEA,CE,Combined TRACON& Tower with Radar,67,101,43,0,211,0,7,19,0,26,67,108,62,0,237,74,0,74,311
11/13/2007,ROC,NY,AEA,CE,Combined TRACON& Tower with Radar,75,114,49,0,238,0,7,55,0,62,75,121,104,0,300,100,0,100,400
11/14/2007,ROC,NY,AEA,CE,Combined TRACON& Tower with Radar,77,115,38,1,231,0,3,14,1,18,77,118,52,2,249,12,0,12,261
11/15/2007,ROC,NY,AEA,CE,Combined TRACON& Tower with Radar,83,117,34,4,238,0,2,18,4,24,83,119,52,8,262,6,10,16,278
11/16/2007,ROC,NY,AEA,CE,Combined TRACON& Tower with Radar,86,107,37,0,230,0,0,3,0,3,86,107,40,0,233,6,10,16,249
11/17/2007,ROC,NY,AEA,CE,Combined TRACON& Tower with Radar,67,88,15,0,170,0,4,15,0,19,67,92,30,0,189,40,0,40,229
11/18/2007,ROC,NY,AEA,CE,Combined TRACON& Tower with Radar,65,75,43,0,183,0,5,47,0,52,65,80,90,0,235,48,0,48,283
11/19/2007,ROC,NY,AEA,CE,Combined TRACON& Tower with Radar,66,101,47,0,214,0,1,33,2,36,66,102,80,2,250,28,0,28,278
11/20/2007,ROC,NY,AEA,CE,Combined TRACON& Tower with Radar,81,109,40,1,231,0,3,16,0,19,81,112,56,1,250,100,0,100,350
11/21/2007,ROC,NY,AEA,CE,Combined TRACON& Tower with Radar,80,123,35,0,238,0,0,0,0,0,80,123,35,0,238,0,0,0,238
11/22/2007,ROC,NY,AEA,CE,Combined TRACON& Tower with Radar,61,74,2,0,137,0,0,0,0,0,61,74,2,0,137,0,0,0,137
11/23/2007,ROC,NY,AEA,CE,Combined TRACON& Tower with Radar,63,63,10,0,136,0,9,3,0,12,63,72,13,0,148,72,0,72,220
11/24/2007,ROC,NY,AEA,CE,Combined TRACON& Tower with Radar,72,73,29,0,174,0,2,33,0,35,72,75,62,0,209,36,0,36,245
11/25/2007,ROC,NY,AEA,CE,Combined TRACON& Tower with Radar,73,80,50,0,203,0,8,42,0,50,73,88,92,0,253,88,0,88,341
11/26/2007,ROC,NY,AEA,CE,Combined TRACON& Tower with Radar,61,102,28,0,191,0,1,1,0,2,61,103,29,0,193,0,0,0,193
11/27/2007,ROC,NY,AEA,CE,Combined TRACON& Tower with Radar,80,118,33,0,231,0,4,4,0,8,80,122,37,0,239,0,0,0,239
11/28/2007,ROC,NY,AEA,CE,Combined TRACON& Tower with Radar,82,115,43,2,242,0,14,51,6,71,82,129,94,8,313,146,2,148,461
11/29/2007,ROC,NY,AEA,CE,Combined TRACON& Tower with Radar,75,122,41,0,238,0,3,0,0,3,75,125,41,0,241,0,0,0,241
11/30/2007,ROC,NY,AEA,CE,Combined TRACON& Tower with Radar,80,117,41,1,239,0,5,13,3,21,80,122,54,4,260,60,8,68,328
12/01/2007,ROC,NY,AEA,CE,Combined TRACON& Tower with Radar,69,80,17,0,166,0,0,6,0,6,69,80,23,0,172,60,8,68,240
12/02/2007,ROC,NY,AEA,CE,Combined TRACON& Tower with Radar,51,67,9,0,127,0,3,0,0,3,51,70,9,0,130,0,0,0,130
12/03/2007,ROC,NY,AEA,CE,Combined TRACON& Tower with Radar,51,87,20,0,158,0,0,0,0,0,51,87,20,0,158,0,0,0,158
12/04/2007,ROC,NY,AEA,CE,Combined TRACON& Tower with Radar,67,106,22,0,195,0,0,0,0,0,67,106,22,0,195,0,0,0,195
12/05/2007,ROC,NY,AEA,CE,Combined TRACON& Tower with Radar,72,108,38,2,220,0,0,1,5,6,72,108,39,7,226,0,0,0,226
12/06/2007,ROC,NY,AEA,CE,Combined TRACON& Tower with Radar,74,116,49,1,240,0,12,15,3,30,74,128,64,4,270,28,14,42,312
12/07/2007,ROC,NY,AEA,CE,Combined TRACON& Tower with Radar,73,128,57,2,260,0,2,18,2,22,73,130,75,4,282,74,14,88,370
12/08/2007,ROC,NY,AEA,CE,Combined TRACON& Tower with Radar,72,76,31,0,179,0,2,21,4,27,72,78,52,4,206,88,8,96,302
12/09/2007,ROC,NY,AEA,CE,Combined TRACON& Tower with Radar,49,76,11,0,136,0,0,4,0,4,49,76,15,0,140,52,0,52,192
12/10/2007,ROC,NY,AEA,CE,Combined TRACON& Tower with Radar,61,114,33,0,208,0,0,0,0,0,61,114,33,0,208,0,0,0,208
12/11/2007,ROC,NY,AEA,CE,Combined TRACON& Tower with Radar,79,98,42,0,219,0,0,8,2,10,79,98,50,2,229,0,0,0,229
12/12/2007,ROC,NY,AEA,CE,Combined TRACON& Tower with Radar,78,120,31,1,230,0,4,30,12,46,78,124,61,13,276,0,0,0,276
12/13/2007,ROC,NY,AEA,CE,Combined TRACON& Tower with Radar,69,81,33,0,183,0,2,2,1,5,69,83,35,1,188,0,0,0,188
12/14/2007,ROC,NY,AEA,CE,Combined TRACON& Tower with Radar,80,114,42,1,237,0,3,7,1,11,80,117,49,2,248,0,0,0,248
12/15/2007,ROC,NY,AEA,CE,Combined TRACON& Tower with Radar,60,84,45,0,189,0,9,20,0,29,60,93,65,0,218,66,0,66,284
12/16/2007,ROC,NY,AEA,CE,Combined TRACON& Tower with Radar,36,19,3,0,58,0,0,0,0,0,36,19,3,0,58,0,0,0,58
12/17/2007,ROC,NY,AEA,CE,Combined TRACON& Tower with Radar,54,99,16,0,169,0,0,3,0,3,54,99,19,0,172,0,0,0,172
12/18/2007,ROC,NY,AEA,CE,Combined TRACON& Tower with Radar,78,116,50,0,244,0,7,22,3,32,78,123,72,3,276,148,0,148,424
12/19/2007,ROC,NY,AEA,CE,Combined TRACON& Tower with Radar,77,122,37,0,236,0,6,10,2,18,77,128,47,2,254,78,0,78,332
12/20/2007,ROC,NY,AEA,CE,Combined TRACON& Tower with Radar,81,115,45,0,241,0,0,0,2,2,81,115,45,2,243,0,0,0,243
12/21/2007,ROC,NY,AEA,CE,Combined TRACON& Tower with Radar,78,126,24,2,230,0,5,23,7,35,78,131,47,9,265,24,4,28,293
12/22/2007,ROC,NY,AEA,CE,Combined TRACON& Tower with Radar,72,94,19,0,185,0,6,22,0,28,72,100,41,0,213,24,4,28,241
12/23/2007,ROC,NY,AEA,CE,Combined TRACON& Tower with Radar,57,65,6,0,128,0,0,0,0,0,57,65,6,0,128,0,0,0,128
12/24/2007,ROC,NY,AEA,CE,Combined TRACON& Tower with Radar,63,85,4,1,153,0,0,0,0,0,63,85,4,1,153,0,0,0,153
12/25/2007,ROC,NY,AEA,CE,Combined TRACON& Tower with Radar,60,55,1,0,116,0,0,0,0,0,60,55,1,0,116,0,0,0,116
12/26/2007,ROC,NY,AEA,CE,Combined TRACON& Tower with Radar,72,91,37,0,200,0,7,44,0,51,72,98,81,0,251,20,0,20,271
12/27/2007,ROC,NY,AEA,CE,Combined TRACON& Tower with Radar,71,108,20,2,201,0,4,6,2,12,71,112,26,4,213,10,0,10,223
12/28/2007,ROC,NY,AEA,CE,Combined TRACON& Tower with Radar,80,93,16,0,189,0,6,32,0,38,80,99,48,0,227,28,0,28,255
12/29/2007,ROC,NY,AEA,CE,Combined TRACON& Tower with Radar,70,81,9,0,160,0,2,3,0,5,70,83,12,0,165,70,0,70,235
12/30/2007,ROC,NY,AEA,CE,Combined TRACON& Tower with Radar,65,72,25,0,162,0,0,35,0,35,65,72,60,0,197,54,0,54,251
12/31/2007,ROC,NY,AEA,CE,Combined TRACON& Tower with Radar,62,84,14,0,160,0,9,20,0,29,62,93,34,0,189,26,0,26,215
01/01/2008,ROC,NY,AEA,CE,Combined TRACON& Tower with Radar,63,63,5,0,131,0,5,0,3,8,63,68,5,3,139,0,0,0,139
01/02/2008,ROC,NY,AEA,CE,Combined TRACON& Tower with Radar,63,63,5,0,131,0,5,0,3,8,63,68,5,3,139,0,0,0,139
01/03/2008,ROC,NY,AEA,CE,Combined TRACON& Tower with Radar,79,113,31,0,223,0,6,10,0,16,79,119,41,0,239,26,0,26,265
01/04/2008,ROC,NY,AEA,CE,Combined TRACON& Tower with Radar,79,100,31,0,210,0,4,11,2,17,79,104,42,2,227,24,0,24,251
01/05/2008,ROC,NY,AEA,CE,Combined TRACON& Tower with Radar,63,81,38,0,182,0,1,26,0,27,63,82,64,0,209,88,0,88,297
01/06/2008,ROC,NY,AEA,CE,Combined TRACON& Tower with Radar,59,84,25,0,168,0,2,4,0,6,59,86,29,0,174,164,0,164,338
01/07/2008,ROC,NY,AEA,CE,Combined TRACON& Tower with Radar,71,103,40,0,214,0,7,13,0,20,71,110,53,0,234,32,0,32,266
01/08/2008,ROC,NY,AEA,CE,Combined TRACON& Tower with Radar,71,103,49,1,224,0,10,19,6,35,71,113,68,7,259,54,0,54,313
01/09/2008,ROC,NY,AEA,CE,Combined TRACON& Tower with Radar,73,103,17,0,193,6,2,3,0,11,79,105,20,0,204,10,0,10,214
01/10/2008,ROC,NY,AEA,CE,Combined TRACON& Tower with Radar,77,116,68,0,261,0,3,40,4,47,77,119,108,4,308,39,5,44,352
01/11/2008,ROC,NY,AEA,CE,Combined TRACON& Tower with Radar,75,107,33,2,217,0,4,3,8,15,75,111,36,10,232,0,0,0,232
01/12/2008,ROC,NY,AEA,CE,Combined TRACON& Tower with Radar,57,79,29,2,167,0,6,42,3,51,57,85,71,5,218,76,0,76,294
01/13/2008,ROC,NY,AEA,CE,Combined TRACON& Tower with Radar,52,72,28,2,154,20,0,38,6,64,72,72,66,8,218,60,0,60,278
01/14/2008,ROC,NY,AEA,CE,Combined TRACON& Tower with Radar,61,97,23,0,181,0,0,43,0,43,61,97,66,0,224,52,0,52,276
01/15/2008,ROC,NY,AEA,CE,Combined TRACON& Tower with Radar,71,116,41,0,228,0,1,0,0,1,71,117,41,0,229,2,0,2,231
01/16/2008,ROC,NY,AEA,CE,Combined TRACON& Tower with Radar,72,110,38,2,222,0,6,14,12,32,72,116,52,14,254,13,2,15,269
01/17/2008,ROC,NY,AEA,CE,Combined TRACON& Tower with Radar,75,109,54,1,239,0,4,21,1,26,75,113,75,2,265,102,0,102,367
01/18/2008,ROC,NY,AEA,CE,Combined TRACON& Tower with Radar,74,117,26,0,217,2,3,2,0,7,76,120,28,0,224,2,0,2,226
01/19/2008,ROC,NY,AEA,CE,Combined TRACON& Tower with Radar,58,69,21,0,148,1,0,6,0,7,59,69,27,0,155,28,0,28,183
01/20/2008,ROC,NY,AEA,CE,Combined TRACON& Tower with Radar,57,85,8,0,150,0,2,11,0,13,57,87,19,0,163,30,0,30,193
01/21/2008,ROC,NY,AEA,CE,Combined TRACON& Tower with Radar,62,108,38,0,208,0,7,17,0,24,62,115,55,0,232,116,0,116,348
01/22/2008,ROC,NY,AEA,CE,Combined TRACON& Tower with Radar,65,109,32,0,206,0,4,0,3,7,65,113,32,3,213,10,0,10,223
01/23/2008,ROC,NY,AEA,CE,Combined TRACON& Tower with Radar,77,109,63,1,250,0,8,15,1,24,77,117,78,2,274,0,0,0,274
01/24/2008,ROC,NY,AEA,CE,Combined TRACON& Tower with Radar,76,108,49,4,237,0,2,3,4,9,76,110,52,8,246,8,26,34,280
01/25/2008,ROC,NY,AEA,CE,Combined TRACON& Tower with Radar,78,110,49,1,238,0,11,8,1,20,78,121,57,2,258,14,4,18,276
01/26/2008,ROC,NY,AEA,CE,Combined TRACON& Tower with Radar,52,79,34,0,165,0,0,17,0,17,52,79,51,0,182,96,0,96,278
01/27/2008,ROC,NY,AEA,CE,Combined TRACON& Tower with Radar,58,87,23,0,168,0,2,25,0,27,58,89,48,0,195,158,0,158,353
01/28/2008,ROC,NY,AEA,CE,Combined TRACON& Tower with Radar,66,111,59,2,238,0,20,15,2,37,66,131,74,4,275,32,0,32,307
01/29/2008,ROC,NY,AEA,CE,Combined TRACON& Tower with Radar,68,107,34,0,209,0,4,4,2,10,68,111,38,2,219,84,12,96,315
01/30/2008,ROC,NY,AEA,CE,Combined TRACON& Tower with Radar,72,91,18,0,181,0,1,0,0,1,72,92,18,0,182,0,0,0,182
01/31/2008,ROC,NY,AEA,CE,Combined TRACON& Tower with Radar,70,111,48,0,229,0,11,48,3,62,70,122,96,3,291,30,6,36,327
02/01/2008,ROC,NY,AEA,CE,Combined TRACON& Tower with Radar,54,56,10,0,120,0,0,0,0,0,54,56,10,0,120,0,0,0,120
02/02/2008,ROC,NY,AEA,CE,Combined TRACON& Tower with Radar,58,72,15,0,145,0,0,0,0,0,58,72,15,0,145,2,0,2,147
02/03/2008,ROC,NY,AEA,CE,Combined TRACON& Tower with Radar,64,82,24,0,170,0,0,7,0,7,64,82,31,0,177,4,0,4,181
02/04/2008,ROC,NY,AEA,CE,Combined TRACON& Tower with Radar,72,103,49,0,224,0,0,5,0,5,72,103,54,0,229,8,0,8,237
02/05/2008,ROC,NY,AEA,CE,Combined TRACON& Tower with Radar,76,111,28,0,215,0,0,0,0,0,76,111,28,0,215,0,0,0,215
02/06/2008,ROC,NY,AEA,CE,Combined TRACON& Tower with Radar,67,88,16,0,171,0,0,0,0,0,67,88,16,0,171,0,0,0,171
02/07/2008,ROC,NY,AEA,CE,Combined TRACON& Tower with Radar,82,108,51,2,243,0,0,1,0,1,82,108,52,2,244,0,0,0,244
02/08/2008,ROC,NY,AEA,CE,Combined TRACON& Tower with Radar,77,106,19,0,202,0,0,1,4,5,77,106,20,4,207,10,20,30,237
02/09/2008,ROC,NY,AEA,CE,Combined TRACON& Tower with Radar,56,69,6,0,131,0,1,0,0,1,56,70,6,0,132,6,0,6,138
02/10/2008,ROC,NY,AEA,CE,Combined TRACON& Tower with Radar,60,86,19,0,165,0,0,0,0,0,60,86,19,0,165,0,0,0,165
02/11/2008,ROC,NY,AEA,CE,Combined TRACON& Tower with Radar,73,108,39,0,220,0,4,11,0,15,73,112,50,0,235,0,0,0,235
02/12/2008,ROC,NY,AEA,CE,Combined TRACON& Tower with Radar,62,86,33,0,181,0,2,0,0,2,62,88,33,0,183,0,0,0,183
02/13/2008,ROC,NY,AEA,CE,Combined TRACON& Tower with Radar,73,95,49,1,218,0,0,1,5,6,73,95,50,6,224,0,0,0,224
02/14/2008,ROC,NY,AEA,CE,Combined TRACON& Tower with Radar,82,124,51,0,257,0,5,29,2,36,82,129,80,2,293,84,0,84,377
02/15/2008,ROC,NY,AEA,CE,Combined TRACON& Tower with Radar,76,114,28,0,218,0,0,0,0,0,76,114,28,0,218,0,0,0,218
02/16/2008,ROC,NY,AEA,CE,Combined TRACON& Tower with Radar,68,79,39,0,186,0,2,60,0,62,68,81,99,0,248,62,0,62,310
02/17/2008,ROC,NY,AEA,CE,Combined TRACON& Tower with Radar,59,90,14,0,163,0,0,6,0,6,59,90,20,0,169,0,0,0,169
02/18/2008,ROC,NY,AEA,CE,Combined TRACON& Tower with Radar,69,102,16,0,187,0,0,1,0,1,69,102,17,0,188,0,0,0,188
02/19/2008,ROC,NY,AEA,CE,Combined TRACON& Tower with Radar,74,125,34,0,233,0,2,0,0,2,74,127,34,0,235,0,0,0,235
02/20/2008,ROC,NY,AEA,CE,Combined TRACON& Tower with Radar,77,120,39,2,238,0,5,33,12,50,77,125,72,14,288,110,0,110,398
02/21/2008,ROC,NY,AEA,CE,Combined TRACON& Tower with Radar,77,117,41,3,238,0,4,37,14,55,77,121,78,17,293,64,0,64,357
02/22/2008,ROC,NY,AEA,CE,Combined TRACON& Tower with Radar,71,79,23,3,176,0,0,0,7,7,71,79,23,10,183,72,0,72,255
02/23/2008,ROC,NY,AEA,CE,Combined TRACON& Tower with Radar,64,69,51,0,184,0,2,32,0,34,64,71,83,0,218,36,0,36,254
02/24/2008,ROC,NY,AEA,CE,Combined TRACON& Tower with Radar,61,95,52,0,208,0,4,65,0,69,61,99,117,0,277,58,0,58,335
02/25/2008,ROC,NY,AEA,CE,Combined TRACON& Tower with Radar,67,114,34,1,216,0,6,22,3,31,67,120,56,4,247,84,0,84,331
02/26/2008,ROC,NY,AEA,CE,Combined TRACON& Tower with Radar,63,102,27,0,192,0,0,0,0,0,63,102,27,0,192,0,0,0,192
02/27/2008,ROC,NY,AEA,CE,Combined TRACON& Tower with Radar,76,110,27,0,213,0,0,0,0,0,76,110,27,0,213,0,0,0,213
02/28/2008,ROC,NY,AEA,CE,Combined TRACON& Tower with Radar,78,118,34,0,230,0,3,4,0,7,78,121,38,0,237,0,0,0,237
02/29/2008,ROC,NY,AEA,CE,Combined TRACON& Tower with Radar,76,108,28,0,212,0,0,16,0,16,76,108,44,0,228,12,0,12,240
03/01/2008,ROC,NY,AEA,CE,Combined TRACON& Tower with Radar,63,76,8,0,147,0,0,0,0,0,63,76,8,0,147,0,0,0,147
03/02/2008,ROC,NY,AEA,CE,Combined TRACON& Tower with Radar,54,107,38,0,199,0,8,48,0,56,54,115,86,0,255,92,0,92,347
03/03/2008,ROC,NY,AEA,CE,Combined TRACON& Tower with Radar,65,115,39,0,219,0,12,7,0,19,65,127,46,0,238,12,0,12,250
03/04/2008,ROC,NY,AEA,CE,Combined TRACON& Tower with Radar,72,109,42,0,223,0,0,9,2,11,72,109,51,2,234,0,0,0,234
03/05/2008,ROC,NY,AEA,CE,Combined TRACON& Tower with Radar,75,98,30,0,203,0,1,1,0,2,75,99,31,0,205,0,0,0,205
03/06/2008,ROC,NY,AEA,CE,Combined TRACON& Tower with Radar,80,118,34,1,233,0,3,11,6,20,80,121,45,7,253,52,0,52,305
03/07/2008,ROC,NY,AEA,CE,Combined TRACON& Tower with Radar,66,78,23,0,167,0,0,0,4,4,66,78,23,4,171,42,14,56,227
03/08/2008,ROC,NY,AEA,CE,Combined TRACON& Tower with Radar,40,39,9,0,88,0,0,0,0,0,40,39,9,0,88,0,0,0,88
03/09/2008,ROC,NY,AEA,CE,Combined TRACON& Tower with Radar,46,75,19,0,140,0,0,2,0,2,46,75,21,0,142,0,0,0,142
03/10/2008,ROC,NY,AEA,CE,Combined TRACON& Tower with Radar,69,126,29,0,224,0,3,26,2,31,69,129,55,2,255,54,0,54,309
03/11/2008,ROC,NY,AEA,CE,Combined TRACON& Tower with Radar,73,122,47,1,243,0,2,13,3,18,73,124,60,4,261,46,2,48,309
03/12/2008,ROC,NY,AEA,CE,Combined TRACON& Tower with Radar,77,117,26,1,221,0,3,11,7,21,77,120,37,8,242,4,0,4,246
03/13/2008,ROC,NY,AEA,CE,Combined TRACON& Tower with Radar,77,122,31,0,230,0,2,11,0,13,77,124,42,0,243,26,2,28,271
03/14/2008,ROC,NY,AEA,CE,Combined TRACON& Tower with Radar,73,117,28,1,219,0,1,13,3,17,73,118,41,4,236,0,0,0,236
03/15/2008,ROC,NY,AEA,CE,Combined TRACON& Tower with Radar,68,74,24,0,166,0,0,1,0,1,68,74,25,0,167,0,0,0,167
03/16/2008,ROC,NY,AEA,CE,Combined TRACON& Tower with Radar,62,99,19,0,180,0,0,12,0,12,62,99,31,0,192,46,0,46,238
03/17/2008,ROC,NY,AEA,CE,Combined TRACON& Tower with Radar,67,115,39,4,225,0,7,55,0,62,67,122,94,4,287,230,0,230,517
03/18/2008,ROC,NY,AEA,CE,Combined TRACON& Tower with Radar,68,125,41,0,234,0,1,6,0,7,68,126,47,0,241,0,0,0,241
03/19/2008,ROC,NY,AEA,CE,Combined TRACON& Tower with Radar,75,115,25,0,215,0,0,0,0,0,75,115,25,0,215,0,0,0,215
03/20/2008,ROC,NY,AEA,CE,Combined TRACON& Tower with Radar,69,130,50,0,249,0,1,0,0,1,69,131,50,0,250,0,0,0,250
03/21/2008,ROC,NY,AEA,CE,Combined TRACON& Tower with Radar,76,109,33,1,219,0,2,26,2,30,76,111,59,3,249,0,0,0,249
03/22/2008,ROC,NY,AEA,CE,Combined TRACON& Tower with Radar,66,74,25,0,165,0,5,59,0,64,66,79,84,0,229,68,0,68,297
03/23/2008,ROC,NY,AEA,CE,Combined TRACON& Tower with Radar,56,97,17,0,170,0,2,15,0,17,56,99,32,0,187,84,0,84,271
03/24/2008,ROC,NY,AEA,CE,Combined TRACON& Tower with Radar,71,127,43,0,241,0,3,14,2,19,71,130,57,2,260,40,4,44,304
03/25/2008,ROC,NY,AEA,CE,Combined TRACON& Tower with Radar,72,118,41,0,231,0,0,24,2,26,72,118,65,2,257,58,0,58,315
03/26/2008,ROC,NY,AEA,CE,Combined TRACON& Tower with Radar,72,125,57,5,259,0,2,24,9,35,72,127,81,14,294,108,6,114,408
03/27/2008,ROC,NY,AEA,CE,Combined TRACON& Tower with Radar,72,126,33,1,232,0,2,19,6,27,72,128,52,7,259,14,2,16,275
03/28/2008,ROC,NY,AEA,CE,Combined TRACON& Tower with Radar,77,119,25,1,222,0,1,0,0,1,77,120,25,1,223,0,0,0,223
03/29/2008,ROC,NY,AEA,CE,Combined TRACON& Tower with Radar,66,68,14,0,148,0,8,32,0,40,66,76,46,0,188,126,0,126,314
03/30/2008,ROC,NY,AEA,CE,Combined TRACON& Tower with Radar,58,91,18,0,167,0,2,39,0,41,58,93,57,0,208,34,0,34,242
03/31/2008,ROC,NY,AEA,CE,Combined TRACON& Tower with Radar,74,105,35,1,215,0,0,6,0,6,74,105,41,1,221,54,0,54,275
04/01/2008,ROC,NY,AEA,CE,Combined TRACON& Tower with Radar,78,110,20,1,209,0,0,2,2,4,78,110,22,3,213,4,0,4,217
04/02/2008,ROC,NY,AEA,CE,Combined TRACON& Tower with Radar,77,119,66,0,262,0,6,59,0,65,77,125,125,0,327,26,0,26,353
04/03/2008,ROC,NY,AEA,CE,Combined TRACON& Tower with Radar,72,125,51,2,250,0,6,50,8,64,72,131,101,10,314,50,2,52,366
04/04/2008,ROC,NY,AEA,CE,Combined TRACON& Tower with Radar,74,109,22,0,205,0,0,0,0,0,74,109,22,0,205,0,0,0,205
04/05/2008,ROC,NY,AEA,CE,Combined TRACON& Tower with Radar,66,77,37,0,180,0,4,38,2,44,66,81,75,2,224,106,0,106,330
04/06/2008,ROC,NY,AEA,CE,Combined TRACON& Tower with Radar,58,91,34,0,183,0,7,78,0,85,58,98,112,0,268,47,0,47,315
04/07/2008,ROC,NY,AEA,CE,Combined TRACON& Tower with Radar,73,113,38,0,224,0,2,36,2,40,73,115,74,2,264,32,0,32,296
04/08/2008,ROC,NY,AEA,CE,Combined TRACON& Tower with Radar,84,116,44,0,244,0,6,31,3,40,84,122,75,3,284,0,0,0,284
04/09/2008,ROC,NY,AEA,CE,Combined TRACON& Tower with Radar,84,117,54,0,255,0,5,21,6,32,84,122,75,6,287,122,30,152,439
04/10/2008,ROC,NY,AEA,CE,Combined TRACON& Tower with Radar,88,117,35,3,243,0,2,32,1,35,88,119,67,4,278,120,8,128,406
04/11/2008,ROC,NY,AEA,CE,Combined TRACON& Tower with Radar,83,119,33,0,235,0,0,0,4,4,83,119,33,4,239,0,0,0,239
04/12/2008,ROC,NY,AEA,CE,Combined TRACON& Tower with Radar,73,85,22,0,180,14,1,17,1,33,87,86,39,1,213,24,0,24,237
04/13/2008,ROC,NY,AEA,CE,Combined TRACON& Tower with Radar,70,88,18,0,176,0,3,14,0,17,70,91,32,0,193,0,0,0,193
04/14/2008,ROC,NY,AEA,CE,Combined TRACON& Tower with Radar,79,113,36,0,228,0,3,28,0,31,79,116,64,0,259,44,0,44,303
04/15/2008,ROC,NY,AEA,CE,Combined TRACON& Tower with Radar,86,107,52,1,246,0,5,60,1,66,86,112,112,2,312,148,12,160,472
04/16/2008,ROC,NY,AEA,CE,Combined TRACON& Tower with Radar,86,116,43,0,245,16,10,52,0,78,102,126,95,0,323,96,0,96,419
04/17/2008,ROC,NY,AEA,CE,Combined TRACON& Tower with Radar,89,118,39,0,246,0,2,50,0,52,89,120,89,0,298,83,5,88,386
04/18/2008,ROC,NY,AEA,CE,Combined TRACON& Tower with Radar,89,113,28,2,232,0,6,36,1,43,89,119,64,3,275,12,0,12,287
04/19/2008,ROC,NY,AEA,CE,Combined TRACON& Tower with Radar,71,70,22,0,163,0,8,46,0,54,71,78,68,0,217,0,0,0,217
04/20/2008,ROC,NY,AEA,CE,Combined TRACON& Tower with Radar,71,84,36,0,191,0,0,31,0,31,71,84,67,0,222,54,0,54,276
04/21/2008,ROC,NY,AEA,CE,Combined TRACON& Tower with Radar,77,114,29,0,220,0,2,19,2,23,77,116,48,2,243,2,0,2,245
04/22/2008,ROC,NY,AEA,CE,Combined TRACON& Tower with Radar,88,112,47,0,247,0,5,39,0,44,88,117,86,0,291,44,0,44,335
04/23/2008,ROC,NY,AEA,CE,Combined TRACON& Tower with Radar,86,119,39,0,244,0,1,26,4,31,86,120,65,4,275,64,0,64,339
04/24/2008,ROC,NY,AEA,CE,Combined TRACON& Tower with Radar,85,121,47,0,253,0,4,37,1,42,85,125,84,1,295,78,0,78,373
04/25/2008,ROC,NY,AEA,CE,Combined TRACON& Tower with Radar,85,107,59,2,253,0,6,36,1,43,85,113,95,3,296,12,0,12,308
04/26/2008,ROC,NY,AEA,CE,Combined TRACON& Tower with Radar,63,67,8,0,138,0,2,15,0,17,63,69,23,0,155,30,0,30,185
04/27/2008,ROC,NY,AEA,CE,Combined TRACON& Tower with Radar,76,89,51,2,218,0,5,42,0,47,76,94,93,2,265,116,0,116,381
04/28/2008,ROC,NY,AEA,CE,Combined TRACON& Tower with Radar,77,94,51,0,222,0,0,0,0,0,77,94,51,0,222,0,0,0,222
04/29/2008,ROC,NY,AEA,CE,Combined TRACON& Tower with Radar,93,114,52,0,259,0,1,27,1,29,93,115,79,1,288,36,0,36,324
04/30/2008,ROC,NY,AEA,CE,Combined TRACON& Tower with Radar,90,118,49,0,257,0,1,45,2,48,90,119,94,2,305,92,0,92,397
05/01/2008,ROC,NY,AEA,CE,Combined TRACON& Tower with Radar,84,109,48,1,242,0,2,25,7,34,84,111,73,8,276,0,0,0,276
05/02/2008,ROC,NY,AEA,CE,Combined TRACON& Tower with Radar,84,102,61,3,250,0,2,27,3,32,84,104,88,6,282,100,0,100,382
05/03/2008,ROC,NY,AEA,CE,Combined TRACON& Tower with Radar,65,82,38,0,185,0,4,24,2,30,65,86,62,2,215,146,0,146,361
05/04/2008,ROC,NY,AEA,CE,Combined TRACON& Tower with Radar,68,85,20,0,173,0,0,14,1,15,68,85,34,1,188,0,0,0,188
05/05/2008,ROC,NY,AEA,CE,Combined TRACON& Tower with Radar,83,103,45,2,233,0,2,36,0,38,83,105,81,2,271,92,0,92,363
05/06/2008,ROC,NY,AEA,CE,Combined TRACON& Tower with Radar,82,108,38,0,228,0,3,28,0,31,82,111,66,0,259,110,0,110,369
05/07/2008,ROC,NY,AEA,CE,Combined TRACON& Tower with Radar,85,110,49,0,244,0,1,32,4,37,85,111,81,4,281,40,2,42,323
05/08/2008,ROC,NY,AEA,CE,Combined TRACON& Tower with Radar,83,126,46,0,255,0,1,11,0,12,83,127,57,0,267,12,0,12,279
05/09/2008,ROC,NY,AEA,CE,Combined TRACON& Tower with Radar,86,103,40,6,235,0,0,30,0,30,86,103,70,6,265,11,16,27,292
05/10/2008,ROC,NY,AEA,CE,Combined TRACON& Tower with Radar,68,66,29,0,163,0,6,44,0,50,68,72,73,0,213,156,32,188,401
05/11/2008,ROC,NY,AEA,CE,Combined TRACON& Tower with Radar,60,92,28,0,180,0,6,25,0,31,60,98,53,0,211,68,0,68,279
05/12/2008,ROC,NY,AEA,CE,Combined TRACON& Tower with Radar,80,100,48,0,228,0,2,23,0,25,80,102,71,0,253,154,0,154,407
05/13/2008,ROC,NY,AEA,CE,Combined TRACON& Tower with Radar,87,96,51,0,234,0,5,52,6,63,87,101,103,6,297,42,0,42,339
05/14/2008,ROC,NY,AEA,CE,Combined TRACON& Tower with Radar,85,110,58,0,253,0,4,51,6,61,85,114,109,6,314,0,0,0,314
05/15/2008,ROC,NY,AEA,CE,Combined TRACON& Tower with Radar,81,116,58,0,255,0,3,19,10,32,81,119,77,10,287,66,0,66,353
05/16/2008,ROC,NY,AEA,CE,Combined TRACON& Tower with Radar,84,106,58,0,248,0,8,34,0,42,84,114,92,0,290,148,4,152,442
05/17/2008,ROC,NY,AEA,CE,Combined TRACON& Tower with Radar,64,76,24,1,165,0,6,10,1,17,64,82,34,2,182,92,0,92,274
05/18/2008,ROC,NY,AEA,CE,Combined TRACON& Tower with Radar,63,100,37,0,200,0,0,7,0,7,63,100,44,0,207,104,0,104,311
05/19/2008,ROC,NY,AEA,CE,Combined TRACON& Tower with Radar,76,110,58,0,244,0,2,7,0,9,76,112,65,0,253,24,0,24,277
05/20/2008,ROC,NY,AEA,CE,Combined TRACON& Tower with Radar,80,105,47,0,232,0,4,27,1,32,80,109,74,1,264,142,0,142,406
05/21/2008,ROC,NY,AEA,CE,Combined TRACON& Tower with Radar,87,103,52,1,243,0,3,9,6,18,87,106,61,7,261,106,12,118,379
05/22/2008,ROC,NY,AEA,CE,Combined TRACON& Tower with Radar,91,114,59,2,266,0,1,14,1,16,91,115,73,3,282,12,0,12,294
05/23/2008,ROC,NY,AEA,CE,Combined TRACON& Tower with Radar,82,118,41,1,242,0,2,41,2,45,82,120,82,3,287,46,0,46,333
05/24/2008,ROC,NY,AEA,CE,Combined TRACON& Tower with Radar,68,62,20,0,150,0,3,31,2,36,68,65,51,2,186,0,0,0,186
05/25/2008,ROC,NY,AEA,CE,Combined TRACON& Tower with Radar,62,86,15,1,164,0,2,26,4,32,62,88,41,5,196,72,0,72,268
05/26/2008,ROC,NY,AEA,CE,Combined TRACON& Tower with Radar,68,78,20,0,166,0,2,6,1,9,68,80,26,1,175,40,2,42,217
05/27/2008,ROC,NY,AEA,CE,Combined TRACON& Tower with Radar,75,97,56,0,228,0,3,10,2,15,75,100,66,2,243,174,0,174,417
05/28/2008,ROC,NY,AEA,CE,Combined TRACON& Tower with Radar,86,108,35,0,229,0,4,53,4,61,86,112,88,4,290,12,0,12,302
05/29/2008,ROC,NY,AEA,CE,Combined TRACON& Tower with Radar,85,111,53,1,250,0,10,72,7,89,85,121,125,8,339,44,4,48,387
05/30/2008,ROC,NY,AEA,CE,Combined TRACON& Tower with Radar,80,110,59,0,249,0,1,52,6,59,80,111,111,6,308,124,0,124,432
05/31/2008,ROC,NY,AEA,CE,Combined TRACON& Tower with Radar,64,61,14,0,139,0,0,9,0,9,64,61,23,0,148,122,0,122,270
06/01/2008,ROC,NY,AEA,CE,Combined TRACON& Tower with Radar,68,87,30,0,185,0,1,22,4,27,68,88,52,4,212,32,0,32,244
06/02/2008,ROC,NY,AEA,CE,Combined TRACON& Tower with Radar,85,104,30,0,219,0,5,34,4,43,85,109,64,4,262,24,0,24,286
06/03/2008,ROC,NY,AEA,CE,Combined TRACON& Tower with Radar,86,110,51,0,247,0,3,20,0,23,86,113,71,0,270,164,8,172,442
06/04/2008,ROC,NY,AEA,CE,Combined TRACON& Tower with Radar,77,97,37,0,211,38,2,17,4,61,115,99,54,4,272,70,24,94,366
06/05/2008,ROC,NY,AEA,CE,Combined TRACON& Tower with Radar,90,102,75,9,276,0,0,0,0,0,90,102,75,9,276,145,2,147,423
06/06/2008,ROC,NY,AEA,CE,Combined TRACON& Tower with Radar,79,109,64,0,252,0,3,41,2,46,79,112,105,2,298,122,2,124,422
06/07/2008,ROC,NY,AEA,CE,Combined TRACON& Tower with Radar,68,60,11,0,139,0,1,25,6,32,68,61,36,6,171,20,4,24,195
06/08/2008,ROC,NY,AEA,CE,Combined TRACON& Tower with Radar,60,68,35,0,163,0,5,22,0,27,60,73,57,0,190,24,0,24,214
06/09/2008,ROC,NY,AEA,CE,Combined TRACON& Tower with Radar,76,106,27,0,209,0,1,34,1,36,76,107,61,1,245,14,0,14,259
06/10/2008,ROC,NY,AEA,CE,Combined TRACON& Tower with Radar,77,105,34,1,217,0,0,12,1,13,77,105,46,2,230,140,0,140,370
06/11/2008,ROC,NY,AEA,CE,Combined TRACON& Tower with Radar,86,110,41,0,237,0,2,74,0,76,86,112,115,0,313,130,0,130,443
06/12/2008,ROC,NY,AEA,CE,Combined TRACON& Tower with Radar,83,118,44,1,246,0,2,51,3,56,83,120,95,4,302,218,12,230,532
06/13/2008,ROC,NY,AEA,CE,Combined TRACON& Tower with Radar,77,103,45,2,227,0,2,32,1,35,77,105,77,3,262,56,0,56,318
06/14/2008,ROC,NY,AEA,CE,Combined TRACON& Tower with Radar,69,61,37,3,170,0,1,123,0,124,69,62,160,3,294,150,0,150,444
06/15/2008,ROC,NY,AEA,CE,Combined TRACON& Tower with Radar,66,75,31,0,172,0,7,54,0,61,66,82,85,0,233,54,0,54,287
06/16/2008,ROC,NY,AEA,CE,Combined TRACON& Tower with Radar,69,105,37,0,211,0,1,18,0,19,69,106,55,0,230,18,0,18,248
06/17/2008,ROC,NY,AEA,CE,Combined TRACON& Tower with Radar,81,109,48,0,238,0,9,34,4,47,81,118,82,4,285,158,0,158,443
06/18/2008,ROC,NY,AEA,CE,Combined TRACON& Tower with Radar,81,118,51,1,251,0,3,23,5,31,81,121,74,6,282,114,0,114,396
06/19/2008,ROC,NY,AEA,CE,Combined TRACON& Tower with Radar,81,115,57,0,253,0,1,30,0,31,81,116,87,0,284,202,0,202,486
06/20/2008,ROC,NY,AEA,CE,Combined TRACON& Tower with Radar,78,103,56,0,237,0,1,23,0,24,78,104,79,0,261,28,0,28,289
06/21/2008,ROC,NY,AEA,CE,Combined TRACON& Tower with Radar,62,68,15,0,145,0,15,28,0,43,62,83,43,0,188,156,0,156,344
06/22/2008,ROC,NY,AEA,CE,Combined TRACON& Tower with Radar,67,77,33,0,177,0,3,37,0,40,67,80,70,0,217,22,0,22,239
06/23/2008,ROC,NY,AEA,CE,Combined TRACON& Tower with Radar,72,104,39,0,215,0,2,36,0,38,72,106,75,0,253,204,0,204,457
06/24/2008,ROC,NY,AEA,CE,Combined TRACON& Tower with Radar,84,109,67,0,260,0,2,33,2,37,84,111,100,2,297,90,0,90,387
06/25/2008,ROC,NY,AEA,CE,Combined TRACON& Tower with Radar,82,109,46,1,238,0,10,67,5,82,82,119,113,6,320,0,0,0,320
06/26/2008,ROC,NY,AEA,CE,Combined TRACON& Tower with Radar,78,113,34,0,225,0,1,8,7,16,78,114,42,7,241,66,0,66,307
06/27/2008,ROC,NY,AEA,CE,Combined TRACON& Tower with Radar,80,112,41,0,233,0,3,33,0,36,80,115,74,0,269,163,7,170,439
06/28/2008,ROC,NY,AEA,CE,Combined TRACON& Tower with Radar,59,61,7,0,127,0,1,9,0,10,59,62,16,0,137,24,0,24,161
06/29/2008,ROC,NY,AEA,CE,Combined TRACON& Tower with Radar,67,73,21,0,161,0,1,17,0,18,67,74,38,0,179,96,0,96,275
06/30/2008,ROC,NY,AEA,CE,Combined TRACON& Tower with Radar,77,113,27,0,217,0,2,19,2,23,77,115,46,2,240,144,0,144,384
07/01/2008,ROC,NY,AEA,CE,Combined TRACON& Tower with Radar,86,94,29,1,210,30,7,47,10,94,116,101,76,11,304,96,0,96,400
07/02/2008,ROC,NY,AEA,CE,Combined TRACON& Tower with Radar,85,108,26,3,222,0,3,60,12,75,85,111,86,15,297,132,0,132,429
07/03/2008,ROC,NY,AEA,CE,Combined TRACON& Tower with Radar,81,100,42,0,223,0,4,10,0,14,81,104,52,0,237,0,0,0,237
07/04/2008,ROC,NY,AEA,CE,Combined TRACON& Tower with Radar,67,60,22,0,149,0,1,37,0,38,67,61,59,0,187,110,0,110,297
07/05/2008,ROC,NY,AEA,CE,Combined TRACON& Tower with Radar,67,47,4,0,118,0,3,36,0,39,67,50,40,0,157,106,0,106,263
07/06/2008,ROC,NY,AEA,CE,Combined TRACON& Tower with Radar,68,64,32,0,164,0,4,37,0,41,68,68,69,0,205,38,0,38,243
07/07/2008,ROC,NY,AEA,CE,Combined TRACON& Tower with Radar,80,112,28,0,220,0,3,36,2,41,80,115,64,2,261,111,0,111,372
07/08/2008,ROC,NY,AEA,CE,Combined TRACON& Tower with Radar,79,112,50,2,243,0,3,39,5,47,79,115,89,7,290,202,0,202,492
07/09/2008,ROC,NY,AEA,CE,Combined TRACON& Tower with Radar,80,104,47,5,236,0,0,7,3,10,80,104,54,8,246,68,0,68,314
07/10/2008,ROC,NY,AEA,CE,Combined TRACON& Tower with Radar,85,116,43,2,246,0,7,68,13,88,85,123,111,15,334,54,1,55,389
07/11/2008,ROC,NY,AEA,CE,Combined TRACON& Tower with Radar,82,111,33,2,228,0,1,25,10,36,82,112,58,12,264,0,0,0,264
07/12/2008,ROC,NY,AEA,CE,Combined TRACON& Tower with Radar,72,56,38,0,166,0,2,41,2,45,72,58,79,2,211,163,0,163,374
07/13/2008,ROC,NY,AEA,CE,Combined TRACON& Tower with Radar,64,66,33,0,163,0,0,8,4,12,64,66,41,4,175,96,4,100,275
07/14/2008,ROC,NY,AEA,CE,Combined TRACON& Tower with Radar,84,109,49,3,245,0,1,53,1,55,84,110,102,4,300,74,0,74,374
07/15/2008,ROC,NY,AEA,CE,Combined TRACON& Tower with Radar,80,114,44,2,240,0,4,63,6,73,80,118,107,8,313,94,0,94,407
07/16/2008,ROC,NY,AEA,CE,Combined TRACON& Tower with Radar,84,108,41,5,238,0,3,43,8,54,84,111,84,13,292,68,0,68,360
07/17/2008,ROC,NY,AEA,CE,Combined TRACON& Tower with Radar,80,110,63,2,255,0,6,35,0,41,80,116,98,2,296,132,0,132,428
07/18/2008,ROC,NY,AEA,CE,Combined TRACON& Tower with Radar,85,102,63,0,250,0,1,42,0,43,85,103,105,0,293,24,0,24,317
07/19/2008,ROC,NY,AEA,CE,Combined TRACON& Tower with Radar,60,65,22,0,147,0,1,15,1,17,60,66,37,1,164,0,0,0,164
07/20/2008,ROC,NY,AEA,CE,Combined TRACON& Tower with Radar,68,59,27,0,154,0,1,2,0,3,68,60,29,0,157,0,0,0,157
07/21/2008,ROC,NY,AEA,CE,Combined TRACON& Tower with Radar,79,106,34,1,220,0,2,5,0,7,79,108,39,1,227,38,0,38,265
07/22/2008,ROC,NY,AEA,CE,Combined TRACON& Tower with Radar,82,110,42,0,234,0,2,9,5,16,82,112,51,5,250,66,0,66,316
07/23/2008,ROC,NY,AEA,CE,Combined TRACON& Tower with Radar,78,96,49,10,233,0,0,22,9,31,78,96,71,19,264,0,0,0,264
07/24/2008,ROC,NY,AEA,CE,Combined TRACON& Tower with Radar,79,118,33,11,241,0,2,3,4,9,79,120,36,15,250,0,0,0,250
07/25/2008,ROC,NY,AEA,CE,Combined TRACON& Tower with Radar,81,104,39,8,232,0,4,49,13,66,81,108,88,21,298,0,0,0,298
07/26/2008,ROC,NY,AEA,CE,Combined TRACON& Tower with Radar,58,62,9,1,130,0,0,9,3,12,58,62,18,4,142,16,0,16,158
07/27/2008,ROC,NY,AEA,CE,Combined TRACON& Tower with Radar,64,50,25,0,139,0,2,22,7,31,64,52,47,7,170,0,0,0,170
07/28/2008,ROC,NY,AEA,CE,Combined TRACON& Tower with Radar,74,114,39,8,235,0,4,22,4,30,74,118,61,12,265,50,0,50,315
07/29/2008,ROC,NY,AEA,CE,Combined TRACON& Tower with Radar,76,111,44,3,234,0,1,55,9,65,76,112,99,12,299,152,0,152,451
07/30/2008,ROC,NY,AEA,CE,Combined TRACON& Tower with Radar,86,115,55,1,257,0,2,24,6,32,86,117,79,7,289,24,0,24,313
07/31/2008,ROC,NY,AEA,CE,Combined TRACON& Tower with Radar,86,114,46,1,247,0,2,34,7,43,86,116,80,8,290,82,0,82,372
08/01/2008,ROC,NY,AEA,CE,Combined TRACON& Tower with Radar,83,104,43,0,230,0,4,37,10,51,83,108,80,10,281,138,0,138,419
08/02/2008,ROC,NY,AEA,CE,Combined TRACON& Tower with Radar,62,58,19,0,139,0,0,9,0,9,62,58,28,0,148,38,0,38,186
08/03/2008,ROC,NY,AEA,CE,Combined TRACON& Tower with Radar,76,68,28,0,172,0,2,25,0,27,76,70,53,0,199,0,0,0,199
08/04/2008,ROC,NY,AEA,CE,Combined TRACON& Tower with Radar,83,97,36,0,216,0,2,47,1,50,83,99,83,1,266,116,0,116,382
08/05/2008,ROC,NY,AEA,CE,Combined TRACON& Tower with Radar,93,106,31,0,230,0,1,29,0,30,93,107,60,0,260,90,6,96,356
08/06/2008,ROC,NY,AEA,CE,Combined TRACON& Tower with Radar,83,100,36,0,219,0,8,44,5,57,83,108,80,5,276,42,0,42,318
08/07/2008,ROC,NY,AEA,CE,Combined TRACON& Tower with Radar,89,101,54,0,244,0,0,29,4,33,89,101,83,4,277,90,0,90,367
08/08/2008,ROC,NY,AEA,CE,Combined TRACON& Tower with Radar,84,106,50,0,240,0,0,4,2,6,84,106,54,2,246,38,0,38,284
08/09/2008,ROC,NY,AEA,CE,Combined TRACON& Tower with Radar,67,55,19,2,143,0,9,59,0,68,67,64,78,2,211,12,0,12,223
08/10/2008,ROC,NY,AEA,CE,Combined TRACON& Tower with Radar,67,53,29,0,149,0,0,21,0,21,67,53,50,0,170,34,0,34,204
08/11/2008,ROC,NY,AEA,CE,Combined TRACON& Tower with Radar,72,87,39,0,198,0,2,16,0,18,72,89,55,0,216,26,0,26,242
08/12/2008,ROC,NY,AEA,CE,Combined TRACON& Tower with Radar,94,100,53,0,247,0,5,33,4,42,94,105,86,4,289,0,0,0,289
08/13/2008,ROC,NY,AEA,CE,Combined TRACON& Tower with Radar,86,110,27,1,224,0,7,50,9,66,86,117,77,10,290,162,18,180,470
08/14/2008,ROC,NY,AEA,CE,Combined TRACON& Tower with Radar,90,103,56,4,253,0,12,34,4,50,90,115,90,8,303,126,4,130,433
08/15/2008,ROC,NY,AEA,CE,Combined TRACON& Tower with Radar,84,102,38,1,225,0,3,32,2,37,84,105,70,3,262,18,0,18,280
08/16/2008,ROC,NY,AEA,CE,Combined TRACON& Tower with Radar,65,63,19,1,148,0,13,49,0,62,65,76,68,1,210,16,0,16,226
08/17/2008,ROC,NY,AEA,CE,Combined TRACON& Tower with Radar,71,74,24,2,171,0,7,55,0,62,71,81,79,2,233,203,0,203,436
08/18/2008,ROC,NY,AEA,CE,Combined TRACON& Tower with Radar,72,110,41,0,223,0,3,26,0,29,72,113,67,0,252,86,0,86,338
08/19/2008,ROC,NY,AEA,CE,Combined TRACON& Tower with Radar,83,112,51,2,248,0,1,38,8,47,83,113,89,10,295,32,0,32,327
08/20/2008,ROC,NY,AEA,CE,Combined TRACON& Tower with Radar,83,108,48,1,240,0,8,71,3,82,83,116,119,4,322,42,1,43,365
08/21/2008,ROC,NY,AEA,CE,Combined TRACON& Tower with Radar,85,118,47,0,250,0,4,64,6,74,85,122,111,6,324,156,0,156,480
08/22/2008,ROC,NY,AEA,CE,Combined TRACON& Tower with Radar,85,108,51,0,244,1,9,57,3,70,86,117,108,3,314,224,0,224,538
08/23/2008,ROC,NY,AEA,CE,Combined TRACON& Tower with Radar,67,55,21,0,143,0,3,42,1,46,67,58,63,1,189,0,0,0,189
08/24/2008,ROC,NY,AEA,CE,Combined TRACON& Tower with Radar,66,70,23,0,159,0,0,28,0,28,66,70,51,0,187,163,0,163,350
08/25/2008,ROC,NY,AEA,CE,Combined TRACON& Tower with Radar,77,106,39,0,222,0,4,15,0,19,77,110,54,0,241,68,0,68,309
08/26/2008,ROC,NY,AEA,CE,Combined TRACON& Tower with Radar,77,113,41,0,231,0,6,58,4,68,77,119,99,4,299,112,0,112,411
08/27/2008,ROC,NY,AEA,CE,Combined TRACON& Tower with Radar,80,114,37,7,238,0,5,71,6,82,80,119,108,13,320,106,2,108,428
08/28/2008,ROC,NY,AEA,CE,Combined TRACON& Tower with Radar,90,104,38,2,234,0,2,29,0,31,90,106,67,2,265,32,0,32,297
08/29/2008,ROC,NY,AEA,CE,Combined TRACON& Tower with Radar,83,102,51,0,236,0,0,18,0,18,83,102,69,0,254,164,0,164,418
08/30/2008,ROC,NY,AEA,CE,Combined TRACON& Tower with Radar,68,50,23,0,141,0,6,36,2,44,68,56,59,2,185,82,0,82,267
08/31/2008,ROC,NY,AEA,CE,Combined TRACON& Tower with Radar,60,68,30,1,159,0,11,40,0,51,60,79,70,1,210,192,0,192,402
09/01/2008,ROC,NY,AEA,CE,Combined TRACON& Tower with Radar,80,69,22,1,172,0,5,46,2,53,80,74,68,3,225,20,0,20,245
09/02/2008,ROC,NY,AEA,CE,Combined TRACON& Tower with Radar,80,101,38,0,219,0,2,60,0,62,80,103,98,0,281,74,0,74,355
09/03/2008,ROC,NY,AEA,CE,Combined TRACON& Tower with Radar,87,99,35,0,221,0,7,46,0,53,87,106,81,0,274,148,0,148,422
09/04/2008,ROC,NY,AEA,CE,Combined TRACON& Tower with Radar,80,106,59,4,249,0,5,30,0,35,80,111,89,4,284,80,0,80,364
09/05/2008,ROC,NY,AEA,CE,Combined TRACON& Tower with Radar,82,106,23,0,211,0,1,12,2,15,82,107,35,2,226,0,0,0,226
09/06/2008,ROC,NY,AEA,CE,Combined TRACON& Tower with Radar,70,38,21,1,130,0,0,0,1,1,70,38,21,2,131,4,0,4,135
09/07/2008,ROC,NY,AEA,CE,Combined TRACON& Tower with Radar,68,78,42,0,188,0,0,24,0,24,68,78,66,0,212,36,0,36,248
09/08/2008,ROC,NY,AEA,CE,Combined TRACON& Tower with Radar,71,99,54,0,224,0,8,39,0,47,71,107,93,0,271,0,0,0,271
09/09/2008,ROC,NY,AEA,CE,Combined TRACON& Tower with Radar,81,92,35,0,208,0,0,9,0,9,81,92,44,0,217,78,0,78,295
09/10/2008,ROC,NY,AEA,CE,Combined TRACON& Tower with Radar,80,106,48,0,234,0,6,56,2,64,80,112,104,2,298,94,2,96,394
09/11/2008,ROC,NY,AEA,CE,Combined TRACON& Tower with Radar,79,107,38,2,226,0,5,67,1,73,79,112,105,3,299,136,0,136,435
09/12/2008,ROC,NY,AEA,CE,Combined TRACON& Tower with Radar,80,98,43,0,221,0,0,3,0,3,80,98,46,0,224,0,0,0,224
09/13/2008,ROC,NY,AEA,CE,Combined TRACON& Tower with Radar,72,50,37,0,159,0,1,0,0,1,72,51,37,0,160,0,0,0,160
09/14/2008,ROC,NY,AEA,CE,Combined TRACON& Tower with Radar,71,67,29,2,169,0,1,18,0,19,71,68,47,2,188,130,0,130,318
09/15/2008,ROC,NY,AEA,CE,Combined TRACON& Tower with Radar,78,105,45,0,228,0,2,7,0,9,78,107,52,0,237,0,0,0,237
09/16/2008,ROC,NY,AEA,CE,Combined TRACON& Tower with Radar,86,96,41,1,224,0,4,41,0,45,86,100,82,1,269,0,0,0,269
09/17/2008,ROC,NY,AEA,CE,Combined TRACON& Tower with Radar,81,101,36,0,218,0,1,50,10,61,81,102,86,10,279,34,0,34,313
09/18/2008,ROC,NY,AEA,CE,Combined TRACON& Tower with Radar,79,111,44,1,235,0,1,58,11,70,79,112,102,12,305,122,0,122,427
09/19/2008,ROC,NY,AEA,CE,Combined TRACON& Tower with Radar,81,107,45,0,233,0,2,59,0,61,81,109,104,0,294,90,0,90,384
09/20/2008,ROC,NY,AEA,CE,Combined TRACON& Tower with Radar,67,38,11,0,116,0,4,70,0,74,67,42,81,0,190,16,0,16,206
09/21/2008,ROC,NY,AEA,CE,Combined TRACON& Tower with Radar,68,71,40,0,179,0,0,2,0,2,68,71,42,0,181,0,0,0,181
09/22/2008,ROC,NY,AEA,CE,Combined TRACON& Tower with Radar,74,106,39,1,220,0,4,26,6,36,74,110,65,7,256,60,0,60,316
09/23/2008,ROC,NY,AEA,CE,Combined TRACON& Tower with Radar,82,100,58,0,240,0,1,47,4,52,82,101,105,4,292,142,4,146,438
09/24/2008,ROC,NY,AEA,CE,Combined TRACON& Tower with Radar,79,95,37,2,213,0,9,45,8,62,79,104,82,10,275,16,0,16,291
09/25/2008,ROC,NY,AEA,CE,Combined TRACON& Tower with Radar,75,105,59,0,239,0,2,49,5,56,75,107,108,5,295,180,0,180,475
09/26/2008,ROC,NY,AEA,CE,Combined TRACON& Tower with Radar,72,113,34,0,219,0,0,19,0,19,72,113,53,0,238,0,0,0,238
09/27/2008,ROC,NY,AEA,CE,Combined TRACON& Tower with Radar,71,54,11,0,136,0,0,1,0,1,71,54,12,0,137,73,0,73,210
09/28/2008,ROC,NY,AEA,CE,Combined TRACON& Tower with Radar,70,74,25,0,169,0,0,0,0,0,70,74,25,0,169,0,0,0,169
09/29/2008,ROC,NY,AEA,CE,Combined TRACON& Tower with Radar,74,103,47,0,224,0,0,0,0,0,74,103,47,0,224,12,2,14,238
09/30/2008,ROC,NY,AEA,CE,Combined TRACON& Tower with Radar,77,102,32,1,212,0,0,3,1,4,77,102,35,2,216,6,0,6,222
10/01/2008,ROC,NY,AEA,CE,Combined TRACON& Tower with Radar,78,104,41,0,223,0,0,0,0,0,78,104,41,0,223,0,0,0,223
10/02/2008,ROC,NY,AEA,CE,Combined TRACON& Tower with Radar,76,106,53,3,238,0,1,1,3,5,76,107,54,6,243,28,8,36,279
10/03/2008,ROC,NY,AEA,CE,Combined TRACON& Tower with Radar,79,106,46,0,231,0,1,28,7,36,79,107,74,7,267,62,0,62,329
10/04/2008,ROC,NY,AEA,CE,Combined TRACON& Tower with Radar,61,57,31,0,149,0,3,40,2,45,61,60,71,2,194,122,8,130,324
10/05/2008,ROC,NY,AEA,CE,Combined TRACON& Tower with Radar,62,80,26,0,168,0,5,61,4,70,62,85,87,4,238,32,0,32,270
10/06/2008,ROC,NY,AEA,CE,Combined TRACON& Tower with Radar,72,102,37,0,211,0,1,33,2,36,72,103,70,2,247,12,0,12,259
10/07/2008,ROC,NY,AEA,CE,Combined TRACON& Tower with Radar,71,110,51,0,232,0,2,56,4,62,71,112,107,4,294,20,0,20,314
10/08/2008,ROC,NY,AEA,CE,Combined TRACON& Tower with Radar,71,102,48,2,223,0,0,30,3,33,71,102,78,5,256,30,0,30,286
10/09/2008,ROC,NY,AEA,CE,Combined TRACON& Tower with Radar,82,104,30,3,219,0,0,18,4,22,82,104,48,7,241,50,2,52,293
10/10/2008,ROC,NY,AEA,CE,Combined TRACON& Tower with Radar,76,104,32,0,212,0,1,63,0,64,76,105,95,0,276,52,4,56,332
10/11/2008,ROC,NY,AEA,CE,Combined TRACON& Tower with Radar,65,55,21,0,141,0,1,47,0,48,65,56,68,0,189,104,0,104,293
10/12/2008,ROC,NY,AEA,CE,Combined TRACON& Tower with Radar,60,79,27,0,166,0,9,60,0,69,60,88,87,0,235,146,0,146,381
10/13/2008,ROC,NY,AEA,CE,Combined TRACON& Tower with Radar,75,98,49,0,222,0,1,48,3,52,75,99,97,3,274,166,0,166,440
10/14/2008,ROC,NY,AEA,CE,Combined TRACON& Tower with Radar,76,105,34,0,215,0,4,21,4,29,76,109,55,4,244,58,3,61,305
10/15/2008,ROC,NY,AEA,CE,Combined TRACON& Tower with Radar,78,106,60,1,245,0,2,35,8,45,78,108,95,9,290,170,0,170,460
10/16/2008,ROC,NY,AEA,CE,Combined TRACON& Tower with Radar,79,104,48,0,231,0,0,7,11,18,79,104,55,11,249,91,4,95,344
10/17/2008,ROC,NY,AEA,CE,Combined TRACON& Tower with Radar,75,110,35,0,220,0,1,48,2,51,75,111,83,2,271,148,14,162,433
10/18/2008,ROC,NY,AEA,CE,Combined TRACON& Tower with Radar,59,56,23,0,138,0,4,42,0,46,59,60,65,0,184,82,0,82,266
10/19/2008,ROC,NY,AEA,CE,Combined TRACON& Tower with Radar,64,72,39,0,175,0,5,54,0,59,64,77,93,0,234,68,0,68,302
10/20/2008,ROC,NY,AEA,CE,Combined TRACON& Tower with Radar,73,102,54,0,229,0,0,52,8,60,73,102,106,8,289,48,20,68,357
10/21/2008,ROC,NY,AEA,CE,Combined TRACON& Tower with Radar,73,100,36,2,211,0,0,0,2,2,73,100,36,4,213,0,0,0,213
10/22/2008,ROC,NY,AEA,CE,Combined TRACON& Tower with Radar,73,101,40,2,216,0,0,0,4,4,73,101,40,6,220,0,0,0,220
10/23/2008,ROC,NY,AEA,CE,Combined TRACON& Tower with Radar,80,106,42,0,228,0,1,57,2,60,80,107,99,2,288,52,0,52,340
10/24/2008,ROC,NY,AEA,CE,Combined TRACON& Tower with Radar,77,111,41,0,229,0,0,58,4,62,77,111,99,4,291,56,6,62,353
10/25/2008,ROC,NY,AEA,CE,Combined TRACON& Tower with Radar,68,47,5,0,120,0,0,1,0,1,68,47,6,0,121,0,0,0,121
10/26/2008,ROC,NY,AEA,CE,Combined TRACON& Tower with Radar,65,71,17,0,153,0,1,13,0,14,65,72,30,0,167,126,0,126,293
10/27/2008,ROC,NY,AEA,CE,Combined TRACON& Tower with Radar,68,99,30,0,197,0,3,18,2,23,68,102,48,2,220,36,7,43,263
10/28/2008,ROC,NY,AEA,CE,Combined TRACON& Tower with Radar,71,84,30,0,185,0,0,0,0,0,71,84,30,0,185,0,0,0,185
10/29/2008,ROC,NY,AEA,CE,Combined TRACON& Tower with Radar,77,110,34,0,221,0,0,1,0,1,77,110,35,0,222,0,0,0,222
10/30/2008,ROC,NY,AEA,CE,Combined TRACON& Tower with Radar,76,104,66,0,246,0,1,60,2,63,76,105,126,2,309,20,0,20,329
10/31/2008,ROC,NY,AEA,CE,Combined TRACON& Tower with Radar,76,106,30,0,212,0,2,39,4,45,76,108,69,4,257,134,2,136,393
11/01/2008,ROC,NY,AEA,CE,Combined TRACON& Tower with Radar,61,55,17,1,134,0,12,28,11,51,61,67,45,12,185,98,0,98,283
11/02/2008,ROC,NY,AEA,CE,Combined TRACON& Tower with Radar,56,84,17,0,157,0,2,53,2,57,56,86,70,2,214,60,0,60,274
11/03/2008,ROC,NY,AEA,CE,Combined TRACON& Tower with Radar,59,111,28,0,198,0,0,18,0,18,59,111,46,0,216,142,0,142,358
11/04/2008,ROC,NY,AEA,CE,Combined TRACON& Tower with Radar,65,115,35,4,219,0,1,32,1,34,65,116,67,5,253,30,0,30,283
11/05/2008,ROC,NY,AEA,CE,Combined TRACON& Tower with Radar,64,112,50,0,226,0,5,46,5,56,64,117,96,5,282,88,4,92,374
11/06/2008,ROC,NY,AEA,CE,Combined TRACON& Tower with Radar,64,109,49,1,223,0,0,37,0,37,64,109,86,1,260,72,0,72,332
11/07/2008,ROC,NY,AEA,CE,Combined TRACON& Tower with Radar,62,113,43,0,218,0,2,56,2,60,62,115,99,2,278,56,0,56,334
11/08/2008,ROC,NY,AEA,CE,Combined TRACON& Tower with Radar,60,66,27,0,153,0,0,11,0,11,60,66,38,0,164,76,0,76,240
11/09/2008,ROC,NY,AEA,CE,Combined TRACON& Tower with Radar,58,78,25,0,161,0,1,14,0,15,58,79,39,0,176,24,0,24,200
11/10/2008,ROC,NY,AEA,CE,Combined TRACON& Tower with Radar,62,110,20,0,192,0,1,8,0,9,62,111,28,0,201,150,0,150,351
11/11/2008,ROC,NY,AEA,CE,Combined TRACON& Tower with Radar,67,101,38,0,206,0,1,15,0,16,67,102,53,0,222,34,0,34,256
11/12/2008,ROC,NY,AEA,CE,Combined TRACON& Tower with Radar,63,113,37,0,213,0,0,73,1,74,63,113,110,1,287,122,0,122,409
11/13/2008,ROC,NY,AEA,CE,Combined TRACON& Tower with Radar,59,113,32,4,208,0,1,3,8,12,59,114,35,12,220,0,0,0,220
11/14/2008,ROC,NY,AEA,CE,Combined TRACON& Tower with Radar,68,113,34,2,217,0,3,38,1,42,68,116,72,3,259,46,0,46,305
11/15/2008,ROC,NY,AEA,CE,Combined TRACON& Tower with Radar,58,63,19,0,140,0,3,0,0,3,58,66,19,0,143,0,0,0,143
11/16/2008,ROC,NY,AEA,CE,Combined TRACON& Tower with Radar,59,77,11,0,147,0,0,1,0,1,59,77,12,0,148,0,0,0,148
11/17/2008,ROC,NY,AEA,CE,Combined TRACON& Tower with Radar,58,112,24,0,194,0,0,6,0,6,58,112,30,0,200,0,0,0,200
11/18/2008,ROC,NY,AEA,CE,Combined TRACON& Tower with Radar,63,112,31,0,206,0,0,0,2,2,63,112,31,2,208,2,0,2,210
11/19/2008,ROC,NY,AEA,CE,Combined TRACON& Tower with Radar,65,119,31,1,216,0,1,21,7,29,65,120,52,8,245,34,28,62,307
11/20/2008,ROC,NY,AEA,CE,Combined TRACON& Tower with Radar,68,105,37,0,210,0,0,1,0,1,68,105,38,0,211,0,0,0,211
11/21/2008,ROC,NY,AEA,CE,Combined TRACON& Tower with Radar,65,120,36,0,221,0,0,7,3,10,65,120,43,3,231,26,0,26,257
11/22/2008,ROC,NY,AEA,CE,Combined TRACON& Tower with Radar,59,66,21,0,146,0,0,2,0,2,59,66,23,0,148,0,0,0,148
11/23/2008,ROC,NY,AEA,CE,Combined TRACON& Tower with Radar,62,84,51,0,197,0,0,36,0,36,62,84,87,0,233,44,0,44,277
11/24/2008,ROC,NY,AEA,CE,Combined TRACON& Tower with Radar,64,109,19,1,193,0,2,19,1,22,64,111,38,2,215,40,0,40,255
11/25/2008,ROC,NY,AEA,CE,Combined TRACON& Tower with Radar,72,113,32,1,218,0,0,13,3,16,72,113,45,4,234,110,0,110,344
11/26/2008,ROC,NY,AEA,CE,Combined TRACON& Tower with Radar,70,113,12,0,195,0,0,0,0,0,70,113,12,0,195,0,0,0,195
11/27/2008,ROC,NY,AEA,CE,Combined TRACON& Tower with Radar,51,42,6,0,99,0,2,2,0,4,51,44,8,0,103,0,0,0,103
11/28/2008,ROC,NY,AEA,CE,Combined TRACON& Tower with Radar,49,61,9,0,119,0,0,1,0,1,49,61,10,0,120,0,0,0,120
11/29/2008,ROC,NY,AEA,CE,Combined TRACON& Tower with Radar,61,85,28,0,174,0,5,34,0,39,61,90,62,0,213,148,0,148,361
11/30/2008,ROC,NY,AEA,CE,Combined TRACON& Tower with Radar,59,71,24,0,154,0,1,4,0,5,59,72,28,0,159,0,0,0,159
12/01/2008,ROC,NY,AEA,CE,Combined TRACON& Tower with Radar,67,115,26,0,208,0,0,2,3,5,67,115,28,3,213,80,4,84,297
12/02/2008,ROC,NY,AEA,CE,Combined TRACON& Tower with Radar,73,107,29,1,210,0,0,9,3,12,73,107,38,4,222,92,0,92,314
12/03/2008,ROC,NY,AEA,CE,Combined TRACON& Tower with Radar,69,110,39,1,219,0,1,44,7,52,69,111,83,8,271,34,4,38,309
12/04/2008,ROC,NY,AEA,CE,Combined TRACON& Tower with Radar,74,121,40,1,236,0,1,3,1,5,74,122,43,2,241,72,0,72,313
12/05/2008,ROC,NY,AEA,CE,Combined TRACON& Tower with Radar,72,114,41,3,230,0,0,17,4,21,72,114,58,7,251,40,12,52,303
12/06/2008,ROC,NY,AEA,CE,Combined TRACON& Tower with Radar,59,60,31,0,150,0,2,25,9,36,59,62,56,9,186,35,0,35,221
12/07/2008,ROC,NY,AEA,CE,Combined TRACON& Tower with Radar,58,78,9,0,145,0,0,0,0,0,58,78,9,0,145,0,0,0,145
12/08/2008,ROC,NY,AEA,CE,Combined TRACON& Tower with Radar,66,119,24,0,209,0,4,27,0,31,66,123,51,0,240,26,0,26,266
12/09/2008,ROC,NY,AEA,CE,Combined TRACON& Tower with Radar,72,114,26,0,212,0,0,8,0,8,72,114,34,0,220,26,0,26,246
12/10/2008,ROC,NY,AEA,CE,Combined TRACON& Tower with Radar,72,107,35,0,214,0,0,2,0,2,72,107,37,0,216,0,0,0,216
12/11/2008,ROC,NY,AEA,CE,Combined TRACON& Tower with Radar,70,118,39,1,228,0,0,14,1,15,70,118,53,2,243,40,6,46,289
12/12/2008,ROC,NY,AEA,CE,Combined TRACON& Tower with Radar,67,116,27,8,218,0,0,2,4,6,67,116,29,12,224,34,32,66,290
12/13/2008,ROC,NY,AEA,CE,Combined TRACON& Tower with Radar,61,62,25,0,148,0,10,27,0,37,61,72,52,0,185,160,0,160,345
12/14/2008,ROC,NY,AEA,CE,Combined TRACON& Tower with Radar,61,77,13,0,151,0,0,9,0,9,61,77,22,0,160,36,0,36,196
12/15/2008,ROC,NY,AEA,CE,Combined TRACON& Tower with Radar,65,119,30,0,214,0,0,0,0,0,65,119,30,0,214,0,0,0,214
12/16/2008,ROC,NY,AEA,CE,Combined TRACON& Tower with Radar,62,107,48,0,217,0,2,32,2,36,62,109,80,2,253,22,0,22,275
12/17/2008,ROC,NY,AEA,CE,Combined TRACON& Tower with Radar,73,106,24,1,204,0,0,0,5,5,73,106,24,6,209,0,0,0,209
12/18/2008,ROC,NY,AEA,CE,Combined TRACON& Tower with Radar,75,117,48,0,240,0,0,19,0,19,75,117,67,0,259,114,0,114,373
12/19/2008,ROC,NY,AEA,CE,Combined TRACON& Tower with Radar,46,49,13,0,108,0,0,2,2,4,46,49,15,2,112,0,0,0,112
12/20/2008,ROC,NY,AEA,CE,Combined TRACON& Tower with Radar,63,58,15,0,136,0,0,0,0,0,63,58,15,0,136,0,0,0,136
12/21/2008,ROC,NY,AEA,CE,Combined TRACON& Tower with Radar,47,57,6,0,110,0,0,0,0,0,47,57,6,0,110,0,0,0,110
12/22/2008,ROC,NY,AEA,CE,Combined TRACON& Tower with Radar,53,103,5,0,161,0,0,0,0,0,53,103,5,0,161,0,0,0,161
12/23/2008,ROC,NY,AEA,CE,Combined TRACON& Tower with Radar,70,104,23,0,197,0,0,6,6,12,70,104,29,6,209,6,0,6,215
12/24/2008,ROC,NY,AEA,CE,Combined TRACON& Tower with Radar,62,78,5,0,145,0,0,0,0,0,62,78,5,0,145,0,0,0,145
12/25/2008,ROC,NY,AEA,CE,Combined TRACON& Tower with Radar,54,57,2,0,113,0,0,2,0,2,54,57,4,0,115,0,0,0,115
12/26/2008,ROC,NY,AEA,CE,Combined TRACON& Tower with Radar,71,84,25,0,180,0,0,13,0,13,71,84,38,0,193,8,0,8,201
12/27/2008,ROC,NY,AEA,CE,Combined TRACON& Tower with Radar,60,54,11,0,125,0,0,2,0,2,60,54,13,0,127,0,0,0,127
12/28/2008,ROC,NY,AEA,CE,Combined TRACON& Tower with Radar,76,67,10,0,153,0,0,0,0,0,76,67,10,0,153,0,0,0,153
12/29/2008,ROC,NY,AEA,CE,Combined TRACON& Tower with Radar,72,79,28,1,180,0,6,30,10,46,72,85,58,11,226,88,10,98,324
12/30/2008,ROC,NY,AEA,CE,Combined TRACON& Tower with Radar,71,82,9,0,162,0,1,7,5,13,71,83,16,5,175,2,2,4,179
12/31/2008,ROC,NY,AEA,CE,Combined TRACON& Tower with Radar,61,63,6,0,130,0,0,0,0,0,61,63,6,0,130,0,0,0,130
01/01/2009,ROC,NY,AEA,CE,Combined TRACON& Tower with Radar,60,49,16,0,125,0,0,11,0,11,60,49,27,0,136,66,0,66,202
01/02/2009,ROC,NY,AEA,CE,Combined TRACON& Tower with Radar,69,78,17,0,164,0,0,8,0,8,69,78,25,0,172,32,0,32,204
01/03/2009,ROC,NY,AEA,CE,Combined TRACON& Tower with Radar,72,56,31,0,159,0,1,8,0,9,72,57,39,0,168,48,0,48,216
01/04/2009,ROC,NY,AEA,CE,Combined TRACON& Tower with Radar,68,70,18,0,156,0,3,33,0,36,68,73,51,0,192,48,0,48,240
01/05/2009,ROC,NY,AEA,CE,Combined TRACON& Tower with Radar,73,100,13,0,186,0,0,7,0,7,73,100,20,0,193,0,0,0,193
01/06/2009,ROC,NY,AEA,CE,Combined TRACON& Tower with Radar,72,108,39,1,220,0,0,18,1,19,72,108,57,2,239,52,0,52,291
01/07/2009,ROC,NY,AEA,CE,Combined TRACON& Tower with Radar,66,90,9,0,165,0,0,0,0,0,66,90,9,0,165,0,6,6,171
01/08/2009,ROC,NY,AEA,CE,Combined TRACON& Tower with Radar,68,109,26,0,203,0,0,0,0,0,68,109,26,0,203,0,0,0,203
01/09/2009,ROC,NY,AEA,CE,Combined TRACON& Tower with Radar,69,97,59,1,226,0,0,4,11,15,69,97,63,12,241,16,1,17,258
01/10/2009,ROC,NY,AEA,CE,Combined TRACON& Tower with Radar,59,46,16,3,124,0,0,14,10,24,59,46,30,13,148,50,2,52,200
01/11/2009,ROC,NY,AEA,CE,Combined TRACON& Tower with Radar,62,72,25,0,159,0,0,0,1,1,62,72,25,1,160,14,0,14,174
01/12/2009,ROC,NY,AEA,CE,Combined TRACON& Tower with Radar,68,101,39,1,209,0,1,17,5,23,68,102,56,6,232,22,0,22,254
01/13/2009,ROC,NY,AEA,CE,Combined TRACON& Tower with Radar,68,109,24,0,201,0,0,0,0,0,68,109,24,0,201,18,68,86,287
01/14/2009,ROC,NY,AEA,CE,Combined TRACON& Tower with Radar,68,109,17,0,194,0,0,7,9,16,68,109,24,9,210,8,8,16,226
01/15/2009,ROC,NY,AEA,CE,Combined TRACON& Tower with Radar,67,101,22,3,193,0,0,0,6,6,67,101,22,9,199,0,10,10,209
01/16/2009,ROC,NY,AEA,CE,Combined TRACON& Tower with Radar,73,115,18,1,207,0,0,3,2,5,73,115,21,3,212,0,0,0,212
01/17/2009,ROC,NY,AEA,CE,Combined TRACON& Tower with Radar,66,53,12,0,131,0,4,12,0,16,66,57,24,0,147,40,0,40,187
01/18/2009,ROC,NY,AEA,CE,Combined TRACON& Tower with Radar,62,70,9,0,141,0,0,0,0,0,62,70,9,0,141,0,0,0,141
01/19/2009,ROC,NY,AEA,CE,Combined TRACON& Tower with Radar,67,86,41,0,194,0,0,23,0,23,67,86,64,0,217,70,0,70,287
01/20/2009,ROC,NY,AEA,CE,Combined TRACON& Tower with Radar,76,111,31,1,219,0,1,0,6,7,76,112,31,7,226,0,0,0,226
01/21/2009,ROC,NY,AEA,CE,Combined TRACON& Tower with Radar,68,107,32,4,211,0,0,9,7,16,68,107,41,11,227,118,0,118,345
01/22/2009,ROC,NY,AEA,CE,Combined TRACON& Tower with Radar,69,114,45,1,229,0,1,3,6,10,69,115,48,7,239,120,0,120,359
01/23/2009,ROC,NY,AEA,CE,Combined TRACON& Tower with Radar,70,105,30,0,205,0,2,19,2,23,70,107,49,2,228,28,0,28,256
01/24/2009,ROC,NY,AEA,CE,Combined TRACON& Tower with Radar,64,48,7,0,119,0,0,4,0,4,64,48,11,0,123,88,0,88,211
01/25/2009,ROC,NY,AEA,CE,Combined TRACON& Tower with Radar,60,82,18,0,160,0,0,13,0,13,60,82,31,0,173,0,0,0,173
01/26/2009,ROC,NY,AEA,CE,Combined TRACON& Tower with Radar,63,101,19,0,183,0,0,17,2,19,63,101,36,2,202,42,0,42,244
01/27/2009,ROC,NY,AEA,CE,Combined TRACON& Tower with Radar,68,100,41,0,209,0,3,28,8,39,68,103,69,8,248,90,0,90,338
01/28/2009,ROC,NY,AEA,CE,Combined TRACON& Tower with Radar,62,82,19,0,163,0,0,0,0,0,62,82,19,0,163,0,0,0,163
01/29/2009,ROC,NY,AEA,CE,Combined TRACON& Tower with Radar,71,104,46,0,221,0,0,6,2,8,71,104,52,2,229,0,0,0,229
01/30/2009,ROC,NY,AEA,CE,Combined TRACON& Tower with Radar,70,106,27,3,206,0,0,1,1,2,70,106,28,4,208,4,0,4,212
01/31/2009,ROC,NY,AEA,CE,Combined TRACON& Tower with Radar,65,47,23,0,135,0,0,7,0,7,65,47,30,0,142,66,0,66,208
02/01/2009,ROC,NY,AEA,CE,Combined TRACON& Tower with Radar,68,68,4,0,140,0,0,2,0,2,68,68,6,0,142,0,0,0,142
02/02/2009,ROC,NY,AEA,CE,Combined TRACON& Tower with Radar,62,99,29,0,190,0,2,24,2,28,62,101,53,2,218,35,0,35,253
02/03/2009,ROC,NY,AEA,CE,Combined TRACON& Tower with Radar,69,102,26,0,197,0,1,9,2,12,69,103,35,2,209,46,0,46,255
02/04/2009,ROC,NY,AEA,CE,Combined TRACON& Tower with Radar,69,102,15,3,189,0,0,1,1,2,69,102,16,4,191,0,0,0,191
02/05/2009,ROC,NY,AEA,CE,Combined TRACON& Tower with Radar,74,102,25,2,203,0,0,13,4,17,74,102,38,6,220,84,0,84,304
02/06/2009,ROC,NY,AEA,CE,Combined TRACON& Tower with Radar,73,106,23,1,203,0,3,41,5,49,73,109,64,6,252,132,0,132,384
02/07/2009,ROC,NY,AEA,CE,Combined TRACON& Tower with Radar,64,45,17,0,126,0,0,14,6,20,64,45,31,6,146,8,0,8,154
02/08/2009,ROC,NY,AEA,CE,Combined TRACON& Tower with Radar,65,73,9,0,147,0,0,14,0,14,65,73,23,0,161,132,0,132,293
02/09/2009,ROC,NY,AEA,CE,Combined TRACON& Tower with Radar,66,104,24,2,196,0,4,37,0,41,66,108,61,2,237,80,0,80,317
02/10/2009,ROC,NY,AEA,CE,Combined TRACON& Tower with Radar,75,115,25,2,217,0,0,11,0,11,75,115,36,2,228,18,0,18,246
02/11/2009,ROC,NY,AEA,CE,Combined TRACON& Tower with Radar,73,113,26,2,214,0,0,6,5,11,73,113,32,7,225,52,48,100,325
02/12/2009,ROC,NY,AEA,CE,Combined TRACON& Tower with Radar,72,104,17,0,193,0,0,0,0,0,72,104,17,0,193,0,0,0,193
02/13/2009,ROC,NY,AEA,CE,Combined TRACON& Tower with Radar,74,107,36,3,220,0,1,32,1,34,74,108,68,4,254,38,0,38,292
02/14/2009,ROC,NY,AEA,CE,Combined TRACON& Tower with Radar,66,64,18,0,148,0,3,25,0,28,66,67,43,0,176,116,0,116,292
02/15/2009,ROC,NY,AEA,CE,Combined TRACON& Tower with Radar,60,82,31,0,173,0,5,34,0,39,60,87,65,0,212,40,0,40,252
02/16/2009,ROC,NY,AEA,CE,Combined TRACON& Tower with Radar,70,96,25,0,191,0,0,23,0,23,70,96,48,0,214,0,0,0,214
02/17/2009,ROC,NY,AEA,CE,Combined TRACON& Tower with Radar,79,102,21,0,202,0,5,33,0,38,79,107,54,0,240,8,0,8,248
02/18/2009,ROC,NY,AEA,CE,Combined TRACON& Tower with Radar,68,96,27,0,191,0,0,3,2,5,68,96,30,2,196,14,0,14,210
02/19/2009,ROC,NY,AEA,CE,Combined TRACON& Tower with Radar,81,96,31,1,209,0,0,0,1,1,81,96,31,2,210,0,0,0,210
02/20/2009,ROC,NY,AEA,CE,Combined TRACON& Tower with Radar,73,103,24,0,200,0,0,0,0,0,73,103,24,0,200,0,0,0,200
02/21/2009,ROC,NY,AEA,CE,Combined TRACON& Tower with Radar,60,69,18,2,149,0,0,26,0,26,60,69,44,2,175,0,0,0,175
02/22/2009,ROC,NY,AEA,CE,Combined TRACON& Tower with Radar,61,83,20,0,164,0,0,5,0,5,61,83,25,0,169,0,0,0,169
02/23/2009,ROC,NY,AEA,CE,Combined TRACON& Tower with Radar,68,98,43,0,209,0,0,0,0,0,68,98,43,0,209,64,0,64,273
02/24/2009,ROC,NY,AEA,CE,Combined TRACON& Tower with Radar,80,101,50,1,232,0,8,30,1,39,80,109,80,2,271,106,0,106,377
02/25/2009,ROC,NY,AEA,CE,Combined TRACON& Tower with Radar,78,105,35,1,219,0,5,38,5,48,78,110,73,6,267,60,2,62,329
02/26/2009,ROC,NY,AEA,CE,Combined TRACON& Tower with Radar,70,104,43,2,219,0,3,15,0,18,70,107,58,2,237,34,2,36,273
02/27/2009,ROC,NY,AEA,CE,Combined TRACON& Tower with Radar,73,102,18,0,193,0,2,0,0,2,73,104,18,0,195,0,0,0,195
02/28/2009,ROC,NY,AEA,CE,Combined TRACON& Tower with Radar,64,60,18,0,142,0,0,11,0,11,64,60,29,0,153,24,0,24,177
03/01/2009,ROC,NY,AEA,CE,Combined TRACON& Tower with Radar,53,66,23,0,142,0,0,25,0,25,53,66,48,0,167,10,0,10,177
03/02/2009,ROC,NY,AEA,CE,Combined TRACON& Tower with Radar,59,70,17,0,146,0,4,1,0,5,59,74,18,0,151,0,0,0,151
03/03/2009,ROC,NY,AEA,CE,Combined TRACON& Tower with Radar,76,100,37,0,213,0,2,7,0,9,76,102,44,0,222,0,0,0,222
03/04/2009,ROC,NY,AEA,CE,Combined TRACON& Tower with Radar,79,95,42,2,218,0,1,26,3,30,79,96,68,5,248,43,6,49,297
03/05/2009,ROC,NY,AEA,CE,Combined TRACON& Tower with Radar,76,110,33,4,223,0,4,31,2,37,76,114,64,6,260,24,0,24,284
03/06/2009,ROC,NY,AEA,CE,Combined TRACON& Tower with Radar,74,110,25,4,213,0,1,2,6,9,74,111,27,10,222,38,0,38,260
03/07/2009,ROC,NY,AEA,CE,Combined TRACON& Tower with Radar,64,62,26,0,152,0,0,22,8,30,64,62,48,8,182,114,28,142,324
03/08/2009,ROC,NY,AEA,CE,Combined TRACON& Tower with Radar,56,80,16,0,152,0,0,0,0,0,56,80,16,0,152,0,0,0,152
03/09/2009,ROC,NY,AEA,CE,Combined TRACON& Tower with Radar,67,105,23,0,195,0,0,0,0,0,67,105,23,0,195,0,0,0,195
03/10/2009,ROC,NY,AEA,CE,Combined TRACON& Tower with Radar,75,107,44,6,232,0,4,3,4,11,75,111,47,10,243,138,6,144,387
03/11/2009,ROC,NY,AEA,CE,Combined TRACON& Tower with Radar,75,101,14,0,190,0,0,1,0,1,75,101,15,0,191,0,0,0,191
03/12/2009,ROC,NY,AEA,CE,Combined TRACON& Tower with Radar,77,110,28,1,216,0,0,0,1,1,77,110,28,2,217,0,0,0,217
03/13/2009,ROC,NY,AEA,CE,Combined TRACON& Tower with Radar,72,108,35,2,217,0,2,21,4,27,72,110,56,6,244,132,2,134,378
03/14/2009,ROC,NY,AEA,CE,Combined TRACON& Tower with Radar,62,69,48,0,179,0,1,42,0,43,62,70,90,0,222,128,0,128,350
03/15/2009,ROC,NY,AEA,CE,Combined TRACON& Tower with Radar,59,85,42,0,186,0,2,44,0,46,59,87,86,0,232,26,0,26,258
03/16/2009,ROC,NY,AEA,CE,Combined TRACON& Tower with Radar,64,107,28,0,199,0,2,33,0,35,64,109,61,0,234,169,0,169,403
03/17/2009,ROC,NY,AEA,CE,Combined TRACON& Tower with Radar,80,104,30,1,215,0,0,32,5,37,80,104,62,6,252,110,1,111,363
03/18/2009,ROC,NY,AEA,CE,Combined TRACON& Tower with Radar,69,111,20,2,202,0,0,4,3,7,69,111,24,5,209,0,0,0,209
03/19/2009,ROC,NY,AEA,CE,Combined TRACON& Tower with Radar,75,109,29,7,220,0,0,23,8,31,75,109,52,15,251,0,0,0,251
03/20/2009,ROC,NY,AEA,CE,Combined TRACON& Tower with Radar,71,106,37,6,220,0,4,26,2,32,71,110,63,8,252,44,2,46,298
03/21/2009,ROC,NY,AEA,CE,Combined TRACON& Tower with Radar,60,64,31,0,155,0,2,40,0,42,60,66,71,0,197,156,0,156,353
03/22/2009,ROC,NY,AEA,CE,Combined TRACON& Tower with Radar,53,80,26,0,159,0,1,15,0,16,53,81,41,0,175,138,0,138,313
03/23/2009,ROC,NY,AEA,CE,Combined TRACON& Tower with Radar,69,105,29,2,205,0,0,15,2,17,69,105,44,4,222,132,0,132,354
03/24/2009,ROC,NY,AEA,CE,Combined TRACON& Tower with Radar,76,100,29,0,205,0,3,13,0,16,76,103,42,0,221,75,0,75,296
03/25/2009,ROC,NY,AEA,CE,Combined TRACON& Tower with Radar,74,106,43,4,227,0,2,20,8,30,74,108,63,12,257,0,0,0,257
03/26/2009,ROC,NY,AEA,CE,Combined TRACON& Tower with Radar,71,101,40,0,212,0,0,6,4,10,71,101,46,4,222,66,1,67,289
03/27/2009,ROC,NY,AEA,CE,Combined TRACON& Tower with Radar,75,109,48,10,242,0,0,28,7,35,75,109,76,17,277,158,38,196,473
03/28/2009,ROC,NY,AEA,CE,Combined TRACON& Tower with Radar,61,64,26,0,151,0,4,51,0,55,61,68,77,0,206,58,0,58,264
03/29/2009,ROC,NY,AEA,CE,Combined TRACON& Tower with Radar,52,78,17,0,147,0,1,0,0,1,52,79,17,0,148,6,0,6,154
03/30/2009,ROC,NY,AEA,CE,Combined TRACON& Tower with Radar,65,107,26,0,198,0,1,2,0,3,65,108,28,0,201,0,0,0,201
03/31/2009,ROC,NY,AEA,CE,Combined TRACON& Tower with Radar,70,115,46,2,233,0,3,34,3,40,70,118,80,5,273,52,0,52,325
04/01/2009,ROC,NY,AEA,CE,Combined TRACON& Tower with Radar,72,115,21,0,208,0,3,5,8,16,72,118,26,8,224,26,2,28,252
04/02/2009,ROC,NY,AEA,CE,Combined TRACON& Tower with Radar,71,113,44,0,228,0,4,62,1,67,71,117,106,1,295,108,0,108,403
04/03/2009,ROC,NY,AEA,CE,Combined TRACON& Tower with Radar,66,105,26,0,197,0,0,0,0,0,66,105,26,0,197,0,0,0,197
04/04/2009,ROC,NY,AEA,CE,Combined TRACON& Tower with Radar,58,72,9,0,139,0,0,0,0,0,58,72,9,0,139,0,0,0,139
04/05/2009,ROC,NY,AEA,CE,Combined TRACON& Tower with Radar,62,82,35,1,180,0,11,45,5,61,62,93,80,6,241,139,0,139,380
04/06/2009,ROC,NY,AEA,CE,Combined TRACON& Tower with Radar,56,98,23,2,179,0,0,0,0,0,56,98,23,2,179,0,0,0,179
04/07/2009,ROC,NY,AEA,CE,Combined TRACON& Tower with Radar,69,104,11,0,184,0,0,2,4,6,69,104,13,4,190,0,0,0,190
04/08/2009,ROC,NY,AEA,CE,Combined TRACON& Tower with Radar,74,119,24,2,219,0,0,1,0,1,74,119,25,2,220,0,0,0,220
04/09/2009,ROC,NY,AEA,CE,Combined TRACON& Tower with Radar,75,123,62,2,262,0,3,42,4,49,75,126,104,6,311,75,2,77,388
04/10/2009,ROC,NY,AEA,CE,Combined TRACON& Tower with Radar,63,104,36,1,204,0,0,43,3,46,63,104,79,4,250,47,7,54,304
04/11/2009,ROC,NY,AEA,CE,Combined TRACON& Tower with Radar,60,61,18,3,142,0,2,28,3,33,60,63,46,6,175,13,0,13,188
04/12/2009,ROC,NY,AEA,CE,Combined TRACON& Tower with Radar,69,72,26,0,167,0,2,13,0,15,69,74,39,0,182,0,0,0,182
04/13/2009,ROC,NY,AEA,CE,Combined TRACON& Tower with Radar,62,111,55,0,228,0,2,30,0,32,62,113,85,0,260,186,0,186,446
04/14/2009,ROC,NY,AEA,CE,Combined TRACON& Tower with Radar,72,103,43,3,221,0,0,36,3,39,72,103,79,6,260,132,1,133,393
04/15/2009,ROC,NY,AEA,CE,Combined TRACON& Tower with Radar,69,114,33,2,218,0,5,24,0,29,69,119,57,2,247,106,4,110,357
04/16/2009,ROC,NY,AEA,CE,Combined TRACON& Tower with Radar,72,114,33,1,220,0,1,50,3,54,72,115,83,4,274,116,2,118,392
04/17/2009,ROC,NY,AEA,CE,Combined TRACON& Tower with Radar,71,109,36,0,216,0,8,26,4,38,71,117,62,4,254,78,8,86,340
04/18/2009,ROC,NY,AEA,CE,Combined TRACON& Tower with Radar,59,66,23,1,149,0,0,16,2,18,59,66,39,3,167,0,0,0,167
04/19/2009,ROC,NY,AEA,CE,Combined TRACON& Tower with Radar,64,77,21,0,162,0,2,21,0,23,64,79,42,0,185,28,0,28,213
04/20/2009,ROC,NY,AEA,CE,Combined TRACON& Tower with Radar,61,99,24,0,184,0,0,0,0,0,61,99,24,0,184,0,0,0,184
04/21/2009,ROC,NY,AEA,CE,Combined TRACON& Tower with Radar,71,108,23,0,202,0,2,6,0,8,71,110,29,0,210,50,0,50,260
04/22/2009,ROC,NY,AEA,CE,Combined TRACON& Tower with Radar,67,117,26,0,210,0,0,3,1,4,67,117,29,1,214,26,0,26,240
04/23/2009,ROC,NY,AEA,CE,Combined TRACON& Tower with Radar,67,106,25,0,198,0,0,7,2,9,67,106,32,2,207,6,0,6,213
04/24/2009,ROC,NY,AEA,CE,Combined TRACON& Tower with Radar,71,108,36,2,217,0,1,27,2,30,71,109,63,4,247,88,0,88,335
04/25/2009,ROC,NY,AEA,CE,Combined TRACON& Tower with Radar,61,63,34,0,158,0,3,14,0,17,61,66,48,0,175,130,2,132,307
04/26/2009,ROC,NY,AEA,CE,Combined TRACON& Tower with Radar,64,76,31,0,171,0,0,18,0,18,64,76,49,0,189,234,0,234,423
04/27/2009,ROC,NY,AEA,CE,Combined TRACON& Tower with Radar,64,105,27,1,197,0,2,17,0,19,64,107,44,1,216,178,0,178,394
04/28/2009,ROC,NY,AEA,CE,Combined TRACON& Tower with Radar,70,107,25,0,202,0,0,4,0,4,70,107,29,0,206,24,0,24,230
04/29/2009,ROC,NY,AEA,CE,Combined TRACON& Tower with Radar,71,106,40,2,219,0,3,37,0,40,71,109,77,2,259,210,5,215,474
04/30/2009,ROC,NY,AEA,CE,Combined TRACON& Tower with Radar,67,109,39,2,217,0,0,24,6,30,67,109,63,8,247,58,0,58,305
05/01/2009,ROC,NY,AEA,CE,Combined TRACON& Tower with Radar,75,102,25,4,206,0,0,1,4,5,75,102,26,8,211,24,0,24,235
05/02/2009,ROC,NY,AEA,CE,Combined TRACON& Tower with Radar,63,63,28,0,154,0,0,30,6,36,63,63,58,6,190,40,0,40,230
05/03/2009,ROC,NY,AEA,CE,Combined TRACON& Tower with Radar,65,64,30,0,159,0,3,34,4,41,65,67,64,4,200,130,2,132,332
05/04/2009,ROC,NY,AEA,CE,Combined TRACON& Tower with Radar,79,96,34,0,209,0,3,38,0,41,79,99,72,0,250,180,0,180,430
05/05/2009,ROC,NY,AEA,CE,Combined TRACON& Tower with Radar,75,102,35,5,217,0,0,31,0,31,75,102,66,5,248,146,6,152,400
05/06/2009,ROC,NY,AEA,CE,Combined TRACON& Tower with Radar,74,111,36,0,221,0,2,41,2,45,74,113,77,2,266,132,0,132,398
05/07/2009,ROC,NY,AEA,CE,Combined TRACON& Tower with Radar,77,94,43,0,214,0,0,2,2,4,77,94,45,2,218,30,0,30,248
05/08/2009,ROC,NY,AEA,CE,Combined TRACON& Tower with Radar,83,108,31,1,223,0,3,16,1,20,83,111,47,2,243,192,8,200,443
05/09/2009,ROC,NY,AEA,CE,Combined TRACON& Tower with Radar,74,62,13,0,149,0,0,37,0,37,74,62,50,0,186,90,0,90,276
05/10/2009,ROC,NY,AEA,CE,Combined TRACON& Tower with Radar,74,66,18,2,160,0,2,4,0,6,74,68,22,2,166,34,30,64,230
05/11/2009,ROC,NY,AEA,CE,Combined TRACON& Tower with Radar,76,98,52,0,226,0,0,36,0,36,76,98,88,0,262,80,0,80,342
05/12/2009,ROC,NY,AEA,CE,Combined TRACON& Tower with Radar,76,97,50,3,226,0,0,38,0,38,76,97,88,3,264,238,0,238,502
05/13/2009,ROC,NY,AEA,CE,Combined TRACON& Tower with Radar,73,101,67,2,243,0,1,32,1,34,73,102,99,3,277,34,0,34,311
05/14/2009,ROC,NY,AEA,CE,Combined TRACON& Tower with Radar,81,97,32,3,213,0,1,1,0,2,81,98,33,3,215,20,0,20,235
05/15/2009,ROC,NY,AEA,CE,Combined TRACON& Tower with Radar,79,117,45,0,241,0,8,50,2,60,79,125,95,2,301,90,0,90,391
05/16/2009,ROC,NY,AEA,CE,Combined TRACON& Tower with Radar,60,54,23,2,139,0,0,1,0,1,60,54,24,2,140,30,0,30,170
05/17/2009,ROC,NY,AEA,CE,Combined TRACON& Tower with Radar,77,66,36,0,179,0,2,28,0,30,77,68,64,0,209,46,0,46,255
05/18/2009,ROC,NY,AEA,CE,Combined TRACON& Tower with Radar,71,102,52,4,229,0,1,41,2,44,71,103,93,6,273,82,0,82,355
05/19/2009,ROC,NY,AEA,CE,Combined TRACON& Tower with Radar,77,92,40,1,210,0,1,26,5,32,77,93,66,6,242,34,0,34,276
05/20/2009,ROC,NY,AEA,CE,Combined TRACON& Tower with Radar,75,100,33,5,213,0,1,42,5,48,75,101,75,10,261,114,1,115,376
05/21/2009,ROC,NY,AEA,CE,Combined TRACON& Tower with Radar,81,101,27,6,215,0,2,23,2,27,81,103,50,8,242,46,0,46,288
05/22/2009,ROC,NY,AEA,CE,Combined TRACON& Tower with Radar,87,105,42,2,236,0,5,36,0,41,87,110,78,2,277,54,0,54,331
05/23/2009,ROC,NY,AEA,CE,Combined TRACON& Tower with Radar,63,51,21,0,135,0,6,25,0,31,63,57,46,0,166,150,0,150,316
05/24/2009,ROC,NY,AEA,CE,Combined TRACON& Tower with Radar,58,48,22,0,128,0,3,21,0,24,58,51,43,0,152,0,0,0,152
05/25/2009,ROC,NY,AEA,CE,Combined TRACON& Tower with Radar,76,72,30,0,178,0,2,22,0,24,76,74,52,0,202,42,4,46,248
05/26/2009,ROC,NY,AEA,CE,Combined TRACON& Tower with Radar,72,92,31,2,197,0,1,26,0,27,72,93,57,2,224,98,0,98,322
05/27/2009,ROC,NY,AEA,CE,Combined TRACON& Tower with Radar,79,96,29,3,207,0,0,9,2,11,79,96,38,5,218,102,6,108,326
05/28/2009,ROC,NY,AEA,CE,Combined TRACON& Tower with Radar,83,102,31,5,221,0,0,0,0,0,83,102,31,5,221,18,14,32,253
05/29/2009,ROC,NY,AEA,CE,Combined TRACON& Tower with Radar,84,95,29,6,214,0,5,10,13,28,84,100,39,19,242,130,112,242,484
05/30/2009,ROC,NY,AEA,CE,Combined TRACON& Tower with Radar,67,57,37,1,162,0,5,22,9,36,67,62,59,10,198,226,0,226,424
05/31/2009,ROC,NY,AEA,CE,Combined TRACON& Tower with Radar,71,66,16,5,158,0,4,15,4,23,71,70,31,9,181,2,17,19,200
06/01/2009,ROC,NY,AEA,CE,Combined TRACON& Tower with Radar,75,98,25,11,209,0,0,25,0,25,75,98,50,11,234,8,6,14,248
06/02/2009,ROC,NY,AEA,CE,Combined TRACON& Tower with Radar,79,98,43,0,220,0,4,20,0,24,79,102,63,0,244,176,0,176,420
06/03/2009,ROC,NY,AEA,CE,Combined TRACON& Tower with Radar,72,98,40,2,212,0,0,27,0,27,72,98,67,2,239,270,2,272,511
06/04/2009,ROC,NY,AEA,CE,Combined TRACON& Tower with Radar,72,124,44,0,240,0,3,45,2,50,72,127,89,2,290,189,6,195,485
06/05/2009,ROC,NY,AEA,CE,Combined TRACON& Tower with Radar,63,105,65,0,233,0,5,72,2,79,63,110,137,2,312,215,1,216,528
06/06/2009,ROC,NY,AEA,CE,Combined TRACON& Tower with Radar,60,66,63,3,192,0,2,333,1,336,60,68,396,4,528,176,0,176,704
06/07/2009,ROC,NY,AEA,CE,Combined TRACON& Tower with Radar,58,84,40,1,183,0,0,32,2,34,58,84,72,3,217,28,0,28,245
06/08/2009,ROC,NY,AEA,CE,Combined TRACON& Tower with Radar,65,113,33,1,212,0,1,16,2,19,65,114,49,3,231,212,0,212,443
06/09/2009,ROC,NY,AEA,CE,Combined TRACON& Tower with Radar,58,92,41,1,192,0,2,18,3,23,58,94,59,4,215,106,0,106,321
06/10/2009,ROC,NY,AEA,CE,Combined TRACON& Tower with Radar,60,104,63,12,239,0,5,25,2,32,60,109,88,14,271,188,30,218,489
06/11/2009,ROC,NY,AEA,CE,Combined TRACON& Tower with Radar,67,107,49,6,229,0,0,13,4,17,67,107,62,10,246,74,0,74,320
06/12/2009,ROC,NY,AEA,CE,Combined TRACON& Tower with Radar,69,119,39,2,229,0,3,26,4,33,69,122,65,6,262,58,0,58,320
06/13/2009,ROC,NY,AEA,CE,Combined TRACON& Tower with Radar,64,72,50,0,186,0,1,22,7,30,64,73,72,7,216,248,1,249,465
06/14/2009,ROC,NY,AEA,CE,Combined TRACON& Tower with Radar,58,89,50,2,199,0,1,37,0,38,58,90,87,2,237,154,0,154,391
06/15/2009,ROC,NY,AEA,CE,Combined TRACON& Tower with Radar,62,113,33,2,210,0,5,18,0,23,62,118,51,2,233,140,0,140,373
06/16/2009,ROC,NY,AEA,CE,Combined TRACON& Tower with Radar,68,114,52,2,236,0,7,59,0,66,68,121,111,2,302,86,0,86,388
06/17/2009,ROC,NY,AEA,CE,Combined TRACON& Tower with Radar,70,113,47,8,238,0,0,16,2,18,70,113,63,10,256,104,22,126,382
06/18/2009,ROC,NY,AEA,CE,Combined TRACON& Tower with Radar,61,108,39,0,208,0,0,9,0,9,61,108,48,0,217,0,0,0,217
06/19/2009,ROC,NY,AEA,CE,Combined TRACON& Tower with Radar,66,118,53,7,244,0,2,9,5,16,66,120,62,12,260,79,0,79,339
06/20/2009,ROC,NY,AEA,CE,Combined TRACON& Tower with Radar,58,68,11,0,137,0,0,2,0,2,58,68,13,0,139,18,0,18,157
06/21/2009,ROC,NY,AEA,CE,Combined TRACON& Tower with Radar,59,85,24,5,173,0,1,2,1,4,59,86,26,6,177,0,0,0,177
06/22/2009,ROC,NY,AEA,CE,Combined TRACON& Tower with Radar,65,116,47,4,232,0,4,39,0,43,65,120,86,4,275,152,0,152,427
06/23/2009,ROC,NY,AEA,CE,Combined TRACON& Tower with Radar,67,117,50,2,236,0,9,39,6,54,67,126,89,8,290,136,0,136,426
06/24/2009,ROC,NY,AEA,CE,Combined TRACON& Tower with Radar,65,118,41,4,228,0,6,46,9,61,65,124,87,13,289,96,6,102,391
06/25/2009,ROC,NY,AEA,CE,Combined TRACON& Tower with Radar,62,113,44,2,221,0,2,29,7,38,62,115,73,9,259,50,0,50,309
06/26/2009,ROC,NY,AEA,CE,Combined TRACON& Tower with Radar,62,117,47,1,227,0,0,18,1,19,62,117,65,2,246,154,0,154,400
06/27/2009,ROC,NY,AEA,CE,Combined TRACON& Tower with Radar,51,78,30,0,159,0,2,23,0,25,51,80,53,0,184,202,0,202,386
06/28/2009,ROC,NY,AEA,CE,Combined TRACON& Tower with Radar,55,94,34,1,184,0,2,9,1,12,55,96,43,2,196,94,0,94,290
06/29/2009,ROC,NY,AEA,CE,Combined TRACON& Tower with Radar,61,109,40,4,214,0,2,27,4,33,61,111,67,8,247,220,18,238,485
06/30/2009,ROC,NY,AEA,CE,Combined TRACON& Tower with Radar,66,101,29,1,197,0,1,3,6,10,66,102,32,7,207,58,4,62,269
07/01/2009,ROC,NY,AEA,CE,Combined TRACON& Tower with Radar,63,114,20,1,198,0,5,12,4,21,63,119,32,5,219,122,2,124,343
07/02/2009,ROC,NY,AEA,CE,Combined TRACON& Tower with Radar,64,107,24,0,195,0,0,0,0,0,64,107,24,0,195,0,0,0,195
07/03/2009,ROC,NY,AEA,CE,Combined TRACON& Tower with Radar,68,82,29,0,179,0,0,12,0,12,68,82,41,0,191,162,0,162,353
07/04/2009,ROC,NY,AEA,CE,Combined TRACON& Tower with Radar,41,66,19,0,126,0,0,15,0,15,41,66,34,0,141,58,0,58,199
07/05/2009,ROC,NY,AEA,CE,Combined TRACON& Tower with Radar,59,83,22,0,164,0,5,20,0,25,59,88,42,0,189,58,2,60,249
07/06/2009,ROC,NY,AEA,CE,Combined TRACON& Tower with Radar,62,106,34,0,202,0,2,13,0,15,62,108,47,0,217,96,2,98,315
07/07/2009,ROC,NY,AEA,CE,Combined TRACON& Tower with Radar,61,108,41,1,211,0,4,9,4,17,61,112,50,5,228,97,0,97,325
07/08/2009,ROC,NY,AEA,CE,Combined TRACON& Tower with Radar,69,120,46,5,240,0,3,20,1,24,69,123,66,6,264,168,0,168,432
07/09/2009,ROC,NY,AEA,CE,Combined TRACON& Tower with Radar,66,117,65,3,251,0,7,51,7,65,66,124,116,10,316,194,8,202,518
07/10/2009,ROC,NY,AEA,CE,Combined TRACON& Tower with Radar,63,115,41,3,222,0,8,36,5,49,63,123,77,8,271,210,0,210,481
07/11/2009,ROC,NY,AEA,CE,Combined TRACON& Tower with Radar,55,69,15,0,139,0,3,0,0,3,55,72,15,0,142,0,0,0,142
07/12/2009,ROC,NY,AEA,CE,Combined TRACON& Tower with Radar,58,81,33,1,173,0,3,25,3,31,58,84,58,4,204,184,0,184,388
07/13/2009,ROC,NY,AEA,CE,Combined TRACON& Tower with Radar,62,111,34,11,218,0,2,34,2,38,62,113,68,13,256,36,2,38,294
07/14/2009,ROC,NY,AEA,CE,Combined TRACON& Tower with Radar,64,113,34,3,214,0,6,31,2,39,64,119,65,5,253,298,0,298,551
07/15/2009,ROC,NY,AEA,CE,Combined TRACON& Tower with Radar,66,111,41,2,220,0,0,41,2,43,66,111,82,4,263,104,0,104,367
07/16/2009,ROC,NY,AEA,CE,Combined TRACON& Tower with Radar,63,124,31,0,218,0,3,5,0,8,63,127,36,0,226,94,0,94,320
07/17/2009,ROC,NY,AEA,CE,Combined TRACON& Tower with Radar,65,111,26,1,203,0,1,18,2,21,65,112,44,3,224,128,0,128,352
07/18/2009,ROC,NY,AEA,CE,Combined TRACON& Tower with Radar,58,72,14,2,146,0,0,8,0,8,58,72,22,2,154,90,0,90,244
07/19/2009,ROC,NY,AEA,CE,Combined TRACON& Tower with Radar,56,84,35,1,176,0,2,27,1,30,56,86,62,2,206,26,0,26,232
07/20/2009,ROC,NY,AEA,CE,Combined TRACON& Tower with Radar,65,107,33,3,208,0,3,44,1,48,65,110,77,4,256,90,0,90,346
07/21/2009,ROC,NY,AEA,CE,Combined TRACON& Tower with Radar,63,111,36,2,212,0,1,26,7,34,63,112,62,9,246,174,0,174,420
07/22/2009,ROC,NY,AEA,CE,Combined TRACON& Tower with Radar,67,114,42,0,223,0,1,10,2,13,67,115,52,2,236,116,0,116,352
07/23/2009,ROC,NY,AEA,CE,Combined TRACON& Tower with Radar,65,105,27,4,201,0,0,1,2,3,65,105,28,6,204,0,0,0,204
07/24/2009,ROC,NY,AEA,CE,Combined TRACON& Tower with Radar,68,117,25,2,212,0,0,9,2,11,68,117,34,4,223,126,0,126,349
07/25/2009,ROC,NY,AEA,CE,Combined TRACON& Tower with Radar,56,70,30,4,160,0,0,28,0,28,56,70,58,4,188,0,0,0,188
07/26/2009,ROC,NY,AEA,CE,Combined TRACON& Tower with Radar,58,90,30,0,178,0,0,23,0,23,58,90,53,0,201,0,0,0,201
07/27/2009,ROC,NY,AEA,CE,Combined TRACON& Tower with Radar,61,120,32,1,214,0,2,36,5,43,61,122,68,6,257,168,6,174,431
07/28/2009,ROC,NY,AEA,CE,Combined TRACON& Tower with Radar,72,110,37,1,220,0,9,38,5,52,72,119,75,6,272,170,0,170,442
07/29/2009,ROC,NY,AEA,CE,Combined TRACON& Tower with Radar,63,105,48,3,219,0,1,15,1,17,63,106,63,4,236,116,2,118,354
07/30/2009,ROC,NY,AEA,CE,Combined TRACON& Tower with Radar,77,124,52,7,260,0,3,28,7,38,77,127,80,14,298,202,54,256,554
07/31/2009,ROC,NY,AEA,CE,Combined TRACON& Tower with Radar,62,106,35,0,203,0,2,25,2,29,62,108,60,2,232,92,0,92,324
08/01/2009,ROC,NY,AEA,CE,Combined TRACON& Tower with Radar,51,76,26,0,153,0,2,28,0,30,51,78,54,0,183,78,0,78,261
08/02/2009,ROC,NY,AEA,CE,Combined TRACON& Tower with Radar,48,77,33,0,158,0,0,9,0,9,48,77,42,0,167,74,0,74,241
08/03/2009,ROC,NY,AEA,CE,Combined TRACON& Tower with Radar,59,108,47,0,214,0,2,46,0,48,59,110,93,0,262,188,0,188,450
08/04/2009,ROC,NY,AEA,CE,Combined TRACON& Tower with Radar,63,113,44,1,221,0,0,34,0,34,63,113,78,1,255,80,0,80,335
08/05/2009,ROC,NY,AEA,CE,Combined TRACON& Tower with Radar,67,117,53,0,237,0,2,40,2,44,67,119,93,2,281,66,0,66,347
08/06/2009,ROC,NY,AEA,CE,Combined TRACON& Tower with Radar,68,117,41,2,228,0,2,31,6,39,68,119,72,8,267,72,0,72,339
08/07/2009,ROC,NY,AEA,CE,Combined TRACON& Tower with Radar,68,111,34,0,213,0,7,30,0,37,68,118,64,0,250,60,0,60,310
08/08/2009,ROC,NY,AEA,CE,Combined TRACON& Tower with Radar,56,69,24,0,149,0,2,23,1,26,56,71,47,1,175,10,0,10,185
08/09/2009,ROC,NY,AEA,CE,Combined TRACON& Tower with Radar,53,81,21,0,155,0,1,5,0,6,53,82,26,0,161,18,0,18,179
08/10/2009,ROC,NY,AEA,CE,Combined TRACON& Tower with Radar,65,113,37,0,215,0,0,14,2,16,65,113,51,2,231,194,6,200,431
08/11/2009,ROC,NY,AEA,CE,Combined TRACON& Tower with Radar,63,122,42,6,233,0,0,28,3,31,63,122,70,9,264,232,15,247,511
08/12/2009,ROC,NY,AEA,CE,Combined TRACON& Tower with Radar,62,114,30,4,210,0,0,29,8,37,62,114,59,12,247,170,4,174,421
08/13/2009,ROC,NY,AEA,CE,Combined TRACON& Tower with Radar,67,121,44,3,235,0,2,24,0,26,67,123,68,3,261,78,0,78,339
08/14/2009,ROC,NY,AEA,CE,Combined TRACON& Tower with Radar,64,125,35,1,225,0,3,57,1,61,64,128,92,2,286,204,0,204,490
08/15/2009,ROC,NY,AEA,CE,Combined TRACON& Tower with Radar,55,70,14,0,139,0,4,36,0,40,55,74,50,0,179,182,0,182,361
08/16/2009,ROC,NY,AEA,CE,Combined TRACON& Tower with Radar,54,84,27,2,167,0,1,25,0,26,54,85,52,2,193,60,0,60,253
08/17/2009,ROC,NY,AEA,CE,Combined TRACON& Tower with Radar,64,106,26,4,200,0,3,19,0,22,64,109,45,4,222,132,0,132,354
08/18/2009,ROC,NY,AEA,CE,Combined TRACON& Tower with Radar,63,109,27,7,206,0,3,8,3,14,63,112,35,10,220,104,0,104,324
08/19/2009,ROC,NY,AEA,CE,Combined TRACON& Tower with Radar,66,119,41,2,228,0,4,25,4,33,66,123,66,6,261,144,3,147,408
08/20/2009,ROC,NY,AEA,CE,Combined TRACON& Tower with Radar,68,116,36,2,222,0,4,18,6,28,68,120,54,8,250,104,0,104,354
08/21/2009,ROC,NY,AEA,CE,Combined TRACON& Tower with Radar,62,99,15,5,181,0,0,10,9,19,62,99,25,14,200,94,8,102,302
08/22/2009,ROC,NY,AEA,CE,Combined TRACON& Tower with Radar,57,64,23,0,144,0,4,26,0,30,57,68,49,0,174,178,0,178,352
08/23/2009,ROC,NY,AEA,CE,Combined TRACON& Tower with Radar,54,94,25,0,173,0,0,0,0,0,54,94,25,0,173,138,0,138,311
08/24/2009,ROC,NY,AEA,CE,Combined TRACON& Tower with Radar,62,107,48,10,227,0,4,19,2,25,62,111,67,12,252,138,14,152,404
08/25/2009,ROC,NY,AEA,CE,Combined TRACON& Tower with Radar,64,110,50,10,234,0,5,40,0,45,64,115,90,10,279,170,8,178,457
08/26/2009,ROC,NY,AEA,CE,Combined TRACON& Tower with Radar,67,119,46,0,232,0,5,11,4,20,67,124,57,4,252,184,0,184,436
08/27/2009,ROC,NY,AEA,CE,Combined TRACON& Tower with Radar,66,114,56,2,238,0,2,40,5,47,66,116,96,7,285,234,4,238,523
08/28/2009,ROC,NY,AEA,CE,Combined TRACON& Tower with Radar,67,103,42,3,215,0,0,24,1,25,67,103,66,4,240,176,0,176,416
08/29/2009,ROC,NY,AEA,CE,Combined TRACON& Tower with Radar,54,67,15,0,136,0,0,4,0,4,54,67,19,0,140,6,0,6,146
08/30/2009,ROC,NY,AEA,CE,Combined TRACON& Tower with Radar,55,87,18,0,160,0,1,4,0,5,55,88,22,0,165,90,0,90,255
08/31/2009,ROC,NY,AEA,CE,Combined TRACON& Tower with Radar,61,107,26,0,194,0,5,21,1,27,61,112,47,1,221,62,0,62,283
09/01/2009,ROC,NY,AEA,CE,Combined TRACON& Tower with Radar,71,103,49,3,226,0,4,36,9,49,71,107,85,12,275,108,0,108,383
09/02/2009,ROC,NY,AEA,CE,Combined TRACON& Tower with Radar,77,98,54,4,233,0,2,35,3,40,77,100,89,7,273,162,4,166,439
09/03/2009,ROC,NY,AEA,CE,Combined TRACON& Tower with Radar,75,99,49,2,225,0,4,55,4,63,75,103,104,6,288,142,6,148,436
09/04/2009,ROC,NY,AEA,CE,Combined TRACON& Tower with Radar,79,91,38,0,208,0,2,43,0,45,79,93,81,0,253,116,0,116,369
09/05/2009,ROC,NY,AEA,CE,Combined TRACON& Tower with Radar,62,46,27,0,135,0,6,31,0,37,62,52,58,0,172,104,0,104,276
09/06/2009,ROC,NY,AEA,CE,Combined TRACON& Tower with Radar,58,51,29,0,138,0,1,19,0,20,58,52,48,0,158,0,0,0,158
09/07/2009,ROC,NY,AEA,CE,Combined TRACON& Tower with Radar,70,79,31,3,183,0,2,10,3,15,70,81,41,6,198,64,0,64,262
09/08/2009,ROC,NY,AEA,CE,Combined TRACON& Tower with Radar,72,100,29,1,202,0,4,13,5,22,72,104,42,6,224,186,0,186,410
09/09/2009,ROC,NY,AEA,CE,Combined TRACON& Tower with Radar,68,100,43,0,211,0,8,25,2,35,68,108,68,2,246,191,0,191,437
09/10/2009,ROC,NY,AEA,CE,Combined TRACON& Tower with Radar,72,102,34,2,210,0,2,30,5,37,72,104,64,7,247,200,0,200,447
09/11/2009,ROC,NY,AEA,CE,Combined TRACON& Tower with Radar,66,85,42,1,194,0,0,15,7,22,66,85,57,8,216,144,0,144,360
09/12/2009,ROC,NY,AEA,CE,Combined TRACON& Tower with Radar,64,47,35,0,146,0,0,9,8,17,64,47,44,8,163,14,6,20,183
09/13/2009,ROC,NY,AEA,CE,Combined TRACON& Tower with Radar,60,79,32,0,171,0,0,26,2,28,60,79,58,2,199,46,4,50,249
09/14/2009,ROC,NY,AEA,CE,Combined TRACON& Tower with Radar,69,99,27,0,195,0,0,20,0,20,69,99,47,0,215,114,0,114,329
09/15/2009,ROC,NY,AEA,CE,Combined TRACON& Tower with Radar,67,93,46,1,207,0,3,15,1,19,67,96,61,2,226,248,26,274,500
09/16/2009,ROC,NY,AEA,CE,Combined TRACON& Tower with Radar,66,94,53,0,213,0,0,20,0,20,66,94,73,0,233,38,0,38,271
09/17/2009,ROC,NY,AEA,CE,Combined TRACON& Tower with Radar,70,99,35,2,206,0,0,38,4,42,70,99,73,6,248,70,0,70,318
09/18/2009,ROC,NY,AEA,CE,Combined TRACON& Tower with Radar,73,101,40,0,214,0,2,24,0,26,73,103,64,0,240,0,0,0,240
09/19/2009,ROC,NY,AEA,CE,Combined TRACON& Tower with Radar,61,45,34,1,141,0,2,43,1,46,61,47,77,2,187,92,0,92,279
09/20/2009,ROC,NY,AEA,CE,Combined TRACON& Tower with Radar,58,72,42,0,172,0,4,33,0,37,58,76,75,0,209,0,0,0,209
09/21/2009,ROC,NY,AEA,CE,Combined TRACON& Tower with Radar,65,104,39,0,208,0,2,21,3,26,65,106,60,3,234,148,2,150,384
09/22/2009,ROC,NY,AEA,CE,Combined TRACON& Tower with Radar,67,100,32,5,204,0,1,11,0,12,67,101,43,5,216,68,0,68,284
09/23/2009,ROC,NY,AEA,CE,Combined TRACON& Tower with Radar,72,100,25,0,197,0,2,10,4,16,72,102,35,4,213,90,0,90,303
09/24/2009,ROC,NY,AEA,CE,Combined TRACON& Tower with Radar,71,100,40,1,212,0,2,24,0,26,71,102,64,1,238,68,0,68,306
09/25/2009,ROC,NY,AEA,CE,Combined TRACON& Tower with Radar,71,108,44,1,224,0,2,25,1,28,71,110,69,2,252,142,0,142,394
09/26/2009,ROC,NY,AEA,CE,Combined TRACON& Tower with Radar,57,51,34,1,143,0,1,19,0,20,57,52,53,1,163,144,0,144,307
09/27/2009,ROC,NY,AEA,CE,Combined TRACON& Tower with Radar,62,68,32,0,162,0,0,5,0,5,62,68,37,0,167,40,0,40,207
09/28/2009,ROC,NY,AEA,CE,Combined TRACON& Tower with Radar,71,101,25,0,197,0,0,0,0,0,71,101,25,0,197,54,0,54,251
09/29/2009,ROC,NY,AEA,CE,Combined TRACON& Tower with Radar,67,98,43,0,208,0,0,0,0,0,67,98,43,0,208,12,0,12,220
09/30/2009,ROC,NY,AEA,CE,Combined TRACON& Tower with Radar,69,107,38,0,214,0,2,12,2,16,69,109,50,2,230,18,1,19,249
10/01/2009,ROC,NY,AEA,CE,Combined TRACON& Tower with Radar,72,97,48,10,227,0,0,26,6,32,72,97,74,16,259,24,2,26,285
10/02/2009,ROC,NY,AEA,CE,Combined TRACON& Tower with Radar,76,103,33,0,212,0,1,12,2,15,76,104,45,2,227,84,0,84,311
10/03/2009,ROC,NY,AEA,CE,Combined TRACON& Tower with Radar,65,46,20,2,133,0,2,22,0,24,65,48,42,2,157,140,0,140,297
10/04/2009,ROC,NY,AEA,CE,Combined TRACON& Tower with Radar,56,84,21,0,161,0,0,13,0,13,56,84,34,0,174,104,0,104,278
10/05/2009,ROC,NY,AEA,CE,Combined TRACON& Tower with Radar,68,100,34,0,202,0,0,24,2,26,68,100,58,2,228,40,0,40,268
10/06/2009,ROC,NY,AEA,CE,Combined TRACON& Tower with Radar,69,108,49,2,228,0,0,23,2,25,69,108,72,4,253,20,0,20,273
10/07/2009,ROC,NY,AEA,CE,Combined TRACON& Tower with Radar,61,100,27,0,188,0,0,0,0,0,61,100,27,0,188,0,0,0,188
10/08/2009,ROC,NY,AEA,CE,Combined TRACON& Tower with Radar,72,114,44,2,232,0,2,32,2,36,72,116,76,4,268,198,2,200,468
10/09/2009,ROC,NY,AEA,CE,Combined TRACON& Tower with Radar,71,115,37,0,223,0,0,12,0,12,71,115,49,0,235,170,18,188,423
10/10/2009,ROC,NY,AEA,CE,Combined TRACON& Tower with Radar,67,58,31,0,156,0,0,16,0,16,67,58,47,0,172,98,0,98,270
10/11/2009,ROC,NY,AEA,CE,Combined TRACON& Tower with Radar,59,81,38,0,178,0,0,17,0,17,59,81,55,0,195,94,0,94,289
10/12/2009,ROC,NY,AEA,CE,Combined TRACON& Tower with Radar,71,98,37,0,206,0,0,30,0,30,71,98,67,0,236,66,0,66,302
10/13/2009,ROC,NY,AEA,CE,Combined TRACON& Tower with Radar,68,110,19,0,197,0,0,5,3,8,68,110,24,3,205,0,0,0,205
10/14/2009,ROC,NY,AEA,CE,Combined TRACON& Tower with Radar,70,115,35,2,222,0,2,14,3,19,70,117,49,5,241,74,0,74,315
10/15/2009,ROC,NY,AEA,CE,Combined TRACON& Tower with Radar,64,109,43,9,225,0,1,16,7,24,64,110,59,16,249,138,4,142,391
10/16/2009,ROC,NY,AEA,CE,Combined TRACON& Tower with Radar,72,95,25,0,192,0,3,14,2,19,72,98,39,2,211,148,2,150,361
10/17/2009,ROC,NY,AEA,CE,Combined TRACON& Tower with Radar,61,50,24,0,135,0,0,10,2,12,61,50,34,2,147,94,0,94,241
10/18/2009,ROC,NY,AEA,CE,Combined TRACON& Tower with Radar,56,71,30,0,157,0,4,37,2,43,56,75,67,2,200,116,0,116,316
10/19/2009,ROC,NY,AEA,CE,Combined TRACON& Tower with Radar,65,91,42,1,199,0,4,28,8,40,65,95,70,9,239,136,0,136,375
10/20/2009,ROC,NY,AEA,CE,Combined TRACON& Tower with Radar,70,98,39,6,213,0,2,23,3,28,70,100,62,9,241,102,0,102,343
10/21/2009,ROC,NY,AEA,CE,Combined TRACON& Tower with Radar,71,98,30,2,201,0,3,14,13,30,71,101,44,15,231,98,28,126,357
10/22/2009,ROC,NY,AEA,CE,Combined TRACON& Tower with Radar,70,100,52,3,225,0,4,11,3,18,70,104,63,6,243,112,0,112,355
10/23/2009,ROC,NY,AEA,CE,Combined TRACON& Tower with Radar,68,104,28,1,201,0,1,0,4,5,68,105,28,5,206,104,6,110,316
10/24/2009,ROC,NY,AEA,CE,Combined TRACON& Tower with Radar,60,46,18,0,124,0,0,8,0,8,60,46,26,0,132,0,0,0,132
10/25/2009,ROC,NY,AEA,CE,Combined TRACON& Tower with Radar,57,82,34,0,173,0,0,15,0,15,57,82,49,0,188,165,0,165,353
10/26/2009,ROC,NY,AEA,CE,Combined TRACON& Tower with Radar,63,113,58,0,234,0,2,28,0,30,63,115,86,0,264,12,0,12,276
10/27/2009,ROC,NY,AEA,CE,Combined TRACON& Tower with Radar,64,98,38,4,204,0,4,24,6,34,64,102,62,10,238,48,0,48,286
10/28/2009,ROC,NY,AEA,CE,Combined TRACON& Tower with Radar,65,107,41,0,213,0,0,0,0,0,65,107,41,0,213,0,0,0,213
10/29/2009,ROC,NY,AEA,CE,Combined TRACON& Tower with Radar,71,110,41,14,236,0,1,1,5,7,71,111,42,19,243,0,0,0,243
10/30/2009,ROC,NY,AEA,CE,Combined TRACON& Tower with Radar,67,101,32,1,201,0,0,17,3,20,67,101,49,4,221,168,0,168,389
10/31/2009,ROC,NY,AEA,CE,Combined TRACON& Tower with Radar,53,58,6,0,117,0,0,1,0,1,53,58,7,0,118,0,0,0,118
11/01/2009,ROC,NY,AEA,CE,Combined TRACON& Tower with Radar,61,75,39,6,181,0,2,24,4,30,61,77,63,10,211,2,0,2,213
11/02/2009,ROC,NY,AEA,CE,Combined TRACON& Tower with Radar,65,109,21,1,196,0,3,26,5,34,65,112,47,6,230,60,0,60,290
11/03/2009,ROC,NY,AEA,CE,Combined TRACON& Tower with Radar,70,94,43,4,211,0,0,22,2,24,70,94,65,6,235,108,0,108,343
11/04/2009,ROC,NY,AEA,CE,Combined TRACON& Tower with Radar,70,103,30,5,208,0,0,29,10,39,70,103,59,15,247,206,6,212,459
11/05/2009,ROC,NY,AEA,CE,Combined TRACON& Tower with Radar,75,100,31,4,210,0,0,2,4,6,75,100,33,8,216,52,4,56,272
11/06/2009,ROC,NY,AEA,CE,Combined TRACON& Tower with Radar,70,100,46,1,217,0,3,29,6,38,70,103,75,7,255,96,8,104,359
11/07/2009,ROC,NY,AEA,CE,Combined TRACON& Tower with Radar,58,55,39,0,152,0,0,38,0,38,58,55,77,0,190,198,10,208,398
11/08/2009,ROC,NY,AEA,CE,Combined TRACON& Tower with Radar,61,74,41,0,176,0,7,43,0,50,61,81,84,0,226,148,0,148,374
11/09/2009,ROC,NY,AEA,CE,Combined TRACON& Tower with Radar,68,98,32,2,200,0,6,36,0,42,68,104,68,2,242,124,0,124,366
11/10/2009,ROC,NY,AEA,CE,Combined TRACON& Tower with Radar,69,94,44,0,207,0,2,46,0,48,69,96,90,0,255,200,0,200,455
11/11/2009,ROC,NY,AEA,CE,Combined TRACON& Tower with Radar,72,97,34,0,203,0,1,30,0,31,72,98,64,0,234,144,0,144,378
11/12/2009,ROC,NY,AEA,CE,Combined TRACON& Tower with Radar,72,98,37,3,210,0,2,33,9,44,72,100,70,12,254,146,0,146,400
11/13/2009,ROC,NY,AEA,CE,Combined TRACON& Tower with Radar,70,97,38,0,205,0,0,43,9,52,70,97,81,9,257,160,0,160,417
11/14/2009,ROC,NY,AEA,CE,Combined TRACON& Tower with Radar,62,55,27,0,144,0,3,25,3,31,62,58,52,3,175,101,0,101,276
11/15/2009,ROC,NY,AEA,CE,Combined TRACON& Tower with Radar,63,77,35,1,176,0,2,24,6,32,63,79,59,7,208,166,6,172,380
11/16/2009,ROC,NY,AEA,CE,Combined TRACON& Tower with Radar,67,106,34,1,208,0,1,19,2,22,67,107,53,3,230,132,10,142,372
11/17/2009,ROC,NY,AEA,CE,Combined TRACON& Tower with Radar,66,86,45,7,204,0,0,32,1,33,66,86,77,8,237,58,10,68,305
11/18/2009,ROC,NY,AEA,CE,Combined TRACON& Tower with Radar,76,104,38,4,222,0,1,26,2,29,76,105,64,6,251,122,0,122,373
11/19/2009,ROC,NY,AEA,CE,Combined TRACON& Tower with Radar,71,99,28,2,200,0,0,8,1,9,71,99,36,3,209,24,0,24,233
11/20/2009,ROC,NY,AEA,CE,Combined TRACON& Tower with Radar,80,104,53,2,239,0,2,20,0,22,80,106,73,2,261,140,0,140,401
11/21/2009,ROC,NY,AEA,CE,Combined TRACON& Tower with Radar,61,53,34,0,148,0,0,2,0,2,61,53,36,0,150,100,0,100,250
11/22/2009,ROC,NY,AEA,CE,Combined TRACON& Tower with Radar,61,64,25,0,150,0,0,16,0,16,61,64,41,0,166,136,0,136,302
11/23/2009,ROC,NY,AEA,CE,Combined TRACON& Tower with Radar,65,104,46,2,217,0,0,28,0,28,65,104,74,2,245,274,0,274,519
11/24/2009,ROC,NY,AEA,CE,Combined TRACON& Tower with Radar,75,96,44,14,229,0,0,7,2,9,75,96,51,16,238,54,0,54,292
11/25/2009,ROC,NY,AEA,CE,Combined TRACON& Tower with Radar,77,105,25,2,209,0,2,17,0,19,77,107,42,2,228,66,0,66,294
11/26/2009,ROC,NY,AEA,CE,Combined TRACON& Tower with Radar,46,44,12,0,102,0,0,6,0,6,46,44,18,0,108,70,0,70,178
11/27/2009,ROC,NY,AEA,CE,Combined TRACON& Tower with Radar,59,69,14,0,142,0,0,8,0,8,59,69,22,0,150,90,0,90,240
11/28/2009,ROC,NY,AEA,CE,Combined TRACON& Tower with Radar,59,62,16,0,137,0,0,7,0,7,59,62,23,0,144,88,0,88,232
11/29/2009,ROC,NY,AEA,CE,Combined TRACON& Tower with Radar,66,84,50,0,200,0,8,29,0,37,66,92,79,0,237,124,0,124,361
11/30/2009,ROC,NY,AEA,CE,Combined TRACON& Tower with Radar,65,99,32,0,196,0,0,4,2,6,65,99,36,2,202,0,0,0,202
12/01/2009,ROC,NY,AEA,CE,Combined TRACON& Tower with Radar,77,104,33,0,214,0,2,16,0,18,77,106,49,0,232,42,0,42,274
12/02/2009,ROC,NY,AEA,CE,Combined TRACON& Tower with Radar,71,100,33,0,204,0,4,25,0,29,71,104,58,0,233,124,0,124,357
12/03/2009,ROC,NY,AEA,CE,Combined TRACON& Tower with Radar,75,99,24,0,198,0,0,4,0,4,75,99,28,0,202,36,0,36,238
12/04/2009,ROC,NY,AEA,CE,Combined TRACON& Tower with Radar,75,100,21,0,196,0,2,16,12,30,75,102,37,12,226,104,0,104,330
12/05/2009,ROC,NY,AEA,CE,Combined TRACON& Tower with Radar,59,54,29,3,145,0,0,27,4,31,59,54,56,7,176,240,6,246,422
12/06/2009,ROC,NY,AEA,CE,Combined TRACON& Tower with Radar,62,75,34,2,173,0,0,11,2,13,62,75,45,4,186,112,0,112,298
12/07/2009,ROC,NY,AEA,CE,Combined TRACON& Tower with Radar,69,96,41,0,206,0,2,10,0,12,69,98,51,0,218,50,0,50,268
12/08/2009,ROC,NY,AEA,CE,Combined TRACON& Tower with Radar,66,106,47,0,219,0,1,20,0,21,66,107,67,0,240,52,0,52,292
12/09/2009,ROC,NY,AEA,CE,Combined TRACON& Tower with Radar,71,72,11,0,154,0,0,1,0,1,71,72,12,0,155,0,0,0,155
12/10/2009,ROC,NY,AEA,CE,Combined TRACON& Tower with Radar,71,74,10,0,155,0,0,0,0,0,71,74,10,0,155,0,0,0,155
12/11/2009,ROC,NY,AEA,CE,Combined TRACON& Tower with Radar,68,100,25,0,193,0,0,2,0,2,68,100,27,0,195,0,0,0,195
12/12/2009,ROC,NY,AEA,CE,Combined TRACON& Tower with Radar,53,55,35,0,143,0,12,17,0,29,53,67,52,0,172,206,0,206,378
12/13/2009,ROC,NY,AEA,CE,Combined TRACON& Tower with Radar,63,67,10,0,140,0,0,0,0,0,63,67,10,0,140,0,0,0,140
12/14/2009,ROC,NY,AEA,CE,Combined TRACON& Tower with Radar,72,101,36,0,209,0,2,28,0,30,72,103,64,0,239,124,0,124,363
12/15/2009,ROC,NY,AEA,CE,Combined TRACON& Tower with Radar,79,103,29,0,211,0,0,4,4,8,79,103,33,4,219,18,6,24,243
12/16/2009,ROC,NY,AEA,CE,Combined TRACON& Tower with Radar,71,90,22,5,188,0,0,6,5,11,71,90,28,10,199,102,0,102,301
12/17/2009,ROC,NY,AEA,CE,Combined TRACON& Tower with Radar,72,99,30,7,208,0,0,8,4,12,72,99,38,11,220,33,4,37,257
12/18/2009,ROC,NY,AEA,CE,Combined TRACON& Tower with Radar,69,101,49,3,222,0,0,37,0,37,69,101,86,3,259,228,0,228,487
12/19/2009,ROC,NY,AEA,CE,Combined TRACON& Tower with Radar,53,49,27,0,129,0,1,30,0,31,53,50,57,0,160,174,0,174,334
12/20/2009,ROC,NY,AEA,CE,Combined TRACON& Tower with Radar,55,52,14,0,121,0,0,11,0,11,55,52,25,0,132,40,0,40,172
12/21/2009,ROC,NY,AEA,CE,Combined TRACON& Tower with Radar,65,91,13,0,169,0,0,6,0,6,65,91,19,0,175,56,0,56,231
12/22/2009,ROC,NY,AEA,CE,Combined TRACON& Tower with Radar,75,105,21,3,204,0,2,9,0,11,75,107,30,3,215,194,0,194,409
12/23/2009,ROC,NY,AEA,CE,Combined TRACON& Tower with Radar,73,92,21,0,186,0,0,6,0,6,73,92,27,0,192,100,0,100,292
12/24/2009,ROC,NY,AEA,CE,Combined TRACON& Tower with Radar,73,62,9,0,144,0,0,0,0,0,73,62,9,0,144,0,0,0,144
12/25/2009,ROC,NY,AEA,CE,Combined TRACON& Tower with Radar,55,39,5,0,99,0,0,2,0,2,55,39,7,0,101,0,0,0,101
12/26/2009,ROC,NY,AEA,CE,Combined TRACON& Tower with Radar,57,52,19,0,128,0,0,0,0,0,57,52,19,0,128,0,0,0,128
12/27/2009,ROC,NY,AEA,CE,Combined TRACON& Tower with Radar,68,58,22,0,148,0,2,20,0,22,68,60,42,0,170,96,0,96,266
12/28/2009,ROC,NY,AEA,CE,Combined TRACON& Tower with Radar,62,75,8,1,146,0,2,0,3,5,62,77,8,4,151,0,0,0,151
12/29/2009,ROC,NY,AEA,CE,Combined TRACON& Tower with Radar,73,80,14,0,167,0,2,0,0,2,73,82,14,0,169,0,0,0,169
12/30/2009,ROC,NY,AEA,CE,Combined TRACON& Tower with Radar,73,76,24,0,173,0,3,35,2,40,73,79,59,2,213,52,0,52,265
12/31/2009,ROC,NY,AEA,CE,Combined TRACON& Tower with Radar,61,61,13,0,135,0,0,7,0,7,61,61,20,0,142,0,0,0,142
01/01/2010,ROC,NY,AEA,CE,Combined TRACON& Tower with Radar,65,36,1,0,102,0,0,0,0,0,65,36,1,0,102,0,0,0,102
01/02/2010,ROC,NY,AEA,CE,Combined TRACON& Tower with Radar,70,48,10,0,128,0,0,0,0,0,70,48,10,0,128,0,0,0,128
01/03/2010,ROC,NY,AEA,CE,Combined TRACON& Tower with Radar,51,69,15,0,135,0,0,0,0,0,51,69,15,0,135,0,0,0,135
01/04/2010,ROC,NY,AEA,CE,Combined TRACON& Tower with Radar,65,109,6,0,180,0,0,0,0,0,65,109,6,0,180,0,0,0,180
01/05/2010,ROC,NY,AEA,CE,Combined TRACON& Tower with Radar,67,102,25,0,194,0,0,4,0,4,67,102,29,0,198,0,0,0,198
01/06/2010,ROC,NY,AEA,CE,Combined TRACON& Tower with Radar,68,95,25,0,188,0,0,0,2,2,68,95,25,2,190,56,0,56,246
01/07/2010,ROC,NY,AEA,CE,Combined TRACON& Tower with Radar,68,103,20,0,191,0,0,4,2,6,68,103,24,2,197,8,46,54,251
01/08/2010,ROC,NY,AEA,CE,Combined TRACON& Tower with Radar,64,89,19,0,172,0,0,0,0,0,64,89,19,0,172,0,0,0,172
01/09/2010,ROC,NY,AEA,CE,Combined TRACON& Tower with Radar,58,50,16,0,124,0,0,9,0,9,58,50,25,0,133,20,0,20,153
01/10/2010,ROC,NY,AEA,CE,Combined TRACON& Tower with Radar,56,70,18,0,144,0,7,21,0,28,56,77,39,0,172,134,0,134,306
01/11/2010,ROC,NY,AEA,CE,Combined TRACON& Tower with Radar,67,90,10,2,169,0,0,9,0,9,67,90,19,2,178,24,0,24,202
01/12/2010,ROC,NY,AEA,CE,Combined TRACON& Tower with Radar,73,94,33,2,202,0,0,3,2,5,73,94,36,4,207,0,0,0,207
01/13/2010,ROC,NY,AEA,CE,Combined TRACON& Tower with Radar,67,95,30,1,193,0,1,5,5,11,67,96,35,6,204,0,0,0,204
01/14/2010,ROC,NY,AEA,CE,Combined TRACON& Tower with Radar,69,98,41,0,208,0,2,55,5,62,69,100,96,5,270,0,0,0,270
01/15/2010,ROC,NY,AEA,CE,Combined TRACON& Tower with Radar,71,97,29,0,197,0,0,9,0,9,71,97,38,0,206,86,0,86,292
01/16/2010,ROC,NY,AEA,CE,Combined TRACON& Tower with Radar,54,55,29,0,138,0,3,41,0,44,54,58,70,0,182,128,0,128,310
01/17/2010,ROC,NY,AEA,CE,Combined TRACON& Tower with Radar,54,71,24,0,149,0,4,9,0,13,54,75,33,0,162,34,0,34,196
01/18/2010,ROC,NY,AEA,CE,Combined TRACON& Tower with Radar,69,85,35,0,189,0,0,3,0,3,69,85,38,0,192,90,0,90,282
01/19/2010,ROC,NY,AEA,CE,Combined TRACON& Tower with Radar,68,97,27,2,194,0,0,0,0,0,68,97,27,2,194,38,0,38,232
01/20/2010,ROC,NY,AEA,CE,Combined TRACON& Tower with Radar,72,95,21,0,188,0,0,11,8,19,72,95,32,8,207,18,0,18,225
01/21/2010,ROC,NY,AEA,CE,Combined TRACON& Tower with Radar,69,88,19,1,177,0,1,34,7,42,69,89,53,8,219,228,2,230,449
01/22/2010,ROC,NY,AEA,CE,Combined TRACON& Tower with Radar,69,108,27,5,209,0,2,26,4,32,69,110,53,9,241,226,48,274,515
01/23/2010,ROC,NY,AEA,CE,Combined TRACON& Tower with Radar,51,57,28,2,138,0,5,67,2,74,51,62,95,4,212,148,0,148,360
01/24/2010,ROC,NY,AEA,CE,Combined TRACON& Tower with Radar,49,75,12,0,136,0,0,10,0,10,49,75,22,0,146,0,0,0,146
01/25/2010,ROC,NY,AEA,CE,Combined TRACON& Tower with Radar,67,90,14,2,173,0,0,2,0,2,67,90,16,2,175,0,0,0,175
01/26/2010,ROC,NY,AEA,CE,Combined TRACON& Tower with Radar,68,93,27,0,188,0,0,5,5,10,68,93,32,5,198,10,0,10,208
01/27/2010,ROC,NY,AEA,CE,Combined TRACON& Tower with Radar,67,93,27,1,188,0,0,3,4,7,67,93,30,5,195,0,0,0,195
01/28/2010,ROC,NY,AEA,CE,Combined TRACON& Tower with Radar,49,53,11,0,113,0,0,0,0,0,49,53,11,0,113,0,0,0,113
01/29/2010,ROC,NY,AEA,CE,Combined TRACON& Tower with Radar,72,93,16,2,183,0,0,0,2,2,72,93,16,4,185,0,0,0,185
01/30/2010,ROC,NY,AEA,CE,Combined TRACON& Tower with Radar,52,50,21,0,123,0,4,18,0,22,52,54,39,0,145,170,4,174,319
01/31/2010,ROC,NY,AEA,CE,Combined TRACON& Tower with Radar,61,74,15,0,150,0,0,11,0,11,61,74,26,0,161,0,0,0,161
02/01/2010,ROC,NY,AEA,CE,Combined TRACON& Tower with Radar,69,88,17,0,174,0,2,14,0,16,69,90,31,0,190,170,0,170,360
02/02/2010,ROC,NY,AEA,CE,Combined TRACON& Tower with Radar,66,97,19,3,185,0,0,13,5,18,66,97,32,8,203,132,0,132,335
02/03/2010,ROC,NY,AEA,CE,Combined TRACON& Tower with Radar,72,109,33,0,214,0,0,0,0,0,72,109,33,0,214,0,0,0,214
02/04/2010,ROC,NY,AEA,CE,Combined TRACON& Tower with Radar,68,94,32,3,197,0,1,22,5,28,68,95,54,8,225,106,10,116,341
02/05/2010,ROC,NY,AEA,CE,Combined TRACON& Tower with Radar,67,93,25,0,185,0,1,17,4,22,67,94,42,4,207,146,4,150,357
02/06/2010,ROC,NY,AEA,CE,Combined TRACON& Tower with Radar,51,37,12,0,100,0,0,0,0,0,51,37,12,0,100,0,0,0,100
02/07/2010,ROC,NY,AEA,CE,Combined TRACON& Tower with Radar,48,59,24,0,131,0,0,1,0,1,48,59,25,0,132,50,0,50,182
02/08/2010,ROC,NY,AEA,CE,Combined TRACON& Tower with Radar,62,96,30,2,190,0,1,3,2,6,62,97,33,4,196,158,8,166,362
02/09/2010,ROC,NY,AEA,CE,Combined TRACON& Tower with Radar,70,91,26,0,187,0,3,22,7,32,70,94,48,7,219,0,0,0,219
02/10/2010,ROC,NY,AEA,CE,Combined TRACON& Tower with Radar,47,53,9,10,119,0,0,0,2,2,47,53,9,12,121,0,0,0,121
02/11/2010,ROC,NY,AEA,CE,Combined TRACON& Tower with Radar,56,96,53,3,208,0,4,25,9,38,56,100,78,12,246,46,2,48,294
02/12/2010,ROC,NY,AEA,CE,Combined TRACON& Tower with Radar,60,99,23,5,187,0,0,7,2,9,60,99,30,7,196,0,0,0,196
02/13/2010,ROC,NY,AEA,CE,Combined TRACON& Tower with Radar,56,71,17,0,144,0,0,2,0,2,56,71,19,0,146,4,0,4,150
02/14/2010,ROC,NY,AEA,CE,Combined TRACON& Tower with Radar,55,75,10,0,140,0,0,0,0,0,55,75,10,0,140,0,0,0,140
02/15/2010,ROC,NY,AEA,CE,Combined TRACON& Tower with Radar,52,79,13,1,145,0,2,38,1,41,52,81,51,2,186,0,0,0,186
02/16/2010,ROC,NY,AEA,CE,Combined TRACON& Tower with Radar,61,95,11,1,168,0,0,0,6,6,61,95,11,7,174,0,0,0,174
02/17/2010,ROC,NY,AEA,CE,Combined TRACON& Tower with Radar,63,101,8,0,172,0,0,2,0,2,63,101,10,0,174,0,0,0,174
02/18/2010,ROC,NY,AEA,CE,Combined TRACON& Tower with Radar,67,108,20,9,204,0,0,1,10,11,67,108,21,19,215,0,0,0,215
02/19/2010,ROC,NY,AEA,CE,Combined TRACON& Tower with Radar,65,114,12,0,191,0,3,2,6,11,65,117,14,6,202,0,0,0,202
02/20/2010,ROC,NY,AEA,CE,Combined TRACON& Tower with Radar,61,60,19,0,140,0,1,4,0,5,61,61,23,0,145,0,0,0,145
02/21/2010,ROC,NY,AEA,CE,Combined TRACON& Tower with Radar,55,82,36,0,173,0,9,23,0,32,55,91,59,0,205,0,0,0,205
02/22/2010,ROC,NY,AEA,CE,Combined TRACON& Tower with Radar,63,93,20,0,176,0,0,9,3,12,63,93,29,3,188,0,0,0,188
02/23/2010,ROC,NY,AEA,CE,Combined TRACON& Tower with Radar,67,98,28,0,193,0,0,5,0,5,67,98,33,0,198,0,0,0,198
02/24/2010,ROC,NY,AEA,CE,Combined TRACON& Tower with Radar,66,103,18,4,191,0,0,2,8,10,66,103,20,12,201,0,0,0,201
02/25/2010,ROC,NY,AEA,CE,Combined TRACON& Tower with Radar,54,75,8,0,137,0,0,0,0,0,54,75,8,0,137,0,0,0,137
02/26/2010,ROC,NY,AEA,CE,Combined TRACON& Tower with Radar,51,69,8,0,128,0,0,0,0,0,51,69,8,0,128,0,0,0,128
02/27/2010,ROC,NY,AEA,CE,Combined TRACON& Tower with Radar,57,57,5,0,119,0,0,0,0,0,57,57,5,0,119,0,0,0,119
02/28/2010,ROC,NY,AEA,CE,Combined TRACON& Tower with Radar,55,78,11,0,144,0,0,0,0,0,55,78,11,0,144,0,0,0,144
03/01/2010,ROC,NY,AEA,CE,Combined TRACON& Tower with Radar,66,101,19,0,186,0,2,13,4,19,66,103,32,4,205,0,0,0,205
03/02/2010,ROC,NY,AEA,CE,Combined TRACON& Tower with Radar,58,98,12,1,169,0,6,12,5,23,58,104,24,6,192,0,0,0,192
03/03/2010,ROC,NY,AEA,CE,Combined TRACON& Tower with Radar,62,100,20,0,182,0,1,17,10,28,62,101,37,10,210,0,0,0,210
03/04/2010,ROC,NY,AEA,CE,Combined TRACON& Tower with Radar,61,103,37,0,201,0,0,33,0,33,61,103,70,0,234,80,0,80,314
03/05/2010,ROC,NY,AEA,CE,Combined TRACON& Tower with Radar,66,101,43,0,210,0,4,24,0,28,66,105,67,0,238,106,0,106,344
03/06/2010,ROC,NY,AEA,CE,Combined TRACON& Tower with Radar,58,65,23,0,146,0,10,52,0,62,58,75,75,0,208,0,0,0,208
03/07/2010,ROC,NY,AEA,CE,Combined TRACON& Tower with Radar,55,85,21,1,162,0,1,27,5,33,55,86,48,6,195,0,0,0,195
03/08/2010,ROC,NY,AEA,CE,Combined TRACON& Tower with Radar,65,100,22,2,189,0,2,20,4,26,65,102,42,6,215,68,0,68,283
03/09/2010,ROC,NY,AEA,CE,Combined TRACON& Tower with Radar,69,94,32,5,200,0,1,25,6,32,69,95,57,11,232,0,0,0,232
03/10/2010,ROC,NY,AEA,CE,Combined TRACON& Tower with Radar,64,93,34,6,197,0,2,35,8,45,64,95,69,14,242,20,0,20,262
03/11/2010,ROC,NY,AEA,CE,Combined TRACON& Tower with Radar,67,101,27,4,199,0,2,20,16,38,67,103,47,20,237,64,3,67,304
03/12/2010,ROC,NY,AEA,CE,Combined TRACON& Tower with Radar,70,98,29,1,198,0,0,11,5,16,70,98,40,6,214,0,0,0,214
03/13/2010,ROC,NY,AEA,CE,Combined TRACON& Tower with Radar,57,57,14,0,128,0,0,6,0,6,57,57,20,0,134,21,0,21,155
03/14/2010,ROC,NY,AEA,CE,Combined TRACON& Tower with Radar,54,80,11,0,145,0,0,0,0,0,54,80,11,0,145,0,0,0,145
03/15/2010,ROC,NY,AEA,CE,Combined TRACON& Tower with Radar,56,100,29,2,187,0,0,8,0,8,56,100,37,2,195,0,0,0,195
03/16/2010,ROC,NY,AEA,CE,Combined TRACON& Tower with Radar,71,98,25,3,197,0,0,40,9,49,71,98,65,12,246,0,0,0,246
03/17/2010,ROC,NY,AEA,CE,Combined TRACON& Tower with Radar,69,101,41,4,215,0,2,53,8,63,69,103,94,12,278,0,0,0,278
03/18/2010,ROC,NY,AEA,CE,Combined TRACON& Tower with Radar,66,115,37,1,219,0,3,30,6,39,66,118,67,7,258,64,6,70,328
03/19/2010,ROC,NY,AEA,CE,Combined TRACON& Tower with Radar,65,109,18,2,194,0,3,43,7,53,65,112,61,9,247,0,0,0,247
03/20/2010,ROC,NY,AEA,CE,Combined TRACON& Tower with Radar,51,56,17,0,124,0,4,33,0,37,51,60,50,0,161,0,0,0,161
03/21/2010,ROC,NY,AEA,CE,Combined TRACON& Tower with Radar,55,86,18,0,159,0,1,10,0,11,55,87,28,0,170,0,0,0,170
03/22/2010,ROC,NY,AEA,CE,Combined TRACON& Tower with Radar,64,91,22,0,177,0,0,2,0,2,64,91,24,0,179,0,0,0,179
03/23/2010,ROC,NY,AEA,CE,Combined TRACON& Tower with Radar,69,96,19,0,184,0,0,0,0,0,69,96,19,0,184,0,0,0,184
03/24/2010,ROC,NY,AEA,CE,Combined TRACON& Tower with Radar,62,99,36,2,199,0,4,31,13,48,62,103,67,15,247,72,0,72,319
03/25/2010,ROC,NY,AEA,CE,Combined TRACON& Tower with Radar,68,104,38,0,210,0,1,16,5,22,68,105,54,5,232,0,0,0,232
03/26/2010,ROC,NY,AEA,CE,Combined TRACON& Tower with Radar,67,104,34,1,206,0,4,28,3,35,67,108,62,4,241,10,0,10,251
03/27/2010,ROC,NY,AEA,CE,Combined TRACON& Tower with Radar,59,58,14,0,131,0,6,31,0,37,59,64,45,0,168,10,0,10,178
03/28/2010,ROC,NY,AEA,CE,Combined TRACON& Tower with Radar,51,81,12,0,144,0,0,7,0,7,51,81,19,0,151,0,0,0,151
03/29/2010,ROC,NY,AEA,CE,Combined TRACON& Tower with Radar,62,100,21,0,183,0,1,0,2,3,62,101,21,2,186,28,0,28,214
03/30/2010,ROC,NY,AEA,CE,Combined TRACON& Tower with Radar,66,96,15,6,183,0,2,5,4,11,66,98,20,10,194,0,0,0,194
03/31/2010,ROC,NY,AEA,CE,Combined TRACON& Tower with Radar,68,99,39,2,208,0,0,43,4,47,68,99,82,6,255,46,8,54,309
04/01/2010,ROC,NY,AEA,CE,Combined TRACON& Tower with Radar,66,98,28,0,192,0,5,58,9,72,66,103,86,9,264,116,6,122,386
04/02/2010,ROC,NY,AEA,CE,Combined TRACON& Tower with Radar,67,95,16,0,178,0,7,46,8,61,67,102,62,8,239,156,0,156,395
04/03/2010,ROC,NY,AEA,CE,Combined TRACON& Tower with Radar,55,64,12,0,131,0,6,42,1,49,55,70,54,1,180,226,0,226,406
04/04/2010,ROC,NY,AEA,CE,Combined TRACON& Tower with Radar,55,76,36,0,167,0,4,30,0,34,55,80,66,0,201,130,0,130,331
04/05/2010,ROC,NY,AEA,CE,Combined TRACON& Tower with Radar,61,99,20,0,180,0,4,9,2,15,61,103,29,2,195,28,0,28,223
04/06/2010,ROC,NY,AEA,CE,Combined TRACON& Tower with Radar,61,94,27,4,186,0,0,4,0,4,61,94,31,4,190,12,2,14,204
04/07/2010,ROC,NY,AEA,CE,Combined TRACON& Tower with Radar,62,117,23,2,204,0,3,6,6,15,62,120,29,8,219,70,2,72,291
04/08/2010,ROC,NY,AEA,CE,Combined TRACON& Tower with Radar,64,119,31,1,215,0,2,12,2,16,64,121,43,3,231,46,2,48,279
04/09/2010,ROC,NY,AEA,CE,Combined TRACON& Tower with Radar,64,109,23,0,196,0,3,9,7,19,64,112,32,7,215,2,0,2,217
04/10/2010,ROC,NY,AEA,CE,Combined TRACON& Tower with Radar,53,65,16,0,134,0,2,42,10,54,53,67,58,10,188,166,28,194,382
04/11/2010,ROC,NY,AEA,CE,Combined TRACON& Tower with Radar,57,82,31,0,170,0,3,52,0,55,57,85,83,0,225,84,8,92,317
04/12/2010,ROC,NY,AEA,CE,Combined TRACON& Tower with Radar,58,107,49,0,214,0,3,43,4,50,58,110,92,4,264,104,3,107,371
04/13/2010,ROC,NY,AEA,CE,Combined TRACON& Tower with Radar,64,107,34,3,208,0,3,37,7,47,64,110,71,10,255,184,0,184,439
04/14/2010,ROC,NY,AEA,CE,Combined TRACON& Tower with Radar,64,105,35,3,207,0,3,47,7,57,64,108,82,10,264,140,10,150,414
04/15/2010,ROC,NY,AEA,CE,Combined TRACON& Tower with Radar,62,114,41,4,221,0,0,52,6,58,62,114,93,10,279,190,0,190,469
04/16/2010,ROC,NY,AEA,CE,Combined TRACON& Tower with Radar,66,108,35,0,209,0,0,18,2,20,66,108,53,2,229,10,0,10,239
04/17/2010,ROC,NY,AEA,CE,Combined TRACON& Tower with Radar,58,55,35,0,148,0,0,1,0,1,58,55,36,0,149,0,0,0,149
04/18/2010,ROC,NY,AEA,CE,Combined TRACON& Tower with Radar,55,88,28,0,171,0,9,9,0,18,55,97,37,0,189,60,0,60,249
04/19/2010,ROC,NY,AEA,CE,Combined TRACON& Tower with Radar,57,112,31,4,204,0,1,44,0,45,57,113,75,4,249,74,0,74,323
04/20/2010,ROC,NY,AEA,CE,Combined TRACON& Tower with Radar,64,106,28,0,198,0,5,27,4,36,64,111,55,4,234,54,0,54,288
04/21/2010,ROC,NY,AEA,CE,Combined TRACON& Tower with Radar,67,103,26,1,197,0,2,35,7,44,67,105,61,8,241,54,0,54,295
04/22/2010,ROC,NY,AEA,CE,Combined TRACON& Tower with Radar,61,112,21,0,194,0,4,25,7,36,61,116,46,7,230,18,0,18,248
04/23/2010,ROC,NY,AEA,CE,Combined TRACON& Tower with Radar,64,110,23,0,197,0,1,46,13,60,64,111,69,13,257,26,0,26,283
04/24/2010,ROC,NY,AEA,CE,Combined TRACON& Tower with Radar,58,54,16,1,129,0,4,36,7,47,58,58,52,8,176,116,0,116,292
04/25/2010,ROC,NY,AEA,CE,Combined TRACON& Tower with Radar,53,73,26,0,152,0,0,0,0,0,53,73,26,0,152,0,0,0,152
04/26/2010,ROC,NY,AEA,CE,Combined TRACON& Tower with Radar,59,110,21,0,190,0,1,6,0,7,59,111,27,0,197,118,0,118,315
04/27/2010,ROC,NY,AEA,CE,Combined TRACON& Tower with Radar,69,102,33,0,204,0,1,10,0,11,69,103,43,0,215,58,0,58,273
04/28/2010,ROC,NY,AEA,CE,Combined TRACON& Tower with Radar,63,110,28,2,203,0,2,18,2,22,63,112,46,4,225,10,5,15,240
04/29/2010,ROC,NY,AEA,CE,Combined TRACON& Tower with Radar,64,109,22,17,212,0,2,40,14,56,64,111,62,31,268,46,8,54,322
04/30/2010,ROC,NY,AEA,CE,Combined TRACON& Tower with Radar,72,100,24,3,199,0,0,55,5,60,72,100,79,8,259,82,6,88,347
05/01/2010,ROC,NY,AEA,CE,Combined TRACON& Tower with Radar,57,59,14,0,130,0,1,36,0,37,57,60,50,0,167,0,0,0,167
05/02/2010,ROC,NY,AEA,CE,Combined TRACON& Tower with Radar,57,73,16,0,146,0,0,15,2,17,57,73,31,2,163,92,0,92,255
05/03/2010,ROC,NY,AEA,CE,Combined TRACON& Tower with Radar,65,105,32,0,202,0,1,18,2,21,65,106,50,2,223,82,2,84,307
05/04/2010,ROC,NY,AEA,CE,Combined TRACON& Tower with Radar,73,107,28,4,212,0,0,20,8,28,73,107,48,12,240,2,2,4,244
05/05/2010,ROC,NY,AEA,CE,Combined TRACON& Tower with Radar,70,96,40,2,208,0,2,37,3,42,70,98,77,5,250,112,0,112,362
05/06/2010,ROC,NY,AEA,CE,Combined TRACON& Tower with Radar,70,107,32,0,209,0,3,11,6,20,70,110,43,6,229,106,0,106,335
05/07/2010,ROC,NY,AEA,CE,Combined TRACON& Tower with Radar,65,110,33,1,209,0,0,37,8,45,65,110,70,9,254,214,2,216,470
05/08/2010,ROC,NY,AEA,CE,Combined TRACON& Tower with Radar,56,66,18,0,140,0,0,0,0,0,56,66,18,0,140,0,0,0,140
05/09/2010,ROC,NY,AEA,CE,Combined TRACON& Tower with Radar,59,70,20,0,149,0,1,3,0,4,59,71,23,0,153,0,0,0,153
05/10/2010,ROC,NY,AEA,CE,Combined TRACON& Tower with Radar,67,107,30,0,204,0,9,32,0,41,67,116,62,0,245,32,0,32,277
05/11/2010,ROC,NY,AEA,CE,Combined TRACON& Tower with Radar,70,104,33,0,207,0,3,14,0,17,70,107,47,0,224,12,0,12,236
05/12/2010,ROC,NY,AEA,CE,Combined TRACON& Tower with Radar,66,103,43,0,212,0,0,2,4,6,66,103,45,4,218,0,0,0,218
05/13/2010,ROC,NY,AEA,CE,Combined TRACON& Tower with Radar,68,103,52,0,223,0,0,23,11,34,68,103,75,11,257,0,0,0,257
05/14/2010,ROC,NY,AEA,CE,Combined TRACON& Tower with Radar,67,106,37,5,215,0,3,5,17,25,67,109,42,22,240,146,19,165,405
05/15/2010,ROC,NY,AEA,CE,Combined TRACON& Tower with Radar,52,67,28,4,151,0,2,35,4,41,52,69,63,8,192,42,2,44,236
05/16/2010,ROC,NY,AEA,CE,Combined TRACON& Tower with Radar,64,78,30,1,173,0,6,55,2,63,64,84,85,3,236,54,0,54,290
05/17/2010,ROC,NY,AEA,CE,Combined TRACON& Tower with Radar,66,106,27,2,201,0,2,31,1,34,66,108,58,3,235,30,0,30,265
05/18/2010,ROC,NY,AEA,CE,Combined TRACON& Tower with Radar,68,101,37,3,209,0,1,8,9,18,68,102,45,12,227,24,0,24,251
05/19/2010,ROC,NY,AEA,CE,Combined TRACON& Tower with Radar,70,105,37,2,214,0,3,44,10,57,70,108,81,12,271,40,0,40,311
05/20/2010,ROC,NY,AEA,CE,Combined TRACON& Tower with Radar,70,112,35,1,218,0,4,59,9,72,70,116,94,10,290,204,0,204,494
05/21/2010,ROC,NY,AEA,CE,Combined TRACON& Tower with Radar,65,120,42,1,228,0,1,52,1,54,65,121,94,2,282,224,6,230,512
05/22/2010,ROC,NY,AEA,CE,Combined TRACON& Tower with Radar,54,61,22,0,137,0,0,30,0,30,54,61,52,0,167,114,0,114,281
05/23/2010,ROC,NY,AEA,CE,Combined TRACON& Tower with Radar,65,78,19,1,163,0,0,22,3,25,65,78,41,4,188,16,0,16,204
05/24/2010,ROC,NY,AEA,CE,Combined TRACON& Tower with Radar,63,102,33,0,198,0,3,27,0,30,63,105,60,0,228,52,0,52,280
05/25/2010,ROC,NY,AEA,CE,Combined TRACON& Tower with Radar,70,107,29,5,211,0,3,45,7,55,70,110,74,12,266,58,0,58,324
05/26/2010,ROC,NY,AEA,CE,Combined TRACON& Tower with Radar,67,98,43,2,210,0,0,49,8,57,67,98,92,10,267,114,0,114,381
05/27/2010,ROC,NY,AEA,CE,Combined TRACON& Tower with Radar,62,101,30,3,196,0,1,33,15,49,62,102,63,18,245,125,13,138,383
05/28/2010,ROC,NY,AEA,CE,Combined TRACON& Tower with Radar,67,107,20,0,194,0,0,18,2,20,67,107,38,2,214,154,0,154,368
05/29/2010,ROC,NY,AEA,CE,Combined TRACON& Tower with Radar,59,49,26,0,134,0,0,34,0,34,59,49,60,0,168,45,0,45,213
05/30/2010,ROC,NY,AEA,CE,Combined TRACON& Tower with Radar,59,66,13,0,138,0,0,24,0,24,59,66,37,0,162,46,0,46,208
05/31/2010,ROC,NY,AEA,CE,Combined TRACON& Tower with Radar,53,83,18,0,154,0,4,24,0,28,53,87,42,0,182,136,0,136,318
06/01/2010,ROC,NY,AEA,CE,Combined TRACON& Tower with Radar,65,97,24,1,187,0,2,9,5,16,65,99,33,6,203,78,8,86,289
06/02/2010,ROC,NY,AEA,CE,Combined TRACON& Tower with Radar,70,98,31,3,202,0,2,33,7,42,70,100,64,10,244,160,2,162,406
06/03/2010,ROC,NY,AEA,CE,Combined TRACON& Tower with Radar,67,100,31,3,201,0,0,14,12,26,67,100,45,15,227,120,34,154,381
06/04/2010,ROC,NY,AEA,CE,Combined TRACON& Tower with Radar,68,114,28,2,212,0,1,25,4,30,68,115,53,6,242,116,2,118,360
06/05/2010,ROC,NY,AEA,CE,Combined TRACON& Tower with Radar,48,54,29,1,132,0,0,12,4,16,48,54,41,5,148,36,0,36,184
06/06/2010,ROC,NY,AEA,CE,Combined TRACON& Tower with Radar,57,76,21,0,154,0,0,3,0,3,57,76,24,0,157,0,0,0,157
06/07/2010,ROC,NY,AEA,CE,Combined TRACON& Tower with Radar,65,102,28,0,195,0,0,29,4,33,65,102,57,4,228,184,2,186,414
06/08/2010,ROC,NY,AEA,CE,Combined TRACON& Tower with Radar,68,103,23,10,204,0,4,41,8,53,68,107,64,18,257,236,30,266,523
06/09/2010,ROC,NY,AEA,CE,Combined TRACON& Tower with Radar,68,99,48,1,216,0,0,3,3,6,68,99,51,4,222,52,16,68,290
06/10/2010,ROC,NY,AEA,CE,Combined TRACON& Tower with Radar,73,100,41,1,215,0,0,28,4,32,73,100,69,5,247,126,10,136,383
06/11/2010,ROC,NY,AEA,CE,Combined TRACON& Tower with Radar,72,101,38,0,211,0,4,56,4,64,72,105,94,4,275,146,6,152,427
06/12/2010,ROC,NY,AEA,CE,Combined TRACON& Tower with Radar,58,64,29,0,151,0,0,7,0,7,58,64,36,0,158,138,0,138,296
06/13/2010,ROC,NY,AEA,CE,Combined TRACON& Tower with Radar,60,76,43,0,179,0,2,5,0,7,60,78,48,0,186,0,0,0,186
06/14/2010,ROC,NY,AEA,CE,Combined TRACON& Tower with Radar,67,110,46,0,223,0,2,22,6,30,67,112,68,6,253,198,3,201,454
06/15/2010,ROC,NY,AEA,CE,Combined TRACON& Tower with Radar,68,103,38,1,210,0,2,54,0,56,68,105,92,1,266,180,2,182,448
06/16/2010,ROC,NY,AEA,CE,Combined TRACON& Tower with Radar,76,103,21,0,200,0,1,5,11,17,76,104,26,11,217,28,4,32,249
06/17/2010,ROC,NY,AEA,CE,Combined TRACON& Tower with Radar,67,97,30,1,195,0,4,27,0,31,67,101,57,1,226,128,3,131,357
06/18/2010,ROC,NY,AEA,CE,Combined TRACON& Tower with Radar,69,97,29,0,195,0,0,96,0,96,69,97,125,0,291,146,0,146,437
06/19/2010,ROC,NY,AEA,CE,Combined TRACON& Tower with Radar,57,55,33,1,146,0,3,223,0,226,57,58,256,1,372,18,0,18,390
06/20/2010,ROC,NY,AEA,CE,Combined TRACON& Tower with Radar,68,75,48,0,191,0,0,33,0,33,68,75,81,0,224,40,0,40,264
06/21/2010,ROC,NY,AEA,CE,Combined TRACON& Tower with Radar,65,98,33,0,196,0,6,41,6,53,65,104,74,6,249,132,4,136,385
06/22/2010,ROC,NY,AEA,CE,Combined TRACON& Tower with Radar,82,100,41,2,225,0,1,13,12,26,82,101,54,14,251,46,8,54,305
06/23/2010,ROC,NY,AEA,CE,Combined TRACON& Tower with Radar,69,99,32,3,203,0,4,43,14,61,69,103,75,17,264,56,1,57,321
06/24/2010,ROC,NY,AEA,CE,Combined TRACON& Tower with Radar,71,93,38,4,206,0,2,11,14,27,71,95,49,18,233,0,0,0,233
06/25/2010,ROC,NY,AEA,CE,Combined TRACON& Tower with Radar,74,113,34,0,221,0,1,40,8,49,74,114,74,8,270,107,7,114,384
06/26/2010,ROC,NY,AEA,CE,Combined TRACON& Tower with Radar,60,54,17,0,131,0,2,21,0,23,60,56,38,0,154,96,0,96,250
06/27/2010,ROC,NY,AEA,CE,Combined TRACON& Tower with Radar,67,83,35,0,185,0,3,14,0,17,67,86,49,0,202,126,0,126,328
06/28/2010,ROC,NY,AEA,CE,Combined TRACON& Tower with Radar,72,92,27,2,193,0,1,15,5,21,72,93,42,7,214,52,3,55,269
06/29/2010,ROC,NY,AEA,CE,Combined TRACON& Tower with Radar,75,103,41,2,221,0,2,28,11,41,75,105,69,13,262,40,0,40,302
06/30/2010,ROC,NY,AEA,CE,Combined TRACON& Tower with Radar,78,99,46,4,227,0,4,28,18,50,78,103,74,22,277,72,26,98,375
07/01/2010,ROC,NY,AEA,CE,Combined TRACON& Tower with Radar,75,101,26,1,203,0,3,40,12,55,75,104,66,13,258,100,0,100,358
07/02/2010,ROC,NY,AEA,CE,Combined TRACON& Tower with Radar,69,99,29,1,198,0,5,45,1,51,69,104,74,2,249,132,0,132,381
07/03/2010,ROC,NY,AEA,CE,Combined TRACON& Tower with Radar,50,62,11,0,123,0,4,39,0,43,50,66,50,0,166,148,0,148,314
07/04/2010,ROC,NY,AEA,CE,Combined TRACON& Tower with Radar,53,58,8,1,120,0,0,17,1,18,53,58,25,2,138,12,0,12,150
07/05/2010,ROC,NY,AEA,CE,Combined TRACON& Tower with Radar,56,94,19,0,169,0,2,28,3,33,56,96,47,3,202,38,7,45,247
07/06/2010,ROC,NY,AEA,CE,Combined TRACON& Tower with Radar,69,99,35,1,204,0,2,26,7,35,69,101,61,8,239,136,0,136,375
07/07/2010,ROC,NY,AEA,CE,Combined TRACON& Tower with Radar,72,109,45,1,227,0,4,31,6,41,72,113,76,7,268,170,0,170,438
07/08/2010,ROC,NY,AEA,CE,Combined TRACON& Tower with Radar,73,107,41,2,223,0,2,44,17,63,73,109,85,19,286,110,6,116,402
07/09/2010,ROC,NY,AEA,CE,Combined TRACON& Tower with Radar,68,102,28,1,199,0,0,4,5,9,68,102,32,6,208,34,1,35,243
07/10/2010,ROC,NY,AEA,CE,Combined TRACON& Tower with Radar,54,57,21,0,132,0,0,45,4,49,54,57,66,4,181,178,2,180,361
07/11/2010,ROC,NY,AEA,CE,Combined TRACON& Tower with Radar,64,73,24,4,165,0,1,30,18,49,64,74,54,22,214,28,4,32,246
07/12/2010,ROC,NY,AEA,CE,Combined TRACON& Tower with Radar,64,106,40,2,212,0,2,25,6,33,64,108,65,8,245,36,0,36,281
07/13/2010,ROC,NY,AEA,CE,Combined TRACON& Tower with Radar,64,93,25,0,182,0,0,14,12,26,64,93,39,12,208,18,0,18,226
07/14/2010,ROC,NY,AEA,CE,Combined TRACON& Tower with Radar,71,100,51,2,224,0,1,16,11,28,71,101,67,13,252,68,0,68,320
07/15/2010,ROC,NY,AEA,CE,Combined TRACON& Tower with Radar,73,97,40,1,211,0,3,30,16,49,73,100,70,17,260,140,4,144,404
07/16/2010,ROC,NY,AEA,CE,Combined TRACON& Tower with Radar,68,104,27,2,201,0,1,22,12,35,68,105,49,14,236,0,0,0,236
07/17/2010,ROC,NY,AEA,CE,Combined TRACON& Tower with Radar,56,56,24,0,136,0,3,21,3,27,56,59,45,3,163,146,4,150,313
07/18/2010,ROC,NY,AEA,CE,Combined TRACON& Tower with Radar,63,80,30,0,173,0,4,29,1,34,63,84,59,1,207,8,0,8,215
07/19/2010,ROC,NY,AEA,CE,Combined TRACON& Tower with Radar,65,97,32,2,196,0,0,22,6,28,65,97,54,8,224,18,0,18,242
07/20/2010,ROC,NY,AEA,CE,Combined TRACON& Tower with Radar,78,108,28,4,218,0,5,32,6,43,78,113,60,10,261,178,12,190,451
07/21/2010,ROC,NY,AEA,CE,Combined TRACON& Tower with Radar,64,106,38,0,208,0,0,10,0,10,64,106,48,0,218,78,0,78,296
07/22/2010,ROC,NY,AEA,CE,Combined TRACON& Tower with Radar,67,107,39,2,215,0,2,42,7,51,67,109,81,9,266,148,0,148,414
07/23/2010,ROC,NY,AEA,CE,Combined TRACON& Tower with Radar,69,97,29,1,196,0,0,3,2,5,69,97,32,3,201,76,0,76,277
07/24/2010,ROC,NY,AEA,CE,Combined TRACON& Tower with Radar,57,59,12,0,128,0,0,12,0,12,57,59,24,0,140,72,0,72,212
07/25/2010,ROC,NY,AEA,CE,Combined TRACON& Tower with Radar,63,81,31,0,175,0,0,8,0,8,63,81,39,0,183,0,0,0,183
07/26/2010,ROC,NY,AEA,CE,Combined TRACON& Tower with Radar,66,106,39,0,211,0,11,42,2,55,66,117,81,2,266,34,2,36,302
07/27/2010,ROC,NY,AEA,CE,Combined TRACON& Tower with Radar,72,103,32,0,207,0,6,44,4,54,72,109,76,4,261,210,3,213,474
07/28/2010,ROC,NY,AEA,CE,Combined TRACON& Tower with Radar,74,101,42,3,220,0,3,17,1,21,74,104,59,4,241,52,0,52,293
07/29/2010,ROC,NY,AEA,CE,Combined TRACON& Tower with Radar,67,102,58,1,228,0,11,35,12,58,67,113,93,13,286,60,0,60,346
07/30/2010,ROC,NY,AEA,CE,Combined TRACON& Tower with Radar,73,112,47,0,232,0,3,41,2,46,73,115,88,2,278,40,0,40,318
07/31/2010,ROC,NY,AEA,CE,Combined TRACON& Tower with Radar,57,56,22,0,135,0,5,41,0,46,57,61,63,0,181,212,0,212,393
08/01/2010,ROC,NY,AEA,CE,Combined TRACON& Tower with Radar,64,75,30,0,169,0,3,15,0,18,64,78,45,0,187,52,0,52,239
08/02/2010,ROC,NY,AEA,CE,Combined TRACON& Tower with Radar,64,104,23,0,191,0,3,35,0,38,64,107,58,0,229,166,0,166,395
08/03/2010,ROC,NY,AEA,CE,Combined TRACON& Tower with Radar,68,109,23,0,200,0,1,24,5,30,68,110,47,5,230,20,2,22,252
08/04/2010,ROC,NY,AEA,CE,Combined TRACON& Tower with Radar,68,111,31,1,211,0,3,40,3,46,68,114,71,4,257,240,0,240,497
08/05/2010,ROC,NY,AEA,CE,Combined TRACON& Tower with Radar,63,106,15,2,186,0,3,13,10,26,63,109,28,12,212,132,0,132,344
08/06/2010,ROC,NY,AEA,CE,Combined TRACON& Tower with Radar,75,96,25,0,196,0,8,38,0,46,75,104,63,0,242,84,0,84,326
08/07/2010,ROC,NY,AEA,CE,Combined TRACON& Tower with Radar,60,66,25,0,151,0,3,37,0,40,60,69,62,0,191,82,0,82,273
08/08/2010,ROC,NY,AEA,CE,Combined TRACON& Tower with Radar,65,73,23,0,161,0,0,34,1,35,65,73,57,1,196,142,2,144,340
08/09/2010,ROC,NY,AEA,CE,Combined TRACON& Tower with Radar,66,103,23,0,192,0,4,24,0,28,66,107,47,0,220,182,0,182,402
08/10/2010,ROC,NY,AEA,CE,Combined TRACON& Tower with Radar,69,107,32,13,221,0,4,31,12,47,69,111,63,25,268,172,20,192,460
08/11/2010,ROC,NY,AEA,CE,Combined TRACON& Tower with Radar,67,106,46,2,221,0,1,29,13,43,67,107,75,15,264,82,22,104,368
08/12/2010,ROC,NY,AEA,CE,Combined TRACON& Tower with Radar,72,102,23,0,197,0,3,29,2,34,72,105,52,2,231,160,0,160,391
08/13/2010,ROC,NY,AEA,CE,Combined TRACON& Tower with Radar,69,112,20,0,201,0,5,34,5,44,69,117,54,5,245,118,4,122,367
08/14/2010,ROC,NY,AEA,CE,Combined TRACON& Tower with Radar,59,67,8,1,135,0,6,30,2,38,59,73,38,3,173,104,0,104,277
08/15/2010,ROC,NY,AEA,CE,Combined TRACON& Tower with Radar,64,80,9,0,153,0,1,5,0,6,64,81,14,0,159,120,0,120,279
08/16/2010,ROC,NY,AEA,CE,Combined TRACON& Tower with Radar,69,109,20,0,198,0,3,26,0,29,69,112,46,0,227,108,0,108,335
08/17/2010,ROC,NY,AEA,CE,Combined TRACON& Tower with Radar,84,94,44,2,224,0,5,47,4,56,84,99,91,6,280,66,0,66,346
08/18/2010,ROC,NY,AEA,CE,Combined TRACON& Tower with Radar,84,92,47,1,224,0,5,34,5,44,84,97,81,6,268,210,0,210,478
08/19/2010,ROC,NY,AEA,CE,Combined TRACON& Tower with Radar,84,94,31,0,209,0,3,31,14,48,84,97,62,14,257,180,20,200,457
08/20/2010,ROC,NY,AEA,CE,Combined TRACON& Tower with Radar,78,92,27,0,197,0,7,23,2,32,78,99,50,2,229,178,0,178,407
08/21/2010,ROC,NY,AEA,CE,Combined TRACON& Tower with Radar,58,56,7,0,121,0,3,42,0,45,58,59,49,0,166,172,0,172,338
08/22/2010,ROC,NY,AEA,CE,Combined TRACON& Tower with Radar,72,72,30,1,175,0,0,0,0,0,72,72,30,1,175,10,0,10,185
08/23/2010,ROC,NY,AEA,CE,Combined TRACON& Tower with Radar,79,93,31,1,204,0,0,0,0,0,79,93,31,1,204,0,0,0,204
08/24/2010,ROC,NY,AEA,CE,Combined TRACON& Tower with Radar,86,86,27,0,199,0,1,37,5,43,86,87,64,5,242,110,0,110,352
08/25/2010,ROC,NY,AEA,CE,Combined TRACON& Tower with Radar,85,93,35,5,218,0,5,29,12,46,85,98,64,17,264,198,6,204,468
08/26/2010,ROC,NY,AEA,CE,Combined TRACON& Tower with Radar,83,97,33,2,215,0,17,26,8,51,83,114,59,10,266,92,0,92,358
08/27/2010,ROC,NY,AEA,CE,Combined TRACON& Tower with Radar,83,91,43,0,217,0,6,52,0,58,83,97,95,0,275,182,1,183,458
08/28/2010,ROC,NY,AEA,CE,Combined TRACON& Tower with Radar,53,51,22,0,126,0,11,46,2,59,53,62,68,2,185,76,2,78,263
08/29/2010,ROC,NY,AEA,CE,Combined TRACON& Tower with Radar,66,79,37,0,182,0,5,39,2,46,66,84,76,2,228,96,6,102,330
08/30/2010,ROC,NY,AEA,CE,Combined TRACON& Tower with Radar,80,92,37,4,213,0,2,30,2,34,80,94,67,6,247,110,22,132,379
08/31/2010,ROC,NY,AEA,CE,Combined TRACON& Tower with Radar,82,91,28,4,205,0,4,59,16,79,82,95,87,20,284,22,0,22,306
09/01/2010,ROC,NY,AEA,CE,Combined TRACON& Tower with Radar,83,91,35,0,209,0,7,46,4,57,83,98,81,4,266,188,2,190,456
09/02/2010,ROC,NY,AEA,CE,Combined TRACON& Tower with Radar,75,99,27,2,203,0,2,26,5,33,75,101,53,7,236,190,2,192,428
09/03/2010,ROC,NY,AEA,CE,Combined TRACON& Tower with Radar,71,108,16,1,196,0,2,7,0,9,71,110,23,1,205,120,0,120,325
09/04/2010,ROC,NY,AEA,CE,Combined TRACON& Tower with Radar,52,47,5,0,104,0,4,5,2,11,52,51,10,2,115,122,0,122,237
09/05/2010,ROC,NY,AEA,CE,Combined TRACON& Tower with Radar,55,56,17,0,128,0,0,13,0,13,55,56,30,0,141,120,0,120,261
09/06/2010,ROC,NY,AEA,CE,Combined TRACON& Tower with Radar,60,91,20,0,171,0,0,18,0,18,60,91,38,0,189,106,10,116,305
09/07/2010,ROC,NY,AEA,CE,Combined TRACON& Tower with Radar,74,104,27,0,205,0,4,23,4,31,74,108,50,4,236,158,4,162,398
09/08/2010,ROC,NY,AEA,CE,Combined TRACON& Tower with Radar,69,100,23,2,194,0,0,15,6,21,69,100,38,8,215,136,16,152,367
09/09/2010,ROC,NY,AEA,CE,Combined TRACON& Tower with Radar,78,108,33,0,219,0,0,15,12,27,78,108,48,12,246,126,36,162,408
09/10/2010,ROC,NY,AEA,CE,Combined TRACON& Tower with Radar,69,103,55,0,227,0,3,28,0,31,69,106,83,0,258,156,0,156,414
09/11/2010,ROC,NY,AEA,CE,Combined TRACON& Tower with Radar,52,53,20,1,126,0,8,44,3,55,52,61,64,4,181,132,2,134,315
09/12/2010,ROC,NY,AEA,CE,Combined TRACON& Tower with Radar,61,75,50,5,191,0,2,8,2,12,61,77,58,7,203,142,3,145,348
09/13/2010,ROC,NY,AEA,CE,Combined TRACON& Tower with Radar,68,102,25,0,195,0,5,20,3,28,68,107,45,3,223,176,0,176,399
09/14/2010,ROC,NY,AEA,CE,Combined TRACON& Tower with Radar,67,98,25,0,190,0,3,22,5,30,67,101,47,5,220,164,10,174,394
09/15/2010,ROC,NY,AEA,CE,Combined TRACON& Tower with Radar,75,94,48,4,221,0,3,41,10,54,75,97,89,14,275,192,3,195,470
09/16/2010,ROC,NY,AEA,CE,Combined TRACON& Tower with Radar,74,95,45,0,214,0,0,6,0,6,74,95,51,0,220,172,2,174,394
09/17/2010,ROC,NY,AEA,CE,Combined TRACON& Tower with Radar,70,94,37,3,204,0,0,18,3,21,70,94,55,6,225,156,10,166,391
09/18/2010,ROC,NY,AEA,CE,Combined TRACON& Tower with Radar,55,50,29,1,135,0,1,48,1,50,55,51,77,2,185,210,2,212,397
09/19/2010,ROC,NY,AEA,CE,Combined TRACON& Tower with Radar,56,77,23,0,156,0,1,23,0,24,56,78,46,0,180,146,0,146,326
09/20/2010,ROC,NY,AEA,CE,Combined TRACON& Tower with Radar,70,95,32,0,197,0,1,36,0,37,70,96,68,0,234,206,0,206,440
09/21/2010,ROC,NY,AEA,CE,Combined TRACON& Tower with Radar,72,95,35,10,212,0,2,36,6,44,72,97,71,16,256,208,18,226,482
09/22/2010,ROC,NY,AEA,CE,Combined TRACON& Tower with Radar,71,100,41,2,214,0,0,6,2,8,71,100,47,4,222,166,4,170,392
09/23/2010,ROC,NY,AEA,CE,Combined TRACON& Tower with Radar,83,101,35,1,220,0,7,38,1,46,83,108,73,2,266,202,2,204,470
09/24/2010,ROC,NY,AEA,CE,Combined TRACON& Tower with Radar,73,97,26,0,196,0,4,20,1,25,73,101,46,1,221,102,3,105,326
09/25/2010,ROC,NY,AEA,CE,Combined TRACON& Tower with Radar,53,51,11,0,115,0,0,21,3,24,53,51,32,3,139,112,1,113,252
09/26/2010,ROC,NY,AEA,CE,Combined TRACON& Tower with Radar,56,84,33,0,173,0,7,27,2,36,56,91,60,2,209,44,0,44,253
09/27/2010,ROC,NY,AEA,CE,Combined TRACON& Tower with Radar,63,98,27,0,188,0,2,4,3,9,63,100,31,3,197,46,0,46,243
09/28/2010,ROC,NY,AEA,CE,Combined TRACON& Tower with Radar,69,90,26,4,189,0,0,7,3,10,69,90,33,7,199,110,20,130,329
09/29/2010,ROC,NY,AEA,CE,Combined TRACON& Tower with Radar,70,99,38,11,218,0,6,53,7,66,70,105,91,18,284,68,10,78,362
09/30/2010,ROC,NY,AEA,CE,Combined TRACON& Tower with Radar,69,88,28,1,186,0,1,2,3,6,69,89,30,4,192,8,0,8,200
10/01/2010,ROC,NY,AEA,CE,Combined TRACON& Tower with Radar,84,89,35,0,208,0,0,28,6,34,84,89,63,6,242,26,4,30,272
10/02/2010,ROC,NY,AEA,CE,Combined TRACON& Tower with Radar,58,47,19,0,124,0,2,36,0,38,58,49,55,0,162,250,4,254,416
10/03/2010,ROC,NY,AEA,CE,Combined TRACON& Tower with Radar,63,73,34,0,170,0,1,19,0,20,63,74,53,0,190,30,0,30,220
10/04/2010,ROC,NY,AEA,CE,Combined TRACON& Tower with Radar,70,79,29,1,179,0,1,2,5,8,70,80,31,6,187,112,0,112,299
10/05/2010,ROC,NY,AEA,CE,Combined TRACON& Tower with Radar,74,80,39,4,197,0,0,0,0,0,74,80,39,4,197,0,0,0,197
10/06/2010,ROC,NY,AEA,CE,Combined TRACON& Tower with Radar,67,86,33,13,199,0,1,1,7,9,67,87,34,20,208,24,2,26,234
10/07/2010,ROC,NY,AEA,CE,Combined TRACON& Tower with Radar,76,91,41,5,213,0,2,13,9,24,76,93,54,14,237,106,28,134,371
10/08/2010,ROC,NY,AEA,CE,Combined TRACON& Tower with Radar,74,96,41,0,211,0,2,43,0,45,74,98,84,0,256,94,4,98,354
10/09/2010,ROC,NY,AEA,CE,Combined TRACON& Tower with Radar,57,46,31,1,135,0,0,54,0,54,57,46,85,1,189,62,4,66,255
10/10/2010,ROC,NY,AEA,CE,Combined TRACON& Tower with Radar,61,78,12,0,151,0,6,37,0,43,61,84,49,0,194,44,0,44,238
10/11/2010,ROC,NY,AEA,CE,Combined TRACON& Tower with Radar,73,77,38,1,189,0,1,35,0,36,73,78,73,1,225,180,3,183,408
10/12/2010,ROC,NY,AEA,CE,Combined TRACON& Tower with Radar,74,97,48,15,234,0,0,20,1,21,74,97,68,16,255,36,30,66,321
10/13/2010,ROC,NY,AEA,CE,Combined TRACON& Tower with Radar,72,91,51,2,216,0,7,48,12,67,72,98,99,14,283,268,0,268,551
10/14/2010,ROC,NY,AEA,CE,Combined TRACON& Tower with Radar,72,95,46,0,213,0,0,10,5,15,72,95,56,5,228,38,0,38,266
10/15/2010,ROC,NY,AEA,CE,Combined TRACON& Tower with Radar,74,91,26,9,200,0,0,0,6,6,74,91,26,15,206,0,0,0,206
10/16/2010,ROC,NY,AEA,CE,Combined TRACON& Tower with Radar,58,50,26,0,134,0,9,20,6,35,58,59,46,6,169,172,0,172,341
10/17/2010,ROC,NY,AEA,CE,Combined TRACON& Tower with Radar,62,91,39,0,192,0,3,30,2,35,62,94,69,2,227,82,4,86,313
10/18/2010,ROC,NY,AEA,CE,Combined TRACON& Tower with Radar,73,82,38,0,193,0,0,27,2,29,73,82,65,2,222,60,0,60,282
10/19/2010,ROC,NY,AEA,CE,Combined TRACON& Tower with Radar,74,94,32,1,201,6,2,44,10,62,80,96,76,11,263,141,9,150,413
10/20/2010,ROC,NY,AEA,CE,Combined TRACON& Tower with Radar,70,89,24,0,183,0,1,24,10,35,70,90,48,10,218,22,0,22,240
10/21/2010,ROC,NY,AEA,CE,Combined TRACON& Tower with Radar,74,90,33,2,199,0,0,5,18,23,74,90,38,20,222,122,2,124,346
10/22/2010,ROC,NY,AEA,CE,Combined TRACON& Tower with Radar,71,92,22,0,185,0,2,18,1,21,71,94,40,1,206,138,6,144,350
10/23/2010,ROC,NY,AEA,CE,Combined TRACON& Tower with Radar,60,48,28,0,136,0,2,50,0,52,60,50,78,0,188,228,4,232,420
10/24/2010,ROC,NY,AEA,CE,Combined TRACON& Tower with Radar,63,69,37,0,169,0,1,20,1,22,63,70,57,1,191,17,0,17,208
10/25/2010,ROC,NY,AEA,CE,Combined TRACON& Tower with Radar,69,85,23,0,177,0,2,5,0,7,69,87,28,0,184,82,0,82,266
10/26/2010,ROC,NY,AEA,CE,Combined TRACON& Tower with Radar,68,81,27,8,184,0,1,21,6,28,68,82,48,14,212,124,6,130,342
10/27/2010,ROC,NY,AEA,CE,Combined TRACON& Tower with Radar,65,85,34,18,202,0,1,18,10,29,65,86,52,28,231,64,28,92,323
10/28/2010,ROC,NY,AEA,CE,Combined TRACON& Tower with Radar,77,90,41,0,208,0,0,6,12,18,77,90,47,12,226,56,2,58,284
10/29/2010,ROC,NY,AEA,CE,Combined TRACON& Tower with Radar,72,91,27,0,190,0,1,11,2,14,72,92,38,2,204,61,4,65,269
10/30/2010,ROC,NY,AEA,CE,Combined TRACON& Tower with Radar,51,48,12,0,111,0,2,24,0,26,51,50,36,0,137,58,0,58,195
10/31/2010,ROC,NY,AEA,CE,Combined TRACON& Tower with Radar,59,69,15,0,143,0,0,7,0,7,59,69,22,0,150,0,0,0,150
11/01/2010,ROC,NY,AEA,CE,Combined TRACON& Tower with Radar,62,87,19,0,168,0,3,18,2,23,62,90,37,2,191,152,0,152,343
11/02/2010,ROC,NY,AEA,CE,Combined TRACON& Tower with Radar,63,93,38,0,194,0,3,29,2,34,63,96,67,2,228,244,15,259,487
11/03/2010,ROC,NY,AEA,CE,Combined TRACON& Tower with Radar,65,91,41,0,197,0,4,44,4,52,65,95,85,4,249,208,8,216,465
11/04/2010,ROC,NY,AEA,CE,Combined TRACON& Tower with Radar,64,86,26,2,178,0,0,0,4,4,64,86,26,6,182,76,28,104,286
11/05/2010,ROC,NY,AEA,CE,Combined TRACON& Tower with Radar,63,97,26,1,187,0,1,0,1,2,63,98,26,2,189,10,84,94,283
11/06/2010,ROC,NY,AEA,CE,Combined TRACON& Tower with Radar,59,46,16,0,121,0,0,3,10,13,59,46,19,10,134,70,48,118,252
11/07/2010,ROC,NY,AEA,CE,Combined TRACON& Tower with Radar,60,80,31,0,171,0,2,28,0,30,60,82,59,0,201,102,0,102,303
11/08/2010,ROC,NY,AEA,CE,Combined TRACON& Tower with Radar,62,92,34,0,188,0,6,34,0,40,62,98,68,0,228,150,0,150,378
11/09/2010,ROC,NY,AEA,CE,Combined TRACON& Tower with Radar,70,90,39,2,201,0,0,7,4,11,70,90,46,6,212,186,10,196,408
11/10/2010,ROC,NY,AEA,CE,Combined TRACON& Tower with Radar,68,91,27,2,188,0,1,47,11,59,68,92,74,13,247,82,6,88,335
11/11/2010,ROC,NY,AEA,CE,Combined TRACON& Tower with Radar,67,93,44,0,204,0,3,82,2,87,67,96,126,2,291,170,1,171,462
11/12/2010,ROC,NY,AEA,CE,Combined TRACON& Tower with Radar,71,92,37,12,212,0,2,72,0,74,71,94,109,12,286,196,16,212,498
11/13/2010,ROC,NY,AEA,CE,Combined TRACON& Tower with Radar,58,43,26,0,127,0,11,68,0,79,58,54,94,0,206,194,12,206,412
11/14/2010,ROC,NY,AEA,CE,Combined TRACON& Tower with Radar,62,74,18,0,154,0,8,15,0,23,62,82,33,0,177,0,0,0,177
11/15/2010,ROC,NY,AEA,CE,Combined TRACON& Tower with Radar,67,88,36,3,194,0,0,37,9,46,67,88,73,12,240,90,0,90,330
11/16/2010,ROC,NY,AEA,CE,Combined TRACON& Tower with Radar,66,79,39,5,189,0,1,31,11,43,66,80,70,16,232,6,4,10,242
11/17/2010,ROC,NY,AEA,CE,Combined TRACON& Tower with Radar,72,87,28,1,188,0,0,1,1,2,72,87,29,2,190,0,0,0,190
11/18/2010,ROC,NY,AEA,CE,Combined TRACON& Tower with Radar,74,83,41,4,202,0,1,10,10,21,74,84,51,14,223,0,24,24,247
11/19/2010,ROC,NY,AEA,CE,Combined TRACON& Tower with Radar,74,80,34,2,190,0,3,25,6,34,74,83,59,8,224,98,4,102,326
11/20/2010,ROC,NY,AEA,CE,Combined TRACON& Tower with Radar,58,41,14,0,113,0,2,14,0,16,58,43,28,0,129,150,0,150,279
11/21/2010,ROC,NY,AEA,CE,Combined TRACON& Tower with Radar,56,73,22,0,151,0,1,34,2,37,56,74,56,2,188,150,0,150,338
11/22/2010,ROC,NY,AEA,CE,Combined TRACON& Tower with Radar,65,75,20,1,161,0,0,1,5,6,65,75,21,6,167,116,26,142,309
11/23/2010,ROC,NY,AEA,CE,Combined TRACON& Tower with Radar,73,89,33,0,195,0,0,10,0,10,73,89,43,0,205,90,10,100,305
11/24/2010,ROC,NY,AEA,CE,Combined TRACON& Tower with Radar,69,84,28,0,181,0,3,45,0,48,69,87,73,0,229,42,0,42,271
11/25/2010,ROC,NY,AEA,CE,Combined TRACON& Tower with Radar,52,35,5,0,92,0,0,1,0,1,52,35,6,0,93,0,0,0,93
11/26/2010,ROC,NY,AEA,CE,Combined TRACON& Tower with Radar,60,54,7,0,121,0,1,1,0,2,60,55,8,0,123,8,0,8,131
11/27/2010,ROC,NY,AEA,CE,Combined TRACON& Tower with Radar,63,58,10,0,131,0,2,3,0,5,63,60,13,0,136,28,0,28,164
11/28/2010,ROC,NY,AEA,CE,Combined TRACON& Tower with Radar,65,76,48,0,189,0,9,12,0,21,65,85,60,0,210,88,2,90,300
11/29/2010,ROC,NY,AEA,CE,Combined TRACON& Tower with Radar,62,87,29,1,179,0,6,52,7,65,62,93,81,8,244,124,30,154,398
11/30/2010,ROC,NY,AEA,CE,Combined TRACON& Tower with Radar,74,87,27,1,189,0,0,1,3,4,74,87,28,4,193,0,0,0,193
12/01/2010,ROC,NY,AEA,CE,Combined TRACON& Tower with Radar,78,69,10,0,157,0,1,0,0,1,78,70,10,0,158,52,0,52,210
12/02/2010,ROC,NY,AEA,CE,Combined TRACON& Tower with Radar,76,84,30,1,191,0,0,16,10,26,76,84,46,11,217,20,4,24,241
12/03/2010,ROC,NY,AEA,CE,Combined TRACON& Tower with Radar,74,82,23,0,179,0,0,17,12,29,74,82,40,12,208,92,0,92,300
12/04/2010,ROC,NY,AEA,CE,Combined TRACON& Tower with Radar,55,42,13,1,111,0,0,6,7,13,55,42,19,8,124,126,0,126,250
12/05/2010,ROC,NY,AEA,CE,Combined TRACON& Tower with Radar,58,67,15,0,140,0,0,1,0,1,58,67,16,0,141,0,0,0,141
12/06/2010,ROC,NY,AEA,CE,Combined TRACON& Tower with Radar,68,86,12,0,166,0,0,0,0,0,68,86,12,0,166,0,0,0,166
12/07/2010,ROC,NY,AEA,CE,Combined TRACON& Tower with Radar,74,73,21,6,174,0,0,0,1,1,74,73,21,7,175,0,0,0,175
12/08/2010,ROC,NY,AEA,CE,Combined TRACON& Tower with Radar,74,81,31,1,187,0,0,0,5,5,74,81,31,6,192,0,0,0,192
12/09/2010,ROC,NY,AEA,CE,Combined TRACON& Tower with Radar,82,81,37,6,206,0,2,20,8,30,82,83,57,14,236,50,58,108,344
12/10/2010,ROC,NY,AEA,CE,Combined TRACON& Tower with Radar,82,85,39,0,206,0,0,4,5,9,82,85,43,5,215,18,8,26,241
12/11/2010,ROC,NY,AEA,CE,Combined TRACON& Tower with Radar,56,43,24,0,123,0,0,28,1,29,56,43,52,1,152,100,0,100,252
12/12/2010,ROC,NY,AEA,CE,Combined TRACON& Tower with Radar,41,49,17,0,107,0,0,1,0,1,41,49,18,0,108,0,0,0,108
12/13/2010,ROC,NY,AEA,CE,Combined TRACON& Tower with Radar,62,65,32,1,160,0,0,0,0,0,62,65,32,1,160,0,0,0,160
12/14/2010,ROC,NY,AEA,CE,Combined TRACON& Tower with Radar,70,77,24,1,172,0,1,0,0,1,70,78,24,1,173,0,0,0,173
12/15/2010,ROC,NY,AEA,CE,Combined TRACON& Tower with Radar,81,78,28,6,193,0,0,1,10,11,81,78,29,16,204,0,0,0,204
12/16/2010,ROC,NY,AEA,CE,Combined TRACON& Tower with Radar,75,87,33,8,203,0,2,10,17,29,75,89,43,25,232,0,0,0,232
12/17/2010,ROC,NY,AEA,CE,Combined TRACON& Tower with Radar,70,94,32,0,196,0,0,13,3,16,70,94,45,3,212,114,6,120,332
12/18/2010,ROC,NY,AEA,CE,Combined TRACON& Tower with Radar,58,58,17,0,133,0,7,21,1,29,58,65,38,1,162,76,0,76,238
12/19/2010,ROC,NY,AEA,CE,Combined TRACON& Tower with Radar,54,73,23,0,150,0,0,10,0,10,54,73,33,0,160,18,0,18,178
12/20/2010,ROC,NY,AEA,CE,Combined TRACON& Tower with Radar,55,96,17,0,168,0,1,5,0,6,55,97,22,0,174,0,0,0,174
12/21/2010,ROC,NY,AEA,CE,Combined TRACON& Tower with Radar,63,92,24,4,183,0,2,11,13,26,63,94,35,17,209,36,12,48,257
12/22/2010,ROC,NY,AEA,CE,Combined TRACON& Tower with Radar,65,99,25,0,189,0,0,1,8,9,65,99,26,8,198,32,0,32,230
12/23/2010,ROC,NY,AEA,CE,Combined TRACON& Tower with Radar,67,95,20,0,182,0,0,0,0,0,67,95,20,0,182,2,0,2,184
12/24/2010,ROC,NY,AEA,CE,Combined TRACON& Tower with Radar,64,54,8,0,126,0,0,7,0,7,64,54,15,0,133,0,0,0,133
12/25/2010,ROC,NY,AEA,CE,Combined TRACON& Tower with Radar,47,48,2,0,97,0,0,0,0,0,47,48,2,0,97,0,0,0,97
12/26/2010,ROC,NY,AEA,CE,Combined TRACON& Tower with Radar,50,58,14,0,122,0,0,0,0,0,50,58,14,0,122,0,0,0,122
12/27/2010,ROC,NY,AEA,CE,Combined TRACON& Tower with Radar,42,46,11,0,99,0,0,0,0,0,42,46,11,0,99,0,0,0,99
12/28/2010,ROC,NY,AEA,CE,Combined TRACON& Tower with Radar,57,84,23,0,164,0,0,0,8,8,57,84,23,8,172,80,4,84,256
12/29/2010,ROC,NY,AEA,CE,Combined TRACON& Tower with Radar,62,83,14,2,161,0,0,4,12,16,62,83,18,14,177,66,0,66,243
12/30/2010,ROC,NY,AEA,CE,Combined TRACON& Tower with Radar,64,79,22,0,165,0,3,37,4,44,64,82,59,4,209,214,0,214,423
12/31/2010,ROC,NY,AEA,CE,Combined TRACON& Tower with Radar,63,59,15,0,137,0,2,15,0,17,63,61,30,0,154,0,0,0,154
01/01/2011,ROC,NY,AEA,CE,Combined TRACON& Tower with Radar,46,47,19,0,112,0,0,4,0,4,46,47,23,0,116,0,0,0,116
01/02/2011,ROC,NY,AEA,CE,Combined TRACON& Tower with Radar,53,80,22,0,155,0,0,0,0,0,53,80,22,0,155,0,0,0,155
01/03/2011,ROC,NY,AEA,CE,Combined TRACON& Tower with Radar,56,93,16,3,168,0,0,5,5,10,56,93,21,8,178,30,2,32,210
01/04/2011,ROC,NY,AEA,CE,Combined TRACON& Tower with Radar,56,93,21,2,172,0,0,5,4,9,56,93,26,6,181,0,0,0,181
01/05/2011,ROC,NY,AEA,CE,Combined TRACON& Tower with Radar,54,88,18,0,160,0,2,8,0,10,54,90,26,0,170,0,0,0,170
01/06/2011,ROC,NY,AEA,CE,Combined TRACON& Tower with Radar,53,109,33,4,199,0,7,18,12,37,53,116,51,16,236,40,6,46,282
01/07/2011,ROC,NY,AEA,CE,Combined TRACON& Tower with Radar,52,87,18,1,158,0,1,11,13,25,52,88,29,14,183,110,14,124,307
01/08/2011,ROC,NY,AEA,CE,Combined TRACON& Tower with Radar,44,60,11,0,115,0,1,20,6,27,44,61,31,6,142,66,6,72,214
01/09/2011,ROC,NY,AEA,CE,Combined TRACON& Tower with Radar,41,76,6,1,124,0,1,2,1,4,41,77,8,2,128,38,5,43,171
01/10/2011,ROC,NY,AEA,CE,Combined TRACON& Tower with Radar,32,100,25,0,157,0,1,12,8,21,32,101,37,8,178,18,6,24,202
01/11/2011,ROC,NY,AEA,CE,Combined TRACON& Tower with Radar,37,78,32,2,149,0,0,1,6,7,37,78,33,8,156,44,2,46,202
01/12/2011,ROC,NY,AEA,CE,Combined TRACON& Tower with Radar,39,69,10,0,118,0,0,0,0,0,39,69,10,0,118,0,0,0,118
01/13/2011,ROC,NY,AEA,CE,Combined TRACON& Tower with Radar,50,99,26,0,175,0,0,0,10,10,50,99,26,10,185,0,0,0,185
01/14/2011,ROC,NY,AEA,CE,Combined TRACON& Tower with Radar,53,95,23,0,171,0,1,7,0,8,53,96,30,0,179,82,22,104,283
01/15/2011,ROC,NY,AEA,CE,Combined TRACON& Tower with Radar,45,59,8,0,112,0,0,0,0,0,45,59,8,0,112,0,0,0,112
01/16/2011,ROC,NY,AEA,CE,Combined TRACON& Tower with Radar,42,72,7,0,121,0,0,1,0,1,42,72,8,0,122,0,0,0,122
01/17/2011,ROC,NY,AEA,CE,Combined TRACON& Tower with Radar,45,83,31,0,159,0,0,25,0,25,45,83,56,0,184,44,0,44,228
01/18/2011,ROC,NY,AEA,CE,Combined TRACON& Tower with Radar,55,77,22,0,154,0,0,11,0,11,55,77,33,0,165,70,0,70,235
01/19/2011,ROC,NY,AEA,CE,Combined TRACON& Tower with Radar,50,96,25,0,171,0,0,0,0,0,50,96,25,0,171,0,0,0,171
01/20/2011,ROC,NY,AEA,CE,Combined TRACON& Tower with Radar,51,100,44,0,195,0,4,26,10,40,51,104,70,10,235,0,0,0,235
01/21/2011,ROC,NY,AEA,CE,Combined TRACON& Tower with Radar,46,85,22,0,153,0,0,3,2,5,46,85,25,2,158,0,0,0,158
01/22/2011,ROC,NY,AEA,CE,Combined TRACON& Tower with Radar,42,57,21,0,120,0,4,23,0,27,42,61,44,0,147,60,0,60,207
01/23/2011,ROC,NY,AEA,CE,Combined TRACON& Tower with Radar,45,71,12,2,130,0,0,0,0,0,45,71,12,2,130,52,12,64,194
01/24/2011,ROC,NY,AEA,CE,Combined TRACON& Tower with Radar,47,104,37,0,188,0,2,14,3,19,47,106,51,3,207,0,0,0,207
01/25/2011,ROC,NY,AEA,CE,Combined TRACON& Tower with Radar,50,84,14,1,149,0,0,0,3,3,50,84,14,4,152,18,6,24,176
01/26/2011,ROC,NY,AEA,CE,Combined TRACON& Tower with Radar,50,64,34,0,148,0,0,10,2,12,50,64,44,2,160,54,10,64,224
01/27/2011,ROC,NY,AEA,CE,Combined TRACON& Tower with Radar,43,83,24,3,153,0,0,0,2,2,43,83,24,5,155,10,28,38,193
01/28/2011,ROC,NY,AEA,CE,Combined TRACON& Tower with Radar,53,93,25,0,171,0,0,0,0,0,53,93,25,0,171,0,0,0,171
01/29/2011,ROC,NY,AEA,CE,Combined TRACON& Tower with Radar,43,59,9,2,113,0,0,5,0,5,43,59,14,2,118,4,0,4,122
01/30/2011,ROC,NY,AEA,CE,Combined TRACON& Tower with Radar,45,75,26,0,146,0,1,6,0,7,45,76,32,0,153,20,0,20,173
01/31/2011,ROC,NY,AEA,CE,Combined TRACON& Tower with Radar,48,98,24,6,176,0,4,13,2,19,48,102,37,8,195,48,0,48,243
02/01/2011,ROC,NY,AEA,CE,Combined TRACON& Tower with Radar,39,65,17,0,121,0,0,0,0,0,39,65,17,0,121,0,0,0,121
02/02/2011,ROC,NY,AEA,CE,Combined TRACON& Tower with Radar,39,48,4,0,91,0,0,0,0,0,39,48,4,0,91,0,0,0,91
02/03/2011,ROC,NY,AEA,CE,Combined TRACON& Tower with Radar,52,87,38,3,180,0,2,30,5,37,52,89,68,8,217,80,8,88,305
02/04/2011,ROC,NY,AEA,CE,Combined TRACON& Tower with Radar,51,94,24,3,172,0,1,19,4,24,51,95,43,7,196,0,0,0,196
02/05/2011,ROC,NY,AEA,CE,Combined TRACON& Tower with Radar,43,60,10,0,113,0,0,12,2,14,43,60,22,2,127,116,0,116,243
02/06/2011,ROC,NY,AEA,CE,Combined TRACON& Tower with Radar,48,67,7,0,122,0,0,0,0,0,48,67,7,0,122,154,0,154,276
02/07/2011,ROC,NY,AEA,CE,Combined TRACON& Tower with Radar,47,87,25,2,161,0,0,0,2,2,47,87,25,4,163,18,6,24,187
02/08/2011,ROC,NY,AEA,CE,Combined TRACON& Tower with Radar,49,92,21,2,164,0,1,1,2,4,49,93,22,4,168,34,0,34,202
02/09/2011,ROC,NY,AEA,CE,Combined TRACON& Tower with Radar,51,97,17,3,168,0,4,10,3,17,51,101,27,6,185,0,0,0,185
02/10/2011,ROC,NY,AEA,CE,Combined TRACON& Tower with Radar,52,107,19,5,183,0,2,15,16,33,52,109,34,21,216,10,0,10,226
02/11/2011,ROC,NY,AEA,CE,Combined TRACON& Tower with Radar,52,102,25,0,179,0,4,18,5,27,52,106,43,5,206,30,0,30,236
02/12/2011,ROC,NY,AEA,CE,Combined TRACON& Tower with Radar,40,63,5,0,108,0,0,0,0,0,40,63,5,0,108,0,0,0,108
02/13/2011,ROC,NY,AEA,CE,Combined TRACON& Tower with Radar,47,80,12,0,139,0,2,6,2,10,47,82,18,2,149,44,0,44,193
02/14/2011,ROC,NY,AEA,CE,Combined TRACON& Tower with Radar,48,99,12,0,159,0,0,0,0,0,48,99,12,0,159,26,0,26,185
02/15/2011,ROC,NY,AEA,CE,Combined TRACON& Tower with Radar,53,89,38,5,185,0,3,14,13,30,53,92,52,18,215,172,20,192,407
02/16/2011,ROC,NY,AEA,CE,Combined TRACON& Tower with Radar,53,97,31,10,191,0,8,36,9,53,53,105,67,19,244,186,22,208,452
02/17/2011,ROC,NY,AEA,CE,Combined TRACON& Tower with Radar,60,95,31,2,188,0,0,17,10,27,60,95,48,12,215,174,24,198,413
02/18/2011,ROC,NY,AEA,CE,Combined TRACON& Tower with Radar,62,93,28,0,183,0,1,2,0,3,62,94,30,0,186,90,28,118,304
02/19/2011,ROC,NY,AEA,CE,Combined TRACON& Tower with Radar,46,54,10,0,110,0,0,0,0,0,46,54,10,0,110,0,0,0,110
02/20/2011,ROC,NY,AEA,CE,Combined TRACON& Tower with Radar,47,65,15,0,127,0,7,9,0,16,47,72,24,0,143,86,0,86,229
02/21/2011,ROC,NY,AEA,CE,Combined TRACON& Tower with Radar,51,77,20,0,148,0,1,4,0,5,51,78,24,0,153,32,0,32,185
02/22/2011,ROC,NY,AEA,CE,Combined TRACON& Tower with Radar,57,87,18,0,162,0,4,14,5,23,57,91,32,5,185,118,11,129,314
02/23/2011,ROC,NY,AEA,CE,Combined TRACON& Tower with Radar,62,99,27,4,192,0,4,49,15,68,62,103,76,19,260,102,0,102,362
02/24/2011,ROC,NY,AEA,CE,Combined TRACON& Tower with Radar,55,104,26,3,188,0,6,12,3,21,55,110,38,6,209,70,6,76,285
02/25/2011,ROC,NY,AEA,CE,Combined TRACON& Tower with Radar,54,50,7,2,113,0,0,0,0,0,54,50,7,2,113,16,4,20,133
02/26/2011,ROC,NY,AEA,CE,Combined TRACON& Tower with Radar,51,61,12,0,124,0,0,1,0,1,51,61,13,0,125,48,0,48,173
02/27/2011,ROC,NY,AEA,CE,Combined TRACON& Tower with Radar,47,80,27,0,154,0,2,13,0,15,47,82,40,0,169,106,0,106,275
02/28/2011,ROC,NY,AEA,CE,Combined TRACON& Tower with Radar,54,85,15,0,154,0,1,2,0,3,54,86,17,0,157,0,0,0,157
03/01/2011,ROC,NY,AEA,CE,Combined TRACON& Tower with Radar,59,90,39,3,191,0,3,26,13,42,59,93,65,16,233,154,14,168,401
03/02/2011,ROC,NY,AEA,CE,Combined TRACON& Tower with Radar,54,98,30,3,185,0,0,2,9,11,54,98,32,12,196,39,20,59,255
03/03/2011,ROC,NY,AEA,CE,Combined TRACON& Tower with Radar,55,105,35,1,196,0,1,32,7,40,55,106,67,8,236,192,12,204,440
03/04/2011,ROC,NY,AEA,CE,Combined TRACON& Tower with Radar,56,92,32,0,180,0,3,5,0,8,56,95,37,0,188,123,0,123,311
03/05/2011,ROC,NY,AEA,CE,Combined TRACON& Tower with Radar,46,61,16,0,123,0,0,0,2,2,46,61,16,2,125,50,0,50,175
03/06/2011,ROC,NY,AEA,CE,Combined TRACON& Tower with Radar,43,70,10,0,123,0,0,0,0,0,43,70,10,0,123,0,0,0,123
03/07/2011,ROC,NY,AEA,CE,Combined TRACON& Tower with Radar,53,100,28,0,181,0,4,20,8,32,53,104,48,8,213,162,18,180,393
03/08/2011,ROC,NY,AEA,CE,Combined TRACON& Tower with Radar,51,98,38,0,187,0,4,36,9,49,51,102,74,9,236,196,12,208,444
03/09/2011,ROC,NY,AEA,CE,Combined TRACON& Tower with Radar,52,93,20,0,165,0,0,1,6,7,52,93,21,6,172,0,0,0,172
03/10/2011,ROC,NY,AEA,CE,Combined TRACON& Tower with Radar,50,99,23,0,172,0,0,4,2,6,50,99,27,2,178,62,0,62,240
03/11/2011,ROC,NY,AEA,CE,Combined TRACON& Tower with Radar,56,99,18,0,173,0,0,1,0,1,56,99,19,0,174,0,0,0,174
03/12/2011,ROC,NY,AEA,CE,Combined TRACON& Tower with Radar,47,68,34,0,149,0,0,13,2,15,47,68,47,2,164,74,0,74,238
03/13/2011,ROC,NY,AEA,CE,Combined TRACON& Tower with Radar,42,83,15,0,140,0,0,0,0,0,42,83,15,0,140,0,0,0,140
03/14/2011,ROC,NY,AEA,CE,Combined TRACON& Tower with Radar,56,90,23,0,169,0,4,7,0,11,56,94,30,0,180,58,0,58,238
03/15/2011,ROC,NY,AEA,CE,Combined TRACON& Tower with Radar,56,92,51,1,200,0,3,54,1,58,56,95,105,2,258,84,2,86,344
03/16/2011,ROC,NY,AEA,CE,Combined TRACON& Tower with Radar,58,96,21,0,175,0,0,20,0,20,58,96,41,0,195,0,0,0,195
03/17/2011,ROC,NY,AEA,CE,Combined TRACON& Tower with Radar,55,102,37,1,195,0,5,25,5,35,55,107,62,6,230,2,0,2,232
03/18/2011,ROC,NY,AEA,CE,Combined TRACON& Tower with Radar,59,97,17,0,173,0,0,10,0,10,59,97,27,0,183,6,0,6,189
03/19/2011,ROC,NY,AEA,CE,Combined TRACON& Tower with Radar,48,61,25,8,142,0,9,18,0,27,48,70,43,8,169,102,10,112,281
03/20/2011,ROC,NY,AEA,CE,Combined TRACON& Tower with Radar,52,82,24,0,158,0,3,34,3,40,52,85,58,3,198,128,2,130,328
03/21/2011,ROC,NY,AEA,CE,Combined TRACON& Tower with Radar,53,96,19,1,169,0,0,1,3,4,53,96,20,4,173,80,0,80,253
03/22/2011,ROC,NY,AEA,CE,Combined TRACON& Tower with Radar,61,104,35,0,200,0,4,9,0,13,61,108,44,0,213,187,0,187,400
03/23/2011,ROC,NY,AEA,CE,Combined TRACON& Tower with Radar,54,78,16,0,148,0,0,0,0,0,54,78,16,0,148,2,0,2,150
03/24/2011,ROC,NY,AEA,CE,Combined TRACON& Tower with Radar,58,106,27,4,195,0,0,18,3,21,58,106,45,7,216,104,6,110,326
03/25/2011,ROC,NY,AEA,CE,Combined TRACON& Tower with Radar,59,90,24,0,173,0,2,16,0,18,59,92,40,0,191,144,4,148,339
03/26/2011,ROC,NY,AEA,CE,Combined TRACON& Tower with Radar,48,58,10,0,116,0,6,33,0,39,48,64,43,0,155,192,0,192,347
03/27/2011,ROC,NY,AEA,CE,Combined TRACON& Tower with Radar,45,85,21,0,151,0,1,22,0,23,45,86,43,0,174,196,0,196,370
03/28/2011,ROC,NY,AEA,CE,Combined TRACON& Tower with Radar,51,93,34,4,182,0,0,33,3,36,51,93,67,7,218,178,2,180,398
03/29/2011,ROC,NY,AEA,CE,Combined TRACON& Tower with Radar,56,94,33,0,183,0,2,23,2,27,56,96,56,2,210,158,2,160,370
03/30/2011,ROC,NY,AEA,CE,Combined TRACON& Tower with Radar,58,95,27,4,184,0,1,45,16,62,58,96,72,20,246,130,0,130,376
03/31/2011,ROC,NY,AEA,CE,Combined TRACON& Tower with Radar,52,93,35,1,181,0,0,1,5,6,52,93,36,6,187,0,0,0,187
04/01/2011,ROC,NY,AEA,CE,Combined TRACON& Tower with Radar,61,94,19,1,175,0,0,4,0,4,61,94,23,1,179,20,0,20,199
04/02/2011,ROC,NY,AEA,CE,Combined TRACON& Tower with Radar,47,63,27,0,137,0,5,24,0,29,47,68,51,0,166,150,0,150,316
04/03/2011,ROC,NY,AEA,CE,Combined TRACON& Tower with Radar,42,78,23,0,143,0,0,25,0,25,42,78,48,0,168,161,0,161,329
04/04/2011,ROC,NY,AEA,CE,Combined TRACON& Tower with Radar,53,98,23,9,183,0,0,8,9,17,53,98,31,18,200,60,12,72,272
04/05/2011,ROC,NY,AEA,CE,Combined TRACON& Tower with Radar,53,93,18,2,166,0,1,6,3,10,53,94,24,5,176,0,0,0,176
04/06/2011,ROC,NY,AEA,CE,Combined TRACON& Tower with Radar,54,99,27,0,180,0,4,14,8,26,54,103,41,8,206,110,0,110,316
04/07/2011,ROC,NY,AEA,CE,Combined TRACON& Tower with Radar,50,110,43,0,203,0,1,60,16,77,50,111,103,16,280,82,1,83,363
04/08/2011,ROC,NY,AEA,CE,Combined TRACON& Tower with Radar,54,98,25,2,179,0,3,31,9,43,54,101,56,11,222,42,32,74,296
04/09/2011,ROC,NY,AEA,CE,Combined TRACON& Tower with Radar,45,80,22,0,147,0,0,40,2,42,45,80,62,2,189,150,0,150,339
04/10/2011,ROC,NY,AEA,CE,Combined TRACON& Tower with Radar,50,75,16,0,141,0,0,26,0,26,50,75,42,0,167,220,0,220,387
04/11/2011,ROC,NY,AEA,CE,Combined TRACON& Tower with Radar,48,103,21,0,172,0,0,3,2,5,48,103,24,2,177,42,2,44,221
04/12/2011,ROC,NY,AEA,CE,Combined TRACON& Tower with Radar,52,101,51,2,206,0,1,27,4,32,52,102,78,6,238,26,14,40,278
04/13/2011,ROC,NY,AEA,CE,Combined TRACON& Tower with Radar,56,95,51,0,202,0,0,0,0,0,56,95,51,0,202,0,0,0,202
04/14/2011,ROC,NY,AEA,CE,Combined TRACON& Tower with Radar,52,106,40,3,201,0,9,38,21,68,52,115,78,24,269,240,32,272,541
04/15/2011,ROC,NY,AEA,CE,Combined TRACON& Tower with Radar,57,104,43,0,204,0,2,41,2,45,57,106,84,2,249,180,4,184,433
04/16/2011,ROC,NY,AEA,CE,Combined TRACON& Tower with Radar,45,62,12,0,119,0,0,1,0,1,45,62,13,0,120,32,0,32,152
04/17/2011,ROC,NY,AEA,CE,Combined TRACON& Tower with Radar,53,81,25,0,159,0,0,1,0,1,53,81,26,0,160,16,0,16,176
04/18/2011,ROC,NY,AEA,CE,Combined TRACON& Tower with Radar,52,95,27,0,174,0,1,9,0,10,52,96,36,0,184,0,0,0,184
04/19/2011,ROC,NY,AEA,CE,Combined TRACON& Tower with Radar,56,87,33,2,178,0,0,27,4,31,56,87,60,6,209,172,8,180,389
04/20/2011,ROC,NY,AEA,CE,Combined TRACON& Tower with Radar,58,101,29,0,188,0,0,1,2,3,58,101,30,2,191,10,0,10,201
04/21/2011,ROC,NY,AEA,CE,Combined TRACON& Tower with Radar,58,102,18,0,178,0,3,18,2,23,58,105,36,2,201,18,0,18,219
04/22/2011,ROC,NY,AEA,CE,Combined TRACON& Tower with Radar,58,96,25,2,181,0,0,43,1,44,58,96,68,3,225,40,0,40,265
04/23/2011,ROC,NY,AEA,CE,Combined TRACON& Tower with Radar,48,72,10,0,130,0,2,1,0,3,48,74,11,0,133,0,0,0,133
04/24/2011,ROC,NY,AEA,CE,Combined TRACON& Tower with Radar,47,81,19,0,147,0,4,12,4,20,47,85,31,4,167,50,0,50,217
04/25/2011,ROC,NY,AEA,CE,Combined TRACON& Tower with Radar,53,97,39,0,189,0,0,14,0,14,53,97,53,0,203,60,0,60,263
04/26/2011,ROC,NY,AEA,CE,Combined TRACON& Tower with Radar,51,92,34,1,178,0,0,4,2,6,51,92,38,3,184,0,0,0,184
04/27/2011,ROC,NY,AEA,CE,Combined TRACON& Tower with Radar,56,94,33,1,184,0,2,19,8,29,56,96,52,9,213,38,0,38,251
04/28/2011,ROC,NY,AEA,CE,Combined TRACON& Tower with Radar,54,88,18,1,161,0,0,0,5,5,54,88,18,6,166,110,2,112,278
04/29/2011,ROC,NY,AEA,CE,Combined TRACON& Tower with Radar,52,106,26,0,184,0,1,9,0,10,52,107,35,0,194,22,0,22,216
04/30/2011,ROC,NY,AEA,CE,Combined TRACON& Tower with Radar,48,67,24,2,141,0,9,78,1,88,48,76,102,3,229,203,0,203,432
05/01/2011,ROC,NY,AEA,CE,Combined TRACON& Tower with Radar,55,65,19,0,139,0,2,20,1,23,55,67,39,1,162,110,0,110,272
05/02/2011,ROC,NY,AEA,CE,Combined TRACON& Tower with Radar,58,94,33,0,185,0,2,6,0,8,58,96,39,0,193,54,0,54,247
05/03/2011,ROC,NY,AEA,CE,Combined TRACON& Tower with Radar,47,100,36,2,185,0,0,1,0,1,47,100,37,2,186,0,0,0,186
05/04/2011,ROC,NY,AEA,CE,Combined TRACON& Tower with Radar,59,103,37,8,207,0,0,4,12,16,59,103,41,20,223,0,0,0,223
05/05/2011,ROC,NY,AEA,CE,Combined TRACON& Tower with Radar,55,106,38,6,205,0,8,35,9,52,55,114,73,15,257,20,2,22,279
05/06/2011,ROC,NY,AEA,CE,Combined TRACON& Tower with Radar,57,115,24,2,198,0,5,29,0,34,57,120,53,2,232,78,2,80,312
05/07/2011,ROC,NY,AEA,CE,Combined TRACON& Tower with Radar,47,69,27,0,143,0,2,56,0,58,47,71,83,0,201,181,0,181,382
05/08/2011,ROC,NY,AEA,CE,Combined TRACON& Tower with Radar,54,71,19,0,144,0,0,19,0,19,54,71,38,0,163,156,0,156,319
05/09/2011,ROC,NY,AEA,CE,Combined TRACON& Tower with Radar,55,106,35,2,198,0,4,33,0,37,55,110,68,2,235,216,0,216,451
05/10/2011,ROC,NY,AEA,CE,Combined TRACON& Tower with Radar,54,104,28,2,188,0,2,55,6,63,54,106,83,8,251,160,0,160,411
05/11/2011,ROC,NY,AEA,CE,Combined TRACON& Tower with Radar,55,102,45,4,206,0,5,47,8,60,55,107,92,12,266,164,4,168,434
05/12/2011,ROC,NY,AEA,CE,Combined TRACON& Tower with Radar,57,106,23,3,189,0,2,32,23,57,57,108,55,26,246,160,12,172,418
05/13/2011,ROC,NY,AEA,CE,Combined TRACON& Tower with Radar,54,108,26,3,191,0,0,15,1,16,54,108,41,4,207,134,0,134,341
05/14/2011,ROC,NY,AEA,CE,Combined TRACON& Tower with Radar,45,69,11,0,125,0,4,15,0,19,45,73,26,0,144,180,3,183,327
05/15/2011,ROC,NY,AEA,CE,Combined TRACON& Tower with Radar,53,78,11,0,142,0,0,0,0,0,53,78,11,0,142,0,0,0,142
05/16/2011,ROC,NY,AEA,CE,Combined TRACON& Tower with Radar,52,102,33,11,198,0,0,0,0,0,52,102,33,11,198,0,0,0,198
05/17/2011,ROC,NY,AEA,CE,Combined TRACON& Tower with Radar,52,93,34,3,182,0,0,0,0,0,52,93,34,3,182,0,0,0,182
05/18/2011,ROC,NY,AEA,CE,Combined TRACON& Tower with Radar,57,100,49,2,208,0,0,10,6,16,57,100,59,8,224,0,0,0,224
05/19/2011,ROC,NY,AEA,CE,Combined TRACON& Tower with Radar,52,99,34,6,191,0,0,17,11,28,52,99,51,17,219,184,30,214,433
05/20/2011,ROC,NY,AEA,CE,Combined TRACON& Tower with Radar,56,101,39,3,199,0,0,1,6,7,56,101,40,9,206,12,0,12,218
05/21/2011,ROC,NY,AEA,CE,Combined TRACON& Tower with Radar,44,74,51,0,169,0,6,55,0,61,44,80,106,0,230,186,0,186,416
05/22/2011,ROC,NY,AEA,CE,Combined TRACON& Tower with Radar,49,79,32,1,161,0,0,18,2,20,49,79,50,3,181,138,8,146,327
05/23/2011,ROC,NY,AEA,CE,Combined TRACON& Tower with Radar,46,106,28,0,180,0,2,14,2,18,46,108,42,2,198,0,0,0,198
05/24/2011,ROC,NY,AEA,CE,Combined TRACON& Tower with Radar,51,105,30,3,189,0,2,31,6,39,51,107,61,9,228,76,4,80,308
05/25/2011,ROC,NY,AEA,CE,Combined TRACON& Tower with Radar,57,87,30,3,177,0,3,56,7,66,57,90,86,10,243,245,0,245,488
05/26/2011,ROC,NY,AEA,CE,Combined TRACON& Tower with Radar,55,100,27,0,182,0,2,8,4,14,55,102,35,4,196,2,0,2,198
05/27/2011,ROC,NY,AEA,CE,Combined TRACON& Tower with Radar,58,89,28,0,175,0,0,0,0,0,58,89,28,0,175,2,0,2,177
05/28/2011,ROC,NY,AEA,CE,Combined TRACON& Tower with Radar,45,60,14,0,119,0,3,16,0,19,45,63,30,0,138,36,0,36,174
05/29/2011,ROC,NY,AEA,CE,Combined TRACON& Tower with Radar,44,46,12,0,102,0,2,26,0,28,44,48,38,0,130,18,0,18,148
05/30/2011,ROC,NY,AEA,CE,Combined TRACON& Tower with Radar,51,90,30,0,171,0,0,21,0,21,51,90,51,0,192,184,8,192,384
05/31/2011,ROC,NY,AEA,CE,Combined TRACON& Tower with Radar,53,106,37,0,196,0,6,39,6,51,53,112,76,6,247,168,2,170,417
06/01/2011,ROC,NY,AEA,CE,Combined TRACON& Tower with Radar,55,97,20,1,173,0,3,10,7,20,55,100,30,8,193,88,0,88,281
06/02/2011,ROC,NY,AEA,CE,Combined TRACON& Tower with Radar,59,103,40,1,203,0,4,17,8,29,59,107,57,9,232,0,0,0,232
06/03/2011,ROC,NY,AEA,CE,Combined TRACON& Tower with Radar,57,96,38,0,191,0,6,38,4,48,57,102,76,4,239,190,2,192,431
06/04/2011,ROC,NY,AEA,CE,Combined TRACON& Tower with Radar,51,62,8,0,121,0,3,34,2,39,51,65,42,2,160,50,8,58,218
06/05/2011,ROC,NY,AEA,CE,Combined TRACON& Tower with Radar,56,74,29,0,159,0,0,34,0,34,56,74,63,0,193,34,0,34,227
06/06/2011,ROC,NY,AEA,CE,Combined TRACON& Tower with Radar,56,102,36,0,194,0,2,54,6,62,56,104,90,6,256,40,0,40,296
06/07/2011,ROC,NY,AEA,CE,Combined TRACON& Tower with Radar,58,95,33,0,186,0,8,34,6,48,58,103,67,6,234,59,2,61,295
06/08/2011,ROC,NY,AEA,CE,Combined TRACON& Tower with Radar,59,97,34,1,191,0,6,41,3,50,59,103,75,4,241,40,0,40,281
06/09/2011,ROC,NY,AEA,CE,Combined TRACON& Tower with Radar,63,80,48,1,192,0,1,14,11,26,63,81,62,12,218,42,0,42,260
06/10/2011,ROC,NY,AEA,CE,Combined TRACON& Tower with Radar,67,86,44,1,198,0,7,50,7,64,67,93,94,8,262,178,24,202,464
06/11/2011,ROC,NY,AEA,CE,Combined TRACON& Tower with Radar,56,62,33,0,151,0,2,45,2,49,56,64,78,2,200,222,0,222,422
06/12/2011,ROC,NY,AEA,CE,Combined TRACON& Tower with Radar,53,84,39,2,178,0,1,26,0,27,53,85,65,2,205,222,4,226,431
06/13/2011,ROC,NY,AEA,CE,Combined TRACON& Tower with Radar,70,95,41,0,206,0,6,30,6,42,70,101,71,6,248,175,16,191,439
06/14/2011,ROC,NY,AEA,CE,Combined TRACON& Tower with Radar,76,83,41,6,206,0,0,13,3,16,76,83,54,9,222,184,2,186,408
06/15/2011,ROC,NY,AEA,CE,Combined TRACON& Tower with Radar,71,84,46,2,203,0,9,46,15,70,71,93,92,17,273,106,2,108,381
06/16/2011,ROC,NY,AEA,CE,Combined TRACON& Tower with Radar,68,83,33,0,184,0,2,35,10,47,68,85,68,10,231,32,0,32,263
06/17/2011,ROC,NY,AEA,CE,Combined TRACON& Tower with Radar,66,85,31,2,184,0,3,40,2,45,66,88,71,4,229,72,0,72,301
06/18/2011,ROC,NY,AEA,CE,Combined TRACON& Tower with Radar,57,55,21,12,145,0,4,31,4,39,57,59,52,16,184,162,8,170,354
06/19/2011,ROC,NY,AEA,CE,Combined TRACON& Tower with Radar,56,80,20,0,156,0,0,51,2,53,56,80,71,2,209,164,4,168,377
06/20/2011,ROC,NY,AEA,CE,Combined TRACON& Tower with Radar,68,90,40,6,204,0,3,59,14,76,68,93,99,20,280,238,32,270,550
06/21/2011,ROC,NY,AEA,CE,Combined TRACON& Tower with Radar,65,80,56,0,201,0,2,27,14,43,65,82,83,14,244,167,20,187,431
06/22/2011,ROC,NY,AEA,CE,Combined TRACON& Tower with Radar,72,80,26,0,178,0,2,5,6,13,72,82,31,6,191,78,20,98,289
06/23/2011,ROC,NY,AEA,CE,Combined TRACON& Tower with Radar,65,84,31,2,182,0,1,21,9,31,65,85,52,11,213,16,0,16,229
06/24/2011,ROC,NY,AEA,CE,Combined TRACON& Tower with Radar,68,89,28,0,185,0,0,16,1,17,68,89,44,1,202,52,2,54,256
06/25/2011,ROC,NY,AEA,CE,Combined TRACON& Tower with Radar,57,57,20,0,134,0,0,27,0,27,57,57,47,0,161,88,0,88,249
06/26/2011,ROC,NY,AEA,CE,Combined TRACON& Tower with Radar,59,74,30,0,163,0,0,20,0,20,59,74,50,0,183,192,0,192,375
06/27/2011,ROC,NY,AEA,CE,Combined TRACON& Tower with Radar,66,99,42,0,207,0,5,59,2,66,66,104,101,2,273,122,2,124,397
06/28/2011,ROC,NY,AEA,CE,Combined TRACON& Tower with Radar,66,83,33,7,189,0,0,18,13,31,66,83,51,20,220,0,0,0,220
06/29/2011,ROC,NY,AEA,CE,Combined TRACON& Tower with Radar,74,97,51,2,224,0,1,7,12,20,74,98,58,14,244,40,0,40,284
06/30/2011,ROC,NY,AEA,CE,Combined TRACON& Tower with Radar,67,95,39,1,202,0,8,69,14,91,67,103,108,15,293,82,5,87,380
07/01/2011,ROC,NY,AEA,CE,Combined TRACON& Tower with Radar,71,89,28,0,188,0,4,49,0,53,71,93,77,0,241,186,0,186,427
07/02/2011,ROC,NY,AEA,CE,Combined TRACON& Tower with Radar,58,53,22,1,134,0,5,32,2,39,58,58,54,3,173,88,0,88,261
07/03/2011,ROC,NY,AEA,CE,Combined TRACON& Tower with Radar,52,60,12,0,124,0,0,23,0,23,52,60,35,0,147,164,0,164,311
07/04/2011,ROC,NY,AEA,CE,Combined TRACON& Tower with Radar,53,72,16,0,141,0,3,36,0,39,53,75,52,0,180,16,0,16,196
07/05/2011,ROC,NY,AEA,CE,Combined TRACON& Tower with Radar,60,89,17,1,167,0,4,29,2,35,60,93,46,3,202,92,0,92,294
07/06/2011,ROC,NY,AEA,CE,Combined TRACON& Tower with Radar,68,82,36,3,189,0,5,27,9,41,68,87,63,12,230,10,2,12,242
07/07/2011,ROC,NY,AEA,CE,Combined TRACON& Tower with Radar,72,98,40,3,213,0,5,48,20,73,72,103,88,23,286,148,4,152,438
07/08/2011,ROC,NY,AEA,CE,Combined TRACON& Tower with Radar,69,73,51,1,194,0,3,52,8,63,69,76,103,9,257,36,1,37,294
07/09/2011,ROC,NY,AEA,CE,Combined TRACON& Tower with Radar,57,54,20,1,132,0,6,40,7,53,57,60,60,8,185,132,6,138,323
07/10/2011,ROC,NY,AEA,CE,Combined TRACON& Tower with Radar,58,71,31,0,160,0,0,51,6,57,58,71,82,6,217,114,16,130,347
07/11/2011,ROC,NY,AEA,CE,Combined TRACON& Tower with Radar,64,81,31,7,183,0,6,33,6,45,64,87,64,13,228,100,16,116,344
07/12/2011,ROC,NY,AEA,CE,Combined TRACON& Tower with Radar,69,98,45,1,213,0,8,20,6,34,69,106,65,7,247,162,0,162,409
07/13/2011,ROC,NY,AEA,CE,Combined TRACON& Tower with Radar,71,90,26,3,190,0,5,40,15,60,71,95,66,18,250,182,26,208,458
07/14/2011,ROC,NY,AEA,CE,Combined TRACON& Tower with Radar,71,89,43,1,204,0,5,32,2,39,71,94,75,3,243,0,0,0,243
07/15/2011,ROC,NY,AEA,CE,Combined TRACON& Tower with Radar,71,85,29,17,202,0,3,31,16,50,71,88,60,33,252,136,82,218,470
07/16/2011,ROC,NY,AEA,CE,Combined TRACON& Tower with Radar,56,55,13,2,126,0,4,20,0,24,56,59,33,2,150,54,22,76,226
07/17/2011,ROC,NY,AEA,CE,Combined TRACON& Tower with Radar,60,68,13,14,155,0,3,36,5,44,60,71,49,19,199,0,0,0,199
07/18/2011,ROC,NY,AEA,CE,Combined TRACON& Tower with Radar,64,93,34,2,193,0,0,17,12,29,64,93,51,14,222,0,0,0,222
07/19/2011,ROC,NY,AEA,CE,Combined TRACON& Tower with Radar,71,90,60,3,224,0,6,50,13,69,71,96,110,16,293,170,30,200,493
07/20/2011,ROC,NY,AEA,CE,Combined TRACON& Tower with Radar,71,90,44,4,209,0,3,35,18,56,71,93,79,22,265,176,16,192,457
07/21/2011,ROC,NY,AEA,CE,Combined TRACON& Tower with Radar,76,90,43,2,211,0,0,18,14,32,76,90,61,16,243,24,2,26,269
07/22/2011,ROC,NY,AEA,CE,Combined TRACON& Tower with Radar,68,87,32,0,187,0,4,58,3,65,68,91,90,3,252,152,6,158,410
07/23/2011,ROC,NY,AEA,CE,Combined TRACON& Tower with Radar,53,49,11,0,113,0,2,31,0,33,53,51,42,0,146,112,0,112,258
07/24/2011,ROC,NY,AEA,CE,Combined TRACON& Tower with Radar,61,84,40,0,185,0,3,49,0,52,61,87,89,0,237,10,0,10,247
07/25/2011,ROC,NY,AEA,CE,Combined TRACON& Tower with Radar,59,79,25,4,167,0,0,12,0,12,59,79,37,4,179,108,0,108,287
07/26/2011,ROC,NY,AEA,CE,Combined TRACON& Tower with Radar,71,93,38,3,205,0,2,24,13,39,71,95,62,16,244,41,7,48,292
07/27/2011,ROC,NY,AEA,CE,Combined TRACON& Tower with Radar,72,91,50,2,215,0,2,51,4,57,72,93,101,6,272,178,4,182,454
07/28/2011,ROC,NY,AEA,CE,Combined TRACON& Tower with Radar,70,88,43,2,203,0,4,24,10,38,70,92,67,12,241,39,2,41,282
07/29/2011,ROC,NY,AEA,CE,Combined TRACON& Tower with Radar,72,76,31,4,183,0,0,1,0,1,72,76,32,4,184,0,0,0,184
07/30/2011,ROC,NY,AEA,CE,Combined TRACON& Tower with Radar,56,53,22,0,131,0,4,35,0,39,56,57,57,0,170,186,4,190,360
07/31/2011,ROC,NY,AEA,CE,Combined TRACON& Tower with Radar,57,67,20,0,144,0,2,48,1,51,57,69,68,1,195,202,0,202,397
08/01/2011,ROC,NY,AEA,CE,Combined TRACON& Tower with Radar,58,80,42,1,181,0,0,37,1,38,58,80,79,2,219,188,0,188,407
08/02/2011,ROC,NY,AEA,CE,Combined TRACON& Tower with Radar,69,84,36,1,190,0,5,41,14,60,69,89,77,15,250,0,0,0,250
08/03/2011,ROC,NY,AEA,CE,Combined TRACON& Tower with Radar,68,83,23,0,174,0,0,1,1,2,68,83,24,1,176,72,0,72,248
08/04/2011,ROC,NY,AEA,CE,Combined TRACON& Tower with Radar,72,85,37,0,194,0,5,43,3,51,72,90,80,3,245,90,0,90,335
08/05/2011,ROC,NY,AEA,CE,Combined TRACON& Tower with Radar,74,95,31,0,200,0,1,47,2,50,74,96,78,2,250,14,0,14,264
08/06/2011,ROC,NY,AEA,CE,Combined TRACON& Tower with Radar,52,54,15,0,121,0,4,32,0,36,52,58,47,0,157,116,4,120,277
08/07/2011,ROC,NY,AEA,CE,Combined TRACON& Tower with Radar,56,69,17,0,142,0,1,16,2,19,56,70,33,2,161,68,0,68,229
08/08/2011,ROC,NY,AEA,CE,Combined TRACON& Tower with Radar,68,86,37,0,191,0,0,29,0,29,68,86,66,0,220,64,0,64,284
08/09/2011,ROC,NY,AEA,CE,Combined TRACON& Tower with Radar,71,89,24,2,186,0,2,0,0,2,71,91,24,2,188,42,4,46,234
08/10/2011,ROC,NY,AEA,CE,Combined TRACON& Tower with Radar,71,87,39,8,205,0,0,21,9,30,71,87,60,17,235,0,0,0,235
08/11/2011,ROC,NY,AEA,CE,Combined TRACON& Tower with Radar,77,87,25,0,189,1,1,52,2,56,78,88,77,2,245,186,0,186,431
08/12/2011,ROC,NY,AEA,CE,Combined TRACON& Tower with Radar,72,85,31,9,197,0,4,56,5,65,72,89,87,14,262,212,4,216,478
08/13/2011,ROC,NY,AEA,CE,Combined TRACON& Tower with Radar,53,48,22,2,125,35,0,50,13,98,88,48,72,15,223,140,0,140,363
08/14/2011,ROC,NY,AEA,CE,Combined TRACON& Tower with Radar,59,69,22,0,150,0,0,6,1,7,59,69,28,1,157,178,0,178,335
08/15/2011,ROC,NY,AEA,CE,Combined TRACON& Tower with Radar,65,76,49,4,194,0,0,12,14,26,65,76,61,18,220,56,6,62,282
08/16/2011,ROC,NY,AEA,CE,Combined TRACON& Tower with Radar,75,83,47,0,205,20,5,37,16,78,95,88,84,16,283,74,0,74,357
08/17/2011,ROC,NY,AEA,CE,Combined TRACON& Tower with Radar,72,91,39,18,220,0,11,51,11,73,72,102,90,29,293,134,20,154,447
08/18/2011,ROC,NY,AEA,CE,Combined TRACON& Tower with Radar,74,83,38,3,198,12,2,44,5,63,86,85,82,8,261,184,8,192,453
08/19/2011,ROC,NY,AEA,CE,Combined TRACON& Tower with Radar,70,82,23,0,175,0,0,47,2,49,70,82,70,2,224,204,0,204,428
08/20/2011,ROC,NY,AEA,CE,Combined TRACON& Tower with Radar,57,54,23,0,134,0,2,38,1,41,57,56,61,1,175,160,14,174,349
08/21/2011,ROC,NY,AEA,CE,Combined TRACON& Tower with Radar,58,67,14,0,139,0,0,3,0,3,58,67,17,0,142,112,0,112,254
08/22/2011,ROC,NY,AEA,CE,Combined TRACON& Tower with Radar,66,86,45,2,199,0,3,40,12,55,66,89,85,14,254,162,28,190,444
08/23/2011,ROC,NY,AEA,CE,Combined TRACON& Tower with Radar,70,82,29,5,186,0,3,74,8,85,70,85,103,13,271,174,4,178,449
08/24/2011,ROC,NY,AEA,CE,Combined TRACON& Tower with Radar,72,86,45,9,212,0,5,24,18,47,72,91,69,27,259,311,97,408,667
08/25/2011,ROC,NY,AEA,CE,Combined TRACON& Tower with Radar,73,80,48,0,201,0,2,25,7,34,73,82,73,7,235,148,2,150,385
08/26/2011,ROC,NY,AEA,CE,Combined TRACON& Tower with Radar,70,87,56,1,214,0,7,28,4,39,70,94,84,5,253,201,12,213,466
08/27/2011,ROC,NY,AEA,CE,Combined TRACON& Tower with Radar,47,44,26,1,118,0,8,50,0,58,47,52,76,1,176,142,0,142,318
08/28/2011,ROC,NY,AEA,CE,Combined TRACON& Tower with Radar,37,33,7,2,79,0,0,4,3,7,37,33,11,5,86,100,0,100,186
08/29/2011,ROC,NY,AEA,CE,Combined TRACON& Tower with Radar,57,74,31,1,163,0,3,56,9,68,57,77,87,10,231,224,2,226,457
08/30/2011,ROC,NY,AEA,CE,Combined TRACON& Tower with Radar,66,94,33,0,193,0,3,63,3,69,66,97,96,3,262,210,4,214,476
08/31/2011,ROC,NY,AEA,CE,Combined TRACON& Tower with Radar,67,89,43,0,199,0,4,59,6,69,67,93,102,6,268,160,4,164,432
09/01/2011,ROC,NY,AEA,CE,Combined TRACON& Tower with Radar,69,91,24,0,184,0,4,36,0,40,69,95,60,0,224,202,0,202,426
09/02/2011,ROC,NY,AEA,CE,Combined TRACON& Tower with Radar,71,95,32,0,198,0,2,32,2,36,71,97,64,2,234,212,0,212,446
09/03/2011,ROC,NY,AEA,CE,Combined TRACON& Tower with Radar,52,42,8,0,102,0,3,32,0,35,52,45,40,0,137,84,0,84,221
09/04/2011,ROC,NY,AEA,CE,Combined TRACON& Tower with Radar,49,45,19,0,113,0,1,17,0,18,49,46,36,0,131,38,0,38,169
09/05/2011,ROC,NY,AEA,CE,Combined TRACON& Tower with Radar,58,66,20,0,144,0,0,3,0,3,58,66,23,0,147,0,0,0,147
09/06/2011,ROC,NY,AEA,CE,Combined TRACON& Tower with Radar,62,86,34,6,188,0,2,8,0,10,62,88,42,6,198,146,6,152,350
09/07/2011,ROC,NY,AEA,CE,Combined TRACON& Tower with Radar,57,81,55,2,195,0,0,0,2,2,57,81,55,4,197,22,0,22,219
09/08/2011,ROC,NY,AEA,CE,Combined TRACON& Tower with Radar,63,89,57,3,212,0,0,2,2,4,63,89,59,5,216,8,2,10,226
09/09/2011,ROC,NY,AEA,CE,Combined TRACON& Tower with Radar,66,93,22,1,182,0,5,40,3,48,66,98,62,4,230,0,0,0,230
09/10/2011,ROC,NY,AEA,CE,Combined TRACON& Tower with Radar,49,56,63,0,168,0,8,65,2,75,49,64,128,2,243,128,0,128,371
09/11/2011,ROC,NY,AEA,CE,Combined TRACON& Tower with Radar,53,66,22,0,141,0,1,27,0,28,53,67,49,0,169,28,0,28,197
09/12/2011,ROC,NY,AEA,CE,Combined TRACON& Tower with Radar,57,89,40,0,186,0,4,26,0,30,57,93,66,0,216,102,0,102,318
09/13/2011,ROC,NY,AEA,CE,Combined TRACON& Tower with Radar,66,83,24,0,173,0,4,23,0,27,66,87,47,0,200,22,0,22,222
09/14/2011,ROC,NY,AEA,CE,Combined TRACON& Tower with Radar,62,89,46,0,197,0,12,43,0,55,62,101,89,0,252,98,0,98,350
09/15/2011,ROC,NY,AEA,CE,Combined TRACON& Tower with Radar,64,90,43,4,201,0,1,12,0,13,64,91,55,4,214,100,0,100,314
09/16/2011,ROC,NY,AEA,CE,Combined TRACON& Tower with Radar,65,89,30,2,186,0,3,34,6,43,65,92,64,8,229,176,12,188,417
09/17/2011,ROC,NY,AEA,CE,Combined TRACON& Tower with Radar,50,51,20,0,121,0,1,46,0,47,50,52,66,0,168,226,0,226,394
09/18/2011,ROC,NY,AEA,CE,Combined TRACON& Tower with Radar,50,64,35,0,149,0,2,47,1,50,50,66,82,1,199,4,0,4,203
09/19/2011,ROC,NY,AEA,CE,Combined TRACON& Tower with Radar,63,85,43,1,192,0,4,24,1,29,63,89,67,2,221,166,0,166,387
09/20/2011,ROC,NY,AEA,CE,Combined TRACON& Tower with Radar,62,92,53,0,207,0,0,29,0,29,62,92,82,0,236,116,6,122,358
09/21/2011,ROC,NY,AEA,CE,Combined TRACON& Tower with Radar,62,91,40,0,193,0,0,46,0,46,62,91,86,0,239,182,8,190,429
09/22/2011,ROC,NY,AEA,CE,Combined TRACON& Tower with Radar,59,91,30,0,180,0,6,21,9,36,59,97,51,9,216,170,14,184,400
09/23/2011,ROC,NY,AEA,CE,Combined TRACON& Tower with Radar,67,87,27,2,183,0,2,19,3,24,67,89,46,5,207,180,4,184,391
09/24/2011,ROC,NY,AEA,CE,Combined TRACON& Tower with Radar,51,54,24,0,129,0,3,33,0,36,51,57,57,0,165,84,0,84,249
09/25/2011,ROC,NY,AEA,CE,Combined TRACON& Tower with Radar,55,60,34,0,149,17,2,39,0,58,72,62,73,0,207,118,0,118,325
09/26/2011,ROC,NY,AEA,CE,Combined TRACON& Tower with Radar,58,87,51,8,204,0,5,36,0,41,58,92,87,8,245,98,14,112,357
09/27/2011,ROC,NY,AEA,CE,Combined TRACON& Tower with Radar,59,88,38,3,188,0,2,23,4,29,59,90,61,7,217,138,0,138,355
09/28/2011,ROC,NY,AEA,CE,Combined TRACON& Tower with Radar,57,101,49,1,208,0,1,13,1,15,57,102,62,2,223,72,0,72,295
09/29/2011,ROC,NY,AEA,CE,Combined TRACON& Tower with Radar,64,89,27,2,182,0,0,7,0,7,64,89,34,2,189,94,30,124,313
09/30/2011,ROC,NY,AEA,CE,Combined TRACON& Tower with Radar,64,86,37,0,187,0,4,33,0,37,64,90,70,0,224,45,0,45,269
10/01/2011,ROC,NY,AEA,CE,Combined TRACON& Tower with Radar,48,48,21,0,117,0,0,2,0,2,48,48,23,0,119,0,0,0,119
10/02/2011,ROC,NY,AEA,CE,Combined TRACON& Tower with Radar,54,74,19,0,147,0,0,0,0,0,54,74,19,0,147,34,0,34,181
10/03/2011,ROC,NY,AEA,CE,Combined TRACON& Tower with Radar,61,88,41,0,190,0,0,10,2,12,61,88,51,2,202,12,0,12,214
10/04/2011,ROC,NY,AEA,CE,Combined TRACON& Tower with Radar,61,88,48,5,202,0,0,11,5,16,61,88,59,10,218,138,30,168,386
10/05/2011,ROC,NY,AEA,CE,Combined TRACON& Tower with Radar,66,80,48,7,201,0,7,51,9,67,66,87,99,16,268,216,28,244,512
10/06/2011,ROC,NY,AEA,CE,Combined TRACON& Tower with Radar,64,86,39,4,193,24,4,56,8,92,88,90,95,12,285,160,8,168,453
10/07/2011,ROC,NY,AEA,CE,Combined TRACON& Tower with Radar,66,90,45,2,203,0,4,70,3,77,66,94,115,5,280,301,0,301,581
10/08/2011,ROC,NY,AEA,CE,Combined TRACON& Tower with Radar,52,47,17,0,116,0,12,49,0,61,52,59,66,0,177,41,0,41,218
10/09/2011,ROC,NY,AEA,CE,Combined TRACON& Tower with Radar,54,65,29,1,149,0,6,33,0,39,54,71,62,1,188,108,0,108,296
10/10/2011,ROC,NY,AEA,CE,Combined TRACON& Tower with Radar,62,80,30,0,172,0,5,56,0,61,62,85,86,0,233,214,0,214,447
10/11/2011,ROC,NY,AEA,CE,Combined TRACON& Tower with Radar,62,97,33,2,194,0,10,52,0,62,62,107,85,2,256,168,0,168,424
10/12/2011,ROC,NY,AEA,CE,Combined TRACON& Tower with Radar,71,85,25,5,186,0,0,21,13,34,71,85,46,18,220,2,56,58,278
10/13/2011,ROC,NY,AEA,CE,Combined TRACON& Tower with Radar,67,88,47,1,203,0,4,27,1,32,67,92,74,2,235,0,0,0,235
10/14/2011,ROC,NY,AEA,CE,Combined TRACON& Tower with Radar,68,88,34,0,190,0,0,13,4,17,68,88,47,4,207,0,0,0,207
10/15/2011,ROC,NY,AEA,CE,Combined TRACON& Tower with Radar,50,55,15,0,120,0,0,0,0,0,50,55,15,0,120,0,0,0,120
10/16/2011,ROC,NY,AEA,CE,Combined TRACON& Tower with Radar,53,66,40,0,159,0,0,6,2,8,53,66,46,2,167,24,0,24,191
10/17/2011,ROC,NY,AEA,CE,Combined TRACON& Tower with Radar,60,87,24,1,172,0,0,24,1,25,60,87,48,2,197,2,0,2,199
10/18/2011,ROC,NY,AEA,CE,Combined TRACON& Tower with Radar,67,90,38,3,198,0,4,53,0,57,67,94,91,3,255,158,0,158,413
10/19/2011,ROC,NY,AEA,CE,Combined TRACON& Tower with Radar,61,83,37,4,185,0,1,21,7,29,61,84,58,11,214,118,16,134,348
10/20/2011,ROC,NY,AEA,CE,Combined TRACON& Tower with Radar,68,89,39,2,198,0,1,10,7,18,68,90,49,9,216,44,14,58,274
10/21/2011,ROC,NY,AEA,CE,Combined TRACON& Tower with Radar,71,97,61,1,230,0,3,15,10,28,71,100,76,11,258,172,118,290,548
10/22/2011,ROC,NY,AEA,CE,Combined TRACON& Tower with Radar,48,58,31,4,141,0,5,44,11,60,48,63,75,15,201,110,14,124,325
10/23/2011,ROC,NY,AEA,CE,Combined TRACON& Tower with Radar,55,79,32,0,166,0,6,53,0,59,55,85,85,0,225,96,4,100,325
10/24/2011,ROC,NY,AEA,CE,Combined TRACON& Tower with Radar,62,88,20,0,170,0,1,8,0,9,62,89,28,0,179,0,0,0,179
10/25/2011,ROC,NY,AEA,CE,Combined TRACON& Tower with Radar,64,89,44,2,199,0,4,40,2,46,64,93,84,4,245,34,0,34,279
10/26/2011,ROC,NY,AEA,CE,Combined TRACON& Tower with Radar,73,86,38,0,197,0,0,0,0,0,73,86,38,0,197,0,0,0,197
10/27/2011,ROC,NY,AEA,CE,Combined TRACON& Tower with Radar,64,85,32,0,181,0,0,6,4,10,64,85,38,4,191,54,12,66,257
10/28/2011,ROC,NY,AEA,CE,Combined TRACON& Tower with Radar,73,91,38,0,202,0,0,55,2,57,73,91,93,2,259,208,14,222,481
10/29/2011,ROC,NY,AEA,CE,Combined TRACON& Tower with Radar,50,43,19,0,112,0,1,32,0,33,50,44,51,0,145,44,0,44,189
10/30/2011,ROC,NY,AEA,CE,Combined TRACON& Tower with Radar,54,57,29,0,140,0,1,35,2,38,54,58,64,2,178,180,0,180,358
10/31/2011,ROC,NY,AEA,CE,Combined TRACON& Tower with Radar,59,79,23,0,161,0,0,26,5,31,59,79,49,5,192,83,0,83,275
11/01/2011,ROC,NY,AEA,CE,Combined TRACON& Tower with Radar,61,89,36,3,189,0,0,32,3,35,61,89,68,6,224,50,0,50,274
11/02/2011,ROC,NY,AEA,CE,Combined TRACON& Tower with Radar,60,84,33,11,188,0,4,37,3,44,60,88,70,14,232,172,14,186,418
11/03/2011,ROC,NY,AEA,CE,Combined TRACON& Tower with Radar,68,85,35,1,189,0,0,37,12,49,68,85,72,13,238,112,32,144,382
11/04/2011,ROC,NY,AEA,CE,Combined TRACON& Tower with Radar,65,91,34,9,199,0,0,34,5,39,65,91,68,14,238,149,17,166,404
11/05/2011,ROC,NY,AEA,CE,Combined TRACON& Tower with Radar,49,48,16,0,113,0,2,41,0,43,49,50,57,0,156,64,0,64,220
11/06/2011,ROC,NY,AEA,CE,Combined TRACON& Tower with Radar,50,72,23,2,147,0,0,27,0,27,50,72,50,2,174,76,0,76,250
11/07/2011,ROC,NY,AEA,CE,Combined TRACON& Tower with Radar,51,97,47,11,206,0,1,33,1,35,51,98,80,12,241,56,36,92,333
11/08/2011,ROC,NY,AEA,CE,Combined TRACON& Tower with Radar,51,93,28,1,173,0,2,29,1,32,51,95,57,2,205,62,0,62,267
11/09/2011,ROC,NY,AEA,CE,Combined TRACON& Tower with Radar,62,98,36,8,204,0,0,36,13,49,62,98,72,21,253,192,58,250,503
11/10/2011,ROC,NY,AEA,CE,Combined TRACON& Tower with Radar,53,98,53,0,204,0,0,19,2,21,53,98,72,2,225,74,8,82,307
11/11/2011,ROC,NY,AEA,CE,Combined TRACON& Tower with Radar,53,102,28,0,183,0,1,3,0,4,53,103,31,0,187,38,0,38,225
11/12/2011,ROC,NY,AEA,CE,Combined TRACON& Tower with Radar,45,49,13,0,107,0,5,18,0,23,45,54,31,0,130,0,0,0,130
11/13/2011,ROC,NY,AEA,CE,Combined TRACON& Tower with Radar,48,66,20,0,134,0,0,10,0,10,48,66,30,0,144,20,0,20,164
11/14/2011,ROC,NY,AEA,CE,Combined TRACON& Tower with Radar,50,94,35,2,181,0,2,14,2,18,50,96,49,4,199,70,4,74,273
11/15/2011,ROC,NY,AEA,CE,Combined TRACON& Tower with Radar,60,96,56,3,215,0,5,28,4,37,60,101,84,7,252,114,0,114,366
11/16/2011,ROC,NY,AEA,CE,Combined TRACON& Tower with Radar,54,88,42,5,189,0,0,13,10,23,54,88,55,15,212,130,28,158,370
11/17/2011,ROC,NY,AEA,CE,Combined TRACON& Tower with Radar,50,105,39,3,197,0,0,16,2,18,50,105,55,5,215,72,0,72,287
11/18/2011,ROC,NY,AEA,CE,Combined TRACON& Tower with Radar,53,95,33,0,181,0,3,39,0,42,53,98,72,0,223,26,0,26,249
11/19/2011,ROC,NY,AEA,CE,Combined TRACON& Tower with Radar,43,58,16,0,117,0,2,29,0,31,43,60,45,0,148,44,0,44,192
11/20/2011,ROC,NY,AEA,CE,Combined TRACON& Tower with Radar,46,74,10,0,130,0,0,4,0,4,46,74,14,0,134,0,0,0,134
11/21/2011,ROC,NY,AEA,CE,Combined TRACON& Tower with Radar,48,87,27,0,162,0,1,35,2,38,48,88,62,2,200,172,2,174,374
11/22/2011,ROC,NY,AEA,CE,Combined TRACON& Tower with Radar,53,97,44,0,194,0,2,31,4,37,53,99,75,4,231,124,0,124,355
11/23/2011,ROC,NY,AEA,CE,Combined TRACON& Tower with Radar,54,107,29,0,190,0,0,4,0,4,54,107,33,0,194,0,0,0,194
11/24/2011,ROC,NY,AEA,CE,Combined TRACON& Tower with Radar,33,53,9,0,95,0,0,8,0,8,33,53,17,0,103,26,0,26,129
11/25/2011,ROC,NY,AEA,CE,Combined TRACON& Tower with Radar,39,52,14,0,105,0,3,30,0,33,39,55,44,0,138,62,2,64,202
11/26/2011,ROC,NY,AEA,CE,Combined TRACON& Tower with Radar,49,74,23,0,146,47,5,46,2,100,96,79,69,2,246,68,0,68,314
11/27/2011,ROC,NY,AEA,CE,Combined TRACON& Tower with Radar,55,72,27,0,154,0,0,8,0,8,55,72,35,0,162,0,0,0,162
11/28/2011,ROC,NY,AEA,CE,Combined TRACON& Tower with Radar,49,101,41,2,193,0,0,0,3,3,49,101,41,5,196,84,0,84,280
11/29/2011,ROC,NY,AEA,CE,Combined TRACON& Tower with Radar,53,95,13,2,163,0,0,9,2,11,53,95,22,4,174,96,0,96,270
11/30/2011,ROC,NY,AEA,CE,Combined TRACON& Tower with Radar,54,101,40,6,201,0,2,5,11,18,54,103,45,17,219,0,22,22,241
12/01/2011,ROC,NY,AEA,CE,Combined TRACON& Tower with Radar,55,93,31,0,179,0,3,38,14,55,55,96,69,14,234,42,0,42,276
12/02/2011,ROC,NY,AEA,CE,Combined TRACON& Tower with Radar,56,97,23,1,177,0,0,6,1,7,56,97,29,2,184,0,0,0,184
12/03/2011,ROC,NY,AEA,CE,Combined TRACON& Tower with Radar,44,51,31,0,126,0,7,47,0,54,44,58,78,0,180,48,0,48,228
12/04/2011,ROC,NY,AEA,CE,Combined TRACON& Tower with Radar,44,63,21,0,128,0,0,3,0,3,44,63,24,0,131,76,0,76,207
12/05/2011,ROC,NY,AEA,CE,Combined TRACON& Tower with Radar,52,90,26,2,170,0,0,6,0,6,52,90,32,2,176,164,6,170,346
12/06/2011,ROC,NY,AEA,CE,Combined TRACON& Tower with Radar,58,91,33,0,182,0,0,2,0,2,58,91,35,0,184,8,0,8,192
12/07/2011,ROC,NY,AEA,CE,Combined TRACON& Tower with Radar,57,84,44,2,187,0,0,0,2,2,57,84,44,4,189,0,0,0,189
12/08/2011,ROC,NY,AEA,CE,Combined TRACON& Tower with Radar,53,99,56,1,209,0,4,21,9,34,53,103,77,10,243,20,0,20,263
12/09/2011,ROC,NY,AEA,CE,Combined TRACON& Tower with Radar,57,105,44,2,208,0,0,15,0,15,57,105,59,2,223,128,0,128,351
12/10/2011,ROC,NY,AEA,CE,Combined TRACON& Tower with Radar,43,51,27,0,121,0,14,32,0,46,43,65,59,0,167,48,0,48,215
12/11/2011,ROC,NY,AEA,CE,Combined TRACON& Tower with Radar,46,73,17,2,138,0,1,35,3,39,46,74,52,5,177,170,0,170,347
12/12/2011,ROC,NY,AEA,CE,Combined TRACON& Tower with Radar,49,97,42,0,188,0,1,47,2,50,49,98,89,2,238,82,0,82,320
12/13/2011,ROC,NY,AEA,CE,Combined TRACON& Tower with Radar,58,85,30,4,177,0,0,31,4,35,58,85,61,8,212,223,22,245,457
12/14/2011,ROC,NY,AEA,CE,Combined TRACON& Tower with Radar,54,92,39,2,187,0,2,38,11,51,54,94,77,13,238,32,0,32,270
12/15/2011,ROC,NY,AEA,CE,Combined TRACON& Tower with Radar,61,94,31,0,186,0,0,0,6,6,61,94,31,6,192,0,0,0,192
12/16/2011,ROC,NY,AEA,CE,Combined TRACON& Tower with Radar,59,96,29,0,184,0,0,12,2,14,59,96,41,2,198,0,0,0,198
12/17/2011,ROC,NY,AEA,CE,Combined TRACON& Tower with Radar,52,53,20,0,125,0,0,8,1,9,52,53,28,1,134,40,0,40,174
12/18/2011,ROC,NY,AEA,CE,Combined TRACON& Tower with Radar,52,61,24,0,137,0,0,47,0,47,52,61,71,0,184,45,0,45,229
12/19/2011,ROC,NY,AEA,CE,Combined TRACON& Tower with Radar,50,97,28,0,175,0,0,6,0,6,50,97,34,0,181,30,2,32,213
12/20/2011,ROC,NY,AEA,CE,Combined TRACON& Tower with Radar,59,94,30,0,183,0,3,33,6,42,59,97,63,6,225,100,4,104,329
12/21/2011,ROC,NY,AEA,CE,Combined TRACON& Tower with Radar,56,88,13,5,162,0,0,0,3,3,56,88,13,8,165,0,0,0,165
12/22/2011,ROC,NY,AEA,CE,Combined TRACON& Tower with Radar,59,106,27,0,192,0,3,4,0,7,59,109,31,0,199,38,0,38,237
12/23/2011,ROC,NY,AEA,CE,Combined TRACON& Tower with Radar,59,94,15,0,168,22,0,5,0,27,81,94,20,0,195,32,0,32,227
12/24/2011,ROC,NY,AEA,CE,Combined TRACON& Tower with Radar,44,49,6,0,99,0,1,11,0,12,44,50,17,0,111,0,0,0,111
12/25/2011,ROC,NY,AEA,CE,Combined TRACON& Tower with Radar,45,46,12,0,103,0,0,1,0,1,45,46,13,0,104,0,0,0,104
12/26/2011,ROC,NY,AEA,CE,Combined TRACON& Tower with Radar,46,78,23,0,147,0,0,18,0,18,46,78,41,0,165,0,0,0,165
12/27/2011,ROC,NY,AEA,CE,Combined TRACON& Tower with Radar,52,80,28,2,162,0,0,16,4,20,52,80,44,6,182,100,2,102,284
12/28/2011,ROC,NY,AEA,CE,Combined TRACON& Tower with Radar,59,76,8,0,143,0,0,0,4,4,59,76,8,4,147,0,0,0,147
12/29/2011,ROC,NY,AEA,CE,Combined TRACON& Tower with Radar,55,79,11,0,145,0,2,23,4,29,55,81,34,4,174,82,0,82,256
12/30/2011,ROC,NY,AEA,CE,Combined TRACON& Tower with Radar,56,75,7,0,138,0,3,16,0,19,56,78,23,0,157,24,0,24,181
12/31/2011,ROC,NY,AEA,CE,Combined TRACON& Tower with Radar,45,46,8,0,99,0,1,9,0,10,45,47,17,0,109,38,0,38,147
01/01/2012,ROC,NY,AEA,CE,Combined TRACON& Tower with Radar,46,46,8,0,100,0,0,4,0,4,46,46,12,0,104,0,0,0,104
01/02/2012,ROC,NY,AEA,CE,Combined TRACON& Tower with Radar,52,63,19,0,134,0,0,0,0,0,52,63,19,0,134,4,0,4,138
01/03/2012,ROC,NY,AEA,CE,Combined TRACON& Tower with Radar,54,83,11,0,148,0,0,0,0,0,54,83,11,0,148,0,0,0,148
01/04/2012,ROC,NY,AEA,CE,Combined TRACON& Tower with Radar,57,73,25,5,160,0,1,13,7,21,57,74,38,12,181,28,0,28,209
01/05/2012,ROC,NY,AEA,CE,Combined TRACON& Tower with Radar,54,88,15,1,158,0,0,10,9,19,54,88,25,10,177,139,6,145,322
01/06/2012,ROC,NY,AEA,CE,Combined TRACON& Tower with Radar,55,82,26,1,164,0,3,49,19,71,55,85,75,20,235,38,0,38,273
01/07/2012,ROC,NY,AEA,CE,Combined TRACON& Tower with Radar,48,44,21,2,115,0,1,38,2,41,48,45,59,4,156,160,0,160,316
01/08/2012,ROC,NY,AEA,CE,Combined TRACON& Tower with Radar,48,65,23,1,137,0,0,4,1,5,48,65,27,2,142,70,0,70,212
01/09/2012,ROC,NY,AEA,CE,Combined TRACON& Tower with Radar,51,88,21,0,160,0,3,29,0,32,51,91,50,0,192,146,0,146,338
01/10/2012,ROC,NY,AEA,CE,Combined TRACON& Tower with Radar,56,83,38,1,178,0,0,39,9,48,56,83,77,10,226,108,8,116,342
01/11/2012,ROC,NY,AEA,CE,Combined TRACON& Tower with Radar,56,88,35,0,179,0,4,39,4,47,56,92,74,4,226,196,0,196,422
01/12/2012,ROC,NY,AEA,CE,Combined TRACON& Tower with Radar,55,87,28,0,170,0,0,0,0,0,55,87,28,0,170,0,18,18,188
01/13/2012,ROC,NY,AEA,CE,Combined TRACON& Tower with Radar,56,73,13,0,142,0,0,0,0,0,56,73,13,0,142,0,0,0,142
01/14/2012,ROC,NY,AEA,CE,Combined TRACON& Tower with Radar,47,46,18,0,111,0,4,0,0,4,47,50,18,0,115,0,0,0,115
01/15/2012,ROC,NY,AEA,CE,Combined TRACON& Tower with Radar,44,65,11,0,120,0,2,6,0,8,44,67,17,0,128,46,0,46,174
01/16/2012,ROC,NY,AEA,CE,Combined TRACON& Tower with Radar,51,92,23,0,166,0,5,22,0,27,51,97,45,0,193,16,0,16,209
01/17/2012,ROC,NY,AEA,CE,Combined TRACON& Tower with Radar,54,88,14,0,156,0,0,2,4,6,54,88,16,4,162,0,0,0,162
01/18/2012,ROC,NY,AEA,CE,Combined TRACON& Tower with Radar,59,85,19,1,164,0,1,2,11,14,59,86,21,12,178,0,0,0,178
01/19/2012,ROC,NY,AEA,CE,Combined TRACON& Tower with Radar,58,95,23,1,177,0,1,4,2,7,58,96,27,3,184,8,0,8,192
01/20/2012,ROC,NY,AEA,CE,Combined TRACON& Tower with Radar,54,85,26,1,166,0,0,19,6,25,54,85,45,7,191,18,1,19,210
01/21/2012,ROC,NY,AEA,CE,Combined TRACON& Tower with Radar,45,40,10,0,95,0,1,17,0,18,45,41,27,0,113,33,0,33,146
01/22/2012,ROC,NY,AEA,CE,Combined TRACON& Tower with Radar,51,65,24,0,140,0,3,18,0,21,51,68,42,0,161,14,0,14,175
01/23/2012,ROC,NY,AEA,CE,Combined TRACON& Tower with Radar,51,81,12,1,145,0,0,0,0,0,51,81,12,1,145,0,0,0,145
01/24/2012,ROC,NY,AEA,CE,Combined TRACON& Tower with Radar,54,88,23,0,165,0,0,0,4,4,54,88,23,4,169,0,0,0,169
01/25/2012,ROC,NY,AEA,CE,Combined TRACON& Tower with Radar,57,85,34,1,177,0,0,6,13,19,57,85,40,14,196,70,5,75,271
01/26/2012,ROC,NY,AEA,CE,Combined TRACON& Tower with Radar,54,101,25,1,181,0,3,18,0,21,54,104,43,1,202,20,0,20,222
01/27/2012,ROC,NY,AEA,CE,Combined TRACON& Tower with Radar,55,94,9,0,158,0,0,0,0,0,55,94,9,0,158,0,0,0,158
01/28/2012,ROC,NY,AEA,CE,Combined TRACON& Tower with Radar,48,41,15,0,104,0,0,2,0,2,48,41,17,0,106,0,0,0,106
01/29/2012,ROC,NY,AEA,CE,Combined TRACON& Tower with Radar,49,58,6,0,113,0,0,0,0,0,49,58,6,0,113,46,0,46,159
01/30/2012,ROC,NY,AEA,CE,Combined TRACON& Tower with Radar,51,93,16,0,160,0,2,7,1,10,51,95,23,1,170,70,0,70,240
01/31/2012,ROC,NY,AEA,CE,Combined TRACON& Tower with Radar,54,91,22,0,167,0,4,48,7,59,54,95,70,7,226,48,6,54,280
02/01/2012,ROC,NY,AEA,CE,Combined TRACON& Tower with Radar,58,84,11,3,156,0,0,4,11,15,58,84,15,14,171,150,18,168,339
02/02/2012,ROC,NY,AEA,CE,Combined TRACON& Tower with Radar,54,90,17,4,165,0,0,0,4,4,54,90,17,8,169,0,0,0,169
02/03/2012,ROC,NY,AEA,CE,Combined TRACON& Tower with Radar,55,87,16,0,158,0,3,23,0,26,55,90,39,0,184,0,0,0,184
02/04/2012,ROC,NY,AEA,CE,Combined TRACON& Tower with Radar,47,42,33,0,122,0,20,39,0,59,47,62,72,0,181,28,0,28,209
02/05/2012,ROC,NY,AEA,CE,Combined TRACON& Tower with Radar,48,62,22,0,132,0,2,14,0,16,48,64,36,0,148,42,0,42,190
02/06/2012,ROC,NY,AEA,CE,Combined TRACON& Tower with Radar,49,91,17,0,157,0,0,13,6,19,49,91,30,6,176,6,2,8,184
02/07/2012,ROC,NY,AEA,CE,Combined TRACON& Tower with Radar,55,84,23,2,164,0,2,1,2,5,55,86,24,4,169,0,0,0,169
02/08/2012,ROC,NY,AEA,CE,Combined TRACON& Tower with Radar,57,81,28,0,166,0,4,41,12,57,57,85,69,12,223,30,0,30,253
02/09/2012,ROC,NY,AEA,CE,Combined TRACON& Tower with Radar,56,92,32,2,182,0,3,30,6,39,56,95,62,8,221,66,0,66,287
02/10/2012,ROC,NY,AEA,CE,Combined TRACON& Tower with Radar,55,87,28,0,170,0,2,25,9,36,55,89,53,9,206,64,2,66,272
02/11/2012,ROC,NY,AEA,CE,Combined TRACON& Tower with Radar,49,49,7,0,105,0,0,0,0,0,49,49,7,0,105,0,0,0,105
02/12/2012,ROC,NY,AEA,CE,Combined TRACON& Tower with Radar,51,66,8,0,125,0,0,0,2,2,51,66,8,2,127,0,0,0,127
02/13/2012,ROC,NY,AEA,CE,Combined TRACON& Tower with Radar,50,91,20,0,161,0,3,13,4,20,50,94,33,4,181,0,0,0,181
02/14/2012,ROC,NY,AEA,CE,Combined TRACON& Tower with Radar,58,79,26,4,167,0,0,5,0,5,58,79,31,4,172,0,0,0,172
02/15/2012,ROC,NY,AEA,CE,Combined TRACON& Tower with Radar,59,84,28,0,171,0,5,9,8,22,59,89,37,8,193,90,0,90,283
02/16/2012,ROC,NY,AEA,CE,Combined TRACON& Tower with Radar,59,90,17,1,167,0,0,3,3,6,59,90,20,4,173,188,2,190,363
02/17/2012,ROC,NY,AEA,CE,Combined TRACON& Tower with Radar,57,105,29,4,195,0,0,18,4,22,57,105,47,8,217,0,0,0,217
02/18/2012,ROC,NY,AEA,CE,Combined TRACON& Tower with Radar,41,55,14,0,110,0,0,0,0,0,41,55,14,0,110,0,0,0,110
02/19/2012,ROC,NY,AEA,CE,Combined TRACON& Tower with Radar,45,73,17,0,135,0,0,7,0,7,45,73,24,0,142,14,0,14,156
02/20/2012,ROC,NY,AEA,CE,Combined TRACON& Tower with Radar,55,84,18,0,157,0,2,62,0,64,55,86,80,0,221,36,0,36,257
02/21/2012,ROC,NY,AEA,CE,Combined TRACON& Tower with Radar,57,89,15,2,163,0,2,5,6,13,57,91,20,8,176,0,0,0,176
02/22/2012,ROC,NY,AEA,CE,Combined TRACON& Tower with Radar,52,92,22,0,166,0,0,0,8,8,52,92,22,8,174,10,0,10,184
02/23/2012,ROC,NY,AEA,CE,Combined TRACON& Tower with Radar,56,99,35,0,190,0,0,4,2,6,56,99,39,2,196,88,0,88,284
02/24/2012,ROC,NY,AEA,CE,Combined TRACON& Tower with Radar,56,84,11,0,151,0,1,0,0,1,56,85,11,0,152,0,0,0,152
02/25/2012,ROC,NY,AEA,CE,Combined TRACON& Tower with Radar,44,60,11,0,115,0,1,0,0,1,44,61,11,0,116,0,0,0,116
02/26/2012,ROC,NY,AEA,CE,Combined TRACON& Tower with Radar,47,74,16,0,137,0,6,24,0,30,47,80,40,0,167,18,0,18,185
02/27/2012,ROC,NY,AEA,CE,Combined TRACON& Tower with Radar,49,96,24,0,169,0,0,11,0,11,49,96,35,0,180,7,0,7,187
02/28/2012,ROC,NY,AEA,CE,Combined TRACON& Tower with Radar,54,88,30,5,177,0,1,29,0,30,54,89,59,5,207,0,0,0,207
02/29/2012,ROC,NY,AEA,CE,Combined TRACON& Tower with Radar,55,91,14,0,160,0,0,0,0,0,55,91,14,0,160,0,0,0,160
03/01/2012,ROC,NY,AEA,CE,Combined TRACON& Tower with Radar,54,95,11,0,160,0,0,0,4,4,54,95,11,4,164,0,2,2,166
03/02/2012,ROC,NY,AEA,CE,Combined TRACON& Tower with Radar,52,100,25,0,177,0,2,33,0,35,52,102,58,0,212,15,0,15,227
03/03/2012,ROC,NY,AEA,CE,Combined TRACON& Tower with Radar,48,43,3,0,94,0,0,0,0,0,48,43,3,0,94,0,0,0,94
03/04/2012,ROC,NY,AEA,CE,Combined TRACON& Tower with Radar,48,68,2,2,120,0,0,0,0,0,48,68,2,2,120,0,0,0,120
03/05/2012,ROC,NY,AEA,CE,Combined TRACON& Tower with Radar,48,93,27,2,170,0,1,12,0,13,48,94,39,2,183,0,0,0,183
03/06/2012,ROC,NY,AEA,CE,Combined TRACON& Tower with Radar,54,95,33,2,184,0,1,41,1,43,54,96,74,3,227,116,2,118,345
03/07/2012,ROC,NY,AEA,CE,Combined TRACON& Tower with Radar,56,87,18,0,161,0,4,15,0,19,56,91,33,0,180,66,0,66,246
03/08/2012,ROC,NY,AEA,CE,Combined TRACON& Tower with Radar,54,95,17,5,171,0,0,0,4,4,54,95,17,9,175,8,0,8,183
03/09/2012,ROC,NY,AEA,CE,Combined TRACON& Tower with Radar,52,104,26,2,184,0,0,0,6,6,52,104,26,8,190,14,0,14,204
03/10/2012,ROC,NY,AEA,CE,Combined TRACON& Tower with Radar,44,57,21,0,122,0,4,26,8,38,44,61,47,8,160,52,0,52,212
03/11/2012,ROC,NY,AEA,CE,Combined TRACON& Tower with Radar,46,70,14,0,130,0,0,27,0,27,46,70,41,0,157,74,0,74,231
03/12/2012,ROC,NY,AEA,CE,Combined TRACON& Tower with Radar,46,94,20,0,160,0,0,18,0,18,46,94,38,0,178,90,0,90,268
03/13/2012,ROC,NY,AEA,CE,Combined TRACON& Tower with Radar,56,95,27,0,178,0,2,4,6,12,56,97,31,6,190,0,0,0,190
03/14/2012,ROC,NY,AEA,CE,Combined TRACON& Tower with Radar,58,86,21,1,166,0,4,39,20,63,58,90,60,21,229,54,0,54,283
03/15/2012,ROC,NY,AEA,CE,Combined TRACON& Tower with Radar,54,100,27,4,185,0,2,30,12,44,54,102,57,16,229,16,0,16,245
03/16/2012,ROC,NY,AEA,CE,Combined TRACON& Tower with Radar,53,103,19,0,175,0,1,11,5,17,53,104,30,5,192,0,0,0,192
03/17/2012,ROC,NY,AEA,CE,Combined TRACON& Tower with Radar,49,62,21,0,132,0,2,35,0,37,49,64,56,0,169,140,0,140,309
03/18/2012,ROC,NY,AEA,CE,Combined TRACON& Tower with Radar,48,74,21,1,144,0,13,22,1,36,48,87,43,2,180,12,0,12,192
03/19/2012,ROC,NY,AEA,CE,Combined TRACON& Tower with Radar,47,103,19,0,169,0,0,23,4,27,47,103,42,4,196,10,0,10,206
03/20/2012,ROC,NY,AEA,CE,Combined TRACON& Tower with Radar,62,87,40,0,189,0,5,37,6,48,62,92,77,6,237,133,0,133,370
03/21/2012,ROC,NY,AEA,CE,Combined TRACON& Tower with Radar,57,84,41,2,184,0,9,22,8,39,57,93,63,10,223,42,0,42,265
03/22/2012,ROC,NY,AEA,CE,Combined TRACON& Tower with Radar,54,102,24,3,183,0,4,31,16,51,54,106,55,19,234,88,44,132,366
03/23/2012,ROC,NY,AEA,CE,Combined TRACON& Tower with Radar,53,97,21,0,171,0,2,21,2,25,53,99,42,2,196,52,2,54,250
03/24/2012,ROC,NY,AEA,CE,Combined TRACON& Tower with Radar,45,60,18,0,123,0,2,11,0,13,45,62,29,0,136,10,0,10,146
03/25/2012,ROC,NY,AEA,CE,Combined TRACON& Tower with Radar,54,74,22,0,150,0,0,4,0,4,54,74,26,0,154,11,0,11,165
03/26/2012,ROC,NY,AEA,CE,Combined TRACON& Tower with Radar,57,94,25,1,177,0,5,21,11,37,57,99,46,12,214,0,0,0,214
03/27/2012,ROC,NY,AEA,CE,Combined TRACON& Tower with Radar,63,84,32,1,180,0,4,38,10,52,63,88,70,11,232,32,2,34,266
03/28/2012,ROC,NY,AEA,CE,Combined TRACON& Tower with Radar,64,92,37,2,195,0,2,12,18,32,64,94,49,20,227,0,0,0,227
03/29/2012,ROC,NY,AEA,CE,Combined TRACON& Tower with Radar,61,93,22,4,180,0,4,2,8,14,61,97,24,12,194,0,0,0,194
03/30/2012,ROC,NY,AEA,CE,Combined TRACON& Tower with Radar,61,94,39,1,195,0,0,38,11,49,61,94,77,12,244,100,14,114,358
03/31/2012,ROC,NY,AEA,CE,Combined TRACON& Tower with Radar,47,54,13,0,114,0,0,0,0,0,47,54,13,0,114,0,0,0,114
04/01/2012,ROC,NY,AEA,CE,Combined TRACON& Tower with Radar,59,70,13,3,145,0,1,3,0,4,59,71,16,3,149,0,0,0,149
04/02/2012,ROC,NY,AEA,CE,Combined TRACON& Tower with Radar,59,87,23,3,172,0,1,31,5,37,59,88,54,8,209,76,4,80,289
04/03/2012,ROC,NY,AEA,CE,Combined TRACON& Tower with Radar,70,82,36,2,190,0,3,29,2,34,70,85,65,4,224,206,0,206,430
04/04/2012,ROC,NY,AEA,CE,Combined TRACON& Tower with Radar,65,95,32,1,193,0,2,25,11,38,65,97,57,12,231,0,0,0,231
04/05/2012,ROC,NY,AEA,CE,Combined TRACON& Tower with Radar,66,94,39,2,201,0,0,26,10,36,66,94,65,12,237,10,0,10,247
04/06/2012,ROC,NY,AEA,CE,Combined TRACON& Tower with Radar,66,86,22,0,174,0,1,27,2,30,66,87,49,2,204,30,0,30,234
04/07/2012,ROC,NY,AEA,CE,Combined TRACON& Tower with Radar,51,55,27,0,133,0,3,39,0,42,51,58,66,0,175,63,0,63,238
04/08/2012,ROC,NY,AEA,CE,Combined TRACON& Tower with Radar,59,65,8,0,132,0,0,18,0,18,59,65,26,0,150,12,0,12,162
04/09/2012,ROC,NY,AEA,CE,Combined TRACON& Tower with Radar,62,85,21,1,169,0,1,1,0,2,62,86,22,1,171,0,0,0,171
04/10/2012,ROC,NY,AEA,CE,Combined TRACON& Tower with Radar,72,79,32,6,189,0,0,9,6,15,72,79,41,12,204,0,0,0,204
04/11/2012,ROC,NY,AEA,CE,Combined TRACON& Tower with Radar,71,91,31,3,196,0,0,4,13,17,71,91,35,16,213,8,2,10,223
04/12/2012,ROC,NY,AEA,CE,Combined TRACON& Tower with Radar,69,95,22,7,193,0,2,23,16,41,69,97,45,23,234,0,0,0,234
04/13/2012,ROC,NY,AEA,CE,Combined TRACON& Tower with Radar,70,90,29,0,189,0,4,52,14,70,70,94,81,14,259,72,2,74,333
04/14/2012,ROC,NY,AEA,CE,Combined TRACON& Tower with Radar,56,59,31,4,150,0,14,40,13,67,56,73,71,17,217,22,0,22,239
04/15/2012,ROC,NY,AEA,CE,Combined TRACON& Tower with Radar,62,66,26,0,154,0,0,3,0,3,62,66,29,0,157,0,0,0,157
04/16/2012,ROC,NY,AEA,CE,Combined TRACON& Tower with Radar,67,90,13,2,172,0,1,4,0,5,67,91,17,2,177,22,0,22,199
04/17/2012,ROC,NY,AEA,CE,Combined TRACON& Tower with Radar,77,74,28,4,183,0,2,36,11,49,77,76,64,15,232,72,4,76,308
04/18/2012,ROC,NY,AEA,CE,Combined TRACON& Tower with Radar,68,88,31,12,199,0,4,41,23,68,68,92,72,35,267,58,4,62,329
04/19/2012,ROC,NY,AEA,CE,Combined TRACON& Tower with Radar,70,86,40,6,202,0,1,41,18,60,70,87,81,24,262,82,22,104,366
04/20/2012,ROC,NY,AEA,CE,Combined TRACON& Tower with Radar,69,90,27,1,187,0,3,16,5,24,69,93,43,6,211,32,0,32,243
04/21/2012,ROC,NY,AEA,CE,Combined TRACON& Tower with Radar,56,53,23,0,132,0,0,0,0,0,56,53,23,0,132,0,0,0,132
04/22/2012,ROC,NY,AEA,CE,Combined TRACON& Tower with Radar,65,57,15,0,137,0,0,4,0,4,65,57,19,0,141,102,0,102,243
04/23/2012,ROC,NY,AEA,CE,Combined TRACON& Tower with Radar,69,79,18,0,166,0,0,0,0,0,69,79,18,0,166,0,0,0,166
04/24/2012,ROC,NY,AEA,CE,Combined TRACON& Tower with Radar,76,81,24,0,181,0,0,5,13,18,76,81,29,13,199,0,6,6,205
04/25/2012,ROC,NY,AEA,CE,Combined TRACON& Tower with Radar,70,85,44,5,204,0,0,26,18,44,70,85,70,23,248,130,6,136,384
04/26/2012,ROC,NY,AEA,CE,Combined TRACON& Tower with Radar,72,80,39,10,201,0,0,8,11,19,72,80,47,21,220,136,70,206,426
04/27/2012,ROC,NY,AEA,CE,Combined TRACON& Tower with Radar,70,94,33,2,199,0,1,14,2,17,70,95,47,4,216,20,0,20,236
04/28/2012,ROC,NY,AEA,CE,Combined TRACON& Tower with Radar,56,56,18,0,130,0,10,33,0,43,56,66,51,0,173,48,0,48,221
04/29/2012,ROC,NY,AEA,CE,Combined TRACON& Tower with Radar,60,69,26,2,157,0,4,22,0,26,60,73,48,2,183,0,0,0,183
04/30/2012,ROC,NY,AEA,CE,Combined TRACON& Tower with Radar,68,80,19,1,168,0,1,24,9,34,68,81,43,10,202,110,2,112,314
05/01/2012,ROC,NY,AEA,CE,Combined TRACON& Tower with Radar,67,91,39,14,211,0,0,0,12,12,67,91,39,26,223,66,22,88,311
05/02/2012,ROC,NY,AEA,CE,Combined TRACON& Tower with Radar,61,96,51,4,212,0,1,33,12,46,61,97,84,16,258,64,0,64,322
05/03/2012,ROC,NY,AEA,CE,Combined TRACON& Tower with Radar,74,88,44,3,209,0,4,18,13,35,74,92,62,16,244,48,10,58,302
05/04/2012,ROC,NY,AEA,CE,Combined TRACON& Tower with Radar,72,90,19,11,192,0,0,18,7,25,72,90,37,18,217,56,0,56,273
05/05/2012,ROC,NY,AEA,CE,Combined TRACON& Tower with Radar,52,62,35,0,149,0,3,34,6,43,52,65,69,6,192,21,0,21,213
05/06/2012,ROC,NY,AEA,CE,Combined TRACON& Tower with Radar,60,69,29,0,158,0,2,47,0,49,60,71,76,0,207,50,0,50,257
05/07/2012,ROC,NY,AEA,CE,Combined TRACON& Tower with Radar,68,97,20,16,201,0,4,29,4,37,68,101,49,20,238,21,6,27,265
05/08/2012,ROC,NY,AEA,CE,Combined TRACON& Tower with Radar,72,95,22,2,191,0,0,6,2,8,72,95,28,4,199,30,0,30,229
05/09/2012,ROC,NY,AEA,CE,Combined TRACON& Tower with Radar,76,86,36,1,199,0,1,14,8,23,76,87,50,9,222,0,0,0,222
05/10/2012,ROC,NY,AEA,CE,Combined TRACON& Tower with Radar,69,105,26,0,200,0,1,5,8,14,69,106,31,8,214,0,0,0,214
05/11/2012,ROC,NY,AEA,CE,Combined TRACON& Tower with Radar,70,99,32,0,201,0,3,43,4,50,70,102,75,4,251,0,0,0,251
05/12/2012,ROC,NY,AEA,CE,Combined TRACON& Tower with Radar,49,55,18,0,122,0,8,36,0,44,49,63,54,0,166,68,0,68,234
05/13/2012,ROC,NY,AEA,CE,Combined TRACON& Tower with Radar,58,78,25,0,161,0,8,23,0,31,58,86,48,0,192,58,0,58,250
05/14/2012,ROC,NY,AEA,CE,Combined TRACON& Tower with Radar,64,99,26,0,189,0,5,15,2,22,64,104,41,2,211,132,0,132,343
05/15/2012,ROC,NY,AEA,CE,Combined TRACON& Tower with Radar,71,98,23,1,193,0,4,36,7,47,71,102,59,8,240,0,0,0,240
05/16/2012,ROC,NY,AEA,CE,Combined TRACON& Tower with Radar,71,101,23,0,195,0,0,9,8,17,71,101,32,8,212,60,0,60,272
05/17/2012,ROC,NY,AEA,CE,Combined TRACON& Tower with Radar,70,97,34,4,205,0,2,36,12,50,70,99,70,16,255,182,28,210,465
05/18/2012,ROC,NY,AEA,CE,Combined TRACON& Tower with Radar,69,98,28,12,207,0,1,49,6,56,69,99,77,18,263,28,20,48,311
05/19/2012,ROC,NY,AEA,CE,Combined TRACON& Tower with Radar,54,52,15,0,121,0,3,40,0,43,54,55,55,0,164,70,0,70,234
05/20/2012,ROC,NY,AEA,CE,Combined TRACON& Tower with Radar,59,71,22,2,154,0,5,45,0,50,59,76,67,2,204,12,0,12,216
05/21/2012,ROC,NY,AEA,CE,Combined TRACON& Tower with Radar,61,98,19,5,183,0,10,20,2,32,61,108,39,7,215,142,0,142,357
05/22/2012,ROC,NY,AEA,CE,Combined TRACON& Tower with Radar,70,88,23,0,181,0,0,11,2,13,70,88,34,2,194,212,2,214,408
05/23/2012,ROC,NY,AEA,CE,Combined TRACON& Tower with Radar,68,96,38,3,205,0,1,20,3,24,68,97,58,6,229,200,0,200,429
05/24/2012,ROC,NY,AEA,CE,Combined TRACON& Tower with Radar,69,97,39,0,205,0,0,36,8,44,69,97,75,8,249,0,0,0,249
05/25/2012,ROC,NY,AEA,CE,Combined TRACON& Tower with Radar,68,103,26,0,197,0,2,33,0,35,68,105,59,0,232,70,0,70,302
05/26/2012,ROC,NY,AEA,CE,Combined TRACON& Tower with Radar,53,52,20,0,125,0,4,40,0,44,53,56,60,0,169,8,0,8,177
05/27/2012,ROC,NY,AEA,CE,Combined TRACON& Tower with Radar,54,52,8,0,114,0,0,23,0,23,54,52,31,0,137,20,0,20,157
05/28/2012,ROC,NY,AEA,CE,Combined TRACON& Tower with Radar,58,74,28,0,160,0,2,18,0,20,58,76,46,0,180,0,0,0,180
05/29/2012,ROC,NY,AEA,CE,Combined TRACON& Tower with Radar,55,75,23,2,155,0,0,14,3,17,55,75,37,5,172,34,6,40,212
05/30/2012,ROC,NY,AEA,CE,Combined TRACON& Tower with Radar,76,89,40,3,208,0,3,38,3,44,76,92,78,6,252,70,0,70,322
05/31/2012,ROC,NY,AEA,CE,Combined TRACON& Tower with Radar,66,85,23,9,183,0,5,23,3,31,66,90,46,12,214,206,8,214,428
06/01/2012,ROC,NY,AEA,CE,Combined TRACON& Tower with Radar,65,89,17,0,171,0,0,3,0,3,65,89,20,0,174,0,0,0,174
06/02/2012,ROC,NY,AEA,CE,Combined TRACON& Tower with Radar,54,62,21,0,137,0,0,14,0,14,54,62,35,0,151,98,0,98,249
06/03/2012,ROC,NY,AEA,CE,Combined TRACON& Tower with Radar,58,70,17,0,145,0,0,1,0,1,58,70,18,0,146,0,0,0,146
06/04/2012,ROC,NY,AEA,CE,Combined TRACON& Tower with Radar,65,88,24,0,177,0,0,0,0,0,65,88,24,0,177,0,0,0,177
06/05/2012,ROC,NY,AEA,CE,Combined TRACON& Tower with Radar,71,89,32,5,197,0,4,29,9,42,71,93,61,14,239,80,0,80,319
06/06/2012,ROC,NY,AEA,CE,Combined TRACON& Tower with Radar,72,102,31,2,207,0,3,30,8,41,72,105,61,10,248,46,0,46,294
06/07/2012,ROC,NY,AEA,CE,Combined TRACON& Tower with Radar,73,94,41,6,214,0,5,40,8,53,73,99,81,14,267,46,8,54,321
06/08/2012,ROC,NY,AEA,CE,Combined TRACON& Tower with Radar,74,87,43,1,205,0,8,83,11,102,74,95,126,12,307,52,0,52,359
06/09/2012,ROC,NY,AEA,CE,Combined TRACON& Tower with Radar,63,55,27,0,145,0,11,95,0,106,63,66,122,0,251,0,0,0,251
06/10/2012,ROC,NY,AEA,CE,Combined TRACON& Tower with Radar,61,70,28,0,159,0,1,63,0,64,61,71,91,0,223,116,0,116,339
06/11/2012,ROC,NY,AEA,CE,Combined TRACON& Tower with Radar,69,95,26,0,190,0,0,33,2,35,69,95,59,2,225,218,0,218,443
06/12/2012,ROC,NY,AEA,CE,Combined TRACON& Tower with Radar,72,89,22,0,183,0,0,2,2,4,72,89,24,2,187,66,0,66,253
06/13/2012,ROC,NY,AEA,CE,Combined TRACON& Tower with Radar,73,87,36,12,208,0,6,43,8,57,73,93,79,20,265,28,0,28,293
06/14/2012,ROC,NY,AEA,CE,Combined TRACON& Tower with Radar,77,84,32,10,203,0,5,56,6,67,77,89,88,16,270,148,12,160,430
06/15/2012,ROC,NY,AEA,CE,Combined TRACON& Tower with Radar,73,90,27,1,191,0,3,53,1,57,73,93,80,2,248,42,0,42,290
06/16/2012,ROC,NY,AEA,CE,Combined TRACON& Tower with Radar,59,48,19,0,126,0,4,54,0,58,59,52,73,0,184,0,0,0,184
06/17/2012,ROC,NY,AEA,CE,Combined TRACON& Tower with Radar,63,67,31,0,161,0,1,31,2,34,63,68,62,2,195,184,0,184,379
06/18/2012,ROC,NY,AEA,CE,Combined TRACON& Tower with Radar,66,87,21,12,186,0,2,16,4,22,66,89,37,16,208,74,6,80,288
06/19/2012,ROC,NY,AEA,CE,Combined TRACON& Tower with Radar,78,93,30,0,201,0,2,26,6,34,78,95,56,6,235,10,0,10,245
06/20/2012,ROC,NY,AEA,CE,Combined TRACON& Tower with Radar,75,95,36,2,208,0,4,53,5,62,75,99,89,7,270,82,0,82,352
06/21/2012,ROC,NY,AEA,CE,Combined TRACON& Tower with Radar,73,98,30,0,201,0,2,35,4,41,73,100,65,4,242,6,0,6,248
06/22/2012,ROC,NY,AEA,CE,Combined TRACON& Tower with Radar,74,76,34,2,186,0,9,40,0,49,74,85,74,2,235,48,0,48,283
06/23/2012,ROC,NY,AEA,CE,Combined TRACON& Tower with Radar,55,64,13,0,132,0,1,33,0,34,55,65,46,0,166,185,0,185,351
06/24/2012,ROC,NY,AEA,CE,Combined TRACON& Tower with Radar,62,72,29,0,163,0,2,35,0,37,62,74,64,0,200,50,2,52,252
06/25/2012,ROC,NY,AEA,CE,Combined TRACON& Tower with Radar,65,79,24,5,173,0,0,11,6,17,65,79,35,11,190,4,4,8,198
06/26/2012,ROC,NY,AEA,CE,Combined TRACON& Tower with Radar,77,92,33,9,211,0,2,17,6,25,77,94,50,15,236,28,0,28,264
06/27/2012,ROC,NY,AEA,CE,Combined TRACON& Tower with Radar,74,90,44,0,208,0,2,24,8,34,74,92,68,8,242,2,12,14,256
06/28/2012,ROC,NY,AEA,CE,Combined TRACON& Tower with Radar,75,99,40,11,225,0,3,50,2,55,75,102,90,13,280,120,54,174,454
06/29/2012,ROC,NY,AEA,CE,Combined TRACON& Tower with Radar,72,87,37,2,198,0,4,36,0,40,72,91,73,2,238,0,0,0,238
06/30/2012,ROC,NY,AEA,CE,Combined TRACON& Tower with Radar,63,50,15,0,128,0,3,43,0,46,63,53,58,0,174,22,0,22,196
07/01/2012,ROC,NY,AEA,CE,Combined TRACON& Tower with Radar,60,69,17,0,146,0,0,51,0,51,60,69,68,0,197,44,0,44,241
07/02/2012,ROC,NY,AEA,CE,Combined TRACON& Tower with Radar,68,78,22,1,169,0,2,40,5,47,68,80,62,6,216,122,0,122,338
07/03/2012,ROC,NY,AEA,CE,Combined TRACON& Tower with Radar,74,74,22,2,172,0,4,32,4,40,74,78,54,6,212,63,0,63,275
07/04/2012,ROC,NY,AEA,CE,Combined TRACON& Tower with Radar,56,53,9,0,118,0,1,13,0,14,56,54,22,0,132,0,0,0,132
07/05/2012,ROC,NY,AEA,CE,Combined TRACON& Tower with Radar,69,78,24,1,172,0,11,51,1,63,69,89,75,2,235,2,8,10,245
07/06/2012,ROC,NY,AEA,CE,Combined TRACON& Tower with Radar,73,79,18,3,173,0,0,35,5,40,73,79,53,8,213,0,0,0,213
07/07/2012,ROC,NY,AEA,CE,Combined TRACON& Tower with Radar,61,48,12,0,121,0,2,10,0,12,61,50,22,0,133,14,0,14,147
07/08/2012,ROC,NY,AEA,CE,Combined TRACON& Tower with Radar,64,64,33,1,162,0,2,50,1,53,64,66,83,2,215,24,0,24,239
07/09/2012,ROC,NY,AEA,CE,Combined TRACON& Tower with Radar,72,91,27,2,192,0,4,42,6,52,72,95,69,8,244,44,0,44,288
07/10/2012,ROC,NY,AEA,CE,Combined TRACON& Tower with Radar,73,91,31,4,199,0,3,40,7,50,73,94,71,11,249,72,2,74,323
07/11/2012,ROC,NY,AEA,CE,Combined TRACON& Tower with Radar,72,97,27,18,214,0,4,45,3,52,72,101,72,21,266,76,0,76,342
07/12/2012,ROC,NY,AEA,CE,Combined TRACON& Tower with Radar,74,87,30,5,196,0,4,27,2,33,74,91,57,7,229,144,2,146,375
07/13/2012,ROC,NY,AEA,CE,Combined TRACON& Tower with Radar,70,77,36,1,184,0,3,47,7,57,70,80,83,8,241,148,6,154,395
07/14/2012,ROC,NY,AEA,CE,Combined TRACON& Tower with Radar,61,58,23,0,142,0,4,25,2,31,61,62,48,2,173,52,0,52,225
07/15/2012,ROC,NY,AEA,CE,Combined TRACON& Tower with Radar,59,68,19,3,149,0,1,19,2,22,59,69,38,5,171,66,0,66,237
07/16/2012,ROC,NY,AEA,CE,Combined TRACON& Tower with Radar,69,91,35,2,197,0,4,35,2,41,69,95,70,4,238,114,0,114,352
07/17/2012,ROC,NY,AEA,CE,Combined TRACON& Tower with Radar,73,87,31,6,197,0,5,31,0,36,73,92,62,6,233,70,0,70,303
07/18/2012,ROC,NY,AEA,CE,Combined TRACON& Tower with Radar,74,89,37,0,200,0,7,24,2,33,74,96,61,2,233,152,0,152,385
07/19/2012,ROC,NY,AEA,CE,Combined TRACON& Tower with Radar,69,82,46,0,197,0,12,45,0,57,69,94,91,0,254,34,0,34,288
07/20/2012,ROC,NY,AEA,CE,Combined TRACON& Tower with Radar,69,99,45,2,215,0,3,29,0,32,69,102,74,2,247,24,0,24,271
07/21/2012,ROC,NY,AEA,CE,Combined TRACON& Tower with Radar,58,69,27,0,154,0,6,40,0,46,58,75,67,0,200,46,0,46,246
07/22/2012,ROC,NY,AEA,CE,Combined TRACON& Tower with Radar,68,75,22,0,165,0,3,36,0,39,68,78,58,0,204,186,0,186,390
07/23/2012,ROC,NY,AEA,CE,Combined TRACON& Tower with Radar,66,79,18,0,163,0,0,19,5,24,66,79,37,5,187,38,0,38,225
07/24/2012,ROC,NY,AEA,CE,Combined TRACON& Tower with Radar,73,90,38,0,201,0,3,16,10,29,73,93,54,10,230,58,0,58,288
07/25/2012,ROC,NY,AEA,CE,Combined TRACON& Tower with Radar,70,89,26,3,188,0,4,61,12,77,70,93,87,15,265,10,0,10,275
07/26/2012,ROC,NY,AEA,CE,Combined TRACON& Tower with Radar,63,94,23,0,180,0,0,10,0,10,63,94,33,0,190,0,0,0,190
07/27/2012,ROC,NY,AEA,CE,Combined TRACON& Tower with Radar,71,96,30,0,197,0,0,17,2,19,71,96,47,2,216,28,0,28,244
07/28/2012,ROC,NY,AEA,CE,Combined TRACON& Tower with Radar,57,51,20,0,128,0,1,11,0,12,57,52,31,0,140,0,0,0,140
07/29/2012,ROC,NY,AEA,CE,Combined TRACON& Tower with Radar,62,75,28,0,165,0,4,35,0,39,62,79,63,0,204,10,0,10,214
07/30/2012,ROC,NY,AEA,CE,Combined TRACON& Tower with Radar,67,88,35,0,190,0,8,62,2,72,67,96,97,2,262,156,0,156,418
07/31/2012,ROC,NY,AEA,CE,Combined TRACON& Tower with Radar,71,81,23,0,175,0,0,34,4,38,71,81,57,4,213,16,0,16,229
08/01/2012,ROC,NY,AEA,CE,Combined TRACON& Tower with Radar,70,92,39,1,202,0,2,30,3,35,70,94,69,4,237,8,0,8,245
08/02/2012,ROC,NY,AEA,CE,Combined TRACON& Tower with Radar,75,94,53,2,224,0,4,44,8,56,75,98,97,10,280,0,0,0,280
08/03/2012,ROC,NY,AEA,CE,Combined TRACON& Tower with Radar,70,88,23,2,183,0,0,29,2,31,70,88,52,4,214,0,0,0,214
08/04/2012,ROC,NY,AEA,CE,Combined TRACON& Tower with Radar,54,62,26,2,144,0,0,63,0,63,54,62,89,2,207,6,0,6,213
08/05/2012,ROC,NY,AEA,CE,Combined TRACON& Tower with Radar,59,69,18,0,146,0,0,1,0,1,59,69,19,0,147,0,0,0,147
08/06/2012,ROC,NY,AEA,CE,Combined TRACON& Tower with Radar,70,84,22,0,176,0,0,34,2,36,70,84,56,2,212,54,0,54,266
08/07/2012,ROC,NY,AEA,CE,Combined TRACON& Tower with Radar,73,102,39,1,215,0,7,70,7,84,73,109,109,8,299,7,0,7,306
08/08/2012,ROC,NY,AEA,CE,Combined TRACON& Tower with Radar,75,95,16,0,186,0,4,27,2,33,75,99,43,2,219,0,0,0,219
08/09/2012,ROC,NY,AEA,CE,Combined TRACON& Tower with Radar,61,84,24,25,194,0,2,79,0,81,61,86,103,25,275,64,0,64,339
08/10/2012,ROC,NY,AEA,CE,Combined TRACON& Tower with Radar,73,81,15,0,169,0,0,17,1,18,73,81,32,1,187,64,0,64,251
08/11/2012,ROC,NY,AEA,CE,Combined TRACON& Tower with Radar,57,62,13,0,132,0,4,20,2,26,57,66,33,2,158,0,0,0,158
08/12/2012,ROC,NY,AEA,CE,Combined TRACON& Tower with Radar,65,78,15,0,158,0,1,10,1,12,65,79,25,1,170,28,4,32,202
08/13/2012,ROC,NY,AEA,CE,Combined TRACON& Tower with Radar,69,94,36,0,199,0,2,48,5,55,69,96,84,5,254,0,0,0,254
08/14/2012,ROC,NY,AEA,CE,Combined TRACON& Tower with Radar,65,79,39,0,183,0,0,15,2,17,65,79,54,2,200,90,0,90,290
08/15/2012,ROC,NY,AEA,CE,Combined TRACON& Tower with Radar,68,87,41,3,199,0,4,17,5,26,68,91,58,8,225,18,0,18,243
08/16/2012,ROC,NY,AEA,CE,Combined TRACON& Tower with Radar,74,91,32,0,197,0,3,59,15,77,74,94,91,15,274,0,0,0,274
08/17/2012,ROC,NY,AEA,CE,Combined TRACON& Tower with Radar,71,83,42,0,196,0,2,19,1,22,71,85,61,1,218,0,0,0,218
08/18/2012,ROC,NY,AEA,CE,Combined TRACON& Tower with Radar,56,61,14,0,131,0,4,36,0,40,56,65,50,0,171,18,0,18,189
08/19/2012,ROC,NY,AEA,CE,Combined TRACON& Tower with Radar,64,68,21,0,153,0,0,38,0,38,64,68,59,0,191,126,0,126,317
08/20/2012,ROC,NY,AEA,CE,Combined TRACON& Tower with Radar,67,84,21,0,172,0,2,37,4,43,67,86,58,4,215,248,0,248,463
08/21/2012,ROC,NY,AEA,CE,Combined TRACON& Tower with Radar,68,82,33,2,185,0,0,53,0,53,68,82,86,2,238,54,0,54,292
08/22/2012,ROC,NY,AEA,CE,Combined TRACON& Tower with Radar,71,84,39,0,194,0,4,42,0,46,71,88,81,0,240,64,0,64,304
08/23/2012,ROC,NY,AEA,CE,Combined TRACON& Tower with Radar,70,90,21,0,181,0,4,50,0,54,70,94,71,0,235,124,0,124,359
08/24/2012,ROC,NY,AEA,CE,Combined TRACON& Tower with Radar,72,92,24,2,190,0,1,56,3,60,72,93,80,5,250,128,0,128,378
08/25/2012,ROC,NY,AEA,CE,Combined TRACON& Tower with Radar,50,60,21,0,131,0,2,26,0,28,50,62,47,0,159,0,0,0,159
08/26/2012,ROC,NY,AEA,CE,Combined TRACON& Tower with Radar,60,76,25,0,161,0,3,33,1,37,60,79,58,1,198,0,0,0,198
08/27/2012,ROC,NY,AEA,CE,Combined TRACON& Tower with Radar,66,87,23,0,176,0,0,26,2,28,66,87,49,2,204,84,0,84,288
08/28/2012,ROC,NY,AEA,CE,Combined TRACON& Tower with Radar,63,92,35,0,190,0,5,23,6,34,63,97,58,6,224,122,0,122,346
08/29/2012,ROC,NY,AEA,CE,Combined TRACON& Tower with Radar,67,94,25,0,186,0,12,36,0,48,67,106,61,0,234,50,0,50,284
08/30/2012,ROC,NY,AEA,CE,Combined TRACON& Tower with Radar,66,95,38,1,200,0,11,26,7,44,66,106,64,8,244,184,0,184,428
08/31/2012,ROC,NY,AEA,CE,Combined TRACON& Tower with Radar,69,95,27,0,191,0,4,24,2,30,69,99,51,2,221,0,0,0,221
09/01/2012,ROC,NY,AEA,CE,Combined TRACON& Tower with Radar,47,59,35,0,141,0,4,36,0,40,47,63,71,0,181,36,0,36,217
09/02/2012,ROC,NY,AEA,CE,Combined TRACON& Tower with Radar,48,46,14,0,108,0,2,35,0,37,48,48,49,0,145,110,0,110,255
09/03/2012,ROC,NY,AEA,CE,Combined TRACON& Tower with Radar,59,74,17,0,150,0,1,11,0,12,59,75,28,0,162,56,0,56,218
09/04/2012,ROC,NY,AEA,CE,Combined TRACON& Tower with Radar,61,88,7,4,160,0,0,8,9,17,61,88,15,13,177,0,0,0,177
09/05/2012,ROC,NY,AEA,CE,Combined TRACON& Tower with Radar,64,90,32,0,186,0,3,22,17,42,64,93,54,17,228,60,0,60,288
09/06/2012,ROC,NY,AEA,CE,Combined TRACON& Tower with Radar,60,96,41,5,202,0,5,20,9,34,60,101,61,14,236,90,0,90,326
09/07/2012,ROC,NY,AEA,CE,Combined TRACON& Tower with Radar,64,98,30,1,193,0,3,38,9,50,64,101,68,10,243,0,0,0,243
09/08/2012,ROC,NY,AEA,CE,Combined TRACON& Tower with Radar,42,62,8,0,112,0,0,3,0,3,42,62,11,0,115,0,0,0,115
09/09/2012,ROC,NY,AEA,CE,Combined TRACON& Tower with Radar,57,76,46,0,179,0,1,22,0,23,57,77,68,0,202,0,0,0,202
09/10/2012,ROC,NY,AEA,CE,Combined TRACON& Tower with Radar,56,99,36,1,192,0,4,35,10,49,56,103,71,11,241,40,2,42,283
09/11/2012,ROC,NY,AEA,CE,Combined TRACON& Tower with Radar,60,95,17,4,176,0,6,35,11,52,60,101,52,15,228,64,0,64,292
09/12/2012,ROC,NY,AEA,CE,Combined TRACON& Tower with Radar,60,106,34,0,200,0,4,46,14,64,60,110,80,14,264,66,0,66,330
09/13/2012,ROC,NY,AEA,CE,Combined TRACON& Tower with Radar,62,107,41,4,214,0,2,55,11,68,62,109,96,15,282,38,2,40,322
09/14/2012,ROC,NY,AEA,CE,Combined TRACON& Tower with Radar,62,103,28,0,193,0,2,19,1,22,62,105,47,1,215,56,0,56,271
09/15/2012,ROC,NY,AEA,CE,Combined TRACON& Tower with Radar,42,61,24,0,127,0,11,24,0,35,42,72,48,0,162,0,0,0,162
09/16/2012,ROC,NY,AEA,CE,Combined TRACON& Tower with Radar,56,76,32,0,164,0,4,38,0,42,56,80,70,0,206,74,0,74,280
09/17/2012,ROC,NY,AEA,CE,Combined TRACON& Tower with Radar,56,95,24,7,182,0,0,32,11,43,56,95,56,18,225,172,6,178,403
09/18/2012,ROC,NY,AEA,CE,Combined TRACON& Tower with Radar,60,86,34,0,180,0,0,0,0,0,60,86,34,0,180,0,0,0,180
09/19/2012,ROC,NY,AEA,CE,Combined TRACON& Tower with Radar,61,98,34,8,201,0,4,32,16,52,61,102,66,24,253,106,4,110,363
09/20/2012,ROC,NY,AEA,CE,Combined TRACON& Tower with Radar,59,109,34,2,204,0,1,40,9,50,59,110,74,11,254,24,0,24,278
09/21/2012,ROC,NY,AEA,CE,Combined TRACON& Tower with Radar,64,105,33,0,202,0,0,13,4,17,64,105,46,4,219,94,6,100,319
09/22/2012,ROC,NY,AEA,CE,Combined TRACON& Tower with Radar,39,63,23,0,125,0,0,8,2,10,39,63,31,2,135,166,2,168,303
09/23/2012,ROC,NY,AEA,CE,Combined TRACON& Tower with Radar,57,81,42,0,180,0,0,20,2,22,57,81,62,2,202,0,0,0,202
09/24/2012,ROC,NY,AEA,CE,Combined TRACON& Tower with Radar,55,101,22,0,178,0,0,14,3,17,55,101,36,3,195,0,0,0,195
09/25/2012,ROC,NY,AEA,CE,Combined TRACON& Tower with Radar,61,94,23,0,178,0,0,18,0,18,61,94,41,0,196,0,0,0,196
09/26/2012,ROC,NY,AEA,CE,Combined TRACON& Tower with Radar,60,105,36,1,202,0,2,8,1,11,60,107,44,2,213,124,0,124,337
09/27/2012,ROC,NY,AEA,CE,Combined TRACON& Tower with Radar,58,97,33,0,188,0,2,40,2,44,58,99,73,2,232,18,0,18,250
09/28/2012,ROC,NY,AEA,CE,Combined TRACON& Tower with Radar,65,97,42,4,208,0,2,17,4,23,65,99,59,8,231,196,0,196,427
09/29/2012,ROC,NY,AEA,CE,Combined TRACON& Tower with Radar,37,62,28,0,127,0,4,38,1,43,37,66,66,1,170,44,0,44,214
09/30/2012,ROC,NY,AEA,CE,Combined TRACON& Tower with Radar,49,75,36,0,160,0,1,11,0,12,49,76,47,0,172,18,2,20,192
10/01/2012,ROC,NY,AEA,CE,Combined TRACON& Tower with Radar,58,92,40,0,190,0,4,18,0,22,58,96,58,0,212,18,0,18,230
10/02/2012,ROC,NY,AEA,CE,Combined TRACON& Tower with Radar,60,89,24,0,173,0,0,2,0,2,60,89,26,0,175,56,0,56,231
10/03/2012,ROC,NY,AEA,CE,Combined TRACON& Tower with Radar,63,97,41,0,201,0,0,5,0,5,63,97,46,0,206,0,0,0,206
10/04/2012,ROC,NY,AEA,CE,Combined TRACON& Tower with Radar,62,97,29,8,196,0,5,31,2,38,62,102,60,10,234,56,0,56,290
10/05/2012,ROC,NY,AEA,CE,Combined TRACON& Tower with Radar,65,90,37,0,192,0,0,17,0,17,65,90,54,0,209,18,0,18,227
10/06/2012,ROC,NY,AEA,CE,Combined TRACON& Tower with Radar,40,65,27,0,132,0,2,6,0,8,40,67,33,0,140,24,0,24,164
10/07/2012,ROC,NY,AEA,CE,Combined TRACON& Tower with Radar,51,82,38,0,171,0,0,17,2,19,51,82,55,2,190,38,0,38,228
10/08/2012,ROC,NY,AEA,CE,Combined TRACON& Tower with Radar,56,88,26,0,170,0,0,42,0,42,56,88,68,0,212,76,0,76,288
10/09/2012,ROC,NY,AEA,CE,Combined TRACON& Tower with Radar,68,99,39,2,208,0,1,64,1,66,68,100,103,3,274,100,0,100,374
10/10/2012,ROC,NY,AEA,CE,Combined TRACON& Tower with Radar,63,100,31,1,195,0,1,4,2,7,63,101,35,3,202,0,0,0,202
10/11/2012,ROC,NY,AEA,CE,Combined TRACON& Tower with Radar,63,95,39,1,198,0,3,17,2,22,63,98,56,3,220,20,1,21,241
10/12/2012,ROC,NY,AEA,CE,Combined TRACON& Tower with Radar,61,98,28,0,187,0,3,23,0,26,61,101,51,0,213,0,0,0,213
10/13/2012,ROC,NY,AEA,CE,Combined TRACON& Tower with Radar,40,71,33,0,144,0,2,41,0,43,40,73,74,0,187,22,0,22,209
10/14/2012,ROC,NY,AEA,CE,Combined TRACON& Tower with Radar,54,78,19,0,151,0,2,14,0,16,54,80,33,0,167,25,0,25,192
10/15/2012,ROC,NY,AEA,CE,Combined TRACON& Tower with Radar,55,87,18,0,160,0,0,3,0,3,55,87,21,0,163,8,0,8,171
10/16/2012,ROC,NY,AEA,CE,Combined TRACON& Tower with Radar,64,93,27,0,184,0,2,29,4,35,64,95,56,4,219,150,0,150,369
10/17/2012,ROC,NY,AEA,CE,Combined TRACON& Tower with Radar,62,89,24,8,183,0,4,46,4,54,62,93,70,12,237,48,14,62,299
10/18/2012,ROC,NY,AEA,CE,Combined TRACON& Tower with Radar,62,107,22,8,199,0,3,13,2,18,62,110,35,10,217,8,0,8,225
10/19/2012,ROC,NY,AEA,CE,Combined TRACON& Tower with Radar,58,97,31,0,186,0,4,19,4,27,58,101,50,4,213,0,0,0,213
10/20/2012,ROC,NY,AEA,CE,Combined TRACON& Tower with Radar,43,61,19,2,125,0,0,34,0,34,43,61,53,2,159,14,0,14,173
10/21/2012,ROC,NY,AEA,CE,Combined TRACON& Tower with Radar,52,76,22,0,150,0,1,19,0,20,52,77,41,0,170,0,0,0,170
10/22/2012,ROC,NY,AEA,CE,Combined TRACON& Tower with Radar,58,89,35,0,182,0,1,47,2,50,58,90,82,2,232,158,0,158,390
10/23/2012,ROC,NY,AEA,CE,Combined TRACON& Tower with Radar,62,99,46,0,207,0,1,0,0,1,62,100,46,0,208,0,0,0,208
10/24/2012,ROC,NY,AEA,CE,Combined TRACON& Tower with Radar,63,96,47,4,210,0,0,0,0,0,63,96,47,4,210,0,0,0,210
10/25/2012,ROC,NY,AEA,CE,Combined TRACON& Tower with Radar,62,107,48,0,217,0,2,43,0,45,62,109,91,0,262,40,0,40,302
10/26/2012,ROC,NY,AEA,CE,Combined TRACON& Tower with Radar,62,98,44,0,204,0,0,44,2,46,62,98,88,2,250,112,0,112,362
10/27/2012,ROC,NY,AEA,CE,Combined TRACON& Tower with Radar,40,61,14,0,115,0,0,0,0,0,40,61,14,0,115,0,0,0,115
10/28/2012,ROC,NY,AEA,CE,Combined TRACON& Tower with Radar,48,70,35,0,153,0,0,0,0,0,48,70,35,0,153,0,0,0,153
10/29/2012,ROC,NY,AEA,CE,Combined TRACON& Tower with Radar,23,33,6,0,62,0,0,0,0,0,23,33,6,0,62,0,0,0,62
10/30/2012,ROC,NY,AEA,CE,Combined TRACON& Tower with Radar,27,27,0,0,54,0,0,1,0,1,27,27,1,0,55,0,0,0,55
10/31/2012,ROC,NY,AEA,CE,Combined TRACON& Tower with Radar,40,60,10,0,110,0,1,4,3,8,40,61,14,3,118,46,0,46,164
11/01/2012,ROC,NY,AEA,CE,Combined TRACON& Tower with Radar,56,84,34,0,174,0,0,3,2,5,56,84,37,2,179,0,0,0,179
11/02/2012,ROC,NY,AEA,CE,Combined TRACON& Tower with Radar,59,89,29,0,177,0,0,4,2,6,59,89,33,2,183,0,0,0,183
11/03/2012,ROC,NY,AEA,CE,Combined TRACON& Tower with Radar,43,62,19,4,128,0,1,3,0,4,43,63,22,4,132,54,0,54,186
11/04/2012,ROC,NY,AEA,CE,Combined TRACON& Tower with Radar,55,65,22,0,142,0,0,1,3,4,55,65,23,3,146,24,0,24,170
11/05/2012,ROC,NY,AEA,CE,Combined TRACON& Tower with Radar,59,90,25,3,177,0,2,14,1,17,59,92,39,4,194,24,0,24,218
11/06/2012,ROC,NY,AEA,CE,Combined TRACON& Tower with Radar,58,87,37,2,184,0,2,32,0,34,58,89,69,2,218,54,0,54,272
11/07/2012,ROC,NY,AEA,CE,Combined TRACON& Tower with Radar,67,82,40,1,190,0,2,23,2,27,67,84,63,3,217,0,0,0,217
11/08/2012,ROC,NY,AEA,CE,Combined TRACON& Tower with Radar,57,95,35,0,187,0,2,22,0,24,57,97,57,0,211,120,0,120,331
11/09/2012,ROC,NY,AEA,CE,Combined TRACON& Tower with Radar,65,101,43,0,209,0,2,40,0,42,65,103,83,0,251,70,0,70,321
11/10/2012,ROC,NY,AEA,CE,Combined TRACON& Tower with Radar,48,56,34,0,138,0,0,21,0,21,48,56,55,0,159,70,0,70,229
11/11/2012,ROC,NY,AEA,CE,Combined TRACON& Tower with Radar,54,68,18,0,140,0,3,30,1,34,54,71,48,1,174,148,0,148,322
11/12/2012,ROC,NY,AEA,CE,Combined TRACON& Tower with Radar,58,94,26,0,178,0,0,12,0,12,58,94,38,0,190,0,0,0,190
11/13/2012,ROC,NY,AEA,CE,Combined TRACON& Tower with Radar,61,85,32,1,179,0,0,40,3,43,61,85,72,4,222,50,0,50,272
11/14/2012,ROC,NY,AEA,CE,Combined TRACON& Tower with Radar,58,92,32,0,182,0,0,33,2,35,58,92,65,2,217,42,0,42,259
11/15/2012,ROC,NY,AEA,CE,Combined TRACON& Tower with Radar,61,99,41,2,203,0,1,39,0,40,61,100,80,2,243,152,0,152,395
11/16/2012,ROC,NY,AEA,CE,Combined TRACON& Tower with Radar,59,93,31,0,183,0,2,51,0,53,59,95,82,0,236,0,0,0,236
11/17/2012,ROC,NY,AEA,CE,Combined TRACON& Tower with Radar,44,61,24,0,129,0,1,41,1,43,44,62,65,1,172,154,0,154,326
11/18/2012,ROC,NY,AEA,CE,Combined TRACON& Tower with Radar,52,76,18,0,146,0,7,42,6,55,52,83,60,6,201,30,0,30,231
11/19/2012,ROC,NY,AEA,CE,Combined TRACON& Tower with Radar,55,85,19,12,171,0,2,31,1,34,55,87,50,13,205,42,0,42,247
11/20/2012,ROC,NY,AEA,CE,Combined TRACON& Tower with Radar,60,87,31,0,178,0,1,31,2,34,60,88,62,2,212,42,0,42,254
11/21/2012,ROC,NY,AEA,CE,Combined TRACON& Tower with Radar,60,96,27,0,183,0,2,37,0,39,60,98,64,0,222,180,0,180,402
11/22/2012,ROC,NY,AEA,CE,Combined TRACON& Tower with Radar,34,46,18,0,98,0,0,14,0,14,34,46,32,0,112,12,0,12,124
11/23/2012,ROC,NY,AEA,CE,Combined TRACON& Tower with Radar,45,53,4,0,102,0,0,12,0,12,45,53,16,0,114,32,0,32,146
11/24/2012,ROC,NY,AEA,CE,Combined TRACON& Tower with Radar,54,75,6,0,135,0,2,0,0,2,54,77,6,0,137,0,0,0,137
11/25/2012,ROC,NY,AEA,CE,Combined TRACON& Tower with Radar,56,83,29,0,168,0,0,1,0,1,56,83,30,0,169,0,0,0,169
11/26/2012,ROC,NY,AEA,CE,Combined TRACON& Tower with Radar,60,97,22,0,179,0,2,16,2,20,60,99,38,2,199,151,0,151,350
11/27/2012,ROC,NY,AEA,CE,Combined TRACON& Tower with Radar,56,88,67,0,211,0,7,43,0,50,56,95,110,0,261,124,0,124,385
11/28/2012,ROC,NY,AEA,CE,Combined TRACON& Tower with Radar,61,85,23,0,169,0,0,11,2,13,61,85,34,2,182,22,0,22,204
11/29/2012,ROC,NY,AEA,CE,Combined TRACON& Tower with Radar,60,94,29,0,183,0,0,24,0,24,60,94,53,0,207,6,4,10,217
11/30/2012,ROC,NY,AEA,CE,Combined TRACON& Tower with Radar,60,87,15,2,164,0,0,8,0,8,60,87,23,2,172,0,0,0,172
12/01/2012,ROC,NY,AEA,CE,Combined TRACON& Tower with Radar,41,61,19,0,121,0,2,27,0,29,41,63,46,0,150,6,0,6,156
12/02/2012,ROC,NY,AEA,CE,Combined TRACON& Tower with Radar,52,67,13,0,132,0,1,2,0,3,52,68,15,0,135,112,0,112,247
12/03/2012,ROC,NY,AEA,CE,Combined TRACON& Tower with Radar,54,88,26,0,168,0,0,40,2,42,54,88,66,2,210,46,0,46,256
12/04/2012,ROC,NY,AEA,CE,Combined TRACON& Tower with Radar,62,85,26,15,188,0,0,6,4,10,62,85,32,19,198,100,0,100,298
12/05/2012,ROC,NY,AEA,CE,Combined TRACON& Tower with Radar,60,89,32,0,181,0,1,15,1,17,60,90,47,1,198,58,0,58,256
12/06/2012,ROC,NY,AEA,CE,Combined TRACON& Tower with Radar,62,89,37,2,190,0,4,40,1,45,62,93,77,3,235,67,0,67,302
12/07/2012,ROC,NY,AEA,CE,Combined TRACON& Tower with Radar,61,90,22,0,173,0,0,18,0,18,61,90,40,0,191,36,4,40,231
12/08/2012,ROC,NY,AEA,CE,Combined TRACON& Tower with Radar,42,68,19,0,129,0,0,4,0,4,42,68,23,0,133,48,0,48,181
12/09/2012,ROC,NY,AEA,CE,Combined TRACON& Tower with Radar,52,64,19,0,135,0,1,6,0,7,52,65,25,0,142,144,0,144,286
12/10/2012,ROC,NY,AEA,CE,Combined TRACON& Tower with Radar,51,88,23,0,162,0,0,0,0,0,51,88,23,0,162,36,0,36,198
12/11/2012,ROC,NY,AEA,CE,Combined TRACON& Tower with Radar,61,85,11,4,161,0,1,3,3,7,61,86,14,7,168,36,0,36,204
12/12/2012,ROC,NY,AEA,CE,Combined TRACON& Tower with Radar,63,90,37,2,192,0,4,26,4,34,63,94,63,6,226,112,0,112,338
12/13/2012,ROC,NY,AEA,CE,Combined TRACON& Tower with Radar,62,94,43,0,199,0,3,44,2,49,62,97,87,2,248,38,0,38,286
12/14/2012,ROC,NY,AEA,CE,Combined TRACON& Tower with Radar,57,92,41,0,190,0,0,34,0,34,57,92,75,0,224,100,0,100,324
12/15/2012,ROC,NY,AEA,CE,Combined TRACON& Tower with Radar,42,64,22,0,128,0,7,29,0,36,42,71,51,0,164,124,0,124,288
12/16/2012,ROC,NY,AEA,CE,Combined TRACON& Tower with Radar,53,64,11,0,128,0,0,8,0,8,53,64,19,0,136,0,0,0,136
12/17/2012,ROC,NY,AEA,CE,Combined TRACON& Tower with Radar,54,81,29,2,166,0,0,7,3,10,54,81,36,5,176,96,0,96,272
12/18/2012,ROC,NY,AEA,CE,Combined TRACON& Tower with Radar,64,84,29,0,177,0,0,0,0,0,64,84,29,0,177,0,0,0,177
12/19/2012,ROC,NY,AEA,CE,Combined TRACON& Tower with Radar,66,92,44,0,202,0,1,33,0,34,66,93,77,0,236,0,0,0,236
12/20/2012,ROC,NY,AEA,CE,Combined TRACON& Tower with Radar,65,90,18,1,174,0,1,32,1,34,65,91,50,2,208,0,0,0,208
12/21/2012,ROC,NY,AEA,CE,Combined TRACON& Tower with Radar,59,82,10,0,151,0,0,0,2,2,59,82,10,2,153,0,0,0,153
12/22/2012,ROC,NY,AEA,CE,Combined TRACON& Tower with Radar,46,69,10,0,125,0,0,0,0,0,46,69,10,0,125,0,0,0,125
12/23/2012,ROC,NY,AEA,CE,Combined TRACON& Tower with Radar,57,71,15,0,143,0,0,2,0,2,57,71,17,0,145,0,0,0,145
12/24/2012,ROC,NY,AEA,CE,Combined TRACON& Tower with Radar,50,51,13,0,114,0,7,6,0,13,50,58,19,0,127,0,0,0,127
12/25/2012,ROC,NY,AEA,CE,Combined TRACON& Tower with Radar,45,56,2,0,103,0,0,0,0,0,45,56,2,0,103,0,0,0,103
12/26/2012,ROC,NY,AEA,CE,Combined TRACON& Tower with Radar,42,50,16,0,108,0,0,2,0,2,42,50,18,0,110,0,0,0,110
12/27/2012,ROC,NY,AEA,CE,Combined TRACON& Tower with Radar,53,62,7,0,122,0,0,0,0,0,53,62,7,0,122,0,0,0,122
12/28/2012,ROC,NY,AEA,CE,Combined TRACON& Tower with Radar,61,76,17,2,156,0,0,0,0,0,61,76,17,2,156,0,0,0,156
12/29/2012,ROC,NY,AEA,CE,Combined TRACON& Tower with Radar,45,53,6,2,106,0,0,0,0,0,45,53,6,2,106,0,0,0,106
12/30/2012,ROC,NY,AEA,CE,Combined TRACON& Tower with Radar,52,65,10,0,127,0,0,0,0,0,52,65,10,0,127,0,0,0,127
12/31/2012,ROC,NY,AEA,CE,Combined TRACON& Tower with Radar,47,57,2,0,106,0,0,5,0,5,47,57,7,0,111,0,0,0,111
01/01/2013,ROC,NY,AEA,CE,Combined TRACON& Tower with Radar,41,55,7,0,103,0,0,0,0,0,41,55,7,0,103,0,0,0,103
01/02/2013,ROC,NY,AEA,CE,Combined TRACON& Tower with Radar,57,88,6,0,151,0,0,1,0,1,57,88,7,0,152,0,0,0,152
01/03/2013,ROC,NY,AEA,CE,Combined TRACON& Tower with Radar,57,77,13,0,147,0,1,3,0,4,57,78,16,0,151,0,0,0,151
01/04/2013,ROC,NY,AEA,CE,Combined TRACON& Tower with Radar,57,79,16,0,152,0,0,1,0,1,57,79,17,0,153,0,0,0,153
01/05/2013,ROC,NY,AEA,CE,Combined TRACON& Tower with Radar,42,58,12,0,112,0,1,22,1,24,42,59,34,1,136,38,0,38,174
01/06/2013,ROC,NY,AEA,CE,Combined TRACON& Tower with Radar,48,60,9,0,117,0,0,2,0,2,48,60,11,0,119,0,0,0,119
01/07/2013,ROC,NY,AEA,CE,Combined TRACON& Tower with Radar,54,82,24,0,160,0,0,2,2,4,54,82,26,2,164,0,0,0,164
01/08/2013,ROC,NY,AEA,CE,Combined TRACON& Tower with Radar,56,80,28,0,164,0,1,27,4,32,56,81,55,4,196,0,0,0,196
01/09/2013,ROC,NY,AEA,CE,Combined TRACON& Tower with Radar,58,78,20,0,156,0,3,4,6,13,58,81,24,6,169,84,26,110,279
01/10/2013,ROC,NY,AEA,CE,Combined TRACON& Tower with Radar,62,83,33,0,178,0,1,38,1,40,62,84,71,1,218,224,0,224,442
01/11/2013,ROC,NY,AEA,CE,Combined TRACON& Tower with Radar,58,76,16,0,150,0,0,11,0,11,58,76,27,0,161,0,0,0,161
01/12/2013,ROC,NY,AEA,CE,Combined TRACON& Tower with Radar,33,55,24,0,112,0,1,32,2,35,33,56,56,2,147,135,0,135,282
01/13/2013,ROC,NY,AEA,CE,Combined TRACON& Tower with Radar,52,58,10,0,120,0,0,4,0,4,52,58,14,0,124,0,0,0,124
01/14/2013,ROC,NY,AEA,CE,Combined TRACON& Tower with Radar,57,78,14,2,151,0,1,3,3,7,57,79,17,5,158,108,0,108,266
01/15/2013,ROC,NY,AEA,CE,Combined TRACON& Tower with Radar,53,74,20,2,149,0,2,29,0,31,53,76,49,2,180,100,0,100,280
01/16/2013,ROC,NY,AEA,CE,Combined TRACON& Tower with Radar,57,73,31,0,161,0,1,29,2,32,57,74,60,2,193,208,0,208,401
01/17/2013,ROC,NY,AEA,CE,Combined TRACON& Tower with Radar,61,77,22,0,160,0,0,4,1,5,61,77,26,1,165,50,0,50,215
01/18/2013,ROC,NY,AEA,CE,Combined TRACON& Tower with Radar,63,79,21,0,163,0,1,15,0,16,63,80,36,0,179,0,0,0,179
01/19/2013,ROC,NY,AEA,CE,Combined TRACON& Tower with Radar,36,58,10,0,104,0,7,6,3,16,36,65,16,3,120,0,0,0,120
01/20/2013,ROC,NY,AEA,CE,Combined TRACON& Tower with Radar,50,55,8,0,113,0,0,1,1,2,50,55,9,1,115,0,0,0,115
01/21/2013,ROC,NY,AEA,CE,Combined TRACON& Tower with Radar,54,80,18,0,152,0,1,1,0,2,54,81,19,0,154,78,0,78,232
01/22/2013,ROC,NY,AEA,CE,Combined TRACON& Tower with Radar,53,74,17,0,144,0,0,0,1,1,53,74,17,1,145,0,0,0,145
01/23/2013,ROC,NY,AEA,CE,Combined TRACON& Tower with Radar,61,77,27,0,165,0,0,6,0,6,61,77,33,0,171,86,0,86,257
01/24/2013,ROC,NY,AEA,CE,Combined TRACON& Tower with Radar,59,80,24,0,163,0,0,0,0,0,59,80,24,0,163,0,0,0,163
01/25/2013,ROC,NY,AEA,CE,Combined TRACON& Tower with Radar,55,71,15,0,141,0,0,6,0,6,55,71,21,0,147,40,0,40,187
01/26/2013,ROC,NY,AEA,CE,Combined TRACON& Tower with Radar,39,57,14,0,110,0,1,7,2,10,39,58,21,2,120,144,0,144,264
01/27/2013,ROC,NY,AEA,CE,Combined TRACON& Tower with Radar,54,58,33,0,145,0,6,30,0,36,54,64,63,0,181,104,0,104,285
01/28/2013,ROC,NY,AEA,CE,Combined TRACON& Tower with Radar,55,73,8,0,136,0,0,1,0,1,55,73,9,0,137,0,0,0,137
01/29/2013,ROC,NY,AEA,CE,Combined TRACON& Tower with Radar,57,78,20,0,155,0,0,0,0,0,57,78,20,0,155,0,0,0,155
01/30/2013,ROC,NY,AEA,CE,Combined TRACON& Tower with Radar,57,81,20,0,158,0,0,2,0,2,57,81,22,0,160,0,0,0,160
01/31/2013,ROC,NY,AEA,CE,Combined TRACON& Tower with Radar,59,74,14,0,147,0,0,0,0,0,59,74,14,0,147,0,0,0,147
02/01/2013,ROC,NY,AEA,CE,Combined TRACON& Tower with Radar,60,80,23,3,166,0,0,0,0,0,60,80,23,3,166,0,0,0,166
02/02/2013,ROC,NY,AEA,CE,Combined TRACON& Tower with Radar,37,53,26,0,116,0,0,11,1,12,37,53,37,1,128,102,0,102,230
02/03/2013,ROC,NY,AEA,CE,Combined TRACON& Tower with Radar,50,58,12,0,120,0,0,6,5,11,50,58,18,5,131,88,16,104,235
02/04/2013,ROC,NY,AEA,CE,Combined TRACON& Tower with Radar,54,73,19,0,146,0,1,3,0,4,54,74,22,0,150,94,0,94,244
02/05/2013,ROC,NY,AEA,CE,Combined TRACON& Tower with Radar,54,77,30,2,163,0,0,21,2,23,54,77,51,4,186,72,0,72,258
02/06/2013,ROC,NY,AEA,CE,Combined TRACON& Tower with Radar,59,82,20,0,161,0,1,7,2,10,59,83,27,2,171,126,0,126,297
02/07/2013,ROC,NY,AEA,CE,Combined TRACON& Tower with Radar,60,78,31,0,169,0,2,18,0,20,60,80,49,0,189,80,0,80,269
02/08/2013,ROC,NY,AEA,CE,Combined TRACON& Tower with Radar,31,33,6,0,70,0,0,0,1,1,31,33,6,1,71,0,0,0,71
02/09/2013,ROC,NY,AEA,CE,Combined TRACON& Tower with Radar,27,34,11,0,72,0,0,1,0,1,27,34,12,0,73,0,0,0,73
02/10/2013,ROC,NY,AEA,CE,Combined TRACON& Tower with Radar,53,61,22,0,136,0,0,28,2,30,53,61,50,2,166,130,0,130,296
02/11/2013,ROC,NY,AEA,CE,Combined TRACON& Tower with Radar,52,75,15,0,142,0,0,1,0,1,52,75,16,0,143,124,0,124,267
02/12/2013,ROC,NY,AEA,CE,Combined TRACON& Tower with Radar,55,81,28,0,164,0,0,0,0,0,55,81,28,0,164,52,0,52,216
02/13/2013,ROC,NY,AEA,CE,Combined TRACON& Tower with Radar,58,78,37,4,177,0,0,29,6,35,58,78,66,10,212,24,0,24,236
02/14/2013,ROC,NY,AEA,CE,Combined TRACON& Tower with Radar,57,97,18,0,172,0,0,6,0,6,57,97,24,0,178,96,0,96,274
02/15/2013,ROC,NY,AEA,CE,Combined TRACON& Tower with Radar,53,95,20,0,168,0,0,1,2,3,53,95,21,2,171,72,0,72,243
02/16/2013,ROC,NY,AEA,CE,Combined TRACON& Tower with Radar,35,63,20,0,118,0,1,16,1,18,35,64,36,1,136,112,0,112,248
02/17/2013,ROC,NY,AEA,CE,Combined TRACON& Tower with Radar,45,63,13,0,121,0,0,0,0,0,45,63,13,0,121,76,0,76,197
02/18/2013,ROC,NY,AEA,CE,Combined TRACON& Tower with Radar,52,79,20,0,151,0,7,31,0,38,52,86,51,0,189,170,0,170,359
02/19/2013,ROC,NY,AEA,CE,Combined TRACON& Tower with Radar,54,86,19,0,159,0,0,2,0,2,54,86,21,0,161,80,0,80,241
02/20/2013,ROC,NY,AEA,CE,Combined TRACON& Tower with Radar,55,100,17,0,172,0,0,0,0,0,55,100,17,0,172,0,0,0,172
02/21/2013,ROC,NY,AEA,CE,Combined TRACON& Tower with Radar,57,95,23,2,177,0,0,0,0,0,57,95,23,2,177,54,0,54,231
02/22/2013,ROC,NY,AEA,CE,Combined TRACON& Tower with Radar,54,95,14,0,163,0,2,8,3,13,54,97,22,3,176,178,0,178,354
02/23/2013,ROC,NY,AEA,CE,Combined TRACON& Tower with Radar,41,65,8,0,114,0,0,3,0,3,41,65,11,0,117,112,0,112,229
02/24/2013,ROC,NY,AEA,CE,Combined TRACON& Tower with Radar,46,75,28,2,151,0,0,0,0,0,46,75,28,2,151,0,0,0,151
02/25/2013,ROC,NY,AEA,CE,Combined TRACON& Tower with Radar,51,93,24,0,168,0,0,21,3,24,51,93,45,3,192,146,0,146,338
02/26/2013,ROC,NY,AEA,CE,Combined TRACON& Tower with Radar,53,73,23,1,150,0,1,14,2,17,53,74,37,3,167,0,0,0,167
02/27/2013,ROC,NY,AEA,CE,Combined TRACON& Tower with Radar,56,85,16,0,157,0,0,0,0,0,56,85,16,0,157,0,0,0,157
02/28/2013,ROC,NY,AEA,CE,Combined TRACON& Tower with Radar,60,91,23,6,180,0,0,0,0,0,60,91,23,6,180,102,0,102,282
03/01/2013,ROC,NY,AEA,CE,Combined TRACON& Tower with Radar,57,94,17,0,168,0,1,0,0,1,57,95,17,0,169,104,0,104,273
03/02/2013,ROC,NY,AEA,CE,Combined TRACON& Tower with Radar,41,68,2,0,111,0,1,0,0,1,41,69,2,0,112,0,0,0,112
03/03/2013,ROC,NY,AEA,CE,Combined TRACON& Tower with Radar,48,73,14,0,135,0,0,0,0,0,48,73,14,0,135,0,0,0,135
03/04/2013,ROC,NY,AEA,CE,Combined TRACON& Tower with Radar,50,90,19,3,162,0,0,3,1,4,50,90,22,4,166,0,0,0,166
03/05/2013,ROC,NY,AEA,CE,Combined TRACON& Tower with Radar,53,87,19,0,159,0,0,6,4,10,53,87,25,4,169,162,8,170,339
03/06/2013,ROC,NY,AEA,CE,Combined TRACON& Tower with Radar,50,74,18,0,142,0,1,13,2,16,50,75,31,2,158,120,0,120,278
03/07/2013,ROC,NY,AEA,CE,Combined TRACON& Tower with Radar,54,89,30,2,175,0,0,5,7,12,54,89,35,9,187,44,0,44,231
03/08/2013,ROC,NY,AEA,CE,Combined TRACON& Tower with Radar,57,93,18,2,170,0,6,18,2,26,57,99,36,4,196,57,0,57,253
03/09/2013,ROC,NY,AEA,CE,Combined TRACON& Tower with Radar,44,62,23,0,129,0,23,63,1,87,44,85,86,1,216,342,0,342,558
03/10/2013,ROC,NY,AEA,CE,Combined TRACON& Tower with Radar,47,74,18,0,139,0,0,20,0,20,47,74,38,0,159,0,0,0,159
03/11/2013,ROC,NY,AEA,CE,Combined TRACON& Tower with Radar,53,84,7,1,145,0,6,12,4,22,53,90,19,5,167,48,0,48,215
03/12/2013,ROC,NY,AEA,CE,Combined TRACON& Tower with Radar,58,88,21,0,167,0,2,3,0,5,58,90,24,0,172,64,0,64,236
03/13/2013,ROC,NY,AEA,CE,Combined TRACON& Tower with Radar,64,86,17,8,175,0,1,21,0,22,64,87,38,8,197,18,0,18,215
03/14/2013,ROC,NY,AEA,CE,Combined TRACON& Tower with Radar,57,97,21,5,180,0,0,5,4,9,57,97,26,9,189,0,0,0,189
03/15/2013,ROC,NY,AEA,CE,Combined TRACON& Tower with Radar,59,87,19,0,165,0,0,0,0,0,59,87,19,0,165,0,0,0,165
03/16/2013,ROC,NY,AEA,CE,Combined TRACON& Tower with Radar,46,66,15,0,127,0,3,9,0,12,46,69,24,0,139,76,0,76,215
03/17/2013,ROC,NY,AEA,CE,Combined TRACON& Tower with Radar,46,74,18,0,138,0,2,14,0,16,46,76,32,0,154,182,0,182,336
03/18/2013,ROC,NY,AEA,CE,Combined TRACON& Tower with Radar,50,73,12,0,135,0,0,18,3,21,50,73,30,3,156,0,0,0,156
03/19/2013,ROC,NY,AEA,CE,Combined TRACON& Tower with Radar,57,98,13,9,177,0,0,0,1,1,57,98,13,10,178,80,6,86,264
03/20/2013,ROC,NY,AEA,CE,Combined TRACON& Tower with Radar,61,97,15,15,188,0,0,10,5,15,61,97,25,20,203,82,0,82,285
03/21/2013,ROC,NY,AEA,CE,Combined TRACON& Tower with Radar,55,102,27,3,187,0,2,7,5,14,55,104,34,8,201,30,43,73,274
03/22/2013,ROC,NY,AEA,CE,Combined TRACON& Tower with Radar,60,91,29,0,180,0,0,2,1,3,60,91,31,1,183,0,0,0,183
03/23/2013,ROC,NY,AEA,CE,Combined TRACON& Tower with Radar,44,60,8,0,112,0,16,14,0,30,44,76,22,0,142,0,0,0,142
03/24/2013,ROC,NY,AEA,CE,Combined TRACON& Tower with Radar,48,78,36,0,162,0,4,51,0,55,48,82,87,0,217,120,0,120,337
03/25/2013,ROC,NY,AEA,CE,Combined TRACON& Tower with Radar,51,82,19,0,152,0,3,16,2,21,51,85,35,2,173,150,0,150,323
03/26/2013,ROC,NY,AEA,CE,Combined TRACON& Tower with Radar,58,86,24,0,168,0,0,13,1,14,58,86,37,1,182,208,0,208,390
03/27/2013,ROC,NY,AEA,CE,Combined TRACON& Tower with Radar,60,89,15,1,165,0,1,16,4,21,60,90,31,5,186,198,0,198,384
03/28/2013,ROC,NY,AEA,CE,Combined TRACON& Tower with Radar,57,96,23,0,176,0,0,1,1,2,57,96,24,1,178,0,0,0,178
03/29/2013,ROC,NY,AEA,CE,Combined TRACON& Tower with Radar,55,93,18,0,166,0,0,24,0,24,55,93,42,0,190,172,0,172,362
03/30/2013,ROC,NY,AEA,CE,Combined TRACON& Tower with Radar,44,71,15,0,130,0,3,55,1,59,44,74,70,1,189,194,0,194,383
03/31/2013,ROC,NY,AEA,CE,Combined TRACON& Tower with Radar,47,73,13,0,133,0,0,7,0,7,47,73,20,0,140,34,0,34,174
04/01/2013,ROC,NY,AEA,CE,Combined TRACON& Tower with Radar,53,77,15,0,145,0,1,1,2,4,53,78,16,2,149,104,0,104,253
04/02/2013,ROC,NY,AEA,CE,Combined TRACON& Tower with Radar,57,94,21,0,172,0,0,0,2,2,57,94,21,2,174,0,0,0,174
04/03/2013,ROC,NY,AEA,CE,Combined TRACON& Tower with Radar,60,87,23,0,170,0,0,3,0,3,60,87,26,0,173,102,0,102,275
04/04/2013,ROC,NY,AEA,CE,Combined TRACON& Tower with Radar,59,90,34,0,183,0,25,46,2,73,59,115,80,2,256,226,0,226,482
04/05/2013,ROC,NY,AEA,CE,Combined TRACON& Tower with Radar,55,91,27,0,173,0,0,24,0,24,55,91,51,0,197,50,0,50,247
04/06/2013,ROC,NY,AEA,CE,Combined TRACON& Tower with Radar,43,68,27,0,138,0,9,41,1,51,43,77,68,1,189,76,0,76,265
04/07/2013,ROC,NY,AEA,CE,Combined TRACON& Tower with Radar,49,74,20,0,143,0,0,2,0,2,49,74,22,0,145,0,0,0,145
04/08/2013,ROC,NY,AEA,CE,Combined TRACON& Tower with Radar,52,89,26,0,167,0,3,23,1,27,52,92,49,1,194,132,0,132,326
04/09/2013,ROC,NY,AEA,CE,Combined TRACON& Tower with Radar,55,89,36,2,182,0,1,14,0,15,55,90,50,2,197,161,0,161,358
04/10/2013,ROC,NY,AEA,CE,Combined TRACON& Tower with Radar,56,77,31,0,164,0,0,0,0,0,56,77,31,0,164,0,0,0,164
04/11/2013,ROC,NY,AEA,CE,Combined TRACON& Tower with Radar,56,86,19,0,161,0,0,0,0,0,56,86,19,0,161,18,0,18,179
04/12/2013,ROC,NY,AEA,CE,Combined TRACON& Tower with Radar,58,97,17,0,172,0,0,3,0,3,58,97,20,0,175,114,0,114,289
04/13/2013,ROC,NY,AEA,CE,Combined TRACON& Tower with Radar,42,69,6,0,117,0,1,9,6,16,42,70,15,6,133,0,0,0,133
04/14/2013,ROC,NY,AEA,CE,Combined TRACON& Tower with Radar,43,76,24,2,145,0,2,32,2,36,43,78,56,4,181,128,0,128,309
04/15/2013,ROC,NY,AEA,CE,Combined TRACON& Tower with Radar,48,94,15,0,157,0,4,26,3,33,48,98,41,3,190,32,0,32,222
04/16/2013,ROC,NY,AEA,CE,Combined TRACON& Tower with Radar,52,92,19,0,163,0,0,0,0,0,52,92,19,0,163,6,0,6,169
04/17/2013,ROC,NY,AEA,CE,Combined TRACON& Tower with Radar,52,79,31,0,162,0,8,40,2,50,52,87,71,2,212,84,24,108,320
04/18/2013,ROC,NY,AEA,CE,Combined TRACON& Tower with Radar,55,91,24,2,172,0,1,6,0,7,55,92,30,2,179,0,0,0,179
04/19/2013,ROC,NY,AEA,CE,Combined TRACON& Tower with Radar,57,103,18,0,178,0,0,0,0,0,57,103,18,0,178,0,0,0,178
04/20/2013,ROC,NY,AEA,CE,Combined TRACON& Tower with Radar,41,60,11,0,112,0,2,0,0,2,41,62,11,0,114,0,0,0,114
04/21/2013,ROC,NY,AEA,CE,Combined TRACON& Tower with Radar,47,87,30,0,164,0,0,33,0,33,47,87,63,0,197,98,0,98,295
04/22/2013,ROC,NY,AEA,CE,Combined TRACON& Tower with Radar,50,90,36,6,182,0,1,36,0,37,50,91,72,6,219,182,0,182,401
04/23/2013,ROC,NY,AEA,CE,Combined TRACON& Tower with Radar,52,99,21,0,172,0,3,34,0,37,52,102,55,0,209,48,0,48,257
04/24/2013,ROC,NY,AEA,CE,Combined TRACON& Tower with Radar,52,91,17,0,160,0,1,1,0,2,52,92,18,0,162,18,0,18,180
04/25/2013,ROC,NY,AEA,CE,Combined TRACON& Tower with Radar,60,92,29,0,181,0,4,16,7,27,60,96,45,7,208,90,0,90,298
04/26/2013,ROC,NY,AEA,CE,Combined TRACON& Tower with Radar,58,97,26,0,181,0,2,36,1,39,58,99,62,1,220,72,0,72,292
04/27/2013,ROC,NY,AEA,CE,Combined TRACON& Tower with Radar,41,60,17,2,120,0,29,35,1,65,41,89,52,3,185,162,0,162,347
04/28/2013,ROC,NY,AEA,CE,Combined TRACON& Tower with Radar,45,76,22,0,143,0,0,20,0,20,45,76,42,0,163,90,0,90,253
04/29/2013,ROC,NY,AEA,CE,Combined TRACON& Tower with Radar,53,89,23,1,166,0,2,24,0,26,53,91,47,1,192,84,0,84,276
04/30/2013,ROC,NY,AEA,CE,Combined TRACON& Tower with Radar,50,101,37,0,188,0,0,17,4,21,50,101,54,4,209,232,0,232,441
05/01/2013,ROC,NY,AEA,CE,Combined TRACON& Tower with Radar,58,101,43,0,202,0,1,50,1,52,58,102,93,1,254,244,0,244,498
05/02/2013,ROC,NY,AEA,CE,Combined TRACON& Tower with Radar,52,103,37,0,192,0,1,30,4,35,52,104,67,4,227,277,0,277,504
05/03/2013,ROC,NY,AEA,CE,Combined TRACON& Tower with Radar,54,91,26,0,171,0,4,34,2,40,54,95,60,2,211,178,2,180,391
05/04/2013,ROC,NY,AEA,CE,Combined TRACON& Tower with Radar,36,57,14,0,107,0,6,46,2,54,36,63,60,2,161,178,0,178,339
05/05/2013,ROC,NY,AEA,CE,Combined TRACON& Tower with Radar,44,80,35,1,160,0,0,45,1,46,44,80,80,2,206,174,0,174,380
05/06/2013,ROC,NY,AEA,CE,Combined TRACON& Tower with Radar,47,101,16,0,164,0,1,36,2,39,47,102,52,2,203,270,0,270,473
05/07/2013,ROC,NY,AEA,CE,Combined TRACON& Tower with Radar,57,94,29,1,181,0,1,35,2,38,57,95,64,3,219,226,34,260,479
05/08/2013,ROC,NY,AEA,CE,Combined TRACON& Tower with Radar,51,91,32,0,174,0,0,18,0,18,51,91,50,0,192,188,0,188,380
05/09/2013,ROC,NY,AEA,CE,Combined TRACON& Tower with Radar,53,100,21,4,178,0,1,6,2,9,53,101,27,6,187,100,0,100,287
05/10/2013,ROC,NY,AEA,CE,Combined TRACON& Tower with Radar,51,91,26,0,168,0,1,18,0,19,51,92,44,0,187,126,0,126,313
05/11/2013,ROC,NY,AEA,CE,Combined TRACON& Tower with Radar,40,65,20,0,125,0,0,4,0,4,40,65,24,0,129,54,0,54,183
05/12/2013,ROC,NY,AEA,CE,Combined TRACON& Tower with Radar,42,85,18,0,145,0,0,5,0,5,42,85,23,0,150,60,0,60,210
05/13/2013,ROC,NY,AEA,CE,Combined TRACON& Tower with Radar,49,95,23,0,167,0,0,12,2,14,49,95,35,2,181,104,0,104,285
05/14/2013,ROC,NY,AEA,CE,Combined TRACON& Tower with Radar,56,102,38,2,198,0,0,38,2,40,56,102,76,4,238,132,0,132,370
05/15/2013,ROC,NY,AEA,CE,Combined TRACON& Tower with Radar,51,102,30,0,183,0,1,5,2,8,51,103,35,2,191,0,0,0,191
05/16/2013,ROC,NY,AEA,CE,Combined TRACON& Tower with Radar,57,98,36,7,198,0,7,29,1,37,57,105,65,8,235,0,0,0,235
05/17/2013,ROC,NY,AEA,CE,Combined TRACON& Tower with Radar,54,102,37,3,196,0,2,42,3,47,54,104,79,6,243,192,0,192,435
05/18/2013,ROC,NY,AEA,CE,Combined TRACON& Tower with Radar,34,73,21,0,128,0,0,48,1,49,34,73,69,1,177,110,0,110,287
05/19/2013,ROC,NY,AEA,CE,Combined TRACON& Tower with Radar,43,80,31,1,155,0,3,24,1,28,43,83,55,2,183,108,0,108,291
05/20/2013,ROC,NY,AEA,CE,Combined TRACON& Tower with Radar,51,90,24,0,165,0,0,23,4,27,51,90,47,4,192,66,0,66,258
05/21/2013,ROC,NY,AEA,CE,Combined TRACON& Tower with Radar,56,91,27,0,174,0,2,25,0,27,56,93,52,0,201,108,0,108,309
05/22/2013,ROC,NY,AEA,CE,Combined TRACON& Tower with Radar,54,98,21,0,173,0,1,16,2,19,54,99,37,2,192,60,0,60,252
05/23/2013,ROC,NY,AEA,CE,Combined TRACON& Tower with Radar,52,99,25,0,176,0,0,8,0,8,52,99,33,0,184,0,0,0,184
05/24/2013,ROC,NY,AEA,CE,Combined TRACON& Tower with Radar,58,102,34,0,194,0,0,3,0,3,58,102,37,0,197,8,0,8,205
05/25/2013,ROC,NY,AEA,CE,Combined TRACON& Tower with Radar,36,61,16,0,113,0,0,13,0,13,36,61,29,0,126,110,0,110,236
05/26/2013,ROC,NY,AEA,CE,Combined TRACON& Tower with Radar,41,53,10,0,104,0,2,15,0,17,41,55,25,0,121,0,0,0,121
05/27/2013,ROC,NY,AEA,CE,Combined TRACON& Tower with Radar,44,77,18,0,139,0,2,33,2,37,44,79,51,2,176,158,1,159,335
05/28/2013,ROC,NY,AEA,CE,Combined TRACON& Tower with Radar,48,95,40,0,183,0,0,8,3,11,48,95,48,3,194,66,0,66,260
05/29/2013,ROC,NY,AEA,CE,Combined TRACON& Tower with Radar,53,101,25,4,183,0,0,4,4,8,53,101,29,8,191,0,36,36,227
05/30/2013,ROC,NY,AEA,CE,Combined TRACON& Tower with Radar,53,95,21,3,172,0,2,41,5,48,53,97,62,8,220,34,4,38,258
05/31/2013,ROC,NY,AEA,CE,Combined TRACON& Tower with Radar,50,94,39,0,183,0,1,51,10,62,50,95,90,10,245,324,2,326,571
06/01/2013,ROC,NY,AEA,CE,Combined TRACON& Tower with Radar,37,60,12,1,110,0,5,33,8,46,37,65,45,9,156,0,0,0,156
06/02/2013,ROC,NY,AEA,CE,Combined TRACON& Tower with Radar,43,75,17,2,137,0,1,11,1,13,43,76,28,3,150,26,0,26,176
06/03/2013,ROC,NY,AEA,CE,Combined TRACON& Tower with Radar,52,103,33,0,188,0,3,35,1,39,52,106,68,1,227,98,0,98,325
06/04/2013,ROC,NY,AEA,CE,Combined TRACON& Tower with Radar,57,103,34,0,194,0,4,34,4,42,57,107,68,4,236,16,0,16,252
06/05/2013,ROC,NY,AEA,CE,Combined TRACON& Tower with Radar,53,96,31,0,180,0,0,13,2,15,53,96,44,2,195,150,0,150,345
06/06/2013,ROC,NY,AEA,CE,Combined TRACON& Tower with Radar,56,99,36,0,191,0,0,0,1,1,56,99,36,1,192,0,0,0,192
06/07/2013,ROC,NY,AEA,CE,Combined TRACON& Tower with Radar,57,95,26,2,180,0,0,0,0,0,57,95,26,2,180,0,0,0,180
06/08/2013,ROC,NY,AEA,CE,Combined TRACON& Tower with Radar,40,68,34,0,142,0,0,5,0,5,40,68,39,0,147,128,0,128,275
06/09/2013,ROC,NY,AEA,CE,Combined TRACON& Tower with Radar,45,82,40,0,167,0,4,51,2,57,45,86,91,2,224,182,0,182,406
06/10/2013,ROC,NY,AEA,CE,Combined TRACON& Tower with Radar,48,84,22,0,154,0,0,4,4,8,48,84,26,4,162,0,0,0,162
06/11/2013,ROC,NY,AEA,CE,Combined TRACON& Tower with Radar,60,91,25,2,178,0,0,0,2,2,60,91,25,4,180,0,0,0,180
06/12/2013,ROC,NY,AEA,CE,Combined TRACON& Tower with Radar,58,95,39,0,192,0,6,54,3,63,58,101,93,3,255,225,0,225,480
06/13/2013,ROC,NY,AEA,CE,Combined TRACON& Tower with Radar,58,83,24,0,165,0,1,1,0,2,58,84,25,0,167,0,0,0,167
06/14/2013,ROC,NY,AEA,CE,Combined TRACON& Tower with Radar,58,95,43,0,196,0,1,30,0,31,58,96,73,0,227,104,0,104,331
06/15/2013,ROC,NY,AEA,CE,Combined TRACON& Tower with Radar,46,64,21,0,131,0,26,69,1,96,46,90,90,1,227,166,0,166,393
06/16/2013,ROC,NY,AEA,CE,Combined TRACON& Tower with Radar,49,75,27,0,151,0,0,2,0,2,49,75,29,0,153,14,0,14,167
06/17/2013,ROC,NY,AEA,CE,Combined TRACON& Tower with Radar,46,93,23,0,162,0,0,6,0,6,46,93,29,0,168,70,0,70,238
06/18/2013,ROC,NY,AEA,CE,Combined TRACON& Tower with Radar,61,92,30,0,183,0,9,23,1,33,61,101,53,1,216,136,4,140,356
06/19/2013,ROC,NY,AEA,CE,Combined TRACON& Tower with Radar,65,100,38,0,203,0,3,46,6,55,65,103,84,6,258,200,16,216,474
06/20/2013,ROC,NY,AEA,CE,Combined TRACON& Tower with Radar,61,90,31,1,183,0,2,38,5,45,61,92,69,6,228,170,0,170,398
06/21/2013,ROC,NY,AEA,CE,Combined TRACON& Tower with Radar,60,91,37,0,188,0,3,44,5,52,60,94,81,5,240,0,0,0,240
06/22/2013,ROC,NY,AEA,CE,Combined TRACON& Tower with Radar,49,74,18,0,141,0,2,14,0,16,49,76,32,0,157,0,0,0,157
06/23/2013,ROC,NY,AEA,CE,Combined TRACON& Tower with Radar,45,75,22,1,143,0,1,28,2,31,45,76,50,3,174,46,0,46,220
06/24/2013,ROC,NY,AEA,CE,Combined TRACON& Tower with Radar,51,95,24,0,170,0,1,24,5,30,51,96,48,5,200,52,0,52,252
06/25/2013,ROC,NY,AEA,CE,Combined TRACON& Tower with Radar,59,93,34,0,186,0,0,18,2,20,59,93,52,2,206,54,0,54,260
06/26/2013,ROC,NY,AEA,CE,Combined TRACON& Tower with Radar,62,76,46,0,184,0,1,22,5,28,62,77,68,5,212,220,0,220,432
06/27/2013,ROC,NY,AEA,CE,Combined TRACON& Tower with Radar,63,86,40,0,189,0,0,13,4,17,63,86,53,4,206,70,30,100,306
06/28/2013,ROC,NY,AEA,CE,Combined TRACON& Tower with Radar,58,97,19,0,174,0,0,0,0,0,58,97,19,0,174,0,0,0,174
06/29/2013,ROC,NY,AEA,CE,Combined TRACON& Tower with Radar,57,82,17,0,156,0,7,7,0,14,57,89,24,0,170,54,0,54,224
06/30/2013,ROC,NY,AEA,CE,Combined TRACON& Tower with Radar,50,76,33,0,159,0,1,5,0,6,50,77,38,0,165,0,0,0,165
07/01/2013,ROC,NY,AEA,CE,Combined TRACON& Tower with Radar,27,52,11,0,90,0,0,0,0,0,27,52,11,0,90,70,0,70,160
07/02/2013,ROC,NY,AEA,CE,Combined TRACON& Tower with Radar,59,84,20,0,163,0,1,9,4,14,59,85,29,4,177,0,0,0,177
07/03/2013,ROC,NY,AEA,CE,Combined TRACON& Tower with Radar,61,84,26,0,171,0,2,11,0,13,61,86,37,0,184,96,0,96,280
07/04/2013,ROC,NY,AEA,CE,Combined TRACON& Tower with Radar,41,59,10,0,110,0,0,12,0,12,41,59,22,0,122,0,0,0,122
07/05/2013,ROC,NY,AEA,CE,Combined TRACON& Tower with Radar,48,67,10,0,125,0,0,16,2,18,48,67,26,2,143,178,0,178,321
07/06/2013,ROC,NY,AEA,CE,Combined TRACON& Tower with Radar,43,67,6,0,116,0,2,33,0,35,43,69,39,0,151,84,0,84,235
07/07/2013,ROC,NY,AEA,CE,Combined TRACON& Tower with Radar,43,81,41,0,165,0,1,18,0,19,43,82,59,0,184,110,0,110,294
07/08/2013,ROC,NY,AEA,CE,Combined TRACON& Tower with Radar,50,95,31,2,178,0,0,18,1,19,50,95,49,3,197,110,0,110,307
07/09/2013,ROC,NY,AEA,CE,Combined TRACON& Tower with Radar,56,94,39,14,203,0,0,22,0,22,56,94,61,14,225,164,38,202,427
07/10/2013,ROC,NY,AEA,CE,Combined TRACON& Tower with Radar,55,91,39,0,185,0,0,16,0,16,55,91,55,0,201,0,0,0,201
07/11/2013,ROC,NY,AEA,CE,Combined TRACON& Tower with Radar,61,95,32,1,189,0,3,50,2,55,61,98,82,3,244,130,0,130,374
07/12/2013,ROC,NY,AEA,CE,Combined TRACON& Tower with Radar,55,89,38,0,182,0,1,40,1,42,55,90,78,1,224,84,0,84,308
07/13/2013,ROC,NY,AEA,CE,Combined TRACON& Tower with Radar,40,66,17,0,123,0,2,32,1,35,40,68,49,1,158,6,0,6,164
07/14/2013,ROC,NY,AEA,CE,Combined TRACON& Tower with Radar,46,78,40,2,166,0,3,34,5,42,46,81,74,7,208,44,0,44,252
07/15/2013,ROC,NY,AEA,CE,Combined TRACON& Tower with Radar,53,89,18,2,162,0,4,39,15,58,53,93,57,17,220,132,0,132,352
07/16/2013,ROC,NY,AEA,CE,Combined TRACON& Tower with Radar,58,92,28,3,181,0,5,54,23,82,58,97,82,26,263,84,2,86,349
07/17/2013,ROC,NY,AEA,CE,Combined TRACON& Tower with Radar,57,91,17,0,165,0,1,46,2,49,57,92,63,2,214,54,0,54,268
07/18/2013,ROC,NY,AEA,CE,Combined TRACON& Tower with Radar,58,93,35,0,186,0,0,28,8,36,58,93,63,8,222,96,0,96,318
07/19/2013,ROC,NY,AEA,CE,Combined TRACON& Tower with Radar,52,90,32,0,174,0,4,18,2,24,52,94,50,2,198,24,0,24,222
07/20/2013,ROC,NY,AEA,CE,Combined TRACON& Tower with Radar,47,71,17,2,137,0,2,7,0,9,47,73,24,2,146,0,0,0,146
07/21/2013,ROC,NY,AEA,CE,Combined TRACON& Tower with Radar,45,85,21,0,151,0,0,42,0,42,45,85,63,0,193,120,2,122,315
07/22/2013,ROC,NY,AEA,CE,Combined TRACON& Tower with Radar,51,83,35,0,169,0,3,44,2,49,51,86,79,2,218,102,0,102,320
07/23/2013,ROC,NY,AEA,CE,Combined TRACON& Tower with Radar,56,90,38,0,184,0,0,44,0,44,56,90,82,0,228,72,0,72,300
07/24/2013,ROC,NY,AEA,CE,Combined TRACON& Tower with Radar,61,95,44,0,200,0,0,37,1,38,61,95,81,1,238,30,0,30,268
07/25/2013,ROC,NY,AEA,CE,Combined TRACON& Tower with Radar,57,91,33,2,183,0,0,47,1,48,57,91,80,3,231,38,0,38,269
07/26/2013,ROC,NY,AEA,CE,Combined TRACON& Tower with Radar,57,92,35,0,184,0,2,56,2,60,57,94,91,2,244,152,0,152,396
07/27/2013,ROC,NY,AEA,CE,Combined TRACON& Tower with Radar,43,76,15,0,134,0,0,21,0,21,43,76,36,0,155,198,0,198,353
07/28/2013,ROC,NY,AEA,CE,Combined TRACON& Tower with Radar,45,78,21,0,144,0,0,18,0,18,45,78,39,0,162,0,0,0,162
07/29/2013,ROC,NY,AEA,CE,Combined TRACON& Tower with Radar,54,104,25,0,183,0,0,20,0,20,54,104,45,0,203,152,0,152,355
07/30/2013,ROC,NY,AEA,CE,Combined TRACON& Tower with Radar,59,93,27,1,180,0,2,31,3,36,59,95,58,4,216,92,4,96,312
07/31/2013,ROC,NY,AEA,CE,Combined TRACON& Tower with Radar,61,84,31,0,176,0,2,40,4,46,61,86,71,4,222,60,0,60,282
08/01/2013,ROC,NY,AEA,CE,Combined TRACON& Tower with Radar,59,88,27,0,174,0,0,2,0,2,59,88,29,0,176,0,0,0,176
08/02/2013,ROC,NY,AEA,CE,Combined TRACON& Tower with Radar,58,91,28,0,177,0,1,34,0,35,58,92,62,0,212,36,0,36,248
08/03/2013,ROC,NY,AEA,CE,Combined TRACON& Tower with Radar,41,78,24,2,145,0,0,46,1,47,41,78,70,3,192,43,0,43,235
08/04/2013,ROC,NY,AEA,CE,Combined TRACON& Tower with Radar,45,122,54,0,221,0,1,24,0,25,45,123,78,0,246,44,0,44,290
08/05/2013,ROC,NY,AEA,CE,Combined TRACON& Tower with Radar,55,103,33,1,192,0,2,48,4,54,55,105,81,5,246,70,0,70,316
08/06/2013,ROC,NY,AEA,CE,Combined TRACON& Tower with Radar,58,117,18,2,195,0,0,43,0,43,58,117,61,2,238,62,0,62,300
08/07/2013,ROC,NY,AEA,CE,Combined TRACON& Tower with Radar,56,106,48,1,211,0,2,13,0,15,56,108,61,1,226,16,0,16,242
08/08/2013,ROC,NY,AEA,CE,Combined TRACON& Tower with Radar,57,114,51,0,222,0,0,36,1,37,57,114,87,1,259,88,0,88,347
08/09/2013,ROC,NY,AEA,CE,Combined TRACON& Tower with Radar,54,107,42,0,203,0,0,5,2,7,54,107,47,2,210,0,0,0,210
08/10/2013,ROC,NY,AEA,CE,Combined TRACON& Tower with Radar,45,86,29,0,160,0,1,51,5,57,45,87,80,5,217,64,0,64,281
08/11/2013,ROC,NY,AEA,CE,Combined TRACON& Tower with Radar,50,131,58,0,239,0,4,62,1,67,50,135,120,1,306,24,0,24,330
08/12/2013,ROC,NY,AEA,CE,Combined TRACON& Tower with Radar,49,108,36,0,193,0,2,56,6,64,49,110,92,6,257,201,0,201,458
08/13/2013,ROC,NY,AEA,CE,Combined TRACON& Tower with Radar,58,92,30,0,180,0,0,16,2,18,58,92,46,2,198,14,0,14,212
08/14/2013,ROC,NY,AEA,CE,Combined TRACON& Tower with Radar,56,99,34,0,189,0,0,29,1,30,56,99,63,1,219,22,0,22,241
08/15/2013,ROC,NY,AEA,CE,Combined TRACON& Tower with Radar,63,96,28,0,187,0,3,78,5,86,63,99,106,5,273,20,0,20,293
08/16/2013,ROC,NY,AEA,CE,Combined TRACON& Tower with Radar,57,94,29,0,180,0,2,64,1,67,57,96,93,1,247,0,0,0,247
08/17/2013,ROC,NY,AEA,CE,Combined TRACON& Tower with Radar,48,65,21,2,136,0,3,38,2,43,48,68,59,4,179,176,0,176,355
08/18/2013,ROC,NY,AEA,CE,Combined TRACON& Tower with Radar,44,74,24,0,142,0,0,42,2,44,44,74,66,2,186,10,0,10,196
08/19/2013,ROC,NY,AEA,CE,Combined TRACON& Tower with Radar,53,94,29,19,195,0,2,42,2,46,53,96,71,21,241,16,0,16,257
08/20/2013,ROC,NY,AEA,CE,Combined TRACON& Tower with Radar,64,96,42,2,204,0,0,51,0,51,64,96,93,2,255,0,0,0,255
08/21/2013,ROC,NY,AEA,CE,Combined TRACON& Tower with Radar,60,88,49,1,198,0,0,38,5,43,60,88,87,6,241,127,0,127,368
08/22/2013,ROC,NY,AEA,CE,Combined TRACON& Tower with Radar,63,89,29,1,182,0,4,1,0,5,63,93,30,1,187,0,0,0,187
08/23/2013,ROC,NY,AEA,CE,Combined TRACON& Tower with Radar,63,105,25,0,193,0,1,29,0,30,63,106,54,0,223,160,0,160,383
08/24/2013,ROC,NY,AEA,CE,Combined TRACON& Tower with Radar,51,54,24,0,129,0,6,29,0,35,51,60,53,0,164,0,0,0,164
08/25/2013,ROC,NY,AEA,CE,Combined TRACON& Tower with Radar,51,73,21,0,145,0,1,28,0,29,51,74,49,0,174,59,0,59,233
08/26/2013,ROC,NY,AEA,CE,Combined TRACON& Tower with Radar,58,84,13,2,157,0,0,5,0,5,58,84,18,2,162,0,0,0,162
08/27/2013,ROC,NY,AEA,CE,Combined TRACON& Tower with Radar,62,102,22,1,187,0,0,17,6,23,62,102,39,7,210,50,0,50,260
08/28/2013,ROC,NY,AEA,CE,Combined TRACON& Tower with Radar,59,87,23,5,174,0,0,21,2,23,59,87,44,7,197,178,0,178,375
08/29/2013,ROC,NY,AEA,CE,Combined TRACON& Tower with Radar,63,103,30,0,196,0,1,32,4,37,63,104,62,4,233,36,0,36,269
08/30/2013,ROC,NY,AEA,CE,Combined TRACON& Tower with Radar,56,84,31,1,172,0,0,38,1,39,56,84,69,2,211,30,0,30,241
08/31/2013,ROC,NY,AEA,CE,Combined TRACON& Tower with Radar,39,58,16,0,113,0,0,2,0,2,39,58,18,0,115,62,0,62,177
09/01/2013,ROC,NY,AEA,CE,Combined TRACON& Tower with Radar,41,49,14,0,104,0,0,10,0,10,41,49,24,0,114,0,0,0,114
09/02/2013,ROC,NY,AEA,CE,Combined TRACON& Tower with Radar,44,66,11,0,121,0,1,5,0,6,44,67,16,0,127,38,0,38,165
09/03/2013,ROC,NY,AEA,CE,Combined TRACON& Tower with Radar,55,82,18,6,161,0,0,19,6,25,55,82,37,12,186,0,0,0,186
09/04/2013,ROC,NY,AEA,CE,Combined TRACON& Tower with Radar,57,85,28,0,170,0,0,46,2,48,57,85,74,2,218,92,4,96,314
09/05/2013,ROC,NY,AEA,CE,Combined TRACON& Tower with Radar,56,87,41,0,184,0,0,31,0,31,56,87,72,0,215,14,0,14,229
09/06/2013,ROC,NY,AEA,CE,Combined TRACON& Tower with Radar,56,87,12,0,155,0,0,53,1,54,56,87,65,1,209,30,0,30,239
09/07/2013,ROC,NY,AEA,CE,Combined TRACON& Tower with Radar,38,50,17,0,105,0,0,22,4,26,38,50,39,4,131,40,0,40,171
09/08/2013,ROC,NY,AEA,CE,Combined TRACON& Tower with Radar,51,67,20,0,138,0,0,30,2,32,51,67,50,2,170,102,0,102,272
09/09/2013,ROC,NY,AEA,CE,Combined TRACON& Tower with Radar,52,82,35,1,170,0,2,42,3,47,52,84,77,4,217,200,0,200,417
09/10/2013,ROC,NY,AEA,CE,Combined TRACON& Tower with Radar,59,83,41,3,186,0,1,14,3,18,59,84,55,6,204,52,0,52,256
09/11/2013,ROC,NY,AEA,CE,Combined TRACON& Tower with Radar,55,95,28,0,178,0,3,19,3,25,55,98,47,3,203,158,0,158,361
09/12/2013,ROC,NY,AEA,CE,Combined TRACON& Tower with Radar,54,83,39,2,178,0,0,9,2,11,54,83,48,4,189,0,0,0,189
09/13/2013,ROC,NY,AEA,CE,Combined TRACON& Tower with Radar,63,77,36,0,176,0,0,0,0,0,63,77,36,0,176,0,0,0,176
09/14/2013,ROC,NY,AEA,CE,Combined TRACON& Tower with Radar,37,50,16,0,103,0,2,52,0,54,37,52,68,0,157,188,0,188,345
09/15/2013,ROC,NY,AEA,CE,Combined TRACON& Tower with Radar,54,71,31,1,157,0,0,62,1,63,54,71,93,2,220,0,0,0,220
09/16/2013,ROC,NY,AEA,CE,Combined TRACON& Tower with Radar,53,81,28,0,162,0,0,5,2,7,53,81,33,2,169,0,0,0,169
09/17/2013,ROC,NY,AEA,CE,Combined TRACON& Tower with Radar,62,84,20,2,168,0,0,41,2,43,62,84,61,4,211,18,0,18,229
09/18/2013,ROC,NY,AEA,CE,Combined TRACON& Tower with Radar,57,81,32,4,174,0,0,59,4,63,57,81,91,8,237,84,0,84,321
09/19/2013,ROC,NY,AEA,CE,Combined TRACON& Tower with Radar,58,84,36,0,178,0,0,47,5,52,58,84,83,5,230,0,0,0,230
09/20/2013,ROC,NY,AEA,CE,Combined TRACON& Tower with Radar,59,82,40,1,182,0,0,48,1,49,59,82,88,2,231,0,0,0,231
09/21/2013,ROC,NY,AEA,CE,Combined TRACON& Tower with Radar,38,52,16,0,106,0,0,0,0,0,38,52,16,0,106,0,0,0,106
09/22/2013,ROC,NY,AEA,CE,Combined TRACON& Tower with Radar,52,67,31,0,150,0,0,24,0,24,52,67,55,0,174,72,0,72,246
09/23/2013,ROC,NY,AEA,CE,Combined TRACON& Tower with Radar,53,85,38,0,176,0,1,39,2,42,53,86,77,2,218,38,0,38,256
09/24/2013,ROC,NY,AEA,CE,Combined TRACON& Tower with Radar,57,80,31,0,168,0,3,61,0,64,57,83,92,0,232,78,0,78,310
09/25/2013,ROC,NY,AEA,CE,Combined TRACON& Tower with Radar,61,78,24,0,163,0,3,70,3,76,61,81,94,3,239,110,0,110,349
09/26/2013,ROC,NY,AEA,CE,Combined TRACON& Tower with Radar,60,91,48,0,199,0,1,69,2,72,60,92,117,2,271,178,0,178,449
09/27/2013,ROC,NY,AEA,CE,Combined TRACON& Tower with Radar,60,81,50,0,191,0,1,39,2,42,60,82,89,2,233,188,0,188,421
09/28/2013,ROC,NY,AEA,CE,Combined TRACON& Tower with Radar,38,50,34,0,122,0,2,57,0,59,38,52,91,0,181,142,0,142,323
09/29/2013,ROC,NY,AEA,CE,Combined TRACON& Tower with Radar,53,62,27,0,142,0,0,41,0,41,53,62,68,0,183,0,0,0,183
09/30/2013,ROC,NY,AEA,CE,Combined TRACON& Tower with Radar,55,81,30,0,166,0,2,42,4,48,55,83,72,4,214,141,0,141,355
10/01/2013,ROC,NY,AEA,CE,Combined TRACON& Tower with Radar,60,82,23,0,165,0,1,25,0,26,60,83,48,0,191,0,0,0,191
10/02/2013,ROC,NY,AEA,CE,Combined TRACON& Tower with Radar,60,87,41,0,188,0,1,28,0,29,60,88,69,0,217,62,0,62,279
10/03/2013,ROC,NY,AEA,CE,Combined TRACON& Tower with Radar,59,83,43,0,185,0,1,60,0,61,59,84,103,0,246,184,0,184,430
10/04/2013,ROC,NY,AEA,CE,Combined TRACON& Tower with Radar,64,84,29,0,177,0,0,0,0,0,64,84,29,0,177,0,0,0,177
10/05/2013,ROC,NY,AEA,CE,Combined TRACON& Tower with Radar,38,51,15,0,104,0,0,3,0,3,38,51,18,0,107,0,0,0,107
10/06/2013,ROC,NY,AEA,CE,Combined TRACON& Tower with Radar,54,66,15,0,135,0,0,5,0,5,54,66,20,0,140,0,0,0,140
10/07/2013,ROC,NY,AEA,CE,Combined TRACON& Tower with Radar,54,81,27,0,162,0,0,0,0,0,54,81,27,0,162,0,0,0,162
10/08/2013,ROC,NY,AEA,CE,Combined TRACON& Tower with Radar,60,82,29,0,171,0,0,53,2,55,60,82,82,2,226,100,0,100,326
10/09/2013,ROC,NY,AEA,CE,Combined TRACON& Tower with Radar,63,90,27,0,180,0,0,26,1,27,63,90,53,1,207,124,0,124,331
10/10/2013,ROC,NY,AEA,CE,Combined TRACON& Tower with Radar,58,98,35,0,191,0,1,29,0,30,58,99,64,0,221,284,0,284,505
10/11/2013,ROC,NY,AEA,CE,Combined TRACON& Tower with Radar,59,83,21,0,163,0,1,33,0,34,59,84,54,0,197,74,0,74,271
10/12/2013,ROC,NY,AEA,CE,Combined TRACON& Tower with Radar,40,58,32,0,130,0,1,59,0,60,40,59,91,0,190,34,0,34,224
10/13/2013,ROC,NY,AEA,CE,Combined TRACON& Tower with Radar,53,83,26,0,162,0,0,30,0,30,53,83,56,0,192,76,0,76,268
10/14/2013,ROC,NY,AEA,CE,Combined TRACON& Tower with Radar,54,77,32,0,163,0,0,18,0,18,54,77,50,0,181,0,0,0,181
10/15/2013,ROC,NY,AEA,CE,Combined TRACON& Tower with Radar,61,80,23,0,164,0,1,33,0,34,61,81,56,0,198,252,0,252,450
10/16/2013,ROC,NY,AEA,CE,Combined TRACON& Tower with Radar,61,82,38,1,182,0,1,8,1,10,61,83,46,2,192,62,0,62,254
10/17/2013,ROC,NY,AEA,CE,Combined TRACON& Tower with Radar,60,78,29,0,167,0,0,25,2,27,60,78,54,2,194,126,0,126,320
10/18/2013,ROC,NY,AEA,CE,Combined TRACON& Tower with Radar,58,85,37,0,180,0,0,26,0,26,58,85,63,0,206,0,0,0,206
10/19/2013,ROC,NY,AEA,CE,Combined TRACON& Tower with Radar,39,54,17,0,110,0,2,28,0,30,39,56,45,0,140,114,0,114,254
10/20/2013,ROC,NY,AEA,CE,Combined TRACON& Tower with Radar,58,63,23,0,144,0,0,11,0,11,58,63,34,0,155,0,0,0,155
10/21/2013,ROC,NY,AEA,CE,Combined TRACON& Tower with Radar,54,77,26,0,157,0,0,25,0,25,54,77,51,0,182,184,0,184,366
10/22/2013,ROC,NY,AEA,CE,Combined TRACON& Tower with Radar,62,84,32,0,178,0,2,11,0,13,62,86,43,0,191,0,0,0,191
10/23/2013,ROC,NY,AEA,CE,Combined TRACON& Tower with Radar,60,82,32,0,174,0,0,17,0,17,60,82,49,0,191,0,0,0,191
10/24/2013,ROC,NY,AEA,CE,Combined TRACON& Tower with Radar,58,90,44,0,192,0,0,6,2,8,58,90,50,2,200,116,0,116,316
10/25/2013,ROC,NY,AEA,CE,Combined TRACON& Tower with Radar,60,93,28,0,181,0,0,21,0,21,60,93,49,0,202,0,0,0,202
10/26/2013,ROC,NY,AEA,CE,Combined TRACON& Tower with Radar,40,57,17,0,114,0,0,0,0,0,40,57,17,0,114,96,0,96,210
10/27/2013,ROC,NY,AEA,CE,Combined TRACON& Tower with Radar,55,58,22,0,135,0,1,29,0,30,55,59,51,0,165,58,0,58,223
10/28/2013,ROC,NY,AEA,CE,Combined TRACON& Tower with Radar,55,78,22,0,155,0,0,27,0,27,55,78,49,0,182,0,0,0,182
10/29/2013,ROC,NY,AEA,CE,Combined TRACON& Tower with Radar,60,81,31,2,174,0,1,73,7,81,60,82,104,9,255,214,6,220,475
10/30/2013,ROC,NY,AEA,CE,Combined TRACON& Tower with Radar,62,83,46,4,195,0,0,41,2,43,62,83,87,6,238,72,0,72,310
10/31/2013,ROC,NY,AEA,CE,Combined TRACON& Tower with Radar,56,80,28,4,168,0,1,6,0,7,56,81,34,4,175,0,0,0,175
11/01/2013,ROC,NY,AEA,CE,Combined TRACON& Tower with Radar,63,81,17,0,161,0,0,1,0,1,63,81,18,0,162,0,0,0,162
11/02/2013,ROC,NY,AEA,CE,Combined TRACON& Tower with Radar,40,61,20,1,122,0,1,4,3,8,40,62,24,4,130,46,6,52,182
11/03/2013,ROC,NY,AEA,CE,Combined TRACON& Tower with Radar,52,65,21,0,138,0,1,44,0,45,52,66,65,0,183,106,0,106,289
11/04/2013,ROC,NY,AEA,CE,Combined TRACON& Tower with Radar,49,78,26,0,153,0,2,41,2,45,49,80,67,2,198,174,0,174,372
11/05/2013,ROC,NY,AEA,CE,Combined TRACON& Tower with Radar,54,80,28,1,163,0,0,33,5,38,54,80,61,6,201,84,0,84,285
11/06/2013,ROC,NY,AEA,CE,Combined TRACON& Tower with Radar,56,86,26,2,170,0,0,17,4,21,56,86,43,6,191,30,0,30,221
11/07/2013,ROC,NY,AEA,CE,Combined TRACON& Tower with Radar,56,94,39,4,193,0,0,2,3,5,56,94,41,7,198,34,0,34,232
11/08/2013,ROC,NY,AEA,CE,Combined TRACON& Tower with Radar,54,95,17,0,166,0,0,7,0,7,54,95,24,0,173,24,0,24,197
11/09/2013,ROC,NY,AEA,CE,Combined TRACON& Tower with Radar,38,59,11,0,108,0,3,12,0,15,38,62,23,0,123,0,0,0,123
11/10/2013,ROC,NY,AEA,CE,Combined TRACON& Tower with Radar,45,73,13,1,132,0,0,3,1,4,45,73,16,2,136,0,0,0,136
11/11/2013,ROC,NY,AEA,CE,Combined TRACON& Tower with Radar,47,86,17,0,150,0,0,16,0,16,47,86,33,0,166,96,4,100,266
11/12/2013,ROC,NY,AEA,CE,Combined TRACON& Tower with Radar,53,88,25,0,166,0,0,2,2,4,53,88,27,2,170,22,0,22,192
11/13/2013,ROC,NY,AEA,CE,Combined TRACON& Tower with Radar,54,89,31,9,183,0,0,47,17,64,54,89,78,26,247,186,14,200,447
11/14/2013,ROC,NY,AEA,CE,Combined TRACON& Tower with Radar,54,90,37,0,181,0,1,18,2,21,54,91,55,2,202,72,28,100,302
11/15/2013,ROC,NY,AEA,CE,Combined TRACON& Tower with Radar,55,85,48,0,188,0,1,44,2,47,55,86,92,2,235,180,0,180,415
11/16/2013,ROC,NY,AEA,CE,Combined TRACON& Tower with Radar,36,58,34,0,128,0,1,63,2,66,36,59,97,2,194,180,2,182,376
11/17/2013,ROC,NY,AEA,CE,Combined TRACON& Tower with Radar,47,64,19,0,130,0,0,0,0,0,47,64,19,0,130,0,0,0,130
11/18/2013,ROC,NY,AEA,CE,Combined TRACON& Tower with Radar,51,92,18,0,161,0,0,2,2,4,51,92,20,2,165,40,0,40,205
11/19/2013,ROC,NY,AEA,CE,Combined TRACON& Tower with Radar,53,89,25,0,167,0,0,13,2,15,53,89,38,2,182,108,10,118,300
11/20/2013,ROC,NY,AEA,CE,Combined TRACON& Tower with Radar,52,86,23,5,166,0,1,54,4,59,52,87,77,9,225,130,28,158,383
11/21/2013,ROC,NY,AEA,CE,Combined TRACON& Tower with Radar,52,99,27,1,179,0,2,32,1,35,52,101,59,2,214,0,0,0,214
11/22/2013,ROC,NY,AEA,CE,Combined TRACON& Tower with Radar,51,87,24,0,162,0,0,0,0,0,51,87,24,0,162,0,0,0,162
11/23/2013,ROC,NY,AEA,CE,Combined TRACON& Tower with Radar,35,58,23,0,116,0,1,11,0,12,35,59,34,0,128,36,0,36,164
11/24/2013,ROC,NY,AEA,CE,Combined TRACON& Tower with Radar,40,74,5,0,119,0,0,0,0,0,40,74,5,0,119,0,0,0,119
11/25/2013,ROC,NY,AEA,CE,Combined TRACON& Tower with Radar,43,85,37,0,165,0,0,31,10,41,43,85,68,10,206,29,12,41,247
11/26/2013,ROC,NY,AEA,CE,Combined TRACON& Tower with Radar,49,80,29,0,158,0,0,7,4,11,49,80,36,4,169,76,4,80,249
11/27/2013,ROC,NY,AEA,CE,Combined TRACON& Tower with Radar,53,93,12,0,158,0,0,0,0,0,53,93,12,0,158,0,0,0,158
11/28/2013,ROC,NY,AEA,CE,Combined TRACON& Tower with Radar,34,43,9,0,86,0,1,0,0,1,34,44,9,0,87,0,0,0,87
11/29/2013,ROC,NY,AEA,CE,Combined TRACON& Tower with Radar,39,44,14,0,97,0,0,18,0,18,39,44,32,0,115,6,0,6,121
11/30/2013,ROC,NY,AEA,CE,Combined TRACON& Tower with Radar,40,80,20,0,140,0,1,16,0,17,40,81,36,0,157,40,0,40,197
12/01/2013,ROC,NY,AEA,CE,Combined TRACON& Tower with Radar,52,87,38,0,177,0,0,8,0,8,52,87,46,0,185,8,0,8,193
12/02/2013,ROC,NY,AEA,CE,Combined TRACON& Tower with Radar,48,89,30,0,167,0,0,12,2,14,48,89,42,2,181,66,0,66,247
12/03/2013,ROC,NY,AEA,CE,Combined TRACON& Tower with Radar,52,90,24,2,168,0,2,35,0,37,52,92,59,2,205,164,0,164,369
12/04/2013,ROC,NY,AEA,CE,Combined TRACON& Tower with Radar,56,84,61,5,206,0,0,19,5,24,56,84,80,10,230,86,2,88,318
12/05/2013,ROC,NY,AEA,CE,Combined TRACON& Tower with Radar,51,86,32,2,171,0,0,6,11,17,51,86,38,13,188,8,0,8,196
12/06/2013,ROC,NY,AEA,CE,Combined TRACON& Tower with Radar,57,81,29,3,170,0,2,11,5,18,57,83,40,8,188,30,0,30,218
12/07/2013,ROC,NY,AEA,CE,Combined TRACON& Tower with Radar,37,47,26,6,116,0,0,32,3,35,37,47,58,9,151,42,4,46,197
12/08/2013,ROC,NY,AEA,CE,Combined TRACON& Tower with Radar,42,46,12,0,100,0,0,42,0,42,42,46,54,0,142,0,0,0,142
12/09/2013,ROC,NY,AEA,CE,Combined TRACON& Tower with Radar,52,65,19,0,136,0,0,2,2,4,52,65,21,2,140,0,0,0,140
12/10/2013,ROC,NY,AEA,CE,Combined TRACON& Tower with Radar,51,75,24,0,150,0,0,11,4,15,51,75,35,4,165,86,0,86,251
12/11/2013,ROC,NY,AEA,CE,Combined TRACON& Tower with Radar,58,87,24,0,169,0,2,1,2,5,58,89,25,2,174,0,0,0,174
12/12/2013,ROC,NY,AEA,CE,Combined TRACON& Tower with Radar,56,80,20,0,156,0,0,4,2,6,56,80,24,2,162,0,0,0,162
12/13/2013,ROC,NY,AEA,CE,Combined TRACON& Tower with Radar,60,82,12,2,156,0,0,1,0,1,60,82,13,2,157,0,0,0,157
12/14/2013,ROC,NY,AEA,CE,Combined TRACON& Tower with Radar,32,39,11,0,82,0,0,0,0,0,32,39,11,0,82,0,0,0,82
12/15/2013,ROC,NY,AEA,CE,Combined TRACON& Tower with Radar,50,62,11,0,123,0,0,0,0,0,50,62,11,0,123,0,0,0,123
12/16/2013,ROC,NY,AEA,CE,Combined TRACON& Tower with Radar,50,90,32,1,173,0,0,1,1,2,50,90,33,2,175,0,0,0,175
12/17/2013,ROC,NY,AEA,CE,Combined TRACON& Tower with Radar,52,77,30,6,165,0,0,1,1,2,52,77,31,7,167,46,8,54,221
12/18/2013,ROC,NY,AEA,CE,Combined TRACON& Tower with Radar,58,90,35,9,192,0,2,8,13,23,58,92,43,22,215,0,0,0,215
12/19/2013,ROC,NY,AEA,CE,Combined TRACON& Tower with Radar,56,89,31,4,180,0,0,23,8,31,56,89,54,12,211,91,48,139,350
12/20/2013,ROC,NY,AEA,CE,Combined TRACON& Tower with Radar,58,83,22,1,164,0,0,2,3,5,58,83,24,4,169,42,6,48,217
12/21/2013,ROC,NY,AEA,CE,Combined TRACON& Tower with Radar,52,72,14,0,138,0,0,0,0,0,52,72,14,0,138,0,0,0,138
12/22/2013,ROC,NY,AEA,CE,Combined TRACON& Tower with Radar,47,58,12,0,117,0,0,0,0,0,47,58,12,0,117,0,0,0,117
12/23/2013,ROC,NY,AEA,CE,Combined TRACON& Tower with Radar,55,77,24,0,156,0,0,3,0,3,55,77,27,0,159,22,0,22,181
12/24/2013,ROC,NY,AEA,CE,Combined TRACON& Tower with Radar,45,50,3,0,98,0,0,0,0,0,45,50,3,0,98,0,0,0,98
12/25/2013,ROC,NY,AEA,CE,Combined TRACON& Tower with Radar,36,40,4,0,80,0,0,5,0,5,36,40,9,0,85,92,0,92,177
12/26/2013,ROC,NY,AEA,CE,Combined TRACON& Tower with Radar,47,84,34,0,165,0,0,2,0,2,47,84,36,0,167,0,0,0,167
12/27/2013,ROC,NY,AEA,CE,Combined TRACON& Tower with Radar,51,83,17,0,151,0,1,7,0,8,51,84,24,0,159,60,0,60,219
12/28/2013,ROC,NY,AEA,CE,Combined TRACON& Tower with Radar,39,72,33,0,144,0,0,22,0,22,39,72,55,0,166,102,0,102,268
12/29/2013,ROC,NY,AEA,CE,Combined TRACON& Tower with Radar,44,52,10,0,106,0,1,6,0,7,44,53,16,0,113,84,0,84,197
12/30/2013,ROC,NY,AEA,CE,Combined TRACON& Tower with Radar,44,82,3,1,130,0,0,0,0,0,44,82,3,1,130,20,0,20,150
12/31/2013,ROC,NY,AEA,CE,Combined TRACON& Tower with Radar,45,64,13,1,123,0,0,1,1,2,45,64,14,2,125,22,0,22,147
01/01/2014,ROC,NY,AEA,CE,Combined TRACON& Tower with Radar,32,49,0,0,81,0,2,2,0,4,32,51,2,0,85,60,0,60,145
01/02/2014,ROC,NY,AEA,CE,Combined TRACON& Tower with Radar,31,50,1,0,82,0,0,0,0,0,31,50,1,0,82,0,0,0,82
01/03/2014,ROC,NY,AEA,CE,Combined TRACON& Tower with Radar,43,65,16,0,124,0,0,0,1,1,43,65,16,1,125,0,0,0,125
01/04/2014,ROC,NY,AEA,CE,Combined TRACON& Tower with Radar,34,63,15,0,112,0,4,9,2,15,34,67,24,2,127,0,0,0,127
01/05/2014,ROC,NY,AEA,CE,Combined TRACON& Tower with Radar,38,43,8,1,90,0,0,15,0,15,38,43,23,1,105,58,0,58,163
01/06/2014,ROC,NY,AEA,CE,Combined TRACON& Tower with Radar,40,51,6,0,97,0,0,0,0,0,40,51,6,0,97,0,0,0,97
01/07/2014,ROC,NY,AEA,CE,Combined TRACON& Tower with Radar,35,42,14,0,91,0,0,0,0,0,35,42,14,0,91,0,0,0,91
01/08/2014,ROC,NY,AEA,CE,Combined TRACON& Tower with Radar,57,66,23,0,146,0,0,9,7,16,57,66,32,7,162,194,32,226,388
01/09/2014,ROC,NY,AEA,CE,Combined TRACON& Tower with Radar,57,73,30,3,163,0,1,16,13,30,57,74,46,16,193,66,2,68,261
01/10/2014,ROC,NY,AEA,CE,Combined TRACON& Tower with Radar,54,65,14,2,135,0,0,5,12,17,54,65,19,14,152,168,48,216,368
01/11/2014,ROC,NY,AEA,CE,Combined TRACON& Tower with Radar,44,31,9,17,101,0,0,0,9,9,44,31,9,26,110,52,106,158,268
01/12/2014,ROC,NY,AEA,CE,Combined TRACON& Tower with Radar,46,61,7,0,114,0,0,1,1,2,46,61,8,1,116,0,0,0,116
01/13/2014,ROC,NY,AEA,CE,Combined TRACON& Tower with Radar,50,82,25,0,157,0,2,31,0,33,50,84,56,0,190,148,0,148,338
01/14/2014,ROC,NY,AEA,CE,Combined TRACON& Tower with Radar,52,79,26,8,165,0,0,2,4,6,52,79,28,12,171,128,10,138,309
01/15/2014,ROC,NY,AEA,CE,Combined TRACON& Tower with Radar,57,63,18,0,138,0,1,4,4,9,57,64,22,4,147,0,0,0,147
01/16/2014,ROC,NY,AEA,CE,Combined TRACON& Tower with Radar,56,75,34,0,165,0,2,40,3,45,56,77,74,3,210,246,26,272,482
01/17/2014,ROC,NY,AEA,CE,Combined TRACON& Tower with Radar,55,74,35,0,164,0,0,8,1,9,55,74,43,1,173,104,0,104,277
01/18/2014,ROC,NY,AEA,CE,Combined TRACON& Tower with Radar,40,35,4,0,79,0,0,0,0,0,40,35,4,0,79,76,0,76,155
01/19/2014,ROC,NY,AEA,CE,Combined TRACON& Tower with Radar,42,52,11,0,105,0,0,3,0,3,42,52,14,0,108,6,0,6,114
01/20/2014,ROC,NY,AEA,CE,Combined TRACON& Tower with Radar,48,74,15,0,137,0,0,1,0,1,48,74,16,0,138,0,0,0,138
01/21/2014,ROC,NY,AEA,CE,Combined TRACON& Tower with Radar,44,55,20,0,119,0,1,0,0,1,44,56,20,0,120,24,0,24,144
01/22/2014,ROC,NY,AEA,CE,Combined TRACON& Tower with Radar,51,59,27,5,142,0,0,2,5,7,51,59,29,10,149,60,8,68,217
01/23/2014,ROC,NY,AEA,CE,Combined TRACON& Tower with Radar,58,80,33,9,180,0,0,5,1,6,58,80,38,10,186,0,0,0,186
01/24/2014,ROC,NY,AEA,CE,Combined TRACON& Tower with Radar,52,75,20,0,147,0,0,15,0,15,52,75,35,0,162,40,0,40,202
01/25/2014,ROC,NY,AEA,CE,Combined TRACON& Tower with Radar,43,42,7,0,92,0,0,0,0,0,43,42,7,0,92,0,0,0,92
01/26/2014,ROC,NY,AEA,CE,Combined TRACON& Tower with Radar,44,63,11,0,118,0,0,10,0,10,44,63,21,0,128,0,0,0,128
01/27/2014,ROC,NY,AEA,CE,Combined TRACON& Tower with Radar,51,69,13,0,133,0,0,1,0,1,51,69,14,0,134,0,0,0,134
01/28/2014,ROC,NY,AEA,CE,Combined TRACON& Tower with Radar,47,69,18,4,138,0,0,10,3,13,47,69,28,7,151,0,0,0,151
01/29/2014,ROC,NY,AEA,CE,Combined TRACON& Tower with Radar,51,67,15,7,140,0,0,9,8,17,51,67,24,15,157,52,30,82,239
01/30/2014,ROC,NY,AEA,CE,Combined TRACON& Tower with Radar,50,68,31,0,149,0,2,31,4,37,50,70,62,4,186,106,11,117,303
01/31/2014,ROC,NY,AEA,CE,Combined TRACON& Tower with Radar,47,77,27,0,151,0,1,19,0,20,47,78,46,0,171,163,4,167,338
02/01/2014,ROC,NY,AEA,CE,Combined TRACON& Tower with Radar,37,39,11,0,87,0,0,3,0,3,37,39,14,0,90,0,0,0,90
02/02/2014,ROC,NY,AEA,CE,Combined TRACON& Tower with Radar,42,48,16,0,106,0,0,2,0,2,42,48,18,0,108,32,0,32,140
02/03/2014,ROC,NY,AEA,CE,Combined TRACON& Tower with Radar,41,52,24,0,117,0,0,26,0,26,41,52,50,0,143,132,0,132,275
02/04/2014,ROC,NY,AEA,CE,Combined TRACON& Tower with Radar,48,69,25,4,146,0,0,17,8,25,48,69,42,12,171,232,0,232,403
02/05/2014,ROC,NY,AEA,CE,Combined TRACON& Tower with Radar,40,39,11,10,100,0,0,0,0,0,40,39,11,10,100,0,0,0,100
02/06/2014,ROC,NY,AEA,CE,Combined TRACON& Tower with Radar,55,76,33,3,167,0,0,9,7,16,55,76,42,10,183,41,0,41,224
02/07/2014,ROC,NY,AEA,CE,Combined TRACON& Tower with Radar,56,70,17,2,145,0,1,8,3,12,56,71,25,5,157,78,0,78,235
02/08/2014,ROC,NY,AEA,CE,Combined TRACON& Tower with Radar,42,38,16,0,96,0,0,28,0,28,42,38,44,0,124,88,0,88,212
02/09/2014,ROC,NY,AEA,CE,Combined TRACON& Tower with Radar,44,58,11,0,113,0,0,1,0,1,44,58,12,0,114,0,0,0,114
02/10/2014,ROC,NY,AEA,CE,Combined TRACON& Tower with Radar,51,75,18,0,144,0,0,1,0,1,51,75,19,0,145,0,0,0,145
02/11/2014,ROC,NY,AEA,CE,Combined TRACON& Tower with Radar,52,71,29,1,153,0,0,1,2,3,52,71,30,3,156,118,0,118,274
02/12/2014,ROC,NY,AEA,CE,Combined TRACON& Tower with Radar,53,74,25,5,157,0,0,29,9,38,53,74,54,14,195,106,20,126,321
02/13/2014,ROC,NY,AEA,CE,Combined TRACON& Tower with Radar,39,52,11,2,104,0,1,7,4,12,39,53,18,6,116,14,9,23,139
02/14/2014,ROC,NY,AEA,CE,Combined TRACON& Tower with Radar,57,89,26,0,172,0,0,2,0,2,57,89,28,0,174,0,0,0,174
02/15/2014,ROC,NY,AEA,CE,Combined TRACON& Tower with Radar,43,47,14,0,104,0,0,1,0,1,43,47,15,0,105,32,0,32,137
02/16/2014,ROC,NY,AEA,CE,Combined TRACON& Tower with Radar,50,59,14,0,123,0,0,0,0,0,50,59,14,0,123,0,0,0,123
02/17/2014,ROC,NY,AEA,CE,Combined TRACON& Tower with Radar,54,69,27,0,150,0,1,37,0,38,54,70,64,0,188,66,0,66,254
02/18/2014,ROC,NY,AEA,CE,Combined TRACON& Tower with Radar,59,76,14,0,149,0,1,0,0,1,59,77,14,0,150,0,0,0,150
02/19/2014,ROC,NY,AEA,CE,Combined TRACON& Tower with Radar,61,79,17,2,159,0,0,20,8,28,61,79,37,10,187,90,0,90,277
02/20/2014,ROC,NY,AEA,CE,Combined TRACON& Tower with Radar,63,84,18,0,165,0,1,10,8,19,63,85,28,8,184,171,8,179,363
02/21/2014,ROC,NY,AEA,CE,Combined TRACON& Tower with Radar,70,66,16,0,152,0,1,1,0,2,70,67,17,0,154,52,0,52,206
02/22/2014,ROC,NY,AEA,CE,Combined TRACON& Tower with Radar,46,64,14,0,124,0,1,4,0,5,46,65,18,0,129,60,0,60,189
02/23/2014,ROC,NY,AEA,CE,Combined TRACON& Tower with Radar,59,66,27,0,152,0,1,15,0,16,59,67,42,0,168,132,0,132,300
02/24/2014,ROC,NY,AEA,CE,Combined TRACON& Tower with Radar,58,84,14,0,156,0,1,0,0,1,58,85,14,0,157,78,0,78,235
02/25/2014,ROC,NY,AEA,CE,Combined TRACON& Tower with Radar,68,81,30,0,179,0,0,4,2,6,68,81,34,2,185,0,0,0,185
02/26/2014,ROC,NY,AEA,CE,Combined TRACON& Tower with Radar,61,84,29,2,176,0,4,6,8,18,61,88,35,10,194,0,8,8,202
02/27/2014,ROC,NY,AEA,CE,Combined TRACON& Tower with Radar,63,90,28,2,183,0,0,0,0,0,63,90,28,2,183,0,0,0,183
02/28/2014,ROC,NY,AEA,CE,Combined TRACON& Tower with Radar,63,80,22,0,165,0,1,32,3,36,63,81,54,3,201,186,26,212,413
03/01/2014,ROC,NY,AEA,CE,Combined TRACON& Tower with Radar,44,59,21,0,124,0,0,24,0,24,44,59,45,0,148,114,32,146,294
03/02/2014,ROC,NY,AEA,CE,Combined TRACON& Tower with Radar,52,57,16,0,125,0,0,2,0,2,52,57,18,0,127,27,0,27,154
03/03/2014,ROC,NY,AEA,CE,Combined TRACON& Tower with Radar,44,78,18,0,140,0,2,2,2,6,44,80,20,2,146,72,18,90,236
03/04/2014,ROC,NY,AEA,CE,Combined TRACON& Tower with Radar,59,77,29,2,167,0,2,14,2,18,59,79,43,4,185,84,0,84,269
03/05/2014,ROC,NY,AEA,CE,Combined TRACON& Tower with Radar,57,77,21,3,158,0,0,0,3,3,57,77,21,6,161,0,0,0,161
03/06/2014,ROC,NY,AEA,CE,Combined TRACON& Tower with Radar,57,97,25,2,181,0,1,26,10,37,57,98,51,12,218,132,18,150,368
03/07/2014,ROC,NY,AEA,CE,Combined TRACON& Tower with Radar,54,92,27,2,175,0,0,47,14,61,54,92,74,16,236,108,8,116,352
03/08/2014,ROC,NY,AEA,CE,Combined TRACON& Tower with Radar,39,51,9,0,99,0,2,8,2,12,39,53,17,2,111,64,6,70,181
03/09/2014,ROC,NY,AEA,CE,Combined TRACON& Tower with Radar,57,65,29,0,151,0,0,21,0,21,57,65,50,0,172,4,0,4,176
03/10/2014,ROC,NY,AEA,CE,Combined TRACON& Tower with Radar,52,85,23,0,160,0,0,1,5,6,52,85,24,5,166,140,0,140,306
03/11/2014,ROC,NY,AEA,CE,Combined TRACON& Tower with Radar,59,90,30,1,180,0,2,35,1,38,59,92,65,2,218,148,0,148,366
03/12/2014,ROC,NY,AEA,CE,Combined TRACON& Tower with Radar,16,12,2,0,30,0,0,0,0,0,16,12,2,0,30,0,0,0,30
03/13/2014,ROC,NY,AEA,CE,Combined TRACON& Tower with Radar,49,84,24,0,157,0,1,4,2,7,49,85,28,2,164,0,0,0,164
03/14/2014,ROC,NY,AEA,CE,Combined TRACON& Tower with Radar,62,92,15,0,169,0,2,30,1,33,62,94,45,1,202,32,0,32,234
03/15/2014,ROC,NY,AEA,CE,Combined TRACON& Tower with Radar,43,49,12,0,104,0,0,3,0,3,43,49,15,0,107,12,0,12,119
03/16/2014,ROC,NY,AEA,CE,Combined TRACON& Tower with Radar,56,62,17,0,135,0,0,22,0,22,56,62,39,0,157,0,0,0,157
03/17/2014,ROC,NY,AEA,CE,Combined TRACON& Tower with Radar,54,76,16,0,146,0,1,32,0,33,54,77,48,0,179,196,4,200,379
03/18/2014,ROC,NY,AEA,CE,Combined TRACON& Tower with Radar,65,86,33,1,185,0,1,37,11,49,65,87,70,12,234,152,2,154,388
03/19/2014,ROC,NY,AEA,CE,Combined TRACON& Tower with Radar,60,89,15,2,166,0,2,3,0,5,60,91,18,2,171,0,0,0,171
03/20/2014,ROC,NY,AEA,CE,Combined TRACON& Tower with Radar,58,98,13,11,180,0,0,0,1,1,58,98,13,12,181,0,0,0,181
03/21/2014,ROC,NY,AEA,CE,Combined TRACON& Tower with Radar,59,98,20,0,177,0,0,23,0,23,59,98,43,0,200,263,0,263,463
03/22/2014,ROC,NY,AEA,CE,Combined TRACON& Tower with Radar,40,49,6,2,97,0,0,1,0,1,40,49,7,2,98,0,0,0,98
03/23/2014,ROC,NY,AEA,CE,Combined TRACON& Tower with Radar,55,59,12,0,126,0,0,1,0,1,55,59,13,0,127,0,0,0,127
03/24/2014,ROC,NY,AEA,CE,Combined TRACON& Tower with Radar,55,90,20,7,172,0,2,13,2,17,55,92,33,9,189,0,0,0,189
03/25/2014,ROC,NY,AEA,CE,Combined TRACON& Tower with Radar,60,85,17,12,174,0,2,26,6,34,60,87,43,18,208,154,2,156,364
03/26/2014,ROC,NY,AEA,CE,Combined TRACON& Tower with Radar,59,94,31,0,184,0,0,7,9,16,59,94,38,9,200,0,20,20,220
03/27/2014,ROC,NY,AEA,CE,Combined TRACON& Tower with Radar,57,90,31,0,178,1,1,39,4,45,58,91,70,4,223,244,26,270,493
03/28/2014,ROC,NY,AEA,CE,Combined TRACON& Tower with Radar,59,90,11,3,163,0,0,6,1,7,59,90,17,4,170,18,0,18,188
03/29/2014,ROC,NY,AEA,CE,Combined TRACON& Tower with Radar,45,54,15,0,114,0,0,0,0,0,45,54,15,0,114,0,0,0,114
03/30/2014,ROC,NY,AEA,CE,Combined TRACON& Tower with Radar,53,57,7,0,117,0,0,2,1,3,53,57,9,1,120,0,0,0,120
03/31/2014,ROC,NY,AEA,CE,Combined TRACON& Tower with Radar,57,88,27,0,172,0,0,12,1,13,57,88,39,1,185,108,2,110,295
04/01/2014,ROC,NY,AEA,CE,Combined TRACON& Tower with Radar,63,86,38,1,188,0,0,46,7,53,63,86,84,8,241,188,14,202,443
04/02/2014,ROC,NY,AEA,CE,Combined TRACON& Tower with Radar,63,82,25,0,170,0,3,30,6,39,63,85,55,6,209,146,0,146,355
04/03/2014,ROC,NY,AEA,CE,Combined TRACON& Tower with Radar,65,79,22,5,171,0,0,22,5,27,65,79,44,10,198,130,18,148,346
04/04/2014,ROC,NY,AEA,CE,Combined TRACON& Tower with Radar,65,91,14,2,172,0,0,0,3,3,65,91,14,5,175,0,0,0,175
04/05/2014,ROC,NY,AEA,CE,Combined TRACON& Tower with Radar,45,56,8,0,109,0,0,0,0,0,45,56,8,0,109,0,0,0,109
04/06/2014,ROC,NY,AEA,CE,Combined TRACON& Tower with Radar,59,62,22,0,143,0,0,53,0,53,59,62,75,0,196,112,0,112,308
04/07/2014,ROC,NY,AEA,CE,Combined TRACON& Tower with Radar,55,78,17,2,152,0,0,6,3,9,55,78,23,5,161,62,0,62,223
04/08/2014,ROC,NY,AEA,CE,Combined TRACON& Tower with Radar,62,83,32,0,177,0,0,0,0,0,62,83,32,0,177,52,0,52,229
04/09/2014,ROC,NY,AEA,CE,Combined TRACON& Tower with Radar,60,84,28,0,172,0,1,40,19,60,60,85,68,19,232,74,8,82,314
04/10/2014,ROC,NY,AEA,CE,Combined TRACON& Tower with Radar,61,89,26,8,184,0,1,17,4,22,61,90,43,12,206,0,0,0,206
04/11/2014,ROC,NY,AEA,CE,Combined TRACON& Tower with Radar,62,98,43,1,204,0,0,41,19,60,62,98,84,20,264,4,0,4,268
04/12/2014,ROC,NY,AEA,CE,Combined TRACON& Tower with Radar,43,52,24,2,121,0,0,62,18,80,43,52,86,20,201,148,20,168,369
04/13/2014,ROC,NY,AEA,CE,Combined TRACON& Tower with Radar,55,59,27,1,142,0,0,31,3,34,55,59,58,4,176,30,8,38,214
04/14/2014,ROC,NY,AEA,CE,Combined TRACON& Tower with Radar,52,79,25,0,156,0,2,4,0,6,52,81,29,0,162,0,0,0,162
04/15/2014,ROC,NY,AEA,CE,Combined TRACON& Tower with Radar,58,76,14,0,148,0,0,1,0,1,58,76,15,0,149,0,0,0,149
04/16/2014,ROC,NY,AEA,CE,Combined TRACON& Tower with Radar,59,86,28,1,174,0,3,44,7,54,59,89,72,8,228,128,9,137,365
04/17/2014,ROC,NY,AEA,CE,Combined TRACON& Tower with Radar,57,87,21,0,165,0,5,33,2,40,57,92,54,2,205,102,2,104,309
04/18/2014,ROC,NY,AEA,CE,Combined TRACON& Tower with Radar,61,90,28,2,181,0,1,27,0,28,61,91,55,2,209,208,22,230,439
04/19/2014,ROC,NY,AEA,CE,Combined TRACON& Tower with Radar,39,57,22,0,118,0,2,17,0,19,39,59,39,0,137,120,0,120,257
04/20/2014,ROC,NY,AEA,CE,Combined TRACON& Tower with Radar,56,54,12,0,122,0,2,20,0,22,56,56,32,0,144,44,0,44,188
04/21/2014,ROC,NY,AEA,CE,Combined TRACON& Tower with Radar,56,81,30,6,173,0,2,18,0,20,56,83,48,6,193,195,14,209,402
04/22/2014,ROC,NY,AEA,CE,Combined TRACON& Tower with Radar,55,82,17,3,157,0,0,3,1,4,55,82,20,4,161,12,0,12,173
04/23/2014,ROC,NY,AEA,CE,Combined TRACON& Tower with Radar,62,85,37,3,187,0,2,1,2,5,62,87,38,5,192,0,0,0,192
04/24/2014,ROC,NY,AEA,CE,Combined TRACON& Tower with Radar,60,95,28,4,187,0,2,37,4,43,60,97,65,8,230,148,6,154,384
04/25/2014,ROC,NY,AEA,CE,Combined TRACON& Tower with Radar,62,87,32,1,182,0,2,16,2,20,62,89,48,3,202,0,0,0,202
04/26/2014,ROC,NY,AEA,CE,Combined TRACON& Tower with Radar,39,65,17,0,121,0,0,1,2,3,39,65,18,2,124,8,12,20,144
04/27/2014,ROC,NY,AEA,CE,Combined TRACON& Tower with Radar,54,59,32,0,145,0,0,16,0,16,54,59,48,0,161,64,2,66,227
04/28/2014,ROC,NY,AEA,CE,Combined TRACON& Tower with Radar,55,88,23,0,166,0,0,29,2,31,55,88,52,2,197,48,22,70,267
04/29/2014,ROC,NY,AEA,CE,Combined TRACON& Tower with Radar,61,76,18,6,161,0,0,0,0,0,61,76,18,6,161,2,4,6,167
04/30/2014,ROC,NY,AEA,CE,Combined TRACON& Tower with Radar,58,80,33,0,171,0,0,1,0,1,58,80,34,0,172,0,0,0,172
05/01/2014,ROC,NY,AEA,CE,Combined TRACON& Tower with Radar,61,90,36,0,187,0,0,16,6,22,61,90,52,6,209,18,0,18,227
05/02/2014,ROC,NY,AEA,CE,Combined TRACON& Tower with Radar,62,82,28,0,172,0,0,3,14,17,62,82,31,14,189,0,0,0,189
05/03/2014,ROC,NY,AEA,CE,Combined TRACON& Tower with Radar,46,49,7,0,102,0,1,16,17,34,46,50,23,17,136,126,10,136,272
05/04/2014,ROC,NY,AEA,CE,Combined TRACON& Tower with Radar,58,67,13,0,138,0,3,4,0,7,58,70,17,0,145,0,0,0,145
05/05/2014,ROC,NY,AEA,CE,Combined TRACON& Tower with Radar,57,80,24,6,167,0,1,42,2,45,57,81,66,8,212,240,20,260,472
05/06/2014,ROC,NY,AEA,CE,Combined TRACON& Tower with Radar,68,81,23,2,174,0,0,37,6,43,68,81,60,8,217,32,0,32,249
05/07/2014,ROC,NY,AEA,CE,Combined TRACON& Tower with Radar,69,77,30,0,176,0,5,39,4,48,69,82,69,4,224,184,6,190,414
05/08/2014,ROC,NY,AEA,CE,Combined TRACON& Tower with Radar,68,70,32,4,174,0,0,26,0,26,68,70,58,4,200,114,8,122,322
05/09/2014,ROC,NY,AEA,CE,Combined TRACON& Tower with Radar,71,68,22,0,161,0,1,27,2,30,71,69,49,2,191,160,4,164,355
05/10/2014,ROC,NY,AEA,CE,Combined TRACON& Tower with Radar,43,43,15,0,101,0,0,13,0,13,43,43,28,0,114,28,0,28,142
05/11/2014,ROC,NY,AEA,CE,Combined TRACON& Tower with Radar,56,56,8,0,120,0,0,36,0,36,56,56,44,0,156,196,12,208,364
05/12/2014,ROC,NY,AEA,CE,Combined TRACON& Tower with Radar,58,75,24,0,157,0,2,22,2,26,58,77,46,2,183,66,0,66,249
05/13/2014,ROC,NY,AEA,CE,Combined TRACON& Tower with Radar,63,80,22,1,166,0,0,19,0,19,63,80,41,1,185,142,10,152,337
05/14/2014,ROC,NY,AEA,CE,Combined TRACON& Tower with Radar,73,83,32,1,189,0,0,15,2,17,73,83,47,3,206,142,6,148,354
05/15/2014,ROC,NY,AEA,CE,Combined TRACON& Tower with Radar,66,82,38,1,187,0,0,11,1,12,66,82,49,2,199,100,0,100,299
05/16/2014,ROC,NY,AEA,CE,Combined TRACON& Tower with Radar,67,85,29,17,198,0,2,3,2,7,67,87,32,19,205,112,80,192,397
05/17/2014,ROC,NY,AEA,CE,Combined TRACON& Tower with Radar,53,54,21,0,128,0,0,29,0,29,53,54,50,0,157,133,4,137,294
05/18/2014,ROC,NY,AEA,CE,Combined TRACON& Tower with Radar,56,76,29,0,161,0,2,31,0,33,56,78,60,0,194,96,0,96,290
05/19/2014,ROC,NY,AEA,CE,Combined TRACON& Tower with Radar,64,71,32,0,167,0,0,18,2,20,64,71,50,2,187,44,4,48,235
05/20/2014,ROC,NY,AEA,CE,Combined TRACON& Tower with Radar,68,75,20,0,163,0,0,42,8,50,68,75,62,8,213,97,0,97,310
05/21/2014,ROC,NY,AEA,CE,Combined TRACON& Tower with Radar,67,84,25,0,176,0,1,21,12,34,67,85,46,12,210,272,16,288,498
05/22/2014,ROC,NY,AEA,CE,Combined TRACON& Tower with Radar,61,79,49,2,191,0,0,10,2,12,61,79,59,4,203,58,0,58,261
05/23/2014,ROC,NY,AEA,CE,Combined TRACON& Tower with Radar,61,85,23,0,169,0,0,7,0,7,61,85,30,0,176,0,0,0,176
05/24/2014,ROC,NY,AEA,CE,Combined TRACON& Tower with Radar,43,45,18,0,106,0,0,43,0,43,43,45,61,0,149,161,0,161,310
05/25/2014,ROC,NY,AEA,CE,Combined TRACON& Tower with Radar,52,32,14,0,98,0,0,37,0,37,52,32,51,0,135,14,0,14,149
05/26/2014,ROC,NY,AEA,CE,Combined TRACON& Tower with Radar,56,60,16,0,132,0,6,27,0,33,56,66,43,0,165,0,0,0,165
05/27/2014,ROC,NY,AEA,CE,Combined TRACON& Tower with Radar,61,75,34,1,171,0,1,16,1,18,61,76,50,2,189,22,0,22,211
05/28/2014,ROC,NY,AEA,CE,Combined TRACON& Tower with Radar,68,82,34,0,184,0,0,25,4,29,68,82,59,4,213,264,6,270,483
05/29/2014,ROC,NY,AEA,CE,Combined TRACON& Tower with Radar,67,88,32,1,188,0,1,15,14,30,67,89,47,15,218,240,20,260,478
05/30/2014,ROC,NY,AEA,CE,Combined TRACON& Tower with Radar,70,87,21,2,180,0,2,54,0,56,70,89,75,2,236,56,0,56,292
05/31/2014,ROC,NY,AEA,CE,Combined TRACON& Tower with Radar,45,45,31,2,123,0,4,51,0,55,45,49,82,2,178,34,0,34,212
06/01/2014,ROC,NY,AEA,CE,Combined TRACON& Tower with Radar,58,59,19,0,136,0,1,62,0,63,58,60,81,0,199,46,0,46,245
06/02/2014,ROC,NY,AEA,CE,Combined TRACON& Tower with Radar,61,85,26,0,172,0,0,22,3,25,61,85,48,3,197,38,0,38,235
06/03/2014,ROC,NY,AEA,CE,Combined TRACON& Tower with Radar,64,83,23,0,170,0,2,6,2,10,64,85,29,2,180,64,0,64,244
06/04/2014,ROC,NY,AEA,CE,Combined TRACON& Tower with Radar,65,78,34,1,178,0,2,27,5,34,65,80,61,6,212,16,0,16,228
06/05/2014,ROC,NY,AEA,CE,Combined TRACON& Tower with Radar,61,83,37,0,181,0,0,31,2,33,61,83,68,2,214,12,0,12,226
06/06/2014,ROC,NY,AEA,CE,Combined TRACON& Tower with Radar,66,88,30,0,184,0,0,49,5,54,66,88,79,5,238,106,0,106,344
06/07/2014,ROC,NY,AEA,CE,Combined TRACON& Tower with Radar,39,60,15,0,114,0,2,57,8,67,39,62,72,8,181,108,32,140,321
06/08/2014,ROC,NY,AEA,CE,Combined TRACON& Tower with Radar,54,63,19,1,137,0,0,35,2,37,54,63,54,3,174,0,0,0,174
06/09/2014,ROC,NY,AEA,CE,Combined TRACON& Tower with Radar,55,79,29,1,164,0,0,36,3,39,55,79,65,4,203,78,4,82,285
06/10/2014,ROC,NY,AEA,CE,Combined TRACON& Tower with Radar,60,71,35,2,168,0,1,36,6,43,60,72,71,8,211,154,0,154,365
06/11/2014,ROC,NY,AEA,CE,Combined TRACON& Tower with Radar,58,70,29,0,157,0,1,11,1,13,58,71,40,1,170,50,0,50,220
06/12/2014,ROC,NY,AEA,CE,Combined TRACON& Tower with Radar,59,83,24,0,166,0,1,9,3,13,59,84,33,3,179,52,0,52,231
06/13/2014,ROC,NY,AEA,CE,Combined TRACON& Tower with Radar,52,74,24,0,150,0,1,21,0,22,52,75,45,0,172,82,0,82,254
06/14/2014,ROC,NY,AEA,CE,Combined TRACON& Tower with Radar,43,61,51,0,155,0,1,41,0,42,43,62,92,0,197,116,0,116,313
06/15/2014,ROC,NY,AEA,CE,Combined TRACON& Tower with Radar,59,69,39,0,167,0,0,50,0,50,59,69,89,0,217,124,0,124,341
06/16/2014,ROC,NY,AEA,CE,Combined TRACON& Tower with Radar,53,76,32,4,165,0,3,38,10,51,53,79,70,14,216,122,8,130,346
06/17/2014,ROC,NY,AEA,CE,Combined TRACON& Tower with Radar,66,73,25,0,164,0,1,28,0,29,66,74,53,0,193,64,0,64,257
06/18/2014,ROC,NY,AEA,CE,Combined TRACON& Tower with Radar,61,77,35,2,175,0,3,21,4,28,61,80,56,6,203,148,14,162,365
06/19/2014,ROC,NY,AEA,CE,Combined TRACON& Tower with Radar,58,82,31,0,171,0,0,55,0,55,58,82,86,0,226,16,0,16,242
06/20/2014,ROC,NY,AEA,CE,Combined TRACON& Tower with Radar,62,86,39,0,187,0,3,51,2,56,62,89,90,2,243,84,0,84,327
06/21/2014,ROC,NY,AEA,CE,Combined TRACON& Tower with Radar,40,59,14,0,113,0,1,27,0,28,40,60,41,0,141,10,0,10,151
06/22/2014,ROC,NY,AEA,CE,Combined TRACON& Tower with Radar,60,59,24,0,143,0,3,38,0,41,60,62,62,0,184,20,0,20,204
06/23/2014,ROC,NY,AEA,CE,Combined TRACON& Tower with Radar,56,78,33,0,167,0,2,46,2,50,56,80,79,2,217,116,0,116,333
06/24/2014,ROC,NY,AEA,CE,Combined TRACON& Tower with Radar,61,77,37,1,176,0,1,21,2,24,61,78,58,3,200,8,0,8,208
06/25/2014,ROC,NY,AEA,CE,Combined TRACON& Tower with Radar,61,67,32,0,160,0,0,0,0,0,61,67,32,0,160,0,0,0,160
06/26/2014,ROC,NY,AEA,CE,Combined TRACON& Tower with Radar,63,69,40,3,175,0,0,29,11,40,63,69,69,14,215,74,8,82,297
06/27/2014,ROC,NY,AEA,CE,Combined TRACON& Tower with Radar,63,79,47,0,189,0,5,68,0,73,63,84,115,0,262,174,6,180,442
06/28/2014,ROC,NY,AEA,CE,Combined TRACON& Tower with Radar,40,56,30,0,126,0,2,50,0,52,40,58,80,0,178,118,0,118,296
06/29/2014,ROC,NY,AEA,CE,Combined TRACON& Tower with Radar,49,60,24,0,133,0,2,31,0,33,49,62,55,0,166,0,0,0,166
06/30/2014,ROC,NY,AEA,CE,Combined TRACON& Tower with Radar,56,73,22,0,151,0,0,37,4,41,56,73,59,4,192,34,0,34,226
07/01/2014,ROC,NY,AEA,CE,Combined TRACON& Tower with Radar,61,62,27,0,150,0,1,14,6,21,61,63,41,6,171,22,0,22,193
07/02/2014,ROC,NY,AEA,CE,Combined TRACON& Tower with Radar,56,75,39,2,172,0,0,49,4,53,56,75,88,6,225,66,0,66,291
07/03/2014,ROC,NY,AEA,CE,Combined TRACON& Tower with Radar,55,66,25,0,146,0,2,20,0,22,55,68,45,0,168,92,0,92,260
07/04/2014,ROC,NY,AEA,CE,Combined TRACON& Tower with Radar,37,48,2,0,87,0,2,22,0,24,37,50,24,0,111,12,0,12,123
07/05/2014,ROC,NY,AEA,CE,Combined TRACON& Tower with Radar,38,55,15,0,108,0,5,44,1,50,38,60,59,1,158,38,0,38,196
07/06/2014,ROC,NY,AEA,CE,Combined TRACON& Tower with Radar,58,75,21,0,154,0,3,26,0,29,58,78,47,0,183,30,0,30,213
07/07/2014,ROC,NY,AEA,CE,Combined TRACON& Tower with Radar,57,83,9,0,149,0,1,5,0,6,57,84,14,0,155,24,0,24,179
07/08/2014,ROC,NY,AEA,CE,Combined TRACON& Tower with Radar,62,72,27,2,163,0,1,21,4,26,62,73,48,6,189,76,0,76,265
07/09/2014,ROC,NY,AEA,CE,Combined TRACON& Tower with Radar,58,85,27,3,173,0,0,43,3,46,58,85,70,6,219,92,0,92,311
07/10/2014,ROC,NY,AEA,CE,Combined TRACON& Tower with Radar,62,78,26,2,168,0,1,44,6,51,62,79,70,8,219,68,0,68,287
07/11/2014,ROC,NY,AEA,CE,Combined TRACON& Tower with Radar,62,80,28,0,170,0,3,49,0,52,62,83,77,0,222,36,0,36,258
07/12/2014,ROC,NY,AEA,CE,Combined TRACON& Tower with Radar,41,51,37,0,129,0,3,54,3,60,41,54,91,3,189,90,14,104,293
07/13/2014,ROC,NY,AEA,CE,Combined TRACON& Tower with Radar,53,66,26,0,145,0,0,6,0,6,53,66,32,0,151,122,0,122,273
07/14/2014,ROC,NY,AEA,CE,Combined TRACON& Tower with Radar,51,66,20,10,147,0,2,31,1,34,51,68,51,11,181,64,10,74,255
07/15/2014,ROC,NY,AEA,CE,Combined TRACON& Tower with Radar,65,75,18,8,166,0,1,18,0,19,65,76,36,8,185,112,34,146,331
07/16/2014,ROC,NY,AEA,CE,Combined TRACON& Tower with Radar,58,85,58,26,227,0,0,49,4,53,58,85,107,30,280,40,14,54,334
07/17/2014,ROC,NY,AEA,CE,Combined TRACON& Tower with Radar,63,80,30,2,175,0,3,44,0,47,63,83,74,2,222,112,0,112,334
07/18/2014,ROC,NY,AEA,CE,Combined TRACON& Tower with Radar,64,81,57,0,202,0,3,38,0,41,64,84,95,0,243,0,0,0,243
07/19/2014,ROC,NY,AEA,CE,Combined TRACON& Tower with Radar,46,59,31,0,136,0,0,19,2,21,46,59,50,2,157,96,0,96,253
07/20/2014,ROC,NY,AEA,CE,Combined TRACON& Tower with Radar,55,67,24,0,146,0,1,21,0,22,55,68,45,0,168,22,0,22,190
07/21/2014,ROC,NY,AEA,CE,Combined TRACON& Tower with Radar,56,77,27,6,166,0,1,37,16,54,56,78,64,22,220,30,0,30,250
07/22/2014,ROC,NY,AEA,CE,Combined TRACON& Tower with Radar,66,82,52,6,206,0,3,69,13,85,66,85,121,19,291,72,10,82,373
07/23/2014,ROC,NY,AEA,CE,Combined TRACON& Tower with Radar,55,73,33,11,172,0,0,20,18,38,55,73,53,29,210,78,0,78,288
07/24/2014,ROC,NY,AEA,CE,Combined TRACON& Tower with Radar,64,85,41,1,191,0,1,39,17,57,64,86,80,18,248,114,0,114,362
07/25/2014,ROC,NY,AEA,CE,Combined TRACON& Tower with Radar,62,78,25,0,165,0,1,56,5,62,62,79,81,5,227,78,0,78,305
07/26/2014,ROC,NY,AEA,CE,Combined TRACON& Tower with Radar,46,54,6,0,106,0,2,32,0,34,46,56,38,0,140,121,0,121,261
07/27/2014,ROC,NY,AEA,CE,Combined TRACON& Tower with Radar,51,57,32,0,140,0,0,22,0,22,51,57,54,0,162,70,0,70,232
07/28/2014,ROC,NY,AEA,CE,Combined TRACON& Tower with Radar,57,83,17,0,157,0,0,2,0,2,57,83,19,0,159,0,0,0,159
07/29/2014,ROC,NY,AEA,CE,Combined TRACON& Tower with Radar,66,78,33,1,178,0,1,54,5,60,66,79,87,6,238,44,0,44,282
07/30/2014,ROC,NY,AEA,CE,Combined TRACON& Tower with Radar,59,81,42,0,182,0,0,24,1,25,59,81,66,1,207,90,0,90,297
07/31/2014,ROC,NY,AEA,CE,Combined TRACON& Tower with Radar,64,84,35,2,185,0,3,30,2,35,64,87,65,4,220,90,0,90,310
08/01/2014,ROC,NY,AEA,CE,Combined TRACON& Tower with Radar,56,83,30,0,169,0,3,25,5,33,56,86,55,5,202,62,7,69,271
08/02/2014,ROC,NY,AEA,CE,Combined TRACON& Tower with Radar,50,61,17,0,128,0,1,18,0,19,50,62,35,0,147,60,0,60,207
08/03/2014,ROC,NY,AEA,CE,Combined TRACON& Tower with Radar,52,77,18,0,147,0,0,11,1,12,52,77,29,1,159,18,0,18,177
08/04/2014,ROC,NY,AEA,CE,Combined TRACON& Tower with Radar,58,82,23,3,166,0,0,39,5,44,58,82,62,8,210,0,0,0,210
08/05/2014,ROC,NY,AEA,CE,Combined TRACON& Tower with Radar,66,73,22,0,161,0,1,26,0,27,66,74,48,0,188,24,0,24,212
08/06/2014,ROC,NY,AEA,CE,Combined TRACON& Tower with Radar,62,73,26,4,165,0,3,46,6,55,62,76,72,10,220,26,0,26,246
08/07/2014,ROC,NY,AEA,CE,Combined TRACON& Tower with Radar,66,89,39,9,203,0,3,63,7,73,66,92,102,16,276,22,0,22,298
08/08/2014,ROC,NY,AEA,CE,Combined TRACON& Tower with Radar,60,85,26,1,172,0,2,53,1,56,60,87,79,2,228,90,0,90,318
08/09/2014,ROC,NY,AEA,CE,Combined TRACON& Tower with Radar,50,61,22,0,133,0,3,42,0,45,50,64,64,0,178,12,0,12,190
08/10/2014,ROC,NY,AEA,CE,Combined TRACON& Tower with Radar,52,73,20,0,145,0,4,60,0,64,52,77,80,0,209,0,0,0,209
08/11/2014,ROC,NY,AEA,CE,Combined TRACON& Tower with Radar,53,80,36,5,174,0,4,54,2,60,53,84,90,7,234,86,6,92,326
08/12/2014,ROC,NY,AEA,CE,Combined TRACON& Tower with Radar,62,75,26,0,163,0,0,8,0,8,62,75,34,0,171,0,0,0,171
08/13/2014,ROC,NY,AEA,CE,Combined TRACON& Tower with Radar,61,87,12,8,168,0,0,29,3,32,61,87,41,11,200,45,10,55,255
08/14/2014,ROC,NY,AEA,CE,Combined TRACON& Tower with Radar,62,77,19,7,165,0,4,28,6,38,62,81,47,13,203,88,76,164,367
08/15/2014,ROC,NY,AEA,CE,Combined TRACON& Tower with Radar,59,74,29,14,176,0,2,33,6,41,59,76,62,20,217,18,10,28,245
08/16/2014,ROC,NY,AEA,CE,Combined TRACON& Tower with Radar,45,49,16,1,111,0,3,12,3,18,45,52,28,4,129,30,72,102,231
08/17/2014,ROC,NY,AEA,CE,Combined TRACON& Tower with Radar,51,65,19,2,137,0,1,32,3,36,51,66,51,5,173,0,0,0,173
08/18/2014,ROC,NY,AEA,CE,Combined TRACON& Tower with Radar,54,80,28,3,165,0,1,39,0,40,54,81,67,3,205,10,0,10,215
08/19/2014,ROC,NY,AEA,CE,Combined TRACON& Tower with Radar,62,76,25,1,164,0,1,59,0,60,62,77,84,1,224,76,0,76,300
08/20/2014,ROC,NY,AEA,CE,Combined TRACON& Tower with Radar,62,86,31,6,185,0,0,22,3,25,62,86,53,9,210,94,0,94,304
08/21/2014,ROC,NY,AEA,CE,Combined TRACON& Tower with Radar,61,76,34,4,175,0,4,22,7,33,61,80,56,11,208,0,0,0,208
08/22/2014,ROC,NY,AEA,CE,Combined TRACON& Tower with Radar,63,81,35,7,186,0,3,16,0,19,63,84,51,7,205,0,0,0,205
08/23/2014,ROC,NY,AEA,CE,Combined TRACON& Tower with Radar,46,45,8,0,99,0,4,4,0,8,46,49,12,0,107,0,0,0,107
08/24/2014,ROC,NY,AEA,CE,Combined TRACON& Tower with Radar,57,65,16,0,138,0,4,43,0,47,57,69,59,0,185,0,0,0,185
08/25/2014,ROC,NY,AEA,CE,Combined TRACON& Tower with Radar,55,77,16,0,148,0,3,38,2,43,55,80,54,2,191,48,0,48,239
08/26/2014,ROC,NY,AEA,CE,Combined TRACON& Tower with Radar,64,77,23,4,168,0,3,35,2,40,64,80,58,6,208,155,30,185,393
08/27/2014,ROC,NY,AEA,CE,Combined TRACON& Tower with Radar,61,86,32,4,183,0,9,31,5,45,61,95,63,9,228,146,0,146,374
08/28/2014,ROC,NY,AEA,CE,Combined TRACON& Tower with Radar,64,79,30,0,173,0,1,47,6,54,64,80,77,6,227,20,0,20,247
08/29/2014,ROC,NY,AEA,CE,Combined TRACON& Tower with Radar,63,82,32,0,177,0,0,40,4,44,63,82,72,4,221,192,0,192,413
08/30/2014,ROC,NY,AEA,CE,Combined TRACON& Tower with Radar,39,51,9,0,99,0,0,32,0,32,39,51,41,0,131,92,0,92,223
08/31/2014,ROC,NY,AEA,CE,Combined TRACON& Tower with Radar,41,40,4,0,85,0,0,2,0,2,41,40,6,0,87,0,0,0,87
09/01/2014,ROC,NY,AEA,CE,Combined TRACON& Tower with Radar,53,62,23,0,138,0,0,38,0,38,53,62,61,0,176,74,0,74,250
09/02/2014,ROC,NY,AEA,CE,Combined TRACON& Tower with Radar,59,74,26,12,171,0,0,13,2,15,59,74,39,14,186,108,6,114,300
09/03/2014,ROC,NY,AEA,CE,Combined TRACON& Tower with Radar,63,73,33,10,179,0,1,58,14,73,63,74,91,24,252,80,0,80,332
09/04/2014,ROC,NY,AEA,CE,Combined TRACON& Tower with Radar,59,67,40,3,169,0,4,36,9,49,59,71,76,12,218,160,46,206,424
09/05/2014,ROC,NY,AEA,CE,Combined TRACON& Tower with Radar,60,72,20,1,153,0,1,28,11,40,60,73,48,12,193,0,0,0,193
09/06/2014,ROC,NY,AEA,CE,Combined TRACON& Tower with Radar,46,38,30,1,115,0,0,16,5,21,46,38,46,6,136,12,0,12,148
09/07/2014,ROC,NY,AEA,CE,Combined TRACON& Tower with Radar,60,60,30,0,150,0,0,54,0,54,60,60,84,0,204,24,0,24,228
09/08/2014,ROC,NY,AEA,CE,Combined TRACON& Tower with Radar,54,74,32,3,163,0,2,44,4,50,54,76,76,7,213,95,0,95,308
09/09/2014,ROC,NY,AEA,CE,Combined TRACON& Tower with Radar,66,67,28,2,163,0,1,35,2,38,66,68,63,4,201,52,0,52,253
09/10/2014,ROC,NY,AEA,CE,Combined TRACON& Tower with Radar,66,77,37,2,182,0,3,39,0,42,66,80,76,2,224,0,0,0,224
09/11/2014,ROC,NY,AEA,CE,Combined TRACON& Tower with Radar,62,78,36,1,177,0,0,8,2,10,62,78,44,3,187,0,0,0,187
09/12/2014,ROC,NY,AEA,CE,Combined TRACON& Tower with Radar,62,74,29,0,165,0,1,30,0,31,62,75,59,0,196,16,0,16,212
09/13/2014,ROC,NY,AEA,CE,Combined TRACON& Tower with Radar,45,48,18,0,111,0,1,20,0,21,45,49,38,0,132,0,0,0,132
09/14/2014,ROC,NY,AEA,CE,Combined TRACON& Tower with Radar,57,58,28,0,143,0,2,46,0,48,57,60,74,0,191,14,0,14,205
09/15/2014,ROC,NY,AEA,CE,Combined TRACON& Tower with Radar,63,68,23,0,154,0,2,30,0,32,63,70,53,0,186,16,0,16,202
09/16/2014,ROC,NY,AEA,CE,Combined TRACON& Tower with Radar,64,67,25,4,160,0,3,27,1,31,64,70,52,5,191,42,28,70,261
09/17/2014,ROC,NY,AEA,CE,Combined TRACON& Tower with Radar,70,69,30,1,170,0,2,59,4,65,70,71,89,5,235,96,0,96,331
09/18/2014,ROC,NY,AEA,CE,Combined TRACON& Tower with Radar,61,74,25,1,161,0,0,9,0,9,61,74,34,1,170,34,2,36,206
09/19/2014,ROC,NY,AEA,CE,Combined TRACON& Tower with Radar,61,72,35,1,169,0,10,35,1,46,61,82,70,2,215,64,0,64,279
09/20/2014,ROC,NY,AEA,CE,Combined TRACON& Tower with Radar,42,48,18,0,108,0,3,15,0,18,42,51,33,0,126,52,0,52,178
09/21/2014,ROC,NY,AEA,CE,Combined TRACON& Tower with Radar,58,48,19,0,125,0,1,5,0,6,58,49,24,0,131,0,0,0,131
09/22/2014,ROC,NY,AEA,CE,Combined TRACON& Tower with Radar,63,73,41,2,179,0,1,5,0,6,63,74,46,2,185,0,0,0,185
09/23/2014,ROC,NY,AEA,CE,Combined TRACON& Tower with Radar,71,69,17,2,159,0,0,46,4,50,71,69,63,6,209,83,0,83,292
09/24/2014,ROC,NY,AEA,CE,Combined TRACON& Tower with Radar,70,65,31,1,167,0,3,52,1,56,70,68,83,2,223,222,0,222,445
09/25/2014,ROC,NY,AEA,CE,Combined TRACON& Tower with Radar,64,63,35,6,168,0,1,43,2,46,64,64,78,8,214,80,0,80,294
09/26/2014,ROC,NY,AEA,CE,Combined TRACON& Tower with Radar,56,60,36,2,154,0,1,59,2,62,56,61,95,4,216,118,4,122,338
09/27/2014,ROC,NY,AEA,CE,Combined TRACON& Tower with Radar,42,35,13,0,90,0,1,43,0,44,42,36,56,0,134,0,0,0,134
09/28/2014,ROC,NY,AEA,CE,Combined TRACON& Tower with Radar,55,52,25,1,133,0,0,49,1,50,55,52,74,2,183,18,0,18,201
09/29/2014,ROC,NY,AEA,CE,Combined TRACON& Tower with Radar,62,63,18,0,143,0,0,44,0,44,62,63,62,0,187,148,0,148,335
09/30/2014,ROC,NY,AEA,CE,Combined TRACON& Tower with Radar,67,59,19,0,145,0,2,20,0,22,67,61,39,0,167,0,0,0,167
10/01/2014,ROC,NY,AEA,CE,Combined TRACON& Tower with Radar,70,66,35,2,173,0,0,12,0,12,70,66,47,2,185,62,0,62,247
10/02/2014,ROC,NY,AEA,CE,Combined TRACON& Tower with Radar,69,81,34,9,193,0,2,35,3,40,69,83,69,12,233,86,24,110,343
10/03/2014,ROC,NY,AEA,CE,Combined TRACON& Tower with Radar,72,66,25,0,163,0,0,16,6,22,72,66,41,6,185,36,0,36,221
10/04/2014,ROC,NY,AEA,CE,Combined TRACON& Tower with Radar,45,46,13,1,105,0,1,1,1,3,45,47,14,2,108,0,0,0,108
10/05/2014,ROC,NY,AEA,CE,Combined TRACON& Tower with Radar,55,49,26,0,130,0,0,16,1,17,55,49,42,1,147,56,0,56,203
10/06/2014,ROC,NY,AEA,CE,Combined TRACON& Tower with Radar,64,69,19,1,153,0,0,8,2,10,64,69,27,3,163,0,0,0,163
10/07/2014,ROC,NY,AEA,CE,Combined TRACON& Tower with Radar,69,66,18,2,155,0,1,16,0,17,69,67,34,2,172,0,0,0,172
10/08/2014,ROC,NY,AEA,CE,Combined TRACON& Tower with Radar,73,71,24,3,171,0,2,4,3,9,73,73,28,6,180,26,0,26,206
10/09/2014,ROC,NY,AEA,CE,Combined TRACON& Tower with Radar,71,67,33,2,173,0,1,20,6,27,71,68,53,8,200,28,0,28,228
10/10/2014,ROC,NY,AEA,CE,Combined TRACON& Tower with Radar,69,67,41,0,177,0,5,42,0,47,69,72,83,0,224,116,0,116,340
10/11/2014,ROC,NY,AEA,CE,Combined TRACON& Tower with Radar,45,40,11,0,96,0,6,48,0,54,45,46,59,0,150,22,0,22,172
10/12/2014,ROC,NY,AEA,CE,Combined TRACON& Tower with Radar,58,53,28,0,139,0,4,58,0,62,58,57,86,0,201,0,0,0,201
10/13/2014,ROC,NY,AEA,CE,Combined TRACON& Tower with Radar,60,60,29,0,149,0,0,25,0,25,60,60,54,0,174,112,0,112,286
10/14/2014,ROC,NY,AEA,CE,Combined TRACON& Tower with Radar,69,69,29,2,169,0,0,3,0,3,69,69,32,2,172,4,30,34,206
10/15/2014,ROC,NY,AEA,CE,Combined TRACON& Tower with Radar,67,73,44,1,185,0,0,2,3,5,67,73,46,4,190,0,0,0,190
10/16/2014,ROC,NY,AEA,CE,Combined TRACON& Tower with Radar,69,66,34,0,169,0,0,11,0,11,69,66,45,0,180,122,0,122,302
10/17/2014,ROC,NY,AEA,CE,Combined TRACON& Tower with Radar,68,63,23,2,156,0,3,13,3,19,68,66,36,5,175,54,0,54,229
10/18/2014,ROC,NY,AEA,CE,Combined TRACON& Tower with Radar,47,56,14,0,117,0,0,6,0,6,47,56,20,0,123,0,0,0,123
10/19/2014,ROC,NY,AEA,CE,Combined TRACON& Tower with Radar,60,52,14,1,127,0,0,25,0,25,60,52,39,1,152,0,0,0,152
10/20/2014,ROC,NY,AEA,CE,Combined TRACON& Tower with Radar,65,68,23,0,156,0,2,51,2,55,65,70,74,2,211,44,0,44,255
10/21/2014,ROC,NY,AEA,CE,Combined TRACON& Tower with Radar,67,65,20,0,152,0,0,1,0,1,67,65,21,0,153,0,0,0,153
10/22/2014,ROC,NY,AEA,CE,Combined TRACON& Tower with Radar,67,61,45,1,174,0,0,5,0,5,67,61,50,1,179,0,0,0,179
10/23/2014,ROC,NY,AEA,CE,Combined TRACON& Tower with Radar,68,67,36,1,172,0,3,30,5,38,68,70,66,6,210,58,28,86,296
10/24/2014,ROC,NY,AEA,CE,Combined TRACON& Tower with Radar,70,68,37,1,176,0,1,46,4,51,70,69,83,5,227,70,0,70,297
10/25/2014,ROC,NY,AEA,CE,Combined TRACON& Tower with Radar,44,41,25,0,110,0,1,33,0,34,44,42,58,0,144,50,0,50,194
10/26/2014,ROC,NY,AEA,CE,Combined TRACON& Tower with Radar,52,52,34,0,138,0,2,1,0,3,52,54,35,0,141,40,0,40,181
10/27/2014,ROC,NY,AEA,CE,Combined TRACON& Tower with Radar,59,65,26,3,153,0,3,51,1,55,59,68,77,4,208,116,0,116,324
10/28/2014,ROC,NY,AEA,CE,Combined TRACON& Tower with Radar,58,66,25,1,150,0,1,12,5,18,58,67,37,6,168,0,0,0,168
10/29/2014,ROC,NY,AEA,CE,Combined TRACON& Tower with Radar,60,69,22,3,154,0,2,25,9,36,60,71,47,12,190,76,18,94,284
10/30/2014,ROC,NY,AEA,CE,Combined TRACON& Tower with Radar,62,71,18,0,151,0,0,34,0,34,62,71,52,0,185,54,10,64,249
10/31/2014,ROC,NY,AEA,CE,Combined TRACON& Tower with Radar,57,56,20,0,133,0,0,26,0,26,57,56,46,0,159,24,0,24,183
11/01/2014,ROC,NY,AEA,CE,Combined TRACON& Tower with Radar,38,45,13,0,96,0,0,0,0,0,38,45,13,0,96,0,0,0,96
11/02/2014,ROC,NY,AEA,CE,Combined TRACON& Tower with Radar,57,55,17,0,129,0,0,19,0,19,57,55,36,0,148,24,0,24,172
11/03/2014,ROC,NY,AEA,CE,Combined TRACON& Tower with Radar,61,63,17,0,141,0,1,41,2,44,61,64,58,2,185,146,0,146,331
11/04/2014,ROC,NY,AEA,CE,Combined TRACON& Tower with Radar,69,65,37,0,171,0,1,28,0,29,69,66,65,0,200,70,16,86,286
11/05/2014,ROC,NY,AEA,CE,Combined TRACON& Tower with Radar,64,71,17,5,157,0,1,22,4,27,64,72,39,9,184,0,0,0,184
11/06/2014,ROC,NY,AEA,CE,Combined TRACON& Tower with Radar,59,58,31,0,148,0,0,20,4,24,59,58,51,4,172,20,0,20,192
11/07/2014,ROC,NY,AEA,CE,Combined TRACON& Tower with Radar,67,69,25,2,163,0,1,4,0,5,67,70,29,2,168,0,0,0,168
11/08/2014,ROC,NY,AEA,CE,Combined TRACON& Tower with Radar,41,42,14,0,97,0,5,54,0,59,41,47,68,0,156,102,0,102,258
11/09/2014,ROC,NY,AEA,CE,Combined TRACON& Tower with Radar,52,62,19,0,133,0,0,26,0,26,52,62,45,0,159,112,0,112,271
11/10/2014,ROC,NY,AEA,CE,Combined TRACON& Tower with Radar,59,64,15,1,139,0,1,57,5,63,59,65,72,6,202,168,0,168,370
11/11/2014,ROC,NY,AEA,CE,Combined TRACON& Tower with Radar,65,73,27,0,165,0,3,44,1,48,65,76,71,1,213,130,0,130,343
11/12/2014,ROC,NY,AEA,CE,Combined TRACON& Tower with Radar,61,70,16,5,152,0,1,11,1,13,61,71,27,6,165,56,26,82,247
11/13/2014,ROC,NY,AEA,CE,Combined TRACON& Tower with Radar,64,67,39,13,183,0,2,9,7,18,64,69,48,20,201,53,0,53,254
11/14/2014,ROC,NY,AEA,CE,Combined TRACON& Tower with Radar,65,75,17,1,158,0,2,11,1,14,65,77,28,2,172,8,0,8,180
11/15/2014,ROC,NY,AEA,CE,Combined TRACON& Tower with Radar,42,46,30,8,126,0,1,24,6,31,42,47,54,14,157,70,0,70,227
11/16/2014,ROC,NY,AEA,CE,Combined TRACON& Tower with Radar,51,55,17,0,123,0,1,21,0,22,51,56,38,0,145,0,0,0,145
11/17/2014,ROC,NY,AEA,CE,Combined TRACON& Tower with Radar,54,64,17,2,137,0,0,0,0,0,54,64,17,2,137,0,0,0,137
11/18/2014,ROC,NY,AEA,CE,Combined TRACON& Tower with Radar,69,69,14,2,154,0,0,2,0,2,69,69,16,2,156,0,10,10,166
11/19/2014,ROC,NY,AEA,CE,Combined TRACON& Tower with Radar,65,61,22,2,150,0,3,8,4,15,65,64,30,6,165,0,0,0,165
11/20/2014,ROC,NY,AEA,CE,Combined TRACON& Tower with Radar,71,86,24,4,185,0,0,5,2,7,71,86,29,6,192,0,0,0,192
11/21/2014,ROC,NY,AEA,CE,Combined TRACON& Tower with Radar,66,85,29,0,180,0,2,14,0,16,66,87,43,0,196,28,0,28,224
11/22/2014,ROC,NY,AEA,CE,Combined TRACON& Tower with Radar,41,48,15,0,104,0,3,12,0,15,41,51,27,0,119,4,0,4,123
11/23/2014,ROC,NY,AEA,CE,Combined TRACON& Tower with Radar,49,53,17,0,119,0,0,19,3,22,49,53,36,3,141,118,4,122,263
11/24/2014,ROC,NY,AEA,CE,Combined TRACON& Tower with Radar,54,54,11,0,119,0,2,7,0,9,54,56,18,0,128,0,0,0,128
11/25/2014,ROC,NY,AEA,CE,Combined TRACON& Tower with Radar,63,67,29,0,159,0,1,10,3,14,63,68,39,3,173,0,0,0,173
11/26/2014,ROC,NY,AEA,CE,Combined TRACON& Tower with Radar,54,77,14,0,145,0,1,12,0,13,54,78,26,0,158,111,0,111,269
11/27/2014,ROC,NY,AEA,CE,Combined TRACON& Tower with Radar,35,35,6,0,76,0,2,0,0,2,35,37,6,0,78,0,0,0,78
11/28/2014,ROC,NY,AEA,CE,Combined TRACON& Tower with Radar,49,34,8,0,91,0,0,8,0,8,49,34,16,0,99,0,0,0,99
11/29/2014,ROC,NY,AEA,CE,Combined TRACON& Tower with Radar,49,58,11,0,118,0,2,23,2,27,49,60,34,2,145,6,0,6,151
11/30/2014,ROC,NY,AEA,CE,Combined TRACON& Tower with Radar,55,73,39,0,167,0,1,5,0,6,55,74,44,0,173,0,0,0,173
12/01/2014,ROC,NY,AEA,CE,Combined TRACON& Tower with Radar,58,73,35,0,166,0,1,10,2,13,58,74,45,2,179,62,0,62,241
12/02/2014,ROC,NY,AEA,CE,Combined TRACON& Tower with Radar,62,64,26,0,152,0,0,14,0,14,62,64,40,0,166,38,0,38,204
12/03/2014,ROC,NY,AEA,CE,Combined TRACON& Tower with Radar,67,72,16,0,155,0,0,6,2,8,67,72,22,2,163,0,0,0,163
12/04/2014,ROC,NY,AEA,CE,Combined TRACON& Tower with Radar,70,75,32,2,179,0,4,18,5,27,70,79,50,7,206,82,0,82,288
12/05/2014,ROC,NY,AEA,CE,Combined TRACON& Tower with Radar,68,78,30,0,176,0,2,19,8,29,68,80,49,8,205,72,6,78,283
12/06/2014,ROC,NY,AEA,CE,Combined TRACON& Tower with Radar,38,39,9,0,86,0,0,0,0,0,38,39,9,0,86,0,0,0,86
12/07/2014,ROC,NY,AEA,CE,Combined TRACON& Tower with Radar,55,53,16,0,124,0,1,40,1,42,55,54,56,1,166,0,0,0,166
12/08/2014,ROC,NY,AEA,CE,Combined TRACON& Tower with Radar,55,67,20,2,144,0,1,18,2,21,55,68,38,4,165,0,0,0,165
12/09/2014,ROC,NY,AEA,CE,Combined TRACON& Tower with Radar,66,67,27,4,164,0,0,16,0,16,66,67,43,4,180,72,8,80,260
12/10/2014,ROC,NY,AEA,CE,Combined TRACON& Tower with Radar,52,44,18,0,114,0,0,0,0,0,52,44,18,0,114,0,0,0,114
12/11/2014,ROC,NY,AEA,CE,Combined TRACON& Tower with Radar,69,69,17,0,155,0,0,4,0,4,69,69,21,0,159,0,0,0,159
12/12/2014,ROC,NY,AEA,CE,Combined TRACON& Tower with Radar,70,83,20,1,174,0,0,5,0,5,70,83,25,1,179,16,0,16,195
12/13/2014,ROC,NY,AEA,CE,Combined TRACON& Tower with Radar,38,42,16,0,96,0,0,0,0,0,38,42,16,0,96,0,0,0,96
12/14/2014,ROC,NY,AEA,CE,Combined TRACON& Tower with Radar,56,60,11,1,128,0,0,0,0,0,56,60,11,1,128,0,0,0,128
12/15/2014,ROC,NY,AEA,CE,Combined TRACON& Tower with Radar,62,70,33,0,165,0,0,0,0,0,62,70,33,0,165,10,4,14,179
12/16/2014,ROC,NY,AEA,CE,Combined TRACON& Tower with Radar,67,64,20,2,153,0,3,4,8,15,67,67,24,10,168,86,0,86,254
12/17/2014,ROC,NY,AEA,CE,Combined TRACON& Tower with Radar,68,70,22,3,163,0,0,2,6,8,68,70,24,9,171,0,0,0,171
12/18/2014,ROC,NY,AEA,CE,Combined TRACON& Tower with Radar,65,61,15,1,142,0,0,9,0,9,65,61,24,1,151,11,0,11,162
12/19/2014,ROC,NY,AEA,CE,Combined TRACON& Tower with Radar,64,68,19,0,151,0,3,9,0,12,64,71,28,0,163,14,0,14,177
12/20/2014,ROC,NY,AEA,CE,Combined TRACON& Tower with Radar,45,49,24,3,121,0,2,12,1,15,45,51,36,4,136,76,0,76,212
12/21/2014,ROC,NY,AEA,CE,Combined TRACON& Tower with Radar,42,57,15,2,116,0,0,16,2,18,42,57,31,4,134,56,0,56,190
12/22/2014,ROC,NY,AEA,CE,Combined TRACON& Tower with Radar,55,58,39,0,152,0,0,46,3,49,55,58,85,3,201,56,0,56,257
12/23/2014,ROC,NY,AEA,CE,Combined TRACON& Tower with Radar,55,61,14,0,130,0,1,5,0,6,55,62,19,0,136,128,0,128,264
12/24/2014,ROC,NY,AEA,CE,Combined TRACON& Tower with Radar,46,49,10,0,105,0,0,10,0,10,46,49,20,0,115,36,0,36,151
12/25/2014,ROC,NY,AEA,CE,Combined TRACON& Tower with Radar,43,31,2,0,76,0,0,0,0,0,43,31,2,0,76,0,0,0,76
12/26/2014,ROC,NY,AEA,CE,Combined TRACON& Tower with Radar,55,64,45,0,164,0,4,44,0,48,55,68,89,0,212,66,0,66,278
12/27/2014,ROC,NY,AEA,CE,Combined TRACON& Tower with Radar,40,62,30,0,132,0,1,39,0,40,40,63,69,0,172,126,0,126,298
12/28/2014,ROC,NY,AEA,CE,Combined TRACON& Tower with Radar,46,56,11,0,113,0,0,6,0,6,46,56,17,0,119,0,0,0,119
12/29/2014,ROC,NY,AEA,CE,Combined TRACON& Tower with Radar,49,54,26,0,129,0,0,17,2,19,49,54,43,2,148,58,0,58,206
12/30/2014,ROC,NY,AEA,CE,Combined TRACON& Tower with Radar,54,55,22,0,131,0,5,7,0,12,54,60,29,0,143,18,0,18,161
12/31/2014,ROC,NY,AEA,CE,Combined TRACON& Tower with Radar,47,48,14,1,110,0,0,10,1,11,47,48,24,2,121,0,0,0,121
01/01/2015,ROC,NY,AEA,CE,Combined TRACON& Tower with Radar,44,42,5,0,91,0,0,0,0,0,44,42,5,0,91,0,0,0,91
01/02/2015,ROC,NY,AEA,CE,Combined TRACON& Tower with Radar,56,63,27,0,146,0,1,10,0,11,56,64,37,0,157,106,0,106,263
01/03/2015,ROC,NY,AEA,CE,Combined TRACON& Tower with Radar,38,58,8,0,104,0,0,10,0,10,38,58,18,0,114,80,0,80,194
01/04/2015,ROC,NY,AEA,CE,Combined TRACON& Tower with Radar,44,61,16,0,121,0,0,0,0,0,44,61,16,0,121,0,0,0,121
01/05/2015,ROC,NY,AEA,CE,Combined TRACON& Tower with Radar,53,62,16,0,131,0,1,4,0,5,53,63,20,0,136,0,0,0,136
01/06/2015,ROC,NY,AEA,CE,Combined TRACON& Tower with Radar,56,59,20,0,135,0,0,0,0,0,56,59,20,0,135,24,0,24,159
01/07/2015,ROC,NY,AEA,CE,Combined TRACON& Tower with Radar,59,68,22,0,149,0,0,0,0,0,59,68,22,0,149,0,0,0,149
01/08/2015,ROC,NY,AEA,CE,Combined TRACON& Tower with Radar,57,68,8,2,135,0,1,4,0,5,57,69,12,2,140,0,0,0,140
01/09/2015,ROC,NY,AEA,CE,Combined TRACON& Tower with Radar,65,65,12,3,145,0,1,1,5,7,65,66,13,8,152,0,0,0,152
01/10/2015,ROC,NY,AEA,CE,Combined TRACON& Tower with Radar,35,52,20,0,107,0,1,3,7,11,35,53,23,7,118,0,0,0,118
01/11/2015,ROC,NY,AEA,CE,Combined TRACON& Tower with Radar,49,57,29,1,136,0,1,28,1,30,49,58,57,2,166,34,0,34,200
01/12/2015,ROC,NY,AEA,CE,Combined TRACON& Tower with Radar,58,65,11,0,134,0,0,0,0,0,58,65,11,0,134,0,0,0,134
01/13/2015,ROC,NY,AEA,CE,Combined TRACON& Tower with Radar,63,72,10,0,145,0,1,5,0,6,63,73,15,0,151,50,0,50,201
01/14/2015,ROC,NY,AEA,CE,Combined TRACON& Tower with Radar,59,69,24,6,158,0,2,20,12,34,59,71,44,18,192,156,0,156,348
01/15/2015,ROC,NY,AEA,CE,Combined TRACON& Tower with Radar,60,71,31,0,162,0,1,16,0,17,60,72,47,0,179,40,4,44,223
01/16/2015,ROC,NY,AEA,CE,Combined TRACON& Tower with Radar,61,62,14,0,137,0,1,2,0,3,61,63,16,0,140,0,0,0,140
01/17/2015,ROC,NY,AEA,CE,Combined TRACON& Tower with Radar,37,42,19,0,98,0,0,18,0,18,37,42,37,0,116,72,0,72,188
01/18/2015,ROC,NY,AEA,CE,Combined TRACON& Tower with Radar,46,44,12,0,102,0,0,3,0,3,46,44,15,0,105,98,0,98,203
01/19/2015,ROC,NY,AEA,CE,Combined TRACON& Tower with Radar,56,69,18,0,143,0,0,2,0,2,56,69,20,0,145,118,0,118,263
01/20/2015,ROC,NY,AEA,CE,Combined TRACON& Tower with Radar,62,72,19,6,159,0,3,10,16,29,62,75,29,22,188,62,8,70,258
01/21/2015,ROC,NY,AEA,CE,Combined TRACON& Tower with Radar,63,72,25,1,161,0,2,19,2,23,63,74,44,3,184,138,20,158,342
01/22/2015,ROC,NY,AEA,CE,Combined TRACON& Tower with Radar,57,69,25,3,154,0,0,14,0,14,57,69,39,3,168,148,24,172,340
01/23/2015,ROC,NY,AEA,CE,Combined TRACON& Tower with Radar,60,72,27,0,159,0,1,22,0,23,60,73,49,0,182,80,36,116,298
01/24/2015,ROC,NY,AEA,CE,Combined TRACON& Tower with Radar,35,47,7,0,89,0,0,4,0,4,35,47,11,0,93,56,0,56,149
01/25/2015,ROC,NY,AEA,CE,Combined TRACON& Tower with Radar,51,56,28,0,135,0,0,11,0,11,51,56,39,0,146,0,0,0,146
01/26/2015,ROC,NY,AEA,CE,Combined TRACON& Tower with Radar,45,56,16,0,117,0,0,5,0,5,45,56,21,0,122,0,0,0,122
01/27/2015,ROC,NY,AEA,CE,Combined TRACON& Tower with Radar,45,40,12,0,97,0,0,4,0,4,45,40,16,0,101,0,0,0,101
01/28/2015,ROC,NY,AEA,CE,Combined TRACON& Tower with Radar,62,66,13,3,144,0,1,35,13,49,62,67,48,16,193,122,14,136,329
01/29/2015,ROC,NY,AEA,CE,Combined TRACON& Tower with Radar,62,69,12,1,144,0,0,5,1,6,62,69,17,2,150,22,0,22,172
01/30/2015,ROC,NY,AEA,CE,Combined TRACON& Tower with Radar,62,67,15,0,144,0,0,1,0,1,62,67,16,0,145,0,0,0,145
01/31/2015,ROC,NY,AEA,CE,Combined TRACON& Tower with Radar,34,43,32,0,109,0,0,15,0,15,34,43,47,0,124,4,0,4,128
02/01/2015,ROC,NY,AEA,CE,Combined TRACON& Tower with Radar,34,40,12,0,86,0,0,0,0,0,34,40,12,0,86,0,0,0,86
02/02/2015,ROC,NY,AEA,CE,Combined TRACON& Tower with Radar,27,37,10,0,74,0,0,0,0,0,27,37,10,0,74,0,0,0,74
02/03/2015,ROC,NY,AEA,CE,Combined TRACON& Tower with Radar,55,65,28,2,150,0,2,14,10,26,55,67,42,12,176,64,20,84,260
02/04/2015,ROC,NY,AEA,CE,Combined TRACON& Tower with Radar,60,67,23,0,150,0,0,0,2,2,60,67,23,2,152,0,0,0,152
02/05/2015,ROC,NY,AEA,CE,Combined TRACON& Tower with Radar,61,61,17,4,143,0,1,1,0,2,61,62,18,4,145,0,0,0,145
02/06/2015,ROC,NY,AEA,CE,Combined TRACON& Tower with Radar,63,72,21,0,156,0,1,2,0,3,63,73,23,0,159,0,0,0,159
02/07/2015,ROC,NY,AEA,CE,Combined TRACON& Tower with Radar,36,37,5,0,78,0,0,3,0,3,36,37,8,0,81,0,0,0,81
02/08/2015,ROC,NY,AEA,CE,Combined TRACON& Tower with Radar,52,56,5,0,113,0,0,0,0,0,52,56,5,0,113,0,0,0,113
02/09/2015,ROC,NY,AEA,CE,Combined TRACON& Tower with Radar,45,45,14,2,106,0,0,0,0,0,45,45,14,2,106,0,0,0,106
02/10/2015,ROC,NY,AEA,CE,Combined TRACON& Tower with Radar,63,67,16,0,146,0,0,2,0,2,63,67,18,0,148,0,0,0,148
02/11/2015,ROC,NY,AEA,CE,Combined TRACON& Tower with Radar,58,68,19,6,151,0,0,26,10,36,58,68,45,16,187,96,8,104,291
02/12/2015,ROC,NY,AEA,CE,Combined TRACON& Tower with Radar,61,74,24,2,161,0,0,2,0,2,61,74,26,2,163,0,0,0,163
02/13/2015,ROC,NY,AEA,CE,Combined TRACON& Tower with Radar,65,68,20,0,153,0,1,8,5,14,65,69,28,5,167,0,0,0,167
02/14/2015,ROC,NY,AEA,CE,Combined TRACON& Tower with Radar,35,37,12,0,84,0,0,0,0,0,35,37,12,0,84,78,0,78,162
02/15/2015,ROC,NY,AEA,CE,Combined TRACON& Tower with Radar,48,25,5,0,78,0,0,0,0,0,48,25,5,0,78,0,0,0,78
02/16/2015,ROC,NY,AEA,CE,Combined TRACON& Tower with Radar,61,50,12,0,123,0,0,12,0,12,61,50,24,0,135,6,0,6,141
02/17/2015,ROC,NY,AEA,CE,Combined TRACON& Tower with Radar,61,52,12,7,132,0,1,19,16,36,61,53,31,23,168,16,24,40,208
02/18/2015,ROC,NY,AEA,CE,Combined TRACON& Tower with Radar,69,65,17,2,153,0,0,1,3,4,69,65,18,5,157,0,0,0,157
02/19/2015,ROC,NY,AEA,CE,Combined TRACON& Tower with Radar,69,53,10,4,136,0,1,1,3,5,69,54,11,7,141,16,14,30,171
02/20/2015,ROC,NY,AEA,CE,Combined TRACON& Tower with Radar,69,60,16,1,146,0,4,7,1,12,69,64,23,2,158,6,20,26,184
02/21/2015,ROC,NY,AEA,CE,Combined TRACON& Tower with Radar,37,30,15,0,82,0,1,5,0,6,37,31,20,0,88,0,0,0,88
02/22/2015,ROC,NY,AEA,CE,Combined TRACON& Tower with Radar,59,44,24,2,129,0,0,28,2,30,59,44,52,4,159,0,0,0,159
02/23/2015,ROC,NY,AEA,CE,Combined TRACON& Tower with Radar,62,65,9,4,140,0,1,0,3,4,62,66,9,7,144,18,0,18,162
02/24/2015,ROC,NY,AEA,CE,Combined TRACON& Tower with Radar,68,68,16,9,161,0,0,9,10,19,68,68,25,19,180,62,12,74,254
02/25/2015,ROC,NY,AEA,CE,Combined TRACON& Tower with Radar,63,64,25,6,158,0,0,7,10,17,63,64,32,16,175,30,0,30,205
02/26/2015,ROC,NY,AEA,CE,Combined TRACON& Tower with Radar,67,63,25,2,157,0,0,10,2,12,67,63,35,4,169,0,0,0,169
02/27/2015,ROC,NY,AEA,CE,Combined TRACON& Tower with Radar,69,58,23,1,151,0,0,17,1,18,69,58,40,2,169,0,0,0,169
02/28/2015,ROC,NY,AEA,CE,Combined TRACON& Tower with Radar,45,42,18,1,106,0,0,33,3,36,45,42,51,4,142,84,0,84,226
03/01/2015,ROC,NY,AEA,CE,Combined TRACON& Tower with Radar,49,30,10,0,89,0,0,3,0,3,49,30,13,0,92,0,0,0,92
03/02/2015,ROC,NY,AEA,CE,Combined TRACON& Tower with Radar,60,58,26,2,146,0,1,2,3,6,60,59,28,5,152,0,8,8,160
03/03/2015,ROC,NY,AEA,CE,Combined TRACON& Tower with Radar,67,43,13,2,125,0,0,10,4,14,67,43,23,6,139,20,6,26,165
03/04/2015,ROC,NY,AEA,CE,Combined TRACON& Tower with Radar,64,62,15,2,143,0,0,7,9,16,64,62,22,11,159,26,0,26,185
03/05/2015,ROC,NY,AEA,CE,Combined TRACON& Tower with Radar,45,40,17,4,106,0,0,2,2,4,45,40,19,6,110,0,0,0,110
03/06/2015,ROC,NY,AEA,CE,Combined TRACON& Tower with Radar,59,53,15,0,127,0,4,20,0,24,59,57,35,0,151,74,10,84,235
03/07/2015,ROC,NY,AEA,CE,Combined TRACON& Tower with Radar,49,47,14,0,110,0,0,5,0,5,49,47,19,0,115,102,0,102,217
03/08/2015,ROC,NY,AEA,CE,Combined TRACON& Tower with Radar,54,54,13,0,121,0,2,9,0,11,54,56,22,0,132,154,12,166,298
03/09/2015,ROC,NY,AEA,CE,Combined TRACON& Tower with Radar,65,65,23,2,155,0,5,24,4,33,65,70,47,6,188,154,0,154,342
03/10/2015,ROC,NY,AEA,CE,Combined TRACON& Tower with Radar,66,56,16,5,143,0,0,37,2,39,66,56,53,7,182,173,54,227,409
03/11/2015,ROC,NY,AEA,CE,Combined TRACON& Tower with Radar,69,62,31,2,164,0,1,30,0,31,69,63,61,2,195,142,2,144,339
03/12/2015,ROC,NY,AEA,CE,Combined TRACON& Tower with Radar,63,70,31,2,166,0,1,37,4,42,63,71,68,6,208,94,0,94,302
03/13/2015,ROC,NY,AEA,CE,Combined TRACON& Tower with Radar,63,65,17,2,147,0,2,38,11,51,63,67,55,13,198,148,22,170,368
03/14/2015,ROC,NY,AEA,CE,Combined TRACON& Tower with Radar,50,42,14,3,109,0,0,2,10,12,50,42,16,13,121,0,0,0,121
03/15/2015,ROC,NY,AEA,CE,Combined TRACON& Tower with Radar,53,44,12,2,111,0,1,2,4,7,53,45,14,6,118,0,0,0,118
03/16/2015,ROC,NY,AEA,CE,Combined TRACON& Tower with Radar,62,57,33,1,153,0,1,31,3,35,62,58,64,4,188,154,0,154,342
03/17/2015,ROC,NY,AEA,CE,Combined TRACON& Tower with Radar,61,68,20,1,150,0,0,1,0,1,61,68,21,1,151,0,0,0,151
03/18/2015,ROC,NY,AEA,CE,Combined TRACON& Tower with Radar,65,57,29,10,161,0,1,8,7,16,65,58,37,17,177,0,36,36,213
03/19/2015,ROC,NY,AEA,CE,Combined TRACON& Tower with Radar,66,57,29,3,155,0,6,38,19,63,66,63,67,22,218,156,42,198,416
03/20/2015,ROC,NY,AEA,CE,Combined TRACON& Tower with Radar,58,51,25,0,134,0,0,9,0,9,58,51,34,0,143,88,0,88,231
03/21/2015,ROC,NY,AEA,CE,Combined TRACON& Tower with Radar,51,41,6,0,98,0,0,4,0,4,51,41,10,0,102,0,0,0,102
03/22/2015,ROC,NY,AEA,CE,Combined TRACON& Tower with Radar,55,54,7,0,116,0,1,7,0,8,55,55,14,0,124,58,0,58,182
03/23/2015,ROC,NY,AEA,CE,Combined TRACON& Tower with Radar,56,64,23,7,150,0,2,20,5,27,56,66,43,12,177,268,0,268,445
03/24/2015,ROC,NY,AEA,CE,Combined TRACON& Tower with Radar,68,65,16,2,151,0,1,31,5,37,68,66,47,7,188,58,116,174,362
03/25/2015,ROC,NY,AEA,CE,Combined TRACON& Tower with Radar,65,75,22,5,167,0,2,10,16,28,65,77,32,21,195,102,58,160,355
03/26/2015,ROC,NY,AEA,CE,Combined TRACON& Tower with Radar,61,59,15,2,137,0,0,2,0,2,61,59,17,2,139,2,0,2,141
03/27/2015,ROC,NY,AEA,CE,Combined TRACON& Tower with Radar,67,68,19,0,154,0,0,3,0,3,67,68,22,0,157,0,0,0,157
03/28/2015,ROC,NY,AEA,CE,Combined TRACON& Tower with Radar,53,46,14,0,113,0,0,7,0,7,53,46,21,0,120,108,4,112,232
03/29/2015,ROC,NY,AEA,CE,Combined TRACON& Tower with Radar,53,48,25,0,126,0,0,40,0,40,53,48,65,0,166,136,6,142,308
03/30/2015,ROC,NY,AEA,CE,Combined TRACON& Tower with Radar,56,59,16,0,131,0,0,7,4,11,56,59,23,4,142,0,0,0,142
03/31/2015,ROC,NY,AEA,CE,Combined TRACON& Tower with Radar,62,65,25,6,158,0,0,26,8,34,62,65,51,14,192,144,2,146,338
04/01/2015,ROC,NY,AEA,CE,Combined TRACON& Tower with Radar,62,62,20,5,149,0,1,48,1,50,62,63,68,6,199,176,6,182,381
04/02/2015,ROC,NY,AEA,CE,Combined TRACON& Tower with Radar,61,71,20,2,154,0,1,19,3,23,61,72,39,5,177,234,2,236,413
04/03/2015,ROC,NY,AEA,CE,Combined TRACON& Tower with Radar,58,58,34,0,150,0,0,15,0,15,58,58,49,0,165,202,0,202,367
04/04/2015,ROC,NY,AEA,CE,Combined TRACON& Tower with Radar,46,39,16,0,101,0,1,10,0,11,46,40,26,0,112,48,52,100,212
04/05/2015,ROC,NY,AEA,CE,Combined TRACON& Tower with Radar,50,55,22,0,127,0,0,1,0,1,50,55,23,0,128,0,0,0,128
04/06/2015,ROC,NY,AEA,CE,Combined TRACON& Tower with Radar,54,70,33,0,157,0,1,12,2,15,54,71,45,2,172,180,0,180,352
04/07/2015,ROC,NY,AEA,CE,Combined TRACON& Tower with Radar,54,79,29,2,164,0,0,10,0,10,54,79,39,2,174,230,0,230,404
04/08/2015,ROC,NY,AEA,CE,Combined TRACON& Tower with Radar,53,67,17,0,137,0,0,0,0,0,53,67,17,0,137,0,0,0,137
04/09/2015,ROC,NY,AEA,CE,Combined TRACON& Tower with Radar,49,67,16,0,132,0,0,7,6,13,49,67,23,6,145,28,8,36,181
04/10/2015,ROC,NY,AEA,CE,Combined TRACON& Tower with Radar,55,73,17,0,145,0,0,0,4,4,55,73,17,4,149,0,0,0,149
04/11/2015,ROC,NY,AEA,CE,Combined TRACON& Tower with Radar,43,46,27,2,118,0,0,18,14,32,43,46,45,16,150,56,26,82,232
04/12/2015,ROC,NY,AEA,CE,Combined TRACON& Tower with Radar,44,56,23,0,123,0,0,43,0,43,44,56,66,0,166,156,4,160,326
04/13/2015,ROC,NY,AEA,CE,Combined TRACON& Tower with Radar,45,74,22,1,142,0,1,27,3,31,45,75,49,4,173,124,6,130,303
04/14/2015,ROC,NY,AEA,CE,Combined TRACON& Tower with Radar,58,74,29,2,163,0,2,52,12,66,58,76,81,14,229,96,74,170,399
04/15/2015,ROC,NY,AEA,CE,Combined TRACON& Tower with Radar,54,67,33,1,155,0,1,52,3,56,54,68,85,4,211,212,8,220,431
04/16/2015,ROC,NY,AEA,CE,Combined TRACON& Tower with Radar,49,73,27,1,150,0,1,30,1,32,49,74,57,2,182,166,0,166,348
04/17/2015,ROC,NY,AEA,CE,Combined TRACON& Tower with Radar,54,81,30,0,165,0,1,6,0,7,54,82,36,0,172,52,0,52,224
04/18/2015,ROC,NY,AEA,CE,Combined TRACON& Tower with Radar,42,45,12,0,99,0,1,27,0,28,42,46,39,0,127,112,0,112,239
04/19/2015,ROC,NY,AEA,CE,Combined TRACON& Tower with Radar,45,53,28,0,126,0,1,33,0,34,45,54,61,0,160,68,0,68,228
04/20/2015,ROC,NY,AEA,CE,Combined TRACON& Tower with Radar,41,59,19,1,120,0,2,3,1,6,41,61,22,2,126,0,0,0,126
04/21/2015,ROC,NY,AEA,CE,Combined TRACON& Tower with Radar,59,80,26,0,165,0,1,6,0,7,59,81,32,0,172,0,0,0,172
04/22/2015,ROC,NY,AEA,CE,Combined TRACON& Tower with Radar,57,80,15,4,156,0,0,4,6,10,57,80,19,10,166,30,32,62,228
04/23/2015,ROC,NY,AEA,CE,Combined TRACON& Tower with Radar,53,78,22,6,159,0,0,9,4,13,53,78,31,10,172,10,0,10,182
04/24/2015,ROC,NY,AEA,CE,Combined TRACON& Tower with Radar,52,77,15,3,147,0,0,3,0,3,52,77,18,3,150,130,2,132,282
04/25/2015,ROC,NY,AEA,CE,Combined TRACON& Tower with Radar,44,46,21,0,111,0,1,49,0,50,44,47,70,0,161,168,6,174,335
04/26/2015,ROC,NY,AEA,CE,Combined TRACON& Tower with Radar,48,53,40,0,141,0,2,21,0,23,48,55,61,0,164,210,0,210,374
04/27/2015,ROC,NY,AEA,CE,Combined TRACON& Tower with Radar,43,79,23,3,148,0,0,9,2,11,43,79,32,5,159,120,8,128,287
04/28/2015,ROC,NY,AEA,CE,Combined TRACON& Tower with Radar,54,77,39,3,173,0,0,33,15,48,54,77,72,18,221,126,18,144,365
04/29/2015,ROC,NY,AEA,CE,Combined TRACON& Tower with Radar,50,78,21,4,153,0,1,27,2,30,50,79,48,6,183,140,0,140,323
04/30/2015,ROC,NY,AEA,CE,Combined TRACON& Tower with Radar,54,83,40,2,179,0,2,28,4,34,54,85,68,6,213,28,0,28,241
05/01/2015,ROC,NY,AEA,CE,Combined TRACON& Tower with Radar,55,78,36,1,170,0,0,31,2,33,55,78,67,3,203,196,22,218,421
05/02/2015,ROC,NY,AEA,CE,Combined TRACON& Tower with Radar,49,41,17,1,108,0,1,30,2,33,49,42,47,3,141,34,0,34,175
05/03/2015,ROC,NY,AEA,CE,Combined TRACON& Tower with Radar,48,54,19,0,121,0,1,35,4,40,48,55,54,4,161,138,0,138,299
05/04/2015,ROC,NY,AEA,CE,Combined TRACON& Tower with Radar,49,73,30,0,152,0,2,17,2,21,49,75,47,2,173,130,0,130,303
05/05/2015,ROC,NY,AEA,CE,Combined TRACON& Tower with Radar,59,77,27,4,167,0,1,21,2,24,59,78,48,6,191,0,0,0,191
05/06/2015,ROC,NY,AEA,CE,Combined TRACON& Tower with Radar,58,75,26,3,162,0,0,36,7,43,58,75,62,10,205,102,4,106,311
05/07/2015,ROC,NY,AEA,CE,Combined TRACON& Tower with Radar,59,80,37,2,178,0,2,48,2,52,59,82,85,4,230,80,0,80,310
05/08/2015,ROC,NY,AEA,CE,Combined TRACON& Tower with Radar,54,83,31,4,172,0,0,34,1,35,54,83,65,5,207,66,0,66,273
05/09/2015,ROC,NY,AEA,CE,Combined TRACON& Tower with Radar,53,55,17,2,127,0,1,42,0,43,53,56,59,2,170,166,4,170,340
05/10/2015,ROC,NY,AEA,CE,Combined TRACON& Tower with Radar,55,58,14,0,127,0,0,18,0,18,55,58,32,0,145,180,0,180,325
05/11/2015,ROC,NY,AEA,CE,Combined TRACON& Tower with Radar,52,78,39,0,169,0,2,21,0,23,52,80,60,0,192,66,0,66,258
05/12/2015,ROC,NY,AEA,CE,Combined TRACON& Tower with Radar,66,90,17,4,177,0,1,4,2,7,66,91,21,6,184,0,0,0,184
05/13/2015,ROC,NY,AEA,CE,Combined TRACON& Tower with Radar,59,79,29,10,177,0,0,13,4,17,59,79,42,14,194,24,6,30,224
05/14/2015,ROC,NY,AEA,CE,Combined TRACON& Tower with Radar,62,79,41,0,182,0,4,41,1,46,62,83,82,1,228,102,0,102,330
05/15/2015,ROC,NY,AEA,CE,Combined TRACON& Tower with Radar,57,85,36,0,178,0,2,23,2,27,57,87,59,2,205,0,0,0,205
05/16/2015,ROC,NY,AEA,CE,Combined TRACON& Tower with Radar,51,52,33,0,136,0,0,7,0,7,51,52,40,0,143,76,0,76,219
05/17/2015,ROC,NY,AEA,CE,Combined TRACON& Tower with Radar,56,56,23,0,135,0,0,33,0,33,56,56,56,0,168,68,10,78,246
05/18/2015,ROC,NY,AEA,CE,Combined TRACON& Tower with Radar,51,77,27,5,160,0,0,11,4,15,51,77,38,9,175,168,6,174,349
05/19/2015,ROC,NY,AEA,CE,Combined TRACON& Tower with Radar,63,80,37,2,182,0,0,10,3,13,63,80,47,5,195,136,0,136,331
05/20/2015,ROC,NY,AEA,CE,Combined TRACON& Tower with Radar,66,75,43,5,189,0,3,12,18,33,66,78,55,23,222,102,18,120,342
05/21/2015,ROC,NY,AEA,CE,Combined TRACON& Tower with Radar,64,77,27,10,178,0,1,31,3,35,64,78,58,13,213,138,96,234,447
05/22/2015,ROC,NY,AEA,CE,Combined TRACON& Tower with Radar,65,75,21,5,166,0,0,26,1,27,65,75,47,6,193,0,8,8,201
05/23/2015,ROC,NY,AEA,CE,Combined TRACON& Tower with Radar,45,45,8,4,102,0,4,21,0,25,45,49,29,4,127,74,78,152,279
05/24/2015,ROC,NY,AEA,CE,Combined TRACON& Tower with Radar,42,37,8,1,88,0,0,40,3,43,42,37,48,4,131,8,0,8,139
05/25/2015,ROC,NY,AEA,CE,Combined TRACON& Tower with Radar,47,59,13,1,120,0,0,24,0,24,47,59,37,1,144,18,0,18,162
05/26/2015,ROC,NY,AEA,CE,Combined TRACON& Tower with Radar,57,72,28,9,166,0,0,23,3,26,57,72,51,12,192,144,12,156,348
05/27/2015,ROC,NY,AEA,CE,Combined TRACON& Tower with Radar,63,70,32,4,169,0,2,30,0,32,63,72,62,4,201,164,32,196,397
05/28/2015,ROC,NY,AEA,CE,Combined TRACON& Tower with Radar,63,86,32,0,181,0,0,37,12,49,63,86,69,12,230,36,0,36,266
05/29/2015,ROC,NY,AEA,CE,Combined TRACON& Tower with Radar,58,76,32,0,166,0,1,30,10,41,58,77,62,10,207,68,50,118,325
05/30/2015,ROC,NY,AEA,CE,Combined TRACON& Tower with Radar,50,50,16,1,117,0,1,23,17,41,50,51,39,18,158,0,0,0,158
05/31/2015,ROC,NY,AEA,CE,Combined TRACON& Tower with Radar,44,52,7,0,103,0,0,0,0,0,44,52,7,0,103,0,0,0,103
06/01/2015,ROC,NY,AEA,CE,Combined TRACON& Tower with Radar,55,56,30,0,141,0,0,0,0,0,55,56,30,0,141,0,0,0,141
06/02/2015,ROC,NY,AEA,CE,Combined TRACON& Tower with Radar,64,81,29,3,177,0,0,31,5,36,64,81,60,8,213,36,0,36,249
06/03/2015,ROC,NY,AEA,CE,Combined TRACON& Tower with Radar,69,73,27,0,169,0,0,44,2,46,69,73,71,2,215,34,0,34,249
06/04/2015,ROC,NY,AEA,CE,Combined TRACON& Tower with Radar,62,92,48,0,202,0,0,51,2,53,62,92,99,2,255,178,0,178,433
06/05/2015,ROC,NY,AEA,CE,Combined TRACON& Tower with Radar,60,97,35,0,192,0,0,28,2,30,60,97,63,2,222,28,0,28,250
06/06/2015,ROC,NY,AEA,CE,Combined TRACON& Tower with Radar,44,55,18,0,117,0,1,40,0,41,44,56,58,0,158,54,0,54,212
06/07/2015,ROC,NY,AEA,CE,Combined TRACON& Tower with Radar,49,63,26,0,138,0,1,42,0,43,49,64,68,0,181,80,0,80,261
06/08/2015,ROC,NY,AEA,CE,Combined TRACON& Tower with Radar,49,69,21,0,139,0,0,5,0,5,49,69,26,0,144,74,0,74,218
06/09/2015,ROC,NY,AEA,CE,Combined TRACON& Tower with Radar,51,77,29,3,160,0,0,4,1,5,51,77,33,4,165,10,0,10,175
06/10/2015,ROC,NY,AEA,CE,Combined TRACON& Tower with Radar,59,89,20,8,176,0,0,22,12,34,59,89,42,20,210,152,22,174,384
06/11/2015,ROC,NY,AEA,CE,Combined TRACON& Tower with Radar,55,84,31,1,171,0,1,55,3,59,55,85,86,4,230,36,14,50,280
06/12/2015,ROC,NY,AEA,CE,Combined TRACON& Tower with Radar,59,78,13,1,151,0,1,14,1,16,59,79,27,2,167,28,0,28,195
06/13/2015,ROC,NY,AEA,CE,Combined TRACON& Tower with Radar,41,60,28,0,129,0,0,48,0,48,41,60,76,0,177,146,0,146,323
06/14/2015,ROC,NY,AEA,CE,Combined TRACON& Tower with Radar,48,56,40,0,144,0,1,35,0,36,48,57,75,0,180,76,6,82,262
06/15/2015,ROC,NY,AEA,CE,Combined TRACON& Tower with Radar,51,72,37,0,160,0,0,1,0,1,51,72,38,0,161,0,0,0,161
06/16/2015,ROC,NY,AEA,CE,Combined TRACON& Tower with Radar,60,75,32,3,170,0,0,31,11,42,60,75,63,14,212,74,16,90,302
06/17/2015,ROC,NY,AEA,CE,Combined TRACON& Tower with Radar,58,82,29,1,170,0,0,41,9,50,58,82,70,10,220,146,24,170,390
06/18/2015,ROC,NY,AEA,CE,Combined TRACON& Tower with Radar,50,79,16,1,146,0,0,28,1,29,50,79,44,2,175,180,54,234,409
06/19/2015,ROC,NY,AEA,CE,Combined TRACON& Tower with Radar,56,81,48,0,185,0,0,30,2,32,56,81,78,2,217,112,0,112,329
06/20/2015,ROC,NY,AEA,CE,Combined TRACON& Tower with Radar,40,50,14,0,104,0,0,39,0,39,40,50,53,0,143,44,0,44,187
06/21/2015,ROC,NY,AEA,CE,Combined TRACON& Tower with Radar,47,60,14,2,123,0,0,10,4,14,47,60,24,6,137,10,0,10,147
06/22/2015,ROC,NY,AEA,CE,Combined TRACON& Tower with Radar,47,72,28,4,151,0,4,32,0,36,47,76,60,4,187,66,0,66,253
06/23/2015,ROC,NY,AEA,CE,Combined TRACON& Tower with Radar,54,74,18,1,147,0,0,3,5,8,54,74,21,6,155,34,0,34,189
06/24/2015,ROC,NY,AEA,CE,Combined TRACON& Tower with Radar,53,90,44,0,187,0,2,38,3,43,53,92,82,3,230,60,0,60,290
06/25/2015,ROC,NY,AEA,CE,Combined TRACON& Tower with Radar,55,79,35,6,175,0,1,46,10,57,55,80,81,16,232,104,26,130,362
06/26/2015,ROC,NY,AEA,CE,Combined TRACON& Tower with Radar,54,97,44,3,198,0,3,42,5,50,54,100,86,8,248,158,8,166,414
06/27/2015,ROC,NY,AEA,CE,Combined TRACON& Tower with Radar,42,59,21,4,126,0,0,4,4,8,42,59,25,8,134,6,2,8,142
06/28/2015,ROC,NY,AEA,CE,Combined TRACON& Tower with Radar,47,60,27,2,136,0,0,2,0,2,47,60,29,2,138,0,0,0,138
06/29/2015,ROC,NY,AEA,CE,Combined TRACON& Tower with Radar,52,69,39,14,174,0,0,18,0,18,52,69,57,14,192,48,12,60,252
06/30/2015,ROC,NY,AEA,CE,Combined TRACON& Tower with Radar,56,68,28,1,153,0,0,11,1,12,56,68,39,2,165,114,60,174,339
07/01/2015,ROC,NY,AEA,CE,Combined TRACON& Tower with Radar,66,77,29,4,176,0,2,5,12,19,66,79,34,16,195,46,12,58,253
07/02/2015,ROC,NY,AEA,CE,Combined TRACON& Tower with Radar,59,78,40,1,178,0,2,35,7,44,59,80,75,8,222,180,36,216,438
07/03/2015,ROC,NY,AEA,CE,Combined TRACON& Tower with Radar,55,51,16,0,122,0,2,52,0,54,55,53,68,0,176,136,0,136,312
07/04/2015,ROC,NY,AEA,CE,Combined TRACON& Tower with Radar,37,39,5,0,81,0,0,18,0,18,37,39,23,0,99,0,0,0,99
07/05/2015,ROC,NY,AEA,CE,Combined TRACON& Tower with Radar,51,68,21,0,140,0,3,24,0,27,51,71,45,0,167,116,0,116,283
07/06/2015,ROC,NY,AEA,CE,Combined TRACON& Tower with Radar,55,80,32,8,175,0,2,31,3,36,55,82,63,11,211,116,12,128,339
07/07/2015,ROC,NY,AEA,CE,Combined TRACON& Tower with Radar,64,86,31,4,185,0,0,18,5,23,64,86,49,9,208,128,0,128,336
07/08/2015,ROC,NY,AEA,CE,Combined TRACON& Tower with Radar,56,78,35,2,171,0,1,31,2,34,56,79,66,4,205,70,2,72,277
07/09/2015,ROC,NY,AEA,CE,Combined TRACON& Tower with Radar,56,78,37,3,174,0,0,12,2,14,56,78,49,5,188,42,0,42,230
07/10/2015,ROC,NY,AEA,CE,Combined TRACON& Tower with Radar,65,69,31,0,165,0,2,63,6,71,65,71,94,6,236,142,0,142,378
07/11/2015,ROC,NY,AEA,CE,Combined TRACON& Tower with Radar,43,55,12,0,110,0,1,41,3,45,43,56,53,3,155,70,0,70,225
07/12/2015,ROC,NY,AEA,CE,Combined TRACON& Tower with Radar,57,52,29,0,138,0,1,32,3,36,57,53,61,3,174,0,0,0,174
07/13/2015,ROC,NY,AEA,CE,Combined TRACON& Tower with Radar,51,69,28,1,149,0,0,31,6,37,51,69,59,7,186,108,6,114,300
07/14/2015,ROC,NY,AEA,CE,Combined TRACON& Tower with Radar,57,77,15,0,149,0,0,3,0,3,57,77,18,0,152,106,0,106,258
07/15/2015,ROC,NY,AEA,CE,Combined TRACON& Tower with Radar,57,83,44,2,186,0,0,20,4,24,57,83,64,6,210,138,2,140,350
07/16/2015,ROC,NY,AEA,CE,Combined TRACON& Tower with Radar,60,71,32,1,164,0,2,62,5,69,60,73,94,6,233,151,6,157,390
07/17/2015,ROC,NY,AEA,CE,Combined TRACON& Tower with Radar,57,74,26,0,157,0,1,42,0,43,57,75,68,0,200,48,0,48,248
07/18/2015,ROC,NY,AEA,CE,Combined TRACON& Tower with Radar,40,51,10,0,101,0,2,19,0,21,40,53,29,0,122,0,0,0,122
07/19/2015,ROC,NY,AEA,CE,Combined TRACON& Tower with Radar,50,72,18,0,140,0,0,21,0,21,50,72,39,0,161,86,0,86,247
07/20/2015,ROC,NY,AEA,CE,Combined TRACON& Tower with Radar,57,68,27,0,152,0,2,34,3,39,57,70,61,3,191,92,0,92,283
07/21/2015,ROC,NY,AEA,CE,Combined TRACON& Tower with Radar,57,71,32,0,160,0,0,26,1,27,57,71,58,1,187,90,2,92,279
07/22/2015,ROC,NY,AEA,CE,Combined TRACON& Tower with Radar,65,91,44,0,200,0,1,36,4,41,65,92,80,4,241,92,35,127,368
07/23/2015,ROC,NY,AEA,CE,Combined TRACON& Tower with Radar,59,81,41,0,181,0,2,61,2,65,59,83,102,2,246,84,2,86,332
07/24/2015,ROC,NY,AEA,CE,Combined TRACON& Tower with Radar,56,76,38,1,171,0,0,51,5,56,56,76,89,6,227,78,4,82,309
07/25/2015,ROC,NY,AEA,CE,Combined TRACON& Tower with Radar,42,50,12,0,104,0,0,30,0,30,42,50,42,0,134,26,0,26,160
07/26/2015,ROC,NY,AEA,CE,Combined TRACON& Tower with Radar,52,62,28,1,143,0,3,19,0,22,52,65,47,1,165,28,0,28,193
07/27/2015,ROC,NY,AEA,CE,Combined TRACON& Tower with Radar,54,74,25,3,156,0,1,24,2,27,54,75,49,5,183,62,0,62,245
07/28/2015,ROC,NY,AEA,CE,Combined TRACON& Tower with Radar,62,76,31,6,175,0,0,39,2,41,62,76,70,8,216,32,0,32,248
07/29/2015,ROC,NY,AEA,CE,Combined TRACON& Tower with Radar,62,90,32,3,187,0,1,48,1,50,62,91,80,4,237,0,0,0,237
07/30/2015,ROC,NY,AEA,CE,Combined TRACON& Tower with Radar,54,74,35,2,165,0,1,16,2,19,54,75,51,4,184,0,0,0,184
07/31/2015,ROC,NY,AEA,CE,Combined TRACON& Tower with Radar,58,84,29,0,171,0,1,41,1,43,58,85,70,1,214,128,14,142,356
08/01/2015,ROC,NY,AEA,CE,Combined TRACON& Tower with Radar,45,54,25,0,124,0,0,31,0,31,45,54,56,0,155,112,0,112,267
08/02/2015,ROC,NY,AEA,CE,Combined TRACON& Tower with Radar,53,63,38,0,154,0,1,30,1,32,53,64,68,1,186,130,2,132,318
08/03/2015,ROC,NY,AEA,CE,Combined TRACON& Tower with Radar,52,81,27,0,160,0,0,3,0,3,52,81,30,0,163,0,0,0,163
08/04/2015,ROC,NY,AEA,CE,Combined TRACON& Tower with Radar,56,79,24,0,159,0,1,30,0,31,56,80,54,0,190,0,0,0,190
08/05/2015,ROC,NY,AEA,CE,Combined TRACON& Tower with Radar,63,87,52,1,203,0,1,48,11,60,63,88,100,12,263,20,0,20,283
08/06/2015,ROC,NY,AEA,CE,Combined TRACON& Tower with Radar,61,77,28,0,166,0,0,53,0,53,61,77,81,0,219,72,0,72,291
08/07/2015,ROC,NY,AEA,CE,Combined TRACON& Tower with Radar,58,90,33,4,185,0,1,50,2,53,58,91,83,6,238,10,0,10,248
08/08/2015,ROC,NY,AEA,CE,Combined TRACON& Tower with Radar,44,56,10,0,110,0,0,55,0,55,44,56,65,0,165,6,0,6,171
08/09/2015,ROC,NY,AEA,CE,Combined TRACON& Tower with Radar,53,61,26,0,140,0,1,51,0,52,53,62,77,0,192,51,0,51,243
08/10/2015,ROC,NY,AEA,CE,Combined TRACON& Tower with Radar,54,80,28,0,162,0,1,19,2,22,54,81,47,2,184,28,0,28,212
08/11/2015,ROC,NY,AEA,CE,Combined TRACON& Tower with Radar,59,69,24,3,155,0,1,20,9,30,59,70,44,12,185,28,0,28,213
08/12/2015,ROC,NY,AEA,CE,Combined TRACON& Tower with Radar,55,88,31,6,180,0,0,23,4,27,55,88,54,10,207,34,4,38,245
08/13/2015,ROC,NY,AEA,CE,Combined TRACON& Tower with Radar,56,86,49,5,196,0,3,70,13,86,56,89,119,18,282,70,0,70,352
08/14/2015,ROC,NY,AEA,CE,Combined TRACON& Tower with Radar,56,85,20,0,161,0,0,15,0,15,56,85,35,0,176,30,0,30,206
08/15/2015,ROC,NY,AEA,CE,Combined TRACON& Tower with Radar,40,53,20,0,113,0,1,42,0,43,40,54,62,0,156,0,0,0,156
08/16/2015,ROC,NY,AEA,CE,Combined TRACON& Tower with Radar,53,66,23,0,142,0,3,42,0,45,53,69,65,0,187,6,0,6,193
08/17/2015,ROC,NY,AEA,CE,Combined TRACON& Tower with Radar,52,76,29,0,157,0,1,50,4,55,52,77,79,4,212,24,0,24,236
08/18/2015,ROC,NY,AEA,CE,Combined TRACON& Tower with Radar,53,85,30,0,168,0,0,18,8,26,53,85,48,8,194,14,4,18,212
08/19/2015,ROC,NY,AEA,CE,Combined TRACON& Tower with Radar,61,74,33,14,182,0,1,26,6,33,61,75,59,20,215,94,8,102,317
08/20/2015,ROC,NY,AEA,CE,Combined TRACON& Tower with Radar,58,79,36,3,176,0,0,8,9,17,58,79,44,12,193,24,6,30,223
08/21/2015,ROC,NY,AEA,CE,Combined TRACON& Tower with Radar,63,77,25,1,166,0,1,43,6,50,63,78,68,7,216,24,6,30,246
08/22/2015,ROC,NY,AEA,CE,Combined TRACON& Tower with Radar,44,48,11,0,103,0,2,26,1,29,44,50,37,1,132,0,0,0,132
08/23/2015,ROC,NY,AEA,CE,Combined TRACON& Tower with Radar,50,59,27,0,136,0,1,48,2,51,50,60,75,2,187,6,0,6,193
08/24/2015,ROC,NY,AEA,CE,Combined TRACON& Tower with Radar,54,80,35,1,170,0,0,19,3,22,54,80,54,4,192,58,0,58,250
08/25/2015,ROC,NY,AEA,CE,Combined TRACON& Tower with Radar,64,84,28,9,185,0,0,39,5,44,64,84,67,14,229,112,0,112,341
08/26/2015,ROC,NY,AEA,CE,Combined TRACON& Tower with Radar,66,84,28,4,182,0,1,38,10,49,66,85,66,14,231,46,2,48,279
08/27/2015,ROC,NY,AEA,CE,Combined TRACON& Tower with Radar,61,84,46,0,191,0,1,38,6,45,61,85,84,6,236,50,4,54,290
08/28/2015,ROC,NY,AEA,CE,Combined TRACON& Tower with Radar,58,79,22,0,159,0,2,37,0,39,58,81,59,0,198,0,0,0,198
08/29/2015,ROC,NY,AEA,CE,Combined TRACON& Tower with Radar,47,52,21,0,120,0,0,47,4,51,47,52,68,4,171,0,0,0,171
08/30/2015,ROC,NY,AEA,CE,Combined TRACON& Tower with Radar,46,63,35,0,144,0,1,29,0,30,46,64,64,0,174,32,0,32,206
08/31/2015,ROC,NY,AEA,CE,Combined TRACON& Tower with Radar,56,72,18,1,147,0,0,16,3,19,56,72,34,4,166,8,12,20,186
09/01/2015,ROC,NY,AEA,CE,Combined TRACON& Tower with Radar,55,77,21,6,159,0,0,29,14,43,55,77,50,20,202,22,1,23,225
09/02/2015,ROC,NY,AEA,CE,Combined TRACON& Tower with Radar,54,77,27,2,160,0,0,30,9,39,54,77,57,11,199,12,7,19,218
09/03/2015,ROC,NY,AEA,CE,Combined TRACON& Tower with Radar,60,82,29,7,178,0,0,16,5,21,60,82,45,12,199,0,0,0,199
09/04/2015,ROC,NY,AEA,CE,Combined TRACON& Tower with Radar,60,80,29,3,172,0,2,34,6,42,60,82,63,9,214,12,0,12,226
09/05/2015,ROC,NY,AEA,CE,Combined TRACON& Tower with Radar,41,47,13,0,101,0,1,37,0,38,41,48,50,0,139,66,0,66,205
09/06/2015,ROC,NY,AEA,CE,Combined TRACON& Tower with Radar,41,40,20,0,101,0,1,37,0,38,41,41,57,0,139,6,0,6,145
09/07/2015,ROC,NY,AEA,CE,Combined TRACON& Tower with Radar,50,57,22,1,130,0,1,24,0,25,50,58,46,1,155,10,0,10,165
09/08/2015,ROC,NY,AEA,CE,Combined TRACON& Tower with Radar,61,74,21,2,158,0,2,19,4,25,61,76,40,6,183,14,0,14,197
09/09/2015,ROC,NY,AEA,CE,Combined TRACON& Tower with Radar,59,71,31,3,164,0,0,25,3,28,59,71,56,6,192,42,40,82,274
09/10/2015,ROC,NY,AEA,CE,Combined TRACON& Tower with Radar,55,69,37,3,164,0,0,45,20,65,55,69,82,23,229,62,0,62,291
09/11/2015,ROC,NY,AEA,CE,Combined TRACON& Tower with Radar,63,74,38,0,175,0,0,41,11,52,63,74,79,11,227,80,0,80,307
09/12/2015,ROC,NY,AEA,CE,Combined TRACON& Tower with Radar,39,48,26,0,113,0,0,1,0,1,39,48,27,0,114,0,0,0,114
09/13/2015,ROC,NY,AEA,CE,Combined TRACON& Tower with Radar,52,59,25,0,136,0,0,0,0,0,52,59,25,0,136,0,0,0,136
09/14/2015,ROC,NY,AEA,CE,Combined TRACON& Tower with Radar,58,69,22,0,149,0,1,28,4,33,58,70,50,4,182,36,14,50,232
09/15/2015,ROC,NY,AEA,CE,Combined TRACON& Tower with Radar,60,72,28,8,168,0,2,38,9,49,60,74,66,17,217,60,6,66,283
09/16/2015,ROC,NY,AEA,CE,Combined TRACON& Tower with Radar,61,88,30,0,179,0,2,50,2,54,61,90,80,2,233,54,0,54,287
09/17/2015,ROC,NY,AEA,CE,Combined TRACON& Tower with Radar,61,75,30,2,168,0,4,42,0,46,61,79,72,2,214,20,0,20,234
09/18/2015,ROC,NY,AEA,CE,Combined TRACON& Tower with Radar,62,70,33,0,165,0,0,44,2,46,62,70,77,2,211,2,0,2,213
09/19/2015,ROC,NY,AEA,CE,Combined TRACON& Tower with Radar,40,55,26,0,121,0,0,13,0,13,40,55,39,0,134,0,0,0,134
09/20/2015,ROC,NY,AEA,CE,Combined TRACON& Tower with Radar,53,54,40,0,147,0,2,39,0,41,53,56,79,0,188,14,0,14,202
09/21/2015,ROC,NY,AEA,CE,Combined TRACON& Tower with Radar,57,76,30,2,165,0,3,33,6,42,57,79,63,8,207,79,12,91,298
09/22/2015,ROC,NY,AEA,CE,Combined TRACON& Tower with Radar,64,68,25,0,157,0,1,46,0,47,64,69,71,0,204,82,0,82,286
09/23/2015,ROC,NY,AEA,CE,Combined TRACON& Tower with Radar,59,72,23,1,155,0,0,34,3,37,59,72,57,4,192,74,0,74,266
09/24/2015,ROC,NY,AEA,CE,Combined TRACON& Tower with Radar,62,85,24,1,172,0,2,53,5,60,62,87,77,6,232,70,0,70,302
09/25/2015,ROC,NY,AEA,CE,Combined TRACON& Tower with Radar,64,77,19,0,160,0,0,46,2,48,64,77,65,2,208,76,6,82,290
09/26/2015,ROC,NY,AEA,CE,Combined TRACON& Tower with Radar,46,48,10,0,104,0,0,47,0,47,46,48,57,0,151,10,0,10,161
09/27/2015,ROC,NY,AEA,CE,Combined TRACON& Tower with Radar,57,54,17,0,128,0,2,21,0,23,57,56,38,0,151,40,0,40,191
09/28/2015,ROC,NY,AEA,CE,Combined TRACON& Tower with Radar,58,80,39,0,177,0,0,3,2,5,58,80,42,2,182,0,0,0,182
09/29/2015,ROC,NY,AEA,CE,Combined TRACON& Tower with Radar,63,77,37,0,177,0,0,1,0,1,63,77,38,0,178,28,0,28,206
09/30/2015,ROC,NY,AEA,CE,Combined TRACON& Tower with Radar,65,75,23,2,165,0,0,1,1,2,65,75,24,3,167,0,0,0,167
10/01/2015,ROC,NY,AEA,CE,Combined TRACON& Tower with Radar,62,76,37,0,175,0,0,18,2,20,62,76,55,2,195,4,0,4,199
10/02/2015,ROC,NY,AEA,CE,Combined TRACON& Tower with Radar,57,60,19,0,136,0,0,10,5,15,57,60,29,5,151,16,0,16,167
10/03/2015,ROC,NY,AEA,CE,Combined TRACON& Tower with Radar,45,50,3,2,100,0,0,12,0,12,45,50,15,2,112,0,14,14,126
10/04/2015,ROC,NY,AEA,CE,Combined TRACON& Tower with Radar,54,56,21,0,131,0,0,30,0,30,54,56,51,0,161,0,0,0,161
10/05/2015,ROC,NY,AEA,CE,Combined TRACON& Tower with Radar,56,68,30,0,154,0,0,44,6,50,56,68,74,6,204,16,0,16,220
10/06/2015,ROC,NY,AEA,CE,Combined TRACON& Tower with Radar,64,80,39,0,183,0,0,6,2,8,64,80,45,2,191,16,6,22,213
10/07/2015,ROC,NY,AEA,CE,Combined TRACON& Tower with Radar,63,75,36,9,183,0,0,30,0,30,63,75,66,9,213,70,0,70,283
10/08/2015,ROC,NY,AEA,CE,Combined TRACON& Tower with Radar,65,74,32,6,177,0,0,50,2,52,65,74,82,8,229,100,0,100,329
10/09/2015,ROC,NY,AEA,CE,Combined TRACON& Tower with Radar,62,68,43,0,173,0,0,0,0,0,62,68,43,0,173,0,0,0,173
10/10/2015,ROC,NY,AEA,CE,Combined TRACON& Tower with Radar,47,45,22,0,114,0,0,47,0,47,47,45,69,0,161,44,0,44,205
10/11/2015,ROC,NY,AEA,CE,Combined TRACON& Tower with Radar,53,64,46,0,163,0,2,29,0,31,53,66,75,0,194,32,0,32,226
10/12/2015,ROC,NY,AEA,CE,Combined TRACON& Tower with Radar,59,72,20,0,151,0,0,48,0,48,59,72,68,0,199,36,0,36,235
10/13/2015,ROC,NY,AEA,CE,Combined TRACON& Tower with Radar,62,74,38,1,175,0,0,11,1,12,62,74,49,2,187,44,10,54,241
10/14/2015,ROC,NY,AEA,CE,Combined TRACON& Tower with Radar,74,68,40,5,187,0,0,7,3,10,74,68,47,8,197,58,0,58,255
10/15/2015,ROC,NY,AEA,CE,Combined TRACON& Tower with Radar,60,83,27,4,174,0,1,16,5,22,60,84,43,9,196,20,0,20,216
10/16/2015,ROC,NY,AEA,CE,Combined TRACON& Tower with Radar,62,78,33,0,173,0,0,3,3,6,62,78,36,3,179,12,0,12,191
10/17/2015,ROC,NY,AEA,CE,Combined TRACON& Tower with Radar,48,38,9,0,95,1,0,21,1,23,49,38,30,1,118,18,0,18,136
10/18/2015,ROC,NY,AEA,CE,Combined TRACON& Tower with Radar,49,59,23,0,131,0,1,9,1,11,49,60,32,1,142,16,0,16,158
10/19/2015,ROC,NY,AEA,CE,Combined TRACON& Tower with Radar,61,78,31,0,170,0,3,26,3,32,61,81,57,3,202,64,0,64,266
10/20/2015,ROC,NY,AEA,CE,Combined TRACON& Tower with Radar,61,70,26,0,157,0,0,16,1,17,61,70,42,1,174,40,0,40,214
10/21/2015,ROC,NY,AEA,CE,Combined TRACON& Tower with Radar,60,81,33,3,177,0,0,31,5,36,60,81,64,8,213,42,18,60,273
10/22/2015,ROC,NY,AEA,CE,Combined TRACON& Tower with Radar,62,81,38,1,182,0,0,23,0,23,62,81,61,1,205,70,0,70,275
10/23/2015,ROC,NY,AEA,CE,Combined TRACON& Tower with Radar,66,77,22,0,165,0,0,65,0,65,66,77,87,0,230,60,0,60,290
10/24/2015,ROC,NY,AEA,CE,Combined TRACON& Tower with Radar,45,43,7,0,95,0,0,28,0,28,45,43,35,0,123,20,0,20,143
10/25/2015,ROC,NY,AEA,CE,Combined TRACON& Tower with Radar,52,53,19,3,127,0,0,4,0,4,52,53,23,3,131,0,0,0,131
10/26/2015,ROC,NY,AEA,CE,Combined TRACON& Tower with Radar,60,71,24,0,155,0,0,50,2,52,60,71,74,2,207,138,0,138,345
10/27/2015,ROC,NY,AEA,CE,Combined TRACON& Tower with Radar,64,76,36,0,176,0,1,42,0,43,64,77,78,0,219,54,0,54,273
10/28/2015,ROC,NY,AEA,CE,Combined TRACON& Tower with Radar,48,65,27,2,142,0,0,1,0,1,48,65,28,2,143,0,0,0,143
10/29/2015,ROC,NY,AEA,CE,Combined TRACON& Tower with Radar,60,82,31,3,176,0,0,3,12,15,60,82,34,15,191,0,0,0,191
10/30/2015,ROC,NY,AEA,CE,Combined TRACON& Tower with Radar,57,73,26,0,156,0,0,38,0,38,57,73,64,0,194,0,0,0,194
10/31/2015,ROC,NY,AEA,CE,Combined TRACON& Tower with Radar,40,38,18,0,96,0,0,49,0,49,40,38,67,0,145,0,0,0,145
11/01/2015,ROC,NY,AEA,CE,Combined TRACON& Tower with Radar,46,65,15,0,126,0,0,5,0,5,46,65,20,0,131,0,0,0,131
11/02/2015,ROC,NY,AEA,CE,Combined TRACON& Tower with Radar,57,75,35,0,167,0,0,52,0,52,57,75,87,0,219,100,0,100,319
11/03/2015,ROC,NY,AEA,CE,Combined TRACON& Tower with Radar,59,75,39,1,174,0,0,55,5,60,59,75,94,6,234,28,0,28,262
11/04/2015,ROC,NY,AEA,CE,Combined TRACON& Tower with Radar,58,83,37,0,178,0,1,47,0,48,58,84,84,0,226,0,0,0,226
11/05/2015,ROC,NY,AEA,CE,Combined TRACON& Tower with Radar,62,73,20,2,157,0,3,47,10,60,62,76,67,12,217,118,14,132,349
11/06/2015,ROC,NY,AEA,CE,Combined TRACON& Tower with Radar,67,72,31,0,170,0,0,16,6,22,67,72,47,6,192,0,10,10,202
11/07/2015,ROC,NY,AEA,CE,Combined TRACON& Tower with Radar,48,49,15,2,114,0,0,32,12,44,48,49,47,14,158,68,0,68,226
11/08/2015,ROC,NY,AEA,CE,Combined TRACON& Tower with Radar,56,60,34,0,150,0,0,31,0,31,56,60,65,0,181,0,0,0,181
11/09/2015,ROC,NY,AEA,CE,Combined TRACON& Tower with Radar,57,70,35,0,162,0,1,45,6,52,57,71,80,6,214,58,0,58,272
11/10/2015,ROC,NY,AEA,CE,Combined TRACON& Tower with Radar,62,72,43,2,179,0,0,4,2,6,62,72,47,4,185,56,0,56,241
11/11/2015,ROC,NY,AEA,CE,Combined TRACON& Tower with Radar,64,72,20,0,156,0,1,6,0,7,64,73,26,0,163,0,0,0,163
11/12/2015,ROC,NY,AEA,CE,Combined TRACON& Tower with Radar,66,71,17,1,155,0,1,9,3,13,66,72,26,4,168,0,0,0,168
11/13/2015,ROC,NY,AEA,CE,Combined TRACON& Tower with Radar,67,73,13,0,153,0,0,2,0,2,67,73,15,0,155,8,0,8,163
11/14/2015,ROC,NY,AEA,CE,Combined TRACON& Tower with Radar,50,38,16,0,104,0,1,20,1,22,50,39,36,1,126,0,0,0,126
11/15/2015,ROC,NY,AEA,CE,Combined TRACON& Tower with Radar,57,66,24,0,147,0,0,28,0,28,57,66,52,0,175,26,0,26,201
11/16/2015,ROC,NY,AEA,CE,Combined TRACON& Tower with Radar,62,69,18,4,153,0,1,44,8,53,62,70,62,12,206,50,0,50,256
11/17/2015,ROC,NY,AEA,CE,Combined TRACON& Tower with Radar,68,72,43,3,186,0,4,54,2,60,68,76,97,5,246,0,0,0,246
11/18/2015,ROC,NY,AEA,CE,Combined TRACON& Tower with Radar,57,71,31,8,167,0,1,6,14,21,57,72,37,22,188,0,0,0,188
11/19/2015,ROC,NY,AEA,CE,Combined TRACON& Tower with Radar,56,67,28,6,157,0,0,11,13,24,56,67,39,19,181,0,4,4,185
11/20/2015,ROC,NY,AEA,CE,Combined TRACON& Tower with Radar,64,78,28,0,170,0,0,35,2,37,64,78,63,2,207,170,0,170,377
11/21/2015,ROC,NY,AEA,CE,Combined TRACON& Tower with Radar,41,40,21,0,102,0,2,49,0,51,41,42,70,0,153,56,18,74,227
11/22/2015,ROC,NY,AEA,CE,Combined TRACON& Tower with Radar,54,59,26,0,139,0,0,15,0,15,54,59,41,0,154,22,0,22,176
11/23/2015,ROC,NY,AEA,CE,Combined TRACON& Tower with Radar,63,62,31,4,160,0,0,18,0,18,63,62,49,4,178,18,0,18,196
11/24/2015,ROC,NY,AEA,CE,Combined TRACON& Tower with Radar,61,78,37,5,181,0,1,29,1,31,61,79,66,6,212,68,2,70,282
11/25/2015,ROC,NY,AEA,CE,Combined TRACON& Tower with Radar,68,70,18,0,156,0,1,48,0,49,68,71,66,0,205,34,0,34,239
11/26/2015,ROC,NY,AEA,CE,Combined TRACON& Tower with Radar,39,38,10,0,87,0,1,10,0,11,39,39,20,0,98,2,0,2,100
11/27/2015,ROC,NY,AEA,CE,Combined TRACON& Tower with Radar,47,38,12,0,97,0,0,6,0,6,47,38,18,0,103,28,0,28,131
11/28/2015,ROC,NY,AEA,CE,Combined TRACON& Tower with Radar,55,50,17,0,122,0,0,1,0,1,55,50,18,0,123,0,0,0,123
11/29/2015,ROC,NY,AEA,CE,Combined TRACON& Tower with Radar,66,60,35,0,161,0,0,11,0,11,66,60,46,0,172,0,0,0,172
11/30/2015,ROC,NY,AEA,CE,Combined TRACON& Tower with Radar,65,70,27,7,169,0,1,36,3,40,65,71,63,10,209,28,0,28,237
12/01/2015,ROC,NY,AEA,CE,Combined TRACON& Tower with Radar,68,56,16,1,141,0,1,13,1,15,68,57,29,2,156,0,0,0,156
12/02/2015,ROC,NY,AEA,CE,Combined TRACON& Tower with Radar,61,67,31,13,172,0,0,5,5,10,61,67,36,18,182,8,10,18,200
12/03/2015,ROC,NY,AEA,CE,Combined TRACON& Tower with Radar,69,74,39,1,183,0,0,1,21,22,69,74,40,22,205,16,0,16,221
12/04/2015,ROC,NY,AEA,CE,Combined TRACON& Tower with Radar,70,78,23,1,172,0,1,5,6,12,70,79,28,7,184,24,0,24,208
12/05/2015,ROC,NY,AEA,CE,Combined TRACON& Tower with Radar,43,45,25,0,113,0,2,27,0,29,43,47,52,0,142,94,0,94,236
12/06/2015,ROC,NY,AEA,CE,Combined TRACON& Tower with Radar,54,57,18,0,129,0,0,49,0,49,54,57,67,0,178,16,0,16,194
12/07/2015,ROC,NY,AEA,CE,Combined TRACON& Tower with Radar,61,59,39,3,162,0,0,1,1,2,61,59,40,4,164,14,0,14,178
12/08/2015,ROC,NY,AEA,CE,Combined TRACON& Tower with Radar,64,65,37,0,166,0,0,45,11,56,64,65,82,11,222,104,0,104,326
12/09/2015,ROC,NY,AEA,CE,Combined TRACON& Tower with Radar,62,62,28,5,157,0,1,45,13,59,62,63,73,18,216,12,10,22,238
12/10/2015,ROC,NY,AEA,CE,Combined TRACON& Tower with Radar,68,63,37,10,178,0,0,36,12,48,68,63,73,22,226,0,0,0,226
12/11/2015,ROC,NY,AEA,CE,Combined TRACON& Tower with Radar,71,73,28,4,176,0,1,16,2,19,71,74,44,6,195,0,0,0,195
12/12/2015,ROC,NY,AEA,CE,Combined TRACON& Tower with Radar,42,45,29,0,116,0,0,38,0,38,42,45,67,0,154,40,0,40,194
12/13/2015,ROC,NY,AEA,CE,Combined TRACON& Tower with Radar,58,46,12,0,116,0,0,9,0,9,58,46,21,0,125,0,0,0,125
12/14/2015,ROC,NY,AEA,CE,Combined TRACON& Tower with Radar,61,54,36,1,152,0,1,19,3,23,61,55,55,4,175,20,0,20,195
12/15/2015,ROC,NY,AEA,CE,Combined TRACON& Tower with Radar,67,65,24,4,160,0,1,2,7,10,67,66,26,11,170,0,10,10,180
12/16/2015,ROC,NY,AEA,CE,Combined TRACON& Tower with Radar,66,72,37,3,178,0,0,8,14,22,66,72,45,17,200,76,0,76,276
12/17/2015,ROC,NY,AEA,CE,Combined TRACON& Tower with Radar,66,71,37,7,181,0,1,2,11,14,66,72,39,18,195,0,0,0,195
12/18/2015,ROC,NY,AEA,CE,Combined TRACON& Tower with Radar,68,68,21,1,158,0,0,22,2,24,68,68,43,3,182,46,0,46,228
12/19/2015,ROC,NY,AEA,CE,Combined TRACON& Tower with Radar,46,50,13,0,109,0,1,10,0,11,46,51,23,0,120,10,0,10,130
12/20/2015,ROC,NY,AEA,CE,Combined TRACON& Tower with Radar,55,55,18,0,128,0,0,39,1,40,55,55,57,1,168,26,0,26,194
12/21/2015,ROC,NY,AEA,CE,Combined TRACON& Tower with Radar,54,67,27,0,148,0,1,7,0,8,54,68,34,0,156,0,0,0,156
12/22/2015,ROC,NY,AEA,CE,Combined TRACON& Tower with Radar,56,70,18,4,148,0,0,4,0,4,56,70,22,4,152,22,0,22,174
12/23/2015,ROC,NY,AEA,CE,Combined TRACON& Tower with Radar,61,65,17,0,143,0,0,13,0,13,61,65,30,0,156,0,0,0,156
12/24/2015,ROC,NY,AEA,CE,Combined TRACON& Tower with Radar,58,45,4,0,107,0,0,1,0,1,58,45,5,0,108,0,0,0,108
12/25/2015,ROC,NY,AEA,CE,Combined TRACON& Tower with Radar,42,42,6,0,90,0,0,9,0,9,42,42,15,0,99,6,0,6,105
12/26/2015,ROC,NY,AEA,CE,Combined TRACON& Tower with Radar,45,50,34,0,129,0,0,26,0,26,45,50,60,0,155,54,0,54,209
12/27/2015,ROC,NY,AEA,CE,Combined TRACON& Tower with Radar,47,63,20,0,130,0,0,0,0,0,47,63,20,0,130,0,0,0,130
12/28/2015,ROC,NY,AEA,CE,Combined TRACON& Tower with Radar,38,60,12,0,110,0,0,1,2,3,38,60,13,2,113,0,0,0,113
12/29/2015,ROC,NY,AEA,CE,Combined TRACON& Tower with Radar,51,76,6,1,134,0,0,2,16,18,51,76,8,17,152,0,8,8,160
12/30/2015,ROC,NY,AEA,CE,Combined TRACON& Tower with Radar,58,60,15,1,134,0,0,24,7,31,58,60,39,8,165,32,0,32,197
12/31/2015,ROC,NY,AEA,CE,Combined TRACON& Tower with Radar,54,48,7,0,109,0,0,2,0,2,54,48,9,0,111,0,0,0,111
01/01/2016,ROC,NY,AEA,CE,Combined TRACON& Tower with Radar,42,38,11,0,91,0,0,2,0,2,42,38,13,0,93,0,0,0,93
01/02/2016,ROC,NY,AEA,CE,Combined TRACON& Tower with Radar,45,51,5,0,101,0,0,6,0,6,45,51,11,0,107,84,0,84,191
01/03/2016,ROC,NY,AEA,CE,Combined TRACON& Tower with Radar,51,58,28,0,137,0,4,2,0,6,51,62,30,0,143,10,0,10,153
01/04/2016,ROC,NY,AEA,CE,Combined TRACON& Tower with Radar,47,66,19,0,132,0,0,0,0,0,47,66,19,0,132,0,0,0,132
01/05/2016,ROC,NY,AEA,CE,Combined TRACON& Tower with Radar,65,63,24,0,152,0,0,22,2,24,65,63,46,2,176,66,0,66,242
01/06/2016,ROC,NY,AEA,CE,Combined TRACON& Tower with Radar,58,69,18,0,145,0,5,33,2,40,58,74,51,2,185,38,0,38,223
01/07/2016,ROC,NY,AEA,CE,Combined TRACON& Tower with Radar,61,71,36,1,169,0,2,46,13,61,61,73,82,14,230,34,0,34,264
01/08/2016,ROC,NY,AEA,CE,Combined TRACON& Tower with Radar,62,64,15,4,145,0,1,34,13,48,62,65,49,17,193,24,0,24,217
01/09/2016,ROC,NY,AEA,CE,Combined TRACON& Tower with Radar,37,47,21,3,108,0,2,7,8,17,37,49,28,11,125,44,0,44,169
01/10/2016,ROC,NY,AEA,CE,Combined TRACON& Tower with Radar,51,49,15,0,115,0,0,0,0,0,51,49,15,0,115,0,0,0,115
01/11/2016,ROC,NY,AEA,CE,Combined TRACON& Tower with Radar,56,67,19,1,143,0,0,7,2,9,56,67,26,3,152,0,0,0,152
01/12/2016,ROC,NY,AEA,CE,Combined TRACON& Tower with Radar,56,68,10,0,134,0,0,5,0,5,56,68,15,0,139,22,0,22,161
01/13/2016,ROC,NY,AEA,CE,Combined TRACON& Tower with Radar,57,67,35,4,163,0,0,9,4,13,57,67,44,8,176,46,0,46,222
01/14/2016,ROC,NY,AEA,CE,Combined TRACON& Tower with Radar,62,69,24,2,157,0,0,6,4,10,62,69,30,6,167,74,10,84,251
01/15/2016,ROC,NY,AEA,CE,Combined TRACON& Tower with Radar,59,63,23,0,145,0,3,18,8,29,59,66,41,8,174,12,0,12,186
01/16/2016,ROC,NY,AEA,CE,Combined TRACON& Tower with Radar,37,45,7,0,89,0,0,2,0,2,37,45,9,0,91,0,0,0,91
01/17/2016,ROC,NY,AEA,CE,Combined TRACON& Tower with Radar,45,49,21,0,115,0,0,5,0,5,45,49,26,0,120,12,0,12,132
01/18/2016,ROC,NY,AEA,CE,Combined TRACON& Tower with Radar,56,60,17,0,133,0,0,1,0,1,56,60,18,0,134,0,0,0,134
01/19/2016,ROC,NY,AEA,CE,Combined TRACON& Tower with Radar,57,65,21,0,143,0,0,0,0,0,57,65,21,0,143,0,0,0,143
01/20/2016,ROC,NY,AEA,CE,Combined TRACON& Tower with Radar,57,68,15,0,140,0,0,4,8,12,57,68,19,8,152,24,0,24,176
01/21/2016,ROC,NY,AEA,CE,Combined TRACON& Tower with Radar,59,71,27,4,161,0,1,3,4,8,59,72,30,8,169,0,0,0,169
01/22/2016,ROC,NY,AEA,CE,Combined TRACON& Tower with Radar,47,69,13,0,129,0,1,16,1,18,47,70,29,1,147,46,0,46,193
01/23/2016,ROC,NY,AEA,CE,Combined TRACON& Tower with Radar,24,21,3,0,48,0,0,2,0,2,24,21,5,0,50,0,0,0,50
01/24/2016,ROC,NY,AEA,CE,Combined TRACON& Tower with Radar,31,33,17,0,81,0,1,7,0,8,31,34,24,0,89,78,0,78,167
01/25/2016,ROC,NY,AEA,CE,Combined TRACON& Tower with Radar,54,46,13,1,114,0,0,18,3,21,54,46,31,4,135,8,1,9,144
01/26/2016,ROC,NY,AEA,CE,Combined TRACON& Tower with Radar,57,65,22,1,145,0,0,0,3,3,57,65,22,4,148,26,0,26,174
01/27/2016,ROC,NY,AEA,CE,Combined TRACON& Tower with Radar,58,69,15,2,144,0,0,5,12,17,58,69,20,14,161,0,0,0,161
01/28/2016,ROC,NY,AEA,CE,Combined TRACON& Tower with Radar,60,71,18,7,156,0,1,5,20,26,60,72,23,27,182,0,0,0,182
01/29/2016,ROC,NY,AEA,CE,Combined TRACON& Tower with Radar,58,71,22,0,151,0,0,3,0,3,58,71,25,0,154,0,0,0,154
01/30/2016,ROC,NY,AEA,CE,Combined TRACON& Tower with Radar,39,45,16,0,100,0,0,23,0,23,39,45,39,0,123,0,0,0,123
01/31/2016,ROC,NY,AEA,CE,Combined TRACON& Tower with Radar,45,48,12,0,105,0,1,21,0,22,45,49,33,0,127,18,0,18,145
02/01/2016,ROC,NY,AEA,CE,Combined TRACON& Tower with Radar,45,56,11,0,112,0,0,5,0,5,45,56,16,0,117,12,0,12,129
02/02/2016,ROC,NY,AEA,CE,Combined TRACON& Tower with Radar,55,58,20,0,133,0,1,21,3,25,55,59,41,3,158,40,0,40,198
02/03/2016,ROC,NY,AEA,CE,Combined TRACON& Tower with Radar,54,67,21,6,148,0,0,1,6,7,54,67,22,12,155,10,4,14,169
02/04/2016,ROC,NY,AEA,CE,Combined TRACON& Tower with Radar,60,75,31,2,168,0,0,13,18,31,60,75,44,20,199,0,8,8,207
02/05/2016,ROC,NY,AEA,CE,Combined TRACON& Tower with Radar,53,60,21,1,135,0,2,9,1,12,53,62,30,2,147,12,0,12,159
02/06/2016,ROC,NY,AEA,CE,Combined TRACON& Tower with Radar,35,54,13,0,102,0,1,11,0,12,35,55,24,0,114,12,0,12,126
02/07/2016,ROC,NY,AEA,CE,Combined TRACON& Tower with Radar,41,51,31,0,123,0,0,31,1,32,41,51,62,1,155,32,12,44,199
02/08/2016,ROC,NY,AEA,CE,Combined TRACON& Tower with Radar,47,60,28,0,135,0,0,17,4,21,47,60,45,4,156,10,4,14,170
02/09/2016,ROC,NY,AEA,CE,Combined TRACON& Tower with Radar,55,64,22,2,143,0,0,10,8,18,55,64,32,10,161,10,6,16,177
02/10/2016,ROC,NY,AEA,CE,Combined TRACON& Tower with Radar,58,73,19,1,151,0,1,2,5,8,58,74,21,6,159,0,0,0,159
02/11/2016,ROC,NY,AEA,CE,Combined TRACON& Tower with Radar,58,61,30,2,151,0,0,2,6,8,58,61,32,8,159,0,0,0,159
02/12/2016,ROC,NY,AEA,CE,Combined TRACON& Tower with Radar,63,74,24,0,161,0,0,10,9,19,63,74,34,9,180,0,4,4,184
02/13/2016,ROC,NY,AEA,CE,Combined TRACON& Tower with Radar,39,50,8,0,97,0,0,0,0,0,39,50,8,0,97,0,0,0,97
02/14/2016,ROC,NY,AEA,CE,Combined TRACON& Tower with Radar,44,52,9,0,105,0,0,16,1,17,44,52,25,1,122,32,0,32,154
02/15/2016,ROC,NY,AEA,CE,Combined TRACON& Tower with Radar,47,56,10,0,113,0,0,4,3,7,47,56,14,3,120,15,0,15,135
02/16/2016,ROC,NY,AEA,CE,Combined TRACON& Tower with Radar,47,32,6,0,85,0,0,0,0,0,47,32,6,0,85,0,0,0,85
02/17/2016,ROC,NY,AEA,CE,Combined TRACON& Tower with Radar,54,66,16,1,137,0,0,0,7,7,54,66,16,8,144,0,0,0,144
02/18/2016,ROC,NY,AEA,CE,Combined TRACON& Tower with Radar,58,65,27,3,153,0,3,17,13,33,58,68,44,16,186,22,2,24,210
02/19/2016,ROC,NY,AEA,CE,Combined TRACON& Tower with Radar,60,74,12,0,146,0,0,4,2,6,60,74,16,2,152,0,0,0,152
02/20/2016,ROC,NY,AEA,CE,Combined TRACON& Tower with Radar,47,48,13,0,108,0,0,7,2,9,47,48,20,2,117,2,0,2,119
02/21/2016,ROC,NY,AEA,CE,Combined TRACON& Tower with Radar,47,53,23,0,123,0,0,23,0,23,47,53,46,0,146,25,0,25,171
02/22/2016,ROC,NY,AEA,CE,Combined TRACON& Tower with Radar,53,72,22,1,148,0,1,9,3,13,53,73,31,4,161,34,0,34,195
02/23/2016,ROC,NY,AEA,CE,Combined TRACON& Tower with Radar,55,65,24,5,149,0,0,26,7,33,55,65,50,12,182,38,8,46,228
02/24/2016,ROC,NY,AEA,CE,Combined TRACON& Tower with Radar,46,51,13,0,110,0,0,0,0,0,46,51,13,0,110,0,0,0,110
02/25/2016,ROC,NY,AEA,CE,Combined TRACON& Tower with Radar,53,66,23,0,142,0,0,4,2,6,53,66,27,2,148,0,0,0,148
02/26/2016,ROC,NY,AEA,CE,Combined TRACON& Tower with Radar,60,67,14,3,144,0,0,4,10,14,60,67,18,13,158,0,12,12,170
02/27/2016,ROC,NY,AEA,CE,Combined TRACON& Tower with Radar,46,48,19,1,114,0,0,2,1,3,46,48,21,2,117,0,0,0,117
02/28/2016,ROC,NY,AEA,CE,Combined TRACON& Tower with Radar,47,60,24,1,132,0,1,22,1,24,47,61,46,2,156,24,0,24,180
02/29/2016,ROC,NY,AEA,CE,Combined TRACON& Tower with Radar,58,62,17,0,137,0,1,1,0,2,58,63,18,0,139,0,0,0,139
03/01/2016,ROC,NY,AEA,CE,Combined TRACON& Tower with Radar,51,67,17,2,137,0,1,10,7,18,51,68,27,9,155,0,0,0,155
03/02/2016,ROC,NY,AEA,CE,Combined TRACON& Tower with Radar,55,70,11,3,139,0,0,6,3,9,55,70,17,6,148,0,0,0,148
03/03/2016,ROC,NY,AEA,CE,Combined TRACON& Tower with Radar,59,63,19,19,160,0,4,21,10,35,59,67,40,29,195,80,10,90,285
03/04/2016,ROC,NY,AEA,CE,Combined TRACON& Tower with Radar,64,56,16,11,147,0,1,14,1,16,64,57,30,12,163,34,6,40,203
03/05/2016,ROC,NY,AEA,CE,Combined TRACON& Tower with Radar,53,44,16,1,114,0,1,30,3,34,53,45,46,4,148,124,2,126,274
03/06/2016,ROC,NY,AEA,CE,Combined TRACON& Tower with Radar,48,50,21,1,120,0,0,33,1,34,48,50,54,2,154,56,0,56,210
03/07/2016,ROC,NY,AEA,CE,Combined TRACON& Tower with Radar,57,60,17,3,137,0,0,16,7,23,57,60,33,10,160,0,0,0,160
03/08/2016,ROC,NY,AEA,CE,Combined TRACON& Tower with Radar,57,53,31,22,163,0,0,29,6,35,57,53,60,28,198,46,6,52,250
03/09/2016,ROC,NY,AEA,CE,Combined TRACON& Tower with Radar,58,63,28,1,150,0,0,13,1,14,58,63,41,2,164,12,0,12,176
03/10/2016,ROC,NY,AEA,CE,Combined TRACON& Tower with Radar,62,69,16,2,149,0,0,0,0,0,62,69,16,2,149,0,0,0,149
03/11/2016,ROC,NY,AEA,CE,Combined TRACON& Tower with Radar,67,65,33,7,172,0,3,10,12,25,67,68,43,19,197,0,0,0,197
03/12/2016,ROC,NY,AEA,CE,Combined TRACON& Tower with Radar,55,39,25,1,120,0,3,51,21,75,55,42,76,22,195,48,0,48,243
03/13/2016,ROC,NY,AEA,CE,Combined TRACON& Tower with Radar,58,49,19,2,128,0,1,28,2,31,58,50,47,4,159,68,0,68,227
03/14/2016,ROC,NY,AEA,CE,Combined TRACON& Tower with Radar,58,54,18,5,135,0,0,2,6,8,58,54,20,11,143,0,0,0,143
03/15/2016,ROC,NY,AEA,CE,Combined TRACON& Tower with Radar,65,62,24,4,155,0,0,0,5,5,65,62,24,9,160,0,2,2,162
03/16/2016,ROC,NY,AEA,CE,Combined TRACON& Tower with Radar,59,66,19,6,150,0,0,2,8,10,59,66,21,14,160,0,0,0,160
03/17/2016,ROC,NY,AEA,CE,Combined TRACON& Tower with Radar,63,74,12,3,152,0,0,3,4,7,63,74,15,7,159,20,0,20,179
03/18/2016,ROC,NY,AEA,CE,Combined TRACON& Tower with Radar,66,66,11,3,146,0,0,5,1,6,66,66,16,4,152,0,0,0,152
03/19/2016,ROC,NY,AEA,CE,Combined TRACON& Tower with Radar,54,44,18,1,117,0,1,61,0,62,54,45,79,1,179,52,14,66,245
03/20/2016,ROC,NY,AEA,CE,Combined TRACON& Tower with Radar,53,48,25,0,126,0,1,28,0,29,53,49,53,0,155,24,0,24,179
03/21/2016,ROC,NY,AEA,CE,Combined TRACON& Tower with Radar,60,57,19,0,136,0,0,8,0,8,60,57,27,0,144,0,0,0,144
03/22/2016,ROC,NY,AEA,CE,Combined TRACON& Tower with Radar,68,57,17,8,150,0,1,26,4,31,68,58,43,12,181,60,0,60,241
03/23/2016,ROC,NY,AEA,CE,Combined TRACON& Tower with Radar,65,62,19,0,146,0,0,0,0,0,65,62,19,0,146,0,0,0,146
03/24/2016,ROC,NY,AEA,CE,Combined TRACON& Tower with Radar,57,60,25,10,152,0,0,0,0,0,57,60,25,10,152,0,0,0,152
03/25/2016,ROC,NY,AEA,CE,Combined TRACON& Tower with Radar,73,61,24,0,158,0,0,6,0,6,73,61,30,0,164,8,0,8,172
03/26/2016,ROC,NY,AEA,CE,Combined TRACON& Tower with Radar,59,36,22,0,117,0,0,39,0,39,59,36,61,0,156,44,0,44,200
03/27/2016,ROC,NY,AEA,CE,Combined TRACON& Tower with Radar,52,51,14,0,117,0,0,21,2,23,52,51,35,2,140,12,0,12,152
03/28/2016,ROC,NY,AEA,CE,Combined TRACON& Tower with Radar,60,58,21,0,139,0,0,0,0,0,60,58,21,0,139,0,0,0,139
03/29/2016,ROC,NY,AEA,CE,Combined TRACON& Tower with Radar,69,57,26,1,153,0,1,14,5,20,69,58,40,6,173,24,4,28,201
03/30/2016,ROC,NY,AEA,CE,Combined TRACON& Tower with Radar,66,58,31,2,157,0,0,36,14,50,66,58,67,16,207,54,6,60,267
03/31/2016,ROC,NY,AEA,CE,Combined TRACON& Tower with Radar,61,61,13,10,145,0,0,4,5,9,61,61,17,15,154,8,20,28,182
04/01/2016,ROC,NY,AEA,CE,Combined TRACON& Tower with Radar,67,55,15,0,137,0,0,5,2,7,67,55,20,2,144,22,0,22,166
04/02/2016,ROC,NY,AEA,CE,Combined TRACON& Tower with Radar,63,43,9,0,115,0,0,6,0,6,63,43,15,0,121,0,0,0,121
04/03/2016,ROC,NY,AEA,CE,Combined TRACON& Tower with Radar,55,59,16,0,130,0,0,2,0,2,55,59,18,0,132,0,0,0,132
04/04/2016,ROC,NY,AEA,CE,Combined TRACON& Tower with Radar,60,55,35,0,150,0,0,1,0,1,60,55,36,0,151,0,0,0,151
04/05/2016,ROC,NY,AEA,CE,Combined TRACON& Tower with Radar,59,66,30,2,157,0,1,47,7,55,59,67,77,9,212,44,0,44,256
04/06/2016,ROC,NY,AEA,CE,Combined TRACON& Tower with Radar,56,77,21,2,156,0,0,4,8,12,56,77,25,10,168,0,0,0,168
04/07/2016,ROC,NY,AEA,CE,Combined TRACON& Tower with Radar,49,68,16,3,136,0,1,5,3,9,49,69,21,6,145,28,0,28,173
04/08/2016,ROC,NY,AEA,CE,Combined TRACON& Tower with Radar,64,82,25,1,172,0,0,4,1,5,64,82,29,2,177,0,0,0,177
04/09/2016,ROC,NY,AEA,CE,Combined TRACON& Tower with Radar,53,44,19,0,116,0,0,6,0,6,53,44,25,0,122,0,0,0,122
04/10/2016,ROC,NY,AEA,CE,Combined TRACON& Tower with Radar,49,55,25,0,129,0,0,31,0,31,49,55,56,0,160,116,0,116,276
04/11/2016,ROC,NY,AEA,CE,Combined TRACON& Tower with Radar,55,70,16,3,144,0,1,0,2,3,55,71,16,5,147,50,0,50,197
04/12/2016,ROC,NY,AEA,CE,Combined TRACON& Tower with Radar,51,68,26,2,147,0,1,11,8,20,51,69,37,10,167,26,0,26,193
04/13/2016,ROC,NY,AEA,CE,Combined TRACON& Tower with Radar,54,71,19,2,146,0,0,37,8,45,54,71,56,10,191,52,8,60,251
04/14/2016,ROC,NY,AEA,CE,Combined TRACON& Tower with Radar,51,74,28,11,164,0,0,58,15,73,51,74,86,26,237,85,6,91,328
04/15/2016,ROC,NY,AEA,CE,Combined TRACON& Tower with Radar,56,68,18,1,143,0,1,37,2,40,56,69,55,3,183,48,0,48,231
04/16/2016,ROC,NY,AEA,CE,Combined TRACON& Tower with Radar,50,43,18,0,111,0,2,62,1,65,50,45,80,1,176,82,0,82,258
04/17/2016,ROC,NY,AEA,CE,Combined TRACON& Tower with Radar,46,60,17,0,123,0,1,40,2,43,46,61,57,2,166,46,0,46,212
04/18/2016,ROC,NY,AEA,CE,Combined TRACON& Tower with Radar,52,64,32,0,148,0,1,34,6,41,52,65,66,6,189,18,4,22,211
04/19/2016,ROC,NY,AEA,CE,Combined TRACON& Tower with Radar,55,76,28,1,160,0,1,28,6,35,55,77,56,7,195,12,2,14,209
04/20/2016,ROC,NY,AEA,CE,Combined TRACON& Tower with Radar,51,75,28,5,159,0,0,48,14,62,51,75,76,19,221,32,0,32,253
04/21/2016,ROC,NY,AEA,CE,Combined TRACON& Tower with Radar,57,63,24,4,148,0,0,33,10,43,57,63,57,14,191,52,2,54,245
04/22/2016,ROC,NY,AEA,CE,Combined TRACON& Tower with Radar,55,80,25,1,161,0,0,16,3,19,55,80,41,4,180,26,0,26,206
04/23/2016,ROC,NY,AEA,CE,Combined TRACON& Tower with Radar,50,37,13,0,100,0,1,32,0,33,50,38,45,0,133,62,18,80,213
04/24/2016,ROC,NY,AEA,CE,Combined TRACON& Tower with Radar,48,49,34,1,132,0,0,37,2,39,48,49,71,3,171,34,0,34,205
04/25/2016,ROC,NY,AEA,CE,Combined TRACON& Tower with Radar,50,71,29,0,150,0,1,10,2,13,50,72,39,2,163,58,0,58,221
04/26/2016,ROC,NY,AEA,CE,Combined TRACON& Tower with Radar,52,61,14,3,130,0,0,3,3,6,52,61,17,6,136,20,0,20,156
04/27/2016,ROC,NY,AEA,CE,Combined TRACON& Tower with Radar,58,62,33,9,162,0,4,54,3,61,58,66,87,12,223,86,10,96,319
04/28/2016,ROC,NY,AEA,CE,Combined TRACON& Tower with Radar,56,78,29,7,170,0,0,33,11,44,56,78,62,18,214,22,22,44,258
04/29/2016,ROC,NY,AEA,CE,Combined TRACON& Tower with Radar,60,68,18,0,146,0,2,21,1,24,60,70,39,1,170,50,0,50,220
04/30/2016,ROC,NY,AEA,CE,Combined TRACON& Tower with Radar,53,42,15,0,110,0,0,35,1,36,53,42,50,1,146,36,0,36,182
05/01/2016,ROC,NY,AEA,CE,Combined TRACON& Tower with Radar,42,52,20,10,124,0,0,3,7,10,42,52,23,17,134,0,0,0,134
05/02/2016,ROC,NY,AEA,CE,Combined TRACON& Tower with Radar,54,71,22,1,148,0,0,3,0,3,54,71,25,1,151,2,0,2,153
05/03/2016,ROC,NY,AEA,CE,Combined TRACON& Tower with Radar,58,73,20,6,157,0,1,21,6,28,58,74,41,12,185,101,0,101,286
05/04/2016,ROC,NY,AEA,CE,Combined TRACON& Tower with Radar,57,77,33,4,171,0,1,30,11,42,57,78,63,15,213,50,2,52,265
05/05/2016,ROC,NY,AEA,CE,Combined TRACON& Tower with Radar,59,85,42,9,195,0,1,24,9,34,59,86,66,18,229,22,8,30,259
05/06/2016,ROC,NY,AEA,CE,Combined TRACON& Tower with Radar,60,75,31,0,166,0,0,33,0,33,60,75,64,0,199,22,0,22,221
05/07/2016,ROC,NY,AEA,CE,Combined TRACON& Tower with Radar,53,40,21,0,114,0,2,42,0,44,53,42,63,0,158,32,0,32,190
05/08/2016,ROC,NY,AEA,CE,Combined TRACON& Tower with Radar,54,67,22,0,143,0,1,8,0,9,54,68,30,0,152,0,0,0,152
05/09/2016,ROC,NY,AEA,CE,Combined TRACON& Tower with Radar,59,74,28,0,161,0,0,24,2,26,59,74,52,2,187,6,2,8,195
05/10/2016,ROC,NY,AEA,CE,Combined TRACON& Tower with Radar,59,70,26,4,159,0,0,33,4,37,59,70,59,8,196,32,0,32,228
05/11/2016,ROC,NY,AEA,CE,Combined TRACON& Tower with Radar,59,80,28,18,185,0,0,35,6,41,59,80,63,24,226,64,28,92,318
05/12/2016,ROC,NY,AEA,CE,Combined TRACON& Tower with Radar,59,78,28,0,165,0,1,26,8,35,59,79,54,8,200,32,0,32,232
05/13/2016,ROC,NY,AEA,CE,Combined TRACON& Tower with Radar,65,81,24,0,170,0,0,7,6,13,65,81,31,6,183,16,0,16,199
05/14/2016,ROC,NY,AEA,CE,Combined TRACON& Tower with Radar,50,53,9,2,114,0,0,4,4,8,50,53,13,6,122,0,0,0,122
05/15/2016,ROC,NY,AEA,CE,Combined TRACON& Tower with Radar,53,64,15,1,133,0,0,3,1,4,53,64,18,2,137,0,0,0,137
05/16/2016,ROC,NY,AEA,CE,Combined TRACON& Tower with Radar,57,70,30,2,159,0,1,25,3,29,57,71,55,5,188,0,0,0,188
05/17/2016,ROC,NY,AEA,CE,Combined TRACON& Tower with Radar,64,72,34,0,170,0,0,44,4,48,64,72,78,4,218,108,0,108,326
05/18/2016,ROC,NY,AEA,CE,Combined TRACON& Tower with Radar,63,68,45,2,178,0,0,39,11,50,63,68,84,13,228,40,10,50,278
05/19/2016,ROC,NY,AEA,CE,Combined TRACON& Tower with Radar,62,76,34,1,173,0,1,44,12,57,62,77,78,13,230,32,0,32,262
05/20/2016,ROC,NY,AEA,CE,Combined TRACON& Tower with Radar,63,70,29,0,162,0,2,28,4,34,63,72,57,4,196,80,0,80,276
05/21/2016,ROC,NY,AEA,CE,Combined TRACON& Tower with Radar,48,43,14,4,109,0,1,29,0,30,48,44,43,4,139,14,0,14,153
05/22/2016,ROC,NY,AEA,CE,Combined TRACON& Tower with Radar,56,60,27,0,143,0,1,53,2,56,56,61,80,2,199,34,2,36,235
05/23/2016,ROC,NY,AEA,CE,Combined TRACON& Tower with Radar,62,69,39,3,173,0,2,33,3,38,62,71,72,6,211,78,2,80,291
05/24/2016,ROC,NY,AEA,CE,Combined TRACON& Tower with Radar,60,72,40,0,172,0,3,42,5,50,60,75,82,5,222,46,10,56,278
05/25/2016,ROC,NY,AEA,CE,Combined TRACON& Tower with Radar,59,66,30,1,156,0,1,28,7,36,59,67,58,8,192,54,2,56,248
05/26/2016,ROC,NY,AEA,CE,Combined TRACON& Tower with Radar,61,78,32,8,179,0,0,18,16,34,61,78,50,24,213,22,4,26,239
05/27/2016,ROC,NY,AEA,CE,Combined TRACON& Tower with Radar,62,67,24,0,153,0,0,42,0,42,62,67,66,0,195,48,24,72,267
05/28/2016,ROC,NY,AEA,CE,Combined TRACON& Tower with Radar,49,31,26,0,106,0,3,61,0,64,49,34,87,0,170,46,0,46,216
05/29/2016,ROC,NY,AEA,CE,Combined TRACON& Tower with Radar,51,38,17,0,106,0,0,26,0,26,51,38,43,0,132,40,0,40,172
05/30/2016,ROC,NY,AEA,CE,Combined TRACON& Tower with Radar,52,57,16,0,125,0,1,30,1,32,52,58,46,1,157,37,0,37,194
05/31/2016,ROC,NY,AEA,CE,Combined TRACON& Tower with Radar,56,66,19,1,142,0,3,40,1,44,56,69,59,2,186,64,14,78,264
06/01/2016,ROC,NY,AEA,CE,Combined TRACON& Tower with Radar,64,73,32,12,181,0,0,35,7,42,64,73,67,19,223,150,14,164,387
06/02/2016,ROC,NY,AEA,CE,Combined TRACON& Tower with Radar,63,77,26,5,171,0,6,15,8,29,63,83,41,13,200,80,14,94,294
06/03/2016,ROC,NY,AEA,CE,Combined TRACON& Tower with Radar,64,69,22,3,158,0,0,37,1,38,64,69,59,4,196,98,0,98,294
06/04/2016,ROC,NY,AEA,CE,Combined TRACON& Tower with Radar,49,47,26,0,122,0,0,54,2,56,49,47,80,2,178,76,12,88,266
06/05/2016,ROC,NY,AEA,CE,Combined TRACON& Tower with Radar,51,51,15,0,117,0,0,3,0,3,51,51,18,0,120,26,0,26,146
06/06/2016,ROC,NY,AEA,CE,Combined TRACON& Tower with Radar,61,79,17,2,159,0,1,9,1,11,61,80,26,3,170,20,2,22,192
06/07/2016,ROC,NY,AEA,CE,Combined TRACON& Tower with Radar,67,77,17,0,161,0,0,16,2,18,67,77,33,2,179,58,0,58,237
06/08/2016,ROC,NY,AEA,CE,Combined TRACON& Tower with Radar,60,69,33,3,165,0,1,4,11,16,60,70,37,14,181,38,0,38,219
06/09/2016,ROC,NY,AEA,CE,Combined TRACON& Tower with Radar,72,71,34,1,178,0,0,25,11,36,72,71,59,12,214,20,0,20,234
06/10/2016,ROC,NY,AEA,CE,Combined TRACON& Tower with Radar,61,80,27,1,169,0,1,52,2,55,61,81,79,3,224,114,0,114,338
06/11/2016,ROC,NY,AEA,CE,Combined TRACON& Tower with Radar,52,49,10,0,111,0,4,4,2,10,52,53,14,2,121,18,0,18,139
06/12/2016,ROC,NY,AEA,CE,Combined TRACON& Tower with Radar,57,61,11,1,130,0,0,4,2,6,57,61,15,3,136,36,12,48,184
06/13/2016,ROC,NY,AEA,CE,Combined TRACON& Tower with Radar,64,76,31,0,171,0,1,27,2,30,64,77,58,2,201,84,28,112,313
06/14/2016,ROC,NY,AEA,CE,Combined TRACON& Tower with Radar,65,71,19,5,160,0,0,54,6,60,65,71,73,11,220,60,8,68,288
06/15/2016,ROC,NY,AEA,CE,Combined TRACON& Tower with Radar,67,74,41,0,182,0,2,49,13,64,67,76,90,13,246,100,0,100,346
06/16/2016,ROC,NY,AEA,CE,Combined TRACON& Tower with Radar,66,60,32,1,159,0,3,29,1,33,66,63,61,2,192,50,2,52,244
06/17/2016,ROC,NY,AEA,CE,Combined TRACON& Tower with Radar,65,73,33,0,171,0,2,45,5,52,65,75,78,5,223,88,0,88,311
06/18/2016,ROC,NY,AEA,CE,Combined TRACON& Tower with Radar,51,56,19,0,126,0,1,31,1,33,51,57,50,1,159,56,10,66,225
06/19/2016,ROC,NY,AEA,CE,Combined TRACON& Tower with Radar,52,59,15,0,126,0,1,43,1,45,52,60,58,1,171,20,30,50,221
06/20/2016,ROC,NY,AEA,CE,Combined TRACON& Tower with Radar,66,71,22,0,159,0,1,26,4,31,66,72,48,4,190,126,22,148,338
06/21/2016,ROC,NY,AEA,CE,Combined TRACON& Tower with Radar,62,67,26,0,155,0,0,36,4,40,62,67,62,4,195,62,34,96,291
06/22/2016,ROC,NY,AEA,CE,Combined TRACON& Tower with Radar,64,73,30,3,170,0,1,34,14,49,64,74,64,17,219,40,4,44,263
06/23/2016,ROC,NY,AEA,CE,Combined TRACON& Tower with Radar,67,66,34,3,170,0,2,47,11,60,67,68,81,14,230,106,0,106,336
06/24/2016,ROC,NY,AEA,CE,Combined TRACON& Tower with Radar,66,83,26,0,175,0,2,45,4,51,66,85,71,4,226,80,28,108,334
06/25/2016,ROC,NY,AEA,CE,Combined TRACON& Tower with Radar,51,55,14,0,120,0,1,48,2,51,51,56,62,2,171,12,0,12,183
06/26/2016,ROC,NY,AEA,CE,Combined TRACON& Tower with Radar,53,73,16,1,143,0,4,38,4,46,53,77,54,5,189,38,22,60,249
06/27/2016,ROC,NY,AEA,CE,Combined TRACON& Tower with Radar,62,64,23,4,153,0,0,12,8,20,62,64,35,12,173,54,20,74,247
06/28/2016,ROC,NY,AEA,CE,Combined TRACON& Tower with Radar,62,70,36,6,174,0,0,31,4,35,62,70,67,10,209,90,0,90,299
06/29/2016,ROC,NY,AEA,CE,Combined TRACON& Tower with Radar,63,77,31,2,173,0,2,29,12,43,63,79,60,14,216,48,1,49,265
06/30/2016,ROC,NY,AEA,CE,Combined TRACON& Tower with Radar,68,78,29,0,175,0,2,51,4,57,68,80,80,4,232,52,4,56,288
07/01/2016,ROC,NY,AEA,CE,Combined TRACON& Tower with Radar,59,71,21,0,151,0,0,14,0,14,59,71,35,0,165,34,0,34,199
07/02/2016,ROC,NY,AEA,CE,Combined TRACON& Tower with Radar,49,47,11,0,107,0,1,32,0,33,49,48,43,0,140,22,0,22,162
07/03/2016,ROC,NY,AEA,CE,Combined TRACON& Tower with Radar,51,44,8,0,103,0,0,16,0,16,51,44,24,0,119,28,0,28,147
07/04/2016,ROC,NY,AEA,CE,Combined TRACON& Tower with Radar,47,51,3,0,101,0,2,25,2,29,47,53,28,2,130,30,1,31,161
07/05/2016,ROC,NY,AEA,CE,Combined TRACON& Tower with Radar,53,74,34,2,163,0,1,41,8,50,53,75,75,10,213,30,0,30,243
07/06/2016,ROC,NY,AEA,CE,Combined TRACON& Tower with Radar,56,72,24,1,153,0,2,52,1,55,56,74,76,2,208,68,0,68,276
07/07/2016,ROC,NY,AEA,CE,Combined TRACON& Tower with Radar,59,73,26,2,160,0,0,48,4,52,59,73,74,6,212,18,0,18,230
07/08/2016,ROC,NY,AEA,CE,Combined TRACON& Tower with Radar,54,72,36,0,162,0,1,31,0,32,54,73,67,0,194,44,0,44,238
07/09/2016,ROC,NY,AEA,CE,Combined TRACON& Tower with Radar,51,48,8,3,110,0,0,31,1,32,51,48,39,4,142,28,0,28,170
07/10/2016,ROC,NY,AEA,CE,Combined TRACON& Tower with Radar,64,50,20,0,134,0,0,25,0,25,64,50,45,0,159,49,14,63,222
07/11/2016,ROC,NY,AEA,CE,Combined TRACON& Tower with Radar,55,72,32,0,159,0,2,69,6,77,55,74,101,6,236,70,20,90,326
07/12/2016,ROC,NY,AEA,CE,Combined TRACON& Tower with Radar,56,75,36,7,174,0,1,46,8,55,56,76,82,15,229,68,0,68,297
07/13/2016,ROC,NY,AEA,CE,Combined TRACON& Tower with Radar,55,60,25,2,142,0,1,32,0,33,55,61,57,2,175,66,4,70,245
07/14/2016,ROC,NY,AEA,CE,Combined TRACON& Tower with Radar,59,71,26,1,157,0,1,17,3,21,59,72,43,4,178,28,4,32,210
07/15/2016,ROC,NY,AEA,CE,Combined TRACON& Tower with Radar,62,78,29,0,169,0,2,27,2,31,62,80,56,2,200,40,4,44,244
07/16/2016,ROC,NY,AEA,CE,Combined TRACON& Tower with Radar,47,48,20,0,115,0,0,24,0,24,47,48,44,0,139,89,0,89,228
07/17/2016,ROC,NY,AEA,CE,Combined TRACON& Tower with Radar,59,55,23,0,137,0,2,44,0,46,59,57,67,0,183,66,2,68,251
07/18/2016,ROC,NY,AEA,CE,Combined TRACON& Tower with Radar,50,69,31,0,150,0,1,11,0,12,50,70,42,0,162,66,0,66,228
07/19/2016,ROC,NY,AEA,CE,Combined TRACON& Tower with Radar,57,76,50,1,184,0,3,42,3,48,57,79,92,4,232,38,0,38,270
07/20/2016,ROC,NY,AEA,CE,Combined TRACON& Tower with Radar,61,72,44,0,177,0,3,66,2,71,61,75,110,2,248,86,0,86,334
07/21/2016,ROC,NY,AEA,CE,Combined TRACON& Tower with Radar,56,71,34,2,163,0,0,41,4,45,56,71,75,6,208,32,6,38,246
07/22/2016,ROC,NY,AEA,CE,Combined TRACON& Tower with Radar,64,66,28,2,160,0,4,15,0,19,64,70,43,2,179,96,2,98,277
07/23/2016,ROC,NY,AEA,CE,Combined TRACON& Tower with Radar,49,45,23,0,117,0,0,34,0,34,49,45,57,0,151,36,0,36,187
07/24/2016,ROC,NY,AEA,CE,Combined TRACON& Tower with Radar,55,47,28,2,132,0,2,49,2,53,55,49,77,4,185,32,2,34,219
07/25/2016,ROC,NY,AEA,CE,Combined TRACON& Tower with Radar,51,62,22,2,137,0,0,11,0,11,51,62,33,2,148,8,0,8,156
07/26/2016,ROC,NY,AEA,CE,Combined TRACON& Tower with Radar,57,72,24,6,159,0,0,41,10,51,57,72,65,16,210,50,8,58,268
07/27/2016,ROC,NY,AEA,CE,Combined TRACON& Tower with Radar,57,83,34,0,174,0,3,56,4,63,57,86,90,4,237,70,14,84,321
07/28/2016,ROC,NY,AEA,CE,Combined TRACON& Tower with Radar,57,73,27,0,157,0,5,53,2,60,57,78,80,2,217,146,0,146,363
07/29/2016,ROC,NY,AEA,CE,Combined TRACON& Tower with Radar,62,77,38,0,177,0,0,34,2,36,62,77,72,2,213,40,0,40,253
07/30/2016,ROC,NY,AEA,CE,Combined TRACON& Tower with Radar,44,54,21,0,119,0,5,31,0,36,44,59,52,0,155,16,0,16,171
07/31/2016,ROC,NY,AEA,CE,Combined TRACON& Tower with Radar,55,53,32,3,143,0,0,15,0,15,55,53,47,3,158,40,0,40,198
08/01/2016,ROC,NY,AEA,CE,Combined TRACON& Tower with Radar,48,74,43,1,166,0,0,15,4,19,48,74,58,5,185,28,0,28,213
08/02/2016,ROC,NY,AEA,CE,Combined TRACON& Tower with Radar,56,74,41,8,179,0,1,64,1,66,56,75,105,9,245,43,6,49,294
08/03/2016,ROC,NY,AEA,CE,Combined TRACON& Tower with Radar,59,79,29,3,170,0,0,63,2,65,59,79,92,5,235,106,0,106,341
08/04/2016,ROC,NY,AEA,CE,Combined TRACON& Tower with Radar,60,79,19,3,161,0,1,45,5,51,60,80,64,8,212,27,8,35,247
08/05/2016,ROC,NY,AEA,CE,Combined TRACON& Tower with Radar,61,72,18,5,156,0,0,27,3,30,61,72,45,8,186,42,0,42,228
08/06/2016,ROC,NY,AEA,CE,Combined TRACON& Tower with Radar,48,51,15,0,114,0,0,37,0,37,48,51,52,0,151,9,0,9,160
08/07/2016,ROC,NY,AEA,CE,Combined TRACON& Tower with Radar,55,60,45,1,161,0,1,42,2,45,55,61,87,3,206,28,0,28,234
08/08/2016,ROC,NY,AEA,CE,Combined TRACON& Tower with Radar,50,77,32,0,159,0,4,40,0,44,50,81,72,0,203,100,0,100,303
08/09/2016,ROC,NY,AEA,CE,Combined TRACON& Tower with Radar,54,83,48,2,187,0,5,52,0,57,54,88,100,2,244,56,8,64,308
08/10/2016,ROC,NY,AEA,CE,Combined TRACON& Tower with Radar,49,73,40,1,163,0,2,37,11,50,49,75,77,12,213,48,12,60,273
08/11/2016,ROC,NY,AEA,CE,Combined TRACON& Tower with Radar,58,75,40,2,175,0,1,32,12,45,58,76,72,14,220,50,0,50,270
08/12/2016,ROC,NY,AEA,CE,Combined TRACON& Tower with Radar,53,69,28,0,150,0,0,20,0,20,53,69,48,0,170,22,0,22,192
08/13/2016,ROC,NY,AEA,CE,Combined TRACON& Tower with Radar,45,50,14,0,109,0,1,8,0,9,45,51,22,0,118,46,0,46,164
08/14/2016,ROC,NY,AEA,CE,Combined TRACON& Tower with Radar,51,56,25,0,132,0,2,12,0,14,51,58,37,0,146,30,0,30,176
08/15/2016,ROC,NY,AEA,CE,Combined TRACON& Tower with Radar,49,70,38,0,157,0,0,38,2,40,49,70,76,2,197,44,10,54,251
08/16/2016,ROC,NY,AEA,CE,Combined TRACON& Tower with Radar,57,78,23,0,158,0,3,5,2,10,57,81,28,2,168,22,0,22,190
08/17/2016,ROC,NY,AEA,CE,Combined TRACON& Tower with Radar,56,82,57,5,200,0,0,63,13,76,56,82,120,18,276,42,0,42,318
08/18/2016,ROC,NY,AEA,CE,Combined TRACON& Tower with Radar,63,89,31,4,187,0,1,27,8,36,63,90,58,12,223,122,4,126,349
08/19/2016,ROC,NY,AEA,CE,Combined TRACON& Tower with Radar,57,87,37,0,181,0,0,47,1,48,57,87,84,1,229,52,0,52,281
08/20/2016,ROC,NY,AEA,CE,Combined TRACON& Tower with Radar,42,63,18,0,123,0,1,48,0,49,42,64,66,0,172,32,0,32,204
08/21/2016,ROC,NY,AEA,CE,Combined TRACON& Tower with Radar,49,53,15,1,118,0,5,7,2,14,49,58,22,3,132,20,8,28,160
08/22/2016,ROC,NY,AEA,CE,Combined TRACON& Tower with Radar,47,84,46,3,180,0,1,51,8,60,47,85,97,11,240,62,5,67,307
08/23/2016,ROC,NY,AEA,CE,Combined TRACON& Tower with Radar,61,82,40,3,186,0,2,54,8,64,61,84,94,11,250,130,2,132,382
08/24/2016,ROC,NY,AEA,CE,Combined TRACON& Tower with Radar,62,84,43,3,192,0,4,66,9,79,62,88,109,12,271,76,4,80,351
08/25/2016,ROC,NY,AEA,CE,Combined TRACON& Tower with Radar,61,87,27,0,175,0,1,16,6,23,61,88,43,6,198,22,0,22,220
08/26/2016,ROC,NY,AEA,CE,Combined TRACON& Tower with Radar,58,70,35,3,166,0,2,45,0,47,58,72,80,3,213,74,8,82,295
08/27/2016,ROC,NY,AEA,CE,Combined TRACON& Tower with Radar,41,50,9,0,100,0,0,44,0,44,41,50,53,0,144,76,0,76,220
08/28/2016,ROC,NY,AEA,CE,Combined TRACON& Tower with Radar,48,64,19,0,131,0,3,33,0,36,48,67,52,0,167,22,0,22,189
08/29/2016,ROC,NY,AEA,CE,Combined TRACON& Tower with Radar,46,81,37,3,167,0,2,37,3,42,46,83,74,6,209,78,0,78,287
08/30/2016,ROC,NY,AEA,CE,Combined TRACON& Tower with Radar,54,84,34,1,173,0,2,49,3,54,54,86,83,4,227,88,0,88,315
08/31/2016,ROC,NY,AEA,CE,Combined TRACON& Tower with Radar,52,79,18,10,159,0,0,8,8,16,52,79,26,18,175,14,12,26,201
09/01/2016,ROC,NY,AEA,CE,Combined TRACON& Tower with Radar,51,83,60,0,194,0,0,57,5,62,51,83,117,5,256,64,0,64,320
09/02/2016,ROC,NY,AEA,CE,Combined TRACON& Tower with Radar,58,84,39,0,181,0,0,31,2,33,58,84,70,2,214,80,0,80,294
09/03/2016,ROC,NY,AEA,CE,Combined TRACON& Tower with Radar,34,48,11,0,93,0,1,48,0,49,34,49,59,0,142,72,2,74,216
09/04/2016,ROC,NY,AEA,CE,Combined TRACON& Tower with Radar,45,43,18,0,106,0,1,52,0,53,45,44,70,0,159,86,0,86,245
09/05/2016,ROC,NY,AEA,CE,Combined TRACON& Tower with Radar,42,77,12,0,131,0,0,42,0,42,42,77,54,0,173,62,0,62,235
09/06/2016,ROC,NY,AEA,CE,Combined TRACON& Tower with Radar,53,80,30,8,171,0,0,36,6,42,53,80,66,14,213,28,0,28,241
09/07/2016,ROC,NY,AEA,CE,Combined TRACON& Tower with Radar,51,88,28,4,171,0,2,38,3,43,51,90,66,7,214,22,4,26,240
09/08/2016,ROC,NY,AEA,CE,Combined TRACON& Tower with Radar,53,90,29,19,191,0,4,14,8,26,53,94,43,27,217,38,5,43,260
09/09/2016,ROC,NY,AEA,CE,Combined TRACON& Tower with Radar,55,91,46,3,195,0,1,26,6,33,55,92,72,9,228,56,4,60,288
09/10/2016,ROC,NY,AEA,CE,Combined TRACON& Tower with Radar,41,53,17,1,112,0,2,27,7,36,41,55,44,8,148,0,0,0,148
09/11/2016,ROC,NY,AEA,CE,Combined TRACON& Tower with Radar,46,67,30,0,143,0,0,21,2,23,46,67,51,2,166,24,0,24,190
09/12/2016,ROC,NY,AEA,CE,Combined TRACON& Tower with Radar,49,88,22,2,161,0,3,41,1,45,49,91,63,3,206,88,0,88,294
09/13/2016,ROC,NY,AEA,CE,Combined TRACON& Tower with Radar,52,82,34,0,168,0,5,49,1,55,52,87,83,1,223,128,8,136,359
09/14/2016,ROC,NY,AEA,CE,Combined TRACON& Tower with Radar,51,88,35,1,175,0,1,12,9,22,51,89,47,10,197,8,0,8,205
09/15/2016,ROC,NY,AEA,CE,Combined TRACON& Tower with Radar,57,85,30,5,177,0,2,49,9,60,57,87,79,14,237,98,0,98,335
09/16/2016,ROC,NY,AEA,CE,Combined TRACON& Tower with Radar,53,78,35,1,167,0,3,58,6,67,53,81,93,7,234,36,0,36,270
09/17/2016,ROC,NY,AEA,CE,Combined TRACON& Tower with Radar,44,50,13,0,107,0,0,21,0,21,44,50,34,0,128,0,0,0,128
09/18/2016,ROC,NY,AEA,CE,Combined TRACON& Tower with Radar,47,60,30,0,137,0,0,15,0,15,47,60,45,0,152,18,0,18,170
09/19/2016,ROC,NY,AEA,CE,Combined TRACON& Tower with Radar,55,74,24,0,153,0,0,33,1,34,55,74,57,1,187,52,0,52,239
09/20/2016,ROC,NY,AEA,CE,Combined TRACON& Tower with Radar,55,80,29,0,164,0,0,43,7,50,55,80,72,7,214,40,0,40,254
09/21/2016,ROC,NY,AEA,CE,Combined TRACON& Tower with Radar,54,79,38,0,171,0,2,43,8,53,54,81,81,8,224,114,3,117,341
09/22/2016,ROC,NY,AEA,CE,Combined TRACON& Tower with Radar,59,76,46,2,183,0,1,48,2,51,59,77,94,4,234,118,2,120,354
09/23/2016,ROC,NY,AEA,CE,Combined TRACON& Tower with Radar,55,92,29,0,176,0,1,2,0,3,55,93,31,0,179,0,2,2,181
09/24/2016,ROC,NY,AEA,CE,Combined TRACON& Tower with Radar,42,58,17,0,117,0,0,50,0,50,42,58,67,0,167,2,0,2,169
09/25/2016,ROC,NY,AEA,CE,Combined TRACON& Tower with Radar,46,66,35,0,147,0,3,49,0,52,46,69,84,0,199,16,0,16,215
09/26/2016,ROC,NY,AEA,CE,Combined TRACON& Tower with Radar,51,85,25,2,163,0,1,27,4,32,51,86,52,6,195,26,1,27,222
09/27/2016,ROC,NY,AEA,CE,Combined TRACON& Tower with Radar,56,86,26,1,169,0,0,34,1,35,56,86,60,2,204,32,0,32,236
09/28/2016,ROC,NY,AEA,CE,Combined TRACON& Tower with Radar,52,85,29,5,171,0,2,48,6,56,52,87,77,11,227,56,4,60,287
09/29/2016,ROC,NY,AEA,CE,Combined TRACON& Tower with Radar,54,81,19,2,156,0,0,2,4,6,54,81,21,6,162,0,0,0,162
09/30/2016,ROC,NY,AEA,CE,Combined TRACON& Tower with Radar,56,82,29,0,167,0,0,16,2,18,56,82,45,2,185,32,4,36,221
10/01/2016,ROC,NY,AEA,CE,Combined TRACON& Tower with Radar,43,55,14,0,112,0,0,0,0,0,43,55,14,0,112,2,0,2,114
10/02/2016,ROC,NY,AEA,CE,Combined TRACON& Tower with Radar,48,59,24,0,131,0,0,16,0,16,48,59,40,0,147,30,0,30,177
10/03/2016,ROC,NY,AEA,CE,Combined TRACON& Tower with Radar,51,78,29,2,160,0,1,19,2,22,51,79,48,4,182,26,0,26,208
10/04/2016,ROC,NY,AEA,CE,Combined TRACON& Tower with Radar,52,83,23,0,158,0,0,31,0,31,52,83,54,0,189,28,10,38,227
10/05/2016,ROC,NY,AEA,CE,Combined TRACON& Tower with Radar,56,90,35,2,183,0,0,42,5,47,56,90,77,7,230,62,0,62,292
10/06/2016,ROC,NY,AEA,CE,Combined TRACON& Tower with Radar,57,83,45,4,189,0,2,46,1,49,57,85,91,5,238,154,0,154,392
10/07/2016,ROC,NY,AEA,CE,Combined TRACON& Tower with Radar,53,91,41,3,188,0,3,56,3,62,53,94,97,6,250,72,24,96,346
10/08/2016,ROC,NY,AEA,CE,Combined TRACON& Tower with Radar,38,60,19,0,117,0,1,3,0,4,38,61,22,0,121,72,0,72,193
10/09/2016,ROC,NY,AEA,CE,Combined TRACON& Tower with Radar,47,69,15,0,131,0,2,27,0,29,47,71,42,0,160,34,0,34,194
10/10/2016,ROC,NY,AEA,CE,Combined TRACON& Tower with Radar,55,82,28,0,165,0,0,41,0,41,55,82,69,0,206,148,0,148,354
10/11/2016,ROC,NY,AEA,CE,Combined TRACON& Tower with Radar,55,83,28,3,169,0,1,45,1,47,55,84,73,4,216,114,0,114,330
10/12/2016,ROC,NY,AEA,CE,Combined TRACON& Tower with Radar,57,82,29,0,168,0,0,57,9,66,57,82,86,9,234,36,0,36,270
10/13/2016,ROC,NY,AEA,CE,Combined TRACON& Tower with Radar,61,87,28,2,178,0,0,11,5,16,61,87,39,7,194,20,0,20,214
10/14/2016,ROC,NY,AEA,CE,Combined TRACON& Tower with Radar,59,76,19,0,154,0,5,49,3,57,59,81,68,3,211,52,0,52,263
10/15/2016,ROC,NY,AEA,CE,Combined TRACON& Tower with Radar,40,48,35,0,123,0,2,45,1,48,40,50,80,1,171,138,0,138,309
10/16/2016,ROC,NY,AEA,CE,Combined TRACON& Tower with Radar,48,70,15,0,133,0,6,16,0,22,48,76,31,0,155,34,0,34,189
10/17/2016,ROC,NY,AEA,CE,Combined TRACON& Tower with Radar,54,77,28,4,163,0,0,4,0,4,54,77,32,4,167,0,0,0,167
10/18/2016,ROC,NY,AEA,CE,Combined TRACON& Tower with Radar,59,85,19,2,165,0,2,14,2,18,59,87,33,4,183,48,6,54,237
10/19/2016,ROC,NY,AEA,CE,Combined TRACON& Tower with Radar,55,85,24,4,168,0,2,73,15,90,55,87,97,19,258,112,8,120,378
10/20/2016,ROC,NY,AEA,CE,Combined TRACON& Tower with Radar,65,79,23,0,167,0,1,2,0,3,65,80,25,0,170,18,0,18,188
10/21/2016,ROC,NY,AEA,CE,Combined TRACON& Tower with Radar,61,75,34,0,170,0,0,0,0,0,61,75,34,0,170,0,0,0,170
10/22/2016,ROC,NY,AEA,CE,Combined TRACON& Tower with Radar,41,55,16,0,112,0,0,0,0,0,41,55,16,0,112,0,0,0,112
10/23/2016,ROC,NY,AEA,CE,Combined TRACON& Tower with Radar,53,62,14,0,129,0,0,6,0,6,53,62,20,0,135,0,0,0,135
10/24/2016,ROC,NY,AEA,CE,Combined TRACON& Tower with Radar,55,72,20,4,151,0,0,19,0,19,55,72,39,4,170,12,0,12,182
10/25/2016,ROC,NY,AEA,CE,Combined TRACON& Tower with Radar,56,80,24,2,162,0,0,17,4,21,56,80,41,6,183,26,0,26,209
10/26/2016,ROC,NY,AEA,CE,Combined TRACON& Tower with Radar,57,79,32,6,174,0,0,54,12,66,57,79,86,18,240,164,2,166,406
10/27/2016,ROC,NY,AEA,CE,Combined TRACON& Tower with Radar,58,75,20,0,153,0,0,0,0,0,58,75,20,0,153,2,0,2,155
10/28/2016,ROC,NY,AEA,CE,Combined TRACON& Tower with Radar,63,78,22,2,165,0,0,34,2,36,63,78,56,4,201,12,10,22,223
10/29/2016,ROC,NY,AEA,CE,Combined TRACON& Tower with Radar,40,55,15,2,112,0,2,6,0,8,40,57,21,2,120,34,0,34,154
10/30/2016,ROC,NY,AEA,CE,Combined TRACON& Tower with Radar,45,57,27,4,133,0,0,0,0,0,45,57,27,4,133,12,0,12,145
10/31/2016,ROC,NY,AEA,CE,Combined TRACON& Tower with Radar,52,72,33,3,160,0,2,54,1,57,52,74,87,4,217,96,0,96,313
11/01/2016,ROC,NY,AEA,CE,Combined TRACON& Tower with Radar,54,78,22,0,154,0,1,58,2,61,54,79,80,2,215,58,0,58,273
11/02/2016,ROC,NY,AEA,CE,Combined TRACON& Tower with Radar,57,85,19,5,166,0,1,41,6,48,57,86,60,11,214,78,6,84,298
11/03/2016,ROC,NY,AEA,CE,Combined TRACON& Tower with Radar,54,84,39,3,180,0,0,7,10,17,54,84,46,13,197,46,26,72,269
11/04/2016,ROC,NY,AEA,CE,Combined TRACON& Tower with Radar,61,71,31,1,164,0,7,52,10,69,61,78,83,11,233,77,14,91,324
11/05/2016,ROC,NY,AEA,CE,Combined TRACON& Tower with Radar,47,45,14,2,108,0,2,42,1,45,47,47,56,3,153,64,0,64,217
11/06/2016,ROC,NY,AEA,CE,Combined TRACON& Tower with Radar,56,64,36,1,157,0,4,58,8,70,56,68,94,9,227,96,0,96,323
11/07/2016,ROC,NY,AEA,CE,Combined TRACON& Tower with Radar,56,75,21,0,152,0,0,62,4,66,56,75,83,4,218,158,0,158,376
11/08/2016,ROC,NY,AEA,CE,Combined TRACON& Tower with Radar,51,75,21,4,151,0,1,46,8,55,51,76,67,12,206,84,0,84,290
11/09/2016,ROC,NY,AEA,CE,Combined TRACON& Tower with Radar,61,77,22,2,162,0,0,5,8,13,61,77,27,10,175,30,22,52,227
11/10/2016,ROC,NY,AEA,CE,Combined TRACON& Tower with Radar,62,82,23,2,169,0,2,40,10,52,62,84,63,12,221,46,2,48,269
11/11/2016,ROC,NY,AEA,CE,Combined TRACON& Tower with Radar,60,81,18,0,159,0,0,1,0,1,60,81,19,0,160,2,0,2,162
11/12/2016,ROC,NY,AEA,CE,Combined TRACON& Tower with Radar,45,44,16,0,105,0,0,76,0,76,45,44,92,0,181,32,0,32,213
11/13/2016,ROC,NY,AEA,CE,Combined TRACON& Tower with Radar,56,62,26,0,144,0,0,44,0,44,56,62,70,0,188,12,0,12,200
11/14/2016,ROC,NY,AEA,CE,Combined TRACON& Tower with Radar,55,83,34,2,174,0,1,42,0,43,55,84,76,2,217,144,0,144,361
11/15/2016,ROC,NY,AEA,CE,Combined TRACON& Tower with Radar,58,66,34,2,160,0,1,57,2,60,58,67,91,4,220,54,4,58,278
11/16/2016,ROC,NY,AEA,CE,Combined TRACON& Tower with Radar,57,89,36,2,184,0,1,29,4,34,57,90,65,6,218,106,14,120,338
11/17/2016,ROC,NY,AEA,CE,Combined TRACON& Tower with Radar,60,88,26,4,178,0,0,55,8,63,60,88,81,12,241,136,10,146,387
11/18/2016,ROC,NY,AEA,CE,Combined TRACON& Tower with Radar,60,90,20,2,172,0,4,86,5,95,60,94,106,7,267,147,10,157,424
11/19/2016,ROC,NY,AEA,CE,Combined TRACON& Tower with Radar,44,59,15,0,118,0,3,30,0,33,44,62,45,0,151,28,20,48,199
11/20/2016,ROC,NY,AEA,CE,Combined TRACON& Tower with Radar,44,44,14,0,102,0,0,0,0,0,44,44,14,0,102,0,0,0,102
11/21/2016,ROC,NY,AEA,CE,Combined TRACON& Tower with Radar,47,49,6,0,102,0,1,0,0,1,47,50,6,0,103,0,0,0,103
11/22/2016,ROC,NY,AEA,CE,Combined TRACON& Tower with Radar,59,91,28,2,180,0,1,4,4,9,59,92,32,6,189,0,10,10,199
11/23/2016,ROC,NY,AEA,CE,Combined TRACON& Tower with Radar,57,85,23,2,167,0,1,35,0,36,57,86,58,2,203,48,0,48,251
11/24/2016,ROC,NY,AEA,CE,Combined TRACON& Tower with Radar,32,39,11,0,82,0,0,2,0,2,32,39,13,0,84,0,0,0,84
11/25/2016,ROC,NY,AEA,CE,Combined TRACON& Tower with Radar,45,34,5,0,84,0,0,2,0,2,45,34,7,0,86,16,0,16,102
11/26/2016,ROC,NY,AEA,CE,Combined TRACON& Tower with Radar,52,66,15,0,133,0,0,0,0,0,52,66,15,0,133,0,0,0,133
11/27/2016,ROC,NY,AEA,CE,Combined TRACON& Tower with Radar,48,81,38,0,167,0,0,18,0,18,48,81,56,0,185,68,0,68,253
11/28/2016,ROC,NY,AEA,CE,Combined TRACON& Tower with Radar,54,82,27,1,164,0,0,50,5,55,54,82,77,6,219,108,0,108,327
11/29/2016,ROC,NY,AEA,CE,Combined TRACON& Tower with Radar,65,72,27,1,165,0,0,26,3,29,65,72,53,4,194,42,12,54,248
11/30/2016,ROC,NY,AEA,CE,Combined TRACON& Tower with Radar,59,70,20,0,149,0,0,23,0,23,59,70,43,0,172,42,0,42,214
12/01/2016,ROC,NY,AEA,CE,Combined TRACON& Tower with Radar,67,66,19,2,154,0,1,6,9,16,67,67,25,11,170,0,0,0,170
12/02/2016,ROC,NY,AEA,CE,Combined TRACON& Tower with Radar,64,71,25,0,160,0,1,5,1,7,64,72,30,1,167,0,0,0,167
12/03/2016,ROC,NY,AEA,CE,Combined TRACON& Tower with Radar,40,41,11,0,92,0,1,2,2,5,40,42,13,2,97,16,0,16,113
12/04/2016,ROC,NY,AEA,CE,Combined TRACON& Tower with Radar,51,50,29,0,130,0,1,41,6,48,51,51,70,6,178,127,62,189,367
12/05/2016,ROC,NY,AEA,CE,Combined TRACON& Tower with Radar,62,66,21,0,149,0,0,4,2,6,62,66,25,2,155,2,0,2,157
12/06/2016,ROC,NY,AEA,CE,Combined TRACON& Tower with Radar,67,54,22,4,147,0,2,43,4,49,67,56,65,8,196,38,12,50,246
12/07/2016,ROC,NY,AEA,CE,Combined TRACON& Tower with Radar,61,64,22,11,158,0,0,11,13,24,61,64,33,24,182,20,20,40,222
12/08/2016,ROC,NY,AEA,CE,Combined TRACON& Tower with Radar,65,70,39,7,181,0,0,15,7,22,65,70,54,14,203,0,3,3,206
12/09/2016,ROC,NY,AEA,CE,Combined TRACON& Tower with Radar,66,64,18,0,148,0,0,2,0,2,66,64,20,0,150,14,0,14,164
12/10/2016,ROC,NY,AEA,CE,Combined TRACON& Tower with Radar,42,40,11,0,93,0,0,3,0,3,42,40,14,0,96,54,0,54,150
12/11/2016,ROC,NY,AEA,CE,Combined TRACON& Tower with Radar,49,46,15,0,110,0,0,5,0,5,49,46,20,0,115,30,0,30,145
12/12/2016,ROC,NY,AEA,CE,Combined TRACON& Tower with Radar,59,73,25,1,158,0,1,1,1,3,59,74,26,2,161,32,24,56,217
12/13/2016,ROC,NY,AEA,CE,Combined TRACON& Tower with Radar,63,67,28,1,159,0,0,17,5,22,63,67,45,6,181,14,0,14,195
12/14/2016,ROC,NY,AEA,CE,Combined TRACON& Tower with Radar,59,67,20,4,150,0,0,9,0,9,59,67,29,4,159,22,0,22,181
12/15/2016,ROC,NY,AEA,CE,Combined TRACON& Tower with Radar,52,37,24,0,113,0,0,0,0,0,52,37,24,0,113,0,0,0,113
12/16/2016,ROC,NY,AEA,CE,Combined TRACON& Tower with Radar,62,67,25,0,154,0,0,20,0,20,62,67,45,0,174,30,8,38,212
12/17/2016,ROC,NY,AEA,CE,Combined TRACON& Tower with Radar,27,42,12,0,81,0,0,0,0,0,27,42,12,0,81,39,0,39,120
12/18/2016,ROC,NY,AEA,CE,Combined TRACON& Tower with Radar,47,48,12,0,107,0,0,0,0,0,47,48,12,0,107,0,0,0,107
12/19/2016,ROC,NY,AEA,CE,Combined TRACON& Tower with Radar,54,60,30,0,144,0,0,24,2,26,54,60,54,2,170,54,0,54,224
12/20/2016,ROC,NY,AEA,CE,Combined TRACON& Tower with Radar,55,70,23,1,149,0,0,22,12,34,55,70,45,13,183,10,0,10,193
12/21/2016,ROC,NY,AEA,CE,Combined TRACON& Tower with Radar,51,73,28,9,161,0,0,20,10,30,51,73,48,19,191,20,20,40,231
12/22/2016,ROC,NY,AEA,CE,Combined TRACON& Tower with Radar,55,75,16,0,146,0,0,4,10,14,55,75,20,10,160,26,0,26,186
12/23/2016,ROC,NY,AEA,CE,Combined TRACON& Tower with Radar,57,81,20,0,158,0,0,38,0,38,57,81,58,0,196,112,0,112,308
12/24/2016,ROC,NY,AEA,CE,Combined TRACON& Tower with Radar,34,52,3,0,89,0,0,3,0,3,34,52,6,0,92,16,0,16,108
12/25/2016,ROC,NY,AEA,CE,Combined TRACON& Tower with Radar,34,38,3,0,75,0,0,6,0,6,34,38,9,0,81,0,0,0,81
12/26/2016,ROC,NY,AEA,CE,Combined TRACON& Tower with Radar,42,63,24,0,129,0,0,0,0,0,42,63,24,0,129,0,0,0,129
12/27/2016,ROC,NY,AEA,CE,Combined TRACON& Tower with Radar,55,68,24,2,149,0,0,3,2,5,55,68,27,4,154,30,8,38,192
12/28/2016,ROC,NY,AEA,CE,Combined TRACON& Tower with Radar,56,70,11,7,144,0,2,24,7,33,56,72,35,14,177,200,14,214,391
12/29/2016,ROC,NY,AEA,CE,Combined TRACON& Tower with Radar,53,61,8,8,130,0,2,1,0,3,53,63,9,8,133,12,10,22,155
12/30/2016,ROC,NY,AEA,CE,Combined TRACON& Tower with Radar,63,60,2,0,125,0,0,0,0,0,63,60,2,0,125,0,0,0,125
12/31/2016,ROC,NY,AEA,CE,Combined TRACON& Tower with Radar,39,54,7,0,100,0,0,11,0,11,39,54,18,0,111,12,0,12,123
01/01/2017,ROC,NY,AEA,CE,Combined TRACON& Tower with Radar,34,48,20,0,102,0,0,43,0,43,34,48,63,0,145,80,0,80,225
01/02/2017,ROC,NY,AEA,CE,Combined TRACON& Tower with Radar,45,66,12,0,123,0,0,14,0,14,45,66,26,0,137,108,32,140,277
01/03/2017,ROC,NY,AEA,CE,Combined TRACON& Tower with Radar,55,65,20,0,140,0,0,2,0,2,55,65,22,0,142,14,0,14,156
01/04/2017,ROC,NY,AEA,CE,Combined TRACON& Tower with Radar,59,66,10,0,135,0,0,0,2,2,59,66,10,2,137,0,4,4,141
01/05/2017,ROC,NY,AEA,CE,Combined TRACON& Tower with Radar,58,55,22,1,136,0,0,3,3,6,58,55,25,4,142,12,8,20,162
01/06/2017,ROC,NY,AEA,CE,Combined TRACON& Tower with Radar,53,55,12,5,125,0,1,40,5,46,53,56,52,10,171,112,24,136,307
01/07/2017,ROC,NY,AEA,CE,Combined TRACON& Tower with Radar,39,39,19,6,103,0,0,26,8,34,39,39,45,14,137,86,10,96,233
01/08/2017,ROC,NY,AEA,CE,Combined TRACON& Tower with Radar,55,44,10,0,109,0,0,4,0,4,55,44,14,0,113,0,0,0,113
01/09/2017,ROC,NY,AEA,CE,Combined TRACON& Tower with Radar,53,71,13,0,137,0,0,16,0,16,53,71,29,0,153,14,0,14,167
01/10/2017,ROC,NY,AEA,CE,Combined TRACON& Tower with Radar,57,63,10,0,130,0,0,0,0,0,57,63,10,0,130,0,0,0,130
01/11/2017,ROC,NY,AEA,CE,Combined TRACON& Tower with Radar,62,83,16,1,162,0,1,17,5,23,62,84,33,6,185,70,0,70,255
01/12/2017,ROC,NY,AEA,CE,Combined TRACON& Tower with Radar,60,74,16,0,150,0,0,0,0,0,60,74,16,0,150,18,18,36,186
01/13/2017,ROC,NY,AEA,CE,Combined TRACON& Tower with Radar,58,68,15,1,142,0,0,32,3,35,58,68,47,4,177,42,4,46,223
01/14/2017,ROC,NY,AEA,CE,Combined TRACON& Tower with Radar,33,53,21,0,107,0,0,32,0,32,33,53,53,0,139,108,20,128,267
01/15/2017,ROC,NY,AEA,CE,Combined TRACON& Tower with Radar,46,58,6,0,110,0,1,19,0,20,46,59,25,0,130,162,0,162,292
01/16/2017,ROC,NY,AEA,CE,Combined TRACON& Tower with Radar,50,71,26,0,147,0,0,47,0,47,50,71,73,0,194,54,0,54,248
01/17/2017,ROC,NY,AEA,CE,Combined TRACON& Tower with Radar,64,66,17,0,147,0,0,1,0,1,64,66,18,0,148,0,0,0,148
01/18/2017,ROC,NY,AEA,CE,Combined TRACON& Tower with Radar,57,74,16,4,151,0,0,0,0,0,57,74,16,4,151,0,0,0,151
01/19/2017,ROC,NY,AEA,CE,Combined TRACON& Tower with Radar,58,87,22,2,169,0,0,3,4,7,58,87,25,6,176,54,20,74,250
01/20/2017,ROC,NY,AEA,CE,Combined TRACON& Tower with Radar,56,76,22,0,154,0,0,25,2,27,56,76,47,2,181,66,12,78,259
01/21/2017,ROC,NY,AEA,CE,Combined TRACON& Tower with Radar,43,47,22,0,112,0,0,12,0,12,43,47,34,0,124,53,0,53,177
01/22/2017,ROC,NY,AEA,CE,Combined TRACON& Tower with Radar,52,51,15,0,118,0,0,0,0,0,52,51,15,0,118,0,0,0,118
01/23/2017,ROC,NY,AEA,CE,Combined TRACON& Tower with Radar,48,68,25,0,141,0,0,4,2,6,48,68,29,2,147,31,0,31,178
01/24/2017,ROC,NY,AEA,CE,Combined TRACON& Tower with Radar,59,66,15,0,140,0,0,0,0,0,59,66,15,0,140,0,0,0,140
01/25/2017,ROC,NY,AEA,CE,Combined TRACON& Tower with Radar,57,74,20,0,151,0,3,6,10,19,57,77,26,10,170,22,2,24,194
01/26/2017,ROC,NY,AEA,CE,Combined TRACON& Tower with Radar,58,86,22,2,168,0,0,4,6,10,58,86,26,8,178,6,6,12,190
01/27/2017,ROC,NY,AEA,CE,Combined TRACON& Tower with Radar,57,79,13,0,149,0,0,3,2,5,57,79,16,2,154,6,6,12,166
01/28/2017,ROC,NY,AEA,CE,Combined TRACON& Tower with Radar,41,49,14,0,104,0,0,6,0,6,41,49,20,0,110,0,38,38,148
01/29/2017,ROC,NY,AEA,CE,Combined TRACON& Tower with Radar,48,64,18,4,134,0,0,22,0,22,48,64,40,4,156,56,4,60,216
01/30/2017,ROC,NY,AEA,CE,Combined TRACON& Tower with Radar,52,64,25,0,141,0,1,2,0,3,52,65,27,0,144,24,0,24,168
01/31/2017,ROC,NY,AEA,CE,Combined TRACON& Tower with Radar,53,64,30,10,157,0,0,0,4,4,53,64,30,14,161,0,0,0,161
02/01/2017,ROC,NY,AEA,CE,Combined TRACON& Tower with Radar,55,71,33,0,159,0,1,19,4,24,55,72,52,4,183,58,22,80,263
02/02/2017,ROC,NY,AEA,CE,Combined TRACON& Tower with Radar,55,79,26,0,160,0,1,6,9,16,55,80,32,9,176,0,0,0,176
02/03/2017,ROC,NY,AEA,CE,Combined TRACON& Tower with Radar,53,70,13,1,137,0,1,21,0,22,53,71,34,1,159,23,16,39,198
02/04/2017,ROC,NY,AEA,CE,Combined TRACON& Tower with Radar,41,45,12,2,100,0,0,22,0,22,41,45,34,2,122,26,0,26,148
02/05/2017,ROC,NY,AEA,CE,Combined TRACON& Tower with Radar,42,49,12,3,106,0,0,2,0,2,42,49,14,3,108,28,0,28,136
02/06/2017,ROC,NY,AEA,CE,Combined TRACON& Tower with Radar,49,80,13,0,142,0,3,43,2,48,49,83,56,2,190,94,0,94,284
02/07/2017,ROC,NY,AEA,CE,Combined TRACON& Tower with Radar,51,66,9,0,126,0,0,0,2,2,51,66,9,2,128,20,0,20,148
02/08/2017,ROC,NY,AEA,CE,Combined TRACON& Tower with Radar,50,81,17,3,151,0,2,10,4,16,50,83,27,7,167,58,12,70,237
02/09/2017,ROC,NY,AEA,CE,Combined TRACON& Tower with Radar,43,53,17,1,114,0,0,11,5,16,43,53,28,6,130,26,0,26,156
02/10/2017,ROC,NY,AEA,CE,Combined TRACON& Tower with Radar,52,62,18,0,132,0,0,12,2,14,52,62,30,2,146,12,2,14,160
02/11/2017,ROC,NY,AEA,CE,Combined TRACON& Tower with Radar,42,50,11,3,106,0,1,32,9,42,42,51,43,12,148,54,6,60,208
02/12/2017,ROC,NY,AEA,CE,Combined TRACON& Tower with Radar,51,38,12,0,101,0,0,0,0,0,51,38,12,0,101,0,0,0,101
02/13/2017,ROC,NY,AEA,CE,Combined TRACON& Tower with Radar,48,62,12,0,122,0,0,2,0,2,48,62,14,0,124,1,4,5,129
02/14/2017,ROC,NY,AEA,CE,Combined TRACON& Tower with Radar,57,81,36,0,174,0,3,26,2,31,57,84,62,2,205,19,28,47,252
02/15/2017,ROC,NY,AEA,CE,Combined TRACON& Tower with Radar,51,75,14,5,145,0,0,1,7,8,51,75,15,12,153,0,2,2,155
02/16/2017,ROC,NY,AEA,CE,Combined TRACON& Tower with Radar,55,71,42,1,169,0,0,0,7,7,55,71,42,8,176,40,2,42,218
02/17/2017,ROC,NY,AEA,CE,Combined TRACON& Tower with Radar,55,88,38,12,193,0,2,47,2,51,55,90,85,14,244,140,6,146,390
02/18/2017,ROC,NY,AEA,CE,Combined TRACON& Tower with Radar,41,56,22,0,119,0,1,34,0,35,41,57,56,0,154,32,0,32,186
02/19/2017,ROC,NY,AEA,CE,Combined TRACON& Tower with Radar,42,59,28,0,129,0,0,35,2,37,42,59,63,2,166,156,0,156,322
02/20/2017,ROC,NY,AEA,CE,Combined TRACON& Tower with Radar,43,73,22,0,138,0,0,39,0,39,43,73,61,0,177,58,20,78,255
02/21/2017,ROC,NY,AEA,CE,Combined TRACON& Tower with Radar,50,76,19,4,149,0,0,26,3,29,50,76,45,7,178,84,8,92,270
02/22/2017,ROC,NY,AEA,CE,Combined TRACON& Tower with Radar,57,83,21,0,161,0,2,38,3,43,57,85,59,3,204,104,0,104,308
02/23/2017,ROC,NY,AEA,CE,Combined TRACON& Tower with Radar,48,75,23,1,147,0,1,18,9,28,48,76,41,10,175,16,0,16,191
02/24/2017,ROC,NY,AEA,CE,Combined TRACON& Tower with Radar,55,78,17,1,151,0,0,15,1,16,55,78,32,2,167,60,0,60,227
02/25/2017,ROC,NY,AEA,CE,Combined TRACON& Tower with Radar,49,39,10,0,98,0,0,3,0,3,49,39,13,0,101,10,0,10,111
02/26/2017,ROC,NY,AEA,CE,Combined TRACON& Tower with Radar,55,66,11,0,132,0,3,10,1,14,55,69,21,1,146,40,0,40,186
02/27/2017,ROC,NY,AEA,CE,Combined TRACON& Tower with Radar,47,76,23,0,146,0,0,32,2,34,47,76,55,2,180,104,0,104,284
02/28/2017,ROC,NY,AEA,CE,Combined TRACON& Tower with Radar,48,76,27,0,151,0,1,39,2,42,48,77,66,2,193,50,0,50,243
03/01/2017,ROC,NY,AEA,CE,Combined TRACON& Tower with Radar,44,62,29,0,135,0,0,0,1,1,44,62,29,1,136,10,0,10,146
03/02/2017,ROC,NY,AEA,CE,Combined TRACON& Tower with Radar,47,71,23,0,141,0,0,2,0,2,47,71,25,0,143,0,0,0,143
03/03/2017,ROC,NY,AEA,CE,Combined TRACON& Tower with Radar,50,65,32,0,147,0,0,6,1,7,50,65,38,1,154,16,2,18,172
03/04/2017,ROC,NY,AEA,CE,Combined TRACON& Tower with Radar,47,46,12,0,105,0,0,18,8,26,47,46,30,8,131,0,0,0,131
03/05/2017,ROC,NY,AEA,CE,Combined TRACON& Tower with Radar,52,52,25,0,129,0,0,55,2,57,52,52,80,2,186,66,0,66,252
03/06/2017,ROC,NY,AEA,CE,Combined TRACON& Tower with Radar,55,65,26,0,146,0,3,33,0,36,55,68,59,0,182,118,0,118,300
03/07/2017,ROC,NY,AEA,CE,Combined TRACON& Tower with Radar,55,71,11,0,137,0,0,0,6,6,55,71,11,6,143,36,0,36,179
03/08/2017,ROC,NY,AEA,CE,Combined TRACON& Tower with Radar,80,53,18,0,151,0,0,4,2,6,80,53,22,2,157,0,0,0,157
03/09/2017,ROC,NY,AEA,CE,Combined TRACON& Tower with Radar,66,63,21,0,150,0,3,1,1,5,66,66,22,1,155,0,0,0,155
03/10/2017,ROC,NY,AEA,CE,Combined TRACON& Tower with Radar,63,60,23,6,152,0,2,0,2,4,63,62,23,8,156,12,8,20,176
03/11/2017,ROC,NY,AEA,CE,Combined TRACON& Tower with Radar,52,53,21,0,126,0,0,0,0,0,52,53,21,0,126,0,0,0,126
03/12/2017,ROC,NY,AEA,CE,Combined TRACON& Tower with Radar,59,48,22,0,129,0,0,20,0,20,59,48,42,0,149,18,0,18,167
03/13/2017,ROC,NY,AEA,CE,Combined TRACON& Tower with Radar,58,50,17,0,125,0,0,20,4,24,58,50,37,4,149,40,0,40,189
03/14/2017,ROC,NY,AEA,CE,Combined TRACON& Tower with Radar,10,5,0,0,15,0,0,0,0,0,10,5,0,0,15,0,0,0,15
03/15/2017,ROC,NY,AEA,CE,Combined TRACON& Tower with Radar,31,11,10,0,52,0,0,0,0,0,31,11,10,0,52,0,0,0,52
03/16/2017,ROC,NY,AEA,CE,Combined TRACON& Tower with Radar,68,63,31,2,164,0,12,9,6,27,68,75,40,8,191,14,0,14,205
03/17/2017,ROC,NY,AEA,CE,Combined TRACON& Tower with Radar,67,59,17,0,143,0,2,43,6,51,67,61,60,6,194,74,0,74,268
03/18/2017,ROC,NY,AEA,CE,Combined TRACON& Tower with Radar,50,46,10,0,106,0,0,2,0,2,50,46,12,0,108,58,0,58,166
03/19/2017,ROC,NY,AEA,CE,Combined TRACON& Tower with Radar,60,53,19,0,132,0,0,23,0,23,60,53,42,0,155,48,0,48,203
03/20/2017,ROC,NY,AEA,CE,Combined TRACON& Tower with Radar,60,64,25,1,150,0,1,25,1,27,60,65,50,2,177,107,0,107,284
03/21/2017,ROC,NY,AEA,CE,Combined TRACON& Tower with Radar,67,60,18,3,148,0,2,21,3,26,67,62,39,6,174,94,0,94,268
03/22/2017,ROC,NY,AEA,CE,Combined TRACON& Tower with Radar,69,64,15,0,148,0,0,7,2,9,69,64,22,2,157,116,0,116,273
03/23/2017,ROC,NY,AEA,CE,Combined TRACON& Tower with Radar,69,57,38,3,167,0,1,39,9,49,69,58,77,12,216,102,6,108,324
03/24/2017,ROC,NY,AEA,CE,Combined TRACON& Tower with Radar,62,71,23,0,156,0,0,4,0,4,62,71,27,0,160,20,0,20,180
03/25/2017,ROC,NY,AEA,CE,Combined TRACON& Tower with Radar,58,50,9,0,117,0,0,0,0,0,58,50,9,0,117,0,0,0,117
03/26/2017,ROC,NY,AEA,CE,Combined TRACON& Tower with Radar,54,49,12,0,115,0,0,5,6,11,54,49,17,6,126,42,0,42,168
03/27/2017,ROC,NY,AEA,CE,Combined TRACON& Tower with Radar,65,63,36,0,164,0,0,8,0,8,65,63,44,0,172,70,0,70,242
03/28/2017,ROC,NY,AEA,CE,Combined TRACON& Tower with Radar,64,54,17,2,137,0,2,0,2,4,64,56,17,4,141,60,0,60,201
03/29/2017,ROC,NY,AEA,CE,Combined TRACON& Tower with Radar,70,65,42,2,179,0,0,58,11,69,70,65,100,13,248,150,2,152,400
03/30/2017,ROC,NY,AEA,CE,Combined TRACON& Tower with Radar,64,61,35,0,160,0,0,30,8,38,64,61,65,8,198,62,24,86,284
03/31/2017,ROC,NY,AEA,CE,Combined TRACON& Tower with Radar,65,69,12,0,146,0,0,0,0,0,65,69,12,0,146,0,0,0,146
04/01/2017,ROC,NY,AEA,CE,Combined TRACON& Tower with Radar,48,48,9,4,109,0,0,0,0,0,48,48,9,4,109,0,0,0,109
04/02/2017,ROC,NY,AEA,CE,Combined TRACON& Tower with Radar,58,54,36,0,148,0,0,57,2,59,58,54,93,2,207,90,0,90,297
04/03/2017,ROC,NY,AEA,CE,Combined TRACON& Tower with Radar,52,59,31,0,142,0,1,21,3,25,52,60,52,3,167,66,0,66,233
04/04/2017,ROC,NY,AEA,CE,Combined TRACON& Tower with Radar,65,63,17,0,145,0,0,1,2,3,65,63,18,2,148,0,12,12,160
04/05/2017,ROC,NY,AEA,CE,Combined TRACON& Tower with Radar,66,68,42,0,176,0,0,24,3,27,66,68,66,3,203,108,6,114,317
04/06/2017,ROC,NY,AEA,CE,Combined TRACON& Tower with Radar,53,55,22,1,131,0,0,0,0,0,53,55,22,1,131,8,0,8,139
04/07/2017,ROC,NY,AEA,CE,Combined TRACON& Tower with Radar,66,65,30,0,161,0,0,0,0,0,66,65,30,0,161,0,0,0,161
04/08/2017,ROC,NY,AEA,CE,Combined TRACON& Tower with Radar,60,51,24,0,135,0,0,38,2,40,60,51,62,2,175,18,0,18,193
04/09/2017,ROC,NY,AEA,CE,Combined TRACON& Tower with Radar,66,56,38,0,160,0,0,56,2,58,66,56,94,2,218,56,0,56,274
04/10/2017,ROC,NY,AEA,CE,Combined TRACON& Tower with Radar,65,68,33,2,168,0,1,37,2,40,65,69,70,4,208,64,4,68,276
04/11/2017,ROC,NY,AEA,CE,Combined TRACON& Tower with Radar,71,66,21,3,161,0,0,12,7,19,71,66,33,10,180,34,16,50,230
04/12/2017,ROC,NY,AEA,CE,Combined TRACON& Tower with Radar,73,69,32,6,180,0,2,25,4,31,73,71,57,10,211,176,20,196,407
04/13/2017,ROC,NY,AEA,CE,Combined TRACON& Tower with Radar,65,77,29,1,172,0,0,57,9,66,65,77,86,10,238,172,2,174,412
04/14/2017,ROC,NY,AEA,CE,Combined TRACON& Tower with Radar,74,71,32,1,178,0,10,58,3,71,74,81,90,4,249,166,0,166,415
04/15/2017,ROC,NY,AEA,CE,Combined TRACON& Tower with Radar,51,47,13,0,111,0,5,29,0,34,51,52,42,0,145,44,12,56,201
04/16/2017,ROC,NY,AEA,CE,Combined TRACON& Tower with Radar,70,47,8,0,125,0,2,8,1,11,70,49,16,1,136,6,0,6,142
04/17/2017,ROC,NY,AEA,CE,Combined TRACON& Tower with Radar,66,66,24,2,158,0,4,48,5,57,66,70,72,7,215,26,14,40,255
04/18/2017,ROC,NY,AEA,CE,Combined TRACON& Tower with Radar,72,67,22,0,161,0,2,58,4,64,72,69,80,4,225,98,2,100,325
04/19/2017,ROC,NY,AEA,CE,Combined TRACON& Tower with Radar,72,65,38,1,176,0,4,0,5,9,72,69,38,6,185,0,0,0,185
04/20/2017,ROC,NY,AEA,CE,Combined TRACON& Tower with Radar,71,57,23,0,151,0,0,0,0,0,71,57,23,0,151,12,0,12,163
04/21/2017,ROC,NY,AEA,CE,Combined TRACON& Tower with Radar,74,67,24,0,165,0,0,4,2,6,74,67,28,2,171,22,2,24,195
04/22/2017,ROC,NY,AEA,CE,Combined TRACON& Tower with Radar,56,51,13,0,120,0,0,20,2,22,56,51,33,2,142,168,0,168,310
04/23/2017,ROC,NY,AEA,CE,Combined TRACON& Tower with Radar,64,56,29,0,149,0,0,51,0,51,64,56,80,0,200,138,0,138,338
04/24/2017,ROC,NY,AEA,CE,Combined TRACON& Tower with Radar,74,68,27,0,169,0,0,32,2,34,74,68,59,2,203,62,16,78,281
04/25/2017,ROC,NY,AEA,CE,Combined TRACON& Tower with Radar,64,69,29,2,164,0,0,9,2,11,64,69,38,4,175,80,8,88,263
04/26/2017,ROC,NY,AEA,CE,Combined TRACON& Tower with Radar,71,67,42,0,180,0,3,24,4,31,71,70,66,4,211,38,8,46,257
04/27/2017,ROC,NY,AEA,CE,Combined TRACON& Tower with Radar,61,75,33,1,170,0,4,32,5,41,61,79,65,6,211,62,38,100,311
04/28/2017,ROC,NY,AEA,CE,Combined TRACON& Tower with Radar,67,63,35,0,165,0,2,56,1,59,67,65,91,1,224,146,20,166,390
04/29/2017,ROC,NY,AEA,CE,Combined TRACON& Tower with Radar,52,46,23,0,121,0,0,46,8,54,52,46,69,8,175,140,12,152,327
04/30/2017,ROC,NY,AEA,CE,Combined TRACON& Tower with Radar,62,46,25,0,133,0,0,19,3,22,62,46,44,3,155,16,34,50,205
05/01/2017,ROC,NY,AEA,CE,Combined TRACON& Tower with Radar,62,44,31,8,145,0,0,6,2,8,62,44,37,10,153,0,0,0,153
05/02/2017,ROC,NY,AEA,CE,Combined TRACON& Tower with Radar,71,60,23,0,154,0,0,5,4,9,71,60,28,4,163,16,8,24,187
05/03/2017,ROC,NY,AEA,CE,Combined TRACON& Tower with Radar,68,66,20,0,154,0,2,25,10,37,68,68,45,10,191,50,10,60,251
05/04/2017,ROC,NY,AEA,CE,Combined TRACON& Tower with Radar,69,60,25,0,154,0,0,16,14,30,69,60,41,14,184,0,0,0,184
05/05/2017,ROC,NY,AEA,CE,Combined TRACON& Tower with Radar,57,62,23,3,145,0,0,0,0,0,57,62,23,3,145,0,0,0,145
05/06/2017,ROC,NY,AEA,CE,Combined TRACON& Tower with Radar,52,44,25,0,121,0,0,0,0,0,52,44,25,0,121,4,2,6,127
05/07/2017,ROC,NY,AEA,CE,Combined TRACON& Tower with Radar,67,49,21,2,139,0,0,8,9,17,67,49,29,11,156,0,0,0,156
05/08/2017,ROC,NY,AEA,CE,Combined TRACON& Tower with Radar,65,78,17,1,161,0,2,24,13,39,65,80,41,14,200,0,2,2,202
05/09/2017,ROC,NY,AEA,CE,Combined TRACON& Tower with Radar,66,66,38,2,172,0,4,49,19,72,66,70,87,21,244,62,0,62,306
05/10/2017,ROC,NY,AEA,CE,Combined TRACON& Tower with Radar,70,74,31,4,179,0,3,78,7,88,70,77,109,11,267,112,20,132,399
05/11/2017,ROC,NY,AEA,CE,Combined TRACON& Tower with Radar,65,74,30,2,171,0,5,57,10,72,65,79,87,12,243,94,18,112,355
05/12/2017,ROC,NY,AEA,CE,Combined TRACON& Tower with Radar,64,71,26,1,162,0,4,41,1,46,64,75,67,2,208,126,0,126,334
05/13/2017,ROC,NY,AEA,CE,Combined TRACON& Tower with Radar,46,45,16,0,107,0,0,22,0,22,46,45,38,0,129,100,0,100,229
05/14/2017,ROC,NY,AEA,CE,Combined TRACON& Tower with Radar,70,50,18,0,138,0,0,17,0,17,70,50,35,0,155,16,0,16,171
05/15/2017,ROC,NY,AEA,CE,Combined TRACON& Tower with Radar,64,67,35,0,166,0,3,26,0,29,64,70,61,0,195,36,0,36,231
05/16/2017,ROC,NY,AEA,CE,Combined TRACON& Tower with Radar,67,66,35,5,173,0,1,42,3,46,67,67,77,8,219,150,0,150,369
05/17/2017,ROC,NY,AEA,CE,Combined TRACON& Tower with Radar,73,72,42,2,189,0,0,24,5,29,73,72,66,7,218,50,3,53,271
05/18/2017,ROC,NY,AEA,CE,Combined TRACON& Tower with Radar,71,79,30,0,180,0,1,13,4,18,71,80,43,4,198,129,0,129,327
05/19/2017,ROC,NY,AEA,CE,Combined TRACON& Tower with Radar,64,67,37,2,170,0,0,28,2,30,64,67,65,4,200,70,0,70,270
05/20/2017,ROC,NY,AEA,CE,Combined TRACON& Tower with Radar,58,49,19,0,126,0,1,58,0,59,58,50,77,0,185,46,0,46,231
05/21/2017,ROC,NY,AEA,CE,Combined TRACON& Tower with Radar,65,63,15,0,143,0,0,20,2,22,65,63,35,2,165,6,2,8,173
05/22/2017,ROC,NY,AEA,CE,Combined TRACON& Tower with Radar,57,73,29,4,163,0,2,27,0,29,57,75,56,4,192,112,8,120,312
05/23/2017,ROC,NY,AEA,CE,Combined TRACON& Tower with Radar,65,64,37,16,182,0,0,46,8,54,65,64,83,24,236,58,20,78,314
05/24/2017,ROC,NY,AEA,CE,Combined TRACON& Tower with Radar,66,64,28,2,160,0,2,63,6,71,66,66,91,8,231,42,2,44,275
05/25/2017,ROC,NY,AEA,CE,Combined TRACON& Tower with Radar,60,63,24,1,148,0,0,1,0,1,60,63,25,1,149,0,0,0,149
05/26/2017,ROC,NY,AEA,CE,Combined TRACON& Tower with Radar,69,65,40,1,175,0,0,0,0,0,69,65,40,1,175,4,0,4,179
05/27/2017,ROC,NY,AEA,CE,Combined TRACON& Tower with Radar,51,40,28,0,119,0,0,15,0,15,51,40,43,0,134,48,0,48,182
05/28/2017,ROC,NY,AEA,CE,Combined TRACON& Tower with Radar,54,28,14,0,96,0,0,33,0,33,54,28,47,0,129,54,0,54,183
05/29/2017,ROC,NY,AEA,CE,Combined TRACON& Tower with Radar,62,50,20,0,132,0,0,12,0,12,62,50,32,0,144,0,0,0,144
05/30/2017,ROC,NY,AEA,CE,Combined TRACON& Tower with Radar,58,63,21,1,143,0,2,27,3,32,58,65,48,4,175,48,20,68,243
05/31/2017,ROC,NY,AEA,CE,Combined TRACON& Tower with Radar,65,82,32,1,180,0,0,26,6,32,65,82,58,7,212,98,10,108,320
06/01/2017,ROC,NY,AEA,CE,Combined TRACON& Tower with Radar,73,64,31,3,171,0,1,49,8,58,73,65,80,11,229,28,1,29,258
06/02/2017,ROC,NY,AEA,CE,Combined TRACON& Tower with Radar,71,70,25,5,171,0,0,33,11,44,71,70,58,16,215,24,0,24,239
06/03/2017,ROC,NY,AEA,CE,Combined TRACON& Tower with Radar,60,47,16,1,124,0,1,86,9,96,60,48,102,10,220,36,10,46,266
06/04/2017,ROC,NY,AEA,CE,Combined TRACON& Tower with Radar,65,58,39,0,162,0,0,18,3,21,65,58,57,3,183,118,2,120,303
06/05/2017,ROC,NY,AEA,CE,Combined TRACON& Tower with Radar,66,74,44,2,186,0,0,0,0,0,66,74,44,2,186,6,0,6,192
06/06/2017,ROC,NY,AEA,CE,Combined TRACON& Tower with Radar,71,76,28,0,175,0,0,0,0,0,71,76,28,0,175,52,0,52,227
06/07/2017,ROC,NY,AEA,CE,Combined TRACON& Tower with Radar,72,69,43,1,185,0,0,59,6,65,72,69,102,7,250,76,10,86,336
06/08/2017,ROC,NY,AEA,CE,Combined TRACON& Tower with Radar,74,69,35,3,181,0,3,71,6,80,74,72,106,9,261,70,2,72,333
06/09/2017,ROC,NY,AEA,CE,Combined TRACON& Tower with Radar,76,70,47,0,193,0,5,72,0,77,76,75,119,0,270,60,0,60,330
06/10/2017,ROC,NY,AEA,CE,Combined TRACON& Tower with Radar,56,54,25,0,135,0,1,59,3,63,56,55,84,3,198,32,4,36,234
06/11/2017,ROC,NY,AEA,CE,Combined TRACON& Tower with Radar,68,51,32,4,155,0,0,24,1,25,68,51,56,5,180,8,0,8,188
06/12/2017,ROC,NY,AEA,CE,Combined TRACON& Tower with Radar,67,64,29,0,160,0,0,57,0,57,67,64,86,0,217,70,0,70,287
06/13/2017,ROC,NY,AEA,CE,Combined TRACON& Tower with Radar,65,73,30,2,170,0,10,39,8,57,65,83,69,10,227,28,10,38,265
06/14/2017,ROC,NY,AEA,CE,Combined TRACON& Tower with Radar,73,74,30,1,178,0,0,85,8,93,73,74,115,9,271,120,14,134,405
06/15/2017,ROC,NY,AEA,CE,Combined TRACON& Tower with Radar,64,63,30,0,157,0,0,25,3,28,64,63,55,3,185,60,16,76,261
06/16/2017,ROC,NY,AEA,CE,Combined TRACON& Tower with Radar,72,65,37,0,174,0,2,48,0,50,72,67,85,0,224,112,0,112,336
06/17/2017,ROC,NY,AEA,CE,Combined TRACON& Tower with Radar,62,45,18,0,125,0,0,62,0,62,62,45,80,0,187,52,6,58,245
06/18/2017,ROC,NY,AEA,CE,Combined TRACON& Tower with Radar,60,56,12,2,130,0,0,23,2,25,60,56,35,4,155,0,0,0,155
06/19/2017,ROC,NY,AEA,CE,Combined TRACON& Tower with Radar,56,41,42,0,139,0,0,22,0,22,56,41,64,0,161,92,10,102,263
06/20/2017,ROC,NY,AEA,CE,Combined TRACON& Tower with Radar,69,73,34,2,178,0,2,21,7,30,69,75,55,9,208,0,4,4,212
06/21/2017,ROC,NY,AEA,CE,Combined TRACON& Tower with Radar,68,69,39,10,186,0,3,75,5,83,68,72,114,15,269,92,8,100,369
06/22/2017,ROC,NY,AEA,CE,Combined TRACON& Tower with Radar,70,71,50,8,199,0,1,46,4,51,70,72,96,12,250,84,34,118,368
06/23/2017,ROC,NY,AEA,CE,Combined TRACON& Tower with Radar,65,59,33,0,157,0,0,15,0,15,65,59,48,0,172,18,0,18,190
06/24/2017,ROC,NY,AEA,CE,Combined TRACON& Tower with Radar,63,41,10,0,114,0,2,29,0,31,63,43,39,0,145,10,0,10,155
06/25/2017,ROC,NY,AEA,CE,Combined TRACON& Tower with Radar,62,63,29,0,154,0,2,33,0,35,62,65,62,0,189,48,0,48,237
06/26/2017,ROC,NY,AEA,CE,Combined TRACON& Tower with Radar,66,63,28,0,157,0,0,38,5,43,66,63,66,5,200,24,0,24,224
06/27/2017,ROC,NY,AEA,CE,Combined TRACON& Tower with Radar,65,70,33,0,168,0,4,22,3,29,65,74,55,3,197,16,0,16,213
06/28/2017,ROC,NY,AEA,CE,Combined TRACON& Tower with Radar,74,69,40,10,193,0,1,71,6,78,74,70,111,16,271,138,4,142,413
06/29/2017,ROC,NY,AEA,CE,Combined TRACON& Tower with Radar,68,73,26,0,167,0,0,22,2,24,68,73,48,2,191,80,0,80,271
06/30/2017,ROC,NY,AEA,CE,Combined TRACON& Tower with Radar,67,69,29,0,165,0,0,14,0,14,67,69,43,0,179,34,4,38,217
07/01/2017,ROC,NY,AEA,CE,Combined TRACON& Tower with Radar,53,40,22,0,115,0,1,7,0,8,53,41,29,0,123,26,0,26,149
07/02/2017,ROC,NY,AEA,CE,Combined TRACON& Tower with Radar,55,38,33,0,126,0,0,38,0,38,55,38,71,0,164,58,0,58,222
07/03/2017,ROC,NY,AEA,CE,Combined TRACON& Tower with Radar,55,44,16,0,115,0,9,54,4,67,55,53,70,4,182,102,0,102,284
07/04/2017,ROC,NY,AEA,CE,Combined TRACON& Tower with Radar,54,52,3,0,109,0,8,33,3,44,54,60,36,3,153,66,0,66,219
07/05/2017,ROC,NY,AEA,CE,Combined TRACON& Tower with Radar,67,65,24,4,160,0,1,72,8,81,67,66,96,12,241,132,2,134,375
07/06/2017,ROC,NY,AEA,CE,Combined TRACON& Tower with Radar,73,75,26,2,176,0,2,38,0,40,73,77,64,2,216,84,12,96,312
07/07/2017,ROC,NY,AEA,CE,Combined TRACON& Tower with Radar,66,75,23,10,174,0,2,50,0,52,66,77,73,10,226,68,4,72,298
07/08/2017,ROC,NY,AEA,CE,Combined TRACON& Tower with Radar,58,53,10,0,121,0,3,29,0,32,58,56,39,0,153,52,0,52,205
07/09/2017,ROC,NY,AEA,CE,Combined TRACON& Tower with Radar,62,58,23,2,145,0,3,71,3,77,62,61,94,5,222,36,0,36,258
07/10/2017,ROC,NY,AEA,CE,Combined TRACON& Tower with Radar,61,65,42,2,170,0,1,57,0,58,61,66,99,2,228,142,0,142,370
07/11/2017,ROC,NY,AEA,CE,Combined TRACON& Tower with Radar,70,66,30,2,168,0,2,35,8,45,70,68,65,10,213,137,48,185,398
07/12/2017,ROC,NY,AEA,CE,Combined TRACON& Tower with Radar,62,70,44,2,178,0,0,11,5,16,62,70,55,7,194,208,10,218,412
07/13/2017,ROC,NY,AEA,CE,Combined TRACON& Tower with Radar,62,76,32,0,170,0,0,3,0,3,62,76,35,0,173,30,0,30,203
07/14/2017,ROC,NY,AEA,CE,Combined TRACON& Tower with Radar,63,69,28,3,163,0,1,12,7,20,63,70,40,10,183,62,0,62,245
07/15/2017,ROC,NY,AEA,CE,Combined TRACON& Tower with Radar,57,55,33,0,145,0,4,38,2,44,57,59,71,2,189,68,0,68,257
07/16/2017,ROC,NY,AEA,CE,Combined TRACON& Tower with Radar,63,64,30,2,159,0,3,58,12,73,63,67,88,14,232,60,12,72,304
07/17/2017,ROC,NY,AEA,CE,Combined TRACON& Tower with Radar,58,58,25,2,143,0,0,45,3,48,58,58,70,5,191,140,4,144,335
07/18/2017,ROC,NY,AEA,CE,Combined TRACON& Tower with Radar,68,66,34,12,180,0,3,60,4,67,68,69,94,16,247,114,40,154,401
07/19/2017,ROC,NY,AEA,CE,Combined TRACON& Tower with Radar,69,61,46,1,177,0,0,59,4,63,69,61,105,5,240,110,10,120,360
07/20/2017,ROC,NY,AEA,CE,Combined TRACON& Tower with Radar,69,70,26,0,165,0,1,29,7,37,69,71,55,7,202,106,4,110,312
07/21/2017,ROC,NY,AEA,CE,Combined TRACON& Tower with Radar,70,75,38,5,188,0,0,96,5,101,70,75,134,10,289,120,12,132,421
07/22/2017,ROC,NY,AEA,CE,Combined TRACON& Tower with Radar,55,48,19,0,122,0,8,52,2,62,55,56,71,2,184,66,4,70,254
07/23/2017,ROC,NY,AEA,CE,Combined TRACON& Tower with Radar,58,63,43,0,164,0,0,30,0,30,58,63,73,0,194,43,0,43,237
07/24/2017,ROC,NY,AEA,CE,Combined TRACON& Tower with Radar,60,63,47,2,172,0,2,23,0,25,60,65,70,2,197,54,2,56,253
07/25/2017,ROC,NY,AEA,CE,Combined TRACON& Tower with Radar,70,69,38,3,180,0,0,18,3,21,70,69,56,6,201,112,2,114,315
07/26/2017,ROC,NY,AEA,CE,Combined TRACON& Tower with Radar,72,72,37,4,185,0,2,78,6,86,72,74,115,10,271,280,24,304,575
07/27/2017,ROC,NY,AEA,CE,Combined TRACON& Tower with Radar,68,68,32,2,170,0,2,16,2,20,68,70,48,4,190,102,4,106,296
07/28/2017,ROC,NY,AEA,CE,Combined TRACON& Tower with Radar,63,69,52,1,185,0,5,48,3,56,63,74,100,4,241,152,0,152,393
07/29/2017,ROC,NY,AEA,CE,Combined TRACON& Tower with Radar,58,58,20,0,136,0,6,63,0,69,58,64,83,0,205,66,0,66,271
07/30/2017,ROC,NY,AEA,CE,Combined TRACON& Tower with Radar,252,148,54,0,454,0,2,66,0,68,252,150,120,0,522,32,0,32,554
07/31/2017,ROC,NY,AEA,CE,Combined TRACON& Tower with Radar,196,134,48,2,380,0,4,69,5,78,196,138,117,7,458,98,4,102,560
08/01/2017,ROC,NY,AEA,CE,Combined TRACON& Tower with Radar,66,69,44,0,179,0,0,64,2,66,66,69,108,2,245,68,2,70,315
08/02/2017,ROC,NY,AEA,CE,Combined TRACON& Tower with Radar,71,55,20,2,148,0,1,74,4,79,71,56,94,6,227,130,6,136,363
08/03/2017,ROC,NY,AEA,CE,Combined TRACON& Tower with Radar,58,70,30,0,158,0,0,39,1,40,58,70,69,1,198,100,0,100,298
08/04/2017,ROC,NY,AEA,CE,Combined TRACON& Tower with Radar,57,54,23,0,134,0,0,8,0,8,57,54,31,0,142,24,0,24,166
08/05/2017,ROC,NY,AEA,CE,Combined TRACON& Tower with Radar,58,49,24,0,131,0,5,30,0,35,58,54,54,0,166,16,0,16,182
08/06/2017,ROC,NY,AEA,CE,Combined TRACON& Tower with Radar,62,61,21,0,144,0,3,64,0,67,62,64,85,0,211,40,0,40,251
08/07/2017,ROC,NY,AEA,CE,Combined TRACON& Tower with Radar,60,70,31,0,161,0,2,29,2,33,60,72,60,2,194,0,0,0,194
08/08/2017,ROC,NY,AEA,CE,Combined TRACON& Tower with Radar,71,66,57,0,194,0,1,43,2,46,71,67,100,2,240,76,2,78,318
08/09/2017,ROC,NY,AEA,CE,Combined TRACON& Tower with Radar,70,69,44,2,185,0,2,79,2,83,70,71,123,4,268,90,0,90,358
08/10/2017,ROC,NY,AEA,CE,Combined TRACON& Tower with Radar,67,74,27,12,180,0,2,76,4,82,67,76,103,16,262,50,12,62,324
08/11/2017,ROC,NY,AEA,CE,Combined TRACON& Tower with Radar,66,65,27,1,159,0,0,31,7,38,66,65,58,8,197,168,0,168,365
08/12/2017,ROC,NY,AEA,CE,Combined TRACON& Tower with Radar,57,45,11,0,113,0,1,31,9,41,57,46,42,9,154,90,0,90,244
08/13/2017,ROC,NY,AEA,CE,Combined TRACON& Tower with Radar,64,56,34,0,154,0,0,41,1,42,64,56,75,1,196,32,0,32,228
08/14/2017,ROC,NY,AEA,CE,Combined TRACON& Tower with Radar,63,63,35,0,161,0,0,63,0,63,63,63,98,0,224,72,0,72,296
08/15/2017,ROC,NY,AEA,CE,Combined TRACON& Tower with Radar,70,75,38,3,186,0,1,23,7,31,70,76,61,10,217,74,9,83,300
08/16/2017,ROC,NY,AEA,CE,Combined TRACON& Tower with Radar,72,80,25,28,205,0,9,49,5,63,72,89,74,33,268,346,34,380,648
08/17/2017,ROC,NY,AEA,CE,Combined TRACON& Tower with Radar,66,79,39,4,188,0,0,55,2,57,66,79,94,6,245,56,2,58,303
08/18/2017,ROC,NY,AEA,CE,Combined TRACON& Tower with Radar,63,70,31,1,165,0,4,39,3,46,63,74,70,4,211,34,6,40,251
08/19/2017,ROC,NY,AEA,CE,Combined TRACON& Tower with Radar,56,52,31,0,139,0,0,59,0,59,56,52,90,0,198,44,0,44,242
08/20/2017,ROC,NY,AEA,CE,Combined TRACON& Tower with Radar,58,62,32,0,152,0,0,65,0,65,58,62,97,0,217,100,0,100,317
08/21/2017,ROC,NY,AEA,CE,Combined TRACON& Tower with Radar,60,73,33,2,168,0,5,65,2,72,60,78,98,4,240,106,0,106,346
08/22/2017,ROC,NY,AEA,CE,Combined TRACON& Tower with Radar,60,71,29,0,160,0,2,24,0,26,60,73,53,0,186,22,0,22,208
08/23/2017,ROC,NY,AEA,CE,Combined TRACON& Tower with Radar,67,74,31,3,175,0,3,42,5,50,67,77,73,8,225,118,2,120,345
08/24/2017,ROC,NY,AEA,CE,Combined TRACON& Tower with Radar,67,70,39,8,184,0,0,33,5,38,67,70,72,13,222,100,4,104,326
08/25/2017,ROC,NY,AEA,CE,Combined TRACON& Tower with Radar,65,65,24,4,158,0,3,66,2,71,65,68,90,6,229,118,0,118,347
08/26/2017,ROC,NY,AEA,CE,Combined TRACON& Tower with Radar,57,37,35,0,129,0,0,77,0,77,57,37,112,0,206,176,1,177,383
08/27/2017,ROC,NY,AEA,CE,Combined TRACON& Tower with Radar,59,51,15,0,125,0,1,42,2,45,59,52,57,2,170,56,0,56,226
08/28/2017,ROC,NY,AEA,CE,Combined TRACON& Tower with Radar,62,63,28,0,153,0,4,62,0,66,62,67,90,0,219,124,4,128,347
08/29/2017,ROC,NY,AEA,CE,Combined TRACON& Tower with Radar,63,74,31,1,169,0,4,64,5,73,63,78,95,6,242,114,0,114,356
08/30/2017,ROC,NY,AEA,CE,Combined TRACON& Tower with Radar,68,82,44,6,200,0,0,58,6,64,68,82,102,12,264,109,12,121,385
08/31/2017,ROC,NY,AEA,CE,Combined TRACON& Tower with Radar,64,69,43,3,179,0,0,34,3,37,64,69,77,6,216,28,0,28,244
09/01/2017,ROC,NY,AEA,CE,Combined TRACON& Tower with Radar,68,64,31,3,166,0,5,52,3,60,68,69,83,6,226,78,0,78,304
09/02/2017,ROC,NY,AEA,CE,Combined TRACON& Tower with Radar,47,35,16,1,99,0,6,59,3,68,47,41,75,4,167,74,0,74,241
09/03/2017,ROC,NY,AEA,CE,Combined TRACON& Tower with Radar,48,35,16,0,99,0,0,4,0,4,48,35,20,0,103,16,0,16,119
09/04/2017,ROC,NY,AEA,CE,Combined TRACON& Tower with Radar,55,46,30,0,131,0,7,29,0,36,55,53,59,0,167,20,0,20,187
09/05/2017,ROC,NY,AEA,CE,Combined TRACON& Tower with Radar,68,61,31,3,163,0,0,15,0,15,68,61,46,3,178,28,0,28,206
09/06/2017,ROC,NY,AEA,CE,Combined TRACON& Tower with Radar,72,51,40,0,163,0,0,24,6,30,72,51,64,6,193,104,0,104,297
09/07/2017,ROC,NY,AEA,CE,Combined TRACON& Tower with Radar,69,66,44,0,179,0,3,38,14,55,69,69,82,14,234,20,6,26,260
09/08/2017,ROC,NY,AEA,CE,Combined TRACON& Tower with Radar,71,57,37,0,165,0,0,18,2,20,71,57,55,2,185,110,4,114,299
09/09/2017,ROC,NY,AEA,CE,Combined TRACON& Tower with Radar,51,43,30,5,129,0,0,60,4,64,51,43,90,9,193,68,0,68,261
09/10/2017,ROC,NY,AEA,CE,Combined TRACON& Tower with Radar,66,52,24,3,145,0,0,47,0,47,66,52,71,3,192,95,8,103,295
09/11/2017,ROC,NY,AEA,CE,Combined TRACON& Tower with Radar,64,67,57,0,188,0,1,82,3,86,64,68,139,3,274,144,4,148,422
09/12/2017,ROC,NY,AEA,CE,Combined TRACON& Tower with Radar,65,68,44,0,177,0,1,66,4,71,65,69,110,4,248,38,0,38,286
09/13/2017,ROC,NY,AEA,CE,Combined TRACON& Tower with Radar,73,65,36,1,175,0,2,56,9,67,73,67,92,10,242,50,14,64,306
09/14/2017,ROC,NY,AEA,CE,Combined TRACON& Tower with Radar,72,66,36,0,174,0,0,33,0,33,72,66,69,0,207,50,0,50,257
09/15/2017,ROC,NY,AEA,CE,Combined TRACON& Tower with Radar,70,73,33,4,180,0,0,44,3,47,70,73,77,7,227,86,4,90,317
09/16/2017,ROC,NY,AEA,CE,Combined TRACON& Tower with Radar,50,39,23,0,112,0,2,40,1,43,50,41,63,1,155,26,0,26,181
09/17/2017,ROC,NY,AEA,CE,Combined TRACON& Tower with Radar,61,59,37,1,158,0,1,45,0,46,61,60,82,1,204,38,0,38,242
09/18/2017,ROC,NY,AEA,CE,Combined TRACON& Tower with Radar,69,63,38,2,172,0,0,53,0,53,69,63,91,2,225,78,0,78,303
09/19/2017,ROC,NY,AEA,CE,Combined TRACON& Tower with Radar,65,65,30,4,164,0,1,45,0,46,65,66,75,4,210,46,0,46,256
09/20/2017,ROC,NY,AEA,CE,Combined TRACON& Tower with Radar,72,66,43,0,181,0,0,24,2,26,72,66,67,2,207,32,0,32,239
09/21/2017,ROC,NY,AEA,CE,Combined TRACON& Tower with Radar,73,62,34,0,169,0,0,43,3,46,73,62,77,3,215,26,0,26,241
09/22/2017,ROC,NY,AEA,CE,Combined TRACON& Tower with Radar,70,66,28,1,165,0,1,63,3,67,70,67,91,4,232,52,8,60,292
09/23/2017,ROC,NY,AEA,CE,Combined TRACON& Tower with Radar,52,40,20,0,112,0,1,80,2,83,52,41,100,2,195,108,0,108,303
09/24/2017,ROC,NY,AEA,CE,Combined TRACON& Tower with Radar,63,61,26,1,151,0,3,48,5,56,63,64,74,6,207,130,0,130,337
09/25/2017,ROC,NY,AEA,CE,Combined TRACON& Tower with Radar,67,62,21,0,150,0,1,51,0,52,67,63,72,0,202,52,0,52,254
09/26/2017,ROC,NY,AEA,CE,Combined TRACON& Tower with Radar,65,67,21,4,157,0,4,43,2,49,65,71,64,6,206,26,0,26,232
09/27/2017,ROC,NY,AEA,CE,Combined TRACON& Tower with Radar,72,68,29,0,169,0,0,34,0,34,72,68,63,0,203,30,0,30,233
09/28/2017,ROC,NY,AEA,CE,Combined TRACON& Tower with Radar,71,69,26,5,171,0,0,30,3,33,71,69,56,8,204,40,6,46,250
09/29/2017,ROC,NY,AEA,CE,Combined TRACON& Tower with Radar,72,71,24,0,167,0,0,20,2,22,72,71,44,2,189,16,0,16,205
09/30/2017,ROC,NY,AEA,CE,Combined TRACON& Tower with Radar,49,44,17,0,110,0,1,17,0,18,49,45,34,0,128,44,0,44,172
10/01/2017,ROC,NY,AEA,CE,Combined TRACON& Tower with Radar,62,50,17,0,129,0,0,52,0,52,62,50,69,0,181,48,0,48,229
10/02/2017,ROC,NY,AEA,CE,Combined TRACON& Tower with Radar,72,62,23,14,171,0,11,43,2,56,72,73,66,16,227,82,12,94,321
10/03/2017,ROC,NY,AEA,CE,Combined TRACON& Tower with Radar,69,60,20,1,150,0,4,53,3,60,69,64,73,4,210,70,0,70,280
10/04/2017,ROC,NY,AEA,CE,Combined TRACON& Tower with Radar,74,65,26,1,166,0,1,24,6,31,74,66,50,7,197,0,8,8,205
10/05/2017,ROC,NY,AEA,CE,Combined TRACON& Tower with Radar,72,68,32,2,174,0,4,43,0,47,72,72,75,2,221,126,0,126,347
10/06/2017,ROC,NY,AEA,CE,Combined TRACON& Tower with Radar,74,59,42,3,178,0,0,18,0,18,74,59,60,3,196,26,0,26,222
10/07/2017,ROC,NY,AEA,CE,Combined TRACON& Tower with Radar,53,49,28,0,130,0,0,19,0,19,53,49,47,0,149,22,0,22,171
10/08/2017,ROC,NY,AEA,CE,Combined TRACON& Tower with Radar,60,46,23,1,130,0,0,15,0,15,60,46,38,1,145,26,0,26,171
10/09/2017,ROC,NY,AEA,CE,Combined TRACON& Tower with Radar,58,65,23,0,146,0,0,0,0,0,58,65,23,0,146,0,0,0,146
10/10/2017,ROC,NY,AEA,CE,Combined TRACON& Tower with Radar,74,68,35,0,177,0,2,55,0,57,74,70,90,0,234,90,0,90,324
10/11/2017,ROC,NY,AEA,CE,Combined TRACON& Tower with Radar,72,71,21,2,166,0,0,7,0,7,72,71,28,2,173,0,16,16,189
10/12/2017,ROC,NY,AEA,CE,Combined TRACON& Tower with Radar,72,66,33,0,171,0,0,14,0,14,72,66,47,0,185,40,0,40,225
10/13/2017,ROC,NY,AEA,CE,Combined TRACON& Tower with Radar,70,84,22,2,178,0,1,36,10,47,70,85,58,12,225,48,2,50,275
10/14/2017,ROC,NY,AEA,CE,Combined TRACON& Tower with Radar,58,51,38,6,153,0,0,42,12,54,58,51,80,18,207,80,16,96,303
10/15/2017,ROC,NY,AEA,CE,Combined TRACON& Tower with Radar,64,61,17,0,142,0,1,9,2,12,64,62,26,2,154,10,0,10,164
10/16/2017,ROC,NY,AEA,CE,Combined TRACON& Tower with Radar,72,65,28,1,166,0,0,18,0,18,72,65,46,1,184,12,0,12,196
10/17/2017,ROC,NY,AEA,CE,Combined TRACON& Tower with Radar,74,58,22,6,160,0,0,43,12,55,74,58,65,18,215,20,0,20,235
10/18/2017,ROC,NY,AEA,CE,Combined TRACON& Tower with Radar,70,72,30,2,174,0,4,59,6,69,70,76,89,8,243,59,0,59,302
10/19/2017,ROC,NY,AEA,CE,Combined TRACON& Tower with Radar,74,70,32,0,176,0,5,35,0,40,74,75,67,0,216,10,0,10,226
10/20/2017,ROC,NY,AEA,CE,Combined TRACON& Tower with Radar,72,67,39,0,178,0,1,64,4,69,72,68,103,4,247,68,0,68,315
10/21/2017,ROC,NY,AEA,CE,Combined TRACON& Tower with Radar,54,41,18,0,113,0,0,59,0,59,54,41,77,0,172,108,0,108,280
10/22/2017,ROC,NY,AEA,CE,Combined TRACON& Tower with Radar,66,52,17,0,135,0,0,39,0,39,66,52,56,0,174,30,0,30,204
10/23/2017,ROC,NY,AEA,CE,Combined TRACON& Tower with Radar,67,55,24,4,150,0,1,31,0,32,67,56,55,4,182,22,0,22,204
10/24/2017,ROC,NY,AEA,CE,Combined TRACON& Tower with Radar,64,67,30,1,162,0,0,27,7,34,64,67,57,8,196,77,0,77,273
10/25/2017,ROC,NY,AEA,CE,Combined TRACON& Tower with Radar,72,64,33,2,171,0,1,31,4,36,72,65,64,6,207,87,0,87,294
10/26/2017,ROC,NY,AEA,CE,Combined TRACON& Tower with Radar,71,60,28,0,159,0,0,45,3,48,71,60,73,3,207,62,0,62,269
10/27/2017,ROC,NY,AEA,CE,Combined TRACON& Tower with Radar,72,69,50,2,193,0,0,59,5,64,72,69,109,7,257,91,2,93,350
10/28/2017,ROC,NY,AEA,CE,Combined TRACON& Tower with Radar,52,44,20,0,116,0,0,28,2,30,52,44,48,2,146,28,0,28,174
10/29/2017,ROC,NY,AEA,CE,Combined TRACON& Tower with Radar,52,54,17,1,124,0,0,0,0,0,52,54,17,1,124,0,0,0,124
10/30/2017,ROC,NY,AEA,CE,Combined TRACON& Tower with Radar,59,56,19,0,134,0,0,1,0,1,59,56,20,0,135,0,0,0,135
10/31/2017,ROC,NY,AEA,CE,Combined TRACON& Tower with Radar,61,54,16,1,132,0,0,13,1,14,61,54,29,2,146,0,0,0,146
11/01/2017,ROC,NY,AEA,CE,Combined TRACON& Tower with Radar,70,66,29,0,165,0,0,13,6,19,70,66,42,6,184,32,6,38,222
11/02/2017,ROC,NY,AEA,CE,Combined TRACON& Tower with Radar,63,67,42,0,172,0,0,17,8,25,63,67,59,8,197,17,4,21,218
11/03/2017,ROC,NY,AEA,CE,Combined TRACON& Tower with Radar,68,69,33,0,170,0,0,6,10,16,68,69,39,10,186,16,0,16,202
11/04/2017,ROC,NY,AEA,CE,Combined TRACON& Tower with Radar,58,31,16,0,105,0,5,71,6,82,58,36,87,6,187,34,0,34,221
11/05/2017,ROC,NY,AEA,CE,Combined TRACON& Tower with Radar,62,48,24,0,134,0,0,0,0,0,62,48,24,0,134,0,0,0,134
11/06/2017,ROC,NY,AEA,CE,Combined TRACON& Tower with Radar,71,55,25,3,154,0,0,8,3,11,71,55,33,6,165,6,0,6,171
11/07/2017,ROC,NY,AEA,CE,Combined TRACON& Tower with Radar,69,64,41,2,176,0,0,28,6,34,69,64,69,8,210,34,0,34,244
11/08/2017,ROC,NY,AEA,CE,Combined TRACON& Tower with Radar,77,67,27,7,178,0,2,46,11,59,77,69,73,18,237,85,2,87,324
11/09/2017,ROC,NY,AEA,CE,Combined TRACON& Tower with Radar,74,73,26,1,174,0,3,31,1,35,74,76,57,2,209,26,0,26,235
11/10/2017,ROC,NY,AEA,CE,Combined TRACON& Tower with Radar,76,64,19,2,161,0,0,3,0,3,76,64,22,2,164,0,0,0,164
11/11/2017,ROC,NY,AEA,CE,Combined TRACON& Tower with Radar,53,36,23,0,112,0,0,58,0,58,53,36,81,0,170,13,0,13,183
11/12/2017,ROC,NY,AEA,CE,Combined TRACON& Tower with Radar,69,50,9,0,128,0,0,28,0,28,69,50,37,0,156,34,0,34,190
11/13/2017,ROC,NY,AEA,CE,Combined TRACON& Tower with Radar,69,59,24,0,152,0,0,7,0,7,69,59,31,0,159,62,0,62,221
11/14/2017,ROC,NY,AEA,CE,Combined TRACON& Tower with Radar,72,70,28,0,170,0,0,11,6,17,72,70,39,6,187,85,0,85,272
11/15/2017,ROC,NY,AEA,CE,Combined TRACON& Tower with Radar,75,65,22,8,170,0,0,44,3,47,75,65,66,11,217,10,0,10,227
11/16/2017,ROC,NY,AEA,CE,Combined TRACON& Tower with Radar,74,63,20,2,159,0,0,3,2,5,74,63,23,4,164,0,0,0,164
11/17/2017,ROC,NY,AEA,CE,Combined TRACON& Tower with Radar,76,58,38,2,174,0,0,53,2,55,76,58,91,4,229,69,0,69,298
11/18/2017,ROC,NY,AEA,CE,Combined TRACON& Tower with Radar,55,37,17,2,111,0,1,7,0,8,55,38,24,2,119,20,0,20,139
11/19/2017,ROC,NY,AEA,CE,Combined TRACON& Tower with Radar,70,44,15,0,129,0,0,0,0,0,70,44,15,0,129,0,0,0,129
11/20/2017,ROC,NY,AEA,CE,Combined TRACON& Tower with Radar,76,53,20,0,149,0,0,4,1,5,76,53,24,1,154,10,0,10,164
11/21/2017,ROC,NY,AEA,CE,Combined TRACON& Tower with Radar,74,71,37,2,184,0,2,29,0,31,74,73,66,2,215,16,0,16,231
11/22/2017,ROC,NY,AEA,CE,Combined TRACON& Tower with Radar,73,66,35,0,174,0,0,10,0,10,73,66,45,0,184,24,0,24,208
11/23/2017,ROC,NY,AEA,CE,Combined TRACON& Tower with Radar,37,30,8,0,75,0,0,7,0,7,37,30,15,0,82,0,0,0,82
11/24/2017,ROC,NY,AEA,CE,Combined TRACON& Tower with Radar,61,28,13,0,102,0,2,41,0,43,61,30,54,0,145,92,0,92,237
11/25/2017,ROC,NY,AEA,CE,Combined TRACON& Tower with Radar,70,46,11,0,127,0,0,4,0,4,70,46,15,0,131,0,0,0,131
11/26/2017,ROC,NY,AEA,CE,Combined TRACON& Tower with Radar,74,59,25,0,158,0,0,16,0,16,74,59,41,0,174,4,0,4,178
11/27/2017,ROC,NY,AEA,CE,Combined TRACON& Tower with Radar,74,59,18,14,165,0,0,18,0,18,74,59,36,14,183,46,8,54,237
11/28/2017,ROC,NY,AEA,CE,Combined TRACON& Tower with Radar,74,52,16,0,142,0,0,20,8,28,74,52,36,8,170,0,1,1,171
11/29/2017,ROC,NY,AEA,CE,Combined TRACON& Tower with Radar,75,65,20,6,166,0,0,13,6,19,75,65,33,12,185,30,0,30,215
11/30/2017,ROC,NY,AEA,CE,Combined TRACON& Tower with Radar,73,61,25,0,159,0,2,31,3,36,73,63,56,3,195,98,0,98,293
12/01/2017,ROC,NY,AEA,CE,Combined TRACON& Tower with Radar,77,57,19,2,155,0,0,39,0,39,77,57,58,2,194,19,0,19,213
12/02/2017,ROC,NY,AEA,CE,Combined TRACON& Tower with Radar,50,38,40,0,128,0,0,42,0,42,50,38,82,0,170,95,0,95,265
12/03/2017,ROC,NY,AEA,CE,Combined TRACON& Tower with Radar,67,42,32,0,141,0,0,29,0,29,67,42,61,0,170,64,0,64,234
12/04/2017,ROC,NY,AEA,CE,Combined TRACON& Tower with Radar,70,51,31,2,154,0,0,34,0,34,70,51,65,2,188,34,0,34,222
12/05/2017,ROC,NY,AEA,CE,Combined TRACON& Tower with Radar,76,56,11,2,145,0,0,1,6,7,76,56,12,8,152,0,0,0,152
12/06/2017,ROC,NY,AEA,CE,Combined TRACON& Tower with Radar,74,62,11,2,149,0,0,0,6,6,74,62,11,8,155,0,0,0,155
12/07/2017,ROC,NY,AEA,CE,Combined TRACON& Tower with Radar,77,69,30,0,176,0,1,5,1,7,77,70,35,1,183,10,0,10,193
12/08/2017,ROC,NY,AEA,CE,Combined TRACON& Tower with Radar,66,60,23,3,152,0,0,21,3,24,66,60,44,6,176,0,0,0,176
12/09/2017,ROC,NY,AEA,CE,Combined TRACON& Tower with Radar,53,37,15,0,105,0,0,43,2,45,53,37,58,2,150,72,0,72,222
12/10/2017,ROC,NY,AEA,CE,Combined TRACON& Tower with Radar,75,46,4,0,125,0,0,1,0,1,75,46,5,0,126,0,0,0,126
12/11/2017,ROC,NY,AEA,CE,Combined TRACON& Tower with Radar,67,61,21,0,149,0,2,1,0,3,67,63,22,0,152,0,0,0,152
12/12/2017,ROC,NY,AEA,CE,Combined TRACON& Tower with Radar,77,53,13,2,145,0,0,0,0,0,77,53,13,2,145,0,0,0,145
12/13/2017,ROC,NY,AEA,CE,Combined TRACON& Tower with Radar,74,55,18,2,149,0,3,3,3,9,74,58,21,5,158,0,0,0,158
12/14/2017,ROC,NY,AEA,CE,Combined TRACON& Tower with Radar,79,61,31,1,172,0,0,4,7,11,79,61,35,8,183,0,0,0,183
12/15/2017,ROC,NY,AEA,CE,Combined TRACON& Tower with Radar,72,66,23,0,161,0,0,15,4,19,72,66,38,4,180,13,0,13,193
12/16/2017,ROC,NY,AEA,CE,Combined TRACON& Tower with Radar,60,37,16,1,114,0,0,3,0,3,60,37,19,1,117,24,0,24,141
12/17/2017,ROC,NY,AEA,CE,Combined TRACON& Tower with Radar,62,45,21,0,128,0,0,44,1,45,62,45,65,1,173,82,0,82,255
12/18/2017,ROC,NY,AEA,CE,Combined TRACON& Tower with Radar,71,59,18,0,148,0,0,9,1,10,71,59,27,1,158,16,0,16,174
12/19/2017,ROC,NY,AEA,CE,Combined TRACON& Tower with Radar,76,57,22,2,157,0,0,2,0,2,76,57,24,2,159,0,0,0,159
12/20/2017,ROC,NY,AEA,CE,Combined TRACON& Tower with Radar,76,66,19,1,162,0,0,16,13,29,76,66,35,14,191,59,0,59,250
12/21/2017,ROC,NY,AEA,CE,Combined TRACON& Tower with Radar,74,65,32,2,173,0,0,39,0,39,74,65,71,2,212,60,0,60,272
12/22/2017,ROC,NY,AEA,CE,Combined TRACON& Tower with Radar,66,62,12,0,140,0,0,0,0,0,66,62,12,0,140,0,0,0,140
12/23/2017,ROC,NY,AEA,CE,Combined TRACON& Tower with Radar,50,46,8,0,104,0,0,0,0,0,50,46,8,0,104,0,0,0,104
12/24/2017,ROC,NY,AEA,CE,Combined TRACON& Tower with Radar,56,35,5,0,96,0,1,6,2,9,56,36,11,2,105,0,0,0,105
12/25/2017,ROC,NY,AEA,CE,Combined TRACON& Tower with Radar,43,33,2,0,78,0,0,0,0,0,43,33,2,0,78,0,0,0,78
12/26/2017,ROC,NY,AEA,CE,Combined TRACON& Tower with Radar,58,58,25,0,141,0,0,7,0,7,58,58,32,0,148,10,0,10,158
12/27/2017,ROC,NY,AEA,CE,Combined TRACON& Tower with Radar,64,59,18,3,144,0,0,0,9,9,64,59,18,12,153,6,0,6,159
12/28/2017,ROC,NY,AEA,CE,Combined TRACON& Tower with Radar,72,56,11,2,141,0,0,2,0,2,72,56,13,2,143,0,0,0,143
12/29/2017,ROC,NY,AEA,CE,Combined TRACON& Tower with Radar,63,60,17,0,140,0,0,7,0,7,63,60,24,0,147,21,0,21,168
12/30/2017,ROC,NY,AEA,CE,Combined TRACON& Tower with Radar,56,43,2,0,101,0,0,9,0,9,56,43,11,0,110,18,0,18,128
12/31/2017,ROC,NY,AEA,CE,Combined TRACON& Tower with Radar,59,44,7,0,110,0,0,1,0,1,59,44,8,0,111,0,0,0,111
01/01/2018,ROC,NY,AEA,CE,Combined TRACON& Tower with Radar,60,43,16,0,119,0,0,6,0,6,60,43,22,0,125,8,0,8,133
01/02/2018,ROC,NY,AEA,CE,Combined TRACON& Tower with Radar,62,63,12,0,137,0,0,0,2,2,62,63,12,2,139,0,0,0,139
01/03/2018,ROC,NY,AEA,CE,Combined TRACON& Tower with Radar,70,51,28,1,150,0,0,36,5,41,70,51,64,6,191,13,0,13,204
01/04/2018,ROC,NY,AEA,CE,Combined TRACON& Tower with Radar,54,28,6,0,88,0,0,0,0,0,54,28,6,0,88,0,0,0,88
01/05/2018,ROC,NY,AEA,CE,Combined TRACON& Tower with Radar,78,32,24,0,134,0,0,0,0,0,78,32,24,0,134,0,0,0,134
01/06/2018,ROC,NY,AEA,CE,Combined TRACON& Tower with Radar,58,33,7,0,98,0,0,0,0,0,58,33,7,0,98,0,0,0,98
01/07/2018,ROC,NY,AEA,CE,Combined TRACON& Tower with Radar,66,46,12,0,124,0,0,7,0,7,66,46,19,0,131,18,0,18,149
01/08/2018,ROC,NY,AEA,CE,Combined TRACON& Tower with Radar,68,56,6,2,132,0,0,0,0,0,68,56,6,2,132,10,0,10,142
01/09/2018,ROC,NY,AEA,CE,Combined TRACON& Tower with Radar,73,46,19,2,140,0,0,6,10,16,73,46,25,12,156,0,0,0,156
01/10/2018,ROC,NY,AEA,CE,Combined TRACON& Tower with Radar,73,56,32,3,164,0,0,21,11,32,73,56,53,14,196,42,0,42,238
01/11/2018,ROC,NY,AEA,CE,Combined TRACON& Tower with Radar,76,71,29,2,178,0,2,9,2,13,76,73,38,4,191,9,0,9,200
01/12/2018,ROC,NY,AEA,CE,Combined TRACON& Tower with Radar,58,43,18,0,119,0,0,2,0,2,58,43,20,0,121,4,0,4,125
01/13/2018,ROC,NY,AEA,CE,Combined TRACON& Tower with Radar,55,29,5,0,89,0,0,0,0,0,55,29,5,0,89,0,0,0,89
01/14/2018,ROC,NY,AEA,CE,Combined TRACON& Tower with Radar,61,45,11,0,117,0,1,26,0,27,61,46,37,0,144,0,0,0,144
01/15/2018,ROC,NY,AEA,CE,Combined TRACON& Tower with Radar,72,54,18,0,144,0,0,26,0,26,72,54,44,0,170,34,0,34,204
01/16/2018,ROC,NY,AEA,CE,Combined TRACON& Tower with Radar,70,63,19,2,154,0,0,10,4,14,70,63,29,6,168,53,3,56,224
01/17/2018,ROC,NY,AEA,CE,Combined TRACON& Tower with Radar,68,51,25,1,145,0,0,8,8,16,68,51,33,9,161,18,0,18,179
01/18/2018,ROC,NY,AEA,CE,Combined TRACON& Tower with Radar,72,63,32,4,171,0,1,8,10,19,72,64,40,14,190,29,0,29,219
01/19/2018,ROC,NY,AEA,CE,Combined TRACON& Tower with Radar,77,66,20,3,166,0,0,13,3,16,77,66,33,6,182,0,0,0,182
01/20/2018,ROC,NY,AEA,CE,Combined TRACON& Tower with Radar,62,32,2,0,96,0,0,4,0,4,62,32,6,0,100,2,0,2,102
01/21/2018,ROC,NY,AEA,CE,Combined TRACON& Tower with Radar,63,38,15,0,116,0,0,32,0,32,63,38,47,0,148,74,0,74,222
01/22/2018,ROC,NY,AEA,CE,Combined TRACON& Tower with Radar,77,50,9,0,136,0,0,0,0,0,77,50,9,0,136,0,0,0,136
01/23/2018,ROC,NY,AEA,CE,Combined TRACON& Tower with Radar,73,52,21,3,149,0,0,3,5,8,73,52,24,8,157,0,0,0,157
01/24/2018,ROC,NY,AEA,CE,Combined TRACON& Tower with Radar,74,52,22,2,150,0,0,3,14,17,74,52,25,16,167,6,6,12,179
01/25/2018,ROC,NY,AEA,CE,Combined TRACON& Tower with Radar,75,54,25,6,160,0,2,40,4,46,75,56,65,10,206,8,0,8,214
01/26/2018,ROC,NY,AEA,CE,Combined TRACON& Tower with Radar,78,63,28,2,171,0,2,50,2,54,78,65,78,4,225,24,1,25,250
01/27/2018,ROC,NY,AEA,CE,Combined TRACON& Tower with Radar,55,28,26,0,109,0,0,8,0,8,55,28,34,0,117,16,0,16,133
01/28/2018,ROC,NY,AEA,CE,Combined TRACON& Tower with Radar,72,50,23,0,145,0,2,32,0,34,72,52,55,0,179,52,0,52,231
01/29/2018,ROC,NY,AEA,CE,Combined TRACON& Tower with Radar,69,46,15,4,134,0,0,0,4,4,69,46,15,8,138,28,0,28,166
01/30/2018,ROC,NY,AEA,CE,Combined TRACON& Tower with Radar,70,46,13,0,129,0,0,1,4,5,70,46,14,4,134,2,0,2,136
01/31/2018,ROC,NY,AEA,CE,Combined TRACON& Tower with Radar,71,57,25,3,156,0,1,16,9,26,71,58,41,12,182,4,0,4,186
02/01/2018,ROC,NY,AEA,CE,Combined TRACON& Tower with Radar,74,53,23,4,154,0,0,10,3,13,74,53,33,7,167,20,0,20,187
02/02/2018,ROC,NY,AEA,CE,Combined TRACON& Tower with Radar,72,53,16,0,141,0,0,2,0,2,72,53,18,0,143,0,0,0,143
02/03/2018,ROC,NY,AEA,CE,Combined TRACON& Tower with Radar,56,34,19,0,109,0,1,15,0,16,56,35,34,0,125,22,0,22,147
02/04/2018,ROC,NY,AEA,CE,Combined TRACON& Tower with Radar,50,28,6,0,84,0,0,2,0,2,50,28,8,0,86,0,0,0,86
02/05/2018,ROC,NY,AEA,CE,Combined TRACON& Tower with Radar,65,52,20,0,137,0,0,5,6,11,65,52,25,6,148,0,0,0,148
02/06/2018,ROC,NY,AEA,CE,Combined TRACON& Tower with Radar,71,60,27,0,158,0,4,19,5,28,71,64,46,5,186,22,0,22,208
02/07/2018,ROC,NY,AEA,CE,Combined TRACON& Tower with Radar,63,47,4,0,114,0,0,0,0,0,63,47,4,0,114,0,0,0,114
02/08/2018,ROC,NY,AEA,CE,Combined TRACON& Tower with Radar,76,51,15,3,145,0,0,17,17,34,76,51,32,20,179,0,0,0,179
02/09/2018,ROC,NY,AEA,CE,Combined TRACON& Tower with Radar,67,51,15,0,133,0,0,2,0,2,67,51,17,0,135,0,0,0,135
02/10/2018,ROC,NY,AEA,CE,Combined TRACON& Tower with Radar,53,34,5,0,92,0,0,0,0,0,53,34,5,0,92,0,0,0,92
02/11/2018,ROC,NY,AEA,CE,Combined TRACON& Tower with Radar,66,39,6,0,111,0,0,0,0,0,66,39,6,0,111,0,0,0,111
02/12/2018,ROC,NY,AEA,CE,Combined TRACON& Tower with Radar,75,53,24,1,153,0,0,19,7,26,75,53,43,8,179,62,0,62,241
02/13/2018,ROC,NY,AEA,CE,Combined TRACON& Tower with Radar,73,60,30,10,173,0,1,39,16,56,73,61,69,26,229,76,3,79,308
02/14/2018,ROC,NY,AEA,CE,Combined TRACON& Tower with Radar,71,61,25,5,162,0,0,20,11,31,71,61,45,16,193,54,0,54,247
02/15/2018,ROC,NY,AEA,CE,Combined TRACON& Tower with Radar,79,56,26,0,161,0,0,1,0,1,79,56,27,0,162,0,0,0,162
02/16/2018,ROC,NY,AEA,CE,Combined TRACON& Tower with Radar,81,60,24,0,165,0,0,0,0,0,81,60,24,0,165,0,0,0,165
02/17/2018,ROC,NY,AEA,CE,Combined TRACON& Tower with Radar,59,35,8,0,102,0,0,44,2,46,59,35,52,2,148,58,0,58,206
02/18/2018,ROC,NY,AEA,CE,Combined TRACON& Tower with Radar,72,38,19,0,129,0,1,37,2,40,72,39,56,2,169,88,0,88,257
02/19/2018,ROC,NY,AEA,CE,Combined TRACON& Tower with Radar,79,44,7,2,132,0,2,13,0,15,79,46,20,2,147,32,0,32,179
02/20/2018,ROC,NY,AEA,CE,Combined TRACON& Tower with Radar,84,53,21,2,160,0,0,5,11,16,84,53,26,13,176,0,0,0,176
02/21/2018,ROC,NY,AEA,CE,Combined TRACON& Tower with Radar,81,54,14,0,149,0,0,2,6,8,81,54,16,6,157,4,0,4,161
02/22/2018,ROC,NY,AEA,CE,Combined TRACON& Tower with Radar,83,57,23,3,166,0,0,3,0,3,83,57,26,3,169,0,0,0,169
02/23/2018,ROC,NY,AEA,CE,Combined TRACON& Tower with Radar,78,68,17,1,164,0,0,5,7,12,78,68,22,8,176,0,0,0,176
02/24/2018,ROC,NY,AEA,CE,Combined TRACON& Tower with Radar,62,37,18,0,117,0,1,32,2,35,62,38,50,2,152,70,0,70,222
02/25/2018,ROC,NY,AEA,CE,Combined TRACON& Tower with Radar,73,45,16,0,134,0,0,1,0,1,73,45,17,0,135,0,0,0,135
02/26/2018,ROC,NY,AEA,CE,Combined TRACON& Tower with Radar,78,60,27,4,169,0,0,35,5,40,78,60,62,9,209,55,0,55,264
02/27/2018,ROC,NY,AEA,CE,Combined TRACON& Tower with Radar,80,57,34,2,173,0,0,52,11,63,80,57,86,13,236,53,8,61,297
02/28/2018,ROC,NY,AEA,CE,Combined TRACON& Tower with Radar,79,58,30,1,168,0,0,28,4,32,79,58,58,5,200,18,0,18,218
03/01/2018,ROC,NY,AEA,CE,Combined TRACON& Tower with Radar,72,53,23,0,148,0,0,1,2,3,72,53,24,2,151,10,0,10,161
03/02/2018,ROC,NY,AEA,CE,Combined TRACON& Tower with Radar,52,17,9,0,78,0,0,0,6,6,52,17,9,6,84,0,0,0,84
03/03/2018,ROC,NY,AEA,CE,Combined TRACON& Tower with Radar,54,37,6,0,97,0,0,20,11,31,54,37,26,11,128,0,2,2,130
03/04/2018,ROC,NY,AEA,CE,Combined TRACON& Tower with Radar,77,38,19,3,137,0,1,35,6,42,77,39,54,9,179,11,0,11,190
03/05/2018,ROC,NY,AEA,CE,Combined TRACON& Tower with Radar,77,50,18,0,145,0,3,32,2,37,77,53,50,2,182,90,1,91,273
03/06/2018,ROC,NY,AEA,CE,Combined TRACON& Tower with Radar,82,50,23,6,161,0,0,27,7,34,82,50,50,13,195,22,0,22,217
03/07/2018,ROC,NY,AEA,CE,Combined TRACON& Tower with Radar,62,32,11,8,113,0,0,0,7,7,62,32,11,15,120,66,38,104,224
03/08/2018,ROC,NY,AEA,CE,Combined TRACON& Tower with Radar,86,46,19,0,151,0,0,8,3,11,86,46,27,3,162,0,0,0,162
03/09/2018,ROC,NY,AEA,CE,Combined TRACON& Tower with Radar,82,58,9,0,149,0,0,2,0,2,82,58,11,0,151,0,0,0,151
03/10/2018,ROC,NY,AEA,CE,Combined TRACON& Tower with Radar,65,39,11,0,115,0,0,12,3,15,65,39,23,3,130,0,0,0,130
03/11/2018,ROC,NY,AEA,CE,Combined TRACON& Tower with Radar,74,42,33,0,149,0,0,53,3,56,74,42,86,3,205,3,0,3,208
03/12/2018,ROC,NY,AEA,CE,Combined TRACON& Tower with Radar,78,50,37,0,165,0,2,30,5,37,78,52,67,5,202,34,0,34,236
03/13/2018,ROC,NY,AEA,CE,Combined TRACON& Tower with Radar,79,54,15,0,148,0,0,0,0,0,79,54,15,0,148,0,0,0,148
03/14/2018,ROC,NY,AEA,CE,Combined TRACON& Tower with Radar,82,50,12,0,144,0,0,0,0,0,82,50,12,0,144,0,0,0,144
03/15/2018,ROC,NY,AEA,CE,Combined TRACON& Tower with Radar,87,62,34,3,186,0,3,25,7,35,87,65,59,10,221,26,0,26,247
03/16/2018,ROC,NY,AEA,CE,Combined TRACON& Tower with Radar,82,50,12,0,144,0,0,0,3,3,82,50,12,3,147,0,2,2,149
03/17/2018,ROC,NY,AEA,CE,Combined TRACON& Tower with Radar,66,37,14,0,117,0,0,36,2,38,66,37,50,2,155,32,0,32,187
03/18/2018,ROC,NY,AEA,CE,Combined TRACON& Tower with Radar,73,43,31,0,147,0,2,62,2,66,73,45,93,2,213,36,0,36,249
03/19/2018,ROC,NY,AEA,CE,Combined TRACON& Tower with Radar,78,53,27,11,169,0,0,42,2,44,78,53,69,13,213,28,0,28,241
03/20/2018,ROC,NY,AEA,CE,Combined TRACON& Tower with Radar,79,60,16,6,161,0,0,31,10,41,79,60,47,16,202,39,8,47,249
03/21/2018,ROC,NY,AEA,CE,Combined TRACON& Tower with Radar,61,35,12,1,109,0,2,25,14,41,61,37,37,15,150,13,14,27,177
03/22/2018,ROC,NY,AEA,CE,Combined TRACON& Tower with Radar,82,52,38,0,172,0,0,43,2,45,82,52,81,2,217,20,0,20,237
03/23/2018,ROC,NY,AEA,CE,Combined TRACON& Tower with Radar,86,71,25,8,190,0,2,43,4,49,86,73,68,12,239,5,0,5,244
03/24/2018,ROC,NY,AEA,CE,Combined TRACON& Tower with Radar,64,34,16,1,115,0,1,53,5,59,64,35,69,6,174,26,1,27,201
03/25/2018,ROC,NY,AEA,CE,Combined TRACON& Tower with Radar,74,49,17,1,141,0,2,32,6,40,74,51,49,7,181,8,0,8,189
03/26/2018,ROC,NY,AEA,CE,Combined TRACON& Tower with Radar,77,60,23,6,166,0,2,53,5,60,77,62,76,11,226,18,0,18,244
03/27/2018,ROC,NY,AEA,CE,Combined TRACON& Tower with Radar,84,61,28,3,176,0,0,13,9,22,84,61,41,12,198,4,0,4,202
03/28/2018,ROC,NY,AEA,CE,Combined TRACON& Tower with Radar,81,60,35,0,176,0,0,1,0,1,81,60,36,0,177,0,0,0,177
03/29/2018,ROC,NY,AEA,CE,Combined TRACON& Tower with Radar,90,64,29,5,188,0,0,0,3,3,90,64,29,8,191,18,0,18,209
03/30/2018,ROC,NY,AEA,CE,Combined TRACON& Tower with Radar,87,60,29,3,179,0,0,14,2,16,87,60,43,5,195,16,11,27,222
03/31/2018,ROC,NY,AEA,CE,Combined TRACON& Tower with Radar,61,34,18,0,113,0,1,42,0,43,61,35,60,0,156,22,0,22,178
04/01/2018,ROC,NY,AEA,CE,Combined TRACON& Tower with Radar,76,43,6,0,125,0,1,3,2,6,76,44,9,2,131,0,0,0,131
04/02/2018,ROC,NY,AEA,CE,Combined TRACON& Tower with Radar,74,56,31,0,161,0,0,41,1,42,74,56,72,1,203,87,0,87,290
04/03/2018,ROC,NY,AEA,CE,Combined TRACON& Tower with Radar,81,60,19,0,160,0,0,2,0,2,81,60,21,0,162,62,0,62,224
04/04/2018,ROC,NY,AEA,CE,Combined TRACON& Tower with Radar,69,25,12,0,106,0,0,0,0,0,69,25,12,0,106,0,0,0,106
04/05/2018,ROC,NY,AEA,CE,Combined TRACON& Tower with Radar,87,60,44,0,191,0,0,14,2,16,87,60,58,2,207,0,0,0,207
04/06/2018,ROC,NY,AEA,CE,Combined TRACON& Tower with Radar,84,51,13,0,148,0,0,2,0,2,84,51,15,0,150,0,0,0,150
04/07/2018,ROC,NY,AEA,CE,Combined TRACON& Tower with Radar,62,42,15,0,119,0,5,18,2,25,62,47,33,2,144,56,0,56,200
04/08/2018,ROC,NY,AEA,CE,Combined TRACON& Tower with Radar,76,41,27,0,144,0,0,6,0,6,76,41,33,0,150,28,0,28,178
04/09/2018,ROC,NY,AEA,CE,Combined TRACON& Tower with Radar,86,48,18,3,155,0,6,32,5,43,86,54,50,8,198,76,0,76,274
04/10/2018,ROC,NY,AEA,CE,Combined TRACON& Tower with Radar,93,49,20,0,162,0,0,30,7,37,93,49,50,7,199,62,0,62,261
04/11/2018,ROC,NY,AEA,CE,Combined TRACON& Tower with Radar,85,45,26,4,160,0,1,31,8,40,85,46,57,12,200,27,0,27,227
04/12/2018,ROC,NY,AEA,CE,Combined TRACON& Tower with Radar,89,56,24,5,174,0,0,10,11,21,89,56,34,16,195,6,0,6,201
04/13/2018,ROC,NY,AEA,CE,Combined TRACON& Tower with Radar,88,55,38,1,182,0,1,21,8,30,88,56,59,9,212,0,4,4,216
04/14/2018,ROC,NY,AEA,CE,Combined TRACON& Tower with Radar,50,23,5,0,78,0,0,0,0,0,50,23,5,0,78,0,0,0,78
04/15/2018,ROC,NY,AEA,CE,Combined TRACON& Tower with Radar,65,25,8,0,98,0,0,0,0,0,65,25,8,0,98,0,0,0,98
04/16/2018,ROC,NY,AEA,CE,Combined TRACON& Tower with Radar,79,38,19,0,136,0,0,0,0,0,79,38,19,0,136,0,0,0,136
04/17/2018,ROC,NY,AEA,CE,Combined TRACON& Tower with Radar,89,45,27,5,166,0,0,0,4,4,89,45,27,9,170,0,8,8,178
04/18/2018,ROC,NY,AEA,CE,Combined TRACON& Tower with Radar,83,52,45,1,181,0,0,14,6,20,83,52,59,7,201,14,0,14,215
04/19/2018,ROC,NY,AEA,CE,Combined TRACON& Tower with Radar,88,47,22,2,159,0,0,0,4,4,88,47,22,6,163,0,0,0,163
04/20/2018,ROC,NY,AEA,CE,Combined TRACON& Tower with Radar,87,53,23,10,173,0,0,39,4,43,87,53,62,14,216,54,0,54,270
04/21/2018,ROC,NY,AEA,CE,Combined TRACON& Tower with Radar,63,40,27,0,130,0,2,107,37,146,63,42,134,37,276,40,0,40,316
04/22/2018,ROC,NY,AEA,CE,Combined TRACON& Tower with Radar,84,46,27,0,157,0,2,101,2,105,84,48,128,2,262,106,0,106,368
04/23/2018,ROC,NY,AEA,CE,Combined TRACON& Tower with Radar,82,53,45,1,181,0,5,104,3,112,82,58,149,4,293,54,0,54,347
04/24/2018,ROC,NY,AEA,CE,Combined TRACON& Tower with Radar,87,53,28,2,170,0,1,48,9,58,87,54,76,11,228,65,0,65,293
04/25/2018,ROC,NY,AEA,CE,Combined TRACON& Tower with Radar,79,44,51,1,175,0,0,1,0,1,79,44,52,1,176,0,0,0,176
04/26/2018,ROC,NY,AEA,CE,Combined TRACON& Tower with Radar,88,60,37,7,192,0,6,17,11,34,88,66,54,18,226,6,0,6,232
04/27/2018,ROC,NY,AEA,CE,Combined TRACON& Tower with Radar,86,54,37,3,180,0,3,55,4,62,86,57,92,7,242,20,0,20,262
04/28/2018,ROC,NY,AEA,CE,Combined TRACON& Tower with Radar,65,44,14,4,127,0,1,5,2,8,65,45,19,6,135,0,0,0,135
04/29/2018,ROC,NY,AEA,CE,Combined TRACON& Tower with Radar,84,44,25,1,154,0,0,10,0,10,84,44,35,1,164,0,0,0,164
04/30/2018,ROC,NY,AEA,CE,Combined TRACON& Tower with Radar,85,54,26,1,166,0,3,32,9,44,85,57,58,10,210,0,0,0,210
05/01/2018,ROC,NY,AEA,CE,Combined TRACON& Tower with Radar,93,61,30,3,187,0,2,46,5,53,93,63,76,8,240,20,2,22,262
05/02/2018,ROC,NY,AEA,CE,Combined TRACON& Tower with Radar,87,56,27,2,172,0,2,14,6,22,87,58,41,8,194,12,8,20,214
05/03/2018,ROC,NY,AEA,CE,Combined TRACON& Tower with Radar,87,56,33,5,181,1,0,7,9,17,88,56,40,14,198,4,0,4,202
05/04/2018,ROC,NY,AEA,CE,Combined TRACON& Tower with Radar,92,60,12,3,167,0,0,7,2,9,92,60,19,5,176,0,0,0,176
05/05/2018,ROC,NY,AEA,CE,Combined TRACON& Tower with Radar,65,45,24,1,135,0,1,71,13,85,65,46,95,14,220,16,0,16,236
05/06/2018,ROC,NY,AEA,CE,Combined TRACON& Tower with Radar,73,48,24,3,148,0,1,62,6,69,73,49,86,9,217,134,0,134,351
05/07/2018,ROC,NY,AEA,CE,Combined TRACON& Tower with Radar,87,46,25,1,159,0,1,75,1,77,87,47,100,2,236,59,0,59,295
05/08/2018,ROC,NY,AEA,CE,Combined TRACON& Tower with Radar,88,53,54,4,199,0,5,79,10,94,88,58,133,14,293,186,2,188,481
05/09/2018,ROC,NY,AEA,CE,Combined TRACON& Tower with Radar,86,60,25,5,176,0,0,69,13,82,86,60,94,18,258,40,0,40,298
05/10/2018,ROC,NY,AEA,CE,Combined TRACON& Tower with Radar,85,57,31,1,174,0,2,2,1,5,85,59,33,2,179,0,0,0,179
05/11/2018,ROC,NY,AEA,CE,Combined TRACON& Tower with Radar,91,52,32,12,187,0,7,60,0,67,91,59,92,12,254,38,0,38,292
05/12/2018,ROC,NY,AEA,CE,Combined TRACON& Tower with Radar,57,56,33,0,146,0,2,27,0,29,57,58,60,0,175,66,0,66,241
05/13/2018,ROC,NY,AEA,CE,Combined TRACON& Tower with Radar,78,50,25,0,153,0,1,31,0,32,78,51,56,0,185,31,0,31,216
05/14/2018,ROC,NY,AEA,CE,Combined TRACON& Tower with Radar,86,57,36,7,186,0,1,77,6,84,86,58,113,13,270,16,0,16,286
05/15/2018,ROC,NY,AEA,CE,Combined TRACON& Tower with Radar,78,60,40,3,181,0,1,7,13,21,78,61,47,16,202,58,1,59,261
05/16/2018,ROC,NY,AEA,CE,Combined TRACON& Tower with Radar,88,73,48,1,210,0,1,45,11,57,88,74,93,12,267,30,0,30,297
05/17/2018,ROC,NY,AEA,CE,Combined TRACON& Tower with Radar,90,65,35,9,199,0,2,62,11,75,90,67,97,20,274,100,30,130,404
05/18/2018,ROC,NY,AEA,CE,Combined TRACON& Tower with Radar,90,56,33,6,185,0,0,56,8,64,90,56,89,14,249,87,0,87,336
05/19/2018,ROC,NY,AEA,CE,Combined TRACON& Tower with Radar,62,40,10,0,112,0,1,2,0,3,62,41,12,0,115,42,0,42,157
05/20/2018,ROC,NY,AEA,CE,Combined TRACON& Tower with Radar,76,54,38,3,171,0,0,26,3,29,76,54,64,6,200,42,0,42,242
05/21/2018,ROC,NY,AEA,CE,Combined TRACON& Tower with Radar,84,74,41,3,202,0,4,58,3,65,84,78,99,6,267,133,0,133,400
05/22/2018,ROC,NY,AEA,CE,Combined TRACON& Tower with Radar,88,54,38,6,186,0,0,3,4,7,88,54,41,10,193,0,0,0,193
05/23/2018,ROC,NY,AEA,CE,Combined TRACON& Tower with Radar,91,60,39,9,199,0,0,57,15,72,91,60,96,24,271,133,0,133,404
05/24/2018,ROC,NY,AEA,CE,Combined TRACON& Tower with Radar,86,61,42,1,190,0,1,78,2,81,86,62,120,3,271,93,0,93,364
05/25/2018,ROC,NY,AEA,CE,Combined TRACON& Tower with Radar,86,55,30,0,171,0,0,45,0,45,86,55,75,0,216,117,0,117,333
05/26/2018,ROC,NY,AEA,CE,Combined TRACON& Tower with Radar,61,43,16,0,120,0,0,43,1,44,61,43,59,1,164,78,0,78,242
05/27/2018,ROC,NY,AEA,CE,Combined TRACON& Tower with Radar,55,38,17,0,110,0,0,24,0,24,55,38,41,0,134,36,0,36,170
05/28/2018,ROC,NY,AEA,CE,Combined TRACON& Tower with Radar,70,51,23,0,144,0,3,45,2,50,70,54,68,2,194,89,0,89,283
05/29/2018,ROC,NY,AEA,CE,Combined TRACON& Tower with Radar,86,52,21,2,161,0,7,67,5,79,86,59,88,7,240,56,0,56,296
05/30/2018,ROC,NY,AEA,CE,Combined TRACON& Tower with Radar,85,53,45,14,197,0,4,45,8,57,85,57,90,22,254,42,6,48,302
05/31/2018,ROC,NY,AEA,CE,Combined TRACON& Tower with Radar,84,64,21,2,171,0,0,10,7,17,84,64,31,9,188,8,0,8,196
06/01/2018,ROC,NY,AEA,CE,Combined TRACON& Tower with Radar,84,51,19,0,154,0,0,29,5,34,84,51,48,5,188,44,0,44,232
06/02/2018,ROC,NY,AEA,CE,Combined TRACON& Tower with Radar,60,43,25,2,130,0,0,13,4,17,60,43,38,6,147,89,0,89,236
06/03/2018,ROC,NY,AEA,CE,Combined TRACON& Tower with Radar,74,49,41,0,164,0,0,28,2,30,74,49,69,2,194,2,0,2,196
06/04/2018,ROC,NY,AEA,CE,Combined TRACON& Tower with Radar,85,48,13,2,148,0,0,4,2,6,85,48,17,4,154,30,0,30,184
06/05/2018,ROC,NY,AEA,CE,Combined TRACON& Tower with Radar,89,52,29,0,170,0,0,23,0,23,89,52,52,0,193,51,0,51,244
06/06/2018,ROC,NY,AEA,CE,Combined TRACON& Tower with Radar,88,54,46,5,193,0,0,36,5,41,88,54,82,10,234,90,0,90,324
06/07/2018,ROC,NY,AEA,CE,Combined TRACON& Tower with Radar,84,50,33,1,168,0,2,58,4,64,84,52,91,5,232,87,2,89,321
06/08/2018,ROC,NY,AEA,CE,Combined TRACON& Tower with Radar,83,59,15,0,157,0,0,44,6,50,83,59,59,6,207,55,0,55,262
06/09/2018,ROC,NY,AEA,CE,Combined TRACON& Tower with Radar,54,48,14,2,118,0,4,55,4,63,54,52,69,6,181,31,0,31,212
06/10/2018,ROC,NY,AEA,CE,Combined TRACON& Tower with Radar,77,47,28,1,153,0,2,49,3,54,77,49,77,4,207,83,0,83,290
06/11/2018,ROC,NY,AEA,CE,Combined TRACON& Tower with Radar,74,52,14,1,141,0,0,41,7,48,74,52,55,8,189,14,4,18,207
06/12/2018,ROC,NY,AEA,CE,Combined TRACON& Tower with Radar,76,61,21,3,161,0,6,66,7,79,76,67,87,10,240,75,0,75,315
06/13/2018,ROC,NY,AEA,CE,Combined TRACON& Tower with Radar,77,68,26,2,173,0,0,3,4,7,77,68,29,6,180,22,0,22,202
06/14/2018,ROC,NY,AEA,CE,Combined TRACON& Tower with Radar,82,70,31,2,185,0,0,17,4,21,82,70,48,6,206,1,0,1,207
06/15/2018,ROC,NY,AEA,CE,Combined TRACON& Tower with Radar,79,59,29,1,168,0,1,64,2,67,79,60,93,3,235,39,0,39,274
06/16/2018,ROC,NY,AEA,CE,Combined TRACON& Tower with Radar,59,46,20,0,125,0,3,93,0,96,59,49,113,0,221,89,0,89,310
06/17/2018,ROC,NY,AEA,CE,Combined TRACON& Tower with Radar,70,48,20,0,138,0,0,62,0,62,70,48,82,0,200,34,0,34,234
06/18/2018,ROC,NY,AEA,CE,Combined TRACON& Tower with Radar,69,60,23,2,154,0,1,17,1,19,69,61,40,3,173,13,0,13,186
06/19/2018,ROC,NY,AEA,CE,Combined TRACON& Tower with Radar,75,59,45,7,186,0,4,55,12,71,75,63,100,19,257,113,4,117,374
06/20/2018,ROC,NY,AEA,CE,Combined TRACON& Tower with Radar,81,62,40,3,186,0,2,39,6,47,81,64,79,9,233,115,0,115,348
06/21/2018,ROC,NY,AEA,CE,Combined TRACON& Tower with Radar,84,67,39,0,190,0,0,75,0,75,84,67,114,0,265,95,0,95,360
06/22/2018,ROC,NY,AEA,CE,Combined TRACON& Tower with Radar,77,64,44,1,186,0,0,69,3,72,77,64,113,4,258,65,0,65,323
06/23/2018,ROC,NY,AEA,CE,Combined TRACON& Tower with Radar,62,51,19,0,132,0,0,16,0,16,62,51,35,0,148,94,0,94,242
06/24/2018,ROC,NY,AEA,CE,Combined TRACON& Tower with Radar,68,55,33,0,156,0,0,3,0,3,68,55,36,0,159,0,0,0,159
06/25/2018,ROC,NY,AEA,CE,Combined TRACON& Tower with Radar,70,60,50,0,180,0,2,83,3,88,70,62,133,3,268,64,0,64,332
06/26/2018,ROC,NY,AEA,CE,Combined TRACON& Tower with Radar,78,56,41,1,176,0,1,75,27,103,78,57,116,28,279,96,0,96,375
06/27/2018,ROC,NY,AEA,CE,Combined TRACON& Tower with Radar,80,63,29,2,174,0,0,5,0,5,80,63,34,2,179,34,8,42,221
06/28/2018,ROC,NY,AEA,CE,Combined TRACON& Tower with Radar,77,61,39,7,184,0,0,32,2,34,77,61,71,9,218,75,0,75,293
06/29/2018,ROC,NY,AEA,CE,Combined TRACON& Tower with Radar,84,66,28,2,180,0,0,90,0,90,84,66,118,2,270,48,0,48,318
06/30/2018,ROC,NY,AEA,CE,Combined TRACON& Tower with Radar,64,40,31,0,135,0,0,65,0,65,64,40,96,0,200,35,0,35,235
07/01/2018,ROC,NY,AEA,CE,Combined TRACON& Tower with Radar,68,56,23,0,147,0,0,58,0,58,68,56,81,0,205,75,0,75,280
07/02/2018,ROC,NY,AEA,CE,Combined TRACON& Tower with Radar,73,48,27,0,148,0,2,42,2,46,73,50,69,2,194,80,0,80,274
07/03/2018,ROC,NY,AEA,CE,Combined TRACON& Tower with Radar,72,41,34,0,147,0,3,58,0,61,72,44,92,0,208,82,0,82,290
07/04/2018,ROC,NY,AEA,CE,Combined TRACON& Tower with Radar,60,34,10,0,104,0,8,57,2,67,60,42,67,2,171,40,0,40,211
07/05/2018,ROC,NY,AEA,CE,Combined TRACON& Tower with Radar,71,45,22,4,142,0,0,36,0,36,71,45,58,4,178,65,0,65,243
07/06/2018,ROC,NY,AEA,CE,Combined TRACON& Tower with Radar,74,47,18,0,139,0,1,39,3,43,74,48,57,3,182,4,0,4,186
07/07/2018,ROC,NY,AEA,CE,Combined TRACON& Tower with Radar,71,47,16,0,134,0,2,81,0,83,71,49,97,0,217,168,0,168,385
07/08/2018,ROC,NY,AEA,CE,Combined TRACON& Tower with Radar,71,52,24,0,147,0,0,51,2,53,71,52,75,2,200,48,0,48,248
07/09/2018,ROC,NY,AEA,CE,Combined TRACON& Tower with Radar,78,56,32,2,168,0,4,54,2,60,78,60,86,4,228,48,0,48,276
07/10/2018,ROC,NY,AEA,CE,Combined TRACON& Tower with Radar,79,73,24,6,182,0,0,50,0,50,79,73,74,6,232,90,0,90,322
07/11/2018,ROC,NY,AEA,CE,Combined TRACON& Tower with Radar,84,64,23,4,175,0,1,48,3,52,84,65,71,7,227,116,2,118,345
07/12/2018,ROC,NY,AEA,CE,Combined TRACON& Tower with Radar,83,60,34,2,179,0,5,68,13,86,83,65,102,15,265,97,0,97,362
07/13/2018,ROC,NY,AEA,CE,Combined TRACON& Tower with Radar,81,58,22,3,164,0,4,67,10,81,81,62,89,13,245,120,2,122,367
07/14/2018,ROC,NY,AEA,CE,Combined TRACON& Tower with Radar,67,45,16,0,128,0,5,37,10,52,67,50,53,10,180,77,4,81,261
07/15/2018,ROC,NY,AEA,CE,Combined TRACON& Tower with Radar,73,37,32,0,142,0,3,63,2,68,73,40,95,2,210,57,0,57,267
07/16/2018,ROC,NY,AEA,CE,Combined TRACON& Tower with Radar,75,58,33,2,168,0,2,39,3,44,75,60,72,5,212,34,0,34,246
07/17/2018,ROC,NY,AEA,CE,Combined TRACON& Tower with Radar,69,63,41,6,179,0,2,40,12,54,69,65,81,18,233,14,1,15,248
07/18/2018,ROC,NY,AEA,CE,Combined TRACON& Tower with Radar,85,64,44,2,195,0,0,67,13,80,85,64,111,15,275,63,12,75,350
07/19/2018,ROC,NY,AEA,CE,Combined TRACON& Tower with Radar,81,67,24,1,173,0,2,79,4,85,81,69,103,5,258,58,0,58,316
07/20/2018,ROC,NY,AEA,CE,Combined TRACON& Tower with Radar,77,62,32,1,172,0,2,59,3,64,77,64,91,4,236,37,0,37,273
07/21/2018,ROC,NY,AEA,CE,Combined TRACON& Tower with Radar,70,42,23,0,135,0,0,61,2,63,70,42,84,2,198,34,0,34,232
07/22/2018,ROC,NY,AEA,CE,Combined TRACON& Tower with Radar,70,45,34,0,149,0,0,8,0,8,70,45,42,0,157,22,0,22,179
07/23/2018,ROC,NY,AEA,CE,Combined TRACON& Tower with Radar,75,61,27,0,163,0,1,25,2,28,75,62,52,2,191,52,0,52,243
07/24/2018,ROC,NY,AEA,CE,Combined TRACON& Tower with Radar,79,58,43,0,180,0,0,13,0,13,79,58,56,0,193,6,0,6,199
07/25/2018,ROC,NY,AEA,CE,Combined TRACON& Tower with Radar,75,56,21,2,154,0,1,13,8,22,75,57,34,10,176,100,0,100,276
07/26/2018,ROC,NY,AEA,CE,Combined TRACON& Tower with Radar,86,61,33,2,182,0,0,44,7,51,86,61,77,9,233,102,0,102,335
07/27/2018,ROC,NY,AEA,CE,Combined TRACON& Tower with Radar,79,56,35,3,173,0,2,59,1,62,79,58,94,4,235,38,0,38,273
07/28/2018,ROC,NY,AEA,CE,Combined TRACON& Tower with Radar,68,44,22,0,134,0,1,44,0,45,68,45,66,0,179,6,0,6,185
07/29/2018,ROC,NY,AEA,CE,Combined TRACON& Tower with Radar,74,59,21,0,154,0,0,51,2,53,74,59,72,2,207,134,0,134,341
07/30/2018,ROC,NY,AEA,CE,Combined TRACON& Tower with Radar,80,60,21,0,161,0,0,44,2,46,80,60,65,2,207,115,18,133,340
07/31/2018,ROC,NY,AEA,CE,Combined TRACON& Tower with Radar,80,57,34,2,173,0,2,69,7,78,80,59,103,9,251,78,0,78,329
08/01/2018,ROC,NY,AEA,CE,Combined TRACON& Tower with Radar,82,58,35,5,180,0,0,26,9,35,82,58,61,14,215,10,0,10,225
08/02/2018,ROC,NY,AEA,CE,Combined TRACON& Tower with Radar,78,53,38,1,170,0,0,64,6,70,78,53,102,7,240,97,0,97,337
08/03/2018,ROC,NY,AEA,CE,Combined TRACON& Tower with Radar,78,36,22,6,142,0,0,43,3,46,78,36,65,9,188,124,0,124,312
08/04/2018,ROC,NY,AEA,CE,Combined TRACON& Tower with Radar,68,47,15,0,130,0,5,66,0,71,68,52,81,0,201,56,0,56,257
08/05/2018,ROC,NY,AEA,CE,Combined TRACON& Tower with Radar,74,55,20,1,150,0,0,59,0,59,74,55,79,1,209,70,0,70,279
08/06/2018,ROC,NY,AEA,CE,Combined TRACON& Tower with Radar,79,44,28,1,152,0,0,64,4,68,79,44,92,5,220,58,0,58,278
08/07/2018,ROC,NY,AEA,CE,Combined TRACON& Tower with Radar,68,61,27,3,159,0,0,33,2,35,68,61,60,5,194,93,0,93,287
08/08/2018,ROC,NY,AEA,CE,Combined TRACON& Tower with Radar,83,58,37,2,180,0,0,6,8,14,83,58,43,10,194,44,10,54,248
08/09/2018,ROC,NY,AEA,CE,Combined TRACON& Tower with Radar,80,57,33,2,172,0,0,64,1,65,80,57,97,3,237,88,0,88,325
08/10/2018,ROC,NY,AEA,CE,Combined TRACON& Tower with Radar,78,57,38,1,174,0,2,53,1,56,78,59,91,2,230,36,0,36,266
08/11/2018,ROC,NY,AEA,CE,Combined TRACON& Tower with Radar,62,37,13,0,112,0,0,61,2,63,62,37,74,2,175,44,0,44,219
08/12/2018,ROC,NY,AEA,CE,Combined TRACON& Tower with Radar,67,54,29,0,150,0,0,57,0,57,67,54,86,0,207,82,0,82,289
08/13/2018,ROC,NY,AEA,CE,Combined TRACON& Tower with Radar,73,54,46,1,174,0,0,14,1,15,73,54,60,2,189,109,0,109,298
08/14/2018,ROC,NY,AEA,CE,Combined TRACON& Tower with Radar,74,47,31,0,152,0,0,11,1,12,74,47,42,1,164,42,12,54,218
08/15/2018,ROC,NY,AEA,CE,Combined TRACON& Tower with Radar,80,57,46,2,185,0,0,51,2,53,80,57,97,4,238,96,0,96,334
08/16/2018,ROC,NY,AEA,CE,Combined TRACON& Tower with Radar,80,70,27,8,185,0,2,60,9,71,80,72,87,17,256,73,0,73,329
08/17/2018,ROC,NY,AEA,CE,Combined TRACON& Tower with Radar,80,62,24,0,166,0,0,7,4,11,80,62,31,4,177,54,0,54,231
08/18/2018,ROC,NY,AEA,CE,Combined TRACON& Tower with Radar,64,41,22,0,127,0,0,27,7,34,64,41,49,7,161,87,0,87,248
08/19/2018,ROC,NY,AEA,CE,Combined TRACON& Tower with Radar,72,54,26,1,153,0,2,52,0,54,72,56,78,1,207,38,0,38,245
08/20/2018,ROC,NY,AEA,CE,Combined TRACON& Tower with Radar,71,57,46,1,175,0,0,49,1,50,71,57,95,2,225,71,0,71,296
08/21/2018,ROC,NY,AEA,CE,Combined TRACON& Tower with Radar,82,46,37,2,167,0,1,6,6,13,82,47,43,8,180,13,2,15,195
08/22/2018,ROC,NY,AEA,CE,Combined TRACON& Tower with Radar,88,54,23,1,166,0,0,4,11,15,88,54,27,12,181,0,0,0,181
08/23/2018,ROC,NY,AEA,CE,Combined TRACON& Tower with Radar,83,58,41,2,184,0,0,68,3,71,83,58,109,5,255,89,0,89,344
08/24/2018,ROC,NY,AEA,CE,Combined TRACON& Tower with Radar,84,56,26,1,167,0,4,60,4,68,84,60,86,5,235,63,0,63,298
08/25/2018,ROC,NY,AEA,CE,Combined TRACON& Tower with Radar,66,40,12,0,118,0,0,54,0,54,66,40,66,0,172,89,0,89,261
08/26/2018,ROC,NY,AEA,CE,Combined TRACON& Tower with Radar,77,53,29,1,160,0,0,40,0,40,77,53,69,1,200,38,0,38,238
08/27/2018,ROC,NY,AEA,CE,Combined TRACON& Tower with Radar,77,60,36,0,173,0,0,44,2,46,77,60,80,2,219,32,0,32,251
08/28/2018,ROC,NY,AEA,CE,Combined TRACON& Tower with Radar,76,53,31,3,163,0,6,40,2,48,76,59,71,5,211,36,0,36,247
08/29/2018,ROC,NY,AEA,CE,Combined TRACON& Tower with Radar,90,61,16,4,171,0,0,16,8,24,90,61,32,12,195,0,0,0,195
08/30/2018,ROC,NY,AEA,CE,Combined TRACON& Tower with Radar,85,58,39,4,186,0,1,15,5,21,85,59,54,9,207,116,0,116,323
08/31/2018,ROC,NY,AEA,CE,Combined TRACON& Tower with Radar,78,47,29,1,155,0,0,48,1,49,78,47,77,2,204,125,0,125,329
09/01/2018,ROC,NY,AEA,CE,Combined TRACON& Tower with Radar,65,32,20,0,117,0,0,61,0,61,65,32,81,0,178,68,0,68,246
09/02/2018,ROC,NY,AEA,CE,Combined TRACON& Tower with Radar,58,44,18,0,120,0,0,22,0,22,58,44,40,0,142,0,0,0,142
09/03/2018,ROC,NY,AEA,CE,Combined TRACON& Tower with Radar,71,45,20,0,136,0,0,38,6,44,71,45,58,6,180,33,0,33,213
09/04/2018,ROC,NY,AEA,CE,Combined TRACON& Tower with Radar,77,63,13,2,155,0,0,58,8,66,77,63,71,10,221,61,0,61,282
09/05/2018,ROC,NY,AEA,CE,Combined TRACON& Tower with Radar,75,58,36,8,177,0,0,42,9,51,75,58,78,17,228,80,0,80,308
09/06/2018,ROC,NY,AEA,CE,Combined TRACON& Tower with Radar,75,61,41,3,180,0,0,29,12,41,75,61,70,15,221,74,0,74,295
09/07/2018,ROC,NY,AEA,CE,Combined TRACON& Tower with Radar,79,57,35,0,171,0,4,47,10,61,79,61,82,10,232,54,0,54,286
09/08/2018,ROC,NY,AEA,CE,Combined TRACON& Tower with Radar,60,33,35,3,131,0,1,54,9,64,60,34,89,12,195,64,0,64,259
09/09/2018,ROC,NY,AEA,CE,Combined TRACON& Tower with Radar,73,45,35,0,153,0,2,47,3,52,73,47,82,3,205,32,0,32,237
09/10/2018,ROC,NY,AEA,CE,Combined TRACON& Tower with Radar,77,49,30,1,157,0,0,1,0,1,77,49,31,1,158,0,0,0,158
09/11/2018,ROC,NY,AEA,CE,Combined TRACON& Tower with Radar,83,56,44,4,187,0,0,11,6,17,83,56,55,10,204,46,22,68,272
09/12/2018,ROC,NY,AEA,CE,Combined TRACON& Tower with Radar,82,54,33,3,172,0,0,44,7,51,82,54,77,10,223,82,0,82,305
09/13/2018,ROC,NY,AEA,CE,Combined TRACON& Tower with Radar,89,58,49,2,198,0,9,58,0,67,89,67,107,2,265,80,0,80,345
09/14/2018,ROC,NY,AEA,CE,Combined TRACON& Tower with Radar,85,57,30,2,174,0,4,59,2,65,85,61,89,4,239,42,0,42,281
09/15/2018,ROC,NY,AEA,CE,Combined TRACON& Tower with Radar,62,35,23,0,120,0,10,71,0,81,62,45,94,0,201,32,0,32,233
09/16/2018,ROC,NY,AEA,CE,Combined TRACON& Tower with Radar,69,54,27,0,150,0,0,47,1,48,69,54,74,1,198,0,0,0,198
09/17/2018,ROC,NY,AEA,CE,Combined TRACON& Tower with Radar,83,53,29,2,167,0,0,46,2,48,83,53,75,4,215,46,0,46,261
09/18/2018,ROC,NY,AEA,CE,Combined TRACON& Tower with Radar,82,55,43,0,180,0,0,36,8,44,82,55,79,8,224,64,0,64,288
09/19/2018,ROC,NY,AEA,CE,Combined TRACON& Tower with Radar,84,61,47,2,194,0,0,38,2,40,84,61,85,4,234,56,0,56,290
09/20/2018,ROC,NY,AEA,CE,Combined TRACON& Tower with Radar,80,61,27,1,169,0,2,66,8,76,80,63,93,9,245,62,2,64,309
09/21/2018,ROC,NY,AEA,CE,Combined TRACON& Tower with Radar,82,51,22,0,155,0,0,8,2,10,82,51,30,2,165,0,0,0,165
09/22/2018,ROC,NY,AEA,CE,Combined TRACON& Tower with Radar,66,38,17,0,121,0,0,54,0,54,66,38,71,0,175,78,0,78,253
09/23/2018,ROC,NY,AEA,CE,Combined TRACON& Tower with Radar,72,50,34,0,156,0,0,63,0,63,72,50,97,0,219,56,0,56,275
09/24/2018,ROC,NY,AEA,CE,Combined TRACON& Tower with Radar,76,65,29,8,178,0,0,68,0,68,76,65,97,8,246,51,0,51,297
09/25/2018,ROC,NY,AEA,CE,Combined TRACON& Tower with Radar,78,55,13,4,150,0,2,9,3,14,78,57,22,7,164,16,0,16,180
09/26/2018,ROC,NY,AEA,CE,Combined TRACON& Tower with Radar,82,53,26,2,163,0,2,2,2,6,82,55,28,4,169,0,0,0,169
09/27/2018,ROC,NY,AEA,CE,Combined TRACON& Tower with Radar,85,64,44,1,194,0,1,71,3,75,85,65,115,4,269,121,0,121,390
09/28/2018,ROC,NY,AEA,CE,Combined TRACON& Tower with Radar,83,54,50,6,193,0,0,59,0,59,83,54,109,6,252,49,0,49,301
09/29/2018,ROC,NY,AEA,CE,Combined TRACON& Tower with Radar,63,36,35,0,134,0,2,61,2,65,63,38,96,2,199,4,0,4,203
09/30/2018,ROC,NY,AEA,CE,Combined TRACON& Tower with Radar,73,48,34,1,156,0,0,46,1,47,73,48,80,2,203,62,0,62,265
10/01/2018,ROC,NY,AEA,CE,Combined TRACON& Tower with Radar,77,56,24,0,157,0,0,0,0,0,77,56,24,0,157,0,0,0,157
10/02/2018,ROC,NY,AEA,CE,Combined TRACON& Tower with Radar,78,49,15,1,143,0,0,0,0,0,78,49,15,1,143,0,0,0,143
10/03/2018,ROC,NY,AEA,CE,Combined TRACON& Tower with Radar,85,69,50,1,205,0,0,17,8,25,85,69,67,9,230,62,0,62,292
10/04/2018,ROC,NY,AEA,CE,Combined TRACON& Tower with Radar,78,78,50,0,206,0,1,12,0,13,78,79,62,0,219,12,0,12,231
10/05/2018,ROC,NY,AEA,CE,Combined TRACON& Tower with Radar,76,71,37,0,184,0,3,75,1,79,76,74,112,1,263,6,0,6,269
10/06/2018,ROC,NY,AEA,CE,Combined TRACON& Tower with Radar,58,39,17,0,114,0,1,17,0,18,58,40,34,0,132,10,0,10,142
10/07/2018,ROC,NY,AEA,CE,Combined TRACON& Tower with Radar,71,51,18,0,140,0,0,1,0,1,71,51,19,0,141,0,0,0,141
10/08/2018,ROC,NY,AEA,CE,Combined TRACON& Tower with Radar,71,61,38,0,170,0,0,37,1,38,71,61,75,1,208,75,0,75,283
10/09/2018,ROC,NY,AEA,CE,Combined TRACON& Tower with Radar,79,66,27,4,176,0,0,52,2,54,79,66,79,6,230,67,0,67,297
10/10/2018,ROC,NY,AEA,CE,Combined TRACON& Tower with Radar,78,66,28,2,174,0,0,71,14,85,78,66,99,16,259,64,0,64,323
10/11/2018,ROC,NY,AEA,CE,Combined TRACON& Tower with Radar,73,57,30,5,165,0,0,10,9,19,73,57,40,14,184,8,0,8,192
10/12/2018,ROC,NY,AEA,CE,Combined TRACON& Tower with Radar,79,76,52,1,208,0,2,27,2,31,79,78,79,3,239,28,0,28,267
10/13/2018,ROC,NY,AEA,CE,Combined TRACON& Tower with Radar,69,45,24,0,138,0,0,24,0,24,69,45,48,0,162,16,0,16,178
10/14/2018,ROC,NY,AEA,CE,Combined TRACON& Tower with Radar,71,53,31,0,155,0,3,61,1,65,71,56,92,1,220,15,0,15,235
10/15/2018,ROC,NY,AEA,CE,Combined TRACON& Tower with Radar,72,64,34,5,175,0,0,13,2,15,72,64,47,7,190,28,0,28,218
10/16/2018,ROC,NY,AEA,CE,Combined TRACON& Tower with Radar,77,58,39,2,176,0,0,35,5,40,77,58,74,7,216,52,0,52,268
10/17/2018,ROC,NY,AEA,CE,Combined TRACON& Tower with Radar,77,63,22,2,164,0,0,7,9,16,77,63,29,11,180,18,0,18,198
10/18/2018,ROC,NY,AEA,CE,Combined TRACON& Tower with Radar,80,61,34,2,177,0,1,41,3,45,80,62,75,5,222,28,4,32,254
10/19/2018,ROC,NY,AEA,CE,Combined TRACON& Tower with Radar,75,66,27,0,168,0,0,49,1,50,75,66,76,1,218,15,0,15,233
10/20/2018,ROC,NY,AEA,CE,Combined TRACON& Tower with Radar,64,40,18,0,122,0,0,15,0,15,64,40,33,0,137,43,0,43,180
10/21/2018,ROC,NY,AEA,CE,Combined TRACON& Tower with Radar,68,63,22,3,156,0,2,18,0,20,68,65,40,3,176,4,0,4,180
10/22/2018,ROC,NY,AEA,CE,Combined TRACON& Tower with Radar,79,68,35,0,182,0,0,53,0,53,79,68,88,0,235,44,0,44,279
10/23/2018,ROC,NY,AEA,CE,Combined TRACON& Tower with Radar,75,59,27,0,161,0,0,11,2,13,75,59,38,2,174,12,0,12,186
10/24/2018,ROC,NY,AEA,CE,Combined TRACON& Tower with Radar,79,67,33,4,183,0,0,2,6,8,79,67,35,10,191,32,0,32,223
10/25/2018,ROC,NY,AEA,CE,Combined TRACON& Tower with Radar,78,68,28,0,174,0,0,66,3,69,78,68,94,3,243,60,0,60,303
10/26/2018,ROC,NY,AEA,CE,Combined TRACON& Tower with Radar,77,64,22,2,165,0,0,53,2,55,77,64,75,4,220,33,2,35,255
10/27/2018,ROC,NY,AEA,CE,Combined TRACON& Tower with Radar,62,38,8,0,108,0,0,0,0,0,62,38,8,0,108,0,0,0,108
10/28/2018,ROC,NY,AEA,CE,Combined TRACON& Tower with Radar,72,47,12,0,131,0,0,0,0,0,72,47,12,0,131,0,0,0,131
10/29/2018,ROC,NY,AEA,CE,Combined TRACON& Tower with Radar,75,57,17,4,153,0,0,2,17,19,75,57,19,21,172,0,0,0,172
10/30/2018,ROC,NY,AEA,CE,Combined TRACON& Tower with Radar,67,57,32,3,159,0,1,86,13,100,67,58,118,16,259,102,0,102,361
10/31/2018,ROC,NY,AEA,CE,Combined TRACON& Tower with Radar,59,54,15,2,130,0,0,12,0,12,59,54,27,2,142,0,0,0,142
11/01/2018,ROC,NY,AEA,CE,Combined TRACON& Tower with Radar,75,53,40,0,168,0,0,1,0,1,75,53,41,0,169,0,0,0,169
11/02/2018,ROC,NY,AEA,CE,Combined TRACON& Tower with Radar,72,48,19,0,139,0,0,0,0,0,72,48,19,0,139,0,0,0,139
11/03/2018,ROC,NY,AEA,CE,Combined TRACON& Tower with Radar,65,34,9,0,108,0,0,0,6,6,65,34,9,6,114,0,0,0,114
11/04/2018,ROC,NY,AEA,CE,Combined TRACON& Tower with Radar,69,45,24,4,142,0,0,86,0,86,69,45,110,4,228,32,0,32,260
11/05/2018,ROC,NY,AEA,CE,Combined TRACON& Tower with Radar,70,50,23,0,143,0,0,17,0,17,70,50,40,0,160,24,0,24,184
11/06/2018,ROC,NY,AEA,CE,Combined TRACON& Tower with Radar,82,54,14,4,154,0,0,3,3,6,82,54,17,7,160,0,0,0,160
11/07/2018,ROC,NY,AEA,CE,Combined TRACON& Tower with Radar,80,62,15,0,157,0,0,11,18,29,80,62,26,18,186,0,0,0,186
11/08/2018,ROC,NY,AEA,CE,Combined TRACON& Tower with Radar,77,51,41,2,171,0,0,66,10,76,77,51,107,12,247,79,4,83,330
11/09/2018,ROC,NY,AEA,CE,Combined TRACON& Tower with Radar,77,71,17,1,166,0,0,3,3,6,77,71,20,4,172,8,0,8,180
11/10/2018,ROC,NY,AEA,CE,Combined TRACON& Tower with Radar,64,37,8,0,109,0,0,3,0,3,64,37,11,0,112,0,0,0,112
11/11/2018,ROC,NY,AEA,CE,Combined TRACON& Tower with Radar,68,53,23,0,144,0,0,43,1,44,68,53,66,1,188,72,0,72,260
11/12/2018,ROC,NY,AEA,CE,Combined TRACON& Tower with Radar,72,65,25,0,162,0,1,55,2,58,72,66,80,2,220,96,0,96,316
11/13/2018,ROC,NY,AEA,CE,Combined TRACON& Tower with Radar,71,60,26,5,162,0,0,1,3,4,71,60,27,8,166,6,0,6,172
11/14/2018,ROC,NY,AEA,CE,Combined TRACON& Tower with Radar,82,61,21,4,168,0,0,1,14,15,82,61,22,18,183,0,0,0,183
11/15/2018,ROC,NY,AEA,CE,Combined TRACON& Tower with Radar,70,42,31,1,144,0,0,27,9,36,70,42,58,10,180,54,4,58,238
11/16/2018,ROC,NY,AEA,CE,Combined TRACON& Tower with Radar,80,52,7,0,139,0,0,1,0,1,80,52,8,0,140,0,0,0,140
11/17/2018,ROC,NY,AEA,CE,Combined TRACON& Tower with Radar,70,36,14,7,127,0,0,11,0,11,70,36,25,7,138,34,0,34,172
11/18/2018,ROC,NY,AEA,CE,Combined TRACON& Tower with Radar,73,52,38,1,164,0,0,15,0,15,73,52,53,1,179,32,0,32,211
11/19/2018,ROC,NY,AEA,CE,Combined TRACON& Tower with Radar,74,51,33,2,160,0,2,50,6,58,74,53,83,8,218,115,0,115,333
11/20/2018,ROC,NY,AEA,CE,Combined TRACON& Tower with Radar,81,53,34,11,179,0,0,6,1,7,81,53,40,12,186,12,4,16,202
11/21/2018,ROC,NY,AEA,CE,Combined TRACON& Tower with Radar,82,67,15,0,164,0,0,1,0,1,82,67,16,0,165,0,0,0,165
11/22/2018,ROC,NY,AEA,CE,Combined TRACON& Tower with Radar,41,25,9,0,75,0,1,4,0,5,41,26,13,0,80,0,0,0,80
11/23/2018,ROC,NY,AEA,CE,Combined TRACON& Tower with Radar,63,27,24,0,114,0,1,43,1,45,63,28,67,1,159,20,0,20,179
11/24/2018,ROC,NY,AEA,CE,Combined TRACON& Tower with Radar,78,56,13,0,147,0,0,8,0,8,78,56,21,0,155,8,0,8,163
11/25/2018,ROC,NY,AEA,CE,Combined TRACON& Tower with Radar,77,60,27,0,164,0,0,21,0,21,77,60,48,0,185,178,0,178,363
11/26/2018,ROC,NY,AEA,CE,Combined TRACON& Tower with Radar,62,42,20,0,124,0,0,3,3,6,62,42,23,3,130,10,8,18,148
11/27/2018,ROC,NY,AEA,CE,Combined TRACON& Tower with Radar,81,57,9,8,155,0,0,0,0,0,81,57,9,8,155,0,0,0,155
11/28/2018,ROC,NY,AEA,CE,Combined TRACON& Tower with Radar,74,55,11,1,141,0,0,1,1,2,74,55,12,2,143,0,16,16,159
11/29/2018,ROC,NY,AEA,CE,Combined TRACON& Tower with Radar,83,71,30,2,186,0,0,20,10,30,83,71,50,12,216,86,0,86,302
11/30/2018,ROC,NY,AEA,CE,Combined TRACON& Tower with Radar,72,55,17,0,144,0,0,3,0,3,72,55,20,0,147,2,31,33,180
12/01/2018,ROC,NY,AEA,CE,Combined TRACON& Tower with Radar,61,30,8,0,99,0,0,8,0,8,61,30,16,0,107,54,0,54,161
12/02/2018,ROC,NY,AEA,CE,Combined TRACON& Tower with Radar,67,40,13,0,120,0,0,29,1,30,67,40,42,1,150,30,0,30,180
12/03/2018,ROC,NY,AEA,CE,Combined TRACON& Tower with Radar,73,45,14,2,134,0,0,2,2,4,73,45,16,4,138,0,12,12,150
12/04/2018,ROC,NY,AEA,CE,Combined TRACON& Tower with Radar,77,55,32,2,166,0,1,36,8,45,77,56,68,10,211,59,0,59,270
12/05/2018,ROC,NY,AEA,CE,Combined TRACON& Tower with Radar,77,54,29,0,160,0,0,42,4,46,77,54,71,4,206,20,0,20,226
12/06/2018,ROC,NY,AEA,CE,Combined TRACON& Tower with Radar,78,51,28,0,157,0,0,6,2,8,78,51,34,2,165,21,9,30,195
12/07/2018,ROC,NY,AEA,CE,Combined TRACON& Tower with Radar,75,52,11,0,138,0,0,11,2,13,75,52,22,2,151,20,0,20,171
12/08/2018,ROC,NY,AEA,CE,Combined TRACON& Tower with Radar,59,33,15,0,107,0,1,25,1,27,59,34,40,1,134,49,0,49,183
12/09/2018,ROC,NY,AEA,CE,Combined TRACON& Tower with Radar,57,46,19,0,122,0,0,51,2,53,57,46,70,2,175,71,0,71,246
12/10/2018,ROC,NY,AEA,CE,Combined TRACON& Tower with Radar,71,46,22,3,142,0,0,21,6,27,71,46,43,9,169,32,0,32,201
12/11/2018,ROC,NY,AEA,CE,Combined TRACON& Tower with Radar,76,50,22,0,148,0,0,6,7,13,76,50,28,7,161,30,0,30,191
12/12/2018,ROC,NY,AEA,CE,Combined TRACON& Tower with Radar,78,62,31,1,172,0,0,26,11,37,78,62,57,12,209,106,0,106,315
12/13/2018,ROC,NY,AEA,CE,Combined TRACON& Tower with Radar,75,54,36,1,166,0,0,39,8,47,75,54,75,9,213,43,14,57,270
12/14/2018,ROC,NY,AEA,CE,Combined TRACON& Tower with Radar,81,51,27,1,160,0,0,23,4,27,81,51,50,5,187,68,0,68,255
12/15/2018,ROC,NY,AEA,CE,Combined TRACON& Tower with Radar,61,33,45,0,139,0,0,3,0,3,61,33,48,0,142,19,0,19,161
12/16/2018,ROC,NY,AEA,CE,Combined TRACON& Tower with Radar,66,40,21,0,127,0,0,1,0,1,66,40,22,0,128,8,0,8,136
12/17/2018,ROC,NY,AEA,CE,Combined TRACON& Tower with Radar,76,50,16,2,144,0,0,1,4,5,76,50,17,6,149,0,18,18,167
12/18/2018,ROC,NY,AEA,CE,Combined TRACON& Tower with Radar,77,44,37,3,161,0,0,54,12,66,77,44,91,15,227,16,14,30,257
12/19/2018,ROC,NY,AEA,CE,Combined TRACON& Tower with Radar,77,61,35,3,176,0,4,64,17,85,77,65,99,20,261,30,4,34,295
12/20/2018,ROC,NY,AEA,CE,Combined TRACON& Tower with Radar,77,50,26,2,155,0,0,62,0,62,77,50,88,2,217,99,0,99,316
12/21/2018,ROC,NY,AEA,CE,Combined TRACON& Tower with Radar,70,48,13,0,131,0,2,10,4,16,70,50,23,4,147,21,0,21,168
12/22/2018,ROC,NY,AEA,CE,Combined TRACON& Tower with Radar,68,45,9,0,122,0,2,0,1,3,68,47,9,1,125,6,0,6,131
12/23/2018,ROC,NY,AEA,CE,Combined TRACON& Tower with Radar,64,56,13,0,133,0,1,10,0,11,64,57,23,0,144,26,0,26,170
12/24/2018,ROC,NY,AEA,CE,Combined TRACON& Tower with Radar,53,44,3,0,100,0,0,8,0,8,53,44,11,0,108,16,0,16,124
12/25/2018,ROC,NY,AEA,CE,Combined TRACON& Tower with Radar,41,36,2,0,79,0,0,2,0,2,41,36,4,0,81,0,0,0,81
12/26/2018,ROC,NY,AEA,CE,Combined TRACON& Tower with Radar,67,52,34,2,155,0,0,37,0,37,67,52,71,2,192,45,0,45,237
12/27/2018,ROC,NY,AEA,CE,Combined TRACON& Tower with Radar,68,56,28,2,154,0,0,49,18,67,68,56,77,20,221,32,1,33,254
12/28/2018,ROC,NY,AEA,CE,Combined TRACON& Tower with Radar,67,52,14,1,134,0,0,6,0,6,67,52,20,1,140,32,0,32,172
12/29/2018,ROC,NY,AEA,CE,Combined TRACON& Tower with Radar,65,40,10,0,115,0,0,4,0,4,65,40,14,0,119,0,0,0,119
12/30/2018,ROC,NY,AEA,CE,Combined TRACON& Tower with Radar,65,44,12,0,121,0,0,6,1,7,65,44,18,1,128,4,0,4,132
12/31/2018,ROC,NY,AEA,CE,Combined TRACON& Tower with Radar,56,38,15,0,109,0,0,32,1,33,56,38,47,1,142,52,0,52,194
01/01/2019,ROC,NY,AEA,CE,Combined TRACON& Tower with Radar,45,37,6,0,88,0,1,1,0,2,45,38,7,0,90,0,0,0,90
01/02/2019,ROC,NY,AEA,CE,Combined TRACON& Tower with Radar,67,45,14,6,132,0,0,33,10,43,67,45,47,16,175,74,2,76,251
01/03/2019,ROC,NY,AEA,CE,Combined TRACON& Tower with Radar,69,49,14,0,132,0,1,8,13,22,69,50,22,13,154,0,0,0,154
01/04/2019,ROC,NY,AEA,CE,Combined TRACON& Tower with Radar,68,53,23,0,144,0,1,51,5,57,68,54,74,5,201,19,0,19,220
01/05/2019,ROC,NY,AEA,CE,Combined TRACON& Tower with Radar,53,45,13,0,111,0,0,5,1,6,53,45,18,1,117,0,0,0,117
01/06/2019,ROC,NY,AEA,CE,Combined TRACON& Tower with Radar,71,30,10,0,111,0,0,2,0,2,71,30,12,0,113,0,0,0,113
01/07/2019,ROC,NY,AEA,CE,Combined TRACON& Tower with Radar,68,49,8,0,125,0,0,17,8,25,68,49,25,8,150,47,0,47,197
01/08/2019,ROC,NY,AEA,CE,Combined TRACON& Tower with Radar,70,55,14,2,141,0,0,0,2,2,70,55,14,4,143,0,0,0,143
01/09/2019,ROC,NY,AEA,CE,Combined TRACON& Tower with Radar,70,54,9,1,134,0,0,1,3,4,70,54,10,4,138,0,0,0,138
01/10/2019,ROC,NY,AEA,CE,Combined TRACON& Tower with Radar,75,59,12,2,148,0,0,0,2,2,75,59,12,4,150,0,0,0,150
01/11/2019,ROC,NY,AEA,CE,Combined TRACON& Tower with Radar,75,49,14,2,140,0,0,40,7,47,75,49,54,9,187,73,0,73,260
01/12/2019,ROC,NY,AEA,CE,Combined TRACON& Tower with Radar,55,37,10,0,102,0,0,40,4,44,55,37,50,4,146,53,0,53,199
01/13/2019,ROC,NY,AEA,CE,Combined TRACON& Tower with Radar,62,36,16,0,114,0,0,22,1,23,62,36,38,1,137,63,0,63,200
01/14/2019,ROC,NY,AEA,CE,Combined TRACON& Tower with Radar,64,55,22,0,141,0,2,40,1,43,64,57,62,1,184,0,0,0,184
01/15/2019,ROC,NY,AEA,CE,Combined TRACON& Tower with Radar,69,51,24,1,145,0,0,5,4,9,69,51,29,5,154,123,0,123,277
01/16/2019,ROC,NY,AEA,CE,Combined TRACON& Tower with Radar,69,62,17,1,149,0,0,2,5,7,69,62,19,6,156,0,0,0,156
01/17/2019,ROC,NY,AEA,CE,Combined TRACON& Tower with Radar,82,49,19,5,155,0,0,52,5,57,82,49,71,10,212,10,0,10,222
01/18/2019,ROC,NY,AEA,CE,Combined TRACON& Tower with Radar,69,60,17,0,146,0,0,0,0,0,69,60,17,0,146,0,0,0,146
01/19/2019,ROC,NY,AEA,CE,Combined TRACON& Tower with Radar,35,32,11,0,78,0,0,0,0,0,35,32,11,0,78,0,0,0,78
01/20/2019,ROC,NY,AEA,CE,Combined TRACON& Tower with Radar,25,18,4,0,47,0,0,0,0,0,25,18,4,0,47,0,0,0,47
01/21/2019,ROC,NY,AEA,CE,Combined TRACON& Tower with Radar,56,40,14,0,110,0,0,0,2,2,56,40,14,2,112,0,0,0,112
01/22/2019,ROC,NY,AEA,CE,Combined TRACON& Tower with Radar,63,54,27,0,144,0,4,34,5,43,63,58,61,5,187,22,0,22,209
01/23/2019,ROC,NY,AEA,CE,Combined TRACON& Tower with Radar,64,53,12,0,129,0,0,9,6,15,64,53,21,6,144,0,0,0,144
01/24/2019,ROC,NY,AEA,CE,Combined TRACON& Tower with Radar,72,51,24,0,147,0,0,0,5,5,72,51,24,5,152,0,0,0,152
01/25/2019,ROC,NY,AEA,CE,Combined TRACON& Tower with Radar,71,62,15,0,148,0,0,2,1,3,71,62,17,1,151,0,0,0,151
01/26/2019,ROC,NY,AEA,CE,Combined TRACON& Tower with Radar,58,32,23,0,113,0,0,48,1,49,58,32,71,1,162,63,0,63,225
01/27/2019,ROC,NY,AEA,CE,Combined TRACON& Tower with Radar,62,40,12,0,114,0,0,0,0,0,62,40,12,0,114,0,0,0,114
01/28/2019,ROC,NY,AEA,CE,Combined TRACON& Tower with Radar,56,45,6,0,107,0,0,9,0,9,56,45,15,0,116,32,0,32,148
01/29/2019,ROC,NY,AEA,CE,Combined TRACON& Tower with Radar,65,56,27,1,149,0,0,4,3,7,65,56,31,4,156,12,21,33,189
01/30/2019,ROC,NY,AEA,CE,Combined TRACON& Tower with Radar,49,35,12,6,102,0,0,0,0,0,49,35,12,6,102,0,0,0,102
01/31/2019,ROC,NY,AEA,CE,Combined TRACON& Tower with Radar,66,42,18,6,132,0,0,5,2,7,66,42,23,8,139,0,0,0,139
02/01/2019,ROC,NY,AEA,CE,Combined TRACON& Tower with Radar,66,46,14,1,127,0,0,24,0,24,66,46,38,1,151,46,0,46,197
02/02/2019,ROC,NY,AEA,CE,Combined TRACON& Tower with Radar,55,34,14,0,103,0,2,22,1,25,55,36,36,1,128,30,0,30,158
02/03/2019,ROC,NY,AEA,CE,Combined TRACON& Tower with Radar,54,36,13,0,103,0,0,28,0,28,54,36,41,0,131,4,0,4,135
02/04/2019,ROC,NY,AEA,CE,Combined TRACON& Tower with Radar,66,48,30,0,144,0,0,44,4,48,66,48,74,4,192,37,0,37,229
02/05/2019,ROC,NY,AEA,CE,Combined TRACON& Tower with Radar,63,56,19,2,140,0,0,1,2,3,63,56,20,4,143,16,0,16,159
02/06/2019,ROC,NY,AEA,CE,Combined TRACON& Tower with Radar,66,63,13,0,142,0,0,0,0,0,66,63,13,0,142,0,0,0,142
02/07/2019,ROC,NY,AEA,CE,Combined TRACON& Tower with Radar,75,48,10,0,133,0,0,0,0,0,75,48,10,0,133,0,2,2,135
02/08/2019,ROC,NY,AEA,CE,Combined TRACON& Tower with Radar,69,52,6,0,127,0,0,0,0,0,69,52,6,0,127,0,0,0,127
02/09/2019,ROC,NY,AEA,CE,Combined TRACON& Tower with Radar,52,43,5,0,100,0,0,4,4,8,52,43,9,4,108,0,0,0,108
02/10/2019,ROC,NY,AEA,CE,Combined TRACON& Tower with Radar,61,47,14,0,122,0,1,44,3,48,61,48,58,3,170,106,0,106,276
02/11/2019,ROC,NY,AEA,CE,Combined TRACON& Tower with Radar,62,49,17,2,130,0,0,17,3,20,62,49,34,5,150,29,2,31,181
02/12/2019,ROC,NY,AEA,CE,Combined TRACON& Tower with Radar,41,28,6,0,75,0,0,0,0,0,41,28,6,0,75,0,0,0,75
02/13/2019,ROC,NY,AEA,CE,Combined TRACON& Tower with Radar,73,46,8,0,127,0,0,0,0,0,73,46,8,0,127,0,0,0,127
02/14/2019,ROC,NY,AEA,CE,Combined TRACON& Tower with Radar,75,58,34,2,169,0,0,26,5,31,75,58,60,7,200,2,0,2,202
02/15/2019,ROC,NY,AEA,CE,Combined TRACON& Tower with Radar,72,65,17,2,156,0,0,0,1,1,72,65,17,3,157,0,0,0,157
02/16/2019,ROC,NY,AEA,CE,Combined TRACON& Tower with Radar,69,47,21,0,137,0,0,23,2,25,69,47,44,2,162,20,0,20,182
02/17/2019,ROC,NY,AEA,CE,Combined TRACON& Tower with Radar,56,42,23,0,121,0,0,25,0,25,56,42,48,0,146,52,0,52,198
02/18/2019,ROC,NY,AEA,CE,Combined TRACON& Tower with Radar,66,55,10,0,131,0,0,0,2,2,66,55,10,2,133,2,0,2,135
02/19/2019,ROC,NY,AEA,CE,Combined TRACON& Tower with Radar,73,54,27,4,158,0,4,23,11,38,73,58,50,15,196,12,0,12,208
02/20/2019,ROC,NY,AEA,CE,Combined TRACON& Tower with Radar,69,53,12,4,138,0,0,18,3,21,69,53,30,7,159,16,0,16,175
02/21/2019,ROC,NY,AEA,CE,Combined TRACON& Tower with Radar,74,62,12,4,152,0,0,3,14,17,74,62,15,18,169,0,0,0,169
02/22/2019,ROC,NY,AEA,CE,Combined TRACON& Tower with Radar,76,58,26,2,162,0,0,23,2,25,76,58,49,4,187,96,0,96,283
02/23/2019,ROC,NY,AEA,CE,Combined TRACON& Tower with Radar,58,46,27,1,132,0,1,36,0,37,58,47,63,1,169,79,0,79,248
02/24/2019,ROC,NY,AEA,CE,Combined TRACON& Tower with Radar,30,16,13,0,59,0,1,0,0,1,30,17,13,0,60,0,0,0,60
02/25/2019,ROC,NY,AEA,CE,Combined TRACON& Tower with Radar,35,19,11,0,65,0,0,0,0,0,35,19,11,0,65,0,0,0,65
02/26/2019,ROC,NY,AEA,CE,Combined TRACON& Tower with Radar,72,56,19,3,150,0,0,9,8,17,72,56,28,11,167,0,0,0,167
02/27/2019,ROC,NY,AEA,CE,Combined TRACON& Tower with Radar,76,59,18,0,153,0,0,0,0,0,76,59,18,0,153,0,0,0,153
02/28/2019,ROC,NY,AEA,CE,Combined TRACON& Tower with Radar,73,56,26,2,157,0,16,16,2,34,73,72,42,4,191,0,0,0,191
03/01/2019,ROC,NY,AEA,CE,Combined TRACON& Tower with Radar,70,60,31,3,164,0,0,59,1,60,70,60,90,4,224,104,0,104,328
03/02/2019,ROC,NY,AEA,CE,Combined TRACON& Tower with Radar,65,36,11,0,112,0,0,11,0,11,65,36,22,0,123,20,0,20,143
03/03/2019,ROC,NY,AEA,CE,Combined TRACON& Tower with Radar,54,45,11,0,110,0,0,1,0,1,54,45,12,0,111,0,0,0,111
03/04/2019,ROC,NY,AEA,CE,Combined TRACON& Tower with Radar,63,51,22,1,137,0,0,8,9,17,63,51,30,10,154,14,0,14,168
03/05/2019,ROC,NY,AEA,CE,Combined TRACON& Tower with Radar,76,54,18,2,150,0,0,8,8,16,76,54,26,10,166,0,0,0,166
03/06/2019,ROC,NY,AEA,CE,Combined TRACON& Tower with Radar,79,59,14,0,152,0,0,2,3,5,79,59,16,3,157,0,0,0,157
03/07/2019,ROC,NY,AEA,CE,Combined TRACON& Tower with Radar,78,58,31,3,170,0,0,15,15,30,78,58,46,18,200,0,0,0,200
03/08/2019,ROC,NY,AEA,CE,Combined TRACON& Tower with Radar,73,48,32,2,155,0,0,57,2,59,73,48,89,4,214,35,0,35,249
03/09/2019,ROC,NY,AEA,CE,Combined TRACON& Tower with Radar,67,36,39,0,142,0,0,74,5,79,67,36,113,5,221,21,0,21,242
03/10/2019,ROC,NY,AEA,CE,Combined TRACON& Tower with Radar,57,44,15,0,116,0,0,0,0,0,57,44,15,0,116,0,0,0,116
03/11/2019,ROC,NY,AEA,CE,Combined TRACON& Tower with Radar,77,49,7,0,133,0,0,1,0,1,77,49,8,0,134,0,0,0,134
03/12/2019,ROC,NY,AEA,CE,Combined TRACON& Tower with Radar,77,55,34,4,170,0,0,36,5,41,77,55,70,9,211,25,0,25,236
03/13/2019,ROC,NY,AEA,CE,Combined TRACON& Tower with Radar,83,55,36,5,179,0,2,54,9,65,83,57,90,14,244,12,0,12,256
03/14/2019,ROC,NY,AEA,CE,Combined TRACON& Tower with Radar,68,55,28,3,154,0,0,40,4,44,68,55,68,7,198,57,0,57,255
03/15/2019,ROC,NY,AEA,CE,Combined TRACON& Tower with Radar,74,53,22,0,149,0,0,3,3,6,74,53,25,3,155,0,0,0,155
03/16/2019,ROC,NY,AEA,CE,Combined TRACON& Tower with Radar,65,49,13,0,127,0,0,0,0,0,65,49,13,0,127,0,0,0,127
03/17/2019,ROC,NY,AEA,CE,Combined TRACON& Tower with Radar,62,53,30,0,145,0,0,46,2,48,62,53,76,2,193,33,0,33,226
03/18/2019,ROC,NY,AEA,CE,Combined TRACON& Tower with Radar,72,48,25,2,147,0,0,14,2,16,72,48,39,4,163,16,0,16,179
03/19/2019,ROC,NY,AEA,CE,Combined TRACON& Tower with Radar,75,50,25,8,158,0,0,29,3,32,75,50,54,11,190,8,0,8,198
03/20/2019,ROC,NY,AEA,CE,Combined TRACON& Tower with Radar,84,58,27,3,172,0,0,48,5,53,84,58,75,8,225,49,0,49,274
03/21/2019,ROC,NY,AEA,CE,Combined TRACON& Tower with Radar,75,54,23,8,160,0,0,29,10,39,75,54,52,18,199,42,0,42,241
03/22/2019,ROC,NY,AEA,CE,Combined TRACON& Tower with Radar,75,52,3,0,130,0,0,0,0,0,75,52,3,0,130,0,0,0,130
03/23/2019,ROC,NY,AEA,CE,Combined TRACON& Tower with Radar,68,40,5,0,113,0,4,6,1,11,68,44,11,1,124,0,0,0,124
03/24/2019,ROC,NY,AEA,CE,Combined TRACON& Tower with Radar,59,46,21,0,126,0,8,37,2,47,59,54,58,2,173,0,0,0,173
03/25/2019,ROC,NY,AEA,CE,Combined TRACON& Tower with Radar,73,64,28,3,168,0,0,40,6,46,73,64,68,9,214,6,8,14,228
03/26/2019,ROC,NY,AEA,CE,Combined TRACON& Tower with Radar,78,58,28,14,178,0,6,51,9,66,78,64,79,23,244,98,10,108,352
03/27/2019,ROC,NY,AEA,CE,Combined TRACON& Tower with Radar,81,58,46,1,186,0,0,57,8,65,81,58,103,9,251,52,8,60,311
03/28/2019,ROC,NY,AEA,CE,Combined TRACON& Tower with Radar,76,54,29,2,161,0,0,5,7,12,76,54,34,9,173,4,0,4,177
03/29/2019,ROC,NY,AEA,CE,Combined TRACON& Tower with Radar,78,49,26,1,154,0,0,33,8,41,78,49,59,9,195,46,0,46,241
03/30/2019,ROC,NY,AEA,CE,Combined TRACON& Tower with Radar,63,39,20,0,122,0,0,13,0,13,63,39,33,0,135,0,0,0,135
03/31/2019,ROC,NY,AEA,CE,Combined TRACON& Tower with Radar,64,43,14,0,121,0,0,0,0,0,64,43,14,0,121,0,0,0,121
04/01/2019,ROC,NY,AEA,CE,Combined TRACON& Tower with Radar,77,43,23,3,146,0,2,23,3,28,77,45,46,6,174,24,0,24,198
04/02/2019,ROC,NY,AEA,CE,Combined TRACON& Tower with Radar,83,48,31,3,165,0,0,53,4,57,83,48,84,7,222,54,0,54,276
04/03/2019,ROC,NY,AEA,CE,Combined TRACON& Tower with Radar,74,55,20,0,149,0,0,14,2,16,74,55,34,2,165,0,0,0,165
04/04/2019,ROC,NY,AEA,CE,Combined TRACON& Tower with Radar,80,51,34,3,168,0,0,43,4,47,80,51,77,7,215,30,0,30,245
04/05/2019,ROC,NY,AEA,CE,Combined TRACON& Tower with Radar,77,55,16,0,148,0,0,2,4,6,77,55,18,4,154,0,0,0,154
04/06/2019,ROC,NY,AEA,CE,Combined TRACON& Tower with Radar,67,37,20,1,125,0,0,26,7,33,67,37,46,8,158,56,8,64,222
04/07/2019,ROC,NY,AEA,CE,Combined TRACON& Tower with Radar,60,46,27,1,134,0,3,54,7,64,60,49,81,8,198,28,0,28,226
04/08/2019,ROC,NY,AEA,CE,Combined TRACON& Tower with Radar,76,56,22,0,154,0,2,2,1,5,76,58,24,1,159,12,0,12,171
04/09/2019,ROC,NY,AEA,CE,Combined TRACON& Tower with Radar,80,47,20,4,151,0,0,8,3,11,80,47,28,7,162,0,0,0,162
04/10/2019,ROC,NY,AEA,CE,Combined TRACON& Tower with Radar,82,56,32,2,172,0,1,38,1,40,82,57,70,3,212,20,0,20,232
04/11/2019,ROC,NY,AEA,CE,Combined TRACON& Tower with Radar,81,60,42,3,186,0,0,29,16,45,81,60,71,19,231,43,0,43,274
04/12/2019,ROC,NY,AEA,CE,Combined TRACON& Tower with Radar,73,48,23,0,144,0,0,6,1,7,73,48,29,1,151,0,0,0,151
04/13/2019,ROC,NY,AEA,CE,Combined TRACON& Tower with Radar,62,39,25,0,126,0,0,26,4,30,62,39,51,4,156,2,0,2,158
04/14/2019,ROC,NY,AEA,CE,Combined TRACON& Tower with Radar,54,41,7,0,102,0,0,5,2,7,54,41,12,2,109,6,0,6,115
04/15/2019,ROC,NY,AEA,CE,Combined TRACON& Tower with Radar,71,49,12,0,132,0,0,1,0,1,71,49,13,0,133,0,0,0,133
04/16/2019,ROC,NY,AEA,CE,Combined TRACON& Tower with Radar,84,47,30,2,163,0,0,43,4,47,84,47,73,6,210,32,0,32,242
04/17/2019,ROC,NY,AEA,CE,Combined TRACON& Tower with Radar,82,54,27,1,164,0,2,51,9,62,82,56,78,10,226,43,0,43,269
04/18/2019,ROC,NY,AEA,CE,Combined TRACON& Tower with Radar,75,50,31,1,157,0,0,13,2,15,75,50,44,3,172,12,0,12,184
04/19/2019,ROC,NY,AEA,CE,Combined TRACON& Tower with Radar,72,45,17,1,135,0,0,13,1,14,72,45,30,2,149,14,0,14,163
04/20/2019,ROC,NY,AEA,CE,Combined TRACON& Tower with Radar,66,33,26,0,125,0,0,0,0,0,66,33,26,0,125,0,0,0,125
04/21/2019,ROC,NY,AEA,CE,Combined TRACON& Tower with Radar,60,50,16,0,126,0,0,7,2,9,60,50,23,2,135,6,0,6,141
04/22/2019,ROC,NY,AEA,CE,Combined TRACON& Tower with Radar,77,48,30,0,155,0,0,43,3,46,77,48,73,3,201,94,0,94,295
04/23/2019,ROC,NY,AEA,CE,Combined TRACON& Tower with Radar,83,52,41,2,178,0,0,30,7,37,83,52,71,9,215,10,17,27,242
04/24/2019,ROC,NY,AEA,CE,Combined TRACON& Tower with Radar,80,62,20,1,163,0,2,29,8,39,80,64,49,9,202,25,0,25,227
04/25/2019,ROC,NY,AEA,CE,Combined TRACON& Tower with Radar,80,60,36,1,177,0,0,91,3,94,80,60,127,4,271,60,0,60,331
04/26/2019,ROC,NY,AEA,CE,Combined TRACON& Tower with Radar,68,52,22,0,142,0,0,5,1,6,68,52,27,1,148,4,0,4,152
04/27/2019,ROC,NY,AEA,CE,Combined TRACON& Tower with Radar,51,40,9,0,100,0,0,2,2,4,51,40,11,2,104,0,0,0,104
04/28/2019,ROC,NY,AEA,CE,Combined TRACON& Tower with Radar,67,40,25,0,132,0,0,22,0,22,67,40,47,0,154,14,0,14,168
04/29/2019,ROC,NY,AEA,CE,Combined TRACON& Tower with Radar,73,54,25,0,152,0,1,44,2,47,73,55,69,2,199,32,0,32,231
04/30/2019,ROC,NY,AEA,CE,Combined TRACON& Tower with Radar,75,51,34,2,162,0,0,35,0,35,75,51,69,2,197,60,0,60,257
05/01/2019,ROC,NY,AEA,CE,Combined TRACON& Tower with Radar,80,49,35,2,166,0,0,13,0,13,80,49,48,2,179,14,0,14,193
05/02/2019,ROC,NY,AEA,CE,Combined TRACON& Tower with Radar,77,50,20,2,149,0,0,3,4,7,77,50,23,6,156,0,2,2,158
05/03/2019,ROC,NY,AEA,CE,Combined TRACON& Tower with Radar,78,56,27,2,163,0,0,0,0,0,78,56,27,2,163,0,0,0,163
05/04/2019,ROC,NY,AEA,CE,Combined TRACON& Tower with Radar,66,43,32,4,145,0,0,3,0,3,66,43,35,4,148,18,0,18,166
05/05/2019,ROC,NY,AEA,CE,Combined TRACON& Tower with Radar,75,43,27,1,146,0,0,91,5,96,75,43,118,6,242,35,0,35,277
05/06/2019,ROC,NY,AEA,CE,Combined TRACON& Tower with Radar,80,47,35,0,162,0,0,66,0,66,80,47,101,0,228,37,0,37,265
05/07/2019,ROC,NY,AEA,CE,Combined TRACON& Tower with Radar,82,50,43,2,177,0,1,9,4,14,82,51,52,6,191,6,0,6,197
05/08/2019,ROC,NY,AEA,CE,Combined TRACON& Tower with Radar,84,51,27,2,164,0,1,62,8,71,84,52,89,10,235,71,0,71,306
05/09/2019,ROC,NY,AEA,CE,Combined TRACON& Tower with Radar,83,51,33,0,167,0,0,17,2,19,83,51,50,2,186,0,0,0,186
05/10/2019,ROC,NY,AEA,CE,Combined TRACON& Tower with Radar,85,48,20,0,153,0,0,2,2,4,85,48,22,2,157,0,0,0,157
05/11/2019,ROC,NY,AEA,CE,Combined TRACON& Tower with Radar,69,43,31,0,143,0,2,64,1,67,69,45,95,1,210,28,0,28,238
05/12/2019,ROC,NY,AEA,CE,Combined TRACON& Tower with Radar,71,41,25,0,137,0,0,2,1,3,71,41,27,1,140,0,0,0,140
05/13/2019,ROC,NY,AEA,CE,Combined TRACON& Tower with Radar,81,50,27,0,158,0,0,0,0,0,81,50,27,0,158,0,0,0,158
05/14/2019,ROC,NY,AEA,CE,Combined TRACON& Tower with Radar,83,59,32,3,177,0,0,2,1,3,83,59,34,4,180,2,0,2,182
05/15/2019,ROC,NY,AEA,CE,Combined TRACON& Tower with Radar,83,71,27,2,183,0,1,52,10,63,83,72,79,12,246,3,0,3,249
05/16/2019,ROC,NY,AEA,CE,Combined TRACON& Tower with Radar,85,51,54,0,190,0,1,54,7,62,85,52,108,7,252,60,0,60,312
05/17/2019,ROC,NY,AEA,CE,Combined TRACON& Tower with Radar,84,58,31,7,180,0,0,18,6,24,84,58,49,13,204,30,0,30,234
05/18/2019,ROC,NY,AEA,CE,Combined TRACON& Tower with Radar,63,49,27,0,139,0,1,78,2,81,63,50,105,2,220,61,0,61,281
05/19/2019,ROC,NY,AEA,CE,Combined TRACON& Tower with Radar,68,55,27,0,150,0,0,25,0,25,68,55,52,0,175,22,0,22,197
05/20/2019,ROC,NY,AEA,CE,Combined TRACON& Tower with Radar,84,58,23,2,167,0,1,5,0,6,84,59,28,2,173,2,0,2,175
05/21/2019,ROC,NY,AEA,CE,Combined TRACON& Tower with Radar,85,51,36,3,175,0,0,69,7,76,85,51,105,10,251,16,2,18,269
05/22/2019,ROC,NY,AEA,CE,Combined TRACON& Tower with Radar,86,48,32,1,167,0,0,50,9,59,86,48,82,10,226,46,0,46,272
05/23/2019,ROC,NY,AEA,CE,Combined TRACON& Tower with Radar,83,44,18,0,145,0,0,6,1,7,83,44,24,1,152,15,2,17,169
05/24/2019,ROC,NY,AEA,CE,Combined TRACON& Tower with Radar,83,52,35,0,170,0,0,32,3,35,83,52,67,3,205,42,0,42,247
05/25/2019,ROC,NY,AEA,CE,Combined TRACON& Tower with Radar,65,43,6,0,114,0,0,10,2,12,65,43,16,2,126,30,0,30,156
05/26/2019,ROC,NY,AEA,CE,Combined TRACON& Tower with Radar,70,32,29,0,131,0,0,42,0,42,70,32,71,0,173,6,0,6,179
05/27/2019,ROC,NY,AEA,CE,Combined TRACON& Tower with Radar,69,39,30,0,138,0,1,45,1,47,69,40,75,1,185,42,0,42,227
05/28/2019,ROC,NY,AEA,CE,Combined TRACON& Tower with Radar,82,38,13,2,135,0,0,0,0,0,82,38,13,2,135,0,0,0,135
05/29/2019,ROC,NY,AEA,CE,Combined TRACON& Tower with Radar,81,53,21,1,156,0,0,6,9,15,81,53,27,10,171,68,0,68,239
05/30/2019,ROC,NY,AEA,CE,Combined TRACON& Tower with Radar,86,47,28,2,163,0,0,40,7,47,86,47,68,9,210,76,0,76,286
05/31/2019,ROC,NY,AEA,CE,Combined TRACON& Tower with Radar,83,50,37,5,175,0,0,72,1,73,83,50,109,6,248,102,12,114,362
06/01/2019,ROC,NY,AEA,CE,Combined TRACON& Tower with Radar,66,40,18,0,124,0,0,39,3,42,66,40,57,3,166,12,0,12,178
06/02/2019,ROC,NY,AEA,CE,Combined TRACON& Tower with Radar,73,44,13,0,130,0,1,15,0,16,73,45,28,0,146,0,0,0,146
06/03/2019,ROC,NY,AEA,CE,Combined TRACON& Tower with Radar,88,52,24,0,164,0,0,19,5,24,88,52,43,5,188,30,0,30,218
06/04/2019,ROC,NY,AEA,CE,Combined TRACON& Tower with Radar,87,52,36,7,182,0,0,50,3,53,87,52,86,10,235,65,0,65,300
06/05/2019,ROC,NY,AEA,CE,Combined TRACON& Tower with Radar,84,48,14,2,148,0,0,9,0,9,84,48,23,2,157,34,0,34,191
06/06/2019,ROC,NY,AEA,CE,Combined TRACON& Tower with Radar,83,59,42,0,184,0,0,33,12,45,83,59,75,12,229,0,0,0,229
06/07/2019,ROC,NY,AEA,CE,Combined TRACON& Tower with Radar,80,57,32,3,172,0,5,79,9,93,80,62,111,12,265,84,0,84,349
06/08/2019,ROC,NY,AEA,CE,Combined TRACON& Tower with Radar,68,37,18,0,123,0,0,61,10,71,68,37,79,10,194,6,0,6,200
06/09/2019,ROC,NY,AEA,CE,Combined TRACON& Tower with Radar,76,40,34,1,151,0,0,76,7,83,76,40,110,8,234,14,0,14,248
06/10/2019,ROC,NY,AEA,CE,Combined TRACON& Tower with Radar,75,36,29,0,140,0,0,14,0,14,75,36,43,0,154,0,0,0,154
06/11/2019,ROC,NY,AEA,CE,Combined TRACON& Tower with Radar,88,46,30,0,164,0,0,41,6,47,88,46,71,6,211,37,0,37,248
06/12/2019,ROC,NY,AEA,CE,Combined TRACON& Tower with Radar,86,56,36,15,193,0,2,60,5,67,86,58,96,20,260,110,4,114,374
06/13/2019,ROC,NY,AEA,CE,Combined TRACON& Tower with Radar,83,53,27,5,168,0,0,6,0,6,83,53,33,5,174,22,0,22,196
06/14/2019,ROC,NY,AEA,CE,Combined TRACON& Tower with Radar,84,56,23,3,166,0,0,3,2,5,84,56,26,5,171,0,0,0,171
06/15/2019,ROC,NY,AEA,CE,Combined TRACON& Tower with Radar,72,25,13,0,110,0,0,19,1,20,72,25,32,1,130,0,0,0,130
06/16/2019,ROC,NY,AEA,CE,Combined TRACON& Tower with Radar,71,38,37,0,146,0,0,8,0,8,71,38,45,0,154,22,0,22,176
06/17/2019,ROC,NY,AEA,CE,Combined TRACON& Tower with Radar,78,44,21,3,146,0,0,37,3,40,78,44,58,6,186,88,0,88,274
06/18/2019,ROC,NY,AEA,CE,Combined TRACON& Tower with Radar,81,39,35,5,160,0,0,46,5,51,81,39,81,10,211,27,0,27,238
06/19/2019,ROC,NY,AEA,CE,Combined TRACON& Tower with Radar,83,57,45,2,187,0,0,58,4,62,83,57,103,6,249,64,6,70,319
06/20/2019,ROC,NY,AEA,CE,Combined TRACON& Tower with Radar,85,49,20,11,165,0,0,0,5,5,85,49,20,16,170,0,0,0,170
06/21/2019,ROC,NY,AEA,CE,Combined TRACON& Tower with Radar,88,50,29,0,167,0,3,30,2,35,88,53,59,2,202,58,0,58,260
06/22/2019,ROC,NY,AEA,CE,Combined TRACON& Tower with Radar,71,34,20,1,126,0,0,63,2,65,71,34,83,3,191,6,0,6,197
06/23/2019,ROC,NY,AEA,CE,Combined TRACON& Tower with Radar,67,44,23,0,134,0,0,69,1,70,67,44,92,1,204,77,0,77,281
06/24/2019,ROC,NY,AEA,CE,Combined TRACON& Tower with Radar,79,53,32,3,167,0,0,52,3,55,79,53,84,6,222,68,0,68,290
06/25/2019,ROC,NY,AEA,CE,Combined TRACON& Tower with Radar,95,57,34,2,188,0,0,10,7,17,95,57,44,9,205,8,0,8,213
06/26/2019,ROC,NY,AEA,CE,Combined TRACON& Tower with Radar,84,53,23,2,162,0,8,45,13,66,84,61,68,15,228,67,0,67,295
06/27/2019,ROC,NY,AEA,CE,Combined TRACON& Tower with Radar,75,58,57,5,195,0,14,77,5,96,75,72,134,10,291,44,4,48,339
06/28/2019,ROC,NY,AEA,CE,Combined TRACON& Tower with Radar,87,47,35,1,170,0,0,59,0,59,87,47,94,1,229,34,0,34,263
06/29/2019,ROC,NY,AEA,CE,Combined TRACON& Tower with Radar,67,29,13,0,109,0,1,27,0,28,67,30,40,0,137,6,0,6,143
06/30/2019,ROC,NY,AEA,CE,Combined TRACON& Tower with Radar,69,36,34,0,139,0,0,34,2,36,69,36,68,2,175,4,0,4,179
07/01/2019,ROC,NY,AEA,CE,Combined TRACON& Tower with Radar,76,35,32,2,145,0,11,60,3,74,76,46,92,5,219,18,4,22,241
07/02/2019,ROC,NY,AEA,CE,Combined TRACON& Tower with Radar,78,37,28,0,143,0,0,41,3,44,78,37,69,3,187,114,0,114,301
07/03/2019,ROC,NY,AEA,CE,Combined TRACON& Tower with Radar,80,35,33,2,150,0,0,62,1,63,80,35,95,3,213,84,0,84,297
07/04/2019,ROC,NY,AEA,CE,Combined TRACON& Tower with Radar,58,29,6,0,93,0,2,28,0,30,58,31,34,0,123,14,0,14,137
07/05/2019,ROC,NY,AEA,CE,Combined TRACON& Tower with Radar,66,42,11,0,119,0,0,9,0,9,66,42,20,0,128,3,0,3,131
07/06/2019,ROC,NY,AEA,CE,Combined TRACON& Tower with Radar,64,24,10,0,98,0,0,23,0,23,64,24,33,0,121,36,0,36,157
07/07/2019,ROC,NY,AEA,CE,Combined TRACON& Tower with Radar,72,41,32,0,145,0,0,48,1,49,72,41,80,1,194,22,0,22,216
07/08/2019,ROC,NY,AEA,CE,Combined TRACON& Tower with Radar,81,51,21,4,157,0,0,64,5,69,81,51,85,9,226,10,0,10,236
07/09/2019,ROC,NY,AEA,CE,Combined TRACON& Tower with Radar,94,45,35,0,174,0,0,70,6,76,94,45,105,6,250,34,9,43,293
07/10/2019,ROC,NY,AEA,CE,Combined TRACON& Tower with Radar,85,47,24,2,158,0,0,63,19,82,85,47,87,21,240,63,0,63,303
07/11/2019,ROC,NY,AEA,CE,Combined TRACON& Tower with Radar,87,39,36,0,162,0,0,36,8,44,87,39,72,8,206,6,4,10,216
07/12/2019,ROC,NY,AEA,CE,Combined TRACON& Tower with Radar,94,44,44,4,186,0,0,14,5,19,94,44,58,9,205,112,2,114,319
07/13/2019,ROC,NY,AEA,CE,Combined TRACON& Tower with Radar,76,38,20,0,134,0,0,57,2,59,76,38,77,2,193,28,0,28,221
07/14/2019,ROC,NY,AEA,CE,Combined TRACON& Tower with Radar,77,34,27,0,138,0,0,47,4,51,77,34,74,4,189,33,0,33,222
07/15/2019,ROC,NY,AEA,CE,Combined TRACON& Tower with Radar,88,40,26,7,161,0,0,55,6,61,88,40,81,13,222,39,0,39,261
07/16/2019,ROC,NY,AEA,CE,Combined TRACON& Tower with Radar,91,50,30,9,180,0,4,35,2,41,91,54,65,11,221,68,0,68,289
07/17/2019,ROC,NY,AEA,CE,Combined TRACON& Tower with Radar,83,34,25,2,144,0,0,3,2,5,83,34,28,4,149,0,0,0,149
07/18/2019,ROC,NY,AEA,CE,Combined TRACON& Tower with Radar,81,44,32,0,157,0,0,45,10,55,81,44,77,10,212,55,0,55,267
07/19/2019,ROC,NY,AEA,CE,Combined TRACON& Tower with Radar,83,56,26,2,167,0,0,25,7,32,83,56,51,9,199,28,0,28,227
07/20/2019,ROC,NY,AEA,CE,Combined TRACON& Tower with Radar,72,32,11,2,117,0,6,22,10,38,72,38,33,12,155,26,0,26,181
07/21/2019,ROC,NY,AEA,CE,Combined TRACON& Tower with Radar,76,35,15,2,128,0,0,20,7,27,76,35,35,9,155,39,0,39,194
07/22/2019,ROC,NY,AEA,CE,Combined TRACON& Tower with Radar,84,41,21,6,152,0,0,4,1,5,84,41,25,7,157,32,0,32,189
07/23/2019,ROC,NY,AEA,CE,Combined TRACON& Tower with Radar,92,57,26,0,175,0,0,58,4,62,92,57,84,4,237,59,0,59,296
07/24/2019,ROC,NY,AEA,CE,Combined TRACON& Tower with Radar,90,47,37,2,176,0,0,44,5,49,90,47,81,7,225,101,0,101,326
07/25/2019,ROC,NY,AEA,CE,Combined TRACON& Tower with Radar,89,43,41,2,175,0,1,54,6,61,89,44,95,8,236,49,0,49,285
07/26/2019,ROC,NY,AEA,CE,Combined TRACON& Tower with Radar,84,59,21,6,170,0,0,35,5,40,84,59,56,11,210,132,3,135,345
07/27/2019,ROC,NY,AEA,CE,Combined TRACON& Tower with Radar,73,43,33,2,151,0,1,58,3,62,73,44,91,5,213,62,0,62,275
07/28/2019,ROC,NY,AEA,CE,Combined TRACON& Tower with Radar,75,41,25,3,144,0,0,20,1,21,75,41,45,4,165,4,5,9,174
07/29/2019,ROC,NY,AEA,CE,Combined TRACON& Tower with Radar,81,42,31,1,155,0,0,37,2,39,81,42,68,3,194,86,0,86,280
07/30/2019,ROC,NY,AEA,CE,Combined TRACON& Tower with Radar,92,46,35,0,173,0,0,18,4,22,92,46,53,4,195,81,0,81,276
07/31/2019,ROC,NY,AEA,CE,Combined TRACON& Tower with Radar,89,32,39,6,166,0,2,77,4,83,89,34,116,10,249,28,0,28,277
08/01/2019,ROC,NY,AEA,CE,Combined TRACON& Tower with Radar,84,40,41,0,165,0,0,64,2,66,84,40,105,2,231,117,0,117,348
08/02/2019,ROC,NY,AEA,CE,Combined TRACON& Tower with Radar,90,43,28,0,161,0,3,59,5,67,90,46,87,5,228,52,0,52,280
08/03/2019,ROC,NY,AEA,CE,Combined TRACON& Tower with Radar,68,42,20,1,131,0,1,62,8,71,68,43,82,9,202,34,0,34,236
08/04/2019,ROC,NY,AEA,CE,Combined TRACON& Tower with Radar,78,32,31,0,141,0,0,39,1,40,78,32,70,1,181,19,0,19,200
08/05/2019,ROC,NY,AEA,CE,Combined TRACON& Tower with Radar,77,51,26,1,155,0,2,70,4,76,77,53,96,5,231,104,0,104,335
08/06/2019,ROC,NY,AEA,CE,Combined TRACON& Tower with Radar,87,45,34,1,167,0,0,24,1,25,87,45,58,2,192,70,0,70,262
08/07/2019,ROC,NY,AEA,CE,Combined TRACON& Tower with Radar,83,46,34,3,166,0,0,11,11,22,83,46,45,14,188,55,0,55,243
08/08/2019,ROC,NY,AEA,CE,Combined TRACON& Tower with Radar,90,41,32,3,166,0,1,17,3,21,90,42,49,6,187,21,0,21,208
08/09/2019,ROC,NY,AEA,CE,Combined TRACON& Tower with Radar,86,40,42,0,168,0,2,45,0,47,86,42,87,0,215,73,0,73,288
08/10/2019,ROC,NY,AEA,CE,Combined TRACON& Tower with Radar,67,41,14,0,122,0,4,56,0,60,67,45,70,0,182,33,0,33,215
08/11/2019,ROC,NY,AEA,CE,Combined TRACON& Tower with Radar,73,43,27,0,143,0,0,59,2,61,73,43,86,2,204,56,0,56,260
08/12/2019,ROC,NY,AEA,CE,Combined TRACON& Tower with Radar,83,43,32,7,165,0,0,45,2,47,83,43,77,9,212,87,0,87,299
08/13/2019,ROC,NY,AEA,CE,Combined TRACON& Tower with Radar,88,47,23,0,158,0,0,28,6,34,88,47,51,6,192,49,0,49,241
08/14/2019,ROC,NY,AEA,CE,Combined TRACON& Tower with Radar,88,48,46,1,183,0,0,68,9,77,88,48,114,10,260,98,0,98,358
08/15/2019,ROC,NY,AEA,CE,Combined TRACON& Tower with Radar,83,52,32,1,168,0,1,45,5,51,83,53,77,6,219,115,0,115,334
08/16/2019,ROC,NY,AEA,CE,Combined TRACON& Tower with Radar,89,52,20,1,162,0,2,49,4,55,89,54,69,5,217,35,0,35,252
08/17/2019,ROC,NY,AEA,CE,Combined TRACON& Tower with Radar,66,37,26,0,129,0,0,33,0,33,66,37,59,0,162,44,0,44,206
08/18/2019,ROC,NY,AEA,CE,Combined TRACON& Tower with Radar,68,44,30,0,142,0,2,39,3,44,68,46,69,3,186,23,0,23,209
08/19/2019,ROC,NY,AEA,CE,Combined TRACON& Tower with Radar,79,53,48,1,181,1,1,68,2,72,80,54,116,3,253,30,0,30,283
08/20/2019,ROC,NY,AEA,CE,Combined TRACON& Tower with Radar,84,41,46,3,174,0,0,88,7,95,84,41,134,10,269,32,0,32,301
08/21/2019,ROC,NY,AEA,CE,Combined TRACON& Tower with Radar,83,49,28,1,161,0,1,29,7,37,83,50,57,8,198,8,0,8,206
08/22/2019,ROC,NY,AEA,CE,Combined TRACON& Tower with Radar,73,47,36,7,163,0,1,54,3,58,73,48,90,10,221,4,7,11,232
08/23/2019,ROC,NY,AEA,CE,Combined TRACON& Tower with Radar,67,36,19,4,126,0,0,37,12,49,67,36,56,16,175,2,0,2,177
08/24/2019,ROC,NY,AEA,CE,Combined TRACON& Tower with Radar,66,30,11,0,107,0,0,32,10,42,66,30,43,10,149,0,0,0,149
08/25/2019,ROC,NY,AEA,CE,Combined TRACON& Tower with Radar,68,31,13,1,113,0,0,37,19,56,68,31,50,20,169,0,0,0,169
08/26/2019,ROC,NY,AEA,CE,Combined TRACON& Tower with Radar,72,40,34,9,155,0,0,72,4,76,72,40,106,13,231,4,0,4,235
08/27/2019,ROC,NY,AEA,CE,Combined TRACON& Tower with Radar,86,44,29,3,162,0,1,32,8,41,86,45,61,11,203,13,0,13,216
08/28/2019,ROC,NY,AEA,CE,Combined TRACON& Tower with Radar,80,49,41,0,170,0,0,38,9,47,80,49,79,9,217,66,0,66,283
08/29/2019,ROC,NY,AEA,CE,Combined TRACON& Tower with Radar,84,53,40,0,177,0,0,50,0,50,84,53,90,0,227,101,0,101,328
08/30/2019,ROC,NY,AEA,CE,Combined TRACON& Tower with Radar,83,52,32,7,174,0,0,34,5,39,83,52,66,12,213,38,0,38,251
08/31/2019,ROC,NY,AEA,CE,Combined TRACON& Tower with Radar,64,31,14,0,109,0,1,63,2,66,64,32,77,2,175,39,0,39,214
09/01/2019,ROC,NY,AEA,CE,Combined TRACON& Tower with Radar,61,25,21,0,107,0,0,35,0,35,61,25,56,0,142,26,0,26,168
09/02/2019,ROC,NY,AEA,CE,Combined TRACON& Tower with Radar,72,34,31,0,137,0,1,17,0,18,72,35,48,0,155,30,0,30,185
09/03/2019,ROC,NY,AEA,CE,Combined TRACON& Tower with Radar,75,45,31,1,152,0,1,41,3,45,75,46,72,4,197,141,0,141,338
09/04/2019,ROC,NY,AEA,CE,Combined TRACON& Tower with Radar,84,55,32,2,173,0,0,41,10,51,84,55,73,12,224,19,0,19,243
09/05/2019,ROC,NY,AEA,CE,Combined TRACON& Tower with Radar,78,59,41,4,182,0,1,62,10,73,78,60,103,14,255,46,0,46,301
09/06/2019,ROC,NY,AEA,CE,Combined TRACON& Tower with Radar,73,52,28,0,153,0,0,75,7,82,73,52,103,7,235,52,0,52,287
09/07/2019,ROC,NY,AEA,CE,Combined TRACON& Tower with Radar,60,39,20,3,122,0,1,44,6,51,60,40,64,9,173,39,0,39,212
09/08/2019,ROC,NY,AEA,CE,Combined TRACON& Tower with Radar,67,55,27,0,149,0,0,27,2,29,67,55,54,2,178,9,0,9,187
09/09/2019,ROC,NY,AEA,CE,Combined TRACON& Tower with Radar,77,46,20,2,145,0,4,45,1,50,77,50,65,3,195,140,0,140,335
09/10/2019,ROC,NY,AEA,CE,Combined TRACON& Tower with Radar,82,51,27,2,162,0,0,58,5,63,82,51,85,7,225,45,0,45,270
09/11/2019,ROC,NY,AEA,CE,Combined TRACON& Tower with Radar,80,46,19,3,148,0,1,14,10,25,80,47,33,13,173,105,0,105,278
09/12/2019,ROC,NY,AEA,CE,Combined TRACON& Tower with Radar,78,61,32,2,173,0,0,14,0,14,78,61,46,2,187,24,0,24,211
09/13/2019,ROC,NY,AEA,CE,Combined TRACON& Tower with Radar,83,56,28,4,171,0,0,24,3,27,83,56,52,7,198,10,0,10,208
09/14/2019,ROC,NY,AEA,CE,Combined TRACON& Tower with Radar,62,37,12,1,112,0,0,25,2,27,62,37,37,3,139,2,0,2,141
09/15/2019,ROC,NY,AEA,CE,Combined TRACON& Tower with Radar,73,44,34,0,151,0,0,18,0,18,73,44,52,0,169,33,0,33,202
09/16/2019,ROC,NY,AEA,CE,Combined TRACON& Tower with Radar,79,46,16,0,141,0,0,39,0,39,79,46,55,0,180,49,0,49,229
09/17/2019,ROC,NY,AEA,CE,Combined TRACON& Tower with Radar,81,51,38,0,170,0,2,82,1,85,81,53,120,1,255,36,0,36,291
09/18/2019,ROC,NY,AEA,CE,Combined TRACON& Tower with Radar,82,46,43,0,171,0,0,77,0,77,82,46,120,0,248,140,0,140,388
09/19/2019,ROC,NY,AEA,CE,Combined TRACON& Tower with Radar,82,49,36,5,172,0,2,81,1,84,82,51,117,6,256,56,0,56,312
09/20/2019,ROC,NY,AEA,CE,Combined TRACON& Tower with Radar,84,47,29,0,160,0,0,64,1,65,84,47,93,1,225,34,0,34,259
09/21/2019,ROC,NY,AEA,CE,Combined TRACON& Tower with Radar,60,40,15,0,115,0,2,58,2,62,60,42,73,2,177,24,0,24,201
09/22/2019,ROC,NY,AEA,CE,Combined TRACON& Tower with Radar,68,39,30,0,137,0,1,64,1,66,68,40,94,1,203,18,0,18,221
09/23/2019,ROC,NY,AEA,CE,Combined TRACON& Tower with Radar,81,37,30,0,148,0,1,5,1,7,81,38,35,1,155,2,0,2,157
09/24/2019,ROC,NY,AEA,CE,Combined TRACON& Tower with Radar,80,54,50,0,184,0,0,39,2,41,80,54,89,2,225,4,0,4,229
09/25/2019,ROC,NY,AEA,CE,Combined TRACON& Tower with Radar,84,52,45,2,183,0,2,43,1,46,84,54,88,3,229,48,0,48,277
09/26/2019,ROC,NY,AEA,CE,Combined TRACON& Tower with Radar,81,47,20,3,151,0,0,6,1,7,81,47,26,4,158,16,0,16,174
09/27/2019,ROC,NY,AEA,CE,Combined TRACON& Tower with Radar,73,54,47,0,174,0,2,72,3,77,73,56,119,3,251,44,0,44,295
09/28/2019,ROC,NY,AEA,CE,Combined TRACON& Tower with Radar,58,37,16,0,111,0,0,23,3,26,58,37,39,3,137,30,0,30,167
09/29/2019,ROC,NY,AEA,CE,Combined TRACON& Tower with Radar,68,42,32,0,142,0,0,36,1,37,68,42,68,1,179,104,0,104,283
09/30/2019,ROC,NY,AEA,CE,Combined TRACON& Tower with Radar,78,40,38,0,156,0,1,36,1,38,78,41,74,1,194,74,0,74,268
10/01/2019,ROC,NY,AEA,CE,Combined TRACON& Tower with Radar,85,46,26,0,157,0,1,21,1,23,85,47,47,1,180,6,0,6,186
10/02/2019,ROC,NY,AEA,CE,Combined TRACON& Tower with Radar,80,54,26,2,162,0,0,0,0,0,80,54,26,2,162,0,0,0,162
10/03/2019,ROC,NY,AEA,CE,Combined TRACON& Tower with Radar,86,53,31,2,172,0,0,0,0,0,86,53,31,2,172,0,0,0,172
10/04/2019,ROC,NY,AEA,CE,Combined TRACON& Tower with Radar,77,56,23,2,158,1,0,23,2,26,78,56,46,4,184,131,0,131,315
10/05/2019,ROC,NY,AEA,CE,Combined TRACON& Tower with Radar,64,41,27,0,132,0,0,91,1,92,64,41,118,1,224,13,0,13,237
10/06/2019,ROC,NY,AEA,CE,Combined TRACON& Tower with Radar,71,42,20,0,133,0,1,24,0,25,71,43,44,0,158,48,0,48,206
10/07/2019,ROC,NY,AEA,CE,Combined TRACON& Tower with Radar,74,51,42,2,169,0,0,33,0,33,74,51,75,2,202,22,0,22,224
10/08/2019,ROC,NY,AEA,CE,Combined TRACON& Tower with Radar,79,57,41,1,178,0,2,56,3,61,79,59,97,4,239,98,0,98,337
10/09/2019,ROC,NY,AEA,CE,Combined TRACON& Tower with Radar,79,57,39,10,185,0,1,60,9,70,79,58,99,19,255,94,0,94,349
10/10/2019,ROC,NY,AEA,CE,Combined TRACON& Tower with Radar,80,64,33,2,179,0,1,61,4,66,80,65,94,6,245,73,0,73,318
10/11/2019,ROC,NY,AEA,CE,Combined TRACON& Tower with Radar,78,55,30,0,163,0,0,45,1,46,78,55,75,1,209,22,0,22,231
10/12/2019,ROC,NY,AEA,CE,Combined TRACON& Tower with Radar,60,40,19,0,119,0,0,6,2,8,60,40,25,2,127,24,0,24,151
10/13/2019,ROC,NY,AEA,CE,Combined TRACON& Tower with Radar,73,46,27,0,146,0,0,49,2,51,73,46,76,2,197,48,0,48,245
10/14/2019,ROC,NY,AEA,CE,Combined TRACON& Tower with Radar,73,54,24,0,151,0,0,41,0,41,73,54,65,0,192,30,0,30,222
10/15/2019,ROC,NY,AEA,CE,Combined TRACON& Tower with Radar,82,57,31,1,171,0,1,63,8,72,82,58,94,9,243,20,0,20,263
10/16/2019,ROC,NY,AEA,CE,Combined TRACON& Tower with Radar,78,56,20,0,154,0,1,0,7,8,78,57,20,7,162,0,0,0,162
10/17/2019,ROC,NY,AEA,CE,Combined TRACON& Tower with Radar,73,59,20,0,152,0,0,3,0,3,73,59,23,0,155,0,0,0,155
10/18/2019,ROC,NY,AEA,CE,Combined TRACON& Tower with Radar,73,55,36,4,168,0,2,31,4,37,73,57,67,8,205,87,0,87,292
10/19/2019,ROC,NY,AEA,CE,Combined TRACON& Tower with Radar,61,44,20,2,127,0,3,73,4,80,61,47,93,6,207,24,0,24,231
10/20/2019,ROC,NY,AEA,CE,Combined TRACON& Tower with Radar,69,42,27,0,138,0,2,41,4,47,69,44,68,4,185,50,0,50,235
10/21/2019,ROC,NY,AEA,CE,Combined TRACON& Tower with Radar,76,56,35,4,171,0,1,35,2,38,76,57,70,6,209,86,0,86,295
10/22/2019,ROC,NY,AEA,CE,Combined TRACON& Tower with Radar,78,54,33,1,166,0,0,0,10,10,78,54,33,11,176,0,2,2,178
10/23/2019,ROC,NY,AEA,CE,Combined TRACON& Tower with Radar,80,64,29,9,182,0,1,14,6,21,80,65,43,15,203,18,0,18,221
10/24/2019,ROC,NY,AEA,CE,Combined TRACON& Tower with Radar,77,58,34,0,169,0,5,24,2,31,77,63,58,2,200,3,0,3,203
10/25/2019,ROC,NY,AEA,CE,Combined TRACON& Tower with Radar,82,58,35,0,175,0,0,49,2,51,82,58,84,2,226,73,0,73,299
10/26/2019,ROC,NY,AEA,CE,Combined TRACON& Tower with Radar,61,42,28,0,131,0,1,44,3,48,61,43,72,3,179,49,0,49,228
10/27/2019,ROC,NY,AEA,CE,Combined TRACON& Tower with Radar,67,42,21,0,130,0,0,1,0,1,67,42,22,0,131,0,0,0,131
10/28/2019,ROC,NY,AEA,CE,Combined TRACON& Tower with Radar,74,53,21,0,148,0,0,51,0,51,74,53,72,0,199,47,0,47,246
10/29/2019,ROC,NY,AEA,CE,Combined TRACON& Tower with Radar,80,49,33,3,165,0,1,42,0,43,80,50,75,3,208,113,0,113,321
10/30/2019,ROC,NY,AEA,CE,Combined TRACON& Tower with Radar,78,53,38,6,175,0,0,3,0,3,78,53,41,6,178,50,0,50,228
10/31/2019,ROC,NY,AEA,CE,Combined TRACON& Tower with Radar,68,31,16,0,115,0,0,1,0,1,68,31,17,0,116,29,0,29,145
11/01/2019,ROC,NY,AEA,CE,Combined TRACON& Tower with Radar,80,43,18,0,141,0,0,4,2,6,80,43,22,2,147,5,0,5,152
11/02/2019,ROC,NY,AEA,CE,Combined TRACON& Tower with Radar,54,46,20,1,121,0,0,55,4,59,54,46,75,5,180,45,0,45,225
11/03/2019,ROC,NY,AEA,CE,Combined TRACON& Tower with Radar,65,46,19,0,130,0,0,18,5,23,65,46,37,5,153,10,0,10,163
11/04/2019,ROC,NY,AEA,CE,Combined TRACON& Tower with Radar,77,64,22,0,163,0,0,18,4,22,77,64,40,4,185,0,0,0,185
11/05/2019,ROC,NY,AEA,CE,Combined TRACON& Tower with Radar,76,55,32,1,164,0,1,20,5,26,76,56,52,6,190,17,0,17,207
11/06/2019,ROC,NY,AEA,CE,Combined TRACON& Tower with Radar,83,55,23,3,164,0,0,52,9,61,83,55,75,12,225,58,0,58,283
11/07/2019,ROC,NY,AEA,CE,Combined TRACON& Tower with Radar,81,54,26,4,165,0,0,0,0,0,81,54,26,4,165,0,0,0,165
11/08/2019,ROC,NY,AEA,CE,Combined TRACON& Tower with Radar,79,53,28,0,160,0,2,28,3,33,79,55,56,3,193,0,0,0,193
11/09/2019,ROC,NY,AEA,CE,Combined TRACON& Tower with Radar,57,43,11,0,111,0,1,47,2,50,57,44,58,2,161,29,0,29,190
11/10/2019,ROC,NY,AEA,CE,Combined TRACON& Tower with Radar,67,54,13,0,134,0,0,10,0,10,67,54,23,0,144,32,0,32,176
11/11/2019,ROC,NY,AEA,CE,Combined TRACON& Tower with Radar,61,46,10,0,117,0,0,0,0,0,61,46,10,0,117,0,0,0,117
11/12/2019,ROC,NY,AEA,CE,Combined TRACON& Tower with Radar,84,47,15,0,146,0,0,0,0,0,84,47,15,0,146,0,0,0,146
11/13/2019,ROC,NY,AEA,CE,Combined TRACON& Tower with Radar,86,65,26,2,179,0,1,12,5,18,86,66,38,7,197,2,0,2,199
11/14/2019,ROC,NY,AEA,CE,Combined TRACON& Tower with Radar,86,55,28,1,170,0,0,26,1,27,86,55,54,2,197,32,0,32,229
11/15/2019,ROC,NY,AEA,CE,Combined TRACON& Tower with Radar,80,47,16,0,143,0,0,14,1,15,80,47,30,1,158,41,0,41,199
11/16/2019,ROC,NY,AEA,CE,Combined TRACON& Tower with Radar,55,49,13,0,117,0,5,66,2,73,55,54,79,2,190,33,0,33,223
11/17/2019,ROC,NY,AEA,CE,Combined TRACON& Tower with Radar,68,42,28,1,139,0,4,37,3,44,68,46,65,4,183,17,0,17,200
11/18/2019,ROC,NY,AEA,CE,Combined TRACON& Tower with Radar,75,52,39,8,174,0,0,48,1,49,75,52,87,9,223,37,0,37,260
11/19/2019,ROC,NY,AEA,CE,Combined TRACON& Tower with Radar,84,54,32,2,172,0,0,10,9,19,84,54,42,11,191,106,0,106,297
11/20/2019,ROC,NY,AEA,CE,Combined TRACON& Tower with Radar,81,53,27,0,161,0,4,1,5,10,81,57,28,5,171,54,0,54,225
11/21/2019,ROC,NY,AEA,CE,Combined TRACON& Tower with Radar,85,47,34,4,170,0,1,38,5,44,85,48,72,9,214,119,0,119,333
11/22/2019,ROC,NY,AEA,CE,Combined TRACON& Tower with Radar,80,59,16,1,156,0,0,2,1,3,80,59,18,2,159,0,0,0,159
11/23/2019,ROC,NY,AEA,CE,Combined TRACON& Tower with Radar,69,45,27,0,141,0,0,53,4,57,69,45,80,4,198,102,0,102,300
11/24/2019,ROC,NY,AEA,CE,Combined TRACON& Tower with Radar,64,55,21,0,140,0,0,34,0,34,64,55,55,0,174,67,0,67,241
11/25/2019,ROC,NY,AEA,CE,Combined TRACON& Tower with Radar,74,59,41,0,174,0,7,36,12,55,74,66,77,12,229,131,2,133,362
11/26/2019,ROC,NY,AEA,CE,Combined TRACON& Tower with Radar,84,60,41,2,187,0,2,54,3,59,84,62,95,5,246,88,0,88,334
11/27/2019,ROC,NY,AEA,CE,Combined TRACON& Tower with Radar,89,52,16,0,157,0,0,1,0,1,89,52,17,0,158,6,0,6,164
11/28/2019,ROC,NY,AEA,CE,Combined TRACON& Tower with Radar,45,27,3,0,75,0,0,1,0,1,45,27,4,0,76,0,0,0,76
11/29/2019,ROC,NY,AEA,CE,Combined TRACON& Tower with Radar,61,27,17,0,105,0,1,0,0,1,61,28,17,0,106,29,0,29,135
11/30/2019,ROC,NY,AEA,CE,Combined TRACON& Tower with Radar,80,49,19,0,148,0,1,27,0,28,80,50,46,0,176,88,0,88,264
12/01/2019,ROC,NY,AEA,CE,Combined TRACON& Tower with Radar,73,32,14,0,119,0,0,0,0,0,73,32,14,0,119,0,0,0,119
12/02/2019,ROC,NY,AEA,CE,Combined TRACON& Tower with Radar,81,47,13,0,141,0,0,0,0,0,81,47,13,0,141,0,0,0,141
12/03/2019,ROC,NY,AEA,CE,Combined TRACON& Tower with Radar,83,52,47,0,182,0,2,36,2,40,83,54,83,2,222,18,0,18,240
12/04/2019,ROC,NY,AEA,CE,Combined TRACON& Tower with Radar,82,53,28,0,163,0,0,1,2,3,82,53,29,2,166,0,0,0,166
12/05/2019,ROC,NY,AEA,CE,Combined TRACON& Tower with Radar,87,50,21,4,162,0,0,2,11,13,87,50,23,15,175,0,0,0,175
12/06/2019,ROC,NY,AEA,CE,Combined TRACON& Tower with Radar,84,53,23,0,160,0,2,0,0,2,84,55,23,0,162,0,0,0,162
12/07/2019,ROC,NY,AEA,CE,Combined TRACON& Tower with Radar,60,41,21,0,122,0,0,48,0,48,60,41,69,0,170,18,0,18,188
12/08/2019,ROC,NY,AEA,CE,Combined TRACON& Tower with Radar,68,46,21,0,135,0,0,16,5,21,68,46,37,5,156,14,0,14,170
12/09/2019,ROC,NY,AEA,CE,Combined TRACON& Tower with Radar,76,44,9,1,130,0,1,3,3,7,76,45,12,4,137,50,0,50,187
12/10/2019,ROC,NY,AEA,CE,Combined TRACON& Tower with Radar,84,52,25,0,161,0,0,2,0,2,84,52,27,0,163,29,0,29,192
12/11/2019,ROC,NY,AEA,CE,Combined TRACON& Tower with Radar,84,53,17,0,154,0,0,3,4,7,84,53,20,4,161,20,4,24,185
12/12/2019,ROC,NY,AEA,CE,Combined TRACON& Tower with Radar,90,46,31,0,167,0,0,50,4,54,90,46,81,4,221,50,2,52,273
12/13/2019,ROC,NY,AEA,CE,Combined TRACON& Tower with Radar,79,50,30,0,159,0,0,45,3,48,79,50,75,3,207,16,0,16,223
12/14/2019,ROC,NY,AEA,CE,Combined TRACON& Tower with Radar,61,40,7,0,108,0,0,0,0,0,61,40,7,0,108,0,0,0,108
12/15/2019,ROC,NY,AEA,CE,Combined TRACON& Tower with Radar,68,50,16,0,134,0,0,2,0,2,68,50,18,0,136,0,0,0,136
12/16/2019,ROC,NY,AEA,CE,Combined TRACON& Tower with Radar,79,44,28,0,151,0,0,52,2,54,79,44,80,2,205,90,0,90,295
12/17/2019,ROC,NY,AEA,CE,Combined TRACON& Tower with Radar,83,41,16,0,140,0,0,1,0,1,83,41,17,0,141,0,0,0,141
12/18/2019,ROC,NY,AEA,CE,Combined TRACON& Tower with Radar,82,55,25,0,162,0,0,0,0,0,82,55,25,0,162,0,0,0,162
12/19/2019,ROC,NY,AEA,CE,Combined TRACON& Tower with Radar,82,51,28,1,162,0,0,8,5,13,82,51,36,6,175,20,2,22,197
12/20/2019,ROC,NY,AEA,CE,Combined TRACON& Tower with Radar,75,62,16,0,153,0,3,36,1,40,75,65,52,1,193,20,0,20,213
12/21/2019,ROC,NY,AEA,CE,Combined TRACON& Tower with Radar,72,49,30,0,151,0,0,36,0,36,72,49,66,0,187,98,0,98,285
12/22/2019,ROC,NY,AEA,CE,Combined TRACON& Tower with Radar,67,44,15,0,126,0,1,44,0,45,67,45,59,0,171,34,0,34,205
12/23/2019,ROC,NY,AEA,CE,Combined TRACON& Tower with Radar,70,52,17,2,141,0,3,40,4,47,70,55,57,6,188,32,0,32,220
12/24/2019,ROC,NY,AEA,CE,Combined TRACON& Tower with Radar,60,36,15,0,111,0,1,13,0,14,60,37,28,0,125,48,0,48,173
12/25/2019,ROC,NY,AEA,CE,Combined TRACON& Tower with Radar,46,27,8,0,81,0,0,10,1,11,46,27,18,1,92,0,0,0,92
12/26/2019,ROC,NY,AEA,CE,Combined TRACON& Tower with Radar,73,53,24,0,150,0,0,16,0,16,73,53,40,0,166,28,0,28,194
12/27/2019,ROC,NY,AEA,CE,Combined TRACON& Tower with Radar,71,53,23,0,147,0,1,2,1,4,71,54,25,1,151,12,0,12,163
12/28/2019,ROC,NY,AEA,CE,Combined TRACON& Tower with Radar,72,42,23,0,137,0,1,31,1,33,72,43,54,1,170,56,0,56,226
12/29/2019,ROC,NY,AEA,CE,Combined TRACON& Tower with Radar,67,46,12,0,125,0,0,8,0,8,67,46,20,0,133,7,0,7,140
12/30/2019,ROC,NY,AEA,CE,Combined TRACON& Tower with Radar,64,42,6,0,112,0,0,1,0,1,64,42,7,0,113,0,0,0,113
12/31/2019,ROC,NY,AEA,CE,Combined TRACON& Tower with Radar,68,39,5,0,112,0,0,0,0,0,68,39,5,0,112,0,0,0,112
01/01/2020,ROC,NY,AEA,CE,Combined TRACON& Tower with Radar,53,34,8,0,95,0,0,0,0,0,53,34,8,0,95,0,0,0,95
01/02/2020,ROC,NY,AEA,CE,Combined TRACON& Tower with Radar,76,46,21,3,146,0,0,40,8,48,76,46,61,11,194,17,0,17,211
01/03/2020,ROC,NY,AEA,CE,Combined TRACON& Tower with Radar,67,52,11,0,130,0,0,6,3,9,67,52,17,3,139,52,0,52,191
01/04/2020,ROC,NY,AEA,CE,Combined TRACON& Tower with Radar,60,33,13,0,106,0,0,0,0,0,60,33,13,0,106,0,0,0,106
01/05/2020,ROC,NY,AEA,CE,Combined TRACON& Tower with Radar,63,39,11,0,113,0,2,1,0,3,63,41,12,0,116,16,0,16,132
01/06/2020,ROC,NY,AEA,CE,Combined TRACON& Tower with Radar,63,56,12,0,131,0,0,3,0,3,63,56,15,0,134,0,0,0,134
01/07/2020,ROC,NY,AEA,CE,Combined TRACON& Tower with Radar,69,48,27,2,146,0,3,36,6,45,69,51,63,8,191,66,0,66,257
01/08/2020,ROC,NY,AEA,CE,Combined TRACON& Tower with Radar,73,51,17,0,141,0,0,0,0,0,73,51,17,0,141,0,0,0,141
01/09/2020,ROC,NY,AEA,CE,Combined TRACON& Tower with Radar,74,50,21,1,146,0,2,45,4,51,74,52,66,5,197,51,1,52,249
01/10/2020,ROC,NY,AEA,CE,Combined TRACON& Tower with Radar,69,48,20,0,137,0,0,2,0,2,69,48,22,0,139,20,0,20,159
01/11/2020,ROC,NY,AEA,CE,Combined TRACON& Tower with Radar,63,40,14,0,117,0,0,0,0,0,63,40,14,0,117,0,0,0,117
01/12/2020,ROC,NY,AEA,CE,Combined TRACON& Tower with Radar,58,42,11,0,111,0,0,0,2,2,58,42,11,2,113,0,0,0,113
01/13/2020,ROC,NY,AEA,CE,Combined TRACON& Tower with Radar,69,54,20,0,143,0,1,3,4,8,69,55,23,4,151,49,23,72,223
01/14/2020,ROC,NY,AEA,CE,Combined TRACON& Tower with Radar,72,52,29,3,156,0,0,20,4,24,72,52,49,7,180,36,14,50,230
01/15/2020,ROC,NY,AEA,CE,Combined TRACON& Tower with Radar,75,48,23,1,147,0,2,41,13,56,75,50,64,14,203,35,0,35,238
01/16/2020,ROC,NY,AEA,CE,Combined TRACON& Tower with Radar,70,54,15,0,139,0,0,0,0,0,70,54,15,0,139,0,0,0,139
01/17/2020,ROC,NY,AEA,CE,Combined TRACON& Tower with Radar,69,48,22,0,139,0,4,10,0,14,69,52,32,0,153,0,0,0,153
01/18/2020,ROC,NY,AEA,CE,Combined TRACON& Tower with Radar,56,30,3,0,89,0,0,3,0,3,56,30,6,0,92,0,0,0,92
01/19/2020,ROC,NY,AEA,CE,Combined TRACON& Tower with Radar,59,33,8,0,100,0,0,0,0,0,59,33,8,0,100,0,0,0,100
01/20/2020,ROC,NY,AEA,CE,Combined TRACON& Tower with Radar,60,47,12,0,119,0,1,26,0,27,60,48,38,0,146,42,0,42,188
01/21/2020,ROC,NY,AEA,CE,Combined TRACON& Tower with Radar,77,44,19,2,142,0,0,28,11,39,77,44,47,13,181,0,0,0,181
01/22/2020,ROC,NY,AEA,CE,Combined TRACON& Tower with Radar,77,53,27,4,161,0,0,32,14,46,77,53,59,18,207,72,0,72,279
01/23/2020,ROC,NY,AEA,CE,Combined TRACON& Tower with Radar,74,56,27,6,163,0,0,42,4,46,74,56,69,10,209,98,6,104,313
01/24/2020,ROC,NY,AEA,CE,Combined TRACON& Tower with Radar,69,50,19,0,138,0,4,31,1,36,69,54,50,1,174,61,0,61,235
01/25/2020,ROC,NY,AEA,CE,Combined TRACON& Tower with Radar,66,30,9,0,105,0,0,2,0,2,66,30,11,0,107,0,0,0,107
01/26/2020,ROC,NY,AEA,CE,Combined TRACON& Tower with Radar,60,43,11,0,114,0,0,0,0,0,60,43,11,0,114,0,0,0,114
01/27/2020,ROC,NY,AEA,CE,Combined TRACON& Tower with Radar,67,47,20,0,134,0,0,0,0,0,67,47,20,0,134,0,0,0,134
01/28/2020,ROC,NY,AEA,CE,Combined TRACON& Tower with Radar,73,49,17,0,139,0,0,0,0,0,73,49,17,0,139,0,0,0,139
01/29/2020,ROC,NY,AEA,CE,Combined TRACON& Tower with Radar,71,51,31,0,153,0,0,6,3,9,71,51,37,3,162,21,0,21,183
01/30/2020,ROC,NY,AEA,CE,Combined TRACON& Tower with Radar,74,50,31,4,159,0,4,46,10,60,74,54,77,14,219,39,9,48,267
01/31/2020,ROC,NY,AEA,CE,Combined TRACON& Tower with Radar,71,50,24,2,147,0,7,22,6,35,71,57,46,8,182,68,0,68,250
02/01/2020,ROC,NY,AEA,CE,Combined TRACON& Tower with Radar,64,26,14,0,104,0,0,15,0,15,64,26,29,0,119,39,0,39,158
02/02/2020,ROC,NY,AEA,CE,Combined TRACON& Tower with Radar,58,43,9,0,110,0,0,1,0,1,58,43,10,0,111,0,0,0,111
02/03/2020,ROC,NY,AEA,CE,Combined TRACON& Tower with Radar,67,54,31,1,153,0,2,25,6,33,67,56,56,7,186,30,0,30,216
02/04/2020,ROC,NY,AEA,CE,Combined TRACON& Tower with Radar,75,51,26,0,152,0,0,5,4,9,75,51,31,4,161,0,0,0,161
02/05/2020,ROC,NY,AEA,CE,Combined TRACON& Tower with Radar,71,51,27,3,152,0,0,8,8,16,71,51,35,11,168,102,16,118,286
02/06/2020,ROC,NY,AEA,CE,Combined TRACON& Tower with Radar,66,44,9,0,119,0,0,0,0,0,66,44,9,0,119,0,0,0,119
02/07/2020,ROC,NY,AEA,CE,Combined TRACON& Tower with Radar,59,34,5,0,98,0,0,0,0,0,59,34,5,0,98,0,0,0,98
02/08/2020,ROC,NY,AEA,CE,Combined TRACON& Tower with Radar,69,41,6,2,118,0,0,3,1,4,69,41,9,3,122,0,0,0,122
02/09/2020,ROC,NY,AEA,CE,Combined TRACON& Tower with Radar,58,45,9,2,114,0,0,12,1,13,58,45,21,3,127,26,0,26,153
02/10/2020,ROC,NY,AEA,CE,Combined TRACON& Tower with Radar,72,54,14,0,140,0,0,4,0,4,72,54,18,0,144,0,0,0,144
02/11/2020,ROC,NY,AEA,CE,Combined TRACON& Tower with Radar,73,54,18,0,145,0,2,20,4,26,73,56,38,4,171,66,0,66,237
02/12/2020,ROC,NY,AEA,CE,Combined TRACON& Tower with Radar,71,52,31,0,154,0,0,49,13,62,71,52,80,13,216,47,2,49,265
02/13/2020,ROC,NY,AEA,CE,Combined TRACON& Tower with Radar,69,51,14,0,134,0,0,0,0,0,69,51,14,0,134,0,0,0,134
02/14/2020,ROC,NY,AEA,CE,Combined TRACON& Tower with Radar,76,58,27,0,161,0,1,20,4,25,76,59,47,4,186,8,0,8,194
02/15/2020,ROC,NY,AEA,CE,Combined TRACON& Tower with Radar,65,50,31,0,146,0,1,58,0,59,65,51,89,0,205,72,0,72,277
02/16/2020,ROC,NY,AEA,CE,Combined TRACON& Tower with Radar,54,41,9,0,104,0,0,3,0,3,54,41,12,0,107,10,0,10,117
02/17/2020,ROC,NY,AEA,CE,Combined TRACON& Tower with Radar,64,50,13,0,127,0,0,40,1,41,64,50,53,1,168,48,0,48,216
02/18/2020,ROC,NY,AEA,CE,Combined TRACON& Tower with Radar,74,48,19,1,142,0,0,0,7,7,74,48,19,8,149,0,0,0,149
02/19/2020,ROC,NY,AEA,CE,Combined TRACON& Tower with Radar,77,50,18,1,146,0,2,1,8,11,77,52,19,9,157,20,0,20,177
02/20/2020,ROC,NY,AEA,CE,Combined TRACON& Tower with Radar,69,56,19,2,146,0,0,5,6,11,69,56,24,8,157,0,0,0,157
02/21/2020,ROC,NY,AEA,CE,Combined TRACON& Tower with Radar,73,51,41,0,165,0,2,45,2,49,73,53,86,2,214,76,0,76,290
02/22/2020,ROC,NY,AEA,CE,Combined TRACON& Tower with Radar,70,44,22,0,136,0,0,36,1,37,70,44,58,1,173,14,0,14,187
02/23/2020,ROC,NY,AEA,CE,Combined TRACON& Tower with Radar,62,47,34,0,143,0,1,53,2,56,62,48,87,2,199,47,0,47,246
02/24/2020,ROC,NY,AEA,CE,Combined TRACON& Tower with Radar,71,53,26,2,152,0,4,59,4,67,71,57,85,6,219,76,0,76,295
02/25/2020,ROC,NY,AEA,CE,Combined TRACON& Tower with Radar,77,55,12,4,148,0,0,0,0,0,77,55,12,4,148,0,0,0,148
02/26/2020,ROC,NY,AEA,CE,Combined TRACON& Tower with Radar,75,56,21,0,152,0,0,0,0,0,75,56,21,0,152,0,0,0,152
02/27/2020,ROC,NY,AEA,CE,Combined TRACON& Tower with Radar,60,47,8,1,116,0,0,0,1,1,60,47,8,2,117,0,0,0,117
02/28/2020,ROC,NY,AEA,CE,Combined TRACON& Tower with Radar,71,58,15,0,144,0,0,0,0,0,71,58,15,0,144,0,0,0,144
02/29/2020,ROC,NY,AEA,CE,Combined TRACON& Tower with Radar,64,43,3,0,110,0,0,0,0,0,64,43,3,0,110,0,0,0,110
03/01/2020,ROC,NY,AEA,CE,Combined TRACON& Tower with Radar,69,41,24,0,134,0,1,35,1,37,69,42,59,1,171,72,0,72,243
03/02/2020,ROC,NY,AEA,CE,Combined TRACON& Tower with Radar,67,54,15,6,142,0,1,5,6,12,67,55,20,12,154,0,0,0,154
03/03/2020,ROC,NY,AEA,CE,Combined TRACON& Tower with Radar,77,50,23,1,151,0,0,3,3,6,77,50,26,4,157,0,0,0,157
03/04/2020,ROC,NY,AEA,CE,Combined TRACON& Tower with Radar,76,57,13,0,146,0,2,16,9,27,76,59,29,9,173,14,0,14,187
03/05/2020,ROC,NY,AEA,CE,Combined TRACON& Tower with Radar,72,49,32,1,154,0,1,44,16,61,72,50,76,17,215,21,0,21,236
03/06/2020,ROC,NY,AEA,CE,Combined TRACON& Tower with Radar,73,48,20,1,142,0,0,8,1,9,73,48,28,2,151,23,17,40,191
03/07/2020,ROC,NY,AEA,CE,Combined TRACON& Tower with Radar,59,37,31,1,128,0,0,53,9,62,59,37,84,10,190,39,3,42,232
03/08/2020,ROC,NY,AEA,CE,Combined TRACON& Tower with Radar,61,47,39,0,147,0,0,44,1,45,61,47,83,1,192,89,0,89,281
03/09/2020,ROC,NY,AEA,CE,Combined TRACON& Tower with Radar,72,46,17,0,135,0,0,23,4,27,72,46,40,4,162,16,0,16,178
03/10/2020,ROC,NY,AEA,CE,Combined TRACON& Tower with Radar,76,48,13,3,140,0,0,3,6,9,76,48,16,9,149,0,0,0,149
03/11/2020,ROC,NY,AEA,CE,Combined TRACON& Tower with Radar,79,50,32,4,165,0,0,47,8,55,79,50,79,12,220,81,0,81,301
03/12/2020,ROC,NY,AEA,CE,Combined TRACON& Tower with Radar,77,50,12,0,139,0,0,42,3,45,77,50,54,3,184,61,0,61,245
03/13/2020,ROC,NY,AEA,CE,Combined TRACON& Tower with Radar,81,50,16,0,147,0,2,2,2,6,81,52,18,2,153,0,0,0,153
03/14/2020,ROC,NY,AEA,CE,Combined TRACON& Tower with Radar,59,42,18,0,119,0,0,28,0,28,59,42,46,0,147,28,0,28,175
03/15/2020,ROC,NY,AEA,CE,Combined TRACON& Tower with Radar,59,44,15,0,118,0,0,58,2,60,59,44,73,2,178,6,0,6,184
03/16/2020,ROC,NY,AEA,CE,Combined TRACON& Tower with Radar,73,44,13,2,132,0,0,36,4,40,73,44,49,6,172,45,0,45,217
03/17/2020,ROC,NY,AEA,CE,Combined TRACON& Tower with Radar,75,54,13,0,142,0,0,6,2,8,75,54,19,2,150,0,0,0,150
03/18/2020,ROC,NY,AEA,CE,Combined TRACON& Tower with Radar,76,47,34,0,157,0,0,52,9,61,76,47,86,9,218,60,0,60,278
03/19/2020,ROC,NY,AEA,CE,Combined TRACON& Tower with Radar,78,44,23,3,148,0,0,22,1,23,78,44,45,4,171,77,18,95,266
03/20/2020,ROC,NY,AEA,CE,Combined TRACON& Tower with Radar,68,37,6,0,111,0,0,1,0,1,68,37,7,0,112,0,0,0,112
03/21/2020,ROC,NY,AEA,CE,Combined TRACON& Tower with Radar,52,29,6,0,87,0,1,25,2,28,52,30,31,2,115,0,0,0,115
03/22/2020,ROC,NY,AEA,CE,Combined TRACON& Tower with Radar,49,32,19,0,100,0,0,45,1,46,49,32,64,1,146,8,0,8,154
03/23/2020,ROC,NY,AEA,CE,Combined TRACON& Tower with Radar,53,24,7,0,84,0,0,0,0,0,53,24,7,0,84,0,0,0,84
03/24/2020,ROC,NY,AEA,CE,Combined TRACON& Tower with Radar,52,25,11,1,89,0,0,7,3,10,52,25,18,4,99,0,0,0,99
03/25/2020,ROC,NY,AEA,CE,Combined TRACON& Tower with Radar,51,24,16,0,91,0,0,14,0,14,51,24,30,0,105,2,0,2,107
03/26/2020,ROC,NY,AEA,CE,Combined TRACON& Tower with Radar,44,19,5,4,72,0,0,10,0,10,44,19,15,4,82,0,0,0,82
03/27/2020,ROC,NY,AEA,CE,Combined TRACON& Tower with Radar,33,23,3,3,62,0,0,14,2,16,33,23,17,5,78,43,0,43,121
03/28/2020,ROC,NY,AEA,CE,Combined TRACON& Tower with Radar,27,20,2,0,49,0,0,3,2,5,27,20,5,2,54,0,0,0,54
03/29/2020,ROC,NY,AEA,CE,Combined TRACON& Tower with Radar,31,25,1,0,57,0,0,3,1,4,31,25,4,1,61,0,0,0,61
03/30/2020,ROC,NY,AEA,CE,Combined TRACON& Tower with Radar,32,23,5,2,62,0,0,1,2,3,32,23,6,4,65,0,0,0,65
03/31/2020,ROC,NY,AEA,CE,Combined TRACON& Tower with Radar,42,29,12,0,83,0,0,0,5,5,42,29,12,5,88,0,0,0,88
04/01/2020,ROC,NY,AEA,CE,Combined TRACON& Tower with Radar,44,22,14,2,82,0,0,38,10,48,44,22,52,12,130,24,0,24,154
04/02/2020,ROC,NY,AEA,CE,Combined TRACON& Tower with Radar,32,29,3,2,66,0,0,18,6,24,32,29,21,8,90,0,0,0,90
04/03/2020,ROC,NY,AEA,CE,Combined TRACON& Tower with Radar,40,18,6,0,64,0,0,0,0,0,40,18,6,0,64,0,0,0,64
04/04/2020,ROC,NY,AEA,CE,Combined TRACON& Tower with Radar,25,13,7,0,45,0,0,2,2,4,25,13,9,2,49,0,0,0,49
04/05/2020,ROC,NY,AEA,CE,Combined TRACON& Tower with Radar,26,17,15,0,58,0,0,22,0,22,26,17,37,0,80,28,0,28,108
04/06/2020,ROC,NY,AEA,CE,Combined TRACON& Tower with Radar,29,21,11,0,61,0,0,39,1,40,29,21,50,1,101,0,0,0,101
04/07/2020,ROC,NY,AEA,CE,Combined TRACON& Tower with Radar,35,22,5,2,64,0,1,30,0,31,35,23,35,2,95,26,0,26,121
04/08/2020,ROC,NY,AEA,CE,Combined TRACON& Tower with Radar,41,20,4,1,66,0,0,4,8,12,41,20,8,9,78,0,0,0,78
04/09/2020,ROC,NY,AEA,CE,Combined TRACON& Tower with Radar,37,19,0,0,56,0,0,5,0,5,37,19,5,0,61,0,0,0,61
04/10/2020,ROC,NY,AEA,CE,Combined TRACON& Tower with Radar,35,16,0,0,51,0,1,1,1,3,35,17,1,1,54,0,0,0,54
04/11/2020,ROC,NY,AEA,CE,Combined TRACON& Tower with Radar,32,9,6,0,47,0,0,30,1,31,32,9,36,1,78,20,0,20,98
04/12/2020,ROC,NY,AEA,CE,Combined TRACON& Tower with Radar,32,12,7,0,51,0,1,30,2,33,32,13,37,2,84,6,0,6,90
04/13/2020,ROC,NY,AEA,CE,Combined TRACON& Tower with Radar,34,13,2,0,49,0,0,0,0,0,34,13,2,0,49,0,0,0,49
04/14/2020,ROC,NY,AEA,CE,Combined TRACON& Tower with Radar,29,23,1,0,53,0,0,24,6,30,29,23,25,6,83,2,0,2,85
04/15/2020,ROC,NY,AEA,CE,Combined TRACON& Tower with Radar,39,21,11,1,72,0,0,7,5,12,39,21,18,6,84,0,0,0,84
04/16/2020,ROC,NY,AEA,CE,Combined TRACON& Tower with Radar,27,18,4,0,49,0,0,4,5,9,27,18,8,5,58,6,0,6,64
04/17/2020,ROC,NY,AEA,CE,Combined TRACON& Tower with Radar,26,18,20,0,64,0,0,28,0,28,26,18,48,0,92,6,0,6,98
04/18/2020,ROC,NY,AEA,CE,Combined TRACON& Tower with Radar,24,8,16,0,48,0,1,22,0,23,24,9,38,0,71,14,0,14,85
04/19/2020,ROC,NY,AEA,CE,Combined TRACON& Tower with Radar,21,8,0,0,29,0,0,11,1,12,21,8,11,1,41,0,0,0,41
04/20/2020,ROC,NY,AEA,CE,Combined TRACON& Tower with Radar,18,16,15,0,49,0,2,52,4,58,18,18,67,4,107,10,0,10,117
04/21/2020,ROC,NY,AEA,CE,Combined TRACON& Tower with Radar,29,17,4,0,50,0,0,3,6,9,29,17,7,6,59,0,0,0,59
04/22/2020,ROC,NY,AEA,CE,Combined TRACON& Tower with Radar,30,17,5,3,55,0,0,6,5,11,30,17,11,8,66,0,0,0,66
04/23/2020,ROC,NY,AEA,CE,Combined TRACON& Tower with Radar,30,10,11,4,55,0,0,15,6,21,30,10,26,10,76,26,0,26,102
04/24/2020,ROC,NY,AEA,CE,Combined TRACON& Tower with Radar,28,13,24,2,67,0,0,21,1,22,28,13,45,3,89,34,0,34,123
04/25/2020,ROC,NY,AEA,CE,Combined TRACON& Tower with Radar,21,7,29,0,57,0,1,82,1,84,21,8,111,1,141,2,0,2,143
04/26/2020,ROC,NY,AEA,CE,Combined TRACON& Tower with Radar,17,4,9,0,30,0,0,0,0,0,17,4,9,0,30,0,0,0,30
04/27/2020,ROC,NY,AEA,CE,Combined TRACON& Tower with Radar,25,14,6,0,45,0,0,13,2,15,25,14,19,2,60,26,0,26,86
04/28/2020,ROC,NY,AEA,CE,Combined TRACON& Tower with Radar,27,14,23,0,64,0,0,46,2,48,27,14,69,2,112,32,0,32,144
04/29/2020,ROC,NY,AEA,CE,Combined TRACON& Tower with Radar,25,23,1,1,50,0,0,11,7,18,25,23,12,8,68,2,0,2,70
04/30/2020,ROC,NY,AEA,CE,Combined TRACON& Tower with Radar,30,13,11,2,56,0,0,0,0,0,30,13,11,2,56,0,0,0,56
05/01/2020,ROC,NY,AEA,CE,Combined TRACON& Tower with Radar,28,14,15,0,57,0,1,6,2,9,28,15,21,2,66,0,0,0,66
05/02/2020,ROC,NY,AEA,CE,Combined TRACON& Tower with Radar,19,6,34,0,59,0,1,77,1,79,19,7,111,1,138,30,0,30,168
05/03/2020,ROC,NY,AEA,CE,Combined TRACON& Tower with Radar,24,9,11,0,44,0,0,33,3,36,24,9,44,3,80,2,0,2,82
05/04/2020,ROC,NY,AEA,CE,Combined TRACON& Tower with Radar,22,15,7,1,45,0,0,4,5,9,22,15,11,6,54,14,0,14,68
05/05/2020,ROC,NY,AEA,CE,Combined TRACON& Tower with Radar,20,9,28,2,59,0,1,76,5,82,20,10,104,7,141,25,0,25,166
05/06/2020,ROC,NY,AEA,CE,Combined TRACON& Tower with Radar,24,11,15,4,54,0,1,22,7,30,24,12,37,11,84,18,0,18,102
05/07/2020,ROC,NY,AEA,CE,Combined TRACON& Tower with Radar,31,16,7,2,56,0,1,21,4,26,31,17,28,6,82,4,0,4,86
05/08/2020,ROC,NY,AEA,CE,Combined TRACON& Tower with Radar,28,8,20,0,56,0,0,12,1,13,28,8,32,1,69,0,0,0,69
05/09/2020,ROC,NY,AEA,CE,Combined TRACON& Tower with Radar,17,5,2,0,24,0,0,1,1,2,17,5,3,1,26,4,0,4,30
05/10/2020,ROC,NY,AEA,CE,Combined TRACON& Tower with Radar,19,8,5,0,32,0,1,25,0,26,19,9,30,0,58,0,0,0,58
05/11/2020,ROC,NY,AEA,CE,Combined TRACON& Tower with Radar,26,15,10,0,51,0,0,0,2,2,26,15,10,2,53,24,0,24,77
05/12/2020,ROC,NY,AEA,CE,Combined TRACON& Tower with Radar,24,7,13,4,48,0,0,48,8,56,24,7,61,12,104,29,0,29,133
05/13/2020,ROC,NY,AEA,CE,Combined TRACON& Tower with Radar,28,10,27,4,69,0,0,90,8,98,28,10,117,12,167,27,12,39,206
05/14/2020,ROC,NY,AEA,CE,Combined TRACON& Tower with Radar,30,9,20,0,59,0,0,41,9,50,30,9,61,9,109,73,0,73,182
05/15/2020,ROC,NY,AEA,CE,Combined TRACON& Tower with Radar,24,9,16,0,49,0,0,2,0,2,24,9,18,0,51,0,0,0,51
05/16/2020,ROC,NY,AEA,CE,Combined TRACON& Tower with Radar,18,8,30,0,56,0,0,65,3,68,18,8,95,3,124,42,0,42,166
05/17/2020,ROC,NY,AEA,CE,Combined TRACON& Tower with Radar,27,9,19,0,55,0,0,38,0,38,27,9,57,0,93,24,0,24,117
05/18/2020,ROC,NY,AEA,CE,Combined TRACON& Tower with Radar,24,13,10,4,51,0,0,3,4,7,24,13,13,8,58,0,0,0,58
05/19/2020,ROC,NY,AEA,CE,Combined TRACON& Tower with Radar,28,7,24,3,62,0,0,40,12,52,28,7,64,15,114,10,0,10,124
05/20/2020,ROC,NY,AEA,CE,Combined TRACON& Tower with Radar,28,14,20,1,63,0,2,61,9,72,28,16,81,10,135,34,0,34,169
05/21/2020,ROC,NY,AEA,CE,Combined TRACON& Tower with Radar,33,12,26,1,72,0,1,60,10,71,33,13,86,11,143,46,0,46,189
05/22/2020,ROC,NY,AEA,CE,Combined TRACON& Tower with Radar,27,9,30,13,79,0,0,51,13,64,27,9,81,26,143,101,0,101,244
05/23/2020,ROC,NY,AEA,CE,Combined TRACON& Tower with Radar,18,11,21,1,51,0,1,27,5,33,18,12,48,6,84,67,2,69,153
05/24/2020,ROC,NY,AEA,CE,Combined TRACON& Tower with Radar,27,5,11,0,43,0,2,25,6,33,27,7,36,6,76,1,7,8,84
05/25/2020,ROC,NY,AEA,CE,Combined TRACON& Tower with Radar,20,5,13,0,38,0,0,27,0,27,20,5,40,0,65,44,0,44,109
05/26/2020,ROC,NY,AEA,CE,Combined TRACON& Tower with Radar,23,11,21,0,55,0,0,58,6,64,23,11,79,6,119,28,0,28,147
05/27/2020,ROC,NY,AEA,CE,Combined TRACON& Tower with Radar,30,17,21,5,73,0,0,59,15,74,30,17,80,20,147,63,0,63,210
05/28/2020,ROC,NY,AEA,CE,Combined TRACON& Tower with Radar,31,15,19,4,69,0,0,20,9,29,31,15,39,13,98,10,16,26,124
05/29/2020,ROC,NY,AEA,CE,Combined TRACON& Tower with Radar,27,19,19,0,65,0,0,18,0,18,27,19,37,0,83,18,0,18,101
05/30/2020,ROC,NY,AEA,CE,Combined TRACON& Tower with Radar,22,10,18,0,50,0,0,29,1,30,22,10,47,1,80,60,0,60,140
05/31/2020,ROC,NY,AEA,CE,Combined TRACON& Tower with Radar,26,6,18,0,50,0,0,46,0,46,26,6,64,0,96,37,0,37,133
06/01/2020,ROC,NY,AEA,CE,Combined TRACON& Tower with Radar,28,9,27,6,70,0,0,49,4,53,28,9,76,10,123,30,8,38,161
06/02/2020,ROC,NY,AEA,CE,Combined TRACON& Tower with Radar,26,14,9,0,49,0,0,30,0,30,26,14,39,0,79,120,0,120,199
06/03/2020,ROC,NY,AEA,CE,Combined TRACON& Tower with Radar,30,12,13,0,55,0,1,15,17,33,30,13,28,17,88,0,0,0,88
06/04/2020,ROC,NY,AEA,CE,Combined TRACON& Tower with Radar,34,16,26,6,82,0,0,68,15,83,34,16,94,21,165,55,21,76,241
06/05/2020,ROC,NY,AEA,CE,Combined TRACON& Tower with Radar,15,15,9,0,39,0,0,76,4,80,15,15,85,4,119,99,0,99,218
06/06/2020,ROC,NY,AEA,CE,Combined TRACON& Tower with Radar,21,7,14,0,42,0,0,53,0,53,21,7,67,0,95,28,0,28,123
06/07/2020,ROC,NY,AEA,CE,Combined TRACON& Tower with Radar,26,5,34,0,65,0,0,58,2,60,26,5,92,2,125,42,0,42,167
06/08/2020,ROC,NY,AEA,CE,Combined TRACON& Tower with Radar,28,11,30,0,69,0,0,73,1,74,28,11,103,1,143,68,0,68,211
06/09/2020,ROC,NY,AEA,CE,Combined TRACON& Tower with Radar,34,13,7,4,58,0,0,78,3,81,34,13,85,7,139,147,0,147,286
06/10/2020,ROC,NY,AEA,CE,Combined TRACON& Tower with Radar,32,10,12,10,64,0,0,18,11,29,32,10,30,21,93,25,0,25,118
06/11/2020,ROC,NY,AEA,CE,Combined TRACON& Tower with Radar,34,19,15,4,72,0,0,15,15,30,34,19,30,19,102,24,0,24,126
06/12/2020,ROC,NY,AEA,CE,Combined TRACON& Tower with Radar,32,15,20,0,67,0,0,51,2,53,32,15,71,2,120,39,0,39,159
06/13/2020,ROC,NY,AEA,CE,Combined TRACON& Tower with Radar,23,8,15,0,46,0,0,55,7,62,23,8,70,7,108,23,0,23,131
06/14/2020,ROC,NY,AEA,CE,Combined TRACON& Tower with Radar,27,12,26,0,65,0,0,60,3,63,27,12,86,3,128,39,0,39,167
06/15/2020,ROC,NY,AEA,CE,Combined TRACON& Tower with Radar,29,14,22,0,65,0,1,58,4,63,29,15,80,4,128,15,0,15,143
06/16/2020,ROC,NY,AEA,CE,Combined TRACON& Tower with Radar,30,12,27,11,80,0,2,75,20,97,30,14,102,31,177,44,0,44,221
06/17/2020,ROC,NY,AEA,CE,Combined TRACON& Tower with Radar,30,20,24,5,79,0,2,77,26,105,30,22,101,31,184,74,0,74,258
06/18/2020,ROC,NY,AEA,CE,Combined TRACON& Tower with Radar,36,10,28,0,74,0,1,54,0,55,36,11,82,0,129,27,0,27,156
06/19/2020,ROC,NY,AEA,CE,Combined TRACON& Tower with Radar,32,11,20,0,63,0,2,35,1,38,32,13,55,1,101,16,0,16,117
06/20/2020,ROC,NY,AEA,CE,Combined TRACON& Tower with Radar,23,5,12,6,46,0,0,54,3,57,23,5,66,9,103,39,3,42,145
06/21/2020,ROC,NY,AEA,CE,Combined TRACON& Tower with Radar,30,5,15,0,50,0,0,29,6,35,30,5,44,6,85,27,0,27,112
06/22/2020,ROC,NY,AEA,CE,Combined TRACON& Tower with Radar,28,11,21,0,60,0,0,24,3,27,28,11,45,3,87,50,0,50,137
06/23/2020,ROC,NY,AEA,CE,Combined TRACON& Tower with Radar,30,13,19,0,62,0,0,31,4,35,30,13,50,4,97,20,0,20,117
06/24/2020,ROC,NY,AEA,CE,Combined TRACON& Tower with Radar,30,13,34,3,80,0,0,15,12,27,30,13,49,15,107,0,0,0,107
06/25/2020,ROC,NY,AEA,CE,Combined TRACON& Tower with Radar,36,13,30,4,83,0,0,71,7,78,36,13,101,11,161,71,0,71,232
06/26/2020,ROC,NY,AEA,CE,Combined TRACON& Tower with Radar,32,14,27,0,73,0,0,57,1,58,32,14,84,1,131,95,0,95,226
06/27/2020,ROC,NY,AEA,CE,Combined TRACON& Tower with Radar,23,8,10,0,41,0,0,9,1,10,23,8,19,1,51,32,0,32,83
06/28/2020,ROC,NY,AEA,CE,Combined TRACON& Tower with Radar,30,7,16,0,53,0,0,31,1,32,30,7,47,1,85,16,0,16,101
06/29/2020,ROC,NY,AEA,CE,Combined TRACON& Tower with Radar,29,10,19,0,58,0,1,67,8,76,29,11,86,8,134,60,0,60,194
06/30/2020,ROC,NY,AEA,CE,Combined TRACON& Tower with Radar,30,11,27,19,87,0,0,59,5,64,30,11,86,24,151,80,4,84,235
07/01/2020,ROC,NY,AEA,CE,Combined TRACON& Tower with Radar,31,10,45,8,94,0,2,61,2,65,31,12,106,10,159,92,6,98,257
07/02/2020,ROC,NY,AEA,CE,Combined TRACON& Tower with Radar,40,20,29,0,89,0,0,77,3,80,40,20,106,3,169,62,0,62,231
07/03/2020,ROC,NY,AEA,CE,Combined TRACON& Tower with Radar,36,13,22,0,71,0,1,68,2,71,36,14,90,2,142,78,0,78,220
07/04/2020,ROC,NY,AEA,CE,Combined TRACON& Tower with Radar,22,5,11,0,38,0,2,38,1,41,22,7,49,1,79,9,0,9,88
07/05/2020,ROC,NY,AEA,CE,Combined TRACON& Tower with Radar,35,12,11,0,58,0,0,26,2,28,35,12,37,2,86,0,0,0,86
07/06/2020,ROC,NY,AEA,CE,Combined TRACON& Tower with Radar,38,19,22,0,79,0,0,60,3,63,38,19,82,3,142,48,0,48,190
07/07/2020,ROC,NY,AEA,CE,Combined TRACON& Tower with Radar,40,20,27,1,88,0,1,45,9,55,40,21,72,10,143,76,0,76,219
07/08/2020,ROC,NY,AEA,CE,Combined TRACON& Tower with Radar,40,17,23,0,80,0,1,41,7,49,40,18,64,7,129,123,0,123,252
07/09/2020,ROC,NY,AEA,CE,Combined TRACON& Tower with Radar,46,33,13,0,92,0,0,48,8,56,46,33,61,8,148,74,0,74,222
07/10/2020,ROC,NY,AEA,CE,Combined TRACON& Tower with Radar,46,27,16,0,89,0,0,45,2,47,46,27,61,2,136,24,0,24,160
07/11/2020,ROC,NY,AEA,CE,Combined TRACON& Tower with Radar,34,21,10,2,67,0,0,12,1,13,34,21,22,3,80,45,0,45,125
07/12/2020,ROC,NY,AEA,CE,Combined TRACON& Tower with Radar,44,33,9,0,86,0,0,27,0,27,44,33,36,0,113,28,0,28,141
07/13/2020,ROC,NY,AEA,CE,Combined TRACON& Tower with Radar,41,22,23,0,86,0,1,28,1,30,41,23,51,1,116,72,0,72,188
07/14/2020,ROC,NY,AEA,CE,Combined TRACON& Tower with Radar,40,16,25,6,87,0,1,58,5,64,40,17,83,11,151,128,0,128,279
07/15/2020,ROC,NY,AEA,CE,Combined TRACON& Tower with Radar,40,21,24,2,87,0,4,68,2,74,40,25,92,4,161,80,0,80,241
07/16/2020,ROC,NY,AEA,CE,Combined TRACON& Tower with Radar,46,32,22,2,102,0,1,21,1,23,46,33,43,3,125,5,0,5,130
07/17/2020,ROC,NY,AEA,CE,Combined TRACON& Tower with Radar,48,30,19,1,98,0,3,39,3,45,48,33,58,4,143,83,0,83,226
07/18/2020,ROC,NY,AEA,CE,Combined TRACON& Tower with Radar,32,21,10,4,67,0,2,55,4,61,32,23,65,8,128,92,0,92,220
07/19/2020,ROC,NY,AEA,CE,Combined TRACON& Tower with Radar,42,25,21,1,89,0,0,21,12,33,42,25,42,13,122,6,0,6,128
07/20/2020,ROC,NY,AEA,CE,Combined TRACON& Tower with Radar,44,29,29,2,104,0,0,52,13,65,44,29,81,15,169,79,0,79,248
07/21/2020,ROC,NY,AEA,CE,Combined TRACON& Tower with Radar,40,22,26,3,91,0,5,70,10,85,40,27,96,13,176,101,0,101,277
07/22/2020,ROC,NY,AEA,CE,Combined TRACON& Tower with Radar,38,26,11,2,77,0,0,21,14,35,38,26,32,16,112,97,0,97,209
07/23/2020,ROC,NY,AEA,CE,Combined TRACON& Tower with Radar,50,20,26,1,97,0,0,26,12,38,50,20,52,13,135,79,0,79,214
07/24/2020,ROC,NY,AEA,CE,Combined TRACON& Tower with Radar,47,26,43,2,118,0,0,51,8,59,47,26,94,10,177,162,0,162,339
07/25/2020,ROC,NY,AEA,CE,Combined TRACON& Tower with Radar,35,15,16,2,68,0,6,83,7,96,35,21,99,9,164,107,0,107,271
07/26/2020,ROC,NY,AEA,CE,Combined TRACON& Tower with Radar,44,22,13,2,81,0,1,39,2,42,44,23,52,4,123,14,0,14,137
07/27/2020,ROC,NY,AEA,CE,Combined TRACON& Tower with Radar,41,23,13,0,77,0,1,26,5,32,41,24,39,5,109,15,0,15,124
07/28/2020,ROC,NY,AEA,CE,Combined TRACON& Tower with Radar,37,22,34,3,96,0,0,79,11,90,37,22,113,14,186,45,0,45,231
07/29/2020,ROC,NY,AEA,CE,Combined TRACON& Tower with Radar,42,20,22,2,86,0,0,23,10,33,42,20,45,12,119,145,0,145,264
07/30/2020,ROC,NY,AEA,CE,Combined TRACON& Tower with Radar,48,28,32,0,108,0,0,67,16,83,48,28,99,16,191,64,0,64,255
07/31/2020,ROC,NY,AEA,CE,Combined TRACON& Tower with Radar,44,21,20,2,87,0,0,79,5,84,44,21,99,7,171,130,0,130,301
08/01/2020,ROC,NY,AEA,CE,Combined TRACON& Tower with Radar,33,13,19,0,65,0,1,70,0,71,33,14,89,0,136,220,0,220,356
08/02/2020,ROC,NY,AEA,CE,Combined TRACON& Tower with Radar,42,22,12,0,76,0,2,7,1,10,42,24,19,1,86,12,0,12,98
08/03/2020,ROC,NY,AEA,CE,Combined TRACON& Tower with Radar,40,25,24,0,89,0,2,35,1,38,40,27,59,1,127,128,0,128,255
08/04/2020,ROC,NY,AEA,CE,Combined TRACON& Tower with Radar,37,23,21,1,82,0,0,11,3,14,37,23,32,4,96,74,0,74,170
08/05/2020,ROC,NY,AEA,CE,Combined TRACON& Tower with Radar,38,19,28,1,86,0,0,58,13,71,38,19,86,14,157,117,0,117,274
08/06/2020,ROC,NY,AEA,CE,Combined TRACON& Tower with Radar,46,27,24,2,99,0,13,94,7,114,46,40,118,9,213,61,0,61,274
08/07/2020,ROC,NY,AEA,CE,Combined TRACON& Tower with Radar,42,33,35,0,110,0,0,64,0,64,42,33,99,0,174,59,0,59,233
08/08/2020,ROC,NY,AEA,CE,Combined TRACON& Tower with Radar,33,14,36,0,83,0,0,70,0,70,33,14,106,0,153,76,0,76,229
08/09/2020,ROC,NY,AEA,CE,Combined TRACON& Tower with Radar,42,23,13,0,78,0,18,40,4,62,42,41,53,4,140,26,0,26,166
08/10/2020,ROC,NY,AEA,CE,Combined TRACON& Tower with Radar,39,21,32,0,92,0,2,53,2,57,39,23,85,2,149,125,0,125,274
08/11/2020,ROC,NY,AEA,CE,Combined TRACON& Tower with Radar,38,14,21,1,74,0,0,53,4,57,38,14,74,5,131,66,0,66,197
08/12/2020,ROC,NY,AEA,CE,Combined TRACON& Tower with Radar,38,14,39,2,93,0,1,72,8,81,38,15,111,10,174,121,2,123,297
08/13/2020,ROC,NY,AEA,CE,Combined TRACON& Tower with Radar,48,25,41,8,122,0,2,83,8,93,48,27,124,16,215,124,0,124,339
08/14/2020,ROC,NY,AEA,CE,Combined TRACON& Tower with Radar,42,22,31,2,97,0,0,67,10,77,42,22,98,12,174,89,0,89,263
08/15/2020,ROC,NY,AEA,CE,Combined TRACON& Tower with Radar,35,16,26,0,77,0,0,40,5,45,35,16,66,5,122,166,0,166,288
08/16/2020,ROC,NY,AEA,CE,Combined TRACON& Tower with Radar,42,25,12,0,79,0,0,17,0,17,42,25,29,0,96,28,0,28,124
08/17/2020,ROC,NY,AEA,CE,Combined TRACON& Tower with Radar,39,27,20,4,90,0,2,24,2,28,39,29,44,6,118,74,0,74,192
08/18/2020,ROC,NY,AEA,CE,Combined TRACON& Tower with Radar,40,24,32,1,97,0,1,59,6,66,40,25,91,7,163,48,0,48,211
08/19/2020,ROC,NY,AEA,CE,Combined TRACON& Tower with Radar,42,34,37,2,115,0,1,60,9,70,42,35,97,11,185,81,6,87,272
08/20/2020,ROC,NY,AEA,CE,Combined TRACON& Tower with Radar,46,18,42,1,107,0,0,78,0,78,46,18,120,1,185,114,0,114,299
08/21/2020,ROC,NY,AEA,CE,Combined TRACON& Tower with Radar,46,26,18,1,91,0,0,57,5,62,46,26,75,6,153,112,0,112,265
08/22/2020,ROC,NY,AEA,CE,Combined TRACON& Tower with Radar,37,9,21,0,67,0,1,62,2,65,37,10,83,2,132,99,0,99,231
08/23/2020,ROC,NY,AEA,CE,Combined TRACON& Tower with Radar,42,22,14,0,78,0,0,53,0,53,42,22,67,0,131,0,0,0,131
08/24/2020,ROC,NY,AEA,CE,Combined TRACON& Tower with Radar,41,19,30,0,90,0,5,52,6,63,41,24,82,6,153,56,0,56,209
08/25/2020,ROC,NY,AEA,CE,Combined TRACON& Tower with Radar,40,17,24,3,84,0,0,24,7,31,40,17,48,10,115,36,0,36,151
08/26/2020,ROC,NY,AEA,CE,Combined TRACON& Tower with Radar,40,16,40,2,98,0,4,67,5,76,40,20,107,7,174,62,0,62,236
08/27/2020,ROC,NY,AEA,CE,Combined TRACON& Tower with Radar,48,26,22,0,96,0,0,4,6,10,48,26,26,6,106,0,0,0,106
08/28/2020,ROC,NY,AEA,CE,Combined TRACON& Tower with Radar,44,25,60,0,129,0,0,31,2,33,44,25,91,2,162,159,0,159,321
08/29/2020,ROC,NY,AEA,CE,Combined TRACON& Tower with Radar,35,14,18,0,67,0,0,4,1,5,35,14,22,1,72,6,0,6,78
08/30/2020,ROC,NY,AEA,CE,Combined TRACON& Tower with Radar,44,20,22,0,86,0,0,47,1,48,44,20,69,1,134,46,0,46,180
08/31/2020,ROC,NY,AEA,CE,Combined TRACON& Tower with Radar,41,23,20,3,87,0,0,81,1,82,41,23,101,4,169,104,0,104,273
09/01/2020,ROC,NY,AEA,CE,Combined TRACON& Tower with Radar,40,20,32,0,92,0,0,53,8,61,40,20,85,8,153,165,0,165,318
09/02/2020,ROC,NY,AEA,CE,Combined TRACON& Tower with Radar,38,28,21,1,88,0,1,7,6,14,38,29,28,7,102,48,0,48,150
09/03/2020,ROC,NY,AEA,CE,Combined TRACON& Tower with Radar,46,29,26,4,105,0,2,67,3,72,46,31,93,7,177,142,0,142,319
09/04/2020,ROC,NY,AEA,CE,Combined TRACON& Tower with Radar,42,23,20,0,85,0,0,39,5,44,42,23,59,5,129,26,0,26,155
09/05/2020,ROC,NY,AEA,CE,Combined TRACON& Tower with Radar,31,11,19,1,62,0,0,41,0,41,31,11,60,1,103,21,0,21,124
09/06/2020,ROC,NY,AEA,CE,Combined TRACON& Tower with Radar,37,14,14,0,65,0,4,44,2,50,37,18,58,2,115,90,0,90,205
09/07/2020,ROC,NY,AEA,CE,Combined TRACON& Tower with Radar,29,24,21,0,74,0,0,5,1,6,29,24,26,1,80,0,0,0,80
09/08/2020,ROC,NY,AEA,CE,Combined TRACON& Tower with Radar,34,13,32,2,81,0,0,53,2,55,34,13,85,4,136,66,0,66,202
09/09/2020,ROC,NY,AEA,CE,Combined TRACON& Tower with Radar,42,29,33,2,106,0,2,38,2,42,42,31,71,4,148,131,0,131,279
09/10/2020,ROC,NY,AEA,CE,Combined TRACON& Tower with Radar,42,17,26,4,89,0,0,4,4,8,42,17,30,8,97,14,8,22,119
09/11/2020,ROC,NY,AEA,CE,Combined TRACON& Tower with Radar,38,15,31,0,84,0,1,33,6,40,38,16,64,6,124,193,0,193,317
09/12/2020,ROC,NY,AEA,CE,Combined TRACON& Tower with Radar,31,13,20,2,66,0,0,60,6,66,31,13,80,8,132,24,0,24,156
09/13/2020,ROC,NY,AEA,CE,Combined TRACON& Tower with Radar,36,18,15,0,69,0,0,5,0,5,36,18,20,0,74,6,0,6,80
09/14/2020,ROC,NY,AEA,CE,Combined TRACON& Tower with Radar,35,17,23,0,75,0,0,47,3,50,35,17,70,3,125,61,0,61,186
09/15/2020,ROC,NY,AEA,CE,Combined TRACON& Tower with Radar,38,26,25,1,90,0,1,46,12,59,38,27,71,13,149,143,0,143,292
09/16/2020,ROC,NY,AEA,CE,Combined TRACON& Tower with Radar,40,23,36,0,99,0,7,76,7,90,40,30,112,7,189,128,0,128,317
09/17/2020,ROC,NY,AEA,CE,Combined TRACON& Tower with Radar,39,29,30,2,100,0,0,27,3,30,39,29,57,5,130,150,0,150,280
09/18/2020,ROC,NY,AEA,CE,Combined TRACON& Tower with Radar,39,24,31,0,94,0,2,48,2,52,39,26,79,2,146,34,0,34,180
09/19/2020,ROC,NY,AEA,CE,Combined TRACON& Tower with Radar,29,18,20,0,67,0,0,61,1,62,29,18,81,1,129,141,0,141,270
09/20/2020,ROC,NY,AEA,CE,Combined TRACON& Tower with Radar,36,11,28,0,75,0,0,70,2,72,36,11,98,2,147,68,0,68,215
09/21/2020,ROC,NY,AEA,CE,Combined TRACON& Tower with Radar,35,19,31,2,87,0,1,48,3,52,35,20,79,5,139,100,0,100,239
09/22/2020,ROC,NY,AEA,CE,Combined TRACON& Tower with Radar,38,21,31,0,90,0,0,58,2,60,38,21,89,2,150,80,18,98,248
09/23/2020,ROC,NY,AEA,CE,Combined TRACON& Tower with Radar,42,26,36,0,104,0,1,47,2,50,42,27,83,2,154,106,0,106,260
09/24/2020,ROC,NY,AEA,CE,Combined TRACON& Tower with Radar,40,20,35,0,95,0,2,56,1,59,40,22,91,1,154,182,0,182,336
09/25/2020,ROC,NY,AEA,CE,Combined TRACON& Tower with Radar,38,18,40,0,96,0,0,92,0,92,38,18,132,0,188,46,0,46,234
09/26/2020,ROC,NY,AEA,CE,Combined TRACON& Tower with Radar,30,19,29,0,78,0,0,94,1,95,30,19,123,1,173,12,0,12,185
09/27/2020,ROC,NY,AEA,CE,Combined TRACON& Tower with Radar,39,15,25,0,79,0,0,40,1,41,39,15,65,1,120,8,0,8,128
09/28/2020,ROC,NY,AEA,CE,Combined TRACON& Tower with Radar,35,16,23,5,79,0,0,53,5,58,35,16,76,10,137,98,0,98,235
09/29/2020,ROC,NY,AEA,CE,Combined TRACON& Tower with Radar,38,13,16,3,70,0,2,22,1,25,38,15,38,4,95,111,0,111,206
09/30/2020,ROC,NY,AEA,CE,Combined TRACON& Tower with Radar,40,30,20,0,90,0,0,17,1,18,40,30,37,1,108,52,0,52,160
10/01/2020,ROC,NY,AEA,CE,Combined TRACON& Tower with Radar,43,23,30,0,96,0,0,64,0,64,43,23,94,0,160,115,0,115,275
10/02/2020,ROC,NY,AEA,CE,Combined TRACON& Tower with Radar,40,20,15,0,75,0,2,19,2,23,40,22,34,2,98,120,0,120,218
10/03/2020,ROC,NY,AEA,CE,Combined TRACON& Tower with Radar,33,15,10,0,58,0,3,63,0,66,33,18,73,0,124,42,0,42,166
10/04/2020,ROC,NY,AEA,CE,Combined TRACON& Tower with Radar,38,16,22,0,76,0,0,44,1,45,38,16,66,1,121,25,0,25,146
10/05/2020,ROC,NY,AEA,CE,Combined TRACON& Tower with Radar,36,16,29,0,81,0,1,65,2,68,36,17,94,2,149,170,0,170,319
10/06/2020,ROC,NY,AEA,CE,Combined TRACON& Tower with Radar,41,25,18,4,88,0,0,57,6,63,41,25,75,10,151,52,0,52,203
10/07/2020,ROC,NY,AEA,CE,Combined TRACON& Tower with Radar,37,23,12,0,72,0,1,2,0,3,37,24,14,0,75,0,0,0,75
10/08/2020,ROC,NY,AEA,CE,Combined TRACON& Tower with Radar,42,28,36,0,106,0,12,59,5,76,42,40,95,5,182,138,0,138,320
10/09/2020,ROC,NY,AEA,CE,Combined TRACON& Tower with Radar,41,21,42,1,105,0,3,86,4,93,41,24,128,5,198,82,0,82,280
10/10/2020,ROC,NY,AEA,CE,Combined TRACON& Tower with Radar,33,11,11,0,55,0,0,12,1,13,33,11,23,1,68,24,0,24,92
10/11/2020,ROC,NY,AEA,CE,Combined TRACON& Tower with Radar,39,19,29,0,87,0,2,61,0,63,39,21,90,0,150,26,0,26,176
10/12/2020,ROC,NY,AEA,CE,Combined TRACON& Tower with Radar,37,21,29,0,87,0,1,27,0,28,37,22,56,0,115,62,0,62,177
10/13/2020,ROC,NY,AEA,CE,Combined TRACON& Tower with Radar,36,18,29,8,91,0,0,42,8,50,36,18,71,16,141,26,2,28,169
10/14/2020,ROC,NY,AEA,CE,Combined TRACON& Tower with Radar,42,16,31,2,91,0,1,98,4,103,42,17,129,6,194,82,0,82,276
10/15/2020,ROC,NY,AEA,CE,Combined TRACON& Tower with Radar,44,21,19,0,84,0,0,8,1,9,44,21,27,1,93,0,0,0,93
10/16/2020,ROC,NY,AEA,CE,Combined TRACON& Tower with Radar,44,13,25,2,84,0,0,48,3,51,44,13,73,5,135,88,0,88,223
10/17/2020,ROC,NY,AEA,CE,Combined TRACON& Tower with Radar,33,7,18,0,58,0,0,70,1,71,33,7,88,1,129,38,0,38,167
10/18/2020,ROC,NY,AEA,CE,Combined TRACON& Tower with Radar,44,14,19,0,77,0,1,42,5,48,44,15,61,5,125,0,0,0,125
10/19/2020,ROC,NY,AEA,CE,Combined TRACON& Tower with Radar,37,29,17,0,83,0,0,0,0,0,37,29,17,0,83,0,0,0,83
10/20/2020,ROC,NY,AEA,CE,Combined TRACON& Tower with Radar,36,25,12,0,73,0,0,0,2,2,36,25,12,2,75,0,0,0,75
10/21/2020,ROC,NY,AEA,CE,Combined TRACON& Tower with Radar,38,17,24,2,81,0,0,0,5,5,38,17,24,7,86,12,0,12,98
10/22/2020,ROC,NY,AEA,CE,Combined TRACON& Tower with Radar,42,21,45,10,118,0,0,4,5,9,42,21,49,15,127,4,0,4,131
10/23/2020,ROC,NY,AEA,CE,Combined TRACON& Tower with Radar,42,16,35,1,94,0,0,87,9,96,42,16,122,10,190,33,0,33,223
10/24/2020,ROC,NY,AEA,CE,Combined TRACON& Tower with Radar,34,10,20,0,64,0,0,19,3,22,34,10,39,3,86,156,0,156,242
10/25/2020,ROC,NY,AEA,CE,Combined TRACON& Tower with Radar,39,10,16,0,65,0,0,42,1,43,39,10,58,1,108,14,0,14,122
10/26/2020,ROC,NY,AEA,CE,Combined TRACON& Tower with Radar,37,17,16,2,72,0,0,0,2,2,37,17,16,4,74,0,0,0,74
10/27/2020,ROC,NY,AEA,CE,Combined TRACON& Tower with Radar,36,12,10,0,58,0,0,8,6,14,36,12,18,6,72,96,0,96,168
10/28/2020,ROC,NY,AEA,CE,Combined TRACON& Tower with Radar,42,14,40,1,97,0,0,13,11,24,42,14,53,12,121,60,0,60,181
10/29/2020,ROC,NY,AEA,CE,Combined TRACON& Tower with Radar,42,21,16,1,80,0,0,18,5,23,42,21,34,6,103,90,0,90,193
10/30/2020,ROC,NY,AEA,CE,Combined TRACON& Tower with Radar,41,24,21,0,86,0,0,24,0,24,41,24,45,0,110,85,0,85,195
10/31/2020,ROC,NY,AEA,CE,Combined TRACON& Tower with Radar,30,9,29,0,68,0,0,128,2,130,30,9,157,2,198,111,0,111,309
11/01/2020,ROC,NY,AEA,CE,Combined TRACON& Tower with Radar,36,9,13,0,58,0,0,3,1,4,36,9,16,1,62,0,0,0,62
11/02/2020,ROC,NY,AEA,CE,Combined TRACON& Tower with Radar,39,20,3,0,62,0,1,2,0,3,39,21,5,0,65,0,0,0,65
11/03/2020,ROC,NY,AEA,CE,Combined TRACON& Tower with Radar,29,13,21,2,65,0,0,34,8,42,29,13,55,10,107,94,0,94,201
11/04/2020,ROC,NY,AEA,CE,Combined TRACON& Tower with Radar,31,20,25,2,78,0,1,95,8,104,31,21,120,10,182,68,0,68,250
11/05/2020,ROC,NY,AEA,CE,Combined TRACON& Tower with Radar,41,24,32,0,97,0,0,60,8,68,41,24,92,8,165,71,0,71,236
11/06/2020,ROC,NY,AEA,CE,Combined TRACON& Tower with Radar,37,23,16,0,76,0,0,60,8,68,37,23,76,8,144,118,0,118,262
11/07/2020,ROC,NY,AEA,CE,Combined TRACON& Tower with Radar,29,11,18,0,58,0,2,88,19,109,29,13,106,19,167,87,0,87,254
11/08/2020,ROC,NY,AEA,CE,Combined TRACON& Tower with Radar,37,14,11,2,64,0,1,82,10,93,37,15,93,12,157,82,0,82,239
11/09/2020,ROC,NY,AEA,CE,Combined TRACON& Tower with Radar,33,24,20,0,77,0,0,72,4,76,33,24,92,4,153,161,0,161,314
11/10/2020,ROC,NY,AEA,CE,Combined TRACON& Tower with Radar,30,16,37,1,84,0,0,74,7,81,30,16,111,8,165,164,1,165,330
11/11/2020,ROC,NY,AEA,CE,Combined TRACON& Tower with Radar,32,16,11,0,59,0,3,6,0,9,32,19,17,0,68,13,0,13,81
11/12/2020,ROC,NY,AEA,CE,Combined TRACON& Tower with Radar,38,21,20,2,81,2,1,69,3,75,40,22,89,5,156,112,0,112,268
11/13/2020,ROC,NY,AEA,CE,Combined TRACON& Tower with Radar,39,17,24,4,84,0,0,43,3,46,39,17,67,7,130,144,0,144,274
11/14/2020,ROC,NY,AEA,CE,Combined TRACON& Tower with Radar,30,11,14,0,55,1,0,77,0,78,31,11,91,0,133,172,0,172,305
11/15/2020,ROC,NY,AEA,CE,Combined TRACON& Tower with Radar,37,13,1,0,51,0,0,0,0,0,37,13,1,0,51,0,0,0,51
11/16/2020,ROC,NY,AEA,CE,Combined TRACON& Tower with Radar,35,29,17,4,85,0,1,11,3,15,35,30,28,7,100,0,0,0,100
11/17/2020,ROC,NY,AEA,CE,Combined TRACON& Tower with Radar,30,20,5,1,56,0,0,0,5,5,30,20,5,6,61,0,0,0,61
11/18/2020,ROC,NY,AEA,CE,Combined TRACON& Tower with Radar,32,14,22,8,76,0,0,20,10,30,32,14,42,18,106,70,0,70,176
11/19/2020,ROC,NY,AEA,CE,Combined TRACON& Tower with Radar,42,23,9,0,74,0,0,14,6,20,42,23,23,6,94,16,0,16,110
11/20/2020,ROC,NY,AEA,CE,Combined TRACON& Tower with Radar,41,24,15,0,80,0,0,30,2,32,41,24,45,2,112,56,0,56,168
11/21/2020,ROC,NY,AEA,CE,Combined TRACON& Tower with Radar,49,11,22,0,82,0,0,79,0,79,49,11,101,0,161,65,0,65,226
11/22/2020,ROC,NY,AEA,CE,Combined TRACON& Tower with Radar,37,15,13,0,65,0,0,2,0,2,37,15,15,0,67,0,0,0,67
11/23/2020,ROC,NY,AEA,CE,Combined TRACON& Tower with Radar,39,11,21,5,76,0,0,19,5,24,39,11,40,10,100,71,0,71,171
11/24/2020,ROC,NY,AEA,CE,Combined TRACON& Tower with Radar,52,22,32,0,106,0,0,47,16,63,52,22,79,16,169,183,0,183,352
11/25/2020,ROC,NY,AEA,CE,Combined TRACON& Tower with Radar,48,23,18,0,89,0,0,50,0,50,48,23,68,0,139,101,0,101,240
11/26/2020,ROC,NY,AEA,CE,Combined TRACON& Tower with Radar,18,7,2,0,27,0,0,4,0,4,18,7,6,0,31,0,0,0,31
11/27/2020,ROC,NY,AEA,CE,Combined TRACON& Tower with Radar,37,14,15,0,66,0,0,34,0,34,37,14,49,0,100,112,0,112,212
11/28/2020,ROC,NY,AEA,CE,Combined TRACON& Tower with Radar,48,15,14,0,77,0,0,26,1,27,48,15,40,1,104,119,0,119,223
11/29/2020,ROC,NY,AEA,CE,Combined TRACON& Tower with Radar,45,25,30,0,100,0,0,71,4,75,45,25,101,4,175,58,0,58,233
11/30/2020,ROC,NY,AEA,CE,Combined TRACON& Tower with Radar,45,24,13,0,82,0,0,1,0,1,45,24,14,0,83,0,0,0,83
12/01/2020,ROC,NY,AEA,CE,Combined TRACON& Tower with Radar,33,21,11,1,66,0,0,0,1,1,33,21,11,2,67,0,0,0,67
12/02/2020,ROC,NY,AEA,CE,Combined TRACON& Tower with Radar,34,15,11,0,60,0,0,2,0,2,34,15,13,0,62,0,0,0,62
12/03/2020,ROC,NY,AEA,CE,Combined TRACON& Tower with Radar,36,20,18,3,77,0,0,24,16,40,36,20,42,19,117,6,0,6,123
12/04/2020,ROC,NY,AEA,CE,Combined TRACON& Tower with Radar,37,27,9,2,75,0,0,6,7,13,37,27,15,9,88,31,4,35,123
12/05/2020,ROC,NY,AEA,CE,Combined TRACON& Tower with Radar,31,12,8,0,51,0,0,0,0,0,31,12,8,0,51,0,0,0,51
12/06/2020,ROC,NY,AEA,CE,Combined TRACON& Tower with Radar,31,22,17,0,70,0,0,3,1,4,31,22,20,1,74,18,0,18,92
12/07/2020,ROC,NY,AEA,CE,Combined TRACON& Tower with Radar,31,22,16,4,73,0,0,32,0,32,31,22,48,4,105,95,0,95,200
12/08/2020,ROC,NY,AEA,CE,Combined TRACON& Tower with Radar,30,17,22,4,73,0,0,52,5,57,30,17,74,9,130,120,0,120,250
12/09/2020,ROC,NY,AEA,CE,Combined TRACON& Tower with Radar,32,20,12,0,64,0,0,0,0,0,32,20,12,0,64,0,0,0,64
12/10/2020,ROC,NY,AEA,CE,Combined TRACON& Tower with Radar,36,25,32,1,94,0,0,54,5,59,36,25,86,6,153,104,0,104,257
12/11/2020,ROC,NY,AEA,CE,Combined TRACON& Tower with Radar,37,23,30,0,90,0,0,91,4,95,37,23,121,4,185,90,0,90,275
12/12/2020,ROC,NY,AEA,CE,Combined TRACON& Tower with Radar,31,15,12,0,58,0,0,22,1,23,31,15,34,1,81,6,0,6,87
12/13/2020,ROC,NY,AEA,CE,Combined TRACON& Tower with Radar,33,13,20,1,67,0,0,5,2,7,33,13,25,3,74,0,0,0,74
12/14/2020,ROC,NY,AEA,CE,Combined TRACON& Tower with Radar,33,18,10,1,62,0,0,0,3,3,33,18,10,4,65,40,0,40,105
12/15/2020,ROC,NY,AEA,CE,Combined TRACON& Tower with Radar,32,23,18,0,73,0,1,37,11,49,32,24,55,11,122,79,0,79,201
12/16/2020,ROC,NY,AEA,CE,Combined TRACON& Tower with Radar,28,16,18,4,66,0,2,50,0,52,28,18,68,4,118,78,0,78,196
12/17/2020,ROC,NY,AEA,CE,Combined TRACON& Tower with Radar,42,22,18,0,82,0,0,1,0,1,42,22,19,0,83,0,0,0,83
12/18/2020,ROC,NY,AEA,CE,Combined TRACON& Tower with Radar,42,21,27,6,96,0,0,39,1,40,42,21,66,7,136,89,0,89,225
12/19/2020,ROC,NY,AEA,CE,Combined TRACON& Tower with Radar,47,19,19,0,85,0,1,44,1,46,47,20,63,1,131,100,0,100,231
12/20/2020,ROC,NY,AEA,CE,Combined TRACON& Tower with Radar,37,15,2,0,54,0,0,2,2,4,37,15,4,2,58,0,0,0,58
12/21/2020,ROC,NY,AEA,CE,Combined TRACON& Tower with Radar,39,18,13,2,72,0,0,46,2,48,39,18,59,4,120,79,0,79,199
12/22/2020,ROC,NY,AEA,CE,Combined TRACON& Tower with Radar,41,21,10,0,72,0,0,9,4,13,41,21,19,4,85,3,0,3,88
12/23/2020,ROC,NY,AEA,CE,Combined TRACON& Tower with Radar,50,23,18,0,91,0,1,58,3,62,50,24,76,3,153,61,0,61,214
12/24/2020,ROC,NY,AEA,CE,Combined TRACON& Tower with Radar,31,19,6,0,56,0,0,2,0,2,31,19,8,0,58,0,0,0,58
12/25/2020,ROC,NY,AEA,CE,Combined TRACON& Tower with Radar,19,8,4,0,31,0,0,0,0,0,19,8,4,0,31,0,0,0,31
12/26/2020,ROC,NY,AEA,CE,Combined TRACON& Tower with Radar,48,17,19,0,84,0,0,1,0,1,48,17,20,0,85,0,0,0,85
12/27/2020,ROC,NY,AEA,CE,Combined TRACON& Tower with Radar,45,18,30,0,93,0,0,61,0,61,45,18,91,0,154,113,0,113,267
12/28/2020,ROC,NY,AEA,CE,Combined TRACON& Tower with Radar,37,21,19,0,77,0,0,1,1,2,37,21,20,1,79,0,0,0,79
12/29/2020,ROC,NY,AEA,CE,Combined TRACON& Tower with Radar,41,18,19,0,78,0,3,17,3,23,41,21,36,3,101,24,0,24,125
12/30/2020,ROC,NY,AEA,CE,Combined TRACON& Tower with Radar,44,19,11,0,74,0,0,4,0,4,44,19,15,0,78,2,0,2,80
12/31/2020,ROC,NY,AEA,CE,Combined TRACON& Tower with Radar,27,12,11,0,50,0,1,31,0,32,27,13,42,0,82,96,0,96,178
01/01/2021,ROC,NY,AEA,CE,Combined TRACON& Tower with Radar,26,7,7,0,40,0,0,40,1,41,26,7,47,1,81,90,0,90,171
01/02/2021,ROC,NY,AEA,CE,Combined TRACON& Tower with Radar,51,15,6,0,72,0,0,2,0,2,51,15,8,0,74,0,0,0,74
01/03/2021,ROC,NY,AEA,CE,Combined TRACON& Tower with Radar,44,12,16,0,72,0,0,1,3,4,44,12,17,3,76,0,0,0,76
01/04/2021,ROC,NY,AEA,CE,Combined TRACON& Tower with Radar,39,18,15,0,72,0,0,0,0,0,39,18,15,0,72,0,0,0,72
01/05/2021,ROC,NY,AEA,CE,Combined TRACON& Tower with Radar,33,14,7,0,54,0,0,0,0,0,33,14,7,0,54,0,0,0,54
01/06/2021,ROC,NY,AEA,CE,Combined TRACON& Tower with Radar,32,14,5,0,51,0,0,2,4,6,32,14,7,4,57,60,0,60,117
01/07/2021,ROC,NY,AEA,CE,Combined TRACON& Tower with Radar,38,23,11,2,74,0,0,7,0,7,38,23,18,2,81,95,0,95,176
01/08/2021,ROC,NY,AEA,CE,Combined TRACON& Tower with Radar,39,21,12,4,76,0,0,1,0,1,39,21,13,4,77,0,5,5,82
01/09/2021,ROC,NY,AEA,CE,Combined TRACON& Tower with Radar,27,9,20,0,56,0,0,85,1,86,27,9,105,1,142,64,0,64,206
01/10/2021,ROC,NY,AEA,CE,Combined TRACON& Tower with Radar,33,15,17,0,65,0,0,11,0,11,33,15,28,0,76,101,0,101,177
01/11/2021,ROC,NY,AEA,CE,Combined TRACON& Tower with Radar,33,18,22,6,79,0,0,24,2,26,33,18,46,8,105,100,8,108,213
01/12/2021,ROC,NY,AEA,CE,Combined TRACON& Tower with Radar,32,13,9,0,54,0,0,0,0,0,32,13,9,0,54,0,0,0,54
01/13/2021,ROC,NY,AEA,CE,Combined TRACON& Tower with Radar,32,12,27,0,71,0,0,39,10,49,32,12,66,10,120,73,0,73,193
01/14/2021,ROC,NY,AEA,CE,Combined TRACON& Tower with Radar,38,19,26,0,83,0,0,9,0,9,38,19,35,0,92,108,0,108,200
01/15/2021,ROC,NY,AEA,CE,Combined TRACON& Tower with Radar,37,15,40,0,92,0,0,41,1,42,37,15,81,1,134,41,0,41,175
01/16/2021,ROC,NY,AEA,CE,Combined TRACON& Tower with Radar,27,9,13,0,49,0,1,19,0,20,27,10,32,0,69,136,0,136,205
01/17/2021,ROC,NY,AEA,CE,Combined TRACON& Tower with Radar,31,7,10,0,48,0,0,0,0,0,31,7,10,0,48,0,0,0,48
01/18/2021,ROC,NY,AEA,CE,Combined TRACON& Tower with Radar,33,14,22,0,69,0,0,15,0,15,33,14,37,0,84,76,0,76,160
01/19/2021,ROC,NY,AEA,CE,Combined TRACON& Tower with Radar,34,14,15,3,66,0,0,7,5,12,34,14,22,8,78,26,0,26,104
01/20/2021,ROC,NY,AEA,CE,Combined TRACON& Tower with Radar,34,13,16,15,78,0,0,10,14,24,34,13,26,29,102,0,5,5,107
01/21/2021,ROC,NY,AEA,CE,Combined TRACON& Tower with Radar,38,25,10,4,77,0,0,9,0,9,38,25,19,4,86,40,0,40,126
01/22/2021,ROC,NY,AEA,CE,Combined TRACON& Tower with Radar,39,18,11,0,68,0,0,2,0,2,39,18,13,0,70,0,0,0,70
01/23/2021,ROC,NY,AEA,CE,Combined TRACON& Tower with Radar,27,13,11,0,51,0,0,3,0,3,27,13,14,0,54,0,0,0,54
01/24/2021,ROC,NY,AEA,CE,Combined TRACON& Tower with Radar,33,19,17,0,69,0,0,63,6,69,33,19,80,6,138,103,0,103,241
01/25/2021,ROC,NY,AEA,CE,Combined TRACON& Tower with Radar,33,22,31,4,90,0,0,88,4,92,33,22,119,8,182,120,0,120,302
01/26/2021,ROC,NY,AEA,CE,Combined TRACON& Tower with Radar,34,12,13,3,62,0,0,0,0,0,34,12,13,3,62,25,0,25,87
01/27/2021,ROC,NY,AEA,CE,Combined TRACON& Tower with Radar,32,17,16,0,65,0,1,3,2,6,32,18,19,2,71,6,0,6,77
01/28/2021,ROC,NY,AEA,CE,Combined TRACON& Tower with Radar,35,15,9,0,59,0,0,0,1,1,35,15,9,1,60,0,0,0,60
01/29/2021,ROC,NY,AEA,CE,Combined TRACON& Tower with Radar,36,24,12,2,74,0,0,0,1,1,36,24,12,3,75,0,0,0,75
01/30/2021,ROC,NY,AEA,CE,Combined TRACON& Tower with Radar,27,15,12,3,57,0,0,13,1,14,27,15,25,4,71,15,0,15,86
01/31/2021,ROC,NY,AEA,CE,Combined TRACON& Tower with Radar,29,12,24,0,65,0,0,60,0,60,29,12,84,0,125,70,0,70,195
02/01/2021,ROC,NY,AEA,CE,Combined TRACON& Tower with Radar,25,19,10,0,54,0,0,0,0,0,25,19,10,0,54,0,0,0,54
02/02/2021,ROC,NY,AEA,CE,Combined TRACON& Tower with Radar,29,15,3,0,47,0,0,0,0,0,29,15,3,0,47,0,0,0,47
02/03/2021,ROC,NY,AEA,CE,Combined TRACON& Tower with Radar,31,21,29,5,86,0,0,20,4,24,31,21,49,9,110,34,0,34,144
02/04/2021,ROC,NY,AEA,CE,Combined TRACON& Tower with Radar,36,17,37,0,90,0,2,83,5,90,36,19,120,5,180,45,0,45,225
02/05/2021,ROC,NY,AEA,CE,Combined TRACON& Tower with Radar,37,25,12,2,76,0,0,1,0,1,37,25,13,2,77,0,0,0,77
02/06/2021,ROC,NY,AEA,CE,Combined TRACON& Tower with Radar,27,11,3,0,41,0,1,4,0,5,27,12,7,0,46,0,0,0,46
02/07/2021,ROC,NY,AEA,CE,Combined TRACON& Tower with Radar,33,15,6,2,56,0,0,4,1,5,33,15,10,3,61,0,0,0,61
02/08/2021,ROC,NY,AEA,CE,Combined TRACON& Tower with Radar,33,17,29,0,79,0,0,47,2,49,33,17,76,2,128,87,0,87,215
02/09/2021,ROC,NY,AEA,CE,Combined TRACON& Tower with Radar,30,19,19,0,68,0,0,2,0,2,30,19,21,0,70,0,0,0,70
02/10/2021,ROC,NY,AEA,CE,Combined TRACON& Tower with Radar,32,13,28,2,75,0,2,53,1,56,32,15,81,3,131,84,0,84,215
02/11/2021,ROC,NY,AEA,CE,Combined TRACON& Tower with Radar,43,26,15,0,84,0,0,2,0,2,43,26,17,0,86,0,0,0,86
02/12/2021,ROC,NY,AEA,CE,Combined TRACON& Tower with Radar,42,24,22,4,92,0,1,31,1,33,42,25,53,5,125,106,0,106,231
02/13/2021,ROC,NY,AEA,CE,Combined TRACON& Tower with Radar,31,7,17,0,55,0,0,21,0,21,31,7,38,0,76,69,0,69,145
02/14/2021,ROC,NY,AEA,CE,Combined TRACON& Tower with Radar,35,17,10,0,62,0,0,5,0,5,35,17,15,0,67,0,0,0,67
02/15/2021,ROC,NY,AEA,CE,Combined TRACON& Tower with Radar,27,20,5,0,52,0,0,2,0,2,27,20,7,0,54,20,0,20,74
02/16/2021,ROC,NY,AEA,CE,Combined TRACON& Tower with Radar,21,5,5,0,31,0,0,0,0,0,21,5,5,0,31,0,0,0,31
02/17/2021,ROC,NY,AEA,CE,Combined TRACON& Tower with Radar,29,17,29,4,79,0,0,61,4,65,29,17,90,8,144,60,8,68,212
02/18/2021,ROC,NY,AEA,CE,Combined TRACON& Tower with Radar,33,11,15,0,59,0,0,14,0,14,33,11,29,0,73,50,0,50,123
02/19/2021,ROC,NY,AEA,CE,Combined TRACON& Tower with Radar,42,23,15,0,80,0,0,4,0,4,42,23,19,0,84,0,0,0,84
02/20/2021,ROC,NY,AEA,CE,Combined TRACON& Tower with Radar,33,14,6,0,53,0,0,0,0,0,33,14,6,0,53,0,0,0,53
02/21/2021,ROC,NY,AEA,CE,Combined TRACON& Tower with Radar,38,17,35,0,90,0,0,64,1,65,38,17,99,1,155,39,0,39,194
02/22/2021,ROC,NY,AEA,CE,Combined TRACON& Tower with Radar,41,21,20,0,82,0,0,0,1,1,41,21,20,1,83,0,0,0,83
02/23/2021,ROC,NY,AEA,CE,Combined TRACON& Tower with Radar,34,15,12,2,63,0,0,1,0,1,34,15,13,2,64,0,0,0,64
02/24/2021,ROC,NY,AEA,CE,Combined TRACON& Tower with Radar,36,26,17,0,79,0,1,21,2,24,36,27,38,2,103,10,0,10,113
02/25/2021,ROC,NY,AEA,CE,Combined TRACON& Tower with Radar,42,23,18,6,89,0,0,35,3,38,42,23,53,9,127,70,0,70,197
02/26/2021,ROC,NY,AEA,CE,Combined TRACON& Tower with Radar,37,23,31,4,95,0,0,93,6,99,37,23,124,10,194,102,0,102,296
02/27/2021,ROC,NY,AEA,CE,Combined TRACON& Tower with Radar,28,11,22,1,62,0,1,2,2,5,28,12,24,3,67,0,0,0,67
02/28/2021,ROC,NY,AEA,CE,Combined TRACON& Tower with Radar,36,15,18,0,69,0,0,17,3,20,36,15,35,3,89,45,0,45,134
03/01/2021,ROC,NY,AEA,CE,Combined TRACON& Tower with Radar,44,16,15,0,75,0,0,0,1,1,44,16,15,1,76,0,0,0,76
03/02/2021,ROC,NY,AEA,CE,Combined TRACON& Tower with Radar,35,13,16,0,64,0,0,28,4,32,35,13,44,4,96,74,0,74,170
03/03/2021,ROC,NY,AEA,CE,Combined TRACON& Tower with Radar,36,16,23,1,76,0,0,54,9,63,36,16,77,10,139,104,0,104,243
03/04/2021,ROC,NY,AEA,CE,Combined TRACON& Tower with Radar,43,35,31,1,110,0,1,28,4,33,43,36,59,5,143,14,0,14,157
03/05/2021,ROC,NY,AEA,CE,Combined TRACON& Tower with Radar,39,23,17,0,79,0,0,6,0,6,39,23,23,0,85,6,0,6,91
03/06/2021,ROC,NY,AEA,CE,Combined TRACON& Tower with Radar,31,15,10,0,56,0,0,3,0,3,31,15,13,0,59,10,0,10,69
03/07/2021,ROC,NY,AEA,CE,Combined TRACON& Tower with Radar,43,21,25,0,89,0,4,69,1,74,43,25,94,1,163,37,0,37,200
03/08/2021,ROC,NY,AEA,CE,Combined TRACON& Tower with Radar,44,26,23,0,93,0,1,56,2,59,44,27,79,2,152,90,0,90,242
03/09/2021,ROC,NY,AEA,CE,Combined TRACON& Tower with Radar,35,28,21,1,85,0,0,87,11,98,35,28,108,12,183,106,0,106,289
03/10/2021,ROC,NY,AEA,CE,Combined TRACON& Tower with Radar,39,25,23,6,93,0,1,63,14,78,39,26,86,20,171,11,0,11,182
03/11/2021,ROC,NY,AEA,CE,Combined TRACON& Tower with Radar,43,25,29,3,100,0,0,16,1,17,43,25,45,4,117,16,0,16,133
03/12/2021,ROC,NY,AEA,CE,Combined TRACON& Tower with Radar,41,30,25,6,102,0,0,19,4,23,41,30,44,10,125,56,0,56,181
03/13/2021,ROC,NY,AEA,CE,Combined TRACON& Tower with Radar,31,20,16,0,67,0,0,71,0,71,31,20,87,0,138,22,0,22,160
03/14/2021,ROC,NY,AEA,CE,Combined TRACON& Tower with Radar,39,23,13,0,75,0,1,5,0,6,39,24,18,0,81,0,0,0,81
03/15/2021,ROC,NY,AEA,CE,Combined TRACON& Tower with Radar,35,24,22,1,82,0,0,56,3,59,35,24,78,4,141,107,0,107,248
03/16/2021,ROC,NY,AEA,CE,Combined TRACON& Tower with Radar,36,19,20,5,80,0,0,35,3,38,36,19,55,8,118,52,0,52,170
03/17/2021,ROC,NY,AEA,CE,Combined TRACON& Tower with Radar,37,19,33,1,90,0,0,63,12,75,37,19,96,13,165,223,0,223,388
03/18/2021,ROC,NY,AEA,CE,Combined TRACON& Tower with Radar,43,31,19,1,94,0,0,2,2,4,43,31,21,3,98,0,0,0,98
03/19/2021,ROC,NY,AEA,CE,Combined TRACON& Tower with Radar,41,24,16,5,86,0,0,45,13,58,41,24,61,18,144,103,8,111,255
03/20/2021,ROC,NY,AEA,CE,Combined TRACON& Tower with Radar,31,15,35,0,81,0,1,83,8,92,31,16,118,8,173,97,0,97,270
03/21/2021,ROC,NY,AEA,CE,Combined TRACON& Tower with Radar,37,24,27,1,89,0,0,83,3,86,37,24,110,4,175,103,0,103,278
03/22/2021,ROC,NY,AEA,CE,Combined TRACON& Tower with Radar,34,29,35,0,98,0,1,86,0,87,34,30,121,0,185,168,0,168,353
03/23/2021,ROC,NY,AEA,CE,Combined TRACON& Tower with Radar,37,21,19,0,77,0,0,80,13,93,37,21,99,13,170,44,0,44,214
03/24/2021,ROC,NY,AEA,CE,Combined TRACON& Tower with Radar,42,23,27,1,93,0,0,25,4,29,42,23,52,5,122,12,0,12,134
03/25/2021,ROC,NY,AEA,CE,Combined TRACON& Tower with Radar,40,28,33,1,102,0,0,67,9,76,40,28,100,10,178,137,0,137,315
03/26/2021,ROC,NY,AEA,CE,Combined TRACON& Tower with Radar,46,35,19,0,100,0,1,2,0,3,46,36,21,0,103,12,0,12,115
03/27/2021,ROC,NY,AEA,CE,Combined TRACON& Tower with Radar,36,19,17,0,72,0,0,34,7,41,36,19,51,7,113,145,0,145,258
03/28/2021,ROC,NY,AEA,CE,Combined TRACON& Tower with Radar,36,28,15,0,79,0,0,3,0,3,36,28,18,0,82,0,0,0,82
03/29/2021,ROC,NY,AEA,CE,Combined TRACON& Tower with Radar,38,30,27,2,97,0,0,14,13,27,38,30,41,15,124,0,0,0,124
03/30/2021,ROC,NY,AEA,CE,Combined TRACON& Tower with Radar,38,18,21,0,77,0,1,67,9,77,38,19,88,9,154,34,0,34,188
03/31/2021,ROC,NY,AEA,CE,Combined TRACON& Tower with Radar,42,21,22,6,91,0,0,3,8,11,42,21,25,14,102,2,0,2,104
04/01/2021,ROC,NY,AEA,CE,Combined TRACON& Tower with Radar,46,27,15,2,90,0,0,9,6,15,46,27,24,8,105,4,0,4,109
04/02/2021,ROC,NY,AEA,CE,Combined TRACON& Tower with Radar,44,44,34,0,122,0,1,42,0,43,44,45,76,0,165,10,0,10,175
04/03/2021,ROC,NY,AEA,CE,Combined TRACON& Tower with Radar,39,25,30,0,94,0,0,109,2,111,39,25,139,2,205,59,0,59,264
04/04/2021,ROC,NY,AEA,CE,Combined TRACON& Tower with Radar,40,24,14,0,78,0,0,51,2,53,40,24,65,2,131,10,0,10,141
04/05/2021,ROC,NY,AEA,CE,Combined TRACON& Tower with Radar,41,27,50,0,118,0,0,68,5,73,41,27,118,5,191,184,0,184,375
04/06/2021,ROC,NY,AEA,CE,Combined TRACON& Tower with Radar,40,26,34,0,100,0,0,82,2,84,40,26,116,2,184,190,0,190,374
04/07/2021,ROC,NY,AEA,CE,Combined TRACON& Tower with Radar,42,27,26,1,96,0,3,69,4,76,42,30,95,5,172,152,0,152,324
04/08/2021,ROC,NY,AEA,CE,Combined TRACON& Tower with Radar,49,37,35,5,126,0,0,82,8,90,49,37,117,13,216,88,0,88,304
04/09/2021,ROC,NY,AEA,CE,Combined TRACON& Tower with Radar,47,25,23,0,95,0,1,28,8,37,47,26,51,8,132,48,0,48,180
04/10/2021,ROC,NY,AEA,CE,Combined TRACON& Tower with Radar,37,19,23,1,80,0,0,73,16,89,37,19,96,17,169,54,0,54,223
04/11/2021,ROC,NY,AEA,CE,Combined TRACON& Tower with Radar,39,24,13,0,76,0,0,0,0,0,39,24,13,0,76,0,0,0,76
04/12/2021,ROC,NY,AEA,CE,Combined TRACON& Tower with Radar,40,33,17,0,90,0,0,3,0,3,40,33,20,0,93,20,0,20,113
04/13/2021,ROC,NY,AEA,CE,Combined TRACON& Tower with Radar,40,24,29,0,93,0,0,9,0,9,40,24,38,0,102,75,0,75,177
04/14/2021,ROC,NY,AEA,CE,Combined TRACON& Tower with Radar,40,33,31,4,108,0,5,82,12,99,40,38,113,16,207,95,0,95,302
04/15/2021,ROC,NY,AEA,CE,Combined TRACON& Tower with Radar,50,32,18,11,111,0,0,5,6,11,50,32,23,17,122,36,22,58,180
04/16/2021,ROC,NY,AEA,CE,Combined TRACON& Tower with Radar,50,34,13,0,97,0,0,0,0,0,50,34,13,0,97,0,0,0,97
04/17/2021,ROC,NY,AEA,CE,Combined TRACON& Tower with Radar,35,22,15,0,72,0,0,29,0,29,35,22,44,0,101,108,0,108,209
04/18/2021,ROC,NY,AEA,CE,Combined TRACON& Tower with Radar,42,26,21,0,89,0,0,78,1,79,42,26,99,1,168,32,0,32,200
04/19/2021,ROC,NY,AEA,CE,Combined TRACON& Tower with Radar,41,26,21,2,90,0,1,81,2,84,41,27,102,4,174,119,0,119,293
04/20/2021,ROC,NY,AEA,CE,Combined TRACON& Tower with Radar,40,25,26,1,92,0,0,11,10,21,40,25,37,11,113,0,0,0,113
04/21/2021,ROC,NY,AEA,CE,Combined TRACON& Tower with Radar,40,20,13,0,73,0,0,2,0,2,40,20,15,0,75,0,0,0,75
04/22/2021,ROC,NY,AEA,CE,Combined TRACON& Tower with Radar,55,34,23,0,112,0,0,2,4,6,55,34,25,4,118,10,0,10,128
04/23/2021,ROC,NY,AEA,CE,Combined TRACON& Tower with Radar,49,28,28,0,105,0,2,63,2,67,49,30,91,2,172,71,0,71,243
04/24/2021,ROC,NY,AEA,CE,Combined TRACON& Tower with Radar,37,21,25,0,83,0,0,104,3,107,37,21,129,3,190,48,0,48,238
04/25/2021,ROC,NY,AEA,CE,Combined TRACON& Tower with Radar,42,30,18,0,90,0,0,14,2,16,42,30,32,2,106,52,0,52,158
04/26/2021,ROC,NY,AEA,CE,Combined TRACON& Tower with Radar,43,32,23,0,98,0,0,75,3,78,43,32,98,3,176,79,0,79,255
04/27/2021,ROC,NY,AEA,CE,Combined TRACON& Tower with Radar,40,21,32,2,95,0,0,79,8,87,40,21,111,10,182,30,0,30,212
04/28/2021,ROC,NY,AEA,CE,Combined TRACON& Tower with Radar,41,23,15,4,83,0,0,20,6,26,41,23,35,10,109,71,0,71,180
04/29/2021,ROC,NY,AEA,CE,Combined TRACON& Tower with Radar,51,38,23,0,112,0,0,0,0,0,51,38,23,0,112,0,0,0,112
04/30/2021,ROC,NY,AEA,CE,Combined TRACON& Tower with Radar,48,34,19,0,101,0,0,1,2,3,48,34,20,2,104,0,0,0,104
05/01/2021,ROC,NY,AEA,CE,Combined TRACON& Tower with Radar,35,17,14,0,66,0,1,85,2,88,35,18,99,2,154,56,0,56,210
05/02/2021,ROC,NY,AEA,CE,Combined TRACON& Tower with Radar,44,25,16,0,85,1,0,20,0,21,45,25,36,0,106,44,0,44,150
05/03/2021,ROC,NY,AEA,CE,Combined TRACON& Tower with Radar,39,40,31,0,110,0,0,31,2,33,39,40,62,2,143,114,0,114,257
05/04/2021,ROC,NY,AEA,CE,Combined TRACON& Tower with Radar,43,27,27,0,97,0,1,7,4,12,43,28,34,4,109,82,0,82,191
05/05/2021,ROC,NY,AEA,CE,Combined TRACON& Tower with Radar,43,27,41,1,112,0,0,12,5,17,43,27,53,6,129,38,0,38,167
05/06/2021,ROC,NY,AEA,CE,Combined TRACON& Tower with Radar,51,28,41,0,120,0,0,100,0,100,51,28,141,0,220,92,0,92,312
05/07/2021,ROC,NY,AEA,CE,Combined TRACON& Tower with Radar,53,38,13,1,105,0,1,6,0,7,53,39,19,1,112,88,0,88,200
05/08/2021,ROC,NY,AEA,CE,Combined TRACON& Tower with Radar,44,24,21,0,89,0,0,32,1,33,44,24,53,1,122,162,0,162,284
05/09/2021,ROC,NY,AEA,CE,Combined TRACON& Tower with Radar,48,24,15,1,88,0,1,35,0,36,48,25,50,1,124,35,0,35,159
05/10/2021,ROC,NY,AEA,CE,Combined TRACON& Tower with Radar,45,36,21,7,109,0,0,67,6,73,45,36,88,13,182,66,0,66,248
05/11/2021,ROC,NY,AEA,CE,Combined TRACON& Tower with Radar,47,29,16,5,97,0,0,35,10,45,47,29,51,15,142,8,0,8,150
05/12/2021,ROC,NY,AEA,CE,Combined TRACON& Tower with Radar,51,35,24,6,116,0,0,92,10,102,51,35,116,16,218,22,0,22,240
05/13/2021,ROC,NY,AEA,CE,Combined TRACON& Tower with Radar,54,40,45,0,139,0,3,106,7,116,54,43,151,7,255,117,0,117,372
05/14/2021,ROC,NY,AEA,CE,Combined TRACON& Tower with Radar,51,25,32,1,109,0,0,77,7,84,51,25,109,8,193,57,0,57,250
05/15/2021,ROC,NY,AEA,CE,Combined TRACON& Tower with Radar,48,24,31,4,107,0,0,68,8,76,48,24,99,12,183,48,0,48,231
05/16/2021,ROC,NY,AEA,CE,Combined TRACON& Tower with Radar,49,27,16,0,92,0,1,60,7,68,49,28,76,7,160,50,0,50,210
05/17/2021,ROC,NY,AEA,CE,Combined TRACON& Tower with Radar,47,29,32,0,108,0,0,65,2,67,47,29,97,2,175,165,0,165,340
05/18/2021,ROC,NY,AEA,CE,Combined TRACON& Tower with Radar,53,28,33,0,114,0,0,71,8,79,53,28,104,8,193,121,0,121,314
05/19/2021,ROC,NY,AEA,CE,Combined TRACON& Tower with Radar,49,31,32,0,112,0,0,91,2,93,49,31,123,2,205,41,0,41,246
05/20/2021,ROC,NY,AEA,CE,Combined TRACON& Tower with Radar,58,37,40,0,135,0,2,63,4,69,58,39,103,4,204,71,0,71,275
05/21/2021,ROC,NY,AEA,CE,Combined TRACON& Tower with Radar,59,31,19,0,109,0,0,57,5,62,59,31,76,5,171,86,0,86,257
05/22/2021,ROC,NY,AEA,CE,Combined TRACON& Tower with Radar,47,21,28,0,96,0,0,49,1,50,47,21,77,1,146,111,0,111,257
05/23/2021,ROC,NY,AEA,CE,Combined TRACON& Tower with Radar,52,23,30,0,105,0,3,24,5,32,52,26,54,5,137,0,0,0,137
05/24/2021,ROC,NY,AEA,CE,Combined TRACON& Tower with Radar,50,38,18,9,115,0,1,61,4,66,50,39,79,13,181,106,0,106,287
05/25/2021,ROC,NY,AEA,CE,Combined TRACON& Tower with Radar,53,32,36,6,127,0,0,57,4,61,53,32,93,10,188,124,0,124,312
05/26/2021,ROC,NY,AEA,CE,Combined TRACON& Tower with Radar,48,39,22,0,109,0,0,8,8,16,48,39,30,8,125,4,0,4,129
05/27/2021,ROC,NY,AEA,CE,Combined TRACON& Tower with Radar,57,30,35,6,128,0,0,85,10,95,57,30,120,16,223,0,12,12,235
05/28/2021,ROC,NY,AEA,CE,Combined TRACON& Tower with Radar,52,23,20,0,95,0,1,2,0,3,52,24,22,0,98,0,0,0,98
05/29/2021,ROC,NY,AEA,CE,Combined TRACON& Tower with Radar,44,23,16,0,83,0,0,53,2,55,44,23,69,2,138,99,0,99,237
05/30/2021,ROC,NY,AEA,CE,Combined TRACON& Tower with Radar,40,24,17,0,81,0,4,70,5,79,40,28,87,5,160,50,0,50,210
05/31/2021,ROC,NY,AEA,CE,Combined TRACON& Tower with Radar,45,23,30,0,98,0,0,61,2,63,45,23,91,2,161,154,0,154,315
06/01/2021,ROC,NY,AEA,CE,Combined TRACON& Tower with Radar,43,31,24,1,99,0,1,57,1,59,43,32,81,2,158,118,0,118,276
06/02/2021,ROC,NY,AEA,CE,Combined TRACON& Tower with Radar,48,26,29,2,105,0,0,71,5,76,48,26,100,7,181,112,0,112,293
06/03/2021,ROC,NY,AEA,CE,Combined TRACON& Tower with Radar,48,44,40,0,132,0,0,29,0,29,48,44,69,0,161,46,0,46,207
06/04/2021,ROC,NY,AEA,CE,Combined TRACON& Tower with Radar,59,31,44,0,134,0,0,71,0,71,59,31,115,0,205,169,0,169,374
06/05/2021,ROC,NY,AEA,CE,Combined TRACON& Tower with Radar,51,20,14,0,85,0,1,11,2,14,51,21,25,2,99,0,0,0,99
06/06/2021,ROC,NY,AEA,CE,Combined TRACON& Tower with Radar,53,29,22,0,104,0,0,42,9,51,53,29,64,9,155,16,0,16,171
06/07/2021,ROC,NY,AEA,CE,Combined TRACON& Tower with Radar,50,32,36,1,119,0,2,60,3,65,50,34,96,4,184,119,0,119,303
06/08/2021,ROC,NY,AEA,CE,Combined TRACON& Tower with Radar,63,36,20,8,127,0,0,11,5,16,63,36,31,13,143,5,0,5,148
06/09/2021,ROC,NY,AEA,CE,Combined TRACON& Tower with Radar,56,25,39,0,120,2,0,35,14,51,58,25,74,14,171,181,0,181,352
06/10/2021,ROC,NY,AEA,CE,Combined TRACON& Tower with Radar,58,34,27,3,122,0,0,82,15,97,58,34,109,18,219,88,0,88,307
06/11/2021,ROC,NY,AEA,CE,Combined TRACON& Tower with Radar,62,32,24,0,118,0,0,77,1,78,62,32,101,1,196,46,0,46,242
06/12/2021,ROC,NY,AEA,CE,Combined TRACON& Tower with Radar,45,29,13,0,87,0,1,79,10,90,45,30,92,10,177,128,0,128,305
06/13/2021,ROC,NY,AEA,CE,Combined TRACON& Tower with Radar,52,27,17,0,96,0,0,80,10,90,52,27,97,10,186,68,0,68,254
06/14/2021,ROC,NY,AEA,CE,Combined TRACON& Tower with Radar,50,34,24,2,110,0,8,30,11,49,50,42,54,13,159,34,0,34,193
06/15/2021,ROC,NY,AEA,CE,Combined TRACON& Tower with Radar,61,26,39,0,126,0,0,38,14,52,61,26,77,14,178,30,2,32,210
06/16/2021,ROC,NY,AEA,CE,Combined TRACON& Tower with Radar,61,32,26,3,122,0,3,68,8,79,61,35,94,11,201,36,0,36,237
06/17/2021,ROC,NY,AEA,CE,Combined TRACON& Tower with Radar,63,47,31,3,144,0,0,86,5,91,63,47,117,8,235,108,0,108,343
06/18/2021,ROC,NY,AEA,CE,Combined TRACON& Tower with Radar,59,41,27,1,128,0,2,18,1,21,59,43,45,2,149,32,0,32,181
06/19/2021,ROC,NY,AEA,CE,Combined TRACON& Tower with Radar,48,25,8,0,81,0,4,34,1,39,48,29,42,1,120,99,0,99,219
06/20/2021,ROC,NY,AEA,CE,Combined TRACON& Tower with Radar,54,23,15,0,92,0,1,29,3,33,54,24,44,3,125,76,0,76,201
06/21/2021,ROC,NY,AEA,CE,Combined TRACON& Tower with Radar,49,32,20,0,101,0,0,1,1,2,49,32,21,1,103,0,0,0,103
06/22/2021,ROC,NY,AEA,CE,Combined TRACON& Tower with Radar,63,26,34,2,125,0,0,35,16,51,63,26,69,18,176,140,4,144,320
06/23/2021,ROC,NY,AEA,CE,Combined TRACON& Tower with Radar,60,36,35,0,131,0,2,88,8,98,60,38,123,8,229,84,0,84,313
06/24/2021,ROC,NY,AEA,CE,Combined TRACON& Tower with Radar,60,37,45,7,149,0,0,73,14,87,60,37,118,21,236,41,2,43,279
06/25/2021,ROC,NY,AEA,CE,Combined TRACON& Tower with Radar,58,35,32,0,125,0,1,71,7,79,58,36,103,7,204,107,0,107,311
06/26/2021,ROC,NY,AEA,CE,Combined TRACON& Tower with Radar,48,22,11,0,81,0,0,41,1,42,48,22,52,1,123,0,0,0,123
06/27/2021,ROC,NY,AEA,CE,Combined TRACON& Tower with Radar,54,29,29,0,112,0,0,43,0,43,54,29,72,0,155,44,0,44,199
06/28/2021,ROC,NY,AEA,CE,Combined TRACON& Tower with Radar,49,33,48,2,132,0,0,62,12,74,49,33,110,14,206,86,0,86,292
06/29/2021,ROC,NY,AEA,CE,Combined TRACON& Tower with Radar,64,32,34,2,132,0,0,80,0,80,64,32,114,2,212,51,0,51,263
06/30/2021,ROC,NY,AEA,CE,Combined TRACON& Tower with Radar,57,33,35,2,127,0,0,30,13,43,57,33,65,15,170,64,0,64,234
07/01/2021,ROC,NY,AEA,CE,Combined TRACON& Tower with Radar,61,35,39,0,135,0,5,46,1,52,61,40,85,1,187,137,0,137,324
07/02/2021,ROC,NY,AEA,CE,Combined TRACON& Tower with Radar,62,42,17,0,121,0,0,3,0,3,62,42,20,0,124,0,0,0,124
07/03/2021,ROC,NY,AEA,CE,Combined TRACON& Tower with Radar,50,31,14,0,95,0,1,31,2,34,50,32,45,2,129,84,0,84,213
07/04/2021,ROC,NY,AEA,CE,Combined TRACON& Tower with Radar,50,20,14,0,84,0,0,26,4,30,50,20,40,4,114,111,0,111,225
07/05/2021,ROC,NY,AEA,CE,Combined TRACON& Tower with Radar,49,41,30,0,120,0,0,70,4,74,49,41,100,4,194,129,0,129,323
07/06/2021,ROC,NY,AEA,CE,Combined TRACON& Tower with Radar,52,38,22,0,112,0,0,31,1,32,52,38,53,1,144,62,0,62,206
07/07/2021,ROC,NY,AEA,CE,Combined TRACON& Tower with Radar,61,33,35,3,132,0,0,5,5,10,61,33,40,8,142,51,0,51,193
07/08/2021,ROC,NY,AEA,CE,Combined TRACON& Tower with Radar,58,48,35,5,146,0,0,2,0,2,58,48,37,5,148,22,0,22,170
07/09/2021,ROC,NY,AEA,CE,Combined TRACON& Tower with Radar,61,40,22,0,123,0,0,0,3,3,61,40,22,3,126,0,0,0,126
07/10/2021,ROC,NY,AEA,CE,Combined TRACON& Tower with Radar,51,36,28,0,115,0,3,47,10,60,51,39,75,10,175,224,0,224,399
07/11/2021,ROC,NY,AEA,CE,Combined TRACON& Tower with Radar,53,31,27,0,111,0,2,30,2,34,53,33,57,2,145,113,0,113,258
07/12/2021,ROC,NY,AEA,CE,Combined TRACON& Tower with Radar,49,44,28,1,122,0,0,5,5,10,49,44,33,6,132,70,0,70,202
07/13/2021,ROC,NY,AEA,CE,Combined TRACON& Tower with Radar,62,39,44,0,145,0,0,32,10,42,62,39,76,10,187,112,0,112,299
07/14/2021,ROC,NY,AEA,CE,Combined TRACON& Tower with Radar,62,36,20,4,122,0,0,36,6,42,62,36,56,10,164,80,0,80,244
07/15/2021,ROC,NY,AEA,CE,Combined TRACON& Tower with Radar,60,57,50,2,169,0,3,109,4,116,60,60,159,6,285,99,0,99,384
07/16/2021,ROC,NY,AEA,CE,Combined TRACON& Tower with Radar,60,44,37,0,141,0,0,48,3,51,60,44,85,3,192,166,0,166,358
07/17/2021,ROC,NY,AEA,CE,Combined TRACON& Tower with Radar,42,26,12,0,80,0,0,0,0,0,42,26,12,0,80,0,0,0,80
07/18/2021,ROC,NY,AEA,CE,Combined TRACON& Tower with Radar,52,39,15,0,106,0,0,68,2,70,52,39,83,2,176,68,0,68,244
07/19/2021,ROC,NY,AEA,CE,Combined TRACON& Tower with Radar,59,47,36,0,142,0,0,76,4,80,59,47,112,4,222,192,0,192,414
07/20/2021,ROC,NY,AEA,CE,Combined TRACON& Tower with Radar,61,35,31,0,127,0,0,26,8,34,61,35,57,8,161,99,0,99,260
07/21/2021,ROC,NY,AEA,CE,Combined TRACON& Tower with Radar,59,45,24,2,130,0,1,52,1,54,59,46,76,3,184,68,0,68,252
07/22/2021,ROC,NY,AEA,CE,Combined TRACON& Tower with Radar,63,40,35,6,144,0,0,70,4,74,63,40,105,10,218,42,0,42,260
07/23/2021,ROC,NY,AEA,CE,Combined TRACON& Tower with Radar,61,46,27,1,135,0,2,71,8,81,61,48,98,9,216,54,0,54,270
07/24/2021,ROC,NY,AEA,CE,Combined TRACON& Tower with Radar,45,39,16,2,102,0,0,55,9,64,45,39,71,11,166,56,0,56,222
07/25/2021,ROC,NY,AEA,CE,Combined TRACON& Tower with Radar,54,37,33,1,125,0,2,25,2,29,54,39,58,3,154,72,0,72,226
07/26/2021,ROC,NY,AEA,CE,Combined TRACON& Tower with Radar,51,38,33,3,125,0,4,78,2,84,51,42,111,5,209,64,0,64,273
07/27/2021,ROC,NY,AEA,CE,Combined TRACON& Tower with Radar,64,39,28,0,131,0,0,33,12,45,64,39,61,12,176,50,0,50,226
07/28/2021,ROC,NY,AEA,CE,Combined TRACON& Tower with Radar,57,33,34,6,130,0,0,52,8,60,57,33,86,14,190,152,0,152,342
07/29/2021,ROC,NY,AEA,CE,Combined TRACON& Tower with Radar,60,45,27,1,133,0,0,23,2,25,60,45,50,3,158,59,0,59,217
07/30/2021,ROC,NY,AEA,CE,Combined TRACON& Tower with Radar,63,52,50,1,166,0,0,42,1,43,63,52,92,2,209,20,0,20,229
07/31/2021,ROC,NY,AEA,CE,Combined TRACON& Tower with Radar,48,46,25,0,119,0,2,59,1,62,48,48,84,1,181,128,0,128,309
08/01/2021,ROC,NY,AEA,CE,Combined TRACON& Tower with Radar,60,20,25,0,105,0,0,9,2,11,60,20,34,2,116,0,0,0,116
08/02/2021,ROC,NY,AEA,CE,Combined TRACON& Tower with Radar,55,37,31,2,125,0,0,83,1,84,55,37,114,3,209,115,0,115,324
08/03/2021,ROC,NY,AEA,CE,Combined TRACON& Tower with Radar,61,41,50,2,154,0,1,79,1,81,61,42,129,3,235,108,0,108,343
08/04/2021,ROC,NY,AEA,CE,Combined TRACON& Tower with Radar,59,42,32,6,139,0,3,80,10,93,59,45,112,16,232,57,16,73,305
08/05/2021,ROC,NY,AEA,CE,Combined TRACON& Tower with Radar,71,29,49,1,150,0,1,76,1,78,71,30,125,2,228,116,0,116,344
08/06/2021,ROC,NY,AEA,CE,Combined TRACON& Tower with Radar,66,35,29,1,131,0,4,63,3,70,66,39,92,4,201,41,0,41,242
08/07/2021,ROC,NY,AEA,CE,Combined TRACON& Tower with Radar,53,30,18,0,101,0,4,60,0,64,53,34,78,0,165,87,0,87,252
08/08/2021,ROC,NY,AEA,CE,Combined TRACON& Tower with Radar,65,31,18,0,114,0,0,33,1,34,65,31,51,1,148,98,0,98,246
08/09/2021,ROC,NY,AEA,CE,Combined TRACON& Tower with Radar,55,34,31,1,121,0,0,78,2,80,55,34,109,3,201,119,0,119,320
08/10/2021,ROC,NY,AEA,CE,Combined TRACON& Tower with Radar,65,26,30,3,124,0,0,35,1,36,65,26,65,4,160,12,0,12,172
08/11/2021,ROC,NY,AEA,CE,Combined TRACON& Tower with Radar,60,44,37,3,144,0,0,32,5,37,60,44,69,8,181,33,0,33,214
08/12/2021,ROC,NY,AEA,CE,Combined TRACON& Tower with Radar,67,35,33,0,135,0,0,34,3,37,67,35,67,3,172,28,0,28,200
08/13/2021,ROC,NY,AEA,CE,Combined TRACON& Tower with Radar,65,30,14,0,109,0,3,37,0,40,65,33,51,0,149,73,0,73,222
08/14/2021,ROC,NY,AEA,CE,Combined TRACON& Tower with Radar,58,34,18,0,110,0,0,55,0,55,58,34,73,0,165,108,0,108,273
08/15/2021,ROC,NY,AEA,CE,Combined TRACON& Tower with Radar,66,30,26,0,122,0,0,64,0,64,66,30,90,0,186,58,0,58,244
08/16/2021,ROC,NY,AEA,CE,Combined TRACON& Tower with Radar,62,35,41,3,141,0,0,84,4,88,62,35,125,7,229,77,0,77,306
08/17/2021,ROC,NY,AEA,CE,Combined TRACON& Tower with Radar,66,35,42,3,146,0,0,15,9,24,66,35,57,12,170,32,0,32,202
08/18/2021,ROC,NY,AEA,CE,Combined TRACON& Tower with Radar,68,29,24,1,122,0,0,7,2,9,68,29,31,3,131,6,0,6,137
08/19/2021,ROC,NY,AEA,CE,Combined TRACON& Tower with Radar,68,36,38,0,142,0,0,25,10,35,68,36,63,10,177,86,0,86,263
08/20/2021,ROC,NY,AEA,CE,Combined TRACON& Tower with Radar,71,38,46,0,155,0,0,56,5,61,71,38,102,5,216,111,0,111,327
08/21/2021,ROC,NY,AEA,CE,Combined TRACON& Tower with Radar,51,23,20,0,94,0,0,17,0,17,51,23,37,0,111,185,0,185,296
08/22/2021,ROC,NY,AEA,CE,Combined TRACON& Tower with Radar,69,20,17,0,106,0,0,31,3,34,69,20,48,3,140,164,0,164,304
08/23/2021,ROC,NY,AEA,CE,Combined TRACON& Tower with Radar,62,33,44,2,141,0,1,25,2,28,62,34,69,4,169,35,3,38,207
08/24/2021,ROC,NY,AEA,CE,Combined TRACON& Tower with Radar,58,33,42,1,134,0,0,65,8,73,58,33,107,9,207,121,0,121,328
08/25/2021,ROC,NY,AEA,CE,Combined TRACON& Tower with Radar,70,40,26,0,136,0,2,57,5,64,70,42,83,5,200,83,0,83,283
08/26/2021,ROC,NY,AEA,CE,Combined TRACON& Tower with Radar,70,30,35,4,139,0,0,66,4,70,70,30,101,8,209,90,0,90,299
08/27/2021,ROC,NY,AEA,CE,Combined TRACON& Tower with Radar,76,31,45,0,152,0,3,52,3,58,76,34,97,3,210,68,0,68,278
08/28/2021,ROC,NY,AEA,CE,Combined TRACON& Tower with Radar,55,21,18,0,94,0,1,61,1,63,55,22,79,1,157,100,0,100,257
08/29/2021,ROC,NY,AEA,CE,Combined TRACON& Tower with Radar,63,31,18,0,112,0,0,24,0,24,63,31,42,0,136,37,0,37,173
08/30/2021,ROC,NY,AEA,CE,Combined TRACON& Tower with Radar,60,31,24,0,115,0,0,26,4,30,60,31,50,4,145,106,0,106,251
08/31/2021,ROC,NY,AEA,CE,Combined TRACON& Tower with Radar,63,25,37,0,125,0,0,83,4,87,63,25,120,4,212,94,0,94,306
09/01/2021,ROC,NY,AEA,CE,Combined TRACON& Tower with Radar,65,24,27,1,117,0,0,55,19,74,65,24,82,20,191,76,0,76,267
09/02/2021,ROC,NY,AEA,CE,Combined TRACON& Tower with Radar,73,30,50,1,154,0,3,60,8,71,73,33,110,9,225,55,0,55,280
09/03/2021,ROC,NY,AEA,CE,Combined TRACON& Tower with Radar,70,32,37,0,139,0,0,43,0,43,70,32,80,0,182,185,0,185,367
09/04/2021,ROC,NY,AEA,CE,Combined TRACON& Tower with Radar,60,20,27,0,107,0,2,76,3,81,60,22,103,3,188,78,0,78,266
09/05/2021,ROC,NY,AEA,CE,Combined TRACON& Tower with Radar,51,17,13,0,81,0,0,7,1,8,51,17,20,1,89,0,0,0,89
09/06/2021,ROC,NY,AEA,CE,Combined TRACON& Tower with Radar,54,21,12,0,87,0,1,18,1,20,54,22,30,1,107,8,0,8,115
09/07/2021,ROC,NY,AEA,CE,Combined TRACON& Tower with Radar,56,31,27,6,120,0,1,71,11,83,56,32,98,17,203,188,0,188,391
09/08/2021,ROC,NY,AEA,CE,Combined TRACON& Tower with Radar,68,20,40,5,133,0,0,31,4,35,68,20,71,9,168,14,0,14,182
09/09/2021,ROC,NY,AEA,CE,Combined TRACON& Tower with Radar,83,35,33,3,154,0,0,44,7,51,83,35,77,10,205,103,18,121,326
09/10/2021,ROC,NY,AEA,CE,Combined TRACON& Tower with Radar,75,34,33,4,146,0,1,78,6,85,75,35,111,10,231,49,0,49,280
09/11/2021,ROC,NY,AEA,CE,Combined TRACON& Tower with Radar,65,15,17,2,99,0,0,69,11,80,65,15,86,13,179,134,0,134,313
09/12/2021,ROC,NY,AEA,CE,Combined TRACON& Tower with Radar,72,25,32,0,129,0,0,11,0,11,72,25,43,0,140,4,0,4,144
09/13/2021,ROC,NY,AEA,CE,Combined TRACON& Tower with Radar,69,19,25,3,116,0,0,72,4,76,69,19,97,7,192,97,0,97,289
09/14/2021,ROC,NY,AEA,CE,Combined TRACON& Tower with Radar,69,13,30,1,113,0,1,41,5,47,69,14,71,6,160,59,0,59,219
09/15/2021,ROC,NY,AEA,CE,Combined TRACON& Tower with Radar,73,13,32,0,118,0,0,12,6,18,73,13,44,6,136,117,0,117,253
09/16/2021,ROC,NY,AEA,CE,Combined TRACON& Tower with Radar,80,16,41,5,142,0,2,63,9,74,80,18,104,14,216,62,0,62,278
09/17/2021,ROC,NY,AEA,CE,Combined TRACON& Tower with Radar,77,22,44,0,143,0,1,78,2,81,77,23,122,2,224,141,0,141,365
09/18/2021,ROC,NY,AEA,CE,Combined TRACON& Tower with Radar,64,13,27,0,104,0,0,16,0,16,64,13,43,0,120,47,0,47,167
09/19/2021,ROC,NY,AEA,CE,Combined TRACON& Tower with Radar,72,28,40,0,140,0,0,63,0,63,72,28,103,0,203,96,0,96,299
09/20/2021,ROC,NY,AEA,CE,Combined TRACON& Tower with Radar,69,21,20,3,113,0,0,66,3,69,69,21,86,6,182,52,0,52,234
09/21/2021,ROC,NY,AEA,CE,Combined TRACON& Tower with Radar,70,20,31,6,127,0,0,45,3,48,70,20,76,9,175,28,0,28,203
09/22/2021,ROC,NY,AEA,CE,Combined TRACON& Tower with Radar,70,24,39,0,133,0,0,4,0,4,70,24,43,0,137,26,0,26,163
09/23/2021,ROC,NY,AEA,CE,Combined TRACON& Tower with Radar,82,27,47,2,158,0,0,9,0,9,82,27,56,2,167,86,0,86,253
09/24/2021,ROC,NY,AEA,CE,Combined TRACON& Tower with Radar,76,35,51,2,164,0,17,52,2,71,76,52,103,4,235,87,0,87,322
09/25/2021,ROC,NY,AEA,CE,Combined TRACON& Tower with Radar,63,13,32,0,108,0,0,78,1,79,63,13,110,1,187,21,0,21,208
09/26/2021,ROC,NY,AEA,CE,Combined TRACON& Tower with Radar,74,18,31,0,123,0,0,55,1,56,74,18,86,1,179,20,0,20,199
09/27/2021,ROC,NY,AEA,CE,Combined TRACON& Tower with Radar,71,32,24,3,130,0,6,37,4,47,71,38,61,7,177,20,0,20,197
09/28/2021,ROC,NY,AEA,CE,Combined TRACON& Tower with Radar,67,21,60,2,150,0,0,66,4,70,67,21,126,6,220,41,0,41,261
09/29/2021,ROC,NY,AEA,CE,Combined TRACON& Tower with Radar,73,20,37,1,131,0,1,67,3,71,73,21,104,4,202,43,0,43,245
09/30/2021,ROC,NY,AEA,CE,Combined TRACON& Tower with Radar,78,28,42,0,148,0,0,38,3,41,78,28,80,3,189,119,0,119,308
10/01/2021,ROC,NY,AEA,CE,Combined TRACON& Tower with Radar,81,32,32,0,145,0,1,51,1,53,81,33,83,1,198,64,0,64,262
10/02/2021,ROC,NY,AEA,CE,Combined TRACON& Tower with Radar,63,12,11,0,86,0,1,60,2,63,63,13,71,2,149,51,0,51,200
10/03/2021,ROC,NY,AEA,CE,Combined TRACON& Tower with Radar,74,14,33,0,121,0,0,0,0,0,74,14,33,0,121,8,0,8,129
10/04/2021,ROC,NY,AEA,CE,Combined TRACON& Tower with Radar,73,27,21,0,121,0,0,0,0,0,73,27,21,0,121,0,0,0,121
10/05/2021,ROC,NY,AEA,CE,Combined TRACON& Tower with Radar,70,25,29,0,124,0,0,0,3,3,70,25,29,3,127,20,0,20,147
10/06/2021,ROC,NY,AEA,CE,Combined TRACON& Tower with Radar,70,34,50,2,156,0,0,6,13,19,70,34,56,15,175,139,0,139,314
10/07/2021,ROC,NY,AEA,CE,Combined TRACON& Tower with Radar,74,38,41,5,158,0,3,52,7,62,74,41,93,12,220,69,0,69,289
10/08/2021,ROC,NY,AEA,CE,Combined TRACON& Tower with Radar,75,43,36,0,154,0,0,63,4,67,75,43,99,4,221,176,0,176,397
10/09/2021,ROC,NY,AEA,CE,Combined TRACON& Tower with Radar,61,33,29,0,123,1,0,40,4,45,62,33,69,4,168,66,0,66,234
10/10/2021,ROC,NY,AEA,CE,Combined TRACON& Tower with Radar,67,36,35,0,138,0,0,39,5,44,67,36,74,5,182,18,0,18,200
10/11/2021,ROC,NY,AEA,CE,Combined TRACON& Tower with Radar,71,30,31,0,132,0,0,69,1,70,71,30,100,1,202,102,0,102,304
10/12/2021,ROC,NY,AEA,CE,Combined TRACON& Tower with Radar,69,45,30,6,150,0,2,95,6,103,69,47,125,12,253,62,0,62,315
10/13/2021,ROC,NY,AEA,CE,Combined TRACON& Tower with Radar,75,31,45,1,152,0,2,44,7,53,75,33,89,8,205,266,0,266,471
10/14/2021,ROC,NY,AEA,CE,Combined TRACON& Tower with Radar,77,43,39,4,163,0,1,82,12,95,77,44,121,16,258,114,0,114,372
10/15/2021,ROC,NY,AEA,CE,Combined TRACON& Tower with Radar,78,55,30,0,163,0,3,5,1,9,78,58,35,1,172,115,0,115,287
10/16/2021,ROC,NY,AEA,CE,Combined TRACON& Tower with Radar,60,23,18,1,102,0,0,0,7,7,60,23,18,8,109,0,0,0,109
10/17/2021,ROC,NY,AEA,CE,Combined TRACON& Tower with Radar,72,27,30,2,131,0,1,8,9,18,72,28,38,11,149,0,0,0,149
10/18/2021,ROC,NY,AEA,CE,Combined TRACON& Tower with Radar,70,29,35,2,136,0,1,10,3,14,70,30,45,5,150,16,0,16,166
10/19/2021,ROC,NY,AEA,CE,Combined TRACON& Tower with Radar,70,37,32,2,141,0,1,45,4,50,70,38,77,6,191,18,0,18,209
10/20/2021,ROC,NY,AEA,CE,Combined TRACON& Tower with Radar,74,27,31,4,136,0,3,63,6,72,74,30,94,10,208,70,0,70,278
10/21/2021,ROC,NY,AEA,CE,Combined TRACON& Tower with Radar,74,38,26,0,138,0,0,39,7,46,74,38,65,7,184,104,0,104,288
10/22/2021,ROC,NY,AEA,CE,Combined TRACON& Tower with Radar,77,27,27,0,131,0,0,40,3,43,77,27,67,3,174,14,0,14,188
10/23/2021,ROC,NY,AEA,CE,Combined TRACON& Tower with Radar,58,25,28,0,111,0,2,44,0,46,58,27,72,0,157,110,0,110,267
10/24/2021,ROC,NY,AEA,CE,Combined TRACON& Tower with Radar,71,25,35,0,131,0,0,64,0,64,71,25,99,0,195,72,0,72,267
10/25/2021,ROC,NY,AEA,CE,Combined TRACON& Tower with Radar,68,37,16,2,123,0,0,0,0,0,68,37,16,2,123,0,0,0,123
10/26/2021,ROC,NY,AEA,CE,Combined TRACON& Tower with Radar,72,25,12,0,109,0,0,0,0,0,72,25,12,0,109,0,0,0,109
10/27/2021,ROC,NY,AEA,CE,Combined TRACON& Tower with Radar,73,31,31,3,138,0,0,63,6,69,73,31,94,9,207,32,0,32,239
10/28/2021,ROC,NY,AEA,CE,Combined TRACON& Tower with Radar,77,32,41,0,150,0,1,90,1,92,77,33,131,1,242,144,4,148,390
10/29/2021,ROC,NY,AEA,CE,Combined TRACON& Tower with Radar,77,31,34,2,144,0,0,34,4,38,77,31,68,6,182,27,0,27,209
10/30/2021,ROC,NY,AEA,CE,Combined TRACON& Tower with Radar,59,24,30,0,113,0,0,0,0,0,59,24,30,0,113,0,0,0,113
10/31/2021,ROC,NY,AEA,CE,Combined TRACON& Tower with Radar,60,17,16,0,93,0,0,6,0,6,60,17,22,0,99,0,0,0,99
11/01/2021,ROC,NY,AEA,CE,Combined TRACON& Tower with Radar,80,37,25,0,142,0,1,23,3,27,80,38,48,3,169,23,0,23,192
11/02/2021,ROC,NY,AEA,CE,Combined TRACON& Tower with Radar,79,34,35,0,148,0,4,57,5,66,79,38,92,5,214,67,0,67,281
11/03/2021,ROC,NY,AEA,CE,Combined TRACON& Tower with Radar,79,38,23,4,144,0,0,21,1,22,79,38,44,5,166,7,0,7,173
11/04/2021,ROC,NY,AEA,CE,Combined TRACON& Tower with Radar,88,35,40,4,167,2,0,50,11,63,90,35,90,15,230,75,0,75,305
11/05/2021,ROC,NY,AEA,CE,Combined TRACON& Tower with Radar,83,34,34,3,154,0,1,65,9,75,83,35,99,12,229,102,0,102,331
11/06/2021,ROC,NY,AEA,CE,Combined TRACON& Tower with Radar,62,19,19,0,100,0,0,92,15,107,62,19,111,15,207,24,0,24,231
11/07/2021,ROC,NY,AEA,CE,Combined TRACON& Tower with Radar,72,31,37,0,140,0,0,82,3,85,72,31,119,3,225,44,0,44,269
11/08/2021,ROC,NY,AEA,CE,Combined TRACON& Tower with Radar,77,36,31,0,144,0,1,99,4,104,77,37,130,4,248,51,0,51,299
11/09/2021,ROC,NY,AEA,CE,Combined TRACON& Tower with Radar,80,34,43,5,162,0,0,46,14,60,80,34,89,19,222,78,2,80,302
11/10/2021,ROC,NY,AEA,CE,Combined TRACON& Tower with Radar,81,39,50,0,170,0,0,86,3,89,81,39,136,3,259,127,0,127,386
11/11/2021,ROC,NY,AEA,CE,Combined TRACON& Tower with Radar,88,43,26,0,157,0,0,50,4,54,88,43,76,4,211,4,0,4,215
11/12/2021,ROC,NY,AEA,CE,Combined TRACON& Tower with Radar,80,38,42,0,160,0,1,71,1,73,80,39,113,1,233,57,0,57,290
11/13/2021,ROC,NY,AEA,CE,Combined TRACON& Tower with Radar,63,27,19,0,109,0,0,0,0,0,63,27,19,0,109,2,0,2,111
11/14/2021,ROC,NY,AEA,CE,Combined TRACON& Tower with Radar,72,27,28,0,127,0,0,6,2,8,72,27,34,2,135,27,0,27,162
11/15/2021,ROC,NY,AEA,CE,Combined TRACON& Tower with Radar,80,35,27,2,144,0,0,0,0,0,80,35,27,2,144,12,0,12,156
11/16/2021,ROC,NY,AEA,CE,Combined TRACON& Tower with Radar,81,42,19,0,142,0,0,49,0,49,81,42,68,0,191,78,0,78,269
11/17/2021,ROC,NY,AEA,CE,Combined TRACON& Tower with Radar,84,32,27,1,144,0,2,51,2,55,84,34,78,3,199,28,0,28,227
11/18/2021,ROC,NY,AEA,CE,Combined TRACON& Tower with Radar,83,36,37,3,159,0,0,2,0,2,83,36,39,3,161,14,0,14,175
11/19/2021,ROC,NY,AEA,CE,Combined TRACON& Tower with Radar,81,36,25,1,143,0,0,15,4,19,81,36,40,5,162,0,0,0,162
11/20/2021,ROC,NY,AEA,CE,Combined TRACON& Tower with Radar,77,22,41,0,140,0,1,80,1,82,77,23,121,1,222,56,0,56,278
11/21/2021,ROC,NY,AEA,CE,Combined TRACON& Tower with Radar,79,24,27,0,130,0,1,42,2,45,79,25,69,2,175,22,0,22,197
11/22/2021,ROC,NY,AEA,CE,Combined TRACON& Tower with Radar,82,31,20,0,133,0,1,3,10,14,82,32,23,10,147,20,0,20,167
11/23/2021,ROC,NY,AEA,CE,Combined TRACON& Tower with Radar,89,35,33,2,159,0,0,34,10,44,89,35,67,12,203,12,0,12,215
11/24/2021,ROC,NY,AEA,CE,Combined TRACON& Tower with Radar,93,49,28,0,170,0,2,103,2,107,93,51,131,2,277,73,0,73,350
11/25/2021,ROC,NY,AEA,CE,Combined TRACON& Tower with Radar,47,11,4,0,62,0,0,1,0,1,47,11,5,0,63,12,0,12,75
11/26/2021,ROC,NY,AEA,CE,Combined TRACON& Tower with Radar,57,21,7,0,85,0,0,1,0,1,57,21,8,0,86,0,0,0,86
11/27/2021,ROC,NY,AEA,CE,Combined TRACON& Tower with Radar,85,20,18,0,123,0,0,31,0,31,85,20,49,0,154,45,0,45,199
11/28/2021,ROC,NY,AEA,CE,Combined TRACON& Tower with Radar,87,38,29,0,154,0,0,0,0,0,87,38,29,0,154,0,0,0,154
11/29/2021,ROC,NY,AEA,CE,Combined TRACON& Tower with Radar,87,44,35,3,169,0,1,44,9,54,87,45,79,12,223,107,0,107,330
11/30/2021,ROC,NY,AEA,CE,Combined TRACON& Tower with Radar,85,41,17,4,147,0,0,2,7,9,85,41,19,11,156,28,0,28,184
12/01/2021,ROC,NY,AEA,CE,Combined TRACON& Tower with Radar,85,39,33,3,160,0,0,56,10,66,85,39,89,13,226,61,0,61,287
12/02/2021,ROC,NY,AEA,CE,Combined TRACON& Tower with Radar,89,41,22,2,154,0,0,2,1,3,89,41,24,3,157,0,0,0,157
12/03/2021,ROC,NY,AEA,CE,Combined TRACON& Tower with Radar,83,45,30,0,158,0,1,35,2,38,83,46,65,2,196,118,0,118,314
12/04/2021,ROC,NY,AEA,CE,Combined TRACON& Tower with Radar,62,22,19,0,103,0,0,28,0,28,62,22,47,0,131,37,0,37,168
12/05/2021,ROC,NY,AEA,CE,Combined TRACON& Tower with Radar,74,23,25,0,122,0,0,50,4,54,74,23,75,4,176,0,0,0,176
12/06/2021,ROC,NY,AEA,CE,Combined TRACON& Tower with Radar,76,31,14,0,121,0,0,0,0,0,76,31,14,0,121,0,0,0,121
12/07/2021,ROC,NY,AEA,CE,Combined TRACON& Tower with Radar,82,35,31,2,150,0,0,33,3,36,82,35,64,5,186,62,0,62,248
12/08/2021,ROC,NY,AEA,CE,Combined TRACON& Tower with Radar,75,29,19,1,124,0,0,8,1,9,75,29,27,2,133,3,0,3,136
12/09/2021,ROC,NY,AEA,CE,Combined TRACON& Tower with Radar,84,36,47,1,168,0,2,61,9,72,84,38,108,10,240,118,0,118,358
12/10/2021,ROC,NY,AEA,CE,Combined TRACON& Tower with Radar,82,40,34,0,156,0,0,58,4,62,82,40,92,4,218,107,0,107,325
12/11/2021,ROC,NY,AEA,CE,Combined TRACON& Tower with Radar,68,21,6,0,95,0,0,0,0,0,68,21,6,0,95,0,0,0,95
12/12/2021,ROC,NY,AEA,CE,Combined TRACON& Tower with Radar,76,30,21,2,129,0,0,28,2,30,76,30,49,4,159,3,0,3,162
12/13/2021,ROC,NY,AEA,CE,Combined TRACON& Tower with Radar,79,29,31,0,139,0,0,33,5,38,79,29,64,5,177,2,0,2,179
12/14/2021,ROC,NY,AEA,CE,Combined TRACON& Tower with Radar,77,34,37,4,152,0,2,79,9,90,77,36,116,13,242,81,0,81,323
12/15/2021,ROC,NY,AEA,CE,Combined TRACON& Tower with Radar,78,42,30,3,153,0,1,16,8,25,78,43,46,11,178,17,0,17,195
12/16/2021,ROC,NY,AEA,CE,Combined TRACON& Tower with Radar,79,50,20,0,149,0,0,1,0,1,79,50,21,0,150,10,0,10,160
12/17/2021,ROC,NY,AEA,CE,Combined TRACON& Tower with Radar,85,37,37,0,159,0,0,53,0,53,85,37,90,0,212,20,0,20,232
12/18/2021,ROC,NY,AEA,CE,Combined TRACON& Tower with Radar,64,23,10,0,97,0,0,0,0,0,64,23,10,0,97,0,0,0,97
12/19/2021,ROC,NY,AEA,CE,Combined TRACON& Tower with Radar,74,28,18,0,120,0,0,3,1,4,74,28,21,1,124,0,0,0,124
12/20/2021,ROC,NY,AEA,CE,Combined TRACON& Tower with Radar,75,35,35,0,145,0,3,59,1,63,75,38,94,1,208,34,0,34,242
12/21/2021,ROC,NY,AEA,CE,Combined TRACON& Tower with Radar,81,37,33,2,153,0,0,58,13,71,81,37,91,15,224,46,0,46,270
12/22/2021,ROC,NY,AEA,CE,Combined TRACON& Tower with Radar,79,38,12,0,129,0,0,3,3,6,79,38,15,3,135,0,0,0,135
12/23/2021,ROC,NY,AEA,CE,Combined TRACON& Tower with Radar,91,42,26,0,159,0,0,16,1,17,91,42,42,1,176,14,0,14,190
12/24/2021,ROC,NY,AEA,CE,Combined TRACON& Tower with Radar,63,25,7,0,95,0,0,13,0,13,63,25,20,0,108,30,0,30,138
12/25/2021,ROC,NY,AEA,CE,Combined TRACON& Tower with Radar,48,12,0,0,60,0,0,0,0,0,48,12,0,0,60,0,0,0,60
12/26/2021,ROC,NY,AEA,CE,Combined TRACON& Tower with Radar,67,25,17,0,109,0,0,4,0,4,67,25,21,0,113,0,0,0,113
12/27/2021,ROC,NY,AEA,CE,Combined TRACON& Tower with Radar,64,37,27,0,128,0,0,1,0,1,64,37,28,0,129,0,0,0,129
12/28/2021,ROC,NY,AEA,CE,Combined TRACON& Tower with Radar,73,39,35,0,147,0,1,32,5,38,73,40,67,5,185,12,2,14,199
12/29/2021,ROC,NY,AEA,CE,Combined TRACON& Tower with Radar,63,31,15,0,109,0,0,0,0,0,63,31,15,0,109,0,0,0,109
12/30/2021,ROC,NY,AEA,CE,Combined TRACON& Tower with Radar,66,32,10,0,108,0,0,8,0,8,66,32,18,0,116,75,0,75,191
12/31/2021,ROC,NY,AEA,CE,Combined TRACON& Tower with Radar,59,24,13,0,96,0,0,15,0,15,59,24,28,0,111,28,0,28,139
01/01/2022,ROC,NY,AEA,CE,Combined TRACON& Tower with Radar,53,12,4,0,69,0,0,0,0,0,53,12,4,0,69,0,0,0,69
01/02/2022,ROC,NY,AEA,CE,Combined TRACON& Tower with Radar,62,22,17,0,101,0,0,0,0,0,62,22,17,0,101,0,0,0,101
01/03/2022,ROC,NY,AEA,CE,Combined TRACON& Tower with Radar,67,32,26,0,125,0,0,9,0,9,67,32,35,0,134,36,0,36,170
01/04/2022,ROC,NY,AEA,CE,Combined TRACON& Tower with Radar,60,35,19,1,115,0,0,48,7,55,60,35,67,8,170,73,0,73,243
01/05/2022,ROC,NY,AEA,CE,Combined TRACON& Tower with Radar,70,30,10,3,113,0,1,13,1,15,70,31,23,4,128,35,0,35,163
01/06/2022,ROC,NY,AEA,CE,Combined TRACON& Tower with Radar,64,29,18,11,122,0,0,5,3,8,64,29,23,14,130,0,0,0,130
01/07/2022,ROC,NY,AEA,CE,Combined TRACON& Tower with Radar,59,35,11,0,105,0,0,0,0,0,59,35,11,0,105,0,0,0,105
01/08/2022,ROC,NY,AEA,CE,Combined TRACON& Tower with Radar,53,30,23,0,106,0,0,76,1,77,53,30,99,1,183,30,0,30,213
01/09/2022,ROC,NY,AEA,CE,Combined TRACON& Tower with Radar,62,38,13,0,113,0,0,0,0,0,62,38,13,0,113,0,0,0,113
01/10/2022,ROC,NY,AEA,CE,Combined TRACON& Tower with Radar,68,27,19,0,114,0,0,5,3,8,68,27,24,3,122,0,0,0,122
01/11/2022,ROC,NY,AEA,CE,Combined TRACON& Tower with Radar,77,29,19,3,128,0,1,13,12,26,77,30,32,15,154,53,0,53,207
01/12/2022,ROC,NY,AEA,CE,Combined TRACON& Tower with Radar,71,38,16,0,125,0,0,6,12,18,71,38,22,12,143,2,0,2,145
01/13/2022,ROC,NY,AEA,CE,Combined TRACON& Tower with Radar,78,31,16,2,127,0,0,2,0,2,78,31,18,2,129,0,0,0,129
01/14/2022,ROC,NY,AEA,CE,Combined TRACON& Tower with Radar,76,44,23,0,143,0,0,2,0,2,76,44,25,0,145,0,0,0,145
01/15/2022,ROC,NY,AEA,CE,Combined TRACON& Tower with Radar,55,31,11,0,97,0,0,5,0,5,55,31,16,0,102,0,0,0,102
01/16/2022,ROC,NY,AEA,CE,Combined TRACON& Tower with Radar,38,33,15,0,86,0,0,57,0,57,38,33,72,0,143,22,0,22,165
01/17/2022,ROC,NY,AEA,CE,Combined TRACON& Tower with Radar,36,5,5,0,46,0,0,0,0,0,36,5,5,0,46,0,0,0,46
01/18/2022,ROC,NY,AEA,CE,Combined TRACON& Tower with Radar,75,33,24,3,135,0,1,19,5,25,75,34,43,8,160,14,0,14,174
01/19/2022,ROC,NY,AEA,CE,Combined TRACON& Tower with Radar,74,36,22,4,136,0,0,7,12,19,74,36,29,16,155,0,0,0,155
01/20/2022,ROC,NY,AEA,CE,Combined TRACON& Tower with Radar,67,31,11,0,109,0,0,0,0,0,67,31,11,0,109,24,0,24,133
01/21/2022,ROC,NY,AEA,CE,Combined TRACON& Tower with Radar,78,35,22,1,136,0,0,2,1,3,78,35,24,2,139,0,0,0,139
01/22/2022,ROC,NY,AEA,CE,Combined TRACON& Tower with Radar,57,26,21,2,106,0,0,59,14,73,57,26,80,16,179,46,0,46,225
01/23/2022,ROC,NY,AEA,CE,Combined TRACON& Tower with Radar,62,31,6,0,99,0,0,0,0,0,62,31,6,0,99,0,0,0,99
01/24/2022,ROC,NY,AEA,CE,Combined TRACON& Tower with Radar,71,34,12,1,118,0,0,23,3,26,71,34,35,4,144,26,0,26,170
01/25/2022,ROC,NY,AEA,CE,Combined TRACON& Tower with Radar,75,30,18,0,123,0,0,1,0,1,75,30,19,0,124,0,0,0,124
01/26/2022,ROC,NY,AEA,CE,Combined TRACON& Tower with Radar,81,29,18,2,130,0,1,14,13,28,81,30,32,15,158,45,0,45,203
01/27/2022,ROC,NY,AEA,CE,Combined TRACON& Tower with Radar,79,37,27,0,143,0,1,47,6,54,79,38,74,6,197,28,0,28,225
01/28/2022,ROC,NY,AEA,CE,Combined TRACON& Tower with Radar,66,36,14,0,116,0,0,0,0,0,66,36,14,0,116,0,0,0,116
01/29/2022,ROC,NY,AEA,CE,Combined TRACON& Tower with Radar,41,17,5,0,63,0,0,4,1,5,41,17,9,1,68,0,0,0,68
01/30/2022,ROC,NY,AEA,CE,Combined TRACON& Tower with Radar,55,39,22,0,116,0,0,52,1,53,55,39,74,1,169,78,0,78,247
01/31/2022,ROC,NY,AEA,CE,Combined TRACON& Tower with Radar,67,34,28,2,131,0,0,79,6,85,67,34,107,8,216,142,0,142,358
02/01/2022,ROC,NY,AEA,CE,Combined TRACON& Tower with Radar,77,29,26,1,133,0,1,58,16,75,77,30,84,17,208,41,0,41,249
02/02/2022,ROC,NY,AEA,CE,Combined TRACON& Tower with Radar,69,32,19,2,122,0,0,54,6,60,69,32,73,8,182,49,0,49,231
02/03/2022,ROC,NY,AEA,CE,Combined TRACON& Tower with Radar,45,11,8,0,64,0,0,0,0,0,45,11,8,0,64,0,0,0,64
02/04/2022,ROC,NY,AEA,CE,Combined TRACON& Tower with Radar,49,27,8,0,84,0,0,0,0,0,49,27,8,0,84,0,0,0,84
02/05/2022,ROC,NY,AEA,CE,Combined TRACON& Tower with Radar,53,25,16,0,94,0,0,34,0,34,53,25,50,0,128,0,0,0,128
02/06/2022,ROC,NY,AEA,CE,Combined TRACON& Tower with Radar,65,34,18,0,117,0,1,26,0,27,65,35,44,0,144,42,0,42,186
02/07/2022,ROC,NY,AEA,CE,Combined TRACON& Tower with Radar,72,32,26,1,131,0,0,74,4,78,72,32,100,5,209,0,0,0,209
02/08/2022,ROC,NY,AEA,CE,Combined TRACON& Tower with Radar,75,30,20,0,125,0,0,5,1,6,75,30,25,1,131,0,0,0,131
02/09/2022,ROC,NY,AEA,CE,Combined TRACON& Tower with Radar,79,26,28,2,135,0,4,41,12,57,79,30,69,14,192,122,0,122,314
02/10/2022,ROC,NY,AEA,CE,Combined TRACON& Tower with Radar,81,33,19,2,135,0,0,1,4,5,81,33,20,6,140,0,0,0,140
02/11/2022,ROC,NY,AEA,CE,Combined TRACON& Tower with Radar,80,40,23,0,143,0,0,10,2,12,80,40,33,2,155,22,0,22,177
02/12/2022,ROC,NY,AEA,CE,Combined TRACON& Tower with Radar,63,26,14,0,103,0,0,1,0,1,63,26,15,0,104,0,0,0,104
02/13/2022,ROC,NY,AEA,CE,Combined TRACON& Tower with Radar,57,27,8,0,92,0,0,12,0,12,57,27,20,0,104,0,0,0,104
02/14/2022,ROC,NY,AEA,CE,Combined TRACON& Tower with Radar,81,31,14,0,126,0,0,29,3,32,81,31,43,3,158,0,0,0,158
02/15/2022,ROC,NY,AEA,CE,Combined TRACON& Tower with Radar,78,37,33,1,149,0,0,46,14,60,78,37,79,15,209,32,0,32,241
02/16/2022,ROC,NY,AEA,CE,Combined TRACON& Tower with Radar,86,42,15,6,149,0,2,4,1,7,86,44,19,7,156,0,0,0,156
02/17/2022,ROC,NY,AEA,CE,Combined TRACON& Tower with Radar,80,31,15,0,126,0,0,1,0,1,80,31,16,0,127,0,0,0,127
02/18/2022,ROC,NY,AEA,CE,Combined TRACON& Tower with Radar,76,30,24,0,130,0,0,0,0,0,76,30,24,0,130,0,0,0,130
02/19/2022,ROC,NY,AEA,CE,Combined TRACON& Tower with Radar,71,21,17,0,109,0,0,0,0,0,71,21,17,0,109,0,0,0,109
02/20/2022,ROC,NY,AEA,CE,Combined TRACON& Tower with Radar,69,31,20,0,120,0,0,21,0,21,69,31,41,0,141,155,0,155,296
02/21/2022,ROC,NY,AEA,CE,Combined TRACON& Tower with Radar,79,25,42,0,146,0,2,103,3,108,79,27,145,3,254,135,0,135,389
02/22/2022,ROC,NY,AEA,CE,Combined TRACON& Tower with Radar,76,28,18,1,123,0,0,19,3,22,76,28,37,4,145,10,0,10,155
02/23/2022,ROC,NY,AEA,CE,Combined TRACON& Tower with Radar,87,30,3,0,120,0,0,0,3,3,87,30,3,3,123,0,0,0,123
02/24/2022,ROC,NY,AEA,CE,Combined TRACON& Tower with Radar,81,42,27,2,152,0,0,50,8,58,81,42,77,10,210,65,2,67,277
02/25/2022,ROC,NY,AEA,CE,Combined TRACON& Tower with Radar,50,22,12,0,84,0,0,0,0,0,50,22,12,0,84,0,0,0,84
02/26/2022,ROC,NY,AEA,CE,Combined TRACON& Tower with Radar,71,32,25,0,128,0,0,34,3,37,71,32,59,3,165,24,0,24,189
02/27/2022,ROC,NY,AEA,CE,Combined TRACON& Tower with Radar,73,32,28,0,133,0,0,0,0,0,73,32,28,0,133,0,0,0,133
02/28/2022,ROC,NY,AEA,CE,Combined TRACON& Tower with Radar,78,32,29,1,140,0,0,83,5,88,78,32,112,6,228,74,0,74,302
03/01/2022,ROC,NY,AEA,CE,Combined TRACON& Tower with Radar,88,31,15,0,134,0,0,31,5,36,88,31,46,5,170,54,0,54,224
03/02/2022,ROC,NY,AEA,CE,Combined TRACON& Tower with Radar,84,33,27,0,144,0,0,45,9,54,84,33,72,9,198,40,0,40,238
03/03/2022,ROC,NY,AEA,CE,Combined TRACON& Tower with Radar,79,35,26,2,142,0,0,14,8,22,79,35,40,10,164,26,0,26,190
03/04/2022,ROC,NY,AEA,CE,Combined TRACON& Tower with Radar,82,42,28,0,152,0,1,61,2,64,82,43,89,2,216,43,0,43,259
03/05/2022,ROC,NY,AEA,CE,Combined TRACON& Tower with Radar,58,26,33,0,117,0,0,85,5,90,58,26,118,5,207,73,0,73,280
03/06/2022,ROC,NY,AEA,CE,Combined TRACON& Tower with Radar,64,43,8,0,115,0,1,3,1,5,64,44,11,1,120,0,0,0,120
03/07/2022,ROC,NY,AEA,CE,Combined TRACON& Tower with Radar,62,34,23,0,119,0,0,0,0,0,62,34,23,0,119,0,0,0,119
03/08/2022,ROC,NY,AEA,CE,Combined TRACON& Tower with Radar,75,32,21,0,128,0,0,59,11,70,75,32,80,11,198,121,0,121,319
03/09/2022,ROC,NY,AEA,CE,Combined TRACON& Tower with Radar,70,33,30,7,140,0,2,55,9,66,70,35,85,16,206,143,0,143,349
03/10/2022,ROC,NY,AEA,CE,Combined TRACON& Tower with Radar,73,38,27,2,140,0,0,67,4,71,73,38,94,6,211,166,0,166,377
03/11/2022,ROC,NY,AEA,CE,Combined TRACON& Tower with Radar,76,39,31,0,146,0,0,35,2,37,76,39,66,2,183,24,0,24,207
03/12/2022,ROC,NY,AEA,CE,Combined TRACON& Tower with Radar,48,20,4,0,72,0,0,0,0,0,48,20,4,0,72,0,0,0,72
03/13/2022,ROC,NY,AEA,CE,Combined TRACON& Tower with Radar,55,34,11,0,100,0,0,2,2,4,55,34,13,2,104,0,0,0,104
03/14/2022,ROC,NY,AEA,CE,Combined TRACON& Tower with Radar,69,35,35,0,139,0,0,64,2,66,69,35,99,2,205,68,0,68,273
03/15/2022,ROC,NY,AEA,CE,Combined TRACON& Tower with Radar,71,30,15,0,116,0,0,0,0,0,71,30,15,0,116,0,0,0,116
03/16/2022,ROC,NY,AEA,CE,Combined TRACON& Tower with Radar,77,32,19,0,128,0,0,62,3,65,77,32,81,3,193,146,0,146,339
03/17/2022,ROC,NY,AEA,CE,Combined TRACON& Tower with Radar,75,40,34,8,157,0,0,104,10,114,75,40,138,18,271,88,0,88,359
03/18/2022,ROC,NY,AEA,CE,Combined TRACON& Tower with Radar,75,37,23,1,136,0,1,65,5,71,75,38,88,6,207,71,0,71,278
03/19/2022,ROC,NY,AEA,CE,Combined TRACON& Tower with Radar,64,25,20,0,109,0,0,3,0,3,64,25,23,0,112,0,0,0,112
03/20/2022,ROC,NY,AEA,CE,Combined TRACON& Tower with Radar,56,37,17,0,110,0,0,1,2,3,56,37,18,2,113,0,0,0,113
03/21/2022,ROC,NY,AEA,CE,Combined TRACON& Tower with Radar,72,27,26,1,126,0,0,41,1,42,72,27,67,2,168,65,0,65,233
03/22/2022,ROC,NY,AEA,CE,Combined TRACON& Tower with Radar,71,31,39,2,143,0,1,95,4,100,71,32,134,6,243,73,0,73,316
03/23/2022,ROC,NY,AEA,CE,Combined TRACON& Tower with Radar,75,36,29,2,142,0,0,10,0,10,75,36,39,2,152,6,0,6,158
03/24/2022,ROC,NY,AEA,CE,Combined TRACON& Tower with Radar,74,38,30,4,146,0,0,41,6,47,74,38,71,10,193,56,0,56,249
03/25/2022,ROC,NY,AEA,CE,Combined TRACON& Tower with Radar,80,41,15,0,136,0,0,2,0,2,80,41,17,0,138,14,0,14,152
03/26/2022,ROC,NY,AEA,CE,Combined TRACON& Tower with Radar,62,35,10,0,107,0,1,4,0,5,62,36,14,0,112,0,0,0,112
03/27/2022,ROC,NY,AEA,CE,Combined TRACON& Tower with Radar,67,31,20,0,118,0,0,0,0,0,67,31,20,0,118,0,0,0,118
03/28/2022,ROC,NY,AEA,CE,Combined TRACON& Tower with Radar,79,31,13,1,124,0,0,3,3,6,79,31,16,4,130,0,0,0,130
03/29/2022,ROC,NY,AEA,CE,Combined TRACON& Tower with Radar,74,34,21,2,131,0,4,49,5,58,74,38,70,7,189,40,0,40,229
03/30/2022,ROC,NY,AEA,CE,Combined TRACON& Tower with Radar,87,29,28,6,150,0,0,35,9,44,87,29,63,15,194,20,0,20,214
03/31/2022,ROC,NY,AEA,CE,Combined TRACON& Tower with Radar,79,36,20,0,135,0,0,6,3,9,79,36,26,3,144,0,0,0,144
04/01/2022,ROC,NY,AEA,CE,Combined TRACON& Tower with Radar,80,36,24,0,140,0,0,5,0,5,80,36,29,0,145,0,0,0,145
04/02/2022,ROC,NY,AEA,CE,Combined TRACON& Tower with Radar,54,27,24,0,105,0,0,92,2,94,54,27,116,2,199,108,0,108,307
04/03/2022,ROC,NY,AEA,CE,Combined TRACON& Tower with Radar,60,30,16,2,108,0,0,0,2,2,60,30,16,4,110,0,0,0,110
04/04/2022,ROC,NY,AEA,CE,Combined TRACON& Tower with Radar,68,32,25,0,125,0,1,39,4,44,68,33,64,4,169,113,0,113,282
04/05/2022,ROC,NY,AEA,CE,Combined TRACON& Tower with Radar,80,28,33,1,142,0,0,70,8,78,80,28,103,9,220,106,0,106,326
04/06/2022,ROC,NY,AEA,CE,Combined TRACON& Tower with Radar,90,29,26,2,147,0,0,37,8,45,90,29,63,10,192,0,0,0,192
04/07/2022,ROC,NY,AEA,CE,Combined TRACON& Tower with Radar,89,27,38,2,156,0,0,0,0,0,89,27,38,2,156,2,0,2,158
04/08/2022,ROC,NY,AEA,CE,Combined TRACON& Tower with Radar,91,28,34,0,153,0,1,40,3,44,91,29,74,3,197,2,0,2,199
04/09/2022,ROC,NY,AEA,CE,Combined TRACON& Tower with Radar,69,20,33,0,122,0,0,23,0,23,69,20,56,0,145,36,0,36,181
04/10/2022,ROC,NY,AEA,CE,Combined TRACON& Tower with Radar,74,24,24,0,122,0,0,0,2,2,74,24,24,2,124,0,0,0,124
04/11/2022,ROC,NY,AEA,CE,Combined TRACON& Tower with Radar,85,38,33,0,156,0,2,63,4,69,85,40,96,4,225,112,0,112,337
04/12/2022,ROC,NY,AEA,CE,Combined TRACON& Tower with Radar,83,37,43,1,164,0,0,85,1,86,83,37,128,2,250,41,0,41,291
04/13/2022,ROC,NY,AEA,CE,Combined TRACON& Tower with Radar,92,28,30,0,150,0,0,17,4,21,92,28,47,4,171,18,0,18,189
04/14/2022,ROC,NY,AEA,CE,Combined TRACON& Tower with Radar,82,35,24,2,143,0,1,11,6,18,82,36,35,8,161,10,0,10,171
04/15/2022,ROC,NY,AEA,CE,Combined TRACON& Tower with Radar,99,33,26,0,158,0,0,13,2,15,99,33,39,2,173,0,0,0,173
04/16/2022,ROC,NY,AEA,CE,Combined TRACON& Tower with Radar,76,19,12,0,107,0,0,3,0,3,76,19,15,0,110,0,0,0,110
04/17/2022,ROC,NY,AEA,CE,Combined TRACON& Tower with Radar,76,21,10,0,107,0,0,12,1,13,76,21,22,1,120,0,0,0,120
04/18/2022,ROC,NY,AEA,CE,Combined TRACON& Tower with Radar,81,36,34,0,151,0,0,36,2,38,81,36,70,2,189,0,0,0,189
04/19/2022,ROC,NY,AEA,CE,Combined TRACON& Tower with Radar,88,24,23,2,137,0,0,2,0,2,88,24,25,2,139,0,0,0,139
04/20/2022,ROC,NY,AEA,CE,Combined TRACON& Tower with Radar,94,28,37,0,159,0,1,61,11,73,94,29,98,11,232,53,0,53,285
04/21/2022,ROC,NY,AEA,CE,Combined TRACON& Tower with Radar,87,28,14,0,129,0,0,5,2,7,87,28,19,2,136,0,0,0,136
04/22/2022,ROC,NY,AEA,CE,Combined TRACON& Tower with Radar,91,25,41,0,157,0,1,89,1,91,91,26,130,1,248,44,0,44,292
04/23/2022,ROC,NY,AEA,CE,Combined TRACON& Tower with Radar,72,27,23,0,122,0,2,34,1,37,72,29,57,1,159,6,0,6,165
04/24/2022,ROC,NY,AEA,CE,Combined TRACON& Tower with Radar,72,19,40,2,133,0,5,85,3,93,72,24,125,5,226,62,0,62,288
04/25/2022,ROC,NY,AEA,CE,Combined TRACON& Tower with Radar,79,28,28,1,136,0,0,35,8,43,79,28,63,9,179,68,0,68,247
04/26/2022,ROC,NY,AEA,CE,Combined TRACON& Tower with Radar,83,30,28,3,144,0,0,29,4,33,83,30,57,7,177,71,0,71,248
04/27/2022,ROC,NY,AEA,CE,Combined TRACON& Tower with Radar,84,35,28,8,155,0,0,4,4,8,84,35,32,12,163,0,0,0,163
04/28/2022,ROC,NY,AEA,CE,Combined TRACON& Tower with Radar,85,45,31,1,162,0,0,55,6,61,85,45,86,7,223,0,0,0,223
04/29/2022,ROC,NY,AEA,CE,Combined TRACON& Tower with Radar,80,40,32,1,153,0,4,86,4,94,80,44,118,5,247,34,0,34,281
04/30/2022,ROC,NY,AEA,CE,Combined TRACON& Tower with Radar,76,18,21,0,115,0,2,75,4,81,76,20,96,4,196,72,0,72,268
05/01/2022,ROC,NY,AEA,CE,Combined TRACON& Tower with Radar,78,24,20,0,122,0,0,31,2,33,78,24,51,2,155,10,0,10,165
05/02/2022,ROC,NY,AEA,CE,Combined TRACON& Tower with Radar,74,27,24,1,126,0,0,31,2,33,74,27,55,3,159,136,0,136,295
05/03/2022,ROC,NY,AEA,CE,Combined TRACON& Tower with Radar,83,32,46,1,162,0,0,56,7,63,83,32,102,8,225,73,0,73,298
05/04/2022,ROC,NY,AEA,CE,Combined TRACON& Tower with Radar,86,28,41,3,158,0,0,2,3,5,86,28,43,6,163,0,0,0,163
05/05/2022,ROC,NY,AEA,CE,Combined TRACON& Tower with Radar,86,27,53,9,175,0,3,77,4,84,86,30,130,13,259,110,5,115,374
05/06/2022,ROC,NY,AEA,CE,Combined TRACON& Tower with Radar,82,37,49,0,168,0,1,71,1,73,82,38,120,1,241,41,0,41,282
05/07/2022,ROC,NY,AEA,CE,Combined TRACON& Tower with Radar,75,25,25,0,125,0,0,26,3,29,75,25,51,3,154,0,0,0,154
05/08/2022,ROC,NY,AEA,CE,Combined TRACON& Tower with Radar,72,39,18,0,129,0,2,23,5,30,72,41,41,5,159,23,0,23,182
05/09/2022,ROC,NY,AEA,CE,Combined TRACON& Tower with Radar,77,27,23,0,127,0,0,79,2,81,77,27,102,2,208,98,0,98,306
05/10/2022,ROC,NY,AEA,CE,Combined TRACON& Tower with Radar,87,28,40,0,155,0,0,92,7,99,87,28,132,7,254,77,0,77,331
05/11/2022,ROC,NY,AEA,CE,Combined TRACON& Tower with Radar,85,37,39,0,161,0,0,79,7,86,85,37,118,7,247,98,0,98,345
05/12/2022,ROC,NY,AEA,CE,Combined TRACON& Tower with Radar,87,39,44,3,173,0,2,60,12,74,87,41,104,15,247,197,0,197,444
05/13/2022,ROC,NY,AEA,CE,Combined TRACON& Tower with Radar,83,35,42,0,160,0,0,68,13,81,83,35,110,13,241,95,0,95,336
05/14/2022,ROC,NY,AEA,CE,Combined TRACON& Tower with Radar,76,20,31,0,127,0,2,52,10,64,76,22,83,10,191,81,0,81,272
05/15/2022,ROC,NY,AEA,CE,Combined TRACON& Tower with Radar,65,31,30,0,126,0,0,41,1,42,65,31,71,1,168,61,0,61,229
05/16/2022,ROC,NY,AEA,CE,Combined TRACON& Tower with Radar,73,39,20,0,132,0,0,7,0,7,73,39,27,0,139,42,0,42,181
05/17/2022,ROC,NY,AEA,CE,Combined TRACON& Tower with Radar,81,43,17,2,143,0,0,30,8,38,81,43,47,10,181,28,0,28,209
05/18/2022,ROC,NY,AEA,CE,Combined TRACON& Tower with Radar,81,33,35,0,149,0,0,85,10,95,81,33,120,10,244,249,2,251,495
05/19/2022,ROC,NY,AEA,CE,Combined TRACON& Tower with Radar,89,35,67,3,194,0,0,13,4,17,89,35,80,7,211,66,0,66,277
05/20/2022,ROC,NY,AEA,CE,Combined TRACON& Tower with Radar,81,35,30,0,146,0,1,39,2,42,81,36,69,2,188,38,0,38,226
05/21/2022,ROC,NY,AEA,CE,Combined TRACON& Tower with Radar,75,34,17,0,126,0,0,35,3,38,75,34,52,3,164,84,0,84,248
05/22/2022,ROC,NY,AEA,CE,Combined TRACON& Tower with Radar,60,33,22,0,115,0,0,6,0,6,60,33,28,0,121,9,0,9,130
05/23/2022,ROC,NY,AEA,CE,Combined TRACON& Tower with Radar,78,34,31,2,145,0,3,79,5,87,78,37,110,7,232,139,0,139,371
05/24/2022,ROC,NY,AEA,CE,Combined TRACON& Tower with Radar,85,32,24,4,145,0,4,94,8,106,85,36,118,12,251,236,0,236,487
05/25/2022,ROC,NY,AEA,CE,Combined TRACON& Tower with Radar,85,28,25,1,139,0,3,79,8,90,85,31,104,9,229,199,0,199,428
05/26/2022,ROC,NY,AEA,CE,Combined TRACON& Tower with Radar,86,30,28,12,156,0,3,33,5,41,86,33,61,17,197,48,14,62,259
05/27/2022,ROC,NY,AEA,CE,Combined TRACON& Tower with Radar,86,29,28,1,144,0,0,4,0,4,86,29,32,1,148,8,0,8,156
05/28/2022,ROC,NY,AEA,CE,Combined TRACON& Tower with Radar,67,25,17,0,109,0,0,25,1,26,67,25,42,1,135,54,0,54,189
05/29/2022,ROC,NY,AEA,CE,Combined TRACON& Tower with Radar,75,21,12,3,111,0,4,62,0,66,75,25,74,3,177,46,0,46,223
05/30/2022,ROC,NY,AEA,CE,Combined TRACON& Tower with Radar,78,25,12,0,115,0,1,45,2,48,78,26,57,2,163,41,0,41,204
05/31/2022,ROC,NY,AEA,CE,Combined TRACON& Tower with Radar,77,33,35,1,146,0,2,98,1,101,77,35,133,2,247,56,0,56,303
06/01/2022,ROC,NY,AEA,CE,Combined TRACON& Tower with Radar,85,30,20,2,137,0,0,25,0,25,85,30,45,2,162,20,0,20,182
06/02/2022,ROC,NY,AEA,CE,Combined TRACON& Tower with Radar,70,29,46,1,146,0,1,104,7,112,70,30,150,8,258,133,0,133,391
06/03/2022,ROC,NY,AEA,CE,Combined TRACON& Tower with Radar,82,30,40,0,152,0,4,84,3,91,82,34,124,3,243,64,0,64,307
06/04/2022,ROC,NY,AEA,CE,Combined TRACON& Tower with Radar,54,27,15,1,97,0,8,48,5,61,54,35,63,6,158,23,0,23,181
06/05/2022,ROC,NY,AEA,CE,Combined TRACON& Tower with Radar,76,36,23,0,135,0,0,66,4,70,76,36,89,4,205,53,0,53,258
06/06/2022,ROC,NY,AEA,CE,Combined TRACON& Tower with Radar,78,33,24,4,139,0,0,61,19,80,78,33,85,23,219,50,0,50,269
06/07/2022,ROC,NY,AEA,CE,Combined TRACON& Tower with Radar,87,28,25,1,141,0,0,2,11,13,87,28,27,12,154,16,0,16,170
06/08/2022,ROC,NY,AEA,CE,Combined TRACON& Tower with Radar,89,31,34,1,155,0,0,94,14,108,89,31,128,15,263,139,0,139,402
06/09/2022,ROC,NY,AEA,CE,Combined TRACON& Tower with Radar,85,39,33,3,160,0,2,14,4,20,85,41,47,7,180,44,0,44,224
06/10/2022,ROC,NY,AEA,CE,Combined TRACON& Tower with Radar,87,39,26,2,154,0,1,67,3,71,87,40,93,5,225,15,0,15,240
06/11/2022,ROC,NY,AEA,CE,Combined TRACON& Tower with Radar,69,34,25,2,130,0,2,91,3,96,69,36,116,5,226,88,0,88,314
06/12/2022,ROC,NY,AEA,CE,Combined TRACON& Tower with Radar,70,27,21,2,120,0,0,28,0,28,70,27,49,2,148,50,0,50,198
06/13/2022,ROC,NY,AEA,CE,Combined TRACON& Tower with Radar,77,29,22,3,131,0,0,93,7,100,77,29,115,10,231,133,0,133,364
06/14/2022,ROC,NY,AEA,CE,Combined TRACON& Tower with Radar,84,33,30,4,151,0,2,97,4,103,84,35,127,8,254,139,0,139,393
06/15/2022,ROC,NY,AEA,CE,Combined TRACON& Tower with Radar,86,34,36,0,156,0,4,67,10,81,86,38,103,10,237,32,0,32,269
06/16/2022,ROC,NY,AEA,CE,Combined TRACON& Tower with Radar,81,41,24,2,148,0,0,13,7,20,81,41,37,9,168,81,16,97,265
06/17/2022,ROC,NY,AEA,CE,Combined TRACON& Tower with Radar,71,32,29,1,133,0,0,22,5,27,71,32,51,6,160,12,0,12,172
06/18/2022,ROC,NY,AEA,CE,Combined TRACON& Tower with Radar,62,29,8,1,100,0,2,18,3,23,62,31,26,4,123,23,0,23,146
06/19/2022,ROC,NY,AEA,CE,Combined TRACON& Tower with Radar,67,33,18,0,118,0,1,35,1,37,67,34,53,1,155,6,0,6,161
06/20/2022,ROC,NY,AEA,CE,Combined TRACON& Tower with Radar,82,37,42,0,161,0,1,111,2,114,82,38,153,2,275,62,0,62,337
06/21/2022,ROC,NY,AEA,CE,Combined TRACON& Tower with Radar,87,37,37,6,167,0,2,73,2,77,87,39,110,8,244,78,6,84,328
06/22/2022,ROC,NY,AEA,CE,Combined TRACON& Tower with Radar,82,38,34,7,161,0,0,46,9,55,82,38,80,16,216,72,12,84,300
06/23/2022,ROC,NY,AEA,CE,Combined TRACON& Tower with Radar,76,37,36,23,172,0,0,84,3,87,76,37,120,26,259,112,7,119,378
06/24/2022,ROC,NY,AEA,CE,Combined TRACON& Tower with Radar,93,44,51,0,188,0,0,109,4,113,93,44,160,4,301,145,0,145,446
06/25/2022,ROC,NY,AEA,CE,Combined TRACON& Tower with Radar,63,26,27,0,116,0,4,76,1,81,63,30,103,1,197,147,0,147,344
06/26/2022,ROC,NY,AEA,CE,Combined TRACON& Tower with Radar,74,33,15,0,122,0,1,28,0,29,74,34,43,0,151,52,0,52,203
06/27/2022,ROC,NY,AEA,CE,Combined TRACON& Tower with Radar,84,38,29,1,152,0,0,39,5,44,84,38,68,6,196,9,0,9,205
06/28/2022,ROC,NY,AEA,CE,Combined TRACON& Tower with Radar,83,36,40,0,159,0,0,78,1,79,83,36,118,1,238,168,0,168,406
06/29/2022,ROC,NY,AEA,CE,Combined TRACON& Tower with Radar,92,35,31,1,159,0,0,79,10,89,92,35,110,11,248,144,7,151,399
06/30/2022,ROC,NY,AEA,CE,Combined TRACON& Tower with Radar,92,48,47,0,187,0,2,95,1,98,92,50,142,1,285,67,0,67,352
07/01/2022,ROC,NY,AEA,CE,Combined TRACON& Tower with Radar,78,32,41,2,153,0,0,37,2,39,78,32,78,4,192,22,0,22,214
07/02/2022,ROC,NY,AEA,CE,Combined TRACON& Tower with Radar,60,27,11,0,98,0,2,49,1,52,60,29,60,1,150,45,0,45,195
07/03/2022,ROC,NY,AEA,CE,Combined TRACON& Tower with Radar,69,23,19,0,111,0,6,47,4,57,69,29,66,4,168,4,0,4,172
07/04/2022,ROC,NY,AEA,CE,Combined TRACON& Tower with Radar,67,27,14,0,108,0,0,52,3,55,67,27,66,3,163,6,0,6,169
07/05/2022,ROC,NY,AEA,CE,Combined TRACON& Tower with Radar,70,31,25,0,126,0,0,12,3,15,70,31,37,3,141,64,0,64,205
07/06/2022,ROC,NY,AEA,CE,Combined TRACON& Tower with Radar,81,48,30,0,159,0,0,47,4,51,81,48,77,4,210,162,2,164,374
07/07/2022,ROC,NY,AEA,CE,Combined TRACON& Tower with Radar,80,45,35,0,160,0,3,98,6,107,80,48,133,6,267,192,0,192,459
07/08/2022,ROC,NY,AEA,CE,Combined TRACON& Tower with Radar,75,42,26,0,143,1,0,69,1,71,76,42,95,1,214,70,0,70,284
07/09/2022,ROC,NY,AEA,CE,Combined TRACON& Tower with Radar,62,32,24,0,118,0,4,79,7,90,62,36,103,7,208,96,0,96,304
07/10/2022,ROC,NY,AEA,CE,Combined TRACON& Tower with Radar,68,31,20,2,121,0,2,69,1,72,68,33,89,3,193,18,0,18,211
07/11/2022,ROC,NY,AEA,CE,Combined TRACON& Tower with Radar,76,35,26,2,139,0,1,53,0,54,76,36,79,2,193,20,0,20,213
07/12/2022,ROC,NY,AEA,CE,Combined TRACON& Tower with Radar,74,41,19,1,135,0,0,15,5,20,74,41,34,6,155,2,0,2,157
07/13/2022,ROC,NY,AEA,CE,Combined TRACON& Tower with Radar,81,41,21,0,143,0,1,58,6,65,81,42,79,6,208,126,0,126,334
07/14/2022,ROC,NY,AEA,CE,Combined TRACON& Tower with Radar,78,33,40,2,153,0,0,77,11,88,78,33,117,13,241,88,0,88,329
07/15/2022,ROC,NY,AEA,CE,Combined TRACON& Tower with Radar,79,36,30,0,145,0,2,111,3,116,79,38,141,3,261,35,0,35,296
07/16/2022,ROC,NY,AEA,CE,Combined TRACON& Tower with Radar,64,37,25,0,126,0,1,66,5,72,64,38,91,5,198,89,0,89,287
07/17/2022,ROC,NY,AEA,CE,Combined TRACON& Tower with Radar,70,25,22,0,117,0,5,58,4,67,70,30,80,4,184,10,0,10,194
07/18/2022,ROC,NY,AEA,CE,Combined TRACON& Tower with Radar,63,32,18,0,113,0,0,6,0,6,63,32,24,0,119,0,22,22,141
07/19/2022,ROC,NY,AEA,CE,Combined TRACON& Tower with Radar,79,38,52,0,169,0,2,65,6,73,79,40,117,6,242,55,0,55,297
07/20/2022,ROC,NY,AEA,CE,Combined TRACON& Tower with Radar,79,34,28,4,145,0,0,75,7,82,79,34,103,11,227,138,0,138,365
07/21/2022,ROC,NY,AEA,CE,Combined TRACON& Tower with Radar,78,34,24,1,137,0,2,29,11,42,78,36,53,12,179,26,0,26,205
07/22/2022,ROC,NY,AEA,CE,Combined TRACON& Tower with Radar,81,42,35,3,161,0,2,92,6,100,81,44,127,9,261,79,0,79,340
07/23/2022,ROC,NY,AEA,CE,Combined TRACON& Tower with Radar,55,25,15,1,96,0,6,45,1,52,55,31,60,2,148,52,0,52,200
07/24/2022,ROC,NY,AEA,CE,Combined TRACON& Tower with Radar,65,32,8,0,105,0,0,15,1,16,65,32,23,1,121,0,0,0,121
07/25/2022,ROC,NY,AEA,CE,Combined TRACON& Tower with Radar,68,31,21,1,121,0,3,34,9,46,68,34,55,10,167,60,0,60,227
07/26/2022,ROC,NY,AEA,CE,Combined TRACON& Tower with Radar,76,30,15,1,122,0,7,70,5,82,76,37,85,6,204,74,0,74,278
07/27/2022,ROC,NY,AEA,CE,Combined TRACON& Tower with Radar,74,32,29,4,139,0,2,72,8,82,74,34,101,12,221,99,0,99,320
07/28/2022,ROC,NY,AEA,CE,Combined TRACON& Tower with Radar,76,36,24,0,136,0,0,19,9,28,76,36,43,9,164,10,0,10,174
07/29/2022,ROC,NY,AEA,CE,Combined TRACON& Tower with Radar,84,45,36,0,165,0,1,65,4,70,84,46,101,4,235,64,0,64,299
07/30/2022,ROC,NY,AEA,CE,Combined TRACON& Tower with Radar,57,24,30,0,111,0,0,32,1,33,57,24,62,1,144,59,0,59,203
07/31/2022,ROC,NY,AEA,CE,Combined TRACON& Tower with Radar,77,30,25,0,132,0,2,73,0,75,77,32,98,0,207,62,0,62,269
08/01/2022,ROC,NY,AEA,CE,Combined TRACON& Tower with Radar,78,43,49,0,170,0,2,82,1,85,78,45,131,1,255,89,0,89,344
08/02/2022,ROC,NY,AEA,CE,Combined TRACON& Tower with Radar,82,33,34,4,153,0,4,30,7,41,82,37,64,11,194,46,0,46,240
08/03/2022,ROC,NY,AEA,CE,Combined TRACON& Tower with Radar,82,30,39,6,157,0,2,103,5,110,82,32,142,11,267,110,0,110,377
08/04/2022,ROC,NY,AEA,CE,Combined TRACON& Tower with Radar,78,42,23,6,149,0,0,31,6,37,78,42,54,12,186,51,8,59,245
08/05/2022,ROC,NY,AEA,CE,Combined TRACON& Tower with Radar,62,45,29,0,136,0,0,16,2,18,62,45,45,2,154,122,0,122,276
08/06/2022,ROC,NY,AEA,CE,Combined TRACON& Tower with Radar,58,31,15,0,104,0,0,61,0,61,58,31,76,0,165,114,0,114,279
08/07/2022,ROC,NY,AEA,CE,Combined TRACON& Tower with Radar,67,36,19,0,122,0,0,48,3,51,67,36,67,3,173,40,0,40,213
08/08/2022,ROC,NY,AEA,CE,Combined TRACON& Tower with Radar,73,39,20,0,132,0,3,18,4,25,73,42,38,4,157,28,0,28,185
08/09/2022,ROC,NY,AEA,CE,Combined TRACON& Tower with Radar,72,43,33,1,149,0,0,22,4,26,72,43,55,5,175,44,0,44,219
08/10/2022,ROC,NY,AEA,CE,Combined TRACON& Tower with Radar,77,42,26,11,156,0,0,81,10,91,77,42,107,21,247,166,0,166,413
08/11/2022,ROC,NY,AEA,CE,Combined TRACON& Tower with Radar,77,40,38,1,156,0,5,69,6,80,77,45,107,7,236,52,0,52,288
08/12/2022,ROC,NY,AEA,CE,Combined TRACON& Tower with Radar,79,34,29,0,142,0,2,99,4,105,79,36,128,4,247,72,0,72,319
08/13/2022,ROC,NY,AEA,CE,Combined TRACON& Tower with Radar,58,27,30,0,115,0,3,88,2,93,58,30,118,2,208,82,0,82,290
08/14/2022,ROC,NY,AEA,CE,Combined TRACON& Tower with Radar,69,32,28,0,129,0,2,51,0,53,69,34,79,0,182,37,0,37,219
08/15/2022,ROC,NY,AEA,CE,Combined TRACON& Tower with Radar,76,36,17,0,129,0,1,91,6,98,76,37,108,6,227,101,0,101,328
08/16/2022,ROC,NY,AEA,CE,Combined TRACON& Tower with Radar,81,31,31,1,144,0,0,44,5,49,81,31,75,6,193,79,0,79,272
08/17/2022,ROC,NY,AEA,CE,Combined TRACON& Tower with Radar,85,37,33,0,155,0,0,47,5,52,85,37,80,5,207,138,0,138,345
08/18/2022,ROC,NY,AEA,CE,Combined TRACON& Tower with Radar,83,37,29,9,158,0,2,78,5,85,83,39,107,14,243,64,0,64,307
08/19/2022,ROC,NY,AEA,CE,Combined TRACON& Tower with Radar,89,33,29,1,152,0,4,83,6,93,89,37,112,7,245,182,0,182,427
08/20/2022,ROC,NY,AEA,CE,Combined TRACON& Tower with Radar,62,21,12,1,96,0,5,72,0,77,62,26,84,1,173,77,0,77,250
08/21/2022,ROC,NY,AEA,CE,Combined TRACON& Tower with Radar,72,24,21,1,118,0,0,12,0,12,72,24,33,1,130,0,0,0,130
08/22/2022,ROC,NY,AEA,CE,Combined TRACON& Tower with Radar,68,36,20,3,127,0,0,4,5,9,68,36,24,8,136,0,0,0,136
08/23/2022,ROC,NY,AEA,CE,Combined TRACON& Tower with Radar,76,30,25,2,133,0,0,22,3,25,76,30,47,5,158,8,0,8,166
08/24/2022,ROC,NY,AEA,CE,Combined TRACON& Tower with Radar,83,35,24,3,145,0,1,84,4,89,83,36,108,7,234,124,0,124,358
08/25/2022,ROC,NY,AEA,CE,Combined TRACON& Tower with Radar,81,38,32,0,151,0,2,62,10,74,81,40,94,10,225,110,0,110,335
08/26/2022,ROC,NY,AEA,CE,Combined TRACON& Tower with Radar,86,27,34,3,150,0,0,26,3,29,86,27,60,6,179,68,12,80,259
08/27/2022,ROC,NY,AEA,CE,Combined TRACON& Tower with Radar,60,21,30,0,111,0,2,64,7,73,60,23,94,7,184,104,0,104,288
08/28/2022,ROC,NY,AEA,CE,Combined TRACON& Tower with Radar,72,23,32,0,127,0,0,72,5,77,72,23,104,5,204,59,0,59,263
08/29/2022,ROC,NY,AEA,CE,Combined TRACON& Tower with Radar,70,30,22,1,123,0,0,34,3,37,70,30,56,4,160,12,0,12,172
08/30/2022,ROC,NY,AEA,CE,Combined TRACON& Tower with Radar,79,27,21,0,127,0,0,12,3,15,79,27,33,3,142,47,0,47,189
08/31/2022,ROC,NY,AEA,CE,Combined TRACON& Tower with Radar,89,32,37,1,159,0,0,38,11,49,89,32,75,12,208,39,0,39,247
09/01/2022,ROC,NY,AEA,CE,Combined TRACON& Tower with Radar,84,29,25,1,139,0,0,84,8,92,84,29,109,9,231,59,0,59,290
09/02/2022,ROC,NY,AEA,CE,Combined TRACON& Tower with Radar,90,35,20,0,145,0,9,74,2,85,90,44,94,2,230,90,0,90,320
09/03/2022,ROC,NY,AEA,CE,Combined TRACON& Tower with Radar,57,18,16,0,91,0,3,67,0,70,57,21,83,0,161,48,0,48,209
09/04/2022,ROC,NY,AEA,CE,Combined TRACON& Tower with Radar,68,29,11,0,108,0,0,0,0,0,68,29,11,0,108,0,0,0,108
09/05/2022,ROC,NY,AEA,CE,Combined TRACON& Tower with Radar,81,21,36,0,138,0,0,0,0,0,81,21,36,0,138,0,0,0,138
09/06/2022,ROC,NY,AEA,CE,Combined TRACON& Tower with Radar,76,37,37,0,150,0,0,0,0,0,76,37,37,0,150,0,0,0,150
09/07/2022,ROC,NY,AEA,CE,Combined TRACON& Tower with Radar,84,44,28,2,158,0,0,5,6,11,84,44,33,8,169,16,28,44,213
09/08/2022,ROC,NY,AEA,CE,Combined TRACON& Tower with Radar,77,56,45,2,180,0,0,45,10,55,77,56,90,12,235,50,0,50,285
09/09/2022,ROC,NY,AEA,CE,Combined TRACON& Tower with Radar,89,36,35,3,163,0,6,63,13,82,89,42,98,16,245,90,2,92,337
09/10/2022,ROC,NY,AEA,CE,Combined TRACON& Tower with Radar,62,21,21,4,108,0,0,85,7,92,62,21,106,11,200,40,4,44,244
09/11/2022,ROC,NY,AEA,CE,Combined TRACON& Tower with Radar,70,33,25,0,128,0,0,18,5,23,70,33,43,5,151,4,0,4,155
09/12/2022,ROC,NY,AEA,CE,Combined TRACON& Tower with Radar,79,38,33,2,152,0,4,9,4,17,79,42,42,6,169,39,0,39,208
09/13/2022,ROC,NY,AEA,CE,Combined TRACON& Tower with Radar,82,32,18,2,134,0,0,42,8,50,82,32,60,10,184,52,0,52,236
09/14/2022,ROC,NY,AEA,CE,Combined TRACON& Tower with Radar,87,41,29,1,158,0,2,55,12,69,87,43,84,13,227,88,0,88,315
09/15/2022,ROC,NY,AEA,CE,Combined TRACON& Tower with Radar,85,37,42,0,164,0,0,87,8,95,85,37,129,8,259,82,0,82,341
09/16/2022,ROC,NY,AEA,CE,Combined TRACON& Tower with Radar,87,44,46,0,177,0,5,66,3,74,87,49,112,3,251,150,0,150,401
09/17/2022,ROC,NY,AEA,CE,Combined TRACON& Tower with Radar,59,33,23,0,115,0,0,65,1,66,59,33,88,1,181,149,0,149,330
09/18/2022,ROC,NY,AEA,CE,Combined TRACON& Tower with Radar,71,37,19,0,127,0,0,17,2,19,71,37,36,2,146,34,0,34,180
09/19/2022,ROC,NY,AEA,CE,Combined TRACON& Tower with Radar,74,36,17,0,127,0,0,9,2,11,74,36,26,2,138,22,0,22,160
09/20/2022,ROC,NY,AEA,CE,Combined TRACON& Tower with Radar,80,31,45,0,156,0,1,34,6,41,80,32,79,6,197,22,0,22,219
09/21/2022,ROC,NY,AEA,CE,Combined TRACON& Tower with Radar,89,36,26,0,151,0,3,38,6,47,89,39,64,6,198,45,0,45,243
09/22/2022,ROC,NY,AEA,CE,Combined TRACON& Tower with Radar,71,48,19,7,145,0,1,7,9,17,71,49,26,16,162,1,4,5,167
09/23/2022,ROC,NY,AEA,CE,Combined TRACON& Tower with Radar,90,41,28,7,166,0,1,39,4,44,90,42,67,11,210,24,2,26,236
09/24/2022,ROC,NY,AEA,CE,Combined TRACON& Tower with Radar,61,19,26,0,106,0,1,83,0,84,61,20,109,0,190,22,0,22,212
09/25/2022,ROC,NY,AEA,CE,Combined TRACON& Tower with Radar,63,33,22,0,118,0,0,4,1,5,63,33,26,1,123,0,0,0,123
09/26/2022,ROC,NY,AEA,CE,Combined TRACON& Tower with Radar,89,44,24,15,172,0,0,5,1,6,89,44,29,16,178,0,2,2,180
09/27/2022,ROC,NY,AEA,CE,Combined TRACON& Tower with Radar,88,38,30,6,162,0,0,10,8,18,88,38,40,14,180,28,0,28,208
09/28/2022,ROC,NY,AEA,CE,Combined TRACON& Tower with Radar,83,40,24,6,153,0,0,4,2,6,83,40,28,8,159,0,0,0,159
09/29/2022,ROC,NY,AEA,CE,Combined TRACON& Tower with Radar,83,43,39,17,182,0,2,59,5,66,83,45,98,22,248,69,0,69,317
09/30/2022,ROC,NY,AEA,CE,Combined TRACON& Tower with Radar,87,37,48,0,172,0,3,111,7,121,87,40,159,7,293,104,0,104,397
10/01/2022,ROC,NY,AEA,CE,Combined TRACON& Tower with Radar,66,26,15,0,107,0,1,59,5,65,66,27,74,5,172,46,0,46,218
10/02/2022,ROC,NY,AEA,CE,Combined TRACON& Tower with Radar,70,30,28,2,130,0,0,9,2,11,70,30,37,4,141,0,0,0,141
10/03/2022,ROC,NY,AEA,CE,Combined TRACON& Tower with Radar,79,41,33,0,153,0,0,76,1,77,79,41,109,1,230,79,0,79,309
10/04/2022,ROC,NY,AEA,CE,Combined TRACON& Tower with Radar,79,33,28,0,140,0,0,68,1,69,79,33,96,1,209,69,0,69,278
10/05/2022,ROC,NY,AEA,CE,Combined TRACON& Tower with Radar,89,36,25,0,150,0,0,72,7,79,89,36,97,7,229,76,0,76,305
10/06/2022,ROC,NY,AEA,CE,Combined TRACON& Tower with Radar,84,28,27,0,139,0,0,61,0,61,84,28,88,0,200,77,0,77,277
10/07/2022,ROC,NY,AEA,CE,Combined TRACON& Tower with Radar,90,29,32,2,153,0,0,13,1,14,90,29,45,3,167,10,0,10,177
10/08/2022,ROC,NY,AEA,CE,Combined TRACON& Tower with Radar,69,23,23,0,115,0,4,29,1,34,69,27,52,1,149,60,0,60,209
10/09/2022,ROC,NY,AEA,CE,Combined TRACON& Tower with Radar,76,29,24,0,129,0,1,22,2,25,76,30,46,2,154,18,0,18,172
10/10/2022,ROC,NY,AEA,CE,Combined TRACON& Tower with Radar,80,32,28,0,140,0,0,40,1,41,80,32,68,1,181,114,0,114,295
10/11/2022,ROC,NY,AEA,CE,Combined TRACON& Tower with Radar,83,30,23,2,138,0,0,61,2,63,83,30,84,4,201,91,0,91,292
10/12/2022,ROC,NY,AEA,CE,Combined TRACON& Tower with Radar,83,32,32,3,150,0,0,67,11,78,83,32,99,14,228,32,0,32,260
10/13/2022,ROC,NY,AEA,CE,Combined TRACON& Tower with Radar,83,38,13,0,134,0,0,5,0,5,83,38,18,0,139,10,0,10,149
10/14/2022,ROC,NY,AEA,CE,Combined TRACON& Tower with Radar,89,42,31,1,163,0,2,44,14,60,89,44,75,15,223,0,0,0,223
10/15/2022,ROC,NY,AEA,CE,Combined TRACON& Tower with Radar,76,22,19,0,117,0,4,14,7,25,76,26,33,7,142,7,0,7,149
10/16/2022,ROC,NY,AEA,CE,Combined TRACON& Tower with Radar,73,32,21,0,126,0,2,74,1,77,73,34,95,1,203,64,0,64,267
10/17/2022,ROC,NY,AEA,CE,Combined TRACON& Tower with Radar,85,39,20,3,147,0,0,9,2,11,85,39,29,5,158,44,0,44,202
10/18/2022,ROC,NY,AEA,CE,Combined TRACON& Tower with Radar,84,25,15,0,124,0,0,7,5,12,84,25,22,5,136,0,0,0,136
10/19/2022,ROC,NY,AEA,CE,Combined TRACON& Tower with Radar,89,38,36,0,163,0,0,7,4,11,89,38,43,4,174,6,0,6,180
10/20/2022,ROC,NY,AEA,CE,Combined TRACON& Tower with Radar,89,36,35,0,160,0,8,17,2,27,89,44,52,2,187,1,0,1,188
10/21/2022,ROC,NY,AEA,CE,Combined TRACON& Tower with Radar,90,26,30,0,146,0,2,71,4,77,90,28,101,4,223,26,0,26,249
10/22/2022,ROC,NY,AEA,CE,Combined TRACON& Tower with Radar,75,22,18,0,115,0,2,51,4,57,75,24,69,4,172,98,0,98,270
10/23/2022,ROC,NY,AEA,CE,Combined TRACON& Tower with Radar,77,42,37,0,156,0,1,80,0,81,77,43,117,0,237,59,0,59,296
10/24/2022,ROC,NY,AEA,CE,Combined TRACON& Tower with Radar,81,35,38,4,158,0,1,66,5,72,81,36,104,9,230,70,4,74,304
10/25/2022,ROC,NY,AEA,CE,Combined TRACON& Tower with Radar,85,35,32,0,152,0,0,56,8,64,85,35,88,8,216,27,0,27,243
10/26/2022,ROC,NY,AEA,CE,Combined TRACON& Tower with Radar,84,27,32,15,158,1,0,37,7,45,85,27,69,22,203,24,6,30,233
10/27/2022,ROC,NY,AEA,CE,Combined TRACON& Tower with Radar,85,36,48,0,169,0,0,56,0,56,85,36,104,0,225,46,0,46,271
10/28/2022,ROC,NY,AEA,CE,Combined TRACON& Tower with Radar,90,34,31,0,155,0,3,62,0,65,90,37,93,0,220,106,0,106,326
10/29/2022,ROC,NY,AEA,CE,Combined TRACON& Tower with Radar,70,16,27,0,113,0,0,77,2,79,70,16,104,2,192,28,0,28,220
10/30/2022,ROC,NY,AEA,CE,Combined TRACON& Tower with Radar,78,26,18,0,122,0,1,68,2,71,78,27,86,2,193,34,0,34,227
10/31/2022,ROC,NY,AEA,CE,Combined TRACON& Tower with Radar,73,31,13,1,118,0,2,39,1,42,73,33,52,2,160,28,0,28,188
11/01/2022,ROC,NY,AEA,CE,Combined TRACON& Tower with Radar,83,33,26,4,146,0,0,3,4,7,83,33,29,8,153,0,28,28,181
11/02/2022,ROC,NY,AEA,CE,Combined TRACON& Tower with Radar,88,25,34,0,147,0,0,27,0,27,88,25,61,0,174,32,0,32,206
11/03/2022,ROC,NY,AEA,CE,Combined TRACON& Tower with Radar,82,26,33,0,141,0,0,95,5,100,82,26,128,5,241,72,0,72,313
11/04/2022,ROC,NY,AEA,CE,Combined TRACON& Tower with Radar,89,36,24,0,149,0,0,53,5,58,89,36,77,5,207,6,0,6,213
11/05/2022,ROC,NY,AEA,CE,Combined TRACON& Tower with Radar,62,24,24,0,110,0,0,27,3,30,62,24,51,3,140,22,0,22,162
11/06/2022,ROC,NY,AEA,CE,Combined TRACON& Tower with Radar,77,21,13,0,111,0,0,31,2,33,77,21,44,2,144,62,0,62,206
11/07/2022,ROC,NY,AEA,CE,Combined TRACON& Tower with Radar,75,29,26,1,131,0,1,18,7,26,75,30,44,8,157,6,0,6,163
11/08/2022,ROC,NY,AEA,CE,Combined TRACON& Tower with Radar,83,39,26,3,151,0,0,61,16,77,83,39,87,19,228,107,0,107,335
11/09/2022,ROC,NY,AEA,CE,Combined TRACON& Tower with Radar,88,35,36,0,159,0,2,87,8,97,88,37,123,8,256,104,0,104,360
11/10/2022,ROC,NY,AEA,CE,Combined TRACON& Tower with Radar,89,31,32,1,153,0,2,68,1,71,89,33,100,2,224,95,0,95,319
11/11/2022,ROC,NY,AEA,CE,Combined TRACON& Tower with Radar,82,39,24,2,147,0,0,13,0,13,82,39,37,2,160,28,0,28,188
11/12/2022,ROC,NY,AEA,CE,Combined TRACON& Tower with Radar,69,28,28,0,125,0,0,20,1,21,69,28,48,1,146,12,0,12,158
11/13/2022,ROC,NY,AEA,CE,Combined TRACON& Tower with Radar,79,22,18,0,119,0,0,2,0,2,79,22,20,0,121,0,0,0,121
11/14/2022,ROC,NY,AEA,CE,Combined TRACON& Tower with Radar,87,38,29,3,157,0,0,38,8,46,87,38,67,11,203,85,0,85,288
11/15/2022,ROC,NY,AEA,CE,Combined TRACON& Tower with Radar,92,33,25,0,150,0,0,38,8,46,92,33,63,8,196,50,20,70,266
11/16/2022,ROC,NY,AEA,CE,Combined TRACON& Tower with Radar,91,30,18,2,141,0,0,1,4,5,91,30,19,6,146,0,0,0,146
11/17/2022,ROC,NY,AEA,CE,Combined TRACON& Tower with Radar,89,36,15,0,140,0,0,5,8,13,89,36,20,8,153,2,8,10,163
11/18/2022,ROC,NY,AEA,CE,Combined TRACON& Tower with Radar,91,43,15,0,149,0,0,0,0,0,91,43,15,0,149,0,0,0,149
11/19/2022,ROC,NY,AEA,CE,Combined TRACON& Tower with Radar,74,30,20,0,124,0,1,20,2,23,74,31,40,2,147,4,0,4,151
11/20/2022,ROC,NY,AEA,CE,Combined TRACON& Tower with Radar,82,28,19,0,129,0,0,1,0,1,82,28,20,0,130,0,0,0,130
11/21/2022,ROC,NY,AEA,CE,Combined TRACON& Tower with Radar,84,28,5,1,118,0,0,4,5,9,84,28,9,6,127,0,0,0,127
11/22/2022,ROC,NY,AEA,CE,Combined TRACON& Tower with Radar,96,31,31,6,164,0,0,62,5,67,96,31,93,11,231,104,0,104,335
11/23/2022,ROC,NY,AEA,CE,Combined TRACON& Tower with Radar,93,44,33,0,170,0,2,62,2,66,93,46,95,2,236,76,0,76,312
11/24/2022,ROC,NY,AEA,CE,Combined TRACON& Tower with Radar,48,20,9,0,77,0,1,15,1,17,48,21,24,1,94,0,0,0,94
11/25/2022,ROC,NY,AEA,CE,Combined TRACON& Tower with Radar,65,28,11,0,104,0,0,0,0,0,65,28,11,0,104,0,0,0,104
11/26/2022,ROC,NY,AEA,CE,Combined TRACON& Tower with Radar,72,24,31,0,127,0,4,36,0,40,72,28,67,0,167,17,0,17,184
11/27/2022,ROC,NY,AEA,CE,Combined TRACON& Tower with Radar,87,24,22,0,133,0,0,8,0,8,87,24,30,0,141,36,0,36,177
11/28/2022,ROC,NY,AEA,CE,Combined TRACON& Tower with Radar,90,38,31,4,163,0,0,2,6,8,90,38,33,10,171,12,4,16,187
11/29/2022,ROC,NY,AEA,CE,Combined TRACON& Tower with Radar,90,40,27,0,157,0,0,62,12,74,90,40,89,12,231,42,0,42,273
11/30/2022,ROC,NY,AEA,CE,Combined TRACON& Tower with Radar,86,25,13,0,124,0,1,1,9,11,86,26,14,9,135,0,6,6,141
12/01/2022,ROC,NY,AEA,CE,Combined TRACON& Tower with Radar,93,29,23,0,145,0,0,6,5,11,93,29,29,5,156,0,0,0,156
12/02/2022,ROC,NY,AEA,CE,Combined TRACON& Tower with Radar,89,27,32,0,148,0,1,61,3,65,89,28,93,3,213,14,0,14,227
12/03/2022,ROC,NY,AEA,CE,Combined TRACON& Tower with Radar,68,19,7,0,94,0,0,1,0,1,68,19,8,0,95,0,0,0,95
12/04/2022,ROC,NY,AEA,CE,Combined TRACON& Tower with Radar,85,21,15,0,121,0,0,32,2,34,85,21,47,2,155,41,0,41,196
12/05/2022,ROC,NY,AEA,CE,Combined TRACON& Tower with Radar,84,26,28,7,145,0,1,58,5,64,84,27,86,12,209,22,0,22,231
12/06/2022,ROC,NY,AEA,CE,Combined TRACON& Tower with Radar,83,43,24,0,150,0,0,11,4,15,83,43,35,4,165,15,0,15,180
12/07/2022,ROC,NY,AEA,CE,Combined TRACON& Tower with Radar,85,36,18,0,139,0,0,0,0,0,85,36,18,0,139,0,0,0,139
12/08/2022,ROC,NY,AEA,CE,Combined TRACON& Tower with Radar,85,38,36,1,160,0,0,23,5,28,85,38,59,6,188,64,0,64,252
12/09/2022,ROC,NY,AEA,CE,Combined TRACON& Tower with Radar,94,32,24,0,150,0,1,2,4,7,94,33,26,4,157,8,0,8,165
12/10/2022,ROC,NY,AEA,CE,Combined TRACON& Tower with Radar,73,18,31,0,122,0,1,39,4,44,73,19,70,4,166,60,0,60,226
12/11/2022,ROC,NY,AEA,CE,Combined TRACON& Tower with Radar,75,22,10,0,107,0,0,1,0,1,75,22,11,0,108,0,0,0,108
12/12/2022,ROC,NY,AEA,CE,Combined TRACON& Tower with Radar,84,36,20,0,140,0,0,1,0,1,84,36,21,0,141,0,0,0,141
12/13/2022,ROC,NY,AEA,CE,Combined TRACON& Tower with Radar,87,33,27,4,151,0,0,68,10,78,87,33,95,14,229,28,0,28,257
12/14/2022,ROC,NY,AEA,CE,Combined TRACON& Tower with Radar,86,32,39,8,165,0,0,52,9,61,86,32,91,17,226,52,0,52,278
12/15/2022,ROC,NY,AEA,CE,Combined TRACON& Tower with Radar,83,29,16,0,128,0,0,2,1,3,83,29,18,1,131,0,0,0,131
12/16/2022,ROC,NY,AEA,CE,Combined TRACON& Tower with Radar,89,24,12,0,125,0,0,0,0,0,89,24,12,0,125,0,0,0,125
12/17/2022,ROC,NY,AEA,CE,Combined TRACON& Tower with Radar,78,18,15,0,111,0,0,6,0,6,78,18,21,0,117,58,0,58,175
12/18/2022,ROC,NY,AEA,CE,Combined TRACON& Tower with Radar,76,23,16,0,115,0,0,14,0,14,76,23,30,0,129,46,0,46,175
12/19/2022,ROC,NY,AEA,CE,Combined TRACON& Tower with Radar,79,40,20,0,139,0,0,6,5,11,79,40,26,5,150,0,0,0,150
12/20/2022,ROC,NY,AEA,CE,Combined TRACON& Tower with Radar,82,31,8,0,121,0,1,4,9,14,82,32,12,9,135,131,0,131,266
12/21/2022,ROC,NY,AEA,CE,Combined TRACON& Tower with Radar,87,29,31,0,147,0,0,69,16,85,87,29,100,16,232,99,0,99,331
12/22/2022,ROC,NY,AEA,CE,Combined TRACON& Tower with Radar,77,33,11,4,125,0,0,16,5,21,77,33,27,9,146,15,0,15,161
12/23/2022,ROC,NY,AEA,CE,Combined TRACON& Tower with Radar,30,11,5,0,46,0,0,0,0,0,30,11,5,0,46,0,0,0,46
12/24/2022,ROC,NY,AEA,CE,Combined TRACON& Tower with Radar,30,16,6,0,52,0,0,0,0,0,30,16,6,0,52,0,0,0,52
12/25/2022,ROC,NY,AEA,CE,Combined TRACON& Tower with Radar,39,17,9,0,65,0,0,0,0,0,39,17,9,0,65,0,0,0,65
12/26/2022,ROC,NY,AEA,CE,Combined TRACON& Tower with Radar,52,32,31,0,115,0,2,5,0,7,52,34,36,0,122,46,0,46,168
12/27/2022,ROC,NY,AEA,CE,Combined TRACON& Tower with Radar,74,29,43,0,146,0,0,17,3,20,74,29,60,3,166,33,0,33,199
12/28/2022,ROC,NY,AEA,CE,Combined TRACON& Tower with Radar,60,23,38,2,123,0,0,48,6,54,60,23,86,8,177,90,0,90,267
12/29/2022,ROC,NY,AEA,CE,Combined TRACON& Tower with Radar,67,25,27,0,119,0,0,51,2,53,67,25,78,2,172,74,0,74,246
12/30/2022,ROC,NY,AEA,CE,Combined TRACON& Tower with Radar,72,27,17,0,116,0,0,30,0,30,72,27,47,0,146,8,0,8,154
12/31/2022,ROC,NY,AEA,CE,Combined TRACON& Tower with Radar,60,18,8,0,86,0,0,0,0,0,60,18,8,0,86,0,0,0,86
01/01/2023,ROC,NY,AEA,CE,Combined TRACON& Tower with Radar,52,15,17,0,84,0,0,3,0,3,52,15,20,0,87,0,0,0,87
01/02/2023,ROC,NY,AEA,CE,Combined TRACON& Tower with Radar,61,28,27,0,116,0,0,9,0,9,61,28,36,0,125,134,0,134,259
01/03/2023,ROC,NY,AEA,CE,Combined TRACON& Tower with Radar,73,33,12,0,118,0,0,0,0,0,73,33,12,0,118,0,0,0,118
01/04/2023,ROC,NY,AEA,CE,Combined TRACON& Tower with Radar,71,26,20,0,117,0,0,0,0,0,71,26,20,0,117,0,0,0,117
01/05/2023,ROC,NY,AEA,CE,Combined TRACON& Tower with Radar,69,25,34,7,135,0,0,48,7,55,69,25,82,14,190,60,0,60,250
01/06/2023,ROC,NY,AEA,CE,Combined TRACON& Tower with Radar,66,28,12,0,106,0,0,5,1,6,66,28,17,1,112,0,0,0,112
01/07/2023,ROC,NY,AEA,CE,Combined TRACON& Tower with Radar,57,19,7,0,83,0,0,3,0,3,57,19,10,0,86,0,0,0,86
01/08/2023,ROC,NY,AEA,CE,Combined TRACON& Tower with Radar,76,21,12,0,109,0,0,19,0,19,76,21,31,0,128,83,0,83,211
01/09/2023,ROC,NY,AEA,CE,Combined TRACON& Tower with Radar,83,28,20,1,132,0,0,8,5,13,83,28,28,6,145,0,2,2,147
01/10/2023,ROC,NY,AEA,CE,Combined TRACON& Tower with Radar,86,25,20,1,132,0,0,5,3,8,86,25,25,4,140,12,0,12,152
01/11/2023,ROC,NY,AEA,CE,Combined TRACON& Tower with Radar,79,31,16,3,129,0,0,22,7,29,79,31,38,10,158,66,0,66,224
01/12/2023,ROC,NY,AEA,CE,Combined TRACON& Tower with Radar,93,26,23,0,142,0,0,0,2,2,93,26,23,2,144,16,0,16,160
01/13/2023,ROC,NY,AEA,CE,Combined TRACON& Tower with Radar,95,27,17,0,139,0,0,0,0,0,95,27,17,0,139,0,0,0,139
01/14/2023,ROC,NY,AEA,CE,Combined TRACON& Tower with Radar,65,18,10,0,93,0,0,0,0,0,65,18,10,0,93,0,0,0,93
01/15/2023,ROC,NY,AEA,CE,Combined TRACON& Tower with Radar,83,21,16,0,120,0,0,4,0,4,83,21,20,0,124,0,0,0,124
01/16/2023,ROC,NY,AEA,CE,Combined TRACON& Tower with Radar,87,23,30,0,140,0,0,67,0,67,87,23,97,0,207,48,0,48,255
01/17/2023,ROC,NY,AEA,CE,Combined TRACON& Tower with Radar,87,26,18,4,135,0,1,0,0,1,87,27,18,4,136,0,6,6,142
01/18/2023,ROC,NY,AEA,CE,Combined TRACON& Tower with Radar,87,21,20,16,144,0,0,1,2,3,87,21,21,18,147,0,0,0,147
01/19/2023,ROC,NY,AEA,CE,Combined TRACON& Tower with Radar,95,27,20,0,142,0,0,0,0,0,95,27,20,0,142,0,0,0,142
01/20/2023,ROC,NY,AEA,CE,Combined TRACON& Tower with Radar,101,20,20,0,141,0,0,0,0,0,101,20,20,0,141,0,0,0,141
01/21/2023,ROC,NY,AEA,CE,Combined TRACON& Tower with Radar,65,20,12,0,97,0,0,3,4,7,65,20,15,4,104,0,0,0,104
01/22/2023,ROC,NY,AEA,CE,Combined TRACON& Tower with Radar,79,15,10,0,104,0,0,14,0,14,79,15,24,0,118,90,0,90,208
01/23/2023,ROC,NY,AEA,CE,Combined TRACON& Tower with Radar,87,25,10,2,124,0,0,0,0,0,87,25,10,2,124,0,0,0,124
01/24/2023,ROC,NY,AEA,CE,Combined TRACON& Tower with Radar,93,33,23,2,151,0,0,8,4,12,93,33,31,6,163,0,0,0,163
01/25/2023,ROC,NY,AEA,CE,Combined TRACON& Tower with Radar,76,28,21,0,125,0,0,2,1,3,76,28,23,1,128,0,0,0,128
01/26/2023,ROC,NY,AEA,CE,Combined TRACON& Tower with Radar,106,26,9,1,142,0,0,1,2,3,106,26,10,3,145,0,0,0,145
01/27/2023,ROC,NY,AEA,CE,Combined TRACON& Tower with Radar,95,29,26,0,150,0,1,21,0,22,95,30,47,0,172,31,0,31,203
01/28/2023,ROC,NY,AEA,CE,Combined TRACON& Tower with Radar,66,20,7,0,93,0,2,15,0,17,66,22,22,0,110,0,0,0,110
01/29/2023,ROC,NY,AEA,CE,Combined TRACON& Tower with Radar,86,20,10,0,116,0,0,0,0,0,86,20,10,0,116,0,0,0,116
01/30/2023,ROC,NY,AEA,CE,Combined TRACON& Tower with Radar,81,23,12,0,116,0,0,1,0,1,81,23,13,0,117,0,0,0,117
01/31/2023,ROC,NY,AEA,CE,Combined TRACON& Tower with Radar,82,24,24,0,130,0,2,37,0,39,82,26,61,0,169,37,0,37,206
02/01/2023,ROC,NY,AEA,CE,Combined TRACON& Tower with Radar,80,28,22,2,132,0,1,25,3,29,80,29,47,5,161,27,0,27,188
02/02/2023,ROC,NY,AEA,CE,Combined TRACON& Tower with Radar,89,28,18,1,136,0,0,16,4,20,89,28,34,5,156,12,0,12,168
02/03/2023,ROC,NY,AEA,CE,Combined TRACON& Tower with Radar,86,28,8,0,122,0,0,0,0,0,86,28,8,0,122,0,0,0,122
02/04/2023,ROC,NY,AEA,CE,Combined TRACON& Tower with Radar,71,21,10,0,102,0,1,10,6,17,71,22,20,6,119,0,0,0,119
02/05/2023,ROC,NY,AEA,CE,Combined TRACON& Tower with Radar,87,21,6,1,115,0,0,16,8,24,87,21,22,9,139,16,0,16,155
02/06/2023,ROC,NY,AEA,CE,Combined TRACON& Tower with Radar,84,29,15,1,129,0,0,4,0,4,84,29,19,1,133,66,0,66,199
02/07/2023,ROC,NY,AEA,CE,Combined TRACON& Tower with Radar,81,26,15,1,123,0,0,9,3,12,81,26,24,4,135,14,0,14,149
02/08/2023,ROC,NY,AEA,CE,Combined TRACON& Tower with Radar,81,29,20,1,131,0,0,57,5,62,81,29,77,6,193,100,0,100,293
02/09/2023,ROC,NY,AEA,CE,Combined TRACON& Tower with Radar,91,23,13,0,127,0,1,0,1,2,91,24,13,1,129,0,0,0,129
02/10/2023,ROC,NY,AEA,CE,Combined TRACON& Tower with Radar,86,38,19,0,143,0,0,0,1,1,86,38,19,1,144,0,0,0,144
02/11/2023,ROC,NY,AEA,CE,Combined TRACON& Tower with Radar,70,20,14,0,104,0,2,34,0,36,70,22,48,0,140,110,0,110,250
02/12/2023,ROC,NY,AEA,CE,Combined TRACON& Tower with Radar,80,30,32,0,142,0,0,59,0,59,80,30,91,0,201,67,0,67,268
02/13/2023,ROC,NY,AEA,CE,Combined TRACON& Tower with Radar,79,29,22,2,132,0,2,49,5,56,79,31,71,7,188,4,0,4,192
02/14/2023,ROC,NY,AEA,CE,Combined TRACON& Tower with Radar,80,27,24,3,134,0,0,62,2,64,80,27,86,5,198,38,0,38,236
02/15/2023,ROC,NY,AEA,CE,Combined TRACON& Tower with Radar,86,26,19,2,133,0,0,3,9,12,86,26,22,11,145,0,0,0,145
02/16/2023,ROC,NY,AEA,CE,Combined TRACON& Tower with Radar,88,24,24,0,136,0,0,8,0,8,88,24,32,0,144,88,0,88,232
02/17/2023,ROC,NY,AEA,CE,Combined TRACON& Tower with Radar,88,33,22,0,143,0,0,0,0,0,88,33,22,0,143,0,0,0,143
02/18/2023,ROC,NY,AEA,CE,Combined TRACON& Tower with Radar,82,20,21,0,123,0,0,20,2,22,82,20,41,2,145,0,0,0,145
02/19/2023,ROC,NY,AEA,CE,Combined TRACON& Tower with Radar,82,23,17,0,122,0,0,21,1,22,82,23,38,1,144,12,0,12,156
02/20/2023,ROC,NY,AEA,CE,Combined TRACON& Tower with Radar,84,31,32,0,147,0,0,42,3,45,84,31,74,3,192,40,0,40,232
02/21/2023,ROC,NY,AEA,CE,Combined TRACON& Tower with Radar,90,26,9,5,130,0,0,13,3,16,90,26,22,8,146,2,0,2,148
02/22/2023,ROC,NY,AEA,CE,Combined TRACON& Tower with Radar,75,22,15,0,112,0,0,13,0,13,75,22,28,0,125,49,0,49,174
02/23/2023,ROC,NY,AEA,CE,Combined TRACON& Tower with Radar,73,30,10,0,113,0,0,0,0,0,73,30,10,0,113,0,0,0,113
02/24/2023,ROC,NY,AEA,CE,Combined TRACON& Tower with Radar,90,32,14,0,136,0,0,1,0,1,90,32,15,0,137,0,0,0,137
02/25/2023,ROC,NY,AEA,CE,Combined TRACON& Tower with Radar,81,27,24,0,132,0,0,0,0,0,81,27,24,0,132,0,0,0,132
02/26/2023,ROC,NY,AEA,CE,Combined TRACON& Tower with Radar,81,28,17,0,126,0,0,1,0,1,81,28,18,0,127,0,0,0,127
02/27/2023,ROC,NY,AEA,CE,Combined TRACON& Tower with Radar,79,28,23,0,130,0,3,34,5,42,79,31,57,5,172,0,0,0,172
02/28/2023,ROC,NY,AEA,CE,Combined TRACON& Tower with Radar,78,25,15,0,118,0,0,2,4,6,78,25,17,4,124,0,0,0,124
03/01/2023,ROC,NY,AEA,CE,Combined TRACON& Tower with Radar,90,27,40,4,161,0,0,51,11,62,90,27,91,15,223,30,2,32,255
03/02/2023,ROC,NY,AEA,CE,Combined TRACON& Tower with Radar,86,34,11,1,132,0,0,4,2,6,86,34,15,3,138,0,0,0,138
03/03/2023,ROC,NY,AEA,CE,Combined TRACON& Tower with Radar,85,21,17,0,123,0,0,27,0,27,85,21,44,0,150,56,0,56,206
03/04/2023,ROC,NY,AEA,CE,Combined TRACON& Tower with Radar,76,12,13,0,101,0,2,0,0,2,76,14,13,0,103,0,0,0,103
03/05/2023,ROC,NY,AEA,CE,Combined TRACON& Tower with Radar,81,16,12,0,109,0,0,1,2,3,81,16,13,2,112,0,0,0,112
03/06/2023,ROC,NY,AEA,CE,Combined TRACON& Tower with Radar,92,37,26,0,155,0,4,45,4,53,92,41,71,4,208,58,0,58,266
03/07/2023,ROC,NY,AEA,CE,Combined TRACON& Tower with Radar,90,37,26,1,154,0,5,19,1,25,90,42,45,2,179,0,0,0,179
03/08/2023,ROC,NY,AEA,CE,Combined TRACON& Tower with Radar,93,36,22,2,153,0,0,29,9,38,93,36,51,11,191,8,0,8,199
03/09/2023,ROC,NY,AEA,CE,Combined TRACON& Tower with Radar,95,40,23,2,160,0,1,30,10,41,95,41,53,12,201,84,0,84,285
03/10/2023,ROC,NY,AEA,CE,Combined TRACON& Tower with Radar,91,23,12,0,126,0,0,1,0,1,91,23,13,0,127,14,0,14,141
03/11/2023,ROC,NY,AEA,CE,Combined TRACON& Tower with Radar,80,27,10,0,117,0,0,2,2,4,80,27,12,2,121,0,0,0,121
03/12/2023,ROC,NY,AEA,CE,Combined TRACON& Tower with Radar,85,27,32,0,144,0,0,29,3,32,85,27,61,3,176,4,0,4,180
03/13/2023,ROC,NY,AEA,CE,Combined TRACON& Tower with Radar,89,28,12,0,129,0,0,0,4,4,89,28,12,4,133,0,4,4,137
03/14/2023,ROC,NY,AEA,CE,Combined TRACON& Tower with Radar,79,14,3,0,96,0,0,0,0,0,79,14,3,0,96,0,0,0,96
03/15/2023,ROC,NY,AEA,CE,Combined TRACON& Tower with Radar,93,32,27,2,154,0,0,13,8,21,93,32,40,10,175,20,0,20,195
03/16/2023,ROC,NY,AEA,CE,Combined TRACON& Tower with Radar,102,35,32,0,169,0,1,50,6,57,102,36,82,6,226,58,0,58,284
03/17/2023,ROC,NY,AEA,CE,Combined TRACON& Tower with Radar,92,35,18,0,145,0,0,0,2,2,92,35,18,2,147,0,0,0,147
03/18/2023,ROC,NY,AEA,CE,Combined TRACON& Tower with Radar,79,37,11,0,127,0,0,0,4,4,79,37,11,4,131,0,0,0,131
03/19/2023,ROC,NY,AEA,CE,Combined TRACON& Tower with Radar,88,21,9,0,118,0,0,2,1,3,88,21,11,1,121,0,0,0,121
03/20/2023,ROC,NY,AEA,CE,Combined TRACON& Tower with Radar,91,28,16,0,135,0,0,22,3,25,91,28,38,3,160,0,0,0,160
03/21/2023,ROC,NY,AEA,CE,Combined TRACON& Tower with Radar,96,25,30,0,151,0,3,52,2,57,96,28,82,2,208,14,0,14,222
03/22/2023,ROC,NY,AEA,CE,Combined TRACON& Tower with Radar,99,34,40,0,173,22,1,60,2,85,121,35,100,2,258,27,0,27,285
03/23/2023,ROC,NY,AEA,CE,Combined TRACON& Tower with Radar,93,25,12,0,130,0,0,1,0,1,93,25,13,0,131,0,0,0,131
03/24/2023,ROC,NY,AEA,CE,Combined TRACON& Tower with Radar,96,34,23,2,155,0,1,37,0,38,96,35,60,2,193,82,0,82,275
03/25/2023,ROC,NY,AEA,CE,Combined TRACON& Tower with Radar,84,15,5,0,104,0,0,0,0,0,84,15,5,0,104,0,0,0,104
03/26/2023,ROC,NY,AEA,CE,Combined TRACON& Tower with Radar,78,29,8,0,115,0,0,4,1,5,78,29,12,1,120,0,0,0,120
03/27/2023,ROC,NY,AEA,CE,Combined TRACON& Tower with Radar,89,31,25,0,145,0,0,13,1,14,89,31,38,1,159,12,0,12,171
03/28/2023,ROC,NY,AEA,CE,Combined TRACON& Tower with Radar,90,35,21,1,147,0,0,18,2,20,90,35,39,3,167,8,20,28,195
03/29/2023,ROC,NY,AEA,CE,Combined TRACON& Tower with Radar,98,39,26,1,164,0,0,24,3,27,98,39,50,4,191,27,0,27,218
03/30/2023,ROC,NY,AEA,CE,Combined TRACON& Tower with Radar,89,27,28,3,147,0,0,56,14,70,89,27,84,17,217,14,0,14,231
03/31/2023,ROC,NY,AEA,CE,Combined TRACON& Tower with Radar,87,36,25,0,148,0,0,2,0,2,87,36,27,0,150,6,0,6,156
04/01/2023,ROC,NY,AEA,CE,Combined TRACON& Tower with Radar,70,35,17,0,122,0,0,3,1,4,70,35,20,1,126,0,0,0,126
04/02/2023,ROC,NY,AEA,CE,Combined TRACON& Tower with Radar,79,25,48,0,152,0,2,65,5,72,79,27,113,5,224,28,0,28,252
04/03/2023,ROC,NY,AEA,CE,Combined TRACON& Tower with Radar,90,23,20,2,135,0,0,24,2,26,90,23,44,4,161,2,0,2,163
04/04/2023,ROC,NY,AEA,CE,Combined TRACON& Tower with Radar,85,23,12,2,122,0,0,6,3,9,85,23,18,5,131,40,0,40,171
04/05/2023,ROC,NY,AEA,CE,Combined TRACON& Tower with Radar,84,28,15,0,127,0,1,5,8,14,84,29,20,8,141,12,0,12,153
04/06/2023,ROC,NY,AEA,CE,Combined TRACON& Tower with Radar,91,32,27,4,154,0,0,38,8,46,91,32,65,12,200,6,18,24,224
04/07/2023,ROC,NY,AEA,CE,Combined TRACON& Tower with Radar,95,36,35,0,166,0,0,55,0,55,95,36,90,0,221,10,0,10,231
04/08/2023,ROC,NY,AEA,CE,Combined TRACON& Tower with Radar,76,20,27,0,123,0,0,77,0,77,76,20,104,0,200,76,0,76,276
04/09/2023,ROC,NY,AEA,CE,Combined TRACON& Tower with Radar,82,25,25,0,132,0,0,52,1,53,82,25,77,1,185,52,0,52,237
04/10/2023,ROC,NY,AEA,CE,Combined TRACON& Tower with Radar,90,35,34,1,160,0,0,79,1,80,90,35,113,2,240,68,0,68,308
04/11/2023,ROC,NY,AEA,CE,Combined TRACON& Tower with Radar,94,31,24,1,150,0,1,18,3,22,94,32,42,4,172,14,0,14,186
04/12/2023,ROC,NY,AEA,CE,Combined TRACON& Tower with Radar,94,33,16,1,144,0,2,42,9,53,94,35,58,10,197,103,0,103,300
04/13/2023,ROC,NY,AEA,CE,Combined TRACON& Tower with Radar,92,29,29,3,153,0,0,36,13,49,92,29,65,16,202,20,0,20,222
04/14/2023,ROC,NY,AEA,CE,Combined TRACON& Tower with Radar,93,28,27,0,148,0,1,78,4,83,93,29,105,4,231,36,0,36,267
04/15/2023,ROC,NY,AEA,CE,Combined TRACON& Tower with Radar,75,29,24,0,128,0,2,59,0,61,75,31,83,0,189,119,0,119,308
04/16/2023,ROC,NY,AEA,CE,Combined TRACON& Tower with Radar,83,25,16,2,126,0,0,44,4,48,83,25,60,6,174,83,0,83,257
04/17/2023,ROC,NY,AEA,CE,Combined TRACON& Tower with Radar,88,28,19,2,137,0,0,20,0,20,88,28,39,2,157,61,0,61,218
04/18/2023,ROC,NY,AEA,CE,Combined TRACON& Tower with Radar,91,20,19,0,130,0,0,3,2,5,91,20,22,2,135,0,0,0,135
04/19/2023,ROC,NY,AEA,CE,Combined TRACON& Tower with Radar,94,28,19,0,141,0,1,32,5,38,94,29,51,5,179,0,0,0,179
04/20/2023,ROC,NY,AEA,CE,Combined TRACON& Tower with Radar,91,35,39,4,169,0,0,65,9,74,91,35,104,13,243,47,16,63,306
04/21/2023,ROC,NY,AEA,CE,Combined TRACON& Tower with Radar,93,42,31,1,167,0,2,52,4,58,93,44,83,5,225,74,0,74,299
04/22/2023,ROC,NY,AEA,CE,Combined TRACON& Tower with Radar,65,34,11,0,110,0,0,13,7,20,65,34,24,7,130,0,0,0,130
04/23/2023,ROC,NY,AEA,CE,Combined TRACON& Tower with Radar,83,30,14,1,128,0,0,30,3,33,83,30,44,4,161,0,0,0,161
04/24/2023,ROC,NY,AEA,CE,Combined TRACON& Tower with Radar,91,29,16,4,140,0,0,16,0,16,91,29,32,4,156,85,0,85,241
04/25/2023,ROC,NY,AEA,CE,Combined TRACON& Tower with Radar,89,30,18,1,138,0,0,29,1,30,89,30,47,2,168,41,0,41,209
04/26/2023,ROC,NY,AEA,CE,Combined TRACON& Tower with Radar,90,27,20,3,140,0,0,25,5,30,90,27,45,8,170,52,0,52,222
04/27/2023,ROC,NY,AEA,CE,Combined TRACON& Tower with Radar,93,34,28,0,155,0,0,86,10,96,93,34,114,10,251,54,0,54,305
04/28/2023,ROC,NY,AEA,CE,Combined TRACON& Tower with Radar,89,33,23,0,145,0,0,39,0,39,89,33,62,0,184,24,0,24,208
04/29/2023,ROC,NY,AEA,CE,Combined TRACON& Tower with Radar,64,21,15,0,100,0,0,1,1,2,64,21,16,1,102,0,0,0,102
04/30/2023,ROC,NY,AEA,CE,Combined TRACON& Tower with Radar,71,29,9,0,109,0,0,3,0,3,71,29,12,0,112,0,0,0,112
05/01/2023,ROC,NY,AEA,CE,Combined TRACON& Tower with Radar,92,29,12,0,133,0,0,4,1,5,92,29,16,1,138,11,0,11,149
05/02/2023,ROC,NY,AEA,CE,Combined TRACON& Tower with Radar,89,26,23,0,138,0,0,2,3,5,89,26,25,3,143,35,14,49,192
05/03/2023,ROC,NY,AEA,CE,Combined TRACON& Tower with Radar,96,31,14,0,141,0,0,0,0,0,96,31,14,0,141,24,0,24,165
05/04/2023,ROC,NY,AEA,CE,Combined TRACON& Tower with Radar,89,34,14,3,140,0,0,8,3,11,89,34,22,6,151,44,0,44,195
05/05/2023,ROC,NY,AEA,CE,Combined TRACON& Tower with Radar,97,24,24,2,147,0,0,62,4,66,97,24,86,6,213,90,0,90,303
05/06/2023,ROC,NY,AEA,CE,Combined TRACON& Tower with Radar,72,10,19,0,101,0,2,86,1,89,72,12,105,1,190,96,0,96,286
05/07/2023,ROC,NY,AEA,CE,Combined TRACON& Tower with Radar,81,15,41,4,141,0,0,49,13,62,81,15,90,17,203,98,0,98,301
05/08/2023,ROC,NY,AEA,CE,Combined TRACON& Tower with Radar,97,23,19,0,139,0,0,67,8,75,97,23,86,8,214,142,0,142,356
05/09/2023,ROC,NY,AEA,CE,Combined TRACON& Tower with Radar,97,32,22,3,154,0,2,75,10,87,97,34,97,13,241,42,0,42,283
05/10/2023,ROC,NY,AEA,CE,Combined TRACON& Tower with Radar,103,27,33,0,163,0,0,79,6,85,103,27,112,6,248,8,0,8,256
05/11/2023,ROC,NY,AEA,CE,Combined TRACON& Tower with Radar,95,30,36,0,161,0,0,65,5,70,95,30,101,5,231,27,0,27,258
05/12/2023,ROC,NY,AEA,CE,Combined TRACON& Tower with Radar,97,33,17,2,149,0,0,36,3,39,97,33,53,5,188,64,0,64,252
05/13/2023,ROC,NY,AEA,CE,Combined TRACON& Tower with Radar,78,21,21,0,120,0,0,54,4,58,78,21,75,4,178,80,0,80,258
05/14/2023,ROC,NY,AEA,CE,Combined TRACON& Tower with Radar,85,47,22,0,154,0,0,30,2,32,85,47,52,2,186,18,0,18,204
05/15/2023,ROC,NY,AEA,CE,Combined TRACON& Tower with Radar,93,45,26,3,167,0,1,39,7,47,93,46,65,10,214,8,0,8,222
05/16/2023,ROC,NY,AEA,CE,Combined TRACON& Tower with Radar,89,43,20,0,152,0,4,15,9,28,89,47,35,9,180,0,0,0,180
05/17/2023,ROC,NY,AEA,CE,Combined TRACON& Tower with Radar,100,35,37,1,173,0,10,57,12,79,100,45,94,13,252,0,0,0,252
05/18/2023,ROC,NY,AEA,CE,Combined TRACON& Tower with Radar,101,59,40,0,200,0,0,88,7,95,101,59,128,7,295,14,0,14,309
05/19/2023,ROC,NY,AEA,CE,Combined TRACON& Tower with Radar,96,54,52,0,202,0,0,44,2,46,96,54,96,2,248,6,0,6,254
05/20/2023,ROC,NY,AEA,CE,Combined TRACON& Tower with Radar,69,32,28,0,129,0,1,0,1,2,69,33,28,1,131,0,0,0,131
05/21/2023,ROC,NY,AEA,CE,Combined TRACON& Tower with Radar,86,84,39,0,209,0,0,56,0,56,86,84,95,0,265,23,0,23,288
05/22/2023,ROC,NY,AEA,CE,Combined TRACON& Tower with Radar,97,34,36,1,168,0,1,59,4,64,97,35,95,5,232,10,0,10,242
05/23/2023,ROC,NY,AEA,CE,Combined TRACON& Tower with Radar,92,25,39,8,164,0,2,86,6,94,92,27,125,14,258,68,0,68,326
05/24/2023,ROC,NY,AEA,CE,Combined TRACON& Tower with Radar,94,27,19,0,140,0,0,18,6,24,94,27,37,6,164,20,0,20,184
05/25/2023,ROC,NY,AEA,CE,Combined TRACON& Tower with Radar,92,25,36,12,165,0,3,85,5,93,92,28,121,17,258,78,0,78,336
05/26/2023,ROC,NY,AEA,CE,Combined TRACON& Tower with Radar,92,34,23,0,149,0,9,66,1,76,92,43,89,1,225,58,0,58,283
05/27/2023,ROC,NY,AEA,CE,Combined TRACON& Tower with Radar,69,19,14,0,102,0,4,64,2,70,69,23,78,2,172,40,0,40,212
05/28/2023,ROC,NY,AEA,CE,Combined TRACON& Tower with Radar,77,17,14,0,108,0,2,56,1,59,77,19,70,1,167,60,0,60,227
05/29/2023,ROC,NY,AEA,CE,Combined TRACON& Tower with Radar,89,23,19,0,131,0,1,54,1,56,89,24,73,1,187,21,0,21,208
05/30/2023,ROC,NY,AEA,CE,Combined TRACON& Tower with Radar,85,29,19,1,134,0,0,64,5,69,85,29,83,6,203,49,0,49,252
05/31/2023,ROC,NY,AEA,CE,Combined TRACON& Tower with Radar,94,23,32,2,151,0,2,63,8,73,94,25,95,10,224,88,0,88,312
06/01/2023,ROC,NY,AEA,CE,Combined TRACON& Tower with Radar,87,30,28,1,146,0,5,87,3,95,87,35,115,4,241,86,0,86,327
06/02/2023,ROC,NY,AEA,CE,Combined TRACON& Tower with Radar,88,37,29,0,154,0,0,64,5,69,88,37,93,5,223,32,0,32,255
06/03/2023,ROC,NY,AEA,CE,Combined TRACON& Tower with Radar,68,29,14,0,111,0,0,7,5,12,68,29,21,5,123,0,0,0,123
06/04/2023,ROC,NY,AEA,CE,Combined TRACON& Tower with Radar,76,29,19,0,124,0,2,37,2,41,76,31,56,2,165,0,2,2,167
06/05/2023,ROC,NY,AEA,CE,Combined TRACON& Tower with Radar,80,29,34,1,144,0,0,45,1,46,80,29,79,2,190,74,0,74,264
06/06/2023,ROC,NY,AEA,CE,Combined TRACON& Tower with Radar,85,28,40,4,157,0,0,25,3,28,85,28,65,7,185,50,0,50,235
06/07/2023,ROC,NY,AEA,CE,Combined TRACON& Tower with Radar,87,31,29,2,149,0,0,11,0,11,87,31,40,2,160,0,0,0,160
06/08/2023,ROC,NY,AEA,CE,Combined TRACON& Tower with Radar,83,39,27,3,152,0,2,25,2,29,83,41,52,5,181,59,0,59,240
06/09/2023,ROC,NY,AEA,CE,Combined TRACON& Tower with Radar,86,31,29,1,147,0,0,43,8,51,86,31,72,9,198,51,0,51,249
06/10/2023,ROC,NY,AEA,CE,Combined TRACON& Tower with Radar,66,26,11,0,103,0,0,63,14,77,66,26,74,14,180,66,0,66,246
06/11/2023,ROC,NY,AEA,CE,Combined TRACON& Tower with Radar,71,29,18,0,118,0,4,46,5,55,71,33,64,5,173,45,0,45,218
06/12/2023,ROC,NY,AEA,CE,Combined TRACON& Tower with Radar,78,30,22,0,130,0,0,1,0,1,78,30,23,0,131,0,0,0,131
06/13/2023,ROC,NY,AEA,CE,Combined TRACON& Tower with Radar,84,36,33,2,155,0,1,78,4,83,84,37,111,6,238,100,0,100,338
06/14/2023,ROC,NY,AEA,CE,Combined TRACON& Tower with Radar,77,30,27,0,134,0,0,1,0,1,77,30,28,0,135,0,0,0,135
06/15/2023,ROC,NY,AEA,CE,Combined TRACON& Tower with Radar,88,32,35,0,155,0,0,86,0,86,88,32,121,0,241,50,0,50,291
06/16/2023,ROC,NY,AEA,CE,Combined TRACON& Tower with Radar,90,35,38,1,164,0,0,2,0,2,90,35,40,1,166,0,0,0,166
06/17/2023,ROC,NY,AEA,CE,Combined TRACON& Tower with Radar,67,19,26,1,113,0,0,50,0,50,67,19,76,1,163,56,0,56,219
06/18/2023,ROC,NY,AEA,CE,Combined TRACON& Tower with Radar,72,25,18,0,115,0,0,68,2,70,72,25,86,2,185,48,0,48,233
06/19/2023,ROC,NY,AEA,CE,Combined TRACON& Tower with Radar,84,30,26,0,140,0,3,89,2,94,84,33,115,2,234,80,0,80,314
06/20/2023,ROC,NY,AEA,CE,Combined TRACON& Tower with Radar,83,36,30,0,149,0,2,90,0,92,83,38,120,0,241,26,0,26,267
06/21/2023,ROC,NY,AEA,CE,Combined TRACON& Tower with Radar,89,36,25,0,150,0,4,78,12,94,89,40,103,12,244,32,0,32,276
06/22/2023,ROC,NY,AEA,CE,Combined TRACON& Tower with Radar,86,29,30,1,146,0,0,73,10,83,86,29,103,11,229,56,0,56,285
06/23/2023,ROC,NY,AEA,CE,Combined TRACON& Tower with Radar,82,33,25,0,140,0,0,20,0,20,82,33,45,0,160,36,0,36,196
06/24/2023,ROC,NY,AEA,CE,Combined TRACON& Tower with Radar,57,32,33,8,130,0,0,2,0,2,57,32,35,8,132,2,0,2,134
06/25/2023,ROC,NY,AEA,CE,Combined TRACON& Tower with Radar,63,32,18,0,113,0,0,15,0,15,63,32,33,0,128,28,0,28,156
06/26/2023,ROC,NY,AEA,CE,Combined TRACON& Tower with Radar,59,25,33,8,125,0,0,22,0,22,59,25,55,8,147,72,31,103,250
06/27/2023,ROC,NY,AEA,CE,Combined TRACON& Tower with Radar,61,34,49,0,144,0,0,24,6,30,61,34,73,6,174,43,0,43,217
06/28/2023,ROC,NY,AEA,CE,Combined TRACON& Tower with Radar,73,33,43,10,159,0,0,2,3,5,73,33,45,13,164,0,0,0,164
06/29/2023,ROC,NY,AEA,CE,Combined TRACON& Tower with Radar,82,29,39,1,151,0,0,13,1,14,82,29,52,2,165,0,0,0,165
06/30/2023,ROC,NY,AEA,CE,Combined TRACON& Tower with Radar,86,32,51,0,169,0,0,0,0,0,86,32,51,0,169,0,0,0,169
07/01/2023,ROC,NY,AEA,CE,Combined TRACON& Tower with Radar,67,21,21,0,109,0,0,12,1,13,67,21,33,1,122,51,0,51,173
07/02/2023,ROC,NY,AEA,CE,Combined TRACON& Tower with Radar,62,23,14,0,99,0,0,2,0,2,62,23,16,0,101,3,0,3,104
07/03/2023,ROC,NY,AEA,CE,Combined TRACON& Tower with Radar,64,20,7,0,91,0,0,3,0,3,64,20,10,0,94,0,0,0,94
07/04/2023,ROC,NY,AEA,CE,Combined TRACON& Tower with Radar,61,22,20,0,103,0,1,42,2,45,61,23,62,2,148,39,0,39,187
07/05/2023,ROC,NY,AEA,CE,Combined TRACON& Tower with Radar,81,33,44,0,158,0,14,85,10,109,81,47,129,10,267,52,0,52,319
07/06/2023,ROC,NY,AEA,CE,Combined TRACON& Tower with Radar,81,31,19,4,135,0,2,53,9,64,81,33,72,13,199,66,0,66,265
07/07/2023,ROC,NY,AEA,CE,Combined TRACON& Tower with Radar,83,34,20,0,137,0,0,31,0,31,83,34,51,0,168,16,0,16,184
07/08/2023,ROC,NY,AEA,CE,Combined TRACON& Tower with Radar,71,23,16,0,110,0,3,62,3,68,71,26,78,3,178,40,0,40,218
07/09/2023,ROC,NY,AEA,CE,Combined TRACON& Tower with Radar,61,30,21,0,112,0,1,20,1,22,61,31,41,1,134,40,0,40,174
07/10/2023,ROC,NY,AEA,CE,Combined TRACON& Tower with Radar,76,33,41,1,151,0,6,82,5,93,76,39,123,6,244,37,0,37,281
07/11/2023,ROC,NY,AEA,CE,Combined TRACON& Tower with Radar,85,35,25,5,150,0,9,68,8,85,85,44,93,13,235,63,0,63,298
07/12/2023,ROC,NY,AEA,CE,Combined TRACON& Tower with Radar,81,37,41,2,161,0,4,83,13,100,81,41,124,15,261,112,0,112,373
07/13/2023,ROC,NY,AEA,CE,Combined TRACON& Tower with Radar,87,50,22,2,161,0,0,12,7,19,87,50,34,9,180,0,0,0,180
07/14/2023,ROC,NY,AEA,CE,Combined TRACON& Tower with Radar,86,37,43,0,166,0,2,94,6,102,86,39,137,6,268,88,0,88,356
07/15/2023,ROC,NY,AEA,CE,Combined TRACON& Tower with Radar,60,21,13,0,94,0,1,44,4,49,60,22,57,4,143,37,0,37,180
07/16/2023,ROC,NY,AEA,CE,Combined TRACON& Tower with Radar,62,32,29,0,123,0,0,22,2,24,62,32,51,2,147,0,0,0,147
07/17/2023,ROC,NY,AEA,CE,Combined TRACON& Tower with Radar,77,28,19,2,126,0,0,22,2,24,77,28,41,4,150,98,0,98,248
07/18/2023,ROC,NY,AEA,CE,Combined TRACON& Tower with Radar,81,30,24,1,136,0,0,22,11,33,81,30,46,12,169,127,0,127,296
07/19/2023,ROC,NY,AEA,CE,Combined TRACON& Tower with Radar,88,31,25,7,151,0,0,103,17,120,88,31,128,24,271,114,0,114,385
07/20/2023,ROC,NY,AEA,CE,Combined TRACON& Tower with Radar,79,39,26,1,145,0,8,72,2,82,79,47,98,3,227,112,0,112,339
07/21/2023,ROC,NY,AEA,CE,Combined TRACON& Tower with Radar,79,29,31,0,139,0,2,21,1,24,79,31,52,1,163,12,0,12,175
07/22/2023,ROC,NY,AEA,CE,Combined TRACON& Tower with Radar,68,21,10,0,99,0,4,45,1,50,68,25,55,1,149,4,0,4,153
07/23/2023,ROC,NY,AEA,CE,Combined TRACON& Tower with Radar,74,31,14,0,119,0,1,24,4,29,74,32,38,4,148,38,0,38,186
07/24/2023,ROC,NY,AEA,CE,Combined TRACON& Tower with Radar,77,26,18,0,121,0,0,32,0,32,77,26,50,0,153,24,0,24,177
07/25/2023,ROC,NY,AEA,CE,Combined TRACON& Tower with Radar,88,29,25,0,142,0,0,30,7,37,88,29,55,7,179,92,0,92,271
07/26/2023,ROC,NY,AEA,CE,Combined TRACON& Tower with Radar,88,34,29,2,153,0,2,69,2,73,88,36,98,4,226,36,0,36,262
07/27/2023,ROC,NY,AEA,CE,Combined TRACON& Tower with Radar,80,32,22,4,138,0,0,11,3,14,80,32,33,7,152,10,0,10,162
07/28/2023,ROC,NY,AEA,CE,Combined TRACON& Tower with Radar,80,32,19,2,133,0,2,67,2,71,80,34,86,4,204,58,0,58,262
07/29/2023,ROC,NY,AEA,CE,Combined TRACON& Tower with Radar,60,25,17,0,102,0,0,1,0,1,60,25,18,0,103,0,0,0,103
07/30/2023,ROC,NY,AEA,CE,Combined TRACON& Tower with Radar,71,34,33,0,138,0,0,63,0,63,71,34,96,0,201,30,0,30,231
07/31/2023,ROC,NY,AEA,CE,Combined TRACON& Tower with Radar,77,37,33,1,148,0,0,56,3,59,77,37,89,4,207,61,0,61,268
08/01/2023,ROC,NY,AEA,CE,Combined TRACON& Tower with Radar,91,36,26,0,153,0,0,73,8,81,91,36,99,8,234,51,0,51,285
08/02/2023,ROC,NY,AEA,CE,Combined TRACON& Tower with Radar,85,31,27,1,144,0,0,94,10,104,85,31,121,11,248,32,0,32,280
08/03/2023,ROC,NY,AEA,CE,Combined TRACON& Tower with Radar,84,35,19,2,140,0,0,42,1,43,84,35,61,3,183,58,0,58,241
08/04/2023,ROC,NY,AEA,CE,Combined TRACON& Tower with Radar,83,33,18,0,134,0,4,38,3,45,83,37,56,3,179,88,0,88,267
08/05/2023,ROC,NY,AEA,CE,Combined TRACON& Tower with Radar,70,28,27,0,125,0,1,35,1,37,70,29,62,1,162,76,0,76,238
08/06/2023,ROC,NY,AEA,CE,Combined TRACON& Tower with Radar,70,26,23,0,119,0,2,50,3,55,70,28,73,3,174,52,0,52,226
08/07/2023,ROC,NY,AEA,CE,Combined TRACON& Tower with Radar,64,27,23,0,114,0,0,16,7,23,64,27,39,7,137,52,0,52,189
08/08/2023,ROC,NY,AEA,CE,Combined TRACON& Tower with Radar,76,41,30,0,147,0,0,0,0,0,76,41,30,0,147,0,0,0,147
08/09/2023,ROC,NY,AEA,CE,Combined TRACON& Tower with Radar,79,37,39,7,162,0,1,88,5,94,79,38,127,12,256,3,0,3,259
08/10/2023,ROC,NY,AEA,CE,Combined TRACON& Tower with Radar,73,35,20,2,130,0,0,39,1,40,73,35,59,3,170,0,0,0,170
08/11/2023,ROC,NY,AEA,CE,Combined TRACON& Tower with Radar,81,26,23,2,132,0,2,23,3,28,81,28,46,5,160,2,0,2,162
08/12/2023,ROC,NY,AEA,CE,Combined TRACON& Tower with Radar,62,20,7,3,92,0,2,1,2,5,62,22,8,5,97,0,0,0,97
08/13/2023,ROC,NY,AEA,CE,Combined TRACON& Tower with Radar,66,20,13,0,99,0,2,20,3,25,66,22,33,3,124,0,0,0,124
08/14/2023,ROC,NY,AEA,CE,Combined TRACON& Tower with Radar,75,28,27,7,137,0,0,71,2,73,75,28,98,9,210,18,0,18,228
08/15/2023,ROC,NY,AEA,CE,Combined TRACON& Tower with Radar,84,26,9,0,119,0,0,9,2,11,84,26,18,2,130,100,0,100,230
08/16/2023,ROC,NY,AEA,CE,Combined TRACON& Tower with Radar,88,35,29,3,155,0,1,59,5,65,88,36,88,8,220,52,0,52,272
08/17/2023,ROC,NY,AEA,CE,Combined TRACON& Tower with Radar,86,44,33,0,163,0,0,79,7,86,86,44,112,7,249,39,0,39,288
08/18/2023,ROC,NY,AEA,CE,Combined TRACON& Tower with Radar,91,46,23,0,160,0,0,8,0,8,91,46,31,0,168,2,0,2,170
08/19/2023,ROC,NY,AEA,CE,Combined TRACON& Tower with Radar,71,17,19,0,107,0,0,64,5,69,71,17,83,5,176,20,0,20,196
08/20/2023,ROC,NY,AEA,CE,Combined TRACON& Tower with Radar,75,21,16,0,112,0,5,61,3,69,75,26,77,3,181,104,0,104,285
08/21/2023,ROC,NY,AEA,CE,Combined TRACON& Tower with Radar,83,30,24,2,139,0,0,39,7,46,83,30,63,9,185,77,0,77,262
08/22/2023,ROC,NY,AEA,CE,Combined TRACON& Tower with Radar,87,34,30,0,151,0,0,114,6,120,87,34,144,6,271,107,0,107,378
08/23/2023,ROC,NY,AEA,CE,Combined TRACON& Tower with Radar,86,30,30,1,147,0,2,78,13,93,86,32,108,14,240,46,0,46,286
08/24/2023,ROC,NY,AEA,CE,Combined TRACON& Tower with Radar,80,32,47,3,162,0,0,5,3,8,80,32,52,6,170,0,0,0,170
08/25/2023,ROC,NY,AEA,CE,Combined TRACON& Tower with Radar,90,39,26,4,159,0,0,10,2,12,90,39,36,6,171,0,0,0,171
08/26/2023,ROC,NY,AEA,CE,Combined TRACON& Tower with Radar,71,20,22,0,113,0,0,26,2,28,71,20,48,2,141,17,0,17,158
08/27/2023,ROC,NY,AEA,CE,Combined TRACON& Tower with Radar,76,18,23,0,117,0,6,32,1,39,76,24,55,1,156,73,0,73,229
08/28/2023,ROC,NY,AEA,CE,Combined TRACON& Tower with Radar,82,34,14,0,130,0,5,56,4,65,82,39,70,4,195,59,0,59,254
08/29/2023,ROC,NY,AEA,CE,Combined TRACON& Tower with Radar,86,38,34,8,166,0,2,42,4,48,86,40,76,12,214,84,0,84,298
08/30/2023,ROC,NY,AEA,CE,Combined TRACON& Tower with Radar,85,30,36,0,151,0,0,19,5,24,85,30,55,5,175,104,0,104,279
08/31/2023,ROC,NY,AEA,CE,Combined TRACON& Tower with Radar,85,46,40,2,173,0,4,108,6,118,85,50,148,8,291,67,0,67,358
