01/01/2000,ROW,NM,ASW,WE,Towers with Radar,0,10,4,0,14,0,4,27,0,31,0,14,31,0,45,0,0,0,45
01/02/2000,ROW,NM,ASW,WE,Towers with Radar,1,8,6,0,15,0,7,31,0,38,1,15,37,0,53,52,0,52,105
01/03/2000,ROW,NM,ASW,WE,Towers with Radar,0,7,5,4,16,0,14,46,0,60,0,21,51,4,76,8,18,26,102
01/04/2000,ROW,NM,ASW,WE,Towers with Radar,0,22,10,41,73,0,1,53,8,62,0,23,63,49,135,22,63,85,220
01/05/2000,ROW,NM,ASW,WE,Towers with Radar,0,20,16,50,86,0,0,36,0,36,0,20,52,50,122,12,106,118,240
01/06/2000,ROW,NM,ASW,WE,Towers with Radar,1,17,19,28,65,0,0,33,0,33,1,17,52,28,98,32,70,102,200
01/07/2000,ROW,NM,ASW,WE,Towers with Radar,0,18,20,102,140,0,10,54,0,64,0,28,74,102,204,38,254,292,496
01/08/2000,ROW,NM,ASW,WE,Towers with Radar,0,8,6,22,36,0,9,56,0,65,0,17,62,22,101,62,14,76,177
01/09/2000,ROW,NM,ASW,WE,Towers with Radar,0,11,7,23,41,0,2,34,0,36,0,13,41,23,77,12,44,56,133
01/10/2000,ROW,NM,ASW,WE,Towers with Radar,0,20,9,34,63,0,5,65,0,70,0,25,74,34,133,32,94,126,259
01/11/2000,ROW,NM,ASW,WE,Towers with Radar,0,18,1,29,48,2,1,48,0,51,2,19,49,29,99,50,88,138,237
01/12/2000,ROW,NM,ASW,WE,Towers with Radar,1,19,23,26,69,0,0,54,0,54,1,19,77,26,123,46,78,124,247
01/13/2000,ROW,NM,ASW,WE,Towers with Radar,0,20,16,44,80,1,0,34,0,35,1,20,50,44,115,22,82,104,219
01/14/2000,ROW,NM,ASW,WE,Towers with Radar,0,17,12,46,75,1,4,45,13,63,1,21,57,59,138,16,108,124,262
01/15/2000,ROW,NM,ASW,WE,Towers with Radar,0,14,6,4,24,3,16,31,4,54,3,30,37,8,78,6,16,22,100
01/16/2000,ROW,NM,ASW,WE,Towers with Radar,0,10,7,4,21,0,0,25,2,27,0,10,32,6,48,8,18,26,74
01/17/2000,ROW,NM,ASW,WE,Towers with Radar,1,22,11,0,34,1,1,45,0,47,2,23,56,0,81,0,0,0,81
01/18/2000,ROW,NM,ASW,WE,Towers with Radar,0,18,10,69,97,0,0,73,0,73,0,18,83,69,170,64,176,240,410
01/19/2000,ROW,NM,ASW,WE,Towers with Radar,0,18,29,65,112,0,0,46,0,46,0,18,75,65,158,4,168,172,330
01/20/2000,ROW,NM,ASW,WE,Towers with Radar,0,20,9,69,98,0,2,45,13,60,0,22,54,82,158,30,118,148,306
01/21/2000,ROW,NM,ASW,WE,Towers with Radar,0,18,27,59,104,0,0,69,0,69,0,18,96,59,173,60,111,171,344
01/22/2000,ROW,NM,ASW,WE,Towers with Radar,0,14,5,7,26,0,7,42,0,49,0,21,47,7,75,24,12,36,111
01/23/2000,ROW,NM,ASW,WE,Towers with Radar,0,14,10,38,62,0,3,48,7,58,0,17,58,45,120,20,76,96,216
01/24/2000,ROW,NM,ASW,WE,Towers with Radar,0,17,14,30,61,0,0,55,0,55,0,17,69,30,116,50,62,112,228
01/25/2000,ROW,NM,ASW,WE,Towers with Radar,0,18,13,31,62,0,11,49,0,60,0,29,62,31,122,50,82,132,254
01/26/2000,ROW,NM,ASW,WE,Towers with Radar,0,17,19,45,81,1,0,47,0,48,1,17,66,45,129,16,58,74,203
01/27/2000,ROW,NM,ASW,WE,Towers with Radar,0,31,23,27,81,0,0,32,0,32,0,31,55,27,113,14,172,186,299
01/28/2000,ROW,NM,ASW,WE,Towers with Radar,0,22,15,59,96,0,6,48,22,76,0,28,63,81,172,16,116,132,304
01/29/2000,ROW,NM,ASW,WE,Towers with Radar,0,9,7,18,34,0,1,36,0,37,0,10,43,18,71,18,32,50,121
01/30/2000,ROW,NM,ASW,WE,Towers with Radar,0,6,4,2,12,0,7,30,0,37,0,13,34,2,49,4,0,4,53
01/31/2000,ROW,NM,ASW,WE,Towers with Radar,0,24,17,35,76,0,0,41,0,41,0,24,58,35,117,44,126,170,287
02/01/2000,ROW,NM,ASW,WE,Towers with Radar,0,15,18,19,52,0,0,19,0,19,0,15,37,19,71,16,34,50,121
02/02/2000,ROW,NM,ASW,WE,Towers with Radar,0,18,21,44,83,0,0,56,14,70,0,18,77,58,153,62,83,145,298
02/03/2000,ROW,NM,ASW,WE,Towers with Radar,0,19,20,36,75,0,0,35,0,35,0,19,55,36,110,18,58,76,186
02/04/2000,ROW,NM,ASW,WE,Towers with Radar,0,18,14,27,59,0,3,56,5,64,0,21,70,32,123,54,38,92,215
02/05/2000,ROW,NM,ASW,WE,Towers with Radar,0,12,9,18,39,0,21,33,1,55,0,33,42,19,94,42,0,42,136
02/06/2000,ROW,NM,ASW,WE,Towers with Radar,0,6,5,2,13,0,11,14,0,25,0,17,19,2,38,6,4,10,48
02/07/2000,ROW,NM,ASW,WE,Towers with Radar,0,16,16,26,58,0,0,22,0,22,0,16,38,26,80,22,16,38,118
02/08/2000,ROW,NM,ASW,WE,Towers with Radar,0,16,13,26,55,0,3,28,0,31,0,19,41,26,86,29,25,54,140
02/09/2000,ROW,NM,ASW,WE,Towers with Radar,0,15,12,18,45,0,2,41,0,43,0,17,53,18,88,20,14,34,122
02/10/2000,ROW,NM,ASW,WE,Towers with Radar,0,15,16,28,59,0,0,55,0,55,0,15,71,28,114,0,18,18,132
02/11/2000,ROW,NM,ASW,WE,Towers with Radar,0,21,16,26,63,0,0,41,0,41,0,21,57,26,104,45,22,67,171
02/12/2000,ROW,NM,ASW,WE,Towers with Radar,0,5,4,4,13,0,7,32,0,39,0,12,36,4,52,26,0,26,78
02/13/2000,ROW,NM,ASW,WE,Towers with Radar,0,7,5,0,12,0,6,25,0,31,0,13,30,0,43,2,0,2,45
02/14/2000,ROW,NM,ASW,WE,Towers with Radar,0,24,18,38,80,0,0,21,20,41,0,24,39,58,121,6,42,48,169
02/15/2000,ROW,NM,ASW,WE,Towers with Radar,0,15,9,23,47,0,5,35,7,47,0,20,44,30,94,48,66,114,208
02/16/2000,ROW,NM,ASW,WE,Towers with Radar,0,22,21,36,79,2,0,55,0,57,2,22,76,36,136,32,42,74,210
02/17/2000,ROW,NM,ASW,WE,Towers with Radar,0,17,11,26,54,2,2,57,3,64,2,19,68,29,118,44,6,50,168
02/18/2000,ROW,NM,ASW,WE,Towers with Radar,0,19,13,14,46,0,4,45,0,49,0,23,58,14,95,80,14,94,189
02/19/2000,ROW,NM,ASW,WE,Towers with Radar,0,6,3,6,15,0,6,55,0,61,0,12,58,6,76,66,0,66,142
02/20/2000,ROW,NM,ASW,WE,Towers with Radar,0,7,4,3,14,14,7,43,0,64,14,14,47,3,78,6,0,6,84
02/21/2000,ROW,NM,ASW,WE,Towers with Radar,0,7,6,6,19,0,16,45,0,61,0,23,51,6,80,46,0,46,126
02/22/2000,ROW,NM,ASW,WE,Towers with Radar,0,16,12,24,52,0,3,44,13,60,0,19,56,37,112,0,58,58,170
02/23/2000,ROW,NM,ASW,WE,Towers with Radar,0,18,16,31,65,0,0,69,15,84,0,18,85,46,149,54,40,94,243
02/24/2000,ROW,NM,ASW,WE,Towers with Radar,0,17,20,16,53,0,0,33,0,33,0,17,53,16,86,0,10,10,96
02/25/2000,ROW,NM,ASW,WE,Towers with Radar,0,17,12,24,53,0,3,29,16,48,0,20,41,40,101,24,64,88,189
02/26/2000,ROW,NM,ASW,WE,Towers with Radar,0,9,7,13,29,0,4,42,8,54,0,13,49,21,83,26,28,54,137
02/27/2000,ROW,NM,ASW,WE,Towers with Radar,0,7,5,3,15,0,7,37,0,44,0,14,42,3,59,52,2,54,113
02/28/2000,ROW,NM,ASW,WE,Towers with Radar,0,21,20,22,63,2,0,25,0,27,2,21,45,22,90,0,28,28,118
02/29/2000,ROW,NM,ASW,WE,Towers with Radar,0,21,35,72,128,0,0,18,42,60,0,21,53,114,188,0,112,112,300
03/01/2000,ROW,NM,ASW,WE,Towers with Radar,1,16,18,48,83,0,0,47,0,47,1,16,65,48,130,24,56,80,210
03/02/2000,ROW,NM,ASW,WE,Towers with Radar,0,15,11,43,69,0,7,56,0,63,0,22,67,43,132,0,76,76,208
03/03/2000,ROW,NM,ASW,WE,Towers with Radar,0,19,18,39,76,0,0,49,0,49,0,19,67,39,125,24,28,52,177
03/04/2000,ROW,NM,ASW,WE,Towers with Radar,0,4,4,0,8,0,4,67,0,71,0,8,71,0,79,10,0,10,89
03/05/2000,ROW,NM,ASW,WE,Towers with Radar,0,4,3,7,14,0,9,41,0,50,0,13,44,7,64,2,0,2,66
03/06/2000,ROW,NM,ASW,WE,Towers with Radar,0,12,10,38,60,0,8,41,14,63,0,20,51,52,123,0,78,78,201
03/07/2000,ROW,NM,ASW,WE,Towers with Radar,0,9,8,4,21,0,19,49,0,68,0,28,57,4,89,0,4,4,93
03/08/2000,ROW,NM,ASW,WE,Towers with Radar,0,18,16,51,85,0,3,67,0,70,0,21,83,51,155,16,84,100,255
03/09/2000,ROW,NM,ASW,WE,Towers with Radar,0,15,12,30,57,0,9,48,0,57,0,24,60,30,114,32,60,92,206
03/10/2000,ROW,NM,ASW,WE,Towers with Radar,0,24,20,77,121,0,1,41,19,61,0,25,61,96,182,8,30,38,220
03/11/2000,ROW,NM,ASW,WE,Towers with Radar,0,8,7,18,33,0,4,51,0,55,0,12,58,18,88,66,12,78,166
03/12/2000,ROW,NM,ASW,WE,Towers with Radar,0,4,4,9,17,0,7,37,0,44,0,11,41,9,61,12,0,12,73
03/13/2000,ROW,NM,ASW,WE,Towers with Radar,0,16,14,27,57,0,8,49,0,57,0,24,63,27,114,0,66,66,180
03/14/2000,ROW,NM,ASW,WE,Towers with Radar,0,31,33,103,167,0,0,26,0,26,0,31,59,103,193,70,262,332,525
03/15/2000,ROW,NM,ASW,WE,Towers with Radar,0,19,24,90,133,0,0,28,26,54,0,19,52,116,187,10,70,80,267
03/16/2000,ROW,NM,ASW,WE,Towers with Radar,0,16,15,47,78,0,0,30,0,30,0,16,45,47,108,8,34,42,150
03/17/2000,ROW,NM,ASW,WE,Towers with Radar,0,19,18,65,102,0,0,46,0,46,0,19,64,65,148,58,102,160,308
03/18/2000,ROW,NM,ASW,WE,Towers with Radar,0,8,8,28,44,0,2,32,7,41,0,10,40,35,85,8,20,28,113
03/19/2000,ROW,NM,ASW,WE,Towers with Radar,0,7,7,17,31,0,1,76,0,77,0,8,83,17,108,62,22,84,192
03/20/2000,ROW,NM,ASW,WE,Towers with Radar,0,15,13,50,78,0,2,37,12,51,0,17,50,62,129,42,44,86,215
03/21/2000,ROW,NM,ASW,WE,Towers with Radar,0,18,21,56,95,22,0,46,0,68,22,18,67,56,163,6,54,60,223
03/22/2000,ROW,NM,ASW,WE,Towers with Radar,0,18,18,71,107,0,0,58,0,58,0,18,76,71,165,52,0,52,217
03/23/2000,ROW,NM,ASW,WE,Towers with Radar,0,17,20,81,118,1,0,83,1,85,1,17,103,82,203,66,80,146,349
03/24/2000,ROW,NM,ASW,WE,Towers with Radar,0,16,15,59,90,0,0,104,14,118,0,16,119,73,208,94,58,152,360
03/25/2000,ROW,NM,ASW,WE,Towers with Radar,0,7,5,21,33,0,13,66,4,83,0,20,71,25,116,54,22,76,192
03/26/2000,ROW,NM,ASW,WE,Towers with Radar,0,7,4,19,30,0,3,24,0,27,0,10,28,19,57,0,16,16,73
03/27/2000,ROW,NM,ASW,WE,Towers with Radar,0,19,15,59,93,0,2,30,0,32,0,21,45,59,125,0,46,46,171
03/28/2000,ROW,NM,ASW,WE,Towers with Radar,0,17,15,30,62,0,0,41,0,41,0,17,56,30,103,38,42,80,183
03/29/2000,ROW,NM,ASW,WE,Towers with Radar,0,17,13,52,82,0,5,50,22,77,0,22,63,74,159,2,60,62,221
03/30/2000,ROW,NM,ASW,WE,Towers with Radar,0,18,14,57,89,0,1,54,5,60,0,19,68,62,149,6,42,48,197
03/31/2000,ROW,NM,ASW,WE,Towers with Radar,0,13,9,2,24,0,7,47,0,54,0,20,56,2,78,0,0,0,78
04/01/2000,ROW,NM,ASW,WE,Towers with Radar,0,8,7,1,16,0,6,11,0,17,0,14,18,1,33,0,0,0,33
04/02/2000,ROW,NM,ASW,WE,Towers with Radar,0,4,5,4,13,0,9,36,0,45,0,13,41,4,58,22,4,26,84
04/03/2000,ROW,NM,ASW,WE,Towers with Radar,0,20,23,45,88,0,0,47,0,47,0,20,70,45,135,26,88,114,249
04/04/2000,ROW,NM,ASW,WE,Towers with Radar,1,17,19,35,72,0,0,67,2,69,1,17,86,37,141,0,50,50,191
04/05/2000,ROW,NM,ASW,WE,Towers with Radar,0,18,17,24,59,0,4,81,0,85,0,22,98,24,144,18,14,32,176
04/06/2000,ROW,NM,ASW,WE,Towers with Radar,0,19,21,28,68,0,0,50,0,50,0,19,71,28,118,54,28,82,200
04/07/2000,ROW,NM,ASW,WE,Towers with Radar,0,17,17,25,59,0,0,45,0,45,0,17,62,25,104,6,46,52,156
04/08/2000,ROW,NM,ASW,WE,Towers with Radar,1,6,5,8,20,0,8,39,0,47,1,14,44,8,67,30,10,40,107
04/09/2000,ROW,NM,ASW,WE,Towers with Radar,0,8,8,15,31,0,11,29,11,51,0,19,37,26,82,38,12,50,132
04/10/2000,ROW,NM,ASW,WE,Towers with Radar,0,29,27,52,108,0,0,81,6,87,0,29,108,58,195,108,84,192,387
04/11/2000,ROW,NM,ASW,WE,Towers with Radar,1,20,19,34,74,9,2,42,0,53,10,22,61,34,127,56,10,66,193
04/12/2000,ROW,NM,ASW,WE,Towers with Radar,0,22,24,46,92,0,0,99,29,128,0,22,123,75,220,102,108,210,430
04/13/2000,ROW,NM,ASW,WE,Towers with Radar,0,18,17,11,46,0,2,106,0,108,0,20,123,11,154,40,54,94,248
04/14/2000,ROW,NM,ASW,WE,Towers with Radar,0,22,22,42,86,0,0,49,5,54,0,22,71,47,140,60,64,124,264
04/15/2000,ROW,NM,ASW,WE,Towers with Radar,0,5,5,2,12,0,6,42,0,48,0,11,47,2,60,0,0,0,60
04/16/2000,ROW,NM,ASW,WE,Towers with Radar,0,12,9,20,41,0,4,62,8,74,0,16,71,28,115,44,42,86,201
04/17/2000,ROW,NM,ASW,WE,Towers with Radar,0,26,23,38,87,33,2,40,0,75,33,28,63,38,162,79,114,193,355
04/18/2000,ROW,NM,ASW,WE,Towers with Radar,0,22,20,39,81,22,0,70,0,92,22,22,90,39,173,82,50,132,305
04/19/2000,ROW,NM,ASW,WE,Towers with Radar,0,19,20,15,54,8,0,90,0,98,8,19,110,15,152,79,12,91,243
04/20/2000,ROW,NM,ASW,WE,Towers with Radar,0,25,21,44,90,82,31,82,45,240,82,56,103,89,330,58,117,175,505
04/21/2000,ROW,NM,ASW,WE,Towers with Radar,0,22,19,39,80,10,2,74,16,102,10,24,93,55,182,74,44,118,300
04/22/2000,ROW,NM,ASW,WE,Towers with Radar,0,5,3,0,8,0,4,43,0,47,0,9,46,0,55,20,0,20,75
04/23/2000,ROW,NM,ASW,WE,Towers with Radar,0,6,4,0,10,0,0,29,0,29,0,6,33,0,39,0,0,0,39
04/24/2000,ROW,NM,ASW,WE,Towers with Radar,0,20,26,52,98,6,0,54,4,64,6,20,80,56,162,54,70,124,286
04/25/2000,ROW,NM,ASW,WE,Towers with Radar,0,16,19,35,70,44,0,72,0,116,44,16,91,35,186,64,18,82,268
04/26/2000,ROW,NM,ASW,WE,Towers with Radar,0,22,20,41,83,0,0,87,18,105,0,22,107,59,188,60,68,128,316
04/27/2000,ROW,NM,ASW,WE,Towers with Radar,0,18,20,18,56,0,0,106,0,106,0,18,126,18,162,116,26,142,304
04/28/2000,ROW,NM,ASW,WE,Towers with Radar,1,19,32,63,115,1,0,86,9,96,2,19,118,72,211,118,73,191,402
04/29/2000,ROW,NM,ASW,WE,Towers with Radar,0,6,5,2,13,0,11,85,0,96,0,17,90,2,109,42,0,42,151
04/30/2000,ROW,NM,ASW,WE,Towers with Radar,0,6,5,9,20,0,5,31,11,47,0,11,36,20,67,50,22,72,139
05/01/2000,ROW,NM,ASW,WE,Towers with Radar,0,16,20,62,98,0,0,88,13,101,0,16,108,75,199,170,70,240,439
05/02/2000,ROW,NM,ASW,WE,Towers with Radar,0,16,14,42,72,0,0,97,15,112,0,16,111,57,184,128,48,176,360
05/03/2000,ROW,NM,ASW,WE,Towers with Radar,0,15,24,29,68,0,0,57,0,57,0,15,81,29,125,52,12,64,189
05/04/2000,ROW,NM,ASW,WE,Towers with Radar,1,19,19,60,99,1,0,57,20,78,2,19,76,80,177,44,270,314,491
05/05/2000,ROW,NM,ASW,WE,Towers with Radar,1,17,23,55,96,0,0,57,0,57,1,17,80,55,153,48,46,94,247
05/06/2000,ROW,NM,ASW,WE,Towers with Radar,0,4,3,4,11,0,11,52,0,63,0,15,55,4,74,56,12,68,142
05/07/2000,ROW,NM,ASW,WE,Towers with Radar,0,5,3,6,14,0,7,112,0,119,0,12,115,6,133,28,18,46,179
05/08/2000,ROW,NM,ASW,WE,Towers with Radar,0,15,13,38,66,0,7,50,9,66,0,22,63,47,132,22,42,64,196
05/09/2000,ROW,NM,ASW,WE,Towers with Radar,1,22,22,67,112,12,0,107,21,140,13,22,129,88,252,11,83,94,346
05/10/2000,ROW,NM,ASW,WE,Towers with Radar,0,22,18,33,73,0,2,60,0,62,0,24,78,33,135,29,58,87,222
05/11/2000,ROW,NM,ASW,WE,Towers with Radar,0,18,19,62,99,0,0,72,8,80,0,18,91,70,179,16,44,60,239
05/12/2000,ROW,NM,ASW,WE,Towers with Radar,0,21,19,51,91,0,0,87,0,87,0,21,106,51,178,12,114,126,304
05/13/2000,ROW,NM,ASW,WE,Towers with Radar,0,5,5,3,13,0,15,130,0,145,0,20,135,3,158,64,0,64,222
05/14/2000,ROW,NM,ASW,WE,Towers with Radar,0,5,3,3,11,0,13,84,0,97,0,18,87,3,108,42,0,42,150
05/15/2000,ROW,NM,ASW,WE,Towers with Radar,0,20,16,45,81,0,0,63,0,63,0,20,79,45,144,2,60,62,206
05/16/2000,ROW,NM,ASW,WE,Towers with Radar,0,20,20,66,106,0,0,66,4,70,0,20,86,70,176,20,101,121,297
05/17/2000,ROW,NM,ASW,WE,Towers with Radar,0,16,20,47,83,0,0,104,0,104,0,16,124,47,187,30,65,95,282
05/18/2000,ROW,NM,ASW,WE,Towers with Radar,0,19,16,18,53,0,0,85,0,85,0,19,101,18,138,10,64,74,212
05/19/2000,ROW,NM,ASW,WE,Towers with Radar,0,16,18,60,94,0,0,68,21,89,0,16,86,81,183,52,108,160,343
05/20/2000,ROW,NM,ASW,WE,Towers with Radar,0,10,6,1,17,0,5,63,0,68,0,15,69,1,85,0,0,0,85
05/21/2000,ROW,NM,ASW,WE,Towers with Radar,0,10,9,30,49,0,0,21,3,24,0,10,30,33,73,30,14,44,117
05/22/2000,ROW,NM,ASW,WE,Towers with Radar,0,16,12,39,67,0,5,91,28,124,0,21,103,67,191,25,84,109,300
05/23/2000,ROW,NM,ASW,WE,Towers with Radar,0,17,13,43,73,0,2,120,31,153,0,19,133,74,226,26,88,114,340
05/24/2000,ROW,NM,ASW,WE,Towers with Radar,0,16,17,57,90,0,0,54,4,58,0,16,71,61,148,34,54,88,236
05/25/2000,ROW,NM,ASW,WE,Towers with Radar,0,22,20,49,91,0,0,41,0,41,0,22,61,49,132,34,67,101,233
05/26/2000,ROW,NM,ASW,WE,Towers with Radar,0,20,15,44,79,0,7,111,0,118,0,27,126,44,197,24,84,108,305
05/27/2000,ROW,NM,ASW,WE,Towers with Radar,0,5,3,0,8,19,6,82,0,107,19,11,85,0,115,14,0,14,129
05/28/2000,ROW,NM,ASW,WE,Towers with Radar,0,6,5,0,11,0,4,39,0,43,0,10,44,0,54,0,0,0,54
05/29/2000,ROW,NM,ASW,WE,Towers with Radar,0,4,4,0,8,0,11,61,0,72,0,15,65,0,80,4,0,4,84
05/30/2000,ROW,NM,ASW,WE,Towers with Radar,0,17,18,27,62,0,0,43,0,43,0,17,61,27,105,4,26,30,135
05/31/2000,ROW,NM,ASW,WE,Towers with Radar,0,14,13,18,45,0,0,62,0,62,0,14,75,18,107,16,28,44,151
06/01/2000,ROW,NM,ASW,WE,Towers with Radar,0,15,11,0,26,0,2,65,0,67,0,17,76,0,93,61,0,61,154
06/02/2000,ROW,NM,ASW,WE,Towers with Radar,0,17,12,16,45,0,7,77,0,84,0,24,89,16,129,48,18,66,195
06/03/2000,ROW,NM,ASW,WE,Towers with Radar,0,6,4,2,12,0,6,73,0,79,0,12,77,2,91,30,2,32,123
06/04/2000,ROW,NM,ASW,WE,Towers with Radar,0,9,6,0,15,0,6,41,0,47,0,15,47,0,62,20,0,20,82
06/05/2000,ROW,NM,ASW,WE,Towers with Radar,0,9,6,12,27,0,13,65,35,113,0,22,71,47,140,24,36,60,200
06/06/2000,ROW,NM,ASW,WE,Towers with Radar,0,17,12,22,51,0,8,73,0,81,0,25,85,22,132,40,96,136,268
06/07/2000,ROW,NM,ASW,WE,Towers with Radar,0,18,14,24,56,0,1,81,12,94,0,19,95,36,150,41,48,89,239
06/08/2000,ROW,NM,ASW,WE,Towers with Radar,0,17,17,30,64,0,0,70,25,95,0,17,87,55,159,20,60,80,239
06/09/2000,ROW,NM,ASW,WE,Towers with Radar,0,18,14,4,36,2,1,66,0,69,2,19,80,4,105,32,2,34,139
06/10/2000,ROW,NM,ASW,WE,Towers with Radar,0,7,6,10,23,1,7,50,0,58,1,14,56,10,81,20,0,20,101
06/11/2000,ROW,NM,ASW,WE,Towers with Radar,0,9,7,13,29,0,6,39,2,47,0,15,46,15,76,18,30,48,124
06/12/2000,ROW,NM,ASW,WE,Towers with Radar,0,17,13,14,44,1,0,58,0,59,1,17,71,14,103,14,70,84,187
06/13/2000,ROW,NM,ASW,WE,Towers with Radar,0,17,14,17,48,0,0,2,0,2,0,17,16,17,50,20,22,42,92
06/14/2000,ROW,NM,ASW,WE,Towers with Radar,0,13,22,34,69,0,0,47,0,47,0,13,69,34,116,10,74,84,200
06/15/2000,ROW,NM,ASW,WE,Towers with Radar,0,9,6,13,28,0,14,63,6,83,0,23,69,19,111,30,40,70,181
06/16/2000,ROW,NM,ASW,WE,Towers with Radar,0,24,18,31,73,0,0,41,11,52,0,24,59,42,125,12,18,30,155
06/17/2000,ROW,NM,ASW,WE,Towers with Radar,0,6,2,0,8,0,13,76,0,89,0,19,78,0,97,4,0,4,101
06/18/2000,ROW,NM,ASW,WE,Towers with Radar,0,9,5,2,16,0,2,18,0,20,0,11,23,2,36,0,0,0,36
06/19/2000,ROW,NM,ASW,WE,Towers with Radar,0,19,13,24,56,2,1,49,8,60,2,20,62,32,116,58,30,88,204
06/20/2000,ROW,NM,ASW,WE,Towers with Radar,0,16,11,20,47,0,3,52,12,67,0,19,63,32,114,16,34,50,164
06/21/2000,ROW,NM,ASW,WE,Towers with Radar,0,19,14,18,51,0,0,51,0,51,0,19,65,18,102,36,18,54,156
06/22/2000,ROW,NM,ASW,WE,Towers with Radar,0,17,12,21,50,0,2,54,25,81,0,19,66,46,131,50,118,168,299
06/23/2000,ROW,NM,ASW,WE,Towers with Radar,0,22,17,32,71,1,0,73,46,120,1,22,90,78,191,46,30,76,267
06/24/2000,ROW,NM,ASW,WE,Towers with Radar,0,10,7,11,28,0,0,42,14,56,0,10,49,25,84,27,56,83,167
06/25/2000,ROW,NM,ASW,WE,Towers with Radar,0,6,3,3,12,0,8,32,0,40,0,14,35,3,52,18,0,18,70
06/26/2000,ROW,NM,ASW,WE,Towers with Radar,0,21,15,26,62,0,1,38,1,40,0,22,53,27,102,8,54,62,164
06/27/2000,ROW,NM,ASW,WE,Towers with Radar,0,18,19,24,61,0,0,57,0,57,0,18,76,24,118,46,40,86,204
06/28/2000,ROW,NM,ASW,WE,Towers with Radar,0,15,10,16,41,1,3,52,0,56,1,18,62,16,97,57,29,86,183
06/29/2000,ROW,NM,ASW,WE,Towers with Radar,0,19,24,42,85,0,0,43,5,48,0,19,67,47,133,8,20,28,161
06/30/2000,ROW,NM,ASW,WE,Towers with Radar,0,19,16,3,38,0,0,62,0,62,0,19,78,3,100,0,2,2,102
07/01/2000,ROW,NM,ASW,WE,Towers with Radar,0,7,7,0,14,0,3,42,0,45,0,10,49,0,59,10,0,10,69
07/02/2000,ROW,NM,ASW,WE,Towers with Radar,0,3,4,0,7,0,5,55,0,60,0,8,59,0,67,48,0,48,115
07/03/2000,ROW,NM,ASW,WE,Towers with Radar,1,7,7,0,15,1,7,59,0,67,2,14,66,0,82,28,0,28,110
07/04/2000,ROW,NM,ASW,WE,Towers with Radar,0,5,6,0,11,0,8,45,0,53,0,13,51,0,64,18,0,18,82
07/05/2000,ROW,NM,ASW,WE,Towers with Radar,0,15,15,28,58,0,3,41,2,46,0,18,56,30,104,11,48,59,163
07/06/2000,ROW,NM,ASW,WE,Towers with Radar,0,16,16,14,46,0,9,66,0,75,0,25,82,14,121,30,16,46,167
07/07/2000,ROW,NM,ASW,WE,Towers with Radar,0,18,18,33,69,0,4,72,5,81,0,22,90,38,150,18,64,82,232
07/08/2000,ROW,NM,ASW,WE,Towers with Radar,0,6,7,13,26,0,9,53,8,70,0,15,60,21,96,8,42,50,146
07/09/2000,ROW,NM,ASW,WE,Towers with Radar,0,7,8,13,28,0,6,44,0,50,0,13,52,13,78,14,2,16,94
07/10/2000,ROW,NM,ASW,WE,Towers with Radar,0,17,18,24,59,0,0,43,0,43,0,17,61,24,102,28,20,48,150
07/11/2000,ROW,NM,ASW,WE,Towers with Radar,0,13,12,22,47,0,5,69,0,74,0,18,81,22,121,50,8,58,179
07/12/2000,ROW,NM,ASW,WE,Towers with Radar,0,16,17,4,37,0,7,64,0,71,0,23,81,4,108,22,16,38,146
07/13/2000,ROW,NM,ASW,WE,Towers with Radar,0,19,24,25,68,0,0,69,0,69,0,19,93,25,137,34,34,68,205
07/14/2000,ROW,NM,ASW,WE,Towers with Radar,0,21,23,46,90,0,0,69,9,78,0,21,92,55,168,26,66,92,260
07/15/2000,ROW,NM,ASW,WE,Towers with Radar,0,6,4,0,10,16,6,52,0,74,16,12,56,0,84,0,0,0,84
07/16/2000,ROW,NM,ASW,WE,Towers with Radar,0,8,7,9,24,0,5,42,0,47,0,13,49,9,71,10,0,10,81
07/17/2000,ROW,NM,ASW,WE,Towers with Radar,0,20,18,18,56,0,9,33,0,42,0,29,51,18,98,0,24,24,122
07/18/2000,ROW,NM,ASW,WE,Towers with Radar,0,20,27,54,101,0,0,64,44,108,0,20,91,98,209,50,70,120,329
07/19/2000,ROW,NM,ASW,WE,Towers with Radar,0,20,26,34,80,0,0,71,0,71,0,20,97,34,151,6,36,42,193
07/20/2000,ROW,NM,ASW,WE,Towers with Radar,0,25,26,52,103,0,0,100,17,117,0,25,126,69,220,101,30,131,351
07/21/2000,ROW,NM,ASW,WE,Towers with Radar,0,15,20,39,74,0,0,69,8,77,0,15,89,47,151,68,24,92,243
07/22/2000,ROW,NM,ASW,WE,Towers with Radar,0,6,3,0,9,0,6,66,0,72,0,12,69,0,81,34,0,34,115
07/23/2000,ROW,NM,ASW,WE,Towers with Radar,0,8,8,0,16,0,3,32,0,35,0,11,40,0,51,28,0,28,79
07/24/2000,ROW,NM,ASW,WE,Towers with Radar,0,13,19,28,60,0,0,43,0,43,0,13,62,28,103,62,22,84,187
07/25/2000,ROW,NM,ASW,WE,Towers with Radar,0,18,17,17,52,0,0,65,0,65,0,18,82,17,117,47,70,117,234
07/26/2000,ROW,NM,ASW,WE,Towers with Radar,0,19,18,34,71,0,6,46,7,59,0,25,64,41,130,22,50,72,202
07/27/2000,ROW,NM,ASW,WE,Towers with Radar,0,22,23,43,88,0,0,50,12,62,0,22,73,55,150,38,62,100,250
07/28/2000,ROW,NM,ASW,WE,Towers with Radar,0,20,29,55,104,0,0,75,14,89,0,20,104,69,193,43,76,119,312
07/29/2000,ROW,NM,ASW,WE,Towers with Radar,0,7,7,0,14,0,12,58,0,70,0,19,65,0,84,44,0,44,128
07/30/2000,ROW,NM,ASW,WE,Towers with Radar,0,10,9,5,24,0,1,41,0,42,0,11,50,5,66,12,38,50,116
07/31/2000,ROW,NM,ASW,WE,Towers with Radar,0,23,22,41,86,0,0,37,25,62,0,23,59,66,148,36,72,108,256
08/01/2000,ROW,NM,ASW,WE,Towers with Radar,0,14,22,34,70,0,0,50,0,50,0,14,72,34,120,24,62,86,206
08/02/2000,ROW,NM,ASW,WE,Towers with Radar,0,15,21,53,89,0,0,59,0,59,0,15,80,53,148,22,80,102,250
08/03/2000,ROW,NM,ASW,WE,Towers with Radar,0,16,20,49,85,0,0,78,40,118,0,16,98,89,203,84,91,175,378
08/04/2000,ROW,NM,ASW,WE,Towers with Radar,0,19,21,52,92,0,0,68,15,83,0,19,89,67,175,44,70,114,289
08/05/2000,ROW,NM,ASW,WE,Towers with Radar,0,3,2,2,7,0,7,38,0,45,0,10,40,2,52,38,0,38,90
08/06/2000,ROW,NM,ASW,WE,Towers with Radar,0,6,6,10,22,0,5,59,0,64,0,11,65,10,86,10,38,48,134
08/07/2000,ROW,NM,ASW,WE,Towers with Radar,0,8,7,6,21,0,4,73,0,77,0,12,80,6,98,70,10,80,178
08/08/2000,ROW,NM,ASW,WE,Towers with Radar,0,18,17,38,73,0,0,54,0,54,0,18,71,38,127,54,56,110,237
08/09/2000,ROW,NM,ASW,WE,Towers with Radar,0,17,19,46,82,0,0,45,5,50,0,17,64,51,132,62,52,114,246
08/10/2000,ROW,NM,ASW,WE,Towers with Radar,0,14,12,16,42,0,0,71,0,71,0,14,83,16,113,37,8,45,158
08/11/2000,ROW,NM,ASW,WE,Towers with Radar,0,16,15,36,67,0,0,43,5,48,0,16,58,41,115,16,84,100,215
08/12/2000,ROW,NM,ASW,WE,Towers with Radar,0,4,4,11,19,0,5,43,3,51,0,9,47,14,70,24,10,34,104
08/13/2000,ROW,NM,ASW,WE,Towers with Radar,0,4,4,0,8,0,7,48,0,55,0,11,52,0,63,14,0,14,77
08/14/2000,ROW,NM,ASW,WE,Towers with Radar,0,20,19,48,87,0,0,41,7,48,0,20,60,55,135,18,100,118,253
08/15/2000,ROW,NM,ASW,WE,Towers with Radar,0,15,15,19,49,0,0,63,0,63,0,15,78,19,112,76,48,124,236
08/16/2000,ROW,NM,ASW,WE,Towers with Radar,0,19,15,40,74,0,7,96,10,113,0,26,111,50,187,64,98,162,349
08/17/2000,ROW,NM,ASW,WE,Towers with Radar,0,20,17,42,79,0,2,46,25,73,0,22,63,67,152,33,52,85,237
08/18/2000,ROW,NM,ASW,WE,Towers with Radar,0,18,14,38,70,0,3,70,1,74,0,21,84,39,144,26,38,64,208
08/19/2000,ROW,NM,ASW,WE,Towers with Radar,0,10,22,2,34,0,0,52,0,52,0,10,74,2,86,28,4,32,118
08/20/2000,ROW,NM,ASW,WE,Towers with Radar,0,8,15,39,62,0,4,44,0,48,0,12,59,39,110,68,10,78,188
08/21/2000,ROW,NM,ASW,WE,Towers with Radar,0,17,7,29,53,0,3,60,0,63,0,20,67,29,116,8,34,42,158
08/22/2000,ROW,NM,ASW,WE,Towers with Radar,0,17,6,32,55,1,1,49,8,59,1,18,55,40,114,52,64,116,230
08/23/2000,ROW,NM,ASW,WE,Towers with Radar,0,14,20,50,84,0,0,69,19,88,0,14,89,69,172,124,110,234,406
08/24/2000,ROW,NM,ASW,WE,Towers with Radar,0,22,17,27,66,0,2,82,0,84,0,24,99,27,150,112,46,158,308
08/25/2000,ROW,NM,ASW,WE,Towers with Radar,0,19,16,26,61,0,0,70,13,83,0,19,86,39,144,56,75,131,275
08/26/2000,ROW,NM,ASW,WE,Towers with Radar,0,11,9,25,45,0,0,82,2,84,0,11,91,27,129,22,2,24,153
08/27/2000,ROW,NM,ASW,WE,Towers with Radar,0,8,6,16,30,0,3,55,1,59,0,11,61,17,89,54,56,110,199
08/28/2000,ROW,NM,ASW,WE,Towers with Radar,0,18,13,34,65,0,2,57,24,83,0,20,70,58,148,16,28,44,192
08/29/2000,ROW,NM,ASW,WE,Towers with Radar,0,18,13,8,39,0,0,45,7,52,0,18,58,15,91,14,20,34,125
08/30/2000,ROW,NM,ASW,WE,Towers with Radar,0,20,16,24,60,0,0,85,0,85,0,20,101,24,145,114,22,136,281
08/31/2000,ROW,NM,ASW,WE,Towers with Radar,0,23,19,24,66,0,2,92,9,103,0,25,111,33,169,94,46,140,309
09/01/2000,ROW,NM,ASW,WE,Towers with Radar,0,13,30,22,65,0,0,89,0,89,0,13,119,22,154,84,18,102,256
09/02/2000,ROW,NM,ASW,WE,Towers with Radar,0,12,10,17,39,0,0,56,1,57,0,12,66,18,96,28,22,50,146
09/03/2000,ROW,NM,ASW,WE,Towers with Radar,0,7,12,6,25,0,3,41,0,44,0,10,53,6,69,52,24,76,145
09/04/2000,ROW,NM,ASW,WE,Towers with Radar,0,6,1,0,7,0,6,30,6,42,0,12,31,6,49,24,12,36,85
09/05/2000,ROW,NM,ASW,WE,Towers with Radar,1,16,15,37,69,0,0,78,8,86,1,16,93,45,155,24,72,96,251
09/06/2000,ROW,NM,ASW,WE,Towers with Radar,0,15,24,35,74,16,1,84,1,102,16,16,108,36,176,76,96,172,348
09/07/2000,ROW,NM,ASW,WE,Towers with Radar,0,17,12,46,75,14,1,84,15,114,14,18,96,61,189,58,64,122,311
09/08/2000,ROW,NM,ASW,WE,Towers with Radar,0,20,14,67,101,14,1,92,50,157,14,21,106,117,258,71,104,175,433
09/09/2000,ROW,NM,ASW,WE,Towers with Radar,0,11,10,26,47,0,1,89,0,90,0,12,99,26,137,54,40,94,231
09/10/2000,ROW,NM,ASW,WE,Towers with Radar,0,11,18,13,42,0,0,73,0,73,0,11,91,13,115,50,12,62,177
09/11/2000,ROW,NM,ASW,WE,Towers with Radar,0,22,9,38,69,0,0,48,5,53,0,22,57,43,122,196,76,272,394
09/12/2000,ROW,NM,ASW,WE,Towers with Radar,0,19,8,35,62,0,1,117,3,121,0,20,125,38,183,162,40,202,385
09/13/2000,ROW,NM,ASW,WE,Towers with Radar,0,18,5,48,71,0,3,121,25,149,0,21,126,73,220,86,78,164,384
09/14/2000,ROW,NM,ASW,WE,Towers with Radar,0,21,21,42,84,3,0,45,3,51,3,21,66,45,135,140,88,228,363
09/15/2000,ROW,NM,ASW,WE,Towers with Radar,0,19,19,25,63,1,6,76,0,83,1,25,95,25,146,210,16,226,372
09/16/2000,ROW,NM,ASW,WE,Towers with Radar,0,11,12,23,46,0,0,67,1,68,0,11,79,24,114,26,8,34,148
09/17/2000,ROW,NM,ASW,WE,Towers with Radar,0,11,17,9,37,0,0,50,3,53,0,11,67,12,90,40,28,68,158
09/18/2000,ROW,NM,ASW,WE,Towers with Radar,2,13,5,27,47,0,2,69,7,78,2,15,74,34,125,72,44,116,241
09/19/2000,ROW,NM,ASW,WE,Towers with Radar,0,17,4,38,59,0,0,115,26,141,0,17,119,64,200,60,50,110,310
09/20/2000,ROW,NM,ASW,WE,Towers with Radar,0,16,18,35,69,0,2,58,16,76,0,18,76,51,145,28,34,62,207
09/21/2000,ROW,NM,ASW,WE,Towers with Radar,1,19,18,28,66,0,3,127,21,151,1,22,145,49,217,116,100,216,433
09/22/2000,ROW,NM,ASW,WE,Towers with Radar,0,17,39,116,172,0,0,98,0,98,0,17,137,116,270,68,100,168,438
09/23/2000,ROW,NM,ASW,WE,Towers with Radar,0,11,14,9,34,0,0,64,7,71,0,11,78,16,105,80,8,88,193
09/24/2000,ROW,NM,ASW,WE,Towers with Radar,0,13,14,44,71,0,0,46,32,78,0,13,60,76,149,16,88,104,253
09/25/2000,ROW,NM,ASW,WE,Towers with Radar,0,16,18,25,59,0,0,98,0,98,0,16,116,25,157,90,92,182,339
09/26/2000,ROW,NM,ASW,WE,Towers with Radar,0,19,23,43,85,0,0,76,0,76,0,19,99,43,161,23,46,69,230
09/27/2000,ROW,NM,ASW,WE,Towers with Radar,0,18,31,31,80,0,0,101,0,101,0,18,132,31,181,52,50,102,283
09/28/2000,ROW,NM,ASW,WE,Towers with Radar,0,18,11,10,39,0,2,84,5,91,0,20,95,15,130,10,18,28,158
09/29/2000,ROW,NM,ASW,WE,Towers with Radar,0,7,15,4,26,10,0,82,0,92,10,7,97,4,118,18,10,28,146
09/30/2000,ROW,NM,ASW,WE,Towers with Radar,0,11,46,0,57,0,1,46,0,47,0,12,92,0,104,58,0,58,162
10/01/2000,ROW,NM,ASW,WE,Towers with Radar,0,10,13,1,24,0,0,58,8,66,0,10,71,9,90,10,4,14,104
10/02/2000,ROW,NM,ASW,WE,Towers with Radar,0,19,13,33,65,0,0,36,0,36,0,19,49,33,101,8,16,24,125
10/03/2000,ROW,NM,ASW,WE,Towers with Radar,0,17,24,56,97,0,0,71,21,92,0,17,95,77,189,46,90,136,325
10/04/2000,ROW,NM,ASW,WE,Towers with Radar,0,20,26,59,105,0,1,37,0,38,0,21,63,59,143,28,72,100,243
10/05/2000,ROW,NM,ASW,WE,Towers with Radar,0,18,36,84,138,0,0,66,4,70,0,18,102,88,208,12,28,40,248
10/06/2000,ROW,NM,ASW,WE,Towers with Radar,0,16,43,98,157,0,0,46,26,72,0,16,89,124,229,82,44,126,355
10/07/2000,ROW,NM,ASW,WE,Towers with Radar,0,10,27,4,41,0,0,0,2,2,0,10,27,6,43,6,2,8,51
10/08/2000,ROW,NM,ASW,WE,Towers with Radar,0,9,14,10,33,0,1,10,8,19,0,10,24,18,52,6,8,14,66
10/09/2000,ROW,NM,ASW,WE,Towers with Radar,0,15,18,0,33,0,0,7,0,7,0,15,25,0,40,0,0,0,40
10/10/2000,ROW,NM,ASW,WE,Towers with Radar,0,20,30,61,111,0,0,40,0,40,0,20,70,61,151,8,48,56,207
10/11/2000,ROW,NM,ASW,WE,Towers with Radar,0,23,31,70,124,1,0,42,12,55,1,23,73,82,179,60,50,110,289
10/12/2000,ROW,NM,ASW,WE,Towers with Radar,0,12,35,60,107,0,1,17,0,18,0,13,52,60,125,32,16,48,173
10/13/2000,ROW,NM,ASW,WE,Towers with Radar,0,20,41,86,147,0,0,45,0,45,0,20,86,86,192,36,80,116,308
10/14/2000,ROW,NM,ASW,WE,Towers with Radar,0,5,7,9,21,1,5,46,0,52,1,10,53,9,73,46,0,46,119
10/15/2000,ROW,NM,ASW,WE,Towers with Radar,0,13,16,51,80,0,0,44,16,60,0,13,60,67,140,28,58,86,226
10/16/2000,ROW,NM,ASW,WE,Towers with Radar,0,19,21,101,141,0,0,56,0,56,0,19,77,101,197,36,120,156,353
10/17/2000,ROW,NM,ASW,WE,Towers with Radar,0,17,32,70,119,1,0,30,5,36,1,17,62,75,155,38,80,118,273
10/18/2000,ROW,NM,ASW,WE,Towers with Radar,0,18,23,147,188,1,0,53,19,73,1,18,76,166,261,29,130,159,420
10/19/2000,ROW,NM,ASW,WE,Towers with Radar,0,24,47,86,157,0,0,7,0,7,0,24,54,86,164,18,78,96,260
10/20/2000,ROW,NM,ASW,WE,Towers with Radar,0,15,22,30,67,0,0,37,0,37,0,15,59,30,104,18,12,30,134
10/21/2000,ROW,NM,ASW,WE,Towers with Radar,0,18,13,28,59,0,0,13,4,17,0,18,26,32,76,0,12,12,88
10/22/2000,ROW,NM,ASW,WE,Towers with Radar,0,13,5,27,45,0,0,8,0,8,0,13,13,27,53,8,22,30,83
10/23/2000,ROW,NM,ASW,WE,Towers with Radar,0,22,27,16,65,0,4,18,5,27,0,26,45,21,92,4,4,8,100
10/24/2000,ROW,NM,ASW,WE,Towers with Radar,0,19,50,25,94,0,0,60,7,67,0,19,110,32,161,124,50,174,335
10/25/2000,ROW,NM,ASW,WE,Towers with Radar,2,20,23,62,107,0,0,72,0,72,2,20,95,62,179,61,90,151,330
10/26/2000,ROW,NM,ASW,WE,Towers with Radar,0,21,26,58,105,0,9,46,0,55,0,30,72,58,160,50,62,112,272
10/27/2000,ROW,NM,ASW,WE,Towers with Radar,0,27,33,41,101,0,2,2,9,13,0,29,35,50,114,0,0,0,114
10/28/2000,ROW,NM,ASW,WE,Towers with Radar,0,4,6,0,10,0,13,12,0,25,0,17,18,0,35,0,0,0,35
10/29/2000,ROW,NM,ASW,WE,Towers with Radar,0,6,8,9,23,0,9,46,0,55,0,15,54,9,78,44,12,56,134
10/30/2000,ROW,NM,ASW,WE,Towers with Radar,0,23,18,113,154,0,0,34,0,34,0,23,52,113,188,2,78,80,268
10/31/2000,ROW,NM,ASW,WE,Towers with Radar,0,20,18,85,123,0,0,29,4,33,0,20,47,89,156,6,84,90,246
11/01/2000,ROW,NM,ASW,WE,Towers with Radar,0,20,13,57,90,0,6,62,13,81,0,26,75,70,171,50,72,122,293
11/02/2000,ROW,NM,ASW,WE,Towers with Radar,0,24,22,71,117,0,1,75,32,108,0,25,97,103,225,28,55,83,308
11/03/2000,ROW,NM,ASW,WE,Towers with Radar,0,26,44,59,129,0,1,33,30,64,0,27,77,89,193,4,46,50,243
11/04/2000,ROW,NM,ASW,WE,Towers with Radar,0,14,13,0,27,0,1,24,1,26,0,15,37,1,53,16,0,16,69
11/05/2000,ROW,NM,ASW,WE,Towers with Radar,0,14,17,13,44,0,0,23,19,42,0,14,40,32,86,32,6,38,124
11/06/2000,ROW,NM,ASW,WE,Towers with Radar,0,25,26,23,74,0,4,33,0,37,0,29,59,23,111,60,48,108,219
11/07/2000,ROW,NM,ASW,WE,Towers with Radar,1,17,16,0,34,0,0,0,0,0,1,17,16,0,34,0,0,0,34
11/08/2000,ROW,NM,ASW,WE,Towers with Radar,0,16,14,44,74,0,7,66,50,123,0,23,80,94,197,6,107,113,310
11/09/2000,ROW,NM,ASW,WE,Towers with Radar,2,20,21,154,197,29,5,98,21,153,31,25,119,175,350,64,108,172,522
11/10/2000,ROW,NM,ASW,WE,Towers with Radar,0,27,23,0,50,0,31,54,6,91,0,58,77,6,141,12,0,12,153
11/11/2000,ROW,NM,ASW,WE,Towers with Radar,0,20,10,19,49,0,15,45,13,73,0,35,55,32,122,6,10,16,138
11/12/2000,ROW,NM,ASW,WE,Towers with Radar,0,15,17,0,32,0,6,37,0,43,0,21,54,0,75,44,0,44,119
11/13/2000,ROW,NM,ASW,WE,Towers with Radar,0,21,13,71,105,0,1,62,12,75,0,22,75,83,180,6,98,104,284
11/14/2000,ROW,NM,ASW,WE,Towers with Radar,1,18,27,43,89,0,7,80,0,87,1,25,107,43,176,54,24,78,254
11/15/2000,ROW,NM,ASW,WE,Towers with Radar,0,27,27,53,107,0,0,46,0,46,0,27,73,53,153,56,52,108,261
11/16/2000,ROW,NM,ASW,WE,Towers with Radar,0,28,33,77,138,0,0,39,15,54,0,28,72,92,192,26,110,136,328
11/17/2000,ROW,NM,ASW,WE,Towers with Radar,0,22,39,92,153,0,0,51,13,64,0,22,90,105,217,20,106,126,343
11/18/2000,ROW,NM,ASW,WE,Towers with Radar,0,3,4,4,11,0,10,18,0,28,0,13,22,4,39,0,0,0,39
11/19/2000,ROW,NM,ASW,WE,Towers with Radar,0,14,20,72,106,0,0,24,0,24,0,14,44,72,130,8,30,38,168
11/20/2000,ROW,NM,ASW,WE,Towers with Radar,0,18,19,41,78,1,0,55,0,56,1,18,74,41,134,51,38,89,223
11/21/2000,ROW,NM,ASW,WE,Towers with Radar,0,23,25,36,84,0,0,67,0,67,0,23,92,36,151,40,14,54,205
11/22/2000,ROW,NM,ASW,WE,Towers with Radar,0,26,34,18,78,0,1,72,14,87,0,27,106,32,165,34,24,58,223
11/23/2000,ROW,NM,ASW,WE,Towers with Radar,0,8,1,0,9,0,0,1,0,1,0,8,2,0,10,0,0,0,10
11/24/2000,ROW,NM,ASW,WE,Towers with Radar,0,13,15,0,28,0,2,58,0,60,0,15,73,0,88,102,0,102,190
11/25/2000,ROW,NM,ASW,WE,Towers with Radar,0,12,5,0,17,0,0,90,0,90,0,12,95,0,107,30,0,30,137
11/26/2000,ROW,NM,ASW,WE,Towers with Radar,0,13,11,0,24,0,8,54,3,65,0,21,65,3,89,64,0,64,153
11/27/2000,ROW,NM,ASW,WE,Towers with Radar,1,20,16,44,81,0,0,35,0,35,1,20,51,44,116,22,10,32,148
11/28/2000,ROW,NM,ASW,WE,Towers with Radar,0,20,35,26,81,0,0,59,0,59,0,20,94,26,140,34,4,38,178
11/29/2000,ROW,NM,ASW,WE,Towers with Radar,0,20,15,74,109,0,13,75,45,133,0,33,90,119,242,24,84,108,350
11/30/2000,ROW,NM,ASW,WE,Towers with Radar,0,22,25,120,167,0,0,45,0,45,0,22,70,120,212,23,84,107,319
12/01/2000,ROW,NM,ASW,WE,Towers with Radar,0,21,22,57,100,0,0,72,13,85,0,21,94,70,185,34,90,124,309
12/02/2000,ROW,NM,ASW,WE,Towers with Radar,1,15,12,10,38,0,3,59,0,62,1,18,71,10,100,36,6,42,142
12/03/2000,ROW,NM,ASW,WE,Towers with Radar,0,13,7,4,24,0,0,3,0,3,0,13,10,4,27,0,2,2,29
12/04/2000,ROW,NM,ASW,WE,Towers with Radar,0,12,15,33,60,0,0,36,0,36,0,12,51,33,96,24,66,90,186
12/05/2000,ROW,NM,ASW,WE,Towers with Radar,0,23,18,51,92,0,0,59,0,59,0,23,77,51,151,52,58,110,261
12/06/2000,ROW,NM,ASW,WE,Towers with Radar,0,20,19,52,91,0,0,73,46,119,0,20,92,98,210,30,154,184,394
12/07/2000,ROW,NM,ASW,WE,Towers with Radar,0,22,17,80,119,0,2,49,23,74,0,24,66,103,193,14,72,86,279
12/08/2000,ROW,NM,ASW,WE,Towers with Radar,1,20,23,59,103,0,0,78,5,83,1,20,101,64,186,36,50,86,272
12/09/2000,ROW,NM,ASW,WE,Towers with Radar,0,13,10,10,33,0,0,68,0,68,0,13,78,10,101,32,4,36,137
12/10/2000,ROW,NM,ASW,WE,Towers with Radar,0,17,1,40,58,0,0,33,5,38,0,17,34,45,96,22,20,42,138
12/11/2000,ROW,NM,ASW,WE,Towers with Radar,0,23,15,84,122,0,4,49,56,109,0,27,64,140,231,32,138,170,401
12/12/2000,ROW,NM,ASW,WE,Towers with Radar,0,21,24,6,51,0,3,49,0,52,0,24,73,6,103,42,12,54,157
12/13/2000,ROW,NM,ASW,WE,Towers with Radar,0,22,22,114,158,0,0,44,1,45,0,22,66,115,203,36,56,92,295
12/14/2000,ROW,NM,ASW,WE,Towers with Radar,0,25,23,61,109,0,0,66,48,114,0,25,89,109,223,10,38,48,271
12/15/2000,ROW,NM,ASW,WE,Towers with Radar,1,20,22,36,79,0,0,74,0,74,1,20,96,36,153,12,16,28,181
12/16/2000,ROW,NM,ASW,WE,Towers with Radar,0,15,3,12,30,0,0,67,6,73,0,15,70,18,103,38,8,46,149
12/17/2000,ROW,NM,ASW,WE,Towers with Radar,0,6,2,11,19,0,8,51,7,66,0,14,53,18,85,60,8,68,153
12/18/2000,ROW,NM,ASW,WE,Towers with Radar,0,21,9,46,76,0,5,33,0,38,0,26,42,46,114,0,44,44,158
12/19/2000,ROW,NM,ASW,WE,Towers with Radar,0,19,19,43,81,0,7,56,0,63,0,26,75,43,144,58,31,89,233
12/20/2000,ROW,NM,ASW,WE,Towers with Radar,0,15,4,43,62,2,0,81,43,126,2,15,85,86,188,0,44,44,232
12/21/2000,ROW,NM,ASW,WE,Towers with Radar,0,23,19,30,72,0,0,74,0,74,0,23,93,30,146,24,56,80,226
12/22/2000,ROW,NM,ASW,WE,Towers with Radar,1,26,21,23,71,0,0,68,5,73,1,26,89,28,144,60,35,95,239
12/23/2000,ROW,NM,ASW,WE,Towers with Radar,1,15,35,0,51,0,0,25,0,25,1,15,60,0,76,46,0,46,122
12/24/2000,ROW,NM,ASW,WE,Towers with Radar,0,3,1,0,4,0,11,43,0,54,0,14,44,0,58,42,0,42,100
12/25/2000,ROW,NM,ASW,WE,Towers with Radar,0,6,1,0,7,0,4,1,0,5,0,10,2,0,12,0,0,0,12
12/26/2000,ROW,NM,ASW,WE,Towers with Radar,0,11,18,2,31,0,0,1,0,1,0,11,19,2,32,0,0,0,32
12/27/2000,ROW,NM,ASW,WE,Towers with Radar,0,19,12,8,39,0,0,51,0,51,0,19,63,8,90,32,6,38,128
12/28/2000,ROW,NM,ASW,WE,Towers with Radar,0,26,22,44,92,0,0,57,0,57,0,26,79,44,149,16,24,40,189
12/29/2000,ROW,NM,ASW,WE,Towers with Radar,0,28,20,32,80,0,0,70,0,70,0,28,90,32,150,8,16,24,174
12/30/2000,ROW,NM,ASW,WE,Towers with Radar,1,14,10,0,25,0,4,39,0,43,1,18,49,0,68,26,1,27,95
12/31/2000,ROW,NM,ASW,WE,Towers with Radar,0,10,2,0,12,0,0,25,0,25,0,10,27,0,37,8,0,8,45
01/01/2001,ROW,NM,ASW,WE,Towers with Radar,0,19,11,0,30,0,1,6,0,7,0,20,17,0,37,2,0,2,39
01/02/2001,ROW,NM,ASW,WE,Towers with Radar,1,22,25,2,50,0,13,33,0,46,1,35,58,2,96,8,0,8,104
01/03/2001,ROW,NM,ASW,WE,Towers with Radar,0,18,17,30,65,0,0,45,0,45,0,18,62,30,110,32,50,82,192
01/04/2001,ROW,NM,ASW,WE,Towers with Radar,0,21,20,37,78,0,0,30,0,30,0,21,50,37,108,4,48,52,160
01/05/2001,ROW,NM,ASW,WE,Towers with Radar,2,22,20,73,117,0,0,48,0,48,2,22,68,73,165,28,128,156,321
01/06/2001,ROW,NM,ASW,WE,Towers with Radar,2,13,2,8,25,1,5,35,0,41,3,18,37,8,66,12,14,26,92
01/07/2001,ROW,NM,ASW,WE,Towers with Radar,0,14,4,26,44,0,10,37,0,47,0,24,41,26,91,10,32,42,133
01/08/2001,ROW,NM,ASW,WE,Towers with Radar,0,24,14,64,102,0,0,34,0,34,0,24,48,64,136,12,118,130,266
01/09/2001,ROW,NM,ASW,WE,Towers with Radar,2,23,24,63,112,2,0,22,0,24,4,23,46,63,136,14,46,60,196
01/10/2001,ROW,NM,ASW,WE,Towers with Radar,0,20,20,76,116,0,0,26,54,80,0,20,46,130,196,12,118,130,326
01/11/2001,ROW,NM,ASW,WE,Towers with Radar,0,19,24,71,114,0,0,19,0,19,0,19,43,71,133,22,54,76,209
01/12/2001,ROW,NM,ASW,WE,Towers with Radar,0,24,23,33,80,0,0,34,0,34,0,24,57,33,114,16,22,38,152
01/13/2001,ROW,NM,ASW,WE,Towers with Radar,0,12,7,6,25,0,0,31,0,31,0,12,38,6,56,4,0,4,60
01/14/2001,ROW,NM,ASW,WE,Towers with Radar,0,16,0,2,18,0,0,33,0,33,0,16,33,2,51,20,0,20,71
01/15/2001,ROW,NM,ASW,WE,Towers with Radar,1,17,13,1,32,0,1,49,2,52,1,18,62,3,84,76,6,82,166
01/16/2001,ROW,NM,ASW,WE,Towers with Radar,2,21,18,45,86,0,5,26,0,31,2,26,44,45,117,0,72,72,189
01/17/2001,ROW,NM,ASW,WE,Towers with Radar,0,15,18,8,41,0,0,9,0,9,0,15,27,8,50,0,0,0,50
01/18/2001,ROW,NM,ASW,WE,Towers with Radar,0,20,16,94,130,0,7,21,0,28,0,27,37,94,158,0,60,60,218
01/19/2001,ROW,NM,ASW,WE,Towers with Radar,0,24,13,133,170,0,0,32,0,32,0,24,45,133,202,14,110,124,326
01/20/2001,ROW,NM,ASW,WE,Towers with Radar,0,14,12,97,123,0,2,45,5,52,0,16,57,102,175,18,98,116,291
01/21/2001,ROW,NM,ASW,WE,Towers with Radar,0,9,11,112,132,0,0,24,0,24,0,9,35,112,156,2,100,102,258
01/22/2001,ROW,NM,ASW,WE,Towers with Radar,0,19,5,58,82,0,0,30,0,30,0,19,35,58,112,36,150,186,298
01/23/2001,ROW,NM,ASW,WE,Towers with Radar,0,21,23,73,117,0,0,11,0,11,0,21,34,73,128,16,84,100,228
01/24/2001,ROW,NM,ASW,WE,Towers with Radar,0,21,14,6,41,1,0,21,0,22,1,21,35,6,63,0,0,0,63
01/25/2001,ROW,NM,ASW,WE,Towers with Radar,0,18,15,60,93,0,0,19,45,64,0,18,34,105,157,10,260,270,427
01/26/2001,ROW,NM,ASW,WE,Towers with Radar,1,22,19,78,120,1,0,41,57,99,2,22,60,135,219,20,564,584,803
01/27/2001,ROW,NM,ASW,WE,Towers with Radar,1,8,11,0,20,0,0,3,0,3,1,8,14,0,23,0,0,0,23
01/28/2001,ROW,NM,ASW,WE,Towers with Radar,0,6,3,16,25,0,2,1,2,5,0,8,4,18,30,8,1,9,39
01/29/2001,ROW,NM,ASW,WE,Towers with Radar,0,13,7,35,55,0,2,12,10,24,0,15,19,45,79,2,120,122,201
01/30/2001,ROW,NM,ASW,WE,Towers with Radar,0,20,19,77,116,0,0,24,26,50,0,20,43,103,166,0,228,228,394
01/31/2001,ROW,NM,ASW,WE,Towers with Radar,1,19,29,69,118,0,6,32,50,88,1,25,61,119,206,54,532,586,792
02/01/2001,ROW,NM,ASW,WE,Towers with Radar,2,16,15,72,105,5,0,32,19,56,7,16,47,91,161,12,344,356,517
02/02/2001,ROW,NM,ASW,WE,Towers with Radar,0,21,21,79,121,0,2,40,83,125,0,23,61,162,246,5,461,466,712
02/03/2001,ROW,NM,ASW,WE,Towers with Radar,0,5,6,22,33,0,4,34,9,47,0,9,40,31,80,24,174,198,278
02/04/2001,ROW,NM,ASW,WE,Towers with Radar,0,7,6,28,41,0,4,41,61,106,0,11,47,89,147,26,283,309,456
02/05/2001,ROW,NM,ASW,WE,Towers with Radar,0,19,12,55,86,0,4,38,26,68,0,23,50,81,154,12,248,260,414
02/06/2001,ROW,NM,ASW,WE,Towers with Radar,1,17,5,89,112,0,0,38,4,42,1,17,43,93,154,54,234,288,442
02/07/2001,ROW,NM,ASW,WE,Towers with Radar,0,26,23,101,150,0,1,23,41,65,0,27,46,142,215,26,328,354,569
02/08/2001,ROW,NM,ASW,WE,Towers with Radar,0,17,17,53,87,0,3,16,0,19,0,20,33,53,106,4,116,120,226
02/09/2001,ROW,NM,ASW,WE,Towers with Radar,0,21,20,77,118,0,0,17,44,61,0,21,37,121,179,42,406,448,627
02/10/2001,ROW,NM,ASW,WE,Towers with Radar,0,10,10,37,57,0,8,30,8,46,0,18,40,45,103,6,110,116,219
02/11/2001,ROW,NM,ASW,WE,Towers with Radar,0,10,11,38,59,2,5,27,42,76,2,15,38,80,135,38,274,312,447
02/12/2001,ROW,NM,ASW,WE,Towers with Radar,0,21,21,80,122,0,0,14,3,17,0,21,35,83,139,4,390,394,533
02/13/2001,ROW,NM,ASW,WE,Towers with Radar,0,7,26,92,125,0,0,1,0,1,0,7,27,92,126,0,97,97,223
02/14/2001,ROW,NM,ASW,WE,Towers with Radar,0,22,21,81,124,0,1,6,32,39,0,23,27,113,163,0,310,310,473
02/15/2001,ROW,NM,ASW,WE,Towers with Radar,0,19,33,114,166,0,0,0,0,0,0,19,33,114,166,34,498,532,698
02/16/2001,ROW,NM,ASW,WE,Towers with Radar,0,23,22,82,127,0,9,23,7,39,0,32,45,89,166,28,370,398,564
02/17/2001,ROW,NM,ASW,WE,Towers with Radar,0,6,6,22,34,0,5,21,53,79,0,11,27,75,113,0,228,228,341
02/18/2001,ROW,NM,ASW,WE,Towers with Radar,0,7,7,21,35,1,7,30,0,38,1,14,37,21,73,36,32,68,141
02/19/2001,ROW,NM,ASW,WE,Towers with Radar,0,10,11,38,59,0,7,17,45,69,0,17,28,83,128,92,434,526,654
02/20/2001,ROW,NM,ASW,WE,Towers with Radar,0,20,19,73,112,0,2,39,16,57,0,22,58,89,169,66,330,396,565
02/21/2001,ROW,NM,ASW,WE,Towers with Radar,0,18,54,170,242,0,0,5,0,5,0,18,59,170,247,38,448,486,733
02/22/2001,ROW,NM,ASW,WE,Towers with Radar,0,22,26,100,148,0,0,29,8,37,0,22,55,108,185,42,170,212,397
02/23/2001,ROW,NM,ASW,WE,Towers with Radar,0,19,19,35,73,0,4,30,0,34,0,23,49,35,107,0,46,46,153
02/24/2001,ROW,NM,ASW,WE,Towers with Radar,0,6,7,22,35,1,11,12,0,24,1,17,19,22,59,0,8,8,67
02/25/2001,ROW,NM,ASW,WE,Towers with Radar,0,7,8,26,41,0,7,32,66,105,0,14,40,92,146,18,302,320,466
02/26/2001,ROW,NM,ASW,WE,Towers with Radar,0,18,21,74,113,0,0,10,0,10,0,18,31,74,123,22,260,282,405
02/27/2001,ROW,NM,ASW,WE,Towers with Radar,0,14,30,114,158,0,0,21,14,35,0,14,51,128,193,10,214,224,417
02/28/2001,ROW,NM,ASW,WE,Towers with Radar,0,15,19,4,38,1,0,8,0,9,1,15,27,4,47,0,0,0,47
03/01/2001,ROW,NM,ASW,WE,Towers with Radar,0,23,31,122,176,0,0,0,25,25,0,23,31,147,201,6,214,220,421
03/02/2001,ROW,NM,ASW,WE,Towers with Radar,0,23,22,51,96,0,14,29,0,43,0,37,51,51,139,34,74,108,247
03/03/2001,ROW,NM,ASW,WE,Towers with Radar,0,8,7,29,44,0,2,21,28,51,0,10,28,57,95,8,140,148,243
03/04/2001,ROW,NM,ASW,WE,Towers with Radar,1,12,17,64,94,0,0,10,63,73,1,12,27,127,167,10,264,274,441
03/05/2001,ROW,NM,ASW,WE,Towers with Radar,0,15,15,49,79,0,26,31,0,57,0,41,46,49,136,32,148,180,316
03/06/2001,ROW,NM,ASW,WE,Towers with Radar,1,19,27,50,97,0,0,20,0,20,1,19,47,50,117,38,92,130,247
03/07/2001,ROW,NM,ASW,WE,Towers with Radar,0,18,18,44,80,0,1,26,0,27,0,19,44,44,107,46,68,114,221
03/08/2001,ROW,NM,ASW,WE,Towers with Radar,0,13,12,46,71,0,12,25,7,44,0,25,37,53,115,0,20,20,135
03/09/2001,ROW,NM,ASW,WE,Towers with Radar,0,16,19,75,110,0,0,40,9,49,0,16,59,84,159,16,258,274,433
03/10/2001,ROW,NM,ASW,WE,Towers with Radar,0,5,6,21,32,0,9,29,13,51,0,14,35,34,83,44,106,150,233
03/11/2001,ROW,NM,ASW,WE,Towers with Radar,0,7,7,27,41,0,2,16,7,25,0,9,23,34,66,4,42,46,112
03/12/2001,ROW,NM,ASW,WE,Towers with Radar,0,19,18,69,106,0,2,33,4,39,0,21,51,73,145,22,184,206,351
03/13/2001,ROW,NM,ASW,WE,Towers with Radar,0,20,26,100,146,0,0,18,41,59,0,20,44,141,205,46,260,306,511
03/14/2001,ROW,NM,ASW,WE,Towers with Radar,0,18,19,48,85,0,0,26,0,26,0,18,45,48,111,18,194,212,323
03/15/2001,ROW,NM,ASW,WE,Towers with Radar,0,15,23,82,120,0,0,33,0,33,0,15,56,82,153,16,330,346,499
03/16/2001,ROW,NM,ASW,WE,Towers with Radar,0,30,32,124,186,0,0,41,35,76,0,30,73,159,262,0,316,316,578
03/17/2001,ROW,NM,ASW,WE,Towers with Radar,0,5,5,20,30,0,15,22,19,56,0,20,27,39,86,10,138,148,234
03/18/2001,ROW,NM,ASW,WE,Towers with Radar,0,9,7,31,47,0,4,27,17,48,0,13,34,48,95,0,118,118,213
03/19/2001,ROW,NM,ASW,WE,Towers with Radar,0,19,16,67,102,1,7,52,1,61,1,26,68,68,163,76,116,192,355
03/20/2001,ROW,NM,ASW,WE,Towers with Radar,0,19,17,35,71,0,0,49,0,49,0,19,66,35,120,26,90,116,236
03/21/2001,ROW,NM,ASW,WE,Towers with Radar,0,23,20,65,108,0,5,57,0,62,0,28,77,65,170,46,136,182,352
03/22/2001,ROW,NM,ASW,WE,Towers with Radar,0,24,20,83,127,0,0,31,5,36,0,24,51,88,163,2,122,124,287
03/23/2001,ROW,NM,ASW,WE,Towers with Radar,0,19,16,41,76,0,1,50,0,51,0,20,66,41,127,52,16,68,195
03/24/2001,ROW,NM,ASW,WE,Towers with Radar,0,9,8,20,37,1,3,11,0,15,1,12,19,20,52,28,22,50,102
03/25/2001,ROW,NM,ASW,WE,Towers with Radar,0,8,5,10,23,0,2,13,0,15,0,10,18,10,38,0,22,22,60
03/26/2001,ROW,NM,ASW,WE,Towers with Radar,0,18,16,64,98,0,4,1,10,15,0,22,17,74,113,0,14,14,127
03/27/2001,ROW,NM,ASW,WE,Towers with Radar,0,15,14,53,82,0,0,20,0,20,0,15,34,53,102,26,58,84,186
03/28/2001,ROW,NM,ASW,WE,Towers with Radar,0,15,30,123,168,0,0,37,31,68,0,15,67,154,236,40,166,206,442
03/29/2001,ROW,NM,ASW,WE,Towers with Radar,0,13,20,50,83,7,0,17,0,24,7,13,37,50,107,0,18,18,125
03/30/2001,ROW,NM,ASW,WE,Towers with Radar,0,15,18,68,101,0,0,36,0,36,0,15,54,68,137,28,66,94,231
03/31/2001,ROW,NM,ASW,WE,Towers with Radar,0,4,3,3,10,0,6,26,0,32,0,10,29,3,42,18,0,18,60
04/01/2001,ROW,NM,ASW,WE,Towers with Radar,0,9,3,15,27,0,1,51,0,52,0,10,54,15,79,16,6,22,101
04/02/2001,ROW,NM,ASW,WE,Towers with Radar,0,28,7,33,68,0,1,45,0,46,0,29,52,33,114,28,56,84,198
04/03/2001,ROW,NM,ASW,WE,Towers with Radar,1,9,5,42,57,0,7,33,0,40,1,16,38,42,97,26,104,130,227
04/04/2001,ROW,NM,ASW,WE,Towers with Radar,0,22,21,52,95,0,1,30,0,31,0,23,51,52,126,14,50,64,190
04/05/2001,ROW,NM,ASW,WE,Towers with Radar,0,16,24,60,100,0,1,22,0,23,0,17,46,60,123,24,106,130,253
04/06/2001,ROW,NM,ASW,WE,Towers with Radar,0,10,11,7,28,0,8,27,0,35,0,18,38,7,63,10,0,10,73
04/07/2001,ROW,NM,ASW,WE,Towers with Radar,0,12,7,6,25,0,1,28,0,29,0,13,35,6,54,8,0,8,62
04/08/2001,ROW,NM,ASW,WE,Towers with Radar,0,4,5,4,13,1,4,20,0,25,1,8,25,4,38,4,0,4,42
04/09/2001,ROW,NM,ASW,WE,Towers with Radar,0,16,16,32,64,4,2,25,0,31,4,18,41,32,95,7,56,63,158
04/10/2001,ROW,NM,ASW,WE,Towers with Radar,1,17,25,17,60,0,0,20,0,20,1,17,45,17,80,2,4,6,86
04/11/2001,ROW,NM,ASW,WE,Towers with Radar,1,16,13,31,61,1,0,36,0,37,2,16,49,31,98,4,6,10,108
04/12/2001,ROW,NM,ASW,WE,Towers with Radar,0,20,20,36,76,0,0,58,0,58,0,20,78,36,134,2,6,8,142
04/13/2001,ROW,NM,ASW,WE,Towers with Radar,3,10,19,76,108,0,0,82,32,114,3,10,101,108,222,30,80,110,332
04/14/2001,ROW,NM,ASW,WE,Towers with Radar,0,4,3,11,18,0,4,41,2,47,0,8,44,13,65,8,0,8,73
04/15/2001,ROW,NM,ASW,WE,Towers with Radar,0,2,3,0,5,0,5,26,0,31,0,7,29,0,36,38,0,38,74
04/16/2001,ROW,NM,ASW,WE,Towers with Radar,2,14,13,15,44,0,7,23,12,42,2,21,36,27,86,30,16,46,132
04/17/2001,ROW,NM,ASW,WE,Towers with Radar,0,16,44,21,81,0,0,2,0,2,0,16,46,21,83,20,10,30,113
04/18/2001,ROW,NM,ASW,WE,Towers with Radar,0,17,11,64,92,0,0,42,13,55,0,17,53,77,147,4,52,56,203
04/19/2001,ROW,NM,ASW,WE,Towers with Radar,0,15,10,57,82,0,11,50,0,61,0,26,60,57,143,11,42,53,196
04/20/2001,ROW,NM,ASW,WE,Towers with Radar,0,14,7,22,43,0,0,38,0,38,0,14,45,22,81,10,4,14,95
04/21/2001,ROW,NM,ASW,WE,Towers with Radar,0,11,2,45,58,0,4,29,1,34,0,15,31,46,92,4,42,46,138
04/22/2001,ROW,NM,ASW,WE,Towers with Radar,0,8,7,1,16,0,1,5,2,8,0,9,12,3,24,0,0,0,24
04/23/2001,ROW,NM,ASW,WE,Towers with Radar,0,15,15,46,76,0,3,57,0,60,0,18,72,46,136,10,132,142,278
04/24/2001,ROW,NM,ASW,WE,Towers with Radar,0,16,22,51,89,0,0,58,0,58,0,16,80,51,147,40,28,68,215
04/25/2001,ROW,NM,ASW,WE,Towers with Radar,1,17,9,35,62,0,0,48,0,48,1,17,57,35,110,37,14,51,161
04/26/2001,ROW,NM,ASW,WE,Towers with Radar,0,21,19,54,94,0,0,47,8,55,0,21,66,62,149,12,56,68,217
04/27/2001,ROW,NM,ASW,WE,Towers with Radar,0,17,17,42,76,0,0,55,0,55,0,17,72,42,131,22,30,52,183
04/28/2001,ROW,NM,ASW,WE,Towers with Radar,0,14,11,1,26,0,0,33,2,35,0,14,44,3,61,14,2,16,77
04/29/2001,ROW,NM,ASW,WE,Towers with Radar,1,9,6,14,30,0,2,18,5,25,1,11,24,19,55,12,0,12,67
04/30/2001,ROW,NM,ASW,WE,Towers with Radar,0,19,15,30,64,0,2,37,2,41,0,21,52,32,105,34,20,54,159
05/01/2001,ROW,NM,ASW,WE,Towers with Radar,0,20,22,57,99,0,0,54,0,54,0,20,76,57,153,6,89,95,248
05/02/2001,ROW,NM,ASW,WE,Towers with Radar,0,12,13,35,60,0,0,54,0,54,0,12,67,35,114,22,53,75,189
05/03/2001,ROW,NM,ASW,WE,Towers with Radar,0,18,17,48,83,0,5,46,6,57,0,23,63,54,140,8,95,103,243
05/04/2001,ROW,NM,ASW,WE,Towers with Radar,0,14,28,10,52,0,0,18,6,24,0,14,46,16,76,15,23,38,114
05/05/2001,ROW,NM,ASW,WE,Towers with Radar,0,10,7,1,18,0,0,28,2,30,0,10,35,3,48,0,0,0,48
05/06/2001,ROW,NM,ASW,WE,Towers with Radar,0,8,3,3,14,0,3,107,0,110,0,11,110,3,124,0,6,6,130
05/07/2001,ROW,NM,ASW,WE,Towers with Radar,0,16,21,35,72,0,0,35,0,35,0,16,56,35,107,46,94,140,247
05/08/2001,ROW,NM,ASW,WE,Towers with Radar,0,16,23,53,92,0,4,31,0,35,0,20,54,53,127,23,63,86,213
05/09/2001,ROW,NM,ASW,WE,Towers with Radar,0,17,14,37,68,0,0,39,0,39,0,17,53,37,107,13,71,84,191
05/10/2001,ROW,NM,ASW,WE,Towers with Radar,0,15,10,24,49,0,4,41,0,45,0,19,51,24,94,12,40,52,146
05/11/2001,ROW,NM,ASW,WE,Towers with Radar,0,10,9,23,42,0,8,31,0,39,0,18,40,23,81,0,24,24,105
05/12/2001,ROW,NM,ASW,WE,Towers with Radar,0,13,7,12,32,0,7,31,0,38,0,20,38,12,70,26,4,30,100
05/13/2001,ROW,NM,ASW,WE,Towers with Radar,0,7,10,4,21,0,1,27,0,28,0,8,37,4,49,28,0,28,77
05/14/2001,ROW,NM,ASW,WE,Towers with Radar,0,17,1,26,44,0,1,18,7,26,0,18,19,33,70,0,52,52,122
05/15/2001,ROW,NM,ASW,WE,Towers with Radar,1,13,13,78,105,0,2,34,0,36,1,15,47,78,141,20,74,94,235
05/16/2001,ROW,NM,ASW,WE,Towers with Radar,2,13,16,15,46,0,0,33,9,42,2,13,49,24,88,38,32,70,158
05/17/2001,ROW,NM,ASW,WE,Towers with Radar,2,13,9,34,58,0,5,38,0,43,2,18,47,34,101,24,56,80,181
05/18/2001,ROW,NM,ASW,WE,Towers with Radar,0,17,14,54,85,0,0,62,5,67,0,17,76,59,152,51,24,75,227
05/19/2001,ROW,NM,ASW,WE,Towers with Radar,0,12,7,25,44,0,2,35,6,43,0,14,42,31,87,10,16,26,113
05/20/2001,ROW,NM,ASW,WE,Towers with Radar,0,11,2,13,26,0,3,26,11,40,0,14,28,24,66,2,4,6,72
05/21/2001,ROW,NM,ASW,WE,Towers with Radar,0,14,13,19,46,0,0,29,0,29,0,14,42,19,75,0,14,14,89
05/22/2001,ROW,NM,ASW,WE,Towers with Radar,0,17,17,32,66,0,4,54,0,58,0,21,71,32,124,2,14,16,140
05/23/2001,ROW,NM,ASW,WE,Towers with Radar,0,15,11,34,60,0,3,45,1,49,0,18,56,35,109,7,17,24,133
05/24/2001,ROW,NM,ASW,WE,Towers with Radar,0,17,9,42,68,0,5,43,16,64,0,22,52,58,132,4,77,81,213
05/25/2001,ROW,NM,ASW,WE,Towers with Radar,0,14,12,23,49,0,1,63,0,64,0,15,75,23,113,30,36,66,179
05/26/2001,ROW,NM,ASW,WE,Towers with Radar,0,6,5,2,13,0,3,24,0,27,0,9,29,2,40,30,2,32,72
05/27/2001,ROW,NM,ASW,WE,Towers with Radar,0,6,6,4,16,0,0,25,0,25,0,6,31,4,41,4,4,8,49
05/28/2001,ROW,NM,ASW,WE,Towers with Radar,0,8,29,6,43,0,0,1,0,1,0,8,30,6,44,14,2,16,60
05/29/2001,ROW,NM,ASW,WE,Towers with Radar,0,18,21,58,97,0,0,26,30,56,0,18,47,88,153,20,23,43,196
05/30/2001,ROW,NM,ASW,WE,Towers with Radar,0,14,17,49,80,0,0,39,0,39,0,14,56,49,119,34,84,118,237
05/31/2001,ROW,NM,ASW,WE,Towers with Radar,0,22,6,22,50,0,0,27,0,27,0,22,33,22,77,8,2,10,87
06/01/2001,ROW,NM,ASW,WE,Towers with Radar,10,26,37,22,95,0,9,24,0,33,10,35,61,22,128,4,12,16,144
06/02/2001,ROW,NM,ASW,WE,Towers with Radar,0,5,5,8,18,0,9,49,0,58,0,14,54,8,76,4,2,6,82
06/03/2001,ROW,NM,ASW,WE,Towers with Radar,0,5,5,10,20,0,5,58,0,63,0,10,63,10,83,4,6,10,93
06/04/2001,ROW,NM,ASW,WE,Towers with Radar,0,10,10,26,46,0,11,46,0,57,0,21,56,26,103,0,20,20,123
06/05/2001,ROW,NM,ASW,WE,Towers with Radar,0,18,16,45,79,2,4,51,0,57,2,22,67,45,136,32,40,72,208
06/06/2001,ROW,NM,ASW,WE,Towers with Radar,0,13,25,54,92,0,0,25,0,25,0,13,50,54,117,16,34,50,167
06/07/2001,ROW,NM,ASW,WE,Towers with Radar,0,16,14,15,45,2,8,47,0,57,2,24,61,15,102,12,30,42,144
06/08/2001,ROW,NM,ASW,WE,Towers with Radar,0,16,15,41,72,3,0,28,0,31,3,16,43,41,103,0,48,48,151
06/09/2001,ROW,NM,ASW,WE,Towers with Radar,0,4,4,14,22,0,8,47,3,58,0,12,51,17,80,30,32,62,142
06/10/2001,ROW,NM,ASW,WE,Towers with Radar,0,5,3,15,23,1,6,41,0,48,1,11,44,15,71,24,24,48,119
06/11/2001,ROW,NM,ASW,WE,Towers with Radar,0,13,14,36,63,0,0,23,0,23,0,13,37,36,86,20,62,82,168
06/12/2001,ROW,NM,ASW,WE,Towers with Radar,0,15,13,22,50,0,3,39,0,42,0,18,52,22,92,18,18,36,128
06/13/2001,ROW,NM,ASW,WE,Towers with Radar,0,9,8,25,42,0,7,27,0,34,0,16,35,25,76,36,15,51,127
06/14/2001,ROW,NM,ASW,WE,Towers with Radar,0,17,16,45,78,0,5,39,0,44,0,22,55,45,122,41,45,86,208
06/15/2001,ROW,NM,ASW,WE,Towers with Radar,1,19,21,63,104,0,0,33,5,38,1,19,54,68,142,2,78,80,222
06/16/2001,ROW,NM,ASW,WE,Towers with Radar,0,11,10,1,22,0,0,39,0,39,0,11,49,1,61,22,0,22,83
06/17/2001,ROW,NM,ASW,WE,Towers with Radar,0,9,15,18,42,0,0,34,0,34,0,9,49,18,76,6,8,14,90
06/18/2001,ROW,NM,ASW,WE,Towers with Radar,0,15,14,28,57,0,3,32,0,35,0,18,46,28,92,42,15,57,149
06/19/2001,ROW,NM,ASW,WE,Towers with Radar,1,16,15,33,65,0,3,26,0,29,1,19,41,33,94,37,16,53,147
06/20/2001,ROW,NM,ASW,WE,Towers with Radar,0,16,15,20,51,0,3,53,0,56,0,19,68,20,107,67,20,87,194
06/21/2001,ROW,NM,ASW,WE,Towers with Radar,1,18,17,53,89,0,4,44,25,73,1,22,61,78,162,10,74,84,246
06/22/2001,ROW,NM,ASW,WE,Towers with Radar,0,14,17,51,82,0,0,23,18,41,0,14,40,69,123,32,140,172,295
06/23/2001,ROW,NM,ASW,WE,Towers with Radar,0,6,6,20,32,2,12,35,9,58,2,18,41,29,90,12,26,38,128
06/24/2001,ROW,NM,ASW,WE,Towers with Radar,0,4,4,13,21,0,7,31,5,43,0,11,35,18,64,38,26,64,128
06/25/2001,ROW,NM,ASW,WE,Towers with Radar,0,16,18,57,91,0,0,23,0,23,0,16,41,57,114,6,91,97,211
06/26/2001,ROW,NM,ASW,WE,Towers with Radar,0,19,21,63,103,0,0,25,19,44,0,19,46,82,147,16,61,77,224
06/27/2001,ROW,NM,ASW,WE,Towers with Radar,0,10,21,66,97,0,0,30,15,45,0,10,51,81,142,2,120,122,264
06/28/2001,ROW,NM,ASW,WE,Towers with Radar,0,18,19,59,96,0,0,18,14,32,0,18,37,73,128,10,44,54,182
06/29/2001,ROW,NM,ASW,WE,Towers with Radar,0,20,23,75,118,0,0,58,78,136,0,20,81,153,254,32,147,179,433
06/30/2001,ROW,NM,ASW,WE,Towers with Radar,0,4,1,5,10,0,7,59,0,66,0,11,60,5,76,24,4,28,104
07/01/2001,ROW,NM,ASW,WE,Towers with Radar,0,5,8,28,41,0,0,23,13,36,0,5,31,41,77,18,28,46,123
07/02/2001,ROW,NM,ASW,WE,Towers with Radar,0,12,18,61,91,0,0,18,2,20,0,12,36,63,111,37,72,109,220
07/03/2001,ROW,NM,ASW,WE,Towers with Radar,0,16,25,53,94,0,0,33,0,33,0,16,58,53,127,8,29,37,164
07/04/2001,ROW,NM,ASW,WE,Towers with Radar,0,4,4,18,26,0,0,24,5,29,0,4,28,23,55,26,70,96,151
07/05/2001,ROW,NM,ASW,WE,Towers with Radar,0,17,24,53,94,0,0,64,0,64,0,17,88,53,158,24,24,48,206
07/06/2001,ROW,NM,ASW,WE,Towers with Radar,0,18,17,57,92,0,0,49,5,54,0,18,66,62,146,12,26,38,184
07/07/2001,ROW,NM,ASW,WE,Towers with Radar,0,3,4,5,12,0,12,50,0,62,0,15,54,5,74,22,4,26,100
07/08/2001,ROW,NM,ASW,WE,Towers with Radar,0,5,5,2,12,0,3,27,0,30,0,8,32,2,42,18,0,18,60
07/09/2001,ROW,NM,ASW,WE,Towers with Radar,0,16,17,49,82,0,0,11,0,11,0,16,28,49,93,18,40,58,151
07/10/2001,ROW,NM,ASW,WE,Towers with Radar,0,18,16,54,88,0,9,37,3,49,0,27,53,57,137,10,10,20,157
07/11/2001,ROW,NM,ASW,WE,Towers with Radar,0,22,21,60,103,0,0,35,0,35,0,22,56,60,138,21,32,53,191
07/12/2001,ROW,NM,ASW,WE,Towers with Radar,0,18,19,62,99,0,0,18,9,27,0,18,37,71,126,0,70,70,196
07/13/2001,ROW,NM,ASW,WE,Towers with Radar,0,17,14,50,81,0,3,42,4,49,0,20,56,54,130,26,104,130,260
07/14/2001,ROW,NM,ASW,WE,Towers with Radar,0,6,6,21,33,0,6,37,4,47,0,12,43,25,80,8,48,56,136
07/15/2001,ROW,NM,ASW,WE,Towers with Radar,1,3,3,4,11,0,6,31,0,37,1,9,34,4,48,20,0,20,68
07/16/2001,ROW,NM,ASW,WE,Towers with Radar,0,14,12,33,59,0,10,44,0,54,0,24,56,33,113,8,42,50,163
07/17/2001,ROW,NM,ASW,WE,Towers with Radar,0,17,18,30,65,0,0,47,0,47,0,17,65,30,112,18,14,32,144
07/18/2001,ROW,NM,ASW,WE,Towers with Radar,0,12,11,23,46,0,5,34,0,39,0,17,45,23,85,10,50,60,145
07/19/2001,ROW,NM,ASW,WE,Towers with Radar,0,14,14,33,61,0,6,47,0,53,0,20,61,33,114,2,48,50,164
07/20/2001,ROW,NM,ASW,WE,Towers with Radar,0,14,16,31,61,0,0,71,0,71,0,14,87,31,132,12,90,102,234
07/21/2001,ROW,NM,ASW,WE,Towers with Radar,0,6,6,2,14,0,5,38,0,43,0,11,44,2,57,22,0,22,79
07/22/2001,ROW,NM,ASW,WE,Towers with Radar,0,4,4,4,12,0,7,53,0,60,0,11,57,4,72,6,10,16,88
07/23/2001,ROW,NM,ASW,WE,Towers with Radar,0,13,20,63,96,0,0,35,27,62,0,13,55,90,158,6,101,107,265
07/24/2001,ROW,NM,ASW,WE,Towers with Radar,0,15,18,33,66,0,0,26,0,26,0,15,44,33,92,12,28,40,132
07/25/2001,ROW,NM,ASW,WE,Towers with Radar,0,18,17,51,86,5,10,36,0,51,5,28,53,51,137,0,42,42,179
07/26/2001,ROW,NM,ASW,WE,Towers with Radar,0,16,14,46,76,0,1,33,13,47,0,17,47,59,123,48,71,119,242
07/27/2001,ROW,NM,ASW,WE,Towers with Radar,0,13,13,40,66,2,0,49,0,51,2,13,62,40,117,24,76,100,217
07/28/2001,ROW,NM,ASW,WE,Towers with Radar,0,13,2,4,19,0,0,31,0,31,0,13,33,4,50,12,4,16,66
07/29/2001,ROW,NM,ASW,WE,Towers with Radar,0,6,5,4,15,0,6,24,0,30,0,12,29,4,45,2,0,2,47
07/30/2001,ROW,NM,ASW,WE,Towers with Radar,0,11,9,21,41,0,0,32,0,32,0,11,41,21,73,34,22,56,129
07/31/2001,ROW,NM,ASW,WE,Towers with Radar,0,16,13,46,75,0,1,39,0,40,0,17,52,46,115,20,22,42,157
08/01/2001,ROW,NM,ASW,WE,Towers with Radar,0,17,18,21,56,0,0,26,0,26,0,17,44,21,82,38,16,54,136
08/02/2001,ROW,NM,ASW,WE,Towers with Radar,0,11,7,52,70,0,0,44,0,44,0,11,51,52,114,55,90,145,259
08/03/2001,ROW,NM,ASW,WE,Towers with Radar,1,14,16,49,80,0,0,47,41,88,1,14,63,90,168,58,62,120,288
08/04/2001,ROW,NM,ASW,WE,Towers with Radar,1,11,16,7,35,0,2,45,16,63,1,13,61,23,98,22,8,30,128
08/05/2001,ROW,NM,ASW,WE,Towers with Radar,0,9,6,13,28,0,0,40,7,47,0,9,46,20,75,24,4,28,103
08/06/2001,ROW,NM,ASW,WE,Towers with Radar,0,16,21,63,100,0,0,20,30,50,0,16,41,93,150,14,78,92,242
08/07/2001,ROW,NM,ASW,WE,Towers with Radar,0,16,11,72,99,0,0,28,0,28,0,16,39,72,127,40,48,88,215
08/08/2001,ROW,NM,ASW,WE,Towers with Radar,1,14,19,24,58,2,7,39,0,48,3,21,58,24,106,36,26,62,168
08/09/2001,ROW,NM,ASW,WE,Towers with Radar,0,17,15,18,50,2,23,37,0,62,2,40,52,18,112,44,48,92,204
08/10/2001,ROW,NM,ASW,WE,Towers with Radar,0,11,15,11,37,4,0,46,0,50,4,11,61,11,87,58,4,62,149
08/11/2001,ROW,NM,ASW,WE,Towers with Radar,0,3,2,7,12,0,10,40,3,53,0,13,42,10,65,10,0,10,75
08/12/2001,ROW,NM,ASW,WE,Towers with Radar,0,5,3,4,12,0,4,31,0,35,0,9,34,4,47,6,0,6,53
08/13/2001,ROW,NM,ASW,WE,Towers with Radar,0,16,7,18,41,0,0,29,0,29,0,16,36,18,70,22,18,40,110
08/14/2001,ROW,NM,ASW,WE,Towers with Radar,0,18,22,61,101,0,0,20,0,20,0,18,42,61,121,22,84,106,227
08/15/2001,ROW,NM,ASW,WE,Towers with Radar,0,15,25,73,113,0,4,23,0,27,0,19,48,73,140,2,32,34,174
08/16/2001,ROW,NM,ASW,WE,Towers with Radar,1,16,6,46,69,0,0,70,0,70,1,16,76,46,139,16,62,78,217
08/17/2001,ROW,NM,ASW,WE,Towers with Radar,0,13,12,16,41,0,5,35,0,40,0,18,47,16,81,16,32,48,129
08/18/2001,ROW,NM,ASW,WE,Towers with Radar,0,8,6,13,27,1,6,49,0,56,1,14,55,13,83,14,4,18,101
08/19/2001,ROW,NM,ASW,WE,Towers with Radar,0,7,7,12,26,0,0,38,4,42,0,7,45,16,68,4,2,6,74
08/20/2001,ROW,NM,ASW,WE,Towers with Radar,0,12,13,42,67,0,5,34,0,39,0,17,47,42,106,20,68,88,194
08/21/2001,ROW,NM,ASW,WE,Towers with Radar,0,18,21,18,57,0,5,34,0,39,0,23,55,18,96,98,18,116,212
08/22/2001,ROW,NM,ASW,WE,Towers with Radar,1,13,15,43,72,0,8,41,16,65,1,21,56,59,137,58,52,110,247
08/23/2001,ROW,NM,ASW,WE,Towers with Radar,1,17,18,54,90,0,3,32,0,35,1,20,50,54,125,50,26,76,201
08/24/2001,ROW,NM,ASW,WE,Towers with Radar,0,16,19,42,77,0,0,69,0,69,0,16,88,42,146,28,0,28,174
08/25/2001,ROW,NM,ASW,WE,Towers with Radar,0,4,4,0,8,1,9,61,0,71,1,13,65,0,79,50,0,50,129
08/26/2001,ROW,NM,ASW,WE,Towers with Radar,0,13,19,4,36,0,0,45,0,45,0,13,64,4,81,112,12,124,205
08/27/2001,ROW,NM,ASW,WE,Towers with Radar,0,15,21,53,89,0,0,11,0,11,0,15,32,53,100,30,32,62,162
08/28/2001,ROW,NM,ASW,WE,Towers with Radar,0,12,12,33,57,0,5,41,6,52,0,17,53,39,109,59,52,111,220
08/29/2001,ROW,NM,ASW,WE,Towers with Radar,0,16,15,45,76,0,1,30,2,33,0,17,45,47,109,32,40,72,181
08/30/2001,ROW,NM,ASW,WE,Towers with Radar,1,15,14,95,125,0,8,64,4,76,1,23,78,99,201,46,50,96,297
08/31/2001,ROW,NM,ASW,WE,Towers with Radar,0,24,23,62,109,1,2,51,0,54,1,26,74,62,163,48,82,130,293
09/01/2001,ROW,NM,ASW,WE,Towers with Radar,1,6,5,0,12,0,6,49,0,55,1,12,54,0,67,56,0,56,123
09/02/2001,ROW,NM,ASW,WE,Towers with Radar,1,7,9,8,25,0,0,24,7,31,1,7,33,15,56,18,10,28,84
09/03/2001,ROW,NM,ASW,WE,Towers with Radar,0,5,7,7,19,0,0,28,2,30,0,5,35,9,49,2,20,22,71
09/04/2001,ROW,NM,ASW,WE,Towers with Radar,0,12,20,65,97,0,0,38,56,94,0,12,58,121,191,29,46,75,266
09/05/2001,ROW,NM,ASW,WE,Towers with Radar,0,15,26,113,154,0,1,36,0,37,0,16,62,113,191,13,193,206,397
09/06/2001,ROW,NM,ASW,WE,Towers with Radar,0,20,15,79,114,0,0,47,0,47,0,20,62,79,161,14,94,108,269
09/07/2001,ROW,NM,ASW,WE,Towers with Radar,1,12,22,67,102,0,0,28,0,28,1,12,50,67,130,12,25,37,167
09/08/2001,ROW,NM,ASW,WE,Towers with Radar,1,8,7,26,42,0,7,61,3,71,1,15,68,29,113,8,24,32,145
09/09/2001,ROW,NM,ASW,WE,Towers with Radar,0,8,7,27,42,0,5,41,42,88,0,13,48,69,130,26,68,94,224
09/10/2001,ROW,NM,ASW,WE,Towers with Radar,0,16,15,41,72,0,0,21,0,21,0,16,36,41,93,23,70,93,186
09/11/2001,ROW,NM,ASW,WE,Towers with Radar,0,3,3,2,8,0,1,4,0,5,0,4,7,2,13,2,2,4,17
09/12/2001,ROW,NM,ASW,WE,Towers with Radar,0,3,2,2,7,0,1,0,0,1,0,4,2,2,8,0,0,0,8
09/13/2001,ROW,NM,ASW,WE,Towers with Radar,0,12,0,29,41,0,8,0,0,8,0,20,0,29,49,0,34,34,83
09/14/2001,ROW,NM,ASW,WE,Towers with Radar,0,24,11,28,63,0,1,0,0,1,0,25,11,28,64,0,22,22,86
09/15/2001,ROW,NM,ASW,WE,Towers with Radar,0,17,7,10,34,0,1,11,1,13,0,18,18,11,47,0,0,0,47
09/16/2001,ROW,NM,ASW,WE,Towers with Radar,1,9,14,0,24,0,7,4,0,11,1,16,18,0,35,4,0,4,39
09/17/2001,ROW,NM,ASW,WE,Towers with Radar,0,18,18,24,60,0,5,9,0,14,0,23,27,24,74,11,24,35,109
09/18/2001,ROW,NM,ASW,WE,Towers with Radar,0,25,18,74,117,0,4,0,0,4,0,29,18,74,121,0,106,106,227
09/19/2001,ROW,NM,ASW,WE,Towers with Radar,2,11,24,67,104,0,0,26,0,26,2,11,50,67,130,0,172,172,302
09/20/2001,ROW,NM,ASW,WE,Towers with Radar,1,17,23,51,92,0,0,18,0,18,1,17,41,51,110,0,68,68,178
09/21/2001,ROW,NM,ASW,WE,Towers with Radar,0,16,33,62,111,0,0,16,0,16,0,16,49,62,127,10,128,138,265
09/22/2001,ROW,NM,ASW,WE,Towers with Radar,2,9,6,1,18,0,0,20,3,23,2,9,26,4,41,0,4,4,45
09/23/2001,ROW,NM,ASW,WE,Towers with Radar,0,3,10,51,64,0,0,22,21,43,0,3,32,72,107,0,6,6,113
09/24/2001,ROW,NM,ASW,WE,Towers with Radar,1,22,21,48,92,0,1,2,0,3,1,23,23,48,95,4,122,126,221
09/25/2001,ROW,NM,ASW,WE,Towers with Radar,0,14,9,69,92,0,13,11,3,27,0,27,20,72,119,8,102,110,229
09/26/2001,ROW,NM,ASW,WE,Towers with Radar,1,14,3,31,49,0,12,35,0,47,1,26,38,31,96,52,44,96,192
09/27/2001,ROW,NM,ASW,WE,Towers with Radar,0,14,16,10,40,0,17,30,10,57,0,31,46,20,97,22,4,26,123
09/28/2001,ROW,NM,ASW,WE,Towers with Radar,1,16,11,9,37,1,15,29,5,50,2,31,40,14,87,14,2,16,103
09/29/2001,ROW,NM,ASW,WE,Towers with Radar,0,4,3,3,10,1,6,42,0,49,1,10,45,3,59,36,14,50,109
09/30/2001,ROW,NM,ASW,WE,Towers with Radar,0,3,3,0,6,0,5,65,0,70,0,8,68,0,76,12,0,12,88
10/01/2001,ROW,NM,ASW,WE,Towers with Radar,2,13,15,44,74,0,16,25,7,48,2,29,40,51,122,34,148,182,304
10/02/2001,ROW,NM,ASW,WE,Towers with Radar,2,14,22,45,83,2,0,18,0,20,4,14,40,45,103,18,76,94,197
10/03/2001,ROW,NM,ASW,WE,Towers with Radar,0,21,16,93,130,0,0,30,0,30,0,21,46,93,160,6,98,104,264
10/04/2001,ROW,NM,ASW,WE,Towers with Radar,0,18,20,63,101,0,1,47,6,54,0,19,67,69,155,10,90,100,255
10/05/2001,ROW,NM,ASW,WE,Towers with Radar,0,16,17,36,69,0,3,40,0,43,0,19,57,36,112,4,74,78,190
10/06/2001,ROW,NM,ASW,WE,Towers with Radar,0,5,5,0,10,0,5,48,0,53,0,10,53,0,63,18,0,18,81
10/07/2001,ROW,NM,ASW,WE,Towers with Radar,1,8,9,29,47,0,0,37,0,37,1,8,46,29,84,52,33,85,169
10/08/2001,ROW,NM,ASW,WE,Towers with Radar,0,5,5,2,12,0,12,37,0,49,0,17,42,2,61,38,0,38,99
10/09/2001,ROW,NM,ASW,WE,Towers with Radar,0,23,22,28,73,0,4,8,0,12,0,27,30,28,85,6,46,52,137
10/10/2001,ROW,NM,ASW,WE,Towers with Radar,2,14,23,76,115,0,0,28,0,28,2,14,51,76,143,10,82,92,235
10/11/2001,ROW,NM,ASW,WE,Towers with Radar,1,22,28,66,117,0,0,25,0,25,1,22,53,66,142,6,76,82,224
10/12/2001,ROW,NM,ASW,WE,Towers with Radar,2,15,15,45,77,1,13,60,0,74,3,28,75,45,151,40,52,92,243
10/13/2001,ROW,NM,ASW,WE,Towers with Radar,0,8,12,37,57,0,0,28,13,41,0,8,40,50,98,50,68,118,216
10/14/2001,ROW,NM,ASW,WE,Towers with Radar,0,7,14,46,67,0,0,7,35,42,0,7,21,81,109,8,64,72,181
10/15/2001,ROW,NM,ASW,WE,Towers with Radar,0,14,21,54,89,0,0,21,0,21,0,14,42,54,110,24,50,74,184
10/16/2001,ROW,NM,ASW,WE,Towers with Radar,1,15,16,28,60,2,9,18,0,29,3,24,34,28,89,10,70,80,169
10/17/2001,ROW,NM,ASW,WE,Towers with Radar,1,20,21,37,79,2,2,19,0,23,3,22,40,37,102,12,44,56,158
10/18/2001,ROW,NM,ASW,WE,Towers with Radar,4,14,30,43,91,0,4,37,13,54,4,18,67,56,145,50,20,70,215
10/19/2001,ROW,NM,ASW,WE,Towers with Radar,1,17,24,68,110,0,0,27,0,27,1,17,51,68,137,32,86,118,255
10/20/2001,ROW,NM,ASW,WE,Towers with Radar,0,8,9,26,43,1,1,51,0,53,1,9,60,26,96,6,54,60,156
10/21/2001,ROW,NM,ASW,WE,Towers with Radar,0,8,5,21,34,0,0,42,0,42,0,8,47,21,76,8,28,36,112
10/22/2001,ROW,NM,ASW,WE,Towers with Radar,1,14,8,15,38,0,10,20,0,30,1,24,28,15,68,8,38,46,114
10/23/2001,ROW,NM,ASW,WE,Towers with Radar,0,20,21,105,146,0,13,13,8,34,0,33,34,113,180,26,66,92,272
10/24/2001,ROW,NM,ASW,WE,Towers with Radar,1,17,19,62,99,1,0,22,8,31,2,17,41,70,130,30,88,118,248
10/25/2001,ROW,NM,ASW,WE,Towers with Radar,0,17,15,26,58,0,21,42,0,63,0,38,57,26,121,4,110,114,235
10/26/2001,ROW,NM,ASW,WE,Towers with Radar,1,21,25,25,72,0,2,18,0,20,1,23,43,25,92,8,40,48,140
10/27/2001,ROW,NM,ASW,WE,Towers with Radar,0,8,13,0,21,0,0,21,0,21,0,8,34,0,42,4,0,4,46
10/28/2001,ROW,NM,ASW,WE,Towers with Radar,0,4,11,5,20,0,0,44,4,48,0,4,55,9,68,22,8,30,98
10/29/2001,ROW,NM,ASW,WE,Towers with Radar,3,13,10,52,78,0,0,31,0,31,3,13,41,52,109,14,44,58,167
10/30/2001,ROW,NM,ASW,WE,Towers with Radar,0,22,5,19,46,0,0,39,0,39,0,22,44,19,85,0,58,58,143
10/31/2001,ROW,NM,ASW,WE,Towers with Radar,0,23,15,106,144,0,1,8,17,26,0,24,23,123,170,6,136,142,312
11/01/2001,ROW,NM,ASW,WE,Towers with Radar,0,20,17,41,78,0,2,38,16,56,0,22,55,57,134,82,40,122,256
11/02/2001,ROW,NM,ASW,WE,Towers with Radar,3,18,16,38,75,23,0,55,25,103,26,18,71,63,178,10,78,88,266
11/03/2001,ROW,NM,ASW,WE,Towers with Radar,1,6,7,8,22,25,0,52,0,77,26,6,59,8,99,46,6,52,151
11/04/2001,ROW,NM,ASW,WE,Towers with Radar,0,6,8,16,30,0,0,19,22,41,0,6,27,38,71,0,10,10,81
11/05/2001,ROW,NM,ASW,WE,Towers with Radar,1,22,14,47,84,21,2,15,3,41,22,24,29,50,125,4,94,98,223
11/06/2001,ROW,NM,ASW,WE,Towers with Radar,3,22,18,27,70,0,5,46,0,51,3,27,64,27,121,58,84,142,263
11/07/2001,ROW,NM,ASW,WE,Towers with Radar,0,13,13,34,60,0,14,40,0,54,0,27,53,34,114,116,38,154,268
11/08/2001,ROW,NM,ASW,WE,Towers with Radar,6,25,12,17,60,0,9,21,0,30,6,34,33,17,90,38,28,66,156
11/09/2001,ROW,NM,ASW,WE,Towers with Radar,5,17,15,37,74,4,4,24,18,50,9,21,39,55,124,124,38,162,286
11/10/2001,ROW,NM,ASW,WE,Towers with Radar,1,6,3,1,11,26,4,30,1,61,27,10,33,2,72,32,0,32,104
11/11/2001,ROW,NM,ASW,WE,Towers with Radar,0,4,9,11,24,0,0,28,0,28,0,4,37,11,52,0,0,0,52
11/12/2001,ROW,NM,ASW,WE,Towers with Radar,2,15,20,5,42,21,3,24,3,51,23,18,44,8,93,16,0,16,109
11/13/2001,ROW,NM,ASW,WE,Towers with Radar,2,22,33,43,100,0,0,1,0,1,2,22,34,43,101,0,32,32,133
11/14/2001,ROW,NM,ASW,WE,Towers with Radar,6,22,24,42,94,0,0,32,4,36,6,22,56,46,130,20,56,76,206
11/15/2001,ROW,NM,ASW,WE,Towers with Radar,2,28,12,31,73,1,4,23,0,28,3,32,35,31,101,0,12,12,113
11/16/2001,ROW,NM,ASW,WE,Towers with Radar,3,20,17,20,60,8,5,18,0,31,11,25,35,20,91,16,36,52,143
11/17/2001,ROW,NM,ASW,WE,Towers with Radar,1,5,5,1,12,2,4,34,0,40,3,9,39,1,52,44,4,48,100
11/18/2001,ROW,NM,ASW,WE,Towers with Radar,1,6,14,15,36,28,0,34,5,67,29,6,48,20,103,28,20,48,151
11/19/2001,ROW,NM,ASW,WE,Towers with Radar,1,23,9,49,82,0,0,21,0,21,1,23,30,49,103,0,52,52,155
11/20/2001,ROW,NM,ASW,WE,Towers with Radar,0,17,20,39,76,0,0,29,0,29,0,17,49,39,105,30,96,126,231
11/21/2001,ROW,NM,ASW,WE,Towers with Radar,2,21,24,42,89,0,0,32,0,32,2,21,56,42,121,38,22,60,181
11/22/2001,ROW,NM,ASW,WE,Towers with Radar,0,7,1,38,46,0,3,15,0,18,0,10,16,38,64,4,12,16,80
11/23/2001,ROW,NM,ASW,WE,Towers with Radar,0,17,5,15,37,0,0,21,7,28,0,17,26,22,65,0,14,14,79
11/24/2001,ROW,NM,ASW,WE,Towers with Radar,1,6,4,22,33,0,6,26,4,36,1,12,30,26,69,10,10,20,89
11/25/2001,ROW,NM,ASW,WE,Towers with Radar,0,19,11,24,54,0,9,22,1,32,0,28,33,25,86,6,16,22,108
11/26/2001,ROW,NM,ASW,WE,Towers with Radar,1,20,15,70,106,0,0,8,10,18,1,20,23,80,124,2,86,88,212
11/27/2001,ROW,NM,ASW,WE,Towers with Radar,0,18,27,82,127,0,0,5,2,7,0,18,32,84,134,10,46,56,190
11/28/2001,ROW,NM,ASW,WE,Towers with Radar,0,16,13,22,51,0,8,18,0,26,0,24,31,22,77,0,16,16,93
11/29/2001,ROW,NM,ASW,WE,Towers with Radar,0,25,20,43,88,0,0,23,0,23,0,25,43,43,111,24,18,42,153
11/30/2001,ROW,NM,ASW,WE,Towers with Radar,0,28,19,37,84,0,3,40,22,65,0,31,59,59,149,10,90,100,249
12/01/2001,ROW,NM,ASW,WE,Towers with Radar,0,7,24,11,42,0,9,47,0,56,0,16,71,11,98,59,16,75,173
12/02/2001,ROW,NM,ASW,WE,Towers with Radar,0,5,7,6,18,0,2,47,0,49,0,7,54,6,67,32,12,44,111
12/03/2001,ROW,NM,ASW,WE,Towers with Radar,0,15,20,35,70,0,0,15,0,15,0,15,35,35,85,0,40,40,125
12/04/2001,ROW,NM,ASW,WE,Towers with Radar,0,26,17,49,92,0,0,11,0,11,0,26,28,49,103,8,44,52,155
12/05/2001,ROW,NM,ASW,WE,Towers with Radar,0,17,24,88,129,0,0,21,0,21,0,17,45,88,150,8,62,70,220
12/06/2001,ROW,NM,ASW,WE,Towers with Radar,1,19,16,23,59,0,4,38,0,42,1,23,54,23,101,22,14,36,137
12/07/2001,ROW,NM,ASW,WE,Towers with Radar,0,17,9,33,59,0,6,43,0,49,0,23,52,33,108,22,20,42,150
12/08/2001,ROW,NM,ASW,WE,Towers with Radar,0,9,6,20,35,0,1,27,0,28,0,10,33,20,63,10,4,14,77
12/09/2001,ROW,NM,ASW,WE,Towers with Radar,0,5,3,29,37,0,2,39,5,46,0,7,42,34,83,46,12,58,141
12/10/2001,ROW,NM,ASW,WE,Towers with Radar,0,16,11,29,56,0,2,26,0,28,0,18,37,29,84,0,38,38,122
12/11/2001,ROW,NM,ASW,WE,Towers with Radar,0,21,9,32,62,0,1,35,0,36,0,22,44,32,98,0,46,46,144
12/12/2001,ROW,NM,ASW,WE,Towers with Radar,0,27,22,64,113,0,0,6,38,44,0,27,28,102,157,26,90,116,273
12/13/2001,ROW,NM,ASW,WE,Towers with Radar,1,17,25,60,103,0,0,25,0,25,1,17,50,60,128,4,56,60,188
12/14/2001,ROW,NM,ASW,WE,Towers with Radar,0,20,11,36,67,0,11,45,0,56,0,31,56,36,123,14,20,34,157
12/15/2001,ROW,NM,ASW,WE,Towers with Radar,0,6,4,2,12,0,7,19,0,26,0,13,23,2,38,12,0,12,50
12/16/2001,ROW,NM,ASW,WE,Towers with Radar,0,3,1,29,33,0,0,12,5,17,0,3,13,34,50,12,40,52,102
12/17/2001,ROW,NM,ASW,WE,Towers with Radar,0,23,16,52,91,0,0,7,0,7,0,23,23,52,98,0,76,76,174
12/18/2001,ROW,NM,ASW,WE,Towers with Radar,0,22,10,25,57,0,10,25,0,35,0,32,35,25,92,0,46,46,138
12/19/2001,ROW,NM,ASW,WE,Towers with Radar,0,16,14,27,57,0,14,9,0,23,0,30,23,27,80,0,32,32,112
12/20/2001,ROW,NM,ASW,WE,Towers with Radar,0,15,6,40,61,0,14,44,0,58,0,29,50,40,119,58,64,122,241
12/21/2001,ROW,NM,ASW,WE,Towers with Radar,0,15,16,6,37,0,12,17,4,33,0,27,33,10,70,10,0,10,80
12/22/2001,ROW,NM,ASW,WE,Towers with Radar,0,5,12,2,19,0,5,33,0,38,0,10,45,2,57,36,0,36,93
12/23/2001,ROW,NM,ASW,WE,Towers with Radar,4,3,1,2,10,0,4,47,0,51,4,7,48,2,61,12,0,12,73
12/24/2001,ROW,NM,ASW,WE,Towers with Radar,3,22,5,0,30,0,0,11,0,11,3,22,16,0,41,6,0,6,47
12/25/2001,ROW,NM,ASW,WE,Towers with Radar,0,0,2,0,2,0,0,12,0,12,0,0,14,0,14,2,0,2,16
12/26/2001,ROW,NM,ASW,WE,Towers with Radar,2,17,18,24,61,0,0,17,0,17,2,17,35,24,78,18,20,38,116
12/27/2001,ROW,NM,ASW,WE,Towers with Radar,2,19,14,22,57,0,12,11,0,23,2,31,25,22,80,2,14,16,96
12/28/2001,ROW,NM,ASW,WE,Towers with Radar,2,11,10,32,55,0,14,37,8,59,2,25,47,40,114,16,66,82,196
12/29/2001,ROW,NM,ASW,WE,Towers with Radar,4,10,1,0,15,0,7,24,0,31,4,17,25,0,46,0,0,0,46
12/30/2001,ROW,NM,ASW,WE,Towers with Radar,0,9,4,0,13,0,1,13,0,14,0,10,17,0,27,4,0,4,31
12/31/2001,ROW,NM,ASW,WE,Towers with Radar,1,13,9,0,23,0,5,11,0,16,1,18,20,0,39,0,0,0,39
01/01/2002,ROW,NM,ASW,WE,Towers with Radar,0,5,7,0,12,1,0,3,0,4,1,5,10,0,16,0,0,0,16
01/02/2002,ROW,NM,ASW,WE,Towers with Radar,0,18,14,30,62,0,24,19,0,43,0,42,33,30,105,0,20,20,125
01/03/2002,ROW,NM,ASW,WE,Towers with Radar,0,21,15,32,68,0,0,24,0,24,0,21,39,32,92,6,30,36,128
01/04/2002,ROW,NM,ASW,WE,Towers with Radar,0,20,47,40,107,0,4,0,0,4,0,24,47,40,111,16,50,66,177
01/05/2002,ROW,NM,ASW,WE,Towers with Radar,1,5,6,4,16,0,0,25,0,25,1,5,31,4,41,6,6,12,53
01/06/2002,ROW,NM,ASW,WE,Towers with Radar,1,7,3,10,21,0,0,20,10,30,1,7,23,20,51,2,4,6,57
01/07/2002,ROW,NM,ASW,WE,Towers with Radar,0,19,10,47,76,0,3,4,0,7,0,22,14,47,83,14,68,82,165
01/08/2002,ROW,NM,ASW,WE,Towers with Radar,0,14,14,49,77,0,9,23,0,32,0,23,37,49,109,50,40,90,199
01/09/2002,ROW,NM,ASW,WE,Towers with Radar,1,20,11,52,84,0,0,42,0,42,1,20,53,52,126,62,68,130,256
01/10/2002,ROW,NM,ASW,WE,Towers with Radar,2,24,17,57,100,0,1,16,0,17,2,25,33,57,117,0,144,144,261
01/11/2002,ROW,NM,ASW,WE,Towers with Radar,1,21,8,50,80,1,5,61,0,67,2,26,69,50,147,170,48,218,365
01/12/2002,ROW,NM,ASW,WE,Towers with Radar,0,7,4,14,25,0,0,41,9,50,0,7,45,23,75,40,16,56,131
01/13/2002,ROW,NM,ASW,WE,Towers with Radar,1,6,27,1,35,0,0,1,5,6,1,6,28,6,41,2,0,2,43
01/14/2002,ROW,NM,ASW,WE,Towers with Radar,1,17,7,33,58,0,2,17,0,19,1,19,24,33,77,0,44,44,121
01/15/2002,ROW,NM,ASW,WE,Towers with Radar,2,19,22,21,64,0,0,22,7,29,2,19,44,28,93,4,8,12,105
01/16/2002,ROW,NM,ASW,WE,Towers with Radar,0,20,12,32,64,0,0,15,3,18,0,20,27,35,82,0,14,14,96
01/17/2002,ROW,NM,ASW,WE,Towers with Radar,1,19,3,67,90,0,3,35,0,38,1,22,38,67,128,14,22,36,164
01/18/2002,ROW,NM,ASW,WE,Towers with Radar,2,20,26,50,98,1,0,4,0,5,3,20,30,50,103,32,26,58,161
01/19/2002,ROW,NM,ASW,WE,Towers with Radar,2,8,10,0,20,0,0,26,0,26,2,8,36,0,46,39,0,39,85
01/20/2002,ROW,NM,ASW,WE,Towers with Radar,0,9,7,22,38,0,0,8,0,8,0,9,15,22,46,2,4,6,52
01/21/2002,ROW,NM,ASW,WE,Towers with Radar,0,14,6,0,20,0,0,18,0,18,0,14,24,0,38,0,0,0,38
01/22/2002,ROW,NM,ASW,WE,Towers with Radar,1,17,11,55,84,6,12,18,0,36,7,29,29,55,120,12,98,110,230
01/23/2002,ROW,NM,ASW,WE,Towers with Radar,0,15,5,48,68,0,6,13,2,21,0,21,18,50,89,0,16,16,105
01/24/2002,ROW,NM,ASW,WE,Towers with Radar,2,17,15,86,120,0,1,15,0,16,2,18,30,86,136,0,148,148,284
01/25/2002,ROW,NM,ASW,WE,Towers with Radar,0,17,14,84,115,0,0,24,0,24,0,17,38,84,139,12,20,32,171
01/26/2002,ROW,NM,ASW,WE,Towers with Radar,0,19,3,23,45,1,3,28,0,32,1,22,31,23,77,6,22,28,105
01/27/2002,ROW,NM,ASW,WE,Towers with Radar,3,5,1,17,26,0,0,30,0,30,3,5,31,17,56,28,0,28,84
01/28/2002,ROW,NM,ASW,WE,Towers with Radar,1,16,4,91,112,0,0,16,0,16,1,16,20,91,128,0,82,82,210
01/29/2002,ROW,NM,ASW,WE,Towers with Radar,0,22,7,10,39,0,3,7,0,10,0,25,14,10,49,2,32,34,83
01/30/2002,ROW,NM,ASW,WE,Towers with Radar,1,17,14,31,63,0,4,6,0,10,1,21,20,31,73,0,46,46,119
01/31/2002,ROW,NM,ASW,WE,Towers with Radar,1,15,12,30,58,0,10,15,0,25,1,25,27,30,83,0,96,96,179
02/01/2002,ROW,NM,ASW,WE,Towers with Radar,0,18,14,19,51,0,8,18,0,26,0,26,32,19,77,2,86,88,165
02/02/2002,ROW,NM,ASW,WE,Towers with Radar,2,4,13,10,29,0,2,15,0,17,2,6,28,10,46,16,6,22,68
02/03/2002,ROW,NM,ASW,WE,Towers with Radar,0,7,4,7,18,0,1,8,0,9,0,8,12,7,27,6,18,24,51
02/04/2002,ROW,NM,ASW,WE,Towers with Radar,2,21,9,4,36,0,0,0,0,0,2,21,9,4,36,0,0,0,36
02/05/2002,ROW,NM,ASW,WE,Towers with Radar,0,22,16,51,89,0,0,6,3,9,0,22,22,54,98,0,62,62,160
02/06/2002,ROW,NM,ASW,WE,Towers with Radar,0,19,12,7,38,0,0,33,8,41,0,19,45,15,79,8,4,12,91
02/07/2002,ROW,NM,ASW,WE,Towers with Radar,1,24,18,14,57,3,0,6,0,9,4,24,24,14,66,0,28,28,94
02/08/2002,ROW,NM,ASW,WE,Towers with Radar,0,16,17,48,81,1,0,37,6,44,1,16,54,54,125,28,70,98,223
02/09/2002,ROW,NM,ASW,WE,Towers with Radar,0,10,2,14,26,0,3,16,0,19,0,13,18,14,45,0,0,0,45
02/10/2002,ROW,NM,ASW,WE,Towers with Radar,0,7,5,5,17,0,1,25,6,32,0,8,30,11,49,22,2,24,73
02/11/2002,ROW,NM,ASW,WE,Towers with Radar,0,18,19,8,45,0,3,6,0,9,0,21,25,8,54,8,2,10,64
02/12/2002,ROW,NM,ASW,WE,Towers with Radar,0,20,14,36,70,0,9,0,0,9,0,29,14,36,79,0,56,56,135
02/13/2002,ROW,NM,ASW,WE,Towers with Radar,0,17,11,59,87,0,5,30,0,35,0,22,41,59,122,30,86,116,238
02/14/2002,ROW,NM,ASW,WE,Towers with Radar,2,19,7,45,73,1,11,17,8,37,3,30,24,53,110,12,38,50,160
02/15/2002,ROW,NM,ASW,WE,Towers with Radar,1,24,11,27,63,0,0,36,4,40,1,24,47,31,103,68,30,98,201
02/16/2002,ROW,NM,ASW,WE,Towers with Radar,0,6,3,0,9,0,2,30,1,33,0,8,33,1,42,4,0,4,46
02/17/2002,ROW,NM,ASW,WE,Towers with Radar,0,8,6,0,14,0,0,11,4,15,0,8,17,4,29,0,0,0,29
02/18/2002,ROW,NM,ASW,WE,Towers with Radar,0,14,10,2,26,2,3,5,0,10,2,17,15,2,36,20,2,22,58
02/19/2002,ROW,NM,ASW,WE,Towers with Radar,0,16,4,40,60,0,9,17,12,38,0,25,21,52,98,0,32,32,130
02/20/2002,ROW,NM,ASW,WE,Towers with Radar,1,17,22,80,120,0,14,28,10,52,1,31,50,90,172,30,90,120,292
02/21/2002,ROW,NM,ASW,WE,Towers with Radar,2,24,15,52,93,0,4,16,0,20,2,28,31,52,113,0,30,30,143
02/22/2002,ROW,NM,ASW,WE,Towers with Radar,0,27,12,101,140,0,1,43,0,44,0,28,55,101,184,44,108,152,336
02/23/2002,ROW,NM,ASW,WE,Towers with Radar,0,6,12,0,18,0,1,47,0,48,0,7,59,0,66,22,0,22,88
02/24/2002,ROW,NM,ASW,WE,Towers with Radar,0,14,9,22,45,0,0,16,0,16,0,14,25,22,61,24,16,40,101
02/25/2002,ROW,NM,ASW,WE,Towers with Radar,0,19,0,28,47,0,0,17,0,17,0,19,17,28,64,30,40,70,134
02/26/2002,ROW,NM,ASW,WE,Towers with Radar,1,23,16,49,89,0,0,2,34,36,1,23,18,83,125,0,120,120,245
02/27/2002,ROW,NM,ASW,WE,Towers with Radar,1,21,22,39,83,1,10,15,18,44,2,31,37,57,127,32,4,36,163
02/28/2002,ROW,NM,ASW,WE,Towers with Radar,2,20,13,56,91,1,4,19,26,50,3,24,32,82,141,24,78,102,243
03/01/2002,ROW,NM,ASW,WE,Towers with Radar,2,32,22,145,201,0,9,7,0,16,2,41,29,145,217,0,70,70,287
03/02/2002,ROW,NM,ASW,WE,Towers with Radar,1,5,5,19,30,2,3,20,7,32,3,8,25,26,62,10,18,28,90
03/03/2002,ROW,NM,ASW,WE,Towers with Radar,0,7,6,25,38,0,0,36,19,55,0,7,42,44,93,4,12,16,109
03/04/2002,ROW,NM,ASW,WE,Towers with Radar,1,18,11,29,59,0,7,14,0,21,1,25,25,29,80,16,66,82,162
03/05/2002,ROW,NM,ASW,WE,Towers with Radar,0,20,19,33,72,0,5,10,12,27,0,25,29,45,99,4,48,52,151
03/06/2002,ROW,NM,ASW,WE,Towers with Radar,0,20,32,21,73,0,0,0,6,6,0,20,32,27,79,0,36,36,115
03/07/2002,ROW,NM,ASW,WE,Towers with Radar,3,20,13,90,126,0,13,21,0,34,3,33,34,90,160,6,144,150,310
03/08/2002,ROW,NM,ASW,WE,Towers with Radar,0,25,6,75,106,0,3,13,20,36,0,28,19,95,142,0,84,84,226
03/09/2002,ROW,NM,ASW,WE,Towers with Radar,0,7,13,26,46,0,3,17,0,20,0,10,30,26,66,24,18,42,108
03/10/2002,ROW,NM,ASW,WE,Towers with Radar,0,3,3,0,6,0,3,13,0,16,0,6,16,0,22,0,0,0,22
03/11/2002,ROW,NM,ASW,WE,Towers with Radar,0,18,11,57,86,0,7,14,0,21,0,25,25,57,107,0,64,64,171
03/12/2002,ROW,NM,ASW,WE,Towers with Radar,1,19,17,57,94,0,0,26,0,26,1,19,43,57,120,38,62,100,220
03/13/2002,ROW,NM,ASW,WE,Towers with Radar,2,18,15,93,128,0,0,31,4,35,2,18,46,97,163,22,100,122,285
03/14/2002,ROW,NM,ASW,WE,Towers with Radar,3,22,12,21,58,0,0,13,3,16,3,22,25,24,74,4,4,8,82
03/15/2002,ROW,NM,ASW,WE,Towers with Radar,0,21,2,83,106,0,10,34,0,44,0,31,36,83,150,40,50,90,240
03/16/2002,ROW,NM,ASW,WE,Towers with Radar,0,12,13,59,84,0,6,20,0,26,0,18,33,59,110,12,54,66,176
03/17/2002,ROW,NM,ASW,WE,Towers with Radar,0,8,10,42,60,0,0,19,60,79,0,8,29,102,139,4,38,42,181
03/18/2002,ROW,NM,ASW,WE,Towers with Radar,0,16,10,143,169,0,0,17,151,168,0,16,27,294,337,18,145,163,500
03/19/2002,ROW,NM,ASW,WE,Towers with Radar,0,20,11,14,45,0,3,7,6,16,0,23,18,20,61,0,2,2,63
03/20/2002,ROW,NM,ASW,WE,Towers with Radar,0,24,19,83,126,0,20,54,214,288,0,44,73,297,414,48,280,328,742
03/21/2002,ROW,NM,ASW,WE,Towers with Radar,1,37,35,161,234,2,0,19,10,31,3,37,54,171,265,4,106,110,375
03/22/2002,ROW,NM,ASW,WE,Towers with Radar,3,25,11,185,224,0,2,43,350,395,3,27,54,535,619,84,220,304,923
03/23/2002,ROW,NM,ASW,WE,Towers with Radar,0,4,4,17,25,1,0,45,16,62,1,4,49,33,87,20,136,156,243
03/24/2002,ROW,NM,ASW,WE,Towers with Radar,0,6,5,18,29,0,3,18,55,76,0,9,23,73,105,0,6,6,111
03/25/2002,ROW,NM,ASW,WE,Towers with Radar,0,26,10,94,130,0,0,31,97,128,0,26,41,191,258,27,94,121,379
03/26/2002,ROW,NM,ASW,WE,Towers with Radar,0,23,16,47,86,0,8,20,341,369,0,31,36,388,455,0,14,14,469
03/27/2002,ROW,NM,ASW,WE,Towers with Radar,0,24,7,58,89,0,1,27,255,283,0,25,34,313,372,20,76,96,468
03/28/2002,ROW,NM,ASW,WE,Towers with Radar,1,30,22,105,158,2,5,38,303,348,3,35,60,408,506,8,52,60,566
03/29/2002,ROW,NM,ASW,WE,Towers with Radar,1,17,28,53,99,2,16,20,184,222,3,33,48,237,321,24,82,106,427
03/30/2002,ROW,NM,ASW,WE,Towers with Radar,0,8,22,0,30,0,3,18,0,21,0,11,40,0,51,24,0,24,75
03/31/2002,ROW,NM,ASW,WE,Towers with Radar,0,4,3,0,7,0,2,50,0,52,0,6,53,0,59,36,0,36,95
04/01/2002,ROW,NM,ASW,WE,Towers with Radar,0,21,22,45,88,0,0,13,7,20,0,21,35,52,108,18,32,50,158
04/02/2002,ROW,NM,ASW,WE,Towers with Radar,0,28,17,52,97,0,5,4,0,9,0,33,21,52,106,0,74,74,180
04/03/2002,ROW,NM,ASW,WE,Towers with Radar,0,23,10,76,109,0,0,31,13,44,0,23,41,89,153,30,48,78,231
04/04/2002,ROW,NM,ASW,WE,Towers with Radar,2,30,17,126,175,0,5,62,0,67,2,35,79,126,242,14,48,62,304
04/05/2002,ROW,NM,ASW,WE,Towers with Radar,0,24,13,69,106,0,16,25,5,46,0,40,38,74,152,34,72,106,258
04/06/2002,ROW,NM,ASW,WE,Towers with Radar,1,17,13,0,31,0,2,14,2,18,1,19,27,2,49,26,0,26,75
04/07/2002,ROW,NM,ASW,WE,Towers with Radar,1,10,10,30,51,0,0,11,7,18,1,10,21,37,69,10,52,62,131
04/08/2002,ROW,NM,ASW,WE,Towers with Radar,1,19,10,63,93,0,0,31,0,31,1,19,41,63,124,46,78,124,248
04/09/2002,ROW,NM,ASW,WE,Towers with Radar,0,22,13,59,94,0,4,31,5,40,0,26,44,64,134,86,100,186,320
04/10/2002,ROW,NM,ASW,WE,Towers with Radar,0,24,19,63,106,0,0,23,12,35,0,24,42,75,141,31,116,147,288
04/11/2002,ROW,NM,ASW,WE,Towers with Radar,2,28,23,69,122,0,0,31,0,31,2,28,54,69,153,48,52,100,253
04/12/2002,ROW,NM,ASW,WE,Towers with Radar,1,17,13,14,45,1,17,35,0,53,2,34,48,14,98,8,10,18,116
04/13/2002,ROW,NM,ASW,WE,Towers with Radar,0,8,7,7,22,0,6,47,0,53,0,14,54,7,75,18,8,26,101
04/14/2002,ROW,NM,ASW,WE,Towers with Radar,0,8,7,16,31,0,2,49,1,52,0,10,56,17,83,48,50,98,181
04/15/2002,ROW,NM,ASW,WE,Towers with Radar,0,22,17,39,78,0,3,23,0,26,0,25,40,39,104,16,36,52,156
04/16/2002,ROW,NM,ASW,WE,Towers with Radar,1,26,20,54,101,0,6,25,0,31,1,32,45,54,132,29,28,57,189
04/17/2002,ROW,NM,ASW,WE,Towers with Radar,1,32,24,77,134,2,2,16,7,27,3,34,40,84,161,16,118,134,295
04/18/2002,ROW,NM,ASW,WE,Towers with Radar,1,25,19,60,105,5,7,54,78,144,6,32,73,138,249,100,66,166,415
04/19/2002,ROW,NM,ASW,WE,Towers with Radar,0,25,19,60,104,0,4,30,37,71,0,29,49,97,175,50,163,213,388
04/20/2002,ROW,NM,ASW,WE,Towers with Radar,0,9,7,2,18,0,0,32,0,32,0,9,39,2,50,22,0,22,72
04/21/2002,ROW,NM,ASW,WE,Towers with Radar,0,8,7,11,26,0,4,26,0,30,0,12,33,11,56,14,24,38,94
04/22/2002,ROW,NM,ASW,WE,Towers with Radar,0,21,22,68,111,0,0,20,0,20,0,21,42,68,131,40,70,110,241
04/23/2002,ROW,NM,ASW,WE,Towers with Radar,0,20,16,49,85,1,7,30,5,43,1,27,46,54,128,26,84,110,238
04/24/2002,ROW,NM,ASW,WE,Towers with Radar,1,22,17,53,93,1,10,27,15,53,2,32,44,68,146,24,20,44,190
04/25/2002,ROW,NM,ASW,WE,Towers with Radar,1,28,21,69,119,1,10,29,1,41,2,38,50,70,160,54,102,156,316
04/26/2002,ROW,NM,ASW,WE,Towers with Radar,0,24,17,34,75,0,7,33,0,40,0,31,50,34,115,10,12,22,137
04/27/2002,ROW,NM,ASW,WE,Towers with Radar,0,4,4,6,14,1,2,19,0,22,1,6,23,6,36,6,18,24,60
04/28/2002,ROW,NM,ASW,WE,Towers with Radar,0,12,10,27,49,0,0,23,5,28,0,12,33,32,77,8,12,20,97
04/29/2002,ROW,NM,ASW,WE,Towers with Radar,0,22,20,55,97,0,0,3,0,3,0,22,23,55,100,0,50,50,150
04/30/2002,ROW,NM,ASW,WE,Towers with Radar,0,20,16,48,84,0,4,24,8,36,0,24,40,56,120,24,30,54,174
05/01/2002,ROW,NM,ASW,WE,Towers with Radar,0,22,6,48,76,0,10,17,0,27,0,32,23,48,103,4,84,88,191
05/02/2002,ROW,NM,ASW,WE,Towers with Radar,4,31,17,96,148,0,0,82,10,92,4,31,99,106,240,4,45,49,289
05/03/2002,ROW,NM,ASW,WE,Towers with Radar,0,26,30,66,122,0,0,63,38,101,0,26,93,104,223,18,126,144,367
05/04/2002,ROW,NM,ASW,WE,Towers with Radar,1,5,18,36,60,0,8,25,0,33,1,13,43,36,93,112,140,252,345
05/05/2002,ROW,NM,ASW,WE,Towers with Radar,0,5,4,17,26,0,4,146,0,150,0,9,150,17,176,4,38,42,218
05/06/2002,ROW,NM,ASW,WE,Towers with Radar,0,20,20,23,63,0,1,5,0,6,0,21,25,23,69,40,54,94,163
05/07/2002,ROW,NM,ASW,WE,Towers with Radar,1,28,18,63,110,0,12,41,18,71,1,40,59,81,181,2,128,130,311
05/08/2002,ROW,NM,ASW,WE,Towers with Radar,2,28,18,49,97,0,5,31,0,36,2,33,49,49,133,22,41,63,196
05/09/2002,ROW,NM,ASW,WE,Towers with Radar,2,33,21,77,133,10,0,26,28,64,12,33,47,105,197,18,168,186,383
05/10/2002,ROW,NM,ASW,WE,Towers with Radar,4,33,16,40,93,6,0,16,0,22,10,33,32,40,115,0,56,56,171
05/11/2002,ROW,NM,ASW,WE,Towers with Radar,0,4,6,4,14,9,12,54,0,75,9,16,60,4,89,24,0,24,113
05/12/2002,ROW,NM,ASW,WE,Towers with Radar,0,7,2,12,21,0,0,27,0,27,0,7,29,12,48,14,0,14,62
05/13/2002,ROW,NM,ASW,WE,Towers with Radar,0,22,11,27,60,0,0,35,0,35,0,22,46,27,95,50,62,112,207
05/14/2002,ROW,NM,ASW,WE,Towers with Radar,0,25,10,62,97,0,6,20,59,85,0,31,30,121,182,18,108,126,308
05/15/2002,ROW,NM,ASW,WE,Towers with Radar,1,22,13,44,80,0,7,33,0,40,1,29,46,44,120,24,18,42,162
05/16/2002,ROW,NM,ASW,WE,Towers with Radar,2,27,14,57,100,0,3,45,2,50,2,30,59,59,150,74,71,145,295
05/17/2002,ROW,NM,ASW,WE,Towers with Radar,1,31,17,136,185,0,13,37,27,77,1,44,54,163,262,0,214,214,476
05/18/2002,ROW,NM,ASW,WE,Towers with Radar,0,6,17,13,36,0,2,39,15,56,0,8,56,28,92,6,12,18,110
05/19/2002,ROW,NM,ASW,WE,Towers with Radar,0,4,5,34,43,0,0,21,7,28,0,4,26,41,71,6,66,72,143
05/20/2002,ROW,NM,ASW,WE,Towers with Radar,0,14,7,29,50,0,8,31,2,41,0,22,38,31,91,22,14,36,127
05/21/2002,ROW,NM,ASW,WE,Towers with Radar,1,23,8,14,46,0,6,18,0,24,1,29,26,14,70,12,4,16,86
05/22/2002,ROW,NM,ASW,WE,Towers with Radar,0,28,9,18,55,0,0,51,0,51,0,28,60,18,106,40,2,42,148
05/23/2002,ROW,NM,ASW,WE,Towers with Radar,2,23,15,54,94,0,10,43,0,53,2,33,58,54,147,62,94,156,303
05/24/2002,ROW,NM,ASW,WE,Towers with Radar,0,19,11,41,71,0,7,38,10,55,0,26,49,51,126,30,16,46,172
05/25/2002,ROW,NM,ASW,WE,Towers with Radar,0,6,2,0,8,0,7,48,0,55,0,13,50,0,63,18,0,18,81
05/26/2002,ROW,NM,ASW,WE,Towers with Radar,0,5,7,2,14,0,0,16,0,16,0,5,23,2,30,8,0,8,38
05/27/2002,ROW,NM,ASW,WE,Towers with Radar,0,8,18,0,26,0,0,20,0,20,0,8,38,0,46,30,0,30,76
05/28/2002,ROW,NM,ASW,WE,Towers with Radar,0,27,19,70,116,0,0,29,52,81,0,27,48,122,197,69,16,85,282
05/29/2002,ROW,NM,ASW,WE,Towers with Radar,0,24,21,91,136,0,7,39,0,46,0,31,60,91,182,50,84,134,316
05/30/2002,ROW,NM,ASW,WE,Towers with Radar,2,32,28,35,97,0,0,54,0,54,2,32,82,35,151,36,18,54,205
05/31/2002,ROW,NM,ASW,WE,Towers with Radar,0,25,9,41,75,0,1,40,6,47,0,26,49,47,122,6,54,60,182
06/01/2002,ROW,NM,ASW,WE,Towers with Radar,0,3,1,9,13,0,4,47,8,59,0,7,48,17,72,42,28,70,142
06/02/2002,ROW,NM,ASW,WE,Towers with Radar,0,8,19,4,31,0,0,14,0,14,0,8,33,4,45,58,12,70,115
06/03/2002,ROW,NM,ASW,WE,Towers with Radar,0,26,22,50,98,0,0,13,0,13,0,26,35,50,111,0,64,64,175
06/04/2002,ROW,NM,ASW,WE,Towers with Radar,1,27,26,17,71,0,9,23,6,38,1,36,49,23,109,18,16,34,143
06/05/2002,ROW,NM,ASW,WE,Towers with Radar,0,24,14,49,87,0,3,112,8,123,0,27,126,57,210,18,94,112,322
06/06/2002,ROW,NM,ASW,WE,Towers with Radar,2,24,9,78,113,0,8,59,9,76,2,32,68,87,189,72,96,168,357
06/07/2002,ROW,NM,ASW,WE,Towers with Radar,2,29,18,29,78,0,8,83,0,91,2,37,101,29,169,83,19,102,271
06/08/2002,ROW,NM,ASW,WE,Towers with Radar,0,4,1,7,12,0,4,51,0,55,0,8,52,7,67,60,6,66,133
06/09/2002,ROW,NM,ASW,WE,Towers with Radar,0,6,3,12,21,2,2,22,11,37,2,8,25,23,58,20,94,114,172
06/10/2002,ROW,NM,ASW,WE,Towers with Radar,0,15,20,87,122,0,0,26,0,26,0,15,46,87,148,18,34,52,200
06/11/2002,ROW,NM,ASW,WE,Towers with Radar,0,19,35,92,146,0,5,54,0,59,0,24,89,92,205,48,46,94,299
06/12/2002,ROW,NM,ASW,WE,Towers with Radar,0,18,26,40,84,0,0,30,9,39,0,18,56,49,123,2,56,58,181
06/13/2002,ROW,NM,ASW,WE,Towers with Radar,1,28,22,22,73,1,0,36,0,37,2,28,58,22,110,22,18,40,150
06/14/2002,ROW,NM,ASW,WE,Towers with Radar,1,37,47,36,121,0,1,20,11,32,1,38,67,47,153,32,56,88,241
06/15/2002,ROW,NM,ASW,WE,Towers with Radar,0,10,11,1,22,4,0,45,9,58,4,10,56,10,80,12,10,22,102
06/16/2002,ROW,NM,ASW,WE,Towers with Radar,0,11,0,4,15,0,1,82,3,86,0,12,82,7,101,6,4,10,111
06/17/2002,ROW,NM,ASW,WE,Towers with Radar,0,21,15,42,78,0,6,42,8,56,0,27,57,50,134,108,18,126,260
06/18/2002,ROW,NM,ASW,WE,Towers with Radar,0,17,22,73,112,0,23,36,2,61,0,40,58,75,173,44,66,110,283
06/19/2002,ROW,NM,ASW,WE,Towers with Radar,0,25,19,53,97,0,0,26,37,63,0,25,45,90,160,32,86,118,278
06/20/2002,ROW,NM,ASW,WE,Towers with Radar,1,30,22,42,95,2,2,30,0,34,3,32,52,42,129,46,14,60,189
06/21/2002,ROW,NM,ASW,WE,Towers with Radar,1,20,7,24,52,0,2,53,11,66,1,22,60,35,118,42,62,104,222
06/22/2002,ROW,NM,ASW,WE,Towers with Radar,0,10,2,0,12,0,4,58,0,62,0,14,60,0,74,48,0,48,122
06/23/2002,ROW,NM,ASW,WE,Towers with Radar,0,8,5,0,13,0,0,37,0,37,0,8,42,0,50,2,0,2,52
06/24/2002,ROW,NM,ASW,WE,Towers with Radar,0,22,10,49,81,0,13,58,9,80,0,35,68,58,161,38,68,106,267
06/25/2002,ROW,NM,ASW,WE,Towers with Radar,0,30,27,60,117,0,6,33,13,52,0,36,60,73,169,106,108,214,383
06/26/2002,ROW,NM,ASW,WE,Towers with Radar,1,22,13,44,80,0,3,38,17,58,1,25,51,61,138,34,64,98,236
06/27/2002,ROW,NM,ASW,WE,Towers with Radar,1,28,21,57,107,3,0,29,11,43,4,28,50,68,150,30,68,98,248
06/28/2002,ROW,NM,ASW,WE,Towers with Radar,0,22,7,72,101,0,15,50,0,65,0,37,57,72,166,36,35,71,237
06/29/2002,ROW,NM,ASW,WE,Towers with Radar,1,5,34,2,42,0,9,40,3,52,1,14,74,5,94,16,0,16,110
06/30/2002,ROW,NM,ASW,WE,Towers with Radar,0,4,0,35,39,0,1,29,0,30,0,5,29,35,69,0,2,2,71
07/01/2002,ROW,NM,ASW,WE,Towers with Radar,0,19,26,61,106,0,0,25,9,34,0,19,51,70,140,10,40,50,190
07/02/2002,ROW,NM,ASW,WE,Towers with Radar,0,27,12,77,116,0,2,25,3,30,0,29,37,80,146,26,38,64,210
07/03/2002,ROW,NM,ASW,WE,Towers with Radar,0,24,18,29,71,0,14,13,0,27,0,38,31,29,98,6,50,56,154
07/04/2002,ROW,NM,ASW,WE,Towers with Radar,1,7,6,1,15,1,12,42,0,55,2,19,48,1,70,18,0,18,88
07/05/2002,ROW,NM,ASW,WE,Towers with Radar,0,19,14,2,35,0,5,32,3,40,0,24,46,5,75,56,0,56,131
07/06/2002,ROW,NM,ASW,WE,Towers with Radar,0,9,13,1,23,0,7,37,1,45,0,16,50,2,68,38,0,38,106
07/07/2002,ROW,NM,ASW,WE,Towers with Radar,0,8,19,0,27,0,0,26,0,26,0,8,45,0,53,0,0,0,53
07/08/2002,ROW,NM,ASW,WE,Towers with Radar,1,21,11,50,83,0,0,23,2,25,1,21,34,52,108,36,32,68,176
07/09/2002,ROW,NM,ASW,WE,Towers with Radar,0,30,27,54,111,0,9,7,31,47,0,39,34,85,158,0,68,68,226
07/10/2002,ROW,NM,ASW,WE,Towers with Radar,0,15,15,65,95,0,9,17,10,36,0,24,32,75,131,44,38,82,213
07/11/2002,ROW,NM,ASW,WE,Towers with Radar,2,26,17,53,98,0,10,34,0,44,2,36,51,53,142,12,58,70,212
07/12/2002,ROW,NM,ASW,WE,Towers with Radar,0,26,21,40,87,0,2,41,0,43,0,28,62,40,130,87,0,87,217
07/13/2002,ROW,NM,ASW,WE,Towers with Radar,0,9,8,5,22,0,1,31,2,34,0,10,39,7,56,74,0,74,130
07/14/2002,ROW,NM,ASW,WE,Towers with Radar,0,9,3,15,27,0,7,38,1,46,0,16,41,16,73,58,4,62,135
07/15/2002,ROW,NM,ASW,WE,Towers with Radar,0,15,10,46,71,0,6,16,0,22,0,21,26,46,93,0,14,14,107
07/16/2002,ROW,NM,ASW,WE,Towers with Radar,0,22,21,39,82,3,5,18,16,42,3,27,39,55,124,36,38,74,198
07/17/2002,ROW,NM,ASW,WE,Towers with Radar,0,27,24,22,73,0,7,23,0,30,0,34,47,22,103,8,0,8,111
07/18/2002,ROW,NM,ASW,WE,Towers with Radar,0,23,23,24,70,11,6,20,0,37,11,29,43,24,107,22,42,64,171
07/19/2002,ROW,NM,ASW,WE,Towers with Radar,1,26,29,53,109,0,0,34,0,34,1,26,63,53,143,42,52,94,237
07/20/2002,ROW,NM,ASW,WE,Towers with Radar,0,12,11,3,26,0,0,45,0,45,0,12,56,3,71,90,0,90,161
07/21/2002,ROW,NM,ASW,WE,Towers with Radar,0,7,6,6,19,0,2,30,0,32,0,9,36,6,51,78,8,86,137
07/22/2002,ROW,NM,ASW,WE,Towers with Radar,0,21,11,41,73,0,0,11,0,11,0,21,22,41,84,10,32,42,126
07/23/2002,ROW,NM,ASW,WE,Towers with Radar,0,21,36,46,103,0,4,26,10,40,0,25,62,56,143,90,92,182,325
07/24/2002,ROW,NM,ASW,WE,Towers with Radar,1,29,13,18,61,0,0,28,0,28,1,29,41,18,89,38,8,46,135
07/25/2002,ROW,NM,ASW,WE,Towers with Radar,2,24,16,62,104,0,7,46,0,53,2,31,62,62,157,28,118,146,303
07/26/2002,ROW,NM,ASW,WE,Towers with Radar,0,29,32,46,107,0,0,7,0,7,0,29,39,46,114,49,46,95,209
07/27/2002,ROW,NM,ASW,WE,Towers with Radar,0,7,7,0,14,0,13,63,0,76,0,20,70,0,90,36,0,36,126
07/28/2002,ROW,NM,ASW,WE,Towers with Radar,0,11,26,2,39,0,2,18,0,20,0,13,44,2,59,44,0,44,103
07/29/2002,ROW,NM,ASW,WE,Towers with Radar,3,18,41,22,84,0,0,12,1,13,3,18,53,23,97,57,48,105,202
07/30/2002,ROW,NM,ASW,WE,Towers with Radar,0,26,30,40,96,0,7,11,2,20,0,33,41,42,116,32,67,99,215
07/31/2002,ROW,NM,ASW,WE,Towers with Radar,0,24,10,52,86,0,7,37,0,44,0,31,47,52,130,22,78,100,230
08/01/2002,ROW,NM,ASW,WE,Towers with Radar,1,26,13,28,68,0,4,71,0,75,1,30,84,28,143,30,44,74,217
08/02/2002,ROW,NM,ASW,WE,Towers with Radar,1,24,13,11,49,0,0,13,11,24,1,24,26,22,73,10,36,46,119
08/03/2002,ROW,NM,ASW,WE,Towers with Radar,0,19,11,0,30,0,0,50,0,50,0,19,61,0,80,40,0,40,120
08/04/2002,ROW,NM,ASW,WE,Towers with Radar,1,9,16,0,26,0,0,41,0,41,1,9,57,0,67,2,0,2,69
08/05/2002,ROW,NM,ASW,WE,Towers with Radar,0,17,27,27,71,0,0,33,1,34,0,17,60,28,105,44,26,70,175
08/06/2002,ROW,NM,ASW,WE,Towers with Radar,0,21,24,48,93,0,0,3,0,3,0,21,27,48,96,2,86,88,184
08/07/2002,ROW,NM,ASW,WE,Towers with Radar,0,31,37,40,108,0,5,19,4,28,0,36,56,44,136,8,66,74,210
08/08/2002,ROW,NM,ASW,WE,Towers with Radar,1,25,24,46,96,0,13,48,12,73,1,38,72,58,169,90,152,242,411
08/09/2002,ROW,NM,ASW,WE,Towers with Radar,3,30,20,71,124,0,3,20,0,23,3,33,40,71,147,20,157,177,324
08/10/2002,ROW,NM,ASW,WE,Towers with Radar,0,11,2,0,13,0,2,46,0,48,0,13,48,0,61,58,0,58,119
08/11/2002,ROW,NM,ASW,WE,Towers with Radar,0,10,35,0,45,0,0,3,0,3,0,10,38,0,48,10,0,10,58
08/12/2002,ROW,NM,ASW,WE,Towers with Radar,0,27,27,47,101,0,0,27,0,27,0,27,54,47,128,52,42,94,222
08/13/2002,ROW,NM,ASW,WE,Towers with Radar,1,31,35,48,115,0,5,35,1,41,1,36,70,49,156,2,76,78,234
08/14/2002,ROW,NM,ASW,WE,Towers with Radar,0,29,17,21,67,0,1,60,0,61,0,30,77,21,128,42,17,59,187
08/15/2002,ROW,NM,ASW,WE,Towers with Radar,0,32,20,41,93,0,8,37,12,57,0,40,57,53,150,76,56,132,282
08/16/2002,ROW,NM,ASW,WE,Towers with Radar,1,32,15,41,89,0,6,48,0,54,1,38,63,41,143,52,58,110,253
08/17/2002,ROW,NM,ASW,WE,Towers with Radar,0,13,6,0,19,0,0,44,0,44,0,13,50,0,63,94,0,94,157
08/18/2002,ROW,NM,ASW,WE,Towers with Radar,0,10,7,7,24,0,0,36,0,36,0,10,43,7,60,6,6,12,72
08/19/2002,ROW,NM,ASW,WE,Towers with Radar,1,27,12,18,58,0,6,39,67,112,1,33,51,85,170,80,26,106,276
08/20/2002,ROW,NM,ASW,WE,Towers with Radar,0,26,17,33,76,10,9,26,31,76,10,35,43,64,152,70,70,140,292
08/21/2002,ROW,NM,ASW,WE,Towers with Radar,1,28,21,41,91,25,0,20,0,45,26,28,41,41,136,38,28,66,202
08/22/2002,ROW,NM,ASW,WE,Towers with Radar,1,27,3,8,39,21,10,78,16,125,22,37,81,24,164,123,44,167,331
08/23/2002,ROW,NM,ASW,WE,Towers with Radar,1,34,21,79,135,0,12,59,0,71,1,46,80,79,206,20,40,60,266
08/24/2002,ROW,NM,ASW,WE,Towers with Radar,4,12,10,19,45,0,4,43,0,47,4,16,53,19,92,98,6,104,196
08/25/2002,ROW,NM,ASW,WE,Towers with Radar,0,7,7,16,30,0,4,29,0,33,0,11,36,16,63,24,6,30,93
08/26/2002,ROW,NM,ASW,WE,Towers with Radar,0,19,17,64,100,0,0,13,0,13,0,19,30,64,113,4,68,72,185
08/27/2002,ROW,NM,ASW,WE,Towers with Radar,0,28,17,54,99,0,3,41,0,44,0,31,58,54,143,46,42,88,231
08/28/2002,ROW,NM,ASW,WE,Towers with Radar,0,22,7,10,39,0,5,74,22,101,0,27,81,32,140,66,40,106,246
08/29/2002,ROW,NM,ASW,WE,Towers with Radar,0,33,23,34,90,0,14,43,0,57,0,47,66,34,147,64,52,116,263
08/30/2002,ROW,NM,ASW,WE,Towers with Radar,0,23,16,29,68,1,7,49,3,60,1,30,65,32,128,80,2,82,210
08/31/2002,ROW,NM,ASW,WE,Towers with Radar,0,13,0,0,13,0,12,61,0,73,0,25,61,0,86,54,0,54,140
09/01/2002,ROW,NM,ASW,WE,Towers with Radar,0,5,12,0,17,0,0,28,0,28,0,5,40,0,45,64,0,64,109
09/02/2002,ROW,NM,ASW,WE,Towers with Radar,0,9,22,0,31,0,1,41,0,42,0,10,63,0,73,76,0,76,149
09/03/2002,ROW,NM,ASW,WE,Towers with Radar,1,13,13,72,99,0,10,21,34,65,1,23,34,106,164,26,104,130,294
09/04/2002,ROW,NM,ASW,WE,Towers with Radar,1,23,13,61,98,0,17,36,5,58,1,40,49,66,156,88,40,128,284
09/05/2002,ROW,NM,ASW,WE,Towers with Radar,1,24,8,38,71,0,8,63,0,71,1,32,71,38,142,20,24,44,186
09/06/2002,ROW,NM,ASW,WE,Towers with Radar,2,26,9,83,120,0,5,60,0,65,2,31,69,83,185,60,140,200,385
09/07/2002,ROW,NM,ASW,WE,Towers with Radar,2,16,15,23,56,0,0,36,17,53,2,16,51,40,109,106,34,140,249
09/08/2002,ROW,NM,ASW,WE,Towers with Radar,0,11,6,12,29,0,6,110,3,119,0,17,116,15,148,46,4,50,198
09/09/2002,ROW,NM,ASW,WE,Towers with Radar,0,19,11,108,138,0,0,51,0,51,0,19,62,108,189,54,74,128,317
09/10/2002,ROW,NM,ASW,WE,Towers with Radar,0,23,20,36,79,4,13,56,0,73,4,36,76,36,152,50,12,62,214
09/11/2002,ROW,NM,ASW,WE,Towers with Radar,0,22,20,51,93,0,13,40,0,53,0,35,60,51,146,44,36,80,226
09/12/2002,ROW,NM,ASW,WE,Towers with Radar,0,26,24,65,115,0,1,53,0,54,0,27,77,65,169,51,94,145,314
09/13/2002,ROW,NM,ASW,WE,Towers with Radar,0,26,24,55,105,0,11,28,0,39,0,37,52,55,144,76,34,110,254
09/14/2002,ROW,NM,ASW,WE,Towers with Radar,0,14,13,37,64,0,0,31,7,38,0,14,44,44,102,22,20,42,144
09/15/2002,ROW,NM,ASW,WE,Towers with Radar,0,7,7,21,35,0,2,33,1,36,0,9,40,22,71,18,14,32,103
09/16/2002,ROW,NM,ASW,WE,Towers with Radar,0,21,23,70,114,0,0,54,3,57,0,21,77,73,171,141,95,236,407
09/17/2002,ROW,NM,ASW,WE,Towers with Radar,0,23,20,56,99,0,1,29,0,30,0,24,49,56,129,66,39,105,234
09/18/2002,ROW,NM,ASW,WE,Towers with Radar,0,25,23,69,117,0,5,34,21,60,0,30,57,90,177,102,90,192,369
09/19/2002,ROW,NM,ASW,WE,Towers with Radar,0,36,40,124,200,1,0,45,50,96,1,36,85,174,296,60,172,232,528
09/20/2002,ROW,NM,ASW,WE,Towers with Radar,0,28,36,98,162,2,0,62,0,64,2,28,98,98,226,30,192,222,448
09/21/2002,ROW,NM,ASW,WE,Towers with Radar,0,11,10,29,50,0,10,93,31,134,0,21,103,60,184,206,94,300,484
09/22/2002,ROW,NM,ASW,WE,Towers with Radar,0,7,6,11,24,0,2,33,0,35,0,9,39,11,59,86,0,86,145
09/23/2002,ROW,NM,ASW,WE,Towers with Radar,0,18,17,51,86,0,8,21,0,29,0,26,38,51,115,72,22,94,209
09/24/2002,ROW,NM,ASW,WE,Towers with Radar,0,24,25,76,125,0,0,25,11,36,0,24,50,87,161,128,152,280,441
09/25/2002,ROW,NM,ASW,WE,Towers with Radar,0,28,25,77,130,0,3,30,42,75,0,31,55,119,205,76,114,190,395
09/26/2002,ROW,NM,ASW,WE,Towers with Radar,0,29,29,90,148,0,0,50,6,56,0,29,79,96,204,124,90,214,418
09/27/2002,ROW,NM,ASW,WE,Towers with Radar,0,27,25,21,73,1,5,87,0,93,1,32,112,21,166,76,6,82,248
09/28/2002,ROW,NM,ASW,WE,Towers with Radar,0,5,5,0,10,0,11,57,0,68,0,16,62,0,78,36,0,36,114
09/29/2002,ROW,NM,ASW,WE,Towers with Radar,0,7,8,3,18,0,3,30,0,33,0,10,38,3,51,40,0,40,91
09/30/2002,ROW,NM,ASW,WE,Towers with Radar,0,18,17,29,64,0,6,61,0,67,0,24,78,29,131,50,82,132,263
10/01/2002,ROW,NM,ASW,WE,Towers with Radar,0,18,15,52,85,0,9,47,38,94,0,27,62,90,179,56,92,148,327
10/02/2002,ROW,NM,ASW,WE,Towers with Radar,0,25,27,58,110,0,0,45,0,45,0,25,72,58,155,36,82,118,273
10/03/2002,ROW,NM,ASW,WE,Towers with Radar,0,30,30,103,163,0,0,60,8,68,0,30,90,111,231,6,134,140,371
10/04/2002,ROW,NM,ASW,WE,Towers with Radar,0,34,41,142,217,0,0,70,58,128,0,34,111,200,345,84,220,304,649
10/05/2002,ROW,NM,ASW,WE,Towers with Radar,0,8,8,7,23,0,0,35,0,35,0,8,43,7,58,120,54,174,232
10/06/2002,ROW,NM,ASW,WE,Towers with Radar,0,10,7,24,41,0,3,34,9,46,0,13,41,33,87,0,28,28,115
10/07/2002,ROW,NM,ASW,WE,Towers with Radar,0,17,14,32,63,0,13,29,0,42,0,30,43,32,105,22,56,78,183
10/08/2002,ROW,NM,ASW,WE,Towers with Radar,0,22,18,27,67,0,15,25,0,40,0,37,43,27,107,0,12,12,119
10/09/2002,ROW,NM,ASW,WE,Towers with Radar,0,27,30,93,150,0,0,14,0,14,0,27,44,93,164,62,156,218,382
10/10/2002,ROW,NM,ASW,WE,Towers with Radar,0,42,35,65,142,1,10,17,0,28,1,52,52,65,170,26,86,112,282
10/11/2002,ROW,NM,ASW,WE,Towers with Radar,0,32,27,62,121,0,11,46,0,57,0,43,73,62,178,47,84,131,309
10/12/2002,ROW,NM,ASW,WE,Towers with Radar,0,5,5,0,10,0,4,40,0,44,0,9,45,0,54,12,0,12,66
10/13/2002,ROW,NM,ASW,WE,Towers with Radar,0,5,5,5,15,0,5,20,0,25,0,10,25,5,40,16,0,16,56
10/14/2002,ROW,NM,ASW,WE,Towers with Radar,0,8,7,6,21,0,5,37,0,42,0,13,44,6,63,38,0,38,101
10/15/2002,ROW,NM,ASW,WE,Towers with Radar,0,25,22,41,88,0,9,28,0,37,0,34,50,41,125,30,87,117,242
10/16/2002,ROW,NM,ASW,WE,Towers with Radar,0,22,22,74,118,0,0,31,34,65,0,22,53,108,183,12,68,80,263
10/17/2002,ROW,NM,ASW,WE,Towers with Radar,0,24,23,44,91,0,0,36,0,36,0,24,59,44,127,35,56,91,218
10/18/2002,ROW,NM,ASW,WE,Towers with Radar,0,27,22,20,69,1,7,27,0,35,1,34,49,20,104,30,16,46,150
10/19/2002,ROW,NM,ASW,WE,Towers with Radar,0,9,7,23,39,0,3,37,2,42,0,12,44,25,81,0,0,0,81
10/20/2002,ROW,NM,ASW,WE,Towers with Radar,0,4,4,2,10,0,6,40,0,46,0,10,44,2,56,36,0,36,92
10/21/2002,ROW,NM,ASW,WE,Towers with Radar,0,21,13,50,84,0,7,26,0,33,0,28,39,50,117,4,74,78,195
10/22/2002,ROW,NM,ASW,WE,Towers with Radar,0,30,29,99,158,0,0,29,66,95,0,30,58,165,253,30,144,174,427
10/23/2002,ROW,NM,ASW,WE,Towers with Radar,0,30,27,17,74,0,0,0,0,0,0,30,27,17,74,8,2,10,84
10/24/2002,ROW,NM,ASW,WE,Towers with Radar,0,16,13,24,53,0,10,10,0,20,0,26,23,24,73,0,2,2,75
10/25/2002,ROW,NM,ASW,WE,Towers with Radar,0,27,25,101,153,0,10,30,0,40,0,37,55,101,193,22,6,28,221
10/26/2002,ROW,NM,ASW,WE,Towers with Radar,0,4,2,0,6,1,8,0,0,9,1,12,2,0,15,0,0,0,15
10/27/2002,ROW,NM,ASW,WE,Towers with Radar,0,6,2,4,12,0,0,0,0,0,0,6,2,4,12,0,0,0,12
10/28/2002,ROW,NM,ASW,WE,Towers with Radar,0,19,11,52,82,2,7,14,7,30,2,26,25,59,112,36,58,94,206
10/29/2002,ROW,NM,ASW,WE,Towers with Radar,0,18,16,56,90,0,8,26,19,53,0,26,42,75,143,90,18,108,251
10/30/2002,ROW,NM,ASW,WE,Towers with Radar,0,24,18,103,145,0,0,22,0,22,0,24,40,103,167,4,104,108,275
10/31/2002,ROW,NM,ASW,WE,Towers with Radar,3,24,23,77,127,0,6,6,0,12,3,30,29,77,139,26,32,58,197
11/01/2002,ROW,NM,ASW,WE,Towers with Radar,0,28,13,89,130,0,7,29,0,36,0,35,42,89,166,0,10,10,176
11/02/2002,ROW,NM,ASW,WE,Towers with Radar,0,8,7,4,19,0,3,4,0,7,0,11,11,4,26,0,0,0,26
11/03/2002,ROW,NM,ASW,WE,Towers with Radar,0,6,11,0,17,0,0,4,0,4,0,6,15,0,21,4,0,4,25
11/04/2002,ROW,NM,ASW,WE,Towers with Radar,1,19,17,38,75,2,0,0,13,15,3,19,17,51,90,4,14,18,108
11/05/2002,ROW,NM,ASW,WE,Towers with Radar,1,20,23,88,132,0,0,35,0,35,1,20,58,88,167,52,62,114,281
11/06/2002,ROW,NM,ASW,WE,Towers with Radar,0,22,16,38,76,0,8,48,0,56,0,30,64,38,132,66,24,90,222
11/07/2002,ROW,NM,ASW,WE,Towers with Radar,0,27,17,50,94,0,6,28,0,34,0,33,45,50,128,62,34,96,224
11/08/2002,ROW,NM,ASW,WE,Towers with Radar,0,20,18,30,68,0,8,38,2,48,0,28,56,32,116,22,68,90,206
11/09/2002,ROW,NM,ASW,WE,Towers with Radar,0,13,7,0,20,0,1,25,1,27,0,14,32,1,47,14,0,14,61
11/10/2002,ROW,NM,ASW,WE,Towers with Radar,0,5,5,0,10,0,0,6,0,6,0,5,11,0,16,0,0,0,16
11/11/2002,ROW,NM,ASW,WE,Towers with Radar,0,16,21,4,41,0,3,17,9,29,0,19,38,13,70,26,54,80,150
11/12/2002,ROW,NM,ASW,WE,Towers with Radar,0,30,26,35,91,2,16,38,0,56,2,46,64,35,147,75,89,164,311
11/13/2002,ROW,NM,ASW,WE,Towers with Radar,1,21,30,44,96,0,19,27,0,46,1,40,57,44,142,28,46,74,216
11/14/2002,ROW,NM,ASW,WE,Towers with Radar,0,34,36,63,133,0,0,70,0,70,0,34,106,63,203,96,132,228,431
11/15/2002,ROW,NM,ASW,WE,Towers with Radar,0,27,22,36,85,0,2,30,0,32,0,29,52,36,117,50,76,126,243
11/16/2002,ROW,NM,ASW,WE,Towers with Radar,0,15,5,26,46,0,1,71,1,73,0,16,76,27,119,98,22,120,239
11/17/2002,ROW,NM,ASW,WE,Towers with Radar,0,6,28,17,51,0,5,30,0,35,0,11,58,17,86,54,22,76,162
11/18/2002,ROW,NM,ASW,WE,Towers with Radar,1,18,15,9,43,2,11,39,0,52,3,29,54,9,95,47,6,53,148
11/19/2002,ROW,NM,ASW,WE,Towers with Radar,0,19,17,22,58,2,5,100,0,107,2,24,117,22,165,112,8,120,285
11/20/2002,ROW,NM,ASW,WE,Towers with Radar,1,29,33,2,65,0,1,75,0,76,1,30,108,2,141,48,42,90,231
11/21/2002,ROW,NM,ASW,WE,Towers with Radar,0,23,20,24,67,0,9,90,0,99,0,32,110,24,166,100,18,118,284
11/22/2002,ROW,NM,ASW,WE,Towers with Radar,0,29,26,34,89,0,0,78,0,78,0,29,104,34,167,79,14,93,260
11/23/2002,ROW,NM,ASW,WE,Towers with Radar,0,10,10,0,20,1,0,68,0,69,1,10,78,0,89,172,0,172,261
11/24/2002,ROW,NM,ASW,WE,Towers with Radar,0,7,6,11,24,0,0,46,2,48,0,7,52,13,72,30,36,66,138
11/25/2002,ROW,NM,ASW,WE,Towers with Radar,0,20,9,50,79,0,0,47,7,54,0,20,56,57,133,146,78,224,357
11/26/2002,ROW,NM,ASW,WE,Towers with Radar,0,35,31,36,102,0,3,27,0,30,0,38,58,36,132,60,30,90,222
11/27/2002,ROW,NM,ASW,WE,Towers with Radar,0,22,20,18,60,0,8,30,0,38,0,30,50,18,98,24,18,42,140
11/28/2002,ROW,NM,ASW,WE,Towers with Radar,0,5,1,0,6,0,9,16,2,27,0,14,17,2,33,2,0,2,35
11/29/2002,ROW,NM,ASW,WE,Towers with Radar,0,22,3,5,30,0,0,26,0,26,0,22,29,5,56,12,8,20,76
11/30/2002,ROW,NM,ASW,WE,Towers with Radar,0,7,4,0,11,0,5,24,0,29,0,12,28,0,40,30,0,30,70
12/01/2002,ROW,NM,ASW,WE,Towers with Radar,1,10,5,0,16,0,4,24,0,28,1,14,29,0,44,4,0,4,48
12/02/2002,ROW,NM,ASW,WE,Towers with Radar,0,21,28,31,80,0,12,36,5,53,0,33,64,36,133,58,64,122,255
12/03/2002,ROW,NM,ASW,WE,Towers with Radar,3,34,15,0,52,0,3,6,0,9,3,37,21,0,61,0,0,0,61
12/04/2002,ROW,NM,ASW,WE,Towers with Radar,3,27,14,8,52,0,0,35,0,35,3,27,49,8,87,32,0,32,119
12/05/2002,ROW,NM,ASW,WE,Towers with Radar,0,30,15,24,69,0,4,12,0,16,0,34,27,24,85,4,4,8,93
12/06/2002,ROW,NM,ASW,WE,Towers with Radar,0,31,35,6,72,0,6,23,0,29,0,37,58,6,101,6,0,6,107
12/07/2002,ROW,NM,ASW,WE,Towers with Radar,0,8,7,0,15,0,0,21,0,21,0,8,28,0,36,16,0,16,52
12/08/2002,ROW,NM,ASW,WE,Towers with Radar,0,8,6,0,14,0,0,0,0,0,0,8,6,0,14,0,0,0,14
12/09/2002,ROW,NM,ASW,WE,Towers with Radar,0,18,8,43,69,0,0,34,0,34,0,18,42,43,103,44,88,132,235
12/10/2002,ROW,NM,ASW,WE,Towers with Radar,0,26,14,24,64,0,5,47,16,68,0,31,61,40,132,32,46,78,210
12/11/2002,ROW,NM,ASW,WE,Towers with Radar,1,23,18,17,59,0,9,25,0,34,1,32,43,17,93,0,60,60,153
12/12/2002,ROW,NM,ASW,WE,Towers with Radar,1,28,16,33,78,0,4,41,15,60,1,32,57,48,138,62,56,118,256
12/13/2002,ROW,NM,ASW,WE,Towers with Radar,1,30,40,50,121,0,4,24,0,28,1,34,64,50,149,38,32,70,219
12/14/2002,ROW,NM,ASW,WE,Towers with Radar,1,8,11,0,20,0,8,58,0,66,1,16,69,0,86,96,0,96,182
12/15/2002,ROW,NM,ASW,WE,Towers with Radar,0,7,0,7,14,0,1,46,3,50,0,8,46,10,64,18,24,42,106
12/16/2002,ROW,NM,ASW,WE,Towers with Radar,0,21,4,32,57,0,2,57,3,62,0,23,61,35,119,41,48,89,208
12/17/2002,ROW,NM,ASW,WE,Towers with Radar,4,26,9,20,59,0,8,17,0,25,4,34,26,20,84,38,20,58,142
12/18/2002,ROW,NM,ASW,WE,Towers with Radar,0,20,15,27,62,0,0,28,25,53,0,20,43,52,115,22,24,46,161
12/19/2002,ROW,NM,ASW,WE,Towers with Radar,0,28,7,69,104,0,8,33,10,51,0,36,40,79,155,38,106,144,299
12/20/2002,ROW,NM,ASW,WE,Towers with Radar,0,25,8,41,74,0,17,34,3,54,0,42,42,44,128,72,36,108,236
12/21/2002,ROW,NM,ASW,WE,Towers with Radar,1,6,2,2,11,0,13,35,0,48,1,19,37,2,59,50,0,50,109
12/22/2002,ROW,NM,ASW,WE,Towers with Radar,0,5,5,0,10,0,3,23,0,26,0,8,28,0,36,10,0,10,46
12/23/2002,ROW,NM,ASW,WE,Towers with Radar,0,7,5,0,12,0,11,10,0,21,0,18,15,0,33,6,0,6,39
12/24/2002,ROW,NM,ASW,WE,Towers with Radar,0,21,3,0,24,0,0,12,0,12,0,21,15,0,36,0,0,0,36
12/25/2002,ROW,NM,ASW,WE,Towers with Radar,0,6,1,0,7,0,0,0,0,0,0,6,1,0,7,0,0,0,7
12/26/2002,ROW,NM,ASW,WE,Towers with Radar,1,19,7,0,27,0,22,43,0,65,1,41,50,0,92,16,0,16,108
12/27/2002,ROW,NM,ASW,WE,Towers with Radar,1,23,6,4,34,0,12,27,0,39,1,35,33,4,73,4,0,4,77
12/28/2002,ROW,NM,ASW,WE,Towers with Radar,0,7,3,0,10,0,6,23,0,29,0,13,26,0,39,40,0,40,79
12/29/2002,ROW,NM,ASW,WE,Towers with Radar,0,4,3,0,7,0,8,32,0,40,0,12,35,0,47,10,0,10,57
12/30/2002,ROW,NM,ASW,WE,Towers with Radar,0,21,11,28,60,0,3,0,0,3,0,24,11,28,63,0,76,76,139
12/31/2002,ROW,NM,ASW,WE,Towers with Radar,0,8,4,6,18,1,14,37,0,52,1,22,41,6,70,44,18,62,132
01/01/2003,ROW,NM,ASW,WE,Towers with Radar,0,7,4,0,11,0,0,7,0,7,0,7,11,0,18,0,0,0,18
01/02/2003,ROW,NM,ASW,WE,Towers with Radar,1,20,9,18,48,0,12,24,0,36,1,32,33,18,84,28,16,44,128
01/03/2003,ROW,NM,ASW,WE,Towers with Radar,1,28,19,90,138,0,2,14,0,16,1,30,33,90,154,34,166,200,354
01/04/2003,ROW,NM,ASW,WE,Towers with Radar,0,11,4,64,79,0,5,43,4,52,0,16,47,68,131,38,12,50,181
01/05/2003,ROW,NM,ASW,WE,Towers with Radar,0,12,16,8,36,0,0,15,0,15,0,12,31,8,51,42,0,42,93
01/06/2003,ROW,NM,ASW,WE,Towers with Radar,0,23,6,23,52,0,1,13,0,14,0,24,19,23,66,14,32,46,112
01/07/2003,ROW,NM,ASW,WE,Towers with Radar,1,21,13,37,72,0,10,19,0,29,1,31,32,37,101,4,16,20,121
01/08/2003,ROW,NM,ASW,WE,Towers with Radar,4,24,29,44,101,0,8,25,0,33,4,32,54,44,134,38,14,52,186
01/09/2003,ROW,NM,ASW,WE,Towers with Radar,1,19,13,58,91,0,6,18,0,24,1,25,31,58,115,10,46,56,171
01/10/2003,ROW,NM,ASW,WE,Towers with Radar,0,24,23,32,79,0,0,46,9,55,0,24,69,41,134,44,12,56,190
01/11/2003,ROW,NM,ASW,WE,Towers with Radar,0,6,31,14,51,0,9,28,0,37,0,15,59,14,88,24,2,26,114
01/12/2003,ROW,NM,ASW,WE,Towers with Radar,1,6,17,15,39,0,1,19,0,20,1,7,36,15,59,10,18,28,87
01/13/2003,ROW,NM,ASW,WE,Towers with Radar,0,22,26,33,81,0,0,0,0,0,0,22,26,33,81,0,56,56,137
01/14/2003,ROW,NM,ASW,WE,Towers with Radar,0,16,10,39,65,0,11,39,6,56,0,27,49,45,121,32,90,122,243
01/15/2003,ROW,NM,ASW,WE,Towers with Radar,3,18,25,39,85,0,22,21,0,43,3,40,46,39,128,4,50,54,182
01/16/2003,ROW,NM,ASW,WE,Towers with Radar,1,23,28,33,85,0,0,10,0,10,1,23,38,33,95,0,40,40,135
01/17/2003,ROW,NM,ASW,WE,Towers with Radar,1,24,16,102,143,0,6,32,0,38,1,30,48,102,181,34,72,106,287
01/18/2003,ROW,NM,ASW,WE,Towers with Radar,0,5,6,6,17,1,8,36,0,45,1,13,42,6,62,16,6,22,84
01/19/2003,ROW,NM,ASW,WE,Towers with Radar,0,6,6,10,22,1,1,12,0,14,1,7,18,10,36,17,2,19,55
01/20/2003,ROW,NM,ASW,WE,Towers with Radar,0,8,8,9,25,0,9,18,0,27,0,17,26,9,52,0,24,24,76
01/21/2003,ROW,NM,ASW,WE,Towers with Radar,0,14,14,35,63,1,10,17,6,34,1,24,31,41,97,0,42,42,139
01/22/2003,ROW,NM,ASW,WE,Towers with Radar,1,16,16,42,75,0,4,12,0,16,1,20,28,42,91,14,12,26,117
01/23/2003,ROW,NM,ASW,WE,Towers with Radar,1,22,5,52,80,0,3,33,0,36,1,25,38,52,116,4,48,52,168
01/24/2003,ROW,NM,ASW,WE,Towers with Radar,0,0,0,0,0,0,0,0,0,0,0,0,0,0,0,0,0,0,0
01/25/2003,ROW,NM,ASW,WE,Towers with Radar,0,4,5,10,19,0,6,39,1,46,0,10,44,11,65,24,0,24,89
01/26/2003,ROW,NM,ASW,WE,Towers with Radar,0,4,4,8,16,1,0,29,4,34,1,4,33,12,50,50,2,52,102
01/27/2003,ROW,NM,ASW,WE,Towers with Radar,1,19,25,58,103,1,1,18,0,20,2,20,43,58,123,8,46,54,177
01/28/2003,ROW,NM,ASW,WE,Towers with Radar,0,18,16,42,76,0,0,41,0,41,0,18,57,42,117,48,48,96,213
01/29/2003,ROW,NM,ASW,WE,Towers with Radar,0,18,17,46,81,1,7,1,14,23,1,25,18,60,104,0,64,64,168
01/30/2003,ROW,NM,ASW,WE,Towers with Radar,1,18,7,47,73,0,8,29,0,37,1,26,36,47,110,8,48,56,166
01/31/2003,ROW,NM,ASW,WE,Towers with Radar,0,18,28,30,76,0,11,9,0,20,0,29,37,30,96,12,44,56,152
02/01/2003,ROW,NM,ASW,WE,Towers with Radar,0,7,6,0,13,0,8,30,0,38,0,15,36,0,51,6,0,6,57
02/02/2003,ROW,NM,ASW,WE,Towers with Radar,1,7,6,11,25,20,0,7,0,27,21,7,13,11,52,0,4,4,56
02/03/2003,ROW,NM,ASW,WE,Towers with Radar,1,19,8,52,80,0,5,4,0,9,1,24,12,52,89,6,16,22,111
02/04/2003,ROW,NM,ASW,WE,Towers with Radar,0,21,9,23,53,0,4,8,2,14,0,25,17,25,67,21,17,38,105
02/05/2003,ROW,NM,ASW,WE,Towers with Radar,1,19,16,57,93,0,0,19,9,28,1,19,35,66,121,26,72,98,219
02/06/2003,ROW,NM,ASW,WE,Towers with Radar,0,21,18,70,109,0,0,0,50,50,0,21,18,120,159,0,130,130,289
02/07/2003,ROW,NM,ASW,WE,Towers with Radar,0,17,6,35,58,4,16,0,0,20,4,33,6,35,78,9,9,18,96
02/08/2003,ROW,NM,ASW,WE,Towers with Radar,0,8,5,22,35,2,8,13,1,24,2,16,18,23,59,35,28,63,122
02/09/2003,ROW,NM,ASW,WE,Towers with Radar,0,8,5,22,35,0,5,18,13,36,0,13,23,35,71,2,22,24,95
02/10/2003,ROW,NM,ASW,WE,Towers with Radar,0,17,15,33,65,0,2,9,3,14,0,19,24,36,79,22,54,76,155
02/11/2003,ROW,NM,ASW,WE,Towers with Radar,1,19,8,47,75,0,2,35,0,37,1,21,43,47,112,60,94,154,266
02/12/2003,ROW,NM,ASW,WE,Towers with Radar,1,19,11,26,57,0,9,16,0,25,1,28,27,26,82,2,76,78,160
02/13/2003,ROW,NM,ASW,WE,Towers with Radar,1,23,16,40,80,4,0,3,0,7,5,23,19,40,87,22,32,54,141
02/14/2003,ROW,NM,ASW,WE,Towers with Radar,0,29,27,104,160,0,0,2,13,15,0,29,29,117,175,24,84,108,283
02/15/2003,ROW,NM,ASW,WE,Towers with Radar,0,10,2,1,13,0,1,0,0,1,0,11,2,1,14,30,0,30,44
02/16/2003,ROW,NM,ASW,WE,Towers with Radar,1,6,9,14,30,0,0,19,3,22,1,6,28,17,52,22,0,22,74
02/17/2003,ROW,NM,ASW,WE,Towers with Radar,0,9,19,0,28,0,4,6,0,10,0,13,25,0,38,6,0,6,44
02/18/2003,ROW,NM,ASW,WE,Towers with Radar,0,24,11,21,56,0,0,1,1,2,0,24,12,22,58,0,24,24,82
02/19/2003,ROW,NM,ASW,WE,Towers with Radar,0,23,4,84,111,0,5,18,0,23,0,28,22,84,134,5,78,83,217
02/20/2003,ROW,NM,ASW,WE,Towers with Radar,2,24,8,8,42,0,0,0,0,0,2,24,8,8,42,0,0,0,42
02/21/2003,ROW,NM,ASW,WE,Towers with Radar,2,24,9,57,92,0,2,13,0,15,2,26,22,57,107,20,2,22,129
02/22/2003,ROW,NM,ASW,WE,Towers with Radar,0,8,26,27,61,0,3,12,1,16,0,11,38,28,77,24,84,108,185
02/23/2003,ROW,NM,ASW,WE,Towers with Radar,0,7,6,21,34,0,6,16,15,37,0,13,22,36,71,20,16,36,107
02/24/2003,ROW,NM,ASW,WE,Towers with Radar,1,14,7,32,54,0,0,3,0,3,1,14,10,32,57,0,92,92,149
02/25/2003,ROW,NM,ASW,WE,Towers with Radar,0,22,14,101,137,0,0,0,0,0,0,22,14,101,137,0,84,84,221
02/26/2003,ROW,NM,ASW,WE,Towers with Radar,2,19,8,102,131,0,9,14,0,23,2,28,22,102,154,0,10,10,164
02/27/2003,ROW,NM,ASW,WE,Towers with Radar,0,18,6,19,43,0,6,16,0,22,0,24,22,19,65,34,22,56,121
02/28/2003,ROW,NM,ASW,WE,Towers with Radar,0,23,14,53,90,0,4,18,0,22,0,27,32,53,112,30,84,114,226
03/01/2003,ROW,NM,ASW,WE,Towers with Radar,0,6,21,1,28,0,3,8,0,11,0,9,29,1,39,16,0,16,55
03/02/2003,ROW,NM,ASW,WE,Towers with Radar,0,5,3,4,12,0,2,8,0,10,0,7,11,4,22,16,0,16,38
03/03/2003,ROW,NM,ASW,WE,Towers with Radar,1,17,8,49,75,0,5,28,0,33,1,22,36,49,108,39,86,125,233
03/04/2003,ROW,NM,ASW,WE,Towers with Radar,0,22,14,62,98,0,3,3,5,11,0,25,17,67,109,26,38,64,173
03/05/2003,ROW,NM,ASW,WE,Towers with Radar,0,27,13,84,124,0,1,23,0,24,0,28,36,84,148,20,42,62,210
03/06/2003,ROW,NM,ASW,WE,Towers with Radar,0,25,12,41,78,0,3,41,7,51,0,28,53,48,129,6,28,34,163
03/07/2003,ROW,NM,ASW,WE,Towers with Radar,2,20,8,100,130,0,7,35,0,42,2,27,43,100,172,30,50,80,252
03/08/2003,ROW,NM,ASW,WE,Towers with Radar,0,7,10,43,60,0,0,9,54,63,0,7,19,97,123,4,106,110,233
03/09/2003,ROW,NM,ASW,WE,Towers with Radar,0,6,4,21,31,0,0,27,0,27,0,6,31,21,58,0,5,5,63
03/10/2003,ROW,NM,ASW,WE,Towers with Radar,0,20,6,47,73,0,4,26,4,34,0,24,32,51,107,20,30,50,157
03/11/2003,ROW,NM,ASW,WE,Towers with Radar,0,25,19,83,127,0,0,14,18,32,0,25,33,101,159,0,130,130,289
03/12/2003,ROW,NM,ASW,WE,Towers with Radar,1,21,12,81,115,0,9,28,0,37,1,30,40,81,152,28,68,96,248
03/13/2003,ROW,NM,ASW,WE,Towers with Radar,1,22,18,52,93,1,0,33,0,34,2,22,51,52,127,81,64,145,272
03/14/2003,ROW,NM,ASW,WE,Towers with Radar,0,17,6,67,90,0,4,18,0,22,0,21,24,67,112,17,42,59,171
03/15/2003,ROW,NM,ASW,WE,Towers with Radar,0,4,5,0,9,0,6,28,0,34,0,10,33,0,43,26,0,26,69
03/16/2003,ROW,NM,ASW,WE,Towers with Radar,0,4,3,0,7,0,0,16,0,16,0,4,19,0,23,6,0,6,29
03/17/2003,ROW,NM,ASW,WE,Towers with Radar,0,17,3,12,32,0,0,15,0,15,0,17,18,12,47,0,12,12,59
03/18/2003,ROW,NM,ASW,WE,Towers with Radar,0,25,13,36,74,0,0,23,0,23,0,25,36,36,97,4,22,26,123
03/19/2003,ROW,NM,ASW,WE,Towers with Radar,1,22,17,22,62,0,0,8,0,8,1,22,25,22,70,10,8,18,88
03/20/2003,ROW,NM,ASW,WE,Towers with Radar,1,26,15,19,61,0,8,59,0,67,1,34,74,19,128,8,26,34,162
03/21/2003,ROW,NM,ASW,WE,Towers with Radar,0,23,12,22,57,0,5,9,0,14,0,28,21,22,71,8,0,8,79
03/22/2003,ROW,NM,ASW,WE,Towers with Radar,0,5,4,0,9,0,7,18,0,25,0,12,22,0,34,14,0,14,48
03/23/2003,ROW,NM,ASW,WE,Towers with Radar,0,8,7,6,21,0,0,22,0,22,0,8,29,6,43,0,0,0,43
03/24/2003,ROW,NM,ASW,WE,Towers with Radar,2,13,11,49,75,0,2,14,0,16,2,15,25,49,91,4,25,29,120
03/25/2003,ROW,NM,ASW,WE,Towers with Radar,0,19,11,39,69,0,5,9,0,14,0,24,20,39,83,2,32,34,117
03/26/2003,ROW,NM,ASW,WE,Towers with Radar,0,17,8,64,89,0,17,33,0,50,0,34,41,64,139,16,88,104,243
03/27/2003,ROW,NM,ASW,WE,Towers with Radar,0,14,4,48,66,0,14,21,3,38,0,28,25,51,104,22,36,58,162
03/28/2003,ROW,NM,ASW,WE,Towers with Radar,1,27,15,27,70,0,8,22,7,37,1,35,37,34,107,10,74,84,191
03/29/2003,ROW,NM,ASW,WE,Towers with Radar,0,5,6,8,19,0,3,64,0,67,0,8,70,8,86,12,0,12,98
03/30/2003,ROW,NM,ASW,WE,Towers with Radar,0,5,11,4,20,0,4,21,0,25,0,9,32,4,45,16,0,16,61
03/31/2003,ROW,NM,ASW,WE,Towers with Radar,0,24,12,42,78,0,0,25,0,25,0,24,37,42,103,13,67,80,183
04/01/2003,ROW,NM,ASW,WE,Towers with Radar,0,19,8,31,58,0,8,14,0,22,0,27,22,31,80,0,34,34,114
04/02/2003,ROW,NM,ASW,WE,Towers with Radar,1,20,7,60,88,0,7,18,0,25,1,27,25,60,113,28,114,142,255
04/03/2003,ROW,NM,ASW,WE,Towers with Radar,0,24,5,79,108,0,5,14,0,19,0,29,19,79,127,0,42,42,169
04/04/2003,ROW,NM,ASW,WE,Towers with Radar,0,17,17,34,68,0,15,28,8,51,0,32,45,42,119,8,56,64,183
04/05/2003,ROW,NM,ASW,WE,Towers with Radar,0,22,9,34,65,0,5,79,0,84,0,27,88,34,149,10,6,16,165
04/06/2003,ROW,NM,ASW,WE,Towers with Radar,0,6,10,25,41,0,2,16,0,18,0,8,26,25,59,10,16,26,85
04/07/2003,ROW,NM,ASW,WE,Towers with Radar,0,18,9,53,80,0,6,31,7,44,0,24,40,60,124,58,32,90,214
04/08/2003,ROW,NM,ASW,WE,Towers with Radar,0,23,11,58,92,0,11,38,0,49,0,34,49,58,141,38,48,86,227
04/09/2003,ROW,NM,ASW,WE,Towers with Radar,0,24,8,89,121,0,6,17,0,23,0,30,25,89,144,40,54,94,238
04/10/2003,ROW,NM,ASW,WE,Towers with Radar,0,21,8,71,100,0,9,49,0,58,0,30,57,71,158,68,66,134,292
04/11/2003,ROW,NM,ASW,WE,Towers with Radar,0,38,13,42,93,0,1,42,0,43,0,39,55,42,136,30,40,70,206
04/12/2003,ROW,NM,ASW,WE,Towers with Radar,0,8,8,0,16,0,4,19,0,23,0,12,27,0,39,12,0,12,51
04/13/2003,ROW,NM,ASW,WE,Towers with Radar,0,7,2,12,21,0,0,31,0,31,0,7,33,12,52,16,0,16,68
04/14/2003,ROW,NM,ASW,WE,Towers with Radar,0,16,24,39,79,0,2,8,5,15,0,18,32,44,94,20,34,54,148
04/15/2003,ROW,NM,ASW,WE,Towers with Radar,1,25,6,22,54,0,13,0,0,13,1,38,6,22,67,1,28,29,96
04/16/2003,ROW,NM,ASW,WE,Towers with Radar,0,21,10,33,64,0,4,16,0,20,0,25,26,33,84,6,56,62,146
04/17/2003,ROW,NM,ASW,WE,Towers with Radar,0,21,15,77,113,0,6,2,3,11,0,27,17,80,124,14,55,69,193
04/18/2003,ROW,NM,ASW,WE,Towers with Radar,1,22,4,29,56,0,2,16,0,18,1,24,20,29,74,6,10,16,90
04/19/2003,ROW,NM,ASW,WE,Towers with Radar,0,10,6,0,16,0,6,21,0,27,0,16,27,0,43,0,0,0,43
04/20/2003,ROW,NM,ASW,WE,Towers with Radar,0,5,4,0,9,0,0,58,0,58,0,5,62,0,67,4,0,4,71
04/21/2003,ROW,NM,ASW,WE,Towers with Radar,0,19,11,48,78,0,1,19,0,20,0,20,30,48,98,4,106,110,208
04/22/2003,ROW,NM,ASW,WE,Towers with Radar,0,26,11,80,117,0,2,23,5,30,0,28,34,85,147,18,65,83,230
04/23/2003,ROW,NM,ASW,WE,Towers with Radar,0,24,4,122,150,0,6,0,0,6,0,30,4,122,156,0,105,105,261
04/24/2003,ROW,NM,ASW,WE,Towers with Radar,0,23,19,37,79,0,13,22,0,35,0,36,41,37,114,22,16,38,152
04/25/2003,ROW,NM,ASW,WE,Towers with Radar,0,20,20,25,65,0,1,45,28,74,0,21,65,53,139,24,41,65,204
04/26/2003,ROW,NM,ASW,WE,Towers with Radar,2,6,4,21,33,15,10,38,19,82,17,16,42,40,115,84,4,88,203
04/27/2003,ROW,NM,ASW,WE,Towers with Radar,0,7,10,10,27,1,2,33,9,45,1,9,43,19,72,4,10,14,86
04/28/2003,ROW,NM,ASW,WE,Towers with Radar,0,19,11,33,63,0,3,20,4,27,0,22,31,37,90,10,34,44,134
04/29/2003,ROW,NM,ASW,WE,Towers with Radar,4,34,8,55,101,0,5,28,9,42,4,39,36,64,143,47,52,99,242
04/30/2003,ROW,NM,ASW,WE,Towers with Radar,0,20,20,59,99,0,7,58,0,65,0,27,78,59,164,39,38,77,241
05/01/2003,ROW,NM,ASW,WE,Towers with Radar,1,23,7,76,107,0,8,59,1,68,1,31,66,77,175,53,85,138,313
05/02/2003,ROW,NM,ASW,WE,Towers with Radar,0,18,13,52,83,0,10,13,0,23,0,28,26,52,106,58,80,138,244
05/03/2003,ROW,NM,ASW,WE,Towers with Radar,2,14,11,0,27,0,0,30,0,30,2,14,41,0,57,38,0,38,95
05/04/2003,ROW,NM,ASW,WE,Towers with Radar,0,8,2,37,47,0,1,17,0,18,0,9,19,37,65,0,18,18,83
05/05/2003,ROW,NM,ASW,WE,Towers with Radar,0,18,9,33,60,0,0,17,1,18,0,18,26,34,78,0,66,66,144
05/06/2003,ROW,NM,ASW,WE,Towers with Radar,1,25,11,78,115,0,11,20,6,37,1,36,31,84,152,16,53,69,221
05/07/2003,ROW,NM,ASW,WE,Towers with Radar,1,24,9,46,80,0,3,7,0,10,1,27,16,46,90,22,22,44,134
05/08/2003,ROW,NM,ASW,WE,Towers with Radar,3,20,20,68,111,0,6,0,0,6,3,26,20,68,117,2,54,56,173
05/09/2003,ROW,NM,ASW,WE,Towers with Radar,0,30,27,41,98,0,2,21,0,23,0,32,48,41,121,2,28,30,151
05/10/2003,ROW,NM,ASW,WE,Towers with Radar,1,12,3,18,34,0,4,18,4,26,1,16,21,22,60,14,52,66,126
05/11/2003,ROW,NM,ASW,WE,Towers with Radar,0,6,7,0,13,0,0,25,0,25,0,6,32,0,38,24,0,24,62
05/12/2003,ROW,NM,ASW,WE,Towers with Radar,0,26,14,52,92,0,0,14,2,16,0,26,28,54,108,26,36,62,170
05/13/2003,ROW,NM,ASW,WE,Towers with Radar,0,24,14,61,99,0,5,29,11,45,0,29,43,72,144,26,26,52,196
05/14/2003,ROW,NM,ASW,WE,Towers with Radar,0,18,9,63,90,0,9,30,0,39,0,27,39,63,129,40,17,57,186
05/15/2003,ROW,NM,ASW,WE,Towers with Radar,1,24,16,8,49,0,0,16,0,16,1,24,32,8,65,12,4,16,81
05/16/2003,ROW,NM,ASW,WE,Towers with Radar,1,28,9,42,80,0,6,31,1,38,1,34,40,43,118,8,42,50,168
05/17/2003,ROW,NM,ASW,WE,Towers with Radar,0,13,20,7,40,0,8,34,10,52,0,21,54,17,92,44,14,58,150
05/18/2003,ROW,NM,ASW,WE,Towers with Radar,0,6,10,36,52,0,4,22,10,36,0,10,32,46,88,16,34,50,138
05/19/2003,ROW,NM,ASW,WE,Towers with Radar,0,25,3,20,48,0,0,33,0,33,0,25,36,20,81,0,8,8,89
05/20/2003,ROW,NM,ASW,WE,Towers with Radar,0,28,20,77,125,0,0,0,0,0,0,28,20,77,125,8,91,99,224
05/21/2003,ROW,NM,ASW,WE,Towers with Radar,0,20,8,62,90,0,8,24,0,32,0,28,32,62,122,4,81,85,207
05/22/2003,ROW,NM,ASW,WE,Towers with Radar,0,29,17,29,75,0,0,6,0,6,0,29,23,29,81,4,14,18,99
05/23/2003,ROW,NM,ASW,WE,Towers with Radar,2,27,19,16,64,0,0,14,0,14,2,27,33,16,78,4,4,8,86
05/24/2003,ROW,NM,ASW,WE,Towers with Radar,0,8,7,0,15,0,3,42,0,45,0,11,49,0,60,42,0,42,102
05/25/2003,ROW,NM,ASW,WE,Towers with Radar,0,5,1,0,6,0,2,36,0,38,0,7,37,0,44,10,0,10,54
05/26/2003,ROW,NM,ASW,WE,Towers with Radar,0,9,0,1,10,0,0,15,2,17,0,9,15,3,27,10,0,10,37
05/27/2003,ROW,NM,ASW,WE,Towers with Radar,0,26,20,35,81,0,0,12,0,12,0,26,32,35,93,9,20,29,122
05/28/2003,ROW,NM,ASW,WE,Towers with Radar,0,19,22,56,97,0,3,5,9,17,0,22,27,65,114,4,49,53,167
05/29/2003,ROW,NM,ASW,WE,Towers with Radar,1,26,11,55,93,0,5,25,17,47,1,31,36,72,140,74,42,116,256
05/30/2003,ROW,NM,ASW,WE,Towers with Radar,1,20,9,36,66,12,1,38,0,51,13,21,47,36,117,16,26,42,159
05/31/2003,ROW,NM,ASW,WE,Towers with Radar,0,12,11,1,24,0,7,20,1,28,0,19,31,2,52,54,0,54,106
06/01/2003,ROW,NM,ASW,WE,Towers with Radar,0,7,3,2,12,0,2,31,0,33,0,9,34,2,45,2,0,2,47
06/02/2003,ROW,NM,ASW,WE,Towers with Radar,0,20,8,31,59,0,0,32,0,32,0,20,40,31,91,21,9,30,121
06/03/2003,ROW,NM,ASW,WE,Towers with Radar,12,28,4,21,65,0,3,13,4,20,12,31,17,25,85,30,12,42,127
06/04/2003,ROW,NM,ASW,WE,Towers with Radar,0,28,22,28,78,1,1,10,0,12,1,29,32,28,90,17,73,90,180
06/05/2003,ROW,NM,ASW,WE,Towers with Radar,1,28,21,14,64,0,0,13,84,97,1,28,34,98,161,0,82,82,243
06/06/2003,ROW,NM,ASW,WE,Towers with Radar,2,25,10,67,104,0,2,47,0,49,2,27,57,67,153,24,80,104,257
06/07/2003,ROW,NM,ASW,WE,Towers with Radar,0,7,1,4,12,0,1,40,1,42,0,8,41,5,54,14,0,14,68
06/08/2003,ROW,NM,ASW,WE,Towers with Radar,0,7,11,5,23,0,0,24,10,34,0,7,35,15,57,2,14,16,73
06/09/2003,ROW,NM,ASW,WE,Towers with Radar,1,20,9,18,48,0,7,13,0,20,1,27,22,18,68,19,24,43,111
06/10/2003,ROW,NM,ASW,WE,Towers with Radar,0,22,15,28,65,0,11,16,0,27,0,33,31,28,92,10,4,14,106
06/11/2003,ROW,NM,ASW,WE,Towers with Radar,1,31,14,44,90,0,0,41,2,43,1,31,55,46,133,38,60,98,231
06/12/2003,ROW,NM,ASW,WE,Towers with Radar,0,25,7,39,71,0,3,35,0,38,0,28,42,39,109,48,42,90,199
06/13/2003,ROW,NM,ASW,WE,Towers with Radar,0,22,15,36,73,0,12,23,0,35,0,34,38,36,108,40,98,138,246
06/14/2003,ROW,NM,ASW,WE,Towers with Radar,1,10,1,9,21,0,3,30,0,33,1,13,31,9,54,21,8,29,83
06/15/2003,ROW,NM,ASW,WE,Towers with Radar,0,6,2,0,8,0,0,22,0,22,0,6,24,0,30,38,0,38,68
06/16/2003,ROW,NM,ASW,WE,Towers with Radar,0,16,20,31,67,0,0,9,0,9,0,16,29,31,76,34,70,104,180
06/17/2003,ROW,NM,ASW,WE,Towers with Radar,1,31,15,60,107,0,0,33,0,33,1,31,48,60,140,95,26,121,261
06/18/2003,ROW,NM,ASW,WE,Towers with Radar,0,22,14,43,79,0,3,44,0,47,0,25,58,43,126,72,38,110,236
06/19/2003,ROW,NM,ASW,WE,Towers with Radar,1,21,17,14,53,1,0,31,1,33,2,21,48,15,86,16,4,20,106
06/20/2003,ROW,NM,ASW,WE,Towers with Radar,0,30,38,40,108,0,0,11,0,11,0,30,49,40,119,64,14,78,197
06/21/2003,ROW,NM,ASW,WE,Towers with Radar,1,7,17,7,32,0,9,15,0,24,1,16,32,7,56,32,0,32,88
06/22/2003,ROW,NM,ASW,WE,Towers with Radar,0,6,6,11,23,0,0,35,6,41,0,6,41,17,64,6,8,14,78
06/23/2003,ROW,NM,ASW,WE,Towers with Radar,0,15,10,48,73,0,3,31,14,48,0,18,41,62,121,66,67,133,254
06/24/2003,ROW,NM,ASW,WE,Towers with Radar,0,29,34,55,118,0,0,21,9,30,0,29,55,64,148,10,111,121,269
06/25/2003,ROW,NM,ASW,WE,Towers with Radar,0,20,13,93,126,0,4,26,0,30,0,24,39,93,156,14,28,42,198
06/26/2003,ROW,NM,ASW,WE,Towers with Radar,0,22,42,55,119,0,0,12,1,13,0,22,54,56,132,68,113,181,313
06/27/2003,ROW,NM,ASW,WE,Towers with Radar,0,26,31,62,119,0,2,11,0,13,0,28,42,62,132,95,46,141,273
06/28/2003,ROW,NM,ASW,WE,Towers with Radar,0,8,7,16,31,0,4,30,0,34,0,12,37,16,65,76,24,100,165
06/29/2003,ROW,NM,ASW,WE,Towers with Radar,0,8,4,0,12,0,3,37,0,40,0,11,41,0,52,16,0,16,68
06/30/2003,ROW,NM,ASW,WE,Towers with Radar,1,19,15,36,71,18,0,27,0,45,19,19,42,36,116,10,36,46,162
07/01/2003,ROW,NM,ASW,WE,Towers with Radar,0,19,6,24,49,0,13,70,0,83,0,32,76,24,132,14,16,30,162
07/02/2003,ROW,NM,ASW,WE,Towers with Radar,0,19,15,49,83,0,0,19,0,19,0,19,34,49,102,74,38,112,214
07/03/2003,ROW,NM,ASW,WE,Towers with Radar,0,34,32,10,76,0,2,22,0,24,0,36,54,10,100,16,4,20,120
07/04/2003,ROW,NM,ASW,WE,Towers with Radar,0,11,17,0,28,0,0,63,0,63,0,11,80,0,91,130,0,130,221
07/05/2003,ROW,NM,ASW,WE,Towers with Radar,1,9,15,0,25,0,4,35,0,39,1,13,50,0,64,166,0,166,230
07/06/2003,ROW,NM,ASW,WE,Towers with Radar,0,8,5,0,13,0,4,42,0,46,0,12,47,0,59,138,0,138,197
07/07/2003,ROW,NM,ASW,WE,Towers with Radar,0,22,26,47,95,0,0,29,0,29,0,22,55,47,124,46,72,118,242
07/08/2003,ROW,NM,ASW,WE,Towers with Radar,0,28,17,62,107,0,9,25,0,34,0,37,42,62,141,16,20,36,177
07/09/2003,ROW,NM,ASW,WE,Towers with Radar,0,23,41,36,100,0,7,0,0,7,0,30,41,36,107,15,34,49,156
07/10/2003,ROW,NM,ASW,WE,Towers with Radar,0,28,19,37,84,0,0,43,0,43,0,28,62,37,127,40,16,56,183
07/11/2003,ROW,NM,ASW,WE,Towers with Radar,3,26,25,16,70,0,2,33,0,35,3,28,58,16,105,34,30,64,169
07/12/2003,ROW,NM,ASW,WE,Towers with Radar,1,8,28,5,42,0,3,13,2,18,1,11,41,7,60,35,0,35,95
07/13/2003,ROW,NM,ASW,WE,Towers with Radar,1,12,13,2,28,0,0,14,2,16,1,12,27,4,44,22,6,28,72
07/14/2003,ROW,NM,ASW,WE,Towers with Radar,0,23,25,59,107,0,0,9,0,9,0,23,34,59,116,76,60,136,252
07/15/2003,ROW,NM,ASW,WE,Towers with Radar,1,27,33,61,122,0,3,16,21,40,1,30,49,82,162,38,108,146,308
07/16/2003,ROW,NM,ASW,WE,Towers with Radar,0,22,10,61,93,0,9,42,0,51,0,31,52,61,144,42,46,88,232
07/17/2003,ROW,NM,ASW,WE,Towers with Radar,2,24,33,23,82,0,8,23,0,31,2,32,56,23,113,8,12,20,133
07/18/2003,ROW,NM,ASW,WE,Towers with Radar,0,24,12,52,88,0,5,20,2,27,0,29,32,54,115,42,64,106,221
07/19/2003,ROW,NM,ASW,WE,Towers with Radar,0,11,3,1,15,0,7,41,1,49,0,18,44,2,64,18,0,18,82
07/20/2003,ROW,NM,ASW,WE,Towers with Radar,0,11,3,11,25,0,2,29,0,31,0,13,32,11,56,4,8,12,68
07/21/2003,ROW,NM,ASW,WE,Towers with Radar,1,23,11,49,84,0,0,40,0,40,1,23,51,49,124,42,46,88,212
07/22/2003,ROW,NM,ASW,WE,Towers with Radar,1,28,28,42,99,0,3,33,16,52,1,31,61,58,151,46,16,62,213
07/23/2003,ROW,NM,ASW,WE,Towers with Radar,0,24,12,64,100,0,1,43,0,44,0,25,55,64,144,77,46,123,267
07/24/2003,ROW,NM,ASW,WE,Towers with Radar,0,29,21,43,93,0,1,51,29,81,0,30,72,72,174,58,18,76,250
07/25/2003,ROW,NM,ASW,WE,Towers with Radar,5,31,5,30,71,2,5,48,0,55,7,36,53,30,126,72,12,84,210
07/26/2003,ROW,NM,ASW,WE,Towers with Radar,0,11,7,3,21,0,4,24,0,28,0,15,31,3,49,14,0,14,63
07/27/2003,ROW,NM,ASW,WE,Towers with Radar,0,9,3,9,21,0,3,37,0,40,0,12,40,9,61,0,6,6,67
07/28/2003,ROW,NM,ASW,WE,Towers with Radar,1,19,13,42,75,0,3,39,0,42,1,22,52,42,117,20,50,70,187
07/29/2003,ROW,NM,ASW,WE,Towers with Radar,1,26,5,52,84,0,9,41,2,52,1,35,46,54,136,50,42,92,228
07/30/2003,ROW,NM,ASW,WE,Towers with Radar,0,20,13,22,55,30,3,31,0,64,30,23,44,22,119,46,28,74,193
07/31/2003,ROW,NM,ASW,WE,Towers with Radar,0,26,9,81,116,17,2,68,18,105,17,28,77,99,221,38,124,162,383
08/01/2003,ROW,NM,ASW,WE,Towers with Radar,4,33,10,45,92,16,5,33,0,54,20,38,43,45,146,38,26,64,210
08/02/2003,ROW,NM,ASW,WE,Towers with Radar,2,13,16,9,40,0,0,30,12,42,2,13,46,21,82,32,18,50,132
08/03/2003,ROW,NM,ASW,WE,Towers with Radar,0,8,5,0,13,44,4,21,0,69,44,12,26,0,82,8,0,8,90
08/04/2003,ROW,NM,ASW,WE,Towers with Radar,0,24,10,16,50,21,0,26,3,50,21,24,36,19,100,64,14,78,178
08/05/2003,ROW,NM,ASW,WE,Towers with Radar,0,22,9,37,68,3,10,27,0,40,3,32,36,37,108,28,6,34,142
08/06/2003,ROW,NM,ASW,WE,Towers with Radar,2,29,17,57,105,2,10,25,0,37,4,39,42,57,142,24,36,60,202
08/07/2003,ROW,NM,ASW,WE,Towers with Radar,2,24,7,29,62,0,10,36,0,46,2,34,43,29,108,64,26,90,198
08/08/2003,ROW,NM,ASW,WE,Towers with Radar,0,24,14,42,80,0,14,40,0,54,0,38,54,42,134,26,28,54,188
08/09/2003,ROW,NM,ASW,WE,Towers with Radar,0,12,3,3,18,0,1,18,4,23,0,13,21,7,41,12,0,12,53
08/10/2003,ROW,NM,ASW,WE,Towers with Radar,0,6,5,24,35,0,3,32,15,50,0,9,37,39,85,26,16,42,127
08/11/2003,ROW,NM,ASW,WE,Towers with Radar,0,17,4,26,47,0,14,27,8,49,0,31,31,34,96,28,32,60,156
08/12/2003,ROW,NM,ASW,WE,Towers with Radar,0,26,9,48,83,0,11,30,20,61,0,37,39,68,144,44,56,100,244
08/13/2003,ROW,NM,ASW,WE,Towers with Radar,0,22,6,79,107,0,6,40,14,60,0,28,46,93,167,56,36,92,259
08/14/2003,ROW,NM,ASW,WE,Towers with Radar,0,27,19,42,88,0,8,30,0,38,0,35,49,42,126,4,76,80,206
08/15/2003,ROW,NM,ASW,WE,Towers with Radar,1,29,23,27,80,0,9,36,1,46,1,38,59,28,126,16,22,38,164
08/16/2003,ROW,NM,ASW,WE,Towers with Radar,0,8,7,0,15,0,1,39,0,40,0,9,46,0,55,20,0,20,75
08/17/2003,ROW,NM,ASW,WE,Towers with Radar,0,9,4,4,17,0,0,29,1,30,0,9,33,5,47,22,2,24,71
08/18/2003,ROW,NM,ASW,WE,Towers with Radar,2,21,9,20,52,0,5,30,10,45,2,26,39,30,97,0,30,30,127
08/19/2003,ROW,NM,ASW,WE,Towers with Radar,0,24,3,13,40,0,5,32,0,37,0,29,35,13,77,6,4,10,87
08/20/2003,ROW,NM,ASW,WE,Towers with Radar,0,23,14,56,93,0,8,32,0,40,0,31,46,56,133,0,30,30,163
08/21/2003,ROW,NM,ASW,WE,Towers with Radar,0,13,15,37,65,0,20,51,0,71,0,33,66,37,136,24,34,58,194
08/22/2003,ROW,NM,ASW,WE,Towers with Radar,2,21,19,45,87,0,5,24,0,29,2,26,43,45,116,22,70,92,208
08/23/2003,ROW,NM,ASW,WE,Towers with Radar,1,8,2,3,14,0,6,34,0,40,1,14,36,3,54,14,0,14,68
08/24/2003,ROW,NM,ASW,WE,Towers with Radar,0,6,2,2,10,0,6,26,0,32,0,12,28,2,42,8,0,8,50
08/25/2003,ROW,NM,ASW,WE,Towers with Radar,0,25,25,34,84,0,1,12,0,13,0,26,37,34,97,12,94,106,203
08/26/2003,ROW,NM,ASW,WE,Towers with Radar,1,27,23,40,91,0,9,47,18,74,1,36,70,58,165,52,44,96,261
08/27/2003,ROW,NM,ASW,WE,Towers with Radar,0,26,25,45,96,0,9,35,0,44,0,35,60,45,140,30,70,100,240
08/28/2003,ROW,NM,ASW,WE,Towers with Radar,0,22,18,35,75,0,10,50,26,86,0,32,68,61,161,44,50,94,255
08/29/2003,ROW,NM,ASW,WE,Towers with Radar,0,29,35,8,72,0,6,19,0,25,0,35,54,8,97,32,24,56,153
08/30/2003,ROW,NM,ASW,WE,Towers with Radar,0,8,4,2,14,0,0,11,8,19,0,8,15,10,33,4,0,4,37
08/31/2003,ROW,NM,ASW,WE,Towers with Radar,1,10,11,0,22,0,0,13,0,13,1,10,24,0,35,16,0,16,51
09/01/2003,ROW,NM,ASW,WE,Towers with Radar,0,16,27,0,43,0,4,11,0,15,0,20,38,0,58,10,0,10,68
09/02/2003,ROW,NM,ASW,WE,Towers with Radar,0,17,17,0,34,1,15,18,80,114,1,32,35,80,148,15,142,157,305
09/03/2003,ROW,NM,ASW,WE,Towers with Radar,0,25,6,94,125,0,6,36,0,42,0,31,42,94,167,6,78,84,251
09/04/2003,ROW,NM,ASW,WE,Towers with Radar,4,18,20,96,138,0,15,52,14,81,4,33,72,110,219,42,80,122,341
09/05/2003,ROW,NM,ASW,WE,Towers with Radar,1,24,12,83,120,1,3,31,0,35,2,27,43,83,155,28,78,106,261
09/06/2003,ROW,NM,ASW,WE,Towers with Radar,0,7,20,3,30,0,7,63,4,74,0,14,83,7,104,8,2,10,114
09/07/2003,ROW,NM,ASW,WE,Towers with Radar,0,10,9,11,30,0,0,14,0,14,0,10,23,11,44,17,2,19,63
09/08/2003,ROW,NM,ASW,WE,Towers with Radar,0,25,24,21,70,0,5,21,18,44,0,30,45,39,114,48,12,60,174
09/09/2003,ROW,NM,ASW,WE,Towers with Radar,1,26,12,7,46,0,6,20,0,26,1,32,32,7,72,28,0,28,100
09/10/2003,ROW,NM,ASW,WE,Towers with Radar,0,25,15,48,88,0,4,14,2,20,0,29,29,50,108,8,42,50,158
09/11/2003,ROW,NM,ASW,WE,Towers with Radar,0,27,8,92,127,0,9,36,0,45,0,36,44,92,172,46,50,96,268
09/12/2003,ROW,NM,ASW,WE,Towers with Radar,0,29,28,56,113,0,6,27,0,33,0,35,55,56,146,72,44,116,262
09/13/2003,ROW,NM,ASW,WE,Towers with Radar,0,7,2,9,18,0,6,32,0,38,0,13,34,9,56,52,16,68,124
09/14/2003,ROW,NM,ASW,WE,Towers with Radar,0,13,6,14,33,0,0,33,0,33,0,13,39,14,66,90,12,102,168
09/15/2003,ROW,NM,ASW,WE,Towers with Radar,0,28,30,29,87,0,5,20,2,27,0,33,50,31,114,6,54,60,174
09/16/2003,ROW,NM,ASW,WE,Towers with Radar,0,27,10,47,84,0,4,28,0,32,0,31,38,47,116,24,16,40,156
09/17/2003,ROW,NM,ASW,WE,Towers with Radar,0,24,20,23,67,0,6,31,0,37,0,30,51,23,104,18,34,52,156
09/18/2003,ROW,NM,ASW,WE,Towers with Radar,0,25,20,29,74,0,0,20,0,20,0,25,40,29,94,58,28,86,180
09/19/2003,ROW,NM,ASW,WE,Towers with Radar,0,28,22,64,114,0,0,18,0,18,0,28,40,64,132,24,26,50,182
09/20/2003,ROW,NM,ASW,WE,Towers with Radar,0,14,8,12,34,0,3,21,2,26,0,17,29,14,60,40,16,56,116
09/21/2003,ROW,NM,ASW,WE,Towers with Radar,0,7,12,1,20,0,4,15,4,23,0,11,27,5,43,14,6,20,63
09/22/2003,ROW,NM,ASW,WE,Towers with Radar,0,20,10,13,43,0,0,35,0,35,0,20,45,13,78,82,6,88,166
09/23/2003,ROW,NM,ASW,WE,Towers with Radar,0,24,23,35,82,0,0,19,0,19,0,24,42,35,101,70,12,82,183
09/24/2003,ROW,NM,ASW,WE,Towers with Radar,1,22,8,29,60,0,8,22,0,30,1,30,30,29,90,70,64,134,224
09/25/2003,ROW,NM,ASW,WE,Towers with Radar,0,26,17,11,54,0,8,33,3,44,0,34,50,14,98,84,18,102,200
09/26/2003,ROW,NM,ASW,WE,Towers with Radar,0,28,10,0,38,0,7,21,0,28,0,35,31,0,66,0,6,6,72
09/27/2003,ROW,NM,ASW,WE,Towers with Radar,0,8,25,0,33,0,0,22,0,22,0,8,47,0,55,62,0,62,117
09/28/2003,ROW,NM,ASW,WE,Towers with Radar,0,7,5,0,12,0,0,16,0,16,0,7,21,0,28,32,0,32,60
09/29/2003,ROW,NM,ASW,WE,Towers with Radar,0,19,6,11,36,1,2,22,3,28,1,21,28,14,64,64,0,64,128
09/30/2003,ROW,NM,ASW,WE,Towers with Radar,0,23,17,23,63,0,0,24,7,31,0,23,41,30,94,28,19,47,141
10/01/2003,ROW,NM,ASW,WE,Towers with Radar,1,30,14,26,71,0,0,7,0,7,1,30,21,26,78,54,6,60,138
10/02/2003,ROW,NM,ASW,WE,Towers with Radar,2,24,8,23,57,0,6,59,0,65,2,30,67,23,122,96,34,130,252
10/03/2003,ROW,NM,ASW,WE,Towers with Radar,0,32,8,59,99,0,0,107,0,107,0,32,115,59,206,17,40,57,263
10/04/2003,ROW,NM,ASW,WE,Towers with Radar,1,8,13,2,24,0,2,59,3,64,1,10,72,5,88,74,0,74,162
10/05/2003,ROW,NM,ASW,WE,Towers with Radar,0,11,6,48,65,0,0,52,0,52,0,11,58,48,117,64,24,88,205
10/06/2003,ROW,NM,ASW,WE,Towers with Radar,0,24,10,54,88,0,0,20,17,37,0,24,30,71,125,46,18,64,189
10/07/2003,ROW,NM,ASW,WE,Towers with Radar,0,31,29,32,92,0,4,0,0,4,0,35,29,32,96,4,20,24,120
10/08/2003,ROW,NM,ASW,WE,Towers with Radar,0,30,21,22,73,0,1,5,4,10,0,31,26,26,83,0,10,10,93
10/09/2003,ROW,NM,ASW,WE,Towers with Radar,0,24,30,36,90,0,4,73,19,96,0,28,103,55,186,42,40,82,268
10/10/2003,ROW,NM,ASW,WE,Towers with Radar,0,34,53,74,161,0,3,0,0,3,0,37,53,74,164,0,22,22,186
10/11/2003,ROW,NM,ASW,WE,Towers with Radar,0,10,5,2,17,0,4,35,0,39,0,14,40,2,56,10,0,10,66
10/12/2003,ROW,NM,ASW,WE,Towers with Radar,0,11,14,35,60,0,3,15,0,18,0,14,29,35,78,4,0,4,82
10/13/2003,ROW,NM,ASW,WE,Towers with Radar,0,18,13,2,33,0,0,17,2,19,0,18,30,4,52,0,0,0,52
10/14/2003,ROW,NM,ASW,WE,Towers with Radar,0,20,12,39,71,0,0,32,6,38,0,20,44,45,109,26,42,68,177
10/15/2003,ROW,NM,ASW,WE,Towers with Radar,1,21,26,35,83,0,16,22,4,42,1,37,48,39,125,98,80,178,303
10/16/2003,ROW,NM,ASW,WE,Towers with Radar,0,26,10,46,82,0,7,40,13,60,0,33,50,59,142,68,34,102,244
10/17/2003,ROW,NM,ASW,WE,Towers with Radar,3,20,18,89,130,0,0,35,1,36,3,20,53,90,166,78,132,210,376
10/18/2003,ROW,NM,ASW,WE,Towers with Radar,1,11,18,1,31,0,2,24,1,27,1,13,42,2,58,60,0,60,118
10/19/2003,ROW,NM,ASW,WE,Towers with Radar,0,16,15,12,43,0,0,36,0,36,0,16,51,12,79,26,6,32,111
10/20/2003,ROW,NM,ASW,WE,Towers with Radar,0,22,26,27,75,0,6,57,15,78,0,28,83,42,153,18,46,64,217
10/21/2003,ROW,NM,ASW,WE,Towers with Radar,0,24,20,45,89,0,14,26,0,40,0,38,46,45,129,32,48,80,209
10/22/2003,ROW,NM,ASW,WE,Towers with Radar,0,27,17,23,67,0,11,45,0,56,0,38,62,23,123,50,8,58,181
10/23/2003,ROW,NM,ASW,WE,Towers with Radar,0,25,16,42,83,0,15,32,0,47,0,40,48,42,130,48,78,126,256
10/24/2003,ROW,NM,ASW,WE,Towers with Radar,0,24,17,63,104,0,14,37,6,57,0,38,54,69,161,72,124,196,357
10/25/2003,ROW,NM,ASW,WE,Towers with Radar,0,12,7,9,28,0,2,25,0,27,0,14,32,9,55,40,0,40,95
10/26/2003,ROW,NM,ASW,WE,Towers with Radar,0,7,12,20,39,0,0,23,8,31,0,7,35,28,70,8,12,20,90
10/27/2003,ROW,NM,ASW,WE,Towers with Radar,0,23,17,68,108,0,6,18,4,28,0,29,35,72,136,66,28,94,230
10/28/2003,ROW,NM,ASW,WE,Towers with Radar,0,26,19,93,138,0,0,43,0,43,0,26,62,93,181,12,78,90,271
10/29/2003,ROW,NM,ASW,WE,Towers with Radar,0,30,11,49,90,0,3,38,0,41,0,33,49,49,131,30,20,50,181
10/30/2003,ROW,NM,ASW,WE,Towers with Radar,0,26,10,98,134,0,7,24,7,38,0,33,34,105,172,36,138,174,346
10/31/2003,ROW,NM,ASW,WE,Towers with Radar,0,28,15,63,106,0,6,13,0,19,0,34,28,63,125,28,52,80,205
11/01/2003,ROW,NM,ASW,WE,Towers with Radar,0,11,26,21,58,0,0,6,0,6,0,11,32,21,64,0,0,0,64
11/02/2003,ROW,NM,ASW,WE,Towers with Radar,0,9,8,0,17,0,9,38,0,47,0,18,46,0,64,4,0,4,68
11/03/2003,ROW,NM,ASW,WE,Towers with Radar,0,24,15,79,118,0,0,25,0,25,0,24,40,79,143,28,92,120,263
11/04/2003,ROW,NM,ASW,WE,Towers with Radar,0,33,25,52,110,0,3,14,0,17,0,36,39,52,127,50,56,106,233
11/05/2003,ROW,NM,ASW,WE,Towers with Radar,0,28,17,66,111,0,7,8,0,15,0,35,25,66,126,44,56,100,226
11/06/2003,ROW,NM,ASW,WE,Towers with Radar,0,32,24,94,150,0,0,34,0,34,0,32,58,94,184,54,160,214,398
11/07/2003,ROW,NM,ASW,WE,Towers with Radar,0,34,47,30,111,0,0,0,0,0,0,34,47,30,111,22,8,30,141
11/08/2003,ROW,NM,ASW,WE,Towers with Radar,0,8,15,6,29,0,2,0,1,3,0,10,15,7,32,12,0,12,44
11/09/2003,ROW,NM,ASW,WE,Towers with Radar,0,12,7,2,21,0,0,0,0,0,0,12,7,2,21,0,0,0,21
11/10/2003,ROW,NM,ASW,WE,Towers with Radar,0,20,24,35,79,0,8,1,16,25,0,28,25,51,104,18,48,66,170
11/11/2003,ROW,NM,ASW,WE,Towers with Radar,0,33,29,2,64,0,0,4,0,4,0,33,33,2,68,28,2,30,98
11/12/2003,ROW,NM,ASW,WE,Towers with Radar,0,22,18,45,85,0,16,0,0,16,0,38,18,45,101,12,22,34,135
11/13/2003,ROW,NM,ASW,WE,Towers with Radar,0,23,5,49,77,0,14,21,0,35,0,37,26,49,112,62,36,98,210
11/14/2003,ROW,NM,ASW,WE,Towers with Radar,0,28,26,54,108,0,3,0,2,5,0,31,26,56,113,12,6,18,131
11/15/2003,ROW,NM,ASW,WE,Towers with Radar,0,14,10,0,24,0,1,27,0,28,0,15,37,0,52,8,0,8,60
11/16/2003,ROW,NM,ASW,WE,Towers with Radar,0,10,14,7,31,0,2,21,0,23,0,12,35,7,54,4,2,6,60
11/17/2003,ROW,NM,ASW,WE,Towers with Radar,0,27,15,133,175,0,1,22,33,56,0,28,37,166,231,14,124,138,369
11/18/2003,ROW,NM,ASW,WE,Towers with Radar,0,35,19,49,103,0,5,40,19,64,0,40,59,68,167,34,110,144,311
11/19/2003,ROW,NM,ASW,WE,Towers with Radar,0,23,21,49,93,0,6,31,0,37,0,29,52,49,130,46,74,120,250
11/20/2003,ROW,NM,ASW,WE,Towers with Radar,1,24,16,39,80,0,12,35,2,49,1,36,51,41,129,38,44,82,211
11/21/2003,ROW,NM,ASW,WE,Towers with Radar,0,24,26,54,104,10,10,43,0,63,10,34,69,54,167,13,40,53,220
11/22/2003,ROW,NM,ASW,WE,Towers with Radar,0,11,5,18,34,0,1,6,6,13,0,12,11,24,47,0,47,47,94
11/23/2003,ROW,NM,ASW,WE,Towers with Radar,0,8,2,16,26,0,0,11,0,11,0,8,13,16,37,14,6,20,57
11/24/2003,ROW,NM,ASW,WE,Towers with Radar,0,18,17,60,95,0,11,32,0,43,0,29,49,60,138,16,102,118,256
11/25/2003,ROW,NM,ASW,WE,Towers with Radar,0,26,10,38,74,0,11,28,0,39,0,37,38,38,113,34,50,84,197
11/26/2003,ROW,NM,ASW,WE,Towers with Radar,1,29,17,25,72,0,5,19,0,24,1,34,36,25,96,26,28,54,150
11/27/2003,ROW,NM,ASW,WE,Towers with Radar,0,17,0,0,17,0,6,6,0,12,0,23,6,0,29,12,0,12,41
11/28/2003,ROW,NM,ASW,WE,Towers with Radar,0,24,11,0,35,0,3,11,0,14,0,27,22,0,49,14,0,14,63
11/29/2003,ROW,NM,ASW,WE,Towers with Radar,3,7,31,0,41,0,2,13,0,15,3,9,44,0,56,76,0,76,132
11/30/2003,ROW,NM,ASW,WE,Towers with Radar,0,10,10,0,20,0,7,43,0,50,0,17,53,0,70,8,0,8,78
12/01/2003,ROW,NM,ASW,WE,Towers with Radar,0,23,11,41,75,0,1,33,0,34,0,24,44,41,109,64,58,122,231
12/02/2003,ROW,NM,ASW,WE,Towers with Radar,0,33,15,47,95,0,6,24,0,30,0,39,39,47,125,11,12,23,148
12/03/2003,ROW,NM,ASW,WE,Towers with Radar,1,24,9,36,70,0,7,38,11,56,1,31,47,47,126,30,6,36,162
12/04/2003,ROW,NM,ASW,WE,Towers with Radar,0,23,9,25,57,0,13,42,0,55,0,36,51,25,112,62,107,169,281
12/05/2003,ROW,NM,ASW,WE,Towers with Radar,1,31,33,67,132,0,0,22,0,22,1,31,55,67,154,46,2,48,202
12/06/2003,ROW,NM,ASW,WE,Towers with Radar,0,7,12,5,24,0,0,36,0,36,0,7,48,5,60,10,0,10,70
12/07/2003,ROW,NM,ASW,WE,Towers with Radar,0,10,12,40,62,0,2,19,0,21,0,12,31,40,83,32,77,109,192
12/08/2003,ROW,NM,ASW,WE,Towers with Radar,0,22,33,45,100,0,6,11,20,37,0,28,44,65,137,34,69,103,240
12/09/2003,ROW,NM,ASW,WE,Towers with Radar,0,26,17,39,82,0,14,34,3,51,0,40,51,42,133,71,66,137,270
12/10/2003,ROW,NM,ASW,WE,Towers with Radar,0,25,5,39,69,0,3,37,0,40,0,28,42,39,109,38,28,66,175
12/11/2003,ROW,NM,ASW,WE,Towers with Radar,0,32,19,42,93,0,0,50,0,50,0,32,69,42,143,26,62,88,231
12/12/2003,ROW,NM,ASW,WE,Towers with Radar,0,30,12,67,109,0,2,23,0,25,0,32,35,67,134,75,75,150,284
12/13/2003,ROW,NM,ASW,WE,Towers with Radar,1,8,16,0,25,0,8,21,0,29,1,16,37,0,54,26,0,26,80
12/14/2003,ROW,NM,ASW,WE,Towers with Radar,0,8,9,8,25,0,7,17,6,30,0,15,26,14,55,23,4,27,82
12/15/2003,ROW,NM,ASW,WE,Towers with Radar,0,25,7,4,36,0,1,8,0,9,0,26,15,4,45,2,0,2,47
12/16/2003,ROW,NM,ASW,WE,Towers with Radar,3,28,6,30,67,0,24,40,0,64,3,52,46,30,131,10,80,90,221
12/17/2003,ROW,NM,ASW,WE,Towers with Radar,0,27,15,49,91,0,3,22,0,25,0,30,37,49,116,2,36,38,154
12/18/2003,ROW,NM,ASW,WE,Towers with Radar,0,26,18,63,107,0,7,38,0,45,0,33,56,63,152,44,55,99,251
12/19/2003,ROW,NM,ASW,WE,Towers with Radar,0,33,11,19,63,0,6,23,0,29,0,39,34,19,92,31,0,31,123
12/20/2003,ROW,NM,ASW,WE,Towers with Radar,0,11,9,2,22,0,7,37,0,44,0,18,46,2,66,18,0,18,84
12/21/2003,ROW,NM,ASW,WE,Towers with Radar,0,12,4,0,16,0,8,10,0,18,0,20,14,0,34,0,0,0,34
12/22/2003,ROW,NM,ASW,WE,Towers with Radar,0,24,18,12,54,0,0,6,1,7,0,24,24,13,61,8,32,40,101
12/23/2003,ROW,NM,ASW,WE,Towers with Radar,0,27,17,7,51,0,13,22,2,37,0,40,39,9,88,36,40,76,164
12/24/2003,ROW,NM,ASW,WE,Towers with Radar,2,17,9,0,28,0,15,19,0,34,2,32,28,0,62,0,0,0,62
12/25/2003,ROW,NM,ASW,WE,Towers with Radar,0,13,3,0,16,0,3,4,0,7,0,16,7,0,23,0,0,0,23
12/26/2003,ROW,NM,ASW,WE,Towers with Radar,5,28,6,0,39,2,1,8,0,11,7,29,14,0,50,0,0,0,50
12/27/2003,ROW,NM,ASW,WE,Towers with Radar,2,11,1,0,14,0,4,17,0,21,2,15,18,0,35,12,0,12,47
12/28/2003,ROW,NM,ASW,WE,Towers with Radar,0,12,13,0,25,0,0,14,0,14,0,12,27,0,39,0,0,0,39
12/29/2003,ROW,NM,ASW,WE,Towers with Radar,0,23,11,5,39,0,7,21,1,29,0,30,32,6,68,20,14,34,102
12/30/2003,ROW,NM,ASW,WE,Towers with Radar,2,32,19,15,68,0,1,8,8,17,2,33,27,23,85,0,16,16,101
12/31/2003,ROW,NM,ASW,WE,Towers with Radar,1,27,20,15,63,0,1,43,0,44,1,28,63,15,107,25,0,25,132
01/01/2004,ROW,NM,ASW,WE,Towers with Radar,0,16,6,0,22,0,1,24,0,25,0,17,30,0,47,24,0,24,71
01/02/2004,ROW,NM,ASW,WE,Towers with Radar,0,30,9,19,58,0,5,37,2,44,0,35,46,21,102,41,6,47,149
01/03/2004,ROW,NM,ASW,WE,Towers with Radar,0,7,10,0,17,0,5,14,0,19,0,12,24,0,36,0,0,0,36
01/04/2004,ROW,NM,ASW,WE,Towers with Radar,0,9,13,0,22,0,0,11,0,11,0,9,24,0,33,0,0,0,33
01/05/2004,ROW,NM,ASW,WE,Towers with Radar,1,23,24,42,90,0,7,31,2,40,1,30,55,44,130,56,18,74,204
01/06/2004,ROW,NM,ASW,WE,Towers with Radar,0,22,19,30,71,0,10,14,0,24,0,32,33,30,95,8,10,18,113
01/07/2004,ROW,NM,ASW,WE,Towers with Radar,0,20,13,46,79,0,15,19,0,34,0,35,32,46,113,4,156,160,273
01/08/2004,ROW,NM,ASW,WE,Towers with Radar,1,18,19,27,65,0,15,24,1,40,1,33,43,28,105,8,102,110,215
01/09/2004,ROW,NM,ASW,WE,Towers with Radar,0,26,14,51,91,0,13,33,0,46,0,39,47,51,137,22,110,132,269
01/10/2004,ROW,NM,ASW,WE,Towers with Radar,0,6,7,19,32,0,5,28,0,33,0,11,35,19,65,4,8,12,77
01/11/2004,ROW,NM,ASW,WE,Towers with Radar,0,6,11,11,28,0,0,36,0,36,0,6,47,11,64,39,10,49,113
01/12/2004,ROW,NM,ASW,WE,Towers with Radar,0,17,24,45,86,1,6,23,12,42,1,23,47,57,128,20,61,81,209
01/13/2004,ROW,NM,ASW,WE,Towers with Radar,0,34,12,78,124,0,0,42,0,42,0,34,54,78,166,64,106,170,336
01/14/2004,ROW,NM,ASW,WE,Towers with Radar,0,22,14,14,50,0,5,18,0,23,0,27,32,14,73,16,4,20,93
01/15/2004,ROW,NM,ASW,WE,Towers with Radar,0,25,33,20,78,1,0,19,34,54,1,25,52,54,132,38,86,124,256
01/16/2004,ROW,NM,ASW,WE,Towers with Radar,0,27,11,37,75,0,0,9,0,9,0,27,20,37,84,20,28,48,132
01/17/2004,ROW,NM,ASW,WE,Towers with Radar,0,12,3,1,16,0,2,6,0,8,0,14,9,1,24,14,0,14,38
01/18/2004,ROW,NM,ASW,WE,Towers with Radar,0,8,7,0,15,0,0,55,0,55,0,8,62,0,70,20,0,20,90
01/19/2004,ROW,NM,ASW,WE,Towers with Radar,0,19,33,11,63,0,3,35,0,38,0,22,68,11,101,66,2,68,169
01/20/2004,ROW,NM,ASW,WE,Towers with Radar,1,25,25,51,102,0,6,46,29,81,1,31,71,80,183,60,83,143,326
01/21/2004,ROW,NM,ASW,WE,Towers with Radar,0,23,12,36,71,0,4,42,0,46,0,27,54,36,117,22,124,146,263
01/22/2004,ROW,NM,ASW,WE,Towers with Radar,2,16,11,8,37,0,11,27,3,41,2,27,38,11,78,18,9,27,105
01/23/2004,ROW,NM,ASW,WE,Towers with Radar,0,33,11,70,114,0,0,29,0,29,0,33,40,70,143,7,58,65,208
01/24/2004,ROW,NM,ASW,WE,Towers with Radar,0,9,2,0,11,0,7,17,0,24,0,16,19,0,35,17,0,17,52
01/25/2004,ROW,NM,ASW,WE,Towers with Radar,0,8,6,5,19,3,0,14,0,17,3,8,20,5,36,0,2,2,38
01/26/2004,ROW,NM,ASW,WE,Towers with Radar,2,21,13,10,46,0,18,17,0,35,2,39,30,10,81,4,22,26,107
01/27/2004,ROW,NM,ASW,WE,Towers with Radar,0,26,15,21,62,0,1,30,0,31,0,27,45,21,93,23,32,55,148
01/28/2004,ROW,NM,ASW,WE,Towers with Radar,0,25,6,47,78,0,1,49,0,50,0,26,55,47,128,100,30,130,258
01/29/2004,ROW,NM,ASW,WE,Towers with Radar,0,20,18,36,74,0,7,49,0,56,0,27,67,36,130,50,119,169,299
01/30/2004,ROW,NM,ASW,WE,Towers with Radar,0,22,32,109,163,0,7,44,0,51,0,29,76,109,214,58,77,135,349
01/31/2004,ROW,NM,ASW,WE,Towers with Radar,0,8,33,2,43,0,1,43,1,45,0,9,76,3,88,36,0,36,124
02/01/2004,ROW,NM,ASW,WE,Towers with Radar,0,7,8,18,33,0,0,26,8,34,0,7,34,26,67,12,2,14,81
02/02/2004,ROW,NM,ASW,WE,Towers with Radar,0,17,10,29,56,0,0,53,6,59,0,17,63,35,115,36,20,56,171
02/03/2004,ROW,NM,ASW,WE,Towers with Radar,0,26,22,54,102,0,1,16,0,17,0,27,38,54,119,20,59,79,198
02/04/2004,ROW,NM,ASW,WE,Towers with Radar,0,29,24,32,85,0,0,6,0,6,0,29,30,32,91,24,62,86,177
02/05/2004,ROW,NM,ASW,WE,Towers with Radar,0,28,26,36,90,0,2,20,0,22,0,30,46,36,112,59,56,115,227
02/06/2004,ROW,NM,ASW,WE,Towers with Radar,2,23,7,107,139,0,0,42,0,42,2,23,49,107,181,35,84,119,300
02/07/2004,ROW,NM,ASW,WE,Towers with Radar,0,8,8,39,55,0,10,39,0,49,0,18,47,39,104,36,46,82,186
02/08/2004,ROW,NM,ASW,WE,Towers with Radar,0,8,12,37,57,0,2,16,0,18,0,10,28,37,75,30,42,72,147
02/09/2004,ROW,NM,ASW,WE,Towers with Radar,0,17,2,17,36,0,6,26,0,32,0,23,28,17,68,98,76,174,242
02/10/2004,ROW,NM,ASW,WE,Towers with Radar,0,33,29,52,114,0,0,8,24,32,0,33,37,76,146,19,152,171,317
02/11/2004,ROW,NM,ASW,WE,Towers with Radar,0,24,21,55,100,0,7,49,1,57,0,31,70,56,157,66,50,116,273
02/12/2004,ROW,NM,ASW,WE,Towers with Radar,0,11,10,12,33,0,0,0,0,0,0,11,10,12,33,4,0,4,37
02/13/2004,ROW,NM,ASW,WE,Towers with Radar,0,19,4,3,26,0,4,0,0,4,0,23,4,3,30,0,0,0,30
02/14/2004,ROW,NM,ASW,WE,Towers with Radar,0,7,5,6,18,0,0,24,0,24,0,7,29,6,42,14,0,14,56
02/15/2004,ROW,NM,ASW,WE,Towers with Radar,1,7,9,5,22,0,0,28,1,29,1,7,37,6,51,34,0,34,85
02/16/2004,ROW,NM,ASW,WE,Towers with Radar,0,22,8,21,51,0,0,37,3,40,0,22,45,24,91,20,14,34,125
02/17/2004,ROW,NM,ASW,WE,Towers with Radar,0,19,10,12,41,0,9,54,0,63,0,28,64,12,104,73,20,93,197
02/18/2004,ROW,NM,ASW,WE,Towers with Radar,0,18,11,41,70,0,11,27,7,45,0,29,38,48,115,90,26,116,231
02/19/2004,ROW,NM,ASW,WE,Towers with Radar,0,18,20,7,45,0,0,0,0,0,0,18,20,7,45,2,0,2,47
02/20/2004,ROW,NM,ASW,WE,Towers with Radar,0,28,40,58,126,0,0,27,0,27,0,28,67,58,153,68,36,104,257
02/21/2004,ROW,NM,ASW,WE,Towers with Radar,0,7,15,0,22,0,9,27,0,36,0,16,42,0,58,20,0,20,78
02/22/2004,ROW,NM,ASW,WE,Towers with Radar,0,8,7,14,29,0,0,47,0,47,0,8,54,14,76,22,0,22,98
02/23/2004,ROW,NM,ASW,WE,Towers with Radar,0,23,12,49,84,0,6,35,10,51,0,29,47,59,135,65,32,97,232
02/24/2004,ROW,NM,ASW,WE,Towers with Radar,1,32,2,11,46,0,0,12,0,12,1,32,14,11,58,10,2,12,70
02/25/2004,ROW,NM,ASW,WE,Towers with Radar,0,20,5,72,97,0,9,48,12,69,0,29,53,84,166,78,58,136,302
02/26/2004,ROW,NM,ASW,WE,Towers with Radar,0,22,23,58,103,0,4,43,0,47,0,26,66,58,150,56,25,81,231
02/27/2004,ROW,NM,ASW,WE,Towers with Radar,0,22,14,33,69,0,4,65,20,89,0,26,79,53,158,90,40,130,288
02/28/2004,ROW,NM,ASW,WE,Towers with Radar,1,12,23,0,36,0,1,10,0,11,1,13,33,0,47,0,0,0,47
02/29/2004,ROW,NM,ASW,WE,Towers with Radar,0,7,7,4,18,0,2,10,0,12,0,9,17,4,30,8,0,8,38
03/01/2004,ROW,NM,ASW,WE,Towers with Radar,0,16,11,20,47,0,8,40,11,59,0,24,51,31,106,16,86,102,208
03/02/2004,ROW,NM,ASW,WE,Towers with Radar,0,26,24,82,132,0,7,12,0,19,0,33,36,82,151,12,8,20,171
03/03/2004,ROW,NM,ASW,WE,Towers with Radar,1,24,20,51,96,0,5,12,22,39,1,29,32,73,135,35,102,137,272
03/04/2004,ROW,NM,ASW,WE,Towers with Radar,0,23,21,10,54,0,7,2,18,27,0,30,23,28,81,15,22,37,118
03/05/2004,ROW,NM,ASW,WE,Towers with Radar,0,29,21,57,107,0,1,35,31,67,0,30,56,88,174,26,38,64,238
03/06/2004,ROW,NM,ASW,WE,Towers with Radar,0,7,16,1,24,0,4,32,0,36,0,11,48,1,60,84,0,84,144
03/07/2004,ROW,NM,ASW,WE,Towers with Radar,0,11,10,6,27,0,1,35,0,36,0,12,45,6,63,0,7,7,70
03/08/2004,ROW,NM,ASW,WE,Towers with Radar,0,20,14,20,54,1,5,38,0,44,1,25,52,20,98,34,10,44,142
03/09/2004,ROW,NM,ASW,WE,Towers with Radar,0,26,13,15,54,0,1,47,0,48,0,27,60,15,102,8,36,44,146
03/10/2004,ROW,NM,ASW,WE,Towers with Radar,0,21,21,63,105,0,5,51,29,85,0,26,72,92,190,76,66,142,332
03/11/2004,ROW,NM,ASW,WE,Towers with Radar,0,23,18,63,104,0,0,38,3,41,0,23,56,66,145,84,123,207,352
03/12/2004,ROW,NM,ASW,WE,Towers with Radar,0,38,17,69,124,0,0,36,38,74,0,38,53,107,198,0,0,0,198
03/13/2004,ROW,NM,ASW,WE,Towers with Radar,0,15,21,2,38,1,0,11,0,12,1,15,32,2,50,23,4,27,77
03/14/2004,ROW,NM,ASW,WE,Towers with Radar,1,6,23,20,50,0,2,9,0,11,1,8,32,20,61,0,26,26,87
03/15/2004,ROW,NM,ASW,WE,Towers with Radar,0,20,6,39,65,2,1,28,31,62,2,21,34,70,127,2,58,60,187
03/16/2004,ROW,NM,ASW,WE,Towers with Radar,0,19,14,32,65,0,22,37,0,59,0,41,51,32,124,61,15,76,200
03/17/2004,ROW,NM,ASW,WE,Towers with Radar,0,22,14,52,88,0,7,31,14,52,0,29,45,66,140,66,32,98,238
03/18/2004,ROW,NM,ASW,WE,Towers with Radar,0,23,12,31,66,0,8,31,35,74,0,31,43,66,140,28,27,55,195
03/19/2004,ROW,NM,ASW,WE,Towers with Radar,0,26,7,91,124,0,12,27,5,44,0,38,34,96,168,57,65,122,290
03/20/2004,ROW,NM,ASW,WE,Towers with Radar,0,6,9,0,15,0,3,37,0,40,0,9,46,0,55,41,0,41,96
03/21/2004,ROW,NM,ASW,WE,Towers with Radar,1,13,27,19,60,0,2,8,0,10,1,15,35,19,70,20,0,20,90
03/22/2004,ROW,NM,ASW,WE,Towers with Radar,0,20,8,26,54,0,4,91,12,107,0,24,99,38,161,21,60,81,242
03/23/2004,ROW,NM,ASW,WE,Towers with Radar,0,24,16,50,90,0,1,21,0,22,0,25,37,50,112,20,30,50,162
03/24/2004,ROW,NM,ASW,WE,Towers with Radar,1,28,22,30,81,0,0,28,8,36,1,28,50,38,117,68,20,88,205
03/25/2004,ROW,NM,ASW,WE,Towers with Radar,0,25,14,60,99,0,0,56,0,56,0,25,70,60,155,58,72,130,285
03/26/2004,ROW,NM,ASW,WE,Towers with Radar,0,24,14,76,114,0,13,26,10,49,0,37,40,86,163,4,42,46,209
03/27/2004,ROW,NM,ASW,WE,Towers with Radar,0,9,0,0,9,0,0,48,0,48,0,9,48,0,57,29,0,29,86
03/28/2004,ROW,NM,ASW,WE,Towers with Radar,0,7,2,10,19,0,0,17,0,17,0,7,19,10,36,24,4,28,64
03/29/2004,ROW,NM,ASW,WE,Towers with Radar,0,19,3,53,75,0,6,87,18,111,0,25,90,71,186,102,50,152,338
03/30/2004,ROW,NM,ASW,WE,Towers with Radar,0,23,21,56,100,0,0,12,29,41,0,23,33,85,141,54,71,125,266
03/31/2004,ROW,NM,ASW,WE,Towers with Radar,0,22,19,23,64,0,1,38,4,43,0,23,57,27,107,28,36,64,171
04/01/2004,ROW,NM,ASW,WE,Towers with Radar,0,28,4,31,63,0,4,72,0,76,0,32,76,31,139,18,12,30,169
04/02/2004,ROW,NM,ASW,WE,Towers with Radar,1,31,17,3,52,0,6,66,4,76,1,37,83,7,128,0,0,0,128
04/03/2004,ROW,NM,ASW,WE,Towers with Radar,0,14,27,0,41,0,0,49,0,49,0,14,76,0,90,28,0,28,118
04/04/2004,ROW,NM,ASW,WE,Towers with Radar,0,9,6,4,19,0,0,1,0,1,0,9,7,4,20,0,0,0,20
04/05/2004,ROW,NM,ASW,WE,Towers with Radar,1,28,14,28,71,0,0,24,27,51,1,28,38,55,122,66,6,72,194
04/06/2004,ROW,NM,ASW,WE,Towers with Radar,0,23,23,44,90,0,0,20,0,20,0,23,43,44,110,29,114,143,253
04/07/2004,ROW,NM,ASW,WE,Towers with Radar,0,17,8,81,106,0,2,59,17,78,0,19,67,98,184,6,40,46,230
04/08/2004,ROW,NM,ASW,WE,Towers with Radar,0,26,11,7,44,0,5,17,0,22,0,31,28,7,66,4,0,4,70
04/09/2004,ROW,NM,ASW,WE,Towers with Radar,0,25,10,62,97,0,11,40,26,77,0,36,50,88,174,102,88,190,364
04/10/2004,ROW,NM,ASW,WE,Towers with Radar,0,12,8,0,20,0,1,8,0,9,0,13,16,0,29,31,0,31,60
04/11/2004,ROW,NM,ASW,WE,Towers with Radar,0,5,3,0,8,0,0,2,0,2,0,5,5,0,10,0,0,0,10
04/12/2004,ROW,NM,ASW,WE,Towers with Radar,0,25,17,30,72,0,9,44,0,53,0,34,61,30,125,36,24,60,185
04/13/2004,ROW,NM,ASW,WE,Towers with Radar,0,24,10,41,75,0,0,55,0,55,0,24,65,41,130,30,105,135,265
04/14/2004,ROW,NM,ASW,WE,Towers with Radar,0,27,34,69,130,0,13,11,0,24,0,40,45,69,154,33,90,123,277
04/15/2004,ROW,NM,ASW,WE,Towers with Radar,0,28,14,43,85,0,0,43,2,45,0,28,57,45,130,84,63,147,277
04/16/2004,ROW,NM,ASW,WE,Towers with Radar,0,33,14,75,122,0,9,43,15,67,0,42,57,90,189,54,126,180,369
04/17/2004,ROW,NM,ASW,WE,Towers with Radar,0,18,22,11,51,0,5,3,0,8,0,23,25,11,59,2,22,24,83
04/18/2004,ROW,NM,ASW,WE,Towers with Radar,0,9,4,6,19,0,0,13,0,13,0,9,17,6,32,0,0,0,32
04/19/2004,ROW,NM,ASW,WE,Towers with Radar,0,30,29,29,88,0,0,19,0,19,0,30,48,29,107,43,54,97,204
04/20/2004,ROW,NM,ASW,WE,Towers with Radar,0,27,16,59,102,0,2,24,0,26,0,29,40,59,128,12,63,75,203
04/21/2004,ROW,NM,ASW,WE,Towers with Radar,0,22,14,45,81,0,0,33,1,34,0,22,47,46,115,32,32,64,179
04/22/2004,ROW,NM,ASW,WE,Towers with Radar,1,35,14,70,120,0,0,42,23,65,1,35,56,93,185,30,118,148,333
04/23/2004,ROW,NM,ASW,WE,Towers with Radar,0,33,24,89,146,0,0,48,1,49,0,33,72,90,195,6,53,59,254
04/24/2004,ROW,NM,ASW,WE,Towers with Radar,0,10,4,5,19,0,0,32,0,32,0,10,36,5,51,20,0,20,71
04/25/2004,ROW,NM,ASW,WE,Towers with Radar,0,9,6,25,40,0,3,96,8,107,0,12,102,33,147,2,8,10,157
04/26/2004,ROW,NM,ASW,WE,Towers with Radar,0,19,37,36,92,0,10,37,23,70,0,29,74,59,162,48,92,140,302
04/27/2004,ROW,NM,ASW,WE,Towers with Radar,1,20,23,25,69,0,5,25,0,30,1,25,48,25,99,6,42,48,147
04/28/2004,ROW,NM,ASW,WE,Towers with Radar,0,25,18,41,84,0,2,28,0,30,0,27,46,41,114,5,64,69,183
04/29/2004,ROW,NM,ASW,WE,Towers with Radar,2,28,17,45,92,0,15,56,13,84,2,43,73,58,176,32,37,69,245
04/30/2004,ROW,NM,ASW,WE,Towers with Radar,0,28,4,124,156,0,5,34,0,39,0,33,38,124,195,1,70,71,266
05/01/2004,ROW,NM,ASW,WE,Towers with Radar,0,12,14,15,41,0,3,14,1,18,0,15,28,16,59,41,28,69,128
05/02/2004,ROW,NM,ASW,WE,Towers with Radar,0,11,10,44,65,0,8,185,2,195,0,19,195,46,260,0,8,8,268
05/03/2004,ROW,NM,ASW,WE,Towers with Radar,1,18,11,59,89,0,7,42,20,69,1,25,53,79,158,78,100,178,336
05/04/2004,ROW,NM,ASW,WE,Towers with Radar,0,25,30,47,102,0,0,32,1,33,0,25,62,48,135,43,80,123,258
05/05/2004,ROW,NM,ASW,WE,Towers with Radar,0,26,19,48,93,0,6,39,0,45,0,32,58,48,138,20,100,120,258
05/06/2004,ROW,NM,ASW,WE,Towers with Radar,0,34,32,80,146,0,7,66,22,95,0,41,98,102,241,54,60,114,355
05/07/2004,ROW,NM,ASW,WE,Towers with Radar,0,29,11,28,68,0,3,4,4,11,0,32,15,32,79,0,23,23,102
05/08/2004,ROW,NM,ASW,WE,Towers with Radar,0,10,18,3,31,0,0,31,0,31,0,10,49,3,62,40,4,44,106
05/09/2004,ROW,NM,ASW,WE,Towers with Radar,0,10,6,3,19,0,2,75,10,87,0,12,81,13,106,46,14,60,166
05/10/2004,ROW,NM,ASW,WE,Towers with Radar,0,19,6,26,51,0,12,43,14,69,0,31,49,40,120,20,58,78,198
05/11/2004,ROW,NM,ASW,WE,Towers with Radar,0,36,25,73,134,0,1,21,9,31,0,37,46,82,165,67,56,123,288
05/12/2004,ROW,NM,ASW,WE,Towers with Radar,2,28,38,42,110,0,0,28,22,50,2,28,66,64,160,31,32,63,223
05/13/2004,ROW,NM,ASW,WE,Towers with Radar,0,29,24,62,115,0,1,18,0,19,0,30,42,62,134,11,107,118,252
05/14/2004,ROW,NM,ASW,WE,Towers with Radar,0,32,15,61,108,0,9,24,8,41,0,41,39,69,149,52,10,62,211
05/15/2004,ROW,NM,ASW,WE,Towers with Radar,0,9,12,0,21,0,0,49,10,59,0,9,61,10,80,24,0,24,104
05/16/2004,ROW,NM,ASW,WE,Towers with Radar,0,9,21,1,31,0,10,3,0,13,0,19,24,1,44,0,0,0,44
05/17/2004,ROW,NM,ASW,WE,Towers with Radar,1,24,14,70,109,0,6,28,74,108,1,30,42,144,217,60,146,206,423
05/18/2004,ROW,NM,ASW,WE,Towers with Radar,0,29,7,8,44,0,6,39,2,47,0,35,46,10,91,22,0,22,113
05/19/2004,ROW,NM,ASW,WE,Towers with Radar,0,24,2,43,69,0,12,24,25,61,0,36,26,68,130,0,21,21,151
05/20/2004,ROW,NM,ASW,WE,Towers with Radar,0,39,13,57,109,0,0,39,22,61,0,39,52,79,170,12,80,92,262
05/21/2004,ROW,NM,ASW,WE,Towers with Radar,0,32,19,65,116,0,1,42,54,97,0,33,61,119,213,0,103,103,316
05/22/2004,ROW,NM,ASW,WE,Towers with Radar,3,11,4,8,26,0,0,9,0,9,3,11,13,8,35,0,0,0,35
05/23/2004,ROW,NM,ASW,WE,Towers with Radar,0,9,31,13,53,0,1,20,0,21,0,10,51,13,74,10,0,10,84
05/24/2004,ROW,NM,ASW,WE,Towers with Radar,0,20,15,35,70,0,5,44,46,95,0,25,59,81,165,8,54,62,227
05/25/2004,ROW,NM,ASW,WE,Towers with Radar,0,28,3,96,127,0,4,37,0,41,0,32,40,96,168,110,130,240,408
05/26/2004,ROW,NM,ASW,WE,Towers with Radar,0,30,8,55,93,0,7,25,32,64,0,37,33,87,157,44,88,132,289
05/27/2004,ROW,NM,ASW,WE,Towers with Radar,0,29,23,8,60,2,6,22,0,30,2,35,45,8,90,22,14,36,126
05/28/2004,ROW,NM,ASW,WE,Towers with Radar,0,26,25,9,60,0,1,63,10,74,0,27,88,19,134,33,0,33,167
05/29/2004,ROW,NM,ASW,WE,Towers with Radar,0,12,18,0,30,0,7,14,0,21,0,19,32,0,51,0,0,0,51
05/30/2004,ROW,NM,ASW,WE,Towers with Radar,0,9,3,0,12,0,2,63,0,65,0,11,66,0,77,0,0,0,77
05/31/2004,ROW,NM,ASW,WE,Towers with Radar,0,13,10,0,23,0,0,144,0,144,0,13,154,0,167,32,0,32,199
06/01/2004,ROW,NM,ASW,WE,Towers with Radar,0,22,16,40,78,0,10,12,31,53,0,32,28,71,131,14,122,136,267
06/02/2004,ROW,NM,ASW,WE,Towers with Radar,0,28,25,58,111,0,0,26,0,26,0,28,51,58,137,43,98,141,278
06/03/2004,ROW,NM,ASW,WE,Towers with Radar,0,34,32,79,145,0,0,14,8,22,0,34,46,87,167,60,14,74,241
06/04/2004,ROW,NM,ASW,WE,Towers with Radar,0,29,22,34,85,0,9,82,0,91,0,38,104,34,176,76,70,146,322
06/05/2004,ROW,NM,ASW,WE,Towers with Radar,0,7,5,3,15,0,3,66,0,69,0,10,71,3,84,66,0,66,150
06/06/2004,ROW,NM,ASW,WE,Towers with Radar,0,4,4,0,8,0,3,72,0,75,0,7,76,0,83,0,0,0,83
06/07/2004,ROW,NM,ASW,WE,Towers with Radar,0,23,17,40,80,0,9,50,29,88,0,32,67,69,168,26,52,78,246
06/08/2004,ROW,NM,ASW,WE,Towers with Radar,0,32,25,60,117,0,0,7,23,30,0,32,32,83,147,14,80,94,241
06/09/2004,ROW,NM,ASW,WE,Towers with Radar,0,26,20,47,93,0,7,25,24,56,0,33,45,71,149,6,84,90,239
06/10/2004,ROW,NM,ASW,WE,Towers with Radar,0,33,33,78,144,1,0,10,18,29,1,33,43,96,173,34,102,136,309
06/11/2004,ROW,NM,ASW,WE,Towers with Radar,0,25,18,32,75,0,13,74,0,87,0,38,92,32,162,54,26,80,242
06/12/2004,ROW,NM,ASW,WE,Towers with Radar,0,5,3,0,8,0,7,51,0,58,0,12,54,0,66,30,0,30,96
06/13/2004,ROW,NM,ASW,WE,Towers with Radar,0,7,8,19,34,0,0,137,33,170,0,7,145,52,204,66,48,114,318
06/14/2004,ROW,NM,ASW,WE,Towers with Radar,0,19,14,35,68,0,6,56,49,111,0,25,70,84,179,48,95,143,322
06/15/2004,ROW,NM,ASW,WE,Towers with Radar,0,33,26,64,123,1,0,31,45,77,1,33,57,109,200,30,46,76,276
06/16/2004,ROW,NM,ASW,WE,Towers with Radar,0,35,24,59,118,0,0,34,11,45,0,35,58,70,163,38,83,121,284
06/17/2004,ROW,NM,ASW,WE,Towers with Radar,0,29,20,48,97,0,1,30,0,31,0,30,50,48,128,32,49,81,209
06/18/2004,ROW,NM,ASW,WE,Towers with Radar,0,31,24,49,104,0,0,26,0,26,0,31,50,49,130,42,18,60,190
06/19/2004,ROW,NM,ASW,WE,Towers with Radar,0,11,8,2,21,0,3,127,0,130,0,14,135,2,151,0,0,0,151
06/20/2004,ROW,NM,ASW,WE,Towers with Radar,0,11,7,16,34,1,3,26,0,30,1,14,33,16,64,6,0,6,70
06/21/2004,ROW,NM,ASW,WE,Towers with Radar,0,23,16,39,78,0,13,28,9,50,0,36,44,48,128,12,38,50,178
06/22/2004,ROW,NM,ASW,WE,Towers with Radar,0,30,21,49,100,0,9,26,0,35,0,39,47,49,135,6,44,50,185
06/23/2004,ROW,NM,ASW,WE,Towers with Radar,0,32,23,30,85,0,12,59,0,71,0,44,82,30,156,127,18,145,301
06/24/2004,ROW,NM,ASW,WE,Towers with Radar,0,33,28,59,120,0,0,60,0,60,0,33,88,59,180,76,116,192,372
06/25/2004,ROW,NM,ASW,WE,Towers with Radar,0,24,17,40,81,0,8,35,3,46,0,32,52,43,127,16,38,54,181
06/26/2004,ROW,NM,ASW,WE,Towers with Radar,0,11,7,17,35,0,1,28,0,29,0,12,35,17,64,6,44,50,114
06/27/2004,ROW,NM,ASW,WE,Towers with Radar,0,9,7,4,20,0,0,39,0,39,0,9,46,4,59,10,0,10,69
06/28/2004,ROW,NM,ASW,WE,Towers with Radar,0,25,17,27,69,0,2,146,0,148,0,27,163,27,217,68,48,116,333
06/29/2004,ROW,NM,ASW,WE,Towers with Radar,0,27,19,15,61,0,7,42,0,49,0,34,61,15,110,93,28,121,231
06/30/2004,ROW,NM,ASW,WE,Towers with Radar,0,26,21,43,90,0,0,51,0,51,0,26,72,43,141,144,74,218,359
07/01/2004,ROW,NM,ASW,WE,Towers with Radar,0,26,21,49,96,0,0,89,0,89,0,26,110,49,185,62,64,126,311
07/02/2004,ROW,NM,ASW,WE,Towers with Radar,0,13,9,9,31,0,32,67,0,99,0,45,76,9,130,140,36,176,306
07/03/2004,ROW,NM,ASW,WE,Towers with Radar,0,4,3,0,7,0,3,98,0,101,0,7,101,0,108,50,0,50,158
07/04/2004,ROW,NM,ASW,WE,Towers with Radar,0,8,6,0,14,0,0,18,0,18,0,8,24,0,32,6,0,6,38
07/05/2004,ROW,NM,ASW,WE,Towers with Radar,0,6,5,0,11,0,15,99,0,114,0,21,104,0,125,4,0,4,129
07/06/2004,ROW,NM,ASW,WE,Towers with Radar,0,24,19,44,87,0,0,17,27,44,0,24,36,71,131,47,48,95,226
07/07/2004,ROW,NM,ASW,WE,Towers with Radar,0,28,20,50,98,0,2,9,16,27,0,30,29,66,125,61,76,137,262
07/08/2004,ROW,NM,ASW,WE,Towers with Radar,0,34,24,35,93,0,4,30,0,34,0,38,54,35,127,49,10,59,186
07/09/2004,ROW,NM,ASW,WE,Towers with Radar,0,20,15,33,68,0,3,44,0,47,0,23,59,33,115,48,52,100,215
07/10/2004,ROW,NM,ASW,WE,Towers with Radar,0,9,7,18,34,0,2,36,22,60,0,11,43,40,94,6,6,12,106
07/11/2004,ROW,NM,ASW,WE,Towers with Radar,0,7,7,17,31,0,0,185,28,213,0,7,192,45,244,6,48,54,298
07/12/2004,ROW,NM,ASW,WE,Towers with Radar,0,28,21,40,89,0,0,63,0,63,0,28,84,40,152,37,24,61,213
07/13/2004,ROW,NM,ASW,WE,Towers with Radar,0,27,18,44,89,0,2,39,20,61,0,29,57,64,150,2,62,64,214
07/14/2004,ROW,NM,ASW,WE,Towers with Radar,0,20,14,34,68,0,12,44,9,65,0,32,58,43,133,46,48,94,227
07/15/2004,ROW,NM,ASW,WE,Towers with Radar,0,35,32,76,143,0,0,51,20,71,0,35,83,96,214,26,66,92,306
07/16/2004,ROW,NM,ASW,WE,Towers with Radar,0,34,24,56,114,0,1,20,53,74,0,35,44,109,188,34,84,118,306
07/17/2004,ROW,NM,ASW,WE,Towers with Radar,0,14,11,26,51,0,0,23,16,39,0,14,34,42,90,0,23,23,113
07/18/2004,ROW,NM,ASW,WE,Towers with Radar,0,3,1,0,4,0,7,86,0,93,0,10,87,0,97,32,0,32,129
07/19/2004,ROW,NM,ASW,WE,Towers with Radar,0,27,21,27,75,0,0,149,0,149,0,27,170,27,224,22,28,50,274
07/20/2004,ROW,NM,ASW,WE,Towers with Radar,0,26,19,22,67,0,8,30,0,38,0,34,49,22,105,26,28,54,159
07/21/2004,ROW,NM,ASW,WE,Towers with Radar,0,34,27,40,101,0,0,63,0,63,0,34,90,40,164,30,34,64,228
07/22/2004,ROW,NM,ASW,WE,Towers with Radar,0,32,23,44,99,0,0,83,0,83,0,32,106,44,182,62,16,78,260
07/23/2004,ROW,NM,ASW,WE,Towers with Radar,0,37,26,15,78,1,1,37,0,39,1,38,63,15,117,71,6,77,194
07/24/2004,ROW,NM,ASW,WE,Towers with Radar,0,12,10,0,22,0,0,68,0,68,0,12,78,0,90,44,0,44,134
07/25/2004,ROW,NM,ASW,WE,Towers with Radar,0,7,5,0,12,0,5,13,0,18,0,12,18,0,30,0,0,0,30
07/26/2004,ROW,NM,ASW,WE,Towers with Radar,0,22,15,38,75,0,9,51,21,81,0,31,66,59,156,50,40,90,246
07/27/2004,ROW,NM,ASW,WE,Towers with Radar,0,24,17,29,70,0,6,41,0,47,0,30,58,29,117,2,6,8,125
07/28/2004,ROW,NM,ASW,WE,Towers with Radar,0,19,13,28,60,0,11,89,0,100,0,30,102,28,160,10,10,20,180
07/29/2004,ROW,NM,ASW,WE,Towers with Radar,0,39,27,66,132,0,3,35,44,82,0,42,62,110,214,10,94,104,318
07/30/2004,ROW,NM,ASW,WE,Towers with Radar,0,29,24,42,95,0,0,54,0,54,0,29,78,42,149,62,36,98,247
07/31/2004,ROW,NM,ASW,WE,Towers with Radar,0,16,12,6,34,0,0,54,0,54,0,16,66,6,88,46,0,46,134
08/01/2004,ROW,NM,ASW,WE,Towers with Radar,0,6,5,6,17,0,3,33,0,36,0,9,38,6,53,28,0,28,81
08/02/2004,ROW,NM,ASW,WE,Towers with Radar,0,15,12,22,49,0,10,101,3,114,0,25,113,25,163,70,48,118,281
08/03/2004,ROW,NM,ASW,WE,Towers with Radar,0,12,9,17,38,0,28,31,8,67,0,40,40,25,105,34,18,52,157
08/04/2004,ROW,NM,ASW,WE,Towers with Radar,0,16,11,21,48,0,15,41,17,73,0,31,52,38,121,28,70,98,219
08/05/2004,ROW,NM,ASW,WE,Towers with Radar,0,28,21,27,76,0,0,72,0,72,0,28,93,27,148,38,64,102,250
08/06/2004,ROW,NM,ASW,WE,Towers with Radar,0,29,24,34,87,0,0,51,0,51,0,29,75,34,138,64,8,72,210
08/07/2004,ROW,NM,ASW,WE,Towers with Radar,1,6,5,6,18,0,5,28,0,33,1,11,33,6,51,24,4,28,79
08/08/2004,ROW,NM,ASW,WE,Towers with Radar,1,5,4,6,16,0,17,132,0,149,1,22,136,6,165,0,2,2,167
08/09/2004,ROW,NM,ASW,WE,Towers with Radar,0,22,16,15,53,0,5,91,0,96,0,27,107,15,149,70,14,84,233
08/10/2004,ROW,NM,ASW,WE,Towers with Radar,0,18,12,13,43,0,13,16,0,29,0,31,28,13,72,36,14,50,122
08/11/2004,ROW,NM,ASW,WE,Towers with Radar,0,24,18,19,61,0,6,20,0,26,0,30,38,19,87,5,21,26,113
08/12/2004,ROW,NM,ASW,WE,Towers with Radar,0,27,31,20,78,0,0,29,0,29,0,27,60,20,107,0,36,36,143
08/13/2004,ROW,NM,ASW,WE,Towers with Radar,0,30,23,35,88,0,6,38,0,44,0,36,61,35,132,58,12,70,202
08/14/2004,ROW,NM,ASW,WE,Towers with Radar,0,10,8,2,20,0,0,21,0,21,0,10,29,2,41,22,0,22,63
08/15/2004,ROW,NM,ASW,WE,Towers with Radar,0,12,10,2,24,1,0,33,0,34,1,12,43,2,58,42,0,42,100
08/16/2004,ROW,NM,ASW,WE,Towers with Radar,0,24,27,29,80,0,0,12,0,12,0,24,39,29,92,10,26,36,128
08/17/2004,ROW,NM,ASW,WE,Towers with Radar,0,25,19,20,64,0,0,25,0,25,0,25,44,20,89,0,26,26,115
08/18/2004,ROW,NM,ASW,WE,Towers with Radar,0,19,13,23,55,0,12,29,2,43,0,31,42,25,98,26,20,46,144
08/19/2004,ROW,NM,ASW,WE,Towers with Radar,0,21,22,25,68,0,0,14,0,14,0,21,36,25,82,0,28,28,110
08/20/2004,ROW,NM,ASW,WE,Towers with Radar,0,33,30,25,88,0,0,3,0,3,0,33,33,25,91,8,38,46,137
08/21/2004,ROW,NM,ASW,WE,Towers with Radar,0,9,7,0,16,0,2,76,0,78,0,11,83,0,94,14,0,14,108
08/22/2004,ROW,NM,ASW,WE,Towers with Radar,0,9,7,1,17,2,0,14,0,16,2,9,21,1,33,34,4,38,71
08/23/2004,ROW,NM,ASW,WE,Towers with Radar,0,21,16,26,63,0,9,22,44,75,0,30,38,70,138,46,56,102,240
08/24/2004,ROW,NM,ASW,WE,Towers with Radar,0,26,27,44,97,0,0,12,19,31,0,26,39,63,128,0,72,72,200
08/25/2004,ROW,NM,ASW,WE,Towers with Radar,0,27,26,45,98,0,0,27,39,66,0,27,53,84,164,34,106,140,304
08/26/2004,ROW,NM,ASW,WE,Towers with Radar,0,19,14,25,58,0,14,40,7,61,0,33,54,32,119,40,26,66,185
08/27/2004,ROW,NM,ASW,WE,Towers with Radar,0,29,28,52,109,0,0,0,34,34,0,29,28,86,143,24,112,136,279
08/28/2004,ROW,NM,ASW,WE,Towers with Radar,0,7,5,9,21,0,5,30,0,35,0,12,35,9,56,36,22,58,114
08/29/2004,ROW,NM,ASW,WE,Towers with Radar,0,9,9,17,35,1,0,8,0,9,1,9,17,17,44,12,0,12,56
08/30/2004,ROW,NM,ASW,WE,Towers with Radar,0,22,15,27,64,0,10,67,37,114,0,32,82,64,178,2,96,98,276
08/31/2004,ROW,NM,ASW,WE,Towers with Radar,0,24,25,44,93,0,0,27,4,31,0,24,52,48,124,44,80,124,248
09/01/2004,ROW,NM,ASW,WE,Towers with Radar,0,28,20,39,87,0,1,51,0,52,0,29,71,39,139,76,42,118,257
09/02/2004,ROW,NM,ASW,WE,Towers with Radar,0,35,27,13,75,0,1,39,6,46,0,36,66,19,121,112,0,112,233
09/03/2004,ROW,NM,ASW,WE,Towers with Radar,0,41,16,103,160,0,1,23,1,25,0,42,39,104,185,8,58,66,251
09/04/2004,ROW,NM,ASW,WE,Towers with Radar,0,14,19,2,35,0,0,19,0,19,0,14,38,2,54,30,0,30,84
09/05/2004,ROW,NM,ASW,WE,Towers with Radar,2,6,9,14,31,0,0,56,11,67,2,6,65,25,98,6,54,60,158
09/06/2004,ROW,NM,ASW,WE,Towers with Radar,0,14,5,20,39,0,1,107,18,126,0,15,112,38,165,20,14,34,199
09/07/2004,ROW,NM,ASW,WE,Towers with Radar,0,28,20,25,73,0,0,31,0,31,0,28,51,25,104,2,10,12,116
09/08/2004,ROW,NM,ASW,WE,Towers with Radar,0,24,20,28,72,0,6,36,0,42,0,30,56,28,114,50,14,64,178
09/09/2004,ROW,NM,ASW,WE,Towers with Radar,0,30,23,4,57,0,2,18,4,24,0,32,41,8,81,28,0,28,109
09/10/2004,ROW,NM,ASW,WE,Towers with Radar,0,34,14,52,100,0,0,21,0,21,0,34,35,52,121,68,78,146,267
09/11/2004,ROW,NM,ASW,WE,Towers with Radar,0,12,4,61,77,0,0,49,10,59,0,12,53,71,136,22,32,54,190
09/12/2004,ROW,NM,ASW,WE,Towers with Radar,2,10,9,1,22,0,1,54,5,60,2,11,63,6,82,20,0,20,102
09/13/2004,ROW,NM,ASW,WE,Towers with Radar,0,21,27,21,69,0,5,77,21,103,0,26,104,42,172,28,34,62,234
09/14/2004,ROW,NM,ASW,WE,Towers with Radar,0,32,16,30,78,0,0,28,0,28,0,32,44,30,106,8,12,20,126
09/15/2004,ROW,NM,ASW,WE,Towers with Radar,0,29,27,62,118,0,0,24,0,24,0,29,51,62,142,32,19,51,193
09/16/2004,ROW,NM,ASW,WE,Towers with Radar,0,37,20,55,112,0,0,35,36,71,0,37,55,91,183,38,46,84,267
09/17/2004,ROW,NM,ASW,WE,Towers with Radar,0,38,24,21,83,0,0,38,6,44,0,38,62,27,127,16,32,48,175
09/18/2004,ROW,NM,ASW,WE,Towers with Radar,0,9,4,0,13,0,2,49,0,51,0,11,53,0,64,0,24,24,88
09/19/2004,ROW,NM,ASW,WE,Towers with Radar,3,11,8,0,22,0,0,15,0,15,3,11,23,0,37,0,0,0,37
09/20/2004,ROW,NM,ASW,WE,Towers with Radar,0,20,26,19,65,0,2,84,0,86,0,22,110,19,151,38,14,52,203
09/21/2004,ROW,NM,ASW,WE,Towers with Radar,0,39,22,34,95,0,0,21,0,21,0,39,43,34,116,58,42,100,216
09/22/2004,ROW,NM,ASW,WE,Towers with Radar,1,29,29,50,109,0,8,34,0,42,1,37,63,50,151,20,52,72,223
09/23/2004,ROW,NM,ASW,WE,Towers with Radar,1,33,19,46,99,0,3,49,10,62,1,36,68,56,161,47,120,167,328
09/24/2004,ROW,NM,ASW,WE,Towers with Radar,0,44,21,70,135,0,11,28,0,39,0,55,49,70,174,52,92,144,318
09/25/2004,ROW,NM,ASW,WE,Towers with Radar,2,18,13,0,33,0,0,0,0,0,2,18,13,0,33,240,0,240,273
09/26/2004,ROW,NM,ASW,WE,Towers with Radar,2,9,3,0,14,0,0,5,0,5,2,9,8,0,19,0,0,0,19
09/27/2004,ROW,NM,ASW,WE,Towers with Radar,1,24,7,0,32,0,5,9,0,14,1,29,16,0,46,14,10,24,70
09/28/2004,ROW,NM,ASW,WE,Towers with Radar,0,32,17,16,65,0,5,6,5,16,0,37,23,21,81,0,6,6,87
09/29/2004,ROW,NM,ASW,WE,Towers with Radar,0,20,11,10,41,0,5,11,0,16,0,25,22,10,57,20,4,24,81
09/30/2004,ROW,NM,ASW,WE,Towers with Radar,0,42,49,23,114,0,0,0,0,0,0,42,49,23,114,40,4,44,158
10/01/2004,ROW,NM,ASW,WE,Towers with Radar,1,25,13,26,65,0,0,58,0,58,1,25,71,26,123,6,4,10,133
10/02/2004,ROW,NM,ASW,WE,Towers with Radar,2,13,6,0,21,0,0,27,0,27,2,13,33,0,48,22,0,22,70
10/03/2004,ROW,NM,ASW,WE,Towers with Radar,0,8,9,0,17,0,0,2,0,2,0,8,11,0,19,0,0,0,19
10/04/2004,ROW,NM,ASW,WE,Towers with Radar,0,25,14,15,54,0,6,23,9,38,0,31,37,24,92,30,0,30,122
10/05/2004,ROW,NM,ASW,WE,Towers with Radar,0,31,5,0,36,0,0,0,0,0,0,31,5,0,36,0,0,0,36
10/06/2004,ROW,NM,ASW,WE,Towers with Radar,0,34,7,30,71,0,6,14,14,34,0,40,21,44,105,22,30,52,157
10/07/2004,ROW,NM,ASW,WE,Towers with Radar,0,40,23,67,130,0,0,30,12,42,0,40,53,79,172,30,58,88,260
10/08/2004,ROW,NM,ASW,WE,Towers with Radar,0,32,9,59,100,0,6,24,1,31,0,38,33,60,131,20,164,184,315
10/09/2004,ROW,NM,ASW,WE,Towers with Radar,0,17,23,0,40,0,0,22,0,22,0,17,45,0,62,0,0,0,62
10/10/2004,ROW,NM,ASW,WE,Towers with Radar,0,8,11,0,19,0,0,16,0,16,0,8,27,0,35,8,0,8,43
10/11/2004,ROW,NM,ASW,WE,Towers with Radar,0,23,6,17,46,0,11,24,3,38,0,34,30,20,84,2,0,2,86
10/12/2004,ROW,NM,ASW,WE,Towers with Radar,0,28,21,14,63,0,6,33,10,49,0,34,54,24,112,0,0,0,112
10/13/2004,ROW,NM,ASW,WE,Towers with Radar,0,37,29,15,81,0,13,4,8,25,0,50,33,23,106,4,10,14,120
10/14/2004,ROW,NM,ASW,WE,Towers with Radar,0,27,20,51,98,0,10,16,4,30,0,37,36,55,128,40,62,102,230
10/15/2004,ROW,NM,ASW,WE,Towers with Radar,0,34,32,180,246,0,3,24,0,27,0,37,56,180,273,50,28,78,351
10/16/2004,ROW,NM,ASW,WE,Towers with Radar,0,20,23,16,59,0,0,15,0,15,0,20,38,16,74,160,0,160,234
10/17/2004,ROW,NM,ASW,WE,Towers with Radar,0,10,18,50,78,0,1,33,0,34,0,11,51,50,112,144,12,156,268
10/18/2004,ROW,NM,ASW,WE,Towers with Radar,0,21,18,19,58,0,0,14,27,41,0,21,32,46,99,36,28,64,163
10/19/2004,ROW,NM,ASW,WE,Towers with Radar,2,28,38,18,86,1,5,21,0,27,3,33,59,18,113,32,7,39,152
10/20/2004,ROW,NM,ASW,WE,Towers with Radar,0,28,22,29,79,0,15,36,0,51,0,43,58,29,130,100,8,108,238
10/21/2004,ROW,NM,ASW,WE,Towers with Radar,0,37,12,28,77,0,22,51,0,73,0,59,63,28,150,98,16,114,264
10/22/2004,ROW,NM,ASW,WE,Towers with Radar,0,27,18,59,104,0,1,1,4,6,0,28,19,63,110,8,70,78,188
10/23/2004,ROW,NM,ASW,WE,Towers with Radar,0,7,5,0,12,0,7,13,0,20,0,14,18,0,32,10,0,10,42
10/24/2004,ROW,NM,ASW,WE,Towers with Radar,0,12,14,2,28,0,0,10,2,12,0,12,24,4,40,14,4,18,58
10/25/2004,ROW,NM,ASW,WE,Towers with Radar,1,27,32,34,94,0,0,0,0,0,1,27,32,34,94,92,82,174,268
10/26/2004,ROW,NM,ASW,WE,Towers with Radar,0,28,16,2,46,0,0,19,0,19,0,28,35,2,65,32,8,40,105
10/27/2004,ROW,NM,ASW,WE,Towers with Radar,0,28,29,41,98,0,17,23,0,40,0,45,52,41,138,6,34,40,178
10/28/2004,ROW,NM,ASW,WE,Towers with Radar,0,41,13,19,73,0,4,28,37,69,0,45,41,56,142,20,28,48,190
10/29/2004,ROW,NM,ASW,WE,Towers with Radar,1,30,8,16,55,0,3,29,0,32,1,33,37,16,87,143,8,151,238
10/30/2004,ROW,NM,ASW,WE,Towers with Radar,0,13,7,1,21,0,0,27,0,27,0,13,34,1,48,74,0,74,122
10/31/2004,ROW,NM,ASW,WE,Towers with Radar,0,11,11,0,22,0,0,1,0,1,0,11,12,0,23,0,0,0,23
11/01/2004,ROW,NM,ASW,WE,Combined TRACON& Tower with Radar,0,23,28,22,73,0,3,21,23,47,0,26,49,45,120,15,120,135,255
11/02/2004,ROW,NM,ASW,WE,Combined TRACON& Tower with Radar,0,27,3,10,40,0,2,19,0,21,0,29,22,10,61,0,10,10,71
11/03/2004,ROW,NM,ASW,WE,Combined TRACON& Tower with Radar,0,25,24,84,133,0,24,23,7,54,0,49,47,91,187,64,104,168,355
11/04/2004,ROW,NM,ASW,WE,Combined TRACON& Tower with Radar,0,31,35,18,84,0,14,28,4,46,0,45,63,22,130,92,56,148,278
11/05/2004,ROW,NM,ASW,WE,Combined TRACON& Tower with Radar,0,34,24,10,68,0,0,41,0,41,0,34,65,10,109,93,16,109,218
11/06/2004,ROW,NM,ASW,WE,Combined TRACON& Tower with Radar,0,11,11,9,31,0,1,26,0,27,0,12,37,9,58,73,16,89,147
11/07/2004,ROW,NM,ASW,WE,Combined TRACON& Tower with Radar,0,8,5,10,23,0,0,17,4,21,0,8,22,14,44,170,0,170,214
11/08/2004,ROW,NM,ASW,WE,Combined TRACON& Tower with Radar,0,23,15,14,52,0,10,58,33,101,0,33,73,47,153,82,68,150,303
11/09/2004,ROW,NM,ASW,WE,Combined TRACON& Tower with Radar,0,29,36,36,101,0,11,18,0,29,0,40,54,36,130,8,2,10,140
11/10/2004,ROW,NM,ASW,WE,Combined TRACON& Tower with Radar,0,30,8,10,48,0,0,60,10,70,0,30,68,20,118,42,18,60,178
11/11/2004,ROW,NM,ASW,WE,Combined TRACON& Tower with Radar,1,26,22,3,52,0,13,85,0,98,1,39,107,3,150,104,6,110,260
11/12/2004,ROW,NM,ASW,WE,Combined TRACON& Tower with Radar,0,36,35,13,84,0,3,10,0,13,0,39,45,13,97,71,32,103,200
11/13/2004,ROW,NM,ASW,WE,Combined TRACON& Tower with Radar,0,17,5,0,22,0,0,0,0,0,0,17,5,0,22,0,0,0,22
11/14/2004,ROW,NM,ASW,WE,Combined TRACON& Tower with Radar,0,11,8,2,21,0,0,0,0,0,0,11,8,2,21,0,0,0,21
11/15/2004,ROW,NM,ASW,WE,Combined TRACON& Tower with Radar,0,27,4,16,47,0,3,13,0,16,0,30,17,16,63,8,20,28,91
11/16/2004,ROW,NM,ASW,WE,Combined TRACON& Tower with Radar,1,41,14,2,58,0,11,27,0,38,1,52,41,2,96,67,12,79,175
11/17/2004,ROW,NM,ASW,WE,Combined TRACON& Tower with Radar,1,27,46,55,129,0,12,55,0,67,1,39,101,55,196,129,86,215,411
11/18/2004,ROW,NM,ASW,WE,Combined TRACON& Tower with Radar,0,27,56,49,132,0,12,40,45,97,0,39,96,94,229,182,64,246,475
11/19/2004,ROW,NM,ASW,WE,Combined TRACON& Tower with Radar,0,34,47,74,155,0,0,9,1,10,0,34,56,75,165,80,32,112,277
11/20/2004,ROW,NM,ASW,WE,Combined TRACON& Tower with Radar,0,12,19,8,39,0,1,12,0,13,0,13,31,8,52,66,0,66,118
11/21/2004,ROW,NM,ASW,WE,Combined TRACON& Tower with Radar,0,8,10,7,25,0,0,0,0,0,0,8,10,7,25,0,0,0,25
11/22/2004,ROW,NM,ASW,WE,Combined TRACON& Tower with Radar,0,29,24,48,101,0,0,8,26,34,0,29,32,74,135,16,72,88,223
11/23/2004,ROW,NM,ASW,WE,Combined TRACON& Tower with Radar,0,33,13,20,66,0,7,12,0,19,0,40,25,20,85,0,40,40,125
11/24/2004,ROW,NM,ASW,WE,Combined TRACON& Tower with Radar,0,32,41,48,121,0,0,18,0,18,0,32,59,48,139,16,58,74,213
11/25/2004,ROW,NM,ASW,WE,Combined TRACON& Tower with Radar,0,13,6,0,19,0,2,12,0,14,0,15,18,0,33,2,0,2,35
11/26/2004,ROW,NM,ASW,WE,Combined TRACON& Tower with Radar,0,33,22,0,55,0,8,31,0,39,0,41,53,0,94,26,0,26,120
11/27/2004,ROW,NM,ASW,WE,Combined TRACON& Tower with Radar,0,10,28,0,38,0,2,7,0,9,0,12,35,0,47,14,0,14,61
11/28/2004,ROW,NM,ASW,WE,Combined TRACON& Tower with Radar,0,11,11,1,23,0,0,10,3,13,0,11,21,4,36,6,6,12,48
11/29/2004,ROW,NM,ASW,WE,Combined TRACON& Tower with Radar,0,20,12,28,60,0,7,1,4,12,0,27,13,32,72,6,0,6,78
11/30/2004,ROW,NM,ASW,WE,Combined TRACON& Tower with Radar,0,28,17,79,124,0,8,24,0,32,0,36,41,79,156,16,36,52,208
12/01/2004,ROW,NM,ASW,WE,Combined TRACON& Tower with Radar,2,29,22,57,110,0,4,41,29,74,2,33,63,86,184,6,82,88,272
12/02/2004,ROW,NM,ASW,WE,Combined TRACON& Tower with Radar,1,38,24,99,162,0,2,58,9,69,1,40,82,108,231,29,90,119,350
12/03/2004,ROW,NM,ASW,WE,Combined TRACON& Tower with Radar,0,33,29,78,140,0,0,14,0,14,0,33,43,78,154,4,34,38,192
12/04/2004,ROW,NM,ASW,WE,Combined TRACON& Tower with Radar,0,13,10,13,36,0,1,14,0,15,0,14,24,13,51,4,2,6,57
12/05/2004,ROW,NM,ASW,WE,Combined TRACON& Tower with Radar,0,5,7,24,36,0,0,10,0,10,0,5,17,24,46,0,30,30,76
12/06/2004,ROW,NM,ASW,WE,Combined TRACON& Tower with Radar,0,29,16,51,96,0,2,8,33,43,0,31,24,84,139,6,66,72,211
12/07/2004,ROW,NM,ASW,WE,Combined TRACON& Tower with Radar,0,22,35,109,166,0,6,40,0,46,0,28,75,109,212,138,146,284,496
12/08/2004,ROW,NM,ASW,WE,Combined TRACON& Tower with Radar,0,39,29,111,179,0,0,31,4,35,0,39,60,115,214,100,116,216,430
12/09/2004,ROW,NM,ASW,WE,Combined TRACON& Tower with Radar,0,37,43,94,174,0,0,12,0,12,0,37,55,94,186,62,128,190,376
12/10/2004,ROW,NM,ASW,WE,Combined TRACON& Tower with Radar,0,42,36,131,209,0,0,27,0,27,0,42,63,131,236,138,188,326,562
12/11/2004,ROW,NM,ASW,WE,Combined TRACON& Tower with Radar,0,7,49,20,76,0,0,26,5,31,0,7,75,25,107,48,12,60,167
12/12/2004,ROW,NM,ASW,WE,Combined TRACON& Tower with Radar,1,12,9,19,41,0,0,40,0,40,1,12,49,19,81,32,6,38,119
12/13/2004,ROW,NM,ASW,WE,Combined TRACON& Tower with Radar,0,26,38,43,107,0,0,0,8,8,0,26,38,51,115,34,78,112,227
12/14/2004,ROW,NM,ASW,WE,Combined TRACON& Tower with Radar,0,37,31,24,92,0,2,49,10,61,0,39,80,34,153,48,31,79,232
12/15/2004,ROW,NM,ASW,WE,Combined TRACON& Tower with Radar,0,33,14,34,81,0,11,47,0,58,0,44,61,34,139,92,48,140,279
12/16/2004,ROW,NM,ASW,WE,Combined TRACON& Tower with Radar,0,32,30,42,104,0,5,11,9,25,0,37,41,51,129,48,50,98,227
12/17/2004,ROW,NM,ASW,WE,Combined TRACON& Tower with Radar,0,29,27,79,135,0,0,36,0,36,0,29,63,79,171,56,98,154,325
12/18/2004,ROW,NM,ASW,WE,Combined TRACON& Tower with Radar,0,8,13,0,21,12,15,1,0,28,12,23,14,0,49,36,8,44,93
12/19/2004,ROW,NM,ASW,WE,Combined TRACON& Tower with Radar,0,9,7,7,23,0,0,33,0,33,0,9,40,7,56,20,10,30,86
12/20/2004,ROW,NM,ASW,WE,Combined TRACON& Tower with Radar,0,22,10,33,65,0,11,43,0,54,0,33,53,33,119,44,54,98,217
12/21/2004,ROW,NM,ASW,WE,Combined TRACON& Tower with Radar,0,34,19,31,84,0,5,35,0,40,0,39,54,31,124,8,46,54,178
12/22/2004,ROW,NM,ASW,WE,Combined TRACON& Tower with Radar,0,21,7,3,31,0,0,0,0,0,0,21,7,3,31,0,4,4,35
12/23/2004,ROW,NM,ASW,WE,Combined TRACON& Tower with Radar,0,27,9,5,41,0,0,0,0,0,0,27,9,5,41,0,0,0,41
12/24/2004,ROW,NM,ASW,WE,Combined TRACON& Tower with Radar,0,21,8,0,29,0,0,8,0,8,0,21,16,0,37,0,0,0,37
12/25/2004,ROW,NM,ASW,WE,Combined TRACON& Tower with Radar,0,3,7,0,10,0,0,4,0,4,0,3,11,0,14,12,0,12,26
12/26/2004,ROW,NM,ASW,WE,Combined TRACON& Tower with Radar,0,6,14,0,20,0,0,20,0,20,0,6,34,0,40,0,0,0,40
12/27/2004,ROW,NM,ASW,WE,Combined TRACON& Tower with Radar,0,25,22,0,47,0,0,10,0,10,0,25,32,0,57,28,0,28,85
12/28/2004,ROW,NM,ASW,WE,Combined TRACON& Tower with Radar,0,28,9,20,57,0,8,27,4,39,0,36,36,24,96,78,12,90,186
12/29/2004,ROW,NM,ASW,WE,Combined TRACON& Tower with Radar,2,29,4,13,48,0,0,14,1,15,2,29,18,14,63,56,0,56,119
12/30/2004,ROW,NM,ASW,WE,Combined TRACON& Tower with Radar,0,34,35,12,81,0,1,31,16,48,0,35,66,28,129,58,28,86,215
12/31/2004,ROW,NM,ASW,WE,Combined TRACON& Tower with Radar,1,31,5,0,37,0,0,20,0,20,1,31,25,0,57,4,0,4,61
01/01/2005,ROW,NM,ASW,WE,Combined TRACON& Tower with Radar,0,2,2,0,4,0,0,10,0,10,0,2,12,0,14,8,0,8,22
01/02/2005,ROW,NM,ASW,WE,Combined TRACON& Tower with Radar,0,11,9,0,20,0,0,13,0,13,0,11,22,0,33,38,0,38,71
01/03/2005,ROW,NM,ASW,WE,Combined TRACON& Tower with Radar,1,26,7,16,50,0,0,20,19,39,1,26,27,35,89,44,30,74,163
01/04/2005,ROW,NM,ASW,WE,Combined TRACON& Tower with Radar,0,22,11,37,70,0,0,0,5,5,0,22,11,42,75,28,73,101,176
01/05/2005,ROW,NM,ASW,WE,Combined TRACON& Tower with Radar,0,34,35,56,125,0,0,14,0,14,0,34,49,56,139,28,66,94,233
01/06/2005,ROW,NM,ASW,WE,Combined TRACON& Tower with Radar,0,33,36,65,134,0,11,29,0,40,0,44,65,65,174,44,18,62,236
01/07/2005,ROW,NM,ASW,WE,Combined TRACON& Tower with Radar,1,29,30,70,130,0,8,7,0,15,1,37,37,70,145,0,56,56,201
01/08/2005,ROW,NM,ASW,WE,Combined TRACON& Tower with Radar,0,11,11,13,35,0,0,19,0,19,0,11,30,13,54,32,14,46,100
01/09/2005,ROW,NM,ASW,WE,Combined TRACON& Tower with Radar,0,8,28,10,46,0,9,22,0,31,0,17,50,10,77,30,0,30,107
01/10/2005,ROW,NM,ASW,WE,Combined TRACON& Tower with Radar,0,30,16,28,74,0,0,28,0,28,0,30,44,28,102,8,18,26,128
01/11/2005,ROW,NM,ASW,WE,Combined TRACON& Tower with Radar,0,27,16,45,88,0,2,20,6,28,0,29,36,51,116,8,52,60,176
01/12/2005,ROW,NM,ASW,WE,Combined TRACON& Tower with Radar,2,25,25,22,74,0,7,0,0,7,2,32,25,22,81,8,26,34,115
01/13/2005,ROW,NM,ASW,WE,Combined TRACON& Tower with Radar,0,34,20,43,97,0,5,33,17,55,0,39,53,60,152,47,64,111,263
01/14/2005,ROW,NM,ASW,WE,Combined TRACON& Tower with Radar,0,34,50,54,138,0,0,3,0,3,0,34,53,54,141,8,35,43,184
01/15/2005,ROW,NM,ASW,WE,Combined TRACON& Tower with Radar,0,11,8,0,19,0,0,36,0,36,0,11,44,0,55,22,0,22,77
01/16/2005,ROW,NM,ASW,WE,Combined TRACON& Tower with Radar,0,6,5,4,15,0,0,15,0,15,0,6,20,4,30,0,0,0,30
01/17/2005,ROW,NM,ASW,WE,Combined TRACON& Tower with Radar,0,16,12,5,33,0,2,18,0,20,0,18,30,5,53,10,8,18,71
01/18/2005,ROW,NM,ASW,WE,Combined TRACON& Tower with Radar,0,27,22,50,99,0,0,13,0,13,0,27,35,50,112,36,44,80,192
01/19/2005,ROW,NM,ASW,WE,Combined TRACON& Tower with Radar,0,29,21,74,124,0,0,21,0,21,0,29,42,74,145,26,74,100,245
01/20/2005,ROW,NM,ASW,WE,Combined TRACON& Tower with Radar,0,29,17,36,82,0,2,47,0,49,0,31,64,36,131,48,4,52,183
01/21/2005,ROW,NM,ASW,WE,Combined TRACON& Tower with Radar,0,25,22,69,116,0,0,25,3,28,0,25,47,72,144,14,62,76,220
01/22/2005,ROW,NM,ASW,WE,Combined TRACON& Tower with Radar,0,9,5,14,28,0,2,16,0,18,0,11,21,14,46,14,10,24,70
01/23/2005,ROW,NM,ASW,WE,Combined TRACON& Tower with Radar,0,7,14,42,63,0,2,3,0,5,0,9,17,42,68,6,10,16,84
01/24/2005,ROW,NM,ASW,WE,Combined TRACON& Tower with Radar,0,29,16,32,77,0,0,0,0,0,0,29,16,32,77,8,66,74,151
01/25/2005,ROW,NM,ASW,WE,Combined TRACON& Tower with Radar,0,27,17,41,85,0,3,26,0,29,0,30,43,41,114,34,82,116,230
01/26/2005,ROW,NM,ASW,WE,Combined TRACON& Tower with Radar,0,37,29,24,90,0,0,19,2,21,0,37,48,26,111,20,14,34,145
01/27/2005,ROW,NM,ASW,WE,Combined TRACON& Tower with Radar,0,28,9,3,40,0,0,13,0,13,0,28,22,3,53,8,0,8,61
01/28/2005,ROW,NM,ASW,WE,Combined TRACON& Tower with Radar,0,28,27,87,142,0,0,26,0,26,0,28,53,87,168,10,28,38,206
01/29/2005,ROW,NM,ASW,WE,Combined TRACON& Tower with Radar,0,9,17,41,67,0,3,9,0,12,0,12,26,41,79,20,8,28,107
01/30/2005,ROW,NM,ASW,WE,Combined TRACON& Tower with Radar,0,11,9,69,89,0,2,12,0,14,0,13,21,69,103,14,18,32,135
01/31/2005,ROW,NM,ASW,WE,Combined TRACON& Tower with Radar,0,18,8,58,84,0,5,21,0,26,0,23,29,58,110,8,46,54,164
02/01/2005,ROW,NM,ASW,WE,Combined TRACON& Tower with Radar,0,27,6,17,50,0,1,0,2,3,0,28,6,19,53,38,24,62,115
02/02/2005,ROW,NM,ASW,WE,Combined TRACON& Tower with Radar,0,30,17,30,77,0,4,9,0,13,0,34,26,30,90,8,16,24,114
02/03/2005,ROW,NM,ASW,WE,Combined TRACON& Tower with Radar,0,29,13,26,68,0,1,23,0,24,0,30,36,26,92,4,34,38,130
02/04/2005,ROW,NM,ASW,WE,Combined TRACON& Tower with Radar,0,32,22,31,85,0,30,2,0,32,0,62,24,31,117,24,20,44,161
02/05/2005,ROW,NM,ASW,WE,Combined TRACON& Tower with Radar,0,16,12,0,28,0,0,7,0,7,0,16,19,0,35,0,0,0,35
02/06/2005,ROW,NM,ASW,WE,Combined TRACON& Tower with Radar,0,9,9,0,18,0,0,0,0,0,0,9,9,0,18,0,0,0,18
02/07/2005,ROW,NM,ASW,WE,Combined TRACON& Tower with Radar,0,25,27,17,69,0,0,1,0,1,0,25,28,17,70,26,22,48,118
02/08/2005,ROW,NM,ASW,WE,Combined TRACON& Tower with Radar,0,28,9,75,112,0,0,34,0,34,0,28,43,75,146,30,82,112,258
02/09/2005,ROW,NM,ASW,WE,Combined TRACON& Tower with Radar,0,33,18,53,104,0,0,29,0,29,0,33,47,53,133,50,28,78,211
02/10/2005,ROW,NM,ASW,WE,Combined TRACON& Tower with Radar,1,25,27,29,82,0,0,3,0,3,1,25,30,29,85,4,38,42,127
02/11/2005,ROW,NM,ASW,WE,Combined TRACON& Tower with Radar,0,29,20,22,71,0,0,0,0,0,0,29,20,22,71,0,0,0,71
02/12/2005,ROW,NM,ASW,WE,Combined TRACON& Tower with Radar,0,12,7,0,19,0,0,3,0,3,0,12,10,0,22,0,0,0,22
02/13/2005,ROW,NM,ASW,WE,Combined TRACON& Tower with Radar,0,12,14,6,32,0,0,0,0,0,0,12,14,6,32,0,0,0,32
02/14/2005,ROW,NM,ASW,WE,Combined TRACON& Tower with Radar,0,28,22,50,100,0,2,42,25,69,0,30,64,75,169,59,106,165,334
02/15/2005,ROW,NM,ASW,WE,Combined TRACON& Tower with Radar,0,27,9,68,104,0,4,29,0,33,0,31,38,68,137,60,71,131,268
02/16/2005,ROW,NM,ASW,WE,Combined TRACON& Tower with Radar,0,30,49,45,124,0,1,32,0,33,0,31,81,45,157,84,26,110,267
02/17/2005,ROW,NM,ASW,WE,Combined TRACON& Tower with Radar,0,29,17,38,84,0,13,26,0,39,0,42,43,38,123,88,6,94,217
02/18/2005,ROW,NM,ASW,WE,Combined TRACON& Tower with Radar,0,33,16,21,70,0,0,13,8,21,0,33,29,29,91,50,0,50,141
02/19/2005,ROW,NM,ASW,WE,Combined TRACON& Tower with Radar,0,14,10,2,26,0,0,7,0,7,0,14,17,2,33,10,0,10,43
02/20/2005,ROW,NM,ASW,WE,Combined TRACON& Tower with Radar,0,11,3,10,24,0,0,31,0,31,0,11,34,10,55,0,12,12,67
02/21/2005,ROW,NM,ASW,WE,Combined TRACON& Tower with Radar,0,22,16,0,38,0,0,145,0,145,0,22,161,0,183,10,0,10,193
02/22/2005,ROW,NM,ASW,WE,Combined TRACON& Tower with Radar,0,28,25,62,115,0,6,20,0,26,0,34,45,62,141,10,24,34,175
02/23/2005,ROW,NM,ASW,WE,Combined TRACON& Tower with Radar,0,28,16,90,134,0,0,10,0,10,0,28,26,90,144,4,92,96,240
02/24/2005,ROW,NM,ASW,WE,Combined TRACON& Tower with Radar,0,42,7,10,59,1,0,16,0,17,1,42,23,10,76,0,0,0,76
02/25/2005,ROW,NM,ASW,WE,Combined TRACON& Tower with Radar,1,30,43,0,74,0,0,0,0,0,1,30,43,0,74,18,0,18,92
02/26/2005,ROW,NM,ASW,WE,Combined TRACON& Tower with Radar,0,10,4,0,14,0,0,13,0,13,0,10,17,0,27,2,0,2,29
02/27/2005,ROW,NM,ASW,WE,Combined TRACON& Tower with Radar,1,9,7,0,17,0,0,8,0,8,1,9,15,0,25,18,0,18,43
02/28/2005,ROW,NM,ASW,WE,Combined TRACON& Tower with Radar,0,25,16,6,47,0,0,0,0,0,0,25,16,6,47,64,86,150,197
03/01/2005,ROW,NM,ASW,WE,Combined TRACON& Tower with Radar,1,29,16,34,80,0,0,21,0,21,1,29,37,34,101,6,42,48,149
03/02/2005,ROW,NM,ASW,WE,Combined TRACON& Tower with Radar,0,28,9,44,81,0,8,33,0,41,0,36,42,44,122,38,114,152,274
03/03/2005,ROW,NM,ASW,WE,Combined TRACON& Tower with Radar,1,32,25,62,120,1,13,76,23,113,2,45,101,85,233,51,165,216,449
03/04/2005,ROW,NM,ASW,WE,Combined TRACON& Tower with Radar,0,29,22,47,98,0,7,22,0,29,0,36,44,47,127,36,48,84,211
03/05/2005,ROW,NM,ASW,WE,Combined TRACON& Tower with Radar,0,12,6,0,18,0,0,0,0,0,0,12,6,0,18,0,0,0,18
03/06/2005,ROW,NM,ASW,WE,Combined TRACON& Tower with Radar,0,9,8,0,17,0,3,0,0,3,0,12,8,0,20,0,0,0,20
03/07/2005,ROW,NM,ASW,WE,Combined TRACON& Tower with Radar,0,27,31,16,74,0,0,14,19,33,0,27,45,35,107,12,42,54,161
03/08/2005,ROW,NM,ASW,WE,Combined TRACON& Tower with Radar,1,31,5,18,55,0,0,50,45,95,1,31,55,63,150,78,74,152,302
03/09/2005,ROW,NM,ASW,WE,Combined TRACON& Tower with Radar,0,29,10,78,117,0,0,48,0,48,0,29,58,78,165,58,124,182,347
03/10/2005,ROW,NM,ASW,WE,Combined TRACON& Tower with Radar,0,22,30,50,102,0,0,27,0,27,0,22,57,50,129,102,32,134,263
03/11/2005,ROW,NM,ASW,WE,Combined TRACON& Tower with Radar,0,38,19,36,93,0,1,25,0,26,0,39,44,36,119,86,32,118,237
03/12/2005,ROW,NM,ASW,WE,Combined TRACON& Tower with Radar,0,5,8,5,18,0,5,69,2,76,0,10,77,7,94,12,2,14,108
03/13/2005,ROW,NM,ASW,WE,Combined TRACON& Tower with Radar,0,7,2,2,11,0,0,57,0,57,0,7,59,2,68,17,0,17,85
03/14/2005,ROW,NM,ASW,WE,Combined TRACON& Tower with Radar,2,30,16,34,82,0,2,44,0,46,2,32,60,34,128,24,40,64,192
03/15/2005,ROW,NM,ASW,WE,Combined TRACON& Tower with Radar,0,24,6,0,30,0,0,12,0,12,0,24,18,0,42,4,0,4,46
03/16/2005,ROW,NM,ASW,WE,Combined TRACON& Tower with Radar,0,27,24,68,119,0,0,36,0,36,0,27,60,68,155,42,60,102,257
03/17/2005,ROW,NM,ASW,WE,Combined TRACON& Tower with Radar,0,31,25,56,112,0,7,13,11,31,0,38,38,67,143,32,74,106,249
03/18/2005,ROW,NM,ASW,WE,Combined TRACON& Tower with Radar,0,30,12,44,86,0,0,26,11,37,0,30,38,55,123,14,62,76,199
03/19/2005,ROW,NM,ASW,WE,Combined TRACON& Tower with Radar,0,10,5,6,21,0,7,53,3,63,0,17,58,9,84,30,2,32,116
03/20/2005,ROW,NM,ASW,WE,Combined TRACON& Tower with Radar,0,12,15,5,32,0,0,27,1,28,0,12,42,6,60,0,0,0,60
03/21/2005,ROW,NM,ASW,WE,Combined TRACON& Tower with Radar,0,22,14,41,77,0,10,6,9,25,0,32,20,50,102,10,52,62,164
03/22/2005,ROW,NM,ASW,WE,Combined TRACON& Tower with Radar,0,29,14,45,88,0,0,28,0,28,0,29,42,45,116,8,20,28,144
03/23/2005,ROW,NM,ASW,WE,Combined TRACON& Tower with Radar,0,34,20,42,96,0,0,19,0,19,0,34,39,42,115,38,34,72,187
03/24/2005,ROW,NM,ASW,WE,Combined TRACON& Tower with Radar,0,30,8,63,101,0,0,18,21,39,0,30,26,84,140,33,89,122,262
03/25/2005,ROW,NM,ASW,WE,Combined TRACON& Tower with Radar,3,29,18,28,78,0,0,20,0,20,3,29,38,28,98,14,34,48,146
03/26/2005,ROW,NM,ASW,WE,Combined TRACON& Tower with Radar,0,17,2,0,19,0,0,48,0,48,0,17,50,0,67,0,22,22,89
03/27/2005,ROW,NM,ASW,WE,Combined TRACON& Tower with Radar,0,9,12,0,21,0,3,16,0,19,0,12,28,0,40,2,0,2,42
03/28/2005,ROW,NM,ASW,WE,Combined TRACON& Tower with Radar,0,26,10,51,87,0,2,23,7,32,0,28,33,58,119,34,94,128,247
03/29/2005,ROW,NM,ASW,WE,Combined TRACON& Tower with Radar,1,29,9,8,47,0,1,0,4,5,1,30,9,12,52,18,0,18,70
03/30/2005,ROW,NM,ASW,WE,Combined TRACON& Tower with Radar,0,27,3,44,74,0,7,17,15,39,0,34,20,59,113,42,10,52,165
03/31/2005,ROW,NM,ASW,WE,Combined TRACON& Tower with Radar,0,36,19,27,82,0,0,6,0,6,0,36,25,27,88,18,24,42,130
04/01/2005,ROW,NM,ASW,WE,Combined TRACON& Tower with Radar,0,24,15,119,158,0,0,51,0,51,0,24,66,119,209,56,116,172,381
04/02/2005,ROW,NM,ASW,WE,Combined TRACON& Tower with Radar,0,12,13,0,25,0,2,73,0,75,0,14,86,0,100,10,0,10,110
04/03/2005,ROW,NM,ASW,WE,Combined TRACON& Tower with Radar,0,11,3,7,21,0,0,46,0,46,0,11,49,7,67,0,8,8,75
04/04/2005,ROW,NM,ASW,WE,Combined TRACON& Tower with Radar,0,24,16,42,82,0,0,0,0,0,0,24,16,42,82,68,94,162,244
04/05/2005,ROW,NM,ASW,WE,Combined TRACON& Tower with Radar,1,25,20,11,57,0,0,0,9,9,1,25,20,20,66,0,0,0,66
04/06/2005,ROW,NM,ASW,WE,Combined TRACON& Tower with Radar,1,17,35,61,114,0,19,17,9,45,1,36,52,70,159,18,42,60,219
04/07/2005,ROW,NM,ASW,WE,Combined TRACON& Tower with Radar,0,31,22,45,98,0,4,36,2,42,0,35,58,47,140,12,26,38,178
04/08/2005,ROW,NM,ASW,WE,Combined TRACON& Tower with Radar,0,31,46,21,98,0,1,0,0,1,0,32,46,21,99,8,26,34,133
04/09/2005,ROW,NM,ASW,WE,Combined TRACON& Tower with Radar,0,11,5,3,19,0,0,10,0,10,0,11,15,3,29,48,0,48,77
04/10/2005,ROW,NM,ASW,WE,Combined TRACON& Tower with Radar,0,8,11,5,24,0,0,8,3,11,0,8,19,8,35,34,0,34,69
04/11/2005,ROW,NM,ASW,WE,Combined TRACON& Tower with Radar,1,26,29,69,125,0,0,64,0,64,1,26,93,69,189,6,140,146,335
04/12/2005,ROW,NM,ASW,WE,Combined TRACON& Tower with Radar,0,35,22,57,114,0,0,11,0,11,0,35,33,57,125,78,32,110,235
04/13/2005,ROW,NM,ASW,WE,Combined TRACON& Tower with Radar,1,38,30,68,137,0,5,56,6,67,1,43,86,74,204,110,76,186,390
04/14/2005,ROW,NM,ASW,WE,Combined TRACON& Tower with Radar,1,28,40,82,151,0,0,21,0,21,1,28,61,82,172,26,122,148,320
04/15/2005,ROW,NM,ASW,WE,Combined TRACON& Tower with Radar,1,37,29,80,147,0,0,0,0,0,1,37,29,80,147,18,62,80,227
04/16/2005,ROW,NM,ASW,WE,Combined TRACON& Tower with Radar,0,8,8,60,76,0,6,26,26,58,0,14,34,86,134,28,6,34,168
04/17/2005,ROW,NM,ASW,WE,Combined TRACON& Tower with Radar,0,7,4,23,34,0,0,50,0,50,0,7,54,23,84,0,42,42,126
04/18/2005,ROW,NM,ASW,WE,Combined TRACON& Tower with Radar,0,27,13,71,111,0,5,22,18,45,0,32,35,89,156,10,118,128,284
04/19/2005,ROW,NM,ASW,WE,Combined TRACON& Tower with Radar,0,23,42,102,167,0,0,8,0,8,0,23,50,102,175,40,110,150,325
04/20/2005,ROW,NM,ASW,WE,Combined TRACON& Tower with Radar,0,29,35,55,119,0,0,3,0,3,0,29,38,55,122,25,74,99,221
04/21/2005,ROW,NM,ASW,WE,Combined TRACON& Tower with Radar,0,29,22,97,148,0,19,52,0,71,0,48,74,97,219,24,90,114,333
04/22/2005,ROW,NM,ASW,WE,Combined TRACON& Tower with Radar,1,34,16,66,117,0,2,18,0,20,1,36,34,66,137,10,84,94,231
04/23/2005,ROW,NM,ASW,WE,Combined TRACON& Tower with Radar,0,12,9,4,25,0,10,27,3,40,0,22,36,7,65,0,4,4,69
04/24/2005,ROW,NM,ASW,WE,Combined TRACON& Tower with Radar,0,8,9,8,25,0,0,71,0,71,0,8,80,8,96,14,0,14,110
04/25/2005,ROW,NM,ASW,WE,Combined TRACON& Tower with Radar,0,25,19,24,68,0,0,104,0,104,0,25,123,24,172,0,36,36,208
04/26/2005,ROW,NM,ASW,WE,Combined TRACON& Tower with Radar,0,31,26,26,83,0,21,16,0,37,0,52,42,26,120,39,34,73,193
04/27/2005,ROW,NM,ASW,WE,Combined TRACON& Tower with Radar,0,32,27,4,63,0,0,9,0,9,0,32,36,4,72,23,54,77,149
04/28/2005,ROW,NM,ASW,WE,Combined TRACON& Tower with Radar,0,26,26,44,96,0,0,74,47,121,0,26,100,91,217,4,70,74,291
04/29/2005,ROW,NM,ASW,WE,Combined TRACON& Tower with Radar,0,35,14,97,146,0,6,51,13,70,0,41,65,110,216,40,58,98,314
04/30/2005,ROW,NM,ASW,WE,Combined TRACON& Tower with Radar,0,11,16,0,27,0,1,2,0,3,0,12,18,0,30,0,0,0,30
05/01/2005,ROW,NM,ASW,WE,Combined TRACON& Tower with Radar,0,13,3,10,26,0,0,14,4,18,0,13,17,14,44,0,10,10,54
05/02/2005,ROW,NM,ASW,WE,Combined TRACON& Tower with Radar,0,27,17,37,81,0,2,13,19,34,0,29,30,56,115,0,0,0,115
05/03/2005,ROW,NM,ASW,WE,Combined TRACON& Tower with Radar,0,28,18,18,64,0,0,3,0,3,0,28,21,18,67,2,48,50,117
05/04/2005,ROW,NM,ASW,WE,Combined TRACON& Tower with Radar,1,29,20,59,109,3,0,17,0,20,4,29,37,59,129,50,12,62,191
05/05/2005,ROW,NM,ASW,WE,Combined TRACON& Tower with Radar,0,27,13,29,69,0,0,12,0,12,0,27,25,29,81,24,40,64,145
05/06/2005,ROW,NM,ASW,WE,Combined TRACON& Tower with Radar,0,38,22,36,96,0,10,18,0,28,0,48,40,36,124,24,68,92,216
05/07/2005,ROW,NM,ASW,WE,Combined TRACON& Tower with Radar,0,9,10,8,27,0,10,87,0,97,0,19,97,8,124,6,0,6,130
05/08/2005,ROW,NM,ASW,WE,Combined TRACON& Tower with Radar,0,10,8,15,33,0,2,383,5,390,0,12,391,20,423,4,14,18,441
05/09/2005,ROW,NM,ASW,WE,Combined TRACON& Tower with Radar,0,27,33,31,91,0,2,126,0,128,0,29,159,31,219,72,24,96,315
05/10/2005,ROW,NM,ASW,WE,Combined TRACON& Tower with Radar,0,28,15,92,135,0,1,23,0,24,0,29,38,92,159,26,134,160,319
05/11/2005,ROW,NM,ASW,WE,Combined TRACON& Tower with Radar,0,31,31,50,112,0,6,68,0,74,0,37,99,50,186,2,56,58,244
05/12/2005,ROW,NM,ASW,WE,Combined TRACON& Tower with Radar,0,28,15,91,134,0,11,157,1,169,0,39,172,92,303,95,128,223,526
05/13/2005,ROW,NM,ASW,WE,Combined TRACON& Tower with Radar,1,27,7,50,85,0,4,64,0,68,1,31,71,50,153,32,112,144,297
05/14/2005,ROW,NM,ASW,WE,Combined TRACON& Tower with Radar,0,12,20,2,34,0,9,31,0,40,0,21,51,2,74,0,0,0,74
05/15/2005,ROW,NM,ASW,WE,Combined TRACON& Tower with Radar,1,7,2,0,10,0,0,8,0,8,1,7,10,0,18,0,0,0,18
05/16/2005,ROW,NM,ASW,WE,Combined TRACON& Tower with Radar,0,27,22,22,71,0,3,89,0,92,0,30,111,22,163,60,30,90,253
05/17/2005,ROW,NM,ASW,WE,Combined TRACON& Tower with Radar,0,34,26,13,73,0,1,19,0,20,0,35,45,13,93,6,2,8,101
05/18/2005,ROW,NM,ASW,WE,Combined TRACON& Tower with Radar,0,31,19,39,89,0,11,61,0,72,0,42,80,39,161,72,42,114,275
05/19/2005,ROW,NM,ASW,WE,Combined TRACON& Tower with Radar,7,33,11,39,90,1,6,43,0,50,8,39,54,39,140,64,51,115,255
05/20/2005,ROW,NM,ASW,WE,Combined TRACON& Tower with Radar,0,29,20,17,66,0,0,23,0,23,0,29,43,17,89,16,14,30,119
05/21/2005,ROW,NM,ASW,WE,Combined TRACON& Tower with Radar,0,9,8,5,22,0,10,14,5,29,0,19,22,10,51,34,10,44,95
05/22/2005,ROW,NM,ASW,WE,Combined TRACON& Tower with Radar,0,8,4,9,21,0,0,65,0,65,0,8,69,9,86,12,0,12,98
05/23/2005,ROW,NM,ASW,WE,Combined TRACON& Tower with Radar,0,21,13,37,71,0,0,0,0,0,0,21,13,37,71,44,42,86,157
05/24/2005,ROW,NM,ASW,WE,Combined TRACON& Tower with Radar,0,26,10,33,69,0,2,60,7,69,0,28,70,40,138,20,58,78,216
05/25/2005,ROW,NM,ASW,WE,Combined TRACON& Tower with Radar,0,36,18,14,68,0,0,23,0,23,0,36,41,14,91,28,44,72,163
05/26/2005,ROW,NM,ASW,WE,Combined TRACON& Tower with Radar,0,36,41,36,113,0,0,4,0,4,0,36,45,36,117,0,0,0,117
05/27/2005,ROW,NM,ASW,WE,Combined TRACON& Tower with Radar,0,35,41,6,82,0,0,28,0,28,0,35,69,6,110,48,0,48,158
05/28/2005,ROW,NM,ASW,WE,Combined TRACON& Tower with Radar,2,15,8,6,31,0,0,10,2,12,2,15,18,8,43,12,0,12,55
05/29/2005,ROW,NM,ASW,WE,Combined TRACON& Tower with Radar,0,9,8,0,17,0,0,84,0,84,0,9,92,0,101,8,0,8,109
05/30/2005,ROW,NM,ASW,WE,Combined TRACON& Tower with Radar,0,17,13,15,45,0,0,68,0,68,0,17,81,15,113,2,0,2,115
05/31/2005,ROW,NM,ASW,WE,Combined TRACON& Tower with Radar,0,23,16,16,55,0,0,74,0,74,0,23,90,16,129,2,10,12,141
06/01/2005,ROW,NM,ASW,WE,Combined TRACON& Tower with Radar,1,41,17,29,88,0,0,66,0,66,1,41,83,29,154,34,65,99,253
06/02/2005,ROW,NM,ASW,WE,Combined TRACON& Tower with Radar,0,29,19,18,66,0,0,31,0,31,0,29,50,18,97,9,20,29,126
06/03/2005,ROW,NM,ASW,WE,Combined TRACON& Tower with Radar,0,29,13,17,59,0,0,29,0,29,0,29,42,17,88,9,53,62,150
06/04/2005,ROW,NM,ASW,WE,Combined TRACON& Tower with Radar,0,15,14,3,32,0,3,35,1,39,0,18,49,4,71,14,0,14,85
06/05/2005,ROW,NM,ASW,WE,Combined TRACON& Tower with Radar,0,10,7,5,22,0,1,55,0,56,0,11,62,5,78,22,0,22,100
06/06/2005,ROW,NM,ASW,WE,Combined TRACON& Tower with Radar,0,23,12,45,80,0,0,0,4,4,0,23,12,49,84,2,124,126,210
06/07/2005,ROW,NM,ASW,WE,Combined TRACON& Tower with Radar,0,39,30,16,85,0,0,24,0,24,0,39,54,16,109,0,34,34,143
06/08/2005,ROW,NM,ASW,WE,Combined TRACON& Tower with Radar,1,27,21,33,82,0,0,37,0,37,1,27,58,33,119,97,39,136,255
06/09/2005,ROW,NM,ASW,WE,Combined TRACON& Tower with Radar,0,28,6,32,66,0,4,23,0,27,0,32,29,32,93,27,34,61,154
06/10/2005,ROW,NM,ASW,WE,Combined TRACON& Tower with Radar,0,29,31,85,145,0,4,60,0,64,0,33,91,85,209,18,48,66,275
06/11/2005,ROW,NM,ASW,WE,Combined TRACON& Tower with Radar,0,12,3,0,15,0,0,37,0,37,0,12,40,0,52,18,0,18,70
06/12/2005,ROW,NM,ASW,WE,Combined TRACON& Tower with Radar,0,12,25,47,84,0,1,0,0,1,0,13,25,47,85,0,6,6,91
06/13/2005,ROW,NM,ASW,WE,Combined TRACON& Tower with Radar,0,24,13,14,51,0,0,68,0,68,0,24,81,14,119,22,44,66,185
06/14/2005,ROW,NM,ASW,WE,Combined TRACON& Tower with Radar,0,31,16,8,55,0,0,16,0,16,0,31,32,8,71,6,0,6,77
06/15/2005,ROW,NM,ASW,WE,Combined TRACON& Tower with Radar,0,39,21,20,80,0,0,37,4,41,0,39,58,24,121,45,20,65,186
06/16/2005,ROW,NM,ASW,WE,Combined TRACON& Tower with Radar,3,35,17,22,77,0,6,30,1,37,3,41,47,23,114,22,27,49,163
06/17/2005,ROW,NM,ASW,WE,Combined TRACON& Tower with Radar,0,37,12,28,77,0,0,42,0,42,0,37,54,28,119,54,68,122,241
06/18/2005,ROW,NM,ASW,WE,Combined TRACON& Tower with Radar,5,13,22,14,54,0,0,39,0,39,5,13,61,14,93,10,4,14,107
06/19/2005,ROW,NM,ASW,WE,Combined TRACON& Tower with Radar,0,6,4,28,38,0,4,52,0,56,0,10,56,28,94,18,6,24,118
06/20/2005,ROW,NM,ASW,WE,Combined TRACON& Tower with Radar,0,26,28,14,68,0,0,0,0,0,0,26,28,14,68,46,68,114,182
06/21/2005,ROW,NM,ASW,WE,Combined TRACON& Tower with Radar,0,31,13,16,60,0,5,104,0,109,0,36,117,16,169,15,14,29,198
06/22/2005,ROW,NM,ASW,WE,Combined TRACON& Tower with Radar,0,35,34,42,111,2,0,18,0,20,2,35,52,42,131,82,68,150,281
06/23/2005,ROW,NM,ASW,WE,Combined TRACON& Tower with Radar,0,31,39,18,88,0,8,15,0,23,0,39,54,18,111,20,33,53,164
06/24/2005,ROW,NM,ASW,WE,Combined TRACON& Tower with Radar,3,39,23,37,102,0,0,7,0,7,3,39,30,37,109,0,0,0,109
06/25/2005,ROW,NM,ASW,WE,Combined TRACON& Tower with Radar,0,9,6,25,40,0,2,39,0,41,0,11,45,25,81,16,18,34,115
06/26/2005,ROW,NM,ASW,WE,Combined TRACON& Tower with Radar,0,5,8,5,18,0,2,85,3,90,0,7,93,8,108,14,46,60,168
06/27/2005,ROW,NM,ASW,WE,Combined TRACON& Tower with Radar,1,28,19,38,86,0,3,103,3,109,1,31,122,41,195,8,70,78,273
06/28/2005,ROW,NM,ASW,WE,Combined TRACON& Tower with Radar,1,28,20,12,61,0,6,46,0,52,1,34,66,12,113,67,19,86,199
06/29/2005,ROW,NM,ASW,WE,Combined TRACON& Tower with Radar,1,33,31,15,80,0,4,15,0,19,1,37,46,15,99,77,72,149,248
06/30/2005,ROW,NM,ASW,WE,Combined TRACON& Tower with Radar,0,29,8,11,48,0,0,22,0,22,0,29,30,11,70,10,6,16,86
07/01/2005,ROW,NM,ASW,WE,Combined TRACON& Tower with Radar,0,32,9,8,49,0,0,60,0,60,0,32,69,8,109,49,12,61,170
07/02/2005,ROW,NM,ASW,WE,Combined TRACON& Tower with Radar,0,9,5,2,16,0,0,45,32,77,0,9,50,34,93,48,10,58,151
07/03/2005,ROW,NM,ASW,WE,Combined TRACON& Tower with Radar,3,7,1,0,11,27,0,200,0,227,30,7,201,0,238,0,6,6,244
07/04/2005,ROW,NM,ASW,WE,Combined TRACON& Tower with Radar,0,11,5,0,16,0,2,27,0,29,0,13,32,0,45,44,0,44,89
07/05/2005,ROW,NM,ASW,WE,Combined TRACON& Tower with Radar,0,27,8,17,52,0,1,53,0,54,0,28,61,17,106,0,77,77,183
07/06/2005,ROW,NM,ASW,WE,Combined TRACON& Tower with Radar,1,40,27,14,82,0,0,4,0,4,1,40,31,14,86,17,122,139,225
07/07/2005,ROW,NM,ASW,WE,Combined TRACON& Tower with Radar,0,23,17,25,65,0,0,21,0,21,0,23,38,25,86,18,43,61,147
07/08/2005,ROW,NM,ASW,WE,Combined TRACON& Tower with Radar,0,32,21,66,119,0,3,61,0,64,0,35,82,66,183,20,102,122,305
07/09/2005,ROW,NM,ASW,WE,Combined TRACON& Tower with Radar,1,13,11,5,30,0,0,8,3,11,1,13,19,8,41,1,0,1,42
07/10/2005,ROW,NM,ASW,WE,Combined TRACON& Tower with Radar,0,7,9,19,35,0,2,59,0,61,0,9,68,19,96,26,10,36,132
07/11/2005,ROW,NM,ASW,WE,Combined TRACON& Tower with Radar,0,27,13,16,56,0,0,17,0,17,0,27,30,16,73,50,18,68,141
07/12/2005,ROW,NM,ASW,WE,Combined TRACON& Tower with Radar,0,25,5,10,40,0,0,22,0,22,0,25,27,10,62,46,56,102,164
07/13/2005,ROW,NM,ASW,WE,Combined TRACON& Tower with Radar,1,33,13,18,65,0,0,23,0,23,1,33,36,18,88,29,88,117,205
07/14/2005,ROW,NM,ASW,WE,Combined TRACON& Tower with Radar,2,19,14,11,46,0,0,53,0,53,2,19,67,11,99,32,101,133,232
07/15/2005,ROW,NM,ASW,WE,Combined TRACON& Tower with Radar,0,31,16,27,74,0,6,46,0,52,0,37,62,27,126,61,52,113,239
07/16/2005,ROW,NM,ASW,WE,Combined TRACON& Tower with Radar,1,11,13,3,28,0,1,21,1,23,1,12,34,4,51,0,2,2,53
07/17/2005,ROW,NM,ASW,WE,Combined TRACON& Tower with Radar,0,6,9,2,17,0,10,46,6,62,0,16,55,8,79,18,0,18,97
07/18/2005,ROW,NM,ASW,WE,Combined TRACON& Tower with Radar,0,30,9,38,77,0,0,75,0,75,0,30,84,38,152,76,70,146,298
07/19/2005,ROW,NM,ASW,WE,Combined TRACON& Tower with Radar,0,33,15,6,54,0,14,28,0,42,0,47,43,6,96,10,38,48,144
07/20/2005,ROW,NM,ASW,WE,Combined TRACON& Tower with Radar,0,28,33,52,113,0,0,4,0,4,0,28,37,52,117,42,58,100,217
07/21/2005,ROW,NM,ASW,WE,Combined TRACON& Tower with Radar,0,29,16,67,112,0,0,22,0,22,0,29,38,67,134,17,67,84,218
07/22/2005,ROW,NM,ASW,WE,Combined TRACON& Tower with Radar,0,29,22,45,96,0,15,40,13,68,0,44,62,58,164,22,46,68,232
07/23/2005,ROW,NM,ASW,WE,Combined TRACON& Tower with Radar,2,11,8,1,22,0,0,20,1,21,2,11,28,2,43,20,0,20,63
07/24/2005,ROW,NM,ASW,WE,Combined TRACON& Tower with Radar,0,9,7,0,16,0,0,34,0,34,0,9,41,0,50,0,0,0,50
07/25/2005,ROW,NM,ASW,WE,Combined TRACON& Tower with Radar,0,26,10,6,42,0,9,33,8,50,0,35,43,14,92,30,0,30,122
07/26/2005,ROW,NM,ASW,WE,Combined TRACON& Tower with Radar,0,28,6,30,64,0,0,31,12,43,0,28,37,42,107,32,48,80,187
07/27/2005,ROW,NM,ASW,WE,Combined TRACON& Tower with Radar,0,30,25,12,67,0,0,23,0,23,0,30,48,12,90,32,48,80,170
07/28/2005,ROW,NM,ASW,WE,Combined TRACON& Tower with Radar,1,35,22,32,90,0,8,58,0,66,1,43,80,32,156,14,60,74,230
07/29/2005,ROW,NM,ASW,WE,Combined TRACON& Tower with Radar,0,28,1,37,66,0,0,22,0,22,0,28,23,37,88,66,46,112,200
07/30/2005,ROW,NM,ASW,WE,Combined TRACON& Tower with Radar,19,7,12,2,40,0,0,20,0,20,19,7,32,2,60,4,2,6,66
07/31/2005,ROW,NM,ASW,WE,Combined TRACON& Tower with Radar,1,10,14,3,28,0,1,86,5,92,1,11,100,8,120,20,6,26,146
08/01/2005,ROW,NM,ASW,WE,Combined TRACON& Tower with Radar,0,28,17,60,105,0,0,91,12,103,0,28,108,72,208,26,98,124,332
08/02/2005,ROW,NM,ASW,WE,Combined TRACON& Tower with Radar,0,33,15,23,71,0,3,47,6,56,0,36,62,29,127,66,18,84,211
08/03/2005,ROW,NM,ASW,WE,Combined TRACON& Tower with Radar,0,35,23,55,113,0,0,36,10,46,0,35,59,65,159,40,96,136,295
08/04/2005,ROW,NM,ASW,WE,Combined TRACON& Tower with Radar,1,31,26,44,102,0,0,25,0,25,1,31,51,44,127,46,50,96,223
08/05/2005,ROW,NM,ASW,WE,Combined TRACON& Tower with Radar,0,31,14,25,70,0,3,42,0,45,0,34,56,25,115,16,11,27,142
08/06/2005,ROW,NM,ASW,WE,Combined TRACON& Tower with Radar,0,13,9,43,65,0,0,13,6,19,0,13,22,49,84,27,18,45,129
08/07/2005,ROW,NM,ASW,WE,Combined TRACON& Tower with Radar,0,9,2,6,17,0,4,20,1,25,0,13,22,7,42,0,4,4,46
08/08/2005,ROW,NM,ASW,WE,Combined TRACON& Tower with Radar,0,29,13,48,90,0,1,79,2,82,0,30,92,50,172,38,48,86,258
08/09/2005,ROW,NM,ASW,WE,Combined TRACON& Tower with Radar,2,26,5,29,62,0,5,27,31,63,2,31,32,60,125,18,82,100,225
08/10/2005,ROW,NM,ASW,WE,Combined TRACON& Tower with Radar,0,30,13,53,96,0,8,24,0,32,0,38,37,53,128,52,16,68,196
08/11/2005,ROW,NM,ASW,WE,Combined TRACON& Tower with Radar,0,27,26,38,91,0,12,17,4,33,0,39,43,42,124,44,44,88,212
08/12/2005,ROW,NM,ASW,WE,Combined TRACON& Tower with Radar,4,27,22,40,93,0,8,25,0,33,4,35,47,40,126,54,40,94,220
08/13/2005,ROW,NM,ASW,WE,Combined TRACON& Tower with Radar,0,18,3,34,55,0,0,2,0,2,0,18,5,34,57,14,8,22,79
08/14/2005,ROW,NM,ASW,WE,Combined TRACON& Tower with Radar,0,5,5,21,31,0,4,0,2,6,0,9,5,23,37,0,0,0,37
08/15/2005,ROW,NM,ASW,WE,Combined TRACON& Tower with Radar,0,23,17,27,67,0,7,17,0,24,0,30,34,27,91,26,20,46,137
08/16/2005,ROW,NM,ASW,WE,Combined TRACON& Tower with Radar,0,32,32,36,100,0,0,23,0,23,0,32,55,36,123,16,26,42,165
08/17/2005,ROW,NM,ASW,WE,Combined TRACON& Tower with Radar,0,30,9,56,95,0,6,39,0,45,0,36,48,56,140,57,88,145,285
08/18/2005,ROW,NM,ASW,WE,Combined TRACON& Tower with Radar,0,30,14,33,77,0,3,13,0,16,0,33,27,33,93,10,27,37,130
08/19/2005,ROW,NM,ASW,WE,Combined TRACON& Tower with Radar,0,32,12,29,73,0,1,27,0,28,0,33,39,29,101,53,6,59,160
08/20/2005,ROW,NM,ASW,WE,Combined TRACON& Tower with Radar,0,10,14,0,24,0,0,17,0,17,0,10,31,0,41,18,0,18,59
08/21/2005,ROW,NM,ASW,WE,Combined TRACON& Tower with Radar,1,10,8,11,30,0,2,17,0,19,1,12,25,11,49,14,30,44,93
08/22/2005,ROW,NM,ASW,WE,Combined TRACON& Tower with Radar,0,27,8,7,42,0,2,39,3,44,0,29,47,10,86,18,36,54,140
08/23/2005,ROW,NM,ASW,WE,Combined TRACON& Tower with Radar,6,27,9,31,73,5,10,30,22,67,11,37,39,53,140,66,84,150,290
08/24/2005,ROW,NM,ASW,WE,Combined TRACON& Tower with Radar,0,34,11,24,69,0,0,22,4,26,0,34,33,28,95,28,40,68,163
08/25/2005,ROW,NM,ASW,WE,Combined TRACON& Tower with Radar,0,37,18,22,77,0,9,30,0,39,0,46,48,22,116,38,16,54,170
08/26/2005,ROW,NM,ASW,WE,Combined TRACON& Tower with Radar,1,27,11,8,47,0,1,58,4,63,1,28,69,12,110,28,6,34,144
08/27/2005,ROW,NM,ASW,WE,Combined TRACON& Tower with Radar,0,15,9,0,24,1,0,20,0,21,1,15,29,0,45,8,0,8,53
08/28/2005,ROW,NM,ASW,WE,Combined TRACON& Tower with Radar,0,7,7,0,14,0,0,9,0,9,0,7,16,0,23,4,0,4,27
08/29/2005,ROW,NM,ASW,WE,Combined TRACON& Tower with Radar,0,24,23,31,78,0,8,24,0,32,0,32,47,31,110,30,48,78,188
08/30/2005,ROW,NM,ASW,WE,Combined TRACON& Tower with Radar,0,28,22,10,60,0,9,51,21,81,0,37,73,31,141,24,54,78,219
08/31/2005,ROW,NM,ASW,WE,Combined TRACON& Tower with Radar,1,31,27,52,111,1,6,19,0,26,2,37,46,52,137,50,34,84,221
09/01/2005,ROW,NM,ASW,WE,Combined TRACON& Tower with Radar,0,33,22,14,69,0,3,49,8,60,0,36,71,22,129,11,30,41,170
09/02/2005,ROW,NM,ASW,WE,Combined TRACON& Tower with Radar,0,37,25,37,99,0,0,24,12,36,0,37,49,49,135,5,23,28,163
09/03/2005,ROW,NM,ASW,WE,Combined TRACON& Tower with Radar,3,14,4,7,28,0,4,29,0,33,3,18,33,7,61,0,2,2,63
09/04/2005,ROW,NM,ASW,WE,Combined TRACON& Tower with Radar,1,8,6,0,15,0,1,23,0,24,1,9,29,0,39,0,0,0,39
09/05/2005,ROW,NM,ASW,WE,Combined TRACON& Tower with Radar,0,14,27,16,57,0,3,7,12,22,0,17,34,28,79,0,18,18,97
09/06/2005,ROW,NM,ASW,WE,Combined TRACON& Tower with Radar,0,24,21,11,56,0,0,0,0,0,0,24,21,11,56,0,0,0,56
09/07/2005,ROW,NM,ASW,WE,Combined TRACON& Tower with Radar,0,36,23,50,109,0,0,13,0,13,0,36,36,50,122,4,86,90,212
09/08/2005,ROW,NM,ASW,WE,Combined TRACON& Tower with Radar,0,29,34,44,107,0,0,11,7,18,0,29,45,51,125,18,48,66,191
09/09/2005,ROW,NM,ASW,WE,Combined TRACON& Tower with Radar,1,30,21,54,106,0,2,35,10,47,1,32,56,64,153,51,57,108,261
09/10/2005,ROW,NM,ASW,WE,Combined TRACON& Tower with Radar,0,12,3,15,30,0,1,32,0,33,0,13,35,15,63,2,4,6,69
09/11/2005,ROW,NM,ASW,WE,Combined TRACON& Tower with Radar,0,10,7,40,57,0,0,0,0,0,0,10,7,40,57,22,38,60,117
09/12/2005,ROW,NM,ASW,WE,Combined TRACON& Tower with Radar,0,26,15,55,96,0,0,0,0,0,0,26,15,55,96,28,66,94,190
09/13/2005,ROW,NM,ASW,WE,Combined TRACON& Tower with Radar,1,27,15,71,114,0,2,23,0,25,1,29,38,71,139,16,14,30,169
09/14/2005,ROW,NM,ASW,WE,Combined TRACON& Tower with Radar,0,23,22,41,86,0,0,15,0,15,0,23,37,41,101,43,42,85,186
09/15/2005,ROW,NM,ASW,WE,Combined TRACON& Tower with Radar,1,31,23,45,100,4,0,16,0,20,5,31,39,45,120,22,59,81,201
09/16/2005,ROW,NM,ASW,WE,Combined TRACON& Tower with Radar,1,34,15,58,108,0,7,27,0,34,1,41,42,58,142,8,99,107,249
09/17/2005,ROW,NM,ASW,WE,Combined TRACON& Tower with Radar,0,10,9,6,25,0,0,26,0,26,0,10,35,6,51,0,0,0,51
09/18/2005,ROW,NM,ASW,WE,Combined TRACON& Tower with Radar,0,6,16,18,40,0,0,19,0,19,0,6,35,18,59,38,12,50,109
09/19/2005,ROW,NM,ASW,WE,Combined TRACON& Tower with Radar,0,29,22,91,142,0,1,22,0,23,0,30,44,91,165,22,98,120,285
09/20/2005,ROW,NM,ASW,WE,Combined TRACON& Tower with Radar,0,25,22,66,113,0,4,28,0,32,0,29,50,66,145,18,52,70,215
09/21/2005,ROW,NM,ASW,WE,Combined TRACON& Tower with Radar,0,32,20,40,92,0,6,30,0,36,0,38,50,40,128,6,50,56,184
09/22/2005,ROW,NM,ASW,WE,Combined TRACON& Tower with Radar,0,32,18,21,71,0,6,54,17,77,0,38,72,38,148,38,52,90,238
09/23/2005,ROW,NM,ASW,WE,Combined TRACON& Tower with Radar,0,30,13,19,62,0,5,49,14,68,0,35,62,33,130,34,58,92,222
09/24/2005,ROW,NM,ASW,WE,Combined TRACON& Tower with Radar,0,12,4,17,33,0,0,38,0,38,0,12,42,17,71,0,2,2,73
09/25/2005,ROW,NM,ASW,WE,Combined TRACON& Tower with Radar,0,9,5,16,30,0,7,43,1,51,0,16,48,17,81,2,0,2,83
09/26/2005,ROW,NM,ASW,WE,Combined TRACON& Tower with Radar,0,26,21,20,67,0,5,12,28,45,0,31,33,48,112,4,32,36,148
09/27/2005,ROW,NM,ASW,WE,Combined TRACON& Tower with Radar,0,26,7,11,44,0,0,28,2,30,0,26,35,13,74,1,2,3,77
09/28/2005,ROW,NM,ASW,WE,Combined TRACON& Tower with Radar,0,27,9,8,44,0,1,14,16,31,0,28,23,24,75,6,6,12,87
09/29/2005,ROW,NM,ASW,WE,Combined TRACON& Tower with Radar,1,23,24,11,59,0,0,48,16,64,1,23,72,27,123,6,74,80,203
09/30/2005,ROW,NM,ASW,WE,Combined TRACON& Tower with Radar,0,28,12,14,54,0,6,58,15,79,0,34,70,29,133,24,18,42,175
10/01/2005,ROW,NM,ASW,WE,Combined TRACON& Tower with Radar,6,17,12,2,37,0,0,67,0,67,6,17,79,2,104,2,0,2,106
10/02/2005,ROW,NM,ASW,WE,Combined TRACON& Tower with Radar,0,2,12,0,14,0,6,8,0,14,0,8,20,0,28,0,0,0,28
10/03/2005,ROW,NM,ASW,WE,Combined TRACON& Tower with Radar,1,21,11,19,52,0,0,55,0,55,1,21,66,19,107,12,10,22,129
10/04/2005,ROW,NM,ASW,WE,Combined TRACON& Tower with Radar,1,21,6,19,47,1,3,34,3,41,2,24,40,22,88,0,26,26,114
10/05/2005,ROW,NM,ASW,WE,Combined TRACON& Tower with Radar,1,28,12,23,64,0,0,7,11,18,1,28,19,34,82,0,17,17,99
10/06/2005,ROW,NM,ASW,WE,Combined TRACON& Tower with Radar,2,34,16,27,79,0,0,10,0,10,2,34,26,27,89,0,0,0,89
10/07/2005,ROW,NM,ASW,WE,Combined TRACON& Tower with Radar,0,37,10,22,69,0,1,19,0,20,0,38,29,22,89,0,18,18,107
10/08/2005,ROW,NM,ASW,WE,Combined TRACON& Tower with Radar,0,9,11,0,20,0,0,7,0,7,0,9,18,0,27,0,0,0,27
10/09/2005,ROW,NM,ASW,WE,Combined TRACON& Tower with Radar,0,5,13,15,33,0,0,0,0,0,0,5,13,15,33,0,24,24,57
10/10/2005,ROW,NM,ASW,WE,Combined TRACON& Tower with Radar,0,20,21,8,49,0,0,7,0,7,0,20,28,8,56,18,22,40,96
10/11/2005,ROW,NM,ASW,WE,Combined TRACON& Tower with Radar,0,33,24,32,89,0,0,19,0,19,0,33,43,32,108,14,54,68,176
10/12/2005,ROW,NM,ASW,WE,Combined TRACON& Tower with Radar,0,35,33,45,113,0,12,32,0,44,0,47,65,45,157,22,55,77,234
10/13/2005,ROW,NM,ASW,WE,Combined TRACON& Tower with Radar,0,30,29,35,94,0,0,4,0,4,0,30,33,35,98,6,40,46,144
10/14/2005,ROW,NM,ASW,WE,Combined TRACON& Tower with Radar,0,26,14,69,109,0,6,25,14,45,0,32,39,83,154,4,92,96,250
10/15/2005,ROW,NM,ASW,WE,Combined TRACON& Tower with Radar,2,9,16,4,31,0,0,44,0,44,2,9,60,4,75,0,0,0,75
10/16/2005,ROW,NM,ASW,WE,Combined TRACON& Tower with Radar,0,7,16,52,75,0,6,354,0,360,0,13,370,52,435,21,28,49,484
10/17/2005,ROW,NM,ASW,WE,Combined TRACON& Tower with Radar,0,33,16,25,74,0,0,14,0,14,0,33,30,25,88,30,58,88,176
10/18/2005,ROW,NM,ASW,WE,Combined TRACON& Tower with Radar,0,19,24,31,74,0,8,19,0,27,0,27,43,31,101,26,6,32,133
10/19/2005,ROW,NM,ASW,WE,Combined TRACON& Tower with Radar,1,28,39,63,131,0,0,20,0,20,1,28,59,63,151,14,30,44,195
10/20/2005,ROW,NM,ASW,WE,Combined TRACON& Tower with Radar,0,31,14,66,111,0,12,64,8,84,0,43,78,74,195,49,82,131,326
10/21/2005,ROW,NM,ASW,WE,Combined TRACON& Tower with Radar,0,23,18,81,122,0,15,67,0,82,0,38,85,81,204,15,74,89,293
10/22/2005,ROW,NM,ASW,WE,Combined TRACON& Tower with Radar,0,12,8,13,33,0,0,14,0,14,0,12,22,13,47,0,30,30,77
10/23/2005,ROW,NM,ASW,WE,Combined TRACON& Tower with Radar,0,8,14,14,36,0,0,9,0,9,0,8,23,14,45,0,0,0,45
10/24/2005,ROW,NM,ASW,WE,Combined TRACON& Tower with Radar,0,24,22,62,108,0,0,30,17,47,0,24,52,79,155,10,66,76,231
10/25/2005,ROW,NM,ASW,WE,Combined TRACON& Tower with Radar,0,27,16,83,126,0,0,27,0,27,0,27,43,83,153,22,32,54,207
10/26/2005,ROW,NM,ASW,WE,Combined TRACON& Tower with Radar,0,39,22,66,127,0,0,35,0,35,0,39,57,66,162,12,38,50,212
10/27/2005,ROW,NM,ASW,WE,Combined TRACON& Tower with Radar,1,38,18,48,105,0,1,20,0,21,1,39,38,48,126,12,36,48,174
10/28/2005,ROW,NM,ASW,WE,Combined TRACON& Tower with Radar,0,26,11,27,64,0,5,14,0,19,0,31,25,27,83,18,4,22,105
10/29/2005,ROW,NM,ASW,WE,Combined TRACON& Tower with Radar,0,8,8,1,17,0,0,2,0,2,0,8,10,1,19,14,0,14,33
10/30/2005,ROW,NM,ASW,WE,Combined TRACON& Tower with Radar,0,19,4,21,44,0,0,29,0,29,0,19,33,21,73,0,16,16,89
10/31/2005,ROW,NM,ASW,WE,Combined TRACON& Tower with Radar,0,26,16,54,96,0,12,36,16,64,0,38,52,70,160,20,56,76,236
11/01/2005,ROW,NM,ASW,WE,Combined TRACON& Tower with Radar,0,37,23,37,97,0,1,64,4,69,0,38,87,41,166,16,32,48,214
11/02/2005,ROW,NM,ASW,WE,Combined TRACON& Tower with Radar,0,28,28,42,98,0,0,20,0,20,0,28,48,42,118,47,26,73,191
11/03/2005,ROW,NM,ASW,WE,Combined TRACON& Tower with Radar,0,33,23,18,74,0,3,21,0,24,0,36,44,18,98,10,14,24,122
11/04/2005,ROW,NM,ASW,WE,Combined TRACON& Tower with Radar,0,27,15,15,57,0,10,20,0,30,0,37,35,15,87,0,6,6,93
11/05/2005,ROW,NM,ASW,WE,Combined TRACON& Tower with Radar,0,9,8,11,28,0,0,20,0,20,0,9,28,11,48,10,40,50,98
11/06/2005,ROW,NM,ASW,WE,Combined TRACON& Tower with Radar,0,4,6,17,27,0,0,20,0,20,0,4,26,17,47,8,44,52,99
11/07/2005,ROW,NM,ASW,WE,Combined TRACON& Tower with Radar,0,23,20,31,74,0,1,24,0,25,0,24,44,31,99,16,59,75,174
11/08/2005,ROW,NM,ASW,WE,Combined TRACON& Tower with Radar,0,28,7,21,56,0,9,65,0,74,0,37,72,21,130,0,18,18,148
11/09/2005,ROW,NM,ASW,WE,Combined TRACON& Tower with Radar,0,32,34,49,115,0,0,24,0,24,0,32,58,49,139,29,84,113,252
11/10/2005,ROW,NM,ASW,WE,Combined TRACON& Tower with Radar,1,35,24,49,109,0,3,47,0,50,1,38,71,49,159,12,7,19,178
11/11/2005,ROW,NM,ASW,WE,Combined TRACON& Tower with Radar,0,28,23,12,63,0,0,0,5,5,0,28,23,17,68,0,0,0,68
11/12/2005,ROW,NM,ASW,WE,Combined TRACON& Tower with Radar,1,9,6,2,18,0,0,18,0,18,1,9,24,2,36,6,0,6,42
11/13/2005,ROW,NM,ASW,WE,Combined TRACON& Tower with Radar,1,4,9,4,18,0,6,23,5,34,1,10,32,9,52,22,0,22,74
11/14/2005,ROW,NM,ASW,WE,Combined TRACON& Tower with Radar,0,23,12,63,98,0,2,24,0,26,0,25,36,63,124,58,36,94,218
11/15/2005,ROW,NM,ASW,WE,Combined TRACON& Tower with Radar,0,26,18,127,171,0,0,21,0,21,0,26,39,127,192,25,150,175,367
11/16/2005,ROW,NM,ASW,WE,Combined TRACON& Tower with Radar,0,24,20,61,105,0,0,21,0,21,0,24,41,61,126,27,40,67,193
11/17/2005,ROW,NM,ASW,WE,Combined TRACON& Tower with Radar,2,28,20,132,182,0,4,49,0,53,2,32,69,132,235,55,130,185,420
11/18/2005,ROW,NM,ASW,WE,Combined TRACON& Tower with Radar,4,35,12,108,159,0,7,39,2,48,4,42,51,110,207,34,122,156,363
11/19/2005,ROW,NM,ASW,WE,Combined TRACON& Tower with Radar,1,8,15,18,42,0,3,10,0,13,1,11,25,18,55,6,16,22,77
11/20/2005,ROW,NM,ASW,WE,Combined TRACON& Tower with Radar,0,9,5,0,14,0,4,19,0,23,0,13,24,0,37,2,0,2,39
11/21/2005,ROW,NM,ASW,WE,Combined TRACON& Tower with Radar,0,23,19,36,78,0,2,21,2,25,0,25,40,38,103,40,58,98,201
11/22/2005,ROW,NM,ASW,WE,Combined TRACON& Tower with Radar,0,30,21,29,80,0,5,22,0,27,0,35,43,29,107,25,104,129,236
11/23/2005,ROW,NM,ASW,WE,Combined TRACON& Tower with Radar,0,31,20,68,119,0,10,5,0,15,0,41,25,68,134,20,150,170,304
11/24/2005,ROW,NM,ASW,WE,Combined TRACON& Tower with Radar,0,8,1,0,9,0,0,9,0,9,0,8,10,0,18,0,0,0,18
11/25/2005,ROW,NM,ASW,WE,Combined TRACON& Tower with Radar,0,16,17,14,47,0,0,15,3,18,0,16,32,17,65,0,0,0,65
11/26/2005,ROW,NM,ASW,WE,Combined TRACON& Tower with Radar,0,9,4,0,13,0,7,29,0,36,0,16,33,0,49,22,0,22,71
11/27/2005,ROW,NM,ASW,WE,Combined TRACON& Tower with Radar,1,3,13,0,17,3,4,4,0,11,4,7,17,0,28,8,0,8,36
11/28/2005,ROW,NM,ASW,WE,Combined TRACON& Tower with Radar,0,22,16,30,68,0,2,13,0,15,0,24,29,30,83,0,12,12,95
11/29/2005,ROW,NM,ASW,WE,Combined TRACON& Tower with Radar,0,30,17,61,108,0,7,20,0,27,0,37,37,61,135,30,32,62,197
11/30/2005,ROW,NM,ASW,WE,Combined TRACON& Tower with Radar,0,35,16,78,129,0,0,11,4,15,0,35,27,82,144,12,92,104,248
12/01/2005,ROW,NM,ASW,WE,Combined TRACON& Tower with Radar,0,22,11,37,70,0,0,7,0,7,0,22,18,37,77,0,32,32,109
12/02/2005,ROW,NM,ASW,WE,Combined TRACON& Tower with Radar,1,19,11,59,90,0,6,12,0,18,1,25,23,59,108,4,37,41,149
12/03/2005,ROW,NM,ASW,WE,Combined TRACON& Tower with Radar,0,6,8,11,25,0,9,10,1,20,0,15,18,12,45,0,0,0,45
12/04/2005,ROW,NM,ASW,WE,Combined TRACON& Tower with Radar,0,5,6,9,20,0,3,19,4,26,0,8,25,13,46,6,32,38,84
12/05/2005,ROW,NM,ASW,WE,Combined TRACON& Tower with Radar,0,21,14,49,84,0,0,7,4,11,0,21,21,53,95,20,90,110,205
12/06/2005,ROW,NM,ASW,WE,Combined TRACON& Tower with Radar,0,32,10,60,102,0,0,18,0,18,0,32,28,60,120,6,44,50,170
12/07/2005,ROW,NM,ASW,WE,Combined TRACON& Tower with Radar,0,30,21,96,147,0,0,18,2,20,0,30,39,98,167,10,159,169,336
12/08/2005,ROW,NM,ASW,WE,Combined TRACON& Tower with Radar,0,37,23,119,179,0,0,12,4,16,0,37,35,123,195,13,94,107,302
12/09/2005,ROW,NM,ASW,WE,Combined TRACON& Tower with Radar,4,23,23,44,94,0,16,32,38,86,4,39,55,82,180,8,36,44,224
12/10/2005,ROW,NM,ASW,WE,Combined TRACON& Tower with Radar,0,7,12,0,19,0,0,39,0,39,0,7,51,0,58,12,0,12,70
12/11/2005,ROW,NM,ASW,WE,Combined TRACON& Tower with Radar,1,5,12,42,60,0,1,7,0,8,1,6,19,42,68,40,44,84,152
12/12/2005,ROW,NM,ASW,WE,Combined TRACON& Tower with Radar,0,25,22,68,115,0,2,10,48,60,0,27,32,116,175,20,172,192,367
12/13/2005,ROW,NM,ASW,WE,Combined TRACON& Tower with Radar,0,23,14,52,89,0,0,9,0,9,0,23,23,52,98,2,86,88,186
12/14/2005,ROW,NM,ASW,WE,Combined TRACON& Tower with Radar,1,25,23,69,118,0,4,19,32,55,1,29,42,101,173,12,104,116,289
12/15/2005,ROW,NM,ASW,WE,Combined TRACON& Tower with Radar,1,28,16,118,163,0,6,18,0,24,1,34,34,118,187,0,70,70,257
12/16/2005,ROW,NM,ASW,WE,Combined TRACON& Tower with Radar,24,38,16,91,169,0,0,31,0,31,24,38,47,91,200,10,106,116,316
12/17/2005,ROW,NM,ASW,WE,Combined TRACON& Tower with Radar,0,10,11,23,44,0,0,11,9,20,0,10,22,32,64,10,32,42,106
12/18/2005,ROW,NM,ASW,WE,Combined TRACON& Tower with Radar,0,13,9,18,40,0,0,0,0,0,0,13,9,18,40,0,0,0,40
12/19/2005,ROW,NM,ASW,WE,Combined TRACON& Tower with Radar,0,22,15,47,84,0,0,13,0,13,0,22,28,47,97,0,22,22,119
12/20/2005,ROW,NM,ASW,WE,Combined TRACON& Tower with Radar,0,22,23,34,79,0,0,14,21,35,0,22,37,55,114,4,18,22,136
12/21/2005,ROW,NM,ASW,WE,Combined TRACON& Tower with Radar,1,24,17,54,96,0,14,27,0,41,1,38,44,54,137,42,30,72,209
12/22/2005,ROW,NM,ASW,WE,Combined TRACON& Tower with Radar,0,31,13,20,64,0,0,34,15,49,0,31,47,35,113,4,90,94,207
12/23/2005,ROW,NM,ASW,WE,Combined TRACON& Tower with Radar,0,28,2,9,39,0,5,22,12,39,0,33,24,21,78,0,87,87,165
12/24/2005,ROW,NM,ASW,WE,Combined TRACON& Tower with Radar,0,9,17,0,26,0,0,6,0,6,0,9,23,0,32,0,0,0,32
12/25/2005,ROW,NM,ASW,WE,Combined TRACON& Tower with Radar,0,3,3,0,6,0,1,16,0,17,0,4,19,0,23,4,0,4,27
12/26/2005,ROW,NM,ASW,WE,Combined TRACON& Tower with Radar,0,7,1,0,8,0,0,19,0,19,0,7,20,0,27,0,0,0,27
12/27/2005,ROW,NM,ASW,WE,Combined TRACON& Tower with Radar,0,21,9,0,30,0,0,9,0,9,0,21,18,0,39,0,0,0,39
12/28/2005,ROW,NM,ASW,WE,Combined TRACON& Tower with Radar,0,27,15,0,42,0,8,15,0,23,0,35,30,0,65,35,0,35,100
12/29/2005,ROW,NM,ASW,WE,Combined TRACON& Tower with Radar,4,23,5,0,32,0,7,20,0,27,4,30,25,0,59,0,0,0,59
12/30/2005,ROW,NM,ASW,WE,Combined TRACON& Tower with Radar,0,32,5,1,38,0,2,19,0,21,0,34,24,1,59,0,0,0,59
12/31/2005,ROW,NM,ASW,WE,Combined TRACON& Tower with Radar,0,7,21,0,28,1,0,33,0,34,1,7,54,0,62,12,0,12,74
01/01/2006,ROW,NM,ASW,WE,Combined TRACON& Tower with Radar,0,13,0,0,13,0,0,0,0,0,0,13,0,0,13,0,0,0,13
01/02/2006,ROW,NM,ASW,WE,Combined TRACON& Tower with Radar,0,9,5,0,14,0,0,19,0,19,0,9,24,0,33,4,0,4,37
01/03/2006,ROW,NM,ASW,WE,Combined TRACON& Tower with Radar,0,29,9,27,65,0,3,15,0,18,0,32,24,27,83,2,36,38,121
01/04/2006,ROW,NM,ASW,WE,Combined TRACON& Tower with Radar,2,25,12,67,106,0,0,14,0,14,2,25,26,67,120,0,112,112,232
01/05/2006,ROW,NM,ASW,WE,Combined TRACON& Tower with Radar,0,26,12,117,155,0,0,8,2,10,0,26,20,119,165,8,54,62,227
01/06/2006,ROW,NM,ASW,WE,Combined TRACON& Tower with Radar,2,32,22,80,136,0,7,13,2,22,2,39,35,82,158,0,64,64,222
01/07/2006,ROW,NM,ASW,WE,Combined TRACON& Tower with Radar,0,14,18,56,88,0,3,0,0,3,0,17,18,56,91,36,34,70,161
01/08/2006,ROW,NM,ASW,WE,Combined TRACON& Tower with Radar,5,14,4,25,48,0,0,7,0,7,5,14,11,25,55,24,28,52,107
01/09/2006,ROW,NM,ASW,WE,Combined TRACON& Tower with Radar,0,21,9,15,45,0,12,20,0,32,0,33,29,15,77,16,16,32,109
01/10/2006,ROW,NM,ASW,WE,Combined TRACON& Tower with Radar,2,24,15,101,142,18,4,19,0,41,20,28,34,101,183,0,116,116,299
01/11/2006,ROW,NM,ASW,WE,Combined TRACON& Tower with Radar,2,22,16,44,84,0,0,9,0,9,2,22,25,44,93,10,54,64,157
01/12/2006,ROW,NM,ASW,WE,Combined TRACON& Tower with Radar,0,26,12,27,65,0,6,0,0,6,0,32,12,27,71,10,26,36,107
01/13/2006,ROW,NM,ASW,WE,Combined TRACON& Tower with Radar,0,28,10,31,69,13,12,80,33,138,13,40,90,64,207,17,70,87,294
01/14/2006,ROW,NM,ASW,WE,Combined TRACON& Tower with Radar,0,11,12,22,45,0,0,16,0,16,0,11,28,22,61,34,0,34,95
01/15/2006,ROW,NM,ASW,WE,Combined TRACON& Tower with Radar,2,4,4,0,10,0,1,10,0,11,2,5,14,0,21,2,0,2,23
01/16/2006,ROW,NM,ASW,WE,Combined TRACON& Tower with Radar,0,17,7,6,30,0,5,12,5,22,0,22,19,11,52,0,0,0,52
01/17/2006,ROW,NM,ASW,WE,Combined TRACON& Tower with Radar,0,33,13,27,73,0,11,25,3,39,0,44,38,30,112,0,4,4,116
01/18/2006,ROW,NM,ASW,WE,Combined TRACON& Tower with Radar,0,26,22,59,107,0,1,12,0,13,0,27,34,59,120,30,130,160,280
01/19/2006,ROW,NM,ASW,WE,Combined TRACON& Tower with Radar,0,26,14,17,57,0,10,0,0,10,0,36,14,17,67,21,6,27,94
01/20/2006,ROW,NM,ASW,WE,Combined TRACON& Tower with Radar,2,29,6,105,142,0,7,69,61,137,2,36,75,166,279,30,144,174,453
01/21/2006,ROW,NM,ASW,WE,Combined TRACON& Tower with Radar,1,11,9,43,64,0,6,20,0,26,1,17,29,43,90,0,10,10,100
01/22/2006,ROW,NM,ASW,WE,Combined TRACON& Tower with Radar,0,4,1,29,34,0,0,40,0,40,0,4,41,29,74,26,32,58,132
01/23/2006,ROW,NM,ASW,WE,Combined TRACON& Tower with Radar,4,20,8,59,91,1,4,88,0,93,5,24,96,59,184,10,58,68,252
01/24/2006,ROW,NM,ASW,WE,Combined TRACON& Tower with Radar,0,22,19,51,92,0,0,14,0,14,0,22,33,51,106,2,40,42,148
01/25/2006,ROW,NM,ASW,WE,Combined TRACON& Tower with Radar,0,25,15,49,89,0,19,25,0,44,0,44,40,49,133,4,72,76,209
01/26/2006,ROW,NM,ASW,WE,Combined TRACON& Tower with Radar,0,33,24,42,99,0,2,0,6,8,0,35,24,48,107,2,43,45,152
01/27/2006,ROW,NM,ASW,WE,Combined TRACON& Tower with Radar,1,21,42,25,89,0,35,4,66,105,1,56,46,91,194,66,112,178,372
01/28/2006,ROW,NM,ASW,WE,Combined TRACON& Tower with Radar,0,9,12,3,24,1,0,8,0,9,1,9,20,3,33,0,4,4,37
01/29/2006,ROW,NM,ASW,WE,Combined TRACON& Tower with Radar,0,6,8,11,25,0,0,7,0,7,0,6,15,11,32,0,48,48,80
01/30/2006,ROW,NM,ASW,WE,Combined TRACON& Tower with Radar,0,15,22,33,70,0,13,34,0,47,0,28,56,33,117,25,32,57,174
01/31/2006,ROW,NM,ASW,WE,Combined TRACON& Tower with Radar,0,21,5,36,62,0,7,51,0,58,0,28,56,36,120,74,15,89,209
02/01/2006,ROW,NM,ASW,WE,Combined TRACON& Tower with Radar,0,24,19,36,79,0,7,187,0,194,0,31,206,36,273,6,10,16,289
02/02/2006,ROW,NM,ASW,WE,Combined TRACON& Tower with Radar,1,31,24,52,108,0,5,5,0,10,1,36,29,52,118,0,26,26,144
02/03/2006,ROW,NM,ASW,WE,Combined TRACON& Tower with Radar,0,26,19,41,86,0,15,38,88,141,0,41,57,129,227,0,152,152,379
02/04/2006,ROW,NM,ASW,WE,Combined TRACON& Tower with Radar,0,7,14,6,27,0,4,30,4,38,0,11,44,10,65,40,2,42,107
02/05/2006,ROW,NM,ASW,WE,Combined TRACON& Tower with Radar,0,9,9,4,22,0,5,15,0,20,0,14,24,4,42,3,4,7,49
02/06/2006,ROW,NM,ASW,WE,Combined TRACON& Tower with Radar,0,19,22,49,90,0,13,13,0,26,0,32,35,49,116,2,72,74,190
02/07/2006,ROW,NM,ASW,WE,Combined TRACON& Tower with Radar,1,34,33,36,104,0,0,21,0,21,1,34,54,36,125,10,72,82,207
02/08/2006,ROW,NM,ASW,WE,Combined TRACON& Tower with Radar,1,23,11,76,111,0,12,29,31,72,1,35,40,107,183,15,58,73,256
02/09/2006,ROW,NM,ASW,WE,Combined TRACON& Tower with Radar,0,24,20,67,111,0,0,25,10,35,0,24,45,77,146,9,38,47,193
02/10/2006,ROW,NM,ASW,WE,Combined TRACON& Tower with Radar,0,18,14,102,134,0,10,36,37,83,0,28,50,139,217,0,118,118,335
02/11/2006,ROW,NM,ASW,WE,Combined TRACON& Tower with Radar,0,9,19,9,37,0,1,13,0,14,0,10,32,9,51,18,2,20,71
02/12/2006,ROW,NM,ASW,WE,Combined TRACON& Tower with Radar,0,6,20,0,26,0,3,32,0,35,0,9,52,0,61,8,0,8,69
02/13/2006,ROW,NM,ASW,WE,Combined TRACON& Tower with Radar,0,17,17,35,69,0,0,0,0,0,0,17,17,35,69,2,92,94,163
02/14/2006,ROW,NM,ASW,WE,Combined TRACON& Tower with Radar,0,22,13,76,111,0,0,29,3,32,0,22,42,79,143,0,85,85,228
02/15/2006,ROW,NM,ASW,WE,Combined TRACON& Tower with Radar,0,21,14,31,66,0,9,0,0,9,0,30,14,31,75,8,32,40,115
02/16/2006,ROW,NM,ASW,WE,Combined TRACON& Tower with Radar,0,22,23,24,69,0,0,0,21,21,0,22,23,45,90,8,4,12,102
02/17/2006,ROW,NM,ASW,WE,Combined TRACON& Tower with Radar,2,27,7,32,68,0,0,6,12,18,2,27,13,44,86,0,48,48,134
02/18/2006,ROW,NM,ASW,WE,Combined TRACON& Tower with Radar,0,9,12,0,21,0,0,0,0,0,0,9,12,0,21,2,0,2,23
02/19/2006,ROW,NM,ASW,WE,Combined TRACON& Tower with Radar,0,6,8,25,39,0,0,11,3,14,0,6,19,28,53,10,6,16,69
02/20/2006,ROW,NM,ASW,WE,Combined TRACON& Tower with Radar,0,12,9,12,33,0,9,75,0,84,0,21,84,12,117,8,0,8,125
02/21/2006,ROW,NM,ASW,WE,Combined TRACON& Tower with Radar,0,28,17,48,93,0,1,7,0,8,0,29,24,48,101,0,86,86,187
02/22/2006,ROW,NM,ASW,WE,Combined TRACON& Tower with Radar,0,24,16,28,68,0,0,32,0,32,0,24,48,28,100,46,36,82,182
02/23/2006,ROW,NM,ASW,WE,Combined TRACON& Tower with Radar,1,27,17,17,62,0,0,12,5,17,1,27,29,22,79,20,26,46,125
02/24/2006,ROW,NM,ASW,WE,Combined TRACON& Tower with Radar,0,30,9,129,168,2,7,22,29,60,2,37,31,158,228,2,56,58,286
02/25/2006,ROW,NM,ASW,WE,Combined TRACON& Tower with Radar,0,11,11,11,33,0,7,19,0,26,0,18,30,11,59,12,4,16,75
02/26/2006,ROW,NM,ASW,WE,Combined TRACON& Tower with Radar,0,7,5,31,43,0,0,11,0,11,0,7,16,31,54,4,2,6,60
02/27/2006,ROW,NM,ASW,WE,Combined TRACON& Tower with Radar,2,24,19,58,103,0,0,94,0,94,2,24,113,58,197,0,62,62,259
02/28/2006,ROW,NM,ASW,WE,Combined TRACON& Tower with Radar,1,29,24,35,89,0,0,32,19,51,1,29,56,54,140,30,43,73,213
03/01/2006,ROW,NM,ASW,WE,Combined TRACON& Tower with Radar,1,23,15,63,102,0,8,17,0,25,1,31,32,63,127,10,86,96,223
03/02/2006,ROW,NM,ASW,WE,Combined TRACON& Tower with Radar,4,25,18,68,115,0,2,6,0,8,4,27,24,68,123,0,36,36,159
03/03/2006,ROW,NM,ASW,WE,Combined TRACON& Tower with Radar,0,38,33,39,110,0,0,0,0,0,0,38,33,39,110,0,14,14,124
03/04/2006,ROW,NM,ASW,WE,Combined TRACON& Tower with Radar,2,9,2,0,13,0,13,28,0,41,2,22,30,0,54,0,0,0,54
03/05/2006,ROW,NM,ASW,WE,Combined TRACON& Tower with Radar,0,3,8,9,20,1,1,5,0,7,1,4,13,9,27,0,0,0,27
03/06/2006,ROW,NM,ASW,WE,Combined TRACON& Tower with Radar,0,31,32,30,93,0,0,0,0,0,0,31,32,30,93,20,61,81,174
03/07/2006,ROW,NM,ASW,WE,Combined TRACON& Tower with Radar,0,24,11,43,78,0,6,26,0,32,0,30,37,43,110,0,86,86,196
03/08/2006,ROW,NM,ASW,WE,Combined TRACON& Tower with Radar,0,28,19,23,70,0,0,2,15,17,0,28,21,38,87,0,34,34,121
03/09/2006,ROW,NM,ASW,WE,Combined TRACON& Tower with Radar,2,29,20,13,64,0,0,72,3,75,2,29,92,16,139,0,300,300,439
03/10/2006,ROW,NM,ASW,WE,Combined TRACON& Tower with Radar,1,27,34,12,74,0,0,34,36,70,1,27,68,48,144,10,16,26,170
03/11/2006,ROW,NM,ASW,WE,Combined TRACON& Tower with Radar,0,9,8,0,17,0,0,4,0,4,0,9,12,0,21,0,0,0,21
03/12/2006,ROW,NM,ASW,WE,Combined TRACON& Tower with Radar,0,6,5,9,20,0,0,3,0,3,0,6,8,9,23,0,8,8,31
03/13/2006,ROW,NM,ASW,WE,Combined TRACON& Tower with Radar,1,30,34,44,109,0,0,0,0,0,1,30,34,44,109,8,50,58,167
03/14/2006,ROW,NM,ASW,WE,Combined TRACON& Tower with Radar,1,25,15,35,76,0,5,30,20,55,1,30,45,55,131,67,140,207,338
03/15/2006,ROW,NM,ASW,WE,Combined TRACON& Tower with Radar,0,24,13,77,114,0,0,7,0,7,0,24,20,77,121,28,102,130,251
03/16/2006,ROW,NM,ASW,WE,Combined TRACON& Tower with Radar,0,29,9,54,92,0,0,90,11,101,0,29,99,65,193,1,94,95,288
03/17/2006,ROW,NM,ASW,WE,Combined TRACON& Tower with Radar,0,25,7,33,65,0,2,27,19,48,0,27,34,52,113,26,63,89,202
03/18/2006,ROW,NM,ASW,WE,Combined TRACON& Tower with Radar,0,14,19,44,77,2,3,11,6,22,2,17,30,50,99,8,10,18,117
03/19/2006,ROW,NM,ASW,WE,Combined TRACON& Tower with Radar,0,10,8,4,22,0,0,0,0,0,0,10,8,4,22,0,0,0,22
03/20/2006,ROW,NM,ASW,WE,Combined TRACON& Tower with Radar,0,21,22,52,95,0,0,23,0,23,0,21,45,52,118,2,52,54,172
03/21/2006,ROW,NM,ASW,WE,Combined TRACON& Tower with Radar,0,28,20,49,97,0,0,4,117,121,0,28,24,166,218,18,93,111,329
03/22/2006,ROW,NM,ASW,WE,Combined TRACON& Tower with Radar,0,32,3,42,77,0,0,25,0,25,0,32,28,42,102,1,22,23,125
03/23/2006,ROW,NM,ASW,WE,Combined TRACON& Tower with Radar,2,34,27,53,116,0,0,16,0,16,2,34,43,53,132,7,22,29,161
03/24/2006,ROW,NM,ASW,WE,Combined TRACON& Tower with Radar,1,32,8,40,81,0,0,61,20,81,1,32,69,60,162,10,78,88,250
03/25/2006,ROW,NM,ASW,WE,Combined TRACON& Tower with Radar,0,6,9,33,48,0,7,34,0,41,0,13,43,33,89,0,87,87,176
03/26/2006,ROW,NM,ASW,WE,Combined TRACON& Tower with Radar,0,3,12,60,75,0,0,6,0,6,0,3,18,60,81,0,24,24,105
03/27/2006,ROW,NM,ASW,WE,Combined TRACON& Tower with Radar,0,17,10,70,97,0,1,37,10,48,0,18,47,80,145,19,26,45,190
03/28/2006,ROW,NM,ASW,WE,Combined TRACON& Tower with Radar,1,29,13,31,74,0,0,39,6,45,1,29,52,37,119,26,8,34,153
03/29/2006,ROW,NM,ASW,WE,Combined TRACON& Tower with Radar,0,28,19,48,95,0,2,14,0,16,0,30,33,48,111,6,48,54,165
03/30/2006,ROW,NM,ASW,WE,Combined TRACON& Tower with Radar,1,26,13,57,97,0,0,122,12,134,1,26,135,69,231,20,99,119,350
03/31/2006,ROW,NM,ASW,WE,Combined TRACON& Tower with Radar,4,32,4,15,55,0,0,120,5,125,4,32,124,20,180,74,20,94,274
04/01/2006,ROW,NM,ASW,WE,Combined TRACON& Tower with Radar,0,6,17,16,39,0,0,3,0,3,0,6,20,16,42,52,6,58,100
04/02/2006,ROW,NM,ASW,WE,Combined TRACON& Tower with Radar,0,4,4,0,8,0,0,1,92,93,0,4,5,92,101,36,0,36,137
04/03/2006,ROW,NM,ASW,WE,Combined TRACON& Tower with Radar,8,15,40,106,169,0,5,34,0,39,8,20,74,106,208,26,86,112,320
04/04/2006,ROW,NM,ASW,WE,Combined TRACON& Tower with Radar,2,26,25,23,76,0,0,60,3,63,2,26,85,26,139,4,28,32,171
04/05/2006,ROW,NM,ASW,WE,Combined TRACON& Tower with Radar,0,29,18,25,72,0,0,4,0,4,0,29,22,25,76,0,44,44,120
04/06/2006,ROW,NM,ASW,WE,Combined TRACON& Tower with Radar,1,26,11,30,68,0,0,1,3,4,1,26,12,33,72,0,4,4,76
04/07/2006,ROW,NM,ASW,WE,Combined TRACON& Tower with Radar,1,20,10,79,110,0,7,29,0,36,1,27,39,79,146,0,78,78,224
04/08/2006,ROW,NM,ASW,WE,Combined TRACON& Tower with Radar,0,8,24,0,32,0,9,77,4,90,0,17,101,4,122,0,0,0,122
04/09/2006,ROW,NM,ASW,WE,Combined TRACON& Tower with Radar,1,4,1,4,10,0,1,30,1,32,1,5,31,5,42,0,0,0,42
04/10/2006,ROW,NM,ASW,WE,Combined TRACON& Tower with Radar,2,22,18,43,85,0,2,12,9,23,2,24,30,52,108,0,50,50,158
04/11/2006,ROW,NM,ASW,WE,Combined TRACON& Tower with Radar,1,25,15,30,71,0,0,63,0,63,1,25,78,30,134,10,96,106,240
04/12/2006,ROW,NM,ASW,WE,Combined TRACON& Tower with Radar,0,25,82,35,142,0,0,0,0,0,0,25,82,35,142,43,34,77,219
04/13/2006,ROW,NM,ASW,WE,Combined TRACON& Tower with Radar,1,22,21,25,69,0,4,18,4,26,1,26,39,29,95,22,36,58,153
04/14/2006,ROW,NM,ASW,WE,Combined TRACON& Tower with Radar,1,21,18,20,60,0,11,33,6,50,1,32,51,26,110,18,12,30,140
04/15/2006,ROW,NM,ASW,WE,Combined TRACON& Tower with Radar,0,8,0,0,8,0,2,7,0,9,0,10,7,0,17,0,0,0,17
04/16/2006,ROW,NM,ASW,WE,Combined TRACON& Tower with Radar,0,6,9,4,19,0,1,24,3,28,0,7,33,7,47,6,0,6,53
04/17/2006,ROW,NM,ASW,WE,Combined TRACON& Tower with Radar,0,19,36,49,104,0,1,11,2,14,0,20,47,51,118,8,36,44,162
04/18/2006,ROW,NM,ASW,WE,Combined TRACON& Tower with Radar,0,19,33,27,79,0,5,41,47,93,0,24,74,74,172,6,94,100,272
04/19/2006,ROW,NM,ASW,WE,Combined TRACON& Tower with Radar,0,26,22,36,84,0,7,16,0,23,0,33,38,36,107,16,56,72,179
04/20/2006,ROW,NM,ASW,WE,Combined TRACON& Tower with Radar,0,26,12,48,86,0,8,21,14,43,0,34,33,62,129,25,74,99,228
04/21/2006,ROW,NM,ASW,WE,Combined TRACON& Tower with Radar,0,25,13,100,138,0,2,41,4,47,0,27,54,104,185,78,180,258,443
04/22/2006,ROW,NM,ASW,WE,Combined TRACON& Tower with Radar,0,6,16,0,22,0,2,142,0,144,0,8,158,0,166,0,0,0,166
04/23/2006,ROW,NM,ASW,WE,Combined TRACON& Tower with Radar,1,4,12,3,20,0,0,5,0,5,1,4,17,3,25,38,0,38,63
04/24/2006,ROW,NM,ASW,WE,Combined TRACON& Tower with Radar,0,20,14,59,93,0,2,18,9,29,0,22,32,68,122,16,60,76,198
04/25/2006,ROW,NM,ASW,WE,Combined TRACON& Tower with Radar,0,25,13,64,102,0,5,11,0,16,0,30,24,64,118,8,58,66,184
04/26/2006,ROW,NM,ASW,WE,Combined TRACON& Tower with Radar,0,23,17,86,126,0,4,38,5,47,0,27,55,91,173,11,66,77,250
04/27/2006,ROW,NM,ASW,WE,Combined TRACON& Tower with Radar,0,29,10,57,96,0,7,22,24,53,0,36,32,81,149,6,41,47,196
04/28/2006,ROW,NM,ASW,WE,Combined TRACON& Tower with Radar,0,31,11,64,106,0,4,8,3,15,0,35,19,67,121,0,38,38,159
04/29/2006,ROW,NM,ASW,WE,Combined TRACON& Tower with Radar,0,10,5,0,15,0,1,15,0,16,0,11,20,0,31,0,0,0,31
04/30/2006,ROW,NM,ASW,WE,Combined TRACON& Tower with Radar,0,0,8,0,8,0,0,23,0,23,0,0,31,0,31,24,0,24,55
05/01/2006,ROW,NM,ASW,WE,Combined TRACON& Tower with Radar,0,22,14,64,100,0,2,18,3,23,0,24,32,67,123,0,28,28,151
05/02/2006,ROW,NM,ASW,WE,Combined TRACON& Tower with Radar,0,24,23,59,106,0,4,35,10,49,0,28,58,69,155,2,110,112,267
05/03/2006,ROW,NM,ASW,WE,Combined TRACON& Tower with Radar,0,19,13,54,86,0,3,39,3,45,0,22,52,57,131,30,118,148,279
05/04/2006,ROW,NM,ASW,WE,Combined TRACON& Tower with Radar,0,27,18,60,105,0,2,13,12,27,0,29,31,72,132,72,150,222,354
05/05/2006,ROW,NM,ASW,WE,Combined TRACON& Tower with Radar,0,34,38,150,222,0,2,8,8,18,0,36,46,158,240,76,124,200,440
05/06/2006,ROW,NM,ASW,WE,Combined TRACON& Tower with Radar,0,13,9,10,32,0,1,33,1,35,0,14,42,11,67,0,28,28,95
05/07/2006,ROW,NM,ASW,WE,Combined TRACON& Tower with Radar,1,6,34,47,88,0,1,2,0,3,1,7,36,47,91,0,26,26,117
05/08/2006,ROW,NM,ASW,WE,Combined TRACON& Tower with Radar,2,17,23,98,140,0,4,18,3,25,2,21,41,101,165,18,108,126,291
05/09/2006,ROW,NM,ASW,WE,Combined TRACON& Tower with Radar,1,23,11,29,64,0,9,46,2,57,1,32,57,31,121,0,78,78,199
05/10/2006,ROW,NM,ASW,WE,Combined TRACON& Tower with Radar,4,23,22,49,98,0,3,25,12,40,4,26,47,61,138,30,96,126,264
05/11/2006,ROW,NM,ASW,WE,Combined TRACON& Tower with Radar,0,23,12,22,57,0,3,71,3,77,0,26,83,25,134,36,62,98,232
05/12/2006,ROW,NM,ASW,WE,Combined TRACON& Tower with Radar,0,21,11,21,53,0,6,15,2,23,0,27,26,23,76,76,122,198,274
05/13/2006,ROW,NM,ASW,WE,Combined TRACON& Tower with Radar,1,9,9,4,23,0,3,63,0,66,1,12,72,4,89,8,12,20,109
05/14/2006,ROW,NM,ASW,WE,Combined TRACON& Tower with Radar,0,5,3,2,10,0,2,10,0,12,0,7,13,2,22,2,0,2,24
05/15/2006,ROW,NM,ASW,WE,Combined TRACON& Tower with Radar,0,21,19,10,50,0,1,15,0,16,0,22,34,10,66,0,0,0,66
05/16/2006,ROW,NM,ASW,WE,Combined TRACON& Tower with Radar,1,41,17,21,80,0,3,8,1,12,1,44,25,22,92,28,36,64,156
05/17/2006,ROW,NM,ASW,WE,Combined TRACON& Tower with Radar,0,21,6,40,67,0,4,37,5,46,0,25,43,45,113,42,64,106,219
05/18/2006,ROW,NM,ASW,WE,Combined TRACON& Tower with Radar,1,34,16,40,91,0,1,19,4,24,1,35,35,44,115,24,112,136,251
05/19/2006,ROW,NM,ASW,WE,Combined TRACON& Tower with Radar,1,23,11,27,62,0,6,22,0,28,1,29,33,27,90,59,14,73,163
05/20/2006,ROW,NM,ASW,WE,Combined TRACON& Tower with Radar,0,7,0,0,7,0,3,61,0,64,0,10,61,0,71,0,0,0,71
05/21/2006,ROW,NM,ASW,WE,Combined TRACON& Tower with Radar,1,6,11,17,35,0,0,20,0,20,1,6,31,17,55,14,24,38,93
05/22/2006,ROW,NM,ASW,WE,Combined TRACON& Tower with Radar,0,20,12,50,82,0,3,17,0,20,0,23,29,50,102,4,110,114,216
05/23/2006,ROW,NM,ASW,WE,Combined TRACON& Tower with Radar,1,22,17,23,63,0,3,68,2,73,1,25,85,25,136,20,22,42,178
05/24/2006,ROW,NM,ASW,WE,Combined TRACON& Tower with Radar,0,24,16,27,67,0,3,64,0,67,0,27,80,27,134,2,10,12,146
05/25/2006,ROW,NM,ASW,WE,Combined TRACON& Tower with Radar,0,35,18,73,126,0,6,31,13,50,0,41,49,86,176,30,132,162,338
05/26/2006,ROW,NM,ASW,WE,Combined TRACON& Tower with Radar,0,31,13,60,104,0,5,62,0,67,0,36,75,60,171,58,86,144,315
05/27/2006,ROW,NM,ASW,WE,Combined TRACON& Tower with Radar,0,8,9,0,17,0,2,106,0,108,0,10,115,0,125,56,0,56,181
05/28/2006,ROW,NM,ASW,WE,Combined TRACON& Tower with Radar,0,7,11,0,18,0,1,24,0,25,0,8,35,0,43,0,0,0,43
05/29/2006,ROW,NM,ASW,WE,Combined TRACON& Tower with Radar,0,8,11,0,19,0,1,68,0,69,0,9,79,0,88,190,0,190,278
05/30/2006,ROW,NM,ASW,WE,Combined TRACON& Tower with Radar,0,26,14,50,90,0,5,125,34,164,0,31,139,84,254,24,116,140,394
05/31/2006,ROW,NM,ASW,WE,Combined TRACON& Tower with Radar,0,29,28,9,66,0,1,67,0,68,0,30,95,9,134,90,26,116,250
06/01/2006,ROW,NM,ASW,WE,Combined TRACON& Tower with Radar,0,31,15,28,74,0,0,278,31,309,0,31,293,59,383,112,16,128,511
06/02/2006,ROW,NM,ASW,WE,Combined TRACON& Tower with Radar,2,26,18,65,111,0,5,269,21,295,2,31,287,86,406,102,78,180,586
06/03/2006,ROW,NM,ASW,WE,Combined TRACON& Tower with Radar,1,10,5,0,16,0,1,61,1,63,1,11,66,1,79,46,0,46,125
06/04/2006,ROW,NM,ASW,WE,Combined TRACON& Tower with Radar,0,6,14,16,36,0,1,45,6,52,0,7,59,22,88,89,0,89,177
06/05/2006,ROW,NM,ASW,WE,Combined TRACON& Tower with Radar,0,17,9,34,60,0,2,46,12,60,0,19,55,46,120,65,24,89,209
06/06/2006,ROW,NM,ASW,WE,Combined TRACON& Tower with Radar,2,20,7,5,34,0,7,40,39,86,2,27,47,44,120,2,13,15,135
06/07/2006,ROW,NM,ASW,WE,Combined TRACON& Tower with Radar,0,21,11,21,53,0,8,96,7,111,0,29,107,28,164,46,10,56,220
06/08/2006,ROW,NM,ASW,WE,Combined TRACON& Tower with Radar,0,24,20,29,73,0,3,20,2,25,0,27,40,31,98,34,26,60,158
06/09/2006,ROW,NM,ASW,WE,Combined TRACON& Tower with Radar,0,26,13,14,53,0,5,112,0,117,0,31,125,14,170,44,14,58,228
06/10/2006,ROW,NM,ASW,WE,Combined TRACON& Tower with Radar,0,10,10,2,22,0,3,158,0,161,0,13,168,2,183,43,0,43,226
06/11/2006,ROW,NM,ASW,WE,Combined TRACON& Tower with Radar,0,4,27,0,31,0,0,198,0,198,0,4,225,0,229,32,0,32,261
06/12/2006,ROW,NM,ASW,WE,Combined TRACON& Tower with Radar,0,24,21,67,112,0,3,103,11,117,0,27,124,78,229,88,26,114,343
06/13/2006,ROW,NM,ASW,WE,Combined TRACON& Tower with Radar,1,28,25,43,97,0,2,90,13,105,1,30,115,56,202,12,60,72,274
06/14/2006,ROW,NM,ASW,WE,Combined TRACON& Tower with Radar,0,25,39,127,191,0,5,60,5,70,0,30,99,132,261,38,58,96,357
06/15/2006,ROW,NM,ASW,WE,Combined TRACON& Tower with Radar,3,28,13,37,81,0,3,37,2,42,3,31,50,39,123,24,70,94,217
06/16/2006,ROW,NM,ASW,WE,Combined TRACON& Tower with Radar,2,36,16,149,203,0,5,80,19,104,2,41,96,168,307,36,138,174,481
06/17/2006,ROW,NM,ASW,WE,Combined TRACON& Tower with Radar,0,6,7,7,20,0,2,99,0,101,0,8,106,7,121,28,0,28,149
06/18/2006,ROW,NM,ASW,WE,Combined TRACON& Tower with Radar,2,6,8,1,17,0,0,53,1,54,2,6,61,2,71,38,0,38,109
06/19/2006,ROW,NM,ASW,WE,Combined TRACON& Tower with Radar,0,20,12,29,61,0,2,100,4,106,0,22,112,33,167,32,64,96,263
06/20/2006,ROW,NM,ASW,WE,Combined TRACON& Tower with Radar,0,25,10,19,54,0,2,119,6,127,0,27,129,25,181,20,14,34,215
06/21/2006,ROW,NM,ASW,WE,Combined TRACON& Tower with Radar,0,25,16,62,103,0,3,80,30,113,0,28,96,92,216,70,26,96,312
06/22/2006,ROW,NM,ASW,WE,Combined TRACON& Tower with Radar,0,27,20,20,67,0,2,105,3,110,0,29,125,23,177,14,22,36,213
06/23/2006,ROW,NM,ASW,WE,Combined TRACON& Tower with Radar,0,22,18,7,47,0,1,181,1,183,0,23,199,8,230,40,0,40,270
06/24/2006,ROW,NM,ASW,WE,Combined TRACON& Tower with Radar,0,5,5,0,10,0,2,198,0,200,0,7,203,0,210,2,0,2,212
06/25/2006,ROW,NM,ASW,WE,Combined TRACON& Tower with Radar,1,8,6,3,18,0,0,186,4,190,1,8,192,7,208,0,0,0,208
06/26/2006,ROW,NM,ASW,WE,Combined TRACON& Tower with Radar,0,21,23,46,90,0,0,2,0,2,0,21,25,46,92,4,0,4,96
06/27/2006,ROW,NM,ASW,WE,Combined TRACON& Tower with Radar,0,34,13,29,76,0,2,105,58,165,0,36,118,87,241,34,48,82,323
06/28/2006,ROW,NM,ASW,WE,Combined TRACON& Tower with Radar,0,26,21,22,69,0,20,129,1,150,0,46,150,23,219,50,102,152,371
06/29/2006,ROW,NM,ASW,WE,Combined TRACON& Tower with Radar,2,25,17,33,77,0,2,201,1,204,2,27,218,34,281,38,90,128,409
06/30/2006,ROW,NM,ASW,WE,Combined TRACON& Tower with Radar,15,39,29,21,104,0,2,42,50,94,15,41,71,71,198,66,28,94,292
07/01/2006,ROW,NM,ASW,WE,Combined TRACON& Tower with Radar,0,5,0,0,5,0,5,120,0,125,0,10,120,0,130,0,0,0,130
07/02/2006,ROW,NM,ASW,WE,Combined TRACON& Tower with Radar,0,6,10,0,16,0,0,24,0,24,0,6,34,0,40,50,0,50,90
07/03/2006,ROW,NM,ASW,WE,Combined TRACON& Tower with Radar,0,14,4,2,20,0,2,115,0,117,0,16,119,2,137,0,0,0,137
07/04/2006,ROW,NM,ASW,WE,Combined TRACON& Tower with Radar,0,9,12,0,21,0,0,77,2,79,0,9,89,2,100,6,0,6,106
07/05/2006,ROW,NM,ASW,WE,Combined TRACON& Tower with Radar,1,28,13,26,68,0,1,70,0,71,1,29,83,26,139,22,62,84,223
07/06/2006,ROW,NM,ASW,WE,Combined TRACON& Tower with Radar,0,28,22,57,107,0,2,50,0,52,0,30,72,57,159,44,86,130,289
07/07/2006,ROW,NM,ASW,WE,Combined TRACON& Tower with Radar,1,26,9,35,71,0,4,50,3,57,1,30,59,38,128,10,50,60,188
07/08/2006,ROW,NM,ASW,WE,Combined TRACON& Tower with Radar,0,13,24,1,38,0,1,95,0,96,0,14,119,1,134,16,0,16,150
07/09/2006,ROW,NM,ASW,WE,Combined TRACON& Tower with Radar,0,8,12,15,35,0,0,126,0,126,0,8,138,15,161,0,0,0,161
07/10/2006,ROW,NM,ASW,WE,Combined TRACON& Tower with Radar,0,28,27,58,113,0,0,71,2,73,0,28,98,60,186,0,35,35,221
07/11/2006,ROW,NM,ASW,WE,Combined TRACON& Tower with Radar,0,23,9,43,75,0,9,126,2,137,0,32,135,45,212,0,114,114,326
07/12/2006,ROW,NM,ASW,WE,Combined TRACON& Tower with Radar,2,29,21,104,156,0,8,28,3,39,2,37,49,107,195,35,132,167,362
07/13/2006,ROW,NM,ASW,WE,Combined TRACON& Tower with Radar,2,28,23,49,102,0,2,113,1,116,2,30,136,50,218,10,92,102,320
07/14/2006,ROW,NM,ASW,WE,Combined TRACON& Tower with Radar,0,28,19,28,75,0,4,40,1,45,0,32,59,29,120,99,44,143,263
07/15/2006,ROW,NM,ASW,WE,Combined TRACON& Tower with Radar,0,9,11,9,29,0,2,86,0,88,0,11,97,9,117,0,0,0,117
07/16/2006,ROW,NM,ASW,WE,Combined TRACON& Tower with Radar,1,4,14,23,42,0,1,127,0,128,1,5,141,23,170,24,26,50,220
07/17/2006,ROW,NM,ASW,WE,Combined TRACON& Tower with Radar,0,22,15,36,73,0,2,62,4,68,0,24,77,40,141,0,54,54,195
07/18/2006,ROW,NM,ASW,WE,Combined TRACON& Tower with Radar,1,22,27,40,90,0,3,25,5,33,1,25,52,45,123,16,88,104,227
07/19/2006,ROW,NM,ASW,WE,Combined TRACON& Tower with Radar,0,30,29,70,129,0,4,118,16,138,0,34,147,86,267,30,82,112,379
07/20/2006,ROW,NM,ASW,WE,Combined TRACON& Tower with Radar,0,27,37,28,92,0,8,80,8,96,0,35,117,36,188,4,24,28,216
07/21/2006,ROW,NM,ASW,WE,Combined TRACON& Tower with Radar,0,22,20,69,111,0,10,17,3,30,0,32,37,72,141,0,52,52,193
07/22/2006,ROW,NM,ASW,WE,Combined TRACON& Tower with Radar,0,11,10,0,21,0,3,128,0,131,0,14,138,0,152,0,0,0,152
07/23/2006,ROW,NM,ASW,WE,Combined TRACON& Tower with Radar,0,7,17,4,28,0,1,10,0,11,0,8,27,4,39,0,0,0,39
07/24/2006,ROW,NM,ASW,WE,Combined TRACON& Tower with Radar,0,21,17,94,132,0,2,84,7,93,0,23,101,101,225,0,62,62,287
07/25/2006,ROW,NM,ASW,WE,Combined TRACON& Tower with Radar,0,28,19,71,118,0,3,101,4,108,0,31,120,75,226,18,108,126,352
07/26/2006,ROW,NM,ASW,WE,Combined TRACON& Tower with Radar,0,27,12,40,79,0,1,46,5,52,0,28,58,45,131,28,40,68,199
07/27/2006,ROW,NM,ASW,WE,Combined TRACON& Tower with Radar,0,28,36,88,152,0,4,34,2,40,0,32,70,90,192,160,198,358,550
07/28/2006,ROW,NM,ASW,WE,Combined TRACON& Tower with Radar,0,26,13,18,57,0,4,79,0,83,0,30,92,18,140,4,0,4,144
07/29/2006,ROW,NM,ASW,WE,Combined TRACON& Tower with Radar,1,8,11,2,22,0,1,76,0,77,1,9,87,2,99,54,0,54,153
07/30/2006,ROW,NM,ASW,WE,Combined TRACON& Tower with Radar,0,8,8,2,18,0,0,5,0,5,0,8,13,2,23,20,0,20,43
07/31/2006,ROW,NM,ASW,WE,Combined TRACON& Tower with Radar,0,26,21,31,78,0,1,30,3,34,0,27,51,34,112,6,66,72,184
08/01/2006,ROW,NM,ASW,WE,Combined TRACON& Tower with Radar,0,37,20,19,76,0,2,135,12,149,0,39,155,31,225,58,22,80,305
08/02/2006,ROW,NM,ASW,WE,Combined TRACON& Tower with Radar,0,31,16,47,94,0,1,53,0,54,0,32,69,47,148,125,22,147,295
08/03/2006,ROW,NM,ASW,WE,Combined TRACON& Tower with Radar,1,24,27,54,106,0,2,53,16,71,1,26,80,70,177,16,104,120,297
08/04/2006,ROW,NM,ASW,WE,Combined TRACON& Tower with Radar,1,29,35,12,77,0,0,105,0,105,1,29,140,12,182,0,0,0,182
08/05/2006,ROW,NM,ASW,WE,Combined TRACON& Tower with Radar,0,5,11,0,16,0,4,128,0,132,0,9,139,0,148,0,0,0,148
08/06/2006,ROW,NM,ASW,WE,Combined TRACON& Tower with Radar,0,6,16,19,41,0,0,24,0,24,0,6,40,19,65,30,0,30,95
08/07/2006,ROW,NM,ASW,WE,Combined TRACON& Tower with Radar,0,19,38,95,152,0,0,43,0,43,0,19,81,95,195,14,162,176,371
08/08/2006,ROW,NM,ASW,WE,Combined TRACON& Tower with Radar,0,28,31,62,121,0,7,74,31,112,0,35,105,93,233,52,122,174,407
08/09/2006,ROW,NM,ASW,WE,Combined TRACON& Tower with Radar,0,29,38,45,112,0,3,76,33,112,0,32,114,78,224,34,102,136,360
08/10/2006,ROW,NM,ASW,WE,Combined TRACON& Tower with Radar,0,26,22,68,116,0,4,98,16,118,0,30,120,84,234,28,113,141,375
08/11/2006,ROW,NM,ASW,WE,Combined TRACON& Tower with Radar,0,25,9,4,38,0,2,157,7,166,0,27,166,11,204,0,0,0,204
08/12/2006,ROW,NM,ASW,WE,Combined TRACON& Tower with Radar,0,8,7,0,15,0,6,35,0,41,0,14,42,0,56,2,0,2,58
08/13/2006,ROW,NM,ASW,WE,Combined TRACON& Tower with Radar,0,8,20,0,28,0,0,8,0,8,0,8,28,0,36,10,0,10,46
08/14/2006,ROW,NM,ASW,WE,Combined TRACON& Tower with Radar,0,26,24,1,51,0,0,7,0,7,0,26,31,1,58,0,0,0,58
08/15/2006,ROW,NM,ASW,WE,Combined TRACON& Tower with Radar,0,32,31,5,68,0,0,7,0,7,0,32,38,5,75,0,2,2,77
08/16/2006,ROW,NM,ASW,WE,Combined TRACON& Tower with Radar,0,33,19,7,59,0,1,27,19,47,0,34,46,26,106,1,0,1,107
08/17/2006,ROW,NM,ASW,WE,Combined TRACON& Tower with Radar,0,24,22,20,66,0,4,10,1,15,0,28,32,21,81,12,12,24,105
08/18/2006,ROW,NM,ASW,WE,Combined TRACON& Tower with Radar,0,26,5,11,42,0,6,58,2,66,0,32,63,13,108,0,0,0,108
08/19/2006,ROW,NM,ASW,WE,Combined TRACON& Tower with Radar,0,15,5,0,20,0,2,24,0,26,0,17,29,0,46,0,0,0,46
08/20/2006,ROW,NM,ASW,WE,Combined TRACON& Tower with Radar,0,7,6,0,13,0,1,9,0,10,0,8,15,0,23,0,0,0,23
08/21/2006,ROW,NM,ASW,WE,Combined TRACON& Tower with Radar,0,19,14,5,38,0,1,33,0,34,0,20,47,5,72,0,22,22,94
08/22/2006,ROW,NM,ASW,WE,Combined TRACON& Tower with Radar,0,28,18,30,76,0,2,14,10,26,0,30,32,40,102,0,60,60,162
08/23/2006,ROW,NM,ASW,WE,Combined TRACON& Tower with Radar,0,30,17,21,68,0,2,41,42,85,0,32,58,63,153,32,32,64,217
08/24/2006,ROW,NM,ASW,WE,Combined TRACON& Tower with Radar,0,18,21,67,106,0,5,28,17,50,0,23,49,84,156,30,64,94,250
08/25/2006,ROW,NM,ASW,WE,Combined TRACON& Tower with Radar,0,19,18,65,102,0,5,31,46,82,0,24,49,111,184,36,135,171,355
08/26/2006,ROW,NM,ASW,WE,Combined TRACON& Tower with Radar,0,9,12,0,21,0,3,18,0,21,0,12,30,0,42,26,0,26,68
08/27/2006,ROW,NM,ASW,WE,Combined TRACON& Tower with Radar,0,7,33,16,56,0,1,8,1,10,0,8,41,17,66,40,0,40,106
08/28/2006,ROW,NM,ASW,WE,Combined TRACON& Tower with Radar,0,30,14,79,123,0,0,12,16,28,0,30,26,95,151,20,38,58,209
08/29/2006,ROW,NM,ASW,WE,Combined TRACON& Tower with Radar,0,24,12,17,53,0,1,34,18,53,0,25,46,35,106,50,20,70,176
08/30/2006,ROW,NM,ASW,WE,Combined TRACON& Tower with Radar,2,19,23,32,76,0,10,33,34,77,2,29,56,66,153,30,42,72,225
08/31/2006,ROW,NM,ASW,WE,Combined TRACON& Tower with Radar,0,21,12,15,48,0,5,43,18,66,0,26,55,33,114,16,10,26,140
09/01/2006,ROW,NM,ASW,WE,Combined TRACON& Tower with Radar,2,25,22,5,54,0,2,40,2,44,2,27,62,7,98,30,0,30,128
09/02/2006,ROW,NM,ASW,WE,Combined TRACON& Tower with Radar,0,8,8,4,20,0,0,1,0,1,0,8,9,4,21,0,0,0,21
09/03/2006,ROW,NM,ASW,WE,Combined TRACON& Tower with Radar,0,12,5,0,17,0,0,0,0,0,0,12,5,0,17,0,0,0,17
09/04/2006,ROW,NM,ASW,WE,Combined TRACON& Tower with Radar,0,7,8,0,15,0,0,2,0,2,0,7,10,0,17,0,0,0,17
09/05/2006,ROW,NM,ASW,WE,Combined TRACON& Tower with Radar,0,20,13,42,75,0,6,9,14,29,0,26,22,56,104,32,10,42,146
09/06/2006,ROW,NM,ASW,WE,Combined TRACON& Tower with Radar,0,32,22,74,128,0,6,20,48,74,0,38,42,122,202,38,38,76,278
09/07/2006,ROW,NM,ASW,WE,Combined TRACON& Tower with Radar,2,22,10,30,64,0,5,27,2,34,2,27,37,32,98,22,30,52,150
09/08/2006,ROW,NM,ASW,WE,Combined TRACON& Tower with Radar,0,25,20,158,203,0,0,18,34,52,0,25,38,192,255,6,132,138,393
09/09/2006,ROW,NM,ASW,WE,Combined TRACON& Tower with Radar,2,9,10,7,28,0,5,23,1,29,2,14,33,8,57,1,0,1,58
09/10/2006,ROW,NM,ASW,WE,Combined TRACON& Tower with Radar,0,6,6,2,14,0,2,44,0,46,0,8,50,2,60,42,0,42,102
09/11/2006,ROW,NM,ASW,WE,Combined TRACON& Tower with Radar,0,25,13,46,84,0,3,11,9,23,0,28,24,55,107,38,0,38,145
09/12/2006,ROW,NM,ASW,WE,Combined TRACON& Tower with Radar,1,23,15,45,84,0,3,8,10,21,1,26,23,55,105,0,12,12,117
09/13/2006,ROW,NM,ASW,WE,Combined TRACON& Tower with Radar,0,27,28,33,88,0,9,19,4,32,0,36,47,37,120,26,42,68,188
09/14/2006,ROW,NM,ASW,WE,Combined TRACON& Tower with Radar,0,24,11,15,50,0,3,27,3,33,0,27,38,18,83,42,100,142,225
09/15/2006,ROW,NM,ASW,WE,Combined TRACON& Tower with Radar,0,21,12,76,109,0,10,54,17,81,0,31,66,93,190,30,44,74,264
09/16/2006,ROW,NM,ASW,WE,Combined TRACON& Tower with Radar,3,12,9,5,29,0,3,13,10,26,3,15,22,15,55,8,0,8,63
09/17/2006,ROW,NM,ASW,WE,Combined TRACON& Tower with Radar,0,6,13,16,35,0,0,9,0,9,0,6,22,16,44,14,4,18,62
09/18/2006,ROW,NM,ASW,WE,Combined TRACON& Tower with Radar,0,24,33,45,102,0,5,24,4,33,0,29,57,49,135,0,16,16,151
09/19/2006,ROW,NM,ASW,WE,Combined TRACON& Tower with Radar,0,24,14,36,74,0,4,114,14,132,0,28,128,50,206,12,62,74,280
09/20/2006,ROW,NM,ASW,WE,Combined TRACON& Tower with Radar,0,23,18,16,57,0,5,15,7,27,0,28,33,23,84,3,52,55,139
09/21/2006,ROW,NM,ASW,WE,Combined TRACON& Tower with Radar,0,24,21,42,87,0,3,18,3,24,0,27,39,45,111,8,42,50,161
09/22/2006,ROW,NM,ASW,WE,Combined TRACON& Tower with Radar,1,19,12,70,102,0,6,20,35,61,1,25,32,105,163,6,160,166,329
09/23/2006,ROW,NM,ASW,WE,Combined TRACON& Tower with Radar,0,7,12,2,21,0,1,83,0,84,0,8,95,2,105,0,0,0,105
09/24/2006,ROW,NM,ASW,WE,Combined TRACON& Tower with Radar,0,7,18,0,25,0,1,82,0,83,0,8,100,0,108,36,0,36,144
09/25/2006,ROW,NM,ASW,WE,Combined TRACON& Tower with Radar,0,24,13,9,46,0,4,8,8,20,0,28,21,17,66,10,12,22,88
09/26/2006,ROW,NM,ASW,WE,Combined TRACON& Tower with Radar,2,21,23,33,79,0,4,28,14,46,2,25,51,47,125,16,90,106,231
09/27/2006,ROW,NM,ASW,WE,Combined TRACON& Tower with Radar,0,32,37,2,71,0,7,25,0,32,0,39,62,2,103,10,24,34,137
09/28/2006,ROW,NM,ASW,WE,Combined TRACON& Tower with Radar,1,26,57,34,118,0,11,40,0,51,1,37,97,34,169,30,76,106,275
09/29/2006,ROW,NM,ASW,WE,Combined TRACON& Tower with Radar,0,28,27,34,89,0,1,27,0,28,0,29,54,34,117,22,24,46,163
09/30/2006,ROW,NM,ASW,WE,Combined TRACON& Tower with Radar,0,9,16,0,25,0,6,25,0,31,0,15,41,0,56,4,0,4,60
10/01/2006,ROW,NM,ASW,WE,Combined TRACON& Tower with Radar,0,7,4,0,11,0,1,15,0,16,0,8,19,0,27,0,0,0,27
10/02/2006,ROW,NM,ASW,WE,Combined TRACON& Tower with Radar,0,26,27,36,89,0,4,23,1,28,0,30,50,37,117,54,58,112,229
10/03/2006,ROW,NM,ASW,WE,Combined TRACON& Tower with Radar,0,28,15,28,71,0,4,47,0,51,0,32,62,28,122,70,12,82,204
10/04/2006,ROW,NM,ASW,WE,Combined TRACON& Tower with Radar,0,32,25,60,117,0,2,28,14,44,0,34,53,74,161,130,66,196,357
10/05/2006,ROW,NM,ASW,WE,Combined TRACON& Tower with Radar,1,18,3,40,62,0,6,73,22,101,1,24,76,62,163,48,28,76,239
10/06/2006,ROW,NM,ASW,WE,Combined TRACON& Tower with Radar,0,21,4,47,72,0,7,29,10,46,0,28,33,57,118,12,50,62,180
10/07/2006,ROW,NM,ASW,WE,Combined TRACON& Tower with Radar,0,14,18,0,32,0,2,38,0,40,0,16,56,0,72,2,0,2,74
10/08/2006,ROW,NM,ASW,WE,Combined TRACON& Tower with Radar,0,8,12,10,30,0,0,21,0,21,0,8,33,10,51,4,6,10,61
10/09/2006,ROW,NM,ASW,WE,Combined TRACON& Tower with Radar,0,19,10,2,31,0,0,1,0,1,0,19,11,2,32,0,0,0,32
10/10/2006,ROW,NM,ASW,WE,Combined TRACON& Tower with Radar,0,28,26,47,101,0,3,18,0,21,0,31,44,47,122,28,54,82,204
10/11/2006,ROW,NM,ASW,WE,Combined TRACON& Tower with Radar,1,22,22,46,91,0,6,53,3,62,1,28,75,49,153,52,62,114,267
10/12/2006,ROW,NM,ASW,WE,Combined TRACON& Tower with Radar,0,27,8,89,124,0,7,95,18,120,0,34,103,107,244,32,88,120,364
10/13/2006,ROW,NM,ASW,WE,Combined TRACON& Tower with Radar,2,29,10,70,111,0,9,29,29,67,2,38,39,99,178,6,32,38,216
10/14/2006,ROW,NM,ASW,WE,Combined TRACON& Tower with Radar,0,14,1,7,22,0,1,5,0,6,0,15,6,7,28,0,11,11,39
10/15/2006,ROW,NM,ASW,WE,Combined TRACON& Tower with Radar,0,11,5,2,18,0,1,3,0,4,0,12,8,2,22,0,0,0,22
10/16/2006,ROW,NM,ASW,WE,Combined TRACON& Tower with Radar,1,21,19,75,116,0,1,15,6,22,1,22,34,81,138,50,56,106,244
10/17/2006,ROW,NM,ASW,WE,Combined TRACON& Tower with Radar,0,21,14,51,86,0,5,19,5,29,0,26,33,56,115,14,52,66,181
10/18/2006,ROW,NM,ASW,WE,Combined TRACON& Tower with Radar,2,28,24,52,106,0,4,31,0,35,2,32,55,52,141,0,40,40,181
10/19/2006,ROW,NM,ASW,WE,Combined TRACON& Tower with Radar,1,27,19,46,93,0,4,33,10,47,1,31,52,56,140,14,14,28,168
10/20/2006,ROW,NM,ASW,WE,Combined TRACON& Tower with Radar,0,21,12,81,114,0,3,24,12,39,0,24,36,93,153,12,130,142,295
10/21/2006,ROW,NM,ASW,WE,Combined TRACON& Tower with Radar,0,10,18,2,30,0,2,26,2,30,0,12,44,4,60,38,0,38,98
10/22/2006,ROW,NM,ASW,WE,Combined TRACON& Tower with Radar,0,4,13,17,34,0,0,11,0,11,0,4,24,17,45,0,2,2,47
10/23/2006,ROW,NM,ASW,WE,Combined TRACON& Tower with Radar,0,22,16,82,120,0,3,15,0,18,0,25,31,82,138,0,64,64,202
10/24/2006,ROW,NM,ASW,WE,Combined TRACON& Tower with Radar,0,27,12,71,110,0,2,7,10,19,0,29,19,81,129,14,54,68,197
10/25/2006,ROW,NM,ASW,WE,Combined TRACON& Tower with Radar,1,31,22,71,125,0,2,16,1,19,1,33,38,72,144,52,196,248,392
10/26/2006,ROW,NM,ASW,WE,Combined TRACON& Tower with Radar,0,28,39,105,172,0,3,15,22,40,0,31,54,127,212,8,103,111,323
10/27/2006,ROW,NM,ASW,WE,Combined TRACON& Tower with Radar,0,41,32,105,178,0,3,20,51,74,0,44,52,156,252,18,121,139,391
10/28/2006,ROW,NM,ASW,WE,Combined TRACON& Tower with Radar,0,11,12,0,23,0,5,24,0,29,0,16,36,0,52,30,0,30,82
10/29/2006,ROW,NM,ASW,WE,Combined TRACON& Tower with Radar,0,9,9,29,47,0,0,23,0,23,0,9,32,29,70,0,20,20,90
10/30/2006,ROW,NM,ASW,WE,Combined TRACON& Tower with Radar,0,27,14,47,88,0,4,15,2,21,0,31,29,49,109,32,62,94,203
10/31/2006,ROW,NM,ASW,WE,Combined TRACON& Tower with Radar,0,25,17,45,87,0,5,39,7,51,0,30,56,52,138,28,76,104,242
11/01/2006,ROW,NM,ASW,WE,Combined TRACON& Tower with Radar,1,32,28,24,85,0,2,38,0,40,1,34,66,24,125,84,32,116,241
11/02/2006,ROW,NM,ASW,WE,Combined TRACON& Tower with Radar,0,22,10,17,49,0,4,16,0,20,0,26,26,17,69,22,12,34,103
11/03/2006,ROW,NM,ASW,WE,Combined TRACON& Tower with Radar,0,26,14,72,112,0,3,34,0,37,0,29,48,72,149,60,124,184,333
11/04/2006,ROW,NM,ASW,WE,Combined TRACON& Tower with Radar,0,14,31,0,45,0,5,13,0,18,0,19,44,0,63,32,0,32,95
11/05/2006,ROW,NM,ASW,WE,Combined TRACON& Tower with Radar,0,3,17,67,87,0,0,11,2,13,0,3,28,69,100,12,28,40,140
11/06/2006,ROW,NM,ASW,WE,Combined TRACON& Tower with Radar,3,22,17,63,105,0,3,17,7,27,3,25,34,70,132,8,216,224,356
11/07/2006,ROW,NM,ASW,WE,Combined TRACON& Tower with Radar,0,23,14,80,117,0,4,26,2,32,0,27,40,82,149,22,132,154,303
11/08/2006,ROW,NM,ASW,WE,Combined TRACON& Tower with Radar,0,23,12,64,99,0,5,56,12,73,0,28,68,76,172,54,185,239,411
11/09/2006,ROW,NM,ASW,WE,Combined TRACON& Tower with Radar,0,28,20,134,182,0,2,14,2,18,0,30,34,136,200,32,196,228,428
11/10/2006,ROW,NM,ASW,WE,Combined TRACON& Tower with Radar,0,28,25,37,90,0,8,17,14,39,0,36,42,51,129,0,66,66,195
11/11/2006,ROW,NM,ASW,WE,Combined TRACON& Tower with Radar,0,9,15,47,71,0,4,32,2,38,0,13,47,49,109,0,8,8,117
11/12/2006,ROW,NM,ASW,WE,Combined TRACON& Tower with Radar,0,11,21,0,32,0,0,25,0,25,0,11,46,0,57,0,0,0,57
11/13/2006,ROW,NM,ASW,WE,Combined TRACON& Tower with Radar,0,24,13,104,141,0,2,11,17,30,0,26,24,121,171,0,76,76,247
11/14/2006,ROW,NM,ASW,WE,Combined TRACON& Tower with Radar,1,28,10,67,106,0,5,16,15,36,1,33,26,82,142,0,50,50,192
11/15/2006,ROW,NM,ASW,WE,Combined TRACON& Tower with Radar,0,40,32,197,269,0,7,48,98,153,0,47,80,295,422,28,220,248,670
11/16/2006,ROW,NM,ASW,WE,Combined TRACON& Tower with Radar,1,28,15,55,99,0,5,26,5,36,1,33,41,60,135,0,78,78,213
11/17/2006,ROW,NM,ASW,WE,Combined TRACON& Tower with Radar,0,31,16,125,172,0,2,33,6,41,0,33,49,131,213,0,170,170,383
11/18/2006,ROW,NM,ASW,WE,Combined TRACON& Tower with Radar,0,12,19,59,90,0,0,14,3,17,0,12,33,62,107,24,80,104,211
11/19/2006,ROW,NM,ASW,WE,Combined TRACON& Tower with Radar,2,5,3,62,72,0,0,17,0,17,2,5,20,62,89,12,20,32,121
11/20/2006,ROW,NM,ASW,WE,Combined TRACON& Tower with Radar,0,27,25,48,100,0,5,27,1,33,0,32,52,49,133,26,20,46,179
11/21/2006,ROW,NM,ASW,WE,Combined TRACON& Tower with Radar,0,27,20,58,105,0,7,15,5,27,0,34,35,63,132,62,52,114,246
11/22/2006,ROW,NM,ASW,WE,Combined TRACON& Tower with Radar,0,19,13,67,99,0,5,24,0,29,0,24,37,67,128,0,63,63,191
11/23/2006,ROW,NM,ASW,WE,Combined TRACON& Tower with Radar,0,15,1,0,16,0,0,28,0,28,0,15,29,0,44,0,0,0,44
11/24/2006,ROW,NM,ASW,WE,Combined TRACON& Tower with Radar,0,26,4,0,30,0,5,17,0,22,0,31,21,0,52,0,0,0,52
11/25/2006,ROW,NM,ASW,WE,Combined TRACON& Tower with Radar,0,11,11,0,22,0,2,12,0,14,0,13,23,0,36,0,0,0,36
11/26/2006,ROW,NM,ASW,WE,Combined TRACON& Tower with Radar,0,3,27,0,30,0,0,11,2,13,0,3,38,2,43,24,0,24,67
11/27/2006,ROW,NM,ASW,WE,Combined TRACON& Tower with Radar,1,20,6,43,70,0,1,11,0,12,1,21,17,43,82,16,98,114,196
11/28/2006,ROW,NM,ASW,WE,Combined TRACON& Tower with Radar,0,36,24,71,131,0,9,16,22,47,0,45,40,93,178,12,128,140,318
11/29/2006,ROW,NM,ASW,WE,Combined TRACON& Tower with Radar,3,24,16,31,74,0,1,33,4,38,3,25,49,35,112,58,30,88,200
11/30/2006,ROW,NM,ASW,WE,Combined TRACON& Tower with Radar,2,21,17,77,117,0,4,73,7,84,2,25,90,84,201,96,64,160,361
12/01/2006,ROW,NM,ASW,WE,Combined TRACON& Tower with Radar,0,28,23,20,71,0,7,20,3,30,0,35,43,23,101,161,0,161,262
12/02/2006,ROW,NM,ASW,WE,Combined TRACON& Tower with Radar,0,8,3,2,13,0,1,21,2,24,0,9,24,4,37,26,0,26,63
12/03/2006,ROW,NM,ASW,WE,Combined TRACON& Tower with Radar,0,9,0,6,15,0,0,9,0,9,0,9,9,6,24,66,6,72,96
12/04/2006,ROW,NM,ASW,WE,Combined TRACON& Tower with Radar,0,16,7,53,76,0,6,26,4,36,0,22,33,57,112,8,78,86,198
12/05/2006,ROW,NM,ASW,WE,Combined TRACON& Tower with Radar,0,28,10,10,48,0,7,25,2,34,0,35,35,12,82,10,8,18,100
12/06/2006,ROW,NM,ASW,WE,Combined TRACON& Tower with Radar,0,33,15,15,63,0,8,20,0,28,0,41,35,15,91,28,2,30,121
12/07/2006,ROW,NM,ASW,WE,Combined TRACON& Tower with Radar,1,28,9,46,84,0,2,14,2,18,1,30,23,48,102,11,44,55,157
12/08/2006,ROW,NM,ASW,WE,Combined TRACON& Tower with Radar,0,29,39,37,105,0,8,10,4,22,0,37,49,41,127,8,56,64,191
12/09/2006,ROW,NM,ASW,WE,Combined TRACON& Tower with Radar,0,11,41,4,56,0,1,3,0,4,0,12,44,4,60,16,0,16,76
12/10/2006,ROW,NM,ASW,WE,Combined TRACON& Tower with Radar,1,7,19,0,27,0,0,15,0,15,1,7,34,0,42,8,0,8,50
12/11/2006,ROW,NM,ASW,WE,Combined TRACON& Tower with Radar,0,17,16,54,87,0,5,15,5,25,0,22,31,59,112,2,108,110,222
12/12/2006,ROW,NM,ASW,WE,Combined TRACON& Tower with Radar,2,37,35,40,114,0,5,20,16,41,2,42,55,56,155,10,98,108,263
12/13/2006,ROW,NM,ASW,WE,Combined TRACON& Tower with Radar,0,26,38,51,115,0,3,42,7,52,0,29,80,58,167,28,76,104,271
12/14/2006,ROW,NM,ASW,WE,Combined TRACON& Tower with Radar,0,30,28,61,119,0,7,28,6,41,0,37,56,67,160,6,34,40,200
12/15/2006,ROW,NM,ASW,WE,Combined TRACON& Tower with Radar,0,28,22,11,61,0,10,17,0,27,0,38,39,11,88,0,0,0,88
12/16/2006,ROW,NM,ASW,WE,Combined TRACON& Tower with Radar,1,13,31,0,45,0,6,21,0,27,1,19,52,0,72,8,0,8,80
12/17/2006,ROW,NM,ASW,WE,Combined TRACON& Tower with Radar,0,4,35,0,39,0,0,13,0,13,0,4,48,0,52,0,0,0,52
12/18/2006,ROW,NM,ASW,WE,Combined TRACON& Tower with Radar,0,19,18,30,67,0,0,4,0,4,0,19,22,30,71,0,0,0,71
12/19/2006,ROW,NM,ASW,WE,Combined TRACON& Tower with Radar,0,17,6,0,23,0,0,0,0,0,0,17,6,0,23,0,0,0,23
12/20/2006,ROW,NM,ASW,WE,Combined TRACON& Tower with Radar,0,30,11,46,87,0,6,12,5,23,0,36,23,51,110,0,0,0,110
12/21/2006,ROW,NM,ASW,WE,Combined TRACON& Tower with Radar,0,19,22,30,71,0,6,23,2,31,0,25,45,32,102,6,18,24,126
12/22/2006,ROW,NM,ASW,WE,Combined TRACON& Tower with Radar,1,21,13,0,35,0,8,18,0,26,1,29,31,0,61,0,0,0,61
12/23/2006,ROW,NM,ASW,WE,Combined TRACON& Tower with Radar,0,16,10,0,26,0,6,9,0,15,0,22,19,0,41,0,0,0,41
12/24/2006,ROW,NM,ASW,WE,Combined TRACON& Tower with Radar,0,8,3,0,11,0,1,3,0,4,0,9,6,0,15,0,0,0,15
12/25/2006,ROW,NM,ASW,WE,Combined TRACON& Tower with Radar,0,12,14,0,26,0,0,0,0,0,0,12,14,0,26,0,0,0,26
12/26/2006,ROW,NM,ASW,WE,Combined TRACON& Tower with Radar,0,21,25,0,46,0,6,23,0,29,0,27,48,0,75,0,0,0,75
12/27/2006,ROW,NM,ASW,WE,Combined TRACON& Tower with Radar,0,22,6,1,29,0,8,22,1,31,0,30,28,2,60,0,0,0,60
12/28/2006,ROW,NM,ASW,WE,Combined TRACON& Tower with Radar,5,31,1,0,37,0,3,5,0,8,5,34,6,0,45,0,0,0,45
12/29/2006,ROW,NM,ASW,WE,Combined TRACON& Tower with Radar,2,26,7,0,35,0,1,0,0,1,2,27,7,0,36,0,0,0,36
12/30/2006,ROW,NM,ASW,WE,Combined TRACON& Tower with Radar,0,14,6,0,20,0,0,1,0,1,0,14,7,0,21,0,0,0,21
12/31/2006,ROW,NM,ASW,WE,Combined TRACON& Tower with Radar,0,5,17,0,22,0,1,11,0,12,0,6,28,0,34,0,0,0,34
01/01/2007,ROW,NM,ASW,WE,Combined TRACON& Tower with Radar,0,13,8,0,21,0,2,15,0,17,0,15,23,0,38,0,0,0,38
01/02/2007,ROW,NM,ASW,WE,Combined TRACON& Tower with Radar,0,22,13,0,35,0,9,9,0,18,0,31,22,0,53,0,0,0,53
01/03/2007,ROW,NM,ASW,WE,Combined TRACON& Tower with Radar,0,26,19,36,81,0,6,29,1,36,0,32,48,37,117,0,52,52,169
01/04/2007,ROW,NM,ASW,WE,Combined TRACON& Tower with Radar,0,27,9,92,128,0,15,39,1,55,0,42,48,93,183,4,110,114,297
01/05/2007,ROW,NM,ASW,WE,Combined TRACON& Tower with Radar,1,33,20,79,133,0,8,31,2,41,1,41,51,81,174,8,114,122,296
01/06/2007,ROW,NM,ASW,WE,Combined TRACON& Tower with Radar,0,18,20,2,40,0,2,14,1,17,0,20,34,3,57,14,8,22,79
01/07/2007,ROW,NM,ASW,WE,Combined TRACON& Tower with Radar,0,5,19,16,40,0,1,18,0,19,0,6,37,16,59,0,0,0,59
01/08/2007,ROW,NM,ASW,WE,Combined TRACON& Tower with Radar,0,20,12,10,42,0,7,25,1,33,0,27,37,11,75,0,16,16,91
01/09/2007,ROW,NM,ASW,WE,Combined TRACON& Tower with Radar,0,20,18,53,91,0,12,17,0,29,0,32,35,53,120,2,86,88,208
01/10/2007,ROW,NM,ASW,WE,Combined TRACON& Tower with Radar,0,32,36,26,94,0,6,24,1,31,0,38,60,27,125,0,18,18,143
01/11/2007,ROW,NM,ASW,WE,Combined TRACON& Tower with Radar,0,27,13,32,72,0,5,12,0,17,0,32,25,32,89,0,6,6,95
01/12/2007,ROW,NM,ASW,WE,Combined TRACON& Tower with Radar,0,29,12,20,61,0,6,7,6,19,0,35,19,26,80,0,32,32,112
01/13/2007,ROW,NM,ASW,WE,Combined TRACON& Tower with Radar,0,6,1,0,7,0,0,0,0,0,0,6,1,0,7,0,0,0,7
01/14/2007,ROW,NM,ASW,WE,Combined TRACON& Tower with Radar,0,10,12,12,34,0,0,0,0,0,0,10,12,12,34,0,70,70,104
01/15/2007,ROW,NM,ASW,WE,Combined TRACON& Tower with Radar,0,24,42,51,117,0,1,7,18,26,0,25,49,69,143,10,38,48,191
01/16/2007,ROW,NM,ASW,WE,Combined TRACON& Tower with Radar,0,24,20,34,78,0,9,10,2,21,0,33,30,36,99,0,44,44,143
01/17/2007,ROW,NM,ASW,WE,Combined TRACON& Tower with Radar,0,25,17,18,60,0,5,10,2,17,0,30,27,20,77,6,10,16,93
01/18/2007,ROW,NM,ASW,WE,Combined TRACON& Tower with Radar,0,24,16,43,83,0,5,2,3,10,0,29,18,46,93,40,12,52,145
01/19/2007,ROW,NM,ASW,WE,Combined TRACON& Tower with Radar,0,18,4,0,22,0,0,0,0,0,0,18,4,0,22,0,0,0,22
01/20/2007,ROW,NM,ASW,WE,Combined TRACON& Tower with Radar,0,12,7,0,19,0,0,0,0,0,0,12,7,0,19,0,0,0,19
01/21/2007,ROW,NM,ASW,WE,Combined TRACON& Tower with Radar,1,7,17,2,27,0,0,9,0,9,1,7,26,2,36,0,2,2,38
01/22/2007,ROW,NM,ASW,WE,Combined TRACON& Tower with Radar,0,21,18,6,45,0,3,9,0,12,0,24,27,6,57,0,6,6,63
01/23/2007,ROW,NM,ASW,WE,Combined TRACON& Tower with Radar,0,29,18,56,103,0,7,8,14,29,0,36,26,70,132,2,68,70,202
01/24/2007,ROW,NM,ASW,WE,Combined TRACON& Tower with Radar,0,30,30,56,116,0,8,18,4,30,0,38,48,60,146,0,52,52,198
01/25/2007,ROW,NM,ASW,WE,Combined TRACON& Tower with Radar,1,27,30,18,76,0,16,12,2,30,1,43,42,20,106,12,38,50,156
01/26/2007,ROW,NM,ASW,WE,Combined TRACON& Tower with Radar,0,32,15,95,142,0,2,24,12,38,0,34,39,107,180,6,56,62,242
01/27/2007,ROW,NM,ASW,WE,Combined TRACON& Tower with Radar,3,16,33,1,53,0,2,19,2,23,3,18,52,3,76,12,4,16,92
01/28/2007,ROW,NM,ASW,WE,Combined TRACON& Tower with Radar,0,10,18,11,39,0,0,14,0,14,0,10,32,11,53,8,6,14,67
01/29/2007,ROW,NM,ASW,WE,Combined TRACON& Tower with Radar,0,24,12,17,53,0,9,17,0,26,0,33,29,17,79,24,12,36,115
01/30/2007,ROW,NM,ASW,WE,Combined TRACON& Tower with Radar,1,31,27,15,74,0,2,7,3,12,1,33,34,18,86,0,50,50,136
01/31/2007,ROW,NM,ASW,WE,Combined TRACON& Tower with Radar,0,28,10,74,112,0,3,1,7,11,0,31,11,81,123,2,36,38,161
02/01/2007,ROW,NM,ASW,WE,Combined TRACON& Tower with Radar,0,26,13,83,122,0,2,4,17,23,0,28,17,100,145,12,132,144,289
02/02/2007,ROW,NM,ASW,WE,Combined TRACON& Tower with Radar,0,25,21,66,112,0,11,19,9,39,0,36,40,75,151,0,116,116,267
02/03/2007,ROW,NM,ASW,WE,Combined TRACON& Tower with Radar,1,7,13,17,38,0,2,22,0,24,1,9,35,17,62,0,8,8,70
02/04/2007,ROW,NM,ASW,WE,Combined TRACON& Tower with Radar,0,9,32,0,41,0,0,15,0,15,0,9,47,0,56,0,0,0,56
02/05/2007,ROW,NM,ASW,WE,Combined TRACON& Tower with Radar,0,17,21,58,96,0,6,23,2,31,0,23,44,60,127,14,74,88,215
02/06/2007,ROW,NM,ASW,WE,Combined TRACON& Tower with Radar,2,27,29,2,60,0,2,36,0,38,2,29,65,2,98,34,0,34,132
02/07/2007,ROW,NM,ASW,WE,Combined TRACON& Tower with Radar,2,22,17,34,75,0,9,24,0,33,2,31,41,34,108,16,96,112,220
02/08/2007,ROW,NM,ASW,WE,Combined TRACON& Tower with Radar,0,24,18,56,98,0,4,7,1,12,0,28,25,57,110,12,100,112,222
02/09/2007,ROW,NM,ASW,WE,Combined TRACON& Tower with Radar,0,30,19,351,400,0,10,16,0,26,0,40,35,351,426,14,324,338,764
02/10/2007,ROW,NM,ASW,WE,Combined TRACON& Tower with Radar,1,28,6,20,55,0,1,5,0,6,1,29,11,20,61,0,18,18,79
02/11/2007,ROW,NM,ASW,WE,Combined TRACON& Tower with Radar,1,4,26,5,36,0,0,17,0,17,1,4,43,5,53,12,10,22,75
02/12/2007,ROW,NM,ASW,WE,Combined TRACON& Tower with Radar,0,21,10,18,49,0,4,13,1,18,0,25,23,19,67,0,0,0,67
02/13/2007,ROW,NM,ASW,WE,Combined TRACON& Tower with Radar,0,29,15,24,68,0,0,3,0,3,0,29,18,24,71,0,51,51,122
02/14/2007,ROW,NM,ASW,WE,Combined TRACON& Tower with Radar,0,25,6,8,39,0,0,1,0,1,0,25,7,8,40,0,0,0,40
02/15/2007,ROW,NM,ASW,WE,Combined TRACON& Tower with Radar,0,16,17,26,59,0,1,4,4,9,0,17,21,30,68,0,0,0,68
02/16/2007,ROW,NM,ASW,WE,Combined TRACON& Tower with Radar,1,30,29,87,147,0,3,14,7,24,1,33,43,94,171,0,36,36,207
02/17/2007,ROW,NM,ASW,WE,Combined TRACON& Tower with Radar,1,10,5,0,16,0,4,13,0,17,1,14,18,0,33,22,0,22,55
02/18/2007,ROW,NM,ASW,WE,Combined TRACON& Tower with Radar,0,3,18,0,21,0,0,18,0,18,0,3,36,0,39,0,0,0,39
02/19/2007,ROW,NM,ASW,WE,Combined TRACON& Tower with Radar,0,20,20,22,62,0,3,21,0,24,0,23,41,22,86,6,18,24,110
02/20/2007,ROW,NM,ASW,WE,Combined TRACON& Tower with Radar,0,21,14,24,59,0,2,20,22,44,0,23,34,46,103,0,28,28,131
02/21/2007,ROW,NM,ASW,WE,Combined TRACON& Tower with Radar,1,23,14,40,78,0,4,15,3,22,1,27,29,43,100,0,62,62,162
02/22/2007,ROW,NM,ASW,WE,Combined TRACON& Tower with Radar,0,19,42,64,125,0,8,18,6,32,0,27,60,70,157,0,72,72,229
02/23/2007,ROW,NM,ASW,WE,Combined TRACON& Tower with Radar,1,23,27,127,178,0,10,13,0,23,1,33,40,127,201,0,122,122,323
02/24/2007,ROW,NM,ASW,WE,Combined TRACON& Tower with Radar,0,9,8,7,24,0,2,2,0,4,0,11,10,7,28,0,4,4,32
02/25/2007,ROW,NM,ASW,WE,Combined TRACON& Tower with Radar,0,6,16,10,32,0,0,9,1,10,0,6,25,11,42,18,18,36,78
02/26/2007,ROW,NM,ASW,WE,Combined TRACON& Tower with Radar,4,22,14,64,104,0,3,20,12,35,4,25,34,76,139,8,144,152,291
02/27/2007,ROW,NM,ASW,WE,Combined TRACON& Tower with Radar,1,18,14,41,74,0,7,20,3,30,1,25,34,44,104,18,122,140,244
02/28/2007,ROW,NM,ASW,WE,Combined TRACON& Tower with Radar,1,29,13,0,43,0,11,10,2,23,1,40,23,2,66,2,0,2,68
03/01/2007,ROW,NM,ASW,WE,Combined TRACON& Tower with Radar,0,25,9,76,110,0,3,18,4,25,0,28,27,80,135,0,70,70,205
03/02/2007,ROW,NM,ASW,WE,Combined TRACON& Tower with Radar,0,24,9,37,70,0,8,68,7,83,0,32,77,44,153,28,100,128,281
03/03/2007,ROW,NM,ASW,WE,Combined TRACON& Tower with Radar,0,11,2,1,14,0,2,7,2,11,0,13,9,3,25,0,18,18,43
03/04/2007,ROW,NM,ASW,WE,Combined TRACON& Tower with Radar,0,3,24,0,27,0,0,67,0,67,0,3,91,0,94,0,0,0,94
03/05/2007,ROW,NM,ASW,WE,Combined TRACON& Tower with Radar,1,16,12,30,59,0,0,22,3,25,1,16,34,33,84,26,62,88,172
03/06/2007,ROW,NM,ASW,WE,Combined TRACON& Tower with Radar,0,31,14,63,108,0,2,15,16,33,0,33,29,79,141,20,87,107,248
03/07/2007,ROW,NM,ASW,WE,Combined TRACON& Tower with Radar,1,24,12,107,144,0,3,8,3,14,1,27,20,110,158,0,82,82,240
03/08/2007,ROW,NM,ASW,WE,Combined TRACON& Tower with Radar,4,30,15,76,125,0,4,15,1,20,4,34,30,77,145,0,96,96,241
03/09/2007,ROW,NM,ASW,WE,Combined TRACON& Tower with Radar,0,27,11,58,96,0,5,55,2,62,0,32,66,60,158,36,96,132,290
03/10/2007,ROW,NM,ASW,WE,Combined TRACON& Tower with Radar,0,8,7,10,25,0,4,52,1,57,0,12,59,11,82,0,0,0,82
03/11/2007,ROW,NM,ASW,WE,Combined TRACON& Tower with Radar,0,8,2,0,10,0,0,8,0,8,0,8,10,0,18,0,0,0,18
03/12/2007,ROW,NM,ASW,WE,Combined TRACON& Tower with Radar,0,28,20,87,135,0,0,0,0,0,0,28,20,87,135,0,27,27,162
03/13/2007,ROW,NM,ASW,WE,Combined TRACON& Tower with Radar,0,22,10,19,51,0,2,9,5,16,0,24,19,24,67,32,26,58,125
03/14/2007,ROW,NM,ASW,WE,Combined TRACON& Tower with Radar,0,22,22,56,100,0,4,25,6,35,0,26,47,62,135,6,78,84,219
03/15/2007,ROW,NM,ASW,WE,Combined TRACON& Tower with Radar,1,30,18,23,72,0,7,54,1,62,1,37,72,24,134,45,20,65,199
03/16/2007,ROW,NM,ASW,WE,Combined TRACON& Tower with Radar,0,34,26,113,173,0,0,18,4,22,0,34,44,117,195,8,104,112,307
03/17/2007,ROW,NM,ASW,WE,Combined TRACON& Tower with Radar,0,3,2,7,12,0,2,17,0,19,0,5,19,7,31,52,0,52,83
03/18/2007,ROW,NM,ASW,WE,Combined TRACON& Tower with Radar,0,7,16,24,47,0,0,53,32,85,0,7,69,56,132,0,32,32,164
03/19/2007,ROW,NM,ASW,WE,Combined TRACON& Tower with Radar,0,19,10,59,88,0,2,3,2,7,0,21,13,61,95,18,312,330,425
03/20/2007,ROW,NM,ASW,WE,Combined TRACON& Tower with Radar,0,35,12,42,89,0,4,18,1,23,0,39,30,43,112,47,218,265,377
03/21/2007,ROW,NM,ASW,WE,Combined TRACON& Tower with Radar,0,22,11,58,91,0,1,14,2,17,0,23,25,60,108,20,323,343,451
03/22/2007,ROW,NM,ASW,WE,Combined TRACON& Tower with Radar,0,23,7,44,74,0,1,1,0,2,0,24,8,44,76,2,138,140,216
03/23/2007,ROW,NM,ASW,WE,Combined TRACON& Tower with Radar,0,29,19,79,127,0,0,1,0,1,0,29,20,79,128,0,58,58,186
03/24/2007,ROW,NM,ASW,WE,Combined TRACON& Tower with Radar,0,13,16,52,81,0,0,9,0,9,0,13,25,52,90,0,282,282,372
03/25/2007,ROW,NM,ASW,WE,Combined TRACON& Tower with Radar,0,4,9,5,18,0,0,10,0,10,0,4,19,5,28,0,108,108,136
03/26/2007,ROW,NM,ASW,WE,Combined TRACON& Tower with Radar,0,21,17,49,87,0,3,26,20,49,0,24,43,69,136,4,238,242,378
03/27/2007,ROW,NM,ASW,WE,Combined TRACON& Tower with Radar,0,20,14,45,79,0,7,39,50,96,0,27,53,95,175,0,260,260,435
03/28/2007,ROW,NM,ASW,WE,Combined TRACON& Tower with Radar,0,24,6,38,68,0,5,8,2,15,0,29,14,40,83,4,160,164,247
03/29/2007,ROW,NM,ASW,WE,Combined TRACON& Tower with Radar,0,20,6,108,134,0,4,26,13,43,0,24,32,121,177,20,461,481,658
03/30/2007,ROW,NM,ASW,WE,Combined TRACON& Tower with Radar,2,25,1,31,59,0,1,3,0,4,2,26,4,31,63,0,2,2,65
04/01/2007,ROW,NM,ASW,WE,Combined TRACON& Tower with Radar,0,7,9,38,54,0,0,22,2,24,0,7,31,40,78,0,0,0,78
04/02/2007,ROW,NM,ASW,WE,Combined TRACON& Tower with Radar,0,28,11,25,64,0,1,19,1,21,0,29,30,26,85,0,8,8,93
04/03/2007,ROW,NM,ASW,WE,Combined TRACON& Tower with Radar,2,29,16,97,144,0,2,22,2,26,2,31,38,99,170,4,186,190,360
04/04/2007,ROW,NM,ASW,WE,Combined TRACON& Tower with Radar,0,19,9,92,120,0,2,52,2,56,0,21,61,94,176,25,150,175,351
04/05/2007,ROW,NM,ASW,WE,Combined TRACON& Tower with Radar,1,28,22,25,76,0,4,12,0,16,1,32,34,25,92,0,4,4,96
04/06/2007,ROW,NM,ASW,WE,Combined TRACON& Tower with Radar,0,32,11,39,82,0,0,5,0,5,0,32,16,39,87,0,4,4,91
04/07/2007,ROW,NM,ASW,WE,Combined TRACON& Tower with Radar,0,15,4,0,19,0,0,0,0,0,0,15,4,0,19,0,0,0,19
04/08/2007,ROW,NM,ASW,WE,Combined TRACON& Tower with Radar,0,4,7,1,12,0,0,3,0,3,0,4,10,1,15,0,0,0,15
04/09/2007,ROW,NM,ASW,WE,Combined TRACON& Tower with Radar,1,23,13,1,38,0,0,26,0,26,1,23,39,1,64,0,0,0,64
04/10/2007,ROW,NM,ASW,WE,Combined TRACON& Tower with Radar,0,25,29,63,117,0,4,42,0,46,0,29,71,63,163,0,26,26,189
04/11/2007,ROW,NM,ASW,WE,Combined TRACON& Tower with Radar,1,29,16,34,80,0,4,52,1,57,1,33,68,35,137,26,12,38,175
04/12/2007,ROW,NM,ASW,WE,Combined TRACON& Tower with Radar,1,23,11,37,72,0,3,86,1,90,1,26,97,38,162,0,10,10,172
04/13/2007,ROW,NM,ASW,WE,Combined TRACON& Tower with Radar,1,31,22,46,100,0,1,5,0,6,1,32,27,46,106,10,70,80,186
04/14/2007,ROW,NM,ASW,WE,Combined TRACON& Tower with Radar,1,8,34,3,46,0,4,97,1,102,1,12,131,4,148,42,0,42,190
04/15/2007,ROW,NM,ASW,WE,Combined TRACON& Tower with Radar,0,16,8,18,42,0,0,13,0,13,0,16,21,18,55,6,6,12,67
04/16/2007,ROW,NM,ASW,WE,Combined TRACON& Tower with Radar,0,7,9,36,52,0,2,99,4,105,0,9,108,40,157,16,28,44,201
04/17/2007,ROW,NM,ASW,WE,Combined TRACON& Tower with Radar,2,36,57,28,123,0,2,20,0,22,2,38,77,28,145,22,72,94,239
04/18/2007,ROW,NM,ASW,WE,Combined TRACON& Tower with Radar,0,29,41,33,103,0,3,33,4,40,0,32,74,37,143,28,38,66,209
04/19/2007,ROW,NM,ASW,WE,Combined TRACON& Tower with Radar,0,17,13,25,55,0,1,31,1,33,0,18,44,26,88,104,44,148,236
04/20/2007,ROW,NM,ASW,WE,Combined TRACON& Tower with Radar,0,19,11,53,83,0,6,144,15,165,0,25,155,68,248,8,20,28,276
04/21/2007,ROW,NM,ASW,WE,Combined TRACON& Tower with Radar,0,8,6,0,14,0,5,40,0,45,0,13,46,0,59,0,0,0,59
04/22/2007,ROW,NM,ASW,WE,Combined TRACON& Tower with Radar,0,5,54,0,59,0,0,23,0,23,0,5,77,0,82,32,0,32,114
04/23/2007,ROW,NM,ASW,WE,Combined TRACON& Tower with Radar,0,11,35,40,86,0,3,22,1,26,0,14,57,41,112,14,104,118,230
04/24/2007,ROW,NM,ASW,WE,Combined TRACON& Tower with Radar,1,22,40,74,137,0,2,18,33,53,1,24,58,107,190,30,78,108,298
04/25/2007,ROW,NM,ASW,WE,Combined TRACON& Tower with Radar,1,21,22,59,103,0,7,99,1,107,1,28,121,60,210,0,68,68,278
04/26/2007,ROW,NM,ASW,WE,Combined TRACON& Tower with Radar,1,23,16,66,106,0,11,88,24,123,1,34,104,90,229,0,64,64,293
04/27/2007,ROW,NM,ASW,WE,Combined TRACON& Tower with Radar,2,34,31,20,87,0,3,26,2,31,2,37,57,22,118,4,20,24,142
04/28/2007,ROW,NM,ASW,WE,Combined TRACON& Tower with Radar,1,13,13,0,27,0,2,83,4,89,1,15,96,4,116,30,0,30,146
04/29/2007,ROW,NM,ASW,WE,Combined TRACON& Tower with Radar,0,4,4,0,8,0,0,7,0,7,0,4,11,0,15,0,0,0,15
04/30/2007,ROW,NM,ASW,WE,Combined TRACON& Tower with Radar,0,21,12,43,76,0,2,113,1,116,0,23,125,44,192,2,88,90,282
05/01/2007,ROW,NM,ASW,WE,Combined TRACON& Tower with Radar,0,20,26,45,91,0,5,46,0,51,0,25,72,45,142,10,110,120,262
05/02/2007,ROW,NM,ASW,WE,Combined TRACON& Tower with Radar,0,24,26,24,74,0,1,12,12,25,0,25,38,36,99,8,38,46,145
05/03/2007,ROW,NM,ASW,WE,Combined TRACON& Tower with Radar,0,23,29,49,101,0,7,61,0,68,0,30,90,49,169,0,30,30,199
05/04/2007,ROW,NM,ASW,WE,Combined TRACON& Tower with Radar,0,39,21,39,99,0,8,72,37,117,0,47,93,76,216,4,8,12,228
05/05/2007,ROW,NM,ASW,WE,Combined TRACON& Tower with Radar,3,10,7,22,42,0,2,4,0,6,3,12,11,22,48,0,4,4,52
05/06/2007,ROW,NM,ASW,WE,Combined TRACON& Tower with Radar,0,6,17,2,25,0,0,66,6,72,0,6,83,8,97,18,0,18,115
05/07/2007,ROW,NM,ASW,WE,Combined TRACON& Tower with Radar,0,16,50,48,114,0,0,18,5,23,0,16,68,53,137,12,30,42,179
05/08/2007,ROW,NM,ASW,WE,Combined TRACON& Tower with Radar,3,23,14,11,51,0,0,3,2,5,3,23,17,13,56,0,0,0,56
05/09/2007,ROW,NM,ASW,WE,Combined TRACON& Tower with Radar,0,5,11,68,84,0,0,8,16,24,0,5,19,84,108,28,120,148,256
05/10/2007,ROW,NM,ASW,WE,Combined TRACON& Tower with Radar,1,21,13,33,68,0,3,53,0,56,1,24,66,33,124,16,106,122,246
05/11/2007,ROW,NM,ASW,WE,Combined TRACON& Tower with Radar,1,25,24,29,79,0,6,130,5,141,1,31,154,34,220,16,82,98,318
05/12/2007,ROW,NM,ASW,WE,Combined TRACON& Tower with Radar,0,5,34,7,46,0,4,98,0,102,0,9,132,7,148,12,0,12,160
05/13/2007,ROW,NM,ASW,WE,Combined TRACON& Tower with Radar,1,10,8,3,22,0,0,17,0,17,1,10,25,3,39,4,0,4,43
05/14/2007,ROW,NM,ASW,WE,Combined TRACON& Tower with Radar,0,18,24,24,66,0,3,108,5,116,0,21,132,29,182,20,68,88,270
05/15/2007,ROW,NM,ASW,WE,Combined TRACON& Tower with Radar,0,37,15,59,111,0,3,14,0,17,0,40,29,59,128,58,114,172,300
05/16/2007,ROW,NM,ASW,WE,Combined TRACON& Tower with Radar,0,33,18,35,86,0,0,3,0,3,0,33,21,35,89,0,30,30,119
05/17/2007,ROW,NM,ASW,WE,Combined TRACON& Tower with Radar,0,42,30,4,76,0,0,24,1,25,0,42,54,5,101,0,0,0,101
05/18/2007,ROW,NM,ASW,WE,Combined TRACON& Tower with Radar,10,32,18,45,105,0,0,3,2,5,10,32,21,47,110,0,0,0,110
05/19/2007,ROW,NM,ASW,WE,Combined TRACON& Tower with Radar,0,15,8,13,36,0,0,38,0,38,0,15,46,13,74,26,0,26,100
05/20/2007,ROW,NM,ASW,WE,Combined TRACON& Tower with Radar,3,6,11,5,25,0,0,0,0,0,3,6,11,5,25,0,8,8,33
05/21/2007,ROW,NM,ASW,WE,Combined TRACON& Tower with Radar,1,15,42,33,91,0,0,81,2,83,1,15,123,35,174,0,18,18,192
05/22/2007,ROW,NM,ASW,WE,Combined TRACON& Tower with Radar,0,33,37,67,137,0,5,24,10,39,0,38,61,77,176,0,42,42,218
05/23/2007,ROW,NM,ASW,WE,Combined TRACON& Tower with Radar,0,19,23,28,70,0,6,53,2,61,0,25,76,30,131,0,34,34,165
05/24/2007,ROW,NM,ASW,WE,Combined TRACON& Tower with Radar,0,36,16,35,87,0,3,14,2,19,0,39,30,37,106,20,114,134,240
05/25/2007,ROW,NM,ASW,WE,Combined TRACON& Tower with Radar,0,34,9,61,104,0,3,6,5,14,0,37,15,66,118,0,22,22,140
05/26/2007,ROW,NM,ASW,WE,Combined TRACON& Tower with Radar,0,7,3,0,10,0,2,27,0,29,0,9,30,0,39,20,0,20,59
05/27/2007,ROW,NM,ASW,WE,Combined TRACON& Tower with Radar,0,5,11,0,16,0,0,48,59,107,0,5,59,59,123,18,0,18,141
05/28/2007,ROW,NM,ASW,WE,Combined TRACON& Tower with Radar,1,10,14,0,25,0,0,205,0,205,1,10,219,0,230,6,0,6,236
05/29/2007,ROW,NM,ASW,WE,Combined TRACON& Tower with Radar,0,23,27,105,155,0,5,48,6,59,0,28,75,111,214,40,164,204,418
05/30/2007,ROW,NM,ASW,WE,Combined TRACON& Tower with Radar,0,26,29,121,176,0,5,48,6,59,0,31,77,127,235,64,175,239,474
05/31/2007,ROW,NM,ASW,WE,Combined TRACON& Tower with Radar,0,24,16,11,51,0,4,5,4,13,0,28,21,15,64,0,42,42,106
06/01/2007,ROW,NM,ASW,WE,Combined TRACON& Tower with Radar,0,38,22,67,127,0,1,28,4,33,0,39,50,71,160,14,38,52,212
06/02/2007,ROW,NM,ASW,WE,Combined TRACON& Tower with Radar,0,11,18,0,29,0,3,32,1,36,0,14,50,1,65,39,0,39,104
06/03/2007,ROW,NM,ASW,WE,Combined TRACON& Tower with Radar,0,2,4,4,10,0,0,0,16,16,0,2,4,20,26,14,0,14,40
06/04/2007,ROW,NM,ASW,WE,Combined TRACON& Tower with Radar,0,12,18,29,59,0,2,46,9,57,0,14,64,38,116,14,12,26,142
06/05/2007,ROW,NM,ASW,WE,Combined TRACON& Tower with Radar,0,23,13,17,53,0,5,84,1,90,0,28,97,18,143,34,0,34,177
06/06/2007,ROW,NM,ASW,WE,Combined TRACON& Tower with Radar,0,32,12,28,72,0,5,16,4,25,0,37,28,32,97,6,2,8,105
06/07/2007,ROW,NM,ASW,WE,Combined TRACON& Tower with Radar,1,16,26,52,95,0,8,27,9,44,1,24,53,61,139,12,24,36,175
06/08/2007,ROW,NM,ASW,WE,Combined TRACON& Tower with Radar,0,24,24,65,113,0,7,14,1,22,0,31,38,66,135,0,68,68,203
06/09/2007,ROW,NM,ASW,WE,Combined TRACON& Tower with Radar,0,9,7,4,20,0,1,67,0,68,0,10,74,4,88,0,12,12,100
06/10/2007,ROW,NM,ASW,WE,Combined TRACON& Tower with Radar,0,10,23,0,33,0,0,21,0,21,0,10,44,0,54,18,6,24,78
06/11/2007,ROW,NM,ASW,WE,Combined TRACON& Tower with Radar,2,23,21,42,88,0,0,28,43,71,2,23,49,85,159,0,54,54,213
06/12/2007,ROW,NM,ASW,WE,Combined TRACON& Tower with Radar,0,31,132,36,199,0,0,12,3,15,0,31,144,39,214,14,44,58,272
06/13/2007,ROW,NM,ASW,WE,Combined TRACON& Tower with Radar,0,24,19,33,76,0,6,61,5,72,0,30,80,38,148,14,28,42,190
06/14/2007,ROW,NM,ASW,WE,Combined TRACON& Tower with Radar,1,30,24,127,182,0,6,21,6,33,1,36,45,133,215,8,136,144,359
06/15/2007,ROW,NM,ASW,WE,Combined TRACON& Tower with Radar,0,30,62,60,152,0,5,13,0,18,0,35,75,60,170,28,72,100,270
06/16/2007,ROW,NM,ASW,WE,Combined TRACON& Tower with Radar,0,12,8,0,20,0,4,74,0,78,0,16,82,0,98,8,0,8,106
06/17/2007,ROW,NM,ASW,WE,Combined TRACON& Tower with Radar,1,7,5,2,15,0,0,5,0,5,1,7,10,2,20,0,0,0,20
06/18/2007,ROW,NM,ASW,WE,Combined TRACON& Tower with Radar,0,17,9,17,43,0,0,14,3,17,0,17,23,20,60,0,30,30,90
06/19/2007,ROW,NM,ASW,WE,Combined TRACON& Tower with Radar,0,25,76,18,119,0,5,21,1,27,0,30,97,19,146,18,25,43,189
06/20/2007,ROW,NM,ASW,WE,Combined TRACON& Tower with Radar,0,28,11,10,49,0,3,25,70,98,0,31,36,80,147,0,0,0,147
06/21/2007,ROW,NM,ASW,WE,Combined TRACON& Tower with Radar,0,17,41,60,118,0,6,75,4,85,0,23,116,64,203,88,34,122,325
06/22/2007,ROW,NM,ASW,WE,Combined TRACON& Tower with Radar,0,29,32,57,118,0,9,26,8,43,0,38,58,65,161,47,26,73,234
06/23/2007,ROW,NM,ASW,WE,Combined TRACON& Tower with Radar,0,6,20,0,26,0,2,37,0,39,0,8,57,0,65,19,0,19,84
06/24/2007,ROW,NM,ASW,WE,Combined TRACON& Tower with Radar,0,6,7,0,13,0,0,30,0,30,0,6,37,0,43,70,0,70,113
06/25/2007,ROW,NM,ASW,WE,Combined TRACON& Tower with Radar,0,29,25,18,72,0,1,16,1,18,0,30,41,19,90,38,34,72,162
06/26/2007,ROW,NM,ASW,WE,Combined TRACON& Tower with Radar,0,34,25,84,143,0,2,7,0,9,0,36,32,84,152,0,100,100,252
06/27/2007,ROW,NM,ASW,WE,Combined TRACON& Tower with Radar,0,23,25,84,132,0,0,7,0,7,0,23,32,84,139,0,100,100,239
06/28/2007,ROW,NM,ASW,WE,Combined TRACON& Tower with Radar,0,31,48,43,122,0,4,150,0,154,0,35,198,43,276,0,63,63,339
06/29/2007,ROW,NM,ASW,WE,Combined TRACON& Tower with Radar,0,24,31,13,68,0,2,98,6,106,0,26,129,19,174,34,12,46,220
06/30/2007,ROW,NM,ASW,WE,Combined TRACON& Tower with Radar,0,13,31,0,44,0,1,98,0,99,0,14,129,0,143,6,0,6,149
07/01/2007,ROW,NM,ASW,WE,Combined TRACON& Tower with Radar,0,7,10,2,19,0,0,7,0,7,0,7,17,2,26,2,0,2,28
07/02/2007,ROW,NM,ASW,WE,Combined TRACON& Tower with Radar,0,18,65,47,130,0,1,14,2,17,0,19,79,49,147,0,40,40,187
07/03/2007,ROW,NM,ASW,WE,Combined TRACON& Tower with Radar,0,30,38,45,113,0,2,91,0,93,0,32,129,45,206,26,28,54,260
07/04/2007,ROW,NM,ASW,WE,Combined TRACON& Tower with Radar,0,9,5,0,14,0,0,11,5,16,0,9,16,5,30,26,0,26,56
07/05/2007,ROW,NM,ASW,WE,Combined TRACON& Tower with Radar,0,21,64,2,87,0,4,21,3,28,0,25,85,5,115,24,0,24,139
07/06/2007,ROW,NM,ASW,WE,Combined TRACON& Tower with Radar,0,33,27,18,78,0,4,96,0,100,0,37,123,18,178,46,24,70,248
07/07/2007,ROW,NM,ASW,WE,Combined TRACON& Tower with Radar,0,11,22,0,33,0,3,58,0,61,0,14,80,0,94,6,0,6,100
07/08/2007,ROW,NM,ASW,WE,Combined TRACON& Tower with Radar,0,9,10,0,19,0,0,11,2,13,0,9,21,2,32,0,0,0,32
07/09/2007,ROW,NM,ASW,WE,Combined TRACON& Tower with Radar,0,20,38,37,95,0,0,71,0,71,0,20,109,37,166,24,28,52,218
07/10/2007,ROW,NM,ASW,WE,Combined TRACON& Tower with Radar,0,26,29,41,96,0,9,23,4,36,0,35,52,45,132,14,16,30,162
07/11/2007,ROW,NM,ASW,WE,Combined TRACON& Tower with Radar,0,26,19,0,45,0,0,9,13,22,0,26,28,13,67,0,0,0,67
07/12/2007,ROW,NM,ASW,WE,Combined TRACON& Tower with Radar,0,22,20,10,52,0,4,10,0,14,0,26,30,10,66,2,6,8,74
07/13/2007,ROW,NM,ASW,WE,Combined TRACON& Tower with Radar,0,29,66,61,156,0,12,21,2,35,0,41,87,63,191,32,60,92,283
07/14/2007,ROW,NM,ASW,WE,Combined TRACON& Tower with Radar,0,6,11,2,19,0,0,29,0,29,0,6,40,2,48,2,0,2,50
07/15/2007,ROW,NM,ASW,WE,Combined TRACON& Tower with Radar,0,7,15,0,22,0,2,63,0,65,0,9,78,0,87,0,0,0,87
07/16/2007,ROW,NM,ASW,WE,Combined TRACON& Tower with Radar,0,20,58,36,114,0,3,58,0,61,0,23,116,36,175,49,42,91,266
07/17/2007,ROW,NM,ASW,WE,Combined TRACON& Tower with Radar,0,18,52,23,93,0,9,20,5,34,0,27,72,28,127,19,64,83,210
07/18/2007,ROW,NM,ASW,WE,Combined TRACON& Tower with Radar,0,18,24,18,60,0,5,87,1,93,0,23,111,19,153,74,105,179,332
07/19/2007,ROW,NM,ASW,WE,Combined TRACON& Tower with Radar,0,38,32,22,92,0,8,69,0,77,0,46,101,22,169,4,98,102,271
07/20/2007,ROW,NM,ASW,WE,Combined TRACON& Tower with Radar,0,23,58,83,164,0,8,18,3,29,0,31,76,86,193,64,118,182,375
07/21/2007,ROW,NM,ASW,WE,Combined TRACON& Tower with Radar,0,11,20,26,57,0,2,34,0,36,0,13,54,26,93,5,6,11,104
07/22/2007,ROW,NM,ASW,WE,Combined TRACON& Tower with Radar,0,4,3,16,23,0,2,4,0,6,0,6,7,16,29,8,10,18,47
07/23/2007,ROW,NM,ASW,WE,Combined TRACON& Tower with Radar,0,19,22,55,96,0,4,23,2,29,0,23,45,57,125,54,60,114,239
07/24/2007,ROW,NM,ASW,WE,Combined TRACON& Tower with Radar,0,20,33,67,120,0,9,41,0,50,0,29,74,67,170,0,60,60,230
07/25/2007,ROW,NM,ASW,WE,Combined TRACON& Tower with Radar,0,19,70,123,212,0,4,18,12,34,0,23,88,135,246,0,178,178,424
07/26/2007,ROW,NM,ASW,WE,Combined TRACON& Tower with Radar,0,20,41,85,146,0,8,22,15,45,0,28,63,100,191,0,62,62,253
07/27/2007,ROW,NM,ASW,WE,Combined TRACON& Tower with Radar,0,29,13,19,61,0,4,196,31,231,0,33,209,50,292,46,14,60,352
07/28/2007,ROW,NM,ASW,WE,Combined TRACON& Tower with Radar,0,12,14,2,28,0,4,30,0,34,0,16,44,2,62,15,0,15,77
07/29/2007,ROW,NM,ASW,WE,Combined TRACON& Tower with Radar,0,6,4,6,16,0,0,11,0,11,0,6,15,6,27,1,10,11,38
07/30/2007,ROW,NM,ASW,WE,Combined TRACON& Tower with Radar,0,17,33,52,102,0,4,20,5,29,0,21,53,57,131,26,16,42,173
07/31/2007,ROW,NM,ASW,WE,Combined TRACON& Tower with Radar,1,32,27,81,141,0,4,14,1,19,1,36,41,82,160,10,126,136,296
08/01/2007,ROW,NM,ASW,WE,Combined TRACON& Tower with Radar,0,25,13,65,103,0,2,66,1,69,0,27,79,66,172,2,92,94,266
08/02/2007,ROW,NM,ASW,WE,Combined TRACON& Tower with Radar,1,28,18,71,118,0,0,10,0,10,1,28,28,71,128,4,20,24,152
08/03/2007,ROW,NM,ASW,WE,Combined TRACON& Tower with Radar,0,29,9,26,64,0,0,0,6,6,0,29,9,32,70,0,0,0,70
08/04/2007,ROW,NM,ASW,WE,Combined TRACON& Tower with Radar,0,7,13,13,33,0,3,6,6,15,0,10,19,19,48,10,6,16,64
08/05/2007,ROW,NM,ASW,WE,Combined TRACON& Tower with Radar,1,12,13,7,33,0,0,7,0,7,1,12,20,7,40,0,0,0,40
08/06/2007,ROW,NM,ASW,WE,Combined TRACON& Tower with Radar,0,23,6,30,59,0,2,1,0,3,0,25,7,30,62,2,32,34,96
08/07/2007,ROW,NM,ASW,WE,Combined TRACON& Tower with Radar,0,21,13,44,78,0,5,73,0,78,0,26,86,44,156,14,62,76,232
08/08/2007,ROW,NM,ASW,WE,Combined TRACON& Tower with Radar,0,30,34,56,120,0,2,103,0,105,0,32,137,56,225,24,10,34,259
08/09/2007,ROW,NM,ASW,WE,Combined TRACON& Tower with Radar,1,20,18,38,77,0,8,39,2,49,1,28,57,40,126,54,58,112,238
08/10/2007,ROW,NM,ASW,WE,Combined TRACON& Tower with Radar,0,18,27,16,61,0,8,152,4,164,0,26,179,20,225,22,0,22,247
08/11/2007,ROW,NM,ASW,WE,Combined TRACON& Tower with Radar,0,5,2,4,11,0,5,55,0,60,0,10,57,4,71,0,4,4,75
08/12/2007,ROW,NM,ASW,WE,Combined TRACON& Tower with Radar,0,6,6,2,14,0,0,5,0,5,0,6,11,2,19,2,0,2,21
08/13/2007,ROW,NM,ASW,WE,Combined TRACON& Tower with Radar,0,24,52,20,96,0,6,71,0,77,0,30,123,20,173,38,16,54,227
08/14/2007,ROW,NM,ASW,WE,Combined TRACON& Tower with Radar,0,25,17,31,73,0,9,44,0,53,0,34,61,31,126,0,34,34,160
08/15/2007,ROW,NM,ASW,WE,Combined TRACON& Tower with Radar,1,19,35,30,85,0,5,158,0,163,1,24,193,30,248,24,33,57,305
08/16/2007,ROW,NM,ASW,WE,Combined TRACON& Tower with Radar,0,24,15,67,106,0,7,206,1,214,0,31,221,68,320,38,42,80,400
08/17/2007,ROW,NM,ASW,WE,Combined TRACON& Tower with Radar,0,25,65,134,224,0,6,26,3,35,0,31,91,137,259,104,140,244,503
08/18/2007,ROW,NM,ASW,WE,Combined TRACON& Tower with Radar,0,12,26,8,46,0,3,59,2,64,0,15,85,10,110,67,0,67,177
08/19/2007,ROW,NM,ASW,WE,Combined TRACON& Tower with Radar,0,14,19,0,33,0,1,18,1,20,0,15,37,1,53,1,6,7,60
08/20/2007,ROW,NM,ASW,WE,Combined TRACON& Tower with Radar,0,30,40,27,97,0,1,89,19,109,0,31,129,46,206,52,50,102,308
08/21/2007,ROW,NM,ASW,WE,Combined TRACON& Tower with Radar,2,29,24,92,147,0,3,23,63,89,2,32,47,155,236,10,118,128,364
08/22/2007,ROW,NM,ASW,WE,Combined TRACON& Tower with Radar,0,27,26,22,75,0,4,42,2,48,0,31,68,24,123,12,0,12,135
08/23/2007,ROW,NM,ASW,WE,Combined TRACON& Tower with Radar,0,26,41,40,107,0,1,55,3,59,0,27,96,43,166,0,48,48,214
08/24/2007,ROW,NM,ASW,WE,Combined TRACON& Tower with Radar,0,24,20,30,74,0,5,172,11,188,0,29,192,41,262,6,22,28,290
08/25/2007,ROW,NM,ASW,WE,Combined TRACON& Tower with Radar,0,7,79,0,86,0,3,102,0,105,0,10,181,0,191,26,0,26,217
08/26/2007,ROW,NM,ASW,WE,Combined TRACON& Tower with Radar,1,6,29,30,66,0,0,14,0,14,1,6,43,30,80,34,16,50,130
08/27/2007,ROW,NM,ASW,WE,Combined TRACON& Tower with Radar,0,25,56,34,115,0,4,188,11,203,0,29,244,45,318,14,22,36,354
08/28/2007,ROW,NM,ASW,WE,Combined TRACON& Tower with Radar,1,26,25,25,77,0,5,54,6,65,1,31,79,31,142,52,70,122,264
08/29/2007,ROW,NM,ASW,WE,Combined TRACON& Tower with Radar,2,22,20,98,142,0,6,26,3,35,2,28,46,101,177,0,76,76,253
08/30/2007,ROW,NM,ASW,WE,Combined TRACON& Tower with Radar,0,29,30,39,98,0,6,7,0,13,0,35,37,39,111,43,112,155,266
08/31/2007,ROW,NM,ASW,WE,Combined TRACON& Tower with Radar,0,25,39,64,128,0,7,18,0,25,0,32,57,64,153,16,90,106,259
09/01/2007,ROW,NM,ASW,WE,Combined TRACON& Tower with Radar,0,5,2,2,9,0,3,7,0,10,0,8,9,2,19,18,0,18,37
09/02/2007,ROW,NM,ASW,WE,Combined TRACON& Tower with Radar,0,11,16,2,29,0,0,19,0,19,0,11,35,2,48,28,1,29,77
09/03/2007,ROW,NM,ASW,WE,Combined TRACON& Tower with Radar,0,4,11,0,15,0,0,7,0,7,0,4,18,0,22,20,0,20,42
09/04/2007,ROW,NM,ASW,WE,Combined TRACON& Tower with Radar,0,20,27,82,129,0,2,18,40,60,0,22,45,122,189,7,154,161,350
09/05/2007,ROW,NM,ASW,WE,Combined TRACON& Tower with Radar,3,29,49,89,170,0,3,13,0,16,3,32,62,89,186,12,184,196,382
09/06/2007,ROW,NM,ASW,WE,Combined TRACON& Tower with Radar,5,23,29,50,107,0,4,48,19,71,5,27,77,69,178,2,84,86,264
09/07/2007,ROW,NM,ASW,WE,Combined TRACON& Tower with Radar,2,32,23,145,202,0,4,15,0,19,2,36,38,145,221,0,142,142,363
09/08/2007,ROW,NM,ASW,WE,Combined TRACON& Tower with Radar,5,7,28,14,54,0,6,25,0,31,5,13,53,14,85,28,16,44,129
09/09/2007,ROW,NM,ASW,WE,Combined TRACON& Tower with Radar,2,11,6,31,50,0,0,0,0,0,2,11,6,31,50,0,0,0,50
09/10/2007,ROW,NM,ASW,WE,Combined TRACON& Tower with Radar,0,19,28,14,61,0,0,42,27,69,0,19,70,41,130,4,104,108,238
09/11/2007,ROW,NM,ASW,WE,Combined TRACON& Tower with Radar,3,40,18,21,82,0,0,19,61,80,3,40,37,82,162,8,30,38,200
09/12/2007,ROW,NM,ASW,WE,Combined TRACON& Tower with Radar,4,36,25,106,171,0,0,6,76,82,4,36,31,182,253,28,156,184,437
09/13/2007,ROW,NM,ASW,WE,Combined TRACON& Tower with Radar,4,22,14,98,138,0,4,11,42,57,4,26,25,140,195,8,114,122,317
09/14/2007,ROW,NM,ASW,WE,Combined TRACON& Tower with Radar,4,34,55,104,197,0,8,48,0,56,4,42,103,104,253,29,54,83,336
09/15/2007,ROW,NM,ASW,WE,Combined TRACON& Tower with Radar,5,5,7,12,29,0,3,16,0,19,5,8,23,12,48,0,0,0,48
09/16/2007,ROW,NM,ASW,WE,Combined TRACON& Tower with Radar,3,4,12,9,28,0,0,10,0,10,3,4,22,9,38,0,0,0,38
09/17/2007,ROW,NM,ASW,WE,Combined TRACON& Tower with Radar,2,18,59,59,138,0,3,24,0,27,2,21,83,59,165,8,67,75,240
09/18/2007,ROW,NM,ASW,WE,Combined TRACON& Tower with Radar,7,28,20,69,124,0,8,31,0,39,7,36,51,69,163,18,74,92,255
09/19/2007,ROW,NM,ASW,WE,Combined TRACON& Tower with Radar,2,37,24,88,151,0,1,16,5,22,2,38,40,93,173,76,108,184,357
09/20/2007,ROW,NM,ASW,WE,Combined TRACON& Tower with Radar,5,26,18,50,99,0,3,10,1,14,5,29,28,51,113,76,48,124,237
09/21/2007,ROW,NM,ASW,WE,Combined TRACON& Tower with Radar,4,27,29,18,78,0,9,34,28,71,4,36,63,46,149,100,80,180,329
09/22/2007,ROW,NM,ASW,WE,Combined TRACON& Tower with Radar,4,4,21,10,39,0,4,64,0,68,4,8,85,10,107,6,6,12,119
09/23/2007,ROW,NM,ASW,WE,Combined TRACON& Tower with Radar,4,4,6,2,16,0,0,6,0,6,4,4,12,2,22,0,0,0,22
09/24/2007,ROW,NM,ASW,WE,Combined TRACON& Tower with Radar,3,20,10,39,72,0,2,16,0,18,3,22,26,39,90,28,72,100,190
09/25/2007,ROW,NM,ASW,WE,Combined TRACON& Tower with Radar,5,23,20,6,54,0,4,22,3,29,5,27,42,9,83,0,30,30,113
09/26/2007,ROW,NM,ASW,WE,Combined TRACON& Tower with Radar,4,26,15,20,65,0,2,22,15,39,4,28,37,35,104,13,45,58,162
09/27/2007,ROW,NM,ASW,WE,Combined TRACON& Tower with Radar,7,25,14,47,93,0,1,24,0,25,7,26,38,47,118,32,36,68,186
09/28/2007,ROW,NM,ASW,WE,Combined TRACON& Tower with Radar,3,22,49,39,113,0,6,22,0,28,3,28,71,39,141,8,94,102,243
09/29/2007,ROW,NM,ASW,WE,Combined TRACON& Tower with Radar,4,13,14,0,31,0,6,4,0,10,4,19,18,0,41,46,0,46,87
09/30/2007,ROW,NM,ASW,WE,Combined TRACON& Tower with Radar,3,6,10,0,19,0,0,27,0,27,3,6,37,0,46,0,0,0,46
10/01/2007,ROW,NM,ASW,WE,Combined TRACON& Tower with Radar,0,26,24,6,56,0,2,16,0,18,0,28,40,6,74,6,0,6,80
10/02/2007,ROW,NM,ASW,WE,Combined TRACON& Tower with Radar,0,37,17,99,153,0,5,16,1,22,0,42,33,100,175,14,138,152,327
10/03/2007,ROW,NM,ASW,WE,Combined TRACON& Tower with Radar,3,25,35,43,106,0,6,13,0,19,3,31,48,43,125,56,42,98,223
10/04/2007,ROW,NM,ASW,WE,Combined TRACON& Tower with Radar,0,31,19,57,107,0,2,14,0,16,0,33,33,57,123,62,84,146,269
10/05/2007,ROW,NM,ASW,WE,Combined TRACON& Tower with Radar,2,26,24,58,110,0,2,33,18,53,2,28,57,76,163,48,80,128,291
10/06/2007,ROW,NM,ASW,WE,Combined TRACON& Tower with Radar,0,14,5,0,19,0,3,6,0,9,0,17,11,0,28,0,0,0,28
10/07/2007,ROW,NM,ASW,WE,Combined TRACON& Tower with Radar,2,11,13,0,26,0,0,6,0,6,2,11,19,0,32,15,0,15,47
10/08/2007,ROW,NM,ASW,WE,Combined TRACON& Tower with Radar,4,24,29,0,57,0,2,47,0,49,4,26,76,0,106,42,0,42,148
10/09/2007,ROW,NM,ASW,WE,Combined TRACON& Tower with Radar,2,28,45,45,120,0,5,25,0,30,2,33,70,45,150,72,70,142,292
10/10/2007,ROW,NM,ASW,WE,Combined TRACON& Tower with Radar,0,31,95,38,164,0,2,40,0,42,0,33,135,38,206,87,28,115,321
10/11/2007,ROW,NM,ASW,WE,Combined TRACON& Tower with Radar,1,23,40,71,135,0,5,73,0,78,1,28,113,71,213,134,92,226,439
10/12/2007,ROW,NM,ASW,WE,Combined TRACON& Tower with Radar,1,32,71,40,144,0,5,14,2,21,1,37,85,42,165,108,102,210,375
10/13/2007,ROW,NM,ASW,WE,Combined TRACON& Tower with Radar,0,13,39,24,76,0,2,5,2,9,0,15,44,26,85,28,8,36,121
10/14/2007,ROW,NM,ASW,WE,Combined TRACON& Tower with Radar,0,7,13,15,35,0,0,33,1,34,0,7,46,16,69,0,21,21,90
10/15/2007,ROW,NM,ASW,WE,Combined TRACON& Tower with Radar,0,19,58,53,130,0,2,25,0,27,0,21,83,53,157,18,72,90,247
10/16/2007,ROW,NM,ASW,WE,Combined TRACON& Tower with Radar,0,29,52,57,138,0,1,22,0,23,0,30,74,57,161,68,188,256,417
10/17/2007,ROW,NM,ASW,WE,Combined TRACON& Tower with Radar,1,43,20,0,64,0,1,14,0,15,1,44,34,0,79,34,0,34,113
10/18/2007,ROW,NM,ASW,WE,Combined TRACON& Tower with Radar,2,28,28,88,146,0,3,28,0,31,2,31,56,88,177,148,94,242,419
10/19/2007,ROW,NM,ASW,WE,Combined TRACON& Tower with Radar,0,24,55,87,166,0,6,21,1,28,0,30,76,88,194,126,244,370,564
10/20/2007,ROW,NM,ASW,WE,Combined TRACON& Tower with Radar,0,9,5,15,29,0,3,7,0,10,0,12,12,15,39,0,18,18,57
10/21/2007,ROW,NM,ASW,WE,Combined TRACON& Tower with Radar,0,7,10,9,26,0,0,20,0,20,0,7,30,9,46,0,0,0,46
10/22/2007,ROW,NM,ASW,WE,Combined TRACON& Tower with Radar,0,18,34,40,92,0,4,15,2,21,0,22,49,42,113,40,121,161,274
10/23/2007,ROW,NM,ASW,WE,Combined TRACON& Tower with Radar,1,20,61,30,112,0,7,74,16,97,1,27,135,46,209,24,52,76,285
10/24/2007,ROW,NM,ASW,WE,Combined TRACON& Tower with Radar,0,23,8,71,102,0,9,28,48,85,0,32,36,119,187,16,160,176,363
10/25/2007,ROW,NM,ASW,WE,Combined TRACON& Tower with Radar,0,30,19,105,154,0,5,33,14,52,0,35,52,119,206,50,246,296,502
10/26/2007,ROW,NM,ASW,WE,Combined TRACON& Tower with Radar,0,19,43,75,137,0,6,49,112,167,0,25,92,187,304,30,164,194,498
10/27/2007,ROW,NM,ASW,WE,Combined TRACON& Tower with Radar,1,10,16,8,35,0,4,56,0,60,1,14,72,8,95,46,0,46,141
10/28/2007,ROW,NM,ASW,WE,Combined TRACON& Tower with Radar,0,14,8,3,25,0,0,7,1,8,0,14,15,4,33,0,0,0,33
10/29/2007,ROW,NM,ASW,WE,Combined TRACON& Tower with Radar,0,21,40,52,113,0,6,16,1,23,0,27,56,53,136,2,84,86,222
10/30/2007,ROW,NM,ASW,WE,Combined TRACON& Tower with Radar,1,27,14,39,81,0,7,39,99,145,1,34,53,138,226,0,30,30,256
10/31/2007,ROW,NM,ASW,WE,Combined TRACON& Tower with Radar,0,28,38,49,115,0,5,19,1,25,0,33,57,50,140,48,146,194,334
11/01/2007,ROW,NM,ASW,WE,Combined TRACON& Tower with Radar,0,24,9,160,193,0,4,16,7,27,0,28,25,167,220,65,260,325,545
11/02/2007,ROW,NM,ASW,WE,Combined TRACON& Tower with Radar,0,28,62,168,258,0,4,39,1,44,0,32,101,169,302,70,258,328,630
11/03/2007,ROW,NM,ASW,WE,Combined TRACON& Tower with Radar,0,18,21,19,58,0,2,11,3,16,0,20,32,22,74,18,22,40,114
11/04/2007,ROW,NM,ASW,WE,Combined TRACON& Tower with Radar,0,9,7,25,41,0,0,13,1,14,0,9,20,26,55,12,26,38,93
11/05/2007,ROW,NM,ASW,WE,Combined TRACON& Tower with Radar,0,24,40,27,91,0,7,19,4,30,0,31,59,31,121,8,66,74,195
11/06/2007,ROW,NM,ASW,WE,Combined TRACON& Tower with Radar,0,25,28,33,86,0,4,20,0,24,0,29,48,33,110,68,100,168,278
11/07/2007,ROW,NM,ASW,WE,Combined TRACON& Tower with Radar,0,29,22,42,93,0,7,46,11,64,0,36,68,53,157,30,132,162,319
11/08/2007,ROW,NM,ASW,WE,Combined TRACON& Tower with Radar,0,34,27,108,169,0,4,17,0,21,0,38,44,108,190,50,146,196,386
11/09/2007,ROW,NM,ASW,WE,Combined TRACON& Tower with Radar,0,28,37,51,116,0,6,41,0,47,0,34,78,51,163,24,138,162,325
11/10/2007,ROW,NM,ASW,WE,Combined TRACON& Tower with Radar,4,21,17,0,42,0,2,32,8,42,4,23,49,8,84,4,0,4,88
11/11/2007,ROW,NM,ASW,WE,Combined TRACON& Tower with Radar,0,6,9,7,22,0,0,5,2,7,0,6,14,9,29,0,6,6,35
11/12/2007,ROW,NM,ASW,WE,Combined TRACON& Tower with Radar,0,34,18,5,57,0,4,21,0,25,0,38,39,5,82,0,22,22,104
11/13/2007,ROW,NM,ASW,WE,Combined TRACON& Tower with Radar,0,34,27,37,98,0,3,13,0,16,0,37,40,37,114,6,68,74,188
11/14/2007,ROW,NM,ASW,WE,Combined TRACON& Tower with Radar,0,30,18,12,60,0,5,10,1,16,0,35,28,13,76,8,12,20,96
11/15/2007,ROW,NM,ASW,WE,Combined TRACON& Tower with Radar,0,22,22,130,174,0,4,13,1,18,0,26,35,131,192,34,190,224,416
11/16/2007,ROW,NM,ASW,WE,Combined TRACON& Tower with Radar,1,29,32,75,137,0,2,17,105,124,1,31,49,180,261,40,210,250,511
11/17/2007,ROW,NM,ASW,WE,Combined TRACON& Tower with Radar,1,17,14,5,37,0,2,30,0,32,1,19,44,5,69,2,0,2,71
11/18/2007,ROW,NM,ASW,WE,Combined TRACON& Tower with Radar,0,9,6,24,39,0,0,8,0,8,0,9,14,24,47,8,10,18,65
11/19/2007,ROW,NM,ASW,WE,Combined TRACON& Tower with Radar,0,28,16,38,82,0,2,16,0,18,0,30,32,38,100,0,88,88,188
11/20/2007,ROW,NM,ASW,WE,Combined TRACON& Tower with Radar,0,31,20,27,78,0,4,13,20,37,0,35,33,47,115,26,36,62,177
11/21/2007,ROW,NM,ASW,WE,Combined TRACON& Tower with Radar,0,30,20,23,73,0,1,14,10,25,0,31,34,33,98,4,12,16,114
11/22/2007,ROW,NM,ASW,WE,Combined TRACON& Tower with Radar,1,7,6,0,14,0,0,0,0,0,1,7,6,0,14,0,0,0,14
11/23/2007,ROW,NM,ASW,WE,Combined TRACON& Tower with Radar,0,32,4,0,36,0,0,0,0,0,0,32,4,0,36,0,0,0,36
11/24/2007,ROW,NM,ASW,WE,Combined TRACON& Tower with Radar,0,17,6,0,23,0,0,0,0,0,0,17,6,0,23,0,0,0,23
11/25/2007,ROW,NM,ASW,WE,Combined TRACON& Tower with Radar,0,10,15,0,25,0,0,7,0,7,0,10,22,0,32,0,0,0,32
11/26/2007,ROW,NM,ASW,WE,Combined TRACON& Tower with Radar,0,20,8,83,111,0,2,12,0,14,0,22,20,83,125,18,56,74,199
11/27/2007,ROW,NM,ASW,WE,Combined TRACON& Tower with Radar,0,20,24,15,59,0,6,26,25,57,0,26,50,40,116,0,44,44,160
11/28/2007,ROW,NM,ASW,WE,Combined TRACON& Tower with Radar,2,20,46,48,116,0,3,17,7,27,2,23,63,55,143,9,76,85,228
11/29/2007,ROW,NM,ASW,WE,Combined TRACON& Tower with Radar,0,21,13,10,44,0,5,10,1,16,0,26,23,11,60,0,0,0,60
11/30/2007,ROW,NM,ASW,WE,Combined TRACON& Tower with Radar,0,27,7,9,43,0,0,10,1,11,0,27,17,10,54,20,14,34,88
12/01/2007,ROW,NM,ASW,WE,Combined TRACON& Tower with Radar,0,16,3,20,39,0,2,3,0,5,0,18,6,20,44,0,0,0,44
12/02/2007,ROW,NM,ASW,WE,Combined TRACON& Tower with Radar,1,7,9,11,28,0,0,8,3,11,1,7,17,14,39,2,0,2,41
12/03/2007,ROW,NM,ASW,WE,Combined TRACON& Tower with Radar,0,20,20,51,91,0,5,18,4,27,0,25,38,55,118,32,24,56,174
12/04/2007,ROW,NM,ASW,WE,Combined TRACON& Tower with Radar,0,17,7,12,36,2,15,21,1,39,2,32,28,13,75,46,0,46,121
12/05/2007,ROW,NM,ASW,WE,Combined TRACON& Tower with Radar,0,18,43,56,117,0,6,30,16,52,0,24,73,72,169,12,68,80,249
12/06/2007,ROW,NM,ASW,WE,Combined TRACON& Tower with Radar,0,20,6,19,45,0,7,25,1,33,0,27,31,20,78,0,40,40,118
12/07/2007,ROW,NM,ASW,WE,Combined TRACON& Tower with Radar,0,17,17,14,48,0,6,18,4,28,0,23,35,18,76,0,26,26,102
12/08/2007,ROW,NM,ASW,WE,Combined TRACON& Tower with Radar,0,15,2,0,17,0,1,6,0,7,0,16,8,0,24,0,0,0,24
12/09/2007,ROW,NM,ASW,WE,Combined TRACON& Tower with Radar,0,7,7,0,14,0,0,0,1,1,0,7,7,1,15,0,0,0,15
12/10/2007,ROW,NM,ASW,WE,Combined TRACON& Tower with Radar,0,25,9,2,36,0,0,0,0,0,0,25,9,2,36,0,0,0,36
12/11/2007,ROW,NM,ASW,WE,Combined TRACON& Tower with Radar,0,29,6,29,64,0,2,5,18,25,0,31,11,47,89,10,36,46,135
12/12/2007,ROW,NM,ASW,WE,Combined TRACON& Tower with Radar,1,20,25,87,133,0,3,5,22,30,1,23,30,109,163,14,110,124,287
12/13/2007,ROW,NM,ASW,WE,Combined TRACON& Tower with Radar,1,21,77,66,165,0,3,25,7,35,1,24,102,73,200,22,69,91,291
12/14/2007,ROW,NM,ASW,WE,Combined TRACON& Tower with Radar,0,32,30,86,148,0,3,8,12,23,0,35,38,98,171,12,100,112,283
12/15/2007,ROW,NM,ASW,WE,Combined TRACON& Tower with Radar,0,9,16,15,40,0,1,30,12,43,0,10,46,27,83,16,6,22,105
12/16/2007,ROW,NM,ASW,WE,Combined TRACON& Tower with Radar,0,7,13,3,23,0,0,35,1,36,0,7,48,4,59,30,0,30,89
12/17/2007,ROW,NM,ASW,WE,Combined TRACON& Tower with Radar,0,14,26,28,68,0,4,22,0,26,0,18,48,28,94,39,18,57,151
12/18/2007,ROW,NM,ASW,WE,Combined TRACON& Tower with Radar,0,21,23,52,96,0,2,24,2,28,0,23,47,54,124,44,38,82,206
12/19/2007,ROW,NM,ASW,WE,Combined TRACON& Tower with Radar,0,21,14,52,87,0,5,17,4,26,0,26,31,56,113,26,58,84,197
12/20/2007,ROW,NM,ASW,WE,Combined TRACON& Tower with Radar,2,22,13,41,78,0,7,19,0,26,2,29,32,41,104,10,60,70,174
12/21/2007,ROW,NM,ASW,WE,Combined TRACON& Tower with Radar,0,25,9,1,35,0,13,12,1,26,0,38,21,2,61,7,0,7,68
12/22/2007,ROW,NM,ASW,WE,Combined TRACON& Tower with Radar,0,10,9,0,19,0,4,7,0,11,0,14,16,0,30,1,0,1,31
12/23/2007,ROW,NM,ASW,WE,Combined TRACON& Tower with Radar,0,5,4,0,9,0,0,14,1,15,0,5,18,1,24,2,0,2,26
12/24/2007,ROW,NM,ASW,WE,Combined TRACON& Tower with Radar,0,14,7,0,21,0,9,19,0,28,0,23,26,0,49,0,0,0,49
12/25/2007,ROW,NM,ASW,WE,Combined TRACON& Tower with Radar,0,12,0,0,12,0,0,6,0,6,0,12,6,0,18,0,0,0,18
12/27/2007,ROW,NM,ASW,WE,Combined TRACON& Tower with Radar,0,23,11,7,41,0,3,13,14,30,0,26,24,21,71,0,0,0,71
12/28/2007,ROW,NM,ASW,WE,Combined TRACON& Tower with Radar,0,23,22,11,56,0,8,19,0,27,0,31,41,11,83,10,8,18,101
12/29/2007,ROW,NM,ASW,WE,Combined TRACON& Tower with Radar,1,12,8,0,21,0,3,18,0,21,1,15,26,0,42,2,0,2,44
12/30/2007,ROW,NM,ASW,WE,Combined TRACON& Tower with Radar,0,7,6,0,13,0,2,10,0,12,0,9,16,0,25,6,0,6,31
12/31/2007,ROW,NM,ASW,WE,Combined TRACON& Tower with Radar,1,13,2,0,16,0,6,7,0,13,1,19,9,0,29,0,0,0,29
01/01/2008,ROW,NM,ASW,WE,Combined TRACON& Tower with Radar,0,4,7,0,11,0,0,11,0,11,0,4,18,0,22,0,0,0,22
01/02/2008,ROW,NM,ASW,WE,Combined TRACON& Tower with Radar,0,15,6,3,24,0,5,10,2,17,0,20,16,5,41,0,4,4,45
01/03/2008,ROW,NM,ASW,WE,Combined TRACON& Tower with Radar,0,14,10,7,31,0,4,10,29,43,0,18,20,36,74,8,8,16,90
01/04/2008,ROW,NM,ASW,WE,Combined TRACON& Tower with Radar,1,17,11,28,57,0,10,16,0,26,1,27,27,28,83,7,75,82,165
01/05/2008,ROW,NM,ASW,WE,Combined TRACON& Tower with Radar,1,8,7,0,16,0,3,10,0,13,1,11,17,0,29,10,0,10,39
01/06/2008,ROW,NM,ASW,WE,Combined TRACON& Tower with Radar,1,6,1,2,10,0,0,6,0,6,1,6,7,2,16,0,0,0,16
01/07/2008,ROW,NM,ASW,WE,Combined TRACON& Tower with Radar,0,25,12,30,67,0,1,3,0,4,0,26,15,30,71,0,14,14,85
01/08/2008,ROW,NM,ASW,WE,Combined TRACON& Tower with Radar,1,19,13,31,64,0,6,17,2,25,1,25,30,33,89,10,22,32,121
01/09/2008,ROW,NM,ASW,WE,Combined TRACON& Tower with Radar,0,11,18,54,83,0,7,20,5,32,0,18,38,59,115,0,20,20,135
01/10/2008,ROW,NM,ASW,WE,Combined TRACON& Tower with Radar,0,13,36,26,75,0,8,15,3,26,0,21,51,29,101,2,34,36,137
01/11/2008,ROW,NM,ASW,WE,Combined TRACON& Tower with Radar,0,14,27,11,52,0,9,42,9,60,0,23,69,20,112,28,12,40,152
01/12/2008,ROW,NM,ASW,WE,Combined TRACON& Tower with Radar,0,10,20,1,31,0,0,15,1,16,0,10,35,2,47,20,12,32,79
01/13/2008,ROW,NM,ASW,WE,Combined TRACON& Tower with Radar,0,7,3,4,14,0,0,16,0,16,0,7,19,4,30,10,0,10,40
01/14/2008,ROW,NM,ASW,WE,Combined TRACON& Tower with Radar,1,13,23,19,56,0,5,17,0,22,1,18,40,19,78,8,0,8,86
01/15/2008,ROW,NM,ASW,WE,Combined TRACON& Tower with Radar,4,17,30,62,113,0,6,9,0,15,4,23,39,62,128,14,22,36,164
01/16/2008,ROW,NM,ASW,WE,Combined TRACON& Tower with Radar,0,19,10,46,75,0,3,18,0,21,0,22,28,46,96,40,96,136,232
01/17/2008,ROW,NM,ASW,WE,Combined TRACON& Tower with Radar,0,17,16,27,60,0,6,32,2,40,0,23,48,29,100,0,44,44,144
01/18/2008,ROW,NM,ASW,WE,Combined TRACON& Tower with Radar,0,18,24,8,50,0,4,117,5,126,0,22,141,13,176,12,18,30,206
01/19/2008,ROW,NM,ASW,WE,Combined TRACON& Tower with Radar,0,7,39,4,50,0,4,11,0,15,0,11,50,4,65,8,0,8,73
01/20/2008,ROW,NM,ASW,WE,Combined TRACON& Tower with Radar,0,7,11,0,18,0,1,5,0,6,0,8,16,0,24,0,0,0,24
01/21/2008,ROW,NM,ASW,WE,Combined TRACON& Tower with Radar,0,8,24,0,32,0,1,4,0,5,0,9,28,0,37,20,0,20,57
01/22/2008,ROW,NM,ASW,WE,Combined TRACON& Tower with Radar,0,10,20,1,31,0,0,15,1,16,0,10,35,2,47,20,12,32,79
01/23/2008,ROW,NM,ASW,WE,Combined TRACON& Tower with Radar,0,14,46,52,112,0,6,11,1,18,0,20,57,53,130,0,84,84,214
01/24/2008,ROW,NM,ASW,WE,Combined TRACON& Tower with Radar,0,15,11,12,38,0,2,2,0,4,0,17,13,12,42,0,0,0,42
01/25/2008,ROW,NM,ASW,WE,Combined TRACON& Tower with Radar,0,15,19,72,106,0,7,11,2,20,0,22,30,74,126,10,26,36,162
01/26/2008,ROW,NM,ASW,WE,Combined TRACON& Tower with Radar,6,7,18,10,41,0,4,19,5,28,6,11,37,15,69,14,50,64,133
01/27/2008,ROW,NM,ASW,WE,Combined TRACON& Tower with Radar,0,6,4,69,79,0,0,2,0,2,0,6,6,69,81,0,62,62,143
01/28/2008,ROW,NM,ASW,WE,Combined TRACON& Tower with Radar,0,11,3,11,25,0,5,2,0,7,0,16,5,11,32,8,10,18,50
01/29/2008,ROW,NM,ASW,WE,Combined TRACON& Tower with Radar,0,18,16,19,53,0,8,6,0,14,0,26,22,19,67,0,0,0,67
01/30/2008,ROW,NM,ASW,WE,Combined TRACON& Tower with Radar,1,16,8,26,51,0,5,33,2,40,1,21,41,28,91,30,0,30,121
01/31/2008,ROW,NM,ASW,WE,Combined TRACON& Tower with Radar,1,13,5,31,50,0,7,7,0,14,1,20,12,31,64,22,38,60,124
02/01/2008,ROW,NM,ASW,WE,Combined TRACON& Tower with Radar,1,23,34,33,91,0,8,0,1,9,1,31,34,34,100,48,6,54,154
02/02/2008,ROW,NM,ASW,WE,Combined TRACON& Tower with Radar,1,11,7,11,30,0,4,4,5,13,1,15,11,16,43,14,66,80,123
02/03/2008,ROW,NM,ASW,WE,Combined TRACON& Tower with Radar,0,5,6,1,12,0,1,0,0,1,0,6,6,1,13,0,0,0,13
02/04/2008,ROW,NM,ASW,WE,Combined TRACON& Tower with Radar,0,13,7,49,69,0,2,4,3,9,0,15,11,52,78,12,22,34,112
02/05/2008,ROW,NM,ASW,WE,Combined TRACON& Tower with Radar,0,23,17,94,134,0,6,19,3,28,0,29,36,97,162,20,132,152,314
02/06/2008,ROW,NM,ASW,WE,Combined TRACON& Tower with Radar,0,13,29,72,114,0,3,20,1,24,0,16,49,73,138,16,52,68,206
02/07/2008,ROW,NM,ASW,WE,Combined TRACON& Tower with Radar,3,32,19,37,91,0,6,14,0,20,3,38,33,37,111,0,26,26,137
02/08/2008,ROW,NM,ASW,WE,Combined TRACON& Tower with Radar,0,22,13,55,90,0,6,10,18,34,0,28,23,73,124,0,32,32,156
02/10/2008,ROW,NM,ASW,WE,Combined TRACON& Tower with Radar,0,6,6,24,36,0,0,10,0,10,0,6,16,24,46,12,30,42,88
02/11/2008,ROW,NM,ASW,WE,Combined TRACON& Tower with Radar,0,16,31,74,121,0,3,10,1,14,0,19,41,75,135,30,86,116,251
02/12/2008,ROW,NM,ASW,WE,Combined TRACON& Tower with Radar,0,17,38,92,147,0,3,19,2,24,0,20,57,94,171,92,70,162,333
02/13/2008,ROW,NM,ASW,WE,Combined TRACON& Tower with Radar,0,17,16,64,97,0,4,20,0,24,0,21,36,64,121,38,76,114,235
02/14/2008,ROW,NM,ASW,WE,Combined TRACON& Tower with Radar,0,22,17,51,90,0,4,8,2,14,0,26,25,53,104,0,41,41,145
02/15/2008,ROW,NM,ASW,WE,Combined TRACON& Tower with Radar,0,29,23,72,124,0,1,2,33,36,0,30,25,105,160,2,70,72,232
02/16/2008,ROW,NM,ASW,WE,Combined TRACON& Tower with Radar,0,12,4,1,17,0,1,1,2,4,0,13,5,3,21,0,0,0,21
02/17/2008,ROW,NM,ASW,WE,Combined TRACON& Tower with Radar,0,2,8,97,107,0,0,36,1,37,0,2,44,98,144,0,30,30,174
02/18/2008,ROW,NM,ASW,WE,Combined TRACON& Tower with Radar,2,11,16,0,29,0,3,12,0,15,2,14,28,0,44,16,0,16,60
02/19/2008,ROW,NM,ASW,WE,Combined TRACON& Tower with Radar,0,20,20,58,98,0,4,15,1,20,0,24,35,59,118,4,62,66,184
02/20/2008,ROW,NM,ASW,WE,Combined TRACON& Tower with Radar,2,14,28,27,71,0,3,13,4,20,2,17,41,31,91,1,62,63,154
02/21/2008,ROW,NM,ASW,WE,Combined TRACON& Tower with Radar,0,17,17,22,56,0,3,14,6,23,0,20,31,28,79,0,84,84,163
02/22/2008,ROW,NM,ASW,WE,Combined TRACON& Tower with Radar,0,25,12,99,136,0,5,14,8,27,0,30,26,107,163,0,134,134,297
02/23/2008,ROW,NM,ASW,WE,Combined TRACON& Tower with Radar,0,11,14,0,25,0,4,4,0,8,0,15,18,0,33,0,0,0,33
02/24/2008,ROW,NM,ASW,WE,Combined TRACON& Tower with Radar,0,9,11,5,25,0,1,28,0,29,0,10,39,5,54,54,0,54,108
02/25/2008,ROW,NM,ASW,WE,Combined TRACON& Tower with Radar,3,12,6,6,27,0,2,2,1,5,3,14,8,7,32,0,0,0,32
02/26/2008,ROW,NM,ASW,WE,Combined TRACON& Tower with Radar,0,17,20,17,54,0,9,29,1,39,0,26,49,18,93,48,0,48,141
02/27/2008,ROW,NM,ASW,WE,Combined TRACON& Tower with Radar,1,14,38,32,85,0,6,17,13,36,1,20,55,45,121,34,36,70,191
02/28/2008,ROW,NM,ASW,WE,Combined TRACON& Tower with Radar,0,16,30,29,75,0,9,63,2,74,0,25,93,31,149,48,12,60,209
02/29/2008,ROW,NM,ASW,WE,Combined TRACON& Tower with Radar,0,14,21,23,58,0,11,16,0,27,0,25,37,23,85,44,18,62,147
03/01/2008,ROW,NM,ASW,WE,Combined TRACON& Tower with Radar,0,12,4,2,18,0,4,7,0,11,0,16,11,2,29,0,0,0,29
03/02/2008,ROW,NM,ASW,WE,Combined TRACON& Tower with Radar,0,7,11,9,27,0,0,5,0,5,0,7,16,9,32,6,6,12,44
03/03/2008,ROW,NM,ASW,WE,Combined TRACON& Tower with Radar,0,14,20,1,35,0,2,32,0,34,0,16,52,1,69,0,0,0,69
03/04/2008,ROW,NM,ASW,WE,Combined TRACON& Tower with Radar,0,20,36,21,77,0,5,88,1,94,0,25,124,22,171,20,40,60,231
03/05/2008,ROW,NM,ASW,WE,Combined TRACON& Tower with Radar,0,22,17,47,86,0,1,24,0,25,0,23,41,47,111,41,20,61,172
03/06/2008,ROW,NM,ASW,WE,Combined TRACON& Tower with Radar,2,22,25,106,155,0,4,8,4,16,2,26,33,110,171,14,64,78,249
03/07/2008,ROW,NM,ASW,WE,Combined TRACON& Tower with Radar,0,18,18,32,68,0,6,13,4,23,0,24,31,36,91,0,3,3,94
03/08/2008,ROW,NM,ASW,WE,Combined TRACON& Tower with Radar,0,10,13,1,24,0,1,20,4,25,0,11,33,5,49,0,4,4,53
03/09/2008,ROW,NM,ASW,WE,Combined TRACON& Tower with Radar,0,6,5,3,14,0,0,45,0,45,0,6,50,3,59,8,0,8,67
03/10/2008,ROW,NM,ASW,WE,Combined TRACON& Tower with Radar,0,20,20,15,55,0,1,23,13,37,0,21,43,28,92,15,32,47,139
03/11/2008,ROW,NM,ASW,WE,Combined TRACON& Tower with Radar,0,20,47,8,75,0,3,77,0,80,0,23,124,8,155,40,44,84,239
03/12/2008,ROW,NM,ASW,WE,Combined TRACON& Tower with Radar,0,30,43,43,116,0,5,82,61,148,0,35,125,104,264,0,66,66,330
03/13/2008,ROW,NM,ASW,WE,Combined TRACON& Tower with Radar,1,21,20,94,136,0,2,20,8,30,1,23,40,102,166,20,96,116,282
03/14/2008,ROW,NM,ASW,WE,Combined TRACON& Tower with Radar,0,23,34,41,98,0,5,8,6,19,0,28,42,47,117,0,18,18,135
03/15/2008,ROW,NM,ASW,WE,Combined TRACON& Tower with Radar,1,10,8,9,28,0,2,123,4,129,1,12,131,13,157,0,0,0,157
03/16/2008,ROW,NM,ASW,WE,Combined TRACON& Tower with Radar,2,6,7,8,23,0,0,10,0,10,2,6,17,8,33,30,0,30,63
03/17/2008,ROW,NM,ASW,WE,Combined TRACON& Tower with Radar,0,16,18,53,87,0,0,14,2,16,0,16,32,55,103,52,14,66,169
03/18/2008,ROW,NM,ASW,WE,Combined TRACON& Tower with Radar,0,21,14,106,141,0,1,49,8,58,0,22,63,114,199,0,66,66,265
03/19/2008,ROW,NM,ASW,WE,Combined TRACON& Tower with Radar,0,15,47,55,117,0,3,19,0,22,0,18,66,55,139,14,50,64,203
03/20/2008,ROW,NM,ASW,WE,Combined TRACON& Tower with Radar,0,18,25,17,60,0,2,23,0,25,0,20,48,17,85,18,16,34,119
03/21/2008,ROW,NM,ASW,WE,Combined TRACON& Tower with Radar,0,14,20,16,50,0,7,12,1,20,0,21,32,17,70,0,10,10,80
03/22/2008,ROW,NM,ASW,WE,Combined TRACON& Tower with Radar,0,8,3,18,29,0,4,41,0,45,0,12,44,18,74,2,0,2,76
03/23/2008,ROW,NM,ASW,WE,Combined TRACON& Tower with Radar,0,6,4,0,10,0,0,5,0,5,0,6,9,0,15,0,0,0,15
03/24/2008,ROW,NM,ASW,WE,Combined TRACON& Tower with Radar,0,19,14,17,50,0,0,10,0,10,0,19,24,17,60,0,0,0,60
03/25/2008,ROW,NM,ASW,WE,Combined TRACON& Tower with Radar,0,25,10,34,69,0,5,63,1,69,0,30,73,35,138,30,34,64,202
03/26/2008,ROW,NM,ASW,WE,Combined TRACON& Tower with Radar,0,20,20,28,68,0,4,11,3,18,0,24,31,31,86,14,52,66,152
03/27/2008,ROW,NM,ASW,WE,Combined TRACON& Tower with Radar,0,15,40,19,74,0,4,14,0,18,0,19,54,19,92,8,0,8,100
03/28/2008,ROW,NM,ASW,WE,Combined TRACON& Tower with Radar,1,26,12,67,106,0,6,84,0,90,1,32,96,67,196,32,84,116,312
03/29/2008,ROW,NM,ASW,WE,Combined TRACON& Tower with Radar,1,12,24,0,37,0,4,82,0,86,1,16,106,0,123,0,0,0,123
03/30/2008,ROW,NM,ASW,WE,Combined TRACON& Tower with Radar,0,4,13,81,98,0,0,11,0,11,0,4,24,81,109,0,6,6,115
03/31/2008,ROW,NM,ASW,WE,Combined TRACON& Tower with Radar,0,19,40,60,119,0,4,7,0,11,0,23,47,60,130,0,8,8,138
04/01/2008,ROW,NM,ASW,WE,Combined TRACON& Tower with Radar,0,17,51,11,79,0,6,10,0,16,0,23,61,11,95,28,8,36,131
04/02/2008,ROW,NM,ASW,WE,Combined TRACON& Tower with Radar,0,16,22,33,71,0,5,16,0,21,0,21,38,33,92,12,86,98,190
04/03/2008,ROW,NM,ASW,WE,Combined TRACON& Tower with Radar,0,16,23,6,45,0,7,13,0,20,0,23,36,6,65,4,8,12,77
04/04/2008,ROW,NM,ASW,WE,Combined TRACON& Tower with Radar,1,14,47,39,101,0,9,76,9,94,1,23,123,48,195,52,116,168,363
04/05/2008,ROW,NM,ASW,WE,Combined TRACON& Tower with Radar,0,17,10,0,27,0,2,37,0,39,0,19,47,0,66,12,0,12,78
04/06/2008,ROW,NM,ASW,WE,Combined TRACON& Tower with Radar,0,5,55,2,62,0,1,15,1,17,0,6,70,3,79,0,0,0,79
04/07/2008,ROW,NM,ASW,WE,Combined TRACON& Tower with Radar,0,18,9,45,72,0,0,40,0,40,0,18,49,45,112,0,82,82,194
04/08/2008,ROW,NM,ASW,WE,Combined TRACON& Tower with Radar,0,14,21,43,78,0,6,32,1,39,0,20,53,44,117,8,34,42,159
04/09/2008,ROW,NM,ASW,WE,Combined TRACON& Tower with Radar,0,28,13,76,117,0,0,7,0,7,0,28,20,76,124,7,128,135,259
04/10/2008,ROW,NM,ASW,WE,Combined TRACON& Tower with Radar,0,29,26,1,56,0,5,10,3,18,0,34,36,4,74,4,2,6,80
04/11/2008,ROW,NM,ASW,WE,Combined TRACON& Tower with Radar,1,16,29,8,54,0,9,14,0,23,1,25,43,8,77,0,26,26,103
04/12/2008,ROW,NM,ASW,WE,Combined TRACON& Tower with Radar,0,8,12,3,23,0,3,95,0,98,0,11,107,3,121,66,0,66,187
04/13/2008,ROW,NM,ASW,WE,Combined TRACON& Tower with Radar,0,9,11,0,20,0,0,10,0,10,0,9,21,0,30,0,0,0,30
04/14/2008,ROW,NM,ASW,WE,Combined TRACON& Tower with Radar,0,1,20,3,24,0,0,0,0,0,0,1,20,3,24,0,6,6,30
04/15/2008,ROW,NM,ASW,WE,Combined TRACON& Tower with Radar,1,14,23,51,89,0,4,14,0,18,1,18,37,51,107,4,32,36,143
04/16/2008,ROW,NM,ASW,WE,Combined TRACON& Tower with Radar,0,17,19,42,78,0,9,9,4,22,0,26,28,46,100,42,28,70,170
04/17/2008,ROW,NM,ASW,WE,Combined TRACON& Tower with Radar,1,14,18,60,93,0,4,10,0,14,1,18,28,60,107,80,10,90,197
04/18/2008,ROW,NM,ASW,WE,Combined TRACON& Tower with Radar,3,13,21,12,49,0,11,78,2,91,3,24,99,14,140,140,0,140,280
04/19/2008,ROW,NM,ASW,WE,Combined TRACON& Tower with Radar,0,9,7,0,16,0,3,7,0,10,0,12,14,0,26,0,36,36,62
04/20/2008,ROW,NM,ASW,WE,Combined TRACON& Tower with Radar,0,8,22,3,33,0,0,10,0,10,0,8,32,3,43,0,0,0,43
04/21/2008,ROW,NM,ASW,WE,Combined TRACON& Tower with Radar,0,19,23,16,58,0,3,16,26,45,0,22,39,42,103,0,38,38,141
04/22/2008,ROW,NM,ASW,WE,Combined TRACON& Tower with Radar,0,18,18,53,89,0,8,18,0,26,0,26,36,53,115,58,114,172,287
04/23/2008,ROW,NM,ASW,WE,Combined TRACON& Tower with Radar,0,21,17,45,83,0,9,4,3,16,0,30,21,48,99,0,90,90,189
04/24/2008,ROW,NM,ASW,WE,Combined TRACON& Tower with Radar,0,16,40,40,96,0,6,50,3,59,0,22,90,43,155,0,12,12,167
04/25/2008,ROW,NM,ASW,WE,Combined TRACON& Tower with Radar,4,20,26,46,96,0,11,32,2,45,4,31,58,48,141,0,18,18,159
04/26/2008,ROW,NM,ASW,WE,Combined TRACON& Tower with Radar,2,9,10,1,22,0,1,34,0,35,2,10,44,1,57,4,0,4,61
04/27/2008,ROW,NM,ASW,WE,Combined TRACON& Tower with Radar,2,7,12,0,21,0,0,58,0,58,2,7,70,0,79,0,0,0,79
04/28/2008,ROW,NM,ASW,WE,Combined TRACON& Tower with Radar,0,17,12,30,59,0,5,20,0,25,0,22,32,30,84,4,12,16,100
04/29/2008,ROW,NM,ASW,WE,Combined TRACON& Tower with Radar,0,16,12,70,98,0,4,134,22,160,0,20,146,92,258,6,8,14,272
04/30/2008,ROW,NM,ASW,WE,Combined TRACON& Tower with Radar,1,16,16,35,68,0,7,14,21,42,1,23,30,56,110,0,10,10,120
05/01/2008,ROW,NM,ASW,WE,Combined TRACON& Tower with Radar,0,18,16,18,52,0,6,6,0,12,0,24,22,18,64,6,0,6,70
05/02/2008,ROW,NM,ASW,WE,Combined TRACON& Tower with Radar,2,15,14,25,56,0,6,13,5,24,2,21,27,30,80,2,18,20,100
05/03/2008,ROW,NM,ASW,WE,Combined TRACON& Tower with Radar,1,6,6,0,13,0,5,116,6,127,1,11,122,6,140,105,0,105,245
05/04/2008,ROW,NM,ASW,WE,Combined TRACON& Tower with Radar,2,9,14,9,34,0,1,21,0,22,2,10,35,9,56,90,0,90,146
05/05/2008,ROW,NM,ASW,WE,Combined TRACON& Tower with Radar,0,16,15,2,33,0,2,10,0,12,0,18,25,2,45,0,0,0,45
05/06/2008,ROW,NM,ASW,WE,Combined TRACON& Tower with Radar,0,22,23,25,70,0,0,4,1,5,0,22,27,26,75,0,58,58,133
05/07/2008,ROW,NM,ASW,WE,Combined TRACON& Tower with Radar,3,18,10,29,60,0,8,7,1,16,3,26,17,30,76,0,8,8,84
05/08/2008,ROW,NM,ASW,WE,Combined TRACON& Tower with Radar,2,13,34,15,64,0,4,87,1,92,2,17,121,16,156,34,8,42,198
05/09/2008,ROW,NM,ASW,WE,Combined TRACON& Tower with Radar,2,16,22,46,86,0,9,37,0,46,2,25,59,46,132,0,0,0,132
05/10/2008,ROW,NM,ASW,WE,Combined TRACON& Tower with Radar,1,11,15,1,28,0,3,106,0,109,1,14,121,1,137,8,0,8,145
05/11/2008,ROW,NM,ASW,WE,Combined TRACON& Tower with Radar,0,6,17,0,23,0,2,6,0,8,0,8,23,0,31,3,0,3,34
05/12/2008,ROW,NM,ASW,WE,Combined TRACON& Tower with Radar,0,15,11,18,44,0,5,6,0,11,0,20,17,18,55,26,6,32,87
05/13/2008,ROW,NM,ASW,WE,Combined TRACON& Tower with Radar,2,25,22,27,76,0,7,16,6,29,2,32,38,33,105,14,10,24,129
05/14/2008,ROW,NM,ASW,WE,Combined TRACON& Tower with Radar,0,21,25,21,67,0,1,32,0,33,0,22,57,21,100,16,66,82,182
05/15/2008,ROW,NM,ASW,WE,Combined TRACON& Tower with Radar,1,29,25,54,109,0,2,74,0,76,1,31,99,54,185,60,24,84,269
05/16/2008,ROW,NM,ASW,WE,Combined TRACON& Tower with Radar,1,15,11,54,81,0,7,30,0,37,1,22,41,54,118,10,36,46,164
05/17/2008,ROW,NM,ASW,WE,Combined TRACON& Tower with Radar,2,9,10,0,21,0,2,19,2,23,2,11,29,2,44,0,0,0,44
05/18/2008,ROW,NM,ASW,WE,Combined TRACON& Tower with Radar,1,8,9,7,25,0,0,11,0,11,1,8,20,7,36,10,14,24,60
05/19/2008,ROW,NM,ASW,WE,Combined TRACON& Tower with Radar,1,17,28,3,49,0,7,13,19,39,1,24,41,22,88,3,0,3,91
05/20/2008,ROW,NM,ASW,WE,Combined TRACON& Tower with Radar,2,16,14,28,60,0,8,23,10,41,2,24,37,38,101,8,22,30,131
05/21/2008,ROW,NM,ASW,WE,Combined TRACON& Tower with Radar,5,23,10,41,79,0,6,148,2,156,5,29,158,43,235,2,54,56,291
05/22/2008,ROW,NM,ASW,WE,Combined TRACON& Tower with Radar,2,16,11,27,56,0,5,3,0,8,2,21,14,27,64,0,46,46,110
05/23/2008,ROW,NM,ASW,WE,Combined TRACON& Tower with Radar,2,20,13,19,54,0,7,45,1,53,2,27,58,20,107,0,18,18,125
05/24/2008,ROW,NM,ASW,WE,Combined TRACON& Tower with Radar,3,5,11,0,19,0,0,125,0,125,3,5,136,0,144,12,0,12,156
05/25/2008,ROW,NM,ASW,WE,Combined TRACON& Tower with Radar,0,8,13,0,21,0,0,5,0,5,0,8,18,0,26,0,0,0,26
05/26/2008,ROW,NM,ASW,WE,Combined TRACON& Tower with Radar,0,7,14,0,21,0,0,11,0,11,0,7,25,0,32,0,0,0,32
05/27/2008,ROW,NM,ASW,WE,Combined TRACON& Tower with Radar,0,14,17,26,57,0,8,17,0,25,0,22,34,26,82,13,4,17,99
05/28/2008,ROW,NM,ASW,WE,Combined TRACON& Tower with Radar,5,18,27,47,97,0,4,7,0,11,5,22,34,47,108,0,38,38,146
05/29/2008,ROW,NM,ASW,WE,Combined TRACON& Tower with Radar,2,14,19,21,56,0,7,18,0,25,2,21,37,21,81,14,54,68,149
05/30/2008,ROW,NM,ASW,WE,Combined TRACON& Tower with Radar,1,14,23,70,108,0,9,21,1,31,1,23,44,71,139,20,94,114,253
05/31/2008,ROW,NM,ASW,WE,Combined TRACON& Tower with Radar,0,7,30,6,43,0,5,321,16,342,0,12,351,22,385,26,4,30,415
06/01/2008,ROW,NM,ASW,WE,Combined TRACON& Tower with Radar,0,7,13,14,34,0,0,17,0,17,0,7,30,14,51,6,4,10,61
06/02/2008,ROW,NM,ASW,WE,Combined TRACON& Tower with Radar,0,9,21,18,48,0,66,17,0,83,0,75,38,18,131,0,1,1,132
06/03/2008,ROW,NM,ASW,WE,Combined TRACON& Tower with Radar,2,21,13,59,95,0,5,26,1,32,2,26,39,60,127,18,82,100,227
06/04/2008,ROW,NM,ASW,WE,Combined TRACON& Tower with Radar,1,18,22,42,83,0,8,19,0,27,1,26,41,42,110,52,34,86,196
06/05/2008,ROW,NM,ASW,WE,Combined TRACON& Tower with Radar,0,15,12,47,74,0,7,18,2,27,0,22,30,49,101,16,10,26,127
06/06/2008,ROW,NM,ASW,WE,Combined TRACON& Tower with Radar,3,14,18,26,61,0,10,93,11,114,3,24,111,37,175,14,24,38,213
06/07/2008,ROW,NM,ASW,WE,Combined TRACON& Tower with Radar,1,11,8,6,26,0,6,67,4,77,1,17,75,10,103,14,0,14,117
06/08/2008,ROW,NM,ASW,WE,Combined TRACON& Tower with Radar,4,8,10,0,22,0,0,139,0,139,4,8,149,0,161,6,0,6,167
06/09/2008,ROW,NM,ASW,WE,Combined TRACON& Tower with Radar,0,15,23,32,70,0,6,8,1,15,0,21,31,33,85,12,22,34,119
06/10/2008,ROW,NM,ASW,WE,Combined TRACON& Tower with Radar,0,21,12,8,41,0,2,143,9,154,0,23,155,17,195,24,0,24,219
06/11/2008,ROW,NM,ASW,WE,Combined TRACON& Tower with Radar,4,9,19,35,67,0,2,66,6,74,4,11,85,41,141,1,48,49,190
06/12/2008,ROW,NM,ASW,WE,Combined TRACON& Tower with Radar,3,13,9,31,56,0,6,16,1,23,3,19,25,32,79,40,44,84,163
06/13/2008,ROW,NM,ASW,WE,Combined TRACON& Tower with Radar,1,14,11,33,59,0,12,71,6,89,1,26,82,39,148,0,0,0,148
06/14/2008,ROW,NM,ASW,WE,Combined TRACON& Tower with Radar,1,8,11,29,49,0,5,13,0,18,1,13,24,29,67,0,12,12,79
06/15/2008,ROW,NM,ASW,WE,Combined TRACON& Tower with Radar,2,4,4,26,36,0,0,2,8,10,2,4,6,34,46,0,80,80,126
06/16/2008,ROW,NM,ASW,WE,Combined TRACON& Tower with Radar,0,13,8,71,92,0,5,131,16,152,0,18,139,87,244,0,0,0,244
06/17/2008,ROW,NM,ASW,WE,Combined TRACON& Tower with Radar,1,14,21,23,59,0,4,21,0,25,1,18,42,23,84,2,32,34,118
06/18/2008,ROW,NM,ASW,WE,Combined TRACON& Tower with Radar,4,15,10,34,63,0,10,10,2,22,4,25,20,36,85,0,0,0,85
06/19/2008,ROW,NM,ASW,WE,Combined TRACON& Tower with Radar,1,12,23,52,88,0,6,66,14,86,1,18,89,66,174,12,58,70,244
06/20/2008,ROW,NM,ASW,WE,Combined TRACON& Tower with Radar,1,11,12,91,115,0,6,178,14,198,1,17,190,105,313,52,58,110,423
06/21/2008,ROW,NM,ASW,WE,Combined TRACON& Tower with Radar,2,6,6,51,65,0,0,60,0,60,2,6,66,51,125,36,12,48,173
06/22/2008,ROW,NM,ASW,WE,Combined TRACON& Tower with Radar,0,7,5,22,34,0,0,182,0,182,0,7,187,22,216,10,12,22,238
06/23/2008,ROW,NM,ASW,WE,Combined TRACON& Tower with Radar,0,10,9,11,30,0,6,60,1,67,0,16,69,12,97,14,1,15,112
06/24/2008,ROW,NM,ASW,WE,Combined TRACON& Tower with Radar,0,17,7,22,46,0,6,18,2,26,0,23,25,24,72,0,19,19,91
06/25/2008,ROW,NM,ASW,WE,Combined TRACON& Tower with Radar,1,15,9,4,29,0,4,16,1,21,1,19,25,5,50,0,0,0,50
06/26/2008,ROW,NM,ASW,WE,Combined TRACON& Tower with Radar,0,28,8,32,68,0,5,31,2,38,0,33,39,34,106,14,12,26,132
06/27/2008,ROW,NM,ASW,WE,Combined TRACON& Tower with Radar,3,16,3,25,47,0,6,45,2,53,3,22,48,27,100,0,22,22,122
06/28/2008,ROW,NM,ASW,WE,Combined TRACON& Tower with Radar,1,8,7,2,18,0,3,13,0,16,1,11,20,2,34,0,0,0,34
06/29/2008,ROW,NM,ASW,WE,Combined TRACON& Tower with Radar,0,10,11,0,21,0,0,6,0,6,0,10,17,0,27,0,0,0,27
06/30/2008,ROW,NM,ASW,WE,Combined TRACON& Tower with Radar,0,19,12,45,76,0,5,8,1,14,0,24,20,46,90,4,35,39,129
07/01/2008,ROW,NM,ASW,WE,Combined TRACON& Tower with Radar,0,22,39,58,119,0,3,52,46,101,0,25,91,104,220,12,0,12,232
07/02/2008,ROW,NM,ASW,WE,Combined TRACON& Tower with Radar,1,9,26,0,36,0,5,142,0,147,1,14,168,0,183,0,0,0,183
07/03/2008,ROW,NM,ASW,WE,Combined TRACON& Tower with Radar,2,13,16,13,44,0,6,26,4,36,2,19,42,17,80,14,6,20,100
07/04/2008,ROW,NM,ASW,WE,Combined TRACON& Tower with Radar,0,9,5,0,14,0,2,31,0,33,0,11,36,0,47,282,0,282,329
07/05/2008,ROW,NM,ASW,WE,Combined TRACON& Tower with Radar,2,8,2,0,12,0,1,180,0,181,2,9,182,0,193,4,0,4,197
07/06/2008,ROW,NM,ASW,WE,Combined TRACON& Tower with Radar,1,13,4,0,18,0,0,159,0,159,1,13,163,0,177,2,0,2,179
07/07/2008,ROW,NM,ASW,WE,Combined TRACON& Tower with Radar,0,13,6,3,22,0,4,104,1,109,0,17,110,4,131,8,0,8,139
07/08/2008,ROW,NM,ASW,WE,Combined TRACON& Tower with Radar,1,19,23,23,66,0,1,47,0,48,1,20,70,23,114,48,22,70,184
07/09/2008,ROW,NM,ASW,WE,Combined TRACON& Tower with Radar,2,20,32,0,54,0,0,5,0,5,2,20,37,0,59,0,0,0,59
07/10/2008,ROW,NM,ASW,WE,Combined TRACON& Tower with Radar,1,19,10,5,35,0,1,9,0,10,1,20,19,5,45,22,0,22,67
07/11/2008,ROW,NM,ASW,WE,Combined TRACON& Tower with Radar,4,15,5,53,77,0,5,150,3,158,4,20,155,56,235,44,62,106,341
07/12/2008,ROW,NM,ASW,WE,Combined TRACON& Tower with Radar,0,8,6,2,16,0,2,220,2,224,0,10,226,4,240,6,0,6,246
07/13/2008,ROW,NM,ASW,WE,Combined TRACON& Tower with Radar,2,6,6,2,16,0,0,117,0,117,2,6,123,2,133,10,0,10,143
07/14/2008,ROW,NM,ASW,WE,Combined TRACON& Tower with Radar,0,16,15,12,43,0,6,39,0,45,0,22,54,12,88,0,0,0,88
07/15/2008,ROW,NM,ASW,WE,Combined TRACON& Tower with Radar,0,12,28,5,45,0,8,15,18,41,0,20,43,23,86,0,0,0,86
07/16/2008,ROW,NM,ASW,WE,Combined TRACON& Tower with Radar,1,16,11,13,41,0,1,53,2,56,1,17,64,15,97,10,24,34,131
07/17/2008,ROW,NM,ASW,WE,Combined TRACON& Tower with Radar,2,11,3,53,69,0,6,78,19,103,2,17,81,72,172,0,0,0,172
07/18/2008,ROW,NM,ASW,WE,Combined TRACON& Tower with Radar,0,10,13,29,52,0,9,46,1,56,0,19,59,30,108,14,36,50,158
07/19/2008,ROW,NM,ASW,WE,Combined TRACON& Tower with Radar,1,9,9,0,19,0,2,119,0,121,1,11,128,0,140,6,0,6,146
07/20/2008,ROW,NM,ASW,WE,Combined TRACON& Tower with Radar,1,11,14,35,61,0,0,444,1,445,1,11,458,36,506,8,12,20,526
07/21/2008,ROW,NM,ASW,WE,Combined TRACON& Tower with Radar,1,12,11,40,64,0,3,96,13,112,1,15,107,53,176,0,26,26,202
07/22/2008,ROW,NM,ASW,WE,Combined TRACON& Tower with Radar,0,16,27,24,67,0,3,32,40,75,0,19,59,64,142,2,52,54,196
07/23/2008,ROW,NM,ASW,WE,Combined TRACON& Tower with Radar,2,10,21,68,101,0,3,19,36,58,2,13,40,104,159,0,24,24,183
07/24/2008,ROW,NM,ASW,WE,Combined TRACON& Tower with Radar,2,12,29,20,63,0,6,128,0,134,2,18,157,20,197,0,0,0,197
07/25/2008,ROW,NM,ASW,WE,Combined TRACON& Tower with Radar,4,13,31,46,94,0,12,240,1,253,4,25,271,47,347,0,20,20,367
07/26/2008,ROW,NM,ASW,WE,Combined TRACON& Tower with Radar,5,10,8,11,34,2,2,198,0,202,7,12,206,11,236,0,0,0,236
07/27/2008,ROW,NM,ASW,WE,Combined TRACON& Tower with Radar,0,9,16,0,25,0,0,16,0,16,0,9,32,0,41,14,0,14,55
07/28/2008,ROW,NM,ASW,WE,Combined TRACON& Tower with Radar,1,14,12,56,83,0,3,31,25,59,1,17,43,81,142,0,34,34,176
07/29/2008,ROW,NM,ASW,WE,Combined TRACON& Tower with Radar,0,13,6,28,47,0,7,20,12,39,0,20,26,40,86,0,60,60,146
07/30/2008,ROW,NM,ASW,WE,Combined TRACON& Tower with Radar,3,25,9,10,47,0,5,32,1,38,3,30,41,11,85,0,10,10,95
07/31/2008,ROW,NM,ASW,WE,Combined TRACON& Tower with Radar,2,13,16,31,62,0,6,55,0,61,2,19,71,31,123,0,8,8,131
08/01/2008,ROW,NM,ASW,WE,Combined TRACON& Tower with Radar,1,13,20,52,86,0,8,16,0,24,1,21,36,52,110,32,8,40,150
08/02/2008,ROW,NM,ASW,WE,Combined TRACON& Tower with Radar,4,4,7,0,15,0,3,237,0,240,4,7,244,0,255,26,0,26,281
08/03/2008,ROW,NM,ASW,WE,Combined TRACON& Tower with Radar,0,7,11,7,25,0,0,8,0,8,0,7,19,7,33,22,0,22,55
08/04/2008,ROW,NM,ASW,WE,Combined TRACON& Tower with Radar,0,17,11,0,28,0,3,34,0,37,0,20,45,0,65,14,0,14,79
08/05/2008,ROW,NM,ASW,WE,Combined TRACON& Tower with Radar,0,25,37,45,107,0,5,13,1,19,0,30,50,46,126,24,44,68,194
08/06/2008,ROW,NM,ASW,WE,Combined TRACON& Tower with Radar,3,9,39,39,90,0,8,39,3,50,3,17,78,42,140,0,48,48,188
08/07/2008,ROW,NM,ASW,WE,Combined TRACON& Tower with Radar,2,10,25,43,80,0,4,68,1,73,2,14,93,44,153,0,6,6,159
08/08/2008,ROW,NM,ASW,WE,Combined TRACON& Tower with Radar,1,18,13,11,43,0,8,32,8,48,1,26,45,19,91,0,16,16,107
08/09/2008,ROW,NM,ASW,WE,Combined TRACON& Tower with Radar,2,5,8,0,15,0,2,204,0,206,2,7,212,0,221,14,0,14,235
08/10/2008,ROW,NM,ASW,WE,Combined TRACON& Tower with Radar,2,5,11,9,27,0,1,73,0,74,2,6,84,9,101,8,0,8,109
08/11/2008,ROW,NM,ASW,WE,Combined TRACON& Tower with Radar,1,13,8,10,32,0,6,9,0,15,1,19,17,10,47,32,14,46,93
08/12/2008,ROW,NM,ASW,WE,Combined TRACON& Tower with Radar,0,13,19,49,81,0,8,19,1,28,0,21,38,50,109,20,130,150,259
08/13/2008,ROW,NM,ASW,WE,Combined TRACON& Tower with Radar,3,21,13,45,82,0,8,19,0,27,3,29,32,45,109,20,26,46,155
08/14/2008,ROW,NM,ASW,WE,Combined TRACON& Tower with Radar,2,9,11,16,38,0,10,11,2,23,2,19,22,18,61,8,2,10,71
08/15/2008,ROW,NM,ASW,WE,Combined TRACON& Tower with Radar,0,30,19,49,98,0,6,22,1,29,0,36,41,50,127,12,62,74,201
08/16/2008,ROW,NM,ASW,WE,Combined TRACON& Tower with Radar,0,12,11,2,25,0,1,0,1,2,0,13,11,3,27,0,0,0,27
08/17/2008,ROW,NM,ASW,WE,Combined TRACON& Tower with Radar,1,8,14,26,49,0,0,10,1,11,1,8,24,27,60,0,22,22,82
08/18/2008,ROW,NM,ASW,WE,Combined TRACON& Tower with Radar,2,14,12,53,81,0,7,24,0,31,2,21,36,53,112,0,52,52,164
08/19/2008,ROW,NM,ASW,WE,Combined TRACON& Tower with Radar,2,17,16,38,73,0,4,8,8,20,2,21,24,46,93,0,32,32,125
08/20/2008,ROW,NM,ASW,WE,Combined TRACON& Tower with Radar,1,12,11,7,31,0,8,5,1,14,1,20,16,8,45,0,12,12,57
08/21/2008,ROW,NM,ASW,WE,Combined TRACON& Tower with Radar,2,23,17,54,96,0,13,17,6,36,2,36,34,60,132,18,42,60,192
08/22/2008,ROW,NM,ASW,WE,Combined TRACON& Tower with Radar,2,15,28,89,134,0,9,22,4,35,2,24,50,93,169,0,12,12,181
08/23/2008,ROW,NM,ASW,WE,Combined TRACON& Tower with Radar,0,8,3,2,13,0,3,7,0,10,0,11,10,2,23,10,0,10,33
08/24/2008,ROW,NM,ASW,WE,Combined TRACON& Tower with Radar,0,9,14,28,51,0,0,15,4,19,0,9,29,32,70,0,16,16,86
08/25/2008,ROW,NM,ASW,WE,Combined TRACON& Tower with Radar,2,12,22,22,58,0,6,31,2,39,2,18,53,24,97,28,18,46,143
08/26/2008,ROW,NM,ASW,WE,Combined TRACON& Tower with Radar,3,9,15,15,42,0,4,24,1,29,3,13,39,16,71,12,4,16,87
08/27/2008,ROW,NM,ASW,WE,Combined TRACON& Tower with Radar,1,9,31,13,54,0,8,14,0,22,1,17,45,13,76,18,11,29,105
08/28/2008,ROW,NM,ASW,WE,Combined TRACON& Tower with Radar,0,19,25,30,74,0,9,9,1,19,0,28,34,31,93,0,68,68,161
08/29/2008,ROW,NM,ASW,WE,Combined TRACON& Tower with Radar,0,15,11,3,29,1,13,12,0,26,1,28,23,3,55,0,4,4,59
08/30/2008,ROW,NM,ASW,WE,Combined TRACON& Tower with Radar,0,11,8,1,20,0,5,9,0,14,0,16,17,1,34,0,0,0,34
08/31/2008,ROW,NM,ASW,WE,Combined TRACON& Tower with Radar,0,8,10,0,18,0,0,2,0,2,0,8,12,0,20,0,0,0,20
09/01/2008,ROW,NM,ASW,WE,Combined TRACON& Tower with Radar,0,7,5,0,12,0,0,49,0,49,0,7,54,0,61,0,0,0,61
09/02/2008,ROW,NM,ASW,WE,Combined TRACON& Tower with Radar,0,24,35,4,63,0,9,21,0,30,0,33,56,4,93,2,82,84,177
09/03/2008,ROW,NM,ASW,WE,Combined TRACON& Tower with Radar,0,20,16,26,62,0,5,19,1,25,0,25,35,27,87,11,66,77,164
09/04/2008,ROW,NM,ASW,WE,Combined TRACON& Tower with Radar,0,17,14,15,46,0,9,32,0,41,0,26,46,15,87,8,0,8,95
09/05/2008,ROW,NM,ASW,WE,Combined TRACON& Tower with Radar,0,18,26,39,83,0,9,16,0,25,0,27,42,39,108,0,40,40,148
09/06/2008,ROW,NM,ASW,WE,Combined TRACON& Tower with Radar,2,10,9,8,29,0,3,20,0,23,2,13,29,8,52,3,0,3,55
09/07/2008,ROW,NM,ASW,WE,Combined TRACON& Tower with Radar,0,14,8,31,53,0,0,3,1,4,0,14,11,32,57,0,6,6,63
09/08/2008,ROW,NM,ASW,WE,Combined TRACON& Tower with Radar,1,14,6,6,27,3,2,9,0,14,4,16,15,6,41,0,0,0,41
09/09/2008,ROW,NM,ASW,WE,Combined TRACON& Tower with Radar,0,28,22,118,168,0,3,7,0,10,0,31,29,118,178,58,52,110,288
09/10/2008,ROW,NM,ASW,WE,Combined TRACON& Tower with Radar,0,15,12,8,35,0,4,2,0,6,0,19,14,8,41,0,64,64,105
09/11/2008,ROW,NM,ASW,WE,Combined TRACON& Tower with Radar,1,16,37,38,92,0,2,0,0,2,1,18,37,38,94,0,0,0,94
09/12/2008,ROW,NM,ASW,WE,Combined TRACON& Tower with Radar,0,16,15,27,58,0,6,4,3,13,0,22,19,30,71,32,74,106,177
09/13/2008,ROW,NM,ASW,WE,Combined TRACON& Tower with Radar,1,9,11,12,33,0,7,18,0,25,1,16,29,12,58,4,14,18,76
09/14/2008,ROW,NM,ASW,WE,Combined TRACON& Tower with Radar,2,7,26,30,65,0,0,6,0,6,2,7,32,30,71,0,82,82,153
09/15/2008,ROW,NM,ASW,WE,Combined TRACON& Tower with Radar,0,21,22,65,108,0,10,10,0,20,0,31,32,65,128,0,44,44,172
09/16/2008,ROW,NM,ASW,WE,Combined TRACON& Tower with Radar,1,22,24,17,64,0,5,19,0,24,1,27,43,17,88,26,12,38,126
09/17/2008,ROW,NM,ASW,WE,Combined TRACON& Tower with Radar,0,24,23,33,80,0,1,15,0,16,0,25,38,33,96,20,38,58,154
09/18/2008,ROW,NM,ASW,WE,Combined TRACON& Tower with Radar,0,10,9,42,61,0,6,21,9,36,0,16,30,51,97,16,52,68,165
09/19/2008,ROW,NM,ASW,WE,Combined TRACON& Tower with Radar,0,11,28,37,76,0,8,59,5,72,0,19,87,42,148,0,68,68,216
09/20/2008,ROW,NM,ASW,WE,Combined TRACON& Tower with Radar,2,3,6,2,13,0,6,10,0,16,2,9,16,2,29,0,0,0,29
09/21/2008,ROW,NM,ASW,WE,Combined TRACON& Tower with Radar,0,9,4,0,13,0,0,8,0,8,0,9,12,0,21,0,0,0,21
09/22/2008,ROW,NM,ASW,WE,Combined TRACON& Tower with Radar,0,12,17,0,29,0,10,10,0,20,0,22,27,0,49,6,0,6,55
09/23/2008,ROW,NM,ASW,WE,Combined TRACON& Tower with Radar,0,28,10,15,53,0,13,23,0,36,0,41,33,15,89,65,10,75,164
09/24/2008,ROW,NM,ASW,WE,Combined TRACON& Tower with Radar,1,15,12,24,52,0,3,26,0,29,1,18,38,24,81,0,32,32,113
09/25/2008,ROW,NM,ASW,WE,Combined TRACON& Tower with Radar,1,19,16,0,36,0,11,19,1,31,1,30,35,1,67,14,0,14,81
09/26/2008,ROW,NM,ASW,WE,Combined TRACON& Tower with Radar,0,11,23,56,90,0,7,17,2,26,0,18,40,58,116,8,20,28,144
09/27/2008,ROW,NM,ASW,WE,Combined TRACON& Tower with Radar,1,6,11,0,18,0,6,20,0,26,1,12,31,0,44,43,0,43,87
09/28/2008,ROW,NM,ASW,WE,Combined TRACON& Tower with Radar,0,11,8,1,20,0,0,15,0,15,0,11,23,1,35,0,0,0,35
09/29/2008,ROW,NM,ASW,WE,Combined TRACON& Tower with Radar,0,17,7,26,50,0,4,7,0,11,0,21,14,26,61,0,56,56,117
09/30/2008,ROW,NM,ASW,WE,Combined TRACON& Tower with Radar,0,11,7,8,26,0,8,14,0,22,0,19,21,8,48,0,0,0,48
10/01/2008,ROW,NM,ASW,WE,Combined TRACON& Tower with Radar,0,18,25,25,68,0,6,16,2,24,0,24,41,27,92,0,24,24,116
10/02/2008,ROW,NM,ASW,WE,Combined TRACON& Tower with Radar,0,15,19,60,94,0,11,55,0,66,0,26,74,60,160,40,64,104,264
10/03/2008,ROW,NM,ASW,WE,Combined TRACON& Tower with Radar,0,15,13,18,46,0,10,40,0,50,0,25,53,18,96,0,32,32,128
10/04/2008,ROW,NM,ASW,WE,Combined TRACON& Tower with Radar,2,6,10,0,18,0,3,12,0,15,2,9,22,0,33,0,0,0,33
10/05/2008,ROW,NM,ASW,WE,Combined TRACON& Tower with Radar,0,7,6,0,13,0,0,5,0,5,0,7,11,0,18,0,0,0,18
10/06/2008,ROW,NM,ASW,WE,Combined TRACON& Tower with Radar,0,15,15,36,66,0,6,12,0,18,0,21,27,36,84,0,92,92,176
10/07/2008,ROW,NM,ASW,WE,Combined TRACON& Tower with Radar,0,17,13,37,67,0,6,13,1,20,0,23,26,38,87,6,28,34,121
10/08/2008,ROW,NM,ASW,WE,Combined TRACON& Tower with Radar,1,2,19,42,64,0,9,25,0,34,1,11,44,42,98,14,26,40,138
10/09/2008,ROW,NM,ASW,WE,Combined TRACON& Tower with Radar,0,12,13,76,101,0,5,27,4,36,0,17,40,80,137,24,54,78,215
10/10/2008,ROW,NM,ASW,WE,Combined TRACON& Tower with Radar,0,20,18,36,74,0,11,17,6,34,0,31,35,42,108,2,46,48,156
10/11/2008,ROW,NM,ASW,WE,Combined TRACON& Tower with Radar,0,12,1,2,15,0,2,1,0,3,0,14,2,2,18,0,0,0,18
10/12/2008,ROW,NM,ASW,WE,Combined TRACON& Tower with Radar,3,8,12,8,31,0,0,7,3,10,3,8,19,11,41,0,0,0,41
10/13/2008,ROW,NM,ASW,WE,Combined TRACON& Tower with Radar,0,16,8,1,25,0,0,10,10,20,0,16,18,11,45,0,0,0,45
10/14/2008,ROW,NM,ASW,WE,Combined TRACON& Tower with Radar,0,19,16,24,59,0,0,0,0,0,0,19,16,24,59,0,0,0,59
10/15/2008,ROW,NM,ASW,WE,Combined TRACON& Tower with Radar,0,24,24,83,131,0,2,39,41,82,0,26,63,124,213,32,182,214,427
10/16/2008,ROW,NM,ASW,WE,Combined TRACON& Tower with Radar,0,22,17,17,56,0,41,7,4,52,0,63,24,21,108,0,40,40,148
10/17/2008,ROW,NM,ASW,WE,Combined TRACON& Tower with Radar,0,23,8,28,59,0,9,26,16,51,0,32,34,44,110,0,76,76,186
10/18/2008,ROW,NM,ASW,WE,Combined TRACON& Tower with Radar,5,4,5,0,14,0,1,17,4,22,5,5,22,4,36,0,0,0,36
10/19/2008,ROW,NM,ASW,WE,Combined TRACON& Tower with Radar,2,6,23,2,33,0,0,36,0,36,2,6,59,2,69,2,0,2,71
10/20/2008,ROW,NM,ASW,WE,Combined TRACON& Tower with Radar,0,16,15,36,67,0,8,5,8,21,0,24,20,44,88,0,62,62,150
10/21/2008,ROW,NM,ASW,WE,Combined TRACON& Tower with Radar,0,15,20,74,109,0,3,15,3,21,0,18,35,77,130,2,18,20,150
10/22/2008,ROW,NM,ASW,WE,Combined TRACON& Tower with Radar,0,13,19,20,52,0,12,10,2,24,0,25,29,22,76,6,44,50,126
10/23/2008,ROW,NM,ASW,WE,Combined TRACON& Tower with Radar,0,22,20,90,132,0,13,16,10,39,0,35,36,100,171,0,102,102,273
10/24/2008,ROW,NM,ASW,WE,Combined TRACON& Tower with Radar,1,22,11,20,54,0,11,16,6,33,1,33,27,26,87,0,16,16,103
10/25/2008,ROW,NM,ASW,WE,Combined TRACON& Tower with Radar,3,6,5,1,15,0,4,20,1,25,3,10,25,2,40,24,0,24,64
10/26/2008,ROW,NM,ASW,WE,Combined TRACON& Tower with Radar,0,8,5,16,29,0,0,3,2,5,0,8,8,18,34,0,0,0,34
10/27/2008,ROW,NM,ASW,WE,Combined TRACON& Tower with Radar,0,19,36,54,109,0,8,15,1,24,0,27,51,55,133,0,56,56,189
10/28/2008,ROW,NM,ASW,WE,Combined TRACON& Tower with Radar,3,16,19,34,72,0,8,10,0,18,3,24,29,34,90,0,32,32,122
10/29/2008,ROW,NM,ASW,WE,Combined TRACON& Tower with Radar,0,17,45,48,110,0,7,18,2,27,0,24,63,50,137,10,76,86,223
10/30/2008,ROW,NM,ASW,WE,Combined TRACON& Tower with Radar,1,20,19,49,89,0,10,15,2,27,1,30,34,51,116,6,54,60,176
10/31/2008,ROW,NM,ASW,WE,Combined TRACON& Tower with Radar,0,16,24,58,98,0,19,20,0,39,0,35,44,58,137,32,70,102,239
11/01/2008,ROW,NM,ASW,WE,Combined TRACON& Tower with Radar,2,4,6,0,12,0,2,33,0,35,2,6,39,0,47,26,0,26,73
11/02/2008,ROW,NM,ASW,WE,Combined TRACON& Tower with Radar,1,6,8,0,15,0,0,14,0,14,1,6,22,0,29,0,0,0,29
11/03/2008,ROW,NM,ASW,WE,Combined TRACON& Tower with Radar,3,20,14,24,61,0,4,14,2,20,3,24,28,26,81,50,64,114,195
11/04/2008,ROW,NM,ASW,WE,Combined TRACON& Tower with Radar,0,21,16,77,114,0,14,13,0,27,0,35,29,77,141,0,24,24,165
11/05/2008,ROW,NM,ASW,WE,Combined TRACON& Tower with Radar,1,21,9,59,90,0,3,0,0,3,1,24,9,59,93,8,12,20,113
11/06/2008,ROW,NM,ASW,WE,Combined TRACON& Tower with Radar,0,11,7,50,68,0,7,6,0,13,0,18,13,50,81,0,0,0,81
11/07/2008,ROW,NM,ASW,WE,Combined TRACON& Tower with Radar,3,14,43,68,128,0,8,72,14,94,3,22,115,82,222,0,34,34,256
11/08/2008,ROW,NM,ASW,WE,Combined TRACON& Tower with Radar,0,10,36,3,49,0,4,25,0,29,0,14,61,3,78,40,0,40,118
11/09/2008,ROW,NM,ASW,WE,Combined TRACON& Tower with Radar,0,7,12,53,72,0,0,8,5,13,0,7,20,58,85,0,32,32,117
11/10/2008,ROW,NM,ASW,WE,Combined TRACON& Tower with Radar,1,18,20,55,94,0,9,15,4,28,1,27,35,59,122,10,24,34,156
11/11/2008,ROW,NM,ASW,WE,Combined TRACON& Tower with Radar,0,18,11,0,29,0,2,5,0,7,0,20,16,0,36,0,0,0,36
11/12/2008,ROW,NM,ASW,WE,Combined TRACON& Tower with Radar,2,21,11,29,63,0,9,17,10,36,2,30,28,39,99,14,76,90,189
11/13/2008,ROW,NM,ASW,WE,Combined TRACON& Tower with Radar,0,24,19,54,97,0,7,28,1,36,0,31,47,55,133,0,24,24,157
11/14/2008,ROW,NM,ASW,WE,Combined TRACON& Tower with Radar,0,15,32,45,92,0,11,12,2,25,0,26,44,47,117,2,32,34,151
11/15/2008,ROW,NM,ASW,WE,Combined TRACON& Tower with Radar,2,5,6,1,14,0,5,18,0,23,2,10,24,1,37,0,0,0,37
11/16/2008,ROW,NM,ASW,WE,Combined TRACON& Tower with Radar,0,8,5,6,19,0,0,14,0,14,0,8,19,6,33,8,10,18,51
11/17/2008,ROW,NM,ASW,WE,Combined TRACON& Tower with Radar,0,9,20,19,48,0,3,11,2,16,0,12,31,21,64,0,60,60,124
11/18/2008,ROW,NM,ASW,WE,Combined TRACON& Tower with Radar,0,17,21,10,48,0,6,19,1,26,0,23,40,11,74,0,18,18,92
11/19/2008,ROW,NM,ASW,WE,Combined TRACON& Tower with Radar,0,25,38,45,108,0,10,14,2,26,0,35,52,47,134,4,32,36,170
11/20/2008,ROW,NM,ASW,WE,Combined TRACON& Tower with Radar,3,20,20,33,76,0,9,10,0,19,3,29,30,33,95,18,90,108,203
11/21/2008,ROW,NM,ASW,WE,Combined TRACON& Tower with Radar,0,37,12,24,73,0,8,32,3,43,0,45,44,27,116,22,34,56,172
11/22/2008,ROW,NM,ASW,WE,Combined TRACON& Tower with Radar,3,8,12,5,28,0,4,20,0,24,3,12,32,5,52,0,0,0,52
11/23/2008,ROW,NM,ASW,WE,Combined TRACON& Tower with Radar,0,6,5,10,21,0,0,17,1,18,0,6,22,11,39,4,30,34,73
11/24/2008,ROW,NM,ASW,WE,Combined TRACON& Tower with Radar,0,19,20,15,54,0,6,16,0,22,0,25,36,15,76,0,8,8,84
11/25/2008,ROW,NM,ASW,WE,Combined TRACON& Tower with Radar,1,18,12,52,83,0,13,15,3,31,1,31,27,55,114,4,86,90,204
11/26/2008,ROW,NM,ASW,WE,Combined TRACON& Tower with Radar,0,11,23,20,54,0,9,11,3,23,0,20,34,23,77,0,16,16,93
11/27/2008,ROW,NM,ASW,WE,Combined TRACON& Tower with Radar,0,11,9,0,20,0,0,5,0,5,0,11,14,0,25,0,0,0,25
11/28/2008,ROW,NM,ASW,WE,Combined TRACON& Tower with Radar,3,17,2,0,22,0,1,9,0,10,3,18,11,0,32,10,0,10,42
11/29/2008,ROW,NM,ASW,WE,Combined TRACON& Tower with Radar,1,5,6,8,20,0,3,8,0,11,1,8,14,8,31,0,0,0,31
11/30/2008,ROW,NM,ASW,WE,Combined TRACON& Tower with Radar,2,7,26,0,35,0,0,9,0,9,2,7,35,0,44,0,0,0,44
12/01/2008,ROW,NM,ASW,WE,Combined TRACON& Tower with Radar,0,11,34,45,90,0,8,12,2,22,0,19,46,47,112,16,118,134,246
12/02/2008,ROW,NM,ASW,WE,Combined TRACON& Tower with Radar,1,20,17,37,75,0,10,15,1,26,1,30,32,38,101,0,90,90,191
12/03/2008,ROW,NM,ASW,WE,Combined TRACON& Tower with Radar,4,13,9,72,98,0,8,63,6,77,4,21,72,78,175,4,92,96,271
12/04/2008,ROW,NM,ASW,WE,Combined TRACON& Tower with Radar,0,14,33,87,134,0,10,23,4,37,0,24,56,91,171,16,78,94,265
12/05/2008,ROW,NM,ASW,WE,Combined TRACON& Tower with Radar,2,14,10,145,171,0,12,30,4,46,2,26,40,149,217,8,60,68,285
12/06/2008,ROW,NM,ASW,WE,Combined TRACON& Tower with Radar,2,6,10,12,30,0,2,53,0,55,2,8,63,12,85,24,22,46,131
12/07/2008,ROW,NM,ASW,WE,Combined TRACON& Tower with Radar,0,10,9,47,66,0,0,5,0,5,0,10,14,47,71,0,10,10,81
12/08/2008,ROW,NM,ASW,WE,Combined TRACON& Tower with Radar,0,11,12,69,92,0,3,4,0,7,0,14,16,69,99,10,30,40,139
12/09/2008,ROW,NM,ASW,WE,Combined TRACON& Tower with Radar,0,15,5,63,83,0,1,1,0,2,0,16,6,63,85,0,16,16,101
12/10/2008,ROW,NM,ASW,WE,Combined TRACON& Tower with Radar,0,18,21,70,109,0,9,66,7,82,0,27,87,77,191,70,68,138,329
12/11/2008,ROW,NM,ASW,WE,Combined TRACON& Tower with Radar,0,17,18,42,77,0,7,14,1,22,0,24,32,43,99,20,40,60,159
12/12/2008,ROW,NM,ASW,WE,Combined TRACON& Tower with Radar,1,19,8,119,147,0,7,7,14,28,1,26,15,133,175,6,68,74,249
12/13/2008,ROW,NM,ASW,WE,Combined TRACON& Tower with Radar,1,8,8,53,70,0,2,7,1,10,1,10,15,54,80,0,8,8,88
12/14/2008,ROW,NM,ASW,WE,Combined TRACON& Tower with Radar,0,7,5,0,12,0,0,0,0,0,0,7,5,0,12,0,0,0,12
12/15/2008,ROW,NM,ASW,WE,Combined TRACON& Tower with Radar,0,19,12,34,65,0,6,10,3,19,0,25,22,37,84,0,42,42,126
12/16/2008,ROW,NM,ASW,WE,Combined TRACON& Tower with Radar,0,15,11,67,93,0,5,23,0,28,0,20,34,67,121,0,132,132,253
12/17/2008,ROW,NM,ASW,WE,Combined TRACON& Tower with Radar,1,12,10,53,76,0,7,18,2,27,1,19,28,55,103,8,50,58,161
12/18/2008,ROW,NM,ASW,WE,Combined TRACON& Tower with Radar,0,20,17,35,72,0,5,8,0,13,0,25,25,35,85,0,48,48,133
12/19/2008,ROW,NM,ASW,WE,Combined TRACON& Tower with Radar,0,15,7,45,67,0,12,19,5,36,0,27,26,50,103,36,40,76,179
12/20/2008,ROW,NM,ASW,WE,Combined TRACON& Tower with Radar,1,5,10,25,41,0,6,14,0,20,1,11,24,25,61,26,10,36,97
12/21/2008,ROW,NM,ASW,WE,Combined TRACON& Tower with Radar,2,5,5,3,15,0,0,12,0,12,2,5,17,3,27,0,0,0,27
12/22/2008,ROW,NM,ASW,WE,Combined TRACON& Tower with Radar,1,16,25,12,54,0,6,10,0,16,1,22,35,12,70,14,54,68,138
12/23/2008,ROW,NM,ASW,WE,Combined TRACON& Tower with Radar,0,24,10,25,59,0,4,0,1,5,0,28,10,26,64,0,24,24,88
12/24/2008,ROW,NM,ASW,WE,Combined TRACON& Tower with Radar,1,14,12,13,40,0,9,11,0,20,1,23,23,13,60,4,4,8,68
12/25/2008,ROW,NM,ASW,WE,Combined TRACON& Tower with Radar,0,9,1,0,10,0,0,3,0,3,0,9,4,0,13,0,0,0,13
12/26/2008,ROW,NM,ASW,WE,Combined TRACON& Tower with Radar,2,17,16,0,35,0,7,6,0,13,2,24,22,0,48,0,0,0,48
12/27/2008,ROW,NM,ASW,WE,Combined TRACON& Tower with Radar,0,9,21,0,30,0,3,8,0,11,0,12,29,0,41,4,0,4,45
12/28/2008,ROW,NM,ASW,WE,Combined TRACON& Tower with Radar,0,8,8,0,16,0,0,20,0,20,0,8,28,0,36,12,0,12,48
12/29/2008,ROW,NM,ASW,WE,Combined TRACON& Tower with Radar,0,14,6,25,45,0,10,18,0,28,0,24,24,25,73,0,12,12,85
12/30/2008,ROW,NM,ASW,WE,Combined TRACON& Tower with Radar,3,10,4,11,28,0,8,15,0,23,3,18,19,11,51,0,8,8,59
12/31/2008,ROW,NM,ASW,WE,Combined TRACON& Tower with Radar,0,11,5,0,16,0,8,16,0,24,0,19,21,0,40,0,0,0,40
01/01/2009,ROW,NM,ASW,WE,Combined TRACON& Tower with Radar,0,7,4,0,11,0,0,14,0,14,0,7,18,0,25,0,0,0,25
01/02/2009,ROW,NM,ASW,WE,Combined TRACON& Tower with Radar,0,16,12,0,28,0,10,8,0,18,0,26,20,0,46,0,0,0,46
01/03/2009,ROW,NM,ASW,WE,Combined TRACON& Tower with Radar,2,3,6,0,11,0,3,10,0,13,2,6,16,0,24,0,0,0,24
01/04/2009,ROW,NM,ASW,WE,Combined TRACON& Tower with Radar,0,8,7,5,20,0,0,7,1,8,0,8,14,6,28,0,0,0,28
01/05/2009,ROW,NM,ASW,WE,Combined TRACON& Tower with Radar,0,12,10,64,86,0,4,15,1,20,0,16,25,65,106,0,14,14,120
01/06/2009,ROW,NM,ASW,WE,Combined TRACON& Tower with Radar,0,16,18,49,83,0,6,2,4,12,0,22,20,53,95,4,32,36,131
01/07/2009,ROW,NM,ASW,WE,Combined TRACON& Tower with Radar,3,12,10,21,46,0,8,12,1,21,3,20,22,22,67,10,62,72,139
01/08/2009,ROW,NM,ASW,WE,Combined TRACON& Tower with Radar,2,14,23,27,66,0,7,45,12,64,2,21,68,39,130,16,58,74,204
01/09/2009,ROW,NM,ASW,WE,Combined TRACON& Tower with Radar,2,16,23,58,99,0,11,20,5,36,2,27,43,63,135,0,26,26,161
01/10/2009,ROW,NM,ASW,WE,Combined TRACON& Tower with Radar,0,7,3,17,27,0,1,19,0,20,0,8,22,17,47,0,2,2,49
01/11/2009,ROW,NM,ASW,WE,Combined TRACON& Tower with Radar,1,9,21,5,36,0,0,22,2,24,1,9,43,7,60,0,0,0,60
01/12/2009,ROW,NM,ASW,WE,Combined TRACON& Tower with Radar,0,7,9,52,68,0,6,10,1,17,0,13,19,53,85,8,12,20,105
01/13/2009,ROW,NM,ASW,WE,Combined TRACON& Tower with Radar,2,12,7,34,55,0,8,15,37,60,2,20,22,71,115,2,88,90,205
01/14/2009,ROW,NM,ASW,WE,Combined TRACON& Tower with Radar,0,16,16,87,119,0,7,19,45,71,0,23,35,132,190,6,60,66,256
01/15/2009,ROW,NM,ASW,WE,Combined TRACON& Tower with Radar,1,11,26,157,195,0,5,17,32,54,1,16,43,189,249,16,130,146,395
01/16/2009,ROW,NM,ASW,WE,Combined TRACON& Tower with Radar,0,18,8,73,99,0,7,13,91,111,0,25,21,164,210,12,124,136,346
01/17/2009,ROW,NM,ASW,WE,Combined TRACON& Tower with Radar,8,6,2,7,23,0,4,24,0,28,8,10,26,7,51,20,0,20,71
01/18/2009,ROW,NM,ASW,WE,Combined TRACON& Tower with Radar,0,7,31,2,40,0,0,21,0,21,0,7,52,2,61,40,0,40,101
01/19/2009,ROW,NM,ASW,WE,Combined TRACON& Tower with Radar,3,10,5,16,34,0,1,15,0,16,3,11,20,16,50,0,0,0,50
01/20/2009,ROW,NM,ASW,WE,Combined TRACON& Tower with Radar,0,9,3,31,43,0,7,10,12,29,0,16,13,43,72,0,58,58,130
01/21/2009,ROW,NM,ASW,WE,Combined TRACON& Tower with Radar,0,12,37,68,117,0,8,16,13,37,0,20,53,81,154,26,142,168,322
01/22/2009,ROW,NM,ASW,WE,Combined TRACON& Tower with Radar,0,19,19,76,114,0,10,9,7,26,0,29,28,83,140,6,64,70,210
01/23/2009,ROW,NM,ASW,WE,Combined TRACON& Tower with Radar,1,13,24,20,58,0,10,15,6,31,1,23,39,26,89,18,4,22,111
01/24/2009,ROW,NM,ASW,WE,Combined TRACON& Tower with Radar,0,7,24,33,64,0,5,14,6,25,0,12,38,39,89,38,38,76,165
01/25/2009,ROW,NM,ASW,WE,Combined TRACON& Tower with Radar,1,5,15,4,25,0,1,21,0,22,1,6,36,4,47,26,0,26,73
01/26/2009,ROW,NM,ASW,WE,Combined TRACON& Tower with Radar,0,9,19,103,131,0,2,15,6,23,0,11,34,109,154,0,86,86,240
01/27/2009,ROW,NM,ASW,WE,Combined TRACON& Tower with Radar,0,9,19,120,148,0,5,4,67,76,0,14,23,187,224,0,44,44,268
01/28/2009,ROW,NM,ASW,WE,Combined TRACON& Tower with Radar,0,24,20,42,86,0,11,16,9,36,0,35,36,51,122,0,62,62,184
01/29/2009,ROW,NM,ASW,WE,Combined TRACON& Tower with Radar,0,15,15,44,74,0,6,20,8,34,0,21,35,52,108,18,64,82,190
01/30/2009,ROW,NM,ASW,WE,Combined TRACON& Tower with Radar,0,8,4,50,62,0,8,18,7,33,0,16,22,57,95,0,44,44,139
01/31/2009,ROW,NM,ASW,WE,Combined TRACON& Tower with Radar,0,12,7,15,34,0,3,25,0,28,0,15,32,15,62,48,0,48,110
02/01/2009,ROW,NM,ASW,WE,Combined TRACON& Tower with Radar,0,8,14,1,23,0,0,6,0,6,0,8,20,1,29,0,0,0,29
02/02/2009,ROW,NM,ASW,WE,Combined TRACON& Tower with Radar,0,17,27,24,68,0,17,16,0,33,0,34,43,24,101,12,25,37,138
02/03/2009,ROW,NM,ASW,WE,Combined TRACON& Tower with Radar,0,13,11,43,67,0,6,23,1,30,0,19,34,44,97,0,48,48,145
02/04/2009,ROW,NM,ASW,WE,Combined TRACON& Tower with Radar,1,11,17,61,90,0,8,14,8,30,1,19,31,69,120,4,84,88,208
02/05/2009,ROW,NM,ASW,WE,Combined TRACON& Tower with Radar,0,12,10,64,86,0,4,15,1,20,0,16,25,65,106,0,14,14,120
02/06/2009,ROW,NM,ASW,WE,Combined TRACON& Tower with Radar,2,15,10,59,86,0,4,19,6,29,2,19,29,65,115,0,42,42,157
02/07/2009,ROW,NM,ASW,WE,Combined TRACON& Tower with Radar,0,9,2,3,14,0,2,30,0,32,0,11,32,3,46,62,0,62,108
02/08/2009,ROW,NM,ASW,WE,Combined TRACON& Tower with Radar,1,9,3,0,13,0,0,0,0,0,1,9,3,0,13,0,0,0,13
02/09/2009,ROW,NM,ASW,WE,Combined TRACON& Tower with Radar,0,9,8,79,96,0,6,20,0,26,0,15,28,79,122,18,86,104,226
02/10/2009,ROW,NM,ASW,WE,Combined TRACON& Tower with Radar,0,21,11,20,52,0,5,7,1,13,0,26,18,21,65,8,54,62,127
02/11/2009,ROW,NM,ASW,WE,Combined TRACON& Tower with Radar,0,12,34,25,71,0,8,9,0,17,0,20,43,25,88,0,40,40,128
02/12/2009,ROW,NM,ASW,WE,Combined TRACON& Tower with Radar,1,21,16,28,66,0,8,8,4,20,1,29,24,32,86,0,106,106,192
02/13/2009,ROW,NM,ASW,WE,Combined TRACON& Tower with Radar,2,11,18,33,64,0,10,27,0,37,2,21,45,33,101,36,0,36,137
02/14/2009,ROW,NM,ASW,WE,Combined TRACON& Tower with Radar,0,9,8,0,17,0,4,7,0,11,0,13,15,0,28,96,0,96,124
02/15/2009,ROW,NM,ASW,WE,Combined TRACON& Tower with Radar,0,9,7,0,16,0,0,26,0,26,0,9,33,0,42,96,0,96,138
02/16/2009,ROW,NM,ASW,WE,Combined TRACON& Tower with Radar,1,6,3,19,29,0,9,7,0,16,1,15,10,19,45,0,14,14,59
02/17/2009,ROW,NM,ASW,WE,Combined TRACON& Tower with Radar,1,14,12,63,90,0,9,6,5,20,1,23,18,68,110,0,34,34,144
02/18/2009,ROW,NM,ASW,WE,Combined TRACON& Tower with Radar,0,15,14,51,80,0,8,15,1,24,0,23,29,52,104,0,58,58,162
02/19/2009,ROW,NM,ASW,WE,Combined TRACON& Tower with Radar,1,15,15,34,65,0,6,50,2,58,1,21,65,36,123,0,10,10,133
02/20/2009,ROW,NM,ASW,WE,Combined TRACON& Tower with Radar,0,19,7,60,86,0,8,16,6,30,0,27,23,66,116,0,92,92,208
02/21/2009,ROW,NM,ASW,WE,Combined TRACON& Tower with Radar,0,7,13,10,30,0,2,12,2,16,0,9,25,12,46,30,10,40,86
02/22/2009,ROW,NM,ASW,WE,Combined TRACON& Tower with Radar,1,10,4,4,19,0,0,9,0,9,1,10,13,4,28,0,0,0,28
02/23/2009,ROW,NM,ASW,WE,Combined TRACON& Tower with Radar,1,16,7,23,47,0,7,22,1,30,1,23,29,24,77,0,50,50,127
02/24/2009,ROW,NM,ASW,WE,Combined TRACON& Tower with Radar,0,14,5,23,42,0,5,16,1,22,0,19,21,24,64,0,38,38,102
02/25/2009,ROW,NM,ASW,WE,Combined TRACON& Tower with Radar,0,15,6,29,50,0,7,13,0,20,0,22,19,29,70,24,24,48,118
02/26/2009,ROW,NM,ASW,WE,Combined TRACON& Tower with Radar,2,21,18,43,84,0,6,6,1,13,2,27,24,44,97,36,4,40,137
02/27/2009,ROW,NM,ASW,WE,Combined TRACON& Tower with Radar,0,20,7,91,118,0,11,20,2,33,0,31,27,93,151,0,48,48,199
02/28/2009,ROW,NM,ASW,WE,Combined TRACON& Tower with Radar,0,12,10,13,35,0,2,19,0,21,0,14,29,13,56,8,50,58,114
03/01/2009,ROW,NM,ASW,WE,Combined TRACON& Tower with Radar,0,6,18,2,26,0,0,12,0,12,0,6,30,2,38,0,0,0,38
03/02/2009,ROW,NM,ASW,WE,Combined TRACON& Tower with Radar,1,15,13,21,50,0,8,2,1,11,1,23,15,22,61,0,28,28,89
03/03/2009,ROW,NM,ASW,WE,Combined TRACON& Tower with Radar,0,18,41,35,94,0,10,19,3,32,0,28,60,38,126,6,108,114,240
03/04/2009,ROW,NM,ASW,WE,Combined TRACON& Tower with Radar,2,11,8,71,92,0,5,7,0,12,2,16,15,71,104,0,82,82,186
03/05/2009,ROW,NM,ASW,WE,Combined TRACON& Tower with Radar,0,12,6,61,79,0,7,40,4,51,0,19,46,65,130,0,40,40,170
03/06/2009,ROW,NM,ASW,WE,Combined TRACON& Tower with Radar,2,11,27,37,77,0,18,43,3,64,2,29,70,40,141,0,30,30,171
03/07/2009,ROW,NM,ASW,WE,Combined TRACON& Tower with Radar,2,6,15,6,29,0,6,48,2,56,2,12,63,8,85,0,0,0,85
03/08/2009,ROW,NM,ASW,WE,Combined TRACON& Tower with Radar,0,7,8,2,17,0,0,16,0,16,0,7,24,2,33,12,0,12,45
03/09/2009,ROW,NM,ASW,WE,Combined TRACON& Tower with Radar,0,14,11,21,46,0,3,6,0,9,0,17,17,21,55,0,0,0,55
03/10/2009,ROW,NM,ASW,WE,Combined TRACON& Tower with Radar,0,12,11,41,64,0,8,9,2,19,0,20,20,43,83,20,68,88,171
03/11/2009,ROW,NM,ASW,WE,Combined TRACON& Tower with Radar,0,11,6,88,105,0,4,1,0,5,0,15,7,88,110,0,114,114,224
03/12/2009,ROW,NM,ASW,WE,Combined TRACON& Tower with Radar,0,20,32,209,261,0,7,13,2,22,0,27,45,211,283,45,178,223,506
03/13/2009,ROW,NM,ASW,WE,Combined TRACON& Tower with Radar,0,18,9,87,114,0,0,0,0,0,0,18,9,87,114,0,0,0,114
03/14/2009,ROW,NM,ASW,WE,Combined TRACON& Tower with Radar,0,11,12,5,28,0,3,5,0,8,0,14,17,5,36,0,0,0,36
03/15/2009,ROW,NM,ASW,WE,Combined TRACON& Tower with Radar,0,5,29,58,92,0,0,34,0,34,0,5,63,58,126,0,48,48,174
03/16/2009,ROW,NM,ASW,WE,Combined TRACON& Tower with Radar,1,14,16,52,83,0,7,21,5,33,1,21,37,57,116,0,60,60,176
03/17/2009,ROW,NM,ASW,WE,Combined TRACON& Tower with Radar,0,18,16,38,72,0,8,12,0,20,0,26,28,38,92,0,74,74,166
03/18/2009,ROW,NM,ASW,WE,Combined TRACON& Tower with Radar,0,12,9,47,68,0,6,73,0,79,0,18,82,47,147,0,78,78,225
03/19/2009,ROW,NM,ASW,WE,Combined TRACON& Tower with Radar,0,17,18,86,121,0,7,255,0,262,0,24,273,86,383,12,124,136,519
03/20/2009,ROW,NM,ASW,WE,Combined TRACON& Tower with Radar,1,15,9,57,82,0,9,119,4,132,1,24,128,61,214,0,22,22,236
03/21/2009,ROW,NM,ASW,WE,Combined TRACON& Tower with Radar,0,6,23,6,35,0,6,93,0,99,0,12,116,6,134,0,0,0,134
03/22/2009,ROW,NM,ASW,WE,Combined TRACON& Tower with Radar,0,6,16,17,39,0,0,41,2,43,0,6,57,19,82,0,2,2,84
03/23/2009,ROW,NM,ASW,WE,Combined TRACON& Tower with Radar,0,11,6,59,76,0,5,4,1,10,0,16,10,60,86,0,110,110,196
03/24/2009,ROW,NM,ASW,WE,Combined TRACON& Tower with Radar,0,17,8,65,90,0,6,14,17,37,0,23,22,82,127,0,88,88,215
03/25/2009,ROW,NM,ASW,WE,Combined TRACON& Tower with Radar,0,10,6,79,95,0,8,10,8,26,0,18,16,87,121,0,60,60,181
03/26/2009,ROW,NM,ASW,WE,Combined TRACON& Tower with Radar,0,15,13,34,62,0,5,30,3,38,0,20,43,37,100,0,14,14,114
03/27/2009,ROW,NM,ASW,WE,Combined TRACON& Tower with Radar,0,23,7,15,45,0,1,3,4,8,0,24,10,19,53,2,26,28,81
03/28/2009,ROW,NM,ASW,WE,Combined TRACON& Tower with Radar,0,7,2,24,33,0,5,13,3,21,0,12,15,27,54,0,34,34,88
03/29/2009,ROW,NM,ASW,WE,Combined TRACON& Tower with Radar,0,8,8,0,16,0,0,1,0,1,0,8,9,0,17,0,0,0,17
03/30/2009,ROW,NM,ASW,WE,Combined TRACON& Tower with Radar,0,13,28,27,68,0,8,12,0,20,0,21,40,27,88,0,48,48,136
03/31/2009,ROW,NM,ASW,WE,Combined TRACON& Tower with Radar,0,15,20,68,103,0,6,10,0,16,0,21,30,68,119,0,91,91,210
04/01/2009,ROW,NM,ASW,WE,Combined TRACON& Tower with Radar,1,21,8,41,71,0,4,10,1,15,1,25,18,42,86,0,82,82,168
04/02/2009,ROW,NM,ASW,WE,Combined TRACON& Tower with Radar,0,13,19,47,79,0,8,23,12,43,0,21,42,59,122,0,124,124,246
04/03/2009,ROW,NM,ASW,WE,Combined TRACON& Tower with Radar,0,14,11,85,110,0,11,6,3,20,0,25,17,88,130,0,44,44,174
04/04/2009,ROW,NM,ASW,WE,Combined TRACON& Tower with Radar,0,5,24,0,29,0,2,9,0,11,0,7,33,0,40,0,0,0,40
04/05/2009,ROW,NM,ASW,WE,Combined TRACON& Tower with Radar,0,7,13,2,22,0,0,14,0,14,0,7,27,2,36,8,0,8,44
04/06/2009,ROW,NM,ASW,WE,Combined TRACON& Tower with Radar,0,23,18,15,56,0,6,22,0,28,0,29,40,15,84,0,24,24,108
04/07/2009,ROW,NM,ASW,WE,Combined TRACON& Tower with Radar,0,13,10,51,74,0,7,75,24,106,0,20,85,75,180,4,158,162,342
04/08/2009,ROW,NM,ASW,WE,Combined TRACON& Tower with Radar,2,13,14,85,114,0,5,17,15,37,2,18,31,100,151,26,112,138,289
04/09/2009,ROW,NM,ASW,WE,Combined TRACON& Tower with Radar,0,18,10,48,76,0,9,67,0,76,0,27,77,48,152,74,28,102,254
04/10/2009,ROW,NM,ASW,WE,Combined TRACON& Tower with Radar,0,9,7,22,38,0,8,38,1,47,0,17,45,23,85,46,58,104,189
04/11/2009,ROW,NM,ASW,WE,Combined TRACON& Tower with Radar,0,7,2,0,9,0,1,4,1,6,0,8,6,1,15,40,0,40,55
04/12/2009,ROW,NM,ASW,WE,Combined TRACON& Tower with Radar,0,10,4,1,15,0,0,3,1,4,0,10,7,2,19,0,0,0,19
04/13/2009,ROW,NM,ASW,WE,Combined TRACON& Tower with Radar,2,11,10,21,44,0,4,17,1,22,2,15,27,22,66,16,18,34,100
04/14/2009,ROW,NM,ASW,WE,Combined TRACON& Tower with Radar,1,15,10,35,61,0,8,22,16,46,1,23,32,51,107,2,52,54,161
04/15/2009,ROW,NM,ASW,WE,Combined TRACON& Tower with Radar,0,8,3,20,31,0,9,8,26,43,0,17,11,46,74,0,74,74,148
04/16/2009,ROW,NM,ASW,WE,Combined TRACON& Tower with Radar,0,13,10,89,112,0,9,10,13,32,0,22,20,102,144,0,120,120,264
04/17/2009,ROW,NM,ASW,WE,Combined TRACON& Tower with Radar,0,12,11,147,170,0,6,92,25,123,0,18,103,172,293,22,208,230,523
04/18/2009,ROW,NM,ASW,WE,Combined TRACON& Tower with Radar,0,7,7,18,32,0,3,84,2,89,0,10,91,20,121,52,30,82,203
04/19/2009,ROW,NM,ASW,WE,Combined TRACON& Tower with Radar,0,8,8,2,18,0,1,19,0,20,0,9,27,2,38,0,6,6,44
04/20/2009,ROW,NM,ASW,WE,Combined TRACON& Tower with Radar,0,8,10,34,52,0,6,23,3,32,0,14,33,37,84,36,38,74,158
04/21/2009,ROW,NM,ASW,WE,Combined TRACON& Tower with Radar,0,18,9,36,63,0,10,28,1,39,0,28,37,37,102,10,84,94,196
04/22/2009,ROW,NM,ASW,WE,Combined TRACON& Tower with Radar,2,11,10,45,68,0,5,24,9,38,2,16,34,54,106,36,58,94,200
04/23/2009,ROW,NM,ASW,WE,Combined TRACON& Tower with Radar,0,13,6,53,72,0,6,17,15,38,0,19,23,68,110,44,80,124,234
04/24/2009,ROW,NM,ASW,WE,Combined TRACON& Tower with Radar,0,9,19,17,45,0,7,30,2,39,0,16,49,19,84,6,26,32,116
04/25/2009,ROW,NM,ASW,WE,Combined TRACON& Tower with Radar,0,5,5,3,13,0,4,63,1,68,0,9,68,4,81,46,0,46,127
04/26/2009,ROW,NM,ASW,WE,Combined TRACON& Tower with Radar,0,9,2,2,13,0,0,9,0,9,0,9,11,2,22,22,0,22,44
04/27/2009,ROW,NM,ASW,WE,Combined TRACON& Tower with Radar,0,11,15,32,58,0,10,10,0,20,0,21,25,32,78,16,10,26,104
04/28/2009,ROW,NM,ASW,WE,Combined TRACON& Tower with Radar,3,17,18,19,57,0,0,7,0,7,3,17,25,19,64,10,22,32,96
04/29/2009,ROW,NM,ASW,WE,Combined TRACON& Tower with Radar,2,12,18,82,114,0,4,11,3,18,2,16,29,85,132,60,58,118,250
04/30/2009,ROW,NM,ASW,WE,Combined TRACON& Tower with Radar,0,23,34,28,85,0,11,24,1,36,0,34,58,29,121,42,70,112,233
05/01/2009,ROW,NM,ASW,WE,Combined TRACON& Tower with Radar,0,18,17,54,89,0,9,17,6,32,0,27,34,60,121,4,32,36,157
05/02/2009,ROW,NM,ASW,WE,Combined TRACON& Tower with Radar,2,7,10,0,19,0,1,0,4,5,2,8,10,4,24,0,0,0,24
05/03/2009,ROW,NM,ASW,WE,Combined TRACON& Tower with Radar,0,11,16,2,29,0,0,52,2,54,0,11,68,4,83,0,0,0,83
05/04/2009,ROW,NM,ASW,WE,Combined TRACON& Tower with Radar,0,17,14,43,74,0,6,11,3,20,0,23,25,46,94,10,2,12,106
05/05/2009,ROW,NM,ASW,WE,Combined TRACON& Tower with Radar,3,17,15,71,106,0,7,14,0,21,3,24,29,71,127,0,162,162,289
05/06/2009,ROW,NM,ASW,WE,Combined TRACON& Tower with Radar,3,15,12,31,61,0,8,17,55,80,3,23,29,86,141,36,78,114,255
05/07/2009,ROW,NM,ASW,WE,Combined TRACON& Tower with Radar,0,18,11,52,81,0,11,20,0,31,0,29,31,52,112,0,100,100,212
05/08/2009,ROW,NM,ASW,WE,Combined TRACON& Tower with Radar,0,12,14,20,46,0,8,18,6,32,0,20,32,26,78,8,6,14,92
05/09/2009,ROW,NM,ASW,WE,Combined TRACON& Tower with Radar,0,8,6,7,21,0,3,5,0,8,0,11,11,7,29,14,10,24,53
05/10/2009,ROW,NM,ASW,WE,Combined TRACON& Tower with Radar,2,6,7,9,24,0,0,48,0,48,2,6,55,9,72,6,10,16,88
05/11/2009,ROW,NM,ASW,WE,Combined TRACON& Tower with Radar,4,20,10,35,69,0,3,11,0,14,4,23,21,35,83,0,16,16,99
05/12/2009,ROW,NM,ASW,WE,Combined TRACON& Tower with Radar,0,18,36,46,100,0,12,25,8,45,0,30,61,54,145,54,88,142,287
05/13/2009,ROW,NM,ASW,WE,Combined TRACON& Tower with Radar,0,19,17,26,62,0,8,19,0,27,0,27,36,26,89,6,78,84,173
05/14/2009,ROW,NM,ASW,WE,Combined TRACON& Tower with Radar,4,7,10,38,59,0,7,26,6,39,4,14,36,44,98,0,38,38,136
05/15/2009,ROW,NM,ASW,WE,Combined TRACON& Tower with Radar,0,13,32,20,65,0,8,173,13,194,0,21,205,33,259,28,38,66,325
05/16/2009,ROW,NM,ASW,WE,Combined TRACON& Tower with Radar,0,8,15,16,39,0,1,7,0,8,0,9,22,16,47,10,4,14,61
05/17/2009,ROW,NM,ASW,WE,Combined TRACON& Tower with Radar,0,6,14,4,24,0,0,17,32,49,0,6,31,36,73,6,0,6,79
05/18/2009,ROW,NM,ASW,WE,Combined TRACON& Tower with Radar,0,15,6,14,35,0,8,22,0,30,0,23,28,14,65,0,137,137,202
05/19/2009,ROW,NM,ASW,WE,Combined TRACON& Tower with Radar,6,18,22,27,73,0,8,10,2,20,6,26,32,29,93,6,24,30,123
05/20/2009,ROW,NM,ASW,WE,Combined TRACON& Tower with Radar,1,13,15,34,63,0,6,29,0,35,1,19,44,34,98,36,72,108,206
05/21/2009,ROW,NM,ASW,WE,Combined TRACON& Tower with Radar,2,16,7,23,48,0,6,56,1,63,2,22,63,24,111,0,54,54,165
05/22/2009,ROW,NM,ASW,WE,Combined TRACON& Tower with Radar,0,12,10,19,41,0,2,5,0,7,0,14,15,19,48,0,0,0,48
05/23/2009,ROW,NM,ASW,WE,Combined TRACON& Tower with Radar,0,9,4,1,14,0,2,1,0,3,0,11,5,1,17,0,0,0,17
05/24/2009,ROW,NM,ASW,WE,Combined TRACON& Tower with Radar,0,7,7,0,14,0,0,12,0,12,0,7,19,0,26,0,6,6,32
05/25/2009,ROW,NM,ASW,WE,Combined TRACON& Tower with Radar,0,14,11,16,41,0,1,17,0,18,0,15,28,16,59,0,19,19,78
05/26/2009,ROW,NM,ASW,WE,Combined TRACON& Tower with Radar,0,10,6,36,52,0,9,11,0,20,0,19,17,36,72,0,0,0,72
05/27/2009,ROW,NM,ASW,WE,Combined TRACON& Tower with Radar,0,25,8,18,51,0,9,18,0,27,0,34,26,18,78,0,0,0,78
05/28/2009,ROW,NM,ASW,WE,Combined TRACON& Tower with Radar,0,12,6,27,45,0,8,23,1,32,0,20,29,28,77,48,30,78,155
05/29/2009,ROW,NM,ASW,WE,Combined TRACON& Tower with Radar,0,14,13,3,30,148,8,19,0,175,148,22,32,3,205,122,30,152,357
05/30/2009,ROW,NM,ASW,WE,Combined TRACON& Tower with Radar,0,5,1,1,7,0,2,8,0,10,0,7,9,1,17,22,10,32,49
05/31/2009,ROW,NM,ASW,WE,Combined TRACON& Tower with Radar,0,10,5,0,15,0,0,19,0,19,0,10,24,0,34,0,0,0,34
06/01/2009,ROW,NM,ASW,WE,Combined TRACON& Tower with Radar,0,11,16,4,31,4,10,10,0,24,4,21,26,4,55,10,4,14,69
06/02/2009,ROW,NM,ASW,WE,Combined TRACON& Tower with Radar,4,20,20,11,55,0,8,14,2,24,4,28,34,13,79,8,16,24,103
06/03/2009,ROW,NM,ASW,WE,Combined TRACON& Tower with Radar,2,10,3,11,26,0,6,15,0,21,2,16,18,11,47,10,12,22,69
06/04/2009,ROW,NM,ASW,WE,Combined TRACON& Tower with Radar,0,13,6,29,48,0,10,11,0,21,0,23,17,29,69,30,52,82,151
06/05/2009,ROW,NM,ASW,WE,Combined TRACON& Tower with Radar,1,13,9,8,31,0,8,55,3,66,1,21,64,11,97,48,10,58,155
06/06/2009,ROW,NM,ASW,WE,Combined TRACON& Tower with Radar,1,5,4,15,25,0,2,19,1,22,1,7,23,16,47,4,6,10,57
06/07/2009,ROW,NM,ASW,WE,Combined TRACON& Tower with Radar,1,9,8,0,18,0,0,11,0,11,1,9,19,0,29,0,0,0,29
06/08/2009,ROW,NM,ASW,WE,Combined TRACON& Tower with Radar,0,8,5,17,30,0,3,9,3,15,0,11,14,20,45,0,24,24,69
06/09/2009,ROW,NM,ASW,WE,Combined TRACON& Tower with Radar,0,11,8,6,25,0,6,15,1,22,0,17,23,7,47,0,40,40,87
06/10/2009,ROW,NM,ASW,WE,Combined TRACON& Tower with Radar,0,15,10,8,33,0,8,221,0,229,0,23,231,8,262,0,0,0,262
06/11/2009,ROW,NM,ASW,WE,Combined TRACON& Tower with Radar,0,12,12,9,33,0,8,88,0,96,0,20,100,9,129,0,0,0,129
06/12/2009,ROW,NM,ASW,WE,Combined TRACON& Tower with Radar,0,10,6,16,32,0,8,54,0,62,0,18,60,16,94,0,28,28,122
06/13/2009,ROW,NM,ASW,WE,Combined TRACON& Tower with Radar,0,6,3,2,11,0,5,2,0,7,0,11,5,2,18,0,0,0,18
06/14/2009,ROW,NM,ASW,WE,Combined TRACON& Tower with Radar,1,5,5,13,24,0,0,12,0,12,1,5,17,13,36,6,0,6,42
06/15/2009,ROW,NM,ASW,WE,Combined TRACON& Tower with Radar,1,19,8,13,41,0,5,13,3,21,1,24,21,16,62,14,16,30,92
06/16/2009,ROW,NM,ASW,WE,Combined TRACON& Tower with Radar,0,14,7,6,27,0,6,5,10,21,0,20,12,16,48,0,20,20,68
06/17/2009,ROW,NM,ASW,WE,Combined TRACON& Tower with Radar,1,9,5,28,43,0,10,57,0,67,1,19,62,28,110,51,14,65,175
06/18/2009,ROW,NM,ASW,WE,Combined TRACON& Tower with Radar,0,10,6,13,29,0,8,35,0,43,0,18,41,13,72,50,0,50,122
06/19/2009,ROW,NM,ASW,WE,Combined TRACON& Tower with Radar,0,14,14,30,58,0,8,115,1,124,0,22,129,31,182,28,62,90,272
06/20/2009,ROW,NM,ASW,WE,Combined TRACON& Tower with Radar,0,11,57,0,68,0,0,30,0,30,0,11,87,0,98,24,0,24,122
06/21/2009,ROW,NM,ASW,WE,Combined TRACON& Tower with Radar,0,8,6,4,18,0,1,20,0,21,0,9,26,4,39,12,0,12,51
06/22/2009,ROW,NM,ASW,WE,Combined TRACON& Tower with Radar,0,14,15,19,48,0,4,11,0,15,0,18,26,19,63,0,18,18,81
06/23/2009,ROW,NM,ASW,WE,Combined TRACON& Tower with Radar,0,15,5,18,38,0,5,13,0,18,0,20,18,18,56,0,36,36,92
06/24/2009,ROW,NM,ASW,WE,Combined TRACON& Tower with Radar,0,9,4,20,33,0,6,18,1,25,0,15,22,21,58,4,32,36,94
06/25/2009,ROW,NM,ASW,WE,Combined TRACON& Tower with Radar,0,13,12,18,43,0,10,43,0,53,0,23,55,18,96,10,24,34,130
06/26/2009,ROW,NM,ASW,WE,Combined TRACON& Tower with Radar,0,20,9,38,67,0,12,8,0,20,0,32,17,38,87,0,0,0,87
06/27/2009,ROW,NM,ASW,WE,Combined TRACON& Tower with Radar,0,9,1,0,10,0,3,8,0,11,0,12,9,0,21,38,0,38,59
06/28/2009,ROW,NM,ASW,WE,Combined TRACON& Tower with Radar,0,5,3,0,8,0,0,7,0,7,0,5,10,0,15,4,0,4,19
06/29/2009,ROW,NM,ASW,WE,Combined TRACON& Tower with Radar,1,10,4,29,44,0,4,13,2,19,1,14,17,31,63,12,28,40,103
06/30/2009,ROW,NM,ASW,WE,Combined TRACON& Tower with Radar,0,11,3,19,33,0,4,18,4,26,0,15,21,23,59,10,34,44,103
07/01/2009,ROW,NM,ASW,WE,Combined TRACON& Tower with Radar,0,15,6,96,117,0,8,50,0,58,0,23,56,96,175,0,162,162,337
07/02/2009,ROW,NM,ASW,WE,Combined TRACON& Tower with Radar,0,12,5,49,66,0,5,109,2,116,0,17,114,51,182,26,46,72,254
07/03/2009,ROW,NM,ASW,WE,Combined TRACON& Tower with Radar,0,14,11,0,25,0,5,99,0,104,0,19,110,0,129,0,0,0,129
07/04/2009,ROW,NM,ASW,WE,Combined TRACON& Tower with Radar,0,7,1,0,8,0,0,14,0,14,0,7,15,0,22,0,0,0,22
07/05/2009,ROW,NM,ASW,WE,Combined TRACON& Tower with Radar,1,7,6,0,14,0,1,5,0,6,1,8,11,0,20,0,0,0,20
07/06/2009,ROW,NM,ASW,WE,Combined TRACON& Tower with Radar,0,13,19,2,34,0,6,11,0,17,0,19,30,2,51,0,0,0,51
07/07/2009,ROW,NM,ASW,WE,Combined TRACON& Tower with Radar,1,8,6,39,54,0,8,9,0,17,1,16,15,39,71,0,63,63,134
07/08/2009,ROW,NM,ASW,WE,Combined TRACON& Tower with Radar,0,11,5,13,29,0,5,14,0,19,0,16,19,13,48,0,72,72,120
07/09/2009,ROW,NM,ASW,WE,Combined TRACON& Tower with Radar,0,11,6,29,46,0,5,182,1,188,0,16,188,30,234,0,4,4,238
07/10/2009,ROW,NM,ASW,WE,Combined TRACON& Tower with Radar,0,13,10,27,50,0,10,13,3,26,0,23,23,30,76,44,48,92,168
07/11/2009,ROW,NM,ASW,WE,Combined TRACON& Tower with Radar,0,6,9,0,15,0,2,19,0,21,0,8,28,0,36,0,0,0,36
07/12/2009,ROW,NM,ASW,WE,Combined TRACON& Tower with Radar,0,7,4,7,18,0,0,11,0,11,0,7,15,7,29,2,0,2,31
07/13/2009,ROW,NM,ASW,WE,Combined TRACON& Tower with Radar,3,6,8,19,36,0,6,8,0,14,3,12,16,19,50,47,16,63,113
07/14/2009,ROW,NM,ASW,WE,Combined TRACON& Tower with Radar,0,16,8,6,30,0,8,7,5,20,0,24,15,11,50,0,0,0,50
07/15/2009,ROW,NM,ASW,WE,Combined TRACON& Tower with Radar,0,15,5,14,34,0,9,14,0,23,0,24,19,14,57,14,30,44,101
07/16/2009,ROW,NM,ASW,WE,Combined TRACON& Tower with Radar,0,11,9,25,45,0,4,78,0,82,0,15,87,25,127,14,61,75,202
07/17/2009,ROW,NM,ASW,WE,Combined TRACON& Tower with Radar,0,16,11,22,49,0,10,120,0,130,0,26,131,22,179,2,0,2,181
07/18/2009,ROW,NM,ASW,WE,Combined TRACON& Tower with Radar,0,9,3,0,12,0,2,10,0,12,0,11,13,0,24,10,0,10,34
07/19/2009,ROW,NM,ASW,WE,Combined TRACON& Tower with Radar,0,10,2,4,16,0,0,10,0,10,0,10,12,4,26,0,0,0,26
07/20/2009,ROW,NM,ASW,WE,Combined TRACON& Tower with Radar,0,11,14,4,29,0,6,10,0,16,0,17,24,4,45,6,12,18,63
07/21/2009,ROW,NM,ASW,WE,Combined TRACON& Tower with Radar,0,17,7,40,64,1,8,12,2,23,1,25,19,42,87,30,54,84,171
07/22/2009,ROW,NM,ASW,WE,Combined TRACON& Tower with Radar,0,16,10,26,52,0,4,0,0,4,0,20,10,26,56,4,62,66,122
07/23/2009,ROW,NM,ASW,WE,Combined TRACON& Tower with Radar,0,12,17,63,92,0,4,23,4,31,0,16,40,67,123,46,54,100,223
07/24/2009,ROW,NM,ASW,WE,Combined TRACON& Tower with Radar,1,14,8,58,81,0,15,18,3,36,1,29,26,61,117,18,51,69,186
07/25/2009,ROW,NM,ASW,WE,Combined TRACON& Tower with Radar,0,7,0,0,7,0,3,90,0,93,0,10,90,0,100,10,0,10,110
07/26/2009,ROW,NM,ASW,WE,Combined TRACON& Tower with Radar,0,10,8,5,23,0,0,84,0,84,0,10,92,5,107,0,0,0,107
07/27/2009,ROW,NM,ASW,WE,Combined TRACON& Tower with Radar,0,12,27,24,63,0,5,38,0,43,0,17,65,24,106,70,119,189,295
07/28/2009,ROW,NM,ASW,WE,Combined TRACON& Tower with Radar,0,18,40,102,160,0,8,32,1,41,0,26,72,103,201,195,60,255,456
07/29/2009,ROW,NM,ASW,WE,Combined TRACON& Tower with Radar,0,11,4,19,34,0,6,9,73,88,0,17,13,92,122,0,50,50,172
07/30/2009,ROW,NM,ASW,WE,Combined TRACON& Tower with Radar,0,18,29,26,73,0,10,14,0,24,0,28,43,26,97,14,175,189,286
07/31/2009,ROW,NM,ASW,WE,Combined TRACON& Tower with Radar,3,16,14,49,82,0,12,18,2,32,3,28,32,51,114,90,62,152,266
08/01/2009,ROW,NM,ASW,WE,Combined TRACON& Tower with Radar,0,6,18,4,28,0,3,63,0,66,0,9,81,4,94,64,0,64,158
08/02/2009,ROW,NM,ASW,WE,Combined TRACON& Tower with Radar,0,6,10,1,17,0,4,17,0,21,0,10,27,1,38,54,0,54,92
08/03/2009,ROW,NM,ASW,WE,Combined TRACON& Tower with Radar,1,9,12,4,26,0,7,13,0,20,1,16,25,4,46,72,8,80,126
08/04/2009,ROW,NM,ASW,WE,Combined TRACON& Tower with Radar,0,20,12,4,36,0,8,14,0,22,0,28,26,4,58,100,0,100,158
08/05/2009,ROW,NM,ASW,WE,Combined TRACON& Tower with Radar,0,10,27,37,74,0,6,20,0,26,0,16,47,37,100,106,136,242,342
08/06/2009,ROW,NM,ASW,WE,Combined TRACON& Tower with Radar,0,12,10,17,39,0,9,11,0,20,0,21,21,17,59,10,76,86,145
08/07/2009,ROW,NM,ASW,WE,Combined TRACON& Tower with Radar,1,12,12,48,73,0,13,12,3,28,1,25,24,51,101,12,52,64,165
08/08/2009,ROW,NM,ASW,WE,Combined TRACON& Tower with Radar,1,6,6,0,13,0,2,17,0,19,1,8,23,0,32,38,0,38,70
08/09/2009,ROW,NM,ASW,WE,Combined TRACON& Tower with Radar,0,8,8,0,16,0,0,11,0,11,0,8,19,0,27,14,0,14,41
08/10/2009,ROW,NM,ASW,WE,Combined TRACON& Tower with Radar,0,14,12,15,41,0,11,4,0,15,0,25,16,15,56,32,12,44,100
08/11/2009,ROW,NM,ASW,WE,Combined TRACON& Tower with Radar,0,9,9,54,72,0,5,18,1,24,0,14,27,55,96,106,90,196,292
08/12/2009,ROW,NM,ASW,WE,Combined TRACON& Tower with Radar,1,13,10,46,70,0,7,13,1,21,1,20,23,47,91,84,34,118,209
08/13/2009,ROW,NM,ASW,WE,Combined TRACON& Tower with Radar,0,12,14,42,68,0,7,32,1,40,0,19,46,43,108,42,36,78,186
08/14/2009,ROW,NM,ASW,WE,Combined TRACON& Tower with Radar,0,14,14,12,40,0,8,7,0,15,0,22,21,12,55,36,18,54,109
08/15/2009,ROW,NM,ASW,WE,Combined TRACON& Tower with Radar,0,6,7,0,13,0,2,25,0,27,0,8,32,0,40,30,0,30,70
08/16/2009,ROW,NM,ASW,WE,Combined TRACON& Tower with Radar,0,8,3,0,11,0,1,3,0,4,0,9,6,0,15,6,0,6,21
08/17/2009,ROW,NM,ASW,WE,Combined TRACON& Tower with Radar,0,12,6,3,21,0,3,8,0,11,0,15,14,3,32,70,30,100,132
08/18/2009,ROW,NM,ASW,WE,Combined TRACON& Tower with Radar,0,12,10,3,25,0,8,11,0,19,0,20,21,3,44,50,0,50,94
08/19/2009,ROW,NM,ASW,WE,Combined TRACON& Tower with Radar,1,14,13,46,74,0,4,13,0,17,1,18,26,46,91,44,104,148,239
08/20/2009,ROW,NM,ASW,WE,Combined TRACON& Tower with Radar,0,15,15,14,44,0,8,54,3,65,0,23,69,17,109,40,66,106,215
08/21/2009,ROW,NM,ASW,WE,Combined TRACON& Tower with Radar,0,14,10,4,28,0,8,13,0,21,0,22,23,4,49,52,8,60,109
08/22/2009,ROW,NM,ASW,WE,Combined TRACON& Tower with Radar,0,7,7,0,14,0,3,11,0,14,0,10,18,0,28,44,0,44,72
08/23/2009,ROW,NM,ASW,WE,Combined TRACON& Tower with Radar,0,8,8,4,20,0,1,12,0,13,0,9,20,4,33,0,0,0,33
08/24/2009,ROW,NM,ASW,WE,Combined TRACON& Tower with Radar,0,10,6,25,41,0,5,11,1,17,0,15,17,26,58,46,28,74,132
08/25/2009,ROW,NM,ASW,WE,Combined TRACON& Tower with Radar,1,12,9,7,29,0,7,9,0,16,1,19,18,7,45,4,0,4,49
08/26/2009,ROW,NM,ASW,WE,Combined TRACON& Tower with Radar,3,10,13,38,64,0,6,13,1,20,3,16,26,39,84,28,120,148,232
08/27/2009,ROW,NM,ASW,WE,Combined TRACON& Tower with Radar,4,15,5,20,44,0,7,21,3,31,4,22,26,23,75,18,104,122,197
08/28/2009,ROW,NM,ASW,WE,Combined TRACON& Tower with Radar,5,13,4,42,64,0,9,26,1,36,5,22,30,43,100,0,112,112,212
08/29/2009,ROW,NM,ASW,WE,Combined TRACON& Tower with Radar,0,6,11,3,20,0,2,18,0,20,0,8,29,3,40,48,4,52,92
08/30/2009,ROW,NM,ASW,WE,Combined TRACON& Tower with Radar,0,9,3,7,19,0,1,5,0,6,0,10,8,7,25,16,0,16,41
08/31/2009,ROW,NM,ASW,WE,Combined TRACON& Tower with Radar,0,16,20,34,70,0,4,6,0,10,0,20,26,34,80,36,104,140,220
09/01/2009,ROW,NM,ASW,WE,Combined TRACON& Tower with Radar,1,9,5,17,32,0,9,13,6,28,1,18,18,23,60,52,37,89,149
09/02/2009,ROW,NM,ASW,WE,Combined TRACON& Tower with Radar,0,11,8,14,33,0,8,9,2,19,0,19,17,16,52,14,18,32,84
09/03/2009,ROW,NM,ASW,WE,Combined TRACON& Tower with Radar,0,10,8,49,67,0,6,9,1,16,0,16,17,50,83,0,38,38,121
09/04/2009,ROW,NM,ASW,WE,Combined TRACON& Tower with Radar,1,10,4,16,31,0,8,11,0,19,1,18,15,16,50,0,56,56,106
09/05/2009,ROW,NM,ASW,WE,Combined TRACON& Tower with Radar,0,9,6,0,15,0,2,18,0,20,0,11,24,0,35,6,0,6,41
09/06/2009,ROW,NM,ASW,WE,Combined TRACON& Tower with Radar,0,10,2,0,12,0,0,11,0,11,0,10,13,0,23,12,0,12,35
09/07/2009,ROW,NM,ASW,WE,Combined TRACON& Tower with Radar,0,9,2,4,15,0,0,13,0,13,0,9,15,4,28,26,6,32,60
09/08/2009,ROW,NM,ASW,WE,Combined TRACON& Tower with Radar,0,20,19,31,70,0,10,13,0,23,0,30,32,31,93,24,100,124,217
09/09/2009,ROW,NM,ASW,WE,Combined TRACON& Tower with Radar,0,18,27,15,60,0,9,15,0,24,0,27,42,15,84,6,100,106,190
09/10/2009,ROW,NM,ASW,WE,Combined TRACON& Tower with Radar,0,15,5,47,67,0,8,7,0,15,0,23,12,47,82,2,56,58,140
09/11/2009,ROW,NM,ASW,WE,Combined TRACON& Tower with Radar,0,13,12,167,192,0,10,20,6,36,0,23,32,173,228,0,152,152,380
09/12/2009,ROW,NM,ASW,WE,Combined TRACON& Tower with Radar,0,7,7,26,40,0,2,16,0,18,0,9,23,26,58,12,0,12,70
09/13/2009,ROW,NM,ASW,WE,Combined TRACON& Tower with Radar,0,11,8,38,57,0,0,7,0,7,0,11,15,38,64,12,0,12,76
09/14/2009,ROW,NM,ASW,WE,Combined TRACON& Tower with Radar,0,16,11,35,62,0,5,0,0,5,0,21,11,35,67,4,44,48,115
09/15/2009,ROW,NM,ASW,WE,Combined TRACON& Tower with Radar,1,16,7,31,55,0,5,10,1,16,1,21,17,32,71,0,30,30,101
09/16/2009,ROW,NM,ASW,WE,Combined TRACON& Tower with Radar,0,13,10,23,46,0,5,5,0,10,0,18,15,23,56,0,14,14,70
09/17/2009,ROW,NM,ASW,WE,Combined TRACON& Tower with Radar,0,19,4,34,57,0,5,3,0,8,0,24,7,34,65,27,34,61,126
09/18/2009,ROW,NM,ASW,WE,Combined TRACON& Tower with Radar,0,19,16,39,74,0,13,12,0,25,0,32,28,39,99,0,32,32,131
09/19/2009,ROW,NM,ASW,WE,Combined TRACON& Tower with Radar,2,7,9,0,18,0,5,2,0,7,2,12,11,0,25,28,0,28,53
09/20/2009,ROW,NM,ASW,WE,Combined TRACON& Tower with Radar,0,11,17,5,33,0,0,9,1,10,0,11,26,6,43,4,4,8,51
09/21/2009,ROW,NM,ASW,WE,Combined TRACON& Tower with Radar,0,8,11,8,27,0,9,54,0,63,0,17,65,8,90,0,16,16,106
09/22/2009,ROW,NM,ASW,WE,Combined TRACON& Tower with Radar,0,11,11,14,36,0,2,20,2,24,0,13,31,16,60,0,48,48,108
09/23/2009,ROW,NM,ASW,WE,Combined TRACON& Tower with Radar,0,11,22,12,45,0,9,43,2,54,0,20,65,14,99,0,42,42,141
09/24/2009,ROW,NM,ASW,WE,Combined TRACON& Tower with Radar,1,16,7,23,47,0,9,12,2,23,1,25,19,25,70,6,54,60,130
09/25/2009,ROW,NM,ASW,WE,Combined TRACON& Tower with Radar,1,8,14,31,54,0,9,18,2,29,1,17,32,33,83,6,90,96,179
09/26/2009,ROW,NM,ASW,WE,Combined TRACON& Tower with Radar,0,7,8,0,15,0,3,25,0,28,0,10,33,0,43,46,0,46,89
09/27/2009,ROW,NM,ASW,WE,Combined TRACON& Tower with Radar,0,10,5,3,18,0,2,34,0,36,0,12,39,3,54,6,6,12,66
09/28/2009,ROW,NM,ASW,WE,Combined TRACON& Tower with Radar,0,10,6,0,16,0,7,6,4,17,0,17,12,4,33,0,66,66,99
09/29/2009,ROW,NM,ASW,WE,Combined TRACON& Tower with Radar,0,12,2,8,22,0,11,25,11,47,0,23,27,19,69,36,10,46,115
09/30/2009,ROW,NM,ASW,WE,Combined TRACON& Tower with Radar,2,15,18,40,75,0,8,7,14,29,2,23,25,54,104,0,20,20,124
10/01/2009,ROW,NM,ASW,WE,Combined TRACON& Tower with Radar,1,7,8,28,44,0,8,14,3,25,1,15,22,31,69,2,38,40,109
10/02/2009,ROW,NM,ASW,WE,Combined TRACON& Tower with Radar,3,14,9,21,47,0,9,23,0,32,3,23,32,21,79,0,38,38,117
10/03/2009,ROW,NM,ASW,WE,Combined TRACON& Tower with Radar,0,7,4,2,13,0,3,6,0,9,0,10,10,2,22,30,0,30,52
10/04/2009,ROW,NM,ASW,WE,Combined TRACON& Tower with Radar,0,10,7,24,41,0,1,12,1,14,0,11,19,25,55,0,4,4,59
10/05/2009,ROW,NM,ASW,WE,Combined TRACON& Tower with Radar,0,11,7,37,55,0,8,12,1,21,0,19,19,38,76,0,22,22,98
10/06/2009,ROW,NM,ASW,WE,Combined TRACON& Tower with Radar,0,13,8,74,95,0,8,29,1,38,0,21,37,75,133,0,108,108,241
10/07/2009,ROW,NM,ASW,WE,Combined TRACON& Tower with Radar,0,16,10,88,114,0,4,7,5,16,0,20,17,93,130,20,172,192,322
10/08/2009,ROW,NM,ASW,WE,Combined TRACON& Tower with Radar,0,11,37,93,141,0,6,40,45,91,0,17,77,138,232,16,110,126,358
10/09/2009,ROW,NM,ASW,WE,Combined TRACON& Tower with Radar,0,11,13,27,51,0,8,14,2,24,0,19,27,29,75,0,38,38,113
10/10/2009,ROW,NM,ASW,WE,Combined TRACON& Tower with Radar,0,12,12,6,30,0,3,30,0,33,0,15,42,6,63,0,0,0,63
10/11/2009,ROW,NM,ASW,WE,Combined TRACON& Tower with Radar,0,11,7,0,18,0,1,0,0,1,0,12,7,0,19,0,0,0,19
10/12/2009,ROW,NM,ASW,WE,Combined TRACON& Tower with Radar,0,11,21,0,32,0,6,8,0,14,0,17,29,0,46,24,0,24,70
10/13/2009,ROW,NM,ASW,WE,Combined TRACON& Tower with Radar,2,15,23,77,117,0,3,24,1,28,2,18,47,78,145,10,38,48,193
10/14/2009,ROW,NM,ASW,WE,Combined TRACON& Tower with Radar,0,8,8,27,43,0,10,16,1,27,0,18,24,28,70,46,60,106,176
10/15/2009,ROW,NM,ASW,WE,Combined TRACON& Tower with Radar,0,10,21,26,57,0,9,37,1,47,0,19,58,27,104,34,10,44,148
10/16/2009,ROW,NM,ASW,WE,Combined TRACON& Tower with Radar,0,14,4,34,52,0,9,27,1,37,0,23,31,35,89,52,36,88,177
10/17/2009,ROW,NM,ASW,WE,Combined TRACON& Tower with Radar,0,6,4,0,10,0,4,23,0,27,0,10,27,0,37,94,0,94,131
10/18/2009,ROW,NM,ASW,WE,Combined TRACON& Tower with Radar,0,5,6,4,15,0,1,26,0,27,0,6,32,4,42,52,4,56,98
10/19/2009,ROW,NM,ASW,WE,Combined TRACON& Tower with Radar,0,11,13,7,31,0,6,15,4,25,0,17,28,11,56,28,16,44,100
10/20/2009,ROW,NM,ASW,WE,Combined TRACON& Tower with Radar,0,14,0,9,23,0,10,9,1,20,0,24,9,10,43,22,0,22,65
10/21/2009,ROW,NM,ASW,WE,Combined TRACON& Tower with Radar,0,20,17,13,50,0,3,4,0,7,0,23,21,13,57,22,34,56,113
10/22/2009,ROW,NM,ASW,WE,Combined TRACON& Tower with Radar,0,14,10,53,77,0,9,15,4,28,0,23,25,57,105,6,154,160,265
10/23/2009,ROW,NM,ASW,WE,Combined TRACON& Tower with Radar,0,12,11,55,78,0,10,28,3,41,0,22,39,58,119,8,30,38,157
10/24/2009,ROW,NM,ASW,WE,Combined TRACON& Tower with Radar,0,10,0,10,20,0,3,11,0,14,0,13,11,10,34,0,14,14,48
10/25/2009,ROW,NM,ASW,WE,Combined TRACON& Tower with Radar,0,10,11,13,34,0,0,16,0,16,0,10,27,13,50,2,0,2,52
10/26/2009,ROW,NM,ASW,WE,Combined TRACON& Tower with Radar,0,15,6,29,50,0,2,3,12,17,0,17,9,41,67,24,62,86,153
10/27/2009,ROW,NM,ASW,WE,Combined TRACON& Tower with Radar,1,15,34,13,63,0,3,16,0,19,1,18,50,13,82,36,6,42,124
10/28/2009,ROW,NM,ASW,WE,Combined TRACON& Tower with Radar,0,19,19,46,84,0,4,9,1,14,0,23,28,47,98,0,20,20,118
10/29/2009,ROW,NM,ASW,WE,Combined TRACON& Tower with Radar,0,17,10,49,76,0,4,15,1,20,0,21,25,50,96,6,52,58,154
10/30/2009,ROW,NM,ASW,WE,Combined TRACON& Tower with Radar,0,13,10,28,51,0,10,6,0,16,0,23,16,28,67,0,42,42,109
10/31/2009,ROW,NM,ASW,WE,Combined TRACON& Tower with Radar,0,7,6,0,13,0,6,11,0,17,0,13,17,0,30,0,0,0,30
11/01/2009,ROW,NM,ASW,WE,Combined TRACON& Tower with Radar,3,10,4,0,17,0,5,11,0,16,3,15,15,0,33,0,0,0,33
11/02/2009,ROW,NM,ASW,WE,Combined TRACON& Tower with Radar,0,9,28,34,71,0,6,3,1,10,0,15,31,35,81,0,14,14,95
11/03/2009,ROW,NM,ASW,WE,Combined TRACON& Tower with Radar,0,13,10,44,67,0,7,17,1,25,0,20,27,45,92,8,72,80,172
11/04/2009,ROW,NM,ASW,WE,Combined TRACON& Tower with Radar,1,11,10,7,29,0,6,16,2,24,1,17,26,9,53,0,18,18,71
11/05/2009,ROW,NM,ASW,WE,Combined TRACON& Tower with Radar,10,10,13,12,45,0,10,17,0,27,10,20,30,12,72,0,0,0,72
11/06/2009,ROW,NM,ASW,WE,Combined TRACON& Tower with Radar,0,12,4,43,59,0,8,14,1,23,0,20,18,44,82,6,28,34,116
11/07/2009,ROW,NM,ASW,WE,Combined TRACON& Tower with Radar,0,7,7,3,17,0,4,15,0,19,0,11,22,3,36,0,0,0,36
11/08/2009,ROW,NM,ASW,WE,Combined TRACON& Tower with Radar,0,11,16,45,72,0,1,14,0,15,0,12,30,45,87,0,0,0,87
11/09/2009,ROW,NM,ASW,WE,Combined TRACON& Tower with Radar,0,14,11,50,75,0,5,16,0,21,0,19,27,50,96,0,108,108,204
11/10/2009,ROW,NM,ASW,WE,Combined TRACON& Tower with Radar,0,15,5,36,56,0,6,9,0,15,0,21,14,36,71,6,78,84,155
11/11/2009,ROW,NM,ASW,WE,Combined TRACON& Tower with Radar,2,15,7,0,24,0,6,28,2,36,2,21,35,2,60,0,0,0,60
11/12/2009,ROW,NM,ASW,WE,Combined TRACON& Tower with Radar,3,11,7,33,54,0,6,15,1,22,3,17,22,34,76,12,32,44,120
11/13/2009,ROW,NM,ASW,WE,Combined TRACON& Tower with Radar,2,14,9,34,59,0,7,47,8,62,2,21,56,42,121,12,48,60,181
11/14/2009,ROW,NM,ASW,WE,Combined TRACON& Tower with Radar,0,8,10,17,35,0,4,2,3,9,0,12,12,20,44,0,18,18,62
11/15/2009,ROW,NM,ASW,WE,Combined TRACON& Tower with Radar,0,10,5,2,17,0,0,14,0,14,0,10,19,2,31,0,8,8,39
11/16/2009,ROW,NM,ASW,WE,Combined TRACON& Tower with Radar,0,6,18,49,73,0,6,18,3,27,0,12,36,52,100,28,106,134,234
11/17/2009,ROW,NM,ASW,WE,Combined TRACON& Tower with Radar,0,11,19,34,64,0,5,16,3,24,0,16,35,37,88,26,28,54,142
11/18/2009,ROW,NM,ASW,WE,Combined TRACON& Tower with Radar,0,19,31,35,85,0,8,28,3,39,0,27,59,38,124,100,86,186,310
11/19/2009,ROW,NM,ASW,WE,Combined TRACON& Tower with Radar,0,10,18,31,59,0,6,26,0,32,0,16,44,31,91,8,8,16,107
11/20/2009,ROW,NM,ASW,WE,Combined TRACON& Tower with Radar,0,15,25,33,73,0,1,23,2,26,0,16,48,35,99,18,82,100,199
11/21/2009,ROW,NM,ASW,WE,Combined TRACON& Tower with Radar,2,9,8,27,46,0,2,13,0,15,2,11,21,27,61,10,0,10,71
11/22/2009,ROW,NM,ASW,WE,Combined TRACON& Tower with Radar,0,14,12,0,26,0,2,12,0,14,0,16,24,0,40,12,0,12,52
11/23/2009,ROW,NM,ASW,WE,Combined TRACON& Tower with Radar,1,7,11,50,69,0,3,19,3,25,1,10,30,53,94,0,48,48,142
11/24/2009,ROW,NM,ASW,WE,Combined TRACON& Tower with Radar,1,16,23,51,91,0,7,38,2,47,1,23,61,53,138,42,66,108,246
11/25/2009,ROW,NM,ASW,WE,Combined TRACON& Tower with Radar,3,17,8,2,30,0,3,24,2,29,3,20,32,4,59,6,12,18,77
11/26/2009,ROW,NM,ASW,WE,Combined TRACON& Tower with Radar,0,5,2,0,7,0,1,8,0,9,0,6,10,0,16,4,0,4,20
11/27/2009,ROW,NM,ASW,WE,Combined TRACON& Tower with Radar,0,12,4,2,18,0,8,17,0,25,0,20,21,2,43,74,0,74,117
11/28/2009,ROW,NM,ASW,WE,Combined TRACON& Tower with Radar,0,7,5,0,12,0,4,15,0,19,0,11,20,0,31,56,0,56,87
11/29/2009,ROW,NM,ASW,WE,Combined TRACON& Tower with Radar,0,7,16,0,23,0,0,1,0,1,0,7,17,0,24,0,0,0,24
11/30/2009,ROW,NM,ASW,WE,Combined TRACON& Tower with Radar,1,26,18,17,62,0,0,6,0,6,1,26,24,17,68,50,34,84,152
12/01/2009,ROW,NM,ASW,WE,Combined TRACON& Tower with Radar,1,23,11,0,35,0,0,6,0,6,1,23,17,0,41,0,0,0,41
12/02/2009,ROW,NM,ASW,WE,Combined TRACON& Tower with Radar,2,22,20,68,112,0,7,9,4,20,2,29,29,72,132,10,58,68,200
12/03/2009,ROW,NM,ASW,WE,Combined TRACON& Tower with Radar,0,13,9,9,31,0,0,3,0,3,0,13,12,9,34,0,0,0,34
12/04/2009,ROW,NM,ASW,WE,Combined TRACON& Tower with Radar,0,19,4,9,32,0,4,10,0,14,0,23,14,9,46,0,6,6,52
12/05/2009,ROW,NM,ASW,WE,Combined TRACON& Tower with Radar,1,8,18,2,29,0,2,7,0,9,1,10,25,2,38,76,0,76,114
12/06/2009,ROW,NM,ASW,WE,Combined TRACON& Tower with Radar,0,10,7,2,19,0,1,9,4,14,0,11,16,6,33,80,0,80,113
12/07/2009,ROW,NM,ASW,WE,Combined TRACON& Tower with Radar,0,15,17,30,62,0,0,0,0,0,0,15,17,30,62,4,0,4,66
12/08/2009,ROW,NM,ASW,WE,Combined TRACON& Tower with Radar,0,14,8,3,25,0,4,2,0,6,0,18,10,3,31,0,0,0,31
12/09/2009,ROW,NM,ASW,WE,Combined TRACON& Tower with Radar,3,14,16,83,116,0,5,18,4,27,3,19,34,87,143,20,64,84,227
12/10/2009,ROW,NM,ASW,WE,Combined TRACON& Tower with Radar,0,13,19,26,58,0,8,26,32,66,0,21,45,58,124,126,46,172,296
12/11/2009,ROW,NM,ASW,WE,Combined TRACON& Tower with Radar,1,18,10,37,66,0,8,9,3,20,1,26,19,40,86,6,24,30,116
12/12/2009,ROW,NM,ASW,WE,Combined TRACON& Tower with Radar,0,8,18,30,56,0,5,10,1,16,0,13,28,31,72,8,4,12,84
12/13/2009,ROW,NM,ASW,WE,Combined TRACON& Tower with Radar,1,7,8,4,20,0,0,10,0,10,1,7,18,4,30,8,12,20,50
12/14/2009,ROW,NM,ASW,WE,Combined TRACON& Tower with Radar,0,23,19,16,58,0,5,11,0,16,0,28,30,16,74,34,0,34,108
12/15/2009,ROW,NM,ASW,WE,Combined TRACON& Tower with Radar,0,22,16,44,82,0,6,24,0,30,0,28,40,44,112,28,76,104,216
12/16/2009,ROW,NM,ASW,WE,Combined TRACON& Tower with Radar,1,15,17,43,76,0,8,19,0,27,1,23,36,43,103,6,124,130,233
12/17/2009,ROW,NM,ASW,WE,Combined TRACON& Tower with Radar,0,12,15,83,110,0,10,32,3,45,0,22,47,86,155,0,142,142,297
12/18/2009,ROW,NM,ASW,WE,Combined TRACON& Tower with Radar,0,13,6,45,64,0,7,22,4,33,0,20,28,49,97,0,46,46,143
12/19/2009,ROW,NM,ASW,WE,Combined TRACON& Tower with Radar,0,8,19,17,44,0,4,11,0,15,0,12,30,17,59,2,4,6,65
12/20/2009,ROW,NM,ASW,WE,Combined TRACON& Tower with Radar,0,8,2,13,23,0,0,9,0,9,0,8,11,13,32,0,0,0,32
12/21/2009,ROW,NM,ASW,WE,Combined TRACON& Tower with Radar,0,13,2,13,28,0,2,10,1,13,0,15,12,14,41,0,26,26,67
12/22/2009,ROW,NM,ASW,WE,Combined TRACON& Tower with Radar,0,15,26,0,41,0,9,10,0,19,0,24,36,0,60,0,0,0,60
12/23/2009,ROW,NM,ASW,WE,Combined TRACON& Tower with Radar,0,25,12,21,58,0,0,2,0,2,0,25,14,21,60,0,0,0,60
12/24/2009,ROW,NM,ASW,WE,Combined TRACON& Tower with Radar,0,9,5,0,14,0,4,4,0,8,0,13,9,0,22,0,0,0,22
12/25/2009,ROW,NM,ASW,WE,Combined TRACON& Tower with Radar,0,9,0,0,9,0,0,4,0,4,0,9,4,0,13,0,0,0,13
12/26/2009,ROW,NM,ASW,WE,Combined TRACON& Tower with Radar,0,7,13,0,20,0,2,12,0,14,0,9,25,0,34,8,0,8,42
12/27/2009,ROW,NM,ASW,WE,Combined TRACON& Tower with Radar,0,5,7,0,12,0,3,6,0,9,0,8,13,0,21,0,0,0,21
12/28/2009,ROW,NM,ASW,WE,Combined TRACON& Tower with Radar,0,18,19,5,42,0,5,14,0,19,0,23,33,5,61,4,0,4,65
12/29/2009,ROW,NM,ASW,WE,Combined TRACON& Tower with Radar,0,19,9,0,28,0,0,0,0,0,0,19,9,0,28,22,0,22,50
12/30/2009,ROW,NM,ASW,WE,Combined TRACON& Tower with Radar,0,17,7,9,33,0,3,17,1,21,0,20,24,10,54,30,0,30,84
12/31/2009,ROW,NM,ASW,WE,Combined TRACON& Tower with Radar,0,14,15,0,29,0,3,4,0,7,0,17,19,0,36,0,0,0,36
01/01/2010,ROW,NM,ASW,WE,Combined TRACON& Tower with Radar,0,8,4,0,12,0,1,8,0,9,0,9,12,0,21,22,0,22,43
01/02/2010,ROW,NM,ASW,WE,Combined TRACON& Tower with Radar,1,6,12,0,19,0,5,20,0,25,1,11,32,0,44,0,0,0,44
01/03/2010,ROW,NM,ASW,WE,Combined TRACON& Tower with Radar,0,7,19,12,38,0,0,9,0,9,0,7,28,12,47,0,0,0,47
01/04/2010,ROW,NM,ASW,WE,Combined TRACON& Tower with Radar,0,12,33,18,63,0,1,14,0,15,0,13,47,18,78,6,32,38,116
01/05/2010,ROW,NM,ASW,WE,Combined TRACON& Tower with Radar,2,9,27,26,64,0,8,23,7,38,2,17,50,33,102,0,118,118,220
01/06/2010,ROW,NM,ASW,WE,Combined TRACON& Tower with Radar,0,12,26,11,49,0,8,21,2,31,0,20,47,13,80,0,56,56,136
01/07/2010,ROW,NM,ASW,WE,Combined TRACON& Tower with Radar,0,15,13,25,53,0,3,7,1,11,0,18,20,26,64,0,30,30,94
01/08/2010,ROW,NM,ASW,WE,Combined TRACON& Tower with Radar,0,16,24,17,57,0,4,13,3,20,0,20,37,20,77,0,22,22,99
01/09/2010,ROW,NM,ASW,WE,Combined TRACON& Tower with Radar,5,106,8,0,119,0,88,9,2,99,5,194,17,2,218,258,0,258,476
01/10/2010,ROW,NM,ASW,WE,Combined TRACON& Tower with Radar,0,8,5,30,43,0,0,12,0,12,0,8,17,30,55,0,0,0,55
01/11/2010,ROW,NM,ASW,WE,Combined TRACON& Tower with Radar,0,8,17,63,88,0,5,37,1,43,0,13,54,64,131,18,18,36,167
01/12/2010,ROW,NM,ASW,WE,Combined TRACON& Tower with Radar,0,10,8,57,75,0,5,27,2,34,0,15,35,59,109,24,80,104,213
01/13/2010,ROW,NM,ASW,WE,Combined TRACON& Tower with Radar,0,13,42,57,112,0,2,16,2,20,0,15,58,59,132,48,116,164,296
01/14/2010,ROW,NM,ASW,WE,Combined TRACON& Tower with Radar,0,12,14,24,50,0,4,26,4,34,0,16,40,28,84,32,52,84,168
01/15/2010,ROW,NM,ASW,WE,Combined TRACON& Tower with Radar,0,13,21,138,172,0,8,19,11,38,0,21,40,149,210,16,178,194,404
01/16/2010,ROW,NM,ASW,WE,Combined TRACON& Tower with Radar,0,13,5,54,72,0,6,22,6,34,0,19,27,60,106,16,18,34,140
01/17/2010,ROW,NM,ASW,WE,Combined TRACON& Tower with Radar,0,9,5,16,30,0,1,6,16,23,0,10,11,32,53,0,8,8,61
01/18/2010,ROW,NM,ASW,WE,Combined TRACON& Tower with Radar,1,11,36,32,80,0,1,25,0,26,1,12,61,32,106,32,26,58,164
01/19/2010,ROW,NM,ASW,WE,Combined TRACON& Tower with Radar,0,16,4,23,43,0,1,5,2,8,0,17,9,25,51,0,0,0,51
01/20/2010,ROW,NM,ASW,WE,Combined TRACON& Tower with Radar,0,16,11,41,68,0,5,7,6,18,0,21,18,47,86,0,88,88,174
01/21/2010,ROW,NM,ASW,WE,Combined TRACON& Tower with Radar,0,19,31,89,139,0,3,6,1,10,0,22,37,90,149,16,84,100,249
01/22/2010,ROW,NM,ASW,WE,Combined TRACON& Tower with Radar,3,20,10,5,38,0,1,0,0,1,3,21,10,5,39,0,0,0,39
01/23/2010,ROW,NM,ASW,WE,Combined TRACON& Tower with Radar,0,7,4,6,17,0,3,3,0,6,0,10,7,6,23,0,0,0,23
01/24/2010,ROW,NM,ASW,WE,Combined TRACON& Tower with Radar,0,7,3,3,13,0,0,3,0,3,0,7,6,3,16,0,0,0,16
01/25/2010,ROW,NM,ASW,WE,Combined TRACON& Tower with Radar,0,8,9,7,24,0,4,11,0,15,0,12,20,7,39,0,0,0,39
01/26/2010,ROW,NM,ASW,WE,Combined TRACON& Tower with Radar,0,14,16,14,44,0,4,17,0,21,0,18,33,14,65,38,16,54,119
01/27/2010,ROW,NM,ASW,WE,Combined TRACON& Tower with Radar,2,12,20,42,76,0,7,14,3,24,2,19,34,45,100,8,28,36,136
01/28/2010,ROW,NM,ASW,WE,Combined TRACON& Tower with Radar,0,11,10,0,21,0,0,0,0,0,0,11,10,0,21,0,0,0,21
01/29/2010,ROW,NM,ASW,WE,Combined TRACON& Tower with Radar,0,14,13,9,36,0,7,9,2,18,0,21,22,11,54,0,6,6,60
01/30/2010,ROW,NM,ASW,WE,Combined TRACON& Tower with Radar,0,11,5,11,27,0,1,15,1,17,0,12,20,12,44,2,0,2,46
01/31/2010,ROW,NM,ASW,WE,Combined TRACON& Tower with Radar,0,4,4,3,11,0,2,8,0,10,0,6,12,3,21,20,0,20,41
02/01/2010,ROW,NM,ASW,WE,Combined TRACON& Tower with Radar,0,9,14,5,28,0,5,4,0,9,0,14,18,5,37,0,0,0,37
02/02/2010,ROW,NM,ASW,WE,Combined TRACON& Tower with Radar,0,23,9,76,108,0,3,14,0,17,0,26,23,76,125,0,34,34,159
02/03/2010,ROW,NM,ASW,WE,Combined TRACON& Tower with Radar,0,16,6,0,22,0,0,0,0,0,0,16,6,0,22,0,0,0,22
02/04/2010,ROW,NM,ASW,WE,Combined TRACON& Tower with Radar,0,21,27,56,104,0,3,5,0,8,0,24,32,56,112,30,68,98,210
02/05/2010,ROW,NM,ASW,WE,Combined TRACON& Tower with Radar,0,9,8,55,72,0,9,7,3,19,0,18,15,58,91,2,86,88,179
02/06/2010,ROW,NM,ASW,WE,Combined TRACON& Tower with Radar,1,6,20,7,34,0,4,14,18,36,1,10,34,25,70,0,38,38,108
02/07/2010,ROW,NM,ASW,WE,Combined TRACON& Tower with Radar,0,7,4,14,25,0,0,0,0,0,0,7,4,14,25,0,0,0,25
02/08/2010,ROW,NM,ASW,WE,Combined TRACON& Tower with Radar,0,12,12,6,30,0,1,4,37,42,0,13,16,43,72,10,126,136,208
02/09/2010,ROW,NM,ASW,WE,Combined TRACON& Tower with Radar,0,18,22,47,87,0,1,4,45,50,0,19,26,92,137,6,488,494,631
02/10/2010,ROW,NM,ASW,WE,Combined TRACON& Tower with Radar,0,14,15,16,45,0,1,9,12,22,0,15,24,28,67,2,140,142,209
02/11/2010,ROW,NM,ASW,WE,Combined TRACON& Tower with Radar,0,13,27,94,134,0,3,12,89,104,0,16,39,183,238,30,324,354,592
02/12/2010,ROW,NM,ASW,WE,Combined TRACON& Tower with Radar,0,13,15,45,73,0,9,26,83,118,0,22,41,128,191,20,356,376,567
02/13/2010,ROW,NM,ASW,WE,Combined TRACON& Tower with Radar,1,9,2,2,14,0,6,10,65,81,1,15,12,67,95,0,100,100,195
02/14/2010,ROW,NM,ASW,WE,Combined TRACON& Tower with Radar,0,6,1,0,7,0,0,4,0,4,0,6,5,0,11,0,0,0,11
02/15/2010,ROW,NM,ASW,WE,Combined TRACON& Tower with Radar,2,8,23,0,33,0,3,21,0,24,2,11,44,0,57,14,0,14,71
02/16/2010,ROW,NM,ASW,WE,Combined TRACON& Tower with Radar,0,17,7,28,52,0,5,80,53,138,0,22,87,81,190,0,333,333,523
02/17/2010,ROW,NM,ASW,WE,Combined TRACON& Tower with Radar,0,11,14,24,49,0,3,10,66,79,0,14,24,90,128,0,278,278,406
02/18/2010,ROW,NM,ASW,WE,Combined TRACON& Tower with Radar,0,10,9,19,38,0,5,11,77,93,0,15,20,96,131,4,454,458,589
02/19/2010,ROW,NM,ASW,WE,Combined TRACON& Tower with Radar,0,13,12,56,81,0,8,8,83,99,0,21,20,139,180,24,538,562,742
02/20/2010,ROW,NM,ASW,WE,Combined TRACON& Tower with Radar,0,10,7,15,32,0,5,15,113,133,0,15,22,128,165,0,308,308,473
02/21/2010,ROW,NM,ASW,WE,Combined TRACON& Tower with Radar,0,7,9,25,41,0,0,12,0,12,0,7,21,25,53,62,0,62,115
02/22/2010,ROW,NM,ASW,WE,Combined TRACON& Tower with Radar,0,10,25,2,37,0,1,0,8,9,0,11,25,10,46,0,106,106,152
02/23/2010,ROW,NM,ASW,WE,Combined TRACON& Tower with Radar,0,5,17,28,50,0,7,8,54,69,0,12,25,82,119,22,138,160,279
02/24/2010,ROW,NM,ASW,WE,Combined TRACON& Tower with Radar,0,16,20,23,59,0,8,7,71,86,0,24,27,94,145,0,420,420,565
02/25/2010,ROW,NM,ASW,WE,Combined TRACON& Tower with Radar,0,16,14,39,69,0,3,9,133,145,0,19,23,172,214,14,382,396,610
02/26/2010,ROW,NM,ASW,WE,Combined TRACON& Tower with Radar,0,15,9,34,58,0,10,17,124,151,0,25,26,158,209,0,483,483,692
02/27/2010,ROW,NM,ASW,WE,Combined TRACON& Tower with Radar,0,7,3,2,12,0,4,31,30,65,0,11,34,32,77,66,178,244,321
02/28/2010,ROW,NM,ASW,WE,Combined TRACON& Tower with Radar,0,9,10,5,24,0,0,3,0,3,0,9,13,5,27,0,0,0,27
03/01/2010,ROW,NM,ASW,WE,Combined TRACON& Tower with Radar,3,11,7,33,54,0,2,2,9,13,3,13,9,42,67,0,224,224,291
03/02/2010,ROW,NM,ASW,WE,Combined TRACON& Tower with Radar,0,14,24,22,60,0,6,17,95,118,0,20,41,117,178,8,352,360,538
03/03/2010,ROW,NM,ASW,WE,Combined TRACON& Tower with Radar,0,9,8,66,83,0,6,18,87,111,0,15,26,153,194,20,448,468,662
03/04/2010,ROW,NM,ASW,WE,Combined TRACON& Tower with Radar,0,17,19,17,53,0,4,15,26,45,0,21,34,43,98,10,128,138,236
03/05/2010,ROW,NM,ASW,WE,Combined TRACON& Tower with Radar,0,18,13,58,89,0,9,20,25,54,0,27,33,83,143,24,164,188,331
03/06/2010,ROW,NM,ASW,WE,Combined TRACON& Tower with Radar,0,6,6,6,18,0,4,33,86,123,0,10,39,92,141,56,248,304,445
03/07/2010,ROW,NM,ASW,WE,Combined TRACON& Tower with Radar,1,9,8,18,36,0,0,16,0,16,1,9,24,18,52,8,0,8,60
03/08/2010,ROW,NM,ASW,WE,Combined TRACON& Tower with Radar,0,10,13,37,60,0,3,9,34,46,0,13,22,71,106,16,296,312,418
03/09/2010,ROW,NM,ASW,WE,Combined TRACON& Tower with Radar,0,9,21,29,59,0,5,26,93,124,0,14,47,122,183,37,413,450,633
03/10/2010,ROW,NM,ASW,WE,Combined TRACON& Tower with Radar,1,14,15,43,73,0,6,5,32,43,1,20,20,75,116,6,80,86,202
03/11/2010,ROW,NM,ASW,WE,Combined TRACON& Tower with Radar,0,20,9,11,40,0,4,4,32,40,0,24,13,43,80,0,346,346,426
03/12/2010,ROW,NM,ASW,WE,Combined TRACON& Tower with Radar,0,16,11,8,35,0,10,25,66,101,0,26,36,74,136,12,376,388,524
03/13/2010,ROW,NM,ASW,WE,Combined TRACON& Tower with Radar,1,9,4,15,29,0,4,32,87,123,1,13,36,102,152,10,304,314,466
03/14/2010,ROW,NM,ASW,WE,Combined TRACON& Tower with Radar,0,6,4,6,16,0,3,17,14,34,0,9,21,20,50,2,150,152,202
03/15/2010,ROW,NM,ASW,WE,Combined TRACON& Tower with Radar,0,10,21,26,57,0,0,1,0,1,0,10,22,26,58,8,0,8,66
03/16/2010,ROW,NM,ASW,WE,Combined TRACON& Tower with Radar,0,13,7,20,40,0,6,11,96,113,0,19,18,116,153,20,428,448,601
03/17/2010,ROW,NM,ASW,WE,Combined TRACON& Tower with Radar,1,18,10,113,142,0,4,14,74,92,1,22,24,187,234,0,382,382,616
03/18/2010,ROW,NM,ASW,WE,Combined TRACON& Tower with Radar,2,13,15,39,69,0,38,17,69,124,2,51,32,108,193,0,394,394,587
03/19/2010,ROW,NM,ASW,WE,Combined TRACON& Tower with Radar,0,16,12,64,92,0,6,20,67,93,0,22,32,131,185,0,250,250,435
03/20/2010,ROW,NM,ASW,WE,Combined TRACON& Tower with Radar,0,15,6,5,26,0,0,5,9,14,0,15,11,14,40,0,22,22,62
03/21/2010,ROW,NM,ASW,WE,Combined TRACON& Tower with Radar,0,4,6,14,24,0,1,9,0,10,0,5,15,14,34,2,243,245,279
03/22/2010,ROW,NM,ASW,WE,Combined TRACON& Tower with Radar,0,9,4,8,21,0,3,9,47,59,0,12,13,55,80,0,444,444,524
03/23/2010,ROW,NM,ASW,WE,Combined TRACON& Tower with Radar,0,8,2,6,16,0,8,14,52,74,0,16,16,58,90,0,421,421,511
03/24/2010,ROW,NM,ASW,WE,Combined TRACON& Tower with Radar,0,14,13,22,49,0,3,6,32,41,0,17,19,54,90,0,293,293,383
03/25/2010,ROW,NM,ASW,WE,Combined TRACON& Tower with Radar,0,9,12,18,39,0,5,15,58,78,0,14,27,76,117,0,601,601,718
03/26/2010,ROW,NM,ASW,WE,Combined TRACON& Tower with Radar,0,15,7,9,31,0,3,11,35,49,0,18,18,44,80,0,261,261,341
03/27/2010,ROW,NM,ASW,WE,Combined TRACON& Tower with Radar,0,7,10,3,20,0,4,7,50,61,0,11,17,53,81,0,276,276,357
03/28/2010,ROW,NM,ASW,WE,Combined TRACON& Tower with Radar,0,10,10,17,37,0,1,20,2,23,0,11,30,19,60,52,4,56,116
03/29/2010,ROW,NM,ASW,WE,Combined TRACON& Tower with Radar,1,7,12,28,48,0,5,12,67,84,1,12,24,95,132,0,410,410,542
03/30/2010,ROW,NM,ASW,WE,Combined TRACON& Tower with Radar,0,11,4,11,26,0,5,23,38,66,0,16,27,49,92,0,136,136,228
03/31/2010,ROW,NM,ASW,WE,Combined TRACON& Tower with Radar,0,11,4,24,39,0,6,10,18,34,0,17,14,42,73,0,38,38,111
04/01/2010,ROW,NM,ASW,WE,Combined TRACON& Tower with Radar,0,12,6,2,20,0,7,5,0,12,0,19,11,2,32,0,0,0,32
04/02/2010,ROW,NM,ASW,WE,Combined TRACON& Tower with Radar,0,10,10,11,31,0,9,10,1,20,0,19,20,12,51,0,28,28,79
04/03/2010,ROW,NM,ASW,WE,Combined TRACON& Tower with Radar,0,11,2,3,16,0,2,16,2,20,0,13,18,5,36,0,4,4,40
04/04/2010,ROW,NM,ASW,WE,Combined TRACON& Tower with Radar,0,7,2,16,25,0,0,69,0,69,0,7,71,16,94,0,0,0,94
04/05/2010,ROW,NM,ASW,WE,Combined TRACON& Tower with Radar,2,7,12,22,43,0,9,8,6,23,2,16,20,28,66,0,16,16,82
04/06/2010,ROW,NM,ASW,WE,Combined TRACON& Tower with Radar,0,16,7,21,44,0,8,7,5,20,0,24,14,26,64,0,30,30,94
04/07/2010,ROW,NM,ASW,WE,Combined TRACON& Tower with Radar,0,12,8,35,55,0,8,26,5,39,0,20,34,40,94,0,25,25,119
04/08/2010,ROW,NM,ASW,WE,Combined TRACON& Tower with Radar,0,15,3,11,29,0,6,19,13,38,0,21,22,24,67,8,10,18,85
04/09/2010,ROW,NM,ASW,WE,Combined TRACON& Tower with Radar,0,16,8,22,46,0,15,23,5,43,0,31,31,27,89,0,0,0,89
04/10/2010,ROW,NM,ASW,WE,Combined TRACON& Tower with Radar,0,6,2,3,11,0,6,33,0,39,0,12,35,3,50,42,0,42,92
04/11/2010,ROW,NM,ASW,WE,Combined TRACON& Tower with Radar,0,7,3,3,13,0,0,27,6,33,0,7,30,9,46,52,6,58,104
04/12/2010,ROW,NM,ASW,WE,Combined TRACON& Tower with Radar,0,19,14,21,54,0,3,7,15,25,0,22,21,36,79,22,0,22,101
04/13/2010,ROW,NM,ASW,WE,Combined TRACON& Tower with Radar,1,17,10,20,48,0,1,8,2,11,1,18,18,22,59,0,6,6,65
04/14/2010,ROW,NM,ASW,WE,Combined TRACON& Tower with Radar,0,18,10,23,51,0,2,4,7,13,0,20,14,30,64,0,0,0,64
04/15/2010,ROW,NM,ASW,WE,Combined TRACON& Tower with Radar,0,19,8,60,87,0,2,11,5,18,0,21,19,65,105,0,52,52,157
04/16/2010,ROW,NM,ASW,WE,Combined TRACON& Tower with Radar,1,24,23,28,76,0,3,7,0,10,1,27,30,28,86,0,64,64,150
04/17/2010,ROW,NM,ASW,WE,Combined TRACON& Tower with Radar,0,13,4,2,19,0,0,2,0,2,0,13,6,2,21,0,0,0,21
04/18/2010,ROW,NM,ASW,WE,Combined TRACON& Tower with Radar,0,8,10,2,20,0,0,77,0,77,0,8,87,2,97,78,0,78,175
04/19/2010,ROW,NM,ASW,WE,Combined TRACON& Tower with Radar,0,17,21,22,60,0,2,7,0,9,0,19,28,22,69,0,14,14,83
04/20/2010,ROW,NM,ASW,WE,Combined TRACON& Tower with Radar,1,17,10,40,68,0,7,34,0,41,1,24,44,40,109,36,82,118,227
04/21/2010,ROW,NM,ASW,WE,Combined TRACON& Tower with Radar,0,19,14,61,94,0,9,20,2,31,0,28,34,63,125,44,64,108,233
04/22/2010,ROW,NM,ASW,WE,Combined TRACON& Tower with Radar,1,17,18,14,50,0,8,45,1,54,1,25,63,15,104,6,17,23,127
04/23/2010,ROW,NM,ASW,WE,Combined TRACON& Tower with Radar,0,17,6,43,66,0,8,5,15,28,0,25,11,58,94,0,28,28,122
04/24/2010,ROW,NM,ASW,WE,Combined TRACON& Tower with Radar,0,8,2,6,16,0,4,6,5,15,0,12,8,11,31,0,26,26,57
04/25/2010,ROW,NM,ASW,WE,Combined TRACON& Tower with Radar,1,8,11,24,44,0,2,11,0,13,1,10,22,24,57,12,14,26,83
04/26/2010,ROW,NM,ASW,WE,Combined TRACON& Tower with Radar,0,10,8,21,39,0,7,12,19,38,0,17,20,40,77,10,26,36,113
04/27/2010,ROW,NM,ASW,WE,Combined TRACON& Tower with Radar,1,15,2,26,44,0,8,60,46,114,1,23,62,72,158,6,42,48,206
04/28/2010,ROW,NM,ASW,WE,Combined TRACON& Tower with Radar,2,17,11,36,66,0,10,7,12,29,2,27,18,48,95,0,32,32,127
04/29/2010,ROW,NM,ASW,WE,Combined TRACON& Tower with Radar,1,18,8,1,28,0,4,6,0,10,1,22,14,1,38,0,0,0,38
04/30/2010,ROW,NM,ASW,WE,Combined TRACON& Tower with Radar,1,14,9,14,38,0,7,30,9,46,1,21,39,23,84,2,30,32,116
05/01/2010,ROW,NM,ASW,WE,Combined TRACON& Tower with Radar,0,7,1,3,11,0,2,18,4,24,0,9,19,7,35,119,70,189,224
05/02/2010,ROW,NM,ASW,WE,Combined TRACON& Tower with Radar,0,9,6,30,45,0,3,8,2,13,0,12,14,32,58,34,12,46,104
05/03/2010,ROW,NM,ASW,WE,Combined TRACON& Tower with Radar,2,10,9,18,39,0,6,12,27,45,2,16,21,45,84,14,58,72,156
05/04/2010,ROW,NM,ASW,WE,Combined TRACON& Tower with Radar,0,26,14,44,84,0,8,32,11,51,0,34,46,55,135,34,68,102,237
05/05/2010,ROW,NM,ASW,WE,Combined TRACON& Tower with Radar,0,14,11,23,48,0,4,25,0,29,0,18,36,23,77,28,58,86,163
05/06/2010,ROW,NM,ASW,WE,Combined TRACON& Tower with Radar,0,10,9,33,52,0,5,21,1,27,0,15,30,34,79,0,44,44,123
05/07/2010,ROW,NM,ASW,WE,Combined TRACON& Tower with Radar,0,10,6,27,43,0,11,24,0,35,0,21,30,27,78,32,16,48,126
05/08/2010,ROW,NM,ASW,WE,Combined TRACON& Tower with Radar,0,9,8,0,17,1,2,12,0,15,1,11,20,0,32,0,0,0,32
05/09/2010,ROW,NM,ASW,WE,Combined TRACON& Tower with Radar,0,9,10,4,23,0,0,6,0,6,0,9,16,4,29,0,0,0,29
05/10/2010,ROW,NM,ASW,WE,Combined TRACON& Tower with Radar,0,11,7,0,18,0,2,5,0,7,0,13,12,0,25,0,0,0,25
05/11/2010,ROW,NM,ASW,WE,Combined TRACON& Tower with Radar,0,14,10,11,35,0,8,47,0,55,0,22,57,11,90,0,0,0,90
05/12/2010,ROW,NM,ASW,WE,Combined TRACON& Tower with Radar,1,10,8,17,36,0,10,16,1,27,1,20,24,18,63,8,0,8,71
05/13/2010,ROW,NM,ASW,WE,Combined TRACON& Tower with Radar,0,10,12,38,60,0,4,14,2,20,0,14,26,40,80,0,4,4,84
05/14/2010,ROW,NM,ASW,WE,Combined TRACON& Tower with Radar,0,19,8,14,41,0,2,1,3,6,0,21,9,17,47,0,4,4,51
05/15/2010,ROW,NM,ASW,WE,Combined TRACON& Tower with Radar,0,9,14,0,23,0,2,9,0,11,0,11,23,0,34,6,0,6,40
05/16/2010,ROW,NM,ASW,WE,Combined TRACON& Tower with Radar,0,7,7,0,14,0,1,5,15,21,0,8,12,15,35,0,0,0,35
05/17/2010,ROW,NM,ASW,WE,Combined TRACON& Tower with Radar,0,18,7,31,56,0,2,7,0,9,0,20,14,31,65,10,16,26,91
05/18/2010,ROW,NM,ASW,WE,Combined TRACON& Tower with Radar,0,16,8,96,120,0,6,7,1,14,0,22,15,97,134,0,52,52,186
05/19/2010,ROW,NM,ASW,WE,Combined TRACON& Tower with Radar,0,11,10,40,61,0,9,13,2,24,0,20,23,42,85,0,48,48,133
05/20/2010,ROW,NM,ASW,WE,Combined TRACON& Tower with Radar,0,12,2,25,39,0,7,28,1,36,0,19,30,26,75,26,44,70,145
05/21/2010,ROW,NM,ASW,WE,Combined TRACON& Tower with Radar,2,11,6,13,32,0,8,15,1,24,2,19,21,14,56,22,32,54,110
05/22/2010,ROW,NM,ASW,WE,Combined TRACON& Tower with Radar,0,7,6,22,35,0,3,8,9,20,0,10,14,31,55,0,24,24,79
05/23/2010,ROW,NM,ASW,WE,Combined TRACON& Tower with Radar,0,8,11,0,19,0,1,7,0,8,0,9,18,0,27,14,0,14,41
05/24/2010,ROW,NM,ASW,WE,Combined TRACON& Tower with Radar,0,11,11,10,32,0,6,8,1,15,0,17,19,11,47,6,14,20,67
05/25/2010,ROW,NM,ASW,WE,Combined TRACON& Tower with Radar,1,11,8,3,23,0,10,9,0,19,1,21,17,3,42,0,0,0,42
05/26/2010,ROW,NM,ASW,WE,Combined TRACON& Tower with Radar,0,13,20,10,43,0,6,12,1,19,0,19,32,11,62,0,18,18,80
05/27/2010,ROW,NM,ASW,WE,Combined TRACON& Tower with Radar,0,12,13,11,36,0,6,13,0,19,0,18,26,11,55,0,36,36,91
05/28/2010,ROW,NM,ASW,WE,Combined TRACON& Tower with Radar,0,11,7,15,33,0,7,11,2,20,0,18,18,17,53,36,16,52,105
05/29/2010,ROW,NM,ASW,WE,Combined TRACON& Tower with Radar,0,6,2,5,13,0,6,14,0,20,0,12,16,5,33,14,0,14,47
05/30/2010,ROW,NM,ASW,WE,Combined TRACON& Tower with Radar,0,7,3,2,12,0,2,1,0,3,0,9,4,2,15,0,0,0,15
05/31/2010,ROW,NM,ASW,WE,Combined TRACON& Tower with Radar,0,4,13,0,17,0,1,6,0,7,0,5,19,0,24,0,0,0,24
06/01/2010,ROW,NM,ASW,WE,Combined TRACON& Tower with Radar,0,10,8,26,44,0,10,7,0,17,0,20,15,26,61,66,54,120,181
06/02/2010,ROW,NM,ASW,WE,Combined TRACON& Tower with Radar,0,12,15,30,57,0,7,9,2,18,0,19,24,32,75,0,26,26,101
06/03/2010,ROW,NM,ASW,WE,Combined TRACON& Tower with Radar,0,12,6,68,86,0,10,19,2,31,0,22,25,70,117,58,52,110,227
06/04/2010,ROW,NM,ASW,WE,Combined TRACON& Tower with Radar,0,14,4,30,48,0,16,14,0,30,0,30,18,30,78,6,18,24,102
06/05/2010,ROW,NM,ASW,WE,Combined TRACON& Tower with Radar,0,7,0,0,7,0,4,20,2,26,0,11,20,2,33,12,0,12,45
06/06/2010,ROW,NM,ASW,WE,Combined TRACON& Tower with Radar,0,7,8,2,17,0,0,3,0,3,0,7,11,2,20,0,0,0,20
06/07/2010,ROW,NM,ASW,WE,Combined TRACON& Tower with Radar,0,10,6,3,19,0,0,100,0,100,0,10,106,3,119,0,16,16,135
06/08/2010,ROW,NM,ASW,WE,Combined TRACON& Tower with Radar,0,14,8,23,45,0,8,95,0,103,0,22,103,23,148,20,26,46,194
06/09/2010,ROW,NM,ASW,WE,Combined TRACON& Tower with Radar,0,15,6,30,51,0,8,15,1,24,0,23,21,31,75,8,18,26,101
06/10/2010,ROW,NM,ASW,WE,Combined TRACON& Tower with Radar,0,13,8,24,45,0,12,12,2,26,0,25,20,26,71,18,74,92,163
06/11/2010,ROW,NM,ASW,WE,Combined TRACON& Tower with Radar,0,10,8,33,51,0,9,29,4,42,0,19,37,37,93,8,36,44,137
06/12/2010,ROW,NM,ASW,WE,Combined TRACON& Tower with Radar,0,11,0,2,13,0,2,34,0,36,0,13,34,2,49,0,0,0,49
06/13/2010,ROW,NM,ASW,WE,Combined TRACON& Tower with Radar,0,7,7,2,16,0,0,7,2,9,0,7,14,4,25,12,4,16,41
06/14/2010,ROW,NM,ASW,WE,Combined TRACON& Tower with Radar,0,10,4,17,31,0,8,14,0,22,0,18,18,17,53,0,28,28,81
06/15/2010,ROW,NM,ASW,WE,Combined TRACON& Tower with Radar,0,16,9,1,26,0,6,6,1,13,0,22,15,2,39,4,0,4,43
06/16/2010,ROW,NM,ASW,WE,Combined TRACON& Tower with Radar,0,17,9,2,28,0,9,12,0,21,0,26,21,2,49,0,0,0,49
06/17/2010,ROW,NM,ASW,WE,Combined TRACON& Tower with Radar,0,11,7,11,29,0,9,29,0,38,0,20,36,11,67,12,38,50,117
06/18/2010,ROW,NM,ASW,WE,Combined TRACON& Tower with Radar,0,13,8,31,52,0,14,51,1,66,0,27,59,32,118,0,60,60,178
06/19/2010,ROW,NM,ASW,WE,Combined TRACON& Tower with Radar,0,6,1,2,9,0,3,6,0,9,0,9,7,2,18,0,0,0,18
06/20/2010,ROW,NM,ASW,WE,Combined TRACON& Tower with Radar,0,12,2,31,45,0,3,11,1,15,0,15,13,32,60,8,0,8,68
06/21/2010,ROW,NM,ASW,WE,Combined TRACON& Tower with Radar,0,14,6,5,25,0,6,8,0,14,0,20,14,5,39,0,10,10,49
06/22/2010,ROW,NM,ASW,WE,Combined TRACON& Tower with Radar,0,11,6,21,38,0,6,8,3,17,0,17,14,24,55,0,36,36,91
06/23/2010,ROW,NM,ASW,WE,Combined TRACON& Tower with Radar,0,17,8,36,61,0,4,6,1,11,0,21,14,37,72,0,56,56,128
06/24/2010,ROW,NM,ASW,WE,Combined TRACON& Tower with Radar,0,16,5,9,30,0,6,11,4,21,0,22,16,13,51,14,10,24,75
06/25/2010,ROW,NM,ASW,WE,Combined TRACON& Tower with Radar,0,11,14,28,53,0,15,46,1,62,0,26,60,29,115,20,22,42,157
06/26/2010,ROW,NM,ASW,WE,Combined TRACON& Tower with Radar,0,7,8,0,15,0,4,104,0,108,0,11,112,0,123,14,0,14,137
06/27/2010,ROW,NM,ASW,WE,Combined TRACON& Tower with Radar,0,7,4,0,11,0,0,6,0,6,0,7,10,0,17,0,0,0,17
06/28/2010,ROW,NM,ASW,WE,Combined TRACON& Tower with Radar,0,9,1,0,10,0,6,12,0,18,0,15,13,0,28,8,0,8,36
06/29/2010,ROW,NM,ASW,WE,Combined TRACON& Tower with Radar,0,16,9,46,71,0,4,9,3,16,0,20,18,49,87,0,124,124,211
06/30/2010,ROW,NM,ASW,WE,Combined TRACON& Tower with Radar,0,18,7,6,31,0,1,5,1,7,0,19,12,7,38,2,0,2,40
07/01/2010,ROW,NM,ASW,WE,Combined TRACON& Tower with Radar,0,23,3,12,38,0,2,1,0,3,0,25,4,12,41,2,0,2,43
07/02/2010,ROW,NM,ASW,WE,Combined TRACON& Tower with Radar,0,21,5,1,27,0,4,0,0,4,0,25,5,1,31,5,0,5,36
07/03/2010,ROW,NM,ASW,WE,Combined TRACON& Tower with Radar,0,14,3,0,17,0,0,6,0,6,0,14,9,0,23,0,0,0,23
07/04/2010,ROW,NM,ASW,WE,Combined TRACON& Tower with Radar,0,9,7,0,16,0,1,131,0,132,0,10,138,0,148,0,0,0,148
07/05/2010,ROW,NM,ASW,WE,Combined TRACON& Tower with Radar,0,9,7,0,16,0,1,10,0,11,0,10,17,0,27,0,0,0,27
07/06/2010,ROW,NM,ASW,WE,Combined TRACON& Tower with Radar,0,17,8,1,26,0,5,10,3,18,0,22,18,4,44,0,11,11,55
07/07/2010,ROW,NM,ASW,WE,Combined TRACON& Tower with Radar,0,16,6,44,66,0,5,37,0,42,0,21,43,44,108,8,52,60,168
07/08/2010,ROW,NM,ASW,WE,Combined TRACON& Tower with Radar,0,18,7,14,39,0,3,5,1,9,0,21,12,15,48,0,60,60,108
07/09/2010,ROW,NM,ASW,WE,Combined TRACON& Tower with Radar,0,24,8,34,66,0,3,8,0,11,0,27,16,34,77,0,34,34,111
07/10/2010,ROW,NM,ASW,WE,Combined TRACON& Tower with Radar,0,11,7,7,25,0,0,9,0,9,0,11,16,7,34,0,12,12,46
07/11/2010,ROW,NM,ASW,WE,Combined TRACON& Tower with Radar,3,12,4,1,20,0,0,12,1,13,3,12,16,2,33,16,0,16,49
07/12/2010,ROW,NM,ASW,WE,Combined TRACON& Tower with Radar,1,14,8,10,33,0,6,16,0,22,1,20,24,10,55,10,0,10,65
07/13/2010,ROW,NM,ASW,WE,Combined TRACON& Tower with Radar,0,24,22,15,61,0,13,20,11,44,0,37,42,26,105,20,44,64,169
07/14/2010,ROW,NM,ASW,WE,Combined TRACON& Tower with Radar,0,15,13,29,57,0,8,17,1,26,0,23,30,30,83,18,46,64,147
07/15/2010,ROW,NM,ASW,WE,Combined TRACON& Tower with Radar,0,16,27,7,50,0,10,19,4,33,0,26,46,11,83,16,0,16,99
07/16/2010,ROW,NM,ASW,WE,Combined TRACON& Tower with Radar,0,13,10,26,49,0,10,38,1,49,0,23,48,27,98,36,20,56,154
07/17/2010,ROW,NM,ASW,WE,Combined TRACON& Tower with Radar,0,6,4,0,10,0,4,44,1,49,0,10,48,1,59,0,0,0,59
07/18/2010,ROW,NM,ASW,WE,Combined TRACON& Tower with Radar,0,8,13,3,24,0,1,26,4,31,0,9,39,7,55,14,0,14,69
07/19/2010,ROW,NM,ASW,WE,Combined TRACON& Tower with Radar,0,12,3,34,49,0,8,14,4,26,0,20,17,38,75,4,66,70,145
07/20/2010,ROW,NM,ASW,WE,Combined TRACON& Tower with Radar,0,18,8,22,48,0,8,23,3,34,0,26,31,25,82,6,60,66,148
07/21/2010,ROW,NM,ASW,WE,Combined TRACON& Tower with Radar,1,13,43,64,121,0,8,20,5,33,1,21,63,69,154,10,28,38,192
07/22/2010,ROW,NM,ASW,WE,Combined TRACON& Tower with Radar,0,14,10,2,26,0,7,10,7,24,0,21,20,9,50,0,6,6,56
07/23/2010,ROW,NM,ASW,WE,Combined TRACON& Tower with Radar,0,17,7,33,57,0,9,47,2,58,0,26,54,35,115,4,40,44,159
07/24/2010,ROW,NM,ASW,WE,Combined TRACON& Tower with Radar,0,8,6,0,14,0,3,32,10,45,0,11,38,10,59,0,0,0,59
07/25/2010,ROW,NM,ASW,WE,Combined TRACON& Tower with Radar,0,10,3,1,14,0,0,11,1,12,0,10,14,2,26,0,0,0,26
07/26/2010,ROW,NM,ASW,WE,Combined TRACON& Tower with Radar,0,11,11,9,31,0,4,6,6,16,0,15,17,15,47,0,30,30,77
07/27/2010,ROW,NM,ASW,WE,Combined TRACON& Tower with Radar,1,13,14,19,47,0,9,12,0,21,1,22,26,19,68,16,72,88,156
07/28/2010,ROW,NM,ASW,WE,Combined TRACON& Tower with Radar,0,20,13,49,82,0,6,21,0,27,0,26,34,49,109,14,34,48,157
07/29/2010,ROW,NM,ASW,WE,Combined TRACON& Tower with Radar,0,12,17,9,38,0,7,21,1,29,0,19,38,10,67,0,6,6,73
07/30/2010,ROW,NM,ASW,WE,Combined TRACON& Tower with Radar,0,14,11,63,88,0,11,13,10,34,0,25,24,73,122,0,58,58,180
07/31/2010,ROW,NM,ASW,WE,Combined TRACON& Tower with Radar,0,6,8,2,16,0,3,79,2,84,0,9,87,4,100,48,0,48,148
08/01/2010,ROW,NM,ASW,WE,Combined TRACON& Tower with Radar,0,7,2,0,9,0,0,27,0,27,0,7,29,0,36,0,0,0,36
08/02/2010,ROW,NM,ASW,WE,Combined TRACON& Tower with Radar,0,11,4,22,37,0,9,14,2,25,0,20,18,24,62,0,28,28,90
08/03/2010,ROW,NM,ASW,WE,Combined TRACON& Tower with Radar,0,13,11,42,66,0,9,13,3,25,0,22,24,45,91,28,44,72,163
08/04/2010,ROW,NM,ASW,WE,Combined TRACON& Tower with Radar,2,12,8,21,43,0,8,16,0,24,2,20,24,21,67,0,34,34,101
08/05/2010,ROW,NM,ASW,WE,Combined TRACON& Tower with Radar,0,14,24,45,83,0,6,18,2,26,0,20,42,47,109,16,72,88,197
08/06/2010,ROW,NM,ASW,WE,Combined TRACON& Tower with Radar,0,13,3,20,36,0,10,123,1,134,0,23,126,21,170,0,32,32,202
08/07/2010,ROW,NM,ASW,WE,Combined TRACON& Tower with Radar,0,7,1,2,10,0,2,83,1,86,0,9,84,3,96,0,0,0,96
08/08/2010,ROW,NM,ASW,WE,Combined TRACON& Tower with Radar,0,9,5,0,14,0,2,8,0,10,0,11,13,0,24,0,0,0,24
08/09/2010,ROW,NM,ASW,WE,Combined TRACON& Tower with Radar,1,11,7,5,24,0,7,13,0,20,1,18,20,5,44,0,2,2,46
08/10/2010,ROW,NM,ASW,WE,Combined TRACON& Tower with Radar,0,12,5,8,25,0,9,12,0,21,0,21,17,8,46,2,46,48,94
08/11/2010,ROW,NM,ASW,WE,Combined TRACON& Tower with Radar,0,12,11,5,28,0,8,11,0,19,0,20,22,5,47,0,0,0,47
08/12/2010,ROW,NM,ASW,WE,Combined TRACON& Tower with Radar,0,11,8,34,53,0,9,33,0,42,0,20,41,34,95,0,58,58,153
08/13/2010,ROW,NM,ASW,WE,Combined TRACON& Tower with Radar,0,14,9,19,42,0,6,9,0,15,0,20,18,19,57,10,38,48,105
08/14/2010,ROW,NM,ASW,WE,Combined TRACON& Tower with Radar,0,8,8,5,21,0,5,12,2,19,0,13,20,7,40,0,16,16,56
08/15/2010,ROW,NM,ASW,WE,Combined TRACON& Tower with Radar,0,5,4,0,9,0,2,5,0,7,0,7,9,0,16,2,0,2,18
08/16/2010,ROW,NM,ASW,WE,Combined TRACON& Tower with Radar,0,15,14,13,42,0,6,8,0,14,0,21,22,13,56,0,0,0,56
08/17/2010,ROW,NM,ASW,WE,Combined TRACON& Tower with Radar,0,15,16,24,55,0,6,33,0,39,0,21,49,24,94,0,32,32,126
08/18/2010,ROW,NM,ASW,WE,Combined TRACON& Tower with Radar,1,14,8,12,35,0,8,36,0,44,1,22,44,12,79,14,20,34,113
08/19/2010,ROW,NM,ASW,WE,Combined TRACON& Tower with Radar,0,12,14,4,30,0,5,35,0,40,0,17,49,4,70,0,2,2,72
08/20/2010,ROW,NM,ASW,WE,Combined TRACON& Tower with Radar,0,15,16,23,54,0,9,23,0,32,0,24,39,23,86,20,72,92,178
08/21/2010,ROW,NM,ASW,WE,Combined TRACON& Tower with Radar,0,6,2,9,17,0,6,7,4,17,0,12,9,13,34,0,0,0,34
08/22/2010,ROW,NM,ASW,WE,Combined TRACON& Tower with Radar,0,7,2,4,13,0,1,11,1,13,0,8,13,5,26,0,24,24,50
08/23/2010,ROW,NM,ASW,WE,Combined TRACON& Tower with Radar,0,14,7,8,29,0,7,8,0,15,0,21,15,8,44,16,14,30,74
08/24/2010,ROW,NM,ASW,WE,Combined TRACON& Tower with Radar,0,20,10,30,60,0,2,10,0,12,0,22,20,30,72,0,26,26,98
08/25/2010,ROW,NM,ASW,WE,Combined TRACON& Tower with Radar,0,12,11,12,35,0,6,15,2,23,0,18,26,14,58,28,50,78,136
08/26/2010,ROW,NM,ASW,WE,Combined TRACON& Tower with Radar,0,10,6,19,35,0,9,10,0,19,0,19,16,19,54,20,76,96,150
08/27/2010,ROW,NM,ASW,WE,Combined TRACON& Tower with Radar,0,12,15,42,69,0,9,19,4,32,0,21,34,46,101,0,14,14,115
08/28/2010,ROW,NM,ASW,WE,Combined TRACON& Tower with Radar,0,8,6,10,24,0,5,80,2,87,0,13,86,12,111,0,6,6,117
08/29/2010,ROW,NM,ASW,WE,Combined TRACON& Tower with Radar,1,6,1,0,8,0,2,9,1,12,1,8,10,1,20,6,0,6,26
08/30/2010,ROW,NM,ASW,WE,Combined TRACON& Tower with Radar,0,10,5,8,23,0,8,6,1,15,0,18,11,9,38,0,44,44,82
08/31/2010,ROW,NM,ASW,WE,Combined TRACON& Tower with Radar,0,12,13,4,29,0,5,7,2,14,0,17,20,6,43,10,28,38,81
09/01/2010,ROW,NM,ASW,WE,Combined TRACON& Tower with Radar,0,14,5,13,32,0,3,9,2,14,0,17,14,15,46,0,68,68,114
09/02/2010,ROW,NM,ASW,WE,Combined TRACON& Tower with Radar,0,18,11,10,39,0,7,9,3,19,0,25,20,13,58,0,24,24,82
09/03/2010,ROW,NM,ASW,WE,Combined TRACON& Tower with Radar,0,14,13,21,48,0,3,30,0,33,0,17,43,21,81,4,44,48,129
09/04/2010,ROW,NM,ASW,WE,Combined TRACON& Tower with Radar,1,10,4,0,15,0,10,21,0,31,1,20,25,0,46,112,0,112,158
09/05/2010,ROW,NM,ASW,WE,Combined TRACON& Tower with Radar,0,8,9,0,17,0,5,5,0,10,0,13,14,0,27,98,0,98,125
09/06/2010,ROW,NM,ASW,WE,Combined TRACON& Tower with Radar,1,6,5,10,22,0,0,15,0,15,1,6,20,10,37,38,8,46,83
09/07/2010,ROW,NM,ASW,WE,Combined TRACON& Tower with Radar,2,10,11,14,37,0,5,15,0,20,2,15,26,14,57,54,76,130,187
09/08/2010,ROW,NM,ASW,WE,Combined TRACON& Tower with Radar,2,19,5,35,61,0,2,10,4,16,2,21,15,39,77,10,94,104,181
09/09/2010,ROW,NM,ASW,WE,Combined TRACON& Tower with Radar,2,14,12,21,49,0,5,6,12,23,2,19,18,33,72,12,82,94,166
09/10/2010,ROW,NM,ASW,WE,Combined TRACON& Tower with Radar,0,18,19,1,38,0,4,27,3,34,0,22,46,4,72,58,16,74,146
09/11/2010,ROW,NM,ASW,WE,Combined TRACON& Tower with Radar,0,7,5,1,13,0,4,15,4,23,0,11,20,5,36,0,0,0,36
09/12/2010,ROW,NM,ASW,WE,Combined TRACON& Tower with Radar,0,9,6,3,18,0,0,10,0,10,0,9,16,3,28,0,0,0,28
09/13/2010,ROW,NM,ASW,WE,Combined TRACON& Tower with Radar,0,11,6,3,20,0,6,8,1,15,0,17,14,4,35,0,10,10,45
09/14/2010,ROW,NM,ASW,WE,Combined TRACON& Tower with Radar,1,10,9,11,31,0,7,8,0,15,1,17,17,11,46,0,48,48,94
09/15/2010,ROW,NM,ASW,WE,Combined TRACON& Tower with Radar,0,9,9,7,25,0,6,9,0,15,0,15,18,7,40,12,34,46,86
09/16/2010,ROW,NM,ASW,WE,Combined TRACON& Tower with Radar,0,11,9,31,51,0,7,14,3,24,0,18,23,34,75,24,126,150,225
09/17/2010,ROW,NM,ASW,WE,Combined TRACON& Tower with Radar,2,11,13,20,46,1,5,12,0,18,3,16,25,20,64,10,58,68,132
09/18/2010,ROW,NM,ASW,WE,Combined TRACON& Tower with Radar,0,6,5,0,11,13,4,10,0,27,13,10,15,0,38,6,0,6,44
09/19/2010,ROW,NM,ASW,WE,Combined TRACON& Tower with Radar,0,7,8,11,26,1,0,11,0,12,1,7,19,11,38,10,0,10,48
09/20/2010,ROW,NM,ASW,WE,Combined TRACON& Tower with Radar,0,11,18,8,37,0,6,15,0,21,0,17,33,8,58,58,22,80,138
09/21/2010,ROW,NM,ASW,WE,Combined TRACON& Tower with Radar,0,15,30,4,49,0,7,21,3,31,0,22,51,7,80,14,44,58,138
09/22/2010,ROW,NM,ASW,WE,Combined TRACON& Tower with Radar,4,19,16,13,52,0,2,1,2,5,4,21,17,15,57,0,6,6,63
09/23/2010,ROW,NM,ASW,WE,Combined TRACON& Tower with Radar,0,18,14,9,41,0,4,3,0,7,0,22,17,9,48,12,48,60,108
09/24/2010,ROW,NM,ASW,WE,Combined TRACON& Tower with Radar,1,15,10,38,64,0,10,15,7,32,1,25,25,45,96,4,76,80,176
09/25/2010,ROW,NM,ASW,WE,Combined TRACON& Tower with Radar,0,7,4,0,11,0,5,7,0,12,0,12,11,0,23,0,0,0,23
09/26/2010,ROW,NM,ASW,WE,Combined TRACON& Tower with Radar,0,6,3,2,11,0,2,4,1,7,0,8,7,3,18,0,0,0,18
09/27/2010,ROW,NM,ASW,WE,Combined TRACON& Tower with Radar,1,6,7,6,20,0,5,15,3,23,1,11,22,9,43,2,14,16,59
09/28/2010,ROW,NM,ASW,WE,Combined TRACON& Tower with Radar,0,12,6,6,24,0,5,10,7,22,0,17,16,13,46,20,36,56,102
09/29/2010,ROW,NM,ASW,WE,Combined TRACON& Tower with Radar,0,10,6,0,16,0,11,20,1,32,0,21,26,1,48,8,4,12,60
09/30/2010,ROW,NM,ASW,WE,Combined TRACON& Tower with Radar,0,15,13,17,45,0,4,11,3,18,0,19,24,20,63,10,52,62,125
10/01/2010,ROW,NM,ASW,WE,Combined TRACON& Tower with Radar,0,12,11,21,44,0,7,9,2,18,0,19,20,23,62,8,60,68,130
10/02/2010,ROW,NM,ASW,WE,Combined TRACON& Tower with Radar,3,6,0,0,9,0,4,23,1,28,3,10,23,1,37,0,0,0,37
10/03/2010,ROW,NM,ASW,WE,Combined TRACON& Tower with Radar,0,6,8,3,17,0,0,8,3,11,0,6,16,6,28,0,16,16,44
10/04/2010,ROW,NM,ASW,WE,Combined TRACON& Tower with Radar,0,10,16,30,56,0,6,18,1,25,0,16,34,31,81,22,42,64,145
10/05/2010,ROW,NM,ASW,WE,Combined TRACON& Tower with Radar,0,16,8,26,50,0,4,13,9,26,0,20,21,35,76,12,44,56,132
10/06/2010,ROW,NM,ASW,WE,Combined TRACON& Tower with Radar,0,7,15,28,50,0,9,21,7,37,0,16,36,35,87,24,72,96,183
10/07/2010,ROW,NM,ASW,WE,Combined TRACON& Tower with Radar,0,10,13,0,23,0,8,30,0,38,0,18,43,0,61,38,6,44,105
10/08/2010,ROW,NM,ASW,WE,Combined TRACON& Tower with Radar,0,11,20,33,64,0,9,57,0,66,0,20,77,33,130,8,30,38,168
10/09/2010,ROW,NM,ASW,WE,Combined TRACON& Tower with Radar,0,10,3,4,17,0,13,26,0,39,0,23,29,4,56,28,0,28,84
10/10/2010,ROW,NM,ASW,WE,Combined TRACON& Tower with Radar,1,6,14,2,23,0,0,19,0,19,1,6,33,2,42,28,0,28,70
10/11/2010,ROW,NM,ASW,WE,Combined TRACON& Tower with Radar,0,7,11,0,18,0,6,17,0,23,0,13,28,0,41,2,0,2,43
10/12/2010,ROW,NM,ASW,WE,Combined TRACON& Tower with Radar,0,10,21,26,57,0,3,18,0,21,0,13,39,26,78,0,34,34,112
10/13/2010,ROW,NM,ASW,WE,Combined TRACON& Tower with Radar,0,11,10,46,67,0,11,22,8,41,0,22,32,54,108,16,102,118,226
10/14/2010,ROW,NM,ASW,WE,Combined TRACON& Tower with Radar,1,14,10,19,44,0,8,31,6,45,1,22,41,25,89,2,10,12,101
10/15/2010,ROW,NM,ASW,WE,Combined TRACON& Tower with Radar,0,13,14,16,43,0,10,14,0,24,0,23,28,16,67,0,64,64,131
10/16/2010,ROW,NM,ASW,WE,Combined TRACON& Tower with Radar,0,8,4,0,12,0,4,12,0,16,0,12,16,0,28,0,0,0,28
10/17/2010,ROW,NM,ASW,WE,Combined TRACON& Tower with Radar,0,9,5,16,30,0,1,12,0,13,0,10,17,16,43,0,0,0,43
10/18/2010,ROW,NM,ASW,WE,Combined TRACON& Tower with Radar,3,12,8,18,41,0,8,3,5,16,3,20,11,23,57,0,44,44,101
10/19/2010,ROW,NM,ASW,WE,Combined TRACON& Tower with Radar,1,18,12,23,54,0,9,17,3,29,1,27,29,26,83,24,22,46,129
10/20/2010,ROW,NM,ASW,WE,Combined TRACON& Tower with Radar,0,21,8,8,37,0,4,8,39,51,0,25,16,47,88,0,3,3,91
10/21/2010,ROW,NM,ASW,WE,Combined TRACON& Tower with Radar,1,15,12,23,51,0,5,7,2,14,1,20,19,25,65,2,4,6,71
10/22/2010,ROW,NM,ASW,WE,Combined TRACON& Tower with Radar,0,17,5,19,41,0,2,10,2,14,0,19,15,21,55,30,10,40,95
10/23/2010,ROW,NM,ASW,WE,Combined TRACON& Tower with Radar,0,9,5,21,35,0,3,27,0,30,0,12,32,21,65,12,16,28,93
10/24/2010,ROW,NM,ASW,WE,Combined TRACON& Tower with Radar,0,9,4,0,13,0,3,16,0,19,0,12,20,0,32,12,0,12,44
10/25/2010,ROW,NM,ASW,WE,Combined TRACON& Tower with Radar,0,12,6,2,20,0,3,5,2,10,0,15,11,4,30,0,16,16,46
10/26/2010,ROW,NM,ASW,WE,Combined TRACON& Tower with Radar,0,18,4,12,34,0,7,33,6,46,0,25,37,18,80,35,30,65,145
10/27/2010,ROW,NM,ASW,WE,Combined TRACON& Tower with Radar,0,11,10,25,46,0,11,17,3,31,0,22,27,28,77,34,24,58,135
10/28/2010,ROW,NM,ASW,WE,Combined TRACON& Tower with Radar,0,13,15,0,28,0,11,14,9,34,0,24,29,9,62,28,26,54,116
10/29/2010,ROW,NM,ASW,WE,Combined TRACON& Tower with Radar,1,14,9,43,67,0,11,9,1,21,1,25,18,44,88,56,14,70,158
10/30/2010,ROW,NM,ASW,WE,Combined TRACON& Tower with Radar,0,9,16,0,25,0,3,15,0,18,0,12,31,0,43,28,0,28,71
10/31/2010,ROW,NM,ASW,WE,Combined TRACON& Tower with Radar,0,12,4,7,23,0,1,9,0,10,0,13,13,7,33,0,6,6,39
11/01/2010,ROW,NM,ASW,WE,Combined TRACON& Tower with Radar,0,12,5,2,19,0,9,8,0,17,0,21,13,2,36,0,2,2,38
11/02/2010,ROW,NM,ASW,WE,Combined TRACON& Tower with Radar,0,12,4,23,39,0,3,10,6,19,0,15,14,29,58,0,10,10,68
11/03/2010,ROW,NM,ASW,WE,Combined TRACON& Tower with Radar,1,16,8,29,54,0,4,7,1,12,1,20,15,30,66,0,51,51,117
11/04/2010,ROW,NM,ASW,WE,Combined TRACON& Tower with Radar,1,15,21,9,46,0,2,13,0,15,1,17,34,9,61,40,0,40,101
11/05/2010,ROW,NM,ASW,WE,Combined TRACON& Tower with Radar,0,14,10,46,70,0,14,9,0,23,0,28,19,46,93,22,66,88,181
11/06/2010,ROW,NM,ASW,WE,Combined TRACON& Tower with Radar,0,5,4,1,10,0,4,7,2,13,0,9,11,3,23,12,0,12,35
11/07/2010,ROW,NM,ASW,WE,Combined TRACON& Tower with Radar,1,9,4,1,15,0,4,7,0,11,1,13,11,1,26,22,0,22,48
11/08/2010,ROW,NM,ASW,WE,Combined TRACON& Tower with Radar,0,12,4,8,24,0,3,7,0,10,0,15,11,8,34,50,18,68,102
11/09/2010,ROW,NM,ASW,WE,Combined TRACON& Tower with Radar,0,17,5,21,43,0,10,2,0,12,0,27,7,21,55,2,5,7,62
11/10/2010,ROW,NM,ASW,WE,Combined TRACON& Tower with Radar,0,14,10,14,38,0,10,19,4,33,0,24,29,18,71,34,18,52,123
11/11/2010,ROW,NM,ASW,WE,Combined TRACON& Tower with Radar,0,13,6,1,20,0,7,15,0,22,0,20,21,1,42,44,0,44,86
11/12/2010,ROW,NM,ASW,WE,Combined TRACON& Tower with Radar,0,14,6,35,55,0,7,11,5,23,0,21,17,40,78,58,34,92,170
11/13/2010,ROW,NM,ASW,WE,Combined TRACON& Tower with Radar,0,11,8,2,21,0,6,27,0,33,0,17,35,2,54,50,0,50,104
11/14/2010,ROW,NM,ASW,WE,Combined TRACON& Tower with Radar,0,8,3,13,24,0,1,4,0,5,0,9,7,13,29,70,0,70,99
11/15/2010,ROW,NM,ASW,WE,Combined TRACON& Tower with Radar,0,14,6,15,35,0,4,5,2,11,0,18,11,17,46,20,20,40,86
11/16/2010,ROW,NM,ASW,WE,Combined TRACON& Tower with Radar,0,16,2,25,43,0,5,16,1,22,0,21,18,26,65,60,22,82,147
11/17/2010,ROW,NM,ASW,WE,Combined TRACON& Tower with Radar,0,14,15,32,61,0,4,11,1,16,0,18,26,33,77,86,34,120,197
11/18/2010,ROW,NM,ASW,WE,Combined TRACON& Tower with Radar,0,13,11,6,30,0,4,26,0,30,0,17,37,6,60,69,0,69,129
11/19/2010,ROW,NM,ASW,WE,Combined TRACON& Tower with Radar,0,17,9,7,33,0,11,17,2,30,0,28,26,9,63,88,40,128,191
11/20/2010,ROW,NM,ASW,WE,Combined TRACON& Tower with Radar,0,6,8,1,15,0,5,16,0,21,0,11,24,1,36,0,0,0,36
11/21/2010,ROW,NM,ASW,WE,Combined TRACON& Tower with Radar,0,7,3,8,18,0,2,6,2,10,0,9,9,10,28,2,10,12,40
11/22/2010,ROW,NM,ASW,WE,Combined TRACON& Tower with Radar,0,10,6,23,39,0,5,2,1,8,0,15,8,24,47,0,28,28,75
11/23/2010,ROW,NM,ASW,WE,Combined TRACON& Tower with Radar,0,13,12,17,42,0,6,8,0,14,0,19,20,17,56,0,0,0,56
11/24/2010,ROW,NM,ASW,WE,Combined TRACON& Tower with Radar,0,13,7,1,21,0,9,15,10,34,0,22,22,11,55,0,24,24,79
11/25/2010,ROW,NM,ASW,WE,Combined TRACON& Tower with Radar,0,10,1,0,11,0,0,3,0,3,0,10,4,0,14,0,0,0,14
11/26/2010,ROW,NM,ASW,WE,Combined TRACON& Tower with Radar,0,10,5,0,15,0,13,12,1,26,0,23,17,1,41,20,0,20,61
11/27/2010,ROW,NM,ASW,WE,Combined TRACON& Tower with Radar,0,8,7,0,15,0,4,12,0,16,0,12,19,0,31,0,0,0,31
11/28/2010,ROW,NM,ASW,WE,Combined TRACON& Tower with Radar,0,8,12,0,20,0,0,12,0,12,0,8,24,0,32,0,0,0,32
11/29/2010,ROW,NM,ASW,WE,Combined TRACON& Tower with Radar,0,10,10,32,52,0,5,8,0,13,0,15,18,32,65,0,10,10,75
11/30/2010,ROW,NM,ASW,WE,Combined TRACON& Tower with Radar,0,14,6,15,35,0,8,22,1,31,0,22,28,16,66,35,42,77,143
12/01/2010,ROW,NM,ASW,WE,Combined TRACON& Tower with Radar,0,13,13,30,56,0,8,24,4,36,0,21,37,34,92,16,32,48,140
12/02/2010,ROW,NM,ASW,WE,Combined TRACON& Tower with Radar,0,11,12,41,64,0,6,29,0,35,0,17,41,41,99,22,40,62,161
12/03/2010,ROW,NM,ASW,WE,Combined TRACON& Tower with Radar,1,10,4,42,57,0,12,23,2,37,1,22,27,44,94,32,26,58,152
12/04/2010,ROW,NM,ASW,WE,Combined TRACON& Tower with Radar,1,7,4,27,39,0,11,13,8,32,1,18,17,35,71,56,74,130,201
12/05/2010,ROW,NM,ASW,WE,Combined TRACON& Tower with Radar,0,9,1,13,23,0,1,11,1,13,0,10,12,14,36,0,10,10,46
12/06/2010,ROW,NM,ASW,WE,Combined TRACON& Tower with Radar,0,8,6,9,23,0,7,8,1,16,0,15,14,10,39,8,40,48,87
12/07/2010,ROW,NM,ASW,WE,Combined TRACON& Tower with Radar,0,11,11,13,35,0,6,14,5,25,0,17,25,18,60,0,0,0,60
12/08/2010,ROW,NM,ASW,WE,Combined TRACON& Tower with Radar,0,11,9,57,77,0,4,14,6,24,0,15,23,63,101,0,122,122,223
12/09/2010,ROW,NM,ASW,WE,Combined TRACON& Tower with Radar,0,12,14,25,51,0,10,11,3,24,0,22,25,28,75,16,76,92,167
12/10/2010,ROW,NM,ASW,WE,Combined TRACON& Tower with Radar,2,13,5,149,169,0,8,12,3,23,2,21,17,152,192,12,94,106,298
12/11/2010,ROW,NM,ASW,WE,Combined TRACON& Tower with Radar,0,6,3,0,9,0,5,14,0,19,0,11,17,0,28,16,0,16,44
12/12/2010,ROW,NM,ASW,WE,Combined TRACON& Tower with Radar,0,12,3,65,80,0,0,8,1,9,0,12,11,66,89,0,10,10,99
12/13/2010,ROW,NM,ASW,WE,Combined TRACON& Tower with Radar,0,9,15,22,46,0,6,10,1,17,0,15,25,23,63,42,24,66,129
12/14/2010,ROW,NM,ASW,WE,Combined TRACON& Tower with Radar,0,13,4,10,27,0,9,7,3,19,0,22,11,13,46,38,29,67,113
12/15/2010,ROW,NM,ASW,WE,Combined TRACON& Tower with Radar,0,11,21,6,38,0,8,10,1,19,0,19,31,7,57,0,10,10,67
12/16/2010,ROW,NM,ASW,WE,Combined TRACON& Tower with Radar,3,17,14,35,69,0,3,13,2,18,3,20,27,37,87,16,24,40,127
12/17/2010,ROW,NM,ASW,WE,Combined TRACON& Tower with Radar,0,15,8,52,75,0,6,8,18,32,0,21,16,70,107,8,84,92,199
12/18/2010,ROW,NM,ASW,WE,Combined TRACON& Tower with Radar,3,5,18,25,51,0,6,21,4,31,3,11,39,29,82,8,50,58,140
12/19/2010,ROW,NM,ASW,WE,Combined TRACON& Tower with Radar,0,7,9,14,30,0,1,15,0,16,0,8,24,14,46,0,36,36,82
12/20/2010,ROW,NM,ASW,WE,Combined TRACON& Tower with Radar,0,8,3,22,33,0,6,12,2,20,0,14,15,24,53,38,44,82,135
12/21/2010,ROW,NM,ASW,WE,Combined TRACON& Tower with Radar,1,13,12,22,48,0,11,15,3,29,1,24,27,25,77,0,26,26,103
12/22/2010,ROW,NM,ASW,WE,Combined TRACON& Tower with Radar,0,14,6,8,28,0,4,17,1,22,0,18,23,9,50,12,6,18,68
12/23/2010,ROW,NM,ASW,WE,Combined TRACON& Tower with Radar,0,21,10,0,31,0,3,5,0,8,0,24,15,0,39,0,0,0,39
12/24/2010,ROW,NM,ASW,WE,Combined TRACON& Tower with Radar,0,12,2,0,14,0,7,3,0,10,0,19,5,0,24,8,0,8,32
12/25/2010,ROW,NM,ASW,WE,Combined TRACON& Tower with Radar,0,4,2,0,6,0,0,4,0,4,0,4,6,0,10,0,0,0,10
12/26/2010,ROW,NM,ASW,WE,Combined TRACON& Tower with Radar,0,8,8,0,16,0,1,7,0,8,0,9,15,0,24,0,0,0,24
12/27/2010,ROW,NM,ASW,WE,Combined TRACON& Tower with Radar,0,14,8,10,32,0,4,17,1,22,0,18,25,11,54,6,14,20,74
12/28/2010,ROW,NM,ASW,WE,Combined TRACON& Tower with Radar,0,17,2,24,43,0,2,10,7,19,0,19,12,31,62,28,24,52,114
12/29/2010,ROW,NM,ASW,WE,Combined TRACON& Tower with Radar,0,17,4,27,48,0,2,13,0,15,0,19,17,27,63,0,38,38,101
12/30/2010,ROW,NM,ASW,WE,Combined TRACON& Tower with Radar,1,15,6,9,31,0,4,5,0,9,1,19,11,9,40,0,0,0,40
12/31/2010,ROW,NM,ASW,WE,Combined TRACON& Tower with Radar,0,15,15,0,30,0,2,4,0,6,0,17,19,0,36,0,0,0,36
01/01/2011,ROW,NM,ASW,WE,Combined TRACON& Tower with Radar,0,6,19,0,25,0,3,7,0,10,0,9,26,0,35,0,0,0,35
01/02/2011,ROW,NM,ASW,WE,Combined TRACON& Tower with Radar,0,7,15,2,24,0,1,7,0,8,0,8,22,2,32,26,6,32,64
01/03/2011,ROW,NM,ASW,WE,Combined TRACON& Tower with Radar,1,11,4,0,16,0,6,13,0,19,1,17,17,0,35,10,0,10,45
01/04/2011,ROW,NM,ASW,WE,Combined TRACON& Tower with Radar,0,15,13,20,48,0,2,11,4,17,0,17,24,24,65,0,26,26,91
01/05/2011,ROW,NM,ASW,WE,Combined TRACON& Tower with Radar,0,11,2,43,56,0,5,13,3,21,0,16,15,46,77,0,28,28,105
01/06/2011,ROW,NM,ASW,WE,Combined TRACON& Tower with Radar,1,13,8,26,48,0,8,19,9,36,1,21,27,35,84,44,20,64,148
01/07/2011,ROW,NM,ASW,WE,Combined TRACON& Tower with Radar,0,13,5,37,55,0,9,5,0,14,0,22,10,37,69,0,50,50,119
01/08/2011,ROW,NM,ASW,WE,Combined TRACON& Tower with Radar,0,9,1,7,17,0,5,13,6,24,0,14,14,13,41,10,20,30,71
01/09/2011,ROW,NM,ASW,WE,Combined TRACON& Tower with Radar,0,3,4,2,9,0,0,7,7,14,0,3,11,9,23,0,12,12,35
01/10/2011,ROW,NM,ASW,WE,Combined TRACON& Tower with Radar,0,14,9,53,76,0,2,8,4,14,0,16,17,57,90,6,64,70,160
01/11/2011,ROW,NM,ASW,WE,Combined TRACON& Tower with Radar,0,17,5,52,74,0,7,21,5,33,0,24,26,57,107,0,66,66,173
01/12/2011,ROW,NM,ASW,WE,Combined TRACON& Tower with Radar,0,17,14,3,34,0,2,11,5,18,0,19,25,8,52,4,22,26,78
01/13/2011,ROW,NM,ASW,WE,Combined TRACON& Tower with Radar,2,20,5,46,73,0,3,17,32,52,2,23,22,78,125,6,152,158,283
01/14/2011,ROW,NM,ASW,WE,Combined TRACON& Tower with Radar,0,14,8,86,108,0,7,16,7,30,0,21,24,93,138,0,64,64,202
01/15/2011,ROW,NM,ASW,WE,Combined TRACON& Tower with Radar,0,6,14,17,37,0,5,12,9,26,0,11,26,26,63,10,4,14,77
01/16/2011,ROW,NM,ASW,WE,Combined TRACON& Tower with Radar,0,9,4,25,38,0,3,8,3,14,0,12,12,28,52,4,20,24,76
01/17/2011,ROW,NM,ASW,WE,Combined TRACON& Tower with Radar,1,8,6,28,43,0,6,12,3,21,1,14,18,31,64,10,32,42,106
01/18/2011,ROW,NM,ASW,WE,Combined TRACON& Tower with Radar,0,14,2,35,51,0,8,33,5,46,0,22,35,40,97,0,50,50,147
01/19/2011,ROW,NM,ASW,WE,Combined TRACON& Tower with Radar,0,14,21,59,94,0,8,25,6,39,0,22,46,65,133,2,76,78,211
01/20/2011,ROW,NM,ASW,WE,Combined TRACON& Tower with Radar,0,15,7,58,80,0,6,18,4,28,0,21,25,62,108,0,180,180,288
01/21/2011,ROW,NM,ASW,WE,Combined TRACON& Tower with Radar,0,13,11,35,59,0,10,17,1,28,0,23,28,36,87,0,64,64,151
01/22/2011,ROW,NM,ASW,WE,Combined TRACON& Tower with Radar,0,8,5,3,16,0,4,24,0,28,0,12,29,3,44,18,0,18,62
01/23/2011,ROW,NM,ASW,WE,Combined TRACON& Tower with Radar,0,7,11,3,21,0,1,17,0,18,0,8,28,3,39,20,0,20,59
01/24/2011,ROW,NM,ASW,WE,Combined TRACON& Tower with Radar,2,17,11,13,43,0,0,8,0,8,2,17,19,13,51,0,12,12,63
01/25/2011,ROW,NM,ASW,WE,Combined TRACON& Tower with Radar,0,13,7,19,39,0,5,15,0,20,0,18,22,19,59,42,96,138,197
01/26/2011,ROW,NM,ASW,WE,Combined TRACON& Tower with Radar,0,13,12,17,42,0,5,16,1,22,0,18,28,18,64,12,34,46,110
01/27/2011,ROW,NM,ASW,WE,Combined TRACON& Tower with Radar,0,31,9,21,61,0,9,9,0,18,0,40,18,21,79,0,28,28,107
01/28/2011,ROW,NM,ASW,WE,Combined TRACON& Tower with Radar,0,8,7,29,44,0,11,15,3,29,0,19,22,32,73,0,64,64,137
01/29/2011,ROW,NM,ASW,WE,Combined TRACON& Tower with Radar,1,7,1,27,36,0,5,13,0,18,1,12,14,27,54,24,20,44,98
01/30/2011,ROW,NM,ASW,WE,Combined TRACON& Tower with Radar,0,8,6,54,68,0,0,7,2,9,0,8,13,56,77,6,0,6,83
01/31/2011,ROW,NM,ASW,WE,Combined TRACON& Tower with Radar,0,18,4,23,45,0,1,8,1,10,0,19,12,24,55,0,10,10,65
02/01/2011,ROW,NM,ASW,WE,Combined TRACON& Tower with Radar,0,7,2,22,31,0,0,0,0,0,0,7,2,22,31,0,0,0,31
02/02/2011,ROW,NM,ASW,WE,Combined TRACON& Tower with Radar,0,15,0,6,21,0,0,0,0,0,0,15,0,6,21,0,0,0,21
02/03/2011,ROW,NM,ASW,WE,Combined TRACON& Tower with Radar,0,13,2,39,54,0,2,7,0,9,0,15,9,39,63,0,40,40,103
02/04/2011,ROW,NM,ASW,WE,Combined TRACON& Tower with Radar,0,7,2,12,21,0,8,7,0,15,0,15,9,12,36,0,0,0,36
02/05/2011,ROW,NM,ASW,WE,Combined TRACON& Tower with Radar,0,11,4,0,15,0,2,7,1,10,0,13,11,1,25,4,0,4,29
02/06/2011,ROW,NM,ASW,WE,Combined TRACON& Tower with Radar,0,12,2,0,14,0,0,1,0,1,0,12,3,0,15,0,0,0,15
02/07/2011,ROW,NM,ASW,WE,Combined TRACON& Tower with Radar,1,17,8,5,31,0,6,15,4,25,1,23,23,9,56,6,32,38,94
02/08/2011,ROW,NM,ASW,WE,Combined TRACON& Tower with Radar,0,19,8,7,34,0,3,4,2,9,0,22,12,9,43,0,0,0,43
02/09/2011,ROW,NM,ASW,WE,Combined TRACON& Tower with Radar,0,20,3,71,94,0,9,0,0,9,0,29,3,71,103,16,208,224,327
02/10/2011,ROW,NM,ASW,WE,Combined TRACON& Tower with Radar,0,16,4,15,35,0,5,8,0,13,0,21,12,15,48,6,38,44,92
02/11/2011,ROW,NM,ASW,WE,Combined TRACON& Tower with Radar,0,24,20,7,51,0,10,17,2,29,0,34,37,9,80,6,0,6,86
02/12/2011,ROW,NM,ASW,WE,Combined TRACON& Tower with Radar,0,9,2,18,29,0,4,13,10,27,0,13,15,28,56,12,0,12,68
02/13/2011,ROW,NM,ASW,WE,Combined TRACON& Tower with Radar,0,9,8,13,30,0,4,9,2,15,0,13,17,15,45,6,0,6,51
02/14/2011,ROW,NM,ASW,WE,Combined TRACON& Tower with Radar,0,8,5,40,53,0,8,15,8,31,0,16,20,48,84,22,12,34,118
02/15/2011,ROW,NM,ASW,WE,Combined TRACON& Tower with Radar,0,16,11,22,49,0,11,20,15,46,0,27,31,37,95,10,16,26,121
02/16/2011,ROW,NM,ASW,WE,Combined TRACON& Tower with Radar,0,12,13,36,61,0,6,7,2,15,0,18,20,38,76,4,30,34,110
02/17/2011,ROW,NM,ASW,WE,Combined TRACON& Tower with Radar,0,13,7,2,22,0,9,11,2,22,0,22,18,4,44,20,8,28,72
02/18/2011,ROW,NM,ASW,WE,Combined TRACON& Tower with Radar,0,15,11,25,51,0,8,26,0,34,0,23,37,25,85,0,4,4,89
02/19/2011,ROW,NM,ASW,WE,Combined TRACON& Tower with Radar,0,7,4,15,26,0,4,11,0,15,0,11,15,15,41,10,0,10,51
02/20/2011,ROW,NM,ASW,WE,Combined TRACON& Tower with Radar,0,12,4,5,21,0,3,2,0,5,0,15,6,5,26,0,0,0,26
02/21/2011,ROW,NM,ASW,WE,Combined TRACON& Tower with Radar,0,11,18,4,33,0,7,11,3,21,0,18,29,7,54,14,0,14,68
02/22/2011,ROW,NM,ASW,WE,Combined TRACON& Tower with Radar,0,35,9,55,99,0,9,47,3,59,0,44,56,58,158,32,28,60,218
02/23/2011,ROW,NM,ASW,WE,Combined TRACON& Tower with Radar,0,15,18,20,53,0,6,12,4,22,0,21,30,24,75,10,38,48,123
02/24/2011,ROW,NM,ASW,WE,Combined TRACON& Tower with Radar,0,15,6,38,59,0,6,11,4,21,0,21,17,42,80,6,30,36,116
02/25/2011,ROW,NM,ASW,WE,Combined TRACON& Tower with Radar,0,22,2,50,74,0,9,5,4,18,0,31,7,54,92,36,54,90,182
02/26/2011,ROW,NM,ASW,WE,Combined TRACON& Tower with Radar,1,11,6,1,19,0,4,16,0,20,1,15,22,1,39,0,0,0,39
02/27/2011,ROW,NM,ASW,WE,Combined TRACON& Tower with Radar,0,6,5,2,13,0,1,2,0,3,0,7,7,2,16,0,0,0,16
02/28/2011,ROW,NM,ASW,WE,Combined TRACON& Tower with Radar,0,9,10,12,31,0,4,11,0,15,0,13,21,12,46,20,4,24,70
03/01/2011,ROW,NM,ASW,WE,Combined TRACON& Tower with Radar,0,13,16,9,38,0,5,17,0,22,0,18,33,9,60,14,12,26,86
03/02/2011,ROW,NM,ASW,WE,Combined TRACON& Tower with Radar,0,17,18,14,49,0,6,24,3,33,0,23,42,17,82,68,52,120,202
03/03/2011,ROW,NM,ASW,WE,Combined TRACON& Tower with Radar,0,15,12,9,36,0,5,10,0,15,0,20,22,9,51,0,0,0,51
03/04/2011,ROW,NM,ASW,WE,Combined TRACON& Tower with Radar,0,15,11,47,73,0,7,7,0,14,0,22,18,47,87,0,10,10,97
03/05/2011,ROW,NM,ASW,WE,Combined TRACON& Tower with Radar,0,6,1,2,9,0,4,51,0,55,0,10,52,2,64,34,0,34,98
03/06/2011,ROW,NM,ASW,WE,Combined TRACON& Tower with Radar,0,9,3,0,12,0,3,4,0,7,0,12,7,0,19,0,0,0,19
03/07/2011,ROW,NM,ASW,WE,Combined TRACON& Tower with Radar,1,16,4,15,36,0,1,13,1,15,1,17,17,16,51,42,10,52,103
03/08/2011,ROW,NM,ASW,WE,Combined TRACON& Tower with Radar,0,14,9,6,29,0,4,4,6,14,0,18,13,12,43,0,12,12,55
03/09/2011,ROW,NM,ASW,WE,Combined TRACON& Tower with Radar,0,17,10,25,52,0,6,18,5,29,0,23,28,30,81,92,16,108,189
03/10/2011,ROW,NM,ASW,WE,Combined TRACON& Tower with Radar,1,15,7,13,36,0,5,10,0,15,1,20,17,13,51,38,2,40,91
03/11/2011,ROW,NM,ASW,WE,Combined TRACON& Tower with Radar,0,15,5,73,93,0,5,16,0,21,0,20,21,73,114,65,28,93,207
03/12/2011,ROW,NM,ASW,WE,Combined TRACON& Tower with Radar,0,5,12,0,17,0,5,80,0,85,0,10,92,0,102,74,0,74,176
03/13/2011,ROW,NM,ASW,WE,Combined TRACON& Tower with Radar,0,6,3,27,36,0,0,23,0,23,0,6,26,27,59,43,5,48,107
03/14/2011,ROW,NM,ASW,WE,Combined TRACON& Tower with Radar,0,19,10,25,54,0,3,59,3,65,0,22,69,28,119,94,78,172,291
03/15/2011,ROW,NM,ASW,WE,Combined TRACON& Tower with Radar,0,17,3,21,41,0,8,14,1,23,0,25,17,22,64,118,22,140,204
03/16/2011,ROW,NM,ASW,WE,Combined TRACON& Tower with Radar,0,15,10,29,54,0,6,140,35,181,0,21,150,64,235,92,70,162,397
03/17/2011,ROW,NM,ASW,WE,Combined TRACON& Tower with Radar,1,13,10,22,46,0,4,53,13,70,1,17,63,35,116,48,32,80,196
03/18/2011,ROW,NM,ASW,WE,Combined TRACON& Tower with Radar,0,14,11,38,63,0,5,14,0,19,0,19,25,38,82,30,61,91,173
03/19/2011,ROW,NM,ASW,WE,Combined TRACON& Tower with Radar,0,10,9,2,21,0,3,26,0,29,0,13,35,2,50,18,0,18,68
03/20/2011,ROW,NM,ASW,WE,Combined TRACON& Tower with Radar,0,10,5,0,15,0,0,12,0,12,0,10,17,0,27,30,0,30,57
03/21/2011,ROW,NM,ASW,WE,Combined TRACON& Tower with Radar,0,21,12,6,39,2,7,0,0,9,2,28,12,6,48,26,20,46,94
03/22/2011,ROW,NM,ASW,WE,Combined TRACON& Tower with Radar,0,16,7,10,33,0,8,12,0,20,0,24,19,10,53,0,0,0,53
03/23/2011,ROW,NM,ASW,WE,Combined TRACON& Tower with Radar,2,19,8,16,45,0,7,9,0,16,2,26,17,16,61,12,28,40,101
03/24/2011,ROW,NM,ASW,WE,Combined TRACON& Tower with Radar,0,12,10,8,30,0,5,15,1,21,0,17,25,9,51,6,8,14,65
03/25/2011,ROW,NM,ASW,WE,Combined TRACON& Tower with Radar,0,14,15,27,56,0,10,25,1,36,0,24,40,28,92,2,29,31,123
03/26/2011,ROW,NM,ASW,WE,Combined TRACON& Tower with Radar,0,6,6,12,24,0,4,17,8,29,0,10,23,20,53,22,48,70,123
03/27/2011,ROW,NM,ASW,WE,Combined TRACON& Tower with Radar,0,6,11,18,35,0,3,29,0,32,0,9,40,18,67,46,48,94,161
03/28/2011,ROW,NM,ASW,WE,Combined TRACON& Tower with Radar,0,20,7,47,74,0,3,14,1,18,0,23,21,48,92,34,108,142,234
03/29/2011,ROW,NM,ASW,WE,Combined TRACON& Tower with Radar,0,17,18,26,61,0,3,8,0,11,0,20,26,26,72,30,32,62,134
03/30/2011,ROW,NM,ASW,WE,Combined TRACON& Tower with Radar,0,16,6,17,39,0,5,9,3,17,0,21,15,20,56,46,0,46,102
03/31/2011,ROW,NM,ASW,WE,Combined TRACON& Tower with Radar,0,13,16,41,70,0,4,49,2,55,0,17,65,43,125,70,26,96,221
04/01/2011,ROW,NM,ASW,WE,Combined TRACON& Tower with Radar,0,14,6,30,50,0,4,15,1,20,0,18,21,31,70,26,12,38,108
04/02/2011,ROW,NM,ASW,WE,Combined TRACON& Tower with Radar,0,5,3,0,8,0,2,22,0,24,0,7,25,0,32,16,0,16,48
04/03/2011,ROW,NM,ASW,WE,Combined TRACON& Tower with Radar,1,8,5,0,14,0,0,16,0,16,1,8,21,0,30,0,0,0,30
04/04/2011,ROW,NM,ASW,WE,Combined TRACON& Tower with Radar,0,11,5,15,31,0,3,10,0,13,0,14,15,15,44,12,36,48,92
04/05/2011,ROW,NM,ASW,WE,Combined TRACON& Tower with Radar,0,15,8,12,35,0,4,11,0,15,0,19,19,12,50,24,20,44,94
04/06/2011,ROW,NM,ASW,WE,Combined TRACON& Tower with Radar,0,16,4,51,71,0,6,5,1,12,0,22,9,52,83,0,42,42,125
04/07/2011,ROW,NM,ASW,WE,Combined TRACON& Tower with Radar,0,22,5,20,47,0,6,4,0,10,0,28,9,20,57,16,4,20,77
04/08/2011,ROW,NM,ASW,WE,Combined TRACON& Tower with Radar,0,16,5,27,48,0,6,7,7,20,0,22,12,34,68,0,30,30,98
04/09/2011,ROW,NM,ASW,WE,Combined TRACON& Tower with Radar,0,7,2,2,11,0,4,6,0,10,0,11,8,2,21,0,6,6,27
04/10/2011,ROW,NM,ASW,WE,Combined TRACON& Tower with Radar,0,9,7,2,18,0,5,4,0,9,0,14,11,2,27,0,0,0,27
04/11/2011,ROW,NM,ASW,WE,Combined TRACON& Tower with Radar,0,10,5,7,22,0,8,14,0,22,0,18,19,7,44,10,6,16,60
04/12/2011,ROW,NM,ASW,WE,Combined TRACON& Tower with Radar,0,13,12,8,33,0,13,14,7,34,0,26,26,15,67,0,10,10,77
04/13/2011,ROW,NM,ASW,WE,Combined TRACON& Tower with Radar,0,13,6,16,35,0,12,6,0,18,0,25,12,16,53,0,22,22,75
04/14/2011,ROW,NM,ASW,WE,Combined TRACON& Tower with Radar,0,11,5,4,20,0,10,4,0,14,0,21,9,4,34,2,0,2,36
04/15/2011,ROW,NM,ASW,WE,Combined TRACON& Tower with Radar,0,11,10,7,28,0,8,13,0,21,0,19,23,7,49,0,10,10,59
04/16/2011,ROW,NM,ASW,WE,Combined TRACON& Tower with Radar,0,9,2,0,11,0,4,14,0,18,0,13,16,0,29,32,0,32,61
04/17/2011,ROW,NM,ASW,WE,Combined TRACON& Tower with Radar,0,12,4,28,44,0,0,8,1,9,0,12,12,29,53,0,30,30,83
04/18/2011,ROW,NM,ASW,WE,Combined TRACON& Tower with Radar,0,17,6,27,50,0,5,11,3,19,0,22,17,30,69,14,6,20,89
04/19/2011,ROW,NM,ASW,WE,Combined TRACON& Tower with Radar,0,17,9,30,56,0,8,14,0,22,0,25,23,30,78,40,60,100,178
04/20/2011,ROW,NM,ASW,WE,Combined TRACON& Tower with Radar,0,18,11,15,44,0,7,6,0,13,0,25,17,15,57,12,10,22,79
04/21/2011,ROW,NM,ASW,WE,Combined TRACON& Tower with Radar,0,14,18,21,53,0,12,10,1,23,0,26,28,22,76,18,90,108,184
04/22/2011,ROW,NM,ASW,WE,Combined TRACON& Tower with Radar,1,14,11,12,38,0,7,16,1,24,1,21,27,13,62,10,62,72,134
04/23/2011,ROW,NM,ASW,WE,Combined TRACON& Tower with Radar,0,9,17,23,49,0,2,15,1,18,0,11,32,24,67,10,52,62,129
04/24/2011,ROW,NM,ASW,WE,Combined TRACON& Tower with Radar,0,8,8,0,16,0,3,3,0,6,0,11,11,0,22,0,0,0,22
04/25/2011,ROW,NM,ASW,WE,Combined TRACON& Tower with Radar,0,14,6,46,66,0,2,12,2,16,0,16,18,48,82,2,4,6,88
04/26/2011,ROW,NM,ASW,WE,Combined TRACON& Tower with Radar,0,16,4,11,31,0,8,9,0,17,0,24,13,11,48,0,2,2,50
04/27/2011,ROW,NM,ASW,WE,Combined TRACON& Tower with Radar,0,13,17,47,77,0,5,20,5,30,0,18,37,52,107,0,72,72,179
04/28/2011,ROW,NM,ASW,WE,Combined TRACON& Tower with Radar,0,16,14,38,68,0,6,16,1,23,0,22,30,39,91,2,46,48,139
04/29/2011,ROW,NM,ASW,WE,Combined TRACON& Tower with Radar,0,16,2,24,42,0,7,5,16,28,0,23,7,40,70,0,24,24,94
04/30/2011,ROW,NM,ASW,WE,Combined TRACON& Tower with Radar,0,10,1,0,11,0,5,5,0,10,0,15,6,0,21,6,0,6,27
05/01/2011,ROW,NM,ASW,WE,Combined TRACON& Tower with Radar,0,10,5,0,15,0,1,6,0,7,0,11,11,0,22,0,0,0,22
05/02/2011,ROW,NM,ASW,WE,Combined TRACON& Tower with Radar,0,14,8,8,30,0,4,4,0,8,0,18,12,8,38,2,18,20,58
05/03/2011,ROW,NM,ASW,WE,Combined TRACON& Tower with Radar,0,18,8,30,56,0,4,14,2,20,0,22,22,32,76,0,38,38,114
05/04/2011,ROW,NM,ASW,WE,Combined TRACON& Tower with Radar,0,16,22,55,93,0,8,8,4,20,0,24,30,59,113,0,156,156,269
05/05/2011,ROW,NM,ASW,WE,Combined TRACON& Tower with Radar,0,17,8,54,79,0,7,22,3,32,0,24,30,57,111,0,74,74,185
05/06/2011,ROW,NM,ASW,WE,Combined TRACON& Tower with Radar,0,16,9,45,70,0,11,35,1,47,0,27,44,46,117,0,124,124,241
05/07/2011,ROW,NM,ASW,WE,Combined TRACON& Tower with Radar,0,10,0,14,24,0,7,80,0,87,0,17,80,14,111,18,0,18,129
05/08/2011,ROW,NM,ASW,WE,Combined TRACON& Tower with Radar,0,8,6,2,16,0,3,118,0,121,0,11,124,2,137,0,0,0,137
05/09/2011,ROW,NM,ASW,WE,Combined TRACON& Tower with Radar,1,16,1,9,27,0,9,37,1,47,1,25,38,10,74,2,6,8,82
05/10/2011,ROW,NM,ASW,WE,Combined TRACON& Tower with Radar,0,13,15,26,54,0,5,11,1,17,0,18,26,27,71,0,44,44,115
05/11/2011,ROW,NM,ASW,WE,Combined TRACON& Tower with Radar,0,9,4,23,36,0,7,39,3,49,0,16,43,26,85,12,76,88,173
05/12/2011,ROW,NM,ASW,WE,Combined TRACON& Tower with Radar,0,13,11,24,48,0,10,38,1,49,0,23,49,25,97,4,4,8,105
05/13/2011,ROW,NM,ASW,WE,Combined TRACON& Tower with Radar,0,13,6,21,40,0,9,17,0,26,0,22,23,21,66,4,0,4,70
05/14/2011,ROW,NM,ASW,WE,Combined TRACON& Tower with Radar,0,6,2,2,10,0,4,6,2,12,0,10,8,4,22,4,0,4,26
05/15/2011,ROW,NM,ASW,WE,Combined TRACON& Tower with Radar,0,9,9,12,30,0,2,17,5,24,0,11,26,17,54,0,0,0,54
05/16/2011,ROW,NM,ASW,WE,Combined TRACON& Tower with Radar,0,14,4,16,34,0,1,8,0,9,0,15,12,16,43,36,0,36,79
05/17/2011,ROW,NM,ASW,WE,Combined TRACON& Tower with Radar,0,20,13,9,42,0,6,18,3,27,0,26,31,12,69,6,4,10,79
05/18/2011,ROW,NM,ASW,WE,Combined TRACON& Tower with Radar,0,15,13,0,28,0,13,6,0,19,0,28,19,0,47,4,0,4,51
05/19/2011,ROW,NM,ASW,WE,Combined TRACON& Tower with Radar,0,22,7,57,86,0,5,10,2,17,0,27,17,59,103,2,70,72,175
05/20/2011,ROW,NM,ASW,WE,Combined TRACON& Tower with Radar,0,10,6,63,79,0,7,9,4,20,0,17,15,67,99,0,128,128,227
05/21/2011,ROW,NM,ASW,WE,Combined TRACON& Tower with Radar,1,9,2,41,53,0,8,32,7,47,1,17,34,48,100,0,10,10,110
05/22/2011,ROW,NM,ASW,WE,Combined TRACON& Tower with Radar,0,9,7,0,16,0,6,8,2,16,0,15,15,2,32,0,0,0,32
05/23/2011,ROW,NM,ASW,WE,Combined TRACON& Tower with Radar,0,6,1,31,38,0,19,8,9,36,0,25,9,40,74,0,38,38,112
05/24/2011,ROW,NM,ASW,WE,Combined TRACON& Tower with Radar,1,12,8,18,39,0,10,20,0,30,1,22,28,18,69,10,34,44,113
05/25/2011,ROW,NM,ASW,WE,Combined TRACON& Tower with Radar,0,15,17,79,111,0,14,14,3,31,0,29,31,82,142,0,120,120,262
05/26/2011,ROW,NM,ASW,WE,Combined TRACON& Tower with Radar,2,17,11,16,46,0,5,14,0,19,2,22,25,16,65,6,18,24,89
05/27/2011,ROW,NM,ASW,WE,Combined TRACON& Tower with Radar,1,22,8,0,31,0,5,45,2,52,1,27,53,2,83,14,10,24,107
05/28/2011,ROW,NM,ASW,WE,Combined TRACON& Tower with Radar,0,11,9,0,20,0,5,55,0,60,0,16,64,0,80,0,0,0,80
05/29/2011,ROW,NM,ASW,WE,Combined TRACON& Tower with Radar,0,11,2,10,23,0,1,4,0,5,0,12,6,10,28,0,0,0,28
05/30/2011,ROW,NM,ASW,WE,Combined TRACON& Tower with Radar,0,10,4,0,14,0,0,14,0,14,0,10,18,0,28,0,0,0,28
05/31/2011,ROW,NM,ASW,WE,Combined TRACON& Tower with Radar,0,13,8,17,38,0,8,16,0,24,0,21,24,17,62,0,24,24,86
06/01/2011,ROW,NM,ASW,WE,Combined TRACON& Tower with Radar,0,12,4,16,32,0,8,14,0,22,0,20,18,16,54,4,19,23,77
06/02/2011,ROW,NM,ASW,WE,Combined TRACON& Tower with Radar,0,14,8,14,36,0,9,34,4,47,0,23,42,18,83,0,88,88,171
06/03/2011,ROW,NM,ASW,WE,Combined TRACON& Tower with Radar,1,14,2,15,32,0,12,79,0,91,1,26,81,15,123,0,0,0,123
06/04/2011,ROW,NM,ASW,WE,Combined TRACON& Tower with Radar,0,12,1,8,21,0,4,19,0,23,0,16,20,8,44,0,0,0,44
06/05/2011,ROW,NM,ASW,WE,Combined TRACON& Tower with Radar,0,11,1,0,12,0,4,78,0,82,0,15,79,0,94,0,0,0,94
06/06/2011,ROW,NM,ASW,WE,Combined TRACON& Tower with Radar,0,12,5,10,27,0,17,43,0,60,0,29,48,10,87,0,0,0,87
06/07/2011,ROW,NM,ASW,WE,Combined TRACON& Tower with Radar,0,19,7,6,32,0,7,17,1,25,0,26,24,7,57,0,34,34,91
06/08/2011,ROW,NM,ASW,WE,Combined TRACON& Tower with Radar,0,15,11,23,49,0,5,15,3,23,0,20,26,26,72,0,106,106,178
06/09/2011,ROW,NM,ASW,WE,Combined TRACON& Tower with Radar,0,22,7,9,38,0,7,55,2,64,0,29,62,11,102,12,0,12,114
06/10/2011,ROW,NM,ASW,WE,Combined TRACON& Tower with Radar,1,20,3,43,67,0,8,16,2,26,1,28,19,45,93,0,66,66,159
06/11/2011,ROW,NM,ASW,WE,Combined TRACON& Tower with Radar,0,14,1,4,19,0,6,7,0,13,0,20,8,4,32,0,0,0,32
06/12/2011,ROW,NM,ASW,WE,Combined TRACON& Tower with Radar,0,8,8,0,16,0,0,10,0,10,0,8,18,0,26,8,0,8,34
06/13/2011,ROW,NM,ASW,WE,Combined TRACON& Tower with Radar,0,12,5,11,28,0,8,23,19,50,0,20,28,30,78,0,30,30,108
06/14/2011,ROW,NM,ASW,WE,Combined TRACON& Tower with Radar,0,13,13,11,37,0,58,25,3,86,0,71,38,14,123,6,0,6,129
06/15/2011,ROW,NM,ASW,WE,Combined TRACON& Tower with Radar,0,12,6,30,48,0,10,35,2,47,0,22,41,32,95,18,16,34,129
06/16/2011,ROW,NM,ASW,WE,Combined TRACON& Tower with Radar,0,13,1,20,34,0,9,16,6,31,0,22,17,26,65,0,75,75,140
06/17/2011,ROW,NM,ASW,WE,Combined TRACON& Tower with Radar,0,13,4,14,31,0,10,9,0,19,0,23,13,14,50,0,12,12,62
06/18/2011,ROW,NM,ASW,WE,Combined TRACON& Tower with Radar,0,7,12,4,23,0,3,40,1,44,0,10,52,5,67,2,16,18,85
06/19/2011,ROW,NM,ASW,WE,Combined TRACON& Tower with Radar,0,8,3,0,11,0,2,24,0,26,0,10,27,0,37,0,0,0,37
06/20/2011,ROW,NM,ASW,WE,Combined TRACON& Tower with Radar,0,15,3,2,20,0,5,5,0,10,0,20,8,2,30,0,10,10,40
06/21/2011,ROW,NM,ASW,WE,Combined TRACON& Tower with Radar,0,17,24,12,53,0,7,27,0,34,0,24,51,12,87,12,20,32,119
06/22/2011,ROW,NM,ASW,WE,Combined TRACON& Tower with Radar,0,16,9,11,36,0,5,23,1,29,0,21,32,12,65,8,30,38,103
06/23/2011,ROW,NM,ASW,WE,Combined TRACON& Tower with Radar,2,17,3,24,46,0,4,25,8,37,2,21,28,32,83,0,6,6,89
06/24/2011,ROW,NM,ASW,WE,Combined TRACON& Tower with Radar,0,18,9,15,42,0,5,16,0,21,0,23,25,15,63,100,28,128,191
06/25/2011,ROW,NM,ASW,WE,Combined TRACON& Tower with Radar,0,7,1,2,10,0,6,60,1,67,0,13,61,3,77,0,58,58,135
06/26/2011,ROW,NM,ASW,WE,Combined TRACON& Tower with Radar,0,6,1,15,22,0,5,35,0,40,0,11,36,15,62,0,14,14,76
06/27/2011,ROW,NM,ASW,WE,Combined TRACON& Tower with Radar,0,12,3,15,30,0,5,29,0,34,0,17,32,15,64,0,40,40,104
06/28/2011,ROW,NM,ASW,WE,Combined TRACON& Tower with Radar,0,19,7,5,31,0,16,22,34,72,0,35,29,39,103,0,4,4,107
06/29/2011,ROW,NM,ASW,WE,Combined TRACON& Tower with Radar,0,14,9,23,46,0,11,36,35,82,0,25,45,58,128,0,46,46,174
06/30/2011,ROW,NM,ASW,WE,Combined TRACON& Tower with Radar,0,13,10,33,56,0,9,19,20,48,0,22,29,53,104,0,112,112,216
07/01/2011,ROW,NM,ASW,WE,Combined TRACON& Tower with Radar,0,13,8,0,21,0,10,20,1,31,0,23,28,1,52,0,0,0,52
07/02/2011,ROW,NM,ASW,WE,Combined TRACON& Tower with Radar,0,12,1,0,13,0,9,46,0,55,0,21,47,0,68,2,0,2,70
07/03/2011,ROW,NM,ASW,WE,Combined TRACON& Tower with Radar,0,8,2,0,10,0,6,20,0,26,0,14,22,0,36,0,0,0,36
07/04/2011,ROW,NM,ASW,WE,Combined TRACON& Tower with Radar,0,6,1,0,7,0,0,27,0,27,0,6,28,0,34,0,0,0,34
07/05/2011,ROW,NM,ASW,WE,Combined TRACON& Tower with Radar,0,15,8,14,37,0,9,13,0,22,0,24,21,14,59,0,20,20,79
07/06/2011,ROW,NM,ASW,WE,Combined TRACON& Tower with Radar,0,13,4,18,35,0,12,5,0,17,0,25,9,18,52,0,12,12,64
07/07/2011,ROW,NM,ASW,WE,Combined TRACON& Tower with Radar,0,17,8,32,57,0,10,22,5,37,0,27,30,37,94,0,38,38,132
07/08/2011,ROW,NM,ASW,WE,Combined TRACON& Tower with Radar,0,15,8,24,47,0,10,11,1,22,0,25,19,25,69,0,36,36,105
07/09/2011,ROW,NM,ASW,WE,Combined TRACON& Tower with Radar,0,7,0,0,7,0,2,87,0,89,0,9,87,0,96,0,0,0,96
07/10/2011,ROW,NM,ASW,WE,Combined TRACON& Tower with Radar,0,8,2,2,12,0,4,71,1,76,0,12,73,3,88,0,0,0,88
07/11/2011,ROW,NM,ASW,WE,Combined TRACON& Tower with Radar,0,12,4,22,38,0,8,22,1,31,0,20,26,23,69,8,61,69,138
07/12/2011,ROW,NM,ASW,WE,Combined TRACON& Tower with Radar,0,18,10,11,39,0,6,20,3,29,0,24,30,14,68,4,0,4,72
07/13/2011,ROW,NM,ASW,WE,Combined TRACON& Tower with Radar,0,18,3,7,28,0,6,10,5,21,0,24,13,12,49,22,18,40,89
07/14/2011,ROW,NM,ASW,WE,Combined TRACON& Tower with Radar,0,20,7,6,33,0,7,15,0,22,0,27,22,6,55,2,4,6,61
07/15/2011,ROW,NM,ASW,WE,Combined TRACON& Tower with Radar,0,15,12,12,39,0,13,13,4,30,0,28,25,16,69,6,14,20,89
07/16/2011,ROW,NM,ASW,WE,Combined TRACON& Tower with Radar,0,9,1,1,11,0,4,19,0,23,0,13,20,1,34,0,0,0,34
07/17/2011,ROW,NM,ASW,WE,Combined TRACON& Tower with Radar,0,12,4,0,16,0,3,15,0,18,0,15,19,0,34,4,0,4,38
07/18/2011,ROW,NM,ASW,WE,Combined TRACON& Tower with Radar,0,11,3,19,33,0,4,17,5,26,0,15,20,24,59,14,0,14,73
07/19/2011,ROW,NM,ASW,WE,Combined TRACON& Tower with Radar,0,14,4,19,37,0,11,17,0,28,0,25,21,19,65,0,0,0,65
07/20/2011,ROW,NM,ASW,WE,Combined TRACON& Tower with Radar,0,14,8,24,46,0,8,19,1,28,0,22,27,25,74,0,32,32,106
07/21/2011,ROW,NM,ASW,WE,Combined TRACON& Tower with Radar,1,16,7,10,34,0,8,13,1,22,1,24,20,11,56,4,6,10,66
07/22/2011,ROW,NM,ASW,WE,Combined TRACON& Tower with Radar,0,13,8,3,24,0,12,12,1,25,0,25,20,4,49,0,0,0,49
07/23/2011,ROW,NM,ASW,WE,Combined TRACON& Tower with Radar,0,13,0,0,13,0,6,17,0,23,0,19,17,0,36,14,6,20,56
07/24/2011,ROW,NM,ASW,WE,Combined TRACON& Tower with Radar,0,11,3,5,19,0,0,41,0,41,0,11,44,5,60,10,0,10,70
07/25/2011,ROW,NM,ASW,WE,Combined TRACON& Tower with Radar,0,11,13,1,25,0,8,71,0,79,0,19,84,1,104,32,0,32,136
07/26/2011,ROW,NM,ASW,WE,Combined TRACON& Tower with Radar,0,12,9,6,27,0,11,12,1,24,0,23,21,7,51,30,12,42,93
07/27/2011,ROW,NM,ASW,WE,Combined TRACON& Tower with Radar,0,13,9,33,55,0,10,7,1,18,0,23,16,34,73,22,56,78,151
07/28/2011,ROW,NM,ASW,WE,Combined TRACON& Tower with Radar,0,13,6,36,55,0,8,18,1,27,0,21,24,37,82,36,6,42,124
07/29/2011,ROW,NM,ASW,WE,Combined TRACON& Tower with Radar,0,14,8,4,26,0,8,76,1,85,0,22,84,5,111,12,12,24,135
07/30/2011,ROW,NM,ASW,WE,Combined TRACON& Tower with Radar,0,11,5,1,17,0,17,31,1,49,0,28,36,2,66,0,6,6,72
07/31/2011,ROW,NM,ASW,WE,Combined TRACON& Tower with Radar,0,9,4,0,13,0,2,36,0,38,0,11,40,0,51,4,0,4,55
08/01/2011,ROW,NM,ASW,WE,Combined TRACON& Tower with Radar,0,11,6,12,29,0,10,12,0,22,0,21,18,12,51,6,26,32,83
08/02/2011,ROW,NM,ASW,WE,Combined TRACON& Tower with Radar,0,14,8,38,60,0,9,9,12,30,0,23,17,50,90,0,18,18,108
08/03/2011,ROW,NM,ASW,WE,Combined TRACON& Tower with Radar,0,14,4,32,50,0,7,31,5,43,0,21,35,37,93,6,58,64,157
08/04/2011,ROW,NM,ASW,WE,Combined TRACON& Tower with Radar,0,12,9,25,46,0,11,22,11,44,0,23,31,36,90,0,12,12,102
08/05/2011,ROW,NM,ASW,WE,Combined TRACON& Tower with Radar,0,12,8,43,63,0,8,25,2,35,0,20,33,45,98,0,48,48,146
08/06/2011,ROW,NM,ASW,WE,Combined TRACON& Tower with Radar,0,7,11,2,20,0,5,23,0,28,0,12,34,2,48,0,0,0,48
08/07/2011,ROW,NM,ASW,WE,Combined TRACON& Tower with Radar,0,10,3,2,15,0,1,9,0,10,0,11,12,2,25,0,20,20,45
08/08/2011,ROW,NM,ASW,WE,Combined TRACON& Tower with Radar,0,10,5,18,33,0,14,25,12,51,0,24,30,30,84,6,0,6,90
08/09/2011,ROW,NM,ASW,WE,Combined TRACON& Tower with Radar,0,13,5,16,34,0,19,62,2,83,0,32,67,18,117,18,34,52,169
08/10/2011,ROW,NM,ASW,WE,Combined TRACON& Tower with Radar,0,18,8,12,38,0,7,15,0,22,0,25,23,12,60,24,0,24,84
08/11/2011,ROW,NM,ASW,WE,Combined TRACON& Tower with Radar,0,16,8,19,43,0,6,26,0,32,0,22,34,19,75,0,28,28,103
08/12/2011,ROW,NM,ASW,WE,Combined TRACON& Tower with Radar,0,21,5,28,54,0,7,25,0,32,0,28,30,28,86,6,12,18,104
08/13/2011,ROW,NM,ASW,WE,Combined TRACON& Tower with Radar,0,10,12,0,22,0,6,16,10,32,0,16,28,10,54,0,0,0,54
08/14/2011,ROW,NM,ASW,WE,Combined TRACON& Tower with Radar,0,12,9,1,22,0,0,14,0,14,0,12,23,1,36,0,0,0,36
08/15/2011,ROW,NM,ASW,WE,Combined TRACON& Tower with Radar,1,15,9,47,72,0,1,7,0,8,1,16,16,47,80,2,76,78,158
08/16/2011,ROW,NM,ASW,WE,Combined TRACON& Tower with Radar,0,16,18,20,54,0,5,11,0,16,0,21,29,20,70,32,52,84,154
08/17/2011,ROW,NM,ASW,WE,Combined TRACON& Tower with Radar,0,25,5,4,34,0,5,8,0,13,0,30,13,4,47,6,10,16,63
08/18/2011,ROW,NM,ASW,WE,Combined TRACON& Tower with Radar,0,15,3,16,34,0,9,20,1,30,0,24,23,17,64,0,30,30,94
08/19/2011,ROW,NM,ASW,WE,Combined TRACON& Tower with Radar,0,19,8,9,36,0,13,14,2,29,0,32,22,11,65,2,0,2,67
08/20/2011,ROW,NM,ASW,WE,Combined TRACON& Tower with Radar,0,7,2,11,20,0,2,13,0,15,0,9,15,11,35,0,16,16,51
08/21/2011,ROW,NM,ASW,WE,Combined TRACON& Tower with Radar,0,8,8,1,17,0,3,11,10,24,0,11,19,11,41,2,6,8,49
08/22/2011,ROW,NM,ASW,WE,Combined TRACON& Tower with Radar,0,12,4,24,40,0,5,8,13,26,0,17,12,37,66,10,38,48,114
08/23/2011,ROW,NM,ASW,WE,Combined TRACON& Tower with Radar,0,17,4,26,47,0,8,13,4,25,0,25,17,30,72,4,34,38,110
08/24/2011,ROW,NM,ASW,WE,Combined TRACON& Tower with Radar,0,15,5,35,55,0,8,10,0,18,0,23,15,35,73,22,70,92,165
08/25/2011,ROW,NM,ASW,WE,Combined TRACON& Tower with Radar,1,25,11,19,56,0,8,13,1,22,1,33,24,20,78,18,30,48,126
08/26/2011,ROW,NM,ASW,WE,Combined TRACON& Tower with Radar,0,16,3,26,45,0,3,13,1,17,0,19,16,27,62,38,12,50,112
08/27/2011,ROW,NM,ASW,WE,Combined TRACON& Tower with Radar,0,8,4,10,22,0,10,31,6,47,0,18,35,16,69,0,22,22,91
08/28/2011,ROW,NM,ASW,WE,Combined TRACON& Tower with Radar,0,19,12,2,33,0,4,8,1,13,0,23,20,3,46,0,0,0,46
08/29/2011,ROW,NM,ASW,WE,Combined TRACON& Tower with Radar,0,16,7,5,28,0,5,8,0,13,0,21,15,5,41,46,4,50,91
08/30/2011,ROW,NM,ASW,WE,Combined TRACON& Tower with Radar,0,16,7,14,37,0,4,9,1,14,0,20,16,15,51,24,22,46,97
08/31/2011,ROW,NM,ASW,WE,Combined TRACON& Tower with Radar,0,17,11,45,73,0,11,13,3,27,0,28,24,48,100,16,42,58,158
09/01/2011,ROW,NM,ASW,WE,Combined TRACON& Tower with Radar,0,17,6,25,48,0,6,8,0,14,0,23,14,25,62,28,40,68,130
09/02/2011,ROW,NM,ASW,WE,Combined TRACON& Tower with Radar,0,18,7,17,42,0,7,12,14,33,0,25,19,31,75,12,14,26,101
09/03/2011,ROW,NM,ASW,WE,Combined TRACON& Tower with Radar,0,9,1,0,10,0,5,20,0,25,0,14,21,0,35,8,0,8,43
09/04/2011,ROW,NM,ASW,WE,Combined TRACON& Tower with Radar,0,11,7,2,20,0,1,2,0,3,0,12,9,2,23,0,0,0,23
09/05/2011,ROW,NM,ASW,WE,Combined TRACON& Tower with Radar,2,6,7,7,22,0,1,14,1,16,2,7,21,8,38,0,8,8,46
09/06/2011,ROW,NM,ASW,WE,Combined TRACON& Tower with Radar,2,21,13,10,46,0,5,10,0,15,2,26,23,10,61,0,12,12,73
09/07/2011,ROW,NM,ASW,WE,Combined TRACON& Tower with Radar,2,19,11,50,82,0,5,26,28,59,2,24,37,78,141,34,68,102,243
09/08/2011,ROW,NM,ASW,WE,Combined TRACON& Tower with Radar,0,24,2,12,38,0,7,22,14,43,0,31,24,26,81,6,32,38,119
09/09/2011,ROW,NM,ASW,WE,Combined TRACON& Tower with Radar,2,15,12,22,51,0,6,9,0,15,2,21,21,22,66,22,36,58,124
09/10/2011,ROW,NM,ASW,WE,Combined TRACON& Tower with Radar,0,7,4,18,29,0,3,9,0,12,0,10,13,18,41,0,22,22,63
09/11/2011,ROW,NM,ASW,WE,Combined TRACON& Tower with Radar,0,10,0,4,14,0,6,9,0,15,0,16,9,4,29,0,4,4,33
09/12/2011,ROW,NM,ASW,WE,Combined TRACON& Tower with Radar,0,16,7,10,33,0,4,15,0,19,0,20,22,10,52,34,0,34,86
09/13/2011,ROW,NM,ASW,WE,Combined TRACON& Tower with Radar,0,15,7,10,32,0,5,13,2,20,0,20,20,12,52,10,22,32,84
09/14/2011,ROW,NM,ASW,WE,Combined TRACON& Tower with Radar,2,17,2,24,45,0,5,14,8,27,2,22,16,32,72,6,32,38,110
09/15/2011,ROW,NM,ASW,WE,Combined TRACON& Tower with Radar,0,18,21,0,39,0,2,28,0,30,0,20,49,0,69,2,0,2,71
09/16/2011,ROW,NM,ASW,WE,Combined TRACON& Tower with Radar,7,18,4,32,61,0,3,16,2,21,7,21,20,34,82,24,18,42,124
09/17/2011,ROW,NM,ASW,WE,Combined TRACON& Tower with Radar,0,9,5,3,17,0,4,5,0,9,0,13,10,3,26,6,2,8,34
09/18/2011,ROW,NM,ASW,WE,Combined TRACON& Tower with Radar,0,14,5,4,23,0,0,10,0,10,0,14,15,4,33,10,0,10,43
09/19/2011,ROW,NM,ASW,WE,Combined TRACON& Tower with Radar,0,13,3,8,24,0,4,10,8,22,0,17,13,16,46,30,12,42,88
09/20/2011,ROW,NM,ASW,WE,Combined TRACON& Tower with Radar,1,17,3,26,47,0,7,20,2,29,1,24,23,28,76,14,32,46,122
09/21/2011,ROW,NM,ASW,WE,Combined TRACON& Tower with Radar,4,13,6,24,47,0,11,26,0,37,4,24,32,24,84,2,24,26,110
09/22/2011,ROW,NM,ASW,WE,Combined TRACON& Tower with Radar,1,23,5,13,42,0,8,14,0,22,1,31,19,13,64,0,4,4,68
09/23/2011,ROW,NM,ASW,WE,Combined TRACON& Tower with Radar,1,17,14,1,33,0,4,12,0,16,1,21,26,1,49,42,0,42,91
09/24/2011,ROW,NM,ASW,WE,Combined TRACON& Tower with Radar,1,12,7,11,31,0,2,17,1,20,1,14,24,12,51,0,0,0,51
09/25/2011,ROW,NM,ASW,WE,Combined TRACON& Tower with Radar,0,12,12,2,26,0,6,11,0,17,0,18,23,2,43,0,0,0,43
09/26/2011,ROW,NM,ASW,WE,Combined TRACON& Tower with Radar,1,14,6,17,38,0,4,15,3,22,1,18,21,20,60,22,0,22,82
09/27/2011,ROW,NM,ASW,WE,Combined TRACON& Tower with Radar,2,16,12,14,44,0,8,17,3,28,2,24,29,17,72,16,0,16,88
09/28/2011,ROW,NM,ASW,WE,Combined TRACON& Tower with Radar,2,15,13,7,37,0,5,13,15,33,2,20,26,22,70,0,30,30,100
09/29/2011,ROW,NM,ASW,WE,Combined TRACON& Tower with Radar,0,21,5,11,37,0,4,9,0,13,0,25,14,11,50,0,4,4,54
09/30/2011,ROW,NM,ASW,WE,Combined TRACON& Tower with Radar,0,20,3,8,31,0,6,17,1,24,0,26,20,9,55,8,0,8,63
10/01/2011,ROW,NM,ASW,WE,Combined TRACON& Tower with Radar,2,7,8,2,19,0,6,40,0,46,2,13,48,2,65,22,0,22,87
10/02/2011,ROW,NM,ASW,WE,Combined TRACON& Tower with Radar,1,10,1,0,12,0,3,5,3,11,1,13,6,3,23,0,0,0,23
10/03/2011,ROW,NM,ASW,WE,Combined TRACON& Tower with Radar,1,16,5,21,43,0,4,15,24,43,1,20,20,45,86,0,40,40,126
10/04/2011,ROW,NM,ASW,WE,Combined TRACON& Tower with Radar,0,19,3,27,49,0,8,9,0,17,0,27,12,27,66,0,14,14,80
10/05/2011,ROW,NM,ASW,WE,Combined TRACON& Tower with Radar,2,15,3,35,55,0,4,3,0,7,2,19,6,35,62,0,56,56,118
10/06/2011,ROW,NM,ASW,WE,Combined TRACON& Tower with Radar,0,17,4,20,41,0,4,6,1,11,0,21,10,21,52,0,10,10,62
10/07/2011,ROW,NM,ASW,WE,Combined TRACON& Tower with Radar,0,16,18,8,42,0,6,15,0,21,0,22,33,8,63,0,0,0,63
10/08/2011,ROW,NM,ASW,WE,Combined TRACON& Tower with Radar,1,10,3,3,17,0,7,6,0,13,1,17,9,3,30,12,0,12,42
10/09/2011,ROW,NM,ASW,WE,Combined TRACON& Tower with Radar,0,10,2,6,18,0,0,4,0,4,0,10,6,6,22,12,0,12,34
10/10/2011,ROW,NM,ASW,WE,Combined TRACON& Tower with Radar,0,17,3,1,21,0,3,10,2,15,0,20,13,3,36,4,0,4,40
10/11/2011,ROW,NM,ASW,WE,Combined TRACON& Tower with Radar,1,18,7,31,57,0,5,7,5,17,1,23,14,36,74,24,38,62,136
10/12/2011,ROW,NM,ASW,WE,Combined TRACON& Tower with Radar,0,18,9,8,35,0,10,9,6,25,0,28,18,14,60,44,32,76,136
10/13/2011,ROW,NM,ASW,WE,Combined TRACON& Tower with Radar,0,15,8,6,29,0,9,33,11,53,0,24,41,17,82,24,8,32,114
10/14/2011,ROW,NM,ASW,WE,Combined TRACON& Tower with Radar,0,17,4,15,36,0,7,15,3,25,0,24,19,18,61,64,2,66,127
10/15/2011,ROW,NM,ASW,WE,Combined TRACON& Tower with Radar,2,8,4,2,16,0,5,10,2,17,2,13,14,4,33,2,0,2,35
10/16/2011,ROW,NM,ASW,WE,Combined TRACON& Tower with Radar,1,9,23,3,36,0,0,9,4,13,1,9,32,7,49,0,0,0,49
10/17/2011,ROW,NM,ASW,WE,Combined TRACON& Tower with Radar,0,13,8,22,43,0,8,14,14,36,0,21,22,36,79,0,20,20,99
10/18/2011,ROW,NM,ASW,WE,Combined TRACON& Tower with Radar,0,16,6,12,34,0,7,10,30,47,0,23,16,42,81,0,6,6,87
10/19/2011,ROW,NM,ASW,WE,Combined TRACON& Tower with Radar,1,17,19,4,41,0,4,16,15,35,1,21,35,19,76,0,0,0,76
10/20/2011,ROW,NM,ASW,WE,Combined TRACON& Tower with Radar,2,20,4,31,57,0,4,22,16,42,2,24,26,47,99,18,48,66,165
10/21/2011,ROW,NM,ASW,WE,Combined TRACON& Tower with Radar,0,15,3,14,32,0,8,9,4,21,0,23,12,18,53,16,28,44,97
10/22/2011,ROW,NM,ASW,WE,Combined TRACON& Tower with Radar,1,7,3,12,23,0,4,16,0,20,1,11,19,12,43,22,12,34,77
10/23/2011,ROW,NM,ASW,WE,Combined TRACON& Tower with Radar,1,8,7,6,22,0,3,11,2,16,1,11,18,8,38,6,14,20,58
10/24/2011,ROW,NM,ASW,WE,Combined TRACON& Tower with Radar,3,10,8,23,44,0,7,13,8,28,3,17,21,31,72,0,24,24,96
10/25/2011,ROW,NM,ASW,WE,Combined TRACON& Tower with Radar,1,15,4,19,39,0,8,9,8,25,1,23,13,27,64,22,26,48,112
10/26/2011,ROW,NM,ASW,WE,Combined TRACON& Tower with Radar,0,18,23,15,56,0,5,19,11,35,0,23,42,26,91,14,0,14,105
10/27/2011,ROW,NM,ASW,WE,Combined TRACON& Tower with Radar,3,25,14,29,71,0,0,10,0,10,3,25,24,29,81,14,34,48,129
10/28/2011,ROW,NM,ASW,WE,Combined TRACON& Tower with Radar,0,21,11,72,104,0,4,26,20,50,0,25,37,92,154,4,22,26,180
10/29/2011,ROW,NM,ASW,WE,Combined TRACON& Tower with Radar,0,9,14,7,30,0,7,8,0,15,0,16,22,7,45,0,8,8,53
10/30/2011,ROW,NM,ASW,WE,Combined TRACON& Tower with Radar,0,8,5,26,39,0,4,10,2,16,0,12,15,28,55,20,12,32,87
10/31/2011,ROW,NM,ASW,WE,Combined TRACON& Tower with Radar,1,17,9,63,90,0,4,13,0,17,1,21,22,63,107,8,130,138,245
11/01/2011,ROW,NM,ASW,WE,Combined TRACON& Tower with Radar,2,26,9,35,72,0,6,14,13,33,2,32,23,48,105,38,52,90,195
11/02/2011,ROW,NM,ASW,WE,Combined TRACON& Tower with Radar,0,17,9,3,29,0,7,11,1,19,0,24,20,4,48,28,10,38,86
11/03/2011,ROW,NM,ASW,WE,Combined TRACON& Tower with Radar,2,20,25,15,62,0,4,20,0,24,2,24,45,15,86,32,46,78,164
11/04/2011,ROW,NM,ASW,WE,Combined TRACON& Tower with Radar,4,12,26,32,74,0,7,14,44,65,4,19,40,76,139,2,4,6,145
11/05/2011,ROW,NM,ASW,WE,Combined TRACON& Tower with Radar,0,5,3,0,8,0,2,4,0,6,0,7,7,0,14,0,0,0,14
11/06/2011,ROW,NM,ASW,WE,Combined TRACON& Tower with Radar,1,8,3,4,16,0,1,11,0,12,1,9,14,4,28,0,0,0,28
11/07/2011,ROW,NM,ASW,WE,Combined TRACON& Tower with Radar,1,19,8,3,31,0,2,7,1,10,1,21,15,4,41,24,0,24,65
11/08/2011,ROW,NM,ASW,WE,Combined TRACON& Tower with Radar,0,17,18,27,62,0,6,9,1,16,0,23,27,28,78,6,26,32,110
11/09/2011,ROW,NM,ASW,WE,Combined TRACON& Tower with Radar,0,15,8,20,43,0,9,14,2,25,0,24,22,22,68,36,0,36,104
11/10/2011,ROW,NM,ASW,WE,Combined TRACON& Tower with Radar,0,16,17,63,96,0,9,21,40,70,0,25,38,103,166,10,12,22,188
11/11/2011,ROW,NM,ASW,WE,Combined TRACON& Tower with Radar,1,13,11,2,27,0,5,7,4,16,1,18,18,6,43,0,2,2,45
11/12/2011,ROW,NM,ASW,WE,Combined TRACON& Tower with Radar,0,7,2,0,9,0,4,5,0,9,0,11,7,0,18,0,0,0,18
11/13/2011,ROW,NM,ASW,WE,Combined TRACON& Tower with Radar,0,7,3,0,10,0,0,4,0,4,0,7,7,0,14,0,0,0,14
11/14/2011,ROW,NM,ASW,WE,Combined TRACON& Tower with Radar,0,14,6,9,29,0,3,4,0,7,0,17,10,9,36,0,0,0,36
11/15/2011,ROW,NM,ASW,WE,Combined TRACON& Tower with Radar,0,15,3,27,45,0,4,20,23,47,0,19,23,50,92,18,6,24,116
11/16/2011,ROW,NM,ASW,WE,Combined TRACON& Tower with Radar,1,14,14,12,41,0,9,7,0,16,1,23,21,12,57,0,8,8,65
11/17/2011,ROW,NM,ASW,WE,Combined TRACON& Tower with Radar,0,13,11,26,50,26,8,11,36,81,26,21,22,62,131,0,108,108,239
11/18/2011,ROW,NM,ASW,WE,Combined TRACON& Tower with Radar,37,21,16,4,78,0,6,14,0,20,37,27,30,4,98,0,0,0,98
11/19/2011,ROW,NM,ASW,WE,Combined TRACON& Tower with Radar,0,10,7,6,23,0,8,22,0,30,0,18,29,6,53,0,0,0,53
11/20/2011,ROW,NM,ASW,WE,Combined TRACON& Tower with Radar,5,9,5,0,19,0,1,14,2,17,5,10,19,2,36,6,0,6,42
11/21/2011,ROW,NM,ASW,WE,Combined TRACON& Tower with Radar,4,19,11,30,64,0,1,0,1,2,4,20,11,31,66,0,48,48,114
11/22/2011,ROW,NM,ASW,WE,Combined TRACON& Tower with Radar,1,18,11,39,69,0,4,21,16,41,1,22,32,55,110,24,34,58,168
11/23/2011,ROW,NM,ASW,WE,Combined TRACON& Tower with Radar,0,14,10,9,33,0,7,11,0,18,0,21,21,9,51,30,24,54,105
11/24/2011,ROW,NM,ASW,WE,Combined TRACON& Tower with Radar,0,3,0,0,3,0,5,18,0,23,0,8,18,0,26,8,0,8,34
11/25/2011,ROW,NM,ASW,WE,Combined TRACON& Tower with Radar,0,14,2,1,17,0,2,4,0,6,0,16,6,1,23,44,0,44,67
11/26/2011,ROW,NM,ASW,WE,Combined TRACON& Tower with Radar,0,14,4,0,18,0,6,7,0,13,0,20,11,0,31,0,0,0,31
11/27/2011,ROW,NM,ASW,WE,Combined TRACON& Tower with Radar,0,9,4,3,16,0,1,15,0,16,0,10,19,3,32,0,0,0,32
11/28/2011,ROW,NM,ASW,WE,Combined TRACON& Tower with Radar,0,9,10,17,36,0,4,18,1,23,0,13,28,18,59,16,40,56,115
11/29/2011,ROW,NM,ASW,WE,Combined TRACON& Tower with Radar,2,17,10,31,60,0,5,11,0,16,2,22,21,31,76,12,44,56,132
11/30/2011,ROW,NM,ASW,WE,Combined TRACON& Tower with Radar,0,13,10,11,34,0,6,9,0,15,0,19,19,11,49,8,10,18,67
12/01/2011,ROW,NM,ASW,WE,Combined TRACON& Tower with Radar,2,16,7,31,56,0,5,3,2,10,2,21,10,33,66,0,14,14,80
12/02/2011,ROW,NM,ASW,WE,Combined TRACON& Tower with Radar,0,22,5,10,37,0,0,8,1,9,0,22,13,11,46,12,0,12,58
12/03/2011,ROW,NM,ASW,WE,Combined TRACON& Tower with Radar,0,8,0,0,8,0,2,0,0,2,0,10,0,0,10,0,0,0,10
12/04/2011,ROW,NM,ASW,WE,Combined TRACON& Tower with Radar,1,8,5,2,16,0,0,0,0,0,1,8,5,2,16,0,0,0,16
12/05/2011,ROW,NM,ASW,WE,Combined TRACON& Tower with Radar,0,10,8,0,18,0,0,0,0,0,0,10,8,0,18,0,0,0,18
12/06/2011,ROW,NM,ASW,WE,Combined TRACON& Tower with Radar,0,15,11,22,48,0,7,3,0,10,0,22,14,22,58,0,22,22,80
12/07/2011,ROW,NM,ASW,WE,Combined TRACON& Tower with Radar,0,11,10,35,56,0,7,12,2,21,0,18,22,37,77,0,32,32,109
12/08/2011,ROW,NM,ASW,WE,Combined TRACON& Tower with Radar,2,12,5,25,44,0,9,22,2,33,2,21,27,27,77,34,44,78,155
12/09/2011,ROW,NM,ASW,WE,Combined TRACON& Tower with Radar,0,11,9,21,41,0,5,42,2,49,0,16,51,23,90,0,0,0,90
12/10/2011,ROW,NM,ASW,WE,Combined TRACON& Tower with Radar,0,9,8,4,21,0,0,2,0,2,0,9,10,4,23,8,0,8,31
12/11/2011,ROW,NM,ASW,WE,Combined TRACON& Tower with Radar,0,13,9,2,24,0,0,1,0,1,0,13,10,2,25,6,0,6,31
12/12/2011,ROW,NM,ASW,WE,Combined TRACON& Tower with Radar,1,14,18,4,37,0,0,0,0,0,1,14,18,4,37,0,0,0,37
12/13/2011,ROW,NM,ASW,WE,Combined TRACON& Tower with Radar,0,27,18,32,77,0,0,0,0,0,0,27,18,32,77,0,8,8,85
12/14/2011,ROW,NM,ASW,WE,Combined TRACON& Tower with Radar,1,13,10,38,62,0,7,14,12,33,1,20,24,50,95,6,4,10,105
12/15/2011,ROW,NM,ASW,WE,Combined TRACON& Tower with Radar,2,16,17,13,48,0,4,9,19,32,2,20,26,32,80,22,0,22,102
12/16/2011,ROW,NM,ASW,WE,Combined TRACON& Tower with Radar,1,14,11,35,61,0,5,18,41,64,1,19,29,76,125,48,30,78,203
12/17/2011,ROW,NM,ASW,WE,Combined TRACON& Tower with Radar,2,8,7,14,31,0,4,17,10,31,2,12,24,24,62,34,4,38,100
12/18/2011,ROW,NM,ASW,WE,Combined TRACON& Tower with Radar,0,6,4,6,16,0,3,6,10,19,0,9,10,16,35,34,0,34,69
12/19/2011,ROW,NM,ASW,WE,Combined TRACON& Tower with Radar,0,12,4,0,16,0,0,1,0,1,0,12,5,0,17,0,0,0,17
12/20/2011,ROW,NM,ASW,WE,Combined TRACON& Tower with Radar,0,18,15,28,61,0,5,14,28,47,0,23,29,56,108,1,40,41,149
12/21/2011,ROW,NM,ASW,WE,Combined TRACON& Tower with Radar,0,17,14,20,51,0,5,18,0,23,0,22,32,20,74,2,46,48,122
12/22/2011,ROW,NM,ASW,WE,Combined TRACON& Tower with Radar,0,18,10,5,33,0,5,4,0,9,0,23,14,5,42,0,14,14,56
12/23/2011,ROW,NM,ASW,WE,Combined TRACON& Tower with Radar,0,8,4,0,12,0,0,0,0,0,0,8,4,0,12,0,0,0,12
12/24/2011,ROW,NM,ASW,WE,Combined TRACON& Tower with Radar,0,5,0,0,5,0,0,1,0,1,0,5,1,0,6,0,0,0,6
12/25/2011,ROW,NM,ASW,WE,Combined TRACON& Tower with Radar,0,16,0,0,16,0,1,5,0,6,0,17,5,0,22,0,0,0,22
12/26/2011,ROW,NM,ASW,WE,Combined TRACON& Tower with Radar,1,11,5,0,17,0,2,8,0,10,1,13,13,0,27,0,0,0,27
12/27/2011,ROW,NM,ASW,WE,Combined TRACON& Tower with Radar,3,12,11,30,56,0,4,5,0,9,3,16,16,30,65,0,32,32,97
12/28/2011,ROW,NM,ASW,WE,Combined TRACON& Tower with Radar,24,13,3,2,42,12,4,7,18,41,36,17,10,20,83,12,64,76,159
12/29/2011,ROW,NM,ASW,WE,Combined TRACON& Tower with Radar,41,14,11,22,88,0,6,16,0,22,41,20,27,22,110,42,36,78,188
12/30/2011,ROW,NM,ASW,WE,Combined TRACON& Tower with Radar,2,14,12,0,28,0,4,11,0,15,2,18,23,0,43,15,0,15,58
12/31/2011,ROW,NM,ASW,WE,Combined TRACON& Tower with Radar,0,10,5,0,15,0,10,11,0,21,0,20,16,0,36,10,0,10,46
01/01/2012,ROW,NM,ASW,WE,Combined TRACON& Tower with Radar,0,12,6,0,18,0,1,9,0,10,0,13,15,0,28,0,0,0,28
01/02/2012,ROW,NM,ASW,WE,Combined TRACON& Tower with Radar,0,11,3,0,14,0,1,17,0,18,0,12,20,0,32,0,0,0,32
01/03/2012,ROW,NM,ASW,WE,Combined TRACON& Tower with Radar,0,13,2,18,33,0,4,8,0,12,0,17,10,18,45,2,30,32,77
01/04/2012,ROW,NM,ASW,WE,Combined TRACON& Tower with Radar,1,22,5,33,61,0,5,9,2,16,1,27,14,35,77,6,94,100,177
01/05/2012,ROW,NM,ASW,WE,Combined TRACON& Tower with Radar,1,16,13,29,59,0,4,13,0,17,1,20,26,29,76,18,14,32,108
01/06/2012,ROW,NM,ASW,WE,Combined TRACON& Tower with Radar,0,19,3,101,123,2,5,4,10,21,2,24,7,111,144,0,135,135,279
01/07/2012,ROW,NM,ASW,WE,Combined TRACON& Tower with Radar,0,7,5,8,20,0,7,21,1,29,0,14,26,9,49,0,6,6,55
01/08/2012,ROW,NM,ASW,WE,Combined TRACON& Tower with Radar,0,7,4,33,44,0,1,9,0,10,0,8,13,33,54,26,6,32,86
01/09/2012,ROW,NM,ASW,WE,Combined TRACON& Tower with Radar,0,25,5,49,79,0,3,4,0,7,0,28,9,49,86,1,72,73,159
01/10/2012,ROW,NM,ASW,WE,Combined TRACON& Tower with Radar,0,13,8,22,43,0,8,7,0,15,0,21,15,22,58,20,24,44,102
01/11/2012,ROW,NM,ASW,WE,Combined TRACON& Tower with Radar,5,15,5,29,54,0,5,7,0,12,5,20,12,29,66,0,16,16,82
01/12/2012,ROW,NM,ASW,WE,Combined TRACON& Tower with Radar,0,16,9,29,54,0,3,7,0,10,0,19,16,29,64,30,24,54,118
01/13/2012,ROW,NM,ASW,WE,Combined TRACON& Tower with Radar,0,14,5,56,75,0,4,11,1,16,0,18,16,57,91,0,54,54,145
01/14/2012,ROW,NM,ASW,WE,Combined TRACON& Tower with Radar,0,9,7,1,17,0,7,18,0,25,0,16,25,1,42,10,0,10,52
01/15/2012,ROW,NM,ASW,WE,Combined TRACON& Tower with Radar,1,8,2,3,14,0,2,5,0,7,1,10,7,3,21,10,0,10,31
01/16/2012,ROW,NM,ASW,WE,Combined TRACON& Tower with Radar,1,8,7,7,23,0,2,2,19,23,1,10,9,26,46,0,24,24,70
01/17/2012,ROW,NM,ASW,WE,Combined TRACON& Tower with Radar,1,15,8,9,33,0,4,13,10,27,1,19,21,19,60,6,66,72,132
01/18/2012,ROW,NM,ASW,WE,Combined TRACON& Tower with Radar,2,14,8,47,71,0,6,29,5,40,2,20,37,52,111,22,36,58,169
01/19/2012,ROW,NM,ASW,WE,Combined TRACON& Tower with Radar,0,20,8,32,60,0,4,17,15,36,0,24,25,47,96,20,34,54,150
01/20/2012,ROW,NM,ASW,WE,Combined TRACON& Tower with Radar,1,18,11,48,78,0,6,13,4,23,1,24,24,52,101,16,48,64,165
01/21/2012,ROW,NM,ASW,WE,Combined TRACON& Tower with Radar,0,5,2,4,11,0,6,13,10,29,0,11,15,14,40,26,6,32,72
01/22/2012,ROW,NM,ASW,WE,Combined TRACON& Tower with Radar,6,10,3,0,19,0,0,7,1,8,6,10,10,1,27,0,0,0,27
01/23/2012,ROW,NM,ASW,WE,Combined TRACON& Tower with Radar,2,14,15,27,58,0,2,11,15,28,2,16,26,42,86,14,54,68,154
01/24/2012,ROW,NM,ASW,WE,Combined TRACON& Tower with Radar,1,18,22,49,90,0,2,22,47,71,1,20,44,96,161,30,40,70,231
01/25/2012,ROW,NM,ASW,WE,Combined TRACON& Tower with Radar,0,14,5,28,47,0,7,3,10,20,0,21,8,38,67,0,72,72,139
01/26/2012,ROW,NM,ASW,WE,Combined TRACON& Tower with Radar,1,12,10,10,33,0,5,29,45,79,1,17,39,55,112,40,20,60,172
01/27/2012,ROW,NM,ASW,WE,Combined TRACON& Tower with Radar,5,17,11,93,126,0,4,7,4,15,5,21,18,97,141,2,98,100,241
01/28/2012,ROW,NM,ASW,WE,Combined TRACON& Tower with Radar,0,9,8,1,18,0,2,16,23,41,0,11,24,24,59,42,0,42,101
01/29/2012,ROW,NM,ASW,WE,Combined TRACON& Tower with Radar,0,8,7,12,27,0,0,17,14,31,0,8,24,26,58,52,0,52,110
01/30/2012,ROW,NM,ASW,WE,Combined TRACON& Tower with Radar,3,12,1,30,46,0,2,16,14,32,3,14,17,44,78,50,24,74,152
01/31/2012,ROW,NM,ASW,WE,Combined TRACON& Tower with Radar,0,17,13,40,70,0,4,19,6,29,0,21,32,46,99,48,60,108,207
02/01/2012,ROW,NM,ASW,WE,Combined TRACON& Tower with Radar,0,15,16,16,47,0,6,24,16,46,0,21,40,32,93,28,14,42,135
02/02/2012,ROW,NM,ASW,WE,Combined TRACON& Tower with Radar,1,20,7,51,79,0,7,15,30,52,1,27,22,81,131,0,12,12,143
02/03/2012,ROW,NM,ASW,WE,Combined TRACON& Tower with Radar,0,19,7,86,112,0,3,5,20,28,0,22,12,106,140,0,48,48,188
02/04/2012,ROW,NM,ASW,WE,Combined TRACON& Tower with Radar,0,8,3,40,51,0,7,19,21,47,0,15,22,61,98,72,26,98,196
02/05/2012,ROW,NM,ASW,WE,Combined TRACON& Tower with Radar,0,5,2,0,7,0,4,5,0,9,0,9,7,0,16,62,0,62,78
02/06/2012,ROW,NM,ASW,WE,Combined TRACON& Tower with Radar,0,13,15,4,32,0,3,15,5,23,0,16,30,9,55,26,0,26,81
02/07/2012,ROW,NM,ASW,WE,Combined TRACON& Tower with Radar,0,18,13,52,83,0,4,7,2,13,0,22,20,54,96,16,114,130,226
02/08/2012,ROW,NM,ASW,WE,Combined TRACON& Tower with Radar,1,20,7,22,50,0,5,44,38,87,1,25,51,60,137,18,26,44,181
02/09/2012,ROW,NM,ASW,WE,Combined TRACON& Tower with Radar,2,14,20,22,58,0,4,8,0,12,2,18,28,22,70,24,44,68,138
02/10/2012,ROW,NM,ASW,WE,Combined TRACON& Tower with Radar,0,14,10,28,52,0,4,14,0,18,0,18,24,28,70,12,44,56,126
02/11/2012,ROW,NM,ASW,WE,Combined TRACON& Tower with Radar,0,8,8,3,19,0,4,33,4,41,0,12,41,7,60,46,0,46,106
02/12/2012,ROW,NM,ASW,WE,Combined TRACON& Tower with Radar,0,5,0,1,6,0,0,1,0,1,0,5,1,1,7,0,0,0,7
02/13/2012,ROW,NM,ASW,WE,Combined TRACON& Tower with Radar,2,20,24,29,75,0,2,9,11,22,2,22,33,40,97,20,56,76,173
02/14/2012,ROW,NM,ASW,WE,Combined TRACON& Tower with Radar,4,14,8,30,56,0,2,21,27,50,4,16,29,57,106,28,28,56,162
02/15/2012,ROW,NM,ASW,WE,Combined TRACON& Tower with Radar,2,10,16,30,58,0,8,9,12,29,2,18,25,42,87,20,14,34,121
02/16/2012,ROW,NM,ASW,WE,Combined TRACON& Tower with Radar,1,18,25,28,72,0,5,27,25,57,1,23,52,53,129,0,4,4,133
02/17/2012,ROW,NM,ASW,WE,Combined TRACON& Tower with Radar,1,20,15,37,73,0,0,2,0,2,1,20,17,37,75,24,0,24,99
02/18/2012,ROW,NM,ASW,WE,Combined TRACON& Tower with Radar,1,10,15,5,31,0,0,7,0,7,1,10,22,5,38,26,0,26,64
02/19/2012,ROW,NM,ASW,WE,Combined TRACON& Tower with Radar,0,5,4,2,11,0,1,4,0,5,0,6,8,2,16,0,0,0,16
02/20/2012,ROW,NM,ASW,WE,Combined TRACON& Tower with Radar,2,14,10,1,27,0,4,10,1,15,2,18,20,2,42,0,0,0,42
02/21/2012,ROW,NM,ASW,WE,Combined TRACON& Tower with Radar,0,14,18,28,60,0,6,22,11,39,0,20,40,39,99,0,30,30,129
02/22/2012,ROW,NM,ASW,WE,Combined TRACON& Tower with Radar,3,14,16,9,42,0,4,25,4,33,3,18,41,13,75,20,4,24,99
02/23/2012,ROW,NM,ASW,WE,Combined TRACON& Tower with Radar,0,19,7,2,28,0,4,20,0,24,0,23,27,2,52,10,0,10,62
02/24/2012,ROW,NM,ASW,WE,Combined TRACON& Tower with Radar,0,17,21,60,98,0,5,19,1,25,0,22,40,61,123,2,30,32,155
02/25/2012,ROW,NM,ASW,WE,Combined TRACON& Tower with Radar,0,7,18,6,31,0,5,20,0,25,0,12,38,6,56,4,56,60,116
02/26/2012,ROW,NM,ASW,WE,Combined TRACON& Tower with Radar,0,5,4,1,10,0,3,9,1,13,0,8,13,2,23,12,0,12,35
02/27/2012,ROW,NM,ASW,WE,Combined TRACON& Tower with Radar,0,20,6,69,95,0,1,8,0,9,0,21,14,69,104,16,170,186,290
02/28/2012,ROW,NM,ASW,WE,Combined TRACON& Tower with Radar,3,19,4,4,30,0,3,1,0,4,3,22,5,4,34,0,0,0,34
02/29/2012,ROW,NM,ASW,WE,Combined TRACON& Tower with Radar,0,20,9,58,87,0,5,21,18,44,0,25,30,76,131,14,60,74,205
03/01/2012,ROW,NM,ASW,WE,Combined TRACON& Tower with Radar,0,16,10,10,36,0,6,10,12,28,0,22,20,22,64,0,22,22,86
03/02/2012,ROW,NM,ASW,WE,Combined TRACON& Tower with Radar,1,15,0,50,66,0,8,7,14,29,1,23,7,64,95,3,112,115,210
03/03/2012,ROW,NM,ASW,WE,Combined TRACON& Tower with Radar,0,6,0,16,22,0,3,15,0,18,0,9,15,16,40,6,8,14,54
03/04/2012,ROW,NM,ASW,WE,Combined TRACON& Tower with Radar,0,11,11,4,26,0,2,24,0,26,0,13,35,4,52,10,0,10,62
03/05/2012,ROW,NM,ASW,WE,Combined TRACON& Tower with Radar,1,13,5,9,28,0,2,18,1,21,1,15,23,10,49,0,8,8,57
03/06/2012,ROW,NM,ASW,WE,Combined TRACON& Tower with Radar,1,19,5,48,73,0,6,6,24,36,1,25,11,72,109,0,120,120,229
03/07/2012,ROW,NM,ASW,WE,Combined TRACON& Tower with Radar,0,17,2,25,44,0,3,7,1,11,0,20,9,26,55,0,0,0,55
03/08/2012,ROW,NM,ASW,WE,Combined TRACON& Tower with Radar,0,19,2,15,36,0,0,1,0,1,0,19,3,15,37,0,0,0,37
03/09/2012,ROW,NM,ASW,WE,Combined TRACON& Tower with Radar,1,23,4,24,52,0,3,1,16,20,1,26,5,40,72,0,28,28,100
03/10/2012,ROW,NM,ASW,WE,Combined TRACON& Tower with Radar,0,12,1,3,16,0,0,9,0,9,0,12,10,3,25,0,0,0,25
03/11/2012,ROW,NM,ASW,WE,Combined TRACON& Tower with Radar,0,9,6,39,54,0,1,11,0,12,0,10,17,39,66,2,0,2,68
03/12/2012,ROW,NM,ASW,WE,Combined TRACON& Tower with Radar,0,26,18,43,87,0,9,20,0,29,0,35,38,43,116,0,30,30,146
03/13/2012,ROW,NM,ASW,WE,Combined TRACON& Tower with Radar,0,15,5,20,40,0,7,16,0,23,0,22,21,20,63,0,28,28,91
03/14/2012,ROW,NM,ASW,WE,Combined TRACON& Tower with Radar,0,15,13,17,45,0,8,20,1,29,0,23,33,18,74,8,30,38,112
03/15/2012,ROW,NM,ASW,WE,Combined TRACON& Tower with Radar,0,14,5,37,56,0,5,19,2,26,0,19,24,39,82,12,54,66,148
03/16/2012,ROW,NM,ASW,WE,Combined TRACON& Tower with Radar,0,13,10,33,56,0,10,19,0,29,0,23,29,33,85,26,20,46,131
03/17/2012,ROW,NM,ASW,WE,Combined TRACON& Tower with Radar,1,7,3,25,36,0,7,8,4,19,1,14,11,29,55,8,32,40,95
03/18/2012,ROW,NM,ASW,WE,Combined TRACON& Tower with Radar,4,5,8,32,49,0,0,2,1,3,4,5,10,33,52,0,24,24,76
03/19/2012,ROW,NM,ASW,WE,Combined TRACON& Tower with Radar,1,12,2,19,34,0,1,0,6,7,1,13,2,25,41,4,22,26,67
03/20/2012,ROW,NM,ASW,WE,Combined TRACON& Tower with Radar,3,15,6,13,37,0,5,6,1,12,3,20,12,14,49,0,0,0,49
03/21/2012,ROW,NM,ASW,WE,Combined TRACON& Tower with Radar,0,15,15,61,91,0,2,5,9,16,0,17,20,70,107,0,108,108,215
03/22/2012,ROW,NM,ASW,WE,Combined TRACON& Tower with Radar,0,13,10,10,33,0,4,23,5,32,0,17,33,15,65,32,0,32,97
03/23/2012,ROW,NM,ASW,WE,Combined TRACON& Tower with Radar,0,12,3,9,24,0,4,15,22,41,0,16,18,31,65,28,42,70,135
03/24/2012,ROW,NM,ASW,WE,Combined TRACON& Tower with Radar,1,9,4,3,17,0,6,20,1,27,1,15,24,4,44,4,0,4,48
03/25/2012,ROW,NM,ASW,WE,Combined TRACON& Tower with Radar,0,7,2,5,14,0,0,12,0,12,0,7,14,5,26,4,0,4,30
03/26/2012,ROW,NM,ASW,WE,Combined TRACON& Tower with Radar,4,13,6,9,32,0,2,4,2,8,4,15,10,11,40,20,0,20,60
03/27/2012,ROW,NM,ASW,WE,Combined TRACON& Tower with Radar,0,21,12,27,60,0,5,24,31,60,0,26,36,58,120,16,70,86,206
03/28/2012,ROW,NM,ASW,WE,Combined TRACON& Tower with Radar,0,14,11,31,56,0,7,13,23,43,0,21,24,54,99,24,30,54,153
03/29/2012,ROW,NM,ASW,WE,Combined TRACON& Tower with Radar,0,12,10,39,61,0,7,0,3,10,0,19,10,42,71,14,48,62,133
03/30/2012,ROW,NM,ASW,WE,Combined TRACON& Tower with Radar,0,16,3,26,45,0,8,12,0,20,0,24,15,26,65,16,26,42,107
03/31/2012,ROW,NM,ASW,WE,Combined TRACON& Tower with Radar,0,8,0,0,8,0,5,14,0,19,0,13,14,0,27,4,0,4,31
04/01/2012,ROW,NM,ASW,WE,Combined TRACON& Tower with Radar,0,6,1,5,12,0,6,18,1,25,0,12,19,6,37,10,0,10,47
04/02/2012,ROW,NM,ASW,WE,Combined TRACON& Tower with Radar,2,16,5,13,36,0,4,5,2,11,2,20,10,15,47,0,8,8,55
04/03/2012,ROW,NM,ASW,WE,Combined TRACON& Tower with Radar,2,14,5,18,39,0,3,8,0,11,2,17,13,18,50,0,22,22,72
04/04/2012,ROW,NM,ASW,WE,Combined TRACON& Tower with Radar,0,14,8,35,57,0,5,20,0,25,0,19,28,35,82,16,86,102,184
04/05/2012,ROW,NM,ASW,WE,Combined TRACON& Tower with Radar,0,16,16,32,64,0,6,18,6,30,0,22,34,38,94,0,30,30,124
04/06/2012,ROW,NM,ASW,WE,Combined TRACON& Tower with Radar,0,12,11,4,27,0,5,20,0,25,0,17,31,4,52,52,0,52,104
04/07/2012,ROW,NM,ASW,WE,Combined TRACON& Tower with Radar,0,6,1,0,7,0,4,24,0,28,0,10,25,0,35,18,0,18,53
04/08/2012,ROW,NM,ASW,WE,Combined TRACON& Tower with Radar,0,4,3,0,7,0,0,1,0,1,0,4,4,0,8,0,0,0,8
04/09/2012,ROW,NM,ASW,WE,Combined TRACON& Tower with Radar,2,13,17,24,56,0,4,6,0,10,2,17,23,24,66,20,0,20,86
04/10/2012,ROW,NM,ASW,WE,Combined TRACON& Tower with Radar,1,12,14,24,51,0,7,16,0,23,1,19,30,24,74,0,20,20,94
04/11/2012,ROW,NM,ASW,WE,Combined TRACON& Tower with Radar,0,14,6,13,33,0,10,13,20,43,0,24,19,33,76,38,18,56,132
04/12/2012,ROW,NM,ASW,WE,Combined TRACON& Tower with Radar,0,16,8,22,46,0,10,9,4,23,0,26,17,26,69,18,16,34,103
04/13/2012,ROW,NM,ASW,WE,Combined TRACON& Tower with Radar,2,12,15,46,75,0,6,18,0,24,2,18,33,46,99,4,86,90,189
04/14/2012,ROW,NM,ASW,WE,Combined TRACON& Tower with Radar,0,6,4,0,10,0,4,1,0,5,0,10,5,0,15,0,0,0,15
04/15/2012,ROW,NM,ASW,WE,Combined TRACON& Tower with Radar,0,7,4,4,15,0,1,2,0,3,0,8,6,4,18,0,0,0,18
04/16/2012,ROW,NM,ASW,WE,Combined TRACON& Tower with Radar,1,11,14,10,36,0,6,15,1,22,1,17,29,11,58,0,0,0,58
04/17/2012,ROW,NM,ASW,WE,Combined TRACON& Tower with Radar,28,7,7,6,48,1,3,10,0,14,29,10,17,6,62,18,74,92,154
04/18/2012,ROW,NM,ASW,WE,Combined TRACON& Tower with Radar,39,10,9,10,68,0,8,17,0,25,39,18,26,10,93,2,16,18,111
04/19/2012,ROW,NM,ASW,WE,Combined TRACON& Tower with Radar,2,12,16,11,41,0,9,6,0,15,2,21,22,11,56,0,0,0,56
04/20/2012,ROW,NM,ASW,WE,Combined TRACON& Tower with Radar,5,17,11,49,82,0,6,12,2,20,5,23,23,51,102,36,104,140,242
04/21/2012,ROW,NM,ASW,WE,Combined TRACON& Tower with Radar,5,8,4,0,17,0,7,28,0,35,5,15,32,0,52,8,0,8,60
04/22/2012,ROW,NM,ASW,WE,Combined TRACON& Tower with Radar,4,9,0,6,19,0,0,5,12,17,4,9,5,18,36,50,0,50,86
04/23/2012,ROW,NM,ASW,WE,Combined TRACON& Tower with Radar,1,10,7,40,58,0,6,8,6,20,1,16,15,46,78,6,104,110,188
04/24/2012,ROW,NM,ASW,WE,Combined TRACON& Tower with Radar,0,12,7,29,48,0,8,8,16,32,0,20,15,45,80,42,78,120,200
04/25/2012,ROW,NM,ASW,WE,Combined TRACON& Tower with Radar,1,11,9,26,47,0,9,12,7,28,1,20,21,33,75,16,30,46,121
04/26/2012,ROW,NM,ASW,WE,Combined TRACON& Tower with Radar,1,13,13,12,39,0,9,6,0,15,1,22,19,12,54,0,8,8,62
04/27/2012,ROW,NM,ASW,WE,Combined TRACON& Tower with Radar,0,29,8,26,63,0,5,5,0,10,0,34,13,26,73,0,52,52,125
04/28/2012,ROW,NM,ASW,WE,Combined TRACON& Tower with Radar,1,8,2,7,18,0,4,7,1,12,1,12,9,8,30,0,10,10,40
04/29/2012,ROW,NM,ASW,WE,Combined TRACON& Tower with Radar,0,6,1,4,11,0,2,8,0,10,0,8,9,4,21,0,0,0,21
04/30/2012,ROW,NM,ASW,WE,Combined TRACON& Tower with Radar,0,12,11,36,59,0,8,5,0,13,0,20,16,36,72,12,10,22,94
05/01/2012,ROW,NM,ASW,WE,Combined TRACON& Tower with Radar,0,15,8,3,26,0,10,8,12,30,0,25,16,15,56,0,0,0,56
05/02/2012,ROW,NM,ASW,WE,Combined TRACON& Tower with Radar,0,14,20,14,48,0,7,2,14,23,0,21,22,28,71,24,4,28,99
05/03/2012,ROW,NM,ASW,WE,Combined TRACON& Tower with Radar,2,15,8,14,39,0,11,16,6,33,2,26,24,20,72,32,2,34,106
05/04/2012,ROW,NM,ASW,WE,Combined TRACON& Tower with Radar,2,13,3,13,31,0,5,14,14,33,2,18,17,27,64,16,30,46,110
05/05/2012,ROW,NM,ASW,WE,Combined TRACON& Tower with Radar,0,7,7,1,15,0,4,10,20,34,0,11,17,21,49,40,0,40,89
05/06/2012,ROW,NM,ASW,WE,Combined TRACON& Tower with Radar,0,11,2,0,13,0,1,11,0,12,0,12,13,0,25,0,0,0,25
05/07/2012,ROW,NM,ASW,WE,Combined TRACON& Tower with Radar,0,10,8,0,18,0,3,1,6,10,0,13,9,6,28,22,8,30,58
05/08/2012,ROW,NM,ASW,WE,Combined TRACON& Tower with Radar,0,23,17,6,46,0,1,11,22,34,0,24,28,28,80,48,0,48,128
05/09/2012,ROW,NM,ASW,WE,Combined TRACON& Tower with Radar,0,10,7,9,26,0,6,9,12,27,0,16,16,21,53,54,0,54,107
05/10/2012,ROW,NM,ASW,WE,Combined TRACON& Tower with Radar,0,17,8,16,41,0,3,3,0,6,0,20,11,16,47,4,0,4,51
05/11/2012,ROW,NM,ASW,WE,Combined TRACON& Tower with Radar,0,15,10,34,59,0,8,11,2,21,0,23,21,36,80,24,80,104,184
05/12/2012,ROW,NM,ASW,WE,Combined TRACON& Tower with Radar,0,5,6,6,17,0,2,5,4,11,0,7,11,10,28,22,0,22,50
05/13/2012,ROW,NM,ASW,WE,Combined TRACON& Tower with Radar,0,5,3,8,16,0,0,2,0,2,0,5,5,8,18,0,0,0,18
05/14/2012,ROW,NM,ASW,WE,Combined TRACON& Tower with Radar,0,12,10,7,29,0,4,1,1,6,0,16,11,8,35,0,0,0,35
05/15/2012,ROW,NM,ASW,WE,Combined TRACON& Tower with Radar,3,12,5,8,28,0,9,5,17,31,3,21,10,25,59,70,0,70,129
05/16/2012,ROW,NM,ASW,WE,Combined TRACON& Tower with Radar,0,10,8,6,24,0,8,13,22,43,0,18,21,28,67,44,10,54,121
05/17/2012,ROW,NM,ASW,WE,Combined TRACON& Tower with Radar,0,18,6,6,30,0,7,7,15,29,0,25,13,21,59,18,0,18,77
05/18/2012,ROW,NM,ASW,WE,Combined TRACON& Tower with Radar,2,16,10,5,33,0,6,10,20,36,2,22,20,25,69,22,0,22,91
05/19/2012,ROW,NM,ASW,WE,Combined TRACON& Tower with Radar,0,5,2,0,7,0,2,8,27,37,0,7,10,27,44,32,0,32,76
05/20/2012,ROW,NM,ASW,WE,Combined TRACON& Tower with Radar,0,8,3,0,11,0,0,6,1,7,0,8,9,1,18,0,0,0,18
05/21/2012,ROW,NM,ASW,WE,Combined TRACON& Tower with Radar,0,8,7,34,49,0,7,8,4,19,0,15,15,38,68,14,0,14,82
05/22/2012,ROW,NM,ASW,WE,Combined TRACON& Tower with Radar,0,19,14,46,79,0,6,10,14,30,0,25,24,60,109,56,12,68,177
05/23/2012,ROW,NM,ASW,WE,Combined TRACON& Tower with Radar,0,15,5,4,24,0,6,7,0,13,0,21,12,4,37,2,0,2,39
05/24/2012,ROW,NM,ASW,WE,Combined TRACON& Tower with Radar,0,15,5,32,52,0,9,5,0,14,0,24,10,32,66,0,18,18,84
05/25/2012,ROW,NM,ASW,WE,Combined TRACON& Tower with Radar,0,11,7,0,18,0,6,11,0,17,0,17,18,0,35,4,0,4,39
05/26/2012,ROW,NM,ASW,WE,Combined TRACON& Tower with Radar,0,9,6,0,15,0,7,3,4,14,0,16,9,4,29,0,0,0,29
05/27/2012,ROW,NM,ASW,WE,Combined TRACON& Tower with Radar,0,7,5,0,12,0,5,3,0,8,0,12,8,0,20,0,0,0,20
05/28/2012,ROW,NM,ASW,WE,Combined TRACON& Tower with Radar,0,6,8,0,14,0,3,12,0,15,0,9,20,0,29,10,0,10,39
05/29/2012,ROW,NM,ASW,WE,Combined TRACON& Tower with Radar,0,10,20,9,39,0,10,26,17,53,0,20,46,26,92,14,6,20,112
05/30/2012,ROW,NM,ASW,WE,Combined TRACON& Tower with Radar,0,17,11,17,45,0,6,35,28,69,0,23,46,45,114,26,10,36,150
05/31/2012,ROW,NM,ASW,WE,Combined TRACON& Tower with Radar,1,16,18,24,59,0,5,5,1,11,1,21,23,25,70,0,0,0,70
06/01/2012,ROW,NM,ASW,WE,Combined TRACON& Tower with Radar,2,13,10,30,55,0,6,5,0,11,2,19,15,30,66,0,0,0,66
06/02/2012,ROW,NM,ASW,WE,Combined TRACON& Tower with Radar,0,7,3,0,10,0,4,11,4,19,0,11,14,4,29,36,0,36,65
06/03/2012,ROW,NM,ASW,WE,Combined TRACON& Tower with Radar,2,5,13,2,22,0,0,10,16,26,2,5,23,18,48,38,0,38,86
06/04/2012,ROW,NM,ASW,WE,Combined TRACON& Tower with Radar,0,16,8,4,28,0,4,2,0,6,0,20,10,4,34,0,0,0,34
06/05/2012,ROW,NM,ASW,WE,Combined TRACON& Tower with Radar,2,15,9,27,53,0,6,10,22,38,2,21,19,49,91,30,42,72,163
06/06/2012,ROW,NM,ASW,WE,Combined TRACON& Tower with Radar,0,25,9,14,48,0,7,12,2,21,0,32,21,16,69,6,16,22,91
06/07/2012,ROW,NM,ASW,WE,Combined TRACON& Tower with Radar,0,16,17,24,57,0,10,19,12,41,0,26,36,36,98,0,32,32,130
06/08/2012,ROW,NM,ASW,WE,Combined TRACON& Tower with Radar,0,17,5,42,64,0,3,8,1,12,0,20,13,43,76,18,33,51,127
06/09/2012,ROW,NM,ASW,WE,Combined TRACON& Tower with Radar,0,6,5,0,11,0,4,6,0,10,0,10,11,0,21,0,0,0,21
06/10/2012,ROW,NM,ASW,WE,Combined TRACON& Tower with Radar,0,8,7,0,15,0,6,5,0,11,0,14,12,0,26,0,0,0,26
06/11/2012,ROW,NM,ASW,WE,Combined TRACON& Tower with Radar,1,10,7,14,32,0,6,17,1,24,1,16,24,15,56,0,0,0,56
06/12/2012,ROW,NM,ASW,WE,Combined TRACON& Tower with Radar,0,14,13,22,49,0,5,36,0,41,0,19,49,22,90,10,56,66,156
06/13/2012,ROW,NM,ASW,WE,Combined TRACON& Tower with Radar,1,14,5,6,26,0,6,4,4,14,1,20,9,10,40,0,20,20,60
06/14/2012,ROW,NM,ASW,WE,Combined TRACON& Tower with Radar,1,16,22,27,66,0,6,20,0,26,1,22,42,27,92,18,0,18,110
06/15/2012,ROW,NM,ASW,WE,Combined TRACON& Tower with Radar,2,11,0,7,20,0,6,9,0,15,2,17,9,7,35,0,0,0,35
06/16/2012,ROW,NM,ASW,WE,Combined TRACON& Tower with Radar,0,6,9,1,16,0,2,18,1,21,0,8,27,2,37,13,0,13,50
06/17/2012,ROW,NM,ASW,WE,Combined TRACON& Tower with Radar,0,4,5,5,14,0,0,7,0,7,0,4,12,5,21,0,0,0,21
06/18/2012,ROW,NM,ASW,WE,Combined TRACON& Tower with Radar,11,10,4,0,25,14,5,22,10,51,25,15,26,10,76,0,28,28,104
06/19/2012,ROW,NM,ASW,WE,Combined TRACON& Tower with Radar,8,11,7,47,73,34,11,8,83,136,42,22,15,130,209,0,80,80,289
06/20/2012,ROW,NM,ASW,WE,Combined TRACON& Tower with Radar,39,17,10,17,83,0,7,27,7,41,39,24,37,24,124,0,52,52,176
06/21/2012,ROW,NM,ASW,WE,Combined TRACON& Tower with Radar,12,9,16,29,66,0,10,23,39,72,12,19,39,68,138,0,66,66,204
06/22/2012,ROW,NM,ASW,WE,Combined TRACON& Tower with Radar,6,8,2,17,33,0,10,11,7,28,6,18,13,24,61,0,0,0,61
06/23/2012,ROW,NM,ASW,WE,Combined TRACON& Tower with Radar,1,5,3,0,9,0,9,9,0,18,1,14,12,0,27,0,0,0,27
06/24/2012,ROW,NM,ASW,WE,Combined TRACON& Tower with Radar,0,9,4,2,15,0,4,10,1,15,0,13,14,3,30,4,0,4,34
06/25/2012,ROW,NM,ASW,WE,Combined TRACON& Tower with Radar,0,10,6,21,37,0,7,12,0,19,0,17,18,21,56,0,0,0,56
06/26/2012,ROW,NM,ASW,WE,Combined TRACON& Tower with Radar,0,14,8,23,45,0,7,9,1,17,0,21,17,24,62,0,20,20,82
06/27/2012,ROW,NM,ASW,WE,Combined TRACON& Tower with Radar,0,13,5,12,30,0,10,9,1,20,0,23,14,13,50,22,10,32,82
06/28/2012,ROW,NM,ASW,WE,Combined TRACON& Tower with Radar,0,13,9,36,58,0,7,16,2,25,0,20,25,38,83,0,60,60,143
06/29/2012,ROW,NM,ASW,WE,Combined TRACON& Tower with Radar,1,16,11,3,31,0,6,18,0,24,1,22,29,3,55,0,0,0,55
06/30/2012,ROW,NM,ASW,WE,Combined TRACON& Tower with Radar,0,7,6,1,14,3,4,19,1,27,3,11,25,2,41,4,0,4,45
07/01/2012,ROW,NM,ASW,WE,Combined TRACON& Tower with Radar,0,7,8,0,15,0,1,21,0,22,0,8,29,0,37,0,0,0,37
07/02/2012,ROW,NM,ASW,WE,Combined TRACON& Tower with Radar,0,13,13,20,46,0,2,7,0,9,0,15,20,20,55,0,16,16,71
07/03/2012,ROW,NM,ASW,WE,Combined TRACON& Tower with Radar,0,12,10,12,34,0,4,7,2,13,0,16,17,14,47,0,0,0,47
07/04/2012,ROW,NM,ASW,WE,Combined TRACON& Tower with Radar,0,4,5,0,9,0,1,10,2,13,0,5,15,2,22,0,0,0,22
07/05/2012,ROW,NM,ASW,WE,Combined TRACON& Tower with Radar,1,13,8,15,37,0,6,6,0,12,1,19,14,15,49,0,10,10,59
07/06/2012,ROW,NM,ASW,WE,Combined TRACON& Tower with Radar,0,18,8,4,30,0,6,5,1,12,0,24,13,5,42,0,0,0,42
07/07/2012,ROW,NM,ASW,WE,Combined TRACON& Tower with Radar,1,7,4,10,22,0,6,17,1,24,1,13,21,11,46,0,4,4,50
07/08/2012,ROW,NM,ASW,WE,Combined TRACON& Tower with Radar,0,9,4,0,13,0,1,8,0,9,0,10,12,0,22,8,0,8,30
07/09/2012,ROW,NM,ASW,WE,Combined TRACON& Tower with Radar,0,9,8,23,40,0,5,17,3,25,0,14,25,26,65,12,38,50,115
07/10/2012,ROW,NM,ASW,WE,Combined TRACON& Tower with Radar,1,20,14,13,48,0,2,5,6,13,1,22,19,19,61,26,0,26,87
07/11/2012,ROW,NM,ASW,WE,Combined TRACON& Tower with Radar,0,15,9,3,27,0,6,6,15,27,0,21,15,18,54,46,0,46,100
07/12/2012,ROW,NM,ASW,WE,Combined TRACON& Tower with Radar,1,17,14,21,53,0,7,8,11,26,1,24,22,32,79,84,74,158,237
07/13/2012,ROW,NM,ASW,WE,Combined TRACON& Tower with Radar,20,12,3,22,57,0,6,15,18,39,20,18,18,40,96,31,51,82,178
07/14/2012,ROW,NM,ASW,WE,Combined TRACON& Tower with Radar,1,5,4,0,10,0,3,12,22,37,1,8,16,22,47,24,0,24,71
07/15/2012,ROW,NM,ASW,WE,Combined TRACON& Tower with Radar,0,8,9,0,17,0,1,15,1,17,0,9,24,1,34,4,0,4,38
07/16/2012,ROW,NM,ASW,WE,Combined TRACON& Tower with Radar,0,14,14,24,52,0,5,5,18,28,0,19,19,42,80,92,30,122,202
07/17/2012,ROW,NM,ASW,WE,Combined TRACON& Tower with Radar,38,16,13,3,70,0,6,7,10,23,38,22,20,13,93,54,36,90,183
07/18/2012,ROW,NM,ASW,WE,Combined TRACON& Tower with Radar,20,10,4,3,37,0,10,14,21,45,20,20,18,24,82,46,14,60,142
07/19/2012,ROW,NM,ASW,WE,Combined TRACON& Tower with Radar,10,12,10,17,49,0,6,19,11,36,10,18,29,28,85,12,28,40,125
07/20/2012,ROW,NM,ASW,WE,Combined TRACON& Tower with Radar,1,11,9,6,27,0,11,15,0,26,1,22,24,6,53,13,4,17,70
07/21/2012,ROW,NM,ASW,WE,Combined TRACON& Tower with Radar,0,5,1,0,6,0,8,19,0,27,0,13,20,0,33,14,0,14,47
07/22/2012,ROW,NM,ASW,WE,Combined TRACON& Tower with Radar,0,6,7,6,19,0,2,9,0,11,0,8,16,6,30,0,0,0,30
07/23/2012,ROW,NM,ASW,WE,Combined TRACON& Tower with Radar,2,10,8,17,37,0,6,7,1,14,2,16,15,18,51,0,14,14,65
07/24/2012,ROW,NM,ASW,WE,Combined TRACON& Tower with Radar,2,15,16,2,35,0,7,17,2,26,2,22,33,4,61,8,14,22,83
07/25/2012,ROW,NM,ASW,WE,Combined TRACON& Tower with Radar,0,11,7,8,26,0,9,36,0,45,0,20,43,8,71,2,14,16,87
07/26/2012,ROW,NM,ASW,WE,Combined TRACON& Tower with Radar,0,21,15,9,45,0,6,13,0,19,0,27,28,9,64,0,10,10,74
07/27/2012,ROW,NM,ASW,WE,Combined TRACON& Tower with Radar,2,13,9,0,24,0,4,6,0,10,2,17,15,0,34,0,0,0,34
07/28/2012,ROW,NM,ASW,WE,Combined TRACON& Tower with Radar,0,7,6,0,13,0,5,6,0,11,0,12,12,0,24,0,0,0,24
07/29/2012,ROW,NM,ASW,WE,Combined TRACON& Tower with Radar,0,5,3,0,8,0,1,6,0,7,0,6,9,0,15,0,0,0,15
07/30/2012,ROW,NM,ASW,WE,Combined TRACON& Tower with Radar,0,9,10,23,42,0,7,8,4,19,0,16,18,27,61,0,104,104,165
07/31/2012,ROW,NM,ASW,WE,Combined TRACON& Tower with Radar,0,10,8,18,36,0,6,19,1,26,0,16,27,19,62,26,10,36,98
08/01/2012,ROW,NM,ASW,WE,Combined TRACON& Tower with Radar,0,10,13,26,49,0,8,10,8,26,0,18,23,34,75,0,32,32,107
08/02/2012,ROW,NM,ASW,WE,Combined TRACON& Tower with Radar,1,10,9,14,34,0,9,16,2,27,1,19,25,16,61,34,6,40,101
08/03/2012,ROW,NM,ASW,WE,Combined TRACON& Tower with Radar,1,9,2,8,20,0,6,10,1,17,1,15,12,9,37,2,0,2,39
08/04/2012,ROW,NM,ASW,WE,Combined TRACON& Tower with Radar,0,5,4,0,9,0,7,12,0,19,0,12,16,0,28,0,0,0,28
08/05/2012,ROW,NM,ASW,WE,Combined TRACON& Tower with Radar,0,5,13,0,18,0,1,1,0,2,0,6,14,0,20,0,0,0,20
08/06/2012,ROW,NM,ASW,WE,Combined TRACON& Tower with Radar,0,10,7,6,23,0,4,21,9,34,0,14,28,15,57,70,2,72,129
08/07/2012,ROW,NM,ASW,WE,Combined TRACON& Tower with Radar,0,10,9,4,23,0,6,14,0,20,0,16,23,4,43,28,12,40,83
08/08/2012,ROW,NM,ASW,WE,Combined TRACON& Tower with Radar,0,12,9,0,21,0,7,3,0,10,0,19,12,0,31,2,0,2,33
08/09/2012,ROW,NM,ASW,WE,Combined TRACON& Tower with Radar,2,12,7,39,60,0,7,15,0,22,2,19,22,39,82,2,60,62,144
08/10/2012,ROW,NM,ASW,WE,Combined TRACON& Tower with Radar,1,11,13,43,68,0,7,11,7,25,1,18,24,50,93,0,142,142,235
08/11/2012,ROW,NM,ASW,WE,Combined TRACON& Tower with Radar,0,6,3,2,11,0,2,14,6,22,0,8,17,8,33,12,58,70,103
08/12/2012,ROW,NM,ASW,WE,Combined TRACON& Tower with Radar,0,6,2,14,22,0,2,6,0,8,0,8,8,14,30,0,66,66,96
08/13/2012,ROW,NM,ASW,WE,Combined TRACON& Tower with Radar,0,11,6,1,18,0,4,9,0,13,0,15,15,1,31,12,22,34,65
08/14/2012,ROW,NM,ASW,WE,Combined TRACON& Tower with Radar,0,11,8,16,35,0,6,14,3,23,0,17,22,19,58,2,26,28,86
08/15/2012,ROW,NM,ASW,WE,Combined TRACON& Tower with Radar,0,9,2,7,18,0,8,12,8,28,0,17,14,15,46,20,42,62,108
08/16/2012,ROW,NM,ASW,WE,Combined TRACON& Tower with Radar,0,10,7,0,17,0,9,5,0,14,0,19,12,0,31,22,0,22,53
08/17/2012,ROW,NM,ASW,WE,Combined TRACON& Tower with Radar,3,13,16,6,38,0,6,6,3,15,3,19,22,9,53,20,16,36,89
08/18/2012,ROW,NM,ASW,WE,Combined TRACON& Tower with Radar,1,9,2,1,13,0,3,7,1,11,1,12,9,2,24,0,0,0,24
08/19/2012,ROW,NM,ASW,WE,Combined TRACON& Tower with Radar,0,7,4,3,14,0,1,9,1,11,0,8,13,4,25,0,0,0,25
08/20/2012,ROW,NM,ASW,WE,Combined TRACON& Tower with Radar,0,8,1,2,11,0,6,5,4,15,0,14,6,6,26,0,6,6,32
08/21/2012,ROW,NM,ASW,WE,Combined TRACON& Tower with Radar,1,16,10,3,30,0,6,7,4,17,1,22,17,7,47,14,0,14,61
08/22/2012,ROW,NM,ASW,WE,Combined TRACON& Tower with Radar,0,12,18,34,64,0,9,2,3,14,0,21,20,37,78,0,26,26,104
08/23/2012,ROW,NM,ASW,WE,Combined TRACON& Tower with Radar,2,11,9,25,47,0,5,4,12,21,2,16,13,37,68,0,76,76,144
08/24/2012,ROW,NM,ASW,WE,Combined TRACON& Tower with Radar,1,11,15,39,66,0,6,9,48,63,1,17,24,87,129,0,124,124,253
08/25/2012,ROW,NM,ASW,WE,Combined TRACON& Tower with Radar,2,7,8,0,17,0,3,21,2,26,2,10,29,2,43,0,0,0,43
08/26/2012,ROW,NM,ASW,WE,Combined TRACON& Tower with Radar,0,6,6,8,20,0,0,6,0,6,0,6,12,8,26,0,24,24,50
08/27/2012,ROW,NM,ASW,WE,Combined TRACON& Tower with Radar,1,8,12,24,45,0,6,1,10,17,1,14,13,34,62,0,54,54,116
08/28/2012,ROW,NM,ASW,WE,Combined TRACON& Tower with Radar,3,12,2,17,34,0,6,2,5,13,3,18,4,22,47,2,44,46,93
08/29/2012,ROW,NM,ASW,WE,Combined TRACON& Tower with Radar,0,12,4,1,17,0,10,8,1,19,0,22,12,2,36,6,22,28,64
08/30/2012,ROW,NM,ASW,WE,Combined TRACON& Tower with Radar,0,10,13,10,33,0,6,13,0,19,0,16,26,10,52,10,34,44,96
08/31/2012,ROW,NM,ASW,WE,Combined TRACON& Tower with Radar,5,8,20,42,75,0,10,22,2,34,5,18,42,44,109,22,98,120,229
09/01/2012,ROW,NM,ASW,WE,Combined TRACON& Tower with Radar,2,5,2,0,9,0,5,23,0,28,2,10,25,0,37,4,0,4,41
09/02/2012,ROW,NM,ASW,WE,Combined TRACON& Tower with Radar,0,9,4,3,16,0,4,8,0,12,0,13,12,3,28,8,0,8,36
09/03/2012,ROW,NM,ASW,WE,Combined TRACON& Tower with Radar,0,10,4,0,14,0,6,14,1,21,0,16,18,1,35,10,0,10,45
09/04/2012,ROW,NM,ASW,WE,Combined TRACON& Tower with Radar,0,14,11,4,29,0,7,8,1,16,0,21,19,5,45,12,16,28,73
09/05/2012,ROW,NM,ASW,WE,Combined TRACON& Tower with Radar,0,15,9,38,62,0,9,12,0,21,0,24,21,38,83,0,92,92,175
09/06/2012,ROW,NM,ASW,WE,Combined TRACON& Tower with Radar,1,12,7,7,27,0,7,8,2,17,1,19,15,9,44,0,16,16,60
09/07/2012,ROW,NM,ASW,WE,Combined TRACON& Tower with Radar,0,16,1,23,40,0,6,4,7,17,0,22,5,30,57,0,0,0,57
09/08/2012,ROW,NM,ASW,WE,Combined TRACON& Tower with Radar,0,7,4,2,13,0,2,0,0,2,0,9,4,2,15,0,0,0,15
09/09/2012,ROW,NM,ASW,WE,Combined TRACON& Tower with Radar,0,6,12,2,20,0,0,4,0,4,0,6,16,2,24,0,0,0,24
09/10/2012,ROW,NM,ASW,WE,Combined TRACON& Tower with Radar,2,11,9,7,29,0,4,11,7,22,2,15,20,14,51,26,16,42,93
09/11/2012,ROW,NM,ASW,WE,Combined TRACON& Tower with Radar,0,16,7,8,31,0,5,9,0,14,0,21,16,8,45,0,6,6,51
09/12/2012,ROW,NM,ASW,WE,Combined TRACON& Tower with Radar,2,17,7,12,38,0,6,15,0,21,2,23,22,12,59,0,0,0,59
09/13/2012,ROW,NM,ASW,WE,Combined TRACON& Tower with Radar,0,28,11,12,51,0,0,0,2,2,0,28,11,14,53,0,0,0,53
09/14/2012,ROW,NM,ASW,WE,Combined TRACON& Tower with Radar,0,13,8,60,81,0,5,9,2,16,0,18,17,62,97,14,51,65,162
09/15/2012,ROW,NM,ASW,WE,Combined TRACON& Tower with Radar,0,11,6,6,23,0,2,1,0,3,0,13,7,6,26,0,0,0,26
09/16/2012,ROW,NM,ASW,WE,Combined TRACON& Tower with Radar,0,10,7,32,49,0,1,5,6,12,0,11,12,38,61,0,6,6,67
09/17/2012,ROW,NM,ASW,WE,Combined TRACON& Tower with Radar,0,8,11,22,41,0,4,4,51,59,0,12,15,73,100,58,46,104,204
09/18/2012,ROW,NM,ASW,WE,Combined TRACON& Tower with Radar,0,10,6,10,26,0,8,13,57,78,0,18,19,67,104,72,22,94,198
09/19/2012,ROW,NM,ASW,WE,Combined TRACON& Tower with Radar,0,11,13,43,67,0,6,33,5,44,0,17,46,48,111,40,10,50,161
09/20/2012,ROW,NM,ASW,WE,Combined TRACON& Tower with Radar,1,14,9,45,69,0,6,31,19,56,1,20,40,64,125,20,38,58,183
09/21/2012,ROW,NM,ASW,WE,Combined TRACON& Tower with Radar,0,15,5,18,38,0,7,23,39,69,0,22,28,57,107,24,30,54,161
09/22/2012,ROW,NM,ASW,WE,Combined TRACON& Tower with Radar,0,7,9,0,16,0,4,24,38,66,0,11,33,38,82,50,0,50,132
09/23/2012,ROW,NM,ASW,WE,Combined TRACON& Tower with Radar,2,5,5,3,15,0,0,4,0,4,2,5,9,3,19,0,0,0,19
09/24/2012,ROW,NM,ASW,WE,Combined TRACON& Tower with Radar,0,9,11,23,43,0,6,9,0,15,0,15,20,23,58,0,54,54,112
09/25/2012,ROW,NM,ASW,WE,Combined TRACON& Tower with Radar,0,13,1,12,26,0,6,10,0,16,0,19,11,12,42,0,0,0,42
09/26/2012,ROW,NM,ASW,WE,Combined TRACON& Tower with Radar,0,11,9,40,60,0,8,12,0,20,0,19,21,40,80,28,48,76,156
09/27/2012,ROW,NM,ASW,WE,Combined TRACON& Tower with Radar,2,15,12,9,38,0,6,17,0,23,2,21,29,9,61,14,10,24,85
09/28/2012,ROW,NM,ASW,WE,Combined TRACON& Tower with Radar,0,21,5,3,29,0,0,5,0,5,0,21,10,3,34,0,12,12,46
09/29/2012,ROW,NM,ASW,WE,Combined TRACON& Tower with Radar,1,10,4,2,17,0,3,49,2,54,1,13,53,4,71,18,0,18,89
09/30/2012,ROW,NM,ASW,WE,Combined TRACON& Tower with Radar,0,8,3,1,12,0,1,8,3,12,0,9,11,4,24,0,0,0,24
10/01/2012,ROW,NM,ASW,WE,Combined TRACON& Tower with Radar,1,10,6,4,21,0,5,7,0,12,1,15,13,4,33,0,0,0,33
10/02/2012,ROW,NM,ASW,WE,Combined TRACON& Tower with Radar,1,10,4,12,27,0,9,16,1,26,1,19,20,13,53,10,20,30,83
10/03/2012,ROW,NM,ASW,WE,Combined TRACON& Tower with Radar,0,16,6,11,33,0,9,14,16,39,0,25,20,27,72,6,44,50,122
10/04/2012,ROW,NM,ASW,WE,Combined TRACON& Tower with Radar,2,10,28,16,56,0,6,9,13,28,2,16,37,29,84,14,18,32,116
10/05/2012,ROW,NM,ASW,WE,Combined TRACON& Tower with Radar,0,14,15,20,49,0,6,11,14,31,0,20,26,34,80,0,30,30,110
10/06/2012,ROW,NM,ASW,WE,Combined TRACON& Tower with Radar,0,13,5,0,18,0,2,5,0,7,0,15,10,0,25,28,0,28,53
10/07/2012,ROW,NM,ASW,WE,Combined TRACON& Tower with Radar,0,7,6,7,20,0,0,15,0,15,0,7,21,7,35,20,0,20,55
10/08/2012,ROW,NM,ASW,WE,Combined TRACON& Tower with Radar,2,10,8,3,23,0,4,25,2,31,2,14,33,5,54,28,0,28,82
10/09/2012,ROW,NM,ASW,WE,Combined TRACON& Tower with Radar,1,17,8,31,57,0,6,17,22,45,1,23,25,53,102,42,32,74,176
10/10/2012,ROW,NM,ASW,WE,Combined TRACON& Tower with Radar,1,10,10,18,39,0,10,37,32,79,1,20,47,50,118,20,12,32,150
10/11/2012,ROW,NM,ASW,WE,Combined TRACON& Tower with Radar,2,12,8,23,45,0,7,12,2,21,2,19,20,25,66,40,22,62,128
10/12/2012,ROW,NM,ASW,WE,Combined TRACON& Tower with Radar,0,18,17,12,47,0,7,6,1,14,0,25,23,13,61,12,4,16,77
10/13/2012,ROW,NM,ASW,WE,Combined TRACON& Tower with Radar,0,5,3,0,8,0,4,22,0,26,0,9,25,0,34,16,0,16,50
10/14/2012,ROW,NM,ASW,WE,Combined TRACON& Tower with Radar,0,9,3,0,12,0,4,14,0,18,0,13,17,0,30,28,0,28,58
10/15/2012,ROW,NM,ASW,WE,Combined TRACON& Tower with Radar,1,14,9,29,53,0,7,25,39,71,1,21,34,68,124,0,0,0,124
10/16/2012,ROW,NM,ASW,WE,Combined TRACON& Tower with Radar,0,12,5,13,30,0,7,15,0,22,0,19,20,13,52,0,46,46,98
10/17/2012,ROW,NM,ASW,WE,Combined TRACON& Tower with Radar,1,14,10,1,26,0,6,10,0,16,1,20,20,1,42,0,0,0,42
10/18/2012,ROW,NM,ASW,WE,Combined TRACON& Tower with Radar,8,11,5,12,36,0,5,14,21,40,8,16,19,33,76,8,66,74,150
10/19/2012,ROW,NM,ASW,WE,Combined TRACON& Tower with Radar,2,15,11,18,46,0,6,11,3,20,2,21,22,21,66,28,58,86,152
10/20/2012,ROW,NM,ASW,WE,Combined TRACON& Tower with Radar,1,9,8,1,19,0,4,13,3,20,1,13,21,4,39,0,12,12,51
10/21/2012,ROW,NM,ASW,WE,Combined TRACON& Tower with Radar,0,7,18,5,30,0,0,21,5,26,0,7,39,10,56,16,0,16,72
10/22/2012,ROW,NM,ASW,WE,Combined TRACON& Tower with Radar,2,10,16,74,102,0,4,15,10,29,2,14,31,84,131,0,114,114,245
10/23/2012,ROW,NM,ASW,WE,Combined TRACON& Tower with Radar,2,14,23,44,83,0,7,3,63,73,2,21,26,107,156,0,18,18,174
10/24/2012,ROW,NM,ASW,WE,Combined TRACON& Tower with Radar,0,12,24,23,59,0,10,31,35,76,0,22,55,58,135,4,4,8,143
10/25/2012,ROW,NM,ASW,WE,Combined TRACON& Tower with Radar,0,17,18,50,85,0,6,4,1,11,0,23,22,51,96,12,76,88,184
10/26/2012,ROW,NM,ASW,WE,Combined TRACON& Tower with Radar,2,29,10,26,67,0,8,19,10,37,2,37,29,36,104,2,14,16,120
10/27/2012,ROW,NM,ASW,WE,Combined TRACON& Tower with Radar,0,8,5,0,13,0,2,7,0,9,0,10,12,0,22,0,0,0,22
10/28/2012,ROW,NM,ASW,WE,Combined TRACON& Tower with Radar,0,5,4,0,9,0,0,7,0,7,0,5,11,0,16,0,0,0,16
10/29/2012,ROW,NM,ASW,WE,Combined TRACON& Tower with Radar,1,9,9,5,24,0,3,7,2,12,1,12,16,7,36,0,16,16,52
10/30/2012,ROW,NM,ASW,WE,Combined TRACON& Tower with Radar,0,17,23,42,82,0,10,10,3,23,0,27,33,45,105,20,30,50,155
10/31/2012,ROW,NM,ASW,WE,Combined TRACON& Tower with Radar,0,10,3,6,19,0,8,10,0,18,0,18,13,6,37,2,0,2,39
11/01/2012,ROW,NM,ASW,WE,Combined TRACON& Tower with Radar,0,13,13,1,27,0,4,5,4,13,0,17,18,5,40,34,0,34,74
11/02/2012,ROW,NM,ASW,WE,Combined TRACON& Tower with Radar,0,11,4,25,40,0,11,9,6,26,0,22,13,31,66,10,34,44,110
11/03/2012,ROW,NM,ASW,WE,Combined TRACON& Tower with Radar,2,6,8,4,20,0,6,16,1,23,2,12,24,5,43,10,14,24,67
11/04/2012,ROW,NM,ASW,WE,Combined TRACON& Tower with Radar,35,8,4,0,47,13,2,9,1,25,48,10,13,1,72,8,60,68,140
11/05/2012,ROW,NM,ASW,WE,Combined TRACON& Tower with Radar,28,15,12,7,62,0,2,4,6,12,28,17,16,13,74,0,0,0,74
11/06/2012,ROW,NM,ASW,WE,Combined TRACON& Tower with Radar,0,16,16,27,59,0,6,8,0,14,0,22,24,27,73,6,0,6,79
11/07/2012,ROW,NM,ASW,WE,Combined TRACON& Tower with Radar,4,15,9,37,65,0,5,7,6,18,4,20,16,43,83,0,68,68,151
11/08/2012,ROW,NM,ASW,WE,Combined TRACON& Tower with Radar,4,14,4,30,52,0,7,11,24,42,4,21,15,54,94,0,20,20,114
11/09/2012,ROW,NM,ASW,WE,Combined TRACON& Tower with Radar,2,17,12,10,41,0,4,3,0,7,2,21,15,10,48,22,0,22,70
11/10/2012,ROW,NM,ASW,WE,Combined TRACON& Tower with Radar,0,11,3,0,14,0,3,4,0,7,0,14,7,0,21,0,0,0,21
11/11/2012,ROW,NM,ASW,WE,Combined TRACON& Tower with Radar,0,7,1,0,8,0,2,2,2,6,0,9,3,2,14,0,0,0,14
11/12/2012,ROW,NM,ASW,WE,Combined TRACON& Tower with Radar,0,11,7,0,18,0,5,15,0,20,0,16,22,0,38,26,0,26,64
11/13/2012,ROW,NM,ASW,WE,Combined TRACON& Tower with Radar,0,13,6,20,39,0,7,30,8,45,0,20,36,28,84,6,22,28,112
11/14/2012,ROW,NM,ASW,WE,Combined TRACON& Tower with Radar,1,13,16,32,62,0,4,24,4,32,1,17,40,36,94,10,42,52,146
11/15/2012,ROW,NM,ASW,WE,Combined TRACON& Tower with Radar,0,21,9,66,96,0,7,13,4,24,0,28,22,70,120,0,48,48,168
11/16/2012,ROW,NM,ASW,WE,Combined TRACON& Tower with Radar,0,15,4,31,50,0,4,13,1,18,0,19,17,32,68,2,14,16,84
11/17/2012,ROW,NM,ASW,WE,Combined TRACON& Tower with Radar,0,13,12,2,27,0,0,4,1,5,0,13,16,3,32,6,10,16,48
11/18/2012,ROW,NM,ASW,WE,Combined TRACON& Tower with Radar,0,6,3,16,25,0,0,3,0,3,0,6,6,16,28,0,0,0,28
11/19/2012,ROW,NM,ASW,WE,Combined TRACON& Tower with Radar,0,19,9,22,50,0,3,22,32,57,0,22,31,54,107,0,38,38,145
11/20/2012,ROW,NM,ASW,WE,Combined TRACON& Tower with Radar,0,18,13,38,69,0,4,14,2,20,0,22,27,40,89,44,84,128,217
11/21/2012,ROW,NM,ASW,WE,Combined TRACON& Tower with Radar,0,14,15,7,36,0,5,5,0,10,0,19,20,7,46,0,8,8,54
11/22/2012,ROW,NM,ASW,WE,Combined TRACON& Tower with Radar,0,3,2,0,5,0,1,7,0,8,0,4,9,0,13,0,0,0,13
11/23/2012,ROW,NM,ASW,WE,Combined TRACON& Tower with Radar,0,13,1,0,14,0,6,9,0,15,0,19,10,0,29,4,0,4,33
11/24/2012,ROW,NM,ASW,WE,Combined TRACON& Tower with Radar,0,9,17,1,27,0,8,7,1,16,0,17,24,2,43,16,0,16,59
11/25/2012,ROW,NM,ASW,WE,Combined TRACON& Tower with Radar,0,6,10,2,18,0,0,8,0,8,0,6,18,2,26,0,0,0,26
11/26/2012,ROW,NM,ASW,WE,Combined TRACON& Tower with Radar,2,9,2,14,27,0,6,7,0,13,2,15,9,14,40,0,6,6,46
11/27/2012,ROW,NM,ASW,WE,Combined TRACON& Tower with Radar,2,14,12,39,67,0,8,13,39,60,2,22,25,78,127,10,40,50,177
11/28/2012,ROW,NM,ASW,WE,Combined TRACON& Tower with Radar,1,12,14,9,36,0,6,10,32,48,1,18,24,41,84,0,44,44,128
11/29/2012,ROW,NM,ASW,WE,Combined TRACON& Tower with Radar,0,10,6,4,20,0,7,12,0,19,0,17,18,4,39,0,0,0,39
11/30/2012,ROW,NM,ASW,WE,Combined TRACON& Tower with Radar,0,10,5,37,52,0,6,15,1,22,0,16,20,38,74,22,78,100,174
12/01/2012,ROW,NM,ASW,WE,Combined TRACON& Tower with Radar,0,5,1,4,10,0,3,12,0,15,0,8,13,4,25,6,0,6,31
12/02/2012,ROW,NM,ASW,WE,Combined TRACON& Tower with Radar,0,8,3,0,11,0,0,9,0,9,0,8,12,0,20,12,0,12,32
12/03/2012,ROW,NM,ASW,WE,Combined TRACON& Tower with Radar,0,8,7,10,25,0,5,2,0,7,0,13,9,10,32,2,0,2,34
12/04/2012,ROW,NM,ASW,WE,Combined TRACON& Tower with Radar,1,12,6,38,57,0,7,10,4,21,1,19,16,42,78,22,128,150,228
12/05/2012,ROW,NM,ASW,WE,Combined TRACON& Tower with Radar,0,9,24,30,63,0,8,5,2,15,0,17,29,32,78,8,90,98,176
12/06/2012,ROW,NM,ASW,WE,Combined TRACON& Tower with Radar,0,12,13,25,50,0,11,8,0,19,0,23,21,25,69,28,46,74,143
12/07/2012,ROW,NM,ASW,WE,Combined TRACON& Tower with Radar,0,11,12,44,67,0,8,8,0,16,0,19,20,44,83,0,26,26,109
12/08/2012,ROW,NM,ASW,WE,Combined TRACON& Tower with Radar,1,10,1,1,13,0,3,4,0,7,1,13,5,1,20,0,8,8,28
12/09/2012,ROW,NM,ASW,WE,Combined TRACON& Tower with Radar,0,10,1,28,39,0,0,13,0,13,0,10,14,28,52,0,8,8,60
12/10/2012,ROW,NM,ASW,WE,Combined TRACON& Tower with Radar,0,12,8,10,30,0,3,7,0,10,0,15,15,10,40,6,16,22,62
12/11/2012,ROW,NM,ASW,WE,Combined TRACON& Tower with Radar,4,13,5,15,37,0,8,34,4,46,4,21,39,19,83,8,0,8,91
12/12/2012,ROW,NM,ASW,WE,Combined TRACON& Tower with Radar,3,13,10,22,48,0,3,6,19,28,3,16,16,41,76,32,30,62,138
12/13/2012,ROW,NM,ASW,WE,Combined TRACON& Tower with Radar,0,19,13,16,48,0,4,13,1,18,0,23,26,17,66,0,38,38,104
12/14/2012,ROW,NM,ASW,WE,Combined TRACON& Tower with Radar,0,19,12,0,31,0,2,0,0,2,0,21,12,0,33,0,0,0,33
12/15/2012,ROW,NM,ASW,WE,Combined TRACON& Tower with Radar,0,5,3,1,9,0,4,2,0,6,0,9,5,1,15,0,0,0,15
12/16/2012,ROW,NM,ASW,WE,Combined TRACON& Tower with Radar,0,13,5,1,19,0,0,16,0,16,0,13,21,1,35,0,0,0,35
12/17/2012,ROW,NM,ASW,WE,Combined TRACON& Tower with Radar,4,10,22,22,58,0,7,10,2,19,4,17,32,24,77,8,52,60,137
12/18/2012,ROW,NM,ASW,WE,Combined TRACON& Tower with Radar,4,12,11,12,39,0,11,16,0,27,4,23,27,12,66,2,34,36,102
12/19/2012,ROW,NM,ASW,WE,Combined TRACON& Tower with Radar,0,18,4,4,26,0,3,3,1,7,0,21,7,5,33,0,18,18,51
12/20/2012,ROW,NM,ASW,WE,Combined TRACON& Tower with Radar,2,14,13,30,59,0,4,15,4,23,2,18,28,34,82,14,86,100,182
12/21/2012,ROW,NM,ASW,WE,Combined TRACON& Tower with Radar,0,14,9,8,31,0,6,7,30,43,0,20,16,38,74,8,30,38,112
12/22/2012,ROW,NM,ASW,WE,Combined TRACON& Tower with Radar,0,6,10,1,17,0,8,4,0,12,0,14,14,1,29,12,0,12,41
12/23/2012,ROW,NM,ASW,WE,Combined TRACON& Tower with Radar,0,6,8,0,14,0,0,4,0,4,0,6,12,0,18,6,0,6,24
12/24/2012,ROW,NM,ASW,WE,Combined TRACON& Tower with Radar,0,13,13,0,26,0,3,8,0,11,0,16,21,0,37,0,0,0,37
12/25/2012,ROW,NM,ASW,WE,Combined TRACON& Tower with Radar,0,6,1,0,7,0,2,4,0,6,0,8,5,0,13,0,0,0,13
12/26/2012,ROW,NM,ASW,WE,Combined TRACON& Tower with Radar,0,9,2,0,11,0,8,5,0,13,0,17,7,0,24,0,0,0,24
12/27/2012,ROW,NM,ASW,WE,Combined TRACON& Tower with Radar,0,16,9,5,30,0,6,7,1,14,0,22,16,6,44,0,8,8,52
12/28/2012,ROW,NM,ASW,WE,Combined TRACON& Tower with Radar,0,15,14,2,31,0,4,12,0,16,0,19,26,2,47,24,0,24,71
12/29/2012,ROW,NM,ASW,WE,Combined TRACON& Tower with Radar,0,7,4,0,11,0,3,9,0,12,0,10,13,0,23,8,0,8,31
12/30/2012,ROW,NM,ASW,WE,Combined TRACON& Tower with Radar,1,5,4,0,10,0,2,5,0,7,1,7,9,0,17,0,0,0,17
12/31/2012,ROW,NM,ASW,WE,Combined TRACON& Tower with Radar,0,12,4,0,16,0,1,2,0,3,0,13,6,0,19,0,0,0,19
01/01/2013,ROW,NM,ASW,WE,Combined TRACON& Tower with Radar,0,4,3,0,7,0,1,4,0,5,0,5,7,0,12,0,0,0,12
01/02/2013,ROW,NM,ASW,WE,Combined TRACON& Tower with Radar,0,10,17,2,29,0,8,8,0,16,0,18,25,2,45,16,0,16,61
01/03/2013,ROW,NM,ASW,WE,Combined TRACON& Tower with Radar,0,21,10,17,48,0,12,1,0,13,0,33,11,17,61,18,10,28,89
01/04/2013,ROW,NM,ASW,WE,Combined TRACON& Tower with Radar,0,18,2,0,20,0,0,0,0,0,0,18,2,0,20,0,0,0,20
01/05/2013,ROW,NM,ASW,WE,Combined TRACON& Tower with Radar,0,9,9,0,18,0,2,5,0,7,0,11,14,0,25,0,0,0,25
01/06/2013,ROW,NM,ASW,WE,Combined TRACON& Tower with Radar,2,10,5,2,19,0,2,11,0,13,2,12,16,2,32,26,0,26,58
01/07/2013,ROW,NM,ASW,WE,Combined TRACON& Tower with Radar,2,16,10,7,35,0,4,7,7,18,2,20,17,14,53,0,74,74,127
01/08/2013,ROW,NM,ASW,WE,Combined TRACON& Tower with Radar,1,13,7,47,68,0,2,3,12,17,1,15,10,59,85,0,78,78,163
01/09/2013,ROW,NM,ASW,WE,Combined TRACON& Tower with Radar,1,23,18,44,86,0,2,2,16,20,1,25,20,60,106,0,58,58,164
01/10/2013,ROW,NM,ASW,WE,Combined TRACON& Tower with Radar,0,20,11,18,49,0,5,9,2,16,0,25,20,20,65,6,20,26,91
01/11/2013,ROW,NM,ASW,WE,Combined TRACON& Tower with Radar,2,15,4,6,27,0,5,2,0,7,2,20,6,6,34,0,0,0,34
01/12/2013,ROW,NM,ASW,WE,Combined TRACON& Tower with Radar,0,12,3,4,19,0,3,6,0,9,0,15,9,4,28,14,0,14,42
01/13/2013,ROW,NM,ASW,WE,Combined TRACON& Tower with Radar,0,6,3,10,19,0,1,7,0,8,0,7,10,10,27,0,0,0,27
01/14/2013,ROW,NM,ASW,WE,Combined TRACON& Tower with Radar,0,11,9,2,22,0,2,1,0,3,0,13,10,2,25,0,0,0,25
01/15/2013,ROW,NM,ASW,WE,Combined TRACON& Tower with Radar,0,12,8,28,48,0,2,3,2,7,0,14,11,30,55,1,46,47,102
01/16/2013,ROW,NM,ASW,WE,Combined TRACON& Tower with Radar,1,18,7,5,31,0,6,7,1,14,1,24,14,6,45,22,0,22,67
01/17/2013,ROW,NM,ASW,WE,Combined TRACON& Tower with Radar,2,15,5,23,45,0,5,13,28,46,2,20,18,51,91,8,24,32,123
01/18/2013,ROW,NM,ASW,WE,Combined TRACON& Tower with Radar,2,13,13,38,66,0,6,4,0,10,2,19,17,38,76,16,44,60,136
01/19/2013,ROW,NM,ASW,WE,Combined TRACON& Tower with Radar,0,8,13,0,21,0,5,4,0,9,0,13,17,0,30,24,0,24,54
01/20/2013,ROW,NM,ASW,WE,Combined TRACON& Tower with Radar,0,8,6,0,14,0,10,16,0,26,0,18,22,0,40,14,0,14,54
01/21/2013,ROW,NM,ASW,WE,Combined TRACON& Tower with Radar,0,9,3,32,44,0,2,10,1,13,0,11,13,33,57,2,52,54,111
01/22/2013,ROW,NM,ASW,WE,Combined TRACON& Tower with Radar,0,17,13,20,50,0,7,4,0,11,0,24,17,20,61,0,18,18,79
01/23/2013,ROW,NM,ASW,WE,Combined TRACON& Tower with Radar,1,13,9,8,31,0,6,7,2,15,1,19,16,10,46,0,2,2,48
01/24/2013,ROW,NM,ASW,WE,Combined TRACON& Tower with Radar,0,15,12,36,63,0,8,6,26,40,0,23,18,62,103,0,22,22,125
01/25/2013,ROW,NM,ASW,WE,Combined TRACON& Tower with Radar,0,19,3,9,31,0,7,13,3,23,0,26,16,12,54,0,20,20,74
01/26/2013,ROW,NM,ASW,WE,Combined TRACON& Tower with Radar,4,43,0,3,50,0,4,6,1,11,4,47,6,4,61,26,16,42,103
01/27/2013,ROW,NM,ASW,WE,Combined TRACON& Tower with Radar,0,7,10,0,17,0,0,17,0,17,0,7,27,0,34,0,0,0,34
01/28/2013,ROW,NM,ASW,WE,Combined TRACON& Tower with Radar,0,47,10,23,80,0,4,7,24,35,0,51,17,47,115,8,12,20,135
01/29/2013,ROW,NM,ASW,WE,Combined TRACON& Tower with Radar,2,11,8,6,27,0,4,6,0,10,2,15,14,6,37,0,0,0,37
01/30/2013,ROW,NM,ASW,WE,Combined TRACON& Tower with Radar,0,16,22,50,88,0,9,12,8,29,0,25,34,58,117,1,54,55,172
01/31/2013,ROW,NM,ASW,WE,Combined TRACON& Tower with Radar,2,11,7,26,46,0,8,11,1,20,2,19,18,27,66,30,62,92,158
02/01/2013,ROW,NM,ASW,WE,Combined TRACON& Tower with Radar,1,15,5,49,70,0,12,16,3,31,1,27,21,52,101,6,36,42,143
02/02/2013,ROW,NM,ASW,WE,Combined TRACON& Tower with Radar,0,11,2,1,14,0,4,22,2,28,0,15,24,3,42,0,2,2,44
02/03/2013,ROW,NM,ASW,WE,Combined TRACON& Tower with Radar,2,9,15,0,26,0,0,14,0,14,2,9,29,0,40,8,0,8,48
02/04/2013,ROW,NM,ASW,WE,Combined TRACON& Tower with Radar,0,18,7,10,35,0,4,10,0,14,0,22,17,10,49,18,24,42,91
02/05/2013,ROW,NM,ASW,WE,Combined TRACON& Tower with Radar,1,16,14,37,68,0,7,25,13,45,1,23,39,50,113,8,51,59,172
02/06/2013,ROW,NM,ASW,WE,Combined TRACON& Tower with Radar,0,17,13,22,52,0,4,14,80,98,0,21,27,102,150,16,16,32,182
02/07/2013,ROW,NM,ASW,WE,Combined TRACON& Tower with Radar,0,14,12,49,75,0,4,8,16,28,0,18,20,65,103,6,116,122,225
02/08/2013,ROW,NM,ASW,WE,Combined TRACON& Tower with Radar,2,13,11,45,71,0,6,5,55,66,2,19,16,100,137,8,58,66,203
02/09/2013,ROW,NM,ASW,WE,Combined TRACON& Tower with Radar,0,9,2,16,27,0,2,5,45,52,0,11,7,61,79,0,82,82,161
02/10/2013,ROW,NM,ASW,WE,Combined TRACON& Tower with Radar,0,6,6,3,15,0,2,1,12,15,0,8,7,15,30,0,0,0,30
02/11/2013,ROW,NM,ASW,WE,Combined TRACON& Tower with Radar,1,14,7,22,44,0,2,13,15,30,1,16,20,37,74,0,26,26,100
02/12/2013,ROW,NM,ASW,WE,Combined TRACON& Tower with Radar,2,14,6,35,57,0,2,1,168,171,2,16,7,203,228,0,314,314,542
02/13/2013,ROW,NM,ASW,WE,Combined TRACON& Tower with Radar,1,13,4,43,61,0,8,31,195,234,1,21,35,238,295,2,385,387,682
02/14/2013,ROW,NM,ASW,WE,Combined TRACON& Tower with Radar,1,15,15,32,63,0,4,10,184,198,1,19,25,216,261,16,620,636,897
02/15/2013,ROW,NM,ASW,WE,Combined TRACON& Tower with Radar,0,18,5,14,37,0,7,9,79,95,0,25,14,93,132,20,318,338,470
02/16/2013,ROW,NM,ASW,WE,Combined TRACON& Tower with Radar,0,6,2,1,9,0,2,12,135,149,0,8,14,136,158,3,416,419,577
02/17/2013,ROW,NM,ASW,WE,Combined TRACON& Tower with Radar,0,8,16,0,24,0,1,13,0,14,0,9,29,0,38,0,0,0,38
02/18/2013,ROW,NM,ASW,WE,Combined TRACON& Tower with Radar,0,11,6,4,21,0,7,9,258,274,0,18,15,262,295,0,152,152,447
02/19/2013,ROW,NM,ASW,WE,Combined TRACON& Tower with Radar,2,15,9,10,36,0,4,76,95,175,2,19,85,105,211,20,518,538,749
02/20/2013,ROW,NM,ASW,WE,Combined TRACON& Tower with Radar,0,18,23,27,68,0,2,2,72,76,0,20,25,99,144,0,454,454,598
02/21/2013,ROW,NM,ASW,WE,Combined TRACON& Tower with Radar,0,15,9,6,30,0,1,0,99,100,0,16,9,105,130,0,386,386,516
02/22/2013,ROW,NM,ASW,WE,Combined TRACON& Tower with Radar,0,12,10,35,57,0,3,14,97,114,0,15,24,132,171,0,452,452,623
02/23/2013,ROW,NM,ASW,WE,Combined TRACON& Tower with Radar,1,8,11,2,22,0,7,27,141,175,1,15,38,143,197,0,582,582,779
02/24/2013,ROW,NM,ASW,WE,Combined TRACON& Tower with Radar,3,8,8,6,25,0,1,5,0,6,3,9,13,6,31,0,0,0,31
02/25/2013,ROW,NM,ASW,WE,Combined TRACON& Tower with Radar,0,9,4,3,16,0,4,3,70,77,0,13,7,73,93,0,466,466,559
02/26/2013,ROW,NM,ASW,WE,Combined TRACON& Tower with Radar,0,14,4,10,28,0,7,17,191,215,0,21,21,201,243,2,572,574,817
02/27/2013,ROW,NM,ASW,WE,Combined TRACON& Tower with Radar,1,11,8,32,52,0,9,20,347,376,1,20,28,379,428,12,506,518,946
02/28/2013,ROW,NM,ASW,WE,Combined TRACON& Tower with Radar,0,8,24,21,53,0,7,14,113,134,0,15,38,134,187,16,660,676,863
03/01/2013,ROW,NM,ASW,WE,Combined TRACON& Tower with Radar,0,11,0,86,97,0,9,5,328,342,0,20,5,414,439,0,336,336,775
03/02/2013,ROW,NM,ASW,WE,Combined TRACON& Tower with Radar,0,8,0,2,10,0,4,17,112,133,0,12,17,114,143,10,642,652,795
03/03/2013,ROW,NM,ASW,WE,Combined TRACON& Tower with Radar,0,6,2,4,12,0,0,13,0,13,0,6,15,4,25,16,0,16,41
03/04/2013,ROW,NM,ASW,WE,Combined TRACON& Tower with Radar,0,13,7,3,23,0,1,1,161,163,0,14,8,164,186,0,72,72,258
03/05/2013,ROW,NM,ASW,WE,Combined TRACON& Tower with Radar,2,13,4,29,48,0,2,6,289,297,2,15,10,318,345,0,414,414,759
03/06/2013,ROW,NM,ASW,WE,Combined TRACON& Tower with Radar,0,16,13,8,37,0,10,9,163,182,0,26,22,171,219,24,462,486,705
03/07/2013,ROW,NM,ASW,WE,Combined TRACON& Tower with Radar,0,16,4,17,37,0,4,3,308,315,0,20,7,325,352,0,368,368,720
03/08/2013,ROW,NM,ASW,WE,Combined TRACON& Tower with Radar,2,16,3,30,51,0,2,6,62,70,2,18,9,92,121,0,281,281,402
03/09/2013,ROW,NM,ASW,WE,Combined TRACON& Tower with Radar,1,6,5,6,18,0,3,3,23,29,1,9,8,29,47,0,132,132,179
03/10/2013,ROW,NM,ASW,WE,Combined TRACON& Tower with Radar,1,5,3,2,11,0,0,2,0,2,1,5,5,2,13,0,0,0,13
03/11/2013,ROW,NM,ASW,WE,Combined TRACON& Tower with Radar,0,15,12,36,63,0,3,13,169,185,0,18,25,205,248,10,632,642,890
03/12/2013,ROW,NM,ASW,WE,Combined TRACON& Tower with Radar,0,14,10,13,37,0,2,9,160,171,0,16,19,173,208,0,708,708,916
03/13/2013,ROW,NM,ASW,WE,Combined TRACON& Tower with Radar,2,14,10,8,34,0,4,11,101,116,2,18,21,109,150,4,682,686,836
03/14/2013,ROW,NM,ASW,WE,Combined TRACON& Tower with Radar,0,16,11,38,65,0,5,21,108,134,0,21,32,146,199,16,726,742,941
03/15/2013,ROW,NM,ASW,WE,Combined TRACON& Tower with Radar,0,15,9,3,27,0,5,39,301,345,0,20,48,304,372,0,382,382,754
03/16/2013,ROW,NM,ASW,WE,Combined TRACON& Tower with Radar,0,5,5,10,20,0,6,16,106,128,0,11,21,116,148,0,354,354,502
03/17/2013,ROW,NM,ASW,WE,Combined TRACON& Tower with Radar,0,7,7,4,18,0,0,9,0,9,0,7,16,4,27,0,0,0,27
03/18/2013,ROW,NM,ASW,WE,Combined TRACON& Tower with Radar,0,11,24,13,48,0,2,11,212,225,0,13,35,225,273,2,514,516,789
03/19/2013,ROW,NM,ASW,WE,Combined TRACON& Tower with Radar,1,12,5,15,33,0,2,9,301,312,1,14,14,316,345,4,270,274,619
03/20/2013,ROW,NM,ASW,WE,Combined TRACON& Tower with Radar,0,15,10,20,45,0,5,10,95,110,0,20,20,115,155,0,476,476,631
03/21/2013,ROW,NM,ASW,WE,Combined TRACON& Tower with Radar,0,13,2,2,17,0,2,16,75,93,0,15,18,77,110,6,4,10,120
03/22/2013,ROW,NM,ASW,WE,Combined TRACON& Tower with Radar,1,12,6,15,34,0,5,8,136,149,1,17,14,151,183,2,572,574,757
03/23/2013,ROW,NM,ASW,WE,Combined TRACON& Tower with Radar,0,8,5,10,23,0,2,2,44,48,0,10,7,54,71,0,174,174,245
03/24/2013,ROW,NM,ASW,WE,Combined TRACON& Tower with Radar,0,5,6,12,23,0,0,9,0,9,0,5,15,12,32,2,6,8,40
03/25/2013,ROW,NM,ASW,WE,Combined TRACON& Tower with Radar,0,7,4,17,28,0,8,2,125,135,0,15,6,142,163,10,420,430,593
03/26/2013,ROW,NM,ASW,WE,Combined TRACON& Tower with Radar,0,10,9,4,23,0,8,8,143,159,0,18,17,147,182,0,358,358,540
03/27/2013,ROW,NM,ASW,WE,Combined TRACON& Tower with Radar,0,12,16,32,60,0,2,6,242,250,0,14,22,274,310,26,324,350,660
03/28/2013,ROW,NM,ASW,WE,Combined TRACON& Tower with Radar,0,16,4,21,41,0,5,12,170,187,0,21,16,191,228,4,330,334,562
03/29/2013,ROW,NM,ASW,WE,Combined TRACON& Tower with Radar,1,10,9,4,24,0,9,12,211,232,1,19,21,215,256,22,324,346,602
03/30/2013,ROW,NM,ASW,WE,Combined TRACON& Tower with Radar,0,8,10,1,19,0,4,6,119,129,0,12,16,120,148,0,320,320,468
03/31/2013,ROW,NM,ASW,WE,Combined TRACON& Tower with Radar,0,8,8,0,16,0,2,3,0,5,0,10,11,0,21,8,0,8,29
04/01/2013,ROW,NM,ASW,WE,Combined TRACON& Tower with Radar,0,12,10,12,34,0,6,9,72,87,0,18,19,84,121,4,304,308,429
04/02/2013,ROW,NM,ASW,WE,Combined TRACON& Tower with Radar,0,17,8,39,64,0,1,1,36,38,0,18,9,75,102,0,446,446,548
04/03/2013,ROW,NM,ASW,WE,Combined TRACON& Tower with Radar,2,16,12,18,48,0,4,2,70,76,2,20,14,88,124,26,536,562,686
04/04/2013,ROW,NM,ASW,WE,Combined TRACON& Tower with Radar,0,14,10,3,27,0,4,36,72,112,0,18,46,75,139,32,428,460,599
04/05/2013,ROW,NM,ASW,WE,Combined TRACON& Tower with Radar,0,15,7,8,30,0,5,17,43,65,0,20,24,51,95,38,336,374,469
04/06/2013,ROW,NM,ASW,WE,Combined TRACON& Tower with Radar,0,9,11,7,27,0,2,19,11,32,0,11,30,18,59,0,26,26,85
04/07/2013,ROW,NM,ASW,WE,Combined TRACON& Tower with Radar,28,6,5,3,42,0,0,13,18,31,28,6,18,21,73,0,20,20,93
04/08/2013,ROW,NM,ASW,WE,Combined TRACON& Tower with Radar,13,10,2,3,28,25,4,5,0,34,38,14,7,3,62,6,54,60,122
04/09/2013,ROW,NM,ASW,WE,Combined TRACON& Tower with Radar,37,19,11,6,73,1,0,5,4,10,38,19,16,10,83,12,48,60,143
04/10/2013,ROW,NM,ASW,WE,Combined TRACON& Tower with Radar,2,18,11,10,41,0,3,8,15,26,2,21,19,25,67,0,14,14,81
04/11/2013,ROW,NM,ASW,WE,Combined TRACON& Tower with Radar,30,15,6,10,61,0,3,13,4,20,30,18,19,14,81,6,42,48,129
04/12/2013,ROW,NM,ASW,WE,Combined TRACON& Tower with Radar,18,19,7,36,80,0,3,28,10,41,18,22,35,46,121,22,24,46,167
04/13/2013,ROW,NM,ASW,WE,Combined TRACON& Tower with Radar,2,6,10,0,18,0,3,15,0,18,2,9,25,0,36,0,0,0,36
04/14/2013,ROW,NM,ASW,WE,Combined TRACON& Tower with Radar,0,19,11,10,40,0,2,4,0,6,0,21,15,10,46,0,0,0,46
04/15/2013,ROW,NM,ASW,WE,Combined TRACON& Tower with Radar,1,12,12,2,27,0,4,15,0,19,1,16,27,2,46,24,2,26,72
04/16/2013,ROW,NM,ASW,WE,Combined TRACON& Tower with Radar,1,25,6,5,37,0,5,14,4,23,1,30,20,9,60,0,0,0,60
04/17/2013,ROW,NM,ASW,WE,Combined TRACON& Tower with Radar,1,22,5,16,44,0,4,4,1,9,1,26,9,17,53,0,4,4,57
04/18/2013,ROW,NM,ASW,WE,Combined TRACON& Tower with Radar,2,37,10,2,51,0,10,33,2,45,2,47,43,4,96,15,0,15,111
04/19/2013,ROW,NM,ASW,WE,Combined TRACON& Tower with Radar,0,14,4,33,51,0,6,13,96,115,0,20,17,129,166,46,26,72,238
04/20/2013,ROW,NM,ASW,WE,Combined TRACON& Tower with Radar,0,5,3,1,9,0,5,11,0,16,0,10,14,1,25,0,0,0,25
04/21/2013,ROW,NM,ASW,WE,Combined TRACON& Tower with Radar,1,6,10,0,17,0,0,6,2,8,1,6,16,2,25,0,0,0,25
04/22/2013,ROW,NM,ASW,WE,Combined TRACON& Tower with Radar,0,11,10,14,35,0,5,6,2,13,0,16,16,16,48,0,0,0,48
04/23/2013,ROW,NM,ASW,WE,Combined TRACON& Tower with Radar,0,19,18,41,78,0,1,14,36,51,0,20,32,77,129,24,70,94,223
04/24/2013,ROW,NM,ASW,WE,Combined TRACON& Tower with Radar,0,12,11,46,69,0,7,13,0,20,0,19,24,46,89,60,40,100,189
04/25/2013,ROW,NM,ASW,WE,Combined TRACON& Tower with Radar,4,13,8,27,52,0,8,9,26,43,4,21,17,53,95,0,30,30,125
04/26/2013,ROW,NM,ASW,WE,Combined TRACON& Tower with Radar,1,13,11,9,34,0,5,7,0,12,1,18,18,9,46,0,0,0,46
04/27/2013,ROW,NM,ASW,WE,Combined TRACON& Tower with Radar,0,9,4,0,13,0,5,7,0,12,0,14,11,0,25,0,0,0,25
04/28/2013,ROW,NM,ASW,WE,Combined TRACON& Tower with Radar,0,7,9,10,26,0,3,8,0,11,0,10,17,10,37,0,2,2,39
04/29/2013,ROW,NM,ASW,WE,Combined TRACON& Tower with Radar,0,10,6,15,31,0,4,10,0,14,0,14,16,15,45,8,28,36,81
04/30/2013,ROW,NM,ASW,WE,Combined TRACON& Tower with Radar,0,14,4,6,24,0,2,5,0,7,0,16,9,6,31,0,6,6,37
05/01/2013,ROW,NM,ASW,WE,Combined TRACON& Tower with Radar,0,12,7,24,43,0,7,16,4,27,0,19,23,28,70,9,120,129,199
05/02/2013,ROW,NM,ASW,WE,Combined TRACON& Tower with Radar,0,14,13,29,56,0,7,2,7,16,0,21,15,36,72,0,10,10,82
05/03/2013,ROW,NM,ASW,WE,Combined TRACON& Tower with Radar,1,16,12,6,35,0,4,7,2,13,1,20,19,8,48,0,20,20,68
05/04/2013,ROW,NM,ASW,WE,Combined TRACON& Tower with Radar,1,7,8,0,16,0,5,34,0,39,1,12,42,0,55,60,0,60,115
05/05/2013,ROW,NM,ASW,WE,Combined TRACON& Tower with Radar,0,8,5,28,41,0,2,10,0,12,0,10,15,28,53,6,2,8,61
05/06/2013,ROW,NM,ASW,WE,Combined TRACON& Tower with Radar,0,17,12,14,43,0,3,4,0,7,0,20,16,14,50,6,42,48,98
05/07/2013,ROW,NM,ASW,WE,Combined TRACON& Tower with Radar,0,24,4,12,40,0,3,11,38,52,0,27,15,50,92,44,10,54,146
05/08/2013,ROW,NM,ASW,WE,Combined TRACON& Tower with Radar,2,13,6,7,28,0,10,9,4,23,2,23,15,11,51,56,0,56,107
05/09/2013,ROW,NM,ASW,WE,Combined TRACON& Tower with Radar,0,13,12,3,28,0,5,14,4,23,0,18,26,7,51,30,0,30,81
05/10/2013,ROW,NM,ASW,WE,Combined TRACON& Tower with Radar,0,24,6,3,33,0,4,3,0,7,0,28,9,3,40,4,0,4,44
05/11/2013,ROW,NM,ASW,WE,Combined TRACON& Tower with Radar,1,7,2,0,10,0,4,10,0,14,1,11,12,0,24,0,0,0,24
05/12/2013,ROW,NM,ASW,WE,Combined TRACON& Tower with Radar,0,6,2,0,8,0,0,5,3,8,0,6,7,3,16,34,0,34,50
05/13/2013,ROW,NM,ASW,WE,Combined TRACON& Tower with Radar,0,10,6,4,20,0,3,8,3,14,0,13,14,7,34,0,0,0,34
05/14/2013,ROW,NM,ASW,WE,Combined TRACON& Tower with Radar,0,12,12,16,40,0,3,6,1,10,0,15,18,17,50,12,24,36,86
05/15/2013,ROW,NM,ASW,WE,Combined TRACON& Tower with Radar,0,14,10,12,36,0,6,14,0,20,0,20,24,12,56,0,20,20,76
05/16/2013,ROW,NM,ASW,WE,Combined TRACON& Tower with Radar,0,12,15,25,52,0,5,26,15,46,0,17,41,40,98,4,20,24,122
05/17/2013,ROW,NM,ASW,WE,Combined TRACON& Tower with Radar,1,14,20,7,42,0,4,23,4,31,1,18,43,11,73,8,0,8,81
05/18/2013,ROW,NM,ASW,WE,Combined TRACON& Tower with Radar,0,6,12,4,22,0,2,7,1,10,0,8,19,5,32,0,0,0,32
05/19/2013,ROW,NM,ASW,WE,Combined TRACON& Tower with Radar,1,6,3,0,10,0,0,8,0,8,1,6,11,0,18,0,0,0,18
05/20/2013,ROW,NM,ASW,WE,Combined TRACON& Tower with Radar,1,8,6,40,55,0,3,13,0,16,1,11,19,40,71,0,98,98,169
05/21/2013,ROW,NM,ASW,WE,Combined TRACON& Tower with Radar,1,17,0,10,28,0,6,9,1,16,1,23,9,11,44,10,18,28,72
05/22/2013,ROW,NM,ASW,WE,Combined TRACON& Tower with Radar,1,13,8,20,42,0,8,9,0,17,1,21,17,20,59,0,72,72,131
05/23/2013,ROW,NM,ASW,WE,Combined TRACON& Tower with Radar,0,15,16,12,43,0,9,13,1,23,0,24,29,13,66,12,0,12,78
05/24/2013,ROW,NM,ASW,WE,Combined TRACON& Tower with Radar,0,13,6,10,29,0,6,12,0,18,0,19,18,10,47,2,0,2,49
05/25/2013,ROW,NM,ASW,WE,Combined TRACON& Tower with Radar,0,8,4,0,12,0,2,8,0,10,0,10,12,0,22,0,0,0,22
05/26/2013,ROW,NM,ASW,WE,Combined TRACON& Tower with Radar,0,8,1,0,9,0,0,4,0,4,0,8,5,0,13,0,0,0,13
05/27/2013,ROW,NM,ASW,WE,Combined TRACON& Tower with Radar,0,8,2,1,11,0,3,11,0,14,0,11,13,1,25,0,12,12,37
05/28/2013,ROW,NM,ASW,WE,Combined TRACON& Tower with Radar,0,12,5,5,22,0,5,11,3,19,0,17,16,8,41,2,14,16,57
05/29/2013,ROW,NM,ASW,WE,Combined TRACON& Tower with Radar,0,9,4,33,46,0,7,10,13,30,0,16,14,46,76,0,128,128,204
05/30/2013,ROW,NM,ASW,WE,Combined TRACON& Tower with Radar,0,13,4,58,75,0,8,7,24,39,0,21,11,82,114,0,0,0,114
05/31/2013,ROW,NM,ASW,WE,Combined TRACON& Tower with Radar,0,12,9,24,45,0,5,5,2,12,0,17,14,26,57,0,8,8,65
06/01/2013,ROW,NM,ASW,WE,Combined TRACON& Tower with Radar,0,6,30,2,38,0,6,18,0,24,0,12,48,2,62,0,0,0,62
06/02/2013,ROW,NM,ASW,WE,Combined TRACON& Tower with Radar,0,7,2,0,9,0,3,8,1,12,0,10,10,1,21,4,0,4,25
06/03/2013,ROW,NM,ASW,WE,Combined TRACON& Tower with Radar,1,11,14,5,31,0,4,4,0,8,1,15,18,5,39,0,0,0,39
06/04/2013,ROW,NM,ASW,WE,Combined TRACON& Tower with Radar,0,12,16,0,28,0,3,3,0,6,0,15,19,0,34,2,0,2,36
06/05/2013,ROW,NM,ASW,WE,Combined TRACON& Tower with Radar,0,14,9,6,29,1,5,13,0,19,1,19,22,6,48,0,12,12,60
06/06/2013,ROW,NM,ASW,WE,Combined TRACON& Tower with Radar,1,17,9,4,31,0,4,19,0,23,1,21,28,4,54,22,0,22,76
06/07/2013,ROW,NM,ASW,WE,Combined TRACON& Tower with Radar,0,15,18,33,66,0,5,13,12,30,0,20,31,45,96,12,10,22,118
06/08/2013,ROW,NM,ASW,WE,Combined TRACON& Tower with Radar,0,5,3,0,8,0,4,10,0,14,0,9,13,0,22,0,0,0,22
06/09/2013,ROW,NM,ASW,WE,Combined TRACON& Tower with Radar,0,7,2,0,9,0,0,9,0,9,0,7,11,0,18,0,0,0,18
06/10/2013,ROW,NM,ASW,WE,Combined TRACON& Tower with Radar,1,11,4,1,17,0,2,13,0,15,1,13,17,1,32,0,0,0,32
06/11/2013,ROW,NM,ASW,WE,Combined TRACON& Tower with Radar,0,13,9,33,55,0,7,2,0,9,0,20,11,33,64,0,78,78,142
06/12/2013,ROW,NM,ASW,WE,Combined TRACON& Tower with Radar,0,17,7,8,32,0,4,6,1,11,0,21,13,9,43,10,12,22,65
06/13/2013,ROW,NM,ASW,WE,Combined TRACON& Tower with Radar,0,17,4,7,28,0,5,9,1,15,0,22,13,8,43,0,0,0,43
06/14/2013,ROW,NM,ASW,WE,Combined TRACON& Tower with Radar,0,16,4,0,20,0,4,11,0,15,0,20,15,0,35,0,0,0,35
06/15/2013,ROW,NM,ASW,WE,Combined TRACON& Tower with Radar,1,7,3,0,11,0,2,11,0,13,1,9,14,0,24,0,0,0,24
06/16/2013,ROW,NM,ASW,WE,Combined TRACON& Tower with Radar,0,5,0,0,5,0,2,11,0,13,0,7,11,0,18,0,0,0,18
06/17/2013,ROW,NM,ASW,WE,Combined TRACON& Tower with Radar,0,11,12,14,37,0,5,5,7,17,0,16,17,21,54,8,0,8,62
06/18/2013,ROW,NM,ASW,WE,Combined TRACON& Tower with Radar,0,11,19,7,37,0,4,12,0,16,0,15,31,7,53,14,6,20,73
06/19/2013,ROW,NM,ASW,WE,Combined TRACON& Tower with Radar,0,16,3,22,41,0,3,12,4,19,0,19,15,26,60,0,22,22,82
06/20/2013,ROW,NM,ASW,WE,Combined TRACON& Tower with Radar,0,21,9,13,43,0,5,8,16,29,0,26,17,29,72,0,14,14,86
06/21/2013,ROW,NM,ASW,WE,Combined TRACON& Tower with Radar,0,16,0,2,18,0,6,2,4,12,0,22,2,6,30,28,0,28,58
06/22/2013,ROW,NM,ASW,WE,Combined TRACON& Tower with Radar,0,6,10,0,16,0,4,15,4,23,0,10,25,4,39,0,0,0,39
06/23/2013,ROW,NM,ASW,WE,Combined TRACON& Tower with Radar,0,9,3,2,14,0,3,17,0,20,0,12,20,2,34,18,0,18,52
06/24/2013,ROW,NM,ASW,WE,Combined TRACON& Tower with Radar,0,10,4,30,44,0,6,13,2,21,0,16,17,32,65,0,34,34,99
06/25/2013,ROW,NM,ASW,WE,Combined TRACON& Tower with Radar,0,11,8,2,21,0,6,7,14,27,0,17,15,16,48,2,0,2,50
06/26/2013,ROW,NM,ASW,WE,Combined TRACON& Tower with Radar,0,11,7,8,26,0,9,7,3,19,0,20,14,11,45,0,0,0,45
06/27/2013,ROW,NM,ASW,WE,Combined TRACON& Tower with Radar,0,11,21,20,52,0,8,0,10,18,0,19,21,30,70,2,50,52,122
06/28/2013,ROW,NM,ASW,WE,Combined TRACON& Tower with Radar,0,14,9,8,31,0,5,4,2,11,0,19,13,10,42,0,0,0,42
06/29/2013,ROW,NM,ASW,WE,Combined TRACON& Tower with Radar,0,7,4,7,18,0,2,14,0,16,0,9,18,7,34,0,0,0,34
06/30/2013,ROW,NM,ASW,WE,Combined TRACON& Tower with Radar,0,7,2,0,9,0,4,5,0,9,0,11,7,0,18,0,0,0,18
07/01/2013,ROW,NM,ASW,WE,Combined TRACON& Tower with Radar,0,10,4,18,32,0,3,6,12,21,0,13,10,30,53,0,24,24,77
07/02/2013,ROW,NM,ASW,WE,Combined TRACON& Tower with Radar,0,13,9,32,54,0,6,8,0,14,0,19,17,32,68,24,74,98,166
07/03/2013,ROW,NM,ASW,WE,Combined TRACON& Tower with Radar,1,14,11,32,58,0,5,11,0,16,1,19,22,32,74,0,28,28,102
07/04/2013,ROW,NM,ASW,WE,Combined TRACON& Tower with Radar,0,4,2,0,6,0,0,19,0,19,0,4,21,0,25,6,0,6,31
07/05/2013,ROW,NM,ASW,WE,Combined TRACON& Tower with Radar,1,14,5,0,20,0,3,8,0,11,1,17,13,0,31,2,0,2,33
07/06/2013,ROW,NM,ASW,WE,Combined TRACON& Tower with Radar,0,6,0,0,6,0,3,19,0,22,0,9,19,0,28,8,0,8,36
07/07/2013,ROW,NM,ASW,WE,Combined TRACON& Tower with Radar,0,6,6,0,12,0,2,11,0,13,0,8,17,0,25,0,0,0,25
07/08/2013,ROW,NM,ASW,WE,Combined TRACON& Tower with Radar,0,10,4,18,32,0,4,11,0,15,0,14,15,18,47,0,0,0,47
07/09/2013,ROW,NM,ASW,WE,Combined TRACON& Tower with Radar,1,16,4,12,33,0,5,12,2,19,1,21,16,14,52,0,0,0,52
07/10/2013,ROW,NM,ASW,WE,Combined TRACON& Tower with Radar,0,12,8,25,45,0,5,7,3,15,0,17,15,28,60,0,22,22,82
07/11/2013,ROW,NM,ASW,WE,Combined TRACON& Tower with Radar,0,11,13,21,45,0,9,8,0,17,0,20,21,21,62,6,20,26,88
07/12/2013,ROW,NM,ASW,WE,Combined TRACON& Tower with Radar,0,13,12,34,59,0,5,6,0,11,0,18,18,34,70,0,28,28,98
07/13/2013,ROW,NM,ASW,WE,Combined TRACON& Tower with Radar,0,6,8,0,14,0,5,14,0,19,0,11,22,0,33,0,0,0,33
07/14/2013,ROW,NM,ASW,WE,Combined TRACON& Tower with Radar,0,6,12,0,18,0,2,8,0,10,0,8,20,0,28,0,0,0,28
07/15/2013,ROW,NM,ASW,WE,Combined TRACON& Tower with Radar,4,12,9,40,65,0,2,2,0,4,4,14,11,40,69,0,76,76,145
07/16/2013,ROW,NM,ASW,WE,Combined TRACON& Tower with Radar,0,19,9,8,36,0,2,6,0,8,0,21,15,8,44,0,10,10,54
07/17/2013,ROW,NM,ASW,WE,Combined TRACON& Tower with Radar,0,15,13,16,44,0,2,7,0,9,0,17,20,16,53,0,16,16,69
07/18/2013,ROW,NM,ASW,WE,Combined TRACON& Tower with Radar,0,16,13,33,62,0,3,9,35,47,0,19,22,68,109,12,34,46,155
07/19/2013,ROW,NM,ASW,WE,Combined TRACON& Tower with Radar,0,15,6,1,22,0,1,7,0,8,0,16,13,1,30,0,0,0,30
07/20/2013,ROW,NM,ASW,WE,Combined TRACON& Tower with Radar,0,8,8,1,17,0,4,9,0,13,0,12,17,1,30,6,0,6,36
07/21/2013,ROW,NM,ASW,WE,Combined TRACON& Tower with Radar,0,8,5,0,13,0,1,13,0,14,0,9,18,0,27,18,0,18,45
07/22/2013,ROW,NM,ASW,WE,Combined TRACON& Tower with Radar,2,13,4,12,31,1,5,6,46,58,3,18,10,58,89,0,14,14,103
07/23/2013,ROW,NM,ASW,WE,Combined TRACON& Tower with Radar,11,12,7,14,44,1,4,14,0,19,12,16,21,14,63,0,74,74,137
07/24/2013,ROW,NM,ASW,WE,Combined TRACON& Tower with Radar,2,15,3,9,29,0,7,6,5,18,2,22,9,14,47,0,26,26,73
07/25/2013,ROW,NM,ASW,WE,Combined TRACON& Tower with Radar,58,16,8,12,94,0,5,1,1,7,58,21,9,13,101,0,28,28,129
07/26/2013,ROW,NM,ASW,WE,Combined TRACON& Tower with Radar,5,14,15,23,57,0,5,16,1,22,5,19,31,24,79,0,42,42,121
07/27/2013,ROW,NM,ASW,WE,Combined TRACON& Tower with Radar,4,6,0,0,10,0,7,9,2,18,4,13,9,2,28,4,10,14,42
07/28/2013,ROW,NM,ASW,WE,Combined TRACON& Tower with Radar,1,7,5,2,15,0,3,5,0,8,1,10,10,2,23,0,0,0,23
07/29/2013,ROW,NM,ASW,WE,Combined TRACON& Tower with Radar,1,11,6,46,64,0,4,8,38,50,1,15,14,84,114,0,30,30,144
07/30/2013,ROW,NM,ASW,WE,Combined TRACON& Tower with Radar,0,14,21,40,75,0,10,12,0,22,0,24,33,40,97,0,18,18,115
07/31/2013,ROW,NM,ASW,WE,Combined TRACON& Tower with Radar,0,15,4,56,75,0,5,13,2,20,0,20,17,58,95,0,87,87,182
08/01/2013,ROW,NM,ASW,WE,Combined TRACON& Tower with Radar,0,14,13,19,46,0,4,13,0,17,0,18,26,19,63,20,42,62,125
08/02/2013,ROW,NM,ASW,WE,Combined TRACON& Tower with Radar,1,10,9,8,28,0,8,15,0,23,1,18,24,8,51,12,0,12,63
08/03/2013,ROW,NM,ASW,WE,Combined TRACON& Tower with Radar,0,6,6,0,12,0,6,20,1,27,0,12,26,1,39,8,0,8,47
08/04/2013,ROW,NM,ASW,WE,Combined TRACON& Tower with Radar,1,11,4,3,19,0,0,15,0,15,1,11,19,3,34,4,0,4,38
08/05/2013,ROW,NM,ASW,WE,Combined TRACON& Tower with Radar,0,10,3,2,15,0,4,9,0,13,0,14,12,2,28,0,0,0,28
08/06/2013,ROW,NM,ASW,WE,Combined TRACON& Tower with Radar,0,12,3,8,23,0,4,12,0,16,0,16,15,8,39,0,0,0,39
08/07/2013,ROW,NM,ASW,WE,Combined TRACON& Tower with Radar,0,11,4,6,21,0,4,9,0,13,0,15,13,6,34,0,0,0,34
08/08/2013,ROW,NM,ASW,WE,Combined TRACON& Tower with Radar,0,17,17,28,62,0,6,7,0,13,0,23,24,28,75,0,22,22,97
08/09/2013,ROW,NM,ASW,WE,Combined TRACON& Tower with Radar,0,12,2,41,55,0,10,8,1,19,0,22,10,42,74,0,98,98,172
08/10/2013,ROW,NM,ASW,WE,Combined TRACON& Tower with Radar,0,7,3,0,10,0,6,14,0,20,0,13,17,0,30,4,0,4,34
08/11/2013,ROW,NM,ASW,WE,Combined TRACON& Tower with Radar,0,7,2,0,9,0,0,5,0,5,0,7,7,0,14,14,0,14,28
08/12/2013,ROW,NM,ASW,WE,Combined TRACON& Tower with Radar,0,11,2,28,41,0,8,6,1,15,0,19,8,29,56,0,54,54,110
08/13/2013,ROW,NM,ASW,WE,Combined TRACON& Tower with Radar,0,8,6,16,30,0,9,16,0,25,0,17,22,16,55,0,48,48,103
08/14/2013,ROW,NM,ASW,WE,Combined TRACON& Tower with Radar,0,13,9,6,28,0,5,8,0,13,0,18,17,6,41,0,0,0,41
08/15/2013,ROW,NM,ASW,WE,Combined TRACON& Tower with Radar,0,11,6,18,35,0,5,15,3,23,0,16,21,21,58,0,0,0,58
08/16/2013,ROW,NM,ASW,WE,Combined TRACON& Tower with Radar,0,12,3,19,34,0,6,11,0,17,0,18,14,19,51,0,4,4,55
08/17/2013,ROW,NM,ASW,WE,Combined TRACON& Tower with Radar,0,5,1,0,6,0,6,11,0,17,0,11,12,0,23,0,0,0,23
08/18/2013,ROW,NM,ASW,WE,Combined TRACON& Tower with Radar,0,5,2,0,7,0,0,6,0,6,0,5,8,0,13,0,0,0,13
08/19/2013,ROW,NM,ASW,WE,Combined TRACON& Tower with Radar,0,7,4,5,16,0,4,0,2,6,0,11,4,7,22,2,10,12,34
08/20/2013,ROW,NM,ASW,WE,Combined TRACON& Tower with Radar,2,16,3,26,47,0,5,10,0,15,2,21,13,26,62,8,34,42,104
08/21/2013,ROW,NM,ASW,WE,Combined TRACON& Tower with Radar,0,11,7,14,32,0,5,5,0,10,0,16,12,14,42,0,16,16,58
08/22/2013,ROW,NM,ASW,WE,Combined TRACON& Tower with Radar,0,15,13,19,47,0,9,11,0,20,0,24,24,19,67,8,26,34,101
08/23/2013,ROW,NM,ASW,WE,Combined TRACON& Tower with Radar,0,11,11,0,22,0,3,12,4,19,0,14,23,4,41,0,0,0,41
08/24/2013,ROW,NM,ASW,WE,Combined TRACON& Tower with Radar,0,5,15,0,20,0,5,25,0,30,0,10,40,0,50,8,0,8,58
08/25/2013,ROW,NM,ASW,WE,Combined TRACON& Tower with Radar,0,7,12,6,25,0,2,16,0,18,0,9,28,6,43,12,0,12,55
08/26/2013,ROW,NM,ASW,WE,Combined TRACON& Tower with Radar,0,13,4,2,19,0,5,6,2,13,0,18,10,4,32,0,0,0,32
08/27/2013,ROW,NM,ASW,WE,Combined TRACON& Tower with Radar,1,12,8,13,34,0,11,10,7,28,1,23,18,20,62,16,82,98,160
08/28/2013,ROW,NM,ASW,WE,Combined TRACON& Tower with Radar,3,13,6,19,41,0,4,11,8,23,3,17,17,27,64,0,26,26,90
08/29/2013,ROW,NM,ASW,WE,Combined TRACON& Tower with Radar,0,15,8,8,31,0,5,12,8,25,0,20,20,16,56,0,6,6,62
08/30/2013,ROW,NM,ASW,WE,Combined TRACON& Tower with Radar,0,15,4,2,21,0,8,12,4,24,0,23,16,6,45,12,0,12,57
08/31/2013,ROW,NM,ASW,WE,Combined TRACON& Tower with Radar,0,7,6,0,13,0,5,25,0,30,0,12,31,0,43,4,0,4,47
09/01/2013,ROW,NM,ASW,WE,Combined TRACON& Tower with Radar,1,4,0,0,5,0,1,22,0,23,1,5,22,0,28,0,0,0,28
09/02/2013,ROW,NM,ASW,WE,Combined TRACON& Tower with Radar,1,9,7,0,17,0,1,16,0,17,1,10,23,0,34,0,0,0,34
09/03/2013,ROW,NM,ASW,WE,Combined TRACON& Tower with Radar,0,7,6,11,24,0,8,9,2,19,0,15,15,13,43,0,0,0,43
09/04/2013,ROW,NM,ASW,WE,Combined TRACON& Tower with Radar,0,12,9,6,27,0,6,10,14,30,0,18,19,20,57,0,0,0,57
09/05/2013,ROW,NM,ASW,WE,Combined TRACON& Tower with Radar,0,12,1,10,23,0,4,6,1,11,0,16,7,11,34,4,4,8,42
09/06/2013,ROW,NM,ASW,WE,Combined TRACON& Tower with Radar,0,15,1,3,19,0,8,10,5,23,0,23,11,8,42,14,8,22,64
09/07/2013,ROW,NM,ASW,WE,Combined TRACON& Tower with Radar,0,8,2,0,10,0,2,22,0,24,0,10,24,0,34,0,0,0,34
09/08/2013,ROW,NM,ASW,WE,Combined TRACON& Tower with Radar,0,7,3,0,10,0,0,5,0,5,0,7,8,0,15,0,0,0,15
09/09/2013,ROW,NM,ASW,WE,Combined TRACON& Tower with Radar,1,14,6,20,41,0,2,12,4,18,1,16,18,24,59,0,28,28,87
09/10/2013,ROW,NM,ASW,WE,Combined TRACON& Tower with Radar,0,16,9,8,33,0,2,3,0,5,0,18,12,8,38,0,0,0,38
09/11/2013,ROW,NM,ASW,WE,Combined TRACON& Tower with Radar,0,20,25,4,49,0,2,1,0,3,0,22,26,4,52,0,0,0,52
09/12/2013,ROW,NM,ASW,WE,Combined TRACON& Tower with Radar,0,16,14,0,30,0,1,8,2,11,0,17,22,2,41,0,0,0,41
09/13/2013,ROW,NM,ASW,WE,Combined TRACON& Tower with Radar,0,16,12,4,32,0,0,13,0,13,0,16,25,4,45,14,0,14,59
09/14/2013,ROW,NM,ASW,WE,Combined TRACON& Tower with Radar,1,15,6,4,26,0,2,15,0,17,1,17,21,4,43,0,0,0,43
09/15/2013,ROW,NM,ASW,WE,Combined TRACON& Tower with Radar,0,7,12,0,19,0,0,9,0,9,0,7,21,0,28,0,0,0,28
09/16/2013,ROW,NM,ASW,WE,Combined TRACON& Tower with Radar,2,13,5,0,20,0,1,9,0,10,2,14,14,0,30,0,0,0,30
09/17/2013,ROW,NM,ASW,WE,Combined TRACON& Tower with Radar,0,14,10,20,44,0,4,10,0,14,0,18,20,20,58,0,30,30,88
09/18/2013,ROW,NM,ASW,WE,Combined TRACON& Tower with Radar,2,10,9,39,60,0,7,3,0,10,2,17,12,39,70,14,50,64,134
09/19/2013,ROW,NM,ASW,WE,Combined TRACON& Tower with Radar,1,13,8,10,32,0,4,6,0,10,1,17,14,10,42,0,6,6,48
09/20/2013,ROW,NM,ASW,WE,Combined TRACON& Tower with Radar,0,16,1,106,123,0,5,4,18,27,0,21,5,124,150,0,96,96,246
09/21/2013,ROW,NM,ASW,WE,Combined TRACON& Tower with Radar,0,8,0,12,20,0,6,2,2,10,0,14,2,14,30,24,12,36,66
09/22/2013,ROW,NM,ASW,WE,Combined TRACON& Tower with Radar,0,7,0,2,9,0,5,1,0,6,0,12,1,2,15,8,0,8,23
09/23/2013,ROW,NM,ASW,WE,Combined TRACON& Tower with Radar,0,18,2,25,45,0,6,7,8,21,0,24,9,33,66,2,24,26,92
09/24/2013,ROW,NM,ASW,WE,Combined TRACON& Tower with Radar,1,18,5,31,55,0,14,8,3,25,1,32,13,34,80,0,32,32,112
09/25/2013,ROW,NM,ASW,WE,Combined TRACON& Tower with Radar,2,10,6,8,26,20,8,10,3,41,22,18,16,11,67,0,186,186,253
09/26/2013,ROW,NM,ASW,WE,Combined TRACON& Tower with Radar,40,10,5,25,80,0,7,10,1,18,40,17,15,26,98,10,16,26,124
09/27/2013,ROW,NM,ASW,WE,Combined TRACON& Tower with Radar,1,13,7,34,55,0,2,12,0,14,1,15,19,34,69,12,12,24,93
09/28/2013,ROW,NM,ASW,WE,Combined TRACON& Tower with Radar,0,9,1,26,36,0,6,6,0,12,0,15,7,26,48,8,0,8,56
09/29/2013,ROW,NM,ASW,WE,Combined TRACON& Tower with Radar,0,5,2,0,7,0,2,8,0,10,0,7,10,0,17,16,0,16,33
09/30/2013,ROW,NM,ASW,WE,Combined TRACON& Tower with Radar,1,9,8,3,21,0,5,9,0,14,1,14,17,3,35,0,0,0,35
10/01/2013,ROW,NM,ASW,WE,Combined TRACON& Tower with Radar,0,13,11,4,28,0,3,18,0,21,0,16,29,4,49,12,0,12,61
10/02/2013,ROW,NM,ASW,WE,Combined TRACON& Tower with Radar,3,16,3,17,39,0,6,3,0,9,3,22,6,17,48,0,56,56,104
10/03/2013,ROW,NM,ASW,WE,Combined TRACON& Tower with Radar,3,13,6,6,28,0,9,6,4,19,3,22,12,10,47,6,18,24,71
10/04/2013,ROW,NM,ASW,WE,Combined TRACON& Tower with Radar,0,15,3,1,19,0,7,9,0,16,0,22,12,1,35,0,0,0,35
10/05/2013,ROW,NM,ASW,WE,Combined TRACON& Tower with Radar,0,8,13,3,24,0,5,26,36,67,0,13,39,39,91,16,14,30,121
10/06/2013,ROW,NM,ASW,WE,Combined TRACON& Tower with Radar,0,5,2,0,7,0,0,2,0,2,0,5,4,0,9,0,0,0,9
10/07/2013,ROW,NM,ASW,WE,Combined TRACON& Tower with Radar,0,8,10,2,20,0,6,6,0,12,0,14,16,2,32,0,0,0,32
10/08/2013,ROW,NM,ASW,WE,Combined TRACON& Tower with Radar,0,15,14,16,45,0,8,9,0,17,0,23,23,16,62,0,0,0,62
10/09/2013,ROW,NM,ASW,WE,Combined TRACON& Tower with Radar,1,13,13,9,36,0,6,6,1,13,1,19,19,10,49,0,16,16,65
10/10/2013,ROW,NM,ASW,WE,Combined TRACON& Tower with Radar,0,10,10,6,26,0,4,12,0,16,0,14,22,6,42,0,4,4,46
10/11/2013,ROW,NM,ASW,WE,Combined TRACON& Tower with Radar,0,11,3,2,16,0,13,8,2,23,0,24,11,4,39,0,0,0,39
10/12/2013,ROW,NM,ASW,WE,Combined TRACON& Tower with Radar,1,5,9,0,15,0,3,14,0,17,1,8,23,0,32,0,0,0,32
10/13/2013,ROW,NM,ASW,WE,Combined TRACON& Tower with Radar,0,7,8,0,15,0,0,8,0,8,0,7,16,0,23,6,0,6,29
10/14/2013,ROW,NM,ASW,WE,Combined TRACON& Tower with Radar,0,10,17,12,39,0,6,7,0,13,0,16,24,12,52,8,0,8,60
10/15/2013,ROW,NM,ASW,WE,Combined TRACON& Tower with Radar,0,24,8,42,74,0,6,7,0,13,0,30,15,42,87,6,20,26,113
10/16/2013,ROW,NM,ASW,WE,Combined TRACON& Tower with Radar,1,17,6,10,34,0,5,6,6,17,1,22,12,16,51,14,0,14,65
10/17/2013,ROW,NM,ASW,WE,Combined TRACON& Tower with Radar,1,26,11,0,38,0,1,17,4,22,1,27,28,4,60,0,0,0,60
10/18/2013,ROW,NM,ASW,WE,Combined TRACON& Tower with Radar,0,21,16,48,85,0,5,7,22,34,0,26,23,70,119,14,28,42,161
10/19/2013,ROW,NM,ASW,WE,Combined TRACON& Tower with Radar,0,6,7,0,13,0,3,12,1,16,0,9,19,1,29,0,0,0,29
10/20/2013,ROW,NM,ASW,WE,Combined TRACON& Tower with Radar,0,7,5,0,12,0,1,14,0,15,0,8,19,0,27,34,0,34,61
10/21/2013,ROW,NM,ASW,WE,Combined TRACON& Tower with Radar,0,15,5,23,43,0,9,16,5,30,0,24,21,28,73,0,12,12,85
10/22/2013,ROW,NM,ASW,WE,Combined TRACON& Tower with Radar,0,11,1,5,17,0,7,13,1,21,0,18,14,6,38,0,8,8,46
10/23/2013,ROW,NM,ASW,WE,Combined TRACON& Tower with Radar,0,14,12,7,33,0,6,9,2,17,0,20,21,9,50,6,30,36,86
10/24/2013,ROW,NM,ASW,WE,Combined TRACON& Tower with Radar,0,13,23,80,116,0,5,25,43,73,0,18,48,123,189,20,42,62,251
10/25/2013,ROW,NM,ASW,WE,Combined TRACON& Tower with Radar,0,18,11,10,39,0,8,3,1,12,0,26,14,11,51,4,8,12,63
10/26/2013,ROW,NM,ASW,WE,Combined TRACON& Tower with Radar,0,6,3,1,10,0,4,45,1,50,0,10,48,2,60,0,0,0,60
10/27/2013,ROW,NM,ASW,WE,Combined TRACON& Tower with Radar,0,5,2,10,17,0,1,8,2,11,0,6,10,12,28,0,0,0,28
10/28/2013,ROW,NM,ASW,WE,Combined TRACON& Tower with Radar,1,12,9,56,78,0,6,17,4,27,1,18,26,60,105,0,48,48,153
10/29/2013,ROW,NM,ASW,WE,Combined TRACON& Tower with Radar,0,13,11,40,64,0,7,9,6,22,0,20,20,46,86,0,40,40,126
10/30/2013,ROW,NM,ASW,WE,Combined TRACON& Tower with Radar,0,15,11,25,51,0,7,6,0,13,0,22,17,25,64,2,56,58,122
10/31/2013,ROW,NM,ASW,WE,Combined TRACON& Tower with Radar,0,18,17,12,47,0,4,24,0,28,0,22,41,12,75,4,0,4,79
11/01/2013,ROW,NM,ASW,WE,Combined TRACON& Tower with Radar,1,17,13,28,59,0,3,17,10,30,1,20,30,38,89,0,38,38,127
11/02/2013,ROW,NM,ASW,WE,Combined TRACON& Tower with Radar,3,6,8,1,18,0,4,7,0,11,3,10,15,1,29,4,0,4,33
11/03/2013,ROW,NM,ASW,WE,Combined TRACON& Tower with Radar,1,5,1,30,37,0,1,13,0,14,1,6,14,30,51,42,2,44,95
11/04/2013,ROW,NM,ASW,WE,Combined TRACON& Tower with Radar,2,12,8,7,29,0,6,6,1,13,2,18,14,8,42,34,12,46,88
11/05/2013,ROW,NM,ASW,WE,Combined TRACON& Tower with Radar,1,14,10,22,47,0,4,13,3,20,1,18,23,25,67,24,16,40,107
11/06/2013,ROW,NM,ASW,WE,Combined TRACON& Tower with Radar,0,13,6,44,63,0,3,14,6,23,0,16,20,50,86,14,84,98,184
11/07/2013,ROW,NM,ASW,WE,Combined TRACON& Tower with Radar,3,12,19,27,61,0,4,6,27,37,3,16,25,54,98,20,28,48,146
11/08/2013,ROW,NM,ASW,WE,Combined TRACON& Tower with Radar,0,14,5,8,27,0,4,12,13,29,0,18,17,21,56,8,2,10,66
11/09/2013,ROW,NM,ASW,WE,Combined TRACON& Tower with Radar,0,12,9,2,23,0,2,15,1,18,0,14,24,3,41,0,0,0,41
11/10/2013,ROW,NM,ASW,WE,Combined TRACON& Tower with Radar,0,10,8,15,33,0,2,13,5,20,0,12,21,20,53,0,0,0,53
11/11/2013,ROW,NM,ASW,WE,Combined TRACON& Tower with Radar,1,9,7,0,17,0,2,15,0,17,1,11,22,0,34,44,0,44,78
11/12/2013,ROW,NM,ASW,WE,Combined TRACON& Tower with Radar,1,16,12,13,42,0,0,1,1,2,1,16,13,14,44,0,6,6,50
11/13/2013,ROW,NM,ASW,WE,Combined TRACON& Tower with Radar,0,14,7,20,41,0,6,10,2,18,0,20,17,22,59,22,68,90,149
11/14/2013,ROW,NM,ASW,WE,Combined TRACON& Tower with Radar,0,12,15,31,58,0,5,10,0,15,0,17,25,31,73,0,22,22,95
11/15/2013,ROW,NM,ASW,WE,Combined TRACON& Tower with Radar,1,14,6,55,76,0,3,13,18,34,1,17,19,73,110,22,60,82,192
11/16/2013,ROW,NM,ASW,WE,Combined TRACON& Tower with Radar,1,9,1,0,11,0,3,8,0,11,1,12,9,0,22,14,0,14,36
11/17/2013,ROW,NM,ASW,WE,Combined TRACON& Tower with Radar,0,9,3,0,12,0,4,10,0,14,0,13,13,0,26,8,0,8,34
11/18/2013,ROW,NM,ASW,WE,Combined TRACON& Tower with Radar,3,14,7,28,52,0,5,3,2,10,3,19,10,30,62,40,26,66,128
11/19/2013,ROW,NM,ASW,WE,Combined TRACON& Tower with Radar,1,12,10,35,58,0,5,15,21,41,1,17,25,56,99,26,40,66,165
11/20/2013,ROW,NM,ASW,WE,Combined TRACON& Tower with Radar,0,13,7,36,56,0,4,2,32,38,0,17,9,68,94,20,86,106,200
11/21/2013,ROW,NM,ASW,WE,Combined TRACON& Tower with Radar,1,16,9,15,41,0,2,12,5,19,1,18,21,20,60,70,4,74,134
11/22/2013,ROW,NM,ASW,WE,Combined TRACON& Tower with Radar,0,13,6,1,20,0,0,0,0,0,0,13,6,1,20,0,0,0,20
11/23/2013,ROW,NM,ASW,WE,Combined TRACON& Tower with Radar,0,4,0,0,4,0,0,0,0,0,0,4,0,0,4,0,0,0,4
11/24/2013,ROW,NM,ASW,WE,Combined TRACON& Tower with Radar,0,1,0,0,1,0,0,0,0,0,0,1,0,0,1,0,0,0,1
11/25/2013,ROW,NM,ASW,WE,Combined TRACON& Tower with Radar,0,17,7,26,50,0,1,4,0,5,0,18,11,26,55,4,18,22,77
11/26/2013,ROW,NM,ASW,WE,Combined TRACON& Tower with Radar,0,15,5,15,35,0,11,6,0,17,0,26,11,15,52,8,8,16,68
11/27/2013,ROW,NM,ASW,WE,Combined TRACON& Tower with Radar,2,12,13,25,52,0,6,17,0,23,2,18,30,25,75,0,50,50,125
11/28/2013,ROW,NM,ASW,WE,Combined TRACON& Tower with Radar,0,7,2,0,9,0,3,5,0,8,0,10,7,0,17,0,0,0,17
11/29/2013,ROW,NM,ASW,WE,Combined TRACON& Tower with Radar,1,13,7,0,21,0,6,17,0,23,1,19,24,0,44,0,0,0,44
11/30/2013,ROW,NM,ASW,WE,Combined TRACON& Tower with Radar,0,9,8,0,17,0,4,11,0,15,0,13,19,0,32,0,0,0,32
12/01/2013,ROW,NM,ASW,WE,Combined TRACON& Tower with Radar,1,6,15,0,22,0,0,10,0,10,1,6,25,0,32,0,0,0,32
12/02/2013,ROW,NM,ASW,WE,Combined TRACON& Tower with Radar,0,12,11,8,31,0,5,5,10,20,0,17,16,18,51,0,26,26,77
12/03/2013,ROW,NM,ASW,WE,Combined TRACON& Tower with Radar,0,16,7,11,34,0,2,13,3,18,0,18,20,14,52,0,0,0,52
12/04/2013,ROW,NM,ASW,WE,Combined TRACON& Tower with Radar,0,16,11,40,67,0,5,10,5,20,0,21,21,45,87,0,26,26,113
12/05/2013,ROW,NM,ASW,WE,Combined TRACON& Tower with Radar,0,8,12,33,53,0,1,1,0,2,0,9,13,33,55,0,2,2,57
12/06/2013,ROW,NM,ASW,WE,Combined TRACON& Tower with Radar,1,11,7,5,24,0,0,0,0,0,1,11,7,5,24,0,0,0,24
12/07/2013,ROW,NM,ASW,WE,Combined TRACON& Tower with Radar,0,4,1,0,5,0,0,0,0,0,0,4,1,0,5,0,0,0,5
12/08/2013,ROW,NM,ASW,WE,Combined TRACON& Tower with Radar,0,0,2,2,4,0,1,3,0,4,0,1,5,2,8,0,0,0,8
12/09/2013,ROW,NM,ASW,WE,Combined TRACON& Tower with Radar,0,9,14,33,56,0,7,4,0,11,0,16,18,33,67,0,42,42,109
12/10/2013,ROW,NM,ASW,WE,Combined TRACON& Tower with Radar,2,14,9,7,32,0,2,3,3,8,2,16,12,10,40,0,0,0,40
12/11/2013,ROW,NM,ASW,WE,Combined TRACON& Tower with Radar,0,10,6,30,46,0,8,9,2,19,0,18,15,32,65,10,6,16,81
12/12/2013,ROW,NM,ASW,WE,Combined TRACON& Tower with Radar,1,21,4,12,38,0,4,1,14,19,1,25,5,26,57,0,0,0,57
12/13/2013,ROW,NM,ASW,WE,Combined TRACON& Tower with Radar,0,17,10,5,32,14,4,14,0,32,14,21,24,5,64,4,0,4,68
12/14/2013,ROW,NM,ASW,WE,Combined TRACON& Tower with Radar,0,6,2,6,14,4,9,13,0,26,4,15,15,6,40,8,10,18,58
12/15/2013,ROW,NM,ASW,WE,Combined TRACON& Tower with Radar,0,10,11,29,50,0,2,9,3,14,0,12,20,32,64,0,0,0,64
12/16/2013,ROW,NM,ASW,WE,Combined TRACON& Tower with Radar,2,10,4,13,29,20,5,15,5,45,22,15,19,18,74,14,22,36,110
12/17/2013,ROW,NM,ASW,WE,Combined TRACON& Tower with Radar,0,17,6,36,59,24,3,7,17,51,24,20,13,53,110,34,86,120,230
12/18/2013,ROW,NM,ASW,WE,Combined TRACON& Tower with Radar,2,19,10,57,88,1,13,8,7,29,3,32,18,64,117,6,54,60,177
12/19/2013,ROW,NM,ASW,WE,Combined TRACON& Tower with Radar,1,23,23,30,77,0,5,10,26,41,1,28,33,56,118,0,30,30,148
12/20/2013,ROW,NM,ASW,WE,Combined TRACON& Tower with Radar,0,18,15,6,39,0,5,1,0,6,0,23,16,6,45,0,0,0,45
12/21/2013,ROW,NM,ASW,WE,Combined TRACON& Tower with Radar,0,16,8,0,24,0,1,3,0,4,0,17,11,0,28,0,0,0,28
12/22/2013,ROW,NM,ASW,WE,Combined TRACON& Tower with Radar,0,8,2,0,10,0,1,7,0,8,0,9,9,0,18,12,0,12,30
12/23/2013,ROW,NM,ASW,WE,Combined TRACON& Tower with Radar,0,11,3,2,16,0,5,24,4,33,0,16,27,6,49,0,0,0,49
12/24/2013,ROW,NM,ASW,WE,Combined TRACON& Tower with Radar,1,11,2,0,14,0,10,14,1,25,1,21,16,1,39,20,0,20,59
12/25/2013,ROW,NM,ASW,WE,Combined TRACON& Tower with Radar,0,6,6,0,12,0,0,6,0,6,0,6,12,0,18,0,0,0,18
12/26/2013,ROW,NM,ASW,WE,Combined TRACON& Tower with Radar,0,14,3,0,17,0,8,4,0,12,0,22,7,0,29,0,0,0,29
12/27/2013,ROW,NM,ASW,WE,Combined TRACON& Tower with Radar,0,20,3,22,45,0,6,5,10,21,0,26,8,32,66,0,28,28,94
12/28/2013,ROW,NM,ASW,WE,Combined TRACON& Tower with Radar,0,9,8,0,17,0,6,22,0,28,0,15,30,0,45,0,0,0,45
12/29/2013,ROW,NM,ASW,WE,Combined TRACON& Tower with Radar,0,8,5,0,13,0,4,9,0,13,0,12,14,0,26,0,0,0,26
12/30/2013,ROW,NM,ASW,WE,Combined TRACON& Tower with Radar,1,9,8,11,29,0,4,15,2,21,1,13,23,13,50,0,0,0,50
12/31/2013,ROW,NM,ASW,WE,Combined TRACON& Tower with Radar,0,13,5,0,18,0,5,15,0,20,0,18,20,0,38,8,0,8,46
01/01/2014,ROW,NM,ASW,WE,Combined TRACON& Tower with Radar,0,7,0,0,7,0,2,2,0,4,0,9,2,0,11,12,0,12,23
01/02/2014,ROW,NM,ASW,WE,Combined TRACON& Tower with Radar,0,13,2,0,15,0,9,7,0,16,0,22,9,0,31,20,0,20,51
01/03/2014,ROW,NM,ASW,WE,Combined TRACON& Tower with Radar,0,19,5,10,34,0,8,5,0,13,0,27,10,10,47,2,0,2,49
01/04/2014,ROW,NM,ASW,WE,Combined TRACON& Tower with Radar,0,7,3,0,10,0,8,21,0,29,0,15,24,0,39,16,0,16,55
01/05/2014,ROW,NM,ASW,WE,Combined TRACON& Tower with Radar,0,6,7,0,13,0,3,8,0,11,0,9,15,0,24,0,0,0,24
01/06/2014,ROW,NM,ASW,WE,Combined TRACON& Tower with Radar,0,12,6,13,31,0,3,6,0,9,0,15,12,13,40,0,0,0,40
01/07/2014,ROW,NM,ASW,WE,Combined TRACON& Tower with Radar,0,17,7,36,60,0,6,10,0,16,0,23,17,36,76,0,30,30,106
01/08/2014,ROW,NM,ASW,WE,Combined TRACON& Tower with Radar,1,16,5,28,50,0,2,11,34,47,1,18,16,62,97,50,40,90,187
01/09/2014,ROW,NM,ASW,WE,Combined TRACON& Tower with Radar,0,26,6,12,44,0,5,5,37,47,0,31,11,49,91,42,8,50,141
01/10/2014,ROW,NM,ASW,WE,Combined TRACON& Tower with Radar,0,14,5,108,127,0,4,6,11,21,0,18,11,119,148,22,20,42,190
01/11/2014,ROW,NM,ASW,WE,Combined TRACON& Tower with Radar,2,8,5,0,15,0,7,21,63,91,2,15,26,63,106,8,40,48,154
01/12/2014,ROW,NM,ASW,WE,Combined TRACON& Tower with Radar,0,6,2,10,18,0,1,2,1,4,0,7,4,11,22,6,0,6,28
01/13/2014,ROW,NM,ASW,WE,Combined TRACON& Tower with Radar,0,13,3,33,49,0,3,13,35,51,0,16,16,68,100,0,54,54,154
01/14/2014,ROW,NM,ASW,WE,Combined TRACON& Tower with Radar,1,18,13,21,53,0,7,28,46,81,1,25,41,67,134,8,44,52,186
01/15/2014,ROW,NM,ASW,WE,Combined TRACON& Tower with Radar,2,17,12,77,108,0,6,17,64,87,2,23,29,141,195,28,274,302,497
01/16/2014,ROW,NM,ASW,WE,Combined TRACON& Tower with Radar,1,15,7,58,81,0,5,28,56,89,1,20,35,114,170,10,197,207,377
01/17/2014,ROW,NM,ASW,WE,Combined TRACON& Tower with Radar,1,16,4,84,105,0,11,27,143,181,1,27,31,227,286,14,44,58,344
01/18/2014,ROW,NM,ASW,WE,Combined TRACON& Tower with Radar,0,5,11,40,56,0,10,24,51,85,0,15,35,91,141,0,102,102,243
01/19/2014,ROW,NM,ASW,WE,Combined TRACON& Tower with Radar,0,10,0,1,11,0,1,12,1,14,0,11,12,2,25,12,0,12,37
01/20/2014,ROW,NM,ASW,WE,Combined TRACON& Tower with Radar,0,11,10,14,35,0,4,20,42,66,0,15,30,56,101,0,104,104,205
01/21/2014,ROW,NM,ASW,WE,Combined TRACON& Tower with Radar,0,19,9,17,45,0,8,27,148,183,0,27,36,165,228,0,356,356,584
01/22/2014,ROW,NM,ASW,WE,Combined TRACON& Tower with Radar,0,17,13,26,56,0,20,25,47,92,0,37,38,73,148,12,172,184,332
01/23/2014,ROW,NM,ASW,WE,Combined TRACON& Tower with Radar,0,22,9,36,67,0,6,18,27,51,0,28,27,63,118,0,242,242,360
01/24/2014,ROW,NM,ASW,WE,Combined TRACON& Tower with Radar,1,18,8,66,93,0,7,25,75,107,1,25,33,141,200,0,202,202,402
01/25/2014,ROW,NM,ASW,WE,Combined TRACON& Tower with Radar,0,10,9,55,74,18,9,74,125,226,18,19,83,180,300,36,168,204,504
01/26/2014,ROW,NM,ASW,WE,Combined TRACON& Tower with Radar,1,6,5,33,45,24,2,3,1,30,25,8,8,34,75,56,4,60,135
01/27/2014,ROW,NM,ASW,WE,Combined TRACON& Tower with Radar,0,13,12,38,63,4,3,16,63,86,4,16,28,101,149,22,206,228,377
01/28/2014,ROW,NM,ASW,WE,Combined TRACON& Tower with Radar,1,19,8,35,63,12,9,27,46,94,13,28,35,81,157,12,300,312,469
01/29/2014,ROW,NM,ASW,WE,Combined TRACON& Tower with Radar,0,18,17,27,62,0,19,23,62,104,0,37,40,89,166,24,402,426,592
01/30/2014,ROW,NM,ASW,WE,Combined TRACON& Tower with Radar,0,9,15,27,51,18,10,7,61,96,18,19,22,88,147,44,584,628,775
01/31/2014,ROW,NM,ASW,WE,Combined TRACON& Tower with Radar,2,16,6,45,69,16,12,12,51,91,18,28,18,96,160,0,241,241,401
02/01/2014,ROW,NM,ASW,WE,Combined TRACON& Tower with Radar,1,8,4,8,21,2,8,28,133,171,3,16,32,141,192,14,174,188,380
02/02/2014,ROW,NM,ASW,WE,Combined TRACON& Tower with Radar,1,6,4,0,11,0,0,1,0,1,1,6,5,0,12,0,0,0,12
02/03/2014,ROW,NM,ASW,WE,Combined TRACON& Tower with Radar,2,30,1,11,44,0,0,0,0,0,2,30,1,11,44,0,0,0,44
02/04/2014,ROW,NM,ASW,WE,Combined TRACON& Tower with Radar,6,17,10,103,136,2,3,11,177,193,8,20,21,280,329,4,46,50,379
02/05/2014,ROW,NM,ASW,WE,Combined TRACON& Tower with Radar,0,17,8,22,47,0,2,20,16,38,0,19,28,38,85,2,302,304,389
02/06/2014,ROW,NM,ASW,WE,Combined TRACON& Tower with Radar,0,26,2,50,78,0,10,2,11,23,0,36,4,61,101,0,8,8,109
02/07/2014,ROW,NM,ASW,WE,Combined TRACON& Tower with Radar,0,21,10,58,89,18,10,6,72,106,18,31,16,130,195,2,125,127,322
02/08/2014,ROW,NM,ASW,WE,Combined TRACON& Tower with Radar,0,7,5,27,39,20,8,34,43,105,20,15,39,70,144,12,16,28,172
02/09/2014,ROW,NM,ASW,WE,Combined TRACON& Tower with Radar,1,10,4,7,22,12,3,20,25,60,13,13,24,32,82,32,69,101,183
02/10/2014,ROW,NM,ASW,WE,Combined TRACON& Tower with Radar,14,23,8,45,90,0,1,0,2,3,14,24,8,47,93,0,190,190,283
02/11/2014,ROW,NM,ASW,WE,Combined TRACON& Tower with Radar,0,26,11,98,135,10,3,13,116,142,10,29,24,214,277,28,263,291,568
02/12/2014,ROW,NM,ASW,WE,Combined TRACON& Tower with Radar,1,13,8,27,49,0,13,29,97,139,1,26,37,124,188,8,258,266,454
02/13/2014,ROW,NM,ASW,WE,Combined TRACON& Tower with Radar,0,13,18,15,46,0,5,31,70,106,0,18,49,85,152,18,196,214,366
02/14/2014,ROW,NM,ASW,WE,Combined TRACON& Tower with Radar,0,15,5,25,45,0,10,19,78,107,0,25,24,103,152,4,168,172,324
02/15/2014,ROW,NM,ASW,WE,Combined TRACON& Tower with Radar,0,6,1,32,39,0,5,35,78,118,0,11,36,110,157,0,154,154,311
02/16/2014,ROW,NM,ASW,WE,Combined TRACON& Tower with Radar,1,7,8,0,16,0,2,22,156,180,1,9,30,156,196,0,110,110,306
02/17/2014,ROW,NM,ASW,WE,Combined TRACON& Tower with Radar,0,12,14,21,47,0,3,14,86,103,0,15,28,107,150,0,233,233,383
02/18/2014,ROW,NM,ASW,WE,Combined TRACON& Tower with Radar,1,14,9,10,34,0,7,13,252,272,1,21,22,262,306,0,188,188,494
02/19/2014,ROW,NM,ASW,WE,Combined TRACON& Tower with Radar,0,16,14,15,45,0,3,12,103,118,0,19,26,118,163,2,440,442,605
02/20/2014,ROW,NM,ASW,WE,Combined TRACON& Tower with Radar,0,16,7,19,42,0,2,4,61,67,0,18,11,80,109,0,246,246,355
02/21/2014,ROW,NM,ASW,WE,Combined TRACON& Tower with Radar,0,16,6,65,87,0,1,14,373,388,0,17,20,438,475,10,198,208,683
02/22/2014,ROW,NM,ASW,WE,Combined TRACON& Tower with Radar,2,5,9,6,22,0,4,19,72,95,2,9,28,78,117,20,250,270,387
02/23/2014,ROW,NM,ASW,WE,Combined TRACON& Tower with Radar,1,6,6,0,13,0,0,10,0,10,1,6,16,0,23,16,0,16,39
02/24/2014,ROW,NM,ASW,WE,Combined TRACON& Tower with Radar,1,12,11,46,70,0,6,10,87,103,1,18,21,133,173,4,170,174,347
02/25/2014,ROW,NM,ASW,WE,Combined TRACON& Tower with Radar,0,21,13,69,103,0,8,7,120,135,0,29,20,189,238,0,484,484,722
02/26/2014,ROW,NM,ASW,WE,Combined TRACON& Tower with Radar,1,16,20,67,104,0,3,11,43,57,1,19,31,110,161,0,196,196,357
02/27/2014,ROW,NM,ASW,WE,Combined TRACON& Tower with Radar,0,16,9,52,77,0,7,15,110,132,0,23,24,162,209,0,340,340,549
02/28/2014,ROW,NM,ASW,WE,Combined TRACON& Tower with Radar,0,26,19,76,121,0,4,35,71,110,0,30,54,147,231,2,196,198,429
03/01/2014,ROW,NM,ASW,WE,Combined TRACON& Tower with Radar,0,5,8,2,15,0,5,6,46,57,0,10,14,48,72,0,106,106,178
03/02/2014,ROW,NM,ASW,WE,Combined TRACON& Tower with Radar,0,1,10,2,13,0,0,1,0,1,0,1,11,2,14,0,0,0,14
03/03/2014,ROW,NM,ASW,WE,Combined TRACON& Tower with Radar,0,10,12,37,59,0,2,14,35,51,0,12,26,72,110,0,192,192,302
03/04/2014,ROW,NM,ASW,WE,Combined TRACON& Tower with Radar,0,20,15,47,82,0,5,20,278,303,0,25,35,325,385,0,214,214,599
03/05/2014,ROW,NM,ASW,WE,Combined TRACON& Tower with Radar,0,13,9,20,42,0,4,17,42,63,0,17,26,62,105,2,106,108,213
03/06/2014,ROW,NM,ASW,WE,Combined TRACON& Tower with Radar,0,13,8,5,26,0,7,36,137,180,0,20,44,142,206,36,446,482,688
03/07/2014,ROW,NM,ASW,WE,Combined TRACON& Tower with Radar,0,16,11,49,76,0,11,33,266,310,0,27,44,315,386,38,282,320,706
03/08/2014,ROW,NM,ASW,WE,Combined TRACON& Tower with Radar,0,6,6,14,26,0,5,37,138,180,0,11,43,152,206,38,376,414,620
03/09/2014,ROW,NM,ASW,WE,Combined TRACON& Tower with Radar,2,9,2,0,13,0,4,9,0,13,2,13,11,0,26,20,0,20,46
03/10/2014,ROW,NM,ASW,WE,Combined TRACON& Tower with Radar,1,13,6,32,52,0,2,32,119,153,1,15,38,151,205,0,379,379,584
03/11/2014,ROW,NM,ASW,WE,Combined TRACON& Tower with Radar,3,17,7,16,43,0,5,20,75,100,3,22,27,91,143,0,200,200,343
03/12/2014,ROW,NM,ASW,WE,Combined TRACON& Tower with Radar,0,14,6,54,74,0,6,37,135,178,0,20,43,189,252,6,662,668,920
03/13/2014,ROW,NM,ASW,WE,Combined TRACON& Tower with Radar,0,13,10,9,32,8,3,33,131,175,8,16,43,140,207,32,430,462,669
03/14/2014,ROW,NM,ASW,WE,Combined TRACON& Tower with Radar,0,15,11,13,39,12,2,58,238,310,12,17,69,251,349,10,192,202,551
03/15/2014,ROW,NM,ASW,WE,Combined TRACON& Tower with Radar,0,7,4,23,34,2,3,19,12,36,2,10,23,35,70,8,72,80,150
03/16/2014,ROW,NM,ASW,WE,Combined TRACON& Tower with Radar,2,6,8,0,16,0,4,8,0,12,2,10,16,0,28,0,0,0,28
03/17/2014,ROW,NM,ASW,WE,Combined TRACON& Tower with Radar,1,13,7,6,27,0,4,3,0,7,1,17,10,6,34,18,0,18,52
03/18/2014,ROW,NM,ASW,WE,Combined TRACON& Tower with Radar,0,12,2,18,32,0,5,8,0,13,0,17,10,18,45,0,8,8,53
03/19/2014,ROW,NM,ASW,WE,Combined TRACON& Tower with Radar,0,16,6,30,52,0,5,8,11,24,0,21,14,41,76,6,18,24,100
03/20/2014,ROW,NM,ASW,WE,Combined TRACON& Tower with Radar,0,15,2,19,36,0,4,11,44,59,0,19,13,63,95,0,12,12,107
03/21/2014,ROW,NM,ASW,WE,Combined TRACON& Tower with Radar,0,17,3,13,33,0,5,14,5,24,0,22,17,18,57,0,6,6,63
03/22/2014,ROW,NM,ASW,WE,Combined TRACON& Tower with Radar,0,11,3,0,14,0,5,11,0,16,0,16,14,0,30,6,0,6,36
03/23/2014,ROW,NM,ASW,WE,Combined TRACON& Tower with Radar,0,9,7,8,24,0,1,9,0,10,0,10,16,8,34,0,0,0,34
03/24/2014,ROW,NM,ASW,WE,Combined TRACON& Tower with Radar,1,11,8,7,27,0,3,12,5,20,1,14,20,12,47,0,22,22,69
03/25/2014,ROW,NM,ASW,WE,Combined TRACON& Tower with Radar,0,15,18,13,46,0,6,3,2,11,0,21,21,15,57,0,44,44,101
03/26/2014,ROW,NM,ASW,WE,Combined TRACON& Tower with Radar,0,14,15,24,53,0,4,8,4,16,0,18,23,28,69,2,12,14,83
03/27/2014,ROW,NM,ASW,WE,Combined TRACON& Tower with Radar,0,15,10,17,42,0,3,6,13,22,0,18,16,30,64,14,0,14,78
03/28/2014,ROW,NM,ASW,WE,Combined TRACON& Tower with Radar,1,12,9,75,97,0,6,8,14,28,1,18,17,89,125,0,20,20,145
03/29/2014,ROW,NM,ASW,WE,Combined TRACON& Tower with Radar,0,11,13,0,24,0,6,16,2,24,0,17,29,2,48,28,0,28,76
03/30/2014,ROW,NM,ASW,WE,Combined TRACON& Tower with Radar,0,6,6,0,12,0,0,23,0,23,0,6,29,0,35,18,0,18,53
03/31/2014,ROW,NM,ASW,WE,Combined TRACON& Tower with Radar,0,17,5,31,53,0,4,13,3,20,0,21,18,34,73,0,58,58,131
04/01/2014,ROW,NM,ASW,WE,Combined TRACON& Tower with Radar,2,19,3,34,58,0,5,4,0,9,2,24,7,34,67,0,56,56,123
04/02/2014,ROW,NM,ASW,WE,Combined TRACON& Tower with Radar,4,16,8,25,53,0,10,5,2,17,4,26,13,27,70,0,24,24,94
04/03/2014,ROW,NM,ASW,WE,Combined TRACON& Tower with Radar,0,13,5,27,45,0,12,10,4,26,0,25,15,31,71,4,62,66,137
04/04/2014,ROW,NM,ASW,WE,Combined TRACON& Tower with Radar,0,16,4,14,34,0,10,9,10,29,0,26,13,24,63,0,34,34,97
04/05/2014,ROW,NM,ASW,WE,Combined TRACON& Tower with Radar,0,12,1,0,13,0,9,9,0,18,0,21,10,0,31,0,0,0,31
04/06/2014,ROW,NM,ASW,WE,Combined TRACON& Tower with Radar,0,5,6,6,17,0,4,5,0,9,0,9,11,6,26,0,0,0,26
04/07/2014,ROW,NM,ASW,WE,Combined TRACON& Tower with Radar,0,11,8,12,31,0,5,2,9,16,0,16,10,21,47,0,12,12,59
04/08/2014,ROW,NM,ASW,WE,Combined TRACON& Tower with Radar,0,18,14,25,57,0,5,7,0,12,0,23,21,25,69,34,60,94,163
04/09/2014,ROW,NM,ASW,WE,Combined TRACON& Tower with Radar,0,13,11,17,41,0,6,5,6,17,0,19,16,23,58,0,12,12,70
04/10/2014,ROW,NM,ASW,WE,Combined TRACON& Tower with Radar,0,16,12,16,44,0,6,4,2,12,0,22,16,18,56,0,0,0,56
04/11/2014,ROW,NM,ASW,WE,Combined TRACON& Tower with Radar,1,20,9,19,49,0,4,6,1,11,1,24,15,20,60,0,16,16,76
04/12/2014,ROW,NM,ASW,WE,Combined TRACON& Tower with Radar,2,10,1,0,13,0,6,8,0,14,2,16,9,0,27,0,0,0,27
04/13/2014,ROW,NM,ASW,WE,Combined TRACON& Tower with Radar,0,11,6,2,19,0,2,6,0,8,0,13,12,2,27,6,0,6,33
04/14/2014,ROW,NM,ASW,WE,Combined TRACON& Tower with Radar,0,10,7,21,38,0,3,7,2,12,0,13,14,23,50,0,20,20,70
04/15/2014,ROW,NM,ASW,WE,Combined TRACON& Tower with Radar,0,20,4,29,53,0,8,9,34,51,0,28,13,63,104,0,28,28,132
04/16/2014,ROW,NM,ASW,WE,Combined TRACON& Tower with Radar,0,17,4,16,37,0,5,12,1,18,0,22,16,17,55,20,0,20,75
04/17/2014,ROW,NM,ASW,WE,Combined TRACON& Tower with Radar,0,15,12,20,47,0,4,9,1,14,0,19,21,21,61,8,42,50,111
04/18/2014,ROW,NM,ASW,WE,Combined TRACON& Tower with Radar,1,16,10,14,41,0,3,7,1,11,1,19,17,15,52,0,6,6,58
04/19/2014,ROW,NM,ASW,WE,Combined TRACON& Tower with Radar,0,10,2,0,12,0,3,0,0,3,0,13,2,0,15,0,6,6,21
04/20/2014,ROW,NM,ASW,WE,Combined TRACON& Tower with Radar,0,7,6,0,13,0,2,0,0,2,0,9,6,0,15,0,0,0,15
04/21/2014,ROW,NM,ASW,WE,Combined TRACON& Tower with Radar,1,10,13,21,45,0,6,19,10,35,1,16,32,31,80,0,56,56,136
04/22/2014,ROW,NM,ASW,WE,Combined TRACON& Tower with Radar,0,20,11,11,42,0,6,16,1,23,0,26,27,12,65,14,0,14,79
04/23/2014,ROW,NM,ASW,WE,Combined TRACON& Tower with Radar,0,16,19,4,39,0,5,30,0,35,0,21,49,4,74,0,0,0,74
04/24/2014,ROW,NM,ASW,WE,Combined TRACON& Tower with Radar,0,22,11,24,57,0,9,14,0,23,0,31,25,24,80,16,22,38,118
04/25/2014,ROW,NM,ASW,WE,Combined TRACON& Tower with Radar,1,21,7,20,49,0,10,6,13,29,1,31,13,33,78,14,14,28,106
04/26/2014,ROW,NM,ASW,WE,Combined TRACON& Tower with Radar,0,11,1,0,12,0,10,2,0,12,0,21,3,0,24,0,0,0,24
04/27/2014,ROW,NM,ASW,WE,Combined TRACON& Tower with Radar,0,10,3,0,13,0,1,1,0,2,0,11,4,0,15,0,0,0,15
04/28/2014,ROW,NM,ASW,WE,Combined TRACON& Tower with Radar,0,15,3,8,26,0,5,10,0,15,0,20,13,8,41,0,0,0,41
04/29/2014,ROW,NM,ASW,WE,Combined TRACON& Tower with Radar,1,16,9,40,66,0,10,10,2,22,1,26,19,42,88,0,38,38,126
04/30/2014,ROW,NM,ASW,WE,Combined TRACON& Tower with Radar,1,17,16,32,66,0,5,54,13,72,1,22,70,45,138,8,0,8,146
05/01/2014,ROW,NM,ASW,WE,Combined TRACON& Tower with Radar,1,14,18,28,61,0,5,11,10,26,1,19,29,38,87,20,30,50,137
05/02/2014,ROW,NM,ASW,WE,Combined TRACON& Tower with Radar,1,17,18,0,36,0,27,31,2,60,1,44,49,2,96,66,0,66,162
05/03/2014,ROW,NM,ASW,WE,Combined TRACON& Tower with Radar,1,7,5,0,13,0,6,10,0,16,1,13,15,0,29,4,0,4,33
05/04/2014,ROW,NM,ASW,WE,Combined TRACON& Tower with Radar,0,6,2,9,17,0,1,22,0,23,0,7,24,9,40,0,0,0,40
05/05/2014,ROW,NM,ASW,WE,Combined TRACON& Tower with Radar,0,11,1,15,27,0,4,9,1,14,0,15,10,16,41,14,6,20,61
05/06/2014,ROW,NM,ASW,WE,Combined TRACON& Tower with Radar,0,13,20,24,57,0,11,54,2,67,0,24,74,26,124,6,38,44,168
05/07/2014,ROW,NM,ASW,WE,Combined TRACON& Tower with Radar,0,22,15,13,50,0,5,16,1,22,0,27,31,14,72,14,20,34,106
05/08/2014,ROW,NM,ASW,WE,Combined TRACON& Tower with Radar,0,18,11,42,71,0,4,13,0,17,0,22,24,42,88,0,38,38,126
05/09/2014,ROW,NM,ASW,WE,Combined TRACON& Tower with Radar,1,15,12,26,54,0,7,17,0,24,1,22,29,26,78,12,38,50,128
05/10/2014,ROW,NM,ASW,WE,Combined TRACON& Tower with Radar,0,8,8,12,28,0,3,17,0,20,0,11,25,12,48,0,6,6,54
05/11/2014,ROW,NM,ASW,WE,Combined TRACON& Tower with Radar,0,8,5,0,13,0,1,5,0,6,0,9,10,0,19,0,0,0,19
05/12/2014,ROW,NM,ASW,WE,Combined TRACON& Tower with Radar,0,10,9,22,41,0,2,13,0,15,0,12,22,22,56,0,28,28,84
05/13/2014,ROW,NM,ASW,WE,Combined TRACON& Tower with Radar,0,22,15,27,64,0,8,5,8,21,0,30,20,35,85,0,38,38,123
05/14/2014,ROW,NM,ASW,WE,Combined TRACON& Tower with Radar,2,16,16,21,55,0,5,16,16,37,2,21,32,37,92,8,28,36,128
05/15/2014,ROW,NM,ASW,WE,Combined TRACON& Tower with Radar,0,9,14,25,48,0,9,14,12,35,0,18,28,37,83,22,16,38,121
05/16/2014,ROW,NM,ASW,WE,Combined TRACON& Tower with Radar,1,18,7,31,57,0,8,19,17,44,1,26,26,48,101,2,34,36,137
05/17/2014,ROW,NM,ASW,WE,Combined TRACON& Tower with Radar,0,10,13,0,23,0,11,21,1,33,0,21,34,1,56,0,0,0,56
05/18/2014,ROW,NM,ASW,WE,Combined TRACON& Tower with Radar,1,8,6,4,19,0,2,7,1,10,1,10,13,5,29,0,0,0,29
05/19/2014,ROW,NM,ASW,WE,Combined TRACON& Tower with Radar,0,10,17,11,38,0,4,11,4,19,0,14,28,15,57,0,42,42,99
05/20/2014,ROW,NM,ASW,WE,Combined TRACON& Tower with Radar,0,13,8,16,37,0,6,34,2,42,0,19,42,18,79,6,22,28,107
05/21/2014,ROW,NM,ASW,WE,Combined TRACON& Tower with Radar,0,13,8,29,50,0,2,14,1,17,0,15,22,30,67,12,22,34,101
05/22/2014,ROW,NM,ASW,WE,Combined TRACON& Tower with Radar,0,15,13,26,54,0,7,9,1,17,0,22,22,27,71,0,0,0,71
05/23/2014,ROW,NM,ASW,WE,Combined TRACON& Tower with Radar,0,21,13,10,44,0,4,6,1,11,0,25,19,11,55,0,60,60,115
05/24/2014,ROW,NM,ASW,WE,Combined TRACON& Tower with Radar,2,18,6,0,26,0,4,3,0,7,2,22,9,0,33,0,0,0,33
05/25/2014,ROW,NM,ASW,WE,Combined TRACON& Tower with Radar,0,8,13,0,21,0,4,18,0,22,0,12,31,0,43,0,0,0,43
05/26/2014,ROW,NM,ASW,WE,Combined TRACON& Tower with Radar,0,8,13,0,21,0,1,6,8,15,0,9,19,8,36,0,6,6,42
05/27/2014,ROW,NM,ASW,WE,Combined TRACON& Tower with Radar,0,10,11,8,29,0,4,10,0,14,0,14,21,8,43,0,0,0,43
05/28/2014,ROW,NM,ASW,WE,Combined TRACON& Tower with Radar,1,15,5,8,29,0,6,7,0,13,1,21,12,8,42,10,4,14,56
05/29/2014,ROW,NM,ASW,WE,Combined TRACON& Tower with Radar,0,18,14,27,59,0,9,11,0,20,0,27,25,27,79,2,26,28,107
05/30/2014,ROW,NM,ASW,WE,Combined TRACON& Tower with Radar,0,16,7,26,49,0,3,6,0,9,0,19,13,26,58,0,40,40,98
05/31/2014,ROW,NM,ASW,WE,Combined TRACON& Tower with Radar,1,9,4,2,16,0,9,13,0,22,1,18,17,2,38,4,2,6,44
06/01/2014,ROW,NM,ASW,WE,Combined TRACON& Tower with Radar,1,10,7,33,51,0,2,5,0,7,1,12,12,33,58,0,0,0,58
06/02/2014,ROW,NM,ASW,WE,Combined TRACON& Tower with Radar,1,14,4,17,36,0,2,7,0,9,1,16,11,17,45,18,10,28,73
06/03/2014,ROW,NM,ASW,WE,Combined TRACON& Tower with Radar,1,17,7,44,69,0,5,12,0,17,1,22,19,44,86,6,60,66,152
06/04/2014,ROW,NM,ASW,WE,Combined TRACON& Tower with Radar,7,17,8,6,38,0,8,10,1,19,7,25,18,7,57,24,0,24,81
06/05/2014,ROW,NM,ASW,WE,Combined TRACON& Tower with Radar,23,13,12,17,65,3,7,8,4,22,26,20,20,21,87,0,82,82,169
06/06/2014,ROW,NM,ASW,WE,Combined TRACON& Tower with Radar,29,16,8,32,85,1,7,14,40,62,30,23,22,72,147,2,12,14,161
06/07/2014,ROW,NM,ASW,WE,Combined TRACON& Tower with Radar,0,7,5,6,18,0,6,9,0,15,0,13,14,6,33,22,0,22,55
06/08/2014,ROW,NM,ASW,WE,Combined TRACON& Tower with Radar,28,5,2,10,45,9,2,12,0,23,37,7,14,10,68,0,86,86,154
06/09/2014,ROW,NM,ASW,WE,Combined TRACON& Tower with Radar,16,10,3,3,32,0,2,4,3,9,16,12,7,6,41,30,0,30,71
06/10/2014,ROW,NM,ASW,WE,Combined TRACON& Tower with Radar,4,17,7,35,63,0,5,6,0,11,4,22,13,35,74,0,70,70,144
06/11/2014,ROW,NM,ASW,WE,Combined TRACON& Tower with Radar,7,12,7,12,38,0,4,10,0,14,7,16,17,12,52,0,30,30,82
06/12/2014,ROW,NM,ASW,WE,Combined TRACON& Tower with Radar,4,12,8,6,30,4,4,5,1,14,8,16,13,7,44,4,16,20,64
06/13/2014,ROW,NM,ASW,WE,Combined TRACON& Tower with Radar,1,20,7,12,40,0,7,4,2,13,1,27,11,14,53,29,0,29,82
06/14/2014,ROW,NM,ASW,WE,Combined TRACON& Tower with Radar,1,4,6,14,25,0,9,6,1,16,1,13,12,15,41,0,0,0,41
06/15/2014,ROW,NM,ASW,WE,Combined TRACON& Tower with Radar,0,4,5,0,9,0,1,22,1,24,0,5,27,1,33,32,0,32,65
06/16/2014,ROW,NM,ASW,WE,Combined TRACON& Tower with Radar,0,10,6,4,20,0,3,4,4,11,0,13,10,8,31,24,12,36,67
06/17/2014,ROW,NM,ASW,WE,Combined TRACON& Tower with Radar,0,13,5,8,26,0,6,19,8,33,0,19,24,16,59,0,64,64,123
06/18/2014,ROW,NM,ASW,WE,Combined TRACON& Tower with Radar,0,18,7,12,37,0,5,16,2,23,0,23,23,14,60,20,18,38,98
06/19/2014,ROW,NM,ASW,WE,Combined TRACON& Tower with Radar,1,13,5,18,37,0,7,13,7,27,1,20,18,25,64,19,10,29,93
06/20/2014,ROW,NM,ASW,WE,Combined TRACON& Tower with Radar,0,10,5,6,21,0,6,9,6,21,0,16,14,12,42,0,0,0,42
06/21/2014,ROW,NM,ASW,WE,Combined TRACON& Tower with Radar,0,7,5,0,12,0,4,6,0,10,0,11,11,0,22,0,0,0,22
06/22/2014,ROW,NM,ASW,WE,Combined TRACON& Tower with Radar,0,6,6,0,12,0,0,9,0,9,0,6,15,0,21,14,0,14,35
06/23/2014,ROW,NM,ASW,WE,Combined TRACON& Tower with Radar,1,9,6,21,37,0,4,3,3,10,1,13,9,24,47,0,32,32,79
06/24/2014,ROW,NM,ASW,WE,Combined TRACON& Tower with Radar,0,11,3,17,31,0,5,9,0,14,0,16,12,17,45,4,18,22,67
06/25/2014,ROW,NM,ASW,WE,Combined TRACON& Tower with Radar,0,19,2,35,56,0,4,7,2,13,0,23,9,37,69,0,78,78,147
06/26/2014,ROW,NM,ASW,WE,Combined TRACON& Tower with Radar,0,14,10,10,34,0,5,7,0,12,0,19,17,10,46,18,16,34,80
06/27/2014,ROW,NM,ASW,WE,Combined TRACON& Tower with Radar,0,11,10,3,24,0,12,44,35,91,0,23,54,38,115,16,0,16,131
06/28/2014,ROW,NM,ASW,WE,Combined TRACON& Tower with Radar,0,5,7,2,14,0,4,16,0,20,0,9,23,2,34,24,0,24,58
06/29/2014,ROW,NM,ASW,WE,Combined TRACON& Tower with Radar,0,4,6,8,18,0,0,18,0,18,0,4,24,8,36,16,0,16,52
06/30/2014,ROW,NM,ASW,WE,Combined TRACON& Tower with Radar,1,13,15,17,46,0,6,12,0,18,1,19,27,17,64,0,30,30,94
07/01/2014,ROW,NM,ASW,WE,Combined TRACON& Tower with Radar,2,22,5,18,47,0,5,4,5,14,2,27,9,23,61,6,102,108,169
07/02/2014,ROW,NM,ASW,WE,Combined TRACON& Tower with Radar,1,11,22,28,62,0,6,4,0,10,1,17,26,28,72,6,62,68,140
07/03/2014,ROW,NM,ASW,WE,Combined TRACON& Tower with Radar,0,12,9,25,46,0,8,11,0,19,0,20,20,25,65,6,34,40,105
07/04/2014,ROW,NM,ASW,WE,Combined TRACON& Tower with Radar,0,4,0,0,4,0,2,11,0,13,0,6,11,0,17,0,0,0,17
07/05/2014,ROW,NM,ASW,WE,Combined TRACON& Tower with Radar,0,5,3,0,8,0,5,10,0,15,0,10,13,0,23,4,0,4,27
07/06/2014,ROW,NM,ASW,WE,Combined TRACON& Tower with Radar,1,6,6,2,15,0,6,11,0,17,1,12,17,2,32,4,0,4,36
07/07/2014,ROW,NM,ASW,WE,Combined TRACON& Tower with Radar,0,12,6,0,18,0,5,8,0,13,0,17,14,0,31,0,0,0,31
07/08/2014,ROW,NM,ASW,WE,Combined TRACON& Tower with Radar,2,14,4,19,39,0,6,19,2,27,2,20,23,21,66,0,14,14,80
07/09/2014,ROW,NM,ASW,WE,Combined TRACON& Tower with Radar,0,30,15,13,58,0,7,9,1,17,0,37,24,14,75,0,8,8,83
07/10/2014,ROW,NM,ASW,WE,Combined TRACON& Tower with Radar,2,20,8,0,30,0,10,3,0,13,2,30,11,0,43,6,0,6,49
07/11/2014,ROW,NM,ASW,WE,Combined TRACON& Tower with Radar,0,15,4,63,82,0,6,9,0,15,0,21,13,63,97,0,54,54,151
07/12/2014,ROW,NM,ASW,WE,Combined TRACON& Tower with Radar,0,10,0,34,44,0,4,5,0,9,0,14,5,34,53,0,0,0,53
07/13/2014,ROW,NM,ASW,WE,Combined TRACON& Tower with Radar,1,6,4,0,11,0,5,7,0,12,1,11,11,0,23,0,0,0,23
07/14/2014,ROW,NM,ASW,WE,Combined TRACON& Tower with Radar,1,9,10,5,25,0,6,9,0,15,1,15,19,5,40,0,40,40,80
07/15/2014,ROW,NM,ASW,WE,Combined TRACON& Tower with Radar,0,16,7,14,37,0,3,7,0,10,0,19,14,14,47,24,26,50,97
07/16/2014,ROW,NM,ASW,WE,Combined TRACON& Tower with Radar,1,13,21,5,40,0,6,12,0,18,1,19,33,5,58,0,0,0,58
07/17/2014,ROW,NM,ASW,WE,Combined TRACON& Tower with Radar,0,8,26,11,45,0,4,9,0,13,0,12,35,11,58,0,14,14,72
07/18/2014,ROW,NM,ASW,WE,Combined TRACON& Tower with Radar,5,26,11,24,66,0,10,9,0,19,5,36,20,24,85,8,46,54,139
07/19/2014,ROW,NM,ASW,WE,Combined TRACON& Tower with Radar,0,8,7,0,15,0,7,6,0,13,0,15,13,0,28,8,0,8,36
07/20/2014,ROW,NM,ASW,WE,Combined TRACON& Tower with Radar,0,6,7,15,28,0,1,10,0,11,0,7,17,15,39,0,30,30,69
07/21/2014,ROW,NM,ASW,WE,Combined TRACON& Tower with Radar,0,5,4,19,28,0,6,18,0,24,0,11,22,19,52,0,36,36,88
07/22/2014,ROW,NM,ASW,WE,Combined TRACON& Tower with Radar,2,15,16,4,37,0,3,14,0,17,2,18,30,4,54,0,14,14,68
07/23/2014,ROW,NM,ASW,WE,Combined TRACON& Tower with Radar,1,19,40,10,70,0,9,19,4,32,1,28,59,14,102,0,8,8,110
07/24/2014,ROW,NM,ASW,WE,Combined TRACON& Tower with Radar,1,11,36,24,72,0,5,14,1,20,1,16,50,25,92,6,14,20,112
07/25/2014,ROW,NM,ASW,WE,Combined TRACON& Tower with Radar,1,15,17,19,52,0,3,26,3,32,1,18,43,22,84,10,32,42,126
07/26/2014,ROW,NM,ASW,WE,Combined TRACON& Tower with Radar,1,6,6,0,13,0,12,11,0,23,1,18,17,0,36,46,0,46,82
07/27/2014,ROW,NM,ASW,WE,Combined TRACON& Tower with Radar,0,6,5,0,11,0,0,8,0,8,0,6,13,0,19,0,0,0,19
07/28/2014,ROW,NM,ASW,WE,Combined TRACON& Tower with Radar,0,11,13,8,32,0,3,7,0,10,0,14,20,8,42,22,14,36,78
07/29/2014,ROW,NM,ASW,WE,Combined TRACON& Tower with Radar,2,13,14,3,32,0,4,6,1,11,2,17,20,4,43,2,0,2,45
07/30/2014,ROW,NM,ASW,WE,Combined TRACON& Tower with Radar,0,14,6,3,23,0,4,5,38,47,0,18,11,41,70,48,0,48,118
07/31/2014,ROW,NM,ASW,WE,Combined TRACON& Tower with Radar,0,18,10,9,37,0,7,27,3,37,0,25,37,12,74,30,20,50,124
08/01/2014,ROW,NM,ASW,WE,Combined TRACON& Tower with Radar,1,18,7,2,28,0,9,24,0,33,1,27,31,2,61,0,0,0,61
08/02/2014,ROW,NM,ASW,WE,Combined TRACON& Tower with Radar,0,5,4,1,10,0,6,10,31,47,0,11,14,32,57,70,12,82,139
08/03/2014,ROW,NM,ASW,WE,Combined TRACON& Tower with Radar,0,10,5,0,15,0,0,15,16,31,0,10,20,16,46,96,0,96,142
08/04/2014,ROW,NM,ASW,WE,Combined TRACON& Tower with Radar,0,15,13,26,54,0,6,8,1,15,0,21,21,27,69,94,0,94,163
08/05/2014,ROW,NM,ASW,WE,Combined TRACON& Tower with Radar,1,13,9,13,36,0,5,28,9,42,1,18,37,22,78,30,10,40,118
08/06/2014,ROW,NM,ASW,WE,Combined TRACON& Tower with Radar,1,23,14,19,57,0,4,31,2,37,1,27,45,21,94,32,20,52,146
08/07/2014,ROW,NM,ASW,WE,Combined TRACON& Tower with Radar,1,14,21,7,43,0,9,22,12,43,1,23,43,19,86,10,0,10,96
08/08/2014,ROW,NM,ASW,WE,Combined TRACON& Tower with Radar,1,16,17,41,75,0,26,7,1,34,1,42,24,42,109,50,50,100,209
08/09/2014,ROW,NM,ASW,WE,Combined TRACON& Tower with Radar,0,7,11,7,25,0,5,4,0,9,0,12,15,7,34,14,20,34,68
08/10/2014,ROW,NM,ASW,WE,Combined TRACON& Tower with Radar,1,10,28,0,39,0,0,9,4,13,1,10,37,4,52,30,0,30,82
08/11/2014,ROW,NM,ASW,WE,Combined TRACON& Tower with Radar,0,12,7,16,35,0,5,23,12,40,0,17,30,28,75,10,10,20,95
08/12/2014,ROW,NM,ASW,WE,Combined TRACON& Tower with Radar,0,12,8,20,40,0,11,6,0,17,0,23,14,20,57,30,16,46,103
08/13/2014,ROW,NM,ASW,WE,Combined TRACON& Tower with Radar,0,12,16,2,30,0,12,6,1,19,0,24,22,3,49,42,0,42,91
08/14/2014,ROW,NM,ASW,WE,Combined TRACON& Tower with Radar,0,12,12,3,27,0,10,10,1,21,0,22,22,4,48,0,0,0,48
08/15/2014,ROW,NM,ASW,WE,Combined TRACON& Tower with Radar,0,15,24,25,64,0,5,2,0,7,0,20,26,25,71,0,22,22,93
08/16/2014,ROW,NM,ASW,WE,Combined TRACON& Tower with Radar,1,3,9,0,13,0,5,10,0,15,1,8,19,0,28,28,0,28,56
08/17/2014,ROW,NM,ASW,WE,Combined TRACON& Tower with Radar,0,6,11,0,17,0,0,8,0,8,0,6,19,0,25,28,0,28,53
08/18/2014,ROW,NM,ASW,WE,Combined TRACON& Tower with Radar,1,11,19,10,41,0,6,10,0,16,1,17,29,10,57,0,14,14,71
08/19/2014,ROW,NM,ASW,WE,Combined TRACON& Tower with Radar,1,11,19,10,41,0,4,8,2,14,1,15,27,12,55,40,24,64,119
08/20/2014,ROW,NM,ASW,WE,Combined TRACON& Tower with Radar,3,11,19,15,48,0,10,7,2,19,3,21,26,17,67,0,6,6,73
08/21/2014,ROW,NM,ASW,WE,Combined TRACON& Tower with Radar,1,11,10,7,29,0,24,10,5,39,1,35,20,12,68,10,14,24,92
08/22/2014,ROW,NM,ASW,WE,Combined TRACON& Tower with Radar,0,14,8,0,22,0,7,7,0,14,0,21,15,0,36,0,0,0,36
08/23/2014,ROW,NM,ASW,WE,Combined TRACON& Tower with Radar,0,5,3,7,15,0,3,12,0,15,0,8,15,7,30,0,10,10,40
08/24/2014,ROW,NM,ASW,WE,Combined TRACON& Tower with Radar,0,5,3,3,11,0,0,14,1,15,0,5,17,4,26,14,0,14,40
08/25/2014,ROW,NM,ASW,WE,Combined TRACON& Tower with Radar,0,10,6,4,20,0,5,2,2,9,0,15,8,6,29,4,0,4,33
08/26/2014,ROW,NM,ASW,WE,Combined TRACON& Tower with Radar,0,10,13,21,44,0,11,0,4,15,0,21,13,25,59,0,12,12,71
08/27/2014,ROW,NM,ASW,WE,Combined TRACON& Tower with Radar,0,12,9,17,38,0,10,12,5,27,0,22,21,22,65,18,10,28,93
08/28/2014,ROW,NM,ASW,WE,Combined TRACON& Tower with Radar,0,16,15,11,42,0,7,9,7,23,0,23,24,18,65,2,0,2,67
08/29/2014,ROW,NM,ASW,WE,Combined TRACON& Tower with Radar,0,14,11,4,29,0,6,7,1,14,0,20,18,5,43,0,0,0,43
08/30/2014,ROW,NM,ASW,WE,Combined TRACON& Tower with Radar,0,6,1,3,10,0,5,12,1,18,0,11,13,4,28,12,0,12,40
08/31/2014,ROW,NM,ASW,WE,Combined TRACON& Tower with Radar,0,5,3,0,8,0,1,11,0,12,0,6,14,0,20,0,0,0,20
09/01/2014,ROW,NM,ASW,WE,Combined TRACON& Tower with Radar,0,6,15,0,21,0,2,17,0,19,0,8,32,0,40,28,0,28,68
09/02/2014,ROW,NM,ASW,WE,Combined TRACON& Tower with Radar,1,11,3,22,37,0,6,12,3,21,1,17,15,25,58,0,71,71,129
09/03/2014,ROW,NM,ASW,WE,Combined TRACON& Tower with Radar,2,13,10,35,60,0,8,17,8,33,2,21,27,43,93,37,27,64,157
09/04/2014,ROW,NM,ASW,WE,Combined TRACON& Tower with Radar,1,15,13,48,77,0,14,9,2,25,1,29,22,50,102,12,54,66,168
09/05/2014,ROW,NM,ASW,WE,Combined TRACON& Tower with Radar,5,19,11,16,51,0,2,5,0,7,5,21,16,16,58,0,92,92,150
09/06/2014,ROW,NM,ASW,WE,Combined TRACON& Tower with Radar,2,21,9,0,32,0,0,1,0,1,2,21,10,0,33,0,0,0,33
09/07/2014,ROW,NM,ASW,WE,Combined TRACON& Tower with Radar,0,9,4,0,13,0,0,0,0,0,0,9,4,0,13,0,0,0,13
09/08/2014,ROW,NM,ASW,WE,Combined TRACON& Tower with Radar,0,9,12,30,51,0,3,0,2,5,0,12,12,32,56,0,0,0,56
09/09/2014,ROW,NM,ASW,WE,Combined TRACON& Tower with Radar,2,14,13,32,61,0,10,8,10,28,2,24,21,42,89,26,46,72,161
09/10/2014,ROW,NM,ASW,WE,Combined TRACON& Tower with Radar,0,8,9,50,67,0,7,15,11,33,0,15,24,61,100,0,70,70,170
09/11/2014,ROW,NM,ASW,WE,Combined TRACON& Tower with Radar,1,14,13,19,47,0,8,5,4,17,1,22,18,23,64,14,16,30,94
09/12/2014,ROW,NM,ASW,WE,Combined TRACON& Tower with Radar,2,19,7,6,34,0,1,0,0,1,2,20,7,6,35,0,0,0,35
09/13/2014,ROW,NM,ASW,WE,Combined TRACON& Tower with Radar,0,25,6,22,53,0,4,3,0,7,0,29,9,22,60,0,48,48,108
09/14/2014,ROW,NM,ASW,WE,Combined TRACON& Tower with Radar,0,13,12,38,63,0,0,1,1,2,0,13,13,39,65,0,0,0,65
09/15/2014,ROW,NM,ASW,WE,Combined TRACON& Tower with Radar,1,21,10,2,34,0,1,3,0,4,1,22,13,2,38,0,0,0,38
09/16/2014,ROW,NM,ASW,WE,Combined TRACON& Tower with Radar,0,24,4,2,30,0,0,0,0,0,0,24,4,2,30,14,0,14,44
09/17/2014,ROW,NM,ASW,WE,Combined TRACON& Tower with Radar,1,18,14,5,38,0,3,2,0,5,1,21,16,5,43,24,0,24,67
09/18/2014,ROW,NM,ASW,WE,Combined TRACON& Tower with Radar,1,18,3,5,27,0,3,17,0,20,1,21,20,5,47,0,0,0,47
09/19/2014,ROW,NM,ASW,WE,Combined TRACON& Tower with Radar,0,26,12,16,54,0,0,2,0,2,0,26,14,16,56,0,0,0,56
09/20/2014,ROW,NM,ASW,WE,Combined TRACON& Tower with Radar,0,11,10,9,30,0,2,14,0,16,0,13,24,9,46,0,6,6,52
09/21/2014,ROW,NM,ASW,WE,Combined TRACON& Tower with Radar,3,7,9,0,19,0,0,1,0,1,3,7,10,0,20,0,0,0,20
09/22/2014,ROW,NM,ASW,WE,Combined TRACON& Tower with Radar,1,15,7,1,24,0,1,3,7,11,1,16,10,8,35,0,6,6,41
09/23/2014,ROW,NM,ASW,WE,Combined TRACON& Tower with Radar,0,15,6,18,39,0,7,13,0,20,0,22,19,18,59,26,14,40,99
09/24/2014,ROW,NM,ASW,WE,Combined TRACON& Tower with Radar,2,20,24,16,62,0,8,17,0,25,2,28,41,16,87,0,4,4,91
09/25/2014,ROW,NM,ASW,WE,Combined TRACON& Tower with Radar,1,14,9,8,32,0,5,18,1,24,1,19,27,9,56,0,4,4,60
09/26/2014,ROW,NM,ASW,WE,Combined TRACON& Tower with Radar,0,11,11,2,24,0,8,14,0,22,0,19,25,2,46,0,0,0,46
09/27/2014,ROW,NM,ASW,WE,Combined TRACON& Tower with Radar,0,7,4,0,11,0,4,6,0,10,0,11,10,0,21,18,0,18,39
09/28/2014,ROW,NM,ASW,WE,Combined TRACON& Tower with Radar,1,6,4,1,12,0,0,7,0,7,1,6,11,1,19,0,0,0,19
09/29/2014,ROW,NM,ASW,WE,Combined TRACON& Tower with Radar,0,7,6,0,13,0,5,4,1,10,0,12,10,1,23,14,0,14,37
09/30/2014,ROW,NM,ASW,WE,Combined TRACON& Tower with Radar,0,15,1,12,28,0,9,10,1,20,0,24,11,13,48,0,0,0,48
10/01/2014,ROW,NM,ASW,WE,Combined TRACON& Tower with Radar,2,14,11,22,49,0,4,16,14,34,2,18,27,36,83,0,38,38,121
10/02/2014,ROW,NM,ASW,WE,Combined TRACON& Tower with Radar,0,9,12,20,41,0,5,18,0,23,0,14,30,20,64,0,8,8,72
10/03/2014,ROW,NM,ASW,WE,Combined TRACON& Tower with Radar,0,13,9,27,49,0,9,11,9,29,0,22,20,36,78,10,56,66,144
10/04/2014,ROW,NM,ASW,WE,Combined TRACON& Tower with Radar,2,8,7,0,17,0,6,28,0,34,2,14,35,0,51,6,0,6,57
10/05/2014,ROW,NM,ASW,WE,Combined TRACON& Tower with Radar,0,5,9,22,36,0,0,21,1,22,0,5,30,23,58,0,0,0,58
10/06/2014,ROW,NM,ASW,WE,Combined TRACON& Tower with Radar,3,11,2,12,28,0,5,5,0,10,3,16,7,12,38,0,0,0,38
10/07/2014,ROW,NM,ASW,WE,Combined TRACON& Tower with Radar,2,14,12,2,30,0,9,7,4,20,2,23,19,6,50,0,4,4,54
10/08/2014,ROW,NM,ASW,WE,Combined TRACON& Tower with Radar,0,12,10,25,47,0,9,7,2,18,0,21,17,27,65,0,54,54,119
10/09/2014,ROW,NM,ASW,WE,Combined TRACON& Tower with Radar,2,15,10,0,27,0,6,12,0,18,2,21,22,0,45,16,0,16,61
10/10/2014,ROW,NM,ASW,WE,Combined TRACON& Tower with Radar,0,21,16,26,63,0,4,5,1,10,0,25,21,27,73,0,44,44,117
10/11/2014,ROW,NM,ASW,WE,Combined TRACON& Tower with Radar,0,10,2,0,12,0,2,10,0,12,0,12,12,0,24,0,0,0,24
10/12/2014,ROW,NM,ASW,WE,Combined TRACON& Tower with Radar,0,8,7,2,17,0,1,15,0,16,0,9,22,2,33,6,6,12,45
10/13/2014,ROW,NM,ASW,WE,Combined TRACON& Tower with Radar,1,8,4,0,13,0,5,14,0,19,1,13,18,0,32,14,0,14,46
10/14/2014,ROW,NM,ASW,WE,Combined TRACON& Tower with Radar,1,16,8,3,28,0,5,15,1,21,1,21,23,4,49,6,16,22,71
10/15/2014,ROW,NM,ASW,WE,Combined TRACON& Tower with Radar,0,19,22,24,65,0,9,17,6,32,0,28,39,30,97,20,66,86,183
10/16/2014,ROW,NM,ASW,WE,Combined TRACON& Tower with Radar,1,16,16,0,33,0,9,16,0,25,1,25,32,0,58,10,0,10,68
10/17/2014,ROW,NM,ASW,WE,Combined TRACON& Tower with Radar,0,15,5,25,45,0,7,7,0,14,0,22,12,25,59,0,0,0,59
10/18/2014,ROW,NM,ASW,WE,Combined TRACON& Tower with Radar,0,11,10,5,26,0,3,5,3,11,0,14,15,8,37,0,4,4,41
10/19/2014,ROW,NM,ASW,WE,Combined TRACON& Tower with Radar,0,8,19,22,49,0,2,17,0,19,0,10,36,22,68,6,0,6,74
10/20/2014,ROW,NM,ASW,WE,Combined TRACON& Tower with Radar,0,14,16,0,30,0,2,3,0,5,0,16,19,0,35,0,0,0,35
10/21/2014,ROW,NM,ASW,WE,Combined TRACON& Tower with Radar,1,20,23,8,52,0,1,5,0,6,1,21,28,8,58,0,0,0,58
10/22/2014,ROW,NM,ASW,WE,Combined TRACON& Tower with Radar,1,22,7,5,35,0,1,10,14,25,1,23,17,19,60,10,26,36,96
10/23/2014,ROW,NM,ASW,WE,Combined TRACON& Tower with Radar,1,15,17,11,44,0,3,17,9,29,1,18,34,20,73,0,12,12,85
10/24/2014,ROW,NM,ASW,WE,Combined TRACON& Tower with Radar,0,20,6,20,46,0,5,23,12,40,0,25,29,32,86,0,46,46,132
10/25/2014,ROW,NM,ASW,WE,Combined TRACON& Tower with Radar,0,7,4,2,13,0,6,16,0,22,0,13,20,2,35,2,0,2,37
10/26/2014,ROW,NM,ASW,WE,Combined TRACON& Tower with Radar,1,5,1,3,10,0,1,11,0,12,1,6,12,3,22,10,0,10,32
10/27/2014,ROW,NM,ASW,WE,Combined TRACON& Tower with Radar,1,9,7,27,44,0,4,6,3,13,1,13,13,30,57,10,82,92,149
10/28/2014,ROW,NM,ASW,WE,Combined TRACON& Tower with Radar,0,11,11,20,42,0,6,10,0,16,0,17,21,20,58,0,0,0,58
10/29/2014,ROW,NM,ASW,WE,Combined TRACON& Tower with Radar,0,10,12,38,60,0,10,16,11,37,0,20,28,49,97,14,44,58,155
10/30/2014,ROW,NM,ASW,WE,Combined TRACON& Tower with Radar,0,11,8,37,56,0,5,10,2,17,0,16,18,39,73,0,22,22,95
10/31/2014,ROW,NM,ASW,WE,Combined TRACON& Tower with Radar,0,12,6,14,32,0,8,4,0,12,0,20,10,14,44,0,12,12,56
11/01/2014,ROW,NM,ASW,WE,Combined TRACON& Tower with Radar,0,6,1,0,7,0,5,9,0,14,0,11,10,0,21,0,0,0,21
11/02/2014,ROW,NM,ASW,WE,Combined TRACON& Tower with Radar,0,6,9,5,20,0,4,7,3,14,0,10,16,8,34,0,0,0,34
11/03/2014,ROW,NM,ASW,WE,Combined TRACON& Tower with Radar,0,15,8,35,58,0,0,1,0,1,0,15,9,35,59,0,0,0,59
11/04/2014,ROW,NM,ASW,WE,Combined TRACON& Tower with Radar,2,14,4,24,44,0,4,0,0,4,2,18,4,24,48,0,16,16,64
11/05/2014,ROW,NM,ASW,WE,Combined TRACON& Tower with Radar,1,20,24,23,68,0,3,7,1,11,1,23,31,24,79,0,8,8,87
11/06/2014,ROW,NM,ASW,WE,Combined TRACON& Tower with Radar,1,17,8,9,35,0,3,13,3,19,1,20,21,12,54,16,2,18,72
11/07/2014,ROW,NM,ASW,WE,Combined TRACON& Tower with Radar,0,16,10,19,45,0,5,15,11,31,0,21,25,30,76,0,44,44,120
11/08/2014,ROW,NM,ASW,WE,Combined TRACON& Tower with Radar,2,5,1,0,8,0,5,9,0,14,2,10,10,0,22,10,0,10,32
11/09/2014,ROW,NM,ASW,WE,Combined TRACON& Tower with Radar,1,8,10,0,19,0,1,11,2,14,1,9,21,2,33,18,0,18,51
11/10/2014,ROW,NM,ASW,WE,Combined TRACON& Tower with Radar,0,13,1,2,16,0,1,5,0,6,0,14,6,2,22,12,0,12,34
11/11/2014,ROW,NM,ASW,WE,Combined TRACON& Tower with Radar,1,12,5,0,18,0,2,7,0,9,1,14,12,0,27,28,0,28,55
11/12/2014,ROW,NM,ASW,WE,Combined TRACON& Tower with Radar,0,21,6,29,56,0,1,8,2,11,0,22,14,31,67,0,18,18,85
11/13/2014,ROW,NM,ASW,WE,Combined TRACON& Tower with Radar,0,22,7,11,40,0,0,4,0,4,0,22,11,11,44,0,8,8,52
11/14/2014,ROW,NM,ASW,WE,Combined TRACON& Tower with Radar,0,21,8,67,96,0,3,5,2,10,0,24,13,69,106,8,46,54,160
11/15/2014,ROW,NM,ASW,WE,Combined TRACON& Tower with Radar,0,8,2,0,10,0,5,34,1,40,0,13,36,1,50,12,0,12,62
11/16/2014,ROW,NM,ASW,WE,Combined TRACON& Tower with Radar,0,6,5,0,11,0,1,6,0,7,0,7,11,0,18,0,0,0,18
11/17/2014,ROW,NM,ASW,WE,Combined TRACON& Tower with Radar,3,14,13,4,34,0,7,4,0,11,3,21,17,4,45,0,4,4,49
11/18/2014,ROW,NM,ASW,WE,Combined TRACON& Tower with Radar,1,11,8,21,41,0,5,8,7,20,1,16,16,28,61,0,18,18,79
11/19/2014,ROW,NM,ASW,WE,Combined TRACON& Tower with Radar,2,16,9,0,27,0,3,6,0,9,2,19,15,0,36,0,0,0,36
11/20/2014,ROW,NM,ASW,WE,Combined TRACON& Tower with Radar,1,14,8,31,54,0,3,8,0,11,1,17,16,31,65,0,0,0,65
11/21/2014,ROW,NM,ASW,WE,Combined TRACON& Tower with Radar,0,17,8,34,59,0,4,4,2,10,0,21,12,36,69,0,48,48,117
11/22/2014,ROW,NM,ASW,WE,Combined TRACON& Tower with Radar,0,9,2,29,40,0,3,15,7,25,0,12,17,36,65,0,14,14,79
11/23/2014,ROW,NM,ASW,WE,Combined TRACON& Tower with Radar,1,3,3,4,11,0,0,1,0,1,1,3,4,4,12,0,0,0,12
11/24/2014,ROW,NM,ASW,WE,Combined TRACON& Tower with Radar,0,24,8,22,54,0,5,12,6,23,0,29,20,28,77,0,42,42,119
11/25/2014,ROW,NM,ASW,WE,Combined TRACON& Tower with Radar,0,13,8,21,42,0,5,10,0,15,0,18,18,21,57,6,34,40,97
11/26/2014,ROW,NM,ASW,WE,Combined TRACON& Tower with Radar,0,11,9,3,23,0,7,3,3,13,0,18,12,6,36,0,14,14,50
11/27/2014,ROW,NM,ASW,WE,Combined TRACON& Tower with Radar,0,4,0,0,4,0,4,4,0,8,0,8,4,0,12,0,0,0,12
11/28/2014,ROW,NM,ASW,WE,Combined TRACON& Tower with Radar,0,11,1,0,12,0,8,8,0,16,0,19,9,0,28,12,0,12,40
11/29/2014,ROW,NM,ASW,WE,Combined TRACON& Tower with Radar,0,8,5,0,13,0,5,6,0,11,0,13,11,0,24,12,0,12,36
11/30/2014,ROW,NM,ASW,WE,Combined TRACON& Tower with Radar,0,6,5,1,12,0,2,6,1,9,0,8,11,2,21,0,0,0,21
12/01/2014,ROW,NM,ASW,WE,Combined TRACON& Tower with Radar,0,14,7,9,30,0,3,3,0,6,0,17,10,9,36,0,20,20,56
12/02/2014,ROW,NM,ASW,WE,Combined TRACON& Tower with Radar,2,18,4,10,34,0,6,7,20,33,2,24,11,30,67,0,22,22,89
12/03/2014,ROW,NM,ASW,WE,Combined TRACON& Tower with Radar,0,21,5,32,58,0,3,4,15,22,0,24,9,47,80,20,94,114,194
12/04/2014,ROW,NM,ASW,WE,Combined TRACON& Tower with Radar,1,22,9,17,49,0,3,8,3,14,1,25,17,20,63,58,18,76,139
12/05/2014,ROW,NM,ASW,WE,Combined TRACON& Tower with Radar,0,15,8,11,34,0,9,6,5,20,0,24,14,16,54,4,36,40,94
12/06/2014,ROW,NM,ASW,WE,Combined TRACON& Tower with Radar,0,8,4,0,12,0,1,10,0,11,0,9,14,0,23,8,0,8,31
12/07/2014,ROW,NM,ASW,WE,Combined TRACON& Tower with Radar,0,7,1,10,18,0,0,1,0,1,0,7,2,10,19,12,0,12,31
12/08/2014,ROW,NM,ASW,WE,Combined TRACON& Tower with Radar,0,13,7,28,48,0,4,6,4,14,0,17,13,32,62,0,6,6,68
12/09/2014,ROW,NM,ASW,WE,Combined TRACON& Tower with Radar,1,19,6,45,71,0,0,5,0,5,1,19,11,45,76,14,40,54,130
12/10/2014,ROW,NM,ASW,WE,Combined TRACON& Tower with Radar,0,15,5,10,30,0,2,4,5,11,0,17,9,15,41,14,0,14,55
12/11/2014,ROW,NM,ASW,WE,Combined TRACON& Tower with Radar,1,16,16,20,53,0,3,4,8,15,1,19,20,28,68,0,8,8,76
12/12/2014,ROW,NM,ASW,WE,Combined TRACON& Tower with Radar,1,14,7,4,26,0,4,3,0,7,1,18,10,4,33,0,2,2,35
12/13/2014,ROW,NM,ASW,WE,Combined TRACON& Tower with Radar,2,10,3,3,18,0,6,9,1,16,2,16,12,4,34,0,0,0,34
12/14/2014,ROW,NM,ASW,WE,Combined TRACON& Tower with Radar,0,5,6,2,13,0,3,4,0,7,0,8,10,2,20,0,0,0,20
12/15/2014,ROW,NM,ASW,WE,Combined TRACON& Tower with Radar,0,12,3,17,32,0,2,3,1,6,0,14,6,18,38,0,0,0,38
12/16/2014,ROW,NM,ASW,WE,Combined TRACON& Tower with Radar,0,14,8,10,32,0,4,3,0,7,0,18,11,10,39,0,0,0,39
12/17/2014,ROW,NM,ASW,WE,Combined TRACON& Tower with Radar,2,13,8,15,38,0,4,5,4,13,2,17,13,19,51,0,26,26,77
12/18/2014,ROW,NM,ASW,WE,Combined TRACON& Tower with Radar,0,15,9,35,59,0,4,11,2,17,0,19,20,37,76,4,20,24,100
12/19/2014,ROW,NM,ASW,WE,Combined TRACON& Tower with Radar,2,24,14,55,95,0,8,19,7,34,2,32,33,62,129,2,110,112,241
12/20/2014,ROW,NM,ASW,WE,Combined TRACON& Tower with Radar,0,7,12,0,19,0,4,6,0,10,0,11,18,0,29,12,0,12,41
12/21/2014,ROW,NM,ASW,WE,Combined TRACON& Tower with Radar,0,5,11,0,16,0,3,17,0,20,0,8,28,0,36,8,0,8,44
12/22/2014,ROW,NM,ASW,WE,Combined TRACON& Tower with Radar,1,13,2,5,21,0,4,7,1,12,1,17,9,6,33,0,18,18,51
12/23/2014,ROW,NM,ASW,WE,Combined TRACON& Tower with Radar,0,17,9,6,32,0,3,4,0,7,0,20,13,6,39,2,20,22,61
12/24/2014,ROW,NM,ASW,WE,Combined TRACON& Tower with Radar,2,11,5,0,18,0,8,9,0,17,2,19,14,0,35,0,0,0,35
12/25/2014,ROW,NM,ASW,WE,Combined TRACON& Tower with Radar,0,5,0,0,5,0,0,4,0,4,0,5,4,0,9,0,0,0,9
12/26/2014,ROW,NM,ASW,WE,Combined TRACON& Tower with Radar,0,16,5,0,21,0,2,2,1,5,0,18,7,1,26,0,0,0,26
12/27/2014,ROW,NM,ASW,WE,Combined TRACON& Tower with Radar,0,11,7,1,19,0,4,5,0,9,0,15,12,1,28,18,0,18,46
12/28/2014,ROW,NM,ASW,WE,Combined TRACON& Tower with Radar,0,8,7,0,15,0,2,8,0,10,0,10,15,0,25,0,0,0,25
12/29/2014,ROW,NM,ASW,WE,Combined TRACON& Tower with Radar,0,8,6,4,18,0,6,8,2,16,0,14,14,6,34,0,0,0,34
12/30/2014,ROW,NM,ASW,WE,Combined TRACON& Tower with Radar,0,10,0,11,21,0,0,0,0,0,0,10,0,11,21,0,0,0,21
12/31/2014,ROW,NM,ASW,WE,Combined TRACON& Tower with Radar,0,8,3,8,19,0,0,0,0,0,0,8,3,8,19,0,0,0,19
01/01/2015,ROW,NM,ASW,WE,Combined TRACON& Tower with Radar,0,4,3,1,8,0,0,1,0,1,0,4,4,1,9,0,0,0,9
01/02/2015,ROW,NM,ASW,WE,Combined TRACON& Tower with Radar,0,7,6,0,13,0,0,0,0,0,0,7,6,0,13,0,0,0,13
01/03/2015,ROW,NM,ASW,WE,Combined TRACON& Tower with Radar,0,9,11,1,21,0,4,6,0,10,0,13,17,1,31,0,0,0,31
01/04/2015,ROW,NM,ASW,WE,Combined TRACON& Tower with Radar,1,6,2,0,9,0,0,3,0,3,1,6,5,0,12,0,0,0,12
01/05/2015,ROW,NM,ASW,WE,Combined TRACON& Tower with Radar,1,10,7,12,30,0,0,7,0,7,1,10,14,12,37,0,0,0,37
01/06/2015,ROW,NM,ASW,WE,Combined TRACON& Tower with Radar,2,14,8,28,52,0,4,7,0,11,2,18,15,28,63,0,28,28,91
01/07/2015,ROW,NM,ASW,WE,Combined TRACON& Tower with Radar,4,14,8,11,37,0,1,2,0,3,4,15,10,11,40,0,0,0,40
01/08/2015,ROW,NM,ASW,WE,Combined TRACON& Tower with Radar,4,34,8,19,65,0,3,9,8,20,4,37,17,27,85,12,38,50,135
01/09/2015,ROW,NM,ASW,WE,Combined TRACON& Tower with Radar,0,16,2,13,31,0,0,2,4,6,0,16,4,17,37,0,0,0,37
01/10/2015,ROW,NM,ASW,WE,Combined TRACON& Tower with Radar,2,7,7,41,57,0,4,6,7,17,2,11,13,48,74,6,0,6,80
01/11/2015,ROW,NM,ASW,WE,Combined TRACON& Tower with Radar,2,5,2,2,11,0,0,3,0,3,2,5,5,2,14,12,0,12,26
01/12/2015,ROW,NM,ASW,WE,Combined TRACON& Tower with Radar,1,18,10,47,76,0,1,9,18,28,1,19,19,65,104,20,170,190,294
01/13/2015,ROW,NM,ASW,WE,Combined TRACON& Tower with Radar,0,18,6,11,35,0,0,0,0,0,0,18,6,11,35,0,0,0,35
01/14/2015,ROW,NM,ASW,WE,Combined TRACON& Tower with Radar,0,20,16,17,53,0,0,0,0,0,0,20,16,17,53,0,0,0,53
01/15/2015,ROW,NM,ASW,WE,Combined TRACON& Tower with Radar,0,18,10,60,88,0,8,22,55,85,0,26,32,115,173,0,94,94,267
01/16/2015,ROW,NM,ASW,WE,Combined TRACON& Tower with Radar,1,16,9,63,89,0,8,24,68,100,1,24,33,131,189,4,150,154,343
01/17/2015,ROW,NM,ASW,WE,Combined TRACON& Tower with Radar,0,11,0,20,31,0,5,7,79,91,0,16,7,99,122,0,180,180,302
01/18/2015,ROW,NM,ASW,WE,Combined TRACON& Tower with Radar,0,8,7,2,17,0,2,37,47,86,0,10,44,49,103,16,172,188,291
01/19/2015,ROW,NM,ASW,WE,Combined TRACON& Tower with Radar,4,9,8,11,32,0,0,25,63,88,4,9,33,74,120,2,168,170,290
01/20/2015,ROW,NM,ASW,WE,Combined TRACON& Tower with Radar,1,17,16,35,69,0,2,24,93,119,1,19,40,128,188,8,328,336,524
01/21/2015,ROW,NM,ASW,WE,Combined TRACON& Tower with Radar,1,16,5,5,27,0,32,4,13,49,1,48,9,18,76,48,46,94,170
01/22/2015,ROW,NM,ASW,WE,Combined TRACON& Tower with Radar,0,6,2,0,8,0,0,0,0,0,0,6,2,0,8,0,0,0,8
01/23/2015,ROW,NM,ASW,WE,Combined TRACON& Tower with Radar,1,21,9,25,56,0,12,35,78,125,1,33,44,103,181,20,150,170,351
01/24/2015,ROW,NM,ASW,WE,Combined TRACON& Tower with Radar,0,7,11,22,40,0,6,13,70,89,0,13,24,92,129,0,172,172,301
01/25/2015,ROW,NM,ASW,WE,Combined TRACON& Tower with Radar,0,10,23,7,40,0,4,30,48,82,0,14,53,55,122,6,94,100,222
01/26/2015,ROW,NM,ASW,WE,Combined TRACON& Tower with Radar,0,12,4,38,54,0,4,26,144,174,0,16,30,182,228,92,380,472,700
01/27/2015,ROW,NM,ASW,WE,Combined TRACON& Tower with Radar,1,13,7,15,36,0,6,18,107,131,1,19,25,122,167,22,264,286,453
01/28/2015,ROW,NM,ASW,WE,Combined TRACON& Tower with Radar,0,17,13,32,62,0,4,17,91,112,0,21,30,123,174,88,278,366,540
01/29/2015,ROW,NM,ASW,WE,Combined TRACON& Tower with Radar,2,16,25,19,62,0,4,21,35,60,2,20,46,54,122,0,150,150,272
01/30/2015,ROW,NM,ASW,WE,Combined TRACON& Tower with Radar,0,18,4,8,30,0,1,4,0,5,0,19,8,8,35,0,0,0,35
01/31/2015,ROW,NM,ASW,WE,Combined TRACON& Tower with Radar,0,17,19,0,36,0,0,0,0,0,0,17,19,0,36,0,0,0,36
02/01/2015,ROW,NM,ASW,WE,Combined TRACON& Tower with Radar,5,11,1,20,37,0,1,1,20,22,5,12,2,40,59,34,0,34,93
02/02/2015,ROW,NM,ASW,WE,Combined TRACON& Tower with Radar,3,15,23,29,70,0,2,37,84,123,3,17,60,113,193,16,288,304,497
02/03/2015,ROW,NM,ASW,WE,Combined TRACON& Tower with Radar,1,15,22,40,78,0,15,27,98,140,1,30,49,138,218,14,316,330,548
02/04/2015,ROW,NM,ASW,WE,Combined TRACON& Tower with Radar,0,15,1,34,50,0,25,11,81,117,0,40,12,115,167,10,422,432,599
02/05/2015,ROW,NM,ASW,WE,Combined TRACON& Tower with Radar,0,17,14,49,80,0,5,18,118,141,0,22,32,167,221,0,592,592,813
02/06/2015,ROW,NM,ASW,WE,Combined TRACON& Tower with Radar,0,20,11,34,65,0,6,15,82,103,0,26,26,116,168,0,100,100,268
02/07/2015,ROW,NM,ASW,WE,Combined TRACON& Tower with Radar,1,12,6,16,35,0,5,6,116,127,1,17,12,132,162,0,182,182,344
02/08/2015,ROW,NM,ASW,WE,Combined TRACON& Tower with Radar,1,8,4,1,14,0,3,5,0,8,1,11,9,1,22,0,0,0,22
02/09/2015,ROW,NM,ASW,WE,Combined TRACON& Tower with Radar,3,10,9,16,38,0,4,22,105,131,3,14,31,121,169,4,364,368,537
02/10/2015,ROW,NM,ASW,WE,Combined TRACON& Tower with Radar,0,14,6,19,39,0,5,24,106,135,0,19,30,125,174,0,148,148,322
02/11/2015,ROW,NM,ASW,WE,Combined TRACON& Tower with Radar,1,17,12,11,41,0,0,9,17,26,1,17,21,28,67,0,78,78,145
02/12/2015,ROW,NM,ASW,WE,Combined TRACON& Tower with Radar,0,13,3,10,26,0,18,31,91,140,0,31,34,101,166,74,214,288,454
02/13/2015,ROW,NM,ASW,WE,Combined TRACON& Tower with Radar,0,15,9,15,39,0,5,35,103,143,0,20,44,118,182,42,124,166,348
02/14/2015,ROW,NM,ASW,WE,Combined TRACON& Tower with Radar,1,8,1,12,22,0,5,39,68,112,1,13,40,80,134,10,114,124,258
02/15/2015,ROW,NM,ASW,WE,Combined TRACON& Tower with Radar,0,7,6,7,20,0,3,5,1,9,0,10,11,8,29,0,0,0,29
02/16/2015,ROW,NM,ASW,WE,Combined TRACON& Tower with Radar,3,12,4,6,25,0,6,37,67,110,3,18,41,73,135,22,152,174,309
02/17/2015,ROW,NM,ASW,WE,Combined TRACON& Tower with Radar,1,17,12,7,37,0,4,24,48,76,1,21,36,55,113,8,42,50,163
02/18/2015,ROW,NM,ASW,WE,Combined TRACON& Tower with Radar,0,14,4,18,36,0,6,36,72,114,0,20,40,90,150,26,88,114,264
02/19/2015,ROW,NM,ASW,WE,Combined TRACON& Tower with Radar,1,9,3,9,22,6,1,36,79,122,7,10,39,88,144,40,174,214,358
02/20/2015,ROW,NM,ASW,WE,Combined TRACON& Tower with Radar,1,21,2,23,47,0,2,31,52,85,1,23,33,75,132,0,142,142,274
02/21/2015,ROW,NM,ASW,WE,Combined TRACON& Tower with Radar,0,6,4,8,18,0,3,43,23,69,0,9,47,31,87,30,30,60,147
02/22/2015,ROW,NM,ASW,WE,Combined TRACON& Tower with Radar,2,4,3,0,9,0,0,0,0,0,2,4,3,0,9,0,0,0,9
02/23/2015,ROW,NM,ASW,WE,Combined TRACON& Tower with Radar,0,7,3,16,26,0,0,0,0,0,0,7,3,16,26,0,50,50,76
02/24/2015,ROW,NM,ASW,WE,Combined TRACON& Tower with Radar,2,11,7,11,31,0,1,5,0,6,2,12,12,11,37,16,40,56,93
02/25/2015,ROW,NM,ASW,WE,Combined TRACON& Tower with Radar,0,6,9,28,43,0,3,21,107,131,0,9,30,135,174,0,154,154,328
02/26/2015,ROW,NM,ASW,WE,Combined TRACON& Tower with Radar,0,13,3,4,20,0,4,1,0,5,0,17,4,4,25,10,36,46,71
02/27/2015,ROW,NM,ASW,WE,Combined TRACON& Tower with Radar,0,6,11,8,25,0,1,0,1,2,0,7,11,9,27,0,0,0,27
02/28/2015,ROW,NM,ASW,WE,Combined TRACON& Tower with Radar,0,2,3,0,5,0,2,4,0,6,0,4,7,0,11,0,0,0,11
03/01/2015,ROW,NM,ASW,WE,Combined TRACON& Tower with Radar,1,6,10,0,17,0,0,1,0,1,1,6,11,0,18,0,0,0,18
03/02/2015,ROW,NM,ASW,WE,Combined TRACON& Tower with Radar,2,9,6,14,31,0,0,0,4,4,2,9,6,18,35,0,142,142,177
03/03/2015,ROW,NM,ASW,WE,Combined TRACON& Tower with Radar,0,16,13,70,99,0,3,10,12,25,0,19,23,82,124,0,123,123,247
03/04/2015,ROW,NM,ASW,WE,Combined TRACON& Tower with Radar,1,10,2,28,41,0,4,1,23,28,1,14,3,51,69,0,94,94,163
03/05/2015,ROW,NM,ASW,WE,Combined TRACON& Tower with Radar,3,9,8,31,51,0,5,22,80,107,3,14,30,111,158,4,274,278,436
03/06/2015,ROW,NM,ASW,WE,Combined TRACON& Tower with Radar,0,10,11,67,88,0,2,17,84,103,0,12,28,151,191,0,196,196,387
03/07/2015,ROW,NM,ASW,WE,Combined TRACON& Tower with Radar,1,8,5,25,39,0,7,15,116,138,1,15,20,141,177,0,216,216,393
03/08/2015,ROW,NM,ASW,WE,Combined TRACON& Tower with Radar,0,11,12,25,48,0,1,7,7,15,0,12,19,32,63,0,18,18,81
03/09/2015,ROW,NM,ASW,WE,Combined TRACON& Tower with Radar,3,16,9,85,113,0,4,11,121,136,3,20,20,206,249,0,244,244,493
03/10/2015,ROW,NM,ASW,WE,Combined TRACON& Tower with Radar,2,11,9,20,42,0,4,28,93,125,2,15,37,113,167,14,210,224,391
03/11/2015,ROW,NM,ASW,WE,Combined TRACON& Tower with Radar,0,12,10,10,32,0,4,11,92,107,0,16,21,102,139,8,270,278,417
03/12/2015,ROW,NM,ASW,WE,Combined TRACON& Tower with Radar,2,10,17,25,54,0,2,18,78,98,2,12,35,103,152,16,158,174,326
03/13/2015,ROW,NM,ASW,WE,Combined TRACON& Tower with Radar,0,9,13,25,47,0,8,27,60,95,0,17,40,85,142,26,126,152,294
03/14/2015,ROW,NM,ASW,WE,Combined TRACON& Tower with Radar,0,8,9,25,42,0,10,6,28,44,0,18,15,53,86,32,132,164,250
03/15/2015,ROW,NM,ASW,WE,Combined TRACON& Tower with Radar,4,6,6,5,21,0,3,11,5,19,4,9,17,10,40,0,0,0,40
03/16/2015,ROW,NM,ASW,WE,Combined TRACON& Tower with Radar,1,6,8,4,19,0,2,4,0,6,1,8,12,4,25,16,0,16,41
03/17/2015,ROW,NM,ASW,WE,Combined TRACON& Tower with Radar,0,14,7,24,45,0,2,9,0,11,0,16,16,24,56,12,2,14,70
03/18/2015,ROW,NM,ASW,WE,Combined TRACON& Tower with Radar,0,12,7,12,31,0,3,8,1,12,0,15,15,13,43,0,0,0,43
03/19/2015,ROW,NM,ASW,WE,Combined TRACON& Tower with Radar,0,12,10,23,45,0,0,9,1,10,0,12,19,24,55,16,0,16,71
03/20/2015,ROW,NM,ASW,WE,Combined TRACON& Tower with Radar,0,13,11,16,40,0,0,4,0,4,0,13,15,16,44,18,52,70,114
03/21/2015,ROW,NM,ASW,WE,Combined TRACON& Tower with Radar,1,10,0,0,11,1,2,12,0,15,2,12,12,0,26,10,0,10,36
03/22/2015,ROW,NM,ASW,WE,Combined TRACON& Tower with Radar,3,5,7,0,15,0,1,6,0,7,3,6,13,0,22,0,0,0,22
03/23/2015,ROW,NM,ASW,WE,Combined TRACON& Tower with Radar,2,10,3,5,20,0,2,11,1,14,2,12,14,6,34,0,0,0,34
03/24/2015,ROW,NM,ASW,WE,Combined TRACON& Tower with Radar,2,17,9,12,40,0,4,13,16,33,2,21,22,28,73,0,0,0,73
03/25/2015,ROW,NM,ASW,WE,Combined TRACON& Tower with Radar,2,18,11,6,37,0,3,11,29,43,2,21,22,35,80,0,12,12,92
03/26/2015,ROW,NM,ASW,WE,Combined TRACON& Tower with Radar,0,14,7,11,32,0,8,19,1,28,0,22,26,12,60,22,20,42,102
03/27/2015,ROW,NM,ASW,WE,Combined TRACON& Tower with Radar,0,11,7,31,49,0,3,22,3,28,0,14,29,34,77,0,34,34,111
03/28/2015,ROW,NM,ASW,WE,Combined TRACON& Tower with Radar,0,11,6,1,18,0,5,33,0,38,0,16,39,1,56,4,0,4,60
03/29/2015,ROW,NM,ASW,WE,Combined TRACON& Tower with Radar,0,8,2,0,10,0,1,6,1,8,0,9,8,1,18,6,0,6,24
03/30/2015,ROW,NM,ASW,WE,Combined TRACON& Tower with Radar,0,9,5,4,18,0,1,5,0,6,0,10,10,4,24,6,10,16,40
03/31/2015,ROW,NM,ASW,WE,Combined TRACON& Tower with Radar,0,12,4,7,23,0,2,6,6,14,0,14,10,13,37,20,14,34,71
04/01/2015,ROW,NM,ASW,WE,Combined TRACON& Tower with Radar,2,10,13,9,34,0,1,19,3,23,2,11,32,12,57,32,28,60,117
04/02/2015,ROW,NM,ASW,WE,Combined TRACON& Tower with Radar,4,10,8,19,41,0,1,16,2,19,4,11,24,21,60,14,68,82,142
04/03/2015,ROW,NM,ASW,WE,Combined TRACON& Tower with Radar,0,13,2,17,32,0,1,12,1,14,0,14,14,18,46,4,48,52,98
04/04/2015,ROW,NM,ASW,WE,Combined TRACON& Tower with Radar,2,9,8,0,19,0,6,8,0,14,2,15,16,0,33,0,0,0,33
04/05/2015,ROW,NM,ASW,WE,Combined TRACON& Tower with Radar,1,5,4,4,14,0,1,4,0,5,1,6,8,4,19,0,0,0,19
04/06/2015,ROW,NM,ASW,WE,Combined TRACON& Tower with Radar,0,9,10,5,24,0,4,5,1,10,0,13,15,6,34,0,30,30,64
04/07/2015,ROW,NM,ASW,WE,Combined TRACON& Tower with Radar,1,11,9,5,26,0,0,4,2,6,1,11,13,7,32,0,0,0,32
04/08/2015,ROW,NM,ASW,WE,Combined TRACON& Tower with Radar,2,14,4,10,30,0,1,10,2,13,2,15,14,12,43,0,12,12,55
04/09/2015,ROW,NM,ASW,WE,Combined TRACON& Tower with Radar,0,13,14,26,53,0,3,25,0,28,0,16,39,26,81,8,34,42,123
04/10/2015,ROW,NM,ASW,WE,Combined TRACON& Tower with Radar,1,15,7,14,37,0,1,9,0,10,1,16,16,14,47,0,20,20,67
04/11/2015,ROW,NM,ASW,WE,Combined TRACON& Tower with Radar,0,14,2,4,20,0,2,12,2,16,0,16,14,6,36,10,30,40,76
04/12/2015,ROW,NM,ASW,WE,Combined TRACON& Tower with Radar,0,7,3,0,10,0,0,8,0,8,0,7,11,0,18,0,0,0,18
04/13/2015,ROW,NM,ASW,WE,Combined TRACON& Tower with Radar,1,6,9,4,20,0,1,2,0,3,1,7,11,4,23,0,0,0,23
04/14/2015,ROW,NM,ASW,WE,Combined TRACON& Tower with Radar,0,13,8,6,27,0,3,13,13,29,0,16,21,19,56,0,18,18,74
04/15/2015,ROW,NM,ASW,WE,Combined TRACON& Tower with Radar,3,14,4,8,29,0,7,6,4,17,3,21,10,12,46,0,12,12,58
04/16/2015,ROW,NM,ASW,WE,Combined TRACON& Tower with Radar,1,12,5,10,28,0,3,1,2,6,1,15,6,12,34,0,10,10,44
04/17/2015,ROW,NM,ASW,WE,Combined TRACON& Tower with Radar,0,10,8,11,29,0,3,12,1,16,0,13,20,12,45,20,36,56,101
04/18/2015,ROW,NM,ASW,WE,Combined TRACON& Tower with Radar,1,9,9,0,19,0,5,18,0,23,1,14,27,0,42,0,0,0,42
04/19/2015,ROW,NM,ASW,WE,Combined TRACON& Tower with Radar,0,5,3,6,14,0,2,11,0,13,0,7,14,6,27,10,12,22,49
04/20/2015,ROW,NM,ASW,WE,Combined TRACON& Tower with Radar,0,8,6,15,29,0,2,14,4,20,0,10,20,19,49,20,38,58,107
04/21/2015,ROW,NM,ASW,WE,Combined TRACON& Tower with Radar,2,12,2,8,24,0,1,10,4,15,2,13,12,12,39,6,0,6,45
04/22/2015,ROW,NM,ASW,WE,Combined TRACON& Tower with Radar,0,11,9,2,22,0,7,15,1,23,0,18,24,3,45,8,0,8,53
04/23/2015,ROW,NM,ASW,WE,Combined TRACON& Tower with Radar,1,11,6,9,27,0,1,10,1,12,1,12,16,10,39,0,14,14,53
04/24/2015,ROW,NM,ASW,WE,Combined TRACON& Tower with Radar,1,8,6,33,48,0,0,8,0,8,1,8,14,33,56,0,8,8,64
04/25/2015,ROW,NM,ASW,WE,Combined TRACON& Tower with Radar,1,6,1,0,8,0,5,8,0,13,1,11,9,0,21,0,0,0,21
04/26/2015,ROW,NM,ASW,WE,Combined TRACON& Tower with Radar,0,9,4,0,13,0,2,0,1,3,0,11,4,1,16,0,0,0,16
04/27/2015,ROW,NM,ASW,WE,Combined TRACON& Tower with Radar,0,15,3,15,33,0,1,1,0,2,0,16,4,15,35,0,10,10,45
04/28/2015,ROW,NM,ASW,WE,Combined TRACON& Tower with Radar,0,12,14,11,37,0,4,18,11,33,0,16,32,22,70,10,0,10,80
04/29/2015,ROW,NM,ASW,WE,Combined TRACON& Tower with Radar,3,11,6,6,26,0,3,16,6,25,3,14,22,12,51,0,6,6,57
04/30/2015,ROW,NM,ASW,WE,Combined TRACON& Tower with Radar,2,9,10,8,29,0,6,7,5,18,2,15,17,13,47,0,0,0,47
05/01/2015,ROW,NM,ASW,WE,Combined TRACON& Tower with Radar,1,9,4,4,18,0,3,19,2,24,1,12,23,6,42,0,14,14,56
05/02/2015,ROW,NM,ASW,WE,Combined TRACON& Tower with Radar,0,7,4,6,17,0,4,10,1,15,0,11,14,7,32,15,4,19,51
05/03/2015,ROW,NM,ASW,WE,Combined TRACON& Tower with Radar,0,7,2,0,9,0,2,12,0,14,0,9,14,0,23,10,0,10,33
05/04/2015,ROW,NM,ASW,WE,Combined TRACON& Tower with Radar,0,7,8,4,19,0,2,4,1,7,0,9,12,5,26,0,0,0,26
05/05/2015,ROW,NM,ASW,WE,Combined TRACON& Tower with Radar,0,18,14,9,41,0,1,4,1,6,0,19,18,10,47,14,24,38,85
05/06/2015,ROW,NM,ASW,WE,Combined TRACON& Tower with Radar,1,14,5,27,47,0,6,4,4,14,1,20,9,31,61,4,12,16,77
05/07/2015,ROW,NM,ASW,WE,Combined TRACON& Tower with Radar,1,16,12,44,73,0,5,10,13,28,1,21,22,57,101,0,118,118,219
05/08/2015,ROW,NM,ASW,WE,Combined TRACON& Tower with Radar,7,19,4,51,81,0,3,7,1,11,7,22,11,52,92,12,58,70,162
05/09/2015,ROW,NM,ASW,WE,Combined TRACON& Tower with Radar,0,11,0,11,22,0,1,6,0,7,0,12,6,11,29,2,0,2,31
05/10/2015,ROW,NM,ASW,WE,Combined TRACON& Tower with Radar,0,4,3,2,9,0,0,6,0,6,0,4,9,2,15,6,0,6,21
05/11/2015,ROW,NM,ASW,WE,Combined TRACON& Tower with Radar,0,10,9,17,36,0,1,7,2,10,0,11,16,19,46,0,14,14,60
05/12/2015,ROW,NM,ASW,WE,Combined TRACON& Tower with Radar,2,10,10,15,37,0,0,3,0,3,2,10,13,15,40,10,26,36,76
05/13/2015,ROW,NM,ASW,WE,Combined TRACON& Tower with Radar,3,13,4,19,39,0,1,7,1,9,3,14,11,20,48,0,0,0,48
05/14/2015,ROW,NM,ASW,WE,Combined TRACON& Tower with Radar,3,14,15,5,37,0,7,13,1,21,3,21,28,6,58,18,24,42,100
05/15/2015,ROW,NM,ASW,WE,Combined TRACON& Tower with Radar,0,11,3,3,17,0,1,6,3,10,0,12,9,6,27,0,14,14,41
05/16/2015,ROW,NM,ASW,WE,Combined TRACON& Tower with Radar,0,12,4,2,18,0,5,9,0,14,0,17,13,2,32,6,0,6,38
05/17/2015,ROW,NM,ASW,WE,Combined TRACON& Tower with Radar,0,8,3,2,13,0,4,4,0,8,0,12,7,2,21,16,0,16,37
05/18/2015,ROW,NM,ASW,WE,Combined TRACON& Tower with Radar,0,9,2,7,18,0,5,4,1,10,0,14,6,8,28,6,32,38,66
05/19/2015,ROW,NM,ASW,WE,Combined TRACON& Tower with Radar,1,12,9,24,46,0,3,4,4,11,1,15,13,28,57,1,22,23,80
05/20/2015,ROW,NM,ASW,WE,Combined TRACON& Tower with Radar,0,12,8,21,41,0,4,4,0,8,0,16,12,21,49,0,34,34,83
05/21/2015,ROW,NM,ASW,WE,Combined TRACON& Tower with Radar,0,20,16,5,41,0,0,0,0,0,0,20,16,5,41,0,0,0,41
05/22/2015,ROW,NM,ASW,WE,Combined TRACON& Tower with Radar,1,12,11,0,24,0,2,5,2,9,1,14,16,2,33,0,0,0,33
05/23/2015,ROW,NM,ASW,WE,Combined TRACON& Tower with Radar,2,9,7,0,18,0,7,7,1,15,2,16,14,1,33,0,0,0,33
05/24/2015,ROW,NM,ASW,WE,Combined TRACON& Tower with Radar,0,6,1,0,7,0,1,10,0,11,0,7,11,0,18,6,0,6,24
05/25/2015,ROW,NM,ASW,WE,Combined TRACON& Tower with Radar,0,2,4,0,6,0,1,11,0,12,0,3,15,0,18,0,0,0,18
05/26/2015,ROW,NM,ASW,WE,Combined TRACON& Tower with Radar,1,13,14,5,33,0,0,4,3,7,1,13,18,8,40,0,0,0,40
05/27/2015,ROW,NM,ASW,WE,Combined TRACON& Tower with Radar,1,10,13,18,42,0,6,12,8,26,1,16,25,26,68,0,28,28,96
05/28/2015,ROW,NM,ASW,WE,Combined TRACON& Tower with Radar,2,9,18,11,40,0,1,5,1,7,2,10,23,12,47,20,0,20,67
05/29/2015,ROW,NM,ASW,WE,Combined TRACON& Tower with Radar,1,18,5,14,38,0,11,19,4,34,1,29,24,18,72,16,24,40,112
05/30/2015,ROW,NM,ASW,WE,Combined TRACON& Tower with Radar,1,5,7,2,15,0,9,4,0,13,1,14,11,2,28,18,0,18,46
05/31/2015,ROW,NM,ASW,WE,Combined TRACON& Tower with Radar,1,17,3,0,21,0,4,6,0,10,1,21,9,0,31,34,0,34,65
06/01/2015,ROW,NM,ASW,WE,Combined TRACON& Tower with Radar,1,16,7,10,34,0,0,5,1,6,1,16,12,11,40,12,6,18,58
06/02/2015,ROW,NM,ASW,WE,Combined TRACON& Tower with Radar,0,15,6,24,45,0,9,8,0,17,0,24,14,24,62,2,38,40,102
06/03/2015,ROW,NM,ASW,WE,Combined TRACON& Tower with Radar,1,14,3,3,21,0,7,9,1,17,1,21,12,4,38,10,0,10,48
06/04/2015,ROW,NM,ASW,WE,Combined TRACON& Tower with Radar,0,12,7,15,34,0,8,14,3,25,0,20,21,18,59,34,0,34,93
06/05/2015,ROW,NM,ASW,WE,Combined TRACON& Tower with Radar,0,11,9,0,20,0,5,9,0,14,0,16,18,0,34,0,0,0,34
06/06/2015,ROW,NM,ASW,WE,Combined TRACON& Tower with Radar,0,7,2,2,11,0,7,14,0,21,0,14,16,2,32,21,0,21,53
06/07/2015,ROW,NM,ASW,WE,Combined TRACON& Tower with Radar,1,6,4,0,11,0,4,9,0,13,1,10,13,0,24,0,0,0,24
06/08/2015,ROW,NM,ASW,WE,Combined TRACON& Tower with Radar,0,9,5,2,16,0,2,7,0,9,0,11,12,2,25,18,12,30,55
06/09/2015,ROW,NM,ASW,WE,Combined TRACON& Tower with Radar,1,10,9,4,24,0,3,14,0,17,1,13,23,4,41,0,0,0,41
06/10/2015,ROW,NM,ASW,WE,Combined TRACON& Tower with Radar,3,8,10,11,32,0,4,8,3,15,3,12,18,14,47,6,40,46,93
06/11/2015,ROW,NM,ASW,WE,Combined TRACON& Tower with Radar,0,15,7,11,33,0,6,5,0,11,0,21,12,11,44,0,0,0,44
06/12/2015,ROW,NM,ASW,WE,Combined TRACON& Tower with Radar,0,14,8,32,54,0,2,9,4,15,0,16,17,36,69,1,38,39,108
06/13/2015,ROW,NM,ASW,WE,Combined TRACON& Tower with Radar,2,9,4,15,30,0,6,11,0,17,2,15,15,15,47,0,28,28,75
06/14/2015,ROW,NM,ASW,WE,Combined TRACON& Tower with Radar,0,8,6,6,20,0,0,19,0,19,0,8,25,6,39,4,0,4,43
06/15/2015,ROW,NM,ASW,WE,Combined TRACON& Tower with Radar,1,9,3,13,26,0,1,7,1,9,1,10,10,14,35,2,6,8,43
06/16/2015,ROW,NM,ASW,WE,Combined TRACON& Tower with Radar,1,12,7,51,71,0,2,2,0,4,1,14,9,51,75,0,78,78,153
06/17/2015,ROW,NM,ASW,WE,Combined TRACON& Tower with Radar,0,14,10,60,84,0,4,8,4,16,0,18,18,64,100,22,62,84,184
06/18/2015,ROW,NM,ASW,WE,Combined TRACON& Tower with Radar,0,19,7,29,55,0,2,11,6,19,0,21,18,35,74,8,38,46,120
06/19/2015,ROW,NM,ASW,WE,Combined TRACON& Tower with Radar,0,13,6,4,23,0,6,1,0,7,0,19,7,4,30,0,0,0,30
06/20/2015,ROW,NM,ASW,WE,Combined TRACON& Tower with Radar,1,7,7,0,15,0,12,5,1,18,1,19,12,1,33,0,0,0,33
06/21/2015,ROW,NM,ASW,WE,Combined TRACON& Tower with Radar,0,10,0,0,10,0,3,9,1,13,0,13,9,1,23,4,0,4,27
06/22/2015,ROW,NM,ASW,WE,Combined TRACON& Tower with Radar,0,9,8,1,18,0,1,3,5,9,0,10,11,6,27,0,0,0,27
06/23/2015,ROW,NM,ASW,WE,Combined TRACON& Tower with Radar,0,10,15,25,50,0,2,10,4,16,0,12,25,29,66,0,0,0,66
06/24/2015,ROW,NM,ASW,WE,Combined TRACON& Tower with Radar,0,12,4,31,47,0,4,17,4,25,0,16,21,35,72,0,24,24,96
06/25/2015,ROW,NM,ASW,WE,Combined TRACON& Tower with Radar,0,13,10,11,34,0,4,6,8,18,0,17,16,19,52,4,14,18,70
06/26/2015,ROW,NM,ASW,WE,Combined TRACON& Tower with Radar,0,11,6,5,22,0,10,12,5,27,0,21,18,10,49,0,16,16,65
06/27/2015,ROW,NM,ASW,WE,Combined TRACON& Tower with Radar,0,9,7,0,16,0,5,11,0,16,0,14,18,0,32,4,0,4,36
06/28/2015,ROW,NM,ASW,WE,Combined TRACON& Tower with Radar,0,6,7,0,13,0,1,14,0,15,0,7,21,0,28,0,0,0,28
06/29/2015,ROW,NM,ASW,WE,Combined TRACON& Tower with Radar,1,10,4,0,15,0,1,3,2,6,1,11,7,2,21,0,0,0,21
06/30/2015,ROW,NM,ASW,WE,Combined TRACON& Tower with Radar,0,12,15,1,28,0,3,11,0,14,0,15,26,1,42,14,0,14,56
07/01/2015,ROW,NM,ASW,WE,Combined TRACON& Tower with Radar,0,9,8,62,79,0,5,9,6,20,0,14,17,68,99,0,94,94,193
07/02/2015,ROW,NM,ASW,WE,Combined TRACON& Tower with Radar,0,11,7,9,27,0,4,8,0,12,0,15,15,9,39,0,16,16,55
07/03/2015,ROW,NM,ASW,WE,Combined TRACON& Tower with Radar,0,10,7,0,17,0,0,8,0,8,0,10,15,0,25,0,0,0,25
07/04/2015,ROW,NM,ASW,WE,Combined TRACON& Tower with Radar,0,4,4,4,12,0,0,5,1,6,0,4,9,5,18,0,0,0,18
07/05/2015,ROW,NM,ASW,WE,Combined TRACON& Tower with Radar,1,8,10,0,19,0,5,11,0,16,1,13,21,0,35,0,0,0,35
07/06/2015,ROW,NM,ASW,WE,Combined TRACON& Tower with Radar,0,10,7,3,20,0,2,8,1,11,0,12,15,4,31,0,0,0,31
07/07/2015,ROW,NM,ASW,WE,Combined TRACON& Tower with Radar,1,11,19,43,74,0,1,0,3,4,1,12,19,46,78,0,48,48,126
07/08/2015,ROW,NM,ASW,WE,Combined TRACON& Tower with Radar,1,13,5,16,35,0,2,2,3,7,1,15,7,19,42,0,0,0,42
07/09/2015,ROW,NM,ASW,WE,Combined TRACON& Tower with Radar,0,13,10,8,31,0,1,11,3,15,0,14,21,11,46,4,8,12,58
07/10/2015,ROW,NM,ASW,WE,Combined TRACON& Tower with Radar,0,12,4,11,27,0,5,11,5,21,0,17,15,16,48,0,0,0,48
07/11/2015,ROW,NM,ASW,WE,Combined TRACON& Tower with Radar,0,9,13,1,23,0,5,7,0,12,0,14,20,1,35,12,22,34,69
07/12/2015,ROW,NM,ASW,WE,Combined TRACON& Tower with Radar,0,5,14,0,19,0,4,9,1,14,0,9,23,1,33,0,0,0,33
07/13/2015,ROW,NM,ASW,WE,Combined TRACON& Tower with Radar,0,10,19,9,38,0,3,16,2,21,0,13,35,11,59,30,12,42,101
07/14/2015,ROW,NM,ASW,WE,Combined TRACON& Tower with Radar,0,9,14,10,33,0,5,6,0,11,0,14,20,10,44,0,0,0,44
07/15/2015,ROW,NM,ASW,WE,Combined TRACON& Tower with Radar,0,12,5,5,22,0,5,7,2,14,0,17,12,7,36,0,0,0,36
07/16/2015,ROW,NM,ASW,WE,Combined TRACON& Tower with Radar,0,12,9,8,29,0,4,5,0,9,0,16,14,8,38,0,0,0,38
07/17/2015,ROW,NM,ASW,WE,Combined TRACON& Tower with Radar,1,15,12,22,50,0,2,9,2,13,1,17,21,24,63,0,38,38,101
07/18/2015,ROW,NM,ASW,WE,Combined TRACON& Tower with Radar,0,12,3,0,15,0,8,20,4,32,0,20,23,4,47,28,0,28,75
07/19/2015,ROW,NM,ASW,WE,Combined TRACON& Tower with Radar,0,6,13,16,35,0,2,9,5,16,0,8,22,21,51,6,0,6,57
07/20/2015,ROW,NM,ASW,WE,Combined TRACON& Tower with Radar,1,9,2,12,24,0,3,7,0,10,1,12,9,12,34,0,0,0,34
07/21/2015,ROW,NM,ASW,WE,Combined TRACON& Tower with Radar,1,9,5,7,22,0,4,8,1,13,1,13,13,8,35,0,0,0,35
07/22/2015,ROW,NM,ASW,WE,Combined TRACON& Tower with Radar,0,11,6,0,17,0,5,13,2,20,0,16,19,2,37,10,0,10,47
07/23/2015,ROW,NM,ASW,WE,Combined TRACON& Tower with Radar,1,10,11,9,31,0,4,12,0,16,1,14,23,9,47,28,0,28,75
07/24/2015,ROW,NM,ASW,WE,Combined TRACON& Tower with Radar,0,13,5,14,32,0,3,9,0,12,0,16,14,14,44,4,10,14,58
07/25/2015,ROW,NM,ASW,WE,Combined TRACON& Tower with Radar,0,12,3,8,23,0,6,14,1,21,0,18,17,9,44,6,14,20,64
07/26/2015,ROW,NM,ASW,WE,Combined TRACON& Tower with Radar,3,7,7,0,17,0,5,14,0,19,3,12,21,0,36,10,16,26,62
07/27/2015,ROW,NM,ASW,WE,Combined TRACON& Tower with Radar,1,27,7,19,54,0,6,7,4,17,1,33,14,23,71,0,0,0,71
07/28/2015,ROW,NM,ASW,WE,Combined TRACON& Tower with Radar,0,12,4,4,20,0,6,14,3,23,0,18,18,7,43,0,0,0,43
07/29/2015,ROW,NM,ASW,WE,Combined TRACON& Tower with Radar,3,16,10,12,41,0,6,15,0,21,3,22,25,12,62,0,0,0,62
07/30/2015,ROW,NM,ASW,WE,Combined TRACON& Tower with Radar,0,17,16,2,35,0,9,5,0,14,0,26,21,2,49,0,0,0,49
07/31/2015,ROW,NM,ASW,WE,Combined TRACON& Tower with Radar,0,8,13,20,41,0,3,11,2,16,0,11,24,22,57,0,56,56,113
08/01/2015,ROW,NM,ASW,WE,Combined TRACON& Tower with Radar,0,8,4,0,12,0,7,16,1,24,0,15,20,1,36,6,0,6,42
08/02/2015,ROW,NM,ASW,WE,Combined TRACON& Tower with Radar,0,6,8,7,21,0,1,11,0,12,0,7,19,7,33,0,12,12,45
08/03/2015,ROW,NM,ASW,WE,Combined TRACON& Tower with Radar,0,11,0,0,11,0,3,30,0,33,0,14,30,0,44,0,0,0,44
08/04/2015,ROW,NM,ASW,WE,Combined TRACON& Tower with Radar,0,10,3,9,22,0,2,14,1,17,0,12,17,10,39,6,2,8,47
08/05/2015,ROW,NM,ASW,WE,Combined TRACON& Tower with Radar,1,15,3,9,28,0,1,12,1,14,1,16,15,10,42,0,0,0,42
08/06/2015,ROW,NM,ASW,WE,Combined TRACON& Tower with Radar,0,13,12,21,46,0,8,17,0,25,0,21,29,21,71,0,18,18,89
08/07/2015,ROW,NM,ASW,WE,Combined TRACON& Tower with Radar,2,12,13,19,46,0,7,13,0,20,2,19,26,19,66,0,16,16,82
08/08/2015,ROW,NM,ASW,WE,Combined TRACON& Tower with Radar,0,9,11,0,20,0,8,6,4,18,0,17,17,4,38,10,0,10,48
08/09/2015,ROW,NM,ASW,WE,Combined TRACON& Tower with Radar,1,5,10,9,25,0,2,7,3,12,1,7,17,12,37,0,0,0,37
08/10/2015,ROW,NM,ASW,WE,Combined TRACON& Tower with Radar,0,9,2,12,23,0,3,6,6,15,0,12,8,18,38,16,0,16,54
08/11/2015,ROW,NM,ASW,WE,Combined TRACON& Tower with Radar,0,11,4,11,26,0,5,6,4,15,0,16,10,15,41,20,22,42,83
08/12/2015,ROW,NM,ASW,WE,Combined TRACON& Tower with Radar,0,9,3,23,35,0,9,20,20,49,0,18,23,43,84,38,54,92,176
08/13/2015,ROW,NM,ASW,WE,Combined TRACON& Tower with Radar,0,14,11,12,37,0,16,12,0,28,0,30,23,12,65,30,0,30,95
08/14/2015,ROW,NM,ASW,WE,Combined TRACON& Tower with Radar,0,9,10,28,47,0,16,16,5,37,0,25,26,33,84,8,44,52,136
08/15/2015,ROW,NM,ASW,WE,Combined TRACON& Tower with Radar,1,6,7,0,14,0,8,13,0,21,1,14,20,0,35,16,2,18,53
08/16/2015,ROW,NM,ASW,WE,Combined TRACON& Tower with Radar,0,6,2,3,11,0,5,16,0,21,0,11,18,3,32,24,14,38,70
08/17/2015,ROW,NM,ASW,WE,Combined TRACON& Tower with Radar,1,10,10,11,32,0,1,8,17,26,1,11,18,28,58,20,6,26,84
08/18/2015,ROW,NM,ASW,WE,Combined TRACON& Tower with Radar,2,10,24,6,42,0,4,13,0,17,2,14,37,6,59,4,10,14,73
08/19/2015,ROW,NM,ASW,WE,Combined TRACON& Tower with Radar,6,12,17,16,51,0,3,18,6,27,6,15,35,22,78,0,34,34,112
08/20/2015,ROW,NM,ASW,WE,Combined TRACON& Tower with Radar,1,17,12,8,38,0,20,22,4,46,1,37,34,12,84,36,0,36,120
08/21/2015,ROW,NM,ASW,WE,Combined TRACON& Tower with Radar,1,16,12,46,75,0,17,52,4,73,1,33,64,50,148,40,68,108,256
08/22/2015,ROW,NM,ASW,WE,Combined TRACON& Tower with Radar,0,7,5,2,14,0,19,28,0,47,0,26,33,2,61,10,0,10,71
08/23/2015,ROW,NM,ASW,WE,Combined TRACON& Tower with Radar,0,8,1,0,9,0,0,6,0,6,0,8,7,0,15,0,0,0,15
08/24/2015,ROW,NM,ASW,WE,Combined TRACON& Tower with Radar,0,11,10,14,35,0,5,5,6,16,0,16,15,20,51,24,22,46,97
08/25/2015,ROW,NM,ASW,WE,Combined TRACON& Tower with Radar,0,9,4,26,39,0,4,12,0,16,0,13,16,26,55,10,12,22,77
08/26/2015,ROW,NM,ASW,WE,Combined TRACON& Tower with Radar,0,9,12,11,32,0,5,3,1,9,0,14,15,12,41,16,0,16,57
08/27/2015,ROW,NM,ASW,WE,Combined TRACON& Tower with Radar,0,11,11,12,34,0,7,14,2,23,0,18,25,14,57,20,0,20,77
08/28/2015,ROW,NM,ASW,WE,Combined TRACON& Tower with Radar,2,11,20,29,62,0,5,13,2,20,2,16,33,31,82,0,34,34,116
08/29/2015,ROW,NM,ASW,WE,Combined TRACON& Tower with Radar,0,14,9,0,23,0,7,16,0,23,0,21,25,0,46,4,0,4,50
08/30/2015,ROW,NM,ASW,WE,Combined TRACON& Tower with Radar,1,7,3,4,15,0,3,8,18,29,1,10,11,22,44,40,10,50,94
08/31/2015,ROW,NM,ASW,WE,Combined TRACON& Tower with Radar,0,11,3,13,27,0,3,13,2,18,0,14,16,15,45,4,20,24,69
09/01/2015,ROW,NM,ASW,WE,Combined TRACON& Tower with Radar,2,13,3,26,44,0,11,4,1,16,2,24,7,27,60,10,30,40,100
09/02/2015,ROW,NM,ASW,WE,Combined TRACON& Tower with Radar,0,11,4,23,38,0,15,13,2,30,0,26,17,25,68,8,38,46,114
09/03/2015,ROW,NM,ASW,WE,Combined TRACON& Tower with Radar,0,9,5,4,18,0,14,7,0,21,0,23,12,4,39,6,0,6,45
09/04/2015,ROW,NM,ASW,WE,Combined TRACON& Tower with Radar,0,9,14,0,23,0,7,12,0,19,0,16,26,0,42,0,0,0,42
09/05/2015,ROW,NM,ASW,WE,Combined TRACON& Tower with Radar,0,13,6,0,19,0,11,5,0,16,0,24,11,0,35,0,0,0,35
09/06/2015,ROW,NM,ASW,WE,Combined TRACON& Tower with Radar,1,5,0,0,6,0,4,12,0,16,1,9,12,0,22,0,0,0,22
09/07/2015,ROW,NM,ASW,WE,Combined TRACON& Tower with Radar,0,6,4,0,10,0,9,7,2,18,0,15,11,2,28,0,0,0,28
09/08/2015,ROW,NM,ASW,WE,Combined TRACON& Tower with Radar,2,13,5,27,47,0,1,4,4,9,2,14,9,31,56,0,4,4,60
09/09/2015,ROW,NM,ASW,WE,Combined TRACON& Tower with Radar,7,16,4,25,52,0,3,6,1,10,7,19,10,26,62,0,0,0,62
09/10/2015,ROW,NM,ASW,WE,Combined TRACON& Tower with Radar,5,9,5,25,44,0,4,14,25,43,5,13,19,50,87,0,24,24,111
09/11/2015,ROW,NM,ASW,WE,Combined TRACON& Tower with Radar,1,10,7,37,55,0,3,2,5,10,1,13,9,42,65,0,60,60,125
09/12/2015,ROW,NM,ASW,WE,Combined TRACON& Tower with Radar,0,8,3,6,17,0,5,8,0,13,0,13,11,6,30,10,0,10,40
09/13/2015,ROW,NM,ASW,WE,Combined TRACON& Tower with Radar,0,7,3,4,14,0,7,8,0,15,0,14,11,4,29,8,10,18,47
09/14/2015,ROW,NM,ASW,WE,Combined TRACON& Tower with Radar,0,9,16,20,45,0,6,19,10,35,0,15,35,30,80,16,12,28,108
09/15/2015,ROW,NM,ASW,WE,Combined TRACON& Tower with Radar,1,14,4,46,65,0,7,29,16,52,1,21,33,62,117,50,46,96,213
09/16/2015,ROW,NM,ASW,WE,Combined TRACON& Tower with Radar,0,13,13,30,56,0,5,18,8,31,0,18,31,38,87,28,36,64,151
09/17/2015,ROW,NM,ASW,WE,Combined TRACON& Tower with Radar,1,12,15,42,70,0,10,3,6,19,1,22,18,48,89,0,0,0,89
09/18/2015,ROW,NM,ASW,WE,Combined TRACON& Tower with Radar,0,10,11,7,28,0,5,15,6,26,0,15,26,13,54,0,40,40,94
09/19/2015,ROW,NM,ASW,WE,Combined TRACON& Tower with Radar,0,22,11,0,33,0,1,47,1,49,0,23,58,1,82,6,0,6,88
09/20/2015,ROW,NM,ASW,WE,Combined TRACON& Tower with Radar,0,7,3,14,24,0,1,4,1,6,0,8,7,15,30,0,0,0,30
09/21/2015,ROW,NM,ASW,WE,Combined TRACON& Tower with Radar,2,7,5,4,18,0,3,12,0,15,2,10,17,4,33,0,0,0,33
09/22/2015,ROW,NM,ASW,WE,Combined TRACON& Tower with Radar,0,10,15,25,50,0,2,9,2,13,0,12,24,27,63,0,0,0,63
09/23/2015,ROW,NM,ASW,WE,Combined TRACON& Tower with Radar,1,10,8,12,31,0,8,6,1,15,1,18,14,13,46,0,4,4,50
09/24/2015,ROW,NM,ASW,WE,Combined TRACON& Tower with Radar,0,11,15,25,51,0,2,10,3,15,0,13,25,28,66,0,20,20,86
09/25/2015,ROW,NM,ASW,WE,Combined TRACON& Tower with Radar,0,11,6,54,71,0,7,6,1,14,0,18,12,55,85,0,16,16,101
09/26/2015,ROW,NM,ASW,WE,Combined TRACON& Tower with Radar,0,8,1,0,9,0,4,15,0,19,0,12,16,0,28,0,0,0,28
09/27/2015,ROW,NM,ASW,WE,Combined TRACON& Tower with Radar,0,6,8,0,14,0,2,5,0,7,0,8,13,0,21,6,0,6,27
09/28/2015,ROW,NM,ASW,WE,Combined TRACON& Tower with Radar,0,7,6,32,45,0,4,10,4,18,0,11,16,36,63,0,8,8,71
09/29/2015,ROW,NM,ASW,WE,Combined TRACON& Tower with Radar,0,10,6,2,18,0,3,13,0,16,0,13,19,2,34,0,0,0,34
09/30/2015,ROW,NM,ASW,WE,Combined TRACON& Tower with Radar,0,9,6,7,22,0,3,11,1,15,0,12,17,8,37,0,10,10,47
10/01/2015,ROW,NM,ASW,WE,Combined TRACON& Tower with Radar,0,9,11,2,22,0,6,10,2,18,0,15,21,4,40,16,0,16,56
10/02/2015,ROW,NM,ASW,WE,Combined TRACON& Tower with Radar,0,12,8,12,32,0,5,9,2,16,0,17,17,14,48,0,6,6,54
10/03/2015,ROW,NM,ASW,WE,Combined TRACON& Tower with Radar,1,15,2,0,18,0,3,9,0,12,1,18,11,0,30,0,0,0,30
10/04/2015,ROW,NM,ASW,WE,Combined TRACON& Tower with Radar,0,8,6,2,16,0,1,2,0,3,0,9,8,2,19,0,0,0,19
10/05/2015,ROW,NM,ASW,WE,Combined TRACON& Tower with Radar,1,21,5,5,32,0,1,2,0,3,1,22,7,5,35,0,0,0,35
10/06/2015,ROW,NM,ASW,WE,Combined TRACON& Tower with Radar,0,12,13,4,29,0,1,3,0,4,0,13,16,4,33,0,0,0,33
10/07/2015,ROW,NM,ASW,WE,Combined TRACON& Tower with Radar,0,9,11,0,20,0,2,3,0,5,0,11,14,0,25,6,0,6,31
10/08/2015,ROW,NM,ASW,WE,Combined TRACON& Tower with Radar,0,10,17,18,45,0,3,6,0,9,0,13,23,18,54,2,0,2,56
10/09/2015,ROW,NM,ASW,WE,Combined TRACON& Tower with Radar,1,13,5,0,19,0,2,0,0,2,1,15,5,0,21,0,0,0,21
10/10/2015,ROW,NM,ASW,WE,Combined TRACON& Tower with Radar,1,10,4,1,16,0,3,5,2,10,1,13,9,3,26,0,0,0,26
10/11/2015,ROW,NM,ASW,WE,Combined TRACON& Tower with Radar,0,5,0,0,5,0,9,14,0,23,0,14,14,0,28,10,0,10,38
10/12/2015,ROW,NM,ASW,WE,Combined TRACON& Tower with Radar,1,8,4,2,15,0,4,1,0,5,1,12,5,2,20,0,0,0,20
10/13/2015,ROW,NM,ASW,WE,Combined TRACON& Tower with Radar,0,9,9,8,26,0,6,23,0,29,0,15,32,8,55,0,16,16,71
10/14/2015,ROW,NM,ASW,WE,Combined TRACON& Tower with Radar,0,8,4,11,23,0,3,5,38,46,0,11,9,49,69,0,6,6,75
10/15/2015,ROW,NM,ASW,WE,Combined TRACON& Tower with Radar,1,9,17,8,35,0,4,25,1,30,1,13,42,9,65,4,0,4,69
10/16/2015,ROW,NM,ASW,WE,Combined TRACON& Tower with Radar,0,15,4,14,33,0,7,2,8,17,0,22,6,22,50,0,14,14,64
10/17/2015,ROW,NM,ASW,WE,Combined TRACON& Tower with Radar,1,5,7,0,13,0,6,16,0,22,1,11,23,0,35,2,0,2,37
10/18/2015,ROW,NM,ASW,WE,Combined TRACON& Tower with Radar,0,9,5,0,14,0,5,5,0,10,0,14,10,0,24,0,0,0,24
10/19/2015,ROW,NM,ASW,WE,Combined TRACON& Tower with Radar,1,10,15,5,31,0,3,3,1,7,1,13,18,6,38,0,0,0,38
10/20/2015,ROW,NM,ASW,WE,Combined TRACON& Tower with Radar,1,10,8,15,34,0,2,6,2,10,1,12,14,17,44,0,14,14,58
10/21/2015,ROW,NM,ASW,WE,Combined TRACON& Tower with Radar,0,19,7,9,35,0,0,1,1,2,0,19,8,10,37,0,0,0,37
10/22/2015,ROW,NM,ASW,WE,Combined TRACON& Tower with Radar,0,13,15,22,50,0,1,4,5,10,0,14,19,27,60,8,22,30,90
10/23/2015,ROW,NM,ASW,WE,Combined TRACON& Tower with Radar,0,12,4,49,65,0,3,8,1,12,0,15,12,50,77,0,52,52,129
10/24/2015,ROW,NM,ASW,WE,Combined TRACON& Tower with Radar,0,11,0,0,11,0,0,11,0,11,0,11,11,0,22,0,0,0,22
10/25/2015,ROW,NM,ASW,WE,Combined TRACON& Tower with Radar,1,8,4,1,14,0,1,13,1,15,1,9,17,2,29,4,8,12,41
10/26/2015,ROW,NM,ASW,WE,Combined TRACON& Tower with Radar,0,10,8,6,24,0,5,4,5,14,0,15,12,11,38,0,0,0,38
10/27/2015,ROW,NM,ASW,WE,Combined TRACON& Tower with Radar,0,15,5,7,27,0,6,9,2,17,0,21,14,9,44,0,0,0,44
10/28/2015,ROW,NM,ASW,WE,Combined TRACON& Tower with Radar,0,11,5,0,16,0,4,12,0,16,0,15,17,0,32,0,0,0,32
10/29/2015,ROW,NM,ASW,WE,Combined TRACON& Tower with Radar,1,14,13,6,34,0,5,5,0,10,1,19,18,6,44,0,0,0,44
10/30/2015,ROW,NM,ASW,WE,Combined TRACON& Tower with Radar,1,11,2,41,55,0,1,3,23,27,1,12,5,64,82,0,30,30,112
10/31/2015,ROW,NM,ASW,WE,Combined TRACON& Tower with Radar,0,9,7,0,16,0,6,3,0,9,0,15,10,0,25,6,0,6,31
11/01/2015,ROW,NM,ASW,WE,Combined TRACON& Tower with Radar,0,6,1,1,8,0,4,5,1,10,0,10,6,2,18,0,0,0,18
11/02/2015,ROW,NM,ASW,WE,Combined TRACON& Tower with Radar,2,10,6,29,47,0,2,28,7,37,2,12,34,36,84,12,46,58,142
11/03/2015,ROW,NM,ASW,WE,Combined TRACON& Tower with Radar,1,12,14,16,43,0,7,32,5,44,1,19,46,21,87,34,20,54,141
11/04/2015,ROW,NM,ASW,WE,Combined TRACON& Tower with Radar,1,15,9,6,31,0,3,11,4,18,1,18,20,10,49,0,22,22,71
11/05/2015,ROW,NM,ASW,WE,Combined TRACON& Tower with Radar,0,17,7,28,52,0,6,21,2,29,0,23,28,30,81,20,34,54,135
11/06/2015,ROW,NM,ASW,WE,Combined TRACON& Tower with Radar,0,11,12,27,50,0,7,38,6,51,0,18,50,33,101,40,16,56,157
11/07/2015,ROW,NM,ASW,WE,Combined TRACON& Tower with Radar,0,15,5,1,21,0,1,3,1,5,0,16,8,2,26,0,0,0,26
11/08/2015,ROW,NM,ASW,WE,Combined TRACON& Tower with Radar,0,5,4,6,15,0,0,6,0,6,0,5,10,6,21,16,0,16,37
11/09/2015,ROW,NM,ASW,WE,Combined TRACON& Tower with Radar,0,9,11,6,26,0,6,3,1,10,0,15,14,7,36,0,16,16,52
11/10/2015,ROW,NM,ASW,WE,Combined TRACON& Tower with Radar,1,14,16,2,33,0,4,4,3,11,1,18,20,5,44,4,0,4,48
11/11/2015,ROW,NM,ASW,WE,Combined TRACON& Tower with Radar,0,10,4,1,15,0,5,5,8,18,0,15,9,9,33,0,0,0,33
11/12/2015,ROW,NM,ASW,WE,Combined TRACON& Tower with Radar,0,9,9,11,29,0,4,9,0,13,0,13,18,11,42,0,12,12,54
11/13/2015,ROW,NM,ASW,WE,Combined TRACON& Tower with Radar,3,17,13,23,56,0,4,9,0,13,3,21,22,23,69,6,0,6,75
11/14/2015,ROW,NM,ASW,WE,Combined TRACON& Tower with Radar,0,7,3,3,13,0,2,12,1,15,0,9,15,4,28,12,0,12,40
11/15/2015,ROW,NM,ASW,WE,Combined TRACON& Tower with Radar,0,7,5,0,12,0,1,6,0,7,0,8,11,0,19,0,0,0,19
11/16/2015,ROW,NM,ASW,WE,Combined TRACON& Tower with Radar,2,12,2,14,30,0,2,0,1,3,2,14,2,15,33,0,0,0,33
11/17/2015,ROW,NM,ASW,WE,Combined TRACON& Tower with Radar,1,16,8,26,51,0,1,4,0,5,1,17,12,26,56,0,0,0,56
11/18/2015,ROW,NM,ASW,WE,Combined TRACON& Tower with Radar,1,19,5,14,39,0,2,3,6,11,1,21,8,20,50,0,10,10,60
11/19/2015,ROW,NM,ASW,WE,Combined TRACON& Tower with Radar,1,11,14,9,35,0,2,10,16,28,1,13,24,25,63,0,30,30,93
11/20/2015,ROW,NM,ASW,WE,Combined TRACON& Tower with Radar,0,14,20,17,51,0,5,9,1,15,0,19,29,18,66,0,14,14,80
11/21/2015,ROW,NM,ASW,WE,Combined TRACON& Tower with Radar,1,6,7,6,20,0,5,7,0,12,1,11,14,6,32,0,0,0,32
11/22/2015,ROW,NM,ASW,WE,Combined TRACON& Tower with Radar,0,5,11,2,18,0,0,6,0,6,0,5,17,2,24,4,0,4,28
11/23/2015,ROW,NM,ASW,WE,Combined TRACON& Tower with Radar,0,12,7,5,24,0,1,12,0,13,0,13,19,5,37,0,0,0,37
11/24/2015,ROW,NM,ASW,WE,Combined TRACON& Tower with Radar,2,13,10,6,31,0,0,7,0,7,2,13,17,6,38,0,10,10,48
11/25/2015,ROW,NM,ASW,WE,Combined TRACON& Tower with Radar,0,17,14,2,33,0,1,7,0,8,0,18,21,2,41,4,0,4,45
11/26/2015,ROW,NM,ASW,WE,Combined TRACON& Tower with Radar,0,5,1,0,6,0,0,2,0,2,0,5,3,0,8,0,0,0,8
11/27/2015,ROW,NM,ASW,WE,Combined TRACON& Tower with Radar,0,10,2,0,12,0,0,0,0,0,0,10,2,0,12,0,0,0,12
11/28/2015,ROW,NM,ASW,WE,Combined TRACON& Tower with Radar,0,17,12,0,29,0,0,0,0,0,0,17,12,0,29,0,0,0,29
11/29/2015,ROW,NM,ASW,WE,Combined TRACON& Tower with Radar,0,15,3,0,18,0,0,0,0,0,0,15,3,0,18,0,0,0,18
11/30/2015,ROW,NM,ASW,WE,Combined TRACON& Tower with Radar,2,15,13,18,48,0,3,4,0,7,2,18,17,18,55,0,0,0,55
12/01/2015,ROW,NM,ASW,WE,Combined TRACON& Tower with Radar,0,11,7,1,19,0,2,10,10,22,0,13,17,11,41,0,0,0,41
12/02/2015,ROW,NM,ASW,WE,Combined TRACON& Tower with Radar,0,11,8,35,54,0,1,11,3,15,0,12,19,38,69,0,18,18,87
12/03/2015,ROW,NM,ASW,WE,Combined TRACON& Tower with Radar,1,11,4,15,31,0,1,6,5,12,1,12,10,20,43,0,12,12,55
12/04/2015,ROW,NM,ASW,WE,Combined TRACON& Tower with Radar,1,10,4,2,17,0,1,3,0,4,1,11,7,2,21,0,0,0,21
12/05/2015,ROW,NM,ASW,WE,Combined TRACON& Tower with Radar,0,5,4,0,9,0,2,9,0,11,0,7,13,0,20,0,0,0,20
12/06/2015,ROW,NM,ASW,WE,Combined TRACON& Tower with Radar,2,4,6,12,24,0,1,8,3,12,2,5,14,15,36,8,10,18,54
12/07/2015,ROW,NM,ASW,WE,Combined TRACON& Tower with Radar,0,9,4,0,13,0,1,4,0,5,0,10,8,0,18,0,0,0,18
12/08/2015,ROW,NM,ASW,WE,Combined TRACON& Tower with Radar,0,14,7,10,31,0,5,4,5,14,0,19,11,15,45,0,38,38,83
12/09/2015,ROW,NM,ASW,WE,Combined TRACON& Tower with Radar,0,12,5,9,26,0,6,11,3,20,0,18,16,12,46,0,18,18,64
12/10/2015,ROW,NM,ASW,WE,Combined TRACON& Tower with Radar,2,12,20,33,67,0,9,10,1,20,2,21,30,34,87,4,32,36,123
12/11/2015,ROW,NM,ASW,WE,Combined TRACON& Tower with Radar,1,12,8,17,38,0,5,6,1,12,1,17,14,18,50,0,0,0,50
12/12/2015,ROW,NM,ASW,WE,Combined TRACON& Tower with Radar,0,10,4,2,16,0,6,1,0,7,0,16,5,2,23,0,0,0,23
12/13/2015,ROW,NM,ASW,WE,Combined TRACON& Tower with Radar,1,13,1,4,19,0,0,4,0,4,1,13,5,4,23,0,0,0,23
12/14/2015,ROW,NM,ASW,WE,Combined TRACON& Tower with Radar,1,8,3,4,16,0,4,7,0,11,1,12,10,4,27,0,0,0,27
12/15/2015,ROW,NM,ASW,WE,Combined TRACON& Tower with Radar,0,11,6,2,19,0,4,9,0,13,0,15,15,2,32,0,18,18,50
12/16/2015,ROW,NM,ASW,WE,Combined TRACON& Tower with Radar,0,15,12,22,49,0,7,5,4,16,0,22,17,26,65,0,46,46,111
12/17/2015,ROW,NM,ASW,WE,Combined TRACON& Tower with Radar,1,9,12,3,25,0,0,8,1,9,1,9,20,4,34,0,0,0,34
12/18/2015,ROW,NM,ASW,WE,Combined TRACON& Tower with Radar,0,12,17,6,35,0,5,11,0,16,0,17,28,6,51,0,8,8,59
12/19/2015,ROW,NM,ASW,WE,Combined TRACON& Tower with Radar,0,11,7,14,32,0,2,6,2,10,0,13,13,16,42,0,30,30,72
12/20/2015,ROW,NM,ASW,WE,Combined TRACON& Tower with Radar,1,9,7,0,17,0,0,2,0,2,1,9,9,0,19,0,0,0,19
12/21/2015,ROW,NM,ASW,WE,Combined TRACON& Tower with Radar,0,10,6,3,19,0,1,7,0,8,0,11,13,3,27,0,0,0,27
12/22/2015,ROW,NM,ASW,WE,Combined TRACON& Tower with Radar,0,11,6,14,31,0,5,7,0,12,0,16,13,14,43,0,0,0,43
12/23/2015,ROW,NM,ASW,WE,Combined TRACON& Tower with Radar,0,14,8,4,26,0,2,5,1,8,0,16,13,5,34,0,20,20,54
12/24/2015,ROW,NM,ASW,WE,Combined TRACON& Tower with Radar,0,15,8,0,23,0,3,11,0,14,0,18,19,0,37,8,0,8,45
12/25/2015,ROW,NM,ASW,WE,Combined TRACON& Tower with Radar,0,6,8,0,14,0,5,6,0,11,0,11,14,0,25,0,0,0,25
12/26/2015,ROW,NM,ASW,WE,Combined TRACON& Tower with Radar,0,9,0,0,9,0,2,3,0,5,0,11,3,0,14,0,0,0,14
12/27/2015,ROW,NM,ASW,WE,Combined TRACON& Tower with Radar,0,0,0,0,0,0,0,0,0,0,0,0,0,0,0,0,0,0,0
12/28/2015,ROW,NM,ASW,WE,Combined TRACON& Tower with Radar,0,0,0,0,0,0,0,0,0,0,0,0,0,0,0,0,0,0,0
12/29/2015,ROW,NM,ASW,WE,Combined TRACON& Tower with Radar,0,3,1,0,4,0,1,0,0,1,0,4,1,0,5,0,0,0,5
12/30/2015,ROW,NM,ASW,WE,Combined TRACON& Tower with Radar,0,0,6,0,6,0,0,0,0,0,0,0,6,0,6,0,0,0,6
12/31/2015,ROW,NM,ASW,WE,Combined TRACON& Tower with Radar,1,12,3,0,16,0,4,11,0,15,1,16,14,0,31,0,0,0,31
01/01/2016,ROW,NM,ASW,WE,Combined TRACON& Tower with Radar,0,13,4,2,19,0,0,0,0,0,0,13,4,2,19,0,0,0,19
01/02/2016,ROW,NM,ASW,WE,Combined TRACON& Tower with Radar,0,11,4,2,17,0,5,4,1,10,0,16,8,3,27,0,0,0,27
01/03/2016,ROW,NM,ASW,WE,Combined TRACON& Tower with Radar,0,6,6,0,12,0,1,9,0,10,0,7,15,0,22,0,0,0,22
01/04/2016,ROW,NM,ASW,WE,Combined TRACON& Tower with Radar,0,14,13,2,29,0,3,6,1,10,0,17,19,3,39,0,0,0,39
01/05/2016,ROW,NM,ASW,WE,Combined TRACON& Tower with Radar,3,13,5,6,27,0,0,0,0,0,3,13,5,6,27,0,0,0,27
01/06/2016,ROW,NM,ASW,WE,Combined TRACON& Tower with Radar,0,1,1,3,5,0,0,0,0,0,0,1,1,3,5,0,0,0,5
01/07/2016,ROW,NM,ASW,WE,Combined TRACON& Tower with Radar,0,16,6,30,52,0,11,4,15,30,0,27,10,45,82,0,44,44,126
01/08/2016,ROW,NM,ASW,WE,Combined TRACON& Tower with Radar,2,26,4,24,56,0,2,6,15,23,2,28,10,39,79,0,0,0,79
01/09/2016,ROW,NM,ASW,WE,Combined TRACON& Tower with Radar,1,8,3,12,24,0,0,0,55,55,1,8,3,67,79,0,90,90,169
01/10/2016,ROW,NM,ASW,WE,Combined TRACON& Tower with Radar,0,6,1,3,10,0,1,1,0,2,0,7,2,3,12,0,0,0,12
01/11/2016,ROW,NM,ASW,WE,Combined TRACON& Tower with Radar,1,9,10,41,61,0,3,9,116,128,1,12,19,157,189,0,220,220,409
01/12/2016,ROW,NM,ASW,WE,Combined TRACON& Tower with Radar,3,13,6,25,47,0,6,14,110,130,3,19,20,135,177,0,156,156,333
01/13/2016,ROW,NM,ASW,WE,Combined TRACON& Tower with Radar,4,12,8,21,45,0,5,12,222,239,4,17,20,243,284,0,156,156,440
01/14/2016,ROW,NM,ASW,WE,Combined TRACON& Tower with Radar,1,11,8,22,42,0,1,7,149,157,1,12,15,171,199,0,94,94,293
01/15/2016,ROW,NM,ASW,WE,Combined TRACON& Tower with Radar,0,15,8,48,71,0,1,13,96,110,0,16,21,144,181,0,52,52,233
01/16/2016,ROW,NM,ASW,WE,Combined TRACON& Tower with Radar,0,11,3,22,36,0,4,10,92,106,0,15,13,114,142,0,322,322,464
01/17/2016,ROW,NM,ASW,WE,Combined TRACON& Tower with Radar,0,11,6,0,17,0,4,3,0,7,0,15,9,0,24,0,0,0,24
01/18/2016,ROW,NM,ASW,WE,Combined TRACON& Tower with Radar,1,11,6,4,22,0,7,14,66,87,1,18,20,70,109,0,154,154,263
01/19/2016,ROW,NM,ASW,WE,Combined TRACON& Tower with Radar,2,13,6,33,54,0,3,16,80,99,2,16,22,113,153,2,212,214,367
01/20/2016,ROW,NM,ASW,WE,Combined TRACON& Tower with Radar,1,13,9,10,33,0,2,30,200,232,1,15,39,210,265,12,74,86,351
01/21/2016,ROW,NM,ASW,WE,Combined TRACON& Tower with Radar,1,18,14,28,61,0,2,14,104,120,1,20,28,132,181,0,208,208,389
01/22/2016,ROW,NM,ASW,WE,Combined TRACON& Tower with Radar,0,11,5,21,37,0,3,10,113,126,0,14,15,134,163,0,234,234,397
01/23/2016,ROW,NM,ASW,WE,Combined TRACON& Tower with Radar,2,5,0,9,16,0,5,13,62,80,2,10,13,71,96,0,132,132,228
01/24/2016,ROW,NM,ASW,WE,Combined TRACON& Tower with Radar,2,9,0,0,11,0,1,4,0,5,2,10,4,0,16,0,0,0,16
01/25/2016,ROW,NM,ASW,WE,Combined TRACON& Tower with Radar,0,12,3,26,41,0,0,13,106,119,0,12,16,132,160,4,144,148,308
01/26/2016,ROW,NM,ASW,WE,Combined TRACON& Tower with Radar,0,17,2,6,25,0,0,2,0,2,0,17,4,6,27,0,0,0,27
01/27/2016,ROW,NM,ASW,WE,Combined TRACON& Tower with Radar,1,14,7,24,46,0,1,26,84,111,1,15,33,108,157,1,67,68,225
01/28/2016,ROW,NM,ASW,WE,Combined TRACON& Tower with Radar,0,12,17,39,68,0,2,18,80,100,0,14,35,119,168,0,166,166,334
01/29/2016,ROW,NM,ASW,WE,Combined TRACON& Tower with Radar,0,14,6,19,39,0,4,36,89,129,0,18,42,108,168,1,204,205,373
01/30/2016,ROW,NM,ASW,WE,Combined TRACON& Tower with Radar,2,14,5,10,31,0,5,35,51,91,2,19,40,61,122,0,84,84,206
01/31/2016,ROW,NM,ASW,WE,Combined TRACON& Tower with Radar,4,6,4,14,28,0,3,14,21,38,4,9,18,35,66,8,20,28,94
02/01/2016,ROW,NM,ASW,WE,Combined TRACON& Tower with Radar,1,9,5,2,17,0,0,11,20,31,1,9,16,22,48,0,28,28,76
02/02/2016,ROW,NM,ASW,WE,Combined TRACON& Tower with Radar,1,16,2,44,63,0,1,24,75,100,1,17,26,119,163,0,60,60,223
02/03/2016,ROW,NM,ASW,WE,Combined TRACON& Tower with Radar,4,12,15,23,54,0,4,27,82,113,4,16,42,105,167,4,86,90,257
02/04/2016,ROW,NM,ASW,WE,Combined TRACON& Tower with Radar,1,15,8,24,48,0,1,31,76,108,1,16,39,100,156,1,82,83,239
02/05/2016,ROW,NM,ASW,WE,Combined TRACON& Tower with Radar,1,10,9,36,56,0,6,16,96,118,1,16,25,132,174,0,148,148,322
02/06/2016,ROW,NM,ASW,WE,Combined TRACON& Tower with Radar,3,7,5,4,19,0,6,12,79,97,3,13,17,83,116,10,114,124,240
02/07/2016,ROW,NM,ASW,WE,Combined TRACON& Tower with Radar,0,5,1,6,12,0,1,5,20,26,0,6,6,26,38,0,72,72,110
02/08/2016,ROW,NM,ASW,WE,Combined TRACON& Tower with Radar,0,9,11,29,49,0,5,15,99,119,0,14,26,128,168,0,74,74,242
02/09/2016,ROW,NM,ASW,WE,Combined TRACON& Tower with Radar,0,11,19,22,52,0,1,17,108,126,0,12,36,130,178,0,120,120,298
02/10/2016,ROW,NM,ASW,WE,Combined TRACON& Tower with Radar,0,14,9,44,67,0,2,25,95,122,0,16,34,139,189,0,134,134,323
02/11/2016,ROW,NM,ASW,WE,Combined TRACON& Tower with Radar,0,15,8,39,62,0,2,25,84,111,0,17,33,123,173,2,90,92,265
02/12/2016,ROW,NM,ASW,WE,Combined TRACON& Tower with Radar,2,16,10,21,49,0,4,33,100,137,2,20,43,121,186,8,104,112,298
02/13/2016,ROW,NM,ASW,WE,Combined TRACON& Tower with Radar,0,4,2,21,27,0,2,22,77,101,0,6,24,98,128,0,108,108,236
02/14/2016,ROW,NM,ASW,WE,Combined TRACON& Tower with Radar,2,3,6,5,16,0,2,10,26,38,2,5,16,31,54,14,68,82,136
02/15/2016,ROW,NM,ASW,WE,Combined TRACON& Tower with Radar,0,8,4,4,16,0,0,19,67,86,0,8,23,71,102,0,46,46,148
02/16/2016,ROW,NM,ASW,WE,Combined TRACON& Tower with Radar,4,14,9,15,42,0,1,11,77,89,4,15,20,92,131,0,122,122,253
02/17/2016,ROW,NM,ASW,WE,Combined TRACON& Tower with Radar,1,17,6,23,47,0,0,15,107,122,1,17,21,130,169,0,354,354,523
02/18/2016,ROW,NM,ASW,WE,Combined TRACON& Tower with Radar,0,14,10,33,57,0,4,33,107,144,0,18,43,140,201,0,200,200,401
02/19/2016,ROW,NM,ASW,WE,Combined TRACON& Tower with Radar,0,13,7,24,44,0,6,29,82,117,0,19,36,106,161,2,158,160,321
02/20/2016,ROW,NM,ASW,WE,Combined TRACON& Tower with Radar,1,7,1,19,28,0,6,28,69,103,1,13,29,88,131,0,90,90,221
02/21/2016,ROW,NM,ASW,WE,Combined TRACON& Tower with Radar,0,9,5,13,27,0,5,13,8,26,0,14,18,21,53,12,22,34,87
02/22/2016,ROW,NM,ASW,WE,Combined TRACON& Tower with Radar,0,9,3,12,24,0,1,18,25,44,0,10,21,37,68,0,126,126,194
02/23/2016,ROW,NM,ASW,WE,Combined TRACON& Tower with Radar,4,15,6,4,29,0,0,2,0,2,4,15,8,4,31,0,26,26,57
02/24/2016,ROW,NM,ASW,WE,Combined TRACON& Tower with Radar,0,9,5,16,30,0,5,37,80,122,0,14,42,96,152,0,66,66,218
02/25/2016,ROW,NM,ASW,WE,Combined TRACON& Tower with Radar,0,12,9,36,57,0,2,31,85,118,0,14,40,121,175,0,56,56,231
02/26/2016,ROW,NM,ASW,WE,Combined TRACON& Tower with Radar,1,15,2,22,40,0,2,35,90,127,1,17,37,112,167,1,90,91,258
02/27/2016,ROW,NM,ASW,WE,Combined TRACON& Tower with Radar,3,8,4,7,22,0,5,33,71,109,3,13,37,78,131,0,44,44,175
02/28/2016,ROW,NM,ASW,WE,Combined TRACON& Tower with Radar,0,7,5,11,23,0,4,17,33,54,0,11,22,44,77,0,4,4,81
02/29/2016,ROW,NM,ASW,WE,Combined TRACON& Tower with Radar,2,9,5,22,38,0,3,19,81,103,2,12,24,103,141,0,96,96,237
03/01/2016,ROW,NM,ASW,WE,Combined TRACON& Tower with Radar,0,12,5,27,44,0,1,26,65,92,0,13,31,92,136,0,66,66,202
03/02/2016,ROW,NM,ASW,WE,Combined TRACON& Tower with Radar,0,11,11,28,50,0,4,21,83,108,0,15,32,111,158,0,110,110,268
03/03/2016,ROW,NM,ASW,WE,Combined TRACON& Tower with Radar,0,13,14,20,47,0,7,13,69,89,0,20,27,89,136,0,48,48,184
03/04/2016,ROW,NM,ASW,WE,Combined TRACON& Tower with Radar,5,13,3,29,50,0,2,8,4,14,5,15,11,33,64,12,6,18,82
03/05/2016,ROW,NM,ASW,WE,Combined TRACON& Tower with Radar,1,6,5,4,16,0,4,9,0,13,1,10,14,4,29,0,0,0,29
03/06/2016,ROW,NM,ASW,WE,Combined TRACON& Tower with Radar,1,9,2,10,22,0,2,1,2,5,1,11,3,12,27,0,0,0,27
03/07/2016,ROW,NM,ASW,WE,Combined TRACON& Tower with Radar,0,8,7,8,23,0,4,2,4,10,0,12,9,12,33,0,0,0,33
03/08/2016,ROW,NM,ASW,WE,Combined TRACON& Tower with Radar,0,14,5,15,34,0,5,11,0,16,0,19,16,15,50,0,0,0,50
03/09/2016,ROW,NM,ASW,WE,Combined TRACON& Tower with Radar,1,11,5,0,17,0,3,7,0,10,1,14,12,0,27,0,0,0,27
03/10/2016,ROW,NM,ASW,WE,Combined TRACON& Tower with Radar,0,14,9,16,39,0,0,9,6,15,0,14,18,22,54,1,0,1,55
03/11/2016,ROW,NM,ASW,WE,Combined TRACON& Tower with Radar,2,16,4,20,42,0,2,13,15,30,2,18,17,35,72,6,0,6,78
03/12/2016,ROW,NM,ASW,WE,Combined TRACON& Tower with Radar,2,8,6,0,16,0,1,7,0,8,2,9,13,0,24,0,0,0,24
03/13/2016,ROW,NM,ASW,WE,Combined TRACON& Tower with Radar,2,8,8,0,18,0,3,5,0,8,2,11,13,0,26,6,0,6,32
03/14/2016,ROW,NM,ASW,WE,Combined TRACON& Tower with Radar,0,14,8,8,30,0,4,8,0,12,0,18,16,8,42,0,0,0,42
03/15/2016,ROW,NM,ASW,WE,Combined TRACON& Tower with Radar,2,11,8,4,25,0,5,9,4,18,2,16,17,8,43,0,0,0,43
03/16/2016,ROW,NM,ASW,WE,Combined TRACON& Tower with Radar,0,12,11,10,33,0,2,15,0,17,0,14,26,10,50,0,0,0,50
03/17/2016,ROW,NM,ASW,WE,Combined TRACON& Tower with Radar,0,12,4,2,18,0,9,12,0,21,0,21,16,2,39,0,8,8,47
03/18/2016,ROW,NM,ASW,WE,Combined TRACON& Tower with Radar,0,14,8,4,26,0,4,4,13,21,0,18,12,17,47,0,32,32,79
03/19/2016,ROW,NM,ASW,WE,Combined TRACON& Tower with Radar,0,8,3,1,12,0,13,23,0,36,0,21,26,1,48,128,0,128,176
03/20/2016,ROW,NM,ASW,WE,Combined TRACON& Tower with Radar,1,7,0,0,8,0,2,3,0,5,1,9,3,0,13,0,0,0,13
03/21/2016,ROW,NM,ASW,WE,Combined TRACON& Tower with Radar,0,11,9,5,25,0,5,5,3,13,0,16,14,8,38,0,24,24,62
03/22/2016,ROW,NM,ASW,WE,Combined TRACON& Tower with Radar,3,11,18,0,32,0,7,11,14,32,3,18,29,14,64,50,18,68,132
03/23/2016,ROW,NM,ASW,WE,Combined TRACON& Tower with Radar,1,12,2,1,16,0,3,2,3,8,1,15,4,4,24,36,4,40,64
03/24/2016,ROW,NM,ASW,WE,Combined TRACON& Tower with Radar,0,17,8,7,32,0,20,9,5,34,0,37,17,12,66,12,24,36,102
03/25/2016,ROW,NM,ASW,WE,Combined TRACON& Tower with Radar,2,16,13,13,44,0,6,19,6,31,2,22,32,19,75,22,12,34,109
03/26/2016,ROW,NM,ASW,WE,Combined TRACON& Tower with Radar,0,6,7,0,13,0,5,4,1,10,0,11,11,1,23,0,0,0,23
03/27/2016,ROW,NM,ASW,WE,Combined TRACON& Tower with Radar,0,12,4,0,16,0,3,8,0,11,0,15,12,0,27,0,0,0,27
03/28/2016,ROW,NM,ASW,WE,Combined TRACON& Tower with Radar,1,12,3,4,20,0,6,10,0,16,1,18,13,4,36,58,0,58,94
03/29/2016,ROW,NM,ASW,WE,Combined TRACON& Tower with Radar,1,11,2,6,20,0,4,10,0,14,1,15,12,6,34,0,6,6,40
03/30/2016,ROW,NM,ASW,WE,Combined TRACON& Tower with Radar,0,11,5,9,25,0,2,3,0,5,0,13,8,9,30,0,0,0,30
03/31/2016,ROW,NM,ASW,WE,Combined TRACON& Tower with Radar,0,13,7,2,22,0,7,9,0,16,0,20,16,2,38,0,0,0,38
04/01/2016,ROW,NM,ASW,WE,Combined TRACON& Tower with Radar,3,18,13,4,38,0,1,1,0,2,3,19,14,4,40,0,0,0,40
04/02/2016,ROW,NM,ASW,WE,Combined TRACON& Tower with Radar,2,7,6,0,15,0,10,17,0,27,2,17,23,0,42,16,0,16,58
04/03/2016,ROW,NM,ASW,WE,Combined TRACON& Tower with Radar,0,10,6,8,24,0,4,14,0,18,0,14,20,8,42,8,0,8,50
04/04/2016,ROW,NM,ASW,WE,Combined TRACON& Tower with Radar,0,17,6,6,29,0,6,11,0,17,0,23,17,6,46,0,0,0,46
04/05/2016,ROW,NM,ASW,WE,Combined TRACON& Tower with Radar,1,14,6,2,23,0,7,16,3,26,1,21,22,5,49,0,0,0,49
04/06/2016,ROW,NM,ASW,WE,Combined TRACON& Tower with Radar,1,10,4,8,23,0,26,7,2,35,1,36,11,10,58,25,4,29,87
04/07/2016,ROW,NM,ASW,WE,Combined TRACON& Tower with Radar,0,13,14,10,37,0,10,20,1,31,0,23,34,11,68,14,0,14,82
04/08/2016,ROW,NM,ASW,WE,Combined TRACON& Tower with Radar,0,14,12,9,35,0,6,6,0,12,0,20,18,9,47,14,0,14,61
04/09/2016,ROW,NM,ASW,WE,Combined TRACON& Tower with Radar,1,7,3,8,19,0,14,14,1,29,1,21,17,9,48,10,6,16,64
04/10/2016,ROW,NM,ASW,WE,Combined TRACON& Tower with Radar,0,8,0,6,14,0,1,7,0,8,0,9,7,6,22,14,0,14,36
04/11/2016,ROW,NM,ASW,WE,Combined TRACON& Tower with Radar,0,9,5,10,24,0,2,17,0,19,0,11,22,10,43,26,0,26,69
04/12/2016,ROW,NM,ASW,WE,Combined TRACON& Tower with Radar,1,14,9,5,29,0,2,1,0,3,1,16,10,5,32,0,0,0,32
04/13/2016,ROW,NM,ASW,WE,Combined TRACON& Tower with Radar,0,12,10,7,29,0,8,16,1,25,0,20,26,8,54,10,32,42,96
04/14/2016,ROW,NM,ASW,WE,Combined TRACON& Tower with Radar,0,12,9,7,28,0,3,11,6,20,0,15,20,13,48,32,10,42,90
04/15/2016,ROW,NM,ASW,WE,Combined TRACON& Tower with Radar,2,13,5,15,35,0,9,2,10,21,2,22,7,25,56,4,86,90,146
04/16/2016,ROW,NM,ASW,WE,Combined TRACON& Tower with Radar,3,6,4,4,17,0,2,8,0,10,3,8,12,4,27,0,0,0,27
04/17/2016,ROW,NM,ASW,WE,Combined TRACON& Tower with Radar,0,9,4,4,17,0,2,3,1,6,0,11,7,5,23,0,0,0,23
04/18/2016,ROW,NM,ASW,WE,Combined TRACON& Tower with Radar,0,20,4,10,34,0,28,6,6,40,0,48,10,16,74,0,36,36,110
04/19/2016,ROW,NM,ASW,WE,Combined TRACON& Tower with Radar,0,19,16,17,52,0,9,6,1,16,0,28,22,18,68,40,0,40,108
04/20/2016,ROW,NM,ASW,WE,Combined TRACON& Tower with Radar,1,13,17,33,64,0,8,9,2,19,1,21,26,35,83,14,46,60,143
04/21/2016,ROW,NM,ASW,WE,Combined TRACON& Tower with Radar,1,16,10,15,42,0,5,7,2,14,1,21,17,17,56,18,0,18,74
04/22/2016,ROW,NM,ASW,WE,Combined TRACON& Tower with Radar,1,11,15,2,29,0,23,7,12,42,1,34,22,14,71,26,30,56,127
04/23/2016,ROW,NM,ASW,WE,Combined TRACON& Tower with Radar,2,8,4,0,14,0,17,10,0,27,2,25,14,0,41,28,0,28,69
04/24/2016,ROW,NM,ASW,WE,Combined TRACON& Tower with Radar,0,9,5,0,14,0,20,20,0,40,0,29,25,0,54,26,0,26,80
04/25/2016,ROW,NM,ASW,WE,Combined TRACON& Tower with Radar,0,9,2,6,17,0,14,11,2,27,0,23,13,8,44,2,22,24,68
04/26/2016,ROW,NM,ASW,WE,Combined TRACON& Tower with Radar,0,15,8,12,35,0,7,13,2,22,0,22,21,14,57,2,12,14,71
04/27/2016,ROW,NM,ASW,WE,Combined TRACON& Tower with Radar,2,11,13,2,28,0,20,24,1,45,2,31,37,3,73,40,0,40,113
04/28/2016,ROW,NM,ASW,WE,Combined TRACON& Tower with Radar,0,13,8,4,25,0,20,9,0,29,0,33,17,4,54,0,0,0,54
04/29/2016,ROW,NM,ASW,WE,Combined TRACON& Tower with Radar,0,13,1,41,55,0,19,27,2,48,0,32,28,43,103,34,34,68,171
04/30/2016,ROW,NM,ASW,WE,Combined TRACON& Tower with Radar,2,6,8,10,26,0,8,47,4,59,2,14,55,14,85,101,34,135,220
05/01/2016,ROW,NM,ASW,WE,Combined TRACON& Tower with Radar,0,9,6,0,15,0,8,2,0,10,0,17,8,0,25,0,0,0,25
05/02/2016,ROW,NM,ASW,WE,Combined TRACON& Tower with Radar,0,13,8,11,32,0,16,3,1,20,0,29,11,12,52,30,0,30,82
05/03/2016,ROW,NM,ASW,WE,Combined TRACON& Tower with Radar,2,11,4,17,34,0,3,13,0,16,2,14,17,17,50,4,46,50,100
05/04/2016,ROW,NM,ASW,WE,Combined TRACON& Tower with Radar,1,9,5,7,22,0,5,11,1,17,1,14,16,8,39,34,0,34,73
05/05/2016,ROW,NM,ASW,WE,Combined TRACON& Tower with Radar,2,15,6,14,37,0,5,8,1,14,2,20,14,15,51,10,78,88,139
05/06/2016,ROW,NM,ASW,WE,Combined TRACON& Tower with Radar,0,12,11,9,32,0,13,17,4,34,0,25,28,13,66,30,0,30,96
05/07/2016,ROW,NM,ASW,WE,Combined TRACON& Tower with Radar,1,11,5,0,17,0,8,3,2,13,1,19,8,2,30,0,0,0,30
05/08/2016,ROW,NM,ASW,WE,Combined TRACON& Tower with Radar,0,7,6,0,13,0,2,0,0,2,0,9,6,0,15,0,0,0,15
05/09/2016,ROW,NM,ASW,WE,Combined TRACON& Tower with Radar,1,10,8,9,28,0,2,7,1,10,1,12,15,10,38,0,0,0,38
05/10/2016,ROW,NM,ASW,WE,Combined TRACON& Tower with Radar,0,11,9,20,40,0,5,21,4,30,0,16,30,24,70,40,26,66,136
05/11/2016,ROW,NM,ASW,WE,Combined TRACON& Tower with Radar,0,14,18,18,50,0,15,26,0,41,0,29,44,18,91,14,0,14,105
05/12/2016,ROW,NM,ASW,WE,Combined TRACON& Tower with Radar,2,14,14,10,40,0,5,14,0,19,2,19,28,10,59,20,0,20,79
05/13/2016,ROW,NM,ASW,WE,Combined TRACON& Tower with Radar,1,13,10,20,44,0,2,16,0,18,1,15,26,20,62,0,28,28,90
05/14/2016,ROW,NM,ASW,WE,Combined TRACON& Tower with Radar,0,9,1,2,12,0,6,2,0,8,0,15,3,2,20,4,0,4,24
05/15/2016,ROW,NM,ASW,WE,Combined TRACON& Tower with Radar,0,12,13,0,25,0,4,1,0,5,0,16,14,0,30,0,0,0,30
05/16/2016,ROW,NM,ASW,WE,Combined TRACON& Tower with Radar,0,13,5,10,28,0,3,10,2,15,0,16,15,12,43,0,24,24,67
05/17/2016,ROW,NM,ASW,WE,Combined TRACON& Tower with Radar,3,19,11,16,49,0,0,2,0,2,3,19,13,16,51,0,0,0,51
05/18/2016,ROW,NM,ASW,WE,Combined TRACON& Tower with Radar,0,14,7,3,24,0,0,0,0,0,0,14,7,3,24,0,0,0,24
05/19/2016,ROW,NM,ASW,WE,Combined TRACON& Tower with Radar,0,16,9,14,39,0,0,4,0,4,0,16,13,14,43,0,28,28,71
05/20/2016,ROW,NM,ASW,WE,Combined TRACON& Tower with Radar,2,15,17,36,70,0,8,12,0,20,2,23,29,36,90,24,20,44,134
05/21/2016,ROW,NM,ASW,WE,Combined TRACON& Tower with Radar,0,14,19,1,34,0,2,20,0,22,0,16,39,1,56,12,0,12,68
05/22/2016,ROW,NM,ASW,WE,Combined TRACON& Tower with Radar,1,7,5,1,14,0,1,16,0,17,1,8,21,1,31,0,12,12,43
05/23/2016,ROW,NM,ASW,WE,Combined TRACON& Tower with Radar,1,12,11,11,35,0,3,5,11,19,1,15,16,22,54,0,60,60,114
05/24/2016,ROW,NM,ASW,WE,Combined TRACON& Tower with Radar,0,11,13,4,28,0,2,25,8,35,0,13,38,12,63,2,8,10,73
05/25/2016,ROW,NM,ASW,WE,Combined TRACON& Tower with Radar,0,13,9,15,37,0,2,8,0,10,0,15,17,15,47,0,10,10,57
05/26/2016,ROW,NM,ASW,WE,Combined TRACON& Tower with Radar,0,16,14,17,47,0,5,10,0,15,0,21,24,17,62,0,0,0,62
05/27/2016,ROW,NM,ASW,WE,Combined TRACON& Tower with Radar,0,13,7,0,20,0,6,11,0,17,0,19,18,0,37,0,0,0,37
05/28/2016,ROW,NM,ASW,WE,Combined TRACON& Tower with Radar,0,7,4,0,11,0,8,13,0,21,0,15,17,0,32,14,0,14,46
05/29/2016,ROW,NM,ASW,WE,Combined TRACON& Tower with Radar,1,11,1,0,13,0,2,1,0,3,1,13,2,0,16,0,0,0,16
05/30/2016,ROW,NM,ASW,WE,Combined TRACON& Tower with Radar,0,10,12,0,22,0,5,9,0,14,0,15,21,0,36,0,0,0,36
05/31/2016,ROW,NM,ASW,WE,Combined TRACON& Tower with Radar,0,9,6,25,40,0,3,6,2,11,0,12,12,27,51,4,22,26,77
06/01/2016,ROW,NM,ASW,WE,Combined TRACON& Tower with Radar,1,9,5,13,28,0,3,1,4,8,1,12,6,17,36,0,46,46,82
06/02/2016,ROW,NM,ASW,WE,Combined TRACON& Tower with Radar,1,14,11,21,47,0,4,5,2,11,1,18,16,23,58,0,38,38,96
06/03/2016,ROW,NM,ASW,WE,Combined TRACON& Tower with Radar,0,18,5,40,63,0,0,10,0,10,0,18,15,40,73,4,48,52,125
06/04/2016,ROW,NM,ASW,WE,Combined TRACON& Tower with Radar,1,8,8,5,22,0,6,12,0,18,1,14,20,5,40,0,0,0,40
06/05/2016,ROW,NM,ASW,WE,Combined TRACON& Tower with Radar,0,8,4,8,20,0,1,4,2,7,0,9,8,10,27,0,0,0,27
06/06/2016,ROW,NM,ASW,WE,Combined TRACON& Tower with Radar,0,14,4,2,20,0,2,5,0,7,0,16,9,2,27,0,34,34,61
06/07/2016,ROW,NM,ASW,WE,Combined TRACON& Tower with Radar,0,17,7,12,36,0,1,10,5,16,0,18,17,17,52,0,0,0,52
06/08/2016,ROW,NM,ASW,WE,Combined TRACON& Tower with Radar,1,11,9,1,22,0,1,9,3,13,1,12,18,4,35,0,0,0,35
06/09/2016,ROW,NM,ASW,WE,Combined TRACON& Tower with Radar,3,14,10,16,43,0,4,2,2,8,3,18,12,18,51,0,30,30,81
06/10/2016,ROW,NM,ASW,WE,Combined TRACON& Tower with Radar,0,15,5,30,50,0,8,5,1,14,0,23,10,31,64,0,42,42,106
06/11/2016,ROW,NM,ASW,WE,Combined TRACON& Tower with Radar,0,10,1,1,12,0,5,4,0,9,0,15,5,1,21,0,0,0,21
06/12/2016,ROW,NM,ASW,WE,Combined TRACON& Tower with Radar,0,7,4,0,11,0,6,6,1,13,0,13,10,1,24,6,0,6,30
06/13/2016,ROW,NM,ASW,WE,Combined TRACON& Tower with Radar,0,9,6,14,29,0,1,11,4,16,0,10,17,18,45,10,0,10,55
06/14/2016,ROW,NM,ASW,WE,Combined TRACON& Tower with Radar,0,14,2,18,34,3,5,16,3,27,3,19,18,21,61,0,34,34,95
06/15/2016,ROW,NM,ASW,WE,Combined TRACON& Tower with Radar,1,12,12,15,40,0,4,16,1,21,1,16,28,16,61,4,0,4,65
06/16/2016,ROW,NM,ASW,WE,Combined TRACON& Tower with Radar,0,13,10,7,30,1,6,23,19,49,1,19,33,26,79,0,0,0,79
06/17/2016,ROW,NM,ASW,WE,Combined TRACON& Tower with Radar,0,14,10,9,33,0,8,5,0,13,0,22,15,9,46,0,0,0,46
06/18/2016,ROW,NM,ASW,WE,Combined TRACON& Tower with Radar,0,7,5,9,21,0,8,11,0,19,0,15,16,9,40,0,0,0,40
06/19/2016,ROW,NM,ASW,WE,Combined TRACON& Tower with Radar,1,9,2,0,12,0,1,4,0,5,1,10,6,0,17,0,0,0,17
06/20/2016,ROW,NM,ASW,WE,Combined TRACON& Tower with Radar,0,11,4,17,32,0,2,10,2,14,0,13,14,19,46,0,26,26,72
06/21/2016,ROW,NM,ASW,WE,Combined TRACON& Tower with Radar,1,15,5,18,39,0,4,12,0,16,1,19,17,18,55,0,58,58,113
06/22/2016,ROW,NM,ASW,WE,Combined TRACON& Tower with Radar,0,11,10,6,27,0,8,10,3,21,0,19,20,9,48,0,0,0,48
06/23/2016,ROW,NM,ASW,WE,Combined TRACON& Tower with Radar,0,13,5,3,21,0,4,10,12,26,0,17,15,15,47,0,16,16,63
06/24/2016,ROW,NM,ASW,WE,Combined TRACON& Tower with Radar,1,12,11,2,26,0,14,11,1,26,1,26,22,3,52,0,0,0,52
06/25/2016,ROW,NM,ASW,WE,Combined TRACON& Tower with Radar,0,9,0,0,9,0,7,4,0,11,0,16,4,0,20,0,0,0,20
06/26/2016,ROW,NM,ASW,WE,Combined TRACON& Tower with Radar,0,9,0,0,9,0,4,2,0,6,0,13,2,0,15,0,0,0,15
06/27/2016,ROW,NM,ASW,WE,Combined TRACON& Tower with Radar,0,12,1,9,22,0,4,3,8,15,0,16,4,17,37,0,0,0,37
06/28/2016,ROW,NM,ASW,WE,Combined TRACON& Tower with Radar,0,14,8,2,24,0,8,7,1,16,0,22,15,3,40,8,6,14,54
06/29/2016,ROW,NM,ASW,WE,Combined TRACON& Tower with Radar,0,10,8,32,50,0,8,3,4,15,0,18,11,36,65,0,54,54,119
06/30/2016,ROW,NM,ASW,WE,Combined TRACON& Tower with Radar,1,14,14,21,50,0,5,9,2,16,1,19,23,23,66,8,72,80,146
07/01/2016,ROW,NM,ASW,WE,Combined TRACON& Tower with Radar,3,15,3,13,34,0,4,9,2,15,3,19,12,15,49,12,0,12,61
07/02/2016,ROW,NM,ASW,WE,Combined TRACON& Tower with Radar,0,7,1,0,8,0,7,4,0,11,0,14,5,0,19,6,0,6,25
07/03/2016,ROW,NM,ASW,WE,Combined TRACON& Tower with Radar,1,5,3,0,9,0,3,2,0,5,1,8,5,0,14,6,0,6,20
07/04/2016,ROW,NM,ASW,WE,Combined TRACON& Tower with Radar,1,10,6,0,17,0,2,5,0,7,1,12,11,0,24,0,0,0,24
07/05/2016,ROW,NM,ASW,WE,Combined TRACON& Tower with Radar,2,15,7,10,34,0,0,12,0,12,2,15,19,10,46,16,2,18,64
07/06/2016,ROW,NM,ASW,WE,Combined TRACON& Tower with Radar,0,13,19,17,49,0,0,7,4,11,0,13,26,21,60,0,0,0,60
07/07/2016,ROW,NM,ASW,WE,Combined TRACON& Tower with Radar,1,13,9,20,43,0,1,9,3,13,1,14,18,23,56,0,28,28,84
07/08/2016,ROW,NM,ASW,WE,Combined TRACON& Tower with Radar,0,15,5,20,40,0,0,13,0,13,0,15,18,20,53,0,14,14,67
07/09/2016,ROW,NM,ASW,WE,Combined TRACON& Tower with Radar,0,9,14,0,23,0,5,13,0,18,0,14,27,0,41,0,0,0,41
07/10/2016,ROW,NM,ASW,WE,Combined TRACON& Tower with Radar,0,9,4,0,13,0,3,5,0,8,0,12,9,0,21,0,0,0,21
07/11/2016,ROW,NM,ASW,WE,Combined TRACON& Tower with Radar,0,10,2,40,52,0,5,6,0,11,0,15,8,40,63,0,20,20,83
07/12/2016,ROW,NM,ASW,WE,Combined TRACON& Tower with Radar,0,14,3,39,56,0,2,17,4,23,0,16,20,43,79,12,0,12,91
07/13/2016,ROW,NM,ASW,WE,Combined TRACON& Tower with Radar,0,25,10,31,66,0,6,19,3,28,0,31,29,34,94,0,36,36,130
07/14/2016,ROW,NM,ASW,WE,Combined TRACON& Tower with Radar,1,15,7,41,64,0,12,7,2,21,1,27,14,43,85,0,44,44,129
07/15/2016,ROW,NM,ASW,WE,Combined TRACON& Tower with Radar,1,13,7,34,55,0,4,12,0,16,1,17,19,34,71,0,22,22,93
07/16/2016,ROW,NM,ASW,WE,Combined TRACON& Tower with Radar,1,8,4,0,13,0,6,12,0,18,1,14,16,0,31,0,0,0,31
07/17/2016,ROW,NM,ASW,WE,Combined TRACON& Tower with Radar,0,9,0,2,11,0,0,5,0,5,0,9,5,2,16,0,0,0,16
07/18/2016,ROW,NM,ASW,WE,Combined TRACON& Tower with Radar,0,9,4,52,65,1,1,14,0,16,1,10,18,52,81,0,22,22,103
07/19/2016,ROW,NM,ASW,WE,Combined TRACON& Tower with Radar,1,16,7,10,34,0,6,9,4,19,1,22,16,14,53,0,0,0,53
07/20/2016,ROW,NM,ASW,WE,Combined TRACON& Tower with Radar,0,19,8,34,61,0,9,16,3,28,0,28,24,37,89,0,10,10,99
07/21/2016,ROW,NM,ASW,WE,Combined TRACON& Tower with Radar,0,14,8,23,45,0,1,5,5,11,0,15,13,28,56,0,0,0,56
07/22/2016,ROW,NM,ASW,WE,Combined TRACON& Tower with Radar,0,17,7,36,60,0,2,7,3,12,0,19,14,39,72,0,30,30,102
07/23/2016,ROW,NM,ASW,WE,Combined TRACON& Tower with Radar,0,9,3,0,12,0,8,5,0,13,0,17,8,0,25,6,0,6,31
07/24/2016,ROW,NM,ASW,WE,Combined TRACON& Tower with Radar,0,7,15,0,22,0,5,40,0,45,0,12,55,0,67,0,0,0,67
07/25/2016,ROW,NM,ASW,WE,Combined TRACON& Tower with Radar,0,9,8,45,62,0,8,37,9,54,0,17,45,54,116,0,50,50,166
07/26/2016,ROW,NM,ASW,WE,Combined TRACON& Tower with Radar,0,18,7,25,50,0,13,11,5,29,0,31,18,30,79,0,4,4,83
07/27/2016,ROW,NM,ASW,WE,Combined TRACON& Tower with Radar,0,20,10,43,73,0,8,14,8,30,0,28,24,51,103,0,4,4,107
07/28/2016,ROW,NM,ASW,WE,Combined TRACON& Tower with Radar,0,17,12,23,52,0,8,8,0,16,0,25,20,23,68,0,2,2,70
07/29/2016,ROW,NM,ASW,WE,Combined TRACON& Tower with Radar,0,15,6,0,21,0,9,3,0,12,0,24,9,0,33,0,0,0,33
07/30/2016,ROW,NM,ASW,WE,Combined TRACON& Tower with Radar,0,12,4,0,16,0,6,7,0,13,0,18,11,0,29,0,0,0,29
07/31/2016,ROW,NM,ASW,WE,Combined TRACON& Tower with Radar,0,8,2,0,10,0,4,6,0,10,0,12,8,0,20,0,0,0,20
08/01/2016,ROW,NM,ASW,WE,Combined TRACON& Tower with Radar,0,11,10,7,28,0,2,6,5,13,0,13,16,12,41,0,14,14,55
08/02/2016,ROW,NM,ASW,WE,Combined TRACON& Tower with Radar,1,15,10,6,32,0,2,16,1,19,1,17,26,7,51,0,0,0,51
08/03/2016,ROW,NM,ASW,WE,Combined TRACON& Tower with Radar,0,12,11,34,57,0,6,2,1,9,0,18,13,35,66,0,12,12,78
08/04/2016,ROW,NM,ASW,WE,Combined TRACON& Tower with Radar,0,13,3,25,41,0,5,14,2,21,0,18,17,27,62,0,42,42,104
08/05/2016,ROW,NM,ASW,WE,Combined TRACON& Tower with Radar,0,14,7,2,23,0,11,17,8,36,0,25,24,10,59,0,0,0,59
08/06/2016,ROW,NM,ASW,WE,Combined TRACON& Tower with Radar,0,7,2,0,9,0,8,8,0,16,0,15,10,0,25,0,0,0,25
08/07/2016,ROW,NM,ASW,WE,Combined TRACON& Tower with Radar,0,7,4,4,15,0,1,7,0,8,0,8,11,4,23,6,18,24,47
08/08/2016,ROW,NM,ASW,WE,Combined TRACON& Tower with Radar,1,12,11,4,28,0,0,5,0,5,1,12,16,4,33,0,4,4,37
08/09/2016,ROW,NM,ASW,WE,Combined TRACON& Tower with Radar,0,11,6,5,22,0,6,5,1,12,0,17,11,6,34,0,0,0,34
08/10/2016,ROW,NM,ASW,WE,Combined TRACON& Tower with Radar,3,13,9,3,28,0,3,6,7,16,3,16,15,10,44,0,36,36,80
08/11/2016,ROW,NM,ASW,WE,Combined TRACON& Tower with Radar,0,16,9,6,31,0,1,4,0,5,0,17,13,6,36,0,0,0,36
08/12/2016,ROW,NM,ASW,WE,Combined TRACON& Tower with Radar,1,10,3,21,35,0,5,4,5,14,1,15,7,26,49,0,17,17,66
08/13/2016,ROW,NM,ASW,WE,Combined TRACON& Tower with Radar,1,10,1,0,12,0,5,1,1,7,1,15,2,1,19,0,0,0,19
08/14/2016,ROW,NM,ASW,WE,Combined TRACON& Tower with Radar,2,7,4,1,14,0,1,9,0,10,2,8,13,1,24,0,0,0,24
08/15/2016,ROW,NM,ASW,WE,Combined TRACON& Tower with Radar,0,12,9,43,64,0,1,8,3,12,0,13,17,46,76,0,24,24,100
08/16/2016,ROW,NM,ASW,WE,Combined TRACON& Tower with Radar,3,15,14,17,49,0,2,11,1,14,3,17,25,18,63,0,26,26,89
08/17/2016,ROW,NM,ASW,WE,Combined TRACON& Tower with Radar,0,9,6,12,27,0,10,11,2,23,0,19,17,14,50,0,0,0,50
08/18/2016,ROW,NM,ASW,WE,Combined TRACON& Tower with Radar,0,12,17,15,44,0,7,6,2,15,0,19,23,17,59,10,0,10,69
08/19/2016,ROW,NM,ASW,WE,Combined TRACON& Tower with Radar,1,12,9,29,51,0,7,15,0,22,1,19,24,29,73,0,46,46,119
08/20/2016,ROW,NM,ASW,WE,Combined TRACON& Tower with Radar,0,16,2,17,35,0,25,3,11,39,0,41,5,28,74,0,0,0,74
08/21/2016,ROW,NM,ASW,WE,Combined TRACON& Tower with Radar,1,12,5,8,26,0,0,6,1,7,1,12,11,9,33,0,0,0,33
08/22/2016,ROW,NM,ASW,WE,Combined TRACON& Tower with Radar,0,16,10,13,39,0,7,5,4,16,0,23,15,17,55,0,68,68,123
08/23/2016,ROW,NM,ASW,WE,Combined TRACON& Tower with Radar,20,21,10,9,60,0,7,9,0,16,20,28,19,9,76,0,94,94,170
08/24/2016,ROW,NM,ASW,WE,Combined TRACON& Tower with Radar,1,14,16,40,71,0,7,8,2,17,1,21,24,42,88,0,186,186,274
08/25/2016,ROW,NM,ASW,WE,Combined TRACON& Tower with Radar,0,19,11,2,32,0,2,2,6,10,0,21,13,8,42,1,54,55,97
08/26/2016,ROW,NM,ASW,WE,Combined TRACON& Tower with Radar,1,23,6,10,40,0,8,7,5,20,1,31,13,15,60,0,162,162,222
08/27/2016,ROW,NM,ASW,WE,Combined TRACON& Tower with Radar,4,14,8,1,27,0,3,15,3,21,4,17,23,4,48,2,0,2,50
08/28/2016,ROW,NM,ASW,WE,Combined TRACON& Tower with Radar,0,12,10,1,23,0,1,5,0,6,0,13,15,1,29,0,0,0,29
08/29/2016,ROW,NM,ASW,WE,Combined TRACON& Tower with Radar,0,11,4,4,19,0,0,5,7,12,0,11,9,11,31,0,0,0,31
08/30/2016,ROW,NM,ASW,WE,Combined TRACON& Tower with Radar,0,19,7,6,32,0,0,1,0,1,0,19,8,6,33,0,0,0,33
08/31/2016,ROW,NM,ASW,WE,Combined TRACON& Tower with Radar,1,18,10,9,38,0,0,4,0,4,1,18,14,9,42,0,0,0,42
09/01/2016,ROW,NM,ASW,WE,Combined TRACON& Tower with Radar,0,21,16,14,51,0,3,9,0,12,0,24,25,14,63,0,36,36,99
09/02/2016,ROW,NM,ASW,WE,Combined TRACON& Tower with Radar,0,21,12,6,39,0,0,7,0,7,0,21,19,6,46,0,126,126,172
09/03/2016,ROW,NM,ASW,WE,Combined TRACON& Tower with Radar,1,15,8,0,24,0,0,6,0,6,1,15,14,0,30,0,0,0,30
09/04/2016,ROW,NM,ASW,WE,Combined TRACON& Tower with Radar,1,8,7,0,16,0,2,2,0,4,1,10,9,0,20,0,0,0,20
09/05/2016,ROW,NM,ASW,WE,Combined TRACON& Tower with Radar,0,12,1,6,19,0,7,12,0,19,0,19,13,6,38,0,0,0,38
09/06/2016,ROW,NM,ASW,WE,Combined TRACON& Tower with Radar,1,13,10,2,26,0,0,6,0,6,1,13,16,2,32,0,0,0,32
09/07/2016,ROW,NM,ASW,WE,Combined TRACON& Tower with Radar,0,13,11,10,34,0,3,1,0,4,0,16,12,10,38,0,8,8,46
09/08/2016,ROW,NM,ASW,WE,Combined TRACON& Tower with Radar,2,19,4,2,27,0,6,4,4,14,2,25,8,6,41,0,76,76,117
09/09/2016,ROW,NM,ASW,WE,Combined TRACON& Tower with Radar,4,11,5,8,28,0,2,16,6,24,4,13,21,14,52,8,6,14,66
09/10/2016,ROW,NM,ASW,WE,Combined TRACON& Tower with Radar,0,14,1,0,15,0,1,3,0,4,0,15,4,0,19,0,0,0,19
09/11/2016,ROW,NM,ASW,WE,Combined TRACON& Tower with Radar,1,8,1,2,12,0,4,2,0,6,1,12,3,2,18,0,0,0,18
09/12/2016,ROW,NM,ASW,WE,Combined TRACON& Tower with Radar,0,12,4,1,17,0,3,6,1,10,0,15,10,2,27,0,0,0,27
09/13/2016,ROW,NM,ASW,WE,Combined TRACON& Tower with Radar,1,13,6,18,38,0,0,9,2,11,1,13,15,20,49,0,6,6,55
09/14/2016,ROW,NM,ASW,WE,Combined TRACON& Tower with Radar,0,14,12,8,34,0,2,14,1,17,0,16,26,9,51,0,22,22,73
09/15/2016,ROW,NM,ASW,WE,Combined TRACON& Tower with Radar,1,15,6,19,41,0,6,7,4,17,1,21,13,23,58,11,0,11,69
09/16/2016,ROW,NM,ASW,WE,Combined TRACON& Tower with Radar,0,17,8,8,33,0,1,10,0,11,0,18,18,8,44,0,100,100,144
09/17/2016,ROW,NM,ASW,WE,Combined TRACON& Tower with Radar,2,11,4,0,17,0,1,2,0,3,2,12,6,0,20,0,0,0,20
09/18/2016,ROW,NM,ASW,WE,Combined TRACON& Tower with Radar,1,7,7,3,18,0,5,13,0,18,1,12,20,3,36,0,0,0,36
09/19/2016,ROW,NM,ASW,WE,Combined TRACON& Tower with Radar,0,12,15,13,40,0,0,11,0,11,0,12,26,13,51,0,0,0,51
09/20/2016,ROW,NM,ASW,WE,Combined TRACON& Tower with Radar,3,15,3,0,21,0,1,10,1,12,3,16,13,1,33,0,10,10,43
09/21/2016,ROW,NM,ASW,WE,Combined TRACON& Tower with Radar,0,12,7,15,34,0,5,8,0,13,0,17,15,15,47,0,46,46,93
09/22/2016,ROW,NM,ASW,WE,Combined TRACON& Tower with Radar,0,14,10,11,35,0,2,6,2,10,0,16,16,13,45,0,112,112,157
09/23/2016,ROW,NM,ASW,WE,Combined TRACON& Tower with Radar,0,13,8,31,52,0,5,3,1,9,0,18,11,32,61,0,102,102,163
09/24/2016,ROW,NM,ASW,WE,Combined TRACON& Tower with Radar,0,11,4,2,17,0,2,17,0,19,0,13,21,2,36,0,0,0,36
09/25/2016,ROW,NM,ASW,WE,Combined TRACON& Tower with Radar,0,12,10,9,31,0,0,4,0,4,0,12,14,9,35,0,0,0,35
09/26/2016,ROW,NM,ASW,WE,Combined TRACON& Tower with Radar,0,12,6,0,18,0,0,2,2,4,0,12,8,2,22,0,70,70,92
09/27/2016,ROW,NM,ASW,WE,Combined TRACON& Tower with Radar,1,17,10,14,42,0,1,3,2,6,1,18,13,16,48,42,158,200,248
09/28/2016,ROW,NM,ASW,WE,Combined TRACON& Tower with Radar,0,16,13,9,38,0,1,11,3,15,0,17,24,12,53,0,118,118,171
09/29/2016,ROW,NM,ASW,WE,Combined TRACON& Tower with Radar,1,15,4,14,34,0,5,15,2,22,1,20,19,16,56,0,46,46,102
09/30/2016,ROW,NM,ASW,WE,Combined TRACON& Tower with Radar,0,17,12,2,31,0,0,8,0,8,0,17,20,2,39,0,52,52,91
10/01/2016,ROW,NM,ASW,WE,Combined TRACON& Tower with Radar,0,9,12,10,31,0,5,13,0,18,0,14,25,10,49,8,14,22,71
10/02/2016,ROW,NM,ASW,WE,Combined TRACON& Tower with Radar,0,7,10,0,17,0,2,10,0,12,0,9,20,0,29,0,0,0,29
10/03/2016,ROW,NM,ASW,WE,Combined TRACON& Tower with Radar,0,12,2,7,21,0,1,6,1,8,0,13,8,8,29,36,0,36,65
10/04/2016,ROW,NM,ASW,WE,Combined TRACON& Tower with Radar,0,16,6,15,37,0,10,8,2,20,0,26,14,17,57,0,146,146,203
10/05/2016,ROW,NM,ASW,WE,Combined TRACON& Tower with Radar,1,11,10,2,24,0,2,14,7,23,1,13,24,9,47,0,172,172,219
10/06/2016,ROW,NM,ASW,WE,Combined TRACON& Tower with Radar,0,17,9,6,32,0,3,11,0,14,0,20,20,6,46,0,118,118,164
10/07/2016,ROW,NM,ASW,WE,Combined TRACON& Tower with Radar,3,17,12,13,45,0,3,20,2,25,3,20,32,15,70,0,36,36,106
10/08/2016,ROW,NM,ASW,WE,Combined TRACON& Tower with Radar,1,15,16,5,37,0,1,5,2,8,1,16,21,7,45,4,0,4,49
10/09/2016,ROW,NM,ASW,WE,Combined TRACON& Tower with Radar,0,9,5,0,14,0,0,0,0,0,0,9,5,0,14,0,0,0,14
10/10/2016,ROW,NM,ASW,WE,Combined TRACON& Tower with Radar,0,16,8,0,24,0,0,8,8,16,0,16,16,8,40,8,96,104,144
10/11/2016,ROW,NM,ASW,WE,Combined TRACON& Tower with Radar,0,16,15,4,35,0,7,6,3,16,0,23,21,7,51,0,88,88,139
10/12/2016,ROW,NM,ASW,WE,Combined TRACON& Tower with Radar,0,12,9,19,40,0,6,5,8,19,0,18,14,27,59,0,80,80,139
10/13/2016,ROW,NM,ASW,WE,Combined TRACON& Tower with Radar,1,17,5,8,31,0,4,0,0,4,1,21,5,8,35,0,14,14,49
10/14/2016,ROW,NM,ASW,WE,Combined TRACON& Tower with Radar,1,12,2,6,21,0,6,3,4,13,1,18,5,10,34,0,20,20,54
10/15/2016,ROW,NM,ASW,WE,Combined TRACON& Tower with Radar,0,9,3,0,12,0,7,7,0,14,0,16,10,0,26,12,0,12,38
10/16/2016,ROW,NM,ASW,WE,Combined TRACON& Tower with Radar,0,9,7,0,16,0,8,11,1,20,0,17,18,1,36,6,0,6,42
10/17/2016,ROW,NM,ASW,WE,Combined TRACON& Tower with Radar,0,12,4,9,25,0,5,9,2,16,0,17,13,11,41,0,0,0,41
10/18/2016,ROW,NM,ASW,WE,Combined TRACON& Tower with Radar,1,13,9,2,25,0,4,14,2,20,1,17,23,4,45,6,1,7,52
10/19/2016,ROW,NM,ASW,WE,Combined TRACON& Tower with Radar,2,12,10,16,40,0,7,9,1,17,2,19,19,17,57,0,2,2,59
10/20/2016,ROW,NM,ASW,WE,Combined TRACON& Tower with Radar,1,11,11,10,33,0,6,7,0,13,1,17,18,10,46,0,4,4,50
10/21/2016,ROW,NM,ASW,WE,Combined TRACON& Tower with Radar,0,16,2,4,22,0,5,6,1,12,0,21,8,5,34,2,8,10,44
10/22/2016,ROW,NM,ASW,WE,Combined TRACON& Tower with Radar,0,11,2,2,15,0,2,4,8,14,0,13,6,10,29,0,0,0,29
10/23/2016,ROW,NM,ASW,WE,Combined TRACON& Tower with Radar,0,8,8,0,16,0,3,20,0,23,0,11,28,0,39,0,0,0,39
10/24/2016,ROW,NM,ASW,WE,Combined TRACON& Tower with Radar,0,12,10,2,24,0,7,4,0,11,0,19,14,2,35,0,18,18,53
10/25/2016,ROW,NM,ASW,WE,Combined TRACON& Tower with Radar,1,13,12,22,48,0,0,14,2,16,1,13,26,24,64,0,0,0,64
10/26/2016,ROW,NM,ASW,WE,Combined TRACON& Tower with Radar,1,15,9,8,33,0,3,14,1,18,1,18,23,9,51,6,4,10,61
10/27/2016,ROW,NM,ASW,WE,Combined TRACON& Tower with Radar,0,13,11,16,40,0,5,5,6,16,0,18,16,22,56,4,8,12,68
10/28/2016,ROW,NM,ASW,WE,Combined TRACON& Tower with Radar,0,17,6,12,35,0,7,3,0,10,0,24,9,12,45,10,4,14,59
10/29/2016,ROW,NM,ASW,WE,Combined TRACON& Tower with Radar,2,12,1,0,15,0,5,3,0,8,2,17,4,0,23,0,0,0,23
10/30/2016,ROW,NM,ASW,WE,Combined TRACON& Tower with Radar,0,7,2,0,9,0,5,12,0,17,0,12,14,0,26,10,0,10,36
10/31/2016,ROW,NM,ASW,WE,Combined TRACON& Tower with Radar,1,9,3,8,21,0,5,3,1,9,1,14,6,9,30,0,0,0,30
11/01/2016,ROW,NM,ASW,WE,Combined TRACON& Tower with Radar,1,16,17,10,44,0,4,7,5,16,1,20,24,15,60,1,14,15,75
11/02/2016,ROW,NM,ASW,WE,Combined TRACON& Tower with Radar,0,10,7,11,28,0,3,4,1,8,0,13,11,12,36,0,8,8,44
11/03/2016,ROW,NM,ASW,WE,Combined TRACON& Tower with Radar,0,23,12,4,39,0,0,2,0,2,0,23,14,4,41,2,0,2,43
11/04/2016,ROW,NM,ASW,WE,Combined TRACON& Tower with Radar,0,15,7,6,28,0,2,2,0,4,0,17,9,6,32,0,8,8,40
11/05/2016,ROW,NM,ASW,WE,Combined TRACON& Tower with Radar,0,13,4,0,17,0,0,0,0,0,0,13,4,0,17,0,0,0,17
11/06/2016,ROW,NM,ASW,WE,Combined TRACON& Tower with Radar,1,11,4,2,18,0,0,13,0,13,1,11,17,2,31,0,0,0,31
11/07/2016,ROW,NM,ASW,WE,Combined TRACON& Tower with Radar,0,12,3,21,36,0,0,9,1,10,0,12,12,22,46,0,50,50,96
11/08/2016,ROW,NM,ASW,WE,Combined TRACON& Tower with Radar,0,18,4,11,33,0,8,20,0,28,0,26,24,11,61,6,60,66,127
11/09/2016,ROW,NM,ASW,WE,Combined TRACON& Tower with Radar,0,13,10,3,26,0,3,1,2,6,0,16,11,5,32,0,0,0,32
11/10/2016,ROW,NM,ASW,WE,Combined TRACON& Tower with Radar,0,15,12,0,27,0,6,11,6,23,0,21,23,6,50,2,12,14,64
11/11/2016,ROW,NM,ASW,WE,Combined TRACON& Tower with Radar,1,21,6,0,28,0,3,21,0,24,1,24,27,0,52,0,1,1,53
11/12/2016,ROW,NM,ASW,WE,Combined TRACON& Tower with Radar,5,17,5,1,28,0,5,11,0,16,5,22,16,1,44,0,0,0,44
11/13/2016,ROW,NM,ASW,WE,Combined TRACON& Tower with Radar,4,8,2,1,15,0,4,19,0,23,4,12,21,1,38,0,0,0,38
11/14/2016,ROW,NM,ASW,WE,Combined TRACON& Tower with Radar,0,10,4,10,24,0,7,7,22,36,0,17,11,32,60,2,92,94,154
11/15/2016,ROW,NM,ASW,WE,Combined TRACON& Tower with Radar,2,11,7,12,32,0,6,14,12,32,2,17,21,24,64,0,116,116,180
11/16/2016,ROW,NM,ASW,WE,Combined TRACON& Tower with Radar,1,15,4,0,20,0,11,12,10,33,1,26,16,10,53,2,111,113,166
11/17/2016,ROW,NM,ASW,WE,Combined TRACON& Tower with Radar,1,16,8,1,26,0,0,2,6,8,1,16,10,7,34,0,28,28,62
11/18/2016,ROW,NM,ASW,WE,Combined TRACON& Tower with Radar,0,14,19,0,33,0,1,9,13,23,0,15,28,13,56,8,90,98,154
11/19/2016,ROW,NM,ASW,WE,Combined TRACON& Tower with Radar,0,9,4,4,17,1,1,8,0,10,1,10,12,4,27,0,0,0,27
11/20/2016,ROW,NM,ASW,WE,Combined TRACON& Tower with Radar,0,8,6,3,17,0,1,11,1,13,0,9,17,4,30,0,0,0,30
11/21/2016,ROW,NM,ASW,WE,Combined TRACON& Tower with Radar,0,11,16,2,29,0,4,9,15,28,0,15,25,17,57,0,0,0,57
11/22/2016,ROW,NM,ASW,WE,Combined TRACON& Tower with Radar,5,13,14,24,56,0,3,17,7,27,5,16,31,31,83,0,64,64,147
11/23/2016,ROW,NM,ASW,WE,Combined TRACON& Tower with Radar,0,19,23,4,46,0,2,10,6,18,0,21,33,10,64,0,8,8,72
11/24/2016,ROW,NM,ASW,WE,Combined TRACON& Tower with Radar,0,4,0,1,5,0,1,12,0,13,0,5,12,1,18,0,0,0,18
11/25/2016,ROW,NM,ASW,WE,Combined TRACON& Tower with Radar,4,14,0,0,18,0,2,15,0,17,4,16,15,0,35,36,16,52,87
11/26/2016,ROW,NM,ASW,WE,Combined TRACON& Tower with Radar,1,19,11,0,31,0,0,18,0,18,1,19,29,0,49,22,0,22,71
11/27/2016,ROW,NM,ASW,WE,Combined TRACON& Tower with Radar,0,14,4,0,18,0,2,13,0,15,0,16,17,0,33,0,0,0,33
11/28/2016,ROW,NM,ASW,WE,Combined TRACON& Tower with Radar,0,13,5,0,18,0,2,9,4,15,0,15,14,4,33,2,4,6,39
11/29/2016,ROW,NM,ASW,WE,Combined TRACON& Tower with Radar,0,12,4,0,16,0,3,7,2,12,0,15,11,2,28,1,0,1,29
11/30/2016,ROW,NM,ASW,WE,Combined TRACON& Tower with Radar,2,13,7,4,26,0,2,17,6,25,2,15,24,10,51,28,20,48,99
12/01/2016,ROW,NM,ASW,WE,Combined TRACON& Tower with Radar,1,14,7,23,45,0,4,17,1,22,1,18,24,24,67,0,42,42,109
12/02/2016,ROW,NM,ASW,WE,Combined TRACON& Tower with Radar,0,23,6,13,42,0,0,8,0,8,0,23,14,13,50,0,8,8,58
12/03/2016,ROW,NM,ASW,WE,Combined TRACON& Tower with Radar,2,12,8,0,22,0,0,0,0,0,2,12,8,0,22,0,0,0,22
12/04/2016,ROW,NM,ASW,WE,Combined TRACON& Tower with Radar,2,6,6,0,14,0,2,6,0,8,2,8,12,0,22,0,0,0,22
12/05/2016,ROW,NM,ASW,WE,Combined TRACON& Tower with Radar,0,15,9,2,26,0,4,8,0,12,0,19,17,2,38,0,0,0,38
12/06/2016,ROW,NM,ASW,WE,Combined TRACON& Tower with Radar,0,15,14,5,34,0,2,14,4,20,0,17,28,9,54,0,8,8,62
12/07/2016,ROW,NM,ASW,WE,Combined TRACON& Tower with Radar,1,20,11,10,42,0,1,5,15,21,1,21,16,25,63,0,26,26,89
12/08/2016,ROW,NM,ASW,WE,Combined TRACON& Tower with Radar,1,24,17,13,55,0,0,1,4,5,1,24,18,17,60,0,6,6,66
12/09/2016,ROW,NM,ASW,WE,Combined TRACON& Tower with Radar,0,19,1,8,28,0,1,1,0,2,0,20,2,8,30,0,0,0,30
12/10/2016,ROW,NM,ASW,WE,Combined TRACON& Tower with Radar,0,6,2,0,8,0,2,11,0,13,0,8,13,0,21,0,0,0,21
12/11/2016,ROW,NM,ASW,WE,Combined TRACON& Tower with Radar,4,7,4,4,19,0,2,8,0,10,4,9,12,4,29,0,0,0,29
12/12/2016,ROW,NM,ASW,WE,Combined TRACON& Tower with Radar,0,11,7,12,30,0,6,9,4,19,0,17,16,16,49,4,10,14,63
12/13/2016,ROW,NM,ASW,WE,Combined TRACON& Tower with Radar,0,11,7,33,51,0,7,4,4,15,0,18,11,37,66,0,40,40,106
12/14/2016,ROW,NM,ASW,WE,Combined TRACON& Tower with Radar,1,12,4,8,25,0,2,18,2,22,1,14,22,10,47,21,0,21,68
12/15/2016,ROW,NM,ASW,WE,Combined TRACON& Tower with Radar,1,17,11,16,45,0,2,7,1,10,1,19,18,17,55,0,0,0,55
12/16/2016,ROW,NM,ASW,WE,Combined TRACON& Tower with Radar,0,16,3,7,26,0,2,4,2,8,0,18,7,9,34,0,0,0,34
12/17/2016,ROW,NM,ASW,WE,Combined TRACON& Tower with Radar,0,16,1,2,19,0,1,1,0,2,0,17,2,2,21,0,0,0,21
12/18/2016,ROW,NM,ASW,WE,Combined TRACON& Tower with Radar,0,5,8,0,13,0,4,2,0,6,0,9,10,0,19,0,0,0,19
12/19/2016,ROW,NM,ASW,WE,Combined TRACON& Tower with Radar,1,11,8,12,32,0,2,8,0,10,1,13,16,12,42,0,0,0,42
12/20/2016,ROW,NM,ASW,WE,Combined TRACON& Tower with Radar,1,14,12,2,29,0,3,15,2,20,1,17,27,4,49,0,0,0,49
12/21/2016,ROW,NM,ASW,WE,Combined TRACON& Tower with Radar,1,15,5,14,35,0,4,11,13,28,1,19,16,27,63,0,56,56,119
12/22/2016,ROW,NM,ASW,WE,Combined TRACON& Tower with Radar,1,16,5,4,26,0,1,5,15,21,1,17,10,19,47,0,12,12,59
12/23/2016,ROW,NM,ASW,WE,Combined TRACON& Tower with Radar,0,17,18,2,37,0,4,5,6,15,0,21,23,8,52,0,10,10,62
12/24/2016,ROW,NM,ASW,WE,Combined TRACON& Tower with Radar,0,14,1,0,15,0,2,2,0,4,0,16,3,0,19,0,0,0,19
12/25/2016,ROW,NM,ASW,WE,Combined TRACON& Tower with Radar,0,7,0,0,7,0,0,0,0,0,0,7,0,0,7,0,0,0,7
12/26/2016,ROW,NM,ASW,WE,Combined TRACON& Tower with Radar,0,8,5,0,13,0,3,5,1,9,0,11,10,1,22,2,0,2,24
12/27/2016,ROW,NM,ASW,WE,Combined TRACON& Tower with Radar,2,10,1,5,18,0,5,10,5,20,2,15,11,10,38,7,14,21,59
12/28/2016,ROW,NM,ASW,WE,Combined TRACON& Tower with Radar,0,16,5,0,21,0,4,6,5,15,0,20,11,5,36,0,10,10,46
12/29/2016,ROW,NM,ASW,WE,Combined TRACON& Tower with Radar,0,16,6,0,22,0,4,4,9,17,0,20,10,9,39,3,0,3,42
12/30/2016,ROW,NM,ASW,WE,Combined TRACON& Tower with Radar,0,18,4,0,22,0,3,5,10,18,0,21,9,10,40,0,0,0,40
12/31/2016,ROW,NM,ASW,WE,Combined TRACON& Tower with Radar,3,12,8,1,24,0,5,7,1,13,3,17,15,2,37,32,2,34,71
01/01/2017,ROW,NM,ASW,WE,Combined TRACON& Tower with Radar,0,9,3,0,12,0,0,6,0,6,0,9,9,0,18,0,0,0,18
01/02/2017,ROW,NM,ASW,WE,Combined TRACON& Tower with Radar,0,7,17,0,24,0,0,5,1,6,0,7,22,1,30,0,0,0,30
01/03/2017,ROW,NM,ASW,WE,Combined TRACON& Tower with Radar,0,17,7,2,26,0,2,11,0,13,0,19,18,2,39,20,8,28,67
01/04/2017,ROW,NM,ASW,WE,Combined TRACON& Tower with Radar,0,15,8,21,44,0,1,1,5,7,0,16,9,26,51,0,19,19,70
01/05/2017,ROW,NM,ASW,WE,Combined TRACON& Tower with Radar,1,19,6,5,31,0,0,3,1,4,1,19,9,6,35,0,0,0,35
01/06/2017,ROW,NM,ASW,WE,Combined TRACON& Tower with Radar,0,14,3,8,25,0,0,0,0,0,0,14,3,8,25,0,0,0,25
01/07/2017,ROW,NM,ASW,WE,Combined TRACON& Tower with Radar,1,16,3,0,20,0,5,0,4,9,1,21,3,4,29,0,0,0,29
01/08/2017,ROW,NM,ASW,WE,Combined TRACON& Tower with Radar,1,9,6,0,16,0,1,5,0,6,1,10,11,0,22,0,0,0,22
01/09/2017,ROW,NM,ASW,WE,Combined TRACON& Tower with Radar,1,10,1,23,35,0,1,11,9,21,1,11,12,32,56,0,36,36,92
01/10/2017,ROW,NM,ASW,WE,Combined TRACON& Tower with Radar,1,12,4,8,25,0,1,10,2,13,1,13,14,10,38,10,0,10,48
01/11/2017,ROW,NM,ASW,WE,Combined TRACON& Tower with Radar,0,13,12,20,45,0,4,0,9,13,0,17,12,29,58,6,0,6,64
01/12/2017,ROW,NM,ASW,WE,Combined TRACON& Tower with Radar,1,16,7,27,51,0,5,4,1,10,1,21,11,28,61,12,8,20,81
01/13/2017,ROW,NM,ASW,WE,Combined TRACON& Tower with Radar,0,15,11,1,27,0,1,11,0,12,0,16,22,1,39,0,0,0,39
01/14/2017,ROW,NM,ASW,WE,Combined TRACON& Tower with Radar,0,8,5,0,13,0,0,0,0,0,0,8,5,0,13,0,0,0,13
01/15/2017,ROW,NM,ASW,WE,Combined TRACON& Tower with Radar,1,8,1,0,10,0,0,0,0,0,1,8,1,0,10,0,0,0,10
01/16/2017,ROW,NM,ASW,WE,Combined TRACON& Tower with Radar,0,12,12,4,28,0,6,5,2,13,0,18,17,6,41,0,0,0,41
01/17/2017,ROW,NM,ASW,WE,Combined TRACON& Tower with Radar,2,16,8,11,37,0,4,0,2,6,2,20,8,13,43,0,94,94,137
01/18/2017,ROW,NM,ASW,WE,Combined TRACON& Tower with Radar,1,22,4,28,55,0,1,3,8,12,1,23,7,36,67,0,54,54,121
01/19/2017,ROW,NM,ASW,WE,Combined TRACON& Tower with Radar,0,14,8,25,47,0,2,49,0,51,0,16,57,25,98,2,74,76,174
01/20/2017,ROW,NM,ASW,WE,Combined TRACON& Tower with Radar,0,19,13,24,56,0,3,30,4,37,0,22,43,28,93,0,62,62,155
01/21/2017,ROW,NM,ASW,WE,Combined TRACON& Tower with Radar,1,14,3,0,18,0,1,1,0,2,1,15,4,0,20,2,0,2,22
01/22/2017,ROW,NM,ASW,WE,Combined TRACON& Tower with Radar,1,8,5,0,14,0,1,6,0,7,1,9,11,0,21,1,0,1,22
01/23/2017,ROW,NM,ASW,WE,Combined TRACON& Tower with Radar,0,12,5,4,21,0,4,4,4,12,0,16,9,8,33,0,0,0,33
01/24/2017,ROW,NM,ASW,WE,Combined TRACON& Tower with Radar,0,16,4,0,20,0,4,3,1,8,0,20,7,1,28,0,46,46,74
01/25/2017,ROW,NM,ASW,WE,Combined TRACON& Tower with Radar,0,16,5,6,27,0,4,9,12,25,0,20,14,18,52,0,107,107,159
01/26/2017,ROW,NM,ASW,WE,Combined TRACON& Tower with Radar,5,19,10,16,50,0,2,8,34,44,5,21,18,50,94,0,90,90,184
01/27/2017,ROW,NM,ASW,WE,Combined TRACON& Tower with Radar,1,13,24,12,50,0,1,15,2,18,1,14,39,14,68,10,102,112,180
01/28/2017,ROW,NM,ASW,WE,Combined TRACON& Tower with Radar,1,11,12,1,25,0,0,18,1,19,1,11,30,2,44,4,0,4,48
01/29/2017,ROW,NM,ASW,WE,Combined TRACON& Tower with Radar,0,7,6,26,39,0,0,9,2,11,0,7,15,28,50,36,0,36,86
01/30/2017,ROW,NM,ASW,WE,Combined TRACON& Tower with Radar,0,10,10,30,50,0,2,10,6,18,0,12,20,36,68,2,60,62,130
01/31/2017,ROW,NM,ASW,WE,Combined TRACON& Tower with Radar,0,14,7,7,28,0,1,8,0,9,0,15,15,7,37,0,202,202,239
02/01/2017,ROW,NM,ASW,WE,Combined TRACON& Tower with Radar,2,13,18,35,68,0,1,9,1,11,2,14,27,36,79,0,17,17,96
02/02/2017,ROW,NM,ASW,WE,Combined TRACON& Tower with Radar,0,14,18,22,54,0,0,4,8,12,0,14,22,30,66,2,106,108,174
02/03/2017,ROW,NM,ASW,WE,Combined TRACON& Tower with Radar,0,21,9,6,36,0,1,14,6,21,0,22,23,12,57,0,2,2,59
02/04/2017,ROW,NM,ASW,WE,Combined TRACON& Tower with Radar,0,15,3,5,23,0,5,12,0,17,0,20,15,5,40,9,0,9,49
02/05/2017,ROW,NM,ASW,WE,Combined TRACON& Tower with Radar,1,8,15,0,24,0,1,15,0,16,1,9,30,0,40,0,0,0,40
02/06/2017,ROW,NM,ASW,WE,Combined TRACON& Tower with Radar,1,13,10,15,39,0,1,12,6,19,1,14,22,21,58,32,16,48,106
02/07/2017,ROW,NM,ASW,WE,Combined TRACON& Tower with Radar,0,13,18,0,31,0,3,17,13,33,0,16,35,13,64,2,46,48,112
02/08/2017,ROW,NM,ASW,WE,Combined TRACON& Tower with Radar,0,12,14,13,39,0,4,10,18,32,0,16,24,31,71,0,44,44,115
02/09/2017,ROW,NM,ASW,WE,Combined TRACON& Tower with Radar,2,16,4,1,23,0,4,15,16,35,2,20,19,17,58,0,108,108,166
02/10/2017,ROW,NM,ASW,WE,Combined TRACON& Tower with Radar,1,14,16,13,44,0,8,9,8,25,1,22,25,21,69,0,38,38,107
02/11/2017,ROW,NM,ASW,WE,Combined TRACON& Tower with Radar,0,12,4,0,16,0,1,3,0,4,0,13,7,0,20,13,0,13,33
02/12/2017,ROW,NM,ASW,WE,Combined TRACON& Tower with Radar,3,12,6,0,21,10,0,1,0,11,13,12,7,0,32,27,30,57,89
02/13/2017,ROW,NM,ASW,WE,Combined TRACON& Tower with Radar,32,18,2,0,52,0,0,1,0,1,32,18,3,0,53,0,0,0,53
02/14/2017,ROW,NM,ASW,WE,Combined TRACON& Tower with Radar,3,19,8,7,37,0,4,4,14,22,3,23,12,21,59,0,14,14,73
02/15/2017,ROW,NM,ASW,WE,Combined TRACON& Tower with Radar,4,12,8,25,49,0,9,9,14,32,4,21,17,39,81,6,88,94,175
02/16/2017,ROW,NM,ASW,WE,Combined TRACON& Tower with Radar,7,13,7,14,41,0,6,5,10,21,7,19,12,24,62,0,106,106,168
02/17/2017,ROW,NM,ASW,WE,Combined TRACON& Tower with Radar,3,15,17,9,44,0,2,9,6,17,3,17,26,15,61,0,102,102,163
02/18/2017,ROW,NM,ASW,WE,Combined TRACON& Tower with Radar,3,8,5,0,16,0,6,6,5,17,3,14,11,5,33,2,2,4,37
02/19/2017,ROW,NM,ASW,WE,Combined TRACON& Tower with Radar,2,6,7,0,15,0,2,6,4,12,2,8,13,4,27,0,0,0,27
02/20/2017,ROW,NM,ASW,WE,Combined TRACON& Tower with Radar,2,10,10,2,24,0,5,6,0,11,2,15,16,2,35,0,10,10,45
02/21/2017,ROW,NM,ASW,WE,Combined TRACON& Tower with Radar,2,14,21,48,85,0,1,19,9,29,2,15,40,57,114,20,52,72,186
02/22/2017,ROW,NM,ASW,WE,Combined TRACON& Tower with Radar,3,14,11,27,55,0,2,33,12,47,3,16,44,39,102,10,54,64,166
02/23/2017,ROW,NM,ASW,WE,Combined TRACON& Tower with Radar,2,11,12,0,25,0,1,3,0,4,2,12,15,0,29,0,0,0,29
02/24/2017,ROW,NM,ASW,WE,Combined TRACON& Tower with Radar,2,13,16,2,33,0,5,13,6,24,2,18,29,8,57,8,8,16,73
02/25/2017,ROW,NM,ASW,WE,Combined TRACON& Tower with Radar,2,10,10,3,25,0,0,13,0,13,2,10,23,3,38,0,0,0,38
02/26/2017,ROW,NM,ASW,WE,Combined TRACON& Tower with Radar,4,5,13,0,22,0,2,11,0,13,4,7,24,0,35,1,0,1,36
02/27/2017,ROW,NM,ASW,WE,Combined TRACON& Tower with Radar,2,15,10,16,43,0,0,8,18,26,2,15,18,34,69,7,50,57,126
02/28/2017,ROW,NM,ASW,WE,Combined TRACON& Tower with Radar,4,16,4,2,26,0,0,0,1,1,4,16,4,3,27,0,0,0,27
03/01/2017,ROW,NM,ASW,WE,Combined TRACON& Tower with Radar,4,13,3,18,38,0,2,7,49,58,4,15,10,67,96,0,14,14,110
03/02/2017,ROW,NM,ASW,WE,Combined TRACON& Tower with Radar,2,12,8,29,51,0,10,7,7,24,2,22,15,36,75,0,46,46,121
03/03/2017,ROW,NM,ASW,WE,Combined TRACON& Tower with Radar,3,12,8,19,42,0,16,12,5,33,3,28,20,24,75,0,0,0,75
03/04/2017,ROW,NM,ASW,WE,Combined TRACON& Tower with Radar,3,7,4,0,14,0,5,13,0,18,3,12,17,0,32,10,0,10,42
03/05/2017,ROW,NM,ASW,WE,Combined TRACON& Tower with Radar,2,6,10,2,20,0,7,8,0,15,2,13,18,2,35,0,0,0,35
03/06/2017,ROW,NM,ASW,WE,Combined TRACON& Tower with Radar,2,11,3,6,22,0,0,4,3,7,2,11,7,9,29,0,6,6,35
03/07/2017,ROW,NM,ASW,WE,Combined TRACON& Tower with Radar,2,14,18,39,73,0,2,17,8,27,2,16,35,47,100,0,30,30,130
03/08/2017,ROW,NM,ASW,WE,Combined TRACON& Tower with Radar,2,12,14,5,33,0,1,14,10,25,2,13,28,15,58,0,6,6,64
03/09/2017,ROW,NM,ASW,WE,Combined TRACON& Tower with Radar,4,16,4,14,38,0,1,11,7,19,4,17,15,21,57,0,10,10,67
03/10/2017,ROW,NM,ASW,WE,Combined TRACON& Tower with Radar,3,20,14,31,68,0,3,11,6,20,3,23,25,37,88,0,8,8,96
03/11/2017,ROW,NM,ASW,WE,Combined TRACON& Tower with Radar,3,7,8,0,18,0,1,3,2,6,3,8,11,2,24,0,0,0,24
03/12/2017,ROW,NM,ASW,WE,Combined TRACON& Tower with Radar,2,8,3,0,13,0,3,9,0,12,2,11,12,0,25,14,0,14,39
03/13/2017,ROW,NM,ASW,WE,Combined TRACON& Tower with Radar,4,11,12,3,30,0,0,11,1,12,4,11,23,4,42,0,0,0,42
03/14/2017,ROW,NM,ASW,WE,Combined TRACON& Tower with Radar,2,11,7,19,39,0,2,7,1,10,2,13,14,20,49,0,6,6,55
03/15/2017,ROW,NM,ASW,WE,Combined TRACON& Tower with Radar,3,12,12,9,36,0,3,12,16,31,3,15,24,25,67,0,12,12,79
03/16/2017,ROW,NM,ASW,WE,Combined TRACON& Tower with Radar,3,21,17,4,45,0,3,7,1,11,3,24,24,5,56,0,0,0,56
03/17/2017,ROW,NM,ASW,WE,Combined TRACON& Tower with Radar,2,11,5,1,19,0,3,11,0,14,2,14,16,1,33,0,0,0,33
03/18/2017,ROW,NM,ASW,WE,Combined TRACON& Tower with Radar,2,7,1,0,10,0,3,12,0,15,2,10,13,0,25,0,0,0,25
03/19/2017,ROW,NM,ASW,WE,Combined TRACON& Tower with Radar,4,5,8,0,17,0,3,18,0,21,4,8,26,0,38,4,0,4,42
03/20/2017,ROW,NM,ASW,WE,Combined TRACON& Tower with Radar,2,8,11,19,40,0,0,3,1,4,2,8,14,20,44,0,0,0,44
03/21/2017,ROW,NM,ASW,WE,Combined TRACON& Tower with Radar,7,12,6,9,34,0,0,8,6,14,7,12,14,15,48,4,28,32,80
03/22/2017,ROW,NM,ASW,WE,Combined TRACON& Tower with Radar,2,15,7,11,35,0,2,12,0,14,2,17,19,11,49,5,0,5,54
03/23/2017,ROW,NM,ASW,WE,Combined TRACON& Tower with Radar,2,13,8,0,23,0,0,2,0,2,2,13,10,0,25,0,0,0,25
03/24/2017,ROW,NM,ASW,WE,Combined TRACON& Tower with Radar,2,20,4,12,38,0,2,1,1,4,2,22,5,13,42,0,0,0,42
03/25/2017,ROW,NM,ASW,WE,Combined TRACON& Tower with Radar,3,9,13,2,27,1,1,24,0,26,4,10,37,2,53,2,0,2,55
03/26/2017,ROW,NM,ASW,WE,Combined TRACON& Tower with Radar,2,6,1,20,29,0,3,13,0,16,2,9,14,20,45,22,0,22,67
03/27/2017,ROW,NM,ASW,WE,Combined TRACON& Tower with Radar,2,8,4,27,41,1,0,16,1,18,3,8,20,28,59,2,0,2,61
03/28/2017,ROW,NM,ASW,WE,Combined TRACON& Tower with Radar,4,17,7,59,87,3,2,9,4,18,7,19,16,63,105,0,18,18,123
03/29/2017,ROW,NM,ASW,WE,Combined TRACON& Tower with Radar,3,15,6,11,35,0,0,3,1,4,3,15,9,12,39,0,0,0,39
03/30/2017,ROW,NM,ASW,WE,Combined TRACON& Tower with Radar,3,13,8,36,60,0,4,21,4,29,3,17,29,40,89,0,52,52,141
03/31/2017,ROW,NM,ASW,WE,Combined TRACON& Tower with Radar,3,20,3,6,32,0,1,7,0,8,3,21,10,6,40,0,0,0,40
04/01/2017,ROW,NM,ASW,WE,Combined TRACON& Tower with Radar,5,8,9,1,23,0,0,2,2,4,5,8,11,3,27,0,0,0,27
04/02/2017,ROW,NM,ASW,WE,Combined TRACON& Tower with Radar,2,5,5,2,14,0,5,6,0,11,2,10,11,2,25,0,4,4,29
04/03/2017,ROW,NM,ASW,WE,Combined TRACON& Tower with Radar,2,9,7,34,52,0,3,4,5,12,2,12,11,39,64,0,0,0,64
04/04/2017,ROW,NM,ASW,WE,Combined TRACON& Tower with Radar,4,10,7,16,37,0,4,4,4,12,4,14,11,20,49,0,16,16,65
04/05/2017,ROW,NM,ASW,WE,Combined TRACON& Tower with Radar,5,13,6,22,46,0,10,9,3,22,5,23,15,25,68,0,0,0,68
04/06/2017,ROW,NM,ASW,WE,Combined TRACON& Tower with Radar,3,12,13,40,68,0,1,11,8,20,3,13,24,48,88,0,6,6,94
04/07/2017,ROW,NM,ASW,WE,Combined TRACON& Tower with Radar,4,8,3,16,31,0,2,5,0,7,4,10,8,16,38,0,20,20,58
04/08/2017,ROW,NM,ASW,WE,Combined TRACON& Tower with Radar,7,3,4,2,16,15,1,4,0,20,22,4,8,2,36,6,0,6,42
04/09/2017,ROW,NM,ASW,WE,Combined TRACON& Tower with Radar,5,3,0,2,10,16,0,7,0,23,21,3,7,2,33,15,0,15,48
04/10/2017,ROW,NM,ASW,WE,Combined TRACON& Tower with Radar,7,5,4,10,26,0,1,6,3,10,7,6,10,13,36,0,0,0,36
04/11/2017,ROW,NM,ASW,WE,Combined TRACON& Tower with Radar,6,11,6,13,36,0,0,21,18,39,6,11,27,31,75,10,66,76,151
04/12/2017,ROW,NM,ASW,WE,Combined TRACON& Tower with Radar,8,7,4,0,19,0,1,3,0,4,8,8,7,0,23,0,0,0,23
04/13/2017,ROW,NM,ASW,WE,Combined TRACON& Tower with Radar,17,12,20,27,76,2,4,3,3,12,19,16,23,30,88,0,38,38,126
04/14/2017,ROW,NM,ASW,WE,Combined TRACON& Tower with Radar,5,12,11,11,39,0,6,4,1,11,5,18,15,12,50,0,0,0,50
04/15/2017,ROW,NM,ASW,WE,Combined TRACON& Tower with Radar,16,6,1,0,23,7,2,13,0,22,23,8,14,0,45,6,0,6,51
04/16/2017,ROW,NM,ASW,WE,Combined TRACON& Tower with Radar,6,2,5,2,15,0,3,13,3,19,6,5,18,5,34,0,0,0,34
04/17/2017,ROW,NM,ASW,WE,Combined TRACON& Tower with Radar,5,6,6,25,42,0,5,9,8,22,5,11,15,33,64,8,14,22,86
04/18/2017,ROW,NM,ASW,WE,Combined TRACON& Tower with Radar,8,11,15,32,66,0,2,15,3,20,8,13,30,35,86,0,10,10,96
04/19/2017,ROW,NM,ASW,WE,Combined TRACON& Tower with Radar,5,9,17,13,44,0,3,7,0,10,5,12,24,13,54,0,0,0,54
04/20/2017,ROW,NM,ASW,WE,Combined TRACON& Tower with Radar,6,9,5,55,75,0,1,9,6,16,6,10,14,61,91,0,30,30,121
04/21/2017,ROW,NM,ASW,WE,Combined TRACON& Tower with Radar,6,8,6,16,36,0,3,8,2,13,6,11,14,18,49,0,22,22,71
04/22/2017,ROW,NM,ASW,WE,Combined TRACON& Tower with Radar,5,5,18,6,34,0,0,14,4,18,5,5,32,10,52,0,0,0,52
04/23/2017,ROW,NM,ASW,WE,Combined TRACON& Tower with Radar,5,7,3,36,51,0,0,8,5,13,5,7,11,41,64,0,0,0,64
04/24/2017,ROW,NM,ASW,WE,Combined TRACON& Tower with Radar,5,6,6,22,39,0,2,0,4,6,5,8,6,26,45,0,16,16,61
04/25/2017,ROW,NM,ASW,WE,Combined TRACON& Tower with Radar,5,10,7,18,40,0,3,10,0,13,5,13,17,18,53,0,46,46,99
04/26/2017,ROW,NM,ASW,WE,Combined TRACON& Tower with Radar,7,15,7,19,48,0,1,12,3,16,7,16,19,22,64,0,0,0,64
04/27/2017,ROW,NM,ASW,WE,Combined TRACON& Tower with Radar,5,11,5,13,34,0,2,1,0,3,5,13,6,13,37,0,0,0,37
04/28/2017,ROW,NM,ASW,WE,Combined TRACON& Tower with Radar,5,7,3,2,17,0,2,1,1,4,5,9,4,3,21,0,0,0,21
04/29/2017,ROW,NM,ASW,WE,Combined TRACON& Tower with Radar,6,11,0,4,21,0,0,0,2,2,6,11,0,6,23,0,0,0,23
04/30/2017,ROW,NM,ASW,WE,Combined TRACON& Tower with Radar,5,3,6,7,21,0,2,17,2,21,5,5,23,9,42,0,2,2,44
05/01/2017,ROW,NM,ASW,WE,Combined TRACON& Tower with Radar,10,11,6,13,40,0,0,2,3,5,10,11,8,16,45,4,0,4,49
05/02/2017,ROW,NM,ASW,WE,Combined TRACON& Tower with Radar,5,8,9,17,39,0,3,14,8,25,5,11,23,25,64,0,4,4,68
05/03/2017,ROW,NM,ASW,WE,Combined TRACON& Tower with Radar,5,9,6,13,33,0,4,10,9,23,5,13,16,22,56,0,22,22,78
05/04/2017,ROW,NM,ASW,WE,Combined TRACON& Tower with Radar,5,13,6,15,39,0,0,15,1,16,5,13,21,16,55,4,32,36,91
05/05/2017,ROW,NM,ASW,WE,Combined TRACON& Tower with Radar,6,10,4,7,27,0,2,6,0,8,6,12,10,7,35,0,0,0,35
05/06/2017,ROW,NM,ASW,WE,Combined TRACON& Tower with Radar,3,12,1,23,39,0,1,3,11,15,3,13,4,34,54,2,34,36,90
05/07/2017,ROW,NM,ASW,WE,Combined TRACON& Tower with Radar,2,6,8,0,16,0,0,16,0,16,2,6,24,0,32,0,0,0,32
05/08/2017,ROW,NM,ASW,WE,Combined TRACON& Tower with Radar,2,9,5,0,16,0,0,4,2,6,2,9,9,2,22,20,2,22,44
05/09/2017,ROW,NM,ASW,WE,Combined TRACON& Tower with Radar,3,12,12,0,27,0,1,9,0,10,3,13,21,0,37,12,0,12,49
05/10/2017,ROW,NM,ASW,WE,Combined TRACON& Tower with Radar,42,13,24,52,131,3,1,4,0,8,45,14,28,52,139,0,64,64,203
05/11/2017,ROW,NM,ASW,WE,Combined TRACON& Tower with Radar,33,12,9,11,65,0,5,7,2,14,33,17,16,13,79,2,4,6,85
05/12/2017,ROW,NM,ASW,WE,Combined TRACON& Tower with Radar,12,11,11,10,44,0,8,11,16,35,12,19,22,26,79,0,22,22,101
05/13/2017,ROW,NM,ASW,WE,Combined TRACON& Tower with Radar,6,7,2,0,15,0,6,3,1,10,6,13,5,1,25,0,0,0,25
05/14/2017,ROW,NM,ASW,WE,Combined TRACON& Tower with Radar,3,7,1,0,11,0,1,8,2,11,3,8,9,2,22,0,0,0,22
05/15/2017,ROW,NM,ASW,WE,Combined TRACON& Tower with Radar,5,9,4,24,42,0,0,8,1,9,5,9,12,25,51,0,26,26,77
05/16/2017,ROW,NM,ASW,WE,Combined TRACON& Tower with Radar,5,15,10,10,40,0,1,2,1,4,5,16,12,11,44,0,0,0,44
05/17/2017,ROW,NM,ASW,WE,Combined TRACON& Tower with Radar,3,13,14,37,67,0,3,28,23,54,3,16,42,60,121,0,22,22,143
05/18/2017,ROW,NM,ASW,WE,Combined TRACON& Tower with Radar,2,12,18,25,57,0,3,11,2,16,2,15,29,27,73,8,6,14,87
05/19/2017,ROW,NM,ASW,WE,Combined TRACON& Tower with Radar,4,13,9,12,38,0,3,12,0,15,4,16,21,12,53,0,10,10,63
05/20/2017,ROW,NM,ASW,WE,Combined TRACON& Tower with Radar,2,8,8,18,36,0,6,14,0,20,2,14,22,18,56,0,0,0,56
05/21/2017,ROW,NM,ASW,WE,Combined TRACON& Tower with Radar,2,12,1,1,16,0,3,8,2,13,2,15,9,3,29,0,0,0,29
05/22/2017,ROW,NM,ASW,WE,Combined TRACON& Tower with Radar,5,15,12,10,42,0,0,5,2,7,5,15,17,12,49,0,0,0,49
05/23/2017,ROW,NM,ASW,WE,Combined TRACON& Tower with Radar,2,18,7,24,51,0,0,11,2,13,2,18,18,26,64,0,0,0,64
05/24/2017,ROW,NM,ASW,WE,Combined TRACON& Tower with Radar,3,14,6,14,37,0,2,14,1,17,3,16,20,15,54,6,28,34,88
05/25/2017,ROW,NM,ASW,WE,Combined TRACON& Tower with Radar,2,16,9,9,36,0,2,8,0,10,2,18,17,9,46,0,2,2,48
05/26/2017,ROW,NM,ASW,WE,Combined TRACON& Tower with Radar,2,13,6,0,21,0,6,7,0,13,2,19,13,0,34,4,0,4,38
05/27/2017,ROW,NM,ASW,WE,Combined TRACON& Tower with Radar,2,6,6,0,14,0,8,6,1,15,2,14,12,1,29,0,0,0,29
05/28/2017,ROW,NM,ASW,WE,Combined TRACON& Tower with Radar,4,5,17,0,26,0,1,8,0,9,4,6,25,0,35,2,0,2,37
05/29/2017,ROW,NM,ASW,WE,Combined TRACON& Tower with Radar,2,8,2,1,13,0,0,4,0,4,2,8,6,1,17,0,0,0,17
05/30/2017,ROW,NM,ASW,WE,Combined TRACON& Tower with Radar,3,11,13,35,62,0,5,11,1,17,3,16,24,36,79,0,20,20,99
05/31/2017,ROW,NM,ASW,WE,Combined TRACON& Tower with Radar,4,11,16,7,38,0,3,24,5,32,4,14,40,12,70,0,0,0,70
06/01/2017,ROW,NM,ASW,WE,Combined TRACON& Tower with Radar,2,11,14,0,27,0,1,21,0,22,2,12,35,0,49,0,0,0,49
06/02/2017,ROW,NM,ASW,WE,Combined TRACON& Tower with Radar,4,11,6,16,37,0,3,17,0,20,4,14,23,16,57,6,4,10,67
06/03/2017,ROW,NM,ASW,WE,Combined TRACON& Tower with Radar,3,9,2,6,20,0,2,11,0,13,3,11,13,6,33,0,10,10,43
06/04/2017,ROW,NM,ASW,WE,Combined TRACON& Tower with Radar,2,5,7,2,16,0,4,24,0,28,2,9,31,2,44,0,4,4,48
06/05/2017,ROW,NM,ASW,WE,Combined TRACON& Tower with Radar,2,9,8,9,28,0,1,14,0,15,2,10,22,9,43,0,0,0,43
06/06/2017,ROW,NM,ASW,WE,Combined TRACON& Tower with Radar,3,11,5,0,19,0,2,4,0,6,3,13,9,0,25,0,0,0,25
06/07/2017,ROW,NM,ASW,WE,Combined TRACON& Tower with Radar,3,10,11,11,35,0,2,5,1,8,3,12,16,12,43,0,0,0,43
06/08/2017,ROW,NM,ASW,WE,Combined TRACON& Tower with Radar,2,9,13,21,45,0,5,49,1,55,2,14,62,22,100,30,12,42,142
06/09/2017,ROW,NM,ASW,WE,Combined TRACON& Tower with Radar,2,11,3,15,31,0,8,11,5,24,2,19,14,20,55,12,26,38,93
06/10/2017,ROW,NM,ASW,WE,Combined TRACON& Tower with Radar,4,10,4,0,18,0,8,13,0,21,4,18,17,0,39,0,0,0,39
06/11/2017,ROW,NM,ASW,WE,Combined TRACON& Tower with Radar,2,6,9,4,21,0,4,7,0,11,2,10,16,4,32,8,4,12,44
06/12/2017,ROW,NM,ASW,WE,Combined TRACON& Tower with Radar,2,8,5,41,56,0,4,6,0,10,2,12,11,41,66,0,48,48,114
06/13/2017,ROW,NM,ASW,WE,Combined TRACON& Tower with Radar,2,12,9,15,38,0,4,14,1,19,2,16,23,16,57,6,0,6,63
06/14/2017,ROW,NM,ASW,WE,Combined TRACON& Tower with Radar,2,12,8,11,33,0,6,11,0,17,2,18,19,11,50,8,0,8,58
06/15/2017,ROW,NM,ASW,WE,Combined TRACON& Tower with Radar,6,12,19,13,50,0,5,16,0,21,6,17,35,13,71,0,18,18,89
06/16/2017,ROW,NM,ASW,WE,Combined TRACON& Tower with Radar,2,11,4,5,22,0,2,11,1,14,2,13,15,6,36,20,0,20,56
06/17/2017,ROW,NM,ASW,WE,Combined TRACON& Tower with Radar,2,11,3,0,16,0,0,8,2,10,2,11,11,2,26,0,0,0,26
06/18/2017,ROW,NM,ASW,WE,Combined TRACON& Tower with Radar,2,8,4,6,20,0,1,4,0,5,2,9,8,6,25,0,6,6,31
06/19/2017,ROW,NM,ASW,WE,Combined TRACON& Tower with Radar,2,5,6,20,33,0,4,9,1,14,2,9,15,21,47,8,50,58,105
06/20/2017,ROW,NM,ASW,WE,Combined TRACON& Tower with Radar,2,13,21,15,51,0,3,19,0,22,2,16,40,15,73,14,10,24,97
06/21/2017,ROW,NM,ASW,WE,Combined TRACON& Tower with Radar,2,12,16,4,34,0,5,9,4,18,2,17,25,8,52,0,20,20,72
06/22/2017,ROW,NM,ASW,WE,Combined TRACON& Tower with Radar,2,14,10,33,59,0,2,13,1,16,2,16,23,34,75,0,42,42,117
06/23/2017,ROW,NM,ASW,WE,Combined TRACON& Tower with Radar,2,10,17,38,67,0,7,11,5,23,2,17,28,43,90,0,40,40,130
06/24/2017,ROW,NM,ASW,WE,Combined TRACON& Tower with Radar,2,14,13,4,33,0,0,7,0,7,2,14,20,4,40,9,8,17,57
06/25/2017,ROW,NM,ASW,WE,Combined TRACON& Tower with Radar,2,6,21,0,29,0,0,2,0,2,2,6,23,0,31,0,0,0,31
06/26/2017,ROW,NM,ASW,WE,Combined TRACON& Tower with Radar,2,10,9,15,36,0,2,8,6,16,2,12,17,21,52,1,22,23,75
06/27/2017,ROW,NM,ASW,WE,Combined TRACON& Tower with Radar,2,11,5,15,33,0,6,9,0,15,2,17,14,15,48,2,0,2,50
06/28/2017,ROW,NM,ASW,WE,Combined TRACON& Tower with Radar,4,12,12,11,39,0,4,9,0,13,4,16,21,11,52,0,30,30,82
06/29/2017,ROW,NM,ASW,WE,Combined TRACON& Tower with Radar,2,11,9,31,53,0,1,5,6,12,2,12,14,37,65,0,48,48,113
06/30/2017,ROW,NM,ASW,WE,Combined TRACON& Tower with Radar,2,9,3,24,38,0,10,3,0,13,2,19,6,24,51,1,80,81,132
07/01/2017,ROW,NM,ASW,WE,Combined TRACON& Tower with Radar,2,8,16,0,26,0,0,1,0,1,2,8,17,0,27,0,0,0,27
07/02/2017,ROW,NM,ASW,WE,Combined TRACON& Tower with Radar,3,7,14,0,24,0,2,10,0,12,3,9,24,0,36,6,0,6,42
07/03/2017,ROW,NM,ASW,WE,Combined TRACON& Tower with Radar,2,5,11,0,18,0,2,12,0,14,2,7,23,0,32,0,0,0,32
07/04/2017,ROW,NM,ASW,WE,Combined TRACON& Tower with Radar,2,3,5,0,10,0,2,10,0,12,2,5,15,0,22,0,0,0,22
07/05/2017,ROW,NM,ASW,WE,Combined TRACON& Tower with Radar,3,10,8,18,39,0,4,11,2,17,3,14,19,20,56,0,10,10,66
07/06/2017,ROW,NM,ASW,WE,Combined TRACON& Tower with Radar,2,13,6,1,22,0,3,6,3,12,2,16,12,4,34,16,0,16,50
07/07/2017,ROW,NM,ASW,WE,Combined TRACON& Tower with Radar,2,9,8,0,19,0,4,13,0,17,2,13,21,0,36,0,0,0,36
07/08/2017,ROW,NM,ASW,WE,Combined TRACON& Tower with Radar,2,12,24,8,46,0,3,15,0,18,2,15,39,8,64,0,0,0,64
07/09/2017,ROW,NM,ASW,WE,Combined TRACON& Tower with Radar,2,11,16,2,31,0,2,11,0,13,2,13,27,2,44,0,0,0,44
07/10/2017,ROW,NM,ASW,WE,Combined TRACON& Tower with Radar,2,11,4,14,31,0,2,17,20,39,2,13,21,34,70,10,16,26,96
07/11/2017,ROW,NM,ASW,WE,Combined TRACON& Tower with Radar,2,12,12,27,53,0,4,22,21,47,2,16,34,48,100,26,72,98,198
07/12/2017,ROW,NM,ASW,WE,Combined TRACON& Tower with Radar,2,14,10,2,28,0,6,10,8,24,2,20,20,10,52,61,8,69,121
07/13/2017,ROW,NM,ASW,WE,Combined TRACON& Tower with Radar,2,14,6,4,26,0,3,8,0,11,2,17,14,4,37,0,0,0,37
07/14/2017,ROW,NM,ASW,WE,Combined TRACON& Tower with Radar,3,10,5,4,22,0,4,16,0,20,3,14,21,4,42,8,0,8,50
07/15/2017,ROW,NM,ASW,WE,Combined TRACON& Tower with Radar,2,7,2,0,11,0,2,7,0,9,2,9,9,0,20,0,0,0,20
07/16/2017,ROW,NM,ASW,WE,Combined TRACON& Tower with Radar,3,7,7,0,17,0,0,4,0,4,3,7,11,0,21,0,0,0,21
07/17/2017,ROW,NM,ASW,WE,Combined TRACON& Tower with Radar,2,8,4,3,17,0,0,12,2,14,2,8,16,5,31,22,0,22,53
07/18/2017,ROW,NM,ASW,WE,Combined TRACON& Tower with Radar,2,13,10,16,41,0,2,11,2,15,2,15,21,18,56,4,4,8,64
07/19/2017,ROW,NM,ASW,WE,Combined TRACON& Tower with Radar,2,16,8,9,35,0,1,7,10,18,2,17,15,19,53,0,70,70,123
07/20/2017,ROW,NM,ASW,WE,Combined TRACON& Tower with Radar,3,12,4,2,21,0,4,4,0,8,3,16,8,2,29,0,0,0,29
07/21/2017,ROW,NM,ASW,WE,Combined TRACON& Tower with Radar,2,9,7,11,29,0,5,5,1,11,2,14,12,12,40,2,20,22,62
07/22/2017,ROW,NM,ASW,WE,Combined TRACON& Tower with Radar,2,11,2,0,15,0,1,11,0,12,2,12,13,0,27,0,0,0,27
07/23/2017,ROW,NM,ASW,WE,Combined TRACON& Tower with Radar,3,6,8,0,17,0,2,9,0,11,3,8,17,0,28,6,0,6,34
07/24/2017,ROW,NM,ASW,WE,Combined TRACON& Tower with Radar,2,10,3,10,25,6,2,4,4,16,8,12,7,14,41,0,0,0,41
07/25/2017,ROW,NM,ASW,WE,Combined TRACON& Tower with Radar,2,10,6,0,18,8,5,9,0,22,10,15,15,0,40,4,0,4,44
07/26/2017,ROW,NM,ASW,WE,Combined TRACON& Tower with Radar,2,11,8,9,30,0,6,11,0,17,2,17,19,9,47,21,2,23,70
07/27/2017,ROW,NM,ASW,WE,Combined TRACON& Tower with Radar,2,10,7,4,23,2,4,15,11,32,4,14,22,15,55,6,10,16,71
07/28/2017,ROW,NM,ASW,WE,Combined TRACON& Tower with Radar,3,8,3,4,18,13,7,4,0,24,16,15,7,4,42,0,6,6,48
07/29/2017,ROW,NM,ASW,WE,Combined TRACON& Tower with Radar,2,6,5,1,14,15,4,8,1,28,17,10,13,2,42,0,0,0,42
07/30/2017,ROW,NM,ASW,WE,Combined TRACON& Tower with Radar,3,6,10,0,19,7,1,9,0,17,10,7,19,0,36,0,0,0,36
07/31/2017,ROW,NM,ASW,WE,Combined TRACON& Tower with Radar,2,15,7,8,32,0,2,16,0,18,2,17,23,8,50,5,0,5,55
08/01/2017,ROW,NM,ASW,WE,Combined TRACON& Tower with Radar,4,19,16,6,45,0,3,7,14,24,4,22,23,20,69,22,58,80,149
08/02/2017,ROW,NM,ASW,WE,Combined TRACON& Tower with Radar,2,10,11,14,37,0,4,23,0,27,2,14,34,14,64,4,8,12,76
08/03/2017,ROW,NM,ASW,WE,Combined TRACON& Tower with Radar,2,11,14,19,46,12,11,3,0,26,14,22,17,19,72,0,36,36,108
08/04/2017,ROW,NM,ASW,WE,Combined TRACON& Tower with Radar,4,10,10,4,28,0,7,10,0,17,4,17,20,4,45,8,14,22,67
08/05/2017,ROW,NM,ASW,WE,Combined TRACON& Tower with Radar,3,11,2,2,18,9,1,11,0,21,12,12,13,2,39,0,0,0,39
08/06/2017,ROW,NM,ASW,WE,Combined TRACON& Tower with Radar,2,5,5,6,18,0,0,3,0,3,2,5,8,6,21,10,0,10,31
08/07/2017,ROW,NM,ASW,WE,Combined TRACON& Tower with Radar,2,6,12,2,22,0,3,4,0,7,2,9,16,2,29,0,0,0,29
08/08/2017,ROW,NM,ASW,WE,Combined TRACON& Tower with Radar,2,11,23,14,50,0,2,2,0,4,2,13,25,14,54,6,0,6,60
08/09/2017,ROW,NM,ASW,WE,Combined TRACON& Tower with Radar,2,8,6,11,27,0,7,20,0,27,2,15,26,11,54,0,0,0,54
08/10/2017,ROW,NM,ASW,WE,Combined TRACON& Tower with Radar,2,10,11,2,25,9,6,10,0,25,11,16,21,2,50,8,0,8,58
08/11/2017,ROW,NM,ASW,WE,Combined TRACON& Tower with Radar,2,9,4,1,16,12,8,4,0,24,14,17,8,1,40,0,0,0,40
08/12/2017,ROW,NM,ASW,WE,Combined TRACON& Tower with Radar,14,11,6,0,31,8,0,5,0,13,22,11,11,0,44,16,0,16,60
08/13/2017,ROW,NM,ASW,WE,Combined TRACON& Tower with Radar,2,11,7,2,22,16,1,16,1,34,18,12,23,3,56,0,0,0,56
08/14/2017,ROW,NM,ASW,WE,Combined TRACON& Tower with Radar,4,11,4,0,19,11,7,11,0,29,15,18,15,0,48,20,0,20,68
08/15/2017,ROW,NM,ASW,WE,Combined TRACON& Tower with Radar,3,13,9,0,25,12,4,8,8,32,15,17,17,8,57,0,0,0,57
08/16/2017,ROW,NM,ASW,WE,Combined TRACON& Tower with Radar,3,8,10,4,25,0,4,10,20,34,3,12,20,24,59,8,0,8,67
08/17/2017,ROW,NM,ASW,WE,Combined TRACON& Tower with Radar,2,10,12,23,47,0,5,19,17,41,2,15,31,40,88,8,10,18,106
08/18/2017,ROW,NM,ASW,WE,Combined TRACON& Tower with Radar,2,9,12,22,45,0,4,9,7,20,2,13,21,29,65,0,10,10,75
08/19/2017,ROW,NM,ASW,WE,Combined TRACON& Tower with Radar,3,10,1,0,14,0,2,7,9,18,3,12,8,9,32,4,0,4,36
08/20/2017,ROW,NM,ASW,WE,Combined TRACON& Tower with Radar,2,6,4,0,12,0,1,3,0,4,2,7,7,0,16,8,0,8,24
08/21/2017,ROW,NM,ASW,WE,Combined TRACON& Tower with Radar,2,9,12,9,32,0,2,3,16,21,2,11,15,25,53,0,0,0,53
08/22/2017,ROW,NM,ASW,WE,Combined TRACON& Tower with Radar,11,7,11,7,36,0,8,7,0,15,11,15,18,7,51,0,2,2,53
08/23/2017,ROW,NM,ASW,WE,Combined TRACON& Tower with Radar,8,6,12,16,42,0,5,6,0,11,8,11,18,16,53,0,18,18,71
08/24/2017,ROW,NM,ASW,WE,Combined TRACON& Tower with Radar,8,4,13,13,38,0,5,5,4,14,8,9,18,17,52,0,4,4,56
08/25/2017,ROW,NM,ASW,WE,Combined TRACON& Tower with Radar,9,5,23,0,37,0,4,11,2,17,9,9,34,2,54,6,4,10,64
08/26/2017,ROW,NM,ASW,WE,Combined TRACON& Tower with Radar,8,5,7,0,20,0,2,10,13,25,8,7,17,13,45,16,0,16,61
08/27/2017,ROW,NM,ASW,WE,Combined TRACON& Tower with Radar,8,2,4,2,16,0,2,18,33,53,8,4,22,35,69,50,0,50,119
08/28/2017,ROW,NM,ASW,WE,Combined TRACON& Tower with Radar,14,5,7,22,48,1,8,9,65,83,15,13,16,87,131,66,46,112,243
08/29/2017,ROW,NM,ASW,WE,Combined TRACON& Tower with Radar,8,3,11,23,45,0,5,8,35,48,8,8,19,58,93,17,32,49,142
08/30/2017,ROW,NM,ASW,WE,Combined TRACON& Tower with Radar,7,6,13,21,47,0,5,14,73,92,7,11,27,94,139,26,58,84,223
08/31/2017,ROW,NM,ASW,WE,Combined TRACON& Tower with Radar,7,4,9,13,33,0,7,7,38,52,7,11,16,51,85,42,14,56,141
09/01/2017,ROW,NM,ASW,WE,Combined TRACON& Tower with Radar,6,8,8,18,40,0,13,20,15,48,6,21,28,33,88,0,12,12,100
09/02/2017,ROW,NM,ASW,WE,Combined TRACON& Tower with Radar,8,4,9,0,21,0,1,14,16,31,8,5,23,16,52,28,0,28,80
09/03/2017,ROW,NM,ASW,WE,Combined TRACON& Tower with Radar,5,0,3,0,8,0,0,11,0,11,5,0,14,0,19,0,0,0,19
09/04/2017,ROW,NM,ASW,WE,Combined TRACON& Tower with Radar,7,1,7,0,15,0,0,12,0,12,7,1,19,0,27,0,0,0,27
09/05/2017,ROW,NM,ASW,WE,Combined TRACON& Tower with Radar,6,4,6,5,21,0,4,3,3,10,6,8,9,8,31,0,12,12,43
09/06/2017,ROW,NM,ASW,WE,Combined TRACON& Tower with Radar,7,11,4,12,34,0,6,20,8,34,7,17,24,20,68,4,30,34,102
09/07/2017,ROW,NM,ASW,WE,Combined TRACON& Tower with Radar,4,6,8,30,48,0,4,7,1,12,4,10,15,31,60,0,32,32,92
09/08/2017,ROW,NM,ASW,WE,Combined TRACON& Tower with Radar,5,11,8,13,37,0,2,9,2,13,5,13,17,15,50,1,34,35,85
09/09/2017,ROW,NM,ASW,WE,Combined TRACON& Tower with Radar,4,8,5,0,17,0,0,20,0,20,4,8,25,0,37,2,0,2,39
09/10/2017,ROW,NM,ASW,WE,Combined TRACON& Tower with Radar,3,6,3,0,12,0,0,4,0,4,3,6,7,0,16,0,0,0,16
09/11/2017,ROW,NM,ASW,WE,Combined TRACON& Tower with Radar,7,5,5,5,22,0,3,5,0,8,7,8,10,5,30,2,0,2,32
09/12/2017,ROW,NM,ASW,WE,Combined TRACON& Tower with Radar,7,10,12,9,38,0,1,7,4,12,7,11,19,13,50,0,4,4,54
09/13/2017,ROW,NM,ASW,WE,Combined TRACON& Tower with Radar,4,10,6,12,32,0,1,20,0,21,4,11,26,12,53,0,2,2,55
09/14/2017,ROW,NM,ASW,WE,Combined TRACON& Tower with Radar,4,12,25,27,68,0,2,16,2,20,4,14,41,29,88,8,20,28,116
09/15/2017,ROW,NM,ASW,WE,Combined TRACON& Tower with Radar,4,11,4,10,29,0,3,14,0,17,4,14,18,10,46,6,0,6,52
09/16/2017,ROW,NM,ASW,WE,Combined TRACON& Tower with Radar,3,7,1,0,11,0,0,10,0,10,3,7,11,0,21,0,0,0,21
09/17/2017,ROW,NM,ASW,WE,Combined TRACON& Tower with Radar,4,4,5,0,13,0,2,9,3,14,4,6,14,3,27,0,0,0,27
09/18/2017,ROW,NM,ASW,WE,Combined TRACON& Tower with Radar,4,10,13,5,32,0,5,14,0,19,4,15,27,5,51,0,0,0,51
09/19/2017,ROW,NM,ASW,WE,Combined TRACON& Tower with Radar,4,10,9,15,38,0,4,13,20,37,4,14,22,35,75,14,0,14,89
09/20/2017,ROW,NM,ASW,WE,Combined TRACON& Tower with Radar,4,8,17,31,60,0,8,11,0,19,4,16,28,31,79,0,4,4,83
09/21/2017,ROW,NM,ASW,WE,Combined TRACON& Tower with Radar,4,12,9,19,44,0,8,6,5,19,4,20,15,24,63,0,10,10,73
09/22/2017,ROW,NM,ASW,WE,Combined TRACON& Tower with Radar,8,8,8,18,42,0,3,9,1,13,8,11,17,19,55,2,0,2,57
09/23/2017,ROW,NM,ASW,WE,Combined TRACON& Tower with Radar,4,10,3,0,17,0,0,1,0,1,4,10,4,0,18,0,0,0,18
09/24/2017,ROW,NM,ASW,WE,Combined TRACON& Tower with Radar,4,7,13,0,24,0,0,4,0,4,4,7,17,0,28,0,0,0,28
09/25/2017,ROW,NM,ASW,WE,Combined TRACON& Tower with Radar,4,5,9,4,22,0,3,4,0,7,4,8,13,4,29,0,0,0,29
09/26/2017,ROW,NM,ASW,WE,Combined TRACON& Tower with Radar,4,16,9,2,31,0,0,1,0,1,4,16,10,2,32,4,0,4,36
09/27/2017,ROW,NM,ASW,WE,Combined TRACON& Tower with Radar,5,18,9,9,41,0,0,2,0,2,5,18,11,9,43,14,0,14,57
09/28/2017,ROW,NM,ASW,WE,Combined TRACON& Tower with Radar,5,11,15,20,51,0,0,1,0,1,5,11,16,20,52,0,0,0,52
09/29/2017,ROW,NM,ASW,WE,Combined TRACON& Tower with Radar,4,20,9,6,39,0,0,0,0,0,4,20,9,6,39,0,0,0,39
09/30/2017,ROW,NM,ASW,WE,Combined TRACON& Tower with Radar,7,12,12,0,31,0,2,0,0,2,7,14,12,0,33,0,0,0,33
10/01/2017,ROW,NM,ASW,WE,Combined TRACON& Tower with Radar,4,9,8,0,21,0,2,3,0,5,4,11,11,0,26,14,0,14,40
10/02/2017,ROW,NM,ASW,WE,Combined TRACON& Tower with Radar,8,5,10,13,36,0,2,1,0,3,8,7,11,13,39,0,0,0,39
10/03/2017,ROW,NM,ASW,WE,Combined TRACON& Tower with Radar,5,10,6,35,56,0,4,2,2,8,5,14,8,37,64,0,26,26,90
10/04/2017,ROW,NM,ASW,WE,Combined TRACON& Tower with Radar,4,13,9,0,26,0,2,6,0,8,4,15,15,0,34,10,0,10,44
10/05/2017,ROW,NM,ASW,WE,Combined TRACON& Tower with Radar,3,14,12,0,29,0,3,1,0,4,3,17,13,0,33,0,0,0,33
10/06/2017,ROW,NM,ASW,WE,Combined TRACON& Tower with Radar,2,16,10,0,28,0,1,7,0,8,2,17,17,0,36,5,0,5,41
10/07/2017,ROW,NM,ASW,WE,Combined TRACON& Tower with Radar,2,9,8,4,23,0,3,24,0,27,2,12,32,4,50,24,4,28,78
10/08/2017,ROW,NM,ASW,WE,Combined TRACON& Tower with Radar,2,6,6,1,15,0,1,8,0,9,2,7,14,1,24,0,0,0,24
10/09/2017,ROW,NM,ASW,WE,Combined TRACON& Tower with Radar,2,9,7,2,20,0,2,5,0,7,2,11,12,2,27,9,0,9,36
10/10/2017,ROW,NM,ASW,WE,Combined TRACON& Tower with Radar,2,12,13,15,42,0,6,18,0,24,2,18,31,15,66,18,10,28,94
10/11/2017,ROW,NM,ASW,WE,Combined TRACON& Tower with Radar,2,9,10,22,43,0,4,8,10,22,2,13,18,32,65,2,10,12,77
10/12/2017,ROW,NM,ASW,WE,Combined TRACON& Tower with Radar,5,8,9,2,24,0,5,7,0,12,5,13,16,2,36,0,0,0,36
10/13/2017,ROW,NM,ASW,WE,Combined TRACON& Tower with Radar,2,14,14,0,30,0,2,8,2,12,2,16,22,2,42,20,0,20,62
10/14/2017,ROW,NM,ASW,WE,Combined TRACON& Tower with Radar,2,6,7,2,17,0,4,13,0,17,2,10,20,2,34,25,0,25,59
10/15/2017,ROW,NM,ASW,WE,Combined TRACON& Tower with Radar,2,8,8,10,28,0,5,13,2,20,2,13,21,12,48,12,10,22,70
10/16/2017,ROW,NM,ASW,WE,Combined TRACON& Tower with Radar,2,7,7,11,27,0,3,24,1,28,2,10,31,12,55,4,0,4,59
10/17/2017,ROW,NM,ASW,WE,Combined TRACON& Tower with Radar,2,12,17,21,52,0,6,17,4,27,2,18,34,25,79,38,2,40,119
10/18/2017,ROW,NM,ASW,WE,Combined TRACON& Tower with Radar,2,10,10,16,38,0,4,17,1,22,2,14,27,17,60,0,0,0,60
10/19/2017,ROW,NM,ASW,WE,Combined TRACON& Tower with Radar,2,14,14,0,30,0,2,4,0,6,2,16,18,0,36,4,0,4,40
10/20/2017,ROW,NM,ASW,WE,Combined TRACON& Tower with Radar,2,12,13,63,90,0,5,7,1,13,2,17,20,64,103,12,46,58,161
10/21/2017,ROW,NM,ASW,WE,Combined TRACON& Tower with Radar,3,6,1,7,17,0,4,3,1,8,3,10,4,8,25,44,4,48,73
10/22/2017,ROW,NM,ASW,WE,Combined TRACON& Tower with Radar,7,6,8,4,25,0,1,10,0,11,7,7,18,4,36,6,0,6,42
10/23/2017,ROW,NM,ASW,WE,Combined TRACON& Tower with Radar,4,7,4,0,15,0,2,11,0,13,4,9,15,0,28,16,0,16,44
10/24/2017,ROW,NM,ASW,WE,Combined TRACON& Tower with Radar,2,12,14,19,47,0,4,9,18,31,2,16,23,37,78,36,32,68,146
10/25/2017,ROW,NM,ASW,WE,Combined TRACON& Tower with Radar,2,9,14,25,50,0,4,16,12,32,2,13,30,37,82,10,36,46,128
10/26/2017,ROW,NM,ASW,WE,Combined TRACON& Tower with Radar,2,9,13,12,36,0,4,19,0,23,2,13,32,12,59,10,0,10,69
10/27/2017,ROW,NM,ASW,WE,Combined TRACON& Tower with Radar,2,9,12,3,26,0,7,13,0,20,2,16,25,3,46,58,0,58,104
10/28/2017,ROW,NM,ASW,WE,Combined TRACON& Tower with Radar,2,5,3,15,25,0,4,8,0,12,2,9,11,15,37,24,28,52,89
10/29/2017,ROW,NM,ASW,WE,Combined TRACON& Tower with Radar,2,5,0,0,7,0,2,8,0,10,2,7,8,0,17,0,0,0,17
10/30/2017,ROW,NM,ASW,WE,Combined TRACON& Tower with Radar,3,10,11,4,28,0,2,13,0,15,3,12,24,4,43,24,0,24,67
10/31/2017,ROW,NM,ASW,WE,Combined TRACON& Tower with Radar,2,9,9,4,24,0,5,8,2,15,2,14,17,6,39,8,0,8,47
11/01/2017,ROW,NM,ASW,WE,Combined TRACON& Tower with Radar,6,11,3,5,25,0,6,5,3,14,6,17,8,8,39,14,22,36,75
11/02/2017,ROW,NM,ASW,WE,Combined TRACON& Tower with Radar,2,9,8,4,23,0,6,15,0,21,2,15,23,4,44,22,4,26,70
11/03/2017,ROW,NM,ASW,WE,Combined TRACON& Tower with Radar,2,17,10,6,35,0,3,15,0,18,2,20,25,6,53,20,10,30,83
11/04/2017,ROW,NM,ASW,WE,Combined TRACON& Tower with Radar,4,11,3,4,22,0,4,8,3,15,4,15,11,7,37,20,2,22,59
11/05/2017,ROW,NM,ASW,WE,Combined TRACON& Tower with Radar,3,8,5,6,22,0,2,4,0,6,3,10,9,6,28,34,8,42,70
11/06/2017,ROW,NM,ASW,WE,Combined TRACON& Tower with Radar,4,8,3,12,27,0,2,15,0,17,4,10,18,12,44,39,8,47,91
11/07/2017,ROW,NM,ASW,WE,Combined TRACON& Tower with Radar,4,12,7,19,42,0,4,11,20,35,4,16,18,39,77,26,74,100,177
11/08/2017,ROW,NM,ASW,WE,Combined TRACON& Tower with Radar,4,9,6,8,27,0,4,3,1,8,4,13,9,9,35,21,0,21,56
11/09/2017,ROW,NM,ASW,WE,Combined TRACON& Tower with Radar,4,15,8,2,29,0,0,2,0,2,4,15,10,2,31,0,0,0,31
11/10/2017,ROW,NM,ASW,WE,Combined TRACON& Tower with Radar,5,17,14,1,37,0,0,3,0,3,5,17,17,1,40,0,0,0,40
11/11/2017,ROW,NM,ASW,WE,Combined TRACON& Tower with Radar,6,8,3,0,17,16,2,7,0,25,22,10,10,0,42,37,72,109,151
11/12/2017,ROW,NM,ASW,WE,Combined TRACON& Tower with Radar,34,5,13,0,52,0,1,7,0,8,34,6,20,0,60,12,0,12,72
11/13/2017,ROW,NM,ASW,WE,Combined TRACON& Tower with Radar,11,8,12,14,45,0,0,17,0,17,11,8,29,14,62,29,38,67,129
11/14/2017,ROW,NM,ASW,WE,Combined TRACON& Tower with Radar,4,6,12,17,39,0,4,46,1,51,4,10,58,18,90,22,72,94,184
11/15/2017,ROW,NM,ASW,WE,Combined TRACON& Tower with Radar,7,8,8,10,33,0,7,21,3,31,7,15,29,13,64,39,0,39,103
11/16/2017,ROW,NM,ASW,WE,Combined TRACON& Tower with Radar,3,8,9,8,28,0,3,20,0,23,3,11,29,8,51,37,8,45,96
11/17/2017,ROW,NM,ASW,WE,Combined TRACON& Tower with Radar,4,8,6,0,18,0,5,7,0,12,4,13,13,0,30,14,0,14,44
11/18/2017,ROW,NM,ASW,WE,Combined TRACON& Tower with Radar,4,3,2,0,9,0,4,8,0,12,4,7,10,0,21,30,0,30,51
11/19/2017,ROW,NM,ASW,WE,Combined TRACON& Tower with Radar,4,5,8,0,17,0,2,21,0,23,4,7,29,0,40,16,8,24,64
11/20/2017,ROW,NM,ASW,WE,Combined TRACON& Tower with Radar,4,6,6,53,69,0,3,18,0,21,4,9,24,53,90,6,60,66,156
11/21/2017,ROW,NM,ASW,WE,Combined TRACON& Tower with Radar,8,7,8,7,30,0,2,11,8,21,8,9,19,15,51,4,0,4,55
11/22/2017,ROW,NM,ASW,WE,Combined TRACON& Tower with Radar,4,9,9,4,26,0,2,13,0,15,4,11,22,4,41,40,0,40,81
11/23/2017,ROW,NM,ASW,WE,Combined TRACON& Tower with Radar,2,2,0,0,4,0,4,12,0,16,2,6,12,0,20,0,0,0,20
11/24/2017,ROW,NM,ASW,WE,Combined TRACON& Tower with Radar,3,5,5,0,13,0,6,13,0,19,3,11,18,0,32,0,0,0,32
11/25/2017,ROW,NM,ASW,WE,Combined TRACON& Tower with Radar,4,3,3,0,10,0,7,11,0,18,4,10,14,0,28,0,0,0,28
11/26/2017,ROW,NM,ASW,WE,Combined TRACON& Tower with Radar,5,4,3,0,12,0,1,9,0,10,5,5,12,0,22,0,0,0,22
11/27/2017,ROW,NM,ASW,WE,Combined TRACON& Tower with Radar,4,7,22,23,56,0,3,6,5,14,4,10,28,28,70,16,50,66,136
11/28/2017,ROW,NM,ASW,WE,Combined TRACON& Tower with Radar,5,10,5,8,28,0,7,2,5,14,5,17,7,13,42,0,32,32,74
11/29/2017,ROW,NM,ASW,WE,Combined TRACON& Tower with Radar,4,11,9,13,37,0,7,9,1,17,4,18,18,14,54,0,2,2,56
11/30/2017,ROW,NM,ASW,WE,Combined TRACON& Tower with Radar,4,10,6,10,30,0,8,14,0,22,4,18,20,10,52,14,14,28,80
12/01/2017,ROW,NM,ASW,WE,Combined TRACON& Tower with Radar,4,12,14,56,86,0,6,10,0,16,4,18,24,56,102,18,36,54,156
12/02/2017,ROW,NM,ASW,WE,Combined TRACON& Tower with Radar,4,3,1,0,8,0,5,10,0,15,4,8,11,0,23,15,0,15,38
12/03/2017,ROW,NM,ASW,WE,Combined TRACON& Tower with Radar,7,1,7,19,34,0,0,9,1,10,7,1,16,20,44,20,2,22,66
12/04/2017,ROW,NM,ASW,WE,Combined TRACON& Tower with Radar,4,10,7,92,113,0,4,12,3,19,4,14,19,95,132,0,122,122,254
12/05/2017,ROW,NM,ASW,WE,Combined TRACON& Tower with Radar,4,13,12,7,36,0,3,6,1,10,4,16,18,8,46,34,14,48,94
12/06/2017,ROW,NM,ASW,WE,Combined TRACON& Tower with Radar,4,15,16,52,87,0,6,16,1,23,4,21,32,53,110,11,26,37,147
12/07/2017,ROW,NM,ASW,WE,Combined TRACON& Tower with Radar,4,8,8,4,24,0,10,11,0,21,4,18,19,4,45,0,0,0,45
12/08/2017,ROW,NM,ASW,WE,Combined TRACON& Tower with Radar,4,11,12,13,40,0,8,8,6,22,4,19,20,19,62,0,36,36,98
12/09/2017,ROW,NM,ASW,WE,Combined TRACON& Tower with Radar,5,5,1,0,11,0,6,41,0,47,5,11,42,0,58,16,6,22,80
12/10/2017,ROW,NM,ASW,WE,Combined TRACON& Tower with Radar,5,5,4,10,24,0,4,6,0,10,5,9,10,10,34,6,0,6,40
12/11/2017,ROW,NM,ASW,WE,Combined TRACON& Tower with Radar,4,8,4,21,37,0,7,13,6,26,4,15,17,27,63,0,6,6,69
12/12/2017,ROW,NM,ASW,WE,Combined TRACON& Tower with Radar,4,10,9,17,40,0,7,20,3,30,4,17,29,20,70,18,12,30,100
12/13/2017,ROW,NM,ASW,WE,Combined TRACON& Tower with Radar,4,11,16,19,50,0,6,10,27,43,4,17,26,46,93,0,80,80,173
12/14/2017,ROW,NM,ASW,WE,Combined TRACON& Tower with Radar,4,7,6,21,38,0,8,8,4,20,4,15,14,25,58,10,21,31,89
12/15/2017,ROW,NM,ASW,WE,Combined TRACON& Tower with Radar,7,6,9,14,36,0,8,23,6,37,7,14,32,20,73,0,0,0,73
12/16/2017,ROW,NM,ASW,WE,Combined TRACON& Tower with Radar,8,6,5,5,24,0,4,9,0,13,8,10,14,5,37,8,0,8,45
12/17/2017,ROW,NM,ASW,WE,Combined TRACON& Tower with Radar,8,4,1,1,14,0,3,6,1,10,8,7,7,2,24,10,0,10,34
12/18/2017,ROW,NM,ASW,WE,Combined TRACON& Tower with Radar,7,3,2,15,27,0,2,12,9,23,7,5,14,24,50,0,2,2,52
12/19/2017,ROW,NM,ASW,WE,Combined TRACON& Tower with Radar,9,7,13,34,63,0,5,15,0,20,9,12,28,34,83,0,18,18,101
12/20/2017,ROW,NM,ASW,WE,Combined TRACON& Tower with Radar,7,6,7,22,42,0,4,17,3,24,7,10,24,25,66,0,48,48,114
12/21/2017,ROW,NM,ASW,WE,Combined TRACON& Tower with Radar,7,8,8,14,37,0,8,9,2,19,7,16,17,16,56,0,28,28,84
12/22/2017,ROW,NM,ASW,WE,Combined TRACON& Tower with Radar,7,9,13,2,31,0,12,4,0,16,7,21,17,2,47,0,0,0,47
12/23/2017,ROW,NM,ASW,WE,Combined TRACON& Tower with Radar,7,5,5,0,17,0,6,7,0,13,7,11,12,0,30,0,0,0,30
12/24/2017,ROW,NM,ASW,WE,Combined TRACON& Tower with Radar,6,0,4,0,10,0,1,6,0,7,6,1,10,0,17,0,0,0,17
12/25/2017,ROW,NM,ASW,WE,Combined TRACON& Tower with Radar,7,0,4,0,11,0,1,6,0,7,7,1,10,0,18,0,0,0,18
12/26/2017,ROW,NM,ASW,WE,Combined TRACON& Tower with Radar,7,1,5,6,19,0,4,3,0,7,7,5,8,6,26,0,14,14,40
12/27/2017,ROW,NM,ASW,WE,Combined TRACON& Tower with Radar,7,7,14,8,36,0,1,3,1,5,7,8,17,9,41,0,14,14,55
12/28/2017,ROW,NM,ASW,WE,Combined TRACON& Tower with Radar,7,8,9,7,31,0,2,3,1,6,7,10,12,8,37,10,0,10,47
12/29/2017,ROW,NM,ASW,WE,Combined TRACON& Tower with Radar,7,7,7,0,21,0,3,13,0,16,7,10,20,0,37,10,0,10,47
12/30/2017,ROW,NM,ASW,WE,Combined TRACON& Tower with Radar,7,3,9,0,19,0,0,9,0,9,7,3,18,0,28,2,0,2,30
12/31/2017,ROW,NM,ASW,WE,Combined TRACON& Tower with Radar,5,2,3,0,10,0,0,3,0,3,5,2,6,0,13,0,0,0,13
01/01/2018,ROW,NM,ASW,WE,Combined TRACON& Tower with Radar,4,5,2,0,11,0,0,6,0,6,4,5,8,0,17,0,0,0,17
01/02/2018,ROW,NM,ASW,WE,Combined TRACON& Tower with Radar,0,8,6,1,15,0,2,4,0,6,0,10,10,1,21,0,0,0,21
01/03/2018,ROW,NM,ASW,WE,Combined TRACON& Tower with Radar,5,10,7,21,43,0,3,9,2,14,5,13,16,23,57,0,10,10,67
01/04/2018,ROW,NM,ASW,WE,Combined TRACON& Tower with Radar,5,7,13,15,40,0,5,4,6,15,5,12,17,21,55,0,56,56,111
01/05/2018,ROW,NM,ASW,WE,Combined TRACON& Tower with Radar,6,7,8,9,30,8,7,5,1,21,14,14,13,10,51,0,4,4,55
01/06/2018,ROW,NM,ASW,WE,Combined TRACON& Tower with Radar,7,3,3,0,13,0,5,9,0,14,7,8,12,0,27,0,0,0,27
01/07/2018,ROW,NM,ASW,WE,Combined TRACON& Tower with Radar,7,0,2,0,9,0,1,6,0,7,7,1,8,0,16,0,0,0,16
01/08/2018,ROW,NM,ASW,WE,Combined TRACON& Tower with Radar,2,6,8,46,62,0,6,12,9,27,2,12,20,55,89,0,44,44,133
01/09/2018,ROW,NM,ASW,WE,Combined TRACON& Tower with Radar,4,5,8,28,45,0,5,14,3,22,4,10,22,31,67,10,58,68,135
01/10/2018,ROW,NM,ASW,WE,Combined TRACON& Tower with Radar,4,6,6,0,16,0,5,1,0,6,4,11,7,0,22,0,0,0,22
01/11/2018,ROW,NM,ASW,WE,Combined TRACON& Tower with Radar,3,14,13,14,44,0,2,10,26,38,3,16,23,40,82,8,106,114,196
01/12/2018,ROW,NM,ASW,WE,Combined TRACON& Tower with Radar,3,6,11,32,52,0,4,7,2,13,3,10,18,34,65,0,0,0,65
01/13/2018,ROW,NM,ASW,WE,Combined TRACON& Tower with Radar,4,3,9,0,16,0,6,25,0,31,4,9,34,0,47,10,0,10,57
01/14/2018,ROW,NM,ASW,WE,Combined TRACON& Tower with Radar,3,4,6,0,13,0,1,5,0,6,3,5,11,0,19,0,0,0,19
01/15/2018,ROW,NM,ASW,WE,Combined TRACON& Tower with Radar,4,12,5,0,21,0,2,5,0,7,4,14,10,0,28,0,0,0,28
01/16/2018,ROW,NM,ASW,WE,Combined TRACON& Tower with Radar,3,12,9,6,30,0,1,4,2,7,3,13,13,8,37,32,8,40,77
01/17/2018,ROW,NM,ASW,WE,Combined TRACON& Tower with Radar,3,9,5,25,42,0,3,6,6,15,3,12,11,31,57,12,8,20,77
01/18/2018,ROW,NM,ASW,WE,Combined TRACON& Tower with Radar,3,10,5,38,56,0,1,7,8,16,3,11,12,46,72,0,30,30,102
01/19/2018,ROW,NM,ASW,WE,Combined TRACON& Tower with Radar,5,11,6,66,88,0,1,11,16,28,5,12,17,82,116,6,112,118,234
01/20/2018,ROW,NM,ASW,WE,Combined TRACON& Tower with Radar,4,9,4,15,32,0,0,9,0,9,4,9,13,15,41,0,0,0,41
01/21/2018,ROW,NM,ASW,WE,Combined TRACON& Tower with Radar,3,5,2,0,10,0,3,0,2,5,3,8,2,2,15,0,0,0,15
01/22/2018,ROW,NM,ASW,WE,Combined TRACON& Tower with Radar,3,9,7,9,28,0,3,4,3,10,3,12,11,12,38,6,0,6,44
01/23/2018,ROW,NM,ASW,WE,Combined TRACON& Tower with Radar,3,8,13,27,51,0,37,17,1,55,3,45,30,28,106,66,16,82,188
01/24/2018,ROW,NM,ASW,WE,Combined TRACON& Tower with Radar,3,7,8,24,42,0,33,10,11,54,3,40,18,35,96,66,18,84,180
01/25/2018,ROW,NM,ASW,WE,Combined TRACON& Tower with Radar,4,9,18,10,41,0,20,15,5,40,4,29,33,15,81,60,6,66,147
01/26/2018,ROW,NM,ASW,WE,Combined TRACON& Tower with Radar,4,10,10,85,109,0,5,13,0,18,4,15,23,85,127,0,22,22,149
01/27/2018,ROW,NM,ASW,WE,Combined TRACON& Tower with Radar,4,24,12,36,76,0,19,17,4,40,4,43,29,40,116,9,16,25,141
01/28/2018,ROW,NM,ASW,WE,Combined TRACON& Tower with Radar,3,5,2,21,31,0,1,24,0,25,3,6,26,21,56,14,0,14,70
01/29/2018,ROW,NM,ASW,WE,Combined TRACON& Tower with Radar,3,6,6,28,43,0,4,51,50,105,3,10,57,78,148,0,0,0,148
01/30/2018,ROW,NM,ASW,WE,Combined TRACON& Tower with Radar,13,10,20,27,70,2,17,21,0,40,15,27,41,27,110,48,26,74,184
01/31/2018,ROW,NM,ASW,WE,Combined TRACON& Tower with Radar,10,10,13,32,65,9,14,11,12,46,19,24,24,44,111,10,74,84,195
02/01/2018,ROW,NM,ASW,WE,Combined TRACON& Tower with Radar,33,10,9,40,92,0,12,42,2,56,33,22,51,42,148,32,4,36,184
02/02/2018,ROW,NM,ASW,WE,Combined TRACON& Tower with Radar,9,9,12,22,52,0,15,16,3,34,9,24,28,25,86,6,0,6,92
02/03/2018,ROW,NM,ASW,WE,Combined TRACON& Tower with Radar,4,5,6,1,16,0,11,9,0,20,4,16,15,1,36,22,0,22,58
02/04/2018,ROW,NM,ASW,WE,Combined TRACON& Tower with Radar,3,7,6,8,24,0,1,24,0,25,3,8,30,8,49,6,0,6,55
02/05/2018,ROW,NM,ASW,WE,Combined TRACON& Tower with Radar,3,11,9,14,37,0,1,12,6,19,3,12,21,20,56,34,0,34,90
02/06/2018,ROW,NM,ASW,WE,Combined TRACON& Tower with Radar,3,15,15,32,65,0,2,24,4,30,3,17,39,36,95,6,44,50,145
02/07/2018,ROW,NM,ASW,WE,Combined TRACON& Tower with Radar,3,12,5,60,80,0,20,12,2,34,3,32,17,62,114,34,80,114,228
02/08/2018,ROW,NM,ASW,WE,Combined TRACON& Tower with Radar,3,13,12,50,78,0,18,12,12,42,3,31,24,62,120,56,57,113,233
02/09/2018,ROW,NM,ASW,WE,Combined TRACON& Tower with Radar,4,9,7,29,49,0,12,9,6,27,4,21,16,35,76,68,28,96,172
02/10/2018,ROW,NM,ASW,WE,Combined TRACON& Tower with Radar,3,6,6,12,27,0,6,4,4,14,3,12,10,16,41,4,8,12,53
02/11/2018,ROW,NM,ASW,WE,Combined TRACON& Tower with Radar,3,9,4,5,21,0,0,6,0,6,3,9,10,5,27,0,0,0,27
02/12/2018,ROW,NM,ASW,WE,Combined TRACON& Tower with Radar,6,10,4,25,45,0,8,1,12,21,6,18,5,37,66,16,12,28,94
02/13/2018,ROW,NM,ASW,WE,Combined TRACON& Tower with Radar,3,11,19,42,75,0,1,13,22,36,3,12,32,64,111,24,18,42,153
02/14/2018,ROW,NM,ASW,WE,Combined TRACON& Tower with Radar,3,15,9,18,45,0,9,6,5,20,3,24,15,23,65,9,40,49,114
02/15/2018,ROW,NM,ASW,WE,Combined TRACON& Tower with Radar,1,17,6,8,32,0,10,2,0,12,1,27,8,8,44,22,0,22,66
02/16/2018,ROW,NM,ASW,WE,Combined TRACON& Tower with Radar,1,16,14,9,40,0,0,3,0,3,1,16,17,9,43,0,0,0,43
02/17/2018,ROW,NM,ASW,WE,Combined TRACON& Tower with Radar,1,6,14,8,29,0,4,12,2,18,1,10,26,10,47,28,8,36,83
02/18/2018,ROW,NM,ASW,WE,Combined TRACON& Tower with Radar,1,5,2,0,8,0,0,11,0,11,1,5,13,0,19,12,0,12,31
02/19/2018,ROW,NM,ASW,WE,Combined TRACON& Tower with Radar,1,9,4,0,14,0,0,5,1,6,1,9,9,1,20,0,0,0,20
02/20/2018,ROW,NM,ASW,WE,Combined TRACON& Tower with Radar,1,13,7,14,35,0,0,6,19,25,1,13,13,33,60,80,0,80,140
02/21/2018,ROW,NM,ASW,WE,Combined TRACON& Tower with Radar,1,15,20,39,75,0,1,10,34,45,1,16,30,73,120,102,56,158,278
02/22/2018,ROW,NM,ASW,WE,Combined TRACON& Tower with Radar,1,23,14,83,121,0,1,13,21,35,1,24,27,104,156,22,74,96,252
02/23/2018,ROW,NM,ASW,WE,Combined TRACON& Tower with Radar,1,15,9,52,77,0,2,8,18,28,1,17,17,70,105,18,34,52,157
02/24/2018,ROW,NM,ASW,WE,Combined TRACON& Tower with Radar,1,12,6,17,36,0,0,13,12,25,1,12,19,29,61,14,0,14,75
02/25/2018,ROW,NM,ASW,WE,Combined TRACON& Tower with Radar,1,7,7,1,16,0,3,9,0,12,1,10,16,1,28,30,88,118,146
02/26/2018,ROW,NM,ASW,WE,Combined TRACON& Tower with Radar,1,10,2,17,30,0,4,12,25,41,1,14,14,42,71,18,108,126,197
02/27/2018,ROW,NM,ASW,WE,Combined TRACON& Tower with Radar,1,12,11,65,89,0,2,9,28,39,1,14,20,93,128,30,108,138,266
02/28/2018,ROW,NM,ASW,WE,Combined TRACON& Tower with Radar,1,17,2,15,35,0,5,7,7,19,1,22,9,22,54,28,4,32,86
03/01/2018,ROW,NM,ASW,WE,Combined TRACON& Tower with Radar,1,10,12,7,30,0,7,25,1,33,1,17,37,8,63,16,4,20,83
03/02/2018,ROW,NM,ASW,WE,Combined TRACON& Tower with Radar,1,15,7,9,32,0,7,19,13,39,1,22,26,22,71,8,36,44,115
03/03/2018,ROW,NM,ASW,WE,Combined TRACON& Tower with Radar,3,9,11,4,27,0,4,29,1,34,3,13,40,5,61,42,214,256,317
03/04/2018,ROW,NM,ASW,WE,Combined TRACON& Tower with Radar,0,5,3,6,14,0,0,16,25,41,0,5,19,31,55,56,98,154,209
03/05/2018,ROW,NM,ASW,WE,Combined TRACON& Tower with Radar,1,12,8,9,30,0,1,12,1,14,1,13,20,10,44,0,0,0,44
03/06/2018,ROW,NM,ASW,WE,Combined TRACON& Tower with Radar,1,13,16,14,44,0,0,14,1,15,1,13,30,15,59,0,12,12,71
03/07/2018,ROW,NM,ASW,WE,Combined TRACON& Tower with Radar,1,12,8,7,28,0,1,12,9,22,1,13,20,16,50,20,1,21,71
03/08/2018,ROW,NM,ASW,WE,Combined TRACON& Tower with Radar,3,10,13,15,41,0,3,33,48,84,3,13,46,63,125,90,6,96,221
03/09/2018,ROW,NM,ASW,WE,Combined TRACON& Tower with Radar,1,12,4,49,66,0,2,17,20,39,1,14,21,69,105,32,6,38,143
03/10/2018,ROW,NM,ASW,WE,Combined TRACON& Tower with Radar,1,9,6,3,19,0,1,9,3,13,1,10,15,6,32,20,12,32,64
03/11/2018,ROW,NM,ASW,WE,Combined TRACON& Tower with Radar,1,7,3,5,16,0,2,9,1,12,1,9,12,6,28,30,0,30,58
03/12/2018,ROW,NM,ASW,WE,Combined TRACON& Tower with Radar,1,9,10,24,44,0,2,7,47,56,1,11,17,71,100,76,42,118,218
03/13/2018,ROW,NM,ASW,WE,Combined TRACON& Tower with Radar,1,11,15,8,35,0,0,15,48,63,1,11,30,56,98,102,40,142,240
03/14/2018,ROW,NM,ASW,WE,Combined TRACON& Tower with Radar,1,17,13,29,60,0,0,21,36,57,1,17,34,65,117,68,108,176,293
03/15/2018,ROW,NM,ASW,WE,Combined TRACON& Tower with Radar,1,14,6,6,27,0,1,9,4,14,1,15,15,10,41,8,2,10,51
03/16/2018,ROW,NM,ASW,WE,Combined TRACON& Tower with Radar,1,14,6,38,59,0,0,11,36,47,1,14,17,74,106,40,4,44,150
03/17/2018,ROW,NM,ASW,WE,Combined TRACON& Tower with Radar,2,8,13,0,23,0,4,11,39,54,2,12,24,39,77,60,0,60,137
03/18/2018,ROW,NM,ASW,WE,Combined TRACON& Tower with Radar,3,5,3,28,39,0,0,2,1,3,3,5,5,29,42,0,0,0,42
03/19/2018,ROW,NM,ASW,WE,Combined TRACON& Tower with Radar,1,12,3,17,33,0,1,8,3,12,1,13,11,20,45,0,0,0,45
03/20/2018,ROW,NM,ASW,WE,Combined TRACON& Tower with Radar,1,13,15,20,49,0,1,18,8,27,1,14,33,28,76,52,66,118,194
03/21/2018,ROW,NM,ASW,WE,Combined TRACON& Tower with Radar,0,14,15,25,54,0,0,9,8,17,0,14,24,33,71,0,38,38,109
03/22/2018,ROW,NM,ASW,WE,Combined TRACON& Tower with Radar,0,15,12,21,48,0,0,19,13,32,0,15,31,34,80,12,80,92,172
03/23/2018,ROW,NM,ASW,WE,Combined TRACON& Tower with Radar,1,12,1,18,32,0,3,3,1,7,1,15,4,19,39,0,10,10,49
03/24/2018,ROW,NM,ASW,WE,Combined TRACON& Tower with Radar,0,10,5,6,21,0,1,7,0,8,0,11,12,6,29,6,0,6,35
03/25/2018,ROW,NM,ASW,WE,Combined TRACON& Tower with Radar,1,7,6,12,26,0,0,4,0,4,1,7,10,12,30,4,0,4,34
03/26/2018,ROW,NM,ASW,WE,Combined TRACON& Tower with Radar,0,9,5,6,20,0,0,1,2,3,0,9,6,8,23,0,0,0,23
03/27/2018,ROW,NM,ASW,WE,Combined TRACON& Tower with Radar,1,10,13,9,33,0,0,6,4,10,1,10,19,13,43,32,28,60,103
03/28/2018,ROW,NM,ASW,WE,Combined TRACON& Tower with Radar,2,12,12,46,72,0,0,9,11,20,2,12,21,57,92,20,138,158,250
03/29/2018,ROW,NM,ASW,WE,Combined TRACON& Tower with Radar,1,11,8,2,22,0,4,5,8,17,1,15,13,10,39,0,0,0,39
03/30/2018,ROW,NM,ASW,WE,Combined TRACON& Tower with Radar,1,15,6,7,29,0,2,16,0,18,1,17,22,7,47,12,0,12,59
03/31/2018,ROW,NM,ASW,WE,Combined TRACON& Tower with Radar,1,11,5,4,21,0,0,8,2,10,1,11,13,6,31,4,0,4,35
04/01/2018,ROW,NM,ASW,WE,Combined TRACON& Tower with Radar,0,9,2,8,19,0,0,5,3,8,0,9,7,11,27,0,0,0,27
04/02/2018,ROW,NM,ASW,WE,Combined TRACON& Tower with Radar,2,9,4,5,20,0,2,5,4,11,2,11,9,9,31,22,4,26,57
04/03/2018,ROW,NM,ASW,WE,Combined TRACON& Tower with Radar,3,12,18,6,39,0,1,2,0,3,3,13,20,6,42,0,58,58,100
04/04/2018,ROW,NM,ASW,WE,Combined TRACON& Tower with Radar,4,9,6,8,27,0,5,12,0,17,4,14,18,8,44,0,34,34,78
04/05/2018,ROW,NM,ASW,WE,Combined TRACON& Tower with Radar,3,12,14,0,29,0,2,10,0,12,3,14,24,0,41,0,0,0,41
04/06/2018,ROW,NM,ASW,WE,Combined TRACON& Tower with Radar,2,12,7,32,53,0,0,9,3,12,2,12,16,35,65,22,46,68,133
04/07/2018,ROW,NM,ASW,WE,Combined TRACON& Tower with Radar,2,10,9,7,28,0,0,6,0,6,2,10,15,7,34,14,0,14,48
04/08/2018,ROW,NM,ASW,WE,Combined TRACON& Tower with Radar,2,7,8,12,29,0,0,13,1,14,2,7,21,13,43,0,0,0,43
04/09/2018,ROW,NM,ASW,WE,Combined TRACON& Tower with Radar,2,9,3,30,44,0,2,9,13,24,2,11,12,43,68,0,84,84,152
04/10/2018,ROW,NM,ASW,WE,Combined TRACON& Tower with Radar,2,11,10,20,43,0,2,7,0,9,2,13,17,20,52,0,22,22,74
04/11/2018,ROW,NM,ASW,WE,Combined TRACON& Tower with Radar,2,8,7,35,52,0,1,4,3,8,2,9,11,38,60,0,26,26,86
04/12/2018,ROW,NM,ASW,WE,Combined TRACON& Tower with Radar,2,9,10,10,31,0,1,6,0,7,2,10,16,10,38,0,0,0,38
04/13/2018,ROW,NM,ASW,WE,Combined TRACON& Tower with Radar,8,11,5,1,25,0,1,3,0,4,8,12,8,1,29,4,0,4,33
04/14/2018,ROW,NM,ASW,WE,Combined TRACON& Tower with Radar,2,7,9,1,19,0,0,11,1,12,2,7,20,2,31,0,0,0,31
04/15/2018,ROW,NM,ASW,WE,Combined TRACON& Tower with Radar,2,5,3,2,12,0,1,8,3,12,2,6,11,5,24,32,0,32,56
04/16/2018,ROW,NM,ASW,WE,Combined TRACON& Tower with Radar,2,14,1,6,23,0,2,12,0,14,2,16,13,6,37,4,32,36,73
04/17/2018,ROW,NM,ASW,WE,Combined TRACON& Tower with Radar,2,15,12,3,32,0,3,2,0,5,2,18,14,3,37,14,0,14,51
04/18/2018,ROW,NM,ASW,WE,Combined TRACON& Tower with Radar,2,8,6,9,25,0,8,16,2,26,2,16,22,11,51,2,26,28,79
04/19/2018,ROW,NM,ASW,WE,Combined TRACON& Tower with Radar,2,11,9,10,32,0,4,2,6,12,2,15,11,16,44,0,16,16,60
04/20/2018,ROW,NM,ASW,WE,Combined TRACON& Tower with Radar,2,12,12,24,50,0,3,3,1,7,2,15,15,25,57,0,16,16,73
04/21/2018,ROW,NM,ASW,WE,Combined TRACON& Tower with Radar,2,13,2,1,18,1,1,11,1,14,3,14,13,2,32,16,0,16,48
04/22/2018,ROW,NM,ASW,WE,Combined TRACON& Tower with Radar,3,6,3,0,12,0,0,9,0,9,3,6,12,0,21,14,0,14,35
04/23/2018,ROW,NM,ASW,WE,Combined TRACON& Tower with Radar,2,8,8,13,31,0,7,9,2,18,2,15,17,15,49,16,8,24,73
04/24/2018,ROW,NM,ASW,WE,Combined TRACON& Tower with Radar,2,13,3,14,32,0,3,7,3,13,2,16,10,17,45,66,44,110,155
04/25/2018,ROW,NM,ASW,WE,Combined TRACON& Tower with Radar,2,8,11,16,37,0,2,4,0,6,2,10,15,16,43,10,16,26,69
04/26/2018,ROW,NM,ASW,WE,Combined TRACON& Tower with Radar,2,11,7,22,42,0,4,17,0,21,2,15,24,22,63,12,64,76,139
04/27/2018,ROW,NM,ASW,WE,Combined TRACON& Tower with Radar,2,11,3,4,20,0,3,14,1,18,2,14,17,5,38,28,12,40,78
04/28/2018,ROW,NM,ASW,WE,Combined TRACON& Tower with Radar,2,8,1,0,11,0,0,9,0,9,2,8,10,0,20,0,0,0,20
04/29/2018,ROW,NM,ASW,WE,Combined TRACON& Tower with Radar,3,8,1,0,12,0,1,13,0,14,3,9,14,0,26,0,0,0,26
04/30/2018,ROW,NM,ASW,WE,Combined TRACON& Tower with Radar,2,10,12,16,40,0,1,17,4,22,2,11,29,20,62,8,20,28,90
05/01/2018,ROW,NM,ASW,WE,Combined TRACON& Tower with Radar,2,13,7,22,44,0,4,8,0,12,2,17,15,22,56,0,12,12,68
05/02/2018,ROW,NM,ASW,WE,Combined TRACON& Tower with Radar,2,12,5,53,72,0,5,6,0,11,2,17,11,53,83,0,120,120,203
05/03/2018,ROW,NM,ASW,WE,Combined TRACON& Tower with Radar,3,8,11,32,54,0,7,22,4,33,3,15,33,36,87,10,0,10,97
05/04/2018,ROW,NM,ASW,WE,Combined TRACON& Tower with Radar,2,10,10,22,44,0,5,11,8,24,2,15,21,30,68,16,0,16,84
05/05/2018,ROW,NM,ASW,WE,Combined TRACON& Tower with Radar,4,5,8,4,21,0,6,13,0,19,4,11,21,4,40,0,0,0,40
05/06/2018,ROW,NM,ASW,WE,Combined TRACON& Tower with Radar,2,6,8,6,22,0,0,11,2,13,2,6,19,8,35,0,0,0,35
05/07/2018,ROW,NM,ASW,WE,Combined TRACON& Tower with Radar,2,11,7,2,22,0,1,6,0,7,2,12,13,2,29,0,0,0,29
05/08/2018,ROW,NM,ASW,WE,Combined TRACON& Tower with Radar,2,11,7,6,26,0,3,11,10,24,2,14,18,16,50,0,32,32,82
05/09/2018,ROW,NM,ASW,WE,Combined TRACON& Tower with Radar,2,11,11,27,51,0,3,37,1,41,2,14,48,28,92,10,106,116,208
05/10/2018,ROW,NM,ASW,WE,Combined TRACON& Tower with Radar,2,13,19,9,43,0,8,35,2,45,2,21,54,11,88,10,0,10,98
05/11/2018,ROW,NM,ASW,WE,Combined TRACON& Tower with Radar,2,13,12,3,30,0,2,23,0,25,2,15,35,3,55,2,0,2,57
05/12/2018,ROW,NM,ASW,WE,Combined TRACON& Tower with Radar,3,4,10,0,17,0,12,35,2,49,3,16,45,2,66,18,0,18,84
05/13/2018,ROW,NM,ASW,WE,Combined TRACON& Tower with Radar,2,6,2,1,11,2,2,20,0,24,4,8,22,1,35,0,0,0,35
05/14/2018,ROW,NM,ASW,WE,Combined TRACON& Tower with Radar,2,12,8,9,31,0,1,7,7,15,2,13,15,16,46,0,50,50,96
05/15/2018,ROW,NM,ASW,WE,Combined TRACON& Tower with Radar,2,12,15,3,32,0,4,19,0,23,2,16,34,3,55,0,4,4,59
05/16/2018,ROW,NM,ASW,WE,Combined TRACON& Tower with Radar,1,15,23,8,47,0,1,13,0,14,1,16,36,8,61,0,0,0,61
05/17/2018,ROW,NM,ASW,WE,Combined TRACON& Tower with Radar,2,11,7,2,22,0,5,11,14,30,2,16,18,16,52,66,0,66,118
05/18/2018,ROW,NM,ASW,WE,Combined TRACON& Tower with Radar,2,12,6,14,34,0,1,16,18,35,2,13,22,32,69,50,18,68,137
05/19/2018,ROW,NM,ASW,WE,Combined TRACON& Tower with Radar,2,8,8,0,18,0,6,17,30,53,2,14,25,30,71,18,0,18,89
05/20/2018,ROW,NM,ASW,WE,Combined TRACON& Tower with Radar,2,4,7,2,15,0,0,5,6,11,2,4,12,8,26,0,0,0,26
05/21/2018,ROW,NM,ASW,WE,Combined TRACON& Tower with Radar,2,10,15,14,41,0,0,2,10,12,2,10,17,24,53,36,72,108,161
05/22/2018,ROW,NM,ASW,WE,Combined TRACON& Tower with Radar,2,17,18,8,45,0,1,9,7,17,2,18,27,15,62,8,0,8,70
05/23/2018,ROW,NM,ASW,WE,Combined TRACON& Tower with Radar,2,12,12,38,64,0,1,12,1,14,2,13,24,39,78,4,32,36,114
05/24/2018,ROW,NM,ASW,WE,Combined TRACON& Tower with Radar,2,12,12,2,28,0,1,14,7,22,2,13,26,9,50,0,16,16,66
05/25/2018,ROW,NM,ASW,WE,Combined TRACON& Tower with Radar,2,10,6,0,18,0,2,7,0,9,2,12,13,0,27,0,0,0,27
05/26/2018,ROW,NM,ASW,WE,Combined TRACON& Tower with Radar,2,8,4,0,14,0,6,17,0,23,2,14,21,0,37,0,0,0,37
05/27/2018,ROW,NM,ASW,WE,Combined TRACON& Tower with Radar,4,5,0,0,9,0,0,5,0,5,4,5,5,0,14,0,0,0,14
05/28/2018,ROW,NM,ASW,WE,Combined TRACON& Tower with Radar,2,8,8,0,18,0,2,11,0,13,2,10,19,0,31,0,0,0,31
05/29/2018,ROW,NM,ASW,WE,Combined TRACON& Tower with Radar,2,10,12,2,26,0,4,12,0,16,2,14,24,2,42,0,0,0,42
05/30/2018,ROW,NM,ASW,WE,Combined TRACON& Tower with Radar,2,12,16,2,32,0,0,8,0,8,2,12,24,2,40,12,12,24,64
05/31/2018,ROW,NM,ASW,WE,Combined TRACON& Tower with Radar,2,13,7,16,38,0,2,7,7,16,2,15,14,23,54,28,0,28,82
06/01/2018,ROW,NM,ASW,WE,Combined TRACON& Tower with Radar,2,13,6,9,30,0,0,14,4,18,2,13,20,13,48,0,6,6,54
06/02/2018,ROW,NM,ASW,WE,Combined TRACON& Tower with Radar,2,7,4,0,13,0,2,12,0,14,2,9,16,0,27,6,0,6,33
06/03/2018,ROW,NM,ASW,WE,Combined TRACON& Tower with Radar,2,8,15,0,25,0,0,7,0,7,2,8,22,0,32,0,0,0,32
06/04/2018,ROW,NM,ASW,WE,Combined TRACON& Tower with Radar,2,10,10,15,37,0,0,5,8,13,2,10,15,23,50,0,26,26,76
06/05/2018,ROW,NM,ASW,WE,Combined TRACON& Tower with Radar,2,11,7,41,61,0,3,22,3,28,2,14,29,44,89,0,28,28,117
06/06/2018,ROW,NM,ASW,WE,Combined TRACON& Tower with Radar,2,11,13,9,35,0,7,22,8,37,2,18,35,17,72,24,0,24,96
06/07/2018,ROW,NM,ASW,WE,Combined TRACON& Tower with Radar,4,10,11,5,30,0,14,22,6,42,4,24,33,11,72,3,0,3,75
06/08/2018,ROW,NM,ASW,WE,Combined TRACON& Tower with Radar,4,10,10,11,35,0,4,26,5,35,4,14,36,16,70,0,0,0,70
06/09/2018,ROW,NM,ASW,WE,Combined TRACON& Tower with Radar,2,3,2,4,11,0,6,13,1,20,2,9,15,5,31,18,0,18,49
06/10/2018,ROW,NM,ASW,WE,Combined TRACON& Tower with Radar,4,3,4,9,20,0,2,13,0,15,4,5,17,9,35,66,0,66,101
06/11/2018,ROW,NM,ASW,WE,Combined TRACON& Tower with Radar,15,4,4,4,27,0,6,19,0,25,15,10,23,4,52,2,0,2,54
06/12/2018,ROW,NM,ASW,WE,Combined TRACON& Tower with Radar,12,10,4,20,46,20,5,45,11,81,32,15,49,31,127,6,74,80,207
06/13/2018,ROW,NM,ASW,WE,Combined TRACON& Tower with Radar,38,8,8,21,75,0,6,16,0,22,38,14,24,21,97,8,28,36,133
06/14/2018,ROW,NM,ASW,WE,Combined TRACON& Tower with Radar,19,8,5,8,40,0,3,5,12,20,19,11,10,20,60,0,58,58,118
06/15/2018,ROW,NM,ASW,WE,Combined TRACON& Tower with Radar,8,7,8,2,25,0,4,13,0,17,8,11,21,2,42,8,0,8,50
06/16/2018,ROW,NM,ASW,WE,Combined TRACON& Tower with Radar,4,4,0,0,8,0,0,5,0,5,4,4,5,0,13,0,0,0,13
06/17/2018,ROW,NM,ASW,WE,Combined TRACON& Tower with Radar,4,3,4,0,11,0,0,10,0,10,4,3,14,0,21,0,0,0,21
06/18/2018,ROW,NM,ASW,WE,Combined TRACON& Tower with Radar,5,25,6,29,65,0,0,7,2,9,5,25,13,31,74,20,26,46,120
06/19/2018,ROW,NM,ASW,WE,Combined TRACON& Tower with Radar,4,13,9,28,54,0,3,16,10,29,4,16,25,38,83,7,30,37,120
06/20/2018,ROW,NM,ASW,WE,Combined TRACON& Tower with Radar,4,12,11,4,31,0,0,7,0,7,4,12,18,4,38,0,0,0,38
06/21/2018,ROW,NM,ASW,WE,Combined TRACON& Tower with Radar,4,10,8,26,48,0,1,7,7,15,4,11,15,33,63,0,86,86,149
06/22/2018,ROW,NM,ASW,WE,Combined TRACON& Tower with Radar,4,9,4,10,27,0,3,5,6,14,4,12,9,16,41,4,56,60,101
06/23/2018,ROW,NM,ASW,WE,Combined TRACON& Tower with Radar,2,4,4,0,10,0,4,24,0,28,2,8,28,0,38,0,0,0,38
06/24/2018,ROW,NM,ASW,WE,Combined TRACON& Tower with Radar,4,2,15,0,21,5,8,34,0,47,9,10,49,0,68,12,0,12,80
06/25/2018,ROW,NM,ASW,WE,Combined TRACON& Tower with Radar,4,5,8,6,23,0,4,10,1,15,4,9,18,7,38,0,14,14,52
06/26/2018,ROW,NM,ASW,WE,Combined TRACON& Tower with Radar,4,7,9,4,24,0,5,16,0,21,4,12,25,4,45,0,6,6,51
06/27/2018,ROW,NM,ASW,WE,Combined TRACON& Tower with Radar,4,8,10,10,32,0,5,16,6,27,4,13,26,16,59,10,22,32,91
06/28/2018,ROW,NM,ASW,WE,Combined TRACON& Tower with Radar,4,7,11,3,25,0,11,11,5,27,4,18,22,8,52,24,24,48,100
06/29/2018,ROW,NM,ASW,WE,Combined TRACON& Tower with Radar,5,9,9,14,37,0,4,12,0,16,5,13,21,14,53,0,54,54,107
06/30/2018,ROW,NM,ASW,WE,Combined TRACON& Tower with Radar,5,3,8,0,16,0,7,12,0,19,5,10,20,0,35,8,0,8,43
07/01/2018,ROW,NM,ASW,WE,Combined TRACON& Tower with Radar,4,3,2,0,9,0,0,9,0,9,4,3,11,0,18,0,0,0,18
07/02/2018,ROW,NM,ASW,WE,Combined TRACON& Tower with Radar,4,5,5,9,23,0,0,4,4,8,4,5,9,13,31,5,18,23,54
07/03/2018,ROW,NM,ASW,WE,Combined TRACON& Tower with Radar,5,6,12,17,40,0,4,9,16,29,5,10,21,33,69,0,32,32,101
07/04/2018,ROW,NM,ASW,WE,Combined TRACON& Tower with Radar,4,1,2,0,7,0,2,6,0,8,4,3,8,0,15,0,0,0,15
07/05/2018,ROW,NM,ASW,WE,Combined TRACON& Tower with Radar,3,8,8,6,25,0,9,4,0,13,3,17,12,6,38,20,0,20,58
07/06/2018,ROW,NM,ASW,WE,Combined TRACON& Tower with Radar,5,10,6,0,21,0,0,9,0,9,5,10,15,0,30,26,0,26,56
07/07/2018,ROW,NM,ASW,WE,Combined TRACON& Tower with Radar,5,9,4,0,18,0,1,11,2,14,5,10,15,2,32,8,0,8,40
07/08/2018,ROW,NM,ASW,WE,Combined TRACON& Tower with Radar,6,3,4,0,13,0,1,11,0,12,6,4,15,0,25,0,0,0,25
07/09/2018,ROW,NM,ASW,WE,Combined TRACON& Tower with Radar,5,5,6,3,19,0,5,8,3,16,5,10,14,6,35,20,0,20,55
07/10/2018,ROW,NM,ASW,WE,Combined TRACON& Tower with Radar,8,7,8,8,31,0,6,8,0,14,8,13,16,8,45,14,0,14,59
07/11/2018,ROW,NM,ASW,WE,Combined TRACON& Tower with Radar,5,7,4,4,20,0,3,12,0,15,5,10,16,4,35,0,16,16,51
07/12/2018,ROW,NM,ASW,WE,Combined TRACON& Tower with Radar,5,11,9,14,39,0,2,10,3,15,5,13,19,17,54,0,18,18,72
07/13/2018,ROW,NM,ASW,WE,Combined TRACON& Tower with Radar,5,9,5,6,25,0,5,8,0,13,5,14,13,6,38,0,0,0,38
07/14/2018,ROW,NM,ASW,WE,Combined TRACON& Tower with Radar,5,7,2,0,14,0,8,7,0,15,5,15,9,0,29,0,0,0,29
07/15/2018,ROW,NM,ASW,WE,Combined TRACON& Tower with Radar,7,1,3,0,11,0,0,2,0,2,7,1,5,0,13,0,0,0,13
07/16/2018,ROW,NM,ASW,WE,Combined TRACON& Tower with Radar,5,5,10,7,27,0,2,19,1,22,5,7,29,8,49,34,0,34,83
07/17/2018,ROW,NM,ASW,WE,Combined TRACON& Tower with Radar,5,8,8,22,43,0,3,4,7,14,5,11,12,29,57,8,36,44,101
07/18/2018,ROW,NM,ASW,WE,Combined TRACON& Tower with Radar,5,6,6,26,43,0,5,13,3,21,5,11,19,29,64,16,4,20,84
07/19/2018,ROW,NM,ASW,WE,Combined TRACON& Tower with Radar,5,7,14,20,46,0,5,15,1,21,5,12,29,21,67,36,24,60,127
07/20/2018,ROW,NM,ASW,WE,Combined TRACON& Tower with Radar,6,5,8,23,42,0,6,21,4,31,6,11,29,27,73,40,48,88,161
07/21/2018,ROW,NM,ASW,WE,Combined TRACON& Tower with Radar,5,4,1,6,16,0,5,11,6,22,5,9,12,12,38,66,0,66,104
07/22/2018,ROW,NM,ASW,WE,Combined TRACON& Tower with Radar,5,2,2,0,9,0,5,5,0,10,5,7,7,0,19,10,0,10,29
07/23/2018,ROW,NM,ASW,WE,Combined TRACON& Tower with Radar,5,6,3,9,23,0,7,11,1,19,5,13,14,10,42,24,2,26,68
07/24/2018,ROW,NM,ASW,WE,Combined TRACON& Tower with Radar,5,8,3,10,26,0,4,44,5,53,5,12,47,15,79,40,18,58,137
07/25/2018,ROW,NM,ASW,WE,Combined TRACON& Tower with Radar,5,8,4,10,27,0,10,11,0,21,5,18,15,10,48,1,0,1,49
07/26/2018,ROW,NM,ASW,WE,Combined TRACON& Tower with Radar,5,10,9,10,34,0,7,12,0,19,5,17,21,10,53,8,0,8,61
07/27/2018,ROW,NM,ASW,WE,Combined TRACON& Tower with Radar,7,12,5,13,37,0,2,9,0,11,7,14,14,13,48,30,6,36,84
07/28/2018,ROW,NM,ASW,WE,Combined TRACON& Tower with Radar,5,3,7,9,24,0,5,14,0,19,5,8,21,9,43,16,0,16,59
07/29/2018,ROW,NM,ASW,WE,Combined TRACON& Tower with Radar,5,3,2,0,10,0,0,16,0,16,5,3,18,0,26,51,0,51,77
07/30/2018,ROW,NM,ASW,WE,Combined TRACON& Tower with Radar,5,5,5,21,36,0,2,3,4,9,5,7,8,25,45,4,16,20,65
07/31/2018,ROW,NM,ASW,WE,Combined TRACON& Tower with Radar,5,10,19,25,59,0,5,15,0,20,5,15,34,25,79,0,58,58,137
08/01/2018,ROW,NM,ASW,WE,Combined TRACON& Tower with Radar,5,10,4,5,24,0,2,1,0,3,5,12,5,5,27,0,0,0,27
08/02/2018,ROW,NM,ASW,WE,Combined TRACON& Tower with Radar,5,11,3,27,46,0,8,11,1,20,5,19,14,28,66,2,6,8,74
08/03/2018,ROW,NM,ASW,WE,Combined TRACON& Tower with Radar,6,6,21,13,46,0,5,5,1,11,6,11,26,14,57,35,12,47,104
08/04/2018,ROW,NM,ASW,WE,Combined TRACON& Tower with Radar,3,4,3,0,10,0,9,11,0,20,3,13,14,0,30,62,0,62,92
08/05/2018,ROW,NM,ASW,WE,Combined TRACON& Tower with Radar,3,4,6,0,13,0,2,17,1,20,3,6,23,1,33,16,0,16,49
08/06/2018,ROW,NM,ASW,WE,Combined TRACON& Tower with Radar,5,3,2,16,26,0,3,20,0,23,5,6,22,16,49,0,54,54,103
08/07/2018,ROW,NM,ASW,WE,Combined TRACON& Tower with Radar,5,7,6,37,55,0,4,15,1,20,5,11,21,38,75,0,6,6,81
08/08/2018,ROW,NM,ASW,WE,Combined TRACON& Tower with Radar,4,8,5,7,24,0,5,3,0,8,4,13,8,7,32,0,0,0,32
08/09/2018,ROW,NM,ASW,WE,Combined TRACON& Tower with Radar,5,8,9,10,32,0,3,3,0,6,5,11,12,10,38,0,0,0,38
08/10/2018,ROW,NM,ASW,WE,Combined TRACON& Tower with Radar,3,14,5,0,22,0,2,6,0,8,3,16,11,0,30,26,0,26,56
08/11/2018,ROW,NM,ASW,WE,Combined TRACON& Tower with Radar,6,4,5,8,23,0,4,8,0,12,6,8,13,8,35,0,0,0,35
08/12/2018,ROW,NM,ASW,WE,Combined TRACON& Tower with Radar,6,3,3,21,33,0,0,7,1,8,6,3,10,22,41,0,0,0,41
08/13/2018,ROW,NM,ASW,WE,Combined TRACON& Tower with Radar,5,5,7,28,45,0,3,4,11,18,5,8,11,39,63,6,10,16,79
08/14/2018,ROW,NM,ASW,WE,Combined TRACON& Tower with Radar,6,15,8,19,48,0,2,13,1,16,6,17,21,20,64,0,0,0,64
08/15/2018,ROW,NM,ASW,WE,Combined TRACON& Tower with Radar,5,9,4,18,36,0,3,8,6,17,5,12,12,24,53,0,16,16,69
08/16/2018,ROW,NM,ASW,WE,Combined TRACON& Tower with Radar,5,7,6,17,35,0,2,6,1,9,5,9,12,18,44,8,0,8,52
08/17/2018,ROW,NM,ASW,WE,Combined TRACON& Tower with Radar,5,14,11,51,81,0,5,8,1,14,5,19,19,52,95,74,20,94,189
08/18/2018,ROW,NM,ASW,WE,Combined TRACON& Tower with Radar,6,3,7,2,18,0,4,9,3,16,6,7,16,5,34,0,8,8,42
08/19/2018,ROW,NM,ASW,WE,Combined TRACON& Tower with Radar,4,1,4,0,9,0,2,5,1,8,4,3,9,1,17,2,0,2,19
08/20/2018,ROW,NM,ASW,WE,Combined TRACON& Tower with Radar,5,7,0,0,12,0,3,5,0,8,5,10,5,0,20,0,0,0,20
08/21/2018,ROW,NM,ASW,WE,Combined TRACON& Tower with Radar,14,10,4,11,39,0,5,7,11,23,14,15,11,22,62,0,0,0,62
08/22/2018,ROW,NM,ASW,WE,Combined TRACON& Tower with Radar,6,12,12,7,37,0,3,7,1,11,6,15,19,8,48,8,0,8,56
08/23/2018,ROW,NM,ASW,WE,Combined TRACON& Tower with Radar,5,7,8,26,46,0,6,7,2,15,5,13,15,28,61,0,12,12,73
08/24/2018,ROW,NM,ASW,WE,Combined TRACON& Tower with Radar,5,6,2,48,61,0,2,8,7,17,5,8,10,55,78,8,28,36,114
08/25/2018,ROW,NM,ASW,WE,Combined TRACON& Tower with Radar,7,5,3,1,16,0,2,16,4,22,7,7,19,5,38,0,0,0,38
08/26/2018,ROW,NM,ASW,WE,Combined TRACON& Tower with Radar,5,5,4,0,14,0,2,7,0,9,5,7,11,0,23,0,0,0,23
08/27/2018,ROW,NM,ASW,WE,Combined TRACON& Tower with Radar,5,4,16,26,51,0,5,8,0,13,5,9,24,26,64,0,30,30,94
08/28/2018,ROW,NM,ASW,WE,Combined TRACON& Tower with Radar,5,6,8,15,34,0,4,11,10,25,5,10,19,25,59,0,20,20,79
08/29/2018,ROW,NM,ASW,WE,Combined TRACON& Tower with Radar,6,8,7,26,47,0,2,14,11,27,6,10,21,37,74,16,12,28,102
08/30/2018,ROW,NM,ASW,WE,Combined TRACON& Tower with Radar,5,7,7,22,41,0,5,6,20,31,5,12,13,42,72,6,6,12,84
08/31/2018,ROW,NM,ASW,WE,Combined TRACON& Tower with Radar,5,8,12,0,25,0,3,4,6,13,5,11,16,6,38,11,8,19,57
09/01/2018,ROW,NM,ASW,WE,Combined TRACON& Tower with Radar,7,4,2,0,13,0,2,7,0,9,7,6,9,0,22,0,0,0,22
09/02/2018,ROW,NM,ASW,WE,Combined TRACON& Tower with Radar,5,4,4,0,13,0,0,7,0,7,5,4,11,0,20,0,0,0,20
09/03/2018,ROW,NM,ASW,WE,Combined TRACON& Tower with Radar,6,6,9,0,21,0,0,3,0,3,6,6,12,0,24,0,0,0,24
09/04/2018,ROW,NM,ASW,WE,Combined TRACON& Tower with Radar,5,4,8,5,22,0,4,9,2,15,5,8,17,7,37,0,6,6,43
09/05/2018,ROW,NM,ASW,WE,Combined TRACON& Tower with Radar,10,12,4,36,62,0,1,5,3,9,10,13,9,39,71,6,48,54,125
09/06/2018,ROW,NM,ASW,WE,Combined TRACON& Tower with Radar,6,12,9,21,48,0,1,2,0,3,6,13,11,21,51,0,50,50,101
09/07/2018,ROW,NM,ASW,WE,Combined TRACON& Tower with Radar,5,14,21,54,94,0,1,2,3,6,5,15,23,57,100,73,25,98,198
09/08/2018,ROW,NM,ASW,WE,Combined TRACON& Tower with Radar,6,5,9,2,22,0,3,6,0,9,6,8,15,2,31,80,0,80,111
09/09/2018,ROW,NM,ASW,WE,Combined TRACON& Tower with Radar,6,4,4,13,27,0,0,4,6,10,6,4,8,19,37,0,0,0,37
09/10/2018,ROW,NM,ASW,WE,Combined TRACON& Tower with Radar,5,4,5,25,39,0,2,5,7,14,5,6,10,32,53,4,22,26,79
09/11/2018,ROW,NM,ASW,WE,Combined TRACON& Tower with Radar,5,12,8,34,59,0,6,16,6,28,5,18,24,40,87,4,22,26,113
09/12/2018,ROW,NM,ASW,WE,Combined TRACON& Tower with Radar,5,8,16,27,56,0,4,6,4,14,5,12,22,31,70,2,6,8,78
09/13/2018,ROW,NM,ASW,WE,Combined TRACON& Tower with Radar,5,5,11,62,83,0,5,10,2,17,5,10,21,64,100,0,44,44,144
09/14/2018,ROW,NM,ASW,WE,Combined TRACON& Tower with Radar,5,6,5,85,101,0,3,18,3,24,5,9,23,88,125,0,20,20,145
09/15/2018,ROW,NM,ASW,WE,Combined TRACON& Tower with Radar,6,3,6,0,15,0,4,17,0,21,6,7,23,0,36,30,0,30,66
09/16/2018,ROW,NM,ASW,WE,Combined TRACON& Tower with Radar,5,4,5,8,22,0,3,16,0,19,5,7,21,8,41,8,0,8,49
09/17/2018,ROW,NM,ASW,WE,Combined TRACON& Tower with Radar,5,3,2,19,29,0,4,3,4,11,5,7,5,23,40,0,10,10,50
09/18/2018,ROW,NM,ASW,WE,Combined TRACON& Tower with Radar,5,7,9,42,63,0,2,7,7,16,5,9,16,49,79,52,18,70,149
09/19/2018,ROW,NM,ASW,WE,Combined TRACON& Tower with Radar,5,10,11,39,65,0,1,9,0,10,5,11,20,39,75,0,32,32,107
09/20/2018,ROW,NM,ASW,WE,Combined TRACON& Tower with Radar,5,11,5,10,31,0,2,2,0,4,5,13,7,10,35,0,0,0,35
09/21/2018,ROW,NM,ASW,WE,Combined TRACON& Tower with Radar,5,11,15,2,33,0,0,4,0,4,5,11,19,2,37,0,0,0,37
09/22/2018,ROW,NM,ASW,WE,Combined TRACON& Tower with Radar,6,3,3,0,12,0,7,11,0,18,6,10,14,0,30,142,0,142,172
09/23/2018,ROW,NM,ASW,WE,Combined TRACON& Tower with Radar,5,2,8,0,15,0,1,15,0,16,5,3,23,0,31,68,0,68,99
09/24/2018,ROW,NM,ASW,WE,Combined TRACON& Tower with Radar,5,4,7,15,31,0,2,9,6,17,5,6,16,21,48,4,6,10,58
09/25/2018,ROW,NM,ASW,WE,Combined TRACON& Tower with Radar,5,7,11,24,47,0,7,10,2,19,5,14,21,26,66,0,0,0,66
09/26/2018,ROW,NM,ASW,WE,Combined TRACON& Tower with Radar,5,12,11,6,34,0,1,5,0,6,5,13,16,6,40,14,0,14,54
09/27/2018,ROW,NM,ASW,WE,Combined TRACON& Tower with Radar,5,9,9,3,26,0,2,8,0,10,5,11,17,3,36,6,0,6,42
09/28/2018,ROW,NM,ASW,WE,Combined TRACON& Tower with Radar,5,9,7,9,30,0,6,14,0,20,5,15,21,9,50,8,44,52,102
09/29/2018,ROW,NM,ASW,WE,Combined TRACON& Tower with Radar,6,3,5,0,14,0,2,14,0,16,6,5,19,0,30,0,0,0,30
09/30/2018,ROW,NM,ASW,WE,Combined TRACON& Tower with Radar,5,9,10,0,24,0,5,9,0,14,5,14,19,0,38,30,0,30,68
10/01/2018,ROW,NM,ASW,WE,Combined TRACON& Tower with Radar,5,8,2,12,27,0,6,9,0,15,5,14,11,12,42,6,24,30,72
10/02/2018,ROW,NM,ASW,WE,Combined TRACON& Tower with Radar,5,11,3,20,39,0,0,5,5,10,5,11,8,25,49,0,0,0,49
10/03/2018,ROW,NM,ASW,WE,Combined TRACON& Tower with Radar,5,5,14,38,62,0,5,17,2,24,5,10,31,40,86,26,74,100,186
10/04/2018,ROW,NM,ASW,WE,Combined TRACON& Tower with Radar,5,5,13,24,47,0,4,5,0,9,5,9,18,24,56,12,32,44,100
10/05/2018,ROW,NM,ASW,WE,Combined TRACON& Tower with Radar,6,7,7,20,40,0,4,5,0,9,6,11,12,20,49,18,14,32,81
10/06/2018,ROW,NM,ASW,WE,Combined TRACON& Tower with Radar,6,8,4,0,18,0,0,2,0,2,6,8,6,0,20,44,0,44,64
10/07/2018,ROW,NM,ASW,WE,Combined TRACON& Tower with Radar,5,2,5,15,27,0,0,9,0,9,5,2,14,15,36,32,0,32,68
10/08/2018,ROW,NM,ASW,WE,Combined TRACON& Tower with Radar,5,5,8,6,24,0,0,5,0,5,5,5,13,6,29,0,0,0,29
10/09/2018,ROW,NM,ASW,WE,Combined TRACON& Tower with Radar,5,8,10,43,66,0,3,5,10,18,5,11,15,53,84,0,88,88,172
10/10/2018,ROW,NM,ASW,WE,Combined TRACON& Tower with Radar,5,9,23,21,58,0,1,16,4,21,5,10,39,25,79,16,0,16,95
10/11/2018,ROW,NM,ASW,WE,Combined TRACON& Tower with Radar,5,9,10,59,83,0,2,2,16,20,5,11,12,75,103,0,128,128,231
10/12/2018,ROW,NM,ASW,WE,Combined TRACON& Tower with Radar,5,13,5,8,31,0,0,6,0,6,5,13,11,8,37,29,46,75,112
10/13/2018,ROW,NM,ASW,WE,Combined TRACON& Tower with Radar,6,6,10,8,30,0,2,6,5,13,6,8,16,13,43,0,12,12,55
10/14/2018,ROW,NM,ASW,WE,Combined TRACON& Tower with Radar,5,5,4,17,31,0,4,9,2,15,5,9,13,19,46,26,0,26,72
10/15/2018,ROW,NM,ASW,WE,Combined TRACON& Tower with Radar,5,11,5,15,36,0,3,4,5,12,5,14,9,20,48,0,54,54,102
10/16/2018,ROW,NM,ASW,WE,Combined TRACON& Tower with Radar,5,11,9,32,57,0,1,2,2,5,5,12,11,34,62,2,42,44,106
10/17/2018,ROW,NM,ASW,WE,Combined TRACON& Tower with Radar,7,15,21,9,52,0,0,5,0,5,7,15,26,9,57,0,0,0,57
10/18/2018,ROW,NM,ASW,WE,Combined TRACON& Tower with Radar,6,16,8,25,55,0,0,1,0,1,6,16,9,25,56,0,0,0,56
10/19/2018,ROW,NM,ASW,WE,Combined TRACON& Tower with Radar,5,12,7,40,64,0,1,10,11,22,5,13,17,51,86,0,28,28,114
10/20/2018,ROW,NM,ASW,WE,Combined TRACON& Tower with Radar,10,3,9,0,22,0,4,13,2,19,10,7,22,2,41,0,0,0,41
10/21/2018,ROW,NM,ASW,WE,Combined TRACON& Tower with Radar,5,7,3,1,16,0,3,9,1,13,5,10,12,2,29,0,12,12,41
10/22/2018,ROW,NM,ASW,WE,Combined TRACON& Tower with Radar,5,7,5,11,28,0,2,1,0,3,5,9,6,11,31,12,0,12,43
10/23/2018,ROW,NM,ASW,WE,Combined TRACON& Tower with Radar,6,12,6,26,50,0,0,2,0,2,6,12,8,26,52,0,44,44,96
10/24/2018,ROW,NM,ASW,WE,Combined TRACON& Tower with Radar,6,22,7,12,47,0,0,0,0,0,6,22,7,12,47,0,0,0,47
10/25/2018,ROW,NM,ASW,WE,Combined TRACON& Tower with Radar,5,7,5,8,25,0,3,7,0,10,5,10,12,8,35,20,18,38,73
10/26/2018,ROW,NM,ASW,WE,Combined TRACON& Tower with Radar,5,5,12,14,36,0,5,10,1,16,5,10,22,15,52,12,16,28,80
10/27/2018,ROW,NM,ASW,WE,Combined TRACON& Tower with Radar,8,1,2,1,12,0,4,10,1,15,8,5,12,2,27,12,0,12,39
10/28/2018,ROW,NM,ASW,WE,Combined TRACON& Tower with Radar,5,2,5,0,12,0,0,13,0,13,5,2,18,0,25,20,0,20,45
10/29/2018,ROW,NM,ASW,WE,Combined TRACON& Tower with Radar,5,5,5,4,19,0,3,14,0,17,5,8,19,4,36,10,32,42,78
10/30/2018,ROW,NM,ASW,WE,Combined TRACON& Tower with Radar,5,6,4,22,37,0,4,5,6,15,5,10,9,28,52,0,30,30,82
10/31/2018,ROW,NM,ASW,WE,Combined TRACON& Tower with Radar,6,13,8,8,35,0,0,1,0,1,6,13,9,8,36,0,0,0,36
11/01/2018,ROW,NM,ASW,WE,Combined TRACON& Tower with Radar,5,8,9,12,34,0,6,4,12,22,5,14,13,24,56,4,12,16,72
11/02/2018,ROW,NM,ASW,WE,Combined TRACON& Tower with Radar,6,8,6,20,40,0,7,11,3,21,6,15,17,23,61,0,25,25,86
11/03/2018,ROW,NM,ASW,WE,Combined TRACON& Tower with Radar,6,3,2,18,29,0,2,3,5,10,6,5,5,23,39,2,0,2,41
11/04/2018,ROW,NM,ASW,WE,Combined TRACON& Tower with Radar,5,3,8,1,17,0,0,7,2,9,5,3,15,3,26,5,0,5,31
11/05/2018,ROW,NM,ASW,WE,Combined TRACON& Tower with Radar,5,4,1,8,18,0,2,6,2,10,5,6,7,10,28,0,44,44,72
11/06/2018,ROW,NM,ASW,WE,Combined TRACON& Tower with Radar,6,7,8,30,51,0,2,6,2,10,6,9,14,32,61,30,12,42,103
11/07/2018,ROW,NM,ASW,WE,Combined TRACON& Tower with Radar,6,11,6,32,55,0,2,5,5,12,6,13,11,37,67,14,38,52,119
11/08/2018,ROW,NM,ASW,WE,Combined TRACON& Tower with Radar,5,19,7,28,59,0,0,1,0,1,5,19,8,28,60,0,28,28,88
11/09/2018,ROW,NM,ASW,WE,Combined TRACON& Tower with Radar,5,14,8,4,31,0,3,9,0,12,5,17,17,4,43,0,0,0,43
11/10/2018,ROW,NM,ASW,WE,Combined TRACON& Tower with Radar,9,4,3,0,16,6,2,15,0,23,15,6,18,0,39,14,0,14,53
11/11/2018,ROW,NM,ASW,WE,Combined TRACON& Tower with Radar,5,3,6,3,17,0,0,6,0,6,5,3,12,3,23,14,0,14,37
11/12/2018,ROW,NM,ASW,WE,Combined TRACON& Tower with Radar,5,7,4,0,16,0,0,0,2,2,5,7,4,2,18,0,0,0,18
11/13/2018,ROW,NM,ASW,WE,Combined TRACON& Tower with Radar,5,8,4,29,46,0,3,16,0,19,5,11,20,29,65,0,18,18,83
11/14/2018,ROW,NM,ASW,WE,Combined TRACON& Tower with Radar,5,8,9,9,31,0,3,12,3,18,5,11,21,12,49,18,0,18,67
11/15/2018,ROW,NM,ASW,WE,Combined TRACON& Tower with Radar,5,6,5,8,24,0,5,15,1,21,5,11,20,9,45,0,26,26,71
11/16/2018,ROW,NM,ASW,WE,Combined TRACON& Tower with Radar,5,7,7,29,48,0,4,13,0,17,5,11,20,29,65,10,0,10,75
11/17/2018,ROW,NM,ASW,WE,Combined TRACON& Tower with Radar,6,4,4,1,15,0,4,6,0,10,6,8,10,1,25,2,0,2,27
11/18/2018,ROW,NM,ASW,WE,Combined TRACON& Tower with Radar,5,5,10,40,60,0,0,11,0,11,5,5,21,40,71,10,0,10,81
11/19/2018,ROW,NM,ASW,WE,Combined TRACON& Tower with Radar,5,6,6,18,35,0,2,10,4,16,5,8,16,22,51,12,12,24,75
11/20/2018,ROW,NM,ASW,WE,Combined TRACON& Tower with Radar,7,7,4,15,33,0,5,12,0,17,7,12,16,15,50,2,4,6,56
11/21/2018,ROW,NM,ASW,WE,Combined TRACON& Tower with Radar,5,10,15,20,50,0,6,15,1,22,5,16,30,21,72,12,64,76,148
11/22/2018,ROW,NM,ASW,WE,Combined TRACON& Tower with Radar,3,1,3,0,7,0,0,5,1,6,3,1,8,1,13,0,0,0,13
11/23/2018,ROW,NM,ASW,WE,Combined TRACON& Tower with Radar,4,4,1,0,9,0,5,3,0,8,4,9,4,0,17,0,0,0,17
11/24/2018,ROW,NM,ASW,WE,Combined TRACON& Tower with Radar,7,3,0,0,10,0,4,11,0,15,7,7,11,0,25,0,0,0,25
11/25/2018,ROW,NM,ASW,WE,Combined TRACON& Tower with Radar,7,4,17,0,28,0,1,11,0,12,7,5,28,0,40,1,0,1,41
11/26/2018,ROW,NM,ASW,WE,Combined TRACON& Tower with Radar,5,4,8,3,20,0,5,9,0,14,5,9,17,3,34,8,0,8,42
11/27/2018,ROW,NM,ASW,WE,Combined TRACON& Tower with Radar,5,10,6,23,44,0,9,14,6,29,5,19,20,29,73,12,30,42,115
11/28/2018,ROW,NM,ASW,WE,Combined TRACON& Tower with Radar,5,8,10,0,23,0,6,4,0,10,5,14,14,0,33,6,0,6,39
11/29/2018,ROW,NM,ASW,WE,Combined TRACON& Tower with Radar,5,13,2,16,36,0,11,9,0,20,5,24,11,16,56,0,44,44,100
11/30/2018,ROW,NM,ASW,WE,Combined TRACON& Tower with Radar,6,12,11,26,55,0,6,2,0,8,6,18,13,26,63,0,0,0,63
12/01/2018,ROW,NM,ASW,WE,Combined TRACON& Tower with Radar,6,3,1,2,12,0,10,1,0,11,6,13,2,2,23,0,0,0,23
12/02/2018,ROW,NM,ASW,WE,Combined TRACON& Tower with Radar,5,3,2,14,24,0,0,3,0,3,5,3,5,14,27,0,0,0,27
12/03/2018,ROW,NM,ASW,WE,Combined TRACON& Tower with Radar,4,6,12,2,24,0,4,10,0,14,4,10,22,2,38,4,4,8,46
12/04/2018,ROW,NM,ASW,WE,Combined TRACON& Tower with Radar,6,8,17,1,32,0,6,18,14,38,6,14,35,15,70,28,0,28,98
12/05/2018,ROW,NM,ASW,WE,Combined TRACON& Tower with Radar,7,9,10,0,26,0,6,0,10,16,7,15,10,10,42,10,0,10,52
12/06/2018,ROW,NM,ASW,WE,Combined TRACON& Tower with Radar,6,10,10,40,66,0,5,3,4,12,6,15,13,44,78,0,42,42,120
12/07/2018,ROW,NM,ASW,WE,Combined TRACON& Tower with Radar,6,14,5,2,27,0,0,0,0,0,6,14,5,2,27,0,0,0,27
12/08/2018,ROW,NM,ASW,WE,Combined TRACON& Tower with Radar,6,3,8,4,21,0,2,3,1,6,6,5,11,5,27,1,0,1,28
12/09/2018,ROW,NM,ASW,WE,Combined TRACON& Tower with Radar,5,2,12,0,19,0,0,0,0,0,5,2,12,0,19,0,0,0,19
12/10/2018,ROW,NM,ASW,WE,Combined TRACON& Tower with Radar,4,8,9,2,23,0,1,9,1,11,4,9,18,3,34,16,2,18,52
12/11/2018,ROW,NM,ASW,WE,Combined TRACON& Tower with Radar,5,13,14,24,56,0,1,5,0,6,5,14,19,24,62,1,0,1,63
12/12/2018,ROW,NM,ASW,WE,Combined TRACON& Tower with Radar,5,9,11,2,27,0,9,9,0,18,5,18,20,2,45,0,0,0,45
12/13/2018,ROW,NM,ASW,WE,Combined TRACON& Tower with Radar,5,12,7,5,29,0,5,1,2,8,5,17,8,7,37,0,0,0,37
12/14/2018,ROW,NM,ASW,WE,Combined TRACON& Tower with Radar,8,8,23,102,141,0,6,12,3,21,8,14,35,105,162,0,134,134,296
12/15/2018,ROW,NM,ASW,WE,Combined TRACON& Tower with Radar,5,5,17,6,33,0,4,18,2,24,5,9,35,8,57,0,0,0,57
12/16/2018,ROW,NM,ASW,WE,Combined TRACON& Tower with Radar,5,7,4,4,20,0,0,15,0,15,5,7,19,4,35,6,0,6,41
12/17/2018,ROW,NM,ASW,WE,Combined TRACON& Tower with Radar,7,10,11,24,52,0,1,5,0,6,7,11,16,24,58,0,72,72,130
12/18/2018,ROW,NM,ASW,WE,Combined TRACON& Tower with Radar,6,11,9,6,32,0,4,6,7,17,6,15,15,13,49,12,32,44,93
12/19/2018,ROW,NM,ASW,WE,Combined TRACON& Tower with Radar,7,6,10,6,29,1,2,11,6,20,8,8,21,12,49,0,50,50,99
12/20/2018,ROW,NM,ASW,WE,Combined TRACON& Tower with Radar,7,7,8,17,39,0,8,20,6,34,7,15,28,23,73,12,22,34,107
12/21/2018,ROW,NM,ASW,WE,Combined TRACON& Tower with Radar,7,4,15,5,31,0,8,16,0,24,7,12,31,5,55,0,6,6,61
12/22/2018,ROW,NM,ASW,WE,Combined TRACON& Tower with Radar,7,2,6,0,15,0,4,7,0,11,7,6,13,0,26,16,0,16,42
12/23/2018,ROW,NM,ASW,WE,Combined TRACON& Tower with Radar,7,0,4,0,11,0,1,5,0,6,7,1,9,0,17,0,0,0,17
12/24/2018,ROW,NM,ASW,WE,Combined TRACON& Tower with Radar,6,1,10,0,17,0,4,2,0,6,6,5,12,0,23,10,0,10,33
12/25/2018,ROW,NM,ASW,WE,Combined TRACON& Tower with Radar,5,2,3,2,12,0,2,9,0,11,5,4,12,2,23,4,0,4,27
12/26/2018,ROW,NM,ASW,WE,Combined TRACON& Tower with Radar,5,10,5,7,27,0,0,1,0,1,5,10,6,7,28,0,10,10,38
12/27/2018,ROW,NM,ASW,WE,Combined TRACON& Tower with Radar,6,8,11,27,52,0,2,8,5,15,6,10,19,32,67,4,62,66,133
12/28/2018,ROW,NM,ASW,WE,Combined TRACON& Tower with Radar,5,4,6,0,15,0,0,0,0,0,5,4,6,0,15,0,0,0,15
12/29/2018,ROW,NM,ASW,WE,Combined TRACON& Tower with Radar,6,6,8,0,20,0,4,12,0,16,6,10,20,0,36,0,0,0,36
12/30/2018,ROW,NM,ASW,WE,Combined TRACON& Tower with Radar,7,1,1,0,9,0,1,13,0,14,7,2,14,0,23,4,0,4,27
12/31/2018,ROW,NM,ASW,WE,Combined TRACON& Tower with Radar,6,5,6,0,17,0,0,16,0,16,6,5,22,0,33,42,0,42,75
01/01/2019,ROW,NM,ASW,WE,Combined TRACON& Tower with Radar,6,1,4,0,11,0,0,0,0,0,6,1,4,0,11,0,0,0,11
01/02/2019,ROW,NM,ASW,WE,Combined TRACON& Tower with Radar,9,16,10,0,35,0,0,0,0,0,9,16,10,0,35,0,0,0,35
01/03/2019,ROW,NM,ASW,WE,Combined TRACON& Tower with Radar,7,4,7,8,26,0,6,12,0,18,7,10,19,8,44,0,0,0,44
01/04/2019,ROW,NM,ASW,WE,Combined TRACON& Tower with Radar,7,4,7,8,26,0,5,16,7,28,7,9,23,15,54,6,0,6,60
01/05/2019,ROW,NM,ASW,WE,Combined TRACON& Tower with Radar,6,1,5,27,39,0,7,15,0,22,6,8,20,27,61,10,22,32,93
01/06/2019,ROW,NM,ASW,WE,Combined TRACON& Tower with Radar,7,1,2,2,12,0,0,4,6,10,7,1,6,8,22,0,0,0,22
01/07/2019,ROW,NM,ASW,WE,Combined TRACON& Tower with Radar,8,1,10,32,51,0,5,14,6,25,8,6,24,38,76,0,42,42,118
01/08/2019,ROW,NM,ASW,WE,Combined TRACON& Tower with Radar,5,3,4,44,56,0,10,12,0,22,5,13,16,44,78,0,48,48,126
01/09/2019,ROW,NM,ASW,WE,Combined TRACON& Tower with Radar,4,6,17,20,47,0,4,10,8,22,4,10,27,28,69,20,78,98,167
01/10/2019,ROW,NM,ASW,WE,Combined TRACON& Tower with Radar,7,8,9,25,49,0,3,3,1,7,7,11,12,26,56,0,28,28,84
01/11/2019,ROW,NM,ASW,WE,Combined TRACON& Tower with Radar,7,6,4,66,83,0,2,10,1,13,7,8,14,67,96,16,104,120,216
01/12/2019,ROW,NM,ASW,WE,Combined TRACON& Tower with Radar,6,1,4,18,29,0,2,7,0,9,6,3,11,18,38,0,0,0,38
01/13/2019,ROW,NM,ASW,WE,Combined TRACON& Tower with Radar,6,8,3,9,26,0,0,1,3,4,6,8,4,12,30,0,0,0,30
01/14/2019,ROW,NM,ASW,WE,Combined TRACON& Tower with Radar,6,14,7,16,43,0,0,4,0,4,6,14,11,16,47,0,26,26,73
01/15/2019,ROW,NM,ASW,WE,Combined TRACON& Tower with Radar,5,11,7,34,57,0,1,11,2,14,5,12,18,36,71,6,34,40,111
01/16/2019,ROW,NM,ASW,WE,Combined TRACON& Tower with Radar,6,10,8,37,61,0,3,3,0,6,6,13,11,37,67,0,54,54,121
01/17/2019,ROW,NM,ASW,WE,Combined TRACON& Tower with Radar,8,3,9,15,35,0,8,6,0,14,8,11,15,15,49,0,10,10,59
01/18/2019,ROW,NM,ASW,WE,Combined TRACON& Tower with Radar,8,10,3,6,27,0,1,2,0,3,8,11,5,6,30,0,0,0,30
01/19/2019,ROW,NM,ASW,WE,Combined TRACON& Tower with Radar,5,1,10,8,24,0,5,15,0,20,5,6,25,8,44,16,0,16,60
01/20/2019,ROW,NM,ASW,WE,Combined TRACON& Tower with Radar,6,1,4,2,13,0,1,10,0,11,6,2,14,2,24,0,0,0,24
01/21/2019,ROW,NM,ASW,WE,Combined TRACON& Tower with Radar,7,1,4,0,12,0,4,11,0,15,7,5,15,0,27,0,0,0,27
01/22/2019,ROW,NM,ASW,WE,Combined TRACON& Tower with Radar,7,8,6,3,24,0,1,5,0,6,7,9,11,3,30,0,22,22,52
01/23/2019,ROW,NM,ASW,WE,Combined TRACON& Tower with Radar,5,4,4,1,14,0,5,5,1,11,5,9,9,2,25,0,0,0,25
01/24/2019,ROW,NM,ASW,WE,Combined TRACON& Tower with Radar,8,8,4,7,27,0,4,13,2,19,8,12,17,9,46,4,0,4,50
01/25/2019,ROW,NM,ASW,WE,Combined TRACON& Tower with Radar,8,4,6,10,28,0,4,14,18,36,8,8,20,28,64,38,0,38,102
01/26/2019,ROW,NM,ASW,WE,Combined TRACON& Tower with Radar,7,5,6,7,25,0,6,16,42,64,7,11,22,49,89,30,0,30,119
01/27/2019,ROW,NM,ASW,WE,Combined TRACON& Tower with Radar,7,0,4,9,20,0,0,8,57,65,7,0,12,66,85,12,16,28,113
01/28/2019,ROW,NM,ASW,WE,Combined TRACON& Tower with Radar,8,8,10,50,76,0,1,14,131,146,8,9,24,181,222,0,366,366,588
01/29/2019,ROW,NM,ASW,WE,Combined TRACON& Tower with Radar,7,12,5,78,102,0,6,18,119,143,7,18,23,197,245,0,158,158,403
01/30/2019,ROW,NM,ASW,WE,Combined TRACON& Tower with Radar,6,5,12,71,94,0,7,15,122,144,6,12,27,193,238,10,86,96,334
01/31/2019,ROW,NM,ASW,WE,Combined TRACON& Tower with Radar,8,4,12,68,92,0,4,15,107,126,8,8,27,175,218,0,222,222,440
02/01/2019,ROW,NM,ASW,WE,Combined TRACON& Tower with Radar,8,3,5,102,118,0,8,14,134,156,8,11,19,236,274,0,194,194,468
02/02/2019,ROW,NM,ASW,WE,Combined TRACON& Tower with Radar,7,3,2,58,70,0,5,8,128,141,7,8,10,186,211,2,266,268,479
02/03/2019,ROW,NM,ASW,WE,Combined TRACON& Tower with Radar,7,1,3,13,24,0,4,10,1,15,7,5,13,14,39,4,28,32,71
02/04/2019,ROW,NM,ASW,WE,Combined TRACON& Tower with Radar,8,4,6,81,99,0,3,15,167,185,8,7,21,248,284,0,378,378,662
02/05/2019,ROW,NM,ASW,WE,Combined TRACON& Tower with Radar,3,8,7,71,89,0,3,5,134,142,3,11,12,205,231,0,279,279,510
02/06/2019,ROW,NM,ASW,WE,Combined TRACON& Tower with Radar,3,6,7,45,61,0,1,2,39,42,3,7,9,84,103,0,178,178,281
02/07/2019,ROW,NM,ASW,WE,Combined TRACON& Tower with Radar,7,5,19,67,98,0,4,8,127,139,7,9,27,194,237,42,174,216,453
02/08/2019,ROW,NM,ASW,WE,Combined TRACON& Tower with Radar,7,5,5,88,105,0,3,11,113,127,7,8,16,201,232,0,174,174,406
02/09/2019,ROW,NM,ASW,WE,Combined TRACON& Tower with Radar,6,1,6,35,48,0,4,22,93,119,6,5,28,128,167,56,322,378,545
02/10/2019,ROW,NM,ASW,WE,Combined TRACON& Tower with Radar,7,3,5,28,43,0,1,18,0,19,7,4,23,28,62,12,0,12,74
02/11/2019,ROW,NM,ASW,WE,Combined TRACON& Tower with Radar,8,7,5,49,69,0,0,2,69,71,8,7,7,118,140,16,188,204,344
02/12/2019,ROW,NM,ASW,WE,Combined TRACON& Tower with Radar,3,7,16,44,70,0,4,12,144,160,3,11,28,188,230,13,126,139,369
02/13/2019,ROW,NM,ASW,WE,Combined TRACON& Tower with Radar,3,3,13,47,66,0,5,11,142,158,3,8,24,189,224,6,194,200,424
02/14/2019,ROW,NM,ASW,WE,Combined TRACON& Tower with Radar,8,7,10,38,63,0,2,7,142,151,8,9,17,180,214,0,344,344,558
02/15/2019,ROW,NM,ASW,WE,Combined TRACON& Tower with Radar,7,4,6,32,49,0,9,9,136,154,7,13,15,168,203,3,234,237,440
02/16/2019,ROW,NM,ASW,WE,Combined TRACON& Tower with Radar,5,3,0,18,26,0,4,2,43,49,5,7,2,61,75,0,114,114,189
02/17/2019,ROW,NM,ASW,WE,Combined TRACON& Tower with Radar,7,2,9,25,43,0,3,8,49,60,7,5,17,74,103,0,34,34,137
02/18/2019,ROW,NM,ASW,WE,Combined TRACON& Tower with Radar,8,4,7,68,87,0,0,6,136,142,8,4,13,204,229,10,342,352,581
02/19/2019,ROW,NM,ASW,WE,Combined TRACON& Tower with Radar,3,7,7,65,82,0,1,1,62,64,3,8,8,127,146,24,362,386,532
02/20/2019,ROW,NM,ASW,WE,Combined TRACON& Tower with Radar,5,6,8,58,77,0,5,22,74,101,5,11,30,132,178,0,138,138,316
02/21/2019,ROW,NM,ASW,WE,Combined TRACON& Tower with Radar,7,6,14,63,90,0,4,12,97,113,7,10,26,160,203,0,218,218,421
02/22/2019,ROW,NM,ASW,WE,Combined TRACON& Tower with Radar,7,7,11,96,121,0,2,2,126,130,7,9,13,222,251,42,256,298,549
02/23/2019,ROW,NM,ASW,WE,Combined TRACON& Tower with Radar,5,4,6,8,23,0,4,2,8,14,5,8,8,16,37,0,0,0,37
02/24/2019,ROW,NM,ASW,WE,Combined TRACON& Tower with Radar,8,1,12,9,30,0,3,8,1,12,8,4,20,10,42,0,0,0,42
02/25/2019,ROW,NM,ASW,WE,Combined TRACON& Tower with Radar,7,2,4,51,64,0,3,5,143,151,7,5,9,194,215,0,354,354,569
02/26/2019,ROW,NM,ASW,WE,Combined TRACON& Tower with Radar,5,8,5,83,101,0,7,10,101,118,5,15,15,184,219,42,328,370,589
02/27/2019,ROW,NM,ASW,WE,Combined TRACON& Tower with Radar,6,5,5,86,102,0,5,8,122,135,6,10,13,208,237,0,298,298,535
02/28/2019,ROW,NM,ASW,WE,Combined TRACON& Tower with Radar,7,7,5,51,70,0,6,11,116,133,7,13,16,167,203,0,172,172,375
03/01/2019,ROW,NM,ASW,WE,Combined TRACON& Tower with Radar,7,3,19,77,106,0,8,10,107,125,7,11,29,184,231,0,207,207,438
03/02/2019,ROW,NM,ASW,WE,Combined TRACON& Tower with Radar,5,3,8,65,81,0,7,6,104,117,5,10,14,169,198,0,56,56,254
03/03/2019,ROW,NM,ASW,WE,Combined TRACON& Tower with Radar,8,1,3,17,29,0,0,3,0,3,8,1,6,17,32,0,0,0,32
03/04/2019,ROW,NM,ASW,WE,Combined TRACON& Tower with Radar,6,8,4,1,19,0,2,1,32,35,6,10,5,33,54,30,0,30,84
03/05/2019,ROW,NM,ASW,WE,Combined TRACON& Tower with Radar,7,6,17,58,88,0,5,15,54,74,7,11,32,112,162,18,104,122,284
03/06/2019,ROW,NM,ASW,WE,Combined TRACON& Tower with Radar,8,5,14,62,89,0,6,11,108,125,8,11,25,170,214,0,162,162,376
03/07/2019,ROW,NM,ASW,WE,Combined TRACON& Tower with Radar,7,7,11,31,56,0,4,3,68,75,7,11,14,99,131,10,62,72,203
03/08/2019,ROW,NM,ASW,WE,Combined TRACON& Tower with Radar,7,5,12,52,76,0,2,1,41,44,7,7,13,93,120,0,106,106,226
03/09/2019,ROW,NM,ASW,WE,Combined TRACON& Tower with Radar,9,2,12,53,76,0,4,25,96,125,9,6,37,149,201,0,108,108,309
03/10/2019,ROW,NM,ASW,WE,Combined TRACON& Tower with Radar,7,1,4,0,12,0,0,6,0,6,7,1,10,0,18,0,0,0,18
03/11/2019,ROW,NM,ASW,WE,Combined TRACON& Tower with Radar,7,8,11,165,191,0,0,5,61,66,7,8,16,226,257,8,155,163,420
03/12/2019,ROW,NM,ASW,WE,Combined TRACON& Tower with Radar,5,10,5,14,34,0,0,0,0,0,5,10,5,14,34,0,0,0,34
03/13/2019,ROW,NM,ASW,WE,Combined TRACON& Tower with Radar,2,2,1,0,5,0,0,2,0,2,2,2,3,0,7,0,0,0,7
03/14/2019,ROW,NM,ASW,WE,Combined TRACON& Tower with Radar,6,8,11,48,73,0,3,25,106,134,6,11,36,154,207,0,42,42,249
03/15/2019,ROW,NM,ASW,WE,Combined TRACON& Tower with Radar,7,8,3,101,119,0,5,24,84,113,7,13,27,185,232,2,186,188,420
03/16/2019,ROW,NM,ASW,WE,Combined TRACON& Tower with Radar,6,3,7,19,35,0,3,9,114,126,6,6,16,133,161,0,166,166,327
03/17/2019,ROW,NM,ASW,WE,Combined TRACON& Tower with Radar,7,0,3,22,32,0,2,15,6,23,7,2,18,28,55,0,0,0,55
03/18/2019,ROW,NM,ASW,WE,Combined TRACON& Tower with Radar,7,4,22,70,103,0,5,15,149,169,7,9,37,219,272,20,208,228,500
03/19/2019,ROW,NM,ASW,WE,Combined TRACON& Tower with Radar,5,6,18,36,65,0,0,15,137,152,5,6,33,173,217,10,261,271,488
03/20/2019,ROW,NM,ASW,WE,Combined TRACON& Tower with Radar,8,8,24,68,108,0,3,11,114,128,8,11,35,182,236,32,237,269,505
03/21/2019,ROW,NM,ASW,WE,Combined TRACON& Tower with Radar,9,8,15,49,81,0,1,6,113,120,9,9,21,162,201,14,293,307,508
03/22/2019,ROW,NM,ASW,WE,Combined TRACON& Tower with Radar,7,5,9,74,95,0,2,5,86,93,7,7,14,160,188,0,210,210,398
03/23/2019,ROW,NM,ASW,WE,Combined TRACON& Tower with Radar,5,4,10,22,41,0,5,15,160,180,5,9,25,182,221,0,236,236,457
03/24/2019,ROW,NM,ASW,WE,Combined TRACON& Tower with Radar,7,0,3,6,16,0,0,15,13,28,7,0,18,19,44,2,10,12,56
03/25/2019,ROW,NM,ASW,WE,Combined TRACON& Tower with Radar,7,1,13,71,92,0,0,10,145,155,7,1,23,216,247,0,162,162,409
03/26/2019,ROW,NM,ASW,WE,Combined TRACON& Tower with Radar,5,6,14,72,97,0,4,10,124,138,5,10,24,196,235,0,252,252,487
03/27/2019,ROW,NM,ASW,WE,Combined TRACON& Tower with Radar,7,4,14,35,60,0,3,11,111,125,7,7,25,146,185,8,74,82,267
03/28/2019,ROW,NM,ASW,WE,Combined TRACON& Tower with Radar,7,2,8,50,67,0,2,9,90,101,7,4,17,140,168,0,76,76,244
03/29/2019,ROW,NM,ASW,WE,Combined TRACON& Tower with Radar,7,5,9,66,87,0,4,8,117,129,7,9,17,183,216,0,180,180,396
03/30/2019,ROW,NM,ASW,WE,Combined TRACON& Tower with Radar,5,1,5,30,41,0,6,4,109,119,5,7,9,139,160,0,42,42,202
03/31/2019,ROW,NM,ASW,WE,Combined TRACON& Tower with Radar,8,3,4,37,52,0,0,10,0,10,8,3,14,37,62,8,18,26,88
04/01/2019,ROW,NM,ASW,WE,Combined TRACON& Tower with Radar,5,2,7,39,53,0,3,17,104,124,5,5,24,143,177,6,94,100,277
04/02/2019,ROW,NM,ASW,WE,Combined TRACON& Tower with Radar,7,3,5,18,33,0,5,3,124,132,7,8,8,142,165,2,64,66,231
04/03/2019,ROW,NM,ASW,WE,Combined TRACON& Tower with Radar,9,8,17,48,82,0,3,6,112,121,9,11,23,160,203,0,176,176,379
04/04/2019,ROW,NM,ASW,WE,Combined TRACON& Tower with Radar,9,5,17,58,89,0,3,13,117,133,9,8,30,175,222,0,142,142,364
04/05/2019,ROW,NM,ASW,WE,Combined TRACON& Tower with Radar,12,4,14,39,69,0,4,5,122,131,12,8,19,161,200,0,82,82,282
04/06/2019,ROW,NM,ASW,WE,Combined TRACON& Tower with Radar,5,6,3,25,39,0,5,22,104,131,5,11,25,129,170,30,124,154,324
04/07/2019,ROW,NM,ASW,WE,Combined TRACON& Tower with Radar,9,2,2,8,21,0,1,12,0,13,9,3,14,8,34,0,10,10,44
04/08/2019,ROW,NM,ASW,WE,Combined TRACON& Tower with Radar,9,3,6,32,50,0,1,8,84,93,9,4,14,116,143,0,134,134,277
04/09/2019,ROW,NM,ASW,WE,Combined TRACON& Tower with Radar,9,3,16,61,89,0,5,9,37,51,9,8,25,98,140,8,82,90,230
04/10/2019,ROW,NM,ASW,WE,Combined TRACON& Tower with Radar,8,2,0,0,10,0,2,0,0,2,8,4,0,0,12,0,0,0,12
04/11/2019,ROW,NM,ASW,WE,Combined TRACON& Tower with Radar,9,6,6,10,31,0,3,10,4,17,9,9,16,14,48,8,0,8,56
04/12/2019,ROW,NM,ASW,WE,Combined TRACON& Tower with Radar,9,11,8,88,116,0,5,11,4,20,9,16,19,92,136,12,64,76,212
04/13/2019,ROW,NM,ASW,WE,Combined TRACON& Tower with Radar,5,5,5,63,78,0,0,4,0,4,5,5,9,63,82,2,20,22,104
04/14/2019,ROW,NM,ASW,WE,Combined TRACON& Tower with Radar,9,0,5,8,22,0,0,10,5,15,9,0,15,13,37,0,6,6,43
04/15/2019,ROW,NM,ASW,WE,Combined TRACON& Tower with Radar,9,3,9,6,27,0,5,9,2,16,9,8,18,8,43,14,0,14,57
04/16/2019,ROW,NM,ASW,WE,Combined TRACON& Tower with Radar,9,6,12,31,58,0,4,9,6,19,9,10,21,37,77,40,30,70,147
04/17/2019,ROW,NM,ASW,WE,Combined TRACON& Tower with Radar,9,6,5,23,43,0,1,1,2,4,9,7,6,25,47,0,0,0,47
04/18/2019,ROW,NM,ASW,WE,Combined TRACON& Tower with Radar,11,6,11,78,106,0,5,15,20,40,11,11,26,98,146,20,214,234,380
04/19/2019,ROW,NM,ASW,WE,Combined TRACON& Tower with Radar,11,3,7,12,33,0,3,19,2,24,11,6,26,14,57,0,0,0,57
04/20/2019,ROW,NM,ASW,WE,Combined TRACON& Tower with Radar,5,1,5,1,12,0,2,15,2,19,5,3,20,3,31,12,0,12,43
04/21/2019,ROW,NM,ASW,WE,Combined TRACON& Tower with Radar,9,1,3,25,38,0,0,0,0,0,9,1,3,25,38,0,0,0,38
04/22/2019,ROW,NM,ASW,WE,Combined TRACON& Tower with Radar,9,2,12,8,31,0,3,6,2,11,9,5,18,10,42,16,0,16,58
04/23/2019,ROW,NM,ASW,WE,Combined TRACON& Tower with Radar,9,10,7,18,44,0,3,8,2,13,9,13,15,20,57,7,20,27,84
04/24/2019,ROW,NM,ASW,WE,Combined TRACON& Tower with Radar,7,16,14,28,65,0,4,7,4,15,7,20,21,32,80,10,30,40,120
04/25/2019,ROW,NM,ASW,WE,Combined TRACON& Tower with Radar,10,4,2,20,36,0,2,18,7,27,10,6,20,27,63,0,0,0,63
04/26/2019,ROW,NM,ASW,WE,Combined TRACON& Tower with Radar,11,5,8,37,61,0,4,13,7,24,11,9,21,44,85,10,34,44,129
04/27/2019,ROW,NM,ASW,WE,Combined TRACON& Tower with Radar,5,1,3,6,15,0,6,15,0,21,5,7,18,6,36,1,36,37,73
04/28/2019,ROW,NM,ASW,WE,Combined TRACON& Tower with Radar,9,1,3,12,25,0,2,9,2,13,9,3,12,14,38,0,0,0,38
04/29/2019,ROW,NM,ASW,WE,Combined TRACON& Tower with Radar,9,2,4,27,42,0,1,7,2,10,9,3,11,29,52,14,0,14,66
04/30/2019,ROW,NM,ASW,WE,Combined TRACON& Tower with Radar,7,5,12,30,54,0,6,5,9,20,7,11,17,39,74,0,48,48,122
05/01/2019,ROW,NM,ASW,WE,Combined TRACON& Tower with Radar,7,7,14,44,72,0,6,14,8,28,7,13,28,52,100,0,62,62,162
05/02/2019,ROW,NM,ASW,WE,Combined TRACON& Tower with Radar,8,10,12,74,104,0,2,9,24,35,8,12,21,98,139,12,162,174,313
05/03/2019,ROW,NM,ASW,WE,Combined TRACON& Tower with Radar,7,43,9,78,137,0,3,10,3,16,7,46,19,81,153,0,52,52,205
05/04/2019,ROW,NM,ASW,WE,Combined TRACON& Tower with Radar,7,5,8,6,26,0,3,11,0,14,7,8,19,6,40,128,0,128,168
05/05/2019,ROW,NM,ASW,WE,Combined TRACON& Tower with Radar,7,9,7,8,31,0,0,2,3,5,7,9,9,11,36,0,0,0,36
05/06/2019,ROW,NM,ASW,WE,Combined TRACON& Tower with Radar,8,6,4,45,63,0,2,11,1,14,8,8,15,46,77,4,44,48,125
05/07/2019,ROW,NM,ASW,WE,Combined TRACON& Tower with Radar,7,7,21,94,129,0,8,9,14,31,7,15,30,108,160,0,72,72,232
05/08/2019,ROW,NM,ASW,WE,Combined TRACON& Tower with Radar,5,8,8,12,33,0,5,9,5,19,5,13,17,17,52,0,44,44,96
05/09/2019,ROW,NM,ASW,WE,Combined TRACON& Tower with Radar,7,8,18,28,61,0,3,2,2,7,7,11,20,30,68,0,32,32,100
05/10/2019,ROW,NM,ASW,WE,Combined TRACON& Tower with Radar,7,11,6,9,33,0,2,2,5,9,7,13,8,14,42,0,0,0,42
05/11/2019,ROW,NM,ASW,WE,Combined TRACON& Tower with Radar,7,2,10,2,21,0,5,11,0,16,7,7,21,2,37,2,0,2,39
05/12/2019,ROW,NM,ASW,WE,Combined TRACON& Tower with Radar,7,1,5,4,17,0,0,1,0,1,7,1,6,4,18,0,0,0,18
05/13/2019,ROW,NM,ASW,WE,Combined TRACON& Tower with Radar,8,3,7,15,33,0,3,5,5,13,8,6,12,20,46,1,8,9,55
05/14/2019,ROW,NM,ASW,WE,Combined TRACON& Tower with Radar,7,6,9,31,53,0,1,12,6,19,7,7,21,37,72,6,16,22,94
05/15/2019,ROW,NM,ASW,WE,Combined TRACON& Tower with Radar,7,4,11,28,50,0,2,10,2,14,7,6,21,30,64,2,4,6,70
05/16/2019,ROW,NM,ASW,WE,Combined TRACON& Tower with Radar,7,6,12,33,58,0,7,13,14,34,7,13,25,47,92,0,0,0,92
05/17/2019,ROW,NM,ASW,WE,Combined TRACON& Tower with Radar,7,3,3,14,27,0,6,4,0,10,7,9,7,14,37,0,12,12,49
05/18/2019,ROW,NM,ASW,WE,Combined TRACON& Tower with Radar,3,2,3,0,8,0,5,8,2,15,3,7,11,2,23,33,0,33,56
05/19/2019,ROW,NM,ASW,WE,Combined TRACON& Tower with Radar,6,0,20,16,42,0,1,9,0,10,6,1,29,16,52,16,4,20,72
05/20/2019,ROW,NM,ASW,WE,Combined TRACON& Tower with Radar,7,2,11,6,26,0,1,4,6,11,7,3,15,12,37,0,56,56,93
05/21/2019,ROW,NM,ASW,WE,Combined TRACON& Tower with Radar,8,7,10,18,43,0,2,6,9,17,8,9,16,27,60,0,12,12,72
05/22/2019,ROW,NM,ASW,WE,Combined TRACON& Tower with Radar,7,5,10,57,79,0,4,6,5,15,7,9,16,62,94,0,106,106,200
05/23/2019,ROW,NM,ASW,WE,Combined TRACON& Tower with Radar,7,3,5,34,49,0,4,3,5,12,7,7,8,39,61,0,48,48,109
05/24/2019,ROW,NM,ASW,WE,Combined TRACON& Tower with Radar,8,5,5,0,18,0,3,13,0,16,8,8,18,0,34,0,0,0,34
05/25/2019,ROW,NM,ASW,WE,Combined TRACON& Tower with Radar,8,1,5,0,14,0,1,10,0,11,8,2,15,0,25,18,0,18,43
05/26/2019,ROW,NM,ASW,WE,Combined TRACON& Tower with Radar,8,1,6,8,23,0,1,13,0,14,8,2,19,8,37,12,0,12,49
05/27/2019,ROW,NM,ASW,WE,Combined TRACON& Tower with Radar,7,0,3,0,10,0,1,6,0,7,7,1,9,0,17,0,0,0,17
05/28/2019,ROW,NM,ASW,WE,Combined TRACON& Tower with Radar,7,1,8,19,35,0,3,9,1,13,7,4,17,20,48,18,42,60,108
05/29/2019,ROW,NM,ASW,WE,Combined TRACON& Tower with Radar,7,3,22,76,108,0,3,14,20,37,7,6,36,96,145,0,110,110,255
05/30/2019,ROW,NM,ASW,WE,Combined TRACON& Tower with Radar,7,9,14,5,35,0,2,3,10,15,7,11,17,15,50,0,24,24,74
05/31/2019,ROW,NM,ASW,WE,Combined TRACON& Tower with Radar,7,3,15,22,47,0,4,8,6,18,7,7,23,28,65,34,34,68,133
06/01/2019,ROW,NM,ASW,WE,Combined TRACON& Tower with Radar,7,3,0,0,10,0,1,8,0,9,7,4,8,0,19,1,0,1,20
06/02/2019,ROW,NM,ASW,WE,Combined TRACON& Tower with Radar,6,4,6,2,18,0,3,4,0,7,6,7,10,2,25,0,0,0,25
06/03/2019,ROW,NM,ASW,WE,Combined TRACON& Tower with Radar,7,7,6,22,42,0,1,7,1,9,7,8,13,23,51,14,12,26,77
06/04/2019,ROW,NM,ASW,WE,Combined TRACON& Tower with Radar,7,5,8,2,22,0,3,19,1,23,7,8,27,3,45,94,22,116,161
06/05/2019,ROW,NM,ASW,WE,Combined TRACON& Tower with Radar,7,7,18,22,54,0,5,8,6,19,7,12,26,28,73,20,14,34,107
06/06/2019,ROW,NM,ASW,WE,Combined TRACON& Tower with Radar,7,6,10,0,23,0,3,15,0,18,7,9,25,0,41,0,0,0,41
06/07/2019,ROW,NM,ASW,WE,Combined TRACON& Tower with Radar,8,4,12,2,26,0,5,13,1,19,8,9,25,3,45,0,0,0,45
06/08/2019,ROW,NM,ASW,WE,Combined TRACON& Tower with Radar,5,4,1,0,10,0,3,12,0,15,5,7,13,0,25,66,0,66,91
06/09/2019,ROW,NM,ASW,WE,Combined TRACON& Tower with Radar,7,2,9,9,27,0,1,5,0,6,7,3,14,9,33,11,0,11,44
06/10/2019,ROW,NM,ASW,WE,Combined TRACON& Tower with Radar,7,1,8,2,18,0,1,4,0,5,7,2,12,2,23,0,0,0,23
06/11/2019,ROW,NM,ASW,WE,Combined TRACON& Tower with Radar,5,3,2,20,30,0,5,13,0,18,5,8,15,20,48,8,14,22,70
06/12/2019,ROW,NM,ASW,WE,Combined TRACON& Tower with Radar,5,4,7,3,19,0,3,10,0,13,5,7,17,3,32,6,24,30,62
06/13/2019,ROW,NM,ASW,WE,Combined TRACON& Tower with Radar,7,3,7,12,29,0,3,1,0,4,7,6,8,12,33,14,10,24,57
06/14/2019,ROW,NM,ASW,WE,Combined TRACON& Tower with Radar,7,5,5,13,30,0,5,10,6,21,7,10,15,19,51,0,48,48,99
06/15/2019,ROW,NM,ASW,WE,Combined TRACON& Tower with Radar,5,1,10,0,16,0,7,9,0,16,5,8,19,0,32,71,0,71,103
06/16/2019,ROW,NM,ASW,WE,Combined TRACON& Tower with Radar,5,0,6,0,11,0,1,8,0,9,5,1,14,0,20,1,0,1,21
06/17/2019,ROW,NM,ASW,WE,Combined TRACON& Tower with Radar,7,2,9,10,28,0,2,4,2,8,7,4,13,12,36,22,0,22,58
06/18/2019,ROW,NM,ASW,WE,Combined TRACON& Tower with Radar,5,4,11,19,39,0,7,14,4,25,5,11,25,23,64,24,12,36,100
06/19/2019,ROW,NM,ASW,WE,Combined TRACON& Tower with Radar,6,4,12,22,44,0,4,19,5,28,6,8,31,27,72,34,30,64,136
06/20/2019,ROW,NM,ASW,WE,Combined TRACON& Tower with Radar,8,3,18,6,35,0,5,19,2,26,8,8,37,8,61,0,0,0,61
06/21/2019,ROW,NM,ASW,WE,Combined TRACON& Tower with Radar,7,5,13,11,36,0,7,22,1,30,7,12,35,12,66,0,38,38,104
06/22/2019,ROW,NM,ASW,WE,Combined TRACON& Tower with Radar,5,2,9,3,19,0,2,25,1,28,5,4,34,4,47,2,0,2,49
06/23/2019,ROW,NM,ASW,WE,Combined TRACON& Tower with Radar,5,2,13,0,20,0,9,27,0,36,5,11,40,0,56,10,0,10,66
06/24/2019,ROW,NM,ASW,WE,Combined TRACON& Tower with Radar,7,4,7,5,23,3,6,12,9,30,10,10,19,14,53,4,0,4,57
06/25/2019,ROW,NM,ASW,WE,Combined TRACON& Tower with Radar,5,5,9,6,25,0,2,20,0,22,5,7,29,6,47,0,0,0,47
06/26/2019,ROW,NM,ASW,WE,Combined TRACON& Tower with Radar,5,8,4,22,39,0,6,15,2,23,5,14,19,24,62,10,56,66,128
06/27/2019,ROW,NM,ASW,WE,Combined TRACON& Tower with Radar,7,4,7,7,25,0,6,7,0,13,7,10,14,7,38,0,20,20,58
06/28/2019,ROW,NM,ASW,WE,Combined TRACON& Tower with Radar,7,4,16,28,55,0,7,17,6,30,7,11,33,34,85,22,76,98,183
06/29/2019,ROW,NM,ASW,WE,Combined TRACON& Tower with Radar,5,1,11,4,21,0,4,6,0,10,5,5,17,4,31,1,0,1,32
06/30/2019,ROW,NM,ASW,WE,Combined TRACON& Tower with Radar,9,0,13,0,22,0,0,9,0,9,9,0,22,0,31,1,0,1,32
07/01/2019,ROW,NM,ASW,WE,Combined TRACON& Tower with Radar,8,3,3,23,37,0,4,12,2,18,8,7,15,25,55,0,44,44,99
07/02/2019,ROW,NM,ASW,WE,Combined TRACON& Tower with Radar,5,5,5,15,30,0,3,6,1,10,5,8,11,16,40,0,10,10,50
07/03/2019,ROW,NM,ASW,WE,Combined TRACON& Tower with Radar,6,3,11,3,23,0,4,11,1,16,6,7,22,4,39,10,14,24,63
07/04/2019,ROW,NM,ASW,WE,Combined TRACON& Tower with Radar,4,1,9,0,14,0,3,4,0,7,4,4,13,0,21,0,0,0,21
07/05/2019,ROW,NM,ASW,WE,Combined TRACON& Tower with Radar,6,6,7,0,19,0,4,7,0,11,6,10,14,0,30,0,0,0,30
07/06/2019,ROW,NM,ASW,WE,Combined TRACON& Tower with Radar,5,1,2,0,8,0,4,7,0,11,5,5,9,0,19,0,0,0,19
07/07/2019,ROW,NM,ASW,WE,Combined TRACON& Tower with Radar,7,0,3,0,10,0,2,8,0,10,7,2,11,0,20,0,0,0,20
07/08/2019,ROW,NM,ASW,WE,Combined TRACON& Tower with Radar,7,1,13,2,23,0,0,7,0,7,7,1,20,2,30,0,0,0,30
07/09/2019,ROW,NM,ASW,WE,Combined TRACON& Tower with Radar,5,3,8,0,16,0,4,7,0,11,5,7,15,0,27,10,0,10,37
07/10/2019,ROW,NM,ASW,WE,Combined TRACON& Tower with Radar,5,3,10,1,19,0,4,26,0,30,5,7,36,1,49,0,0,0,49
07/11/2019,ROW,NM,ASW,WE,Combined TRACON& Tower with Radar,10,3,12,13,38,0,3,6,0,9,10,6,18,13,47,0,30,30,77
07/12/2019,ROW,NM,ASW,WE,Combined TRACON& Tower with Radar,7,5,5,1,18,0,6,7,4,17,7,11,12,5,35,0,0,0,35
07/13/2019,ROW,NM,ASW,WE,Combined TRACON& Tower with Radar,5,5,7,3,20,0,5,17,0,22,5,10,24,3,42,4,0,4,46
07/14/2019,ROW,NM,ASW,WE,Combined TRACON& Tower with Radar,7,0,4,0,11,0,5,7,0,12,7,5,11,0,23,0,0,0,23
07/15/2019,ROW,NM,ASW,WE,Combined TRACON& Tower with Radar,7,5,10,3,25,0,2,10,0,12,7,7,20,3,37,6,0,6,43
07/16/2019,ROW,NM,ASW,WE,Combined TRACON& Tower with Radar,5,5,5,11,26,0,4,10,1,15,5,9,15,12,41,18,40,58,99
07/17/2019,ROW,NM,ASW,WE,Combined TRACON& Tower with Radar,5,5,1,11,22,0,4,6,1,11,5,9,7,12,33,3,40,43,76
07/18/2019,ROW,NM,ASW,WE,Combined TRACON& Tower with Radar,7,6,8,0,21,0,3,14,9,26,7,9,22,9,47,14,0,14,61
07/19/2019,ROW,NM,ASW,WE,Combined TRACON& Tower with Radar,7,3,6,16,32,0,3,11,2,16,7,6,17,18,48,14,0,14,62
07/20/2019,ROW,NM,ASW,WE,Combined TRACON& Tower with Radar,8,2,14,3,27,0,2,25,3,30,8,4,39,6,57,54,0,54,111
07/21/2019,ROW,NM,ASW,WE,Combined TRACON& Tower with Radar,7,0,10,10,27,0,4,8,0,12,7,4,18,10,39,0,0,0,39
07/22/2019,ROW,NM,ASW,WE,Combined TRACON& Tower with Radar,7,4,7,7,25,0,5,4,1,10,7,9,11,8,35,22,0,22,57
07/23/2019,ROW,NM,ASW,WE,Combined TRACON& Tower with Radar,5,3,10,19,37,0,3,19,5,27,5,6,29,24,64,0,20,20,84
07/24/2019,ROW,NM,ASW,WE,Combined TRACON& Tower with Radar,6,4,14,26,50,0,4,7,2,13,6,8,21,28,63,0,50,50,113
07/25/2019,ROW,NM,ASW,WE,Combined TRACON& Tower with Radar,7,5,5,6,23,0,8,8,1,17,7,13,13,7,40,10,16,26,66
07/26/2019,ROW,NM,ASW,WE,Combined TRACON& Tower with Radar,7,7,4,9,27,0,8,8,0,16,7,15,12,9,43,83,0,83,126
07/27/2019,ROW,NM,ASW,WE,Combined TRACON& Tower with Radar,5,1,5,0,11,0,5,10,0,15,5,6,15,0,26,30,0,30,56
07/28/2019,ROW,NM,ASW,WE,Combined TRACON& Tower with Radar,7,2,2,0,11,0,1,6,0,7,7,3,8,0,18,60,0,60,78
07/29/2019,ROW,NM,ASW,WE,Combined TRACON& Tower with Radar,7,6,6,0,19,0,2,9,0,11,7,8,15,0,30,2,0,2,32
07/30/2019,ROW,NM,ASW,WE,Combined TRACON& Tower with Radar,6,3,5,17,31,0,1,19,3,23,6,4,24,20,54,0,14,14,68
07/31/2019,ROW,NM,ASW,WE,Combined TRACON& Tower with Radar,5,4,9,43,61,0,3,21,0,24,5,7,30,43,85,29,22,51,136
08/01/2019,ROW,NM,ASW,WE,Combined TRACON& Tower with Radar,7,4,6,14,31,0,5,18,4,27,7,9,24,18,58,0,10,10,68
08/02/2019,ROW,NM,ASW,WE,Combined TRACON& Tower with Radar,7,3,1,6,17,0,5,11,2,18,7,8,12,8,35,11,0,11,46
08/03/2019,ROW,NM,ASW,WE,Combined TRACON& Tower with Radar,5,2,6,0,13,0,10,7,0,17,5,12,13,0,30,92,0,92,122
08/04/2019,ROW,NM,ASW,WE,Combined TRACON& Tower with Radar,7,0,5,8,20,0,3,7,2,12,7,3,12,10,32,32,10,42,74
08/05/2019,ROW,NM,ASW,WE,Combined TRACON& Tower with Radar,8,1,11,6,26,0,2,18,8,28,8,3,29,14,54,12,2,14,68
08/06/2019,ROW,NM,ASW,WE,Combined TRACON& Tower with Radar,5,6,10,8,29,0,5,17,0,22,5,11,27,8,51,13,14,27,78
08/07/2019,ROW,NM,ASW,WE,Combined TRACON& Tower with Radar,5,3,6,0,14,0,3,12,0,15,5,6,18,0,29,0,0,0,29
08/08/2019,ROW,NM,ASW,WE,Combined TRACON& Tower with Radar,7,6,12,20,45,0,5,13,0,18,7,11,25,20,63,8,12,20,83
08/09/2019,ROW,NM,ASW,WE,Combined TRACON& Tower with Radar,7,3,6,5,21,0,8,14,0,22,7,11,20,5,43,13,0,13,56
08/10/2019,ROW,NM,ASW,WE,Combined TRACON& Tower with Radar,5,2,3,0,10,0,4,20,0,24,5,6,23,0,34,64,0,64,98
08/11/2019,ROW,NM,ASW,WE,Combined TRACON& Tower with Radar,7,2,5,0,14,0,0,10,0,10,7,2,15,0,24,68,0,68,92
08/12/2019,ROW,NM,ASW,WE,Combined TRACON& Tower with Radar,7,2,6,24,39,0,3,10,0,13,7,5,16,24,52,2,0,2,54
08/13/2019,ROW,NM,ASW,WE,Combined TRACON& Tower with Radar,5,7,5,14,31,0,3,12,5,20,5,10,17,19,51,7,42,49,100
08/14/2019,ROW,NM,ASW,WE,Combined TRACON& Tower with Radar,5,6,17,20,48,0,6,7,5,18,5,12,24,25,66,0,14,14,80
08/15/2019,ROW,NM,ASW,WE,Combined TRACON& Tower with Radar,7,4,8,13,32,0,4,15,8,27,7,8,23,21,59,2,0,2,61
08/16/2019,ROW,NM,ASW,WE,Combined TRACON& Tower with Radar,7,3,8,6,24,0,6,11,6,23,7,9,19,12,47,1,16,17,64
08/17/2019,ROW,NM,ASW,WE,Combined TRACON& Tower with Radar,5,1,1,0,7,0,3,13,0,16,5,4,14,0,23,68,10,78,101
08/18/2019,ROW,NM,ASW,WE,Combined TRACON& Tower with Radar,7,2,4,16,29,0,1,6,0,7,7,3,10,16,36,14,0,14,50
08/19/2019,ROW,NM,ASW,WE,Combined TRACON& Tower with Radar,7,2,13,16,38,0,2,7,5,14,7,4,20,21,52,12,0,12,64
08/20/2019,ROW,NM,ASW,WE,Combined TRACON& Tower with Radar,5,5,7,7,24,0,5,8,14,27,5,10,15,21,51,0,12,12,63
08/21/2019,ROW,NM,ASW,WE,Combined TRACON& Tower with Radar,6,3,8,3,20,0,5,7,4,16,6,8,15,7,36,1,0,1,37
08/22/2019,ROW,NM,ASW,WE,Combined TRACON& Tower with Radar,8,4,10,37,59,0,3,11,3,17,8,7,21,40,76,6,62,68,144
08/23/2019,ROW,NM,ASW,WE,Combined TRACON& Tower with Radar,8,5,12,20,45,0,3,4,10,17,8,8,16,30,62,1,24,25,87
08/24/2019,ROW,NM,ASW,WE,Combined TRACON& Tower with Radar,6,2,3,1,12,0,3,7,3,13,6,5,10,4,25,1,0,1,26
08/25/2019,ROW,NM,ASW,WE,Combined TRACON& Tower with Radar,7,2,10,2,21,0,0,14,0,14,7,2,24,2,35,0,0,0,35
08/26/2019,ROW,NM,ASW,WE,Combined TRACON& Tower with Radar,7,3,5,10,25,0,1,7,2,10,7,4,12,12,35,0,26,26,61
08/27/2019,ROW,NM,ASW,WE,Combined TRACON& Tower with Radar,3,3,14,79,99,0,2,7,2,11,3,5,21,81,110,6,90,96,206
08/28/2019,ROW,NM,ASW,WE,Combined TRACON& Tower with Radar,5,3,4,0,12,0,3,6,0,9,5,6,10,0,21,0,0,0,21
08/29/2019,ROW,NM,ASW,WE,Combined TRACON& Tower with Radar,7,5,6,21,39,0,5,7,1,13,7,10,13,22,52,0,34,34,86
08/30/2019,ROW,NM,ASW,WE,Combined TRACON& Tower with Radar,7,3,3,0,13,0,5,19,19,43,7,8,22,19,56,1,0,1,57
08/31/2019,ROW,NM,ASW,WE,Combined TRACON& Tower with Radar,6,1,1,0,8,0,2,7,1,10,6,3,8,1,18,0,0,0,18
09/01/2019,ROW,NM,ASW,WE,Combined TRACON& Tower with Radar,3,0,3,0,6,0,3,14,0,17,3,3,17,0,23,1,0,1,24
09/02/2019,ROW,NM,ASW,WE,Combined TRACON& Tower with Radar,7,0,4,0,11,0,1,12,0,13,7,1,16,0,24,0,0,0,24
09/03/2019,ROW,NM,ASW,WE,Combined TRACON& Tower with Radar,5,2,17,50,74,0,5,13,12,30,5,7,30,62,104,11,98,109,213
09/04/2019,ROW,NM,ASW,WE,Combined TRACON& Tower with Radar,38,3,5,25,71,0,4,10,8,22,38,7,15,33,93,0,72,72,165
09/05/2019,ROW,NM,ASW,WE,Combined TRACON& Tower with Radar,7,5,3,12,27,0,4,7,6,17,7,9,10,18,44,10,24,34,78
09/06/2019,ROW,NM,ASW,WE,Combined TRACON& Tower with Radar,7,3,9,14,33,0,5,5,2,12,7,8,14,16,45,10,44,54,99
09/07/2019,ROW,NM,ASW,WE,Combined TRACON& Tower with Radar,6,2,6,10,24,0,3,16,2,21,6,5,22,12,45,23,16,39,84
09/08/2019,ROW,NM,ASW,WE,Combined TRACON& Tower with Radar,7,4,5,0,16,0,1,7,1,9,7,5,12,1,25,1,0,1,26
09/09/2019,ROW,NM,ASW,WE,Combined TRACON& Tower with Radar,9,2,9,12,32,0,1,11,7,19,9,3,20,19,51,0,20,20,71
09/10/2019,ROW,NM,ASW,WE,Combined TRACON& Tower with Radar,7,7,16,5,35,0,2,10,1,13,7,9,26,6,48,0,0,0,48
09/11/2019,ROW,NM,ASW,WE,Combined TRACON& Tower with Radar,8,5,5,27,45,0,4,14,5,23,8,9,19,32,68,10,0,10,78
09/12/2019,ROW,NM,ASW,WE,Combined TRACON& Tower with Radar,7,4,11,19,41,0,5,10,15,30,7,9,21,34,71,24,38,62,133
09/13/2019,ROW,NM,ASW,WE,Combined TRACON& Tower with Radar,7,3,14,37,61,0,3,7,2,12,7,6,21,39,73,0,34,34,107
09/14/2019,ROW,NM,ASW,WE,Combined TRACON& Tower with Radar,6,4,8,0,18,0,3,6,2,11,6,7,14,2,29,78,0,78,107
09/15/2019,ROW,NM,ASW,WE,Combined TRACON& Tower with Radar,7,1,4,1,13,0,1,7,2,10,7,2,11,3,23,0,0,0,23
09/16/2019,ROW,NM,ASW,WE,Combined TRACON& Tower with Radar,7,2,2,30,41,0,3,12,15,30,7,5,14,45,71,0,12,12,83
09/17/2019,ROW,NM,ASW,WE,Combined TRACON& Tower with Radar,7,3,3,3,16,0,0,6,2,8,7,3,9,5,24,0,0,0,24
09/18/2019,ROW,NM,ASW,WE,Combined TRACON& Tower with Radar,7,5,9,2,23,0,4,10,0,14,7,9,19,2,37,12,0,12,49
09/19/2019,ROW,NM,ASW,WE,Combined TRACON& Tower with Radar,7,6,7,41,61,0,5,18,2,25,7,11,25,43,86,18,38,56,142
09/20/2019,ROW,NM,ASW,WE,Combined TRACON& Tower with Radar,7,7,7,47,68,0,5,11,23,39,7,12,18,70,107,15,96,111,218
09/21/2019,ROW,NM,ASW,WE,Combined TRACON& Tower with Radar,6,4,4,0,14,0,4,9,0,13,6,8,13,0,27,2,0,2,29
09/22/2019,ROW,NM,ASW,WE,Combined TRACON& Tower with Radar,10,0,6,9,25,0,0,7,1,8,10,0,13,10,33,0,0,0,33
09/23/2019,ROW,NM,ASW,WE,Combined TRACON& Tower with Radar,7,3,10,11,31,0,1,18,0,19,7,4,28,11,50,20,0,20,70
09/24/2019,ROW,NM,ASW,WE,Combined TRACON& Tower with Radar,8,7,18,32,65,0,3,14,1,18,8,10,32,33,83,20,54,74,157
09/25/2019,ROW,NM,ASW,WE,Combined TRACON& Tower with Radar,7,4,19,29,59,0,3,11,2,16,7,7,30,31,75,0,28,28,103
09/26/2019,ROW,NM,ASW,WE,Combined TRACON& Tower with Radar,7,3,6,14,30,0,6,28,7,41,7,9,34,21,71,23,8,31,102
09/27/2019,ROW,NM,ASW,WE,Combined TRACON& Tower with Radar,7,5,9,19,40,0,4,20,2,26,7,9,29,21,66,40,44,84,150
09/28/2019,ROW,NM,ASW,WE,Combined TRACON& Tower with Radar,7,1,16,6,30,0,9,12,0,21,7,10,28,6,51,10,0,10,61
09/29/2019,ROW,NM,ASW,WE,Combined TRACON& Tower with Radar,7,4,11,2,24,0,2,16,0,18,7,6,27,2,42,28,0,28,70
09/30/2019,ROW,NM,ASW,WE,Combined TRACON& Tower with Radar,7,2,6,2,17,0,1,7,3,11,7,3,13,5,28,10,0,10,38
10/01/2019,ROW,NM,ASW,WE,Combined TRACON& Tower with Radar,7,3,6,6,22,0,3,10,1,14,7,6,16,7,36,0,0,0,36
10/02/2019,ROW,NM,ASW,WE,Combined TRACON& Tower with Radar,7,4,13,11,35,0,4,9,9,22,7,8,22,20,57,14,0,14,71
10/03/2019,ROW,NM,ASW,WE,Combined TRACON& Tower with Radar,7,13,3,3,26,0,2,4,0,6,7,15,7,3,32,0,0,0,32
10/04/2019,ROW,NM,ASW,WE,Combined TRACON& Tower with Radar,9,14,8,24,55,0,2,2,3,7,9,16,10,27,62,1,36,37,99
10/05/2019,ROW,NM,ASW,WE,Combined TRACON& Tower with Radar,8,2,10,0,20,0,3,24,0,27,8,5,34,0,47,13,0,13,60
10/06/2019,ROW,NM,ASW,WE,Combined TRACON& Tower with Radar,7,1,10,10,28,0,5,9,0,14,7,6,19,10,42,0,0,0,42
10/07/2019,ROW,NM,ASW,WE,Combined TRACON& Tower with Radar,7,6,7,27,47,0,3,15,2,20,7,9,22,29,67,20,0,20,87
10/08/2019,ROW,NM,ASW,WE,Combined TRACON& Tower with Radar,7,6,12,25,50,0,4,16,4,24,7,10,28,29,74,14,170,184,258
10/09/2019,ROW,NM,ASW,WE,Combined TRACON& Tower with Radar,7,9,9,26,51,0,1,12,15,28,7,10,21,41,79,26,16,42,121
10/10/2019,ROW,NM,ASW,WE,Combined TRACON& Tower with Radar,7,3,10,71,91,0,6,9,8,23,7,9,19,79,114,21,114,135,249
10/11/2019,ROW,NM,ASW,WE,Combined TRACON& Tower with Radar,8,4,11,28,51,0,7,13,1,21,8,11,24,29,72,0,32,32,104
10/12/2019,ROW,NM,ASW,WE,Combined TRACON& Tower with Radar,7,1,0,0,8,0,9,13,4,26,7,10,13,4,34,0,0,0,34
10/13/2019,ROW,NM,ASW,WE,Combined TRACON& Tower with Radar,8,1,5,0,14,0,4,7,0,11,8,5,12,0,25,0,0,0,25
10/14/2019,ROW,NM,ASW,WE,Combined TRACON& Tower with Radar,7,2,10,0,19,0,6,18,0,24,7,8,28,0,43,2,0,2,45
10/15/2019,ROW,NM,ASW,WE,Combined TRACON& Tower with Radar,7,6,21,57,91,0,7,13,17,37,7,13,34,74,128,4,118,122,250
10/16/2019,ROW,NM,ASW,WE,Combined TRACON& Tower with Radar,7,8,7,11,33,0,8,18,4,30,7,16,25,15,63,40,12,52,115
10/17/2019,ROW,NM,ASW,WE,Combined TRACON& Tower with Radar,7,6,10,22,45,0,7,10,8,25,7,13,20,30,70,50,0,50,120
10/18/2019,ROW,NM,ASW,WE,Combined TRACON& Tower with Radar,7,7,9,24,47,0,3,12,2,17,7,10,21,26,64,1,70,71,135
10/19/2019,ROW,NM,ASW,WE,Combined TRACON& Tower with Radar,7,1,9,2,19,0,4,20,0,24,7,5,29,2,43,23,0,23,66
10/20/2019,ROW,NM,ASW,WE,Combined TRACON& Tower with Radar,9,1,3,0,13,0,5,13,0,18,9,6,16,0,31,52,0,52,83
10/21/2019,ROW,NM,ASW,WE,Combined TRACON& Tower with Radar,6,3,15,38,62,0,17,4,4,25,6,20,19,42,87,24,12,36,123
10/22/2019,ROW,NM,ASW,WE,Combined TRACON& Tower with Radar,7,8,9,33,57,0,9,16,11,36,7,17,25,44,93,14,0,14,107
10/23/2019,ROW,NM,ASW,WE,Combined TRACON& Tower with Radar,6,7,14,30,57,0,12,7,12,31,6,19,21,42,88,46,24,70,158
10/24/2019,ROW,NM,ASW,WE,Combined TRACON& Tower with Radar,7,4,9,0,20,0,1,5,0,6,7,5,14,0,26,0,0,0,26
10/25/2019,ROW,NM,ASW,WE,Combined TRACON& Tower with Radar,7,3,8,38,56,0,6,21,4,31,7,9,29,42,87,42,22,64,151
10/26/2019,ROW,NM,ASW,WE,Combined TRACON& Tower with Radar,8,3,3,2,16,0,5,9,0,14,8,8,12,2,30,23,0,23,53
10/27/2019,ROW,NM,ASW,WE,Combined TRACON& Tower with Radar,7,2,9,0,18,0,0,8,0,8,7,2,17,0,26,0,0,0,26
10/28/2019,ROW,NM,ASW,WE,Combined TRACON& Tower with Radar,8,3,7,7,25,0,2,4,3,9,8,5,11,10,34,2,14,16,50
10/29/2019,ROW,NM,ASW,WE,Combined TRACON& Tower with Radar,7,9,14,19,49,0,2,4,2,8,7,11,18,21,57,12,0,12,69
10/30/2019,ROW,NM,ASW,WE,Combined TRACON& Tower with Radar,7,5,5,10,27,0,3,3,6,12,7,8,8,16,39,0,74,74,113
10/31/2019,ROW,NM,ASW,WE,Combined TRACON& Tower with Radar,7,8,8,14,37,0,5,16,4,25,7,13,24,18,62,0,48,48,110
11/01/2019,ROW,NM,ASW,WE,Combined TRACON& Tower with Radar,8,8,19,12,47,0,3,8,0,11,8,11,27,12,58,7,0,7,65
11/02/2019,ROW,NM,ASW,WE,Combined TRACON& Tower with Radar,8,5,8,9,30,0,2,13,3,18,8,7,21,12,48,32,0,32,80
11/03/2019,ROW,NM,ASW,WE,Combined TRACON& Tower with Radar,7,0,6,0,13,0,0,4,0,4,7,0,10,0,17,10,0,10,27
11/04/2019,ROW,NM,ASW,WE,Combined TRACON& Tower with Radar,9,3,12,17,41,0,3,23,0,26,9,6,35,17,67,34,0,34,101
11/05/2019,ROW,NM,ASW,WE,Combined TRACON& Tower with Radar,7,4,11,8,30,0,2,13,16,31,7,6,24,24,61,28,92,120,181
11/06/2019,ROW,NM,ASW,WE,Combined TRACON& Tower with Radar,7,8,3,7,25,0,2,5,5,12,7,10,8,12,37,8,0,8,45
11/07/2019,ROW,NM,ASW,WE,Combined TRACON& Tower with Radar,7,15,9,6,37,0,0,3,0,3,7,15,12,6,40,0,14,14,54
11/08/2019,ROW,NM,ASW,WE,Combined TRACON& Tower with Radar,7,9,10,32,58,0,2,4,0,6,7,11,14,32,64,14,4,18,82
11/09/2019,ROW,NM,ASW,WE,Combined TRACON& Tower with Radar,9,3,7,0,19,0,6,8,1,15,9,9,15,1,34,3,0,3,37
11/10/2019,ROW,NM,ASW,WE,Combined TRACON& Tower with Radar,7,1,3,0,11,0,3,16,0,19,7,4,19,0,30,0,0,0,30
11/11/2019,ROW,NM,ASW,WE,Combined TRACON& Tower with Radar,9,7,6,0,22,0,2,0,3,5,9,9,6,3,27,0,0,0,27
11/12/2019,ROW,NM,ASW,WE,Combined TRACON& Tower with Radar,7,5,3,16,31,0,6,14,0,20,7,11,17,16,51,9,0,9,60
11/13/2019,ROW,NM,ASW,WE,Combined TRACON& Tower with Radar,7,3,7,10,27,0,2,20,0,22,7,5,27,10,49,16,10,26,75
11/14/2019,ROW,NM,ASW,WE,Combined TRACON& Tower with Radar,7,7,5,7,26,0,2,22,5,29,7,9,27,12,55,24,0,24,79
11/15/2019,ROW,NM,ASW,WE,Combined TRACON& Tower with Radar,8,7,4,61,80,0,2,7,7,16,8,9,11,68,96,4,34,38,134
11/16/2019,ROW,NM,ASW,WE,Combined TRACON& Tower with Radar,7,2,2,0,11,0,2,17,1,20,7,4,19,1,31,6,1,7,38
11/17/2019,ROW,NM,ASW,WE,Combined TRACON& Tower with Radar,7,0,9,16,32,0,2,8,1,11,7,2,17,17,43,0,0,0,43
11/18/2019,ROW,NM,ASW,WE,Combined TRACON& Tower with Radar,7,3,13,60,83,0,3,4,7,14,7,6,17,67,97,0,48,48,145
11/19/2019,ROW,NM,ASW,WE,Combined TRACON& Tower with Radar,7,7,13,15,42,0,7,23,5,35,7,14,36,20,77,9,12,21,98
11/20/2019,ROW,NM,ASW,WE,Combined TRACON& Tower with Radar,7,5,8,46,66,0,5,1,5,11,7,10,9,51,77,20,44,64,141
11/21/2019,ROW,NM,ASW,WE,Combined TRACON& Tower with Radar,7,7,10,16,40,0,0,5,0,5,7,7,15,16,45,0,4,4,49
11/22/2019,ROW,NM,ASW,WE,Combined TRACON& Tower with Radar,7,11,5,35,58,0,4,7,0,11,7,15,12,35,69,2,20,22,91
11/23/2019,ROW,NM,ASW,WE,Combined TRACON& Tower with Radar,7,3,19,2,31,0,2,19,0,21,7,5,38,2,52,0,0,0,52
11/24/2019,ROW,NM,ASW,WE,Combined TRACON& Tower with Radar,7,4,0,1,12,0,0,21,1,22,7,4,21,2,34,0,0,0,34
11/25/2019,ROW,NM,ASW,WE,Combined TRACON& Tower with Radar,7,2,5,46,60,0,3,24,3,30,7,5,29,49,90,2,42,44,134
11/26/2019,ROW,NM,ASW,WE,Combined TRACON& Tower with Radar,7,5,6,19,37,0,4,2,4,10,7,9,8,23,47,0,16,16,63
11/27/2019,ROW,NM,ASW,WE,Combined TRACON& Tower with Radar,7,2,18,10,37,0,0,3,2,5,7,2,21,12,42,1,6,7,49
11/28/2019,ROW,NM,ASW,WE,Combined TRACON& Tower with Radar,5,2,3,0,10,0,0,0,0,0,5,2,3,0,10,0,0,0,10
11/29/2019,ROW,NM,ASW,WE,Combined TRACON& Tower with Radar,5,7,2,0,14,0,0,0,0,0,5,7,2,0,14,0,0,0,14
11/30/2019,ROW,NM,ASW,WE,Combined TRACON& Tower with Radar,7,5,3,0,15,0,3,12,0,15,7,8,15,0,30,0,0,0,30
12/01/2019,ROW,NM,ASW,WE,Combined TRACON& Tower with Radar,7,0,11,0,18,0,3,17,0,20,7,3,28,0,38,20,0,20,58
12/02/2019,ROW,NM,ASW,WE,Combined TRACON& Tower with Radar,7,5,9,12,33,0,1,14,3,18,7,6,23,15,51,6,0,6,57
12/03/2019,ROW,NM,ASW,WE,Combined TRACON& Tower with Radar,10,6,11,43,70,0,7,22,13,42,10,13,33,56,112,14,16,30,142
12/04/2019,ROW,NM,ASW,WE,Combined TRACON& Tower with Radar,7,3,10,15,35,0,6,24,1,31,7,9,34,16,66,10,34,44,110
12/05/2019,ROW,NM,ASW,WE,Combined TRACON& Tower with Radar,8,6,4,11,29,0,3,17,5,25,8,9,21,16,54,26,0,26,80
12/06/2019,ROW,NM,ASW,WE,Combined TRACON& Tower with Radar,7,4,8,46,65,0,8,26,0,34,7,12,34,46,99,22,54,76,175
12/07/2019,ROW,NM,ASW,WE,Combined TRACON& Tower with Radar,7,1,7,6,21,0,6,20,0,26,7,7,27,6,47,12,0,12,59
12/08/2019,ROW,NM,ASW,WE,Combined TRACON& Tower with Radar,7,2,12,0,21,0,1,7,0,8,7,3,19,0,29,18,0,18,47
12/09/2019,ROW,NM,ASW,WE,Combined TRACON& Tower with Radar,7,4,6,14,31,0,1,13,3,17,7,5,19,17,48,12,18,30,78
12/10/2019,ROW,NM,ASW,WE,Combined TRACON& Tower with Radar,6,4,7,17,34,0,2,15,1,18,6,6,22,18,52,18,14,32,84
12/11/2019,ROW,NM,ASW,WE,Combined TRACON& Tower with Radar,7,9,13,12,41,0,2,1,3,6,7,11,14,15,47,2,0,2,49
12/12/2019,ROW,NM,ASW,WE,Combined TRACON& Tower with Radar,9,6,7,23,45,0,5,12,1,18,9,11,19,24,63,0,10,10,73
12/13/2019,ROW,NM,ASW,WE,Combined TRACON& Tower with Radar,8,21,13,57,99,0,5,13,1,19,8,26,26,58,118,0,8,8,126
12/14/2019,ROW,NM,ASW,WE,Combined TRACON& Tower with Radar,8,2,0,23,33,0,4,13,5,22,8,6,13,28,55,0,0,0,55
12/15/2019,ROW,NM,ASW,WE,Combined TRACON& Tower with Radar,8,1,2,30,41,0,0,6,0,6,8,1,8,30,47,0,0,0,47
12/16/2019,ROW,NM,ASW,WE,Combined TRACON& Tower with Radar,7,8,6,6,27,0,1,13,0,14,7,9,19,6,41,6,0,6,47
12/17/2019,ROW,NM,ASW,WE,Combined TRACON& Tower with Radar,5,4,9,31,49,0,3,15,9,27,5,7,24,40,76,3,68,71,147
12/18/2019,ROW,NM,ASW,WE,Combined TRACON& Tower with Radar,5,8,13,22,48,0,5,9,2,16,5,13,22,24,64,0,0,0,64
12/19/2019,ROW,NM,ASW,WE,Combined TRACON& Tower with Radar,5,6,6,4,21,0,4,24,4,32,5,10,30,8,53,0,0,0,53
12/20/2019,ROW,NM,ASW,WE,Combined TRACON& Tower with Radar,5,8,3,7,23,0,5,28,5,38,5,13,31,12,61,46,28,74,135
12/21/2019,ROW,NM,ASW,WE,Combined TRACON& Tower with Radar,5,5,1,0,11,0,5,8,0,13,5,10,9,0,24,0,0,0,24
12/22/2019,ROW,NM,ASW,WE,Combined TRACON& Tower with Radar,5,5,3,0,13,0,5,19,1,25,5,10,22,1,38,0,0,0,38
12/23/2019,ROW,NM,ASW,WE,Combined TRACON& Tower with Radar,3,3,6,1,13,0,1,14,1,16,3,4,20,2,29,14,10,24,53
12/24/2019,ROW,NM,ASW,WE,Combined TRACON& Tower with Radar,6,9,0,0,15,0,8,4,0,12,6,17,4,0,27,0,0,0,27
12/25/2019,ROW,NM,ASW,WE,Combined TRACON& Tower with Radar,5,2,2,0,9,0,4,10,0,14,5,6,12,0,23,1,0,1,24
12/26/2019,ROW,NM,ASW,WE,Combined TRACON& Tower with Radar,5,9,13,0,27,0,5,16,0,21,5,14,29,0,48,0,0,0,48
12/27/2019,ROW,NM,ASW,WE,Combined TRACON& Tower with Radar,5,11,3,0,19,0,2,0,0,2,5,13,3,0,21,0,0,0,21
12/28/2019,ROW,NM,ASW,WE,Combined TRACON& Tower with Radar,5,6,7,0,18,0,4,8,0,12,5,10,15,0,30,16,0,16,46
12/29/2019,ROW,NM,ASW,WE,Combined TRACON& Tower with Radar,5,4,4,0,13,0,2,11,0,13,5,6,15,0,26,0,0,0,26
12/30/2019,ROW,NM,ASW,WE,Combined TRACON& Tower with Radar,5,5,8,3,21,0,5,11,9,25,5,10,19,12,46,32,8,40,86
12/31/2019,ROW,NM,ASW,WE,Combined TRACON& Tower with Radar,5,8,3,0,16,0,3,4,0,7,5,11,7,0,23,20,0,20,43
01/01/2020,ROW,NM,ASW,WE,Combined TRACON& Tower with Radar,4,3,5,0,12,0,0,12,0,12,4,3,17,0,24,0,0,0,24
01/02/2020,ROW,NM,ASW,WE,Combined TRACON& Tower with Radar,5,7,4,4,20,0,3,4,0,7,5,10,8,4,27,0,0,0,27
01/03/2020,ROW,NM,ASW,WE,Combined TRACON& Tower with Radar,7,8,1,16,32,0,7,11,0,18,7,15,12,16,50,12,6,18,68
01/04/2020,ROW,NM,ASW,WE,Combined TRACON& Tower with Radar,5,3,0,2,10,0,4,27,0,31,5,7,27,2,41,20,0,20,61
01/05/2020,ROW,NM,ASW,WE,Combined TRACON& Tower with Radar,5,3,2,0,10,0,1,11,2,14,5,4,13,2,24,0,0,0,24
01/06/2020,ROW,NM,ASW,WE,Combined TRACON& Tower with Radar,7,9,8,0,24,0,1,9,0,10,7,10,17,0,34,0,0,0,34
01/07/2020,ROW,NM,ASW,WE,Combined TRACON& Tower with Radar,9,5,5,34,53,0,3,12,15,30,9,8,17,49,83,0,92,92,175
01/08/2020,ROW,NM,ASW,WE,Combined TRACON& Tower with Radar,8,6,8,59,81,0,5,18,5,28,8,11,26,64,109,0,92,92,201
01/09/2020,ROW,NM,ASW,WE,Combined TRACON& Tower with Radar,7,6,7,28,48,0,4,14,10,28,7,10,21,38,76,10,12,22,98
01/10/2020,ROW,NM,ASW,WE,Combined TRACON& Tower with Radar,7,4,8,19,38,0,4,16,3,23,7,8,24,22,61,4,6,10,71
01/11/2020,ROW,NM,ASW,WE,Combined TRACON& Tower with Radar,4,3,8,1,16,0,5,31,4,40,4,8,39,5,56,16,0,16,72
01/12/2020,ROW,NM,ASW,WE,Combined TRACON& Tower with Radar,7,2,2,35,46,0,4,10,5,19,7,6,12,40,65,0,42,42,107
01/13/2020,ROW,NM,ASW,WE,Combined TRACON& Tower with Radar,8,3,5,38,54,0,2,11,19,32,8,5,16,57,86,0,64,64,150
01/14/2020,ROW,NM,ASW,WE,Combined TRACON& Tower with Radar,8,4,8,15,35,0,5,17,7,29,8,9,25,22,64,12,16,28,92
01/15/2020,ROW,NM,ASW,WE,Combined TRACON& Tower with Radar,9,5,14,40,68,0,4,19,0,23,9,9,33,40,91,0,56,56,147
01/16/2020,ROW,NM,ASW,WE,Combined TRACON& Tower with Radar,7,6,10,3,26,0,1,3,0,4,7,7,13,3,30,0,0,0,30
01/17/2020,ROW,NM,ASW,WE,Combined TRACON& Tower with Radar,9,5,7,1,22,0,4,5,1,10,9,9,12,2,32,12,0,12,44
01/18/2020,ROW,NM,ASW,WE,Combined TRACON& Tower with Radar,4,3,6,0,13,0,5,24,0,29,4,8,30,0,42,0,0,0,42
01/19/2020,ROW,NM,ASW,WE,Combined TRACON& Tower with Radar,6,0,16,2,24,0,0,19,2,21,6,0,35,4,45,0,0,0,45
01/20/2020,ROW,NM,ASW,WE,Combined TRACON& Tower with Radar,10,1,5,0,16,0,4,8,0,12,10,5,13,0,28,0,0,0,28
01/21/2020,ROW,NM,ASW,WE,Combined TRACON& Tower with Radar,9,7,3,17,36,0,4,0,12,16,9,11,3,29,52,0,28,28,80
01/22/2020,ROW,NM,ASW,WE,Combined TRACON& Tower with Radar,9,8,7,30,54,0,6,6,11,23,9,14,13,41,77,0,52,52,129
01/23/2020,ROW,NM,ASW,WE,Combined TRACON& Tower with Radar,7,5,7,61,80,0,4,11,11,26,7,9,18,72,106,0,46,46,152
01/24/2020,ROW,NM,ASW,WE,Combined TRACON& Tower with Radar,7,4,3,67,81,0,10,10,5,25,7,14,13,72,106,8,22,30,136
01/25/2020,ROW,NM,ASW,WE,Combined TRACON& Tower with Radar,4,1,6,6,17,0,3,3,2,8,4,4,9,8,25,0,10,10,35
01/26/2020,ROW,NM,ASW,WE,Combined TRACON& Tower with Radar,8,0,4,6,18,0,1,11,2,14,8,1,15,8,32,0,0,0,32
01/27/2020,ROW,NM,ASW,WE,Combined TRACON& Tower with Radar,7,4,10,18,39,0,1,12,20,33,7,5,22,38,72,0,18,18,90
01/28/2020,ROW,NM,ASW,WE,Combined TRACON& Tower with Radar,8,8,6,39,61,0,2,7,0,9,8,10,13,39,70,2,10,12,82
01/29/2020,ROW,NM,ASW,WE,Combined TRACON& Tower with Radar,7,8,8,27,50,0,2,16,24,42,7,10,24,51,92,0,28,28,120
01/30/2020,ROW,NM,ASW,WE,Combined TRACON& Tower with Radar,8,5,13,60,86,0,7,15,43,65,8,12,28,103,151,2,116,118,269
01/31/2020,ROW,NM,ASW,WE,Combined TRACON& Tower with Radar,7,6,13,45,71,0,5,21,27,53,7,11,34,72,124,0,58,58,182
02/01/2020,ROW,NM,ASW,CE,Combined TRACON& Tower with Radar,6,2,10,18,36,0,5,20,32,57,6,7,30,50,93,0,0,0,93
02/02/2020,ROW,NM,ASW,CE,Combined TRACON& Tower with Radar,7,1,2,22,32,0,3,11,36,50,7,4,13,58,82,0,72,72,154
02/03/2020,ROW,NM,ASW,CE,Combined TRACON& Tower with Radar,8,2,2,43,55,0,2,4,36,42,8,4,6,79,97,0,78,78,175
02/04/2020,ROW,NM,ASW,CE,Combined TRACON& Tower with Radar,2,12,5,2,21,0,1,0,2,3,2,13,5,4,24,0,0,0,24
02/05/2020,ROW,NM,ASW,CE,Combined TRACON& Tower with Radar,7,5,8,29,49,0,6,11,41,58,7,11,19,70,107,2,114,116,223
02/06/2020,ROW,NM,ASW,CE,Combined TRACON& Tower with Radar,8,6,6,31,51,0,5,14,44,63,8,11,20,75,114,0,116,116,230
02/07/2020,ROW,NM,ASW,CE,Combined TRACON& Tower with Radar,7,7,5,35,54,0,5,9,59,73,7,12,14,94,127,0,196,196,323
02/08/2020,ROW,NM,ASW,CE,Combined TRACON& Tower with Radar,4,1,9,34,48,0,4,34,58,96,4,5,43,92,144,0,70,70,214
02/09/2020,ROW,NM,ASW,CE,Combined TRACON& Tower with Radar,7,3,4,19,33,0,2,17,43,62,7,5,21,62,95,32,182,214,309
02/10/2020,ROW,NM,ASW,CE,Combined TRACON& Tower with Radar,9,1,11,88,109,0,3,3,75,81,9,4,14,163,190,0,314,314,504
02/11/2020,ROW,NM,ASW,CE,Combined TRACON& Tower with Radar,10,11,3,2,26,0,0,0,0,0,10,11,3,2,26,0,0,0,26
02/12/2020,ROW,NM,ASW,CE,Combined TRACON& Tower with Radar,7,7,10,54,78,0,3,4,74,81,7,10,14,128,159,0,368,368,527
02/13/2020,ROW,NM,ASW,CE,Combined TRACON& Tower with Radar,7,6,12,38,63,0,4,19,11,34,7,10,31,49,97,12,28,40,137
02/14/2020,ROW,NM,ASW,CE,Combined TRACON& Tower with Radar,7,7,8,1,23,0,8,4,0,12,7,15,12,1,35,0,0,0,35
02/15/2020,ROW,NM,ASW,CE,Combined TRACON& Tower with Radar,5,1,6,0,12,0,3,8,1,12,5,4,14,1,24,0,0,0,24
02/16/2020,ROW,NM,ASW,CE,Combined TRACON& Tower with Radar,7,5,3,0,15,0,1,20,0,21,7,6,23,0,36,0,0,0,36
02/17/2020,ROW,NM,ASW,CE,Combined TRACON& Tower with Radar,7,4,5,36,52,0,1,22,0,23,7,5,27,36,75,16,4,20,95
02/18/2020,ROW,NM,ASW,CE,Combined TRACON& Tower with Radar,5,4,16,42,67,0,4,12,2,18,5,8,28,44,85,24,62,86,171
02/19/2020,ROW,NM,ASW,CE,Combined TRACON& Tower with Radar,5,5,7,11,28,0,3,22,0,25,5,8,29,11,53,0,26,26,79
02/20/2020,ROW,NM,ASW,CE,Combined TRACON& Tower with Radar,8,11,7,4,30,0,2,3,0,5,8,13,10,4,35,0,0,0,35
02/21/2020,ROW,NM,ASW,CE,Combined TRACON& Tower with Radar,7,4,11,8,30,0,7,5,4,16,7,11,16,12,46,0,0,0,46
02/22/2020,ROW,NM,ASW,CE,Combined TRACON& Tower with Radar,5,6,6,2,19,0,8,15,0,23,5,14,21,2,42,10,0,10,52
02/23/2020,ROW,NM,ASW,CE,Combined TRACON& Tower with Radar,8,4,4,0,16,0,0,1,0,1,8,4,5,0,17,1,0,1,18
02/24/2020,ROW,NM,ASW,CE,Combined TRACON& Tower with Radar,7,3,4,39,53,0,2,9,1,12,7,5,13,40,65,12,38,50,115
02/25/2020,ROW,NM,ASW,CE,Combined TRACON& Tower with Radar,5,4,5,9,23,0,3,6,3,12,5,7,11,12,35,6,18,24,59
02/26/2020,ROW,NM,ASW,CE,Combined TRACON& Tower with Radar,6,9,3,14,32,0,4,10,18,32,6,13,13,32,64,0,68,68,132
02/27/2020,ROW,NM,ASW,CE,Combined TRACON& Tower with Radar,9,3,7,18,37,0,3,9,4,16,9,6,16,22,53,0,6,6,59
02/28/2020,ROW,NM,ASW,CE,Combined TRACON& Tower with Radar,7,4,2,14,27,0,4,18,2,24,7,8,20,16,51,2,24,26,77
02/29/2020,ROW,NM,ASW,CE,Combined TRACON& Tower with Radar,5,14,1,13,33,0,4,21,12,37,5,18,22,25,70,8,22,30,100
03/01/2020,ROW,NM,ASW,CE,Combined TRACON& Tower with Radar,7,0,4,0,11,0,3,9,28,40,7,3,13,28,51,0,0,0,51
03/02/2020,ROW,NM,ASW,CE,Combined TRACON& Tower with Radar,9,1,1,8,19,0,3,10,2,15,9,4,11,10,34,0,0,0,34
03/03/2020,ROW,NM,ASW,CE,Combined TRACON& Tower with Radar,7,5,5,3,20,0,4,8,0,12,7,9,13,3,32,0,0,0,32
03/04/2020,ROW,NM,ASW,CE,Combined TRACON& Tower with Radar,6,11,1,6,24,0,5,12,2,19,6,16,13,8,43,0,34,34,77
03/05/2020,ROW,NM,ASW,CE,Combined TRACON& Tower with Radar,7,4,5,32,48,0,4,19,2,25,7,8,24,34,73,2,0,2,75
03/06/2020,ROW,NM,ASW,CE,Combined TRACON& Tower with Radar,7,4,13,8,32,0,5,16,0,21,7,9,29,8,53,0,6,6,59
03/07/2020,ROW,NM,ASW,CE,Combined TRACON& Tower with Radar,5,1,8,6,20,0,3,13,0,16,5,4,21,6,36,8,10,18,54
03/08/2020,ROW,NM,ASW,CE,Combined TRACON& Tower with Radar,7,5,6,1,19,0,0,5,0,5,7,5,11,1,24,0,0,0,24
03/09/2020,ROW,NM,ASW,CE,Combined TRACON& Tower with Radar,7,4,11,19,41,0,1,21,11,33,7,5,32,30,74,0,68,68,142
03/10/2020,ROW,NM,ASW,CE,Combined TRACON& Tower with Radar,5,6,8,76,95,0,3,21,20,44,5,9,29,96,139,30,94,124,263
03/11/2020,ROW,NM,ASW,CE,Combined TRACON& Tower with Radar,5,3,12,8,28,0,2,17,5,24,5,5,29,13,52,0,16,16,68
03/12/2020,ROW,NM,ASW,CE,Combined TRACON& Tower with Radar,7,3,10,17,37,0,2,14,3,19,7,5,24,20,56,6,16,22,78
03/13/2020,ROW,NM,ASW,CE,Combined TRACON& Tower with Radar,8,6,5,20,39,0,1,2,0,3,8,7,7,20,42,0,0,0,42
03/14/2020,ROW,NM,ASW,CE,Combined TRACON& Tower with Radar,6,4,5,6,21,0,5,18,4,27,6,9,23,10,48,64,10,74,122
03/15/2020,ROW,NM,ASW,CE,Combined TRACON& Tower with Radar,7,3,2,3,15,0,0,0,0,0,7,3,2,3,15,0,0,0,15
03/16/2020,ROW,NM,ASW,CE,Combined TRACON& Tower with Radar,7,7,6,25,45,0,1,1,4,6,7,8,7,29,51,0,0,0,51
03/17/2020,ROW,NM,ASW,CE,Combined TRACON& Tower with Radar,6,3,9,22,40,0,1,2,10,13,6,4,11,32,53,0,46,46,99
03/18/2020,ROW,NM,ASW,CE,Combined TRACON& Tower with Radar,7,4,4,13,28,0,3,18,4,25,7,7,22,17,53,1,0,1,54
03/19/2020,ROW,NM,ASW,CE,Combined TRACON& Tower with Radar,10,6,2,2,20,0,4,1,0,5,10,10,3,2,25,0,0,0,25
03/20/2020,ROW,NM,ASW,CE,Combined TRACON& Tower with Radar,10,6,8,48,72,0,4,16,5,25,10,10,24,53,97,22,48,70,167
03/21/2020,ROW,NM,ASW,CE,Combined TRACON& Tower with Radar,10,3,3,1,17,0,0,7,0,7,10,3,10,1,24,46,0,46,70
03/22/2020,ROW,NM,ASW,CE,Combined TRACON& Tower with Radar,11,1,3,1,16,0,1,5,0,6,11,2,8,1,22,14,0,14,36
03/23/2020,ROW,NM,ASW,CE,Combined TRACON& Tower with Radar,10,2,8,29,49,0,1,12,24,37,10,3,20,53,86,12,18,30,116
03/24/2020,ROW,NM,ASW,CE,Combined TRACON& Tower with Radar,15,4,2,10,31,0,3,10,0,13,15,7,12,10,44,18,0,18,62
03/25/2020,ROW,NM,ASW,CE,Combined TRACON& Tower with Radar,20,8,3,15,46,0,2,10,12,24,20,10,13,27,70,26,30,56,126
03/26/2020,ROW,NM,ASW,CE,Combined TRACON& Tower with Radar,20,5,3,0,28,0,4,4,0,8,20,9,7,0,36,0,0,0,36
03/27/2020,ROW,NM,ASW,CE,Combined TRACON& Tower with Radar,21,5,1,5,32,0,5,4,1,10,21,10,5,6,42,0,10,10,52
03/28/2020,ROW,NM,ASW,CE,Combined TRACON& Tower with Radar,22,1,3,0,26,0,4,5,0,9,22,5,8,0,35,0,0,0,35
03/29/2020,ROW,NM,ASW,CE,Combined TRACON& Tower with Radar,28,0,2,0,30,0,0,6,0,6,28,0,8,0,36,10,0,10,46
03/30/2020,ROW,NM,ASW,CE,Combined TRACON& Tower with Radar,24,1,3,3,31,0,1,3,1,5,24,2,6,4,36,0,0,0,36
03/31/2020,ROW,NM,ASW,CE,Combined TRACON& Tower with Radar,23,3,15,15,56,0,2,20,8,30,23,5,35,23,86,12,0,12,98
04/01/2020,ROW,NM,ASW,CE,Combined TRACON& Tower with Radar,13,4,3,8,28,0,2,5,3,10,13,6,8,11,38,0,0,0,38
04/02/2020,ROW,NM,ASW,CE,Combined TRACON& Tower with Radar,15,3,4,8,30,0,4,9,8,21,15,7,13,16,51,20,14,34,85
04/03/2020,ROW,NM,ASW,CE,Combined TRACON& Tower with Radar,11,3,5,18,37,0,3,14,5,22,11,6,19,23,59,0,8,8,67
04/04/2020,ROW,NM,ASW,CE,Combined TRACON& Tower with Radar,19,3,3,0,25,0,3,7,0,10,19,6,10,0,35,0,0,0,35
04/05/2020,ROW,NM,ASW,CE,Combined TRACON& Tower with Radar,8,2,3,0,13,0,0,9,0,9,8,2,12,0,22,26,0,26,48
04/06/2020,ROW,NM,ASW,CE,Combined TRACON& Tower with Radar,6,3,5,24,38,0,1,7,0,8,6,4,12,24,46,0,4,4,50
04/07/2020,ROW,NM,ASW,CE,Combined TRACON& Tower with Radar,10,4,5,18,37,0,4,8,0,12,10,8,13,18,49,61,0,61,110
04/08/2020,ROW,NM,ASW,CE,Combined TRACON& Tower with Radar,6,3,7,10,26,0,3,10,0,13,6,6,17,10,39,13,2,15,54
04/09/2020,ROW,NM,ASW,CE,Combined TRACON& Tower with Radar,5,7,5,0,17,0,4,7,1,12,5,11,12,1,29,74,0,74,103
04/10/2020,ROW,NM,ASW,CE,Combined TRACON& Tower with Radar,8,5,6,10,29,0,3,3,0,6,8,8,9,10,35,30,0,30,65
04/11/2020,ROW,NM,ASW,CE,Combined TRACON& Tower with Radar,4,3,8,25,40,0,5,11,0,16,4,8,19,25,56,22,30,52,108
04/12/2020,ROW,NM,ASW,CE,Combined TRACON& Tower with Radar,0,1,2,0,3,0,2,0,0,2,0,3,2,0,5,10,0,10,15
04/13/2020,ROW,NM,ASW,CE,Combined TRACON& Tower with Radar,6,1,9,13,29,0,3,2,3,8,6,4,11,16,37,0,0,0,37
04/14/2020,ROW,NM,ASW,CE,Combined TRACON& Tower with Radar,24,6,5,6,41,0,4,10,2,16,24,10,15,8,57,32,4,36,93
04/15/2020,ROW,NM,ASW,CE,Combined TRACON& Tower with Radar,3,5,9,5,22,0,4,10,10,24,3,9,19,15,46,8,26,34,80
04/16/2020,ROW,NM,ASW,CE,Combined TRACON& Tower with Radar,5,3,3,12,23,0,2,9,22,33,5,5,12,34,56,24,24,48,104
04/17/2020,ROW,NM,ASW,CE,Combined TRACON& Tower with Radar,5,11,5,27,48,0,5,7,7,19,5,16,12,34,67,4,34,38,105
04/18/2020,ROW,NM,ASW,CE,Combined TRACON& Tower with Radar,1,1,0,0,2,0,4,4,0,8,1,5,4,0,10,0,0,0,10
04/19/2020,ROW,NM,ASW,CE,Combined TRACON& Tower with Radar,1,0,0,0,1,0,0,5,3,8,1,0,5,3,9,0,0,0,9
04/20/2020,ROW,NM,ASW,CE,Combined TRACON& Tower with Radar,10,1,1,20,32,0,2,3,1,6,10,3,4,21,38,0,8,8,46
04/21/2020,ROW,NM,ASW,CE,Combined TRACON& Tower with Radar,5,4,7,33,49,0,2,6,9,17,5,6,13,42,66,16,76,92,158
04/22/2020,ROW,NM,ASW,CE,Combined TRACON& Tower with Radar,2,3,3,46,54,0,3,11,0,14,2,6,14,46,68,0,32,32,100
04/23/2020,ROW,NM,ASW,CE,Combined TRACON& Tower with Radar,6,3,2,17,28,0,3,24,5,32,6,6,26,22,60,8,24,32,92
04/24/2020,ROW,NM,ASW,CE,Combined TRACON& Tower with Radar,5,4,1,10,20,0,3,24,4,31,5,7,25,14,51,6,0,6,57
04/25/2020,ROW,NM,ASW,CE,Combined TRACON& Tower with Radar,2,1,2,0,5,0,3,10,0,13,2,4,12,0,18,20,0,20,38
04/26/2020,ROW,NM,ASW,CE,Combined TRACON& Tower with Radar,2,0,0,0,2,0,1,11,0,12,2,1,11,0,14,20,0,20,34
04/27/2020,ROW,NM,ASW,CE,Combined TRACON& Tower with Radar,3,1,2,33,39,0,3,2,6,11,3,4,4,39,50,0,16,16,66
04/28/2020,ROW,NM,ASW,CE,Combined TRACON& Tower with Radar,6,5,4,20,35,0,4,9,2,15,6,9,13,22,50,8,12,20,70
04/29/2020,ROW,NM,ASW,CE,Combined TRACON& Tower with Radar,6,4,3,22,35,0,5,5,7,17,6,9,8,29,52,34,0,34,86
04/30/2020,ROW,NM,ASW,CE,Combined TRACON& Tower with Radar,2,4,3,17,26,0,4,10,1,15,2,8,13,18,41,30,16,46,87
05/01/2020,ROW,NM,ASW,CE,Combined TRACON& Tower with Radar,9,3,4,5,21,0,3,9,1,13,9,6,13,6,34,54,0,54,88
05/02/2020,ROW,NM,ASW,CE,Combined TRACON& Tower with Radar,8,1,1,8,18,0,4,11,0,15,8,5,12,8,33,32,0,32,65
05/03/2020,ROW,NM,ASW,CE,Combined TRACON& Tower with Radar,5,0,2,2,9,0,0,11,0,11,5,0,13,2,20,12,0,12,32
05/04/2020,ROW,NM,ASW,CE,Combined TRACON& Tower with Radar,4,3,7,27,41,0,1,5,4,10,4,4,12,31,51,8,8,16,67
05/05/2020,ROW,NM,ASW,CE,Combined TRACON& Tower with Radar,7,4,1,1,13,0,2,3,6,11,7,6,4,7,24,4,0,4,28
05/06/2020,ROW,NM,ASW,CE,Combined TRACON& Tower with Radar,4,3,8,30,45,0,1,9,7,17,4,4,17,37,62,0,18,18,80
05/07/2020,ROW,NM,ASW,CE,Combined TRACON& Tower with Radar,1,1,2,13,17,0,1,15,6,22,1,2,17,19,39,0,0,0,39
05/08/2020,ROW,NM,ASW,CE,Combined TRACON& Tower with Radar,1,0,1,11,13,0,2,5,1,8,1,2,6,12,21,0,0,0,21
05/09/2020,ROW,NM,ASW,CE,Combined TRACON& Tower with Radar,2,0,3,0,5,0,5,15,2,22,2,5,18,2,27,0,0,0,27
05/10/2020,ROW,NM,ASW,CE,Combined TRACON& Tower with Radar,1,1,0,0,2,0,0,2,0,2,1,1,2,0,4,0,0,0,4
05/11/2020,ROW,NM,ASW,CE,Combined TRACON& Tower with Radar,1,2,0,10,13,0,1,2,2,5,1,3,2,12,18,0,0,0,18
05/12/2020,ROW,NM,ASW,CE,Combined TRACON& Tower with Radar,1,5,4,40,50,0,3,11,5,19,1,8,15,45,69,0,0,0,69
05/13/2020,ROW,NM,ASW,CE,Combined TRACON& Tower with Radar,1,1,7,36,45,0,2,6,13,21,1,3,13,49,66,0,0,0,66
05/14/2020,ROW,NM,ASW,CE,Combined TRACON& Tower with Radar,2,3,15,38,58,0,2,10,9,21,2,5,25,47,79,0,76,76,155
05/15/2020,ROW,NM,ASW,CE,Combined TRACON& Tower with Radar,3,1,12,17,33,0,1,15,2,18,3,2,27,19,51,0,0,0,51
05/16/2020,ROW,NM,ASW,CE,Combined TRACON& Tower with Radar,1,2,3,12,18,0,4,15,0,19,1,6,18,12,37,6,0,6,43
05/17/2020,ROW,NM,ASW,CE,Combined TRACON& Tower with Radar,1,0,3,0,4,0,0,12,0,12,1,0,15,0,16,10,12,22,38
05/18/2020,ROW,NM,ASW,CE,Combined TRACON& Tower with Radar,3,2,13,21,39,0,2,9,10,21,3,4,22,31,60,0,26,26,86
05/19/2020,ROW,NM,ASW,CE,Combined TRACON& Tower with Radar,1,2,3,25,31,0,3,3,7,13,1,5,6,32,44,0,12,12,56
05/20/2020,ROW,NM,ASW,CE,Combined TRACON& Tower with Radar,1,3,5,32,41,0,4,6,8,18,1,7,11,40,59,4,4,8,67
05/21/2020,ROW,NM,ASW,CE,Combined TRACON& Tower with Radar,1,1,7,14,23,0,2,7,6,15,1,3,14,20,38,0,6,6,44
05/22/2020,ROW,NM,ASW,CE,Combined TRACON& Tower with Radar,2,0,13,3,18,0,2,8,2,12,2,2,21,5,30,0,6,6,36
05/23/2020,ROW,NM,ASW,CE,Combined TRACON& Tower with Radar,2,0,2,0,4,0,2,11,0,13,2,2,13,0,17,0,0,0,17
05/24/2020,ROW,NM,ASW,CE,Combined TRACON& Tower with Radar,1,0,0,0,1,0,1,7,0,8,1,1,7,0,9,0,0,0,9
05/25/2020,ROW,NM,ASW,CE,Combined TRACON& Tower with Radar,1,0,2,0,3,0,0,2,0,2,1,0,4,0,5,0,0,0,5
05/26/2020,ROW,NM,ASW,CE,Combined TRACON& Tower with Radar,1,1,9,43,54,0,0,7,0,7,1,1,16,43,61,0,40,40,101
05/27/2020,ROW,NM,ASW,CE,Combined TRACON& Tower with Radar,7,1,1,20,29,0,2,11,9,22,7,3,12,29,51,0,0,0,51
05/28/2020,ROW,NM,ASW,CE,Combined TRACON& Tower with Radar,1,1,6,10,18,0,1,8,4,13,1,2,14,14,31,0,0,0,31
05/29/2020,ROW,NM,ASW,CE,Combined TRACON& Tower with Radar,2,2,6,5,15,0,2,13,0,15,2,4,19,5,30,0,0,0,30
05/30/2020,ROW,NM,ASW,CE,Combined TRACON& Tower with Radar,1,2,1,2,6,0,1,3,0,4,1,3,4,2,10,2,0,2,12
05/31/2020,ROW,NM,ASW,CE,Combined TRACON& Tower with Radar,1,0,2,0,3,0,0,7,0,7,1,0,9,0,10,14,0,14,24
06/01/2020,ROW,NM,ASW,CE,Combined TRACON& Tower with Radar,5,1,3,20,29,0,1,6,0,7,5,2,9,20,36,0,16,16,52
06/02/2020,ROW,NM,ASW,CE,Combined TRACON& Tower with Radar,1,1,0,10,12,0,1,10,1,12,1,2,10,11,24,8,0,8,32
06/03/2020,ROW,NM,ASW,CE,Combined TRACON& Tower with Radar,1,5,4,22,32,0,5,9,3,17,1,10,13,25,49,10,32,42,91
06/04/2020,ROW,NM,ASW,CE,Combined TRACON& Tower with Radar,1,4,5,10,20,0,0,8,6,14,1,4,13,16,34,0,0,0,34
06/05/2020,ROW,NM,ASW,CE,Combined TRACON& Tower with Radar,2,0,3,19,24,0,1,7,8,16,2,1,10,27,40,0,0,0,40
06/06/2020,ROW,NM,ASW,CE,Combined TRACON& Tower with Radar,7,0,7,0,14,0,8,8,1,17,7,8,15,1,31,0,0,0,31
06/07/2020,ROW,NM,ASW,CE,Combined TRACON& Tower with Radar,1,0,7,0,8,0,2,7,0,9,1,2,14,0,17,0,0,0,17
06/08/2020,ROW,NM,ASW,CE,Combined TRACON& Tower with Radar,1,1,2,10,14,0,1,3,5,9,1,2,5,15,23,0,0,0,23
06/09/2020,ROW,NM,ASW,CE,Combined TRACON& Tower with Radar,1,4,1,4,10,0,0,4,0,4,1,4,5,4,14,0,0,0,14
06/10/2020,ROW,NM,ASW,CE,Combined TRACON& Tower with Radar,3,1,8,41,53,0,3,9,15,27,3,4,17,56,80,0,0,0,80
06/11/2020,ROW,NM,ASW,CE,Combined TRACON& Tower with Radar,6,3,4,20,33,0,1,4,8,13,6,4,8,28,46,0,0,0,46
06/12/2020,ROW,NM,ASW,CE,Combined TRACON& Tower with Radar,1,0,3,13,17,1,0,13,7,21,2,0,16,20,38,0,0,0,38
06/13/2020,ROW,NM,ASW,CE,Combined TRACON& Tower with Radar,1,0,1,0,2,0,4,14,0,18,1,4,15,0,20,12,0,12,32
06/14/2020,ROW,NM,ASW,CE,Combined TRACON& Tower with Radar,2,1,1,0,4,0,2,3,0,5,2,3,4,0,9,0,0,0,9
06/15/2020,ROW,NM,ASW,CE,Combined TRACON& Tower with Radar,7,4,4,19,34,0,2,3,1,6,7,6,7,20,40,0,0,0,40
06/16/2020,ROW,NM,ASW,CE,Combined TRACON& Tower with Radar,1,2,3,36,42,0,1,3,12,16,1,3,6,48,58,0,38,38,96
06/17/2020,ROW,NM,ASW,CE,Combined TRACON& Tower with Radar,1,0,5,34,40,0,3,9,10,22,1,3,14,44,62,24,14,38,100
06/18/2020,ROW,NM,ASW,CE,Combined TRACON& Tower with Radar,1,1,0,45,47,0,3,3,0,6,1,4,3,45,53,0,28,28,81
06/19/2020,ROW,NM,ASW,CE,Combined TRACON& Tower with Radar,1,0,5,20,26,0,2,9,2,13,1,2,14,22,39,0,26,26,65
06/20/2020,ROW,NM,ASW,CE,Combined TRACON& Tower with Radar,7,4,0,0,11,0,4,9,0,13,7,8,9,0,24,2,0,2,26
06/21/2020,ROW,NM,ASW,CE,Combined TRACON& Tower with Radar,4,0,1,0,5,0,0,4,0,4,4,0,5,0,9,0,0,0,9
06/22/2020,ROW,NM,ASW,CE,Combined TRACON& Tower with Radar,2,3,3,9,17,0,2,9,1,12,2,5,12,10,29,0,0,0,29
06/23/2020,ROW,NM,ASW,CE,Combined TRACON& Tower with Radar,2,2,2,12,18,0,1,4,11,16,2,3,6,23,34,0,0,0,34
06/24/2020,ROW,NM,ASW,CE,Combined TRACON& Tower with Radar,5,2,6,1,14,0,3,6,5,14,5,5,12,6,28,0,0,0,28
06/25/2020,ROW,NM,ASW,CE,Combined TRACON& Tower with Radar,3,2,3,11,19,0,2,15,3,20,3,4,18,14,39,0,0,0,39
06/26/2020,ROW,NM,ASW,CE,Combined TRACON& Tower with Radar,3,2,4,19,28,0,0,7,1,8,3,2,11,20,36,0,0,0,36
06/27/2020,ROW,NM,ASW,CE,Combined TRACON& Tower with Radar,4,2,5,0,11,0,3,7,0,10,4,5,12,0,21,0,0,0,21
06/28/2020,ROW,NM,ASW,CE,Combined TRACON& Tower with Radar,2,0,5,0,7,0,0,5,0,5,2,0,10,0,12,0,0,0,12
06/29/2020,ROW,NM,ASW,CE,Combined TRACON& Tower with Radar,1,1,8,13,23,0,1,8,1,10,1,2,16,14,33,0,24,24,57
06/30/2020,ROW,NM,ASW,CE,Combined TRACON& Tower with Radar,1,3,7,13,24,0,2,10,2,14,1,5,17,15,38,2,38,40,78
07/01/2020,ROW,NM,ASW,CE,Combined TRACON& Tower with Radar,5,2,5,2,14,0,0,10,2,12,5,2,15,4,26,26,30,56,82
07/02/2020,ROW,NM,ASW,CE,Combined TRACON& Tower with Radar,1,2,2,0,5,0,0,4,0,4,1,2,6,0,9,0,0,0,9
07/03/2020,ROW,NM,ASW,CE,Combined TRACON& Tower with Radar,1,2,1,0,4,0,1,3,0,4,1,3,4,0,8,1,0,1,9
07/04/2020,ROW,NM,ASW,CE,Combined TRACON& Tower with Radar,1,2,1,0,4,0,0,1,0,1,1,2,2,0,5,0,0,0,5
07/05/2020,ROW,NM,ASW,CE,Combined TRACON& Tower with Radar,3,2,5,0,10,0,1,2,0,3,3,3,7,0,13,0,0,0,13
07/06/2020,ROW,NM,ASW,CE,Combined TRACON& Tower with Radar,1,1,2,0,4,0,5,6,0,11,1,6,8,0,15,1,0,1,16
07/07/2020,ROW,NM,ASW,CE,Combined TRACON& Tower with Radar,6,2,1,6,15,0,0,5,2,7,6,2,6,8,22,2,4,6,28
07/08/2020,ROW,NM,ASW,CE,Combined TRACON& Tower with Radar,8,3,2,16,29,0,2,7,0,9,8,5,9,16,38,0,0,0,38
07/09/2020,ROW,NM,ASW,CE,Combined TRACON& Tower with Radar,4,0,3,19,26,0,0,7,5,12,4,0,10,24,38,0,0,0,38
07/10/2020,ROW,NM,ASW,CE,Combined TRACON& Tower with Radar,4,2,0,0,6,0,2,4,0,6,4,4,4,0,12,0,0,0,12
07/11/2020,ROW,NM,ASW,CE,Combined TRACON& Tower with Radar,6,4,2,0,12,0,4,7,0,11,6,8,9,0,23,0,0,0,23
07/12/2020,ROW,NM,ASW,CE,Combined TRACON& Tower with Radar,4,0,2,0,6,0,1,8,4,13,4,1,10,4,19,0,0,0,19
07/13/2020,ROW,NM,ASW,CE,Combined TRACON& Tower with Radar,3,3,2,6,14,0,1,3,0,4,3,4,5,6,18,0,0,0,18
07/14/2020,ROW,NM,ASW,CE,Combined TRACON& Tower with Radar,4,3,3,7,17,0,2,11,6,19,4,5,14,13,36,24,8,32,68
07/15/2020,ROW,NM,ASW,CE,Combined TRACON& Tower with Radar,2,4,6,0,12,0,2,7,0,9,2,6,13,0,21,0,0,0,21
07/16/2020,ROW,NM,ASW,CE,Combined TRACON& Tower with Radar,5,1,4,8,18,0,1,6,0,7,5,2,10,8,25,6,0,6,31
07/17/2020,ROW,NM,ASW,CE,Combined TRACON& Tower with Radar,4,3,8,29,44,1,2,18,2,23,5,5,26,31,67,14,32,46,113
07/18/2020,ROW,NM,ASW,CE,Combined TRACON& Tower with Radar,3,5,0,0,8,0,5,10,0,15,3,10,10,0,23,28,0,28,51
07/19/2020,ROW,NM,ASW,CE,Combined TRACON& Tower with Radar,4,0,7,0,11,0,0,2,2,4,4,0,9,2,15,2,0,2,17
07/20/2020,ROW,NM,ASW,CE,Combined TRACON& Tower with Radar,3,6,7,10,26,0,5,6,2,13,3,11,13,12,39,0,62,62,101
07/21/2020,ROW,NM,ASW,CE,Combined TRACON& Tower with Radar,3,1,7,27,38,0,3,4,18,25,3,4,11,45,63,30,42,72,135
07/22/2020,ROW,NM,ASW,CE,Combined TRACON& Tower with Radar,3,3,7,14,27,0,7,9,0,16,3,10,16,14,43,0,0,0,43
07/23/2020,ROW,NM,ASW,CE,Combined TRACON& Tower with Radar,3,3,2,19,27,0,2,6,7,15,3,5,8,26,42,0,0,0,42
07/24/2020,ROW,NM,ASW,CE,Combined TRACON& Tower with Radar,3,2,5,13,23,0,1,17,3,21,3,3,22,16,44,0,0,0,44
07/25/2020,ROW,NM,ASW,CE,Combined TRACON& Tower with Radar,3,3,0,0,6,0,4,4,0,8,3,7,4,0,14,0,0,0,14
07/26/2020,ROW,NM,ASW,CE,Combined TRACON& Tower with Radar,3,0,2,0,5,0,0,2,0,2,3,0,4,0,7,0,0,0,7
07/27/2020,ROW,NM,ASW,CE,Combined TRACON& Tower with Radar,4,4,7,17,32,0,1,7,12,20,4,5,14,29,52,0,0,0,52
07/28/2020,ROW,NM,ASW,CE,Combined TRACON& Tower with Radar,2,2,11,19,34,0,4,9,3,16,2,6,20,22,50,0,8,8,58
07/29/2020,ROW,NM,ASW,CE,Combined TRACON& Tower with Radar,2,3,7,20,32,0,0,9,14,23,2,3,16,34,55,24,64,88,143
07/30/2020,ROW,NM,ASW,CE,Combined TRACON& Tower with Radar,3,1,12,27,43,0,0,7,1,8,3,1,19,28,51,6,46,52,103
07/31/2020,ROW,NM,ASW,CE,Combined TRACON& Tower with Radar,3,0,1,31,35,0,4,7,5,16,3,4,8,36,51,6,118,124,175
08/01/2020,ROW,NM,ASW,CE,Combined TRACON& Tower with Radar,7,1,2,0,10,0,3,18,2,23,7,4,20,2,33,10,8,18,51
08/02/2020,ROW,NM,ASW,CE,Combined TRACON& Tower with Radar,5,0,1,0,6,0,1,7,1,9,5,1,8,1,15,0,0,0,15
08/03/2020,ROW,NM,ASW,CE,Combined TRACON& Tower with Radar,3,1,4,9,17,0,1,2,1,4,3,2,6,10,21,0,2,2,23
08/04/2020,ROW,NM,ASW,CE,Combined TRACON& Tower with Radar,2,1,7,17,27,0,2,2,5,9,2,3,9,22,36,0,0,0,36
08/05/2020,ROW,NM,ASW,CE,Combined TRACON& Tower with Radar,2,6,8,10,26,0,5,6,4,15,2,11,14,14,41,0,8,8,49
08/06/2020,ROW,NM,ASW,CE,Combined TRACON& Tower with Radar,4,2,5,8,19,0,1,5,19,25,4,3,10,27,44,0,0,0,44
08/07/2020,ROW,NM,ASW,CE,Combined TRACON& Tower with Radar,3,1,2,11,17,0,3,4,8,15,3,4,6,19,32,0,0,0,32
08/08/2020,ROW,NM,ASW,CE,Combined TRACON& Tower with Radar,3,0,3,8,14,0,3,8,1,12,3,3,11,9,26,0,0,0,26
08/09/2020,ROW,NM,ASW,CE,Combined TRACON& Tower with Radar,3,0,3,0,6,0,0,11,0,11,3,0,14,0,17,0,0,0,17
08/10/2020,ROW,NM,ASW,CE,Combined TRACON& Tower with Radar,2,4,6,24,36,0,0,4,4,8,2,4,10,28,44,0,0,0,44
08/11/2020,ROW,NM,ASW,CE,Combined TRACON& Tower with Radar,3,3,8,33,47,0,3,9,11,23,3,6,17,44,70,0,0,0,70
08/12/2020,ROW,NM,ASW,CE,Combined TRACON& Tower with Radar,5,2,2,17,26,0,1,9,4,14,5,3,11,21,40,0,14,14,54
08/13/2020,ROW,NM,ASW,CE,Combined TRACON& Tower with Radar,6,4,5,14,29,0,5,10,3,18,6,9,15,17,47,16,12,28,75
08/14/2020,ROW,NM,ASW,CE,Combined TRACON& Tower with Radar,3,2,5,9,19,0,6,7,3,16,3,8,12,12,35,10,0,10,45
08/15/2020,ROW,NM,ASW,CE,Combined TRACON& Tower with Radar,4,3,1,0,8,0,0,3,0,3,4,3,4,0,11,14,0,14,25
08/16/2020,ROW,NM,ASW,CE,Combined TRACON& Tower with Radar,3,2,1,0,6,0,2,13,1,16,3,4,14,1,22,8,0,8,30
08/17/2020,ROW,NM,ASW,CE,Combined TRACON& Tower with Radar,5,3,13,0,21,0,3,10,0,13,5,6,23,0,34,0,0,0,34
08/18/2020,ROW,NM,ASW,CE,Combined TRACON& Tower with Radar,4,2,4,12,22,0,3,8,19,30,4,5,12,31,52,0,18,18,70
08/19/2020,ROW,NM,ASW,CE,Combined TRACON& Tower with Radar,2,2,9,9,22,0,2,17,5,24,2,4,26,14,46,16,34,50,96
08/20/2020,ROW,NM,ASW,CE,Combined TRACON& Tower with Radar,10,2,10,5,27,0,1,4,1,6,10,3,14,6,33,0,0,0,33
08/21/2020,ROW,NM,ASW,CE,Combined TRACON& Tower with Radar,3,1,6,8,18,0,4,9,0,13,3,5,15,8,31,6,0,6,37
08/22/2020,ROW,NM,ASW,CE,Combined TRACON& Tower with Radar,5,9,3,0,17,0,1,7,2,10,5,10,10,2,27,0,0,0,27
08/23/2020,ROW,NM,ASW,CE,Combined TRACON& Tower with Radar,3,3,12,0,18,0,0,8,0,8,3,3,20,0,26,0,0,0,26
08/24/2020,ROW,NM,ASW,CE,Combined TRACON& Tower with Radar,4,1,11,1,17,0,2,6,7,15,4,3,17,8,32,0,0,0,32
08/25/2020,ROW,NM,ASW,CE,Combined TRACON& Tower with Radar,3,4,4,2,13,0,3,5,0,8,3,7,9,2,21,0,0,0,21
08/26/2020,ROW,NM,ASW,CE,Combined TRACON& Tower with Radar,4,4,7,12,27,0,1,2,0,3,4,5,9,12,30,0,0,0,30
08/27/2020,ROW,NM,ASW,CE,Combined TRACON& Tower with Radar,4,2,9,8,23,0,2,11,0,13,4,4,20,8,36,50,0,50,86
08/28/2020,ROW,NM,ASW,CE,Combined TRACON& Tower with Radar,6,0,6,6,18,0,1,15,6,22,6,1,21,12,40,50,0,50,90
08/29/2020,ROW,NM,ASW,CE,Combined TRACON& Tower with Radar,3,2,1,6,12,0,4,14,18,36,3,6,15,24,48,50,20,70,118
08/30/2020,ROW,NM,ASW,CE,Combined TRACON& Tower with Radar,3,0,2,0,5,0,0,5,0,5,3,0,7,0,10,52,4,56,66
08/31/2020,ROW,NM,ASW,CE,Combined TRACON& Tower with Radar,3,1,4,2,10,0,1,4,8,13,3,2,8,10,23,22,0,22,45
09/01/2020,ROW,NM,ASW,CE,Combined TRACON& Tower with Radar,3,3,11,14,31,0,2,13,2,17,3,5,24,16,48,0,0,0,48
09/02/2020,ROW,NM,ASW,CE,Combined TRACON& Tower with Radar,3,4,10,18,35,0,2,6,1,9,3,6,16,19,44,0,0,0,44
09/03/2020,ROW,NM,ASW,CE,Combined TRACON& Tower with Radar,5,2,6,15,28,0,0,10,6,16,5,2,16,21,44,0,0,0,44
09/04/2020,ROW,NM,ASW,CE,Combined TRACON& Tower with Radar,4,0,5,8,17,0,3,9,1,13,4,3,14,9,30,0,0,0,30
09/05/2020,ROW,NM,ASW,CE,Combined TRACON& Tower with Radar,3,4,3,0,10,0,5,14,0,19,3,9,17,0,29,0,0,0,29
09/06/2020,ROW,NM,ASW,CE,Combined TRACON& Tower with Radar,1,0,0,0,1,0,0,2,0,2,1,0,2,0,3,0,0,0,3
09/07/2020,ROW,NM,ASW,CE,Combined TRACON& Tower with Radar,4,2,8,0,14,0,3,11,1,15,4,5,19,1,29,0,0,0,29
09/08/2020,ROW,NM,ASW,CE,Combined TRACON& Tower with Radar,4,4,6,5,19,0,1,1,0,2,4,5,7,5,21,0,0,0,21
09/09/2020,ROW,NM,ASW,CE,Combined TRACON& Tower with Radar,1,6,4,7,18,0,1,1,1,3,1,7,5,8,21,0,0,0,21
09/10/2020,ROW,NM,ASW,CE,Combined TRACON& Tower with Radar,1,3,2,33,39,0,0,0,1,1,1,3,2,34,40,0,0,0,40
09/11/2020,ROW,NM,ASW,CE,Combined TRACON& Tower with Radar,1,2,9,18,30,0,1,8,11,20,1,3,17,29,50,18,62,80,130
09/12/2020,ROW,NM,ASW,CE,Combined TRACON& Tower with Radar,0,0,2,4,6,0,6,10,0,16,0,6,12,4,22,0,12,12,34
09/13/2020,ROW,NM,ASW,CE,Combined TRACON& Tower with Radar,0,0,1,0,1,0,0,8,0,8,0,0,9,0,9,0,0,0,9
09/14/2020,ROW,NM,ASW,CE,Combined TRACON& Tower with Radar,3,3,9,14,29,0,1,5,2,8,3,4,14,16,37,0,28,28,65
09/15/2020,ROW,NM,ASW,CE,Combined TRACON& Tower with Radar,1,6,3,26,36,0,2,9,9,20,1,8,12,35,56,1,61,62,118
09/16/2020,ROW,NM,ASW,CE,Combined TRACON& Tower with Radar,4,3,6,7,20,0,0,7,1,8,4,3,13,8,28,0,0,0,28
09/17/2020,ROW,NM,ASW,CE,Combined TRACON& Tower with Radar,1,1,4,7,13,0,2,3,1,6,1,3,7,8,19,0,14,14,33
09/18/2020,ROW,NM,ASW,CE,Combined TRACON& Tower with Radar,1,1,8,2,12,0,2,9,0,11,1,3,17,2,23,0,0,0,23
09/19/2020,ROW,NM,ASW,CE,Combined TRACON& Tower with Radar,1,0,3,6,10,0,2,8,2,12,1,2,11,8,22,0,0,0,22
09/20/2020,ROW,NM,ASW,CE,Combined TRACON& Tower with Radar,0,0,4,1,5,0,0,10,0,10,0,0,14,1,15,14,0,14,29
09/21/2020,ROW,NM,ASW,CE,Combined TRACON& Tower with Radar,1,3,2,22,28,0,1,8,0,9,1,4,10,22,37,0,0,0,37
09/22/2020,ROW,NM,ASW,CE,Combined TRACON& Tower with Radar,4,5,4,41,54,0,2,5,4,11,4,7,9,45,65,0,0,0,65
09/23/2020,ROW,NM,ASW,CE,Combined TRACON& Tower with Radar,0,3,3,17,23,0,4,11,0,15,0,7,14,17,38,0,0,0,38
09/24/2020,ROW,NM,ASW,CE,Combined TRACON& Tower with Radar,5,1,8,15,29,0,1,6,1,8,5,2,14,16,37,0,0,0,37
09/25/2020,ROW,NM,ASW,CE,Combined TRACON& Tower with Radar,2,0,2,8,12,0,0,10,0,10,2,0,12,8,22,0,0,0,22
09/26/2020,ROW,NM,ASW,CE,Combined TRACON& Tower with Radar,0,4,0,0,4,0,2,6,0,8,0,6,6,0,12,0,0,0,12
09/27/2020,ROW,NM,ASW,CE,Combined TRACON& Tower with Radar,3,2,1,0,6,0,3,8,1,12,3,5,9,1,18,0,0,0,18
09/28/2020,ROW,NM,ASW,CE,Combined TRACON& Tower with Radar,3,4,9,13,29,0,3,7,2,12,3,7,16,15,41,0,20,20,61
09/29/2020,ROW,NM,ASW,CE,Combined TRACON& Tower with Radar,4,3,9,19,35,0,1,13,2,16,4,4,22,21,51,12,22,34,85
09/30/2020,ROW,NM,ASW,CE,Combined TRACON& Tower with Radar,4,4,3,7,18,0,4,11,5,20,4,8,14,12,38,0,0,0,38
10/01/2020,ROW,NM,ASW,CE,Combined TRACON& Tower with Radar,7,6,3,10,26,0,3,12,8,23,7,9,15,18,49,4,12,16,65
10/02/2020,ROW,NM,ASW,CE,Combined TRACON& Tower with Radar,4,3,20,1,28,0,5,12,10,27,4,8,32,11,55,2,0,2,57
10/03/2020,ROW,NM,ASW,CE,Combined TRACON& Tower with Radar,2,10,0,0,12,0,6,6,2,14,2,16,6,2,26,0,0,0,26
10/04/2020,ROW,NM,ASW,CE,Combined TRACON& Tower with Radar,6,3,4,4,17,0,0,13,0,13,6,3,17,4,30,0,0,0,30
10/05/2020,ROW,NM,ASW,CE,Combined TRACON& Tower with Radar,3,2,6,3,14,0,3,18,2,23,3,5,24,5,37,0,0,0,37
10/06/2020,ROW,NM,ASW,CE,Combined TRACON& Tower with Radar,4,6,12,41,63,0,2,14,2,18,4,8,26,43,81,0,52,52,133
10/07/2020,ROW,NM,ASW,CE,Combined TRACON& Tower with Radar,6,12,5,8,31,0,2,10,4,16,6,14,15,12,47,22,42,64,111
10/08/2020,ROW,NM,ASW,CE,Combined TRACON& Tower with Radar,4,4,9,6,23,0,3,16,2,21,4,7,25,8,44,0,0,0,44
10/09/2020,ROW,NM,ASW,CE,Combined TRACON& Tower with Radar,4,6,6,2,18,0,5,16,0,21,4,11,22,2,39,12,0,12,51
10/10/2020,ROW,NM,ASW,CE,Combined TRACON& Tower with Radar,4,1,4,0,9,0,5,14,0,19,4,6,18,0,28,0,0,0,28
10/11/2020,ROW,NM,ASW,CE,Combined TRACON& Tower with Radar,4,0,6,0,10,0,3,21,0,24,4,3,27,0,34,0,0,0,34
10/12/2020,ROW,NM,ASW,CE,Combined TRACON& Tower with Radar,4,2,5,2,13,0,5,21,0,26,4,7,26,2,39,0,0,0,39
10/13/2020,ROW,NM,ASW,CE,Combined TRACON& Tower with Radar,4,5,24,4,37,0,2,22,2,26,4,7,46,6,63,0,0,0,63
10/14/2020,ROW,NM,ASW,CE,Combined TRACON& Tower with Radar,5,5,8,18,36,0,1,12,12,25,5,6,20,30,61,0,0,0,61
10/15/2020,ROW,NM,ASW,CE,Combined TRACON& Tower with Radar,7,8,5,36,56,0,5,10,7,22,7,13,15,43,78,0,52,52,130
10/16/2020,ROW,NM,ASW,CE,Combined TRACON& Tower with Radar,4,9,23,16,52,0,3,19,0,22,4,12,42,16,74,0,0,0,74
10/17/2020,ROW,NM,ASW,CE,Combined TRACON& Tower with Radar,4,4,7,4,19,0,5,8,4,17,4,9,15,8,36,0,0,0,36
10/18/2020,ROW,NM,ASW,CE,Combined TRACON& Tower with Radar,6,4,3,1,14,0,2,12,1,15,6,6,15,2,29,0,0,0,29
10/19/2020,ROW,NM,ASW,CE,Combined TRACON& Tower with Radar,4,5,29,32,70,0,2,9,4,15,4,7,38,36,85,0,2,2,87
10/20/2020,ROW,NM,ASW,CE,Combined TRACON& Tower with Radar,5,12,17,64,98,0,4,18,4,26,5,16,35,68,124,14,40,54,178
10/21/2020,ROW,NM,ASW,CE,Combined TRACON& Tower with Radar,4,4,11,13,32,0,6,25,2,33,4,10,36,15,65,0,0,0,65
10/22/2020,ROW,NM,ASW,CE,Combined TRACON& Tower with Radar,4,5,9,16,34,0,5,22,0,27,4,10,31,16,61,2,46,48,109
10/23/2020,ROW,NM,ASW,CE,Combined TRACON& Tower with Radar,4,3,6,9,22,0,3,13,5,21,4,6,19,14,43,28,44,72,115
10/24/2020,ROW,NM,ASW,CE,Combined TRACON& Tower with Radar,4,3,8,15,30,0,4,16,0,20,4,7,24,15,50,10,0,10,60
10/25/2020,ROW,NM,ASW,CE,Combined TRACON& Tower with Radar,4,3,8,2,17,0,1,8,0,9,4,4,16,2,26,0,0,0,26
10/26/2020,ROW,NM,ASW,CE,Combined TRACON& Tower with Radar,4,0,3,4,11,0,0,0,0,0,4,0,3,4,11,0,0,0,11
10/27/2020,ROW,NM,ASW,CE,Combined TRACON& Tower with Radar,2,2,2,0,6,0,2,0,0,2,2,4,2,0,8,0,0,0,8
10/28/2020,ROW,NM,ASW,CE,Combined TRACON& Tower with Radar,5,4,5,2,16,0,2,4,0,6,5,6,9,2,22,0,0,0,22
10/29/2020,ROW,NM,ASW,CE,Combined TRACON& Tower with Radar,4,9,4,26,43,0,4,13,7,24,4,13,17,33,67,0,32,32,99
10/30/2020,ROW,NM,ASW,CE,Combined TRACON& Tower with Radar,4,4,9,7,24,0,6,20,6,32,4,10,29,13,56,0,22,22,78
10/31/2020,ROW,NM,ASW,CE,Combined TRACON& Tower with Radar,2,4,3,1,10,0,4,13,0,17,2,8,16,1,27,0,0,0,27
11/01/2020,ROW,NM,ASW,CE,Combined TRACON& Tower with Radar,4,3,5,4,16,0,1,16,3,20,4,4,21,7,36,8,0,8,44
11/02/2020,ROW,NM,ASW,CE,Combined TRACON& Tower with Radar,4,4,8,11,27,0,1,12,2,15,4,5,20,13,42,2,0,2,44
11/03/2020,ROW,NM,ASW,CE,Combined TRACON& Tower with Radar,4,7,12,12,35,0,3,18,10,31,4,10,30,22,66,36,40,76,142
11/04/2020,ROW,NM,ASW,CE,Combined TRACON& Tower with Radar,4,4,8,19,35,0,4,15,7,26,4,8,23,26,61,0,24,24,85
11/05/2020,ROW,NM,ASW,CE,Combined TRACON& Tower with Radar,4,7,21,2,34,0,9,18,0,27,4,16,39,2,61,6,0,6,67
11/06/2020,ROW,NM,ASW,CE,Combined TRACON& Tower with Radar,6,3,6,4,19,0,5,17,0,22,6,8,23,4,41,0,0,0,41
11/07/2020,ROW,NM,ASW,CE,Combined TRACON& Tower with Radar,3,3,1,10,17,0,5,10,2,17,3,8,11,12,34,6,16,22,56
11/08/2020,ROW,NM,ASW,CE,Combined TRACON& Tower with Radar,3,2,1,4,10,0,1,0,0,1,3,3,1,4,11,0,0,0,11
11/09/2020,ROW,NM,ASW,CE,Combined TRACON& Tower with Radar,3,3,6,4,16,0,5,4,0,9,3,8,10,4,25,0,0,0,25
11/10/2020,ROW,NM,ASW,CE,Combined TRACON& Tower with Radar,4,5,3,21,33,0,3,15,4,22,4,8,18,25,55,14,38,52,107
11/11/2020,ROW,NM,ASW,CE,Combined TRACON& Tower with Radar,5,5,4,2,16,0,3,8,2,13,5,8,12,4,29,0,8,8,37
11/12/2020,ROW,NM,ASW,CE,Combined TRACON& Tower with Radar,5,5,8,2,20,0,6,14,0,20,5,11,22,2,40,0,0,0,40
11/13/2020,ROW,NM,ASW,CE,Combined TRACON& Tower with Radar,3,31,8,47,89,0,6,12,4,22,3,37,20,51,111,0,6,6,117
11/14/2020,ROW,NM,ASW,CE,Combined TRACON& Tower with Radar,3,4,10,17,34,0,4,5,5,14,3,8,15,22,48,0,32,32,80
11/15/2020,ROW,NM,ASW,CE,Combined TRACON& Tower with Radar,3,2,2,2,9,0,1,10,6,17,3,3,12,8,26,0,0,0,26
11/16/2020,ROW,NM,ASW,CE,Combined TRACON& Tower with Radar,4,2,6,3,15,0,5,6,2,13,4,7,12,5,28,8,1,9,37
11/17/2020,ROW,NM,ASW,CE,Combined TRACON& Tower with Radar,8,4,8,15,35,0,3,13,5,21,8,7,21,20,56,12,18,30,86
11/18/2020,ROW,NM,ASW,CE,Combined TRACON& Tower with Radar,7,6,8,17,38,0,2,21,11,34,7,8,29,28,72,0,14,14,86
11/19/2020,ROW,NM,ASW,CE,Combined TRACON& Tower with Radar,6,3,11,5,25,0,4,13,0,17,6,7,24,5,42,0,0,0,42
11/20/2020,ROW,NM,ASW,CE,Combined TRACON& Tower with Radar,5,4,7,10,26,0,4,27,2,33,5,8,34,12,59,36,0,36,95
11/21/2020,ROW,NM,ASW,CE,Combined TRACON& Tower with Radar,7,2,2,4,15,0,6,18,0,24,7,8,20,4,39,38,0,38,77
11/22/2020,ROW,NM,ASW,CE,Combined TRACON& Tower with Radar,5,5,10,0,20,0,0,0,0,0,5,5,10,0,20,0,0,0,20
11/23/2020,ROW,NM,ASW,CE,Combined TRACON& Tower with Radar,1,5,14,4,24,0,1,1,0,2,1,6,15,4,26,0,0,0,26
11/24/2020,ROW,NM,ASW,CE,Combined TRACON& Tower with Radar,6,6,11,1,24,0,3,10,2,15,6,9,21,3,39,0,0,0,39
11/25/2020,ROW,NM,ASW,CE,Combined TRACON& Tower with Radar,4,3,13,19,39,0,5,24,13,42,4,8,37,32,81,0,0,0,81
11/26/2020,ROW,NM,ASW,CE,Combined TRACON& Tower with Radar,0,2,4,0,6,0,1,18,0,19,0,3,22,0,25,2,0,2,27
11/27/2020,ROW,NM,ASW,CE,Combined TRACON& Tower with Radar,3,3,11,0,17,0,3,17,0,20,3,6,28,0,37,12,0,12,49
11/28/2020,ROW,NM,ASW,CE,Combined TRACON& Tower with Radar,4,2,10,0,16,0,4,8,2,14,4,6,18,2,30,0,0,0,30
11/29/2020,ROW,NM,ASW,CE,Combined TRACON& Tower with Radar,4,2,5,0,11,0,1,7,0,8,4,3,12,0,19,0,0,0,19
11/30/2020,ROW,NM,ASW,CE,Combined TRACON& Tower with Radar,6,2,5,10,23,0,2,14,5,21,6,4,19,15,44,0,0,0,44
12/01/2020,ROW,NM,ASW,CE,Combined TRACON& Tower with Radar,4,4,7,4,19,0,2,9,2,13,4,6,16,6,32,0,0,0,32
12/02/2020,ROW,NM,ASW,CE,Combined TRACON& Tower with Radar,6,3,6,7,22,0,5,12,9,26,6,8,18,16,48,0,0,0,48
12/03/2020,ROW,NM,ASW,CE,Combined TRACON& Tower with Radar,6,5,7,5,23,0,9,24,3,36,6,14,31,8,59,0,0,0,59
12/04/2020,ROW,NM,ASW,CE,Combined TRACON& Tower with Radar,4,3,7,0,14,0,4,21,2,27,4,7,28,2,41,20,0,20,61
12/05/2020,ROW,NM,ASW,CE,Combined TRACON& Tower with Radar,3,2,2,0,7,0,6,16,5,27,3,8,18,5,34,10,0,10,44
12/06/2020,ROW,NM,ASW,CE,Combined TRACON& Tower with Radar,3,0,0,0,3,0,2,15,4,21,3,2,15,4,24,6,0,6,30
12/07/2020,ROW,NM,ASW,CE,Combined TRACON& Tower with Radar,5,1,13,33,52,0,3,19,15,37,5,4,32,48,89,20,28,48,137
12/08/2020,ROW,NM,ASW,CE,Combined TRACON& Tower with Radar,5,6,14,22,47,0,4,23,12,39,5,10,37,34,86,20,4,24,110
12/09/2020,ROW,NM,ASW,CE,Combined TRACON& Tower with Radar,4,3,2,12,21,0,6,21,13,40,4,9,23,25,61,0,30,30,91
12/10/2020,ROW,NM,ASW,CE,Combined TRACON& Tower with Radar,6,5,8,34,53,0,2,14,0,16,6,7,22,34,69,12,4,16,85
12/11/2020,ROW,NM,ASW,CE,Combined TRACON& Tower with Radar,3,4,16,28,51,0,6,6,8,20,3,10,22,36,71,0,18,18,89
12/12/2020,ROW,NM,ASW,CE,Combined TRACON& Tower with Radar,3,5,9,4,21,0,5,14,0,19,3,10,23,4,40,0,0,0,40
12/13/2020,ROW,NM,ASW,CE,Combined TRACON& Tower with Radar,4,2,2,5,13,0,0,2,1,3,4,2,4,6,16,0,0,0,16
12/14/2020,ROW,NM,ASW,CE,Combined TRACON& Tower with Radar,6,6,10,16,38,0,2,5,5,12,6,8,15,21,50,0,0,0,50
12/15/2020,ROW,NM,ASW,CE,Combined TRACON& Tower with Radar,5,9,8,34,56,0,2,13,3,18,5,11,21,37,74,0,24,24,98
12/16/2020,ROW,NM,ASW,CE,Combined TRACON& Tower with Radar,6,5,7,26,44,0,1,8,12,21,6,6,15,38,65,0,24,24,89
12/17/2020,ROW,NM,ASW,CE,Combined TRACON& Tower with Radar,3,3,22,23,51,0,1,16,2,19,3,4,38,25,70,0,0,0,70
12/18/2020,ROW,NM,ASW,CE,Combined TRACON& Tower with Radar,4,3,12,24,43,0,3,18,10,31,4,6,30,34,74,0,0,0,74
12/19/2020,ROW,NM,ASW,CE,Combined TRACON& Tower with Radar,1,3,6,2,12,0,3,17,0,20,1,6,23,2,32,0,0,0,32
12/20/2020,ROW,NM,ASW,CE,Combined TRACON& Tower with Radar,5,3,6,0,14,0,8,13,1,22,5,11,19,1,36,0,0,0,36
12/21/2020,ROW,NM,ASW,CE,Combined TRACON& Tower with Radar,4,1,5,20,30,0,6,17,0,23,4,7,22,20,53,18,4,22,75
12/22/2020,ROW,NM,ASW,CE,Combined TRACON& Tower with Radar,3,5,5,39,52,0,2,11,19,32,3,7,16,58,84,10,24,34,118
12/23/2020,ROW,NM,ASW,CE,Combined TRACON& Tower with Radar,8,7,20,12,47,2,2,8,7,19,10,9,28,19,66,2,26,28,94
12/24/2020,ROW,NM,ASW,CE,Combined TRACON& Tower with Radar,2,9,4,2,17,0,1,7,2,10,2,10,11,4,27,0,0,0,27
12/25/2020,ROW,NM,ASW,CE,Combined TRACON& Tower with Radar,2,1,2,0,5,0,0,7,0,7,2,1,9,0,12,0,0,0,12
12/26/2020,ROW,NM,ASW,CE,Combined TRACON& Tower with Radar,1,3,3,0,7,0,4,13,0,17,1,7,16,0,24,0,0,0,24
12/27/2020,ROW,NM,ASW,CE,Combined TRACON& Tower with Radar,3,3,1,0,7,0,2,10,0,12,3,5,11,0,19,24,0,24,43
12/28/2020,ROW,NM,ASW,CE,Combined TRACON& Tower with Radar,4,3,6,12,25,0,1,8,0,9,4,4,14,12,34,0,0,0,34
12/29/2020,ROW,NM,ASW,CE,Combined TRACON& Tower with Radar,4,7,6,14,31,0,0,4,6,10,4,7,10,20,41,0,16,16,57
12/30/2020,ROW,NM,ASW,CE,Combined TRACON& Tower with Radar,4,5,5,0,14,0,2,4,0,6,4,7,9,0,20,0,0,0,20
12/31/2020,ROW,NM,ASW,CE,Combined TRACON& Tower with Radar,2,2,4,0,8,0,6,11,4,21,2,8,15,4,29,0,0,0,29
01/01/2021,ROW,NM,ASW,CE,Combined TRACON& Tower with Radar,3,1,5,0,9,0,3,13,0,16,3,4,18,0,25,6,0,6,31
01/02/2021,ROW,NM,ASW,CE,Combined TRACON& Tower with Radar,3,1,3,0,7,0,6,8,2,16,3,7,11,2,23,10,0,10,33
01/03/2021,ROW,NM,ASW,CE,Combined TRACON& Tower with Radar,3,1,3,0,7,0,1,7,1,9,3,2,10,1,16,40,0,40,56
01/04/2021,ROW,NM,ASW,CE,Combined TRACON& Tower with Radar,8,1,7,15,31,0,4,3,1,8,8,5,10,16,39,0,2,2,41
01/05/2021,ROW,NM,ASW,CE,Combined TRACON& Tower with Radar,6,7,6,28,47,0,5,16,6,27,6,12,22,34,74,12,32,44,118
01/06/2021,ROW,NM,ASW,CE,Combined TRACON& Tower with Radar,6,3,3,23,35,0,3,7,15,25,6,6,10,38,60,0,46,46,106
01/07/2021,ROW,NM,ASW,CE,Combined TRACON& Tower with Radar,4,8,4,39,55,0,3,20,17,40,4,11,24,56,95,8,28,36,131
01/08/2021,ROW,NM,ASW,CE,Combined TRACON& Tower with Radar,5,5,7,16,33,0,6,16,4,26,5,11,23,20,59,0,32,32,91
01/09/2021,ROW,NM,ASW,CE,Combined TRACON& Tower with Radar,4,5,4,0,13,0,0,0,0,0,4,5,4,0,13,0,0,0,13
01/10/2021,ROW,NM,ASW,CE,Combined TRACON& Tower with Radar,1,9,2,0,12,0,0,4,0,4,1,9,6,0,16,0,0,0,16
01/11/2021,ROW,NM,ASW,CE,Combined TRACON& Tower with Radar,7,4,8,0,19,0,1,10,0,11,7,5,18,0,30,8,0,8,38
01/12/2021,ROW,NM,ASW,CE,Combined TRACON& Tower with Radar,4,6,12,27,49,0,2,15,1,18,4,8,27,28,67,0,46,46,113
01/13/2021,ROW,NM,ASW,CE,Combined TRACON& Tower with Radar,5,4,5,25,39,0,4,15,1,20,5,8,20,26,59,12,58,70,129
01/14/2021,ROW,NM,ASW,CE,Combined TRACON& Tower with Radar,6,6,9,12,33,0,1,9,3,13,6,7,18,15,46,0,26,26,72
01/15/2021,ROW,NM,ASW,CE,Combined TRACON& Tower with Radar,3,5,8,33,49,0,3,9,30,42,3,8,17,63,91,6,50,56,147
01/16/2021,ROW,NM,ASW,CE,Combined TRACON& Tower with Radar,4,3,4,2,13,0,7,17,0,24,4,10,21,2,37,6,0,6,43
01/17/2021,ROW,NM,ASW,CE,Combined TRACON& Tower with Radar,3,1,1,0,5,0,1,8,0,9,3,2,9,0,14,0,0,0,14
01/18/2021,ROW,NM,ASW,CE,Combined TRACON& Tower with Radar,6,3,7,0,16,0,3,4,4,11,6,6,11,4,27,0,18,18,45
01/19/2021,ROW,NM,ASW,CE,Combined TRACON& Tower with Radar,4,4,2,7,17,0,3,1,7,11,4,7,3,14,28,0,14,14,42
01/20/2021,ROW,NM,ASW,CE,Combined TRACON& Tower with Radar,4,5,9,40,58,0,6,6,10,22,4,11,15,50,80,18,22,40,120
01/21/2021,ROW,NM,ASW,CE,Combined TRACON& Tower with Radar,5,7,20,45,77,0,2,9,3,14,5,9,29,48,91,0,8,8,99
01/22/2021,ROW,NM,ASW,CE,Combined TRACON& Tower with Radar,4,13,17,51,85,0,1,6,5,12,4,14,23,56,97,10,10,20,117
01/23/2021,ROW,NM,ASW,CE,Combined TRACON& Tower with Radar,5,1,7,12,25,0,2,19,0,21,5,3,26,12,46,0,0,0,46
01/24/2021,ROW,NM,ASW,CE,Combined TRACON& Tower with Radar,3,3,4,35,45,0,0,4,2,6,3,3,8,37,51,0,0,0,51
01/25/2021,ROW,NM,ASW,CE,Combined TRACON& Tower with Radar,5,5,11,39,60,0,3,8,1,12,5,8,19,40,72,4,68,72,144
01/26/2021,ROW,NM,ASW,CE,Combined TRACON& Tower with Radar,7,3,3,19,32,0,2,3,15,20,7,5,6,34,52,0,22,22,74
01/27/2021,ROW,NM,ASW,CE,Combined TRACON& Tower with Radar,6,12,4,19,41,0,3,21,19,43,6,15,25,38,84,0,36,36,120
01/28/2021,ROW,NM,ASW,CE,Combined TRACON& Tower with Radar,4,3,8,5,20,0,0,15,1,16,4,3,23,6,36,0,0,0,36
01/29/2021,ROW,NM,ASW,CE,Combined TRACON& Tower with Radar,5,6,1,12,24,0,5,10,6,21,5,11,11,18,45,0,24,24,69
01/30/2021,ROW,NM,ASW,CE,Combined TRACON& Tower with Radar,4,3,7,1,15,0,4,9,3,16,4,7,16,4,31,0,0,0,31
01/31/2021,ROW,NM,ASW,CE,Combined TRACON& Tower with Radar,3,3,7,0,13,0,1,18,0,19,3,4,25,0,32,48,0,48,80
02/01/2021,ROW,NM,ASW,CE,Combined TRACON& Tower with Radar,5,1,8,19,33,0,2,12,3,17,5,3,20,22,50,15,23,38,88
02/02/2021,ROW,NM,ASW,CE,Combined TRACON& Tower with Radar,6,5,6,9,26,0,3,20,6,29,6,8,26,15,55,54,0,54,109
02/03/2021,ROW,NM,ASW,CE,Combined TRACON& Tower with Radar,16,7,8,43,74,0,2,18,4,24,16,9,26,47,98,24,40,64,162
02/04/2021,ROW,NM,ASW,CE,Combined TRACON& Tower with Radar,5,6,9,8,28,0,1,10,0,11,5,7,19,8,39,20,0,20,59
02/05/2021,ROW,NM,ASW,CE,Combined TRACON& Tower with Radar,7,7,6,9,29,0,4,17,5,26,7,11,23,14,55,0,0,0,55
02/06/2021,ROW,NM,ASW,CE,Combined TRACON& Tower with Radar,6,1,21,3,31,0,4,11,1,16,6,5,32,4,47,0,0,0,47
02/07/2021,ROW,NM,ASW,CE,Combined TRACON& Tower with Radar,3,2,4,7,16,0,3,19,3,25,3,5,23,10,41,0,6,6,47
02/08/2021,ROW,NM,ASW,CE,Combined TRACON& Tower with Radar,5,4,9,56,74,0,1,20,8,29,5,5,29,64,103,12,28,40,143
02/09/2021,ROW,NM,ASW,CE,Combined TRACON& Tower with Radar,6,5,14,50,75,0,1,19,10,30,6,6,33,60,105,0,24,24,129
02/10/2021,ROW,NM,ASW,CE,Combined TRACON& Tower with Radar,4,6,18,166,194,0,3,14,23,40,4,9,32,189,234,22,76,98,332
02/11/2021,ROW,NM,ASW,CE,Combined TRACON& Tower with Radar,7,4,11,22,44,0,3,5,2,10,7,7,16,24,54,0,12,12,66
02/12/2021,ROW,NM,ASW,CE,Combined TRACON& Tower with Radar,7,1,6,0,14,0,0,1,0,1,7,1,7,0,15,0,0,0,15
02/13/2021,ROW,NM,ASW,CE,Combined TRACON& Tower with Radar,3,9,2,0,14,0,0,0,0,0,3,9,2,0,14,0,0,0,14
02/14/2021,ROW,NM,ASW,CE,Combined TRACON& Tower with Radar,0,1,0,0,1,0,0,0,0,0,0,1,0,0,1,0,0,0,1
02/15/2021,ROW,NM,ASW,CE,Combined TRACON& Tower with Radar,1,5,6,0,12,0,0,3,0,3,1,5,9,0,15,0,0,0,15
02/16/2021,ROW,NM,ASW,CE,Combined TRACON& Tower with Radar,2,3,7,3,15,0,1,9,3,13,2,4,16,6,28,0,0,0,28
02/17/2021,ROW,NM,ASW,CE,Combined TRACON& Tower with Radar,1,3,7,11,22,0,2,7,1,10,1,5,14,12,32,0,12,12,44
02/18/2021,ROW,NM,ASW,CE,Combined TRACON& Tower with Radar,3,3,8,4,18,0,4,0,0,4,3,7,8,4,22,0,0,0,22
02/19/2021,ROW,NM,ASW,CE,Combined TRACON& Tower with Radar,1,7,5,24,37,0,1,15,9,25,1,8,20,33,62,12,8,20,82
02/20/2021,ROW,NM,ASW,CE,Combined TRACON& Tower with Radar,5,5,5,16,31,0,0,11,6,17,5,5,16,22,48,0,0,0,48
02/21/2021,ROW,NM,ASW,CE,Combined TRACON& Tower with Radar,3,2,4,0,9,0,0,5,0,5,3,2,9,0,14,4,0,4,18
02/22/2021,ROW,NM,ASW,CE,Combined TRACON& Tower with Radar,4,1,10,37,52,0,0,12,7,19,4,1,22,44,71,0,8,8,79
02/23/2021,ROW,NM,ASW,CE,Combined TRACON& Tower with Radar,5,5,8,22,40,0,0,19,5,24,5,5,27,27,64,12,12,24,88
02/24/2021,ROW,NM,ASW,CE,Combined TRACON& Tower with Radar,4,6,11,21,42,0,0,21,9,30,4,6,32,30,72,41,42,83,155
02/25/2021,ROW,NM,ASW,CE,Combined TRACON& Tower with Radar,6,10,6,24,46,0,1,14,2,17,6,11,20,26,63,19,26,45,108
02/26/2021,ROW,NM,ASW,CE,Combined TRACON& Tower with Radar,4,3,6,31,44,0,1,20,1,22,4,4,26,32,66,14,58,72,138
02/27/2021,ROW,NM,ASW,CE,Combined TRACON& Tower with Radar,7,1,3,60,71,0,4,20,32,56,7,5,23,92,127,0,0,0,127
02/28/2021,ROW,NM,ASW,CE,Combined TRACON& Tower with Radar,6,2,7,12,27,0,0,8,34,42,6,2,15,46,69,0,0,0,69
03/01/2021,ROW,NM,ASW,CE,Combined TRACON& Tower with Radar,5,1,6,34,46,1,1,15,1,18,6,2,21,35,64,22,10,32,96
03/02/2021,ROW,NM,ASW,CE,Combined TRACON& Tower with Radar,7,11,10,30,58,0,0,21,1,22,7,11,31,31,80,14,27,41,121
03/03/2021,ROW,NM,ASW,CE,Combined TRACON& Tower with Radar,7,4,8,38,57,0,1,20,4,25,7,5,28,42,82,16,40,56,138
03/04/2021,ROW,NM,ASW,CE,Combined TRACON& Tower with Radar,5,4,3,31,43,0,1,7,2,10,5,5,10,33,53,0,16,16,69
03/05/2021,ROW,NM,ASW,CE,Combined TRACON& Tower with Radar,4,6,9,58,77,0,5,4,0,9,4,11,13,58,86,0,0,0,86
03/06/2021,ROW,NM,ASW,CE,Combined TRACON& Tower with Radar,1,3,3,23,30,0,2,19,5,26,1,5,22,28,56,14,26,40,96
03/07/2021,ROW,NM,ASW,CE,Combined TRACON& Tower with Radar,5,2,6,39,52,0,0,32,5,37,5,2,38,44,89,0,0,0,89
03/08/2021,ROW,NM,ASW,CE,Combined TRACON& Tower with Radar,3,5,14,34,56,0,2,9,12,23,3,7,23,46,79,4,26,30,109
03/09/2021,ROW,NM,ASW,CE,Combined TRACON& Tower with Radar,5,9,17,31,62,0,0,18,8,26,5,9,35,39,88,0,8,8,96
03/10/2021,ROW,NM,ASW,CE,Combined TRACON& Tower with Radar,5,5,4,19,33,0,4,9,5,18,5,9,13,24,51,0,22,22,73
03/11/2021,ROW,NM,ASW,CE,Combined TRACON& Tower with Radar,8,4,7,36,55,0,2,16,8,26,8,6,23,44,81,1,0,1,82
03/12/2021,ROW,NM,ASW,CE,Combined TRACON& Tower with Radar,4,5,7,44,60,0,1,9,6,16,4,6,16,50,76,0,20,20,96
03/13/2021,ROW,NM,ASW,CE,Combined TRACON& Tower with Radar,2,5,2,2,11,0,0,5,0,5,2,5,7,2,16,0,0,0,16
03/14/2021,ROW,NM,ASW,CE,Combined TRACON& Tower with Radar,3,6,5,0,14,0,4,6,0,10,3,10,11,0,24,0,0,0,24
03/15/2021,ROW,NM,ASW,CE,Combined TRACON& Tower with Radar,6,1,10,41,58,10,1,13,7,31,16,2,23,48,89,16,28,44,133
03/16/2021,ROW,NM,ASW,CE,Combined TRACON& Tower with Radar,4,6,7,0,17,0,0,6,2,8,4,6,13,2,25,0,0,0,25
03/17/2021,ROW,NM,ASW,CE,Combined TRACON& Tower with Radar,5,5,10,55,75,0,0,9,2,11,5,5,19,57,86,0,34,34,120
03/18/2021,ROW,NM,ASW,CE,Combined TRACON& Tower with Radar,4,10,4,23,41,0,4,15,3,22,4,14,19,26,63,15,0,15,78
03/19/2021,ROW,NM,ASW,CE,Combined TRACON& Tower with Radar,6,6,6,38,56,0,2,18,2,22,6,8,24,40,78,0,2,2,80
03/20/2021,ROW,NM,ASW,CE,Combined TRACON& Tower with Radar,1,6,2,0,9,0,0,14,0,14,1,6,16,0,23,0,0,0,23
03/21/2021,ROW,NM,ASW,CE,Combined TRACON& Tower with Radar,3,2,9,7,21,0,1,8,1,10,3,3,17,8,31,0,0,0,31
03/22/2021,ROW,NM,ASW,CE,Combined TRACON& Tower with Radar,6,6,6,8,26,0,0,3,2,5,6,6,9,10,31,0,0,0,31
03/23/2021,ROW,NM,ASW,CE,Combined TRACON& Tower with Radar,4,3,15,66,88,0,1,20,10,31,4,4,35,76,119,4,56,60,179
03/24/2021,ROW,NM,ASW,CE,Combined TRACON& Tower with Radar,4,7,4,14,29,0,0,5,3,8,4,7,9,17,37,0,0,0,37
03/25/2021,ROW,NM,ASW,CE,Combined TRACON& Tower with Radar,4,5,10,41,60,0,0,26,72,98,4,5,36,113,158,0,26,26,184
03/26/2021,ROW,NM,ASW,CE,Combined TRACON& Tower with Radar,5,3,9,22,39,0,4,8,50,62,5,7,17,72,101,1,25,26,127
03/27/2021,ROW,NM,ASW,CE,Combined TRACON& Tower with Radar,4,1,4,4,13,0,2,11,54,67,4,3,15,58,80,0,46,46,126
03/28/2021,ROW,NM,ASW,CE,Combined TRACON& Tower with Radar,3,1,3,12,19,1,3,29,47,80,4,4,32,59,99,18,22,40,139
03/29/2021,ROW,NM,ASW,CE,Combined TRACON& Tower with Radar,7,1,10,17,35,0,3,15,55,73,7,4,25,72,108,0,28,28,136
03/30/2021,ROW,NM,ASW,CE,Combined TRACON& Tower with Radar,3,8,6,32,49,0,0,20,45,65,3,8,26,77,114,0,80,80,194
03/31/2021,ROW,NM,ASW,CE,Combined TRACON& Tower with Radar,4,5,8,53,70,0,2,28,16,46,4,7,36,69,116,0,10,10,126
04/01/2021,ROW,NM,ASW,CE,Combined TRACON& Tower with Radar,4,3,6,50,63,0,1,13,50,64,4,4,19,100,127,6,48,54,181
04/02/2021,ROW,NM,ASW,CE,Combined TRACON& Tower with Radar,5,3,15,38,61,0,2,21,58,81,5,5,36,96,142,2,46,48,190
04/03/2021,ROW,NM,ASW,CE,Combined TRACON& Tower with Radar,5,7,6,25,43,0,1,14,52,67,5,8,20,77,110,0,12,12,122
04/04/2021,ROW,NM,ASW,CE,Combined TRACON& Tower with Radar,4,3,12,30,49,0,0,14,48,62,4,3,26,78,111,0,40,40,151
04/05/2021,ROW,NM,ASW,CE,Combined TRACON& Tower with Radar,6,4,12,48,70,0,0,6,55,61,6,4,18,103,131,14,40,54,185
04/06/2021,ROW,NM,ASW,CE,Combined TRACON& Tower with Radar,9,10,12,15,46,0,3,11,18,32,9,13,23,33,78,10,26,36,114
04/07/2021,ROW,NM,ASW,CE,Combined TRACON& Tower with Radar,5,5,10,32,52,0,0,22,25,47,5,5,32,57,99,0,80,80,179
04/08/2021,ROW,NM,ASW,CE,Combined TRACON& Tower with Radar,4,4,11,40,59,0,1,31,76,108,4,5,42,116,167,26,88,114,281
04/09/2021,ROW,NM,ASW,CE,Combined TRACON& Tower with Radar,5,8,4,31,48,0,2,16,56,74,5,10,20,87,122,3,90,93,215
04/10/2021,ROW,NM,ASW,CE,Combined TRACON& Tower with Radar,6,1,3,16,26,0,2,20,69,91,6,3,23,85,117,2,22,24,141
04/11/2021,ROW,NM,ASW,CE,Combined TRACON& Tower with Radar,8,0,6,10,24,0,1,12,72,85,8,1,18,82,109,0,28,28,137
04/12/2021,ROW,NM,ASW,CE,Combined TRACON& Tower with Radar,4,3,4,41,52,0,0,10,67,77,4,3,14,108,129,9,40,49,178
04/13/2021,ROW,NM,ASW,CE,Combined TRACON& Tower with Radar,10,4,11,55,80,0,2,16,46,64,10,6,27,101,144,6,34,40,184
04/14/2021,ROW,NM,ASW,CE,Combined TRACON& Tower with Radar,7,5,12,41,65,0,0,10,1,11,7,5,22,42,76,22,0,22,98
04/15/2021,ROW,NM,ASW,CE,Combined TRACON& Tower with Radar,4,8,11,40,63,0,0,4,2,6,4,8,15,42,69,0,30,30,99
04/16/2021,ROW,NM,ASW,CE,Combined TRACON& Tower with Radar,4,11,20,100,135,0,2,17,6,25,4,13,37,106,160,0,38,38,198
04/17/2021,ROW,NM,ASW,CE,Combined TRACON& Tower with Radar,5,5,17,0,27,0,0,14,4,18,5,5,31,4,45,0,0,0,45
04/18/2021,ROW,NM,ASW,CE,Combined TRACON& Tower with Radar,5,7,3,0,15,0,0,7,3,10,5,7,10,3,25,0,0,0,25
04/19/2021,ROW,NM,ASW,CE,Combined TRACON& Tower with Radar,8,4,15,34,61,0,0,30,0,30,8,4,45,34,91,12,20,32,123
04/20/2021,ROW,NM,ASW,CE,Combined TRACON& Tower with Radar,9,8,9,7,33,0,0,8,3,11,9,8,17,10,44,0,10,10,54
04/21/2021,ROW,NM,ASW,CE,Combined TRACON& Tower with Radar,9,5,4,16,34,0,1,9,6,16,9,6,13,22,50,13,36,49,99
04/22/2021,ROW,NM,ASW,CE,Combined TRACON& Tower with Radar,4,6,11,31,52,12,2,13,3,30,16,8,24,34,82,17,82,99,181
04/23/2021,ROW,NM,ASW,CE,Combined TRACON& Tower with Radar,6,3,2,7,18,8,4,17,3,32,14,7,19,10,50,8,0,8,58
04/24/2021,ROW,NM,ASW,CE,Combined TRACON& Tower with Radar,9,2,7,7,25,9,3,11,3,26,18,5,18,10,51,0,0,0,51
04/25/2021,ROW,NM,ASW,CE,Combined TRACON& Tower with Radar,4,0,9,5,18,4,6,22,0,32,8,6,31,5,50,6,0,6,56
04/26/2021,ROW,NM,ASW,CE,Combined TRACON& Tower with Radar,4,6,6,24,40,5,4,17,0,26,9,10,23,24,66,0,0,0,66
04/27/2021,ROW,NM,ASW,CE,Combined TRACON& Tower with Radar,8,4,8,17,37,0,0,15,6,21,8,4,23,23,58,0,18,18,76
04/28/2021,ROW,NM,ASW,CE,Combined TRACON& Tower with Radar,6,3,13,32,54,0,0,9,10,19,6,3,22,42,73,0,6,6,79
04/29/2021,ROW,NM,ASW,CE,Combined TRACON& Tower with Radar,4,11,13,29,57,0,2,10,1,13,4,13,23,30,70,22,0,22,92
04/30/2021,ROW,NM,ASW,CE,Combined TRACON& Tower with Radar,5,7,16,26,54,0,0,20,10,30,5,7,36,36,84,4,0,4,88
05/01/2021,ROW,NM,ASW,CE,Combined TRACON& Tower with Radar,6,2,3,10,21,0,1,12,2,15,6,3,15,12,36,0,14,14,50
05/02/2021,ROW,NM,ASW,CE,Combined TRACON& Tower with Radar,5,1,5,0,11,0,0,5,2,7,5,1,10,2,18,0,0,0,18
05/03/2021,ROW,NM,ASW,CE,Combined TRACON& Tower with Radar,5,1,9,0,15,0,1,3,6,10,5,2,12,6,25,0,0,0,25
05/04/2021,ROW,NM,ASW,CE,Combined TRACON& Tower with Radar,15,4,23,12,54,0,0,16,7,23,15,4,39,19,77,6,18,24,101
05/05/2021,ROW,NM,ASW,CE,Combined TRACON& Tower with Radar,5,3,11,14,33,0,0,22,2,24,5,3,33,16,57,0,8,8,65
05/06/2021,ROW,NM,ASW,CE,Combined TRACON& Tower with Radar,6,4,7,25,42,0,1,32,12,45,6,5,39,37,87,12,6,18,105
05/07/2021,ROW,NM,ASW,CE,Combined TRACON& Tower with Radar,7,3,6,28,44,0,2,27,3,32,7,5,33,31,76,0,0,0,76
05/08/2021,ROW,NM,ASW,CE,Combined TRACON& Tower with Radar,7,3,6,4,20,0,0,18,0,18,7,3,24,4,38,0,0,0,38
05/09/2021,ROW,NM,ASW,CE,Combined TRACON& Tower with Radar,5,2,16,0,23,0,1,13,2,16,5,3,29,2,39,10,0,10,49
05/10/2021,ROW,NM,ASW,CE,Combined TRACON& Tower with Radar,5,1,17,42,65,0,4,13,6,23,5,5,30,48,88,2,24,26,114
05/11/2021,ROW,NM,ASW,CE,Combined TRACON& Tower with Radar,23,7,9,38,77,0,1,11,38,50,23,8,20,76,127,0,36,36,163
05/12/2021,ROW,NM,ASW,CE,Combined TRACON& Tower with Radar,8,3,14,30,55,0,1,8,2,11,8,4,22,32,66,0,20,20,86
05/13/2021,ROW,NM,ASW,CE,Combined TRACON& Tower with Radar,6,4,19,6,35,0,1,15,4,20,6,5,34,10,55,0,0,0,55
05/14/2021,ROW,NM,ASW,CE,Combined TRACON& Tower with Radar,7,17,13,13,50,0,3,11,2,16,7,20,24,15,66,0,0,0,66
05/15/2021,ROW,NM,ASW,CE,Combined TRACON& Tower with Radar,6,4,4,0,14,0,0,17,0,17,6,4,21,0,31,0,0,0,31
05/16/2021,ROW,NM,ASW,CE,Combined TRACON& Tower with Radar,5,2,5,2,14,0,1,12,0,13,5,3,17,2,27,0,0,0,27
05/17/2021,ROW,NM,ASW,CE,Combined TRACON& Tower with Radar,6,4,7,55,72,0,3,17,2,22,6,7,24,57,94,0,0,0,94
05/18/2021,ROW,NM,ASW,CE,Combined TRACON& Tower with Radar,7,6,10,30,53,0,0,13,17,30,7,6,23,47,83,0,8,8,91
05/19/2021,ROW,NM,ASW,CE,Combined TRACON& Tower with Radar,25,10,20,43,98,0,4,16,10,30,25,14,36,53,128,14,32,46,174
05/20/2021,ROW,NM,ASW,CE,Combined TRACON& Tower with Radar,28,3,11,48,90,0,6,10,18,34,28,9,21,66,124,0,66,66,190
05/21/2021,ROW,NM,ASW,CE,Combined TRACON& Tower with Radar,7,17,6,42,72,0,2,14,8,24,7,19,20,50,96,10,36,46,142
05/22/2021,ROW,NM,ASW,CE,Combined TRACON& Tower with Radar,7,4,1,2,14,0,0,5,2,7,7,4,6,4,21,0,0,0,21
05/23/2021,ROW,NM,ASW,CE,Combined TRACON& Tower with Radar,6,3,9,31,49,0,2,8,9,19,6,5,17,40,68,14,30,44,112
05/24/2021,ROW,NM,ASW,CE,Combined TRACON& Tower with Radar,4,5,17,10,36,0,2,16,0,18,4,7,33,10,54,0,0,0,54
05/25/2021,ROW,NM,ASW,CE,Combined TRACON& Tower with Radar,7,3,6,12,28,0,1,13,10,24,7,4,19,22,52,0,8,8,60
05/26/2021,ROW,NM,ASW,CE,Combined TRACON& Tower with Radar,5,10,16,5,36,0,0,18,5,23,5,10,34,10,59,14,0,14,73
05/27/2021,ROW,NM,ASW,CE,Combined TRACON& Tower with Radar,9,10,11,50,80,0,1,10,6,17,9,11,21,56,97,4,0,4,101
05/28/2021,ROW,NM,ASW,CE,Combined TRACON& Tower with Radar,8,2,9,6,25,0,0,14,0,14,8,2,23,6,39,0,8,8,47
05/29/2021,ROW,NM,ASW,CE,Combined TRACON& Tower with Radar,6,2,6,0,14,0,0,11,0,11,6,2,17,0,25,0,0,0,25
05/30/2021,ROW,NM,ASW,CE,Combined TRACON& Tower with Radar,6,3,8,0,17,0,1,3,0,4,6,4,11,0,21,0,0,0,21
05/31/2021,ROW,NM,ASW,CE,Combined TRACON& Tower with Radar,7,1,13,0,21,0,0,0,0,0,7,1,13,0,21,0,0,0,21
06/01/2021,ROW,NM,ASW,CE,Combined TRACON& Tower with Radar,5,6,16,40,67,0,0,9,0,9,5,6,25,40,76,0,22,22,98
06/02/2021,ROW,NM,ASW,CE,Combined TRACON& Tower with Radar,7,4,7,0,18,0,2,20,0,22,7,6,27,0,40,12,0,12,52
06/03/2021,ROW,NM,ASW,CE,Combined TRACON& Tower with Radar,8,2,8,4,22,0,1,22,0,23,8,3,30,4,45,6,0,6,51
06/04/2021,ROW,NM,ASW,CE,Combined TRACON& Tower with Radar,7,6,9,6,28,0,1,9,0,10,7,7,18,6,38,0,0,0,38
06/05/2021,ROW,NM,ASW,CE,Combined TRACON& Tower with Radar,5,1,6,1,13,0,1,13,1,15,5,2,19,2,28,1,12,13,41
06/06/2021,ROW,NM,ASW,CE,Combined TRACON& Tower with Radar,8,4,6,1,19,0,1,14,2,17,8,5,20,3,36,0,0,0,36
06/07/2021,ROW,NM,ASW,CE,Combined TRACON& Tower with Radar,8,2,12,23,45,0,1,23,10,34,8,3,35,33,79,4,40,44,123
06/08/2021,ROW,NM,ASW,CE,Combined TRACON& Tower with Radar,7,4,10,18,39,0,5,18,16,39,7,9,28,34,78,4,38,42,120
06/09/2021,ROW,NM,ASW,CE,Combined TRACON& Tower with Radar,10,4,6,16,36,0,1,20,2,23,10,5,26,18,59,29,0,29,88
06/10/2021,ROW,NM,ASW,CE,Combined TRACON& Tower with Radar,8,5,7,11,31,0,2,11,21,34,8,7,18,32,65,14,0,14,79
06/11/2021,ROW,NM,ASW,CE,Combined TRACON& Tower with Radar,7,5,9,27,48,0,0,14,48,62,7,5,23,75,110,57,38,95,205
06/12/2021,ROW,NM,ASW,CE,Combined TRACON& Tower with Radar,6,1,6,0,13,0,0,10,6,16,6,1,16,6,29,0,0,0,29
06/13/2021,ROW,NM,ASW,CE,Combined TRACON& Tower with Radar,8,3,11,2,24,0,0,12,0,12,8,3,23,2,36,0,0,0,36
06/14/2021,ROW,NM,ASW,CE,Combined TRACON& Tower with Radar,7,2,11,31,51,2,17,29,12,60,9,19,40,43,111,18,24,42,153
06/15/2021,ROW,NM,ASW,CE,Combined TRACON& Tower with Radar,8,5,9,9,31,0,0,12,17,29,8,5,21,26,60,56,0,56,116
06/16/2021,ROW,NM,ASW,CE,Combined TRACON& Tower with Radar,8,7,12,12,39,0,1,14,10,25,8,8,26,22,64,36,10,46,110
06/17/2021,ROW,NM,ASW,CE,Combined TRACON& Tower with Radar,7,10,14,14,45,0,3,17,4,24,7,13,31,18,69,40,6,46,115
06/18/2021,ROW,NM,ASW,CE,Combined TRACON& Tower with Radar,8,4,14,28,54,0,2,15,0,17,8,6,29,28,71,14,0,14,85
06/19/2021,ROW,NM,ASW,CE,Combined TRACON& Tower with Radar,6,4,2,2,14,0,2,23,0,25,6,6,25,2,39,0,0,0,39
06/20/2021,ROW,NM,ASW,CE,Combined TRACON& Tower with Radar,6,0,7,0,13,0,0,6,0,6,6,0,13,0,19,0,0,0,19
06/21/2021,ROW,NM,ASW,CE,Combined TRACON& Tower with Radar,7,4,7,11,29,0,0,7,12,19,7,4,14,23,48,0,0,0,48
06/22/2021,ROW,NM,ASW,CE,Combined TRACON& Tower with Radar,8,9,11,15,43,0,1,14,8,23,8,10,25,23,66,6,36,42,108
06/23/2021,ROW,NM,ASW,CE,Combined TRACON& Tower with Radar,9,5,11,14,39,0,1,14,2,17,9,6,25,16,56,0,0,0,56
06/24/2021,ROW,NM,ASW,CE,Combined TRACON& Tower with Radar,9,3,5,12,29,0,1,13,0,14,9,4,18,12,43,14,44,58,101
06/25/2021,ROW,NM,ASW,CE,Combined TRACON& Tower with Radar,9,4,15,38,66,0,0,24,0,24,9,4,39,38,90,10,0,10,100
06/26/2021,ROW,NM,ASW,CE,Combined TRACON& Tower with Radar,5,2,13,0,20,0,0,15,0,15,5,2,28,0,35,0,0,0,35
06/27/2021,ROW,NM,ASW,CE,Combined TRACON& Tower with Radar,8,0,5,0,13,0,1,4,0,5,8,1,9,0,18,0,0,0,18
06/28/2021,ROW,NM,ASW,CE,Combined TRACON& Tower with Radar,6,5,6,4,21,0,0,1,0,1,6,5,7,4,22,0,0,0,22
06/29/2021,ROW,NM,ASW,CE,Combined TRACON& Tower with Radar,10,3,18,0,31,0,0,2,0,2,10,3,20,0,33,0,0,0,33
06/30/2021,ROW,NM,ASW,CE,Combined TRACON& Tower with Radar,7,5,13,0,25,0,0,2,0,2,7,5,15,0,27,0,0,0,27
07/01/2021,ROW,NM,ASW,CE,Combined TRACON& Tower with Radar,6,3,12,23,44,0,0,18,0,18,6,3,30,23,62,9,18,27,89
07/02/2021,ROW,NM,ASW,CE,Combined TRACON& Tower with Radar,6,3,9,2,20,0,2,13,0,15,6,5,22,2,35,0,0,0,35
07/03/2021,ROW,NM,ASW,CE,Combined TRACON& Tower with Radar,5,1,16,2,24,0,1,14,0,15,5,2,30,2,39,10,0,10,49
07/04/2021,ROW,NM,ASW,CE,Combined TRACON& Tower with Radar,6,2,11,0,19,0,1,7,0,8,6,3,18,0,27,0,0,0,27
07/05/2021,ROW,NM,ASW,CE,Combined TRACON& Tower with Radar,6,1,5,0,12,0,1,8,0,9,6,2,13,0,21,4,0,4,25
07/06/2021,ROW,NM,ASW,CE,Combined TRACON& Tower with Radar,9,5,9,19,42,0,0,11,5,16,9,5,20,24,58,0,8,8,66
07/07/2021,ROW,NM,ASW,CE,Combined TRACON& Tower with Radar,7,5,15,11,38,0,0,10,1,11,7,5,25,12,49,2,0,2,51
07/08/2021,ROW,NM,ASW,CE,Combined TRACON& Tower with Radar,9,4,15,26,54,0,1,6,7,14,9,5,21,33,68,6,8,14,82
07/09/2021,ROW,NM,ASW,CE,Combined TRACON& Tower with Radar,8,7,8,10,33,0,0,14,0,14,8,7,22,10,47,0,16,16,63
07/10/2021,ROW,NM,ASW,CE,Combined TRACON& Tower with Radar,4,2,13,10,29,0,1,33,0,34,4,3,46,10,63,0,0,0,63
07/11/2021,ROW,NM,ASW,CE,Combined TRACON& Tower with Radar,8,0,2,0,10,0,0,1,0,1,8,0,3,0,11,0,0,0,11
07/12/2021,ROW,NM,ASW,CE,Combined TRACON& Tower with Radar,7,2,8,4,21,0,0,12,0,12,7,2,20,4,33,12,0,12,45
07/13/2021,ROW,NM,ASW,CE,Combined TRACON& Tower with Radar,7,4,7,6,24,0,0,13,8,21,7,4,20,14,45,18,0,18,63
07/14/2021,ROW,NM,ASW,CE,Combined TRACON& Tower with Radar,9,3,10,17,39,0,1,12,8,21,9,4,22,25,60,6,4,10,70
07/15/2021,ROW,NM,ASW,CE,Combined TRACON& Tower with Radar,9,11,9,11,40,0,3,15,3,21,9,14,24,14,61,20,0,20,81
07/16/2021,ROW,NM,ASW,CE,Combined TRACON& Tower with Radar,6,4,7,21,38,0,0,18,9,27,6,4,25,30,65,0,0,0,65
07/17/2021,ROW,NM,ASW,CE,Combined TRACON& Tower with Radar,5,1,3,2,11,0,0,27,2,29,5,1,30,4,40,10,0,10,50
07/18/2021,ROW,NM,ASW,CE,Combined TRACON& Tower with Radar,7,4,11,0,22,0,1,13,0,14,7,5,24,0,36,0,0,0,36
07/19/2021,ROW,NM,ASW,CE,Combined TRACON& Tower with Radar,5,1,8,17,31,0,2,9,7,18,5,3,17,24,49,0,24,24,73
07/20/2021,ROW,NM,ASW,CE,Combined TRACON& Tower with Radar,8,3,5,32,48,0,0,16,10,26,8,3,21,42,74,10,46,56,130
07/21/2021,ROW,NM,ASW,CE,Combined TRACON& Tower with Radar,7,4,7,27,45,0,0,13,14,27,7,4,20,41,72,0,6,6,78
07/22/2021,ROW,NM,ASW,CE,Combined TRACON& Tower with Radar,7,5,9,8,29,0,0,18,15,33,7,5,27,23,62,10,0,10,72
07/23/2021,ROW,NM,ASW,CE,Combined TRACON& Tower with Radar,7,8,9,0,24,0,1,6,2,9,7,9,15,2,33,0,0,0,33
07/24/2021,ROW,NM,ASW,CE,Combined TRACON& Tower with Radar,4,1,14,0,19,0,1,28,0,29,4,2,42,0,48,0,8,8,56
07/25/2021,ROW,NM,ASW,CE,Combined TRACON& Tower with Radar,7,1,8,8,24,0,1,13,0,14,7,2,21,8,38,0,0,0,38
07/26/2021,ROW,NM,ASW,CE,Combined TRACON& Tower with Radar,5,7,6,17,35,0,2,7,1,10,5,9,13,18,45,6,34,40,85
07/27/2021,ROW,NM,ASW,CE,Combined TRACON& Tower with Radar,8,10,15,38,71,0,1,12,4,17,8,11,27,42,88,0,20,20,108
07/28/2021,ROW,NM,ASW,CE,Combined TRACON& Tower with Radar,7,6,20,26,59,0,0,15,8,23,7,6,35,34,82,0,6,6,88
07/29/2021,ROW,NM,ASW,CE,Combined TRACON& Tower with Radar,9,6,6,19,40,0,7,13,9,29,9,13,19,28,69,16,0,16,85
07/30/2021,ROW,NM,ASW,CE,Combined TRACON& Tower with Radar,10,6,8,10,34,0,1,16,10,27,10,7,24,20,61,0,12,12,73
07/31/2021,ROW,NM,ASW,CE,Combined TRACON& Tower with Radar,4,3,9,1,17,0,1,25,0,26,4,4,34,1,43,4,0,4,47
08/01/2021,ROW,NM,ASW,CE,Combined TRACON& Tower with Radar,6,1,6,0,13,0,0,10,0,10,6,1,16,0,23,0,0,0,23
08/02/2021,ROW,NM,ASW,CE,Combined TRACON& Tower with Radar,8,7,14,13,42,0,0,12,5,17,8,7,26,18,59,0,38,38,97
08/03/2021,ROW,NM,ASW,CE,Combined TRACON& Tower with Radar,7,7,12,20,46,0,1,16,5,22,7,8,28,25,68,0,26,26,94
08/04/2021,ROW,NM,ASW,CE,Combined TRACON& Tower with Radar,7,5,7,26,45,0,0,16,0,16,7,5,23,26,61,14,32,46,107
08/05/2021,ROW,NM,ASW,CE,Combined TRACON& Tower with Radar,8,3,12,26,49,0,2,21,19,42,8,5,33,45,91,28,25,53,144
08/06/2021,ROW,NM,ASW,CE,Combined TRACON& Tower with Radar,8,6,10,17,41,0,0,17,3,20,8,6,27,20,61,24,0,24,85
08/07/2021,ROW,NM,ASW,CE,Combined TRACON& Tower with Radar,4,3,11,5,23,0,0,8,5,13,4,3,19,10,36,2,0,2,38
08/08/2021,ROW,NM,ASW,CE,Combined TRACON& Tower with Radar,7,1,10,7,25,0,0,22,2,24,7,1,32,9,49,6,0,6,55
08/09/2021,ROW,NM,ASW,CE,Combined TRACON& Tower with Radar,7,2,6,16,31,0,0,13,10,23,7,2,19,26,54,30,8,38,92
08/10/2021,ROW,NM,ASW,CE,Combined TRACON& Tower with Radar,6,9,8,20,43,0,2,6,5,13,6,11,14,25,56,2,30,32,88
08/11/2021,ROW,NM,ASW,CE,Combined TRACON& Tower with Radar,7,5,11,22,45,0,0,12,11,23,7,5,23,33,68,10,38,48,116
08/12/2021,ROW,NM,ASW,CE,Combined TRACON& Tower with Radar,8,5,12,4,29,0,1,14,11,26,8,6,26,15,55,4,0,4,59
08/13/2021,ROW,NM,ASW,CE,Combined TRACON& Tower with Radar,6,5,4,2,17,0,0,5,0,5,6,5,9,2,22,0,0,0,22
08/14/2021,ROW,NM,ASW,CE,Combined TRACON& Tower with Radar,4,2,13,0,19,0,0,1,0,1,4,2,14,0,20,0,0,0,20
08/15/2021,ROW,NM,ASW,CE,Combined TRACON& Tower with Radar,8,0,5,18,31,0,1,6,1,8,8,1,11,19,39,12,0,12,51
08/16/2021,ROW,NM,ASW,CE,Combined TRACON& Tower with Radar,7,6,10,7,30,0,0,3,0,3,7,6,13,7,33,0,0,0,33
08/17/2021,ROW,NM,ASW,CE,Combined TRACON& Tower with Radar,5,4,10,23,42,0,3,17,1,21,5,7,27,24,63,0,26,26,89
08/18/2021,ROW,NM,ASW,CE,Combined TRACON& Tower with Radar,5,5,20,34,64,0,1,7,10,18,5,6,27,44,82,0,58,58,140
08/19/2021,ROW,NM,ASW,CE,Combined TRACON& Tower with Radar,6,4,19,18,47,0,0,17,6,23,6,4,36,24,70,1,6,7,77
08/20/2021,ROW,NM,ASW,CE,Combined TRACON& Tower with Radar,6,5,13,6,30,0,0,18,6,24,6,5,31,12,54,4,14,18,72
08/21/2021,ROW,NM,ASW,CE,Combined TRACON& Tower with Radar,3,1,6,2,12,0,0,17,0,17,3,1,23,2,29,13,0,13,42
08/22/2021,ROW,NM,ASW,CE,Combined TRACON& Tower with Radar,7,3,9,0,19,0,0,11,0,11,7,3,20,0,30,0,0,0,30
08/23/2021,ROW,NM,ASW,CE,Combined TRACON& Tower with Radar,6,4,7,1,18,0,1,6,1,8,6,5,13,2,26,12,6,18,44
08/24/2021,ROW,NM,ASW,CE,Combined TRACON& Tower with Radar,7,4,8,9,28,0,0,11,1,12,7,4,19,10,40,3,0,3,43
08/25/2021,ROW,NM,ASW,CE,Combined TRACON& Tower with Radar,9,3,6,8,26,0,1,18,0,19,9,4,24,8,45,0,14,14,59
08/26/2021,ROW,NM,ASW,CE,Combined TRACON& Tower with Radar,7,3,6,9,25,0,0,13,0,13,7,3,19,9,38,2,0,2,40
08/27/2021,ROW,NM,ASW,CE,Combined TRACON& Tower with Radar,6,4,15,17,42,0,2,17,2,21,6,6,32,19,63,25,0,25,88
08/28/2021,ROW,NM,ASW,CE,Combined TRACON& Tower with Radar,4,4,11,1,20,0,2,23,37,62,4,6,34,38,82,20,0,20,102
08/29/2021,ROW,NM,ASW,CE,Combined TRACON& Tower with Radar,5,1,7,3,16,0,0,10,0,10,5,1,17,3,26,0,0,0,26
08/30/2021,ROW,NM,ASW,CE,Combined TRACON& Tower with Radar,5,2,22,11,40,0,0,5,3,8,5,2,27,14,48,18,0,18,66
08/31/2021,ROW,NM,ASW,CE,Combined TRACON& Tower with Radar,7,4,14,7,32,0,0,14,3,17,7,4,28,10,49,2,0,2,51
09/01/2021,ROW,NM,ASW,CE,Combined TRACON& Tower with Radar,6,3,9,24,42,0,1,12,1,14,6,4,21,25,56,0,46,46,102
09/02/2021,ROW,NM,ASW,CE,Combined TRACON& Tower with Radar,9,5,8,13,35,0,4,11,2,17,9,9,19,15,52,0,0,0,52
09/03/2021,ROW,NM,ASW,CE,Combined TRACON& Tower with Radar,7,4,8,2,21,0,0,12,1,13,7,4,20,3,34,20,0,20,54
09/04/2021,ROW,NM,ASW,CE,Combined TRACON& Tower with Radar,5,1,7,0,13,0,0,15,0,15,5,1,22,0,28,0,0,0,28
09/05/2021,ROW,NM,ASW,CE,Combined TRACON& Tower with Radar,5,1,10,3,19,0,0,12,1,13,5,1,22,4,32,0,0,0,32
09/06/2021,ROW,NM,ASW,CE,Combined TRACON& Tower with Radar,5,0,21,0,26,0,0,24,0,24,5,0,45,0,50,0,0,0,50
09/07/2021,ROW,NM,ASW,CE,Combined TRACON& Tower with Radar,9,2,16,4,31,0,0,21,0,21,9,2,37,4,52,18,0,18,70
09/08/2021,ROW,NM,ASW,CE,Combined TRACON& Tower with Radar,6,5,4,5,20,0,0,19,4,23,6,5,23,9,43,8,0,8,51
09/09/2021,ROW,NM,ASW,CE,Combined TRACON& Tower with Radar,7,6,20,6,39,0,4,20,6,30,7,10,40,12,69,0,0,0,69
09/10/2021,ROW,NM,ASW,CE,Combined TRACON& Tower with Radar,9,3,8,15,35,0,0,16,1,17,9,3,24,16,52,0,0,0,52
09/11/2021,ROW,NM,ASW,CE,Combined TRACON& Tower with Radar,7,5,4,2,18,0,2,25,1,28,7,7,29,3,46,6,24,30,76
09/12/2021,ROW,NM,ASW,CE,Combined TRACON& Tower with Radar,7,0,5,0,12,0,13,9,2,24,7,13,14,2,36,0,0,0,36
09/13/2021,ROW,NM,ASW,CE,Combined TRACON& Tower with Radar,7,4,3,6,20,0,2,20,0,22,7,6,23,6,42,6,16,22,64
09/14/2021,ROW,NM,ASW,CE,Combined TRACON& Tower with Radar,8,8,11,26,53,0,2,26,12,40,8,10,37,38,93,0,0,0,93
09/15/2021,ROW,NM,ASW,CE,Combined TRACON& Tower with Radar,5,6,3,45,59,0,0,23,32,55,5,6,26,77,114,8,16,24,138
09/16/2021,ROW,NM,ASW,CE,Combined TRACON& Tower with Radar,6,13,12,12,43,0,4,11,7,22,6,17,23,19,65,0,18,18,83
09/17/2021,ROW,NM,ASW,CE,Combined TRACON& Tower with Radar,5,6,23,3,37,0,4,21,9,34,5,10,44,12,71,16,0,16,87
09/18/2021,ROW,NM,ASW,CE,Combined TRACON& Tower with Radar,5,2,6,0,13,0,1,23,0,24,5,3,29,0,37,24,0,24,61
09/19/2021,ROW,NM,ASW,CE,Combined TRACON& Tower with Radar,6,1,8,0,15,0,5,21,0,26,6,6,29,0,41,0,0,0,41
09/20/2021,ROW,NM,ASW,CE,Combined TRACON& Tower with Radar,5,3,9,8,25,0,0,13,4,17,5,3,22,12,42,0,0,0,42
09/21/2021,ROW,NM,ASW,CE,Combined TRACON& Tower with Radar,10,7,8,11,36,0,0,19,7,26,10,7,27,18,62,5,14,19,81
09/22/2021,ROW,NM,ASW,CE,Combined TRACON& Tower with Radar,6,10,24,21,61,6,2,8,4,20,12,12,32,25,81,1,26,27,108
09/23/2021,ROW,NM,ASW,CE,Combined TRACON& Tower with Radar,6,8,13,33,60,0,0,19,19,38,6,8,32,52,98,10,36,46,144
09/24/2021,ROW,NM,ASW,CE,Combined TRACON& Tower with Radar,5,6,10,31,52,0,3,16,1,20,5,9,26,32,72,0,34,34,106
09/25/2021,ROW,NM,ASW,CE,Combined TRACON& Tower with Radar,10,2,7,0,19,0,0,10,0,10,10,2,17,0,29,1,0,1,30
09/26/2021,ROW,NM,ASW,CE,Combined TRACON& Tower with Radar,7,2,17,15,41,0,10,19,4,33,7,12,36,19,74,0,0,0,74
09/27/2021,ROW,NM,ASW,CE,Combined TRACON& Tower with Radar,6,3,6,38,53,0,1,1,15,17,6,4,7,53,70,0,16,16,86
09/28/2021,ROW,NM,ASW,CE,Combined TRACON& Tower with Radar,10,5,16,12,43,0,1,17,10,28,10,6,33,22,71,0,8,8,79
09/29/2021,ROW,NM,ASW,CE,Combined TRACON& Tower with Radar,6,6,9,28,49,0,2,24,0,26,6,8,33,28,75,4,0,4,79
09/30/2021,ROW,NM,ASW,CE,Combined TRACON& Tower with Radar,7,8,5,10,30,0,0,7,2,9,7,8,12,12,39,8,18,26,65
10/01/2021,ROW,NM,ASW,CE,Combined TRACON& Tower with Radar,7,5,18,17,47,0,1,7,0,8,7,6,25,17,55,14,0,14,69
10/02/2021,ROW,NM,ASW,CE,Combined TRACON& Tower with Radar,7,3,6,0,16,0,0,10,0,10,7,3,16,0,26,15,0,15,41
10/03/2021,ROW,NM,ASW,CE,Combined TRACON& Tower with Radar,6,0,8,2,16,0,0,12,0,12,6,0,20,2,28,16,0,16,44
10/04/2021,ROW,NM,ASW,CE,Combined TRACON& Tower with Radar,7,4,8,12,31,0,3,14,4,21,7,7,22,16,52,10,30,40,92
10/05/2021,ROW,NM,ASW,CE,Combined TRACON& Tower with Radar,6,6,15,29,56,0,1,16,7,24,6,7,31,36,80,3,26,29,109
10/06/2021,ROW,NM,ASW,CE,Combined TRACON& Tower with Radar,6,4,10,22,42,0,1,9,3,13,6,5,19,25,55,8,0,8,63
10/07/2021,ROW,NM,ASW,CE,Combined TRACON& Tower with Radar,9,5,15,14,43,0,2,12,3,17,9,7,27,17,60,0,0,0,60
10/08/2021,ROW,NM,ASW,CE,Combined TRACON& Tower with Radar,9,4,6,17,36,0,2,14,2,18,9,6,20,19,54,0,0,0,54
10/09/2021,ROW,NM,ASW,CE,Combined TRACON& Tower with Radar,11,2,4,0,17,0,1,16,0,17,11,3,20,0,34,0,0,0,34
10/10/2021,ROW,NM,ASW,CE,Combined TRACON& Tower with Radar,12,2,4,0,18,0,1,5,0,6,12,3,9,0,24,0,0,0,24
10/11/2021,ROW,NM,ASW,CE,Combined TRACON& Tower with Radar,11,4,8,0,23,0,1,13,0,14,11,5,21,0,37,0,0,0,37
10/12/2021,ROW,NM,ASW,CE,Combined TRACON& Tower with Radar,10,7,12,9,38,0,0,5,9,14,10,7,17,18,52,0,0,0,52
10/13/2021,ROW,NM,ASW,CE,Combined TRACON& Tower with Radar,9,6,21,15,51,0,1,21,18,40,9,7,42,33,91,37,10,47,138
10/14/2021,ROW,NM,ASW,CE,Combined TRACON& Tower with Radar,11,5,10,20,46,0,1,10,7,18,11,6,20,27,64,35,0,35,99
10/15/2021,ROW,NM,ASW,CE,Combined TRACON& Tower with Radar,10,5,15,6,36,0,0,16,8,24,10,5,31,14,60,26,0,26,86
10/16/2021,ROW,NM,ASW,CE,Combined TRACON& Tower with Radar,10,4,3,4,21,0,1,20,0,21,10,5,23,4,42,0,0,0,42
10/17/2021,ROW,NM,ASW,CE,Combined TRACON& Tower with Radar,10,1,14,0,25,0,0,9,0,9,10,1,23,0,34,0,0,0,34
10/18/2021,ROW,NM,ASW,CE,Combined TRACON& Tower with Radar,10,3,19,17,49,0,0,15,5,20,10,3,34,22,69,0,8,8,77
10/19/2021,ROW,NM,ASW,CE,Combined TRACON& Tower with Radar,9,6,10,52,77,0,0,27,6,33,9,6,37,58,110,0,0,0,110
10/20/2021,ROW,NM,ASW,CE,Combined TRACON& Tower with Radar,6,7,18,17,48,0,3,14,2,19,6,10,32,19,67,0,4,4,71
10/21/2021,ROW,NM,ASW,CE,Combined TRACON& Tower with Radar,6,6,13,27,52,0,3,13,1,17,6,9,26,28,69,0,26,26,95
10/22/2021,ROW,NM,ASW,CE,Combined TRACON& Tower with Radar,6,5,11,1,23,0,2,30,1,33,6,7,41,2,56,0,0,0,56
10/23/2021,ROW,NM,ASW,CE,Combined TRACON& Tower with Radar,8,2,7,1,18,0,0,10,0,10,8,2,17,1,28,0,0,0,28
10/24/2021,ROW,NM,ASW,CE,Combined TRACON& Tower with Radar,6,3,21,8,38,0,1,15,0,16,6,4,36,8,54,0,0,0,54
10/25/2021,ROW,NM,ASW,CE,Combined TRACON& Tower with Radar,10,2,20,22,54,0,0,8,10,18,10,2,28,32,72,0,20,20,92
10/26/2021,ROW,NM,ASW,CE,Combined TRACON& Tower with Radar,10,5,3,13,31,0,1,19,4,24,10,6,22,17,55,0,0,0,55
10/27/2021,ROW,NM,ASW,CE,Combined TRACON& Tower with Radar,8,10,6,12,36,0,1,9,3,13,8,11,15,15,49,0,0,0,49
10/28/2021,ROW,NM,ASW,CE,Combined TRACON& Tower with Radar,5,16,9,27,57,0,0,21,18,39,5,16,30,45,96,0,66,66,162
10/29/2021,ROW,NM,ASW,CE,Combined TRACON& Tower with Radar,10,15,5,20,50,0,9,23,7,39,10,24,28,27,89,0,20,20,109
10/30/2021,ROW,NM,ASW,CE,Combined TRACON& Tower with Radar,12,2,6,0,20,0,4,14,0,18,12,6,20,0,38,0,0,0,38
10/31/2021,ROW,NM,ASW,CE,Combined TRACON& Tower with Radar,8,1,3,0,12,0,5,17,0,22,8,6,20,0,34,0,0,0,34
11/01/2021,ROW,NM,ASW,CE,Combined TRACON& Tower with Radar,7,6,8,24,45,0,0,9,16,25,7,6,17,40,70,0,20,20,90
11/02/2021,ROW,NM,ASW,CE,Combined TRACON& Tower with Radar,6,6,20,25,57,0,0,5,1,6,6,6,25,26,63,0,24,24,87
11/03/2021,ROW,NM,ASW,CE,Combined TRACON& Tower with Radar,4,5,17,15,41,0,2,4,1,7,4,7,21,16,48,0,0,0,48
11/04/2021,ROW,NM,ASW,CE,Combined TRACON& Tower with Radar,4,3,16,28,51,0,5,8,2,15,4,8,24,30,66,2,22,24,90
11/05/2021,ROW,NM,ASW,CE,Combined TRACON& Tower with Radar,6,12,11,8,37,0,2,19,0,21,6,14,30,8,58,0,0,0,58
11/06/2021,ROW,NM,ASW,CE,Combined TRACON& Tower with Radar,5,3,7,8,23,0,2,28,1,31,5,5,35,9,54,40,22,62,116
11/07/2021,ROW,NM,ASW,CE,Combined TRACON& Tower with Radar,4,5,10,2,21,0,2,9,1,12,4,7,19,3,33,0,0,0,33
11/08/2021,ROW,NM,ASW,CE,Combined TRACON& Tower with Radar,5,2,13,18,38,0,0,19,5,24,5,2,32,23,62,13,6,19,81
11/09/2021,ROW,NM,ASW,CE,Combined TRACON& Tower with Radar,7,8,15,13,43,0,3,12,8,23,7,11,27,21,66,2,1,3,69
11/10/2021,ROW,NM,ASW,CE,Combined TRACON& Tower with Radar,4,8,11,7,30,0,2,16,17,35,4,10,27,24,65,0,36,36,101
11/11/2021,ROW,NM,ASW,CE,Combined TRACON& Tower with Radar,4,5,6,0,15,0,0,15,0,15,4,5,21,0,30,0,0,0,30
11/12/2021,ROW,NM,ASW,CE,Combined TRACON& Tower with Radar,4,3,7,0,14,0,0,8,0,8,4,3,15,0,22,1,0,1,23
11/13/2021,ROW,NM,ASW,CE,Combined TRACON& Tower with Radar,7,2,10,0,19,0,0,15,1,16,7,2,25,1,35,0,0,0,35
11/14/2021,ROW,NM,ASW,CE,Combined TRACON& Tower with Radar,4,0,7,0,11,0,0,18,0,18,4,0,25,0,29,0,0,0,29
11/15/2021,ROW,NM,ASW,CE,Combined TRACON& Tower with Radar,8,3,14,21,46,0,0,30,3,33,8,3,44,24,79,14,0,14,93
11/16/2021,ROW,NM,ASW,CE,Combined TRACON& Tower with Radar,5,6,11,22,44,0,0,9,8,17,5,6,20,30,61,6,14,20,81
11/17/2021,ROW,NM,ASW,CE,Combined TRACON& Tower with Radar,4,3,14,23,44,0,0,12,2,14,4,3,26,25,58,4,30,34,92
11/18/2021,ROW,NM,ASW,CE,Combined TRACON& Tower with Radar,5,11,15,15,46,0,1,26,17,44,5,12,41,32,90,18,44,62,152
11/19/2021,ROW,NM,ASW,CE,Combined TRACON& Tower with Radar,7,6,10,18,41,0,3,21,7,31,7,9,31,25,72,28,0,28,100
11/20/2021,ROW,NM,ASW,CE,Combined TRACON& Tower with Radar,4,2,5,12,23,0,0,49,1,50,4,2,54,13,73,10,16,26,99
11/21/2021,ROW,NM,ASW,CE,Combined TRACON& Tower with Radar,3,3,16,2,24,0,2,13,0,15,3,5,29,2,39,0,0,0,39
11/22/2021,ROW,NM,ASW,CE,Combined TRACON& Tower with Radar,4,3,7,18,32,0,0,13,3,16,4,3,20,21,48,8,0,8,56
11/23/2021,ROW,NM,ASW,CE,Combined TRACON& Tower with Radar,4,5,14,15,38,0,2,13,7,22,4,7,27,22,60,16,12,28,88
11/24/2021,ROW,NM,ASW,CE,Combined TRACON& Tower with Radar,4,11,13,8,36,0,0,14,4,18,4,11,27,12,54,0,0,0,54
11/25/2021,ROW,NM,ASW,CE,Combined TRACON& Tower with Radar,4,4,7,0,15,0,1,6,0,7,4,5,13,0,22,0,0,0,22
11/26/2021,ROW,NM,ASW,CE,Combined TRACON& Tower with Radar,3,3,3,0,9,0,4,21,0,25,3,7,24,0,34,1,0,1,35
11/27/2021,ROW,NM,ASW,CE,Combined TRACON& Tower with Radar,4,5,8,2,19,0,1,8,0,9,4,6,16,2,28,0,0,0,28
11/28/2021,ROW,NM,ASW,CE,Combined TRACON& Tower with Radar,4,7,10,0,21,0,1,8,0,9,4,8,18,0,30,0,0,0,30
11/29/2021,ROW,NM,ASW,CE,Combined TRACON& Tower with Radar,4,3,6,23,36,0,2,7,16,25,4,5,13,39,61,0,44,44,105
11/30/2021,ROW,NM,ASW,CE,Combined TRACON& Tower with Radar,2,15,9,8,34,0,1,17,11,29,2,16,26,19,63,6,0,6,69
12/01/2021,ROW,NM,ASW,CE,Combined TRACON& Tower with Radar,5,7,9,4,25,0,2,4,8,14,5,9,13,12,39,16,0,16,55
12/02/2021,ROW,NM,ASW,CE,Combined TRACON& Tower with Radar,7,5,13,30,55,0,2,14,10,26,7,7,27,40,81,0,14,14,95
12/03/2021,ROW,NM,ASW,CE,Combined TRACON& Tower with Radar,6,7,8,11,32,0,2,9,12,23,6,9,17,23,55,6,22,28,83
12/04/2021,ROW,NM,ASW,CE,Combined TRACON& Tower with Radar,5,7,6,2,20,0,4,11,7,22,5,11,17,9,42,0,10,10,52
12/05/2021,ROW,NM,ASW,CE,Combined TRACON& Tower with Radar,4,6,6,2,18,0,2,4,1,7,4,8,10,3,25,0,0,0,25
12/06/2021,ROW,NM,ASW,CE,Combined TRACON& Tower with Radar,6,9,3,21,39,0,1,11,6,18,6,10,14,27,57,18,32,50,107
12/07/2021,ROW,NM,ASW,CE,Combined TRACON& Tower with Radar,5,6,18,10,39,0,2,28,19,49,5,8,46,29,88,15,26,41,129
12/08/2021,ROW,NM,ASW,CE,Combined TRACON& Tower with Radar,5,5,10,16,36,0,2,7,4,13,5,7,17,20,49,6,44,50,99
12/09/2021,ROW,NM,ASW,CE,Combined TRACON& Tower with Radar,4,8,7,24,43,0,0,10,5,15,4,8,17,29,58,2,8,10,68
12/10/2021,ROW,NM,ASW,CE,Combined TRACON& Tower with Radar,7,7,13,4,31,0,2,6,0,8,7,9,19,4,39,0,0,0,39
12/11/2021,ROW,NM,ASW,CE,Combined TRACON& Tower with Radar,6,6,9,0,21,0,0,17,0,17,6,6,26,0,38,12,0,12,50
12/12/2021,ROW,NM,ASW,CE,Combined TRACON& Tower with Radar,4,3,7,8,22,0,0,9,0,9,4,3,16,8,31,10,0,10,41
12/13/2021,ROW,NM,ASW,CE,Combined TRACON& Tower with Radar,6,4,13,17,40,0,3,18,7,28,6,7,31,24,68,26,0,26,94
12/14/2021,ROW,NM,ASW,CE,Combined TRACON& Tower with Radar,10,8,8,24,50,0,0,19,4,23,10,8,27,28,73,2,4,6,79
12/15/2021,ROW,NM,ASW,CE,Combined TRACON& Tower with Radar,5,9,3,7,24,0,0,4,4,8,5,9,7,11,32,0,0,0,32
12/16/2021,ROW,NM,ASW,CE,Combined TRACON& Tower with Radar,5,5,8,7,25,0,0,21,3,24,5,5,29,10,49,19,2,21,70
12/17/2021,ROW,NM,ASW,CE,Combined TRACON& Tower with Radar,3,5,7,18,33,0,1,18,0,19,3,6,25,18,52,0,0,0,52
12/18/2021,ROW,NM,ASW,CE,Combined TRACON& Tower with Radar,5,5,6,0,16,0,2,14,3,19,5,7,20,3,35,0,20,20,55
12/19/2021,ROW,NM,ASW,CE,Combined TRACON& Tower with Radar,5,3,6,0,14,0,1,2,0,3,5,4,8,0,17,0,0,0,17
12/20/2021,ROW,NM,ASW,CE,Combined TRACON& Tower with Radar,4,4,5,10,23,0,0,7,0,7,4,4,12,10,30,24,0,24,54
12/21/2021,ROW,NM,ASW,CE,Combined TRACON& Tower with Radar,10,3,2,16,31,0,1,18,3,22,10,4,20,19,53,13,30,43,96
12/22/2021,ROW,NM,ASW,CE,Combined TRACON& Tower with Radar,4,4,5,14,27,0,1,10,8,19,4,5,15,22,46,7,0,7,53
12/23/2021,ROW,NM,ASW,CE,Combined TRACON& Tower with Radar,4,5,2,0,11,0,0,15,0,15,4,5,17,0,26,0,0,0,26
12/24/2021,ROW,NM,ASW,CE,Combined TRACON& Tower with Radar,6,4,5,0,15,0,0,4,0,4,6,4,9,0,19,0,0,0,19
12/25/2021,ROW,NM,ASW,CE,Combined TRACON& Tower with Radar,4,2,3,0,9,0,2,3,0,5,4,4,6,0,14,0,0,0,14
12/26/2021,ROW,NM,ASW,CE,Combined TRACON& Tower with Radar,4,2,3,0,9,0,0,2,0,2,4,2,5,0,11,0,0,0,11
12/27/2021,ROW,NM,ASW,CE,Combined TRACON& Tower with Radar,5,2,9,0,16,0,0,3,0,3,5,2,12,0,19,0,0,0,19
12/28/2021,ROW,NM,ASW,CE,Combined TRACON& Tower with Radar,2,4,9,0,15,0,0,12,0,12,2,4,21,0,27,0,0,0,27
12/29/2021,ROW,NM,ASW,CE,Combined TRACON& Tower with Radar,6,6,10,6,28,0,0,9,0,9,6,6,19,6,37,2,0,2,39
12/30/2021,ROW,NM,ASW,CE,Combined TRACON& Tower with Radar,2,3,9,10,24,0,1,9,0,10,2,4,18,10,34,2,0,2,36
12/31/2021,ROW,NM,ASW,CE,Combined TRACON& Tower with Radar,4,3,2,0,9,0,0,4,0,4,4,3,6,0,13,1,0,1,14
01/01/2022,ROW,NM,ASW,CE,Combined TRACON& Tower with Radar,4,5,2,0,11,0,0,0,0,0,4,5,2,0,11,0,0,0,11
01/02/2022,ROW,NM,ASW,CE,Combined TRACON& Tower with Radar,4,0,4,0,8,0,4,9,0,13,4,4,13,0,21,0,0,0,21
01/03/2022,ROW,NM,ASW,CE,Combined TRACON& Tower with Radar,3,3,6,6,18,0,0,9,1,10,3,3,15,7,28,0,0,0,28
01/04/2022,ROW,NM,ASW,CE,Combined TRACON& Tower with Radar,6,3,9,0,18,0,1,12,0,13,6,4,21,0,31,1,0,1,32
01/05/2022,ROW,NM,ASW,CE,Combined TRACON& Tower with Radar,6,5,2,31,44,0,0,8,9,17,6,5,10,40,61,0,28,28,89
01/06/2022,ROW,NM,ASW,CE,Combined TRACON& Tower with Radar,6,5,5,10,26,0,0,8,3,11,6,5,13,13,37,0,0,0,37
01/07/2022,ROW,NM,ASW,CE,Combined TRACON& Tower with Radar,4,4,6,73,87,0,5,16,3,24,4,9,22,76,111,4,26,30,141
01/08/2022,ROW,NM,ASW,CE,Combined TRACON& Tower with Radar,3,5,7,12,27,0,2,16,3,21,3,7,23,15,48,0,0,0,48
01/09/2022,ROW,NM,ASW,CE,Combined TRACON& Tower with Radar,4,4,5,19,32,0,1,12,1,14,4,5,17,20,46,0,0,0,46
01/10/2022,ROW,NM,ASW,CE,Combined TRACON& Tower with Radar,4,6,8,13,31,0,8,9,0,17,4,14,17,13,48,0,0,0,48
01/11/2022,ROW,NM,ASW,CE,Combined TRACON& Tower with Radar,3,4,7,3,17,0,2,15,4,21,3,6,22,7,38,2,0,2,40
01/12/2022,ROW,NM,ASW,CE,Combined TRACON& Tower with Radar,6,4,17,16,43,0,2,10,6,18,6,6,27,22,61,0,10,10,71
01/13/2022,ROW,NM,ASW,CE,Combined TRACON& Tower with Radar,4,6,11,19,40,0,1,13,11,25,4,7,24,30,65,10,8,18,83
01/14/2022,ROW,NM,ASW,CE,Combined TRACON& Tower with Radar,3,5,8,3,19,0,2,10,9,21,3,7,18,12,40,0,10,10,50
01/15/2022,ROW,NM,ASW,CE,Combined TRACON& Tower with Radar,5,3,4,0,12,0,2,9,0,11,5,5,13,0,23,0,0,0,23
01/16/2022,ROW,NM,ASW,CE,Combined TRACON& Tower with Radar,5,3,13,0,21,0,3,10,0,13,5,6,23,0,34,0,0,0,34
01/17/2022,ROW,NM,ASW,CE,Combined TRACON& Tower with Radar,4,4,15,2,25,0,1,14,2,17,4,5,29,4,42,1,0,1,43
01/18/2022,ROW,NM,ASW,CE,Combined TRACON& Tower with Radar,5,9,7,31,52,0,1,7,8,16,5,10,14,39,68,11,0,11,79
01/19/2022,ROW,NM,ASW,CE,Combined TRACON& Tower with Radar,5,2,10,14,31,0,1,5,9,15,5,3,15,23,46,6,30,36,82
01/20/2022,ROW,NM,ASW,CE,Combined TRACON& Tower with Radar,5,5,14,30,54,0,0,5,1,6,5,5,19,31,60,0,16,16,76
01/21/2022,ROW,NM,ASW,CE,Combined TRACON& Tower with Radar,4,8,6,23,41,0,5,6,3,14,4,13,12,26,55,12,16,28,83
01/22/2022,ROW,NM,ASW,CE,Combined TRACON& Tower with Radar,3,5,5,0,13,0,0,14,0,14,3,5,19,0,27,0,0,0,27
01/23/2022,ROW,NM,ASW,CE,Combined TRACON& Tower with Radar,4,4,9,0,17,0,0,5,0,5,4,4,14,0,22,0,0,0,22
01/24/2022,ROW,NM,ASW,CE,Combined TRACON& Tower with Radar,4,6,5,6,21,0,0,2,2,4,4,6,7,8,25,0,0,0,25
01/25/2022,ROW,NM,ASW,CE,Combined TRACON& Tower with Radar,5,3,6,11,25,0,0,18,0,18,5,3,24,11,43,7,12,19,62
01/26/2022,ROW,NM,ASW,CE,Combined TRACON& Tower with Radar,5,3,9,24,41,0,0,8,3,11,5,3,17,27,52,1,0,1,53
01/27/2022,ROW,NM,ASW,CE,Combined TRACON& Tower with Radar,9,6,9,12,36,0,1,18,2,21,9,7,27,14,57,2,0,2,59
01/28/2022,ROW,NM,ASW,CE,Combined TRACON& Tower with Radar,4,5,6,15,30,0,5,17,5,27,4,10,23,20,57,0,38,38,95
01/29/2022,ROW,NM,ASW,CE,Combined TRACON& Tower with Radar,3,4,9,8,24,0,1,20,0,21,3,5,29,8,45,4,0,4,49
01/30/2022,ROW,NM,ASW,CE,Combined TRACON& Tower with Radar,4,1,6,2,13,0,2,22,0,24,4,3,28,2,37,0,0,0,37
01/31/2022,ROW,NM,ASW,CE,Combined TRACON& Tower with Radar,6,4,16,33,59,0,1,13,0,14,6,5,29,33,73,14,0,14,87
02/01/2022,ROW,NM,ASW,CE,Combined TRACON& Tower with Radar,4,4,6,75,89,0,2,9,13,24,4,6,15,88,113,0,48,48,161
02/02/2022,ROW,NM,ASW,CE,Combined TRACON& Tower with Radar,3,9,3,13,28,0,0,4,2,6,3,9,7,15,34,0,0,0,34
02/03/2022,ROW,NM,ASW,CE,Combined TRACON& Tower with Radar,1,4,2,3,10,0,0,4,1,5,1,4,6,4,15,0,8,8,23
02/04/2022,ROW,NM,ASW,CE,Combined TRACON& Tower with Radar,0,8,6,62,76,0,7,11,2,20,0,15,17,64,96,4,0,4,100
02/05/2022,ROW,NM,ASW,CE,Combined TRACON& Tower with Radar,3,1,5,15,24,0,0,12,4,16,3,1,17,19,40,0,30,30,70
02/06/2022,ROW,NM,ASW,CE,Combined TRACON& Tower with Radar,2,4,10,0,16,0,3,12,0,15,2,7,22,0,31,0,0,0,31
02/07/2022,ROW,NM,ASW,CE,Combined TRACON& Tower with Radar,3,1,9,3,16,0,0,6,11,17,3,1,15,14,33,6,0,6,39
02/08/2022,ROW,NM,ASW,CE,Combined TRACON& Tower with Radar,1,7,8,7,23,0,0,17,3,20,1,7,25,10,43,8,8,16,59
02/09/2022,ROW,NM,ASW,CE,Combined TRACON& Tower with Radar,7,3,7,12,29,0,0,11,2,13,7,3,18,14,42,0,0,0,42
02/10/2022,ROW,NM,ASW,CE,Combined TRACON& Tower with Radar,2,6,9,20,37,0,1,16,18,35,2,7,25,38,72,2,44,46,118
02/11/2022,ROW,NM,ASW,CE,Combined TRACON& Tower with Radar,2,28,7,71,108,0,1,11,26,38,2,29,18,97,146,10,24,34,180
02/12/2022,ROW,NM,ASW,CE,Combined TRACON& Tower with Radar,6,5,2,4,17,0,1,6,0,7,6,6,8,4,24,0,0,0,24
02/13/2022,ROW,NM,ASW,CE,Combined TRACON& Tower with Radar,4,2,2,18,26,0,0,5,1,6,4,2,7,19,32,24,0,24,56
02/14/2022,ROW,NM,ASW,CE,Combined TRACON& Tower with Radar,2,4,8,14,28,0,0,11,2,13,2,4,19,16,41,16,0,16,57
02/15/2022,ROW,NM,ASW,CE,Combined TRACON& Tower with Radar,0,7,10,21,38,0,0,7,17,24,0,7,17,38,62,0,28,28,90
02/16/2022,ROW,NM,ASW,CE,Combined TRACON& Tower with Radar,4,8,18,1,31,0,2,14,7,23,4,10,32,8,54,1,0,1,55
02/17/2022,ROW,NM,ASW,CE,Combined TRACON& Tower with Radar,2,10,10,14,36,0,0,15,4,19,2,10,25,18,55,1,44,45,100
02/18/2022,ROW,NM,ASW,CE,Combined TRACON& Tower with Radar,4,6,7,23,40,0,0,13,13,26,4,6,20,36,66,18,0,18,84
02/19/2022,ROW,NM,ASW,CE,Combined TRACON& Tower with Radar,5,1,3,2,11,0,0,7,0,7,5,1,10,2,18,0,0,0,18
02/20/2022,ROW,NM,ASW,CE,Combined TRACON& Tower with Radar,1,3,2,6,12,0,0,10,0,10,1,3,12,6,22,0,0,0,22
02/21/2022,ROW,NM,ASW,CE,Combined TRACON& Tower with Radar,2,10,8,6,26,0,0,10,0,10,2,10,18,6,36,0,0,0,36
02/22/2022,ROW,NM,ASW,CE,Combined TRACON& Tower with Radar,6,5,11,44,66,0,0,15,35,50,6,5,26,79,116,11,58,69,185
02/23/2022,ROW,NM,ASW,CE,Combined TRACON& Tower with Radar,2,6,5,20,33,0,2,9,5,16,2,8,14,25,49,0,16,16,65
02/24/2022,ROW,NM,ASW,CE,Combined TRACON& Tower with Radar,2,5,7,26,40,0,3,4,14,21,2,8,11,40,61,10,0,10,71
02/25/2022,ROW,NM,ASW,CE,Combined TRACON& Tower with Radar,3,6,15,23,47,0,1,11,1,13,3,7,26,24,60,0,0,0,60
02/26/2022,ROW,NM,ASW,CE,Combined TRACON& Tower with Radar,2,4,6,6,18,0,0,19,2,21,2,4,25,8,39,0,0,0,39
02/27/2022,ROW,NM,ASW,CE,Combined TRACON& Tower with Radar,0,2,0,2,4,0,0,15,0,15,0,2,15,2,19,0,0,0,19
02/28/2022,ROW,NM,ASW,CE,Combined TRACON& Tower with Radar,5,6,4,19,34,0,3,15,29,47,5,9,19,48,81,0,0,0,81
03/01/2022,ROW,NM,ASW,CE,Combined TRACON& Tower with Radar,5,8,8,31,52,0,0,21,21,42,5,8,29,52,94,6,14,20,114
03/02/2022,ROW,NM,ASW,CE,Combined TRACON& Tower with Radar,3,5,3,36,47,0,1,18,80,99,3,6,21,116,146,10,50,60,206
03/03/2022,ROW,NM,ASW,CE,Combined TRACON& Tower with Radar,5,4,4,19,32,0,0,13,4,17,5,4,17,23,49,0,8,8,57
03/04/2022,ROW,NM,ASW,CE,Combined TRACON& Tower with Radar,6,4,27,21,58,0,1,7,1,9,6,5,34,22,67,0,0,0,67
03/05/2022,ROW,NM,ASW,CE,Combined TRACON& Tower with Radar,5,4,10,24,43,0,0,8,7,15,5,4,18,31,58,0,0,0,58
03/06/2022,ROW,NM,ASW,CE,Combined TRACON& Tower with Radar,5,3,9,2,19,0,0,3,0,3,5,3,12,2,22,0,0,0,22
03/07/2022,ROW,NM,ASW,CE,Combined TRACON& Tower with Radar,6,5,10,18,39,0,0,11,9,20,6,5,21,27,59,0,0,0,59
03/08/2022,ROW,NM,ASW,CE,Combined TRACON& Tower with Radar,6,4,6,35,51,0,0,9,5,14,6,4,15,40,65,0,4,4,69
03/09/2022,ROW,NM,ASW,CE,Combined TRACON& Tower with Radar,6,3,6,25,40,0,2,5,13,20,6,5,11,38,60,8,6,14,74
03/10/2022,ROW,NM,ASW,CE,Combined TRACON& Tower with Radar,5,6,6,17,34,0,4,11,6,21,5,10,17,23,55,0,0,0,55
03/11/2022,ROW,NM,ASW,CE,Combined TRACON& Tower with Radar,15,4,8,2,29,0,1,11,2,14,15,5,19,4,43,0,0,0,43
03/12/2022,ROW,NM,ASW,CE,Combined TRACON& Tower with Radar,4,2,6,2,14,0,1,21,0,22,4,3,27,2,36,0,0,0,36
03/13/2022,ROW,NM,ASW,CE,Combined TRACON& Tower with Radar,5,0,6,0,11,0,1,8,2,11,5,1,14,2,22,0,0,0,22
03/14/2022,ROW,NM,ASW,CE,Combined TRACON& Tower with Radar,7,5,3,13,28,0,0,5,10,15,7,5,8,23,43,0,8,8,51
03/15/2022,ROW,NM,ASW,CE,Combined TRACON& Tower with Radar,5,7,8,23,43,0,0,11,12,23,5,7,19,35,66,0,0,0,66
03/16/2022,ROW,NM,ASW,CE,Combined TRACON& Tower with Radar,5,3,18,18,44,0,0,7,25,32,5,3,25,43,76,0,12,12,88
03/17/2022,ROW,NM,ASW,CE,Combined TRACON& Tower with Radar,4,5,7,0,16,0,0,9,0,9,4,5,16,0,25,6,0,6,31
03/18/2022,ROW,NM,ASW,CE,Combined TRACON& Tower with Radar,4,6,5,7,22,0,1,11,17,29,4,7,16,24,51,0,0,0,51
03/19/2022,ROW,NM,ASW,CE,Combined TRACON& Tower with Radar,5,1,5,10,21,0,1,14,0,15,5,2,19,10,36,0,0,0,36
03/20/2022,ROW,NM,ASW,CE,Combined TRACON& Tower with Radar,4,2,2,0,8,0,0,5,0,5,4,2,7,0,13,0,0,0,13
03/21/2022,ROW,NM,ASW,CE,Combined TRACON& Tower with Radar,7,2,5,3,17,0,1,4,2,7,7,3,9,5,24,0,0,0,24
03/22/2022,ROW,NM,ASW,CE,Combined TRACON& Tower with Radar,6,5,11,16,38,0,0,8,6,14,6,5,19,22,52,0,12,12,64
03/23/2022,ROW,NM,ASW,CE,Combined TRACON& Tower with Radar,6,6,10,9,31,0,1,12,6,19,6,7,22,15,50,4,2,6,56
03/24/2022,ROW,NM,ASW,CE,Combined TRACON& Tower with Radar,4,4,6,40,54,0,2,15,23,40,4,6,21,63,94,10,18,28,122
03/25/2022,ROW,NM,ASW,CE,Combined TRACON& Tower with Radar,5,3,9,24,41,0,4,12,27,43,5,7,21,51,84,1,24,25,109
03/26/2022,ROW,NM,ASW,CE,Combined TRACON& Tower with Radar,6,7,6,2,21,0,0,17,0,17,6,7,23,2,38,0,0,0,38
03/27/2022,ROW,NM,ASW,CE,Combined TRACON& Tower with Radar,6,2,6,0,14,0,0,11,0,11,6,2,17,0,25,0,0,0,25
03/28/2022,ROW,NM,ASW,CE,Combined TRACON& Tower with Radar,5,3,6,3,17,0,0,13,3,16,5,3,19,6,33,1,18,19,52
03/29/2022,ROW,NM,ASW,CE,Combined TRACON& Tower with Radar,6,2,9,11,28,0,0,5,5,10,6,2,14,16,38,1,14,15,53
03/30/2022,ROW,NM,ASW,CE,Combined TRACON& Tower with Radar,5,5,5,13,28,0,2,5,1,8,5,7,10,14,36,0,8,8,44
03/31/2022,ROW,NM,ASW,CE,Combined TRACON& Tower with Radar,4,6,9,24,43,0,0,14,4,18,4,6,23,28,61,0,8,8,69
04/01/2022,ROW,NM,ASW,CE,Combined TRACON& Tower with Radar,8,3,8,17,36,0,0,13,5,18,8,3,21,22,54,0,0,0,54
04/02/2022,ROW,NM,ASW,CE,Combined TRACON& Tower with Radar,5,1,6,0,12,0,0,18,0,18,5,1,24,0,30,0,0,0,30
04/03/2022,ROW,NM,ASW,CE,Combined TRACON& Tower with Radar,4,3,2,0,9,0,0,5,0,5,4,3,7,0,14,0,0,0,14
04/04/2022,ROW,NM,ASW,CE,Combined TRACON& Tower with Radar,5,5,4,7,21,0,0,6,3,9,5,5,10,10,30,16,32,48,78
04/05/2022,ROW,NM,ASW,CE,Combined TRACON& Tower with Radar,8,7,9,4,28,0,0,5,6,11,8,7,14,10,39,8,20,28,67
04/06/2022,ROW,NM,ASW,CE,Combined TRACON& Tower with Radar,6,8,10,15,39,0,2,12,18,32,6,10,22,33,71,2,64,66,137
04/07/2022,ROW,NM,ASW,CE,Combined TRACON& Tower with Radar,8,4,3,6,21,0,0,19,0,19,8,4,22,6,40,0,0,0,40
04/08/2022,ROW,NM,ASW,CE,Combined TRACON& Tower with Radar,8,3,5,32,48,0,0,18,6,24,8,3,23,38,72,6,8,14,86
04/09/2022,ROW,NM,ASW,CE,Combined TRACON& Tower with Radar,6,2,5,0,13,0,1,18,0,19,6,3,23,0,32,0,0,0,32
04/10/2022,ROW,NM,ASW,CE,Combined TRACON& Tower with Radar,6,1,9,0,16,0,0,6,0,6,6,1,15,0,22,10,0,10,32
04/11/2022,ROW,NM,ASW,CE,Combined TRACON& Tower with Radar,7,4,11,18,40,0,0,10,0,10,7,4,21,18,50,2,0,2,52
04/12/2022,ROW,NM,ASW,CE,Combined TRACON& Tower with Radar,8,6,20,2,36,0,1,4,14,19,8,7,24,16,55,2,24,26,81
04/13/2022,ROW,NM,ASW,CE,Combined TRACON& Tower with Radar,7,6,4,12,29,0,2,9,0,11,7,8,13,12,40,0,0,0,40
04/14/2022,ROW,NM,ASW,CE,Combined TRACON& Tower with Radar,6,6,20,14,46,0,0,17,8,25,6,6,37,22,71,2,41,43,114
04/15/2022,ROW,NM,ASW,CE,Combined TRACON& Tower with Radar,7,9,7,0,23,0,0,14,0,14,7,9,21,0,37,12,0,12,49
04/16/2022,ROW,NM,ASW,CE,Combined TRACON& Tower with Radar,5,8,7,17,37,0,0,3,1,4,5,8,10,18,41,0,0,0,41
04/17/2022,ROW,NM,ASW,CE,Combined TRACON& Tower with Radar,7,1,10,4,22,0,0,7,0,7,7,1,17,4,29,10,0,10,39
04/18/2022,ROW,NM,ASW,CE,Combined TRACON& Tower with Radar,5,2,7,8,22,0,2,28,0,30,5,4,35,8,52,0,0,0,52
04/19/2022,ROW,NM,ASW,CE,Combined TRACON& Tower with Radar,6,3,12,4,25,0,0,14,3,17,6,3,26,7,42,4,0,4,46
04/20/2022,ROW,NM,ASW,CE,Combined TRACON& Tower with Radar,6,4,7,6,23,0,4,8,11,23,6,8,15,17,46,0,12,12,58
04/21/2022,ROW,NM,ASW,CE,Combined TRACON& Tower with Radar,6,4,10,10,30,0,0,28,1,29,6,4,38,11,59,12,28,40,99
04/22/2022,ROW,NM,ASW,CE,Combined TRACON& Tower with Radar,9,3,10,33,55,0,2,4,4,10,9,5,14,37,65,0,20,20,85
04/23/2022,ROW,NM,ASW,CE,Combined TRACON& Tower with Radar,6,3,2,22,33,0,12,22,13,47,6,15,24,35,80,0,0,0,80
04/24/2022,ROW,NM,ASW,CE,Combined TRACON& Tower with Radar,5,1,11,2,19,1,0,21,0,22,6,1,32,2,41,0,0,0,41
04/25/2022,ROW,NM,ASW,CE,Combined TRACON& Tower with Radar,6,1,8,63,78,0,6,9,14,29,6,7,17,77,107,0,64,64,171
04/26/2022,ROW,NM,ASW,CE,Combined TRACON& Tower with Radar,7,5,11,22,45,0,3,23,6,32,7,8,34,28,77,0,22,22,99
04/27/2022,ROW,NM,ASW,CE,Combined TRACON& Tower with Radar,6,8,23,9,46,0,2,5,22,29,6,10,28,31,75,0,30,30,105
04/28/2022,ROW,NM,ASW,CE,Combined TRACON& Tower with Radar,5,3,11,27,46,0,1,6,26,33,5,4,17,53,79,13,58,71,150
04/29/2022,ROW,NM,ASW,CE,Combined TRACON& Tower with Radar,6,4,4,29,43,0,1,9,8,18,6,5,13,37,61,0,0,0,61
04/30/2022,ROW,NM,ASW,CE,Combined TRACON& Tower with Radar,6,1,3,50,60,0,0,16,5,21,6,1,19,55,81,0,0,0,81
05/01/2022,ROW,NM,ASW,CE,Combined TRACON& Tower with Radar,7,2,7,6,22,0,0,8,0,8,7,2,15,6,30,0,0,0,30
05/02/2022,ROW,NM,ASW,CE,Combined TRACON& Tower with Radar,7,3,3,34,47,0,0,12,17,29,7,3,15,51,76,0,30,30,106
05/03/2022,ROW,NM,ASW,CE,Combined TRACON& Tower with Radar,6,11,7,25,49,0,0,18,5,23,6,11,25,30,72,7,44,51,123
05/04/2022,ROW,NM,ASW,CE,Combined TRACON& Tower with Radar,6,10,4,29,49,0,1,17,10,28,6,11,21,39,77,24,26,50,127
05/05/2022,ROW,NM,ASW,CE,Combined TRACON& Tower with Radar,5,3,6,20,34,0,0,17,16,33,5,3,23,36,67,0,12,12,79
05/06/2022,ROW,NM,ASW,CE,Combined TRACON& Tower with Radar,4,5,13,0,22,0,0,21,4,25,4,5,34,4,47,0,0,0,47
05/07/2022,ROW,NM,ASW,CE,Combined TRACON& Tower with Radar,5,4,6,0,15,0,1,21,0,22,5,5,27,0,37,4,0,4,41
05/08/2022,ROW,NM,ASW,CE,Combined TRACON& Tower with Radar,5,0,5,0,10,0,0,3,0,3,5,0,8,0,13,0,0,0,13
05/09/2022,ROW,NM,ASW,CE,Combined TRACON& Tower with Radar,6,5,4,32,47,0,4,12,2,18,6,9,16,34,65,4,42,46,111
05/10/2022,ROW,NM,ASW,CE,Combined TRACON& Tower with Radar,5,3,19,15,42,0,2,9,14,25,5,5,28,29,67,10,0,10,77
05/11/2022,ROW,NM,ASW,CE,Combined TRACON& Tower with Radar,6,3,4,9,22,0,1,26,5,32,6,4,30,14,54,10,0,10,64
05/12/2022,ROW,NM,ASW,CE,Combined TRACON& Tower with Radar,5,8,2,19,34,0,0,18,2,20,5,8,20,21,54,13,0,13,67
05/13/2022,ROW,NM,ASW,CE,Combined TRACON& Tower with Radar,5,5,10,11,31,0,1,17,11,29,5,6,27,22,60,24,0,24,84
05/14/2022,ROW,NM,ASW,CE,Combined TRACON& Tower with Radar,8,4,4,1,17,0,1,9,2,12,8,5,13,3,29,0,0,0,29
05/15/2022,ROW,NM,ASW,CE,Combined TRACON& Tower with Radar,6,3,4,20,33,0,0,12,1,13,6,3,16,21,46,0,0,0,46
05/16/2022,ROW,NM,ASW,CE,Combined TRACON& Tower with Radar,5,1,4,0,10,0,1,8,0,9,5,2,12,0,19,0,0,0,19
05/17/2022,ROW,NM,ASW,CE,Combined TRACON& Tower with Radar,6,7,3,14,30,0,0,21,8,29,6,7,24,22,59,0,20,20,79
05/18/2022,ROW,NM,ASW,CE,Combined TRACON& Tower with Radar,6,4,7,11,28,0,1,13,21,35,6,5,20,32,63,1,0,1,64
05/19/2022,ROW,NM,ASW,CE,Combined TRACON& Tower with Radar,5,5,14,20,44,0,1,13,10,24,5,6,27,30,68,12,0,12,80
05/20/2022,ROW,NM,ASW,CE,Combined TRACON& Tower with Radar,5,15,11,50,81,0,2,23,15,40,5,17,34,65,121,8,14,22,143
05/21/2022,ROW,NM,ASW,CE,Combined TRACON& Tower with Radar,7,1,5,8,21,0,1,11,2,14,7,2,16,10,35,0,0,0,35
05/22/2022,ROW,NM,ASW,CE,Combined TRACON& Tower with Radar,6,0,5,6,17,0,1,8,0,9,6,1,13,6,26,0,8,8,34
05/23/2022,ROW,NM,ASW,CE,Combined TRACON& Tower with Radar,6,1,4,5,16,0,0,6,1,7,6,1,10,6,23,0,0,0,23
05/24/2022,ROW,NM,ASW,CE,Combined TRACON& Tower with Radar,6,2,11,6,25,0,1,6,39,46,6,3,17,45,71,0,46,46,117
05/25/2022,ROW,NM,ASW,CE,Combined TRACON& Tower with Radar,8,5,6,17,36,0,2,11,5,18,8,7,17,22,54,0,12,12,66
05/26/2022,ROW,NM,ASW,CE,Combined TRACON& Tower with Radar,4,6,28,43,81,0,0,7,1,8,4,6,35,44,89,0,0,0,89
05/27/2022,ROW,NM,ASW,CE,Combined TRACON& Tower with Radar,6,3,3,2,14,0,0,11,0,11,6,3,14,2,25,2,0,2,27
05/28/2022,ROW,NM,ASW,CE,Combined TRACON& Tower with Radar,6,3,5,0,14,0,0,9,0,9,6,3,14,0,23,0,0,0,23
05/29/2022,ROW,NM,ASW,CE,Combined TRACON& Tower with Radar,6,4,7,1,18,0,0,14,1,15,6,4,21,2,33,0,0,0,33
05/30/2022,ROW,NM,ASW,CE,Combined TRACON& Tower with Radar,6,3,17,0,26,0,0,14,0,14,6,3,31,0,40,0,0,0,40
05/31/2022,ROW,NM,ASW,CE,Combined TRACON& Tower with Radar,7,7,16,22,52,1,0,4,3,8,8,7,20,25,60,0,10,10,70
06/01/2022,ROW,NM,ASW,CE,Combined TRACON& Tower with Radar,7,12,7,21,47,0,0,5,3,8,7,12,12,24,55,1,0,1,56
06/02/2022,ROW,NM,ASW,CE,Combined TRACON& Tower with Radar,4,13,9,4,30,0,1,11,0,12,4,14,20,4,42,0,0,0,42
06/03/2022,ROW,NM,ASW,CE,Combined TRACON& Tower with Radar,6,4,3,0,13,0,0,6,4,10,6,4,9,4,23,0,0,0,23
06/04/2022,ROW,NM,ASW,CE,Combined TRACON& Tower with Radar,7,3,4,0,14,2,2,12,0,16,9,5,16,0,30,0,0,0,30
06/05/2022,ROW,NM,ASW,CE,Combined TRACON& Tower with Radar,6,0,10,0,16,0,2,15,0,17,6,2,25,0,33,0,0,0,33
06/06/2022,ROW,NM,ASW,CE,Combined TRACON& Tower with Radar,6,5,9,16,36,0,3,14,6,23,6,8,23,22,59,0,0,0,59
06/07/2022,ROW,NM,ASW,CE,Combined TRACON& Tower with Radar,6,5,14,10,35,0,1,18,4,23,6,6,32,14,58,0,12,12,70
06/08/2022,ROW,NM,ASW,CE,Combined TRACON& Tower with Radar,6,7,24,25,62,0,1,12,4,17,6,8,36,29,79,12,14,26,105
06/09/2022,ROW,NM,ASW,CE,Combined TRACON& Tower with Radar,6,7,8,17,38,0,0,19,3,22,6,7,27,20,60,0,26,26,86
06/10/2022,ROW,NM,ASW,CE,Combined TRACON& Tower with Radar,7,8,4,6,25,0,2,15,0,17,7,10,19,6,42,0,0,0,42
06/11/2022,ROW,NM,ASW,CE,Combined TRACON& Tower with Radar,6,4,8,13,31,0,0,32,1,33,6,4,40,14,64,0,0,0,64
06/12/2022,ROW,NM,ASW,CE,Combined TRACON& Tower with Radar,6,2,9,9,26,0,1,10,1,12,6,3,19,10,38,0,0,0,38
06/13/2022,ROW,NM,ASW,CE,Combined TRACON& Tower with Radar,7,5,5,5,22,0,0,3,14,17,7,5,8,19,39,0,24,24,63
06/14/2022,ROW,NM,ASW,CE,Combined TRACON& Tower with Radar,10,6,8,13,37,1,0,12,7,20,11,6,20,20,57,0,0,0,57
06/15/2022,ROW,NM,ASW,CE,Combined TRACON& Tower with Radar,6,7,9,12,34,0,0,9,18,27,6,7,18,30,61,0,32,32,93
06/16/2022,ROW,NM,ASW,CE,Combined TRACON& Tower with Radar,6,7,5,7,25,0,0,9,3,12,6,7,14,10,37,0,14,14,51
06/17/2022,ROW,NM,ASW,CE,Combined TRACON& Tower with Radar,8,8,4,1,21,0,0,6,6,12,8,8,10,7,33,0,0,0,33
06/18/2022,ROW,NM,ASW,CE,Combined TRACON& Tower with Radar,6,2,8,6,22,0,0,13,0,13,6,2,21,6,35,5,0,5,40
06/19/2022,ROW,NM,ASW,CE,Combined TRACON& Tower with Radar,6,0,6,0,12,0,0,4,0,4,6,0,10,0,16,0,0,0,16
06/20/2022,ROW,NM,ASW,CE,Combined TRACON& Tower with Radar,7,5,7,0,19,0,1,8,1,10,7,6,15,1,29,0,0,0,29
06/21/2022,ROW,NM,ASW,CE,Combined TRACON& Tower with Radar,7,3,9,0,19,0,2,4,6,12,7,5,13,6,31,0,0,0,31
06/22/2022,ROW,NM,ASW,CE,Combined TRACON& Tower with Radar,7,4,11,23,45,0,0,13,28,41,7,4,24,51,86,12,42,54,140
06/23/2022,ROW,NM,ASW,CE,Combined TRACON& Tower with Radar,8,5,9,7,29,0,0,7,11,18,8,5,16,18,47,0,0,0,47
06/24/2022,ROW,NM,ASW,CE,Combined TRACON& Tower with Radar,6,6,13,17,42,0,0,11,8,19,6,6,24,25,61,14,4,18,79
06/25/2022,ROW,NM,ASW,CE,Combined TRACON& Tower with Radar,7,1,4,0,12,0,0,27,0,27,7,1,31,0,39,0,0,0,39
06/26/2022,ROW,NM,ASW,CE,Combined TRACON& Tower with Radar,6,1,3,7,17,0,0,3,6,9,6,1,6,13,26,8,12,20,46
06/27/2022,ROW,NM,ASW,CE,Combined TRACON& Tower with Radar,7,6,3,14,30,0,0,3,9,12,7,6,6,23,42,0,0,0,42
06/28/2022,ROW,NM,ASW,CE,Combined TRACON& Tower with Radar,7,6,4,1,18,0,0,9,2,11,7,6,13,3,29,0,0,0,29
06/29/2022,ROW,NM,ASW,CE,Combined TRACON& Tower with Radar,6,5,10,4,25,0,0,7,2,9,6,5,17,6,34,0,0,0,34
06/30/2022,ROW,NM,ASW,CE,Combined TRACON& Tower with Radar,6,7,7,12,32,0,1,8,0,9,6,8,15,12,41,0,8,8,49
07/01/2022,ROW,NM,ASW,CE,Combined TRACON& Tower with Radar,5,6,8,0,19,0,0,12,1,13,5,6,20,1,32,0,0,0,32
07/02/2022,ROW,NM,ASW,CE,Combined TRACON& Tower with Radar,6,5,4,0,15,0,0,8,1,9,6,5,12,1,24,0,0,0,24
07/03/2022,ROW,NM,ASW,CE,Combined TRACON& Tower with Radar,7,1,6,0,14,0,3,6,0,9,7,4,12,0,23,0,0,0,23
07/04/2022,ROW,NM,ASW,CE,Combined TRACON& Tower with Radar,6,1,2,0,9,0,1,9,0,10,6,2,11,0,19,0,0,0,19
07/05/2022,ROW,NM,ASW,CE,Combined TRACON& Tower with Radar,7,1,3,9,20,0,1,5,9,15,7,2,8,18,35,0,0,0,35
07/06/2022,ROW,NM,ASW,CE,Combined TRACON& Tower with Radar,7,4,7,27,45,0,0,6,9,15,7,4,13,36,60,0,54,54,114
07/07/2022,ROW,NM,ASW,CE,Combined TRACON& Tower with Radar,14,4,3,16,37,0,0,11,6,17,14,4,14,22,54,0,0,0,54
07/08/2022,ROW,NM,ASW,CE,Combined TRACON& Tower with Radar,7,6,5,3,21,0,1,10,0,11,7,7,15,3,32,0,8,8,40
07/09/2022,ROW,NM,ASW,CE,Combined TRACON& Tower with Radar,6,2,1,0,9,0,0,11,4,15,6,2,12,4,24,0,8,8,32
07/10/2022,ROW,NM,ASW,CE,Combined TRACON& Tower with Radar,8,3,6,0,17,0,0,10,0,10,8,3,16,0,27,0,0,0,27
07/11/2022,ROW,NM,ASW,CE,Combined TRACON& Tower with Radar,7,6,12,16,41,0,0,6,4,10,7,6,18,20,51,0,0,0,51
07/12/2022,ROW,NM,ASW,CE,Combined TRACON& Tower with Radar,7,7,11,5,30,0,0,10,0,10,7,7,21,5,40,0,0,0,40
07/13/2022,ROW,NM,ASW,CE,Combined TRACON& Tower with Radar,11,5,2,20,38,0,0,4,12,16,11,5,6,32,54,0,14,14,68
07/14/2022,ROW,NM,ASW,CE,Combined TRACON& Tower with Radar,7,6,5,23,41,0,1,7,1,9,7,7,12,24,50,0,16,16,66
07/15/2022,ROW,NM,ASW,CE,Combined TRACON& Tower with Radar,9,5,6,22,42,0,1,12,0,13,9,6,18,22,55,0,12,12,67
07/16/2022,ROW,NM,ASW,CE,Combined TRACON& Tower with Radar,5,3,11,5,24,0,0,13,0,13,5,3,24,5,37,0,0,0,37
07/17/2022,ROW,NM,ASW,CE,Combined TRACON& Tower with Radar,7,1,2,1,11,0,0,11,0,11,7,1,13,1,22,0,20,20,42
07/18/2022,ROW,NM,ASW,CE,Combined TRACON& Tower with Radar,7,6,7,33,53,0,4,5,12,21,7,10,12,45,74,0,0,0,74
07/19/2022,ROW,NM,ASW,CE,Combined TRACON& Tower with Radar,6,3,7,22,38,0,1,7,2,10,6,4,14,24,48,28,4,32,80
07/20/2022,ROW,NM,ASW,CE,Combined TRACON& Tower with Radar,7,8,6,50,71,0,0,5,11,16,7,8,11,61,87,1,0,1,88
07/21/2022,ROW,NM,ASW,CE,Combined TRACON& Tower with Radar,7,7,26,57,97,0,2,9,31,42,7,9,35,88,139,2,0,2,141
07/22/2022,ROW,NM,ASW,CE,Combined TRACON& Tower with Radar,8,6,2,29,45,0,4,10,43,57,8,10,12,72,102,1,28,29,131
07/23/2022,ROW,NM,ASW,CE,Combined TRACON& Tower with Radar,7,2,4,14,27,0,4,24,45,73,7,6,28,59,100,20,20,40,140
07/24/2022,ROW,NM,ASW,CE,Combined TRACON& Tower with Radar,6,3,9,13,31,0,2,9,42,53,6,5,18,55,84,8,144,152,236
07/25/2022,ROW,NM,ASW,CE,Combined TRACON& Tower with Radar,6,2,1,25,34,0,0,4,45,49,6,2,5,70,83,2,104,106,189
07/26/2022,ROW,NM,ASW,CE,Combined TRACON& Tower with Radar,6,6,10,39,61,0,0,8,58,66,6,6,18,97,127,1,22,23,150
07/27/2022,ROW,NM,ASW,CE,Combined TRACON& Tower with Radar,10,4,8,34,56,0,1,9,13,23,10,5,17,47,79,30,18,48,127
07/28/2022,ROW,NM,ASW,CE,Combined TRACON& Tower with Radar,6,4,3,16,29,0,2,17,7,26,6,6,20,23,55,0,0,0,55
07/29/2022,ROW,NM,ASW,CE,Combined TRACON& Tower with Radar,9,6,6,20,41,0,1,8,21,30,9,7,14,41,71,2,10,12,83
07/30/2022,ROW,NM,ASW,CE,Combined TRACON& Tower with Radar,6,1,2,0,9,0,1,5,0,6,6,2,7,0,15,0,0,0,15
07/31/2022,ROW,NM,ASW,CE,Combined TRACON& Tower with Radar,6,6,10,4,26,0,1,5,0,6,6,7,15,4,32,0,0,0,32
08/01/2022,ROW,NM,ASW,CE,Combined TRACON& Tower with Radar,7,7,8,54,76,0,1,4,11,16,7,8,12,65,92,0,18,18,110
08/02/2022,ROW,NM,ASW,CE,Combined TRACON& Tower with Radar,6,6,7,13,32,0,2,10,5,17,6,8,17,18,49,0,10,10,59
08/03/2022,ROW,NM,ASW,CE,Combined TRACON& Tower with Radar,6,6,4,9,25,0,1,16,9,26,6,7,20,18,51,0,20,20,71
08/04/2022,ROW,NM,ASW,CE,Combined TRACON& Tower with Radar,7,5,8,11,31,0,0,12,3,15,7,5,20,14,46,12,0,12,58
08/05/2022,ROW,NM,ASW,CE,Combined TRACON& Tower with Radar,7,10,6,4,27,0,0,6,4,10,7,10,12,8,37,0,0,0,37
08/06/2022,ROW,NM,ASW,CE,Combined TRACON& Tower with Radar,6,3,7,0,16,0,1,11,1,13,6,4,18,1,29,8,0,8,37
08/07/2022,ROW,NM,ASW,CE,Combined TRACON& Tower with Radar,6,4,4,0,14,0,1,5,0,6,6,5,9,0,20,0,0,0,20
08/08/2022,ROW,NM,ASW,CE,Combined TRACON& Tower with Radar,6,4,10,45,65,0,0,4,25,29,6,4,14,70,94,0,45,45,139
08/09/2022,ROW,NM,ASW,CE,Combined TRACON& Tower with Radar,9,6,8,17,40,0,3,10,12,25,9,9,18,29,65,0,12,12,77
08/10/2022,ROW,NM,ASW,CE,Combined TRACON& Tower with Radar,5,8,7,35,55,0,0,7,7,14,5,8,14,42,69,0,0,0,69
08/11/2022,ROW,NM,ASW,CE,Combined TRACON& Tower with Radar,6,4,8,3,21,0,1,7,3,11,6,5,15,6,32,0,0,0,32
08/12/2022,ROW,NM,ASW,CE,Combined TRACON& Tower with Radar,6,6,14,27,53,0,0,18,0,18,6,6,32,27,71,8,0,8,79
08/13/2022,ROW,NM,ASW,CE,Combined TRACON& Tower with Radar,7,2,6,0,15,0,4,12,0,16,7,6,18,0,31,4,0,4,35
08/14/2022,ROW,NM,ASW,CE,Combined TRACON& Tower with Radar,6,1,3,0,10,0,2,2,0,4,6,3,5,0,14,0,0,0,14
08/15/2022,ROW,NM,ASW,CE,Combined TRACON& Tower with Radar,6,2,9,12,29,0,1,6,6,13,6,3,15,18,42,0,0,0,42
08/16/2022,ROW,NM,ASW,CE,Combined TRACON& Tower with Radar,6,6,6,14,32,0,1,6,10,17,6,7,12,24,49,0,8,8,57
08/17/2022,ROW,NM,ASW,CE,Combined TRACON& Tower with Radar,6,4,4,12,26,0,0,7,2,9,6,4,11,14,35,0,0,0,35
08/18/2022,ROW,NM,ASW,CE,Combined TRACON& Tower with Radar,7,4,8,7,26,0,1,9,1,11,7,5,17,8,37,4,8,12,49
08/19/2022,ROW,NM,ASW,CE,Combined TRACON& Tower with Radar,6,7,4,16,33,0,0,6,8,14,6,7,10,24,47,0,14,14,61
08/20/2022,ROW,NM,ASW,CE,Combined TRACON& Tower with Radar,6,2,8,0,16,0,0,3,0,3,6,2,11,0,19,0,0,0,19
08/21/2022,ROW,NM,ASW,CE,Combined TRACON& Tower with Radar,7,5,9,6,27,0,3,12,1,16,7,8,21,7,43,20,0,20,63
08/22/2022,ROW,NM,ASW,CE,Combined TRACON& Tower with Radar,6,10,11,26,53,0,0,6,7,13,6,10,17,33,66,0,10,10,76
08/23/2022,ROW,NM,ASW,CE,Combined TRACON& Tower with Radar,6,7,12,15,40,0,0,10,8,18,6,7,22,23,58,0,40,40,98
08/24/2022,ROW,NM,ASW,CE,Combined TRACON& Tower with Radar,12,8,6,13,39,0,0,10,13,23,12,8,16,26,62,4,36,40,102
08/25/2022,ROW,NM,ASW,CE,Combined TRACON& Tower with Radar,6,3,4,7,20,0,1,9,3,13,6,4,13,10,33,1,0,1,34
08/26/2022,ROW,NM,ASW,CE,Combined TRACON& Tower with Radar,9,5,6,6,26,0,2,20,2,24,9,7,26,8,50,0,0,0,50
08/27/2022,ROW,NM,ASW,CE,Combined TRACON& Tower with Radar,6,1,2,0,9,0,0,14,0,14,6,1,16,0,23,20,0,20,43
08/28/2022,ROW,NM,ASW,CE,Combined TRACON& Tower with Radar,5,3,2,2,12,0,0,10,0,10,5,3,12,2,22,12,0,12,34
08/29/2022,ROW,NM,ASW,CE,Combined TRACON& Tower with Radar,9,2,12,5,28,0,0,14,1,15,9,2,26,6,43,0,16,16,59
08/30/2022,ROW,NM,ASW,CE,Combined TRACON& Tower with Radar,7,9,7,0,23,0,0,10,0,10,7,9,17,0,33,0,0,0,33
08/31/2022,ROW,NM,ASW,CE,Combined TRACON& Tower with Radar,7,4,11,0,22,0,1,7,0,8,7,5,18,0,30,0,0,0,30
09/01/2022,ROW,NM,ASW,CE,Combined TRACON& Tower with Radar,6,7,7,5,25,0,1,11,1,13,6,8,18,6,38,0,10,10,48
09/02/2022,ROW,NM,ASW,CE,Combined TRACON& Tower with Radar,6,8,7,0,21,0,3,10,0,13,6,11,17,0,34,0,0,0,34
09/03/2022,ROW,NM,ASW,CE,Combined TRACON& Tower with Radar,6,2,10,0,18,0,3,14,1,18,6,5,24,1,36,0,0,0,36
09/04/2022,ROW,NM,ASW,CE,Combined TRACON& Tower with Radar,5,3,6,0,14,0,0,21,0,21,5,3,27,0,35,0,0,0,35
09/05/2022,ROW,NM,ASW,CE,Combined TRACON& Tower with Radar,8,2,2,0,12,0,0,19,0,19,8,2,21,0,31,12,0,12,43
09/06/2022,ROW,NM,ASW,CE,Combined TRACON& Tower with Radar,9,3,9,6,27,0,0,5,2,7,9,3,14,8,34,0,6,6,40
09/07/2022,ROW,NM,ASW,CE,Combined TRACON& Tower with Radar,12,5,13,14,44,0,0,12,6,18,12,5,25,20,62,0,14,14,76
09/08/2022,ROW,NM,ASW,CE,Combined TRACON& Tower with Radar,6,4,6,18,34,0,1,5,8,14,6,5,11,26,48,0,60,60,108
09/09/2022,ROW,NM,ASW,CE,Combined TRACON& Tower with Radar,6,7,2,12,27,0,4,14,1,19,6,11,16,13,46,0,0,0,46
09/10/2022,ROW,NM,ASW,CE,Combined TRACON& Tower with Radar,8,1,3,1,13,0,0,5,21,26,8,1,8,22,39,0,18,18,57
09/11/2022,ROW,NM,ASW,CE,Combined TRACON& Tower with Radar,6,3,5,8,22,0,1,3,0,4,6,4,8,8,26,0,0,0,26
09/12/2022,ROW,NM,ASW,CE,Combined TRACON& Tower with Radar,7,2,9,10,28,0,0,7,5,12,7,2,16,15,40,0,0,0,40
09/13/2022,ROW,NM,ASW,CE,Combined TRACON& Tower with Radar,7,4,5,5,21,0,0,9,12,21,7,4,14,17,42,0,22,22,64
09/14/2022,ROW,NM,ASW,CE,Combined TRACON& Tower with Radar,7,3,7,10,27,0,1,11,12,24,7,4,18,22,51,0,48,48,99
09/15/2022,ROW,NM,ASW,CE,Combined TRACON& Tower with Radar,6,5,7,14,32,0,0,12,4,16,6,5,19,18,48,0,14,14,62
09/16/2022,ROW,NM,ASW,CE,Combined TRACON& Tower with Radar,7,6,4,22,39,0,1,15,6,22,7,7,19,28,61,0,0,0,61
09/17/2022,ROW,NM,ASW,CE,Combined TRACON& Tower with Radar,7,3,2,0,12,0,1,12,0,13,7,4,14,0,25,4,0,4,29
09/18/2022,ROW,NM,ASW,CE,Combined TRACON& Tower with Radar,6,3,6,4,19,0,0,7,0,7,6,3,13,4,26,16,0,16,42
09/19/2022,ROW,NM,ASW,CE,Combined TRACON& Tower with Radar,6,6,6,10,28,0,0,2,0,2,6,6,8,10,30,1,0,1,31
09/20/2022,ROW,NM,ASW,CE,Combined TRACON& Tower with Radar,9,5,6,2,22,0,1,9,0,10,9,6,15,2,32,0,0,0,32
09/21/2022,ROW,NM,ASW,CE,Combined TRACON& Tower with Radar,8,5,4,13,30,0,2,8,7,17,8,7,12,20,47,0,0,0,47
09/22/2022,ROW,NM,ASW,CE,Combined TRACON& Tower with Radar,6,6,11,4,27,0,1,8,4,13,6,7,19,8,40,0,0,0,40
09/23/2022,ROW,NM,ASW,CE,Combined TRACON& Tower with Radar,8,4,6,41,59,0,0,19,17,36,8,4,25,58,95,0,16,16,111
09/24/2022,ROW,NM,ASW,CE,Combined TRACON& Tower with Radar,7,4,12,0,23,0,1,18,0,19,7,5,30,0,42,0,0,0,42
09/25/2022,ROW,NM,ASW,CE,Combined TRACON& Tower with Radar,7,0,5,5,17,0,0,12,1,13,7,0,17,6,30,0,0,0,30
09/26/2022,ROW,NM,ASW,CE,Combined TRACON& Tower with Radar,6,6,7,23,42,0,2,10,4,16,6,8,17,27,58,0,22,22,80
09/27/2022,ROW,NM,ASW,CE,Combined TRACON& Tower with Radar,8,7,4,14,33,0,0,13,9,22,8,7,17,23,55,0,28,28,83
09/28/2022,ROW,NM,ASW,CE,Combined TRACON& Tower with Radar,8,5,10,33,56,0,0,10,17,27,8,5,20,50,83,0,0,0,83
09/29/2022,ROW,NM,ASW,CE,Combined TRACON& Tower with Radar,8,3,8,7,26,0,0,7,7,14,8,3,15,14,40,0,0,0,40
09/30/2022,ROW,NM,ASW,CE,Combined TRACON& Tower with Radar,7,3,12,22,44,0,1,11,4,16,7,4,23,26,60,0,0,0,60
10/01/2022,ROW,NM,ASW,CE,Combined TRACON& Tower with Radar,8,5,5,8,26,0,2,18,0,20,8,7,23,8,46,0,0,0,46
10/02/2022,ROW,NM,ASW,CE,Combined TRACON& Tower with Radar,9,5,3,2,19,0,1,8,3,12,9,6,11,5,31,0,0,0,31
10/03/2022,ROW,NM,ASW,CE,Combined TRACON& Tower with Radar,7,3,7,8,25,0,2,8,2,12,7,5,15,10,37,0,10,10,47
10/04/2022,ROW,NM,ASW,CE,Combined TRACON& Tower with Radar,9,4,3,27,43,0,1,5,17,23,9,5,8,44,66,0,0,0,66
10/05/2022,ROW,NM,ASW,CE,Combined TRACON& Tower with Radar,7,8,7,12,34,0,0,9,0,9,7,8,16,12,43,1,0,1,44
10/06/2022,ROW,NM,ASW,CE,Combined TRACON& Tower with Radar,6,5,11,12,34,0,3,14,2,19,6,8,25,14,53,0,0,0,53
10/07/2022,ROW,NM,ASW,CE,Combined TRACON& Tower with Radar,6,6,17,24,53,0,3,4,0,7,6,9,21,24,60,0,0,0,60
10/08/2022,ROW,NM,ASW,CE,Combined TRACON& Tower with Radar,6,1,12,4,23,0,0,3,2,5,6,1,15,6,28,0,0,0,28
10/09/2022,ROW,NM,ASW,CE,Combined TRACON& Tower with Radar,6,1,7,0,14,0,0,3,0,3,6,1,10,0,17,0,0,0,17
10/10/2022,ROW,NM,ASW,CE,Combined TRACON& Tower with Radar,6,4,10,0,20,0,0,2,0,2,6,4,12,0,22,0,0,0,22
10/11/2022,ROW,NM,ASW,CE,Combined TRACON& Tower with Radar,7,7,24,18,56,0,1,10,0,11,7,8,34,18,67,0,0,0,67
10/12/2022,ROW,NM,ASW,CE,Combined TRACON& Tower with Radar,6,8,10,19,43,0,1,7,1,9,6,9,17,20,52,0,0,0,52
10/13/2022,ROW,NM,ASW,CE,Combined TRACON& Tower with Radar,7,7,15,10,39,0,0,10,0,10,7,7,25,10,49,0,0,0,49
10/14/2022,ROW,NM,ASW,CE,Combined TRACON& Tower with Radar,8,4,14,8,34,0,2,13,2,17,8,6,27,10,51,6,4,10,61
10/15/2022,ROW,NM,ASW,CE,Combined TRACON& Tower with Radar,9,5,2,0,16,0,3,12,4,19,9,8,14,4,35,0,0,0,35
10/16/2022,ROW,NM,ASW,CE,Combined TRACON& Tower with Radar,7,6,2,0,15,0,0,1,0,1,7,6,3,0,16,0,0,0,16
10/17/2022,ROW,NM,ASW,CE,Combined TRACON& Tower with Radar,7,8,4,4,23,0,0,8,0,8,7,8,12,4,31,0,0,0,31
10/18/2022,ROW,NM,ASW,CE,Combined TRACON& Tower with Radar,6,5,2,0,13,0,0,6,0,6,6,5,8,0,19,0,0,0,19
10/19/2022,ROW,NM,ASW,CE,Combined TRACON& Tower with Radar,6,7,14,4,31,0,0,7,2,9,6,7,21,6,40,0,0,0,40
10/20/2022,ROW,NM,ASW,CE,Combined TRACON& Tower with Radar,6,5,12,4,27,0,1,9,0,10,6,6,21,4,37,8,14,22,59
10/21/2022,ROW,NM,ASW,CE,Combined TRACON& Tower with Radar,6,5,6,46,63,0,0,12,6,18,6,5,18,52,81,0,0,0,81
10/22/2022,ROW,NM,ASW,CE,Combined TRACON& Tower with Radar,7,2,6,6,21,0,1,8,1,10,7,3,14,7,31,1,0,1,32
10/23/2022,ROW,NM,ASW,CE,Combined TRACON& Tower with Radar,7,0,4,0,11,0,0,13,0,13,7,0,17,0,24,0,0,0,24
10/24/2022,ROW,NM,ASW,CE,Combined TRACON& Tower with Radar,6,7,11,0,24,0,0,3,0,3,6,7,14,0,27,0,0,0,27
10/25/2022,ROW,NM,ASW,CE,Combined TRACON& Tower with Radar,6,7,10,5,28,0,3,6,3,12,6,10,16,8,40,2,20,22,62
10/26/2022,ROW,NM,ASW,CE,Combined TRACON& Tower with Radar,9,16,10,13,48,0,0,11,5,16,9,16,21,18,64,0,0,0,64
10/27/2022,ROW,NM,ASW,CE,Combined TRACON& Tower with Radar,7,7,8,8,30,0,1,9,0,10,7,8,17,8,40,0,0,0,40
10/28/2022,ROW,NM,ASW,CE,Combined TRACON& Tower with Radar,11,16,6,74,107,0,4,6,0,10,11,20,12,74,117,1,0,1,118
10/29/2022,ROW,NM,ASW,CE,Combined TRACON& Tower with Radar,8,7,5,7,27,0,0,14,1,15,8,7,19,8,42,0,0,0,42
10/30/2022,ROW,NM,ASW,CE,Combined TRACON& Tower with Radar,6,2,6,6,20,0,1,4,1,6,6,3,10,7,26,0,0,0,26
10/31/2022,ROW,NM,ASW,CE,Combined TRACON& Tower with Radar,6,7,8,6,27,0,0,11,0,11,6,7,19,6,38,0,0,0,38
11/01/2022,ROW,NM,ASW,CE,Combined TRACON& Tower with Radar,6,7,9,8,30,0,2,6,0,8,6,9,15,8,38,0,0,0,38
11/02/2022,ROW,NM,ASW,CE,Combined TRACON& Tower with Radar,6,4,13,6,29,0,0,3,0,3,6,4,16,6,32,0,0,0,32
11/03/2022,ROW,NM,ASW,CE,Combined TRACON& Tower with Radar,5,8,5,27,45,0,0,3,7,10,5,8,8,34,55,0,0,0,55
11/04/2022,ROW,NM,ASW,CE,Combined TRACON& Tower with Radar,6,11,8,14,39,0,3,3,12,18,6,14,11,26,57,0,0,0,57
11/05/2022,ROW,NM,ASW,CE,Combined TRACON& Tower with Radar,4,4,5,0,13,0,1,10,4,15,4,5,15,4,28,0,0,0,28
11/06/2022,ROW,NM,ASW,CE,Combined TRACON& Tower with Radar,7,1,1,2,11,0,1,11,1,13,7,2,12,3,24,8,0,8,32
11/07/2022,ROW,NM,ASW,CE,Combined TRACON& Tower with Radar,6,2,4,34,46,0,1,12,12,25,6,3,16,46,71,0,22,22,93
11/08/2022,ROW,NM,ASW,CE,Combined TRACON& Tower with Radar,4,4,11,4,23,0,0,11,2,13,4,4,22,6,36,0,0,0,36
11/09/2022,ROW,NM,ASW,CE,Combined TRACON& Tower with Radar,8,8,10,8,34,0,1,7,16,24,8,9,17,24,58,4,0,4,62
11/10/2022,ROW,NM,ASW,CE,Combined TRACON& Tower with Radar,4,10,5,6,25,0,2,15,0,17,4,12,20,6,42,0,0,0,42
11/11/2022,ROW,NM,ASW,CE,Combined TRACON& Tower with Radar,5,12,2,0,19,0,1,10,0,11,5,13,12,0,30,2,0,2,32
11/12/2022,ROW,NM,ASW,CE,Combined TRACON& Tower with Radar,4,4,8,0,16,0,2,13,0,15,4,6,21,0,31,0,0,0,31
11/13/2022,ROW,NM,ASW,CE,Combined TRACON& Tower with Radar,5,3,2,0,10,0,0,5,0,5,5,3,7,0,15,6,0,6,21
11/14/2022,ROW,NM,ASW,CE,Combined TRACON& Tower with Radar,6,4,3,0,13,0,0,2,0,2,6,4,5,0,15,0,0,0,15
11/15/2022,ROW,NM,ASW,CE,Combined TRACON& Tower with Radar,5,2,10,11,28,0,0,17,2,19,5,2,27,13,47,0,20,20,67
11/16/2022,ROW,NM,ASW,CE,Combined TRACON& Tower with Radar,5,7,9,17,38,0,6,7,0,13,5,13,16,17,51,40,8,48,99
11/17/2022,ROW,NM,ASW,CE,Combined TRACON& Tower with Radar,7,3,7,0,17,0,1,13,0,14,7,4,20,0,31,0,0,0,31
11/18/2022,ROW,NM,ASW,CE,Combined TRACON& Tower with Radar,5,5,11,28,49,0,0,6,0,6,5,5,17,28,55,0,0,0,55
11/19/2022,ROW,NM,ASW,CE,Combined TRACON& Tower with Radar,4,5,7,0,16,0,0,8,0,8,4,5,15,0,24,0,0,0,24
11/20/2022,ROW,NM,ASW,CE,Combined TRACON& Tower with Radar,6,1,3,6,16,0,2,6,0,8,6,3,9,6,24,0,0,0,24
11/21/2022,ROW,NM,ASW,CE,Combined TRACON& Tower with Radar,5,3,5,14,27,0,2,8,9,19,5,5,13,23,46,0,6,6,52
11/22/2022,ROW,NM,ASW,CE,Combined TRACON& Tower with Radar,5,7,7,21,40,0,2,13,5,20,5,9,20,26,60,1,6,7,67
11/23/2022,ROW,NM,ASW,CE,Combined TRACON& Tower with Radar,7,5,7,9,28,0,0,9,1,10,7,5,16,10,38,0,0,0,38
11/24/2022,ROW,NM,ASW,CE,Combined TRACON& Tower with Radar,4,2,4,0,10,0,0,3,0,3,4,2,7,0,13,0,0,0,13
11/25/2022,ROW,NM,ASW,CE,Combined TRACON& Tower with Radar,3,6,11,0,20,0,0,1,0,1,3,6,12,0,21,0,0,0,21
11/26/2022,ROW,NM,ASW,CE,Combined TRACON& Tower with Radar,6,7,7,0,20,0,1,14,0,15,6,8,21,0,35,8,0,8,43
11/27/2022,ROW,NM,ASW,CE,Combined TRACON& Tower with Radar,4,7,10,2,23,0,0,9,0,9,4,7,19,2,32,10,0,10,42
11/28/2022,ROW,NM,ASW,CE,Combined TRACON& Tower with Radar,7,2,5,18,32,0,1,9,18,28,7,3,14,36,60,10,28,38,98
11/29/2022,ROW,NM,ASW,CE,Combined TRACON& Tower with Radar,4,4,5,18,31,0,1,4,7,12,4,5,9,25,43,0,54,54,97
11/30/2022,ROW,NM,ASW,CE,Combined TRACON& Tower with Radar,5,5,9,5,24,0,1,15,5,21,5,6,24,10,45,2,0,2,47
12/01/2022,ROW,NM,ASW,CE,Combined TRACON& Tower with Radar,4,4,6,7,21,0,3,5,5,13,4,7,11,12,34,0,0,0,34
12/02/2022,ROW,NM,ASW,CE,Combined TRACON& Tower with Radar,5,3,3,43,54,0,2,7,1,10,5,5,10,44,64,0,0,0,64
12/03/2022,ROW,NM,ASW,CE,Combined TRACON& Tower with Radar,5,4,7,4,20,0,3,10,0,13,5,7,17,4,33,0,14,14,47
12/04/2022,ROW,NM,ASW,CE,Combined TRACON& Tower with Radar,4,0,1,4,9,0,1,5,3,9,4,1,6,7,18,0,0,0,18
12/05/2022,ROW,NM,ASW,CE,Combined TRACON& Tower with Radar,6,2,4,24,36,0,2,9,2,13,6,4,13,26,49,0,6,6,55
12/06/2022,ROW,NM,ASW,CE,Combined TRACON& Tower with Radar,16,6,8,30,60,0,3,13,12,28,16,9,21,42,88,38,39,77,165
12/07/2022,ROW,NM,ASW,CE,Combined TRACON& Tower with Radar,4,11,5,6,26,0,0,4,0,4,4,11,9,6,30,0,0,0,30
12/08/2022,ROW,NM,ASW,CE,Combined TRACON& Tower with Radar,8,6,7,7,28,0,1,11,14,26,8,7,18,21,54,0,16,16,70
12/09/2022,ROW,NM,ASW,CE,Combined TRACON& Tower with Radar,4,6,6,3,19,0,2,13,0,15,4,8,19,3,34,1,0,1,35
12/10/2022,ROW,NM,ASW,CE,Combined TRACON& Tower with Radar,5,5,8,2,20,0,2,14,0,16,5,7,22,2,36,1,0,1,37
12/11/2022,ROW,NM,ASW,CE,Combined TRACON& Tower with Radar,4,10,5,1,20,0,2,2,1,5,4,12,7,2,25,6,2,8,33
12/12/2022,ROW,NM,ASW,CE,Combined TRACON& Tower with Radar,5,3,6,28,42,0,0,2,1,3,5,3,8,29,45,0,0,0,45
12/13/2022,ROW,NM,ASW,CE,Combined TRACON& Tower with Radar,6,8,4,14,32,0,2,6,0,8,6,10,10,14,40,1,0,1,41
12/14/2022,ROW,NM,ASW,CE,Combined TRACON& Tower with Radar,6,4,2,12,24,0,2,9,14,25,6,6,11,26,49,1,14,15,64
12/15/2022,ROW,NM,ASW,CE,Combined TRACON& Tower with Radar,4,5,14,8,31,0,2,5,10,17,4,7,19,18,48,0,18,18,66
12/16/2022,ROW,NM,ASW,CE,Combined TRACON& Tower with Radar,4,8,13,12,37,0,0,10,7,17,4,8,23,19,54,0,0,0,54
12/17/2022,ROW,NM,ASW,CE,Combined TRACON& Tower with Radar,4,2,4,0,10,0,0,17,0,17,4,2,21,0,27,0,0,0,27
12/18/2022,ROW,NM,ASW,CE,Combined TRACON& Tower with Radar,4,0,4,0,8,0,1,7,0,8,4,1,11,0,16,0,0,0,16
12/19/2022,ROW,NM,ASW,CE,Combined TRACON& Tower with Radar,6,4,4,17,31,0,0,11,19,30,6,4,15,36,61,23,0,23,84
12/20/2022,ROW,NM,ASW,CE,Combined TRACON& Tower with Radar,7,5,6,7,25,0,2,15,0,17,7,7,21,7,42,2,0,2,44
12/21/2022,ROW,NM,ASW,CE,Combined TRACON& Tower with Radar,5,3,6,9,23,0,0,3,5,8,5,3,9,14,31,0,40,40,71
12/22/2022,ROW,NM,ASW,CE,Combined TRACON& Tower with Radar,6,7,1,6,20,0,1,5,2,8,6,8,6,8,28,0,0,0,28
12/23/2022,ROW,NM,ASW,CE,Combined TRACON& Tower with Radar,5,8,5,0,18,0,1,6,0,7,5,9,11,0,25,0,0,0,25
12/24/2022,ROW,NM,ASW,CE,Combined TRACON& Tower with Radar,5,6,1,0,12,0,1,2,0,3,5,7,3,0,15,0,0,0,15
12/25/2022,ROW,NM,ASW,CE,Combined TRACON& Tower with Radar,6,1,0,0,7,0,0,2,0,2,6,1,2,0,9,0,0,0,9
12/26/2022,ROW,NM,ASW,CE,Combined TRACON& Tower with Radar,4,2,1,0,7,0,0,11,1,12,4,2,12,1,19,2,0,2,21
12/27/2022,ROW,NM,ASW,CE,Combined TRACON& Tower with Radar,5,1,7,18,31,0,0,13,4,17,5,1,20,22,48,8,6,14,62
12/28/2022,ROW,NM,ASW,CE,Combined TRACON& Tower with Radar,4,11,8,0,23,0,0,5,0,5,4,11,13,0,28,0,0,0,28
12/29/2022,ROW,NM,ASW,CE,Combined TRACON& Tower with Radar,4,6,4,2,16,0,2,12,0,14,4,8,16,2,30,4,0,4,34
12/30/2022,ROW,NM,ASW,CE,Combined TRACON& Tower with Radar,4,3,4,16,27,0,0,9,0,9,4,3,13,16,36,0,12,12,48
12/31/2022,ROW,NM,ASW,CE,Combined TRACON& Tower with Radar,6,3,5,0,14,0,2,15,0,17,6,5,20,0,31,0,0,0,31
01/01/2023,ROW,NM,ASW,CE,Combined TRACON& Tower with Radar,4,2,2,0,8,0,1,2,0,3,4,3,4,0,11,0,0,0,11
01/02/2023,ROW,NM,ASW,CE,Combined TRACON& Tower with Radar,5,2,6,0,13,0,0,3,0,3,5,2,9,0,16,0,0,0,16
01/03/2023,ROW,NM,ASW,CE,Combined TRACON& Tower with Radar,4,3,7,0,14,0,0,9,1,10,4,3,16,1,24,0,0,0,24
01/04/2023,ROW,NM,ASW,CE,Combined TRACON& Tower with Radar,7,3,2,16,28,0,2,6,3,11,7,5,8,19,39,0,0,0,39
01/05/2023,ROW,NM,ASW,CE,Combined TRACON& Tower with Radar,6,4,7,4,21,0,0,14,2,16,6,4,21,6,37,0,0,0,37
01/06/2023,ROW,NM,ASW,CE,Combined TRACON& Tower with Radar,5,2,13,19,39,0,0,7,4,11,5,2,20,23,50,0,0,0,50
01/07/2023,ROW,NM,ASW,CE,Combined TRACON& Tower with Radar,4,0,7,8,19,0,1,19,0,20,4,1,26,8,39,0,0,0,39
01/08/2023,ROW,NM,ASW,CE,Combined TRACON& Tower with Radar,4,0,7,10,21,0,1,8,8,17,4,1,15,18,38,0,0,0,38
01/09/2023,ROW,NM,ASW,CE,Combined TRACON& Tower with Radar,4,0,2,23,29,0,1,11,5,17,4,1,13,28,46,12,26,38,84
01/10/2023,ROW,NM,ASW,CE,Combined TRACON& Tower with Radar,6,3,11,17,37,0,0,6,4,10,6,3,17,21,47,0,8,8,55
01/11/2023,ROW,NM,ASW,CE,Combined TRACON& Tower with Radar,5,0,3,2,10,0,0,7,0,7,5,0,10,2,17,0,0,0,17
01/12/2023,ROW,NM,ASW,CE,Combined TRACON& Tower with Radar,7,0,1,9,17,0,1,6,7,14,7,1,7,16,31,0,30,30,61
01/13/2023,ROW,NM,ASW,CE,Combined TRACON& Tower with Radar,5,3,5,4,17,0,1,16,0,17,5,4,21,4,34,0,0,0,34
01/14/2023,ROW,NM,ASW,CE,Combined TRACON& Tower with Radar,4,2,5,0,11,0,1,13,0,14,4,3,18,0,25,0,0,0,25
01/15/2023,ROW,NM,ASW,CE,Combined TRACON& Tower with Radar,4,3,1,0,8,0,1,6,0,7,4,4,7,0,15,0,0,0,15
01/16/2023,ROW,NM,ASW,CE,Combined TRACON& Tower with Radar,5,2,7,2,16,0,0,4,0,4,5,2,11,2,20,0,0,0,20
01/17/2023,ROW,NM,ASW,CE,Combined TRACON& Tower with Radar,5,5,4,10,24,0,0,2,6,8,5,5,6,16,32,0,0,0,32
01/18/2023,ROW,NM,ASW,CE,Combined TRACON& Tower with Radar,5,0,2,2,9,0,2,1,6,9,5,2,3,8,18,0,12,12,30
01/19/2023,ROW,NM,ASW,CE,Combined TRACON& Tower with Radar,5,4,2,10,21,0,1,8,10,19,5,5,10,20,40,0,16,16,56
01/20/2023,ROW,NM,ASW,CE,Combined TRACON& Tower with Radar,5,8,4,22,39,0,0,12,9,21,5,8,16,31,60,1,0,1,61
01/21/2023,ROW,NM,ASW,CE,Combined TRACON& Tower with Radar,5,4,5,0,14,0,1,14,0,15,5,5,19,0,29,0,0,0,29
01/22/2023,ROW,NM,ASW,CE,Combined TRACON& Tower with Radar,7,2,0,3,12,0,0,5,0,5,7,2,5,3,17,10,8,18,35
01/23/2023,ROW,NM,ASW,CE,Combined TRACON& Tower with Radar,9,2,0,24,35,0,0,5,10,15,9,2,5,34,50,0,28,28,78
01/24/2023,ROW,NM,ASW,CE,Combined TRACON& Tower with Radar,8,6,5,1,20,0,0,3,0,3,8,6,8,1,23,0,0,0,23
01/25/2023,ROW,NM,ASW,CE,Combined TRACON& Tower with Radar,6,3,3,12,24,0,0,8,8,16,6,3,11,20,40,20,0,20,60
01/26/2023,ROW,NM,ASW,CE,Combined TRACON& Tower with Radar,5,0,12,8,25,0,1,7,6,14,5,1,19,14,39,44,0,44,83
01/27/2023,ROW,NM,ASW,CE,Combined TRACON& Tower with Radar,5,0,1,31,37,0,1,12,3,16,5,1,13,34,53,0,0,0,53
01/28/2023,ROW,NM,ASW,CE,Combined TRACON& Tower with Radar,5,4,7,12,28,0,3,8,4,15,5,7,15,16,43,0,0,0,43
01/29/2023,ROW,NM,ASW,CE,Combined TRACON& Tower with Radar,4,0,7,0,11,0,1,7,0,8,4,1,14,0,19,18,0,18,37
01/30/2023,ROW,NM,ASW,CE,Combined TRACON& Tower with Radar,6,2,3,16,27,0,0,1,2,3,6,2,4,18,30,0,0,0,30
01/31/2023,ROW,NM,ASW,CE,Combined TRACON& Tower with Radar,3,4,11,5,23,0,0,1,4,5,3,4,12,9,28,0,0,0,28
02/01/2023,ROW,NM,ASW,CE,Combined TRACON& Tower with Radar,3,7,5,8,23,0,1,3,1,5,3,8,8,9,28,0,0,0,28
02/02/2023,ROW,NM,ASW,CE,Combined TRACON& Tower with Radar,6,0,1,29,36,0,2,14,13,29,6,2,15,42,65,0,0,0,65
02/03/2023,ROW,NM,ASW,CE,Combined TRACON& Tower with Radar,10,3,7,29,49,0,2,12,10,24,10,5,19,39,73,0,0,0,73
02/04/2023,ROW,NM,ASW,CE,Combined TRACON& Tower with Radar,9,3,0,4,16,0,0,15,0,15,9,3,15,4,31,0,0,0,31
02/05/2023,ROW,NM,ASW,CE,Combined TRACON& Tower with Radar,7,4,2,0,13,0,0,11,0,11,7,4,13,0,24,0,0,0,24
02/06/2023,ROW,NM,ASW,CE,Combined TRACON& Tower with Radar,9,1,9,43,62,0,0,7,11,18,9,1,16,54,80,0,22,22,102
02/07/2023,ROW,NM,ASW,CE,Combined TRACON& Tower with Radar,7,4,7,0,18,0,0,5,1,6,7,4,12,1,24,0,0,0,24
02/08/2023,ROW,NM,ASW,CE,Combined TRACON& Tower with Radar,9,6,15,21,51,0,4,24,13,41,9,10,39,34,92,0,0,0,92
02/09/2023,ROW,NM,ASW,CE,Combined TRACON& Tower with Radar,7,0,8,9,24,0,0,7,4,11,7,0,15,13,35,0,11,11,46
02/10/2023,ROW,NM,ASW,CE,Combined TRACON& Tower with Radar,7,0,12,24,43,0,0,10,21,31,7,0,22,45,74,0,0,0,74
02/11/2023,ROW,NM,ASW,CE,Combined TRACON& Tower with Radar,7,0,11,31,49,0,0,9,42,51,7,0,20,73,100,0,0,0,100
02/12/2023,ROW,NM,ASW,CE,Combined TRACON& Tower with Radar,6,0,6,0,12,0,2,13,1,16,6,2,19,1,28,0,0,0,28
02/13/2023,ROW,NM,ASW,CE,Combined TRACON& Tower with Radar,6,0,12,14,32,0,1,7,72,80,6,1,19,86,112,6,126,132,244
02/14/2023,ROW,NM,ASW,CE,Combined TRACON& Tower with Radar,8,2,3,15,28,0,0,4,16,20,8,2,7,31,48,0,0,0,48
02/15/2023,ROW,NM,ASW,CE,Combined TRACON& Tower with Radar,7,0,4,5,16,0,0,5,26,31,7,0,9,31,47,0,0,0,47
02/16/2023,ROW,NM,ASW,CE,Combined TRACON& Tower with Radar,11,6,12,69,98,0,2,13,71,86,11,8,25,140,184,14,40,54,238
02/17/2023,ROW,NM,ASW,CE,Combined TRACON& Tower with Radar,10,0,10,43,63,0,1,13,93,107,10,1,23,136,170,4,44,48,218
02/18/2023,ROW,NM,ASW,CE,Combined TRACON& Tower with Radar,8,0,5,9,22,0,1,13,83,97,8,1,18,92,119,0,44,44,163
02/19/2023,ROW,NM,ASW,CE,Combined TRACON& Tower with Radar,7,5,4,4,20,0,2,7,0,9,7,7,11,4,29,0,0,0,29
02/20/2023,ROW,NM,ASW,CE,Combined TRACON& Tower with Radar,7,4,6,16,33,0,0,10,76,86,7,4,16,92,119,16,174,190,309
02/21/2023,ROW,NM,ASW,CE,Combined TRACON& Tower with Radar,7,6,11,23,47,0,0,6,70,76,7,6,17,93,123,8,58,66,189
02/22/2023,ROW,NM,ASW,CE,Combined TRACON& Tower with Radar,6,2,3,3,14,0,0,3,2,5,6,2,6,5,19,0,0,0,19
02/23/2023,ROW,NM,ASW,CE,Combined TRACON& Tower with Radar,9,7,5,31,52,0,1,13,93,107,9,8,18,124,159,0,0,0,159
02/24/2023,ROW,NM,ASW,CE,Combined TRACON& Tower with Radar,8,3,10,57,78,0,0,10,106,116,8,3,20,163,194,0,0,0,194
02/25/2023,ROW,NM,ASW,CE,Combined TRACON& Tower with Radar,9,3,1,16,29,0,0,11,98,109,9,3,12,114,138,0,34,34,172
02/26/2023,ROW,NM,ASW,CE,Combined TRACON& Tower with Radar,7,2,2,6,17,0,0,1,0,1,7,2,3,6,18,0,0,0,18
02/27/2023,ROW,NM,ASW,CE,Combined TRACON& Tower with Radar,7,2,14,32,55,0,3,6,109,118,7,5,20,141,173,0,86,86,259
02/28/2023,ROW,NM,ASW,CE,Combined TRACON& Tower with Radar,6,8,8,48,70,0,7,10,100,117,6,15,18,148,187,0,180,180,367
03/01/2023,ROW,NM,ASW,CE,Combined TRACON& Tower with Radar,6,0,4,16,26,0,0,10,47,57,6,0,14,63,83,0,6,6,89
03/02/2023,ROW,NM,ASW,CE,Combined TRACON& Tower with Radar,5,0,1,1,7,0,0,3,63,66,5,0,4,64,73,1,48,49,122
03/03/2023,ROW,NM,ASW,CE,Combined TRACON& Tower with Radar,5,1,17,46,69,0,0,11,90,101,5,1,28,136,170,0,0,0,170
03/04/2023,ROW,NM,ASW,CE,Combined TRACON& Tower with Radar,4,1,14,22,41,0,0,12,77,89,4,1,26,99,130,0,18,18,148
03/05/2023,ROW,NM,ASW,CE,Combined TRACON& Tower with Radar,4,1,9,19,33,0,0,4,26,30,4,1,13,45,63,0,48,48,111
03/06/2023,ROW,NM,ASW,CE,Combined TRACON& Tower with Radar,6,2,7,39,54,0,0,11,79,90,6,2,18,118,144,8,12,20,164
03/07/2023,ROW,NM,ASW,CE,Combined TRACON& Tower with Radar,5,5,8,59,77,0,0,7,82,89,5,5,15,141,166,0,0,0,166
03/08/2023,ROW,NM,ASW,CE,Combined TRACON& Tower with Radar,6,1,10,60,77,0,0,9,98,107,6,1,19,158,184,0,0,0,184
03/09/2023,ROW,NM,ASW,CE,Combined TRACON& Tower with Radar,4,4,7,30,45,0,1,9,74,84,4,5,16,104,129,4,16,20,149
03/10/2023,ROW,NM,ASW,CE,Combined TRACON& Tower with Radar,6,2,13,56,77,0,3,13,75,91,6,5,26,131,168,0,10,10,178
03/11/2023,ROW,NM,ASW,CE,Combined TRACON& Tower with Radar,4,3,1,35,43,0,1,11,78,90,4,4,12,113,133,0,0,0,133
03/12/2023,ROW,NM,ASW,CE,Combined TRACON& Tower with Radar,5,1,5,10,21,0,0,10,8,18,5,1,15,18,39,0,0,0,39
03/13/2023,ROW,NM,ASW,CE,Combined TRACON& Tower with Radar,5,0,8,35,48,0,0,11,96,107,5,0,19,131,155,0,40,40,195
03/14/2023,ROW,NM,ASW,CE,Combined TRACON& Tower with Radar,4,4,10,16,34,0,6,13,88,107,4,10,23,104,141,0,0,0,141
03/15/2023,ROW,NM,ASW,CE,Combined TRACON& Tower with Radar,4,3,10,38,55,0,1,8,94,103,4,4,18,132,158,0,0,0,158
03/16/2023,ROW,NM,ASW,CE,Combined TRACON& Tower with Radar,4,3,3,5,15,0,0,2,34,36,4,3,5,39,51,0,0,0,51
03/17/2023,ROW,NM,ASW,CE,Combined TRACON& Tower with Radar,4,7,1,57,69,0,1,7,85,93,4,8,8,142,162,0,0,0,162
03/18/2023,ROW,NM,ASW,CE,Combined TRACON& Tower with Radar,5,8,12,34,59,0,0,8,66,74,5,8,20,100,133,0,0,0,133
03/19/2023,ROW,NM,ASW,CE,Combined TRACON& Tower with Radar,6,1,2,12,21,0,0,5,8,13,6,1,7,20,34,0,0,0,34
03/20/2023,ROW,NM,ASW,CE,Combined TRACON& Tower with Radar,6,5,6,30,47,0,0,8,85,93,6,5,14,115,140,0,116,116,256
03/21/2023,ROW,NM,ASW,CE,Combined TRACON& Tower with Radar,4,2,3,24,33,0,1,6,70,77,4,3,9,94,110,0,4,4,114
03/22/2023,ROW,NM,ASW,CE,Combined TRACON& Tower with Radar,6,6,2,46,60,0,0,4,39,43,6,6,6,85,103,0,11,11,114
03/23/2023,ROW,NM,ASW,CE,Combined TRACON& Tower with Radar,4,5,11,39,59,0,1,6,79,86,4,6,17,118,145,0,0,0,145
03/24/2023,ROW,NM,ASW,CE,Combined TRACON& Tower with Radar,6,8,5,56,75,0,1,7,71,79,6,9,12,127,154,0,10,10,164
03/25/2023,ROW,NM,ASW,CE,Combined TRACON& Tower with Radar,5,2,8,23,38,0,0,10,64,74,5,2,18,87,112,4,0,4,116
03/26/2023,ROW,NM,ASW,CE,Combined TRACON& Tower with Radar,6,1,16,18,41,0,0,12,5,17,6,1,28,23,58,0,0,0,58
03/27/2023,ROW,NM,ASW,CE,Combined TRACON& Tower with Radar,5,2,13,52,72,0,0,22,57,79,5,2,35,109,151,0,32,32,183
03/28/2023,ROW,NM,ASW,CE,Combined TRACON& Tower with Radar,4,1,10,81,96,0,2,11,50,63,4,3,21,131,159,0,0,0,159
03/29/2023,ROW,NM,ASW,CE,Combined TRACON& Tower with Radar,6,2,10,32,50,0,1,8,52,61,6,3,18,84,111,0,77,77,188
03/30/2023,ROW,NM,ASW,CE,Combined TRACON& Tower with Radar,6,4,2,24,36,0,0,4,28,32,6,4,6,52,68,0,60,60,128
03/31/2023,ROW,NM,ASW,CE,Combined TRACON& Tower with Radar,5,9,3,65,82,0,0,8,52,60,5,9,11,117,142,0,0,0,142
04/01/2023,ROW,NM,ASW,CE,Combined TRACON& Tower with Radar,4,2,9,28,43,0,0,15,61,76,4,2,24,89,119,7,26,33,152
04/02/2023,ROW,NM,ASW,CE,Combined TRACON& Tower with Radar,5,1,10,26,42,0,0,6,0,6,5,1,16,26,48,10,42,52,100
04/03/2023,ROW,NM,ASW,CE,Combined TRACON& Tower with Radar,5,8,3,32,48,0,0,6,8,14,5,8,9,40,62,0,44,44,106
04/04/2023,ROW,NM,ASW,CE,Combined TRACON& Tower with Radar,5,4,7,2,18,0,0,3,1,4,5,4,10,3,22,0,0,0,22
04/05/2023,ROW,NM,ASW,CE,Combined TRACON& Tower with Radar,7,6,10,25,48,0,0,14,75,89,7,6,24,100,137,0,0,0,137
04/06/2023,ROW,NM,ASW,CE,Combined TRACON& Tower with Radar,7,3,14,32,56,0,0,12,50,62,7,3,26,82,118,0,0,0,118
04/07/2023,ROW,NM,ASW,CE,Combined TRACON& Tower with Radar,6,0,11,22,39,0,0,22,55,77,6,0,33,77,116,0,0,0,116
04/08/2023,ROW,NM,ASW,CE,Combined TRACON& Tower with Radar,5,5,8,18,36,0,0,20,44,64,5,5,28,62,100,0,0,0,100
04/09/2023,ROW,NM,ASW,CE,Combined TRACON& Tower with Radar,6,6,1,4,17,0,1,13,0,14,6,7,14,4,31,0,0,0,31
04/10/2023,ROW,NM,ASW,CE,Combined TRACON& Tower with Radar,5,5,3,41,54,0,1,18,56,75,5,6,21,97,129,6,0,6,135
04/11/2023,ROW,NM,ASW,CE,Combined TRACON& Tower with Radar,10,2,4,39,55,0,3,13,44,60,10,5,17,83,115,0,0,0,115
04/12/2023,ROW,NM,ASW,CE,Combined TRACON& Tower with Radar,6,1,9,32,48,0,1,18,55,74,6,2,27,87,122,2,10,12,134
04/13/2023,ROW,NM,ASW,CE,Combined TRACON& Tower with Radar,5,0,8,56,69,0,0,9,43,52,5,0,17,99,121,1,10,11,132
04/14/2023,ROW,NM,ASW,CE,Combined TRACON& Tower with Radar,7,3,11,22,43,0,0,15,16,31,7,3,26,38,74,11,0,11,85
04/15/2023,ROW,NM,ASW,CE,Combined TRACON& Tower with Radar,5,6,14,4,29,0,1,31,0,32,5,7,45,4,61,0,0,0,61
04/16/2023,ROW,NM,ASW,CE,Combined TRACON& Tower with Radar,5,8,0,15,28,0,0,12,1,13,5,8,12,16,41,0,0,0,41
04/17/2023,ROW,NM,ASW,CE,Combined TRACON& Tower with Radar,5,7,5,29,46,0,3,9,7,19,5,10,14,36,65,14,0,14,79
04/18/2023,ROW,NM,ASW,CE,Combined TRACON& Tower with Radar,4,1,2,16,23,0,0,7,23,30,4,1,9,39,53,2,44,46,99
04/19/2023,ROW,NM,ASW,CE,Combined TRACON& Tower with Radar,5,2,4,14,25,0,0,3,10,13,5,2,7,24,38,0,34,34,72
04/20/2023,ROW,NM,ASW,CE,Combined TRACON& Tower with Radar,5,2,5,25,37,0,1,10,7,18,5,3,15,32,55,0,14,14,69
04/21/2023,ROW,NM,ASW,CE,Combined TRACON& Tower with Radar,5,3,14,11,33,0,1,7,4,12,5,4,21,15,45,4,0,4,49
04/22/2023,ROW,NM,ASW,CE,Combined TRACON& Tower with Radar,7,4,6,0,17,0,0,15,1,16,7,4,21,1,33,0,0,0,33
04/23/2023,ROW,NM,ASW,CE,Combined TRACON& Tower with Radar,5,2,3,0,10,0,1,6,1,8,5,3,9,1,18,0,0,0,18
04/24/2023,ROW,NM,ASW,CE,Combined TRACON& Tower with Radar,5,5,6,12,28,0,0,4,0,4,5,5,10,12,32,0,0,0,32
04/25/2023,ROW,NM,ASW,CE,Combined TRACON& Tower with Radar,5,5,19,31,60,0,1,13,31,45,5,6,32,62,105,6,20,26,131
04/26/2023,ROW,NM,ASW,CE,Combined TRACON& Tower with Radar,8,3,6,16,33,0,1,5,3,9,8,4,11,19,42,0,0,0,42
04/27/2023,ROW,NM,ASW,CE,Combined TRACON& Tower with Radar,7,1,13,45,66,0,0,17,7,24,7,1,30,52,90,0,0,0,90
04/28/2023,ROW,NM,ASW,CE,Combined TRACON& Tower with Radar,9,9,13,38,69,0,0,11,13,24,9,9,24,51,93,1,0,1,94
04/29/2023,ROW,NM,ASW,CE,Combined TRACON& Tower with Radar,8,6,10,0,24,0,5,16,0,21,8,11,26,0,45,0,0,0,45
04/30/2023,ROW,NM,ASW,CE,Combined TRACON& Tower with Radar,5,6,5,1,17,0,5,16,4,25,5,11,21,5,42,0,0,0,42
05/01/2023,ROW,NM,ASW,CE,Combined TRACON& Tower with Radar,6,4,22,32,64,0,1,10,3,14,6,5,32,35,78,0,34,34,112
05/02/2023,ROW,NM,ASW,CE,Combined TRACON& Tower with Radar,5,8,6,21,40,0,2,9,1,12,5,10,15,22,52,0,18,18,70
05/03/2023,ROW,NM,ASW,CE,Combined TRACON& Tower with Radar,8,6,4,10,28,0,0,10,21,31,8,6,14,31,59,24,14,38,97
05/04/2023,ROW,NM,ASW,CE,Combined TRACON& Tower with Radar,5,3,15,36,59,0,3,11,19,33,5,6,26,55,92,1,24,25,117
05/05/2023,ROW,NM,ASW,CE,Combined TRACON& Tower with Radar,4,7,13,30,54,0,0,8,7,15,4,7,21,37,69,0,0,0,69
05/06/2023,ROW,NM,ASW,CE,Combined TRACON& Tower with Radar,3,0,3,0,6,0,3,14,0,17,3,3,17,0,23,0,0,0,23
05/07/2023,ROW,NM,ASW,CE,Combined TRACON& Tower with Radar,4,1,11,6,22,0,0,12,0,12,4,1,23,6,34,0,0,0,34
05/08/2023,ROW,NM,ASW,CE,Combined TRACON& Tower with Radar,3,10,5,21,39,0,2,13,2,17,3,12,18,23,56,0,0,0,56
05/09/2023,ROW,NM,ASW,CE,Combined TRACON& Tower with Radar,4,4,5,42,55,0,1,18,13,32,4,5,23,55,87,0,50,50,137
05/10/2023,ROW,NM,ASW,CE,Combined TRACON& Tower with Radar,4,7,4,19,34,0,4,8,5,17,4,11,12,24,51,4,36,40,91
05/11/2023,ROW,NM,ASW,CE,Combined TRACON& Tower with Radar,3,3,10,42,58,0,0,8,22,30,3,3,18,64,88,0,40,40,128
05/12/2023,ROW,NM,ASW,CE,Combined TRACON& Tower with Radar,4,5,6,28,43,0,2,15,8,25,4,7,21,36,68,2,0,2,70
05/13/2023,ROW,NM,ASW,CE,Combined TRACON& Tower with Radar,4,5,1,11,21,0,0,5,0,5,4,5,6,11,26,0,0,0,26
05/14/2023,ROW,NM,ASW,CE,Combined TRACON& Tower with Radar,4,4,5,0,13,0,0,6,0,6,4,4,11,0,19,2,0,2,21
05/15/2023,ROW,NM,ASW,CE,Combined TRACON& Tower with Radar,4,1,8,20,33,0,0,3,10,13,4,1,11,30,46,0,0,0,46
05/16/2023,ROW,NM,ASW,CE,Combined TRACON& Tower with Radar,4,4,22,13,43,0,0,21,17,38,4,4,43,30,81,6,36,42,123
05/17/2023,ROW,NM,ASW,CE,Combined TRACON& Tower with Radar,6,5,14,5,30,0,0,15,9,24,6,5,29,14,54,10,4,14,68
05/18/2023,ROW,NM,ASW,CE,Combined TRACON& Tower with Radar,3,9,15,3,30,0,1,12,18,31,3,10,27,21,61,0,0,0,61
05/19/2023,ROW,NM,ASW,CE,Combined TRACON& Tower with Radar,4,4,6,12,26,0,0,10,10,20,4,4,16,22,46,1,0,1,47
05/20/2023,ROW,NM,ASW,CE,Combined TRACON& Tower with Radar,2,2,5,0,9,0,0,4,4,8,2,2,9,4,17,0,0,0,17
05/21/2023,ROW,NM,ASW,CE,Combined TRACON& Tower with Radar,3,5,6,0,14,0,0,9,2,11,3,5,15,2,25,6,0,6,31
05/22/2023,ROW,NM,ASW,CE,Combined TRACON& Tower with Radar,3,2,7,29,41,0,0,4,12,16,3,2,11,41,57,0,4,4,61
05/23/2023,ROW,NM,ASW,CE,Combined TRACON& Tower with Radar,4,6,7,26,43,0,1,23,9,33,4,7,30,35,76,24,10,34,110
05/24/2023,ROW,NM,ASW,CE,Combined TRACON& Tower with Radar,3,0,10,5,18,0,1,10,11,22,3,1,20,16,40,12,8,20,60
05/25/2023,ROW,NM,ASW,CE,Combined TRACON& Tower with Radar,3,6,22,13,44,0,1,10,22,33,3,7,32,35,77,14,18,32,109
05/26/2023,ROW,NM,ASW,CE,Combined TRACON& Tower with Radar,3,7,20,27,57,0,0,7,0,7,3,7,27,27,64,0,0,0,64
05/27/2023,ROW,NM,ASW,CE,Combined TRACON& Tower with Radar,4,4,9,1,18,0,0,8,0,8,4,4,17,1,26,0,0,0,26
05/28/2023,ROW,NM,ASW,CE,Combined TRACON& Tower with Radar,5,4,5,1,15,0,2,6,0,8,5,6,11,1,23,0,0,0,23
05/29/2023,ROW,NM,ASW,CE,Combined TRACON& Tower with Radar,3,7,0,0,10,0,5,12,0,17,3,12,12,0,27,0,0,0,27
05/30/2023,ROW,NM,ASW,CE,Combined TRACON& Tower with Radar,3,3,6,25,37,0,3,10,17,30,3,6,16,42,67,0,18,18,85
05/31/2023,ROW,NM,ASW,CE,Combined TRACON& Tower with Radar,6,4,6,6,22,0,2,10,0,12,6,6,16,6,34,0,0,0,34
06/01/2023,ROW,NM,ASW,CE,Combined TRACON& Tower with Radar,3,10,9,12,34,0,1,3,1,5,3,11,12,13,39,0,0,0,39
06/02/2023,ROW,NM,ASW,CE,Combined TRACON& Tower with Radar,6,14,6,6,32,0,0,11,0,11,6,14,17,6,43,6,0,6,49
06/03/2023,ROW,NM,ASW,CE,Combined TRACON& Tower with Radar,3,7,3,0,13,0,1,22,0,23,3,8,25,0,36,2,0,2,38
06/04/2023,ROW,NM,ASW,CE,Combined TRACON& Tower with Radar,4,8,1,0,13,0,0,9,0,9,4,8,10,0,22,0,0,0,22
06/05/2023,ROW,NM,ASW,CE,Combined TRACON& Tower with Radar,3,3,6,4,16,0,0,12,0,12,3,3,18,4,28,0,0,0,28
06/06/2023,ROW,NM,ASW,CE,Combined TRACON& Tower with Radar,4,11,3,8,26,0,0,16,6,22,4,11,19,14,48,0,40,40,88
06/07/2023,ROW,NM,ASW,CE,Combined TRACON& Tower with Radar,3,5,1,13,22,0,0,9,14,23,3,5,10,27,45,0,0,0,45
06/08/2023,ROW,NM,ASW,CE,Combined TRACON& Tower with Radar,6,2,9,3,20,7,2,13,7,29,13,4,22,10,49,0,0,0,49
06/09/2023,ROW,NM,ASW,CE,Combined TRACON& Tower with Radar,3,15,11,31,60,0,6,4,7,17,3,21,15,38,77,2,0,2,79
06/10/2023,ROW,NM,ASW,CE,Combined TRACON& Tower with Radar,3,7,5,8,23,2,0,10,0,12,5,7,15,8,35,2,8,10,45
06/11/2023,ROW,NM,ASW,CE,Combined TRACON& Tower with Radar,3,4,7,0,14,0,1,15,1,17,3,5,22,1,31,0,0,0,31
06/12/2023,ROW,NM,ASW,CE,Combined TRACON& Tower with Radar,4,5,10,19,38,12,1,13,0,26,16,6,23,19,64,6,14,20,84
06/13/2023,ROW,NM,ASW,CE,Combined TRACON& Tower with Radar,4,7,3,24,38,0,0,13,16,29,4,7,16,40,67,0,10,10,77
06/14/2023,ROW,NM,ASW,CE,Combined TRACON& Tower with Radar,3,6,13,4,26,0,1,8,4,13,3,7,21,8,39,0,0,0,39
06/15/2023,ROW,NM,ASW,CE,Combined TRACON& Tower with Radar,4,1,12,17,34,0,0,16,19,35,4,1,28,36,69,0,0,0,69
06/16/2023,ROW,NM,ASW,CE,Combined TRACON& Tower with Radar,3,7,8,0,18,0,0,13,2,15,3,7,21,2,33,0,0,0,33
06/17/2023,ROW,NM,ASW,CE,Combined TRACON& Tower with Radar,4,2,4,0,10,4,0,9,0,13,8,2,13,0,23,0,0,0,23
06/18/2023,ROW,NM,ASW,CE,Combined TRACON& Tower with Radar,3,2,0,0,5,0,1,7,0,8,3,3,7,0,13,0,0,0,13
06/19/2023,ROW,NM,ASW,CE,Combined TRACON& Tower with Radar,5,4,16,3,28,4,1,30,0,35,9,5,46,3,63,0,0,0,63
06/20/2023,ROW,NM,ASW,CE,Combined TRACON& Tower with Radar,4,5,5,3,17,0,0,20,5,25,4,5,25,8,42,0,0,0,42
06/21/2023,ROW,NM,ASW,CE,Combined TRACON& Tower with Radar,4,8,8,9,29,0,0,11,19,30,4,8,19,28,59,0,0,0,59
06/22/2023,ROW,NM,ASW,CE,Combined TRACON& Tower with Radar,4,3,8,38,53,0,2,7,13,22,4,5,15,51,75,1,74,75,150
06/23/2023,ROW,NM,ASW,CE,Combined TRACON& Tower with Radar,3,7,12,16,38,0,2,15,2,19,3,9,27,18,57,2,0,2,59
06/24/2023,ROW,NM,ASW,CE,Combined TRACON& Tower with Radar,3,4,8,0,15,0,0,15,0,15,3,4,23,0,30,5,0,5,35
06/25/2023,ROW,NM,ASW,CE,Combined TRACON& Tower with Radar,3,4,11,5,23,0,0,12,1,13,3,4,23,6,36,4,0,4,40
06/26/2023,ROW,NM,ASW,CE,Combined TRACON& Tower with Radar,4,7,7,5,23,0,0,11,9,20,4,7,18,14,43,12,0,12,55
06/27/2023,ROW,NM,ASW,CE,Combined TRACON& Tower with Radar,5,5,8,1,19,0,0,21,7,28,5,5,29,8,47,5,0,5,52
06/28/2023,ROW,NM,ASW,CE,Combined TRACON& Tower with Radar,3,7,9,21,40,0,0,12,2,14,3,7,21,23,54,1,26,27,81
06/29/2023,ROW,NM,ASW,CE,Combined TRACON& Tower with Radar,3,3,17,20,43,0,0,27,29,56,3,3,44,49,99,0,0,0,99
06/30/2023,ROW,NM,ASW,CE,Combined TRACON& Tower with Radar,4,6,7,8,25,0,0,19,3,22,4,6,26,11,47,0,0,0,47
07/01/2023,ROW,NM,ASW,CE,Combined TRACON& Tower with Radar,3,6,12,0,21,0,0,16,0,16,3,6,28,0,37,0,0,0,37
07/02/2023,ROW,NM,ASW,CE,Combined TRACON& Tower with Radar,4,7,11,0,22,0,0,5,0,5,4,7,16,0,27,0,0,0,27
07/03/2023,ROW,NM,ASW,CE,Combined TRACON& Tower with Radar,5,3,7,4,19,0,0,13,0,13,5,3,20,4,32,0,0,0,32
07/04/2023,ROW,NM,ASW,CE,Combined TRACON& Tower with Radar,3,3,4,0,10,0,1,2,2,5,3,4,6,2,15,0,0,0,15
07/05/2023,ROW,NM,ASW,CE,Combined TRACON& Tower with Radar,3,0,3,17,23,0,0,4,1,5,3,0,7,18,28,0,22,22,50
07/06/2023,ROW,NM,ASW,CE,Combined TRACON& Tower with Radar,4,11,3,8,26,0,0,3,0,3,4,11,6,8,29,0,0,0,29
07/07/2023,ROW,NM,ASW,CE,Combined TRACON& Tower with Radar,3,0,1,19,23,0,0,6,6,12,3,0,7,25,35,1,0,1,36
07/08/2023,ROW,NM,ASW,CE,Combined TRACON& Tower with Radar,6,6,10,0,22,0,1,10,0,11,6,7,20,0,33,0,0,0,33
07/09/2023,ROW,NM,ASW,CE,Combined TRACON& Tower with Radar,3,3,1,7,14,0,0,12,1,13,3,3,13,8,27,0,0,0,27
07/10/2023,ROW,NM,ASW,CE,Combined TRACON& Tower with Radar,4,4,9,8,25,0,0,11,3,14,4,4,20,11,39,26,14,40,79
07/11/2023,ROW,NM,ASW,CE,Combined TRACON& Tower with Radar,4,5,12,0,21,0,1,6,12,19,4,6,18,12,40,0,0,0,40
07/12/2023,ROW,NM,ASW,CE,Combined TRACON& Tower with Radar,3,6,2,12,23,0,2,10,3,15,3,8,12,15,38,0,0,0,38
07/13/2023,ROW,NM,ASW,CE,Combined TRACON& Tower with Radar,3,5,4,1,13,0,0,8,0,8,3,5,12,1,21,0,0,0,21
07/14/2023,ROW,NM,ASW,CE,Combined TRACON& Tower with Radar,3,8,11,3,25,0,0,14,3,17,3,8,25,6,42,0,0,0,42
07/15/2023,ROW,NM,ASW,CE,Combined TRACON& Tower with Radar,4,4,7,0,15,0,2,12,0,14,4,6,19,0,29,2,0,2,31
07/16/2023,ROW,NM,ASW,CE,Combined TRACON& Tower with Radar,4,4,9,16,33,0,0,5,0,5,4,4,14,16,38,0,0,0,38
07/17/2023,ROW,NM,ASW,CE,Combined TRACON& Tower with Radar,3,5,7,11,26,0,0,11,26,37,3,5,18,37,63,1,8,9,72
07/18/2023,ROW,NM,ASW,CE,Combined TRACON& Tower with Radar,4,5,1,5,15,0,0,8,8,16,4,5,9,13,31,0,0,0,31
07/19/2023,ROW,NM,ASW,CE,Combined TRACON& Tower with Radar,4,2,6,17,29,0,0,13,11,24,4,2,19,28,53,12,5,17,70
07/20/2023,ROW,NM,ASW,CE,Combined TRACON& Tower with Radar,3,3,13,18,37,0,2,13,20,35,3,5,26,38,72,0,0,0,72
07/21/2023,ROW,NM,ASW,CE,Combined TRACON& Tower with Radar,5,2,4,16,27,0,2,11,2,15,5,4,15,18,42,0,0,0,42
07/22/2023,ROW,NM,ASW,CE,Combined TRACON& Tower with Radar,3,5,2,4,14,0,0,11,0,11,3,5,13,4,25,4,0,4,29
07/23/2023,ROW,NM,ASW,CE,Combined TRACON& Tower with Radar,4,2,6,0,12,0,2,15,0,17,4,4,21,0,29,0,0,0,29
07/24/2023,ROW,NM,ASW,CE,Combined TRACON& Tower with Radar,3,10,6,29,48,0,2,10,13,25,3,12,16,42,73,10,18,28,101
07/25/2023,ROW,NM,ASW,CE,Combined TRACON& Tower with Radar,3,0,6,9,18,0,0,12,11,23,3,0,18,20,41,1,20,21,62
07/26/2023,ROW,NM,ASW,CE,Combined TRACON& Tower with Radar,3,2,8,13,26,0,2,19,7,28,3,4,27,20,54,0,52,52,106
07/27/2023,ROW,NM,ASW,CE,Combined TRACON& Tower with Radar,3,2,6,32,43,0,2,13,4,19,3,4,19,36,62,0,0,0,62
07/28/2023,ROW,NM,ASW,CE,Combined TRACON& Tower with Radar,5,5,4,6,20,0,1,14,4,19,5,6,18,10,39,0,0,0,39
07/29/2023,ROW,NM,ASW,CE,Combined TRACON& Tower with Radar,4,1,7,0,12,0,0,17,0,17,4,1,24,0,29,0,0,0,29
07/30/2023,ROW,NM,ASW,CE,Combined TRACON& Tower with Radar,3,3,2,2,10,0,0,5,0,5,3,3,7,2,15,0,0,0,15
07/31/2023,ROW,NM,ASW,CE,Combined TRACON& Tower with Radar,3,1,10,13,27,0,0,11,1,12,3,1,21,14,39,0,0,0,39
08/01/2023,ROW,NM,ASW,CE,Combined TRACON& Tower with Radar,3,1,4,12,20,0,1,8,7,16,3,2,12,19,36,0,0,0,36
08/02/2023,ROW,NM,ASW,CE,Combined TRACON& Tower with Radar,3,2,1,6,12,0,0,14,3,17,3,2,15,9,29,0,0,0,29
08/03/2023,ROW,NM,ASW,CE,Combined TRACON& Tower with Radar,3,1,5,10,19,0,0,10,0,10,3,1,15,10,29,0,8,8,37
08/04/2023,ROW,NM,ASW,CE,Combined TRACON& Tower with Radar,5,2,5,17,29,0,0,8,0,8,5,2,13,17,37,0,0,0,37
08/05/2023,ROW,NM,ASW,CE,Combined TRACON& Tower with Radar,4,12,8,0,24,0,2,14,0,16,4,14,22,0,40,0,0,0,40
08/06/2023,ROW,NM,ASW,CE,Combined TRACON& Tower with Radar,4,3,5,0,12,0,3,16,0,19,4,6,21,0,31,0,0,0,31
08/07/2023,ROW,NM,ASW,CE,Combined TRACON& Tower with Radar,4,6,8,5,23,0,0,4,3,7,4,6,12,8,30,0,0,0,30
08/08/2023,ROW,NM,ASW,CE,Combined TRACON& Tower with Radar,5,5,10,11,31,0,0,7,0,7,5,5,17,11,38,0,0,0,38
08/09/2023,ROW,NM,ASW,CE,Combined TRACON& Tower with Radar,3,7,5,22,37,0,0,14,3,17,3,7,19,25,54,0,4,4,58
08/10/2023,ROW,NM,ASW,CE,Combined TRACON& Tower with Radar,3,6,8,3,20,0,3,9,1,13,3,9,17,4,33,0,0,0,33
08/11/2023,ROW,NM,ASW,CE,Combined TRACON& Tower with Radar,3,6,7,13,29,0,0,18,9,27,3,6,25,22,56,0,0,0,56
08/12/2023,ROW,NM,ASW,CE,Combined TRACON& Tower with Radar,3,7,3,0,13,0,0,5,1,6,3,7,8,1,19,0,0,0,19
08/13/2023,ROW,NM,ASW,CE,Combined TRACON& Tower with Radar,3,5,5,0,13,0,0,2,0,2,3,5,7,0,15,0,0,0,15
08/14/2023,ROW,NM,ASW,CE,Combined TRACON& Tower with Radar,4,3,7,6,20,0,1,4,2,7,4,4,11,8,27,0,10,10,37
08/15/2023,ROW,NM,ASW,CE,Combined TRACON& Tower with Radar,4,4,6,3,17,0,1,11,5,17,4,5,17,8,34,0,0,0,34
08/16/2023,ROW,NM,ASW,CE,Combined TRACON& Tower with Radar,3,2,5,23,33,0,3,8,4,15,3,5,13,27,48,0,28,28,76
08/17/2023,ROW,NM,ASW,CE,Combined TRACON& Tower with Radar,3,5,6,16,30,0,0,8,12,20,3,5,14,28,50,14,0,14,64
08/18/2023,ROW,NM,ASW,CE,Combined TRACON& Tower with Radar,3,4,1,4,12,0,0,13,9,22,3,4,14,13,34,0,20,20,54
08/19/2023,ROW,NM,ASW,CE,Combined TRACON& Tower with Radar,6,5,6,0,17,0,0,13,0,13,6,5,19,0,30,0,0,0,30
08/20/2023,ROW,NM,ASW,CE,Combined TRACON& Tower with Radar,4,1,4,2,11,0,1,6,1,8,4,2,10,3,19,0,0,0,19
08/21/2023,ROW,NM,ASW,CE,Combined TRACON& Tower with Radar,3,2,2,27,34,0,0,4,4,8,3,2,6,31,42,0,20,20,62
08/22/2023,ROW,NM,ASW,CE,Combined TRACON& Tower with Radar,4,7,2,11,24,0,1,7,4,12,4,8,9,15,36,6,58,64,100
08/23/2023,ROW,NM,ASW,CE,Combined TRACON& Tower with Radar,3,11,8,7,29,0,0,7,1,8,3,11,15,8,37,0,0,0,37
08/24/2023,ROW,NM,ASW,CE,Combined TRACON& Tower with Radar,4,7,3,7,21,0,0,8,6,14,4,7,11,13,35,4,0,4,39
08/25/2023,ROW,NM,ASW,CE,Combined TRACON& Tower with Radar,4,6,6,16,32,0,0,9,2,11,4,6,15,18,43,0,0,0,43
08/26/2023,ROW,NM,ASW,CE,Combined TRACON& Tower with Radar,3,4,4,0,11,0,0,16,0,16,3,4,20,0,27,0,0,0,27
08/27/2023,ROW,NM,ASW,CE,Combined TRACON& Tower with Radar,4,3,6,23,36,0,0,13,1,14,4,3,19,24,50,0,0,0,50
08/28/2023,ROW,NM,ASW,CE,Combined TRACON& Tower with Radar,6,6,9,36,57,0,0,7,14,21,6,6,16,50,78,0,26,26,104
08/29/2023,ROW,NM,ASW,CE,Combined TRACON& Tower with Radar,3,6,3,18,30,0,1,9,14,24,3,7,12,32,54,0,14,14,68
08/30/2023,ROW,NM,ASW,CE,Combined TRACON& Tower with Radar,5,3,6,18,32,0,0,10,3,13,5,3,16,21,45,0,18,18,63
08/31/2023,ROW,NM,ASW,CE,Combined TRACON& Tower with Radar,4,4,5,19,32,0,0,9,8,17,4,4,14,27,49,4,12,16,65
