01/01/2000,RST,MN,AGL,CE,Towers with Radar,9,6,10,0,25,0,2,31,0,33,9,8,41,0,58,114,0,114,172
01/02/2000,RST,MN,AGL,CE,Towers with Radar,11,6,0,0,17,0,0,0,0,0,11,6,0,0,17,0,0,0,17
01/03/2000,RST,MN,AGL,CE,Towers with Radar,22,14,14,0,50,0,0,0,0,0,22,14,14,0,50,0,0,0,50
01/04/2000,RST,MN,AGL,CE,Towers with Radar,28,18,21,29,96,0,0,9,23,32,28,18,30,52,128,2,16,18,146
01/05/2000,RST,MN,AGL,CE,Towers with Radar,29,22,15,16,82,0,0,6,1,7,29,22,21,17,89,0,26,26,115
01/06/2000,RST,MN,AGL,CE,Towers with Radar,29,26,33,43,131,0,0,18,6,24,29,26,51,49,155,25,96,121,276
01/07/2000,RST,MN,AGL,CE,Towers with Radar,28,18,32,8,86,1,0,76,3,80,29,18,108,11,166,132,24,156,322
01/08/2000,RST,MN,AGL,CE,Towers with Radar,18,7,12,0,37,0,0,83,0,83,18,7,95,0,120,170,0,170,290
01/09/2000,RST,MN,AGL,CE,Towers with Radar,4,3,5,0,12,0,0,0,0,0,4,3,5,0,12,0,0,0,12
01/10/2000,RST,MN,AGL,CE,Towers with Radar,23,14,26,11,74,0,0,0,2,2,23,14,26,13,76,8,17,25,101
01/11/2000,RST,MN,AGL,CE,Towers with Radar,28,25,47,4,104,0,0,30,0,30,28,25,77,4,134,105,8,113,247
01/12/2000,RST,MN,AGL,CE,Towers with Radar,27,12,38,0,77,0,0,13,0,13,27,12,51,0,90,20,0,20,110
01/13/2000,RST,MN,AGL,CE,Towers with Radar,29,26,47,20,122,0,0,44,0,44,29,26,91,20,166,88,72,160,326
01/14/2000,RST,MN,AGL,CE,Towers with Radar,27,20,37,2,86,6,0,31,2,39,33,20,68,4,125,14,18,32,157
01/15/2000,RST,MN,AGL,CE,Towers with Radar,20,14,36,0,70,0,6,82,0,88,20,20,118,0,158,154,0,154,312
01/16/2000,RST,MN,AGL,CE,Towers with Radar,15,11,14,0,40,0,0,40,0,40,15,11,54,0,80,157,0,157,237
01/17/2000,RST,MN,AGL,CE,Towers with Radar,23,14,18,0,55,4,0,2,0,6,27,14,20,0,61,0,0,0,61
01/18/2000,RST,MN,AGL,CE,Towers with Radar,28,19,48,21,116,0,0,59,1,60,28,19,107,22,176,116,56,172,348
01/19/2000,RST,MN,AGL,CE,Towers with Radar,17,5,20,0,42,0,0,0,0,0,17,5,20,0,42,0,0,0,42
01/20/2000,RST,MN,AGL,CE,Towers with Radar,27,25,25,17,94,0,0,10,3,13,27,25,35,20,107,0,28,28,135
01/21/2000,RST,MN,AGL,CE,Towers with Radar,28,27,32,0,87,2,0,52,1,55,30,27,84,1,142,75,0,75,217
01/22/2000,RST,MN,AGL,CE,Towers with Radar,18,16,26,0,60,0,0,28,1,29,18,16,54,1,89,55,0,55,144
01/23/2000,RST,MN,AGL,CE,Towers with Radar,14,17,27,0,58,0,1,48,0,49,14,18,75,0,107,118,0,118,225
01/24/2000,RST,MN,AGL,CE,Towers with Radar,24,18,8,0,50,0,0,12,0,12,24,18,20,0,62,16,0,16,78
01/25/2000,RST,MN,AGL,CE,Towers with Radar,31,25,40,9,105,0,1,33,0,34,31,26,73,9,139,60,34,94,233
01/26/2000,RST,MN,AGL,CE,Towers with Radar,24,21,33,4,82,4,0,53,4,61,28,21,86,8,143,105,35,140,283
01/27/2000,RST,MN,AGL,CE,Towers with Radar,27,16,26,8,77,0,0,43,6,49,27,16,69,14,126,115,56,171,297
01/28/2000,RST,MN,AGL,CE,Towers with Radar,26,20,30,0,76,0,3,35,0,38,26,23,65,0,114,36,0,36,150
01/29/2000,RST,MN,AGL,CE,Towers with Radar,20,16,25,0,61,0,0,47,0,47,20,16,72,0,108,122,0,122,230
01/30/2000,RST,MN,AGL,CE,Towers with Radar,14,15,34,0,63,0,0,64,0,64,14,15,98,0,127,178,0,178,305
01/31/2000,RST,MN,AGL,CE,Towers with Radar,24,17,29,27,97,3,0,20,4,27,27,17,49,31,124,17,54,71,195
02/01/2000,RST,MN,AGL,CE,Towers with Radar,29,19,42,5,95,1,1,36,2,40,30,20,78,7,135,98,15,113,248
02/02/2000,RST,MN,AGL,CE,Towers with Radar,31,15,43,22,111,0,0,11,2,13,31,15,54,24,124,24,8,32,156
02/03/2000,RST,MN,AGL,CE,Towers with Radar,22,29,31,39,121,0,0,1,5,6,22,29,32,44,127,0,14,14,141
02/04/2000,RST,MN,AGL,CE,Towers with Radar,21,17,12,0,50,0,0,18,0,18,21,17,30,0,68,24,0,24,92
02/05/2000,RST,MN,AGL,CE,Towers with Radar,20,11,20,0,51,2,4,79,0,85,22,15,99,0,136,165,0,165,301
02/06/2000,RST,MN,AGL,CE,Towers with Radar,15,13,33,0,61,0,0,3,0,3,15,13,36,0,64,34,0,34,98
02/07/2000,RST,MN,AGL,CE,Towers with Radar,22,10,30,0,62,1,0,40,0,41,23,10,70,0,103,74,0,74,177
02/08/2000,RST,MN,AGL,CE,Towers with Radar,30,18,70,13,131,0,0,3,5,8,30,18,73,18,139,26,18,44,183
02/09/2000,RST,MN,AGL,CE,Towers with Radar,30,16,40,2,88,0,0,18,2,20,30,16,58,4,108,74,2,76,184
02/10/2000,RST,MN,AGL,CE,Towers with Radar,27,18,17,15,77,0,1,3,5,9,27,19,20,20,86,0,13,13,99
02/11/2000,RST,MN,AGL,CE,Towers with Radar,26,21,40,0,87,0,1,64,0,65,26,22,104,0,152,38,2,40,192
02/12/2000,RST,MN,AGL,CE,Towers with Radar,19,14,12,0,45,0,1,13,0,14,19,15,25,0,59,96,0,96,155
02/13/2000,RST,MN,AGL,CE,Towers with Radar,16,12,13,0,41,0,1,8,0,9,16,13,21,0,50,20,0,20,70
02/14/2000,RST,MN,AGL,CE,Towers with Radar,19,14,26,0,59,4,1,12,0,17,23,15,38,0,76,34,1,35,111
02/15/2000,RST,MN,AGL,CE,Towers with Radar,25,22,39,27,113,0,0,6,1,7,25,22,45,28,120,6,12,18,138
02/16/2000,RST,MN,AGL,CE,Towers with Radar,28,24,44,13,109,0,0,45,5,50,28,24,89,18,159,31,34,65,224
02/17/2000,RST,MN,AGL,CE,Towers with Radar,25,25,24,0,74,0,0,1,0,1,25,25,25,0,75,0,0,0,75
02/18/2000,RST,MN,AGL,CE,Towers with Radar,24,16,21,0,61,0,0,2,0,2,24,16,23,0,63,0,0,0,63
02/19/2000,RST,MN,AGL,CE,Towers with Radar,17,15,22,2,56,0,1,46,0,47,17,16,68,2,103,74,0,74,177
02/20/2000,RST,MN,AGL,CE,Towers with Radar,11,12,33,0,56,0,0,71,0,71,11,12,104,0,127,119,0,119,246
02/21/2000,RST,MN,AGL,CE,Towers with Radar,25,20,34,0,79,0,0,42,0,42,25,20,76,0,121,8,0,8,129
02/22/2000,RST,MN,AGL,CE,Towers with Radar,23,14,26,20,83,2,0,23,2,27,25,14,49,22,110,38,28,66,176
02/23/2000,RST,MN,AGL,CE,Towers with Radar,22,13,24,6,65,0,0,8,0,8,22,13,32,6,73,10,8,18,91
02/24/2000,RST,MN,AGL,CE,Towers with Radar,7,2,16,0,25,0,0,0,0,0,7,2,16,0,25,0,0,0,25
02/25/2000,RST,MN,AGL,CE,Towers with Radar,23,17,55,0,95,0,0,1,0,1,23,17,56,0,96,0,0,0,96
02/26/2000,RST,MN,AGL,CE,Towers with Radar,18,11,23,0,52,0,0,3,0,3,18,11,26,0,55,52,0,52,107
02/27/2000,RST,MN,AGL,CE,Towers with Radar,14,12,32,0,58,0,0,85,0,85,14,12,117,0,143,114,0,114,257
02/28/2000,RST,MN,AGL,CE,Towers with Radar,23,20,23,15,81,0,0,20,1,21,23,20,43,16,102,34,58,92,194
02/29/2000,RST,MN,AGL,CE,Towers with Radar,27,21,28,21,97,0,1,20,11,32,27,22,48,32,129,70,118,188,317
03/01/2000,RST,MN,AGL,CE,Towers with Radar,30,28,40,18,116,0,0,22,0,22,30,28,62,18,138,28,36,64,202
03/02/2000,RST,MN,AGL,CE,Towers with Radar,28,25,34,5,92,0,0,63,0,63,28,25,97,5,155,72,18,90,245
03/03/2000,RST,MN,AGL,CE,Towers with Radar,28,19,36,0,83,0,0,92,0,92,28,19,128,0,175,84,0,84,259
03/04/2000,RST,MN,AGL,CE,Towers with Radar,18,14,24,2,58,0,0,73,0,73,18,14,97,2,131,166,6,172,303
03/05/2000,RST,MN,AGL,CE,Towers with Radar,14,15,39,4,72,0,0,75,2,77,14,15,114,6,149,62,12,74,223
03/06/2000,RST,MN,AGL,CE,Towers with Radar,43,14,22,4,83,0,1,26,0,27,43,15,48,4,110,70,2,72,182
03/07/2000,RST,MN,AGL,CE,Towers with Radar,29,17,48,10,104,1,0,29,4,34,30,17,77,14,138,26,19,45,183
03/08/2000,RST,MN,AGL,CE,Towers with Radar,26,15,23,26,90,0,1,9,0,10,26,16,32,26,100,0,58,58,158
03/09/2000,RST,MN,AGL,CE,Towers with Radar,27,20,28,2,77,0,0,6,0,6,27,20,34,2,83,0,2,2,85
03/10/2000,RST,MN,AGL,CE,Towers with Radar,27,14,47,2,90,0,0,46,0,46,27,14,93,2,136,56,0,56,192
03/11/2000,RST,MN,AGL,CE,Towers with Radar,19,12,26,0,57,0,0,83,0,83,19,12,109,0,140,160,0,160,300
03/12/2000,RST,MN,AGL,CE,Towers with Radar,15,13,15,0,43,0,0,12,0,12,15,13,27,0,55,38,0,38,93
03/13/2000,RST,MN,AGL,CE,Towers with Radar,22,16,17,11,66,2,0,21,4,27,24,16,38,15,93,65,28,93,186
03/14/2000,RST,MN,AGL,CE,Towers with Radar,28,13,34,7,82,0,0,38,7,45,28,13,72,14,127,99,56,155,282
03/15/2000,RST,MN,AGL,CE,Towers with Radar,30,22,33,42,127,0,0,21,0,21,30,22,54,42,148,2,41,43,191
03/16/2000,RST,MN,AGL,CE,Towers with Radar,30,18,52,0,100,0,2,46,0,48,30,20,98,0,148,74,0,74,222
03/17/2000,RST,MN,AGL,CE,Towers with Radar,27,17,41,0,85,0,5,61,0,66,27,22,102,0,151,76,0,76,227
03/18/2000,RST,MN,AGL,CE,Towers with Radar,20,12,2,0,34,0,0,0,0,0,20,12,2,0,34,0,0,0,34
03/19/2000,RST,MN,AGL,CE,Towers with Radar,15,13,19,0,47,0,0,10,0,10,15,13,29,0,57,18,0,18,75
03/20/2000,RST,MN,AGL,CE,Towers with Radar,24,17,42,0,83,0,0,0,0,0,24,17,42,0,83,0,0,0,83
03/21/2000,RST,MN,AGL,CE,Towers with Radar,18,21,66,12,117,0,0,4,0,4,18,21,70,12,121,0,0,0,121
03/22/2000,RST,MN,AGL,CE,Towers with Radar,30,20,48,12,110,0,2,24,3,29,30,22,72,15,139,50,0,50,189
03/23/2000,RST,MN,AGL,CE,Towers with Radar,27,13,60,16,116,0,0,29,0,29,27,13,89,16,145,40,44,84,229
03/24/2000,RST,MN,AGL,CE,Towers with Radar,25,14,33,0,72,0,5,0,0,5,25,19,33,0,77,1,0,1,78
03/25/2000,RST,MN,AGL,CE,Towers with Radar,21,17,26,0,64,0,0,14,0,14,21,17,40,0,78,36,0,36,114
03/26/2000,RST,MN,AGL,CE,Towers with Radar,15,13,22,0,50,0,0,51,0,51,15,13,73,0,101,122,0,122,223
03/27/2000,RST,MN,AGL,CE,Towers with Radar,23,16,34,6,79,1,5,22,2,30,24,21,56,8,109,36,34,70,179
03/28/2000,RST,MN,AGL,CE,Towers with Radar,28,14,70,0,112,0,0,64,0,64,28,14,134,0,176,20,0,20,196
03/29/2000,RST,MN,AGL,CE,Towers with Radar,31,21,45,0,97,0,0,68,0,68,31,21,113,0,165,148,0,148,313
03/30/2000,RST,MN,AGL,CE,Towers with Radar,28,19,59,19,125,0,0,68,0,68,28,19,127,19,193,78,60,138,331
03/31/2000,RST,MN,AGL,CE,Towers with Radar,28,23,39,0,90,0,0,69,0,69,28,23,108,0,159,174,0,174,333
04/01/2000,RST,MN,AGL,CE,Towers with Radar,20,19,30,0,69,0,0,110,0,110,20,19,140,0,179,136,0,136,315
04/02/2000,RST,MN,AGL,CE,Towers with Radar,20,6,22,0,48,0,0,28,0,28,20,6,50,0,76,16,0,16,92
04/03/2000,RST,MN,AGL,CE,Towers with Radar,22,16,34,9,81,0,0,4,0,4,22,16,38,9,85,2,8,10,95
04/04/2000,RST,MN,AGL,CE,Towers with Radar,26,17,44,24,111,0,0,38,4,42,26,17,82,28,153,42,52,94,247
04/05/2000,RST,MN,AGL,CE,Towers with Radar,29,23,52,2,106,0,0,15,0,15,29,23,67,2,121,0,0,0,121
04/06/2000,RST,MN,AGL,CE,Towers with Radar,27,26,48,8,109,0,8,36,0,44,27,34,84,8,153,0,18,18,171
04/07/2000,RST,MN,AGL,CE,Towers with Radar,25,21,14,0,60,0,0,3,0,3,25,21,17,0,63,0,0,0,63
04/08/2000,RST,MN,AGL,CE,Towers with Radar,19,13,24,1,57,0,2,76,0,78,19,15,100,1,135,202,0,202,337
04/09/2000,RST,MN,AGL,CE,Towers with Radar,17,16,46,0,79,0,0,45,0,45,17,16,91,0,124,112,0,112,236
04/10/2000,RST,MN,AGL,CE,Towers with Radar,34,13,29,0,76,0,0,16,0,16,34,13,45,0,92,0,68,68,160
04/11/2000,RST,MN,AGL,CE,Towers with Radar,26,24,37,21,108,1,0,12,3,16,27,24,49,24,124,0,17,17,141
04/12/2000,RST,MN,AGL,CE,Towers with Radar,36,19,38,0,93,0,1,27,0,28,36,20,65,0,121,48,0,48,169
04/13/2000,RST,MN,AGL,CE,Towers with Radar,27,22,35,0,84,0,0,36,0,36,27,22,71,0,120,89,0,89,209
04/14/2000,RST,MN,AGL,CE,Towers with Radar,25,17,42,3,87,0,0,43,1,44,25,17,85,4,131,69,4,73,204
04/15/2000,RST,MN,AGL,CE,Towers with Radar,16,16,18,30,80,0,0,15,0,15,16,16,33,30,95,56,6,62,157
04/16/2000,RST,MN,AGL,CE,Towers with Radar,16,10,31,0,57,0,0,0,0,0,16,10,31,0,57,0,0,0,57
04/17/2000,RST,MN,AGL,CE,Towers with Radar,25,13,35,0,73,0,0,0,0,0,25,13,35,0,73,0,0,0,73
04/18/2000,RST,MN,AGL,CE,Towers with Radar,28,13,57,24,122,0,3,35,3,41,28,16,92,27,163,80,10,90,253
04/19/2000,RST,MN,AGL,CE,Towers with Radar,27,12,41,0,80,0,0,8,0,8,27,12,49,0,88,0,0,0,88
04/20/2000,RST,MN,AGL,CE,Towers with Radar,22,17,48,3,90,0,1,8,1,10,22,18,56,4,100,0,0,0,100
04/21/2000,RST,MN,AGL,CE,Towers with Radar,27,16,22,0,65,0,2,137,0,139,27,18,159,0,204,258,0,258,462
04/22/2000,RST,MN,AGL,CE,Towers with Radar,19,13,11,0,43,0,0,99,0,99,19,13,110,0,142,148,2,150,292
04/23/2000,RST,MN,AGL,CE,Towers with Radar,15,14,17,0,46,0,0,75,0,75,15,14,92,0,121,90,0,90,211
04/24/2000,RST,MN,AGL,CE,Towers with Radar,23,14,64,0,101,0,1,69,0,70,23,15,133,0,171,94,0,94,265
04/25/2000,RST,MN,AGL,CE,Towers with Radar,26,18,51,17,112,1,0,62,4,67,27,18,113,21,179,95,47,142,321
04/26/2000,RST,MN,AGL,CE,Towers with Radar,35,27,44,6,112,0,0,91,12,103,35,27,135,18,215,136,40,176,391
04/27/2000,RST,MN,AGL,CE,Towers with Radar,28,19,44,0,91,0,0,61,1,62,28,19,105,1,153,122,0,122,275
04/28/2000,RST,MN,AGL,CE,Towers with Radar,27,10,30,0,67,0,2,53,0,55,27,12,83,0,122,76,0,76,198
04/29/2000,RST,MN,AGL,CE,Towers with Radar,19,14,24,0,57,0,0,60,2,62,19,14,84,2,119,58,0,58,177
04/30/2000,RST,MN,AGL,CE,Towers with Radar,19,12,36,0,67,0,1,68,0,69,19,13,104,0,136,88,0,88,224
05/01/2000,RST,MN,AGL,CE,Towers with Radar,25,9,25,0,59,0,0,61,0,61,25,9,86,0,120,86,0,86,206
05/02/2000,RST,MN,AGL,CE,Towers with Radar,27,18,31,8,84,0,0,98,9,107,27,18,129,17,191,120,32,152,343
05/03/2000,RST,MN,AGL,CE,Towers with Radar,33,17,26,7,83,0,0,62,0,62,33,17,88,7,145,114,10,124,269
05/04/2000,RST,MN,AGL,CE,Towers with Radar,28,14,44,24,110,0,0,45,0,45,28,14,89,24,155,76,25,101,256
05/05/2000,RST,MN,AGL,CE,Towers with Radar,28,11,19,0,58,0,0,42,0,42,28,11,61,0,100,29,0,29,129
05/06/2000,RST,MN,AGL,CE,Towers with Radar,21,8,15,4,48,0,0,29,0,29,21,8,44,4,77,10,0,10,87
05/07/2000,RST,MN,AGL,CE,Towers with Radar,19,15,42,0,76,0,0,34,0,34,19,15,76,0,110,71,0,71,181
05/08/2000,RST,MN,AGL,CE,Towers with Radar,23,15,44,4,86,0,0,10,0,10,23,15,54,4,96,19,0,19,115
05/09/2000,RST,MN,AGL,CE,Towers with Radar,31,18,41,4,94,0,0,38,0,38,31,18,79,4,132,62,0,62,194
05/10/2000,RST,MN,AGL,CE,Towers with Radar,31,10,24,13,78,0,0,27,4,31,31,10,51,17,109,24,18,42,151
05/11/2000,RST,MN,AGL,CE,Towers with Radar,21,15,19,34,89,0,1,4,0,5,21,16,23,34,94,0,0,0,94
05/12/2000,RST,MN,AGL,CE,Towers with Radar,29,15,29,6,79,0,1,34,0,35,29,16,63,6,114,58,0,58,172
05/13/2000,RST,MN,AGL,CE,Towers with Radar,20,8,15,0,43,0,0,12,0,12,20,8,27,0,55,32,0,32,87
05/14/2000,RST,MN,AGL,CE,Towers with Radar,19,12,27,0,58,0,0,47,0,47,19,12,74,0,105,72,0,72,177
05/15/2000,RST,MN,AGL,CE,Towers with Radar,24,12,50,0,86,0,1,49,0,50,24,13,99,0,136,74,0,74,210
05/16/2000,RST,MN,AGL,CE,Towers with Radar,30,12,61,16,119,0,0,57,2,59,30,12,118,18,178,64,14,78,256
05/17/2000,RST,MN,AGL,CE,Towers with Radar,25,12,43,2,82,0,0,13,0,13,25,12,56,2,95,0,0,0,95
05/18/2000,RST,MN,AGL,CE,Towers with Radar,27,14,41,2,84,0,0,9,3,12,27,14,50,5,96,0,2,2,98
05/19/2000,RST,MN,AGL,CE,Towers with Radar,28,15,48,10,101,0,0,72,0,72,28,15,120,10,173,158,8,166,339
05/20/2000,RST,MN,AGL,CE,Towers with Radar,22,10,33,0,65,0,0,83,0,83,22,10,116,0,148,150,0,150,298
05/21/2000,RST,MN,AGL,CE,Towers with Radar,20,13,39,0,72,0,0,29,0,29,20,13,68,0,101,75,0,75,176
05/22/2000,RST,MN,AGL,CE,Towers with Radar,22,14,28,3,67,0,0,20,0,20,22,14,48,3,87,30,0,30,117
05/23/2000,RST,MN,AGL,CE,Towers with Radar,28,22,43,0,93,0,0,54,0,54,28,22,97,0,147,126,0,126,273
05/24/2000,RST,MN,AGL,CE,Towers with Radar,29,12,38,23,102,1,0,26,0,27,30,12,64,23,129,90,32,122,251
05/25/2000,RST,MN,AGL,CE,Towers with Radar,26,18,31,14,89,0,0,53,3,56,26,18,84,17,145,78,16,94,239
05/26/2000,RST,MN,AGL,CE,Towers with Radar,28,10,33,4,75,2,0,39,0,41,30,10,72,4,116,34,0,34,150
05/27/2000,RST,MN,AGL,CE,Towers with Radar,18,7,38,0,63,0,0,1,0,1,18,7,39,0,64,0,0,0,64
05/28/2000,RST,MN,AGL,CE,Towers with Radar,11,12,40,0,63,0,0,10,0,10,11,12,50,0,73,10,0,10,83
05/29/2000,RST,MN,AGL,CE,Towers with Radar,15,10,17,0,42,0,0,13,0,13,15,10,30,0,55,38,0,38,93
05/30/2000,RST,MN,AGL,CE,Towers with Radar,22,11,32,26,91,0,0,10,0,10,22,11,42,26,101,4,36,40,141
05/31/2000,RST,MN,AGL,CE,Towers with Radar,29,11,42,4,86,0,2,9,2,13,29,13,51,6,99,8,6,14,113
06/01/2000,RST,MN,AGL,CE,Towers with Radar,24,13,38,0,75,0,0,15,0,15,24,13,53,0,90,2,0,2,92
06/02/2000,RST,MN,AGL,CE,Towers with Radar,25,12,42,0,79,1,0,74,0,75,26,12,116,0,154,83,0,83,237
06/03/2000,RST,MN,AGL,CE,Towers with Radar,20,7,16,0,43,1,5,74,0,80,21,12,90,0,123,117,0,117,240
06/04/2000,RST,MN,AGL,CE,Towers with Radar,16,10,34,0,60,1,0,2,0,3,17,10,36,0,63,0,0,0,63
06/05/2000,RST,MN,AGL,CE,Towers with Radar,22,14,19,0,55,1,0,59,0,60,23,14,78,0,115,90,0,90,205
06/06/2000,RST,MN,AGL,CE,Towers with Radar,27,15,34,12,88,1,4,70,0,75,28,19,104,12,163,88,30,118,281
06/07/2000,RST,MN,AGL,CE,Towers with Radar,28,11,36,8,83,1,0,31,2,34,29,11,67,10,117,75,23,98,215
06/08/2000,RST,MN,AGL,CE,Towers with Radar,27,12,53,0,92,4,4,60,0,68,31,16,113,0,160,115,0,115,275
06/09/2000,RST,MN,AGL,CE,Towers with Radar,28,8,27,1,64,1,3,55,0,59,29,11,82,1,123,82,0,82,205
06/10/2000,RST,MN,AGL,CE,Towers with Radar,21,5,10,0,36,1,0,16,0,17,22,5,26,0,53,7,0,7,60
06/11/2000,RST,MN,AGL,CE,Towers with Radar,15,10,35,1,61,1,0,81,0,82,16,10,116,1,143,121,0,121,264
06/12/2000,RST,MN,AGL,CE,Towers with Radar,22,9,15,0,46,1,0,13,0,14,23,9,28,0,60,41,0,41,101
06/13/2000,RST,MN,AGL,CE,Towers with Radar,25,11,23,4,63,1,0,1,0,2,26,11,24,4,65,0,4,4,69
06/14/2000,RST,MN,AGL,CE,Towers with Radar,28,13,28,14,83,1,0,16,0,17,29,13,44,14,100,0,6,6,106
06/15/2000,RST,MN,AGL,CE,Towers with Radar,26,11,56,5,98,1,0,31,0,32,27,11,87,5,130,92,25,117,247
06/16/2000,RST,MN,AGL,CE,Towers with Radar,25,6,39,3,73,1,0,47,0,48,26,6,86,3,121,82,8,90,211
06/17/2000,RST,MN,AGL,CE,Towers with Radar,17,6,40,0,63,1,0,117,0,118,18,6,157,0,181,140,0,140,321
06/18/2000,RST,MN,AGL,CE,Towers with Radar,16,9,32,0,57,1,0,68,0,69,17,9,100,0,126,108,0,108,234
06/19/2000,RST,MN,AGL,CE,Towers with Radar,23,13,42,9,87,1,0,66,0,67,24,13,108,9,154,112,26,138,292
06/20/2000,RST,MN,AGL,CE,Towers with Radar,25,14,33,18,90,1,0,43,0,44,26,14,76,18,134,87,44,131,265
06/21/2000,RST,MN,AGL,CE,Towers with Radar,29,13,35,8,85,1,0,25,0,26,30,13,60,8,111,18,46,64,175
06/22/2000,RST,MN,AGL,CE,Towers with Radar,29,12,47,9,97,0,0,73,19,92,29,12,120,28,189,200,96,296,485
06/23/2000,RST,MN,AGL,CE,Towers with Radar,26,5,32,0,63,0,1,24,0,25,26,6,56,0,88,82,0,82,170
06/24/2000,RST,MN,AGL,CE,Towers with Radar,21,12,28,7,68,0,1,57,0,58,21,13,85,7,126,88,0,88,214
06/25/2000,RST,MN,AGL,CE,Towers with Radar,15,7,26,5,53,0,0,78,0,78,15,7,104,5,131,74,8,82,213
06/26/2000,RST,MN,AGL,CE,Towers with Radar,22,11,31,0,64,0,0,68,0,68,22,11,99,0,132,110,0,110,242
06/27/2000,RST,MN,AGL,CE,Towers with Radar,28,14,42,10,94,0,0,106,0,106,28,14,148,10,200,182,32,214,414
06/28/2000,RST,MN,AGL,CE,Towers with Radar,31,15,52,9,107,0,0,47,13,60,31,15,99,22,167,126,62,188,355
06/29/2000,RST,MN,AGL,CE,Towers with Radar,28,15,45,7,95,0,3,117,1,121,28,18,162,8,216,129,14,143,359
06/30/2000,RST,MN,AGL,CE,Towers with Radar,29,17,47,0,93,0,2,94,0,96,29,19,141,0,189,87,0,87,276
07/01/2000,RST,MN,AGL,CE,Combined TRACON& Tower with Radar,20,19,19,0,58,1,0,89,0,90,21,19,108,0,148,84,0,84,232
07/02/2000,RST,MN,AGL,CE,Combined TRACON& Tower with Radar,13,8,12,0,33,1,0,26,0,27,14,8,38,0,60,41,0,41,101
07/03/2000,RST,MN,AGL,CE,Combined TRACON& Tower with Radar,25,11,31,0,67,1,0,19,0,20,26,11,50,0,87,36,0,36,123
07/04/2000,RST,MN,AGL,CE,Combined TRACON& Tower with Radar,18,12,31,0,61,1,0,28,0,29,19,12,59,0,90,64,0,64,154
07/05/2000,RST,MN,AGL,CE,Combined TRACON& Tower with Radar,26,7,49,10,92,0,0,3,30,33,26,7,52,40,125,40,46,86,211
07/06/2000,RST,MN,AGL,CE,Combined TRACON& Tower with Radar,32,13,35,32,112,1,0,50,2,53,33,13,85,34,165,96,59,155,320
07/07/2000,RST,MN,AGL,CE,Combined TRACON& Tower with Radar,27,17,34,2,80,1,0,41,0,42,28,17,75,2,122,16,0,16,138
07/08/2000,RST,MN,AGL,CE,Combined TRACON& Tower with Radar,21,7,10,0,38,0,1,79,0,80,21,8,89,0,118,154,0,154,272
07/09/2000,RST,MN,AGL,CE,Combined TRACON& Tower with Radar,16,6,28,2,52,0,1,53,1,55,16,7,81,3,107,131,2,133,240
07/10/2000,RST,MN,AGL,CE,Combined TRACON& Tower with Radar,23,11,52,0,86,0,0,70,0,70,23,11,122,0,156,132,0,132,288
07/11/2000,RST,MN,AGL,CE,Combined TRACON& Tower with Radar,28,9,39,14,90,0,1,65,0,66,28,10,104,14,156,101,46,147,303
07/12/2000,RST,MN,AGL,CE,Combined TRACON& Tower with Radar,29,10,30,15,84,0,1,30,0,31,29,11,60,15,115,68,0,68,183
07/13/2000,RST,MN,AGL,CE,Combined TRACON& Tower with Radar,28,7,31,0,66,0,2,69,0,71,28,9,100,0,137,90,0,90,227
07/14/2000,RST,MN,AGL,CE,Combined TRACON& Tower with Radar,29,16,36,0,81,0,1,84,0,85,29,17,120,0,166,66,0,66,232
07/15/2000,RST,MN,AGL,CE,Combined TRACON& Tower with Radar,21,9,20,2,52,0,1,117,0,118,21,10,137,2,170,218,2,220,390
07/16/2000,RST,MN,AGL,CE,Combined TRACON& Tower with Radar,17,8,25,0,50,0,1,81,0,82,17,9,106,0,132,220,0,220,352
07/17/2000,RST,MN,AGL,CE,Combined TRACON& Tower with Radar,22,7,33,12,74,0,1,86,0,87,22,8,119,12,161,184,20,204,365
07/18/2000,RST,MN,AGL,CE,Combined TRACON& Tower with Radar,28,12,43,14,97,0,3,34,0,37,28,15,77,14,134,66,30,96,230
07/19/2000,RST,MN,AGL,CE,Combined TRACON& Tower with Radar,29,15,41,2,87,2,2,33,0,37,31,17,74,2,124,109,0,109,233
07/20/2000,RST,MN,AGL,CE,Combined TRACON& Tower with Radar,34,15,31,7,87,0,0,80,1,81,34,15,111,8,168,104,22,126,294
07/21/2000,RST,MN,AGL,CE,Combined TRACON& Tower with Radar,28,17,27,0,72,2,0,99,0,101,30,17,126,0,173,191,0,191,364
07/22/2000,RST,MN,AGL,CE,Combined TRACON& Tower with Radar,20,6,28,0,54,0,0,88,0,88,20,6,116,0,142,256,0,256,398
07/23/2000,RST,MN,AGL,CE,Combined TRACON& Tower with Radar,20,10,40,0,70,0,0,123,0,123,20,10,163,0,193,222,0,222,415
07/24/2000,RST,MN,AGL,CE,Combined TRACON& Tower with Radar,23,12,31,7,73,0,0,50,3,53,23,12,81,10,126,110,14,124,250
07/25/2000,RST,MN,AGL,CE,Combined TRACON& Tower with Radar,24,16,37,28,105,0,0,53,0,53,24,16,90,28,158,72,48,120,278
07/26/2000,RST,MN,AGL,CE,Combined TRACON& Tower with Radar,24,13,36,2,75,4,1,88,0,93,28,14,124,2,168,94,2,96,264
07/27/2000,RST,MN,AGL,CE,Combined TRACON& Tower with Radar,27,21,53,19,120,1,0,133,0,134,28,21,186,19,254,178,43,221,475
07/28/2000,RST,MN,AGL,CE,Combined TRACON& Tower with Radar,23,16,51,2,92,0,0,72,0,72,23,16,123,2,164,92,0,92,256
07/29/2000,RST,MN,AGL,CE,Combined TRACON& Tower with Radar,18,10,31,0,59,0,0,46,0,46,18,10,77,0,105,43,0,43,148
07/30/2000,RST,MN,AGL,CE,Combined TRACON& Tower with Radar,17,15,36,0,68,0,1,85,0,86,17,16,121,0,154,136,0,136,290
07/31/2000,RST,MN,AGL,CE,Combined TRACON& Tower with Radar,21,11,46,7,85,0,1,82,5,88,21,12,128,12,173,108,72,180,353
08/01/2000,RST,MN,AGL,CE,Combined TRACON& Tower with Radar,25,15,39,4,83,0,0,40,0,40,25,15,79,4,123,101,17,118,241
08/02/2000,RST,MN,AGL,CE,Combined TRACON& Tower with Radar,27,17,36,24,104,0,0,88,0,88,27,17,124,24,192,206,52,258,450
08/03/2000,RST,MN,AGL,CE,Combined TRACON& Tower with Radar,29,16,35,8,88,0,0,70,0,70,29,16,105,8,158,184,9,193,351
08/04/2000,RST,MN,AGL,CE,Combined TRACON& Tower with Radar,27,16,30,0,73,0,0,80,1,81,27,16,110,1,154,280,0,280,434
08/05/2000,RST,MN,AGL,CE,Combined TRACON& Tower with Radar,17,6,30,1,54,0,0,7,0,7,17,6,37,1,61,0,0,0,61
08/06/2000,RST,MN,AGL,CE,Combined TRACON& Tower with Radar,19,12,14,0,45,0,0,76,1,77,19,12,90,1,122,175,0,175,297
08/07/2000,RST,MN,AGL,CE,Combined TRACON& Tower with Radar,18,18,41,3,80,0,0,82,1,83,18,18,123,4,163,116,12,128,291
08/08/2000,RST,MN,AGL,CE,Combined TRACON& Tower with Radar,27,18,57,4,106,0,0,33,3,36,27,18,90,7,142,38,9,47,189
08/09/2000,RST,MN,AGL,CE,Combined TRACON& Tower with Radar,29,17,47,0,93,3,0,76,0,79,32,17,123,0,172,122,0,122,294
08/10/2000,RST,MN,AGL,CE,Combined TRACON& Tower with Radar,27,16,59,0,102,0,1,108,0,109,27,17,167,0,211,196,0,196,407
08/11/2000,RST,MN,AGL,CE,Combined TRACON& Tower with Radar,27,24,31,0,82,0,0,80,0,80,27,24,111,0,162,184,0,184,346
08/12/2000,RST,MN,AGL,CE,Combined TRACON& Tower with Radar,21,8,13,0,42,0,0,48,0,48,21,8,61,0,90,58,0,58,148
08/13/2000,RST,MN,AGL,CE,Combined TRACON& Tower with Radar,15,13,50,0,78,0,1,45,0,46,15,14,95,0,124,64,0,64,188
08/14/2000,RST,MN,AGL,CE,Combined TRACON& Tower with Radar,24,11,34,0,69,0,0,26,0,26,24,11,60,0,95,111,0,111,206
08/15/2000,RST,MN,AGL,CE,Combined TRACON& Tower with Radar,29,21,46,11,107,0,0,75,6,81,29,21,121,17,188,142,32,174,362
08/16/2000,RST,MN,AGL,CE,Combined TRACON& Tower with Radar,28,14,43,15,100,0,0,34,4,38,28,14,77,19,138,64,14,78,216
08/17/2000,RST,MN,AGL,CE,Combined TRACON& Tower with Radar,29,23,86,1,139,0,0,24,1,25,29,23,110,2,164,68,0,68,232
08/18/2000,RST,MN,AGL,CE,Combined TRACON& Tower with Radar,23,14,39,1,77,3,5,91,0,99,26,19,130,1,176,174,0,174,350
08/19/2000,RST,MN,AGL,CE,Combined TRACON& Tower with Radar,21,11,25,0,57,1,0,91,1,93,22,11,116,1,150,146,4,150,300
08/20/2000,RST,MN,AGL,CE,Combined TRACON& Tower with Radar,18,12,36,0,66,0,0,39,0,39,18,12,75,0,105,48,0,48,153
08/21/2000,RST,MN,AGL,CE,Combined TRACON& Tower with Radar,25,18,53,8,104,0,0,32,4,36,25,18,85,12,140,133,19,152,292
08/22/2000,RST,MN,AGL,CE,Combined TRACON& Tower with Radar,29,19,33,26,107,0,1,32,0,33,29,20,65,26,140,72,0,72,212
08/23/2000,RST,MN,AGL,CE,Combined TRACON& Tower with Radar,23,10,34,0,67,0,0,56,0,56,23,10,90,0,123,170,0,170,293
08/24/2000,RST,MN,AGL,CE,Combined TRACON& Tower with Radar,30,9,45,10,94,0,4,84,0,88,30,13,129,10,182,152,35,187,369
08/25/2000,RST,MN,AGL,CE,Combined TRACON& Tower with Radar,29,18,34,0,81,0,1,30,0,31,29,19,64,0,112,108,0,108,220
08/26/2000,RST,MN,AGL,CE,Combined TRACON& Tower with Radar,21,13,58,0,92,0,0,52,0,52,21,13,110,0,144,96,0,96,240
08/27/2000,RST,MN,AGL,CE,Combined TRACON& Tower with Radar,21,16,50,0,87,0,0,56,0,56,21,16,106,0,143,113,0,113,256
08/28/2000,RST,MN,AGL,CE,Combined TRACON& Tower with Radar,24,13,54,0,91,0,1,0,0,1,24,14,54,0,92,0,0,0,92
08/29/2000,RST,MN,AGL,CE,Combined TRACON& Tower with Radar,28,10,43,26,107,0,0,76,5,81,28,10,119,31,188,150,76,226,414
08/30/2000,RST,MN,AGL,CE,Combined TRACON& Tower with Radar,30,11,42,27,110,0,0,31,8,39,30,11,73,35,149,72,54,126,275
08/31/2000,RST,MN,AGL,CE,Combined TRACON& Tower with Radar,24,9,71,21,125,1,3,38,7,49,25,12,109,28,174,46,43,89,263
09/01/2000,RST,MN,AGL,CE,Combined TRACON& Tower with Radar,27,10,43,0,80,0,0,7,0,7,27,10,50,0,87,0,0,0,87
09/02/2000,RST,MN,AGL,CE,Combined TRACON& Tower with Radar,19,10,3,0,32,0,0,0,0,0,19,10,3,0,32,0,0,0,32
09/03/2000,RST,MN,AGL,CE,Combined TRACON& Tower with Radar,15,6,31,0,52,0,0,6,0,6,15,6,37,0,58,28,0,28,86
09/04/2000,RST,MN,AGL,CE,Combined TRACON& Tower with Radar,17,13,29,0,59,0,0,32,0,32,17,13,61,0,91,84,0,84,175
09/05/2000,RST,MN,AGL,CE,Combined TRACON& Tower with Radar,24,21,28,8,81,0,0,74,0,74,24,21,102,8,155,164,40,204,359
09/06/2000,RST,MN,AGL,CE,Combined TRACON& Tower with Radar,38,10,34,12,94,1,2,83,0,86,39,12,117,12,180,109,26,135,315
09/07/2000,RST,MN,AGL,CE,Combined TRACON& Tower with Radar,27,16,56,0,99,0,1,22,0,23,27,17,78,0,122,25,0,25,147
09/08/2000,RST,MN,AGL,CE,Combined TRACON& Tower with Radar,30,13,38,2,83,0,0,90,0,90,30,13,128,2,173,128,8,136,309
09/09/2000,RST,MN,AGL,CE,Combined TRACON& Tower with Radar,21,9,15,10,55,0,1,24,0,25,21,10,39,10,80,48,0,48,128
09/10/2000,RST,MN,AGL,CE,Combined TRACON& Tower with Radar,18,14,29,0,61,0,0,90,0,90,18,14,119,0,151,136,0,136,287
09/11/2000,RST,MN,AGL,CE,Combined TRACON& Tower with Radar,41,15,26,2,84,6,0,16,0,22,47,15,42,2,106,58,16,74,180
09/12/2000,RST,MN,AGL,CE,Combined TRACON& Tower with Radar,42,6,28,17,93,7,2,73,4,86,49,8,101,21,179,130,30,160,339
09/13/2000,RST,MN,AGL,CE,Combined TRACON& Tower with Radar,39,16,41,2,98,4,1,43,1,49,43,17,84,3,147,79,2,81,228
09/14/2000,RST,MN,AGL,CE,Combined TRACON& Tower with Radar,29,10,40,0,79,0,3,36,0,39,29,13,76,0,118,0,20,20,138
09/15/2000,RST,MN,AGL,CE,Combined TRACON& Tower with Radar,28,16,34,0,78,0,0,76,0,76,28,16,110,0,154,0,170,170,324
09/16/2000,RST,MN,AGL,CE,Combined TRACON& Tower with Radar,21,15,17,0,53,0,0,131,0,131,21,15,148,0,184,100,0,100,284
09/17/2000,RST,MN,AGL,CE,Combined TRACON& Tower with Radar,19,7,27,0,53,0,1,114,0,115,19,8,141,0,168,216,0,216,384
09/18/2000,RST,MN,AGL,CE,Combined TRACON& Tower with Radar,33,8,45,0,86,0,4,24,0,28,33,12,69,0,114,35,0,35,149
09/19/2000,RST,MN,AGL,CE,Combined TRACON& Tower with Radar,29,7,54,4,94,0,3,3,1,7,29,10,57,5,101,47,9,56,157
09/20/2000,RST,MN,AGL,CE,Combined TRACON& Tower with Radar,29,14,41,20,104,0,0,12,5,17,29,14,53,25,121,44,74,118,239
09/21/2000,RST,MN,AGL,CE,Combined TRACON& Tower with Radar,44,20,38,16,118,0,0,55,2,57,44,20,93,18,175,128,46,174,349
09/22/2000,RST,MN,AGL,CE,Combined TRACON& Tower with Radar,27,16,32,2,77,0,0,6,0,6,27,16,38,2,83,6,0,6,89
09/23/2000,RST,MN,AGL,CE,Combined TRACON& Tower with Radar,20,12,33,0,65,0,0,22,0,22,20,12,55,0,87,66,0,66,153
09/24/2000,RST,MN,AGL,CE,Combined TRACON& Tower with Radar,19,11,26,0,56,0,0,56,0,56,19,11,82,0,112,103,0,103,215
09/25/2000,RST,MN,AGL,CE,Combined TRACON& Tower with Radar,24,10,41,0,75,0,3,55,0,58,24,13,96,0,133,144,0,144,277
09/26/2000,RST,MN,AGL,CE,Combined TRACON& Tower with Radar,27,13,31,2,73,0,0,71,0,71,27,13,102,2,144,170,8,178,322
09/27/2000,RST,MN,AGL,CE,Combined TRACON& Tower with Radar,30,19,57,0,106,0,0,51,0,51,30,19,108,0,157,98,0,98,255
09/28/2000,RST,MN,AGL,CE,Combined TRACON& Tower with Radar,31,13,41,7,92,0,0,34,13,47,31,13,75,20,139,70,14,84,223
09/29/2000,RST,MN,AGL,CE,Combined TRACON& Tower with Radar,29,14,35,0,78,0,4,29,0,33,29,18,64,0,111,22,0,22,133
09/30/2000,RST,MN,AGL,CE,Combined TRACON& Tower with Radar,22,10,18,0,50,0,0,44,0,44,22,10,62,0,94,76,0,76,170
10/01/2000,RST,MN,AGL,CE,Combined TRACON& Tower with Radar,17,4,47,0,68,0,0,85,0,85,17,4,132,0,153,142,0,142,295
10/02/2000,RST,MN,AGL,CE,Combined TRACON& Tower with Radar,23,9,54,0,86,0,0,24,0,24,23,9,78,0,110,95,0,95,205
10/03/2000,RST,MN,AGL,CE,Combined TRACON& Tower with Radar,31,15,55,14,115,0,0,42,0,42,31,15,97,14,157,84,22,106,263
10/04/2000,RST,MN,AGL,CE,Combined TRACON& Tower with Radar,35,11,39,6,91,0,1,63,34,98,35,12,102,40,189,136,38,174,363
10/05/2000,RST,MN,AGL,CE,Combined TRACON& Tower with Radar,25,17,44,28,114,0,0,23,4,27,25,17,67,32,141,48,24,72,213
10/06/2000,RST,MN,AGL,CE,Combined TRACON& Tower with Radar,27,15,38,0,80,0,0,45,0,45,27,15,83,0,125,64,0,64,189
10/07/2000,RST,MN,AGL,CE,Combined TRACON& Tower with Radar,21,9,32,0,62,0,0,66,0,66,21,9,98,0,128,94,0,94,222
10/08/2000,RST,MN,AGL,CE,Combined TRACON& Tower with Radar,30,8,26,0,64,9,0,106,0,115,39,8,132,0,179,111,0,111,290
10/09/2000,RST,MN,AGL,CE,Combined TRACON& Tower with Radar,27,11,33,0,71,0,0,60,0,60,27,11,93,0,131,168,0,168,299
10/10/2000,RST,MN,AGL,CE,Combined TRACON& Tower with Radar,27,12,28,0,67,0,0,58,0,58,27,12,86,0,125,186,0,186,311
10/11/2000,RST,MN,AGL,CE,Combined TRACON& Tower with Radar,28,16,42,6,92,0,0,41,5,46,28,16,83,11,138,62,18,80,218
10/12/2000,RST,MN,AGL,CE,Combined TRACON& Tower with Radar,27,13,35,8,83,0,0,47,8,55,27,13,82,16,138,39,28,67,205
10/13/2000,RST,MN,AGL,CE,Combined TRACON& Tower with Radar,26,12,39,0,77,0,0,30,0,30,26,12,69,0,107,14,0,14,121
10/14/2000,RST,MN,AGL,CE,Combined TRACON& Tower with Radar,21,6,27,0,54,0,0,54,0,54,21,6,81,0,108,146,0,146,254
10/15/2000,RST,MN,AGL,CE,Combined TRACON& Tower with Radar,19,4,37,0,60,0,0,10,0,10,19,4,47,0,70,48,0,48,118
10/16/2000,RST,MN,AGL,CE,Combined TRACON& Tower with Radar,25,7,39,0,71,0,0,6,0,6,25,7,45,0,77,82,0,82,159
10/17/2000,RST,MN,AGL,CE,Combined TRACON& Tower with Radar,26,15,56,6,103,0,0,18,8,26,26,15,74,14,129,84,10,94,223
10/18/2000,RST,MN,AGL,CE,Combined TRACON& Tower with Radar,29,14,44,2,89,0,0,69,0,69,29,14,113,2,158,148,0,148,306
10/19/2000,RST,MN,AGL,CE,Combined TRACON& Tower with Radar,32,14,45,0,91,0,0,52,0,52,32,14,97,0,143,94,0,94,237
10/20/2000,RST,MN,AGL,CE,Combined TRACON& Tower with Radar,28,13,35,0,76,0,1,54,0,55,28,14,89,0,131,92,0,92,223
10/21/2000,RST,MN,AGL,CE,Combined TRACON& Tower with Radar,23,5,19,0,47,0,0,67,0,67,23,5,86,0,114,83,0,83,197
10/22/2000,RST,MN,AGL,CE,Combined TRACON& Tower with Radar,19,9,42,2,72,0,0,26,0,26,19,9,68,2,98,70,8,78,176
10/23/2000,RST,MN,AGL,CE,Combined TRACON& Tower with Radar,27,16,49,0,92,0,0,2,0,2,27,16,51,0,94,0,0,0,94
10/24/2000,RST,MN,AGL,CE,Combined TRACON& Tower with Radar,23,24,43,14,104,0,0,1,0,1,23,24,44,14,105,10,34,44,149
10/25/2000,RST,MN,AGL,CE,Combined TRACON& Tower with Radar,30,18,83,20,151,0,0,5,0,5,30,18,88,20,156,28,32,60,216
10/26/2000,RST,MN,AGL,CE,Combined TRACON& Tower with Radar,34,13,51,32,130,0,2,28,0,30,34,15,79,32,160,6,42,48,208
10/27/2000,RST,MN,AGL,CE,Combined TRACON& Tower with Radar,28,14,80,0,122,0,3,2,0,5,28,17,82,0,127,19,0,19,146
10/28/2000,RST,MN,AGL,CE,Combined TRACON& Tower with Radar,19,4,49,0,72,0,0,49,0,49,19,4,98,0,121,92,0,92,213
10/29/2000,RST,MN,AGL,CE,Combined TRACON& Tower with Radar,17,5,33,0,55,4,0,24,0,28,21,5,57,0,83,12,0,12,95
10/30/2000,RST,MN,AGL,CE,Combined TRACON& Tower with Radar,26,18,38,4,86,0,0,15,2,17,26,18,53,6,103,54,24,78,181
10/31/2000,RST,MN,AGL,CE,Combined TRACON& Tower with Radar,27,26,86,0,139,0,0,36,0,36,27,26,122,0,175,81,3,84,259
11/01/2000,RST,MN,AGL,CE,Combined TRACON& Tower with Radar,26,22,52,12,112,0,0,0,0,0,26,22,52,12,112,0,0,0,112
11/02/2000,RST,MN,AGL,CE,Combined TRACON& Tower with Radar,27,17,37,2,83,0,0,32,2,34,27,17,69,4,117,0,16,16,133
11/03/2000,RST,MN,AGL,CE,Combined TRACON& Tower with Radar,27,14,47,0,88,0,1,56,0,57,27,15,103,0,145,0,53,53,198
11/04/2000,RST,MN,AGL,CE,Combined TRACON& Tower with Radar,19,11,25,0,55,0,0,95,0,95,19,11,120,0,150,172,0,172,322
11/05/2000,RST,MN,AGL,CE,Combined TRACON& Tower with Radar,20,5,22,0,47,0,0,34,0,34,20,5,56,0,81,90,0,90,171
11/06/2000,RST,MN,AGL,CE,Combined TRACON& Tower with Radar,23,14,31,2,70,0,0,4,0,4,23,14,35,2,74,0,0,0,74
11/07/2000,RST,MN,AGL,CE,Combined TRACON& Tower with Radar,22,18,42,14,96,0,0,4,0,4,22,18,46,14,100,0,24,24,124
11/08/2000,RST,MN,AGL,CE,Combined TRACON& Tower with Radar,26,22,54,22,124,1,1,19,5,26,27,23,73,27,150,42,2,44,194
11/09/2000,RST,MN,AGL,CE,Combined TRACON& Tower with Radar,27,17,42,5,91,0,0,3,0,3,27,17,45,5,94,2,0,2,96
11/10/2000,RST,MN,AGL,CE,Combined TRACON& Tower with Radar,28,12,38,0,78,0,0,2,0,2,28,12,40,0,80,0,0,0,80
11/11/2000,RST,MN,AGL,CE,Combined TRACON& Tower with Radar,20,12,35,0,67,0,0,38,0,38,20,12,73,0,105,178,0,178,283
11/12/2000,RST,MN,AGL,CE,Combined TRACON& Tower with Radar,16,6,23,0,45,0,0,0,0,0,16,6,23,0,45,0,0,0,45
11/13/2000,RST,MN,AGL,CE,Combined TRACON& Tower with Radar,23,9,26,0,58,0,0,0,0,0,23,9,26,0,58,10,0,10,68
11/14/2000,RST,MN,AGL,CE,Combined TRACON& Tower with Radar,26,17,50,6,99,0,3,23,4,30,26,20,73,10,129,22,14,36,165
11/15/2000,RST,MN,AGL,CE,Combined TRACON& Tower with Radar,22,23,44,12,101,0,0,26,0,26,22,23,70,12,127,44,34,78,205
11/16/2000,RST,MN,AGL,CE,Combined TRACON& Tower with Radar,24,15,50,6,95,1,0,0,3,4,25,15,50,9,99,0,14,14,113
11/17/2000,RST,MN,AGL,CE,Combined TRACON& Tower with Radar,27,16,39,0,82,0,0,15,0,15,27,16,54,0,97,52,0,52,149
11/18/2000,RST,MN,AGL,CE,Combined TRACON& Tower with Radar,20,4,22,0,46,1,1,2,0,4,21,5,24,0,50,32,0,32,82
11/19/2000,RST,MN,AGL,CE,Combined TRACON& Tower with Radar,15,4,18,0,37,0,0,0,0,0,15,4,18,0,37,0,0,0,37
11/20/2000,RST,MN,AGL,CE,Combined TRACON& Tower with Radar,21,17,26,0,64,1,1,7,0,9,22,18,33,0,73,20,0,20,93
11/21/2000,RST,MN,AGL,CE,Combined TRACON& Tower with Radar,29,19,68,15,131,0,4,37,4,45,29,23,105,19,176,82,34,116,292
11/22/2000,RST,MN,AGL,CE,Combined TRACON& Tower with Radar,25,14,42,6,87,1,0,46,2,49,26,14,88,8,136,154,16,170,306
11/23/2000,RST,MN,AGL,CE,Combined TRACON& Tower with Radar,13,8,12,0,33,0,0,27,0,27,13,8,39,0,60,32,0,32,92
11/24/2000,RST,MN,AGL,CE,Combined TRACON& Tower with Radar,18,11,23,0,52,0,0,50,0,50,18,11,73,0,102,172,0,172,274
11/25/2000,RST,MN,AGL,CE,Combined TRACON& Tower with Radar,17,6,38,0,61,0,0,70,0,70,17,6,108,0,131,114,0,114,245
11/26/2000,RST,MN,AGL,CE,Combined TRACON& Tower with Radar,3,0,13,0,16,0,0,0,0,0,3,0,13,0,16,0,0,0,16
11/27/2000,RST,MN,AGL,CE,Combined TRACON& Tower with Radar,20,9,28,0,57,0,0,4,0,4,20,9,32,0,61,12,0,12,73
11/28/2000,RST,MN,AGL,CE,Combined TRACON& Tower with Radar,23,15,39,0,77,0,0,2,0,2,23,15,41,0,79,30,0,30,109
11/29/2000,RST,MN,AGL,CE,Combined TRACON& Tower with Radar,27,17,28,0,72,0,2,0,0,2,27,19,28,0,74,0,0,0,74
11/30/2000,RST,MN,AGL,CE,Combined TRACON& Tower with Radar,30,21,38,12,101,0,0,10,0,10,30,21,48,12,111,22,8,30,141
12/01/2000,RST,MN,AGL,CE,Combined TRACON& Tower with Radar,26,21,34,0,81,0,2,38,0,40,26,23,72,0,121,158,0,158,279
12/02/2000,RST,MN,AGL,CE,Combined TRACON& Tower with Radar,19,8,22,0,49,0,0,134,0,134,19,8,156,0,183,210,0,210,393
12/03/2000,RST,MN,AGL,CE,Combined TRACON& Tower with Radar,16,5,22,0,43,0,1,39,0,40,16,6,61,0,83,36,0,36,119
12/04/2000,RST,MN,AGL,CE,Combined TRACON& Tower with Radar,23,18,32,0,73,0,0,14,0,14,23,18,46,0,87,48,0,48,135
12/05/2000,RST,MN,AGL,CE,Combined TRACON& Tower with Radar,32,18,53,21,124,0,0,26,7,33,32,18,79,28,157,144,55,199,356
12/06/2000,RST,MN,AGL,CE,Combined TRACON& Tower with Radar,29,21,43,30,123,0,0,7,1,8,29,21,50,31,131,24,20,44,175
12/07/2000,RST,MN,AGL,CE,Combined TRACON& Tower with Radar,24,23,26,24,97,0,0,2,1,3,24,23,28,25,100,42,4,46,146
12/08/2000,RST,MN,AGL,CE,Combined TRACON& Tower with Radar,27,22,35,0,84,0,0,44,0,44,27,22,79,0,128,124,0,124,252
12/09/2000,RST,MN,AGL,CE,Combined TRACON& Tower with Radar,18,9,8,0,35,0,0,21,0,21,18,9,29,0,56,42,0,42,98
12/10/2000,RST,MN,AGL,CE,Combined TRACON& Tower with Radar,16,6,22,0,44,0,0,16,0,16,16,6,38,0,60,42,0,42,102
12/11/2000,RST,MN,AGL,CE,Combined TRACON& Tower with Radar,17,16,20,0,53,0,0,0,0,0,17,16,20,0,53,0,0,0,53
12/12/2000,RST,MN,AGL,CE,Combined TRACON& Tower with Radar,26,16,35,11,88,0,1,24,1,26,26,17,59,12,114,122,32,154,268
12/13/2000,RST,MN,AGL,CE,Combined TRACON& Tower with Radar,23,7,45,4,79,0,8,4,1,13,23,15,49,5,92,22,0,22,114
12/14/2000,RST,MN,AGL,CE,Combined TRACON& Tower with Radar,29,20,26,0,75,0,0,8,0,8,29,20,34,0,83,0,0,0,83
12/15/2000,RST,MN,AGL,CE,Combined TRACON& Tower with Radar,29,12,39,0,80,0,0,0,0,0,29,12,39,0,80,14,0,14,94
12/16/2000,RST,MN,AGL,CE,Combined TRACON& Tower with Radar,19,6,5,0,30,0,0,0,0,0,19,6,5,0,30,0,0,0,30
12/17/2000,RST,MN,AGL,CE,Combined TRACON& Tower with Radar,14,4,32,0,50,1,0,19,0,20,15,4,51,0,70,125,0,125,195
12/18/2000,RST,MN,AGL,CE,Combined TRACON& Tower with Radar,11,7,13,0,31,3,0,0,0,3,14,7,13,0,34,0,0,0,34
12/19/2000,RST,MN,AGL,CE,Combined TRACON& Tower with Radar,27,25,44,20,116,0,0,79,0,79,27,25,123,20,195,173,60,233,428
12/20/2000,RST,MN,AGL,CE,Combined TRACON& Tower with Radar,27,15,32,31,105,3,2,0,4,9,30,17,32,35,114,0,54,54,168
12/21/2000,RST,MN,AGL,CE,Combined TRACON& Tower with Radar,25,24,26,11,86,0,1,1,0,2,25,25,27,11,88,0,0,0,88
12/22/2000,RST,MN,AGL,CE,Combined TRACON& Tower with Radar,21,26,43,0,90,0,0,32,0,32,21,26,75,0,122,130,0,130,252
12/23/2000,RST,MN,AGL,CE,Combined TRACON& Tower with Radar,20,9,13,0,42,0,0,42,0,42,20,9,55,0,84,98,0,98,182
12/24/2000,RST,MN,AGL,CE,Combined TRACON& Tower with Radar,16,5,13,0,34,0,0,28,0,28,16,5,41,0,62,106,0,106,168
12/25/2000,RST,MN,AGL,CE,Combined TRACON& Tower with Radar,19,6,3,0,28,0,0,18,0,18,19,6,21,0,46,68,0,68,114
12/26/2000,RST,MN,AGL,CE,Combined TRACON& Tower with Radar,24,18,19,0,61,0,0,34,0,34,24,18,53,0,95,4,0,4,99
12/27/2000,RST,MN,AGL,CE,Combined TRACON& Tower with Radar,24,14,38,4,80,0,5,67,0,72,24,19,105,4,152,168,14,182,334
12/28/2000,RST,MN,AGL,CE,Combined TRACON& Tower with Radar,14,10,14,0,38,0,0,0,0,0,14,10,14,0,38,0,0,0,38
12/29/2000,RST,MN,AGL,CE,Combined TRACON& Tower with Radar,26,11,17,0,54,0,0,10,0,10,26,11,27,0,64,56,0,56,120
12/30/2000,RST,MN,AGL,CE,Combined TRACON& Tower with Radar,15,8,12,0,35,0,0,0,0,0,15,8,12,0,35,10,0,10,45
12/31/2000,RST,MN,AGL,CE,Combined TRACON& Tower with Radar,16,5,1,0,22,0,0,2,0,2,16,5,3,0,24,26,0,26,50
01/01/2001,RST,MN,AGL,CE,Combined TRACON& Tower with Radar,17,8,33,0,58,0,0,44,0,44,17,8,77,0,102,84,0,84,186
01/02/2001,RST,MN,AGL,CE,Combined TRACON& Tower with Radar,22,9,22,0,53,2,0,3,0,5,24,9,25,0,58,29,0,29,87
01/03/2001,RST,MN,AGL,CE,Combined TRACON& Tower with Radar,28,19,41,6,94,0,1,5,11,17,28,20,46,17,111,29,0,29,140
01/04/2001,RST,MN,AGL,CE,Combined TRACON& Tower with Radar,27,13,21,18,79,0,1,12,4,17,27,14,33,22,96,26,54,80,176
01/05/2001,RST,MN,AGL,CE,Combined TRACON& Tower with Radar,27,14,30,0,71,0,2,37,0,39,27,16,67,0,110,168,0,168,278
01/06/2001,RST,MN,AGL,CE,Combined TRACON& Tower with Radar,20,5,6,5,36,0,0,54,7,61,20,5,60,12,97,138,36,174,271
01/07/2001,RST,MN,AGL,CE,Combined TRACON& Tower with Radar,16,7,39,6,68,0,0,33,0,33,16,7,72,6,101,82,6,88,189
01/08/2001,RST,MN,AGL,CE,Combined TRACON& Tower with Radar,23,8,22,0,53,0,0,33,0,33,23,8,55,0,86,54,10,64,150
01/09/2001,RST,MN,AGL,CE,Combined TRACON& Tower with Radar,28,13,26,6,73,1,1,57,6,65,29,14,83,12,138,104,17,121,259
01/10/2001,RST,MN,AGL,CE,Combined TRACON& Tower with Radar,26,11,49,10,96,0,2,36,4,42,26,13,85,14,138,72,58,130,268
01/11/2001,RST,MN,AGL,CE,Combined TRACON& Tower with Radar,24,11,22,27,84,0,0,8,0,8,24,11,30,27,92,0,6,6,98
01/12/2001,RST,MN,AGL,CE,Combined TRACON& Tower with Radar,16,7,22,0,45,0,3,0,0,3,16,10,22,0,48,0,0,0,48
01/13/2001,RST,MN,AGL,CE,Combined TRACON& Tower with Radar,22,8,11,0,41,0,0,0,0,0,22,8,11,0,41,0,0,0,41
01/14/2001,RST,MN,AGL,CE,Combined TRACON& Tower with Radar,16,8,15,0,39,0,0,0,0,0,16,8,15,0,39,0,0,0,39
01/15/2001,RST,MN,AGL,CE,Combined TRACON& Tower with Radar,21,16,31,0,68,0,0,0,0,0,21,16,31,0,68,0,0,0,68
01/16/2001,RST,MN,AGL,CE,Combined TRACON& Tower with Radar,25,21,64,21,131,0,0,29,0,29,25,21,93,21,160,41,64,105,265
01/17/2001,RST,MN,AGL,CE,Combined TRACON& Tower with Radar,25,24,47,29,125,0,0,41,0,41,25,24,88,29,166,52,54,106,272
01/18/2001,RST,MN,AGL,CE,Combined TRACON& Tower with Radar,28,25,22,2,77,0,1,18,0,19,28,26,40,2,96,64,0,64,160
01/19/2001,RST,MN,AGL,CE,Combined TRACON& Tower with Radar,27,21,44,2,94,0,0,49,0,49,27,21,93,2,143,106,0,106,249
01/20/2001,RST,MN,AGL,CE,Combined TRACON& Tower with Radar,22,11,30,0,63,0,0,110,0,110,22,11,140,0,173,132,2,134,307
01/21/2001,RST,MN,AGL,CE,Combined TRACON& Tower with Radar,16,15,55,0,86,0,0,16,0,16,16,15,71,0,102,34,0,34,136
01/22/2001,RST,MN,AGL,CE,Combined TRACON& Tower with Radar,24,16,40,5,85,0,0,43,2,45,24,16,83,7,130,57,21,78,208
01/23/2001,RST,MN,AGL,CE,Combined TRACON& Tower with Radar,27,19,32,33,111,0,0,46,1,47,27,19,78,34,158,90,46,136,294
01/24/2001,RST,MN,AGL,CE,Combined TRACON& Tower with Radar,26,23,57,4,110,0,0,70,0,70,26,23,127,4,180,134,0,134,314
01/25/2001,RST,MN,AGL,CE,Combined TRACON& Tower with Radar,26,39,47,13,125,0,0,80,0,80,26,39,127,13,205,130,26,156,361
01/26/2001,RST,MN,AGL,CE,Combined TRACON& Tower with Radar,25,20,23,4,72,0,0,5,0,5,25,20,28,4,77,0,0,0,77
01/27/2001,RST,MN,AGL,CE,Combined TRACON& Tower with Radar,20,9,27,0,56,0,3,84,0,87,20,12,111,0,143,84,0,84,227
01/28/2001,RST,MN,AGL,CE,Combined TRACON& Tower with Radar,16,10,25,0,51,0,0,21,0,21,16,10,46,0,72,0,0,0,72
01/29/2001,RST,MN,AGL,CE,Combined TRACON& Tower with Radar,11,3,11,0,25,0,0,0,0,0,11,3,11,0,25,0,0,0,25
01/30/2001,RST,MN,AGL,CE,Combined TRACON& Tower with Radar,24,19,39,12,94,0,3,3,3,9,24,22,42,15,103,12,32,44,147
01/31/2001,RST,MN,AGL,CE,Combined TRACON& Tower with Radar,29,24,37,16,106,0,0,58,0,58,29,24,95,16,164,132,20,152,316
02/01/2001,RST,MN,AGL,CE,Combined TRACON& Tower with Radar,25,19,30,18,92,1,0,54,10,65,26,19,84,28,157,114,54,168,325
02/02/2001,RST,MN,AGL,CE,Combined TRACON& Tower with Radar,26,14,31,0,71,0,0,39,0,39,26,14,70,0,110,52,0,52,162
02/03/2001,RST,MN,AGL,CE,Combined TRACON& Tower with Radar,19,12,16,0,47,0,0,13,0,13,19,12,29,0,60,12,0,12,72
02/04/2001,RST,MN,AGL,CE,Combined TRACON& Tower with Radar,15,13,22,0,50,0,0,7,0,7,15,13,29,0,57,22,0,22,79
02/05/2001,RST,MN,AGL,CE,Combined TRACON& Tower with Radar,18,22,27,2,69,0,0,10,0,10,18,22,37,2,79,28,0,28,107
02/06/2001,RST,MN,AGL,CE,Combined TRACON& Tower with Radar,15,14,37,0,66,0,0,9,0,9,15,14,46,0,75,0,0,0,75
02/07/2001,RST,MN,AGL,CE,Combined TRACON& Tower with Radar,15,17,23,0,55,0,0,8,0,8,15,17,31,0,63,0,0,0,63
02/08/2001,RST,MN,AGL,CE,Combined TRACON& Tower with Radar,10,7,6,0,23,0,0,1,0,1,10,7,7,0,24,0,0,0,24
02/09/2001,RST,MN,AGL,CE,Combined TRACON& Tower with Radar,26,21,35,0,82,0,4,4,0,8,26,25,39,0,90,0,0,0,90
02/10/2001,RST,MN,AGL,CE,Combined TRACON& Tower with Radar,19,11,28,0,58,0,0,56,0,56,19,11,84,0,114,116,0,116,230
02/11/2001,RST,MN,AGL,CE,Combined TRACON& Tower with Radar,13,11,35,0,59,0,2,46,0,48,13,13,81,0,107,102,0,102,209
02/12/2001,RST,MN,AGL,CE,Combined TRACON& Tower with Radar,22,17,23,37,99,0,0,26,1,27,22,17,49,38,126,60,24,84,210
02/13/2001,RST,MN,AGL,CE,Combined TRACON& Tower with Radar,21,20,24,0,65,0,3,3,0,6,21,23,27,0,71,0,0,0,71
02/14/2001,RST,MN,AGL,CE,Combined TRACON& Tower with Radar,24,21,47,24,116,0,0,60,0,60,24,21,107,24,176,73,92,165,341
02/15/2001,RST,MN,AGL,CE,Combined TRACON& Tower with Radar,27,26,47,0,100,0,0,53,2,55,27,26,100,2,155,170,0,170,325
02/16/2001,RST,MN,AGL,CE,Combined TRACON& Tower with Radar,27,18,36,0,81,0,1,13,0,14,27,19,49,0,95,92,0,92,187
02/17/2001,RST,MN,AGL,CE,Combined TRACON& Tower with Radar,18,13,25,2,58,0,0,56,8,64,18,13,81,10,122,88,0,88,210
02/18/2001,RST,MN,AGL,CE,Combined TRACON& Tower with Radar,15,14,58,0,87,0,0,16,0,16,15,14,74,0,103,72,0,72,175
02/19/2001,RST,MN,AGL,CE,Combined TRACON& Tower with Radar,22,19,48,0,89,0,0,24,0,24,22,19,72,0,113,84,0,84,197
02/20/2001,RST,MN,AGL,CE,Combined TRACON& Tower with Radar,26,24,42,4,96,0,0,80,0,80,26,24,122,4,176,160,4,164,340
02/21/2001,RST,MN,AGL,CE,Combined TRACON& Tower with Radar,28,20,30,23,101,1,0,46,0,47,29,20,76,23,148,104,50,154,302
02/22/2001,RST,MN,AGL,CE,Combined TRACON& Tower with Radar,24,19,40,15,98,0,3,18,1,22,24,22,58,16,120,36,14,50,170
02/23/2001,RST,MN,AGL,CE,Combined TRACON& Tower with Radar,26,19,34,0,79,0,0,42,0,42,26,19,76,0,121,127,0,127,248
02/24/2001,RST,MN,AGL,CE,Combined TRACON& Tower with Radar,4,4,1,0,9,0,5,0,0,5,4,9,1,0,14,0,0,0,14
02/25/2001,RST,MN,AGL,CE,Combined TRACON& Tower with Radar,15,12,18,0,45,1,0,17,0,18,16,12,35,0,63,26,0,26,89
02/26/2001,RST,MN,AGL,CE,Combined TRACON& Tower with Radar,24,18,33,4,79,0,0,17,0,17,24,18,50,4,96,52,2,54,150
02/27/2001,RST,MN,AGL,CE,Combined TRACON& Tower with Radar,28,16,55,6,105,0,0,59,4,63,28,16,114,10,168,144,14,158,326
02/28/2001,RST,MN,AGL,CE,Combined TRACON& Tower with Radar,24,23,45,6,98,0,0,67,1,68,24,23,112,7,166,124,12,136,302
03/01/2001,RST,MN,AGL,CE,Combined TRACON& Tower with Radar,26,18,61,5,110,0,0,52,4,56,26,18,113,9,166,70,12,82,248
03/02/2001,RST,MN,AGL,CE,Combined TRACON& Tower with Radar,27,17,33,0,77,0,0,40,0,40,27,17,73,0,117,182,0,182,299
03/03/2001,RST,MN,AGL,CE,Combined TRACON& Tower with Radar,18,17,34,7,76,0,0,90,1,91,18,17,124,8,167,232,8,240,407
03/04/2001,RST,MN,AGL,CE,Combined TRACON& Tower with Radar,15,12,42,6,75,0,0,82,0,82,15,12,124,6,157,224,16,240,397
03/05/2001,RST,MN,AGL,CE,Combined TRACON& Tower with Radar,23,18,43,0,84,0,0,55,0,55,23,18,98,0,139,82,0,82,221
03/06/2001,RST,MN,AGL,CE,Combined TRACON& Tower with Radar,25,18,43,6,92,0,0,47,2,49,25,18,90,8,141,152,0,152,293
03/07/2001,RST,MN,AGL,CE,Combined TRACON& Tower with Radar,26,17,47,6,96,0,1,7,0,8,26,18,54,6,104,64,0,64,168
03/08/2001,RST,MN,AGL,CE,Combined TRACON& Tower with Radar,26,23,39,4,92,0,1,34,0,35,26,24,73,4,127,137,28,165,292
03/09/2001,RST,MN,AGL,CE,Combined TRACON& Tower with Radar,25,18,31,1,75,0,1,27,1,29,25,19,58,2,104,79,4,83,187
03/10/2001,RST,MN,AGL,CE,Combined TRACON& Tower with Radar,12,7,17,0,36,7,2,14,0,23,19,9,31,0,59,92,0,92,151
03/11/2001,RST,MN,AGL,CE,Combined TRACON& Tower with Radar,15,15,32,0,62,0,5,107,0,112,15,20,139,0,174,168,0,168,342
03/12/2001,RST,MN,AGL,CE,Combined TRACON& Tower with Radar,12,7,17,0,36,7,0,0,0,7,19,7,17,0,43,0,0,0,43
03/13/2001,RST,MN,AGL,CE,Combined TRACON& Tower with Radar,28,19,57,18,122,0,0,15,12,27,28,19,72,30,149,94,32,126,275
03/14/2001,RST,MN,AGL,CE,Combined TRACON& Tower with Radar,26,24,46,7,103,0,0,42,0,42,26,24,88,7,145,100,26,126,271
03/15/2001,RST,MN,AGL,CE,Combined TRACON& Tower with Radar,25,17,28,8,78,0,0,33,1,34,25,17,61,9,112,84,27,111,223
03/16/2001,RST,MN,AGL,CE,Combined TRACON& Tower with Radar,25,18,32,4,79,0,1,53,3,57,25,19,85,7,136,132,8,140,276
03/17/2001,RST,MN,AGL,CE,Combined TRACON& Tower with Radar,21,12,26,2,61,0,0,103,4,107,21,12,129,6,168,188,2,190,358
03/18/2001,RST,MN,AGL,CE,Combined TRACON& Tower with Radar,15,16,24,0,55,0,0,72,0,72,15,16,96,0,127,168,0,168,295
03/19/2001,RST,MN,AGL,CE,Combined TRACON& Tower with Radar,21,21,35,28,105,0,1,23,4,28,21,22,58,32,133,54,102,156,289
03/20/2001,RST,MN,AGL,CE,Combined TRACON& Tower with Radar,27,20,26,32,105,3,0,41,1,45,30,20,67,33,150,81,44,125,275
03/21/2001,RST,MN,AGL,CE,Combined TRACON& Tower with Radar,25,19,48,2,94,0,1,1,0,2,25,20,49,2,96,0,0,0,96
03/22/2001,RST,MN,AGL,CE,Combined TRACON& Tower with Radar,24,20,52,0,96,0,1,6,0,7,24,21,58,0,103,22,0,22,125
03/23/2001,RST,MN,AGL,CE,Combined TRACON& Tower with Radar,27,16,32,0,75,0,2,43,0,45,27,18,75,0,120,152,0,152,272
03/24/2001,RST,MN,AGL,CE,Combined TRACON& Tower with Radar,20,11,18,0,49,0,0,19,0,19,20,11,37,0,68,80,0,80,148
03/25/2001,RST,MN,AGL,CE,Combined TRACON& Tower with Radar,16,9,28,0,53,0,2,35,0,37,16,11,63,0,90,123,0,123,213
03/26/2001,RST,MN,AGL,CE,Combined TRACON& Tower with Radar,22,20,41,6,89,0,0,62,0,62,22,20,103,6,151,136,10,146,297
03/27/2001,RST,MN,AGL,CE,Combined TRACON& Tower with Radar,26,16,46,11,99,0,0,71,2,73,26,16,117,13,172,149,10,159,331
03/28/2001,RST,MN,AGL,CE,Combined TRACON& Tower with Radar,28,15,28,10,81,0,0,9,0,9,28,15,37,10,90,4,6,10,100
03/29/2001,RST,MN,AGL,CE,Combined TRACON& Tower with Radar,16,11,35,0,62,0,0,2,0,2,16,11,37,0,64,0,0,0,64
03/30/2001,RST,MN,AGL,CE,Combined TRACON& Tower with Radar,24,20,32,2,78,0,0,1,0,1,24,20,33,2,79,0,0,0,79
03/31/2001,RST,MN,AGL,CE,Combined TRACON& Tower with Radar,18,18,13,0,49,1,0,29,0,30,19,18,42,0,79,86,0,86,165
04/01/2001,RST,MN,AGL,CE,Combined TRACON& Tower with Radar,19,13,44,0,76,0,3,67,0,70,19,16,111,0,146,116,0,116,262
04/02/2001,RST,MN,AGL,CE,Combined TRACON& Tower with Radar,32,15,49,0,96,0,2,33,0,35,32,17,82,0,131,38,0,38,169
04/03/2001,RST,MN,AGL,CE,Combined TRACON& Tower with Radar,26,22,56,0,104,0,0,36,0,36,26,22,92,0,140,148,0,148,288
04/04/2001,RST,MN,AGL,CE,Combined TRACON& Tower with Radar,26,20,31,38,115,0,0,66,0,66,26,20,97,38,181,140,24,164,345
04/05/2001,RST,MN,AGL,CE,Combined TRACON& Tower with Radar,14,11,46,3,74,0,0,0,0,0,14,11,46,3,74,4,0,4,78
04/06/2001,RST,MN,AGL,CE,Combined TRACON& Tower with Radar,19,7,36,0,62,0,0,0,0,0,19,7,36,0,62,0,0,0,62
04/07/2001,RST,MN,AGL,CE,Combined TRACON& Tower with Radar,13,4,7,0,24,0,0,2,0,2,13,4,9,0,26,0,0,0,26
04/08/2001,RST,MN,AGL,CE,Combined TRACON& Tower with Radar,18,10,43,4,75,0,0,56,0,56,18,10,99,4,131,186,6,192,323
04/09/2001,RST,MN,AGL,CE,Combined TRACON& Tower with Radar,27,20,48,0,95,0,0,0,0,0,27,20,48,0,95,0,0,0,95
04/10/2001,RST,MN,AGL,CE,Combined TRACON& Tower with Radar,28,18,31,14,91,0,0,29,0,29,28,18,60,14,120,94,10,104,224
04/11/2001,RST,MN,AGL,CE,Combined TRACON& Tower with Radar,24,14,20,0,58,0,0,2,0,2,24,14,22,0,60,6,0,6,66
04/12/2001,RST,MN,AGL,CE,Combined TRACON& Tower with Radar,26,14,20,26,86,0,5,33,0,38,26,19,53,26,124,16,38,54,178
04/13/2001,RST,MN,AGL,CE,Combined TRACON& Tower with Radar,24,17,41,0,82,0,1,91,0,92,24,18,132,0,174,232,0,232,406
04/14/2001,RST,MN,AGL,CE,Combined TRACON& Tower with Radar,21,12,22,0,55,0,0,80,0,80,21,12,102,0,135,228,0,228,363
04/15/2001,RST,MN,AGL,CE,Combined TRACON& Tower with Radar,17,8,11,0,36,0,0,7,0,7,17,8,18,0,43,10,0,10,53
04/16/2001,RST,MN,AGL,CE,Combined TRACON& Tower with Radar,22,19,33,6,80,0,0,0,4,4,22,19,33,10,84,10,4,14,98
04/17/2001,RST,MN,AGL,CE,Combined TRACON& Tower with Radar,25,15,34,20,94,2,4,78,0,84,27,19,112,20,178,262,20,282,460
04/18/2001,RST,MN,AGL,CE,Combined TRACON& Tower with Radar,24,22,49,33,128,0,1,76,5,82,24,23,125,38,210,192,52,244,454
04/19/2001,RST,MN,AGL,CE,Combined TRACON& Tower with Radar,26,14,45,6,91,0,0,36,0,36,26,14,81,6,127,12,10,22,149
04/20/2001,RST,MN,AGL,CE,Combined TRACON& Tower with Radar,27,13,20,4,64,1,0,54,2,57,28,13,74,6,121,134,0,134,255
04/21/2001,RST,MN,AGL,CE,Combined TRACON& Tower with Radar,19,8,31,16,74,0,0,0,0,0,19,8,31,16,74,10,2,12,86
04/22/2001,RST,MN,AGL,CE,Combined TRACON& Tower with Radar,26,14,20,8,68,0,0,9,0,9,26,14,29,8,77,70,0,70,147
04/23/2001,RST,MN,AGL,CE,Combined TRACON& Tower with Radar,28,18,26,6,78,0,0,0,0,0,28,18,26,6,78,0,0,0,78
04/24/2001,RST,MN,AGL,CE,Combined TRACON& Tower with Radar,29,16,43,4,92,0,0,69,0,69,29,16,112,4,161,96,2,98,259
04/25/2001,RST,MN,AGL,CE,Combined TRACON& Tower with Radar,28,17,50,10,105,0,0,78,1,79,28,17,128,11,184,163,15,178,362
04/26/2001,RST,MN,AGL,CE,Combined TRACON& Tower with Radar,28,21,47,17,113,0,1,72,4,77,28,22,119,21,190,128,52,180,370
04/27/2001,RST,MN,AGL,CE,Combined TRACON& Tower with Radar,27,15,47,0,89,0,0,87,0,87,27,15,134,0,176,200,0,200,376
04/28/2001,RST,MN,AGL,CE,Combined TRACON& Tower with Radar,19,10,22,2,53,0,0,32,0,32,19,10,54,2,85,45,0,45,130
04/29/2001,RST,MN,AGL,CE,Combined TRACON& Tower with Radar,17,8,20,0,45,0,0,53,0,53,17,8,73,0,98,46,0,46,144
04/30/2001,RST,MN,AGL,CE,Combined TRACON& Tower with Radar,23,16,31,6,76,0,0,13,0,13,23,16,44,6,89,20,0,20,109
05/01/2001,RST,MN,AGL,CE,Combined TRACON& Tower with Radar,29,28,42,0,99,0,0,18,0,18,29,28,60,0,117,62,0,62,179
05/02/2001,RST,MN,AGL,CE,Combined TRACON& Tower with Radar,26,24,37,11,98,2,0,2,4,8,28,24,39,15,106,47,3,50,156
05/03/2001,RST,MN,AGL,CE,Combined TRACON& Tower with Radar,26,22,48,15,111,0,0,9,1,10,26,22,57,16,121,22,2,24,145
05/04/2001,RST,MN,AGL,CE,Combined TRACON& Tower with Radar,29,21,44,0,94,0,0,32,0,32,29,21,76,0,126,104,0,104,230
05/05/2001,RST,MN,AGL,CE,Combined TRACON& Tower with Radar,20,14,20,2,56,0,0,22,2,24,20,14,42,4,80,38,0,38,118
05/06/2001,RST,MN,AGL,CE,Combined TRACON& Tower with Radar,19,13,23,0,55,0,0,18,0,18,19,13,41,0,73,66,0,66,139
05/07/2001,RST,MN,AGL,CE,Combined TRACON& Tower with Radar,23,19,38,0,80,0,0,32,0,32,23,19,70,0,112,46,0,46,158
05/08/2001,RST,MN,AGL,CE,Combined TRACON& Tower with Radar,26,20,32,2,80,0,2,65,0,67,26,22,97,2,147,86,0,86,233
05/09/2001,RST,MN,AGL,CE,Combined TRACON& Tower with Radar,25,22,30,21,98,2,0,32,10,44,27,22,62,31,142,36,44,80,222
05/10/2001,RST,MN,AGL,CE,Combined TRACON& Tower with Radar,27,21,39,0,87,0,0,13,0,13,27,21,52,0,100,8,0,8,108
05/11/2001,RST,MN,AGL,CE,Combined TRACON& Tower with Radar,23,15,33,0,71,0,0,47,0,47,23,15,80,0,118,138,2,140,258
05/12/2001,RST,MN,AGL,CE,Combined TRACON& Tower with Radar,23,10,35,0,68,0,0,81,0,81,23,10,116,0,149,124,0,124,273
05/13/2001,RST,MN,AGL,CE,Combined TRACON& Tower with Radar,17,13,29,0,59,0,0,46,0,46,17,13,75,0,105,62,0,62,167
05/14/2001,RST,MN,AGL,CE,Combined TRACON& Tower with Radar,19,18,33,9,79,0,2,20,5,27,19,20,53,14,106,29,18,47,153
05/15/2001,RST,MN,AGL,CE,Combined TRACON& Tower with Radar,27,22,35,14,98,0,0,42,6,48,27,22,77,20,146,28,46,74,220
05/16/2001,RST,MN,AGL,CE,Combined TRACON& Tower with Radar,29,19,63,24,135,0,0,47,0,47,29,19,110,24,182,142,22,164,346
05/17/2001,RST,MN,AGL,CE,Combined TRACON& Tower with Radar,25,27,43,0,95,0,0,75,0,75,25,27,118,0,170,143,0,143,313
05/18/2001,RST,MN,AGL,CE,Combined TRACON& Tower with Radar,27,25,43,4,99,0,0,74,0,74,27,25,117,4,173,164,0,164,337
05/19/2001,RST,MN,AGL,CE,Combined TRACON& Tower with Radar,21,11,21,0,53,1,0,72,0,73,22,11,93,0,126,64,0,64,190
05/20/2001,RST,MN,AGL,CE,Combined TRACON& Tower with Radar,19,17,30,0,66,2,1,24,0,27,21,18,54,0,93,94,0,94,187
05/21/2001,RST,MN,AGL,CE,Combined TRACON& Tower with Radar,24,15,40,4,83,0,0,18,0,18,24,15,58,4,101,14,22,36,137
05/22/2001,RST,MN,AGL,CE,Combined TRACON& Tower with Radar,24,29,58,6,117,0,0,7,0,7,24,29,65,6,124,0,2,2,126
05/23/2001,RST,MN,AGL,CE,Combined TRACON& Tower with Radar,29,19,38,15,101,0,0,7,3,10,29,19,45,18,111,12,45,57,168
05/24/2001,RST,MN,AGL,CE,Combined TRACON& Tower with Radar,24,29,61,0,114,0,0,27,0,27,24,29,88,0,141,58,0,58,199
05/25/2001,RST,MN,AGL,CE,Combined TRACON& Tower with Radar,27,25,38,0,90,0,0,9,0,9,27,25,47,0,99,0,0,0,99
05/26/2001,RST,MN,AGL,CE,Combined TRACON& Tower with Radar,21,17,25,0,63,0,0,11,0,11,21,17,36,0,74,104,0,104,178
05/27/2001,RST,MN,AGL,CE,Combined TRACON& Tower with Radar,13,12,14,0,39,0,0,30,0,30,13,12,44,0,69,136,0,136,205
05/28/2001,RST,MN,AGL,CE,Combined TRACON& Tower with Radar,19,11,34,0,64,0,2,103,0,105,19,13,137,0,169,212,0,212,381
05/29/2001,RST,MN,AGL,CE,Combined TRACON& Tower with Radar,21,17,54,0,92,0,3,65,0,68,21,20,119,0,160,232,0,232,392
05/30/2001,RST,MN,AGL,CE,Combined TRACON& Tower with Radar,27,31,37,4,99,0,0,68,2,70,27,31,105,6,169,148,14,162,331
05/31/2001,RST,MN,AGL,CE,Combined TRACON& Tower with Radar,26,20,32,8,86,0,0,38,20,58,26,20,70,28,144,94,10,104,248
06/01/2001,RST,MN,AGL,CE,Combined TRACON& Tower with Radar,30,17,32,9,88,0,0,19,2,21,30,17,51,11,109,8,44,52,161
06/02/2001,RST,MN,AGL,CE,Combined TRACON& Tower with Radar,21,9,33,6,69,0,0,21,0,21,21,9,54,6,90,66,12,78,168
06/03/2001,RST,MN,AGL,CE,Combined TRACON& Tower with Radar,18,16,39,3,76,0,0,52,2,54,18,16,91,5,130,142,0,142,272
06/04/2001,RST,MN,AGL,CE,Combined TRACON& Tower with Radar,24,15,38,11,88,0,0,42,4,46,24,15,80,15,134,153,35,188,322
06/05/2001,RST,MN,AGL,CE,Combined TRACON& Tower with Radar,24,16,58,0,98,0,3,0,0,3,24,19,58,0,101,0,0,0,101
06/06/2001,RST,MN,AGL,CE,Combined TRACON& Tower with Radar,25,31,48,12,116,0,0,9,0,9,25,31,57,12,125,74,0,74,199
06/07/2001,RST,MN,AGL,CE,Combined TRACON& Tower with Radar,24,21,75,7,127,0,0,55,1,56,24,21,130,8,183,154,14,168,351
06/08/2001,RST,MN,AGL,CE,Combined TRACON& Tower with Radar,27,23,29,2,81,0,0,81,0,81,27,23,110,2,162,213,0,213,375
06/09/2001,RST,MN,AGL,CE,Combined TRACON& Tower with Radar,21,7,12,0,40,0,0,148,0,148,21,7,160,0,188,114,0,114,302
06/10/2001,RST,MN,AGL,CE,Combined TRACON& Tower with Radar,17,15,38,0,70,0,0,49,0,49,17,15,87,0,119,117,0,117,236
06/11/2001,RST,MN,AGL,CE,Combined TRACON& Tower with Radar,24,11,37,0,72,0,0,35,0,35,24,11,72,0,107,36,0,36,143
06/12/2001,RST,MN,AGL,CE,Combined TRACON& Tower with Radar,23,21,37,16,97,0,0,18,11,29,23,21,55,27,126,112,23,135,261
06/13/2001,RST,MN,AGL,CE,Combined TRACON& Tower with Radar,23,17,48,0,88,0,0,28,0,28,23,17,76,0,116,94,0,94,210
06/14/2001,RST,MN,AGL,CE,Combined TRACON& Tower with Radar,27,16,30,7,80,0,0,6,0,6,27,16,36,7,86,19,13,32,118
06/15/2001,RST,MN,AGL,CE,Combined TRACON& Tower with Radar,26,22,28,0,76,0,0,55,0,55,26,22,83,0,131,160,0,160,291
06/16/2001,RST,MN,AGL,CE,Combined TRACON& Tower with Radar,25,5,31,0,61,0,2,125,0,127,25,7,156,0,188,174,0,174,362
06/17/2001,RST,MN,AGL,CE,Combined TRACON& Tower with Radar,19,16,45,2,82,0,0,85,0,85,19,16,130,2,167,186,0,186,353
06/18/2001,RST,MN,AGL,CE,Combined TRACON& Tower with Radar,26,14,31,16,87,0,0,16,2,18,26,14,47,18,105,48,18,66,171
06/19/2001,RST,MN,AGL,CE,Combined TRACON& Tower with Radar,24,18,61,14,117,3,0,84,0,87,27,18,145,14,204,193,29,222,426
06/20/2001,RST,MN,AGL,CE,Combined TRACON& Tower with Radar,26,22,44,21,113,0,0,73,1,74,26,22,117,22,187,114,40,154,341
06/21/2001,RST,MN,AGL,CE,Combined TRACON& Tower with Radar,26,20,42,20,108,0,0,49,5,54,26,20,91,25,162,86,60,146,308
06/22/2001,RST,MN,AGL,CE,Combined TRACON& Tower with Radar,30,27,27,0,84,0,0,87,0,87,30,27,114,0,171,202,0,202,373
06/23/2001,RST,MN,AGL,CE,Combined TRACON& Tower with Radar,21,14,17,2,54,0,0,103,0,103,21,14,120,2,157,106,0,106,263
06/24/2001,RST,MN,AGL,CE,Combined TRACON& Tower with Radar,18,12,24,0,54,0,0,69,0,69,18,12,93,0,123,98,0,98,221
06/25/2001,RST,MN,AGL,CE,Combined TRACON& Tower with Radar,21,17,33,9,80,0,0,46,5,51,21,17,79,14,131,82,30,112,243
06/26/2001,RST,MN,AGL,CE,Combined TRACON& Tower with Radar,25,21,47,6,99,0,0,54,0,54,25,21,101,6,153,189,8,197,350
06/27/2001,RST,MN,AGL,CE,Combined TRACON& Tower with Radar,24,24,40,0,88,0,0,49,0,49,24,24,89,0,137,134,0,134,271
06/28/2001,RST,MN,AGL,CE,Combined TRACON& Tower with Radar,27,25,36,16,104,0,0,72,6,78,27,25,108,22,182,110,52,162,344
06/29/2001,RST,MN,AGL,CE,Combined TRACON& Tower with Radar,25,21,49,2,97,0,0,55,0,55,25,21,104,2,152,118,6,124,276
06/30/2001,RST,MN,AGL,CE,Combined TRACON& Tower with Radar,20,11,22,0,53,0,0,64,0,64,20,11,86,0,117,98,0,98,215
07/01/2001,RST,MN,AGL,CE,Combined TRACON& Tower with Radar,17,16,25,0,58,1,2,65,0,68,18,18,90,0,126,58,0,58,184
07/02/2001,RST,MN,AGL,CE,Combined TRACON& Tower with Radar,23,17,35,0,75,0,4,32,0,36,23,21,67,0,111,122,0,122,233
07/03/2001,RST,MN,AGL,CE,Combined TRACON& Tower with Radar,24,24,28,0,76,0,1,51,0,52,24,25,79,0,128,140,0,140,268
07/04/2001,RST,MN,AGL,CE,Combined TRACON& Tower with Radar,19,9,20,0,48,0,1,68,0,69,19,10,88,0,117,92,0,92,209
07/05/2001,RST,MN,AGL,CE,Combined TRACON& Tower with Radar,27,20,40,0,87,0,1,94,0,95,27,21,134,0,182,161,0,161,343
07/06/2001,RST,MN,AGL,CE,Combined TRACON& Tower with Radar,27,20,34,0,81,0,0,35,0,35,27,20,69,0,116,82,0,82,198
07/07/2001,RST,MN,AGL,CE,Combined TRACON& Tower with Radar,21,10,35,0,66,0,0,47,0,47,21,10,82,0,113,92,0,92,205
07/08/2001,RST,MN,AGL,CE,Combined TRACON& Tower with Radar,15,15,39,0,69,0,0,101,0,101,15,15,140,0,170,88,0,88,258
07/09/2001,RST,MN,AGL,CE,Combined TRACON& Tower with Radar,24,19,26,2,71,0,0,53,0,53,24,19,79,2,124,154,37,191,315
07/10/2001,RST,MN,AGL,CE,Combined TRACON& Tower with Radar,26,32,64,7,129,0,0,73,1,74,26,32,137,8,203,170,12,182,385
07/11/2001,RST,MN,AGL,CE,Combined TRACON& Tower with Radar,25,28,58,1,112,0,0,72,1,73,25,28,130,2,185,176,8,184,369
07/12/2001,RST,MN,AGL,CE,Combined TRACON& Tower with Radar,26,22,41,3,92,0,0,71,3,74,26,22,112,6,166,204,20,224,390
07/13/2001,RST,MN,AGL,CE,Combined TRACON& Tower with Radar,25,17,42,0,84,0,6,64,0,70,25,23,106,0,154,112,0,112,266
07/14/2001,RST,MN,AGL,CE,Combined TRACON& Tower with Radar,20,13,12,1,46,0,0,77,1,78,20,13,89,2,124,162,2,164,288
07/15/2001,RST,MN,AGL,CE,Combined TRACON& Tower with Radar,17,18,33,0,68,0,3,56,1,60,17,21,89,1,128,62,0,62,190
07/16/2001,RST,MN,AGL,CE,Combined TRACON& Tower with Radar,23,20,34,8,85,0,0,62,3,65,23,20,96,11,150,156,30,186,336
07/17/2001,RST,MN,AGL,CE,Combined TRACON& Tower with Radar,23,15,52,28,118,0,0,37,5,42,23,15,89,33,160,164,90,254,414
07/18/2001,RST,MN,AGL,CE,Combined TRACON& Tower with Radar,26,21,45,19,111,0,0,61,3,64,26,21,106,22,175,130,85,215,390
07/19/2001,RST,MN,AGL,CE,Combined TRACON& Tower with Radar,31,11,51,0,93,0,7,19,0,26,31,18,70,0,119,98,0,98,217
07/20/2001,RST,MN,AGL,CE,Combined TRACON& Tower with Radar,24,15,40,0,79,0,0,30,0,30,24,15,70,0,109,78,2,80,189
07/21/2001,RST,MN,AGL,CE,Combined TRACON& Tower with Radar,21,8,15,2,46,0,0,38,1,39,21,8,53,3,85,71,11,82,167
07/22/2001,RST,MN,AGL,CE,Combined TRACON& Tower with Radar,15,10,23,0,48,0,0,36,0,36,15,10,59,0,84,44,0,44,128
07/23/2001,RST,MN,AGL,CE,Combined TRACON& Tower with Radar,21,15,27,0,63,0,0,47,0,47,21,15,74,0,110,78,0,78,188
07/24/2001,RST,MN,AGL,CE,Combined TRACON& Tower with Radar,26,19,33,14,92,0,0,45,4,49,26,19,78,18,141,92,57,149,290
07/25/2001,RST,MN,AGL,CE,Combined TRACON& Tower with Radar,26,16,41,13,96,0,0,64,1,65,26,16,105,14,161,112,43,155,316
07/26/2001,RST,MN,AGL,CE,Combined TRACON& Tower with Radar,26,19,55,24,124,0,0,92,8,100,26,19,147,32,224,104,70,174,398
07/27/2001,RST,MN,AGL,CE,Combined TRACON& Tower with Radar,27,30,44,2,103,0,0,29,0,29,27,30,73,2,132,102,0,102,234
07/28/2001,RST,MN,AGL,CE,Combined TRACON& Tower with Radar,20,9,26,1,56,0,0,40,1,41,20,9,66,2,97,168,0,168,265
07/29/2001,RST,MN,AGL,CE,Combined TRACON& Tower with Radar,18,18,21,1,58,0,0,84,0,84,18,18,105,1,142,184,0,184,326
07/30/2001,RST,MN,AGL,CE,Combined TRACON& Tower with Radar,23,15,40,4,82,0,0,46,0,46,23,15,86,4,128,108,4,112,240
07/31/2001,RST,MN,AGL,CE,Combined TRACON& Tower with Radar,28,23,55,8,114,0,0,49,0,49,28,23,104,8,163,138,16,154,317
08/01/2001,RST,MN,AGL,CE,Combined TRACON& Tower with Radar,30,18,30,2,80,1,0,31,0,32,31,18,61,2,112,78,0,78,190
08/02/2001,RST,MN,AGL,CE,Combined TRACON& Tower with Radar,22,18,39,9,88,1,0,48,0,49,23,18,87,9,137,50,12,62,199
08/03/2001,RST,MN,AGL,CE,Combined TRACON& Tower with Radar,29,19,35,0,83,1,0,62,0,63,30,19,97,0,146,232,0,232,378
08/04/2001,RST,MN,AGL,CE,Combined TRACON& Tower with Radar,20,11,29,0,60,1,0,55,0,56,21,11,84,0,116,112,0,112,228
08/05/2001,RST,MN,AGL,CE,Combined TRACON& Tower with Radar,19,17,35,0,71,0,20,43,0,63,19,37,78,0,134,100,0,100,234
08/06/2001,RST,MN,AGL,CE,Combined TRACON& Tower with Radar,22,21,21,0,64,0,0,56,0,56,22,21,77,0,120,132,0,132,252
08/07/2001,RST,MN,AGL,CE,Combined TRACON& Tower with Radar,23,17,61,22,123,0,4,33,2,39,23,21,94,24,162,92,52,144,306
08/08/2001,RST,MN,AGL,CE,Combined TRACON& Tower with Radar,27,20,75,8,130,1,1,61,0,63,28,21,136,8,193,160,42,202,395
08/09/2001,RST,MN,AGL,CE,Combined TRACON& Tower with Radar,25,17,50,26,118,0,0,30,4,34,25,17,80,30,152,56,28,84,236
08/10/2001,RST,MN,AGL,CE,Combined TRACON& Tower with Radar,27,19,39,0,85,0,0,71,0,71,27,19,110,0,156,136,0,136,292
08/11/2001,RST,MN,AGL,CE,Combined TRACON& Tower with Radar,21,8,38,0,67,0,0,96,0,96,21,8,134,0,163,180,0,180,343
08/12/2001,RST,MN,AGL,CE,Combined TRACON& Tower with Radar,15,15,28,0,58,0,0,53,0,53,15,15,81,0,111,148,0,148,259
08/13/2001,RST,MN,AGL,CE,Combined TRACON& Tower with Radar,23,16,27,8,74,0,1,82,0,83,23,17,109,8,157,106,14,120,277
08/14/2001,RST,MN,AGL,CE,Combined TRACON& Tower with Radar,27,18,38,17,100,0,0,55,0,55,27,18,93,17,155,92,9,101,256
08/15/2001,RST,MN,AGL,CE,Combined TRACON& Tower with Radar,28,28,38,2,96,0,0,13,0,13,28,28,51,2,109,98,0,98,207
08/16/2001,RST,MN,AGL,CE,Combined TRACON& Tower with Radar,26,24,48,2,100,0,0,34,0,34,26,24,82,2,134,81,0,81,215
08/17/2001,RST,MN,AGL,CE,Combined TRACON& Tower with Radar,26,16,37,0,79,0,0,70,0,70,26,16,107,0,149,104,0,104,253
08/18/2001,RST,MN,AGL,CE,Combined TRACON& Tower with Radar,23,16,26,0,65,0,0,20,0,20,23,16,46,0,85,12,0,12,97
08/19/2001,RST,MN,AGL,CE,Combined TRACON& Tower with Radar,17,11,27,0,55,0,0,80,0,80,17,11,107,0,135,188,0,188,323
08/20/2001,RST,MN,AGL,CE,Combined TRACON& Tower with Radar,23,19,27,6,75,0,0,74,0,74,23,19,101,6,149,108,18,126,275
08/21/2001,RST,MN,AGL,CE,Combined TRACON& Tower with Radar,26,28,34,2,90,0,0,34,0,34,26,28,68,2,124,90,2,92,216
08/22/2001,RST,MN,AGL,CE,Combined TRACON& Tower with Radar,24,25,41,6,96,0,4,47,1,52,24,29,88,7,148,162,28,190,338
08/23/2001,RST,MN,AGL,CE,Combined TRACON& Tower with Radar,28,18,65,10,121,0,0,62,2,64,28,18,127,12,185,106,12,118,303
08/24/2001,RST,MN,AGL,CE,Combined TRACON& Tower with Radar,27,21,34,10,92,0,1,36,0,37,27,22,70,10,129,24,1,25,154
08/25/2001,RST,MN,AGL,CE,Combined TRACON& Tower with Radar,20,9,36,0,65,0,0,13,0,13,20,9,49,0,78,67,0,67,145
08/26/2001,RST,MN,AGL,CE,Combined TRACON& Tower with Radar,15,12,39,0,66,2,0,77,0,79,17,12,116,0,145,144,0,144,289
08/27/2001,RST,MN,AGL,CE,Combined TRACON& Tower with Radar,22,14,48,0,84,0,0,52,0,52,22,14,100,0,136,117,0,117,253
08/28/2001,RST,MN,AGL,CE,Combined TRACON& Tower with Radar,26,19,48,6,99,0,0,91,12,103,26,19,139,18,202,194,34,228,430
08/29/2001,RST,MN,AGL,CE,Combined TRACON& Tower with Radar,28,17,50,16,111,0,1,49,0,50,28,18,99,16,161,82,26,108,269
08/30/2001,RST,MN,AGL,CE,Combined TRACON& Tower with Radar,24,23,37,10,94,0,0,39,0,39,24,23,76,10,133,104,14,118,251
08/31/2001,RST,MN,AGL,CE,Combined TRACON& Tower with Radar,25,16,41,0,82,0,0,68,0,68,25,16,109,0,150,118,0,118,268
09/01/2001,RST,MN,AGL,CE,Combined TRACON& Tower with Radar,16,9,10,0,35,0,0,47,0,47,16,9,57,0,82,32,0,32,114
09/02/2001,RST,MN,AGL,CE,Combined TRACON& Tower with Radar,16,10,7,0,33,0,0,28,0,28,16,10,35,0,61,40,0,40,101
09/03/2001,RST,MN,AGL,CE,Combined TRACON& Tower with Radar,18,17,28,0,63,0,0,87,0,87,18,17,115,0,150,130,0,130,280
09/04/2001,RST,MN,AGL,CE,Combined TRACON& Tower with Radar,23,18,32,13,86,0,0,68,0,68,23,18,100,13,154,123,42,165,319
09/05/2001,RST,MN,AGL,CE,Combined TRACON& Tower with Radar,26,23,49,12,110,0,0,61,2,63,26,23,110,14,173,176,38,214,387
09/06/2001,RST,MN,AGL,CE,Combined TRACON& Tower with Radar,21,18,54,15,108,0,0,26,0,26,21,18,80,15,134,76,5,81,215
09/07/2001,RST,MN,AGL,CE,Combined TRACON& Tower with Radar,21,17,27,0,65,0,6,14,0,20,21,23,41,0,85,42,0,42,127
09/08/2001,RST,MN,AGL,CE,Combined TRACON& Tower with Radar,19,14,41,0,74,0,0,18,0,18,19,14,59,0,92,70,0,70,162
09/09/2001,RST,MN,AGL,CE,Combined TRACON& Tower with Radar,24,19,51,0,94,0,0,33,0,33,24,19,84,0,127,133,0,133,260
09/10/2001,RST,MN,AGL,CE,Combined TRACON& Tower with Radar,23,22,44,0,89,0,0,49,0,49,23,22,93,0,138,182,0,182,320
09/11/2001,RST,MN,AGL,CE,Combined TRACON& Tower with Radar,6,2,3,0,11,0,0,5,0,5,6,2,8,0,16,20,0,20,36
09/12/2001,RST,MN,AGL,CE,Combined TRACON& Tower with Radar,0,0,0,0,0,0,0,0,0,0,0,0,0,0,0,0,0,0,0
09/13/2001,RST,MN,AGL,CE,Combined TRACON& Tower with Radar,4,29,0,0,33,0,0,0,0,0,4,29,0,0,33,0,0,0,33
09/14/2001,RST,MN,AGL,CE,Combined TRACON& Tower with Radar,14,49,7,2,72,0,0,3,0,3,14,49,10,2,75,0,2,2,77
09/15/2001,RST,MN,AGL,CE,Combined TRACON& Tower with Radar,11,12,51,10,84,0,0,0,0,0,11,12,51,10,84,0,0,0,84
09/16/2001,RST,MN,AGL,CE,Combined TRACON& Tower with Radar,18,15,44,0,77,0,0,4,0,4,18,15,48,0,81,0,0,0,81
09/17/2001,RST,MN,AGL,CE,Combined TRACON& Tower with Radar,24,24,51,20,119,0,0,0,0,0,24,24,51,20,119,0,4,4,123
09/18/2001,RST,MN,AGL,CE,Combined TRACON& Tower with Radar,28,21,66,36,151,0,0,0,4,4,28,21,66,40,155,0,28,28,183
09/19/2001,RST,MN,AGL,CE,Combined TRACON& Tower with Radar,29,33,63,40,165,0,0,2,0,2,29,33,65,40,167,0,18,18,185
09/20/2001,RST,MN,AGL,CE,Combined TRACON& Tower with Radar,22,23,46,0,91,0,0,6,0,6,22,23,52,0,97,0,0,0,97
09/21/2001,RST,MN,AGL,CE,Combined TRACON& Tower with Radar,25,19,66,0,110,0,0,17,0,17,25,19,83,0,127,22,0,22,149
09/22/2001,RST,MN,AGL,CE,Combined TRACON& Tower with Radar,20,11,20,2,53,1,0,28,0,29,21,11,48,2,82,136,0,136,218
09/23/2001,RST,MN,AGL,CE,Combined TRACON& Tower with Radar,17,9,23,0,49,0,1,2,0,3,17,10,25,0,52,0,0,0,52
09/24/2001,RST,MN,AGL,CE,Combined TRACON& Tower with Radar,21,14,41,0,76,0,4,63,0,67,21,18,104,0,143,130,0,130,273
09/25/2001,RST,MN,AGL,CE,Combined TRACON& Tower with Radar,23,16,45,8,92,0,0,61,2,63,23,16,106,10,155,108,5,113,268
09/26/2001,RST,MN,AGL,CE,Combined TRACON& Tower with Radar,22,15,42,2,81,0,0,63,0,63,22,15,105,2,144,110,6,116,260
09/27/2001,RST,MN,AGL,CE,Combined TRACON& Tower with Radar,24,26,51,8,109,0,0,61,7,68,24,26,112,15,177,136,21,157,334
09/28/2001,RST,MN,AGL,CE,Combined TRACON& Tower with Radar,25,19,50,5,99,0,0,72,0,72,25,19,122,5,171,115,9,124,295
09/29/2001,RST,MN,AGL,CE,Combined TRACON& Tower with Radar,16,9,20,0,45,0,1,29,0,30,16,10,49,0,75,90,0,90,165
09/30/2001,RST,MN,AGL,CE,Combined TRACON& Tower with Radar,18,15,36,0,69,0,0,79,0,79,18,15,115,0,148,162,0,162,310
10/01/2001,RST,MN,AGL,CE,Combined TRACON& Tower with Radar,38,16,41,8,103,1,0,56,0,57,39,16,97,8,160,140,38,178,338
10/02/2001,RST,MN,AGL,CE,Combined TRACON& Tower with Radar,20,17,48,20,105,1,1,33,1,36,21,18,81,21,141,70,29,99,240
10/03/2001,RST,MN,AGL,CE,Combined TRACON& Tower with Radar,23,13,46,18,100,1,0,24,2,27,24,13,70,20,127,88,20,108,235
10/04/2001,RST,MN,AGL,CE,Combined TRACON& Tower with Radar,24,19,45,9,97,0,3,11,11,25,24,22,56,20,122,102,78,180,302
10/05/2001,RST,MN,AGL,CE,Combined TRACON& Tower with Radar,26,11,12,4,53,0,2,40,0,42,26,13,52,4,95,38,6,44,139
10/06/2001,RST,MN,AGL,CE,Combined TRACON& Tower with Radar,17,8,32,0,57,0,2,62,0,64,17,10,94,0,121,148,0,148,269
10/07/2001,RST,MN,AGL,CE,Combined TRACON& Tower with Radar,17,14,30,0,61,0,0,76,0,76,17,14,106,0,137,74,0,74,211
10/08/2001,RST,MN,AGL,CE,Combined TRACON& Tower with Radar,21,17,38,0,76,0,0,13,0,13,21,17,51,0,89,4,0,4,93
10/09/2001,RST,MN,AGL,CE,Combined TRACON& Tower with Radar,24,9,34,0,67,0,0,11,0,11,24,9,45,0,78,8,0,8,86
10/10/2001,RST,MN,AGL,CE,Combined TRACON& Tower with Radar,24,19,42,16,101,0,0,21,0,21,24,19,63,16,122,30,0,30,152
10/11/2001,RST,MN,AGL,CE,Combined TRACON& Tower with Radar,25,11,37,18,91,0,1,71,0,72,25,12,108,18,163,104,49,153,316
10/12/2001,RST,MN,AGL,CE,Combined TRACON& Tower with Radar,22,10,45,0,77,0,2,44,0,46,22,12,89,0,123,68,0,68,191
10/13/2001,RST,MN,AGL,CE,Combined TRACON& Tower with Radar,16,6,20,2,44,0,0,7,0,7,16,6,27,2,51,2,0,2,53
10/14/2001,RST,MN,AGL,CE,Combined TRACON& Tower with Radar,16,9,29,1,55,0,0,9,1,10,16,9,38,2,65,30,0,30,95
10/15/2001,RST,MN,AGL,CE,Combined TRACON& Tower with Radar,22,6,49,0,77,1,2,14,0,17,23,8,63,0,94,78,0,78,172
10/16/2001,RST,MN,AGL,CE,Combined TRACON& Tower with Radar,23,16,35,10,84,0,0,25,0,25,23,16,60,10,109,26,14,40,149
10/17/2001,RST,MN,AGL,CE,Combined TRACON& Tower with Radar,26,18,52,15,111,0,0,33,0,33,26,18,85,15,144,147,45,192,336
10/18/2001,RST,MN,AGL,CE,Combined TRACON& Tower with Radar,22,17,30,10,79,0,2,25,0,27,22,19,55,10,106,56,0,56,162
10/19/2001,RST,MN,AGL,CE,Combined TRACON& Tower with Radar,23,17,36,0,76,0,0,55,0,55,23,17,91,0,131,30,0,30,161
10/20/2001,RST,MN,AGL,CE,Combined TRACON& Tower with Radar,17,4,24,0,45,0,1,53,0,54,17,5,77,0,99,66,0,66,165
10/21/2001,RST,MN,AGL,CE,Combined TRACON& Tower with Radar,14,15,36,0,65,0,0,79,0,79,14,15,115,0,144,84,0,84,228
10/22/2001,RST,MN,AGL,CE,Combined TRACON& Tower with Radar,21,10,44,8,83,0,0,50,0,50,21,10,94,8,133,100,4,104,237
10/23/2001,RST,MN,AGL,CE,Combined TRACON& Tower with Radar,25,16,50,14,105,0,3,46,0,49,25,19,96,14,154,105,18,123,277
10/24/2001,RST,MN,AGL,CE,Combined TRACON& Tower with Radar,24,19,29,27,99,0,0,14,0,14,24,19,43,27,113,66,55,121,234
10/25/2001,RST,MN,AGL,CE,Combined TRACON& Tower with Radar,22,19,18,0,59,0,0,1,0,1,22,19,19,0,60,0,0,0,60
10/26/2001,RST,MN,AGL,CE,Combined TRACON& Tower with Radar,24,15,42,0,81,0,0,8,2,10,24,15,50,2,91,58,0,58,149
10/27/2001,RST,MN,AGL,CE,Combined TRACON& Tower with Radar,17,3,17,0,37,0,0,65,0,65,17,3,82,0,102,76,0,76,178
10/28/2001,RST,MN,AGL,CE,Combined TRACON& Tower with Radar,16,12,28,0,56,0,1,15,0,16,16,13,43,0,72,8,0,8,80
10/29/2001,RST,MN,AGL,CE,Combined TRACON& Tower with Radar,22,20,32,0,74,0,0,36,0,36,22,20,68,0,110,128,0,128,238
10/30/2001,RST,MN,AGL,CE,Combined TRACON& Tower with Radar,23,29,39,11,102,0,0,8,1,9,23,29,47,12,111,8,14,22,133
10/31/2001,RST,MN,AGL,CE,Combined TRACON& Tower with Radar,26,21,43,2,92,0,0,29,1,30,26,21,72,3,122,46,4,50,172
11/01/2001,RST,MN,AGL,CE,Combined TRACON& Tower with Radar,24,20,17,21,82,0,0,53,4,57,24,20,70,25,139,130,29,159,298
11/02/2001,RST,MN,AGL,CE,Combined TRACON& Tower with Radar,20,12,27,0,59,5,4,37,0,46,25,16,64,0,105,80,0,80,185
11/03/2001,RST,MN,AGL,CE,Combined TRACON& Tower with Radar,18,10,27,2,57,0,0,76,0,76,18,10,103,2,133,210,0,210,343
11/04/2001,RST,MN,AGL,CE,Combined TRACON& Tower with Radar,18,4,31,0,53,0,0,68,0,68,18,4,99,0,121,166,0,166,287
11/05/2001,RST,MN,AGL,CE,Combined TRACON& Tower with Radar,21,16,25,7,69,0,0,37,5,42,21,16,62,12,111,92,30,122,233
11/06/2001,RST,MN,AGL,CE,Combined TRACON& Tower with Radar,24,17,34,1,76,0,0,35,1,36,24,17,69,2,112,82,0,82,194
11/07/2001,RST,MN,AGL,CE,Combined TRACON& Tower with Radar,24,12,33,14,83,0,0,36,1,37,24,12,69,15,120,46,49,95,215
11/08/2001,RST,MN,AGL,CE,Combined TRACON& Tower with Radar,25,17,35,15,92,0,0,24,3,27,25,17,59,18,119,66,20,86,205
11/09/2001,RST,MN,AGL,CE,Combined TRACON& Tower with Radar,24,13,35,8,80,0,0,54,0,54,24,13,89,8,134,54,6,60,194
11/10/2001,RST,MN,AGL,CE,Combined TRACON& Tower with Radar,17,7,24,0,48,0,0,69,0,69,17,7,93,0,117,126,0,126,243
11/11/2001,RST,MN,AGL,CE,Combined TRACON& Tower with Radar,16,3,52,0,71,0,0,63,0,63,16,3,115,0,134,149,0,149,283
11/12/2001,RST,MN,AGL,CE,Combined TRACON& Tower with Radar,20,11,28,0,59,0,0,22,0,22,20,11,50,0,81,66,0,66,147
11/13/2001,RST,MN,AGL,CE,Combined TRACON& Tower with Radar,26,20,68,19,133,0,0,4,1,5,26,20,72,20,138,0,0,0,138
11/14/2001,RST,MN,AGL,CE,Combined TRACON& Tower with Radar,24,22,66,45,157,0,0,1,0,1,24,22,67,45,158,0,2,2,160
11/15/2001,RST,MN,AGL,CE,Combined TRACON& Tower with Radar,24,22,21,0,67,0,0,44,2,46,24,22,65,2,113,116,0,116,229
11/16/2001,RST,MN,AGL,CE,Combined TRACON& Tower with Radar,22,18,45,0,85,0,0,46,0,46,22,18,91,0,131,44,0,44,175
11/17/2001,RST,MN,AGL,CE,Combined TRACON& Tower with Radar,15,14,37,0,66,0,0,44,0,44,15,14,81,0,110,114,0,114,224
11/18/2001,RST,MN,AGL,CE,Combined TRACON& Tower with Radar,16,5,73,0,94,1,0,9,0,10,17,5,82,0,104,70,0,70,174
11/19/2001,RST,MN,AGL,CE,Combined TRACON& Tower with Radar,21,8,19,9,57,0,0,32,0,32,21,8,51,9,89,51,0,51,140
11/20/2001,RST,MN,AGL,CE,Combined TRACON& Tower with Radar,23,22,26,22,93,0,1,34,10,45,23,23,60,32,138,28,82,110,248
11/21/2001,RST,MN,AGL,CE,Combined TRACON& Tower with Radar,26,14,30,2,72,0,0,56,0,56,26,14,86,2,128,70,0,70,198
11/22/2001,RST,MN,AGL,CE,Combined TRACON& Tower with Radar,14,4,10,0,28,2,1,36,0,39,16,5,46,0,67,80,0,80,147
11/23/2001,RST,MN,AGL,CE,Combined TRACON& Tower with Radar,16,16,9,0,41,0,0,57,0,57,16,16,66,0,98,101,0,101,199
11/24/2001,RST,MN,AGL,CE,Combined TRACON& Tower with Radar,17,4,37,0,58,0,0,3,0,3,17,4,40,0,61,26,0,26,87
11/25/2001,RST,MN,AGL,CE,Combined TRACON& Tower with Radar,16,10,16,0,42,0,0,14,0,14,16,10,30,0,56,48,0,48,104
11/26/2001,RST,MN,AGL,CE,Combined TRACON& Tower with Radar,17,17,17,0,51,0,0,2,0,2,17,17,19,0,53,0,0,0,53
11/27/2001,RST,MN,AGL,CE,Combined TRACON& Tower with Radar,24,14,26,0,64,0,0,1,0,1,24,14,27,0,65,0,0,0,65
11/28/2001,RST,MN,AGL,CE,Combined TRACON& Tower with Radar,22,14,25,0,61,0,0,0,0,0,22,14,25,0,61,0,0,0,61
11/29/2001,RST,MN,AGL,CE,Combined TRACON& Tower with Radar,26,14,31,34,105,0,0,5,0,5,26,14,36,34,110,58,2,60,170
11/30/2001,RST,MN,AGL,CE,Combined TRACON& Tower with Radar,26,17,22,0,65,0,0,0,0,0,26,17,22,0,65,0,0,0,65
12/01/2001,RST,MN,AGL,CE,Combined TRACON& Tower with Radar,16,12,23,0,51,1,0,10,0,11,17,12,33,0,62,44,0,44,106
12/02/2001,RST,MN,AGL,CE,Combined TRACON& Tower with Radar,15,7,24,0,46,1,0,60,0,61,16,7,84,0,107,188,0,188,295
12/03/2001,RST,MN,AGL,CE,Combined TRACON& Tower with Radar,20,7,23,0,50,1,1,35,0,37,21,8,58,0,87,64,0,64,151
12/04/2001,RST,MN,AGL,CE,Combined TRACON& Tower with Radar,23,20,47,9,99,0,0,9,7,16,23,20,56,16,115,26,2,28,143
12/05/2001,RST,MN,AGL,CE,Combined TRACON& Tower with Radar,27,15,18,16,76,1,0,0,0,1,28,15,18,16,77,0,0,0,77
12/06/2001,RST,MN,AGL,CE,Combined TRACON& Tower with Radar,25,16,51,15,107,1,3,68,5,77,26,19,119,20,184,104,30,134,318
12/07/2001,RST,MN,AGL,CE,Combined TRACON& Tower with Radar,21,12,30,0,63,1,0,11,0,12,22,12,41,0,75,46,0,46,121
12/08/2001,RST,MN,AGL,CE,Combined TRACON& Tower with Radar,15,8,39,17,79,1,0,36,0,37,16,8,75,17,116,33,8,41,157
12/09/2001,RST,MN,AGL,CE,Combined TRACON& Tower with Radar,15,3,20,0,38,1,0,53,0,54,16,3,73,0,92,78,0,78,170
12/10/2001,RST,MN,AGL,CE,Combined TRACON& Tower with Radar,21,10,28,34,93,1,0,36,0,37,22,10,64,34,130,108,66,174,304
12/11/2001,RST,MN,AGL,CE,Combined TRACON& Tower with Radar,27,15,37,13,92,1,0,19,8,28,28,15,56,21,120,38,28,66,186
12/12/2001,RST,MN,AGL,CE,Combined TRACON& Tower with Radar,29,10,31,5,75,1,0,0,0,1,30,10,31,5,76,0,0,0,76
12/13/2001,RST,MN,AGL,CE,Combined TRACON& Tower with Radar,27,19,46,2,94,0,0,9,0,9,27,19,55,2,103,0,0,0,103
12/14/2001,RST,MN,AGL,CE,Combined TRACON& Tower with Radar,26,13,37,0,76,1,0,0,0,1,27,13,37,0,77,0,0,0,77
12/15/2001,RST,MN,AGL,CE,Combined TRACON& Tower with Radar,17,6,24,0,47,1,3,18,0,22,18,9,42,0,69,48,0,48,117
12/16/2001,RST,MN,AGL,CE,Combined TRACON& Tower with Radar,15,6,22,0,43,1,0,0,0,1,16,6,22,0,44,0,0,0,44
12/17/2001,RST,MN,AGL,CE,Combined TRACON& Tower with Radar,21,18,57,2,98,1,0,43,0,44,22,18,100,2,142,158,0,158,300
12/18/2001,RST,MN,AGL,CE,Combined TRACON& Tower with Radar,25,26,47,22,120,1,0,60,0,61,26,26,107,22,181,67,50,117,298
12/19/2001,RST,MN,AGL,CE,Combined TRACON& Tower with Radar,29,24,33,11,97,1,0,63,3,67,30,24,96,14,164,84,18,102,266
12/20/2001,RST,MN,AGL,CE,Combined TRACON& Tower with Radar,27,18,45,16,106,1,0,97,0,98,28,18,142,16,204,118,32,150,354
12/21/2001,RST,MN,AGL,CE,Combined TRACON& Tower with Radar,30,22,38,0,90,0,1,28,0,29,30,23,66,0,119,63,0,63,182
12/22/2001,RST,MN,AGL,CE,Combined TRACON& Tower with Radar,17,13,15,0,45,0,1,0,0,1,17,14,15,0,46,0,0,0,46
12/23/2001,RST,MN,AGL,CE,Combined TRACON& Tower with Radar,15,9,12,0,36,0,1,7,0,8,15,10,19,0,44,0,0,0,44
12/24/2001,RST,MN,AGL,CE,Combined TRACON& Tower with Radar,15,11,16,0,42,0,0,7,0,7,15,11,23,0,49,0,4,4,53
12/25/2001,RST,MN,AGL,CE,Combined TRACON& Tower with Radar,19,12,4,0,35,0,0,8,0,8,19,12,12,0,43,8,0,8,51
12/26/2001,RST,MN,AGL,CE,Combined TRACON& Tower with Radar,20,19,13,0,52,0,0,3,0,3,20,19,16,0,55,0,0,0,55
12/27/2001,RST,MN,AGL,CE,Combined TRACON& Tower with Radar,21,15,17,0,53,0,1,8,0,9,21,16,25,0,62,16,0,16,78
12/28/2001,RST,MN,AGL,CE,Combined TRACON& Tower with Radar,24,9,24,0,57,0,6,18,0,24,24,15,42,0,81,20,0,20,101
12/29/2001,RST,MN,AGL,CE,Combined TRACON& Tower with Radar,15,9,21,0,45,0,0,44,0,44,15,9,65,0,89,114,0,114,203
12/30/2001,RST,MN,AGL,CE,Combined TRACON& Tower with Radar,16,9,18,0,43,0,1,15,0,16,16,10,33,0,59,156,0,156,215
12/31/2001,RST,MN,AGL,CE,Combined TRACON& Tower with Radar,18,8,7,0,33,0,0,35,0,35,18,8,42,0,68,150,0,150,218
01/01/2002,RST,MN,AGL,CE,Combined TRACON& Tower with Radar,15,10,7,0,32,0,0,11,0,11,15,10,18,0,43,46,0,46,89
01/02/2002,RST,MN,AGL,CE,Combined TRACON& Tower with Radar,22,18,17,10,67,0,0,46,4,50,22,18,63,14,117,64,28,92,209
01/03/2002,RST,MN,AGL,CE,Combined TRACON& Tower with Radar,24,14,26,19,83,0,0,34,0,34,24,14,60,19,117,130,72,202,319
01/04/2002,RST,MN,AGL,CE,Combined TRACON& Tower with Radar,24,18,27,0,69,0,0,43,0,43,24,18,70,0,112,62,0,62,174
01/05/2002,RST,MN,AGL,CE,Combined TRACON& Tower with Radar,17,8,30,0,55,0,0,49,0,49,17,8,79,0,104,208,0,208,312
01/06/2002,RST,MN,AGL,CE,Combined TRACON& Tower with Radar,19,11,22,0,52,0,0,24,0,24,19,11,46,0,76,62,0,62,138
01/07/2002,RST,MN,AGL,CE,Combined TRACON& Tower with Radar,20,16,33,0,69,0,0,34,0,34,20,16,67,0,103,56,0,56,159
01/08/2002,RST,MN,AGL,CE,Combined TRACON& Tower with Radar,21,19,49,13,102,0,0,32,3,35,21,19,81,16,137,42,38,80,217
01/09/2002,RST,MN,AGL,CE,Combined TRACON& Tower with Radar,26,18,30,14,88,0,0,51,0,51,26,18,81,14,139,106,29,135,274
01/10/2002,RST,MN,AGL,CE,Combined TRACON& Tower with Radar,22,18,34,10,84,0,4,1,0,5,22,22,35,10,89,10,15,25,114
01/11/2002,RST,MN,AGL,CE,Combined TRACON& Tower with Radar,21,21,29,0,71,0,0,50,0,50,21,21,79,0,121,98,0,98,219
01/12/2002,RST,MN,AGL,CE,Combined TRACON& Tower with Radar,17,9,20,0,46,0,0,69,0,69,17,9,89,0,115,120,0,120,235
01/13/2002,RST,MN,AGL,CE,Combined TRACON& Tower with Radar,17,11,24,0,52,1,0,28,0,29,18,11,52,0,81,94,0,94,175
01/14/2002,RST,MN,AGL,CE,Combined TRACON& Tower with Radar,21,16,35,0,72,0,0,0,0,0,21,16,35,0,72,0,0,0,72
01/15/2002,RST,MN,AGL,CE,Combined TRACON& Tower with Radar,22,18,24,6,70,0,0,11,0,11,22,18,35,6,81,24,13,37,118
01/16/2002,RST,MN,AGL,CE,Combined TRACON& Tower with Radar,22,19,19,0,60,0,0,2,0,2,22,19,21,0,62,0,0,0,62
01/17/2002,RST,MN,AGL,CE,Combined TRACON& Tower with Radar,23,13,26,0,62,0,1,19,0,20,23,14,45,0,82,156,0,156,238
01/18/2002,RST,MN,AGL,CE,Combined TRACON& Tower with Radar,23,17,37,0,77,0,0,49,0,49,23,17,86,0,126,134,0,134,260
01/19/2002,RST,MN,AGL,CE,Combined TRACON& Tower with Radar,17,12,32,0,61,0,0,12,0,12,17,12,44,0,73,50,0,50,123
01/20/2002,RST,MN,AGL,CE,Combined TRACON& Tower with Radar,18,13,19,0,50,0,0,38,0,38,18,13,57,0,88,204,0,204,292
01/21/2002,RST,MN,AGL,CE,Combined TRACON& Tower with Radar,21,16,27,0,64,1,0,29,0,30,22,16,56,0,94,84,0,84,178
01/22/2002,RST,MN,AGL,CE,Combined TRACON& Tower with Radar,40,15,43,23,121,0,3,30,9,42,40,18,73,32,163,20,56,76,239
01/23/2002,RST,MN,AGL,CE,Combined TRACON& Tower with Radar,23,12,47,2,84,0,0,0,0,0,23,12,47,2,84,0,0,0,84
01/24/2002,RST,MN,AGL,CE,Combined TRACON& Tower with Radar,22,14,25,14,75,0,1,63,6,70,22,15,88,20,145,144,16,160,305
01/25/2002,RST,MN,AGL,CE,Combined TRACON& Tower with Radar,24,13,39,3,79,0,1,31,1,33,24,14,70,4,112,150,14,164,276
01/26/2002,RST,MN,AGL,CE,Combined TRACON& Tower with Radar,17,11,26,0,54,0,0,114,0,114,17,11,140,0,168,190,0,190,358
01/27/2002,RST,MN,AGL,CE,Combined TRACON& Tower with Radar,18,11,32,0,61,0,0,65,0,65,18,11,97,0,126,174,0,174,300
01/28/2002,RST,MN,AGL,CE,Combined TRACON& Tower with Radar,21,16,18,0,55,0,0,1,0,1,21,16,19,0,56,26,0,26,82
01/29/2002,RST,MN,AGL,CE,Combined TRACON& Tower with Radar,22,16,31,11,80,0,1,0,0,1,22,17,31,11,81,0,0,0,81
01/30/2002,RST,MN,AGL,CE,Combined TRACON& Tower with Radar,20,16,25,25,86,0,0,10,3,13,20,16,35,28,99,54,38,92,191
01/31/2002,RST,MN,AGL,CE,Combined TRACON& Tower with Radar,20,14,27,0,61,0,0,3,0,3,20,14,30,0,64,0,0,0,64
02/01/2002,RST,MN,AGL,CE,Combined TRACON& Tower with Radar,23,21,30,0,74,1,0,39,0,40,24,21,69,0,114,94,0,94,208
02/02/2002,RST,MN,AGL,CE,Combined TRACON& Tower with Radar,16,9,14,0,39,0,0,24,0,24,16,9,38,0,63,48,0,48,111
02/03/2002,RST,MN,AGL,CE,Combined TRACON& Tower with Radar,17,10,43,0,70,0,0,24,0,24,17,10,67,0,94,40,0,40,134
02/04/2002,RST,MN,AGL,CE,Combined TRACON& Tower with Radar,21,14,33,3,71,1,1,40,1,43,22,15,73,4,114,28,126,154,268
02/05/2002,RST,MN,AGL,CE,Combined TRACON& Tower with Radar,22,20,39,4,85,0,0,33,1,34,22,20,72,5,119,152,10,162,281
02/06/2002,RST,MN,AGL,CE,Combined TRACON& Tower with Radar,23,16,44,8,91,0,2,35,0,37,23,18,79,8,128,106,20,126,254
02/07/2002,RST,MN,AGL,CE,Combined TRACON& Tower with Radar,24,24,49,2,99,0,0,79,0,79,24,24,128,2,178,174,0,174,352
02/08/2002,RST,MN,AGL,CE,Combined TRACON& Tower with Radar,22,22,42,0,86,0,0,39,0,39,22,22,81,0,125,52,0,52,177
02/09/2002,RST,MN,AGL,CE,Combined TRACON& Tower with Radar,20,9,21,0,50,0,1,7,0,8,20,10,28,0,58,90,0,90,148
02/10/2002,RST,MN,AGL,CE,Combined TRACON& Tower with Radar,17,8,25,0,50,0,0,19,0,19,17,8,44,0,69,28,0,28,97
02/11/2002,RST,MN,AGL,CE,Combined TRACON& Tower with Radar,23,17,35,0,75,0,0,14,0,14,23,17,49,0,89,0,0,0,89
02/12/2002,RST,MN,AGL,CE,Combined TRACON& Tower with Radar,24,15,25,2,66,4,0,6,0,10,28,15,31,2,76,10,0,10,86
02/13/2002,RST,MN,AGL,CE,Combined TRACON& Tower with Radar,22,17,51,9,99,0,0,42,3,45,22,17,93,12,144,192,60,252,396
02/14/2002,RST,MN,AGL,CE,Combined TRACON& Tower with Radar,24,20,27,4,75,0,0,13,0,13,24,20,40,4,88,0,2,2,90
02/15/2002,RST,MN,AGL,CE,Combined TRACON& Tower with Radar,24,18,41,2,85,0,0,18,0,18,24,18,59,2,103,44,0,44,147
02/16/2002,RST,MN,AGL,CE,Combined TRACON& Tower with Radar,16,9,33,0,58,0,0,38,0,38,16,9,71,0,96,54,0,54,150
02/17/2002,RST,MN,AGL,CE,Combined TRACON& Tower with Radar,15,9,21,1,46,0,0,105,0,105,15,9,126,1,151,144,0,144,295
02/18/2002,RST,MN,AGL,CE,Combined TRACON& Tower with Radar,21,16,31,0,68,0,0,12,0,12,21,16,43,0,80,54,0,54,134
02/19/2002,RST,MN,AGL,CE,Combined TRACON& Tower with Radar,21,14,10,0,45,0,2,2,0,4,21,16,12,0,49,0,0,0,49
02/20/2002,RST,MN,AGL,CE,Combined TRACON& Tower with Radar,24,20,20,0,64,0,0,2,0,2,24,20,22,0,66,0,0,0,66
02/21/2002,RST,MN,AGL,CE,Combined TRACON& Tower with Radar,24,14,35,1,74,0,0,34,1,35,24,14,69,2,109,24,3,27,136
02/22/2002,RST,MN,AGL,CE,Combined TRACON& Tower with Radar,22,20,38,0,80,0,0,32,0,32,22,20,70,0,112,51,0,51,163
02/23/2002,RST,MN,AGL,CE,Combined TRACON& Tower with Radar,16,15,29,0,60,0,0,22,0,22,16,15,51,0,82,34,0,34,116
02/24/2002,RST,MN,AGL,CE,Combined TRACON& Tower with Radar,15,12,24,0,51,0,2,20,0,22,15,14,44,0,73,32,0,32,105
02/25/2002,RST,MN,AGL,CE,Combined TRACON& Tower with Radar,25,15,33,2,75,0,0,18,6,24,25,15,51,8,99,88,20,108,207
02/26/2002,RST,MN,AGL,CE,Combined TRACON& Tower with Radar,22,17,14,2,55,0,0,1,0,1,22,17,15,2,56,0,0,0,56
02/27/2002,RST,MN,AGL,CE,Combined TRACON& Tower with Radar,22,22,37,2,83,0,0,46,0,46,22,22,83,2,129,43,0,43,172
02/28/2002,RST,MN,AGL,CE,Combined TRACON& Tower with Radar,24,16,34,6,80,0,0,32,0,32,24,16,66,6,112,50,12,62,174
03/01/2002,RST,MN,AGL,CE,Combined TRACON& Tower with Radar,23,17,37,0,77,1,2,29,0,32,24,19,66,0,109,50,2,52,161
03/02/2002,RST,MN,AGL,CE,Combined TRACON& Tower with Radar,14,13,9,0,36,1,0,7,0,8,15,13,16,0,44,10,0,10,54
03/03/2002,RST,MN,AGL,CE,Combined TRACON& Tower with Radar,14,9,13,0,36,1,0,32,0,33,15,9,45,0,69,27,0,27,96
03/04/2002,RST,MN,AGL,CE,Combined TRACON& Tower with Radar,20,20,44,0,84,1,0,6,0,7,21,20,50,0,91,30,0,30,121
03/05/2002,RST,MN,AGL,CE,Combined TRACON& Tower with Radar,37,22,36,0,95,1,0,18,0,19,38,22,54,0,114,78,0,78,192
03/06/2002,RST,MN,AGL,CE,Combined TRACON& Tower with Radar,26,24,51,0,101,0,0,13,0,13,26,24,64,0,114,53,0,53,167
03/07/2002,RST,MN,AGL,CE,Combined TRACON& Tower with Radar,19,16,22,0,57,0,2,0,3,5,19,18,22,3,62,38,7,45,107
03/08/2002,RST,MN,AGL,CE,Combined TRACON& Tower with Radar,21,7,13,0,41,0,0,0,0,0,21,7,13,0,41,0,0,0,41
03/09/2002,RST,MN,AGL,CE,Combined TRACON& Tower with Radar,2,4,6,0,12,0,3,0,0,3,2,7,6,0,15,0,0,0,15
03/10/2002,RST,MN,AGL,CE,Combined TRACON& Tower with Radar,14,9,21,0,44,0,0,25,0,25,14,9,46,0,69,92,0,92,161
03/11/2002,RST,MN,AGL,CE,Combined TRACON& Tower with Radar,21,11,46,0,78,0,2,29,0,31,21,13,75,0,109,76,0,76,185
03/12/2002,RST,MN,AGL,CE,Combined TRACON& Tower with Radar,24,36,34,3,97,0,0,20,1,21,24,36,54,4,118,90,0,90,208
03/13/2002,RST,MN,AGL,CE,Combined TRACON& Tower with Radar,26,36,40,18,120,0,2,20,0,22,26,38,60,18,142,22,80,102,244
03/14/2002,RST,MN,AGL,CE,Combined TRACON& Tower with Radar,18,13,16,0,47,0,0,0,0,0,18,13,16,0,47,0,0,0,47
03/15/2002,RST,MN,AGL,CE,Combined TRACON& Tower with Radar,21,15,41,0,77,0,0,19,0,19,21,15,60,0,96,18,0,18,114
03/16/2002,RST,MN,AGL,CE,Combined TRACON& Tower with Radar,16,17,31,0,64,0,0,107,0,107,16,17,138,0,171,86,0,86,257
03/17/2002,RST,MN,AGL,CE,Combined TRACON& Tower with Radar,15,14,28,0,57,0,0,46,0,46,15,14,74,0,103,22,0,22,125
03/18/2002,RST,MN,AGL,CE,Combined TRACON& Tower with Radar,21,15,45,4,85,0,1,9,0,10,21,16,54,4,95,60,0,60,155
03/19/2002,RST,MN,AGL,CE,Combined TRACON& Tower with Radar,24,21,25,0,70,0,2,0,0,2,24,23,25,0,72,0,0,0,72
03/20/2002,RST,MN,AGL,CE,Combined TRACON& Tower with Radar,24,18,58,28,128,0,0,33,8,41,24,18,91,36,169,64,35,99,268
03/21/2002,RST,MN,AGL,CE,Combined TRACON& Tower with Radar,24,20,36,0,80,0,0,9,0,9,24,20,45,0,89,0,0,0,89
03/22/2002,RST,MN,AGL,CE,Combined TRACON& Tower with Radar,24,18,36,10,88,0,0,33,1,34,24,18,69,11,122,32,8,40,162
03/23/2002,RST,MN,AGL,CE,Combined TRACON& Tower with Radar,16,11,38,0,65,0,2,94,0,96,16,13,132,0,161,160,0,160,321
03/24/2002,RST,MN,AGL,CE,Combined TRACON& Tower with Radar,15,8,28,0,51,0,0,53,0,53,15,8,81,0,104,70,0,70,174
03/25/2002,RST,MN,AGL,CE,Combined TRACON& Tower with Radar,18,16,37,0,71,0,0,36,0,36,18,16,73,0,107,36,0,36,143
03/26/2002,RST,MN,AGL,CE,Combined TRACON& Tower with Radar,22,22,54,6,104,0,0,56,1,57,22,22,110,7,161,113,6,119,280
03/27/2002,RST,MN,AGL,CE,Combined TRACON& Tower with Radar,25,24,52,4,105,0,5,31,2,38,25,29,83,6,143,78,8,86,229
03/28/2002,RST,MN,AGL,CE,Combined TRACON& Tower with Radar,23,21,24,0,68,0,0,27,0,27,23,21,51,0,95,64,0,64,159
03/29/2002,RST,MN,AGL,CE,Combined TRACON& Tower with Radar,26,16,23,0,65,0,0,42,0,42,26,16,65,0,107,12,0,12,119
03/30/2002,RST,MN,AGL,CE,Combined TRACON& Tower with Radar,16,12,18,0,46,0,0,48,0,48,16,12,66,0,94,20,0,20,114
03/31/2002,RST,MN,AGL,CE,Combined TRACON& Tower with Radar,16,8,16,0,40,0,0,18,0,18,16,8,34,0,58,0,0,0,58
04/01/2002,RST,MN,AGL,CE,Combined TRACON& Tower with Radar,20,19,19,0,58,0,0,1,0,1,20,19,20,0,59,0,0,0,59
04/02/2002,RST,MN,AGL,CE,Combined TRACON& Tower with Radar,20,16,32,10,78,0,0,4,0,4,20,16,36,10,82,0,0,0,82
04/03/2002,RST,MN,AGL,CE,Combined TRACON& Tower with Radar,22,12,43,6,83,0,4,13,6,23,22,16,56,12,106,28,36,64,170
04/04/2002,RST,MN,AGL,CE,Combined TRACON& Tower with Radar,23,15,29,2,69,4,0,41,0,45,27,15,70,2,114,26,36,62,176
04/05/2002,RST,MN,AGL,CE,Combined TRACON& Tower with Radar,21,17,28,2,68,0,4,41,2,47,21,21,69,4,115,72,26,98,213
04/06/2002,RST,MN,AGL,CE,Combined TRACON& Tower with Radar,15,10,14,0,39,6,0,19,0,25,21,10,33,0,64,10,0,10,74
04/07/2002,RST,MN,AGL,CE,Combined TRACON& Tower with Radar,15,10,48,0,73,0,1,2,0,3,15,11,50,0,76,22,0,22,98
04/08/2002,RST,MN,AGL,CE,Combined TRACON& Tower with Radar,21,8,27,0,56,0,0,0,0,0,21,8,27,0,56,0,0,0,56
04/09/2002,RST,MN,AGL,CE,Combined TRACON& Tower with Radar,22,19,30,2,73,2,0,57,2,61,24,19,87,4,134,163,0,163,297
04/10/2002,RST,MN,AGL,CE,Combined TRACON& Tower with Radar,22,19,34,25,100,1,0,16,9,26,23,19,50,34,126,8,124,132,258
04/11/2002,RST,MN,AGL,CE,Combined TRACON& Tower with Radar,22,17,35,0,74,0,0,2,0,2,22,17,37,0,76,0,0,0,76
04/12/2002,RST,MN,AGL,CE,Combined TRACON& Tower with Radar,23,14,54,0,91,0,0,34,0,34,23,14,88,0,125,30,0,30,155
04/13/2002,RST,MN,AGL,CE,Combined TRACON& Tower with Radar,16,16,18,0,50,0,0,50,0,50,16,16,68,0,100,86,0,86,186
04/14/2002,RST,MN,AGL,CE,Combined TRACON& Tower with Radar,16,11,38,0,65,0,1,40,0,41,16,12,78,0,106,60,0,60,166
04/15/2002,RST,MN,AGL,CE,Combined TRACON& Tower with Radar,19,19,45,0,83,3,0,20,0,23,22,19,65,0,106,33,0,33,139
04/16/2002,RST,MN,AGL,CE,Combined TRACON& Tower with Radar,22,13,35,12,82,0,0,13,0,13,22,13,48,12,95,16,44,60,155
04/17/2002,RST,MN,AGL,CE,Combined TRACON& Tower with Radar,22,13,58,9,102,0,2,74,0,76,22,15,132,9,178,150,6,156,334
04/18/2002,RST,MN,AGL,CE,Combined TRACON& Tower with Radar,22,20,27,0,69,0,4,7,0,11,22,24,34,0,80,18,0,18,98
04/19/2002,RST,MN,AGL,CE,Combined TRACON& Tower with Radar,25,17,30,1,73,0,3,27,0,30,25,20,57,1,103,2,8,10,113
04/20/2002,RST,MN,AGL,CE,Combined TRACON& Tower with Radar,17,10,20,1,48,0,0,51,0,51,17,10,71,1,99,2,109,111,210
04/21/2002,RST,MN,AGL,CE,Combined TRACON& Tower with Radar,13,9,9,0,31,0,0,3,0,3,13,9,12,0,34,0,0,0,34
04/22/2002,RST,MN,AGL,CE,Combined TRACON& Tower with Radar,20,17,34,3,74,0,0,12,2,14,20,17,46,5,88,30,2,32,120
04/23/2002,RST,MN,AGL,CE,Combined TRACON& Tower with Radar,22,17,41,18,98,0,0,41,0,41,22,17,82,18,139,54,94,148,287
04/24/2002,RST,MN,AGL,CE,Combined TRACON& Tower with Radar,23,20,34,0,77,0,0,12,0,12,23,20,46,0,89,0,4,4,93
04/25/2002,RST,MN,AGL,CE,Combined TRACON& Tower with Radar,24,13,44,0,81,0,5,20,0,25,24,18,64,0,106,26,0,26,132
04/26/2002,RST,MN,AGL,CE,Combined TRACON& Tower with Radar,25,14,35,0,74,0,1,68,0,69,25,15,103,0,143,114,0,114,257
04/27/2002,RST,MN,AGL,CE,Combined TRACON& Tower with Radar,15,12,15,0,42,0,0,0,0,0,15,12,15,0,42,0,0,0,42
04/28/2002,RST,MN,AGL,CE,Combined TRACON& Tower with Radar,15,15,43,0,73,0,0,29,0,29,15,15,72,0,102,49,0,49,151
04/29/2002,RST,MN,AGL,CE,Combined TRACON& Tower with Radar,21,15,40,4,80,0,1,27,2,30,21,16,67,6,110,32,34,66,176
04/30/2002,RST,MN,AGL,CE,Combined TRACON& Tower with Radar,22,19,37,1,79,0,0,38,1,39,22,19,75,2,118,114,7,121,239
05/01/2002,RST,MN,AGL,CE,Combined TRACON& Tower with Radar,23,23,34,0,80,1,0,20,0,21,24,23,54,0,101,42,0,42,143
05/02/2002,RST,MN,AGL,CE,Combined TRACON& Tower with Radar,22,14,50,0,86,0,4,51,0,55,22,18,101,0,141,66,0,66,207
05/03/2002,RST,MN,AGL,CE,Combined TRACON& Tower with Radar,23,18,38,0,79,0,1,64,0,65,23,19,102,0,144,114,0,114,258
05/04/2002,RST,MN,AGL,CE,Combined TRACON& Tower with Radar,17,7,19,2,45,0,1,50,0,51,17,8,69,2,96,84,8,92,188
05/05/2002,RST,MN,AGL,CE,Combined TRACON& Tower with Radar,18,7,18,0,43,0,1,58,0,59,18,8,76,0,102,26,0,26,128
05/06/2002,RST,MN,AGL,CE,Combined TRACON& Tower with Radar,18,12,41,6,77,0,0,12,0,12,18,12,53,6,89,52,22,74,163
05/07/2002,RST,MN,AGL,CE,Combined TRACON& Tower with Radar,22,20,36,0,78,0,0,23,0,23,22,20,59,0,101,80,0,80,181
05/08/2002,RST,MN,AGL,CE,Combined TRACON& Tower with Radar,37,18,64,20,139,0,0,10,0,10,37,18,74,20,149,31,25,56,205
05/09/2002,RST,MN,AGL,CE,Combined TRACON& Tower with Radar,22,19,53,0,94,0,4,6,0,10,22,23,59,0,104,8,0,8,112
05/10/2002,RST,MN,AGL,CE,Combined TRACON& Tower with Radar,23,14,32,0,69,0,5,59,0,64,23,19,91,0,133,198,0,198,331
05/11/2002,RST,MN,AGL,CE,Combined TRACON& Tower with Radar,17,11,13,0,41,0,1,3,0,4,17,12,16,0,45,10,0,10,55
05/12/2002,RST,MN,AGL,CE,Combined TRACON& Tower with Radar,16,6,35,0,57,1,0,21,0,22,17,6,56,0,79,28,0,28,107
05/13/2002,RST,MN,AGL,CE,Combined TRACON& Tower with Radar,20,20,42,0,82,0,0,31,0,31,20,20,73,0,113,94,0,94,207
05/14/2002,RST,MN,AGL,CE,Combined TRACON& Tower with Radar,22,19,50,6,97,0,0,85,0,85,22,19,135,6,182,77,24,101,283
05/15/2002,RST,MN,AGL,CE,Combined TRACON& Tower with Radar,25,16,45,2,88,0,0,31,1,32,25,16,76,3,120,16,24,40,160
05/16/2002,RST,MN,AGL,CE,Combined TRACON& Tower with Radar,22,18,32,3,75,0,0,43,0,43,22,18,75,3,118,38,8,46,164
05/17/2002,RST,MN,AGL,CE,Combined TRACON& Tower with Radar,23,18,43,0,84,0,0,71,0,71,23,18,114,0,155,100,0,100,255
05/18/2002,RST,MN,AGL,CE,Combined TRACON& Tower with Radar,20,8,17,0,45,0,0,64,0,64,20,8,81,0,109,117,0,117,226
05/19/2002,RST,MN,AGL,CE,Combined TRACON& Tower with Radar,18,15,23,0,56,0,0,46,0,46,18,15,69,0,102,88,0,88,190
05/20/2002,RST,MN,AGL,CE,Combined TRACON& Tower with Radar,20,18,26,0,64,0,0,48,0,48,20,18,74,0,112,71,0,71,183
05/21/2002,RST,MN,AGL,CE,Combined TRACON& Tower with Radar,22,26,41,1,90,0,0,33,3,36,22,26,74,4,126,96,20,116,242
05/22/2002,RST,MN,AGL,CE,Combined TRACON& Tower with Radar,24,20,28,2,74,0,2,10,0,12,24,22,38,2,86,17,0,17,103
05/23/2002,RST,MN,AGL,CE,Combined TRACON& Tower with Radar,22,28,51,0,101,2,0,39,0,41,24,28,90,0,142,56,0,56,198
05/24/2002,RST,MN,AGL,CE,Combined TRACON& Tower with Radar,23,10,33,0,66,0,1,49,0,50,23,11,82,0,116,106,0,106,222
05/25/2002,RST,MN,AGL,CE,Combined TRACON& Tower with Radar,15,6,43,2,66,0,2,36,0,38,15,8,79,2,104,138,0,138,242
05/26/2002,RST,MN,AGL,CE,Combined TRACON& Tower with Radar,10,4,25,0,39,0,0,33,0,33,10,4,58,0,72,20,0,20,92
05/27/2002,RST,MN,AGL,CE,Combined TRACON& Tower with Radar,14,10,39,0,63,0,0,84,0,84,14,10,123,0,147,90,0,90,237
05/28/2002,RST,MN,AGL,CE,Combined TRACON& Tower with Radar,20,12,24,0,56,0,1,38,2,41,20,13,62,2,97,38,0,38,135
05/29/2002,RST,MN,AGL,CE,Combined TRACON& Tower with Radar,24,24,36,10,94,0,0,48,0,48,24,24,84,10,142,92,8,100,242
05/30/2002,RST,MN,AGL,CE,Combined TRACON& Tower with Radar,24,20,39,2,85,0,0,61,0,61,24,20,100,2,146,32,7,39,185
05/31/2002,RST,MN,AGL,CE,Combined TRACON& Tower with Radar,0,0,0,0,0,23,14,106,0,143,23,14,106,0,143,111,0,111,254
06/01/2002,RST,MN,AGL,CE,Combined TRACON& Tower with Radar,16,11,11,0,38,1,0,75,0,76,17,11,86,0,114,32,0,32,146
06/02/2002,RST,MN,AGL,CE,Combined TRACON& Tower with Radar,19,11,33,0,63,0,4,42,0,46,19,15,75,0,109,30,0,30,139
06/03/2002,RST,MN,AGL,CE,Combined TRACON& Tower with Radar,20,13,59,0,92,0,1,9,0,10,20,14,68,0,102,0,0,0,102
06/04/2002,RST,MN,AGL,CE,Combined TRACON& Tower with Radar,22,13,45,5,85,0,1,0,0,1,22,14,45,5,86,0,0,0,86
06/05/2002,RST,MN,AGL,CE,Combined TRACON& Tower with Radar,24,26,59,9,118,0,1,85,3,89,24,27,144,12,207,156,16,172,379
06/06/2002,RST,MN,AGL,CE,Combined TRACON& Tower with Radar,25,13,63,6,107,0,2,39,0,41,25,15,102,6,148,170,14,184,332
06/07/2002,RST,MN,AGL,CE,Combined TRACON& Tower with Radar,25,17,35,2,79,0,1,6,0,7,25,18,41,2,86,22,24,46,132
06/08/2002,RST,MN,AGL,CE,Combined TRACON& Tower with Radar,17,17,24,0,58,0,1,73,0,74,17,18,97,0,132,142,0,142,274
06/09/2002,RST,MN,AGL,CE,Combined TRACON& Tower with Radar,19,11,23,0,53,0,0,60,0,60,19,11,83,0,113,52,0,52,165
06/10/2002,RST,MN,AGL,CE,Combined TRACON& Tower with Radar,17,18,42,0,77,0,0,10,0,10,17,18,52,0,87,60,0,60,147
06/11/2002,RST,MN,AGL,CE,Combined TRACON& Tower with Radar,23,23,56,0,102,0,0,34,0,34,23,23,90,0,136,94,0,94,230
06/12/2002,RST,MN,AGL,CE,Combined TRACON& Tower with Radar,28,24,69,0,121,0,0,19,0,19,28,24,88,0,140,56,0,56,196
06/13/2002,RST,MN,AGL,CE,Combined TRACON& Tower with Radar,27,25,40,10,102,0,0,37,0,37,27,25,77,10,139,86,19,105,244
06/14/2002,RST,MN,AGL,CE,Combined TRACON& Tower with Radar,27,13,47,2,89,0,0,45,2,47,27,13,92,4,136,75,0,75,211
06/15/2002,RST,MN,AGL,CE,Combined TRACON& Tower with Radar,17,13,34,0,64,0,0,72,2,74,17,13,106,2,138,97,2,99,237
06/16/2002,RST,MN,AGL,CE,Combined TRACON& Tower with Radar,18,16,34,0,68,4,0,82,0,86,22,16,116,0,154,100,0,100,254
06/17/2002,RST,MN,AGL,CE,Combined TRACON& Tower with Radar,18,12,31,0,61,0,0,32,0,32,18,12,63,0,93,35,0,35,128
06/18/2002,RST,MN,AGL,CE,Combined TRACON& Tower with Radar,24,21,30,9,84,0,0,40,0,40,24,21,70,9,124,42,46,88,212
06/19/2002,RST,MN,AGL,CE,Combined TRACON& Tower with Radar,24,21,27,0,72,0,0,7,0,7,24,21,34,0,79,2,0,2,81
06/20/2002,RST,MN,AGL,CE,Combined TRACON& Tower with Radar,23,19,36,0,78,0,0,68,0,68,23,19,104,0,146,110,0,110,256
06/21/2002,RST,MN,AGL,CE,Combined TRACON& Tower with Radar,31,16,40,0,87,0,0,42,0,42,31,16,82,0,129,12,0,12,141
06/22/2002,RST,MN,AGL,CE,Combined TRACON& Tower with Radar,17,11,23,0,51,0,0,49,0,49,17,11,72,0,100,114,0,114,214
06/23/2002,RST,MN,AGL,CE,Combined TRACON& Tower with Radar,21,7,16,0,44,0,1,17,0,18,21,8,33,0,62,14,0,14,76
06/24/2002,RST,MN,AGL,CE,Combined TRACON& Tower with Radar,25,10,38,0,73,0,0,23,0,23,25,10,61,0,96,12,0,12,108
06/25/2002,RST,MN,AGL,CE,Combined TRACON& Tower with Radar,20,18,30,10,78,0,0,50,5,55,20,18,80,15,133,48,32,80,213
06/26/2002,RST,MN,AGL,CE,Combined TRACON& Tower with Radar,28,15,50,4,97,1,2,75,0,78,29,17,125,4,175,104,4,108,283
06/27/2002,RST,MN,AGL,CE,Combined TRACON& Tower with Radar,22,16,52,4,94,0,0,97,0,97,22,16,149,4,191,142,28,170,361
06/28/2002,RST,MN,AGL,CE,Combined TRACON& Tower with Radar,24,17,33,0,74,0,0,45,0,45,24,17,78,0,119,78,0,78,197
06/29/2002,RST,MN,AGL,CE,Combined TRACON& Tower with Radar,16,13,20,0,49,0,0,54,0,54,16,13,74,0,103,142,0,142,245
06/30/2002,RST,MN,AGL,CE,Combined TRACON& Tower with Radar,18,6,12,0,36,0,1,66,0,67,18,7,78,0,103,94,0,94,197
07/01/2002,RST,MN,AGL,CE,Towers with Radar,20,15,24,12,71,0,0,35,0,35,20,15,59,12,106,140,24,164,270
07/02/2002,RST,MN,AGL,CE,Towers with Radar,22,16,22,6,66,0,0,41,0,41,22,16,63,6,107,114,6,120,227
07/03/2002,RST,MN,AGL,CE,Towers with Radar,28,15,31,0,74,0,0,69,0,69,28,15,100,0,143,201,4,205,348
07/04/2002,RST,MN,AGL,CE,Towers with Radar,17,8,17,0,42,0,0,78,0,78,17,8,95,0,120,100,0,100,220
07/05/2002,RST,MN,AGL,CE,Towers with Radar,20,14,22,0,56,0,0,50,0,50,20,14,72,0,106,68,0,68,174
07/06/2002,RST,MN,AGL,CE,Towers with Radar,18,11,25,0,54,0,0,29,0,29,18,11,54,0,83,109,0,109,192
07/07/2002,RST,MN,AGL,CE,Towers with Radar,18,9,37,0,64,0,0,52,0,52,18,9,89,0,116,100,0,100,216
07/08/2002,RST,MN,AGL,CE,Towers with Radar,19,16,27,0,62,0,0,21,2,23,19,16,48,2,85,0,0,0,85
07/09/2002,RST,MN,AGL,CE,Towers with Radar,24,17,71,23,135,0,0,68,0,68,24,17,139,23,203,100,22,122,325
07/10/2002,RST,MN,AGL,CE,Towers with Radar,28,11,29,10,78,0,2,14,4,20,28,13,43,14,98,48,14,62,160
07/11/2002,RST,MN,AGL,CE,Towers with Radar,25,24,35,0,84,0,0,76,2,78,25,24,111,2,162,128,0,128,290
07/12/2002,RST,MN,AGL,CE,Towers with Radar,25,17,47,0,89,0,0,93,0,93,25,17,140,0,182,162,0,162,344
07/13/2002,RST,MN,AGL,CE,Towers with Radar,17,10,17,0,44,0,1,87,0,88,17,11,104,0,132,110,0,110,242
07/14/2002,RST,MN,AGL,CE,Towers with Radar,18,8,54,0,80,0,2,87,0,89,18,10,141,0,169,136,0,136,305
07/15/2002,RST,MN,AGL,CE,Towers with Radar,21,10,53,8,92,0,0,78,0,78,21,10,131,8,170,166,36,202,372
07/16/2002,RST,MN,AGL,CE,Towers with Radar,23,16,56,11,106,0,0,69,3,72,23,16,125,14,178,196,38,234,412
07/17/2002,RST,MN,AGL,CE,Towers with Radar,26,15,39,25,105,0,0,44,0,44,26,15,83,25,149,88,84,172,321
07/18/2002,RST,MN,AGL,CE,Towers with Radar,23,19,37,2,81,0,1,25,0,26,23,20,62,2,107,63,14,77,184
07/19/2002,RST,MN,AGL,CE,Towers with Radar,26,13,43,0,82,0,0,23,0,23,26,13,66,0,105,102,0,102,207
07/20/2002,RST,MN,AGL,CE,Towers with Radar,19,8,35,0,62,0,0,36,0,36,19,8,71,0,98,0,0,0,98
07/21/2002,RST,MN,AGL,CE,Towers with Radar,17,2,24,1,44,1,1,38,0,40,18,3,62,1,84,82,0,82,166
07/22/2002,RST,MN,AGL,CE,Towers with Radar,20,14,31,9,74,0,0,74,0,74,20,14,105,9,148,46,41,87,235
07/23/2002,RST,MN,AGL,CE,Towers with Radar,25,19,39,17,100,0,5,74,0,79,25,24,113,17,179,80,58,138,317
07/24/2002,RST,MN,AGL,CE,Towers with Radar,25,18,64,13,120,0,0,62,3,65,25,18,126,16,185,86,108,194,379
07/25/2002,RST,MN,AGL,CE,Towers with Radar,24,20,26,0,70,0,0,45,0,45,24,20,71,0,115,112,0,112,227
07/26/2002,RST,MN,AGL,CE,Towers with Radar,26,18,41,0,85,0,0,70,0,70,26,18,111,0,155,66,0,66,221
07/27/2002,RST,MN,AGL,CE,Towers with Radar,15,9,18,0,42,0,0,41,0,41,15,9,59,0,83,60,0,60,143
07/28/2002,RST,MN,AGL,CE,Towers with Radar,20,10,33,0,63,0,0,61,0,61,20,10,94,0,124,80,0,80,204
07/29/2002,RST,MN,AGL,CE,Towers with Radar,18,21,53,1,93,0,0,91,1,92,18,21,144,2,185,116,10,126,311
07/30/2002,RST,MN,AGL,CE,Towers with Radar,22,16,49,4,91,2,0,53,0,55,24,16,102,4,146,44,4,48,194
07/31/2002,RST,MN,AGL,CE,Towers with Radar,24,20,53,6,103,0,0,58,2,60,24,20,111,8,163,178,16,194,357
08/01/2002,RST,MN,AGL,CE,Towers with Radar,25,20,28,8,81,1,0,32,0,33,26,20,60,8,114,84,0,84,198
08/02/2002,RST,MN,AGL,CE,Towers with Radar,25,18,34,0,77,1,0,73,0,74,26,18,107,0,151,68,0,68,219
08/03/2002,RST,MN,AGL,CE,Towers with Radar,31,6,26,0,63,1,0,58,0,59,32,6,84,0,122,100,0,100,222
08/04/2002,RST,MN,AGL,CE,Towers with Radar,22,6,39,0,67,0,0,43,0,43,22,6,82,0,110,50,0,50,160
08/05/2002,RST,MN,AGL,CE,Towers with Radar,19,18,39,0,76,0,0,35,0,35,19,18,74,0,111,108,0,108,219
08/06/2002,RST,MN,AGL,CE,Towers with Radar,21,21,31,2,75,0,0,51,0,51,21,21,82,2,126,169,6,175,301
08/07/2002,RST,MN,AGL,CE,Towers with Radar,27,15,66,0,108,0,7,58,0,65,27,22,124,0,173,122,0,122,295
08/08/2002,RST,MN,AGL,CE,Towers with Radar,25,19,51,2,97,0,4,42,4,50,25,23,93,6,147,148,57,205,352
08/09/2002,RST,MN,AGL,CE,Towers with Radar,24,18,34,0,76,0,0,81,0,81,24,18,115,0,157,180,0,180,337
08/10/2002,RST,MN,AGL,CE,Towers with Radar,17,8,25,0,50,0,0,63,0,63,17,8,88,0,113,138,0,138,251
08/11/2002,RST,MN,AGL,CE,Towers with Radar,18,9,39,0,66,0,0,92,0,92,18,9,131,0,158,115,0,115,273
08/12/2002,RST,MN,AGL,CE,Towers with Radar,22,16,33,4,75,0,0,34,0,34,22,16,67,4,109,88,6,94,203
08/13/2002,RST,MN,AGL,CE,Towers with Radar,22,20,43,6,91,0,0,43,0,43,22,20,86,6,134,114,8,122,256
08/14/2002,RST,MN,AGL,CE,Towers with Radar,25,15,24,0,64,0,0,56,0,56,25,15,80,0,120,64,0,64,184
08/15/2002,RST,MN,AGL,CE,Towers with Radar,25,22,45,4,96,0,0,73,0,73,25,22,118,4,169,106,14,120,289
08/16/2002,RST,MN,AGL,CE,Towers with Radar,22,15,40,6,83,0,0,41,6,47,22,15,81,12,130,18,173,191,321
08/17/2002,RST,MN,AGL,CE,Towers with Radar,17,10,12,0,39,0,0,22,0,22,17,10,34,0,61,69,0,69,130
08/18/2002,RST,MN,AGL,CE,Towers with Radar,16,9,40,0,65,0,0,102,0,102,16,9,142,0,167,96,0,96,263
08/19/2002,RST,MN,AGL,CE,Towers with Radar,18,16,34,7,75,0,0,77,5,82,18,16,111,12,157,154,16,170,327
08/20/2002,RST,MN,AGL,CE,Towers with Radar,24,20,47,9,100,0,0,77,3,80,24,20,124,12,180,97,30,127,307
08/21/2002,RST,MN,AGL,CE,Towers with Radar,23,11,34,0,68,0,2,2,0,4,23,13,36,0,72,0,0,0,72
08/22/2002,RST,MN,AGL,CE,Towers with Radar,23,17,93,0,133,0,0,5,0,5,23,17,98,0,138,59,0,59,197
08/23/2002,RST,MN,AGL,CE,Towers with Radar,24,13,47,0,84,0,0,5,0,5,24,13,52,0,89,24,0,24,113
08/24/2002,RST,MN,AGL,CE,Towers with Radar,16,8,31,0,55,0,0,86,0,86,16,8,117,0,141,32,0,32,173
08/25/2002,RST,MN,AGL,CE,Towers with Radar,18,13,34,0,65,0,0,100,14,114,18,13,134,14,179,134,10,144,323
08/26/2002,RST,MN,AGL,CE,Towers with Radar,23,17,38,7,85,0,0,53,0,53,23,17,91,7,138,114,4,118,256
08/27/2002,RST,MN,AGL,CE,Towers with Radar,22,18,55,2,97,0,0,75,0,75,22,18,130,2,172,164,46,210,382
08/28/2002,RST,MN,AGL,CE,Towers with Radar,35,19,75,3,132,0,6,41,1,48,35,25,116,4,180,88,0,88,268
08/29/2002,RST,MN,AGL,CE,Towers with Radar,24,15,55,0,94,0,0,60,0,60,24,15,115,0,154,53,0,53,207
08/30/2002,RST,MN,AGL,CE,Towers with Radar,22,21,40,0,83,2,1,94,0,97,24,22,134,0,180,60,0,60,240
08/31/2002,RST,MN,AGL,CE,Towers with Radar,17,11,14,0,42,0,0,74,0,74,17,11,88,0,116,80,0,80,196
09/01/2002,RST,MN,AGL,CE,Towers with Radar,17,6,9,0,32,0,1,25,0,26,17,7,34,0,58,48,0,48,106
09/02/2002,RST,MN,AGL,CE,Towers with Radar,16,10,20,0,46,0,1,55,0,56,16,11,75,0,102,54,0,54,156
09/03/2002,RST,MN,AGL,CE,Towers with Radar,24,12,29,7,72,0,1,71,0,72,24,13,100,7,144,123,13,136,280
09/04/2002,RST,MN,AGL,CE,Towers with Radar,24,25,36,23,108,0,1,51,9,61,24,26,87,32,169,106,33,139,308
09/05/2002,RST,MN,AGL,CE,Towers with Radar,28,16,48,2,94,8,0,41,0,49,36,16,89,2,143,10,0,10,153
09/06/2002,RST,MN,AGL,CE,Towers with Radar,26,18,41,0,85,0,1,60,0,61,26,19,101,0,146,172,0,172,318
09/07/2002,RST,MN,AGL,CE,Towers with Radar,16,15,24,0,55,0,0,56,0,56,16,15,80,0,111,86,0,86,197
09/08/2002,RST,MN,AGL,CE,Towers with Radar,18,18,20,0,56,0,0,60,0,60,18,18,80,0,116,58,0,58,174
09/09/2002,RST,MN,AGL,CE,Towers with Radar,19,21,32,17,89,0,0,49,15,64,19,21,81,32,153,36,20,56,209
09/10/2002,RST,MN,AGL,CE,Towers with Radar,20,10,51,14,95,0,0,61,0,61,20,10,112,14,156,107,24,131,287
09/11/2002,RST,MN,AGL,CE,Towers with Radar,18,11,43,5,77,0,1,52,0,53,18,12,95,5,130,74,4,78,208
09/12/2002,RST,MN,AGL,CE,Towers with Radar,27,16,38,2,83,0,0,70,0,70,27,16,108,2,153,82,0,82,235
09/13/2002,RST,MN,AGL,CE,Towers with Radar,26,16,37,1,80,0,0,72,1,73,26,16,109,2,153,158,0,158,311
09/14/2002,RST,MN,AGL,CE,Towers with Radar,13,19,44,0,76,0,0,9,0,9,13,19,53,0,85,4,0,4,89
09/15/2002,RST,MN,AGL,CE,Towers with Radar,20,19,29,0,68,0,0,103,1,104,20,19,132,1,172,134,0,134,306
09/16/2002,RST,MN,AGL,CE,Towers with Radar,21,17,40,21,99,0,0,48,5,53,21,17,88,26,152,30,72,102,254
09/17/2002,RST,MN,AGL,CE,Towers with Radar,24,21,54,15,114,0,1,55,11,67,24,22,109,26,181,52,46,98,279
09/18/2002,RST,MN,AGL,CE,Towers with Radar,24,23,56,14,117,0,0,16,2,18,24,23,72,16,135,3,22,25,160
09/19/2002,RST,MN,AGL,CE,Towers with Radar,24,20,62,2,108,0,0,13,0,13,24,20,75,2,121,18,16,34,155
09/20/2002,RST,MN,AGL,CE,Towers with Radar,24,19,42,0,85,2,1,29,0,32,26,20,71,0,117,40,0,40,157
09/21/2002,RST,MN,AGL,CE,Towers with Radar,16,9,26,1,52,0,0,36,1,37,16,9,62,2,89,96,0,96,185
09/22/2002,RST,MN,AGL,CE,Towers with Radar,15,20,25,0,60,0,0,87,0,87,15,20,112,0,147,0,52,52,199
09/23/2002,RST,MN,AGL,CE,Towers with Radar,19,21,47,12,99,2,3,9,1,15,21,24,56,13,114,39,37,76,190
09/24/2002,RST,MN,AGL,CE,Towers with Radar,24,15,41,19,99,0,0,61,23,84,24,15,102,42,183,84,66,150,333
09/25/2002,RST,MN,AGL,CE,Towers with Radar,24,27,53,14,118,0,2,13,0,15,24,29,66,14,133,11,36,47,180
09/26/2002,RST,MN,AGL,CE,Towers with Radar,25,22,58,0,105,0,0,2,2,4,25,22,60,2,109,16,0,16,125
09/27/2002,RST,MN,AGL,CE,Towers with Radar,26,23,42,2,93,0,0,60,1,61,26,23,102,3,154,113,0,113,267
09/28/2002,RST,MN,AGL,CE,Towers with Radar,16,17,45,0,78,0,0,30,0,30,16,17,75,0,108,22,0,22,130
09/29/2002,RST,MN,AGL,CE,Towers with Radar,15,12,27,0,54,0,0,33,0,33,15,12,60,0,87,46,0,46,133
09/30/2002,RST,MN,AGL,CE,Towers with Radar,21,34,32,0,87,0,0,21,0,21,21,34,53,0,108,79,0,79,187
10/01/2002,RST,MN,AGL,CE,Towers with Radar,23,20,63,4,110,1,0,57,0,58,24,20,120,4,168,166,10,176,344
10/02/2002,RST,MN,AGL,CE,Towers with Radar,22,13,58,2,95,0,1,7,0,8,22,14,65,2,103,8,0,8,111
10/03/2002,RST,MN,AGL,CE,Towers with Radar,24,21,53,0,98,0,1,0,0,1,24,22,53,0,99,0,0,0,99
10/04/2002,RST,MN,AGL,CE,Towers with Radar,25,22,20,0,67,0,1,12,0,13,25,23,32,0,80,0,0,0,80
10/05/2002,RST,MN,AGL,CE,Towers with Radar,16,14,13,1,44,0,1,80,1,82,16,15,93,2,126,141,2,143,269
10/06/2002,RST,MN,AGL,CE,Towers with Radar,19,8,33,0,60,0,1,6,0,7,19,9,39,0,67,12,0,12,79
10/07/2002,RST,MN,AGL,CE,Towers with Radar,22,17,45,0,84,0,1,31,0,32,22,18,76,0,116,64,0,64,180
10/08/2002,RST,MN,AGL,CE,Towers with Radar,24,12,35,12,83,0,1,62,0,63,24,13,97,12,146,103,32,135,281
10/09/2002,RST,MN,AGL,CE,Towers with Radar,27,20,40,14,101,0,6,46,0,52,27,26,86,14,153,50,70,120,273
10/10/2002,RST,MN,AGL,CE,Towers with Radar,25,25,42,18,110,1,0,86,2,89,26,25,128,20,199,90,74,164,363
10/11/2002,RST,MN,AGL,CE,Towers with Radar,25,24,24,0,73,0,0,54,0,54,25,24,78,0,127,92,0,92,219
10/12/2002,RST,MN,AGL,CE,Towers with Radar,16,6,26,0,48,0,0,19,0,19,16,6,45,0,67,34,0,34,101
10/13/2002,RST,MN,AGL,CE,Towers with Radar,20,12,29,0,61,0,2,61,0,63,20,14,90,0,124,108,0,108,232
10/14/2002,RST,MN,AGL,CE,Towers with Radar,27,15,29,0,71,0,0,28,0,28,27,15,57,0,99,9,0,9,108
10/15/2002,RST,MN,AGL,CE,Towers with Radar,24,12,37,17,90,0,0,36,5,41,24,12,73,22,131,40,32,72,203
10/16/2002,RST,MN,AGL,CE,Towers with Radar,24,19,24,3,70,0,0,31,3,34,24,19,55,6,104,98,10,108,212
10/17/2002,RST,MN,AGL,CE,Towers with Radar,27,17,34,0,78,0,3,11,1,15,27,20,45,1,93,60,0,60,153
10/18/2002,RST,MN,AGL,CE,Towers with Radar,28,17,24,3,72,0,6,31,0,37,28,23,55,3,109,6,0,6,115
10/19/2002,RST,MN,AGL,CE,Towers with Radar,16,9,20,2,47,0,0,42,0,42,16,9,62,2,89,100,0,100,189
10/20/2002,RST,MN,AGL,CE,Towers with Radar,17,11,33,0,61,0,0,53,0,53,17,11,86,0,114,130,0,130,244
10/21/2002,RST,MN,AGL,CE,Towers with Radar,19,17,51,0,87,0,0,0,0,0,19,17,51,0,87,4,0,4,91
10/22/2002,RST,MN,AGL,CE,Towers with Radar,22,21,39,21,103,0,0,35,4,39,22,21,74,25,142,72,50,122,264
10/23/2002,RST,MN,AGL,CE,Towers with Radar,25,17,23,2,67,0,0,40,0,40,25,17,63,2,107,46,20,66,173
10/24/2002,RST,MN,AGL,CE,Towers with Radar,23,19,48,0,90,1,1,0,0,2,24,20,48,0,92,0,0,0,92
10/25/2002,RST,MN,AGL,CE,Towers with Radar,24,20,31,0,75,0,0,1,0,1,24,20,32,0,76,0,0,0,76
10/26/2002,RST,MN,AGL,CE,Towers with Radar,16,10,29,0,55,0,0,32,0,32,16,10,61,0,87,85,0,85,172
10/27/2002,RST,MN,AGL,CE,Towers with Radar,18,6,29,0,53,0,0,83,0,83,18,6,112,0,136,198,0,198,334
10/28/2002,RST,MN,AGL,CE,Towers with Radar,21,25,27,31,104,0,0,6,5,11,21,25,33,36,115,14,26,40,155
10/29/2002,RST,MN,AGL,CE,Towers with Radar,22,19,34,20,95,0,0,24,0,24,22,19,58,20,119,68,48,116,235
10/30/2002,RST,MN,AGL,CE,Towers with Radar,24,16,31,0,71,0,0,27,0,27,24,16,58,0,98,78,0,78,176
10/31/2002,RST,MN,AGL,CE,Towers with Radar,23,19,35,0,77,0,2,33,0,35,23,21,68,0,112,82,0,82,194
11/01/2002,RST,MN,AGL,CE,Towers with Radar,26,20,35,4,85,0,4,55,2,61,26,24,90,6,146,152,20,172,318
11/02/2002,RST,MN,AGL,CE,Towers with Radar,15,7,12,4,38,0,0,100,0,100,15,7,112,4,138,136,0,136,274
11/03/2002,RST,MN,AGL,CE,Towers with Radar,26,18,32,0,76,0,0,54,0,54,26,18,86,0,130,84,0,84,214
11/04/2002,RST,MN,AGL,CE,Towers with Radar,22,15,43,0,80,0,0,33,0,33,22,15,76,0,113,198,0,198,311
11/05/2002,RST,MN,AGL,CE,Towers with Radar,28,8,41,4,81,0,8,0,0,8,28,16,41,4,89,0,0,0,89
11/06/2002,RST,MN,AGL,CE,Towers with Radar,26,24,58,4,112,0,0,50,0,50,26,24,108,4,162,190,2,192,354
11/07/2002,RST,MN,AGL,CE,Towers with Radar,27,21,51,23,122,0,6,36,11,53,27,27,87,34,175,92,100,192,367
11/08/2002,RST,MN,AGL,CE,Towers with Radar,27,20,32,0,79,0,0,82,0,82,27,20,114,0,161,138,0,138,299
11/09/2002,RST,MN,AGL,CE,Towers with Radar,16,6,13,0,35,0,0,68,0,68,16,6,81,0,103,136,0,136,239
11/10/2002,RST,MN,AGL,CE,Towers with Radar,18,13,46,0,77,0,0,3,0,3,18,13,49,0,80,44,0,44,124
11/11/2002,RST,MN,AGL,CE,Towers with Radar,21,20,15,0,56,0,3,17,0,20,21,23,32,0,76,48,2,50,126
11/12/2002,RST,MN,AGL,CE,Towers with Radar,23,20,45,24,112,0,0,46,2,48,23,20,91,26,160,103,68,171,331
11/13/2002,RST,MN,AGL,CE,Towers with Radar,24,16,25,21,86,0,0,42,7,49,24,16,67,28,135,100,68,168,303
11/14/2002,RST,MN,AGL,CE,Towers with Radar,24,19,49,0,92,0,0,8,0,8,24,19,57,0,100,83,0,83,183
11/15/2002,RST,MN,AGL,CE,Towers with Radar,27,21,29,0,77,0,2,51,0,53,27,23,80,0,130,90,0,90,220
11/16/2002,RST,MN,AGL,CE,Towers with Radar,17,7,34,0,58,0,0,68,0,68,17,7,102,0,126,114,0,114,240
11/17/2002,RST,MN,AGL,CE,Towers with Radar,19,11,34,0,64,0,0,51,0,51,19,11,85,0,115,130,0,130,245
11/18/2002,RST,MN,AGL,CE,Towers with Radar,22,18,46,0,86,0,1,22,0,23,22,19,68,0,109,76,0,76,185
11/19/2002,RST,MN,AGL,CE,Towers with Radar,25,14,61,6,106,0,0,64,1,65,25,14,125,7,171,140,18,158,329
11/20/2002,RST,MN,AGL,CE,Towers with Radar,24,16,38,30,108,0,0,65,6,71,24,16,103,36,179,124,48,172,351
11/21/2002,RST,MN,AGL,CE,Towers with Radar,23,25,50,44,142,0,0,14,5,19,23,25,64,49,161,10,70,80,241
11/22/2002,RST,MN,AGL,CE,Towers with Radar,30,11,37,0,78,0,4,55,0,59,30,15,92,0,137,128,0,128,265
11/23/2002,RST,MN,AGL,CE,Towers with Radar,16,14,20,0,50,0,0,35,0,35,16,14,55,0,85,64,0,64,149
11/24/2002,RST,MN,AGL,CE,Towers with Radar,18,9,33,0,60,0,0,40,0,40,18,9,73,0,100,118,0,118,218
11/25/2002,RST,MN,AGL,CE,Towers with Radar,24,12,24,1,61,0,3,21,1,25,24,15,45,2,86,53,0,53,139
11/26/2002,RST,MN,AGL,CE,Towers with Radar,44,19,49,0,112,0,0,60,0,60,44,19,109,0,172,44,0,44,216
11/27/2002,RST,MN,AGL,CE,Towers with Radar,22,27,23,0,72,0,0,69,0,69,22,27,92,0,141,127,0,127,268
11/28/2002,RST,MN,AGL,CE,Towers with Radar,14,10,7,0,31,0,0,29,0,29,14,10,36,0,60,72,0,72,132
11/29/2002,RST,MN,AGL,CE,Towers with Radar,15,7,13,0,35,0,0,16,0,16,15,7,29,0,51,20,0,20,71
11/30/2002,RST,MN,AGL,CE,Towers with Radar,16,4,20,0,40,0,0,15,0,15,16,4,35,0,55,38,0,38,93
12/01/2002,RST,MN,AGL,CE,Towers with Radar,19,9,21,0,49,1,0,41,0,42,20,9,62,0,91,104,0,104,195
12/02/2002,RST,MN,AGL,CE,Towers with Radar,19,14,26,0,59,0,1,14,0,15,19,15,40,0,74,6,0,6,80
12/03/2002,RST,MN,AGL,CE,Towers with Radar,28,18,27,22,95,0,1,36,2,39,28,19,63,24,134,68,97,165,299
12/04/2002,RST,MN,AGL,CE,Towers with Radar,28,21,45,20,114,0,2,11,0,13,28,23,56,20,127,6,20,26,153
12/05/2002,RST,MN,AGL,CE,Towers with Radar,28,23,62,15,128,0,1,36,1,38,28,24,98,16,166,90,68,158,324
12/06/2002,RST,MN,AGL,CE,Towers with Radar,25,13,30,0,68,0,1,32,0,33,25,14,62,0,101,72,0,72,173
12/07/2002,RST,MN,AGL,CE,Towers with Radar,17,6,33,0,56,0,0,61,0,61,17,6,94,0,117,58,0,58,175
12/08/2002,RST,MN,AGL,CE,Towers with Radar,18,10,25,0,53,0,0,74,0,74,18,10,99,0,127,64,0,64,191
12/09/2002,RST,MN,AGL,CE,Towers with Radar,22,16,42,0,80,0,0,38,0,38,22,16,80,0,118,27,0,27,145
12/10/2002,RST,MN,AGL,CE,Towers with Radar,26,21,51,10,108,0,0,57,3,60,26,21,108,13,168,60,70,130,298
12/11/2002,RST,MN,AGL,CE,Towers with Radar,26,18,76,24,144,0,0,3,0,3,26,18,79,24,147,0,0,0,147
12/12/2002,RST,MN,AGL,CE,Towers with Radar,28,16,31,0,75,0,0,24,0,24,28,16,55,0,99,8,0,8,107
12/13/2002,RST,MN,AGL,CE,Towers with Radar,23,15,43,2,83,0,0,46,0,46,23,15,89,2,129,16,0,16,145
12/14/2002,RST,MN,AGL,CE,Towers with Radar,17,9,28,0,54,0,0,75,0,75,17,9,103,0,129,130,0,130,259
12/15/2002,RST,MN,AGL,CE,Towers with Radar,16,14,57,0,87,0,0,65,0,65,16,14,122,0,152,72,0,72,224
12/16/2002,RST,MN,AGL,CE,Towers with Radar,20,27,30,0,77,0,0,15,0,15,20,27,45,0,92,8,0,8,100
12/17/2002,RST,MN,AGL,CE,Towers with Radar,25,20,42,31,118,0,0,8,5,13,25,20,50,36,131,0,0,0,131
12/18/2002,RST,MN,AGL,CE,Towers with Radar,24,11,24,10,69,0,0,2,0,2,24,11,26,10,71,18,0,18,89
12/19/2002,RST,MN,AGL,CE,Towers with Radar,26,14,38,37,115,0,6,13,2,21,26,20,51,39,136,52,18,70,206
12/20/2002,RST,MN,AGL,CE,Towers with Radar,24,41,31,0,96,0,0,6,0,6,24,41,37,0,102,0,0,0,102
12/21/2002,RST,MN,AGL,CE,Towers with Radar,17,18,18,0,53,0,0,19,0,19,17,18,37,0,72,0,62,62,134
12/22/2002,RST,MN,AGL,CE,Towers with Radar,15,8,16,0,39,0,0,3,0,3,15,8,19,0,42,11,0,11,53
12/23/2002,RST,MN,AGL,CE,Towers with Radar,23,14,22,4,63,0,0,45,0,45,23,14,67,4,108,32,0,32,140
12/24/2002,RST,MN,AGL,CE,Towers with Radar,18,12,20,0,50,0,0,38,0,38,18,12,58,0,88,37,0,37,125
12/25/2002,RST,MN,AGL,CE,Towers with Radar,13,5,2,0,20,0,0,3,0,3,13,5,5,0,23,0,0,0,23
12/26/2002,RST,MN,AGL,CE,Towers with Radar,22,11,25,0,58,0,0,70,0,70,22,11,95,0,128,220,0,220,348
12/27/2002,RST,MN,AGL,CE,Towers with Radar,25,11,39,6,81,0,0,23,0,23,25,11,62,6,104,44,0,44,148
12/28/2002,RST,MN,AGL,CE,Towers with Radar,24,7,25,0,56,0,0,51,0,51,24,7,76,0,107,90,0,90,197
12/29/2002,RST,MN,AGL,CE,Towers with Radar,15,5,32,0,52,0,0,39,0,39,15,5,71,0,91,58,0,58,149
12/30/2002,RST,MN,AGL,CE,Towers with Radar,21,6,34,11,72,0,3,19,1,23,21,9,53,12,95,20,8,28,123
12/31/2002,RST,MN,AGL,CE,Towers with Radar,19,9,23,4,55,0,0,74,0,74,19,9,97,4,129,142,32,174,303
01/01/2003,RST,MN,AGL,CE,Towers with Radar,17,15,17,0,49,0,0,56,0,56,17,15,73,0,105,117,0,117,222
01/02/2003,RST,MN,AGL,CE,Towers with Radar,22,15,22,0,59,1,0,21,0,22,23,15,43,0,81,49,0,49,130
01/03/2003,RST,MN,AGL,CE,Towers with Radar,25,15,37,0,77,0,0,41,0,41,25,15,78,0,118,140,0,140,258
01/04/2003,RST,MN,AGL,CE,Towers with Radar,17,4,8,0,29,0,0,5,0,5,17,4,13,0,34,18,0,18,52
01/05/2003,RST,MN,AGL,CE,Towers with Radar,16,9,21,0,46,0,0,0,0,0,16,9,21,0,46,0,0,0,46
01/06/2003,RST,MN,AGL,CE,Towers with Radar,21,12,32,0,65,0,0,42,0,42,21,12,74,0,107,89,0,89,196
01/07/2003,RST,MN,AGL,CE,Towers with Radar,39,25,27,0,91,0,0,31,0,31,39,25,58,0,122,52,0,52,174
01/08/2003,RST,MN,AGL,CE,Towers with Radar,23,23,44,0,90,0,0,33,0,33,23,23,77,0,123,8,0,8,131
01/09/2003,RST,MN,AGL,CE,Towers with Radar,33,17,26,0,76,0,0,3,0,3,33,17,29,0,79,35,0,35,114
01/10/2003,RST,MN,AGL,CE,Towers with Radar,25,20,23,0,68,0,2,15,2,19,25,22,38,2,87,4,0,4,91
01/11/2003,RST,MN,AGL,CE,Towers with Radar,16,4,20,0,40,0,0,49,0,49,16,4,69,0,89,48,0,48,137
01/12/2003,RST,MN,AGL,CE,Towers with Radar,16,11,25,0,52,0,3,26,0,29,16,14,51,0,81,0,0,0,81
01/13/2003,RST,MN,AGL,CE,Towers with Radar,21,18,34,2,75,0,0,8,0,8,21,18,42,2,83,32,12,44,127
01/14/2003,RST,MN,AGL,CE,Towers with Radar,26,15,37,31,109,0,3,34,1,38,26,18,71,32,147,88,48,136,283
01/15/2003,RST,MN,AGL,CE,Towers with Radar,27,21,36,13,97,0,0,48,5,53,27,21,84,18,150,32,38,70,220
01/16/2003,RST,MN,AGL,CE,Towers with Radar,24,16,39,13,92,0,0,45,0,45,24,16,84,13,137,62,12,74,211
01/17/2003,RST,MN,AGL,CE,Towers with Radar,25,13,36,0,74,0,0,29,0,29,25,13,65,0,103,64,0,64,167
01/18/2003,RST,MN,AGL,CE,Towers with Radar,16,5,26,0,47,0,0,29,0,29,16,5,55,0,76,24,0,24,100
01/19/2003,RST,MN,AGL,CE,Towers with Radar,16,10,33,0,59,0,0,24,0,24,16,10,57,0,83,34,0,34,117
01/20/2003,RST,MN,AGL,CE,Towers with Radar,19,14,23,0,56,0,0,21,0,21,19,14,44,0,77,80,0,80,157
01/21/2003,RST,MN,AGL,CE,Towers with Radar,23,19,41,15,98,0,1,27,1,29,23,20,68,16,127,67,62,129,256
01/22/2003,RST,MN,AGL,CE,Towers with Radar,25,14,43,25,107,0,4,10,2,16,25,18,53,27,123,18,14,32,155
01/23/2003,RST,MN,AGL,CE,Towers with Radar,23,13,30,18,84,0,0,19,3,22,23,13,49,21,106,38,55,93,199
01/24/2003,RST,MN,AGL,CE,Towers with Radar,23,12,19,0,54,0,0,4,0,4,23,12,23,0,58,26,0,26,84
01/25/2003,RST,MN,AGL,CE,Towers with Radar,16,3,19,0,38,0,0,12,0,12,16,3,31,0,50,16,0,16,66
01/26/2003,RST,MN,AGL,CE,Towers with Radar,16,6,28,0,50,0,0,51,0,51,16,6,79,0,101,34,0,34,135
01/27/2003,RST,MN,AGL,CE,Towers with Radar,20,10,23,0,53,0,1,5,0,6,20,11,28,0,59,0,0,0,59
01/28/2003,RST,MN,AGL,CE,Towers with Radar,18,14,20,6,58,0,0,1,0,1,18,14,21,6,59,0,3,3,62
01/29/2003,RST,MN,AGL,CE,Towers with Radar,24,11,38,13,86,0,0,31,0,31,24,11,69,13,117,82,20,102,219
01/30/2003,RST,MN,AGL,CE,Towers with Radar,25,24,21,12,82,0,0,9,2,11,25,24,30,14,93,12,10,22,115
01/31/2003,RST,MN,AGL,CE,Towers with Radar,23,12,32,0,67,0,0,0,0,0,23,12,32,0,67,0,0,0,67
02/01/2003,RST,MN,AGL,CE,Towers with Radar,16,4,16,0,36,0,0,1,0,1,16,4,17,0,37,0,0,0,37
02/03/2003,RST,MN,AGL,CE,Towers with Radar,17,11,18,0,46,3,5,0,0,8,20,16,18,0,54,8,0,8,62
02/04/2003,RST,MN,AGL,CE,Towers with Radar,23,12,29,0,64,0,0,0,0,0,23,12,29,0,64,20,0,20,84
02/05/2003,RST,MN,AGL,CE,Towers with Radar,22,15,32,14,83,0,0,18,4,22,22,15,50,18,105,32,30,62,167
02/06/2003,RST,MN,AGL,CE,Towers with Radar,22,12,22,6,62,0,0,27,5,32,22,12,49,11,94,70,12,82,176
02/07/2003,RST,MN,AGL,CE,Towers with Radar,23,16,9,0,48,0,0,28,0,28,23,16,37,0,76,7,0,7,83
02/08/2003,RST,MN,AGL,CE,Towers with Radar,15,4,14,0,33,0,1,35,2,38,15,5,49,2,71,70,1,71,142
02/09/2003,RST,MN,AGL,CE,Towers with Radar,16,5,24,0,45,0,0,36,0,36,16,5,60,0,81,69,0,69,150
02/10/2003,RST,MN,AGL,CE,Towers with Radar,19,11,25,0,55,0,3,36,0,39,19,14,61,0,94,30,0,30,124
02/11/2003,RST,MN,AGL,CE,Towers with Radar,22,14,39,2,77,0,0,0,0,0,22,14,39,2,77,0,0,0,77
02/12/2003,RST,MN,AGL,CE,Towers with Radar,24,16,21,16,77,0,0,27,0,27,24,16,48,16,104,30,46,76,180
02/13/2003,RST,MN,AGL,CE,Towers with Radar,24,23,30,0,77,0,0,21,0,21,24,23,51,0,98,95,0,95,193
02/14/2003,RST,MN,AGL,CE,Towers with Radar,27,21,25,0,73,0,0,12,0,12,27,21,37,0,85,65,0,65,150
02/15/2003,RST,MN,AGL,CE,Towers with Radar,13,12,11,2,38,0,0,38,0,38,13,12,49,2,76,16,0,16,92
02/16/2003,RST,MN,AGL,CE,Towers with Radar,12,12,25,0,49,0,0,79,0,79,12,12,104,0,128,80,0,80,208
02/17/2003,RST,MN,AGL,CE,Towers with Radar,21,13,43,0,77,0,0,34,0,34,21,13,77,0,111,44,0,44,155
02/18/2003,RST,MN,AGL,CE,Towers with Radar,22,15,36,6,79,0,0,19,3,22,22,15,55,9,101,16,82,98,199
02/19/2003,RST,MN,AGL,CE,Towers with Radar,24,17,40,30,111,0,0,50,13,63,24,17,90,43,174,160,88,248,422
02/20/2003,RST,MN,AGL,CE,Towers with Radar,21,25,33,30,109,0,0,54,8,62,21,25,87,38,171,30,149,179,350
02/21/2003,RST,MN,AGL,CE,Towers with Radar,22,16,12,6,56,0,0,10,0,10,22,16,22,6,66,22,0,22,88
02/22/2003,RST,MN,AGL,CE,Towers with Radar,14,12,17,0,43,0,0,20,0,20,14,12,37,0,63,74,0,74,137
02/23/2003,RST,MN,AGL,CE,Towers with Radar,11,13,43,0,67,0,0,34,0,34,11,13,77,0,101,34,0,34,135
02/24/2003,RST,MN,AGL,CE,Towers with Radar,19,17,32,0,68,0,0,14,1,15,19,17,46,1,83,12,0,12,95
02/25/2003,RST,MN,AGL,CE,Towers with Radar,22,8,40,3,73,0,0,31,1,32,22,8,71,4,105,28,0,28,133
02/26/2003,RST,MN,AGL,CE,Towers with Radar,25,24,34,2,85,0,0,29,0,29,25,24,63,2,114,65,0,65,179
02/27/2003,RST,MN,AGL,CE,Towers with Radar,20,27,42,0,89,0,0,48,0,48,20,27,90,0,137,183,0,183,320
02/28/2003,RST,MN,AGL,CE,Towers with Radar,18,13,46,0,77,0,0,46,0,46,18,13,92,0,123,134,0,134,257
03/01/2003,RST,MN,AGL,CE,Towers with Radar,14,3,19,0,36,0,1,54,0,55,14,4,73,0,91,146,0,146,237
03/02/2003,RST,MN,AGL,CE,Towers with Radar,13,12,23,0,48,0,1,48,0,49,13,13,71,0,97,88,0,88,185
03/03/2003,RST,MN,AGL,CE,Towers with Radar,19,14,19,2,54,0,5,0,2,7,19,19,19,4,61,0,0,0,61
03/04/2003,RST,MN,AGL,CE,Towers with Radar,25,23,25,0,73,0,1,0,0,1,25,24,25,0,74,2,0,2,76
03/05/2003,RST,MN,AGL,CE,Towers with Radar,27,16,52,1,96,0,4,24,1,29,27,20,76,2,125,50,0,50,175
03/06/2003,RST,MN,AGL,CE,Towers with Radar,17,19,33,2,71,0,0,8,2,10,17,19,41,4,81,0,9,9,90
03/07/2003,RST,MN,AGL,CE,Towers with Radar,20,17,24,4,65,0,0,17,0,17,20,17,41,4,82,0,0,0,82
03/08/2003,RST,MN,AGL,CE,Towers with Radar,12,6,8,0,26,0,0,4,0,4,12,6,12,0,30,0,0,0,30
03/09/2003,RST,MN,AGL,CE,Towers with Radar,18,7,29,0,54,0,0,19,0,19,18,7,48,0,73,52,0,52,125
03/10/2003,RST,MN,AGL,CE,Towers with Radar,20,21,20,0,61,0,0,48,0,48,20,21,68,0,109,74,0,74,183
03/11/2003,RST,MN,AGL,CE,Towers with Radar,22,18,43,6,89,0,0,30,0,30,22,18,73,6,119,42,6,48,167
03/12/2003,RST,MN,AGL,CE,Towers with Radar,26,12,26,0,64,0,3,4,0,7,26,15,30,0,71,42,0,42,113
03/13/2003,RST,MN,AGL,CE,Towers with Radar,24,21,39,0,84,0,0,27,0,27,24,21,66,0,111,40,0,40,151
03/14/2003,RST,MN,AGL,CE,Towers with Radar,24,12,20,0,56,0,0,46,0,46,24,12,66,0,102,66,0,66,168
03/15/2003,RST,MN,AGL,CE,Towers with Radar,14,6,29,0,49,0,0,65,0,65,14,6,94,0,114,142,0,142,256
03/16/2003,RST,MN,AGL,CE,Towers with Radar,12,6,25,0,43,0,0,96,0,96,12,6,121,0,139,184,0,184,323
03/17/2003,RST,MN,AGL,CE,Towers with Radar,16,12,32,0,60,0,0,9,0,9,16,12,41,0,69,70,0,70,139
03/18/2003,RST,MN,AGL,CE,Towers with Radar,27,18,52,4,101,0,7,5,0,12,27,25,57,4,113,8,0,8,121
03/19/2003,RST,MN,AGL,CE,Towers with Radar,25,13,35,0,73,3,0,5,0,8,28,13,40,0,81,18,0,18,99
03/20/2003,RST,MN,AGL,CE,Towers with Radar,21,19,29,0,69,0,0,0,0,0,21,19,29,0,69,0,0,0,69
03/21/2003,RST,MN,AGL,CE,Towers with Radar,24,21,28,0,73,0,0,13,0,13,24,21,41,0,86,4,0,4,90
03/22/2003,RST,MN,AGL,CE,Towers with Radar,16,4,49,0,69,0,8,94,0,102,16,12,143,0,171,66,4,70,241
03/23/2003,RST,MN,AGL,CE,Towers with Radar,12,5,30,0,47,0,0,57,0,57,12,5,87,0,104,132,0,132,236
03/24/2003,RST,MN,AGL,CE,Towers with Radar,22,20,39,0,81,0,0,29,0,29,22,20,68,0,110,22,0,22,132
03/25/2003,RST,MN,AGL,CE,Towers with Radar,25,16,36,13,90,0,0,67,0,67,25,16,103,13,157,58,24,82,239
03/26/2003,RST,MN,AGL,CE,Towers with Radar,28,18,36,8,90,0,0,48,2,50,28,18,84,10,140,120,20,140,280
03/27/2003,RST,MN,AGL,CE,Towers with Radar,26,17,20,0,63,0,0,0,0,0,26,17,20,0,63,2,0,2,65
03/28/2003,RST,MN,AGL,CE,Towers with Radar,29,13,12,0,54,0,3,3,0,6,29,16,15,0,60,0,0,0,60
03/29/2003,RST,MN,AGL,CE,Towers with Radar,16,9,21,0,46,0,1,57,0,58,16,10,78,0,104,114,0,114,218
03/30/2003,RST,MN,AGL,CE,Towers with Radar,12,15,16,0,43,0,0,74,0,74,12,15,90,0,117,132,0,132,249
03/31/2003,RST,MN,AGL,CE,Towers with Radar,21,12,16,16,65,0,0,21,9,30,21,12,37,25,95,88,54,142,237
04/01/2003,RST,MN,AGL,CE,Towers with Radar,24,12,21,16,73,0,4,62,7,73,24,16,83,23,146,124,66,190,336
04/02/2003,RST,MN,AGL,CE,Towers with Radar,30,13,11,4,58,0,0,31,0,31,30,13,42,4,89,46,14,60,149
04/03/2003,RST,MN,AGL,CE,Towers with Radar,21,15,22,0,58,1,5,0,0,6,22,20,22,0,64,0,0,0,64
04/04/2003,RST,MN,AGL,CE,Towers with Radar,23,14,35,0,72,0,1,0,0,1,23,15,35,0,73,0,0,0,73
04/05/2003,RST,MN,AGL,CE,Towers with Radar,14,9,35,0,58,0,0,42,0,42,14,9,77,0,100,82,0,82,182
04/06/2003,RST,MN,AGL,CE,Towers with Radar,13,10,9,0,32,0,0,52,0,52,13,10,61,0,84,136,0,136,220
04/07/2003,RST,MN,AGL,CE,Towers with Radar,19,15,12,0,46,0,0,2,0,2,19,15,14,0,48,0,0,0,48
04/08/2003,RST,MN,AGL,CE,Towers with Radar,26,16,27,11,80,0,0,57,0,57,26,16,84,11,137,170,58,228,365
04/09/2003,RST,MN,AGL,CE,Towers with Radar,26,14,37,2,79,0,6,62,0,68,26,20,99,2,147,120,4,124,271
04/10/2003,RST,MN,AGL,CE,Towers with Radar,26,11,30,0,67,0,0,55,0,55,26,11,85,0,122,80,0,80,202
04/11/2003,RST,MN,AGL,CE,Towers with Radar,24,22,26,5,77,0,0,89,2,91,24,22,115,7,168,138,5,143,311
04/12/2003,RST,MN,AGL,CE,Towers with Radar,13,6,24,0,43,0,0,118,0,118,13,6,142,0,161,88,0,88,249
04/13/2003,RST,MN,AGL,CE,Towers with Radar,12,3,21,0,36,0,3,29,0,32,12,6,50,0,68,24,0,24,92
04/14/2003,RST,MN,AGL,CE,Towers with Radar,20,11,30,0,61,0,0,23,1,24,20,11,53,1,85,6,0,6,91
04/15/2003,RST,MN,AGL,CE,Towers with Radar,30,15,44,8,97,0,0,52,0,52,30,15,96,8,149,80,36,116,265
04/16/2003,RST,MN,AGL,CE,Towers with Radar,27,19,30,0,76,0,2,2,0,4,27,21,32,0,80,0,0,0,80
04/17/2003,RST,MN,AGL,CE,Towers with Radar,24,20,31,0,75,0,0,6,0,6,24,20,37,0,81,18,0,18,99
04/18/2003,RST,MN,AGL,CE,Towers with Radar,22,22,48,0,92,0,0,6,0,6,22,22,54,0,98,18,0,18,116
04/19/2003,RST,MN,AGL,CE,Towers with Radar,11,9,11,0,31,0,0,0,0,0,11,9,11,0,31,0,0,0,31
04/20/2003,RST,MN,AGL,CE,Towers with Radar,12,5,19,0,36,0,0,1,0,1,12,5,20,0,37,0,0,0,37
04/21/2003,RST,MN,AGL,CE,Towers with Radar,19,14,24,1,58,4,0,25,1,30,23,14,49,2,88,46,36,82,170
04/22/2003,RST,MN,AGL,CE,Towers with Radar,23,18,39,0,80,0,0,74,0,74,23,18,113,0,154,137,0,137,291
04/23/2003,RST,MN,AGL,CE,Towers with Radar,25,15,37,0,77,0,0,91,0,91,25,15,128,0,168,85,0,85,253
04/24/2003,RST,MN,AGL,CE,Towers with Radar,26,16,37,0,79,1,1,39,0,41,27,17,76,0,120,146,0,146,266
04/25/2003,RST,MN,AGL,CE,Towers with Radar,23,11,41,0,75,0,0,63,0,63,23,11,104,0,138,106,0,106,244
04/26/2003,RST,MN,AGL,CE,Towers with Radar,13,10,32,0,55,0,0,55,0,55,13,10,87,0,110,84,0,84,194
04/27/2003,RST,MN,AGL,CE,Towers with Radar,11,7,32,0,50,0,0,37,0,37,11,7,69,0,87,108,0,108,195
04/28/2003,RST,MN,AGL,CE,Towers with Radar,20,10,39,0,69,0,8,27,0,35,20,18,66,0,104,36,0,36,140
04/29/2003,RST,MN,AGL,CE,Towers with Radar,25,9,53,2,89,0,7,30,0,37,25,16,83,2,126,80,0,80,206
04/30/2003,RST,MN,AGL,CE,Towers with Radar,24,15,24,0,63,0,0,7,0,7,24,15,31,0,70,14,0,14,84
05/01/2003,RST,MN,AGL,CE,Towers with Radar,20,19,46,0,85,1,0,53,0,54,21,19,99,0,139,98,0,98,237
05/02/2003,RST,MN,AGL,CE,Towers with Radar,19,14,35,2,70,1,2,57,0,60,20,16,92,2,130,102,0,102,232
05/03/2003,RST,MN,AGL,CE,Towers with Radar,13,9,13,0,35,0,0,73,0,73,13,9,86,0,108,146,0,146,254
05/04/2003,RST,MN,AGL,CE,Towers with Radar,12,5,14,0,31,0,0,2,0,2,12,5,16,0,33,0,0,0,33
05/05/2003,RST,MN,AGL,CE,Towers with Radar,18,21,44,0,83,1,0,1,0,2,19,21,45,0,85,0,0,0,85
05/06/2003,RST,MN,AGL,CE,Towers with Radar,22,16,38,0,76,0,0,44,0,44,22,16,82,0,120,96,0,96,216
05/07/2003,RST,MN,AGL,CE,Towers with Radar,24,21,48,0,93,0,5,29,0,34,24,26,77,0,127,86,0,86,213
05/08/2003,RST,MN,AGL,CE,Towers with Radar,21,17,34,4,76,1,2,36,2,41,22,19,70,6,117,122,0,122,239
05/09/2003,RST,MN,AGL,CE,Towers with Radar,21,23,49,0,93,0,0,4,0,4,21,23,53,0,97,2,0,2,99
05/10/2003,RST,MN,AGL,CE,Towers with Radar,13,7,27,0,47,0,0,42,0,42,13,7,69,0,89,114,0,114,203
05/11/2003,RST,MN,AGL,CE,Towers with Radar,11,6,12,0,29,0,0,5,0,5,11,6,17,0,34,8,0,8,42
05/12/2003,RST,MN,AGL,CE,Towers with Radar,20,15,37,5,77,0,3,65,1,69,20,18,102,6,146,80,0,80,226
05/13/2003,RST,MN,AGL,CE,Towers with Radar,22,27,37,0,86,0,0,73,0,73,22,27,110,0,159,144,0,144,303
05/14/2003,RST,MN,AGL,CE,Towers with Radar,24,21,51,0,96,0,0,0,0,0,24,21,51,0,96,0,0,0,96
05/15/2003,RST,MN,AGL,CE,Towers with Radar,22,19,51,6,98,0,0,58,0,58,22,19,109,6,156,120,38,158,314
05/16/2003,RST,MN,AGL,CE,Towers with Radar,22,13,53,0,88,0,0,78,0,78,22,13,131,0,166,88,0,88,254
05/17/2003,RST,MN,AGL,CE,Towers with Radar,13,6,27,2,48,0,0,62,0,62,13,6,89,2,110,82,0,82,192
05/18/2003,RST,MN,AGL,CE,Towers with Radar,13,6,28,0,47,0,0,14,0,14,13,6,42,0,61,18,0,18,79
05/19/2003,RST,MN,AGL,CE,Towers with Radar,16,11,49,0,76,0,0,0,0,0,16,11,49,0,76,0,0,0,76
05/20/2003,RST,MN,AGL,CE,Towers with Radar,26,16,43,0,85,0,0,43,2,45,26,16,86,2,130,94,0,94,224
05/21/2003,RST,MN,AGL,CE,Towers with Radar,23,23,35,0,81,0,0,98,2,100,23,23,133,2,181,144,0,144,325
05/22/2003,RST,MN,AGL,CE,Towers with Radar,22,26,28,0,76,0,0,44,0,44,22,26,72,0,120,40,0,40,160
05/23/2003,RST,MN,AGL,CE,Towers with Radar,19,14,69,2,104,0,6,100,0,106,19,20,169,2,210,109,12,121,331
05/24/2003,RST,MN,AGL,CE,Towers with Radar,13,10,15,0,38,0,1,61,0,62,13,11,76,0,100,202,0,202,302
05/25/2003,RST,MN,AGL,CE,Towers with Radar,9,4,9,0,22,0,0,76,0,76,9,4,85,0,98,108,0,108,206
05/26/2003,RST,MN,AGL,CE,Towers with Radar,14,9,31,0,54,0,0,79,0,79,14,9,110,0,133,184,0,184,317
05/27/2003,RST,MN,AGL,CE,Towers with Radar,27,22,31,0,80,0,4,69,2,75,27,26,100,2,155,155,0,155,310
05/28/2003,RST,MN,AGL,CE,Towers with Radar,22,19,28,0,69,0,1,22,0,23,22,20,50,0,92,26,0,26,118
05/29/2003,RST,MN,AGL,CE,Towers with Radar,20,13,54,0,87,0,3,85,0,88,20,16,139,0,175,184,0,184,359
05/30/2003,RST,MN,AGL,CE,Towers with Radar,18,19,33,0,70,0,0,10,0,10,18,19,43,0,80,0,0,0,80
05/31/2003,RST,MN,AGL,CE,Towers with Radar,13,8,22,0,43,0,0,52,0,52,13,8,74,0,95,86,0,86,181
06/01/2003,RST,MN,AGL,CE,Towers with Radar,12,17,29,0,58,0,3,80,0,83,12,20,109,0,141,136,0,136,277
06/02/2003,RST,MN,AGL,CE,Towers with Radar,19,17,25,0,61,0,3,18,0,21,19,20,43,0,82,92,0,92,174
06/03/2003,RST,MN,AGL,CE,Towers with Radar,23,10,39,9,81,0,0,44,5,49,23,10,83,14,130,160,18,178,308
06/04/2003,RST,MN,AGL,CE,Towers with Radar,22,27,45,0,94,2,4,72,0,78,24,31,117,0,172,104,0,104,276
06/05/2003,RST,MN,AGL,CE,Towers with Radar,23,15,44,0,82,0,0,31,0,31,23,15,75,0,113,114,0,114,227
06/06/2003,RST,MN,AGL,CE,Towers with Radar,22,17,37,0,76,0,0,5,0,5,22,17,42,0,81,12,0,12,93
06/07/2003,RST,MN,AGL,CE,Towers with Radar,13,12,34,0,59,0,0,24,0,24,13,12,58,0,83,46,0,46,129
06/08/2003,RST,MN,AGL,CE,Towers with Radar,13,19,51,0,83,0,0,16,0,16,13,19,67,0,99,4,0,4,103
06/09/2003,RST,MN,AGL,CE,Towers with Radar,18,20,29,6,73,0,0,49,8,57,18,20,78,14,130,142,8,150,280
06/10/2003,RST,MN,AGL,CE,Towers with Radar,20,29,45,0,94,0,0,15,0,15,20,29,60,0,109,22,0,22,131
06/11/2003,RST,MN,AGL,CE,Towers with Radar,24,20,72,0,116,0,0,42,0,42,24,20,114,0,158,106,0,106,264
06/12/2003,RST,MN,AGL,CE,Towers with Radar,20,17,60,0,97,0,0,47,0,47,20,17,107,0,144,90,0,90,234
06/13/2003,RST,MN,AGL,CE,Towers with Radar,22,26,36,8,92,0,0,73,7,80,22,26,109,15,172,82,10,92,264
06/14/2003,RST,MN,AGL,CE,Towers with Radar,16,19,34,0,69,0,1,78,0,79,16,20,112,0,148,134,0,134,282
06/15/2003,RST,MN,AGL,CE,Towers with Radar,12,23,32,0,67,0,0,78,0,78,12,23,110,0,145,90,0,90,235
06/16/2003,RST,MN,AGL,CE,Towers with Radar,16,21,35,0,72,0,0,50,0,50,16,21,85,0,122,20,0,20,142
06/17/2003,RST,MN,AGL,CE,Towers with Radar,21,21,44,0,86,0,0,38,0,38,21,21,82,0,124,20,0,20,144
06/18/2003,RST,MN,AGL,CE,Towers with Radar,22,31,34,0,87,0,0,56,0,56,22,31,90,0,143,112,0,112,255
06/19/2003,RST,MN,AGL,CE,Towers with Radar,22,30,27,0,79,0,0,67,8,75,22,30,94,8,154,60,12,72,226
06/20/2003,RST,MN,AGL,CE,Towers with Radar,18,21,44,0,83,0,0,79,0,79,18,21,123,0,162,114,0,114,276
06/21/2003,RST,MN,AGL,CE,Towers with Radar,13,18,19,0,50,0,0,46,0,46,13,18,65,0,96,78,0,78,174
06/22/2003,RST,MN,AGL,CE,Towers with Radar,13,20,25,0,58,0,0,33,0,33,13,20,58,0,91,12,0,12,103
06/23/2003,RST,MN,AGL,CE,Towers with Radar,18,28,25,6,77,0,0,10,0,10,18,28,35,6,87,4,22,26,113
06/24/2003,RST,MN,AGL,CE,Towers with Radar,31,31,55,0,117,1,0,15,0,16,32,31,70,0,133,6,0,6,139
06/25/2003,RST,MN,AGL,CE,Towers with Radar,27,32,26,6,91,0,0,10,2,12,27,32,36,8,103,0,14,14,117
06/26/2003,RST,MN,AGL,CE,Towers with Radar,20,26,61,23,130,0,0,36,3,39,20,26,97,26,169,80,62,142,311
06/27/2003,RST,MN,AGL,CE,Towers with Radar,22,21,49,0,92,0,0,41,0,41,22,21,90,0,133,18,0,18,151
06/28/2003,RST,MN,AGL,CE,Towers with Radar,18,14,43,0,75,1,0,19,0,20,19,14,62,0,95,44,0,44,139
06/29/2003,RST,MN,AGL,CE,Towers with Radar,14,18,32,0,64,0,9,112,0,121,14,27,144,0,185,116,0,116,301
06/30/2003,RST,MN,AGL,CE,Towers with Radar,17,19,34,1,71,0,9,74,6,89,17,28,108,7,160,100,16,116,276
07/01/2003,RST,MN,AGL,CE,Towers with Radar,23,23,24,7,77,0,0,69,0,69,23,23,93,7,146,108,24,132,278
07/02/2003,RST,MN,AGL,CE,Towers with Radar,20,29,47,6,102,0,1,52,0,53,20,30,99,6,155,100,18,118,273
07/03/2003,RST,MN,AGL,CE,Towers with Radar,20,27,47,0,94,1,0,56,0,57,21,27,103,0,151,160,0,160,311
07/04/2003,RST,MN,AGL,CE,Towers with Radar,8,8,5,0,21,0,0,34,0,34,8,8,39,0,55,14,0,14,69
07/05/2003,RST,MN,AGL,CE,Towers with Radar,13,12,19,2,46,0,0,53,0,53,13,12,72,2,99,46,0,46,145
07/06/2003,RST,MN,AGL,CE,Towers with Radar,10,19,35,0,64,0,0,37,0,37,10,19,72,0,101,34,0,34,135
07/07/2003,RST,MN,AGL,CE,Towers with Radar,15,19,23,10,67,0,0,41,0,41,15,19,64,10,108,40,10,50,158
07/08/2003,RST,MN,AGL,CE,Towers with Radar,20,30,38,0,88,0,0,57,0,57,20,30,95,0,145,94,5,99,244
07/09/2003,RST,MN,AGL,CE,Towers with Radar,22,28,31,0,81,0,0,7,0,7,22,28,38,0,88,1,0,1,89
07/10/2003,RST,MN,AGL,CE,Towers with Radar,20,33,60,4,117,0,0,5,0,5,20,33,65,4,122,24,30,54,176
07/11/2003,RST,MN,AGL,CE,Towers with Radar,19,23,37,2,81,1,0,30,14,45,20,23,67,16,126,76,56,132,258
07/12/2003,RST,MN,AGL,CE,Towers with Radar,12,16,15,0,43,0,0,67,0,67,12,16,82,0,110,98,0,98,208
07/13/2003,RST,MN,AGL,CE,Towers with Radar,10,14,21,0,45,0,0,94,0,94,10,14,115,0,139,130,0,130,269
07/14/2003,RST,MN,AGL,CE,Towers with Radar,26,19,30,0,75,0,0,25,2,27,26,19,55,2,102,16,0,16,118
07/15/2003,RST,MN,AGL,CE,Towers with Radar,23,24,31,0,78,0,0,80,0,80,23,24,111,0,158,130,0,130,288
07/16/2003,RST,MN,AGL,CE,Towers with Radar,22,25,31,0,78,0,0,55,0,55,22,25,86,0,133,70,0,70,203
07/17/2003,RST,MN,AGL,CE,Towers with Radar,21,28,55,0,104,0,0,60,0,60,21,28,115,0,164,90,0,90,254
07/18/2003,RST,MN,AGL,CE,Towers with Radar,21,22,50,4,97,0,1,70,0,71,21,23,120,4,168,52,12,64,232
07/19/2003,RST,MN,AGL,CE,Towers with Radar,12,21,26,0,59,0,0,75,0,75,12,21,101,0,134,92,0,92,226
07/20/2003,RST,MN,AGL,CE,Towers with Radar,11,20,16,0,47,0,0,30,0,30,11,20,46,0,77,30,0,30,107
07/21/2003,RST,MN,AGL,CE,Towers with Radar,15,26,34,0,75,0,0,71,0,71,15,26,105,0,146,100,0,100,246
07/22/2003,RST,MN,AGL,CE,Towers with Radar,19,20,34,9,82,0,0,75,1,76,19,20,109,10,158,116,32,148,306
07/23/2003,RST,MN,AGL,CE,Towers with Radar,22,18,53,0,93,0,0,82,0,82,22,18,135,0,175,94,0,94,269
07/24/2003,RST,MN,AGL,CE,Towers with Radar,20,21,38,4,83,0,0,82,0,82,20,21,120,4,165,116,4,120,285
07/25/2003,RST,MN,AGL,CE,Towers with Radar,16,20,30,0,66,4,11,34,0,49,20,31,64,0,115,0,0,0,115
07/26/2003,RST,MN,AGL,CE,Towers with Radar,13,12,22,0,47,0,0,66,0,66,13,12,88,0,113,90,0,90,203
07/27/2003,RST,MN,AGL,CE,Towers with Radar,12,14,32,0,58,0,0,107,0,107,12,14,139,0,165,172,0,172,337
07/28/2003,RST,MN,AGL,CE,Towers with Radar,15,24,30,0,69,0,0,77,0,77,15,24,107,0,146,104,0,104,250
07/29/2003,RST,MN,AGL,CE,Towers with Radar,23,16,48,3,90,1,0,94,4,99,24,16,142,7,189,142,6,148,337
07/30/2003,RST,MN,AGL,CE,Towers with Radar,23,31,41,0,95,0,2,62,0,64,23,33,103,0,159,92,0,92,251
07/31/2003,RST,MN,AGL,CE,Towers with Radar,20,30,34,0,84,0,0,40,0,40,20,30,74,0,124,29,0,29,153
08/01/2003,RST,MN,AGL,CE,Towers with Radar,16,25,33,0,74,1,0,41,0,42,17,25,74,0,116,94,0,94,210
08/02/2003,RST,MN,AGL,CE,Towers with Radar,10,19,20,0,49,1,0,45,0,46,11,19,65,0,95,96,0,96,191
08/03/2003,RST,MN,AGL,CE,Towers with Radar,15,13,35,0,63,0,0,57,0,57,15,13,92,0,120,74,0,74,194
08/04/2003,RST,MN,AGL,CE,Towers with Radar,16,23,51,4,94,0,0,33,0,33,16,23,84,4,127,62,0,62,189
08/05/2003,RST,MN,AGL,CE,Towers with Radar,22,30,46,18,116,1,6,13,8,28,23,36,59,26,144,2,49,51,195
08/06/2003,RST,MN,AGL,CE,Towers with Radar,21,31,19,2,73,0,0,81,2,83,21,31,100,4,156,172,34,206,362
08/07/2003,RST,MN,AGL,CE,Towers with Radar,18,30,47,7,102,0,7,82,10,99,18,37,129,17,201,209,53,262,463
08/08/2003,RST,MN,AGL,CE,Towers with Radar,20,27,20,0,67,0,0,73,0,73,20,27,93,0,140,138,0,138,278
08/09/2003,RST,MN,AGL,CE,Towers with Radar,12,15,25,0,52,0,0,86,0,86,12,15,111,0,138,98,0,98,236
08/10/2003,RST,MN,AGL,CE,Towers with Radar,12,13,44,0,69,0,4,66,0,70,12,17,110,0,139,112,0,112,251
08/11/2003,RST,MN,AGL,CE,Towers with Radar,15,20,41,23,99,0,2,42,0,44,15,22,83,23,143,33,68,101,244
08/12/2003,RST,MN,AGL,CE,Towers with Radar,19,20,61,10,110,2,0,57,0,59,21,20,118,10,169,111,30,141,310
08/13/2003,RST,MN,AGL,CE,Towers with Radar,20,35,55,26,136,0,0,85,0,85,20,35,140,26,221,172,38,210,431
08/14/2003,RST,MN,AGL,CE,Towers with Radar,20,39,46,16,121,0,0,55,0,55,20,39,101,16,176,215,62,277,453
08/15/2003,RST,MN,AGL,CE,Towers with Radar,20,29,46,0,95,0,0,40,0,40,20,29,86,0,135,58,0,58,193
08/16/2003,RST,MN,AGL,CE,Towers with Radar,12,15,43,2,72,0,2,67,0,69,12,17,110,2,141,76,0,76,217
08/17/2003,RST,MN,AGL,CE,Towers with Radar,12,18,34,0,64,0,0,104,0,104,12,18,138,0,168,124,0,124,292
08/18/2003,RST,MN,AGL,CE,Towers with Radar,18,27,43,5,93,0,0,43,0,43,18,27,86,5,136,50,24,74,210
08/19/2003,RST,MN,AGL,CE,Towers with Radar,20,26,59,5,110,0,0,20,0,20,20,26,79,5,130,74,28,102,232
08/20/2003,RST,MN,AGL,CE,Towers with Radar,23,27,54,0,104,0,0,62,0,62,23,27,116,0,166,60,0,60,226
08/21/2003,RST,MN,AGL,CE,Towers with Radar,23,31,42,1,97,0,0,57,0,57,23,31,99,1,154,98,0,98,252
08/22/2003,RST,MN,AGL,CE,Towers with Radar,23,30,41,0,94,0,0,81,0,81,23,30,122,0,175,106,0,106,281
08/23/2003,RST,MN,AGL,CE,Towers with Radar,12,15,19,0,46,0,0,163,0,163,12,15,182,0,209,58,0,58,267
08/24/2003,RST,MN,AGL,CE,Towers with Radar,14,14,24,0,52,0,0,68,0,68,14,14,92,0,120,42,0,42,162
08/25/2003,RST,MN,AGL,CE,Towers with Radar,16,24,40,0,80,0,0,28,0,28,16,24,68,0,108,19,0,19,127
08/26/2003,RST,MN,AGL,CE,Towers with Radar,22,36,55,19,132,0,0,61,0,61,22,36,116,19,193,106,16,122,315
08/27/2003,RST,MN,AGL,CE,Towers with Radar,20,21,52,6,99,0,1,78,0,79,20,22,130,6,178,52,86,138,316
08/28/2003,RST,MN,AGL,CE,Towers with Radar,18,24,52,23,117,0,0,26,7,33,18,24,78,30,150,48,64,112,262
08/29/2003,RST,MN,AGL,CE,Towers with Radar,21,26,45,0,92,0,2,79,0,81,21,28,124,0,173,80,0,80,253
08/30/2003,RST,MN,AGL,CE,Towers with Radar,11,15,20,2,48,0,1,70,0,71,11,16,90,2,119,64,0,64,183
08/31/2003,RST,MN,AGL,CE,Towers with Radar,9,7,12,0,28,0,0,69,1,70,9,7,81,1,98,80,0,80,178
09/01/2003,RST,MN,AGL,CE,Towers with Radar,11,18,28,0,57,1,0,72,0,73,12,18,100,0,130,96,0,96,226
09/02/2003,RST,MN,AGL,CE,Towers with Radar,13,33,50,3,99,2,2,54,5,63,15,35,104,8,162,102,34,136,298
09/03/2003,RST,MN,AGL,CE,Towers with Radar,20,27,45,10,102,1,3,38,0,42,21,30,83,10,144,108,58,166,310
09/04/2003,RST,MN,AGL,CE,Towers with Radar,22,33,46,6,107,0,0,68,0,68,22,33,114,6,175,72,8,80,255
09/05/2003,RST,MN,AGL,CE,Towers with Radar,20,21,31,0,72,0,1,69,0,70,20,22,100,0,142,70,0,70,212
09/06/2003,RST,MN,AGL,CE,Towers with Radar,12,13,21,0,46,0,1,56,0,57,12,14,77,0,103,50,0,50,153
09/07/2003,RST,MN,AGL,CE,Towers with Radar,10,17,26,0,53,0,1,84,0,85,10,18,110,0,138,100,0,100,238
09/08/2003,RST,MN,AGL,CE,Towers with Radar,15,16,41,2,74,0,1,89,0,90,15,17,130,2,164,58,2,60,224
09/09/2003,RST,MN,AGL,CE,Towers with Radar,21,30,33,3,87,0,1,70,0,71,21,31,103,3,158,84,4,88,246
09/10/2003,RST,MN,AGL,CE,Towers with Radar,23,23,51,12,109,0,0,34,5,39,23,23,85,17,148,0,82,82,230
09/11/2003,RST,MN,AGL,CE,Towers with Radar,19,17,56,11,103,0,0,15,1,16,19,17,71,12,119,16,34,50,169
09/12/2003,RST,MN,AGL,CE,Towers with Radar,18,23,56,0,97,1,1,43,0,45,19,24,99,0,142,42,0,42,184
09/13/2003,RST,MN,AGL,CE,Towers with Radar,13,16,42,0,71,0,0,34,0,34,13,16,76,0,105,22,0,22,127
09/14/2003,RST,MN,AGL,CE,Towers with Radar,10,19,38,4,71,0,0,69,0,69,10,19,107,4,140,90,10,100,240
09/15/2003,RST,MN,AGL,CE,Towers with Radar,16,20,27,2,65,0,0,69,2,71,16,20,96,4,136,94,36,130,266
09/16/2003,RST,MN,AGL,CE,Towers with Radar,20,25,32,7,84,0,0,87,6,93,20,25,119,13,177,148,40,188,365
09/17/2003,RST,MN,AGL,CE,Towers with Radar,23,17,35,9,84,0,1,13,0,14,23,18,48,9,98,12,64,76,174
09/18/2003,RST,MN,AGL,CE,Towers with Radar,20,20,34,0,74,0,0,5,0,5,20,20,39,0,79,0,0,0,79
09/19/2003,RST,MN,AGL,CE,Towers with Radar,24,21,32,0,77,0,3,27,0,30,24,24,59,0,107,18,0,18,125
09/20/2003,RST,MN,AGL,CE,Towers with Radar,13,15,32,0,60,0,0,66,0,66,13,15,98,0,126,40,0,40,166
09/21/2003,RST,MN,AGL,CE,Towers with Radar,14,16,33,0,63,0,0,23,0,23,14,16,56,0,86,34,0,34,120
09/22/2003,RST,MN,AGL,CE,Towers with Radar,22,20,31,0,73,0,4,34,0,38,22,24,65,0,111,41,0,41,152
09/23/2003,RST,MN,AGL,CE,Towers with Radar,22,21,49,4,96,0,0,65,0,65,22,21,114,4,161,93,0,93,254
09/24/2003,RST,MN,AGL,CE,Towers with Radar,25,22,25,4,76,0,0,16,2,18,25,22,41,6,94,19,34,53,147
09/25/2003,RST,MN,AGL,CE,Towers with Radar,23,27,53,4,107,0,0,79,2,81,23,27,132,6,188,36,12,48,236
09/26/2003,RST,MN,AGL,CE,Towers with Radar,21,30,48,0,99,0,0,42,0,42,21,30,90,0,141,38,0,38,179
09/27/2003,RST,MN,AGL,CE,Towers with Radar,15,17,12,0,44,0,0,26,0,26,15,17,38,0,70,54,0,54,124
09/28/2003,RST,MN,AGL,CE,Towers with Radar,12,18,38,0,68,0,0,52,0,52,12,18,90,0,120,70,0,70,190
09/29/2003,RST,MN,AGL,CE,Towers with Radar,20,18,31,0,69,0,0,28,0,28,20,18,59,0,97,24,0,24,121
09/30/2003,RST,MN,AGL,CE,Towers with Radar,25,31,56,0,112,2,0,42,0,44,27,31,98,0,156,118,0,118,274
10/01/2003,RST,MN,AGL,CE,Towers with Radar,21,26,44,7,98,1,5,76,16,98,22,31,120,23,196,71,20,91,287
10/02/2003,RST,MN,AGL,CE,Towers with Radar,22,28,48,8,106,0,3,72,15,90,22,31,120,23,196,108,66,174,370
10/03/2003,RST,MN,AGL,CE,Towers with Radar,17,16,36,0,69,5,0,39,0,44,22,16,75,0,113,56,0,56,169
10/04/2003,RST,MN,AGL,CE,Towers with Radar,12,14,26,2,54,0,0,70,0,70,12,14,96,2,124,98,0,98,222
10/05/2003,RST,MN,AGL,CE,Towers with Radar,12,16,28,0,56,0,0,103,0,103,12,16,131,0,159,84,0,84,243
10/06/2003,RST,MN,AGL,CE,Towers with Radar,18,23,38,0,79,2,6,48,0,56,20,29,86,0,135,28,0,28,163
10/07/2003,RST,MN,AGL,CE,Towers with Radar,19,23,40,6,88,3,4,32,2,41,22,27,72,8,129,19,4,23,152
10/08/2003,RST,MN,AGL,CE,Towers with Radar,19,24,38,6,87,5,0,0,9,14,24,24,38,15,101,40,40,80,181
10/09/2003,RST,MN,AGL,CE,Towers with Radar,23,28,48,8,107,0,1,26,4,31,23,29,74,12,138,80,46,126,264
10/10/2003,RST,MN,AGL,CE,Towers with Radar,21,24,43,0,88,0,0,24,0,24,21,24,67,0,112,26,0,26,138
10/11/2003,RST,MN,AGL,CE,Towers with Radar,13,14,26,0,53,3,3,7,0,13,16,17,33,0,66,37,0,37,103
10/12/2003,RST,MN,AGL,CE,Towers with Radar,10,14,30,0,54,0,0,133,0,133,10,14,163,0,187,114,0,114,301
10/13/2003,RST,MN,AGL,CE,Towers with Radar,16,17,31,0,64,0,8,20,0,28,16,25,51,0,92,18,0,18,110
10/14/2003,RST,MN,AGL,CE,Towers with Radar,23,26,47,6,102,0,2,23,13,38,23,28,70,19,140,66,40,106,246
10/15/2003,RST,MN,AGL,CE,Towers with Radar,21,21,42,5,89,2,0,46,1,49,23,21,88,6,138,96,26,122,260
10/16/2003,RST,MN,AGL,CE,Towers with Radar,22,19,47,6,94,0,0,50,16,66,22,19,97,22,160,92,64,156,316
10/17/2003,RST,MN,AGL,CE,Towers with Radar,21,23,41,0,85,5,0,76,0,81,26,23,117,0,166,104,0,104,270
10/18/2003,RST,MN,AGL,CE,Towers with Radar,10,12,23,0,45,5,3,65,0,73,15,15,88,0,118,120,0,120,238
10/19/2003,RST,MN,AGL,CE,Towers with Radar,10,16,32,0,58,0,0,105,0,105,10,16,137,0,163,112,0,112,275
10/20/2003,RST,MN,AGL,CE,Towers with Radar,16,19,34,0,69,0,4,25,0,29,16,23,59,0,98,35,0,35,133
10/21/2003,RST,MN,AGL,CE,Towers with Radar,22,19,46,6,93,0,0,29,6,35,22,19,75,12,128,64,2,66,194
10/22/2003,RST,MN,AGL,CE,Towers with Radar,22,28,50,7,107,0,5,32,6,43,22,33,82,13,150,68,40,108,258
10/23/2003,RST,MN,AGL,CE,Towers with Radar,19,21,38,0,78,3,0,22,0,25,22,21,60,0,103,36,0,36,139
10/24/2003,RST,MN,AGL,CE,Towers with Radar,21,22,42,0,85,2,0,25,0,27,23,22,67,0,112,42,0,42,154
10/25/2003,RST,MN,AGL,CE,Towers with Radar,11,12,22,0,45,1,3,34,0,38,12,15,56,0,83,32,0,32,115
10/26/2003,RST,MN,AGL,CE,Towers with Radar,11,16,29,0,56,0,2,47,0,49,11,18,76,0,105,26,0,26,131
10/27/2003,RST,MN,AGL,CE,Towers with Radar,11,19,34,4,68,0,2,33,0,35,11,21,67,4,103,8,24,32,135
10/28/2003,RST,MN,AGL,CE,Towers with Radar,17,20,34,4,75,1,5,2,10,18,18,25,36,14,93,0,0,0,93
10/29/2003,RST,MN,AGL,CE,Towers with Radar,19,24,43,6,92,0,0,1,10,11,19,24,44,16,103,0,80,80,183
10/30/2003,RST,MN,AGL,CE,Towers with Radar,16,16,40,0,72,0,0,9,0,9,16,16,49,0,81,24,0,24,105
10/31/2003,RST,MN,AGL,CE,Towers with Radar,19,17,37,0,73,1,0,6,0,7,20,17,43,0,80,0,0,0,80
11/01/2003,RST,MN,AGL,CE,Towers with Radar,9,13,25,0,47,0,2,47,0,49,9,15,72,0,96,48,0,48,144
11/02/2003,RST,MN,AGL,CE,Towers with Radar,8,15,28,4,55,0,3,40,0,43,8,18,68,4,98,52,0,52,150
11/03/2003,RST,MN,AGL,CE,Towers with Radar,11,15,26,0,52,0,5,0,0,5,11,20,26,0,57,0,0,0,57
11/04/2003,RST,MN,AGL,CE,Towers with Radar,15,21,39,0,75,0,7,5,0,12,15,28,44,0,87,24,0,24,111
11/05/2003,RST,MN,AGL,CE,Towers with Radar,17,24,44,2,87,1,2,38,0,41,18,26,82,2,128,28,14,42,170
11/06/2003,RST,MN,AGL,CE,Towers with Radar,15,22,39,0,76,0,3,65,0,68,15,25,104,0,144,56,0,56,200
11/07/2003,RST,MN,AGL,CE,Towers with Radar,15,17,37,0,69,2,0,73,0,75,17,17,110,0,144,104,0,104,248
11/08/2003,RST,MN,AGL,CE,Towers with Radar,11,12,27,0,50,0,0,84,0,84,11,12,111,0,134,112,0,112,246
11/09/2003,RST,MN,AGL,CE,Towers with Radar,9,12,23,0,44,1,2,38,0,41,10,14,61,0,85,70,0,70,155
11/10/2003,RST,MN,AGL,CE,Towers with Radar,14,22,37,0,73,0,0,0,0,0,14,22,37,0,73,0,0,0,73
11/11/2003,RST,MN,AGL,CE,Towers with Radar,16,23,42,0,81,0,6,45,0,51,16,29,87,0,132,74,0,74,206
11/12/2003,RST,MN,AGL,CE,Towers with Radar,16,21,44,8,89,0,0,3,14,17,16,21,47,22,106,0,0,0,106
11/13/2003,RST,MN,AGL,CE,Towers with Radar,18,22,44,0,84,0,0,47,0,47,18,22,91,0,131,88,0,88,219
11/14/2003,RST,MN,AGL,CE,Towers with Radar,15,23,38,4,80,3,0,58,0,61,18,23,96,4,141,50,54,104,245
11/15/2003,RST,MN,AGL,CE,Towers with Radar,9,14,24,0,47,0,0,1,0,1,9,14,25,0,48,0,0,0,48
11/16/2003,RST,MN,AGL,CE,Towers with Radar,11,18,38,0,67,0,0,27,0,27,11,18,65,0,94,0,0,0,94
11/17/2003,RST,MN,AGL,CE,Towers with Radar,14,18,31,0,63,0,0,0,0,0,14,18,31,0,63,0,0,0,63
11/18/2003,RST,MN,AGL,CE,Towers with Radar,16,28,61,9,114,0,0,53,51,104,16,28,114,60,218,46,170,216,434
11/19/2003,RST,MN,AGL,CE,Towers with Radar,16,26,47,7,96,0,0,35,15,50,16,26,82,22,146,94,28,122,268
11/20/2003,RST,MN,AGL,CE,Towers with Radar,16,23,44,7,90,0,0,21,5,26,16,23,65,12,116,66,40,106,222
11/21/2003,RST,MN,AGL,CE,Towers with Radar,17,21,41,0,79,5,0,60,0,65,22,21,101,0,144,40,0,40,184
11/22/2003,RST,MN,AGL,CE,Towers with Radar,6,9,9,0,24,5,4,0,0,9,11,13,9,0,33,0,0,0,33
11/23/2003,RST,MN,AGL,CE,Towers with Radar,5,7,12,0,24,4,3,0,0,7,9,10,12,0,31,0,0,0,31
11/24/2003,RST,MN,AGL,CE,Towers with Radar,15,16,36,5,72,1,0,6,21,28,16,16,42,26,100,62,0,62,162
11/25/2003,RST,MN,AGL,CE,Towers with Radar,16,23,44,7,90,0,0,25,15,40,16,23,69,22,130,29,92,121,251
11/26/2003,RST,MN,AGL,CE,Towers with Radar,15,21,37,0,73,4,4,38,0,46,19,25,75,0,119,30,0,30,149
11/27/2003,RST,MN,AGL,CE,Towers with Radar,6,9,16,0,31,2,5,7,0,14,8,14,23,0,45,12,0,12,57
11/28/2003,RST,MN,AGL,CE,Towers with Radar,7,12,20,0,39,5,2,18,0,25,12,14,38,0,64,14,0,14,78
11/29/2003,RST,MN,AGL,CE,Towers with Radar,10,14,24,0,48,1,1,37,0,39,11,15,61,0,87,26,0,26,113
11/30/2003,RST,MN,AGL,CE,Towers with Radar,10,12,25,0,47,3,0,42,0,45,13,12,67,0,92,46,0,46,138
12/01/2003,RST,MN,AGL,CE,Towers with Radar,16,19,34,6,75,0,0,44,4,48,16,19,78,10,123,14,48,62,185
12/02/2003,RST,MN,AGL,CE,Towers with Radar,18,20,31,0,69,3,2,18,0,23,21,22,49,0,92,77,0,77,169
12/03/2003,RST,MN,AGL,CE,Towers with Radar,20,22,36,6,84,2,0,25,0,27,22,22,61,6,111,26,26,52,163
12/04/2003,RST,MN,AGL,CE,Towers with Radar,20,23,36,4,83,0,2,30,0,32,20,25,66,4,115,38,32,70,185
12/05/2003,RST,MN,AGL,CE,Towers with Radar,19,23,38,4,84,0,0,28,0,28,19,23,66,4,112,8,26,34,146
12/06/2003,RST,MN,AGL,CE,Towers with Radar,11,15,24,0,50,0,0,13,0,13,11,15,37,0,63,10,0,10,73
12/07/2003,RST,MN,AGL,CE,Towers with Radar,13,12,39,0,64,0,0,50,0,50,13,12,89,0,114,70,0,70,184
12/08/2003,RST,MN,AGL,CE,Towers with Radar,17,18,40,7,82,0,0,2,12,14,17,18,42,19,96,42,40,82,178
12/09/2003,RST,MN,AGL,CE,Towers with Radar,13,15,20,0,48,7,2,0,0,9,20,17,20,0,57,0,0,0,57
12/10/2003,RST,MN,AGL,CE,Towers with Radar,19,20,32,3,74,2,0,15,0,17,21,20,47,3,91,70,16,86,177
12/11/2003,RST,MN,AGL,CE,Towers with Radar,20,24,42,0,86,0,0,44,0,44,20,24,86,0,130,70,0,70,200
12/12/2003,RST,MN,AGL,CE,Towers with Radar,21,22,46,8,97,0,0,22,8,30,21,22,68,16,127,80,78,158,285
12/13/2003,RST,MN,AGL,CE,Towers with Radar,15,13,28,0,56,0,0,78,0,78,15,13,106,0,134,148,0,148,282
12/14/2003,RST,MN,AGL,CE,Towers with Radar,11,13,22,0,46,0,0,0,0,0,11,13,22,0,46,0,0,0,46
12/15/2003,RST,MN,AGL,CE,Towers with Radar,11,12,21,2,46,6,0,7,0,13,17,12,28,2,59,0,0,0,59
12/16/2003,RST,MN,AGL,CE,Towers with Radar,20,20,34,5,79,0,7,7,4,18,20,27,41,9,97,0,24,24,121
12/17/2003,RST,MN,AGL,CE,Towers with Radar,21,22,41,6,90,0,0,54,10,64,21,22,95,16,154,55,45,100,254
12/18/2003,RST,MN,AGL,CE,Towers with Radar,24,25,43,6,98,0,0,6,16,22,24,25,49,22,120,40,4,44,164
12/19/2003,RST,MN,AGL,CE,Towers with Radar,23,25,42,6,96,0,1,32,0,33,23,26,74,6,129,92,14,106,235
12/20/2003,RST,MN,AGL,CE,Towers with Radar,14,16,27,0,57,0,3,53,0,56,14,19,80,0,113,36,0,36,149
12/21/2003,RST,MN,AGL,CE,Towers with Radar,11,12,22,0,45,0,0,48,0,48,11,12,70,0,93,158,0,158,251
12/22/2003,RST,MN,AGL,CE,Towers with Radar,22,20,38,5,85,0,0,37,19,56,22,20,75,24,141,24,46,70,211
12/23/2003,RST,MN,AGL,CE,Towers with Radar,20,20,34,2,76,3,8,37,0,48,23,28,71,2,124,46,12,58,182
12/24/2003,RST,MN,AGL,CE,Towers with Radar,12,13,22,0,47,4,8,31,0,43,16,21,53,0,90,50,0,50,140
12/25/2003,RST,MN,AGL,CE,Towers with Radar,7,6,11,0,24,3,6,25,0,34,10,12,36,0,58,22,0,22,80
12/26/2003,RST,MN,AGL,CE,Towers with Radar,15,16,27,0,58,4,1,29,0,34,19,17,56,0,92,80,0,80,172
12/27/2003,RST,MN,AGL,CE,Towers with Radar,10,11,19,0,40,6,6,2,0,14,16,17,21,0,54,8,0,8,62
12/28/2003,RST,MN,AGL,CE,Towers with Radar,12,13,20,0,45,0,1,26,0,27,12,14,46,0,72,32,0,32,104
12/29/2003,RST,MN,AGL,CE,Towers with Radar,13,14,15,0,42,2,4,0,0,6,15,18,15,0,48,8,0,8,56
12/30/2003,RST,MN,AGL,CE,Towers with Radar,20,22,35,5,82,0,0,54,0,54,20,22,89,5,136,56,4,60,196
12/31/2003,RST,MN,AGL,CE,Towers with Radar,14,15,24,0,53,3,3,43,0,49,17,18,67,0,102,60,0,60,162
01/01/2004,RST,MN,AGL,CE,Towers with Radar,8,9,8,0,25,5,11,0,0,16,13,20,8,0,41,14,0,14,55
01/02/2004,RST,MN,AGL,CE,Towers with Radar,16,19,30,0,65,3,5,12,0,20,19,24,42,0,85,8,0,8,93
01/03/2004,RST,MN,AGL,CE,Towers with Radar,10,12,20,0,42,3,0,53,0,56,13,12,73,0,98,72,0,72,170
01/04/2004,RST,MN,AGL,CE,Towers with Radar,5,11,19,0,35,0,4,25,0,29,5,15,44,0,64,18,0,18,82
01/05/2004,RST,MN,AGL,CE,Towers with Radar,11,16,30,6,63,0,0,10,0,10,11,16,40,6,73,56,42,98,171
01/06/2004,RST,MN,AGL,CE,Towers with Radar,14,24,40,10,88,0,0,28,15,43,14,24,68,25,131,16,54,70,201
01/07/2004,RST,MN,AGL,CE,Towers with Radar,16,18,49,12,95,0,0,59,28,87,16,18,108,40,182,74,86,160,342
01/08/2004,RST,MN,AGL,CE,Towers with Radar,18,18,38,9,83,0,0,33,15,48,18,18,71,24,131,72,110,182,313
01/09/2004,RST,MN,AGL,CE,Towers with Radar,15,17,32,4,68,1,0,34,0,35,16,17,66,4,103,50,58,108,211
01/10/2004,RST,MN,AGL,CE,Towers with Radar,7,8,14,0,29,0,1,16,0,17,7,9,30,0,46,32,0,32,78
01/11/2004,RST,MN,AGL,CE,Towers with Radar,10,15,24,0,49,0,6,27,0,33,10,21,51,0,82,54,0,54,136
01/12/2004,RST,MN,AGL,CE,Towers with Radar,14,24,43,10,91,0,0,42,23,65,14,24,85,33,156,81,30,111,267
01/13/2004,RST,MN,AGL,CE,Towers with Radar,18,27,44,10,99,0,0,52,14,66,18,27,96,24,165,108,36,144,309
01/14/2004,RST,MN,AGL,CE,Towers with Radar,15,20,32,8,75,1,9,10,5,25,16,29,42,13,100,24,38,62,162
01/15/2004,RST,MN,AGL,CE,Towers with Radar,15,21,33,2,71,1,1,23,0,25,16,22,56,2,96,86,12,98,194
01/16/2004,RST,MN,AGL,CE,Towers with Radar,15,19,28,7,69,5,2,11,4,22,20,21,39,11,91,24,26,50,141
01/17/2004,RST,MN,AGL,CE,Towers with Radar,9,15,22,0,46,0,3,23,0,26,9,18,45,0,72,60,0,60,132
01/18/2004,RST,MN,AGL,CE,Towers with Radar,10,14,21,0,45,1,1,27,0,29,11,15,48,0,74,10,0,10,84
01/19/2004,RST,MN,AGL,CE,Towers with Radar,12,15,24,0,51,3,0,24,0,27,15,15,48,0,78,24,22,46,124
01/20/2004,RST,MN,AGL,CE,Towers with Radar,15,15,29,6,65,1,0,17,0,18,16,15,46,6,83,29,18,47,130
01/21/2004,RST,MN,AGL,CE,Towers with Radar,15,17,31,0,63,2,0,1,0,3,17,17,32,0,66,1,0,1,67
01/22/2004,RST,MN,AGL,CE,Towers with Radar,17,24,35,0,76,2,0,36,0,38,19,24,71,0,114,63,0,63,177
01/23/2004,RST,MN,AGL,CE,Towers with Radar,17,24,35,0,76,1,2,5,0,8,18,26,40,0,84,8,0,8,92
01/24/2004,RST,MN,AGL,CE,Towers with Radar,9,13,18,0,40,2,3,59,0,64,11,16,77,0,104,92,0,92,196
01/25/2004,RST,MN,AGL,CE,Towers with Radar,10,14,20,0,44,1,0,27,0,28,11,14,47,0,72,18,0,18,90
01/26/2004,RST,MN,AGL,CE,Towers with Radar,10,13,16,0,39,6,1,0,0,7,16,14,16,0,46,0,0,0,46
01/27/2004,RST,MN,AGL,CE,Towers with Radar,13,21,32,7,73,0,0,26,1,27,13,21,58,8,100,17,18,35,135
01/28/2004,RST,MN,AGL,CE,Towers with Radar,15,22,19,0,56,0,3,0,0,3,15,25,19,0,59,6,0,6,65
01/29/2004,RST,MN,AGL,CE,Towers with Radar,16,18,33,7,74,0,0,2,7,9,16,18,35,14,83,0,78,78,161
01/30/2004,RST,MN,AGL,CE,Towers with Radar,16,23,35,6,80,0,7,0,0,7,16,30,35,6,87,0,6,6,93
01/31/2004,RST,MN,AGL,CE,Towers with Radar,7,11,16,0,34,4,3,13,0,20,11,14,29,0,54,32,0,32,86
02/01/2004,RST,MN,AGL,CE,Towers with Radar,8,8,16,0,32,1,0,7,0,8,9,8,23,0,40,0,0,0,40
02/02/2004,RST,MN,AGL,CE,Towers with Radar,7,8,12,0,27,3,3,0,0,6,10,11,12,0,33,0,0,0,33
02/03/2004,RST,MN,AGL,CE,Towers with Radar,18,22,44,5,89,0,0,23,15,38,18,22,67,20,127,1,52,53,180
02/04/2004,RST,MN,AGL,CE,Towers with Radar,20,24,43,5,92,2,0,15,1,18,22,24,58,6,110,72,36,108,218
02/05/2004,RST,MN,AGL,CE,Towers with Radar,14,17,24,0,55,4,7,0,0,11,18,24,24,0,66,2,0,2,68
02/06/2004,RST,MN,AGL,CE,Towers with Radar,13,19,29,5,66,8,2,0,5,15,21,21,29,10,81,39,12,51,132
02/07/2004,RST,MN,AGL,CE,Towers with Radar,8,11,20,0,39,8,1,48,0,57,16,12,68,0,96,36,0,36,132
02/08/2004,RST,MN,AGL,CE,Towers with Radar,12,13,29,0,54,2,0,9,0,11,14,13,38,0,65,0,0,0,65
02/09/2004,RST,MN,AGL,CE,Towers with Radar,13,17,27,2,59,1,2,0,0,3,14,19,27,2,62,0,0,0,62
02/10/2004,RST,MN,AGL,CE,Towers with Radar,17,25,42,6,90,0,4,11,5,20,17,29,53,11,110,19,41,60,170
02/11/2004,RST,MN,AGL,CE,Towers with Radar,15,19,36,0,70,3,0,7,0,10,18,19,43,0,80,0,0,0,80
02/12/2004,RST,MN,AGL,CE,Towers with Radar,16,22,39,6,83,0,0,45,0,45,16,22,84,6,128,56,12,68,196
02/13/2004,RST,MN,AGL,CE,Towers with Radar,18,23,40,4,85,1,3,62,0,66,19,26,102,4,151,84,0,84,235
02/14/2004,RST,MN,AGL,CE,Towers with Radar,11,15,26,0,52,2,0,92,0,94,13,15,118,0,146,82,0,82,228
02/15/2004,RST,MN,AGL,CE,Towers with Radar,8,15,25,0,48,0,5,57,0,62,8,20,82,0,110,66,0,66,176
02/16/2004,RST,MN,AGL,CE,Towers with Radar,13,18,31,0,62,1,8,35,0,44,14,26,66,0,106,62,0,62,168
02/17/2004,RST,MN,AGL,CE,Towers with Radar,17,23,39,2,81,1,1,28,0,30,18,24,67,2,111,112,6,118,229
02/18/2004,RST,MN,AGL,CE,Towers with Radar,17,29,52,7,105,0,0,20,13,33,17,29,72,20,138,12,28,40,178
02/19/2004,RST,MN,AGL,CE,Towers with Radar,16,23,47,7,93,0,0,0,29,29,16,23,47,36,122,2,72,74,196
02/20/2004,RST,MN,AGL,CE,Towers with Radar,15,20,32,0,67,2,1,1,0,4,17,21,33,0,71,0,0,0,71
02/21/2004,RST,MN,AGL,CE,Towers with Radar,10,15,25,0,50,0,1,61,0,62,10,16,86,0,112,128,0,128,240
02/22/2004,RST,MN,AGL,CE,Towers with Radar,7,12,15,0,34,0,8,0,0,8,7,20,15,0,42,0,0,0,42
02/23/2004,RST,MN,AGL,CE,Towers with Radar,12,17,18,0,47,0,1,0,0,1,12,18,18,0,48,28,0,28,76
02/24/2004,RST,MN,AGL,CE,Towers with Radar,17,25,40,5,87,1,4,22,8,35,18,29,62,13,122,70,38,108,230
02/25/2004,RST,MN,AGL,CE,Towers with Radar,17,24,39,5,85,1,0,0,1,2,18,24,39,6,87,142,21,163,250
02/26/2004,RST,MN,AGL,CE,Towers with Radar,21,28,55,0,104,0,0,75,0,75,21,28,130,0,179,96,0,96,275
02/27/2004,RST,MN,AGL,CE,Towers with Radar,16,22,35,0,73,7,2,37,0,46,23,24,72,0,119,89,0,89,208
02/28/2004,RST,MN,AGL,CE,Towers with Radar,9,18,29,0,56,0,0,59,0,59,9,18,88,0,115,60,0,60,175
02/29/2004,RST,MN,AGL,CE,Towers with Radar,9,17,28,0,54,0,0,31,0,31,9,17,59,0,85,96,0,96,181
03/01/2004,RST,MN,AGL,CE,Towers with Radar,8,18,19,0,45,3,0,0,0,3,11,18,19,0,48,0,0,0,48
03/02/2004,RST,MN,AGL,CE,Towers with Radar,10,25,29,0,64,3,0,1,0,4,13,25,30,0,68,14,0,14,82
03/03/2004,RST,MN,AGL,CE,Towers with Radar,11,21,24,4,60,11,0,0,18,29,22,21,24,22,89,0,0,0,89
03/04/2004,RST,MN,AGL,CE,Towers with Radar,12,27,29,0,68,3,0,3,0,6,15,27,32,0,74,8,0,8,82
03/05/2004,RST,MN,AGL,CE,Towers with Radar,7,17,17,0,41,4,4,0,0,8,11,21,17,0,49,0,0,0,49
03/06/2004,RST,MN,AGL,CE,Towers with Radar,9,26,25,0,60,2,0,50,0,52,11,26,75,0,112,88,0,88,200
03/07/2004,RST,MN,AGL,CE,Towers with Radar,4,19,19,0,42,0,8,27,0,35,4,27,46,0,77,22,0,22,99
03/08/2004,RST,MN,AGL,CE,Towers with Radar,11,30,30,0,71,0,0,14,0,14,11,30,44,0,85,44,0,44,129
03/09/2004,RST,MN,AGL,CE,Towers with Radar,12,36,35,4,87,0,4,71,10,85,12,40,106,14,172,148,22,170,342
03/10/2004,RST,MN,AGL,CE,Towers with Radar,11,28,25,0,64,0,3,0,0,3,11,31,25,0,67,0,0,0,67
03/11/2004,RST,MN,AGL,CE,Towers with Radar,12,31,31,4,78,0,1,2,2,5,12,32,33,6,83,30,45,75,158
03/12/2004,RST,MN,AGL,CE,Towers with Radar,12,35,35,0,82,0,6,64,0,70,12,41,99,0,152,154,0,154,306
03/13/2004,RST,MN,AGL,CE,Towers with Radar,5,14,11,0,30,1,9,0,0,10,6,23,11,0,40,0,0,0,40
03/14/2004,RST,MN,AGL,CE,Towers with Radar,4,18,18,0,40,0,4,10,0,14,4,22,28,0,54,0,0,0,54
03/15/2004,RST,MN,AGL,CE,Towers with Radar,11,29,31,3,74,0,0,61,3,64,11,29,92,6,138,102,18,120,258
03/16/2004,RST,MN,AGL,CE,Towers with Radar,10,28,28,2,68,0,4,42,1,47,10,32,70,3,115,102,3,105,220
03/17/2004,RST,MN,AGL,CE,Towers with Radar,13,29,31,3,76,2,0,24,3,29,15,29,55,6,105,24,56,80,185
03/18/2004,RST,MN,AGL,CE,Towers with Radar,11,30,30,0,71,3,2,7,0,12,14,32,37,0,83,38,4,42,125
03/19/2004,RST,MN,AGL,CE,Towers with Radar,11,31,31,0,73,5,2,11,0,18,16,33,42,0,91,52,0,52,143
03/20/2004,RST,MN,AGL,CE,Towers with Radar,6,17,13,0,36,0,8,0,0,8,6,25,13,0,44,8,0,8,52
03/21/2004,RST,MN,AGL,CE,Towers with Radar,4,24,25,0,53,0,0,125,0,125,4,24,150,0,178,70,0,70,248
03/22/2004,RST,MN,AGL,CE,Towers with Radar,8,28,31,2,69,0,0,74,0,74,8,28,105,2,143,108,4,112,255
03/23/2004,RST,MN,AGL,CE,Towers with Radar,13,36,35,3,87,0,0,55,14,69,13,36,90,17,156,128,38,166,322
03/24/2004,RST,MN,AGL,CE,Towers with Radar,13,31,33,3,80,0,0,40,17,57,13,31,73,20,137,112,63,175,312
03/25/2004,RST,MN,AGL,CE,Towers with Radar,14,36,38,2,90,0,0,6,0,6,14,36,44,2,96,0,4,4,100
03/26/2004,RST,MN,AGL,CE,Towers with Radar,13,27,33,0,73,2,0,65,0,67,15,27,98,0,140,160,0,160,300
03/27/2004,RST,MN,AGL,CE,Towers with Radar,6,23,21,0,50,0,5,7,0,12,6,28,28,0,62,0,0,0,62
03/28/2004,RST,MN,AGL,CE,Towers with Radar,4,23,22,0,49,0,0,22,0,22,4,23,44,0,71,76,0,76,147
03/29/2004,RST,MN,AGL,CE,Towers with Radar,12,27,36,0,75,0,0,63,0,63,12,27,99,0,138,18,0,18,156
03/30/2004,RST,MN,AGL,CE,Towers with Radar,12,30,28,0,70,0,0,18,0,18,12,30,46,0,88,32,0,32,120
03/31/2004,RST,MN,AGL,CE,Towers with Radar,12,31,29,0,72,2,2,85,0,89,14,33,114,0,161,140,0,140,301
04/01/2004,RST,MN,AGL,CE,Towers with Radar,14,37,38,0,89,0,0,108,0,108,14,37,146,0,197,140,0,140,337
04/02/2004,RST,MN,AGL,CE,Towers with Radar,13,37,37,0,87,1,1,114,0,116,14,38,151,0,203,174,0,174,377
04/03/2004,RST,MN,AGL,CE,Towers with Radar,6,27,28,1,62,0,4,22,0,26,6,31,50,1,88,34,0,34,122
04/04/2004,RST,MN,AGL,CE,Towers with Radar,5,24,28,0,57,0,0,109,0,109,5,24,137,0,166,160,0,160,326
04/05/2004,RST,MN,AGL,CE,Towers with Radar,10,27,32,2,71,0,0,48,0,48,10,27,80,2,119,78,6,84,203
04/06/2004,RST,MN,AGL,CE,Towers with Radar,12,35,36,4,87,2,1,48,16,67,14,36,84,20,154,114,46,160,314
04/07/2004,RST,MN,AGL,CE,Towers with Radar,15,34,45,6,100,0,0,49,25,74,15,34,94,31,174,50,94,144,318
04/08/2004,RST,MN,AGL,CE,Towers with Radar,13,35,44,5,97,0,0,50,14,64,13,35,94,19,161,67,24,91,252
04/09/2004,RST,MN,AGL,CE,Towers with Radar,15,37,42,0,94,2,0,63,0,65,17,37,105,0,159,72,0,72,231
04/10/2004,RST,MN,AGL,CE,Towers with Radar,6,15,16,0,37,2,8,35,0,45,8,23,51,0,82,74,0,74,156
04/11/2004,RST,MN,AGL,CE,Towers with Radar,4,15,17,0,36,0,7,49,0,56,4,22,66,0,92,106,0,106,198
04/12/2004,RST,MN,AGL,CE,Towers with Radar,10,29,33,4,76,0,0,48,14,62,10,29,81,18,138,38,66,104,242
04/13/2004,RST,MN,AGL,CE,Towers with Radar,14,40,42,5,101,0,9,92,7,108,14,49,134,12,209,123,66,189,398
04/14/2004,RST,MN,AGL,CE,Towers with Radar,14,34,36,0,84,3,1,44,0,48,17,35,80,0,132,80,0,80,212
04/15/2004,RST,MN,AGL,CE,Towers with Radar,14,36,38,2,90,1,9,12,0,22,15,45,50,2,112,22,6,28,140
04/16/2004,RST,MN,AGL,CE,Towers with Radar,15,37,39,0,91,0,1,51,0,52,15,38,90,0,143,20,0,20,163
04/17/2004,RST,MN,AGL,CE,Towers with Radar,7,18,19,0,44,1,3,61,0,65,8,21,80,0,109,86,0,86,195
04/18/2004,RST,MN,AGL,CE,Towers with Radar,7,18,20,0,45,3,8,5,0,16,10,26,25,0,61,28,0,28,89
04/19/2004,RST,MN,AGL,CE,Towers with Radar,11,34,36,0,81,0,0,33,0,33,11,34,69,0,114,72,0,72,186
04/20/2004,RST,MN,AGL,CE,Towers with Radar,14,38,38,5,95,0,3,11,5,19,14,41,49,10,114,20,0,20,134
04/21/2004,RST,MN,AGL,CE,Towers with Radar,14,37,40,5,96,0,0,7,5,12,14,37,47,10,108,16,36,52,160
04/22/2004,RST,MN,AGL,CE,Towers with Radar,14,41,2,0,57,0,1,0,0,1,14,42,2,0,58,164,0,164,222
04/23/2004,RST,MN,AGL,CE,Towers with Radar,13,32,35,0,80,2,0,60,0,62,15,32,95,0,142,62,0,62,204
04/24/2004,RST,MN,AGL,CE,Towers with Radar,8,24,23,0,55,0,2,56,0,58,8,26,79,0,113,86,0,86,199
04/25/2004,RST,MN,AGL,CE,Towers with Radar,10,33,33,0,76,0,0,21,0,21,10,33,54,0,97,22,0,22,119
04/26/2004,RST,MN,AGL,CE,Towers with Radar,10,24,28,0,62,1,0,20,0,21,11,24,48,0,83,16,0,16,99
04/27/2004,RST,MN,AGL,CE,Towers with Radar,14,36,39,0,89,0,0,68,0,68,14,36,107,0,157,54,0,54,211
04/28/2004,RST,MN,AGL,CE,Towers with Radar,14,35,37,5,91,5,0,15,11,31,19,35,52,16,122,2,26,28,150
04/29/2004,RST,MN,AGL,CE,Towers with Radar,15,35,40,5,95,2,0,63,1,66,17,35,103,6,161,178,0,178,339
04/30/2004,RST,MN,AGL,CE,Towers with Radar,14,33,37,4,88,4,0,68,0,72,18,33,105,4,160,52,0,52,212
05/01/2004,RST,MN,AGL,CE,Towers with Radar,8,22,28,0,58,1,5,73,0,79,9,27,101,0,137,88,0,88,225
05/02/2004,RST,MN,AGL,CE,Towers with Radar,7,20,29,0,56,0,0,54,0,54,7,20,83,0,110,52,0,52,162
05/03/2004,RST,MN,AGL,CE,Towers with Radar,11,23,36,0,70,0,0,34,0,34,11,23,70,0,104,6,0,6,110
05/04/2004,RST,MN,AGL,CE,Towers with Radar,12,24,40,0,76,4,0,61,0,65,16,24,101,0,141,74,0,74,215
05/05/2004,RST,MN,AGL,CE,Towers with Radar,11,30,38,0,79,3,1,14,0,18,14,31,52,0,97,41,0,41,138
05/06/2004,RST,MN,AGL,CE,Towers with Radar,11,31,43,6,91,3,0,25,5,33,14,31,68,11,124,78,42,120,244
05/07/2004,RST,MN,AGL,CE,Towers with Radar,10,23,34,2,69,6,0,3,0,9,16,23,37,2,78,0,0,0,78
05/08/2004,RST,MN,AGL,CE,Towers with Radar,9,27,34,0,70,0,0,20,0,20,9,27,54,0,90,20,0,20,110
05/09/2004,RST,MN,AGL,CE,Towers with Radar,10,25,33,0,68,2,5,12,0,19,12,30,45,0,87,0,0,0,87
05/10/2004,RST,MN,AGL,CE,Towers with Radar,10,26,35,0,71,2,4,57,0,63,12,30,92,0,134,88,0,88,222
05/11/2004,RST,MN,AGL,CE,Towers with Radar,15,34,50,7,106,1,0,30,14,45,16,34,80,21,151,22,12,34,185
05/12/2004,RST,MN,AGL,CE,Towers with Radar,13,33,36,6,88,0,6,0,10,16,13,39,36,16,104,0,48,48,152
05/13/2004,RST,MN,AGL,CE,Towers with Radar,14,25,49,0,88,0,0,24,0,24,14,25,73,0,112,0,0,0,112
05/14/2004,RST,MN,AGL,CE,Towers with Radar,12,30,40,0,82,4,4,62,0,70,16,34,102,0,152,142,0,142,294
05/15/2004,RST,MN,AGL,CE,Towers with Radar,8,23,31,0,62,0,8,84,0,92,8,31,115,0,154,98,0,98,252
05/16/2004,RST,MN,AGL,CE,Towers with Radar,6,24,32,0,62,0,5,49,0,54,6,29,81,0,116,74,0,74,190
05/17/2004,RST,MN,AGL,CE,Towers with Radar,10,32,38,5,85,0,2,0,9,11,10,34,38,14,96,6,36,42,138
05/18/2004,RST,MN,AGL,CE,Towers with Radar,13,38,55,6,112,0,0,92,11,103,13,38,147,17,215,88,38,126,341
05/19/2004,RST,MN,AGL,CE,Towers with Radar,13,2,43,0,58,1,0,14,0,15,14,2,57,0,73,60,0,60,133
05/20/2004,RST,MN,AGL,CE,Towers with Radar,16,29,56,6,107,0,0,43,4,47,16,29,99,10,154,94,46,140,294
05/21/2004,RST,MN,AGL,CE,Towers with Radar,12,29,38,0,79,2,0,0,0,2,14,29,38,0,81,0,0,0,81
05/22/2004,RST,MN,AGL,CE,Towers with Radar,8,28,35,0,71,0,2,24,0,26,8,30,59,0,97,90,0,90,187
05/23/2004,RST,MN,AGL,CE,Towers with Radar,6,26,33,0,65,0,3,17,0,20,6,29,50,0,85,0,0,0,85
05/24/2004,RST,MN,AGL,CE,Towers with Radar,10,33,41,1,85,0,4,19,0,23,10,37,60,1,108,15,0,15,123
05/25/2004,RST,MN,AGL,CE,Towers with Radar,14,33,57,7,111,0,0,32,15,47,14,33,89,22,158,5,38,43,201
05/26/2004,RST,MN,AGL,CE,Towers with Radar,15,41,52,6,114,1,4,71,16,92,16,45,123,22,206,110,88,198,404
05/27/2004,RST,MN,AGL,CE,Towers with Radar,13,39,50,6,108,0,0,50,10,60,13,39,100,16,168,156,18,174,342
05/28/2004,RST,MN,AGL,CE,Towers with Radar,14,0,41,5,60,2,0,0,123,125,16,0,41,128,185,168,0,168,353
05/29/2004,RST,MN,AGL,CE,Towers with Radar,7,21,26,0,54,4,3,4,0,11,11,24,30,0,65,10,0,10,75
05/30/2004,RST,MN,AGL,CE,Towers with Radar,4,10,14,0,28,2,0,16,0,18,6,10,30,0,46,24,0,24,70
05/31/2004,RST,MN,AGL,CE,Towers with Radar,7,20,25,0,52,3,0,28,0,31,10,20,53,0,83,6,0,6,89
06/01/2004,RST,MN,AGL,CE,Towers with Radar,9,29,33,3,74,0,0,7,6,13,9,29,40,9,87,0,0,0,87
06/02/2004,RST,MN,AGL,CE,Towers with Radar,12,41,40,0,93,2,0,86,0,88,14,41,126,0,181,148,0,148,329
06/03/2004,RST,MN,AGL,CE,Towers with Radar,14,42,48,4,108,0,0,97,14,111,14,42,145,18,219,256,42,298,517
06/04/2004,RST,MN,AGL,CE,Towers with Radar,10,36,36,3,85,5,2,37,1,45,15,38,73,4,130,120,0,120,250
06/05/2004,RST,MN,AGL,CE,Towers with Radar,7,24,24,0,55,4,2,33,0,39,11,26,57,0,94,54,0,54,148
06/06/2004,RST,MN,AGL,CE,Towers with Radar,7,28,32,0,67,0,0,43,0,43,7,28,75,0,110,58,0,58,168
06/07/2004,RST,MN,AGL,CE,Towers with Radar,10,28,35,0,73,2,0,50,0,52,12,28,85,0,125,4,0,4,129
06/08/2004,RST,MN,AGL,CE,Towers with Radar,8,26,30,3,67,7,0,27,6,40,15,26,57,9,107,30,38,68,175
06/09/2004,RST,MN,AGL,CE,Towers with Radar,9,30,32,0,71,5,0,5,0,10,14,30,37,0,81,0,0,0,81
06/10/2004,RST,MN,AGL,CE,Towers with Radar,12,38,40,1,91,2,0,1,0,3,14,38,41,1,94,0,0,0,94
06/11/2004,RST,MN,AGL,CE,Towers with Radar,10,29,32,0,71,2,0,0,0,2,12,29,32,0,73,4,0,4,77
06/12/2004,RST,MN,AGL,CE,Towers with Radar,6,20,22,0,48,0,6,79,0,85,6,26,101,0,133,74,0,74,207
06/13/2004,RST,MN,AGL,CE,Towers with Radar,4,20,21,0,45,0,0,50,0,50,4,20,71,0,95,151,0,151,246
06/14/2004,RST,MN,AGL,CE,Towers with Radar,6,28,32,0,66,0,0,45,0,45,6,28,77,0,111,58,0,58,169
06/15/2004,RST,MN,AGL,CE,Towers with Radar,10,36,43,3,92,0,0,72,2,74,10,36,115,5,166,128,2,130,296
06/16/2004,RST,MN,AGL,CE,Towers with Radar,10,35,36,0,81,0,5,17,0,22,10,40,53,0,103,0,0,0,103
06/17/2004,RST,MN,AGL,CE,Towers with Radar,9,42,44,0,95,0,3,55,0,58,9,45,99,0,153,106,0,106,259
06/18/2004,RST,MN,AGL,CE,Towers with Radar,12,35,45,3,95,0,0,43,7,50,12,35,88,10,145,60,0,60,205
06/19/2004,RST,MN,AGL,CE,Towers with Radar,5,26,28,0,59,0,3,47,0,50,5,29,75,0,109,66,0,66,175
06/20/2004,RST,MN,AGL,CE,Towers with Radar,3,31,33,0,67,0,2,43,0,45,3,33,76,0,112,62,0,62,174
06/21/2004,RST,MN,AGL,CE,Towers with Radar,7,32,34,0,73,0,9,24,0,33,7,41,58,0,106,51,0,51,157
06/22/2004,RST,MN,AGL,CE,Towers with Radar,10,37,39,2,88,0,2,47,10,59,10,39,86,12,147,98,22,120,267
06/23/2004,RST,MN,AGL,CE,Towers with Radar,13,40,42,2,97,6,10,16,0,32,19,50,58,2,129,32,0,32,161
06/24/2004,RST,MN,AGL,CE,Towers with Radar,9,35,36,2,82,0,1,16,4,21,9,36,52,6,103,32,18,50,153
06/25/2004,RST,MN,AGL,CE,Towers with Radar,13,44,44,0,101,1,3,42,0,46,14,47,86,0,147,14,0,14,161
06/26/2004,RST,MN,AGL,CE,Towers with Radar,6,21,20,0,47,2,5,56,0,63,8,26,76,0,110,60,0,60,170
06/27/2004,RST,MN,AGL,CE,Towers with Radar,5,21,28,0,54,0,0,46,0,46,5,21,74,0,100,32,0,32,132
06/28/2004,RST,MN,AGL,CE,Towers with Radar,6,30,30,2,68,0,2,53,0,55,6,32,83,2,123,96,0,96,219
06/29/2004,RST,MN,AGL,CE,Towers with Radar,11,34,33,2,80,0,1,49,4,54,11,35,82,6,134,118,2,120,254
06/30/2004,RST,MN,AGL,CE,Towers with Radar,12,39,39,3,93,0,5,47,5,57,12,44,86,8,150,166,30,196,346
07/01/2004,RST,MN,AGL,CE,Towers with Radar,9,38,40,0,87,1,0,57,0,58,10,38,97,0,145,194,0,194,339
07/02/2004,RST,MN,AGL,CE,Towers with Radar,8,38,39,2,87,7,0,39,0,46,15,38,78,2,133,74,0,74,207
07/03/2004,RST,MN,AGL,CE,Towers with Radar,4,25,24,0,53,0,3,14,0,17,4,28,38,0,70,24,0,24,94
07/04/2004,RST,MN,AGL,CE,Towers with Radar,0,23,22,0,45,0,6,45,0,51,0,29,67,0,96,60,0,60,156
07/05/2004,RST,MN,AGL,CE,Towers with Radar,4,25,30,0,59,0,0,0,0,0,4,25,30,0,59,20,0,20,79
07/06/2004,RST,MN,AGL,CE,Towers with Radar,6,37,28,2,73,0,0,0,11,11,6,37,28,13,84,28,0,28,112
07/07/2004,RST,MN,AGL,CE,Towers with Radar,8,40,41,0,89,0,2,33,0,35,8,42,74,0,124,64,0,64,188
07/08/2004,RST,MN,AGL,CE,Towers with Radar,9,36,37,2,84,1,3,112,2,118,10,39,149,4,202,234,2,236,438
07/09/2004,RST,MN,AGL,CE,Towers with Radar,10,41,41,0,92,1,6,0,0,7,11,47,41,0,99,112,0,112,211
07/10/2004,RST,MN,AGL,CE,Towers with Radar,4,26,27,0,57,0,2,51,0,53,4,28,78,0,110,50,0,50,160
07/11/2004,RST,MN,AGL,CE,Towers with Radar,6,24,27,0,57,0,0,46,0,46,6,24,73,0,103,140,0,140,243
07/12/2004,RST,MN,AGL,CE,Towers with Radar,5,32,33,0,70,0,7,68,0,75,5,39,101,0,145,146,0,146,291
07/13/2004,RST,MN,AGL,CE,Towers with Radar,10,39,42,2,93,1,0,52,6,59,11,39,94,8,152,44,28,72,224
07/14/2004,RST,MN,AGL,CE,Towers with Radar,9,33,40,2,84,1,0,58,0,59,10,33,98,2,143,104,0,104,247
07/15/2004,RST,MN,AGL,CE,Towers with Radar,10,36,42,0,88,3,0,84,0,87,13,36,126,0,175,128,0,128,303
07/16/2004,RST,MN,AGL,CE,Towers with Radar,11,38,43,0,92,1,0,79,0,80,12,38,122,0,172,130,0,130,302
07/17/2004,RST,MN,AGL,CE,Towers with Radar,6,25,26,0,57,0,9,56,0,65,6,34,82,0,122,58,0,58,180
07/18/2004,RST,MN,AGL,CE,Towers with Radar,5,37,38,0,80,0,3,79,0,82,5,40,117,0,162,50,0,50,212
07/19/2004,RST,MN,AGL,CE,Towers with Radar,10,39,40,1,90,0,7,37,1,45,10,46,77,2,135,97,0,97,232
07/20/2004,RST,MN,AGL,CE,Towers with Radar,9,32,34,1,76,1,0,46,3,50,10,32,80,4,126,140,9,149,275
07/21/2004,RST,MN,AGL,CE,Towers with Radar,10,38,37,1,86,2,1,16,3,22,12,39,53,4,108,36,4,40,148
07/22/2004,RST,MN,AGL,CE,Towers with Radar,10,46,47,1,104,0,0,109,0,109,10,46,156,1,213,76,0,76,289
07/23/2004,RST,MN,AGL,CE,Towers with Radar,9,39,38,1,87,3,0,65,2,70,12,39,103,3,157,130,0,130,287
07/24/2004,RST,MN,AGL,CE,Towers with Radar,5,23,22,0,50,1,4,63,0,68,6,27,85,0,118,104,0,104,222
07/25/2004,RST,MN,AGL,CE,Towers with Radar,4,32,31,0,67,0,8,107,0,115,4,40,138,0,182,134,0,134,316
07/26/2004,RST,MN,AGL,CE,Towers with Radar,6,33,32,0,71,0,4,88,0,92,6,37,120,0,163,142,0,142,305
07/27/2004,RST,MN,AGL,CE,Towers with Radar,9,38,37,1,85,1,1,68,6,76,10,39,105,7,161,102,22,124,285
07/28/2004,RST,MN,AGL,CE,Towers with Radar,10,43,42,0,95,0,1,71,0,72,10,44,113,0,167,64,0,64,231
07/29/2004,RST,MN,AGL,CE,Towers with Radar,9,46,49,0,104,0,0,73,0,73,9,46,122,0,177,172,0,172,349
07/30/2004,RST,MN,AGL,CE,Towers with Radar,12,45,46,0,103,13,0,35,0,48,25,45,81,0,151,60,0,60,211
07/31/2004,RST,MN,AGL,CE,Towers with Radar,6,26,28,0,60,1,0,44,0,45,7,26,72,0,105,104,0,104,209
08/01/2004,RST,MN,AGL,CE,Towers with Radar,5,29,31,0,65,0,2,27,0,29,5,31,58,0,94,68,0,68,162
08/02/2004,RST,MN,AGL,CE,Towers with Radar,8,32,42,0,82,0,0,5,0,5,8,32,47,0,87,43,0,43,130
08/03/2004,RST,MN,AGL,CE,Towers with Radar,7,32,41,3,83,3,0,0,9,12,10,32,41,12,95,0,34,34,129
08/04/2004,RST,MN,AGL,CE,Towers with Radar,10,46,61,4,121,0,0,66,23,89,10,46,127,27,210,56,81,137,347
08/05/2004,RST,MN,AGL,CE,Towers with Radar,10,44,49,0,103,2,0,86,0,88,12,44,135,0,191,92,0,92,283
08/06/2004,RST,MN,AGL,CE,Towers with Radar,8,35,39,0,82,4,1,71,0,76,12,36,110,0,158,84,0,84,242
08/07/2004,RST,MN,AGL,CE,Towers with Radar,6,27,31,2,66,0,1,121,1,123,6,28,152,3,189,188,16,204,393
08/08/2004,RST,MN,AGL,CE,Towers with Radar,4,31,35,0,70,0,0,84,0,84,4,31,119,0,154,161,0,161,315
08/09/2004,RST,MN,AGL,CE,Towers with Radar,6,34,50,0,90,0,0,30,0,30,6,34,80,0,120,98,0,98,218
08/10/2004,RST,MN,AGL,CE,Towers with Radar,10,50,59,3,122,0,0,31,0,31,10,50,90,3,153,58,2,60,213
08/11/2004,RST,MN,AGL,CE,Towers with Radar,9,46,51,2,108,1,4,37,0,42,10,50,88,2,150,54,10,64,214
08/12/2004,RST,MN,AGL,CE,Towers with Radar,10,43,53,0,106,0,0,82,0,82,10,43,135,0,188,150,0,150,338
08/13/2004,RST,MN,AGL,CE,Towers with Radar,9,39,46,0,94,3,0,63,0,66,12,39,109,0,160,106,0,106,266
08/14/2004,RST,MN,AGL,CE,Towers with Radar,6,27,32,0,65,0,0,92,0,92,6,27,124,0,157,60,0,60,217
08/15/2004,RST,MN,AGL,CE,Towers with Radar,4,31,39,0,74,0,0,81,0,81,4,31,120,0,155,158,0,158,313
08/16/2004,RST,MN,AGL,CE,Towers with Radar,5,31,34,0,70,0,8,16,0,24,5,39,50,0,94,14,0,14,108
08/17/2004,RST,MN,AGL,CE,Towers with Radar,9,38,58,0,105,0,0,77,0,77,9,38,135,0,182,192,0,192,374
08/18/2004,RST,MN,AGL,CE,Towers with Radar,8,40,40,2,90,2,1,0,9,12,10,41,40,11,102,68,14,82,184
08/19/2004,RST,MN,AGL,CE,Towers with Radar,9,38,46,2,95,2,0,114,0,116,11,38,160,2,211,128,0,128,339
08/20/2004,RST,MN,AGL,CE,Towers with Radar,8,39,41,2,90,4,4,42,46,96,12,43,83,48,186,100,6,106,292
08/21/2004,RST,MN,AGL,CE,Towers with Radar,5,25,26,1,57,1,5,102,13,121,6,30,128,14,178,97,10,107,285
08/22/2004,RST,MN,AGL,CE,Towers with Radar,4,25,26,0,55,0,7,31,0,38,4,32,57,0,93,84,0,84,177
08/23/2004,RST,MN,AGL,CE,Towers with Radar,6,35,37,0,78,0,7,0,0,7,6,42,37,0,85,8,0,8,93
08/24/2004,RST,MN,AGL,CE,Towers with Radar,10,44,51,3,108,2,0,5,7,14,12,44,56,10,122,28,0,28,150
08/25/2004,RST,MN,AGL,CE,Towers with Radar,8,41,43,0,92,2,1,25,0,28,10,42,68,0,120,0,24,24,144
08/26/2004,RST,MN,AGL,CE,Towers with Radar,10,46,48,3,107,0,13,17,6,36,10,59,65,9,143,66,27,93,236
08/27/2004,RST,MN,AGL,CE,Towers with Radar,9,47,50,0,106,3,5,30,0,38,12,52,80,0,144,96,0,96,240
08/28/2004,RST,MN,AGL,CE,Towers with Radar,6,31,32,0,69,0,4,15,0,19,6,35,47,0,88,64,0,64,152
08/29/2004,RST,MN,AGL,CE,Towers with Radar,2,35,37,0,74,0,9,28,0,37,2,44,65,0,111,40,0,40,151
08/30/2004,RST,MN,AGL,CE,Towers with Radar,5,35,37,0,77,0,6,19,0,25,5,41,56,0,102,78,0,78,180
08/31/2004,RST,MN,AGL,CE,Towers with Radar,9,42,45,2,98,0,11,51,1,63,9,53,96,3,161,88,23,111,272
09/01/2004,RST,MN,AGL,CE,Towers with Radar,11,35,38,7,91,0,0,45,7,52,11,35,83,14,143,84,70,154,297
09/02/2004,RST,MN,AGL,CE,Towers with Radar,12,37,37,0,86,4,6,61,0,71,16,43,98,0,157,104,0,104,261
09/03/2004,RST,MN,AGL,CE,Towers with Radar,13,40,40,7,100,1,8,31,5,45,14,48,71,12,145,118,14,132,277
09/04/2004,RST,MN,AGL,CE,Towers with Radar,6,25,26,0,57,0,1,46,0,47,6,26,72,0,104,70,0,70,174
09/05/2004,RST,MN,AGL,CE,Towers with Radar,4,17,17,0,38,0,7,4,0,11,4,24,21,0,49,0,0,0,49
09/06/2004,RST,MN,AGL,CE,Towers with Radar,6,30,30,0,66,0,2,25,0,27,6,32,55,0,93,20,0,20,113
09/07/2004,RST,MN,AGL,CE,Towers with Radar,8,36,36,6,86,0,19,26,7,52,8,55,62,13,138,126,26,152,290
09/08/2004,RST,MN,AGL,CE,Towers with Radar,14,44,44,9,111,1,3,26,25,55,15,47,70,34,166,112,74,186,352
09/09/2004,RST,MN,AGL,CE,Towers with Radar,12,34,43,8,97,0,0,40,24,64,12,34,83,32,161,130,98,228,389
09/10/2004,RST,MN,AGL,CE,Towers with Radar,9,29,32,0,70,5,0,39,0,44,14,29,71,0,114,58,0,58,172
09/11/2004,RST,MN,AGL,CE,Towers with Radar,6,22,22,0,50,1,3,58,0,62,7,25,80,0,112,130,0,130,242
09/12/2004,RST,MN,AGL,CE,Towers with Radar,6,31,33,0,70,0,0,64,0,64,6,31,97,0,134,70,0,70,204
09/13/2004,RST,MN,AGL,CE,Towers with Radar,10,36,36,0,82,0,7,36,0,43,10,43,72,0,125,5,0,5,130
09/14/2004,RST,MN,AGL,CE,Towers with Radar,11,33,37,1,82,0,0,14,0,14,11,33,51,1,96,0,0,0,96
09/15/2004,RST,MN,AGL,CE,Towers with Radar,13,36,42,8,99,4,0,2,27,33,17,36,44,35,132,6,74,80,212
09/16/2004,RST,MN,AGL,CE,Towers with Radar,14,38,44,9,105,0,0,52,3,55,14,38,96,12,160,96,0,96,256
09/17/2004,RST,MN,AGL,CE,Towers with Radar,12,39,40,0,91,2,0,71,0,73,14,39,111,0,164,48,0,48,212
09/18/2004,RST,MN,AGL,CE,Towers with Radar,7,24,22,0,53,0,6,56,0,62,7,30,78,0,115,58,0,58,173
09/19/2004,RST,MN,AGL,CE,Towers with Radar,5,26,28,0,59,0,0,46,0,46,5,26,74,0,105,20,0,20,125
09/20/2004,RST,MN,AGL,CE,Towers with Radar,8,32,35,6,81,0,0,28,2,30,8,32,63,8,111,12,40,52,163
09/21/2004,RST,MN,AGL,CE,Towers with Radar,14,41,46,8,109,1,0,36,17,54,15,41,82,25,163,122,118,240,403
09/22/2004,RST,MN,AGL,CE,Towers with Radar,11,39,37,2,89,3,2,47,0,52,14,41,84,2,141,126,4,130,271
09/23/2004,RST,MN,AGL,CE,Towers with Radar,14,39,47,8,108,0,0,20,10,30,14,39,67,18,138,42,38,80,218
09/24/2004,RST,MN,AGL,CE,Towers with Radar,13,44,42,0,99,3,5,27,0,35,16,49,69,0,134,40,0,40,174
09/25/2004,RST,MN,AGL,CE,Towers with Radar,6,23,21,0,50,0,4,82,0,86,6,27,103,0,136,128,0,128,264
09/26/2004,RST,MN,AGL,CE,Towers with Radar,6,26,25,0,57,0,8,82,0,90,6,34,107,0,147,98,0,98,245
09/27/2004,RST,MN,AGL,CE,Towers with Radar,8,29,28,0,65,0,10,25,0,35,8,39,53,0,100,22,0,22,122
09/28/2004,RST,MN,AGL,CE,Towers with Radar,12,29,40,7,88,0,0,57,4,61,12,29,97,11,149,58,56,114,263
09/29/2004,RST,MN,AGL,CE,Towers with Radar,13,42,43,8,106,0,0,45,11,56,13,42,88,19,162,60,21,81,243
09/30/2004,RST,MN,AGL,CE,Towers with Radar,12,41,39,0,92,0,2,36,0,38,12,43,75,0,130,28,0,28,158
10/01/2004,RST,MN,AGL,CE,Combined TRACON& Tower with Radar,13,33,32,2,80,0,0,0,0,0,13,33,32,2,80,0,0,0,80
10/02/2004,RST,MN,AGL,CE,Combined TRACON& Tower with Radar,8,26,17,4,55,0,0,43,0,43,8,26,60,4,98,92,0,92,190
10/03/2004,RST,MN,AGL,CE,Combined TRACON& Tower with Radar,6,30,20,0,56,0,0,41,0,41,6,30,61,0,97,118,0,118,215
10/04/2004,RST,MN,AGL,CE,Combined TRACON& Tower with Radar,8,44,14,10,76,0,0,56,1,57,8,44,70,11,133,48,24,72,205
10/05/2004,RST,MN,AGL,CE,Combined TRACON& Tower with Radar,12,40,42,10,104,0,5,53,0,58,12,45,95,10,162,70,54,124,286
10/06/2004,RST,MN,AGL,CE,Combined TRACON& Tower with Radar,12,53,40,21,126,0,0,52,0,52,12,53,92,21,178,70,58,128,306
10/07/2004,RST,MN,AGL,CE,Combined TRACON& Tower with Radar,13,39,50,14,116,0,0,23,0,23,13,39,73,14,139,32,0,32,171
10/08/2004,RST,MN,AGL,CE,Combined TRACON& Tower with Radar,14,37,40,6,97,0,0,31,0,31,14,37,71,6,128,16,24,40,168
10/09/2004,RST,MN,AGL,CE,Combined TRACON& Tower with Radar,7,26,28,0,61,0,0,102,0,102,7,26,130,0,163,144,0,144,307
10/10/2004,RST,MN,AGL,CE,Combined TRACON& Tower with Radar,6,24,42,0,72,0,0,86,0,86,6,24,128,0,158,100,0,100,258
10/11/2004,RST,MN,AGL,CE,Combined TRACON& Tower with Radar,8,38,45,2,93,0,0,53,0,53,8,38,98,2,146,34,0,34,180
10/12/2004,RST,MN,AGL,CE,Combined TRACON& Tower with Radar,12,39,26,21,98,0,0,44,0,44,12,39,70,21,142,82,18,100,242
10/13/2004,RST,MN,AGL,CE,Combined TRACON& Tower with Radar,10,35,46,42,133,2,1,5,0,8,12,36,51,42,141,2,0,2,143
10/14/2004,RST,MN,AGL,CE,Combined TRACON& Tower with Radar,12,36,50,26,124,0,0,0,3,3,12,36,50,29,127,0,0,0,127
10/15/2004,RST,MN,AGL,CE,Combined TRACON& Tower with Radar,14,47,23,0,84,0,0,0,0,0,14,47,23,0,84,0,0,0,84
10/16/2004,RST,MN,AGL,CE,Combined TRACON& Tower with Radar,8,28,20,0,56,0,0,5,0,5,8,28,25,0,61,6,0,6,67
10/17/2004,RST,MN,AGL,CE,Combined TRACON& Tower with Radar,6,24,30,2,62,0,0,61,2,63,6,24,91,4,125,78,2,80,205
10/18/2004,RST,MN,AGL,CE,Combined TRACON& Tower with Radar,8,34,42,8,92,0,0,20,0,20,8,34,62,8,112,22,32,54,166
10/19/2004,RST,MN,AGL,CE,Combined TRACON& Tower with Radar,12,40,47,18,117,0,0,0,1,1,12,40,47,19,118,0,0,0,118
10/20/2004,RST,MN,AGL,CE,Combined TRACON& Tower with Radar,14,43,20,22,99,0,0,18,0,18,14,43,38,22,117,58,20,78,195
10/21/2004,RST,MN,AGL,CE,Combined TRACON& Tower with Radar,20,43,57,2,122,0,0,0,0,0,20,43,57,2,122,52,0,52,174
10/22/2004,RST,MN,AGL,CE,Combined TRACON& Tower with Radar,15,37,22,4,78,0,1,0,0,1,15,38,22,4,79,0,0,0,79
10/23/2004,RST,MN,AGL,CE,Combined TRACON& Tower with Radar,6,25,22,0,53,0,0,1,0,1,6,25,23,0,54,26,0,26,80
10/24/2004,RST,MN,AGL,CE,Combined TRACON& Tower with Radar,5,25,36,0,66,0,0,103,0,103,5,25,139,0,169,26,0,26,195
10/25/2004,RST,MN,AGL,CE,Combined TRACON& Tower with Radar,7,43,24,2,76,1,1,57,0,59,8,44,81,2,135,82,10,92,227
10/26/2004,RST,MN,AGL,CE,Combined TRACON& Tower with Radar,12,32,34,0,78,0,0,11,0,11,12,32,45,0,89,10,0,10,99
10/27/2004,RST,MN,AGL,CE,Combined TRACON& Tower with Radar,17,38,70,0,125,0,0,0,0,0,17,38,70,0,125,0,0,0,125
10/28/2004,RST,MN,AGL,CE,Combined TRACON& Tower with Radar,19,34,49,0,102,0,0,0,0,0,19,34,49,0,102,0,0,0,102
10/29/2004,RST,MN,AGL,CE,Combined TRACON& Tower with Radar,14,39,33,0,86,0,0,0,0,0,14,39,33,0,86,23,0,23,109
10/30/2004,RST,MN,AGL,CE,Combined TRACON& Tower with Radar,14,28,16,0,58,0,0,2,0,2,14,28,18,0,60,48,0,48,108
10/31/2004,RST,MN,AGL,CE,Combined TRACON& Tower with Radar,11,22,44,0,77,0,0,6,0,6,11,22,50,0,83,0,0,0,83
11/01/2004,RST,MN,AGL,CE,Combined TRACON& Tower with Radar,16,24,30,0,70,0,0,4,0,4,16,24,34,0,74,10,2,12,86
11/02/2004,RST,MN,AGL,CE,Combined TRACON& Tower with Radar,20,30,29,12,91,0,0,8,0,8,20,30,37,12,99,48,29,77,176
11/03/2004,RST,MN,AGL,CE,Combined TRACON& Tower with Radar,22,33,50,2,107,0,0,34,1,35,22,33,84,3,142,96,21,117,259
11/04/2004,RST,MN,AGL,CE,Combined TRACON& Tower with Radar,21,29,45,6,101,0,0,32,0,32,21,29,77,6,133,39,26,65,198
11/05/2004,RST,MN,AGL,CE,Combined TRACON& Tower with Radar,21,33,43,0,97,0,0,70,0,70,21,33,113,0,167,66,0,66,233
11/06/2004,RST,MN,AGL,CE,Combined TRACON& Tower with Radar,10,26,18,0,54,0,0,99,7,106,10,26,117,7,160,138,0,138,298
11/07/2004,RST,MN,AGL,CE,Combined TRACON& Tower with Radar,15,21,26,0,62,0,0,66,0,66,15,21,92,0,128,52,0,52,180
11/08/2004,RST,MN,AGL,CE,Combined TRACON& Tower with Radar,16,29,40,6,91,0,0,40,1,41,16,29,80,7,132,34,15,49,181
11/09/2004,RST,MN,AGL,CE,Combined TRACON& Tower with Radar,20,27,48,10,105,0,3,29,3,35,20,30,77,13,140,102,30,132,272
11/10/2004,RST,MN,AGL,CE,Combined TRACON& Tower with Radar,22,40,45,13,120,0,0,13,5,18,22,40,58,18,138,0,54,54,192
11/11/2004,RST,MN,AGL,CE,Combined TRACON& Tower with Radar,20,33,32,2,87,0,0,50,2,52,20,33,82,4,139,54,0,54,193
11/12/2004,RST,MN,AGL,CE,Combined TRACON& Tower with Radar,21,30,31,0,82,0,0,70,0,70,21,30,101,0,152,170,0,170,322
11/13/2004,RST,MN,AGL,CE,Combined TRACON& Tower with Radar,10,27,27,0,64,0,0,54,0,54,10,27,81,0,118,166,0,166,284
11/14/2004,RST,MN,AGL,CE,Combined TRACON& Tower with Radar,14,39,38,0,91,0,0,67,0,67,14,39,105,0,158,42,0,42,200
11/15/2004,RST,MN,AGL,CE,Combined TRACON& Tower with Radar,15,26,54,6,101,0,2,16,3,21,15,28,70,9,122,46,6,52,174
11/16/2004,RST,MN,AGL,CE,Combined TRACON& Tower with Radar,20,48,54,20,142,0,0,0,0,0,20,48,54,20,142,0,24,24,166
11/17/2004,RST,MN,AGL,CE,Combined TRACON& Tower with Radar,17,43,57,18,135,0,0,34,2,36,17,43,91,20,171,78,30,108,279
11/18/2004,RST,MN,AGL,CE,Combined TRACON& Tower with Radar,21,52,45,0,118,0,0,6,0,6,21,52,51,0,124,26,0,26,150
11/19/2004,RST,MN,AGL,CE,Combined TRACON& Tower with Radar,21,35,43,0,99,0,0,1,0,1,21,35,44,0,100,0,0,0,100
11/20/2004,RST,MN,AGL,CE,Combined TRACON& Tower with Radar,10,21,17,0,48,0,0,13,0,13,10,21,30,0,61,36,0,36,97
11/21/2004,RST,MN,AGL,CE,Combined TRACON& Tower with Radar,12,18,36,0,66,0,0,70,0,70,12,18,106,0,136,56,0,56,192
11/22/2004,RST,MN,AGL,CE,Combined TRACON& Tower with Radar,15,31,41,9,96,0,0,35,1,36,15,31,76,10,132,80,44,124,256
11/23/2004,RST,MN,AGL,CE,Combined TRACON& Tower with Radar,20,33,23,11,87,0,0,30,0,30,20,33,53,11,117,56,28,84,201
11/24/2004,RST,MN,AGL,CE,Combined TRACON& Tower with Radar,20,24,34,14,92,0,0,51,0,51,20,24,85,14,143,114,16,130,273
11/25/2004,RST,MN,AGL,CE,Combined TRACON& Tower with Radar,5,15,8,0,28,0,0,38,0,38,5,15,46,0,66,124,0,124,190
11/26/2004,RST,MN,AGL,CE,Combined TRACON& Tower with Radar,13,30,14,0,57,0,0,0,0,0,13,30,14,0,57,38,0,38,95
11/27/2004,RST,MN,AGL,CE,Combined TRACON& Tower with Radar,11,19,2,0,32,0,0,2,0,2,11,19,4,0,34,0,0,0,34
11/28/2004,RST,MN,AGL,CE,Combined TRACON& Tower with Radar,12,22,29,0,63,0,0,45,0,45,12,22,74,0,108,86,0,86,194
11/29/2004,RST,MN,AGL,CE,Combined TRACON& Tower with Radar,13,33,36,0,82,0,0,29,0,29,13,33,65,0,111,0,72,72,183
11/30/2004,RST,MN,AGL,CE,Combined TRACON& Tower with Radar,21,30,26,33,110,0,0,30,0,30,21,30,56,33,140,73,70,143,283
12/01/2004,RST,MN,AGL,CE,Combined TRACON& Tower with Radar,22,34,45,8,109,0,0,35,0,35,22,34,80,8,144,60,40,100,244
12/02/2004,RST,MN,AGL,CE,Combined TRACON& Tower with Radar,32,28,30,24,114,0,5,21,1,27,32,33,51,25,141,84,50,134,275
12/03/2004,RST,MN,AGL,CE,Combined TRACON& Tower with Radar,22,35,43,0,100,0,0,27,0,27,22,35,70,0,127,116,0,116,243
12/04/2004,RST,MN,AGL,CE,Combined TRACON& Tower with Radar,12,24,20,0,56,0,0,43,0,43,12,24,63,0,99,120,2,122,221
12/05/2004,RST,MN,AGL,CE,Combined TRACON& Tower with Radar,12,23,25,0,60,0,0,46,0,46,12,23,71,0,106,106,0,106,212
12/06/2004,RST,MN,AGL,CE,Combined TRACON& Tower with Radar,10,17,28,0,55,0,0,1,0,1,10,17,29,0,56,0,0,0,56
12/07/2004,RST,MN,AGL,CE,Combined TRACON& Tower with Radar,19,35,26,0,80,0,0,0,0,0,19,35,26,0,80,0,0,0,80
12/08/2004,RST,MN,AGL,CE,Combined TRACON& Tower with Radar,22,38,48,16,124,0,0,14,0,14,22,38,62,16,138,2,44,46,184
12/09/2004,RST,MN,AGL,CE,Combined TRACON& Tower with Radar,21,39,27,6,93,0,0,0,0,0,21,39,27,6,93,0,0,0,93
12/10/2004,RST,MN,AGL,CE,Combined TRACON& Tower with Radar,23,38,22,6,89,0,0,0,0,0,23,38,22,6,89,0,0,0,89
12/11/2004,RST,MN,AGL,CE,Combined TRACON& Tower with Radar,11,20,26,0,57,0,0,0,0,0,11,20,26,0,57,58,0,58,115
12/12/2004,RST,MN,AGL,CE,Combined TRACON& Tower with Radar,12,24,16,0,52,0,0,0,0,0,12,24,16,0,52,0,0,0,52
12/13/2004,RST,MN,AGL,CE,Combined TRACON& Tower with Radar,17,31,27,0,75,0,0,26,0,26,17,31,53,0,101,12,0,12,113
12/14/2004,RST,MN,AGL,CE,Combined TRACON& Tower with Radar,20,43,58,4,125,1,0,49,4,54,21,43,107,8,179,118,22,140,319
12/15/2004,RST,MN,AGL,CE,Combined TRACON& Tower with Radar,15,48,31,11,105,0,0,41,0,41,15,48,72,11,146,22,36,58,204
12/16/2004,RST,MN,AGL,CE,Combined TRACON& Tower with Radar,10,42,29,24,105,0,0,13,1,14,10,42,42,25,119,46,37,83,202
12/17/2004,RST,MN,AGL,CE,Combined TRACON& Tower with Radar,10,48,42,0,100,0,0,45,0,45,10,48,87,0,145,112,2,114,259
12/18/2004,RST,MN,AGL,CE,Combined TRACON& Tower with Radar,2,34,16,0,52,0,0,18,0,18,2,34,34,0,70,52,0,52,122
12/19/2004,RST,MN,AGL,CE,Combined TRACON& Tower with Radar,0,34,22,0,56,0,0,52,0,52,0,34,74,0,108,98,0,98,206
12/20/2004,RST,MN,AGL,CE,Combined TRACON& Tower with Radar,3,31,8,0,42,0,0,0,0,0,3,31,8,0,42,0,0,0,42
12/21/2004,RST,MN,AGL,CE,Combined TRACON& Tower with Radar,9,44,19,4,76,0,0,7,0,7,9,44,26,4,83,0,0,0,83
12/22/2004,RST,MN,AGL,CE,Combined TRACON& Tower with Radar,6,44,20,23,93,0,0,21,0,21,6,44,41,23,114,39,25,64,178
12/23/2004,RST,MN,AGL,CE,Combined TRACON& Tower with Radar,3,32,12,0,47,0,1,19,0,20,3,33,31,0,67,42,0,42,109
12/24/2004,RST,MN,AGL,CE,Combined TRACON& Tower with Radar,8,32,10,0,50,0,0,10,0,10,8,32,20,0,60,34,0,34,94
12/25/2004,RST,MN,AGL,CE,Combined TRACON& Tower with Radar,0,26,3,0,29,0,2,10,1,13,0,28,13,1,42,30,0,30,72
12/26/2004,RST,MN,AGL,CE,Combined TRACON& Tower with Radar,2,27,20,0,49,0,0,63,0,63,2,27,83,0,112,50,0,50,162
12/27/2004,RST,MN,AGL,CE,Combined TRACON& Tower with Radar,8,37,22,0,67,0,0,13,0,13,8,37,35,0,80,40,0,40,120
12/28/2004,RST,MN,AGL,CE,Combined TRACON& Tower with Radar,13,37,13,0,63,0,0,29,0,29,13,37,42,0,92,142,0,142,234
12/29/2004,RST,MN,AGL,CE,Combined TRACON& Tower with Radar,10,28,7,0,45,0,0,0,0,0,10,28,7,0,45,0,0,0,45
12/30/2004,RST,MN,AGL,CE,Combined TRACON& Tower with Radar,8,19,6,0,33,0,0,7,0,7,8,19,13,0,40,0,0,0,40
12/31/2004,RST,MN,AGL,CE,Combined TRACON& Tower with Radar,5,32,14,0,51,0,0,15,0,15,5,32,29,0,66,48,0,48,114
01/01/2005,RST,MN,AGL,CE,Combined TRACON& Tower with Radar,0,19,0,0,19,0,0,4,0,4,0,19,4,0,23,2,0,2,25
01/02/2005,RST,MN,AGL,CE,Combined TRACON& Tower with Radar,0,30,10,0,40,0,0,25,0,25,0,30,35,0,65,12,0,12,77
01/03/2005,RST,MN,AGL,CE,Combined TRACON& Tower with Radar,3,36,19,0,58,0,0,29,0,29,3,36,48,0,87,6,0,6,93
01/04/2005,RST,MN,AGL,CE,Combined TRACON& Tower with Radar,13,35,20,2,70,0,0,11,0,11,13,35,31,2,81,16,2,18,99
01/05/2005,RST,MN,AGL,CE,Combined TRACON& Tower with Radar,14,31,19,0,64,0,0,1,0,1,14,31,20,0,65,0,0,0,65
01/06/2005,RST,MN,AGL,CE,Combined TRACON& Tower with Radar,14,33,31,2,80,0,0,31,0,31,14,33,62,2,111,52,2,54,165
01/07/2005,RST,MN,AGL,CE,Combined TRACON& Tower with Radar,16,34,19,0,69,0,1,0,0,1,16,35,19,0,70,2,0,2,72
01/08/2005,RST,MN,AGL,CE,Combined TRACON& Tower with Radar,5,28,23,0,56,0,0,20,0,20,5,28,43,0,76,46,0,46,122
01/09/2005,RST,MN,AGL,CE,Combined TRACON& Tower with Radar,5,28,12,0,45,0,1,0,0,1,5,29,12,0,46,0,0,0,46
01/10/2005,RST,MN,AGL,CE,Combined TRACON& Tower with Radar,9,38,39,0,86,0,0,30,0,30,9,38,69,0,116,64,0,64,180
01/11/2005,RST,MN,AGL,CE,Combined TRACON& Tower with Radar,12,38,30,0,80,2,0,0,0,2,14,38,30,0,82,0,0,0,82
01/12/2005,RST,MN,AGL,CE,Combined TRACON& Tower with Radar,14,35,19,0,68,0,0,0,0,0,14,35,19,0,68,0,0,0,68
01/13/2005,RST,MN,AGL,CE,Combined TRACON& Tower with Radar,15,45,37,14,111,0,0,11,2,13,15,45,48,16,124,0,56,56,180
01/14/2005,RST,MN,AGL,CE,Combined TRACON& Tower with Radar,15,35,31,4,85,0,0,13,0,13,15,35,44,4,98,0,0,0,98
01/15/2005,RST,MN,AGL,CE,Combined TRACON& Tower with Radar,6,26,12,0,44,0,0,16,0,16,6,26,28,0,60,23,0,23,83
01/16/2005,RST,MN,AGL,CE,Combined TRACON& Tower with Radar,7,25,14,0,46,0,0,38,0,38,7,25,52,0,84,24,0,24,108
01/17/2005,RST,MN,AGL,CE,Combined TRACON& Tower with Radar,13,33,21,0,67,0,0,14,0,14,13,33,35,0,81,25,0,25,106
01/18/2005,RST,MN,AGL,CE,Combined TRACON& Tower with Radar,16,37,16,19,88,0,0,5,4,9,16,37,21,23,97,0,24,24,121
01/19/2005,RST,MN,AGL,CE,Combined TRACON& Tower with Radar,14,33,33,14,94,0,0,19,0,19,14,33,52,14,113,58,38,96,209
01/20/2005,RST,MN,AGL,CE,Combined TRACON& Tower with Radar,14,31,19,0,64,0,0,0,0,0,14,31,19,0,64,0,0,0,64
01/21/2005,RST,MN,AGL,CE,Combined TRACON& Tower with Radar,6,20,16,0,42,0,2,3,0,5,6,22,19,0,47,0,0,0,47
01/22/2005,RST,MN,AGL,CE,Combined TRACON& Tower with Radar,4,24,11,6,45,1,0,2,2,5,5,24,13,8,50,2,32,34,84
01/23/2005,RST,MN,AGL,CE,Combined TRACON& Tower with Radar,6,28,19,0,53,0,0,19,0,19,6,28,38,0,72,60,0,60,132
01/24/2005,RST,MN,AGL,CE,Combined TRACON& Tower with Radar,10,35,43,3,91,0,0,56,0,56,10,35,99,3,147,64,26,90,237
01/25/2005,RST,MN,AGL,CE,Combined TRACON& Tower with Radar,14,40,25,29,108,0,0,31,5,36,14,40,56,34,144,112,80,192,336
01/26/2005,RST,MN,AGL,CE,Combined TRACON& Tower with Radar,14,40,34,30,118,0,0,6,0,6,14,40,40,30,124,18,102,120,244
01/27/2005,RST,MN,AGL,CE,Combined TRACON& Tower with Radar,14,31,50,8,103,0,2,41,3,46,14,33,91,11,149,74,30,104,253
01/28/2005,RST,MN,AGL,CE,Combined TRACON& Tower with Radar,15,36,26,0,77,0,0,39,0,39,15,36,65,0,116,58,0,58,174
01/29/2005,RST,MN,AGL,CE,Combined TRACON& Tower with Radar,5,25,17,0,47,0,0,17,0,17,5,25,34,0,64,82,0,82,146
01/30/2005,RST,MN,AGL,CE,Combined TRACON& Tower with Radar,6,28,38,0,72,0,0,21,0,21,6,28,59,0,93,90,0,90,183
01/31/2005,RST,MN,AGL,CE,Combined TRACON& Tower with Radar,10,35,22,0,67,0,0,0,0,0,10,35,22,0,67,0,0,0,67
02/01/2005,RST,MN,AGL,CE,Combined TRACON& Tower with Radar,14,37,40,2,93,0,0,0,0,0,14,37,40,2,93,0,0,0,93
02/02/2005,RST,MN,AGL,CE,Combined TRACON& Tower with Radar,14,43,64,40,161,0,0,8,0,8,14,43,72,40,169,0,0,0,169
02/03/2005,RST,MN,AGL,CE,Combined TRACON& Tower with Radar,14,40,39,2,95,0,0,87,0,87,14,40,126,2,182,128,2,130,312
02/04/2005,RST,MN,AGL,CE,Combined TRACON& Tower with Radar,14,38,46,0,98,0,0,67,0,67,14,38,113,0,165,181,0,181,346
02/05/2005,RST,MN,AGL,CE,Combined TRACON& Tower with Radar,5,29,34,0,68,0,0,42,0,42,5,29,76,0,110,64,0,64,174
02/06/2005,RST,MN,AGL,CE,Combined TRACON& Tower with Radar,8,26,19,0,53,0,0,0,0,0,8,26,19,0,53,0,0,0,53
02/07/2005,RST,MN,AGL,CE,Combined TRACON& Tower with Radar,16,42,29,0,87,0,0,31,0,31,16,42,60,0,118,40,0,40,158
02/08/2005,RST,MN,AGL,CE,Combined TRACON& Tower with Radar,14,45,34,8,101,0,0,0,2,2,14,45,34,10,103,0,8,8,111
02/09/2005,RST,MN,AGL,CE,Combined TRACON& Tower with Radar,14,42,48,18,122,0,0,17,0,17,14,42,65,18,139,34,38,72,211
02/10/2005,RST,MN,AGL,CE,Combined TRACON& Tower with Radar,16,40,36,15,107,0,0,64,0,64,16,40,100,15,171,92,40,132,303
02/11/2005,RST,MN,AGL,CE,Combined TRACON& Tower with Radar,16,46,20,0,82,0,0,46,0,46,16,46,66,0,128,56,0,56,184
02/12/2005,RST,MN,AGL,CE,Combined TRACON& Tower with Radar,5,22,30,6,63,0,5,90,3,98,5,27,120,9,161,156,26,182,343
02/13/2005,RST,MN,AGL,CE,Combined TRACON& Tower with Radar,6,29,42,0,77,0,0,0,0,0,6,29,42,0,77,22,0,22,99
02/14/2005,RST,MN,AGL,CE,Combined TRACON& Tower with Radar,8,47,31,0,86,3,0,9,0,12,11,47,40,0,98,36,0,36,134
02/15/2005,RST,MN,AGL,CE,Combined TRACON& Tower with Radar,14,46,30,0,90,0,0,31,0,31,14,46,61,0,121,102,0,102,223
02/16/2005,RST,MN,AGL,CE,Combined TRACON& Tower with Radar,12,46,35,10,103,0,0,20,0,20,12,46,55,10,123,62,47,109,232
02/17/2005,RST,MN,AGL,CE,Combined TRACON& Tower with Radar,12,36,35,9,92,0,0,48,4,52,12,36,83,13,144,128,36,164,308
02/18/2005,RST,MN,AGL,CE,Combined TRACON& Tower with Radar,11,31,46,0,88,1,0,43,0,44,12,31,89,0,132,115,0,115,247
02/19/2005,RST,MN,AGL,CE,Combined TRACON& Tower with Radar,3,37,30,0,70,0,0,57,0,57,3,37,87,0,127,68,2,70,197
02/20/2005,RST,MN,AGL,CE,Combined TRACON& Tower with Radar,4,23,9,0,36,0,0,0,0,0,4,23,9,0,36,0,0,0,36
02/21/2005,RST,MN,AGL,CE,Combined TRACON& Tower with Radar,7,34,36,0,77,0,0,25,0,25,7,34,61,0,102,36,0,36,138
02/22/2005,RST,MN,AGL,CE,Combined TRACON& Tower with Radar,13,34,32,0,79,0,0,39,0,39,13,34,71,0,118,71,0,71,189
02/23/2005,RST,MN,AGL,CE,Combined TRACON& Tower with Radar,12,40,47,14,113,0,0,32,0,32,12,40,79,14,145,52,8,60,205
02/24/2005,RST,MN,AGL,CE,Combined TRACON& Tower with Radar,12,45,20,9,86,0,0,12,0,12,12,45,32,9,98,106,34,140,238
02/25/2005,RST,MN,AGL,CE,Combined TRACON& Tower with Radar,14,41,29,0,84,0,0,24,0,24,14,41,53,0,108,90,0,90,198
02/26/2005,RST,MN,AGL,CE,Combined TRACON& Tower with Radar,3,27,31,0,61,0,0,65,0,65,3,27,96,0,126,104,0,104,230
02/27/2005,RST,MN,AGL,CE,Combined TRACON& Tower with Radar,4,30,15,0,49,0,0,1,0,1,4,30,16,0,50,0,0,0,50
02/28/2005,RST,MN,AGL,CE,Combined TRACON& Tower with Radar,9,41,35,0,85,0,0,0,0,0,9,41,35,0,85,0,0,0,85
03/01/2005,RST,MN,AGL,CE,Combined TRACON& Tower with Radar,10,45,29,9,93,0,0,33,0,33,10,45,62,9,126,26,20,46,172
03/02/2005,RST,MN,AGL,CE,Combined TRACON& Tower with Radar,10,44,45,15,114,0,0,42,0,42,10,44,87,15,156,76,38,114,270
03/03/2005,RST,MN,AGL,CE,Combined TRACON& Tower with Radar,10,47,37,5,99,0,0,28,4,32,10,47,65,9,131,62,36,98,229
03/04/2005,RST,MN,AGL,CE,Combined TRACON& Tower with Radar,11,40,16,0,67,0,0,34,0,34,11,40,50,0,101,60,0,60,161
03/05/2005,RST,MN,AGL,CE,Combined TRACON& Tower with Radar,3,27,49,0,79,0,0,25,0,25,3,27,74,0,104,44,0,44,148
03/06/2005,RST,MN,AGL,CE,Combined TRACON& Tower with Radar,4,30,32,0,66,0,0,88,0,88,4,30,120,0,154,140,0,140,294
03/07/2005,RST,MN,AGL,CE,Combined TRACON& Tower with Radar,6,41,31,0,78,0,0,8,0,8,6,41,39,0,86,8,0,8,94
03/08/2005,RST,MN,AGL,CE,Combined TRACON& Tower with Radar,12,46,36,13,107,0,0,49,1,50,12,46,85,14,157,88,6,94,251
03/09/2005,RST,MN,AGL,CE,Combined TRACON& Tower with Radar,10,45,34,9,98,0,0,37,0,37,10,45,71,9,135,70,10,80,215
03/10/2005,RST,MN,AGL,CE,Combined TRACON& Tower with Radar,12,43,22,0,77,0,0,0,0,0,12,43,22,0,77,0,0,0,77
03/11/2005,RST,MN,AGL,CE,Combined TRACON& Tower with Radar,11,46,16,0,73,0,0,7,0,7,11,46,23,0,80,4,0,4,84
03/12/2005,RST,MN,AGL,CE,Combined TRACON& Tower with Radar,3,25,12,0,40,0,0,26,0,26,3,25,38,0,66,60,0,60,126
03/13/2005,RST,MN,AGL,CE,Combined TRACON& Tower with Radar,6,33,20,0,59,0,2,52,0,54,6,35,72,0,113,78,0,78,191
03/14/2005,RST,MN,AGL,CE,Combined TRACON& Tower with Radar,6,35,22,0,63,0,0,32,0,32,6,35,54,0,95,72,0,72,167
03/15/2005,RST,MN,AGL,CE,Combined TRACON& Tower with Radar,9,52,32,0,93,0,0,40,0,40,9,52,72,0,133,98,0,98,231
03/16/2005,RST,MN,AGL,CE,Combined TRACON& Tower with Radar,12,47,28,16,103,0,0,37,0,37,12,47,65,16,140,36,32,68,208
03/17/2005,RST,MN,AGL,CE,Combined TRACON& Tower with Radar,10,42,28,0,80,0,0,18,0,18,10,42,46,0,98,14,0,14,112
03/18/2005,RST,MN,AGL,CE,Combined TRACON& Tower with Radar,1,12,5,0,18,0,3,0,0,3,1,15,5,0,21,0,0,0,21
03/19/2005,RST,MN,AGL,CE,Combined TRACON& Tower with Radar,4,21,27,0,52,0,0,10,0,10,4,21,37,0,62,6,0,6,68
03/20/2005,RST,MN,AGL,CE,Combined TRACON& Tower with Radar,6,24,27,0,57,0,0,79,1,80,6,24,106,1,137,100,0,100,237
03/21/2005,RST,MN,AGL,CE,Combined TRACON& Tower with Radar,6,44,33,12,95,0,0,38,2,40,6,44,71,14,135,95,10,105,240
03/22/2005,RST,MN,AGL,CE,Combined TRACON& Tower with Radar,10,38,42,0,90,0,0,46,0,46,10,38,88,0,136,60,0,60,196
03/23/2005,RST,MN,AGL,CE,Combined TRACON& Tower with Radar,11,44,39,8,102,0,0,62,0,62,11,44,101,8,164,122,12,134,298
03/24/2005,RST,MN,AGL,CE,Combined TRACON& Tower with Radar,10,38,23,19,90,0,0,12,2,14,10,38,35,21,104,84,50,134,238
03/25/2005,RST,MN,AGL,CE,Combined TRACON& Tower with Radar,11,36,36,0,83,0,0,21,0,21,11,36,57,0,104,62,0,62,166
03/26/2005,RST,MN,AGL,CE,Combined TRACON& Tower with Radar,3,24,11,0,38,0,0,80,0,80,3,24,91,0,118,118,0,118,236
03/27/2005,RST,MN,AGL,CE,Combined TRACON& Tower with Radar,5,23,17,0,45,0,0,25,0,25,5,23,42,0,70,124,0,124,194
03/28/2005,RST,MN,AGL,CE,Combined TRACON& Tower with Radar,7,34,39,0,80,0,0,70,0,70,7,34,109,0,150,86,0,86,236
03/29/2005,RST,MN,AGL,CE,Combined TRACON& Tower with Radar,10,38,35,0,83,0,0,30,0,30,10,38,65,0,113,56,0,56,169
03/30/2005,RST,MN,AGL,CE,Combined TRACON& Tower with Radar,8,31,21,0,60,0,0,6,0,6,8,31,27,0,66,24,0,24,90
03/31/2005,RST,MN,AGL,CE,Combined TRACON& Tower with Radar,10,49,30,4,93,0,0,23,0,23,10,49,53,4,116,58,2,60,176
04/01/2005,RST,MN,AGL,CE,Combined TRACON& Tower with Radar,11,38,26,14,89,0,0,44,2,46,11,38,70,16,135,74,16,90,225
04/02/2005,RST,MN,AGL,CE,Combined TRACON& Tower with Radar,3,26,14,2,45,0,0,91,0,91,3,26,105,2,136,161,0,161,297
04/03/2005,RST,MN,AGL,CE,Combined TRACON& Tower with Radar,4,27,53,0,84,0,0,102,0,102,4,27,155,0,186,93,0,93,279
04/04/2005,RST,MN,AGL,CE,Combined TRACON& Tower with Radar,6,44,36,0,86,0,1,31,0,32,6,45,67,0,118,41,0,41,159
04/05/2005,RST,MN,AGL,CE,Combined TRACON& Tower with Radar,8,45,36,6,95,0,0,15,0,15,8,45,51,6,110,74,28,102,212
04/06/2005,RST,MN,AGL,CE,Combined TRACON& Tower with Radar,10,43,36,2,91,0,0,6,0,6,10,43,42,2,97,28,6,34,131
04/07/2005,RST,MN,AGL,CE,Combined TRACON& Tower with Radar,8,45,29,2,84,0,0,39,0,39,8,45,68,2,123,34,6,40,163
04/08/2005,RST,MN,AGL,CE,Combined TRACON& Tower with Radar,9,48,32,0,89,0,0,52,0,52,9,48,84,0,141,88,0,88,229
04/09/2005,RST,MN,AGL,CE,Combined TRACON& Tower with Radar,2,31,25,0,58,0,0,46,0,46,2,31,71,0,104,46,0,46,150
04/10/2005,RST,MN,AGL,CE,Combined TRACON& Tower with Radar,1,34,30,0,65,0,1,39,0,40,1,35,69,0,105,74,0,74,179
04/11/2005,RST,MN,AGL,CE,Combined TRACON& Tower with Radar,4,45,38,10,97,0,0,1,2,3,4,45,39,12,100,16,18,34,134
04/12/2005,RST,MN,AGL,CE,Combined TRACON& Tower with Radar,8,47,45,2,102,0,0,1,0,1,8,47,46,2,103,26,4,30,133
04/13/2005,RST,MN,AGL,CE,Combined TRACON& Tower with Radar,10,54,45,0,109,0,0,60,0,60,10,54,105,0,169,68,0,68,237
04/14/2005,RST,MN,AGL,CE,Combined TRACON& Tower with Radar,8,44,48,9,109,0,0,83,3,86,8,44,131,12,195,86,12,98,293
04/15/2005,RST,MN,AGL,CE,Combined TRACON& Tower with Radar,10,46,21,4,81,0,0,43,0,43,10,46,64,4,124,98,34,132,256
04/16/2005,RST,MN,AGL,CE,Combined TRACON& Tower with Radar,2,29,59,0,90,0,0,14,0,14,2,29,73,0,104,12,2,14,118
04/17/2005,RST,MN,AGL,CE,Combined TRACON& Tower with Radar,1,36,53,0,90,0,0,51,0,51,1,36,104,0,141,56,0,56,197
04/18/2005,RST,MN,AGL,CE,Combined TRACON& Tower with Radar,4,44,31,2,81,0,0,38,0,38,4,44,69,2,119,38,16,54,173
04/19/2005,RST,MN,AGL,CE,Combined TRACON& Tower with Radar,8,43,47,23,121,0,0,4,0,4,8,43,51,23,125,10,16,26,151
04/20/2005,RST,MN,AGL,CE,Combined TRACON& Tower with Radar,10,53,64,8,135,0,0,1,0,1,10,53,65,8,136,44,20,64,200
04/21/2005,RST,MN,AGL,CE,Combined TRACON& Tower with Radar,8,47,38,15,108,0,0,41,0,41,8,47,79,15,149,44,74,118,267
04/22/2005,RST,MN,AGL,CE,Combined TRACON& Tower with Radar,9,48,36,0,93,0,0,9,0,9,9,48,45,0,102,34,0,34,136
04/23/2005,RST,MN,AGL,CE,Combined TRACON& Tower with Radar,2,29,18,0,49,2,0,33,0,35,4,29,51,0,84,20,0,20,104
04/24/2005,RST,MN,AGL,CE,Combined TRACON& Tower with Radar,1,34,33,8,76,0,0,49,0,49,1,34,82,8,125,70,10,80,205
04/25/2005,RST,MN,AGL,CE,Combined TRACON& Tower with Radar,4,51,35,3,93,0,0,13,0,13,4,51,48,3,106,58,2,60,166
04/26/2005,RST,MN,AGL,CE,Combined TRACON& Tower with Radar,8,39,34,4,85,0,0,6,4,10,8,39,40,8,95,22,22,44,139
04/27/2005,RST,MN,AGL,CE,Combined TRACON& Tower with Radar,10,40,48,6,104,0,0,22,0,22,10,40,70,6,126,32,6,38,164
04/28/2005,RST,MN,AGL,CE,Combined TRACON& Tower with Radar,8,46,35,0,89,0,0,60,0,60,8,46,95,0,149,102,0,102,251
04/29/2005,RST,MN,AGL,CE,Combined TRACON& Tower with Radar,8,49,28,0,85,0,0,39,0,39,8,49,67,0,124,136,0,136,260
04/30/2005,RST,MN,AGL,CE,Combined TRACON& Tower with Radar,1,31,29,0,61,0,0,35,0,35,1,31,64,0,96,42,0,42,138
05/01/2005,RST,MN,AGL,CE,Combined TRACON& Tower with Radar,1,34,45,0,80,0,0,32,0,32,1,34,77,0,112,88,0,88,200
05/02/2005,RST,MN,AGL,CE,Combined TRACON& Tower with Radar,8,41,37,0,86,0,0,24,0,24,8,41,61,0,110,10,0,10,120
05/03/2005,RST,MN,AGL,CE,Combined TRACON& Tower with Radar,12,51,44,0,107,0,0,36,0,36,12,51,80,0,143,130,0,130,273
05/04/2005,RST,MN,AGL,CE,Combined TRACON& Tower with Radar,16,53,48,4,121,0,1,66,0,67,16,54,114,4,188,96,0,96,284
05/05/2005,RST,MN,AGL,CE,Combined TRACON& Tower with Radar,11,53,27,10,101,0,0,48,0,48,11,53,75,10,149,112,30,142,291
05/06/2005,RST,MN,AGL,CE,Combined TRACON& Tower with Radar,11,44,40,2,97,0,2,90,0,92,11,46,130,2,189,122,0,122,311
05/07/2005,RST,MN,AGL,CE,Combined TRACON& Tower with Radar,4,27,19,0,50,0,0,10,0,10,4,27,29,0,60,28,0,28,88
05/08/2005,RST,MN,AGL,CE,Combined TRACON& Tower with Radar,5,41,30,0,76,0,0,28,0,28,5,41,58,0,104,32,0,32,136
05/09/2005,RST,MN,AGL,CE,Combined TRACON& Tower with Radar,6,38,38,4,86,0,0,3,0,3,6,38,41,4,89,0,34,34,123
05/10/2005,RST,MN,AGL,CE,Combined TRACON& Tower with Radar,10,36,44,2,92,1,0,15,0,16,11,36,59,2,108,46,0,46,154
05/11/2005,RST,MN,AGL,CE,Combined TRACON& Tower with Radar,14,47,32,0,93,0,0,3,0,3,14,47,35,0,96,52,0,52,148
05/12/2005,RST,MN,AGL,CE,Combined TRACON& Tower with Radar,8,44,27,0,79,0,0,0,0,0,8,44,27,0,79,0,0,0,79
05/13/2005,RST,MN,AGL,CE,Combined TRACON& Tower with Radar,8,38,40,2,88,0,0,8,0,8,8,38,48,2,96,40,0,40,136
05/14/2005,RST,MN,AGL,CE,Combined TRACON& Tower with Radar,4,24,13,0,41,0,0,17,0,17,4,24,30,0,58,50,0,50,108
05/15/2005,RST,MN,AGL,CE,Combined TRACON& Tower with Radar,3,31,48,0,82,0,0,35,0,35,3,31,83,0,117,100,0,100,217
05/16/2005,RST,MN,AGL,CE,Combined TRACON& Tower with Radar,6,42,37,3,88,0,0,44,0,44,6,42,81,3,132,36,8,44,176
05/17/2005,RST,MN,AGL,CE,Combined TRACON& Tower with Radar,10,36,29,9,84,0,0,23,2,25,10,36,52,11,109,26,33,59,168
05/18/2005,RST,MN,AGL,CE,Combined TRACON& Tower with Radar,15,44,37,0,96,0,0,2,0,2,15,44,39,0,98,0,0,0,98
05/19/2005,RST,MN,AGL,CE,Combined TRACON& Tower with Radar,11,45,33,2,91,0,0,37,5,42,11,45,70,7,133,60,4,64,197
05/20/2005,RST,MN,AGL,CE,Combined TRACON& Tower with Radar,12,49,44,0,105,0,0,24,0,24,12,49,68,0,129,88,0,88,217
05/21/2005,RST,MN,AGL,CE,Combined TRACON& Tower with Radar,4,32,20,0,56,0,4,30,0,34,4,36,50,0,90,66,0,66,156
05/22/2005,RST,MN,AGL,CE,Combined TRACON& Tower with Radar,3,32,11,0,46,0,0,25,0,25,3,32,36,0,71,16,0,16,87
05/23/2005,RST,MN,AGL,CE,Combined TRACON& Tower with Radar,8,46,37,1,92,0,0,62,2,64,8,46,99,3,156,82,8,90,246
05/24/2005,RST,MN,AGL,CE,Combined TRACON& Tower with Radar,11,39,36,10,96,0,1,75,2,78,11,40,111,12,174,196,22,218,392
05/25/2005,RST,MN,AGL,CE,Combined TRACON& Tower with Radar,9,42,55,0,106,0,0,6,0,6,9,42,61,0,112,16,0,16,128
05/26/2005,RST,MN,AGL,CE,Combined TRACON& Tower with Radar,9,41,45,4,99,0,0,33,6,39,9,41,78,10,138,4,22,26,164
05/27/2005,RST,MN,AGL,CE,Combined TRACON& Tower with Radar,10,45,45,0,100,0,0,34,0,34,10,45,79,0,134,76,0,76,210
05/28/2005,RST,MN,AGL,CE,Combined TRACON& Tower with Radar,4,28,36,0,68,0,0,56,0,56,4,28,92,0,124,50,0,50,174
05/29/2005,RST,MN,AGL,CE,Combined TRACON& Tower with Radar,1,27,12,0,40,0,0,49,0,49,1,27,61,0,89,54,0,54,143
05/30/2005,RST,MN,AGL,CE,Combined TRACON& Tower with Radar,2,26,16,0,44,0,0,84,0,84,2,26,100,0,128,140,4,144,272
05/31/2005,RST,MN,AGL,CE,Combined TRACON& Tower with Radar,7,43,33,6,89,0,0,73,1,74,7,43,106,7,163,136,30,166,329
06/01/2005,RST,MN,AGL,CE,Combined TRACON& Tower with Radar,13,43,32,8,96,0,0,47,0,47,13,43,79,8,143,72,40,112,255
06/02/2005,RST,MN,AGL,CE,Combined TRACON& Tower with Radar,17,48,39,5,109,0,0,37,1,38,17,48,76,6,147,52,48,100,247
06/03/2005,RST,MN,AGL,CE,Combined TRACON& Tower with Radar,11,46,36,2,95,0,0,25,0,25,11,46,61,2,120,36,24,60,180
06/04/2005,RST,MN,AGL,CE,Combined TRACON& Tower with Radar,4,28,12,0,44,0,0,15,0,15,4,28,27,0,59,32,0,32,91
06/05/2005,RST,MN,AGL,CE,Combined TRACON& Tower with Radar,5,29,18,0,52,0,0,19,0,19,5,29,37,0,71,54,0,54,125
06/06/2005,RST,MN,AGL,CE,Combined TRACON& Tower with Radar,7,45,49,0,101,0,0,59,0,59,7,45,108,0,160,40,0,40,200
06/07/2005,RST,MN,AGL,CE,Combined TRACON& Tower with Radar,27,41,36,30,134,0,0,19,0,19,27,41,55,30,153,46,36,82,235
06/08/2005,RST,MN,AGL,CE,Combined TRACON& Tower with Radar,12,41,45,8,106,0,0,39,0,39,12,41,84,8,145,58,40,98,243
06/09/2005,RST,MN,AGL,CE,Combined TRACON& Tower with Radar,12,41,46,26,125,0,0,64,1,65,12,41,110,27,190,128,104,232,422
06/10/2005,RST,MN,AGL,CE,Combined TRACON& Tower with Radar,13,35,24,7,79,0,0,21,0,21,13,35,45,7,100,114,12,126,226
06/11/2005,RST,MN,AGL,CE,Combined TRACON& Tower with Radar,5,30,35,0,70,0,0,23,0,23,5,30,58,0,93,72,0,72,165
06/12/2005,RST,MN,AGL,CE,Combined TRACON& Tower with Radar,5,31,22,0,58,0,0,87,0,87,5,31,109,0,145,168,0,168,313
06/13/2005,RST,MN,AGL,CE,Combined TRACON& Tower with Radar,8,40,28,5,81,0,0,34,0,34,8,40,62,5,115,42,10,52,167
06/14/2005,RST,MN,AGL,CE,Combined TRACON& Tower with Radar,13,44,47,6,110,0,0,9,2,11,13,44,56,8,121,36,16,52,173
06/15/2005,RST,MN,AGL,CE,Combined TRACON& Tower with Radar,18,31,62,0,111,0,0,28,0,28,18,31,90,0,139,12,0,12,151
06/16/2005,RST,MN,AGL,CE,Combined TRACON& Tower with Radar,14,40,40,3,97,0,0,60,1,61,14,40,100,4,158,60,0,60,218
06/17/2005,RST,MN,AGL,CE,Combined TRACON& Tower with Radar,18,42,19,10,89,0,0,58,0,58,18,42,77,10,147,90,2,92,239
06/18/2005,RST,MN,AGL,CE,Combined TRACON& Tower with Radar,5,23,22,0,50,0,0,77,0,77,5,23,99,0,127,64,0,64,191
06/19/2005,RST,MN,AGL,CE,Combined TRACON& Tower with Radar,7,35,39,0,81,0,0,52,0,52,7,35,91,0,133,44,0,44,177
06/20/2005,RST,MN,AGL,CE,Combined TRACON& Tower with Radar,13,47,49,4,113,0,0,37,0,37,13,47,86,4,150,60,16,76,226
06/21/2005,RST,MN,AGL,CE,Combined TRACON& Tower with Radar,15,45,45,8,113,0,0,67,4,71,15,45,112,12,184,148,14,162,346
06/22/2005,RST,MN,AGL,CE,Combined TRACON& Tower with Radar,15,44,50,10,119,0,0,52,0,52,15,44,102,10,171,54,32,86,257
06/23/2005,RST,MN,AGL,CE,Combined TRACON& Tower with Radar,14,40,43,1,98,0,0,23,3,26,14,40,66,4,124,54,6,60,184
06/24/2005,RST,MN,AGL,CE,Combined TRACON& Tower with Radar,14,44,34,2,94,0,0,35,0,35,14,44,69,2,129,72,0,72,201
06/25/2005,RST,MN,AGL,CE,Combined TRACON& Tower with Radar,5,28,25,0,58,0,0,25,0,25,5,28,50,0,83,90,0,90,173
06/26/2005,RST,MN,AGL,CE,Combined TRACON& Tower with Radar,5,36,28,0,69,0,0,9,0,9,5,36,37,0,78,8,0,8,86
06/27/2005,RST,MN,AGL,CE,Combined TRACON& Tower with Radar,18,42,49,0,109,0,3,27,0,30,18,45,76,0,139,38,0,38,177
06/28/2005,RST,MN,AGL,CE,Combined TRACON& Tower with Radar,13,46,57,2,118,0,0,47,0,47,13,46,104,2,165,186,6,192,357
06/29/2005,RST,MN,AGL,CE,Combined TRACON& Tower with Radar,15,50,31,2,98,0,0,14,0,14,15,50,45,2,112,68,2,70,182
06/30/2005,RST,MN,AGL,CE,Combined TRACON& Tower with Radar,13,41,40,0,94,0,0,21,0,21,13,41,61,0,115,20,0,20,135
07/01/2005,RST,MN,AGL,CE,Combined TRACON& Tower with Radar,14,42,24,0,80,0,0,92,0,92,14,42,116,0,172,146,0,146,318
07/02/2005,RST,MN,AGL,CE,Combined TRACON& Tower with Radar,6,26,24,0,56,0,0,70,0,70,6,26,94,0,126,74,0,74,200
07/03/2005,RST,MN,AGL,CE,Combined TRACON& Tower with Radar,3,14,2,0,19,0,0,20,0,20,3,14,22,0,39,22,0,22,61
07/04/2005,RST,MN,AGL,CE,Combined TRACON& Tower with Radar,6,24,11,0,41,0,0,52,0,52,6,24,63,0,93,8,0,8,101
07/05/2005,RST,MN,AGL,CE,Combined TRACON& Tower with Radar,8,41,24,0,73,0,0,47,0,47,8,41,71,0,120,68,0,68,188
07/06/2005,RST,MN,AGL,CE,Combined TRACON& Tower with Radar,16,38,26,1,81,0,0,44,0,44,16,38,70,1,125,98,10,108,233
07/07/2005,RST,MN,AGL,CE,Combined TRACON& Tower with Radar,14,44,33,1,92,0,1,62,1,64,14,45,95,2,156,130,0,130,286
07/08/2005,RST,MN,AGL,CE,Combined TRACON& Tower with Radar,15,41,25,2,83,0,0,36,2,38,15,41,61,4,121,120,40,160,281
07/09/2005,RST,MN,AGL,CE,Combined TRACON& Tower with Radar,7,27,20,0,54,0,1,63,0,64,7,28,83,0,118,86,0,86,204
07/10/2005,RST,MN,AGL,CE,Combined TRACON& Tower with Radar,5,33,34,0,72,0,0,59,0,59,5,33,93,0,131,54,0,54,185
07/11/2005,RST,MN,AGL,CE,Combined TRACON& Tower with Radar,10,41,33,1,85,0,0,41,5,46,10,41,74,6,131,64,0,64,195
07/12/2005,RST,MN,AGL,CE,Combined TRACON& Tower with Radar,14,44,29,4,91,0,0,59,6,65,14,44,88,10,156,102,18,120,276
07/13/2005,RST,MN,AGL,CE,Combined TRACON& Tower with Radar,15,46,30,13,104,0,0,15,0,15,15,46,45,13,119,22,58,80,199
07/14/2005,RST,MN,AGL,CE,Combined TRACON& Tower with Radar,12,38,29,0,79,0,0,48,2,50,12,38,77,2,129,142,0,142,271
07/15/2005,RST,MN,AGL,CE,Combined TRACON& Tower with Radar,13,47,37,0,97,0,0,32,0,32,13,47,69,0,129,28,0,28,157
07/16/2005,RST,MN,AGL,CE,Combined TRACON& Tower with Radar,6,25,10,0,41,0,0,42,0,42,6,25,52,0,83,40,0,40,123
07/17/2005,RST,MN,AGL,CE,Combined TRACON& Tower with Radar,4,25,27,0,56,0,0,24,0,24,4,25,51,0,80,42,0,42,122
07/18/2005,RST,MN,AGL,CE,Combined TRACON& Tower with Radar,8,34,27,4,73,0,0,27,0,27,8,34,54,4,100,12,0,12,112
07/19/2005,RST,MN,AGL,CE,Combined TRACON& Tower with Radar,14,33,19,1,67,0,2,63,0,65,14,35,82,1,132,74,6,80,212
07/20/2005,RST,MN,AGL,CE,Combined TRACON& Tower with Radar,17,40,30,2,89,0,0,47,0,47,17,40,77,2,136,68,2,70,206
07/21/2005,RST,MN,AGL,CE,Combined TRACON& Tower with Radar,14,40,43,2,99,0,0,48,0,48,14,40,91,2,147,76,8,84,231
07/22/2005,RST,MN,AGL,CE,Combined TRACON& Tower with Radar,12,54,31,3,100,0,3,85,0,88,12,57,116,3,188,114,8,122,310
07/23/2005,RST,MN,AGL,CE,Combined TRACON& Tower with Radar,14,31,17,0,62,0,0,50,0,50,14,31,67,0,112,14,0,14,126
07/24/2005,RST,MN,AGL,CE,Combined TRACON& Tower with Radar,6,32,30,0,68,0,0,67,0,67,6,32,97,0,135,66,0,66,201
07/25/2005,RST,MN,AGL,CE,Combined TRACON& Tower with Radar,8,27,30,0,65,0,2,14,0,16,8,29,44,0,81,12,0,12,93
07/26/2005,RST,MN,AGL,CE,Combined TRACON& Tower with Radar,11,50,47,2,110,0,0,44,0,44,11,50,91,2,154,28,12,40,194
07/27/2005,RST,MN,AGL,CE,Combined TRACON& Tower with Radar,11,47,40,5,103,0,0,64,2,66,11,47,104,7,169,8,18,26,195
07/28/2005,RST,MN,AGL,CE,Combined TRACON& Tower with Radar,15,40,31,5,91,0,0,74,1,75,15,40,105,6,166,44,4,48,214
07/29/2005,RST,MN,AGL,CE,Combined TRACON& Tower with Radar,14,46,29,0,89,0,0,70,0,70,14,46,99,0,159,110,0,110,269
07/30/2005,RST,MN,AGL,CE,Combined TRACON& Tower with Radar,6,27,21,0,54,0,1,48,0,49,6,28,69,0,103,32,0,32,135
07/31/2005,RST,MN,AGL,CE,Combined TRACON& Tower with Radar,5,29,19,0,53,0,0,58,0,58,5,29,77,0,111,76,0,76,187
08/01/2005,RST,MN,AGL,CE,Combined TRACON& Tower with Radar,9,42,36,0,87,0,0,50,0,50,9,42,86,0,137,114,0,114,251
08/02/2005,RST,MN,AGL,CE,Combined TRACON& Tower with Radar,14,39,47,3,103,0,0,23,0,23,14,39,70,3,126,4,30,34,160
08/03/2005,RST,MN,AGL,CE,Combined TRACON& Tower with Radar,16,35,35,8,94,0,0,42,0,42,16,35,77,8,136,68,78,146,282
08/04/2005,RST,MN,AGL,CE,Combined TRACON& Tower with Radar,14,39,49,6,108,0,3,54,0,57,14,42,103,6,165,46,32,78,243
08/05/2005,RST,MN,AGL,CE,Combined TRACON& Tower with Radar,14,42,30,0,86,0,0,88,2,90,14,42,118,2,176,66,2,68,244
08/06/2005,RST,MN,AGL,CE,Combined TRACON& Tower with Radar,6,27,20,0,53,0,0,59,0,59,6,27,79,0,112,68,0,68,180
08/07/2005,RST,MN,AGL,CE,Combined TRACON& Tower with Radar,5,27,33,0,65,0,0,68,0,68,5,27,101,0,133,58,0,58,191
08/08/2005,RST,MN,AGL,CE,Combined TRACON& Tower with Radar,12,47,34,0,93,0,0,36,0,36,12,47,70,0,129,44,8,52,181
08/09/2005,RST,MN,AGL,CE,Combined TRACON& Tower with Radar,13,57,39,9,118,0,0,14,0,14,13,57,53,9,132,40,20,60,192
08/10/2005,RST,MN,AGL,CE,Combined TRACON& Tower with Radar,8,50,43,13,114,0,0,73,0,73,8,50,116,13,187,50,21,71,258
08/11/2005,RST,MN,AGL,CE,Combined TRACON& Tower with Radar,16,55,44,10,125,0,0,0,0,0,16,55,44,10,125,18,8,26,151
08/12/2005,RST,MN,AGL,CE,Combined TRACON& Tower with Radar,21,36,54,0,111,0,0,45,0,45,21,36,99,0,156,52,2,54,210
08/13/2005,RST,MN,AGL,CE,Combined TRACON& Tower with Radar,8,31,15,0,54,0,0,75,0,75,8,31,90,0,129,102,0,102,231
08/14/2005,RST,MN,AGL,CE,Combined TRACON& Tower with Radar,6,37,30,0,73,0,0,89,0,89,6,37,119,0,162,56,0,56,218
08/15/2005,RST,MN,AGL,CE,Combined TRACON& Tower with Radar,5,50,42,2,99,0,0,52,0,52,5,50,94,2,151,130,30,160,311
08/16/2005,RST,MN,AGL,CE,Combined TRACON& Tower with Radar,15,40,47,8,110,0,0,48,0,48,15,40,95,8,158,98,40,138,296
08/17/2005,RST,MN,AGL,CE,Combined TRACON& Tower with Radar,11,54,42,13,120,0,0,40,0,40,11,54,82,13,160,38,28,66,226
08/18/2005,RST,MN,AGL,CE,Combined TRACON& Tower with Radar,10,40,51,3,104,0,0,2,0,2,10,40,53,3,106,0,0,0,106
08/19/2005,RST,MN,AGL,CE,Combined TRACON& Tower with Radar,4,48,34,2,88,0,0,28,0,28,4,48,62,2,116,34,0,34,150
08/20/2005,RST,MN,AGL,CE,Combined TRACON& Tower with Radar,4,30,22,0,56,0,0,55,0,55,4,30,77,0,111,30,0,30,141
08/21/2005,RST,MN,AGL,CE,Combined TRACON& Tower with Radar,3,36,23,0,62,0,0,75,0,75,3,36,98,0,137,14,0,14,151
08/22/2005,RST,MN,AGL,CE,Combined TRACON& Tower with Radar,7,42,50,0,99,0,0,61,0,61,7,42,111,0,160,44,2,46,206
08/23/2005,RST,MN,AGL,CE,Combined TRACON& Tower with Radar,14,54,47,13,128,0,0,46,0,46,14,54,93,13,174,18,34,52,226
08/24/2005,RST,MN,AGL,CE,Combined TRACON& Tower with Radar,14,54,35,7,110,0,1,43,0,44,14,55,78,7,154,30,20,50,204
08/25/2005,RST,MN,AGL,CE,Combined TRACON& Tower with Radar,11,52,36,7,106,0,0,54,0,54,11,52,90,7,160,82,14,96,256
08/26/2005,RST,MN,AGL,CE,Combined TRACON& Tower with Radar,21,40,24,0,85,4,0,5,0,9,25,40,29,0,94,0,0,0,94
08/27/2005,RST,MN,AGL,CE,Combined TRACON& Tower with Radar,4,29,20,0,53,1,0,155,0,156,5,29,175,0,209,100,0,100,309
08/28/2005,RST,MN,AGL,CE,Combined TRACON& Tower with Radar,3,49,33,3,88,0,0,93,0,93,3,49,126,3,181,46,0,46,227
08/29/2005,RST,MN,AGL,CE,Combined TRACON& Tower with Radar,7,44,37,0,88,0,0,48,0,48,7,44,85,0,136,60,0,60,196
08/30/2005,RST,MN,AGL,CE,Combined TRACON& Tower with Radar,12,36,43,3,94,0,0,13,1,14,12,36,56,4,108,52,6,58,166
08/31/2005,RST,MN,AGL,CE,Combined TRACON& Tower with Radar,11,52,37,3,103,0,1,31,0,32,11,53,68,3,135,42,4,46,181
09/01/2005,RST,MN,AGL,CE,Combined TRACON& Tower with Radar,12,45,24,4,85,0,1,59,0,60,12,46,83,4,145,64,18,82,227
09/02/2005,RST,MN,AGL,CE,Combined TRACON& Tower with Radar,12,52,36,1,101,0,0,56,1,57,12,52,92,2,158,46,0,46,204
09/03/2005,RST,MN,AGL,CE,Combined TRACON& Tower with Radar,2,32,17,0,51,0,0,55,0,55,2,32,72,0,106,14,0,14,120
09/04/2005,RST,MN,AGL,CE,Combined TRACON& Tower with Radar,0,30,15,0,45,0,0,24,0,24,0,30,39,0,69,0,0,0,69
09/05/2005,RST,MN,AGL,CE,Combined TRACON& Tower with Radar,3,33,17,0,53,0,0,42,0,42,3,33,59,0,95,16,0,16,111
09/06/2005,RST,MN,AGL,CE,Combined TRACON& Tower with Radar,9,46,23,2,80,0,2,55,2,59,9,48,78,4,139,28,2,30,169
09/07/2005,RST,MN,AGL,CE,Combined TRACON& Tower with Radar,12,43,34,0,89,0,0,26,0,26,12,43,60,0,115,38,0,38,153
09/08/2005,RST,MN,AGL,CE,Combined TRACON& Tower with Radar,12,42,28,1,83,0,0,40,1,41,12,42,68,2,124,44,2,46,170
09/09/2005,RST,MN,AGL,CE,Combined TRACON& Tower with Radar,8,39,27,3,77,0,0,36,0,36,8,39,63,3,113,22,0,22,135
09/10/2005,RST,MN,AGL,CE,Combined TRACON& Tower with Radar,6,33,12,0,51,0,0,34,0,34,6,33,46,0,85,44,0,44,129
09/11/2005,RST,MN,AGL,CE,Combined TRACON& Tower with Radar,4,42,28,0,74,0,0,40,0,40,4,42,68,0,114,80,0,80,194
09/12/2005,RST,MN,AGL,CE,Combined TRACON& Tower with Radar,7,39,39,8,93,0,0,19,0,19,7,39,58,8,112,10,18,28,140
09/13/2005,RST,MN,AGL,CE,Combined TRACON& Tower with Radar,12,51,39,1,103,0,0,13,0,13,12,51,52,1,116,0,0,0,116
09/14/2005,RST,MN,AGL,CE,Combined TRACON& Tower with Radar,13,40,47,10,110,0,0,50,0,50,13,40,97,10,160,78,6,84,244
09/15/2005,RST,MN,AGL,CE,Combined TRACON& Tower with Radar,12,48,52,4,116,0,0,57,2,59,12,48,109,6,175,136,12,148,323
09/16/2005,RST,MN,AGL,CE,Combined TRACON& Tower with Radar,10,51,33,0,94,0,0,48,0,48,10,51,81,0,142,86,0,86,228
09/17/2005,RST,MN,AGL,CE,Combined TRACON& Tower with Radar,7,39,33,0,79,0,0,45,0,45,7,39,78,0,124,32,0,32,156
09/18/2005,RST,MN,AGL,CE,Combined TRACON& Tower with Radar,3,38,22,0,63,0,0,53,0,53,3,38,75,0,116,16,0,16,132
09/19/2005,RST,MN,AGL,CE,Combined TRACON& Tower with Radar,7,35,47,0,89,0,6,17,0,23,7,41,64,0,112,46,0,46,158
09/20/2005,RST,MN,AGL,CE,Combined TRACON& Tower with Radar,12,39,38,0,89,0,0,59,0,59,12,39,97,0,148,126,0,126,274
09/21/2005,RST,MN,AGL,CE,Combined TRACON& Tower with Radar,31,44,36,6,117,0,0,28,0,28,31,44,64,6,145,36,8,44,189
09/22/2005,RST,MN,AGL,CE,Combined TRACON& Tower with Radar,13,38,48,0,99,0,0,32,0,32,13,38,80,0,131,52,0,52,183
09/23/2005,RST,MN,AGL,CE,Combined TRACON& Tower with Radar,12,50,48,6,116,0,0,65,0,65,12,50,113,6,181,90,0,90,271
09/24/2005,RST,MN,AGL,CE,Combined TRACON& Tower with Radar,6,34,14,0,54,1,0,0,0,1,7,34,14,0,55,2,0,2,57
09/25/2005,RST,MN,AGL,CE,Combined TRACON& Tower with Radar,4,39,45,0,88,0,1,0,0,1,4,40,45,0,89,0,0,0,89
09/26/2005,RST,MN,AGL,CE,Combined TRACON& Tower with Radar,5,54,57,2,118,0,0,53,0,53,5,54,110,2,171,124,0,124,295
09/27/2005,RST,MN,AGL,CE,Combined TRACON& Tower with Radar,12,40,42,20,114,0,0,51,0,51,12,40,93,20,165,94,48,142,307
09/28/2005,RST,MN,AGL,CE,Combined TRACON& Tower with Radar,14,48,59,2,123,0,0,17,0,17,14,48,76,2,140,0,10,10,150
09/29/2005,RST,MN,AGL,CE,Combined TRACON& Tower with Radar,12,59,45,14,130,0,0,47,0,47,12,59,92,14,177,76,16,92,269
09/30/2005,RST,MN,AGL,CE,Combined TRACON& Tower with Radar,12,52,47,0,111,0,0,52,0,52,12,52,99,0,163,71,0,71,234
10/01/2005,RST,MN,AGL,CE,Combined TRACON& Tower with Radar,4,34,22,0,60,0,0,92,0,92,4,34,114,0,152,88,0,88,240
10/02/2005,RST,MN,AGL,CE,Combined TRACON& Tower with Radar,2,38,23,0,63,0,0,38,0,38,2,38,61,0,101,54,0,54,155
10/03/2005,RST,MN,AGL,CE,Combined TRACON& Tower with Radar,7,43,36,0,86,0,0,23,0,23,7,43,59,0,109,24,0,24,133
10/04/2005,RST,MN,AGL,CE,Combined TRACON& Tower with Radar,23,52,28,14,117,0,0,11,0,11,23,52,39,14,128,20,10,30,158
10/05/2005,RST,MN,AGL,CE,Combined TRACON& Tower with Radar,12,42,39,0,93,0,0,17,0,17,12,42,56,0,110,0,0,0,110
10/06/2005,RST,MN,AGL,CE,Combined TRACON& Tower with Radar,9,47,50,22,128,0,0,0,0,0,9,47,50,22,128,34,12,46,174
10/07/2005,RST,MN,AGL,CE,Combined TRACON& Tower with Radar,12,39,31,0,82,0,0,41,0,41,12,39,72,0,123,51,0,51,174
10/08/2005,RST,MN,AGL,CE,Combined TRACON& Tower with Radar,8,35,15,0,58,0,0,85,0,85,8,35,100,0,143,84,0,84,227
10/09/2005,RST,MN,AGL,CE,Combined TRACON& Tower with Radar,2,37,30,0,69,0,0,85,0,85,2,37,115,0,154,32,0,32,186
10/10/2005,RST,MN,AGL,CE,Combined TRACON& Tower with Radar,7,39,41,0,87,0,0,0,0,0,7,39,41,0,87,86,0,86,173
10/11/2005,RST,MN,AGL,CE,Combined TRACON& Tower with Radar,12,44,46,10,112,0,2,47,0,49,12,46,93,10,161,88,16,104,265
10/12/2005,RST,MN,AGL,CE,Combined TRACON& Tower with Radar,13,51,54,7,125,0,0,9,0,9,13,51,63,7,134,20,58,78,212
10/13/2005,RST,MN,AGL,CE,Combined TRACON& Tower with Radar,13,36,30,0,79,0,0,39,0,39,13,36,69,0,118,28,4,32,150
10/14/2005,RST,MN,AGL,CE,Combined TRACON& Tower with Radar,12,40,37,0,89,0,0,63,0,63,12,40,100,0,152,62,0,62,214
10/15/2005,RST,MN,AGL,CE,Combined TRACON& Tower with Radar,5,29,36,10,80,0,0,79,2,81,5,29,115,12,161,78,6,84,245
10/16/2005,RST,MN,AGL,CE,Combined TRACON& Tower with Radar,3,38,27,0,68,0,0,68,0,68,3,38,95,0,136,34,0,34,170
10/17/2005,RST,MN,AGL,CE,Combined TRACON& Tower with Radar,7,32,25,0,64,0,0,32,0,32,7,32,57,0,96,38,0,38,134
10/18/2005,RST,MN,AGL,CE,Combined TRACON& Tower with Radar,13,37,43,16,109,0,0,31,0,31,13,37,74,16,140,68,76,144,284
10/19/2005,RST,MN,AGL,CE,Combined TRACON& Tower with Radar,13,45,44,14,116,0,0,34,6,40,13,45,78,20,156,56,30,86,242
10/20/2005,RST,MN,AGL,CE,Combined TRACON& Tower with Radar,10,39,41,9,99,0,0,38,0,38,10,39,79,9,137,50,44,94,231
10/21/2005,RST,MN,AGL,CE,Combined TRACON& Tower with Radar,10,33,36,4,83,0,0,22,2,24,10,33,58,6,107,32,38,70,177
10/22/2005,RST,MN,AGL,CE,Combined TRACON& Tower with Radar,5,30,19,0,54,0,1,54,0,55,5,31,73,0,109,40,0,40,149
10/23/2005,RST,MN,AGL,CE,Combined TRACON& Tower with Radar,1,33,70,0,104,0,0,2,0,2,1,33,72,0,106,22,0,22,128
10/24/2005,RST,MN,AGL,CE,Combined TRACON& Tower with Radar,9,45,40,0,94,0,0,19,0,19,9,45,59,0,113,52,0,52,165
10/25/2005,RST,MN,AGL,CE,Combined TRACON& Tower with Radar,12,53,45,14,124,0,0,49,0,49,12,53,94,14,173,84,58,142,315
10/26/2005,RST,MN,AGL,CE,Combined TRACON& Tower with Radar,11,43,37,12,103,0,0,15,6,21,11,43,52,18,124,48,26,74,198
10/27/2005,RST,MN,AGL,CE,Combined TRACON& Tower with Radar,12,40,54,12,118,0,0,64,0,64,12,40,118,12,182,121,18,139,321
10/28/2005,RST,MN,AGL,CE,Combined TRACON& Tower with Radar,11,42,27,7,87,0,0,60,1,61,11,42,87,8,148,68,42,110,258
10/29/2005,RST,MN,AGL,CE,Combined TRACON& Tower with Radar,3,26,33,0,62,0,0,47,0,47,3,26,80,0,109,80,0,80,189
10/30/2005,RST,MN,AGL,CE,Combined TRACON& Tower with Radar,0,31,46,0,77,0,0,12,0,12,0,31,58,0,89,0,0,0,89
10/31/2005,RST,MN,AGL,CE,Combined TRACON& Tower with Radar,3,40,40,0,83,0,0,7,0,7,3,40,47,0,90,30,0,30,120
11/01/2005,RST,MN,AGL,CE,Combined TRACON& Tower with Radar,9,47,45,6,107,0,0,34,7,41,9,47,79,13,148,26,22,48,196
11/02/2005,RST,MN,AGL,CE,Combined TRACON& Tower with Radar,12,36,27,8,83,0,0,10,0,10,12,36,37,8,93,48,8,56,149
11/03/2005,RST,MN,AGL,CE,Combined TRACON& Tower with Radar,11,45,32,10,98,0,0,36,0,36,11,45,68,10,134,56,64,120,254
11/04/2005,RST,MN,AGL,CE,Combined TRACON& Tower with Radar,12,45,28,2,87,0,0,22,0,22,12,45,50,2,109,10,0,10,119
11/05/2005,RST,MN,AGL,CE,Combined TRACON& Tower with Radar,5,38,55,6,104,0,0,21,2,23,5,38,76,8,127,64,0,64,191
11/06/2005,RST,MN,AGL,CE,Combined TRACON& Tower with Radar,2,34,20,4,60,0,0,19,0,19,2,34,39,4,79,24,8,32,111
11/07/2005,RST,MN,AGL,CE,Combined TRACON& Tower with Radar,5,49,24,6,84,0,0,29,0,29,5,49,53,6,113,96,26,122,235
11/08/2005,RST,MN,AGL,CE,Combined TRACON& Tower with Radar,10,50,29,6,95,0,0,24,0,24,10,50,53,6,119,40,6,46,165
11/09/2005,RST,MN,AGL,CE,Combined TRACON& Tower with Radar,15,44,38,12,109,0,0,6,0,6,15,44,44,12,115,2,26,28,143
11/10/2005,RST,MN,AGL,CE,Combined TRACON& Tower with Radar,10,38,42,4,94,0,0,60,0,60,10,38,102,4,154,70,16,86,240
11/11/2005,RST,MN,AGL,CE,Combined TRACON& Tower with Radar,10,36,37,0,83,0,0,63,0,63,10,36,100,0,146,46,0,46,192
11/12/2005,RST,MN,AGL,CE,Combined TRACON& Tower with Radar,5,28,26,0,59,0,0,41,0,41,5,28,67,0,100,58,0,58,158
11/13/2005,RST,MN,AGL,CE,Combined TRACON& Tower with Radar,4,28,35,0,67,0,0,3,0,3,4,28,38,0,70,0,0,0,70
11/14/2005,RST,MN,AGL,CE,Combined TRACON& Tower with Radar,6,42,31,12,91,0,0,7,0,7,6,42,38,12,98,14,4,18,116
11/15/2005,RST,MN,AGL,CE,Combined TRACON& Tower with Radar,9,33,18,0,60,0,0,0,0,0,9,33,18,0,60,0,0,0,60
11/16/2005,RST,MN,AGL,CE,Combined TRACON& Tower with Radar,8,41,33,28,110,0,0,0,0,0,8,41,33,28,110,0,16,16,126
11/17/2005,RST,MN,AGL,CE,Combined TRACON& Tower with Radar,9,38,46,15,108,0,3,18,5,26,9,41,64,20,134,4,82,86,220
11/18/2005,RST,MN,AGL,CE,Combined TRACON& Tower with Radar,10,44,32,5,91,0,0,14,0,14,10,44,46,5,105,28,20,48,153
11/19/2005,RST,MN,AGL,CE,Combined TRACON& Tower with Radar,5,41,35,0,81,0,0,0,0,0,5,41,35,0,81,0,0,0,81
11/20/2005,RST,MN,AGL,CE,Combined TRACON& Tower with Radar,3,32,20,0,55,0,0,11,0,11,3,32,31,0,66,20,0,20,86
11/21/2005,RST,MN,AGL,CE,Combined TRACON& Tower with Radar,6,46,37,4,93,0,0,33,0,33,6,46,70,4,126,46,14,60,186
11/22/2005,RST,MN,AGL,CE,Combined TRACON& Tower with Radar,12,49,42,18,121,1,0,33,0,34,13,49,75,18,155,42,0,42,197
11/23/2005,RST,MN,AGL,CE,Combined TRACON& Tower with Radar,12,42,26,2,82,0,0,11,0,11,12,42,37,2,93,20,2,22,115
11/24/2005,RST,MN,AGL,CE,Combined TRACON& Tower with Radar,1,22,4,0,27,0,0,8,0,8,1,22,12,0,35,0,0,0,35
11/25/2005,RST,MN,AGL,CE,Combined TRACON& Tower with Radar,8,29,14,0,51,0,1,0,0,1,8,30,14,0,52,0,0,0,52
11/26/2005,RST,MN,AGL,CE,Combined TRACON& Tower with Radar,4,29,17,0,50,0,0,64,0,64,4,29,81,0,114,92,0,92,206
11/27/2005,RST,MN,AGL,CE,Combined TRACON& Tower with Radar,5,13,5,0,23,0,0,0,0,0,5,13,5,0,23,0,0,0,23
11/28/2005,RST,MN,AGL,CE,Combined TRACON& Tower with Radar,6,34,26,0,66,0,0,9,0,9,6,34,35,0,75,0,0,0,75
11/29/2005,RST,MN,AGL,CE,Combined TRACON& Tower with Radar,14,42,17,2,75,0,0,0,0,0,14,42,17,2,75,8,0,8,83
11/30/2005,RST,MN,AGL,CE,Combined TRACON& Tower with Radar,14,37,44,4,99,0,0,32,0,32,14,37,76,4,131,34,20,54,185
12/01/2005,RST,MN,AGL,CE,Combined TRACON& Tower with Radar,14,38,24,4,80,0,0,3,2,5,14,38,27,6,85,46,14,60,145
12/02/2005,RST,MN,AGL,CE,Combined TRACON& Tower with Radar,14,36,28,0,78,0,0,24,0,24,14,36,52,0,102,18,0,18,120
12/03/2005,RST,MN,AGL,CE,Combined TRACON& Tower with Radar,5,27,3,0,35,0,0,0,0,0,5,27,3,0,35,0,0,0,35
12/04/2005,RST,MN,AGL,CE,Combined TRACON& Tower with Radar,2,44,39,0,85,0,0,44,0,44,2,44,83,0,129,52,0,52,181
12/05/2005,RST,MN,AGL,CE,Combined TRACON& Tower with Radar,6,37,39,8,90,0,0,30,0,30,6,37,69,8,120,35,36,71,191
12/06/2005,RST,MN,AGL,CE,Combined TRACON& Tower with Radar,14,44,27,4,89,0,0,20,0,20,14,44,47,4,109,16,6,22,131
12/07/2005,RST,MN,AGL,CE,Combined TRACON& Tower with Radar,16,47,24,23,110,0,0,37,1,38,16,47,61,24,148,20,58,78,226
12/08/2005,RST,MN,AGL,CE,Combined TRACON& Tower with Radar,16,45,10,1,72,0,0,23,4,27,16,45,33,5,99,4,0,4,103
12/09/2005,RST,MN,AGL,CE,Combined TRACON& Tower with Radar,17,47,41,0,105,0,0,23,0,23,17,47,64,0,128,22,0,22,150
12/10/2005,RST,MN,AGL,CE,Combined TRACON& Tower with Radar,5,30,18,0,53,0,0,2,0,2,5,30,20,0,55,42,0,42,97
12/11/2005,RST,MN,AGL,CE,Combined TRACON& Tower with Radar,2,37,36,2,77,0,0,29,0,29,2,37,65,2,106,120,0,120,226
12/12/2005,RST,MN,AGL,CE,Combined TRACON& Tower with Radar,6,44,44,0,94,0,0,0,0,0,6,44,44,0,94,0,0,0,94
12/13/2005,RST,MN,AGL,CE,Combined TRACON& Tower with Radar,14,48,38,2,102,0,0,4,0,4,14,48,42,2,106,0,0,0,106
12/14/2005,RST,MN,AGL,CE,Combined TRACON& Tower with Radar,14,32,25,0,71,0,0,0,0,0,14,32,25,0,71,0,0,0,71
12/15/2005,RST,MN,AGL,CE,Combined TRACON& Tower with Radar,14,45,34,12,105,0,1,6,0,7,14,46,40,12,112,18,22,40,152
12/16/2005,RST,MN,AGL,CE,Combined TRACON& Tower with Radar,12,46,40,0,98,0,1,0,0,1,12,47,40,0,99,2,0,2,101
12/17/2005,RST,MN,AGL,CE,Combined TRACON& Tower with Radar,5,39,51,0,95,0,0,34,0,34,5,39,85,0,129,82,0,82,211
12/18/2005,RST,MN,AGL,CE,Combined TRACON& Tower with Radar,1,39,27,0,67,0,0,33,0,33,1,39,60,0,100,12,0,12,112
12/19/2005,RST,MN,AGL,CE,Combined TRACON& Tower with Radar,4,40,37,18,99,0,0,26,0,26,4,40,63,18,125,16,14,30,155
12/20/2005,RST,MN,AGL,CE,Combined TRACON& Tower with Radar,12,45,36,5,98,0,0,5,3,8,12,45,41,8,106,60,0,60,166
12/21/2005,RST,MN,AGL,CE,Combined TRACON& Tower with Radar,14,41,34,26,115,0,0,37,0,37,14,41,71,26,152,112,30,142,294
12/22/2005,RST,MN,AGL,CE,Combined TRACON& Tower with Radar,12,36,25,12,85,0,0,27,6,33,12,36,52,18,118,82,60,142,260
12/23/2005,RST,MN,AGL,CE,Combined TRACON& Tower with Radar,14,49,19,0,82,0,0,20,0,20,14,49,39,0,102,44,0,44,146
12/24/2005,RST,MN,AGL,CE,Combined TRACON& Tower with Radar,5,28,0,0,33,0,0,0,0,0,5,28,0,0,33,0,0,0,33
12/25/2005,RST,MN,AGL,CE,Combined TRACON& Tower with Radar,0,18,3,0,21,0,0,3,0,3,0,18,6,0,24,0,0,0,24
12/26/2005,RST,MN,AGL,CE,Combined TRACON& Tower with Radar,2,22,10,0,34,0,0,0,0,0,2,22,10,0,34,0,0,0,34
12/27/2005,RST,MN,AGL,CE,Combined TRACON& Tower with Radar,1,14,10,0,25,0,0,0,0,0,1,14,10,0,25,0,0,0,25
12/28/2005,RST,MN,AGL,CE,Combined TRACON& Tower with Radar,10,29,10,2,51,0,0,0,0,0,10,29,10,2,51,0,0,0,51
12/29/2005,RST,MN,AGL,CE,Combined TRACON& Tower with Radar,7,43,15,26,91,0,0,0,0,0,7,43,15,26,91,0,0,0,91
12/30/2005,RST,MN,AGL,CE,Combined TRACON& Tower with Radar,14,23,3,0,40,0,0,0,0,0,14,23,3,0,40,0,0,0,40
12/31/2005,RST,MN,AGL,CE,Combined TRACON& Tower with Radar,3,31,22,0,56,0,0,2,0,2,3,31,24,0,58,0,0,0,58
01/01/2006,RST,MN,AGL,CE,Combined TRACON& Tower with Radar,0,23,16,0,39,0,2,6,0,8,0,25,22,0,47,0,0,0,47
01/02/2006,RST,MN,AGL,CE,Combined TRACON& Tower with Radar,0,27,19,0,46,0,0,0,0,0,0,27,19,0,46,0,0,0,46
01/03/2006,RST,MN,AGL,CE,Combined TRACON& Tower with Radar,4,34,14,4,56,0,0,0,0,0,4,34,14,4,56,0,0,0,56
01/04/2006,RST,MN,AGL,CE,Combined TRACON& Tower with Radar,12,38,23,6,79,0,0,0,0,0,12,38,23,6,79,0,0,0,79
01/05/2006,RST,MN,AGL,CE,Combined TRACON& Tower with Radar,13,43,35,22,113,0,0,11,0,11,13,43,46,22,124,10,38,48,172
01/06/2006,RST,MN,AGL,CE,Combined TRACON& Tower with Radar,10,42,27,0,79,0,0,3,0,3,10,42,30,0,82,4,0,4,86
01/07/2006,RST,MN,AGL,CE,Combined TRACON& Tower with Radar,5,30,36,0,71,0,0,102,0,102,5,30,138,0,173,152,2,154,327
01/08/2006,RST,MN,AGL,CE,Combined TRACON& Tower with Radar,3,26,27,0,56,0,0,31,0,31,3,26,58,0,87,34,2,36,123
01/09/2006,RST,MN,AGL,CE,Combined TRACON& Tower with Radar,6,40,35,0,81,0,0,48,0,48,6,40,83,0,129,62,0,62,191
01/10/2006,RST,MN,AGL,CE,Combined TRACON& Tower with Radar,11,44,31,10,96,0,0,42,0,42,11,44,73,10,138,138,40,178,316
01/11/2006,RST,MN,AGL,CE,Combined TRACON& Tower with Radar,11,47,59,12,129,0,0,39,2,41,11,47,98,14,170,82,40,122,292
01/12/2006,RST,MN,AGL,CE,Combined TRACON& Tower with Radar,10,34,37,15,96,1,0,44,1,46,11,34,81,16,142,92,32,124,266
01/13/2006,RST,MN,AGL,CE,Combined TRACON& Tower with Radar,9,49,41,0,99,0,0,13,0,13,9,49,54,0,112,6,0,6,118
01/14/2006,RST,MN,AGL,CE,Combined TRACON& Tower with Radar,5,29,36,0,70,0,0,70,0,70,5,29,106,0,140,42,2,44,184
01/15/2006,RST,MN,AGL,CE,Combined TRACON& Tower with Radar,2,31,26,0,59,0,2,47,0,49,2,33,73,0,108,38,0,38,146
01/16/2006,RST,MN,AGL,CE,Combined TRACON& Tower with Radar,5,35,24,0,64,0,0,0,0,0,5,35,24,0,64,0,0,0,64
01/17/2006,RST,MN,AGL,CE,Combined TRACON& Tower with Radar,10,46,29,4,89,0,0,10,0,10,10,46,39,4,99,0,2,2,101
01/18/2006,RST,MN,AGL,CE,Combined TRACON& Tower with Radar,10,43,31,0,84,0,0,2,0,2,10,43,33,0,86,55,0,55,141
01/19/2006,RST,MN,AGL,CE,Combined TRACON& Tower with Radar,10,40,25,9,84,0,0,12,0,12,10,40,37,9,96,104,40,144,240
01/20/2006,RST,MN,AGL,CE,Combined TRACON& Tower with Radar,10,40,30,0,80,0,0,2,0,2,10,40,32,0,82,20,0,20,102
01/21/2006,RST,MN,AGL,CE,Combined TRACON& Tower with Radar,5,32,34,0,71,0,0,37,0,37,5,32,71,0,108,60,0,60,168
01/22/2006,RST,MN,AGL,CE,Combined TRACON& Tower with Radar,2,32,27,0,61,0,0,0,0,0,2,32,27,0,61,0,0,0,61
01/23/2006,RST,MN,AGL,CE,Combined TRACON& Tower with Radar,5,37,45,0,87,0,5,30,0,35,5,42,75,0,122,34,0,34,156
01/24/2006,RST,MN,AGL,CE,Combined TRACON& Tower with Radar,10,30,13,0,53,0,5,2,0,7,10,35,15,0,60,0,0,0,60
01/25/2006,RST,MN,AGL,CE,Combined TRACON& Tower with Radar,12,51,55,18,136,0,0,50,0,50,12,51,105,18,186,118,27,145,331
01/26/2006,RST,MN,AGL,CE,Combined TRACON& Tower with Radar,10,39,44,0,93,0,0,7,4,11,10,39,51,4,104,38,30,68,172
01/27/2006,RST,MN,AGL,CE,Combined TRACON& Tower with Radar,12,47,40,0,99,0,0,24,0,24,12,47,64,0,123,48,0,48,171
01/28/2006,RST,MN,AGL,CE,Combined TRACON& Tower with Radar,4,26,20,0,50,1,2,0,0,3,5,28,20,0,53,34,0,34,87
01/29/2006,RST,MN,AGL,CE,Combined TRACON& Tower with Radar,3,31,14,0,48,0,0,0,0,0,3,31,14,0,48,0,0,0,48
01/30/2006,RST,MN,AGL,CE,Combined TRACON& Tower with Radar,4,40,27,2,73,0,0,7,0,7,4,40,34,2,80,2,0,2,82
01/31/2006,RST,MN,AGL,CE,Combined TRACON& Tower with Radar,9,36,44,14,103,0,0,30,6,36,9,36,74,20,139,38,70,108,247
02/01/2006,RST,MN,AGL,CE,Combined TRACON& Tower with Radar,12,49,28,0,89,0,0,6,0,6,12,49,34,0,95,8,0,8,103
02/02/2006,RST,MN,AGL,CE,Combined TRACON& Tower with Radar,10,40,32,5,87,0,0,38,2,40,10,40,70,7,127,46,4,50,177
02/03/2006,RST,MN,AGL,CE,Combined TRACON& Tower with Radar,10,34,19,0,63,1,2,0,0,3,11,36,19,0,66,2,0,2,68
02/04/2006,RST,MN,AGL,CE,Combined TRACON& Tower with Radar,6,26,31,2,65,0,0,38,0,38,6,26,69,2,103,72,0,72,175
02/05/2006,RST,MN,AGL,CE,Combined TRACON& Tower with Radar,2,31,58,13,104,0,0,47,0,47,2,31,105,13,151,32,24,56,207
02/06/2006,RST,MN,AGL,CE,Combined TRACON& Tower with Radar,5,41,46,6,98,0,0,41,0,41,5,41,87,6,139,64,0,64,203
02/07/2006,RST,MN,AGL,CE,Combined TRACON& Tower with Radar,12,36,41,14,103,0,0,22,0,22,12,36,63,14,125,20,48,68,193
02/08/2006,RST,MN,AGL,CE,Combined TRACON& Tower with Radar,9,41,59,7,116,0,1,10,0,11,9,42,69,7,127,28,7,35,162
02/09/2006,RST,MN,AGL,CE,Combined TRACON& Tower with Radar,11,47,31,2,91,0,0,5,0,5,11,47,36,2,96,0,14,14,110
02/10/2006,RST,MN,AGL,CE,Combined TRACON& Tower with Radar,10,38,28,0,76,1,0,10,0,11,11,38,38,0,87,50,0,50,137
02/11/2006,RST,MN,AGL,CE,Combined TRACON& Tower with Radar,5,31,28,0,64,0,0,19,0,19,5,31,47,0,83,50,0,50,133
02/12/2006,RST,MN,AGL,CE,Combined TRACON& Tower with Radar,2,23,31,0,56,0,0,38,0,38,2,23,69,0,94,74,0,74,168
02/13/2006,RST,MN,AGL,CE,Combined TRACON& Tower with Radar,5,53,29,0,87,0,0,34,0,34,5,53,63,0,121,32,0,32,153
02/14/2006,RST,MN,AGL,CE,Combined TRACON& Tower with Radar,12,42,49,6,109,0,0,13,1,14,12,42,62,7,123,10,14,24,147
02/15/2006,RST,MN,AGL,CE,Combined TRACON& Tower with Radar,12,33,49,1,95,0,0,3,1,4,12,33,52,2,99,46,0,46,145
02/16/2006,RST,MN,AGL,CE,Combined TRACON& Tower with Radar,10,23,3,0,36,0,0,1,0,1,10,23,4,0,37,0,0,0,37
02/17/2006,RST,MN,AGL,CE,Combined TRACON& Tower with Radar,11,42,15,0,68,0,0,18,0,18,11,42,33,0,86,6,0,6,92
02/18/2006,RST,MN,AGL,CE,Combined TRACON& Tower with Radar,5,29,15,0,49,0,1,26,0,27,5,30,41,0,76,8,0,8,84
02/19/2006,RST,MN,AGL,CE,Combined TRACON& Tower with Radar,2,33,20,0,55,0,0,28,0,28,2,33,48,0,83,46,0,46,129
02/20/2006,RST,MN,AGL,CE,Combined TRACON& Tower with Radar,7,39,57,0,103,0,0,25,0,25,7,39,82,0,128,30,0,30,158
02/21/2006,RST,MN,AGL,CE,Combined TRACON& Tower with Radar,12,43,38,16,109,0,0,28,2,30,12,43,66,18,139,30,68,98,237
02/22/2006,RST,MN,AGL,CE,Combined TRACON& Tower with Radar,10,52,36,2,100,0,0,49,0,49,10,52,85,2,149,78,0,78,227
02/23/2006,RST,MN,AGL,CE,Combined TRACON& Tower with Radar,9,42,31,13,95,0,0,24,0,24,9,42,55,13,119,80,28,108,227
02/24/2006,RST,MN,AGL,CE,Combined TRACON& Tower with Radar,10,39,29,0,78,0,0,21,0,21,10,39,50,0,99,22,0,22,121
02/25/2006,RST,MN,AGL,CE,Combined TRACON& Tower with Radar,5,32,22,0,59,0,0,40,0,40,5,32,62,0,99,34,0,34,133
02/26/2006,RST,MN,AGL,CE,Combined TRACON& Tower with Radar,1,33,40,0,74,0,0,58,0,58,1,33,98,0,132,44,0,44,176
02/27/2006,RST,MN,AGL,CE,Combined TRACON& Tower with Radar,6,37,31,0,74,0,0,37,0,37,6,37,68,0,111,40,0,40,151
02/28/2006,RST,MN,AGL,CE,Combined TRACON& Tower with Radar,11,36,28,0,75,0,0,7,0,7,11,36,35,0,82,50,0,50,132
03/01/2006,RST,MN,AGL,CE,Combined TRACON& Tower with Radar,10,39,23,0,72,0,0,11,0,11,10,39,34,0,83,38,0,38,121
03/02/2006,RST,MN,AGL,CE,Combined TRACON& Tower with Radar,10,44,33,0,87,0,0,7,0,7,10,44,40,0,94,4,0,4,98
03/03/2006,RST,MN,AGL,CE,Combined TRACON& Tower with Radar,10,50,28,0,88,0,0,66,0,66,10,50,94,0,154,168,0,168,322
03/04/2006,RST,MN,AGL,CE,Combined TRACON& Tower with Radar,4,31,22,0,57,0,0,52,0,52,4,31,74,0,109,72,0,72,181
03/05/2006,RST,MN,AGL,CE,Combined TRACON& Tower with Radar,1,19,17,0,37,0,0,0,0,0,1,19,17,0,37,0,0,0,37
03/06/2006,RST,MN,AGL,CE,Combined TRACON& Tower with Radar,4,34,38,2,78,1,0,11,0,12,5,34,49,2,90,22,0,22,112
03/07/2006,RST,MN,AGL,CE,Combined TRACON& Tower with Radar,13,32,28,12,85,0,0,0,0,0,13,32,28,12,85,10,26,36,121
03/08/2006,RST,MN,AGL,CE,Combined TRACON& Tower with Radar,8,30,10,4,52,0,0,0,0,0,8,30,10,4,52,0,0,0,52
03/09/2006,RST,MN,AGL,CE,Combined TRACON& Tower with Radar,10,42,43,18,113,0,0,20,0,20,10,42,63,18,133,14,12,26,159
03/10/2006,RST,MN,AGL,CE,Combined TRACON& Tower with Radar,10,40,48,0,98,0,0,39,0,39,10,40,87,0,137,60,0,60,197
03/11/2006,RST,MN,AGL,CE,Combined TRACON& Tower with Radar,4,26,41,0,71,0,1,21,0,22,4,27,62,0,93,12,0,12,105
03/12/2006,RST,MN,AGL,CE,Combined TRACON& Tower with Radar,1,20,22,0,43,0,0,11,0,11,1,20,33,0,54,20,0,20,74
03/13/2006,RST,MN,AGL,CE,Combined TRACON& Tower with Radar,5,20,11,0,36,0,0,0,0,0,5,20,11,0,36,0,0,0,36
03/14/2006,RST,MN,AGL,CE,Combined TRACON& Tower with Radar,10,40,25,0,75,0,0,29,0,29,10,40,54,0,104,44,0,44,148
03/15/2006,RST,MN,AGL,CE,Combined TRACON& Tower with Radar,13,34,33,10,90,0,0,20,0,20,13,34,53,10,110,18,8,26,136
03/16/2006,RST,MN,AGL,CE,Combined TRACON& Tower with Radar,12,26,12,0,50,0,0,0,0,0,12,26,12,0,50,0,0,0,50
03/17/2006,RST,MN,AGL,CE,Combined TRACON& Tower with Radar,10,43,34,0,87,0,0,47,0,47,10,43,81,0,134,58,0,58,192
03/18/2006,RST,MN,AGL,CE,Combined TRACON& Tower with Radar,4,29,17,4,54,0,0,99,0,99,4,29,116,4,153,32,22,54,207
03/19/2006,RST,MN,AGL,CE,Combined TRACON& Tower with Radar,1,24,34,0,59,0,0,48,2,50,1,24,82,2,109,44,2,46,155
03/20/2006,RST,MN,AGL,CE,Combined TRACON& Tower with Radar,5,37,30,0,72,0,0,29,0,29,5,37,59,0,101,20,0,20,121
03/21/2006,RST,MN,AGL,CE,Combined TRACON& Tower with Radar,12,35,51,22,120,0,0,52,0,52,12,35,103,22,172,44,48,92,264
03/22/2006,RST,MN,AGL,CE,Combined TRACON& Tower with Radar,11,39,32,16,98,0,0,38,2,40,11,39,70,18,138,88,32,120,258
03/23/2006,RST,MN,AGL,CE,Combined TRACON& Tower with Radar,11,34,27,18,90,0,0,6,0,6,11,34,33,18,96,6,16,22,118
03/24/2006,RST,MN,AGL,CE,Combined TRACON& Tower with Radar,10,43,33,0,86,0,0,37,0,37,10,43,70,0,123,26,0,26,149
03/25/2006,RST,MN,AGL,CE,Combined TRACON& Tower with Radar,4,35,28,0,67,0,0,44,0,44,4,35,72,0,111,72,0,72,183
03/26/2006,RST,MN,AGL,CE,Combined TRACON& Tower with Radar,3,26,33,0,62,0,0,69,0,69,3,26,102,0,131,14,0,14,145
03/27/2006,RST,MN,AGL,CE,Combined TRACON& Tower with Radar,5,35,26,0,66,0,0,2,0,2,5,35,28,0,68,0,0,0,68
03/28/2006,RST,MN,AGL,CE,Combined TRACON& Tower with Radar,13,45,25,20,103,0,2,37,0,39,13,47,62,20,142,24,40,64,206
03/29/2006,RST,MN,AGL,CE,Combined TRACON& Tower with Radar,11,39,52,0,102,0,0,17,0,17,11,39,69,0,119,2,0,2,121
03/30/2006,RST,MN,AGL,CE,Combined TRACON& Tower with Radar,11,35,20,2,68,0,0,0,0,0,11,35,20,2,68,0,2,2,70
03/31/2006,RST,MN,AGL,CE,Combined TRACON& Tower with Radar,10,41,14,1,66,0,0,0,0,0,10,41,14,1,66,0,0,0,66
04/01/2006,RST,MN,AGL,CE,Combined TRACON& Tower with Radar,4,30,34,0,68,0,0,58,0,58,4,30,92,0,126,98,0,98,224
04/02/2006,RST,MN,AGL,CE,Combined TRACON& Tower with Radar,3,32,12,0,47,0,0,1,0,1,3,32,13,0,48,0,0,0,48
04/03/2006,RST,MN,AGL,CE,Combined TRACON& Tower with Radar,4,42,24,0,70,0,0,16,0,16,4,42,40,0,86,14,0,14,100
04/04/2006,RST,MN,AGL,CE,Combined TRACON& Tower with Radar,13,43,40,14,110,0,0,51,0,51,13,43,91,14,161,66,38,104,265
04/05/2006,RST,MN,AGL,CE,Combined TRACON& Tower with Radar,12,38,43,6,99,0,2,39,0,41,12,40,82,6,140,84,22,106,246
04/06/2006,RST,MN,AGL,CE,Combined TRACON& Tower with Radar,26,46,21,0,93,0,0,0,0,0,26,46,21,0,93,0,0,0,93
04/07/2006,RST,MN,AGL,CE,Combined TRACON& Tower with Radar,11,37,10,0,58,0,0,24,0,24,11,37,34,0,82,34,0,34,116
04/08/2006,RST,MN,AGL,CE,Combined TRACON& Tower with Radar,6,29,31,0,66,0,0,80,0,80,6,29,111,0,146,132,0,132,278
04/09/2006,RST,MN,AGL,CE,Combined TRACON& Tower with Radar,2,30,28,0,60,0,0,48,0,48,2,30,76,0,108,78,0,78,186
04/10/2006,RST,MN,AGL,CE,Combined TRACON& Tower with Radar,7,32,15,4,58,0,0,25,3,28,7,32,40,7,86,42,15,57,143
04/11/2006,RST,MN,AGL,CE,Combined TRACON& Tower with Radar,12,42,31,13,98,0,0,12,3,15,12,42,43,16,113,26,26,52,165
04/12/2006,RST,MN,AGL,CE,Combined TRACON& Tower with Radar,12,50,29,4,95,0,0,38,0,38,12,50,67,4,133,50,4,54,187
04/13/2006,RST,MN,AGL,CE,Combined TRACON& Tower with Radar,12,40,23,6,81,0,0,47,0,47,12,40,70,6,128,112,6,118,246
04/14/2006,RST,MN,AGL,CE,Combined TRACON& Tower with Radar,12,39,24,0,75,0,0,73,0,73,12,39,97,0,148,112,0,112,260
04/15/2006,RST,MN,AGL,CE,Combined TRACON& Tower with Radar,6,23,26,0,55,0,0,67,0,67,6,23,93,0,122,48,0,48,170
04/16/2006,RST,MN,AGL,CE,Combined TRACON& Tower with Radar,3,17,14,0,34,0,0,5,0,5,3,17,19,0,39,0,0,0,39
04/17/2006,RST,MN,AGL,CE,Combined TRACON& Tower with Radar,7,37,31,2,77,0,0,65,0,65,7,37,96,2,142,70,26,96,238
04/18/2006,RST,MN,AGL,CE,Combined TRACON& Tower with Radar,12,37,32,3,84,0,0,26,0,26,12,37,58,3,110,10,22,32,142
04/19/2006,RST,MN,AGL,CE,Combined TRACON& Tower with Radar,12,38,33,4,87,0,0,46,0,46,12,38,79,4,133,92,22,114,247
04/20/2006,RST,MN,AGL,CE,Combined TRACON& Tower with Radar,13,38,37,2,90,0,4,52,0,56,13,42,89,2,146,142,50,192,338
04/21/2006,RST,MN,AGL,CE,Combined TRACON& Tower with Radar,14,31,34,0,79,0,5,3,0,8,14,36,37,0,87,6,0,6,93
04/22/2006,RST,MN,AGL,CE,Combined TRACON& Tower with Radar,7,25,17,0,49,0,2,45,0,47,7,27,62,0,96,16,0,16,112
04/23/2006,RST,MN,AGL,CE,Combined TRACON& Tower with Radar,3,30,33,0,66,0,0,91,0,91,3,30,124,0,157,54,0,54,211
04/24/2006,RST,MN,AGL,CE,Combined TRACON& Tower with Radar,7,36,33,0,76,0,0,30,0,30,7,36,63,0,106,48,0,48,154
04/25/2006,RST,MN,AGL,CE,Combined TRACON& Tower with Radar,12,40,34,10,96,0,0,47,0,47,12,40,81,10,143,32,48,80,223
04/26/2006,RST,MN,AGL,CE,Combined TRACON& Tower with Radar,14,36,33,0,83,0,0,40,0,40,14,36,73,0,123,80,0,80,203
04/27/2006,RST,MN,AGL,CE,Combined TRACON& Tower with Radar,12,46,47,0,105,0,0,67,0,67,12,46,114,0,172,126,0,126,298
04/28/2006,RST,MN,AGL,CE,Combined TRACON& Tower with Radar,11,44,22,0,77,0,0,12,0,12,11,44,34,0,89,60,0,60,149
04/29/2006,RST,MN,AGL,CE,Combined TRACON& Tower with Radar,4,23,30,0,57,0,0,4,0,4,4,23,34,0,61,6,0,6,67
04/30/2006,RST,MN,AGL,CE,Combined TRACON& Tower with Radar,2,20,17,0,39,0,0,0,0,0,2,20,17,0,39,0,0,0,39
05/01/2006,RST,MN,AGL,CE,Combined TRACON& Tower with Radar,7,36,48,0,91,0,0,0,0,0,7,36,48,0,91,2,0,2,93
05/02/2006,RST,MN,AGL,CE,Combined TRACON& Tower with Radar,17,43,43,4,107,0,0,31,4,35,17,43,74,8,142,54,6,60,202
05/03/2006,RST,MN,AGL,CE,Combined TRACON& Tower with Radar,14,57,40,4,115,0,0,29,5,34,14,57,69,9,149,80,26,106,255
05/04/2006,RST,MN,AGL,CE,Combined TRACON& Tower with Radar,14,38,44,6,102,0,0,43,0,43,14,38,87,6,145,40,8,48,193
05/05/2006,RST,MN,AGL,CE,Combined TRACON& Tower with Radar,13,43,46,0,102,0,0,35,0,35,13,43,81,0,137,42,0,42,179
05/06/2006,RST,MN,AGL,CE,Combined TRACON& Tower with Radar,8,24,25,0,57,0,0,63,0,63,8,24,88,0,120,38,0,38,158
05/07/2006,RST,MN,AGL,CE,Combined TRACON& Tower with Radar,4,29,32,0,65,0,0,56,0,56,4,29,88,0,121,72,0,72,193
05/08/2006,RST,MN,AGL,CE,Combined TRACON& Tower with Radar,13,47,36,0,96,0,1,11,0,12,13,48,47,0,108,14,0,14,122
05/09/2006,RST,MN,AGL,CE,Combined TRACON& Tower with Radar,14,30,25,2,71,0,0,10,0,10,14,30,35,2,81,76,32,108,189
05/10/2006,RST,MN,AGL,CE,Combined TRACON& Tower with Radar,14,48,42,14,118,0,0,14,0,14,14,48,56,14,132,6,18,24,156
05/11/2006,RST,MN,AGL,CE,Combined TRACON& Tower with Radar,14,37,35,12,98,0,0,5,10,15,14,37,40,22,113,18,20,38,151
05/12/2006,RST,MN,AGL,CE,Combined TRACON& Tower with Radar,16,33,46,0,95,0,0,0,0,0,16,33,46,0,95,0,0,0,95
05/13/2006,RST,MN,AGL,CE,Combined TRACON& Tower with Radar,7,25,13,0,45,0,0,4,0,4,7,25,17,0,49,16,0,16,65
05/14/2006,RST,MN,AGL,CE,Combined TRACON& Tower with Radar,5,26,42,0,73,0,0,11,0,11,5,26,53,0,84,0,0,0,84
05/15/2006,RST,MN,AGL,CE,Combined TRACON& Tower with Radar,11,42,45,2,100,0,0,23,0,23,11,42,68,2,123,74,0,74,197
05/16/2006,RST,MN,AGL,CE,Combined TRACON& Tower with Radar,15,52,30,10,107,0,0,47,0,47,15,52,77,10,154,22,20,42,196
05/17/2006,RST,MN,AGL,CE,Combined TRACON& Tower with Radar,15,34,26,6,81,0,0,38,0,38,15,34,64,6,119,24,20,44,163
05/18/2006,RST,MN,AGL,CE,Combined TRACON& Tower with Radar,14,38,35,0,87,0,2,26,0,28,14,40,61,0,115,34,0,34,149
05/19/2006,RST,MN,AGL,CE,Combined TRACON& Tower with Radar,14,46,27,0,87,0,0,39,0,39,14,46,66,0,126,58,0,58,184
05/20/2006,RST,MN,AGL,CE,Combined TRACON& Tower with Radar,9,28,17,0,54,0,0,27,0,27,9,28,44,0,81,44,0,44,125
05/21/2006,RST,MN,AGL,CE,Combined TRACON& Tower with Radar,5,31,34,0,70,0,0,69,0,69,5,31,103,0,139,24,0,24,163
05/22/2006,RST,MN,AGL,CE,Combined TRACON& Tower with Radar,10,40,40,4,94,0,0,57,0,57,10,40,97,4,151,18,20,38,189
05/23/2006,RST,MN,AGL,CE,Combined TRACON& Tower with Radar,15,45,31,8,99,0,0,42,2,44,15,45,73,10,143,28,34,62,205
05/24/2006,RST,MN,AGL,CE,Combined TRACON& Tower with Radar,16,40,40,9,105,0,0,12,0,12,16,40,52,9,117,8,40,48,165
05/25/2006,RST,MN,AGL,CE,Combined TRACON& Tower with Radar,12,37,40,10,99,0,3,20,0,23,12,40,60,10,122,48,16,64,186
05/26/2006,RST,MN,AGL,CE,Combined TRACON& Tower with Radar,13,52,38,0,103,0,0,26,1,27,13,52,64,1,130,30,0,30,160
05/27/2006,RST,MN,AGL,CE,Combined TRACON& Tower with Radar,5,20,22,0,47,0,0,39,0,39,5,20,61,0,86,10,0,10,96
05/28/2006,RST,MN,AGL,CE,Combined TRACON& Tower with Radar,3,17,6,0,26,0,0,27,0,27,3,17,33,0,53,4,0,4,57
05/29/2006,RST,MN,AGL,CE,Combined TRACON& Tower with Radar,7,24,25,0,56,0,0,30,0,30,7,24,55,0,86,22,0,22,108
05/30/2006,RST,MN,AGL,CE,Combined TRACON& Tower with Radar,9,35,19,0,63,0,0,30,0,30,9,35,49,0,93,73,0,73,166
05/31/2006,RST,MN,AGL,CE,Combined TRACON& Tower with Radar,15,30,34,14,93,0,0,45,0,45,15,30,79,14,138,36,36,72,210
06/01/2006,RST,MN,AGL,CE,Combined TRACON& Tower with Radar,15,41,45,16,117,0,0,54,0,54,15,41,99,16,171,52,44,96,267
06/02/2006,RST,MN,AGL,CE,Combined TRACON& Tower with Radar,13,38,43,0,94,0,0,59,0,59,13,38,102,0,153,52,0,52,205
06/03/2006,RST,MN,AGL,CE,Combined TRACON& Tower with Radar,8,29,33,0,70,0,0,87,0,87,8,29,120,0,157,76,0,76,233
06/04/2006,RST,MN,AGL,CE,Combined TRACON& Tower with Radar,6,23,16,0,45,0,0,67,0,67,6,23,83,0,112,36,0,36,148
06/05/2006,RST,MN,AGL,CE,Combined TRACON& Tower with Radar,9,46,32,0,87,0,0,48,0,48,9,46,80,0,135,24,0,24,159
06/06/2006,RST,MN,AGL,CE,Combined TRACON& Tower with Radar,13,38,43,9,103,0,2,42,1,45,13,40,85,10,148,48,20,68,216
06/07/2006,RST,MN,AGL,CE,Combined TRACON& Tower with Radar,13,40,55,10,118,0,0,43,0,43,13,40,98,10,161,92,10,102,263
06/08/2006,RST,MN,AGL,CE,Combined TRACON& Tower with Radar,14,38,29,12,93,0,0,69,0,69,14,38,98,12,162,62,60,122,284
06/09/2006,RST,MN,AGL,CE,Combined TRACON& Tower with Radar,14,32,28,0,74,0,0,22,0,22,14,32,50,0,96,60,0,60,156
06/10/2006,RST,MN,AGL,CE,Combined TRACON& Tower with Radar,7,21,20,0,48,0,0,25,0,25,7,21,45,0,73,40,0,40,113
06/11/2006,RST,MN,AGL,CE,Combined TRACON& Tower with Radar,5,25,35,0,65,0,0,67,0,67,5,25,102,0,132,116,0,116,248
06/12/2006,RST,MN,AGL,CE,Combined TRACON& Tower with Radar,9,38,34,0,81,0,0,52,0,52,9,38,86,0,133,58,0,58,191
06/13/2006,RST,MN,AGL,CE,Combined TRACON& Tower with Radar,16,44,42,8,110,0,0,50,0,50,16,44,92,8,160,80,32,112,272
06/14/2006,RST,MN,AGL,CE,Combined TRACON& Tower with Radar,14,41,46,5,106,0,0,12,1,13,14,41,58,6,119,32,8,40,159
06/15/2006,RST,MN,AGL,CE,Combined TRACON& Tower with Radar,14,64,37,2,117,0,0,55,2,57,14,64,92,4,174,32,4,36,210
06/16/2006,RST,MN,AGL,CE,Combined TRACON& Tower with Radar,20,45,30,0,95,0,2,24,0,26,20,47,54,0,121,20,0,20,141
06/17/2006,RST,MN,AGL,CE,Combined TRACON& Tower with Radar,5,26,7,0,38,0,0,29,0,29,5,26,36,0,67,42,0,42,109
06/18/2006,RST,MN,AGL,CE,Combined TRACON& Tower with Radar,7,31,18,0,56,0,0,73,0,73,7,31,91,0,129,52,0,52,181
06/19/2006,RST,MN,AGL,CE,Combined TRACON& Tower with Radar,9,40,29,0,78,0,0,34,0,34,9,40,63,0,112,72,0,72,184
06/20/2006,RST,MN,AGL,CE,Combined TRACON& Tower with Radar,14,46,33,8,101,0,0,17,0,17,14,46,50,8,118,40,30,70,188
06/21/2006,RST,MN,AGL,CE,Combined TRACON& Tower with Radar,16,44,31,6,97,0,0,60,4,64,16,44,91,10,161,74,8,82,243
06/22/2006,RST,MN,AGL,CE,Combined TRACON& Tower with Radar,15,37,42,12,106,0,2,48,5,55,15,39,90,17,161,46,22,68,229
06/23/2006,RST,MN,AGL,CE,Combined TRACON& Tower with Radar,13,39,22,2,76,0,0,48,0,48,13,39,70,2,124,48,2,50,174
06/24/2006,RST,MN,AGL,CE,Combined TRACON& Tower with Radar,6,26,20,0,52,0,0,37,0,37,6,26,57,0,89,34,0,34,123
06/25/2006,RST,MN,AGL,CE,Combined TRACON& Tower with Radar,5,24,30,0,59,0,0,6,0,6,5,24,36,0,65,10,0,10,75
06/26/2006,RST,MN,AGL,CE,Combined TRACON& Tower with Radar,8,35,39,2,84,0,0,35,0,35,8,35,74,2,119,34,10,44,163
06/27/2006,RST,MN,AGL,CE,Combined TRACON& Tower with Radar,13,46,46,20,125,0,0,50,0,50,13,46,96,20,175,42,52,94,269
06/28/2006,RST,MN,AGL,CE,Combined TRACON& Tower with Radar,16,43,27,0,86,0,0,52,0,52,16,43,79,0,138,54,0,54,192
06/29/2006,RST,MN,AGL,CE,Combined TRACON& Tower with Radar,13,45,58,0,116,0,0,79,0,79,13,45,137,0,195,44,0,44,239
06/30/2006,RST,MN,AGL,CE,Combined TRACON& Tower with Radar,14,41,28,0,83,0,0,46,0,46,14,41,74,0,129,62,0,62,191
07/01/2006,RST,MN,AGL,CE,Combined TRACON& Tower with Radar,6,30,15,0,51,0,0,44,0,44,6,30,59,0,95,32,0,32,127
07/02/2006,RST,MN,AGL,CE,Combined TRACON& Tower with Radar,2,21,10,0,33,0,0,49,0,49,2,21,59,0,82,74,0,74,156
07/03/2006,RST,MN,AGL,CE,Combined TRACON& Tower with Radar,8,33,20,0,61,0,1,37,0,38,8,34,57,0,99,85,0,85,184
07/04/2006,RST,MN,AGL,CE,Combined TRACON& Tower with Radar,6,27,22,0,55,0,0,71,0,71,6,27,93,0,126,22,0,22,148
07/05/2006,RST,MN,AGL,CE,Combined TRACON& Tower with Radar,16,35,28,0,79,0,0,59,0,59,16,35,87,0,138,104,0,104,242
07/06/2006,RST,MN,AGL,CE,Combined TRACON& Tower with Radar,14,39,34,15,102,0,0,76,0,76,14,39,110,15,178,92,8,100,278
07/07/2006,RST,MN,AGL,CE,Combined TRACON& Tower with Radar,14,39,31,0,84,0,0,48,0,48,14,39,79,0,132,78,0,78,210
07/08/2006,RST,MN,AGL,CE,Combined TRACON& Tower with Radar,6,26,17,0,49,0,0,35,0,35,6,26,52,0,84,60,0,60,144
07/09/2006,RST,MN,AGL,CE,Combined TRACON& Tower with Radar,5,32,31,0,68,0,0,49,0,49,5,32,80,0,117,18,0,18,135
07/10/2006,RST,MN,AGL,CE,Combined TRACON& Tower with Radar,8,43,51,0,102,0,0,39,3,42,8,43,90,3,144,110,0,110,254
07/11/2006,RST,MN,AGL,CE,Combined TRACON& Tower with Radar,14,38,42,8,102,0,0,5,0,5,14,38,47,8,107,24,26,50,157
07/12/2006,RST,MN,AGL,CE,Combined TRACON& Tower with Radar,16,41,54,8,119,0,0,34,4,38,16,41,88,12,157,60,18,78,235
07/13/2006,RST,MN,AGL,CE,Combined TRACON& Tower with Radar,12,44,55,21,132,0,0,34,7,41,12,44,89,28,173,56,52,108,281
07/14/2006,RST,MN,AGL,CE,Combined TRACON& Tower with Radar,14,49,34,0,97,0,0,42,0,42,14,49,76,0,139,76,0,76,215
07/15/2006,RST,MN,AGL,CE,Combined TRACON& Tower with Radar,6,29,11,0,46,0,0,41,0,41,6,29,52,0,87,66,0,66,153
07/16/2006,RST,MN,AGL,CE,Combined TRACON& Tower with Radar,5,28,17,0,50,0,0,64,0,64,5,28,81,0,114,50,0,50,164
07/17/2006,RST,MN,AGL,CE,Combined TRACON& Tower with Radar,11,32,13,2,58,0,0,32,0,32,11,32,45,2,90,24,2,26,116
07/18/2006,RST,MN,AGL,CE,Combined TRACON& Tower with Radar,14,51,18,16,99,0,0,54,0,54,14,51,72,16,153,96,50,146,299
07/19/2006,RST,MN,AGL,CE,Combined TRACON& Tower with Radar,16,38,31,0,85,0,0,8,0,8,16,38,39,0,93,0,0,0,93
07/20/2006,RST,MN,AGL,CE,Combined TRACON& Tower with Radar,15,34,40,14,103,0,0,49,0,49,15,34,89,14,152,36,34,70,222
07/21/2006,RST,MN,AGL,CE,Combined TRACON& Tower with Radar,14,43,38,0,95,0,0,47,0,47,14,43,85,0,142,48,0,48,190
07/22/2006,RST,MN,AGL,CE,Combined TRACON& Tower with Radar,6,25,37,0,68,0,0,79,0,79,6,25,116,0,147,70,0,70,217
07/23/2006,RST,MN,AGL,CE,Combined TRACON& Tower with Radar,5,38,20,2,65,0,0,101,2,103,5,38,121,4,168,66,0,66,234
07/24/2006,RST,MN,AGL,CE,Combined TRACON& Tower with Radar,9,46,22,0,77,0,0,47,0,47,9,46,69,0,124,36,0,36,160
07/25/2006,RST,MN,AGL,CE,Combined TRACON& Tower with Radar,13,43,48,2,106,0,0,0,0,0,13,43,48,2,106,30,6,36,142
07/26/2006,RST,MN,AGL,CE,Combined TRACON& Tower with Radar,14,42,49,7,112,0,0,21,0,21,14,42,70,7,133,6,10,16,149
07/27/2006,RST,MN,AGL,CE,Combined TRACON& Tower with Radar,14,30,40,6,90,0,0,39,0,39,14,30,79,6,129,34,10,44,173
07/28/2006,RST,MN,AGL,CE,Combined TRACON& Tower with Radar,14,54,28,2,98,0,0,53,0,53,14,54,81,2,151,80,2,82,233
07/29/2006,RST,MN,AGL,CE,Combined TRACON& Tower with Radar,5,26,19,0,50,0,0,58,0,58,5,26,77,0,108,16,0,16,124
07/30/2006,RST,MN,AGL,CE,Combined TRACON& Tower with Radar,4,25,16,0,45,0,0,51,0,51,4,25,67,0,96,30,0,30,126
07/31/2006,RST,MN,AGL,CE,Combined TRACON& Tower with Radar,9,36,31,0,76,0,0,46,0,46,9,36,77,0,122,28,0,28,150
08/01/2006,RST,MN,AGL,CE,Combined TRACON& Tower with Radar,14,33,32,2,81,0,0,16,0,16,14,33,48,2,97,44,2,46,143
08/02/2006,RST,MN,AGL,CE,Combined TRACON& Tower with Radar,15,35,47,0,97,0,0,20,0,20,15,35,67,0,117,48,0,48,165
08/03/2006,RST,MN,AGL,CE,Combined TRACON& Tower with Radar,14,39,53,2,108,0,0,55,0,55,14,39,108,2,163,100,4,104,267
08/04/2006,RST,MN,AGL,CE,Combined TRACON& Tower with Radar,14,40,35,10,99,0,4,58,0,62,14,44,93,10,161,44,18,62,223
08/05/2006,RST,MN,AGL,CE,Combined TRACON& Tower with Radar,6,24,10,0,40,0,5,24,0,29,6,29,34,0,69,26,0,26,95
08/06/2006,RST,MN,AGL,CE,Combined TRACON& Tower with Radar,5,27,42,0,74,0,0,36,3,39,5,27,78,3,113,48,0,48,161
08/07/2006,RST,MN,AGL,CE,Combined TRACON& Tower with Radar,9,36,24,0,69,0,0,29,0,29,9,36,53,0,98,68,0,68,166
08/08/2006,RST,MN,AGL,CE,Combined TRACON& Tower with Radar,15,36,42,23,116,0,0,42,1,43,15,36,84,24,159,22,66,88,247
08/09/2006,RST,MN,AGL,CE,Combined TRACON& Tower with Radar,14,49,57,18,138,0,0,9,0,9,14,49,66,18,147,34,10,44,191
08/10/2006,RST,MN,AGL,CE,Combined TRACON& Tower with Radar,14,43,50,24,131,0,0,24,0,24,14,43,74,24,155,24,28,52,207
08/11/2006,RST,MN,AGL,CE,Combined TRACON& Tower with Radar,14,41,44,4,103,0,0,42,0,42,14,41,86,4,145,8,0,8,153
08/12/2006,RST,MN,AGL,CE,Combined TRACON& Tower with Radar,6,42,81,0,129,0,3,7,0,10,6,45,88,0,139,36,0,36,175
08/13/2006,RST,MN,AGL,CE,Combined TRACON& Tower with Radar,6,25,42,0,73,0,0,20,0,20,6,25,62,0,93,34,0,34,127
08/14/2006,RST,MN,AGL,CE,Combined TRACON& Tower with Radar,8,42,17,1,68,0,0,47,1,48,8,42,64,2,116,66,0,66,182
08/15/2006,RST,MN,AGL,CE,Combined TRACON& Tower with Radar,14,35,39,21,109,0,0,85,0,85,14,35,124,21,194,42,56,98,292
08/16/2006,RST,MN,AGL,CE,Combined TRACON& Tower with Radar,15,40,38,19,112,0,2,80,0,82,15,42,118,19,194,110,58,168,362
08/17/2006,RST,MN,AGL,CE,Combined TRACON& Tower with Radar,12,39,65,0,116,0,1,2,0,3,12,40,67,0,119,0,0,0,119
08/18/2006,RST,MN,AGL,CE,Combined TRACON& Tower with Radar,14,38,39,4,95,0,0,3,0,3,14,38,42,4,98,2,0,2,100
08/19/2006,RST,MN,AGL,CE,Combined TRACON& Tower with Radar,6,24,28,0,58,0,0,20,0,20,6,24,48,0,78,48,0,48,126
08/20/2006,RST,MN,AGL,CE,Combined TRACON& Tower with Radar,5,23,58,0,86,0,0,69,0,69,5,23,127,0,155,86,0,86,241
08/21/2006,RST,MN,AGL,CE,Combined TRACON& Tower with Radar,9,35,38,0,82,0,0,48,0,48,9,35,86,0,130,80,0,80,210
08/22/2006,RST,MN,AGL,CE,Combined TRACON& Tower with Radar,10,53,37,0,100,0,0,54,0,54,10,53,91,0,154,70,0,70,224
08/23/2006,RST,MN,AGL,CE,Combined TRACON& Tower with Radar,10,44,53,2,109,0,0,32,0,32,10,44,85,2,141,24,6,30,171
08/24/2006,RST,MN,AGL,CE,Combined TRACON& Tower with Radar,15,31,52,0,98,0,0,12,0,12,15,31,64,0,110,2,0,2,112
08/25/2006,RST,MN,AGL,CE,Combined TRACON& Tower with Radar,11,52,54,2,119,0,0,11,2,13,11,52,65,4,132,0,0,0,132
08/26/2006,RST,MN,AGL,CE,Combined TRACON& Tower with Radar,4,30,25,1,60,0,0,13,0,13,4,30,38,1,73,24,0,24,97
08/27/2006,RST,MN,AGL,CE,Combined TRACON& Tower with Radar,1,36,31,0,68,0,2,82,0,84,1,38,113,0,152,32,0,32,184
08/28/2006,RST,MN,AGL,CE,Combined TRACON& Tower with Radar,6,44,36,0,86,0,0,33,0,33,6,44,69,0,119,39,0,39,158
08/29/2006,RST,MN,AGL,CE,Combined TRACON& Tower with Radar,8,45,36,8,97,0,0,38,0,38,8,45,74,8,135,20,18,38,173
08/30/2006,RST,MN,AGL,CE,Combined TRACON& Tower with Radar,14,46,34,0,94,0,0,60,0,60,14,46,94,0,154,108,0,108,262
08/31/2006,RST,MN,AGL,CE,Combined TRACON& Tower with Radar,7,38,21,4,70,0,1,56,0,57,7,39,77,4,127,18,2,20,147
09/01/2006,RST,MN,AGL,CE,Combined TRACON& Tower with Radar,8,39,57,0,104,0,10,40,0,50,8,49,97,0,154,50,0,50,204
09/02/2006,RST,MN,AGL,CE,Combined TRACON& Tower with Radar,4,33,15,0,52,1,3,28,0,32,5,36,43,0,84,26,0,26,110
09/03/2006,RST,MN,AGL,CE,Combined TRACON& Tower with Radar,0,23,18,0,41,0,0,3,0,3,0,23,21,0,44,0,0,0,44
09/04/2006,RST,MN,AGL,CE,Combined TRACON& Tower with Radar,1,35,26,0,62,0,0,35,0,35,1,35,61,0,97,46,0,46,143
09/05/2006,RST,MN,AGL,CE,Combined TRACON& Tower with Radar,5,44,24,0,73,0,0,57,0,57,5,44,81,0,130,114,0,114,244
09/06/2006,RST,MN,AGL,CE,Combined TRACON& Tower with Radar,7,39,37,23,106,0,0,72,9,81,7,39,109,32,187,76,80,156,343
09/07/2006,RST,MN,AGL,CE,Combined TRACON& Tower with Radar,8,39,28,20,95,0,0,37,0,37,8,39,65,20,132,66,92,158,290
09/08/2006,RST,MN,AGL,CE,Combined TRACON& Tower with Radar,9,43,27,0,79,0,1,34,0,35,9,44,61,0,114,8,0,8,122
09/09/2006,RST,MN,AGL,CE,Combined TRACON& Tower with Radar,4,30,29,0,63,0,0,0,0,0,4,30,29,0,63,0,0,0,63
09/10/2006,RST,MN,AGL,CE,Combined TRACON& Tower with Radar,1,28,35,0,64,0,0,0,0,0,1,28,35,0,64,12,0,12,76
09/11/2006,RST,MN,AGL,CE,Combined TRACON& Tower with Radar,5,35,42,0,82,0,0,0,0,0,5,35,42,0,82,0,0,0,82
09/12/2006,RST,MN,AGL,CE,Combined TRACON& Tower with Radar,8,43,50,14,115,0,0,6,0,6,8,43,56,14,121,20,16,36,157
09/13/2006,RST,MN,AGL,CE,Combined TRACON& Tower with Radar,10,36,33,0,79,0,0,39,0,39,10,36,72,0,118,44,0,44,162
09/14/2006,RST,MN,AGL,CE,Combined TRACON& Tower with Radar,8,38,50,5,101,0,0,42,0,42,8,38,92,5,143,54,8,62,205
09/15/2006,RST,MN,AGL,CE,Combined TRACON& Tower with Radar,8,45,26,3,82,0,0,0,1,1,8,45,26,4,83,16,12,28,111
09/16/2006,RST,MN,AGL,CE,Combined TRACON& Tower with Radar,4,29,16,2,51,0,0,6,0,6,4,29,22,2,57,0,0,0,57
09/17/2006,RST,MN,AGL,CE,Combined TRACON& Tower with Radar,1,29,37,0,67,0,0,18,0,18,1,29,55,0,85,42,0,42,127
09/18/2006,RST,MN,AGL,CE,Combined TRACON& Tower with Radar,5,38,30,8,81,0,0,3,0,3,5,38,33,8,84,0,10,10,94
09/19/2006,RST,MN,AGL,CE,Combined TRACON& Tower with Radar,11,53,50,10,124,0,0,0,1,1,11,53,50,11,125,48,32,80,205
09/20/2006,RST,MN,AGL,CE,Combined TRACON& Tower with Radar,8,46,48,3,105,0,0,55,0,55,8,46,103,3,160,82,0,82,242
09/21/2006,RST,MN,AGL,CE,Combined TRACON& Tower with Radar,8,49,34,0,91,0,0,16,0,16,8,49,50,0,107,8,0,8,115
09/22/2006,RST,MN,AGL,CE,Combined TRACON& Tower with Radar,8,35,31,0,74,0,0,12,0,12,8,35,43,0,86,66,0,66,152
09/23/2006,RST,MN,AGL,CE,Combined TRACON& Tower with Radar,4,31,26,0,61,0,0,23,0,23,4,31,49,0,84,52,0,52,136
09/24/2006,RST,MN,AGL,CE,Combined TRACON& Tower with Radar,1,31,32,0,64,0,0,61,0,61,1,31,93,0,125,94,0,94,219
09/25/2006,RST,MN,AGL,CE,Combined TRACON& Tower with Radar,5,34,50,0,89,0,0,54,0,54,5,34,104,0,143,94,0,94,237
09/26/2006,RST,MN,AGL,CE,Combined TRACON& Tower with Radar,10,37,53,0,100,0,0,33,0,33,10,37,86,0,133,130,0,130,263
09/27/2006,RST,MN,AGL,CE,Combined TRACON& Tower with Radar,13,43,43,0,99,0,0,26,0,26,13,43,69,0,125,18,0,18,143
09/28/2006,RST,MN,AGL,CE,Combined TRACON& Tower with Radar,8,46,26,8,88,0,0,30,0,30,8,46,56,8,118,18,16,34,152
09/29/2006,RST,MN,AGL,CE,Combined TRACON& Tower with Radar,7,36,30,0,73,0,0,35,0,35,7,36,65,0,108,72,0,72,180
09/30/2006,RST,MN,AGL,CE,Combined TRACON& Tower with Radar,4,31,34,0,69,0,0,42,0,42,4,31,76,0,111,38,0,38,149
10/01/2006,RST,MN,AGL,CE,Combined TRACON& Tower with Radar,1,39,25,0,65,0,0,93,0,93,1,39,118,0,158,48,0,48,206
10/02/2006,RST,MN,AGL,CE,Combined TRACON& Tower with Radar,5,37,34,0,76,0,0,20,0,20,5,37,54,0,96,18,0,18,114
10/03/2006,RST,MN,AGL,CE,Combined TRACON& Tower with Radar,8,33,38,12,91,0,1,25,4,30,8,34,63,16,121,24,30,54,175
10/04/2006,RST,MN,AGL,CE,Combined TRACON& Tower with Radar,8,43,52,20,123,0,0,9,0,9,8,43,61,20,132,48,10,58,190
10/05/2006,RST,MN,AGL,CE,Combined TRACON& Tower with Radar,11,43,38,19,111,0,0,69,9,78,11,43,107,28,189,112,80,192,381
10/06/2006,RST,MN,AGL,CE,Combined TRACON& Tower with Radar,8,42,44,0,94,0,1,54,0,55,8,43,98,0,149,32,0,32,181
10/07/2006,RST,MN,AGL,CE,Combined TRACON& Tower with Radar,4,28,13,0,45,0,4,32,0,36,4,32,45,0,81,10,0,10,91
10/08/2006,RST,MN,AGL,CE,Combined TRACON& Tower with Radar,1,36,34,0,71,0,0,49,0,49,1,36,83,0,120,28,0,28,148
10/09/2006,RST,MN,AGL,CE,Combined TRACON& Tower with Radar,5,43,25,0,73,0,0,12,0,12,5,43,37,0,85,38,0,38,123
10/10/2006,RST,MN,AGL,CE,Combined TRACON& Tower with Radar,9,42,48,11,110,0,0,12,0,12,9,42,60,11,122,80,18,98,220
10/11/2006,RST,MN,AGL,CE,Combined TRACON& Tower with Radar,8,36,20,19,83,0,1,4,1,6,8,37,24,20,89,22,33,55,144
10/12/2006,RST,MN,AGL,CE,Combined TRACON& Tower with Radar,8,36,21,10,75,0,0,37,4,41,8,36,58,14,116,0,0,0,116
10/13/2006,RST,MN,AGL,CE,Combined TRACON& Tower with Radar,10,36,22,0,68,0,0,13,0,13,10,36,35,0,81,0,0,0,81
10/14/2006,RST,MN,AGL,CE,Combined TRACON& Tower with Radar,4,36,20,0,60,0,0,68,0,68,4,36,88,0,128,62,0,62,190
10/15/2006,RST,MN,AGL,CE,Combined TRACON& Tower with Radar,0,41,38,0,79,0,0,66,0,66,0,41,104,0,145,2,0,2,147
10/16/2006,RST,MN,AGL,CE,Combined TRACON& Tower with Radar,4,44,22,0,70,0,0,0,0,0,4,44,22,0,70,0,0,0,70
10/17/2006,RST,MN,AGL,CE,Combined TRACON& Tower with Radar,8,36,40,28,112,0,0,5,6,11,8,36,45,34,123,2,25,27,150
10/18/2006,RST,MN,AGL,CE,Combined TRACON& Tower with Radar,9,41,38,4,92,0,3,3,0,6,9,44,41,4,98,0,0,0,98
10/19/2006,RST,MN,AGL,CE,Combined TRACON& Tower with Radar,7,32,44,15,98,0,0,45,0,45,7,32,89,15,143,36,62,98,241
10/20/2006,RST,MN,AGL,CE,Combined TRACON& Tower with Radar,9,38,34,0,81,0,0,41,0,41,9,38,75,0,122,18,0,18,140
10/21/2006,RST,MN,AGL,CE,Combined TRACON& Tower with Radar,5,34,18,0,57,0,0,23,0,23,5,34,41,0,80,44,0,44,124
10/22/2006,RST,MN,AGL,CE,Combined TRACON& Tower with Radar,1,28,50,0,79,0,1,39,0,40,1,29,89,0,119,50,0,50,169
10/23/2006,RST,MN,AGL,CE,Combined TRACON& Tower with Radar,5,33,29,12,79,0,0,11,0,11,5,33,40,12,90,10,24,34,124
10/24/2006,RST,MN,AGL,CE,Combined TRACON& Tower with Radar,7,40,48,25,120,0,0,42,0,42,7,40,90,25,162,20,78,98,260
10/25/2006,RST,MN,AGL,CE,Combined TRACON& Tower with Radar,11,42,59,2,114,0,0,31,1,32,11,42,90,3,146,82,6,88,234
10/26/2006,RST,MN,AGL,CE,Combined TRACON& Tower with Radar,7,37,46,18,108,0,0,12,0,12,7,37,58,18,120,32,70,102,222
10/27/2006,RST,MN,AGL,CE,Combined TRACON& Tower with Radar,7,37,34,0,78,0,8,32,0,40,7,45,66,0,118,62,0,62,180
10/28/2006,RST,MN,AGL,CE,Combined TRACON& Tower with Radar,4,29,10,0,43,0,0,28,0,28,4,29,38,0,71,12,0,12,83
10/29/2006,RST,MN,AGL,CE,Combined TRACON& Tower with Radar,2,31,37,0,70,0,0,60,0,60,2,31,97,0,130,62,0,62,192
10/30/2006,RST,MN,AGL,CE,Combined TRACON& Tower with Radar,6,42,15,10,73,0,0,41,0,41,6,42,56,10,114,0,46,46,160
10/31/2006,RST,MN,AGL,CE,Combined TRACON& Tower with Radar,11,50,50,28,139,0,0,0,0,0,11,50,50,28,139,0,120,120,259
11/01/2006,RST,MN,AGL,CE,Combined TRACON& Tower with Radar,10,44,31,6,91,0,0,53,8,61,10,44,84,14,152,54,76,130,282
11/02/2006,RST,MN,AGL,CE,Combined TRACON& Tower with Radar,10,38,32,6,86,0,4,19,2,25,10,42,51,8,111,54,48,102,213
11/03/2006,RST,MN,AGL,CE,Combined TRACON& Tower with Radar,10,34,25,0,69,0,1,60,0,61,10,35,85,0,130,124,0,124,254
11/04/2006,RST,MN,AGL,CE,Combined TRACON& Tower with Radar,7,24,11,0,42,0,0,48,0,48,7,24,59,0,90,52,0,52,142
11/05/2006,RST,MN,AGL,CE,Combined TRACON& Tower with Radar,5,31,24,0,60,0,0,54,0,54,5,31,78,0,114,48,0,48,162
11/06/2006,RST,MN,AGL,CE,Combined TRACON& Tower with Radar,8,29,27,0,64,0,0,2,0,2,8,29,29,0,66,0,0,0,66
11/07/2006,RST,MN,AGL,CE,Combined TRACON& Tower with Radar,10,38,37,10,95,0,1,26,4,31,10,39,63,14,126,52,56,108,234
11/08/2006,RST,MN,AGL,CE,Combined TRACON& Tower with Radar,13,37,39,22,111,0,0,46,1,47,13,37,85,23,158,60,74,134,292
11/09/2006,RST,MN,AGL,CE,Combined TRACON& Tower with Radar,10,35,39,23,107,0,0,37,0,37,10,35,76,23,144,34,74,108,252
11/10/2006,RST,MN,AGL,CE,Combined TRACON& Tower with Radar,10,22,11,0,43,0,0,0,0,0,10,22,11,0,43,0,0,0,43
11/11/2006,RST,MN,AGL,CE,Combined TRACON& Tower with Radar,6,24,37,0,67,0,0,41,0,41,6,24,78,0,108,106,0,106,214
11/12/2006,RST,MN,AGL,CE,Combined TRACON& Tower with Radar,3,22,37,0,62,0,0,5,0,5,3,22,42,0,67,4,0,4,71
11/13/2006,RST,MN,AGL,CE,Combined TRACON& Tower with Radar,6,43,32,0,81,0,0,7,0,7,6,43,39,0,88,0,0,0,88
11/14/2006,RST,MN,AGL,CE,Combined TRACON& Tower with Radar,14,43,28,9,94,0,0,0,1,1,14,43,28,10,95,0,0,0,95
11/15/2006,RST,MN,AGL,CE,Combined TRACON& Tower with Radar,8,34,43,8,93,0,0,3,0,3,8,34,46,8,96,34,40,74,170
11/16/2006,RST,MN,AGL,CE,Combined TRACON& Tower with Radar,9,37,36,5,87,0,0,0,1,1,9,37,36,6,88,0,0,0,88
11/17/2006,RST,MN,AGL,CE,Combined TRACON& Tower with Radar,10,40,44,0,94,0,0,7,0,7,10,40,51,0,101,18,0,18,119
11/18/2006,RST,MN,AGL,CE,Combined TRACON& Tower with Radar,5,28,14,0,47,0,0,17,0,17,5,28,31,0,64,34,0,34,98
11/19/2006,RST,MN,AGL,CE,Combined TRACON& Tower with Radar,3,26,40,4,73,0,0,96,0,96,3,26,136,4,169,124,0,124,293
11/20/2006,RST,MN,AGL,CE,Combined TRACON& Tower with Radar,7,43,24,14,88,0,0,42,5,47,7,43,66,19,135,56,42,98,233
11/21/2006,RST,MN,AGL,CE,Combined TRACON& Tower with Radar,10,48,24,4,86,0,0,48,0,48,10,48,72,4,134,112,12,124,258
11/22/2006,RST,MN,AGL,CE,Combined TRACON& Tower with Radar,9,32,41,6,88,0,0,30,0,30,9,32,71,6,118,30,16,46,164
11/23/2006,RST,MN,AGL,CE,Combined TRACON& Tower with Radar,2,26,7,0,35,0,5,28,0,33,2,31,35,0,68,12,0,12,80
11/24/2006,RST,MN,AGL,CE,Combined TRACON& Tower with Radar,8,22,13,0,43,2,0,50,0,52,10,22,63,0,95,92,6,98,193
11/25/2006,RST,MN,AGL,CE,Combined TRACON& Tower with Radar,5,25,20,0,50,0,0,41,1,42,5,25,61,1,92,100,0,100,192
11/26/2006,RST,MN,AGL,CE,Combined TRACON& Tower with Radar,3,27,19,0,49,0,0,0,0,0,3,27,19,0,49,0,0,0,49
11/27/2006,RST,MN,AGL,CE,Combined TRACON& Tower with Radar,7,29,20,0,56,0,0,0,0,0,7,29,20,0,56,0,0,0,56
11/28/2006,RST,MN,AGL,CE,Combined TRACON& Tower with Radar,10,39,30,4,83,0,0,0,0,0,10,39,30,4,83,0,0,0,83
11/29/2006,RST,MN,AGL,CE,Combined TRACON& Tower with Radar,13,41,40,6,100,0,0,12,4,16,13,41,52,10,116,20,2,22,138
11/30/2006,RST,MN,AGL,CE,Combined TRACON& Tower with Radar,12,38,29,16,95,0,0,46,2,48,12,38,75,18,143,34,80,114,257
12/01/2006,RST,MN,AGL,CE,Combined TRACON& Tower with Radar,12,23,17,2,54,0,0,23,2,25,12,23,40,4,79,42,4,46,125
12/02/2006,RST,MN,AGL,CE,Combined TRACON& Tower with Radar,7,25,15,0,47,0,0,26,0,26,7,25,41,0,73,2,0,2,75
12/03/2006,RST,MN,AGL,CE,Combined TRACON& Tower with Radar,3,24,33,0,60,0,0,9,0,9,3,24,42,0,69,24,0,24,93
12/04/2006,RST,MN,AGL,CE,Combined TRACON& Tower with Radar,7,39,18,12,76,0,0,9,0,9,7,39,27,12,85,10,36,46,131
12/05/2006,RST,MN,AGL,CE,Combined TRACON& Tower with Radar,10,43,32,9,94,0,0,21,0,21,10,43,53,9,115,6,72,78,193
12/06/2006,RST,MN,AGL,CE,Combined TRACON& Tower with Radar,11,40,31,8,90,0,1,4,6,11,11,41,35,14,101,8,34,42,143
12/07/2006,RST,MN,AGL,CE,Combined TRACON& Tower with Radar,9,37,23,8,77,0,0,37,0,37,9,37,60,8,114,32,18,50,164
12/08/2006,RST,MN,AGL,CE,Combined TRACON& Tower with Radar,11,36,18,0,65,0,0,48,0,48,11,36,66,0,113,22,0,22,135
12/09/2006,RST,MN,AGL,CE,Combined TRACON& Tower with Radar,4,28,23,0,55,2,0,57,0,59,6,28,80,0,114,50,0,50,164
12/10/2006,RST,MN,AGL,CE,Combined TRACON& Tower with Radar,4,26,34,0,64,0,0,63,0,63,4,26,97,0,127,88,0,88,215
12/11/2006,RST,MN,AGL,CE,Combined TRACON& Tower with Radar,9,41,45,0,95,0,0,0,0,0,9,41,45,0,95,0,0,0,95
12/12/2006,RST,MN,AGL,CE,Combined TRACON& Tower with Radar,15,40,23,0,78,0,0,0,0,0,15,40,23,0,78,0,0,0,78
12/13/2006,RST,MN,AGL,CE,Combined TRACON& Tower with Radar,16,43,37,9,105,0,1,53,1,55,16,44,90,10,160,78,31,109,269
12/14/2006,RST,MN,AGL,CE,Combined TRACON& Tower with Radar,16,43,28,22,109,0,0,39,0,39,16,43,67,22,148,22,34,56,204
12/15/2006,RST,MN,AGL,CE,Combined TRACON& Tower with Radar,16,37,57,0,110,0,0,41,0,41,16,37,98,0,151,62,0,62,213
12/16/2006,RST,MN,AGL,CE,Combined TRACON& Tower with Radar,11,29,25,0,65,0,1,45,0,46,11,30,70,0,111,100,0,100,211
12/17/2006,RST,MN,AGL,CE,Combined TRACON& Tower with Radar,5,28,20,0,53,0,2,85,0,87,5,30,105,0,140,128,0,128,268
12/18/2006,RST,MN,AGL,CE,Combined TRACON& Tower with Radar,9,47,33,0,89,0,0,46,0,46,9,47,79,0,135,70,0,70,205
12/19/2006,RST,MN,AGL,CE,Combined TRACON& Tower with Radar,16,47,33,6,102,0,2,55,1,58,16,49,88,7,160,92,34,126,286
12/20/2006,RST,MN,AGL,CE,Combined TRACON& Tower with Radar,17,47,25,6,95,0,2,26,0,28,17,49,51,6,123,40,34,74,197
12/21/2006,RST,MN,AGL,CE,Combined TRACON& Tower with Radar,13,42,15,0,70,0,4,0,0,4,13,46,15,0,74,0,0,0,74
12/22/2006,RST,MN,AGL,CE,Combined TRACON& Tower with Radar,8,24,12,0,44,0,0,0,0,0,8,24,12,0,44,0,0,0,44
12/23/2006,RST,MN,AGL,CE,Combined TRACON& Tower with Radar,11,32,33,0,76,0,0,0,0,0,11,32,33,0,76,14,0,14,90
12/24/2006,RST,MN,AGL,CE,Combined TRACON& Tower with Radar,3,26,14,0,43,0,0,29,0,29,3,26,43,0,72,42,0,42,114
12/25/2006,RST,MN,AGL,CE,Combined TRACON& Tower with Radar,1,24,2,0,27,0,0,18,0,18,1,24,20,0,45,8,0,8,53
12/26/2006,RST,MN,AGL,CE,Combined TRACON& Tower with Radar,7,36,27,0,70,0,0,38,0,38,7,36,65,0,108,36,0,36,144
12/27/2006,RST,MN,AGL,CE,Combined TRACON& Tower with Radar,10,34,20,0,64,0,0,47,0,47,10,34,67,0,111,6,0,6,117
12/28/2006,RST,MN,AGL,CE,Combined TRACON& Tower with Radar,8,33,31,9,81,0,2,38,0,40,8,35,69,9,121,40,50,90,211
12/29/2006,RST,MN,AGL,CE,Combined TRACON& Tower with Radar,7,29,12,0,48,0,0,0,0,0,7,29,12,0,48,0,0,0,48
12/30/2006,RST,MN,AGL,CE,Combined TRACON& Tower with Radar,7,23,2,0,32,0,0,0,0,0,7,23,2,0,32,0,0,0,32
12/31/2006,RST,MN,AGL,CE,Combined TRACON& Tower with Radar,1,15,0,0,16,0,0,0,0,0,1,15,0,0,16,0,0,0,16
01/01/2007,RST,MN,AGL,CE,Combined TRACON& Tower with Radar,4,25,19,0,48,0,0,47,0,47,4,25,66,0,95,100,0,100,195
01/02/2007,RST,MN,AGL,CE,Combined TRACON& Tower with Radar,6,33,28,0,67,0,0,37,0,37,6,33,65,0,104,56,0,56,160
01/03/2007,RST,MN,AGL,CE,Combined TRACON& Tower with Radar,8,41,22,6,77,0,0,43,5,48,8,41,65,11,125,28,32,60,185
01/04/2007,RST,MN,AGL,CE,Combined TRACON& Tower with Radar,8,42,44,31,125,0,0,15,8,23,8,42,59,39,148,56,54,110,258
01/05/2007,RST,MN,AGL,CE,Combined TRACON& Tower with Radar,9,40,12,0,61,0,0,3,0,3,9,40,15,0,64,6,0,6,70
01/06/2007,RST,MN,AGL,CE,Combined TRACON& Tower with Radar,6,30,26,0,62,0,0,63,2,65,6,30,89,2,127,78,4,82,209
01/07/2007,RST,MN,AGL,CE,Combined TRACON& Tower with Radar,4,34,36,0,74,0,0,16,0,16,4,34,52,0,90,42,0,42,132
01/08/2007,RST,MN,AGL,CE,Combined TRACON& Tower with Radar,6,42,33,0,81,0,0,12,0,12,6,42,45,0,93,2,0,2,95
01/09/2007,RST,MN,AGL,CE,Combined TRACON& Tower with Radar,10,52,21,0,83,0,0,17,0,17,10,52,38,0,100,26,0,26,126
01/10/2007,RST,MN,AGL,CE,Combined TRACON& Tower with Radar,7,55,31,12,105,0,0,20,0,20,7,55,51,12,125,0,56,56,181
01/11/2007,RST,MN,AGL,CE,Combined TRACON& Tower with Radar,8,60,39,0,107,0,0,20,0,20,8,60,59,0,127,4,12,16,143
01/12/2007,RST,MN,AGL,CE,Combined TRACON& Tower with Radar,6,46,39,8,99,1,0,18,0,19,7,46,57,8,118,10,22,32,150
01/13/2007,RST,MN,AGL,CE,Combined TRACON& Tower with Radar,5,28,23,0,56,0,0,41,0,41,5,28,64,0,97,80,0,80,177
01/14/2007,RST,MN,AGL,CE,Combined TRACON& Tower with Radar,3,27,32,0,62,0,0,27,0,27,3,27,59,0,89,46,0,46,135
01/15/2007,RST,MN,AGL,CE,Combined TRACON& Tower with Radar,6,40,22,0,68,0,0,10,0,10,6,40,32,0,78,4,0,4,82
01/16/2007,RST,MN,AGL,CE,Combined TRACON& Tower with Radar,10,41,36,0,87,0,0,27,0,27,10,41,63,0,114,28,0,28,142
01/17/2007,RST,MN,AGL,CE,Combined TRACON& Tower with Radar,8,38,45,1,92,0,0,22,1,23,8,38,67,2,115,24,8,32,147
01/18/2007,RST,MN,AGL,CE,Combined TRACON& Tower with Radar,10,42,19,0,71,0,0,4,0,4,10,42,23,0,75,0,0,0,75
01/19/2007,RST,MN,AGL,CE,Combined TRACON& Tower with Radar,10,45,25,0,80,0,0,41,0,41,10,45,66,0,121,22,0,22,143
01/20/2007,RST,MN,AGL,CE,Combined TRACON& Tower with Radar,5,34,12,1,52,1,0,59,1,61,6,34,71,2,113,72,0,72,185
01/21/2007,RST,MN,AGL,CE,Combined TRACON& Tower with Radar,4,23,15,0,42,0,0,1,0,1,4,23,16,0,43,0,0,0,43
01/22/2007,RST,MN,AGL,CE,Combined TRACON& Tower with Radar,5,31,32,0,68,0,0,8,0,8,5,31,40,0,76,0,0,0,76
01/23/2007,RST,MN,AGL,CE,Combined TRACON& Tower with Radar,8,49,46,4,107,0,0,11,0,11,8,49,57,4,118,4,44,48,166
01/24/2007,RST,MN,AGL,CE,Combined TRACON& Tower with Radar,9,34,40,14,97,0,0,18,2,20,9,34,58,16,117,38,64,102,219
01/25/2007,RST,MN,AGL,CE,Combined TRACON& Tower with Radar,8,43,41,14,106,0,0,38,0,38,8,43,79,14,144,36,68,104,248
01/26/2007,RST,MN,AGL,CE,Combined TRACON& Tower with Radar,12,36,27,0,75,0,0,43,0,43,12,36,70,0,118,76,0,76,194
01/27/2007,RST,MN,AGL,CE,Combined TRACON& Tower with Radar,5,34,15,0,54,0,0,14,0,14,5,34,29,0,68,41,0,41,109
01/28/2007,RST,MN,AGL,CE,Combined TRACON& Tower with Radar,2,32,35,0,69,0,0,13,0,13,2,32,48,0,82,18,0,18,100
01/29/2007,RST,MN,AGL,CE,Combined TRACON& Tower with Radar,5,36,20,0,61,0,0,0,0,0,5,36,20,0,61,0,0,0,61
01/30/2007,RST,MN,AGL,CE,Combined TRACON& Tower with Radar,8,41,30,8,87,0,0,31,1,32,8,41,61,9,119,26,46,72,191
01/31/2007,RST,MN,AGL,CE,Combined TRACON& Tower with Radar,8,49,42,2,101,0,0,15,0,15,8,49,57,2,116,40,0,40,156
02/01/2007,RST,MN,AGL,CE,Combined TRACON& Tower with Radar,8,50,27,3,88,0,0,33,13,46,8,50,60,16,134,46,48,94,228
02/02/2007,RST,MN,AGL,CE,Combined TRACON& Tower with Radar,8,40,36,0,84,0,0,22,0,22,8,40,58,0,106,2,0,2,108
02/03/2007,RST,MN,AGL,CE,Combined TRACON& Tower with Radar,4,26,22,0,52,0,0,16,0,16,4,26,38,0,68,0,0,0,68
02/04/2007,RST,MN,AGL,CE,Combined TRACON& Tower with Radar,1,34,19,0,54,0,0,15,0,15,1,34,34,0,69,0,0,0,69
02/05/2007,RST,MN,AGL,CE,Combined TRACON& Tower with Radar,5,37,26,0,68,0,0,24,0,24,5,37,50,0,92,18,0,18,110
02/06/2007,RST,MN,AGL,CE,Combined TRACON& Tower with Radar,10,25,20,0,55,0,0,2,0,2,10,25,22,0,57,16,0,16,73
02/07/2007,RST,MN,AGL,CE,Combined TRACON& Tower with Radar,8,36,34,14,92,0,0,24,0,24,8,36,58,14,116,46,30,76,192
02/08/2007,RST,MN,AGL,CE,Combined TRACON& Tower with Radar,8,48,18,4,78,0,1,27,0,28,8,49,45,4,106,52,7,59,165
02/09/2007,RST,MN,AGL,CE,Combined TRACON& Tower with Radar,10,34,24,0,68,0,1,33,0,34,10,35,57,0,102,40,0,40,142
02/10/2007,RST,MN,AGL,CE,Combined TRACON& Tower with Radar,5,32,17,0,54,0,0,37,0,37,5,32,54,0,91,65,0,65,156
02/11/2007,RST,MN,AGL,CE,Combined TRACON& Tower with Radar,2,27,26,2,57,0,0,0,0,0,2,27,26,2,57,2,0,2,59
02/12/2007,RST,MN,AGL,CE,Combined TRACON& Tower with Radar,5,43,34,0,82,0,0,0,0,0,5,43,34,0,82,40,0,40,122
02/13/2007,RST,MN,AGL,CE,Combined TRACON& Tower with Radar,10,23,16,2,51,0,0,11,0,11,10,23,27,2,62,24,4,28,90
02/14/2007,RST,MN,AGL,CE,Combined TRACON& Tower with Radar,8,35,27,11,81,0,2,18,0,20,8,37,45,11,101,10,20,30,131
02/15/2007,RST,MN,AGL,CE,Combined TRACON& Tower with Radar,11,36,10,8,65,0,0,29,0,29,11,36,39,8,94,18,36,54,148
02/16/2007,RST,MN,AGL,CE,Combined TRACON& Tower with Radar,11,41,17,6,75,0,0,22,0,22,11,41,39,6,97,72,18,90,187
02/17/2007,RST,MN,AGL,CE,Combined TRACON& Tower with Radar,5,34,27,0,66,0,0,27,0,27,5,34,54,0,93,62,0,62,155
02/18/2007,RST,MN,AGL,CE,Combined TRACON& Tower with Radar,3,36,23,0,62,0,0,31,0,31,3,36,54,0,93,72,0,72,165
02/19/2007,RST,MN,AGL,CE,Combined TRACON& Tower with Radar,9,34,31,0,74,0,1,32,0,33,9,35,63,0,107,33,0,33,140
02/20/2007,RST,MN,AGL,CE,Combined TRACON& Tower with Radar,11,39,32,0,82,0,0,27,0,27,11,39,59,0,109,70,0,70,179
02/21/2007,RST,MN,AGL,CE,Combined TRACON& Tower with Radar,12,35,25,0,72,0,0,38,0,38,12,35,63,0,110,112,0,112,222
02/22/2007,RST,MN,AGL,CE,Combined TRACON& Tower with Radar,12,36,48,0,96,0,0,40,0,40,12,36,88,0,136,24,0,24,160
02/23/2007,RST,MN,AGL,CE,Combined TRACON& Tower with Radar,7,32,25,0,64,2,0,16,0,18,9,32,41,0,82,0,0,0,82
02/24/2007,RST,MN,AGL,CE,Combined TRACON& Tower with Radar,0,2,6,0,8,3,8,1,0,12,3,10,7,0,20,0,0,0,20
02/25/2007,RST,MN,AGL,CE,Combined TRACON& Tower with Radar,1,7,14,0,22,0,0,0,0,0,1,7,14,0,22,0,0,0,22
02/26/2007,RST,MN,AGL,CE,Combined TRACON& Tower with Radar,7,34,29,20,90,0,1,0,2,3,7,35,29,22,93,0,2,2,95
02/27/2007,RST,MN,AGL,CE,Combined TRACON& Tower with Radar,13,49,31,6,99,0,0,5,0,5,13,49,36,6,104,0,8,8,112
02/28/2007,RST,MN,AGL,CE,Combined TRACON& Tower with Radar,10,44,22,4,80,0,0,7,0,7,10,44,29,4,87,4,2,6,93
03/01/2007,RST,MN,AGL,CE,Combined TRACON& Tower with Radar,4,10,5,0,19,0,0,0,0,0,4,10,5,0,19,0,0,0,19
03/02/2007,RST,MN,AGL,CE,Combined TRACON& Tower with Radar,8,28,13,0,49,0,0,0,0,0,8,28,13,0,49,0,0,0,49
03/03/2007,RST,MN,AGL,CE,Combined TRACON& Tower with Radar,5,28,11,0,44,0,0,19,0,19,5,28,30,0,63,4,0,4,67
03/04/2007,RST,MN,AGL,CE,Combined TRACON& Tower with Radar,5,34,22,0,61,0,0,60,0,60,5,34,82,0,121,152,0,152,273
03/05/2007,RST,MN,AGL,CE,Combined TRACON& Tower with Radar,6,39,32,5,82,0,0,33,0,33,6,39,65,5,115,18,4,22,137
03/06/2007,RST,MN,AGL,CE,Combined TRACON& Tower with Radar,11,37,25,21,94,0,0,13,7,20,11,37,38,28,114,28,32,60,174
03/07/2007,RST,MN,AGL,CE,Combined TRACON& Tower with Radar,12,36,27,0,75,0,0,37,0,37,12,36,64,0,112,54,0,54,166
03/08/2007,RST,MN,AGL,CE,Combined TRACON& Tower with Radar,11,32,16,10,69,0,0,9,0,9,11,32,25,10,78,0,12,12,90
03/09/2007,RST,MN,AGL,CE,Combined TRACON& Tower with Radar,9,30,25,0,64,0,4,27,0,31,9,34,52,0,95,78,0,78,173
03/10/2007,RST,MN,AGL,CE,Combined TRACON& Tower with Radar,5,25,21,0,51,0,0,54,0,54,5,25,75,0,105,70,0,70,175
03/11/2007,RST,MN,AGL,CE,Combined TRACON& Tower with Radar,5,29,41,0,75,0,0,66,0,66,5,29,107,0,141,152,0,152,293
03/12/2007,RST,MN,AGL,CE,Combined TRACON& Tower with Radar,6,32,33,8,79,0,0,2,0,2,6,32,35,8,81,14,0,14,95
03/13/2007,RST,MN,AGL,CE,Combined TRACON& Tower with Radar,9,47,46,10,112,0,0,27,12,39,9,47,73,22,151,28,46,74,225
03/14/2007,RST,MN,AGL,CE,Combined TRACON& Tower with Radar,11,50,35,10,106,0,0,25,0,25,11,50,60,10,131,24,40,64,195
03/15/2007,RST,MN,AGL,CE,Combined TRACON& Tower with Radar,12,45,25,10,92,0,0,30,2,32,12,45,55,12,124,62,32,94,218
03/16/2007,RST,MN,AGL,CE,Combined TRACON& Tower with Radar,9,36,13,2,60,0,0,49,0,49,9,36,62,2,109,96,0,96,205
03/17/2007,RST,MN,AGL,CE,Combined TRACON& Tower with Radar,6,31,17,0,54,0,0,59,0,59,6,31,76,0,113,40,0,40,153
03/18/2007,RST,MN,AGL,CE,Combined TRACON& Tower with Radar,4,25,27,0,56,2,3,37,0,42,6,28,64,0,98,46,0,46,144
03/19/2007,RST,MN,AGL,CE,Combined TRACON& Tower with Radar,10,40,18,8,76,0,0,31,6,37,10,40,49,14,113,34,16,50,163
03/20/2007,RST,MN,AGL,CE,Combined TRACON& Tower with Radar,13,41,32,0,86,0,0,23,0,23,13,41,55,0,109,24,0,24,133
03/21/2007,RST,MN,AGL,CE,Combined TRACON& Tower with Radar,10,34,28,0,72,1,3,0,0,4,11,37,28,0,76,0,0,0,76
03/22/2007,RST,MN,AGL,CE,Combined TRACON& Tower with Radar,14,28,45,0,87,0,0,36,0,36,14,28,81,0,123,98,0,98,221
03/23/2007,RST,MN,AGL,CE,Combined TRACON& Tower with Radar,10,35,35,0,80,0,0,62,0,62,10,35,97,0,142,104,0,104,246
03/24/2007,RST,MN,AGL,CE,Combined TRACON& Tower with Radar,9,41,41,2,93,0,0,2,0,2,9,41,43,2,95,0,0,0,95
03/25/2007,RST,MN,AGL,CE,Combined TRACON& Tower with Radar,6,29,15,0,50,0,0,16,0,16,6,29,31,0,66,6,0,6,72
03/26/2007,RST,MN,AGL,CE,Combined TRACON& Tower with Radar,10,36,37,0,83,0,0,46,0,46,10,36,83,0,129,124,0,124,253
03/27/2007,RST,MN,AGL,CE,Combined TRACON& Tower with Radar,12,32,23,15,82,0,0,18,1,19,12,32,41,16,101,38,26,64,165
03/28/2007,RST,MN,AGL,CE,Combined TRACON& Tower with Radar,11,35,35,14,95,0,0,0,0,0,11,35,35,14,95,0,2,2,97
03/29/2007,RST,MN,AGL,CE,Combined TRACON& Tower with Radar,11,46,45,10,112,0,0,12,0,12,11,46,57,10,124,22,22,44,168
03/30/2007,RST,MN,AGL,CE,Combined TRACON& Tower with Radar,10,40,28,0,78,0,0,0,0,0,10,40,28,0,78,0,0,0,78
03/31/2007,RST,MN,AGL,CE,Combined TRACON& Tower with Radar,6,31,12,0,49,0,0,0,0,0,6,31,12,0,49,0,0,0,49
04/01/2007,RST,MN,AGL,CE,Combined TRACON& Tower with Radar,4,29,26,0,59,0,0,3,0,3,4,29,29,0,62,22,0,22,84
04/02/2007,RST,MN,AGL,CE,Combined TRACON& Tower with Radar,7,43,29,3,82,0,0,36,0,36,7,43,65,3,118,38,14,52,170
04/03/2007,RST,MN,AGL,CE,Combined TRACON& Tower with Radar,12,32,21,3,68,0,0,0,0,0,12,32,21,3,68,0,0,0,68
04/04/2007,RST,MN,AGL,CE,Combined TRACON& Tower with Radar,13,33,38,18,102,0,0,2,0,2,13,33,40,18,104,4,34,38,142
04/05/2007,RST,MN,AGL,CE,Combined TRACON& Tower with Radar,14,28,37,1,80,0,0,44,1,45,14,28,81,2,125,28,2,30,155
04/06/2007,RST,MN,AGL,CE,Combined TRACON& Tower with Radar,12,38,22,0,72,0,1,10,0,11,12,39,32,0,83,4,0,4,87
04/07/2007,RST,MN,AGL,CE,Combined TRACON& Tower with Radar,5,30,10,0,45,0,0,45,0,45,5,30,55,0,90,88,0,88,178
04/08/2007,RST,MN,AGL,CE,Combined TRACON& Tower with Radar,6,33,11,0,50,0,0,63,0,63,6,33,74,0,113,64,0,64,177
04/09/2007,RST,MN,AGL,CE,Combined TRACON& Tower with Radar,5,46,41,0,92,0,0,60,0,60,5,46,101,0,152,116,0,116,268
04/10/2007,RST,MN,AGL,CE,Combined TRACON& Tower with Radar,7,49,25,5,86,0,0,3,1,4,7,49,28,6,90,26,12,38,128
04/11/2007,RST,MN,AGL,CE,Combined TRACON& Tower with Radar,9,25,5,0,39,0,0,0,0,0,9,25,5,0,39,0,0,0,39
04/12/2007,RST,MN,AGL,CE,Combined TRACON& Tower with Radar,8,41,27,0,76,0,0,29,0,29,8,41,56,0,105,12,0,12,117
04/13/2007,RST,MN,AGL,CE,Combined TRACON& Tower with Radar,8,48,39,0,95,0,0,31,0,31,8,48,70,0,126,44,0,44,170
04/14/2007,RST,MN,AGL,CE,Combined TRACON& Tower with Radar,3,39,38,0,80,0,0,83,0,83,3,39,121,0,163,0,96,96,259
04/15/2007,RST,MN,AGL,CE,Combined TRACON& Tower with Radar,1,40,24,0,65,0,0,86,2,88,1,40,110,2,153,76,0,76,229
04/16/2007,RST,MN,AGL,CE,Combined TRACON& Tower with Radar,4,54,29,10,97,2,0,49,2,53,6,54,78,12,150,66,6,72,222
04/17/2007,RST,MN,AGL,CE,Combined TRACON& Tower with Radar,9,38,35,22,104,0,0,32,4,36,9,38,67,26,140,6,70,76,216
04/18/2007,RST,MN,AGL,CE,Combined TRACON& Tower with Radar,10,42,42,13,107,0,0,61,0,61,10,42,103,13,168,72,88,160,328
04/19/2007,RST,MN,AGL,CE,Combined TRACON& Tower with Radar,7,41,30,10,88,0,0,28,0,28,7,41,58,10,116,38,80,118,234
04/20/2007,RST,MN,AGL,CE,Combined TRACON& Tower with Radar,8,43,43,0,94,0,0,63,0,63,8,43,106,0,157,56,0,56,213
04/21/2007,RST,MN,AGL,CE,Combined TRACON& Tower with Radar,4,31,9,0,44,0,0,51,0,51,4,31,60,0,95,56,0,56,151
04/22/2007,RST,MN,AGL,CE,Combined TRACON& Tower with Radar,0,29,24,0,53,0,0,19,0,19,0,29,43,0,72,14,0,14,86
04/23/2007,RST,MN,AGL,CE,Combined TRACON& Tower with Radar,5,37,43,0,85,0,0,39,0,39,5,37,82,0,124,32,0,32,156
04/24/2007,RST,MN,AGL,CE,Combined TRACON& Tower with Radar,7,40,33,9,89,0,0,19,0,19,7,40,52,9,108,10,20,30,138
04/25/2007,RST,MN,AGL,CE,Combined TRACON& Tower with Radar,8,38,49,3,98,0,0,32,4,36,8,38,81,7,134,28,10,38,172
04/26/2007,RST,MN,AGL,CE,Combined TRACON& Tower with Radar,8,43,23,0,74,0,0,43,0,43,8,43,66,0,117,66,0,66,183
04/27/2007,RST,MN,AGL,CE,Combined TRACON& Tower with Radar,7,48,28,0,83,0,0,66,0,66,7,48,94,0,149,72,0,72,221
04/28/2007,RST,MN,AGL,CE,Combined TRACON& Tower with Radar,3,35,13,0,51,0,0,53,0,53,3,35,66,0,104,102,0,102,206
04/29/2007,RST,MN,AGL,CE,Combined TRACON& Tower with Radar,1,32,21,0,54,0,0,56,0,56,1,32,77,0,110,52,0,52,162
04/30/2007,RST,MN,AGL,CE,Combined TRACON& Tower with Radar,5,39,34,0,78,0,0,14,0,14,5,39,48,0,92,28,0,28,120
05/01/2007,RST,MN,AGL,CE,Combined TRACON& Tower with Radar,8,54,19,19,100,0,0,31,3,34,8,54,50,22,134,70,60,130,264
05/02/2007,RST,MN,AGL,CE,Combined TRACON& Tower with Radar,8,47,31,12,98,0,0,55,0,55,8,47,86,12,153,106,56,162,315
05/03/2007,RST,MN,AGL,CE,Combined TRACON& Tower with Radar,7,53,32,0,92,0,0,20,0,20,7,53,52,0,112,40,0,40,152
05/04/2007,RST,MN,AGL,CE,Combined TRACON& Tower with Radar,10,51,36,0,97,0,0,3,0,3,10,51,39,0,100,4,0,4,104
05/05/2007,RST,MN,AGL,CE,Combined TRACON& Tower with Radar,5,32,27,0,64,0,0,5,0,5,5,32,32,0,69,32,0,32,101
05/06/2007,RST,MN,AGL,CE,Combined TRACON& Tower with Radar,2,32,15,0,49,0,0,7,0,7,2,32,22,0,56,0,0,0,56
05/07/2007,RST,MN,AGL,CE,Combined TRACON& Tower with Radar,6,43,31,12,92,0,0,7,0,7,6,43,38,12,99,34,46,80,179
05/08/2007,RST,MN,AGL,CE,Combined TRACON& Tower with Radar,9,42,35,11,97,0,0,19,1,20,9,42,54,12,117,12,28,40,157
05/09/2007,RST,MN,AGL,CE,Combined TRACON& Tower with Radar,8,37,27,16,88,0,0,29,0,29,8,37,56,16,117,47,28,75,192
05/10/2007,RST,MN,AGL,CE,Combined TRACON& Tower with Radar,8,45,31,6,90,0,0,35,0,35,8,45,66,6,125,44,32,76,201
05/11/2007,RST,MN,AGL,CE,Combined TRACON& Tower with Radar,8,57,49,0,114,0,0,23,0,23,8,57,72,0,137,64,0,64,201
05/12/2007,RST,MN,AGL,CE,Combined TRACON& Tower with Radar,5,34,15,0,54,0,0,38,0,38,5,34,53,0,92,34,0,34,126
05/13/2007,RST,MN,AGL,CE,Combined TRACON& Tower with Radar,2,30,26,0,58,0,2,15,1,18,2,32,41,1,76,0,0,0,76
05/14/2007,RST,MN,AGL,CE,Combined TRACON& Tower with Radar,4,45,44,0,93,0,0,9,0,9,4,45,53,0,102,0,0,0,102
05/15/2007,RST,MN,AGL,CE,Combined TRACON& Tower with Radar,7,44,47,13,111,0,0,20,0,20,7,44,67,13,131,12,24,36,167
05/16/2007,RST,MN,AGL,CE,Combined TRACON& Tower with Radar,7,49,41,2,99,0,0,25,0,25,7,49,66,2,124,38,2,40,164
05/17/2007,RST,MN,AGL,CE,Combined TRACON& Tower with Radar,9,41,41,0,91,0,0,62,0,62,9,41,103,0,153,48,0,48,201
05/18/2007,RST,MN,AGL,CE,Combined TRACON& Tower with Radar,8,46,29,0,83,0,0,21,2,23,8,46,50,2,106,26,0,26,132
05/19/2007,RST,MN,AGL,CE,Combined TRACON& Tower with Radar,5,29,16,8,58,0,0,18,3,21,5,29,34,11,79,47,10,57,136
05/20/2007,RST,MN,AGL,CE,Combined TRACON& Tower with Radar,3,35,37,0,75,0,0,33,0,33,3,35,70,0,108,18,0,18,126
05/21/2007,RST,MN,AGL,CE,Combined TRACON& Tower with Radar,5,49,44,0,98,0,0,27,0,27,5,49,71,0,125,28,0,28,153
05/22/2007,RST,MN,AGL,CE,Combined TRACON& Tower with Radar,9,49,27,11,96,1,3,23,9,36,10,52,50,20,132,8,36,44,176
05/23/2007,RST,MN,AGL,CE,Combined TRACON& Tower with Radar,20,33,32,0,85,0,0,18,0,18,20,33,50,0,103,0,0,0,103
05/24/2007,RST,MN,AGL,CE,Combined TRACON& Tower with Radar,8,49,32,2,91,0,0,2,0,2,8,49,34,2,93,20,0,20,113
05/25/2007,RST,MN,AGL,CE,Combined TRACON& Tower with Radar,9,49,53,0,111,0,0,85,0,85,9,49,138,0,196,70,0,70,266
05/26/2007,RST,MN,AGL,CE,Combined TRACON& Tower with Radar,5,28,26,0,59,0,0,3,0,3,5,28,29,0,62,0,0,0,62
05/27/2007,RST,MN,AGL,CE,Combined TRACON& Tower with Radar,2,23,10,0,35,0,0,53,0,53,2,23,63,0,88,31,0,31,119
05/28/2007,RST,MN,AGL,CE,Combined TRACON& Tower with Radar,2,32,27,0,61,0,0,30,0,30,2,32,57,0,91,24,0,24,115
05/29/2007,RST,MN,AGL,CE,Combined TRACON& Tower with Radar,5,39,40,0,84,0,0,10,0,10,5,39,50,0,94,12,0,12,106
05/30/2007,RST,MN,AGL,CE,Combined TRACON& Tower with Radar,7,45,30,0,82,0,2,23,0,25,7,47,53,0,107,6,0,6,113
05/31/2007,RST,MN,AGL,CE,Combined TRACON& Tower with Radar,7,47,31,16,101,1,0,54,0,55,8,47,85,16,156,26,86,112,268
06/01/2007,RST,MN,AGL,CE,Combined TRACON& Tower with Radar,8,45,19,0,72,0,0,13,0,13,8,45,32,0,85,10,0,10,95
06/02/2007,RST,MN,AGL,CE,Combined TRACON& Tower with Radar,7,27,16,0,50,0,0,30,0,30,7,27,46,0,80,8,0,8,88
06/03/2007,RST,MN,AGL,CE,Combined TRACON& Tower with Radar,2,27,34,0,63,0,0,23,0,23,2,27,57,0,86,56,0,56,142
06/04/2007,RST,MN,AGL,CE,Combined TRACON& Tower with Radar,5,35,61,0,101,0,0,29,0,29,5,35,90,0,130,20,0,20,150
06/05/2007,RST,MN,AGL,CE,Combined TRACON& Tower with Radar,8,43,65,4,120,0,3,52,2,57,8,46,117,6,177,126,6,132,309
06/06/2007,RST,MN,AGL,CE,Combined TRACON& Tower with Radar,8,35,17,16,76,0,2,9,0,11,8,37,26,16,87,4,32,36,123
06/07/2007,RST,MN,AGL,CE,Combined TRACON& Tower with Radar,11,31,17,9,68,0,0,9,0,9,11,31,26,9,77,0,18,18,95
06/08/2007,RST,MN,AGL,CE,Combined TRACON& Tower with Radar,10,49,29,0,88,0,0,44,0,44,10,49,73,0,132,66,0,66,198
06/09/2007,RST,MN,AGL,CE,Combined TRACON& Tower with Radar,5,22,29,0,56,0,0,46,0,46,5,22,75,0,102,66,2,68,170
06/10/2007,RST,MN,AGL,CE,Combined TRACON& Tower with Radar,1,30,31,0,62,0,0,65,0,65,1,30,96,0,127,68,0,68,195
06/11/2007,RST,MN,AGL,CE,Combined TRACON& Tower with Radar,6,42,41,0,89,0,0,51,0,51,6,42,92,0,140,64,0,64,204
06/12/2007,RST,MN,AGL,CE,Combined TRACON& Tower with Radar,10,56,34,22,122,0,0,50,0,50,10,56,84,22,172,30,70,100,272
06/13/2007,RST,MN,AGL,CE,Combined TRACON& Tower with Radar,12,46,39,17,114,0,0,43,5,48,12,46,82,22,162,42,22,64,226
06/14/2007,RST,MN,AGL,CE,Combined TRACON& Tower with Radar,12,45,34,2,93,0,0,43,4,47,12,45,77,6,140,68,8,76,216
06/15/2007,RST,MN,AGL,CE,Combined TRACON& Tower with Radar,10,47,46,0,103,0,0,32,0,32,10,47,78,0,135,8,0,8,143
06/16/2007,RST,MN,AGL,CE,Combined TRACON& Tower with Radar,4,25,11,0,40,0,0,21,0,21,4,25,32,0,61,26,0,26,87
06/17/2007,RST,MN,AGL,CE,Combined TRACON& Tower with Radar,3,26,26,0,55,0,0,49,0,49,3,26,75,0,104,32,0,32,136
06/18/2007,RST,MN,AGL,CE,Combined TRACON& Tower with Radar,6,39,18,0,63,0,2,17,0,19,6,41,35,0,82,28,0,28,110
06/19/2007,RST,MN,AGL,CE,Combined TRACON& Tower with Radar,7,44,45,9,105,0,0,42,3,45,7,44,87,12,150,70,36,106,256
06/20/2007,RST,MN,AGL,CE,Combined TRACON& Tower with Radar,10,48,37,0,95,0,0,37,0,37,10,48,74,0,132,28,0,28,160
06/21/2007,RST,MN,AGL,CE,Combined TRACON& Tower with Radar,12,25,39,0,76,0,14,14,0,28,12,39,53,0,104,8,0,8,112
06/22/2007,RST,MN,AGL,CE,Combined TRACON& Tower with Radar,13,47,37,0,97,0,0,2,0,2,13,47,39,0,99,2,0,2,101
06/23/2007,RST,MN,AGL,CE,Combined TRACON& Tower with Radar,6,28,15,0,49,0,0,44,0,44,6,28,59,0,93,80,0,80,173
06/24/2007,RST,MN,AGL,CE,Combined TRACON& Tower with Radar,3,41,49,0,93,0,0,67,0,67,3,41,116,0,160,52,0,52,212
06/25/2007,RST,MN,AGL,CE,Combined TRACON& Tower with Radar,8,45,35,0,88,0,0,28,0,28,8,45,63,0,116,42,0,42,158
06/26/2007,RST,MN,AGL,CE,Combined TRACON& Tower with Radar,10,28,43,3,84,0,15,21,0,36,10,43,64,3,120,12,10,22,142
06/27/2007,RST,MN,AGL,CE,Combined TRACON& Tower with Radar,10,56,39,12,117,0,0,44,0,44,10,56,83,12,161,62,28,90,251
06/28/2007,RST,MN,AGL,CE,Combined TRACON& Tower with Radar,12,42,45,14,113,0,0,55,0,55,12,42,100,14,168,110,54,164,332
06/29/2007,RST,MN,AGL,CE,Combined TRACON& Tower with Radar,9,39,37,0,85,0,0,63,0,63,9,39,100,0,148,66,0,66,214
06/30/2007,RST,MN,AGL,CE,Combined TRACON& Tower with Radar,6,26,17,0,49,0,0,68,0,68,6,26,85,0,117,62,0,62,179
07/01/2007,RST,MN,AGL,CE,Combined TRACON& Tower with Radar,3,28,10,0,41,0,0,39,0,39,3,28,49,0,80,44,0,44,124
07/02/2007,RST,MN,AGL,CE,Combined TRACON& Tower with Radar,6,39,21,0,66,0,0,20,0,20,6,39,41,0,86,4,0,4,90
07/03/2007,RST,MN,AGL,CE,Combined TRACON& Tower with Radar,6,48,20,0,74,0,0,22,0,22,6,48,42,0,96,52,0,52,148
07/04/2007,RST,MN,AGL,CE,Combined TRACON& Tower with Radar,0,27,20,0,47,0,0,26,0,26,0,27,46,0,73,18,0,18,91
07/05/2007,RST,MN,AGL,CE,Combined TRACON& Tower with Radar,8,35,22,0,65,0,3,53,0,56,8,38,75,0,121,80,0,80,201
07/06/2007,RST,MN,AGL,CE,Combined TRACON& Tower with Radar,6,42,37,0,85,0,0,56,0,56,6,42,93,0,141,56,0,56,197
07/07/2007,RST,MN,AGL,CE,Combined TRACON& Tower with Radar,6,29,13,0,48,0,0,45,0,45,6,29,58,0,93,54,0,54,147
07/08/2007,RST,MN,AGL,CE,Combined TRACON& Tower with Radar,23,31,29,0,83,0,0,43,0,43,23,31,72,0,126,4,0,4,130
07/09/2007,RST,MN,AGL,CE,Combined TRACON& Tower with Radar,7,34,41,0,82,0,0,24,0,24,7,34,65,0,106,48,0,48,154
07/10/2007,RST,MN,AGL,CE,Combined TRACON& Tower with Radar,9,39,24,1,73,0,0,23,1,24,9,39,47,2,97,4,0,4,101
07/11/2007,RST,MN,AGL,CE,Combined TRACON& Tower with Radar,12,47,22,11,92,0,2,59,3,64,12,49,81,14,156,56,46,102,258
07/12/2007,RST,MN,AGL,CE,Combined TRACON& Tower with Radar,14,44,28,2,88,0,0,43,0,43,14,44,71,2,131,44,2,46,177
07/13/2007,RST,MN,AGL,CE,Combined TRACON& Tower with Radar,11,33,34,0,78,0,0,59,0,59,11,33,93,0,137,58,0,58,195
07/14/2007,RST,MN,AGL,CE,Combined TRACON& Tower with Radar,5,27,15,0,47,0,0,35,2,37,5,27,50,2,84,44,0,44,128
07/15/2007,RST,MN,AGL,CE,Combined TRACON& Tower with Radar,3,41,33,0,77,0,0,93,2,95,3,41,126,2,172,100,0,100,272
07/16/2007,RST,MN,AGL,CE,Combined TRACON& Tower with Radar,7,34,47,9,97,0,0,20,3,23,7,34,67,12,120,18,12,30,150
07/17/2007,RST,MN,AGL,CE,Combined TRACON& Tower with Radar,11,51,36,0,98,0,0,38,0,38,11,51,74,0,136,40,0,40,176
07/18/2007,RST,MN,AGL,CE,Combined TRACON& Tower with Radar,19,36,27,10,92,0,0,30,2,32,19,36,57,12,124,16,16,32,156
07/19/2007,RST,MN,AGL,CE,Combined TRACON& Tower with Radar,11,32,27,12,82,0,0,35,3,38,11,32,62,15,120,30,40,70,190
07/20/2007,RST,MN,AGL,CE,Combined TRACON& Tower with Radar,10,29,36,0,75,0,0,48,0,48,10,29,84,0,123,44,0,44,167
07/21/2007,RST,MN,AGL,CE,Combined TRACON& Tower with Radar,6,24,18,0,48,0,0,65,0,65,6,24,83,0,113,100,0,100,213
07/22/2007,RST,MN,AGL,CE,Combined TRACON& Tower with Radar,2,33,27,0,62,0,0,47,0,47,2,33,74,0,109,16,0,16,125
07/23/2007,RST,MN,AGL,CE,Combined TRACON& Tower with Radar,6,39,25,8,78,0,0,31,4,35,6,39,56,12,113,2,32,34,147
07/24/2007,RST,MN,AGL,CE,Combined TRACON& Tower with Radar,10,37,38,10,95,0,0,47,2,49,10,37,85,12,144,34,54,88,232
07/25/2007,RST,MN,AGL,CE,Combined TRACON& Tower with Radar,10,40,53,15,118,0,0,58,9,67,10,40,111,24,185,58,42,100,285
07/26/2007,RST,MN,AGL,CE,Combined TRACON& Tower with Radar,18,30,51,3,102,0,2,18,3,23,18,32,69,6,125,36,12,48,173
07/27/2007,RST,MN,AGL,CE,Combined TRACON& Tower with Radar,10,45,56,0,111,0,0,18,0,18,10,45,74,0,129,2,0,2,131
07/28/2007,RST,MN,AGL,CE,Combined TRACON& Tower with Radar,6,30,22,0,58,0,0,38,0,38,6,30,60,0,96,32,0,32,128
07/29/2007,RST,MN,AGL,CE,Combined TRACON& Tower with Radar,3,28,14,0,45,0,0,45,0,45,3,28,59,0,90,0,0,0,90
07/30/2007,RST,MN,AGL,CE,Combined TRACON& Tower with Radar,9,37,43,0,89,0,0,44,0,44,9,37,87,0,133,74,0,74,207
07/31/2007,RST,MN,AGL,CE,Combined TRACON& Tower with Radar,10,52,35,4,101,0,0,52,4,56,10,52,87,8,157,12,16,28,185
08/01/2007,RST,MN,AGL,CE,Combined TRACON& Tower with Radar,10,47,43,5,105,0,0,29,1,30,10,47,72,6,135,10,2,12,147
08/02/2007,RST,MN,AGL,CE,Combined TRACON& Tower with Radar,12,38,38,10,98,0,0,43,0,43,12,38,81,10,141,74,74,148,289
08/03/2007,RST,MN,AGL,CE,Combined TRACON& Tower with Radar,9,38,12,2,61,0,0,53,2,55,9,38,65,4,116,86,2,88,204
08/04/2007,RST,MN,AGL,CE,Combined TRACON& Tower with Radar,6,28,16,0,50,0,1,9,0,10,6,29,25,0,60,80,0,80,140
08/05/2007,RST,MN,AGL,CE,Combined TRACON& Tower with Radar,4,31,32,6,73,0,0,13,0,13,4,31,45,6,86,0,0,0,86
08/06/2007,RST,MN,AGL,CE,Combined TRACON& Tower with Radar,5,40,24,0,69,0,0,12,0,12,5,40,36,0,81,0,0,0,81
08/07/2007,RST,MN,AGL,CE,Combined TRACON& Tower with Radar,9,48,39,15,111,0,4,22,9,35,9,52,61,24,146,73,34,107,253
08/08/2007,RST,MN,AGL,CE,Combined TRACON& Tower with Radar,10,38,23,0,71,0,0,27,0,27,10,38,50,0,98,6,0,6,104
08/09/2007,RST,MN,AGL,CE,Combined TRACON& Tower with Radar,12,36,37,4,89,0,0,26,2,28,12,36,63,6,117,8,4,12,129
08/10/2007,RST,MN,AGL,CE,Combined TRACON& Tower with Radar,10,50,29,13,102,0,0,65,3,68,10,50,94,16,170,48,14,62,232
08/11/2007,RST,MN,AGL,CE,Combined TRACON& Tower with Radar,5,37,15,0,57,0,0,14,0,14,5,37,29,0,71,0,0,0,71
08/12/2007,RST,MN,AGL,CE,Combined TRACON& Tower with Radar,3,35,24,0,62,0,0,70,0,70,3,35,94,0,132,100,0,100,232
08/13/2007,RST,MN,AGL,CE,Combined TRACON& Tower with Radar,6,35,21,0,62,0,0,23,0,23,6,35,44,0,85,4,0,4,89
08/14/2007,RST,MN,AGL,CE,Combined TRACON& Tower with Radar,12,37,33,15,97,0,0,13,2,15,12,37,46,17,112,12,8,20,132
08/15/2007,RST,MN,AGL,CE,Combined TRACON& Tower with Radar,10,38,36,8,92,0,3,16,2,21,10,41,52,10,113,4,24,28,141
08/16/2007,RST,MN,AGL,CE,Combined TRACON& Tower with Radar,12,46,59,1,118,0,0,34,1,35,12,46,93,2,153,48,0,48,201
08/17/2007,RST,MN,AGL,CE,Combined TRACON& Tower with Radar,9,50,42,0,101,0,0,20,0,20,9,50,62,0,121,28,0,28,149
08/18/2007,RST,MN,AGL,CE,Combined TRACON& Tower with Radar,6,22,10,0,38,0,198,12,0,210,6,220,22,0,248,0,0,0,248
08/19/2007,RST,MN,AGL,CE,Combined TRACON& Tower with Radar,3,27,8,0,38,0,0,0,0,0,3,27,8,0,38,0,0,0,38
08/20/2007,RST,MN,AGL,CE,Combined TRACON& Tower with Radar,4,22,20,4,50,0,0,0,0,0,4,22,20,4,50,0,0,0,50
08/21/2007,RST,MN,AGL,CE,Combined TRACON& Tower with Radar,19,53,37,2,111,0,0,3,0,3,19,53,40,2,114,0,0,0,114
08/22/2007,RST,MN,AGL,CE,Combined TRACON& Tower with Radar,13,44,39,12,108,0,0,8,0,8,13,44,47,12,116,22,12,34,150
08/23/2007,RST,MN,AGL,CE,Combined TRACON& Tower with Radar,12,38,36,2,88,0,0,6,4,10,12,38,42,6,98,20,0,20,118
08/24/2007,RST,MN,AGL,CE,Combined TRACON& Tower with Radar,9,41,36,0,86,0,0,46,0,46,9,41,82,0,132,96,0,96,228
08/25/2007,RST,MN,AGL,CE,Combined TRACON& Tower with Radar,5,33,7,0,45,0,2,66,0,68,5,35,73,0,113,70,0,70,183
08/26/2007,RST,MN,AGL,CE,Combined TRACON& Tower with Radar,6,33,19,0,58,0,0,78,0,78,6,33,97,0,136,132,0,132,268
08/27/2007,RST,MN,AGL,CE,Combined TRACON& Tower with Radar,7,49,27,0,83,0,0,8,0,8,7,49,35,0,91,20,0,20,111
08/28/2007,RST,MN,AGL,CE,Combined TRACON& Tower with Radar,10,54,24,10,98,0,0,16,4,20,10,54,40,14,118,28,10,38,156
08/29/2007,RST,MN,AGL,CE,Combined TRACON& Tower with Radar,8,55,50,10,123,0,0,46,12,58,8,55,96,22,181,44,14,58,239
08/30/2007,RST,MN,AGL,CE,Combined TRACON& Tower with Radar,12,47,35,2,96,0,0,63,0,63,12,47,98,2,159,102,0,102,261
08/31/2007,RST,MN,AGL,CE,Combined TRACON& Tower with Radar,13,50,31,0,94,0,2,67,0,69,13,52,98,0,163,76,0,76,239
09/01/2007,RST,MN,AGL,CE,Combined TRACON& Tower with Radar,6,30,14,0,50,0,0,49,0,49,6,30,63,0,99,34,0,34,133
09/02/2007,RST,MN,AGL,CE,Combined TRACON& Tower with Radar,4,25,6,0,35,0,0,62,0,62,4,25,68,0,97,38,0,38,135
09/03/2007,RST,MN,AGL,CE,Combined TRACON& Tower with Radar,5,28,22,0,55,0,0,43,0,43,5,28,65,0,98,64,0,64,162
09/04/2007,RST,MN,AGL,CE,Combined TRACON& Tower with Radar,7,35,29,0,71,0,0,16,0,16,7,35,45,0,87,0,0,0,87
09/05/2007,RST,MN,AGL,CE,Combined TRACON& Tower with Radar,11,45,52,13,121,0,0,31,0,31,11,45,83,13,152,24,58,82,234
09/06/2007,RST,MN,AGL,CE,Combined TRACON& Tower with Radar,11,44,57,6,118,0,0,21,0,21,11,44,78,6,139,26,10,36,175
09/07/2007,RST,MN,AGL,CE,Combined TRACON& Tower with Radar,10,42,40,4,96,0,1,18,0,19,10,43,58,4,115,14,0,14,129
09/08/2007,RST,MN,AGL,CE,Combined TRACON& Tower with Radar,5,30,37,0,72,1,0,43,0,44,6,30,80,0,116,2,0,2,118
09/09/2007,RST,MN,AGL,CE,Combined TRACON& Tower with Radar,6,45,24,0,75,0,0,35,0,35,6,45,59,0,110,54,10,64,174
09/10/2007,RST,MN,AGL,CE,Combined TRACON& Tower with Radar,7,45,35,8,95,0,0,19,2,21,7,45,54,10,116,0,2,2,118
09/11/2007,RST,MN,AGL,CE,Combined TRACON& Tower with Radar,10,57,17,6,90,0,0,48,0,48,10,57,65,6,138,24,4,28,166
09/12/2007,RST,MN,AGL,CE,Combined TRACON& Tower with Radar,13,48,40,20,121,0,0,58,4,62,13,48,98,24,183,70,44,114,297
09/13/2007,RST,MN,AGL,CE,Combined TRACON& Tower with Radar,16,41,54,2,113,0,0,23,4,27,16,41,77,6,140,2,10,12,152
09/14/2007,RST,MN,AGL,CE,Combined TRACON& Tower with Radar,10,42,28,0,80,0,0,13,0,13,10,42,41,0,93,18,0,18,111
09/15/2007,RST,MN,AGL,CE,Combined TRACON& Tower with Radar,4,31,16,0,51,0,3,55,0,58,4,34,71,0,109,92,0,92,201
09/16/2007,RST,MN,AGL,CE,Combined TRACON& Tower with Radar,7,37,25,0,69,0,0,43,0,43,7,37,68,0,112,56,0,56,168
09/17/2007,RST,MN,AGL,CE,Combined TRACON& Tower with Radar,7,30,31,14,82,0,0,5,4,9,7,30,36,18,91,2,66,68,159
09/18/2007,RST,MN,AGL,CE,Combined TRACON& Tower with Radar,11,43,31,10,95,0,0,0,0,0,11,43,31,10,95,0,28,28,123
09/19/2007,RST,MN,AGL,CE,Combined TRACON& Tower with Radar,8,49,54,6,117,0,0,55,0,55,8,49,109,6,172,72,0,72,244
09/20/2007,RST,MN,AGL,CE,Combined TRACON& Tower with Radar,27,52,45,18,142,0,0,38,14,52,27,52,83,32,194,70,24,94,288
09/21/2007,RST,MN,AGL,CE,Combined TRACON& Tower with Radar,14,48,27,0,89,2,2,8,0,12,16,50,35,0,101,14,0,14,115
09/22/2007,RST,MN,AGL,CE,Combined TRACON& Tower with Radar,5,30,27,0,62,0,0,84,0,84,5,30,111,0,146,40,0,40,186
09/23/2007,RST,MN,AGL,CE,Combined TRACON& Tower with Radar,5,35,24,0,64,1,0,46,0,47,6,35,70,0,111,20,0,20,131
09/24/2007,RST,MN,AGL,CE,Combined TRACON& Tower with Radar,9,39,23,4,75,0,0,13,2,15,9,39,36,6,90,0,0,0,90
09/25/2007,RST,MN,AGL,CE,Combined TRACON& Tower with Radar,10,43,38,18,109,0,0,9,4,13,10,43,47,22,122,10,22,32,154
09/26/2007,RST,MN,AGL,CE,Combined TRACON& Tower with Radar,20,60,47,18,145,0,0,60,0,60,20,60,107,18,205,26,102,128,333
09/27/2007,RST,MN,AGL,CE,Combined TRACON& Tower with Radar,14,43,35,6,98,0,0,32,5,37,14,43,67,11,135,34,42,76,211
09/28/2007,RST,MN,AGL,CE,Combined TRACON& Tower with Radar,12,49,28,3,92,0,0,57,0,57,12,49,85,3,149,80,6,86,235
09/29/2007,RST,MN,AGL,CE,Combined TRACON& Tower with Radar,5,34,8,0,47,0,0,9,0,9,5,34,17,0,56,10,0,10,66
09/30/2007,RST,MN,AGL,CE,Combined TRACON& Tower with Radar,5,23,23,0,51,0,0,4,0,4,5,23,27,0,55,6,0,6,61
10/01/2007,RST,MN,AGL,CE,Combined TRACON& Tower with Radar,6,36,36,0,78,0,0,2,0,2,6,36,38,0,80,0,0,0,80
10/02/2007,RST,MN,AGL,CE,Combined TRACON& Tower with Radar,12,27,29,6,74,0,0,3,2,5,12,27,32,8,79,22,6,28,107
10/03/2007,RST,MN,AGL,CE,Combined TRACON& Tower with Radar,9,37,43,2,91,0,0,51,0,51,9,37,94,2,142,29,0,29,171
10/04/2007,RST,MN,AGL,CE,Combined TRACON& Tower with Radar,12,43,55,4,114,0,0,44,0,44,12,43,99,4,158,74,26,100,258
10/05/2007,RST,MN,AGL,CE,Combined TRACON& Tower with Radar,11,41,33,0,85,0,0,19,0,19,11,41,52,0,104,10,0,10,114
10/06/2007,RST,MN,AGL,CE,Combined TRACON& Tower with Radar,5,30,18,0,53,0,0,40,0,40,5,30,58,0,93,67,0,67,160
10/07/2007,RST,MN,AGL,CE,Combined TRACON& Tower with Radar,3,34,31,0,68,0,0,19,0,19,3,34,50,0,87,0,0,0,87
10/08/2007,RST,MN,AGL,CE,Combined TRACON& Tower with Radar,5,39,30,0,74,0,1,5,0,6,5,40,35,0,80,14,0,14,94
10/09/2007,RST,MN,AGL,CE,Combined TRACON& Tower with Radar,9,43,39,2,93,0,4,15,0,19,9,47,54,2,112,24,0,24,136
10/10/2007,RST,MN,AGL,CE,Combined TRACON& Tower with Radar,11,45,32,0,88,0,2,14,4,20,11,47,46,4,108,26,0,26,134
10/11/2007,RST,MN,AGL,CE,Combined TRACON& Tower with Radar,12,44,50,0,106,0,0,29,0,29,12,44,79,0,135,68,0,68,203
10/12/2007,RST,MN,AGL,CE,Combined TRACON& Tower with Radar,10,41,28,0,79,0,0,40,0,40,10,41,68,0,119,80,0,80,199
10/13/2007,RST,MN,AGL,CE,Combined TRACON& Tower with Radar,5,30,16,3,54,0,0,46,0,46,5,30,62,3,100,50,0,50,150
10/14/2007,RST,MN,AGL,CE,Combined TRACON& Tower with Radar,4,38,39,0,81,0,0,1,0,1,4,38,40,0,82,0,0,0,82
10/15/2007,RST,MN,AGL,CE,Combined TRACON& Tower with Radar,7,35,27,0,69,0,0,0,0,0,7,35,27,0,69,4,0,4,73
10/16/2007,RST,MN,AGL,CE,Combined TRACON& Tower with Radar,12,36,49,4,101,0,0,5,0,5,12,36,54,4,106,22,0,22,128
10/17/2007,RST,MN,AGL,CE,Combined TRACON& Tower with Radar,14,45,29,0,88,0,5,12,0,17,14,50,41,0,105,42,0,42,147
10/18/2007,RST,MN,AGL,CE,Combined TRACON& Tower with Radar,13,52,39,0,104,0,0,4,0,4,13,52,43,0,108,10,0,10,118
10/19/2007,RST,MN,AGL,CE,Combined TRACON& Tower with Radar,8,38,20,0,66,0,0,8,0,8,8,38,28,0,74,2,0,2,76
10/20/2007,RST,MN,AGL,CE,Combined TRACON& Tower with Radar,5,33,15,0,53,0,0,58,0,58,5,33,73,0,111,106,0,106,217
10/21/2007,RST,MN,AGL,CE,Combined TRACON& Tower with Radar,4,37,31,0,72,0,0,28,0,28,4,37,59,0,100,90,0,90,190
10/22/2007,RST,MN,AGL,CE,Combined TRACON& Tower with Radar,7,36,25,2,70,0,0,29,1,30,7,36,54,3,100,38,12,50,150
10/23/2007,RST,MN,AGL,CE,Combined TRACON& Tower with Radar,10,45,45,18,118,0,0,29,0,29,10,45,74,18,147,30,72,102,249
10/24/2007,RST,MN,AGL,CE,Combined TRACON& Tower with Radar,9,43,46,8,106,0,0,42,0,42,9,43,88,8,148,96,54,150,298
10/25/2007,RST,MN,AGL,CE,Combined TRACON& Tower with Radar,12,47,36,12,107,0,0,39,3,42,12,47,75,15,149,56,64,120,269
10/26/2007,RST,MN,AGL,CE,Combined TRACON& Tower with Radar,10,39,42,0,91,0,0,21,0,21,10,39,63,0,112,0,26,26,138
10/27/2007,RST,MN,AGL,CE,Combined TRACON& Tower with Radar,5,38,25,0,68,0,0,48,0,48,5,38,73,0,116,126,0,126,242
10/28/2007,RST,MN,AGL,CE,Combined TRACON& Tower with Radar,4,28,29,0,61,0,0,55,0,55,4,28,84,0,116,34,0,34,150
10/29/2007,RST,MN,AGL,CE,Combined TRACON& Tower with Radar,9,43,32,0,84,0,0,53,0,53,9,43,85,0,137,76,0,76,213
10/30/2007,RST,MN,AGL,CE,Combined TRACON& Tower with Radar,10,41,25,15,91,0,3,22,0,25,10,44,47,15,116,24,25,49,165
10/31/2007,RST,MN,AGL,CE,Combined TRACON& Tower with Radar,10,47,41,10,108,0,0,17,10,27,10,47,58,20,135,0,38,38,173
11/01/2007,RST,MN,AGL,CE,Combined TRACON& Tower with Radar,12,42,33,0,87,0,0,64,0,64,12,42,97,0,151,98,0,98,249
11/02/2007,RST,MN,AGL,CE,Combined TRACON& Tower with Radar,12,46,32,0,90,0,0,17,0,17,12,46,49,0,107,16,0,16,123
11/03/2007,RST,MN,AGL,CE,Combined TRACON& Tower with Radar,5,32,15,0,52,0,0,62,0,62,5,32,77,0,114,82,0,82,196
11/04/2007,RST,MN,AGL,CE,Combined TRACON& Tower with Radar,5,32,31,0,68,0,0,44,0,44,5,32,75,0,112,110,0,110,222
11/05/2007,RST,MN,AGL,CE,Combined TRACON& Tower with Radar,9,38,23,0,70,2,0,0,0,2,11,38,23,0,72,0,0,0,72
11/06/2007,RST,MN,AGL,CE,Combined TRACON& Tower with Radar,12,36,39,0,87,0,0,28,0,28,12,36,67,0,115,70,0,70,185
11/07/2007,RST,MN,AGL,CE,Combined TRACON& Tower with Radar,17,44,44,4,109,0,0,31,1,32,17,44,75,5,141,24,46,70,211
11/08/2007,RST,MN,AGL,CE,Combined TRACON& Tower with Radar,14,40,37,0,91,0,0,38,0,38,14,40,75,0,129,50,0,50,179
11/09/2007,RST,MN,AGL,CE,Combined TRACON& Tower with Radar,12,42,33,0,87,0,0,25,0,25,12,42,58,0,112,38,0,38,150
11/10/2007,RST,MN,AGL,CE,Combined TRACON& Tower with Radar,8,28,9,0,45,2,0,21,0,23,10,28,30,0,68,22,0,22,90
11/11/2007,RST,MN,AGL,CE,Combined TRACON& Tower with Radar,7,30,27,0,64,0,0,32,0,32,7,30,59,0,96,72,0,72,168
11/12/2007,RST,MN,AGL,CE,Combined TRACON& Tower with Radar,9,37,47,0,93,0,0,44,0,44,9,37,91,0,137,12,0,12,149
11/13/2007,RST,MN,AGL,CE,Combined TRACON& Tower with Radar,12,46,23,0,81,0,2,3,0,5,12,48,26,0,86,20,0,20,106
11/14/2007,RST,MN,AGL,CE,Combined TRACON& Tower with Radar,12,45,37,14,108,0,0,6,3,9,12,45,43,17,117,0,16,16,133
11/15/2007,RST,MN,AGL,CE,Combined TRACON& Tower with Radar,14,58,30,13,115,0,0,27,7,34,14,58,57,20,149,10,46,56,205
11/16/2007,RST,MN,AGL,CE,Combined TRACON& Tower with Radar,10,48,42,0,100,0,0,30,0,30,10,48,72,0,130,38,0,38,168
11/17/2007,RST,MN,AGL,CE,Combined TRACON& Tower with Radar,7,32,25,0,64,0,0,7,0,7,7,32,32,0,71,2,0,2,73
11/18/2007,RST,MN,AGL,CE,Combined TRACON& Tower with Radar,5,37,31,0,73,0,0,8,0,8,5,37,39,0,81,4,0,4,85
11/19/2007,RST,MN,AGL,CE,Combined TRACON& Tower with Radar,7,37,29,9,82,0,0,0,0,0,7,37,29,9,82,0,0,0,82
11/20/2007,RST,MN,AGL,CE,Combined TRACON& Tower with Radar,15,42,27,10,94,0,0,10,0,10,15,42,37,10,104,0,20,20,124
11/21/2007,RST,MN,AGL,CE,Combined TRACON& Tower with Radar,11,49,37,6,103,1,0,18,2,21,12,49,55,8,124,8,0,8,132
11/22/2007,RST,MN,AGL,CE,Combined TRACON& Tower with Radar,7,18,3,0,28,0,0,3,0,3,7,18,6,0,31,0,0,0,31
11/23/2007,RST,MN,AGL,CE,Combined TRACON& Tower with Radar,9,24,9,0,42,0,0,21,0,21,9,24,30,0,63,46,0,46,109
11/24/2007,RST,MN,AGL,CE,Combined TRACON& Tower with Radar,7,28,13,0,48,0,1,27,0,28,7,29,40,0,76,8,0,8,84
11/25/2007,RST,MN,AGL,CE,Combined TRACON& Tower with Radar,5,37,29,0,71,0,1,29,0,30,5,38,58,0,101,50,0,50,151
11/26/2007,RST,MN,AGL,CE,Combined TRACON& Tower with Radar,9,39,35,0,83,0,0,38,0,38,9,39,73,0,121,48,0,48,169
11/27/2007,RST,MN,AGL,CE,Combined TRACON& Tower with Radar,12,51,41,0,104,0,5,34,0,39,12,56,75,0,143,44,10,54,197
11/28/2007,RST,MN,AGL,CE,Combined TRACON& Tower with Radar,12,37,25,6,80,0,0,8,2,10,12,37,33,8,90,2,10,12,102
11/29/2007,RST,MN,AGL,CE,Combined TRACON& Tower with Radar,14,44,28,2,88,0,0,18,0,18,14,44,46,2,106,14,0,14,120
11/30/2007,RST,MN,AGL,CE,Combined TRACON& Tower with Radar,13,43,35,0,91,0,0,19,0,19,13,43,54,0,110,0,0,0,110
12/01/2007,RST,MN,AGL,CE,Combined TRACON& Tower with Radar,5,12,5,0,22,0,1,1,0,2,5,13,6,0,24,0,0,0,24
12/02/2007,RST,MN,AGL,CE,Combined TRACON& Tower with Radar,4,29,9,0,42,2,0,1,0,3,6,29,10,0,45,6,0,6,51
12/03/2007,RST,MN,AGL,CE,Combined TRACON& Tower with Radar,10,40,34,0,84,0,1,10,0,11,10,41,44,0,95,20,0,20,115
12/04/2007,RST,MN,AGL,CE,Combined TRACON& Tower with Radar,12,26,23,14,75,0,0,0,0,0,12,26,23,14,75,2,16,18,93
12/05/2007,RST,MN,AGL,CE,Combined TRACON& Tower with Radar,14,40,34,5,93,0,0,6,0,6,14,40,40,5,99,24,46,70,169
12/06/2007,RST,MN,AGL,CE,Combined TRACON& Tower with Radar,14,40,25,0,79,0,0,0,0,0,14,40,25,0,79,0,0,0,79
12/07/2007,RST,MN,AGL,CE,Combined TRACON& Tower with Radar,10,55,23,6,94,0,3,21,0,24,10,58,44,6,118,56,0,56,174
12/08/2007,RST,MN,AGL,CE,Combined TRACON& Tower with Radar,4,30,17,0,51,0,0,20,0,20,4,30,37,0,71,22,0,22,93
12/09/2007,RST,MN,AGL,CE,Combined TRACON& Tower with Radar,3,32,13,0,48,0,0,6,0,6,3,32,19,0,54,28,0,28,82
12/10/2007,RST,MN,AGL,CE,Combined TRACON& Tower with Radar,7,38,31,0,76,0,9,0,0,9,7,47,31,0,85,0,0,0,85
12/11/2007,RST,MN,AGL,CE,Combined TRACON& Tower with Radar,12,38,21,0,71,0,0,19,0,19,12,38,40,0,90,56,0,56,146
12/12/2007,RST,MN,AGL,CE,Combined TRACON& Tower with Radar,12,50,32,0,94,0,0,31,0,31,12,50,63,0,125,30,0,30,155
12/13/2007,RST,MN,AGL,CE,Combined TRACON& Tower with Radar,14,45,36,8,103,0,0,8,0,8,14,45,44,8,111,0,32,32,143
12/14/2007,RST,MN,AGL,CE,Combined TRACON& Tower with Radar,10,52,40,0,102,0,0,44,0,44,10,52,84,0,146,64,0,64,210
12/15/2007,RST,MN,AGL,CE,Combined TRACON& Tower with Radar,6,25,39,0,70,0,2,16,0,18,6,27,55,0,88,28,0,28,116
12/16/2007,RST,MN,AGL,CE,Combined TRACON& Tower with Radar,3,27,13,0,43,0,0,0,0,0,3,27,13,0,43,0,0,0,43
12/17/2007,RST,MN,AGL,CE,Combined TRACON& Tower with Radar,7,32,43,3,85,0,0,22,0,22,7,32,65,3,107,66,34,100,207
12/18/2007,RST,MN,AGL,CE,Combined TRACON& Tower with Radar,11,43,33,5,92,0,0,13,0,13,11,43,46,5,105,35,49,84,189
12/19/2007,RST,MN,AGL,CE,Combined TRACON& Tower with Radar,6,33,11,10,60,0,0,0,0,0,6,33,11,10,60,0,0,0,60
12/20/2007,RST,MN,AGL,CE,Combined TRACON& Tower with Radar,12,21,14,0,47,0,0,0,0,0,12,21,14,0,47,0,0,0,47
12/21/2007,RST,MN,AGL,CE,Combined TRACON& Tower with Radar,3,4,9,0,16,0,0,0,0,0,3,4,9,0,16,0,0,0,16
12/22/2007,RST,MN,AGL,CE,Combined TRACON& Tower with Radar,7,27,6,0,40,0,0,0,0,0,7,27,6,0,40,0,0,0,40
12/23/2007,RST,MN,AGL,CE,Combined TRACON& Tower with Radar,0,5,5,0,10,0,0,0,0,0,0,5,5,0,10,0,0,0,10
12/24/2007,RST,MN,AGL,CE,Combined TRACON& Tower with Radar,4,28,16,0,48,0,0,16,0,16,4,28,32,0,64,38,0,38,102
12/25/2007,RST,MN,AGL,CE,Combined TRACON& Tower with Radar,0,22,3,0,25,0,1,4,0,5,0,23,7,0,30,6,0,6,36
12/26/2007,RST,MN,AGL,CE,Combined TRACON& Tower with Radar,6,36,8,0,50,0,0,0,0,0,6,36,8,0,50,16,0,16,66
12/27/2007,RST,MN,AGL,CE,Combined TRACON& Tower with Radar,11,46,28,0,85,0,0,3,0,3,11,46,31,0,88,0,0,0,88
12/28/2007,RST,MN,AGL,CE,Combined TRACON& Tower with Radar,10,37,9,0,56,0,0,1,0,1,10,37,10,0,57,0,0,0,57
12/29/2007,RST,MN,AGL,CE,Combined TRACON& Tower with Radar,7,31,6,0,44,0,0,2,0,2,7,31,8,0,46,18,0,18,64
12/30/2007,RST,MN,AGL,CE,Combined TRACON& Tower with Radar,4,19,7,0,30,0,1,0,0,1,4,20,7,0,31,0,0,0,31
12/31/2007,RST,MN,AGL,CE,Combined TRACON& Tower with Radar,7,26,6,0,39,0,0,3,0,3,7,26,9,0,42,0,0,0,42
01/01/2008,RST,MN,AGL,CE,Combined TRACON& Tower with Radar,4,29,8,0,41,0,0,4,0,4,4,29,12,0,45,10,0,10,55
01/02/2008,RST,MN,AGL,CE,Combined TRACON& Tower with Radar,11,35,36,10,92,0,0,37,6,43,11,35,73,16,135,50,100,150,285
01/03/2008,RST,MN,AGL,CE,Combined TRACON& Tower with Radar,14,41,15,12,82,0,0,3,2,5,14,41,18,14,87,0,24,24,111
01/04/2008,RST,MN,AGL,CE,Combined TRACON& Tower with Radar,9,41,16,3,69,0,0,48,0,48,9,41,64,3,117,48,0,48,165
01/05/2008,RST,MN,AGL,CE,Combined TRACON& Tower with Radar,8,29,10,0,47,0,0,0,0,0,8,29,10,0,47,0,0,0,47
01/06/2008,RST,MN,AGL,CE,Combined TRACON& Tower with Radar,5,16,27,0,48,0,0,0,0,0,5,16,27,0,48,0,0,0,48
01/07/2008,RST,MN,AGL,CE,Combined TRACON& Tower with Radar,4,21,20,0,45,0,0,0,0,0,4,21,20,0,45,0,0,0,45
01/08/2008,RST,MN,AGL,CE,Combined TRACON& Tower with Radar,6,35,17,0,58,0,0,0,0,0,6,35,17,0,58,0,0,0,58
01/09/2008,RST,MN,AGL,CE,Combined TRACON& Tower with Radar,12,51,31,4,98,0,2,29,0,31,12,53,60,4,129,34,0,34,163
01/10/2008,RST,MN,AGL,CE,Combined TRACON& Tower with Radar,13,41,25,0,79,0,0,1,0,1,13,41,26,0,80,0,0,0,80
01/11/2008,RST,MN,AGL,CE,Combined TRACON& Tower with Radar,9,41,35,0,85,0,0,0,0,0,9,41,35,0,85,0,0,0,85
01/12/2008,RST,MN,AGL,CE,Combined TRACON& Tower with Radar,7,32,16,0,55,0,0,0,0,0,7,32,16,0,55,0,0,0,55
01/13/2008,RST,MN,AGL,CE,Combined TRACON& Tower with Radar,5,31,27,0,63,0,0,28,0,28,5,31,55,0,91,94,0,94,185
01/14/2008,RST,MN,AGL,CE,Combined TRACON& Tower with Radar,7,37,17,0,61,0,0,5,0,5,7,37,22,0,66,6,0,6,72
01/15/2008,RST,MN,AGL,CE,Combined TRACON& Tower with Radar,10,51,43,21,125,0,0,31,7,38,10,51,74,28,163,34,84,118,281
01/16/2008,RST,MN,AGL,CE,Combined TRACON& Tower with Radar,13,47,32,0,92,0,0,8,0,8,13,47,40,0,100,58,0,58,158
01/17/2008,RST,MN,AGL,CE,Combined TRACON& Tower with Radar,12,38,25,4,79,0,0,1,0,1,12,38,26,4,80,6,4,10,90
01/18/2008,RST,MN,AGL,CE,Combined TRACON& Tower with Radar,10,48,24,0,82,0,0,18,0,18,10,48,42,0,100,6,0,6,106
01/19/2008,RST,MN,AGL,CE,Combined TRACON& Tower with Radar,6,41,20,0,67,0,2,22,0,24,6,43,42,0,91,110,0,110,201
01/20/2008,RST,MN,AGL,CE,Combined TRACON& Tower with Radar,5,33,11,0,49,0,0,21,0,21,5,33,32,0,70,72,0,72,142
01/21/2008,RST,MN,AGL,CE,Combined TRACON& Tower with Radar,7,27,17,0,51,0,0,1,0,1,7,27,18,0,52,0,0,0,52
01/22/2008,RST,MN,AGL,CE,Combined TRACON& Tower with Radar,10,35,33,0,78,0,2,6,0,8,10,37,39,0,86,0,0,0,86
01/23/2008,RST,MN,AGL,CE,Combined TRACON& Tower with Radar,10,41,31,0,82,0,1,23,0,24,10,42,54,0,106,14,0,14,120
01/24/2008,RST,MN,AGL,CE,Combined TRACON& Tower with Radar,12,42,37,0,91,0,5,13,0,18,12,47,50,0,109,38,14,52,161
01/25/2008,RST,MN,AGL,CE,Combined TRACON& Tower with Radar,10,40,19,0,69,0,0,1,0,1,10,40,20,0,70,0,0,0,70
01/26/2008,RST,MN,AGL,CE,Combined TRACON& Tower with Radar,6,36,5,0,47,0,0,19,0,19,6,36,24,0,66,118,0,118,184
01/27/2008,RST,MN,AGL,CE,Combined TRACON& Tower with Radar,5,36,39,0,80,0,0,86,0,86,5,36,125,0,166,123,0,123,289
01/28/2008,RST,MN,AGL,CE,Combined TRACON& Tower with Radar,7,31,35,0,73,0,0,3,0,3,7,31,38,0,76,0,0,0,76
01/29/2008,RST,MN,AGL,CE,Combined TRACON& Tower with Radar,5,8,9,0,22,1,1,0,0,2,6,9,9,0,24,0,0,0,24
01/30/2008,RST,MN,AGL,CE,Combined TRACON& Tower with Radar,10,58,25,0,93,0,0,13,0,13,10,58,38,0,106,6,0,6,112
01/31/2008,RST,MN,AGL,CE,Combined TRACON& Tower with Radar,13,33,23,0,69,0,0,17,0,17,13,33,40,0,86,12,0,12,98
02/01/2008,RST,MN,AGL,CE,Combined TRACON& Tower with Radar,10,40,40,0,90,0,0,37,0,37,10,40,77,0,127,98,0,98,225
02/02/2008,RST,MN,AGL,CE,Combined TRACON& Tower with Radar,6,34,16,0,56,0,0,13,0,13,6,34,29,0,69,16,0,16,85
02/03/2008,RST,MN,AGL,CE,Combined TRACON& Tower with Radar,5,16,14,0,35,0,0,0,0,0,5,16,14,0,35,0,0,0,35
02/04/2008,RST,MN,AGL,CE,Combined TRACON& Tower with Radar,7,19,7,0,33,0,0,0,0,0,7,19,7,0,33,0,0,0,33
02/05/2008,RST,MN,AGL,CE,Combined TRACON& Tower with Radar,12,38,32,2,84,0,2,6,0,8,12,40,38,2,92,0,0,0,92
02/06/2008,RST,MN,AGL,CE,Combined TRACON& Tower with Radar,14,30,33,4,81,0,0,14,0,14,14,30,47,4,95,26,0,26,121
02/07/2008,RST,MN,AGL,CE,Combined TRACON& Tower with Radar,12,36,29,0,77,0,0,5,0,5,12,36,34,0,82,0,0,0,82
02/08/2008,RST,MN,AGL,CE,Combined TRACON& Tower with Radar,12,40,22,0,74,0,0,1,0,1,12,40,23,0,75,0,0,0,75
02/09/2008,RST,MN,AGL,CE,Combined TRACON& Tower with Radar,4,36,11,0,51,0,5,0,0,5,4,41,11,0,56,0,0,0,56
02/10/2008,RST,MN,AGL,CE,Combined TRACON& Tower with Radar,5,32,18,0,55,0,0,8,0,8,5,32,26,0,63,6,0,6,69
02/11/2008,RST,MN,AGL,CE,Combined TRACON& Tower with Radar,7,36,17,0,60,0,0,9,0,9,7,36,26,0,69,0,0,0,69
02/12/2008,RST,MN,AGL,CE,Combined TRACON& Tower with Radar,15,29,30,0,74,0,4,15,0,19,15,33,45,0,93,8,0,8,101
02/13/2008,RST,MN,AGL,CE,Combined TRACON& Tower with Radar,10,42,32,2,86,0,5,12,0,17,10,47,44,2,103,26,6,32,135
02/14/2008,RST,MN,AGL,CE,Combined TRACON& Tower with Radar,10,48,15,0,73,0,0,20,0,20,10,48,35,0,93,0,0,0,93
02/15/2008,RST,MN,AGL,CE,Combined TRACON& Tower with Radar,8,47,29,0,84,0,0,49,0,49,8,47,78,0,133,50,0,50,183
02/16/2008,RST,MN,AGL,CE,Combined TRACON& Tower with Radar,4,35,22,0,61,0,0,42,0,42,4,35,64,0,103,34,0,34,137
02/17/2008,RST,MN,AGL,CE,Combined TRACON& Tower with Radar,3,20,5,0,28,0,0,2,0,2,3,20,7,0,30,0,0,0,30
02/18/2008,RST,MN,AGL,CE,Combined TRACON& Tower with Radar,5,41,25,0,71,0,0,0,0,0,5,41,25,0,71,0,0,0,71
02/19/2008,RST,MN,AGL,CE,Combined TRACON& Tower with Radar,8,45,22,0,75,1,2,27,0,30,9,47,49,0,105,19,0,19,124
02/20/2008,RST,MN,AGL,CE,Combined TRACON& Tower with Radar,8,49,27,0,84,0,0,14,0,14,8,49,41,0,98,2,0,2,100
02/21/2008,RST,MN,AGL,CE,Combined TRACON& Tower with Radar,10,52,24,0,86,0,0,16,0,16,10,52,40,0,102,16,0,16,118
02/22/2008,RST,MN,AGL,CE,Combined TRACON& Tower with Radar,9,45,28,0,82,0,0,36,0,36,9,45,64,0,118,12,0,12,130
02/23/2008,RST,MN,AGL,CE,Combined TRACON& Tower with Radar,4,46,38,0,88,0,0,46,0,46,4,46,84,0,134,104,0,104,238
02/24/2008,RST,MN,AGL,CE,Combined TRACON& Tower with Radar,2,36,48,0,86,0,0,20,0,20,2,36,68,0,106,64,0,64,170
02/25/2008,RST,MN,AGL,CE,Combined TRACON& Tower with Radar,6,28,11,0,45,0,0,0,0,0,6,28,11,0,45,14,0,14,59
02/26/2008,RST,MN,AGL,CE,Combined TRACON& Tower with Radar,8,35,45,0,88,0,0,20,0,20,8,35,65,0,108,16,0,16,124
02/27/2008,RST,MN,AGL,CE,Combined TRACON& Tower with Radar,10,35,34,0,79,1,4,33,0,38,11,39,67,0,117,55,0,55,172
02/28/2008,RST,MN,AGL,CE,Combined TRACON& Tower with Radar,13,37,16,0,66,0,0,12,0,12,13,37,28,0,78,34,0,34,112
02/29/2008,RST,MN,AGL,CE,Combined TRACON& Tower with Radar,8,45,24,0,77,0,0,10,0,10,8,45,34,0,87,0,0,0,87
03/01/2008,RST,MN,AGL,CE,Combined TRACON& Tower with Radar,4,42,24,0,70,0,2,61,0,63,4,44,85,0,133,24,0,24,157
03/02/2008,RST,MN,AGL,CE,Combined TRACON& Tower with Radar,3,29,25,0,57,0,0,5,0,5,3,29,30,0,62,6,0,6,68
03/03/2008,RST,MN,AGL,CE,Combined TRACON& Tower with Radar,9,35,17,0,61,0,0,19,0,19,9,35,36,0,80,14,0,14,94
03/04/2008,RST,MN,AGL,CE,Combined TRACON& Tower with Radar,7,40,12,0,59,0,0,26,0,26,7,40,38,0,85,26,0,26,111
03/05/2008,RST,MN,AGL,CE,Combined TRACON& Tower with Radar,7,48,7,0,62,0,0,5,0,5,7,48,12,0,67,22,0,22,89
03/06/2008,RST,MN,AGL,CE,Combined TRACON& Tower with Radar,18,41,35,0,94,0,0,18,0,18,18,41,53,0,112,22,0,22,134
03/07/2008,RST,MN,AGL,CE,Combined TRACON& Tower with Radar,8,50,32,0,90,0,0,35,0,35,8,50,67,0,125,48,0,48,173
03/08/2008,RST,MN,AGL,CE,Combined TRACON& Tower with Radar,6,29,29,0,64,0,0,51,0,51,6,29,80,0,115,50,0,50,165
03/09/2008,RST,MN,AGL,CE,Combined TRACON& Tower with Radar,3,30,11,0,44,0,0,16,0,16,3,30,27,0,60,78,0,78,138
03/10/2008,RST,MN,AGL,CE,Combined TRACON& Tower with Radar,5,37,32,0,74,0,0,50,0,50,5,37,82,0,124,66,0,66,190
03/11/2008,RST,MN,AGL,CE,Combined TRACON& Tower with Radar,10,36,32,4,82,0,0,34,0,34,10,36,66,4,116,66,0,66,182
03/12/2008,RST,MN,AGL,CE,Combined TRACON& Tower with Radar,8,40,37,0,85,0,0,11,0,11,8,40,48,0,96,42,0,42,138
03/13/2008,RST,MN,AGL,CE,Combined TRACON& Tower with Radar,9,43,26,0,78,0,0,35,0,35,9,43,61,0,113,36,0,36,149
03/14/2008,RST,MN,AGL,CE,Combined TRACON& Tower with Radar,9,40,35,2,86,0,0,21,0,21,9,40,56,2,107,86,0,86,193
03/15/2008,RST,MN,AGL,CE,Combined TRACON& Tower with Radar,3,35,29,0,67,0,0,69,0,69,3,35,98,0,136,118,0,118,254
03/16/2008,RST,MN,AGL,CE,Combined TRACON& Tower with Radar,3,39,28,0,70,0,0,58,0,58,3,39,86,0,128,78,0,78,206
03/17/2008,RST,MN,AGL,CE,Combined TRACON& Tower with Radar,5,39,11,0,55,0,0,0,0,0,5,39,11,0,55,0,0,0,55
03/18/2008,RST,MN,AGL,CE,Combined TRACON& Tower with Radar,6,41,37,0,84,2,1,0,0,3,8,42,37,0,87,0,0,0,87
03/19/2008,RST,MN,AGL,CE,Combined TRACON& Tower with Radar,8,43,55,0,106,0,0,45,0,45,8,43,100,0,151,66,0,66,217
03/20/2008,RST,MN,AGL,CE,Combined TRACON& Tower with Radar,10,41,19,0,70,0,0,33,0,33,10,41,52,0,103,88,0,88,191
03/21/2008,RST,MN,AGL,CE,Combined TRACON& Tower with Radar,9,28,5,0,42,0,0,0,0,0,9,28,5,0,42,0,0,0,42
03/22/2008,RST,MN,AGL,CE,Combined TRACON& Tower with Radar,5,32,6,0,43,0,0,1,0,1,5,32,7,0,44,0,0,0,44
03/23/2008,RST,MN,AGL,CE,Combined TRACON& Tower with Radar,3,37,8,0,48,0,0,14,0,14,3,37,22,0,62,6,0,6,68
03/24/2008,RST,MN,AGL,CE,Combined TRACON& Tower with Radar,5,35,25,0,65,1,0,8,0,9,6,35,33,0,74,14,0,14,88
03/25/2008,RST,MN,AGL,CE,Combined TRACON& Tower with Radar,8,46,25,0,79,0,0,26,0,26,8,46,51,0,105,8,0,8,113
03/26/2008,RST,MN,AGL,CE,Combined TRACON& Tower with Radar,8,34,36,0,78,0,20,28,0,48,8,54,64,0,126,64,0,64,190
03/27/2008,RST,MN,AGL,CE,Combined TRACON& Tower with Radar,9,35,6,0,50,0,0,8,0,8,9,35,14,0,58,10,0,10,68
03/28/2008,RST,MN,AGL,CE,Combined TRACON& Tower with Radar,8,40,29,2,79,0,0,37,0,37,8,40,66,2,116,88,2,90,206
03/29/2008,RST,MN,AGL,CE,Combined TRACON& Tower with Radar,4,36,20,0,60,0,0,31,0,31,4,36,51,0,91,60,0,60,151
03/30/2008,RST,MN,AGL,CE,Combined TRACON& Tower with Radar,3,32,23,0,58,0,0,6,0,6,3,32,29,0,64,4,0,4,68
03/31/2008,RST,MN,AGL,CE,Combined TRACON& Tower with Radar,4,22,5,0,31,0,0,0,0,0,4,22,5,0,31,0,0,0,31
04/01/2008,RST,MN,AGL,CE,Combined TRACON& Tower with Radar,8,34,15,0,57,0,0,28,0,28,8,34,43,0,85,18,0,18,103
04/02/2008,RST,MN,AGL,CE,Combined TRACON& Tower with Radar,8,43,36,0,87,0,0,22,2,24,8,43,58,2,111,100,0,100,211
04/03/2008,RST,MN,AGL,CE,Combined TRACON& Tower with Radar,10,43,27,5,85,0,7,42,1,50,10,50,69,6,135,104,24,128,263
04/04/2008,RST,MN,AGL,CE,Combined TRACON& Tower with Radar,8,40,26,0,74,0,1,30,0,31,8,41,56,0,105,54,0,54,159
04/05/2008,RST,MN,AGL,CE,Combined TRACON& Tower with Radar,4,34,26,0,64,0,0,60,0,60,4,34,86,0,124,84,0,84,208
04/06/2008,RST,MN,AGL,CE,Combined TRACON& Tower with Radar,3,35,10,0,48,0,1,9,0,10,3,36,19,0,58,52,0,52,110
04/07/2008,RST,MN,AGL,CE,Combined TRACON& Tower with Radar,9,41,17,0,67,0,0,0,0,0,9,41,17,0,67,0,0,0,67
04/08/2008,RST,MN,AGL,CE,Combined TRACON& Tower with Radar,12,38,29,4,83,0,0,3,0,3,12,38,32,4,86,0,12,12,98
04/09/2008,RST,MN,AGL,CE,Combined TRACON& Tower with Radar,12,48,30,12,102,0,1,0,0,1,12,49,30,12,103,30,0,30,133
04/10/2008,RST,MN,AGL,CE,Combined TRACON& Tower with Radar,12,48,15,0,75,0,0,0,0,0,12,48,15,0,75,2,0,2,77
04/11/2008,RST,MN,AGL,CE,Combined TRACON& Tower with Radar,10,37,18,0,65,0,0,0,0,0,10,37,18,0,65,0,0,0,65
04/12/2008,RST,MN,AGL,CE,Combined TRACON& Tower with Radar,6,37,12,0,55,0,0,2,0,2,6,37,14,0,57,0,0,0,57
04/13/2008,RST,MN,AGL,CE,Combined TRACON& Tower with Radar,5,36,32,0,73,0,3,73,0,76,5,39,105,0,149,94,0,94,243
04/14/2008,RST,MN,AGL,CE,Combined TRACON& Tower with Radar,7,42,36,6,91,0,1,50,0,51,7,43,86,6,142,132,46,178,320
04/15/2008,RST,MN,AGL,CE,Combined TRACON& Tower with Radar,11,42,30,7,90,0,0,3,0,3,11,42,33,7,93,0,36,36,129
04/16/2008,RST,MN,AGL,CE,Combined TRACON& Tower with Radar,10,53,26,8,97,0,0,13,2,15,10,53,39,10,112,4,24,28,140
04/17/2008,RST,MN,AGL,CE,Combined TRACON& Tower with Radar,12,47,37,0,96,0,0,2,0,2,12,47,39,0,98,0,0,0,98
04/18/2008,RST,MN,AGL,CE,Combined TRACON& Tower with Radar,10,44,54,0,108,0,0,0,0,0,10,44,54,0,108,0,0,0,108
04/19/2008,RST,MN,AGL,CE,Combined TRACON& Tower with Radar,11,32,35,0,78,0,0,0,0,0,11,32,35,0,78,8,0,8,86
04/20/2008,RST,MN,AGL,CE,Combined TRACON& Tower with Radar,5,29,32,0,66,0,0,68,0,68,5,29,100,0,134,74,0,74,208
04/21/2008,RST,MN,AGL,CE,Combined TRACON& Tower with Radar,7,41,31,4,83,0,0,43,0,43,7,41,74,4,126,38,4,42,168
04/22/2008,RST,MN,AGL,CE,Combined TRACON& Tower with Radar,10,36,40,12,98,0,0,26,4,30,10,36,66,16,128,44,8,52,180
04/23/2008,RST,MN,AGL,CE,Combined TRACON& Tower with Radar,13,35,34,16,98,0,0,42,0,42,13,35,76,16,140,10,38,48,188
04/24/2008,RST,MN,AGL,CE,Combined TRACON& Tower with Radar,12,49,26,18,105,0,0,0,0,0,12,49,26,18,105,0,0,0,105
04/25/2008,RST,MN,AGL,CE,Combined TRACON& Tower with Radar,12,34,21,0,67,0,0,0,0,0,12,34,21,0,67,0,0,0,67
04/26/2008,RST,MN,AGL,CE,Combined TRACON& Tower with Radar,6,35,16,0,57,0,0,0,0,0,6,35,16,0,57,0,0,0,57
04/27/2008,RST,MN,AGL,CE,Combined TRACON& Tower with Radar,5,39,38,0,82,1,0,64,0,65,6,39,102,0,147,58,0,58,205
04/28/2008,RST,MN,AGL,CE,Combined TRACON& Tower with Radar,8,40,23,6,77,0,0,9,0,9,8,40,32,6,86,26,12,38,124
04/29/2008,RST,MN,AGL,CE,Combined TRACON& Tower with Radar,10,47,35,14,106,0,0,25,0,25,10,47,60,14,131,38,88,126,257
04/30/2008,RST,MN,AGL,CE,Combined TRACON& Tower with Radar,10,51,48,5,114,0,0,43,0,43,10,51,91,5,157,18,68,86,243
05/01/2008,RST,MN,AGL,CE,Combined TRACON& Tower with Radar,11,38,26,7,82,0,0,19,0,19,11,38,45,7,101,32,52,84,185
05/02/2008,RST,MN,AGL,CE,Combined TRACON& Tower with Radar,6,33,26,0,65,0,0,0,0,0,6,33,26,0,65,0,0,0,65
05/03/2008,RST,MN,AGL,CE,Combined TRACON& Tower with Radar,5,33,15,0,53,0,0,20,0,20,5,33,35,0,73,7,0,7,80
05/04/2008,RST,MN,AGL,CE,Combined TRACON& Tower with Radar,4,40,29,0,73,0,0,46,0,46,4,40,75,0,119,52,0,52,171
05/05/2008,RST,MN,AGL,CE,Combined TRACON& Tower with Radar,5,44,28,15,92,0,0,56,0,56,5,44,84,15,148,78,74,152,300
05/06/2008,RST,MN,AGL,CE,Combined TRACON& Tower with Radar,8,46,22,2,78,0,0,25,2,27,8,46,47,4,105,14,18,32,137
05/07/2008,RST,MN,AGL,CE,Combined TRACON& Tower with Radar,8,35,42,0,85,0,0,31,0,31,8,35,73,0,116,20,0,20,136
05/08/2008,RST,MN,AGL,CE,Combined TRACON& Tower with Radar,12,44,31,19,106,0,1,63,2,66,12,45,94,21,172,108,88,196,368
05/09/2008,RST,MN,AGL,CE,Combined TRACON& Tower with Radar,10,45,29,0,84,0,0,33,0,33,10,45,62,0,117,108,0,108,225
05/10/2008,RST,MN,AGL,CE,Combined TRACON& Tower with Radar,5,29,26,0,60,0,0,36,0,36,5,29,62,0,96,39,0,39,135
05/11/2008,RST,MN,AGL,CE,Combined TRACON& Tower with Radar,5,34,25,0,64,0,0,14,0,14,5,34,39,0,78,16,0,16,94
05/12/2008,RST,MN,AGL,CE,Combined TRACON& Tower with Radar,7,47,30,2,86,0,0,24,1,25,7,47,54,3,111,116,12,128,239
05/13/2008,RST,MN,AGL,CE,Combined TRACON& Tower with Radar,10,54,29,51,144,0,0,11,6,17,10,54,40,57,161,10,88,98,259
05/14/2008,RST,MN,AGL,CE,Combined TRACON& Tower with Radar,11,44,35,0,90,0,0,50,0,50,11,44,85,0,140,40,0,40,180
05/15/2008,RST,MN,AGL,CE,Combined TRACON& Tower with Radar,10,45,40,14,109,0,0,57,9,66,10,45,97,23,175,94,42,136,311
05/16/2008,RST,MN,AGL,CE,Combined TRACON& Tower with Radar,8,36,23,8,75,0,1,38,0,39,8,37,61,8,114,34,134,168,282
05/17/2008,RST,MN,AGL,CE,Combined TRACON& Tower with Radar,5,27,11,0,43,0,2,37,0,39,5,29,48,0,82,66,0,66,148
05/18/2008,RST,MN,AGL,CE,Combined TRACON& Tower with Radar,4,35,29,0,68,0,0,37,2,39,4,35,66,2,107,12,0,12,119
05/19/2008,RST,MN,AGL,CE,Combined TRACON& Tower with Radar,5,41,28,0,74,0,3,22,0,25,5,44,50,0,99,76,0,76,175
05/20/2008,RST,MN,AGL,CE,Combined TRACON& Tower with Radar,8,48,29,4,89,0,0,33,0,33,8,48,62,4,122,49,16,65,187
05/21/2008,RST,MN,AGL,CE,Combined TRACON& Tower with Radar,8,45,33,12,98,0,6,49,0,55,8,51,82,12,153,70,16,86,239
05/22/2008,RST,MN,AGL,CE,Combined TRACON& Tower with Radar,10,47,36,4,97,0,0,35,0,35,10,47,71,4,132,112,18,130,262
05/23/2008,RST,MN,AGL,CE,Combined TRACON& Tower with Radar,8,48,26,0,82,0,0,29,0,29,8,48,55,0,111,10,0,10,121
05/24/2008,RST,MN,AGL,CE,Combined TRACON& Tower with Radar,4,30,19,0,53,0,0,27,0,27,4,30,46,0,80,20,0,20,100
05/25/2008,RST,MN,AGL,CE,Combined TRACON& Tower with Radar,2,25,5,0,32,0,0,7,0,7,2,25,12,0,39,8,0,8,47
05/26/2008,RST,MN,AGL,CE,Combined TRACON& Tower with Radar,2,29,22,0,53,0,0,55,0,55,2,29,77,0,108,24,0,24,132
05/27/2008,RST,MN,AGL,CE,Combined TRACON& Tower with Radar,5,35,22,0,62,0,1,22,0,23,5,36,44,0,85,14,0,14,99
05/28/2008,RST,MN,AGL,CE,Combined TRACON& Tower with Radar,10,40,37,18,105,0,0,49,2,51,10,40,86,20,156,66,110,176,332
05/29/2008,RST,MN,AGL,CE,Combined TRACON& Tower with Radar,10,47,22,2,81,0,0,4,0,4,10,47,26,2,85,4,0,4,89
05/30/2008,RST,MN,AGL,CE,Combined TRACON& Tower with Radar,10,43,24,6,83,0,0,1,0,1,10,43,25,6,84,24,14,38,122
05/31/2008,RST,MN,AGL,CE,Combined TRACON& Tower with Radar,5,37,12,0,54,0,0,25,0,25,5,37,37,0,79,10,0,10,89
06/01/2008,RST,MN,AGL,CE,Combined TRACON& Tower with Radar,4,30,21,0,55,0,0,70,0,70,4,30,91,0,125,80,0,80,205
06/02/2008,RST,MN,AGL,CE,Combined TRACON& Tower with Radar,9,38,28,0,75,0,2,15,0,17,9,40,43,0,92,4,0,4,96
06/03/2008,RST,MN,AGL,CE,Combined TRACON& Tower with Radar,10,45,41,14,110,0,3,0,1,4,10,48,41,15,114,0,12,12,126
06/04/2008,RST,MN,AGL,CE,Combined TRACON& Tower with Radar,9,44,51,14,118,2,3,22,0,27,11,47,73,14,145,50,48,98,243
06/05/2008,RST,MN,AGL,CE,Combined TRACON& Tower with Radar,21,43,20,0,84,0,0,8,0,8,21,43,28,0,92,0,0,0,92
06/06/2008,RST,MN,AGL,CE,Combined TRACON& Tower with Radar,16,36,11,12,75,0,0,10,0,10,16,36,21,12,85,0,0,0,85
06/07/2008,RST,MN,AGL,CE,Combined TRACON& Tower with Radar,7,27,16,0,50,0,0,31,0,31,7,27,47,0,81,66,0,66,147
06/08/2008,RST,MN,AGL,CE,Combined TRACON& Tower with Radar,5,24,15,0,44,0,0,16,0,16,5,24,31,0,60,62,0,62,122
06/09/2008,RST,MN,AGL,CE,Combined TRACON& Tower with Radar,9,45,41,0,95,0,0,29,0,29,9,45,70,0,124,72,0,72,196
06/10/2008,RST,MN,AGL,CE,Combined TRACON& Tower with Radar,10,48,33,7,98,0,0,36,0,36,10,48,69,7,134,64,22,86,220
06/11/2008,RST,MN,AGL,CE,Combined TRACON& Tower with Radar,10,42,36,0,88,0,0,11,0,11,10,42,47,0,99,24,0,24,123
06/12/2008,RST,MN,AGL,CE,Combined TRACON& Tower with Radar,13,52,20,6,91,0,0,24,0,24,13,52,44,6,115,20,18,38,153
06/13/2008,RST,MN,AGL,CE,Combined TRACON& Tower with Radar,13,43,36,0,92,0,0,24,0,24,13,43,60,0,116,0,0,0,116
06/14/2008,RST,MN,AGL,CE,Combined TRACON& Tower with Radar,5,36,29,0,70,0,0,42,0,42,5,36,71,0,112,54,0,54,166
06/15/2008,RST,MN,AGL,CE,Combined TRACON& Tower with Radar,4,33,30,0,67,0,0,55,0,55,4,33,85,0,122,28,0,28,150
06/16/2008,RST,MN,AGL,CE,Combined TRACON& Tower with Radar,10,34,42,2,88,0,0,41,0,41,10,34,83,2,129,72,0,72,201
06/17/2008,RST,MN,AGL,CE,Combined TRACON& Tower with Radar,10,42,36,14,102,0,0,55,0,55,10,42,91,14,157,118,26,144,301
06/18/2008,RST,MN,AGL,CE,Combined TRACON& Tower with Radar,12,51,36,8,107,0,2,48,6,56,12,53,84,14,163,102,16,118,281
06/19/2008,RST,MN,AGL,CE,Combined TRACON& Tower with Radar,11,40,28,4,83,0,0,73,0,73,11,40,101,4,156,114,14,128,284
06/20/2008,RST,MN,AGL,CE,Combined TRACON& Tower with Radar,12,44,36,0,92,0,0,26,0,26,12,44,62,0,118,68,0,68,186
06/21/2008,RST,MN,AGL,CE,Combined TRACON& Tower with Radar,6,36,17,2,61,0,0,55,0,55,6,36,72,2,116,62,0,62,178
06/22/2008,RST,MN,AGL,CE,Combined TRACON& Tower with Radar,5,37,42,0,84,0,0,28,0,28,5,37,70,0,112,14,0,14,126
06/23/2008,RST,MN,AGL,CE,Combined TRACON& Tower with Radar,7,53,46,8,114,0,0,44,2,46,7,53,90,10,160,26,20,46,206
06/24/2008,RST,MN,AGL,CE,Combined TRACON& Tower with Radar,10,47,39,8,104,0,0,22,0,22,10,47,61,8,126,26,4,30,156
06/25/2008,RST,MN,AGL,CE,Combined TRACON& Tower with Radar,10,39,52,1,102,0,0,12,0,12,10,39,64,1,114,16,12,28,142
06/26/2008,RST,MN,AGL,CE,Combined TRACON& Tower with Radar,12,38,36,0,86,0,0,36,0,36,12,38,72,0,122,76,0,76,198
06/27/2008,RST,MN,AGL,CE,Combined TRACON& Tower with Radar,10,50,19,0,79,0,0,4,0,4,10,50,23,0,83,28,0,28,111
06/28/2008,RST,MN,AGL,CE,Combined TRACON& Tower with Radar,7,30,15,0,52,0,0,19,0,19,7,30,34,0,71,16,0,16,87
06/29/2008,RST,MN,AGL,CE,Combined TRACON& Tower with Radar,5,27,26,0,58,0,0,21,0,21,5,27,47,0,79,44,0,44,123
06/30/2008,RST,MN,AGL,CE,Combined TRACON& Tower with Radar,7,36,35,10,88,0,1,43,2,46,7,37,78,12,134,74,26,100,234
07/01/2008,RST,MN,AGL,CE,Combined TRACON& Tower with Radar,6,38,28,22,94,0,6,29,0,35,6,44,57,22,129,12,66,78,207
07/02/2008,RST,MN,AGL,CE,Combined TRACON& Tower with Radar,8,52,29,14,103,0,4,18,3,25,8,56,47,17,128,0,30,30,158
07/03/2008,RST,MN,AGL,CE,Combined TRACON& Tower with Radar,8,36,77,0,121,0,0,50,0,50,8,36,127,0,171,50,0,50,221
07/04/2008,RST,MN,AGL,CE,Combined TRACON& Tower with Radar,3,30,9,0,42,0,0,35,0,35,3,30,44,0,77,78,0,78,155
07/05/2008,RST,MN,AGL,CE,Combined TRACON& Tower with Radar,5,33,27,0,65,0,0,20,0,20,5,33,47,0,85,16,0,16,101
07/06/2008,RST,MN,AGL,CE,Combined TRACON& Tower with Radar,4,33,27,0,64,0,0,31,0,31,4,33,58,0,95,54,0,54,149
07/07/2008,RST,MN,AGL,CE,Combined TRACON& Tower with Radar,7,41,39,0,87,0,0,15,0,15,7,41,54,0,102,8,0,8,110
07/08/2008,RST,MN,AGL,CE,Combined TRACON& Tower with Radar,6,48,39,3,96,0,0,25,3,28,6,48,64,6,124,6,10,16,140
07/09/2008,RST,MN,AGL,CE,Combined TRACON& Tower with Radar,8,43,39,2,92,0,0,53,0,53,8,43,92,2,145,68,0,68,213
07/10/2008,RST,MN,AGL,CE,Combined TRACON& Tower with Radar,8,40,30,13,91,0,0,12,6,18,8,40,42,19,109,8,18,26,135
07/11/2008,RST,MN,AGL,CE,Combined TRACON& Tower with Radar,6,42,48,18,114,0,1,22,0,23,6,43,70,18,137,12,30,42,179
07/12/2008,RST,MN,AGL,CE,Combined TRACON& Tower with Radar,5,29,22,0,56,0,0,49,0,49,5,29,71,0,105,92,0,92,197
07/13/2008,RST,MN,AGL,CE,Combined TRACON& Tower with Radar,5,29,22,0,56,0,0,33,0,33,5,29,55,0,89,68,0,68,157
07/14/2008,RST,MN,AGL,CE,Combined TRACON& Tower with Radar,5,38,29,1,73,0,0,34,1,35,5,38,63,2,108,36,0,36,144
07/15/2008,RST,MN,AGL,CE,Combined TRACON& Tower with Radar,5,49,30,24,108,0,0,37,5,42,5,49,67,29,150,34,116,150,300
07/16/2008,RST,MN,AGL,CE,Combined TRACON& Tower with Radar,6,38,39,4,87,0,0,17,0,17,6,38,56,4,104,8,0,8,112
07/17/2008,RST,MN,AGL,CE,Combined TRACON& Tower with Radar,9,42,23,0,74,0,0,14,0,14,9,42,37,0,88,62,0,62,150
07/18/2008,RST,MN,AGL,CE,Combined TRACON& Tower with Radar,6,41,40,0,87,0,0,26,0,26,6,41,66,0,113,46,0,46,159
07/19/2008,RST,MN,AGL,CE,Combined TRACON& Tower with Radar,6,31,21,0,58,0,0,22,0,22,6,31,43,0,80,28,0,28,108
07/20/2008,RST,MN,AGL,CE,Combined TRACON& Tower with Radar,5,35,34,0,74,0,0,26,0,26,5,35,60,0,100,18,0,18,118
07/21/2008,RST,MN,AGL,CE,Combined TRACON& Tower with Radar,6,38,24,0,68,0,0,37,0,37,6,38,61,0,105,92,0,92,197
07/22/2008,RST,MN,AGL,CE,Combined TRACON& Tower with Radar,6,42,33,6,87,0,0,39,0,39,6,42,72,6,126,40,24,64,190
07/23/2008,RST,MN,AGL,CE,Combined TRACON& Tower with Radar,8,45,36,3,92,0,0,49,0,49,8,45,85,3,141,94,8,102,243
07/24/2008,RST,MN,AGL,CE,Combined TRACON& Tower with Radar,8,43,33,19,103,0,0,23,0,23,8,43,56,19,126,32,10,42,168
07/25/2008,RST,MN,AGL,CE,Combined TRACON& Tower with Radar,6,41,37,0,84,0,0,26,0,26,6,41,63,0,110,46,0,46,156
07/26/2008,RST,MN,AGL,CE,Combined TRACON& Tower with Radar,4,31,21,0,56,0,0,111,0,111,4,31,132,0,167,28,0,28,195
07/27/2008,RST,MN,AGL,CE,Combined TRACON& Tower with Radar,5,21,27,0,53,0,3,40,0,43,5,24,67,0,96,22,0,22,118
07/28/2008,RST,MN,AGL,CE,Combined TRACON& Tower with Radar,5,42,38,0,85,0,0,23,0,23,5,42,61,0,108,24,0,24,132
07/29/2008,RST,MN,AGL,CE,Combined TRACON& Tower with Radar,6,31,37,29,103,0,3,31,0,34,6,34,68,29,137,10,48,58,195
07/30/2008,RST,MN,AGL,CE,Combined TRACON& Tower with Radar,6,44,39,0,89,0,0,47,0,47,6,44,86,0,136,54,0,54,190
07/31/2008,RST,MN,AGL,CE,Combined TRACON& Tower with Radar,8,41,39,0,88,0,0,7,0,7,8,41,46,0,95,10,0,10,105
08/01/2008,RST,MN,AGL,CE,Combined TRACON& Tower with Radar,6,53,31,8,98,0,0,38,0,38,6,53,69,8,136,26,36,62,198
08/02/2008,RST,MN,AGL,CE,Combined TRACON& Tower with Radar,4,31,71,0,106,0,0,49,0,49,4,31,120,0,155,32,0,32,187
08/03/2008,RST,MN,AGL,CE,Combined TRACON& Tower with Radar,5,28,53,2,88,0,0,31,0,31,5,28,84,2,119,4,0,4,123
08/04/2008,RST,MN,AGL,CE,Combined TRACON& Tower with Radar,7,29,47,0,83,0,0,3,0,3,7,29,50,0,86,0,0,0,86
08/05/2008,RST,MN,AGL,CE,Combined TRACON& Tower with Radar,6,44,32,5,87,0,0,19,1,20,6,44,51,6,107,17,2,19,126
08/06/2008,RST,MN,AGL,CE,Combined TRACON& Tower with Radar,6,39,36,6,87,0,0,23,0,23,6,39,59,6,110,38,14,52,162
08/07/2008,RST,MN,AGL,CE,Combined TRACON& Tower with Radar,8,45,42,0,95,0,0,48,0,48,8,45,90,0,143,24,0,24,167
08/08/2008,RST,MN,AGL,CE,Combined TRACON& Tower with Radar,6,39,47,0,92,0,0,34,0,34,6,39,81,0,126,28,0,28,154
08/09/2008,RST,MN,AGL,CE,Combined TRACON& Tower with Radar,2,33,31,0,66,0,0,39,0,39,2,33,70,0,105,62,0,62,167
08/10/2008,RST,MN,AGL,CE,Combined TRACON& Tower with Radar,5,32,39,0,76,0,0,38,0,38,5,32,77,0,114,88,0,88,202
08/11/2008,RST,MN,AGL,CE,Combined TRACON& Tower with Radar,5,35,25,0,65,0,0,30,0,30,5,35,55,0,95,26,0,26,121
08/12/2008,RST,MN,AGL,CE,Combined TRACON& Tower with Radar,15,40,35,15,105,0,0,9,0,9,15,40,44,15,114,20,24,44,158
08/13/2008,RST,MN,AGL,CE,Combined TRACON& Tower with Radar,14,40,40,0,94,0,0,21,0,21,14,40,61,0,115,22,0,22,137
08/14/2008,RST,MN,AGL,CE,Combined TRACON& Tower with Radar,8,36,28,0,72,0,1,12,0,13,8,37,40,0,85,6,0,6,91
08/15/2008,RST,MN,AGL,CE,Combined TRACON& Tower with Radar,6,45,73,2,126,0,0,36,0,36,6,45,109,2,162,56,0,56,218
08/16/2008,RST,MN,AGL,CE,Combined TRACON& Tower with Radar,14,30,12,0,56,0,0,59,0,59,14,30,71,0,115,42,0,42,157
08/17/2008,RST,MN,AGL,CE,Combined TRACON& Tower with Radar,5,28,37,0,70,0,0,72,0,72,5,28,109,0,142,28,0,28,170
08/18/2008,RST,MN,AGL,CE,Combined TRACON& Tower with Radar,5,35,31,0,71,0,0,25,0,25,5,35,56,0,96,20,0,20,116
08/19/2008,RST,MN,AGL,CE,Combined TRACON& Tower with Radar,2,54,33,4,93,0,0,46,0,46,2,54,79,4,139,16,12,28,167
08/20/2008,RST,MN,AGL,CE,Combined TRACON& Tower with Radar,4,55,58,0,117,0,3,32,0,35,4,58,90,0,152,50,0,50,202
08/21/2008,RST,MN,AGL,CE,Combined TRACON& Tower with Radar,5,49,41,2,97,0,0,9,0,9,5,49,50,2,106,6,0,6,112
08/22/2008,RST,MN,AGL,CE,Combined TRACON& Tower with Radar,2,44,41,0,87,0,1,3,0,4,2,45,44,0,91,0,0,0,91
08/23/2008,RST,MN,AGL,CE,Combined TRACON& Tower with Radar,3,36,27,0,66,0,0,30,0,30,3,36,57,0,96,60,0,60,156
08/24/2008,RST,MN,AGL,CE,Combined TRACON& Tower with Radar,2,33,28,0,63,0,0,65,0,65,2,33,93,0,128,106,0,106,234
08/25/2008,RST,MN,AGL,CE,Combined TRACON& Tower with Radar,1,36,97,0,134,0,0,50,0,50,1,36,147,0,184,88,0,88,272
08/26/2008,RST,MN,AGL,CE,Combined TRACON& Tower with Radar,2,53,38,16,109,0,0,30,0,30,2,53,68,16,139,34,38,72,211
08/27/2008,RST,MN,AGL,CE,Combined TRACON& Tower with Radar,5,51,50,0,106,0,2,21,0,23,5,53,71,0,129,20,0,20,149
08/28/2008,RST,MN,AGL,CE,Combined TRACON& Tower with Radar,4,57,93,0,154,0,0,29,0,29,4,57,122,0,183,36,0,36,219
08/29/2008,RST,MN,AGL,CE,Combined TRACON& Tower with Radar,2,47,25,3,77,0,0,48,2,50,2,47,73,5,127,52,12,64,191
08/30/2008,RST,MN,AGL,CE,Combined TRACON& Tower with Radar,1,36,14,0,51,0,0,26,0,26,1,36,40,0,77,6,0,6,83
08/31/2008,RST,MN,AGL,CE,Combined TRACON& Tower with Radar,2,29,9,0,40,0,0,27,0,27,2,29,36,0,67,8,0,8,75
09/01/2008,RST,MN,AGL,CE,Combined TRACON& Tower with Radar,0,47,34,0,81,0,0,21,0,21,0,47,55,0,102,22,0,22,124
09/02/2008,RST,MN,AGL,CE,Combined TRACON& Tower with Radar,1,39,51,0,91,0,0,16,0,16,1,39,67,0,107,36,0,36,143
09/03/2008,RST,MN,AGL,CE,Combined TRACON& Tower with Radar,2,44,54,0,100,0,0,39,0,39,2,44,93,0,139,28,0,28,167
09/04/2008,RST,MN,AGL,CE,Combined TRACON& Tower with Radar,4,44,40,0,88,0,0,7,0,7,4,44,47,0,95,26,0,26,121
09/05/2008,RST,MN,AGL,CE,Combined TRACON& Tower with Radar,2,42,50,0,94,0,0,30,0,30,2,42,80,0,124,54,0,54,178
09/06/2008,RST,MN,AGL,CE,Combined TRACON& Tower with Radar,1,32,58,0,91,0,0,21,0,21,1,32,79,0,112,30,0,30,142
09/07/2008,RST,MN,AGL,CE,Combined TRACON& Tower with Radar,2,36,31,0,69,0,0,17,0,17,2,36,48,0,86,14,0,14,100
09/08/2008,RST,MN,AGL,CE,Combined TRACON& Tower with Radar,1,45,52,0,98,0,0,21,0,21,1,45,73,0,119,68,0,68,187
09/09/2008,RST,MN,AGL,CE,Combined TRACON& Tower with Radar,4,57,74,10,145,0,0,36,0,36,4,57,110,10,181,52,30,82,263
09/10/2008,RST,MN,AGL,CE,Combined TRACON& Tower with Radar,2,43,52,0,97,0,3,22,0,25,2,46,74,0,122,24,0,24,146
09/11/2008,RST,MN,AGL,CE,Combined TRACON& Tower with Radar,4,37,42,0,83,0,0,9,0,9,4,37,51,0,92,0,0,0,92
09/12/2008,RST,MN,AGL,CE,Combined TRACON& Tower with Radar,2,43,54,0,99,0,0,15,0,15,2,43,69,0,114,26,0,26,140
09/13/2008,RST,MN,AGL,CE,Combined TRACON& Tower with Radar,1,33,12,0,46,0,0,0,0,0,1,33,12,0,46,0,0,0,46
09/14/2008,RST,MN,AGL,CE,Combined TRACON& Tower with Radar,2,40,40,0,82,0,0,9,0,9,2,40,49,0,91,0,0,0,91
09/15/2008,RST,MN,AGL,CE,Combined TRACON& Tower with Radar,3,40,43,0,86,0,0,20,0,20,3,40,63,0,106,54,0,54,160
09/16/2008,RST,MN,AGL,CE,Combined TRACON& Tower with Radar,3,44,31,10,88,0,0,50,0,50,3,44,81,10,138,32,14,46,184
09/17/2008,RST,MN,AGL,CE,Combined TRACON& Tower with Radar,2,58,31,0,91,0,0,61,0,61,2,58,92,0,152,43,0,43,195
09/18/2008,RST,MN,AGL,CE,Combined TRACON& Tower with Radar,4,49,92,2,147,0,0,44,2,46,4,49,136,4,193,42,2,44,237
09/19/2008,RST,MN,AGL,CE,Combined TRACON& Tower with Radar,4,43,33,1,81,0,0,28,0,28,4,43,61,1,109,10,0,10,119
09/20/2008,RST,MN,AGL,CE,Combined TRACON& Tower with Radar,1,31,51,0,83,0,0,39,0,39,1,31,90,0,122,38,0,38,160
09/21/2008,RST,MN,AGL,CE,Combined TRACON& Tower with Radar,2,35,25,0,62,0,0,60,0,60,2,35,85,0,122,62,0,62,184
09/22/2008,RST,MN,AGL,CE,Combined TRACON& Tower with Radar,1,43,31,0,75,0,0,17,0,17,1,43,48,0,92,30,0,30,122
09/23/2008,RST,MN,AGL,CE,Combined TRACON& Tower with Radar,8,44,26,0,78,0,0,4,3,7,8,44,30,3,85,0,0,0,85
09/24/2008,RST,MN,AGL,CE,Combined TRACON& Tower with Radar,2,52,46,0,100,0,0,21,0,21,2,52,67,0,121,32,0,32,153
09/25/2008,RST,MN,AGL,CE,Combined TRACON& Tower with Radar,4,42,25,0,71,0,0,30,0,30,4,42,55,0,101,34,0,34,135
09/26/2008,RST,MN,AGL,CE,Combined TRACON& Tower with Radar,2,43,20,0,65,0,0,42,2,44,2,43,62,2,109,34,4,38,147
09/27/2008,RST,MN,AGL,CE,Combined TRACON& Tower with Radar,1,35,30,0,66,0,0,15,0,15,1,35,45,0,81,12,0,12,93
09/28/2008,RST,MN,AGL,CE,Combined TRACON& Tower with Radar,3,36,25,0,64,0,0,20,0,20,3,36,45,0,84,82,0,82,166
09/29/2008,RST,MN,AGL,CE,Combined TRACON& Tower with Radar,2,38,30,2,72,0,0,23,0,23,2,38,53,2,95,42,12,54,149
09/30/2008,RST,MN,AGL,CE,Combined TRACON& Tower with Radar,3,55,30,0,88,0,0,30,0,30,3,55,60,0,118,16,0,16,134
10/01/2008,RST,MN,AGL,CE,Combined TRACON& Tower with Radar,4,42,33,0,79,0,0,7,0,7,4,42,40,0,86,50,0,50,136
10/02/2008,RST,MN,AGL,CE,Combined TRACON& Tower with Radar,6,35,25,0,66,0,0,20,0,20,6,35,45,0,86,32,0,32,118
10/03/2008,RST,MN,AGL,CE,Combined TRACON& Tower with Radar,4,41,24,1,70,0,0,41,0,41,4,41,65,1,111,50,0,50,161
10/04/2008,RST,MN,AGL,CE,Combined TRACON& Tower with Radar,5,28,53,0,86,0,0,30,0,30,5,28,83,0,116,14,0,14,130
10/05/2008,RST,MN,AGL,CE,Combined TRACON& Tower with Radar,4,27,51,1,83,0,0,13,0,13,4,27,64,1,96,0,0,0,96
10/06/2008,RST,MN,AGL,CE,Combined TRACON& Tower with Radar,3,42,28,0,73,0,0,12,0,12,3,42,40,0,85,20,0,20,105
10/07/2008,RST,MN,AGL,CE,Combined TRACON& Tower with Radar,4,41,23,0,68,0,0,0,0,0,4,41,23,0,68,0,0,0,68
10/08/2008,RST,MN,AGL,CE,Combined TRACON& Tower with Radar,10,54,33,8,105,0,0,20,0,20,10,54,53,8,125,52,0,52,177
10/09/2008,RST,MN,AGL,CE,Combined TRACON& Tower with Radar,8,46,61,4,119,0,0,39,0,39,8,46,100,4,158,24,4,28,186
10/10/2008,RST,MN,AGL,CE,Combined TRACON& Tower with Radar,4,40,43,0,87,0,0,25,0,25,4,40,68,0,112,30,0,30,142
10/11/2008,RST,MN,AGL,CE,Combined TRACON& Tower with Radar,3,30,15,0,48,0,0,43,0,43,3,30,58,0,91,16,0,16,107
10/12/2008,RST,MN,AGL,CE,Combined TRACON& Tower with Radar,4,27,18,0,49,0,0,11,0,11,4,27,29,0,60,4,0,4,64
10/13/2008,RST,MN,AGL,CE,Combined TRACON& Tower with Radar,3,41,24,0,68,0,0,2,0,2,3,41,26,0,70,0,0,0,70
10/14/2008,RST,MN,AGL,CE,Combined TRACON& Tower with Radar,4,42,36,0,82,0,0,38,0,38,4,42,74,0,120,112,2,114,234
10/15/2008,RST,MN,AGL,CE,Combined TRACON& Tower with Radar,4,36,61,5,106,0,0,13,0,13,4,36,74,5,119,54,0,54,173
10/16/2008,RST,MN,AGL,CE,Combined TRACON& Tower with Radar,6,37,32,0,75,0,1,46,0,47,6,38,78,0,122,44,0,44,166
10/17/2008,RST,MN,AGL,CE,Combined TRACON& Tower with Radar,4,39,29,0,72,0,0,22,0,22,4,39,51,0,94,138,0,138,232
10/18/2008,RST,MN,AGL,CE,Combined TRACON& Tower with Radar,3,32,12,0,47,0,0,21,0,21,3,32,33,0,68,8,0,8,76
10/19/2008,RST,MN,AGL,CE,Combined TRACON& Tower with Radar,10,41,31,0,82,0,0,33,0,33,10,41,64,0,115,44,0,44,159
10/20/2008,RST,MN,AGL,CE,Combined TRACON& Tower with Radar,3,45,71,0,119,0,0,26,0,26,3,45,97,0,145,18,0,18,163
10/21/2008,RST,MN,AGL,CE,Combined TRACON& Tower with Radar,4,55,41,0,100,0,0,30,0,30,4,55,71,0,130,44,0,44,174
10/22/2008,RST,MN,AGL,CE,Combined TRACON& Tower with Radar,6,58,21,0,85,0,0,13,0,13,6,58,34,0,98,8,0,8,106
10/23/2008,RST,MN,AGL,CE,Combined TRACON& Tower with Radar,6,55,31,0,92,0,0,2,0,2,6,55,33,0,94,12,0,12,106
10/24/2008,RST,MN,AGL,CE,Combined TRACON& Tower with Radar,4,46,17,0,67,0,0,6,0,6,4,46,23,0,73,4,0,4,77
10/25/2008,RST,MN,AGL,CE,Combined TRACON& Tower with Radar,3,40,21,0,64,0,0,28,0,28,3,40,49,0,92,28,0,28,120
10/26/2008,RST,MN,AGL,CE,Combined TRACON& Tower with Radar,4,28,23,0,55,0,0,0,0,0,4,28,23,0,55,0,0,0,55
10/27/2008,RST,MN,AGL,CE,Combined TRACON& Tower with Radar,5,38,21,0,64,0,0,8,0,8,5,38,29,0,72,2,0,2,74
10/28/2008,RST,MN,AGL,CE,Combined TRACON& Tower with Radar,4,55,63,0,122,0,0,35,0,35,4,55,98,0,157,60,0,60,217
10/29/2008,RST,MN,AGL,CE,Combined TRACON& Tower with Radar,4,45,32,0,81,0,0,36,0,36,4,45,68,0,117,66,0,66,183
10/30/2008,RST,MN,AGL,CE,Combined TRACON& Tower with Radar,6,47,44,0,97,0,0,20,0,20,6,47,64,0,117,28,0,28,145
10/31/2008,RST,MN,AGL,CE,Combined TRACON& Tower with Radar,12,41,27,0,80,0,0,42,0,42,12,41,69,0,122,16,0,16,138
11/01/2008,RST,MN,AGL,CE,Combined TRACON& Tower with Radar,3,30,22,0,55,0,0,57,0,57,3,30,79,0,112,18,0,18,130
11/02/2008,RST,MN,AGL,CE,Combined TRACON& Tower with Radar,2,26,23,0,51,0,0,21,0,21,2,26,44,0,72,12,0,12,84
11/03/2008,RST,MN,AGL,CE,Combined TRACON& Tower with Radar,3,42,41,0,86,0,0,16,0,16,3,42,57,0,102,16,0,16,118
11/04/2008,RST,MN,AGL,CE,Combined TRACON& Tower with Radar,3,45,39,0,87,0,2,15,0,17,3,47,54,0,104,2,0,2,106
11/05/2008,RST,MN,AGL,CE,Combined TRACON& Tower with Radar,2,50,26,0,78,0,0,5,0,5,2,50,31,0,83,0,0,0,83
11/06/2008,RST,MN,AGL,CE,Combined TRACON& Tower with Radar,8,47,30,0,85,0,0,4,0,4,8,47,34,0,89,0,0,0,89
11/07/2008,RST,MN,AGL,CE,Combined TRACON& Tower with Radar,2,42,13,0,57,0,0,0,0,0,2,42,13,0,57,0,0,0,57
11/08/2008,RST,MN,AGL,CE,Combined TRACON& Tower with Radar,1,28,3,0,32,0,0,0,0,0,1,28,3,0,32,0,0,0,32
11/09/2008,RST,MN,AGL,CE,Combined TRACON& Tower with Radar,2,32,37,0,71,0,0,17,0,17,2,32,54,0,88,10,0,10,98
11/10/2008,RST,MN,AGL,CE,Combined TRACON& Tower with Radar,1,40,37,0,78,0,0,35,0,35,1,40,72,0,113,78,0,78,191
11/11/2008,RST,MN,AGL,CE,Combined TRACON& Tower with Radar,2,35,11,0,48,0,0,0,0,0,2,35,11,0,48,0,0,0,48
11/12/2008,RST,MN,AGL,CE,Combined TRACON& Tower with Radar,2,31,12,0,45,0,0,0,0,0,2,31,12,0,45,0,0,0,45
11/13/2008,RST,MN,AGL,CE,Combined TRACON& Tower with Radar,8,56,24,0,88,0,0,7,0,7,8,56,31,0,95,0,0,0,95
11/14/2008,RST,MN,AGL,CE,Combined TRACON& Tower with Radar,4,48,20,0,72,0,0,2,0,2,4,48,22,0,74,0,0,0,74
11/15/2008,RST,MN,AGL,CE,Combined TRACON& Tower with Radar,3,30,15,0,48,0,0,6,0,6,3,30,21,0,54,6,0,6,60
11/16/2008,RST,MN,AGL,CE,Combined TRACON& Tower with Radar,4,32,23,0,59,0,0,34,0,34,4,32,57,0,93,54,0,54,147
11/17/2008,RST,MN,AGL,CE,Combined TRACON& Tower with Radar,1,34,35,0,70,0,0,21,0,21,1,34,56,0,91,12,0,12,103
11/18/2008,RST,MN,AGL,CE,Combined TRACON& Tower with Radar,2,43,53,0,98,0,0,29,0,29,2,43,82,0,127,30,0,30,157
11/19/2008,RST,MN,AGL,CE,Combined TRACON& Tower with Radar,6,44,49,0,99,0,0,9,0,9,6,44,58,0,108,46,0,46,154
11/20/2008,RST,MN,AGL,CE,Combined TRACON& Tower with Radar,4,50,50,0,104,0,0,19,0,19,4,50,69,0,123,38,0,38,161
11/21/2008,RST,MN,AGL,CE,Combined TRACON& Tower with Radar,2,43,29,1,75,0,0,43,0,43,2,43,72,1,118,74,2,76,194
11/22/2008,RST,MN,AGL,CE,Combined TRACON& Tower with Radar,1,27,18,4,50,0,0,20,1,21,1,27,38,5,71,38,0,38,109
11/23/2008,RST,MN,AGL,CE,Combined TRACON& Tower with Radar,4,28,18,0,50,0,0,66,0,66,4,28,84,0,116,52,0,52,168
11/24/2008,RST,MN,AGL,CE,Combined TRACON& Tower with Radar,1,39,31,0,71,0,0,26,0,26,1,39,57,0,97,58,0,58,155
11/25/2008,RST,MN,AGL,CE,Combined TRACON& Tower with Radar,2,53,51,0,106,0,0,36,0,36,2,53,87,0,142,52,0,52,194
11/26/2008,RST,MN,AGL,CE,Combined TRACON& Tower with Radar,7,48,115,0,170,0,0,54,0,54,7,48,169,0,224,68,0,68,292
11/27/2008,RST,MN,AGL,CE,Combined TRACON& Tower with Radar,2,22,7,0,31,0,0,12,0,12,2,22,19,0,43,0,0,0,43
11/28/2008,RST,MN,AGL,CE,Combined TRACON& Tower with Radar,3,22,8,0,33,0,0,41,0,41,3,22,49,0,74,46,0,46,120
11/29/2008,RST,MN,AGL,CE,Combined TRACON& Tower with Radar,1,28,15,0,44,0,0,27,0,27,1,28,42,0,71,10,0,10,81
11/30/2008,RST,MN,AGL,CE,Combined TRACON& Tower with Radar,2,20,11,0,33,0,0,0,0,0,2,20,11,0,33,0,0,0,33
12/01/2008,RST,MN,AGL,CE,Combined TRACON& Tower with Radar,1,28,33,0,62,0,0,5,0,5,1,28,38,0,67,0,0,0,67
12/02/2008,RST,MN,AGL,CE,Combined TRACON& Tower with Radar,2,42,42,0,86,0,0,11,0,11,2,42,53,0,97,18,0,18,115
12/03/2008,RST,MN,AGL,CE,Combined TRACON& Tower with Radar,2,36,18,2,58,0,0,17,0,17,2,36,35,2,75,0,0,0,75
12/04/2008,RST,MN,AGL,CE,Combined TRACON& Tower with Radar,4,47,31,0,82,0,2,5,0,7,4,49,36,0,89,26,0,26,115
12/05/2008,RST,MN,AGL,CE,Combined TRACON& Tower with Radar,7,36,11,0,54,0,1,19,0,20,7,37,30,0,74,18,0,18,92
12/06/2008,RST,MN,AGL,CE,Combined TRACON& Tower with Radar,3,27,12,0,42,0,0,1,0,1,3,27,13,0,43,0,0,0,43
12/07/2008,RST,MN,AGL,CE,Combined TRACON& Tower with Radar,2,27,31,0,60,0,0,8,0,8,2,27,39,0,68,0,0,0,68
12/08/2008,RST,MN,AGL,CE,Combined TRACON& Tower with Radar,1,33,22,0,56,0,0,6,0,6,1,33,28,0,62,58,0,58,120
12/09/2008,RST,MN,AGL,CE,Combined TRACON& Tower with Radar,4,41,22,0,67,0,0,1,0,1,4,41,23,0,68,0,0,0,68
12/10/2008,RST,MN,AGL,CE,Combined TRACON& Tower with Radar,4,50,67,0,121,0,0,17,0,17,4,50,84,0,138,2,0,2,140
12/11/2008,RST,MN,AGL,CE,Combined TRACON& Tower with Radar,6,44,30,4,84,0,0,34,0,34,6,44,64,4,118,42,0,42,160
12/12/2008,RST,MN,AGL,CE,Combined TRACON& Tower with Radar,4,41,28,0,73,0,0,6,0,6,4,41,34,0,79,19,0,19,98
12/13/2008,RST,MN,AGL,CE,Combined TRACON& Tower with Radar,1,33,53,0,87,0,2,26,0,28,1,35,79,0,115,8,0,8,123
12/14/2008,RST,MN,AGL,CE,Combined TRACON& Tower with Radar,2,28,16,0,46,0,0,3,0,3,2,28,19,0,49,6,0,6,55
12/15/2008,RST,MN,AGL,CE,Combined TRACON& Tower with Radar,1,35,19,5,60,0,0,1,0,1,1,35,20,5,61,4,0,4,65
12/16/2008,RST,MN,AGL,CE,Combined TRACON& Tower with Radar,4,41,27,0,72,0,0,0,0,0,4,41,27,0,72,0,0,0,72
12/17/2008,RST,MN,AGL,CE,Combined TRACON& Tower with Radar,6,55,56,0,117,0,0,21,0,21,6,55,77,0,138,22,0,22,160
12/18/2008,RST,MN,AGL,CE,Combined TRACON& Tower with Radar,8,48,34,2,92,0,0,31,0,31,8,48,65,2,123,52,0,52,175
12/19/2008,RST,MN,AGL,CE,Combined TRACON& Tower with Radar,6,38,20,0,64,0,0,5,0,5,6,38,25,0,69,0,0,0,69
12/20/2008,RST,MN,AGL,CE,Combined TRACON& Tower with Radar,5,17,2,0,24,0,0,0,0,0,5,17,2,0,24,0,0,0,24
12/21/2008,RST,MN,AGL,CE,Combined TRACON& Tower with Radar,2,19,2,0,23,0,0,0,0,0,2,19,2,0,23,0,0,0,23
12/22/2008,RST,MN,AGL,CE,Combined TRACON& Tower with Radar,3,33,24,0,60,0,0,9,0,9,3,33,33,0,69,0,0,0,69
12/23/2008,RST,MN,AGL,CE,Combined TRACON& Tower with Radar,6,33,11,0,50,0,0,6,0,6,6,33,17,0,56,0,0,0,56
12/24/2008,RST,MN,AGL,CE,Combined TRACON& Tower with Radar,6,27,17,0,50,0,0,6,0,6,6,27,23,0,56,8,0,8,64
12/25/2008,RST,MN,AGL,CE,Combined TRACON& Tower with Radar,0,27,13,0,40,0,0,8,0,8,0,27,21,0,48,8,0,8,56
12/26/2008,RST,MN,AGL,CE,Combined TRACON& Tower with Radar,4,12,4,0,20,0,0,0,0,0,4,12,4,0,20,0,0,0,20
12/27/2008,RST,MN,AGL,CE,Combined TRACON& Tower with Radar,5,36,1,0,42,0,0,7,0,7,5,36,8,0,49,8,0,8,57
12/28/2008,RST,MN,AGL,CE,Combined TRACON& Tower with Radar,2,25,3,0,30,0,0,36,0,36,2,25,39,0,66,18,0,18,84
12/29/2008,RST,MN,AGL,CE,Combined TRACON& Tower with Radar,3,35,26,2,66,0,0,14,0,14,3,35,40,2,80,52,0,52,132
12/30/2008,RST,MN,AGL,CE,Combined TRACON& Tower with Radar,12,43,10,2,67,0,0,9,0,9,12,43,19,2,76,0,0,0,76
12/31/2008,RST,MN,AGL,CE,Combined TRACON& Tower with Radar,6,34,14,0,54,0,0,34,0,34,6,34,48,0,88,14,0,14,102
01/01/2009,RST,MN,AGL,CE,Combined TRACON& Tower with Radar,2,26,6,0,34,0,0,18,0,18,2,26,24,0,52,22,0,22,74
01/02/2009,RST,MN,AGL,CE,Combined TRACON& Tower with Radar,4,37,20,0,61,4,37,32,0,73,8,74,52,0,134,34,0,34,168
01/03/2009,RST,MN,AGL,CE,Combined TRACON& Tower with Radar,5,15,2,0,22,0,0,4,0,4,5,15,6,0,26,10,0,10,36
01/04/2009,RST,MN,AGL,CE,Combined TRACON& Tower with Radar,4,25,17,0,46,0,0,18,0,18,4,25,35,0,64,14,0,14,78
01/05/2009,RST,MN,AGL,CE,Combined TRACON& Tower with Radar,4,34,55,0,93,0,0,33,0,33,4,34,88,0,126,4,0,4,130
01/06/2009,RST,MN,AGL,CE,Combined TRACON& Tower with Radar,6,40,38,0,84,0,0,14,0,14,6,40,52,0,98,18,0,18,116
01/07/2009,RST,MN,AGL,CE,Combined TRACON& Tower with Radar,8,38,19,0,65,0,0,0,0,0,8,38,19,0,65,0,0,0,65
01/08/2009,RST,MN,AGL,CE,Combined TRACON& Tower with Radar,8,36,40,0,84,0,0,36,0,36,8,36,76,0,120,35,0,35,155
01/09/2009,RST,MN,AGL,CE,Combined TRACON& Tower with Radar,8,38,7,0,53,0,0,11,0,11,8,38,18,0,64,20,0,20,84
01/10/2009,RST,MN,AGL,CE,Combined TRACON& Tower with Radar,4,30,51,0,85,0,0,37,0,37,4,30,88,0,122,76,0,76,198
01/11/2009,RST,MN,AGL,CE,Combined TRACON& Tower with Radar,5,30,24,0,59,0,0,2,0,2,5,30,26,0,61,0,0,0,61
01/12/2009,RST,MN,AGL,CE,Combined TRACON& Tower with Radar,5,26,11,0,42,0,0,1,0,1,5,26,12,0,43,0,0,0,43
01/13/2009,RST,MN,AGL,CE,Combined TRACON& Tower with Radar,6,37,34,0,77,0,0,10,0,10,6,37,44,0,87,10,0,10,97
01/14/2009,RST,MN,AGL,CE,Combined TRACON& Tower with Radar,6,36,25,0,67,0,1,8,0,9,6,37,33,0,76,0,0,0,76
01/15/2009,RST,MN,AGL,CE,Combined TRACON& Tower with Radar,8,39,15,0,62,0,0,2,0,2,8,39,17,0,64,10,0,10,74
01/16/2009,RST,MN,AGL,CE,Combined TRACON& Tower with Radar,6,34,17,0,57,0,0,7,0,7,6,34,24,0,64,0,0,0,64
01/17/2009,RST,MN,AGL,CE,Combined TRACON& Tower with Radar,4,32,8,0,44,0,0,0,0,0,4,32,8,0,44,0,0,0,44
01/18/2009,RST,MN,AGL,CE,Combined TRACON& Tower with Radar,5,32,13,0,50,0,0,0,0,0,5,32,13,0,50,2,0,2,52
01/19/2009,RST,MN,AGL,CE,Combined TRACON& Tower with Radar,5,32,35,0,72,0,0,14,0,14,5,32,49,0,86,30,0,30,116
01/20/2009,RST,MN,AGL,CE,Combined TRACON& Tower with Radar,11,37,39,0,87,0,0,14,0,14,11,37,53,0,101,46,0,46,147
01/21/2009,RST,MN,AGL,CE,Combined TRACON& Tower with Radar,6,36,37,2,81,0,0,8,0,8,6,36,45,2,89,28,0,28,117
01/22/2009,RST,MN,AGL,CE,Combined TRACON& Tower with Radar,8,33,63,0,104,0,0,19,0,19,8,33,82,0,123,44,0,44,167
01/23/2009,RST,MN,AGL,CE,Combined TRACON& Tower with Radar,10,47,8,0,65,0,0,1,0,1,10,47,9,0,66,0,0,0,66
01/24/2009,RST,MN,AGL,CE,Combined TRACON& Tower with Radar,4,31,16,0,51,0,0,21,0,21,4,31,37,0,72,6,0,6,78
01/25/2009,RST,MN,AGL,CE,Combined TRACON& Tower with Radar,5,26,40,0,71,0,0,22,0,22,5,26,62,0,93,54,0,54,147
01/26/2009,RST,MN,AGL,CE,Combined TRACON& Tower with Radar,7,35,29,2,73,0,0,8,0,8,7,35,37,2,81,12,0,12,93
01/27/2009,RST,MN,AGL,CE,Combined TRACON& Tower with Radar,6,32,31,9,78,0,0,29,10,39,6,32,60,19,117,30,8,38,155
01/28/2009,RST,MN,AGL,CE,Combined TRACON& Tower with Radar,6,37,24,2,69,0,0,15,4,19,6,37,39,6,88,0,30,30,118
01/29/2009,RST,MN,AGL,CE,Combined TRACON& Tower with Radar,8,35,39,0,82,0,0,11,0,11,8,35,50,0,93,32,0,32,125
01/30/2009,RST,MN,AGL,CE,Combined TRACON& Tower with Radar,6,33,12,0,51,0,0,23,0,23,6,33,35,0,74,18,0,18,92
01/31/2009,RST,MN,AGL,CE,Combined TRACON& Tower with Radar,4,29,50,0,83,0,0,21,0,21,4,29,71,0,104,60,0,60,164
02/01/2009,RST,MN,AGL,CE,Combined TRACON& Tower with Radar,3,36,17,0,56,0,0,29,0,29,3,36,46,0,85,14,0,14,99
02/02/2009,RST,MN,AGL,CE,Combined TRACON& Tower with Radar,7,34,19,0,60,0,0,17,0,17,7,34,36,0,77,33,0,33,110
02/03/2009,RST,MN,AGL,CE,Combined TRACON& Tower with Radar,6,34,34,0,74,0,0,16,0,16,6,34,50,0,90,34,0,34,124
02/04/2009,RST,MN,AGL,CE,Combined TRACON& Tower with Radar,7,42,30,0,79,0,0,22,0,22,7,42,52,0,101,48,0,48,149
02/05/2009,RST,MN,AGL,CE,Combined TRACON& Tower with Radar,6,36,74,0,116,0,0,34,0,34,6,36,108,0,150,42,0,42,192
02/06/2009,RST,MN,AGL,CE,Combined TRACON& Tower with Radar,8,41,25,0,74,0,0,23,0,23,8,41,48,0,97,46,0,46,143
02/07/2009,RST,MN,AGL,CE,Combined TRACON& Tower with Radar,4,32,38,3,77,0,0,12,0,12,4,32,50,3,89,10,0,10,99
02/08/2009,RST,MN,AGL,CE,Combined TRACON& Tower with Radar,3,26,54,2,85,0,1,42,10,53,3,27,96,12,138,98,8,106,244
02/09/2009,RST,MN,AGL,CE,Combined TRACON& Tower with Radar,9,31,13,0,53,0,0,0,0,0,9,31,13,0,53,0,0,0,53
02/10/2009,RST,MN,AGL,CE,Combined TRACON& Tower with Radar,8,38,13,0,59,0,0,8,0,8,8,38,21,0,67,0,0,0,67
02/11/2009,RST,MN,AGL,CE,Combined TRACON& Tower with Radar,5,36,56,5,102,0,3,27,0,30,5,39,83,5,132,0,0,0,132
02/12/2009,RST,MN,AGL,CE,Combined TRACON& Tower with Radar,4,34,35,0,73,0,0,14,0,14,4,34,49,0,87,28,0,28,115
02/13/2009,RST,MN,AGL,CE,Combined TRACON& Tower with Radar,6,38,26,0,70,0,0,20,0,20,6,38,46,0,90,54,0,54,144
02/14/2009,RST,MN,AGL,CE,Combined TRACON& Tower with Radar,5,31,29,0,65,0,0,42,0,42,5,31,71,0,107,68,0,68,175
02/15/2009,RST,MN,AGL,CE,Combined TRACON& Tower with Radar,0,27,12,0,39,0,0,40,0,40,0,27,52,0,79,86,0,86,165
02/16/2009,RST,MN,AGL,CE,Combined TRACON& Tower with Radar,7,34,19,0,60,0,3,25,0,28,7,37,44,0,88,24,0,24,112
02/17/2009,RST,MN,AGL,CE,Combined TRACON& Tower with Radar,4,47,53,5,109,0,0,25,0,25,4,47,78,5,134,68,16,84,218
02/18/2009,RST,MN,AGL,CE,Combined TRACON& Tower with Radar,4,37,20,0,61,0,0,1,0,1,4,37,21,0,62,2,0,2,64
02/19/2009,RST,MN,AGL,CE,Combined TRACON& Tower with Radar,4,45,54,12,115,0,0,24,0,24,4,45,78,12,139,26,20,46,185
02/20/2009,RST,MN,AGL,CE,Combined TRACON& Tower with Radar,8,34,21,0,63,0,0,10,0,10,8,34,31,0,73,42,0,42,115
02/21/2009,RST,MN,AGL,CE,Combined TRACON& Tower with Radar,6,36,10,0,52,0,0,0,0,0,6,36,10,0,52,0,0,0,52
02/22/2009,RST,MN,AGL,CE,Combined TRACON& Tower with Radar,0,25,24,0,49,0,0,45,0,45,0,25,69,0,94,66,0,66,160
02/23/2009,RST,MN,AGL,CE,Combined TRACON& Tower with Radar,5,38,53,0,96,0,0,32,0,32,5,38,85,0,128,0,0,0,128
02/24/2009,RST,MN,AGL,CE,Combined TRACON& Tower with Radar,6,41,32,0,79,0,0,24,0,24,6,41,56,0,103,14,0,14,117
02/25/2009,RST,MN,AGL,CE,Combined TRACON& Tower with Radar,4,47,80,4,135,0,0,29,0,29,4,47,109,4,164,54,0,54,218
02/26/2009,RST,MN,AGL,CE,Combined TRACON& Tower with Radar,2,25,19,0,46,0,0,0,0,0,2,25,19,0,46,0,0,0,46
02/27/2009,RST,MN,AGL,CE,Combined TRACON& Tower with Radar,6,44,19,2,71,0,0,21,0,21,6,44,40,2,92,6,0,6,98
02/28/2009,RST,MN,AGL,CE,Combined TRACON& Tower with Radar,7,30,45,0,82,0,0,35,0,35,7,30,80,0,117,46,0,46,163
03/01/2009,RST,MN,AGL,CE,Combined TRACON& Tower with Radar,0,29,66,0,95,0,0,39,0,39,0,29,105,0,134,34,0,34,168
03/02/2009,RST,MN,AGL,CE,Combined TRACON& Tower with Radar,5,32,59,0,96,0,0,27,0,27,5,32,86,0,123,92,0,92,215
03/03/2009,RST,MN,AGL,CE,Combined TRACON& Tower with Radar,4,38,69,0,111,0,0,29,0,29,4,38,98,0,140,22,0,22,162
03/04/2009,RST,MN,AGL,CE,Combined TRACON& Tower with Radar,4,43,32,0,79,0,3,21,0,24,4,46,53,0,103,80,0,80,183
03/05/2009,RST,MN,AGL,CE,Combined TRACON& Tower with Radar,4,40,17,0,61,0,0,0,0,0,4,40,17,0,61,0,0,0,61
03/06/2009,RST,MN,AGL,CE,Combined TRACON& Tower with Radar,6,51,34,0,91,0,0,24,0,24,6,51,58,0,115,98,0,98,213
03/07/2009,RST,MN,AGL,CE,Combined TRACON& Tower with Radar,4,29,29,0,62,0,0,18,0,18,4,29,47,0,80,36,0,36,116
03/08/2009,RST,MN,AGL,CE,Combined TRACON& Tower with Radar,1,32,6,0,39,0,0,2,0,2,1,32,8,0,41,0,0,0,41
03/09/2009,RST,MN,AGL,CE,Combined TRACON& Tower with Radar,5,33,12,0,50,0,0,0,0,0,5,33,12,0,50,0,0,0,50
03/10/2009,RST,MN,AGL,CE,Combined TRACON& Tower with Radar,4,32,18,0,54,0,0,0,0,0,4,32,18,0,54,0,0,0,54
03/11/2009,RST,MN,AGL,CE,Combined TRACON& Tower with Radar,2,42,40,0,84,0,1,6,0,7,2,43,46,0,91,2,0,2,93
03/12/2009,RST,MN,AGL,CE,Combined TRACON& Tower with Radar,4,43,35,0,82,0,0,27,0,27,4,43,62,0,109,20,0,20,129
03/13/2009,RST,MN,AGL,CE,Combined TRACON& Tower with Radar,8,47,57,2,114,0,0,29,0,29,8,47,86,2,143,70,0,70,213
03/14/2009,RST,MN,AGL,CE,Combined TRACON& Tower with Radar,3,32,18,0,53,0,0,52,0,52,3,32,70,0,105,70,0,70,175
03/15/2009,RST,MN,AGL,CE,Combined TRACON& Tower with Radar,2,33,41,0,76,0,0,53,0,53,2,33,94,0,129,68,0,68,197
03/16/2009,RST,MN,AGL,CE,Combined TRACON& Tower with Radar,7,29,47,0,83,0,0,21,0,21,7,29,68,0,104,22,0,22,126
03/17/2009,RST,MN,AGL,CE,Combined TRACON& Tower with Radar,8,39,35,2,84,0,0,18,0,18,8,39,53,2,102,57,0,57,159
03/18/2009,RST,MN,AGL,CE,Combined TRACON& Tower with Radar,6,36,40,12,94,6,36,37,0,79,12,72,77,12,173,20,0,20,193
03/19/2009,RST,MN,AGL,CE,Combined TRACON& Tower with Radar,4,34,19,2,59,0,0,29,0,29,4,34,48,2,88,26,0,26,114
03/20/2009,RST,MN,AGL,CE,Combined TRACON& Tower with Radar,6,43,17,0,66,0,0,12,1,13,6,43,29,1,79,32,0,32,111
03/21/2009,RST,MN,AGL,CE,Combined TRACON& Tower with Radar,3,29,66,0,98,0,0,47,0,47,3,29,113,0,145,118,0,118,263
03/22/2009,RST,MN,AGL,CE,Combined TRACON& Tower with Radar,2,28,19,0,49,0,0,22,0,22,2,28,41,0,71,20,0,20,91
03/23/2009,RST,MN,AGL,CE,Combined TRACON& Tower with Radar,8,35,5,0,48,0,0,0,0,0,8,35,5,0,48,0,0,0,48
03/24/2009,RST,MN,AGL,CE,Combined TRACON& Tower with Radar,4,47,28,2,81,0,0,0,0,0,4,47,28,2,81,6,0,6,87
03/25/2009,RST,MN,AGL,CE,Combined TRACON& Tower with Radar,4,38,32,0,74,0,0,15,0,15,4,38,47,0,89,8,0,8,97
03/26/2009,RST,MN,AGL,CE,Combined TRACON& Tower with Radar,6,35,39,0,80,0,0,11,0,11,6,35,50,0,91,8,0,8,99
03/27/2009,RST,MN,AGL,CE,Combined TRACON& Tower with Radar,6,38,34,0,78,0,0,0,0,0,6,38,34,0,78,44,0,44,122
03/28/2009,RST,MN,AGL,CE,Combined TRACON& Tower with Radar,3,30,53,0,86,0,0,38,0,38,3,30,91,0,124,140,0,140,264
03/29/2009,RST,MN,AGL,CE,Combined TRACON& Tower with Radar,2,30,17,0,49,0,1,37,0,38,2,31,54,0,87,52,0,52,139
03/30/2009,RST,MN,AGL,CE,Combined TRACON& Tower with Radar,5,31,29,0,65,0,0,8,0,8,5,31,37,0,73,22,0,22,95
03/31/2009,RST,MN,AGL,CE,Combined TRACON& Tower with Radar,4,30,18,0,52,0,0,0,0,0,4,30,18,0,52,0,0,0,52
04/01/2009,RST,MN,AGL,CE,Combined TRACON& Tower with Radar,4,39,20,0,63,0,0,10,0,10,4,39,30,0,73,0,0,0,73
04/02/2009,RST,MN,AGL,CE,Combined TRACON& Tower with Radar,4,36,31,0,71,0,1,15,0,16,4,37,46,0,87,14,0,14,101
04/03/2009,RST,MN,AGL,CE,Combined TRACON& Tower with Radar,8,41,26,2,77,0,0,41,2,43,8,41,67,4,120,42,14,56,176
04/04/2009,RST,MN,AGL,CE,Combined TRACON& Tower with Radar,2,34,23,0,59,0,0,12,0,12,2,34,35,0,71,22,0,22,93
04/05/2009,RST,MN,AGL,CE,Combined TRACON& Tower with Radar,0,29,9,0,38,0,0,0,0,0,0,29,9,0,38,0,0,0,38
04/06/2009,RST,MN,AGL,CE,Combined TRACON& Tower with Radar,3,37,26,2,68,0,0,27,0,27,3,37,53,2,95,48,0,48,143
04/07/2009,RST,MN,AGL,CE,Combined TRACON& Tower with Radar,2,39,34,0,75,0,0,19,0,19,2,39,53,0,94,40,0,40,134
04/08/2009,RST,MN,AGL,CE,Combined TRACON& Tower with Radar,2,43,76,0,121,0,0,44,0,44,2,43,120,0,165,118,0,118,283
04/09/2009,RST,MN,AGL,CE,Combined TRACON& Tower with Radar,2,41,63,0,106,0,0,30,0,30,2,41,93,0,136,66,0,66,202
04/10/2009,RST,MN,AGL,CE,Combined TRACON& Tower with Radar,4,36,38,0,78,0,0,55,0,55,4,36,93,0,133,82,0,82,215
04/11/2009,RST,MN,AGL,CE,Combined TRACON& Tower with Radar,1,27,21,0,49,0,0,68,0,68,1,27,89,0,117,132,0,132,249
04/12/2009,RST,MN,AGL,CE,Combined TRACON& Tower with Radar,0,28,25,0,53,0,0,17,0,17,0,28,42,0,70,0,0,0,70
04/13/2009,RST,MN,AGL,CE,Combined TRACON& Tower with Radar,5,32,19,0,56,0,0,14,0,14,5,32,33,0,70,2,0,2,72
04/14/2009,RST,MN,AGL,CE,Combined TRACON& Tower with Radar,2,38,90,0,130,0,0,47,0,47,2,38,137,0,177,38,0,38,215
04/15/2009,RST,MN,AGL,CE,Combined TRACON& Tower with Radar,3,47,61,0,111,0,0,30,0,30,3,47,91,0,141,22,2,24,165
04/16/2009,RST,MN,AGL,CE,Combined TRACON& Tower with Radar,6,37,28,0,71,0,2,46,0,48,6,39,74,0,119,46,0,46,165
04/17/2009,RST,MN,AGL,CE,Combined TRACON& Tower with Radar,7,41,42,0,90,0,0,44,0,44,7,41,86,0,134,50,0,50,184
04/18/2009,RST,MN,AGL,CE,Combined TRACON& Tower with Radar,1,33,24,0,58,0,0,41,0,41,1,33,65,0,99,44,0,44,143
04/19/2009,RST,MN,AGL,CE,Combined TRACON& Tower with Radar,1,24,38,0,63,0,0,1,0,1,1,24,39,0,64,0,0,0,64
04/20/2009,RST,MN,AGL,CE,Combined TRACON& Tower with Radar,3,36,21,0,60,0,0,3,0,3,3,36,24,0,63,0,0,0,63
04/21/2009,RST,MN,AGL,CE,Combined TRACON& Tower with Radar,2,40,30,0,72,0,2,9,0,11,2,42,39,0,83,8,0,8,91
04/22/2009,RST,MN,AGL,CE,Combined TRACON& Tower with Radar,2,50,29,0,81,0,0,61,0,61,2,50,90,0,142,104,0,104,246
04/23/2009,RST,MN,AGL,CE,Combined TRACON& Tower with Radar,2,50,28,0,80,0,0,19,0,19,2,50,47,0,99,26,0,26,125
04/24/2009,RST,MN,AGL,CE,Combined TRACON& Tower with Radar,4,38,20,0,62,0,0,19,0,19,4,38,39,0,81,102,0,102,183
04/25/2009,RST,MN,AGL,CE,Combined TRACON& Tower with Radar,1,22,29,0,52,0,0,7,0,7,1,22,36,0,59,4,0,4,63
04/26/2009,RST,MN,AGL,CE,Combined TRACON& Tower with Radar,0,28,15,0,43,0,0,0,0,0,0,28,15,0,43,0,0,0,43
04/27/2009,RST,MN,AGL,CE,Combined TRACON& Tower with Radar,3,33,43,0,79,0,0,8,0,8,3,33,51,0,87,22,0,22,109
04/28/2009,RST,MN,AGL,CE,Combined TRACON& Tower with Radar,2,34,84,0,120,0,0,51,0,51,2,34,135,0,171,114,0,114,285
04/29/2009,RST,MN,AGL,CE,Combined TRACON& Tower with Radar,4,43,38,0,85,0,0,3,0,3,4,43,41,0,88,56,0,56,144
04/30/2009,RST,MN,AGL,CE,Combined TRACON& Tower with Radar,4,37,29,0,70,0,0,10,0,10,4,37,39,0,80,20,0,20,100
05/01/2009,RST,MN,AGL,CE,Combined TRACON& Tower with Radar,3,35,33,0,71,0,0,17,0,17,3,35,50,0,88,20,0,20,108
05/02/2009,RST,MN,AGL,CE,Combined TRACON& Tower with Radar,6,32,51,0,89,0,0,35,1,36,6,32,86,1,125,28,0,28,153
05/03/2009,RST,MN,AGL,CE,Combined TRACON& Tower with Radar,0,29,28,0,57,0,1,55,0,56,0,30,83,0,113,62,0,62,175
05/04/2009,RST,MN,AGL,CE,Combined TRACON& Tower with Radar,6,34,23,4,67,0,0,34,0,34,6,34,57,4,101,102,0,102,203
05/05/2009,RST,MN,AGL,CE,Combined TRACON& Tower with Radar,4,39,25,0,68,0,0,14,0,14,4,39,39,0,82,0,0,0,82
05/06/2009,RST,MN,AGL,CE,Combined TRACON& Tower with Radar,4,33,29,0,66,0,0,12,0,12,4,33,41,0,78,38,0,38,116
05/07/2009,RST,MN,AGL,CE,Combined TRACON& Tower with Radar,2,40,40,0,82,0,0,13,0,13,2,40,53,0,95,44,0,44,139
05/08/2009,RST,MN,AGL,CE,Combined TRACON& Tower with Radar,6,39,64,0,109,0,0,19,0,19,6,39,83,0,128,24,0,24,152
05/09/2009,RST,MN,AGL,CE,Combined TRACON& Tower with Radar,3,35,14,0,52,0,0,17,0,17,3,35,31,0,69,10,0,10,79
05/10/2009,RST,MN,AGL,CE,Combined TRACON& Tower with Radar,0,32,13,0,45,0,0,22,0,22,0,32,35,0,67,42,0,42,109
05/11/2009,RST,MN,AGL,CE,Combined TRACON& Tower with Radar,3,42,40,0,85,0,0,44,0,44,3,42,84,0,129,56,0,56,185
05/12/2009,RST,MN,AGL,CE,Combined TRACON& Tower with Radar,2,37,30,0,69,0,1,4,0,5,2,38,34,0,74,12,0,12,86
05/13/2009,RST,MN,AGL,CE,Combined TRACON& Tower with Radar,2,32,29,0,63,0,0,2,0,2,2,32,31,0,65,0,0,0,65
05/14/2009,RST,MN,AGL,CE,Combined TRACON& Tower with Radar,2,42,70,0,114,0,0,38,0,38,2,42,108,0,152,72,0,72,224
05/15/2009,RST,MN,AGL,CE,Combined TRACON& Tower with Radar,4,39,22,0,65,0,0,7,0,7,4,39,29,0,72,12,0,12,84
05/16/2009,RST,MN,AGL,CE,Combined TRACON& Tower with Radar,3,36,11,0,50,0,0,20,0,20,3,36,31,0,70,30,0,30,100
05/17/2009,RST,MN,AGL,CE,Combined TRACON& Tower with Radar,0,37,78,0,115,0,0,55,0,55,0,37,133,0,170,62,0,62,232
05/18/2009,RST,MN,AGL,CE,Combined TRACON& Tower with Radar,3,32,31,0,66,0,0,16,0,16,3,32,47,0,82,22,0,22,104
05/19/2009,RST,MN,AGL,CE,Combined TRACON& Tower with Radar,2,48,38,0,88,0,0,33,0,33,2,48,71,0,121,52,0,52,173
05/20/2009,RST,MN,AGL,CE,Combined TRACON& Tower with Radar,2,38,34,0,74,0,2,10,0,12,2,40,44,0,86,5,0,5,91
05/21/2009,RST,MN,AGL,CE,Combined TRACON& Tower with Radar,2,46,71,0,119,0,0,43,0,43,2,46,114,0,162,100,0,100,262
05/22/2009,RST,MN,AGL,CE,Combined TRACON& Tower with Radar,6,49,68,0,123,0,0,32,0,32,6,49,100,0,155,56,0,56,211
05/23/2009,RST,MN,AGL,CE,Combined TRACON& Tower with Radar,1,41,32,1,75,0,0,8,0,8,1,41,40,1,83,16,0,16,99
05/24/2009,RST,MN,AGL,CE,Combined TRACON& Tower with Radar,0,25,57,0,82,0,0,39,0,39,0,25,96,0,121,78,0,78,199
05/25/2009,RST,MN,AGL,CE,Combined TRACON& Tower with Radar,2,37,23,0,62,0,0,11,0,11,2,37,34,0,73,24,0,24,97
05/26/2009,RST,MN,AGL,CE,Combined TRACON& Tower with Radar,1,34,25,0,60,0,0,3,0,3,1,34,28,0,63,12,0,12,75
05/27/2009,RST,MN,AGL,CE,Combined TRACON& Tower with Radar,2,35,54,4,95,0,0,0,0,0,2,35,54,4,95,0,0,0,95
05/28/2009,RST,MN,AGL,CE,Combined TRACON& Tower with Radar,2,44,104,2,152,0,0,52,0,52,2,44,156,2,204,90,0,90,294
05/29/2009,RST,MN,AGL,CE,Combined TRACON& Tower with Radar,4,42,35,8,89,0,0,45,3,48,4,42,80,11,137,32,6,38,175
05/30/2009,RST,MN,AGL,CE,Combined TRACON& Tower with Radar,1,33,19,0,53,0,0,23,0,23,1,33,42,0,76,14,0,14,90
05/31/2009,RST,MN,AGL,CE,Combined TRACON& Tower with Radar,1,25,23,0,49,0,0,19,0,19,1,25,42,0,68,14,0,14,82
06/01/2009,RST,MN,AGL,CE,Combined TRACON& Tower with Radar,4,28,31,0,63,0,0,18,2,20,4,28,49,2,83,10,0,10,93
06/02/2009,RST,MN,AGL,CE,Combined TRACON& Tower with Radar,2,38,28,2,70,0,0,45,0,45,2,38,73,2,115,56,0,56,171
06/03/2009,RST,MN,AGL,CE,Combined TRACON& Tower with Radar,4,43,29,0,76,0,0,39,0,39,4,43,68,0,115,108,0,108,223
06/04/2009,RST,MN,AGL,CE,Combined TRACON& Tower with Radar,2,36,83,0,121,0,0,58,0,58,2,36,141,0,179,72,0,72,251
06/05/2009,RST,MN,AGL,CE,Combined TRACON& Tower with Radar,4,34,76,0,114,0,0,41,0,41,4,34,117,0,155,46,0,46,201
06/06/2009,RST,MN,AGL,CE,Combined TRACON& Tower with Radar,1,32,5,0,38,0,0,0,0,0,1,32,5,0,38,0,0,0,38
06/07/2009,RST,MN,AGL,CE,Combined TRACON& Tower with Radar,0,31,40,0,71,0,0,0,0,0,0,31,40,0,71,0,0,0,71
06/08/2009,RST,MN,AGL,CE,Combined TRACON& Tower with Radar,3,44,29,0,76,0,1,0,0,1,3,45,29,0,77,4,0,4,81
06/09/2009,RST,MN,AGL,CE,Combined TRACON& Tower with Radar,2,43,65,0,110,0,0,22,0,22,2,43,87,0,132,156,0,156,288
06/10/2009,RST,MN,AGL,CE,Combined TRACON& Tower with Radar,2,43,33,2,80,0,0,27,0,27,2,43,60,2,107,30,0,30,137
06/11/2009,RST,MN,AGL,CE,Combined TRACON& Tower with Radar,4,41,44,0,89,0,0,33,0,33,4,41,77,0,122,88,0,88,210
06/12/2009,RST,MN,AGL,CE,Combined TRACON& Tower with Radar,4,41,22,0,67,0,0,21,0,21,4,41,43,0,88,40,0,40,128
06/13/2009,RST,MN,AGL,CE,Combined TRACON& Tower with Radar,1,27,15,0,43,0,0,32,0,32,1,27,47,0,75,46,0,46,121
06/14/2009,RST,MN,AGL,CE,Combined TRACON& Tower with Radar,2,29,13,0,44,0,0,46,0,46,2,29,59,0,90,10,0,10,100
06/15/2009,RST,MN,AGL,CE,Combined TRACON& Tower with Radar,3,35,40,0,78,0,0,19,0,19,3,35,59,0,97,34,0,34,131
06/16/2009,RST,MN,AGL,CE,Combined TRACON& Tower with Radar,2,35,47,0,84,0,0,8,0,8,2,35,55,0,92,38,0,38,130
06/17/2009,RST,MN,AGL,CE,Combined TRACON& Tower with Radar,4,34,38,0,76,0,0,10,0,10,4,34,48,0,86,22,0,22,108
06/18/2009,RST,MN,AGL,CE,Combined TRACON& Tower with Radar,2,34,22,0,58,0,0,15,0,15,2,34,37,0,73,26,0,26,99
06/19/2009,RST,MN,AGL,CE,Combined TRACON& Tower with Radar,6,30,16,0,52,0,0,16,0,16,6,30,32,0,68,46,0,46,114
06/20/2009,RST,MN,AGL,CE,Combined TRACON& Tower with Radar,1,25,38,0,64,0,0,67,0,67,1,25,105,0,131,24,0,24,155
06/21/2009,RST,MN,AGL,CE,Combined TRACON& Tower with Radar,0,32,44,0,76,0,0,25,0,25,0,32,69,0,101,4,0,4,105
06/22/2009,RST,MN,AGL,CE,Combined TRACON& Tower with Radar,3,35,53,0,91,0,0,35,0,35,3,35,88,0,126,0,0,0,126
06/23/2009,RST,MN,AGL,CE,Combined TRACON& Tower with Radar,2,40,43,0,85,0,0,16,0,16,2,40,59,0,101,36,0,36,137
06/24/2009,RST,MN,AGL,CE,Combined TRACON& Tower with Radar,2,35,32,0,69,0,2,23,0,25,2,37,55,0,94,84,0,84,178
06/25/2009,RST,MN,AGL,CE,Combined TRACON& Tower with Radar,2,44,28,10,84,0,0,41,1,42,2,44,69,11,126,80,14,94,220
06/26/2009,RST,MN,AGL,CE,Combined TRACON& Tower with Radar,4,39,37,0,80,0,0,34,0,34,4,39,71,0,114,52,0,52,166
06/27/2009,RST,MN,AGL,CE,Combined TRACON& Tower with Radar,1,29,27,0,57,0,0,6,0,6,1,29,33,0,63,0,0,0,63
06/28/2009,RST,MN,AGL,CE,Combined TRACON& Tower with Radar,0,25,47,0,72,0,0,3,0,3,0,25,50,0,75,28,0,28,103
06/29/2009,RST,MN,AGL,CE,Combined TRACON& Tower with Radar,3,39,61,0,103,0,0,17,0,17,3,39,78,0,120,16,0,16,136
06/30/2009,RST,MN,AGL,CE,Combined TRACON& Tower with Radar,2,34,46,0,82,0,0,24,0,24,2,34,70,0,106,68,0,68,174
07/01/2009,RST,MN,AGL,CE,Combined TRACON& Tower with Radar,2,36,54,0,92,0,1,15,0,16,2,37,69,0,108,52,0,52,160
07/02/2009,RST,MN,AGL,CE,Combined TRACON& Tower with Radar,2,32,49,0,83,0,0,49,0,49,2,32,98,0,132,72,0,72,204
07/03/2009,RST,MN,AGL,CE,Combined TRACON& Tower with Radar,3,25,52,0,80,0,0,43,0,43,3,25,95,0,123,48,0,48,171
07/04/2009,RST,MN,AGL,CE,Combined TRACON& Tower with Radar,10,24,18,0,52,0,0,10,0,10,10,24,28,0,62,14,0,14,76
07/05/2009,RST,MN,AGL,CE,Combined TRACON& Tower with Radar,0,30,28,0,58,0,0,71,0,71,0,30,99,0,129,38,0,38,167
07/06/2009,RST,MN,AGL,CE,Combined TRACON& Tower with Radar,3,31,39,0,73,0,1,46,0,47,3,32,85,0,120,58,0,58,178
07/07/2009,RST,MN,AGL,CE,Combined TRACON& Tower with Radar,2,46,75,0,123,0,0,21,0,21,2,46,96,0,144,8,0,8,152
07/08/2009,RST,MN,AGL,CE,Combined TRACON& Tower with Radar,4,53,60,0,117,0,0,4,0,4,4,53,64,0,121,0,0,0,121
07/09/2009,RST,MN,AGL,CE,Combined TRACON& Tower with Radar,2,37,39,0,78,0,0,12,0,12,2,37,51,0,90,22,0,22,112
07/10/2009,RST,MN,AGL,CE,Combined TRACON& Tower with Radar,4,37,69,0,110,0,0,28,0,28,4,37,97,0,138,44,0,44,182
07/11/2009,RST,MN,AGL,CE,Combined TRACON& Tower with Radar,1,27,65,0,93,0,0,44,0,44,1,27,109,0,137,82,0,82,219
07/12/2009,RST,MN,AGL,CE,Combined TRACON& Tower with Radar,0,32,13,0,45,0,0,40,0,40,0,32,53,0,85,32,0,32,117
07/13/2009,RST,MN,AGL,CE,Combined TRACON& Tower with Radar,3,40,25,0,68,0,0,46,0,46,3,40,71,0,114,20,0,20,134
07/14/2009,RST,MN,AGL,CE,Combined TRACON& Tower with Radar,2,45,35,0,82,0,0,9,0,9,2,45,44,0,91,0,0,0,91
07/15/2009,RST,MN,AGL,CE,Combined TRACON& Tower with Radar,2,41,34,0,77,0,0,35,0,35,2,41,69,0,112,46,0,46,158
07/16/2009,RST,MN,AGL,CE,Combined TRACON& Tower with Radar,3,42,29,0,74,0,0,40,0,40,3,42,69,0,114,54,0,54,168
07/17/2009,RST,MN,AGL,CE,Combined TRACON& Tower with Radar,7,38,39,0,84,0,0,33,6,39,7,38,72,6,123,18,12,30,153
07/18/2009,RST,MN,AGL,CE,Combined TRACON& Tower with Radar,1,35,92,0,128,0,0,56,0,56,1,35,148,0,184,10,0,10,194
07/19/2009,RST,MN,AGL,CE,Combined TRACON& Tower with Radar,0,28,22,0,50,0,0,98,0,98,0,28,120,0,148,82,0,82,230
07/20/2009,RST,MN,AGL,CE,Combined TRACON& Tower with Radar,3,34,41,0,78,0,0,38,0,38,3,34,79,0,116,20,0,20,136
07/21/2009,RST,MN,AGL,CE,Combined TRACON& Tower with Radar,2,33,18,0,53,0,0,14,0,14,2,33,32,0,67,42,0,42,109
07/22/2009,RST,MN,AGL,CE,Combined TRACON& Tower with Radar,4,36,57,2,99,0,0,28,0,28,4,36,85,2,127,120,0,120,247
07/23/2009,RST,MN,AGL,CE,Combined TRACON& Tower with Radar,2,40,75,0,117,0,0,39,0,39,2,40,114,0,156,76,0,76,232
07/24/2009,RST,MN,AGL,CE,Combined TRACON& Tower with Radar,4,34,21,0,59,0,0,20,0,20,4,34,41,0,79,16,0,16,95
07/25/2009,RST,MN,AGL,CE,Combined TRACON& Tower with Radar,1,24,16,0,41,0,0,27,0,27,1,24,43,0,68,22,0,22,90
07/26/2009,RST,MN,AGL,CE,Combined TRACON& Tower with Radar,0,30,23,0,53,0,0,40,0,40,0,30,63,0,93,34,0,34,127
07/27/2009,RST,MN,AGL,CE,Combined TRACON& Tower with Radar,3,31,49,0,83,0,0,24,0,24,3,31,73,0,107,22,0,22,129
07/28/2009,RST,MN,AGL,CE,Combined TRACON& Tower with Radar,2,47,64,0,113,0,0,32,0,32,2,47,96,0,145,20,0,20,165
07/29/2009,RST,MN,AGL,CE,Combined TRACON& Tower with Radar,4,30,32,0,66,0,0,58,0,58,4,30,90,0,124,90,0,90,214
07/30/2009,RST,MN,AGL,CE,Combined TRACON& Tower with Radar,2,41,21,0,64,0,0,21,0,21,2,41,42,0,85,32,0,32,117
07/31/2009,RST,MN,AGL,CE,Combined TRACON& Tower with Radar,6,34,80,0,120,0,0,9,0,9,6,34,89,0,129,22,0,22,151
08/01/2009,RST,MN,AGL,CE,Combined TRACON& Tower with Radar,1,29,16,0,46,0,0,25,0,25,1,29,41,0,71,14,0,14,85
08/02/2009,RST,MN,AGL,CE,Combined TRACON& Tower with Radar,2,27,22,0,51,0,0,58,0,58,2,27,80,0,109,8,0,8,117
08/03/2009,RST,MN,AGL,CE,Combined TRACON& Tower with Radar,3,39,31,0,73,0,2,38,0,40,3,41,69,0,113,60,0,60,173
08/04/2009,RST,MN,AGL,CE,Combined TRACON& Tower with Radar,2,40,65,0,107,0,0,41,0,41,2,40,106,0,148,40,0,40,188
08/05/2009,RST,MN,AGL,CE,Combined TRACON& Tower with Radar,2,37,34,0,73,0,3,49,0,52,2,40,83,0,125,102,0,102,227
08/06/2009,RST,MN,AGL,CE,Combined TRACON& Tower with Radar,4,36,73,0,113,0,0,37,0,37,4,36,110,0,150,50,0,50,200
08/07/2009,RST,MN,AGL,CE,Combined TRACON& Tower with Radar,4,40,22,2,68,0,0,0,0,0,4,40,22,2,68,0,0,0,68
08/08/2009,RST,MN,AGL,CE,Combined TRACON& Tower with Radar,3,31,28,18,80,0,0,13,0,13,3,31,41,18,93,34,0,34,127
08/09/2009,RST,MN,AGL,CE,Combined TRACON& Tower with Radar,0,27,21,3,51,0,0,19,0,19,0,27,40,3,70,26,0,26,96
08/10/2009,RST,MN,AGL,CE,Combined TRACON& Tower with Radar,3,36,31,12,82,0,0,26,0,26,3,36,57,12,108,76,0,76,184
08/11/2009,RST,MN,AGL,CE,Combined TRACON& Tower with Radar,2,40,89,6,137,0,0,57,0,57,2,40,146,6,194,36,0,36,230
08/12/2009,RST,MN,AGL,CE,Combined TRACON& Tower with Radar,2,36,67,1,106,0,7,50,0,57,2,43,117,1,163,64,0,64,227
08/13/2009,RST,MN,AGL,CE,Combined TRACON& Tower with Radar,2,34,34,11,81,0,0,28,1,29,2,34,62,12,110,34,0,34,144
08/14/2009,RST,MN,AGL,CE,Combined TRACON& Tower with Radar,6,36,20,0,62,0,0,27,0,27,6,36,47,0,89,4,0,4,93
08/15/2009,RST,MN,AGL,CE,Combined TRACON& Tower with Radar,1,33,50,0,84,0,0,35,0,35,1,33,85,0,119,18,0,18,137
08/16/2009,RST,MN,AGL,CE,Combined TRACON& Tower with Radar,0,28,33,0,61,0,0,12,0,12,0,28,45,0,73,48,0,48,121
08/17/2009,RST,MN,AGL,CE,Combined TRACON& Tower with Radar,3,33,31,0,67,0,1,42,0,43,3,34,73,0,110,10,0,10,120
08/18/2009,RST,MN,AGL,CE,Combined TRACON& Tower with Radar,2,32,51,4,89,0,2,30,0,32,2,34,81,4,121,12,0,12,133
08/19/2009,RST,MN,AGL,CE,Combined TRACON& Tower with Radar,4,35,40,0,79,0,0,8,0,8,4,35,48,0,87,0,0,0,87
08/20/2009,RST,MN,AGL,CE,Combined TRACON& Tower with Radar,2,34,32,0,68,0,0,0,0,0,2,34,32,0,68,0,0,0,68
08/21/2009,RST,MN,AGL,CE,Combined TRACON& Tower with Radar,4,34,31,0,69,0,0,10,0,10,4,34,41,0,79,12,0,12,91
08/22/2009,RST,MN,AGL,CE,Combined TRACON& Tower with Radar,1,26,86,0,113,0,0,65,0,65,1,26,151,0,178,118,0,118,296
08/23/2009,RST,MN,AGL,CE,Combined TRACON& Tower with Radar,0,37,27,0,64,0,0,54,0,54,0,37,81,0,118,60,0,60,178
08/24/2009,RST,MN,AGL,CE,Combined TRACON& Tower with Radar,3,37,33,0,73,0,0,23,0,23,3,37,56,0,96,24,0,24,120
08/25/2009,RST,MN,AGL,CE,Combined TRACON& Tower with Radar,2,48,41,0,91,0,0,31,0,31,2,48,72,0,122,14,0,14,136
08/26/2009,RST,MN,AGL,CE,Combined TRACON& Tower with Radar,2,49,42,2,95,0,1,37,0,38,2,50,79,2,133,68,0,68,201
08/27/2009,RST,MN,AGL,CE,Combined TRACON& Tower with Radar,2,39,35,0,76,0,0,49,0,49,2,39,84,0,125,50,0,50,175
08/28/2009,RST,MN,AGL,CE,Combined TRACON& Tower with Radar,4,42,70,0,116,0,0,26,0,26,4,42,96,0,142,40,0,40,182
08/29/2009,RST,MN,AGL,CE,Combined TRACON& Tower with Radar,1,29,16,0,46,0,0,19,0,19,1,29,35,0,65,18,0,18,83
08/30/2009,RST,MN,AGL,CE,Combined TRACON& Tower with Radar,0,27,19,0,46,0,0,60,0,60,0,27,79,0,106,58,0,58,164
08/31/2009,RST,MN,AGL,CE,Combined TRACON& Tower with Radar,3,28,42,0,73,0,0,29,0,29,3,28,71,0,102,22,0,22,124
09/01/2009,RST,MN,AGL,CE,Combined TRACON& Tower with Radar,2,37,27,0,66,0,0,52,2,54,2,37,79,2,120,70,0,70,190
09/02/2009,RST,MN,AGL,CE,Combined TRACON& Tower with Radar,3,36,77,0,116,0,0,41,0,41,3,36,118,0,157,46,0,46,203
09/03/2009,RST,MN,AGL,CE,Combined TRACON& Tower with Radar,2,32,68,0,102,0,0,32,0,32,2,32,100,0,134,36,0,36,170
09/04/2009,RST,MN,AGL,CE,Combined TRACON& Tower with Radar,4,35,72,2,113,0,0,36,0,36,4,35,108,2,149,32,0,32,181
09/05/2009,RST,MN,AGL,CE,Combined TRACON& Tower with Radar,1,25,82,0,108,0,0,54,0,54,1,25,136,0,162,62,0,62,224
09/06/2009,RST,MN,AGL,CE,Combined TRACON& Tower with Radar,0,18,84,0,102,0,0,63,0,63,0,18,147,0,165,40,0,40,205
09/07/2009,RST,MN,AGL,CE,Combined TRACON& Tower with Radar,2,36,29,9,76,0,0,40,0,40,2,36,69,9,116,48,0,48,164
09/08/2009,RST,MN,AGL,CE,Combined TRACON& Tower with Radar,1,38,29,0,68,0,0,18,0,18,1,38,47,0,86,22,0,22,108
09/09/2009,RST,MN,AGL,CE,Combined TRACON& Tower with Radar,3,43,40,7,93,0,0,30,0,30,3,43,70,7,123,46,8,54,177
09/10/2009,RST,MN,AGL,CE,Combined TRACON& Tower with Radar,2,35,47,0,84,0,0,27,0,27,2,35,74,0,111,30,0,30,141
09/11/2009,RST,MN,AGL,CE,Combined TRACON& Tower with Radar,4,37,30,0,71,0,0,31,3,34,4,37,61,3,105,58,0,58,163
09/12/2009,RST,MN,AGL,CE,Combined TRACON& Tower with Radar,5,39,43,0,87,0,0,30,0,30,5,39,73,0,117,24,0,24,141
09/13/2009,RST,MN,AGL,CE,Combined TRACON& Tower with Radar,0,22,20,0,42,0,0,65,0,65,0,22,85,0,107,72,0,72,179
09/14/2009,RST,MN,AGL,CE,Combined TRACON& Tower with Radar,5,33,29,0,67,0,4,32,0,36,5,37,61,0,103,38,0,38,141
09/15/2009,RST,MN,AGL,CE,Combined TRACON& Tower with Radar,4,46,101,8,159,0,0,58,0,58,4,46,159,8,217,38,0,38,255
09/16/2009,RST,MN,AGL,CE,Combined TRACON& Tower with Radar,4,38,32,0,74,0,3,44,0,47,4,41,76,0,121,0,0,0,121
09/17/2009,RST,MN,AGL,CE,Combined TRACON& Tower with Radar,3,35,83,0,121,0,0,50,0,50,3,35,133,0,171,164,0,164,335
09/18/2009,RST,MN,AGL,CE,Combined TRACON& Tower with Radar,4,42,28,0,74,0,0,57,0,57,4,42,85,0,131,92,0,92,223
09/19/2009,RST,MN,AGL,CE,Combined TRACON& Tower with Radar,1,25,37,0,63,0,0,34,0,34,1,25,71,0,97,22,0,22,119
09/20/2009,RST,MN,AGL,CE,Combined TRACON& Tower with Radar,1,35,34,0,70,0,0,39,0,39,1,35,73,0,109,56,0,56,165
09/21/2009,RST,MN,AGL,CE,Combined TRACON& Tower with Radar,3,36,26,0,65,0,3,1,0,4,3,39,27,0,69,0,0,0,69
09/22/2009,RST,MN,AGL,CE,Combined TRACON& Tower with Radar,8,52,34,0,94,0,20,2,0,22,8,72,36,0,116,0,0,0,116
09/23/2009,RST,MN,AGL,CE,Combined TRACON& Tower with Radar,2,36,43,2,83,0,0,22,0,22,2,36,65,2,105,40,0,40,145
09/24/2009,RST,MN,AGL,CE,Combined TRACON& Tower with Radar,2,40,27,0,69,0,0,20,0,20,2,40,47,0,89,80,0,80,169
09/25/2009,RST,MN,AGL,CE,Combined TRACON& Tower with Radar,4,40,36,0,80,0,2,4,0,6,4,42,40,0,86,0,0,0,86
09/26/2009,RST,MN,AGL,CE,Combined TRACON& Tower with Radar,3,22,15,0,40,0,7,65,0,72,3,29,80,0,112,72,0,72,184
09/27/2009,RST,MN,AGL,CE,Combined TRACON& Tower with Radar,4,32,25,0,61,0,0,31,0,31,4,32,56,0,92,6,0,6,98
09/28/2009,RST,MN,AGL,CE,Combined TRACON& Tower with Radar,3,28,13,0,44,0,0,0,0,0,3,28,13,0,44,0,0,0,44
09/29/2009,RST,MN,AGL,CE,Combined TRACON& Tower with Radar,2,40,71,0,113,0,32,0,0,32,2,72,71,0,145,50,0,50,195
09/30/2009,RST,MN,AGL,CE,Combined TRACON& Tower with Radar,2,40,40,0,82,0,0,42,0,42,2,40,82,0,124,62,0,62,186
10/01/2009,RST,MN,AGL,CE,Combined TRACON& Tower with Radar,2,27,34,0,63,0,0,0,0,0,2,27,34,0,63,0,0,0,63
10/02/2009,RST,MN,AGL,CE,Combined TRACON& Tower with Radar,11,34,27,0,72,0,0,3,0,3,11,34,30,0,75,0,0,0,75
10/03/2009,RST,MN,AGL,CE,Combined TRACON& Tower with Radar,3,24,29,0,56,0,0,4,0,4,3,24,33,0,60,36,0,36,96
10/04/2009,RST,MN,AGL,CE,Combined TRACON& Tower with Radar,0,28,30,0,58,0,0,11,0,11,0,28,41,0,69,0,0,0,69
10/05/2009,RST,MN,AGL,CE,Combined TRACON& Tower with Radar,3,33,49,0,85,0,0,24,0,24,3,33,73,0,109,54,0,54,163
10/06/2009,RST,MN,AGL,CE,Combined TRACON& Tower with Radar,10,41,34,0,85,0,0,4,0,4,10,41,38,0,89,0,0,0,89
10/07/2009,RST,MN,AGL,CE,Combined TRACON& Tower with Radar,2,36,82,0,120,0,0,74,0,74,2,36,156,0,194,130,0,130,324
10/08/2009,RST,MN,AGL,CE,Combined TRACON& Tower with Radar,2,36,16,0,54,0,3,32,0,35,2,39,48,0,89,46,0,46,135
10/09/2009,RST,MN,AGL,CE,Combined TRACON& Tower with Radar,4,35,19,0,58,0,5,42,0,47,4,40,61,0,105,46,0,46,151
10/10/2009,RST,MN,AGL,CE,Combined TRACON& Tower with Radar,5,26,30,0,61,0,0,17,0,17,5,26,47,0,78,10,0,10,88
10/11/2009,RST,MN,AGL,CE,Combined TRACON& Tower with Radar,0,31,60,0,91,0,0,45,0,45,0,31,105,0,136,28,0,28,164
10/12/2009,RST,MN,AGL,CE,Combined TRACON& Tower with Radar,4,24,10,0,38,0,0,0,0,0,4,24,10,0,38,0,0,0,38
10/13/2009,RST,MN,AGL,CE,Combined TRACON& Tower with Radar,4,36,26,0,66,0,0,17,0,17,4,36,43,0,83,30,0,30,113
10/14/2009,RST,MN,AGL,CE,Combined TRACON& Tower with Radar,2,37,11,0,50,0,0,1,0,1,2,37,12,0,51,6,0,6,57
10/15/2009,RST,MN,AGL,CE,Combined TRACON& Tower with Radar,7,35,25,0,67,0,0,0,0,0,7,35,25,0,67,0,0,0,67
10/16/2009,RST,MN,AGL,CE,Combined TRACON& Tower with Radar,6,29,51,0,86,0,0,7,0,7,6,29,58,0,93,36,0,36,129
10/17/2009,RST,MN,AGL,CE,Combined TRACON& Tower with Radar,1,27,19,0,47,0,0,31,0,31,1,27,50,0,78,58,0,58,136
10/18/2009,RST,MN,AGL,CE,Combined TRACON& Tower with Radar,2,34,56,0,92,0,0,42,0,42,2,34,98,0,134,36,0,36,170
10/19/2009,RST,MN,AGL,CE,Combined TRACON& Tower with Radar,3,34,81,2,120,0,3,56,0,59,3,37,137,2,179,72,0,72,251
10/20/2009,RST,MN,AGL,CE,Combined TRACON& Tower with Radar,4,40,18,0,62,0,0,3,0,3,4,40,21,0,65,0,0,0,65
10/21/2009,RST,MN,AGL,CE,Combined TRACON& Tower with Radar,4,26,7,0,37,0,0,0,0,0,4,26,7,0,37,0,0,0,37
10/22/2009,RST,MN,AGL,CE,Combined TRACON& Tower with Radar,2,45,29,0,76,0,0,6,0,6,2,45,35,0,82,0,0,0,82
10/23/2009,RST,MN,AGL,CE,Combined TRACON& Tower with Radar,6,23,18,0,47,0,0,0,0,0,6,23,18,0,47,0,0,0,47
10/24/2009,RST,MN,AGL,CE,Combined TRACON& Tower with Radar,1,29,81,0,111,0,0,52,0,52,1,29,133,0,163,122,0,122,285
10/25/2009,RST,MN,AGL,CE,Combined TRACON& Tower with Radar,1,20,23,0,44,0,1,0,0,1,1,21,23,0,45,0,0,0,45
10/26/2009,RST,MN,AGL,CE,Combined TRACON& Tower with Radar,5,39,29,2,75,0,0,11,0,11,5,39,40,2,86,16,0,16,102
10/27/2009,RST,MN,AGL,CE,Combined TRACON& Tower with Radar,2,37,57,0,96,0,0,27,0,27,2,37,84,0,123,58,0,58,181
10/28/2009,RST,MN,AGL,CE,Combined TRACON& Tower with Radar,2,31,45,0,78,0,0,0,0,0,2,31,45,0,78,0,0,0,78
10/29/2009,RST,MN,AGL,CE,Combined TRACON& Tower with Radar,2,30,21,0,53,0,0,0,0,0,2,30,21,0,53,0,0,0,53
10/30/2009,RST,MN,AGL,CE,Combined TRACON& Tower with Radar,8,29,24,0,61,0,0,0,0,0,8,29,24,0,61,0,0,0,61
10/31/2009,RST,MN,AGL,CE,Combined TRACON& Tower with Radar,1,23,19,0,43,0,0,15,0,15,1,23,34,0,58,0,0,0,58
11/01/2009,RST,MN,AGL,CE,Combined TRACON& Tower with Radar,0,31,18,1,50,0,0,34,0,34,0,31,52,1,84,46,0,46,130
11/02/2009,RST,MN,AGL,CE,Combined TRACON& Tower with Radar,5,33,33,0,71,0,2,6,0,8,5,35,39,0,79,0,0,0,79
11/03/2009,RST,MN,AGL,CE,Combined TRACON& Tower with Radar,2,33,24,0,59,0,0,28,0,28,2,33,52,0,87,88,0,88,175
11/04/2009,RST,MN,AGL,CE,Combined TRACON& Tower with Radar,4,47,44,0,95,0,0,11,0,11,4,47,55,0,106,38,0,38,144
11/05/2009,RST,MN,AGL,CE,Combined TRACON& Tower with Radar,2,39,51,0,92,0,0,15,0,15,2,39,66,0,107,18,0,18,125
11/06/2009,RST,MN,AGL,CE,Combined TRACON& Tower with Radar,4,33,44,2,83,0,0,13,0,13,4,33,57,2,96,0,0,0,96
11/07/2009,RST,MN,AGL,CE,Combined TRACON& Tower with Radar,1,22,8,0,31,0,0,41,0,41,1,22,49,0,72,58,0,58,130
11/08/2009,RST,MN,AGL,CE,Combined TRACON& Tower with Radar,0,27,14,2,43,0,0,36,2,38,0,27,50,4,81,32,0,32,113
11/09/2009,RST,MN,AGL,CE,Combined TRACON& Tower with Radar,3,40,26,0,69,0,0,29,0,29,3,40,55,0,98,42,0,42,140
11/10/2009,RST,MN,AGL,CE,Combined TRACON& Tower with Radar,6,38,23,0,67,0,0,36,0,36,6,38,59,0,103,52,0,52,155
11/11/2009,RST,MN,AGL,CE,Combined TRACON& Tower with Radar,4,39,23,0,66,0,0,26,0,26,4,39,49,0,92,48,0,48,140
11/12/2009,RST,MN,AGL,CE,Combined TRACON& Tower with Radar,3,34,30,0,67,0,0,9,0,9,3,34,39,0,76,0,0,0,76
11/13/2009,RST,MN,AGL,CE,Combined TRACON& Tower with Radar,4,39,38,0,81,0,0,5,0,5,4,39,43,0,86,9,0,9,95
11/14/2009,RST,MN,AGL,CE,Combined TRACON& Tower with Radar,1,24,33,0,58,0,0,11,0,11,1,24,44,0,69,36,0,36,105
11/15/2009,RST,MN,AGL,CE,Combined TRACON& Tower with Radar,4,34,23,0,61,0,0,73,0,73,4,34,96,0,134,146,0,146,280
11/16/2009,RST,MN,AGL,CE,Combined TRACON& Tower with Radar,3,36,48,0,87,0,0,26,0,26,3,36,74,0,113,38,0,38,151
11/17/2009,RST,MN,AGL,CE,Combined TRACON& Tower with Radar,4,36,58,0,98,0,0,18,0,18,4,36,76,0,116,12,0,12,128
11/18/2009,RST,MN,AGL,CE,Combined TRACON& Tower with Radar,4,41,39,0,84,0,0,19,0,19,4,41,58,0,103,58,0,58,161
11/19/2009,RST,MN,AGL,CE,Combined TRACON& Tower with Radar,2,37,24,0,63,0,0,3,0,3,2,37,27,0,66,10,0,10,76
11/20/2009,RST,MN,AGL,CE,Combined TRACON& Tower with Radar,6,45,33,2,86,0,0,12,0,12,6,45,45,2,98,28,0,28,126
11/21/2009,RST,MN,AGL,CE,Combined TRACON& Tower with Radar,0,23,10,0,33,0,0,7,0,7,0,23,17,0,40,10,0,10,50
11/22/2009,RST,MN,AGL,CE,Combined TRACON& Tower with Radar,0,26,31,0,57,0,0,15,0,15,0,26,46,0,72,20,0,20,92
11/23/2009,RST,MN,AGL,CE,Combined TRACON& Tower with Radar,4,31,19,1,55,0,0,7,2,9,4,31,26,3,64,42,6,48,112
11/24/2009,RST,MN,AGL,CE,Combined TRACON& Tower with Radar,4,35,26,0,65,0,0,0,0,0,4,35,26,0,65,58,0,58,123
11/25/2009,RST,MN,AGL,CE,Combined TRACON& Tower with Radar,2,35,22,0,59,0,0,6,0,6,2,35,28,0,65,18,0,18,83
11/26/2009,RST,MN,AGL,CE,Combined TRACON& Tower with Radar,0,15,2,0,17,0,0,7,0,7,0,15,9,0,24,6,0,6,30
11/27/2009,RST,MN,AGL,CE,Combined TRACON& Tower with Radar,4,19,16,0,39,0,0,56,0,56,4,19,72,0,95,42,0,42,137
11/28/2009,RST,MN,AGL,CE,Combined TRACON& Tower with Radar,3,24,10,0,37,0,0,49,0,49,3,24,59,0,86,66,0,66,152
11/29/2009,RST,MN,AGL,CE,Combined TRACON& Tower with Radar,0,31,20,0,51,0,0,11,0,11,0,31,31,0,62,54,0,54,116
11/30/2009,RST,MN,AGL,CE,Combined TRACON& Tower with Radar,3,31,52,1,87,0,0,10,0,10,3,31,62,1,97,28,0,28,125
12/01/2009,RST,MN,AGL,CE,Combined TRACON& Tower with Radar,2,33,46,0,81,0,0,32,0,32,2,33,78,0,113,50,0,50,163
12/02/2009,RST,MN,AGL,CE,Combined TRACON& Tower with Radar,6,33,37,2,78,0,0,8,0,8,6,33,45,2,86,14,2,16,102
12/03/2009,RST,MN,AGL,CE,Combined TRACON& Tower with Radar,2,38,28,0,68,0,0,0,0,0,2,38,28,0,68,0,0,0,68
12/04/2009,RST,MN,AGL,CE,Combined TRACON& Tower with Radar,4,33,15,0,52,0,0,5,0,5,4,33,20,0,57,0,0,0,57
12/05/2009,RST,MN,AGL,CE,Combined TRACON& Tower with Radar,1,21,57,0,79,0,0,37,0,37,1,21,94,0,116,46,0,46,162
12/06/2009,RST,MN,AGL,CE,Combined TRACON& Tower with Radar,0,29,39,0,68,0,0,0,0,0,0,29,39,0,68,58,0,58,126
12/07/2009,RST,MN,AGL,CE,Combined TRACON& Tower with Radar,3,31,26,0,60,0,0,14,0,14,3,31,40,0,74,16,0,16,90
12/08/2009,RST,MN,AGL,CE,Combined TRACON& Tower with Radar,2,23,14,0,39,0,0,0,0,0,2,23,14,0,39,0,0,0,39
12/09/2009,RST,MN,AGL,CE,Combined TRACON& Tower with Radar,4,8,5,0,17,0,0,0,0,0,4,8,5,0,17,0,0,0,17
12/10/2009,RST,MN,AGL,CE,Combined TRACON& Tower with Radar,4,43,39,0,86,0,0,2,2,4,4,43,41,2,90,0,0,0,90
12/11/2009,RST,MN,AGL,CE,Combined TRACON& Tower with Radar,6,30,23,0,59,0,0,9,0,9,6,30,32,0,68,26,0,26,94
12/12/2009,RST,MN,AGL,CE,Combined TRACON& Tower with Radar,1,20,43,0,64,0,0,23,0,23,1,20,66,0,87,58,0,58,145
12/13/2009,RST,MN,AGL,CE,Combined TRACON& Tower with Radar,0,34,14,0,48,0,2,0,0,2,0,36,14,0,50,0,0,0,50
12/14/2009,RST,MN,AGL,CE,Combined TRACON& Tower with Radar,3,29,18,0,50,0,0,2,0,2,3,29,20,0,52,0,0,0,52
12/15/2009,RST,MN,AGL,CE,Combined TRACON& Tower with Radar,6,45,34,6,91,0,0,11,0,11,6,45,45,6,102,8,8,16,118
12/16/2009,RST,MN,AGL,CE,Combined TRACON& Tower with Radar,7,40,26,3,76,0,0,20,1,21,7,40,46,4,97,52,0,52,149
12/17/2009,RST,MN,AGL,CE,Combined TRACON& Tower with Radar,4,42,22,0,68,0,0,28,0,28,4,42,50,0,96,12,0,12,108
12/18/2009,RST,MN,AGL,CE,Combined TRACON& Tower with Radar,6,29,24,0,59,0,0,3,0,3,6,29,27,0,62,0,0,0,62
12/19/2009,RST,MN,AGL,CE,Combined TRACON& Tower with Radar,1,25,5,0,31,0,0,0,0,0,1,25,5,0,31,0,0,0,31
12/20/2009,RST,MN,AGL,CE,Combined TRACON& Tower with Radar,0,35,7,0,42,0,0,7,0,7,0,35,14,0,49,24,0,24,73
12/21/2009,RST,MN,AGL,CE,Combined TRACON& Tower with Radar,3,31,13,0,47,0,0,0,0,0,3,31,13,0,47,0,0,0,47
12/22/2009,RST,MN,AGL,CE,Combined TRACON& Tower with Radar,4,36,9,0,49,0,0,5,0,5,4,36,14,0,54,6,0,6,60
12/23/2009,RST,MN,AGL,CE,Combined TRACON& Tower with Radar,4,33,15,0,52,0,0,0,0,0,4,33,15,0,52,0,0,0,52
12/24/2009,RST,MN,AGL,CE,Combined TRACON& Tower with Radar,6,14,2,0,22,0,0,0,0,0,6,14,2,0,22,0,0,0,22
12/25/2009,RST,MN,AGL,CE,Combined TRACON& Tower with Radar,0,13,0,0,13,0,0,0,0,0,0,13,0,0,13,0,0,0,13
12/26/2009,RST,MN,AGL,CE,Combined TRACON& Tower with Radar,1,23,9,0,33,0,0,4,0,4,1,23,13,0,37,0,0,0,37
12/27/2009,RST,MN,AGL,CE,Combined TRACON& Tower with Radar,0,30,14,0,44,0,0,11,0,11,0,30,25,0,55,30,0,30,85
12/28/2009,RST,MN,AGL,CE,Combined TRACON& Tower with Radar,3,31,24,0,58,0,0,6,0,6,3,31,30,0,64,0,0,0,64
12/29/2009,RST,MN,AGL,CE,Combined TRACON& Tower with Radar,2,34,10,0,46,0,0,17,0,17,2,34,27,0,63,22,0,22,85
12/30/2009,RST,MN,AGL,CE,Combined TRACON& Tower with Radar,2,28,11,2,43,0,0,0,0,0,2,28,11,2,43,0,0,0,43
12/31/2009,RST,MN,AGL,CE,Combined TRACON& Tower with Radar,4,24,10,0,38,0,0,17,0,17,4,24,27,0,55,26,0,26,81
01/01/2010,RST,MN,AGL,CE,Combined TRACON& Tower with Radar,0,24,13,0,37,0,2,13,0,15,0,26,26,0,52,10,0,10,62
01/02/2010,RST,MN,AGL,CE,Combined TRACON& Tower with Radar,1,22,8,0,31,0,0,2,0,2,1,22,10,0,33,4,0,4,37
01/03/2010,RST,MN,AGL,CE,Combined TRACON& Tower with Radar,1,28,17,0,46,0,0,8,0,8,1,28,25,0,54,4,0,4,58
01/04/2010,RST,MN,AGL,CE,Combined TRACON& Tower with Radar,3,27,20,0,50,0,0,5,0,5,3,27,25,0,55,0,0,0,55
01/05/2010,RST,MN,AGL,CE,Combined TRACON& Tower with Radar,3,29,21,2,55,0,0,10,0,10,3,29,31,2,65,8,0,8,73
01/06/2010,RST,MN,AGL,CE,Combined TRACON& Tower with Radar,3,43,13,0,59,0,0,10,0,10,3,43,23,0,69,34,0,34,103
01/07/2010,RST,MN,AGL,CE,Combined TRACON& Tower with Radar,4,27,6,0,37,0,0,0,0,0,4,27,6,0,37,0,0,0,37
01/08/2010,RST,MN,AGL,CE,Combined TRACON& Tower with Radar,7,35,17,0,59,0,0,6,0,6,7,35,23,0,65,2,0,2,67
01/09/2010,RST,MN,AGL,CE,Combined TRACON& Tower with Radar,2,20,43,0,65,0,0,21,0,21,2,20,64,0,86,18,0,18,104
01/10/2010,RST,MN,AGL,CE,Combined TRACON& Tower with Radar,1,31,28,0,60,0,0,12,0,12,1,31,40,0,72,0,0,0,72
01/11/2010,RST,MN,AGL,CE,Combined TRACON& Tower with Radar,7,27,14,0,48,0,0,5,0,5,7,27,19,0,53,0,0,0,53
01/12/2010,RST,MN,AGL,CE,Combined TRACON& Tower with Radar,7,31,20,0,58,0,2,7,0,9,7,33,27,0,67,6,0,6,73
01/13/2010,RST,MN,AGL,CE,Combined TRACON& Tower with Radar,7,40,24,0,71,0,0,18,0,18,7,40,42,0,89,78,0,78,167
01/14/2010,RST,MN,AGL,CE,Combined TRACON& Tower with Radar,2,46,15,0,63,0,0,5,0,5,2,46,20,0,68,0,0,0,68
01/15/2010,RST,MN,AGL,CE,Combined TRACON& Tower with Radar,4,32,11,0,47,0,0,0,0,0,4,32,11,0,47,0,0,0,47
01/16/2010,RST,MN,AGL,CE,Combined TRACON& Tower with Radar,1,18,16,0,35,0,0,24,0,24,1,18,40,0,59,22,0,22,81
01/17/2010,RST,MN,AGL,CE,Combined TRACON& Tower with Radar,0,17,19,0,36,0,0,0,0,0,0,17,19,0,36,0,0,0,36
01/18/2010,RST,MN,AGL,CE,Combined TRACON& Tower with Radar,6,25,30,0,61,0,2,2,0,4,6,27,32,0,65,0,0,0,65
01/19/2010,RST,MN,AGL,CE,Combined TRACON& Tower with Radar,4,15,10,0,29,0,0,0,0,0,4,15,10,0,29,0,0,0,29
01/20/2010,RST,MN,AGL,CE,Combined TRACON& Tower with Radar,4,25,21,2,52,0,0,2,0,2,4,25,23,2,54,10,4,14,68
01/21/2010,RST,MN,AGL,CE,Combined TRACON& Tower with Radar,5,34,18,0,57,0,0,0,0,0,5,34,18,0,57,0,0,0,57
01/22/2010,RST,MN,AGL,CE,Combined TRACON& Tower with Radar,6,28,28,0,62,0,0,0,0,0,6,28,28,0,62,0,0,0,62
01/23/2010,RST,MN,AGL,CE,Combined TRACON& Tower with Radar,1,14,1,0,16,0,0,0,0,0,1,14,1,0,16,0,0,0,16
01/24/2010,RST,MN,AGL,CE,Combined TRACON& Tower with Radar,1,29,14,0,44,0,0,0,0,0,1,29,14,0,44,0,0,0,44
01/25/2010,RST,MN,AGL,CE,Combined TRACON& Tower with Radar,5,28,21,0,54,0,0,0,0,0,5,28,21,0,54,0,0,0,54
01/26/2010,RST,MN,AGL,CE,Combined TRACON& Tower with Radar,32,36,33,0,101,0,0,2,0,2,32,36,35,0,103,0,0,0,103
01/27/2010,RST,MN,AGL,CE,Combined TRACON& Tower with Radar,12,36,27,0,75,0,0,16,0,16,12,36,43,0,91,120,0,120,211
01/28/2010,RST,MN,AGL,CE,Combined TRACON& Tower with Radar,9,33,45,0,87,0,0,13,0,13,9,33,58,0,100,68,0,68,168
01/29/2010,RST,MN,AGL,CE,Combined TRACON& Tower with Radar,6,33,34,0,73,0,0,22,0,22,6,33,56,0,95,26,0,26,121
01/30/2010,RST,MN,AGL,CE,Combined TRACON& Tower with Radar,2,16,22,0,40,0,0,42,0,42,2,16,64,0,82,86,0,86,168
01/31/2010,RST,MN,AGL,CE,Combined TRACON& Tower with Radar,5,26,19,0,50,0,0,29,0,29,5,26,48,0,79,162,0,162,241
02/01/2010,RST,MN,AGL,CE,Combined TRACON& Tower with Radar,5,29,15,0,49,0,0,0,0,0,5,29,15,0,49,0,0,0,49
02/02/2010,RST,MN,AGL,CE,Combined TRACON& Tower with Radar,5,30,20,0,55,0,0,0,0,0,5,30,20,0,55,460,0,460,515
02/03/2010,RST,MN,AGL,CE,Combined TRACON& Tower with Radar,8,28,47,0,83,0,0,22,0,22,8,28,69,0,105,75,0,75,180
02/04/2010,RST,MN,AGL,CE,Combined TRACON& Tower with Radar,3,35,20,0,58,0,0,2,0,2,3,35,22,0,60,0,0,0,60
02/05/2010,RST,MN,AGL,CE,Combined TRACON& Tower with Radar,5,31,19,0,55,0,0,0,0,0,5,31,19,0,55,0,0,0,55
02/06/2010,RST,MN,AGL,CE,Combined TRACON& Tower with Radar,2,26,12,0,40,0,0,19,0,19,2,26,31,0,59,58,0,58,117
02/07/2010,RST,MN,AGL,CE,Combined TRACON& Tower with Radar,1,31,10,0,42,0,0,16,0,16,1,31,26,0,58,50,0,50,108
02/08/2010,RST,MN,AGL,CE,Combined TRACON& Tower with Radar,5,25,11,0,41,0,0,0,0,0,5,25,11,0,41,0,0,0,41
02/09/2010,RST,MN,AGL,CE,Combined TRACON& Tower with Radar,5,37,17,0,59,0,1,2,0,3,5,38,19,0,62,0,0,0,62
02/10/2010,RST,MN,AGL,CE,Combined TRACON& Tower with Radar,3,32,18,6,59,0,0,2,0,2,3,32,20,6,61,0,0,0,61
02/11/2010,RST,MN,AGL,CE,Combined TRACON& Tower with Radar,2,43,29,0,74,0,0,13,0,13,2,43,42,0,87,8,0,8,95
02/12/2010,RST,MN,AGL,CE,Combined TRACON& Tower with Radar,4,20,26,0,50,0,0,8,0,8,4,20,34,0,58,22,0,22,80
02/13/2010,RST,MN,AGL,CE,Combined TRACON& Tower with Radar,1,19,18,0,38,0,0,25,0,25,1,19,43,0,63,54,0,54,117
02/14/2010,RST,MN,AGL,CE,Combined TRACON& Tower with Radar,2,32,24,0,58,0,0,19,0,19,2,32,43,0,77,66,0,66,143
02/15/2010,RST,MN,AGL,CE,Combined TRACON& Tower with Radar,3,35,14,0,52,0,0,3,0,3,3,35,17,0,55,4,0,4,59
02/16/2010,RST,MN,AGL,CE,Combined TRACON& Tower with Radar,8,35,46,0,89,0,2,10,0,12,8,37,56,0,101,80,0,80,181
02/17/2010,RST,MN,AGL,CE,Combined TRACON& Tower with Radar,2,38,36,0,76,0,0,24,0,24,2,38,60,0,100,36,0,36,136
02/18/2010,RST,MN,AGL,CE,Combined TRACON& Tower with Radar,8,41,15,2,66,0,0,37,0,37,8,41,52,2,103,122,0,122,225
02/19/2010,RST,MN,AGL,CE,Combined TRACON& Tower with Radar,2,35,23,0,60,0,0,26,0,26,2,35,49,0,86,26,0,26,112
02/20/2010,RST,MN,AGL,CE,Combined TRACON& Tower with Radar,1,23,19,0,43,0,0,10,0,10,1,23,29,0,53,90,0,90,143
02/21/2010,RST,MN,AGL,CE,Combined TRACON& Tower with Radar,0,29,32,0,61,0,0,16,0,16,0,29,48,0,77,20,0,20,97
02/22/2010,RST,MN,AGL,CE,Combined TRACON& Tower with Radar,3,33,22,0,58,0,0,5,0,5,3,33,27,0,63,36,0,36,99
02/23/2010,RST,MN,AGL,CE,Combined TRACON& Tower with Radar,6,34,18,0,58,0,0,1,0,1,6,34,19,0,59,0,0,0,59
02/24/2010,RST,MN,AGL,CE,Combined TRACON& Tower with Radar,3,39,32,0,74,0,0,24,0,24,3,39,56,0,98,6,0,6,104
02/25/2010,RST,MN,AGL,CE,Combined TRACON& Tower with Radar,2,33,15,0,50,0,0,18,0,18,2,33,33,0,68,10,0,10,78
02/26/2010,RST,MN,AGL,CE,Combined TRACON& Tower with Radar,2,43,24,0,69,0,0,21,0,21,2,43,45,0,90,20,0,20,110
02/27/2010,RST,MN,AGL,CE,Combined TRACON& Tower with Radar,1,21,86,0,108,0,0,59,0,59,1,21,145,0,167,78,0,78,245
02/28/2010,RST,MN,AGL,CE,Combined TRACON& Tower with Radar,0,28,31,0,59,0,0,46,0,46,0,28,77,0,105,122,0,122,227
03/01/2010,RST,MN,AGL,CE,Combined TRACON& Tower with Radar,1,38,23,0,62,0,0,10,0,10,1,38,33,0,72,8,0,8,80
03/02/2010,RST,MN,AGL,CE,Combined TRACON& Tower with Radar,2,38,25,6,71,0,0,24,0,24,2,38,49,6,95,52,0,52,147
03/03/2010,RST,MN,AGL,CE,Combined TRACON& Tower with Radar,2,35,17,2,56,0,0,22,0,22,2,35,39,2,78,28,0,28,106
03/04/2010,RST,MN,AGL,CE,Combined TRACON& Tower with Radar,2,37,28,0,67,0,0,21,0,21,2,37,49,0,88,8,0,8,96
03/05/2010,RST,MN,AGL,CE,Combined TRACON& Tower with Radar,2,31,51,2,86,0,0,24,0,24,2,31,75,2,110,4,0,4,114
03/06/2010,RST,MN,AGL,CE,Combined TRACON& Tower with Radar,1,23,21,0,45,0,4,29,0,33,1,27,50,0,78,58,0,58,136
03/07/2010,RST,MN,AGL,CE,Combined TRACON& Tower with Radar,1,37,23,0,61,0,0,0,0,0,1,37,23,0,61,0,0,0,61
03/08/2010,RST,MN,AGL,CE,Combined TRACON& Tower with Radar,1,34,14,0,49,0,0,0,0,0,1,34,14,0,49,0,0,0,49
03/09/2010,RST,MN,AGL,CE,Combined TRACON& Tower with Radar,4,27,18,0,49,0,0,0,0,0,4,27,18,0,49,0,0,0,49
03/10/2010,RST,MN,AGL,CE,Combined TRACON& Tower with Radar,2,18,20,0,40,0,0,0,0,0,2,18,20,0,40,0,0,0,40
03/11/2010,RST,MN,AGL,CE,Combined TRACON& Tower with Radar,0,13,9,0,22,0,0,0,0,0,0,13,9,0,22,0,0,0,22
03/12/2010,RST,MN,AGL,CE,Combined TRACON& Tower with Radar,2,26,20,2,50,0,0,4,0,4,2,26,24,2,54,4,22,26,80
03/13/2010,RST,MN,AGL,CE,Combined TRACON& Tower with Radar,0,20,7,0,27,0,0,0,0,0,0,20,7,0,27,0,0,0,27
03/14/2010,RST,MN,AGL,CE,Combined TRACON& Tower with Radar,0,29,53,0,82,0,0,38,0,38,0,29,91,0,120,120,0,120,240
03/15/2010,RST,MN,AGL,CE,Combined TRACON& Tower with Radar,2,30,17,0,49,0,0,33,0,33,2,30,50,0,82,60,0,60,142
03/16/2010,RST,MN,AGL,CE,Combined TRACON& Tower with Radar,6,35,29,0,70,0,1,0,0,1,6,36,29,0,71,0,0,0,71
03/17/2010,RST,MN,AGL,CE,Combined TRACON& Tower with Radar,2,27,28,0,57,0,0,21,0,21,2,27,49,0,78,14,0,14,92
03/18/2010,RST,MN,AGL,CE,Combined TRACON& Tower with Radar,2,36,31,0,69,0,0,53,0,53,2,36,84,0,122,72,0,72,194
03/19/2010,RST,MN,AGL,CE,Combined TRACON& Tower with Radar,2,43,19,0,64,0,1,14,0,15,2,44,33,0,79,8,0,8,87
03/20/2010,RST,MN,AGL,CE,Combined TRACON& Tower with Radar,3,24,23,0,50,0,0,43,0,43,3,24,66,0,93,48,0,48,141
03/21/2010,RST,MN,AGL,CE,Combined TRACON& Tower with Radar,0,27,20,0,47,0,0,53,0,53,0,27,73,0,100,36,0,36,136
03/22/2010,RST,MN,AGL,CE,Combined TRACON& Tower with Radar,1,29,18,0,48,0,0,21,0,21,1,29,39,0,69,50,0,50,119
03/23/2010,RST,MN,AGL,CE,Combined TRACON& Tower with Radar,4,31,23,0,58,0,0,22,0,22,4,31,45,0,80,24,0,24,104
03/24/2010,RST,MN,AGL,CE,Combined TRACON& Tower with Radar,6,42,65,1,114,0,0,35,0,35,6,42,100,1,149,66,0,66,215
03/25/2010,RST,MN,AGL,CE,Combined TRACON& Tower with Radar,2,36,52,0,90,0,0,28,0,28,2,36,80,0,118,46,0,46,164
03/26/2010,RST,MN,AGL,CE,Combined TRACON& Tower with Radar,2,33,18,0,53,0,0,18,0,18,2,33,36,0,71,0,0,0,71
03/27/2010,RST,MN,AGL,CE,Combined TRACON& Tower with Radar,1,25,8,0,34,0,0,10,0,10,1,25,18,0,44,18,0,18,62
03/28/2010,RST,MN,AGL,CE,Combined TRACON& Tower with Radar,0,30,57,0,87,0,0,30,0,30,0,30,87,0,117,16,0,16,133
03/29/2010,RST,MN,AGL,CE,Combined TRACON& Tower with Radar,1,27,17,0,45,0,0,17,0,17,1,27,34,0,62,48,0,48,110
03/30/2010,RST,MN,AGL,CE,Combined TRACON& Tower with Radar,2,42,26,0,70,0,0,7,0,7,2,42,33,0,77,8,0,8,85
03/31/2010,RST,MN,AGL,CE,Combined TRACON& Tower with Radar,2,32,41,0,75,0,0,26,0,26,2,32,67,0,101,50,0,50,151
04/01/2010,RST,MN,AGL,CE,Combined TRACON& Tower with Radar,2,30,31,0,63,0,0,19,0,19,2,30,50,0,82,30,0,30,112
04/02/2010,RST,MN,AGL,CE,Combined TRACON& Tower with Radar,2,31,25,0,58,0,0,7,0,7,2,31,32,0,65,4,0,4,69
04/03/2010,RST,MN,AGL,CE,Combined TRACON& Tower with Radar,4,28,24,0,56,0,0,15,0,15,4,28,39,0,71,14,0,14,85
04/04/2010,RST,MN,AGL,CE,Combined TRACON& Tower with Radar,0,38,13,0,51,0,0,25,0,25,0,38,38,0,76,6,0,6,82
04/05/2010,RST,MN,AGL,CE,Combined TRACON& Tower with Radar,1,32,41,0,74,0,0,23,0,23,1,32,64,0,97,50,0,50,147
04/06/2010,RST,MN,AGL,CE,Combined TRACON& Tower with Radar,4,30,24,0,58,0,0,0,0,0,4,30,24,0,58,0,0,0,58
04/07/2010,RST,MN,AGL,CE,Combined TRACON& Tower with Radar,2,35,33,0,70,0,0,9,0,9,2,35,42,0,79,6,0,6,85
04/08/2010,RST,MN,AGL,CE,Combined TRACON& Tower with Radar,2,48,41,0,91,0,0,24,0,24,2,48,65,0,115,28,0,28,143
04/09/2010,RST,MN,AGL,CE,Combined TRACON& Tower with Radar,2,47,32,0,81,0,0,41,0,41,2,47,73,0,122,50,0,50,172
04/10/2010,RST,MN,AGL,CE,Combined TRACON& Tower with Radar,1,28,26,0,55,0,0,53,0,53,1,28,79,0,108,32,0,32,140
04/11/2010,RST,MN,AGL,CE,Combined TRACON& Tower with Radar,0,31,23,0,54,0,0,58,0,58,0,31,81,0,112,14,0,14,126
04/12/2010,RST,MN,AGL,CE,Combined TRACON& Tower with Radar,1,36,26,0,63,0,0,6,0,6,1,36,32,0,69,0,0,0,69
04/13/2010,RST,MN,AGL,CE,Combined TRACON& Tower with Radar,4,38,37,0,79,0,4,9,0,13,4,42,46,0,92,0,0,0,92
04/14/2010,RST,MN,AGL,CE,Combined TRACON& Tower with Radar,3,44,22,2,71,0,0,12,0,12,3,44,34,2,83,0,0,0,83
04/15/2010,RST,MN,AGL,CE,Combined TRACON& Tower with Radar,2,40,26,0,68,0,0,5,0,5,2,40,31,0,73,0,0,0,73
04/16/2010,RST,MN,AGL,CE,Combined TRACON& Tower with Radar,4,44,48,0,96,0,0,27,0,27,4,44,75,0,123,0,0,0,123
04/17/2010,RST,MN,AGL,CE,Combined TRACON& Tower with Radar,1,25,9,0,35,0,0,43,0,43,1,25,52,0,78,16,0,16,94
04/18/2010,RST,MN,AGL,CE,Combined TRACON& Tower with Radar,0,37,34,0,71,0,0,66,0,66,0,37,100,0,137,48,0,48,185
04/19/2010,RST,MN,AGL,CE,Combined TRACON& Tower with Radar,3,47,23,0,73,0,0,32,0,32,3,47,55,0,105,24,0,24,129
04/20/2010,RST,MN,AGL,CE,Combined TRACON& Tower with Radar,4,49,25,2,80,0,0,27,0,27,4,49,52,2,107,22,0,22,129
04/21/2010,RST,MN,AGL,CE,Combined TRACON& Tower with Radar,2,64,44,0,110,0,0,26,0,26,2,64,70,0,136,24,0,24,160
04/22/2010,RST,MN,AGL,CE,Combined TRACON& Tower with Radar,2,46,72,0,120,0,1,50,0,51,2,47,122,0,171,78,0,78,249
04/23/2010,RST,MN,AGL,CE,Combined TRACON& Tower with Radar,2,36,30,0,68,0,0,10,0,10,2,36,40,0,78,2,0,2,80
04/24/2010,RST,MN,AGL,CE,Combined TRACON& Tower with Radar,1,25,43,0,69,0,0,17,0,17,1,25,60,0,86,34,0,34,120
04/25/2010,RST,MN,AGL,CE,Combined TRACON& Tower with Radar,0,45,27,0,72,0,0,24,0,24,0,45,51,0,96,24,0,24,120
04/26/2010,RST,MN,AGL,CE,Combined TRACON& Tower with Radar,1,42,38,0,81,0,0,29,0,29,1,42,67,0,110,16,0,16,126
04/27/2010,RST,MN,AGL,CE,Combined TRACON& Tower with Radar,2,32,45,8,87,0,0,46,0,46,2,32,91,8,133,80,30,110,243
04/28/2010,RST,MN,AGL,CE,Combined TRACON& Tower with Radar,4,39,46,0,89,0,0,13,0,13,4,39,59,0,102,8,0,8,110
04/29/2010,RST,MN,AGL,CE,Combined TRACON& Tower with Radar,2,33,24,0,59,0,0,5,0,5,2,33,29,0,64,0,0,0,64
04/30/2010,RST,MN,AGL,CE,Combined TRACON& Tower with Radar,2,34,19,0,55,0,0,19,0,19,2,34,38,0,74,12,0,12,86
05/01/2010,RST,MN,AGL,CE,Combined TRACON& Tower with Radar,1,26,9,0,36,0,0,16,0,16,1,26,25,0,52,32,0,32,84
05/02/2010,RST,MN,AGL,CE,Combined TRACON& Tower with Radar,0,43,30,0,73,0,0,38,0,38,0,43,68,0,111,22,0,22,133
05/03/2010,RST,MN,AGL,CE,Combined TRACON& Tower with Radar,1,39,24,0,64,0,0,17,0,17,1,39,41,0,81,6,0,6,87
05/04/2010,RST,MN,AGL,CE,Combined TRACON& Tower with Radar,4,38,18,0,60,0,3,8,0,11,4,41,26,0,71,0,0,0,71
05/05/2010,RST,MN,AGL,CE,Combined TRACON& Tower with Radar,2,33,32,0,67,0,1,5,0,6,2,34,37,0,73,0,0,0,73
05/06/2010,RST,MN,AGL,CE,Combined TRACON& Tower with Radar,2,40,27,0,69,0,0,30,0,30,2,40,57,0,99,26,0,26,125
05/07/2010,RST,MN,AGL,CE,Combined TRACON& Tower with Radar,2,40,31,1,74,0,0,1,0,1,2,40,32,1,75,2,0,2,77
05/08/2010,RST,MN,AGL,CE,Combined TRACON& Tower with Radar,3,26,19,0,48,0,0,17,0,17,3,26,36,0,65,28,0,28,93
05/09/2010,RST,MN,AGL,CE,Combined TRACON& Tower with Radar,0,36,28,3,67,0,0,39,0,39,0,36,67,3,106,32,0,32,138
05/10/2010,RST,MN,AGL,CE,Combined TRACON& Tower with Radar,1,38,22,2,63,0,4,5,0,9,1,42,27,2,72,14,0,14,86
05/11/2010,RST,MN,AGL,CE,Combined TRACON& Tower with Radar,2,47,49,0,98,0,0,3,0,3,2,47,52,0,101,0,0,0,101
05/12/2010,RST,MN,AGL,CE,Combined TRACON& Tower with Radar,2,37,36,0,75,0,0,4,0,4,2,37,40,0,79,0,0,0,79
05/13/2010,RST,MN,AGL,CE,Combined TRACON& Tower with Radar,2,39,27,2,70,0,0,4,0,4,2,39,31,2,74,8,0,8,82
05/14/2010,RST,MN,AGL,CE,Combined TRACON& Tower with Radar,3,35,78,0,116,0,0,50,0,50,3,35,128,0,166,40,0,40,206
05/15/2010,RST,MN,AGL,CE,Combined TRACON& Tower with Radar,5,24,28,0,57,0,0,46,0,46,5,24,74,0,103,28,0,28,131
05/16/2010,RST,MN,AGL,CE,Combined TRACON& Tower with Radar,0,42,19,0,61,0,0,52,0,52,0,42,71,0,113,48,0,48,161
05/17/2010,RST,MN,AGL,CE,Combined TRACON& Tower with Radar,1,37,45,0,83,0,0,28,0,28,1,37,73,0,111,20,0,20,131
05/18/2010,RST,MN,AGL,CE,Combined TRACON& Tower with Radar,4,39,38,0,81,0,0,35,0,35,4,39,73,0,116,28,0,28,144
05/19/2010,RST,MN,AGL,CE,Combined TRACON& Tower with Radar,3,41,39,8,91,0,0,48,0,48,3,41,87,8,139,32,0,32,171
05/20/2010,RST,MN,AGL,CE,Combined TRACON& Tower with Radar,3,34,60,0,97,0,2,18,0,20,3,36,78,0,117,2,0,2,119
05/21/2010,RST,MN,AGL,CE,Combined TRACON& Tower with Radar,2,43,25,0,70,0,0,4,0,4,2,43,29,0,74,0,0,0,74
05/22/2010,RST,MN,AGL,CE,Combined TRACON& Tower with Radar,0,21,34,0,55,0,0,9,0,9,0,21,43,0,64,0,0,0,64
05/23/2010,RST,MN,AGL,CE,Combined TRACON& Tower with Radar,0,29,26,0,55,0,2,20,0,22,0,31,46,0,77,10,0,10,87
05/24/2010,RST,MN,AGL,CE,Combined TRACON& Tower with Radar,2,33,33,0,68,0,0,14,0,14,2,33,47,0,82,20,0,20,102
05/25/2010,RST,MN,AGL,CE,Combined TRACON& Tower with Radar,1,43,26,5,75,0,0,12,0,12,1,43,38,5,87,22,0,22,109
05/26/2010,RST,MN,AGL,CE,Combined TRACON& Tower with Radar,4,42,33,0,79,0,0,23,0,23,4,42,56,0,102,26,0,26,128
05/27/2010,RST,MN,AGL,CE,Combined TRACON& Tower with Radar,2,37,40,0,79,0,0,34,0,34,2,37,74,0,113,0,0,0,113
05/28/2010,RST,MN,AGL,CE,Combined TRACON& Tower with Radar,4,42,19,0,65,0,0,30,0,30,4,42,49,0,95,28,0,28,123
05/29/2010,RST,MN,AGL,CE,Combined TRACON& Tower with Radar,1,30,14,0,45,0,0,34,0,34,1,30,48,0,79,38,0,38,117
05/30/2010,RST,MN,AGL,CE,Combined TRACON& Tower with Radar,0,25,3,0,28,0,0,20,0,20,0,25,23,0,48,12,0,12,60
05/31/2010,RST,MN,AGL,CE,Combined TRACON& Tower with Radar,2,33,32,0,67,0,2,43,0,45,2,35,75,0,112,36,0,36,148
06/01/2010,RST,MN,AGL,CE,Combined TRACON& Tower with Radar,1,36,36,0,73,0,0,23,0,23,1,36,59,0,96,18,0,18,114
06/02/2010,RST,MN,AGL,CE,Combined TRACON& Tower with Radar,4,41,83,2,130,0,0,9,0,9,4,41,92,2,139,0,0,0,139
06/03/2010,RST,MN,AGL,CE,Combined TRACON& Tower with Radar,2,46,19,0,67,0,0,33,0,33,2,46,52,0,100,36,0,36,136
06/04/2010,RST,MN,AGL,CE,Combined TRACON& Tower with Radar,2,34,21,0,57,0,0,22,0,22,2,34,43,0,79,4,0,4,83
06/05/2010,RST,MN,AGL,CE,Combined TRACON& Tower with Radar,1,24,14,0,39,0,1,6,0,7,1,25,20,0,46,0,0,0,46
06/06/2010,RST,MN,AGL,CE,Combined TRACON& Tower with Radar,0,41,24,2,67,0,0,32,0,32,0,41,56,2,99,10,0,10,109
06/07/2010,RST,MN,AGL,CE,Combined TRACON& Tower with Radar,1,37,37,0,75,0,0,15,0,15,1,37,52,0,90,44,0,44,134
06/08/2010,RST,MN,AGL,CE,Combined TRACON& Tower with Radar,4,45,39,0,88,0,1,1,0,2,4,46,40,0,90,0,0,0,90
06/09/2010,RST,MN,AGL,CE,Combined TRACON& Tower with Radar,2,36,32,0,70,0,0,24,0,24,2,36,56,0,94,18,0,18,112
06/10/2010,RST,MN,AGL,CE,Combined TRACON& Tower with Radar,2,39,36,2,79,0,1,21,0,22,2,40,57,2,101,78,0,78,179
06/11/2010,RST,MN,AGL,CE,Combined TRACON& Tower with Radar,3,38,31,0,72,0,0,7,0,7,3,38,38,0,79,18,0,18,97
06/12/2010,RST,MN,AGL,CE,Combined TRACON& Tower with Radar,1,24,12,0,37,0,0,0,0,0,1,24,12,0,37,0,0,0,37
06/13/2010,RST,MN,AGL,CE,Combined TRACON& Tower with Radar,0,25,43,0,68,0,0,0,0,0,0,25,43,0,68,0,0,0,68
06/14/2010,RST,MN,AGL,CE,Combined TRACON& Tower with Radar,1,27,31,0,59,0,0,0,0,0,1,27,31,0,59,0,0,0,59
06/15/2010,RST,MN,AGL,CE,Combined TRACON& Tower with Radar,2,34,17,0,53,0,0,11,0,11,2,34,28,0,64,12,0,12,76
06/16/2010,RST,MN,AGL,CE,Combined TRACON& Tower with Radar,4,40,34,3,81,0,0,37,0,37,4,40,71,3,118,102,0,102,220
06/17/2010,RST,MN,AGL,CE,Combined TRACON& Tower with Radar,3,35,23,0,61,0,0,18,0,18,3,35,41,0,79,0,0,0,79
06/18/2010,RST,MN,AGL,CE,Combined TRACON& Tower with Radar,3,31,12,0,46,0,0,18,0,18,3,31,30,0,64,40,0,40,104
06/19/2010,RST,MN,AGL,CE,Combined TRACON& Tower with Radar,1,25,18,0,44,0,0,26,0,26,1,25,44,0,70,14,0,14,84
06/20/2010,RST,MN,AGL,CE,Combined TRACON& Tower with Radar,0,29,16,0,45,0,0,44,0,44,0,29,60,0,89,52,0,52,141
06/21/2010,RST,MN,AGL,CE,Combined TRACON& Tower with Radar,1,35,42,0,78,0,0,21,0,21,1,35,63,0,99,38,0,38,137
06/22/2010,RST,MN,AGL,CE,Combined TRACON& Tower with Radar,2,50,24,2,78,0,0,24,0,24,2,50,48,2,102,34,0,34,136
06/23/2010,RST,MN,AGL,CE,Combined TRACON& Tower with Radar,2,33,29,8,72,0,0,6,0,6,2,33,35,8,78,16,0,16,94
06/24/2010,RST,MN,AGL,CE,Combined TRACON& Tower with Radar,4,33,32,0,69,0,0,25,0,25,4,33,57,0,94,88,0,88,182
06/25/2010,RST,MN,AGL,CE,Combined TRACON& Tower with Radar,8,33,35,4,80,0,0,15,0,15,8,33,50,4,95,30,0,30,125
06/26/2010,RST,MN,AGL,CE,Combined TRACON& Tower with Radar,2,26,29,0,57,0,0,17,0,17,2,26,46,0,74,6,0,6,80
06/27/2010,RST,MN,AGL,CE,Combined TRACON& Tower with Radar,1,33,25,0,59,0,0,16,0,16,1,33,41,0,75,14,0,14,89
06/28/2010,RST,MN,AGL,CE,Combined TRACON& Tower with Radar,3,44,35,0,82,0,3,19,0,22,3,47,54,0,104,22,0,22,126
06/29/2010,RST,MN,AGL,CE,Combined TRACON& Tower with Radar,2,39,25,0,66,0,0,45,0,45,2,39,70,0,111,68,0,68,179
06/30/2010,RST,MN,AGL,CE,Combined TRACON& Tower with Radar,4,35,33,4,76,0,0,40,0,40,4,35,73,4,116,134,8,142,258
07/01/2010,RST,MN,AGL,CE,Combined TRACON& Tower with Radar,2,33,26,0,61,0,0,18,0,18,2,33,44,0,79,0,0,0,79
07/02/2010,RST,MN,AGL,CE,Combined TRACON& Tower with Radar,2,48,50,0,100,0,2,32,0,34,2,50,82,0,134,58,0,58,192
07/03/2010,RST,MN,AGL,CE,Combined TRACON& Tower with Radar,1,23,40,0,64,0,0,22,0,22,1,23,62,0,86,20,0,20,106
07/04/2010,RST,MN,AGL,CE,Combined TRACON& Tower with Radar,0,26,16,0,42,0,0,0,0,0,0,26,16,0,42,0,0,0,42
07/05/2010,RST,MN,AGL,CE,Combined TRACON& Tower with Radar,2,31,20,0,53,0,0,8,0,8,2,31,28,0,61,10,0,10,71
07/06/2010,RST,MN,AGL,CE,Combined TRACON& Tower with Radar,1,30,15,0,46,0,0,19,0,19,1,30,34,0,65,66,0,66,131
07/07/2010,RST,MN,AGL,CE,Combined TRACON& Tower with Radar,5,33,28,0,66,0,0,7,0,7,5,33,35,0,73,20,0,20,93
07/08/2010,RST,MN,AGL,CE,Combined TRACON& Tower with Radar,2,33,22,0,57,0,0,41,0,41,2,33,63,0,98,22,0,22,120
07/09/2010,RST,MN,AGL,CE,Combined TRACON& Tower with Radar,2,35,61,0,98,0,1,38,0,39,2,36,99,0,137,32,0,32,169
07/10/2010,RST,MN,AGL,CE,Combined TRACON& Tower with Radar,1,21,56,5,83,0,1,38,0,39,1,22,94,5,122,56,0,56,178
07/11/2010,RST,MN,AGL,CE,Combined TRACON& Tower with Radar,0,43,57,0,100,0,2,22,0,24,0,45,79,0,124,28,0,28,152
07/12/2010,RST,MN,AGL,CE,Combined TRACON& Tower with Radar,1,39,31,0,71,0,0,29,0,29,1,39,60,0,100,62,0,62,162
07/13/2010,RST,MN,AGL,CE,Combined TRACON& Tower with Radar,4,46,24,1,75,0,0,11,0,11,4,46,35,1,86,2,4,6,92
07/14/2010,RST,MN,AGL,CE,Combined TRACON& Tower with Radar,4,28,28,1,61,0,0,4,0,4,4,28,32,1,65,0,2,2,67
07/15/2010,RST,MN,AGL,CE,Combined TRACON& Tower with Radar,2,38,68,0,108,0,0,34,0,34,2,38,102,0,142,56,0,56,198
07/16/2010,RST,MN,AGL,CE,Combined TRACON& Tower with Radar,2,35,19,0,56,1,0,28,0,29,3,35,47,0,85,26,0,26,111
07/17/2010,RST,MN,AGL,CE,Combined TRACON& Tower with Radar,3,26,15,0,44,0,2,40,0,42,3,28,55,0,86,50,0,50,136
07/18/2010,RST,MN,AGL,CE,Combined TRACON& Tower with Radar,1,28,28,0,57,0,0,32,0,32,1,28,60,0,89,56,0,56,145
07/19/2010,RST,MN,AGL,CE,Combined TRACON& Tower with Radar,1,34,22,0,57,0,0,22,0,22,1,34,44,0,79,6,0,6,85
07/20/2010,RST,MN,AGL,CE,Combined TRACON& Tower with Radar,2,42,74,0,118,0,1,22,0,23,2,43,96,0,141,58,0,58,199
07/21/2010,RST,MN,AGL,CE,Combined TRACON& Tower with Radar,2,44,56,0,102,0,0,30,0,30,2,44,86,0,132,72,0,72,204
07/22/2010,RST,MN,AGL,CE,Combined TRACON& Tower with Radar,2,37,29,0,68,0,0,15,0,15,2,37,44,0,83,20,0,20,103
07/23/2010,RST,MN,AGL,CE,Combined TRACON& Tower with Radar,2,36,47,0,85,0,0,23,0,23,2,36,70,0,108,70,0,70,178
07/24/2010,RST,MN,AGL,CE,Combined TRACON& Tower with Radar,1,22,32,0,55,0,0,33,0,33,1,22,65,0,88,22,0,22,110
07/25/2010,RST,MN,AGL,CE,Combined TRACON& Tower with Radar,0,32,30,0,62,0,0,63,0,63,0,32,93,0,125,20,0,20,145
07/26/2010,RST,MN,AGL,CE,Combined TRACON& Tower with Radar,1,29,55,0,85,0,1,34,0,35,1,30,89,0,120,16,0,16,136
07/27/2010,RST,MN,AGL,CE,Combined TRACON& Tower with Radar,5,32,62,0,99,0,0,10,0,10,5,32,72,0,109,0,0,0,109
07/28/2010,RST,MN,AGL,CE,Combined TRACON& Tower with Radar,2,40,25,2,69,0,0,20,0,20,2,40,45,2,89,24,0,24,113
07/29/2010,RST,MN,AGL,CE,Combined TRACON& Tower with Radar,2,31,18,0,51,0,1,36,0,37,2,32,54,0,88,20,0,20,108
07/30/2010,RST,MN,AGL,CE,Combined TRACON& Tower with Radar,4,31,32,0,67,0,0,15,0,15,4,31,47,0,82,6,0,6,88
07/31/2010,RST,MN,AGL,CE,Combined TRACON& Tower with Radar,3,23,16,0,42,0,0,29,0,29,3,23,45,0,71,8,0,8,79
08/01/2010,RST,MN,AGL,CE,Combined TRACON& Tower with Radar,0,34,26,0,60,0,0,58,0,58,0,34,84,0,118,26,0,26,144
08/02/2010,RST,MN,AGL,CE,Combined TRACON& Tower with Radar,1,31,33,0,65,0,0,14,0,14,1,31,47,0,79,8,0,8,87
08/03/2010,RST,MN,AGL,CE,Combined TRACON& Tower with Radar,4,33,36,4,77,0,0,7,0,7,4,33,43,4,84,0,0,0,84
08/04/2010,RST,MN,AGL,CE,Combined TRACON& Tower with Radar,4,33,35,0,72,0,0,24,0,24,4,33,59,0,96,20,0,20,116
08/05/2010,RST,MN,AGL,CE,Combined TRACON& Tower with Radar,2,27,32,0,61,0,0,34,0,34,2,27,66,0,95,50,0,50,145
08/06/2010,RST,MN,AGL,CE,Combined TRACON& Tower with Radar,2,37,33,4,76,0,0,56,0,56,2,37,89,4,132,72,0,72,204
08/07/2010,RST,MN,AGL,CE,Combined TRACON& Tower with Radar,1,27,11,0,39,0,0,14,0,14,1,27,25,0,53,42,0,42,95
08/08/2010,RST,MN,AGL,CE,Combined TRACON& Tower with Radar,0,24,25,0,49,0,0,30,0,30,0,24,55,0,79,76,0,76,155
08/09/2010,RST,MN,AGL,CE,Combined TRACON& Tower with Radar,1,31,44,0,76,0,0,43,0,43,1,31,87,0,119,94,0,94,213
08/10/2010,RST,MN,AGL,CE,Combined TRACON& Tower with Radar,9,42,51,0,102,0,11,3,0,14,9,53,54,0,116,24,0,24,140
08/11/2010,RST,MN,AGL,CE,Combined TRACON& Tower with Radar,2,38,42,0,82,0,0,38,0,38,2,38,80,0,120,64,0,64,184
08/12/2010,RST,MN,AGL,CE,Combined TRACON& Tower with Radar,2,30,32,0,64,0,0,14,0,14,2,30,46,0,78,8,0,8,86
08/13/2010,RST,MN,AGL,CE,Combined TRACON& Tower with Radar,2,35,32,0,69,0,0,1,0,1,2,35,33,0,70,0,0,0,70
08/14/2010,RST,MN,AGL,CE,Combined TRACON& Tower with Radar,1,28,25,0,54,0,0,32,0,32,1,28,57,0,86,46,0,46,132
08/15/2010,RST,MN,AGL,CE,Combined TRACON& Tower with Radar,0,37,20,0,57,0,0,32,0,32,0,37,52,0,89,44,0,44,133
08/16/2010,RST,MN,AGL,CE,Combined TRACON& Tower with Radar,3,33,32,0,68,0,0,43,0,43,3,33,75,0,111,42,0,42,153
08/17/2010,RST,MN,AGL,CE,Combined TRACON& Tower with Radar,2,31,42,0,75,0,2,40,0,42,2,33,82,0,117,62,0,62,179
08/18/2010,RST,MN,AGL,CE,Combined TRACON& Tower with Radar,2,42,33,0,77,0,0,22,0,22,2,42,55,0,99,44,0,44,143
08/19/2010,RST,MN,AGL,CE,Combined TRACON& Tower with Radar,2,36,25,0,63,0,0,21,0,21,2,36,46,0,84,28,0,28,112
08/20/2010,RST,MN,AGL,CE,Combined TRACON& Tower with Radar,3,31,34,0,68,0,0,30,0,30,3,31,64,0,98,64,0,64,162
08/21/2010,RST,MN,AGL,CE,Combined TRACON& Tower with Radar,1,21,18,0,40,0,0,32,0,32,1,21,50,0,72,42,0,42,114
08/22/2010,RST,MN,AGL,CE,Combined TRACON& Tower with Radar,0,40,38,0,78,0,0,38,0,38,0,40,76,0,116,14,0,14,130
08/23/2010,RST,MN,AGL,CE,Combined TRACON& Tower with Radar,1,32,37,0,70,0,0,11,0,11,1,32,48,0,81,24,0,24,105
08/24/2010,RST,MN,AGL,CE,Combined TRACON& Tower with Radar,2,42,26,0,70,0,0,15,0,15,2,42,41,0,85,18,0,18,103
08/25/2010,RST,MN,AGL,CE,Combined TRACON& Tower with Radar,1,35,41,0,77,0,0,33,0,33,1,35,74,0,110,64,0,64,174
08/26/2010,RST,MN,AGL,CE,Combined TRACON& Tower with Radar,2,46,28,0,76,0,0,36,0,36,2,46,64,0,112,76,0,76,188
08/27/2010,RST,MN,AGL,CE,Combined TRACON& Tower with Radar,2,40,21,0,63,0,0,20,0,20,2,40,41,0,83,12,0,12,95
08/28/2010,RST,MN,AGL,CE,Combined TRACON& Tower with Radar,1,21,20,0,42,0,0,26,0,26,1,21,46,0,68,2,0,2,70
08/29/2010,RST,MN,AGL,CE,Combined TRACON& Tower with Radar,0,38,9,0,47,0,0,34,0,34,0,38,43,0,81,30,0,30,111
08/30/2010,RST,MN,AGL,CE,Combined TRACON& Tower with Radar,1,42,33,0,76,0,0,7,0,7,1,42,40,0,83,16,0,16,99
08/31/2010,RST,MN,AGL,CE,Combined TRACON& Tower with Radar,2,43,31,0,76,0,0,4,0,4,2,43,35,0,80,0,0,0,80
09/01/2010,RST,MN,AGL,CE,Combined TRACON& Tower with Radar,4,36,24,0,64,0,0,26,4,30,4,36,50,4,94,38,0,38,132
09/02/2010,RST,MN,AGL,CE,Combined TRACON& Tower with Radar,2,34,25,0,61,0,0,6,0,6,2,34,31,0,67,0,0,0,67
09/03/2010,RST,MN,AGL,CE,Combined TRACON& Tower with Radar,2,32,30,0,64,0,0,4,0,4,2,32,34,0,68,0,0,0,68
09/04/2010,RST,MN,AGL,CE,Combined TRACON& Tower with Radar,1,22,19,0,42,0,4,48,0,52,1,26,67,0,94,36,0,36,130
09/05/2010,RST,MN,AGL,CE,Combined TRACON& Tower with Radar,0,18,10,0,28,0,1,37,0,38,0,19,47,0,66,24,0,24,90
09/06/2010,RST,MN,AGL,CE,Combined TRACON& Tower with Radar,1,30,22,0,53,0,3,7,0,10,1,33,29,0,63,2,0,2,65
09/07/2010,RST,MN,AGL,CE,Combined TRACON& Tower with Radar,1,33,23,0,57,0,0,1,0,1,1,33,24,0,58,2,0,2,60
09/08/2010,RST,MN,AGL,CE,Combined TRACON& Tower with Radar,2,46,29,0,77,0,0,44,0,44,2,46,73,0,121,56,0,56,177
09/09/2010,RST,MN,AGL,CE,Combined TRACON& Tower with Radar,3,36,20,0,59,0,0,6,0,6,3,36,26,0,65,54,0,54,119
09/10/2010,RST,MN,AGL,CE,Combined TRACON& Tower with Radar,2,37,29,2,70,0,0,10,0,10,2,37,39,2,80,10,0,10,90
09/11/2010,RST,MN,AGL,CE,Combined TRACON& Tower with Radar,1,25,14,0,40,0,0,20,0,20,1,25,34,0,60,28,0,28,88
09/12/2010,RST,MN,AGL,CE,Combined TRACON& Tower with Radar,0,34,12,0,46,0,0,47,0,47,0,34,59,0,93,78,0,78,171
09/13/2010,RST,MN,AGL,CE,Combined TRACON& Tower with Radar,1,35,25,2,63,0,0,24,0,24,1,35,49,2,87,84,0,84,171
09/14/2010,RST,MN,AGL,CE,Combined TRACON& Tower with Radar,4,43,69,2,118,0,2,34,0,36,4,45,103,2,154,44,0,44,198
09/15/2010,RST,MN,AGL,CE,Combined TRACON& Tower with Radar,4,32,41,0,77,0,0,9,0,9,4,32,50,0,86,20,0,20,106
09/16/2010,RST,MN,AGL,CE,Combined TRACON& Tower with Radar,2,42,61,0,105,0,0,4,0,4,2,42,65,0,109,20,0,20,129
09/17/2010,RST,MN,AGL,CE,Combined TRACON& Tower with Radar,4,31,31,0,66,0,0,17,0,17,4,31,48,0,83,50,0,50,133
09/18/2010,RST,MN,AGL,CE,Combined TRACON& Tower with Radar,3,19,24,0,46,0,0,21,0,21,3,19,45,0,67,48,0,48,115
09/19/2010,RST,MN,AGL,CE,Combined TRACON& Tower with Radar,0,27,21,0,48,0,1,43,0,44,0,28,64,0,92,52,0,52,144
09/20/2010,RST,MN,AGL,CE,Combined TRACON& Tower with Radar,5,40,20,0,65,0,0,5,0,5,5,40,25,0,70,0,0,0,70
09/21/2010,RST,MN,AGL,CE,Combined TRACON& Tower with Radar,2,37,31,0,70,0,0,29,0,29,2,37,60,0,99,64,0,64,163
09/22/2010,RST,MN,AGL,CE,Combined TRACON& Tower with Radar,2,41,31,2,76,0,0,8,0,8,2,41,39,2,84,26,0,26,110
09/23/2010,RST,MN,AGL,CE,Combined TRACON& Tower with Radar,2,37,19,0,58,0,0,2,0,2,2,37,21,0,60,0,0,0,60
09/24/2010,RST,MN,AGL,CE,Combined TRACON& Tower with Radar,2,34,40,0,76,0,3,7,0,10,2,37,47,0,86,0,0,0,86
09/25/2010,RST,MN,AGL,CE,Combined TRACON& Tower with Radar,1,23,47,0,71,0,0,17,0,17,1,23,64,0,88,38,0,38,126
09/26/2010,RST,MN,AGL,CE,Combined TRACON& Tower with Radar,0,34,20,0,54,0,0,88,0,88,0,34,108,0,142,88,0,88,230
09/27/2010,RST,MN,AGL,CE,Combined TRACON& Tower with Radar,1,38,22,0,61,0,0,31,0,31,1,38,53,0,92,70,0,70,162
09/28/2010,RST,MN,AGL,CE,Combined TRACON& Tower with Radar,2,38,49,0,89,0,0,21,0,21,2,38,70,0,110,50,0,50,160
09/29/2010,RST,MN,AGL,CE,Combined TRACON& Tower with Radar,2,53,24,0,79,0,4,25,0,29,2,57,49,0,108,30,0,30,138
09/30/2010,RST,MN,AGL,CE,Combined TRACON& Tower with Radar,2,42,26,0,70,0,3,28,0,31,2,45,54,0,101,22,0,22,123
10/01/2010,RST,MN,AGL,CE,Combined TRACON& Tower with Radar,2,29,38,0,69,0,0,28,0,28,2,29,66,0,97,36,0,36,133
10/02/2010,RST,MN,AGL,CE,Combined TRACON& Tower with Radar,2,17,14,0,33,0,0,19,0,19,2,17,33,0,52,54,0,54,106
10/03/2010,RST,MN,AGL,CE,Combined TRACON& Tower with Radar,0,31,15,0,46,0,3,55,0,58,0,34,70,0,104,92,0,92,196
10/04/2010,RST,MN,AGL,CE,Combined TRACON& Tower with Radar,4,42,55,0,101,0,2,19,0,21,4,44,74,0,122,38,0,38,160
10/05/2010,RST,MN,AGL,CE,Combined TRACON& Tower with Radar,10,33,36,0,79,0,5,42,0,47,10,38,78,0,126,68,0,68,194
10/06/2010,RST,MN,AGL,CE,Combined TRACON& Tower with Radar,2,37,39,2,80,0,1,21,0,22,2,38,60,2,102,38,0,38,140
10/07/2010,RST,MN,AGL,CE,Combined TRACON& Tower with Radar,2,39,31,12,84,0,0,42,0,42,2,39,73,12,126,32,18,50,176
10/08/2010,RST,MN,AGL,CE,Combined TRACON& Tower with Radar,2,45,33,0,80,0,0,30,0,30,2,45,63,0,110,22,0,22,132
10/09/2010,RST,MN,AGL,CE,Combined TRACON& Tower with Radar,4,20,16,0,40,0,0,27,0,27,4,20,43,0,67,60,0,60,127
10/10/2010,RST,MN,AGL,CE,Combined TRACON& Tower with Radar,0,36,32,0,68,0,0,48,0,48,0,36,80,0,116,32,0,32,148
10/11/2010,RST,MN,AGL,CE,Combined TRACON& Tower with Radar,1,35,28,2,66,0,0,28,0,28,1,35,56,2,94,32,0,32,126
10/12/2010,RST,MN,AGL,CE,Combined TRACON& Tower with Radar,2,45,15,0,62,0,0,28,0,28,2,45,43,0,90,42,0,42,132
10/13/2010,RST,MN,AGL,CE,Combined TRACON& Tower with Radar,2,42,32,4,80,0,0,15,0,15,2,42,47,4,95,32,0,32,127
10/14/2010,RST,MN,AGL,CE,Combined TRACON& Tower with Radar,2,41,25,0,68,0,0,17,0,17,2,41,42,0,85,14,0,14,99
10/15/2010,RST,MN,AGL,CE,Combined TRACON& Tower with Radar,2,38,33,0,73,0,0,44,0,44,2,38,77,0,117,68,0,68,185
10/16/2010,RST,MN,AGL,CE,Combined TRACON& Tower with Radar,1,33,37,0,71,0,0,27,0,27,1,33,64,0,98,10,0,10,108
10/17/2010,RST,MN,AGL,CE,Combined TRACON& Tower with Radar,1,30,80,0,111,0,3,57,0,60,1,33,137,0,171,18,0,18,189
10/18/2010,RST,MN,AGL,CE,Combined TRACON& Tower with Radar,3,32,25,6,66,0,0,23,0,23,3,32,48,6,89,52,30,82,171
10/19/2010,RST,MN,AGL,CE,Combined TRACON& Tower with Radar,6,35,30,0,71,0,1,23,0,24,6,36,53,0,95,12,0,12,107
10/20/2010,RST,MN,AGL,CE,Combined TRACON& Tower with Radar,2,33,39,0,74,0,0,6,0,6,2,33,45,0,80,24,0,24,104
10/21/2010,RST,MN,AGL,CE,Combined TRACON& Tower with Radar,4,39,28,0,71,0,0,26,0,26,4,39,54,0,97,18,0,18,115
10/22/2010,RST,MN,AGL,CE,Combined TRACON& Tower with Radar,2,34,29,2,67,0,0,17,0,17,2,34,46,2,84,40,0,40,124
10/23/2010,RST,MN,AGL,CE,Combined TRACON& Tower with Radar,1,21,12,0,34,0,2,10,0,12,1,23,22,0,46,32,0,32,78
10/24/2010,RST,MN,AGL,CE,Combined TRACON& Tower with Radar,0,28,24,0,52,0,0,14,0,14,0,28,38,0,66,56,0,56,122
10/25/2010,RST,MN,AGL,CE,Combined TRACON& Tower with Radar,3,35,22,0,60,0,2,6,0,8,3,37,28,0,68,12,0,12,80
10/26/2010,RST,MN,AGL,CE,Combined TRACON& Tower with Radar,2,28,20,0,50,0,0,3,0,3,2,28,23,0,53,2,0,2,55
10/27/2010,RST,MN,AGL,CE,Combined TRACON& Tower with Radar,2,24,18,0,44,0,0,0,0,0,2,24,18,0,44,0,0,0,44
10/28/2010,RST,MN,AGL,CE,Combined TRACON& Tower with Radar,2,46,15,7,70,0,0,6,3,9,2,46,21,10,79,0,14,14,93
10/29/2010,RST,MN,AGL,CE,Combined TRACON& Tower with Radar,4,47,17,0,68,0,0,17,0,17,4,47,34,0,85,12,0,12,97
10/30/2010,RST,MN,AGL,CE,Combined TRACON& Tower with Radar,1,29,11,0,41,0,0,29,0,29,1,29,40,0,70,6,0,6,76
10/31/2010,RST,MN,AGL,CE,Combined TRACON& Tower with Radar,0,29,33,0,62,0,0,43,0,43,0,29,76,0,105,40,0,40,145
11/01/2010,RST,MN,AGL,CE,Combined TRACON& Tower with Radar,1,38,22,14,75,0,0,0,0,0,1,38,22,14,75,36,2,38,113
11/02/2010,RST,MN,AGL,CE,Combined TRACON& Tower with Radar,2,41,40,4,87,0,0,27,0,27,2,41,67,4,114,40,0,40,154
11/03/2010,RST,MN,AGL,CE,Combined TRACON& Tower with Radar,2,38,39,4,83,0,0,14,0,14,2,38,53,4,97,0,0,0,97
11/04/2010,RST,MN,AGL,CE,Combined TRACON& Tower with Radar,2,30,30,6,68,0,3,22,0,25,2,33,52,6,93,16,14,30,123
11/05/2010,RST,MN,AGL,CE,Combined TRACON& Tower with Radar,2,30,16,0,48,0,0,48,0,48,2,30,64,0,96,62,0,62,158
11/06/2010,RST,MN,AGL,CE,Combined TRACON& Tower with Radar,1,21,18,0,40,0,2,16,0,18,1,23,34,0,58,4,0,4,62
11/07/2010,RST,MN,AGL,CE,Combined TRACON& Tower with Radar,0,30,34,0,64,0,1,38,0,39,0,31,72,0,103,76,0,76,179
11/08/2010,RST,MN,AGL,CE,Combined TRACON& Tower with Radar,1,33,20,10,64,0,0,16,0,16,1,33,36,10,80,20,12,32,112
11/09/2010,RST,MN,AGL,CE,Combined TRACON& Tower with Radar,6,39,34,14,93,0,1,11,14,26,6,40,45,28,119,18,36,54,173
11/10/2010,RST,MN,AGL,CE,Combined TRACON& Tower with Radar,2,34,35,0,71,0,0,6,0,6,2,34,41,0,77,0,0,0,77
11/11/2010,RST,MN,AGL,CE,Combined TRACON& Tower with Radar,2,37,23,0,62,0,0,27,0,27,2,37,50,0,89,90,0,90,179
11/12/2010,RST,MN,AGL,CE,Combined TRACON& Tower with Radar,2,37,18,0,57,0,0,0,0,0,2,37,18,0,57,0,0,0,57
11/13/2010,RST,MN,AGL,CE,Combined TRACON& Tower with Radar,1,20,7,0,28,0,0,0,0,0,1,20,7,0,28,0,0,0,28
11/14/2010,RST,MN,AGL,CE,Combined TRACON& Tower with Radar,1,29,16,0,46,0,0,0,0,0,1,29,16,0,46,0,0,0,46
11/15/2010,RST,MN,AGL,CE,Combined TRACON& Tower with Radar,2,36,45,0,83,0,0,12,0,12,2,36,57,0,95,54,0,54,149
11/16/2010,RST,MN,AGL,CE,Combined TRACON& Tower with Radar,2,36,16,0,54,0,0,0,0,0,2,36,16,0,54,0,0,0,54
11/17/2010,RST,MN,AGL,CE,Combined TRACON& Tower with Radar,2,37,43,2,84,0,0,5,0,5,2,37,48,2,89,36,0,36,125
11/18/2010,RST,MN,AGL,CE,Combined TRACON& Tower with Radar,4,35,11,11,61,0,0,6,0,6,4,35,17,11,67,50,16,66,133
11/19/2010,RST,MN,AGL,CE,Combined TRACON& Tower with Radar,2,36,36,9,83,0,0,12,0,12,2,36,48,9,95,16,0,16,111
11/20/2010,RST,MN,AGL,CE,Combined TRACON& Tower with Radar,1,22,22,0,45,0,0,36,0,36,1,22,58,0,81,38,0,38,119
11/21/2010,RST,MN,AGL,CE,Combined TRACON& Tower with Radar,4,31,6,0,41,0,0,0,0,0,4,31,6,0,41,0,0,0,41
11/22/2010,RST,MN,AGL,CE,Combined TRACON& Tower with Radar,2,23,14,0,39,0,0,0,0,0,2,23,14,0,39,0,0,0,39
11/23/2010,RST,MN,AGL,CE,Combined TRACON& Tower with Radar,4,46,30,22,102,0,3,21,8,32,4,49,51,30,134,46,68,114,248
11/24/2010,RST,MN,AGL,CE,Combined TRACON& Tower with Radar,4,28,9,11,52,0,0,3,1,4,4,28,12,12,56,0,40,40,96
11/25/2010,RST,MN,AGL,CE,Combined TRACON& Tower with Radar,0,19,5,0,24,0,0,0,0,0,0,19,5,0,24,0,0,0,24
11/26/2010,RST,MN,AGL,CE,Combined TRACON& Tower with Radar,3,18,7,0,28,0,0,14,0,14,3,18,21,0,42,19,0,19,61
11/27/2010,RST,MN,AGL,CE,Combined TRACON& Tower with Radar,1,24,29,0,54,0,0,32,0,32,1,24,61,0,86,50,0,50,136
11/28/2010,RST,MN,AGL,CE,Combined TRACON& Tower with Radar,0,31,38,0,69,0,0,7,0,7,0,31,45,0,76,2,0,2,78
11/29/2010,RST,MN,AGL,CE,Combined TRACON& Tower with Radar,2,30,21,0,53,0,0,0,0,0,2,30,21,0,53,8,0,8,61
11/30/2010,RST,MN,AGL,CE,Combined TRACON& Tower with Radar,32,27,21,0,80,0,0,1,0,1,32,27,22,0,81,0,0,0,81
12/01/2010,RST,MN,AGL,CE,Combined TRACON& Tower with Radar,3,34,41,8,86,0,0,6,0,6,3,34,47,8,92,6,10,16,108
12/02/2010,RST,MN,AGL,CE,Combined TRACON& Tower with Radar,2,41,25,18,86,0,41,21,10,72,2,82,46,28,158,30,48,78,236
12/03/2010,RST,MN,AGL,CE,Combined TRACON& Tower with Radar,2,30,21,0,53,0,0,0,0,0,2,30,21,0,53,0,0,0,53
12/04/2010,RST,MN,AGL,CE,Combined TRACON& Tower with Radar,1,20,3,0,24,0,0,0,0,0,1,20,3,0,24,0,0,0,24
12/05/2010,RST,MN,AGL,CE,Combined TRACON& Tower with Radar,1,23,20,0,44,0,0,0,0,0,1,23,20,0,44,2,0,2,46
12/06/2010,RST,MN,AGL,CE,Combined TRACON& Tower with Radar,3,32,23,0,58,0,0,3,0,3,3,32,26,0,61,6,0,6,67
12/07/2010,RST,MN,AGL,CE,Combined TRACON& Tower with Radar,4,32,25,12,73,0,0,8,4,12,4,32,33,16,85,14,10,24,109
12/08/2010,RST,MN,AGL,CE,Combined TRACON& Tower with Radar,2,46,32,22,102,0,0,4,0,4,2,46,36,22,106,12,34,46,152
12/09/2010,RST,MN,AGL,CE,Combined TRACON& Tower with Radar,2,29,36,16,83,0,0,1,0,1,2,29,37,16,84,0,38,38,122
12/10/2010,RST,MN,AGL,CE,Combined TRACON& Tower with Radar,2,35,25,2,64,0,0,0,0,0,2,35,25,2,64,0,0,0,64
12/11/2010,RST,MN,AGL,CE,Combined TRACON& Tower with Radar,2,1,0,0,3,0,0,0,0,0,2,1,0,0,3,0,0,0,3
12/12/2010,RST,MN,AGL,CE,Combined TRACON& Tower with Radar,0,20,16,0,36,0,0,0,0,0,0,20,16,0,36,0,0,0,36
12/13/2010,RST,MN,AGL,CE,Combined TRACON& Tower with Radar,2,36,25,0,63,0,5,3,0,8,2,41,28,0,71,0,0,0,71
12/14/2010,RST,MN,AGL,CE,Combined TRACON& Tower with Radar,2,40,35,0,77,0,4,11,0,15,2,44,46,0,92,4,0,4,96
12/15/2010,RST,MN,AGL,CE,Combined TRACON& Tower with Radar,2,42,30,0,74,0,0,4,0,4,2,42,34,0,78,14,0,14,92
12/16/2010,RST,MN,AGL,CE,Combined TRACON& Tower with Radar,2,35,18,0,55,0,0,0,0,0,2,35,18,0,55,0,0,0,55
12/17/2010,RST,MN,AGL,CE,Combined TRACON& Tower with Radar,2,28,24,2,56,0,0,10,0,10,2,28,34,2,66,38,0,38,104
12/18/2010,RST,MN,AGL,CE,Combined TRACON& Tower with Radar,1,21,14,0,36,0,0,11,0,11,1,21,25,0,47,40,0,40,87
12/19/2010,RST,MN,AGL,CE,Combined TRACON& Tower with Radar,0,29,22,0,51,0,0,33,0,33,0,29,55,0,84,58,0,58,142
12/20/2010,RST,MN,AGL,CE,Combined TRACON& Tower with Radar,1,15,9,0,25,0,0,1,0,1,1,15,10,0,26,0,0,0,26
12/21/2010,RST,MN,AGL,CE,Combined TRACON& Tower with Radar,2,31,21,8,62,0,0,1,0,1,2,31,22,8,63,6,0,6,69
12/22/2010,RST,MN,AGL,CE,Combined TRACON& Tower with Radar,2,43,24,8,77,0,0,9,0,9,2,43,33,8,86,6,14,20,106
12/23/2010,RST,MN,AGL,CE,Combined TRACON& Tower with Radar,2,45,12,0,59,0,0,2,0,2,2,45,14,0,61,0,0,0,61
12/24/2010,RST,MN,AGL,CE,Combined TRACON& Tower with Radar,1,24,7,0,32,0,0,0,0,0,1,24,7,0,32,0,0,0,32
12/25/2010,RST,MN,AGL,CE,Combined TRACON& Tower with Radar,0,19,1,0,20,0,0,0,0,0,0,19,1,0,20,0,0,0,20
12/26/2010,RST,MN,AGL,CE,Combined TRACON& Tower with Radar,0,28,10,0,38,0,0,3,0,3,0,28,13,0,41,0,0,0,41
12/27/2010,RST,MN,AGL,CE,Combined TRACON& Tower with Radar,1,28,22,0,51,0,0,13,0,13,1,28,35,0,64,36,0,36,100
12/28/2010,RST,MN,AGL,CE,Combined TRACON& Tower with Radar,2,37,21,4,64,0,0,25,0,25,2,37,46,4,89,44,0,44,133
12/29/2010,RST,MN,AGL,CE,Combined TRACON& Tower with Radar,2,23,21,0,46,0,0,2,0,2,2,23,23,0,48,2,0,2,50
12/30/2010,RST,MN,AGL,CE,Combined TRACON& Tower with Radar,4,9,6,0,19,0,0,0,0,0,4,9,6,0,19,0,0,0,19
12/31/2010,RST,MN,AGL,CE,Combined TRACON& Tower with Radar,4,20,1,0,25,0,0,0,0,0,4,20,1,0,25,0,0,0,25
01/01/2011,RST,MN,AGL,CE,Combined TRACON& Tower with Radar,0,23,1,0,24,0,0,2,0,2,0,23,3,0,26,0,0,0,26
01/02/2011,RST,MN,AGL,CE,Combined TRACON& Tower with Radar,0,26,15,0,41,0,0,28,0,28,0,26,43,0,69,30,0,30,99
01/03/2011,RST,MN,AGL,CE,Combined TRACON& Tower with Radar,2,38,12,0,52,0,0,2,0,2,2,38,14,0,54,16,0,16,70
01/04/2011,RST,MN,AGL,CE,Combined TRACON& Tower with Radar,1,53,15,0,69,0,0,16,0,16,1,53,31,0,85,8,0,8,93
01/05/2011,RST,MN,AGL,CE,Combined TRACON& Tower with Radar,2,34,15,2,53,0,0,2,0,2,2,34,17,2,55,10,0,10,65
01/06/2011,RST,MN,AGL,CE,Combined TRACON& Tower with Radar,2,33,9,0,44,0,0,0,0,0,2,33,9,0,44,8,0,8,52
01/07/2011,RST,MN,AGL,CE,Combined TRACON& Tower with Radar,2,37,11,0,50,0,0,0,0,0,2,37,11,0,50,0,0,0,50
01/08/2011,RST,MN,AGL,CE,Combined TRACON& Tower with Radar,1,32,12,0,45,0,0,21,0,21,1,32,33,0,66,58,0,58,124
01/09/2011,RST,MN,AGL,CE,Combined TRACON& Tower with Radar,0,25,32,0,57,0,0,28,0,28,0,25,60,0,85,24,0,24,109
01/10/2011,RST,MN,AGL,CE,Combined TRACON& Tower with Radar,6,32,18,0,56,0,0,3,0,3,6,32,21,0,59,0,0,0,59
01/11/2011,RST,MN,AGL,CE,Combined TRACON& Tower with Radar,5,23,24,10,62,0,4,0,0,4,5,27,24,10,66,0,6,6,72
01/12/2011,RST,MN,AGL,CE,Combined TRACON& Tower with Radar,2,41,19,16,78,0,0,4,0,4,2,41,23,16,82,2,22,24,106
01/13/2011,RST,MN,AGL,CE,Combined TRACON& Tower with Radar,2,28,24,32,86,0,0,4,0,4,2,28,28,32,90,0,28,28,118
01/14/2011,RST,MN,AGL,CE,Combined TRACON& Tower with Radar,5,41,20,0,66,0,0,4,0,4,5,41,24,0,70,28,0,28,98
01/15/2011,RST,MN,AGL,CE,Combined TRACON& Tower with Radar,2,25,5,0,32,0,0,17,0,17,2,25,22,0,49,50,0,50,99
01/16/2011,RST,MN,AGL,CE,Combined TRACON& Tower with Radar,0,26,42,0,68,0,0,17,0,17,0,26,59,0,85,34,0,34,119
01/17/2011,RST,MN,AGL,CE,Combined TRACON& Tower with Radar,1,30,8,0,39,0,0,5,0,5,1,30,13,0,44,12,0,12,56
01/18/2011,RST,MN,AGL,CE,Combined TRACON& Tower with Radar,2,42,18,13,75,0,0,13,0,13,2,42,31,13,88,34,46,80,168
01/19/2011,RST,MN,AGL,CE,Combined TRACON& Tower with Radar,2,32,24,27,85,0,0,12,11,23,2,32,36,38,108,34,56,90,198
01/20/2011,RST,MN,AGL,CE,Combined TRACON& Tower with Radar,4,39,16,0,59,0,0,3,0,3,4,39,19,0,62,4,0,4,66
01/21/2011,RST,MN,AGL,CE,Combined TRACON& Tower with Radar,6,36,14,0,56,0,0,3,0,3,6,36,17,0,59,22,0,22,81
01/22/2011,RST,MN,AGL,CE,Combined TRACON& Tower with Radar,2,26,36,0,64,0,0,25,0,25,2,26,61,0,89,34,0,34,123
01/23/2011,RST,MN,AGL,CE,Combined TRACON& Tower with Radar,0,28,18,0,46,0,2,7,0,9,0,30,25,0,55,0,0,0,55
01/24/2011,RST,MN,AGL,CE,Combined TRACON& Tower with Radar,1,30,22,10,63,0,0,0,0,0,1,30,22,10,63,0,0,0,63
01/25/2011,RST,MN,AGL,CE,Combined TRACON& Tower with Radar,4,33,24,8,69,0,0,1,0,1,4,33,25,8,70,34,40,74,144
01/26/2011,RST,MN,AGL,CE,Combined TRACON& Tower with Radar,2,36,37,0,75,0,0,3,0,3,2,36,40,0,78,0,0,0,78
01/27/2011,RST,MN,AGL,CE,Combined TRACON& Tower with Radar,2,32,21,0,55,0,0,0,0,0,2,32,21,0,55,12,0,12,67
01/28/2011,RST,MN,AGL,CE,Combined TRACON& Tower with Radar,2,35,9,0,46,0,0,3,0,3,2,35,12,0,49,0,0,0,49
01/29/2011,RST,MN,AGL,CE,Combined TRACON& Tower with Radar,1,24,22,0,47,0,0,10,0,10,1,24,32,0,57,0,32,32,89
01/30/2011,RST,MN,AGL,CE,Combined TRACON& Tower with Radar,0,28,18,0,46,0,0,14,0,14,0,28,32,0,60,54,0,54,114
01/31/2011,RST,MN,AGL,CE,Combined TRACON& Tower with Radar,1,28,24,0,53,0,0,0,0,0,1,28,24,0,53,0,0,0,53
02/01/2011,RST,MN,AGL,CE,Combined TRACON& Tower with Radar,2,27,19,12,60,0,0,0,0,0,2,27,19,12,60,4,34,38,98
02/02/2011,RST,MN,AGL,CE,Combined TRACON& Tower with Radar,2,30,25,4,61,0,0,10,0,10,2,30,35,4,71,30,32,62,133
02/03/2011,RST,MN,AGL,CE,Combined TRACON& Tower with Radar,2,32,38,0,72,0,0,11,0,11,2,32,49,0,83,28,0,28,111
02/04/2011,RST,MN,AGL,CE,Combined TRACON& Tower with Radar,2,30,29,0,61,0,0,6,0,6,2,30,35,0,67,2,0,2,69
02/05/2011,RST,MN,AGL,CE,Combined TRACON& Tower with Radar,1,17,8,0,26,0,0,0,0,0,1,17,8,0,26,0,0,0,26
02/06/2011,RST,MN,AGL,CE,Combined TRACON& Tower with Radar,0,23,10,0,33,0,0,12,0,12,0,23,22,0,45,0,0,0,45
02/07/2011,RST,MN,AGL,CE,Combined TRACON& Tower with Radar,1,23,15,0,39,0,0,0,0,0,1,23,15,0,39,0,0,0,39
02/08/2011,RST,MN,AGL,CE,Combined TRACON& Tower with Radar,4,37,22,7,70,0,7,12,0,19,4,44,34,7,89,20,16,36,125
02/09/2011,RST,MN,AGL,CE,Combined TRACON& Tower with Radar,2,33,28,0,63,0,0,8,0,8,2,33,36,0,71,0,0,0,71
02/10/2011,RST,MN,AGL,CE,Combined TRACON& Tower with Radar,4,35,17,4,60,0,0,13,0,13,4,35,30,4,73,10,0,10,83
02/11/2011,RST,MN,AGL,CE,Combined TRACON& Tower with Radar,4,41,15,0,60,0,0,3,0,3,4,41,18,0,63,8,0,8,71
02/12/2011,RST,MN,AGL,CE,Combined TRACON& Tower with Radar,3,22,16,0,41,0,0,24,0,24,3,22,40,0,65,44,0,44,109
02/13/2011,RST,MN,AGL,CE,Combined TRACON& Tower with Radar,0,35,41,0,76,0,1,25,0,26,0,36,66,0,102,52,0,52,154
02/14/2011,RST,MN,AGL,CE,Combined TRACON& Tower with Radar,1,29,8,0,38,0,0,4,0,4,1,29,12,0,42,0,0,0,42
02/15/2011,RST,MN,AGL,CE,Combined TRACON& Tower with Radar,6,35,17,0,58,0,0,3,0,3,6,35,20,0,61,16,0,16,77
02/16/2011,RST,MN,AGL,CE,Combined TRACON& Tower with Radar,2,32,16,12,62,0,0,26,0,26,2,32,42,12,88,36,48,84,172
02/17/2011,RST,MN,AGL,CE,Combined TRACON& Tower with Radar,2,18,12,10,42,0,0,3,0,3,2,18,15,10,45,12,36,48,93
02/18/2011,RST,MN,AGL,CE,Combined TRACON& Tower with Radar,4,38,22,0,64,0,1,7,0,8,4,39,29,0,72,16,0,16,88
02/19/2011,RST,MN,AGL,CE,Combined TRACON& Tower with Radar,1,22,16,0,39,0,0,31,0,31,1,22,47,0,70,112,0,112,182
02/20/2011,RST,MN,AGL,CE,Combined TRACON& Tower with Radar,0,4,2,0,6,0,0,0,0,0,0,4,2,0,6,0,0,0,6
02/21/2011,RST,MN,AGL,CE,Combined TRACON& Tower with Radar,2,25,11,0,38,0,0,0,0,0,2,25,11,0,38,0,0,0,38
02/22/2011,RST,MN,AGL,CE,Combined TRACON& Tower with Radar,3,35,36,0,74,0,0,11,0,11,3,35,47,0,85,28,0,28,113
02/23/2011,RST,MN,AGL,CE,Combined TRACON& Tower with Radar,2,44,29,0,75,0,0,4,0,4,2,44,33,0,79,6,0,6,85
02/24/2011,RST,MN,AGL,CE,Combined TRACON& Tower with Radar,2,30,10,10,52,0,0,16,0,16,2,30,26,10,68,16,20,36,104
02/25/2011,RST,MN,AGL,CE,Combined TRACON& Tower with Radar,5,33,12,0,50,0,0,15,0,15,5,33,27,0,65,8,0,8,73
02/26/2011,RST,MN,AGL,CE,Combined TRACON& Tower with Radar,2,25,12,0,39,0,1,2,0,3,2,26,14,0,42,0,0,0,42
02/27/2011,RST,MN,AGL,CE,Combined TRACON& Tower with Radar,1,30,10,0,41,0,0,0,0,0,1,30,10,0,41,0,0,0,41
02/28/2011,RST,MN,AGL,CE,Combined TRACON& Tower with Radar,2,28,18,0,48,0,2,18,0,20,2,30,36,0,68,36,0,36,104
03/01/2011,RST,MN,AGL,CE,Combined TRACON& Tower with Radar,4,34,25,4,67,0,0,14,0,14,4,34,39,4,81,46,0,46,127
03/02/2011,RST,MN,AGL,CE,Combined TRACON& Tower with Radar,2,38,25,0,65,0,0,13,0,13,2,38,38,0,78,38,0,38,116
03/03/2011,RST,MN,AGL,CE,Combined TRACON& Tower with Radar,2,32,22,0,56,0,0,3,0,3,2,32,25,0,59,2,4,6,65
03/04/2011,RST,MN,AGL,CE,Combined TRACON& Tower with Radar,2,25,22,0,49,0,0,3,0,3,2,25,25,0,52,16,0,16,68
03/05/2011,RST,MN,AGL,CE,Combined TRACON& Tower with Radar,1,19,26,0,46,0,0,22,0,22,1,19,48,0,68,34,0,34,102
03/06/2011,RST,MN,AGL,CE,Combined TRACON& Tower with Radar,0,30,15,0,45,0,0,18,0,18,0,30,33,0,63,98,0,98,161
03/07/2011,RST,MN,AGL,CE,Combined TRACON& Tower with Radar,1,30,10,0,41,0,0,0,0,0,1,30,10,0,41,0,0,0,41
03/08/2011,RST,MN,AGL,CE,Combined TRACON& Tower with Radar,6,27,19,0,52,0,0,2,0,2,6,27,21,0,54,8,0,8,62
03/09/2011,RST,MN,AGL,CE,Combined TRACON& Tower with Radar,5,35,14,0,54,0,0,0,0,0,5,35,14,0,54,0,0,0,54
03/10/2011,RST,MN,AGL,CE,Combined TRACON& Tower with Radar,2,31,29,8,70,0,0,4,0,4,2,31,33,8,74,0,0,0,74
03/11/2011,RST,MN,AGL,CE,Combined TRACON& Tower with Radar,3,27,14,0,44,0,0,6,0,6,3,27,20,0,50,24,0,24,74
03/12/2011,RST,MN,AGL,CE,Combined TRACON& Tower with Radar,3,23,6,0,32,0,1,1,0,2,3,24,7,0,34,0,0,0,34
03/13/2011,RST,MN,AGL,CE,Combined TRACON& Tower with Radar,0,43,24,0,67,0,0,8,0,8,0,43,32,0,75,70,0,70,145
03/14/2011,RST,MN,AGL,CE,Combined TRACON& Tower with Radar,1,34,35,0,70,0,0,18,0,18,1,34,53,0,88,78,0,78,166
03/15/2011,RST,MN,AGL,CE,Combined TRACON& Tower with Radar,4,35,31,6,76,0,0,20,0,20,4,35,51,6,96,26,20,46,142
03/16/2011,RST,MN,AGL,CE,Combined TRACON& Tower with Radar,2,42,37,0,81,0,0,44,0,44,2,42,81,0,125,36,0,36,161
03/17/2011,RST,MN,AGL,CE,Combined TRACON& Tower with Radar,2,24,28,2,56,0,0,4,0,4,2,24,32,2,60,0,0,0,60
03/18/2011,RST,MN,AGL,CE,Combined TRACON& Tower with Radar,2,35,11,0,48,0,0,12,0,12,2,35,23,0,60,0,0,0,60
03/19/2011,RST,MN,AGL,CE,Combined TRACON& Tower with Radar,0,20,19,8,47,0,0,77,2,79,0,20,96,10,126,60,10,70,196
03/20/2011,RST,MN,AGL,CE,Combined TRACON& Tower with Radar,0,22,20,0,42,0,0,0,0,0,0,22,20,0,42,0,0,0,42
03/21/2011,RST,MN,AGL,CE,Combined TRACON& Tower with Radar,2,36,23,4,65,0,0,6,0,6,2,36,29,4,71,54,0,54,125
03/22/2011,RST,MN,AGL,CE,Combined TRACON& Tower with Radar,2,43,11,0,56,0,0,0,0,0,2,43,11,0,56,0,0,0,56
03/23/2011,RST,MN,AGL,CE,Combined TRACON& Tower with Radar,2,30,13,0,45,0,0,0,0,0,2,30,13,0,45,0,0,0,45
03/24/2011,RST,MN,AGL,CE,Combined TRACON& Tower with Radar,2,40,20,18,80,0,0,16,5,21,2,40,36,23,101,38,58,96,197
03/25/2011,RST,MN,AGL,CE,Combined TRACON& Tower with Radar,2,48,16,0,66,0,0,23,7,30,2,48,39,7,96,30,10,40,136
03/26/2011,RST,MN,AGL,CE,Combined TRACON& Tower with Radar,1,29,39,0,69,0,0,26,0,26,1,29,65,0,95,62,0,62,157
03/27/2011,RST,MN,AGL,CE,Combined TRACON& Tower with Radar,0,34,20,0,54,0,0,35,0,35,0,34,55,0,89,76,0,76,165
03/28/2011,RST,MN,AGL,CE,Combined TRACON& Tower with Radar,1,31,34,0,66,0,0,14,0,14,1,31,48,0,80,16,0,16,96
03/29/2011,RST,MN,AGL,CE,Combined TRACON& Tower with Radar,4,41,29,0,74,0,0,13,0,13,4,41,42,0,87,16,0,16,103
03/30/2011,RST,MN,AGL,CE,Combined TRACON& Tower with Radar,2,36,22,15,75,0,0,28,2,30,2,36,50,17,105,36,34,70,175
03/31/2011,RST,MN,AGL,CE,Combined TRACON& Tower with Radar,2,38,24,28,92,0,0,6,0,6,2,38,30,28,98,8,44,52,150
04/01/2011,RST,MN,AGL,CE,Combined TRACON& Tower with Radar,2,38,25,0,65,0,3,2,0,5,2,41,27,0,70,0,0,0,70
04/02/2011,RST,MN,AGL,CE,Combined TRACON& Tower with Radar,1,20,26,0,47,0,0,78,0,78,1,20,104,0,125,190,2,192,317
04/03/2011,RST,MN,AGL,CE,Combined TRACON& Tower with Radar,0,29,21,0,50,0,2,12,0,14,0,31,33,0,64,30,0,30,94
04/04/2011,RST,MN,AGL,CE,Combined TRACON& Tower with Radar,2,32,24,0,58,0,0,3,0,3,2,32,27,0,61,4,0,4,65
04/05/2011,RST,MN,AGL,CE,Combined TRACON& Tower with Radar,4,33,21,0,58,0,0,17,0,17,4,33,38,0,75,0,0,0,75
04/06/2011,RST,MN,AGL,CE,Combined TRACON& Tower with Radar,2,37,33,0,72,0,0,28,0,28,2,37,61,0,100,72,0,72,172
04/07/2011,RST,MN,AGL,CE,Combined TRACON& Tower with Radar,2,40,23,14,79,0,0,12,0,12,2,40,35,14,91,16,32,48,139
04/08/2011,RST,MN,AGL,CE,Combined TRACON& Tower with Radar,2,27,16,0,45,0,0,17,0,17,2,27,33,0,62,20,0,20,82
04/09/2011,RST,MN,AGL,CE,Combined TRACON& Tower with Radar,1,23,8,0,32,0,1,1,0,2,1,24,9,0,34,0,0,0,34
04/10/2011,RST,MN,AGL,CE,Combined TRACON& Tower with Radar,0,24,19,0,43,0,0,8,0,8,0,24,27,0,51,0,0,0,51
04/11/2011,RST,MN,AGL,CE,Combined TRACON& Tower with Radar,1,37,23,0,61,0,0,15,0,15,1,37,38,0,76,2,0,2,78
04/12/2011,RST,MN,AGL,CE,Combined TRACON& Tower with Radar,2,27,41,8,78,0,0,47,0,47,2,27,88,8,125,80,22,102,227
04/13/2011,RST,MN,AGL,CE,Combined TRACON& Tower with Radar,5,37,50,15,107,0,0,17,0,17,5,37,67,15,124,10,16,26,150
04/14/2011,RST,MN,AGL,CE,Combined TRACON& Tower with Radar,7,31,26,0,64,0,0,3,0,3,7,31,29,0,67,16,0,16,83
04/15/2011,RST,MN,AGL,CE,Combined TRACON& Tower with Radar,5,35,30,0,70,0,0,2,0,2,5,35,32,0,72,0,0,0,72
04/16/2011,RST,MN,AGL,CE,Combined TRACON& Tower with Radar,1,22,16,0,39,0,0,5,0,5,1,22,21,0,44,0,0,0,44
04/17/2011,RST,MN,AGL,CE,Combined TRACON& Tower with Radar,4,29,63,2,98,0,0,32,0,32,4,29,95,2,130,72,0,72,202
04/18/2011,RST,MN,AGL,CE,Combined TRACON& Tower with Radar,3,35,41,3,82,0,0,27,0,27,3,35,68,3,109,52,1,53,162
04/19/2011,RST,MN,AGL,CE,Combined TRACON& Tower with Radar,4,31,20,0,55,0,0,0,0,0,4,31,20,0,55,0,0,0,55
04/20/2011,RST,MN,AGL,CE,Combined TRACON& Tower with Radar,2,45,24,0,71,0,1,0,0,1,2,46,24,0,72,0,0,0,72
04/21/2011,RST,MN,AGL,CE,Combined TRACON& Tower with Radar,2,52,53,22,129,0,0,27,0,27,2,52,80,22,156,26,46,72,228
04/22/2011,RST,MN,AGL,CE,Combined TRACON& Tower with Radar,2,29,20,0,51,0,0,0,0,0,2,29,20,0,51,0,0,0,51
04/23/2011,RST,MN,AGL,CE,Combined TRACON& Tower with Radar,1,26,25,0,52,0,0,10,0,10,1,26,35,0,62,10,0,10,72
04/24/2011,RST,MN,AGL,CE,Combined TRACON& Tower with Radar,0,25,43,0,68,0,0,43,0,43,0,25,86,0,111,86,0,86,197
04/25/2011,RST,MN,AGL,CE,Combined TRACON& Tower with Radar,1,34,26,3,64,0,1,36,0,37,1,35,62,3,101,52,4,56,157
04/26/2011,RST,MN,AGL,CE,Combined TRACON& Tower with Radar,4,45,27,0,76,0,0,0,0,0,4,45,27,0,76,0,0,0,76
04/27/2011,RST,MN,AGL,CE,Combined TRACON& Tower with Radar,2,45,55,2,104,0,0,16,0,16,2,45,71,2,120,34,0,34,154
04/28/2011,RST,MN,AGL,CE,Combined TRACON& Tower with Radar,4,31,40,0,75,0,0,6,0,6,4,31,46,0,81,52,0,52,133
04/29/2011,RST,MN,AGL,CE,Combined TRACON& Tower with Radar,2,35,25,0,62,0,0,19,0,19,2,35,44,0,81,40,0,40,121
04/30/2011,RST,MN,AGL,CE,Combined TRACON& Tower with Radar,5,22,19,0,46,0,0,5,0,5,5,22,24,0,51,22,0,22,73
05/01/2011,RST,MN,AGL,CE,Combined TRACON& Tower with Radar,2,24,25,0,51,0,0,8,0,8,2,24,33,0,59,36,0,36,95
05/02/2011,RST,MN,AGL,CE,Combined TRACON& Tower with Radar,4,27,19,15,65,0,1,16,0,17,4,28,35,15,82,56,34,90,172
05/03/2011,RST,MN,AGL,CE,Combined TRACON& Tower with Radar,2,36,27,16,81,0,0,41,0,41,2,36,68,16,122,100,16,116,238
05/04/2011,RST,MN,AGL,CE,Combined TRACON& Tower with Radar,3,35,28,0,66,0,0,37,0,37,3,35,65,0,103,36,0,36,139
05/05/2011,RST,MN,AGL,CE,Combined TRACON& Tower with Radar,2,25,37,10,74,0,0,10,6,16,2,25,47,16,90,32,34,66,156
05/06/2011,RST,MN,AGL,CE,Combined TRACON& Tower with Radar,2,29,17,0,48,0,0,26,0,26,2,29,43,0,74,90,0,90,164
05/07/2011,RST,MN,AGL,CE,Combined TRACON& Tower with Radar,2,24,23,0,49,0,0,41,0,41,2,24,64,0,90,32,0,32,122
05/08/2011,RST,MN,AGL,CE,Combined TRACON& Tower with Radar,0,21,29,0,50,0,0,5,0,5,0,21,34,0,55,30,0,30,85
05/09/2011,RST,MN,AGL,CE,Combined TRACON& Tower with Radar,1,40,21,0,62,0,0,6,0,6,1,40,27,0,68,0,0,0,68
05/10/2011,RST,MN,AGL,CE,Combined TRACON& Tower with Radar,10,40,39,0,89,0,0,11,0,11,10,40,50,0,100,18,0,18,118
05/11/2011,RST,MN,AGL,CE,Combined TRACON& Tower with Radar,3,38,47,10,98,0,0,6,0,6,3,38,53,10,104,18,18,36,140
05/12/2011,RST,MN,AGL,CE,Combined TRACON& Tower with Radar,2,34,41,0,77,0,0,5,0,5,2,34,46,0,82,28,0,28,110
05/13/2011,RST,MN,AGL,CE,Combined TRACON& Tower with Radar,2,25,23,0,50,0,0,9,0,9,2,25,32,0,59,4,0,4,63
05/14/2011,RST,MN,AGL,CE,Combined TRACON& Tower with Radar,1,23,15,0,39,0,0,3,0,3,1,23,18,0,42,0,0,0,42
05/15/2011,RST,MN,AGL,CE,Combined TRACON& Tower with Radar,0,21,39,0,60,0,0,30,0,30,0,21,69,0,90,12,0,12,102
05/16/2011,RST,MN,AGL,CE,Combined TRACON& Tower with Radar,1,38,23,0,62,0,0,19,0,19,1,38,42,0,81,10,0,10,91
05/17/2011,RST,MN,AGL,CE,Combined TRACON& Tower with Radar,4,28,21,4,57,0,0,42,0,42,4,28,63,4,99,90,0,90,189
05/18/2011,RST,MN,AGL,CE,Combined TRACON& Tower with Radar,2,27,37,7,73,0,0,36,0,36,2,27,73,7,109,57,10,67,176
05/19/2011,RST,MN,AGL,CE,Combined TRACON& Tower with Radar,2,31,31,0,64,0,0,26,0,26,2,31,57,0,90,52,0,52,142
05/20/2011,RST,MN,AGL,CE,Combined TRACON& Tower with Radar,2,25,24,0,51,0,0,7,0,7,2,25,31,0,58,12,0,12,70
05/21/2011,RST,MN,AGL,CE,Combined TRACON& Tower with Radar,6,20,23,0,49,0,0,20,0,20,6,20,43,0,69,30,0,30,99
05/22/2011,RST,MN,AGL,CE,Combined TRACON& Tower with Radar,5,21,21,0,47,0,0,10,0,10,5,21,31,0,57,0,0,0,57
05/23/2011,RST,MN,AGL,CE,Combined TRACON& Tower with Radar,1,24,27,6,58,0,0,14,0,14,1,24,41,6,72,20,10,30,102
05/24/2011,RST,MN,AGL,CE,Combined TRACON& Tower with Radar,3,42,28,0,73,0,0,17,0,17,3,42,45,0,90,12,0,12,102
05/25/2011,RST,MN,AGL,CE,Combined TRACON& Tower with Radar,3,31,34,0,68,0,0,2,0,2,3,31,36,0,70,24,0,24,94
05/26/2011,RST,MN,AGL,CE,Combined TRACON& Tower with Radar,2,31,34,12,79,0,0,47,2,49,2,31,81,14,128,88,6,94,222
05/27/2011,RST,MN,AGL,CE,Combined TRACON& Tower with Radar,4,27,40,0,71,0,0,25,0,25,4,27,65,0,96,66,0,66,162
05/28/2011,RST,MN,AGL,CE,Combined TRACON& Tower with Radar,5,24,13,0,42,0,0,14,0,14,5,24,27,0,56,32,0,32,88
05/29/2011,RST,MN,AGL,CE,Combined TRACON& Tower with Radar,0,12,2,0,14,0,0,15,0,15,0,12,17,0,29,10,0,10,39
05/30/2011,RST,MN,AGL,CE,Combined TRACON& Tower with Radar,2,24,20,0,46,0,0,7,0,7,2,24,27,0,53,0,0,0,53
05/31/2011,RST,MN,AGL,CE,Combined TRACON& Tower with Radar,1,30,17,0,48,0,0,14,0,14,1,30,31,0,62,14,0,14,76
06/01/2011,RST,MN,AGL,CE,Combined TRACON& Tower with Radar,3,28,23,4,58,0,0,22,0,22,3,28,45,4,80,86,0,86,166
06/02/2011,RST,MN,AGL,CE,Combined TRACON& Tower with Radar,3,33,21,0,57,0,1,17,0,18,3,34,38,0,75,41,0,41,116
06/03/2011,RST,MN,AGL,CE,Combined TRACON& Tower with Radar,5,32,22,0,59,0,0,10,0,10,5,32,32,0,69,16,0,16,85
06/04/2011,RST,MN,AGL,CE,Combined TRACON& Tower with Radar,1,22,13,0,36,0,0,47,0,47,1,22,60,0,83,56,0,56,139
06/05/2011,RST,MN,AGL,CE,Combined TRACON& Tower with Radar,0,29,27,0,56,0,0,59,0,59,0,29,86,0,115,96,0,96,211
06/06/2011,RST,MN,AGL,CE,Combined TRACON& Tower with Radar,1,32,21,0,54,0,0,16,0,16,1,32,37,0,70,32,0,32,102
06/07/2011,RST,MN,AGL,CE,Combined TRACON& Tower with Radar,6,38,34,0,78,0,0,10,0,10,6,38,44,0,88,8,0,8,96
06/08/2011,RST,MN,AGL,CE,Combined TRACON& Tower with Radar,2,31,55,19,107,0,0,0,0,0,2,31,55,19,107,74,98,172,279
06/09/2011,RST,MN,AGL,CE,Combined TRACON& Tower with Radar,2,26,39,2,69,0,0,22,4,26,2,26,61,6,95,48,34,82,177
06/10/2011,RST,MN,AGL,CE,Combined TRACON& Tower with Radar,2,31,42,0,75,0,0,2,0,2,2,31,44,0,77,38,0,38,115
06/11/2011,RST,MN,AGL,CE,Combined TRACON& Tower with Radar,3,17,25,0,45,0,0,45,0,45,3,17,70,0,90,90,0,90,180
06/12/2011,RST,MN,AGL,CE,Combined TRACON& Tower with Radar,0,30,34,0,64,0,0,42,0,42,0,30,76,0,106,88,0,88,194
06/13/2011,RST,MN,AGL,CE,Combined TRACON& Tower with Radar,1,38,32,0,71,0,0,33,0,33,1,38,65,0,104,36,0,36,140
06/14/2011,RST,MN,AGL,CE,Combined TRACON& Tower with Radar,6,31,29,4,70,0,4,9,0,13,6,35,38,4,83,0,0,0,83
06/15/2011,RST,MN,AGL,CE,Combined TRACON& Tower with Radar,2,31,16,7,56,0,0,0,0,0,2,31,16,7,56,0,12,12,68
06/16/2011,RST,MN,AGL,CE,Combined TRACON& Tower with Radar,2,36,37,28,103,0,0,38,0,38,2,36,75,28,141,30,48,78,219
06/17/2011,RST,MN,AGL,CE,Combined TRACON& Tower with Radar,2,33,25,0,60,0,0,29,0,29,2,33,54,0,89,76,0,76,165
06/18/2011,RST,MN,AGL,CE,Combined TRACON& Tower with Radar,1,25,27,0,53,0,0,18,0,18,1,25,45,0,71,32,0,32,103
06/19/2011,RST,MN,AGL,CE,Combined TRACON& Tower with Radar,0,22,44,0,66,0,0,21,0,21,0,22,65,0,87,38,0,38,125
06/20/2011,RST,MN,AGL,CE,Combined TRACON& Tower with Radar,1,37,49,0,87,0,0,0,0,0,1,37,49,0,87,0,0,0,87
06/21/2011,RST,MN,AGL,CE,Combined TRACON& Tower with Radar,2,39,32,15,88,0,0,3,0,3,2,39,35,15,91,0,46,46,137
06/22/2011,RST,MN,AGL,CE,Combined TRACON& Tower with Radar,2,40,38,10,90,0,0,1,0,1,2,40,39,10,91,0,2,2,93
06/23/2011,RST,MN,AGL,CE,Combined TRACON& Tower with Radar,2,43,58,12,115,0,0,0,2,2,2,43,58,14,117,4,16,20,137
06/24/2011,RST,MN,AGL,CE,Combined TRACON& Tower with Radar,2,38,34,0,74,0,0,29,0,29,2,38,63,0,103,18,0,18,121
06/25/2011,RST,MN,AGL,CE,Combined TRACON& Tower with Radar,1,21,23,0,45,0,0,28,0,28,1,21,51,0,73,26,0,26,99
06/26/2011,RST,MN,AGL,CE,Combined TRACON& Tower with Radar,0,29,26,0,55,0,0,21,0,21,0,29,47,0,76,2,0,2,78
06/27/2011,RST,MN,AGL,CE,Combined TRACON& Tower with Radar,1,29,26,0,56,0,0,6,0,6,1,29,32,0,62,0,0,0,62
06/28/2011,RST,MN,AGL,CE,Combined TRACON& Tower with Radar,2,38,37,4,81,0,0,39,0,39,2,38,76,4,120,68,28,96,216
06/29/2011,RST,MN,AGL,CE,Combined TRACON& Tower with Radar,4,40,34,4,82,0,0,43,0,43,4,40,77,4,125,68,28,96,221
06/30/2011,RST,MN,AGL,CE,Combined TRACON& Tower with Radar,4,45,33,2,84,0,0,30,0,30,4,45,63,2,114,6,0,6,120
07/01/2011,RST,MN,AGL,CE,Combined TRACON& Tower with Radar,4,30,37,0,71,0,0,24,2,26,4,30,61,2,97,12,0,12,109
07/02/2011,RST,MN,AGL,CE,Combined TRACON& Tower with Radar,1,22,21,0,44,0,0,48,0,48,1,22,69,0,92,0,0,0,92
07/03/2011,RST,MN,AGL,CE,Combined TRACON& Tower with Radar,2,18,5,0,25,0,0,47,0,47,2,18,52,0,72,18,0,18,90
07/04/2011,RST,MN,AGL,CE,Combined TRACON& Tower with Radar,0,23,20,0,43,0,0,37,0,37,0,23,57,0,80,6,0,6,86
07/05/2011,RST,MN,AGL,CE,Combined TRACON& Tower with Radar,1,37,30,0,68,0,0,18,0,18,1,37,48,0,86,24,0,24,110
07/06/2011,RST,MN,AGL,CE,Combined TRACON& Tower with Radar,2,34,16,0,52,0,0,33,0,33,2,34,49,0,85,54,0,54,139
07/07/2011,RST,MN,AGL,CE,Combined TRACON& Tower with Radar,4,36,28,16,84,0,0,29,0,29,4,36,57,16,113,14,34,48,161
07/08/2011,RST,MN,AGL,CE,Combined TRACON& Tower with Radar,2,37,21,0,60,0,0,33,0,33,2,37,54,0,93,40,0,40,133
07/09/2011,RST,MN,AGL,CE,Combined TRACON& Tower with Radar,1,26,14,0,41,0,0,16,0,16,1,26,30,0,57,2,0,2,59
07/10/2011,RST,MN,AGL,CE,Combined TRACON& Tower with Radar,0,30,41,0,71,0,3,28,0,31,0,33,69,0,102,26,0,26,128
07/11/2011,RST,MN,AGL,CE,Combined TRACON& Tower with Radar,1,27,29,5,62,0,0,18,0,18,1,27,47,5,80,10,20,30,110
07/12/2011,RST,MN,AGL,CE,Combined TRACON& Tower with Radar,2,46,43,2,93,0,0,9,0,9,2,46,52,2,102,20,0,20,122
07/13/2011,RST,MN,AGL,CE,Combined TRACON& Tower with Radar,2,38,56,0,96,0,0,61,0,61,2,38,117,0,157,76,0,76,233
07/14/2011,RST,MN,AGL,CE,Combined TRACON& Tower with Radar,2,30,36,0,68,0,0,18,0,18,2,30,54,0,86,66,0,66,152
07/15/2011,RST,MN,AGL,CE,Combined TRACON& Tower with Radar,6,30,31,0,67,0,2,6,0,8,6,32,37,0,75,0,0,0,75
07/16/2011,RST,MN,AGL,CE,Combined TRACON& Tower with Radar,1,21,20,0,42,0,0,14,0,14,1,21,34,0,56,18,0,18,74
07/17/2011,RST,MN,AGL,CE,Combined TRACON& Tower with Radar,0,31,35,0,66,0,0,35,0,35,0,31,70,0,101,35,0,35,136
07/18/2011,RST,MN,AGL,CE,Combined TRACON& Tower with Radar,3,41,33,0,77,0,0,11,0,11,3,41,44,0,88,8,0,8,96
07/19/2011,RST,MN,AGL,CE,Combined TRACON& Tower with Radar,11,39,21,2,73,0,0,14,0,14,11,39,35,2,87,6,0,6,93
07/20/2011,RST,MN,AGL,CE,Combined TRACON& Tower with Radar,2,40,31,0,73,0,0,15,0,15,2,40,46,0,88,6,0,6,94
07/21/2011,RST,MN,AGL,CE,Combined TRACON& Tower with Radar,2,35,14,17,68,0,0,28,0,28,2,35,42,17,96,48,66,114,210
07/22/2011,RST,MN,AGL,CE,Combined TRACON& Tower with Radar,2,43,15,0,60,0,0,24,0,24,2,43,39,0,84,34,0,34,118
07/23/2011,RST,MN,AGL,CE,Combined TRACON& Tower with Radar,1,25,38,0,64,0,1,17,0,18,1,26,55,0,82,30,0,30,112
07/24/2011,RST,MN,AGL,CE,Combined TRACON& Tower with Radar,0,28,26,0,54,0,0,19,0,19,0,28,45,0,73,32,0,32,105
07/25/2011,RST,MN,AGL,CE,Combined TRACON& Tower with Radar,1,42,22,8,73,0,0,35,4,39,1,42,57,12,112,34,18,52,164
07/26/2011,RST,MN,AGL,CE,Combined TRACON& Tower with Radar,2,37,34,0,73,0,1,35,0,36,2,38,69,0,109,46,0,46,155
07/27/2011,RST,MN,AGL,CE,Combined TRACON& Tower with Radar,2,35,34,0,71,0,0,0,0,0,2,35,34,0,71,0,0,0,71
07/28/2011,RST,MN,AGL,CE,Combined TRACON& Tower with Radar,4,40,36,13,93,0,0,6,0,6,4,40,42,13,99,0,0,0,99
07/29/2011,RST,MN,AGL,CE,Combined TRACON& Tower with Radar,2,40,25,2,69,0,0,39,0,39,2,40,64,2,108,30,0,30,138
07/30/2011,RST,MN,AGL,CE,Combined TRACON& Tower with Radar,1,22,31,0,54,0,0,37,0,37,1,22,68,0,91,40,0,40,131
07/31/2011,RST,MN,AGL,CE,Combined TRACON& Tower with Radar,0,25,20,0,45,0,0,48,0,48,0,25,68,0,93,16,0,16,109
08/01/2011,RST,MN,AGL,CE,Combined TRACON& Tower with Radar,3,35,34,0,72,0,0,11,0,11,3,35,45,0,83,2,0,2,85
08/02/2011,RST,MN,AGL,CE,Combined TRACON& Tower with Radar,4,29,22,12,67,0,1,20,0,21,4,30,42,12,88,0,16,16,104
08/03/2011,RST,MN,AGL,CE,Combined TRACON& Tower with Radar,2,35,41,28,106,0,1,50,0,51,2,36,91,28,157,18,48,66,223
08/04/2011,RST,MN,AGL,CE,Combined TRACON& Tower with Radar,2,37,21,8,68,0,0,26,0,26,2,37,47,8,94,20,18,38,132
08/05/2011,RST,MN,AGL,CE,Combined TRACON& Tower with Radar,2,28,14,1,45,0,5,22,0,27,2,33,36,1,72,42,0,42,114
08/06/2011,RST,MN,AGL,CE,Combined TRACON& Tower with Radar,1,27,8,0,36,0,0,22,0,22,1,27,30,0,58,32,0,32,90
08/07/2011,RST,MN,AGL,CE,Combined TRACON& Tower with Radar,0,22,45,0,67,0,0,23,0,23,0,22,68,0,90,22,0,22,112
08/08/2011,RST,MN,AGL,CE,Combined TRACON& Tower with Radar,1,30,19,13,63,0,0,23,0,23,1,30,42,13,86,28,44,72,158
08/09/2011,RST,MN,AGL,CE,Combined TRACON& Tower with Radar,2,35,26,4,67,0,0,18,1,19,2,35,44,5,86,0,15,15,101
08/10/2011,RST,MN,AGL,CE,Combined TRACON& Tower with Radar,2,46,42,14,104,0,0,50,0,50,2,46,92,14,154,12,38,50,204
08/11/2011,RST,MN,AGL,CE,Combined TRACON& Tower with Radar,2,38,36,2,78,0,0,42,0,42,2,38,78,2,120,32,0,32,152
08/12/2011,RST,MN,AGL,CE,Combined TRACON& Tower with Radar,2,34,48,3,87,0,0,10,0,10,2,34,58,3,97,18,0,18,115
08/13/2011,RST,MN,AGL,CE,Combined TRACON& Tower with Radar,1,20,39,0,60,0,0,14,2,16,1,20,53,2,76,22,2,24,100
08/14/2011,RST,MN,AGL,CE,Combined TRACON& Tower with Radar,0,30,27,1,58,0,0,30,0,30,0,30,57,1,88,8,0,8,96
08/15/2011,RST,MN,AGL,CE,Combined TRACON& Tower with Radar,1,44,24,1,70,0,1,15,4,20,1,45,39,5,90,10,0,10,100
08/16/2011,RST,MN,AGL,CE,Combined TRACON& Tower with Radar,6,33,31,9,79,0,0,14,3,17,6,33,45,12,96,0,15,15,111
08/17/2011,RST,MN,AGL,CE,Combined TRACON& Tower with Radar,2,42,31,0,75,0,0,38,1,39,2,42,69,1,114,18,0,18,132
08/18/2011,RST,MN,AGL,CE,Combined TRACON& Tower with Radar,2,56,33,0,91,0,0,26,0,26,2,56,59,0,117,34,0,34,151
08/19/2011,RST,MN,AGL,CE,Combined TRACON& Tower with Radar,2,34,34,0,70,0,3,32,0,35,2,37,66,0,105,12,0,12,117
08/20/2011,RST,MN,AGL,CE,Combined TRACON& Tower with Radar,1,28,73,0,102,0,0,41,0,41,1,28,114,0,143,12,0,12,155
08/21/2011,RST,MN,AGL,CE,Combined TRACON& Tower with Radar,2,26,19,0,47,0,0,51,0,51,2,26,70,0,98,42,0,42,140
08/22/2011,RST,MN,AGL,CE,Combined TRACON& Tower with Radar,1,33,36,0,70,0,1,34,0,35,1,34,70,0,105,42,0,42,147
08/23/2011,RST,MN,AGL,CE,Combined TRACON& Tower with Radar,2,33,41,0,76,0,2,18,0,20,2,35,59,0,96,0,0,0,96
08/24/2011,RST,MN,AGL,CE,Combined TRACON& Tower with Radar,2,36,51,4,93,0,0,25,1,26,2,36,76,5,119,6,0,6,125
08/25/2011,RST,MN,AGL,CE,Combined TRACON& Tower with Radar,2,32,48,0,82,0,7,58,4,69,2,39,106,4,151,6,0,6,157
08/26/2011,RST,MN,AGL,CE,Combined TRACON& Tower with Radar,2,35,33,0,70,0,0,33,0,33,2,35,66,0,103,72,0,72,175
08/27/2011,RST,MN,AGL,CE,Combined TRACON& Tower with Radar,1,20,14,0,35,0,3,36,2,41,1,23,50,2,76,6,0,6,82
08/28/2011,RST,MN,AGL,CE,Combined TRACON& Tower with Radar,0,30,31,0,61,0,0,31,2,33,0,30,62,2,94,14,0,14,108
08/29/2011,RST,MN,AGL,CE,Combined TRACON& Tower with Radar,3,38,39,0,80,0,3,36,0,39,3,41,75,0,119,26,0,26,145
08/30/2011,RST,MN,AGL,CE,Combined TRACON& Tower with Radar,2,34,31,0,67,0,0,8,0,8,2,34,39,0,75,21,0,21,96
08/31/2011,RST,MN,AGL,CE,Combined TRACON& Tower with Radar,2,35,51,2,90,0,0,35,0,35,2,35,86,2,125,8,0,8,133
09/01/2011,RST,MN,AGL,CE,Combined TRACON& Tower with Radar,2,41,34,0,77,0,1,23,2,26,2,42,57,2,103,28,0,28,131
09/02/2011,RST,MN,AGL,CE,Combined TRACON& Tower with Radar,2,33,28,0,63,0,0,8,0,8,2,33,36,0,71,8,0,8,79
09/03/2011,RST,MN,AGL,CE,Combined TRACON& Tower with Radar,1,23,4,0,28,0,2,0,0,2,1,25,4,0,30,0,0,0,30
09/04/2011,RST,MN,AGL,CE,Combined TRACON& Tower with Radar,0,16,13,0,29,0,1,12,0,13,0,17,25,0,42,24,0,24,66
09/05/2011,RST,MN,AGL,CE,Combined TRACON& Tower with Radar,0,23,29,0,52,0,1,41,0,42,0,24,70,0,94,58,0,58,152
09/06/2011,RST,MN,AGL,CE,Combined TRACON& Tower with Radar,3,34,25,0,62,0,0,34,0,34,3,34,59,0,96,36,0,36,132
09/07/2011,RST,MN,AGL,CE,Combined TRACON& Tower with Radar,2,38,50,4,94,0,0,34,2,36,2,38,84,6,130,28,0,28,158
09/08/2011,RST,MN,AGL,CE,Combined TRACON& Tower with Radar,2,44,44,5,95,0,0,47,1,48,2,44,91,6,143,20,0,20,163
09/09/2011,RST,MN,AGL,CE,Combined TRACON& Tower with Radar,2,42,21,7,72,0,0,26,3,29,2,42,47,10,101,10,8,18,119
09/10/2011,RST,MN,AGL,CE,Combined TRACON& Tower with Radar,1,23,20,0,44,0,2,39,2,43,1,25,59,2,87,32,0,32,119
09/11/2011,RST,MN,AGL,CE,Combined TRACON& Tower with Radar,0,27,24,0,51,0,2,51,2,55,0,29,75,2,106,56,0,56,162
09/12/2011,RST,MN,AGL,CE,Combined TRACON& Tower with Radar,1,35,38,7,81,0,0,11,0,11,1,35,49,7,92,8,6,14,106
09/13/2011,RST,MN,AGL,CE,Combined TRACON& Tower with Radar,4,45,23,2,74,0,1,26,2,29,4,46,49,4,103,32,0,32,135
09/14/2011,RST,MN,AGL,CE,Combined TRACON& Tower with Radar,2,38,54,0,94,0,0,31,0,31,2,38,85,0,125,4,0,4,129
09/15/2011,RST,MN,AGL,CE,Combined TRACON& Tower with Radar,2,29,34,0,65,0,0,33,0,33,2,29,67,0,98,72,0,72,170
09/16/2011,RST,MN,AGL,CE,Combined TRACON& Tower with Radar,3,35,28,0,66,0,4,30,2,36,3,39,58,2,102,44,0,44,146
09/17/2011,RST,MN,AGL,CE,Combined TRACON& Tower with Radar,1,22,16,0,39,0,0,33,0,33,1,22,49,0,72,50,0,50,122
09/18/2011,RST,MN,AGL,CE,Combined TRACON& Tower with Radar,0,24,21,0,45,0,0,7,0,7,0,24,28,0,52,0,0,0,52
09/19/2011,RST,MN,AGL,CE,Combined TRACON& Tower with Radar,3,46,24,0,73,0,0,22,0,22,3,46,46,0,95,20,0,20,115
09/20/2011,RST,MN,AGL,CE,Combined TRACON& Tower with Radar,2,43,19,0,64,0,0,8,0,8,2,43,27,0,72,0,0,0,72
09/21/2011,RST,MN,AGL,CE,Combined TRACON& Tower with Radar,4,41,27,0,72,0,1,4,0,5,4,42,31,0,77,10,0,10,87
09/22/2011,RST,MN,AGL,CE,Combined TRACON& Tower with Radar,2,40,48,0,90,0,0,11,0,11,2,40,59,0,101,40,0,40,141
09/23/2011,RST,MN,AGL,CE,Combined TRACON& Tower with Radar,2,33,35,0,70,0,3,17,2,22,2,36,52,2,92,58,0,58,150
09/24/2011,RST,MN,AGL,CE,Combined TRACON& Tower with Radar,2,23,30,0,55,0,2,22,0,24,2,25,52,0,79,34,0,34,113
09/25/2011,RST,MN,AGL,CE,Combined TRACON& Tower with Radar,2,27,30,0,59,0,2,24,0,26,2,29,54,0,85,8,0,8,93
09/26/2011,RST,MN,AGL,CE,Combined TRACON& Tower with Radar,1,35,22,0,58,0,1,1,2,4,1,36,23,2,62,0,0,0,62
09/27/2011,RST,MN,AGL,CE,Combined TRACON& Tower with Radar,2,42,25,0,69,0,2,0,0,2,2,44,25,0,71,0,0,0,71
09/28/2011,RST,MN,AGL,CE,Combined TRACON& Tower with Radar,3,32,32,2,69,0,0,22,2,24,3,32,54,4,93,14,0,14,107
09/29/2011,RST,MN,AGL,CE,Combined TRACON& Tower with Radar,5,26,30,0,61,0,1,8,0,9,5,27,38,0,70,4,0,4,74
09/30/2011,RST,MN,AGL,CE,Combined TRACON& Tower with Radar,2,40,18,0,60,0,1,15,0,16,2,41,33,0,76,22,0,22,98
10/01/2011,RST,MN,AGL,CE,Combined TRACON& Tower with Radar,2,28,24,0,54,0,1,30,0,31,2,29,54,0,85,16,0,16,101
10/02/2011,RST,MN,AGL,CE,Combined TRACON& Tower with Radar,0,31,19,0,50,0,0,55,0,55,0,31,74,0,105,102,0,102,207
10/03/2011,RST,MN,AGL,CE,Combined TRACON& Tower with Radar,2,33,19,0,54,0,0,24,0,24,2,33,43,0,78,14,0,14,92
10/04/2011,RST,MN,AGL,CE,Combined TRACON& Tower with Radar,5,40,32,4,81,0,0,15,0,15,5,40,47,4,96,44,0,44,140
10/05/2011,RST,MN,AGL,CE,Combined TRACON& Tower with Radar,2,44,25,0,71,0,0,24,0,24,2,44,49,0,95,14,0,14,109
10/06/2011,RST,MN,AGL,CE,Combined TRACON& Tower with Radar,2,45,31,0,78,0,0,18,0,18,2,45,49,0,96,18,0,18,114
10/07/2011,RST,MN,AGL,CE,Combined TRACON& Tower with Radar,2,28,19,2,51,0,0,6,0,6,2,28,25,2,57,0,0,0,57
10/08/2011,RST,MN,AGL,CE,Combined TRACON& Tower with Radar,5,29,12,0,46,0,0,13,0,13,5,29,25,0,59,18,0,18,77
10/09/2011,RST,MN,AGL,CE,Combined TRACON& Tower with Radar,0,34,23,0,57,0,7,45,2,54,0,41,68,2,111,46,0,46,157
10/10/2011,RST,MN,AGL,CE,Combined TRACON& Tower with Radar,1,33,23,0,57,0,3,8,2,13,1,36,31,2,70,26,0,26,96
10/11/2011,RST,MN,AGL,CE,Combined TRACON& Tower with Radar,2,39,45,4,90,0,4,19,0,23,2,43,64,4,113,20,0,20,133
10/12/2011,RST,MN,AGL,CE,Combined TRACON& Tower with Radar,18,46,26,0,90,0,0,9,0,9,18,46,35,0,99,22,0,22,121
10/13/2011,RST,MN,AGL,CE,Combined TRACON& Tower with Radar,2,31,18,2,53,0,0,8,0,8,2,31,26,2,61,26,0,26,87
10/14/2011,RST,MN,AGL,CE,Combined TRACON& Tower with Radar,4,46,37,0,87,0,2,5,2,9,4,48,42,2,96,0,0,0,96
10/15/2011,RST,MN,AGL,CE,Combined TRACON& Tower with Radar,1,33,11,0,45,0,1,21,0,22,1,34,32,0,67,52,0,52,119
10/16/2011,RST,MN,AGL,CE,Combined TRACON& Tower with Radar,0,32,32,0,64,0,0,22,0,22,0,32,54,0,86,16,0,16,102
10/17/2011,RST,MN,AGL,CE,Combined TRACON& Tower with Radar,1,40,16,0,57,0,0,7,0,7,1,40,23,0,64,8,0,8,72
10/18/2011,RST,MN,AGL,CE,Combined TRACON& Tower with Radar,4,40,35,0,79,0,1,11,0,12,4,41,46,0,91,8,0,8,99
10/19/2011,RST,MN,AGL,CE,Combined TRACON& Tower with Radar,2,34,19,0,55,0,2,10,0,12,2,36,29,0,67,18,0,18,85
10/20/2011,RST,MN,AGL,CE,Combined TRACON& Tower with Radar,2,39,26,9,76,0,1,15,0,16,2,40,41,9,92,4,0,4,96
10/21/2011,RST,MN,AGL,CE,Combined TRACON& Tower with Radar,2,30,27,0,59,0,3,43,0,46,2,33,70,0,105,12,0,12,117
10/22/2011,RST,MN,AGL,CE,Combined TRACON& Tower with Radar,1,26,20,0,47,0,2,42,0,44,1,28,62,0,91,36,0,36,127
10/23/2011,RST,MN,AGL,CE,Combined TRACON& Tower with Radar,0,32,24,0,56,0,0,19,0,19,0,32,43,0,75,0,0,0,75
10/24/2011,RST,MN,AGL,CE,Combined TRACON& Tower with Radar,1,31,24,0,56,0,2,10,0,12,1,33,34,0,68,56,0,56,124
10/25/2011,RST,MN,AGL,CE,Combined TRACON& Tower with Radar,4,37,24,0,65,0,2,12,0,14,4,39,36,0,79,2,0,2,81
10/26/2011,RST,MN,AGL,CE,Combined TRACON& Tower with Radar,2,39,27,4,72,0,0,20,0,20,2,39,47,4,92,38,0,38,130
10/27/2011,RST,MN,AGL,CE,Combined TRACON& Tower with Radar,2,29,21,12,64,0,0,29,0,29,2,29,50,12,93,48,8,56,149
10/28/2011,RST,MN,AGL,CE,Combined TRACON& Tower with Radar,2,32,27,0,61,0,1,24,2,27,2,33,51,2,88,14,0,14,102
10/29/2011,RST,MN,AGL,CE,Combined TRACON& Tower with Radar,1,24,26,0,51,0,3,57,4,64,1,27,83,4,115,86,0,86,201
10/30/2011,RST,MN,AGL,CE,Combined TRACON& Tower with Radar,2,31,37,0,70,0,0,17,0,17,2,31,54,0,87,10,0,10,97
10/31/2011,RST,MN,AGL,CE,Combined TRACON& Tower with Radar,3,36,14,0,53,0,0,14,0,14,3,36,28,0,67,12,0,12,79
11/01/2011,RST,MN,AGL,CE,Combined TRACON& Tower with Radar,2,38,34,0,74,0,0,25,0,25,2,38,59,0,99,50,0,50,149
11/02/2011,RST,MN,AGL,CE,Combined TRACON& Tower with Radar,4,29,25,0,58,0,0,12,0,12,4,29,37,0,70,6,0,6,76
11/03/2011,RST,MN,AGL,CE,Combined TRACON& Tower with Radar,2,44,16,0,62,0,0,26,0,26,2,44,42,0,88,12,0,12,100
11/04/2011,RST,MN,AGL,CE,Combined TRACON& Tower with Radar,2,35,23,0,60,0,7,29,5,41,2,42,52,5,101,6,0,6,107
11/05/2011,RST,MN,AGL,CE,Combined TRACON& Tower with Radar,1,24,25,0,50,0,0,8,2,10,1,24,33,2,60,10,0,10,70
11/06/2011,RST,MN,AGL,CE,Combined TRACON& Tower with Radar,2,34,16,0,52,0,2,7,0,9,2,36,23,0,61,0,0,0,61
11/07/2011,RST,MN,AGL,CE,Combined TRACON& Tower with Radar,1,23,34,5,63,0,0,33,0,33,1,23,67,5,96,16,0,16,112
11/08/2011,RST,MN,AGL,CE,Combined TRACON& Tower with Radar,4,29,24,0,57,0,0,18,0,18,4,29,42,0,75,16,0,16,91
11/09/2011,RST,MN,AGL,CE,Combined TRACON& Tower with Radar,2,27,29,1,59,0,0,16,0,16,2,27,45,1,75,40,0,40,115
11/10/2011,RST,MN,AGL,CE,Combined TRACON& Tower with Radar,4,30,27,3,64,0,0,22,1,23,4,30,49,4,87,0,0,0,87
11/11/2011,RST,MN,AGL,CE,Combined TRACON& Tower with Radar,2,30,13,0,45,0,4,21,0,25,2,34,34,0,70,4,0,4,74
11/12/2011,RST,MN,AGL,CE,Combined TRACON& Tower with Radar,1,17,12,0,30,0,5,26,2,33,1,22,38,2,63,19,0,19,82
11/13/2011,RST,MN,AGL,CE,Combined TRACON& Tower with Radar,0,23,17,0,40,0,0,25,0,25,0,23,42,0,65,30,0,30,95
11/14/2011,RST,MN,AGL,CE,Combined TRACON& Tower with Radar,3,21,22,0,46,0,0,12,0,12,3,21,34,0,58,30,0,30,88
11/15/2011,RST,MN,AGL,CE,Combined TRACON& Tower with Radar,2,28,25,0,55,0,0,21,2,23,2,28,46,2,78,6,0,6,84
11/16/2011,RST,MN,AGL,CE,Combined TRACON& Tower with Radar,2,41,28,0,71,0,1,21,0,22,2,42,49,0,93,36,0,36,129
11/17/2011,RST,MN,AGL,CE,Combined TRACON& Tower with Radar,2,26,26,0,54,0,0,25,0,25,2,26,51,0,79,24,0,24,103
11/18/2011,RST,MN,AGL,CE,Combined TRACON& Tower with Radar,2,34,29,0,65,0,4,12,0,16,2,38,41,0,81,16,0,16,97
11/19/2011,RST,MN,AGL,CE,Combined TRACON& Tower with Radar,5,19,10,0,34,0,0,6,0,6,5,19,16,0,40,10,0,10,50
11/20/2011,RST,MN,AGL,CE,Combined TRACON& Tower with Radar,1,15,11,0,27,0,0,2,0,2,1,15,13,0,29,14,0,14,43
11/21/2011,RST,MN,AGL,CE,Combined TRACON& Tower with Radar,1,17,25,0,43,0,0,4,0,4,1,17,29,0,47,0,0,0,47
11/22/2011,RST,MN,AGL,CE,Combined TRACON& Tower with Radar,4,31,21,0,56,0,0,0,0,0,4,31,21,0,56,0,0,0,56
11/23/2011,RST,MN,AGL,CE,Combined TRACON& Tower with Radar,2,31,25,0,58,0,1,11,0,12,2,32,36,0,70,52,0,52,122
11/24/2011,RST,MN,AGL,CE,Combined TRACON& Tower with Radar,0,9,6,0,15,0,0,1,0,1,0,9,7,0,16,0,0,0,16
11/25/2011,RST,MN,AGL,CE,Combined TRACON& Tower with Radar,2,15,25,0,42,0,0,1,0,1,2,15,26,0,43,22,0,22,65
11/26/2011,RST,MN,AGL,CE,Combined TRACON& Tower with Radar,5,17,11,0,33,0,0,2,0,2,5,17,13,0,35,0,0,0,35
11/27/2011,RST,MN,AGL,CE,Combined TRACON& Tower with Radar,1,15,17,0,33,0,0,3,0,3,1,15,20,0,36,0,0,0,36
11/28/2011,RST,MN,AGL,CE,Combined TRACON& Tower with Radar,3,23,29,0,55,0,0,11,0,11,3,23,40,0,66,0,0,0,66
11/29/2011,RST,MN,AGL,CE,Combined TRACON& Tower with Radar,2,27,40,0,69,0,0,33,0,33,2,27,73,0,102,28,0,28,130
11/30/2011,RST,MN,AGL,CE,Combined TRACON& Tower with Radar,2,38,29,0,69,0,2,33,0,35,2,40,62,0,104,34,0,34,138
12/01/2011,RST,MN,AGL,CE,Combined TRACON& Tower with Radar,2,32,13,0,47,0,1,5,0,6,2,33,18,0,53,30,0,30,83
12/02/2011,RST,MN,AGL,CE,Combined TRACON& Tower with Radar,2,31,17,4,54,0,0,29,1,30,2,31,46,5,84,30,7,37,121
12/03/2011,RST,MN,AGL,CE,Combined TRACON& Tower with Radar,1,13,10,0,24,0,0,0,0,0,1,13,10,0,24,0,0,0,24
12/04/2011,RST,MN,AGL,CE,Combined TRACON& Tower with Radar,0,13,18,1,32,0,0,4,0,4,0,13,22,1,36,0,0,0,36
12/05/2011,RST,MN,AGL,CE,Combined TRACON& Tower with Radar,3,27,23,0,53,0,0,7,0,7,3,27,30,0,60,52,0,52,112
12/06/2011,RST,MN,AGL,CE,Combined TRACON& Tower with Radar,4,28,26,0,58,0,1,7,0,8,4,29,33,0,66,0,0,0,66
12/07/2011,RST,MN,AGL,CE,Combined TRACON& Tower with Radar,2,29,33,4,68,0,1,10,0,11,2,30,43,4,79,30,0,30,109
12/08/2011,RST,MN,AGL,CE,Combined TRACON& Tower with Radar,2,29,26,0,57,0,0,12,0,12,2,29,38,0,69,22,0,22,91
12/09/2011,RST,MN,AGL,CE,Combined TRACON& Tower with Radar,2,29,20,0,51,0,0,16,0,16,2,29,36,0,67,6,0,6,73
12/10/2011,RST,MN,AGL,CE,Combined TRACON& Tower with Radar,1,23,10,0,34,0,0,18,0,18,1,23,28,0,52,4,0,4,56
12/11/2011,RST,MN,AGL,CE,Combined TRACON& Tower with Radar,0,29,43,0,72,0,0,9,0,9,0,29,52,0,81,6,0,6,87
12/12/2011,RST,MN,AGL,CE,Combined TRACON& Tower with Radar,1,29,25,0,55,0,0,4,0,4,1,29,29,0,59,23,0,23,82
12/13/2011,RST,MN,AGL,CE,Combined TRACON& Tower with Radar,2,24,23,0,49,0,1,5,2,8,2,25,28,2,57,10,0,10,67
12/14/2011,RST,MN,AGL,CE,Combined TRACON& Tower with Radar,1,28,13,0,42,0,0,0,0,0,1,28,13,0,42,0,0,0,42
12/15/2011,RST,MN,AGL,CE,Combined TRACON& Tower with Radar,2,32,22,0,56,0,0,2,0,2,2,32,24,0,58,0,0,0,58
12/16/2011,RST,MN,AGL,CE,Combined TRACON& Tower with Radar,2,24,42,4,72,0,0,27,1,28,2,24,69,5,100,48,0,48,148
12/17/2011,RST,MN,AGL,CE,Combined TRACON& Tower with Radar,1,21,23,0,45,0,2,16,2,20,1,23,39,2,65,26,0,26,91
12/18/2011,RST,MN,AGL,CE,Combined TRACON& Tower with Radar,0,13,29,0,42,0,0,40,0,40,0,13,69,0,82,54,0,54,136
12/19/2011,RST,MN,AGL,CE,Combined TRACON& Tower with Radar,3,25,15,0,43,0,0,5,0,5,3,25,20,0,48,6,0,6,54
12/20/2011,RST,MN,AGL,CE,Combined TRACON& Tower with Radar,2,22,30,2,56,0,0,21,0,21,2,22,51,2,77,16,0,16,93
12/21/2011,RST,MN,AGL,CE,Combined TRACON& Tower with Radar,3,28,25,0,56,0,0,17,0,17,3,28,42,0,73,14,0,14,87
12/22/2011,RST,MN,AGL,CE,Combined TRACON& Tower with Radar,2,31,11,4,48,0,0,14,4,18,2,31,25,8,66,4,16,20,86
12/23/2011,RST,MN,AGL,CE,Combined TRACON& Tower with Radar,2,23,12,0,37,0,0,9,0,9,2,23,21,0,46,6,0,6,52
12/24/2011,RST,MN,AGL,CE,Combined TRACON& Tower with Radar,1,16,14,0,31,0,0,19,1,20,1,16,33,1,51,12,0,12,63
12/25/2011,RST,MN,AGL,CE,Combined TRACON& Tower with Radar,0,10,3,0,13,0,0,13,0,13,0,10,16,0,26,14,0,14,40
12/26/2011,RST,MN,AGL,CE,Combined TRACON& Tower with Radar,0,22,15,0,37,0,0,7,0,7,0,22,22,0,44,0,0,0,44
12/27/2011,RST,MN,AGL,CE,Combined TRACON& Tower with Radar,1,23,17,0,41,0,1,9,2,12,1,24,26,2,53,13,0,13,66
12/28/2011,RST,MN,AGL,CE,Combined TRACON& Tower with Radar,2,28,16,0,46,0,2,37,5,44,2,30,53,5,90,44,2,46,136
12/29/2011,RST,MN,AGL,CE,Combined TRACON& Tower with Radar,4,29,20,0,53,0,0,13,0,13,4,29,33,0,66,20,0,20,86
12/30/2011,RST,MN,AGL,CE,Combined TRACON& Tower with Radar,2,16,6,0,24,0,0,0,0,0,2,16,6,0,24,0,0,0,24
12/31/2011,RST,MN,AGL,CE,Combined TRACON& Tower with Radar,1,21,5,0,27,0,0,0,0,0,1,21,5,0,27,0,0,0,27
01/01/2012,RST,MN,AGL,CE,Combined TRACON& Tower with Radar,1,9,3,0,13,0,0,0,0,0,1,9,3,0,13,0,0,0,13
01/02/2012,RST,MN,AGL,CE,Combined TRACON& Tower with Radar,0,16,19,0,35,0,0,11,0,11,0,16,30,0,46,36,0,36,82
01/03/2012,RST,MN,AGL,CE,Combined TRACON& Tower with Radar,1,14,15,2,32,0,0,7,0,7,1,14,22,2,39,4,0,4,43
01/04/2012,RST,MN,AGL,CE,Combined TRACON& Tower with Radar,2,26,30,0,58,0,1,23,0,24,2,27,53,0,82,60,0,60,142
01/05/2012,RST,MN,AGL,CE,Combined TRACON& Tower with Radar,2,34,23,2,61,0,0,40,1,41,2,34,63,3,102,63,16,79,181
01/06/2012,RST,MN,AGL,CE,Combined TRACON& Tower with Radar,2,26,20,7,55,0,0,30,0,30,2,26,50,7,85,62,0,62,147
01/07/2012,RST,MN,AGL,CE,Combined TRACON& Tower with Radar,1,19,11,0,31,0,0,42,0,42,1,19,53,0,73,36,0,36,109
01/08/2012,RST,MN,AGL,CE,Combined TRACON& Tower with Radar,0,22,33,7,62,0,1,68,0,69,0,23,101,7,131,52,0,52,183
01/09/2012,RST,MN,AGL,CE,Combined TRACON& Tower with Radar,2,23,29,0,54,0,3,9,2,14,2,26,38,2,68,16,0,16,84
01/10/2012,RST,MN,AGL,CE,Combined TRACON& Tower with Radar,6,30,28,0,64,0,4,24,0,28,6,34,52,0,92,40,0,40,132
01/11/2012,RST,MN,AGL,CE,Combined TRACON& Tower with Radar,2,28,24,0,54,0,0,0,0,0,2,28,24,0,54,0,0,0,54
01/12/2012,RST,MN,AGL,CE,Combined TRACON& Tower with Radar,2,19,18,0,39,0,0,0,0,0,2,19,18,0,39,0,0,0,39
01/13/2012,RST,MN,AGL,CE,Combined TRACON& Tower with Radar,2,29,21,2,54,0,0,7,0,7,2,29,28,2,61,0,0,0,61
01/14/2012,RST,MN,AGL,CE,Combined TRACON& Tower with Radar,1,21,19,0,41,0,1,6,0,7,1,22,25,0,48,0,0,0,48
01/15/2012,RST,MN,AGL,CE,Combined TRACON& Tower with Radar,0,17,22,0,39,0,1,21,0,22,0,18,43,0,61,42,0,42,103
01/16/2012,RST,MN,AGL,CE,Combined TRACON& Tower with Radar,1,24,16,0,41,0,0,8,0,8,1,24,24,0,49,0,0,0,49
01/17/2012,RST,MN,AGL,CE,Combined TRACON& Tower with Radar,2,20,26,0,48,0,0,3,1,4,2,20,29,1,52,18,0,18,70
01/18/2012,RST,MN,AGL,CE,Combined TRACON& Tower with Radar,2,28,26,0,56,0,2,7,2,11,2,30,33,2,67,0,0,0,67
01/19/2012,RST,MN,AGL,CE,Combined TRACON& Tower with Radar,2,29,18,0,49,0,1,11,0,12,2,30,29,0,61,6,0,6,67
01/20/2012,RST,MN,AGL,CE,Combined TRACON& Tower with Radar,2,22,17,0,41,0,0,2,0,2,2,22,19,0,43,2,0,2,45
01/21/2012,RST,MN,AGL,CE,Combined TRACON& Tower with Radar,1,17,19,0,37,0,2,11,0,13,1,19,30,0,50,0,0,0,50
01/22/2012,RST,MN,AGL,CE,Combined TRACON& Tower with Radar,0,17,4,0,21,0,0,0,0,0,0,17,4,0,21,0,0,0,21
01/23/2012,RST,MN,AGL,CE,Combined TRACON& Tower with Radar,1,27,15,0,43,0,1,0,2,3,1,28,15,2,46,0,0,0,46
01/24/2012,RST,MN,AGL,CE,Combined TRACON& Tower with Radar,4,38,21,0,63,0,0,7,0,7,4,38,28,0,70,0,0,0,70
01/25/2012,RST,MN,AGL,CE,Combined TRACON& Tower with Radar,2,30,20,0,52,0,0,9,0,9,2,30,29,0,61,32,0,32,93
01/26/2012,RST,MN,AGL,CE,Combined TRACON& Tower with Radar,3,31,21,4,59,0,0,17,0,17,3,31,38,4,76,20,0,20,96
01/27/2012,RST,MN,AGL,CE,Combined TRACON& Tower with Radar,3,27,13,1,44,0,0,7,0,7,3,27,20,1,51,0,0,0,51
01/28/2012,RST,MN,AGL,CE,Combined TRACON& Tower with Radar,1,19,16,0,36,0,0,25,0,25,1,19,41,0,61,36,0,36,97
01/29/2012,RST,MN,AGL,CE,Combined TRACON& Tower with Radar,2,30,35,0,67,0,4,31,1,36,2,34,66,1,103,62,0,62,165
01/30/2012,RST,MN,AGL,CE,Combined TRACON& Tower with Radar,3,21,20,0,44,0,3,14,0,17,3,24,34,0,61,48,0,48,109
01/31/2012,RST,MN,AGL,CE,Combined TRACON& Tower with Radar,2,33,37,0,72,0,3,9,0,12,2,36,46,0,84,0,0,0,84
02/01/2012,RST,MN,AGL,CE,Combined TRACON& Tower with Radar,2,10,8,0,20,0,0,0,0,0,2,10,8,0,20,0,0,0,20
02/02/2012,RST,MN,AGL,CE,Combined TRACON& Tower with Radar,2,18,25,0,45,0,0,2,0,2,2,18,27,0,47,6,0,6,53
02/03/2012,RST,MN,AGL,CE,Combined TRACON& Tower with Radar,2,21,19,0,42,0,0,0,0,0,2,21,19,0,42,0,0,0,42
02/04/2012,RST,MN,AGL,CE,Combined TRACON& Tower with Radar,3,23,21,0,47,0,0,32,0,32,3,23,53,0,79,64,0,64,143
02/05/2012,RST,MN,AGL,CE,Combined TRACON& Tower with Radar,0,23,25,0,48,0,0,0,0,0,0,23,25,0,48,0,0,0,48
02/06/2012,RST,MN,AGL,CE,Combined TRACON& Tower with Radar,1,35,28,0,64,0,1,14,0,15,1,36,42,0,79,24,0,24,103
02/07/2012,RST,MN,AGL,CE,Combined TRACON& Tower with Radar,6,26,28,0,60,0,3,5,0,8,6,29,33,0,68,2,0,2,70
02/08/2012,RST,MN,AGL,CE,Combined TRACON& Tower with Radar,2,30,19,0,51,0,0,28,0,28,2,30,47,0,79,42,0,42,121
02/09/2012,RST,MN,AGL,CE,Combined TRACON& Tower with Radar,2,20,42,4,68,0,4,17,4,25,2,24,59,8,93,0,0,0,93
02/10/2012,RST,MN,AGL,CE,Combined TRACON& Tower with Radar,2,26,19,10,57,0,0,5,0,5,2,26,24,10,62,0,0,0,62
02/11/2012,RST,MN,AGL,CE,Combined TRACON& Tower with Radar,1,23,13,18,55,0,1,21,2,24,1,24,34,20,79,42,8,50,129
02/12/2012,RST,MN,AGL,CE,Combined TRACON& Tower with Radar,0,25,25,1,51,0,0,49,1,50,0,25,74,2,101,58,0,58,159
02/13/2012,RST,MN,AGL,CE,Combined TRACON& Tower with Radar,1,28,21,0,50,0,0,0,0,0,1,28,21,0,50,0,0,0,50
02/14/2012,RST,MN,AGL,CE,Combined TRACON& Tower with Radar,4,32,29,0,65,0,0,4,0,4,4,32,33,0,69,0,0,0,69
02/15/2012,RST,MN,AGL,CE,Combined TRACON& Tower with Radar,2,31,21,0,54,0,1,9,0,10,2,32,30,0,64,11,0,11,75
02/16/2012,RST,MN,AGL,CE,Combined TRACON& Tower with Radar,2,40,22,0,64,0,0,16,0,16,2,40,38,0,80,10,0,10,90
02/17/2012,RST,MN,AGL,CE,Combined TRACON& Tower with Radar,2,28,30,0,60,0,1,30,0,31,2,29,60,0,91,22,0,22,113
02/18/2012,RST,MN,AGL,CE,Combined TRACON& Tower with Radar,1,16,10,0,27,0,3,54,0,57,1,19,64,0,84,54,0,54,138
02/19/2012,RST,MN,AGL,CE,Combined TRACON& Tower with Radar,0,24,17,0,41,0,2,77,0,79,0,26,94,0,120,110,0,110,230
02/20/2012,RST,MN,AGL,CE,Combined TRACON& Tower with Radar,1,31,18,0,50,0,2,13,0,15,1,33,31,0,65,14,0,14,79
02/21/2012,RST,MN,AGL,CE,Combined TRACON& Tower with Radar,2,29,12,2,45,0,0,5,0,5,2,29,17,2,50,10,0,10,60
02/22/2012,RST,MN,AGL,CE,Combined TRACON& Tower with Radar,4,31,21,0,56,0,3,26,1,30,4,34,47,1,86,8,0,8,94
02/23/2012,RST,MN,AGL,CE,Combined TRACON& Tower with Radar,2,33,13,0,48,0,1,15,2,18,2,34,28,2,66,14,0,14,80
02/24/2012,RST,MN,AGL,CE,Combined TRACON& Tower with Radar,2,27,13,0,42,0,1,6,0,7,2,28,19,0,49,16,0,16,65
02/25/2012,RST,MN,AGL,CE,Combined TRACON& Tower with Radar,1,20,14,0,35,0,1,38,0,39,1,21,52,0,74,62,0,62,136
02/26/2012,RST,MN,AGL,CE,Combined TRACON& Tower with Radar,0,18,11,0,29,0,1,5,0,6,0,19,16,0,35,0,0,0,35
02/27/2012,RST,MN,AGL,CE,Combined TRACON& Tower with Radar,3,24,21,0,48,0,0,15,0,15,3,24,36,0,63,28,0,28,91
02/28/2012,RST,MN,AGL,CE,Combined TRACON& Tower with Radar,2,29,12,0,43,0,0,2,0,2,2,29,14,0,45,0,0,0,45
02/29/2012,RST,MN,AGL,CE,Combined TRACON& Tower with Radar,2,31,22,0,55,0,0,0,0,0,2,31,22,0,55,0,0,0,55
03/01/2012,RST,MN,AGL,CE,Combined TRACON& Tower with Radar,2,37,22,0,61,0,0,3,0,3,2,37,25,0,64,5,0,5,69
03/02/2012,RST,MN,AGL,CE,Combined TRACON& Tower with Radar,2,24,19,0,45,0,0,0,0,0,2,24,19,0,45,0,0,0,45
03/03/2012,RST,MN,AGL,CE,Combined TRACON& Tower with Radar,1,19,7,2,29,0,1,6,1,8,1,20,13,3,37,0,0,0,37
03/04/2012,RST,MN,AGL,CE,Combined TRACON& Tower with Radar,0,18,30,0,48,0,0,34,0,34,0,18,64,0,82,95,0,95,177
03/05/2012,RST,MN,AGL,CE,Combined TRACON& Tower with Radar,4,23,24,0,51,0,0,10,0,10,4,23,34,0,61,16,0,16,77
03/06/2012,RST,MN,AGL,CE,Combined TRACON& Tower with Radar,3,38,32,0,73,0,0,17,0,17,3,38,49,0,90,12,0,12,102
03/07/2012,RST,MN,AGL,CE,Combined TRACON& Tower with Radar,2,29,21,0,52,0,0,1,0,1,2,29,22,0,53,0,0,0,53
03/08/2012,RST,MN,AGL,CE,Combined TRACON& Tower with Radar,2,32,27,0,61,0,0,16,4,20,2,32,43,4,81,12,0,12,93
03/09/2012,RST,MN,AGL,CE,Combined TRACON& Tower with Radar,2,23,23,0,48,0,0,46,0,46,2,23,69,0,94,22,0,22,116
03/10/2012,RST,MN,AGL,CE,Combined TRACON& Tower with Radar,1,17,6,0,24,0,0,14,0,14,1,17,20,0,38,12,0,12,50
03/11/2012,RST,MN,AGL,CE,Combined TRACON& Tower with Radar,0,19,23,0,42,0,0,16,0,16,0,19,39,0,58,104,0,104,162
03/12/2012,RST,MN,AGL,CE,Combined TRACON& Tower with Radar,1,37,30,2,70,0,0,2,0,2,1,37,32,2,72,0,0,0,72
03/13/2012,RST,MN,AGL,CE,Combined TRACON& Tower with Radar,6,32,38,2,78,0,0,38,0,38,6,32,76,2,116,47,0,47,163
03/14/2012,RST,MN,AGL,CE,Combined TRACON& Tower with Radar,3,27,37,4,71,0,0,31,0,31,3,27,68,4,102,45,0,45,147
03/15/2012,RST,MN,AGL,CE,Combined TRACON& Tower with Radar,2,37,23,0,62,0,3,63,0,66,2,40,86,0,128,104,0,104,232
03/16/2012,RST,MN,AGL,CE,Combined TRACON& Tower with Radar,2,30,22,0,54,0,1,22,2,25,2,31,44,2,79,28,0,28,107
03/17/2012,RST,MN,AGL,CE,Combined TRACON& Tower with Radar,1,19,33,0,53,0,0,34,0,34,1,19,67,0,87,18,0,18,105
03/18/2012,RST,MN,AGL,CE,Combined TRACON& Tower with Radar,2,25,24,0,51,0,0,26,0,26,2,25,50,0,77,18,0,18,95
03/19/2012,RST,MN,AGL,CE,Combined TRACON& Tower with Radar,1,32,24,0,57,0,2,4,0,6,1,34,28,0,63,2,0,2,65
03/20/2012,RST,MN,AGL,CE,Combined TRACON& Tower with Radar,2,25,22,0,49,0,1,7,0,8,2,26,29,0,57,22,0,22,79
03/21/2012,RST,MN,AGL,CE,Combined TRACON& Tower with Radar,2,39,23,0,64,0,3,9,0,12,2,42,32,0,76,14,0,14,90
03/22/2012,RST,MN,AGL,CE,Combined TRACON& Tower with Radar,4,27,12,4,47,0,0,10,0,10,4,27,22,4,57,24,8,32,89
03/23/2012,RST,MN,AGL,CE,Combined TRACON& Tower with Radar,2,20,40,0,62,0,3,26,2,31,2,23,66,2,93,16,0,16,109
03/24/2012,RST,MN,AGL,CE,Combined TRACON& Tower with Radar,1,19,11,0,31,0,3,11,2,16,1,22,22,2,47,34,0,34,81
03/25/2012,RST,MN,AGL,CE,Combined TRACON& Tower with Radar,0,27,29,0,56,0,0,38,0,38,0,27,67,0,94,40,0,40,134
03/26/2012,RST,MN,AGL,CE,Combined TRACON& Tower with Radar,3,31,28,0,62,0,0,4,0,4,3,31,32,0,66,6,0,6,72
03/27/2012,RST,MN,AGL,CE,Combined TRACON& Tower with Radar,4,28,21,0,53,0,0,5,0,5,4,28,26,0,58,2,0,2,60
03/28/2012,RST,MN,AGL,CE,Combined TRACON& Tower with Radar,2,34,33,1,70,0,4,21,2,27,2,38,54,3,97,28,0,28,125
03/29/2012,RST,MN,AGL,CE,Combined TRACON& Tower with Radar,2,38,21,0,61,0,0,18,0,18,2,38,39,0,79,6,0,6,85
03/30/2012,RST,MN,AGL,CE,Combined TRACON& Tower with Radar,6,37,23,0,66,0,2,0,0,2,6,39,23,0,68,2,0,2,70
03/31/2012,RST,MN,AGL,CE,Combined TRACON& Tower with Radar,1,23,27,0,51,0,1,0,0,1,1,24,27,0,52,0,0,0,52
04/01/2012,RST,MN,AGL,CE,Combined TRACON& Tower with Radar,0,20,19,0,39,0,0,30,0,30,0,20,49,0,69,46,0,46,115
04/02/2012,RST,MN,AGL,CE,Combined TRACON& Tower with Radar,5,23,15,0,43,0,0,3,0,3,5,23,18,0,46,18,0,18,64
04/03/2012,RST,MN,AGL,CE,Combined TRACON& Tower with Radar,2,37,17,0,56,0,0,18,0,18,2,37,35,0,74,0,0,0,74
04/04/2012,RST,MN,AGL,CE,Combined TRACON& Tower with Radar,2,30,42,0,74,0,0,43,2,45,2,30,85,2,119,38,0,38,157
04/05/2012,RST,MN,AGL,CE,Combined TRACON& Tower with Radar,2,29,18,6,55,0,2,49,4,55,2,31,67,10,110,68,0,68,178
04/06/2012,RST,MN,AGL,CE,Combined TRACON& Tower with Radar,2,29,8,0,39,0,0,33,0,33,2,29,41,0,72,18,0,18,90
04/07/2012,RST,MN,AGL,CE,Combined TRACON& Tower with Radar,1,23,14,0,38,0,0,14,0,14,1,23,28,0,52,16,0,16,68
04/08/2012,RST,MN,AGL,CE,Combined TRACON& Tower with Radar,0,21,15,0,36,0,2,12,0,14,0,23,27,0,50,0,0,0,50
04/09/2012,RST,MN,AGL,CE,Combined TRACON& Tower with Radar,1,30,24,0,55,0,4,13,4,21,1,34,37,4,76,3,0,3,79
04/10/2012,RST,MN,AGL,CE,Combined TRACON& Tower with Radar,2,36,24,2,64,0,0,11,2,13,2,36,35,4,77,4,0,4,81
04/11/2012,RST,MN,AGL,CE,Combined TRACON& Tower with Radar,2,31,32,0,65,0,0,38,2,40,2,31,70,2,105,44,0,44,149
04/12/2012,RST,MN,AGL,CE,Combined TRACON& Tower with Radar,2,26,36,3,67,0,2,31,0,33,2,28,67,3,100,18,0,18,118
04/13/2012,RST,MN,AGL,CE,Combined TRACON& Tower with Radar,2,27,17,0,46,0,0,3,0,3,2,27,20,0,49,0,0,0,49
04/14/2012,RST,MN,AGL,CE,Combined TRACON& Tower with Radar,1,21,33,0,55,0,0,22,0,22,1,21,55,0,77,30,0,30,107
04/15/2012,RST,MN,AGL,CE,Combined TRACON& Tower with Radar,0,27,11,1,39,0,0,2,0,2,0,27,13,1,41,6,0,6,47
04/16/2012,RST,MN,AGL,CE,Combined TRACON& Tower with Radar,3,23,16,0,42,0,0,1,0,1,3,23,17,0,43,0,0,0,43
04/17/2012,RST,MN,AGL,CE,Combined TRACON& Tower with Radar,4,34,40,0,78,0,0,49,0,49,4,34,89,0,127,62,0,62,189
04/18/2012,RST,MN,AGL,CE,Combined TRACON& Tower with Radar,4,31,19,5,59,0,2,13,5,20,4,33,32,10,79,22,0,22,101
04/19/2012,RST,MN,AGL,CE,Combined TRACON& Tower with Radar,2,34,15,1,52,0,2,2,3,7,2,36,17,4,59,0,0,0,59
04/20/2012,RST,MN,AGL,CE,Combined TRACON& Tower with Radar,2,29,25,0,56,0,0,18,0,18,2,29,43,0,74,0,0,0,74
04/21/2012,RST,MN,AGL,CE,Combined TRACON& Tower with Radar,1,19,25,0,45,0,0,15,1,16,1,19,40,1,61,22,0,22,83
04/22/2012,RST,MN,AGL,CE,Combined TRACON& Tower with Radar,0,26,38,0,64,0,0,21,0,21,0,26,59,0,85,58,0,58,143
04/23/2012,RST,MN,AGL,CE,Combined TRACON& Tower with Radar,1,26,16,2,45,0,0,26,0,26,1,26,42,2,71,26,16,42,113
04/24/2012,RST,MN,AGL,CE,Combined TRACON& Tower with Radar,2,35,33,0,70,0,2,7,0,9,2,37,40,0,79,26,0,26,105
04/25/2012,RST,MN,AGL,CE,Combined TRACON& Tower with Radar,2,36,40,0,78,0,0,9,2,11,2,36,49,2,89,0,0,0,89
04/26/2012,RST,MN,AGL,CE,Combined TRACON& Tower with Radar,2,31,37,0,70,0,1,22,0,23,2,32,59,0,93,7,0,7,100
04/27/2012,RST,MN,AGL,CE,Combined TRACON& Tower with Radar,2,32,14,2,50,0,2,12,2,16,2,34,26,4,66,22,0,22,88
04/28/2012,RST,MN,AGL,CE,Combined TRACON& Tower with Radar,1,19,20,0,40,0,0,1,0,1,1,19,21,0,41,0,0,0,41
04/29/2012,RST,MN,AGL,CE,Combined TRACON& Tower with Radar,0,28,23,0,51,0,5,20,0,25,0,33,43,0,76,90,0,90,166
04/30/2012,RST,MN,AGL,CE,Combined TRACON& Tower with Radar,7,36,14,0,57,0,3,5,2,10,7,39,19,2,67,24,0,24,91
05/01/2012,RST,MN,AGL,CE,Combined TRACON& Tower with Radar,2,28,17,0,47,0,2,2,2,6,2,30,19,2,53,0,0,0,53
05/02/2012,RST,MN,AGL,CE,Combined TRACON& Tower with Radar,4,30,32,2,68,0,0,14,0,14,4,30,46,2,82,22,0,22,104
05/03/2012,RST,MN,AGL,CE,Combined TRACON& Tower with Radar,9,33,18,0,60,0,3,9,4,16,9,36,27,4,76,4,0,4,80
05/04/2012,RST,MN,AGL,CE,Combined TRACON& Tower with Radar,4,29,16,0,49,0,1,11,0,12,4,30,27,0,61,4,0,4,65
05/05/2012,RST,MN,AGL,CE,Combined TRACON& Tower with Radar,1,21,25,0,47,0,1,2,1,4,1,22,27,1,51,0,0,0,51
05/06/2012,RST,MN,AGL,CE,Combined TRACON& Tower with Radar,0,24,27,1,52,0,0,0,0,0,0,24,27,1,52,0,0,0,52
05/07/2012,RST,MN,AGL,CE,Combined TRACON& Tower with Radar,1,38,24,0,63,0,2,23,0,25,1,40,47,0,88,12,0,12,100
05/08/2012,RST,MN,AGL,CE,Combined TRACON& Tower with Radar,4,29,56,0,89,0,4,26,4,34,4,33,82,4,123,24,0,24,147
05/09/2012,RST,MN,AGL,CE,Combined TRACON& Tower with Radar,2,44,31,0,77,0,1,15,0,16,2,45,46,0,93,0,0,0,93
05/10/2012,RST,MN,AGL,CE,Combined TRACON& Tower with Radar,3,33,27,0,63,0,1,47,2,50,3,34,74,2,113,52,0,52,165
05/11/2012,RST,MN,AGL,CE,Combined TRACON& Tower with Radar,2,34,32,0,68,0,2,34,0,36,2,36,66,0,104,16,0,16,120
05/12/2012,RST,MN,AGL,CE,Combined TRACON& Tower with Radar,1,26,17,0,44,0,1,49,4,54,1,27,66,4,98,42,0,42,140
05/13/2012,RST,MN,AGL,CE,Combined TRACON& Tower with Radar,2,27,24,0,53,0,2,64,0,66,2,29,88,0,119,32,0,32,151
05/14/2012,RST,MN,AGL,CE,Combined TRACON& Tower with Radar,3,37,28,1,69,0,3,50,4,57,3,40,78,5,126,50,0,50,176
05/15/2012,RST,MN,AGL,CE,Combined TRACON& Tower with Radar,2,33,27,0,62,0,0,18,0,18,2,33,45,0,80,8,0,8,88
05/16/2012,RST,MN,AGL,CE,Combined TRACON& Tower with Radar,2,33,36,0,71,0,2,27,2,31,2,35,63,2,102,74,0,74,176
05/17/2012,RST,MN,AGL,CE,Combined TRACON& Tower with Radar,4,30,32,0,66,0,0,12,0,12,4,30,44,0,78,2,0,2,80
05/18/2012,RST,MN,AGL,CE,Combined TRACON& Tower with Radar,2,34,31,0,67,0,0,4,0,4,2,34,35,0,71,0,0,0,71
05/19/2012,RST,MN,AGL,CE,Combined TRACON& Tower with Radar,3,29,11,0,43,0,0,7,0,7,3,29,18,0,50,8,0,8,58
05/20/2012,RST,MN,AGL,CE,Combined TRACON& Tower with Radar,0,32,26,2,60,0,0,15,2,17,0,32,41,4,77,16,0,16,93
05/21/2012,RST,MN,AGL,CE,Combined TRACON& Tower with Radar,1,36,33,0,70,0,3,53,0,56,1,39,86,0,126,58,22,80,206
05/22/2012,RST,MN,AGL,CE,Combined TRACON& Tower with Radar,5,39,24,0,68,0,9,17,2,28,5,48,41,2,96,6,0,6,102
05/23/2012,RST,MN,AGL,CE,Combined TRACON& Tower with Radar,16,40,31,0,87,0,3,11,0,14,16,43,42,0,101,0,0,0,101
05/24/2012,RST,MN,AGL,CE,Combined TRACON& Tower with Radar,2,28,13,0,43,0,1,9,0,10,2,29,22,0,53,4,0,4,57
05/25/2012,RST,MN,AGL,CE,Combined TRACON& Tower with Radar,2,38,25,0,65,0,5,50,4,59,2,43,75,4,124,60,6,66,190
05/26/2012,RST,MN,AGL,CE,Combined TRACON& Tower with Radar,3,23,5,0,31,0,0,10,0,10,3,23,15,0,41,4,0,4,45
05/27/2012,RST,MN,AGL,CE,Combined TRACON& Tower with Radar,0,20,10,0,30,0,3,21,2,26,0,23,31,2,56,10,0,10,66
05/28/2012,RST,MN,AGL,CE,Combined TRACON& Tower with Radar,0,26,23,0,49,0,0,26,0,26,0,26,49,0,75,10,0,10,85
05/29/2012,RST,MN,AGL,CE,Combined TRACON& Tower with Radar,1,32,36,0,69,0,2,21,2,25,1,34,57,2,94,10,0,10,104
05/30/2012,RST,MN,AGL,CE,Combined TRACON& Tower with Radar,4,32,31,0,67,0,0,33,0,33,4,32,64,0,100,82,0,82,182
05/31/2012,RST,MN,AGL,CE,Combined TRACON& Tower with Radar,2,34,12,0,48,0,1,13,0,14,2,35,25,0,62,38,0,38,100
06/01/2012,RST,MN,AGL,CE,Combined TRACON& Tower with Radar,4,35,30,0,69,0,0,40,0,40,4,35,70,0,109,28,0,28,137
06/02/2012,RST,MN,AGL,CE,Combined TRACON& Tower with Radar,1,21,16,0,38,0,2,45,0,47,1,23,61,0,85,20,0,20,105
06/03/2012,RST,MN,AGL,CE,Combined TRACON& Tower with Radar,0,34,18,0,52,0,3,37,0,40,0,37,55,0,92,14,0,14,106
06/04/2012,RST,MN,AGL,CE,Combined TRACON& Tower with Radar,3,36,25,0,64,0,0,27,0,27,3,36,52,0,91,62,0,62,153
06/05/2012,RST,MN,AGL,CE,Combined TRACON& Tower with Radar,4,37,24,0,65,0,4,26,3,33,4,41,50,3,98,52,0,52,150
06/06/2012,RST,MN,AGL,CE,Combined TRACON& Tower with Radar,2,29,28,0,59,0,4,36,1,41,2,33,64,1,100,52,0,52,152
06/07/2012,RST,MN,AGL,CE,Combined TRACON& Tower with Radar,1,25,32,0,58,0,0,32,0,32,1,25,64,0,90,34,0,34,124
06/08/2012,RST,MN,AGL,CE,Combined TRACON& Tower with Radar,2,39,23,2,66,0,0,17,2,19,2,39,40,4,85,12,0,12,97
06/09/2012,RST,MN,AGL,CE,Combined TRACON& Tower with Radar,1,23,12,0,36,0,0,21,0,21,1,23,33,0,57,34,0,34,91
06/10/2012,RST,MN,AGL,CE,Combined TRACON& Tower with Radar,6,33,17,0,56,0,0,20,0,20,6,33,37,0,76,0,0,0,76
06/11/2012,RST,MN,AGL,CE,Combined TRACON& Tower with Radar,2,27,40,0,69,0,4,7,2,13,2,31,47,2,82,32,0,32,114
06/12/2012,RST,MN,AGL,CE,Combined TRACON& Tower with Radar,2,41,31,0,74,0,0,28,0,28,2,41,59,0,102,32,0,32,134
06/13/2012,RST,MN,AGL,CE,Combined TRACON& Tower with Radar,2,32,34,0,68,0,0,17,0,17,2,32,51,0,85,14,0,14,99
06/14/2012,RST,MN,AGL,CE,Combined TRACON& Tower with Radar,2,33,26,0,61,0,0,6,0,6,2,33,32,0,67,0,0,0,67
06/15/2012,RST,MN,AGL,CE,Combined TRACON& Tower with Radar,2,38,22,0,62,0,0,15,2,17,2,38,37,2,79,60,0,60,139
06/16/2012,RST,MN,AGL,CE,Combined TRACON& Tower with Radar,3,26,12,0,41,0,0,1,0,1,3,26,13,0,42,0,0,0,42
06/17/2012,RST,MN,AGL,CE,Combined TRACON& Tower with Radar,0,25,21,0,46,0,0,38,2,40,0,25,59,2,86,58,0,58,144
06/18/2012,RST,MN,AGL,CE,Combined TRACON& Tower with Radar,3,26,37,0,66,0,0,31,0,31,3,26,68,0,97,28,0,28,125
06/19/2012,RST,MN,AGL,CE,Combined TRACON& Tower with Radar,3,36,31,0,70,0,1,9,0,10,3,37,40,0,80,40,2,42,122
06/20/2012,RST,MN,AGL,CE,Combined TRACON& Tower with Radar,2,30,33,4,69,0,2,5,0,7,2,32,38,4,76,0,0,0,76
06/21/2012,RST,MN,AGL,CE,Combined TRACON& Tower with Radar,2,35,25,0,62,0,0,41,0,41,2,35,66,0,103,50,0,50,153
06/22/2012,RST,MN,AGL,CE,Combined TRACON& Tower with Radar,2,30,24,0,56,0,2,36,0,38,2,32,60,0,94,52,0,52,146
06/23/2012,RST,MN,AGL,CE,Combined TRACON& Tower with Radar,1,19,12,0,32,0,0,17,0,17,1,19,29,0,49,10,0,10,59
06/24/2012,RST,MN,AGL,CE,Combined TRACON& Tower with Radar,0,26,25,0,51,0,1,64,0,65,0,27,89,0,116,20,0,20,136
06/25/2012,RST,MN,AGL,CE,Combined TRACON& Tower with Radar,1,32,26,0,59,0,2,29,0,31,1,34,55,0,90,34,0,34,124
06/26/2012,RST,MN,AGL,CE,Combined TRACON& Tower with Radar,2,28,23,0,53,0,4,31,4,39,2,32,54,4,92,28,0,28,120
06/27/2012,RST,MN,AGL,CE,Combined TRACON& Tower with Radar,3,34,34,0,71,0,0,15,0,15,3,34,49,0,86,0,0,0,86
06/28/2012,RST,MN,AGL,CE,Combined TRACON& Tower with Radar,3,45,38,2,88,0,1,37,0,38,3,46,75,2,126,66,0,66,192
06/29/2012,RST,MN,AGL,CE,Combined TRACON& Tower with Radar,2,32,20,0,54,0,0,23,0,23,2,32,43,0,77,20,0,20,97
06/30/2012,RST,MN,AGL,CE,Combined TRACON& Tower with Radar,3,26,21,0,50,0,3,36,0,39,3,29,57,0,89,42,0,42,131
07/01/2012,RST,MN,AGL,CE,Combined TRACON& Tower with Radar,2,29,7,0,38,0,0,25,0,25,2,29,32,0,63,18,0,18,81
07/02/2012,RST,MN,AGL,CE,Combined TRACON& Tower with Radar,3,25,17,0,45,0,0,22,0,22,3,25,39,0,67,34,0,34,101
07/03/2012,RST,MN,AGL,CE,Combined TRACON& Tower with Radar,2,17,11,0,30,0,2,8,2,12,2,19,19,2,42,0,0,0,42
07/04/2012,RST,MN,AGL,CE,Combined TRACON& Tower with Radar,0,11,7,0,18,0,2,14,0,16,0,13,21,0,34,40,0,40,74
07/05/2012,RST,MN,AGL,CE,Combined TRACON& Tower with Radar,2,30,9,0,41,0,0,19,0,19,2,30,28,0,60,38,0,38,98
07/06/2012,RST,MN,AGL,CE,Combined TRACON& Tower with Radar,3,26,14,0,43,0,2,20,0,22,3,28,34,0,65,0,0,0,65
07/07/2012,RST,MN,AGL,CE,Combined TRACON& Tower with Radar,2,22,20,0,44,0,2,25,0,27,2,24,45,0,71,32,0,32,103
07/08/2012,RST,MN,AGL,CE,Combined TRACON& Tower with Radar,0,32,20,0,52,0,1,90,0,91,0,33,110,0,143,34,0,34,177
07/09/2012,RST,MN,AGL,CE,Combined TRACON& Tower with Radar,1,28,32,0,61,0,0,38,0,38,1,28,70,0,99,36,0,36,135
07/10/2012,RST,MN,AGL,CE,Combined TRACON& Tower with Radar,2,32,22,0,56,0,0,40,0,40,2,32,62,0,96,76,0,76,172
07/11/2012,RST,MN,AGL,CE,Combined TRACON& Tower with Radar,4,43,29,0,76,0,0,38,0,38,4,43,67,0,114,66,0,66,180
07/12/2012,RST,MN,AGL,CE,Combined TRACON& Tower with Radar,2,35,16,0,53,0,0,36,0,36,2,35,52,0,89,6,0,6,95
07/13/2012,RST,MN,AGL,CE,Combined TRACON& Tower with Radar,10,29,22,0,61,0,0,20,0,20,10,29,42,0,81,32,0,32,113
07/14/2012,RST,MN,AGL,CE,Combined TRACON& Tower with Radar,3,25,24,0,52,0,1,30,0,31,3,26,54,0,83,0,0,0,83
07/15/2012,RST,MN,AGL,CE,Combined TRACON& Tower with Radar,0,31,22,0,53,0,2,28,2,32,0,33,50,2,85,16,0,16,101
07/16/2012,RST,MN,AGL,CE,Combined TRACON& Tower with Radar,3,37,18,0,58,0,0,17,0,17,3,37,35,0,75,6,0,6,81
07/17/2012,RST,MN,AGL,CE,Combined TRACON& Tower with Radar,2,32,14,4,52,0,7,16,2,25,2,39,30,6,77,32,0,32,109
07/18/2012,RST,MN,AGL,CE,Combined TRACON& Tower with Radar,4,32,25,0,61,0,0,7,0,7,4,32,32,0,68,0,0,0,68
07/19/2012,RST,MN,AGL,CE,Combined TRACON& Tower with Radar,2,33,38,2,75,0,1,5,1,7,2,34,43,3,82,6,0,6,88
07/20/2012,RST,MN,AGL,CE,Combined TRACON& Tower with Radar,2,33,25,0,60,0,0,40,0,40,2,33,65,0,100,24,0,24,124
07/21/2012,RST,MN,AGL,CE,Combined TRACON& Tower with Radar,1,27,11,0,39,0,1,17,0,18,1,28,28,0,57,40,0,40,97
07/22/2012,RST,MN,AGL,CE,Combined TRACON& Tower with Radar,0,26,19,0,45,0,0,22,4,26,0,26,41,4,71,4,0,4,75
07/23/2012,RST,MN,AGL,CE,Combined TRACON& Tower with Radar,2,33,23,0,58,0,3,32,3,38,2,36,55,3,96,30,0,30,126
07/24/2012,RST,MN,AGL,CE,Combined TRACON& Tower with Radar,2,32,30,0,64,0,0,15,0,15,2,32,45,0,79,6,0,6,85
07/25/2012,RST,MN,AGL,CE,Combined TRACON& Tower with Radar,3,33,33,4,73,0,0,23,0,23,3,33,56,4,96,18,0,18,114
07/26/2012,RST,MN,AGL,CE,Combined TRACON& Tower with Radar,2,28,22,6,58,0,0,27,0,27,2,28,49,6,85,22,0,22,107
07/27/2012,RST,MN,AGL,CE,Combined TRACON& Tower with Radar,2,36,31,0,69,0,0,20,2,22,2,36,51,2,91,18,0,18,109
07/28/2012,RST,MN,AGL,CE,Combined TRACON& Tower with Radar,1,22,19,0,42,0,3,32,2,37,1,25,51,2,79,8,0,8,87
07/29/2012,RST,MN,AGL,CE,Combined TRACON& Tower with Radar,0,24,22,0,46,0,1,32,0,33,0,25,54,0,79,70,0,70,149
07/30/2012,RST,MN,AGL,CE,Combined TRACON& Tower with Radar,3,36,30,0,69,0,0,26,0,26,3,36,56,0,95,26,0,26,121
07/31/2012,RST,MN,AGL,CE,Combined TRACON& Tower with Radar,2,32,32,0,66,0,2,45,4,51,2,34,77,4,117,68,0,68,185
08/01/2012,RST,MN,AGL,CE,Combined TRACON& Tower with Radar,2,35,39,0,76,0,2,29,0,31,2,37,68,0,107,16,0,16,123
08/02/2012,RST,MN,AGL,CE,Combined TRACON& Tower with Radar,2,24,27,0,53,0,0,33,0,33,2,24,60,0,86,59,0,59,145
08/03/2012,RST,MN,AGL,CE,Combined TRACON& Tower with Radar,2,25,18,0,45,0,1,21,2,24,2,26,39,2,69,20,0,20,89
08/04/2012,RST,MN,AGL,CE,Combined TRACON& Tower with Radar,1,21,4,0,26,0,0,12,0,12,1,21,16,0,38,24,0,24,62
08/05/2012,RST,MN,AGL,CE,Combined TRACON& Tower with Radar,0,28,18,0,46,0,2,50,4,56,0,30,68,4,102,46,0,46,148
08/06/2012,RST,MN,AGL,CE,Combined TRACON& Tower with Radar,1,26,20,0,47,0,0,29,2,31,1,26,49,2,78,38,0,38,116
08/07/2012,RST,MN,AGL,CE,Combined TRACON& Tower with Radar,4,30,28,0,62,0,1,48,2,51,4,31,76,2,113,30,0,30,143
08/08/2012,RST,MN,AGL,CE,Combined TRACON& Tower with Radar,2,24,33,0,59,0,0,20,2,22,2,24,53,2,81,44,0,44,125
08/09/2012,RST,MN,AGL,CE,Combined TRACON& Tower with Radar,2,27,36,0,65,0,1,9,0,10,2,28,45,0,75,0,0,0,75
08/10/2012,RST,MN,AGL,CE,Combined TRACON& Tower with Radar,2,27,35,0,64,0,0,37,0,37,2,27,72,0,101,24,0,24,125
08/11/2012,RST,MN,AGL,CE,Combined TRACON& Tower with Radar,1,18,15,0,34,0,0,34,0,34,1,18,49,0,68,44,0,44,112
08/12/2012,RST,MN,AGL,CE,Combined TRACON& Tower with Radar,0,25,25,0,50,0,0,19,0,19,0,25,44,0,69,6,0,6,75
08/13/2012,RST,MN,AGL,CE,Combined TRACON& Tower with Radar,3,29,48,0,80,0,0,34,0,34,3,29,82,0,114,40,0,40,154
08/14/2012,RST,MN,AGL,CE,Combined TRACON& Tower with Radar,2,38,27,0,67,0,1,26,0,27,2,39,53,0,94,2,0,2,96
08/15/2012,RST,MN,AGL,CE,Combined TRACON& Tower with Radar,2,28,34,2,66,0,3,21,4,28,2,31,55,6,94,26,2,28,122
08/16/2012,RST,MN,AGL,CE,Combined TRACON& Tower with Radar,4,34,16,0,54,0,2,20,3,25,4,36,36,3,79,10,0,10,89
08/17/2012,RST,MN,AGL,CE,Combined TRACON& Tower with Radar,2,30,30,0,62,0,3,50,2,55,2,33,80,2,117,58,0,58,175
08/18/2012,RST,MN,AGL,CE,Combined TRACON& Tower with Radar,1,24,17,0,42,0,0,30,2,32,1,24,47,2,74,56,0,56,130
08/19/2012,RST,MN,AGL,CE,Combined TRACON& Tower with Radar,2,35,26,0,63,0,1,46,1,48,2,36,72,1,111,58,0,58,169
08/20/2012,RST,MN,AGL,CE,Combined TRACON& Tower with Radar,1,33,26,2,62,0,1,16,2,19,1,34,42,4,81,4,0,4,85
08/21/2012,RST,MN,AGL,CE,Combined TRACON& Tower with Radar,2,29,17,4,52,0,8,38,8,54,2,37,55,12,106,4,0,4,110
08/22/2012,RST,MN,AGL,CE,Combined TRACON& Tower with Radar,2,28,32,0,62,0,0,26,3,29,2,28,58,3,91,22,0,22,113
08/23/2012,RST,MN,AGL,CE,Combined TRACON& Tower with Radar,2,30,20,0,52,0,1,11,0,12,2,31,31,0,64,0,0,0,64
08/24/2012,RST,MN,AGL,CE,Combined TRACON& Tower with Radar,2,27,35,0,64,0,1,21,6,28,2,28,56,6,92,6,0,6,98
08/25/2012,RST,MN,AGL,CE,Combined TRACON& Tower with Radar,1,16,16,0,33,0,0,24,0,24,1,16,40,0,57,36,0,36,93
08/26/2012,RST,MN,AGL,CE,Combined TRACON& Tower with Radar,0,28,29,0,57,0,3,22,1,26,0,31,51,1,83,24,0,24,107
08/27/2012,RST,MN,AGL,CE,Combined TRACON& Tower with Radar,3,32,25,0,60,0,8,21,0,29,3,40,46,0,89,42,0,42,131
08/28/2012,RST,MN,AGL,CE,Combined TRACON& Tower with Radar,2,31,32,0,65,0,1,19,0,20,2,32,51,0,85,30,0,30,115
08/29/2012,RST,MN,AGL,CE,Combined TRACON& Tower with Radar,2,33,23,8,66,0,0,26,4,30,2,33,49,12,96,60,0,60,156
08/30/2012,RST,MN,AGL,CE,Combined TRACON& Tower with Radar,2,26,25,4,57,0,0,11,0,11,2,26,36,4,68,0,0,0,68
08/31/2012,RST,MN,AGL,CE,Combined TRACON& Tower with Radar,4,27,25,2,58,0,7,24,0,31,4,34,49,2,89,30,0,30,119
09/01/2012,RST,MN,AGL,CE,Combined TRACON& Tower with Radar,1,24,11,0,36,0,0,36,0,36,1,24,47,0,72,36,0,36,108
09/02/2012,RST,MN,AGL,CE,Combined TRACON& Tower with Radar,0,16,10,0,26,0,2,35,2,39,0,18,45,2,65,18,0,18,83
09/03/2012,RST,MN,AGL,CE,Combined TRACON& Tower with Radar,0,19,13,0,32,0,2,7,2,11,0,21,20,2,43,8,0,8,51
09/04/2012,RST,MN,AGL,CE,Combined TRACON& Tower with Radar,1,29,24,0,54,0,4,13,5,22,1,33,37,5,76,10,0,10,86
09/05/2012,RST,MN,AGL,CE,Combined TRACON& Tower with Radar,2,41,24,0,67,0,0,28,1,29,2,41,52,1,96,34,6,40,136
09/06/2012,RST,MN,AGL,CE,Combined TRACON& Tower with Radar,2,34,28,0,64,0,0,18,0,18,2,34,46,0,82,42,0,42,124
09/07/2012,RST,MN,AGL,CE,Combined TRACON& Tower with Radar,1,34,20,0,55,0,0,21,0,21,1,34,41,0,76,4,0,4,80
09/08/2012,RST,MN,AGL,CE,Combined TRACON& Tower with Radar,1,28,3,6,38,0,0,24,0,24,1,28,27,6,62,12,0,12,74
09/09/2012,RST,MN,AGL,CE,Combined TRACON& Tower with Radar,0,24,31,0,55,0,0,40,0,40,0,24,71,0,95,78,0,78,173
09/10/2012,RST,MN,AGL,CE,Combined TRACON& Tower with Radar,1,27,24,0,52,0,4,16,2,22,1,31,40,2,74,10,0,10,84
09/11/2012,RST,MN,AGL,CE,Combined TRACON& Tower with Radar,6,31,17,0,54,0,2,8,0,10,6,33,25,0,64,0,0,0,64
09/12/2012,RST,MN,AGL,CE,Combined TRACON& Tower with Radar,1,38,39,0,78,0,9,23,4,36,1,47,62,4,114,30,0,30,144
09/13/2012,RST,MN,AGL,CE,Combined TRACON& Tower with Radar,2,44,17,0,63,0,0,30,0,30,2,44,47,0,93,74,0,74,167
09/14/2012,RST,MN,AGL,CE,Combined TRACON& Tower with Radar,2,31,19,0,52,0,2,35,0,37,2,33,54,0,89,22,0,22,111
09/15/2012,RST,MN,AGL,CE,Combined TRACON& Tower with Radar,1,19,15,1,36,0,2,20,2,24,1,21,35,3,60,10,0,10,70
09/16/2012,RST,MN,AGL,CE,Combined TRACON& Tower with Radar,0,31,24,0,55,0,0,30,0,30,0,31,54,0,85,32,0,32,117
09/17/2012,RST,MN,AGL,CE,Combined TRACON& Tower with Radar,1,29,21,1,52,0,1,9,2,12,1,30,30,3,64,14,0,14,78
09/18/2012,RST,MN,AGL,CE,Combined TRACON& Tower with Radar,4,43,22,0,69,0,4,25,4,33,4,47,47,4,102,16,0,16,118
09/19/2012,RST,MN,AGL,CE,Combined TRACON& Tower with Radar,2,31,22,0,55,0,2,18,2,22,2,33,40,2,77,22,0,22,99
09/20/2012,RST,MN,AGL,CE,Combined TRACON& Tower with Radar,2,41,30,0,73,0,4,27,2,33,2,45,57,2,106,16,0,16,122
09/21/2012,RST,MN,AGL,CE,Combined TRACON& Tower with Radar,2,37,22,0,61,0,8,37,4,49,2,45,59,4,110,36,0,36,146
09/22/2012,RST,MN,AGL,CE,Combined TRACON& Tower with Radar,2,18,10,0,30,0,3,19,2,24,2,21,29,2,54,40,0,40,94
09/23/2012,RST,MN,AGL,CE,Combined TRACON& Tower with Radar,1,28,19,0,48,0,2,40,0,42,1,30,59,0,90,16,0,16,106
09/24/2012,RST,MN,AGL,CE,Combined TRACON& Tower with Radar,3,29,27,0,59,0,5,9,3,17,3,34,36,3,76,0,0,0,76
09/25/2012,RST,MN,AGL,CE,Combined TRACON& Tower with Radar,2,29,23,0,54,0,1,24,0,25,2,30,47,0,79,6,0,6,85
09/26/2012,RST,MN,AGL,CE,Combined TRACON& Tower with Radar,2,30,23,4,59,0,6,30,1,37,2,36,53,5,96,42,0,42,138
09/27/2012,RST,MN,AGL,CE,Combined TRACON& Tower with Radar,2,35,41,0,78,0,9,59,0,68,2,44,100,0,146,48,0,48,194
09/28/2012,RST,MN,AGL,CE,Combined TRACON& Tower with Radar,2,26,28,0,56,0,1,29,0,30,2,27,57,0,86,50,0,50,136
09/29/2012,RST,MN,AGL,CE,Combined TRACON& Tower with Radar,2,20,22,0,44,0,0,34,0,34,2,20,56,0,78,20,0,20,98
09/30/2012,RST,MN,AGL,CE,Combined TRACON& Tower with Radar,0,28,26,0,54,0,4,33,4,41,0,32,59,4,95,34,0,34,129
10/01/2012,RST,MN,AGL,CE,Combined TRACON& Tower with Radar,4,38,30,0,72,0,2,30,0,32,4,40,60,0,104,2,0,2,106
10/02/2012,RST,MN,AGL,CE,Combined TRACON& Tower with Radar,2,29,36,0,67,0,2,31,0,33,2,31,67,0,100,27,0,27,127
10/03/2012,RST,MN,AGL,CE,Combined TRACON& Tower with Radar,2,28,41,0,71,0,0,25,0,25,2,28,66,0,96,46,0,46,142
10/04/2012,RST,MN,AGL,CE,Combined TRACON& Tower with Radar,2,40,23,0,65,0,0,8,0,8,2,40,31,0,73,0,0,0,73
10/05/2012,RST,MN,AGL,CE,Combined TRACON& Tower with Radar,3,40,28,0,71,0,1,11,0,12,3,41,39,0,83,2,0,2,85
10/06/2012,RST,MN,AGL,CE,Combined TRACON& Tower with Radar,1,23,16,0,40,0,0,24,0,24,1,23,40,0,64,20,0,20,84
10/07/2012,RST,MN,AGL,CE,Combined TRACON& Tower with Radar,0,28,27,0,55,0,0,34,0,34,0,28,61,0,89,20,0,20,109
10/08/2012,RST,MN,AGL,CE,Combined TRACON& Tower with Radar,1,27,24,0,52,0,1,17,0,18,1,28,41,0,70,32,0,32,102
10/09/2012,RST,MN,AGL,CE,Combined TRACON& Tower with Radar,2,33,29,0,64,0,2,6,2,10,2,35,35,2,74,2,0,2,76
10/10/2012,RST,MN,AGL,CE,Combined TRACON& Tower with Radar,2,29,33,0,64,0,0,38,0,38,2,29,71,0,102,60,0,60,162
10/11/2012,RST,MN,AGL,CE,Combined TRACON& Tower with Radar,2,29,42,0,73,0,3,31,2,36,2,32,73,2,109,36,0,36,145
10/12/2012,RST,MN,AGL,CE,Combined TRACON& Tower with Radar,4,30,17,0,51,0,3,16,2,21,4,33,33,2,72,6,0,6,78
10/13/2012,RST,MN,AGL,CE,Combined TRACON& Tower with Radar,1,28,9,0,38,0,0,2,0,2,1,28,11,0,40,6,0,6,46
10/14/2012,RST,MN,AGL,CE,Combined TRACON& Tower with Radar,0,27,25,0,52,0,2,8,2,12,0,29,33,2,64,32,0,32,96
10/15/2012,RST,MN,AGL,CE,Combined TRACON& Tower with Radar,1,31,29,0,61,0,2,30,0,32,1,33,59,0,93,58,0,58,151
10/16/2012,RST,MN,AGL,CE,Combined TRACON& Tower with Radar,4,32,34,2,72,0,4,21,0,25,4,36,55,2,97,42,0,42,139
10/17/2012,RST,MN,AGL,CE,Combined TRACON& Tower with Radar,2,32,28,6,68,0,0,8,0,8,2,32,36,6,76,16,42,58,134
10/18/2012,RST,MN,AGL,CE,Combined TRACON& Tower with Radar,2,34,20,0,56,0,2,6,1,9,2,36,26,1,65,24,0,24,89
10/19/2012,RST,MN,AGL,CE,Combined TRACON& Tower with Radar,2,26,19,0,47,0,1,2,0,3,2,27,21,0,50,0,0,0,50
10/20/2012,RST,MN,AGL,CE,Combined TRACON& Tower with Radar,0,21,26,0,47,0,2,12,2,16,0,23,38,2,63,20,0,20,83
10/21/2012,RST,MN,AGL,CE,Combined TRACON& Tower with Radar,2,35,22,0,59,0,2,37,2,41,2,37,59,2,100,4,0,4,104
10/22/2012,RST,MN,AGL,CE,Combined TRACON& Tower with Radar,4,37,35,0,76,0,1,3,0,4,4,38,38,0,80,6,0,6,86
10/23/2012,RST,MN,AGL,CE,Combined TRACON& Tower with Radar,4,36,24,0,64,0,0,0,0,0,4,36,24,0,64,0,0,0,64
10/24/2012,RST,MN,AGL,CE,Combined TRACON& Tower with Radar,2,24,24,0,50,0,0,0,0,0,2,24,24,0,50,0,0,0,50
10/25/2012,RST,MN,AGL,CE,Combined TRACON& Tower with Radar,2,23,24,0,49,0,0,0,0,0,2,23,24,0,49,0,0,0,49
10/26/2012,RST,MN,AGL,CE,Combined TRACON& Tower with Radar,2,41,35,0,78,0,2,16,0,18,2,43,51,0,96,20,0,20,116
10/27/2012,RST,MN,AGL,CE,Combined TRACON& Tower with Radar,1,23,10,0,34,0,2,35,2,39,1,25,45,2,73,30,0,30,103
10/28/2012,RST,MN,AGL,CE,Combined TRACON& Tower with Radar,0,27,36,0,63,0,1,51,0,52,0,28,87,0,115,54,0,54,169
10/29/2012,RST,MN,AGL,CE,Combined TRACON& Tower with Radar,1,33,20,0,54,0,0,29,0,29,1,33,49,0,83,46,0,46,129
10/30/2012,RST,MN,AGL,CE,Combined TRACON& Tower with Radar,2,22,20,2,46,0,2,15,2,19,2,24,35,4,65,20,0,20,85
10/31/2012,RST,MN,AGL,CE,Combined TRACON& Tower with Radar,2,25,37,2,66,0,1,22,0,23,2,26,59,2,89,26,0,26,115
11/01/2012,RST,MN,AGL,CE,Combined TRACON& Tower with Radar,4,37,20,0,61,0,0,12,0,12,4,37,32,0,73,0,0,0,73
11/02/2012,RST,MN,AGL,CE,Combined TRACON& Tower with Radar,2,32,32,0,66,0,4,29,2,35,2,36,61,2,101,16,0,16,117
11/03/2012,RST,MN,AGL,CE,Combined TRACON& Tower with Radar,1,21,19,4,45,2,1,23,0,26,3,22,42,4,71,20,2,22,93
11/04/2012,RST,MN,AGL,CE,Combined TRACON& Tower with Radar,2,33,30,0,65,0,0,32,0,32,2,33,62,0,97,70,0,70,167
11/05/2012,RST,MN,AGL,CE,Combined TRACON& Tower with Radar,3,37,34,0,74,0,1,10,0,11,3,38,44,0,85,14,14,28,113
11/06/2012,RST,MN,AGL,CE,Combined TRACON& Tower with Radar,4,31,15,20,70,0,0,0,2,2,4,31,15,22,72,12,36,48,120
11/07/2012,RST,MN,AGL,CE,Combined TRACON& Tower with Radar,2,35,23,28,88,0,2,15,2,19,2,37,38,30,107,24,46,70,177
11/08/2012,RST,MN,AGL,CE,Combined TRACON& Tower with Radar,4,30,26,12,72,0,1,8,0,9,4,31,34,12,81,18,36,54,135
11/09/2012,RST,MN,AGL,CE,Combined TRACON& Tower with Radar,2,34,23,12,71,0,2,17,2,21,2,36,40,14,92,26,6,32,124
11/10/2012,RST,MN,AGL,CE,Combined TRACON& Tower with Radar,1,20,16,0,37,0,0,2,0,2,1,20,18,0,39,0,0,0,39
11/11/2012,RST,MN,AGL,CE,Combined TRACON& Tower with Radar,2,31,21,0,54,0,0,0,0,0,2,31,21,0,54,0,0,0,54
11/12/2012,RST,MN,AGL,CE,Combined TRACON& Tower with Radar,1,28,36,0,65,0,0,6,0,6,1,28,42,0,71,10,0,10,81
11/13/2012,RST,MN,AGL,CE,Combined TRACON& Tower with Radar,2,29,39,31,101,0,5,36,1,42,2,34,75,32,143,20,80,100,243
11/14/2012,RST,MN,AGL,CE,Combined TRACON& Tower with Radar,2,30,30,8,70,0,0,57,0,57,2,30,87,8,127,18,20,38,165
11/15/2012,RST,MN,AGL,CE,Combined TRACON& Tower with Radar,4,38,44,4,90,0,0,25,0,25,4,38,69,4,115,25,0,25,140
11/16/2012,RST,MN,AGL,CE,Combined TRACON& Tower with Radar,2,34,29,2,67,0,3,39,3,45,2,37,68,5,112,8,20,28,140
11/17/2012,RST,MN,AGL,CE,Combined TRACON& Tower with Radar,1,24,13,20,58,0,1,9,0,10,1,25,22,20,68,42,84,126,194
11/18/2012,RST,MN,AGL,CE,Combined TRACON& Tower with Radar,2,20,28,0,50,0,3,27,2,32,2,23,55,2,82,52,0,52,134
11/19/2012,RST,MN,AGL,CE,Combined TRACON& Tower with Radar,1,23,14,0,38,0,0,25,0,25,1,23,39,0,63,110,0,110,173
11/20/2012,RST,MN,AGL,CE,Combined TRACON& Tower with Radar,4,24,41,5,74,0,0,33,1,34,4,24,74,6,108,36,9,45,153
11/21/2012,RST,MN,AGL,CE,Combined TRACON& Tower with Radar,4,23,13,18,58,0,0,16,3,19,4,23,29,21,77,24,40,64,141
11/22/2012,RST,MN,AGL,CE,Combined TRACON& Tower with Radar,2,14,7,0,23,0,0,7,0,7,2,14,14,0,30,4,0,4,34
11/23/2012,RST,MN,AGL,CE,Combined TRACON& Tower with Radar,2,17,8,0,27,0,3,5,2,10,2,20,13,2,37,6,0,6,43
11/24/2012,RST,MN,AGL,CE,Combined TRACON& Tower with Radar,1,20,12,0,33,0,0,36,0,36,1,20,48,0,69,46,0,46,115
11/25/2012,RST,MN,AGL,CE,Combined TRACON& Tower with Radar,0,22,27,0,49,0,0,16,0,16,0,22,43,0,65,20,0,20,85
11/26/2012,RST,MN,AGL,CE,Combined TRACON& Tower with Radar,5,26,29,0,60,0,0,20,0,20,5,26,49,0,80,18,0,18,98
11/27/2012,RST,MN,AGL,CE,Combined TRACON& Tower with Radar,2,33,37,12,84,0,2,19,2,23,2,35,56,14,107,16,16,32,139
11/28/2012,RST,MN,AGL,CE,Combined TRACON& Tower with Radar,2,26,20,2,50,0,0,22,1,23,2,26,42,3,73,94,22,116,189
11/29/2012,RST,MN,AGL,CE,Combined TRACON& Tower with Radar,4,34,23,22,83,0,0,23,0,23,4,34,46,22,106,95,54,149,255
11/30/2012,RST,MN,AGL,CE,Combined TRACON& Tower with Radar,2,28,14,0,44,0,0,0,0,0,2,28,14,0,44,0,0,0,44
12/01/2012,RST,MN,AGL,CE,Combined TRACON& Tower with Radar,1,27,8,0,36,0,0,1,0,1,1,27,9,0,37,0,0,0,37
12/02/2012,RST,MN,AGL,CE,Combined TRACON& Tower with Radar,0,16,25,0,41,0,2,10,0,12,0,18,35,0,53,0,0,0,53
12/03/2012,RST,MN,AGL,CE,Combined TRACON& Tower with Radar,1,25,26,4,56,0,1,4,0,5,1,26,30,4,61,8,0,8,69
12/04/2012,RST,MN,AGL,CE,Combined TRACON& Tower with Radar,4,36,18,16,74,0,4,20,4,28,4,40,38,20,102,14,32,46,148
12/05/2012,RST,MN,AGL,CE,Combined TRACON& Tower with Radar,2,23,35,26,86,0,0,24,0,24,2,23,59,26,110,52,42,94,204
12/06/2012,RST,MN,AGL,CE,Combined TRACON& Tower with Radar,4,31,38,20,93,0,2,12,2,16,4,33,50,22,109,6,36,42,151
12/07/2012,RST,MN,AGL,CE,Combined TRACON& Tower with Radar,2,21,32,3,58,0,0,24,4,28,2,21,56,7,86,30,4,34,120
12/08/2012,RST,MN,AGL,CE,Combined TRACON& Tower with Radar,1,24,21,0,46,0,2,60,2,64,1,26,81,2,110,32,0,32,142
12/09/2012,RST,MN,AGL,CE,Combined TRACON& Tower with Radar,2,14,16,0,32,0,0,0,0,0,2,14,16,0,32,0,0,0,32
12/10/2012,RST,MN,AGL,CE,Combined TRACON& Tower with Radar,3,29,35,0,67,0,0,7,0,7,3,29,42,0,74,0,0,0,74
12/11/2012,RST,MN,AGL,CE,Combined TRACON& Tower with Radar,5,27,30,12,74,0,1,8,0,9,5,28,38,12,83,0,40,40,123
12/12/2012,RST,MN,AGL,CE,Combined TRACON& Tower with Radar,4,31,24,17,76,0,1,4,5,10,4,32,28,22,86,0,60,60,146
12/13/2012,RST,MN,AGL,CE,Combined TRACON& Tower with Radar,6,30,29,11,76,0,4,30,3,37,6,34,59,14,113,104,42,146,259
12/14/2012,RST,MN,AGL,CE,Combined TRACON& Tower with Radar,2,23,16,4,45,0,0,25,0,25,2,23,41,4,70,76,14,90,160
12/15/2012,RST,MN,AGL,CE,Combined TRACON& Tower with Radar,1,16,14,0,31,0,0,0,0,0,1,16,14,0,31,0,0,0,31
12/16/2012,RST,MN,AGL,CE,Combined TRACON& Tower with Radar,2,27,20,0,49,0,0,0,0,0,2,27,20,0,49,0,0,0,49
12/17/2012,RST,MN,AGL,CE,Combined TRACON& Tower with Radar,1,21,36,0,58,0,0,0,0,0,1,21,36,0,58,0,0,0,58
12/18/2012,RST,MN,AGL,CE,Combined TRACON& Tower with Radar,4,35,22,0,61,0,0,0,0,0,4,35,22,0,61,0,0,0,61
12/19/2012,RST,MN,AGL,CE,Combined TRACON& Tower with Radar,4,33,32,2,71,0,0,0,0,0,4,33,32,2,71,0,0,0,71
12/20/2012,RST,MN,AGL,CE,Combined TRACON& Tower with Radar,2,13,6,0,21,0,0,0,0,0,2,13,6,0,21,0,0,0,21
12/21/2012,RST,MN,AGL,CE,Combined TRACON& Tower with Radar,2,30,28,0,60,0,1,17,0,18,2,31,45,0,78,62,0,62,140
12/22/2012,RST,MN,AGL,CE,Combined TRACON& Tower with Radar,1,21,10,0,32,0,0,36,0,36,1,21,46,0,68,34,0,34,102
12/23/2012,RST,MN,AGL,CE,Combined TRACON& Tower with Radar,2,16,7,0,25,0,0,6,0,6,2,16,13,0,31,12,0,12,43
12/24/2012,RST,MN,AGL,CE,Combined TRACON& Tower with Radar,1,15,12,0,28,0,0,8,0,8,1,15,20,0,36,12,0,12,48
12/25/2012,RST,MN,AGL,CE,Combined TRACON& Tower with Radar,0,13,4,0,17,0,0,7,0,7,0,13,11,0,24,0,0,0,24
12/26/2012,RST,MN,AGL,CE,Combined TRACON& Tower with Radar,2,24,12,2,40,0,0,16,0,16,2,24,28,2,56,4,0,4,60
12/27/2012,RST,MN,AGL,CE,Combined TRACON& Tower with Radar,4,29,16,0,49,0,1,13,2,16,4,30,29,2,65,56,0,56,121
12/28/2012,RST,MN,AGL,CE,Combined TRACON& Tower with Radar,2,27,3,2,34,0,0,0,0,0,2,27,3,2,34,0,0,0,34
12/29/2012,RST,MN,AGL,CE,Combined TRACON& Tower with Radar,1,17,24,0,42,0,1,11,2,14,1,18,35,2,56,38,0,38,94
12/30/2012,RST,MN,AGL,CE,Combined TRACON& Tower with Radar,2,20,6,0,28,0,3,26,2,31,2,23,32,2,59,20,0,20,79
12/31/2012,RST,MN,AGL,CE,Combined TRACON& Tower with Radar,3,16,22,0,41,0,0,29,0,29,3,16,51,0,70,28,0,28,98
01/01/2013,RST,MN,AGL,CE,Combined TRACON& Tower with Radar,0,18,6,0,24,0,6,5,2,13,0,24,11,2,37,2,0,2,39
01/02/2013,RST,MN,AGL,CE,Combined TRACON& Tower with Radar,2,18,9,20,49,0,0,8,0,8,2,18,17,20,57,20,16,36,93
01/03/2013,RST,MN,AGL,CE,Combined TRACON& Tower with Radar,4,30,10,40,84,0,0,11,0,11,4,30,21,40,95,0,100,100,195
01/04/2013,RST,MN,AGL,CE,Combined TRACON& Tower with Radar,2,34,13,7,56,0,4,21,0,25,2,38,34,7,81,10,32,42,123
01/05/2013,RST,MN,AGL,CE,Combined TRACON& Tower with Radar,1,26,20,2,49,0,0,27,0,27,1,26,47,2,76,40,0,40,116
01/06/2013,RST,MN,AGL,CE,Combined TRACON& Tower with Radar,2,26,9,0,37,0,0,37,0,37,2,26,46,0,74,40,0,40,114
01/07/2013,RST,MN,AGL,CE,Combined TRACON& Tower with Radar,3,26,25,18,72,0,1,24,0,25,3,27,49,18,97,0,58,58,155
01/08/2013,RST,MN,AGL,CE,Combined TRACON& Tower with Radar,4,37,31,0,72,0,2,13,2,17,4,39,44,2,89,34,0,34,123
01/09/2013,RST,MN,AGL,CE,Combined TRACON& Tower with Radar,2,24,36,5,67,0,3,21,0,24,2,27,57,5,91,68,0,68,159
01/10/2013,RST,MN,AGL,CE,Combined TRACON& Tower with Radar,4,30,20,1,55,0,0,13,0,13,4,30,33,1,68,22,0,22,90
01/11/2013,RST,MN,AGL,CE,Combined TRACON& Tower with Radar,2,9,7,0,18,0,0,1,0,1,2,9,8,0,19,0,0,0,19
01/12/2013,RST,MN,AGL,CE,Combined TRACON& Tower with Radar,1,21,8,2,32,0,5,5,2,12,1,26,13,4,44,20,0,20,64
01/13/2013,RST,MN,AGL,CE,Combined TRACON& Tower with Radar,2,22,24,0,48,0,2,17,2,21,2,24,41,2,69,36,0,36,105
01/14/2013,RST,MN,AGL,CE,Combined TRACON& Tower with Radar,0,25,23,28,76,0,3,33,0,36,0,28,56,28,112,48,46,94,206
01/15/2013,RST,MN,AGL,CE,Combined TRACON& Tower with Radar,4,18,24,0,46,0,2,18,0,20,4,20,42,0,66,92,0,92,158
01/16/2013,RST,MN,AGL,CE,Combined TRACON& Tower with Radar,2,30,32,10,74,0,0,3,7,10,2,30,35,17,84,14,6,20,104
01/17/2013,RST,MN,AGL,CE,Combined TRACON& Tower with Radar,4,24,27,0,55,0,0,19,0,19,4,24,46,0,74,54,0,54,128
01/18/2013,RST,MN,AGL,CE,Combined TRACON& Tower with Radar,1,30,17,0,48,0,0,11,0,11,1,30,28,0,59,46,0,46,105
01/19/2013,RST,MN,AGL,CE,Combined TRACON& Tower with Radar,1,20,14,0,35,0,5,18,2,25,1,25,32,2,60,6,0,6,66
01/20/2013,RST,MN,AGL,CE,Combined TRACON& Tower with Radar,2,24,15,0,41,0,0,6,0,6,2,24,21,0,47,8,0,8,55
01/21/2013,RST,MN,AGL,CE,Combined TRACON& Tower with Radar,1,24,18,0,43,0,2,1,2,5,1,26,19,2,48,8,0,8,56
01/22/2013,RST,MN,AGL,CE,Combined TRACON& Tower with Radar,2,30,25,0,57,0,2,14,2,18,2,32,39,2,75,45,0,45,120
01/23/2013,RST,MN,AGL,CE,Combined TRACON& Tower with Radar,2,30,55,0,87,0,4,2,0,6,2,34,57,0,93,4,0,4,97
01/24/2013,RST,MN,AGL,CE,Combined TRACON& Tower with Radar,4,39,21,0,64,0,2,15,0,17,4,41,36,0,81,12,0,12,93
01/25/2013,RST,MN,AGL,CE,Combined TRACON& Tower with Radar,2,22,17,0,41,0,1,10,0,11,2,23,27,0,52,40,0,40,92
01/26/2013,RST,MN,AGL,CE,Combined TRACON& Tower with Radar,1,20,34,1,56,0,2,73,2,77,1,22,107,3,133,74,0,74,207
01/27/2013,RST,MN,AGL,CE,Combined TRACON& Tower with Radar,0,8,7,0,15,0,0,0,0,0,0,8,7,0,15,0,0,0,15
01/28/2013,RST,MN,AGL,CE,Combined TRACON& Tower with Radar,1,14,13,0,28,0,0,0,0,0,1,14,13,0,28,0,0,0,28
01/29/2013,RST,MN,AGL,CE,Combined TRACON& Tower with Radar,1,17,22,0,40,0,0,0,0,0,1,17,22,0,40,0,0,0,40
01/30/2013,RST,MN,AGL,CE,Combined TRACON& Tower with Radar,2,25,17,0,44,0,0,0,0,0,2,25,17,0,44,0,0,0,44
01/31/2013,RST,MN,AGL,CE,Combined TRACON& Tower with Radar,4,24,15,0,43,0,0,3,2,5,4,24,18,2,48,74,0,74,122
02/01/2013,RST,MN,AGL,CE,Combined TRACON& Tower with Radar,2,20,29,0,51,0,3,11,2,16,2,23,40,2,67,0,0,0,67
02/02/2013,RST,MN,AGL,CE,Combined TRACON& Tower with Radar,1,22,9,0,32,0,1,19,0,20,1,23,28,0,52,56,0,56,108
02/03/2013,RST,MN,AGL,CE,Combined TRACON& Tower with Radar,2,24,23,0,49,0,0,13,0,13,2,24,36,0,62,14,0,14,76
02/04/2013,RST,MN,AGL,CE,Combined TRACON& Tower with Radar,5,23,40,6,74,0,1,14,1,16,5,24,54,7,90,60,22,82,172
02/05/2013,RST,MN,AGL,CE,Combined TRACON& Tower with Radar,4,21,33,4,62,0,3,1,0,4,4,24,34,4,66,0,0,0,66
02/06/2013,RST,MN,AGL,CE,Combined TRACON& Tower with Radar,2,34,34,1,71,0,0,9,0,9,2,34,43,1,80,4,0,4,84
02/07/2013,RST,MN,AGL,CE,Combined TRACON& Tower with Radar,4,28,23,0,55,0,0,0,0,0,4,28,23,0,55,0,0,0,55
02/08/2013,RST,MN,AGL,CE,Combined TRACON& Tower with Radar,4,30,36,2,72,0,0,19,0,19,4,30,55,2,91,56,0,56,147
02/09/2013,RST,MN,AGL,CE,Combined TRACON& Tower with Radar,1,22,16,0,39,0,0,0,0,0,1,22,16,0,39,0,0,0,39
02/10/2013,RST,MN,AGL,CE,Combined TRACON& Tower with Radar,2,19,6,0,27,0,0,0,0,0,2,19,6,0,27,0,0,0,27
02/11/2013,RST,MN,AGL,CE,Combined TRACON& Tower with Radar,1,23,12,0,36,0,0,0,2,2,1,23,12,2,38,0,0,0,38
02/12/2013,RST,MN,AGL,CE,Combined TRACON& Tower with Radar,4,24,30,0,58,0,2,29,0,31,4,26,59,0,89,148,4,152,241
02/13/2013,RST,MN,AGL,CE,Combined TRACON& Tower with Radar,2,25,26,14,67,0,0,29,2,31,2,25,55,16,98,0,0,0,98
02/14/2013,RST,MN,AGL,CE,Combined TRACON& Tower with Radar,4,28,11,2,45,0,2,10,2,14,4,30,21,4,59,34,0,34,93
02/15/2013,RST,MN,AGL,CE,Combined TRACON& Tower with Radar,2,24,23,0,49,0,0,24,0,24,2,24,47,0,73,96,0,96,169
02/16/2013,RST,MN,AGL,CE,Combined TRACON& Tower with Radar,1,21,22,0,44,0,0,31,0,31,1,21,53,0,75,52,12,64,139
02/17/2013,RST,MN,AGL,CE,Combined TRACON& Tower with Radar,2,21,26,0,49,0,5,35,2,42,2,26,61,2,91,68,0,68,159
02/18/2013,RST,MN,AGL,CE,Combined TRACON& Tower with Radar,0,23,19,0,42,0,2,2,2,6,0,25,21,2,48,18,0,18,66
02/19/2013,RST,MN,AGL,CE,Combined TRACON& Tower with Radar,2,18,18,20,58,0,2,1,2,5,2,20,19,22,63,0,56,56,119
02/20/2013,RST,MN,AGL,CE,Combined TRACON& Tower with Radar,2,31,20,30,83,0,2,29,1,32,2,33,49,31,115,98,56,154,269
02/21/2013,RST,MN,AGL,CE,Combined TRACON& Tower with Radar,4,31,26,21,82,0,2,15,2,19,4,33,41,23,101,20,24,44,145
02/22/2013,RST,MN,AGL,CE,Combined TRACON& Tower with Radar,2,25,16,2,45,0,0,0,0,0,2,25,16,2,45,0,0,0,45
02/23/2013,RST,MN,AGL,CE,Combined TRACON& Tower with Radar,1,25,21,0,47,0,0,3,1,4,1,25,24,1,51,36,0,36,87
02/24/2013,RST,MN,AGL,CE,Combined TRACON& Tower with Radar,2,28,20,0,50,0,1,28,0,29,2,29,48,0,79,44,0,44,123
02/25/2013,RST,MN,AGL,CE,Combined TRACON& Tower with Radar,1,22,28,0,51,0,0,2,0,2,1,22,30,0,53,6,0,6,59
02/26/2013,RST,MN,AGL,CE,Combined TRACON& Tower with Radar,5,21,18,4,48,0,0,4,0,4,5,21,22,4,52,8,0,8,60
02/27/2013,RST,MN,AGL,CE,Combined TRACON& Tower with Radar,2,32,21,0,55,0,0,0,0,0,2,32,21,0,55,4,0,4,59
02/28/2013,RST,MN,AGL,CE,Combined TRACON& Tower with Radar,4,29,29,1,63,0,2,3,3,8,4,31,32,4,71,12,0,12,83
03/01/2013,RST,MN,AGL,CE,Combined TRACON& Tower with Radar,2,22,27,12,63,0,1,13,1,15,2,23,40,13,78,42,6,48,126
03/02/2013,RST,MN,AGL,CE,Combined TRACON& Tower with Radar,1,23,25,0,49,0,0,44,2,46,1,23,69,2,95,110,0,110,205
03/03/2013,RST,MN,AGL,CE,Combined TRACON& Tower with Radar,2,23,30,0,55,0,0,20,0,20,2,23,50,0,75,54,0,54,129
03/04/2013,RST,MN,AGL,CE,Combined TRACON& Tower with Radar,1,23,18,0,42,0,0,0,0,0,1,23,18,0,42,0,0,0,42
03/05/2013,RST,MN,AGL,CE,Combined TRACON& Tower with Radar,4,24,18,0,46,0,2,0,2,4,4,26,18,2,50,0,0,0,50
03/06/2013,RST,MN,AGL,CE,Combined TRACON& Tower with Radar,2,32,32,0,66,0,0,26,2,28,2,32,58,2,94,88,0,88,182
03/07/2013,RST,MN,AGL,CE,Combined TRACON& Tower with Radar,6,34,31,3,74,0,2,25,0,27,6,36,56,3,101,16,0,16,117
03/08/2013,RST,MN,AGL,CE,Combined TRACON& Tower with Radar,4,25,26,0,55,0,3,29,1,33,4,28,55,1,88,60,0,60,148
03/09/2013,RST,MN,AGL,CE,Combined TRACON& Tower with Radar,1,19,6,0,26,0,0,0,0,0,1,19,6,0,26,0,0,0,26
03/10/2013,RST,MN,AGL,CE,Combined TRACON& Tower with Radar,4,20,16,0,40,0,0,0,0,0,4,20,16,0,40,0,0,0,40
03/11/2013,RST,MN,AGL,CE,Combined TRACON& Tower with Radar,1,27,21,0,49,0,0,6,2,8,1,27,27,2,57,0,0,0,57
03/12/2013,RST,MN,AGL,CE,Combined TRACON& Tower with Radar,4,26,23,0,53,0,0,20,2,22,4,26,43,2,75,0,6,6,81
03/13/2013,RST,MN,AGL,CE,Combined TRACON& Tower with Radar,2,31,19,0,52,0,0,22,0,22,2,31,41,0,74,74,0,74,148
03/14/2013,RST,MN,AGL,CE,Combined TRACON& Tower with Radar,4,35,34,0,73,0,0,14,0,14,4,35,48,0,87,38,0,38,125
03/15/2013,RST,MN,AGL,CE,Combined TRACON& Tower with Radar,2,24,23,0,49,0,0,0,0,0,2,24,23,0,49,0,0,0,49
03/16/2013,RST,MN,AGL,CE,Combined TRACON& Tower with Radar,1,22,16,0,39,0,0,25,0,25,1,22,41,0,64,26,0,26,90
03/17/2013,RST,MN,AGL,CE,Combined TRACON& Tower with Radar,2,30,22,0,54,0,0,21,0,21,2,30,43,0,75,6,0,6,81
03/18/2013,RST,MN,AGL,CE,Combined TRACON& Tower with Radar,1,23,8,0,32,0,0,0,0,0,1,23,8,0,32,0,0,0,32
03/19/2013,RST,MN,AGL,CE,Combined TRACON& Tower with Radar,2,32,29,5,68,0,1,3,2,6,2,33,32,7,74,0,0,0,74
03/20/2013,RST,MN,AGL,CE,Combined TRACON& Tower with Radar,2,37,26,3,68,0,1,11,0,12,2,38,37,3,80,10,0,10,90
03/21/2013,RST,MN,AGL,CE,Combined TRACON& Tower with Radar,4,28,16,9,57,0,0,21,0,21,4,28,37,9,78,46,0,46,124
03/22/2013,RST,MN,AGL,CE,Combined TRACON& Tower with Radar,2,28,25,0,55,0,0,18,0,18,2,28,43,0,73,62,0,62,135
03/23/2013,RST,MN,AGL,CE,Combined TRACON& Tower with Radar,1,24,25,0,50,0,10,33,0,43,1,34,58,0,93,76,0,76,169
03/24/2013,RST,MN,AGL,CE,Combined TRACON& Tower with Radar,2,23,4,2,31,0,0,2,0,2,2,23,6,2,33,0,0,0,33
03/25/2013,RST,MN,AGL,CE,Combined TRACON& Tower with Radar,3,20,25,2,50,0,0,24,2,26,3,20,49,4,76,73,0,73,149
03/26/2013,RST,MN,AGL,CE,Combined TRACON& Tower with Radar,2,24,40,0,66,0,1,14,0,15,2,25,54,0,81,32,0,32,113
03/27/2013,RST,MN,AGL,CE,Combined TRACON& Tower with Radar,2,30,17,6,55,0,0,26,0,26,2,30,43,6,81,74,0,74,155
03/28/2013,RST,MN,AGL,CE,Combined TRACON& Tower with Radar,4,31,24,2,61,0,0,29,0,29,4,31,53,2,90,30,0,30,120
03/29/2013,RST,MN,AGL,CE,Combined TRACON& Tower with Radar,2,23,14,0,39,0,0,24,0,24,2,23,38,0,63,0,0,0,63
03/30/2013,RST,MN,AGL,CE,Combined TRACON& Tower with Radar,1,21,22,0,44,0,0,3,0,3,1,21,25,0,47,10,0,10,57
03/31/2013,RST,MN,AGL,CE,Combined TRACON& Tower with Radar,2,23,17,1,43,0,3,3,2,8,2,26,20,3,51,10,0,10,61
04/01/2013,RST,MN,AGL,CE,Combined TRACON& Tower with Radar,1,24,17,0,42,0,2,16,2,20,1,26,33,2,62,8,0,8,70
04/02/2013,RST,MN,AGL,CE,Combined TRACON& Tower with Radar,2,29,25,9,65,0,0,23,4,27,2,29,48,13,92,36,18,54,146
04/03/2013,RST,MN,AGL,CE,Combined TRACON& Tower with Radar,2,33,28,2,65,0,4,27,4,35,2,37,55,6,100,28,0,28,128
04/04/2013,RST,MN,AGL,CE,Combined TRACON& Tower with Radar,6,30,21,26,83,0,2,31,1,34,6,32,52,27,117,96,58,154,271
04/05/2013,RST,MN,AGL,CE,Combined TRACON& Tower with Radar,2,33,20,2,57,0,0,19,0,19,2,33,39,2,76,14,0,14,90
04/06/2013,RST,MN,AGL,CE,Combined TRACON& Tower with Radar,1,25,28,0,54,0,0,10,0,10,1,25,38,0,64,42,0,42,106
04/07/2013,RST,MN,AGL,CE,Combined TRACON& Tower with Radar,4,38,45,0,87,0,1,12,2,15,4,39,57,2,102,46,0,46,148
04/08/2013,RST,MN,AGL,CE,Combined TRACON& Tower with Radar,3,30,31,0,64,0,0,2,0,2,3,30,33,0,66,16,0,16,82
04/09/2013,RST,MN,AGL,CE,Combined TRACON& Tower with Radar,4,25,16,2,47,0,0,0,0,0,4,25,16,2,47,0,0,0,47
04/10/2013,RST,MN,AGL,CE,Combined TRACON& Tower with Radar,2,16,6,0,24,0,0,0,0,0,2,16,6,0,24,0,0,0,24
04/11/2013,RST,MN,AGL,CE,Combined TRACON& Tower with Radar,4,21,15,0,40,0,0,0,0,0,4,21,15,0,40,0,0,0,40
04/12/2013,RST,MN,AGL,CE,Combined TRACON& Tower with Radar,2,33,18,3,56,0,0,2,0,2,2,33,20,3,58,6,0,6,64
04/13/2013,RST,MN,AGL,CE,Combined TRACON& Tower with Radar,3,14,24,0,41,0,0,13,0,13,3,14,37,0,54,10,0,10,64
04/14/2013,RST,MN,AGL,CE,Combined TRACON& Tower with Radar,2,25,8,0,35,0,0,0,0,0,2,25,8,0,35,0,0,0,35
04/15/2013,RST,MN,AGL,CE,Combined TRACON& Tower with Radar,1,27,18,0,46,0,0,5,0,5,1,27,23,0,51,12,0,12,63
04/16/2013,RST,MN,AGL,CE,Combined TRACON& Tower with Radar,2,35,30,38,105,0,0,35,0,35,2,35,65,38,140,124,92,216,356
04/17/2013,RST,MN,AGL,CE,Combined TRACON& Tower with Radar,4,21,33,32,90,0,2,14,2,18,4,23,47,34,108,6,0,6,114
04/18/2013,RST,MN,AGL,CE,Combined TRACON& Tower with Radar,2,26,17,0,45,0,0,0,0,0,2,26,17,0,45,0,0,0,45
04/19/2013,RST,MN,AGL,CE,Combined TRACON& Tower with Radar,2,35,13,0,50,0,0,0,0,0,2,35,13,0,50,0,0,0,50
04/20/2013,RST,MN,AGL,CE,Combined TRACON& Tower with Radar,1,18,29,0,48,0,0,65,0,65,1,18,94,0,113,52,0,52,165
04/21/2013,RST,MN,AGL,CE,Combined TRACON& Tower with Radar,0,33,19,0,52,0,0,1,0,1,0,33,20,0,53,0,0,0,53
04/22/2013,RST,MN,AGL,CE,Combined TRACON& Tower with Radar,3,28,23,0,54,0,0,0,0,0,3,28,23,0,54,0,0,0,54
04/23/2013,RST,MN,AGL,CE,Combined TRACON& Tower with Radar,2,39,26,4,71,0,0,13,0,13,2,39,39,4,84,76,0,76,160
04/24/2013,RST,MN,AGL,CE,Combined TRACON& Tower with Radar,2,25,34,2,63,0,0,21,0,21,2,25,55,2,84,50,0,50,134
04/25/2013,RST,MN,AGL,CE,Combined TRACON& Tower with Radar,2,37,38,0,77,0,1,20,0,21,2,38,58,0,98,70,0,70,168
04/26/2013,RST,MN,AGL,CE,Combined TRACON& Tower with Radar,2,36,34,0,72,0,1,23,0,24,2,37,57,0,96,50,0,50,146
04/27/2013,RST,MN,AGL,CE,Combined TRACON& Tower with Radar,1,28,17,0,46,0,16,22,0,38,1,44,39,0,84,68,0,68,152
04/28/2013,RST,MN,AGL,CE,Combined TRACON& Tower with Radar,0,31,41,0,72,0,0,28,0,28,0,31,69,0,100,34,0,34,134
04/29/2013,RST,MN,AGL,CE,Combined TRACON& Tower with Radar,1,36,28,0,65,0,2,25,2,29,1,38,53,2,94,108,0,108,202
04/30/2013,RST,MN,AGL,CE,Combined TRACON& Tower with Radar,2,38,38,2,80,0,2,18,0,20,2,40,56,2,100,0,0,0,100
05/01/2013,RST,MN,AGL,CE,Combined TRACON& Tower with Radar,2,36,30,0,68,0,0,0,0,0,2,36,30,0,68,0,0,0,68
05/02/2013,RST,MN,AGL,CE,Combined TRACON& Tower with Radar,0,19,11,0,30,0,0,1,0,1,0,19,12,0,31,0,0,0,31
05/03/2013,RST,MN,AGL,CE,Combined TRACON& Tower with Radar,2,29,24,0,55,0,0,0,0,0,2,29,24,0,55,0,0,0,55
05/04/2013,RST,MN,AGL,CE,Combined TRACON& Tower with Radar,1,21,14,0,36,0,0,6,0,6,1,21,20,0,42,0,0,0,42
05/05/2013,RST,MN,AGL,CE,Combined TRACON& Tower with Radar,0,23,25,0,48,0,2,23,0,25,0,25,48,0,73,20,0,20,93
05/06/2013,RST,MN,AGL,CE,Combined TRACON& Tower with Radar,1,31,30,0,62,0,2,32,2,36,1,33,62,2,98,68,0,68,166
05/07/2013,RST,MN,AGL,CE,Combined TRACON& Tower with Radar,4,27,26,6,63,0,1,32,0,33,4,28,58,6,96,54,12,66,162
05/08/2013,RST,MN,AGL,CE,Combined TRACON& Tower with Radar,2,31,50,2,85,0,0,18,0,18,2,31,68,2,103,30,0,30,133
05/09/2013,RST,MN,AGL,CE,Combined TRACON& Tower with Radar,2,32,30,0,64,0,0,1,0,1,2,32,31,0,65,0,0,0,65
05/10/2013,RST,MN,AGL,CE,Combined TRACON& Tower with Radar,2,30,38,0,70,0,1,37,3,41,2,31,75,3,111,74,0,74,185
05/11/2013,RST,MN,AGL,CE,Combined TRACON& Tower with Radar,1,23,13,0,37,0,2,16,0,18,1,25,29,0,55,0,0,0,55
05/12/2013,RST,MN,AGL,CE,Combined TRACON& Tower with Radar,0,26,30,0,56,0,0,18,0,18,0,26,48,0,74,14,0,14,88
05/13/2013,RST,MN,AGL,CE,Combined TRACON& Tower with Radar,1,31,29,17,78,0,0,26,6,32,1,31,55,23,110,14,58,72,182
05/14/2013,RST,MN,AGL,CE,Combined TRACON& Tower with Radar,2,37,29,24,92,0,2,12,4,18,2,39,41,28,110,10,57,67,177
05/15/2013,RST,MN,AGL,CE,Combined TRACON& Tower with Radar,2,34,29,26,91,0,3,29,2,34,2,37,58,28,125,24,72,96,221
05/16/2013,RST,MN,AGL,CE,Combined TRACON& Tower with Radar,2,36,21,0,59,0,3,32,4,39,2,39,53,4,98,52,0,52,150
05/17/2013,RST,MN,AGL,CE,Combined TRACON& Tower with Radar,2,26,22,0,50,0,0,3,0,3,2,26,25,0,53,0,0,0,53
05/18/2013,RST,MN,AGL,CE,Combined TRACON& Tower with Radar,1,19,13,19,52,0,2,45,6,53,1,21,58,25,105,122,0,122,227
05/19/2013,RST,MN,AGL,CE,Combined TRACON& Tower with Radar,0,29,20,0,49,0,1,8,0,9,0,30,28,0,58,10,0,10,68
05/20/2013,RST,MN,AGL,CE,Combined TRACON& Tower with Radar,3,24,17,0,44,0,0,7,0,7,3,24,24,0,51,0,0,0,51
05/21/2013,RST,MN,AGL,CE,Combined TRACON& Tower with Radar,2,29,42,32,105,0,0,6,0,6,2,29,48,32,111,10,142,152,263
05/22/2013,RST,MN,AGL,CE,Combined TRACON& Tower with Radar,4,28,36,0,68,0,0,0,0,0,4,28,36,0,68,0,0,0,68
05/23/2013,RST,MN,AGL,CE,Combined TRACON& Tower with Radar,2,28,33,14,77,0,13,26,4,43,2,41,59,18,120,56,78,134,254
05/24/2013,RST,MN,AGL,CE,Combined TRACON& Tower with Radar,2,32,39,0,73,0,0,60,0,60,2,32,99,0,133,86,0,86,219
05/25/2013,RST,MN,AGL,CE,Combined TRACON& Tower with Radar,1,22,15,0,38,0,4,16,3,23,1,26,31,3,61,6,0,6,67
05/26/2013,RST,MN,AGL,CE,Combined TRACON& Tower with Radar,0,17,16,0,33,0,2,6,0,8,0,19,22,0,41,14,0,14,55
05/27/2013,RST,MN,AGL,CE,Combined TRACON& Tower with Radar,0,30,40,0,70,0,0,0,0,0,0,30,40,0,70,0,0,0,70
05/28/2013,RST,MN,AGL,CE,Combined TRACON& Tower with Radar,1,23,37,0,61,0,0,0,0,0,1,23,37,0,61,0,0,0,61
05/29/2013,RST,MN,AGL,CE,Combined TRACON& Tower with Radar,2,29,21,12,64,0,0,5,0,5,2,29,26,12,69,20,16,36,105
05/30/2013,RST,MN,AGL,CE,Combined TRACON& Tower with Radar,2,27,26,6,61,0,1,11,0,12,2,28,37,6,73,64,0,64,137
05/31/2013,RST,MN,AGL,CE,Combined TRACON& Tower with Radar,2,26,26,0,54,0,0,14,0,14,2,26,40,0,68,10,0,10,78
06/01/2013,RST,MN,AGL,CE,Combined TRACON& Tower with Radar,1,22,13,0,36,0,1,27,0,28,1,23,40,0,64,12,0,12,76
06/02/2013,RST,MN,AGL,CE,Combined TRACON& Tower with Radar,0,22,30,0,52,0,0,44,0,44,0,22,74,0,96,12,0,12,108
06/03/2013,RST,MN,AGL,CE,Combined TRACON& Tower with Radar,3,31,24,0,58,0,0,27,0,27,3,31,51,0,85,76,0,76,161
06/04/2013,RST,MN,AGL,CE,Combined TRACON& Tower with Radar,2,32,24,0,58,0,0,16,0,16,2,32,40,0,74,36,0,36,110
06/05/2013,RST,MN,AGL,CE,Combined TRACON& Tower with Radar,2,35,31,0,68,0,0,2,0,2,2,35,33,0,70,0,0,0,70
06/06/2013,RST,MN,AGL,CE,Combined TRACON& Tower with Radar,2,31,43,0,76,0,0,9,0,9,2,31,52,0,85,24,0,24,109
06/07/2013,RST,MN,AGL,CE,Combined TRACON& Tower with Radar,4,36,40,0,80,0,0,22,0,22,4,36,62,0,102,6,0,6,108
06/08/2013,RST,MN,AGL,CE,Combined TRACON& Tower with Radar,1,23,16,0,40,0,2,59,2,63,1,25,75,2,103,34,0,34,137
06/09/2013,RST,MN,AGL,CE,Combined TRACON& Tower with Radar,0,31,33,0,64,0,1,12,1,14,0,32,45,1,78,16,0,16,94
06/10/2013,RST,MN,AGL,CE,Combined TRACON& Tower with Radar,3,31,32,3,69,0,0,17,0,17,3,31,49,3,86,62,0,62,148
06/11/2013,RST,MN,AGL,CE,Combined TRACON& Tower with Radar,2,35,41,10,88,0,1,42,0,43,2,36,83,10,131,54,24,78,209
06/12/2013,RST,MN,AGL,CE,Combined TRACON& Tower with Radar,2,21,25,0,48,0,0,8,0,8,2,21,33,0,56,0,0,0,56
06/13/2013,RST,MN,AGL,CE,Combined TRACON& Tower with Radar,2,34,35,0,71,0,5,36,3,44,2,39,71,3,115,20,0,20,135
06/14/2013,RST,MN,AGL,CE,Combined TRACON& Tower with Radar,6,28,29,0,63,0,1,29,0,30,6,29,58,0,93,32,0,32,125
06/15/2013,RST,MN,AGL,CE,Combined TRACON& Tower with Radar,1,21,18,0,40,0,2,15,0,17,1,23,33,0,57,60,0,60,117
06/16/2013,RST,MN,AGL,CE,Combined TRACON& Tower with Radar,0,34,28,0,62,0,8,54,2,64,0,42,82,2,126,12,0,12,138
06/17/2013,RST,MN,AGL,CE,Combined TRACON& Tower with Radar,5,40,25,0,70,0,0,27,0,27,5,40,52,0,97,22,0,22,119
06/18/2013,RST,MN,AGL,CE,Combined TRACON& Tower with Radar,3,39,36,14,92,0,1,29,2,32,3,40,65,16,124,54,60,114,238
06/19/2013,RST,MN,AGL,CE,Combined TRACON& Tower with Radar,3,46,64,2,115,0,1,60,9,70,3,47,124,11,185,46,54,100,285
06/20/2013,RST,MN,AGL,CE,Combined TRACON& Tower with Radar,2,38,31,24,95,0,0,17,0,17,2,38,48,24,112,14,86,100,212
06/21/2013,RST,MN,AGL,CE,Combined TRACON& Tower with Radar,9,36,26,10,81,0,0,14,4,18,9,36,40,14,99,28,32,60,159
06/22/2013,RST,MN,AGL,CE,Combined TRACON& Tower with Radar,1,23,15,0,39,0,0,9,0,9,1,23,24,0,48,0,0,0,48
06/23/2013,RST,MN,AGL,CE,Combined TRACON& Tower with Radar,0,35,20,0,55,0,2,9,4,15,0,37,29,4,70,30,0,30,100
06/24/2013,RST,MN,AGL,CE,Combined TRACON& Tower with Radar,3,27,43,0,73,0,0,6,0,6,3,27,49,0,79,0,0,0,79
06/25/2013,RST,MN,AGL,CE,Combined TRACON& Tower with Radar,2,35,25,0,62,0,1,16,0,17,2,36,41,0,79,40,0,40,119
06/26/2013,RST,MN,AGL,CE,Combined TRACON& Tower with Radar,2,24,28,2,56,0,0,15,0,15,2,24,43,2,71,16,0,16,87
06/27/2013,RST,MN,AGL,CE,Combined TRACON& Tower with Radar,3,32,30,24,89,0,5,36,4,45,3,37,66,28,134,74,54,128,262
06/28/2013,RST,MN,AGL,CE,Combined TRACON& Tower with Radar,5,34,32,0,71,0,0,18,0,18,5,34,50,0,89,14,0,14,103
06/29/2013,RST,MN,AGL,CE,Combined TRACON& Tower with Radar,1,32,15,0,48,0,0,3,0,3,1,32,18,0,51,0,0,0,51
06/30/2013,RST,MN,AGL,CE,Combined TRACON& Tower with Radar,0,26,24,0,50,0,0,38,0,38,0,26,62,0,88,24,0,24,112
07/01/2013,RST,MN,AGL,CE,Combined TRACON& Tower with Radar,3,32,35,0,70,0,3,36,3,42,3,35,71,3,112,74,0,74,186
07/02/2013,RST,MN,AGL,CE,Combined TRACON& Tower with Radar,2,27,26,2,57,0,2,41,1,44,2,29,67,3,101,60,0,60,161
07/03/2013,RST,MN,AGL,CE,Combined TRACON& Tower with Radar,2,24,22,4,52,0,0,46,0,46,2,24,68,4,98,48,4,52,150
07/04/2013,RST,MN,AGL,CE,Combined TRACON& Tower with Radar,0,12,8,0,20,0,0,21,0,21,0,12,29,0,41,16,0,16,57
07/05/2013,RST,MN,AGL,CE,Combined TRACON& Tower with Radar,4,22,11,0,37,0,1,5,2,8,4,23,16,2,45,6,0,6,51
07/06/2013,RST,MN,AGL,CE,Combined TRACON& Tower with Radar,1,18,21,0,40,0,0,26,0,26,1,18,47,0,66,6,0,6,72
07/07/2013,RST,MN,AGL,CE,Combined TRACON& Tower with Radar,0,30,20,0,50,0,3,36,4,43,0,33,56,4,93,36,0,36,129
07/08/2013,RST,MN,AGL,CE,Combined TRACON& Tower with Radar,3,28,43,0,74,0,2,25,2,29,3,30,68,2,103,24,0,24,127
07/09/2013,RST,MN,AGL,CE,Combined TRACON& Tower with Radar,2,24,23,9,58,0,2,7,7,16,2,26,30,16,74,0,92,92,166
07/10/2013,RST,MN,AGL,CE,Combined TRACON& Tower with Radar,2,32,21,33,88,0,2,28,9,39,2,34,49,42,127,42,102,144,271
07/11/2013,RST,MN,AGL,CE,Combined TRACON& Tower with Radar,2,27,30,15,74,0,2,48,2,52,2,29,78,17,126,68,36,104,230
07/12/2013,RST,MN,AGL,CE,Combined TRACON& Tower with Radar,4,27,38,8,77,0,0,28,0,28,4,27,66,8,105,40,22,62,167
07/13/2013,RST,MN,AGL,CE,Combined TRACON& Tower with Radar,1,21,2,2,26,0,0,18,0,18,1,21,20,2,44,10,0,10,54
07/14/2013,RST,MN,AGL,CE,Combined TRACON& Tower with Radar,0,26,26,0,52,0,0,34,2,36,0,26,60,2,88,8,0,8,96
07/15/2013,RST,MN,AGL,CE,Combined TRACON& Tower with Radar,5,39,39,0,83,0,5,16,2,23,5,44,55,2,106,6,0,6,112
07/16/2013,RST,MN,AGL,CE,Combined TRACON& Tower with Radar,2,30,38,0,70,0,4,20,4,28,2,34,58,4,98,12,0,12,110
07/17/2013,RST,MN,AGL,CE,Combined TRACON& Tower with Radar,2,27,34,0,63,0,0,14,0,14,2,27,48,0,77,22,0,22,99
07/18/2013,RST,MN,AGL,CE,Combined TRACON& Tower with Radar,3,33,27,4,67,0,2,19,0,21,3,35,46,4,88,10,0,10,98
07/19/2013,RST,MN,AGL,CE,Combined TRACON& Tower with Radar,3,28,31,8,70,0,1,34,0,35,3,29,65,8,105,56,30,86,191
07/20/2013,RST,MN,AGL,CE,Combined TRACON& Tower with Radar,1,23,11,0,35,0,0,37,0,37,1,23,48,0,72,64,0,64,136
07/21/2013,RST,MN,AGL,CE,Combined TRACON& Tower with Radar,0,30,39,0,69,0,1,18,0,19,0,31,57,0,88,24,0,24,112
07/22/2013,RST,MN,AGL,CE,Combined TRACON& Tower with Radar,5,28,31,0,64,0,0,17,0,17,5,28,48,0,81,34,0,34,115
07/23/2013,RST,MN,AGL,CE,Combined TRACON& Tower with Radar,2,37,37,2,78,0,1,28,0,29,2,38,65,2,107,44,0,44,151
07/24/2013,RST,MN,AGL,CE,Combined TRACON& Tower with Radar,2,29,35,0,66,0,3,28,2,33,2,32,63,2,99,18,0,18,117
07/25/2013,RST,MN,AGL,CE,Combined TRACON& Tower with Radar,2,32,26,4,64,0,0,20,0,20,2,32,46,4,84,22,30,52,136
07/26/2013,RST,MN,AGL,CE,Combined TRACON& Tower with Radar,6,28,30,0,64,0,1,17,0,18,6,29,47,0,82,22,0,22,104
07/27/2013,RST,MN,AGL,CE,Combined TRACON& Tower with Radar,1,22,14,0,37,0,3,30,1,34,1,25,44,1,71,10,0,10,81
07/28/2013,RST,MN,AGL,CE,Combined TRACON& Tower with Radar,0,21,33,0,54,0,0,36,0,36,0,21,69,0,90,36,0,36,126
07/29/2013,RST,MN,AGL,CE,Combined TRACON& Tower with Radar,3,33,33,0,69,0,0,28,0,28,3,33,61,0,97,40,0,40,137
07/30/2013,RST,MN,AGL,CE,Combined TRACON& Tower with Radar,2,23,30,4,59,0,3,21,1,25,2,26,51,5,84,28,18,46,130
07/31/2013,RST,MN,AGL,CE,Combined TRACON& Tower with Radar,2,35,40,16,93,0,0,21,4,25,2,35,61,20,118,20,42,62,180
08/01/2013,RST,MN,AGL,CE,Combined TRACON& Tower with Radar,2,32,23,23,80,0,0,32,0,32,2,32,55,23,112,12,48,60,172
08/02/2013,RST,MN,AGL,CE,Combined TRACON& Tower with Radar,4,36,27,0,67,0,0,28,1,29,4,36,55,1,96,28,0,28,124
08/03/2013,RST,MN,AGL,CE,Combined TRACON& Tower with Radar,1,24,9,0,34,0,0,35,0,35,1,24,44,0,69,18,0,18,87
08/04/2013,RST,MN,AGL,CE,Combined TRACON& Tower with Radar,0,31,27,2,60,0,3,38,2,43,0,34,65,4,103,30,0,30,133
08/05/2013,RST,MN,AGL,CE,Combined TRACON& Tower with Radar,3,37,28,3,71,0,0,7,0,7,3,37,35,3,78,0,0,0,78
08/06/2013,RST,MN,AGL,CE,Combined TRACON& Tower with Radar,18,35,38,21,112,0,0,17,4,21,18,35,55,25,133,10,60,70,203
08/07/2013,RST,MN,AGL,CE,Combined TRACON& Tower with Radar,2,32,28,0,62,0,0,26,0,26,2,32,54,0,88,12,0,12,100
08/08/2013,RST,MN,AGL,CE,Combined TRACON& Tower with Radar,2,28,31,0,61,0,2,15,0,17,2,30,46,0,78,10,0,10,88
08/09/2013,RST,MN,AGL,CE,Combined TRACON& Tower with Radar,4,28,33,0,65,0,0,34,2,36,4,28,67,2,101,0,0,0,101
08/10/2013,RST,MN,AGL,CE,Combined TRACON& Tower with Radar,1,30,19,0,50,0,0,25,0,25,1,30,44,0,75,6,0,6,81
08/11/2013,RST,MN,AGL,CE,Combined TRACON& Tower with Radar,0,28,27,0,55,0,0,7,0,7,0,28,34,0,62,4,0,4,66
08/12/2013,RST,MN,AGL,CE,Combined TRACON& Tower with Radar,3,26,35,8,72,0,0,23,0,23,3,26,58,8,95,42,10,52,147
08/13/2013,RST,MN,AGL,CE,Combined TRACON& Tower with Radar,2,34,30,27,93,0,0,38,6,44,2,34,68,33,137,30,46,76,213
08/14/2013,RST,MN,AGL,CE,Combined TRACON& Tower with Radar,2,35,62,3,102,0,2,37,4,43,2,37,99,7,145,82,10,92,237
08/15/2013,RST,MN,AGL,CE,Combined TRACON& Tower with Radar,2,25,23,14,64,0,1,48,0,49,2,26,71,14,113,38,56,94,207
08/16/2013,RST,MN,AGL,CE,Combined TRACON& Tower with Radar,2,22,18,10,52,0,0,32,0,32,2,22,50,10,84,20,36,56,140
08/17/2013,RST,MN,AGL,CE,Combined TRACON& Tower with Radar,1,20,22,0,43,0,3,31,2,36,1,23,53,2,79,16,0,16,95
08/18/2013,RST,MN,AGL,CE,Combined TRACON& Tower with Radar,0,29,17,2,48,0,1,43,0,44,0,30,60,2,92,16,0,16,108
08/19/2013,RST,MN,AGL,CE,Combined TRACON& Tower with Radar,1,31,33,18,83,0,22,28,2,52,1,53,61,20,135,36,38,74,209
08/20/2013,RST,MN,AGL,CE,Combined TRACON& Tower with Radar,3,33,36,1,73,0,21,21,2,44,3,54,57,3,117,10,0,10,127
08/21/2013,RST,MN,AGL,CE,Combined TRACON& Tower with Radar,3,26,24,2,55,0,0,20,0,20,3,26,44,2,75,12,0,12,87
08/22/2013,RST,MN,AGL,CE,Combined TRACON& Tower with Radar,2,22,29,3,56,0,7,16,1,24,2,29,45,4,80,24,0,24,104
08/23/2013,RST,MN,AGL,CE,Combined TRACON& Tower with Radar,2,33,43,0,78,0,7,24,0,31,2,40,67,0,109,84,0,84,193
08/24/2013,RST,MN,AGL,CE,Combined TRACON& Tower with Radar,1,25,13,0,39,0,21,37,0,58,1,46,50,0,97,34,0,34,131
08/25/2013,RST,MN,AGL,CE,Combined TRACON& Tower with Radar,0,30,20,0,50,0,12,23,2,37,0,42,43,2,87,14,0,14,101
08/26/2013,RST,MN,AGL,CE,Combined TRACON& Tower with Radar,1,32,28,0,61,0,4,18,0,22,1,36,46,0,83,2,0,2,85
08/27/2013,RST,MN,AGL,CE,Combined TRACON& Tower with Radar,2,36,31,5,74,0,24,24,3,51,2,60,55,8,125,46,6,52,177
08/28/2013,RST,MN,AGL,CE,Combined TRACON& Tower with Radar,2,38,31,0,71,0,6,14,2,22,2,44,45,2,93,14,0,14,107
08/29/2013,RST,MN,AGL,CE,Combined TRACON& Tower with Radar,2,27,25,4,58,0,35,25,2,62,2,62,50,6,120,6,56,62,182
08/30/2013,RST,MN,AGL,CE,Combined TRACON& Tower with Radar,2,28,30,1,61,0,24,36,1,61,2,52,66,2,122,54,0,54,176
08/31/2013,RST,MN,AGL,CE,Combined TRACON& Tower with Radar,1,20,16,0,37,0,6,17,0,23,1,26,33,0,60,16,0,16,76
09/01/2013,RST,MN,AGL,CE,Combined TRACON& Tower with Radar,0,15,19,0,34,0,10,15,0,25,0,25,34,0,59,28,0,28,87
09/02/2013,RST,MN,AGL,CE,Combined TRACON& Tower with Radar,0,22,24,0,46,0,21,50,1,72,0,43,74,1,118,40,0,40,158
09/03/2013,RST,MN,AGL,CE,Combined TRACON& Tower with Radar,1,33,28,2,64,0,10,25,2,37,1,43,53,4,101,34,0,34,135
09/04/2013,RST,MN,AGL,CE,Combined TRACON& Tower with Radar,2,22,19,5,48,0,5,23,5,33,2,27,42,10,81,16,14,30,111
09/05/2013,RST,MN,AGL,CE,Combined TRACON& Tower with Radar,2,35,20,21,78,0,11,25,1,37,2,46,45,22,115,10,74,84,199
09/06/2013,RST,MN,AGL,CE,Combined TRACON& Tower with Radar,2,30,16,20,68,0,0,16,1,17,2,30,32,21,85,4,56,60,145
09/07/2013,RST,MN,AGL,CE,Combined TRACON& Tower with Radar,3,19,8,0,30,0,0,30,0,30,3,19,38,0,60,32,0,32,92
09/08/2013,RST,MN,AGL,CE,Combined TRACON& Tower with Radar,0,44,31,0,75,0,2,15,2,19,0,46,46,2,94,10,0,10,104
09/09/2013,RST,MN,AGL,CE,Combined TRACON& Tower with Radar,1,39,26,1,67,0,2,9,2,13,1,41,35,3,80,26,0,26,106
09/10/2013,RST,MN,AGL,CE,Combined TRACON& Tower with Radar,2,32,44,4,82,0,2,22,0,24,2,34,66,4,106,60,18,78,184
09/11/2013,RST,MN,AGL,CE,Combined TRACON& Tower with Radar,4,33,30,8,75,0,10,27,6,43,4,43,57,14,118,38,16,54,172
09/12/2013,RST,MN,AGL,CE,Combined TRACON& Tower with Radar,2,36,37,0,75,0,2,18,0,20,2,38,55,0,95,24,0,24,119
09/13/2013,RST,MN,AGL,CE,Combined TRACON& Tower with Radar,2,26,30,0,58,0,1,34,0,35,2,27,64,0,93,8,0,8,101
09/14/2013,RST,MN,AGL,CE,Combined TRACON& Tower with Radar,1,27,21,1,50,0,0,33,0,33,1,27,54,1,83,20,0,20,103
09/15/2013,RST,MN,AGL,CE,Combined TRACON& Tower with Radar,0,25,20,0,45,0,0,9,1,10,0,25,29,1,55,40,0,40,95
09/16/2013,RST,MN,AGL,CE,Combined TRACON& Tower with Radar,1,24,26,1,52,0,0,33,1,34,1,24,59,2,86,68,0,68,154
09/17/2013,RST,MN,AGL,CE,Combined TRACON& Tower with Radar,4,32,37,0,73,0,3,6,2,11,4,35,43,2,84,8,0,8,92
09/18/2013,RST,MN,AGL,CE,Combined TRACON& Tower with Radar,2,32,47,0,81,0,0,5,0,5,2,32,52,0,86,16,0,16,102
09/19/2013,RST,MN,AGL,CE,Combined TRACON& Tower with Radar,2,23,41,3,69,0,2,7,1,10,2,25,48,4,79,28,0,28,107
09/20/2013,RST,MN,AGL,CE,Combined TRACON& Tower with Radar,2,29,28,1,60,0,3,3,2,8,2,32,31,3,68,0,0,0,68
09/21/2013,RST,MN,AGL,CE,Combined TRACON& Tower with Radar,1,26,23,0,50,0,1,40,0,41,1,27,63,0,91,30,0,30,121
09/22/2013,RST,MN,AGL,CE,Combined TRACON& Tower with Radar,0,39,28,1,68,0,2,23,2,27,0,41,51,3,95,24,0,24,119
09/23/2013,RST,MN,AGL,CE,Combined TRACON& Tower with Radar,1,37,22,0,60,0,0,12,0,12,1,37,34,0,72,26,0,26,98
09/24/2013,RST,MN,AGL,CE,Combined TRACON& Tower with Radar,2,40,41,4,87,0,4,32,2,38,2,44,73,6,125,58,0,58,183
09/25/2013,RST,MN,AGL,CE,Combined TRACON& Tower with Radar,2,43,25,0,70,0,5,24,2,31,2,48,49,2,101,50,0,50,151
09/26/2013,RST,MN,AGL,CE,Combined TRACON& Tower with Radar,2,30,40,0,72,0,1,17,2,20,2,31,57,2,92,0,0,0,92
09/27/2013,RST,MN,AGL,CE,Combined TRACON& Tower with Radar,2,37,26,0,65,0,9,9,1,19,2,46,35,1,84,4,0,4,88
09/28/2013,RST,MN,AGL,CE,Combined TRACON& Tower with Radar,1,23,6,0,30,0,2,2,1,5,1,25,8,1,35,10,0,10,45
09/29/2013,RST,MN,AGL,CE,Combined TRACON& Tower with Radar,0,27,21,0,48,0,1,50,0,51,0,28,71,0,99,8,0,8,107
09/30/2013,RST,MN,AGL,CE,Combined TRACON& Tower with Radar,1,29,19,0,49,0,0,16,2,18,1,29,35,2,67,12,0,12,79
10/01/2013,RST,MN,AGL,CE,Combined TRACON& Tower with Radar,2,33,35,0,70,0,0,25,0,25,2,33,60,0,95,36,0,36,131
10/02/2013,RST,MN,AGL,CE,Combined TRACON& Tower with Radar,3,35,51,0,89,0,0,42,0,42,3,35,93,0,131,48,0,48,179
10/03/2013,RST,MN,AGL,CE,Combined TRACON& Tower with Radar,2,30,21,0,53,0,1,2,0,3,2,31,23,0,56,8,0,8,64
10/04/2013,RST,MN,AGL,CE,Combined TRACON& Tower with Radar,2,33,35,0,70,0,0,0,0,0,2,33,35,0,70,0,0,0,70
10/05/2013,RST,MN,AGL,CE,Combined TRACON& Tower with Radar,1,18,13,0,32,0,0,17,2,19,1,18,30,2,51,22,0,22,73
10/06/2013,RST,MN,AGL,CE,Combined TRACON& Tower with Radar,0,25,17,0,42,0,3,25,0,28,0,28,42,0,70,46,0,46,116
10/07/2013,RST,MN,AGL,CE,Combined TRACON& Tower with Radar,1,38,32,0,71,0,2,29,0,31,1,40,61,0,102,14,0,14,116
10/08/2013,RST,MN,AGL,CE,Combined TRACON& Tower with Radar,2,29,36,0,67,0,7,19,0,26,2,36,55,0,93,0,0,0,93
10/09/2013,RST,MN,AGL,CE,Combined TRACON& Tower with Radar,2,34,34,0,70,0,3,30,2,35,2,37,64,2,105,24,0,24,129
10/10/2013,RST,MN,AGL,CE,Combined TRACON& Tower with Radar,2,34,26,0,62,0,0,24,0,24,2,34,50,0,86,14,0,14,100
10/11/2013,RST,MN,AGL,CE,Combined TRACON& Tower with Radar,4,27,14,0,45,0,0,19,0,19,4,27,33,0,64,1,0,1,65
10/12/2013,RST,MN,AGL,CE,Combined TRACON& Tower with Radar,1,24,17,0,42,0,4,10,0,14,1,28,27,0,56,10,0,10,66
10/13/2013,RST,MN,AGL,CE,Combined TRACON& Tower with Radar,0,31,23,0,54,0,1,39,2,42,0,32,62,2,96,66,0,66,162
10/14/2013,RST,MN,AGL,CE,Combined TRACON& Tower with Radar,3,29,41,0,73,0,0,23,0,23,3,29,64,0,96,48,0,48,144
10/15/2013,RST,MN,AGL,CE,Combined TRACON& Tower with Radar,2,36,22,0,60,0,0,0,0,0,2,36,22,0,60,0,0,0,60
10/16/2013,RST,MN,AGL,CE,Combined TRACON& Tower with Radar,2,35,31,0,68,0,0,8,0,8,2,35,39,0,76,0,0,0,76
10/17/2013,RST,MN,AGL,CE,Combined TRACON& Tower with Radar,2,21,37,22,82,0,0,29,0,29,2,21,66,22,111,28,64,92,203
10/18/2013,RST,MN,AGL,CE,Combined TRACON& Tower with Radar,4,33,19,0,56,0,6,19,0,25,4,39,38,0,81,10,0,10,91
10/19/2013,RST,MN,AGL,CE,Combined TRACON& Tower with Radar,1,22,18,0,41,0,6,7,5,18,1,28,25,5,59,50,0,50,109
10/20/2013,RST,MN,AGL,CE,Combined TRACON& Tower with Radar,0,29,25,1,55,0,0,6,0,6,0,29,31,1,61,2,0,2,63
10/21/2013,RST,MN,AGL,CE,Combined TRACON& Tower with Radar,3,37,19,0,59,0,4,14,0,18,3,41,33,0,77,6,0,6,83
10/22/2013,RST,MN,AGL,CE,Combined TRACON& Tower with Radar,2,33,21,24,80,0,2,17,0,19,2,35,38,24,99,14,76,90,189
10/23/2013,RST,MN,AGL,CE,Combined TRACON& Tower with Radar,2,33,32,33,100,0,0,24,0,24,2,33,56,33,124,28,144,172,296
10/24/2013,RST,MN,AGL,CE,Combined TRACON& Tower with Radar,2,25,26,20,73,0,2,25,2,29,2,27,51,22,102,96,0,96,198
10/25/2013,RST,MN,AGL,CE,Combined TRACON& Tower with Radar,4,30,22,0,56,0,4,11,4,19,4,34,33,4,75,6,0,6,81
10/26/2013,RST,MN,AGL,CE,Combined TRACON& Tower with Radar,1,24,12,14,51,0,0,13,3,16,1,24,25,17,67,49,62,111,178
10/27/2013,RST,MN,AGL,CE,Combined TRACON& Tower with Radar,0,40,39,0,79,0,1,17,0,18,0,41,56,0,97,22,0,22,119
10/28/2013,RST,MN,AGL,CE,Combined TRACON& Tower with Radar,3,33,22,0,58,0,0,10,0,10,3,33,32,0,68,14,0,14,82
10/29/2013,RST,MN,AGL,CE,Combined TRACON& Tower with Radar,2,28,24,14,68,0,3,11,3,17,2,31,35,17,85,0,48,48,133
10/30/2013,RST,MN,AGL,CE,Combined TRACON& Tower with Radar,2,37,41,6,86,0,2,0,0,2,2,39,41,6,88,0,0,0,88
10/31/2013,RST,MN,AGL,CE,Combined TRACON& Tower with Radar,2,23,19,0,44,0,0,0,0,0,2,23,19,0,44,0,0,0,44
11/01/2013,RST,MN,AGL,CE,Combined TRACON& Tower with Radar,4,32,15,1,52,0,2,23,2,27,4,34,38,3,79,8,0,8,87
11/02/2013,RST,MN,AGL,CE,Combined TRACON& Tower with Radar,1,21,14,1,37,0,0,23,0,23,1,21,37,1,60,54,0,54,114
11/03/2013,RST,MN,AGL,CE,Combined TRACON& Tower with Radar,0,35,31,0,66,0,0,9,0,9,0,35,40,0,75,0,0,0,75
11/04/2013,RST,MN,AGL,CE,Combined TRACON& Tower with Radar,4,34,13,1,52,0,0,3,0,3,4,34,16,1,55,0,0,0,55
11/05/2013,RST,MN,AGL,CE,Combined TRACON& Tower with Radar,5,32,28,0,65,0,0,5,0,5,5,32,33,0,70,0,0,0,70
11/06/2013,RST,MN,AGL,CE,Combined TRACON& Tower with Radar,2,37,30,4,73,0,7,22,1,30,2,44,52,5,103,34,0,34,137
11/07/2013,RST,MN,AGL,CE,Combined TRACON& Tower with Radar,4,41,44,1,90,0,1,2,1,4,4,42,46,2,94,0,0,0,94
11/08/2013,RST,MN,AGL,CE,Combined TRACON& Tower with Radar,4,38,18,0,60,0,1,8,0,9,4,39,26,0,69,0,0,0,69
11/09/2013,RST,MN,AGL,CE,Combined TRACON& Tower with Radar,1,47,29,0,77,0,0,7,0,7,1,47,36,0,84,24,0,24,108
11/10/2013,RST,MN,AGL,CE,Combined TRACON& Tower with Radar,1,29,28,0,58,0,4,34,4,42,1,33,62,4,100,29,4,33,133
11/11/2013,RST,MN,AGL,CE,Combined TRACON& Tower with Radar,3,35,21,0,59,0,4,0,3,7,3,39,21,3,66,0,0,0,66
11/12/2013,RST,MN,AGL,CE,Combined TRACON& Tower with Radar,2,33,35,22,92,0,3,18,0,21,2,36,53,22,113,20,26,46,159
11/13/2013,RST,MN,AGL,CE,Combined TRACON& Tower with Radar,2,36,31,30,99,0,9,14,0,23,2,45,45,30,122,0,48,48,170
11/14/2013,RST,MN,AGL,CE,Combined TRACON& Tower with Radar,2,36,28,20,86,0,3,7,3,13,2,39,35,23,99,4,40,44,143
11/15/2013,RST,MN,AGL,CE,Combined TRACON& Tower with Radar,4,35,22,0,61,0,7,52,1,60,4,42,74,1,121,52,2,54,175
11/16/2013,RST,MN,AGL,CE,Combined TRACON& Tower with Radar,1,18,12,0,31,0,0,0,1,1,1,18,12,1,32,0,0,0,32
11/17/2013,RST,MN,AGL,CE,Combined TRACON& Tower with Radar,0,29,23,0,52,0,0,2,0,2,0,29,25,0,54,10,0,10,64
11/18/2013,RST,MN,AGL,CE,Combined TRACON& Tower with Radar,3,37,41,2,83,0,0,11,0,11,3,37,52,2,94,46,6,52,146
11/19/2013,RST,MN,AGL,CE,Combined TRACON& Tower with Radar,4,33,23,34,94,0,2,11,0,13,4,35,34,34,107,6,58,64,171
11/20/2013,RST,MN,AGL,CE,Combined TRACON& Tower with Radar,2,36,31,0,69,0,0,4,0,4,2,36,35,0,73,0,0,0,73
11/21/2013,RST,MN,AGL,CE,Combined TRACON& Tower with Radar,2,44,20,0,66,0,0,1,0,1,2,44,21,0,67,0,0,0,67
11/22/2013,RST,MN,AGL,CE,Combined TRACON& Tower with Radar,3,32,42,30,107,0,0,21,0,21,3,32,63,30,128,2,48,50,178
11/23/2013,RST,MN,AGL,CE,Combined TRACON& Tower with Radar,1,23,15,0,39,0,11,23,2,36,1,34,38,2,75,32,0,32,107
11/24/2013,RST,MN,AGL,CE,Combined TRACON& Tower with Radar,2,16,11,0,29,0,2,7,2,11,2,18,18,2,40,4,0,4,44
11/25/2013,RST,MN,AGL,CE,Combined TRACON& Tower with Radar,4,19,19,2,44,0,0,4,0,4,4,19,23,2,48,2,0,2,50
11/26/2013,RST,MN,AGL,CE,Combined TRACON& Tower with Radar,4,24,12,18,58,0,8,15,3,26,4,32,27,21,84,24,50,74,158
11/27/2013,RST,MN,AGL,CE,Combined TRACON& Tower with Radar,4,30,35,12,81,0,0,36,2,38,4,30,71,14,119,34,16,50,169
11/28/2013,RST,MN,AGL,CE,Combined TRACON& Tower with Radar,0,15,9,0,24,0,3,8,0,11,0,18,17,0,35,2,0,2,37
11/29/2013,RST,MN,AGL,CE,Combined TRACON& Tower with Radar,2,13,6,0,21,0,2,35,4,41,2,15,41,4,62,28,0,28,90
11/30/2013,RST,MN,AGL,CE,Combined TRACON& Tower with Radar,1,22,7,0,30,0,0,45,0,45,1,22,52,0,75,26,0,26,101
12/01/2013,RST,MN,AGL,CE,Combined TRACON& Tower with Radar,1,27,30,0,58,0,0,23,0,23,1,27,53,0,81,4,0,4,85
12/02/2013,RST,MN,AGL,CE,Combined TRACON& Tower with Radar,1,26,22,0,49,0,0,0,0,0,1,26,22,0,49,0,0,0,49
12/03/2013,RST,MN,AGL,CE,Combined TRACON& Tower with Radar,3,15,8,0,26,0,0,0,0,0,3,15,8,0,26,0,0,0,26
12/04/2013,RST,MN,AGL,CE,Combined TRACON& Tower with Radar,5,26,10,0,41,0,0,0,0,0,5,26,10,0,41,0,0,0,41
12/05/2013,RST,MN,AGL,CE,Combined TRACON& Tower with Radar,4,27,18,24,73,0,0,7,2,9,4,27,25,26,82,22,24,46,128
12/06/2013,RST,MN,AGL,CE,Combined TRACON& Tower with Radar,4,30,19,0,53,0,6,15,4,25,4,36,34,4,78,6,0,6,84
12/07/2013,RST,MN,AGL,CE,Combined TRACON& Tower with Radar,3,17,14,0,34,0,1,19,0,20,3,18,33,0,54,10,0,10,64
12/08/2013,RST,MN,AGL,CE,Combined TRACON& Tower with Radar,0,26,15,0,41,0,0,0,0,0,0,26,15,0,41,0,0,0,41
12/09/2013,RST,MN,AGL,CE,Combined TRACON& Tower with Radar,2,35,16,0,53,0,2,3,4,9,2,37,19,4,62,0,0,0,62
12/10/2013,RST,MN,AGL,CE,Combined TRACON& Tower with Radar,4,36,39,34,113,0,2,2,0,4,4,38,41,34,117,6,62,68,185
12/11/2013,RST,MN,AGL,CE,Combined TRACON& Tower with Radar,4,27,29,0,60,0,0,12,2,14,4,27,41,2,74,26,0,26,100
12/12/2013,RST,MN,AGL,CE,Combined TRACON& Tower with Radar,4,36,35,16,91,0,1,16,0,17,4,37,51,16,108,28,58,86,194
12/13/2013,RST,MN,AGL,CE,Combined TRACON& Tower with Radar,4,21,24,0,49,0,2,11,0,13,4,23,35,0,62,2,0,2,64
12/14/2013,RST,MN,AGL,CE,Combined TRACON& Tower with Radar,3,22,22,0,47,0,0,6,0,6,3,22,28,0,53,22,0,22,75
12/15/2013,RST,MN,AGL,CE,Combined TRACON& Tower with Radar,0,23,20,0,43,0,0,21,0,21,0,23,41,0,64,16,0,16,80
12/16/2013,RST,MN,AGL,CE,Combined TRACON& Tower with Radar,3,26,22,0,51,0,0,0,0,0,3,26,22,0,51,0,0,0,51
12/17/2013,RST,MN,AGL,CE,Combined TRACON& Tower with Radar,5,34,36,0,75,0,1,13,2,16,5,35,49,2,91,6,0,6,97
12/18/2013,RST,MN,AGL,CE,Combined TRACON& Tower with Radar,4,25,42,0,71,0,9,22,0,31,4,34,64,0,102,20,0,20,122
12/19/2013,RST,MN,AGL,CE,Combined TRACON& Tower with Radar,5,28,31,26,90,0,2,10,2,14,5,30,41,28,104,36,28,64,168
12/20/2013,RST,MN,AGL,CE,Combined TRACON& Tower with Radar,7,37,13,0,57,0,0,5,0,5,7,37,18,0,62,10,0,10,72
12/21/2013,RST,MN,AGL,CE,Combined TRACON& Tower with Radar,2,24,11,0,37,0,1,12,1,14,2,25,23,1,51,0,0,0,51
12/22/2013,RST,MN,AGL,CE,Combined TRACON& Tower with Radar,0,17,10,0,27,0,4,1,0,5,0,21,11,0,32,0,0,0,32
12/23/2013,RST,MN,AGL,CE,Combined TRACON& Tower with Radar,3,17,11,2,33,0,0,3,0,3,3,17,14,2,36,0,0,0,36
12/24/2013,RST,MN,AGL,CE,Combined TRACON& Tower with Radar,2,12,17,0,31,0,0,4,0,4,2,12,21,0,35,2,0,2,37
12/25/2013,RST,MN,AGL,CE,Combined TRACON& Tower with Radar,0,17,3,0,20,0,0,0,0,0,0,17,3,0,20,0,0,0,20
12/26/2013,RST,MN,AGL,CE,Combined TRACON& Tower with Radar,2,23,6,0,31,0,4,11,0,15,2,27,17,0,46,4,0,4,50
12/27/2013,RST,MN,AGL,CE,Combined TRACON& Tower with Radar,4,24,18,1,47,0,0,10,1,11,4,24,28,2,58,0,0,0,58
12/28/2013,RST,MN,AGL,CE,Combined TRACON& Tower with Radar,1,26,13,0,40,0,3,26,2,31,1,29,39,2,71,12,0,12,83
12/29/2013,RST,MN,AGL,CE,Combined TRACON& Tower with Radar,0,18,10,0,28,0,2,7,0,9,0,20,17,0,37,0,0,0,37
12/30/2013,RST,MN,AGL,CE,Combined TRACON& Tower with Radar,3,14,11,0,28,0,0,0,0,0,3,14,11,0,28,0,0,0,28
12/31/2013,RST,MN,AGL,CE,Combined TRACON& Tower with Radar,2,22,14,0,38,0,2,1,2,5,2,24,15,2,43,0,0,0,43
01/01/2014,RST,MN,AGL,CE,Combined TRACON& Tower with Radar,0,21,13,0,34,0,0,2,2,4,0,21,15,2,38,0,0,0,38
01/02/2014,RST,MN,AGL,CE,Combined TRACON& Tower with Radar,4,15,20,0,39,0,3,13,2,18,4,18,33,2,57,18,0,18,75
01/03/2014,RST,MN,AGL,CE,Combined TRACON& Tower with Radar,2,26,14,0,42,0,1,2,0,3,2,27,16,0,45,8,0,8,53
01/04/2014,RST,MN,AGL,CE,Combined TRACON& Tower with Radar,3,24,9,0,36,0,0,5,0,5,3,24,14,0,41,0,0,0,41
01/05/2014,RST,MN,AGL,CE,Combined TRACON& Tower with Radar,2,18,21,0,41,0,0,1,0,1,2,18,22,0,42,4,0,4,46
01/06/2014,RST,MN,AGL,CE,Combined TRACON& Tower with Radar,3,13,15,0,31,0,0,0,0,0,3,13,15,0,31,0,0,0,31
01/07/2014,RST,MN,AGL,CE,Combined TRACON& Tower with Radar,2,19,16,26,63,0,9,6,4,19,2,28,22,30,82,14,60,74,156
01/08/2014,RST,MN,AGL,CE,Combined TRACON& Tower with Radar,4,26,20,14,64,0,0,6,0,6,4,26,26,14,70,46,64,110,180
01/09/2014,RST,MN,AGL,CE,Combined TRACON& Tower with Radar,2,26,27,2,57,0,0,2,0,2,2,26,29,2,59,2,0,2,61
01/10/2014,RST,MN,AGL,CE,Combined TRACON& Tower with Radar,2,22,21,2,47,0,0,0,0,0,2,22,21,2,47,0,0,0,47
01/11/2014,RST,MN,AGL,CE,Combined TRACON& Tower with Radar,5,24,10,2,41,0,0,0,0,0,5,24,10,2,41,0,0,0,41
01/12/2014,RST,MN,AGL,CE,Combined TRACON& Tower with Radar,1,25,19,0,45,0,0,27,0,27,1,25,46,0,72,0,0,0,72
01/13/2014,RST,MN,AGL,CE,Combined TRACON& Tower with Radar,4,27,24,0,55,0,0,17,2,19,4,27,41,2,74,40,0,40,114
01/14/2014,RST,MN,AGL,CE,Combined TRACON& Tower with Radar,3,37,24,0,64,0,0,2,0,2,3,37,26,0,66,0,0,0,66
01/15/2014,RST,MN,AGL,CE,Combined TRACON& Tower with Radar,2,43,23,0,68,0,0,17,0,17,2,43,40,0,85,27,0,27,112
01/16/2014,RST,MN,AGL,CE,Combined TRACON& Tower with Radar,2,16,18,14,50,0,0,1,0,1,2,16,19,14,51,0,24,24,75
01/17/2014,RST,MN,AGL,CE,Combined TRACON& Tower with Radar,4,26,34,1,65,0,3,6,3,12,4,29,40,4,77,6,0,6,83
01/18/2014,RST,MN,AGL,CE,Combined TRACON& Tower with Radar,1,14,12,0,27,0,1,6,1,8,1,15,18,1,35,0,0,0,35
01/19/2014,RST,MN,AGL,CE,Combined TRACON& Tower with Radar,0,21,11,0,32,0,2,20,2,24,0,23,31,2,56,42,0,42,98
01/20/2014,RST,MN,AGL,CE,Combined TRACON& Tower with Radar,3,19,17,0,39,0,0,2,0,2,3,19,19,0,41,12,0,12,53
01/21/2014,RST,MN,AGL,CE,Combined TRACON& Tower with Radar,2,26,27,6,61,0,0,5,0,5,2,26,32,6,66,2,6,8,74
01/22/2014,RST,MN,AGL,CE,Combined TRACON& Tower with Radar,2,28,11,0,41,0,0,0,0,0,2,28,11,0,41,0,0,0,41
01/23/2014,RST,MN,AGL,CE,Combined TRACON& Tower with Radar,2,35,13,0,50,0,3,6,2,11,2,38,19,2,61,26,0,26,87
01/24/2014,RST,MN,AGL,CE,Combined TRACON& Tower with Radar,4,25,17,0,46,0,2,3,0,5,4,27,20,0,51,0,0,0,51
01/25/2014,RST,MN,AGL,CE,Combined TRACON& Tower with Radar,1,21,8,0,30,0,3,5,0,8,1,24,13,0,38,0,0,0,38
01/26/2014,RST,MN,AGL,CE,Combined TRACON& Tower with Radar,0,24,8,0,32,0,0,0,0,0,0,24,8,0,32,0,0,0,32
01/27/2014,RST,MN,AGL,CE,Combined TRACON& Tower with Radar,3,25,16,0,44,0,11,0,1,12,3,36,16,1,56,0,0,0,56
01/28/2014,RST,MN,AGL,CE,Combined TRACON& Tower with Radar,4,37,21,0,62,0,12,4,0,16,4,49,25,0,78,4,0,4,82
01/29/2014,RST,MN,AGL,CE,Combined TRACON& Tower with Radar,2,25,24,2,53,0,5,17,0,22,2,30,41,2,75,20,0,20,95
01/30/2014,RST,MN,AGL,CE,Combined TRACON& Tower with Radar,2,20,10,0,32,0,0,1,2,3,2,20,11,2,35,0,0,0,35
01/31/2014,RST,MN,AGL,CE,Combined TRACON& Tower with Radar,4,31,25,0,60,0,1,9,2,12,4,32,34,2,72,0,0,0,72
02/01/2014,RST,MN,AGL,CE,Combined TRACON& Tower with Radar,1,20,13,0,34,0,1,14,0,15,1,21,27,0,49,0,0,0,49
02/02/2014,RST,MN,AGL,CE,Combined TRACON& Tower with Radar,0,26,24,1,51,0,2,20,0,22,0,28,44,1,73,32,0,32,105
02/03/2014,RST,MN,AGL,CE,Combined TRACON& Tower with Radar,3,23,16,0,42,0,4,8,2,14,3,27,24,2,56,2,0,2,58
02/04/2014,RST,MN,AGL,CE,Combined TRACON& Tower with Radar,4,23,31,20,78,0,2,5,2,9,4,25,36,22,87,6,44,50,137
02/05/2014,RST,MN,AGL,CE,Combined TRACON& Tower with Radar,2,26,18,0,46,0,0,0,0,0,2,26,18,0,46,0,0,0,46
02/06/2014,RST,MN,AGL,CE,Combined TRACON& Tower with Radar,2,33,49,0,84,0,0,11,0,11,2,33,60,0,95,38,0,38,133
02/07/2014,RST,MN,AGL,CE,Combined TRACON& Tower with Radar,5,21,28,12,66,0,5,20,4,29,5,26,48,16,95,0,52,52,147
02/08/2014,RST,MN,AGL,CE,Combined TRACON& Tower with Radar,3,21,6,0,30,0,0,0,0,0,3,21,6,0,30,0,0,0,30
02/09/2014,RST,MN,AGL,CE,Combined TRACON& Tower with Radar,0,21,18,0,39,0,1,18,0,19,0,22,36,0,58,34,0,34,92
02/10/2014,RST,MN,AGL,CE,Combined TRACON& Tower with Radar,3,23,23,0,49,0,0,11,0,11,3,23,34,0,60,2,0,2,62
02/11/2014,RST,MN,AGL,CE,Combined TRACON& Tower with Radar,4,23,16,0,43,0,0,4,0,4,4,23,20,0,47,0,0,0,47
02/12/2014,RST,MN,AGL,CE,Combined TRACON& Tower with Radar,3,33,22,2,60,0,2,1,2,5,3,35,23,4,65,12,0,12,77
02/13/2014,RST,MN,AGL,CE,Combined TRACON& Tower with Radar,4,31,15,52,102,0,0,2,0,2,4,31,17,52,104,0,10,10,114
02/14/2014,RST,MN,AGL,CE,Combined TRACON& Tower with Radar,2,31,13,1,47,0,0,10,1,11,2,31,23,2,58,0,0,0,58
02/15/2014,RST,MN,AGL,CE,Combined TRACON& Tower with Radar,2,20,7,0,29,0,0,3,0,3,2,20,10,0,32,0,0,0,32
02/16/2014,RST,MN,AGL,CE,Combined TRACON& Tower with Radar,2,20,23,0,45,0,0,42,0,42,2,20,65,0,87,28,0,28,115
02/17/2014,RST,MN,AGL,CE,Combined TRACON& Tower with Radar,3,21,11,0,35,0,0,0,0,0,3,21,11,0,35,0,0,0,35
02/18/2014,RST,MN,AGL,CE,Combined TRACON& Tower with Radar,2,34,15,10,61,0,0,18,1,19,2,34,33,11,80,8,20,28,108
02/19/2014,RST,MN,AGL,CE,Combined TRACON& Tower with Radar,2,33,16,1,52,0,1,19,0,20,2,34,35,1,72,28,0,28,100
02/20/2014,RST,MN,AGL,CE,Combined TRACON& Tower with Radar,1,5,10,0,16,0,0,0,0,0,1,5,10,0,16,0,0,0,16
02/21/2014,RST,MN,AGL,CE,Combined TRACON& Tower with Radar,4,19,17,0,40,0,0,0,1,1,4,19,17,1,41,0,0,0,41
02/22/2014,RST,MN,AGL,CE,Combined TRACON& Tower with Radar,1,26,9,0,36,0,3,13,5,21,1,29,22,5,57,0,0,0,57
02/23/2014,RST,MN,AGL,CE,Combined TRACON& Tower with Radar,2,24,14,0,40,0,6,12,2,20,2,30,26,2,60,12,0,12,72
02/24/2014,RST,MN,AGL,CE,Combined TRACON& Tower with Radar,1,25,18,2,46,0,2,5,2,9,1,27,23,4,55,2,0,2,57
02/25/2014,RST,MN,AGL,CE,Combined TRACON& Tower with Radar,2,30,22,0,54,0,2,4,2,8,2,32,26,2,62,6,0,6,68
02/26/2014,RST,MN,AGL,CE,Combined TRACON& Tower with Radar,5,23,24,0,52,0,0,0,2,2,5,23,24,2,54,0,0,0,54
02/27/2014,RST,MN,AGL,CE,Combined TRACON& Tower with Radar,7,23,9,0,39,0,0,8,0,8,7,23,17,0,47,6,0,6,53
02/28/2014,RST,MN,AGL,CE,Combined TRACON& Tower with Radar,2,21,18,0,41,0,0,0,0,0,2,21,18,0,41,0,0,0,41
03/01/2014,RST,MN,AGL,CE,Combined TRACON& Tower with Radar,3,20,18,0,41,0,1,0,2,3,3,21,18,2,44,0,0,0,44
03/02/2014,RST,MN,AGL,CE,Combined TRACON& Tower with Radar,6,22,24,0,52,0,0,8,0,8,6,22,32,0,60,6,0,6,66
03/03/2014,RST,MN,AGL,CE,Combined TRACON& Tower with Radar,1,26,22,0,49,0,2,7,0,9,1,28,29,0,58,12,0,12,70
03/04/2014,RST,MN,AGL,CE,Combined TRACON& Tower with Radar,2,20,31,0,53,0,1,4,0,5,2,21,35,0,58,0,0,0,58
03/05/2014,RST,MN,AGL,CE,Combined TRACON& Tower with Radar,4,29,13,0,46,0,1,11,0,12,4,30,24,0,58,18,0,18,76
03/06/2014,RST,MN,AGL,CE,Combined TRACON& Tower with Radar,4,24,17,0,45,0,0,2,4,6,4,24,19,4,51,0,0,0,51
03/07/2014,RST,MN,AGL,CE,Combined TRACON& Tower with Radar,2,22,21,16,61,0,0,0,0,0,2,22,21,16,61,0,0,0,61
03/08/2014,RST,MN,AGL,CE,Combined TRACON& Tower with Radar,1,21,18,0,40,0,0,29,0,29,1,21,47,0,69,56,0,56,125
03/09/2014,RST,MN,AGL,CE,Combined TRACON& Tower with Radar,2,28,17,0,47,0,0,13,0,13,2,28,30,0,60,22,0,22,82
03/10/2014,RST,MN,AGL,CE,Combined TRACON& Tower with Radar,1,31,21,0,53,0,0,16,0,16,1,31,37,0,69,14,0,14,83
03/11/2014,RST,MN,AGL,CE,Combined TRACON& Tower with Radar,4,29,20,0,53,0,2,0,0,2,4,31,20,0,55,0,0,0,55
03/12/2014,RST,MN,AGL,CE,Combined TRACON& Tower with Radar,2,28,30,20,80,0,1,15,2,18,2,29,45,22,98,14,34,48,146
03/13/2014,RST,MN,AGL,CE,Combined TRACON& Tower with Radar,4,31,25,2,62,0,0,26,0,26,4,31,51,2,88,34,0,34,122
03/14/2014,RST,MN,AGL,CE,Combined TRACON& Tower with Radar,2,29,16,0,47,0,0,6,0,6,2,29,22,0,53,2,0,2,55
03/15/2014,RST,MN,AGL,CE,Combined TRACON& Tower with Radar,1,19,12,18,50,0,0,19,0,19,1,19,31,18,69,36,74,110,179
03/16/2014,RST,MN,AGL,CE,Combined TRACON& Tower with Radar,2,26,25,0,53,0,2,19,2,23,2,28,44,2,76,4,0,4,80
03/17/2014,RST,MN,AGL,CE,Combined TRACON& Tower with Radar,5,33,15,0,53,0,1,4,2,7,5,34,19,2,60,0,0,0,60
03/18/2014,RST,MN,AGL,CE,Combined TRACON& Tower with Radar,4,28,35,18,85,0,0,8,0,8,4,28,43,18,93,6,46,52,145
03/19/2014,RST,MN,AGL,CE,Combined TRACON& Tower with Radar,2,20,18,0,40,0,3,4,0,7,2,23,22,0,47,22,0,22,69
03/20/2014,RST,MN,AGL,CE,Combined TRACON& Tower with Radar,4,34,31,2,71,0,4,30,0,34,4,38,61,2,105,26,0,26,131
03/21/2014,RST,MN,AGL,CE,Combined TRACON& Tower with Radar,2,29,16,0,47,0,4,2,2,8,2,33,18,2,55,0,0,0,55
03/22/2014,RST,MN,AGL,CE,Combined TRACON& Tower with Radar,1,18,10,0,29,0,0,9,1,10,1,18,19,1,39,6,0,6,45
03/23/2014,RST,MN,AGL,CE,Combined TRACON& Tower with Radar,2,21,21,0,44,0,2,9,2,13,2,23,30,2,57,22,0,22,79
03/24/2014,RST,MN,AGL,CE,Combined TRACON& Tower with Radar,3,28,17,2,50,0,3,1,0,4,3,31,18,2,54,0,0,0,54
03/25/2014,RST,MN,AGL,CE,Combined TRACON& Tower with Radar,2,26,17,2,47,0,1,10,0,11,2,27,27,2,58,2,10,12,70
03/26/2014,RST,MN,AGL,CE,Combined TRACON& Tower with Radar,2,28,14,0,44,0,0,7,0,7,2,28,21,0,51,0,0,0,51
03/27/2014,RST,MN,AGL,CE,Combined TRACON& Tower with Radar,4,26,12,0,42,0,0,0,0,0,4,26,12,0,42,0,0,0,42
03/28/2014,RST,MN,AGL,CE,Combined TRACON& Tower with Radar,4,29,9,0,42,0,4,19,2,25,4,33,28,2,67,12,0,12,79
03/29/2014,RST,MN,AGL,CE,Combined TRACON& Tower with Radar,1,15,10,0,26,0,1,36,0,37,1,16,46,0,63,30,0,30,93
03/30/2014,RST,MN,AGL,CE,Combined TRACON& Tower with Radar,2,29,13,0,44,0,0,20,0,20,2,29,33,0,64,16,0,16,80
03/31/2014,RST,MN,AGL,CE,Combined TRACON& Tower with Radar,1,29,21,10,61,0,3,1,0,4,1,32,22,10,65,0,16,16,81
04/01/2014,RST,MN,AGL,CE,Combined TRACON& Tower with Radar,2,22,18,8,50,0,0,3,0,3,2,22,21,8,53,0,16,16,69
04/02/2014,RST,MN,AGL,CE,Combined TRACON& Tower with Radar,2,24,20,1,47,0,5,26,1,32,2,29,46,2,79,18,0,18,97
04/03/2014,RST,MN,AGL,CE,Combined TRACON& Tower with Radar,3,25,15,10,53,0,0,1,0,1,3,25,16,10,54,0,0,0,54
04/04/2014,RST,MN,AGL,CE,Combined TRACON& Tower with Radar,3,22,7,0,32,0,0,1,1,2,3,22,8,1,34,0,0,0,34
04/05/2014,RST,MN,AGL,CE,Combined TRACON& Tower with Radar,3,25,11,0,39,0,1,46,0,47,3,26,57,0,86,60,0,60,146
04/06/2014,RST,MN,AGL,CE,Combined TRACON& Tower with Radar,2,23,22,0,47,0,8,21,0,29,2,31,43,0,76,30,0,30,106
04/07/2014,RST,MN,AGL,CE,Combined TRACON& Tower with Radar,1,31,21,0,53,0,0,14,0,14,1,31,35,0,67,30,0,30,97
04/08/2014,RST,MN,AGL,CE,Combined TRACON& Tower with Radar,4,29,27,0,60,0,5,20,0,25,4,34,47,0,85,26,0,26,111
04/09/2014,RST,MN,AGL,CE,Combined TRACON& Tower with Radar,4,38,37,0,79,0,9,12,0,21,4,47,49,0,100,0,0,0,100
04/10/2014,RST,MN,AGL,CE,Combined TRACON& Tower with Radar,4,29,19,12,64,0,6,9,2,17,4,35,28,14,81,0,32,32,113
04/11/2014,RST,MN,AGL,CE,Combined TRACON& Tower with Radar,2,30,23,0,55,0,2,36,2,40,2,32,59,2,95,58,0,58,153
04/12/2014,RST,MN,AGL,CE,Combined TRACON& Tower with Radar,1,18,11,12,42,0,0,10,4,14,1,18,21,16,56,6,40,46,102
04/13/2014,RST,MN,AGL,CE,Combined TRACON& Tower with Radar,2,29,15,0,46,0,0,0,0,0,2,29,15,0,46,0,0,0,46
04/14/2014,RST,MN,AGL,CE,Combined TRACON& Tower with Radar,1,29,25,6,61,0,0,6,0,6,1,29,31,6,67,30,0,30,97
04/15/2014,RST,MN,AGL,CE,Combined TRACON& Tower with Radar,2,27,33,2,64,0,2,33,0,35,2,29,66,2,99,60,0,60,159
04/16/2014,RST,MN,AGL,CE,Combined TRACON& Tower with Radar,4,25,26,30,85,0,1,2,6,9,4,26,28,36,94,0,96,96,190
04/17/2014,RST,MN,AGL,CE,Combined TRACON& Tower with Radar,4,33,29,2,68,0,2,8,2,12,4,35,37,4,80,22,0,22,102
04/18/2014,RST,MN,AGL,CE,Combined TRACON& Tower with Radar,2,20,25,0,47,0,0,33,1,34,2,20,58,1,81,40,0,40,121
04/19/2014,RST,MN,AGL,CE,Combined TRACON& Tower with Radar,1,18,14,0,33,0,2,15,0,17,1,20,29,0,50,2,0,2,52
04/20/2014,RST,MN,AGL,CE,Combined TRACON& Tower with Radar,2,19,15,0,36,0,1,6,0,7,2,20,21,0,43,6,0,6,49
04/21/2014,RST,MN,AGL,CE,Combined TRACON& Tower with Radar,1,23,29,1,54,0,0,17,10,27,1,23,46,11,81,0,50,50,131
04/22/2014,RST,MN,AGL,CE,Combined TRACON& Tower with Radar,2,25,39,13,79,0,4,33,24,61,2,29,72,37,140,18,60,78,218
04/23/2014,RST,MN,AGL,CE,Combined TRACON& Tower with Radar,2,25,35,22,84,0,2,16,0,18,2,27,51,22,102,0,64,64,166
04/24/2014,RST,MN,AGL,CE,Combined TRACON& Tower with Radar,4,26,13,12,55,0,0,1,0,1,4,26,14,12,56,0,12,12,68
04/25/2014,RST,MN,AGL,CE,Combined TRACON& Tower with Radar,2,30,20,2,54,0,0,21,0,21,2,30,41,2,75,14,0,14,89
04/26/2014,RST,MN,AGL,CE,Combined TRACON& Tower with Radar,1,23,22,0,46,0,0,28,0,28,1,23,50,0,74,48,0,48,122
04/27/2014,RST,MN,AGL,CE,Combined TRACON& Tower with Radar,3,22,19,0,44,0,0,0,0,0,3,22,19,0,44,0,0,0,44
04/28/2014,RST,MN,AGL,CE,Combined TRACON& Tower with Radar,2,27,15,0,44,0,0,0,0,0,2,27,15,0,44,0,0,0,44
04/29/2014,RST,MN,AGL,CE,Combined TRACON& Tower with Radar,2,24,31,0,57,0,0,0,0,0,2,24,31,0,57,0,0,0,57
04/30/2014,RST,MN,AGL,CE,Combined TRACON& Tower with Radar,2,29,28,0,59,0,0,0,0,0,2,29,28,0,59,0,0,0,59
05/01/2014,RST,MN,AGL,CE,Combined TRACON& Tower with Radar,4,33,25,12,74,0,0,4,0,4,4,33,29,12,78,0,0,0,78
05/02/2014,RST,MN,AGL,CE,Combined TRACON& Tower with Radar,2,23,27,0,52,0,8,15,0,23,2,31,42,0,75,26,0,26,101
05/03/2014,RST,MN,AGL,CE,Combined TRACON& Tower with Radar,8,17,11,0,36,0,0,25,0,25,8,17,36,0,61,6,0,6,67
05/04/2014,RST,MN,AGL,CE,Combined TRACON& Tower with Radar,0,27,25,0,52,0,4,44,0,48,0,31,69,0,100,70,0,70,170
05/05/2014,RST,MN,AGL,CE,Combined TRACON& Tower with Radar,1,31,29,4,65,0,7,24,0,31,1,38,53,4,96,8,0,8,104
05/06/2014,RST,MN,AGL,CE,Combined TRACON& Tower with Radar,6,26,34,5,71,0,2,14,0,16,6,28,48,5,87,21,22,43,130
05/07/2014,RST,MN,AGL,CE,Combined TRACON& Tower with Radar,2,32,26,3,63,0,4,14,1,19,2,36,40,4,82,32,14,46,128
05/08/2014,RST,MN,AGL,CE,Combined TRACON& Tower with Radar,2,31,35,16,84,0,0,17,0,17,2,31,52,16,101,26,46,72,173
05/09/2014,RST,MN,AGL,CE,Combined TRACON& Tower with Radar,3,42,34,0,79,0,7,8,2,17,3,49,42,2,96,0,0,0,96
05/10/2014,RST,MN,AGL,CE,Combined TRACON& Tower with Radar,4,30,18,0,52,0,1,31,0,32,4,31,49,0,84,72,0,72,156
05/11/2014,RST,MN,AGL,CE,Combined TRACON& Tower with Radar,0,27,15,0,42,0,3,16,1,20,0,30,31,1,62,12,0,12,74
05/12/2014,RST,MN,AGL,CE,Combined TRACON& Tower with Radar,3,28,17,0,48,0,0,3,0,3,3,28,20,0,51,10,0,10,61
05/13/2014,RST,MN,AGL,CE,Combined TRACON& Tower with Radar,2,18,27,14,61,0,2,7,0,9,2,20,34,14,70,41,82,123,193
05/14/2014,RST,MN,AGL,CE,Combined TRACON& Tower with Radar,2,36,33,20,91,0,0,16,1,17,2,36,49,21,108,30,54,84,192
05/15/2014,RST,MN,AGL,CE,Combined TRACON& Tower with Radar,2,32,24,9,67,0,4,3,0,7,2,36,27,9,74,0,18,18,92
05/16/2014,RST,MN,AGL,CE,Combined TRACON& Tower with Radar,3,29,32,4,68,0,4,19,1,24,3,33,51,5,92,22,20,42,134
05/17/2014,RST,MN,AGL,CE,Combined TRACON& Tower with Radar,3,19,18,14,54,0,4,21,9,34,3,23,39,23,88,0,52,52,140
05/18/2014,RST,MN,AGL,CE,Combined TRACON& Tower with Radar,0,27,21,0,48,0,0,37,0,37,0,27,58,0,85,8,0,8,93
05/19/2014,RST,MN,AGL,CE,Combined TRACON& Tower with Radar,1,25,39,2,67,0,0,0,0,0,1,25,39,2,67,0,0,0,67
05/20/2014,RST,MN,AGL,CE,Combined TRACON& Tower with Radar,3,25,55,7,90,0,0,24,0,24,3,25,79,7,114,40,22,62,176
05/21/2014,RST,MN,AGL,CE,Combined TRACON& Tower with Radar,2,32,29,7,70,0,2,23,2,27,2,34,52,9,97,8,56,64,161
05/22/2014,RST,MN,AGL,CE,Combined TRACON& Tower with Radar,3,27,23,6,59,0,1,29,0,30,3,28,52,6,89,22,0,22,111
05/23/2014,RST,MN,AGL,CE,Combined TRACON& Tower with Radar,4,31,39,0,74,0,4,28,0,32,4,35,67,0,106,36,0,36,142
05/24/2014,RST,MN,AGL,CE,Combined TRACON& Tower with Radar,1,17,23,0,41,0,5,32,0,37,1,22,55,0,78,40,0,40,118
05/25/2014,RST,MN,AGL,CE,Combined TRACON& Tower with Radar,2,16,8,0,26,0,0,13,0,13,2,16,21,0,39,0,0,0,39
05/26/2014,RST,MN,AGL,CE,Combined TRACON& Tower with Radar,0,21,13,1,35,0,1,13,0,14,0,22,26,1,49,26,2,28,77
05/27/2014,RST,MN,AGL,CE,Combined TRACON& Tower with Radar,1,21,26,0,48,0,0,4,0,4,1,21,30,0,52,0,0,0,52
05/28/2014,RST,MN,AGL,CE,Combined TRACON& Tower with Radar,4,31,25,14,74,0,4,17,0,21,4,35,42,14,95,10,66,76,171
05/29/2014,RST,MN,AGL,CE,Combined TRACON& Tower with Radar,3,22,25,1,51,0,14,41,0,55,3,36,66,1,106,34,0,34,140
05/30/2014,RST,MN,AGL,CE,Combined TRACON& Tower with Radar,2,27,25,16,70,0,17,35,0,52,2,44,60,16,122,82,80,162,284
05/31/2014,RST,MN,AGL,CE,Combined TRACON& Tower with Radar,1,17,5,0,23,0,0,15,2,17,1,17,20,2,40,18,0,18,58
06/01/2014,RST,MN,AGL,CE,Combined TRACON& Tower with Radar,0,18,23,0,41,0,0,6,0,6,0,18,29,0,47,2,0,2,49
06/02/2014,RST,MN,AGL,CE,Combined TRACON& Tower with Radar,2,24,24,0,50,0,3,4,0,7,2,27,28,0,57,0,0,0,57
06/03/2014,RST,MN,AGL,CE,Combined TRACON& Tower with Radar,3,30,31,6,70,0,0,24,0,24,3,30,55,6,94,0,40,40,134
06/04/2014,RST,MN,AGL,CE,Combined TRACON& Tower with Radar,2,27,19,0,48,0,6,21,0,27,2,33,40,0,75,16,0,16,91
06/05/2014,RST,MN,AGL,CE,Combined TRACON& Tower with Radar,2,30,30,31,93,0,0,13,1,14,2,30,43,32,107,0,62,62,169
06/06/2014,RST,MN,AGL,CE,Combined TRACON& Tower with Radar,4,26,32,0,62,0,0,38,0,38,4,26,70,0,100,12,0,12,112
06/07/2014,RST,MN,AGL,CE,Combined TRACON& Tower with Radar,1,19,5,0,25,0,0,11,0,11,1,19,16,0,36,68,0,68,104
06/08/2014,RST,MN,AGL,CE,Combined TRACON& Tower with Radar,0,19,24,0,43,0,2,51,0,53,0,21,75,0,96,24,0,24,120
06/09/2014,RST,MN,AGL,CE,Combined TRACON& Tower with Radar,2,24,33,14,73,0,0,19,0,19,2,24,52,14,92,28,16,44,136
06/10/2014,RST,MN,AGL,CE,Combined TRACON& Tower with Radar,2,22,50,0,74,0,1,28,0,29,2,23,78,0,103,24,0,24,127
06/11/2014,RST,MN,AGL,CE,Combined TRACON& Tower with Radar,2,16,35,10,63,0,10,30,0,40,2,26,65,10,103,24,0,24,127
06/12/2014,RST,MN,AGL,CE,Combined TRACON& Tower with Radar,2,26,24,16,68,0,4,16,0,20,2,30,40,16,88,50,54,104,192
06/13/2014,RST,MN,AGL,CE,Combined TRACON& Tower with Radar,2,26,27,0,55,0,5,44,0,49,2,31,71,0,104,104,0,104,208
06/14/2014,RST,MN,AGL,CE,Combined TRACON& Tower with Radar,11,19,10,2,42,0,0,10,0,10,11,19,20,2,52,79,0,79,131
06/15/2014,RST,MN,AGL,CE,Combined TRACON& Tower with Radar,0,24,14,1,39,0,0,4,0,4,0,24,18,1,43,28,0,28,71
06/16/2014,RST,MN,AGL,CE,Combined TRACON& Tower with Radar,1,27,29,0,57,0,4,15,0,19,1,31,44,0,76,2,0,2,78
06/17/2014,RST,MN,AGL,CE,Combined TRACON& Tower with Radar,2,41,37,13,93,0,3,20,0,23,2,44,57,13,116,38,50,88,204
06/18/2014,RST,MN,AGL,CE,Combined TRACON& Tower with Radar,2,28,26,7,63,0,2,8,1,11,2,30,34,8,74,8,6,14,88
06/19/2014,RST,MN,AGL,CE,Combined TRACON& Tower with Radar,2,22,16,0,40,0,0,0,0,0,2,22,16,0,40,20,0,20,60
06/20/2014,RST,MN,AGL,CE,Combined TRACON& Tower with Radar,2,36,42,0,80,0,5,29,0,34,2,41,71,0,114,56,0,56,170
06/21/2014,RST,MN,AGL,CE,Combined TRACON& Tower with Radar,1,16,10,0,27,0,3,50,4,57,1,19,60,4,84,44,0,44,128
06/22/2014,RST,MN,AGL,CE,Combined TRACON& Tower with Radar,0,27,24,0,51,0,0,54,0,54,0,27,78,0,105,0,0,0,105
06/23/2014,RST,MN,AGL,CE,Combined TRACON& Tower with Radar,1,36,29,0,66,0,2,15,0,17,1,38,44,0,83,8,0,8,91
06/24/2014,RST,MN,AGL,CE,Combined TRACON& Tower with Radar,2,27,38,4,71,0,14,40,0,54,2,41,78,4,125,60,0,60,185
06/25/2014,RST,MN,AGL,CE,Combined TRACON& Tower with Radar,2,34,30,0,66,0,2,7,0,9,2,36,37,0,75,4,0,4,79
06/26/2014,RST,MN,AGL,CE,Combined TRACON& Tower with Radar,2,38,60,0,100,0,8,6,0,14,2,46,66,0,114,0,0,0,114
06/27/2014,RST,MN,AGL,CE,Combined TRACON& Tower with Radar,2,27,37,0,66,0,0,2,0,2,2,27,39,0,68,4,0,4,72
06/28/2014,RST,MN,AGL,CE,Combined TRACON& Tower with Radar,1,20,5,4,30,0,0,3,0,3,1,20,8,4,33,0,0,0,33
06/29/2014,RST,MN,AGL,CE,Combined TRACON& Tower with Radar,0,22,23,0,45,0,0,11,0,11,0,22,34,0,56,0,0,0,56
06/30/2014,RST,MN,AGL,CE,Combined TRACON& Tower with Radar,2,23,10,0,35,0,2,9,0,11,2,25,19,0,46,0,0,0,46
07/01/2014,RST,MN,AGL,CE,Combined TRACON& Tower with Radar,2,21,20,0,43,0,2,3,0,5,2,23,23,0,48,0,0,0,48
07/02/2014,RST,MN,AGL,CE,Combined TRACON& Tower with Radar,4,38,26,14,82,0,3,9,2,14,4,41,35,16,96,30,24,54,150
07/03/2014,RST,MN,AGL,CE,Combined TRACON& Tower with Radar,2,27,22,0,51,0,2,30,0,32,2,29,52,0,83,18,0,18,101
07/04/2014,RST,MN,AGL,CE,Combined TRACON& Tower with Radar,0,12,4,0,16,0,10,30,0,40,0,22,34,0,56,0,0,0,56
07/05/2014,RST,MN,AGL,CE,Combined TRACON& Tower with Radar,2,16,6,0,24,0,4,12,0,16,2,20,18,0,40,10,0,10,50
07/06/2014,RST,MN,AGL,CE,Combined TRACON& Tower with Radar,0,28,25,0,53,0,0,9,0,9,0,28,34,0,62,24,0,24,86
07/07/2014,RST,MN,AGL,CE,Combined TRACON& Tower with Radar,9,42,22,0,73,0,7,15,0,22,9,49,37,0,95,0,0,0,95
07/08/2014,RST,MN,AGL,CE,Combined TRACON& Tower with Radar,3,21,19,16,59,0,0,21,0,21,3,21,40,16,80,16,52,68,148
07/09/2014,RST,MN,AGL,CE,Combined TRACON& Tower with Radar,2,33,46,20,101,0,6,31,0,37,2,39,77,20,138,16,38,54,192
07/10/2014,RST,MN,AGL,CE,Combined TRACON& Tower with Radar,4,29,29,0,62,0,2,30,0,32,4,31,59,0,94,56,4,60,154
07/11/2014,RST,MN,AGL,CE,Combined TRACON& Tower with Radar,6,34,49,0,89,0,3,6,0,9,6,37,55,0,98,0,0,0,98
07/12/2014,RST,MN,AGL,CE,Combined TRACON& Tower with Radar,1,17,29,0,47,0,0,4,0,4,1,17,33,0,51,0,0,0,51
07/13/2014,RST,MN,AGL,CE,Combined TRACON& Tower with Radar,0,25,28,0,53,0,10,32,0,42,0,35,60,0,95,8,0,8,103
07/14/2014,RST,MN,AGL,CE,Combined TRACON& Tower with Radar,0,29,28,0,57,0,0,6,0,6,0,29,34,0,63,16,0,16,79
07/15/2014,RST,MN,AGL,CE,Combined TRACON& Tower with Radar,2,25,34,20,81,0,0,18,1,19,2,25,52,21,100,42,48,90,190
07/16/2014,RST,MN,AGL,CE,Combined TRACON& Tower with Radar,2,26,38,3,69,0,4,28,2,34,2,30,66,5,103,28,4,32,135
07/17/2014,RST,MN,AGL,CE,Combined TRACON& Tower with Radar,2,27,25,4,58,0,4,27,0,31,2,31,52,4,89,86,0,86,175
07/18/2014,RST,MN,AGL,CE,Combined TRACON& Tower with Radar,2,23,40,0,65,0,0,21,0,21,2,23,61,0,86,0,0,0,86
07/19/2014,RST,MN,AGL,CE,Combined TRACON& Tower with Radar,1,13,16,0,30,0,15,46,0,61,1,28,62,0,91,36,0,36,127
07/20/2014,RST,MN,AGL,CE,Combined TRACON& Tower with Radar,0,26,23,0,49,0,1,32,0,33,0,27,55,0,82,6,0,6,88
07/21/2014,RST,MN,AGL,CE,Combined TRACON& Tower with Radar,2,28,21,0,51,0,8,13,0,21,2,36,34,0,72,0,0,0,72
07/22/2014,RST,MN,AGL,CE,Combined TRACON& Tower with Radar,5,32,27,18,82,0,4,17,0,21,5,36,44,18,103,6,14,20,123
07/23/2014,RST,MN,AGL,CE,Combined TRACON& Tower with Radar,3,34,23,0,60,0,3,35,0,38,3,37,58,0,98,50,0,50,148
07/24/2014,RST,MN,AGL,CE,Combined TRACON& Tower with Radar,2,29,27,0,58,0,0,23,0,23,2,29,50,0,81,60,0,60,141
07/25/2014,RST,MN,AGL,CE,Combined TRACON& Tower with Radar,6,33,22,0,61,0,1,11,0,12,6,34,33,0,73,2,0,2,75
07/26/2014,RST,MN,AGL,CE,Combined TRACON& Tower with Radar,2,22,27,0,51,0,0,24,0,24,2,22,51,0,75,18,0,18,93
07/27/2014,RST,MN,AGL,CE,Combined TRACON& Tower with Radar,5,25,19,0,49,0,1,11,0,12,5,26,30,0,61,7,0,7,68
07/28/2014,RST,MN,AGL,CE,Combined TRACON& Tower with Radar,1,28,27,3,59,0,1,18,4,23,1,29,45,7,82,62,46,108,190
07/29/2014,RST,MN,AGL,CE,Combined TRACON& Tower with Radar,2,32,23,0,57,0,5,23,0,28,2,37,46,0,85,10,0,10,95
07/30/2014,RST,MN,AGL,CE,Combined TRACON& Tower with Radar,2,33,23,0,58,0,4,19,2,25,2,37,42,2,83,28,0,28,111
07/31/2014,RST,MN,AGL,CE,Combined TRACON& Tower with Radar,4,35,27,0,66,0,5,39,0,44,4,40,66,0,110,18,0,18,128
08/01/2014,RST,MN,AGL,CE,Combined TRACON& Tower with Radar,2,19,31,0,52,0,0,19,0,19,2,19,50,0,71,0,0,0,71
08/02/2014,RST,MN,AGL,CE,Combined TRACON& Tower with Radar,1,17,17,0,35,0,4,32,0,36,1,21,49,0,71,24,0,24,95
08/03/2014,RST,MN,AGL,CE,Combined TRACON& Tower with Radar,4,22,19,0,45,0,3,28,0,31,4,25,47,0,76,54,0,54,130
08/04/2014,RST,MN,AGL,CE,Combined TRACON& Tower with Radar,1,28,28,0,57,0,0,19,0,19,1,28,47,0,76,0,0,0,76
08/05/2014,RST,MN,AGL,CE,Combined TRACON& Tower with Radar,2,27,30,8,67,0,0,14,0,14,2,27,44,8,81,22,6,28,109
08/06/2014,RST,MN,AGL,CE,Combined TRACON& Tower with Radar,2,30,45,0,77,0,0,33,0,33,2,30,78,0,110,51,0,51,161
08/07/2014,RST,MN,AGL,CE,Combined TRACON& Tower with Radar,2,24,34,16,76,0,0,20,0,20,2,24,54,16,96,22,14,36,132
08/08/2014,RST,MN,AGL,CE,Combined TRACON& Tower with Radar,2,21,38,2,63,0,2,11,0,13,2,23,49,2,76,10,0,10,86
08/09/2014,RST,MN,AGL,CE,Combined TRACON& Tower with Radar,1,17,16,0,34,0,3,25,0,28,1,20,41,0,62,7,0,7,69
08/10/2014,RST,MN,AGL,CE,Combined TRACON& Tower with Radar,0,29,17,0,46,0,2,22,0,24,0,31,39,0,70,26,0,26,96
08/11/2014,RST,MN,AGL,CE,Combined TRACON& Tower with Radar,1,39,42,0,82,0,2,7,0,9,1,41,49,0,91,0,0,0,91
08/12/2014,RST,MN,AGL,CE,Combined TRACON& Tower with Radar,2,30,41,0,73,0,1,30,0,31,2,31,71,0,104,4,0,4,108
08/13/2014,RST,MN,AGL,CE,Combined TRACON& Tower with Radar,2,31,39,15,87,0,1,16,0,17,2,32,55,15,104,25,38,63,167
08/14/2014,RST,MN,AGL,CE,Combined TRACON& Tower with Radar,2,27,25,0,54,0,0,24,0,24,2,27,49,0,78,10,0,10,88
08/15/2014,RST,MN,AGL,CE,Combined TRACON& Tower with Radar,4,21,40,0,65,0,4,26,0,30,4,25,66,0,95,62,0,62,157
08/16/2014,RST,MN,AGL,CE,Combined TRACON& Tower with Radar,1,19,16,0,36,0,4,15,0,19,1,23,31,0,55,28,0,28,83
08/17/2014,RST,MN,AGL,CE,Combined TRACON& Tower with Radar,0,23,21,0,44,0,0,15,0,15,0,23,36,0,59,0,0,0,59
08/18/2014,RST,MN,AGL,CE,Combined TRACON& Tower with Radar,1,30,31,2,64,0,4,4,0,8,1,34,35,2,72,24,0,24,96
08/19/2014,RST,MN,AGL,CE,Combined TRACON& Tower with Radar,2,23,21,6,52,0,0,15,0,15,2,23,36,6,67,16,14,30,97
08/20/2014,RST,MN,AGL,CE,Combined TRACON& Tower with Radar,2,34,30,2,68,0,0,22,0,22,2,34,52,2,90,30,0,30,120
08/21/2014,RST,MN,AGL,CE,Combined TRACON& Tower with Radar,2,28,30,0,60,0,0,4,0,4,2,28,34,0,64,2,0,2,66
08/22/2014,RST,MN,AGL,CE,Combined TRACON& Tower with Radar,2,23,23,0,48,0,8,9,0,17,2,31,32,0,65,8,0,8,73
08/23/2014,RST,MN,AGL,CE,Combined TRACON& Tower with Radar,1,22,11,0,34,0,0,7,0,7,1,22,18,0,41,0,0,0,41
08/24/2014,RST,MN,AGL,CE,Combined TRACON& Tower with Radar,0,23,26,0,49,0,4,14,0,18,0,27,40,0,67,6,0,6,73
08/25/2014,RST,MN,AGL,CE,Combined TRACON& Tower with Radar,1,19,36,0,56,0,2,25,0,27,1,21,61,0,83,36,0,36,119
08/26/2014,RST,MN,AGL,CE,Combined TRACON& Tower with Radar,2,24,39,6,71,0,4,26,0,30,2,28,65,6,101,22,18,40,141
08/27/2014,RST,MN,AGL,CE,Combined TRACON& Tower with Radar,2,30,44,0,76,0,0,32,0,32,2,30,76,0,108,44,6,50,158
08/28/2014,RST,MN,AGL,CE,Combined TRACON& Tower with Radar,2,30,40,0,72,0,0,2,0,2,2,30,42,0,74,0,0,0,74
08/29/2014,RST,MN,AGL,CE,Combined TRACON& Tower with Radar,2,25,35,9,71,0,0,2,0,2,2,25,37,9,73,6,30,36,109
08/30/2014,RST,MN,AGL,CE,Combined TRACON& Tower with Radar,1,18,6,0,25,0,0,15,0,15,1,18,21,0,40,26,0,26,66
08/31/2014,RST,MN,AGL,CE,Combined TRACON& Tower with Radar,0,16,13,1,30,0,4,11,0,15,0,20,24,1,45,8,0,8,53
09/01/2014,RST,MN,AGL,CE,Combined TRACON& Tower with Radar,0,28,20,0,48,0,0,21,0,21,0,28,41,0,69,44,0,44,113
09/02/2014,RST,MN,AGL,CE,Combined TRACON& Tower with Radar,5,19,43,0,67,0,7,42,0,49,5,26,85,0,116,48,8,56,172
09/03/2014,RST,MN,AGL,CE,Combined TRACON& Tower with Radar,8,24,34,0,66,0,4,16,0,20,8,28,50,0,86,10,0,10,96
09/04/2014,RST,MN,AGL,CE,Combined TRACON& Tower with Radar,6,27,54,2,89,0,0,8,2,10,6,27,62,4,99,4,0,4,103
09/05/2014,RST,MN,AGL,CE,Combined TRACON& Tower with Radar,6,23,19,8,56,0,0,18,0,18,6,23,37,8,74,22,0,22,96
09/06/2014,RST,MN,AGL,CE,Combined TRACON& Tower with Radar,5,18,16,0,39,0,0,64,0,64,5,18,80,0,103,26,0,26,129
09/07/2014,RST,MN,AGL,CE,Combined TRACON& Tower with Radar,6,20,19,0,45,0,2,37,0,39,6,22,56,0,84,26,0,26,110
09/08/2014,RST,MN,AGL,CE,Combined TRACON& Tower with Radar,5,19,32,0,56,0,2,15,0,17,5,21,47,0,73,0,0,0,73
09/09/2014,RST,MN,AGL,CE,Combined TRACON& Tower with Radar,6,25,41,6,78,0,0,5,0,5,6,25,46,6,83,0,24,24,107
09/10/2014,RST,MN,AGL,CE,Combined TRACON& Tower with Radar,8,17,31,4,60,0,0,1,0,1,8,17,32,4,61,0,0,0,61
09/11/2014,RST,MN,AGL,CE,Combined TRACON& Tower with Radar,7,22,28,3,60,0,0,22,1,23,7,22,50,4,83,64,0,64,147
09/12/2014,RST,MN,AGL,CE,Combined TRACON& Tower with Radar,7,15,29,0,51,0,1,13,0,14,7,16,42,0,65,6,0,6,71
09/13/2014,RST,MN,AGL,CE,Combined TRACON& Tower with Radar,6,13,18,0,37,0,2,31,0,33,6,15,49,0,70,32,0,32,102
09/14/2014,RST,MN,AGL,CE,Combined TRACON& Tower with Radar,4,20,34,0,58,0,0,32,0,32,4,20,66,0,90,18,0,18,108
09/15/2014,RST,MN,AGL,CE,Combined TRACON& Tower with Radar,5,23,40,0,68,0,5,19,0,24,5,28,59,0,92,59,0,59,151
09/16/2014,RST,MN,AGL,CE,Combined TRACON& Tower with Radar,6,28,36,0,70,0,4,27,0,31,6,32,63,0,101,16,0,16,117
09/17/2014,RST,MN,AGL,CE,Combined TRACON& Tower with Radar,6,29,43,15,93,0,3,28,7,38,6,32,71,22,131,20,62,82,213
09/18/2014,RST,MN,AGL,CE,Combined TRACON& Tower with Radar,6,30,49,8,93,0,1,21,0,22,6,31,70,8,115,14,26,40,155
09/19/2014,RST,MN,AGL,CE,Combined TRACON& Tower with Radar,6,15,25,0,46,0,0,5,0,5,6,15,30,0,51,0,0,0,51
09/20/2014,RST,MN,AGL,CE,Combined TRACON& Tower with Radar,5,21,9,8,43,0,4,16,0,20,5,25,25,8,63,10,22,32,95
09/21/2014,RST,MN,AGL,CE,Combined TRACON& Tower with Radar,4,36,26,0,66,0,0,18,0,18,4,36,44,0,84,2,0,2,86
09/22/2014,RST,MN,AGL,CE,Combined TRACON& Tower with Radar,5,30,34,6,75,0,8,30,0,38,5,38,64,6,113,72,44,116,229
09/23/2014,RST,MN,AGL,CE,Combined TRACON& Tower with Radar,8,40,38,18,104,0,17,26,0,43,8,57,64,18,147,22,78,100,247
09/24/2014,RST,MN,AGL,CE,Combined TRACON& Tower with Radar,6,36,29,2,73,0,10,14,0,24,6,46,43,2,97,56,0,56,153
09/25/2014,RST,MN,AGL,CE,Combined TRACON& Tower with Radar,6,21,45,0,72,0,3,23,0,26,6,24,68,0,98,12,0,12,110
09/26/2014,RST,MN,AGL,CE,Combined TRACON& Tower with Radar,6,19,27,0,52,0,0,35,0,35,6,19,62,0,87,42,0,42,129
09/27/2014,RST,MN,AGL,CE,Combined TRACON& Tower with Radar,5,9,18,0,32,0,2,36,0,38,5,11,54,0,70,14,0,14,84
09/28/2014,RST,MN,AGL,CE,Combined TRACON& Tower with Radar,4,23,31,0,58,0,0,29,0,29,4,23,60,0,87,0,0,0,87
09/29/2014,RST,MN,AGL,CE,Combined TRACON& Tower with Radar,5,19,37,0,61,0,0,6,0,6,5,19,43,0,67,18,0,18,85
09/30/2014,RST,MN,AGL,CE,Combined TRACON& Tower with Radar,6,29,48,15,98,0,0,11,0,11,6,29,59,15,109,32,36,68,177
10/01/2014,RST,MN,AGL,CE,Combined TRACON& Tower with Radar,6,23,46,0,75,0,0,0,0,0,6,23,46,0,75,0,0,0,75
10/02/2014,RST,MN,AGL,CE,Combined TRACON& Tower with Radar,6,24,18,0,48,0,0,0,0,0,6,24,18,0,48,0,0,0,48
10/03/2014,RST,MN,AGL,CE,Combined TRACON& Tower with Radar,6,22,26,10,64,0,0,3,0,3,6,22,29,10,67,0,0,0,67
10/04/2014,RST,MN,AGL,CE,Combined TRACON& Tower with Radar,4,24,19,0,47,0,0,8,0,8,4,24,27,0,55,0,0,0,55
10/05/2014,RST,MN,AGL,CE,Combined TRACON& Tower with Radar,4,26,31,0,61,0,0,32,0,32,4,26,63,0,93,30,0,30,123
10/06/2014,RST,MN,AGL,CE,Combined TRACON& Tower with Radar,6,15,28,0,49,0,6,13,0,19,6,21,41,0,68,14,0,14,82
10/07/2014,RST,MN,AGL,CE,Combined TRACON& Tower with Radar,8,22,38,12,80,0,2,20,0,22,8,24,58,12,102,30,20,50,152
10/08/2014,RST,MN,AGL,CE,Combined TRACON& Tower with Radar,8,29,36,22,95,0,1,44,0,45,8,30,80,22,140,30,34,64,204
10/09/2014,RST,MN,AGL,CE,Combined TRACON& Tower with Radar,4,16,36,0,56,0,2,31,0,33,4,18,67,0,89,16,0,16,105
10/10/2014,RST,MN,AGL,CE,Combined TRACON& Tower with Radar,9,14,22,0,45,0,2,23,0,25,9,16,45,0,70,30,0,30,100
10/11/2014,RST,MN,AGL,CE,Combined TRACON& Tower with Radar,5,20,13,0,38,0,0,39,0,39,5,20,52,0,77,4,0,4,81
10/12/2014,RST,MN,AGL,CE,Combined TRACON& Tower with Radar,6,24,17,0,47,0,6,19,0,25,6,30,36,0,72,32,0,32,104
10/13/2014,RST,MN,AGL,CE,Combined TRACON& Tower with Radar,5,33,29,0,67,0,0,0,0,0,5,33,29,0,67,0,0,0,67
10/14/2014,RST,MN,AGL,CE,Combined TRACON& Tower with Radar,6,27,29,0,62,0,6,4,0,10,6,33,33,0,72,0,0,0,72
10/15/2014,RST,MN,AGL,CE,Combined TRACON& Tower with Radar,6,30,40,0,76,0,0,22,0,22,6,30,62,0,98,6,0,6,104
10/16/2014,RST,MN,AGL,CE,Combined TRACON& Tower with Radar,7,26,25,12,70,0,0,29,0,29,7,26,54,12,99,24,16,40,139
10/17/2014,RST,MN,AGL,CE,Combined TRACON& Tower with Radar,6,17,14,0,37,0,2,3,0,5,6,19,17,0,42,0,0,0,42
10/18/2014,RST,MN,AGL,CE,Combined TRACON& Tower with Radar,7,19,11,0,37,0,0,16,0,16,7,19,27,0,53,12,0,12,65
10/19/2014,RST,MN,AGL,CE,Combined TRACON& Tower with Radar,4,17,14,0,35,0,0,19,0,19,4,17,33,0,54,10,0,10,64
10/20/2014,RST,MN,AGL,CE,Combined TRACON& Tower with Radar,5,23,33,0,61,0,0,22,0,22,5,23,55,0,83,26,0,26,109
10/21/2014,RST,MN,AGL,CE,Combined TRACON& Tower with Radar,7,19,20,0,46,0,0,17,0,17,7,19,37,0,63,38,0,38,101
10/22/2014,RST,MN,AGL,CE,Combined TRACON& Tower with Radar,6,24,31,7,68,0,0,19,0,19,6,24,50,7,87,4,56,60,147
10/23/2014,RST,MN,AGL,CE,Combined TRACON& Tower with Radar,6,23,33,18,80,0,0,8,0,8,6,23,41,18,88,16,56,72,160
10/24/2014,RST,MN,AGL,CE,Combined TRACON& Tower with Radar,6,29,28,0,63,0,0,1,0,1,6,29,29,0,64,0,0,0,64
10/25/2014,RST,MN,AGL,CE,Combined TRACON& Tower with Radar,5,26,15,2,48,0,1,15,7,23,5,27,30,9,71,32,10,42,113
10/26/2014,RST,MN,AGL,CE,Combined TRACON& Tower with Radar,6,17,26,0,49,0,4,31,2,37,6,21,57,2,86,6,0,6,92
10/27/2014,RST,MN,AGL,CE,Combined TRACON& Tower with Radar,7,31,19,0,57,0,0,30,0,30,7,31,49,0,87,28,0,28,115
10/28/2014,RST,MN,AGL,CE,Combined TRACON& Tower with Radar,8,27,31,2,68,0,0,6,0,6,8,27,37,2,74,2,0,2,76
10/29/2014,RST,MN,AGL,CE,Combined TRACON& Tower with Radar,7,23,29,6,65,0,0,2,0,2,7,23,31,6,67,6,34,40,107
10/30/2014,RST,MN,AGL,CE,Combined TRACON& Tower with Radar,6,16,35,2,59,0,2,19,0,21,6,18,54,2,80,52,0,52,132
10/31/2014,RST,MN,AGL,CE,Combined TRACON& Tower with Radar,7,18,29,0,54,0,6,18,0,24,7,24,47,0,78,20,0,20,98
11/01/2014,RST,MN,AGL,CE,Combined TRACON& Tower with Radar,2,17,18,0,37,0,5,47,0,52,2,22,65,0,89,36,0,36,125
11/02/2014,RST,MN,AGL,CE,Combined TRACON& Tower with Radar,4,20,28,0,52,0,11,22,0,33,4,31,50,0,85,10,0,10,95
11/03/2014,RST,MN,AGL,CE,Combined TRACON& Tower with Radar,5,22,32,0,59,0,0,5,0,5,5,22,37,0,64,0,0,0,64
11/04/2014,RST,MN,AGL,CE,Combined TRACON& Tower with Radar,6,19,18,0,43,0,0,17,0,17,6,19,35,0,60,38,0,38,98
11/05/2014,RST,MN,AGL,CE,Combined TRACON& Tower with Radar,6,25,20,0,51,0,0,14,0,14,6,25,34,0,65,14,0,14,79
11/06/2014,RST,MN,AGL,CE,Combined TRACON& Tower with Radar,6,18,32,8,64,0,1,15,0,16,6,19,47,8,80,2,32,34,114
11/07/2014,RST,MN,AGL,CE,Combined TRACON& Tower with Radar,7,22,20,0,49,0,0,18,0,18,7,22,38,0,67,10,0,10,77
11/08/2014,RST,MN,AGL,CE,Combined TRACON& Tower with Radar,7,12,18,0,37,0,0,27,0,27,7,12,45,0,64,26,0,26,90
11/09/2014,RST,MN,AGL,CE,Combined TRACON& Tower with Radar,4,20,46,0,70,0,0,21,0,21,4,20,67,0,91,16,0,16,107
11/10/2014,RST,MN,AGL,CE,Combined TRACON& Tower with Radar,3,22,23,0,48,0,0,1,0,1,3,22,24,0,49,0,0,0,49
11/11/2014,RST,MN,AGL,CE,Combined TRACON& Tower with Radar,10,19,14,0,43,0,0,0,0,0,10,19,14,0,43,0,0,0,43
11/12/2014,RST,MN,AGL,CE,Combined TRACON& Tower with Radar,6,30,14,0,50,0,1,4,0,5,6,31,18,0,55,0,0,0,55
11/13/2014,RST,MN,AGL,CE,Combined TRACON& Tower with Radar,8,24,25,16,73,0,0,0,0,0,8,24,25,16,73,0,50,50,123
11/14/2014,RST,MN,AGL,CE,Combined TRACON& Tower with Radar,6,16,26,2,50,0,0,43,0,43,6,16,69,2,93,100,0,100,193
11/15/2014,RST,MN,AGL,CE,Combined TRACON& Tower with Radar,5,26,13,0,44,0,0,2,0,2,5,26,15,0,46,40,0,40,86
11/16/2014,RST,MN,AGL,CE,Combined TRACON& Tower with Radar,5,41,17,0,63,0,10,17,0,27,5,51,34,0,90,0,0,0,90
11/17/2014,RST,MN,AGL,CE,Combined TRACON& Tower with Radar,6,36,25,0,67,0,5,6,0,11,6,41,31,0,78,10,0,10,88
11/18/2014,RST,MN,AGL,CE,Combined TRACON& Tower with Radar,8,46,39,0,93,0,6,15,0,21,8,52,54,0,114,0,0,0,114
11/19/2014,RST,MN,AGL,CE,Combined TRACON& Tower with Radar,8,50,33,18,109,0,2,4,0,6,8,52,37,18,115,40,32,72,187
11/20/2014,RST,MN,AGL,CE,Combined TRACON& Tower with Radar,6,41,31,14,92,0,6,21,0,27,6,47,52,14,119,42,32,74,193
11/21/2014,RST,MN,AGL,CE,Combined TRACON& Tower with Radar,9,26,20,0,55,0,0,13,0,13,9,26,33,0,68,22,0,22,90
11/22/2014,RST,MN,AGL,CE,Combined TRACON& Tower with Radar,6,13,12,0,31,0,0,0,0,0,6,13,12,0,31,0,0,0,31
11/23/2014,RST,MN,AGL,CE,Combined TRACON& Tower with Radar,4,17,16,0,37,0,0,0,0,0,4,17,16,0,37,0,0,0,37
11/24/2014,RST,MN,AGL,CE,Combined TRACON& Tower with Radar,4,32,23,0,59,0,0,0,0,0,4,32,23,0,59,0,0,0,59
11/25/2014,RST,MN,AGL,CE,Combined TRACON& Tower with Radar,8,18,22,0,48,0,2,43,0,45,8,20,65,0,93,36,0,36,129
11/26/2014,RST,MN,AGL,CE,Combined TRACON& Tower with Radar,9,18,8,0,35,0,0,0,0,0,9,18,8,0,35,0,0,0,35
11/27/2014,RST,MN,AGL,CE,Combined TRACON& Tower with Radar,4,7,7,0,18,0,0,15,0,15,4,7,22,0,33,4,0,4,37
11/28/2014,RST,MN,AGL,CE,Combined TRACON& Tower with Radar,5,21,15,0,41,0,0,4,0,4,5,21,19,0,45,0,0,0,45
11/29/2014,RST,MN,AGL,CE,Combined TRACON& Tower with Radar,5,17,12,0,34,0,2,29,0,31,5,19,41,0,65,14,0,14,79
11/30/2014,RST,MN,AGL,CE,Combined TRACON& Tower with Radar,2,19,22,0,43,0,0,7,0,7,2,19,29,0,50,32,0,32,82
12/01/2014,RST,MN,AGL,CE,Combined TRACON& Tower with Radar,5,24,27,14,70,0,0,7,0,7,5,24,34,14,77,24,80,104,181
12/02/2014,RST,MN,AGL,CE,Combined TRACON& Tower with Radar,8,19,30,16,73,0,2,3,0,5,8,21,33,16,78,50,0,50,128
12/03/2014,RST,MN,AGL,CE,Combined TRACON& Tower with Radar,9,20,31,16,76,0,7,17,0,24,9,27,48,16,100,57,62,119,219
12/04/2014,RST,MN,AGL,CE,Combined TRACON& Tower with Radar,8,20,22,0,50,0,9,11,0,20,8,29,33,0,70,0,0,0,70
12/05/2014,RST,MN,AGL,CE,Combined TRACON& Tower with Radar,9,24,14,0,47,0,0,0,0,0,9,24,14,0,47,0,0,0,47
12/06/2014,RST,MN,AGL,CE,Combined TRACON& Tower with Radar,5,15,14,0,34,0,2,36,0,38,5,17,50,0,72,86,0,86,158
12/07/2014,RST,MN,AGL,CE,Combined TRACON& Tower with Radar,4,24,23,0,51,0,0,7,0,7,4,24,30,0,58,10,0,10,68
12/08/2014,RST,MN,AGL,CE,Combined TRACON& Tower with Radar,5,24,13,26,68,0,0,0,0,0,5,24,13,26,68,0,0,0,68
12/09/2014,RST,MN,AGL,CE,Combined TRACON& Tower with Radar,8,25,19,2,54,0,0,5,0,5,8,25,24,2,59,0,0,0,59
12/10/2014,RST,MN,AGL,CE,Combined TRACON& Tower with Radar,8,19,20,0,47,0,0,0,0,0,8,19,20,0,47,0,0,0,47
12/11/2014,RST,MN,AGL,CE,Combined TRACON& Tower with Radar,7,21,28,0,56,0,0,0,0,0,7,21,28,0,56,0,0,0,56
12/12/2014,RST,MN,AGL,CE,Combined TRACON& Tower with Radar,9,26,22,0,57,0,0,0,0,0,9,26,22,0,57,0,0,0,57
12/13/2014,RST,MN,AGL,CE,Combined TRACON& Tower with Radar,7,16,5,0,28,0,0,0,0,0,7,16,5,0,28,0,0,0,28
12/14/2014,RST,MN,AGL,CE,Combined TRACON& Tower with Radar,0,3,4,0,7,0,0,0,0,0,0,3,4,0,7,0,0,0,7
12/15/2014,RST,MN,AGL,CE,Combined TRACON& Tower with Radar,5,24,19,0,48,0,0,0,0,0,5,24,19,0,48,0,0,0,48
12/16/2014,RST,MN,AGL,CE,Combined TRACON& Tower with Radar,8,21,17,0,46,0,4,0,0,4,8,25,17,0,50,0,0,0,50
12/17/2014,RST,MN,AGL,CE,Combined TRACON& Tower with Radar,8,30,31,0,69,0,0,8,0,8,8,30,39,0,77,22,0,22,99
12/18/2014,RST,MN,AGL,CE,Combined TRACON& Tower with Radar,6,36,31,14,87,0,4,5,0,9,6,40,36,14,96,8,0,8,104
12/19/2014,RST,MN,AGL,CE,Combined TRACON& Tower with Radar,8,35,19,0,62,0,5,10,0,15,8,40,29,0,77,28,0,28,105
12/20/2014,RST,MN,AGL,CE,Combined TRACON& Tower with Radar,8,14,4,0,26,0,0,1,0,1,8,14,5,0,27,0,0,0,27
12/21/2014,RST,MN,AGL,CE,Combined TRACON& Tower with Radar,6,9,10,0,25,0,0,0,0,0,6,9,10,0,25,0,0,0,25
12/22/2014,RST,MN,AGL,CE,Combined TRACON& Tower with Radar,7,16,5,0,28,0,0,0,0,0,7,16,5,0,28,0,0,0,28
12/23/2014,RST,MN,AGL,CE,Combined TRACON& Tower with Radar,11,13,16,0,40,0,0,0,0,0,11,13,16,0,40,0,0,0,40
12/24/2014,RST,MN,AGL,CE,Combined TRACON& Tower with Radar,5,13,15,0,33,0,0,0,0,0,5,13,15,0,33,0,0,0,33
12/25/2014,RST,MN,AGL,CE,Combined TRACON& Tower with Radar,1,10,3,0,14,0,0,5,0,5,1,10,8,0,19,2,0,2,21
12/26/2014,RST,MN,AGL,CE,Combined TRACON& Tower with Radar,7,11,7,0,25,0,0,0,0,0,7,11,7,0,25,0,0,0,25
12/27/2014,RST,MN,AGL,CE,Combined TRACON& Tower with Radar,7,12,17,0,36,0,1,6,0,7,7,13,23,0,43,0,0,0,43
12/28/2014,RST,MN,AGL,CE,Combined TRACON& Tower with Radar,6,13,24,0,43,0,1,32,0,33,6,14,56,0,76,30,0,30,106
12/29/2014,RST,MN,AGL,CE,Combined TRACON& Tower with Radar,9,15,21,0,45,0,2,16,0,18,9,17,37,0,63,10,0,10,73
12/30/2014,RST,MN,AGL,CE,Combined TRACON& Tower with Radar,10,17,21,1,49,0,2,19,1,22,10,19,40,2,71,32,0,32,103
12/31/2014,RST,MN,AGL,CE,Combined TRACON& Tower with Radar,5,12,17,0,34,0,2,3,0,5,5,14,20,0,39,4,0,4,43
01/01/2015,RST,MN,AGL,CE,Combined TRACON& Tower with Radar,0,10,15,0,25,0,2,14,0,16,0,12,29,0,41,46,0,46,87
01/02/2015,RST,MN,AGL,CE,Combined TRACON& Tower with Radar,7,13,20,0,40,0,5,24,0,29,7,18,44,0,69,54,0,54,123
01/03/2015,RST,MN,AGL,CE,Combined TRACON& Tower with Radar,7,10,4,0,21,0,0,0,0,0,7,10,4,0,21,0,0,0,21
01/04/2015,RST,MN,AGL,CE,Combined TRACON& Tower with Radar,3,5,9,0,17,0,0,0,0,0,3,5,9,0,17,0,0,0,17
01/05/2015,RST,MN,AGL,CE,Combined TRACON& Tower with Radar,4,16,16,2,38,0,0,3,0,3,4,16,19,2,41,0,0,0,41
01/06/2015,RST,MN,AGL,CE,Combined TRACON& Tower with Radar,7,15,19,1,42,0,10,3,0,13,7,25,22,1,55,0,0,0,55
01/07/2015,RST,MN,AGL,CE,Combined TRACON& Tower with Radar,6,17,22,0,45,0,0,0,0,0,6,17,22,0,45,0,0,0,45
01/08/2015,RST,MN,AGL,CE,Combined TRACON& Tower with Radar,6,11,12,0,29,0,0,0,0,0,6,11,12,0,29,0,0,0,29
01/09/2015,RST,MN,AGL,CE,Combined TRACON& Tower with Radar,6,18,17,0,41,0,6,4,2,12,6,24,21,2,53,0,0,0,53
01/10/2015,RST,MN,AGL,CE,Combined TRACON& Tower with Radar,5,16,15,0,36,0,1,9,0,10,5,17,24,0,46,16,0,16,62
01/11/2015,RST,MN,AGL,CE,Combined TRACON& Tower with Radar,4,22,22,0,48,0,0,25,0,25,4,22,47,0,73,62,0,62,135
01/12/2015,RST,MN,AGL,CE,Combined TRACON& Tower with Radar,5,22,18,8,53,0,9,6,0,15,5,31,24,8,68,0,30,30,98
01/13/2015,RST,MN,AGL,CE,Combined TRACON& Tower with Radar,8,25,29,4,66,0,4,8,0,12,8,29,37,4,78,0,62,62,140
01/14/2015,RST,MN,AGL,CE,Combined TRACON& Tower with Radar,7,27,36,14,84,0,0,4,0,4,7,27,40,14,88,22,0,22,110
01/15/2015,RST,MN,AGL,CE,Combined TRACON& Tower with Radar,6,22,23,9,60,0,4,13,1,18,6,26,36,10,78,39,4,43,121
01/16/2015,RST,MN,AGL,CE,Combined TRACON& Tower with Radar,6,31,15,0,52,0,0,0,0,0,6,31,15,0,52,16,0,16,68
01/17/2015,RST,MN,AGL,CE,Combined TRACON& Tower with Radar,5,31,32,0,68,0,9,16,0,25,5,40,48,0,93,36,0,36,129
01/18/2015,RST,MN,AGL,CE,Combined TRACON& Tower with Radar,4,20,23,0,47,0,1,46,0,47,4,21,69,0,94,27,0,27,121
01/19/2015,RST,MN,AGL,CE,Combined TRACON& Tower with Radar,5,29,24,0,58,0,1,21,0,22,5,30,45,0,80,12,0,12,92
01/20/2015,RST,MN,AGL,CE,Combined TRACON& Tower with Radar,6,22,18,0,46,0,0,0,0,0,6,22,18,0,46,0,0,0,46
01/21/2015,RST,MN,AGL,CE,Combined TRACON& Tower with Radar,6,17,30,0,53,0,0,0,0,0,6,17,30,0,53,0,0,0,53
01/22/2015,RST,MN,AGL,CE,Combined TRACON& Tower with Radar,6,23,21,0,50,0,0,1,0,1,6,23,22,0,51,0,0,0,51
01/23/2015,RST,MN,AGL,CE,Combined TRACON& Tower with Radar,6,23,12,0,41,0,0,6,0,6,6,23,18,0,47,0,0,0,47
01/24/2015,RST,MN,AGL,CE,Combined TRACON& Tower with Radar,5,20,13,0,38,0,0,33,0,33,5,20,46,0,71,54,0,54,125
01/25/2015,RST,MN,AGL,CE,Combined TRACON& Tower with Radar,4,30,10,2,46,0,4,5,0,9,4,34,15,2,55,8,0,8,63
01/26/2015,RST,MN,AGL,CE,Combined TRACON& Tower with Radar,5,20,14,8,47,0,1,5,0,6,5,21,19,8,53,6,26,32,85
01/27/2015,RST,MN,AGL,CE,Combined TRACON& Tower with Radar,8,21,29,10,68,0,0,9,0,9,8,21,38,10,77,8,0,8,85
01/28/2015,RST,MN,AGL,CE,Combined TRACON& Tower with Radar,8,26,22,0,56,0,0,0,0,0,8,26,22,0,56,0,0,0,56
01/29/2015,RST,MN,AGL,CE,Combined TRACON& Tower with Radar,6,21,21,18,66,0,0,6,0,6,6,21,27,18,72,24,52,76,148
01/30/2015,RST,MN,AGL,CE,Combined TRACON& Tower with Radar,6,20,15,0,41,0,3,16,0,19,6,23,31,0,60,16,0,16,76
01/31/2015,RST,MN,AGL,CE,Combined TRACON& Tower with Radar,8,16,8,0,32,0,0,4,0,4,8,16,12,0,36,0,0,0,36
02/01/2015,RST,MN,AGL,CE,Combined TRACON& Tower with Radar,6,15,9,0,30,0,2,0,0,2,6,17,9,0,32,0,0,0,32
02/02/2015,RST,MN,AGL,CE,Combined TRACON& Tower with Radar,4,7,35,0,46,0,0,19,0,19,4,7,54,0,65,10,0,10,75
02/03/2015,RST,MN,AGL,CE,Combined TRACON& Tower with Radar,4,20,20,0,44,0,0,0,0,0,4,20,20,0,44,0,0,0,44
02/04/2015,RST,MN,AGL,CE,Combined TRACON& Tower with Radar,6,23,19,0,48,0,2,9,0,11,6,25,28,0,59,30,0,30,89
02/05/2015,RST,MN,AGL,CE,Combined TRACON& Tower with Radar,6,33,19,11,69,0,5,8,7,20,6,38,27,18,89,0,18,18,107
02/06/2015,RST,MN,AGL,CE,Combined TRACON& Tower with Radar,6,22,22,0,50,0,18,20,0,38,6,40,42,0,88,40,0,40,128
02/07/2015,RST,MN,AGL,CE,Combined TRACON& Tower with Radar,5,14,36,0,55,0,0,12,0,12,5,14,48,0,67,48,0,48,115
02/08/2015,RST,MN,AGL,CE,Combined TRACON& Tower with Radar,4,19,12,0,35,0,0,0,0,0,4,19,12,0,35,18,0,18,53
02/09/2015,RST,MN,AGL,CE,Combined TRACON& Tower with Radar,5,23,18,0,46,0,1,16,0,17,5,24,34,0,63,18,0,18,81
02/10/2015,RST,MN,AGL,CE,Combined TRACON& Tower with Radar,8,15,14,0,37,0,0,0,0,0,8,15,14,0,37,0,0,0,37
02/11/2015,RST,MN,AGL,CE,Combined TRACON& Tower with Radar,8,26,32,26,92,0,1,1,0,2,8,27,33,26,94,10,38,48,142
02/12/2015,RST,MN,AGL,CE,Combined TRACON& Tower with Radar,6,19,50,26,101,0,0,6,8,14,6,19,56,34,115,20,70,90,205
02/13/2015,RST,MN,AGL,CE,Combined TRACON& Tower with Radar,4,22,27,0,53,0,0,11,0,11,4,22,38,0,64,62,0,62,126
02/14/2015,RST,MN,AGL,CE,Combined TRACON& Tower with Radar,1,14,6,0,21,0,0,2,0,2,1,14,8,0,23,0,0,0,23
02/15/2015,RST,MN,AGL,CE,Combined TRACON& Tower with Radar,4,23,22,2,51,0,0,17,0,17,4,23,39,2,68,6,0,6,74
02/16/2015,RST,MN,AGL,CE,Combined TRACON& Tower with Radar,5,21,32,0,58,0,4,0,0,4,5,25,32,0,62,0,0,0,62
02/17/2015,RST,MN,AGL,CE,Combined TRACON& Tower with Radar,5,25,37,8,75,0,17,3,0,20,5,42,40,8,95,6,20,26,121
02/18/2015,RST,MN,AGL,CE,Combined TRACON& Tower with Radar,7,21,22,0,50,0,21,6,0,27,7,42,28,0,77,9,0,9,86
02/19/2015,RST,MN,AGL,CE,Combined TRACON& Tower with Radar,6,21,27,10,64,0,17,13,0,30,6,38,40,10,94,20,12,32,126
02/20/2015,RST,MN,AGL,CE,Combined TRACON& Tower with Radar,6,19,20,0,45,0,11,0,0,11,6,30,20,0,56,0,0,0,56
02/21/2015,RST,MN,AGL,CE,Combined TRACON& Tower with Radar,1,18,4,0,23,0,4,6,0,10,1,22,10,0,33,40,0,40,73
02/22/2015,RST,MN,AGL,CE,Combined TRACON& Tower with Radar,4,19,6,0,29,0,0,6,0,6,4,19,12,0,35,0,0,0,35
02/23/2015,RST,MN,AGL,CE,Combined TRACON& Tower with Radar,5,27,15,0,47,0,2,7,0,9,5,29,22,0,56,0,0,0,56
02/24/2015,RST,MN,AGL,CE,Combined TRACON& Tower with Radar,8,22,22,12,64,0,1,8,0,9,8,23,30,12,73,30,50,80,153
02/25/2015,RST,MN,AGL,CE,Combined TRACON& Tower with Radar,6,26,22,0,54,0,1,0,0,1,6,27,22,0,55,0,0,0,55
02/26/2015,RST,MN,AGL,CE,Combined TRACON& Tower with Radar,6,23,17,10,56,0,2,9,0,11,6,25,26,10,67,4,30,34,101
02/27/2015,RST,MN,AGL,CE,Combined TRACON& Tower with Radar,6,27,20,2,55,0,1,20,0,21,6,28,40,2,76,14,0,14,90
02/28/2015,RST,MN,AGL,CE,Combined TRACON& Tower with Radar,1,20,11,0,32,0,1,14,0,15,1,21,25,0,47,18,0,18,65
03/01/2015,RST,MN,AGL,CE,Combined TRACON& Tower with Radar,5,15,17,0,37,0,0,18,0,18,5,15,35,0,55,18,0,18,73
03/02/2015,RST,MN,AGL,CE,Combined TRACON& Tower with Radar,6,18,17,0,41,0,3,24,0,27,6,21,41,0,68,32,0,32,100
03/03/2015,RST,MN,AGL,CE,Combined TRACON& Tower with Radar,6,16,16,0,38,0,0,0,0,0,6,16,16,0,38,0,0,0,38
03/04/2015,RST,MN,AGL,CE,Combined TRACON& Tower with Radar,5,30,26,5,66,0,6,2,9,17,5,36,28,14,83,0,40,40,123
03/05/2015,RST,MN,AGL,CE,Combined TRACON& Tower with Radar,4,22,30,0,56,0,0,17,0,17,4,22,47,0,73,20,0,20,93
03/06/2015,RST,MN,AGL,CE,Combined TRACON& Tower with Radar,8,27,35,0,70,0,0,20,0,20,8,27,55,0,90,32,0,32,122
03/07/2015,RST,MN,AGL,CE,Combined TRACON& Tower with Radar,5,13,9,0,27,0,2,26,0,28,5,15,35,0,55,26,0,26,81
03/08/2015,RST,MN,AGL,CE,Combined TRACON& Tower with Radar,4,24,16,0,44,0,4,34,0,38,4,28,50,0,82,44,0,44,126
03/09/2015,RST,MN,AGL,CE,Combined TRACON& Tower with Radar,7,14,19,0,40,0,1,14,0,15,7,15,33,0,55,0,0,0,55
03/10/2015,RST,MN,AGL,CE,Combined TRACON& Tower with Radar,8,18,31,24,81,0,4,14,0,18,8,22,45,24,99,22,70,92,191
03/11/2015,RST,MN,AGL,CE,Combined TRACON& Tower with Radar,6,23,34,0,63,0,0,17,0,17,6,23,51,0,80,46,0,46,126
03/12/2015,RST,MN,AGL,CE,Combined TRACON& Tower with Radar,6,26,21,0,53,0,0,11,0,11,6,26,32,0,64,0,0,0,64
03/13/2015,RST,MN,AGL,CE,Combined TRACON& Tower with Radar,6,20,26,0,52,0,3,24,0,27,6,23,50,0,79,52,0,52,131
03/14/2015,RST,MN,AGL,CE,Combined TRACON& Tower with Radar,6,20,14,0,40,0,4,40,0,44,6,24,54,0,84,22,0,22,106
03/15/2015,RST,MN,AGL,CE,Combined TRACON& Tower with Radar,5,17,25,0,47,0,4,13,0,17,5,21,38,0,64,12,0,12,76
03/16/2015,RST,MN,AGL,CE,Combined TRACON& Tower with Radar,7,24,25,0,56,0,0,17,0,17,7,24,42,0,73,0,0,0,73
03/17/2015,RST,MN,AGL,CE,Combined TRACON& Tower with Radar,8,22,33,11,74,0,2,15,0,17,8,24,48,11,91,14,62,76,167
03/18/2015,RST,MN,AGL,CE,Combined TRACON& Tower with Radar,8,16,20,9,53,0,5,19,1,25,8,21,39,10,78,17,28,45,123
03/19/2015,RST,MN,AGL,CE,Combined TRACON& Tower with Radar,6,21,23,1,51,0,2,32,0,34,6,23,55,1,85,46,0,46,131
03/20/2015,RST,MN,AGL,CE,Combined TRACON& Tower with Radar,6,15,28,0,49,0,2,43,0,45,6,17,71,0,94,18,0,18,112
03/21/2015,RST,MN,AGL,CE,Combined TRACON& Tower with Radar,7,16,10,11,44,0,1,54,2,57,7,17,64,13,101,12,14,26,127
03/22/2015,RST,MN,AGL,CE,Combined TRACON& Tower with Radar,4,32,13,0,49,0,0,1,0,1,4,32,14,0,50,0,0,0,50
03/23/2015,RST,MN,AGL,CE,Combined TRACON& Tower with Radar,5,36,40,0,81,0,3,2,0,5,5,39,42,0,86,0,0,0,86
03/24/2015,RST,MN,AGL,CE,Combined TRACON& Tower with Radar,6,25,33,0,64,0,1,0,0,1,6,26,33,0,65,0,0,0,65
03/25/2015,RST,MN,AGL,CE,Combined TRACON& Tower with Radar,6,26,34,0,66,0,8,5,0,13,6,34,39,0,79,2,0,2,81
03/26/2015,RST,MN,AGL,CE,Combined TRACON& Tower with Radar,7,25,17,3,52,0,0,9,1,10,7,25,26,4,62,4,2,6,68
03/27/2015,RST,MN,AGL,CE,Combined TRACON& Tower with Radar,7,25,21,14,67,0,5,15,0,20,7,30,36,14,87,6,46,52,139
03/28/2015,RST,MN,AGL,CE,Combined TRACON& Tower with Radar,5,22,20,0,47,0,5,41,0,46,5,27,61,0,93,74,0,74,167
03/29/2015,RST,MN,AGL,CE,Combined TRACON& Tower with Radar,4,16,10,0,30,0,6,0,0,6,4,22,10,0,36,0,0,0,36
03/30/2015,RST,MN,AGL,CE,Combined TRACON& Tower with Radar,5,25,28,0,58,0,2,43,0,45,5,27,71,0,103,56,0,56,159
03/31/2015,RST,MN,AGL,CE,Combined TRACON& Tower with Radar,6,23,32,8,69,0,0,55,0,55,6,23,87,8,124,122,46,168,292
04/01/2015,RST,MN,AGL,CE,Combined TRACON& Tower with Radar,14,29,21,0,64,0,0,0,0,0,14,29,21,0,64,4,0,4,68
04/02/2015,RST,MN,AGL,CE,Combined TRACON& Tower with Radar,7,20,23,4,54,0,9,11,0,20,7,29,34,4,74,20,0,20,94
04/03/2015,RST,MN,AGL,CE,Combined TRACON& Tower with Radar,6,15,13,0,34,0,0,15,0,15,6,15,28,0,49,16,0,16,65
04/04/2015,RST,MN,AGL,CE,Combined TRACON& Tower with Radar,5,23,17,0,45,0,0,38,0,38,5,23,55,0,83,8,0,8,91
04/05/2015,RST,MN,AGL,CE,Combined TRACON& Tower with Radar,4,20,15,0,39,0,0,15,0,15,4,20,30,0,54,10,0,10,64
04/06/2015,RST,MN,AGL,CE,Combined TRACON& Tower with Radar,5,26,38,0,69,0,0,3,0,3,5,26,41,0,72,0,0,0,72
04/07/2015,RST,MN,AGL,CE,Combined TRACON& Tower with Radar,6,22,22,0,50,0,0,0,0,0,6,22,22,0,50,0,0,0,50
04/08/2015,RST,MN,AGL,CE,Combined TRACON& Tower with Radar,7,20,29,14,70,0,0,0,0,0,7,20,29,14,70,0,14,14,84
04/09/2015,RST,MN,AGL,CE,Combined TRACON& Tower with Radar,8,22,20,2,52,0,0,0,0,0,8,22,20,2,52,0,0,0,52
04/10/2015,RST,MN,AGL,CE,Combined TRACON& Tower with Radar,6,24,34,0,64,0,3,9,0,12,6,27,43,0,76,22,0,22,98
04/11/2015,RST,MN,AGL,CE,Combined TRACON& Tower with Radar,5,19,23,0,47,0,0,29,0,29,5,19,52,0,76,28,0,28,104
04/12/2015,RST,MN,AGL,CE,Combined TRACON& Tower with Radar,6,20,20,0,46,0,3,14,0,17,6,23,34,0,63,4,0,4,67
04/13/2015,RST,MN,AGL,CE,Combined TRACON& Tower with Radar,5,18,35,0,58,0,2,10,0,12,5,20,45,0,70,16,0,16,86
04/14/2015,RST,MN,AGL,CE,Combined TRACON& Tower with Radar,9,25,48,0,82,0,7,50,0,57,9,32,98,0,139,79,0,79,218
04/15/2015,RST,MN,AGL,CE,Combined TRACON& Tower with Radar,9,18,40,0,67,0,0,12,0,12,9,18,52,0,79,40,0,40,119
04/16/2015,RST,MN,AGL,CE,Combined TRACON& Tower with Radar,6,23,54,0,83,0,1,58,0,59,6,24,112,0,142,84,0,84,226
04/17/2015,RST,MN,AGL,CE,Combined TRACON& Tower with Radar,6,18,16,2,42,0,0,24,0,24,6,18,40,2,66,0,0,0,66
04/18/2015,RST,MN,AGL,CE,Combined TRACON& Tower with Radar,7,12,8,2,29,0,4,29,3,36,7,16,37,5,65,22,6,28,93
04/19/2015,RST,MN,AGL,CE,Combined TRACON& Tower with Radar,4,25,22,0,51,0,0,0,0,0,4,25,22,0,51,0,0,0,51
04/20/2015,RST,MN,AGL,CE,Combined TRACON& Tower with Radar,5,26,47,22,100,0,2,1,0,3,5,28,48,22,103,2,44,46,149
04/21/2015,RST,MN,AGL,CE,Combined TRACON& Tower with Radar,9,24,42,18,93,0,0,2,0,2,9,24,44,18,95,22,72,94,189
04/22/2015,RST,MN,AGL,CE,Combined TRACON& Tower with Radar,10,29,32,0,71,0,13,23,0,36,10,42,55,0,107,14,0,14,121
04/23/2015,RST,MN,AGL,CE,Combined TRACON& Tower with Radar,7,24,24,0,55,0,4,47,0,51,7,28,71,0,106,42,0,42,148
04/24/2015,RST,MN,AGL,CE,Combined TRACON& Tower with Radar,6,43,34,2,85,0,3,15,0,18,6,46,49,2,103,20,0,20,123
04/25/2015,RST,MN,AGL,CE,Combined TRACON& Tower with Radar,5,19,14,0,38,0,3,12,0,15,5,22,26,0,53,18,0,18,71
04/26/2015,RST,MN,AGL,CE,Combined TRACON& Tower with Radar,4,14,19,0,37,0,0,52,0,52,4,14,71,0,89,74,0,74,163
04/27/2015,RST,MN,AGL,CE,Combined TRACON& Tower with Radar,5,22,29,0,56,0,4,36,0,40,5,26,65,0,96,20,0,20,116
04/28/2015,RST,MN,AGL,CE,Combined TRACON& Tower with Radar,7,22,31,1,61,0,8,33,0,41,7,30,64,1,102,32,6,38,140
04/29/2015,RST,MN,AGL,CE,Combined TRACON& Tower with Radar,7,17,31,0,55,0,2,32,0,34,7,19,63,0,89,24,0,24,113
04/30/2015,RST,MN,AGL,CE,Combined TRACON& Tower with Radar,6,16,33,14,69,0,7,24,0,31,6,23,57,14,100,58,20,78,178
05/01/2015,RST,MN,AGL,CE,Combined TRACON& Tower with Radar,6,20,28,17,71,0,1,32,3,36,6,21,60,20,107,57,43,100,207
05/02/2015,RST,MN,AGL,CE,Combined TRACON& Tower with Radar,5,17,16,0,38,0,3,25,0,28,5,20,41,0,66,40,0,40,106
05/03/2015,RST,MN,AGL,CE,Combined TRACON& Tower with Radar,4,19,19,0,42,0,0,13,0,13,4,19,32,0,55,24,0,24,79
05/04/2015,RST,MN,AGL,CE,Combined TRACON& Tower with Radar,5,28,19,16,68,0,0,13,0,13,5,28,32,16,81,7,20,27,108
05/05/2015,RST,MN,AGL,CE,Combined TRACON& Tower with Radar,6,23,30,0,59,0,0,1,0,1,6,23,31,0,60,0,0,0,60
05/06/2015,RST,MN,AGL,CE,Combined TRACON& Tower with Radar,6,21,26,12,65,0,0,4,1,5,6,21,30,13,70,0,22,22,92
05/07/2015,RST,MN,AGL,CE,Combined TRACON& Tower with Radar,6,38,28,0,72,0,4,3,0,7,6,42,31,0,79,4,0,4,83
05/08/2015,RST,MN,AGL,CE,Combined TRACON& Tower with Radar,6,27,45,0,78,0,0,8,0,8,6,27,53,0,86,40,0,40,126
05/09/2015,RST,MN,AGL,CE,Combined TRACON& Tower with Radar,7,19,26,0,52,0,2,45,0,47,7,21,71,0,99,66,0,66,165
05/10/2015,RST,MN,AGL,CE,Combined TRACON& Tower with Radar,5,15,15,0,35,0,4,0,0,4,5,19,15,0,39,0,0,0,39
05/11/2015,RST,MN,AGL,CE,Combined TRACON& Tower with Radar,4,23,21,4,52,0,0,3,0,3,4,23,24,4,55,0,0,0,55
05/12/2015,RST,MN,AGL,CE,Combined TRACON& Tower with Radar,6,25,31,0,62,0,4,7,0,11,6,29,38,0,73,6,0,6,79
05/13/2015,RST,MN,AGL,CE,Combined TRACON& Tower with Radar,5,26,38,8,77,0,4,30,2,36,5,30,68,10,113,22,22,44,157
05/14/2015,RST,MN,AGL,CE,Combined TRACON& Tower with Radar,6,24,22,0,52,0,2,0,0,2,6,26,22,0,54,22,0,22,76
05/15/2015,RST,MN,AGL,CE,Combined TRACON& Tower with Radar,8,17,22,6,53,0,2,15,0,17,8,19,37,6,70,18,10,28,98
05/16/2015,RST,MN,AGL,CE,Combined TRACON& Tower with Radar,6,14,13,14,47,0,0,2,0,2,6,14,15,14,49,8,0,8,57
05/17/2015,RST,MN,AGL,CE,Combined TRACON& Tower with Radar,4,25,19,0,48,0,0,0,0,0,4,25,19,0,48,0,0,0,48
05/18/2015,RST,MN,AGL,CE,Combined TRACON& Tower with Radar,5,27,31,20,83,0,4,3,0,7,5,31,34,20,90,2,60,62,152
05/19/2015,RST,MN,AGL,CE,Combined TRACON& Tower with Radar,8,21,48,24,101,0,6,17,9,32,8,27,65,33,133,4,76,80,213
05/20/2015,RST,MN,AGL,CE,Combined TRACON& Tower with Radar,6,22,31,6,65,0,7,34,11,52,6,29,65,17,117,41,28,69,186
05/21/2015,RST,MN,AGL,CE,Combined TRACON& Tower with Radar,6,23,33,0,62,0,1,35,2,38,6,24,68,2,100,40,0,40,140
05/22/2015,RST,MN,AGL,CE,Combined TRACON& Tower with Radar,6,21,27,0,54,0,0,40,0,40,6,21,67,0,94,62,0,62,156
05/23/2015,RST,MN,AGL,CE,Combined TRACON& Tower with Radar,5,10,12,0,27,0,5,22,0,27,5,15,34,0,54,46,0,46,100
05/24/2015,RST,MN,AGL,CE,Combined TRACON& Tower with Radar,4,11,5,0,20,0,0,0,0,0,4,11,5,0,20,18,0,18,38
05/25/2015,RST,MN,AGL,CE,Combined TRACON& Tower with Radar,4,23,29,1,57,0,0,1,0,1,4,23,30,1,58,24,0,24,82
05/26/2015,RST,MN,AGL,CE,Combined TRACON& Tower with Radar,5,13,26,0,44,0,0,1,0,1,5,13,27,0,45,0,0,0,45
05/27/2015,RST,MN,AGL,CE,Combined TRACON& Tower with Radar,6,14,38,6,64,0,1,31,3,35,6,15,69,9,99,42,28,70,169
05/28/2015,RST,MN,AGL,CE,Combined TRACON& Tower with Radar,6,15,35,7,63,0,7,26,9,42,6,22,61,16,105,26,48,74,179
05/29/2015,RST,MN,AGL,CE,Combined TRACON& Tower with Radar,6,20,14,12,52,0,0,7,0,7,6,20,21,12,59,0,56,56,115
05/30/2015,RST,MN,AGL,CE,Combined TRACON& Tower with Radar,5,14,16,4,39,0,0,8,0,8,5,14,24,4,47,16,0,16,63
05/31/2015,RST,MN,AGL,CE,Combined TRACON& Tower with Radar,4,17,18,0,39,0,4,33,0,37,4,21,51,0,76,6,0,6,82
06/01/2015,RST,MN,AGL,CE,Combined TRACON& Tower with Radar,5,24,24,14,67,0,0,20,2,22,5,24,44,16,89,2,52,54,143
06/02/2015,RST,MN,AGL,CE,Combined TRACON& Tower with Radar,6,16,42,4,68,0,0,15,2,17,6,16,57,6,85,28,40,68,153
06/03/2015,RST,MN,AGL,CE,Combined TRACON& Tower with Radar,6,28,21,13,68,0,0,11,3,14,6,28,32,16,82,0,58,58,140
06/04/2015,RST,MN,AGL,CE,Combined TRACON& Tower with Radar,6,17,22,17,62,0,2,9,4,15,6,19,31,21,77,2,50,52,129
06/05/2015,RST,MN,AGL,CE,Combined TRACON& Tower with Radar,5,20,34,2,61,0,0,13,0,13,5,20,47,2,74,36,0,36,110
06/06/2015,RST,MN,AGL,CE,Combined TRACON& Tower with Radar,5,14,29,0,48,0,0,22,0,22,5,14,51,0,70,42,0,42,112
06/07/2015,RST,MN,AGL,CE,Combined TRACON& Tower with Radar,4,20,23,0,47,0,0,10,0,10,4,20,33,0,57,46,0,46,103
06/08/2015,RST,MN,AGL,CE,Combined TRACON& Tower with Radar,3,17,20,12,52,0,0,25,1,26,3,17,45,13,78,38,40,78,156
06/09/2015,RST,MN,AGL,CE,Combined TRACON& Tower with Radar,8,20,36,10,74,0,0,27,0,27,8,20,63,10,101,18,32,50,151
06/10/2015,RST,MN,AGL,CE,Combined TRACON& Tower with Radar,7,23,37,17,84,0,1,12,13,26,7,24,49,30,110,2,78,80,190
06/11/2015,RST,MN,AGL,CE,Combined TRACON& Tower with Radar,6,28,28,0,62,0,0,0,0,0,6,28,28,0,62,8,0,8,70
06/12/2015,RST,MN,AGL,CE,Combined TRACON& Tower with Radar,6,16,22,14,58,0,0,17,0,17,6,16,39,14,75,38,34,72,147
06/13/2015,RST,MN,AGL,CE,Combined TRACON& Tower with Radar,5,24,29,18,76,0,0,0,0,0,5,24,29,18,76,10,0,10,86
06/14/2015,RST,MN,AGL,CE,Combined TRACON& Tower with Radar,4,25,23,0,52,0,0,42,0,42,4,25,65,0,94,14,0,14,108
06/15/2015,RST,MN,AGL,CE,Combined TRACON& Tower with Radar,7,14,19,0,40,0,1,11,0,12,7,15,30,0,52,4,0,4,56
06/16/2015,RST,MN,AGL,CE,Combined TRACON& Tower with Radar,6,24,36,4,70,0,0,44,0,44,6,24,80,4,114,44,18,62,176
06/17/2015,RST,MN,AGL,CE,Combined TRACON& Tower with Radar,8,19,38,0,65,0,3,7,0,10,8,22,45,0,75,14,0,14,89
06/18/2015,RST,MN,AGL,CE,Combined TRACON& Tower with Radar,6,19,29,0,54,0,0,38,0,38,6,19,67,0,92,60,0,60,152
06/19/2015,RST,MN,AGL,CE,Combined TRACON& Tower with Radar,6,17,18,0,41,0,0,33,1,34,6,17,51,1,75,77,0,77,152
06/20/2015,RST,MN,AGL,CE,Combined TRACON& Tower with Radar,5,12,8,0,25,0,0,49,0,49,5,12,57,0,74,26,0,26,100
06/21/2015,RST,MN,AGL,CE,Combined TRACON& Tower with Radar,4,15,24,0,43,0,0,49,0,49,4,15,73,0,92,22,0,22,114
06/22/2015,RST,MN,AGL,CE,Combined TRACON& Tower with Radar,5,12,27,0,44,0,0,8,0,8,5,12,35,0,52,10,0,10,62
06/23/2015,RST,MN,AGL,CE,Combined TRACON& Tower with Radar,6,20,27,5,58,0,0,39,4,43,6,20,66,9,101,37,0,37,138
06/24/2015,RST,MN,AGL,CE,Combined TRACON& Tower with Radar,6,19,41,8,74,0,5,30,0,35,6,24,71,8,109,32,14,46,155
06/25/2015,RST,MN,AGL,CE,Combined TRACON& Tower with Radar,6,19,32,12,69,0,0,4,0,4,6,19,36,12,73,0,0,0,73
06/26/2015,RST,MN,AGL,CE,Combined TRACON& Tower with Radar,6,20,28,0,54,0,3,18,0,21,6,23,46,0,75,19,0,19,94
06/27/2015,RST,MN,AGL,CE,Combined TRACON& Tower with Radar,7,17,20,0,44,0,0,49,0,49,7,17,69,0,93,30,0,30,123
06/28/2015,RST,MN,AGL,CE,Combined TRACON& Tower with Radar,4,20,16,0,40,0,0,11,0,11,4,20,27,0,51,0,4,4,55
06/29/2015,RST,MN,AGL,CE,Combined TRACON& Tower with Radar,5,31,24,0,60,0,4,7,0,11,5,35,31,0,71,10,0,10,81
06/30/2015,RST,MN,AGL,CE,Combined TRACON& Tower with Radar,6,23,29,9,67,0,0,18,1,19,6,23,47,10,86,38,2,40,126
07/01/2015,RST,MN,AGL,CE,Combined TRACON& Tower with Radar,7,14,13,3,37,0,4,31,2,37,7,18,44,5,74,52,14,66,140
07/02/2015,RST,MN,AGL,CE,Combined TRACON& Tower with Radar,8,25,19,0,52,0,0,37,0,37,8,25,56,0,89,27,0,27,116
07/03/2015,RST,MN,AGL,CE,Combined TRACON& Tower with Radar,8,17,6,0,31,0,2,23,0,25,8,19,29,0,56,54,0,54,110
07/04/2015,RST,MN,AGL,CE,Combined TRACON& Tower with Radar,7,13,12,0,32,0,2,14,0,16,7,15,26,0,48,54,0,54,102
07/05/2015,RST,MN,AGL,CE,Combined TRACON& Tower with Radar,6,16,33,0,55,0,8,30,0,38,6,24,63,0,93,26,0,26,119
07/06/2015,RST,MN,AGL,CE,Combined TRACON& Tower with Radar,7,17,33,11,68,0,0,0,0,0,7,17,33,11,68,0,0,0,68
07/07/2015,RST,MN,AGL,CE,Combined TRACON& Tower with Radar,8,25,56,11,100,0,3,25,6,34,8,28,81,17,134,78,40,118,252
07/08/2015,RST,MN,AGL,CE,Combined TRACON& Tower with Radar,8,20,29,17,74,0,1,33,1,35,8,21,62,18,109,24,66,90,199
07/09/2015,RST,MN,AGL,CE,Combined TRACON& Tower with Radar,8,23,26,32,89,0,2,45,2,49,8,25,71,34,138,44,88,132,270
07/10/2015,RST,MN,AGL,CE,Combined TRACON& Tower with Radar,8,22,38,0,68,0,0,76,0,76,8,22,114,0,144,42,0,42,186
07/11/2015,RST,MN,AGL,CE,Combined TRACON& Tower with Radar,7,13,15,0,35,0,0,32,0,32,7,13,47,0,67,8,0,8,75
07/12/2015,RST,MN,AGL,CE,Combined TRACON& Tower with Radar,5,23,30,0,58,0,0,52,0,52,5,23,82,0,110,14,0,14,124
07/13/2015,RST,MN,AGL,CE,Combined TRACON& Tower with Radar,5,19,22,2,48,0,2,20,3,25,5,21,42,5,73,30,2,32,105
07/14/2015,RST,MN,AGL,CE,Combined TRACON& Tower with Radar,7,23,29,15,74,0,0,25,8,33,7,23,54,23,107,40,0,40,147
07/15/2015,RST,MN,AGL,CE,Combined TRACON& Tower with Radar,8,24,34,7,73,0,4,22,2,28,8,28,56,9,101,36,10,46,147
07/16/2015,RST,MN,AGL,CE,Combined TRACON& Tower with Radar,13,17,29,0,59,0,0,3,0,3,13,17,32,0,62,0,0,0,62
07/17/2015,RST,MN,AGL,CE,Combined TRACON& Tower with Radar,8,15,22,0,45,0,0,24,0,24,8,15,46,0,69,27,0,27,96
07/18/2015,RST,MN,AGL,CE,Combined TRACON& Tower with Radar,7,22,15,0,44,0,16,33,1,50,7,38,48,1,94,34,0,34,128
07/19/2015,RST,MN,AGL,CE,Combined TRACON& Tower with Radar,9,21,25,0,55,0,4,40,0,44,9,25,65,0,99,24,0,24,123
07/20/2015,RST,MN,AGL,CE,Combined TRACON& Tower with Radar,7,18,38,5,68,0,4,21,0,25,7,22,59,5,93,14,24,38,131
07/21/2015,RST,MN,AGL,CE,Combined TRACON& Tower with Radar,7,13,32,10,62,0,0,38,0,38,7,13,70,10,100,58,32,90,190
07/22/2015,RST,MN,AGL,CE,Combined TRACON& Tower with Radar,7,26,36,19,88,0,4,27,2,33,7,30,63,21,121,24,18,42,163
07/23/2015,RST,MN,AGL,CE,Combined TRACON& Tower with Radar,8,26,33,2,69,0,3,26,8,37,8,29,59,10,106,28,14,42,148
07/24/2015,RST,MN,AGL,CE,Combined TRACON& Tower with Radar,8,31,17,0,56,0,3,10,0,13,8,34,27,0,69,6,0,6,75
07/25/2015,RST,MN,AGL,CE,Combined TRACON& Tower with Radar,7,15,16,2,40,0,4,18,0,22,7,19,34,2,62,20,22,42,104
07/26/2015,RST,MN,AGL,CE,Combined TRACON& Tower with Radar,5,17,14,0,36,0,6,18,2,26,5,23,32,2,62,16,0,16,78
07/27/2015,RST,MN,AGL,CE,Combined TRACON& Tower with Radar,6,26,43,0,75,0,2,18,0,20,6,28,61,0,95,21,0,21,116
07/28/2015,RST,MN,AGL,CE,Combined TRACON& Tower with Radar,8,28,21,15,72,0,3,4,2,9,8,31,25,17,81,0,30,30,111
07/29/2015,RST,MN,AGL,CE,Combined TRACON& Tower with Radar,8,28,38,11,85,0,3,26,4,33,8,31,64,15,118,32,34,66,184
07/30/2015,RST,MN,AGL,CE,Combined TRACON& Tower with Radar,8,27,38,0,73,0,1,25,0,26,8,28,63,0,99,8,0,8,107
07/31/2015,RST,MN,AGL,CE,Combined TRACON& Tower with Radar,8,30,39,0,77,0,0,35,0,35,8,30,74,0,112,36,0,36,148
08/01/2015,RST,MN,AGL,CE,Combined TRACON& Tower with Radar,7,20,7,0,34,0,4,40,0,44,7,24,47,0,78,16,0,16,94
08/02/2015,RST,MN,AGL,CE,Combined TRACON& Tower with Radar,6,18,18,0,42,0,0,15,0,15,6,18,33,0,57,8,0,8,65
08/03/2015,RST,MN,AGL,CE,Combined TRACON& Tower with Radar,7,25,38,19,89,0,3,37,0,40,7,28,75,19,129,72,48,120,249
08/04/2015,RST,MN,AGL,CE,Combined TRACON& Tower with Radar,8,23,43,1,75,0,4,39,4,47,8,27,82,5,122,58,56,114,236
08/05/2015,RST,MN,AGL,CE,Combined TRACON& Tower with Radar,7,12,43,9,71,0,8,29,0,37,7,20,72,9,108,48,26,74,182
08/06/2015,RST,MN,AGL,CE,Combined TRACON& Tower with Radar,8,10,30,0,48,0,1,11,0,12,8,11,41,0,60,18,0,18,78
08/07/2015,RST,MN,AGL,CE,Combined TRACON& Tower with Radar,7,27,28,0,62,0,9,11,0,20,7,36,39,0,82,2,0,2,84
08/08/2015,RST,MN,AGL,CE,Combined TRACON& Tower with Radar,7,12,14,0,33,0,0,8,0,8,7,12,22,0,41,8,0,8,49
08/09/2015,RST,MN,AGL,CE,Combined TRACON& Tower with Radar,6,24,32,0,62,0,1,25,2,28,6,25,57,2,90,10,0,10,100
08/10/2015,RST,MN,AGL,CE,Combined TRACON& Tower with Radar,7,22,34,0,63,0,3,20,0,23,7,25,54,0,86,10,0,10,96
08/11/2015,RST,MN,AGL,CE,Combined TRACON& Tower with Radar,10,30,40,3,83,0,3,28,1,32,10,33,68,4,115,22,2,24,139
08/12/2015,RST,MN,AGL,CE,Combined TRACON& Tower with Radar,8,24,38,0,70,0,2,21,0,23,8,26,59,0,93,110,0,110,203
08/13/2015,RST,MN,AGL,CE,Combined TRACON& Tower with Radar,8,29,30,0,67,0,3,14,0,17,8,32,44,0,84,8,0,8,92
08/14/2015,RST,MN,AGL,CE,Combined TRACON& Tower with Radar,8,20,38,0,66,0,10,15,0,25,8,30,53,0,91,32,0,32,123
08/15/2015,RST,MN,AGL,CE,Combined TRACON& Tower with Radar,7,17,24,0,48,0,2,23,0,25,7,19,47,0,73,50,0,50,123
08/16/2015,RST,MN,AGL,CE,Combined TRACON& Tower with Radar,6,21,29,0,56,0,0,14,0,14,6,21,43,0,70,54,0,54,124
08/17/2015,RST,MN,AGL,CE,Combined TRACON& Tower with Radar,9,20,20,0,49,0,6,7,0,13,9,26,27,0,62,22,0,22,84
08/18/2015,RST,MN,AGL,CE,Combined TRACON& Tower with Radar,8,12,12,0,32,0,0,2,0,2,8,12,14,0,34,0,0,0,34
08/19/2015,RST,MN,AGL,CE,Combined TRACON& Tower with Radar,7,31,35,0,73,0,8,3,0,11,7,39,38,0,84,2,0,2,86
08/20/2015,RST,MN,AGL,CE,Combined TRACON& Tower with Radar,8,20,27,0,55,0,8,38,0,46,8,28,65,0,101,30,0,30,131
08/21/2015,RST,MN,AGL,CE,Combined TRACON& Tower with Radar,10,16,18,0,44,0,0,24,0,24,10,16,42,0,68,36,0,36,104
08/22/2015,RST,MN,AGL,CE,Combined TRACON& Tower with Radar,7,12,11,0,30,0,4,8,0,12,7,16,19,0,42,18,0,18,60
08/23/2015,RST,MN,AGL,CE,Combined TRACON& Tower with Radar,6,17,13,0,36,0,0,7,0,7,6,17,20,0,43,12,0,12,55
08/24/2015,RST,MN,AGL,CE,Combined TRACON& Tower with Radar,7,12,33,0,52,0,4,11,0,15,7,16,44,0,67,16,0,16,83
08/25/2015,RST,MN,AGL,CE,Combined TRACON& Tower with Radar,8,20,41,17,86,0,1,47,10,58,8,21,88,27,144,62,50,112,256
08/26/2015,RST,MN,AGL,CE,Combined TRACON& Tower with Radar,8,25,21,0,54,0,7,36,0,43,8,32,57,0,97,29,0,29,126
08/27/2015,RST,MN,AGL,CE,Combined TRACON& Tower with Radar,9,19,33,2,63,0,9,33,0,42,9,28,66,2,105,20,0,20,125
08/28/2015,RST,MN,AGL,CE,Combined TRACON& Tower with Radar,8,17,15,0,40,0,0,0,0,0,8,17,15,0,40,0,0,0,40
08/29/2015,RST,MN,AGL,CE,Combined TRACON& Tower with Radar,7,18,13,0,38,0,0,14,0,14,7,18,27,0,52,66,0,66,118
08/30/2015,RST,MN,AGL,CE,Combined TRACON& Tower with Radar,6,18,14,0,38,0,0,14,0,14,6,18,28,0,52,32,0,32,84
08/31/2015,RST,MN,AGL,CE,Combined TRACON& Tower with Radar,8,19,26,0,53,0,0,11,0,11,8,19,37,0,64,26,0,26,90
09/01/2015,RST,MN,AGL,CE,Combined TRACON& Tower with Radar,8,25,45,0,78,0,2,11,0,13,8,27,56,0,91,10,0,10,101
09/02/2015,RST,MN,AGL,CE,Combined TRACON& Tower with Radar,6,21,28,0,55,0,4,13,0,17,6,25,41,0,72,41,0,41,113
09/03/2015,RST,MN,AGL,CE,Combined TRACON& Tower with Radar,7,26,27,0,60,0,3,14,0,17,7,29,41,0,77,40,0,40,117
09/04/2015,RST,MN,AGL,CE,Combined TRACON& Tower with Radar,8,25,41,0,74,0,5,15,0,20,8,30,56,0,94,28,0,28,122
09/05/2015,RST,MN,AGL,CE,Combined TRACON& Tower with Radar,5,13,17,0,35,0,5,12,0,17,5,18,29,0,52,14,0,14,66
09/06/2015,RST,MN,AGL,CE,Combined TRACON& Tower with Radar,6,7,7,0,20,0,4,1,0,5,6,11,8,0,25,0,0,0,25
09/07/2015,RST,MN,AGL,CE,Combined TRACON& Tower with Radar,4,21,21,0,46,0,2,13,0,15,4,23,34,0,61,56,0,56,117
09/08/2015,RST,MN,AGL,CE,Combined TRACON& Tower with Radar,5,11,31,18,65,0,1,22,0,23,5,12,53,18,88,56,26,82,170
09/09/2015,RST,MN,AGL,CE,Combined TRACON& Tower with Radar,7,21,28,1,57,0,3,30,0,33,7,24,58,1,90,40,0,40,130
09/10/2015,RST,MN,AGL,CE,Combined TRACON& Tower with Radar,6,32,18,4,60,0,1,17,1,19,6,33,35,5,79,10,6,16,95
09/11/2015,RST,MN,AGL,CE,Combined TRACON& Tower with Radar,6,18,26,0,50,0,6,25,0,31,6,24,51,0,81,22,0,22,103
09/12/2015,RST,MN,AGL,CE,Combined TRACON& Tower with Radar,5,18,15,0,38,0,4,43,0,47,5,22,58,0,85,22,0,22,107
09/13/2015,RST,MN,AGL,CE,Combined TRACON& Tower with Radar,5,20,27,0,52,0,3,39,0,42,5,23,66,0,94,36,0,36,130
09/14/2015,RST,MN,AGL,CE,Combined TRACON& Tower with Radar,8,19,33,0,60,0,4,29,0,33,8,23,62,0,93,41,0,41,134
09/15/2015,RST,MN,AGL,CE,Combined TRACON& Tower with Radar,10,39,36,0,85,0,0,5,0,5,10,39,41,0,90,2,0,2,92
09/16/2015,RST,MN,AGL,CE,Combined TRACON& Tower with Radar,7,27,27,0,61,0,0,6,0,6,7,27,33,0,67,2,0,2,69
09/17/2015,RST,MN,AGL,CE,Combined TRACON& Tower with Radar,7,19,21,0,47,0,0,2,0,2,7,19,23,0,49,4,0,4,53
09/18/2015,RST,MN,AGL,CE,Combined TRACON& Tower with Radar,8,17,32,1,58,0,3,10,0,13,8,20,42,1,71,68,0,68,139
09/19/2015,RST,MN,AGL,CE,Combined TRACON& Tower with Radar,6,19,20,0,45,0,0,42,0,42,6,19,62,0,87,76,0,76,163
09/20/2015,RST,MN,AGL,CE,Combined TRACON& Tower with Radar,5,20,20,2,47,0,4,23,0,27,5,24,43,2,74,0,0,0,74
09/21/2015,RST,MN,AGL,CE,Combined TRACON& Tower with Radar,7,23,25,10,65,0,0,14,0,14,7,23,39,10,79,35,26,61,140
09/22/2015,RST,MN,AGL,CE,Combined TRACON& Tower with Radar,9,34,35,0,78,0,2,23,0,25,9,36,58,0,103,64,0,64,167
09/23/2015,RST,MN,AGL,CE,Combined TRACON& Tower with Radar,6,18,43,15,82,0,0,11,2,13,6,18,54,17,95,28,40,68,163
09/24/2015,RST,MN,AGL,CE,Combined TRACON& Tower with Radar,7,36,31,1,75,0,10,20,1,31,7,46,51,2,106,38,2,40,146
09/25/2015,RST,MN,AGL,CE,Combined TRACON& Tower with Radar,8,25,18,0,51,0,11,28,0,39,8,36,46,0,90,94,0,94,184
09/26/2015,RST,MN,AGL,CE,Combined TRACON& Tower with Radar,9,18,16,0,43,0,9,28,0,37,9,27,44,0,80,4,0,4,84
09/27/2015,RST,MN,AGL,CE,Combined TRACON& Tower with Radar,6,21,21,1,49,0,1,26,0,27,6,22,47,1,76,26,0,26,102
09/28/2015,RST,MN,AGL,CE,Combined TRACON& Tower with Radar,9,17,38,0,64,0,0,11,0,11,9,17,49,0,75,12,0,12,87
09/29/2015,RST,MN,AGL,CE,Combined TRACON& Tower with Radar,10,25,28,17,80,0,0,32,0,32,10,25,60,17,112,80,30,110,222
09/30/2015,RST,MN,AGL,CE,Combined TRACON& Tower with Radar,6,23,31,32,92,0,4,25,0,29,6,27,56,32,121,14,134,148,269
10/01/2015,RST,MN,AGL,CE,Combined TRACON& Tower with Radar,7,24,28,27,86,0,4,17,0,21,7,28,45,27,107,24,60,84,191
10/02/2015,RST,MN,AGL,CE,Combined TRACON& Tower with Radar,7,23,31,1,62,0,3,17,0,20,7,26,48,1,82,26,0,26,108
10/03/2015,RST,MN,AGL,CE,Combined TRACON& Tower with Radar,5,17,11,0,33,0,3,21,0,24,5,20,32,0,57,72,0,72,129
10/04/2015,RST,MN,AGL,CE,Combined TRACON& Tower with Radar,5,23,47,0,75,0,1,18,0,19,5,24,65,0,94,36,0,36,130
10/05/2015,RST,MN,AGL,CE,Combined TRACON& Tower with Radar,8,25,27,2,62,0,1,11,0,12,8,26,38,2,74,54,0,54,128
10/06/2015,RST,MN,AGL,CE,Combined TRACON& Tower with Radar,9,24,42,19,94,0,0,40,0,40,9,24,82,19,134,70,94,164,298
10/07/2015,RST,MN,AGL,CE,Combined TRACON& Tower with Radar,6,35,38,9,88,0,0,18,5,23,6,35,56,14,111,78,34,112,223
10/08/2015,RST,MN,AGL,CE,Combined TRACON& Tower with Radar,8,28,39,17,92,0,0,9,4,13,8,28,48,21,105,4,12,16,121
10/09/2015,RST,MN,AGL,CE,Combined TRACON& Tower with Radar,8,18,28,0,54,0,0,28,0,28,8,18,56,0,82,4,0,4,86
10/10/2015,RST,MN,AGL,CE,Combined TRACON& Tower with Radar,6,16,21,0,43,0,9,14,2,25,6,25,35,2,68,2,0,2,70
10/11/2015,RST,MN,AGL,CE,Combined TRACON& Tower with Radar,5,24,23,1,53,0,4,23,0,27,5,28,46,1,80,0,0,0,80
10/12/2015,RST,MN,AGL,CE,Combined TRACON& Tower with Radar,7,18,19,1,45,0,3,5,0,8,7,21,24,1,53,0,0,0,53
10/13/2015,RST,MN,AGL,CE,Combined TRACON& Tower with Radar,7,33,42,28,110,0,5,32,0,37,7,38,74,28,147,64,42,106,253
10/14/2015,RST,MN,AGL,CE,Combined TRACON& Tower with Radar,6,35,32,2,75,0,12,28,9,49,6,47,60,11,124,36,20,56,180
10/15/2015,RST,MN,AGL,CE,Combined TRACON& Tower with Radar,7,23,24,11,65,0,10,8,6,24,7,33,32,17,89,18,24,42,131
10/16/2015,RST,MN,AGL,CE,Combined TRACON& Tower with Radar,8,29,21,0,58,0,8,40,0,48,8,37,61,0,106,55,0,55,161
10/17/2015,RST,MN,AGL,CE,Combined TRACON& Tower with Radar,6,11,13,0,30,0,0,40,0,40,6,11,53,0,70,54,0,54,124
10/18/2015,RST,MN,AGL,CE,Combined TRACON& Tower with Radar,5,25,23,0,53,0,14,22,0,36,5,39,45,0,89,0,0,0,89
10/19/2015,RST,MN,AGL,CE,Combined TRACON& Tower with Radar,9,22,26,0,57,0,0,3,0,3,9,22,29,0,60,0,0,0,60
10/20/2015,RST,MN,AGL,CE,Combined TRACON& Tower with Radar,8,30,27,12,77,0,0,21,3,24,8,30,48,15,101,68,48,116,217
10/21/2015,RST,MN,AGL,CE,Combined TRACON& Tower with Radar,8,25,44,16,93,0,0,24,8,32,8,25,68,24,125,30,24,54,179
10/22/2015,RST,MN,AGL,CE,Combined TRACON& Tower with Radar,7,25,53,2,87,0,0,38,0,38,7,25,91,2,125,48,0,48,173
10/23/2015,RST,MN,AGL,CE,Combined TRACON& Tower with Radar,8,13,13,0,34,0,0,0,0,0,8,13,13,0,34,0,0,0,34
10/24/2015,RST,MN,AGL,CE,Combined TRACON& Tower with Radar,6,13,12,0,31,0,2,1,0,3,6,15,13,0,34,12,0,12,46
10/25/2015,RST,MN,AGL,CE,Combined TRACON& Tower with Radar,5,21,23,0,49,0,0,52,0,52,5,21,75,0,101,42,0,42,143
10/26/2015,RST,MN,AGL,CE,Combined TRACON& Tower with Radar,7,14,20,9,50,0,0,15,0,15,7,14,35,9,65,20,24,44,109
10/27/2015,RST,MN,AGL,CE,Combined TRACON& Tower with Radar,9,28,31,2,70,0,4,6,0,10,9,32,37,2,80,4,0,4,84
10/28/2015,RST,MN,AGL,CE,Combined TRACON& Tower with Radar,9,15,29,0,53,0,0,0,0,0,9,15,29,0,53,0,0,0,53
10/29/2015,RST,MN,AGL,CE,Combined TRACON& Tower with Radar,7,20,25,4,56,0,0,1,0,1,7,20,26,4,57,0,0,0,57
10/30/2015,RST,MN,AGL,CE,Combined TRACON& Tower with Radar,6,18,30,0,54,0,0,6,0,6,6,18,36,0,60,20,0,20,80
10/31/2015,RST,MN,AGL,CE,Combined TRACON& Tower with Radar,8,16,20,0,44,0,0,2,0,2,8,16,22,0,46,12,0,12,58
11/01/2015,RST,MN,AGL,CE,Combined TRACON& Tower with Radar,4,27,43,0,74,0,0,37,0,37,4,27,80,0,111,72,0,72,183
11/02/2015,RST,MN,AGL,CE,Combined TRACON& Tower with Radar,5,23,27,0,55,0,1,24,0,25,5,24,51,0,80,64,0,64,144
11/03/2015,RST,MN,AGL,CE,Combined TRACON& Tower with Radar,6,23,30,23,82,0,1,23,5,29,6,24,53,28,111,12,66,78,189
11/04/2015,RST,MN,AGL,CE,Combined TRACON& Tower with Radar,6,24,45,17,92,0,0,3,0,3,6,24,48,17,95,22,48,70,165
11/05/2015,RST,MN,AGL,CE,Combined TRACON& Tower with Radar,6,22,29,18,75,0,1,1,0,2,6,23,30,18,77,0,0,0,77
11/06/2015,RST,MN,AGL,CE,Combined TRACON& Tower with Radar,6,18,20,0,44,0,0,14,0,14,6,18,34,0,58,24,0,24,82
11/07/2015,RST,MN,AGL,CE,Combined TRACON& Tower with Radar,7,21,15,0,43,0,7,22,0,29,7,28,37,0,72,76,0,76,148
11/08/2015,RST,MN,AGL,CE,Combined TRACON& Tower with Radar,4,25,22,0,51,0,0,23,1,24,4,25,45,1,75,46,0,46,121
11/09/2015,RST,MN,AGL,CE,Combined TRACON& Tower with Radar,5,21,34,0,60,0,10,37,0,47,5,31,71,0,107,105,0,105,212
11/10/2015,RST,MN,AGL,CE,Combined TRACON& Tower with Radar,8,18,32,8,66,0,0,25,0,25,8,18,57,8,91,28,0,28,119
11/11/2015,RST,MN,AGL,CE,Combined TRACON& Tower with Radar,9,19,15,0,43,0,0,2,0,2,9,19,17,0,45,20,0,20,65
11/12/2015,RST,MN,AGL,CE,Combined TRACON& Tower with Radar,7,33,18,21,79,0,8,4,0,12,7,41,22,21,91,16,50,66,157
11/13/2015,RST,MN,AGL,CE,Combined TRACON& Tower with Radar,6,21,33,1,61,0,3,26,0,29,6,24,59,1,90,46,0,46,136
11/14/2015,RST,MN,AGL,CE,Combined TRACON& Tower with Radar,5,23,19,0,47,0,6,36,0,42,5,29,55,0,89,110,0,110,199
11/15/2015,RST,MN,AGL,CE,Combined TRACON& Tower with Radar,4,26,18,0,48,0,6,37,0,43,4,32,55,0,91,76,0,76,167
11/16/2015,RST,MN,AGL,CE,Combined TRACON& Tower with Radar,5,45,28,1,79,0,2,0,0,2,5,47,28,1,81,0,0,0,81
11/17/2015,RST,MN,AGL,CE,Combined TRACON& Tower with Radar,7,19,28,9,63,0,0,2,0,2,7,19,30,9,65,0,0,0,65
11/18/2015,RST,MN,AGL,CE,Combined TRACON& Tower with Radar,6,23,44,11,84,0,0,5,0,5,6,23,49,11,89,4,22,26,115
11/19/2015,RST,MN,AGL,CE,Combined TRACON& Tower with Radar,6,21,23,6,56,0,2,4,0,6,6,23,27,6,62,8,14,22,84
11/20/2015,RST,MN,AGL,CE,Combined TRACON& Tower with Radar,5,22,19,13,59,0,1,15,0,16,5,23,34,13,75,26,34,60,135
11/21/2015,RST,MN,AGL,CE,Combined TRACON& Tower with Radar,4,11,14,0,29,0,4,17,0,21,4,15,31,0,50,30,0,30,80
11/22/2015,RST,MN,AGL,CE,Combined TRACON& Tower with Radar,4,10,21,0,35,0,0,29,0,29,4,10,50,0,64,12,0,12,76
11/23/2015,RST,MN,AGL,CE,Combined TRACON& Tower with Radar,5,23,37,12,77,0,2,46,0,48,5,25,83,12,125,120,4,124,249
11/24/2015,RST,MN,AGL,CE,Combined TRACON& Tower with Radar,7,22,35,10,74,0,4,26,0,30,7,26,61,10,104,36,26,62,166
11/25/2015,RST,MN,AGL,CE,Combined TRACON& Tower with Radar,7,21,25,0,53,0,2,6,0,8,7,23,31,0,61,12,0,12,73
11/26/2015,RST,MN,AGL,CE,Combined TRACON& Tower with Radar,3,8,6,0,17,0,0,0,0,0,3,8,6,0,17,0,0,0,17
11/27/2015,RST,MN,AGL,CE,Combined TRACON& Tower with Radar,5,13,10,0,28,0,2,9,2,13,5,15,19,2,41,62,0,62,103
11/28/2015,RST,MN,AGL,CE,Combined TRACON& Tower with Radar,5,20,13,0,38,0,0,44,0,44,5,20,57,0,82,42,0,42,124
11/29/2015,RST,MN,AGL,CE,Combined TRACON& Tower with Radar,4,18,22,0,44,0,3,36,0,39,4,21,58,0,83,8,0,8,91
11/30/2015,RST,MN,AGL,CE,Combined TRACON& Tower with Radar,5,19,19,0,43,0,0,0,0,0,5,19,19,0,43,0,0,0,43
12/01/2015,RST,MN,AGL,CE,Combined TRACON& Tower with Radar,12,29,19,27,87,0,2,1,0,3,12,31,20,27,90,0,58,58,148
12/02/2015,RST,MN,AGL,CE,Combined TRACON& Tower with Radar,11,19,18,24,72,0,0,2,0,2,11,19,20,24,74,0,4,4,78
12/03/2015,RST,MN,AGL,CE,Combined TRACON& Tower with Radar,11,19,17,3,50,0,0,21,2,23,11,19,38,5,73,84,0,84,157
12/04/2015,RST,MN,AGL,CE,Combined TRACON& Tower with Radar,8,18,26,0,52,0,0,53,0,53,8,18,79,0,105,58,0,58,163
12/05/2015,RST,MN,AGL,CE,Combined TRACON& Tower with Radar,5,13,22,1,41,0,0,22,0,22,5,13,44,1,63,10,0,10,73
12/06/2015,RST,MN,AGL,CE,Combined TRACON& Tower with Radar,5,28,16,2,51,0,0,2,0,2,5,28,18,2,53,0,0,0,53
12/07/2015,RST,MN,AGL,CE,Combined TRACON& Tower with Radar,7,25,22,24,78,0,0,7,0,7,7,25,29,24,85,30,46,76,161
12/08/2015,RST,MN,AGL,CE,Combined TRACON& Tower with Radar,11,27,40,12,90,0,5,17,1,23,11,32,57,13,113,47,16,63,176
12/09/2015,RST,MN,AGL,CE,Combined TRACON& Tower with Radar,10,29,42,6,87,0,2,47,0,49,10,31,89,6,136,80,10,90,226
12/10/2015,RST,MN,AGL,CE,Combined TRACON& Tower with Radar,10,43,30,0,83,0,2,7,0,9,10,45,37,0,92,0,0,0,92
12/11/2015,RST,MN,AGL,CE,Combined TRACON& Tower with Radar,8,19,41,11,79,0,0,20,0,20,8,19,61,11,99,34,18,52,151
12/12/2015,RST,MN,AGL,CE,Combined TRACON& Tower with Radar,6,16,7,0,29,0,0,0,0,0,6,16,7,0,29,0,0,0,29
12/13/2015,RST,MN,AGL,CE,Combined TRACON& Tower with Radar,5,15,6,0,26,0,0,0,0,0,5,15,6,0,26,0,0,0,26
12/14/2015,RST,MN,AGL,CE,Combined TRACON& Tower with Radar,5,25,22,0,52,0,0,0,0,0,5,25,22,0,52,0,0,0,52
12/15/2015,RST,MN,AGL,CE,Combined TRACON& Tower with Radar,9,30,21,25,85,0,2,1,2,5,9,32,22,27,90,30,44,74,164
12/16/2015,RST,MN,AGL,CE,Combined TRACON& Tower with Radar,10,20,26,8,64,0,2,0,0,2,10,22,26,8,66,0,0,0,66
12/17/2015,RST,MN,AGL,CE,Combined TRACON& Tower with Radar,10,16,32,4,62,0,0,4,0,4,10,16,36,4,66,18,10,28,94
12/18/2015,RST,MN,AGL,CE,Combined TRACON& Tower with Radar,8,17,23,1,49,0,3,7,0,10,8,20,30,1,59,22,0,22,81
12/19/2015,RST,MN,AGL,CE,Combined TRACON& Tower with Radar,5,16,13,0,34,0,0,52,0,52,5,16,65,0,86,58,0,58,144
12/20/2015,RST,MN,AGL,CE,Combined TRACON& Tower with Radar,4,17,10,0,31,0,0,8,0,8,4,17,18,0,39,24,0,24,63
12/21/2015,RST,MN,AGL,CE,Combined TRACON& Tower with Radar,7,13,23,8,51,0,0,2,0,2,7,13,25,8,53,0,0,0,53
12/22/2015,RST,MN,AGL,CE,Combined TRACON& Tower with Radar,10,25,29,5,69,0,0,0,0,0,10,25,29,5,69,0,0,0,69
12/23/2015,RST,MN,AGL,CE,Combined TRACON& Tower with Radar,9,18,8,0,35,0,0,0,0,0,9,18,8,0,35,0,0,0,35
12/24/2015,RST,MN,AGL,CE,Combined TRACON& Tower with Radar,5,18,16,0,39,0,0,5,0,5,5,18,21,0,44,0,0,0,44
12/25/2015,RST,MN,AGL,CE,Combined TRACON& Tower with Radar,0,9,2,0,11,0,0,0,0,0,0,9,2,0,11,0,0,0,11
12/26/2015,RST,MN,AGL,CE,Combined TRACON& Tower with Radar,4,9,4,0,17,0,0,0,0,0,4,9,4,0,17,0,0,0,17
12/27/2015,RST,MN,AGL,CE,Combined TRACON& Tower with Radar,4,14,12,1,31,0,1,6,0,7,4,15,18,1,38,0,0,0,38
12/28/2015,RST,MN,AGL,CE,Combined TRACON& Tower with Radar,4,3,6,1,14,0,1,5,0,6,4,4,11,1,20,4,0,4,24
12/29/2015,RST,MN,AGL,CE,Combined TRACON& Tower with Radar,8,21,14,0,43,0,0,2,0,2,8,21,16,0,45,0,0,0,45
12/30/2015,RST,MN,AGL,CE,Combined TRACON& Tower with Radar,8,15,11,0,34,0,0,0,0,0,8,15,11,0,34,0,0,0,34
12/31/2015,RST,MN,AGL,CE,Combined TRACON& Tower with Radar,5,17,26,1,49,0,4,20,0,24,5,21,46,1,73,8,0,8,81
01/01/2016,RST,MN,AGL,CE,Combined TRACON& Tower with Radar,3,11,9,0,23,0,0,3,0,3,3,11,12,0,26,22,0,22,48
01/02/2016,RST,MN,AGL,CE,Combined TRACON& Tower with Radar,5,14,16,0,35,0,0,36,0,36,5,14,52,0,71,26,0,26,97
01/03/2016,RST,MN,AGL,CE,Combined TRACON& Tower with Radar,4,16,16,0,36,0,0,3,0,3,4,16,19,0,39,0,0,0,39
01/04/2016,RST,MN,AGL,CE,Combined TRACON& Tower with Radar,6,18,22,0,46,0,0,12,0,12,6,18,34,0,58,8,0,8,66
01/05/2016,RST,MN,AGL,CE,Combined TRACON& Tower with Radar,7,22,25,0,54,0,2,24,0,26,7,24,49,0,80,28,0,28,108
01/06/2016,RST,MN,AGL,CE,Combined TRACON& Tower with Radar,6,16,25,21,68,0,0,7,0,7,6,16,32,21,75,1,56,57,132
01/07/2016,RST,MN,AGL,CE,Combined TRACON& Tower with Radar,6,19,17,0,42,0,0,0,0,0,6,19,17,0,42,0,0,0,42
01/08/2016,RST,MN,AGL,CE,Combined TRACON& Tower with Radar,6,22,13,0,41,0,0,0,0,0,6,22,13,0,41,0,0,0,41
01/09/2016,RST,MN,AGL,CE,Combined TRACON& Tower with Radar,5,19,9,0,33,0,0,4,0,4,5,19,13,0,37,2,0,2,39
01/10/2016,RST,MN,AGL,CE,Combined TRACON& Tower with Radar,3,21,3,0,27,0,5,10,2,17,3,26,13,2,44,4,0,4,48
01/11/2016,RST,MN,AGL,CE,Combined TRACON& Tower with Radar,6,18,20,0,44,0,0,2,0,2,6,18,22,0,46,0,0,0,46
01/12/2016,RST,MN,AGL,CE,Combined TRACON& Tower with Radar,7,30,13,8,58,0,7,5,0,12,7,37,18,8,70,0,30,30,100
01/13/2016,RST,MN,AGL,CE,Combined TRACON& Tower with Radar,6,43,11,18,78,0,2,16,8,26,6,45,27,26,104,18,42,60,164
01/14/2016,RST,MN,AGL,CE,Combined TRACON& Tower with Radar,6,29,19,23,77,0,0,12,0,12,6,29,31,23,89,0,64,64,153
01/15/2016,RST,MN,AGL,CE,Combined TRACON& Tower with Radar,6,40,31,0,77,0,0,1,0,1,6,40,32,0,78,0,0,0,78
01/16/2016,RST,MN,AGL,CE,Combined TRACON& Tower with Radar,5,24,12,1,42,0,1,2,0,3,5,25,14,1,45,0,0,0,45
01/17/2016,RST,MN,AGL,CE,Combined TRACON& Tower with Radar,3,15,10,0,28,0,8,1,0,9,3,23,11,0,37,0,0,0,37
01/18/2016,RST,MN,AGL,CE,Combined TRACON& Tower with Radar,6,18,22,0,46,0,2,3,0,5,6,20,25,0,51,0,0,0,51
01/19/2016,RST,MN,AGL,CE,Combined TRACON& Tower with Radar,6,25,23,0,54,0,1,13,0,14,6,26,36,0,68,2,0,2,70
01/20/2016,RST,MN,AGL,CE,Combined TRACON& Tower with Radar,6,21,21,0,48,0,0,6,0,6,6,21,27,0,54,16,0,16,70
01/21/2016,RST,MN,AGL,CE,Combined TRACON& Tower with Radar,6,20,32,7,65,0,0,0,0,0,6,20,32,7,65,0,0,0,65
01/22/2016,RST,MN,AGL,CE,Combined TRACON& Tower with Radar,6,28,20,0,54,0,2,8,0,10,6,30,28,0,64,38,0,38,102
01/23/2016,RST,MN,AGL,CE,Combined TRACON& Tower with Radar,5,15,8,0,28,0,1,2,0,3,5,16,10,0,31,14,0,14,45
01/24/2016,RST,MN,AGL,CE,Combined TRACON& Tower with Radar,3,20,14,0,37,0,0,0,0,0,3,20,14,0,37,0,0,0,37
01/25/2016,RST,MN,AGL,CE,Combined TRACON& Tower with Radar,6,22,11,0,39,0,0,0,0,0,6,22,11,0,39,0,0,0,39
01/26/2016,RST,MN,AGL,CE,Combined TRACON& Tower with Radar,6,31,17,7,61,0,1,0,0,1,6,32,17,7,62,0,18,18,80
01/27/2016,RST,MN,AGL,CE,Combined TRACON& Tower with Radar,6,23,29,16,74,0,0,7,0,7,6,23,36,16,81,0,16,16,97
01/28/2016,RST,MN,AGL,CE,Combined TRACON& Tower with Radar,6,19,29,7,61,0,3,7,0,10,6,22,36,7,71,26,22,48,119
01/29/2016,RST,MN,AGL,CE,Combined TRACON& Tower with Radar,8,16,24,4,52,0,0,2,0,2,8,16,26,4,54,24,0,24,78
01/30/2016,RST,MN,AGL,CE,Combined TRACON& Tower with Radar,5,15,28,0,48,0,0,68,0,68,5,15,96,0,116,72,0,72,188
01/31/2016,RST,MN,AGL,CE,Combined TRACON& Tower with Radar,3,17,12,0,32,0,0,28,0,28,3,17,40,0,60,62,0,62,122
02/01/2016,RST,MN,AGL,CE,Combined TRACON& Tower with Radar,2,11,17,0,30,0,0,0,0,0,2,11,17,0,30,0,0,0,30
02/02/2016,RST,MN,AGL,CE,Combined TRACON& Tower with Radar,1,5,3,0,9,0,0,0,0,0,1,5,3,0,9,0,0,0,9
02/03/2016,RST,MN,AGL,CE,Combined TRACON& Tower with Radar,6,24,23,0,53,0,0,3,0,3,6,24,26,0,56,6,0,6,62
02/04/2016,RST,MN,AGL,CE,Combined TRACON& Tower with Radar,6,27,23,0,56,0,3,6,0,9,6,30,29,0,65,2,0,2,67
02/05/2016,RST,MN,AGL,CE,Combined TRACON& Tower with Radar,6,20,23,0,49,0,0,16,0,16,6,20,39,0,65,24,0,24,89
02/06/2016,RST,MN,AGL,CE,Combined TRACON& Tower with Radar,5,21,20,0,46,0,3,4,0,7,5,24,24,0,53,0,0,0,53
02/07/2016,RST,MN,AGL,CE,Combined TRACON& Tower with Radar,4,17,11,0,32,0,0,5,0,5,4,17,16,0,37,0,0,0,37
02/08/2016,RST,MN,AGL,CE,Combined TRACON& Tower with Radar,5,16,24,8,53,0,1,0,0,1,5,17,24,8,54,18,0,18,72
02/09/2016,RST,MN,AGL,CE,Combined TRACON& Tower with Radar,6,21,21,15,63,0,4,12,1,17,6,25,33,16,80,4,68,72,152
02/10/2016,RST,MN,AGL,CE,Combined TRACON& Tower with Radar,6,27,35,1,69,0,3,19,5,27,6,30,54,6,96,2,18,20,116
02/11/2016,RST,MN,AGL,CE,Combined TRACON& Tower with Radar,6,20,21,1,48,0,2,15,3,20,6,22,36,4,68,14,2,16,84
02/12/2016,RST,MN,AGL,CE,Combined TRACON& Tower with Radar,6,23,25,0,54,0,0,12,0,12,6,23,37,0,66,0,0,0,66
02/13/2016,RST,MN,AGL,CE,Combined TRACON& Tower with Radar,5,27,11,0,43,0,0,14,0,14,5,27,25,0,57,6,0,6,63
02/14/2016,RST,MN,AGL,CE,Combined TRACON& Tower with Radar,4,9,16,0,29,0,0,0,0,0,4,9,16,0,29,0,0,0,29
02/15/2016,RST,MN,AGL,CE,Combined TRACON& Tower with Radar,5,28,24,0,57,0,0,0,0,0,5,28,24,0,57,0,0,0,57
02/16/2016,RST,MN,AGL,CE,Combined TRACON& Tower with Radar,6,21,30,11,68,0,1,11,4,16,6,22,41,15,84,0,26,26,110
02/17/2016,RST,MN,AGL,CE,Combined TRACON& Tower with Radar,6,30,30,22,88,0,5,25,0,30,6,35,55,22,118,114,52,166,284
02/18/2016,RST,MN,AGL,CE,Combined TRACON& Tower with Radar,10,22,18,0,50,0,0,3,0,3,10,22,21,0,53,0,0,0,53
02/19/2016,RST,MN,AGL,CE,Combined TRACON& Tower with Radar,6,19,20,1,46,0,2,3,0,5,6,21,23,1,51,0,0,0,51
02/20/2016,RST,MN,AGL,CE,Combined TRACON& Tower with Radar,5,19,24,1,49,0,0,15,0,15,5,19,39,1,64,18,0,18,82
02/21/2016,RST,MN,AGL,CE,Combined TRACON& Tower with Radar,4,18,13,0,35,0,0,20,0,20,4,18,33,0,55,44,0,44,99
02/22/2016,RST,MN,AGL,CE,Combined TRACON& Tower with Radar,5,27,39,18,89,0,1,14,0,15,5,28,53,18,104,38,46,84,188
02/23/2016,RST,MN,AGL,CE,Combined TRACON& Tower with Radar,8,22,14,10,54,0,0,7,0,7,8,22,21,10,61,6,36,42,103
02/24/2016,RST,MN,AGL,CE,Combined TRACON& Tower with Radar,6,18,23,11,58,0,0,4,1,5,6,18,27,12,63,20,22,42,105
02/25/2016,RST,MN,AGL,CE,Combined TRACON& Tower with Radar,9,22,27,0,58,0,0,9,0,9,9,22,36,0,67,10,0,10,77
02/26/2016,RST,MN,AGL,CE,Combined TRACON& Tower with Radar,6,20,24,0,50,0,0,24,0,24,6,20,48,0,74,51,0,51,125
02/27/2016,RST,MN,AGL,CE,Combined TRACON& Tower with Radar,6,14,12,0,32,0,1,33,0,34,6,15,45,0,66,44,0,44,110
02/28/2016,RST,MN,AGL,CE,Combined TRACON& Tower with Radar,7,15,22,0,44,0,3,5,0,8,7,18,27,0,52,6,0,6,58
02/29/2016,RST,MN,AGL,CE,Combined TRACON& Tower with Radar,5,23,20,10,58,0,0,7,0,7,5,23,27,10,65,2,32,34,99
03/01/2016,RST,MN,AGL,CE,Combined TRACON& Tower with Radar,6,15,16,18,55,0,0,19,19,38,6,15,35,37,93,16,101,117,210
03/02/2016,RST,MN,AGL,CE,Combined TRACON& Tower with Radar,6,19,20,0,45,0,3,25,0,28,6,22,45,0,73,20,0,20,93
03/03/2016,RST,MN,AGL,CE,Combined TRACON& Tower with Radar,6,22,19,0,47,0,0,9,0,9,6,22,28,0,56,90,0,90,146
03/04/2016,RST,MN,AGL,CE,Combined TRACON& Tower with Radar,8,25,22,0,55,0,0,0,0,0,8,25,22,0,55,0,0,0,55
03/05/2016,RST,MN,AGL,CE,Combined TRACON& Tower with Radar,5,19,3,0,27,0,1,18,0,19,5,20,21,0,46,74,0,74,120
03/06/2016,RST,MN,AGL,CE,Combined TRACON& Tower with Radar,6,21,22,0,49,0,7,2,0,9,6,28,24,0,58,0,0,0,58
03/07/2016,RST,MN,AGL,CE,Combined TRACON& Tower with Radar,5,30,41,0,76,0,0,20,0,20,5,30,61,0,96,14,0,14,110
03/08/2016,RST,MN,AGL,CE,Combined TRACON& Tower with Radar,6,25,29,0,60,0,3,1,0,4,6,28,30,0,64,0,0,0,64
03/09/2016,RST,MN,AGL,CE,Combined TRACON& Tower with Radar,6,29,22,0,57,0,2,5,0,7,6,31,27,0,64,46,0,46,110
03/10/2016,RST,MN,AGL,CE,Combined TRACON& Tower with Radar,6,24,29,0,59,0,0,25,0,25,6,24,54,0,84,39,8,47,131
03/11/2016,RST,MN,AGL,CE,Combined TRACON& Tower with Radar,8,18,20,0,46,0,10,35,0,45,8,28,55,0,91,60,0,60,151
03/12/2016,RST,MN,AGL,CE,Combined TRACON& Tower with Radar,5,11,21,0,37,0,7,28,0,35,5,18,49,0,72,56,0,56,128
03/13/2016,RST,MN,AGL,CE,Combined TRACON& Tower with Radar,6,17,31,0,54,0,0,8,0,8,6,17,39,0,62,14,0,14,76
03/14/2016,RST,MN,AGL,CE,Combined TRACON& Tower with Radar,5,24,27,0,56,0,0,0,0,0,5,24,27,0,56,0,0,0,56
03/15/2016,RST,MN,AGL,CE,Combined TRACON& Tower with Radar,6,19,29,0,54,0,0,0,0,0,6,19,29,0,54,0,0,0,54
03/16/2016,RST,MN,AGL,CE,Combined TRACON& Tower with Radar,6,22,39,1,68,0,1,1,0,2,6,23,40,1,70,0,0,0,70
03/17/2016,RST,MN,AGL,CE,Combined TRACON& Tower with Radar,6,29,41,7,83,0,2,9,0,11,6,31,50,7,94,12,82,94,188
03/18/2016,RST,MN,AGL,CE,Combined TRACON& Tower with Radar,8,18,17,19,62,0,0,2,0,2,8,18,19,19,64,8,0,8,72
03/19/2016,RST,MN,AGL,CE,Combined TRACON& Tower with Radar,5,16,91,8,120,0,0,1,0,1,5,16,92,8,121,12,0,12,133
03/20/2016,RST,MN,AGL,CE,Combined TRACON& Tower with Radar,6,22,29,0,57,0,0,39,0,39,6,22,68,0,96,88,0,88,184
03/21/2016,RST,MN,AGL,CE,Combined TRACON& Tower with Radar,5,30,31,27,93,0,8,10,3,21,5,38,41,30,114,16,56,72,186
03/22/2016,RST,MN,AGL,CE,Combined TRACON& Tower with Radar,6,23,33,26,88,0,5,39,0,44,6,28,72,26,132,74,50,124,256
03/23/2016,RST,MN,AGL,CE,Combined TRACON& Tower with Radar,6,14,10,0,30,0,0,0,0,0,6,14,10,0,30,0,0,0,30
03/24/2016,RST,MN,AGL,CE,Combined TRACON& Tower with Radar,6,18,11,0,35,0,3,8,0,11,6,21,19,0,46,16,0,16,62
03/25/2016,RST,MN,AGL,CE,Combined TRACON& Tower with Radar,10,17,22,0,49,0,0,42,0,42,10,17,64,0,91,12,0,12,103
03/26/2016,RST,MN,AGL,CE,Combined TRACON& Tower with Radar,5,21,11,0,37,0,1,3,0,4,5,22,14,0,41,36,0,36,77
03/27/2016,RST,MN,AGL,CE,Combined TRACON& Tower with Radar,6,17,6,0,29,0,1,0,0,1,6,18,6,0,30,0,0,0,30
03/28/2016,RST,MN,AGL,CE,Combined TRACON& Tower with Radar,4,16,21,1,42,0,2,57,0,59,4,18,78,1,101,126,0,126,227
03/29/2016,RST,MN,AGL,CE,Combined TRACON& Tower with Radar,7,17,26,9,59,0,2,12,0,14,7,19,38,9,73,24,22,46,119
03/30/2016,RST,MN,AGL,CE,Combined TRACON& Tower with Radar,5,26,36,0,67,0,0,3,0,3,5,26,39,0,70,32,0,32,102
03/31/2016,RST,MN,AGL,CE,Combined TRACON& Tower with Radar,6,27,27,2,62,0,0,1,0,1,6,27,28,2,63,0,0,0,63
04/01/2016,RST,MN,AGL,CE,Combined TRACON& Tower with Radar,8,23,16,0,47,0,0,9,0,9,8,23,25,0,56,36,0,36,92
04/02/2016,RST,MN,AGL,CE,Combined TRACON& Tower with Radar,5,15,0,0,20,0,0,6,0,6,5,15,6,0,26,12,0,12,38
04/03/2016,RST,MN,AGL,CE,Combined TRACON& Tower with Radar,6,22,9,0,37,0,4,14,0,18,6,26,23,0,55,34,0,34,89
04/04/2016,RST,MN,AGL,CE,Combined TRACON& Tower with Radar,5,26,25,0,56,0,3,10,0,13,5,29,35,0,69,14,0,14,83
04/05/2016,RST,MN,AGL,CE,Combined TRACON& Tower with Radar,9,17,31,20,77,0,0,5,0,5,9,17,36,20,82,0,52,52,134
04/06/2016,RST,MN,AGL,CE,Combined TRACON& Tower with Radar,6,18,10,22,56,0,0,4,0,4,6,18,14,22,60,6,64,70,130
04/07/2016,RST,MN,AGL,CE,Combined TRACON& Tower with Radar,6,24,13,21,64,0,2,6,1,9,6,26,19,22,73,9,88,97,170
04/08/2016,RST,MN,AGL,CE,Combined TRACON& Tower with Radar,8,20,14,0,42,0,0,3,0,3,8,20,17,0,45,12,0,12,57
04/09/2016,RST,MN,AGL,CE,Combined TRACON& Tower with Radar,5,16,16,0,37,0,1,43,0,44,5,17,59,0,81,53,0,53,134
04/10/2016,RST,MN,AGL,CE,Combined TRACON& Tower with Radar,7,18,21,0,46,0,0,47,2,49,7,18,68,2,95,54,0,54,149
04/11/2016,RST,MN,AGL,CE,Combined TRACON& Tower with Radar,5,24,25,14,68,0,6,11,0,17,5,30,36,14,85,14,56,70,155
04/12/2016,RST,MN,AGL,CE,Combined TRACON& Tower with Radar,6,17,30,10,63,0,2,34,0,36,6,19,64,10,99,140,70,210,309
04/13/2016,RST,MN,AGL,CE,Combined TRACON& Tower with Radar,6,18,32,24,80,0,2,31,2,35,6,20,63,26,115,42,78,120,235
04/14/2016,RST,MN,AGL,CE,Combined TRACON& Tower with Radar,7,20,22,2,51,0,1,28,0,29,7,21,50,2,80,32,0,32,112
04/15/2016,RST,MN,AGL,CE,Combined TRACON& Tower with Radar,8,20,21,5,54,0,0,29,0,29,8,20,50,5,83,48,14,62,145
04/16/2016,RST,MN,AGL,CE,Combined TRACON& Tower with Radar,5,17,16,2,40,0,2,38,5,45,5,19,54,7,85,82,16,98,183
04/17/2016,RST,MN,AGL,CE,Combined TRACON& Tower with Radar,6,14,16,0,36,0,0,36,0,36,6,14,52,0,72,100,0,100,172
04/18/2016,RST,MN,AGL,CE,Combined TRACON& Tower with Radar,5,18,28,18,69,0,2,36,0,38,5,20,64,18,107,96,42,138,245
04/19/2016,RST,MN,AGL,CE,Combined TRACON& Tower with Radar,6,25,20,12,63,0,1,10,2,13,6,26,30,14,76,74,66,140,216
04/20/2016,RST,MN,AGL,CE,Combined TRACON& Tower with Radar,6,27,29,0,62,0,0,4,0,4,6,27,33,0,66,43,0,43,109
04/21/2016,RST,MN,AGL,CE,Combined TRACON& Tower with Radar,6,23,21,16,66,0,0,24,0,24,6,23,45,16,90,53,44,97,187
04/22/2016,RST,MN,AGL,CE,Combined TRACON& Tower with Radar,10,29,42,0,81,0,2,34,1,37,10,31,76,1,118,142,0,142,260
04/23/2016,RST,MN,AGL,CE,Combined TRACON& Tower with Radar,5,16,27,0,48,0,1,34,0,35,5,17,61,0,83,54,0,54,137
04/24/2016,RST,MN,AGL,CE,Combined TRACON& Tower with Radar,6,16,19,0,41,0,0,10,0,10,6,16,29,0,51,16,0,16,67
04/25/2016,RST,MN,AGL,CE,Combined TRACON& Tower with Radar,7,24,28,0,59,0,0,9,0,9,7,24,37,0,68,4,0,4,72
04/26/2016,RST,MN,AGL,CE,Combined TRACON& Tower with Radar,6,23,32,4,65,0,1,4,0,5,6,24,36,4,70,6,62,68,138
04/27/2016,RST,MN,AGL,CE,Combined TRACON& Tower with Radar,6,28,34,18,86,0,8,2,0,10,6,36,36,18,96,20,6,26,122
04/28/2016,RST,MN,AGL,CE,Combined TRACON& Tower with Radar,6,32,28,2,68,0,2,0,0,2,6,34,28,2,70,0,0,0,70
04/29/2016,RST,MN,AGL,CE,Combined TRACON& Tower with Radar,11,25,35,0,71,0,1,16,0,17,11,26,51,0,88,64,0,64,152
04/30/2016,RST,MN,AGL,CE,Combined TRACON& Tower with Radar,6,18,7,0,31,0,0,16,0,16,6,18,23,0,47,34,0,34,81
05/01/2016,RST,MN,AGL,CE,Combined TRACON& Tower with Radar,6,14,19,0,39,0,2,39,0,41,6,16,58,0,80,66,0,66,146
05/02/2016,RST,MN,AGL,CE,Combined TRACON& Tower with Radar,5,24,18,0,47,0,0,57,0,57,5,24,75,0,104,6,0,6,110
05/03/2016,RST,MN,AGL,CE,Combined TRACON& Tower with Radar,6,22,24,24,76,0,0,19,5,24,6,22,43,29,100,2,66,68,168
05/04/2016,RST,MN,AGL,CE,Combined TRACON& Tower with Radar,6,23,31,7,67,0,0,38,20,58,6,23,69,27,125,20,36,56,181
05/05/2016,RST,MN,AGL,CE,Combined TRACON& Tower with Radar,6,14,19,23,62,0,0,24,1,25,6,14,43,24,87,68,10,78,165
05/06/2016,RST,MN,AGL,CE,Combined TRACON& Tower with Radar,6,20,26,0,52,0,0,16,0,16,6,20,42,0,68,32,0,32,100
05/07/2016,RST,MN,AGL,CE,Combined TRACON& Tower with Radar,9,20,20,0,49,0,0,14,0,14,9,20,34,0,63,28,0,28,91
05/08/2016,RST,MN,AGL,CE,Combined TRACON& Tower with Radar,5,14,30,0,49,0,3,37,0,40,5,17,67,0,89,48,0,48,137
05/09/2016,RST,MN,AGL,CE,Combined TRACON& Tower with Radar,5,22,35,0,62,0,1,10,0,11,5,23,45,0,73,22,0,22,95
05/10/2016,RST,MN,AGL,CE,Combined TRACON& Tower with Radar,7,33,56,0,96,0,0,3,0,3,7,33,59,0,99,0,0,0,99
05/11/2016,RST,MN,AGL,CE,Combined TRACON& Tower with Radar,8,22,52,4,86,0,0,0,0,0,8,22,52,4,86,6,0,6,92
05/12/2016,RST,MN,AGL,CE,Combined TRACON& Tower with Radar,5,28,26,16,75,0,0,18,0,18,5,28,44,16,93,2,48,50,143
05/13/2016,RST,MN,AGL,CE,Combined TRACON& Tower with Radar,6,21,35,0,62,0,0,6,0,6,6,21,41,0,68,0,0,0,68
05/14/2016,RST,MN,AGL,CE,Combined TRACON& Tower with Radar,6,11,21,0,38,0,2,23,0,25,6,13,44,0,63,28,0,28,91
05/15/2016,RST,MN,AGL,CE,Combined TRACON& Tower with Radar,7,20,22,0,49,0,1,43,0,44,7,21,65,0,93,24,0,24,117
05/16/2016,RST,MN,AGL,CE,Combined TRACON& Tower with Radar,5,29,24,0,58,0,2,20,0,22,5,31,44,0,80,12,0,12,92
05/17/2016,RST,MN,AGL,CE,Combined TRACON& Tower with Radar,8,28,22,0,58,0,0,30,0,30,8,28,52,0,88,32,0,32,120
05/18/2016,RST,MN,AGL,CE,Combined TRACON& Tower with Radar,6,27,35,0,68,0,1,30,0,31,6,28,65,0,99,40,0,40,139
05/19/2016,RST,MN,AGL,CE,Combined TRACON& Tower with Radar,6,32,21,0,59,0,1,11,0,12,6,33,32,0,71,18,0,18,89
05/20/2016,RST,MN,AGL,CE,Combined TRACON& Tower with Radar,6,35,51,0,92,2,1,35,0,38,8,36,86,0,130,48,0,48,178
05/21/2016,RST,MN,AGL,CE,Combined TRACON& Tower with Radar,6,18,25,16,65,0,0,33,0,33,6,18,58,16,98,50,54,104,202
05/22/2016,RST,MN,AGL,CE,Combined TRACON& Tower with Radar,5,15,23,0,43,0,0,33,0,33,5,15,56,0,76,26,0,26,102
05/23/2016,RST,MN,AGL,CE,Combined TRACON& Tower with Radar,7,23,37,0,67,0,2,2,0,4,7,25,39,0,71,0,0,0,71
05/24/2016,RST,MN,AGL,CE,Combined TRACON& Tower with Radar,6,16,34,12,68,0,0,27,0,27,6,16,61,12,95,46,26,72,167
05/25/2016,RST,MN,AGL,CE,Combined TRACON& Tower with Radar,6,23,21,3,53,0,0,4,0,4,6,23,25,3,57,41,6,47,104
05/26/2016,RST,MN,AGL,CE,Combined TRACON& Tower with Radar,6,27,34,0,67,0,1,39,0,40,6,28,73,0,107,28,0,28,135
05/27/2016,RST,MN,AGL,CE,Combined TRACON& Tower with Radar,6,24,42,0,72,0,2,15,0,17,6,26,57,0,89,34,0,34,123
05/28/2016,RST,MN,AGL,CE,Combined TRACON& Tower with Radar,6,12,26,0,44,0,0,8,0,8,6,12,34,0,52,32,0,32,84
05/29/2016,RST,MN,AGL,CE,Combined TRACON& Tower with Radar,5,9,13,0,27,0,0,17,0,17,5,9,30,0,44,0,0,0,44
05/30/2016,RST,MN,AGL,CE,Combined TRACON& Tower with Radar,4,23,26,0,53,0,0,53,0,53,4,23,79,0,106,56,0,56,162
05/31/2016,RST,MN,AGL,CE,Combined TRACON& Tower with Radar,5,23,27,16,71,0,0,10,0,10,5,23,37,16,81,0,50,50,131
06/01/2016,RST,MN,AGL,CE,Combined TRACON& Tower with Radar,5,27,26,2,60,0,4,23,0,27,5,31,49,2,87,14,0,14,101
06/02/2016,RST,MN,AGL,CE,Combined TRACON& Tower with Radar,10,24,36,19,89,0,4,46,1,51,10,28,82,20,140,41,24,65,205
06/03/2016,RST,MN,AGL,CE,Combined TRACON& Tower with Radar,10,18,33,0,61,0,0,22,0,22,10,18,55,0,83,70,0,70,153
06/04/2016,RST,MN,AGL,CE,Combined TRACON& Tower with Radar,6,13,9,0,28,0,0,22,0,22,6,13,31,0,50,16,0,16,66
06/05/2016,RST,MN,AGL,CE,Combined TRACON& Tower with Radar,7,22,34,0,63,0,0,27,0,27,7,22,61,0,90,101,0,101,191
06/06/2016,RST,MN,AGL,CE,Combined TRACON& Tower with Radar,5,19,36,0,60,0,2,13,2,17,5,21,49,2,77,6,0,6,83
06/07/2016,RST,MN,AGL,CE,Combined TRACON& Tower with Radar,6,20,31,7,64,0,0,29,3,32,6,20,60,10,96,42,30,72,168
06/08/2016,RST,MN,AGL,CE,Combined TRACON& Tower with Radar,8,21,39,30,98,0,0,22,0,22,8,21,61,30,120,18,54,72,192
06/09/2016,RST,MN,AGL,CE,Combined TRACON& Tower with Radar,6,31,49,0,86,0,0,19,0,19,6,31,68,0,105,40,0,40,145
06/10/2016,RST,MN,AGL,CE,Combined TRACON& Tower with Radar,8,26,34,0,68,0,4,25,0,29,8,30,59,0,97,2,0,2,99
06/11/2016,RST,MN,AGL,CE,Combined TRACON& Tower with Radar,8,15,7,2,32,0,1,91,1,93,8,16,98,3,125,26,20,46,171
06/12/2016,RST,MN,AGL,CE,Combined TRACON& Tower with Radar,6,24,21,0,51,0,8,12,2,22,6,32,33,2,73,0,0,0,73
06/13/2016,RST,MN,AGL,CE,Combined TRACON& Tower with Radar,4,24,13,5,46,0,0,10,3,13,4,24,23,8,59,32,20,52,111
06/14/2016,RST,MN,AGL,CE,Combined TRACON& Tower with Radar,6,18,13,6,43,0,0,5,0,5,6,18,18,6,48,2,12,14,62
06/15/2016,RST,MN,AGL,CE,Combined TRACON& Tower with Radar,6,32,40,19,97,0,2,21,2,25,6,34,61,21,122,34,22,56,178
06/16/2016,RST,MN,AGL,CE,Combined TRACON& Tower with Radar,10,26,20,0,56,0,2,34,0,36,10,28,54,0,92,32,0,32,124
06/17/2016,RST,MN,AGL,CE,Combined TRACON& Tower with Radar,8,17,32,0,57,0,0,28,0,28,8,17,60,0,85,40,0,40,125
06/18/2016,RST,MN,AGL,CE,Combined TRACON& Tower with Radar,6,18,17,2,43,0,2,64,0,66,6,20,81,2,109,30,0,30,139
06/19/2016,RST,MN,AGL,CE,Combined TRACON& Tower with Radar,6,23,27,0,56,0,0,35,0,35,6,23,62,0,91,22,0,22,113
06/20/2016,RST,MN,AGL,CE,Combined TRACON& Tower with Radar,6,14,28,0,48,0,0,31,0,31,6,14,59,0,79,18,0,18,97
06/21/2016,RST,MN,AGL,CE,Combined TRACON& Tower with Radar,6,27,31,15,79,0,1,47,3,51,6,28,78,18,130,38,64,102,232
06/22/2016,RST,MN,AGL,CE,Combined TRACON& Tower with Radar,8,20,31,0,59,0,0,8,0,8,8,20,39,0,67,26,0,26,93
06/23/2016,RST,MN,AGL,CE,Combined TRACON& Tower with Radar,6,23,34,6,69,0,0,12,0,12,6,23,46,6,81,36,0,36,117
06/24/2016,RST,MN,AGL,CE,Combined TRACON& Tower with Radar,8,25,24,0,57,0,2,34,0,36,8,27,58,0,93,68,0,68,161
06/25/2016,RST,MN,AGL,CE,Combined TRACON& Tower with Radar,6,15,13,0,34,0,1,30,0,31,6,16,43,0,65,18,0,18,83
06/26/2016,RST,MN,AGL,CE,Combined TRACON& Tower with Radar,5,14,13,0,32,0,1,34,0,35,5,15,47,0,67,4,0,4,71
06/27/2016,RST,MN,AGL,CE,Combined TRACON& Tower with Radar,5,34,33,0,72,0,4,37,0,41,5,38,70,0,113,26,0,26,139
06/28/2016,RST,MN,AGL,CE,Combined TRACON& Tower with Radar,6,23,24,5,58,0,4,44,1,49,6,27,68,6,107,34,4,38,145
06/29/2016,RST,MN,AGL,CE,Combined TRACON& Tower with Radar,6,29,36,2,73,0,0,33,1,34,6,29,69,3,107,12,10,22,129
06/30/2016,RST,MN,AGL,CE,Combined TRACON& Tower with Radar,6,21,12,27,66,0,3,12,1,16,6,24,24,28,82,16,57,73,155
07/01/2016,RST,MN,AGL,CE,Combined TRACON& Tower with Radar,8,16,25,0,49,0,8,19,0,27,8,24,44,0,76,14,0,14,90
07/02/2016,RST,MN,AGL,CE,Combined TRACON& Tower with Radar,7,10,16,0,33,0,3,43,0,46,7,13,59,0,79,8,0,8,87
07/03/2016,RST,MN,AGL,CE,Combined TRACON& Tower with Radar,4,13,16,0,33,0,1,51,0,52,4,14,67,0,85,56,0,56,141
07/04/2016,RST,MN,AGL,CE,Combined TRACON& Tower with Radar,4,14,15,0,33,0,2,31,0,33,4,16,46,0,66,60,0,60,126
07/05/2016,RST,MN,AGL,CE,Combined TRACON& Tower with Radar,12,20,25,0,57,0,0,21,0,21,12,20,46,0,78,42,0,42,120
07/06/2016,RST,MN,AGL,CE,Combined TRACON& Tower with Radar,6,18,34,0,58,0,2,14,2,18,6,20,48,2,76,46,0,46,122
07/07/2016,RST,MN,AGL,CE,Combined TRACON& Tower with Radar,6,24,22,0,52,0,0,14,0,14,6,24,36,0,66,12,0,12,78
07/08/2016,RST,MN,AGL,CE,Combined TRACON& Tower with Radar,8,13,26,12,59,0,1,16,1,18,8,14,42,13,77,52,0,52,129
07/09/2016,RST,MN,AGL,CE,Combined TRACON& Tower with Radar,5,11,21,0,37,0,1,75,0,76,5,12,96,0,113,39,0,39,152
07/10/2016,RST,MN,AGL,CE,Combined TRACON& Tower with Radar,6,28,12,0,46,0,0,11,0,11,6,28,23,0,57,0,0,0,57
07/11/2016,RST,MN,AGL,CE,Combined TRACON& Tower with Radar,7,23,16,0,46,0,0,8,0,8,7,23,24,0,54,0,0,0,54
07/12/2016,RST,MN,AGL,CE,Combined TRACON& Tower with Radar,8,34,46,18,106,0,1,36,1,38,8,35,82,19,144,46,14,60,204
07/13/2016,RST,MN,AGL,CE,Combined TRACON& Tower with Radar,8,16,22,6,52,0,0,14,3,17,8,16,36,9,69,2,18,20,89
07/14/2016,RST,MN,AGL,CE,Combined TRACON& Tower with Radar,8,31,21,7,67,0,4,13,7,24,8,35,34,14,91,8,68,76,167
07/15/2016,RST,MN,AGL,CE,Combined TRACON& Tower with Radar,6,29,17,0,52,0,0,25,0,25,6,29,42,0,77,58,0,58,135
07/16/2016,RST,MN,AGL,CE,Combined TRACON& Tower with Radar,5,14,13,0,32,0,4,65,0,69,5,18,78,0,101,58,0,58,159
07/17/2016,RST,MN,AGL,CE,Combined TRACON& Tower with Radar,6,17,9,0,32,0,2,16,2,20,6,19,25,2,52,10,0,10,62
07/18/2016,RST,MN,AGL,CE,Combined TRACON& Tower with Radar,7,23,43,2,75,0,6,30,1,37,7,29,73,3,112,48,8,56,168
07/19/2016,RST,MN,AGL,CE,Combined TRACON& Tower with Radar,8,19,34,23,84,0,3,17,2,22,8,22,51,25,106,20,58,78,184
07/20/2016,RST,MN,AGL,CE,Combined TRACON& Tower with Radar,8,23,27,16,74,0,1,11,0,12,8,24,38,16,86,24,40,64,150
07/21/2016,RST,MN,AGL,CE,Combined TRACON& Tower with Radar,8,20,31,8,67,0,1,9,0,10,8,21,40,8,77,18,8,26,103
07/22/2016,RST,MN,AGL,CE,Combined TRACON& Tower with Radar,8,24,26,0,58,0,0,23,0,23,8,24,49,0,81,78,0,78,159
07/23/2016,RST,MN,AGL,CE,Combined TRACON& Tower with Radar,5,15,7,0,27,0,0,6,0,6,5,15,13,0,33,12,0,12,45
07/24/2016,RST,MN,AGL,CE,Combined TRACON& Tower with Radar,6,27,17,0,50,0,3,49,0,52,6,30,66,0,102,96,0,96,198
07/25/2016,RST,MN,AGL,CE,Combined TRACON& Tower with Radar,8,17,37,12,74,0,0,46,0,46,8,17,83,12,120,82,16,98,218
07/26/2016,RST,MN,AGL,CE,Combined TRACON& Tower with Radar,8,35,38,13,94,0,5,63,3,71,8,40,101,16,165,140,34,174,339
07/27/2016,RST,MN,AGL,CE,Combined TRACON& Tower with Radar,8,21,15,2,46,0,1,28,0,29,8,22,43,2,75,48,0,48,123
07/28/2016,RST,MN,AGL,CE,Combined TRACON& Tower with Radar,8,20,30,1,59,0,1,2,1,4,8,21,32,2,63,0,0,0,63
07/29/2016,RST,MN,AGL,CE,Combined TRACON& Tower with Radar,8,13,23,0,44,0,1,32,0,33,8,14,55,0,77,142,0,142,219
07/30/2016,RST,MN,AGL,CE,Combined TRACON& Tower with Radar,5,14,15,0,34,0,3,24,0,27,5,17,39,0,61,82,0,82,143
07/31/2016,RST,MN,AGL,CE,Combined TRACON& Tower with Radar,6,12,20,0,38,0,3,39,0,42,6,15,59,0,80,78,0,78,158
08/01/2016,RST,MN,AGL,CE,Combined TRACON& Tower with Radar,7,21,21,0,49,0,0,16,0,16,7,21,37,0,65,0,0,0,65
08/02/2016,RST,MN,AGL,CE,Combined TRACON& Tower with Radar,8,18,36,5,67,0,2,15,6,23,8,20,51,11,90,72,78,150,240
08/03/2016,RST,MN,AGL,CE,Combined TRACON& Tower with Radar,8,21,31,14,74,0,0,28,2,30,8,21,59,16,104,70,16,86,190
08/04/2016,RST,MN,AGL,CE,Combined TRACON& Tower with Radar,17,38,18,0,73,0,4,8,0,12,17,42,26,0,85,4,0,4,89
08/05/2016,RST,MN,AGL,CE,Combined TRACON& Tower with Radar,10,12,31,0,53,0,0,42,0,42,10,12,73,0,95,100,0,100,195
08/06/2016,RST,MN,AGL,CE,Combined TRACON& Tower with Radar,6,14,17,1,38,0,0,34,2,36,6,14,51,3,74,6,0,6,80
08/07/2016,RST,MN,AGL,CE,Combined TRACON& Tower with Radar,6,14,27,1,48,0,0,55,0,55,6,14,82,1,103,66,0,66,169
08/08/2016,RST,MN,AGL,CE,Combined TRACON& Tower with Radar,7,17,29,4,57,0,0,27,4,31,7,17,56,8,88,2,32,34,122
08/09/2016,RST,MN,AGL,CE,Combined TRACON& Tower with Radar,8,20,32,0,60,0,0,34,0,34,8,20,66,0,94,36,0,36,130
08/10/2016,RST,MN,AGL,CE,Combined TRACON& Tower with Radar,14,23,32,0,69,0,0,7,0,7,14,23,39,0,76,14,0,14,90
08/11/2016,RST,MN,AGL,CE,Combined TRACON& Tower with Radar,10,19,12,0,41,0,0,11,0,11,10,19,23,0,52,4,0,4,56
08/12/2016,RST,MN,AGL,CE,Combined TRACON& Tower with Radar,8,17,25,0,50,0,0,4,0,4,8,17,29,0,54,6,0,6,60
08/13/2016,RST,MN,AGL,CE,Combined TRACON& Tower with Radar,5,17,14,0,36,0,0,36,0,36,5,17,50,0,72,40,0,40,112
08/14/2016,RST,MN,AGL,CE,Combined TRACON& Tower with Radar,10,17,28,0,55,0,1,51,0,52,10,18,79,0,107,68,0,68,175
08/15/2016,RST,MN,AGL,CE,Combined TRACON& Tower with Radar,7,23,29,0,59,0,0,44,0,44,7,23,73,0,103,112,0,112,215
08/16/2016,RST,MN,AGL,CE,Combined TRACON& Tower with Radar,6,21,29,12,68,0,1,26,0,27,6,22,55,12,95,22,22,44,139
08/17/2016,RST,MN,AGL,CE,Combined TRACON& Tower with Radar,8,32,39,6,85,0,5,24,0,29,8,37,63,6,114,16,18,34,148
08/18/2016,RST,MN,AGL,CE,Combined TRACON& Tower with Radar,8,17,17,0,42,0,0,12,0,12,8,17,29,0,54,2,0,2,56
08/19/2016,RST,MN,AGL,CE,Combined TRACON& Tower with Radar,8,16,18,0,42,0,0,11,0,11,8,16,29,0,53,20,0,20,73
08/20/2016,RST,MN,AGL,CE,Combined TRACON& Tower with Radar,5,16,20,0,41,0,0,4,0,4,5,16,24,0,45,40,0,40,85
08/21/2016,RST,MN,AGL,CE,Combined TRACON& Tower with Radar,6,23,27,0,56,0,0,70,0,70,6,23,97,0,126,110,0,110,236
08/22/2016,RST,MN,AGL,CE,Combined TRACON& Tower with Radar,7,21,34,6,68,0,0,12,0,12,7,21,46,6,80,22,20,42,122
08/23/2016,RST,MN,AGL,CE,Combined TRACON& Tower with Radar,6,24,24,6,60,0,0,14,0,14,6,24,38,6,74,16,18,34,108
08/24/2016,RST,MN,AGL,CE,Combined TRACON& Tower with Radar,6,33,30,0,69,0,1,9,0,10,6,34,39,0,79,9,0,9,88
08/25/2016,RST,MN,AGL,CE,Combined TRACON& Tower with Radar,8,18,33,0,59,0,2,47,1,50,8,20,80,1,109,73,0,73,182
08/26/2016,RST,MN,AGL,CE,Combined TRACON& Tower with Radar,8,13,38,0,59,0,1,43,0,44,8,14,81,0,103,50,0,50,153
08/27/2016,RST,MN,AGL,CE,Combined TRACON& Tower with Radar,6,24,22,0,52,0,1,0,0,1,6,25,22,0,53,0,0,0,53
08/28/2016,RST,MN,AGL,CE,Combined TRACON& Tower with Radar,5,18,32,0,55,0,2,15,0,17,5,20,47,0,72,34,0,34,106
08/29/2016,RST,MN,AGL,CE,Combined TRACON& Tower with Radar,9,19,35,0,63,0,2,21,0,23,9,21,56,0,86,64,0,64,150
08/30/2016,RST,MN,AGL,CE,Combined TRACON& Tower with Radar,6,17,26,20,69,0,0,30,0,30,6,17,56,20,99,102,42,144,243
08/31/2016,RST,MN,AGL,CE,Combined TRACON& Tower with Radar,6,31,39,20,96,0,0,40,0,40,6,31,79,20,136,42,8,50,186
09/01/2016,RST,MN,AGL,CE,Combined TRACON& Tower with Radar,10,17,39,12,78,0,3,36,0,39,10,20,75,12,117,48,42,90,207
09/02/2016,RST,MN,AGL,CE,Combined TRACON& Tower with Radar,8,15,23,0,46,0,0,53,0,53,8,15,76,0,99,88,0,88,187
09/03/2016,RST,MN,AGL,CE,Combined TRACON& Tower with Radar,6,9,37,0,52,0,0,27,0,27,6,9,64,0,79,14,0,14,93
09/04/2016,RST,MN,AGL,CE,Combined TRACON& Tower with Radar,6,12,6,0,24,0,0,10,0,10,6,12,16,0,34,10,0,10,44
09/05/2016,RST,MN,AGL,CE,Combined TRACON& Tower with Radar,5,11,15,0,31,0,0,5,0,5,5,11,20,0,36,36,0,36,72
09/06/2016,RST,MN,AGL,CE,Combined TRACON& Tower with Radar,8,19,36,0,63,0,0,4,0,4,8,19,40,0,67,8,0,8,75
09/07/2016,RST,MN,AGL,CE,Combined TRACON& Tower with Radar,8,18,37,0,63,0,2,3,0,5,8,20,40,0,68,36,0,36,104
09/08/2016,RST,MN,AGL,CE,Combined TRACON& Tower with Radar,9,20,48,12,89,0,0,31,0,31,9,20,79,12,120,91,2,93,213
09/09/2016,RST,MN,AGL,CE,Combined TRACON& Tower with Radar,8,23,36,18,85,0,0,8,0,8,8,23,44,18,93,16,0,16,109
09/10/2016,RST,MN,AGL,CE,Combined TRACON& Tower with Radar,5,14,22,0,41,0,3,77,0,80,5,17,99,0,121,32,0,32,153
09/11/2016,RST,MN,AGL,CE,Combined TRACON& Tower with Radar,4,19,24,0,47,0,0,45,0,45,4,19,69,0,92,58,0,58,150
09/12/2016,RST,MN,AGL,CE,Combined TRACON& Tower with Radar,7,13,32,0,52,0,2,23,0,25,7,15,55,0,77,72,0,72,149
09/13/2016,RST,MN,AGL,CE,Combined TRACON& Tower with Radar,10,21,36,12,79,0,2,19,0,21,10,23,55,12,100,44,2,46,146
09/14/2016,RST,MN,AGL,CE,Combined TRACON& Tower with Radar,8,29,30,0,67,0,0,44,2,46,8,29,74,2,113,110,0,110,223
09/15/2016,RST,MN,AGL,CE,Combined TRACON& Tower with Radar,8,35,26,0,69,0,0,6,0,6,8,35,32,0,75,35,0,35,110
09/16/2016,RST,MN,AGL,CE,Combined TRACON& Tower with Radar,8,25,31,0,64,0,0,19,0,19,8,25,50,0,83,32,0,32,115
09/17/2016,RST,MN,AGL,CE,Combined TRACON& Tower with Radar,6,17,14,0,37,0,0,4,0,4,6,17,18,0,41,4,0,4,45
09/18/2016,RST,MN,AGL,CE,Combined TRACON& Tower with Radar,5,20,26,0,51,0,0,43,0,43,5,20,69,0,94,40,0,40,134
09/19/2016,RST,MN,AGL,CE,Combined TRACON& Tower with Radar,7,26,29,23,85,0,0,27,0,27,7,26,56,23,112,36,74,110,222
09/20/2016,RST,MN,AGL,CE,Combined TRACON& Tower with Radar,10,22,30,28,90,0,2,44,0,46,10,24,74,28,136,22,82,104,240
09/21/2016,RST,MN,AGL,CE,Combined TRACON& Tower with Radar,11,23,34,8,76,0,0,5,0,5,11,23,39,8,81,0,0,0,81
09/22/2016,RST,MN,AGL,CE,Combined TRACON& Tower with Radar,11,21,47,2,81,0,0,8,0,8,11,21,55,2,89,10,0,10,99
09/23/2016,RST,MN,AGL,CE,Combined TRACON& Tower with Radar,8,19,43,0,70,0,1,4,0,5,8,20,47,0,75,27,0,27,102
09/24/2016,RST,MN,AGL,CE,Combined TRACON& Tower with Radar,5,16,25,10,56,0,1,2,0,3,5,17,27,10,59,0,0,0,59
09/25/2016,RST,MN,AGL,CE,Combined TRACON& Tower with Radar,6,16,23,4,49,0,0,13,0,13,6,16,36,4,62,28,0,28,90
09/26/2016,RST,MN,AGL,CE,Combined TRACON& Tower with Radar,7,21,44,0,72,0,2,30,0,32,7,23,74,0,104,20,0,20,124
09/27/2016,RST,MN,AGL,CE,Combined TRACON& Tower with Radar,7,25,37,0,69,0,8,13,0,21,7,33,50,0,90,22,0,22,112
09/28/2016,RST,MN,AGL,CE,Combined TRACON& Tower with Radar,8,24,42,10,84,0,1,18,0,19,8,25,60,10,103,32,20,52,155
09/29/2016,RST,MN,AGL,CE,Combined TRACON& Tower with Radar,8,17,28,0,53,0,0,35,0,35,8,17,63,0,88,16,0,16,104
09/30/2016,RST,MN,AGL,CE,Combined TRACON& Tower with Radar,8,19,40,0,67,0,2,30,0,32,8,21,70,0,99,44,0,44,143
10/01/2016,RST,MN,AGL,CE,Combined TRACON& Tower with Radar,5,16,36,1,58,0,1,17,1,19,5,17,53,2,77,68,0,68,145
10/02/2016,RST,MN,AGL,CE,Combined TRACON& Tower with Radar,6,23,21,0,50,0,2,37,0,39,6,25,58,0,89,26,0,26,115
10/03/2016,RST,MN,AGL,CE,Combined TRACON& Tower with Radar,5,20,30,0,55,0,0,17,0,17,5,20,47,0,72,20,0,20,92
10/04/2016,RST,MN,AGL,CE,Combined TRACON& Tower with Radar,6,25,22,20,73,0,0,10,0,10,6,25,32,20,83,0,52,52,135
10/05/2016,RST,MN,AGL,CE,Combined TRACON& Tower with Radar,6,18,26,4,54,0,2,16,5,23,6,20,42,9,77,10,16,26,103
10/06/2016,RST,MN,AGL,CE,Combined TRACON& Tower with Radar,8,22,33,0,63,0,4,20,0,24,8,26,53,0,87,14,0,14,101
10/07/2016,RST,MN,AGL,CE,Combined TRACON& Tower with Radar,6,21,38,2,67,0,3,10,0,13,6,24,48,2,80,0,0,0,80
10/08/2016,RST,MN,AGL,CE,Combined TRACON& Tower with Radar,5,10,13,0,28,0,0,43,0,43,5,10,56,0,71,50,0,50,121
10/09/2016,RST,MN,AGL,CE,Combined TRACON& Tower with Radar,4,25,21,0,50,0,1,43,0,44,4,26,64,0,94,58,0,58,152
10/10/2016,RST,MN,AGL,CE,Combined TRACON& Tower with Radar,5,35,30,0,70,0,1,23,0,24,5,36,53,0,94,18,0,18,112
10/11/2016,RST,MN,AGL,CE,Combined TRACON& Tower with Radar,6,25,36,20,87,0,5,31,0,36,6,30,67,20,123,24,58,82,205
10/12/2016,RST,MN,AGL,CE,Combined TRACON& Tower with Radar,6,33,33,0,72,0,0,8,0,8,6,33,41,0,80,6,0,6,86
10/13/2016,RST,MN,AGL,CE,Combined TRACON& Tower with Radar,6,23,26,0,55,0,2,46,0,48,6,25,72,0,103,54,0,54,157
10/14/2016,RST,MN,AGL,CE,Combined TRACON& Tower with Radar,6,30,25,0,61,0,0,13,0,13,6,30,38,0,74,16,0,16,90
10/15/2016,RST,MN,AGL,CE,Combined TRACON& Tower with Radar,5,19,12,0,36,0,4,0,0,4,5,23,12,0,40,0,0,0,40
10/16/2016,RST,MN,AGL,CE,Combined TRACON& Tower with Radar,4,19,21,0,44,0,4,28,0,32,4,23,49,0,76,14,0,14,90
10/17/2016,RST,MN,AGL,CE,Combined TRACON& Tower with Radar,5,22,24,18,69,0,6,3,0,9,5,28,27,18,78,0,36,36,114
10/18/2016,RST,MN,AGL,CE,Combined TRACON& Tower with Radar,8,18,27,6,59,0,7,56,2,65,8,25,83,8,124,80,0,80,204
10/19/2016,RST,MN,AGL,CE,Combined TRACON& Tower with Radar,6,18,28,0,52,0,7,24,0,31,6,25,52,0,83,38,0,38,121
10/20/2016,RST,MN,AGL,CE,Combined TRACON& Tower with Radar,6,19,42,0,67,0,6,25,2,33,6,25,67,2,100,52,0,52,152
10/21/2016,RST,MN,AGL,CE,Combined TRACON& Tower with Radar,6,18,25,1,50,0,0,28,0,28,6,18,53,1,78,108,2,110,188
10/22/2016,RST,MN,AGL,CE,Combined TRACON& Tower with Radar,5,13,19,0,37,0,0,33,0,33,5,13,52,0,70,18,0,18,88
10/23/2016,RST,MN,AGL,CE,Combined TRACON& Tower with Radar,4,20,30,1,55,0,2,31,0,33,4,22,61,1,88,36,0,36,124
10/24/2016,RST,MN,AGL,CE,Combined TRACON& Tower with Radar,5,27,53,0,85,0,5,52,0,57,5,32,105,0,142,62,0,62,204
10/25/2016,RST,MN,AGL,CE,Combined TRACON& Tower with Radar,8,41,44,0,93,0,5,5,0,10,8,46,49,0,103,16,0,16,119
10/26/2016,RST,MN,AGL,CE,Combined TRACON& Tower with Radar,6,30,34,2,72,0,0,0,0,0,6,30,34,2,72,0,0,0,72
10/27/2016,RST,MN,AGL,CE,Combined TRACON& Tower with Radar,6,35,44,2,87,0,0,0,0,0,6,35,44,2,87,0,0,0,87
10/28/2016,RST,MN,AGL,CE,Combined TRACON& Tower with Radar,6,29,28,0,63,0,2,6,0,8,6,31,34,0,71,1,0,1,72
10/29/2016,RST,MN,AGL,CE,Combined TRACON& Tower with Radar,5,16,12,0,33,0,0,1,0,1,5,16,13,0,34,0,0,0,34
10/30/2016,RST,MN,AGL,CE,Combined TRACON& Tower with Radar,4,23,29,2,58,0,9,24,0,33,4,32,53,2,91,34,0,34,125
10/31/2016,RST,MN,AGL,CE,Combined TRACON& Tower with Radar,6,21,22,0,49,0,0,0,0,0,6,21,22,0,49,0,0,0,49
11/01/2016,RST,MN,AGL,CE,Combined TRACON& Tower with Radar,9,29,16,4,58,0,3,29,2,34,9,32,45,6,92,58,26,84,176
11/02/2016,RST,MN,AGL,CE,Combined TRACON& Tower with Radar,8,19,25,0,52,0,2,20,0,22,8,21,45,0,74,54,0,54,128
11/03/2016,RST,MN,AGL,CE,Combined TRACON& Tower with Radar,8,17,12,18,55,0,0,30,2,32,8,17,42,20,87,23,40,63,150
11/04/2016,RST,MN,AGL,CE,Combined TRACON& Tower with Radar,8,33,26,0,67,0,1,40,2,43,8,34,66,2,110,56,0,56,166
11/05/2016,RST,MN,AGL,CE,Combined TRACON& Tower with Radar,5,11,18,0,34,0,0,45,0,45,5,11,63,0,79,12,0,12,91
11/06/2016,RST,MN,AGL,CE,Combined TRACON& Tower with Radar,4,26,20,0,50,0,2,35,0,37,4,28,55,0,87,54,0,54,141
11/07/2016,RST,MN,AGL,CE,Combined TRACON& Tower with Radar,5,26,25,0,56,0,0,26,0,26,5,26,51,0,82,26,0,26,108
11/08/2016,RST,MN,AGL,CE,Combined TRACON& Tower with Radar,10,19,34,8,71,0,2,17,9,28,10,21,51,17,99,0,36,36,135
11/09/2016,RST,MN,AGL,CE,Combined TRACON& Tower with Radar,8,24,40,0,72,0,0,23,0,23,8,24,63,0,95,18,0,18,113
11/10/2016,RST,MN,AGL,CE,Combined TRACON& Tower with Radar,8,24,22,2,56,0,6,19,7,32,8,30,41,9,88,6,48,54,142
11/11/2016,RST,MN,AGL,CE,Combined TRACON& Tower with Radar,8,20,27,0,55,0,0,29,0,29,8,20,56,0,84,82,0,82,166
11/12/2016,RST,MN,AGL,CE,Combined TRACON& Tower with Radar,5,16,11,0,32,0,3,28,0,31,5,19,39,0,63,30,0,30,93
11/13/2016,RST,MN,AGL,CE,Combined TRACON& Tower with Radar,4,21,17,0,42,0,0,17,0,17,4,21,34,0,59,36,0,36,95
11/14/2016,RST,MN,AGL,CE,Combined TRACON& Tower with Radar,5,26,30,0,61,0,4,13,0,17,5,30,43,0,78,8,0,8,86
11/15/2016,RST,MN,AGL,CE,Combined TRACON& Tower with Radar,8,24,39,0,71,0,2,16,0,18,8,26,55,0,89,22,0,22,111
11/16/2016,RST,MN,AGL,CE,Combined TRACON& Tower with Radar,12,22,42,0,76,0,2,33,0,35,12,24,75,0,111,54,0,54,165
11/17/2016,RST,MN,AGL,CE,Combined TRACON& Tower with Radar,8,38,38,0,84,0,5,22,0,27,8,43,60,0,111,26,2,28,139
11/18/2016,RST,MN,AGL,CE,Combined TRACON& Tower with Radar,9,32,21,0,62,0,0,2,0,2,9,32,23,0,64,2,0,2,66
11/19/2016,RST,MN,AGL,CE,Combined TRACON& Tower with Radar,7,22,7,0,36,0,2,11,0,13,7,24,18,0,49,10,0,10,59
11/20/2016,RST,MN,AGL,CE,Combined TRACON& Tower with Radar,4,25,19,0,48,0,0,25,0,25,4,25,44,0,73,50,0,50,123
11/21/2016,RST,MN,AGL,CE,Combined TRACON& Tower with Radar,6,12,24,10,52,0,1,20,0,21,6,13,44,10,73,58,18,76,149
11/22/2016,RST,MN,AGL,CE,Combined TRACON& Tower with Radar,11,18,22,0,51,0,1,0,0,1,11,19,22,0,52,0,0,0,52
11/23/2016,RST,MN,AGL,CE,Combined TRACON& Tower with Radar,10,18,14,0,42,0,0,0,0,0,10,18,14,0,42,0,0,0,42
11/24/2016,RST,MN,AGL,CE,Combined TRACON& Tower with Radar,3,5,1,0,9,0,0,0,0,0,3,5,1,0,9,0,0,0,9
11/25/2016,RST,MN,AGL,CE,Combined TRACON& Tower with Radar,8,12,5,0,25,0,0,0,0,0,8,12,5,0,25,46,0,46,71
11/26/2016,RST,MN,AGL,CE,Combined TRACON& Tower with Radar,5,10,9,0,24,0,0,37,0,37,5,10,46,0,61,24,0,24,85
11/27/2016,RST,MN,AGL,CE,Combined TRACON& Tower with Radar,6,29,36,0,71,0,0,12,0,12,6,29,48,0,83,10,0,10,93
11/28/2016,RST,MN,AGL,CE,Combined TRACON& Tower with Radar,5,27,14,35,81,0,0,0,0,0,5,27,14,35,81,0,38,38,119
11/29/2016,RST,MN,AGL,CE,Combined TRACON& Tower with Radar,10,22,32,20,84,0,0,5,0,5,10,22,37,20,89,0,52,52,141
11/30/2016,RST,MN,AGL,CE,Combined TRACON& Tower with Radar,10,21,21,0,52,0,0,0,0,0,10,21,21,0,52,0,0,0,52
12/01/2016,RST,MN,AGL,CE,Combined TRACON& Tower with Radar,10,24,21,0,55,0,0,0,0,0,10,24,21,0,55,0,4,4,59
12/02/2016,RST,MN,AGL,CE,Combined TRACON& Tower with Radar,8,18,23,0,49,0,0,11,0,11,8,18,34,0,60,26,0,26,86
12/03/2016,RST,MN,AGL,CE,Combined TRACON& Tower with Radar,6,16,19,0,41,0,0,16,0,16,6,16,35,0,57,16,0,16,73
12/04/2016,RST,MN,AGL,CE,Combined TRACON& Tower with Radar,5,18,23,0,46,0,0,0,0,0,5,18,23,0,46,0,0,0,46
12/05/2016,RST,MN,AGL,CE,Combined TRACON& Tower with Radar,5,27,27,5,64,0,0,6,0,6,5,27,33,5,70,2,0,2,72
12/06/2016,RST,MN,AGL,CE,Combined TRACON& Tower with Radar,10,36,27,4,77,0,2,3,1,6,10,38,30,5,83,0,10,10,93
12/07/2016,RST,MN,AGL,CE,Combined TRACON& Tower with Radar,11,25,26,14,76,0,0,0,0,0,11,25,26,14,76,0,34,34,110
12/08/2016,RST,MN,AGL,CE,Combined TRACON& Tower with Radar,11,27,32,1,71,0,2,2,0,4,11,29,34,1,75,0,0,0,75
12/09/2016,RST,MN,AGL,CE,Combined TRACON& Tower with Radar,8,22,33,1,64,0,2,15,2,19,8,24,48,3,83,22,0,22,105
12/10/2016,RST,MN,AGL,CE,Combined TRACON& Tower with Radar,6,12,10,2,30,0,0,5,0,5,6,12,15,2,35,0,0,0,35
12/11/2016,RST,MN,AGL,CE,Combined TRACON& Tower with Radar,5,10,12,0,27,0,0,0,0,0,5,10,12,0,27,0,0,0,27
12/12/2016,RST,MN,AGL,CE,Combined TRACON& Tower with Radar,5,29,41,27,102,0,3,4,1,8,5,32,45,28,110,4,62,66,176
12/13/2016,RST,MN,AGL,CE,Combined TRACON& Tower with Radar,10,28,33,0,71,0,0,8,0,8,10,28,41,0,79,16,0,16,95
12/14/2016,RST,MN,AGL,CE,Combined TRACON& Tower with Radar,9,21,37,0,67,0,1,18,0,19,9,22,55,0,86,4,0,4,90
12/15/2016,RST,MN,AGL,CE,Combined TRACON& Tower with Radar,10,23,26,2,61,0,3,8,0,11,10,26,34,2,72,0,0,0,72
12/16/2016,RST,MN,AGL,CE,Combined TRACON& Tower with Radar,8,15,8,0,31,0,0,4,0,4,8,15,12,0,35,6,0,6,41
12/17/2016,RST,MN,AGL,CE,Combined TRACON& Tower with Radar,5,14,5,0,24,0,1,0,0,1,5,15,5,0,25,0,0,0,25
12/18/2016,RST,MN,AGL,CE,Combined TRACON& Tower with Radar,0,1,2,0,3,0,0,0,2,2,0,1,2,2,5,0,0,0,5
12/19/2016,RST,MN,AGL,CE,Combined TRACON& Tower with Radar,7,20,28,22,77,0,2,8,4,14,7,22,36,26,91,15,44,59,150
12/20/2016,RST,MN,AGL,CE,Combined TRACON& Tower with Radar,10,21,38,0,69,0,2,18,0,20,10,23,56,0,89,50,0,50,139
12/21/2016,RST,MN,AGL,CE,Combined TRACON& Tower with Radar,9,19,46,0,74,0,2,19,0,21,9,21,65,0,95,18,0,18,113
12/22/2016,RST,MN,AGL,CE,Combined TRACON& Tower with Radar,10,19,28,0,57,0,0,47,0,47,10,19,75,0,104,69,0,69,173
12/23/2016,RST,MN,AGL,CE,Combined TRACON& Tower with Radar,8,15,21,0,44,0,0,5,0,5,8,15,26,0,49,0,0,0,49
12/24/2016,RST,MN,AGL,CE,Combined TRACON& Tower with Radar,4,13,12,1,30,0,0,0,0,0,4,13,12,1,30,0,0,0,30
12/25/2016,RST,MN,AGL,CE,Combined TRACON& Tower with Radar,1,9,0,0,10,0,0,0,0,0,1,9,0,0,10,0,0,0,10
12/26/2016,RST,MN,AGL,CE,Combined TRACON& Tower with Radar,6,15,4,0,25,0,2,0,0,2,6,17,4,0,27,0,0,0,27
12/27/2016,RST,MN,AGL,CE,Combined TRACON& Tower with Radar,5,18,27,16,66,0,2,12,0,14,5,20,39,16,80,8,46,54,134
12/28/2016,RST,MN,AGL,CE,Combined TRACON& Tower with Radar,6,25,30,18,79,0,1,11,0,12,6,26,41,18,91,4,48,52,143
12/29/2016,RST,MN,AGL,CE,Combined TRACON& Tower with Radar,6,10,8,10,34,0,0,0,3,3,6,10,8,13,37,0,38,38,75
12/30/2016,RST,MN,AGL,CE,Combined TRACON& Tower with Radar,6,14,10,1,31,0,0,27,0,27,6,14,37,1,58,50,0,50,108
12/31/2016,RST,MN,AGL,CE,Combined TRACON& Tower with Radar,4,12,4,0,20,0,2,13,0,15,4,14,17,0,35,6,0,6,41
01/01/2017,RST,MN,AGL,CE,Combined TRACON& Tower with Radar,1,10,12,0,23,0,0,33,0,33,1,10,45,0,56,28,0,28,84
01/02/2017,RST,MN,AGL,CE,Combined TRACON& Tower with Radar,4,21,7,0,32,0,1,1,0,2,4,22,8,0,34,0,0,0,34
01/03/2017,RST,MN,AGL,CE,Combined TRACON& Tower with Radar,4,13,17,0,34,0,0,2,0,2,4,13,19,0,36,0,0,0,36
01/04/2017,RST,MN,AGL,CE,Combined TRACON& Tower with Radar,6,23,23,0,52,0,6,5,0,11,6,29,28,0,63,2,0,2,65
01/05/2017,RST,MN,AGL,CE,Combined TRACON& Tower with Radar,6,17,16,2,41,0,0,4,2,6,6,17,20,4,47,0,10,10,57
01/06/2017,RST,MN,AGL,CE,Combined TRACON& Tower with Radar,6,23,24,14,67,0,1,8,0,9,6,24,32,14,76,7,46,53,129
01/07/2017,RST,MN,AGL,CE,Combined TRACON& Tower with Radar,5,16,14,0,35,0,2,6,0,8,5,18,20,0,43,2,0,2,45
01/08/2017,RST,MN,AGL,CE,Combined TRACON& Tower with Radar,4,18,13,0,35,0,0,7,0,7,4,18,20,0,42,0,0,0,42
01/09/2017,RST,MN,AGL,CE,Combined TRACON& Tower with Radar,4,23,24,0,51,0,1,5,0,6,4,24,29,0,57,0,0,0,57
01/10/2017,RST,MN,AGL,CE,Combined TRACON& Tower with Radar,8,20,6,0,34,0,1,0,0,1,8,21,6,0,35,0,0,0,35
01/11/2017,RST,MN,AGL,CE,Combined TRACON& Tower with Radar,6,21,21,0,48,0,0,1,0,1,6,21,22,0,49,0,0,0,49
01/12/2017,RST,MN,AGL,CE,Combined TRACON& Tower with Radar,5,23,29,5,62,0,5,6,11,22,5,28,35,16,84,0,44,44,128
01/13/2017,RST,MN,AGL,CE,Combined TRACON& Tower with Radar,6,27,27,0,60,0,1,3,0,4,6,28,30,0,64,20,0,20,84
01/14/2017,RST,MN,AGL,CE,Combined TRACON& Tower with Radar,6,19,12,0,37,0,4,11,0,15,6,23,23,0,52,38,0,38,90
01/15/2017,RST,MN,AGL,CE,Combined TRACON& Tower with Radar,4,13,30,0,47,0,2,22,0,24,4,15,52,0,71,24,0,24,95
01/16/2017,RST,MN,AGL,CE,Combined TRACON& Tower with Radar,5,14,16,0,35,0,0,0,0,0,5,14,16,0,35,0,0,0,35
01/17/2017,RST,MN,AGL,CE,Combined TRACON& Tower with Radar,6,25,19,0,50,0,0,0,0,0,6,25,19,0,50,0,0,0,50
01/18/2017,RST,MN,AGL,CE,Combined TRACON& Tower with Radar,6,20,43,0,69,0,0,0,0,0,6,20,43,0,69,0,0,0,69
01/19/2017,RST,MN,AGL,CE,Combined TRACON& Tower with Radar,6,16,12,0,34,0,0,6,0,6,6,16,18,0,40,0,0,0,40
01/20/2017,RST,MN,AGL,CE,Combined TRACON& Tower with Radar,2,13,17,0,32,0,0,0,0,0,2,13,17,0,32,0,0,0,32
01/21/2017,RST,MN,AGL,CE,Combined TRACON& Tower with Radar,5,17,4,0,26,0,0,0,0,0,5,17,4,0,26,0,0,0,26
01/22/2017,RST,MN,AGL,CE,Combined TRACON& Tower with Radar,4,20,16,1,41,0,0,0,0,0,4,20,16,1,41,0,0,0,41
01/23/2017,RST,MN,AGL,CE,Combined TRACON& Tower with Radar,7,24,23,0,54,0,0,0,0,0,7,24,23,0,54,0,0,0,54
01/24/2017,RST,MN,AGL,CE,Combined TRACON& Tower with Radar,7,16,21,0,44,0,0,1,0,1,7,16,22,0,45,0,0,0,45
01/25/2017,RST,MN,AGL,CE,Combined TRACON& Tower with Radar,7,15,8,0,30,0,0,0,0,0,7,15,8,0,30,0,0,0,30
01/26/2017,RST,MN,AGL,CE,Combined TRACON& Tower with Radar,6,19,26,0,51,0,0,0,0,0,6,19,26,0,51,0,0,0,51
01/27/2017,RST,MN,AGL,CE,Combined TRACON& Tower with Radar,6,25,19,0,50,0,6,33,0,39,6,31,52,0,89,70,0,70,159
01/28/2017,RST,MN,AGL,CE,Combined TRACON& Tower with Radar,7,16,30,0,53,0,0,6,0,6,7,16,36,0,59,27,0,27,86
01/29/2017,RST,MN,AGL,CE,Combined TRACON& Tower with Radar,4,21,17,0,42,0,0,18,0,18,4,21,35,0,60,14,0,14,74
01/30/2017,RST,MN,AGL,CE,Combined TRACON& Tower with Radar,5,21,13,0,39,0,0,4,0,4,5,21,17,0,43,0,0,0,43
01/31/2017,RST,MN,AGL,CE,Combined TRACON& Tower with Radar,7,29,31,16,83,0,0,0,0,0,7,29,31,16,83,0,34,34,117
02/01/2017,RST,MN,AGL,CE,Combined TRACON& Tower with Radar,9,17,25,3,54,0,1,8,0,9,9,18,33,3,63,38,0,38,101
02/02/2017,RST,MN,AGL,CE,Combined TRACON& Tower with Radar,6,24,20,0,50,0,3,14,2,19,6,27,34,2,69,18,0,18,87
02/03/2017,RST,MN,AGL,CE,Combined TRACON& Tower with Radar,8,27,32,0,67,0,8,24,2,34,8,35,56,2,101,8,0,8,109
02/04/2017,RST,MN,AGL,CE,Combined TRACON& Tower with Radar,5,16,8,0,29,0,6,16,0,22,5,22,24,0,51,12,0,12,63
02/05/2017,RST,MN,AGL,CE,Combined TRACON& Tower with Radar,4,20,19,0,43,0,0,29,0,29,4,20,48,0,72,28,0,28,100
02/06/2017,RST,MN,AGL,CE,Combined TRACON& Tower with Radar,7,21,34,0,62,0,1,14,0,15,7,22,48,0,77,64,0,64,141
02/07/2017,RST,MN,AGL,CE,Combined TRACON& Tower with Radar,6,37,18,4,65,0,0,0,0,0,6,37,18,4,65,0,0,0,65
02/08/2017,RST,MN,AGL,CE,Combined TRACON& Tower with Radar,6,18,22,0,46,0,0,12,1,13,6,18,34,1,59,18,2,20,79
02/09/2017,RST,MN,AGL,CE,Combined TRACON& Tower with Radar,6,31,38,0,75,0,7,26,0,33,6,38,64,0,108,18,0,18,126
02/10/2017,RST,MN,AGL,CE,Combined TRACON& Tower with Radar,8,28,22,1,59,0,5,11,1,17,8,33,33,2,76,60,0,60,136
02/11/2017,RST,MN,AGL,CE,Combined TRACON& Tower with Radar,5,13,18,0,36,0,0,39,0,39,5,13,57,0,75,30,0,30,105
02/12/2017,RST,MN,AGL,CE,Combined TRACON& Tower with Radar,4,31,5,0,40,0,1,6,0,7,4,32,11,0,47,0,0,0,47
02/13/2017,RST,MN,AGL,CE,Combined TRACON& Tower with Radar,5,23,29,0,57,0,1,16,0,17,5,24,45,0,74,2,0,2,76
02/14/2017,RST,MN,AGL,CE,Combined TRACON& Tower with Radar,7,21,13,0,41,0,0,6,0,6,7,21,19,0,47,0,0,0,47
02/15/2017,RST,MN,AGL,CE,Combined TRACON& Tower with Radar,6,29,19,0,54,0,0,16,0,16,6,29,35,0,70,8,0,8,78
02/16/2017,RST,MN,AGL,CE,Combined TRACON& Tower with Radar,6,28,15,2,51,0,0,5,0,5,6,28,20,2,56,0,0,0,56
02/17/2017,RST,MN,AGL,CE,Combined TRACON& Tower with Radar,8,18,23,0,49,0,2,27,0,29,8,20,50,0,78,82,0,82,160
02/18/2017,RST,MN,AGL,CE,Combined TRACON& Tower with Radar,3,20,10,0,33,0,2,25,0,27,3,22,35,0,60,30,0,30,90
02/19/2017,RST,MN,AGL,CE,Combined TRACON& Tower with Radar,2,23,22,0,47,0,0,29,0,29,2,23,51,0,76,22,0,22,98
02/20/2017,RST,MN,AGL,CE,Combined TRACON& Tower with Radar,7,17,17,0,41,0,0,0,0,0,7,17,17,0,41,0,0,0,41
02/21/2017,RST,MN,AGL,CE,Combined TRACON& Tower with Radar,8,24,46,0,78,0,0,25,0,25,8,24,71,0,103,74,0,74,177
02/22/2017,RST,MN,AGL,CE,Combined TRACON& Tower with Radar,8,23,25,4,60,0,0,34,0,34,8,23,59,4,94,59,20,79,173
02/23/2017,RST,MN,AGL,CE,Combined TRACON& Tower with Radar,7,28,24,0,59,0,1,3,0,4,7,29,27,0,63,2,0,2,65
02/24/2017,RST,MN,AGL,CE,Combined TRACON& Tower with Radar,3,11,3,0,17,0,0,0,0,0,3,11,3,0,17,0,0,0,17
02/25/2017,RST,MN,AGL,CE,Combined TRACON& Tower with Radar,3,21,8,0,32,0,0,9,0,9,3,21,17,0,41,0,0,0,41
02/26/2017,RST,MN,AGL,CE,Combined TRACON& Tower with Radar,4,17,16,0,37,0,0,22,0,22,4,17,38,0,59,0,0,0,59
02/27/2017,RST,MN,AGL,CE,Combined TRACON& Tower with Radar,9,19,16,0,44,0,0,21,0,21,9,19,37,0,65,16,0,16,81
02/28/2017,RST,MN,AGL,CE,Combined TRACON& Tower with Radar,8,18,31,0,57,0,0,0,0,0,8,18,31,0,57,0,0,0,57
03/01/2017,RST,MN,AGL,CE,Combined TRACON& Tower with Radar,8,24,27,2,61,0,0,1,0,1,8,24,28,2,62,0,0,0,62
03/02/2017,RST,MN,AGL,CE,Combined TRACON& Tower with Radar,8,15,18,2,43,0,0,16,0,16,8,15,34,2,59,14,0,14,73
03/03/2017,RST,MN,AGL,CE,Combined TRACON& Tower with Radar,10,28,15,0,53,0,0,9,0,9,10,28,24,0,62,34,0,34,96
03/04/2017,RST,MN,AGL,CE,Combined TRACON& Tower with Radar,3,17,26,0,46,0,6,16,0,22,3,23,42,0,68,12,0,12,80
03/05/2017,RST,MN,AGL,CE,Combined TRACON& Tower with Radar,4,11,25,0,40,0,2,9,0,11,4,13,34,0,51,22,0,22,73
03/06/2017,RST,MN,AGL,CE,Combined TRACON& Tower with Radar,9,21,15,0,45,0,0,2,0,2,9,21,17,0,47,0,0,0,47
03/07/2017,RST,MN,AGL,CE,Combined TRACON& Tower with Radar,10,26,21,0,57,0,0,1,0,1,10,26,22,0,58,0,0,0,58
03/08/2017,RST,MN,AGL,CE,Combined TRACON& Tower with Radar,8,31,22,0,61,0,4,7,0,11,8,35,29,0,72,0,0,0,72
03/09/2017,RST,MN,AGL,CE,Combined TRACON& Tower with Radar,9,19,33,0,61,0,0,9,0,9,9,19,42,0,70,6,0,6,76
03/10/2017,RST,MN,AGL,CE,Combined TRACON& Tower with Radar,12,17,21,0,50,0,0,22,0,22,12,17,43,0,72,62,0,62,134
03/11/2017,RST,MN,AGL,CE,Combined TRACON& Tower with Radar,5,19,13,0,37,0,7,19,0,26,5,26,32,0,63,20,0,20,83
03/12/2017,RST,MN,AGL,CE,Combined TRACON& Tower with Radar,5,11,15,0,31,0,3,19,0,22,5,14,34,0,53,20,0,20,73
03/13/2017,RST,MN,AGL,CE,Combined TRACON& Tower with Radar,9,13,25,0,47,0,0,4,0,4,9,13,29,0,51,10,0,10,61
03/14/2017,RST,MN,AGL,CE,Combined TRACON& Tower with Radar,12,20,19,14,65,0,2,9,0,11,12,22,28,14,76,0,24,24,100
03/15/2017,RST,MN,AGL,CE,Combined TRACON& Tower with Radar,11,17,32,0,60,0,0,17,0,17,11,17,49,0,77,38,0,38,115
03/16/2017,RST,MN,AGL,CE,Combined TRACON& Tower with Radar,10,18,20,26,74,0,0,18,4,22,10,18,38,30,96,40,50,90,186
03/17/2017,RST,MN,AGL,CE,Combined TRACON& Tower with Radar,10,12,15,0,37,0,2,3,0,5,10,14,18,0,42,6,0,6,48
03/18/2017,RST,MN,AGL,CE,Combined TRACON& Tower with Radar,6,14,9,2,31,0,0,7,0,7,6,14,16,2,38,8,0,8,46
03/19/2017,RST,MN,AGL,CE,Combined TRACON& Tower with Radar,6,20,17,0,43,0,5,9,0,14,6,25,26,0,57,8,0,8,65
03/20/2017,RST,MN,AGL,CE,Combined TRACON& Tower with Radar,11,17,27,27,82,0,7,21,7,35,11,24,48,34,117,24,82,106,223
03/21/2017,RST,MN,AGL,CE,Combined TRACON& Tower with Radar,10,24,26,0,60,0,0,15,1,16,10,24,41,1,76,30,0,30,106
03/22/2017,RST,MN,AGL,CE,Combined TRACON& Tower with Radar,10,19,26,12,67,0,6,38,0,44,10,25,64,12,111,42,80,122,233
03/23/2017,RST,MN,AGL,CE,Combined TRACON& Tower with Radar,10,20,38,0,68,0,0,2,0,2,10,20,40,0,70,4,0,4,74
03/24/2017,RST,MN,AGL,CE,Combined TRACON& Tower with Radar,8,23,28,0,59,0,0,1,0,1,8,23,29,0,60,0,0,0,60
03/25/2017,RST,MN,AGL,CE,Combined TRACON& Tower with Radar,5,16,17,0,38,0,0,0,0,0,5,16,17,0,38,0,0,0,38
03/26/2017,RST,MN,AGL,CE,Combined TRACON& Tower with Radar,6,21,26,0,53,0,0,0,0,0,6,21,26,0,53,0,0,0,53
03/27/2017,RST,MN,AGL,CE,Combined TRACON& Tower with Radar,9,15,36,0,60,0,1,2,0,3,9,16,38,0,63,18,0,18,81
03/28/2017,RST,MN,AGL,CE,Combined TRACON& Tower with Radar,10,19,36,0,65,0,0,43,0,43,10,19,79,0,108,141,0,141,249
03/29/2017,RST,MN,AGL,CE,Combined TRACON& Tower with Radar,10,21,48,2,81,0,3,2,0,5,10,24,50,2,86,6,0,6,92
03/30/2017,RST,MN,AGL,CE,Combined TRACON& Tower with Radar,12,22,31,0,65,0,1,0,0,1,12,23,31,0,66,0,0,0,66
03/31/2017,RST,MN,AGL,CE,Combined TRACON& Tower with Radar,11,15,32,0,58,0,4,23,0,27,11,19,55,0,85,22,0,22,107
04/01/2017,RST,MN,AGL,CE,Combined TRACON& Tower with Radar,3,20,16,0,39,0,2,43,0,45,3,22,59,0,84,22,0,22,106
04/02/2017,RST,MN,AGL,CE,Combined TRACON& Tower with Radar,6,18,24,0,48,0,0,8,0,8,6,18,32,0,56,0,0,0,56
04/03/2017,RST,MN,AGL,CE,Combined TRACON& Tower with Radar,7,17,28,0,52,0,0,0,0,0,7,17,28,0,52,0,0,0,52
04/04/2017,RST,MN,AGL,CE,Combined TRACON& Tower with Radar,8,14,36,38,96,0,0,11,0,11,8,14,47,38,107,6,78,84,191
04/05/2017,RST,MN,AGL,CE,Combined TRACON& Tower with Radar,6,17,31,0,54,0,3,15,3,21,6,20,46,3,75,6,0,6,81
04/06/2017,RST,MN,AGL,CE,Combined TRACON& Tower with Radar,6,16,41,0,63,0,4,9,0,13,6,20,50,0,76,0,0,0,76
04/07/2017,RST,MN,AGL,CE,Combined TRACON& Tower with Radar,6,20,36,0,62,0,0,29,0,29,6,20,65,0,91,46,0,46,137
04/08/2017,RST,MN,AGL,CE,Combined TRACON& Tower with Radar,3,13,10,0,26,0,0,17,0,17,3,13,27,0,43,42,0,42,85
04/09/2017,RST,MN,AGL,CE,Combined TRACON& Tower with Radar,4,19,15,0,38,0,2,20,0,22,4,21,35,0,60,34,0,34,94
04/10/2017,RST,MN,AGL,CE,Combined TRACON& Tower with Radar,5,21,23,0,49,0,0,0,0,0,5,21,23,0,49,0,0,0,49
04/11/2017,RST,MN,AGL,CE,Combined TRACON& Tower with Radar,6,23,50,16,95,0,0,12,0,12,6,23,62,16,107,32,58,90,197
04/12/2017,RST,MN,AGL,CE,Combined TRACON& Tower with Radar,6,23,39,0,68,0,0,2,0,2,6,23,41,0,70,14,8,22,92
04/13/2017,RST,MN,AGL,CE,Combined TRACON& Tower with Radar,12,20,36,2,70,0,0,0,0,0,12,20,36,2,70,18,0,18,88
04/14/2017,RST,MN,AGL,CE,Combined TRACON& Tower with Radar,6,20,26,0,52,0,4,4,0,8,6,24,30,0,60,16,0,16,76
04/15/2017,RST,MN,AGL,CE,Combined TRACON& Tower with Radar,3,15,11,0,29,0,0,7,0,7,3,15,18,0,36,0,0,0,36
04/16/2017,RST,MN,AGL,CE,Combined TRACON& Tower with Radar,6,11,20,0,37,0,0,30,0,30,6,11,50,0,67,24,0,24,91
04/17/2017,RST,MN,AGL,CE,Combined TRACON& Tower with Radar,5,16,38,0,59,0,2,40,1,43,5,18,78,1,102,116,0,116,218
04/18/2017,RST,MN,AGL,CE,Combined TRACON& Tower with Radar,6,19,24,16,65,0,4,5,7,16,6,23,29,23,81,16,36,52,133
04/19/2017,RST,MN,AGL,CE,Combined TRACON& Tower with Radar,6,23,23,0,52,0,0,3,0,3,6,23,26,0,55,0,0,0,55
04/20/2017,RST,MN,AGL,CE,Combined TRACON& Tower with Radar,12,24,35,1,72,0,0,2,0,2,12,24,37,1,74,0,2,2,76
04/21/2017,RST,MN,AGL,CE,Combined TRACON& Tower with Radar,6,20,23,0,49,0,3,33,0,36,6,23,56,0,85,74,0,74,159
04/22/2017,RST,MN,AGL,CE,Combined TRACON& Tower with Radar,3,17,21,0,41,0,4,35,0,39,3,21,56,0,80,30,0,30,110
04/23/2017,RST,MN,AGL,CE,Combined TRACON& Tower with Radar,6,23,23,0,52,0,1,49,0,50,6,24,72,0,102,130,0,130,232
04/24/2017,RST,MN,AGL,CE,Combined TRACON& Tower with Radar,5,24,20,9,58,0,0,8,0,8,5,24,28,9,66,0,16,16,82
04/25/2017,RST,MN,AGL,CE,Combined TRACON& Tower with Radar,8,23,21,18,70,0,0,11,0,11,8,23,32,18,81,20,36,56,137
04/26/2017,RST,MN,AGL,CE,Combined TRACON& Tower with Radar,6,21,37,0,64,0,0,0,0,0,6,21,37,0,64,0,0,0,64
04/27/2017,RST,MN,AGL,CE,Combined TRACON& Tower with Radar,8,29,23,0,60,0,1,3,0,4,8,30,26,0,64,20,0,20,84
04/28/2017,RST,MN,AGL,CE,Combined TRACON& Tower with Radar,6,25,33,0,64,0,0,30,0,30,6,25,63,0,94,40,0,40,134
04/29/2017,RST,MN,AGL,CE,Combined TRACON& Tower with Radar,3,22,19,0,44,0,0,41,0,41,3,22,60,0,85,20,0,20,105
04/30/2017,RST,MN,AGL,CE,Combined TRACON& Tower with Radar,6,12,8,0,26,0,1,0,0,1,6,13,8,0,27,0,0,0,27
05/01/2017,RST,MN,AGL,CE,Combined TRACON& Tower with Radar,5,17,15,0,37,0,0,0,0,0,5,17,15,0,37,0,0,0,37
05/02/2017,RST,MN,AGL,CE,Combined TRACON& Tower with Radar,6,17,35,0,58,0,2,23,1,26,6,19,58,1,84,38,0,38,122
05/03/2017,RST,MN,AGL,CE,Combined TRACON& Tower with Radar,6,21,24,0,51,0,1,28,0,29,6,22,52,0,80,72,0,72,152
05/04/2017,RST,MN,AGL,CE,Combined TRACON& Tower with Radar,6,20,42,2,70,0,0,31,0,31,6,20,73,2,101,74,0,74,175
05/05/2017,RST,MN,AGL,CE,Combined TRACON& Tower with Radar,6,17,53,0,76,0,1,25,0,26,6,18,78,0,102,40,0,40,142
05/06/2017,RST,MN,AGL,CE,Combined TRACON& Tower with Radar,3,14,12,0,29,0,4,37,0,41,3,18,49,0,70,45,0,45,115
05/07/2017,RST,MN,AGL,CE,Combined TRACON& Tower with Radar,6,29,16,1,52,0,2,27,0,29,6,31,43,1,81,34,0,34,115
05/08/2017,RST,MN,AGL,CE,Combined TRACON& Tower with Radar,5,27,27,26,85,0,0,21,1,22,5,27,48,27,107,80,54,134,241
05/09/2017,RST,MN,AGL,CE,Combined TRACON& Tower with Radar,8,22,35,0,65,0,2,14,0,16,8,24,49,0,81,26,0,26,107
05/10/2017,RST,MN,AGL,CE,Combined TRACON& Tower with Radar,6,31,35,0,72,0,4,7,0,11,6,35,42,0,83,18,0,18,101
05/11/2017,RST,MN,AGL,CE,Combined TRACON& Tower with Radar,8,28,42,1,79,0,0,21,0,21,8,28,63,1,100,16,0,16,116
05/12/2017,RST,MN,AGL,CE,Combined TRACON& Tower with Radar,7,22,29,0,58,0,6,34,0,40,7,28,63,0,98,46,0,46,144
05/13/2017,RST,MN,AGL,CE,Combined TRACON& Tower with Radar,3,15,13,0,31,0,0,75,0,75,3,15,88,0,106,88,0,88,194
05/14/2017,RST,MN,AGL,CE,Combined TRACON& Tower with Radar,4,15,33,0,52,0,9,13,0,22,4,24,46,0,74,55,0,55,129
05/15/2017,RST,MN,AGL,CE,Combined TRACON& Tower with Radar,5,20,15,14,54,0,1,9,0,10,5,21,24,14,64,0,50,50,114
05/16/2017,RST,MN,AGL,CE,Combined TRACON& Tower with Radar,6,22,43,10,81,0,0,1,0,1,6,22,44,10,82,10,42,52,134
05/17/2017,RST,MN,AGL,CE,Combined TRACON& Tower with Radar,6,18,49,1,74,0,1,1,0,2,6,19,50,1,76,0,0,0,76
05/18/2017,RST,MN,AGL,CE,Combined TRACON& Tower with Radar,6,21,37,4,68,0,9,7,0,16,6,30,44,4,84,56,0,56,140
05/19/2017,RST,MN,AGL,CE,Combined TRACON& Tower with Radar,6,23,31,0,60,0,0,4,0,4,6,23,35,0,64,0,0,0,64
05/20/2017,RST,MN,AGL,CE,Combined TRACON& Tower with Radar,3,19,15,0,37,0,0,0,0,0,3,19,15,0,37,0,0,0,37
05/21/2017,RST,MN,AGL,CE,Combined TRACON& Tower with Radar,4,29,47,0,80,0,0,1,0,1,4,29,48,0,81,0,0,0,81
05/22/2017,RST,MN,AGL,CE,Combined TRACON& Tower with Radar,5,23,35,28,91,0,3,20,0,23,5,26,55,28,114,50,78,128,242
05/23/2017,RST,MN,AGL,CE,Combined TRACON& Tower with Radar,8,22,34,0,64,0,0,3,0,3,8,22,37,0,67,20,0,20,87
05/24/2017,RST,MN,AGL,CE,Combined TRACON& Tower with Radar,6,22,31,0,59,0,1,13,0,14,6,23,44,0,73,34,0,34,107
05/25/2017,RST,MN,AGL,CE,Combined TRACON& Tower with Radar,8,15,35,0,58,0,0,15,0,15,8,15,50,0,73,4,0,4,77
05/26/2017,RST,MN,AGL,CE,Combined TRACON& Tower with Radar,6,22,27,3,58,0,2,50,2,54,6,24,77,5,112,64,0,64,176
05/27/2017,RST,MN,AGL,CE,Combined TRACON& Tower with Radar,3,15,17,0,35,0,2,34,2,38,3,17,51,2,73,38,0,38,111
05/28/2017,RST,MN,AGL,CE,Combined TRACON& Tower with Radar,4,8,11,0,23,0,0,25,0,25,4,8,36,0,48,12,0,12,60
05/29/2017,RST,MN,AGL,CE,Combined TRACON& Tower with Radar,4,17,17,0,38,0,0,9,0,9,4,17,26,0,47,16,0,16,63
05/30/2017,RST,MN,AGL,CE,Combined TRACON& Tower with Radar,5,24,29,18,76,0,1,12,0,13,5,25,41,18,89,18,32,50,139
05/31/2017,RST,MN,AGL,CE,Combined TRACON& Tower with Radar,6,26,27,0,59,0,0,33,0,33,6,26,60,0,92,38,6,44,136
06/01/2017,RST,MN,AGL,CE,Combined TRACON& Tower with Radar,6,24,23,8,61,0,4,44,0,48,6,28,67,8,109,42,20,62,171
06/02/2017,RST,MN,AGL,CE,Combined TRACON& Tower with Radar,6,19,20,0,45,0,0,26,0,26,6,19,46,0,71,8,0,8,79
06/03/2017,RST,MN,AGL,CE,Combined TRACON& Tower with Radar,3,15,15,0,33,0,3,14,0,17,3,18,29,0,50,14,0,14,64
06/04/2017,RST,MN,AGL,CE,Combined TRACON& Tower with Radar,4,21,12,0,37,0,1,43,0,44,4,22,55,0,81,38,0,38,119
06/05/2017,RST,MN,AGL,CE,Combined TRACON& Tower with Radar,6,28,43,0,77,0,0,33,0,33,6,28,76,0,110,8,0,8,118
06/06/2017,RST,MN,AGL,CE,Combined TRACON& Tower with Radar,7,27,43,0,77,0,3,28,0,31,7,30,71,0,108,42,0,42,150
06/07/2017,RST,MN,AGL,CE,Combined TRACON& Tower with Radar,6,21,33,0,60,0,1,35,0,36,6,22,68,0,96,56,0,56,152
06/08/2017,RST,MN,AGL,CE,Combined TRACON& Tower with Radar,6,28,24,0,58,0,0,27,0,27,6,28,51,0,85,38,0,38,123
06/09/2017,RST,MN,AGL,CE,Combined TRACON& Tower with Radar,6,36,43,0,85,0,7,25,0,32,6,43,68,0,117,52,0,52,169
06/10/2017,RST,MN,AGL,CE,Combined TRACON& Tower with Radar,3,23,12,0,38,0,0,9,0,9,3,23,21,0,47,0,0,0,47
06/11/2017,RST,MN,AGL,CE,Combined TRACON& Tower with Radar,6,24,25,0,55,0,0,5,0,5,6,24,30,0,60,64,0,64,124
06/12/2017,RST,MN,AGL,CE,Combined TRACON& Tower with Radar,4,32,44,0,80,0,0,0,0,0,4,32,44,0,80,0,0,0,80
06/13/2017,RST,MN,AGL,CE,Combined TRACON& Tower with Radar,7,29,34,3,73,0,0,9,0,9,7,29,43,3,82,39,32,71,153
06/14/2017,RST,MN,AGL,CE,Combined TRACON& Tower with Radar,6,28,38,1,73,0,1,10,2,13,6,29,48,3,86,18,0,18,104
06/15/2017,RST,MN,AGL,CE,Combined TRACON& Tower with Radar,7,33,18,0,58,0,0,15,0,15,7,33,33,0,73,54,0,54,127
06/16/2017,RST,MN,AGL,CE,Combined TRACON& Tower with Radar,9,27,26,0,62,0,0,9,0,9,9,27,35,0,71,10,0,10,81
06/17/2017,RST,MN,AGL,CE,Combined TRACON& Tower with Radar,5,16,14,0,35,0,0,118,10,128,5,16,132,10,163,14,0,14,177
06/18/2017,RST,MN,AGL,CE,Combined TRACON& Tower with Radar,4,24,18,0,46,0,2,43,0,45,4,26,61,0,91,0,0,0,91
06/19/2017,RST,MN,AGL,CE,Combined TRACON& Tower with Radar,7,21,39,0,67,0,0,18,0,18,7,21,57,0,85,12,0,12,97
06/20/2017,RST,MN,AGL,CE,Combined TRACON& Tower with Radar,6,27,27,0,60,0,1,37,0,38,6,28,64,0,98,64,0,64,162
06/21/2017,RST,MN,AGL,CE,Combined TRACON& Tower with Radar,6,24,34,0,64,0,0,29,0,29,6,24,63,0,93,46,0,46,139
06/22/2017,RST,MN,AGL,CE,Combined TRACON& Tower with Radar,6,26,28,0,60,0,0,9,0,9,6,26,37,0,69,0,0,0,69
06/23/2017,RST,MN,AGL,CE,Combined TRACON& Tower with Radar,7,24,44,0,75,0,0,21,0,21,7,24,65,0,96,10,0,10,106
06/24/2017,RST,MN,AGL,CE,Combined TRACON& Tower with Radar,6,23,17,0,46,0,1,24,0,25,6,24,41,0,71,16,0,16,87
06/25/2017,RST,MN,AGL,CE,Combined TRACON& Tower with Radar,4,22,22,0,48,0,0,23,0,23,4,22,45,0,71,0,0,0,71
06/26/2017,RST,MN,AGL,CE,Combined TRACON& Tower with Radar,5,35,43,0,83,0,6,37,0,43,5,41,80,0,126,24,0,24,150
06/27/2017,RST,MN,AGL,CE,Combined TRACON& Tower with Radar,6,38,43,1,88,0,2,37,3,42,6,40,80,4,130,56,0,56,186
06/28/2017,RST,MN,AGL,CE,Combined TRACON& Tower with Radar,8,32,19,4,63,0,0,1,0,1,8,32,20,4,64,0,38,38,102
06/29/2017,RST,MN,AGL,CE,Combined TRACON& Tower with Radar,6,35,27,0,68,0,0,25,0,25,6,35,52,0,93,2,0,2,95
06/30/2017,RST,MN,AGL,CE,Combined TRACON& Tower with Radar,6,30,44,0,80,0,2,25,0,27,6,32,69,0,107,6,0,6,113
07/01/2017,RST,MN,AGL,CE,Combined TRACON& Tower with Radar,4,18,18,0,40,0,1,38,0,39,4,19,56,0,79,46,0,46,125
07/02/2017,RST,MN,AGL,CE,Combined TRACON& Tower with Radar,5,14,7,0,26,0,0,34,0,34,5,14,41,0,60,6,0,6,66
07/03/2017,RST,MN,AGL,CE,Combined TRACON& Tower with Radar,5,16,14,0,35,0,6,28,0,34,5,22,42,0,69,54,0,54,123
07/04/2017,RST,MN,AGL,CE,Combined TRACON& Tower with Radar,4,16,12,0,32,0,1,19,0,20,4,17,31,0,52,23,0,23,75
07/05/2017,RST,MN,AGL,CE,Combined TRACON& Tower with Radar,6,24,34,0,64,0,1,16,0,17,6,25,50,0,81,10,0,10,91
07/06/2017,RST,MN,AGL,CE,Combined TRACON& Tower with Radar,8,28,25,0,61,0,0,18,0,18,8,28,43,0,79,18,0,18,97
07/07/2017,RST,MN,AGL,CE,Combined TRACON& Tower with Radar,7,31,26,0,64,0,0,34,0,34,7,31,60,0,98,26,0,26,124
07/08/2017,RST,MN,AGL,CE,Combined TRACON& Tower with Radar,6,20,25,0,51,0,1,60,0,61,6,21,85,0,112,2,0,2,114
07/09/2017,RST,MN,AGL,CE,Combined TRACON& Tower with Radar,6,27,22,0,55,0,0,46,0,46,6,27,68,0,101,10,0,10,111
07/10/2017,RST,MN,AGL,CE,Combined TRACON& Tower with Radar,9,28,37,0,74,0,0,24,0,24,9,28,61,0,98,10,0,10,108
07/11/2017,RST,MN,AGL,CE,Combined TRACON& Tower with Radar,9,28,24,0,61,0,0,19,0,19,9,28,43,0,80,68,0,68,148
07/12/2017,RST,MN,AGL,CE,Combined TRACON& Tower with Radar,7,30,32,12,81,0,0,11,0,11,7,30,43,12,92,28,36,64,156
07/13/2017,RST,MN,AGL,CE,Combined TRACON& Tower with Radar,9,34,23,8,74,0,0,26,2,28,9,34,49,10,102,6,26,32,134
07/14/2017,RST,MN,AGL,CE,Combined TRACON& Tower with Radar,8,24,32,0,64,0,1,52,0,53,8,25,84,0,117,44,0,44,161
07/15/2017,RST,MN,AGL,CE,Combined TRACON& Tower with Radar,3,24,11,0,38,0,1,84,0,85,3,25,95,0,123,54,0,54,177
07/16/2017,RST,MN,AGL,CE,Combined TRACON& Tower with Radar,7,27,25,0,59,0,4,72,2,78,7,31,97,2,137,10,0,10,147
07/17/2017,RST,MN,AGL,CE,Combined TRACON& Tower with Radar,10,36,31,16,93,0,2,22,0,24,10,38,53,16,117,19,44,63,180
07/18/2017,RST,MN,AGL,CE,Combined TRACON& Tower with Radar,12,40,28,0,80,0,4,13,0,17,12,44,41,0,97,0,0,0,97
07/19/2017,RST,MN,AGL,CE,Combined TRACON& Tower with Radar,12,35,39,0,86,0,4,22,0,26,12,39,61,0,112,6,0,6,118
07/20/2017,RST,MN,AGL,CE,Combined TRACON& Tower with Radar,10,32,30,3,75,0,1,37,0,38,10,33,67,3,113,30,0,30,143
07/21/2017,RST,MN,AGL,CE,Combined TRACON& Tower with Radar,10,19,23,0,52,0,0,13,0,13,10,19,36,0,65,24,0,24,89
07/22/2017,RST,MN,AGL,CE,Combined TRACON& Tower with Radar,3,27,9,0,39,0,0,17,0,17,3,27,26,0,56,34,0,34,90
07/23/2017,RST,MN,AGL,CE,Combined TRACON& Tower with Radar,6,31,19,0,56,0,0,26,0,26,6,31,45,0,82,38,0,38,120
07/24/2017,RST,MN,AGL,CE,Combined TRACON& Tower with Radar,8,25,41,16,90,0,1,17,2,20,8,26,58,18,110,42,38,80,190
07/25/2017,RST,MN,AGL,CE,Combined TRACON& Tower with Radar,9,32,36,0,77,0,0,9,0,9,9,32,45,0,86,0,0,0,86
07/26/2017,RST,MN,AGL,CE,Combined TRACON& Tower with Radar,8,27,27,0,62,0,0,10,0,10,8,27,37,0,72,62,0,62,134
07/27/2017,RST,MN,AGL,CE,Combined TRACON& Tower with Radar,10,35,41,13,99,0,3,49,9,61,10,38,90,22,160,68,34,102,262
07/28/2017,RST,MN,AGL,CE,Combined TRACON& Tower with Radar,10,26,15,0,51,0,0,57,0,57,10,26,72,0,108,50,0,50,158
07/29/2017,RST,MN,AGL,CE,Combined TRACON& Tower with Radar,3,33,6,1,43,0,4,42,0,46,3,37,48,1,89,64,1,65,154
07/30/2017,RST,MN,AGL,CE,Combined TRACON& Tower with Radar,6,31,15,0,52,0,2,45,0,47,6,33,60,0,99,24,0,24,123
07/31/2017,RST,MN,AGL,CE,Combined TRACON& Tower with Radar,10,29,32,0,71,0,2,40,0,42,10,31,72,0,113,102,0,102,215
08/01/2017,RST,MN,AGL,CE,Combined TRACON& Tower with Radar,8,29,33,6,76,0,0,27,0,27,8,29,60,6,103,26,20,46,149
08/02/2017,RST,MN,AGL,CE,Combined TRACON& Tower with Radar,10,37,50,1,98,0,0,27,0,27,10,37,77,1,125,12,6,18,143
08/03/2017,RST,MN,AGL,CE,Combined TRACON& Tower with Radar,9,24,20,0,53,0,0,2,0,2,9,24,22,0,55,0,0,0,55
08/04/2017,RST,MN,AGL,CE,Combined TRACON& Tower with Radar,10,29,29,0,68,0,1,32,0,33,10,30,61,0,101,34,0,34,135
08/05/2017,RST,MN,AGL,CE,Combined TRACON& Tower with Radar,3,24,24,0,51,0,0,41,0,41,3,24,65,0,92,30,0,30,122
08/06/2017,RST,MN,AGL,CE,Combined TRACON& Tower with Radar,7,28,22,0,57,0,0,36,0,36,7,28,58,0,93,56,0,56,149
08/07/2017,RST,MN,AGL,CE,Combined TRACON& Tower with Radar,9,30,28,0,67,0,4,30,0,34,9,34,58,0,101,26,0,26,127
08/08/2017,RST,MN,AGL,CE,Combined TRACON& Tower with Radar,12,37,41,0,90,0,1,40,0,41,12,38,81,0,131,73,0,73,204
08/09/2017,RST,MN,AGL,CE,Combined TRACON& Tower with Radar,10,31,34,0,75,0,0,19,0,19,10,31,53,0,94,26,0,26,120
08/10/2017,RST,MN,AGL,CE,Combined TRACON& Tower with Radar,9,28,39,4,80,0,1,12,0,13,9,29,51,4,93,52,14,66,159
08/11/2017,RST,MN,AGL,CE,Combined TRACON& Tower with Radar,10,37,29,0,76,0,1,51,0,52,10,38,80,0,128,30,0,30,158
08/12/2017,RST,MN,AGL,CE,Combined TRACON& Tower with Radar,3,22,12,0,37,0,0,43,0,43,3,22,55,0,80,88,0,88,168
08/13/2017,RST,MN,AGL,CE,Combined TRACON& Tower with Radar,7,28,23,0,58,0,1,40,0,41,7,29,63,0,99,34,0,34,133
08/14/2017,RST,MN,AGL,CE,Combined TRACON& Tower with Radar,9,30,39,0,78,0,0,10,0,10,9,30,49,0,88,66,0,66,154
08/15/2017,RST,MN,AGL,CE,Combined TRACON& Tower with Radar,11,30,18,4,63,0,0,28,0,28,11,30,46,4,91,44,0,44,135
08/16/2017,RST,MN,AGL,CE,Combined TRACON& Tower with Radar,13,33,29,0,75,0,1,6,0,7,13,34,35,0,82,0,0,0,82
08/17/2017,RST,MN,AGL,CE,Combined TRACON& Tower with Radar,10,31,37,0,78,0,1,0,0,1,10,32,37,0,79,2,0,2,81
08/18/2017,RST,MN,AGL,CE,Combined TRACON& Tower with Radar,10,27,34,0,71,0,2,17,0,19,10,29,51,0,90,28,0,28,118
08/19/2017,RST,MN,AGL,CE,Combined TRACON& Tower with Radar,4,23,16,0,43,0,1,26,2,29,4,24,42,2,72,60,0,60,132
08/20/2017,RST,MN,AGL,CE,Combined TRACON& Tower with Radar,5,28,13,0,46,0,0,35,0,35,5,28,48,0,81,56,0,56,137
08/21/2017,RST,MN,AGL,CE,Combined TRACON& Tower with Radar,9,27,35,0,71,0,2,13,0,15,9,29,48,0,86,0,0,0,86
08/22/2017,RST,MN,AGL,CE,Combined TRACON& Tower with Radar,7,27,25,0,59,0,4,29,0,33,7,31,54,0,92,28,0,28,120
08/23/2017,RST,MN,AGL,CE,Combined TRACON& Tower with Radar,10,37,24,0,71,0,2,30,0,32,10,39,54,0,103,58,0,58,161
08/24/2017,RST,MN,AGL,CE,Combined TRACON& Tower with Radar,8,20,40,0,68,0,2,58,0,60,8,22,98,0,128,36,0,36,164
08/25/2017,RST,MN,AGL,CE,Combined TRACON& Tower with Radar,7,20,32,0,59,0,0,13,0,13,7,20,45,0,72,20,0,20,92
08/26/2017,RST,MN,AGL,CE,Combined TRACON& Tower with Radar,4,20,7,0,31,0,0,6,0,6,4,20,13,0,37,14,0,14,51
08/27/2017,RST,MN,AGL,CE,Combined TRACON& Tower with Radar,8,22,46,0,76,0,0,8,0,8,8,22,54,0,84,30,0,30,114
08/28/2017,RST,MN,AGL,CE,Combined TRACON& Tower with Radar,9,26,22,0,57,0,5,16,0,21,9,31,38,0,78,56,0,56,134
08/29/2017,RST,MN,AGL,CE,Combined TRACON& Tower with Radar,9,32,34,0,75,0,1,14,0,15,9,33,48,0,90,70,0,70,160
08/30/2017,RST,MN,AGL,CE,Combined TRACON& Tower with Radar,10,23,27,3,63,0,0,28,0,28,10,23,55,3,91,42,8,50,141
08/31/2017,RST,MN,AGL,CE,Combined TRACON& Tower with Radar,9,29,28,0,66,0,0,23,0,23,9,29,51,0,89,12,8,20,109
09/01/2017,RST,MN,AGL,CE,Combined TRACON& Tower with Radar,9,27,21,1,58,0,2,23,0,25,9,29,44,1,83,6,0,6,89
09/02/2017,RST,MN,AGL,CE,Combined TRACON& Tower with Radar,5,17,9,0,31,0,1,15,0,16,5,18,24,0,47,34,0,34,81
09/03/2017,RST,MN,AGL,CE,Combined TRACON& Tower with Radar,7,15,11,0,33,0,4,43,1,48,7,19,54,1,81,53,0,53,134
09/04/2017,RST,MN,AGL,CE,Combined TRACON& Tower with Radar,9,24,21,0,54,0,0,15,0,15,9,24,36,0,69,16,0,16,85
09/05/2017,RST,MN,AGL,CE,Combined TRACON& Tower with Radar,6,33,22,0,61,0,0,21,0,21,6,33,43,0,82,12,0,12,94
09/06/2017,RST,MN,AGL,CE,Combined TRACON& Tower with Radar,10,23,24,0,57,0,0,31,0,31,10,23,55,0,88,76,0,76,164
09/07/2017,RST,MN,AGL,CE,Combined TRACON& Tower with Radar,9,22,30,0,61,0,0,33,0,33,9,22,63,0,94,12,0,12,106
09/08/2017,RST,MN,AGL,CE,Combined TRACON& Tower with Radar,10,30,21,0,61,0,0,23,0,23,10,30,44,0,84,12,0,12,96
09/09/2017,RST,MN,AGL,CE,Combined TRACON& Tower with Radar,4,24,16,0,44,0,0,20,0,20,4,24,36,0,64,16,0,16,80
09/10/2017,RST,MN,AGL,CE,Combined TRACON& Tower with Radar,6,33,22,0,61,0,0,28,0,28,6,33,50,0,89,8,0,8,97
09/11/2017,RST,MN,AGL,CE,Combined TRACON& Tower with Radar,5,35,37,0,77,0,1,40,0,41,5,36,77,0,118,60,0,60,178
09/12/2017,RST,MN,AGL,CE,Combined TRACON& Tower with Radar,10,34,33,0,77,0,1,37,0,38,10,35,70,0,115,102,0,102,217
09/13/2017,RST,MN,AGL,CE,Combined TRACON& Tower with Radar,7,44,43,0,94,0,0,23,2,25,7,44,66,2,119,100,10,110,229
09/14/2017,RST,MN,AGL,CE,Combined TRACON& Tower with Radar,9,34,33,0,76,0,2,38,0,40,9,36,71,0,116,10,0,10,126
09/15/2017,RST,MN,AGL,CE,Combined TRACON& Tower with Radar,8,28,36,0,72,0,1,18,0,19,8,29,54,0,91,24,0,24,115
09/16/2017,RST,MN,AGL,CE,Combined TRACON& Tower with Radar,4,22,7,0,33,0,4,13,0,17,4,26,20,0,50,84,0,84,134
09/17/2017,RST,MN,AGL,CE,Combined TRACON& Tower with Radar,6,32,38,0,76,0,2,42,2,46,6,34,80,2,122,64,0,64,186
09/18/2017,RST,MN,AGL,CE,Combined TRACON& Tower with Radar,8,43,29,0,80,0,0,7,0,7,8,43,36,0,87,2,0,2,89
09/19/2017,RST,MN,AGL,CE,Combined TRACON& Tower with Radar,7,31,40,22,100,0,0,39,0,39,7,31,79,22,139,32,44,76,215
09/20/2017,RST,MN,AGL,CE,Combined TRACON& Tower with Radar,9,30,45,0,84,0,0,21,0,21,9,30,66,0,105,36,12,48,153
09/21/2017,RST,MN,AGL,CE,Combined TRACON& Tower with Radar,8,31,37,0,76,0,2,18,0,20,8,33,55,0,96,4,0,4,100
09/22/2017,RST,MN,AGL,CE,Combined TRACON& Tower with Radar,8,25,19,0,52,0,0,13,0,13,8,25,32,0,65,46,0,46,111
09/23/2017,RST,MN,AGL,CE,Combined TRACON& Tower with Radar,5,24,24,0,53,0,0,151,0,151,5,24,175,0,204,12,0,12,216
09/24/2017,RST,MN,AGL,CE,Combined TRACON& Tower with Radar,6,34,32,0,72,0,1,23,0,24,6,35,55,0,96,32,0,32,128
09/25/2017,RST,MN,AGL,CE,Combined TRACON& Tower with Radar,8,30,24,0,62,0,0,4,0,4,8,30,28,0,66,0,0,0,66
09/26/2017,RST,MN,AGL,CE,Combined TRACON& Tower with Radar,11,36,61,0,108,0,0,4,0,4,11,36,65,0,112,22,0,22,134
09/27/2017,RST,MN,AGL,CE,Combined TRACON& Tower with Radar,9,33,47,0,89,0,4,34,0,38,9,37,81,0,127,20,0,20,147
09/28/2017,RST,MN,AGL,CE,Combined TRACON& Tower with Radar,8,37,21,0,66,0,0,28,2,30,8,37,49,2,96,36,0,36,132
09/29/2017,RST,MN,AGL,CE,Combined TRACON& Tower with Radar,10,34,24,1,69,0,2,30,0,32,10,36,54,1,101,29,0,29,130
09/30/2017,RST,MN,AGL,CE,Combined TRACON& Tower with Radar,5,22,31,0,58,0,0,33,0,33,5,22,64,0,91,68,0,68,159
10/01/2017,RST,MN,AGL,CE,Combined TRACON& Tower with Radar,6,30,40,0,76,0,0,10,0,10,6,30,50,0,86,0,0,0,86
10/02/2017,RST,MN,AGL,CE,Combined TRACON& Tower with Radar,14,33,32,0,79,0,0,2,0,2,14,33,34,0,81,0,0,0,81
10/03/2017,RST,MN,AGL,CE,Combined TRACON& Tower with Radar,10,33,20,0,63,0,0,0,0,0,10,33,20,0,63,0,0,0,63
10/04/2017,RST,MN,AGL,CE,Combined TRACON& Tower with Radar,10,38,36,5,89,0,2,32,1,35,10,40,68,6,124,142,18,160,284
10/05/2017,RST,MN,AGL,CE,Combined TRACON& Tower with Radar,12,28,36,0,76,0,0,7,0,7,12,28,43,0,83,14,0,14,97
10/06/2017,RST,MN,AGL,CE,Combined TRACON& Tower with Radar,9,33,16,0,58,0,0,8,0,8,9,33,24,0,66,0,0,0,66
10/07/2017,RST,MN,AGL,CE,Combined TRACON& Tower with Radar,6,23,8,0,37,0,1,0,0,1,6,24,8,0,38,0,0,0,38
10/08/2017,RST,MN,AGL,CE,Combined TRACON& Tower with Radar,7,21,21,0,49,0,0,49,0,49,7,21,70,0,98,42,0,42,140
10/09/2017,RST,MN,AGL,CE,Combined TRACON& Tower with Radar,8,23,29,2,62,0,0,33,0,33,8,23,62,2,95,61,0,61,156
10/10/2017,RST,MN,AGL,CE,Combined TRACON& Tower with Radar,10,34,20,2,66,0,1,24,0,25,10,35,44,2,91,61,0,61,152
10/11/2017,RST,MN,AGL,CE,Combined TRACON& Tower with Radar,10,34,40,2,86,0,0,14,2,16,10,34,54,4,102,26,6,32,134
10/12/2017,RST,MN,AGL,CE,Combined TRACON& Tower with Radar,11,34,55,2,102,0,0,5,0,5,11,34,60,2,107,6,0,6,113
10/13/2017,RST,MN,AGL,CE,Combined TRACON& Tower with Radar,10,23,31,0,64,0,0,7,0,7,10,23,38,0,71,54,0,54,125
10/14/2017,RST,MN,AGL,CE,Combined TRACON& Tower with Radar,7,11,10,0,28,0,0,4,0,4,7,11,14,0,32,20,0,20,52
10/15/2017,RST,MN,AGL,CE,Combined TRACON& Tower with Radar,7,32,18,0,57,0,0,21,0,21,7,32,39,0,78,4,0,4,82
10/16/2017,RST,MN,AGL,CE,Combined TRACON& Tower with Radar,9,29,25,10,73,0,7,16,0,23,9,36,41,10,96,46,0,46,142
10/17/2017,RST,MN,AGL,CE,Combined TRACON& Tower with Radar,11,33,36,0,80,0,2,28,0,30,11,35,64,0,110,12,0,12,122
10/18/2017,RST,MN,AGL,CE,Combined TRACON& Tower with Radar,11,35,54,10,110,0,0,16,0,16,11,35,70,10,126,14,24,38,164
10/19/2017,RST,MN,AGL,CE,Combined TRACON& Tower with Radar,10,31,45,0,86,0,3,32,1,36,10,34,77,1,122,32,0,32,154
10/20/2017,RST,MN,AGL,CE,Combined TRACON& Tower with Radar,9,30,25,2,66,0,4,21,0,25,9,34,46,2,91,24,0,24,115
10/21/2017,RST,MN,AGL,CE,Combined TRACON& Tower with Radar,5,17,10,0,32,0,3,5,0,8,5,20,15,0,40,0,0,0,40
10/22/2017,RST,MN,AGL,CE,Combined TRACON& Tower with Radar,8,29,41,0,78,0,3,27,2,32,8,32,68,2,110,14,0,14,124
10/23/2017,RST,MN,AGL,CE,Combined TRACON& Tower with Radar,9,30,36,0,75,0,1,4,0,5,9,31,40,0,80,0,0,0,80
10/24/2017,RST,MN,AGL,CE,Combined TRACON& Tower with Radar,12,28,19,0,59,0,0,5,0,5,12,28,24,0,64,0,0,0,64
10/25/2017,RST,MN,AGL,CE,Combined TRACON& Tower with Radar,9,29,34,2,74,0,3,29,0,32,9,32,63,2,106,62,0,62,168
10/26/2017,RST,MN,AGL,CE,Combined TRACON& Tower with Radar,10,28,24,6,68,0,2,10,2,14,10,30,34,8,82,0,10,10,92
10/27/2017,RST,MN,AGL,CE,Combined TRACON& Tower with Radar,9,30,16,0,55,0,0,0,0,0,9,30,16,0,55,0,0,0,55
10/28/2017,RST,MN,AGL,CE,Combined TRACON& Tower with Radar,9,18,9,0,36,0,1,12,0,13,9,19,21,0,49,65,0,65,114
10/29/2017,RST,MN,AGL,CE,Combined TRACON& Tower with Radar,7,21,12,0,40,0,0,12,0,12,7,21,24,0,52,0,0,0,52
10/30/2017,RST,MN,AGL,CE,Combined TRACON& Tower with Radar,7,30,32,10,79,0,0,6,0,6,7,30,38,10,85,0,12,12,97
10/31/2017,RST,MN,AGL,CE,Combined TRACON& Tower with Radar,10,32,45,6,93,0,2,12,0,14,10,34,57,6,107,20,26,46,153
11/01/2017,RST,MN,AGL,CE,Combined TRACON& Tower with Radar,9,39,36,0,84,0,1,2,0,3,9,40,38,0,87,0,0,0,87
11/02/2017,RST,MN,AGL,CE,Combined TRACON& Tower with Radar,10,27,30,0,67,0,1,4,0,5,10,28,34,0,72,36,0,36,108
11/03/2017,RST,MN,AGL,CE,Combined TRACON& Tower with Radar,10,28,43,0,81,0,0,21,0,21,10,28,64,0,102,16,0,16,118
11/04/2017,RST,MN,AGL,CE,Combined TRACON& Tower with Radar,6,23,12,0,41,0,0,0,0,0,6,23,12,0,41,0,0,0,41
11/05/2017,RST,MN,AGL,CE,Combined TRACON& Tower with Radar,7,28,22,0,57,0,0,4,0,4,7,28,26,0,61,12,0,12,73
11/06/2017,RST,MN,AGL,CE,Combined TRACON& Tower with Radar,8,33,22,0,63,0,0,35,0,35,8,33,57,0,98,34,0,34,132
11/07/2017,RST,MN,AGL,CE,Combined TRACON& Tower with Radar,11,28,29,0,68,0,0,28,0,28,11,28,57,0,96,42,0,42,138
11/08/2017,RST,MN,AGL,CE,Combined TRACON& Tower with Radar,11,32,42,0,85,0,0,52,0,52,11,32,94,0,137,84,0,84,221
11/09/2017,RST,MN,AGL,CE,Combined TRACON& Tower with Radar,9,29,24,0,62,0,1,0,0,1,9,30,24,0,63,0,0,0,63
11/10/2017,RST,MN,AGL,CE,Combined TRACON& Tower with Radar,9,27,29,0,65,0,5,6,0,11,9,32,35,0,76,24,0,24,100
11/11/2017,RST,MN,AGL,CE,Combined TRACON& Tower with Radar,4,22,12,0,38,0,0,16,0,16,4,22,28,0,54,6,0,6,60
11/12/2017,RST,MN,AGL,CE,Combined TRACON& Tower with Radar,7,28,25,1,61,0,3,13,0,16,7,31,38,1,77,28,0,28,105
11/13/2017,RST,MN,AGL,CE,Combined TRACON& Tower with Radar,8,28,35,0,71,0,2,24,0,26,8,30,59,0,97,10,0,10,107
11/14/2017,RST,MN,AGL,CE,Combined TRACON& Tower with Radar,9,30,17,0,56,0,0,1,0,1,9,30,18,0,57,0,0,0,57
11/15/2017,RST,MN,AGL,CE,Combined TRACON& Tower with Radar,9,41,17,0,67,0,0,1,0,1,9,41,18,0,68,0,0,0,68
11/16/2017,RST,MN,AGL,CE,Combined TRACON& Tower with Radar,9,27,36,0,72,0,0,8,0,8,9,27,44,0,80,24,0,24,104
11/17/2017,RST,MN,AGL,CE,Combined TRACON& Tower with Radar,9,30,14,0,53,0,0,0,0,0,9,30,14,0,53,0,0,0,53
11/18/2017,RST,MN,AGL,CE,Combined TRACON& Tower with Radar,4,22,8,1,35,0,2,20,0,22,4,24,28,1,57,6,0,6,63
11/19/2017,RST,MN,AGL,CE,Combined TRACON& Tower with Radar,7,25,30,0,62,0,0,42,0,42,7,25,72,0,104,42,0,42,146
11/20/2017,RST,MN,AGL,CE,Combined TRACON& Tower with Radar,5,24,46,0,75,0,2,33,0,35,5,26,79,0,110,34,0,34,144
11/21/2017,RST,MN,AGL,CE,Combined TRACON& Tower with Radar,8,27,37,2,74,0,0,13,0,13,8,27,50,2,87,2,0,2,89
11/22/2017,RST,MN,AGL,CE,Combined TRACON& Tower with Radar,9,22,21,0,52,0,0,17,0,17,9,22,38,0,69,44,0,44,113
11/23/2017,RST,MN,AGL,CE,Combined TRACON& Tower with Radar,4,8,7,0,19,0,1,13,0,14,4,9,20,0,33,20,0,20,53
11/24/2017,RST,MN,AGL,CE,Combined TRACON& Tower with Radar,6,14,8,0,28,0,0,21,0,21,6,14,29,0,49,56,0,56,105
11/25/2017,RST,MN,AGL,CE,Combined TRACON& Tower with Radar,8,20,11,0,39,0,0,29,0,29,8,20,40,0,68,40,0,40,108
11/26/2017,RST,MN,AGL,CE,Combined TRACON& Tower with Radar,8,24,31,1,64,0,1,55,0,56,8,25,86,1,120,64,0,64,184
11/27/2017,RST,MN,AGL,CE,Combined TRACON& Tower with Radar,8,20,19,0,47,0,1,13,0,14,8,21,32,0,61,12,0,12,73
11/28/2017,RST,MN,AGL,CE,Combined TRACON& Tower with Radar,9,32,34,0,75,0,2,20,1,23,9,34,54,1,98,40,2,42,140
11/29/2017,RST,MN,AGL,CE,Combined TRACON& Tower with Radar,8,33,46,3,90,0,0,37,0,37,8,33,83,3,127,46,0,46,173
11/30/2017,RST,MN,AGL,CE,Combined TRACON& Tower with Radar,12,33,46,1,92,0,0,30,1,31,12,33,76,2,123,38,0,38,161
12/01/2017,RST,MN,AGL,CE,Combined TRACON& Tower with Radar,9,28,25,0,62,0,3,11,0,14,9,31,36,0,76,12,0,12,88
12/02/2017,RST,MN,AGL,CE,Combined TRACON& Tower with Radar,4,18,19,0,41,0,0,51,0,51,4,18,70,0,92,82,0,82,174
12/03/2017,RST,MN,AGL,CE,Combined TRACON& Tower with Radar,6,30,27,0,63,0,0,46,0,46,6,30,73,0,109,8,0,8,117
12/04/2017,RST,MN,AGL,CE,Combined TRACON& Tower with Radar,7,23,19,0,49,0,0,0,0,0,7,23,19,0,49,0,0,0,49
12/05/2017,RST,MN,AGL,CE,Combined TRACON& Tower with Radar,10,26,21,8,65,0,0,14,0,14,10,26,35,8,79,10,0,10,89
12/06/2017,RST,MN,AGL,CE,Combined TRACON& Tower with Radar,7,19,25,2,53,0,0,0,2,2,7,19,25,4,55,0,8,8,63
12/07/2017,RST,MN,AGL,CE,Combined TRACON& Tower with Radar,8,36,41,0,85,0,1,19,0,20,8,37,60,0,105,34,0,34,139
12/08/2017,RST,MN,AGL,CE,Combined TRACON& Tower with Radar,9,35,14,7,65,0,1,5,0,6,9,36,19,7,71,0,0,0,71
12/09/2017,RST,MN,AGL,CE,Combined TRACON& Tower with Radar,4,19,18,0,41,0,0,8,0,8,4,19,26,0,49,46,0,46,95
12/10/2017,RST,MN,AGL,CE,Combined TRACON& Tower with Radar,6,25,16,0,47,0,1,6,0,7,6,26,22,0,54,0,0,0,54
12/11/2017,RST,MN,AGL,CE,Combined TRACON& Tower with Radar,10,35,32,0,77,0,0,3,0,3,10,35,35,0,80,16,0,16,96
12/12/2017,RST,MN,AGL,CE,Combined TRACON& Tower with Radar,10,36,43,8,97,0,0,20,5,25,10,36,63,13,122,22,20,42,164
12/13/2017,RST,MN,AGL,CE,Combined TRACON& Tower with Radar,8,28,15,2,53,0,0,0,0,0,8,28,15,2,53,0,0,0,53
12/14/2017,RST,MN,AGL,CE,Combined TRACON& Tower with Radar,8,31,28,6,73,0,0,6,0,6,8,31,34,6,79,10,32,42,121
12/15/2017,RST,MN,AGL,CE,Combined TRACON& Tower with Radar,10,28,24,0,62,0,0,4,0,4,10,28,28,0,66,8,0,8,74
12/16/2017,RST,MN,AGL,CE,Combined TRACON& Tower with Radar,5,24,18,0,47,0,0,28,0,28,5,24,46,0,75,66,0,66,141
12/17/2017,RST,MN,AGL,CE,Combined TRACON& Tower with Radar,2,34,17,0,53,0,0,0,0,0,2,34,17,0,53,0,0,0,53
12/18/2017,RST,MN,AGL,CE,Combined TRACON& Tower with Radar,8,28,38,0,74,0,4,19,0,23,8,32,57,0,97,38,0,38,135
12/19/2017,RST,MN,AGL,CE,Combined TRACON& Tower with Radar,11,28,32,0,71,0,0,34,0,34,11,28,66,0,105,20,0,20,125
12/20/2017,RST,MN,AGL,CE,Combined TRACON& Tower with Radar,10,30,31,9,80,0,0,15,2,17,10,30,46,11,97,16,16,32,129
12/21/2017,RST,MN,AGL,CE,Combined TRACON& Tower with Radar,6,22,12,0,40,0,0,1,0,1,6,22,13,0,41,0,0,0,41
12/22/2017,RST,MN,AGL,CE,Combined TRACON& Tower with Radar,6,28,23,0,57,0,0,3,0,3,6,28,26,0,60,0,0,0,60
12/23/2017,RST,MN,AGL,CE,Combined TRACON& Tower with Radar,4,21,21,0,46,0,0,16,0,16,4,21,37,0,62,8,0,8,70
12/24/2017,RST,MN,AGL,CE,Combined TRACON& Tower with Radar,4,14,1,0,19,0,0,3,0,3,4,14,4,0,22,8,0,8,30
12/25/2017,RST,MN,AGL,CE,Combined TRACON& Tower with Radar,4,9,6,0,19,0,4,1,0,5,4,13,7,0,24,0,0,0,24
12/26/2017,RST,MN,AGL,CE,Combined TRACON& Tower with Radar,6,24,10,0,40,0,7,8,0,15,6,31,18,0,55,8,0,8,63
12/27/2017,RST,MN,AGL,CE,Combined TRACON& Tower with Radar,6,19,15,13,53,0,4,12,2,18,6,23,27,15,71,10,24,34,105
12/28/2017,RST,MN,AGL,CE,Combined TRACON& Tower with Radar,6,22,9,14,51,0,0,0,0,0,6,22,9,14,51,0,2,2,53
12/29/2017,RST,MN,AGL,CE,Combined TRACON& Tower with Radar,5,19,18,0,42,0,0,4,0,4,5,19,22,0,46,20,0,20,66
12/30/2017,RST,MN,AGL,CE,Combined TRACON& Tower with Radar,6,20,15,0,41,0,2,3,0,5,6,22,18,0,46,2,0,2,48
12/31/2017,RST,MN,AGL,CE,Combined TRACON& Tower with Radar,4,13,2,0,19,0,6,6,0,12,4,19,8,0,31,0,0,0,31
01/01/2018,RST,MN,AGL,CE,Combined TRACON& Tower with Radar,4,15,8,0,27,0,2,2,0,4,4,17,10,0,31,0,0,0,31
01/02/2018,RST,MN,AGL,CE,Combined TRACON& Tower with Radar,2,29,21,0,52,0,0,2,0,2,2,29,23,0,54,0,0,0,54
01/03/2018,RST,MN,AGL,CE,Combined TRACON& Tower with Radar,6,24,24,0,54,0,1,5,0,6,6,25,29,0,60,34,0,34,94
01/04/2018,RST,MN,AGL,CE,Combined TRACON& Tower with Radar,7,28,22,5,62,0,0,11,3,14,7,28,33,8,76,16,20,36,112
01/05/2018,RST,MN,AGL,CE,Combined TRACON& Tower with Radar,6,24,18,22,70,0,4,4,0,8,6,28,22,22,78,6,34,40,118
01/06/2018,RST,MN,AGL,CE,Combined TRACON& Tower with Radar,3,19,13,0,35,0,7,9,1,17,3,26,22,1,52,0,0,0,52
01/07/2018,RST,MN,AGL,CE,Combined TRACON& Tower with Radar,5,21,18,0,44,0,1,26,0,27,5,22,44,0,71,26,0,26,97
01/08/2018,RST,MN,AGL,CE,Combined TRACON& Tower with Radar,7,24,25,0,56,0,1,28,0,29,7,25,53,0,85,20,0,20,105
01/09/2018,RST,MN,AGL,CE,Combined TRACON& Tower with Radar,10,29,22,12,73,0,1,8,0,9,10,30,30,12,82,12,20,32,114
01/10/2018,RST,MN,AGL,CE,Combined TRACON& Tower with Radar,9,23,24,0,56,0,0,0,0,0,9,23,24,0,56,0,0,0,56
01/11/2018,RST,MN,AGL,CE,Combined TRACON& Tower with Radar,7,25,12,1,45,0,0,0,1,1,7,25,12,2,46,0,0,0,46
01/12/2018,RST,MN,AGL,CE,Combined TRACON& Tower with Radar,5,23,29,2,59,0,2,11,0,13,5,25,40,2,72,14,0,14,86
01/13/2018,RST,MN,AGL,CE,Combined TRACON& Tower with Radar,4,24,9,0,37,0,0,9,0,9,4,24,18,0,46,2,0,2,48
01/14/2018,RST,MN,AGL,CE,Combined TRACON& Tower with Radar,3,26,27,2,58,0,1,1,0,2,3,27,28,2,60,0,0,0,60
01/15/2018,RST,MN,AGL,CE,Combined TRACON& Tower with Radar,7,26,13,0,46,0,0,0,0,0,7,26,13,0,46,0,0,0,46
01/16/2018,RST,MN,AGL,CE,Combined TRACON& Tower with Radar,7,38,18,0,63,0,0,7,0,7,7,38,25,0,70,2,0,2,72
01/17/2018,RST,MN,AGL,CE,Combined TRACON& Tower with Radar,7,30,24,1,62,0,4,9,9,22,7,34,33,10,84,2,8,10,94
01/18/2018,RST,MN,AGL,CE,Combined TRACON& Tower with Radar,8,29,29,2,68,0,0,21,0,21,8,29,50,2,89,20,36,56,145
01/19/2018,RST,MN,AGL,CE,Combined TRACON& Tower with Radar,8,32,28,0,68,0,0,34,0,34,8,32,62,0,102,39,0,39,141
01/20/2018,RST,MN,AGL,CE,Combined TRACON& Tower with Radar,5,27,25,0,57,0,0,28,0,28,5,27,53,0,85,68,0,68,153
01/21/2018,RST,MN,AGL,CE,Combined TRACON& Tower with Radar,6,22,13,0,41,0,0,4,0,4,6,22,17,0,45,0,0,0,45
01/22/2018,RST,MN,AGL,CE,Combined TRACON& Tower with Radar,3,5,2,0,10,0,0,0,0,0,3,5,2,0,10,0,0,0,10
01/23/2018,RST,MN,AGL,CE,Combined TRACON& Tower with Radar,10,30,14,0,54,0,4,1,0,5,10,34,15,0,59,0,0,0,59
01/24/2018,RST,MN,AGL,CE,Combined TRACON& Tower with Radar,8,24,27,2,61,0,0,0,0,0,8,24,27,2,61,0,0,0,61
01/25/2018,RST,MN,AGL,CE,Combined TRACON& Tower with Radar,8,29,15,0,52,0,0,0,0,0,8,29,15,0,52,0,0,0,52
01/26/2018,RST,MN,AGL,CE,Combined TRACON& Tower with Radar,8,22,22,0,52,0,0,15,1,16,8,22,37,1,68,16,0,16,84
01/27/2018,RST,MN,AGL,CE,Combined TRACON& Tower with Radar,5,18,9,0,32,0,4,43,0,47,5,22,52,0,79,98,0,98,177
01/28/2018,RST,MN,AGL,CE,Combined TRACON& Tower with Radar,8,26,16,0,50,0,2,18,0,20,8,28,34,0,70,32,0,32,102
01/29/2018,RST,MN,AGL,CE,Combined TRACON& Tower with Radar,7,22,17,3,49,0,2,19,4,25,7,24,36,7,74,12,28,40,114
01/30/2018,RST,MN,AGL,CE,Combined TRACON& Tower with Radar,8,23,23,0,54,0,2,16,0,18,8,25,39,0,72,0,0,0,72
01/31/2018,RST,MN,AGL,CE,Combined TRACON& Tower with Radar,9,27,29,9,74,0,0,9,1,10,9,27,38,10,84,14,14,28,112
02/01/2018,RST,MN,AGL,CE,Combined TRACON& Tower with Radar,7,22,16,0,45,0,6,11,0,17,7,28,27,0,62,6,0,6,68
02/02/2018,RST,MN,AGL,CE,Combined TRACON& Tower with Radar,8,28,25,1,62,0,0,14,0,14,8,28,39,1,76,0,0,0,76
02/03/2018,RST,MN,AGL,CE,Combined TRACON& Tower with Radar,5,20,10,0,35,0,0,1,0,1,5,20,11,0,36,0,0,0,36
02/04/2018,RST,MN,AGL,CE,Combined TRACON& Tower with Radar,4,17,20,0,41,0,2,7,0,9,4,19,27,0,50,0,0,0,50
02/05/2018,RST,MN,AGL,CE,Combined TRACON& Tower with Radar,9,31,41,0,81,0,1,4,0,5,9,32,45,0,86,30,0,30,116
02/06/2018,RST,MN,AGL,CE,Combined TRACON& Tower with Radar,7,27,24,9,67,0,0,6,0,6,7,27,30,9,73,0,44,44,117
02/07/2018,RST,MN,AGL,CE,Combined TRACON& Tower with Radar,8,27,27,0,62,0,0,10,0,10,8,27,37,0,72,4,0,4,76
02/08/2018,RST,MN,AGL,CE,Combined TRACON& Tower with Radar,9,30,36,0,75,0,0,16,0,16,9,30,52,0,91,34,0,34,125
02/09/2018,RST,MN,AGL,CE,Combined TRACON& Tower with Radar,8,29,19,6,62,0,0,9,0,9,8,29,28,6,71,4,6,10,81
02/10/2018,RST,MN,AGL,CE,Combined TRACON& Tower with Radar,7,21,10,8,46,0,1,21,2,24,7,22,31,10,70,6,6,12,82
02/11/2018,RST,MN,AGL,CE,Combined TRACON& Tower with Radar,6,25,16,4,51,0,0,34,0,34,6,25,50,4,85,20,6,26,111
02/12/2018,RST,MN,AGL,CE,Combined TRACON& Tower with Radar,7,25,26,0,58,0,3,23,0,26,7,28,49,0,84,0,0,0,84
02/13/2018,RST,MN,AGL,CE,Combined TRACON& Tower with Radar,10,35,27,4,76,0,4,12,0,16,10,39,39,4,92,12,20,32,124
02/14/2018,RST,MN,AGL,CE,Combined TRACON& Tower with Radar,7,26,42,0,75,0,2,27,0,29,7,28,69,0,104,36,0,36,140
02/15/2018,RST,MN,AGL,CE,Combined TRACON& Tower with Radar,8,36,28,15,87,0,5,4,1,10,8,41,32,16,97,6,32,38,135
02/16/2018,RST,MN,AGL,CE,Combined TRACON& Tower with Radar,10,24,33,0,67,0,4,22,0,26,10,28,55,0,93,23,0,23,116
02/17/2018,RST,MN,AGL,CE,Combined TRACON& Tower with Radar,7,17,11,0,35,0,0,1,0,1,7,17,12,0,36,0,0,0,36
02/18/2018,RST,MN,AGL,CE,Combined TRACON& Tower with Radar,4,21,15,0,40,0,2,1,2,5,4,23,16,2,45,0,0,0,45
02/19/2018,RST,MN,AGL,CE,Combined TRACON& Tower with Radar,8,11,2,0,21,0,0,0,0,0,8,11,2,0,21,0,0,0,21
02/20/2018,RST,MN,AGL,CE,Combined TRACON& Tower with Radar,8,27,21,0,56,0,0,0,0,0,8,27,21,0,56,0,0,0,56
02/21/2018,RST,MN,AGL,CE,Combined TRACON& Tower with Radar,10,38,32,19,99,0,7,17,0,24,10,45,49,19,123,16,16,32,155
02/22/2018,RST,MN,AGL,CE,Combined TRACON& Tower with Radar,9,28,15,8,60,0,6,2,0,8,9,34,17,8,68,2,18,20,88
02/23/2018,RST,MN,AGL,CE,Combined TRACON& Tower with Radar,8,23,22,0,53,0,3,0,0,3,8,26,22,0,56,0,0,0,56
02/24/2018,RST,MN,AGL,CE,Combined TRACON& Tower with Radar,7,17,3,0,27,0,0,1,0,1,7,17,4,0,28,0,0,0,28
02/25/2018,RST,MN,AGL,CE,Combined TRACON& Tower with Radar,5,19,18,0,42,0,2,11,0,13,5,21,29,0,55,4,0,4,59
02/26/2018,RST,MN,AGL,CE,Combined TRACON& Tower with Radar,9,24,31,5,69,0,6,15,0,21,9,30,46,5,90,12,28,40,130
02/27/2018,RST,MN,AGL,CE,Combined TRACON& Tower with Radar,10,34,40,0,84,0,7,26,2,35,10,41,66,2,119,28,0,28,147
02/28/2018,RST,MN,AGL,CE,Combined TRACON& Tower with Radar,10,29,31,0,70,0,5,16,0,21,10,34,47,0,91,18,0,18,109
03/01/2018,RST,MN,AGL,CE,Combined TRACON& Tower with Radar,10,26,13,0,49,0,0,21,0,21,10,26,34,0,70,80,0,80,150
03/02/2018,RST,MN,AGL,CE,Combined TRACON& Tower with Radar,10,27,24,0,61,0,3,17,0,20,10,30,41,0,81,40,0,40,121
03/03/2018,RST,MN,AGL,CE,Combined TRACON& Tower with Radar,7,22,7,9,45,0,4,11,5,20,7,26,18,14,65,26,22,48,113
03/04/2018,RST,MN,AGL,CE,Combined TRACON& Tower with Radar,6,21,32,0,59,0,0,4,0,4,6,21,36,0,63,0,0,0,63
03/05/2018,RST,MN,AGL,CE,Combined TRACON& Tower with Radar,4,9,3,0,16,0,0,1,0,1,4,9,4,0,17,0,0,0,17
03/06/2018,RST,MN,AGL,CE,Combined TRACON& Tower with Radar,10,31,19,0,60,0,0,0,0,0,10,31,19,0,60,0,0,0,60
03/07/2018,RST,MN,AGL,CE,Combined TRACON& Tower with Radar,10,29,16,0,55,0,4,7,0,11,10,33,23,0,66,2,0,2,68
03/08/2018,RST,MN,AGL,CE,Combined TRACON& Tower with Radar,10,23,23,0,56,0,4,12,0,16,10,27,35,0,72,30,0,30,102
03/09/2018,RST,MN,AGL,CE,Combined TRACON& Tower with Radar,10,27,16,0,53,0,6,14,0,20,10,33,30,0,73,12,0,12,85
03/10/2018,RST,MN,AGL,CE,Combined TRACON& Tower with Radar,5,22,8,0,35,0,4,13,0,17,5,26,21,0,52,0,0,0,52
03/11/2018,RST,MN,AGL,CE,Combined TRACON& Tower with Radar,7,24,10,0,41,0,0,5,0,5,7,24,15,0,46,0,0,0,46
03/12/2018,RST,MN,AGL,CE,Combined TRACON& Tower with Radar,8,26,19,0,53,0,0,18,0,18,8,26,37,0,71,14,0,14,85
03/13/2018,RST,MN,AGL,CE,Combined TRACON& Tower with Radar,10,22,24,9,65,0,0,26,0,26,10,22,50,9,91,36,38,74,165
03/14/2018,RST,MN,AGL,CE,Combined TRACON& Tower with Radar,12,25,38,7,82,0,2,23,0,25,12,27,61,7,107,99,18,117,224
03/15/2018,RST,MN,AGL,CE,Combined TRACON& Tower with Radar,10,20,25,13,68,0,4,27,0,31,10,24,52,13,99,26,24,50,149
03/16/2018,RST,MN,AGL,CE,Combined TRACON& Tower with Radar,10,26,8,2,46,0,0,18,0,18,10,26,26,2,64,16,0,16,80
03/17/2018,RST,MN,AGL,CE,Combined TRACON& Tower with Radar,5,22,22,0,49,0,0,64,0,64,5,22,86,0,113,34,0,34,147
03/18/2018,RST,MN,AGL,CE,Combined TRACON& Tower with Radar,7,24,24,2,57,0,4,32,0,36,7,28,56,2,93,56,0,56,149
03/19/2018,RST,MN,AGL,CE,Combined TRACON& Tower with Radar,11,37,38,0,86,0,7,21,0,28,11,44,59,0,114,20,0,20,134
03/20/2018,RST,MN,AGL,CE,Combined TRACON& Tower with Radar,10,26,23,17,76,0,2,2,0,4,10,28,25,17,80,86,0,86,166
03/21/2018,RST,MN,AGL,CE,Combined TRACON& Tower with Radar,10,20,28,1,59,0,1,17,0,18,10,21,45,1,77,4,0,4,81
03/22/2018,RST,MN,AGL,CE,Combined TRACON& Tower with Radar,10,34,22,0,66,0,4,23,2,29,10,38,45,2,95,40,0,40,135
03/23/2018,RST,MN,AGL,CE,Combined TRACON& Tower with Radar,8,24,18,12,62,0,2,4,0,6,8,26,22,12,68,10,40,50,118
03/24/2018,RST,MN,AGL,CE,Combined TRACON& Tower with Radar,5,17,14,6,42,0,0,6,0,6,5,17,20,6,48,10,22,32,80
03/25/2018,RST,MN,AGL,CE,Combined TRACON& Tower with Radar,8,27,31,2,68,0,1,20,0,21,8,28,51,2,89,10,0,10,99
03/26/2018,RST,MN,AGL,CE,Combined TRACON& Tower with Radar,9,40,22,2,73,0,0,0,0,0,9,40,22,2,73,0,0,0,73
03/27/2018,RST,MN,AGL,CE,Combined TRACON& Tower with Radar,12,25,29,0,66,0,1,14,2,17,12,26,43,2,83,62,0,62,145
03/28/2018,RST,MN,AGL,CE,Combined TRACON& Tower with Radar,10,28,28,0,66,0,3,22,0,25,10,31,50,0,91,38,0,38,129
03/29/2018,RST,MN,AGL,CE,Combined TRACON& Tower with Radar,10,25,25,13,73,0,4,20,2,26,10,29,45,15,99,68,52,120,219
03/30/2018,RST,MN,AGL,CE,Combined TRACON& Tower with Radar,10,26,22,0,58,0,0,26,0,26,10,26,48,0,84,6,2,8,92
03/31/2018,RST,MN,AGL,CE,Combined TRACON& Tower with Radar,5,18,10,0,33,0,2,0,0,2,5,20,10,0,35,0,0,0,35
04/01/2018,RST,MN,AGL,CE,Combined TRACON& Tower with Radar,8,20,19,0,47,0,2,11,0,13,8,22,30,0,60,32,0,32,92
04/02/2018,RST,MN,AGL,CE,Combined TRACON& Tower with Radar,8,24,36,4,72,0,2,3,0,5,8,26,39,4,77,4,14,18,95
04/03/2018,RST,MN,AGL,CE,Combined TRACON& Tower with Radar,8,14,14,0,36,0,0,1,0,1,8,14,15,0,37,0,0,0,37
04/04/2018,RST,MN,AGL,CE,Combined TRACON& Tower with Radar,12,38,69,0,119,0,1,32,0,33,12,39,101,0,152,48,0,48,200
04/05/2018,RST,MN,AGL,CE,Combined TRACON& Tower with Radar,10,26,27,33,96,0,0,14,2,16,10,26,41,35,112,12,88,100,212
04/06/2018,RST,MN,AGL,CE,Combined TRACON& Tower with Radar,10,23,15,11,59,0,0,5,0,5,10,23,20,11,64,2,28,30,94
04/07/2018,RST,MN,AGL,CE,Combined TRACON& Tower with Radar,9,11,19,0,39,0,0,47,0,47,9,11,66,0,86,48,0,48,134
04/08/2018,RST,MN,AGL,CE,Combined TRACON& Tower with Radar,7,20,18,2,47,0,2,5,0,7,7,22,23,2,54,2,0,2,56
04/09/2018,RST,MN,AGL,CE,Combined TRACON& Tower with Radar,9,22,49,7,87,0,2,10,3,15,9,24,59,10,102,34,24,58,160
04/10/2018,RST,MN,AGL,CE,Combined TRACON& Tower with Radar,12,28,35,0,75,0,2,17,0,19,12,30,52,0,94,18,0,18,112
04/11/2018,RST,MN,AGL,CE,Combined TRACON& Tower with Radar,10,26,34,2,72,0,6,16,0,22,10,32,50,2,94,40,0,40,134
04/12/2018,RST,MN,AGL,CE,Combined TRACON& Tower with Radar,10,24,49,15,98,0,0,24,0,24,10,24,73,15,122,46,32,78,200
04/13/2018,RST,MN,AGL,CE,Combined TRACON& Tower with Radar,9,22,13,0,44,0,0,1,0,1,9,22,14,0,45,0,0,0,45
04/14/2018,RST,MN,AGL,CE,Combined TRACON& Tower with Radar,1,0,1,0,2,0,0,0,0,0,1,0,1,0,2,0,0,0,2
04/15/2018,RST,MN,AGL,CE,Combined TRACON& Tower with Radar,4,17,8,0,29,0,0,0,0,0,4,17,8,0,29,0,0,0,29
04/16/2018,RST,MN,AGL,CE,Combined TRACON& Tower with Radar,9,30,39,0,78,0,0,9,0,9,9,30,48,0,87,8,0,8,95
04/17/2018,RST,MN,AGL,CE,Combined TRACON& Tower with Radar,10,34,52,4,100,0,0,19,0,19,10,34,71,4,119,42,0,42,161
04/18/2018,RST,MN,AGL,CE,Combined TRACON& Tower with Radar,10,18,19,0,47,0,0,0,0,0,10,18,19,0,47,0,0,0,47
04/19/2018,RST,MN,AGL,CE,Combined TRACON& Tower with Radar,9,20,39,0,68,0,2,15,0,17,9,22,54,0,85,58,0,58,143
04/20/2018,RST,MN,AGL,CE,Combined TRACON& Tower with Radar,12,26,39,0,77,0,6,37,0,43,12,32,76,0,120,52,0,52,172
04/21/2018,RST,MN,AGL,CE,Combined TRACON& Tower with Radar,10,13,12,0,35,0,6,44,1,51,10,19,56,1,86,15,0,15,101
04/22/2018,RST,MN,AGL,CE,Combined TRACON& Tower with Radar,8,17,42,0,67,0,4,38,0,42,8,21,80,0,109,72,0,72,181
04/23/2018,RST,MN,AGL,CE,Combined TRACON& Tower with Radar,9,25,38,0,72,0,14,40,0,54,9,39,78,0,126,60,0,60,186
04/24/2018,RST,MN,AGL,CE,Combined TRACON& Tower with Radar,10,27,50,0,87,0,0,22,1,23,10,27,72,1,110,21,0,21,131
04/25/2018,RST,MN,AGL,CE,Combined TRACON& Tower with Radar,10,16,35,0,61,0,2,28,0,30,10,18,63,0,91,29,0,29,120
04/26/2018,RST,MN,AGL,CE,Combined TRACON& Tower with Radar,10,23,45,31,109,0,2,14,0,16,10,25,59,31,125,2,58,60,185
04/27/2018,RST,MN,AGL,CE,Combined TRACON& Tower with Radar,10,29,20,0,59,0,0,15,0,15,10,29,35,0,74,2,0,2,76
04/28/2018,RST,MN,AGL,CE,Combined TRACON& Tower with Radar,7,16,18,0,41,0,0,42,0,42,7,16,60,0,83,46,0,46,129
04/29/2018,RST,MN,AGL,CE,Combined TRACON& Tower with Radar,8,29,23,0,60,0,7,42,0,49,8,36,65,0,109,10,0,10,119
04/30/2018,RST,MN,AGL,CE,Combined TRACON& Tower with Radar,9,26,32,0,67,0,0,6,0,6,9,26,38,0,73,18,0,18,91
05/01/2018,RST,MN,AGL,CE,Combined TRACON& Tower with Radar,10,22,46,12,90,0,11,4,0,15,10,33,50,12,105,24,30,54,159
05/02/2018,RST,MN,AGL,CE,Combined TRACON& Tower with Radar,13,15,33,0,61,0,1,9,0,10,13,16,42,0,71,50,0,50,121
05/03/2018,RST,MN,AGL,CE,Combined TRACON& Tower with Radar,11,24,34,0,69,0,0,8,0,8,11,24,42,0,77,18,0,18,95
05/04/2018,RST,MN,AGL,CE,Combined TRACON& Tower with Radar,13,24,38,11,86,0,2,37,8,47,13,26,75,19,133,70,28,98,231
05/05/2018,RST,MN,AGL,CE,Combined TRACON& Tower with Radar,14,14,12,0,40,0,0,41,0,41,14,14,53,0,81,54,0,54,135
05/06/2018,RST,MN,AGL,CE,Combined TRACON& Tower with Radar,13,15,21,0,49,0,3,59,0,62,13,18,80,0,111,84,0,84,195
05/07/2018,RST,MN,AGL,CE,Combined TRACON& Tower with Radar,14,17,39,0,70,0,0,22,0,22,14,17,61,0,92,24,0,24,116
05/08/2018,RST,MN,AGL,CE,Combined TRACON& Tower with Radar,18,22,19,8,67,0,2,9,0,11,18,24,28,8,78,32,38,70,148
05/09/2018,RST,MN,AGL,CE,Combined TRACON& Tower with Radar,15,35,31,0,81,0,0,10,0,10,15,35,41,0,91,42,0,42,133
05/10/2018,RST,MN,AGL,CE,Combined TRACON& Tower with Radar,15,23,24,13,75,0,0,12,1,13,15,23,36,14,88,10,42,52,140
05/11/2018,RST,MN,AGL,CE,Combined TRACON& Tower with Radar,12,22,25,0,59,0,0,1,0,1,12,22,26,0,60,0,0,0,60
05/12/2018,RST,MN,AGL,CE,Combined TRACON& Tower with Radar,8,18,32,0,58,0,4,5,0,9,8,22,37,0,67,8,0,8,75
05/13/2018,RST,MN,AGL,CE,Combined TRACON& Tower with Radar,13,23,8,0,44,0,0,3,0,3,13,23,11,0,47,0,0,0,47
05/14/2018,RST,MN,AGL,CE,Combined TRACON& Tower with Radar,14,18,43,0,75,0,1,2,0,3,14,19,45,0,78,0,0,0,78
05/15/2018,RST,MN,AGL,CE,Combined TRACON& Tower with Radar,14,16,34,20,84,0,1,36,0,37,14,17,70,20,121,128,54,182,303
05/16/2018,RST,MN,AGL,CE,Combined TRACON& Tower with Radar,17,26,32,0,75,0,0,38,0,38,17,26,70,0,113,71,0,71,184
05/17/2018,RST,MN,AGL,CE,Combined TRACON& Tower with Radar,15,27,28,5,75,0,0,20,0,20,15,27,48,5,95,44,32,76,171
05/18/2018,RST,MN,AGL,CE,Combined TRACON& Tower with Radar,16,17,41,0,74,0,4,22,0,26,16,21,63,0,100,52,0,52,152
05/19/2018,RST,MN,AGL,CE,Combined TRACON& Tower with Radar,10,19,24,0,53,0,1,7,0,8,10,20,31,0,61,16,0,16,77
05/20/2018,RST,MN,AGL,CE,Combined TRACON& Tower with Radar,14,19,30,0,63,0,0,11,0,11,14,19,41,0,74,22,0,22,96
05/21/2018,RST,MN,AGL,CE,Combined TRACON& Tower with Radar,17,25,28,0,70,0,0,0,0,0,17,25,28,0,70,0,0,0,70
05/22/2018,RST,MN,AGL,CE,Combined TRACON& Tower with Radar,18,21,44,18,101,0,0,12,0,12,18,21,56,18,113,30,24,54,167
05/23/2018,RST,MN,AGL,CE,Combined TRACON& Tower with Radar,16,18,32,7,73,0,1,19,0,20,16,19,51,7,93,34,40,74,167
05/24/2018,RST,MN,AGL,CE,Combined TRACON& Tower with Radar,26,32,26,0,84,0,2,22,0,24,26,34,48,0,108,26,0,26,134
05/25/2018,RST,MN,AGL,CE,Combined TRACON& Tower with Radar,19,23,26,0,68,0,0,10,0,10,19,23,36,0,78,16,0,16,94
05/26/2018,RST,MN,AGL,CE,Combined TRACON& Tower with Radar,9,16,6,0,31,0,0,38,0,38,9,16,44,0,69,46,0,46,115
05/27/2018,RST,MN,AGL,CE,Combined TRACON& Tower with Radar,10,10,4,0,24,0,0,29,0,29,10,10,33,0,53,73,0,73,126
05/28/2018,RST,MN,AGL,CE,Combined TRACON& Tower with Radar,20,26,14,0,60,0,0,29,0,29,20,26,43,0,89,32,0,32,121
05/29/2018,RST,MN,AGL,CE,Combined TRACON& Tower with Radar,18,31,33,0,82,0,0,11,0,11,18,31,44,0,93,20,0,20,113
05/30/2018,RST,MN,AGL,CE,Combined TRACON& Tower with Radar,16,26,23,0,65,0,1,2,0,3,16,27,25,0,68,18,0,18,86
05/31/2018,RST,MN,AGL,CE,Combined TRACON& Tower with Radar,17,43,34,14,108,0,0,33,0,33,17,43,67,14,141,72,28,100,241
06/01/2018,RST,MN,AGL,CE,Combined TRACON& Tower with Radar,22,30,15,0,67,0,3,36,0,39,22,33,51,0,106,68,0,68,174
06/02/2018,RST,MN,AGL,CE,Combined TRACON& Tower with Radar,9,16,8,0,33,0,0,7,0,7,9,16,15,0,40,17,0,17,57
06/03/2018,RST,MN,AGL,CE,Combined TRACON& Tower with Radar,14,17,11,0,42,0,0,11,0,11,14,17,22,0,53,0,0,0,53
06/04/2018,RST,MN,AGL,CE,Combined TRACON& Tower with Radar,17,15,37,0,69,0,1,30,0,31,17,16,67,0,100,0,0,0,100
06/05/2018,RST,MN,AGL,CE,Combined TRACON& Tower with Radar,16,23,36,3,78,0,0,24,3,27,16,23,60,6,105,0,0,0,105
06/06/2018,RST,MN,AGL,CE,Combined TRACON& Tower with Radar,16,21,50,6,93,0,2,13,0,15,16,23,63,6,108,38,34,72,180
06/07/2018,RST,MN,AGL,CE,Combined TRACON& Tower with Radar,17,18,31,8,74,0,0,25,1,26,17,18,56,9,100,104,50,154,254
06/08/2018,RST,MN,AGL,CE,Combined TRACON& Tower with Radar,14,28,27,0,69,0,0,12,0,12,14,28,39,0,81,34,0,34,115
06/09/2018,RST,MN,AGL,CE,Combined TRACON& Tower with Radar,8,14,13,0,35,0,0,4,0,4,8,14,17,0,39,0,0,0,39
06/10/2018,RST,MN,AGL,CE,Combined TRACON& Tower with Radar,11,15,31,0,57,0,0,2,0,2,11,15,33,0,59,0,0,0,59
06/11/2018,RST,MN,AGL,CE,Combined TRACON& Tower with Radar,13,27,36,0,76,0,6,3,0,9,13,33,39,0,85,0,0,0,85
06/12/2018,RST,MN,AGL,CE,Combined TRACON& Tower with Radar,14,26,45,2,87,0,7,8,0,15,14,33,53,2,102,44,0,44,146
06/13/2018,RST,MN,AGL,CE,Combined TRACON& Tower with Radar,14,33,41,0,88,0,3,42,0,45,14,36,83,0,133,112,0,112,245
06/14/2018,RST,MN,AGL,CE,Combined TRACON& Tower with Radar,14,26,28,16,84,0,0,18,0,18,14,26,46,16,102,12,72,84,186
06/15/2018,RST,MN,AGL,CE,Combined TRACON& Tower with Radar,16,29,32,0,77,0,0,8,0,8,16,29,40,0,85,20,0,20,105
06/16/2018,RST,MN,AGL,CE,Combined TRACON& Tower with Radar,9,16,17,0,42,0,0,40,0,40,9,16,57,0,82,32,0,32,114
06/17/2018,RST,MN,AGL,CE,Combined TRACON& Tower with Radar,14,14,25,0,53,0,0,22,0,22,14,14,47,0,75,40,0,40,115
06/18/2018,RST,MN,AGL,CE,Combined TRACON& Tower with Radar,11,32,45,0,88,0,2,2,0,4,11,34,47,0,92,22,0,22,114
06/19/2018,RST,MN,AGL,CE,Combined TRACON& Tower with Radar,12,28,57,3,100,0,0,4,0,4,12,28,61,3,104,0,0,0,104
06/20/2018,RST,MN,AGL,CE,Combined TRACON& Tower with Radar,12,27,40,0,79,0,4,0,0,4,12,31,40,0,83,12,0,12,95
06/21/2018,RST,MN,AGL,CE,Combined TRACON& Tower with Radar,13,16,19,8,56,0,0,8,0,8,13,16,27,8,64,22,28,50,114
06/22/2018,RST,MN,AGL,CE,Combined TRACON& Tower with Radar,12,30,17,0,59,0,6,37,0,43,12,36,54,0,102,58,0,58,160
06/23/2018,RST,MN,AGL,CE,Combined TRACON& Tower with Radar,8,20,17,0,45,0,0,51,1,52,8,20,68,1,97,34,0,34,131
06/24/2018,RST,MN,AGL,CE,Combined TRACON& Tower with Radar,12,17,27,0,56,0,0,33,2,35,12,17,60,2,91,20,0,20,111
06/25/2018,RST,MN,AGL,CE,Combined TRACON& Tower with Radar,15,26,36,30,107,0,5,18,0,23,15,31,54,30,130,60,76,136,266
06/26/2018,RST,MN,AGL,CE,Combined TRACON& Tower with Radar,13,22,39,0,74,0,0,6,0,6,13,22,45,0,80,15,0,15,95
06/27/2018,RST,MN,AGL,CE,Combined TRACON& Tower with Radar,14,30,39,0,83,0,1,20,0,21,14,31,59,0,104,120,0,120,224
06/28/2018,RST,MN,AGL,CE,Combined TRACON& Tower with Radar,14,32,37,19,102,0,0,30,9,39,14,32,67,28,141,100,42,142,283
06/29/2018,RST,MN,AGL,CE,Combined TRACON& Tower with Radar,16,30,30,0,76,0,4,5,0,9,16,34,35,0,85,0,0,0,85
06/30/2018,RST,MN,AGL,CE,Combined TRACON& Tower with Radar,9,18,12,0,39,0,1,7,0,8,9,19,19,0,47,20,0,20,67
07/01/2018,RST,MN,AGL,CE,Combined TRACON& Tower with Radar,11,20,8,0,39,0,0,11,0,11,11,20,19,0,50,9,0,9,59
07/02/2018,RST,MN,AGL,CE,Combined TRACON& Tower with Radar,12,17,25,2,56,0,0,41,0,41,12,17,66,2,97,18,4,22,119
07/03/2018,RST,MN,AGL,CE,Combined TRACON& Tower with Radar,15,23,29,10,77,0,0,15,0,15,15,23,44,10,92,0,0,0,92
07/04/2018,RST,MN,AGL,CE,Combined TRACON& Tower with Radar,14,6,6,0,26,0,0,4,0,4,14,6,10,0,30,86,0,86,116
07/05/2018,RST,MN,AGL,CE,Combined TRACON& Tower with Radar,12,11,19,0,42,0,0,17,0,17,12,11,36,0,59,62,0,62,121
07/06/2018,RST,MN,AGL,CE,Combined TRACON& Tower with Radar,12,15,16,0,43,0,2,43,0,45,12,17,59,0,88,128,0,128,216
07/07/2018,RST,MN,AGL,CE,Combined TRACON& Tower with Radar,9,19,10,0,38,0,1,35,0,36,9,20,45,0,74,66,0,66,140
07/08/2018,RST,MN,AGL,CE,Combined TRACON& Tower with Radar,10,16,31,0,57,0,0,28,0,28,10,16,59,0,85,16,0,16,101
07/09/2018,RST,MN,AGL,CE,Combined TRACON& Tower with Radar,11,25,28,0,64,0,0,22,0,22,11,25,50,0,86,70,0,70,156
07/10/2018,RST,MN,AGL,CE,Combined TRACON& Tower with Radar,11,31,51,13,106,0,2,32,0,34,11,33,83,13,140,72,26,98,238
07/11/2018,RST,MN,AGL,CE,Combined TRACON& Tower with Radar,11,27,35,2,75,0,0,33,2,35,11,27,68,4,110,16,18,34,144
07/12/2018,RST,MN,AGL,CE,Combined TRACON& Tower with Radar,18,33,24,2,77,0,0,14,0,14,18,33,38,2,91,36,6,42,133
07/13/2018,RST,MN,AGL,CE,Combined TRACON& Tower with Radar,11,39,40,0,90,0,0,8,0,8,11,39,48,0,98,0,0,0,98
07/14/2018,RST,MN,AGL,CE,Combined TRACON& Tower with Radar,6,15,6,0,27,0,3,8,0,11,6,18,14,0,38,0,0,0,38
07/15/2018,RST,MN,AGL,CE,Combined TRACON& Tower with Radar,10,15,25,0,50,0,0,22,0,22,10,15,47,0,72,0,0,0,72
07/16/2018,RST,MN,AGL,CE,Combined TRACON& Tower with Radar,14,25,25,15,79,0,4,44,0,48,14,29,69,15,127,18,16,34,161
07/17/2018,RST,MN,AGL,CE,Combined TRACON& Tower with Radar,14,27,28,0,69,0,1,47,0,48,14,28,75,0,117,49,0,49,166
07/18/2018,RST,MN,AGL,CE,Combined TRACON& Tower with Radar,12,27,33,16,88,0,0,27,2,29,12,27,60,18,117,68,16,84,201
07/19/2018,RST,MN,AGL,CE,Combined TRACON& Tower with Radar,13,22,15,0,50,0,0,3,0,3,13,22,18,0,53,0,0,0,53
07/20/2018,RST,MN,AGL,CE,Combined TRACON& Tower with Radar,15,28,20,0,63,0,4,8,0,12,15,32,28,0,75,0,0,0,75
07/21/2018,RST,MN,AGL,CE,Combined TRACON& Tower with Radar,4,21,18,1,44,0,0,34,2,36,4,21,52,3,80,20,0,20,100
07/22/2018,RST,MN,AGL,CE,Combined TRACON& Tower with Radar,10,20,17,0,47,0,0,40,0,40,10,20,57,0,87,20,2,22,109
07/23/2018,RST,MN,AGL,CE,Combined TRACON& Tower with Radar,13,30,33,0,76,0,2,35,0,37,13,32,68,0,113,39,0,39,152
07/24/2018,RST,MN,AGL,CE,Combined TRACON& Tower with Radar,10,40,33,0,83,0,1,34,2,37,10,41,67,2,120,24,0,24,144
07/25/2018,RST,MN,AGL,CE,Combined TRACON& Tower with Radar,13,29,31,0,73,0,7,22,0,29,13,36,53,0,102,18,0,18,120
07/26/2018,RST,MN,AGL,CE,Combined TRACON& Tower with Radar,14,36,27,16,93,0,0,31,0,31,14,36,58,16,124,14,48,62,186
07/27/2018,RST,MN,AGL,CE,Combined TRACON& Tower with Radar,13,21,23,0,57,0,1,46,0,47,13,22,69,0,104,78,0,78,182
07/28/2018,RST,MN,AGL,CE,Combined TRACON& Tower with Radar,5,18,18,0,41,0,0,27,0,27,5,18,45,0,68,13,0,13,81
07/29/2018,RST,MN,AGL,CE,Combined TRACON& Tower with Radar,12,20,27,1,60,0,0,53,0,53,12,20,80,1,113,69,0,69,182
07/30/2018,RST,MN,AGL,CE,Combined TRACON& Tower with Radar,11,33,33,2,79,0,3,34,2,39,11,36,67,4,118,48,0,48,166
07/31/2018,RST,MN,AGL,CE,Combined TRACON& Tower with Radar,11,30,37,7,85,0,1,52,3,56,11,31,89,10,141,80,24,104,245
08/01/2018,RST,MN,AGL,CE,Combined TRACON& Tower with Radar,12,19,41,12,84,0,0,9,0,9,12,19,50,12,93,22,18,40,133
08/02/2018,RST,MN,AGL,CE,Combined TRACON& Tower with Radar,12,26,45,26,109,0,0,30,0,30,12,26,75,26,139,70,60,130,269
08/03/2018,RST,MN,AGL,CE,Combined TRACON& Tower with Radar,20,27,22,0,69,0,0,21,0,21,20,27,43,0,90,52,0,52,142
08/04/2018,RST,MN,AGL,CE,Combined TRACON& Tower with Radar,5,21,13,0,39,0,0,3,0,3,5,21,16,0,42,16,0,16,58
08/05/2018,RST,MN,AGL,CE,Combined TRACON& Tower with Radar,10,14,32,0,56,0,1,17,0,18,10,15,49,0,74,50,0,50,124
08/06/2018,RST,MN,AGL,CE,Combined TRACON& Tower with Radar,10,26,23,0,59,0,2,15,0,17,10,28,38,0,76,72,0,72,148
08/07/2018,RST,MN,AGL,CE,Combined TRACON& Tower with Radar,12,21,29,10,72,0,1,15,2,18,12,22,44,12,90,32,14,46,136
08/08/2018,RST,MN,AGL,CE,Combined TRACON& Tower with Radar,11,26,36,0,73,0,0,25,0,25,11,26,61,0,98,102,0,102,200
08/09/2018,RST,MN,AGL,CE,Combined TRACON& Tower with Radar,11,28,41,21,101,0,2,16,1,19,11,30,57,22,120,70,44,114,234
08/10/2018,RST,MN,AGL,CE,Combined TRACON& Tower with Radar,12,28,29,0,69,0,10,35,0,45,12,38,64,0,114,64,0,64,178
08/11/2018,RST,MN,AGL,CE,Combined TRACON& Tower with Radar,5,21,13,0,39,0,0,39,0,39,5,21,52,0,78,83,0,83,161
08/12/2018,RST,MN,AGL,CE,Combined TRACON& Tower with Radar,9,29,20,0,58,0,0,61,0,61,9,29,81,0,119,66,0,66,185
08/13/2018,RST,MN,AGL,CE,Combined TRACON& Tower with Radar,14,25,38,0,77,0,0,21,0,21,14,25,59,0,98,8,0,8,106
08/14/2018,RST,MN,AGL,CE,Combined TRACON& Tower with Radar,14,35,24,24,97,0,4,22,0,26,14,39,46,24,123,16,54,70,193
08/15/2018,RST,MN,AGL,CE,Combined TRACON& Tower with Radar,14,27,30,0,71,0,0,20,0,20,14,27,50,0,91,89,0,89,180
08/16/2018,RST,MN,AGL,CE,Combined TRACON& Tower with Radar,14,26,37,0,77,0,0,10,0,10,14,26,47,0,87,4,0,4,91
08/17/2018,RST,MN,AGL,CE,Combined TRACON& Tower with Radar,14,20,26,22,82,0,0,31,0,31,14,20,57,22,113,18,56,74,187
08/18/2018,RST,MN,AGL,CE,Combined TRACON& Tower with Radar,7,28,27,0,62,0,0,30,0,30,7,28,57,0,92,64,0,64,156
08/19/2018,RST,MN,AGL,CE,Combined TRACON& Tower with Radar,12,30,21,0,63,0,0,26,0,26,12,30,47,0,89,18,0,18,107
08/20/2018,RST,MN,AGL,CE,Combined TRACON& Tower with Radar,13,29,22,9,73,0,1,6,0,7,13,30,28,9,80,18,26,44,124
08/21/2018,RST,MN,AGL,CE,Combined TRACON& Tower with Radar,11,26,42,5,84,0,0,14,0,14,11,26,56,5,98,16,42,58,156
08/22/2018,RST,MN,AGL,CE,Combined TRACON& Tower with Radar,12,38,22,50,122,0,0,36,0,36,12,38,58,50,158,126,122,248,406
08/23/2018,RST,MN,AGL,CE,Combined TRACON& Tower with Radar,13,24,20,0,57,0,0,28,0,28,13,24,48,0,85,60,0,60,145
08/24/2018,RST,MN,AGL,CE,Combined TRACON& Tower with Radar,13,25,26,0,64,0,2,1,0,3,13,27,27,0,67,0,0,0,67
08/25/2018,RST,MN,AGL,CE,Combined TRACON& Tower with Radar,8,16,25,0,49,0,1,14,0,15,8,17,39,0,64,32,0,32,96
08/26/2018,RST,MN,AGL,CE,Combined TRACON& Tower with Radar,12,21,13,0,46,0,0,30,0,30,12,21,43,0,76,42,0,42,118
08/27/2018,RST,MN,AGL,CE,Combined TRACON& Tower with Radar,12,25,30,0,67,0,0,12,0,12,12,25,42,0,79,68,0,68,147
08/28/2018,RST,MN,AGL,CE,Combined TRACON& Tower with Radar,10,25,22,0,57,0,0,0,0,0,10,25,22,0,57,0,0,0,57
08/29/2018,RST,MN,AGL,CE,Combined TRACON& Tower with Radar,12,29,36,2,79,0,0,17,0,17,12,29,53,2,96,111,0,111,207
08/30/2018,RST,MN,AGL,CE,Combined TRACON& Tower with Radar,13,26,42,0,81,0,0,28,0,28,13,26,70,0,109,48,0,48,157
08/31/2018,RST,MN,AGL,CE,Combined TRACON& Tower with Radar,14,22,24,0,60,0,0,8,0,8,14,22,32,0,68,12,0,12,80
09/01/2018,RST,MN,AGL,CE,Combined TRACON& Tower with Radar,5,18,16,0,39,0,0,17,0,17,5,18,33,0,56,22,0,22,78
09/02/2018,RST,MN,AGL,CE,Combined TRACON& Tower with Radar,7,14,16,0,37,0,0,9,0,9,7,14,25,0,46,54,0,54,100
09/03/2018,RST,MN,AGL,CE,Combined TRACON& Tower with Radar,9,18,23,0,50,0,0,2,0,2,9,18,25,0,52,0,0,0,52
09/04/2018,RST,MN,AGL,CE,Combined TRACON& Tower with Radar,10,23,40,0,73,0,0,3,0,3,10,23,43,0,76,0,0,0,76
09/05/2018,RST,MN,AGL,CE,Combined TRACON& Tower with Radar,14,23,37,1,75,0,4,6,0,10,14,27,43,1,85,24,0,24,109
09/06/2018,RST,MN,AGL,CE,Combined TRACON& Tower with Radar,16,22,22,4,64,0,1,35,6,42,16,23,57,10,106,48,32,80,186
09/07/2018,RST,MN,AGL,CE,Combined TRACON& Tower with Radar,14,24,34,0,72,0,0,27,0,27,14,24,61,0,99,46,0,46,145
09/08/2018,RST,MN,AGL,CE,Combined TRACON& Tower with Radar,6,12,17,0,35,0,7,29,0,36,6,19,46,0,71,60,0,60,131
09/09/2018,RST,MN,AGL,CE,Combined TRACON& Tower with Radar,12,22,37,2,73,0,7,37,0,44,12,29,74,2,117,33,0,33,150
09/10/2018,RST,MN,AGL,CE,Combined TRACON& Tower with Radar,13,25,48,0,86,0,0,37,0,37,13,25,85,0,123,16,0,16,139
09/11/2018,RST,MN,AGL,CE,Combined TRACON& Tower with Radar,16,27,38,27,108,0,5,22,3,30,16,32,60,30,138,66,72,138,276
09/12/2018,RST,MN,AGL,CE,Combined TRACON& Tower with Radar,15,33,62,6,116,0,6,40,0,46,15,39,102,6,162,122,44,166,328
09/13/2018,RST,MN,AGL,CE,Combined TRACON& Tower with Radar,20,24,35,4,83,0,1,29,0,30,20,25,64,4,113,46,16,62,175
09/14/2018,RST,MN,AGL,CE,Combined TRACON& Tower with Radar,16,26,33,15,90,0,4,23,2,29,16,30,56,17,119,52,58,110,229
09/15/2018,RST,MN,AGL,CE,Combined TRACON& Tower with Radar,7,18,28,22,75,0,0,50,0,50,7,18,78,22,125,58,40,98,223
09/16/2018,RST,MN,AGL,CE,Combined TRACON& Tower with Radar,12,29,28,0,69,0,0,36,1,37,12,29,64,1,106,70,0,70,176
09/17/2018,RST,MN,AGL,CE,Combined TRACON& Tower with Radar,15,20,30,0,65,0,0,21,0,21,15,20,51,0,86,48,0,48,134
09/18/2018,RST,MN,AGL,CE,Combined TRACON& Tower with Radar,20,34,42,11,107,0,0,1,0,1,20,34,43,11,108,46,18,64,172
09/19/2018,RST,MN,AGL,CE,Combined TRACON& Tower with Radar,18,22,32,0,72,0,0,0,0,0,18,22,32,0,72,0,0,0,72
09/20/2018,RST,MN,AGL,CE,Combined TRACON& Tower with Radar,21,26,51,0,98,0,0,0,0,0,21,26,51,0,98,33,0,33,131
09/21/2018,RST,MN,AGL,CE,Combined TRACON& Tower with Radar,16,29,30,0,75,0,2,10,0,12,16,31,40,0,87,32,0,32,119
09/22/2018,RST,MN,AGL,CE,Combined TRACON& Tower with Radar,7,16,21,0,44,0,2,120,0,122,7,18,141,0,166,74,0,74,240
09/23/2018,RST,MN,AGL,CE,Combined TRACON& Tower with Radar,12,23,31,0,66,0,1,52,0,53,12,24,83,0,119,68,0,68,187
09/24/2018,RST,MN,AGL,CE,Combined TRACON& Tower with Radar,13,22,31,0,66,0,1,24,0,25,13,23,55,0,91,36,0,36,127
09/25/2018,RST,MN,AGL,CE,Combined TRACON& Tower with Radar,17,30,32,0,79,0,0,3,0,3,17,30,35,0,82,0,0,0,82
09/26/2018,RST,MN,AGL,CE,Combined TRACON& Tower with Radar,16,30,48,0,94,0,1,23,2,26,16,31,71,2,120,40,0,40,160
09/27/2018,RST,MN,AGL,CE,Combined TRACON& Tower with Radar,16,29,34,0,79,0,0,18,0,18,16,29,52,0,97,26,0,26,123
09/28/2018,RST,MN,AGL,CE,Combined TRACON& Tower with Radar,18,19,13,0,50,0,3,15,0,18,18,22,28,0,68,10,0,10,78
09/29/2018,RST,MN,AGL,CE,Combined TRACON& Tower with Radar,7,20,12,0,39,0,0,12,0,12,7,20,24,0,51,64,0,64,115
09/30/2018,RST,MN,AGL,CE,Combined TRACON& Tower with Radar,12,26,28,0,66,0,4,9,0,13,12,30,37,0,79,10,0,10,89
10/01/2018,RST,MN,AGL,CE,Combined TRACON& Tower with Radar,17,16,24,4,61,0,0,0,0,0,17,16,24,4,61,0,0,0,61
10/02/2018,RST,MN,AGL,CE,Combined TRACON& Tower with Radar,20,27,38,0,85,0,0,0,0,0,20,27,38,0,85,0,0,0,85
10/03/2018,RST,MN,AGL,CE,Combined TRACON& Tower with Radar,15,30,46,1,92,0,0,3,0,3,15,30,49,1,95,0,0,0,95
10/04/2018,RST,MN,AGL,CE,Combined TRACON& Tower with Radar,18,30,18,2,68,0,4,14,3,21,18,34,32,5,89,34,0,34,123
10/05/2018,RST,MN,AGL,CE,Combined TRACON& Tower with Radar,15,18,29,2,64,0,13,1,0,14,15,31,30,2,78,12,0,12,90
10/06/2018,RST,MN,AGL,CE,Combined TRACON& Tower with Radar,7,12,10,0,29,0,2,9,0,11,7,14,19,0,40,32,0,32,72
10/07/2018,RST,MN,AGL,CE,Combined TRACON& Tower with Radar,12,25,43,0,80,0,0,2,0,2,12,25,45,0,82,0,0,0,82
10/08/2018,RST,MN,AGL,CE,Combined TRACON& Tower with Radar,17,25,13,0,55,0,0,0,0,0,17,25,13,0,55,0,0,0,55
10/09/2018,RST,MN,AGL,CE,Combined TRACON& Tower with Radar,14,14,26,0,54,0,0,0,0,0,14,14,26,0,54,0,0,0,54
10/10/2018,RST,MN,AGL,CE,Combined TRACON& Tower with Radar,16,20,32,27,95,0,0,0,0,0,16,20,32,27,95,0,16,16,111
10/11/2018,RST,MN,AGL,CE,Combined TRACON& Tower with Radar,16,26,25,8,75,0,0,6,0,6,16,26,31,8,81,0,38,38,119
10/12/2018,RST,MN,AGL,CE,Combined TRACON& Tower with Radar,16,20,48,0,84,0,0,24,0,24,16,20,72,0,108,50,0,50,158
10/13/2018,RST,MN,AGL,CE,Combined TRACON& Tower with Radar,8,17,32,4,61,0,6,10,1,17,8,23,42,5,78,6,12,18,96
10/14/2018,RST,MN,AGL,CE,Combined TRACON& Tower with Radar,12,21,17,0,50,0,0,1,0,1,12,21,18,0,51,0,0,0,51
10/15/2018,RST,MN,AGL,CE,Combined TRACON& Tower with Radar,16,21,30,9,76,0,1,18,0,19,16,22,48,9,95,8,20,28,123
10/16/2018,RST,MN,AGL,CE,Combined TRACON& Tower with Radar,18,33,24,0,75,0,1,11,2,14,18,34,35,2,89,16,0,16,105
10/17/2018,RST,MN,AGL,CE,Combined TRACON& Tower with Radar,16,34,22,0,72,0,0,22,0,22,16,34,44,0,94,28,0,28,122
10/18/2018,RST,MN,AGL,CE,Combined TRACON& Tower with Radar,16,30,23,42,111,0,4,37,6,47,16,34,60,48,158,34,96,130,288
10/19/2018,RST,MN,AGL,CE,Combined TRACON& Tower with Radar,18,23,32,0,73,0,0,1,0,1,18,23,33,0,74,0,0,0,74
10/20/2018,RST,MN,AGL,CE,Combined TRACON& Tower with Radar,7,14,4,0,25,0,0,1,0,1,7,14,5,0,26,0,0,0,26
10/21/2018,RST,MN,AGL,CE,Combined TRACON& Tower with Radar,12,23,24,0,59,0,0,40,0,40,12,23,64,0,99,40,0,40,139
10/22/2018,RST,MN,AGL,CE,Combined TRACON& Tower with Radar,13,23,35,0,71,0,0,21,0,21,13,23,56,0,92,52,0,52,144
10/23/2018,RST,MN,AGL,CE,Combined TRACON& Tower with Radar,18,22,37,0,77,0,1,37,0,38,18,23,74,0,115,102,0,102,217
10/24/2018,RST,MN,AGL,CE,Combined TRACON& Tower with Radar,16,33,28,0,77,0,2,37,1,40,16,35,65,1,117,68,4,72,189
10/25/2018,RST,MN,AGL,CE,Combined TRACON& Tower with Radar,16,23,33,0,72,0,1,26,0,27,16,24,59,0,99,36,0,36,135
10/26/2018,RST,MN,AGL,CE,Combined TRACON& Tower with Radar,18,21,20,0,59,0,1,20,0,21,18,22,40,0,80,90,0,90,170
10/27/2018,RST,MN,AGL,CE,Combined TRACON& Tower with Radar,5,19,19,0,43,0,0,8,0,8,5,19,27,0,51,66,0,66,117
10/28/2018,RST,MN,AGL,CE,Combined TRACON& Tower with Radar,10,29,28,0,67,0,4,9,0,13,10,33,37,0,80,4,0,4,84
10/29/2018,RST,MN,AGL,CE,Combined TRACON& Tower with Radar,14,36,26,2,78,0,1,25,0,26,14,37,51,2,104,70,0,70,174
10/30/2018,RST,MN,AGL,CE,Combined TRACON& Tower with Radar,15,29,28,0,72,0,4,20,0,24,15,33,48,0,96,40,0,40,136
10/31/2018,RST,MN,AGL,CE,Combined TRACON& Tower with Radar,15,25,36,0,76,0,2,30,0,32,15,27,66,0,108,58,0,58,166
11/01/2018,RST,MN,AGL,CE,Combined TRACON& Tower with Radar,14,31,36,34,115,0,4,120,0,124,14,35,156,34,239,72,98,170,409
11/02/2018,RST,MN,AGL,CE,Combined TRACON& Tower with Radar,14,24,30,0,68,0,3,47,2,52,14,27,77,2,120,84,0,84,204
11/03/2018,RST,MN,AGL,CE,Combined TRACON& Tower with Radar,6,20,11,0,37,0,0,8,0,8,6,20,19,0,45,90,0,90,135
11/04/2018,RST,MN,AGL,CE,Combined TRACON& Tower with Radar,10,23,21,2,56,0,0,2,0,2,10,23,23,2,58,0,0,0,58
11/05/2018,RST,MN,AGL,CE,Combined TRACON& Tower with Radar,11,25,27,4,67,0,0,0,0,0,11,25,27,4,67,0,0,0,67
11/06/2018,RST,MN,AGL,CE,Combined TRACON& Tower with Radar,13,32,30,8,83,0,0,8,0,8,13,32,38,8,91,0,40,40,131
11/07/2018,RST,MN,AGL,CE,Combined TRACON& Tower with Radar,12,26,19,0,57,0,0,1,0,1,12,26,20,0,58,0,0,0,58
11/08/2018,RST,MN,AGL,CE,Combined TRACON& Tower with Radar,13,20,21,2,56,0,0,11,0,11,13,20,32,2,67,4,10,14,81
11/09/2018,RST,MN,AGL,CE,Combined TRACON& Tower with Radar,13,23,29,0,65,0,0,2,0,2,13,23,31,0,67,36,0,36,103
11/10/2018,RST,MN,AGL,CE,Combined TRACON& Tower with Radar,7,14,38,0,59,0,0,26,2,28,7,14,64,2,87,28,0,28,115
11/11/2018,RST,MN,AGL,CE,Combined TRACON& Tower with Radar,10,28,25,0,63,0,0,10,0,10,10,28,35,0,73,44,0,44,117
11/12/2018,RST,MN,AGL,CE,Combined TRACON& Tower with Radar,11,28,47,0,86,0,0,9,0,9,11,28,56,0,95,24,0,24,119
11/13/2018,RST,MN,AGL,CE,Combined TRACON& Tower with Radar,14,21,23,6,64,0,1,22,0,23,14,22,45,6,87,14,32,46,133
11/14/2018,RST,MN,AGL,CE,Combined TRACON& Tower with Radar,14,28,57,0,99,0,0,30,1,31,14,28,87,1,130,38,2,40,170
11/15/2018,RST,MN,AGL,CE,Combined TRACON& Tower with Radar,13,31,21,3,68,0,0,18,0,18,13,31,39,3,86,18,22,40,126
11/16/2018,RST,MN,AGL,CE,Combined TRACON& Tower with Radar,15,21,23,10,69,0,0,1,0,1,15,21,24,10,70,0,0,0,70
11/17/2018,RST,MN,AGL,CE,Combined TRACON& Tower with Radar,7,19,2,2,30,0,5,13,4,22,7,24,15,6,52,33,0,33,85
11/18/2018,RST,MN,AGL,CE,Combined TRACON& Tower with Radar,9,23,16,0,48,0,2,36,0,38,9,25,52,0,86,70,0,70,156
11/19/2018,RST,MN,AGL,CE,Combined TRACON& Tower with Radar,9,26,37,0,72,0,1,4,0,5,9,27,41,0,77,12,0,12,89
11/20/2018,RST,MN,AGL,CE,Combined TRACON& Tower with Radar,16,24,23,10,73,0,0,9,0,9,16,24,32,10,82,4,28,32,114
11/21/2018,RST,MN,AGL,CE,Combined TRACON& Tower with Radar,15,22,19,4,60,0,1,15,0,16,15,23,34,4,76,14,28,42,118
11/22/2018,RST,MN,AGL,CE,Combined TRACON& Tower with Radar,6,8,7,0,21,0,0,2,0,2,6,8,9,0,23,0,0,0,23
11/23/2018,RST,MN,AGL,CE,Combined TRACON& Tower with Radar,8,16,2,0,26,0,0,9,0,9,8,16,11,0,35,20,0,20,55
11/24/2018,RST,MN,AGL,CE,Combined TRACON& Tower with Radar,9,12,3,0,24,0,0,2,0,2,9,12,5,0,26,0,0,0,26
11/25/2018,RST,MN,AGL,CE,Combined TRACON& Tower with Radar,10,23,26,0,59,0,0,13,0,13,10,23,39,0,72,68,0,68,140
11/26/2018,RST,MN,AGL,CE,Combined TRACON& Tower with Radar,9,21,41,0,71,0,0,3,0,3,9,21,44,0,74,12,0,12,86
11/27/2018,RST,MN,AGL,CE,Combined TRACON& Tower with Radar,16,26,33,0,75,0,0,21,0,21,16,26,54,0,96,12,0,12,108
11/28/2018,RST,MN,AGL,CE,Combined TRACON& Tower with Radar,13,23,33,0,69,0,0,6,0,6,13,23,39,0,75,14,0,14,89
11/29/2018,RST,MN,AGL,CE,Combined TRACON& Tower with Radar,18,23,18,4,63,0,0,0,0,0,18,23,18,4,63,0,0,0,63
11/30/2018,RST,MN,AGL,CE,Combined TRACON& Tower with Radar,16,29,17,0,62,0,0,0,0,0,16,29,17,0,62,0,0,0,62
12/01/2018,RST,MN,AGL,CE,Combined TRACON& Tower with Radar,6,5,2,0,13,0,0,0,0,0,6,5,2,0,13,0,0,0,13
12/02/2018,RST,MN,AGL,CE,Combined TRACON& Tower with Radar,7,11,15,0,33,0,0,0,0,0,7,11,15,0,33,0,0,0,33
12/03/2018,RST,MN,AGL,CE,Combined TRACON& Tower with Radar,11,18,12,0,41,0,2,3,0,5,11,20,15,0,46,8,0,8,54
12/04/2018,RST,MN,AGL,CE,Combined TRACON& Tower with Radar,16,33,32,0,81,0,0,0,0,0,16,33,32,0,81,0,0,0,81
12/05/2018,RST,MN,AGL,CE,Combined TRACON& Tower with Radar,16,30,41,0,87,0,0,21,1,22,16,30,62,1,109,20,0,20,129
12/06/2018,RST,MN,AGL,CE,Combined TRACON& Tower with Radar,17,22,22,2,63,0,0,8,0,8,17,22,30,2,71,32,0,32,103
12/07/2018,RST,MN,AGL,CE,Combined TRACON& Tower with Radar,15,27,21,21,84,0,0,13,0,13,15,27,34,21,97,26,12,38,135
12/08/2018,RST,MN,AGL,CE,Combined TRACON& Tower with Radar,7,16,8,0,31,0,0,2,0,2,7,16,10,0,33,0,0,0,33
12/09/2018,RST,MN,AGL,CE,Combined TRACON& Tower with Radar,10,20,29,2,61,0,0,57,0,57,10,20,86,2,118,86,0,86,204
12/10/2018,RST,MN,AGL,CE,Combined TRACON& Tower with Radar,17,21,28,0,66,0,0,0,0,0,17,21,28,0,66,0,0,0,66
12/11/2018,RST,MN,AGL,CE,Combined TRACON& Tower with Radar,16,25,46,5,92,0,0,22,0,22,16,25,68,5,114,18,2,20,134
12/12/2018,RST,MN,AGL,CE,Combined TRACON& Tower with Radar,14,31,21,0,66,0,0,0,0,0,14,31,21,0,66,0,0,0,66
12/13/2018,RST,MN,AGL,CE,Combined TRACON& Tower with Radar,19,32,14,0,65,0,0,2,0,2,19,32,16,0,67,0,0,0,67
12/14/2018,RST,MN,AGL,CE,Combined TRACON& Tower with Radar,16,34,18,0,68,0,1,26,0,27,16,35,44,0,95,36,0,36,131
12/15/2018,RST,MN,AGL,CE,Combined TRACON& Tower with Radar,7,14,18,0,39,0,0,63,0,63,7,14,81,0,102,76,0,76,178
12/16/2018,RST,MN,AGL,CE,Combined TRACON& Tower with Radar,10,22,16,0,48,0,1,38,0,39,10,23,54,0,87,30,0,30,117
12/17/2018,RST,MN,AGL,CE,Combined TRACON& Tower with Radar,11,25,35,2,73,0,0,32,3,35,11,25,67,5,108,52,0,52,160
12/18/2018,RST,MN,AGL,CE,Combined TRACON& Tower with Radar,16,39,43,0,98,0,0,22,0,22,16,39,65,0,120,54,0,54,174
12/19/2018,RST,MN,AGL,CE,Combined TRACON& Tower with Radar,12,31,22,0,65,0,0,2,0,2,12,31,24,0,67,0,0,0,67
12/20/2018,RST,MN,AGL,CE,Combined TRACON& Tower with Radar,11,25,33,8,77,0,0,0,0,0,11,25,33,8,77,0,0,0,77
12/21/2018,RST,MN,AGL,CE,Combined TRACON& Tower with Radar,9,26,25,0,60,0,1,0,0,1,9,27,25,0,61,0,0,0,61
12/22/2018,RST,MN,AGL,CE,Combined TRACON& Tower with Radar,5,17,5,0,27,0,0,0,0,0,5,17,5,0,27,0,0,0,27
12/23/2018,RST,MN,AGL,CE,Combined TRACON& Tower with Radar,3,20,9,0,32,0,4,13,0,17,3,24,22,0,49,32,0,32,81
12/24/2018,RST,MN,AGL,CE,Combined TRACON& Tower with Radar,4,13,16,0,33,0,1,28,0,29,4,14,44,0,62,48,0,48,110
12/25/2018,RST,MN,AGL,CE,Combined TRACON& Tower with Radar,4,14,6,0,24,0,0,4,0,4,4,14,10,0,28,0,0,0,28
12/26/2018,RST,MN,AGL,CE,Combined TRACON& Tower with Radar,5,22,5,0,32,0,0,3,0,3,5,22,8,0,35,24,0,24,59
12/27/2018,RST,MN,AGL,CE,Combined TRACON& Tower with Radar,7,21,4,0,32,0,0,0,0,0,7,21,4,0,32,0,0,0,32
12/28/2018,RST,MN,AGL,CE,Combined TRACON& Tower with Radar,5,22,10,0,37,0,0,1,0,1,5,22,11,0,38,0,0,0,38
12/29/2018,RST,MN,AGL,CE,Combined TRACON& Tower with Radar,5,16,8,0,29,0,0,0,0,0,5,16,8,0,29,0,0,0,29
12/30/2018,RST,MN,AGL,CE,Combined TRACON& Tower with Radar,4,15,9,0,28,0,3,29,0,32,4,18,38,0,60,51,0,51,111
12/31/2018,RST,MN,AGL,CE,Combined TRACON& Tower with Radar,5,15,4,0,24,0,0,2,0,2,5,15,6,0,26,12,0,12,38
01/01/2019,RST,MN,AGL,CE,Combined TRACON& Tower with Radar,3,22,5,0,30,0,0,8,0,8,3,22,13,0,38,0,0,0,38
01/02/2019,RST,MN,AGL,CE,Combined TRACON& Tower with Radar,7,19,22,14,62,0,0,5,0,5,7,19,27,14,67,0,0,0,67
01/03/2019,RST,MN,AGL,CE,Combined TRACON& Tower with Radar,10,29,23,0,62,0,4,25,0,29,10,33,48,0,91,48,0,48,139
01/04/2019,RST,MN,AGL,CE,Combined TRACON& Tower with Radar,8,24,17,0,49,0,0,30,1,31,8,24,47,1,80,57,0,57,137
01/05/2019,RST,MN,AGL,CE,Combined TRACON& Tower with Radar,6,19,21,0,46,0,0,61,0,61,6,19,82,0,107,68,0,68,175
01/06/2019,RST,MN,AGL,CE,Combined TRACON& Tower with Radar,5,23,36,0,64,0,0,13,0,13,5,23,49,0,77,48,0,48,125
01/07/2019,RST,MN,AGL,CE,Combined TRACON& Tower with Radar,8,32,29,0,69,0,0,1,0,1,8,32,30,0,70,0,0,0,70
01/08/2019,RST,MN,AGL,CE,Combined TRACON& Tower with Radar,13,28,17,2,60,0,0,0,0,0,13,28,17,2,60,0,0,0,60
01/09/2019,RST,MN,AGL,CE,Combined TRACON& Tower with Radar,11,26,26,1,64,0,1,1,1,3,11,27,27,2,67,4,0,4,71
01/10/2019,RST,MN,AGL,CE,Combined TRACON& Tower with Radar,10,29,32,0,71,0,0,18,0,18,10,29,50,0,89,58,0,58,147
01/11/2019,RST,MN,AGL,CE,Combined TRACON& Tower with Radar,9,23,20,9,61,0,3,17,2,22,9,26,37,11,83,74,26,100,183
01/12/2019,RST,MN,AGL,CE,Combined TRACON& Tower with Radar,5,26,7,0,38,0,1,18,0,19,5,27,25,0,57,72,0,72,129
01/13/2019,RST,MN,AGL,CE,Combined TRACON& Tower with Radar,5,21,12,0,38,0,0,24,0,24,5,21,36,0,62,116,0,116,178
01/14/2019,RST,MN,AGL,CE,Combined TRACON& Tower with Radar,5,33,18,0,56,0,0,0,0,0,5,33,18,0,56,0,0,0,56
01/15/2019,RST,MN,AGL,CE,Combined TRACON& Tower with Radar,13,32,31,0,76,0,0,0,0,0,13,32,31,0,76,0,0,0,76
01/16/2019,RST,MN,AGL,CE,Combined TRACON& Tower with Radar,11,26,38,0,75,0,1,28,0,29,11,27,66,0,104,32,0,32,136
01/17/2019,RST,MN,AGL,CE,Combined TRACON& Tower with Radar,9,24,20,8,61,0,0,5,0,5,9,24,25,8,66,26,24,50,116
01/18/2019,RST,MN,AGL,CE,Combined TRACON& Tower with Radar,9,21,24,0,54,0,0,2,0,2,9,21,26,0,56,8,0,8,64
01/19/2019,RST,MN,AGL,CE,Combined TRACON& Tower with Radar,5,9,4,0,18,0,1,16,0,17,5,10,20,0,35,14,0,14,49
01/20/2019,RST,MN,AGL,CE,Combined TRACON& Tower with Radar,7,24,17,0,48,0,1,11,0,12,7,25,28,0,60,22,0,22,82
01/21/2019,RST,MN,AGL,CE,Combined TRACON& Tower with Radar,10,23,42,0,75,0,1,1,0,2,10,24,43,0,77,0,0,0,77
01/22/2019,RST,MN,AGL,CE,Combined TRACON& Tower with Radar,8,18,16,0,42,0,0,1,0,1,8,18,17,0,43,0,0,0,43
01/23/2019,RST,MN,AGL,CE,Combined TRACON& Tower with Radar,11,43,27,6,87,0,0,10,1,11,11,43,37,7,98,22,40,62,160
01/24/2019,RST,MN,AGL,CE,Combined TRACON& Tower with Radar,8,26,15,0,49,0,0,1,0,1,8,26,16,0,50,0,0,0,50
01/25/2019,RST,MN,AGL,CE,Combined TRACON& Tower with Radar,9,26,27,25,87,0,0,13,0,13,9,26,40,25,100,36,46,82,182
01/26/2019,RST,MN,AGL,CE,Combined TRACON& Tower with Radar,5,22,9,0,36,0,3,0,0,3,5,25,9,0,39,4,0,4,43
01/27/2019,RST,MN,AGL,CE,Combined TRACON& Tower with Radar,7,26,11,0,44,0,0,11,0,11,7,26,22,0,55,44,0,44,99
01/28/2019,RST,MN,AGL,CE,Combined TRACON& Tower with Radar,6,18,14,0,38,0,0,0,0,0,6,18,14,0,38,0,0,0,38
01/29/2019,RST,MN,AGL,CE,Combined TRACON& Tower with Radar,10,18,15,0,43,0,0,0,0,0,10,18,15,0,43,0,0,0,43
01/30/2019,RST,MN,AGL,CE,Combined TRACON& Tower with Radar,8,19,12,0,39,0,0,0,2,2,8,19,12,2,41,0,0,0,41
01/31/2019,RST,MN,AGL,CE,Combined TRACON& Tower with Radar,8,15,15,0,38,0,0,0,0,0,8,15,15,0,38,0,0,0,38
02/01/2019,RST,MN,AGL,CE,Combined TRACON& Tower with Radar,9,41,31,1,82,0,0,10,2,12,9,41,41,3,94,26,4,30,124
02/02/2019,RST,MN,AGL,CE,Combined TRACON& Tower with Radar,2,14,3,0,19,0,0,0,0,0,2,14,3,0,19,0,0,0,19
02/03/2019,RST,MN,AGL,CE,Combined TRACON& Tower with Radar,0,0,6,1,7,0,0,0,0,0,0,0,6,1,7,0,0,0,7
02/04/2019,RST,MN,AGL,CE,Combined TRACON& Tower with Radar,5,23,21,0,49,0,0,0,0,0,5,23,21,0,49,0,0,0,49
02/05/2019,RST,MN,AGL,CE,Combined TRACON& Tower with Radar,13,30,40,0,83,0,0,14,0,14,13,30,54,0,97,52,0,52,149
02/06/2019,RST,MN,AGL,CE,Combined TRACON& Tower with Radar,13,37,14,0,64,0,0,0,0,0,13,37,14,0,64,0,0,0,64
02/07/2019,RST,MN,AGL,CE,Combined TRACON& Tower with Radar,12,20,9,0,41,0,0,0,0,0,12,20,9,0,41,0,0,0,41
02/08/2019,RST,MN,AGL,CE,Combined TRACON& Tower with Radar,9,35,30,0,74,0,0,4,0,4,9,35,34,0,78,0,0,0,78
02/09/2019,RST,MN,AGL,CE,Combined TRACON& Tower with Radar,6,16,11,0,33,0,2,18,0,20,6,18,29,0,53,62,0,62,115
02/10/2019,RST,MN,AGL,CE,Combined TRACON& Tower with Radar,5,23,3,0,31,0,0,0,0,0,5,23,3,0,31,0,0,0,31
02/11/2019,RST,MN,AGL,CE,Combined TRACON& Tower with Radar,6,25,23,0,54,0,0,0,0,0,6,25,23,0,54,0,0,0,54
02/12/2019,RST,MN,AGL,CE,Combined TRACON& Tower with Radar,11,35,7,0,53,0,0,0,0,0,11,35,7,0,53,0,0,0,53
02/13/2019,RST,MN,AGL,CE,Combined TRACON& Tower with Radar,11,37,21,0,69,0,3,20,2,25,11,40,41,2,94,4,0,4,98
02/14/2019,RST,MN,AGL,CE,Combined TRACON& Tower with Radar,9,33,18,0,60,0,0,3,0,3,9,33,21,0,63,10,0,10,73
02/15/2019,RST,MN,AGL,CE,Combined TRACON& Tower with Radar,9,22,32,1,64,0,1,32,0,33,9,23,64,1,97,22,0,22,119
02/16/2019,RST,MN,AGL,CE,Combined TRACON& Tower with Radar,5,22,15,2,44,0,1,29,0,30,5,23,44,2,74,44,0,44,118
02/17/2019,RST,MN,AGL,CE,Combined TRACON& Tower with Radar,6,22,11,2,41,0,0,0,0,0,6,22,11,2,41,0,0,0,41
02/18/2019,RST,MN,AGL,CE,Combined TRACON& Tower with Radar,6,31,31,0,68,0,1,29,0,30,6,32,60,0,98,34,0,34,132
02/19/2019,RST,MN,AGL,CE,Combined TRACON& Tower with Radar,11,34,42,20,107,0,0,20,0,20,11,34,62,20,127,78,34,112,239
02/20/2019,RST,MN,AGL,CE,Combined TRACON& Tower with Radar,8,15,11,0,34,0,0,0,0,0,8,15,11,0,34,0,0,0,34
02/21/2019,RST,MN,AGL,CE,Combined TRACON& Tower with Radar,10,35,42,17,104,0,0,10,5,15,10,35,52,22,119,120,30,150,269
02/22/2019,RST,MN,AGL,CE,Combined TRACON& Tower with Radar,9,31,31,0,71,0,0,30,0,30,9,31,61,0,101,56,0,56,157
02/23/2019,RST,MN,AGL,CE,Combined TRACON& Tower with Radar,8,26,4,0,38,0,0,10,0,10,8,26,14,0,48,0,0,0,48
02/24/2019,RST,MN,AGL,CE,Combined TRACON& Tower with Radar,6,22,11,2,41,0,0,0,0,0,6,22,11,2,41,0,0,0,41
02/25/2019,RST,MN,AGL,CE,Combined TRACON& Tower with Radar,4,22,19,0,45,0,7,9,0,16,4,29,28,0,61,20,0,20,81
02/26/2019,RST,MN,AGL,CE,Combined TRACON& Tower with Radar,12,29,17,0,58,0,2,4,2,8,12,31,21,2,66,0,0,0,66
02/27/2019,RST,MN,AGL,CE,Combined TRACON& Tower with Radar,11,32,39,0,82,0,0,9,0,9,11,32,48,0,91,12,0,12,103
02/28/2019,RST,MN,AGL,CE,Combined TRACON& Tower with Radar,9,29,32,2,72,0,0,16,0,16,9,29,48,2,88,18,0,18,106
03/01/2019,RST,MN,AGL,CE,Combined TRACON& Tower with Radar,9,24,26,1,60,0,0,2,0,2,9,24,28,1,62,0,0,0,62
03/02/2019,RST,MN,AGL,CE,Combined TRACON& Tower with Radar,4,23,15,0,42,0,0,8,0,8,4,23,23,0,50,34,0,34,84
03/03/2019,RST,MN,AGL,CE,Combined TRACON& Tower with Radar,2,26,15,1,44,0,0,16,0,16,2,26,31,1,60,14,0,14,74
03/04/2019,RST,MN,AGL,CE,Combined TRACON& Tower with Radar,6,26,29,0,61,0,0,10,0,10,6,26,39,0,71,2,0,2,73
03/05/2019,RST,MN,AGL,CE,Combined TRACON& Tower with Radar,9,26,27,17,79,0,0,16,5,21,9,26,43,22,100,4,26,30,130
03/06/2019,RST,MN,AGL,CE,Combined TRACON& Tower with Radar,10,27,60,0,97,0,0,21,0,21,10,27,81,0,118,46,0,46,164
03/07/2019,RST,MN,AGL,CE,Combined TRACON& Tower with Radar,9,26,31,23,89,0,1,15,0,16,9,27,46,23,105,34,54,88,193
03/08/2019,RST,MN,AGL,CE,Combined TRACON& Tower with Radar,5,22,24,0,51,0,2,4,0,6,5,24,28,0,57,28,0,28,85
03/09/2019,RST,MN,AGL,CE,Combined TRACON& Tower with Radar,6,13,0,0,19,0,0,0,0,0,6,13,0,0,19,0,0,0,19
03/10/2019,RST,MN,AGL,CE,Combined TRACON& Tower with Radar,3,36,17,0,56,0,1,3,0,4,3,37,20,0,60,0,0,0,60
03/11/2019,RST,MN,AGL,CE,Combined TRACON& Tower with Radar,5,29,40,0,74,0,0,15,0,15,5,29,55,0,89,79,0,79,168
03/12/2019,RST,MN,AGL,CE,Combined TRACON& Tower with Radar,9,35,27,0,71,0,0,7,0,7,9,35,34,0,78,18,0,18,96
03/13/2019,RST,MN,AGL,CE,Combined TRACON& Tower with Radar,9,17,17,0,43,0,0,0,0,0,9,17,17,0,43,0,0,0,43
03/14/2019,RST,MN,AGL,CE,Combined TRACON& Tower with Radar,4,26,27,0,57,0,2,0,0,2,4,28,27,0,59,10,0,10,69
03/15/2019,RST,MN,AGL,CE,Combined TRACON& Tower with Radar,7,36,23,0,66,0,0,5,0,5,7,36,28,0,71,30,0,30,101
03/16/2019,RST,MN,AGL,CE,Combined TRACON& Tower with Radar,4,16,18,0,38,0,0,53,0,53,4,16,71,0,91,102,0,102,193
03/17/2019,RST,MN,AGL,CE,Combined TRACON& Tower with Radar,2,26,17,0,45,0,0,1,0,1,2,26,18,0,46,0,0,0,46
03/18/2019,RST,MN,AGL,CE,Combined TRACON& Tower with Radar,6,29,35,0,70,0,0,17,0,17,6,29,52,0,87,16,0,16,103
03/19/2019,RST,MN,AGL,CE,Combined TRACON& Tower with Radar,10,31,31,14,86,0,2,26,0,28,10,33,57,14,114,114,16,130,244
03/20/2019,RST,MN,AGL,CE,Combined TRACON& Tower with Radar,9,33,32,0,74,0,0,5,0,5,9,33,37,0,79,36,0,36,115
03/21/2019,RST,MN,AGL,CE,Combined TRACON& Tower with Radar,7,27,27,0,61,0,0,53,0,53,7,27,80,0,114,158,0,158,272
03/22/2019,RST,MN,AGL,CE,Combined TRACON& Tower with Radar,8,32,40,8,88,0,0,46,0,46,8,32,86,8,134,86,30,116,250
03/23/2019,RST,MN,AGL,CE,Combined TRACON& Tower with Radar,4,18,22,0,44,0,0,48,0,48,4,18,70,0,92,70,4,74,166
03/24/2019,RST,MN,AGL,CE,Combined TRACON& Tower with Radar,3,23,19,0,45,0,0,9,0,9,3,23,28,0,54,10,0,10,64
03/25/2019,RST,MN,AGL,CE,Combined TRACON& Tower with Radar,5,28,33,0,66,0,0,18,0,18,5,28,51,0,84,60,0,60,144
03/26/2019,RST,MN,AGL,CE,Combined TRACON& Tower with Radar,11,31,28,17,87,0,1,18,0,19,11,32,46,17,106,60,34,94,200
03/27/2019,RST,MN,AGL,CE,Combined TRACON& Tower with Radar,10,31,45,0,86,0,0,8,0,8,10,31,53,0,94,64,0,64,158
03/28/2019,RST,MN,AGL,CE,Combined TRACON& Tower with Radar,10,33,29,2,74,0,2,22,4,28,10,35,51,6,102,94,2,96,198
03/29/2019,RST,MN,AGL,CE,Combined TRACON& Tower with Radar,7,28,25,0,60,0,0,24,0,24,7,28,49,0,84,50,0,50,134
03/30/2019,RST,MN,AGL,CE,Combined TRACON& Tower with Radar,5,15,20,0,40,0,0,16,0,16,5,15,36,0,56,0,0,0,56
03/31/2019,RST,MN,AGL,CE,Combined TRACON& Tower with Radar,2,29,62,0,93,0,0,30,0,30,2,29,92,0,123,30,0,30,153
04/01/2019,RST,MN,AGL,CE,Combined TRACON& Tower with Radar,6,32,30,6,74,0,0,8,0,8,6,32,38,6,82,32,23,55,137
04/02/2019,RST,MN,AGL,CE,Combined TRACON& Tower with Radar,8,26,14,2,50,0,0,4,0,4,8,26,18,2,54,34,0,34,88
04/03/2019,RST,MN,AGL,CE,Combined TRACON& Tower with Radar,10,30,34,0,74,0,6,28,2,36,10,36,62,2,110,76,0,76,186
04/04/2019,RST,MN,AGL,CE,Combined TRACON& Tower with Radar,7,33,22,30,92,0,0,1,0,1,7,33,23,30,93,28,56,84,177
04/05/2019,RST,MN,AGL,CE,Combined TRACON& Tower with Radar,9,33,24,0,66,0,0,1,0,1,9,33,25,0,67,97,0,97,164
04/06/2019,RST,MN,AGL,CE,Combined TRACON& Tower with Radar,5,20,15,0,40,0,4,10,0,14,5,24,25,0,54,61,0,61,115
04/07/2019,RST,MN,AGL,CE,Combined TRACON& Tower with Radar,3,29,15,0,47,0,1,18,0,19,3,30,33,0,66,32,0,32,98
04/08/2019,RST,MN,AGL,CE,Combined TRACON& Tower with Radar,7,33,25,0,65,0,0,23,0,23,7,33,48,0,88,38,0,38,126
04/09/2019,RST,MN,AGL,CE,Combined TRACON& Tower with Radar,11,31,34,4,80,0,0,23,0,23,11,31,57,4,103,80,4,84,187
04/10/2019,RST,MN,AGL,CE,Combined TRACON& Tower with Radar,9,17,10,6,42,0,0,0,0,0,9,17,10,6,42,0,0,0,42
04/11/2019,RST,MN,AGL,CE,Combined TRACON& Tower with Radar,5,12,9,0,26,0,0,0,0,0,5,12,9,0,26,0,0,0,26
04/12/2019,RST,MN,AGL,CE,Combined TRACON& Tower with Radar,7,26,15,0,48,0,0,0,0,0,7,26,15,0,48,0,0,0,48
04/13/2019,RST,MN,AGL,CE,Combined TRACON& Tower with Radar,5,22,14,11,52,0,0,12,1,13,5,22,26,12,65,62,26,88,153
04/14/2019,RST,MN,AGL,CE,Combined TRACON& Tower with Radar,6,17,28,0,51,0,0,29,0,29,6,17,57,0,80,64,0,64,144
04/15/2019,RST,MN,AGL,CE,Combined TRACON& Tower with Radar,8,28,35,0,71,0,0,35,0,35,8,28,70,0,106,22,0,22,128
04/16/2019,RST,MN,AGL,CE,Combined TRACON& Tower with Radar,9,36,33,0,78,0,1,50,1,52,9,37,83,1,130,94,0,94,224
04/17/2019,RST,MN,AGL,CE,Combined TRACON& Tower with Radar,9,33,19,0,61,0,0,2,0,2,9,33,21,0,63,0,0,0,63
04/18/2019,RST,MN,AGL,CE,Combined TRACON& Tower with Radar,7,28,29,10,74,0,2,7,0,9,7,30,36,10,83,12,18,30,113
04/19/2019,RST,MN,AGL,CE,Combined TRACON& Tower with Radar,8,28,33,0,69,0,1,52,0,53,8,29,85,0,122,43,0,43,165
04/20/2019,RST,MN,AGL,CE,Combined TRACON& Tower with Radar,5,18,33,0,56,0,0,65,0,65,5,18,98,0,121,108,0,108,229
04/21/2019,RST,MN,AGL,CE,Combined TRACON& Tower with Radar,4,19,10,0,33,0,1,12,0,13,4,20,22,0,46,6,0,6,52
04/22/2019,RST,MN,AGL,CE,Combined TRACON& Tower with Radar,4,31,31,0,66,0,0,1,0,1,4,31,32,0,67,4,0,4,71
04/23/2019,RST,MN,AGL,CE,Combined TRACON& Tower with Radar,9,32,31,0,72,0,1,44,2,47,9,33,75,2,119,92,0,92,211
04/24/2019,RST,MN,AGL,CE,Combined TRACON& Tower with Radar,10,41,32,0,83,0,0,49,0,49,10,41,81,0,132,44,0,44,176
04/25/2019,RST,MN,AGL,CE,Combined TRACON& Tower with Radar,11,32,31,22,96,0,2,33,0,35,11,34,64,22,131,40,30,70,201
04/26/2019,RST,MN,AGL,CE,Combined TRACON& Tower with Radar,8,27,31,0,66,0,3,32,0,35,8,30,63,0,101,34,0,34,135
04/27/2019,RST,MN,AGL,CE,Combined TRACON& Tower with Radar,5,15,15,0,35,0,0,2,0,2,5,15,17,0,37,4,0,4,41
04/28/2019,RST,MN,AGL,CE,Combined TRACON& Tower with Radar,5,25,37,0,67,0,1,44,0,45,5,26,81,0,112,70,0,70,182
04/29/2019,RST,MN,AGL,CE,Combined TRACON& Tower with Radar,6,30,65,13,114,0,3,29,0,32,6,33,94,13,146,48,32,80,226
04/30/2019,RST,MN,AGL,CE,Combined TRACON& Tower with Radar,9,34,28,0,71,0,0,1,0,1,9,34,29,0,72,0,0,0,72
05/01/2019,RST,MN,AGL,CE,Combined TRACON& Tower with Radar,10,29,28,3,70,0,0,0,0,0,10,29,28,3,70,20,0,20,90
05/02/2019,RST,MN,AGL,CE,Combined TRACON& Tower with Radar,7,33,18,15,73,0,5,36,2,43,7,38,54,17,116,17,38,55,171
05/03/2019,RST,MN,AGL,CE,Combined TRACON& Tower with Radar,8,31,29,0,68,0,0,53,0,53,8,31,82,0,121,56,0,56,177
05/04/2019,RST,MN,AGL,CE,Combined TRACON& Tower with Radar,3,23,17,2,45,0,0,83,3,86,3,23,100,5,131,46,0,46,177
05/05/2019,RST,MN,AGL,CE,Combined TRACON& Tower with Radar,4,34,19,0,57,0,0,35,0,35,4,34,54,0,92,24,0,24,116
05/06/2019,RST,MN,AGL,CE,Combined TRACON& Tower with Radar,5,35,19,0,59,0,0,34,0,34,5,35,53,0,93,14,0,14,107
05/07/2019,RST,MN,AGL,CE,Combined TRACON& Tower with Radar,9,27,37,14,87,0,0,48,0,48,9,27,85,14,135,44,6,50,185
05/08/2019,RST,MN,AGL,CE,Combined TRACON& Tower with Radar,11,28,18,0,57,0,0,1,0,1,11,28,19,0,58,6,0,6,64
05/09/2019,RST,MN,AGL,CE,Combined TRACON& Tower with Radar,7,31,30,14,82,0,0,12,5,17,7,31,42,19,99,26,34,60,159
05/10/2019,RST,MN,AGL,CE,Combined TRACON& Tower with Radar,7,27,30,2,66,0,0,51,0,51,7,27,81,2,117,103,0,103,220
05/11/2019,RST,MN,AGL,CE,Combined TRACON& Tower with Radar,2,25,11,0,38,0,0,43,0,43,2,25,54,0,81,28,0,28,109
05/12/2019,RST,MN,AGL,CE,Combined TRACON& Tower with Radar,4,27,25,0,56,0,0,37,0,37,4,27,62,0,93,46,0,46,139
05/13/2019,RST,MN,AGL,CE,Combined TRACON& Tower with Radar,6,29,30,2,67,0,0,56,0,56,6,29,86,2,123,58,0,58,181
05/14/2019,RST,MN,AGL,CE,Combined TRACON& Tower with Radar,12,36,36,14,98,0,0,29,0,29,12,36,65,14,127,116,16,132,259
05/15/2019,RST,MN,AGL,CE,Combined TRACON& Tower with Radar,11,28,30,0,69,0,1,48,0,49,11,29,78,0,118,29,0,29,147
05/16/2019,RST,MN,AGL,CE,Combined TRACON& Tower with Radar,9,28,40,0,77,0,1,26,0,27,9,29,66,0,104,76,0,76,180
05/17/2019,RST,MN,AGL,CE,Combined TRACON& Tower with Radar,9,35,38,0,82,0,0,12,0,12,9,35,50,0,94,18,0,18,112
05/18/2019,RST,MN,AGL,CE,Combined TRACON& Tower with Radar,5,22,17,0,44,0,0,7,0,7,5,22,24,0,51,8,0,8,59
05/19/2019,RST,MN,AGL,CE,Combined TRACON& Tower with Radar,5,28,18,0,51,0,0,0,0,0,5,28,18,0,51,0,0,0,51
05/20/2019,RST,MN,AGL,CE,Combined TRACON& Tower with Radar,6,33,47,17,103,0,2,33,2,37,6,35,80,19,140,132,48,180,320
05/21/2019,RST,MN,AGL,CE,Combined TRACON& Tower with Radar,10,43,20,7,80,0,1,5,1,7,10,44,25,8,87,0,10,10,97
05/22/2019,RST,MN,AGL,CE,Combined TRACON& Tower with Radar,13,37,33,2,85,0,0,11,0,11,13,37,44,2,96,0,0,0,96
05/23/2019,RST,MN,AGL,CE,Combined TRACON& Tower with Radar,9,38,53,28,128,0,11,24,0,35,9,49,77,28,163,66,38,104,267
05/24/2019,RST,MN,AGL,CE,Combined TRACON& Tower with Radar,8,31,22,0,61,0,5,2,0,7,8,36,24,0,68,22,0,22,90
05/25/2019,RST,MN,AGL,CE,Combined TRACON& Tower with Radar,5,19,22,0,46,0,0,50,0,50,5,19,72,0,96,94,0,94,190
05/26/2019,RST,MN,AGL,CE,Combined TRACON& Tower with Radar,3,20,15,0,38,0,2,38,0,40,3,22,53,0,78,26,0,26,104
05/27/2019,RST,MN,AGL,CE,Combined TRACON& Tower with Radar,5,22,17,0,44,0,0,0,0,0,5,22,17,0,44,0,0,0,44
05/28/2019,RST,MN,AGL,CE,Combined TRACON& Tower with Radar,7,33,53,0,93,0,0,1,0,1,7,33,54,0,94,16,0,16,110
05/29/2019,RST,MN,AGL,CE,Combined TRACON& Tower with Radar,13,30,33,0,76,0,0,14,0,14,13,30,47,0,90,103,0,103,193
05/30/2019,RST,MN,AGL,CE,Combined TRACON& Tower with Radar,9,36,46,0,91,0,3,54,0,57,9,39,100,0,148,100,0,100,248
05/31/2019,RST,MN,AGL,CE,Combined TRACON& Tower with Radar,9,28,31,0,68,0,6,30,0,36,9,34,61,0,104,36,0,36,140
06/01/2019,RST,MN,AGL,CE,Combined TRACON& Tower with Radar,5,21,18,0,44,0,9,20,4,33,5,30,38,4,77,26,0,26,103
06/02/2019,RST,MN,AGL,CE,Combined TRACON& Tower with Radar,5,29,21,0,55,0,1,29,0,30,5,30,50,0,85,16,0,16,101
06/03/2019,RST,MN,AGL,CE,Combined TRACON& Tower with Radar,6,37,23,0,66,0,1,53,0,54,6,38,76,0,120,112,0,112,232
06/04/2019,RST,MN,AGL,CE,Combined TRACON& Tower with Radar,13,26,23,0,62,0,0,10,0,10,13,26,33,0,72,0,0,0,72
06/05/2019,RST,MN,AGL,CE,Combined TRACON& Tower with Radar,14,41,28,0,83,0,2,33,0,35,14,43,61,0,118,80,0,80,198
06/06/2019,RST,MN,AGL,CE,Combined TRACON& Tower with Radar,12,31,30,2,75,0,1,37,1,39,12,32,67,3,114,112,11,123,237
06/07/2019,RST,MN,AGL,CE,Combined TRACON& Tower with Radar,12,29,31,0,72,0,0,41,0,41,12,29,72,0,113,40,0,40,153
06/08/2019,RST,MN,AGL,CE,Combined TRACON& Tower with Radar,8,14,14,0,36,0,0,47,0,47,8,14,61,0,83,44,0,44,127
06/09/2019,RST,MN,AGL,CE,Combined TRACON& Tower with Radar,4,28,20,0,52,0,1,13,0,14,4,29,33,0,66,0,0,0,66
06/10/2019,RST,MN,AGL,CE,Combined TRACON& Tower with Radar,10,32,35,17,94,0,0,15,0,15,10,32,50,17,109,66,42,108,217
06/11/2019,RST,MN,AGL,CE,Combined TRACON& Tower with Radar,15,26,43,12,96,0,2,5,0,7,15,28,48,12,103,40,0,40,143
06/12/2019,RST,MN,AGL,CE,Combined TRACON& Tower with Radar,12,29,36,10,87,0,0,4,0,4,12,29,40,10,91,30,28,58,149
06/13/2019,RST,MN,AGL,CE,Combined TRACON& Tower with Radar,14,27,48,2,91,0,1,53,2,56,14,28,101,4,147,38,0,38,185
06/14/2019,RST,MN,AGL,CE,Combined TRACON& Tower with Radar,14,27,26,0,67,0,1,7,0,8,14,28,33,0,75,10,0,10,85
06/15/2019,RST,MN,AGL,CE,Combined TRACON& Tower with Radar,8,16,12,0,36,0,1,12,0,13,8,17,24,0,49,53,0,53,102
06/16/2019,RST,MN,AGL,CE,Combined TRACON& Tower with Radar,7,24,26,0,57,0,0,2,1,3,7,24,28,1,60,4,0,4,64
06/17/2019,RST,MN,AGL,CE,Combined TRACON& Tower with Radar,11,28,38,1,78,0,0,10,0,10,11,28,48,1,88,22,6,28,116
06/18/2019,RST,MN,AGL,CE,Combined TRACON& Tower with Radar,13,24,40,5,82,0,0,46,0,46,13,24,86,5,128,78,12,90,218
06/19/2019,RST,MN,AGL,CE,Combined TRACON& Tower with Radar,14,25,49,0,88,0,4,39,0,43,14,29,88,0,131,70,0,70,201
06/20/2019,RST,MN,AGL,CE,Combined TRACON& Tower with Radar,14,35,25,12,86,0,0,7,0,7,14,35,32,12,93,11,58,69,162
06/21/2019,RST,MN,AGL,CE,Combined TRACON& Tower with Radar,13,23,29,0,65,0,0,26,0,26,13,23,55,0,91,70,0,70,161
06/22/2019,RST,MN,AGL,CE,Combined TRACON& Tower with Radar,7,20,17,1,45,0,0,54,0,54,7,20,71,1,99,20,0,20,119
06/23/2019,RST,MN,AGL,CE,Combined TRACON& Tower with Radar,6,19,40,2,67,0,0,10,0,10,6,19,50,2,77,8,0,8,85
06/24/2019,RST,MN,AGL,CE,Combined TRACON& Tower with Radar,11,22,30,12,75,0,2,12,0,14,11,24,42,12,89,18,26,44,133
06/25/2019,RST,MN,AGL,CE,Combined TRACON& Tower with Radar,14,26,48,0,88,0,3,49,0,52,14,29,97,0,140,28,0,28,168
06/26/2019,RST,MN,AGL,CE,Combined TRACON& Tower with Radar,14,27,41,0,82,0,0,58,0,58,14,27,99,0,140,56,0,56,196
06/27/2019,RST,MN,AGL,CE,Combined TRACON& Tower with Radar,14,21,47,18,100,0,0,2,0,2,14,21,49,18,102,0,40,40,142
06/28/2019,RST,MN,AGL,CE,Combined TRACON& Tower with Radar,13,31,63,0,107,0,2,27,0,29,13,33,90,0,136,34,0,34,170
06/29/2019,RST,MN,AGL,CE,Combined TRACON& Tower with Radar,7,28,17,0,52,0,1,36,0,37,7,29,53,0,89,22,2,24,113
06/30/2019,RST,MN,AGL,CE,Combined TRACON& Tower with Radar,10,26,21,0,57,0,1,10,0,11,10,27,31,0,68,14,0,14,82
07/01/2019,RST,MN,AGL,CE,Combined TRACON& Tower with Radar,9,23,26,0,58,0,0,6,0,6,9,23,32,0,64,43,0,43,107
07/02/2019,RST,MN,AGL,CE,Combined TRACON& Tower with Radar,12,24,33,0,69,0,3,17,0,20,12,27,50,0,89,44,0,44,133
07/03/2019,RST,MN,AGL,CE,Combined TRACON& Tower with Radar,10,26,28,10,74,0,2,11,0,13,10,28,39,10,87,94,0,94,181
07/04/2019,RST,MN,AGL,CE,Combined TRACON& Tower with Radar,6,14,27,0,47,0,1,11,0,12,6,15,38,0,59,12,0,12,71
07/05/2019,RST,MN,AGL,CE,Combined TRACON& Tower with Radar,10,12,16,0,38,0,0,15,0,15,10,12,31,0,53,42,0,42,95
07/06/2019,RST,MN,AGL,CE,Combined TRACON& Tower with Radar,7,15,10,0,32,0,0,30,2,32,7,15,40,2,64,98,0,98,162
07/07/2019,RST,MN,AGL,CE,Combined TRACON& Tower with Radar,12,27,15,0,54,0,1,36,0,37,12,28,51,0,91,34,0,34,125
07/08/2019,RST,MN,AGL,CE,Combined TRACON& Tower with Radar,10,31,24,14,79,0,0,58,3,61,10,31,82,17,140,92,32,124,264
07/09/2019,RST,MN,AGL,CE,Combined TRACON& Tower with Radar,15,28,25,11,79,0,2,14,3,19,15,30,39,14,98,20,38,58,156
07/10/2019,RST,MN,AGL,CE,Combined TRACON& Tower with Radar,14,30,35,8,87,0,1,15,1,17,14,31,50,9,104,76,24,100,204
07/11/2019,RST,MN,AGL,CE,Combined TRACON& Tower with Radar,13,33,37,0,83,0,0,53,0,53,13,33,90,0,136,64,0,64,200
07/12/2019,RST,MN,AGL,CE,Combined TRACON& Tower with Radar,13,30,23,0,66,0,0,30,0,30,13,30,53,0,96,62,0,62,158
07/13/2019,RST,MN,AGL,CE,Combined TRACON& Tower with Radar,7,19,16,0,42,0,5,112,2,119,7,24,128,2,161,114,0,114,275
07/14/2019,RST,MN,AGL,CE,Combined TRACON& Tower with Radar,13,34,16,0,63,0,2,19,1,22,13,36,35,1,85,8,0,8,93
07/15/2019,RST,MN,AGL,CE,Combined TRACON& Tower with Radar,14,27,33,0,74,0,0,13,1,14,14,27,46,1,88,39,4,43,131
07/16/2019,RST,MN,AGL,CE,Combined TRACON& Tower with Radar,15,32,19,8,74,0,0,13,9,22,15,32,32,17,96,20,24,44,140
07/17/2019,RST,MN,AGL,CE,Combined TRACON& Tower with Radar,15,31,40,6,92,0,2,20,4,26,15,33,60,10,118,34,18,52,170
07/18/2019,RST,MN,AGL,CE,Combined TRACON& Tower with Radar,14,24,41,8,87,0,1,13,1,15,14,25,54,9,102,86,32,118,220
07/19/2019,RST,MN,AGL,CE,Combined TRACON& Tower with Radar,13,43,39,0,95,0,4,23,2,29,13,47,62,2,124,58,0,58,182
07/20/2019,RST,MN,AGL,CE,Combined TRACON& Tower with Radar,8,22,10,0,40,0,2,10,0,12,8,24,20,0,52,0,0,0,52
07/21/2019,RST,MN,AGL,CE,Combined TRACON& Tower with Radar,9,28,23,4,64,0,0,35,0,35,9,28,58,4,99,58,4,62,161
07/22/2019,RST,MN,AGL,CE,Combined TRACON& Tower with Radar,10,29,39,0,78,0,2,14,2,18,10,31,53,2,96,40,0,40,136
07/23/2019,RST,MN,AGL,CE,Combined TRACON& Tower with Radar,14,42,39,15,110,0,3,53,0,56,14,45,92,15,166,66,16,82,248
07/24/2019,RST,MN,AGL,CE,Combined TRACON& Tower with Radar,15,31,29,21,96,0,1,43,2,46,15,32,72,23,142,60,34,94,236
07/25/2019,RST,MN,AGL,CE,Combined TRACON& Tower with Radar,14,29,37,11,91,0,0,19,0,19,14,29,56,11,110,14,44,58,168
07/26/2019,RST,MN,AGL,CE,Combined TRACON& Tower with Radar,15,29,34,0,78,0,1,34,0,35,15,30,68,0,113,70,0,70,183
07/27/2019,RST,MN,AGL,CE,Combined TRACON& Tower with Radar,8,19,25,1,53,0,5,41,0,46,8,24,66,1,99,40,0,40,139
07/28/2019,RST,MN,AGL,CE,Combined TRACON& Tower with Radar,9,20,25,0,54,0,0,22,0,22,9,20,47,0,76,14,0,14,90
07/29/2019,RST,MN,AGL,CE,Combined TRACON& Tower with Radar,10,45,42,16,113,0,0,32,0,32,10,45,74,16,145,32,40,72,217
07/30/2019,RST,MN,AGL,CE,Combined TRACON& Tower with Radar,13,37,37,33,120,0,1,49,1,51,13,38,86,34,171,38,52,90,261
07/31/2019,RST,MN,AGL,CE,Combined TRACON& Tower with Radar,16,32,40,5,93,0,1,42,0,43,16,33,82,5,136,67,22,89,225
08/01/2019,RST,MN,AGL,CE,Combined TRACON& Tower with Radar,13,27,40,19,99,0,0,35,1,36,13,27,75,20,135,25,72,97,232
08/02/2019,RST,MN,AGL,CE,Combined TRACON& Tower with Radar,16,26,33,0,75,0,3,41,0,44,16,29,74,0,119,70,0,70,189
08/03/2019,RST,MN,AGL,CE,Combined TRACON& Tower with Radar,8,17,18,0,43,0,1,32,0,33,8,18,50,0,76,72,0,72,148
08/04/2019,RST,MN,AGL,CE,Combined TRACON& Tower with Radar,8,22,15,0,45,0,0,41,0,41,8,22,56,0,86,72,0,72,158
08/05/2019,RST,MN,AGL,CE,Combined TRACON& Tower with Radar,13,25,24,0,62,0,1,9,0,10,13,26,33,0,72,36,0,36,108
08/06/2019,RST,MN,AGL,CE,Combined TRACON& Tower with Radar,14,31,24,3,72,0,1,34,0,35,14,32,58,3,107,92,8,100,207
08/07/2019,RST,MN,AGL,CE,Combined TRACON& Tower with Radar,13,32,26,0,71,0,1,25,0,26,13,33,51,0,97,81,0,81,178
08/08/2019,RST,MN,AGL,CE,Combined TRACON& Tower with Radar,13,32,41,0,86,0,2,39,0,41,13,34,80,0,127,68,0,68,195
08/09/2019,RST,MN,AGL,CE,Combined TRACON& Tower with Radar,13,32,37,8,90,0,1,35,2,38,13,33,72,10,128,42,6,48,176
08/10/2019,RST,MN,AGL,CE,Combined TRACON& Tower with Radar,9,20,10,0,39,0,1,28,0,29,9,21,38,0,68,68,0,68,136
08/11/2019,RST,MN,AGL,CE,Combined TRACON& Tower with Radar,9,20,23,0,52,0,0,3,0,3,9,20,26,0,55,0,0,0,55
08/12/2019,RST,MN,AGL,CE,Combined TRACON& Tower with Radar,11,34,26,0,71,0,0,5,0,5,11,34,31,0,76,34,0,34,110
08/13/2019,RST,MN,AGL,CE,Combined TRACON& Tower with Radar,12,53,52,0,117,0,0,7,0,7,12,53,59,0,124,32,0,32,156
08/14/2019,RST,MN,AGL,CE,Combined TRACON& Tower with Radar,14,33,46,0,93,0,0,20,0,20,14,33,66,0,113,50,0,50,163
08/15/2019,RST,MN,AGL,CE,Combined TRACON& Tower with Radar,14,38,26,0,78,0,3,18,0,21,14,41,44,0,99,102,0,102,201
08/16/2019,RST,MN,AGL,CE,Combined TRACON& Tower with Radar,15,39,32,0,86,0,0,27,0,27,15,39,59,0,113,118,0,118,231
08/17/2019,RST,MN,AGL,CE,Combined TRACON& Tower with Radar,9,20,12,0,41,0,0,20,0,20,9,20,32,0,61,70,0,70,131
08/18/2019,RST,MN,AGL,CE,Combined TRACON& Tower with Radar,7,24,36,0,67,0,0,20,0,20,7,24,56,0,87,58,0,58,145
08/19/2019,RST,MN,AGL,CE,Combined TRACON& Tower with Radar,11,40,34,0,85,0,4,30,0,34,11,44,64,0,119,34,0,34,153
08/20/2019,RST,MN,AGL,CE,Combined TRACON& Tower with Radar,14,24,33,0,71,0,1,19,0,20,14,25,52,0,91,36,0,36,127
08/21/2019,RST,MN,AGL,CE,Combined TRACON& Tower with Radar,16,27,60,1,104,0,0,36,0,36,16,27,96,1,140,78,0,78,218
08/22/2019,RST,MN,AGL,CE,Combined TRACON& Tower with Radar,14,26,27,21,88,0,0,54,2,56,14,26,81,23,144,26,60,86,230
08/23/2019,RST,MN,AGL,CE,Combined TRACON& Tower with Radar,13,35,48,1,97,0,1,34,0,35,13,36,82,1,132,43,0,43,175
08/24/2019,RST,MN,AGL,CE,Combined TRACON& Tower with Radar,9,17,12,0,38,0,1,34,0,35,9,18,46,0,73,70,0,70,143
08/25/2019,RST,MN,AGL,CE,Combined TRACON& Tower with Radar,10,23,28,0,61,0,0,46,0,46,10,23,74,0,107,22,0,22,129
08/26/2019,RST,MN,AGL,CE,Combined TRACON& Tower with Radar,7,28,35,0,70,0,2,5,0,7,7,30,40,0,77,88,0,88,165
08/27/2019,RST,MN,AGL,CE,Combined TRACON& Tower with Radar,17,35,31,10,93,0,2,19,0,21,17,37,50,10,114,14,18,32,146
08/28/2019,RST,MN,AGL,CE,Combined TRACON& Tower with Radar,14,35,28,0,77,0,1,21,0,22,14,36,49,0,99,20,0,20,119
08/29/2019,RST,MN,AGL,CE,Combined TRACON& Tower with Radar,14,29,16,26,85,0,1,33,2,36,14,30,49,28,121,48,40,88,209
08/30/2019,RST,MN,AGL,CE,Combined TRACON& Tower with Radar,14,36,36,10,96,0,3,52,0,55,14,39,88,10,151,166,18,184,335
08/31/2019,RST,MN,AGL,CE,Combined TRACON& Tower with Radar,9,11,17,0,37,0,0,42,0,42,9,11,59,0,79,54,0,54,133
09/01/2019,RST,MN,AGL,CE,Combined TRACON& Tower with Radar,8,9,12,0,29,0,0,11,0,11,8,9,23,0,40,58,0,58,98
09/02/2019,RST,MN,AGL,CE,Combined TRACON& Tower with Radar,8,23,48,0,79,0,0,15,0,15,8,23,63,0,94,80,0,80,174
09/03/2019,RST,MN,AGL,CE,Combined TRACON& Tower with Radar,10,34,24,0,68,0,1,9,0,10,10,35,33,0,78,46,0,46,124
09/04/2019,RST,MN,AGL,CE,Combined TRACON& Tower with Radar,9,38,24,6,77,0,0,32,0,32,9,38,56,6,109,70,12,82,191
09/05/2019,RST,MN,AGL,CE,Combined TRACON& Tower with Radar,10,43,31,2,86,0,3,27,0,30,10,46,58,2,116,76,0,76,192
09/06/2019,RST,MN,AGL,CE,Combined TRACON& Tower with Radar,8,25,34,0,67,0,1,36,0,37,8,26,70,0,104,142,0,142,246
09/07/2019,RST,MN,AGL,CE,Combined TRACON& Tower with Radar,5,17,12,0,34,0,1,426,3,430,5,18,438,3,464,54,0,54,518
09/08/2019,RST,MN,AGL,CE,Combined TRACON& Tower with Radar,5,31,37,0,73,0,0,5,0,5,5,31,42,0,78,6,0,6,84
09/09/2019,RST,MN,AGL,CE,Combined TRACON& Tower with Radar,7,40,34,0,81,0,0,0,0,0,7,40,34,0,81,0,0,0,81
09/10/2019,RST,MN,AGL,CE,Combined TRACON& Tower with Radar,10,38,33,3,84,0,6,31,0,37,10,44,64,3,121,34,0,34,155
09/11/2019,RST,MN,AGL,CE,Combined TRACON& Tower with Radar,11,29,22,0,62,0,0,7,0,7,11,29,29,0,69,2,0,2,71
09/12/2019,RST,MN,AGL,CE,Combined TRACON& Tower with Radar,9,31,24,0,64,0,0,0,0,0,9,31,24,0,64,0,0,0,64
09/13/2019,RST,MN,AGL,CE,Combined TRACON& Tower with Radar,9,34,41,9,93,0,0,10,0,10,9,34,51,9,103,8,14,22,125
09/14/2019,RST,MN,AGL,CE,Combined TRACON& Tower with Radar,5,15,13,0,33,0,0,31,0,31,5,15,44,0,64,18,0,18,82
09/15/2019,RST,MN,AGL,CE,Combined TRACON& Tower with Radar,5,38,43,0,86,0,0,29,0,29,5,38,72,0,115,14,0,14,129
09/16/2019,RST,MN,AGL,CE,Combined TRACON& Tower with Radar,9,35,41,4,89,0,2,55,0,57,9,37,96,4,146,24,18,42,188
09/17/2019,RST,MN,AGL,CE,Combined TRACON& Tower with Radar,8,32,35,10,85,0,0,31,0,31,8,32,66,10,116,42,10,52,168
09/18/2019,RST,MN,AGL,CE,Combined TRACON& Tower with Radar,10,40,37,0,87,0,1,7,0,8,10,41,44,0,95,6,0,6,101
09/19/2019,RST,MN,AGL,CE,Combined TRACON& Tower with Radar,10,30,27,0,67,0,0,8,0,8,10,30,35,0,75,68,0,68,143
09/20/2019,RST,MN,AGL,CE,Combined TRACON& Tower with Radar,10,36,31,0,77,0,0,28,0,28,10,36,59,0,105,15,25,40,145
09/21/2019,RST,MN,AGL,CE,Combined TRACON& Tower with Radar,5,21,21,0,47,0,0,4,0,4,5,21,25,0,51,2,0,2,53
09/22/2019,RST,MN,AGL,CE,Combined TRACON& Tower with Radar,6,29,22,0,57,0,0,33,0,33,6,29,55,0,90,64,0,64,154
09/23/2019,RST,MN,AGL,CE,Combined TRACON& Tower with Radar,7,35,28,16,86,0,0,54,0,54,7,35,82,16,140,68,18,86,226
09/24/2019,RST,MN,AGL,CE,Combined TRACON& Tower with Radar,9,35,29,0,73,0,0,19,0,19,9,35,48,0,92,26,0,26,118
09/25/2019,RST,MN,AGL,CE,Combined TRACON& Tower with Radar,10,34,40,0,84,0,3,20,0,23,10,37,60,0,107,64,0,64,171
09/26/2019,RST,MN,AGL,CE,Combined TRACON& Tower with Radar,10,37,29,0,76,0,2,45,0,47,10,39,74,0,123,74,0,74,197
09/27/2019,RST,MN,AGL,CE,Combined TRACON& Tower with Radar,10,32,38,20,100,0,2,25,0,27,10,34,63,20,127,23,44,67,194
09/28/2019,RST,MN,AGL,CE,Combined TRACON& Tower with Radar,5,18,25,0,48,0,1,59,0,60,5,19,84,0,108,58,0,58,166
09/29/2019,RST,MN,AGL,CE,Combined TRACON& Tower with Radar,5,32,20,0,57,0,0,0,0,0,5,32,20,0,57,0,0,0,57
09/30/2019,RST,MN,AGL,CE,Combined TRACON& Tower with Radar,8,32,22,0,62,0,0,15,0,15,8,32,37,0,77,42,0,42,119
10/01/2019,RST,MN,AGL,CE,Combined TRACON& Tower with Radar,9,33,22,0,64,0,1,1,0,2,9,34,23,0,66,0,0,0,66
10/02/2019,RST,MN,AGL,CE,Combined TRACON& Tower with Radar,12,37,52,0,101,0,0,1,0,1,12,37,53,0,102,0,0,0,102
10/03/2019,RST,MN,AGL,CE,Combined TRACON& Tower with Radar,10,42,25,13,90,0,1,8,0,9,10,43,33,13,99,40,38,78,177
10/04/2019,RST,MN,AGL,CE,Combined TRACON& Tower with Radar,12,40,33,10,95,0,1,19,0,20,12,41,52,10,115,126,22,148,263
10/05/2019,RST,MN,AGL,CE,Combined TRACON& Tower with Radar,5,22,4,0,31,0,0,0,0,0,5,22,4,0,31,0,0,0,31
10/06/2019,RST,MN,AGL,CE,Combined TRACON& Tower with Radar,6,29,24,0,59,0,0,19,0,19,6,29,43,0,78,56,0,56,134
10/07/2019,RST,MN,AGL,CE,Combined TRACON& Tower with Radar,9,42,36,11,98,0,3,43,1,47,9,45,79,12,145,153,23,176,321
10/08/2019,RST,MN,AGL,CE,Combined TRACON& Tower with Radar,10,47,24,0,81,0,4,32,0,36,10,51,56,0,117,30,0,30,147
10/09/2019,RST,MN,AGL,CE,Combined TRACON& Tower with Radar,10,41,34,1,86,0,0,28,0,28,10,41,62,1,114,32,0,32,146
10/10/2019,RST,MN,AGL,CE,Combined TRACON& Tower with Radar,9,45,36,1,91,0,0,6,0,6,9,45,42,1,97,30,0,30,127
10/11/2019,RST,MN,AGL,CE,Combined TRACON& Tower with Radar,9,34,19,2,64,0,1,5,0,6,9,35,24,2,70,4,0,4,74
10/12/2019,RST,MN,AGL,CE,Combined TRACON& Tower with Radar,5,23,9,1,38,0,0,1,0,1,5,23,10,1,39,37,0,37,76
10/13/2019,RST,MN,AGL,CE,Combined TRACON& Tower with Radar,6,35,21,0,62,0,1,1,0,2,6,36,22,0,64,26,0,26,90
10/14/2019,RST,MN,AGL,CE,Combined TRACON& Tower with Radar,9,30,33,1,73,0,0,37,0,37,9,30,70,1,110,200,0,200,310
10/15/2019,RST,MN,AGL,CE,Combined TRACON& Tower with Radar,10,38,25,0,73,0,0,9,0,9,10,38,34,0,82,36,0,36,118
10/16/2019,RST,MN,AGL,CE,Combined TRACON& Tower with Radar,11,34,53,2,100,0,0,13,3,16,11,34,66,5,116,180,44,224,340
10/17/2019,RST,MN,AGL,CE,Combined TRACON& Tower with Radar,10,25,27,3,65,0,3,52,10,65,10,28,79,13,130,134,32,166,296
10/18/2019,RST,MN,AGL,CE,Combined TRACON& Tower with Radar,9,34,23,0,66,0,0,24,2,26,9,34,47,2,92,0,0,0,92
10/19/2019,RST,MN,AGL,CE,Combined TRACON& Tower with Radar,5,17,10,0,32,0,3,48,0,51,5,20,58,0,83,96,0,96,179
10/20/2019,RST,MN,AGL,CE,Combined TRACON& Tower with Radar,5,44,20,0,69,0,2,36,0,38,5,46,56,0,107,28,0,28,135
10/21/2019,RST,MN,AGL,CE,Combined TRACON& Tower with Radar,7,31,18,0,56,0,0,1,0,1,7,31,19,0,57,0,0,0,57
10/22/2019,RST,MN,AGL,CE,Combined TRACON& Tower with Radar,12,39,13,0,64,0,0,4,0,4,12,39,17,0,68,10,0,10,78
10/23/2019,RST,MN,AGL,CE,Combined TRACON& Tower with Radar,10,36,23,0,69,0,0,25,0,25,10,36,48,0,94,94,0,94,188
10/24/2019,RST,MN,AGL,CE,Combined TRACON& Tower with Radar,10,39,34,0,83,0,1,33,0,34,10,40,67,0,117,58,0,58,175
10/25/2019,RST,MN,AGL,CE,Combined TRACON& Tower with Radar,9,38,18,6,71,0,3,19,0,22,9,41,37,6,93,95,0,95,188
10/26/2019,RST,MN,AGL,CE,Combined TRACON& Tower with Radar,5,18,18,3,44,0,3,55,0,58,5,21,73,3,102,66,0,66,168
10/27/2019,RST,MN,AGL,CE,Combined TRACON& Tower with Radar,5,32,24,0,61,0,0,20,0,20,5,32,44,0,81,52,0,52,133
10/28/2019,RST,MN,AGL,CE,Combined TRACON& Tower with Radar,6,41,23,0,70,0,1,25,0,26,6,42,48,0,96,68,0,68,164
10/29/2019,RST,MN,AGL,CE,Combined TRACON& Tower with Radar,8,35,45,11,99,0,0,24,0,24,8,35,69,11,123,76,12,88,211
10/30/2019,RST,MN,AGL,CE,Combined TRACON& Tower with Radar,7,28,32,0,67,0,0,28,0,28,7,28,60,0,95,141,0,141,236
10/31/2019,RST,MN,AGL,CE,Combined TRACON& Tower with Radar,8,29,48,0,85,0,4,11,0,15,8,33,59,0,100,68,0,68,168
11/01/2019,RST,MN,AGL,CE,Combined TRACON& Tower with Radar,9,36,28,0,73,0,0,12,0,12,9,36,40,0,85,132,0,132,217
11/02/2019,RST,MN,AGL,CE,Combined TRACON& Tower with Radar,5,16,8,0,29,0,0,25,0,25,5,16,33,0,54,32,0,32,86
11/03/2019,RST,MN,AGL,CE,Combined TRACON& Tower with Radar,6,31,34,0,71,0,0,44,0,44,6,31,78,0,115,86,0,86,201
11/04/2019,RST,MN,AGL,CE,Combined TRACON& Tower with Radar,7,35,17,0,59,0,0,4,0,4,7,35,21,0,63,34,0,34,97
11/05/2019,RST,MN,AGL,CE,Combined TRACON& Tower with Radar,12,45,36,0,93,0,0,21,0,21,12,45,57,0,114,24,0,24,138
11/06/2019,RST,MN,AGL,CE,Combined TRACON& Tower with Radar,8,30,24,0,62,0,0,2,0,2,8,30,26,0,64,2,0,2,66
11/07/2019,RST,MN,AGL,CE,Combined TRACON& Tower with Radar,8,33,23,0,64,0,1,28,0,29,8,34,51,0,93,22,0,22,115
11/08/2019,RST,MN,AGL,CE,Combined TRACON& Tower with Radar,9,33,30,0,72,0,0,29,0,29,9,33,59,0,101,34,0,34,135
11/09/2019,RST,MN,AGL,CE,Combined TRACON& Tower with Radar,5,25,11,0,41,0,0,31,0,31,5,25,42,0,72,75,0,75,147
11/10/2019,RST,MN,AGL,CE,Combined TRACON& Tower with Radar,5,27,20,0,52,0,0,13,0,13,5,27,33,0,65,128,0,128,193
11/11/2019,RST,MN,AGL,CE,Combined TRACON& Tower with Radar,6,25,27,0,58,0,1,9,0,10,6,26,36,0,68,0,0,0,68
11/12/2019,RST,MN,AGL,CE,Combined TRACON& Tower with Radar,9,31,44,0,84,0,0,21,0,21,9,31,65,0,105,76,0,76,181
11/13/2019,RST,MN,AGL,CE,Combined TRACON& Tower with Radar,13,37,18,0,68,0,0,4,0,4,13,37,22,0,72,6,0,6,78
11/14/2019,RST,MN,AGL,CE,Combined TRACON& Tower with Radar,9,40,44,0,93,0,0,10,0,10,9,40,54,0,103,88,0,88,191
11/15/2019,RST,MN,AGL,CE,Combined TRACON& Tower with Radar,10,36,33,0,79,0,0,25,0,25,10,36,58,0,104,68,0,68,172
11/16/2019,RST,MN,AGL,CE,Combined TRACON& Tower with Radar,7,23,23,0,53,0,4,16,0,20,7,27,39,0,73,64,0,64,137
11/17/2019,RST,MN,AGL,CE,Combined TRACON& Tower with Radar,5,28,15,0,48,0,0,4,0,4,5,28,19,0,52,24,0,24,76
11/18/2019,RST,MN,AGL,CE,Combined TRACON& Tower with Radar,8,28,16,0,52,0,0,1,0,1,8,28,17,0,53,0,0,0,53
11/19/2019,RST,MN,AGL,CE,Combined TRACON& Tower with Radar,13,50,31,0,94,0,0,0,0,0,13,50,31,0,94,0,0,0,94
11/20/2019,RST,MN,AGL,CE,Combined TRACON& Tower with Radar,9,35,38,6,88,0,0,13,0,13,9,35,51,6,101,72,20,92,193
11/21/2019,RST,MN,AGL,CE,Combined TRACON& Tower with Radar,9,34,32,0,75,0,0,2,0,2,9,34,34,0,77,0,0,0,77
11/22/2019,RST,MN,AGL,CE,Combined TRACON& Tower with Radar,9,22,30,0,61,0,0,30,0,30,9,22,60,0,91,114,0,114,205
11/23/2019,RST,MN,AGL,CE,Combined TRACON& Tower with Radar,5,18,19,0,42,0,2,55,0,57,5,20,74,0,99,118,0,118,217
11/24/2019,RST,MN,AGL,CE,Combined TRACON& Tower with Radar,4,27,22,0,53,0,0,32,0,32,4,27,54,0,85,38,0,38,123
11/25/2019,RST,MN,AGL,CE,Combined TRACON& Tower with Radar,7,22,28,2,59,0,0,26,1,27,7,22,54,3,86,58,48,106,192
11/26/2019,RST,MN,AGL,CE,Combined TRACON& Tower with Radar,8,29,25,8,70,0,0,10,0,10,8,29,35,8,80,88,28,116,196
11/27/2019,RST,MN,AGL,CE,Combined TRACON& Tower with Radar,7,24,10,2,43,0,0,1,0,1,7,24,11,2,44,0,0,0,44
11/28/2019,RST,MN,AGL,CE,Combined TRACON& Tower with Radar,5,13,6,0,24,0,0,1,0,1,5,13,7,0,25,0,0,0,25
11/29/2019,RST,MN,AGL,CE,Combined TRACON& Tower with Radar,8,11,8,0,27,0,0,0,0,0,8,11,8,0,27,0,0,0,27
11/30/2019,RST,MN,AGL,CE,Combined TRACON& Tower with Radar,4,23,4,0,31,0,0,0,0,0,4,23,4,0,31,0,0,0,31
12/01/2019,RST,MN,AGL,CE,Combined TRACON& Tower with Radar,5,37,11,0,53,0,0,0,0,0,5,37,11,0,53,0,0,0,53
12/02/2019,RST,MN,AGL,CE,Combined TRACON& Tower with Radar,10,33,36,0,79,0,0,33,0,33,10,33,69,0,112,146,0,146,258
12/03/2019,RST,MN,AGL,CE,Combined TRACON& Tower with Radar,12,30,39,9,90,0,1,21,2,24,12,31,60,11,114,114,18,132,246
12/04/2019,RST,MN,AGL,CE,Combined TRACON& Tower with Radar,12,42,45,0,99,0,0,34,0,34,12,42,79,0,133,74,0,74,207
12/05/2019,RST,MN,AGL,CE,Combined TRACON& Tower with Radar,14,42,26,2,84,0,0,23,3,26,14,42,49,5,110,48,0,48,158
12/06/2019,RST,MN,AGL,CE,Combined TRACON& Tower with Radar,10,41,26,0,77,0,2,32,0,34,10,43,58,0,111,32,0,32,143
12/07/2019,RST,MN,AGL,CE,Combined TRACON& Tower with Radar,7,25,18,0,50,0,0,33,0,33,7,25,51,0,83,64,0,64,147
12/08/2019,RST,MN,AGL,CE,Combined TRACON& Tower with Radar,7,34,23,0,64,0,0,23,0,23,7,34,46,0,87,60,0,60,147
12/09/2019,RST,MN,AGL,CE,Combined TRACON& Tower with Radar,6,30,23,0,59,0,0,0,0,0,6,30,23,0,59,0,0,0,59
12/10/2019,RST,MN,AGL,CE,Combined TRACON& Tower with Radar,12,41,42,8,103,0,0,12,0,12,12,41,54,8,115,50,0,50,165
12/11/2019,RST,MN,AGL,CE,Combined TRACON& Tower with Radar,14,42,51,2,109,0,2,33,0,35,14,44,84,2,144,71,0,71,215
12/12/2019,RST,MN,AGL,CE,Combined TRACON& Tower with Radar,11,29,30,0,70,0,0,1,0,1,11,29,31,0,71,0,0,0,71
12/13/2019,RST,MN,AGL,CE,Combined TRACON& Tower with Radar,9,26,31,0,66,0,0,0,0,0,9,26,31,0,66,0,0,0,66
12/14/2019,RST,MN,AGL,CE,Combined TRACON& Tower with Radar,7,18,10,0,35,0,0,5,0,5,7,18,15,0,40,0,0,0,40
12/15/2019,RST,MN,AGL,CE,Combined TRACON& Tower with Radar,7,25,15,0,47,0,1,19,0,20,7,26,34,0,67,66,0,66,133
12/16/2019,RST,MN,AGL,CE,Combined TRACON& Tower with Radar,5,30,21,0,56,0,0,2,2,4,5,30,23,2,60,10,0,10,70
12/17/2019,RST,MN,AGL,CE,Combined TRACON& Tower with Radar,13,36,35,0,84,0,0,6,0,6,13,36,41,0,90,28,0,28,118
12/18/2019,RST,MN,AGL,CE,Combined TRACON& Tower with Radar,12,44,41,0,97,0,5,26,0,31,12,49,67,0,128,26,0,26,154
12/19/2019,RST,MN,AGL,CE,Combined TRACON& Tower with Radar,11,31,37,0,79,0,0,49,0,49,11,31,86,0,128,102,0,102,230
12/20/2019,RST,MN,AGL,CE,Combined TRACON& Tower with Radar,9,25,39,0,73,0,2,25,0,27,9,27,64,0,100,94,0,94,194
12/21/2019,RST,MN,AGL,CE,Combined TRACON& Tower with Radar,5,23,21,0,49,0,0,51,0,51,5,23,72,0,100,71,0,71,171
12/22/2019,RST,MN,AGL,CE,Combined TRACON& Tower with Radar,4,23,9,0,36,0,0,52,0,52,4,23,61,0,88,80,0,80,168
12/23/2019,RST,MN,AGL,CE,Combined TRACON& Tower with Radar,7,22,15,0,44,0,0,30,0,30,7,22,45,0,74,120,0,120,194
12/24/2019,RST,MN,AGL,CE,Combined TRACON& Tower with Radar,10,19,9,0,38,0,0,5,0,5,10,19,14,0,43,0,0,0,43
12/25/2019,RST,MN,AGL,CE,Combined TRACON& Tower with Radar,4,16,8,0,28,0,0,0,0,0,4,16,8,0,28,0,0,0,28
12/26/2019,RST,MN,AGL,CE,Combined TRACON& Tower with Radar,5,25,10,0,40,0,0,0,0,0,5,25,10,0,40,22,0,22,62
12/27/2019,RST,MN,AGL,CE,Combined TRACON& Tower with Radar,7,26,12,0,45,0,0,11,0,11,7,26,23,0,56,8,0,8,64
12/28/2019,RST,MN,AGL,CE,Combined TRACON& Tower with Radar,5,20,0,0,25,0,0,0,0,0,5,20,0,0,25,0,0,0,25
12/29/2019,RST,MN,AGL,CE,Combined TRACON& Tower with Radar,4,31,4,0,39,0,0,0,0,0,4,31,4,0,39,0,0,0,39
12/30/2019,RST,MN,AGL,CE,Combined TRACON& Tower with Radar,4,21,12,0,37,0,0,0,0,0,4,21,12,0,37,0,0,0,37
12/31/2019,RST,MN,AGL,CE,Combined TRACON& Tower with Radar,7,28,13,0,48,0,0,14,0,14,7,28,27,0,62,64,0,64,126
01/01/2020,RST,MN,AGL,CE,Combined TRACON& Tower with Radar,4,23,8,0,35,0,0,29,0,29,4,23,37,0,64,26,0,26,90
01/02/2020,RST,MN,AGL,CE,Combined TRACON& Tower with Radar,7,24,4,0,35,0,1,2,0,3,7,25,6,0,38,6,0,6,44
01/03/2020,RST,MN,AGL,CE,Combined TRACON& Tower with Radar,10,30,20,20,80,0,0,0,0,0,10,30,20,20,80,0,10,10,90
01/04/2020,RST,MN,AGL,CE,Combined TRACON& Tower with Radar,5,29,16,0,50,0,1,4,0,5,5,30,20,0,55,8,0,8,63
01/05/2020,RST,MN,AGL,CE,Combined TRACON& Tower with Radar,5,21,20,0,46,0,0,5,0,5,5,21,25,0,51,0,0,0,51
01/06/2020,RST,MN,AGL,CE,Combined TRACON& Tower with Radar,4,29,31,0,64,0,0,38,0,38,4,29,69,0,102,116,0,116,218
01/07/2020,RST,MN,AGL,CE,Combined TRACON& Tower with Radar,7,35,31,0,73,0,1,6,0,7,7,36,37,0,80,10,0,10,90
01/08/2020,RST,MN,AGL,CE,Combined TRACON& Tower with Radar,9,29,24,0,62,0,3,29,0,32,9,32,53,0,94,28,0,28,122
01/09/2020,RST,MN,AGL,CE,Combined TRACON& Tower with Radar,7,35,14,0,56,0,0,6,0,6,7,35,20,0,62,36,0,36,98
01/10/2020,RST,MN,AGL,CE,Combined TRACON& Tower with Radar,7,25,27,0,59,0,0,11,0,11,7,25,38,0,70,68,0,68,138
01/11/2020,RST,MN,AGL,CE,Combined TRACON& Tower with Radar,5,13,14,0,32,0,0,36,0,36,5,13,50,0,68,76,0,76,144
01/12/2020,RST,MN,AGL,CE,Combined TRACON& Tower with Radar,3,27,21,0,51,0,0,20,0,20,3,27,41,0,71,64,0,64,135
01/13/2020,RST,MN,AGL,CE,Combined TRACON& Tower with Radar,3,31,28,0,62,0,1,1,0,2,3,32,29,0,64,0,0,0,64
01/14/2020,RST,MN,AGL,CE,Combined TRACON& Tower with Radar,9,35,35,0,79,0,0,11,0,11,9,35,46,0,90,36,0,36,126
01/15/2020,RST,MN,AGL,CE,Combined TRACON& Tower with Radar,7,39,20,0,66,0,0,2,0,2,7,39,22,0,68,4,0,4,72
01/16/2020,RST,MN,AGL,CE,Combined TRACON& Tower with Radar,7,34,33,0,74,0,0,26,0,26,7,34,59,0,100,50,0,50,150
01/17/2020,RST,MN,AGL,CE,Combined TRACON& Tower with Radar,7,13,14,0,34,0,0,3,0,3,7,13,17,0,37,0,0,0,37
01/18/2020,RST,MN,AGL,CE,Combined TRACON& Tower with Radar,5,14,9,0,28,0,0,0,0,0,5,14,9,0,28,0,0,0,28
01/19/2020,RST,MN,AGL,CE,Combined TRACON& Tower with Radar,4,26,17,0,47,0,4,2,0,6,4,30,19,0,53,4,0,4,57
01/20/2020,RST,MN,AGL,CE,Combined TRACON& Tower with Radar,4,29,38,0,71,0,0,12,0,12,4,29,50,0,83,8,0,8,91
01/21/2020,RST,MN,AGL,CE,Combined TRACON& Tower with Radar,7,31,18,0,56,0,0,11,0,11,7,31,29,0,67,20,0,20,87
01/22/2020,RST,MN,AGL,CE,Combined TRACON& Tower with Radar,7,29,22,0,58,0,0,0,0,0,7,29,22,0,58,0,0,0,58
01/23/2020,RST,MN,AGL,CE,Combined TRACON& Tower with Radar,6,26,15,0,47,0,0,0,0,0,6,26,15,0,47,0,0,0,47
01/24/2020,RST,MN,AGL,CE,Combined TRACON& Tower with Radar,7,29,28,0,64,0,0,0,0,0,7,29,28,0,64,0,0,0,64
01/25/2020,RST,MN,AGL,CE,Combined TRACON& Tower with Radar,5,20,19,0,44,0,0,0,0,0,5,20,19,0,44,0,0,0,44
01/26/2020,RST,MN,AGL,CE,Combined TRACON& Tower with Radar,3,34,19,0,56,0,0,0,0,0,3,34,19,0,56,0,0,0,56
01/27/2020,RST,MN,AGL,CE,Combined TRACON& Tower with Radar,4,33,21,0,58,0,0,0,0,0,4,33,21,0,58,0,0,0,58
01/28/2020,RST,MN,AGL,CE,Combined TRACON& Tower with Radar,7,23,18,0,48,0,0,0,0,0,7,23,18,0,48,0,0,0,48
01/29/2020,RST,MN,AGL,CE,Combined TRACON& Tower with Radar,7,24,27,0,58,0,0,0,0,0,7,24,27,0,58,0,0,0,58
01/30/2020,RST,MN,AGL,CE,Combined TRACON& Tower with Radar,7,27,14,0,48,0,0,1,0,1,7,27,15,0,49,0,0,0,49
01/31/2020,RST,MN,AGL,CE,Combined TRACON& Tower with Radar,7,34,13,0,54,0,0,0,0,0,7,34,13,0,54,0,0,0,54
02/01/2020,RST,MN,AGL,CE,Combined TRACON& Tower with Radar,5,18,20,0,43,0,1,41,0,42,5,19,61,0,85,168,0,168,253
02/02/2020,RST,MN,AGL,CE,Combined TRACON& Tower with Radar,4,28,23,0,55,0,0,22,0,22,4,28,45,0,77,18,0,18,95
02/03/2020,RST,MN,AGL,CE,Combined TRACON& Tower with Radar,8,28,41,0,77,0,1,38,2,41,8,29,79,2,118,92,0,92,210
02/04/2020,RST,MN,AGL,CE,Combined TRACON& Tower with Radar,9,34,30,16,89,0,0,26,2,28,9,34,56,18,117,50,12,62,179
02/05/2020,RST,MN,AGL,CE,Combined TRACON& Tower with Radar,5,29,37,0,71,0,0,40,0,40,5,29,77,0,111,44,0,44,155
02/06/2020,RST,MN,AGL,CE,Combined TRACON& Tower with Radar,5,32,28,2,67,0,0,41,0,41,5,32,69,2,108,136,24,160,268
02/07/2020,RST,MN,AGL,CE,Combined TRACON& Tower with Radar,9,32,13,0,54,0,1,5,0,6,9,33,18,0,60,38,0,38,98
02/08/2020,RST,MN,AGL,CE,Combined TRACON& Tower with Radar,5,16,26,0,47,0,0,34,0,34,5,16,60,0,81,66,0,66,147
02/09/2020,RST,MN,AGL,CE,Combined TRACON& Tower with Radar,3,20,4,0,27,0,2,2,0,4,3,22,6,0,31,0,0,0,31
02/10/2020,RST,MN,AGL,CE,Combined TRACON& Tower with Radar,6,37,35,0,78,0,0,18,0,18,6,37,53,0,96,38,0,38,134
02/11/2020,RST,MN,AGL,CE,Combined TRACON& Tower with Radar,7,28,49,0,84,0,1,38,0,39,7,29,87,0,123,88,0,88,211
02/12/2020,RST,MN,AGL,CE,Combined TRACON& Tower with Radar,7,24,31,0,62,0,0,8,0,8,7,24,39,0,70,23,0,23,93
02/13/2020,RST,MN,AGL,CE,Combined TRACON& Tower with Radar,7,31,31,0,69,0,1,16,1,18,7,32,47,1,87,0,0,0,87
02/14/2020,RST,MN,AGL,CE,Combined TRACON& Tower with Radar,7,40,14,0,61,0,0,5,0,5,7,40,19,0,66,4,0,4,70
02/15/2020,RST,MN,AGL,CE,Combined TRACON& Tower with Radar,5,23,16,0,44,0,0,39,0,39,5,23,55,0,83,104,0,104,187
02/16/2020,RST,MN,AGL,CE,Combined TRACON& Tower with Radar,4,28,15,0,47,0,0,16,0,16,4,28,31,0,63,94,0,94,157
02/17/2020,RST,MN,AGL,CE,Combined TRACON& Tower with Radar,4,31,30,0,65,0,0,5,0,5,4,31,35,0,70,4,0,4,74
02/18/2020,RST,MN,AGL,CE,Combined TRACON& Tower with Radar,7,27,23,0,57,0,13,14,4,31,7,40,37,4,88,18,0,18,106
02/19/2020,RST,MN,AGL,CE,Combined TRACON& Tower with Radar,7,25,32,0,64,0,2,32,0,34,7,27,64,0,98,80,0,80,178
02/20/2020,RST,MN,AGL,CE,Combined TRACON& Tower with Radar,7,33,35,16,91,0,2,17,0,19,7,35,52,16,110,60,20,80,190
02/21/2020,RST,MN,AGL,CE,Combined TRACON& Tower with Radar,7,30,34,1,72,0,3,25,0,28,7,33,59,1,100,16,0,16,116
02/22/2020,RST,MN,AGL,CE,Combined TRACON& Tower with Radar,5,19,27,0,51,0,3,57,0,60,5,22,84,0,111,76,0,76,187
02/23/2020,RST,MN,AGL,CE,Combined TRACON& Tower with Radar,3,30,29,1,63,0,0,27,0,27,3,30,56,1,90,32,0,32,122
02/24/2020,RST,MN,AGL,CE,Combined TRACON& Tower with Radar,4,34,21,0,59,0,2,20,0,22,4,36,41,0,81,46,0,46,127
02/25/2020,RST,MN,AGL,CE,Combined TRACON& Tower with Radar,9,32,27,0,68,0,0,20,0,20,9,32,47,0,88,32,0,32,120
02/26/2020,RST,MN,AGL,CE,Combined TRACON& Tower with Radar,7,28,21,0,56,0,0,19,0,19,7,28,40,0,75,20,0,20,95
02/27/2020,RST,MN,AGL,CE,Combined TRACON& Tower with Radar,7,28,35,16,86,0,0,35,0,35,7,28,70,16,121,72,18,90,211
02/28/2020,RST,MN,AGL,CE,Combined TRACON& Tower with Radar,7,31,30,0,68,0,2,42,0,44,7,33,72,0,112,69,4,73,185
02/29/2020,RST,MN,AGL,CE,Combined TRACON& Tower with Radar,7,22,27,0,56,0,1,44,0,45,7,23,71,0,101,12,0,12,113
03/01/2020,RST,MN,AGL,CE,Combined TRACON& Tower with Radar,3,32,41,0,76,0,2,53,0,55,3,34,94,0,131,26,0,26,157
03/02/2020,RST,MN,AGL,CE,Combined TRACON& Tower with Radar,4,28,35,0,67,0,0,11,1,12,4,28,46,1,79,37,0,37,116
03/03/2020,RST,MN,AGL,CE,Combined TRACON& Tower with Radar,7,33,33,13,86,0,0,15,0,15,7,33,48,13,101,28,20,48,149
03/04/2020,RST,MN,AGL,CE,Combined TRACON& Tower with Radar,7,37,34,0,78,0,0,49,0,49,7,37,83,0,127,100,0,100,227
03/05/2020,RST,MN,AGL,CE,Combined TRACON& Tower with Radar,7,39,20,0,66,0,0,3,0,3,7,39,23,0,69,0,0,0,69
03/06/2020,RST,MN,AGL,CE,Combined TRACON& Tower with Radar,9,39,21,0,69,0,0,61,0,61,9,39,82,0,130,134,0,134,264
03/07/2020,RST,MN,AGL,CE,Combined TRACON& Tower with Radar,5,27,16,0,48,0,0,14,0,14,5,27,30,0,62,0,0,0,62
03/08/2020,RST,MN,AGL,CE,Combined TRACON& Tower with Radar,5,21,15,0,41,0,0,20,0,20,5,21,35,0,61,6,0,6,67
03/09/2020,RST,MN,AGL,CE,Combined TRACON& Tower with Radar,7,29,13,0,49,0,0,0,0,0,7,29,13,0,49,0,0,0,49
03/10/2020,RST,MN,AGL,CE,Combined TRACON& Tower with Radar,5,39,36,0,80,0,2,21,0,23,5,41,57,0,103,72,0,72,175
03/11/2020,RST,MN,AGL,CE,Combined TRACON& Tower with Radar,5,39,25,0,69,0,0,20,0,20,5,39,45,0,89,110,0,110,199
03/12/2020,RST,MN,AGL,CE,Combined TRACON& Tower with Radar,6,31,35,0,72,0,0,4,0,4,6,31,39,0,76,26,0,26,102
03/13/2020,RST,MN,AGL,CE,Combined TRACON& Tower with Radar,6,37,25,3,71,0,0,24,2,26,6,37,49,5,97,2,28,30,127
03/14/2020,RST,MN,AGL,CE,Combined TRACON& Tower with Radar,5,26,24,0,55,0,0,33,0,33,5,26,57,0,88,48,0,48,136
03/15/2020,RST,MN,AGL,CE,Combined TRACON& Tower with Radar,4,31,22,0,57,0,0,55,0,55,4,31,77,0,112,78,0,78,190
03/16/2020,RST,MN,AGL,CE,Combined TRACON& Tower with Radar,4,26,16,1,47,0,0,0,0,0,4,26,16,1,47,0,0,0,47
03/17/2020,RST,MN,AGL,CE,Combined TRACON& Tower with Radar,6,38,27,0,71,0,5,39,0,44,6,43,66,0,115,76,0,76,191
03/18/2020,RST,MN,AGL,CE,Combined TRACON& Tower with Radar,6,38,22,0,66,0,0,2,0,2,6,38,24,0,68,0,0,0,68
03/19/2020,RST,MN,AGL,CE,Combined TRACON& Tower with Radar,6,31,14,0,51,0,0,0,0,0,6,31,14,0,51,0,0,0,51
03/20/2020,RST,MN,AGL,CE,Combined TRACON& Tower with Radar,6,35,16,0,57,0,0,6,0,6,6,35,22,0,63,19,0,19,82
03/21/2020,RST,MN,AGL,CE,Combined TRACON& Tower with Radar,4,18,17,0,39,0,0,25,0,25,4,18,42,0,64,70,0,70,134
03/22/2020,RST,MN,AGL,CE,Combined TRACON& Tower with Radar,6,24,11,13,54,0,0,10,0,10,6,24,21,13,64,0,54,54,118
03/23/2020,RST,MN,AGL,CE,Combined TRACON& Tower with Radar,7,15,9,0,31,0,0,0,0,0,7,15,9,0,31,0,0,0,31
03/24/2020,RST,MN,AGL,CE,Combined TRACON& Tower with Radar,4,17,25,6,52,0,0,1,0,1,4,17,26,6,53,0,30,30,83
03/25/2020,RST,MN,AGL,CE,Combined TRACON& Tower with Radar,5,18,12,0,35,0,0,0,0,0,5,18,12,0,35,0,0,0,35
03/26/2020,RST,MN,AGL,CE,Combined TRACON& Tower with Radar,3,13,41,0,57,0,0,9,0,9,3,13,50,0,66,46,0,46,112
03/27/2020,RST,MN,AGL,CE,Combined TRACON& Tower with Radar,4,16,9,0,29,0,0,35,0,35,4,16,44,0,64,42,0,42,106
03/28/2020,RST,MN,AGL,CE,Combined TRACON& Tower with Radar,5,15,0,0,20,0,0,0,0,0,5,15,0,0,20,0,0,0,20
03/29/2020,RST,MN,AGL,CE,Combined TRACON& Tower with Radar,3,16,0,0,19,0,0,0,0,0,3,16,0,0,19,0,0,0,19
03/30/2020,RST,MN,AGL,CE,Combined TRACON& Tower with Radar,5,13,12,1,31,0,1,21,1,23,5,14,33,2,54,48,0,48,102
03/31/2020,RST,MN,AGL,CE,Combined TRACON& Tower with Radar,6,19,4,5,34,0,0,32,1,33,6,19,36,6,67,38,20,58,125
04/01/2020,RST,MN,AGL,CE,Combined TRACON& Tower with Radar,5,18,9,19,51,0,1,6,0,7,5,19,15,19,58,2,20,22,80
04/02/2020,RST,MN,AGL,CE,Combined TRACON& Tower with Radar,2,17,5,0,24,0,0,5,0,5,2,17,10,0,29,0,0,0,29
04/03/2020,RST,MN,AGL,CE,Combined TRACON& Tower with Radar,2,20,6,0,28,0,0,0,0,0,2,20,6,0,28,14,0,14,42
04/04/2020,RST,MN,AGL,CE,Combined TRACON& Tower with Radar,1,4,14,0,19,0,0,22,0,22,1,4,36,0,41,14,0,14,55
04/05/2020,RST,MN,AGL,CE,Combined TRACON& Tower with Radar,0,17,7,2,26,0,0,30,0,30,0,17,37,2,56,42,0,42,98
04/06/2020,RST,MN,AGL,CE,Combined TRACON& Tower with Radar,1,13,7,0,21,0,0,2,0,2,1,13,9,0,23,0,0,0,23
04/07/2020,RST,MN,AGL,CE,Combined TRACON& Tower with Radar,2,14,13,0,29,0,0,6,0,6,2,14,19,0,35,4,0,4,39
04/08/2020,RST,MN,AGL,CE,Combined TRACON& Tower with Radar,2,19,12,0,33,0,0,18,0,18,2,19,30,0,51,12,0,12,63
04/09/2020,RST,MN,AGL,CE,Combined TRACON& Tower with Radar,2,19,10,0,31,0,4,0,0,4,2,23,10,0,35,0,0,0,35
04/10/2020,RST,MN,AGL,CE,Combined TRACON& Tower with Radar,2,17,10,0,29,0,5,30,0,35,2,22,40,0,64,26,0,26,90
04/11/2020,RST,MN,AGL,CE,Combined TRACON& Tower with Radar,1,15,13,0,29,0,4,21,0,25,1,19,34,0,54,28,0,28,82
04/12/2020,RST,MN,AGL,CE,Combined TRACON& Tower with Radar,0,3,0,0,3,0,0,0,0,0,0,3,0,0,3,0,0,0,3
04/13/2020,RST,MN,AGL,CE,Combined TRACON& Tower with Radar,1,12,9,0,22,0,8,5,0,13,1,20,14,0,35,0,0,0,35
04/14/2020,RST,MN,AGL,CE,Combined TRACON& Tower with Radar,2,16,13,0,31,0,0,6,0,6,2,16,19,0,37,0,0,0,37
04/15/2020,RST,MN,AGL,CE,Combined TRACON& Tower with Radar,2,11,29,2,44,0,4,17,0,21,2,15,46,2,65,44,0,44,109
04/16/2020,RST,MN,AGL,CE,Combined TRACON& Tower with Radar,2,10,10,0,22,0,7,14,0,21,2,17,24,0,43,14,0,14,57
04/17/2020,RST,MN,AGL,CE,Combined TRACON& Tower with Radar,2,9,16,0,27,0,10,25,0,35,2,19,41,0,62,32,0,32,94
04/18/2020,RST,MN,AGL,CE,Combined TRACON& Tower with Radar,1,4,3,0,8,0,10,6,0,16,1,14,9,0,24,16,0,16,40
04/19/2020,RST,MN,AGL,CE,Combined TRACON& Tower with Radar,0,9,7,0,16,0,1,27,0,28,0,10,34,0,44,44,0,44,88
04/20/2020,RST,MN,AGL,CE,Combined TRACON& Tower with Radar,1,11,8,0,20,0,3,5,0,8,1,14,13,0,28,0,0,0,28
04/21/2020,RST,MN,AGL,CE,Combined TRACON& Tower with Radar,2,11,9,10,32,0,5,12,0,17,2,16,21,10,49,36,42,78,127
04/22/2020,RST,MN,AGL,CE,Combined TRACON& Tower with Radar,4,17,10,3,34,0,1,11,0,12,4,18,21,3,46,46,18,64,110
04/23/2020,RST,MN,AGL,CE,Combined TRACON& Tower with Radar,3,14,6,2,25,0,4,23,0,27,3,18,29,2,52,44,0,44,96
04/24/2020,RST,MN,AGL,CE,Combined TRACON& Tower with Radar,3,10,6,0,19,0,4,17,0,21,3,14,23,0,40,6,0,6,46
04/25/2020,RST,MN,AGL,CE,Combined TRACON& Tower with Radar,1,5,22,0,28,0,4,42,0,46,1,9,64,0,74,44,0,44,118
04/26/2020,RST,MN,AGL,CE,Combined TRACON& Tower with Radar,0,11,9,0,20,0,7,23,0,30,0,18,32,0,50,32,0,32,82
04/27/2020,RST,MN,AGL,CE,Combined TRACON& Tower with Radar,1,18,10,1,30,0,10,24,0,34,1,28,34,1,64,28,0,28,92
04/28/2020,RST,MN,AGL,CE,Combined TRACON& Tower with Radar,2,17,7,4,30,0,2,2,0,4,2,19,9,4,34,0,0,0,34
04/29/2020,RST,MN,AGL,CE,Combined TRACON& Tower with Radar,2,22,14,1,39,0,2,8,0,10,2,24,22,1,49,34,0,34,83
04/30/2020,RST,MN,AGL,CE,Combined TRACON& Tower with Radar,2,13,13,0,28,0,6,51,0,57,2,19,64,0,85,24,0,24,109
05/01/2020,RST,MN,AGL,CE,Combined TRACON& Tower with Radar,2,12,6,0,20,0,2,4,0,6,2,14,10,0,26,12,0,12,38
05/02/2020,RST,MN,AGL,CE,Combined TRACON& Tower with Radar,3,9,4,0,16,0,7,10,0,17,3,16,14,0,33,48,0,48,81
05/03/2020,RST,MN,AGL,CE,Combined TRACON& Tower with Radar,2,11,17,0,30,0,5,33,0,38,2,16,50,0,68,30,0,30,98
05/04/2020,RST,MN,AGL,CE,Combined TRACON& Tower with Radar,3,15,24,8,50,0,5,16,0,21,3,20,40,8,71,0,18,18,89
05/05/2020,RST,MN,AGL,CE,Combined TRACON& Tower with Radar,5,7,32,0,44,0,8,6,0,14,5,15,38,0,58,49,0,49,107
05/06/2020,RST,MN,AGL,CE,Combined TRACON& Tower with Radar,5,10,23,0,38,0,6,21,0,27,5,16,44,0,65,88,2,90,155
05/07/2020,RST,MN,AGL,CE,Combined TRACON& Tower with Radar,4,7,35,8,54,0,5,19,0,24,4,12,54,8,78,38,16,54,132
05/08/2020,RST,MN,AGL,CE,Combined TRACON& Tower with Radar,4,8,22,0,34,0,2,18,0,20,4,10,40,0,54,20,0,20,74
05/09/2020,RST,MN,AGL,CE,Combined TRACON& Tower with Radar,3,5,8,0,16,0,5,37,0,42,3,10,45,0,58,46,0,46,104
05/10/2020,RST,MN,AGL,CE,Combined TRACON& Tower with Radar,2,9,14,0,25,0,0,4,0,4,2,9,18,0,29,0,0,0,29
05/11/2020,RST,MN,AGL,CE,Combined TRACON& Tower with Radar,5,9,24,4,42,0,1,14,0,15,5,10,38,4,57,50,8,58,115
05/12/2020,RST,MN,AGL,CE,Combined TRACON& Tower with Radar,6,9,31,0,46,0,0,35,0,35,6,9,66,0,81,36,0,36,117
05/13/2020,RST,MN,AGL,CE,Combined TRACON& Tower with Radar,2,16,22,0,40,0,0,5,2,7,2,16,27,2,47,4,2,6,53
05/14/2020,RST,MN,AGL,CE,Combined TRACON& Tower with Radar,4,17,42,0,63,0,3,9,0,12,4,20,51,0,75,14,0,14,89
05/15/2020,RST,MN,AGL,CE,Combined TRACON& Tower with Radar,2,12,31,0,45,0,5,36,0,41,2,17,67,0,86,50,0,50,136
05/16/2020,RST,MN,AGL,CE,Combined TRACON& Tower with Radar,3,6,10,15,34,0,0,35,6,41,3,6,45,21,75,46,30,76,151
05/17/2020,RST,MN,AGL,CE,Combined TRACON& Tower with Radar,2,9,21,0,32,0,0,0,0,0,2,9,21,0,32,0,0,0,32
05/18/2020,RST,MN,AGL,CE,Combined TRACON& Tower with Radar,3,14,26,0,43,0,1,0,0,1,3,15,26,0,44,0,0,0,44
05/19/2020,RST,MN,AGL,CE,Combined TRACON& Tower with Radar,2,13,49,0,64,0,5,0,0,5,2,18,49,0,69,24,0,24,93
05/20/2020,RST,MN,AGL,CE,Combined TRACON& Tower with Radar,4,22,30,0,56,0,8,15,0,23,4,30,45,0,79,44,0,44,123
05/21/2020,RST,MN,AGL,CE,Combined TRACON& Tower with Radar,4,13,49,0,66,0,5,9,0,14,4,18,58,0,80,0,0,0,80
05/22/2020,RST,MN,AGL,CE,Combined TRACON& Tower with Radar,2,14,38,0,54,0,0,9,0,9,2,14,47,0,63,24,0,24,87
05/23/2020,RST,MN,AGL,CE,Combined TRACON& Tower with Radar,3,8,18,0,29,0,1,4,0,5,3,9,22,0,34,24,0,24,58
05/24/2020,RST,MN,AGL,CE,Combined TRACON& Tower with Radar,2,5,8,0,15,0,0,10,0,10,2,5,18,0,25,12,0,12,37
05/25/2020,RST,MN,AGL,CE,Combined TRACON& Tower with Radar,0,6,20,0,26,0,0,21,0,21,0,6,41,0,47,38,0,38,85
05/26/2020,RST,MN,AGL,CE,Combined TRACON& Tower with Radar,3,3,32,0,38,0,2,11,0,13,3,5,43,0,51,12,0,12,63
05/27/2020,RST,MN,AGL,CE,Combined TRACON& Tower with Radar,2,16,62,0,80,0,1,4,0,5,2,17,66,0,85,24,0,24,109
05/28/2020,RST,MN,AGL,CE,Combined TRACON& Tower with Radar,4,13,43,0,60,0,6,44,0,50,4,19,87,0,110,62,0,62,172
05/29/2020,RST,MN,AGL,CE,Combined TRACON& Tower with Radar,4,19,36,12,71,0,0,35,3,38,4,19,71,15,109,26,0,26,135
05/30/2020,RST,MN,AGL,CE,Combined TRACON& Tower with Radar,3,7,20,0,30,0,0,33,0,33,3,7,53,0,63,10,0,10,73
05/31/2020,RST,MN,AGL,CE,Combined TRACON& Tower with Radar,2,15,23,0,40,0,0,37,0,37,2,15,60,0,77,92,0,92,169
06/01/2020,RST,MN,AGL,CE,Combined TRACON& Tower with Radar,1,12,40,2,55,0,2,24,0,26,1,14,64,2,81,56,0,56,137
06/02/2020,RST,MN,AGL,CE,Combined TRACON& Tower with Radar,4,16,47,0,67,0,0,35,0,35,4,16,82,0,102,22,0,22,124
06/03/2020,RST,MN,AGL,CE,Combined TRACON& Tower with Radar,2,19,29,0,50,0,3,42,0,45,2,22,71,0,95,76,0,76,171
06/04/2020,RST,MN,AGL,CE,Combined TRACON& Tower with Radar,4,12,25,1,42,0,0,32,0,32,4,12,57,1,74,32,0,32,106
06/05/2020,RST,MN,AGL,CE,Combined TRACON& Tower with Radar,4,17,51,0,72,0,0,31,0,31,4,17,82,0,103,34,0,34,137
06/06/2020,RST,MN,AGL,CE,Combined TRACON& Tower with Radar,3,10,17,3,33,0,0,29,1,30,3,10,46,4,63,46,0,46,109
06/07/2020,RST,MN,AGL,CE,Combined TRACON& Tower with Radar,2,7,27,0,36,0,0,26,0,26,2,7,53,0,62,14,0,14,76
06/08/2020,RST,MN,AGL,CE,Combined TRACON& Tower with Radar,3,19,32,1,55,0,1,22,0,23,3,20,54,1,78,36,0,36,114
06/09/2020,RST,MN,AGL,CE,Combined TRACON& Tower with Radar,8,11,23,0,42,0,0,10,0,10,8,11,33,0,52,22,0,22,74
06/10/2020,RST,MN,AGL,CE,Combined TRACON& Tower with Radar,4,7,31,24,66,0,0,14,0,14,4,7,45,24,80,61,16,77,157
06/11/2020,RST,MN,AGL,CE,Combined TRACON& Tower with Radar,4,20,39,8,71,0,0,37,4,41,4,20,76,12,112,61,8,69,181
06/12/2020,RST,MN,AGL,CE,Combined TRACON& Tower with Radar,4,19,58,0,81,0,5,65,0,70,4,24,123,0,151,159,0,159,310
06/13/2020,RST,MN,AGL,CE,Combined TRACON& Tower with Radar,3,7,41,0,51,0,0,45,0,45,3,7,86,0,96,66,0,66,162
06/14/2020,RST,MN,AGL,CE,Combined TRACON& Tower with Radar,2,14,24,2,42,0,0,17,0,17,2,14,41,2,59,12,0,12,71
06/15/2020,RST,MN,AGL,CE,Combined TRACON& Tower with Radar,3,16,37,1,57,0,0,21,0,21,3,16,58,1,78,18,0,18,96
06/16/2020,RST,MN,AGL,CE,Combined TRACON& Tower with Radar,2,16,47,6,71,0,0,44,0,44,2,16,91,6,115,22,0,22,137
06/17/2020,RST,MN,AGL,CE,Combined TRACON& Tower with Radar,4,27,47,0,78,0,0,44,0,44,4,27,91,0,122,30,0,30,152
06/18/2020,RST,MN,AGL,CE,Combined TRACON& Tower with Radar,4,17,31,12,64,0,0,27,0,27,4,17,58,12,91,60,40,100,191
06/19/2020,RST,MN,AGL,CE,Combined TRACON& Tower with Radar,6,17,28,0,51,0,2,14,0,16,6,19,42,0,67,64,0,64,131
06/20/2020,RST,MN,AGL,CE,Combined TRACON& Tower with Radar,3,4,28,0,35,0,0,17,0,17,3,4,45,0,52,48,0,48,100
06/21/2020,RST,MN,AGL,CE,Combined TRACON& Tower with Radar,2,17,37,0,56,0,0,21,0,21,2,17,58,0,77,22,0,22,99
06/22/2020,RST,MN,AGL,CE,Combined TRACON& Tower with Radar,3,18,33,0,54,0,0,25,0,25,3,18,58,0,79,40,0,40,119
06/23/2020,RST,MN,AGL,CE,Combined TRACON& Tower with Radar,4,24,47,9,84,0,2,31,0,33,4,26,78,9,117,36,38,74,191
06/24/2020,RST,MN,AGL,CE,Combined TRACON& Tower with Radar,4,13,31,9,57,0,2,43,0,45,4,15,74,9,102,62,36,98,200
06/25/2020,RST,MN,AGL,CE,Combined TRACON& Tower with Radar,4,12,50,5,71,0,1,55,6,62,4,13,105,11,133,64,20,84,217
06/26/2020,RST,MN,AGL,CE,Combined TRACON& Tower with Radar,4,18,19,11,52,0,0,12,1,13,4,18,31,12,65,40,32,72,137
06/27/2020,RST,MN,AGL,CE,Combined TRACON& Tower with Radar,3,8,21,2,34,0,0,50,0,50,3,8,71,2,84,42,0,42,126
06/28/2020,RST,MN,AGL,CE,Combined TRACON& Tower with Radar,2,11,25,0,38,0,0,38,0,38,2,11,63,0,76,40,0,40,116
06/29/2020,RST,MN,AGL,CE,Combined TRACON& Tower with Radar,3,9,25,16,53,0,0,8,0,8,3,9,33,16,61,56,69,125,186
06/30/2020,RST,MN,AGL,CE,Combined TRACON& Tower with Radar,4,14,38,0,56,0,0,16,0,16,4,14,54,0,72,50,0,50,122
07/01/2020,RST,MN,AGL,CE,Combined TRACON& Tower with Radar,4,13,26,20,63,0,0,21,2,23,4,13,47,22,86,46,34,80,166
07/02/2020,RST,MN,AGL,CE,Combined TRACON& Tower with Radar,2,18,32,0,52,0,0,49,0,49,2,18,81,0,101,90,0,90,191
07/03/2020,RST,MN,AGL,CE,Combined TRACON& Tower with Radar,1,7,25,0,33,0,4,44,0,48,1,11,69,0,81,70,0,70,151
07/04/2020,RST,MN,AGL,CE,Combined TRACON& Tower with Radar,0,17,6,0,23,0,1,28,0,29,0,18,34,0,52,44,0,44,96
07/05/2020,RST,MN,AGL,CE,Combined TRACON& Tower with Radar,0,13,29,0,42,0,0,11,0,11,0,13,40,0,53,0,0,0,53
07/06/2020,RST,MN,AGL,CE,Combined TRACON& Tower with Radar,1,14,33,0,48,0,1,30,0,31,1,15,63,0,79,80,0,80,159
07/07/2020,RST,MN,AGL,CE,Combined TRACON& Tower with Radar,2,18,41,20,81,0,4,26,0,30,2,22,67,20,111,44,36,80,191
07/08/2020,RST,MN,AGL,CE,Combined TRACON& Tower with Radar,4,26,43,14,87,0,0,33,4,37,4,26,76,18,124,64,48,112,236
07/09/2020,RST,MN,AGL,CE,Combined TRACON& Tower with Radar,4,16,33,2,55,0,4,4,0,8,4,20,37,2,63,60,0,60,123
07/10/2020,RST,MN,AGL,CE,Combined TRACON& Tower with Radar,2,24,42,0,68,0,1,53,0,54,2,25,95,0,122,32,0,32,154
07/11/2020,RST,MN,AGL,CE,Combined TRACON& Tower with Radar,1,11,17,5,34,0,0,23,1,24,1,11,40,6,58,36,12,48,106
07/12/2020,RST,MN,AGL,CE,Combined TRACON& Tower with Radar,0,15,25,0,40,0,0,56,0,56,0,15,81,0,96,70,0,70,166
07/13/2020,RST,MN,AGL,CE,Combined TRACON& Tower with Radar,1,29,45,15,90,0,1,39,1,41,1,30,84,16,131,52,50,102,233
07/14/2020,RST,MN,AGL,CE,Combined TRACON& Tower with Radar,2,24,28,0,54,0,0,5,0,5,2,24,33,0,59,0,0,0,59
07/15/2020,RST,MN,AGL,CE,Combined TRACON& Tower with Radar,3,28,46,9,86,0,0,48,2,50,3,28,94,11,136,69,40,109,245
07/16/2020,RST,MN,AGL,CE,Combined TRACON& Tower with Radar,3,29,62,1,95,0,1,67,3,71,3,30,129,4,166,70,16,86,252
07/17/2020,RST,MN,AGL,CE,Combined TRACON& Tower with Radar,4,17,36,8,65,0,0,34,0,34,4,17,70,8,99,74,20,94,193
07/18/2020,RST,MN,AGL,CE,Combined TRACON& Tower with Radar,3,15,15,0,33,0,0,20,0,20,3,15,35,0,53,12,0,12,65
07/19/2020,RST,MN,AGL,CE,Combined TRACON& Tower with Radar,0,12,36,0,48,0,0,50,0,50,0,12,86,0,98,24,0,24,122
07/20/2020,RST,MN,AGL,CE,Combined TRACON& Tower with Radar,3,18,46,15,82,0,3,53,5,61,3,21,99,20,143,84,14,98,241
07/21/2020,RST,MN,AGL,CE,Combined TRACON& Tower with Radar,2,28,30,29,89,0,0,15,1,16,2,28,45,30,105,0,0,0,105
07/22/2020,RST,MN,AGL,CE,Combined TRACON& Tower with Radar,2,19,41,21,83,0,1,37,3,41,2,20,78,24,124,42,86,128,252
07/23/2020,RST,MN,AGL,CE,Combined TRACON& Tower with Radar,3,19,50,22,94,0,2,39,0,41,3,21,89,22,135,40,48,88,223
07/24/2020,RST,MN,AGL,CE,Combined TRACON& Tower with Radar,2,23,24,0,49,0,0,63,0,63,2,23,87,0,112,64,0,64,176
07/25/2020,RST,MN,AGL,CE,Combined TRACON& Tower with Radar,1,15,23,0,39,0,0,28,0,28,1,15,51,0,67,26,0,26,93
07/26/2020,RST,MN,AGL,CE,Combined TRACON& Tower with Radar,0,24,25,0,49,0,1,18,0,19,0,25,43,0,68,18,0,18,86
07/27/2020,RST,MN,AGL,CE,Combined TRACON& Tower with Radar,1,22,34,0,57,0,0,47,0,47,1,22,81,0,104,36,0,36,140
07/28/2020,RST,MN,AGL,CE,Combined TRACON& Tower with Radar,4,17,39,7,67,0,0,49,0,49,4,17,88,7,116,88,6,94,210
07/29/2020,RST,MN,AGL,CE,Combined TRACON& Tower with Radar,2,20,46,14,82,0,0,61,0,61,2,20,107,14,143,94,24,118,261
07/30/2020,RST,MN,AGL,CE,Combined TRACON& Tower with Radar,4,15,39,13,71,0,7,43,0,50,4,22,82,13,121,56,56,112,233
07/31/2020,RST,MN,AGL,CE,Combined TRACON& Tower with Radar,5,22,45,2,74,0,8,58,0,66,5,30,103,2,140,46,4,50,190
08/01/2020,RST,MN,AGL,CE,Combined TRACON& Tower with Radar,5,10,22,0,37,0,4,42,0,46,5,14,64,0,83,72,0,72,155
08/02/2020,RST,MN,AGL,CE,Combined TRACON& Tower with Radar,4,16,42,0,62,0,2,18,0,20,4,18,60,0,82,38,0,38,120
08/03/2020,RST,MN,AGL,CE,Combined TRACON& Tower with Radar,5,16,40,0,61,0,2,43,0,45,5,18,83,0,106,50,0,50,156
08/04/2020,RST,MN,AGL,CE,Combined TRACON& Tower with Radar,8,15,36,6,65,0,0,52,2,54,8,15,88,8,119,146,6,152,271
08/05/2020,RST,MN,AGL,CE,Combined TRACON& Tower with Radar,8,15,40,5,68,0,1,35,3,39,8,16,75,8,107,130,10,140,247
08/06/2020,RST,MN,AGL,CE,Combined TRACON& Tower with Radar,6,21,30,0,57,0,3,33,0,36,6,24,63,0,93,28,0,28,121
08/07/2020,RST,MN,AGL,CE,Combined TRACON& Tower with Radar,6,19,31,0,56,0,3,23,0,26,6,22,54,0,82,10,0,10,92
08/08/2020,RST,MN,AGL,CE,Combined TRACON& Tower with Radar,7,8,22,0,37,0,1,29,0,30,7,9,51,0,67,46,0,46,113
08/09/2020,RST,MN,AGL,CE,Combined TRACON& Tower with Radar,4,11,15,0,30,0,1,16,0,17,4,12,31,0,47,10,0,10,57
08/10/2020,RST,MN,AGL,CE,Combined TRACON& Tower with Radar,5,13,32,9,59,0,0,23,0,23,5,13,55,9,82,84,38,122,204
08/11/2020,RST,MN,AGL,CE,Combined TRACON& Tower with Radar,6,19,39,4,68,0,0,64,4,68,6,19,103,8,136,16,24,40,176
08/12/2020,RST,MN,AGL,CE,Combined TRACON& Tower with Radar,6,18,38,1,63,0,2,24,0,26,6,20,62,1,89,54,10,64,153
08/13/2020,RST,MN,AGL,CE,Combined TRACON& Tower with Radar,8,17,31,0,56,0,1,29,0,30,8,18,60,0,86,108,0,108,194
08/14/2020,RST,MN,AGL,CE,Combined TRACON& Tower with Radar,5,27,21,0,53,0,0,25,0,25,5,27,46,0,78,22,0,22,100
08/15/2020,RST,MN,AGL,CE,Combined TRACON& Tower with Radar,5,5,13,0,23,0,0,51,0,51,5,5,64,0,74,48,0,48,122
08/16/2020,RST,MN,AGL,CE,Combined TRACON& Tower with Radar,4,26,33,1,64,0,2,77,6,85,4,28,110,7,149,94,28,122,271
08/17/2020,RST,MN,AGL,CE,Combined TRACON& Tower with Radar,5,19,37,0,61,0,0,36,0,36,5,19,73,0,97,36,0,36,133
08/18/2020,RST,MN,AGL,CE,Combined TRACON& Tower with Radar,8,22,60,4,94,0,0,53,3,56,8,22,113,7,150,54,28,82,232
08/19/2020,RST,MN,AGL,CE,Combined TRACON& Tower with Radar,7,21,41,3,72,0,0,46,0,46,7,21,87,3,118,140,8,148,266
08/20/2020,RST,MN,AGL,CE,Combined TRACON& Tower with Radar,6,19,24,4,53,0,0,46,0,46,6,19,70,4,99,76,30,106,205
08/21/2020,RST,MN,AGL,CE,Combined TRACON& Tower with Radar,6,16,31,0,53,0,1,30,0,31,6,17,61,0,84,72,0,72,156
08/22/2020,RST,MN,AGL,CE,Combined TRACON& Tower with Radar,5,16,23,0,44,0,1,46,0,47,5,17,69,0,91,70,0,70,161
08/23/2020,RST,MN,AGL,CE,Combined TRACON& Tower with Radar,4,28,16,0,48,0,4,59,0,63,4,32,75,0,111,86,0,86,197
08/24/2020,RST,MN,AGL,CE,Combined TRACON& Tower with Radar,5,19,32,0,56,0,0,26,0,26,5,19,58,0,82,64,0,64,146
08/25/2020,RST,MN,AGL,CE,Combined TRACON& Tower with Radar,6,19,54,8,87,0,0,40,0,40,6,19,94,8,127,78,18,96,223
08/26/2020,RST,MN,AGL,CE,Combined TRACON& Tower with Radar,6,21,18,0,45,0,0,15,0,15,6,21,33,0,60,20,0,20,80
08/27/2020,RST,MN,AGL,CE,Combined TRACON& Tower with Radar,7,27,50,0,84,0,1,44,0,45,7,28,94,0,129,82,0,82,211
08/28/2020,RST,MN,AGL,CE,Combined TRACON& Tower with Radar,6,17,17,0,40,0,2,19,0,21,6,19,36,0,61,14,0,14,75
08/29/2020,RST,MN,AGL,CE,Combined TRACON& Tower with Radar,6,14,30,0,50,0,0,42,0,42,6,14,72,0,92,0,0,0,92
08/30/2020,RST,MN,AGL,CE,Combined TRACON& Tower with Radar,4,21,17,0,42,0,2,39,0,41,4,23,56,0,83,18,0,18,101
08/31/2020,RST,MN,AGL,CE,Combined TRACON& Tower with Radar,5,27,28,0,60,0,2,32,2,36,5,29,60,2,96,28,0,28,124
09/01/2020,RST,MN,AGL,CE,Combined TRACON& Tower with Radar,6,19,33,2,60,0,0,44,0,44,6,19,77,2,104,22,38,60,164
09/02/2020,RST,MN,AGL,CE,Combined TRACON& Tower with Radar,6,21,22,8,57,0,0,57,5,62,6,21,79,13,119,40,38,78,197
09/03/2020,RST,MN,AGL,CE,Combined TRACON& Tower with Radar,6,19,13,10,48,0,2,7,0,9,6,21,20,10,57,6,36,42,99
09/04/2020,RST,MN,AGL,CE,Combined TRACON& Tower with Radar,6,17,29,0,52,0,0,52,0,52,6,17,81,0,104,68,0,68,172
09/05/2020,RST,MN,AGL,CE,Combined TRACON& Tower with Radar,5,18,31,0,54,0,1,69,0,70,5,19,100,0,124,90,0,90,214
09/06/2020,RST,MN,AGL,CE,Combined TRACON& Tower with Radar,4,11,8,0,23,0,2,10,0,12,4,13,18,0,35,34,0,34,69
09/07/2020,RST,MN,AGL,CE,Combined TRACON& Tower with Radar,4,16,30,0,50,0,0,25,0,25,4,16,55,0,75,34,0,34,109
09/08/2020,RST,MN,AGL,CE,Combined TRACON& Tower with Radar,7,17,25,0,49,0,0,6,0,6,7,17,31,0,55,6,0,6,61
09/09/2020,RST,MN,AGL,CE,Combined TRACON& Tower with Radar,8,10,42,0,60,0,0,4,0,4,8,10,46,0,64,0,0,0,64
09/10/2020,RST,MN,AGL,CE,Combined TRACON& Tower with Radar,10,16,36,2,64,0,0,34,0,34,10,16,70,2,98,40,32,72,170
09/11/2020,RST,MN,AGL,CE,Combined TRACON& Tower with Radar,8,12,35,0,55,0,0,10,0,10,8,12,45,0,65,4,0,4,69
09/12/2020,RST,MN,AGL,CE,Combined TRACON& Tower with Radar,7,15,21,0,43,0,1,3,0,4,7,16,24,0,47,6,0,6,53
09/13/2020,RST,MN,AGL,CE,Combined TRACON& Tower with Radar,6,18,28,8,60,0,2,50,0,52,6,20,78,8,112,70,4,74,186
09/14/2020,RST,MN,AGL,CE,Combined TRACON& Tower with Radar,8,22,44,0,74,0,3,44,0,47,8,25,88,0,121,100,0,100,221
09/15/2020,RST,MN,AGL,CE,Combined TRACON& Tower with Radar,10,23,36,6,75,0,0,27,2,29,10,23,63,8,104,32,24,56,160
09/16/2020,RST,MN,AGL,CE,Combined TRACON& Tower with Radar,8,23,55,0,86,0,0,51,0,51,8,23,106,0,137,80,0,80,217
09/17/2020,RST,MN,AGL,CE,Combined TRACON& Tower with Radar,8,19,32,0,59,0,7,69,0,76,8,26,101,0,135,134,0,134,269
09/18/2020,RST,MN,AGL,CE,Combined TRACON& Tower with Radar,9,19,45,4,77,0,0,63,2,65,9,19,108,6,142,106,30,136,278
09/19/2020,RST,MN,AGL,CE,Combined TRACON& Tower with Radar,7,15,16,0,38,0,0,49,0,49,7,15,65,0,87,32,0,32,119
09/20/2020,RST,MN,AGL,CE,Combined TRACON& Tower with Radar,6,15,23,0,44,0,7,16,0,23,6,22,39,0,67,0,0,0,67
09/21/2020,RST,MN,AGL,CE,Combined TRACON& Tower with Radar,7,13,39,0,59,0,1,40,0,41,7,14,79,0,100,40,0,40,140
09/22/2020,RST,MN,AGL,CE,Combined TRACON& Tower with Radar,8,16,39,0,63,0,2,64,0,66,8,18,103,0,129,52,0,52,181
09/23/2020,RST,MN,AGL,CE,Combined TRACON& Tower with Radar,8,16,31,0,55,0,0,68,0,68,8,16,99,0,123,74,0,74,197
09/24/2020,RST,MN,AGL,CE,Combined TRACON& Tower with Radar,8,18,34,0,60,0,0,40,0,40,8,18,74,0,100,64,0,64,164
09/25/2020,RST,MN,AGL,CE,Combined TRACON& Tower with Radar,8,25,38,0,71,0,0,33,0,33,8,25,71,0,104,14,0,14,118
09/26/2020,RST,MN,AGL,CE,Combined TRACON& Tower with Radar,7,10,27,0,44,0,2,24,0,26,7,12,51,0,70,22,0,22,92
09/27/2020,RST,MN,AGL,CE,Combined TRACON& Tower with Radar,6,16,23,0,45,0,0,33,0,33,6,16,56,0,78,56,0,56,134
09/28/2020,RST,MN,AGL,CE,Combined TRACON& Tower with Radar,7,19,33,0,59,0,0,6,0,6,7,19,39,0,65,44,0,44,109
09/29/2020,RST,MN,AGL,CE,Combined TRACON& Tower with Radar,9,15,51,6,81,0,0,43,0,43,9,15,94,6,124,86,22,108,232
09/30/2020,RST,MN,AGL,CE,Combined TRACON& Tower with Radar,8,16,33,0,57,0,0,8,0,8,8,16,41,0,65,0,0,0,65
10/01/2020,RST,MN,AGL,CE,Combined TRACON& Tower with Radar,8,18,32,0,58,0,0,11,0,11,8,18,43,0,69,62,0,62,131
10/02/2020,RST,MN,AGL,CE,Combined TRACON& Tower with Radar,8,19,28,3,58,0,1,61,0,62,8,20,89,3,120,52,6,58,178
10/03/2020,RST,MN,AGL,CE,Combined TRACON& Tower with Radar,7,20,20,1,48,0,2,52,0,54,7,22,72,1,102,98,0,98,200
10/04/2020,RST,MN,AGL,CE,Combined TRACON& Tower with Radar,6,34,29,0,69,0,0,71,0,71,6,34,100,0,140,80,0,80,220
10/05/2020,RST,MN,AGL,CE,Combined TRACON& Tower with Radar,9,16,33,0,58,0,0,19,0,19,9,16,52,0,77,0,0,0,77
10/06/2020,RST,MN,AGL,CE,Combined TRACON& Tower with Radar,8,19,42,0,69,0,0,45,0,45,8,19,87,0,114,54,0,54,168
10/07/2020,RST,MN,AGL,CE,Combined TRACON& Tower with Radar,10,16,40,0,66,0,0,57,0,57,10,16,97,0,123,86,2,88,211
10/08/2020,RST,MN,AGL,CE,Combined TRACON& Tower with Radar,8,31,29,0,68,0,0,66,0,66,8,31,95,0,134,62,0,62,196
10/09/2020,RST,MN,AGL,CE,Combined TRACON& Tower with Radar,12,20,48,0,80,0,0,30,0,30,12,20,78,0,110,44,0,44,154
10/10/2020,RST,MN,AGL,CE,Combined TRACON& Tower with Radar,7,14,27,0,48,0,2,61,0,63,7,16,88,0,111,66,0,66,177
10/11/2020,RST,MN,AGL,CE,Combined TRACON& Tower with Radar,6,18,23,0,47,0,2,22,0,24,6,20,45,0,71,140,0,140,211
10/12/2020,RST,MN,AGL,CE,Combined TRACON& Tower with Radar,7,22,26,0,55,0,4,16,0,20,7,26,42,0,75,26,0,26,101
10/13/2020,RST,MN,AGL,CE,Combined TRACON& Tower with Radar,9,23,33,0,65,0,0,19,0,19,9,23,52,0,84,64,0,64,148
10/14/2020,RST,MN,AGL,CE,Combined TRACON& Tower with Radar,8,19,44,12,83,0,4,6,0,10,8,23,50,12,93,16,40,56,149
10/15/2020,RST,MN,AGL,CE,Combined TRACON& Tower with Radar,10,24,33,16,83,0,0,28,0,28,10,24,61,16,111,70,20,90,201
10/16/2020,RST,MN,AGL,CE,Combined TRACON& Tower with Radar,8,27,39,0,74,0,0,23,0,23,8,27,62,0,97,6,0,6,103
10/17/2020,RST,MN,AGL,CE,Combined TRACON& Tower with Radar,7,13,16,0,36,0,0,14,0,14,7,13,30,0,50,18,0,18,68
10/18/2020,RST,MN,AGL,CE,Combined TRACON& Tower with Radar,7,17,28,0,52,0,2,41,0,43,7,19,69,0,95,56,0,56,151
10/19/2020,RST,MN,AGL,CE,Combined TRACON& Tower with Radar,8,16,29,0,53,0,0,29,0,29,8,16,58,0,82,92,0,92,174
10/20/2020,RST,MN,AGL,CE,Combined TRACON& Tower with Radar,6,36,21,0,63,0,0,4,0,4,6,36,25,0,67,0,0,0,67
10/21/2020,RST,MN,AGL,CE,Combined TRACON& Tower with Radar,9,24,39,0,72,0,0,28,0,28,9,24,67,0,100,148,0,148,248
10/22/2020,RST,MN,AGL,CE,Combined TRACON& Tower with Radar,10,23,17,0,50,0,0,2,0,2,10,23,19,0,52,0,0,0,52
10/23/2020,RST,MN,AGL,CE,Combined TRACON& Tower with Radar,8,30,14,0,52,0,0,1,0,1,8,30,15,0,53,0,0,0,53
10/24/2020,RST,MN,AGL,CE,Combined TRACON& Tower with Radar,7,25,40,8,80,0,0,57,0,57,7,25,97,8,137,86,6,92,229
10/25/2020,RST,MN,AGL,CE,Combined TRACON& Tower with Radar,6,18,24,0,48,0,0,0,0,0,6,18,24,0,48,34,0,34,82
10/26/2020,RST,MN,AGL,CE,Combined TRACON& Tower with Radar,7,19,37,0,63,0,0,37,0,37,7,19,74,0,100,78,0,78,178
10/27/2020,RST,MN,AGL,CE,Combined TRACON& Tower with Radar,8,24,42,0,74,0,3,42,1,46,8,27,84,1,120,56,0,56,176
10/28/2020,RST,MN,AGL,CE,Combined TRACON& Tower with Radar,8,24,31,10,73,0,0,30,0,30,8,24,61,10,103,70,28,98,201
10/29/2020,RST,MN,AGL,CE,Combined TRACON& Tower with Radar,8,23,30,1,62,0,0,19,0,19,8,23,49,1,81,50,0,50,131
10/30/2020,RST,MN,AGL,CE,Combined TRACON& Tower with Radar,8,27,24,5,64,0,0,56,4,60,8,27,80,9,124,64,0,64,188
10/31/2020,RST,MN,AGL,CE,Combined TRACON& Tower with Radar,7,12,15,2,36,0,2,2,0,4,7,14,17,2,40,24,0,24,64
11/01/2020,RST,MN,AGL,CE,Combined TRACON& Tower with Radar,6,25,35,0,66,0,2,22,0,24,6,27,57,0,90,0,0,0,90
11/02/2020,RST,MN,AGL,CE,Combined TRACON& Tower with Radar,9,21,43,0,73,0,1,50,0,51,9,22,93,0,124,110,0,110,234
11/03/2020,RST,MN,AGL,CE,Combined TRACON& Tower with Radar,10,18,30,0,58,0,0,49,0,49,10,18,79,0,107,128,0,128,235
11/04/2020,RST,MN,AGL,CE,Combined TRACON& Tower with Radar,8,24,20,0,52,0,0,75,0,75,8,24,95,0,127,88,0,88,215
11/05/2020,RST,MN,AGL,CE,Combined TRACON& Tower with Radar,8,26,35,13,82,0,2,58,7,67,8,28,93,20,149,156,40,196,345
11/06/2020,RST,MN,AGL,CE,Combined TRACON& Tower with Radar,8,27,29,0,64,0,3,43,0,46,8,30,72,0,110,96,0,96,206
11/07/2020,RST,MN,AGL,CE,Combined TRACON& Tower with Radar,9,15,13,3,40,0,2,14,1,17,9,17,27,4,57,16,16,32,89
11/08/2020,RST,MN,AGL,CE,Combined TRACON& Tower with Radar,8,20,19,9,56,0,0,2,0,2,8,20,21,9,58,0,16,16,74
11/09/2020,RST,MN,AGL,CE,Combined TRACON& Tower with Radar,9,15,25,0,49,0,1,0,0,1,9,16,25,0,50,0,0,0,50
11/10/2020,RST,MN,AGL,CE,Combined TRACON& Tower with Radar,9,12,21,0,42,0,0,0,0,0,9,12,21,0,42,0,0,0,42
11/11/2020,RST,MN,AGL,CE,Combined TRACON& Tower with Radar,12,15,60,0,87,0,0,50,0,50,12,15,110,0,137,74,0,74,211
11/12/2020,RST,MN,AGL,CE,Combined TRACON& Tower with Radar,10,18,34,0,62,0,0,5,0,5,10,18,39,0,67,20,0,20,87
11/13/2020,RST,MN,AGL,CE,Combined TRACON& Tower with Radar,10,19,46,0,75,0,2,43,0,45,10,21,89,0,120,74,0,74,194
11/14/2020,RST,MN,AGL,CE,Combined TRACON& Tower with Radar,9,12,13,0,34,0,2,11,0,13,9,14,24,0,47,12,0,12,59
11/15/2020,RST,MN,AGL,CE,Combined TRACON& Tower with Radar,8,30,21,0,59,0,4,4,0,8,8,34,25,0,67,0,0,0,67
11/16/2020,RST,MN,AGL,CE,Combined TRACON& Tower with Radar,9,24,22,0,55,0,4,23,0,27,9,28,45,0,82,24,0,24,106
11/17/2020,RST,MN,AGL,CE,Combined TRACON& Tower with Radar,10,14,39,0,63,0,3,46,2,51,10,17,85,2,114,60,0,60,174
11/18/2020,RST,MN,AGL,CE,Combined TRACON& Tower with Radar,10,19,19,0,48,0,2,6,0,8,10,21,25,0,56,12,0,12,68
11/19/2020,RST,MN,AGL,CE,Combined TRACON& Tower with Radar,12,26,15,0,53,0,3,46,2,51,12,29,61,2,104,128,0,128,232
11/20/2020,RST,MN,AGL,CE,Combined TRACON& Tower with Radar,10,21,19,4,54,0,10,18,0,28,10,31,37,4,82,62,28,90,172
11/21/2020,RST,MN,AGL,CE,Combined TRACON& Tower with Radar,9,9,16,0,34,0,21,57,0,78,9,30,73,0,112,86,0,86,198
11/22/2020,RST,MN,AGL,CE,Combined TRACON& Tower with Radar,8,10,21,0,39,0,3,8,0,11,8,13,29,0,50,66,0,66,116
11/23/2020,RST,MN,AGL,CE,Combined TRACON& Tower with Radar,9,14,25,7,55,0,3,50,0,53,9,17,75,7,108,122,0,122,230
11/24/2020,RST,MN,AGL,CE,Combined TRACON& Tower with Radar,10,15,13,0,38,0,0,0,0,0,10,15,13,0,38,0,0,0,38
11/25/2020,RST,MN,AGL,CE,Combined TRACON& Tower with Radar,10,15,18,18,61,0,0,0,0,0,10,15,18,18,61,0,0,0,61
11/26/2020,RST,MN,AGL,CE,Combined TRACON& Tower with Radar,4,9,5,0,18,0,0,0,0,0,4,9,5,0,18,0,0,0,18
11/27/2020,RST,MN,AGL,CE,Combined TRACON& Tower with Radar,10,8,24,0,42,0,0,45,0,45,10,8,69,0,87,100,0,100,187
11/28/2020,RST,MN,AGL,CE,Combined TRACON& Tower with Radar,9,14,20,0,43,0,0,71,0,71,9,14,91,0,114,54,0,54,168
11/29/2020,RST,MN,AGL,CE,Combined TRACON& Tower with Radar,8,16,18,0,42,0,2,9,0,11,8,18,27,0,53,46,0,46,99
11/30/2020,RST,MN,AGL,CE,Combined TRACON& Tower with Radar,11,15,33,7,66,0,0,49,11,60,11,15,82,18,126,108,20,128,254
12/01/2020,RST,MN,AGL,CE,Combined TRACON& Tower with Radar,12,19,51,15,97,0,4,41,10,55,12,23,92,25,152,124,60,184,336
12/02/2020,RST,MN,AGL,CE,Combined TRACON& Tower with Radar,8,30,45,19,102,0,0,39,3,42,8,30,84,22,144,82,76,158,302
12/03/2020,RST,MN,AGL,CE,Combined TRACON& Tower with Radar,7,20,31,14,72,0,1,41,5,47,7,21,72,19,119,76,20,96,215
12/04/2020,RST,MN,AGL,CE,Combined TRACON& Tower with Radar,7,29,42,8,86,0,2,66,0,68,7,31,108,8,154,158,18,176,330
12/05/2020,RST,MN,AGL,CE,Combined TRACON& Tower with Radar,7,19,29,3,58,0,0,73,2,75,7,19,102,5,133,88,0,88,221
12/06/2020,RST,MN,AGL,CE,Combined TRACON& Tower with Radar,6,17,17,0,40,0,0,20,0,20,6,17,37,0,60,88,0,88,148
12/07/2020,RST,MN,AGL,CE,Combined TRACON& Tower with Radar,7,26,17,0,50,0,0,0,0,0,7,26,17,0,50,0,0,0,50
12/08/2020,RST,MN,AGL,CE,Combined TRACON& Tower with Radar,9,27,29,6,71,0,4,17,4,25,9,31,46,10,96,34,0,34,130
12/09/2020,RST,MN,AGL,CE,Combined TRACON& Tower with Radar,9,22,40,5,76,0,1,60,1,62,9,23,100,6,138,124,4,128,266
12/10/2020,RST,MN,AGL,CE,Combined TRACON& Tower with Radar,7,21,53,2,83,0,0,32,0,32,7,21,85,2,115,50,0,50,165
12/11/2020,RST,MN,AGL,CE,Combined TRACON& Tower with Radar,8,16,23,0,47,0,0,9,0,9,8,16,32,0,56,62,0,62,118
12/12/2020,RST,MN,AGL,CE,Combined TRACON& Tower with Radar,7,21,14,0,42,0,0,15,0,15,7,21,29,0,57,26,0,26,83
12/13/2020,RST,MN,AGL,CE,Combined TRACON& Tower with Radar,4,20,31,0,55,0,0,3,0,3,4,20,34,0,58,14,0,14,72
12/14/2020,RST,MN,AGL,CE,Combined TRACON& Tower with Radar,5,17,52,16,90,0,3,24,12,39,5,20,76,28,129,64,60,124,253
12/15/2020,RST,MN,AGL,CE,Combined TRACON& Tower with Radar,9,22,65,9,105,0,2,22,7,31,9,24,87,16,136,90,58,148,284
12/16/2020,RST,MN,AGL,CE,Combined TRACON& Tower with Radar,10,22,41,0,73,0,6,28,0,34,10,28,69,0,107,106,0,106,213
12/17/2020,RST,MN,AGL,CE,Combined TRACON& Tower with Radar,8,31,37,0,76,0,0,28,0,28,8,31,65,0,104,112,0,112,216
12/18/2020,RST,MN,AGL,CE,Combined TRACON& Tower with Radar,6,33,28,0,67,0,0,3,0,3,6,33,31,0,70,8,0,8,78
12/19/2020,RST,MN,AGL,CE,Combined TRACON& Tower with Radar,5,16,16,0,37,0,0,0,0,0,5,16,16,0,37,0,0,0,37
12/20/2020,RST,MN,AGL,CE,Combined TRACON& Tower with Radar,4,17,27,0,48,0,0,52,0,52,4,17,79,0,100,58,0,58,158
12/21/2020,RST,MN,AGL,CE,Combined TRACON& Tower with Radar,5,19,21,0,45,0,0,6,0,6,5,19,27,0,51,4,0,4,55
12/22/2020,RST,MN,AGL,CE,Combined TRACON& Tower with Radar,13,23,34,7,77,0,0,23,5,28,13,23,57,12,105,14,14,28,133
12/23/2020,RST,MN,AGL,CE,Combined TRACON& Tower with Radar,8,13,6,0,27,0,0,0,0,0,8,13,6,0,27,0,0,0,27
12/24/2020,RST,MN,AGL,CE,Combined TRACON& Tower with Radar,8,24,6,0,38,0,1,5,0,6,8,25,11,0,44,8,0,8,52
12/25/2020,RST,MN,AGL,CE,Combined TRACON& Tower with Radar,2,11,3,0,16,0,8,6,0,14,2,19,9,0,30,6,0,6,36
12/26/2020,RST,MN,AGL,CE,Combined TRACON& Tower with Radar,5,20,12,0,37,0,1,39,0,40,5,21,51,0,77,98,0,98,175
12/27/2020,RST,MN,AGL,CE,Combined TRACON& Tower with Radar,3,13,10,0,26,0,0,10,0,10,3,13,20,0,36,68,0,68,104
12/28/2020,RST,MN,AGL,CE,Combined TRACON& Tower with Radar,6,29,23,0,58,0,0,35,0,35,6,29,58,0,93,88,0,88,181
12/29/2020,RST,MN,AGL,CE,Combined TRACON& Tower with Radar,8,20,13,0,41,0,0,10,0,10,8,20,23,0,51,16,0,16,67
12/30/2020,RST,MN,AGL,CE,Combined TRACON& Tower with Radar,10,22,6,0,38,0,0,0,0,0,10,22,6,0,38,0,0,0,38
12/31/2020,RST,MN,AGL,CE,Combined TRACON& Tower with Radar,8,21,20,0,49,0,0,0,0,0,8,21,20,0,49,0,0,0,49
01/01/2021,RST,MN,AGL,CE,Combined TRACON& Tower with Radar,2,8,13,0,23,0,0,4,0,4,2,8,17,0,27,20,0,20,47
01/02/2021,RST,MN,AGL,CE,Combined TRACON& Tower with Radar,4,16,11,0,31,0,0,14,0,14,4,16,25,0,45,42,0,42,87
01/03/2021,RST,MN,AGL,CE,Combined TRACON& Tower with Radar,6,23,28,0,57,0,0,5,0,5,6,23,33,0,62,28,0,28,90
01/04/2021,RST,MN,AGL,CE,Combined TRACON& Tower with Radar,7,23,31,0,61,0,0,10,0,10,7,23,41,0,71,52,0,52,123
01/05/2021,RST,MN,AGL,CE,Combined TRACON& Tower with Radar,6,18,41,28,93,0,0,52,11,63,6,18,93,39,156,86,100,186,342
01/06/2021,RST,MN,AGL,CE,Combined TRACON& Tower with Radar,6,23,20,15,64,0,0,27,2,29,6,23,47,17,93,66,64,130,223
01/07/2021,RST,MN,AGL,CE,Combined TRACON& Tower with Radar,6,27,15,0,48,0,0,0,0,0,6,27,15,0,48,0,0,0,48
01/08/2021,RST,MN,AGL,CE,Combined TRACON& Tower with Radar,8,19,8,0,35,0,0,0,0,0,8,19,8,0,35,0,0,0,35
01/09/2021,RST,MN,AGL,CE,Combined TRACON& Tower with Radar,3,19,9,0,31,0,0,0,0,0,3,19,9,0,31,0,0,0,31
01/10/2021,RST,MN,AGL,CE,Combined TRACON& Tower with Radar,4,27,16,0,47,0,0,0,0,0,4,27,16,0,47,0,0,0,47
01/11/2021,RST,MN,AGL,CE,Combined TRACON& Tower with Radar,5,27,31,0,63,0,2,52,0,54,5,29,83,0,117,120,0,120,237
01/12/2021,RST,MN,AGL,CE,Combined TRACON& Tower with Radar,6,28,64,0,98,0,0,54,0,54,6,28,118,0,152,166,0,166,318
01/13/2021,RST,MN,AGL,CE,Combined TRACON& Tower with Radar,7,28,49,0,84,0,1,64,0,65,7,29,113,0,149,120,0,120,269
01/14/2021,RST,MN,AGL,CE,Combined TRACON& Tower with Radar,6,20,6,0,32,0,0,0,0,0,6,20,6,0,32,0,0,0,32
01/15/2021,RST,MN,AGL,CE,Combined TRACON& Tower with Radar,6,23,4,0,33,0,0,0,0,0,6,23,4,0,33,0,0,0,33
01/16/2021,RST,MN,AGL,CE,Combined TRACON& Tower with Radar,3,21,6,0,30,0,0,0,0,0,3,21,6,0,30,0,0,0,30
01/17/2021,RST,MN,AGL,CE,Combined TRACON& Tower with Radar,2,17,11,0,30,0,0,0,0,0,2,17,11,0,30,0,0,0,30
01/18/2021,RST,MN,AGL,CE,Combined TRACON& Tower with Radar,5,27,31,0,63,0,0,22,0,22,5,27,53,0,85,69,0,69,154
01/19/2021,RST,MN,AGL,CE,Combined TRACON& Tower with Radar,6,12,24,0,42,0,0,2,0,2,6,12,26,0,44,0,0,0,44
01/20/2021,RST,MN,AGL,CE,Combined TRACON& Tower with Radar,6,25,22,16,69,0,0,15,9,24,6,25,37,25,93,4,24,28,121
01/21/2021,RST,MN,AGL,CE,Combined TRACON& Tower with Radar,6,19,27,1,53,0,0,9,2,11,6,19,36,3,64,18,8,26,90
01/22/2021,RST,MN,AGL,CE,Combined TRACON& Tower with Radar,10,18,38,8,74,0,0,55,0,55,10,18,93,8,129,88,0,88,217
01/23/2021,RST,MN,AGL,CE,Combined TRACON& Tower with Radar,3,15,32,0,50,0,0,12,0,12,3,15,44,0,62,20,0,20,82
01/24/2021,RST,MN,AGL,CE,Combined TRACON& Tower with Radar,4,22,13,0,39,0,0,4,0,4,4,22,17,0,43,56,0,56,99
01/25/2021,RST,MN,AGL,CE,Combined TRACON& Tower with Radar,5,16,25,0,46,0,0,23,0,23,5,16,48,0,69,70,0,70,139
01/26/2021,RST,MN,AGL,CE,Combined TRACON& Tower with Radar,6,18,23,0,47,0,0,23,0,23,6,18,46,0,70,100,0,100,170
01/27/2021,RST,MN,AGL,CE,Combined TRACON& Tower with Radar,10,22,46,0,78,0,0,36,0,36,10,22,82,0,114,104,0,104,218
01/28/2021,RST,MN,AGL,CE,Combined TRACON& Tower with Radar,6,34,35,0,75,0,0,26,0,26,6,34,61,0,101,110,2,112,213
01/29/2021,RST,MN,AGL,CE,Combined TRACON& Tower with Radar,8,19,18,0,45,0,1,4,0,5,8,20,22,0,50,0,0,0,50
01/30/2021,RST,MN,AGL,CE,Combined TRACON& Tower with Radar,3,14,17,0,34,0,1,4,0,5,3,15,21,0,39,0,0,0,39
01/31/2021,RST,MN,AGL,CE,Combined TRACON& Tower with Radar,4,17,20,0,41,0,1,1,0,2,4,18,21,0,43,4,0,4,47
02/01/2021,RST,MN,AGL,CE,Combined TRACON& Tower with Radar,5,20,40,0,65,0,0,3,0,3,5,20,43,0,68,36,0,36,104
02/02/2021,RST,MN,AGL,CE,Combined TRACON& Tower with Radar,6,16,20,2,44,0,0,6,1,7,6,16,26,3,51,42,2,44,95
02/03/2021,RST,MN,AGL,CE,Combined TRACON& Tower with Radar,6,29,35,3,73,0,0,17,0,17,6,29,52,3,90,38,6,44,134
02/04/2021,RST,MN,AGL,CE,Combined TRACON& Tower with Radar,6,20,23,0,49,0,0,0,0,0,6,20,23,0,49,0,0,0,49
02/05/2021,RST,MN,AGL,CE,Combined TRACON& Tower with Radar,6,28,14,0,48,0,1,0,0,1,6,29,14,0,49,0,0,0,49
02/06/2021,RST,MN,AGL,CE,Combined TRACON& Tower with Radar,5,23,22,0,50,0,3,10,0,13,5,26,32,0,63,8,0,8,71
02/07/2021,RST,MN,AGL,CE,Combined TRACON& Tower with Radar,4,16,17,0,37,0,0,6,0,6,4,16,23,0,43,0,0,0,43
02/08/2021,RST,MN,AGL,CE,Combined TRACON& Tower with Radar,5,15,41,0,61,0,7,23,0,30,5,22,64,0,91,26,0,26,117
02/09/2021,RST,MN,AGL,CE,Combined TRACON& Tower with Radar,6,19,44,2,71,0,2,32,2,36,6,21,76,4,107,36,0,36,143
02/10/2021,RST,MN,AGL,CE,Combined TRACON& Tower with Radar,6,27,58,0,91,0,0,35,0,35,6,27,93,0,126,60,0,60,186
02/11/2021,RST,MN,AGL,CE,Combined TRACON& Tower with Radar,6,30,27,0,63,0,0,7,2,9,6,30,34,2,72,0,0,0,72
02/12/2021,RST,MN,AGL,CE,Combined TRACON& Tower with Radar,6,33,31,0,70,0,0,10,0,10,6,33,41,0,80,0,0,0,80
02/13/2021,RST,MN,AGL,CE,Combined TRACON& Tower with Radar,5,14,18,0,37,0,0,0,0,0,5,14,18,0,37,0,0,0,37
02/14/2021,RST,MN,AGL,CE,Combined TRACON& Tower with Radar,4,19,9,0,32,0,0,4,0,4,4,19,13,0,36,0,0,0,36
02/15/2021,RST,MN,AGL,CE,Combined TRACON& Tower with Radar,4,20,21,0,45,0,0,18,0,18,4,20,39,0,63,8,0,8,71
02/16/2021,RST,MN,AGL,CE,Combined TRACON& Tower with Radar,4,17,36,0,57,0,0,31,0,31,4,17,67,0,88,40,0,40,128
02/17/2021,RST,MN,AGL,CE,Combined TRACON& Tower with Radar,4,28,32,0,64,0,0,3,0,3,4,28,35,0,67,16,0,16,83
02/18/2021,RST,MN,AGL,CE,Combined TRACON& Tower with Radar,3,21,4,0,28,0,0,1,0,1,3,21,5,0,29,0,0,0,29
02/19/2021,RST,MN,AGL,CE,Combined TRACON& Tower with Radar,5,28,46,0,79,0,4,42,0,46,5,32,88,0,125,106,0,106,231
02/20/2021,RST,MN,AGL,CE,Combined TRACON& Tower with Radar,5,16,29,0,50,0,0,48,0,48,5,16,77,0,98,4,0,4,102
02/21/2021,RST,MN,AGL,CE,Combined TRACON& Tower with Radar,5,15,13,0,33,0,0,0,0,0,5,15,13,0,33,0,0,0,33
02/22/2021,RST,MN,AGL,CE,Combined TRACON& Tower with Radar,5,18,19,0,42,0,5,24,0,29,5,23,43,0,71,10,0,10,81
02/23/2021,RST,MN,AGL,CE,Combined TRACON& Tower with Radar,6,23,32,1,62,0,1,35,0,36,6,24,67,1,98,110,0,110,208
02/24/2021,RST,MN,AGL,CE,Combined TRACON& Tower with Radar,8,39,29,6,82,0,0,24,0,24,8,39,53,6,106,64,4,68,174
02/25/2021,RST,MN,AGL,CE,Combined TRACON& Tower with Radar,7,27,30,3,67,0,0,15,0,15,7,27,45,3,82,50,0,50,132
02/26/2021,RST,MN,AGL,CE,Combined TRACON& Tower with Radar,9,22,35,0,66,0,0,13,0,13,9,22,48,0,79,20,0,20,99
02/27/2021,RST,MN,AGL,CE,Combined TRACON& Tower with Radar,6,16,38,4,64,0,0,97,0,97,6,16,135,4,161,106,2,108,269
02/28/2021,RST,MN,AGL,CE,Combined TRACON& Tower with Radar,5,32,17,0,54,0,0,6,0,6,5,32,23,0,60,6,0,6,66
03/01/2021,RST,MN,AGL,CE,Combined TRACON& Tower with Radar,5,25,49,11,90,0,0,32,0,32,5,25,81,11,122,60,4,64,186
03/02/2021,RST,MN,AGL,CE,Combined TRACON& Tower with Radar,7,28,30,2,67,0,1,13,1,15,7,29,43,3,82,4,14,18,100
03/03/2021,RST,MN,AGL,CE,Combined TRACON& Tower with Radar,4,32,46,9,91,0,0,66,1,67,4,32,112,10,158,100,14,114,272
03/04/2021,RST,MN,AGL,CE,Combined TRACON& Tower with Radar,4,25,29,7,65,0,7,43,0,50,4,32,72,7,115,54,22,76,191
03/05/2021,RST,MN,AGL,CE,Combined TRACON& Tower with Radar,4,31,38,0,73,0,6,58,0,64,4,37,96,0,137,70,0,70,207
03/06/2021,RST,MN,AGL,CE,Combined TRACON& Tower with Radar,3,25,19,0,47,0,3,66,0,69,3,28,85,0,116,86,0,86,202
03/07/2021,RST,MN,AGL,CE,Combined TRACON& Tower with Radar,0,28,20,0,48,0,0,6,0,6,0,28,26,0,54,4,0,4,58
03/08/2021,RST,MN,AGL,CE,Combined TRACON& Tower with Radar,1,31,31,0,63,0,11,61,0,72,1,42,92,0,135,135,0,135,270
03/09/2021,RST,MN,AGL,CE,Combined TRACON& Tower with Radar,2,24,34,0,60,0,0,27,0,27,2,24,61,0,87,14,0,14,101
03/10/2021,RST,MN,AGL,CE,Combined TRACON& Tower with Radar,2,32,20,0,54,0,0,0,0,0,2,32,20,0,54,0,0,0,54
03/11/2021,RST,MN,AGL,CE,Combined TRACON& Tower with Radar,2,32,17,3,54,0,1,10,7,18,2,33,27,10,72,44,12,56,128
03/12/2021,RST,MN,AGL,CE,Combined TRACON& Tower with Radar,2,33,44,0,79,0,14,54,1,69,2,47,98,1,148,69,0,69,217
03/13/2021,RST,MN,AGL,CE,Combined TRACON& Tower with Radar,1,16,22,0,39,0,3,71,0,74,1,19,93,0,113,113,0,113,226
03/14/2021,RST,MN,AGL,CE,Combined TRACON& Tower with Radar,0,14,27,0,41,0,0,24,0,24,0,14,51,0,65,4,0,4,69
03/15/2021,RST,MN,AGL,CE,Combined TRACON& Tower with Radar,1,22,8,0,31,0,0,0,0,0,1,22,8,0,31,0,0,0,31
03/16/2021,RST,MN,AGL,CE,Combined TRACON& Tower with Radar,2,24,23,0,49,0,0,0,0,0,2,24,23,0,49,0,0,0,49
03/17/2021,RST,MN,AGL,CE,Combined TRACON& Tower with Radar,4,35,22,1,62,0,0,0,0,0,4,35,22,1,62,16,18,34,96
03/18/2021,RST,MN,AGL,CE,Combined TRACON& Tower with Radar,2,43,23,2,70,0,9,21,0,30,2,52,44,2,100,29,0,29,129
03/19/2021,RST,MN,AGL,CE,Combined TRACON& Tower with Radar,2,35,34,11,82,0,8,54,13,75,2,43,88,24,157,88,32,120,277
03/20/2021,RST,MN,AGL,CE,Combined TRACON& Tower with Radar,1,15,15,0,31,0,2,20,2,24,1,17,35,2,55,14,0,14,69
03/21/2021,RST,MN,AGL,CE,Combined TRACON& Tower with Radar,0,33,25,0,58,0,2,5,0,7,0,35,30,0,65,1,0,1,66
03/22/2021,RST,MN,AGL,CE,Combined TRACON& Tower with Radar,1,35,23,10,69,0,6,48,2,56,1,41,71,12,125,80,2,82,207
03/23/2021,RST,MN,AGL,CE,Combined TRACON& Tower with Radar,2,39,21,2,64,0,1,6,0,7,2,40,27,2,71,16,0,16,87
03/24/2021,RST,MN,AGL,CE,Combined TRACON& Tower with Radar,2,32,18,0,52,0,0,0,0,0,2,32,18,0,52,0,0,0,52
03/25/2021,RST,MN,AGL,CE,Combined TRACON& Tower with Radar,4,29,29,11,73,0,5,24,0,29,4,34,53,11,102,90,20,110,212
03/26/2021,RST,MN,AGL,CE,Combined TRACON& Tower with Radar,4,35,20,2,61,0,1,19,0,20,4,36,39,2,81,12,0,12,93
03/27/2021,RST,MN,AGL,CE,Combined TRACON& Tower with Radar,1,28,18,0,47,0,0,0,0,0,1,28,18,0,47,0,0,0,47
03/28/2021,RST,MN,AGL,CE,Combined TRACON& Tower with Radar,0,28,37,0,65,0,12,40,0,52,0,40,77,0,117,106,0,106,223
03/29/2021,RST,MN,AGL,CE,Combined TRACON& Tower with Radar,1,18,19,0,38,0,0,4,0,4,1,18,23,0,42,0,0,0,42
03/30/2021,RST,MN,AGL,CE,Combined TRACON& Tower with Radar,2,34,16,1,53,0,1,6,1,8,2,35,22,2,61,0,0,0,61
03/31/2021,RST,MN,AGL,CE,Combined TRACON& Tower with Radar,2,30,41,1,74,0,4,12,0,16,2,34,53,1,90,42,0,42,132
04/01/2021,RST,MN,AGL,CE,Combined TRACON& Tower with Radar,2,42,30,4,78,0,16,58,0,74,2,58,88,4,152,122,10,132,284
04/02/2021,RST,MN,AGL,CE,Combined TRACON& Tower with Radar,2,25,25,0,52,0,3,8,0,11,2,28,33,0,63,28,0,28,91
04/03/2021,RST,MN,AGL,CE,Combined TRACON& Tower with Radar,1,22,21,0,44,0,8,64,0,72,1,30,85,0,116,86,0,86,202
04/04/2021,RST,MN,AGL,CE,Combined TRACON& Tower with Radar,0,30,19,0,49,0,0,32,0,32,0,30,51,0,81,16,0,16,97
04/05/2021,RST,MN,AGL,CE,Combined TRACON& Tower with Radar,1,28,24,0,53,0,10,27,0,37,1,38,51,0,90,36,0,36,126
04/06/2021,RST,MN,AGL,CE,Combined TRACON& Tower with Radar,6,33,26,0,65,0,10,31,0,41,6,43,57,0,106,40,0,40,146
04/07/2021,RST,MN,AGL,CE,Combined TRACON& Tower with Radar,4,20,34,14,72,0,0,13,0,13,4,20,47,14,85,52,52,104,189
04/08/2021,RST,MN,AGL,CE,Combined TRACON& Tower with Radar,4,32,47,25,108,0,0,6,0,6,4,32,53,25,114,6,70,76,190
04/09/2021,RST,MN,AGL,CE,Combined TRACON& Tower with Radar,5,29,28,0,62,0,0,0,0,0,5,29,28,0,62,0,0,0,62
04/10/2021,RST,MN,AGL,CE,Combined TRACON& Tower with Radar,4,23,17,0,44,0,0,7,0,7,4,23,24,0,51,0,0,0,51
04/11/2021,RST,MN,AGL,CE,Combined TRACON& Tower with Radar,0,39,40,0,79,0,0,4,0,4,0,39,44,0,83,26,0,26,109
04/12/2021,RST,MN,AGL,CE,Combined TRACON& Tower with Radar,0,23,19,3,45,0,0,0,0,0,0,23,19,3,45,0,26,26,71
04/13/2021,RST,MN,AGL,CE,Combined TRACON& Tower with Radar,5,30,28,4,67,0,0,4,2,6,5,30,32,6,73,2,16,18,91
04/14/2021,RST,MN,AGL,CE,Combined TRACON& Tower with Radar,3,27,42,21,93,0,0,0,0,0,3,27,42,21,93,42,28,70,163
04/15/2021,RST,MN,AGL,CE,Combined TRACON& Tower with Radar,4,28,20,0,52,0,7,18,0,25,4,35,38,0,77,80,0,80,157
04/16/2021,RST,MN,AGL,CE,Combined TRACON& Tower with Radar,2,41,23,7,73,0,21,64,3,88,2,62,87,10,161,72,4,76,237
04/17/2021,RST,MN,AGL,CE,Combined TRACON& Tower with Radar,1,30,26,0,57,0,12,78,0,90,1,42,104,0,147,38,0,38,185
04/18/2021,RST,MN,AGL,CE,Combined TRACON& Tower with Radar,0,20,28,0,48,0,11,31,0,42,0,31,59,0,90,173,0,173,263
04/19/2021,RST,MN,AGL,CE,Combined TRACON& Tower with Radar,1,42,25,4,72,0,3,12,0,15,1,45,37,4,87,78,40,118,205
04/20/2021,RST,MN,AGL,CE,Combined TRACON& Tower with Radar,4,40,32,0,76,0,8,46,0,54,4,48,78,0,130,110,0,110,240
04/21/2021,RST,MN,AGL,CE,Combined TRACON& Tower with Radar,4,39,37,0,80,0,11,41,0,52,4,50,78,0,132,78,0,78,210
04/22/2021,RST,MN,AGL,CE,Combined TRACON& Tower with Radar,6,37,48,0,91,0,17,39,0,56,6,54,87,0,147,140,0,140,287
04/23/2021,RST,MN,AGL,CE,Combined TRACON& Tower with Radar,2,31,25,0,58,0,2,21,0,23,2,33,46,0,81,86,0,86,167
04/24/2021,RST,MN,AGL,CE,Combined TRACON& Tower with Radar,1,20,30,0,51,0,5,14,0,19,1,25,44,0,70,44,0,44,114
04/25/2021,RST,MN,AGL,CE,Combined TRACON& Tower with Radar,0,22,25,0,47,0,0,36,0,36,0,22,61,0,83,22,0,22,105
04/26/2021,RST,MN,AGL,CE,Combined TRACON& Tower with Radar,1,34,31,0,66,0,8,31,0,39,1,42,62,0,105,66,0,66,171
04/27/2021,RST,MN,AGL,CE,Combined TRACON& Tower with Radar,4,36,28,0,68,0,2,12,0,14,4,38,40,0,82,20,0,20,102
04/28/2021,RST,MN,AGL,CE,Combined TRACON& Tower with Radar,2,41,44,2,89,0,10,14,0,24,2,51,58,2,113,80,0,80,193
04/29/2021,RST,MN,AGL,CE,Combined TRACON& Tower with Radar,2,37,37,2,78,0,14,38,5,57,2,51,75,7,135,66,22,88,223
04/30/2021,RST,MN,AGL,CE,Combined TRACON& Tower with Radar,2,41,26,0,69,0,30,92,0,122,2,71,118,0,191,202,0,202,393
05/01/2021,RST,MN,AGL,CE,Combined TRACON& Tower with Radar,1,25,14,0,40,0,7,37,0,44,1,32,51,0,84,30,0,30,114
05/02/2021,RST,MN,AGL,CE,Combined TRACON& Tower with Radar,0,31,33,0,64,0,6,24,0,30,0,37,57,0,94,18,0,18,112
05/03/2021,RST,MN,AGL,CE,Combined TRACON& Tower with Radar,3,30,44,0,77,0,5,2,1,8,3,35,46,1,85,24,0,24,109
05/04/2021,RST,MN,AGL,CE,Combined TRACON& Tower with Radar,2,42,46,4,94,0,5,61,23,89,2,47,107,27,183,54,48,102,285
05/05/2021,RST,MN,AGL,CE,Combined TRACON& Tower with Radar,2,31,36,0,69,0,6,42,0,48,2,37,78,0,117,64,0,64,181
05/06/2021,RST,MN,AGL,CE,Combined TRACON& Tower with Radar,2,44,47,1,94,0,5,37,0,42,2,49,84,1,136,82,0,82,218
05/07/2021,RST,MN,AGL,CE,Combined TRACON& Tower with Radar,2,39,46,1,88,0,21,35,0,56,2,60,81,1,144,60,0,60,204
05/08/2021,RST,MN,AGL,CE,Combined TRACON& Tower with Radar,1,35,18,0,54,0,4,37,0,41,1,39,55,0,95,77,0,77,172
05/09/2021,RST,MN,AGL,CE,Combined TRACON& Tower with Radar,0,32,32,0,64,0,9,45,0,54,0,41,77,0,118,54,0,54,172
05/10/2021,RST,MN,AGL,CE,Combined TRACON& Tower with Radar,1,42,43,8,94,0,11,29,6,46,1,53,72,14,140,78,26,104,244
05/11/2021,RST,MN,AGL,CE,Combined TRACON& Tower with Radar,2,48,27,2,79,0,17,72,3,92,2,65,99,5,171,140,16,156,327
05/12/2021,RST,MN,AGL,CE,Combined TRACON& Tower with Radar,4,43,46,6,99,0,14,62,2,78,4,57,108,8,177,82,40,122,299
05/13/2021,RST,MN,AGL,CE,Combined TRACON& Tower with Radar,2,40,39,1,82,0,6,29,1,36,2,46,68,2,118,12,10,22,140
05/14/2021,RST,MN,AGL,CE,Combined TRACON& Tower with Radar,2,37,33,2,74,0,4,16,0,20,2,41,49,2,94,14,0,14,108
05/15/2021,RST,MN,AGL,CE,Combined TRACON& Tower with Radar,3,23,26,0,52,0,0,33,0,33,3,23,59,0,85,22,0,22,107
05/16/2021,RST,MN,AGL,CE,Combined TRACON& Tower with Radar,0,39,36,0,75,0,0,12,0,12,0,39,48,0,87,22,0,22,109
05/17/2021,RST,MN,AGL,CE,Combined TRACON& Tower with Radar,1,47,34,22,104,0,2,44,4,50,1,49,78,26,154,88,32,120,274
05/18/2021,RST,MN,AGL,CE,Combined TRACON& Tower with Radar,2,39,37,0,78,0,0,0,0,0,2,39,37,0,78,0,0,0,78
05/19/2021,RST,MN,AGL,CE,Combined TRACON& Tower with Radar,2,38,52,0,92,0,0,2,0,2,2,38,54,0,94,10,0,10,104
05/20/2021,RST,MN,AGL,CE,Combined TRACON& Tower with Radar,2,46,30,2,80,0,0,0,0,0,2,46,30,2,80,0,0,0,80
05/21/2021,RST,MN,AGL,CE,Combined TRACON& Tower with Radar,2,38,29,0,69,0,2,4,0,6,2,40,33,0,75,26,0,26,101
05/22/2021,RST,MN,AGL,CE,Combined TRACON& Tower with Radar,1,30,25,0,56,0,3,27,0,30,1,33,52,0,86,38,0,38,124
05/23/2021,RST,MN,AGL,CE,Combined TRACON& Tower with Radar,0,37,22,1,60,0,0,4,0,4,0,37,26,1,64,30,0,30,94
05/24/2021,RST,MN,AGL,CE,Combined TRACON& Tower with Radar,1,40,31,0,72,0,1,12,0,13,1,41,43,0,85,40,0,40,125
05/25/2021,RST,MN,AGL,CE,Combined TRACON& Tower with Radar,2,38,39,2,81,0,1,8,0,9,2,39,47,2,90,48,0,48,138
05/26/2021,RST,MN,AGL,CE,Combined TRACON& Tower with Radar,4,47,49,0,100,0,12,82,0,94,4,59,131,0,194,98,0,98,292
05/27/2021,RST,MN,AGL,CE,Combined TRACON& Tower with Radar,4,33,31,0,68,0,0,0,0,0,4,33,31,0,68,0,0,0,68
05/28/2021,RST,MN,AGL,CE,Combined TRACON& Tower with Radar,4,44,35,0,83,0,7,11,0,18,4,51,46,0,101,32,0,32,133
05/29/2021,RST,MN,AGL,CE,Combined TRACON& Tower with Radar,1,24,26,0,51,0,2,53,0,55,1,26,79,0,106,34,0,34,140
05/30/2021,RST,MN,AGL,CE,Combined TRACON& Tower with Radar,0,22,7,0,29,0,2,6,0,8,0,24,13,0,37,0,0,0,37
05/31/2021,RST,MN,AGL,CE,Combined TRACON& Tower with Radar,2,24,44,0,70,0,2,24,0,26,2,26,68,0,96,8,0,8,104
06/01/2021,RST,MN,AGL,CE,Combined TRACON& Tower with Radar,3,33,48,0,84,0,20,52,0,72,3,53,100,0,156,96,0,96,252
06/02/2021,RST,MN,AGL,CE,Combined TRACON& Tower with Radar,2,30,37,6,75,0,11,51,0,62,2,41,88,6,137,76,22,98,235
06/03/2021,RST,MN,AGL,CE,Combined TRACON& Tower with Radar,2,31,22,0,55,0,12,29,0,41,2,43,51,0,96,43,0,43,139
06/04/2021,RST,MN,AGL,CE,Combined TRACON& Tower with Radar,2,38,34,0,74,0,6,14,0,20,2,44,48,0,94,18,0,18,112
06/05/2021,RST,MN,AGL,CE,Combined TRACON& Tower with Radar,2,23,16,1,42,0,7,17,0,24,2,30,33,1,66,26,0,26,92
06/06/2021,RST,MN,AGL,CE,Combined TRACON& Tower with Radar,2,24,11,0,37,0,3,4,0,7,2,27,15,0,44,2,0,2,46
06/07/2021,RST,MN,AGL,CE,Combined TRACON& Tower with Radar,5,31,24,0,60,0,6,38,0,44,5,37,62,0,104,80,0,80,184
06/08/2021,RST,MN,AGL,CE,Combined TRACON& Tower with Radar,3,29,50,0,82,0,14,31,0,45,3,43,81,0,127,76,0,76,203
06/09/2021,RST,MN,AGL,CE,Combined TRACON& Tower with Radar,19,46,51,17,133,0,22,35,0,57,19,68,86,17,190,105,26,131,321
06/10/2021,RST,MN,AGL,CE,Combined TRACON& Tower with Radar,5,37,59,7,108,0,5,41,3,49,5,42,100,10,157,70,22,92,249
06/11/2021,RST,MN,AGL,CE,Combined TRACON& Tower with Radar,5,32,28,2,67,0,9,25,0,34,5,41,53,2,101,42,0,42,143
06/12/2021,RST,MN,AGL,CE,Combined TRACON& Tower with Radar,2,25,27,0,54,0,9,49,1,59,2,34,76,1,113,20,0,20,133
06/13/2021,RST,MN,AGL,CE,Combined TRACON& Tower with Radar,2,25,30,0,57,0,3,28,0,31,2,28,58,0,88,32,0,32,120
06/14/2021,RST,MN,AGL,CE,Combined TRACON& Tower with Radar,3,38,64,6,111,0,17,47,12,76,3,55,111,18,187,42,44,86,273
06/15/2021,RST,MN,AGL,CE,Combined TRACON& Tower with Radar,6,34,49,5,94,0,3,64,3,70,6,37,113,8,164,92,46,138,302
06/16/2021,RST,MN,AGL,CE,Combined TRACON& Tower with Radar,4,43,50,0,97,0,10,66,0,76,4,53,116,0,173,76,0,76,249
06/17/2021,RST,MN,AGL,CE,Combined TRACON& Tower with Radar,6,37,32,4,79,0,4,15,3,22,6,41,47,7,101,6,20,26,127
06/18/2021,RST,MN,AGL,CE,Combined TRACON& Tower with Radar,4,48,32,0,84,0,5,34,0,39,4,53,66,0,123,42,0,42,165
06/19/2021,RST,MN,AGL,CE,Combined TRACON& Tower with Radar,4,21,27,0,52,0,8,65,0,73,4,29,92,0,125,38,0,38,163
06/20/2021,RST,MN,AGL,CE,Combined TRACON& Tower with Radar,1,29,14,0,44,0,0,4,0,4,1,29,18,0,48,0,0,0,48
06/21/2021,RST,MN,AGL,CE,Combined TRACON& Tower with Radar,2,45,45,0,92,0,8,28,0,36,2,53,73,0,128,70,0,70,198
06/22/2021,RST,MN,AGL,CE,Combined TRACON& Tower with Radar,4,41,39,2,86,0,12,55,0,67,4,53,94,2,153,91,0,91,244
06/23/2021,RST,MN,AGL,CE,Combined TRACON& Tower with Radar,4,32,39,0,75,0,8,33,0,41,4,40,72,0,116,82,0,82,198
06/24/2021,RST,MN,AGL,CE,Combined TRACON& Tower with Radar,4,37,26,0,67,0,4,20,0,24,4,41,46,0,91,40,0,40,131
06/25/2021,RST,MN,AGL,CE,Combined TRACON& Tower with Radar,4,41,32,6,83,0,2,6,0,8,4,43,38,6,91,20,6,26,117
06/26/2021,RST,MN,AGL,CE,Combined TRACON& Tower with Radar,3,26,29,0,58,0,0,0,0,0,3,26,29,0,58,0,0,0,58
06/27/2021,RST,MN,AGL,CE,Combined TRACON& Tower with Radar,4,25,34,0,63,0,0,35,0,35,4,25,69,0,98,68,0,68,166
06/28/2021,RST,MN,AGL,CE,Combined TRACON& Tower with Radar,9,36,32,3,80,0,0,24,3,27,9,36,56,6,107,38,14,52,159
06/29/2021,RST,MN,AGL,CE,Combined TRACON& Tower with Radar,4,32,51,15,102,0,3,29,0,32,4,35,80,15,134,100,84,184,318
06/30/2021,RST,MN,AGL,CE,Combined TRACON& Tower with Radar,4,41,45,8,98,0,23,44,0,67,4,64,89,8,165,154,26,180,345
07/01/2021,RST,MN,AGL,CE,Combined TRACON& Tower with Radar,4,44,33,12,93,0,2,56,0,58,4,46,89,12,151,78,48,126,277
07/02/2021,RST,MN,AGL,CE,Combined TRACON& Tower with Radar,4,34,25,0,63,0,2,38,0,40,4,36,63,0,103,58,0,58,161
07/03/2021,RST,MN,AGL,CE,Combined TRACON& Tower with Radar,3,27,10,0,40,0,4,44,0,48,3,31,54,0,88,76,0,76,164
07/04/2021,RST,MN,AGL,CE,Combined TRACON& Tower with Radar,2,21,4,0,27,0,4,18,0,22,2,25,22,0,49,0,0,0,49
07/05/2021,RST,MN,AGL,CE,Combined TRACON& Tower with Radar,2,33,23,0,58,0,4,46,0,50,2,37,69,0,108,36,0,36,144
07/06/2021,RST,MN,AGL,CE,Combined TRACON& Tower with Radar,2,33,15,0,50,0,0,13,0,13,2,33,28,0,63,33,0,33,96
07/07/2021,RST,MN,AGL,CE,Combined TRACON& Tower with Radar,7,38,50,0,95,0,0,0,0,0,7,38,50,0,95,0,0,0,95
07/08/2021,RST,MN,AGL,CE,Combined TRACON& Tower with Radar,5,43,38,0,86,0,11,28,0,39,5,54,66,0,125,78,0,78,203
07/09/2021,RST,MN,AGL,CE,Combined TRACON& Tower with Radar,5,45,29,0,79,0,1,12,0,13,5,46,41,0,92,26,0,26,118
07/10/2021,RST,MN,AGL,CE,Combined TRACON& Tower with Radar,4,29,34,0,67,0,8,27,0,35,4,37,61,0,102,36,0,36,138
07/11/2021,RST,MN,AGL,CE,Combined TRACON& Tower with Radar,5,31,33,0,69,0,0,42,0,42,5,31,75,0,111,38,0,38,149
07/12/2021,RST,MN,AGL,CE,Combined TRACON& Tower with Radar,4,39,42,0,85,0,9,60,0,69,4,48,102,0,154,90,0,90,244
07/13/2021,RST,MN,AGL,CE,Combined TRACON& Tower with Radar,5,32,49,0,86,0,6,46,0,52,5,38,95,0,138,110,0,110,248
07/14/2021,RST,MN,AGL,CE,Combined TRACON& Tower with Radar,5,36,20,0,61,0,0,2,0,2,5,36,22,0,63,28,0,28,91
07/15/2021,RST,MN,AGL,CE,Combined TRACON& Tower with Radar,5,46,45,14,110,0,2,31,0,33,5,48,76,14,143,74,0,74,217
07/16/2021,RST,MN,AGL,CE,Combined TRACON& Tower with Radar,7,42,29,0,78,0,11,50,0,61,7,53,79,0,139,80,0,80,219
07/17/2021,RST,MN,AGL,CE,Combined TRACON& Tower with Radar,4,26,26,4,60,0,6,56,0,62,4,32,82,4,122,26,0,26,148
07/18/2021,RST,MN,AGL,CE,Combined TRACON& Tower with Radar,6,28,41,0,75,0,5,50,0,55,6,33,91,0,130,104,0,104,234
07/19/2021,RST,MN,AGL,CE,Combined TRACON& Tower with Radar,4,44,45,0,93,0,20,49,0,69,4,64,94,0,162,104,0,104,266
07/20/2021,RST,MN,AGL,CE,Combined TRACON& Tower with Radar,4,39,42,0,85,0,15,54,2,71,4,54,96,2,156,64,0,64,220
07/21/2021,RST,MN,AGL,CE,Combined TRACON& Tower with Radar,5,50,47,0,102,0,3,15,0,18,5,53,62,0,120,32,0,32,152
07/22/2021,RST,MN,AGL,CE,Combined TRACON& Tower with Radar,5,31,28,0,64,0,4,33,0,37,5,35,61,0,101,72,0,72,173
07/23/2021,RST,MN,AGL,CE,Combined TRACON& Tower with Radar,5,29,33,0,67,0,6,45,0,51,5,35,78,0,118,110,0,110,228
07/24/2021,RST,MN,AGL,CE,Combined TRACON& Tower with Radar,4,28,13,0,45,0,12,67,0,79,4,40,80,0,124,44,0,44,168
07/25/2021,RST,MN,AGL,CE,Combined TRACON& Tower with Radar,3,29,34,0,66,0,7,67,0,74,3,36,101,0,140,44,0,44,184
07/26/2021,RST,MN,AGL,CE,Combined TRACON& Tower with Radar,4,35,38,0,77,0,20,34,0,54,4,55,72,0,131,94,0,94,225
07/27/2021,RST,MN,AGL,CE,Combined TRACON& Tower with Radar,4,32,38,4,78,0,14,28,4,46,4,46,66,8,124,36,26,62,186
07/28/2021,RST,MN,AGL,CE,Combined TRACON& Tower with Radar,5,38,37,0,80,0,17,36,2,55,5,55,73,2,135,78,0,78,213
07/29/2021,RST,MN,AGL,CE,Combined TRACON& Tower with Radar,5,42,55,5,107,0,7,73,9,89,5,49,128,14,196,72,24,96,292
07/30/2021,RST,MN,AGL,CE,Combined TRACON& Tower with Radar,7,50,33,0,90,0,12,64,0,76,7,62,97,0,166,66,0,66,232
07/31/2021,RST,MN,AGL,CE,Combined TRACON& Tower with Radar,4,24,20,0,48,0,7,76,2,85,4,31,96,2,133,22,0,22,155
08/01/2021,RST,MN,AGL,CE,Combined TRACON& Tower with Radar,3,26,23,0,52,0,31,122,1,154,3,57,145,1,206,64,0,64,270
08/02/2021,RST,MN,AGL,CE,Combined TRACON& Tower with Radar,8,52,47,0,107,0,18,68,1,87,8,70,115,1,194,68,0,68,262
08/03/2021,RST,MN,AGL,CE,Combined TRACON& Tower with Radar,7,44,49,9,109,0,20,52,4,76,7,64,101,13,185,52,40,92,277
08/04/2021,RST,MN,AGL,CE,Combined TRACON& Tower with Radar,7,36,35,2,80,0,10,55,0,65,7,46,90,2,145,78,0,78,223
08/05/2021,RST,MN,AGL,CE,Combined TRACON& Tower with Radar,7,23,37,16,83,0,16,19,0,35,7,39,56,16,118,64,2,66,184
08/06/2021,RST,MN,AGL,CE,Combined TRACON& Tower with Radar,6,32,32,0,70,0,3,31,0,34,6,35,63,0,104,88,0,88,192
08/07/2021,RST,MN,AGL,CE,Combined TRACON& Tower with Radar,4,25,16,0,45,0,3,4,0,7,4,28,20,0,52,6,0,6,58
08/08/2021,RST,MN,AGL,CE,Combined TRACON& Tower with Radar,3,26,27,0,56,0,2,13,0,15,3,28,40,0,71,12,0,12,83
08/09/2021,RST,MN,AGL,CE,Combined TRACON& Tower with Radar,7,20,41,0,68,0,14,22,0,36,7,34,63,0,104,36,0,36,140
08/10/2021,RST,MN,AGL,CE,Combined TRACON& Tower with Radar,9,30,55,6,100,0,6,10,4,20,9,36,65,10,120,44,14,58,178
08/11/2021,RST,MN,AGL,CE,Combined TRACON& Tower with Radar,7,35,19,13,74,0,11,39,7,57,7,46,58,20,131,88,56,144,275
08/12/2021,RST,MN,AGL,CE,Combined TRACON& Tower with Radar,7,47,44,12,110,0,11,37,2,50,7,58,81,14,160,36,8,44,204
08/13/2021,RST,MN,AGL,CE,Combined TRACON& Tower with Radar,6,38,36,0,80,0,8,61,0,69,6,46,97,0,149,64,0,64,213
08/14/2021,RST,MN,AGL,CE,Combined TRACON& Tower with Radar,4,27,15,0,46,0,11,49,0,60,4,38,64,0,106,79,0,79,185
08/15/2021,RST,MN,AGL,CE,Combined TRACON& Tower with Radar,3,35,27,0,65,0,0,55,0,55,3,35,82,0,120,28,0,28,148
08/16/2021,RST,MN,AGL,CE,Combined TRACON& Tower with Radar,5,32,42,0,79,0,4,44,0,48,5,36,86,0,127,100,0,100,227
08/17/2021,RST,MN,AGL,CE,Combined TRACON& Tower with Radar,7,26,31,1,65,0,7,43,0,50,7,33,74,1,115,64,0,64,179
08/18/2021,RST,MN,AGL,CE,Combined TRACON& Tower with Radar,7,44,48,0,99,0,0,41,0,41,7,44,89,0,140,120,0,120,260
08/19/2021,RST,MN,AGL,CE,Combined TRACON& Tower with Radar,7,36,49,3,95,0,13,57,12,82,7,49,106,15,177,70,82,152,329
08/20/2021,RST,MN,AGL,CE,Combined TRACON& Tower with Radar,6,45,37,0,88,0,6,18,0,24,6,51,55,0,112,4,0,4,116
08/21/2021,RST,MN,AGL,CE,Combined TRACON& Tower with Radar,4,36,32,0,72,0,3,25,0,28,4,39,57,0,100,86,0,86,186
08/22/2021,RST,MN,AGL,CE,Combined TRACON& Tower with Radar,4,34,30,0,68,0,0,29,0,29,4,34,59,0,97,46,0,46,143
08/23/2021,RST,MN,AGL,CE,Combined TRACON& Tower with Radar,5,32,61,0,98,0,0,16,0,16,5,32,77,0,114,12,0,12,126
08/24/2021,RST,MN,AGL,CE,Combined TRACON& Tower with Radar,9,33,33,0,75,0,5,11,0,16,9,38,44,0,91,18,0,18,109
08/25/2021,RST,MN,AGL,CE,Combined TRACON& Tower with Radar,5,47,40,0,92,0,6,64,0,70,5,53,104,0,162,109,0,109,271
08/26/2021,RST,MN,AGL,CE,Combined TRACON& Tower with Radar,7,23,33,9,72,0,5,20,0,25,7,28,53,9,97,54,10,64,161
08/27/2021,RST,MN,AGL,CE,Combined TRACON& Tower with Radar,6,23,17,0,46,0,0,2,0,2,6,23,19,0,48,14,0,14,62
08/28/2021,RST,MN,AGL,CE,Combined TRACON& Tower with Radar,4,30,18,0,52,0,0,5,0,5,4,30,23,0,57,14,0,14,71
08/29/2021,RST,MN,AGL,CE,Combined TRACON& Tower with Radar,3,32,17,0,52,0,5,53,0,58,3,37,70,0,110,32,0,32,142
08/30/2021,RST,MN,AGL,CE,Combined TRACON& Tower with Radar,5,35,53,0,93,0,8,57,0,65,5,43,110,0,158,62,0,62,220
08/31/2021,RST,MN,AGL,CE,Combined TRACON& Tower with Radar,7,36,23,0,66,0,14,51,1,66,7,50,74,1,132,112,0,112,244
09/01/2021,RST,MN,AGL,CE,Combined TRACON& Tower with Radar,7,29,44,0,80,0,11,62,0,73,7,40,106,0,153,140,0,140,293
09/02/2021,RST,MN,AGL,CE,Combined TRACON& Tower with Radar,7,29,36,3,75,0,1,28,1,30,7,30,64,4,105,92,8,100,205
09/03/2021,RST,MN,AGL,CE,Combined TRACON& Tower with Radar,8,39,35,0,82,0,0,1,0,1,8,39,36,0,83,0,0,0,83
09/04/2021,RST,MN,AGL,CE,Combined TRACON& Tower with Radar,4,15,20,0,39,0,0,22,0,22,4,15,42,0,61,18,0,18,79
09/05/2021,RST,MN,AGL,CE,Combined TRACON& Tower with Radar,3,25,17,0,45,0,5,31,0,36,3,30,48,0,81,32,0,32,113
09/06/2021,RST,MN,AGL,CE,Combined TRACON& Tower with Radar,1,23,23,0,47,0,2,72,0,74,1,25,95,0,121,86,0,86,207
09/07/2021,RST,MN,AGL,CE,Combined TRACON& Tower with Radar,5,30,36,6,77,0,7,23,4,34,5,37,59,10,111,78,20,98,209
09/08/2021,RST,MN,AGL,CE,Combined TRACON& Tower with Radar,9,20,49,5,83,0,9,41,5,55,9,29,90,10,138,108,18,126,264
09/09/2021,RST,MN,AGL,CE,Combined TRACON& Tower with Radar,7,39,34,0,80,0,14,62,0,76,7,53,96,0,156,75,0,75,231
09/10/2021,RST,MN,AGL,CE,Combined TRACON& Tower with Radar,6,38,42,0,86,0,11,53,0,64,6,49,95,0,150,64,0,64,214
09/11/2021,RST,MN,AGL,CE,Combined TRACON& Tower with Radar,4,22,9,0,35,0,3,34,0,37,4,25,43,0,72,46,0,46,118
09/12/2021,RST,MN,AGL,CE,Combined TRACON& Tower with Radar,3,27,16,0,46,0,0,39,0,39,3,27,55,0,85,48,0,48,133
09/13/2021,RST,MN,AGL,CE,Combined TRACON& Tower with Radar,4,29,24,0,57,0,0,14,0,14,4,29,38,0,71,22,0,22,93
09/14/2021,RST,MN,AGL,CE,Combined TRACON& Tower with Radar,7,34,53,0,94,0,5,13,0,18,7,39,66,0,112,40,0,40,152
09/15/2021,RST,MN,AGL,CE,Combined TRACON& Tower with Radar,7,43,39,0,89,0,13,66,0,79,7,56,105,0,168,112,0,112,280
09/16/2021,RST,MN,AGL,CE,Combined TRACON& Tower with Radar,7,31,27,0,65,0,4,3,0,7,7,35,30,0,72,0,0,0,72
09/17/2021,RST,MN,AGL,CE,Combined TRACON& Tower with Radar,8,36,25,1,70,0,5,30,1,36,8,41,55,2,106,52,40,92,198
09/18/2021,RST,MN,AGL,CE,Combined TRACON& Tower with Radar,8,25,20,0,53,0,3,71,0,74,8,28,91,0,127,114,0,114,241
09/19/2021,RST,MN,AGL,CE,Combined TRACON& Tower with Radar,2,35,32,0,69,0,6,10,1,17,2,41,42,1,86,4,0,4,90
09/20/2021,RST,MN,AGL,CE,Combined TRACON& Tower with Radar,5,26,34,12,77,0,2,3,0,5,5,28,37,12,82,4,8,12,94
09/21/2021,RST,MN,AGL,CE,Combined TRACON& Tower with Radar,7,41,51,0,99,0,5,39,0,44,7,46,90,0,143,70,0,70,213
09/22/2021,RST,MN,AGL,CE,Combined TRACON& Tower with Radar,11,34,41,0,86,0,11,33,0,44,11,45,74,0,130,202,0,202,332
09/23/2021,RST,MN,AGL,CE,Combined TRACON& Tower with Radar,9,43,50,0,102,0,8,47,0,55,9,51,97,0,157,67,0,67,224
09/24/2021,RST,MN,AGL,CE,Combined TRACON& Tower with Radar,8,26,49,0,83,0,1,19,1,21,8,27,68,1,104,82,0,82,186
09/25/2021,RST,MN,AGL,CE,Combined TRACON& Tower with Radar,4,17,21,0,42,0,1,46,0,47,4,18,67,0,89,30,0,30,119
09/26/2021,RST,MN,AGL,CE,Combined TRACON& Tower with Radar,2,21,27,0,50,0,7,40,0,47,2,28,67,0,97,38,0,38,135
09/27/2021,RST,MN,AGL,CE,Combined TRACON& Tower with Radar,5,37,29,0,71,0,9,28,0,37,5,46,57,0,108,35,0,35,143
09/28/2021,RST,MN,AGL,CE,Combined TRACON& Tower with Radar,10,38,42,0,90,0,2,47,0,49,10,40,89,0,139,42,0,42,181
09/29/2021,RST,MN,AGL,CE,Combined TRACON& Tower with Radar,8,35,53,0,96,0,12,48,0,60,8,47,101,0,156,138,0,138,294
09/30/2021,RST,MN,AGL,CE,Combined TRACON& Tower with Radar,8,47,51,12,118,0,2,54,0,56,8,49,105,12,174,80,16,96,270
10/01/2021,RST,MN,AGL,CE,Combined TRACON& Tower with Radar,6,41,49,4,100,0,2,32,2,36,6,43,81,6,136,2,18,20,156
10/02/2021,RST,MN,AGL,CE,Combined TRACON& Tower with Radar,4,26,37,0,67,0,0,10,0,10,4,26,47,0,77,30,0,30,107
10/03/2021,RST,MN,AGL,CE,Combined TRACON& Tower with Radar,2,32,31,0,65,0,2,10,0,12,2,34,41,0,77,20,0,20,97
10/04/2021,RST,MN,AGL,CE,Combined TRACON& Tower with Radar,5,41,39,0,85,0,3,16,0,19,5,44,55,0,104,84,0,84,188
10/05/2021,RST,MN,AGL,CE,Combined TRACON& Tower with Radar,9,33,34,15,91,0,7,36,6,49,9,40,70,21,140,64,60,124,264
10/06/2021,RST,MN,AGL,CE,Combined TRACON& Tower with Radar,7,43,52,9,111,0,2,26,3,31,7,45,78,12,142,102,28,130,272
10/07/2021,RST,MN,AGL,CE,Combined TRACON& Tower with Radar,9,27,31,0,67,0,0,0,0,0,9,27,31,0,67,0,0,0,67
10/08/2021,RST,MN,AGL,CE,Combined TRACON& Tower with Radar,8,34,21,0,63,0,6,11,0,17,8,40,32,0,80,70,0,70,150
10/09/2021,RST,MN,AGL,CE,Combined TRACON& Tower with Radar,4,28,28,2,62,0,9,58,0,67,4,37,86,2,129,70,0,70,199
10/10/2021,RST,MN,AGL,CE,Combined TRACON& Tower with Radar,4,27,21,0,52,0,2,15,0,17,4,29,36,0,69,22,0,22,91
10/11/2021,RST,MN,AGL,CE,Combined TRACON& Tower with Radar,2,36,24,0,62,0,13,19,0,32,2,49,43,0,94,94,0,94,188
10/12/2021,RST,MN,AGL,CE,Combined TRACON& Tower with Radar,4,34,49,0,87,0,3,23,0,26,4,37,72,0,113,156,0,156,269
10/13/2021,RST,MN,AGL,CE,Combined TRACON& Tower with Radar,4,36,27,0,67,0,0,0,0,0,4,36,27,0,67,0,0,0,67
10/14/2021,RST,MN,AGL,CE,Combined TRACON& Tower with Radar,6,36,40,0,82,0,11,29,0,40,6,47,69,0,122,92,0,92,214
10/15/2021,RST,MN,AGL,CE,Combined TRACON& Tower with Radar,3,37,23,10,73,0,3,44,0,47,3,40,67,10,120,50,22,72,192
10/16/2021,RST,MN,AGL,CE,Combined TRACON& Tower with Radar,1,29,17,0,47,0,6,52,0,58,1,35,69,0,105,84,0,84,189
10/17/2021,RST,MN,AGL,CE,Combined TRACON& Tower with Radar,0,20,39,0,59,0,2,75,0,77,0,22,114,0,136,98,0,98,234
10/18/2021,RST,MN,AGL,CE,Combined TRACON& Tower with Radar,2,25,22,0,49,0,10,37,0,47,2,35,59,0,96,76,0,76,172
10/19/2021,RST,MN,AGL,CE,Combined TRACON& Tower with Radar,4,50,47,6,107,0,6,34,8,48,4,56,81,14,155,62,44,106,261
10/20/2021,RST,MN,AGL,CE,Combined TRACON& Tower with Radar,4,20,29,6,59,0,2,6,0,8,4,22,35,6,67,6,0,6,73
10/21/2021,RST,MN,AGL,CE,Combined TRACON& Tower with Radar,4,39,33,2,78,0,2,20,0,22,4,41,53,2,100,30,0,30,130
10/22/2021,RST,MN,AGL,CE,Combined TRACON& Tower with Radar,5,34,39,0,78,0,6,52,0,58,5,40,91,0,136,102,0,102,238
10/23/2021,RST,MN,AGL,CE,Combined TRACON& Tower with Radar,1,26,18,0,45,0,0,54,0,54,1,26,72,0,99,75,0,75,174
10/24/2021,RST,MN,AGL,CE,Combined TRACON& Tower with Radar,0,26,37,0,63,0,1,20,0,21,0,27,57,0,84,2,0,2,86
10/25/2021,RST,MN,AGL,CE,Combined TRACON& Tower with Radar,2,36,51,0,89,0,6,41,0,47,2,42,92,0,136,76,0,76,212
10/26/2021,RST,MN,AGL,CE,Combined TRACON& Tower with Radar,4,42,41,6,93,0,3,30,0,33,4,45,71,6,126,86,34,120,246
10/27/2021,RST,MN,AGL,CE,Combined TRACON& Tower with Radar,3,28,36,31,98,0,0,7,0,7,3,28,43,31,105,6,104,110,215
10/28/2021,RST,MN,AGL,CE,Combined TRACON& Tower with Radar,4,25,33,0,62,0,0,0,0,0,4,25,33,0,62,0,0,0,62
10/29/2021,RST,MN,AGL,CE,Combined TRACON& Tower with Radar,3,39,36,0,78,0,4,14,0,18,3,43,50,0,96,18,0,18,114
10/30/2021,RST,MN,AGL,CE,Combined TRACON& Tower with Radar,1,25,29,0,55,0,0,59,0,59,1,25,88,0,114,99,0,99,213
10/31/2021,RST,MN,AGL,CE,Combined TRACON& Tower with Radar,0,27,40,0,67,0,6,14,1,21,0,33,54,1,88,8,0,8,96
11/01/2021,RST,MN,AGL,CE,Combined TRACON& Tower with Radar,2,38,28,24,92,0,6,37,0,43,2,44,65,24,135,70,44,114,249
11/02/2021,RST,MN,AGL,CE,Combined TRACON& Tower with Radar,4,40,37,0,81,0,11,35,0,46,4,51,72,0,127,58,0,58,185
11/03/2021,RST,MN,AGL,CE,Combined TRACON& Tower with Radar,4,26,37,0,67,0,9,36,0,45,4,35,73,0,112,118,0,118,230
11/04/2021,RST,MN,AGL,CE,Combined TRACON& Tower with Radar,4,26,30,0,60,0,4,27,0,31,4,30,57,0,91,100,0,100,191
11/05/2021,RST,MN,AGL,CE,Combined TRACON& Tower with Radar,5,39,29,0,73,0,4,12,0,16,5,43,41,0,89,0,0,0,89
11/06/2021,RST,MN,AGL,CE,Combined TRACON& Tower with Radar,1,25,27,0,53,0,4,53,0,57,1,29,80,0,110,50,0,50,160
11/07/2021,RST,MN,AGL,CE,Combined TRACON& Tower with Radar,8,16,28,0,52,0,3,30,0,33,8,19,58,0,85,24,0,24,109
11/08/2021,RST,MN,AGL,CE,Combined TRACON& Tower with Radar,9,28,20,5,62,0,7,31,6,44,9,35,51,11,106,80,16,96,202
11/09/2021,RST,MN,AGL,CE,Combined TRACON& Tower with Radar,9,40,35,8,92,0,11,49,0,60,9,51,84,8,152,124,24,148,300
11/10/2021,RST,MN,AGL,CE,Combined TRACON& Tower with Radar,9,28,23,2,62,0,1,12,0,13,9,29,35,2,75,50,4,54,129
11/11/2021,RST,MN,AGL,CE,Combined TRACON& Tower with Radar,13,20,28,0,61,0,5,0,0,5,13,25,28,0,66,0,0,0,66
11/12/2021,RST,MN,AGL,CE,Combined TRACON& Tower with Radar,11,15,25,0,51,0,5,1,0,6,11,20,26,0,57,2,0,2,59
11/13/2021,RST,MN,AGL,CE,Combined TRACON& Tower with Radar,7,11,12,0,30,0,6,12,0,18,7,17,24,0,48,12,0,12,60
11/14/2021,RST,MN,AGL,CE,Combined TRACON& Tower with Radar,7,13,21,0,41,0,10,9,0,19,7,23,30,0,60,8,0,8,68
11/15/2021,RST,MN,AGL,CE,Combined TRACON& Tower with Radar,10,42,35,0,87,0,2,19,1,22,10,44,54,1,109,60,0,60,169
11/16/2021,RST,MN,AGL,CE,Combined TRACON& Tower with Radar,9,30,32,0,71,0,9,12,0,21,9,39,44,0,92,8,0,8,100
11/17/2021,RST,MN,AGL,CE,Combined TRACON& Tower with Radar,9,25,38,8,80,0,0,3,5,8,9,25,41,13,88,18,52,70,158
11/18/2021,RST,MN,AGL,CE,Combined TRACON& Tower with Radar,13,29,30,0,72,0,1,6,0,7,13,30,36,0,79,28,0,28,107
11/19/2021,RST,MN,AGL,CE,Combined TRACON& Tower with Radar,10,34,16,0,60,0,1,7,0,8,10,35,23,0,68,0,0,0,68
11/20/2021,RST,MN,AGL,CE,Combined TRACON& Tower with Radar,6,29,27,4,66,0,2,48,0,50,6,31,75,4,116,0,0,0,116
11/21/2021,RST,MN,AGL,CE,Combined TRACON& Tower with Radar,6,14,10,0,30,0,6,7,0,13,6,20,17,0,43,0,0,0,43
11/22/2021,RST,MN,AGL,CE,Combined TRACON& Tower with Radar,7,35,26,2,70,0,5,26,0,31,7,40,52,2,101,56,2,58,159
11/23/2021,RST,MN,AGL,CE,Combined TRACON& Tower with Radar,9,16,20,0,45,0,1,15,0,16,9,17,35,0,61,0,0,0,61
11/24/2021,RST,MN,AGL,CE,Combined TRACON& Tower with Radar,11,17,25,13,66,0,4,23,9,36,11,21,48,22,102,24,34,58,160
11/25/2021,RST,MN,AGL,CE,Combined TRACON& Tower with Radar,4,14,4,0,22,0,0,8,0,8,4,14,12,0,30,4,0,4,34
11/26/2021,RST,MN,AGL,CE,Combined TRACON& Tower with Radar,7,16,20,0,43,0,2,28,0,30,7,18,48,0,73,104,0,104,177
11/27/2021,RST,MN,AGL,CE,Combined TRACON& Tower with Radar,8,17,12,0,37,0,8,26,0,34,8,25,38,0,71,52,1,53,124
11/28/2021,RST,MN,AGL,CE,Combined TRACON& Tower with Radar,7,23,17,0,47,0,6,31,0,37,7,29,48,0,84,90,0,90,174
11/29/2021,RST,MN,AGL,CE,Combined TRACON& Tower with Radar,9,22,24,0,55,0,10,34,0,44,9,32,58,0,99,76,0,76,175
11/30/2021,RST,MN,AGL,CE,Combined TRACON& Tower with Radar,9,28,34,10,81,0,10,38,0,48,9,38,72,10,129,68,64,132,261
12/01/2021,RST,MN,AGL,CE,Combined TRACON& Tower with Radar,9,28,23,14,74,0,1,20,0,21,9,29,43,14,95,46,60,106,201
12/02/2021,RST,MN,AGL,CE,Combined TRACON& Tower with Radar,11,20,23,0,54,0,5,31,0,36,11,25,54,0,90,97,0,97,187
12/03/2021,RST,MN,AGL,CE,Combined TRACON& Tower with Radar,9,16,30,2,57,0,5,24,0,29,9,21,54,2,86,128,0,128,214
12/04/2021,RST,MN,AGL,CE,Combined TRACON& Tower with Radar,7,12,9,0,28,0,2,33,0,35,7,14,42,0,63,144,0,144,207
12/05/2021,RST,MN,AGL,CE,Combined TRACON& Tower with Radar,6,13,20,0,39,0,1,3,0,4,6,14,23,0,43,10,0,10,53
12/06/2021,RST,MN,AGL,CE,Combined TRACON& Tower with Radar,9,31,17,8,65,0,5,14,0,19,9,36,31,8,84,74,26,100,184
12/07/2021,RST,MN,AGL,CE,Combined TRACON& Tower with Radar,11,16,15,0,42,0,1,0,0,1,11,17,15,0,43,0,0,0,43
12/08/2021,RST,MN,AGL,CE,Combined TRACON& Tower with Radar,11,25,42,4,82,0,9,29,2,40,11,34,71,6,122,122,16,138,260
12/09/2021,RST,MN,AGL,CE,Combined TRACON& Tower with Radar,11,32,27,0,70,0,5,23,0,28,11,37,50,0,98,28,0,28,126
12/10/2021,RST,MN,AGL,CE,Combined TRACON& Tower with Radar,9,10,6,0,25,0,0,0,0,0,9,10,6,0,25,0,0,0,25
12/11/2021,RST,MN,AGL,CE,Combined TRACON& Tower with Radar,7,11,12,0,30,0,2,0,0,2,7,13,12,0,32,0,0,0,32
12/12/2021,RST,MN,AGL,CE,Combined TRACON& Tower with Radar,6,24,22,0,52,0,1,13,0,14,6,25,35,0,66,8,0,8,74
12/13/2021,RST,MN,AGL,CE,Combined TRACON& Tower with Radar,11,27,45,0,83,0,10,30,0,40,11,37,75,0,123,60,0,60,183
12/14/2021,RST,MN,AGL,CE,Combined TRACON& Tower with Radar,11,27,30,2,70,0,4,36,0,40,11,31,66,2,110,58,0,58,168
12/15/2021,RST,MN,AGL,CE,Combined TRACON& Tower with Radar,10,12,10,45,77,0,0,0,0,0,10,12,10,45,77,0,44,44,121
12/16/2021,RST,MN,AGL,CE,Combined TRACON& Tower with Radar,11,28,25,0,64,0,0,4,0,4,11,28,29,0,68,0,0,0,68
12/17/2021,RST,MN,AGL,CE,Combined TRACON& Tower with Radar,11,27,37,0,75,0,9,50,0,59,11,36,87,0,134,80,0,80,214
12/18/2021,RST,MN,AGL,CE,Combined TRACON& Tower with Radar,5,8,16,0,29,0,0,0,0,0,5,8,16,0,29,0,0,0,29
12/19/2021,RST,MN,AGL,CE,Combined TRACON& Tower with Radar,4,16,18,0,38,0,0,2,0,2,4,16,20,0,40,0,0,0,40
12/20/2021,RST,MN,AGL,CE,Combined TRACON& Tower with Radar,7,24,20,2,53,0,12,23,1,36,7,36,43,3,89,88,0,88,177
12/21/2021,RST,MN,AGL,CE,Combined TRACON& Tower with Radar,11,10,19,0,40,0,0,2,0,2,11,10,21,0,42,26,0,26,68
12/22/2021,RST,MN,AGL,CE,Combined TRACON& Tower with Radar,11,27,25,0,63,0,4,40,0,44,11,31,65,0,107,76,0,76,183
12/23/2021,RST,MN,AGL,CE,Combined TRACON& Tower with Radar,11,15,28,0,54,0,4,64,0,68,11,19,92,0,122,176,0,176,298
12/24/2021,RST,MN,AGL,CE,Combined TRACON& Tower with Radar,2,9,6,0,17,0,0,0,0,0,2,9,6,0,17,0,0,0,17
12/25/2021,RST,MN,AGL,CE,Combined TRACON& Tower with Radar,0,8,3,0,11,0,8,8,0,16,0,16,11,0,27,24,0,24,51
12/26/2021,RST,MN,AGL,CE,Combined TRACON& Tower with Radar,4,19,7,0,30,0,0,14,0,14,4,19,21,0,44,8,0,8,52
12/27/2021,RST,MN,AGL,CE,Combined TRACON& Tower with Radar,5,14,29,0,48,0,5,7,1,13,5,19,36,1,61,0,0,0,61
12/28/2021,RST,MN,AGL,CE,Combined TRACON& Tower with Radar,11,18,5,0,34,0,0,2,0,2,11,18,7,0,36,4,0,4,40
12/29/2021,RST,MN,AGL,CE,Combined TRACON& Tower with Radar,9,32,22,0,63,0,5,31,2,38,9,37,53,2,101,52,0,52,153
12/30/2021,RST,MN,AGL,CE,Combined TRACON& Tower with Radar,13,17,16,0,46,0,0,0,0,0,13,17,16,0,46,2,0,2,48
12/31/2021,RST,MN,AGL,CE,Combined TRACON& Tower with Radar,2,14,11,0,27,0,0,1,0,1,2,14,12,0,28,0,0,0,28
01/01/2022,RST,MN,AGL,CE,Combined TRACON& Tower with Radar,0,11,9,0,20,0,4,7,0,11,0,15,16,0,31,8,0,8,39
01/02/2022,RST,MN,AGL,CE,Combined TRACON& Tower with Radar,2,11,30,0,43,0,2,26,0,28,2,13,56,0,71,27,0,27,98
01/03/2022,RST,MN,AGL,CE,Combined TRACON& Tower with Radar,7,20,33,8,68,0,3,35,2,40,7,23,68,10,108,94,18,112,220
01/04/2022,RST,MN,AGL,CE,Combined TRACON& Tower with Radar,8,18,25,30,81,0,1,22,1,24,8,19,47,31,105,32,46,78,183
01/05/2022,RST,MN,AGL,CE,Combined TRACON& Tower with Radar,7,22,21,0,50,0,0,0,0,0,7,22,21,0,50,0,0,0,50
01/06/2022,RST,MN,AGL,CE,Combined TRACON& Tower with Radar,9,24,33,2,68,0,4,1,0,5,9,28,34,2,73,0,0,0,73
01/07/2022,RST,MN,AGL,CE,Combined TRACON& Tower with Radar,5,20,24,0,49,0,3,8,0,11,5,23,32,0,60,22,0,22,82
01/08/2022,RST,MN,AGL,CE,Combined TRACON& Tower with Radar,2,14,18,0,34,0,0,0,0,0,2,14,18,0,34,0,0,0,34
01/09/2022,RST,MN,AGL,CE,Combined TRACON& Tower with Radar,4,15,34,0,53,0,2,18,0,20,4,17,52,0,73,30,0,30,103
01/10/2022,RST,MN,AGL,CE,Combined TRACON& Tower with Radar,5,24,30,3,62,0,2,13,0,15,5,26,43,3,77,8,6,14,91
01/11/2022,RST,MN,AGL,CE,Combined TRACON& Tower with Radar,9,15,28,9,61,0,3,14,0,17,9,18,42,9,78,42,12,54,132
01/12/2022,RST,MN,AGL,CE,Combined TRACON& Tower with Radar,8,38,43,11,100,0,8,47,5,60,8,46,90,16,160,114,60,174,334
01/13/2022,RST,MN,AGL,CE,Combined TRACON& Tower with Radar,7,18,29,0,54,0,0,4,0,4,7,18,33,0,58,44,0,44,102
01/14/2022,RST,MN,AGL,CE,Combined TRACON& Tower with Radar,6,18,8,0,32,0,0,0,0,0,6,18,8,0,32,0,0,0,32
01/15/2022,RST,MN,AGL,CE,Combined TRACON& Tower with Radar,3,13,12,0,28,0,8,49,0,57,3,21,61,0,85,60,0,60,145
01/16/2022,RST,MN,AGL,CE,Combined TRACON& Tower with Radar,2,13,22,0,37,0,0,5,0,5,2,13,27,0,42,38,0,38,80
01/17/2022,RST,MN,AGL,CE,Combined TRACON& Tower with Radar,4,19,15,0,38,0,9,20,1,30,4,28,35,1,68,66,0,66,134
01/18/2022,RST,MN,AGL,CE,Combined TRACON& Tower with Radar,6,17,38,11,72,0,3,15,7,25,6,20,53,18,97,38,44,82,179
01/19/2022,RST,MN,AGL,CE,Combined TRACON& Tower with Radar,6,26,39,2,73,0,3,6,0,9,6,29,45,2,82,0,0,0,82
01/20/2022,RST,MN,AGL,CE,Combined TRACON& Tower with Radar,9,22,26,0,57,0,7,8,0,15,9,29,34,0,72,22,0,22,94
01/21/2022,RST,MN,AGL,CE,Combined TRACON& Tower with Radar,11,32,18,9,70,0,0,3,0,3,11,32,21,9,73,0,24,24,97
01/22/2022,RST,MN,AGL,CE,Combined TRACON& Tower with Radar,3,17,11,0,31,0,0,5,0,5,3,17,16,0,36,26,0,26,62
01/23/2022,RST,MN,AGL,CE,Combined TRACON& Tower with Radar,4,11,21,0,36,0,0,19,0,19,4,11,40,0,55,22,0,22,77
01/24/2022,RST,MN,AGL,CE,Combined TRACON& Tower with Radar,4,20,30,0,54,0,2,8,0,10,4,22,38,0,64,30,0,30,94
01/25/2022,RST,MN,AGL,CE,Combined TRACON& Tower with Radar,6,24,37,0,67,0,4,3,0,7,6,28,40,0,74,0,0,0,74
01/26/2022,RST,MN,AGL,CE,Combined TRACON& Tower with Radar,6,19,22,5,52,0,1,0,0,1,6,20,22,5,53,0,28,28,81
01/27/2022,RST,MN,AGL,CE,Combined TRACON& Tower with Radar,10,18,20,6,54,0,2,8,0,10,10,20,28,6,64,20,20,40,104
01/28/2022,RST,MN,AGL,CE,Combined TRACON& Tower with Radar,7,19,29,0,55,0,4,27,0,31,7,23,56,0,86,40,0,40,126
01/29/2022,RST,MN,AGL,CE,Combined TRACON& Tower with Radar,4,18,31,0,53,0,4,41,0,45,4,22,72,0,98,78,2,80,178
01/30/2022,RST,MN,AGL,CE,Combined TRACON& Tower with Radar,4,15,22,0,41,0,4,8,0,12,4,19,30,0,53,70,0,70,123
01/31/2022,RST,MN,AGL,CE,Combined TRACON& Tower with Radar,4,24,18,1,47,0,6,16,0,22,4,30,34,1,69,25,0,25,94
02/01/2022,RST,MN,AGL,CE,Combined TRACON& Tower with Radar,6,32,18,2,58,0,2,3,0,5,6,34,21,2,63,0,0,0,63
02/02/2022,RST,MN,AGL,CE,Combined TRACON& Tower with Radar,6,27,19,4,56,0,6,19,3,28,6,33,38,7,84,22,2,24,108
02/03/2022,RST,MN,AGL,CE,Combined TRACON& Tower with Radar,11,20,28,11,70,0,15,28,4,47,11,35,56,15,117,90,20,110,227
02/04/2022,RST,MN,AGL,CE,Combined TRACON& Tower with Radar,9,14,20,0,43,0,0,0,0,0,9,14,20,0,43,0,0,0,43
02/05/2022,RST,MN,AGL,CE,Combined TRACON& Tower with Radar,3,24,11,0,38,0,3,20,0,23,3,27,31,0,61,44,0,44,105
02/06/2022,RST,MN,AGL,CE,Combined TRACON& Tower with Radar,5,12,22,0,39,0,0,2,0,2,5,12,24,0,41,0,0,0,41
02/07/2022,RST,MN,AGL,CE,Combined TRACON& Tower with Radar,9,30,35,2,76,0,7,32,0,39,9,37,67,2,115,92,0,92,207
02/08/2022,RST,MN,AGL,CE,Combined TRACON& Tower with Radar,6,32,33,0,71,0,8,28,0,36,6,40,61,0,107,57,0,57,164
02/09/2022,RST,MN,AGL,CE,Combined TRACON& Tower with Radar,6,19,24,2,51,0,0,2,0,2,6,19,26,2,53,0,0,0,53
02/10/2022,RST,MN,AGL,CE,Combined TRACON& Tower with Radar,10,16,34,0,60,0,0,3,0,3,10,16,37,0,63,2,0,2,65
02/11/2022,RST,MN,AGL,CE,Combined TRACON& Tower with Radar,8,25,22,0,55,0,0,1,0,1,8,25,23,0,56,0,0,0,56
02/12/2022,RST,MN,AGL,CE,Combined TRACON& Tower with Radar,2,23,24,0,49,0,6,27,0,33,2,29,51,0,82,12,0,12,94
02/13/2022,RST,MN,AGL,CE,Combined TRACON& Tower with Radar,6,24,8,0,38,0,6,22,0,28,6,30,30,0,66,54,0,54,120
02/14/2022,RST,MN,AGL,CE,Combined TRACON& Tower with Radar,8,27,32,0,67,0,1,12,0,13,8,28,44,0,80,14,0,14,94
02/15/2022,RST,MN,AGL,CE,Combined TRACON& Tower with Radar,6,23,30,1,60,0,10,17,0,27,6,33,47,1,87,4,0,4,91
02/16/2022,RST,MN,AGL,CE,Combined TRACON& Tower with Radar,6,21,29,0,56,0,3,17,0,20,6,24,46,0,76,62,0,62,138
02/17/2022,RST,MN,AGL,CE,Combined TRACON& Tower with Radar,8,33,26,1,68,0,18,32,0,50,8,51,58,1,118,114,0,114,232
02/18/2022,RST,MN,AGL,CE,Combined TRACON& Tower with Radar,10,20,16,0,46,0,1,0,0,1,10,21,16,0,47,0,0,0,47
02/19/2022,RST,MN,AGL,CE,Combined TRACON& Tower with Radar,2,26,20,0,48,0,7,33,0,40,2,33,53,0,88,52,0,52,140
02/20/2022,RST,MN,AGL,CE,Combined TRACON& Tower with Radar,5,15,21,0,41,0,0,28,0,28,5,15,49,0,69,34,0,34,103
02/21/2022,RST,MN,AGL,CE,Combined TRACON& Tower with Radar,7,23,8,0,38,0,0,2,0,2,7,23,10,0,40,0,0,0,40
02/22/2022,RST,MN,AGL,CE,Combined TRACON& Tower with Radar,6,9,8,0,23,0,0,0,0,0,6,9,8,0,23,0,0,0,23
02/23/2022,RST,MN,AGL,CE,Combined TRACON& Tower with Radar,6,29,43,0,78,0,11,19,0,30,6,40,62,0,108,84,0,84,192
02/24/2022,RST,MN,AGL,CE,Combined TRACON& Tower with Radar,7,16,5,10,38,0,2,4,4,10,7,18,9,14,48,8,40,48,96
02/25/2022,RST,MN,AGL,CE,Combined TRACON& Tower with Radar,8,27,16,0,51,0,9,27,0,36,8,36,43,0,87,38,0,38,125
02/26/2022,RST,MN,AGL,CE,Combined TRACON& Tower with Radar,2,26,21,0,49,0,3,42,0,45,2,29,63,0,94,106,0,106,200
02/27/2022,RST,MN,AGL,CE,Combined TRACON& Tower with Radar,5,26,37,0,68,0,9,48,0,57,5,35,85,0,125,74,0,74,199
02/28/2022,RST,MN,AGL,CE,Combined TRACON& Tower with Radar,7,26,26,0,59,0,24,42,0,66,7,50,68,0,125,142,0,142,267
03/01/2022,RST,MN,AGL,CE,Combined TRACON& Tower with Radar,8,29,32,1,70,0,6,29,0,35,8,35,61,1,105,60,0,60,165
03/02/2022,RST,MN,AGL,CE,Combined TRACON& Tower with Radar,6,25,24,1,56,0,6,6,0,12,6,31,30,1,68,88,0,88,156
03/03/2022,RST,MN,AGL,CE,Combined TRACON& Tower with Radar,7,38,24,8,77,0,16,36,0,52,7,54,60,8,129,142,0,142,271
03/04/2022,RST,MN,AGL,CE,Combined TRACON& Tower with Radar,5,41,37,0,83,0,6,29,0,35,5,47,66,0,118,38,0,38,156
03/05/2022,RST,MN,AGL,CE,Combined TRACON& Tower with Radar,3,15,10,0,28,0,0,0,0,0,3,15,10,0,28,0,0,0,28
03/06/2022,RST,MN,AGL,CE,Combined TRACON& Tower with Radar,4,27,11,0,42,0,0,3,0,3,4,27,14,0,45,20,0,20,65
03/07/2022,RST,MN,AGL,CE,Combined TRACON& Tower with Radar,4,44,35,0,83,0,9,22,0,31,4,53,57,0,114,92,0,92,206
03/08/2022,RST,MN,AGL,CE,Combined TRACON& Tower with Radar,4,33,34,4,75,0,4,23,6,33,4,37,57,10,108,58,50,108,216
03/09/2022,RST,MN,AGL,CE,Combined TRACON& Tower with Radar,8,32,36,0,76,0,2,19,0,21,8,34,55,0,97,60,0,60,157
03/10/2022,RST,MN,AGL,CE,Combined TRACON& Tower with Radar,6,36,29,14,85,0,20,35,13,68,6,56,64,27,153,110,84,194,347
03/11/2022,RST,MN,AGL,CE,Combined TRACON& Tower with Radar,7,18,13,0,38,0,0,11,0,11,7,18,24,0,49,4,0,4,53
03/12/2022,RST,MN,AGL,CE,Combined TRACON& Tower with Radar,1,18,17,0,36,0,3,56,0,59,1,21,73,0,95,48,0,48,143
03/13/2022,RST,MN,AGL,CE,Combined TRACON& Tower with Radar,2,25,38,0,65,0,7,32,0,39,2,32,70,0,104,94,0,94,198
03/14/2022,RST,MN,AGL,CE,Combined TRACON& Tower with Radar,5,29,22,0,56,0,0,12,0,12,5,29,34,0,68,34,0,34,102
03/15/2022,RST,MN,AGL,CE,Combined TRACON& Tower with Radar,6,53,34,0,93,0,13,42,0,55,6,66,76,0,148,68,0,68,216
03/16/2022,RST,MN,AGL,CE,Combined TRACON& Tower with Radar,4,43,52,0,99,0,15,15,0,30,4,58,67,0,129,44,0,44,173
03/17/2022,RST,MN,AGL,CE,Combined TRACON& Tower with Radar,6,33,36,6,81,0,2,22,0,24,6,35,58,6,105,28,10,38,143
03/18/2022,RST,MN,AGL,CE,Combined TRACON& Tower with Radar,7,31,12,8,58,0,4,15,0,19,7,35,27,8,77,138,22,160,237
03/19/2022,RST,MN,AGL,CE,Combined TRACON& Tower with Radar,1,19,47,0,67,0,4,68,0,72,1,23,115,0,139,122,0,122,261
03/20/2022,RST,MN,AGL,CE,Combined TRACON& Tower with Radar,3,25,37,0,65,0,10,48,0,58,3,35,85,0,123,102,0,102,225
03/21/2022,RST,MN,AGL,CE,Combined TRACON& Tower with Radar,4,40,25,2,71,0,3,36,0,39,4,43,61,2,110,68,32,100,210
03/22/2022,RST,MN,AGL,CE,Combined TRACON& Tower with Radar,4,23,24,0,51,0,0,0,0,0,4,23,24,0,51,0,0,0,51
03/23/2022,RST,MN,AGL,CE,Combined TRACON& Tower with Radar,6,27,24,0,57,0,0,0,0,0,6,27,24,0,57,0,0,0,57
03/24/2022,RST,MN,AGL,CE,Combined TRACON& Tower with Radar,6,26,30,0,62,0,1,3,0,4,6,27,33,0,66,6,0,6,72
03/25/2022,RST,MN,AGL,CE,Combined TRACON& Tower with Radar,7,19,23,0,49,0,1,1,0,2,7,20,24,0,51,2,0,2,53
03/26/2022,RST,MN,AGL,CE,Combined TRACON& Tower with Radar,1,22,20,0,43,0,4,19,0,23,1,26,39,0,66,10,0,10,76
03/27/2022,RST,MN,AGL,CE,Combined TRACON& Tower with Radar,4,22,33,0,59,0,20,60,0,80,4,42,93,0,139,104,0,104,243
03/28/2022,RST,MN,AGL,CE,Combined TRACON& Tower with Radar,5,21,28,0,54,0,0,49,0,49,5,21,77,0,103,88,0,88,191
03/29/2022,RST,MN,AGL,CE,Combined TRACON& Tower with Radar,4,33,24,6,67,0,0,12,2,14,4,33,36,8,81,10,24,34,115
03/30/2022,RST,MN,AGL,CE,Combined TRACON& Tower with Radar,4,21,12,0,37,0,0,0,0,0,4,21,12,0,37,0,0,0,37
03/31/2022,RST,MN,AGL,CE,Combined TRACON& Tower with Radar,6,32,31,4,73,0,4,1,0,5,6,36,32,4,78,1,10,11,89
04/01/2022,RST,MN,AGL,CE,Combined TRACON& Tower with Radar,4,31,21,0,56,0,12,52,0,64,4,43,73,0,120,126,0,126,246
04/02/2022,RST,MN,AGL,CE,Combined TRACON& Tower with Radar,2,16,17,0,35,0,0,9,0,9,2,16,26,0,44,20,0,20,64
04/03/2022,RST,MN,AGL,CE,Combined TRACON& Tower with Radar,2,24,26,0,52,0,2,38,0,40,2,26,64,0,92,86,0,86,178
04/04/2022,RST,MN,AGL,CE,Combined TRACON& Tower with Radar,7,31,34,0,72,0,2,18,0,20,7,33,52,0,92,68,0,68,160
04/05/2022,RST,MN,AGL,CE,Combined TRACON& Tower with Radar,4,26,22,0,52,0,0,2,0,2,4,26,24,0,54,0,0,0,54
04/06/2022,RST,MN,AGL,CE,Combined TRACON& Tower with Radar,5,28,19,0,52,0,0,0,0,0,5,28,19,0,52,0,0,0,52
04/07/2022,RST,MN,AGL,CE,Combined TRACON& Tower with Radar,6,20,12,0,38,0,0,0,0,0,6,20,12,0,38,0,0,0,38
04/08/2022,RST,MN,AGL,CE,Combined TRACON& Tower with Radar,5,27,22,11,65,0,9,12,3,24,5,36,34,14,89,48,44,92,181
04/09/2022,RST,MN,AGL,CE,Combined TRACON& Tower with Radar,1,33,27,0,61,0,15,76,0,91,1,48,103,0,152,128,0,128,280
04/10/2022,RST,MN,AGL,CE,Combined TRACON& Tower with Radar,2,24,25,0,51,0,5,12,0,17,2,29,37,0,68,38,0,38,106
04/11/2022,RST,MN,AGL,CE,Combined TRACON& Tower with Radar,4,34,37,0,75,0,17,40,0,57,4,51,77,0,132,106,0,106,238
04/12/2022,RST,MN,AGL,CE,Combined TRACON& Tower with Radar,4,27,26,0,57,0,1,10,0,11,4,28,36,0,68,52,0,52,120
04/13/2022,RST,MN,AGL,CE,Combined TRACON& Tower with Radar,4,37,28,4,73,0,2,1,0,3,4,39,29,4,76,12,0,12,88
04/14/2022,RST,MN,AGL,CE,Combined TRACON& Tower with Radar,12,32,28,0,72,0,0,0,0,0,12,32,28,0,72,4,0,4,76
04/15/2022,RST,MN,AGL,CE,Combined TRACON& Tower with Radar,7,37,32,0,76,0,2,24,0,26,7,39,56,0,102,30,0,30,132
04/16/2022,RST,MN,AGL,CE,Combined TRACON& Tower with Radar,1,21,31,0,53,0,2,32,0,34,1,23,63,0,87,76,0,76,163
04/17/2022,RST,MN,AGL,CE,Combined TRACON& Tower with Radar,3,20,21,0,44,0,1,22,0,23,3,21,43,0,67,18,0,18,85
04/18/2022,RST,MN,AGL,CE,Combined TRACON& Tower with Radar,4,19,26,6,55,0,3,0,0,3,4,22,26,6,58,0,8,8,66
04/19/2022,RST,MN,AGL,CE,Combined TRACON& Tower with Radar,5,38,48,3,94,0,12,53,3,68,5,50,101,6,162,110,6,116,278
04/20/2022,RST,MN,AGL,CE,Combined TRACON& Tower with Radar,4,31,45,2,82,0,0,3,0,3,4,31,48,2,85,6,4,10,95
04/21/2022,RST,MN,AGL,CE,Combined TRACON& Tower with Radar,4,45,50,16,115,0,8,79,0,87,4,53,129,16,202,152,12,164,366
04/22/2022,RST,MN,AGL,CE,Combined TRACON& Tower with Radar,6,29,24,2,61,0,0,0,0,0,6,29,24,2,61,0,0,0,61
04/23/2022,RST,MN,AGL,CE,Combined TRACON& Tower with Radar,3,25,18,0,46,0,0,1,0,1,3,25,19,0,47,0,0,0,47
04/24/2022,RST,MN,AGL,CE,Combined TRACON& Tower with Radar,0,20,19,0,39,0,0,5,0,5,0,20,24,0,44,0,0,0,44
04/25/2022,RST,MN,AGL,CE,Combined TRACON& Tower with Radar,2,23,44,0,69,0,1,3,0,4,2,24,47,0,73,0,0,0,73
04/26/2022,RST,MN,AGL,CE,Combined TRACON& Tower with Radar,4,28,48,9,89,0,15,47,3,65,4,43,95,12,154,174,24,198,352
04/27/2022,RST,MN,AGL,CE,Combined TRACON& Tower with Radar,4,36,36,1,77,0,12,52,1,65,4,48,88,2,142,60,4,64,206
04/28/2022,RST,MN,AGL,CE,Combined TRACON& Tower with Radar,4,19,29,0,52,0,1,6,0,7,4,20,35,0,59,18,0,18,77
04/29/2022,RST,MN,AGL,CE,Combined TRACON& Tower with Radar,3,34,42,0,79,0,0,7,0,7,3,34,49,0,86,26,0,26,112
04/30/2022,RST,MN,AGL,CE,Combined TRACON& Tower with Radar,1,18,18,0,37,0,0,0,0,0,1,18,18,0,37,0,0,0,37
05/01/2022,RST,MN,AGL,CE,Combined TRACON& Tower with Radar,0,21,20,0,41,0,0,0,0,0,0,21,20,0,41,0,0,0,41
05/02/2022,RST,MN,AGL,CE,Combined TRACON& Tower with Radar,3,13,35,14,65,0,0,10,0,10,3,13,45,14,75,48,0,48,123
05/03/2022,RST,MN,AGL,CE,Combined TRACON& Tower with Radar,4,30,32,0,66,0,2,41,0,43,4,32,73,0,109,50,0,50,159
05/04/2022,RST,MN,AGL,CE,Combined TRACON& Tower with Radar,4,43,44,12,103,0,17,75,0,92,4,60,119,12,195,146,28,174,369
05/05/2022,RST,MN,AGL,CE,Combined TRACON& Tower with Radar,6,26,24,8,64,0,7,26,0,33,6,33,50,8,97,78,8,86,183
05/06/2022,RST,MN,AGL,CE,Combined TRACON& Tower with Radar,3,25,22,0,50,0,14,65,0,79,3,39,87,0,129,78,4,82,211
05/07/2022,RST,MN,AGL,CE,Combined TRACON& Tower with Radar,1,16,31,0,48,0,2,58,0,60,1,18,89,0,108,72,0,72,180
05/08/2022,RST,MN,AGL,CE,Combined TRACON& Tower with Radar,0,17,18,0,35,0,2,0,0,2,0,19,18,0,37,0,0,0,37
05/09/2022,RST,MN,AGL,CE,Combined TRACON& Tower with Radar,11,14,33,0,58,0,0,5,0,5,11,14,38,0,63,0,0,0,63
05/10/2022,RST,MN,AGL,CE,Combined TRACON& Tower with Radar,7,33,25,0,65,0,17,38,0,55,7,50,63,0,120,172,0,172,292
05/11/2022,RST,MN,AGL,CE,Combined TRACON& Tower with Radar,4,18,36,6,64,0,1,15,2,18,4,19,51,8,82,24,44,68,150
05/12/2022,RST,MN,AGL,CE,Combined TRACON& Tower with Radar,8,33,28,0,69,0,3,24,0,27,8,36,52,0,96,24,0,24,120
05/13/2022,RST,MN,AGL,CE,Combined TRACON& Tower with Radar,5,29,29,0,63,0,10,66,0,76,5,39,95,0,139,48,0,48,187
05/14/2022,RST,MN,AGL,CE,Combined TRACON& Tower with Radar,1,18,17,0,36,0,8,48,0,56,1,26,65,0,92,54,0,54,146
05/15/2022,RST,MN,AGL,CE,Combined TRACON& Tower with Radar,0,25,48,0,73,0,6,54,0,60,0,31,102,0,133,74,0,74,207
05/16/2022,RST,MN,AGL,CE,Combined TRACON& Tower with Radar,2,26,57,0,85,0,4,45,0,49,2,30,102,0,134,84,0,84,218
05/17/2022,RST,MN,AGL,CE,Combined TRACON& Tower with Radar,4,41,67,4,116,0,8,38,2,48,4,49,105,6,164,48,20,68,232
05/18/2022,RST,MN,AGL,CE,Combined TRACON& Tower with Radar,4,27,54,22,107,0,11,45,5,61,4,38,99,27,168,186,68,254,422
05/19/2022,RST,MN,AGL,CE,Combined TRACON& Tower with Radar,6,31,39,0,76,0,3,26,0,29,6,34,65,0,105,20,0,20,125
05/20/2022,RST,MN,AGL,CE,Combined TRACON& Tower with Radar,5,38,30,5,78,0,9,31,3,43,5,47,61,8,121,136,0,136,257
05/21/2022,RST,MN,AGL,CE,Combined TRACON& Tower with Radar,1,27,34,0,62,0,0,35,0,35,1,27,69,0,97,32,0,32,129
05/22/2022,RST,MN,AGL,CE,Combined TRACON& Tower with Radar,1,19,30,0,50,0,5,35,0,40,1,24,65,0,90,88,0,88,178
05/23/2022,RST,MN,AGL,CE,Combined TRACON& Tower with Radar,3,33,27,0,63,0,12,45,2,59,3,45,72,2,122,122,0,122,244
05/24/2022,RST,MN,AGL,CE,Combined TRACON& Tower with Radar,6,29,42,2,79,0,10,53,0,63,6,39,95,2,142,44,0,44,186
05/25/2022,RST,MN,AGL,CE,Combined TRACON& Tower with Radar,6,29,29,0,64,0,0,0,0,0,6,29,29,0,64,0,0,0,64
05/26/2022,RST,MN,AGL,CE,Combined TRACON& Tower with Radar,5,26,33,0,64,0,0,1,0,1,5,26,34,0,65,4,0,4,69
05/27/2022,RST,MN,AGL,CE,Combined TRACON& Tower with Radar,5,33,31,0,69,0,16,88,0,104,5,49,119,0,173,202,0,202,375
05/28/2022,RST,MN,AGL,CE,Combined TRACON& Tower with Radar,1,22,9,0,32,0,4,6,0,10,1,26,15,0,42,8,0,8,50
05/29/2022,RST,MN,AGL,CE,Combined TRACON& Tower with Radar,0,13,12,0,25,0,1,3,0,4,0,14,15,0,29,0,0,0,29
05/30/2022,RST,MN,AGL,CE,Combined TRACON& Tower with Radar,4,20,10,0,34,0,0,5,0,5,4,20,15,0,39,18,0,18,57
05/31/2022,RST,MN,AGL,CE,Combined TRACON& Tower with Radar,2,36,14,10,62,0,7,15,5,27,2,43,29,15,89,60,42,102,191
06/01/2022,RST,MN,AGL,CE,Combined TRACON& Tower with Radar,5,32,36,4,77,0,7,45,2,54,5,39,81,6,131,126,28,154,285
06/02/2022,RST,MN,AGL,CE,Combined TRACON& Tower with Radar,6,32,25,19,82,0,4,36,9,49,6,36,61,28,131,54,84,138,269
06/03/2022,RST,MN,AGL,CE,Combined TRACON& Tower with Radar,5,33,39,0,77,0,12,50,0,62,5,45,89,0,139,132,0,132,271
06/04/2022,RST,MN,AGL,CE,Combined TRACON& Tower with Radar,1,19,15,0,35,0,0,11,0,11,1,19,26,0,46,26,0,26,72
06/05/2022,RST,MN,AGL,CE,Combined TRACON& Tower with Radar,0,25,31,0,56,0,0,1,0,1,0,25,32,0,57,0,0,0,57
06/06/2022,RST,MN,AGL,CE,Combined TRACON& Tower with Radar,3,31,17,0,51,0,6,23,0,29,3,37,40,0,80,96,0,96,176
06/07/2022,RST,MN,AGL,CE,Combined TRACON& Tower with Radar,5,34,29,0,68,0,6,52,0,58,5,40,81,0,126,110,0,110,236
06/08/2022,RST,MN,AGL,CE,Combined TRACON& Tower with Radar,6,50,31,0,87,0,7,35,0,42,6,57,66,0,129,98,0,98,227
06/09/2022,RST,MN,AGL,CE,Combined TRACON& Tower with Radar,5,27,24,12,68,0,9,41,0,50,5,36,65,12,118,174,4,178,296
06/10/2022,RST,MN,AGL,CE,Combined TRACON& Tower with Radar,6,31,28,0,65,0,6,32,0,38,6,37,60,0,103,82,0,82,185
06/11/2022,RST,MN,AGL,CE,Combined TRACON& Tower with Radar,3,22,17,0,42,0,0,8,0,8,3,22,25,0,50,0,0,0,50
06/12/2022,RST,MN,AGL,CE,Combined TRACON& Tower with Radar,3,18,30,0,51,0,1,9,0,10,3,19,39,0,61,48,0,48,109
06/13/2022,RST,MN,AGL,CE,Combined TRACON& Tower with Radar,3,26,18,0,47,0,1,0,0,1,3,27,18,0,48,0,0,0,48
06/14/2022,RST,MN,AGL,CE,Combined TRACON& Tower with Radar,5,23,27,0,55,0,9,14,0,23,5,32,41,0,78,14,0,14,92
06/15/2022,RST,MN,AGL,CE,Combined TRACON& Tower with Radar,5,29,36,6,76,0,4,30,2,36,5,33,66,8,112,36,14,50,162
06/16/2022,RST,MN,AGL,CE,Combined TRACON& Tower with Radar,5,28,24,0,57,0,3,19,0,22,5,31,43,0,79,32,0,32,111
06/17/2022,RST,MN,AGL,CE,Combined TRACON& Tower with Radar,7,33,29,2,71,0,6,86,0,92,7,39,115,2,163,108,6,114,277
06/18/2022,RST,MN,AGL,CE,Combined TRACON& Tower with Radar,3,18,31,0,52,0,0,46,0,46,3,18,77,0,98,98,0,98,196
06/19/2022,RST,MN,AGL,CE,Combined TRACON& Tower with Radar,1,14,22,0,37,0,2,38,0,40,1,16,60,0,77,16,0,16,93
06/20/2022,RST,MN,AGL,CE,Combined TRACON& Tower with Radar,3,21,37,0,61,0,8,25,0,33,3,29,62,0,94,36,0,36,130
06/21/2022,RST,MN,AGL,CE,Combined TRACON& Tower with Radar,5,33,32,0,70,0,20,46,1,67,5,53,78,1,137,56,0,56,193
06/22/2022,RST,MN,AGL,CE,Combined TRACON& Tower with Radar,5,34,32,3,74,0,9,60,0,69,5,43,92,3,143,74,6,80,223
06/23/2022,RST,MN,AGL,CE,Combined TRACON& Tower with Radar,5,29,26,8,68,0,18,38,0,56,5,47,64,8,124,86,32,118,242
06/24/2022,RST,MN,AGL,CE,Combined TRACON& Tower with Radar,4,24,41,0,69,0,6,29,0,35,4,30,70,0,104,62,0,62,166
06/25/2022,RST,MN,AGL,CE,Combined TRACON& Tower with Radar,2,14,12,0,28,0,0,8,0,8,2,14,20,0,36,44,0,44,80
06/26/2022,RST,MN,AGL,CE,Combined TRACON& Tower with Radar,1,18,24,0,43,0,0,11,0,11,1,18,35,0,54,0,0,0,54
06/27/2022,RST,MN,AGL,CE,Combined TRACON& Tower with Radar,3,34,29,20,86,0,18,78,9,105,3,52,107,29,191,198,22,220,411
06/28/2022,RST,MN,AGL,CE,Combined TRACON& Tower with Radar,5,34,38,4,81,0,4,31,3,38,5,38,69,7,119,70,2,72,191
06/29/2022,RST,MN,AGL,CE,Combined TRACON& Tower with Radar,7,27,45,6,85,0,4,41,5,50,7,31,86,11,135,59,12,71,206
06/30/2022,RST,MN,AGL,CE,Combined TRACON& Tower with Radar,6,29,26,6,67,0,1,27,0,28,6,30,53,6,95,120,0,120,215
07/01/2022,RST,MN,AGL,CE,Combined TRACON& Tower with Radar,4,41,29,0,74,0,25,77,0,102,4,66,106,0,176,146,0,146,322
07/02/2022,RST,MN,AGL,CE,Combined TRACON& Tower with Radar,3,14,12,0,29,0,1,35,0,36,3,15,47,0,65,46,0,46,111
07/03/2022,RST,MN,AGL,CE,Combined TRACON& Tower with Radar,2,8,17,0,27,0,7,46,0,53,2,15,63,0,80,32,0,32,112
07/04/2022,RST,MN,AGL,CE,Combined TRACON& Tower with Radar,2,18,22,0,42,0,0,7,0,7,2,18,29,0,49,6,0,6,55
07/05/2022,RST,MN,AGL,CE,Combined TRACON& Tower with Radar,5,17,36,0,58,0,4,28,0,32,5,21,64,0,90,52,0,52,142
07/06/2022,RST,MN,AGL,CE,Combined TRACON& Tower with Radar,6,38,64,0,108,0,4,16,0,20,6,42,80,0,128,85,0,85,213
07/07/2022,RST,MN,AGL,CE,Combined TRACON& Tower with Radar,8,26,38,2,74,0,5,19,0,24,8,31,57,2,98,90,0,90,188
07/08/2022,RST,MN,AGL,CE,Combined TRACON& Tower with Radar,5,40,33,0,78,0,7,17,0,24,5,47,50,0,102,29,0,29,131
07/09/2022,RST,MN,AGL,CE,Combined TRACON& Tower with Radar,3,23,18,0,44,0,8,63,0,71,3,31,81,0,115,100,0,100,215
07/10/2022,RST,MN,AGL,CE,Combined TRACON& Tower with Radar,1,22,26,0,49,0,4,20,0,24,1,26,46,0,73,10,0,10,83
07/11/2022,RST,MN,AGL,CE,Combined TRACON& Tower with Radar,5,24,53,0,82,0,3,31,0,34,5,27,84,0,116,108,0,108,224
07/12/2022,RST,MN,AGL,CE,Combined TRACON& Tower with Radar,11,31,35,20,97,0,3,51,13,67,11,34,86,33,164,88,74,162,326
07/13/2022,RST,MN,AGL,CE,Combined TRACON& Tower with Radar,7,30,30,0,67,0,4,52,1,57,7,34,82,1,124,92,0,92,216
07/14/2022,RST,MN,AGL,CE,Combined TRACON& Tower with Radar,7,24,35,9,75,0,10,83,4,97,7,34,118,13,172,36,28,64,236
07/15/2022,RST,MN,AGL,CE,Combined TRACON& Tower with Radar,6,29,41,4,80,0,2,36,0,38,6,31,77,4,118,122,8,130,248
07/16/2022,RST,MN,AGL,CE,Combined TRACON& Tower with Radar,9,25,22,0,56,0,3,44,0,47,9,28,66,0,103,54,0,54,157
07/17/2022,RST,MN,AGL,CE,Combined TRACON& Tower with Radar,3,18,40,0,61,0,3,81,0,84,3,21,121,0,145,58,0,58,203
07/18/2022,RST,MN,AGL,CE,Combined TRACON& Tower with Radar,5,28,31,8,72,0,7,55,0,62,5,35,86,8,134,98,32,130,264
07/19/2022,RST,MN,AGL,CE,Combined TRACON& Tower with Radar,11,35,34,4,84,0,3,18,2,23,11,38,52,6,107,16,14,30,137
07/20/2022,RST,MN,AGL,CE,Combined TRACON& Tower with Radar,9,30,25,2,66,0,4,28,3,35,9,34,53,5,101,24,14,38,139
07/21/2022,RST,MN,AGL,CE,Combined TRACON& Tower with Radar,11,36,29,3,79,0,11,62,1,74,11,47,91,4,153,88,14,102,255
07/22/2022,RST,MN,AGL,CE,Combined TRACON& Tower with Radar,6,34,37,0,77,0,11,48,0,59,6,45,85,0,136,128,0,128,264
07/23/2022,RST,MN,AGL,CE,Combined TRACON& Tower with Radar,4,13,19,0,36,0,0,22,0,22,4,13,41,0,58,26,0,26,84
07/24/2022,RST,MN,AGL,CE,Combined TRACON& Tower with Radar,4,26,30,0,60,0,15,56,0,71,4,41,86,0,131,70,0,70,201
07/25/2022,RST,MN,AGL,CE,Combined TRACON& Tower with Radar,5,16,32,0,53,0,5,50,0,55,5,21,82,0,108,124,0,124,232
07/26/2022,RST,MN,AGL,CE,Combined TRACON& Tower with Radar,8,35,31,22,96,0,5,46,5,56,8,40,77,27,152,104,34,138,290
07/27/2022,RST,MN,AGL,CE,Combined TRACON& Tower with Radar,7,22,36,0,65,0,3,54,0,57,7,25,90,0,122,76,0,76,198
07/28/2022,RST,MN,AGL,CE,Combined TRACON& Tower with Radar,11,34,28,0,73,0,9,34,1,44,11,43,62,1,117,60,0,60,177
07/29/2022,RST,MN,AGL,CE,Combined TRACON& Tower with Radar,6,27,30,0,63,0,8,46,1,55,6,35,76,1,118,116,0,116,234
07/30/2022,RST,MN,AGL,CE,Combined TRACON& Tower with Radar,5,12,18,0,35,0,1,69,0,70,5,13,87,0,105,70,0,70,175
07/31/2022,RST,MN,AGL,CE,Combined TRACON& Tower with Radar,3,19,24,0,46,0,0,65,0,65,3,19,89,0,111,58,0,58,169
08/01/2022,RST,MN,AGL,CE,Combined TRACON& Tower with Radar,5,29,47,2,83,0,4,42,0,46,5,33,89,2,129,158,0,158,287
08/02/2022,RST,MN,AGL,CE,Combined TRACON& Tower with Radar,11,31,30,0,72,0,8,36,2,46,11,39,66,2,118,60,0,60,178
08/03/2022,RST,MN,AGL,CE,Combined TRACON& Tower with Radar,7,34,38,4,83,0,4,54,4,62,7,38,92,8,145,104,2,106,251
08/04/2022,RST,MN,AGL,CE,Combined TRACON& Tower with Radar,8,27,27,1,63,0,5,75,7,87,8,32,102,8,150,224,22,246,396
08/05/2022,RST,MN,AGL,CE,Combined TRACON& Tower with Radar,8,20,31,0,59,0,4,54,0,58,8,24,85,0,117,116,0,116,233
08/06/2022,RST,MN,AGL,CE,Combined TRACON& Tower with Radar,5,14,13,0,32,0,0,11,0,11,5,14,24,0,43,0,0,0,43
08/07/2022,RST,MN,AGL,CE,Combined TRACON& Tower with Radar,4,14,41,0,59,0,0,3,0,3,4,14,44,0,62,0,0,0,62
08/08/2022,RST,MN,AGL,CE,Combined TRACON& Tower with Radar,5,20,40,0,65,0,4,36,0,40,5,24,76,0,105,96,0,96,201
08/09/2022,RST,MN,AGL,CE,Combined TRACON& Tower with Radar,13,25,36,0,74,0,11,75,0,86,13,36,111,0,160,194,0,194,354
08/10/2022,RST,MN,AGL,CE,Combined TRACON& Tower with Radar,13,35,41,0,89,0,5,51,0,56,13,40,92,0,145,120,0,120,265
08/11/2022,RST,MN,AGL,CE,Combined TRACON& Tower with Radar,9,14,43,3,69,0,4,62,0,66,9,18,105,3,135,102,0,102,237
08/12/2022,RST,MN,AGL,CE,Combined TRACON& Tower with Radar,6,22,26,0,54,0,5,10,0,15,6,27,36,0,69,48,0,48,117
08/13/2022,RST,MN,AGL,CE,Combined TRACON& Tower with Radar,5,21,41,0,67,0,2,1,1,4,5,23,42,1,71,0,0,0,71
08/14/2022,RST,MN,AGL,CE,Combined TRACON& Tower with Radar,3,18,40,0,61,0,6,18,0,24,3,24,58,0,85,78,0,78,163
08/15/2022,RST,MN,AGL,CE,Combined TRACON& Tower with Radar,5,30,32,0,67,0,5,24,1,30,5,35,56,1,97,136,0,136,233
08/16/2022,RST,MN,AGL,CE,Combined TRACON& Tower with Radar,11,38,31,0,80,0,7,68,0,75,11,45,99,0,155,130,0,130,285
08/17/2022,RST,MN,AGL,CE,Combined TRACON& Tower with Radar,7,26,28,0,61,0,11,52,0,63,7,37,80,0,124,94,0,94,218
08/18/2022,RST,MN,AGL,CE,Combined TRACON& Tower with Radar,11,30,30,0,71,0,4,23,0,27,11,34,53,0,98,92,0,92,190
08/19/2022,RST,MN,AGL,CE,Combined TRACON& Tower with Radar,6,23,16,0,45,0,4,8,0,12,6,27,24,0,57,24,0,24,81
08/20/2022,RST,MN,AGL,CE,Combined TRACON& Tower with Radar,7,12,15,0,34,0,3,5,0,8,7,15,20,0,42,20,0,20,62
08/21/2022,RST,MN,AGL,CE,Combined TRACON& Tower with Radar,1,20,17,0,38,0,4,47,0,51,1,24,64,0,89,106,0,106,195
08/22/2022,RST,MN,AGL,CE,Combined TRACON& Tower with Radar,5,39,53,0,97,0,18,54,1,73,5,57,107,1,170,94,0,94,264
08/23/2022,RST,MN,AGL,CE,Combined TRACON& Tower with Radar,13,27,38,1,79,0,12,55,0,67,13,39,93,1,146,76,0,76,222
08/24/2022,RST,MN,AGL,CE,Combined TRACON& Tower with Radar,11,23,33,0,67,0,1,6,0,7,11,24,39,0,74,8,0,8,82
08/25/2022,RST,MN,AGL,CE,Combined TRACON& Tower with Radar,12,25,25,0,62,0,3,20,0,23,12,28,45,0,85,30,0,30,115
08/26/2022,RST,MN,AGL,CE,Combined TRACON& Tower with Radar,8,37,38,0,83,0,6,74,0,80,8,43,112,0,163,86,0,86,249
08/27/2022,RST,MN,AGL,CE,Combined TRACON& Tower with Radar,6,12,10,0,28,0,0,8,0,8,6,12,18,0,36,14,0,14,50
08/28/2022,RST,MN,AGL,CE,Combined TRACON& Tower with Radar,6,21,32,0,59,0,0,2,0,2,6,21,34,0,61,14,0,14,75
08/29/2022,RST,MN,AGL,CE,Combined TRACON& Tower with Radar,9,23,33,0,65,0,10,15,0,25,9,33,48,0,90,10,0,10,100
08/30/2022,RST,MN,AGL,CE,Combined TRACON& Tower with Radar,14,21,39,0,74,0,8,33,0,41,14,29,72,0,115,40,0,40,155
08/31/2022,RST,MN,AGL,CE,Combined TRACON& Tower with Radar,10,24,40,8,82,0,19,62,8,89,10,43,102,16,171,160,27,187,358
09/01/2022,RST,MN,AGL,CE,Combined TRACON& Tower with Radar,7,22,31,5,65,0,6,61,3,70,7,28,92,8,135,138,20,158,293
09/02/2022,RST,MN,AGL,CE,Combined TRACON& Tower with Radar,8,19,27,0,54,0,4,30,0,34,8,23,57,0,88,18,0,18,106
09/03/2022,RST,MN,AGL,CE,Combined TRACON& Tower with Radar,5,8,16,0,29,0,8,54,0,62,5,16,70,0,91,50,0,50,141
09/04/2022,RST,MN,AGL,CE,Combined TRACON& Tower with Radar,4,14,23,0,41,0,3,41,0,44,4,17,64,0,85,62,0,62,147
09/05/2022,RST,MN,AGL,CE,Combined TRACON& Tower with Radar,4,24,26,0,54,0,7,28,0,35,4,31,54,0,89,94,0,94,183
09/06/2022,RST,MN,AGL,CE,Combined TRACON& Tower with Radar,5,24,40,0,69,0,4,40,0,44,5,28,80,0,113,146,0,146,259
09/07/2022,RST,MN,AGL,CE,Combined TRACON& Tower with Radar,8,35,35,0,78,0,17,47,0,64,8,52,82,0,142,156,0,156,298
09/08/2022,RST,MN,AGL,CE,Combined TRACON& Tower with Radar,15,25,48,0,88,0,5,15,0,20,15,30,63,0,108,12,0,12,120
09/09/2022,RST,MN,AGL,CE,Combined TRACON& Tower with Radar,13,27,39,0,79,0,3,8,0,11,13,30,47,0,90,18,0,18,108
09/10/2022,RST,MN,AGL,CE,Combined TRACON& Tower with Radar,5,15,25,0,45,0,5,5,0,10,5,20,30,0,55,10,0,10,65
09/11/2022,RST,MN,AGL,CE,Combined TRACON& Tower with Radar,6,19,38,0,63,0,7,42,0,49,6,26,80,0,112,62,0,62,174
09/12/2022,RST,MN,AGL,CE,Combined TRACON& Tower with Radar,9,13,42,0,64,0,14,46,1,61,9,27,88,1,125,26,0,26,151
09/13/2022,RST,MN,AGL,CE,Combined TRACON& Tower with Radar,13,31,43,2,89,0,11,38,0,49,13,42,81,2,138,98,0,98,236
09/14/2022,RST,MN,AGL,CE,Combined TRACON& Tower with Radar,9,37,38,3,87,0,16,36,6,58,9,53,74,9,145,108,44,152,297
09/15/2022,RST,MN,AGL,CE,Combined TRACON& Tower with Radar,16,23,38,0,77,0,6,23,0,29,16,29,61,0,106,42,0,42,148
09/16/2022,RST,MN,AGL,CE,Combined TRACON& Tower with Radar,8,39,31,0,78,0,6,21,0,27,8,45,52,0,105,56,0,56,161
09/17/2022,RST,MN,AGL,CE,Combined TRACON& Tower with Radar,5,13,26,0,44,0,4,11,0,15,5,17,37,0,59,8,0,8,67
09/18/2022,RST,MN,AGL,CE,Combined TRACON& Tower with Radar,4,37,36,0,77,0,5,16,0,21,4,42,52,0,98,62,0,62,160
09/19/2022,RST,MN,AGL,CE,Combined TRACON& Tower with Radar,7,29,31,0,67,0,2,29,0,31,7,31,60,0,98,50,0,50,148
09/20/2022,RST,MN,AGL,CE,Combined TRACON& Tower with Radar,7,25,23,8,63,0,27,28,3,58,7,52,51,11,121,100,22,122,243
09/21/2022,RST,MN,AGL,CE,Combined TRACON& Tower with Radar,8,24,35,4,71,0,9,14,6,29,8,33,49,10,100,18,30,48,148
09/22/2022,RST,MN,AGL,CE,Combined TRACON& Tower with Radar,9,24,33,2,68,0,18,50,3,71,9,42,83,5,139,64,22,86,225
09/23/2022,RST,MN,AGL,CE,Combined TRACON& Tower with Radar,8,21,29,0,58,0,3,14,0,17,8,24,43,0,75,8,0,8,83
09/24/2022,RST,MN,AGL,CE,Combined TRACON& Tower with Radar,7,14,22,0,43,0,3,27,0,30,7,17,49,0,73,30,0,30,103
09/25/2022,RST,MN,AGL,CE,Combined TRACON& Tower with Radar,6,15,20,0,41,0,10,25,0,35,6,25,45,0,76,16,0,16,92
09/26/2022,RST,MN,AGL,CE,Combined TRACON& Tower with Radar,10,22,28,0,60,0,8,7,0,15,10,30,35,0,75,2,0,2,77
09/27/2022,RST,MN,AGL,CE,Combined TRACON& Tower with Radar,11,28,28,0,67,0,14,44,0,58,11,42,72,0,125,50,0,50,175
09/28/2022,RST,MN,AGL,CE,Combined TRACON& Tower with Radar,8,27,57,0,92,0,9,47,0,56,8,36,104,0,148,132,0,132,280
09/29/2022,RST,MN,AGL,CE,Combined TRACON& Tower with Radar,9,21,34,0,64,0,9,30,0,39,9,30,64,0,103,86,0,86,189
09/30/2022,RST,MN,AGL,CE,Combined TRACON& Tower with Radar,7,34,26,0,67,0,13,67,0,80,7,47,93,0,147,114,0,114,261
10/01/2022,RST,MN,AGL,CE,Combined TRACON& Tower with Radar,4,11,28,0,43,0,6,26,1,33,4,17,54,1,76,28,0,28,104
10/02/2022,RST,MN,AGL,CE,Combined TRACON& Tower with Radar,5,14,29,0,48,0,11,54,0,65,5,25,83,0,113,92,0,92,205
10/03/2022,RST,MN,AGL,CE,Combined TRACON& Tower with Radar,7,15,42,3,67,0,9,39,0,48,7,24,81,3,115,60,0,60,175
10/04/2022,RST,MN,AGL,CE,Combined TRACON& Tower with Radar,7,25,41,2,75,0,5,40,0,45,7,30,81,2,120,64,0,64,184
10/05/2022,RST,MN,AGL,CE,Combined TRACON& Tower with Radar,7,27,37,14,85,0,8,35,2,45,7,35,72,16,130,90,0,90,220
10/06/2022,RST,MN,AGL,CE,Combined TRACON& Tower with Radar,12,17,19,0,48,0,6,18,0,24,12,23,37,0,72,114,0,114,186
10/07/2022,RST,MN,AGL,CE,Combined TRACON& Tower with Radar,10,18,27,0,55,0,1,15,0,16,10,19,42,0,71,34,0,34,105
10/08/2022,RST,MN,AGL,CE,Combined TRACON& Tower with Radar,9,13,20,0,42,0,0,40,0,40,9,13,60,0,82,44,0,44,126
10/09/2022,RST,MN,AGL,CE,Combined TRACON& Tower with Radar,7,21,21,0,49,0,8,57,1,66,7,29,78,1,115,60,0,60,175
10/10/2022,RST,MN,AGL,CE,Combined TRACON& Tower with Radar,10,31,29,0,70,0,6,49,0,55,10,37,78,0,125,120,0,120,245
10/11/2022,RST,MN,AGL,CE,Combined TRACON& Tower with Radar,11,32,27,0,70,0,1,11,0,12,11,33,38,0,82,18,0,18,100
10/12/2022,RST,MN,AGL,CE,Combined TRACON& Tower with Radar,11,27,23,0,61,0,1,23,0,24,11,28,46,0,85,0,0,0,85
10/13/2022,RST,MN,AGL,CE,Combined TRACON& Tower with Radar,11,22,25,2,60,0,3,10,4,17,11,25,35,6,77,98,18,116,193
10/14/2022,RST,MN,AGL,CE,Combined TRACON& Tower with Radar,12,31,27,0,70,0,0,18,0,18,12,31,45,0,88,96,0,96,184
10/15/2022,RST,MN,AGL,CE,Combined TRACON& Tower with Radar,9,5,17,0,31,0,8,16,0,24,9,13,33,0,55,36,0,36,91
10/16/2022,RST,MN,AGL,CE,Combined TRACON& Tower with Radar,7,15,27,0,49,0,0,22,0,22,7,15,49,0,71,44,0,44,115
10/17/2022,RST,MN,AGL,CE,Combined TRACON& Tower with Radar,9,25,13,0,47,0,1,4,0,5,9,26,17,0,52,26,0,26,78
10/18/2022,RST,MN,AGL,CE,Combined TRACON& Tower with Radar,11,25,21,0,57,0,10,29,0,39,11,35,50,0,96,114,2,116,212
10/19/2022,RST,MN,AGL,CE,Combined TRACON& Tower with Radar,11,27,34,0,72,0,10,51,0,61,11,37,85,0,133,118,0,118,251
10/20/2022,RST,MN,AGL,CE,Combined TRACON& Tower with Radar,11,34,16,0,61,0,7,55,0,62,11,41,71,0,123,128,0,128,251
10/21/2022,RST,MN,AGL,CE,Combined TRACON& Tower with Radar,10,28,27,0,65,0,3,47,0,50,10,31,74,0,115,52,0,52,167
10/22/2022,RST,MN,AGL,CE,Combined TRACON& Tower with Radar,9,6,19,0,34,0,3,40,0,43,9,9,59,0,77,40,0,40,117
10/23/2022,RST,MN,AGL,CE,Combined TRACON& Tower with Radar,7,18,30,0,55,0,6,13,0,19,7,24,43,0,74,0,0,0,74
10/24/2022,RST,MN,AGL,CE,Combined TRACON& Tower with Radar,9,8,29,0,46,0,0,5,0,5,9,8,34,0,51,6,0,6,57
10/25/2022,RST,MN,AGL,CE,Combined TRACON& Tower with Radar,11,38,20,3,72,0,7,26,8,41,11,45,46,11,113,52,38,90,203
10/26/2022,RST,MN,AGL,CE,Combined TRACON& Tower with Radar,11,30,48,2,91,0,4,43,2,49,11,34,91,4,140,100,0,100,240
10/27/2022,RST,MN,AGL,CE,Combined TRACON& Tower with Radar,13,30,39,2,84,0,6,49,2,57,13,36,88,4,141,153,0,153,294
10/28/2022,RST,MN,AGL,CE,Combined TRACON& Tower with Radar,10,26,40,3,79,0,7,68,6,81,10,33,108,9,160,98,30,128,288
10/29/2022,RST,MN,AGL,CE,Combined TRACON& Tower with Radar,9,6,19,0,34,0,5,44,0,49,9,11,63,0,83,54,0,54,137
10/30/2022,RST,MN,AGL,CE,Combined TRACON& Tower with Radar,8,9,43,0,60,0,2,35,0,37,8,11,78,0,97,66,0,66,163
10/31/2022,RST,MN,AGL,CE,Combined TRACON& Tower with Radar,10,15,29,0,54,0,4,13,0,17,10,19,42,0,71,0,0,0,71
11/01/2022,RST,MN,AGL,CE,Combined TRACON& Tower with Radar,11,20,37,0,68,0,9,41,0,50,11,29,78,0,118,72,0,72,190
11/02/2022,RST,MN,AGL,CE,Combined TRACON& Tower with Radar,11,16,57,10,94,0,0,17,0,17,11,16,74,10,111,0,38,38,149
11/03/2022,RST,MN,AGL,CE,Combined TRACON& Tower with Radar,11,18,30,0,59,0,0,6,0,6,11,18,36,0,65,12,0,12,77
11/04/2022,RST,MN,AGL,CE,Combined TRACON& Tower with Radar,10,11,27,0,48,0,0,0,0,0,10,11,27,0,48,0,0,0,48
11/05/2022,RST,MN,AGL,CE,Combined TRACON& Tower with Radar,4,17,11,0,32,0,0,0,0,0,4,17,11,0,32,0,0,0,32
11/06/2022,RST,MN,AGL,CE,Combined TRACON& Tower with Radar,8,10,18,1,37,0,8,5,1,14,8,18,23,2,51,0,24,24,75
11/07/2022,RST,MN,AGL,CE,Combined TRACON& Tower with Radar,10,27,44,12,93,0,10,72,0,82,10,37,116,12,175,100,40,140,315
11/08/2022,RST,MN,AGL,CE,Combined TRACON& Tower with Radar,14,19,22,12,67,0,1,2,2,5,14,20,24,14,72,42,16,58,130
11/09/2022,RST,MN,AGL,CE,Combined TRACON& Tower with Radar,11,34,32,14,91,0,2,3,1,6,11,36,35,15,97,0,28,28,125
11/10/2022,RST,MN,AGL,CE,Combined TRACON& Tower with Radar,11,8,20,22,61,0,1,2,2,5,11,9,22,24,66,0,30,30,96
11/11/2022,RST,MN,AGL,CE,Combined TRACON& Tower with Radar,10,16,22,0,48,0,0,2,0,2,10,16,24,0,50,20,0,20,70
11/12/2022,RST,MN,AGL,CE,Combined TRACON& Tower with Radar,9,4,9,0,22,0,0,5,0,5,9,4,14,0,27,22,0,22,49
11/13/2022,RST,MN,AGL,CE,Combined TRACON& Tower with Radar,7,14,20,0,41,0,4,49,0,53,7,18,69,0,94,142,0,142,236
11/14/2022,RST,MN,AGL,CE,Combined TRACON& Tower with Radar,11,20,21,0,52,0,0,2,0,2,11,20,23,0,54,0,0,0,54
11/15/2022,RST,MN,AGL,CE,Combined TRACON& Tower with Radar,11,13,14,0,38,0,0,0,0,0,11,13,14,0,38,0,0,0,38
11/16/2022,RST,MN,AGL,CE,Combined TRACON& Tower with Radar,12,5,29,0,46,0,0,1,0,1,12,5,30,0,47,0,0,0,47
11/17/2022,RST,MN,AGL,CE,Combined TRACON& Tower with Radar,11,13,11,0,35,0,0,0,0,0,11,13,11,0,35,0,0,0,35
11/18/2022,RST,MN,AGL,CE,Combined TRACON& Tower with Radar,13,12,20,0,45,0,0,3,0,3,13,12,23,0,48,18,0,18,66
11/19/2022,RST,MN,AGL,CE,Combined TRACON& Tower with Radar,11,9,17,0,37,0,0,4,0,4,11,9,21,0,41,8,0,8,49
11/20/2022,RST,MN,AGL,CE,Combined TRACON& Tower with Radar,7,23,17,0,47,0,0,40,0,40,7,23,57,0,87,44,0,44,131
11/21/2022,RST,MN,AGL,CE,Combined TRACON& Tower with Radar,12,19,34,18,83,0,9,31,9,49,12,28,65,27,132,46,32,78,210
11/22/2022,RST,MN,AGL,CE,Combined TRACON& Tower with Radar,11,34,35,0,80,0,14,58,0,72,11,48,93,0,152,118,0,118,270
11/23/2022,RST,MN,AGL,CE,Combined TRACON& Tower with Radar,11,22,32,0,65,0,5,52,0,57,11,27,84,0,122,42,0,42,164
11/24/2022,RST,MN,AGL,CE,Combined TRACON& Tower with Radar,4,6,5,0,15,0,0,0,0,0,4,6,5,0,15,0,0,0,15
11/25/2022,RST,MN,AGL,CE,Combined TRACON& Tower with Radar,9,9,16,0,34,0,2,41,0,43,9,11,57,0,77,94,0,94,171
11/26/2022,RST,MN,AGL,CE,Combined TRACON& Tower with Radar,9,10,17,0,36,0,0,13,0,13,9,10,30,0,49,14,0,14,63
11/27/2022,RST,MN,AGL,CE,Combined TRACON& Tower with Radar,7,8,20,0,35,0,4,21,0,25,7,12,41,0,60,34,0,34,94
11/28/2022,RST,MN,AGL,CE,Combined TRACON& Tower with Radar,9,20,23,6,58,0,8,16,1,25,9,28,39,7,83,58,6,64,147
11/29/2022,RST,MN,AGL,CE,Combined TRACON& Tower with Radar,9,12,18,0,39,0,0,0,0,0,9,12,18,0,39,0,0,0,39
11/30/2022,RST,MN,AGL,CE,Combined TRACON& Tower with Radar,10,28,38,0,76,0,0,2,1,3,10,28,40,1,79,0,0,0,79
12/01/2022,RST,MN,AGL,CE,Combined TRACON& Tower with Radar,11,16,27,0,54,0,5,18,0,23,11,21,45,0,77,51,0,51,128
12/02/2022,RST,MN,AGL,CE,Combined TRACON& Tower with Radar,10,10,16,0,36,0,4,12,0,16,10,14,28,0,52,50,0,50,102
12/03/2022,RST,MN,AGL,CE,Combined TRACON& Tower with Radar,9,19,8,0,36,0,6,24,0,30,9,25,32,0,66,46,0,46,112
12/04/2022,RST,MN,AGL,CE,Combined TRACON& Tower with Radar,6,16,19,0,41,0,3,40,0,43,6,19,59,0,84,42,0,42,126
12/05/2022,RST,MN,AGL,CE,Combined TRACON& Tower with Radar,9,20,10,0,39,0,0,29,0,29,9,20,39,0,68,22,0,22,90
12/06/2022,RST,MN,AGL,CE,Combined TRACON& Tower with Radar,11,34,32,0,77,0,6,41,0,47,11,40,73,0,124,108,0,108,232
12/07/2022,RST,MN,AGL,CE,Combined TRACON& Tower with Radar,11,20,38,8,77,0,2,11,5,18,11,22,49,13,95,20,40,60,155
12/08/2022,RST,MN,AGL,CE,Combined TRACON& Tower with Radar,13,15,46,0,74,0,0,22,0,22,13,15,68,0,96,66,0,66,162
12/09/2022,RST,MN,AGL,CE,Combined TRACON& Tower with Radar,10,15,14,0,39,0,0,1,0,1,10,15,15,0,40,0,0,0,40
12/10/2022,RST,MN,AGL,CE,Combined TRACON& Tower with Radar,9,6,8,0,23,0,0,0,0,0,9,6,8,0,23,0,0,0,23
12/11/2022,RST,MN,AGL,CE,Combined TRACON& Tower with Radar,7,15,23,0,45,0,0,3,0,3,7,15,26,0,48,6,0,6,54
12/12/2022,RST,MN,AGL,CE,Combined TRACON& Tower with Radar,9,23,30,0,62,0,0,1,0,1,9,23,31,0,63,0,0,0,63
12/13/2022,RST,MN,AGL,CE,Combined TRACON& Tower with Radar,11,18,15,0,44,0,0,0,0,0,11,18,15,0,44,0,0,0,44
12/14/2022,RST,MN,AGL,CE,Combined TRACON& Tower with Radar,10,14,17,0,41,0,0,0,0,0,10,14,17,0,41,0,0,0,41
12/15/2022,RST,MN,AGL,CE,Combined TRACON& Tower with Radar,10,11,16,0,37,0,0,0,0,0,10,11,16,0,37,0,0,0,37
12/16/2022,RST,MN,AGL,CE,Combined TRACON& Tower with Radar,13,14,17,0,44,0,0,0,0,0,13,14,17,0,44,0,0,0,44
12/17/2022,RST,MN,AGL,CE,Combined TRACON& Tower with Radar,7,5,8,0,20,0,0,0,0,0,7,5,8,0,20,0,0,0,20
12/18/2022,RST,MN,AGL,CE,Combined TRACON& Tower with Radar,9,15,23,0,47,0,5,15,0,20,9,20,38,0,67,100,0,100,167
12/19/2022,RST,MN,AGL,CE,Combined TRACON& Tower with Radar,11,10,16,13,50,0,0,16,5,21,11,10,32,18,71,20,14,34,105
12/20/2022,RST,MN,AGL,CE,Combined TRACON& Tower with Radar,11,48,26,3,88,0,2,31,5,38,11,50,57,8,126,6,53,59,185
12/21/2022,RST,MN,AGL,CE,Combined TRACON& Tower with Radar,11,10,31,0,52,0,0,1,0,1,11,10,32,0,53,0,0,0,53
12/22/2022,RST,MN,AGL,CE,Combined TRACON& Tower with Radar,10,7,10,0,27,0,0,0,0,0,10,7,10,0,27,0,0,0,27
12/23/2022,RST,MN,AGL,CE,Combined TRACON& Tower with Radar,2,1,15,0,18,0,0,0,0,0,2,1,15,0,18,0,0,0,18
12/24/2022,RST,MN,AGL,CE,Combined TRACON& Tower with Radar,6,12,8,0,26,0,2,4,1,7,6,14,12,1,33,0,0,0,33
12/25/2022,RST,MN,AGL,CE,Combined TRACON& Tower with Radar,6,0,5,0,11,0,0,0,0,0,6,0,5,0,11,0,0,0,11
12/26/2022,RST,MN,AGL,CE,Combined TRACON& Tower with Radar,10,4,16,0,30,0,1,15,0,16,10,5,31,0,46,6,0,6,52
12/27/2022,RST,MN,AGL,CE,Combined TRACON& Tower with Radar,9,11,27,0,47,0,0,1,0,1,9,11,28,0,48,16,0,16,64
12/28/2022,RST,MN,AGL,CE,Combined TRACON& Tower with Radar,11,22,24,5,62,0,3,17,2,22,11,25,41,7,84,12,32,44,128
12/29/2022,RST,MN,AGL,CE,Combined TRACON& Tower with Radar,15,8,18,0,41,0,2,11,0,13,15,10,29,0,54,34,0,34,88
12/30/2022,RST,MN,AGL,CE,Combined TRACON& Tower with Radar,12,17,21,0,50,0,0,23,0,23,12,17,44,0,73,72,0,72,145
12/31/2022,RST,MN,AGL,CE,Combined TRACON& Tower with Radar,9,10,6,0,25,0,0,22,0,22,9,10,28,0,47,36,0,36,83
01/01/2023,RST,MN,AGL,CE,Combined TRACON& Tower with Radar,10,5,8,0,23,0,0,18,0,18,10,5,26,0,41,32,0,32,73
01/02/2023,RST,MN,AGL,CE,Combined TRACON& Tower with Radar,9,5,9,0,23,0,0,0,0,0,9,5,9,0,23,0,0,0,23
01/03/2023,RST,MN,AGL,CE,Combined TRACON& Tower with Radar,3,6,8,0,17,0,0,0,0,0,3,6,8,0,17,0,0,0,17
01/04/2023,RST,MN,AGL,CE,Combined TRACON& Tower with Radar,10,17,24,0,51,0,0,0,0,0,10,17,24,0,51,0,0,0,51
01/05/2023,RST,MN,AGL,CE,Combined TRACON& Tower with Radar,11,29,18,0,58,0,0,0,0,0,11,29,18,0,58,0,0,0,58
01/06/2023,RST,MN,AGL,CE,Combined TRACON& Tower with Radar,11,16,31,4,62,0,0,4,0,4,11,16,35,4,66,28,0,28,94
01/07/2023,RST,MN,AGL,CE,Combined TRACON& Tower with Radar,8,9,8,0,25,0,0,29,0,29,8,9,37,0,54,58,0,58,112
01/08/2023,RST,MN,AGL,CE,Combined TRACON& Tower with Radar,7,11,39,0,57,0,0,23,0,23,7,11,62,0,80,34,0,34,114
01/09/2023,RST,MN,AGL,CE,Combined TRACON& Tower with Radar,11,9,35,8,63,0,0,14,6,20,11,9,49,14,83,4,82,86,169
01/10/2023,RST,MN,AGL,CE,Combined TRACON& Tower with Radar,8,20,13,0,41,0,0,0,0,0,8,20,13,0,41,0,0,0,41
01/11/2023,RST,MN,AGL,CE,Combined TRACON& Tower with Radar,8,22,39,0,69,0,0,8,0,8,8,22,47,0,77,6,0,6,83
01/12/2023,RST,MN,AGL,CE,Combined TRACON& Tower with Radar,7,25,25,0,57,0,0,0,0,0,7,25,25,0,57,0,0,0,57
01/13/2023,RST,MN,AGL,CE,Combined TRACON& Tower with Radar,7,18,16,0,41,0,0,1,0,1,7,18,17,0,42,0,0,0,42
01/14/2023,RST,MN,AGL,CE,Combined TRACON& Tower with Radar,5,17,17,0,39,0,0,15,0,15,5,17,32,0,54,58,0,58,112
01/15/2023,RST,MN,AGL,CE,Combined TRACON& Tower with Radar,4,16,22,0,42,0,0,40,0,40,4,16,62,0,82,46,0,46,128
01/16/2023,RST,MN,AGL,CE,Combined TRACON& Tower with Radar,9,14,21,2,46,0,0,1,0,1,9,14,22,2,47,0,0,0,47
01/17/2023,RST,MN,AGL,CE,Combined TRACON& Tower with Radar,7,26,37,0,70,0,0,0,0,0,7,26,37,0,70,0,0,0,70
01/18/2023,RST,MN,AGL,CE,Combined TRACON& Tower with Radar,7,23,20,12,62,0,0,0,0,0,7,23,20,12,62,0,0,0,62
01/19/2023,RST,MN,AGL,CE,Combined TRACON& Tower with Radar,9,17,10,2,38,0,0,0,0,0,9,17,10,2,38,0,0,0,38
01/20/2023,RST,MN,AGL,CE,Combined TRACON& Tower with Radar,10,38,15,6,69,0,0,1,0,1,10,38,16,6,70,0,22,22,92
01/21/2023,RST,MN,AGL,CE,Combined TRACON& Tower with Radar,5,14,6,0,25,0,0,0,0,0,5,14,6,0,25,0,0,0,25
01/22/2023,RST,MN,AGL,CE,Combined TRACON& Tower with Radar,3,14,2,0,19,0,0,0,0,0,3,14,2,0,19,0,0,0,19
01/23/2023,RST,MN,AGL,CE,Combined TRACON& Tower with Radar,7,11,16,0,34,0,0,8,0,8,7,11,24,0,42,22,0,22,64
01/24/2023,RST,MN,AGL,CE,Combined TRACON& Tower with Radar,6,25,27,8,66,0,1,15,0,16,6,26,42,8,82,40,20,60,142
01/25/2023,RST,MN,AGL,CE,Combined TRACON& Tower with Radar,6,16,11,0,33,0,0,0,0,0,6,16,11,0,33,0,0,0,33
01/26/2023,RST,MN,AGL,CE,Combined TRACON& Tower with Radar,7,44,28,2,81,0,7,27,0,34,7,51,55,2,115,108,0,108,223
01/27/2023,RST,MN,AGL,CE,Combined TRACON& Tower with Radar,6,18,17,0,41,0,1,5,0,6,6,19,22,0,47,26,0,26,73
01/28/2023,RST,MN,AGL,CE,Combined TRACON& Tower with Radar,5,16,6,0,27,0,4,6,0,10,5,20,12,0,37,0,0,0,37
01/29/2023,RST,MN,AGL,CE,Combined TRACON& Tower with Radar,3,25,25,0,53,0,8,22,0,30,3,33,47,0,83,80,0,80,163
01/30/2023,RST,MN,AGL,CE,Combined TRACON& Tower with Radar,5,24,31,1,61,0,3,16,0,19,5,27,47,1,80,6,0,6,86
01/31/2023,RST,MN,AGL,CE,Combined TRACON& Tower with Radar,3,39,30,0,72,0,4,29,0,33,3,43,59,0,105,46,0,46,151
02/01/2023,RST,MN,AGL,CE,Combined TRACON& Tower with Radar,2,27,25,0,54,0,11,31,0,42,2,38,56,0,96,98,0,98,194
02/02/2023,RST,MN,AGL,CE,Combined TRACON& Tower with Radar,5,31,28,2,66,0,3,18,0,21,5,34,46,2,87,34,0,34,121
02/03/2023,RST,MN,AGL,CE,Combined TRACON& Tower with Radar,10,21,18,0,49,0,4,19,0,23,10,25,37,0,72,22,0,22,94
02/04/2023,RST,MN,AGL,CE,Combined TRACON& Tower with Radar,9,15,13,0,37,0,8,46,0,54,9,23,59,0,91,102,0,102,193
02/05/2023,RST,MN,AGL,CE,Combined TRACON& Tower with Radar,9,22,11,6,48,0,0,32,2,34,9,22,43,8,82,52,22,74,156
02/06/2023,RST,MN,AGL,CE,Combined TRACON& Tower with Radar,11,15,32,2,60,0,3,5,0,8,11,18,37,2,68,4,6,10,78
02/07/2023,RST,MN,AGL,CE,Combined TRACON& Tower with Radar,9,26,30,11,76,0,8,32,2,42,9,34,62,13,118,98,34,132,250
02/08/2023,RST,MN,AGL,CE,Combined TRACON& Tower with Radar,9,43,42,1,95,0,20,58,1,79,9,63,100,2,174,86,0,86,260
02/09/2023,RST,MN,AGL,CE,Combined TRACON& Tower with Radar,13,16,18,0,47,0,0,6,0,6,13,16,24,0,53,20,0,20,73
02/10/2023,RST,MN,AGL,CE,Combined TRACON& Tower with Radar,12,35,42,1,90,0,11,53,0,64,12,46,95,1,154,130,0,130,284
02/11/2023,RST,MN,AGL,CE,Combined TRACON& Tower with Radar,9,21,20,0,50,0,4,24,0,28,9,25,44,0,78,0,0,0,78
02/12/2023,RST,MN,AGL,CE,Combined TRACON& Tower with Radar,10,18,25,0,53,0,6,44,0,50,10,24,69,0,103,102,0,102,205
02/13/2023,RST,MN,AGL,CE,Combined TRACON& Tower with Radar,11,25,28,0,64,0,3,38,0,41,11,28,66,0,105,5,0,5,110
02/14/2023,RST,MN,AGL,CE,Combined TRACON& Tower with Radar,10,17,23,0,50,0,0,2,0,2,10,17,25,0,52,0,0,0,52
02/15/2023,RST,MN,AGL,CE,Combined TRACON& Tower with Radar,11,25,23,2,61,0,0,6,0,6,11,25,29,2,67,20,36,56,123
02/16/2023,RST,MN,AGL,CE,Combined TRACON& Tower with Radar,11,14,29,0,54,0,2,18,0,20,11,16,47,0,74,58,0,58,132
02/17/2023,RST,MN,AGL,CE,Combined TRACON& Tower with Radar,11,25,32,0,68,0,2,50,0,52,11,27,82,0,120,112,0,112,232
02/18/2023,RST,MN,AGL,CE,Combined TRACON& Tower with Radar,8,11,38,0,57,0,9,56,0,65,8,20,94,0,122,64,0,64,186
02/19/2023,RST,MN,AGL,CE,Combined TRACON& Tower with Radar,10,10,13,0,33,0,0,0,0,0,10,10,13,0,33,24,0,24,57
02/20/2023,RST,MN,AGL,CE,Combined TRACON& Tower with Radar,10,12,20,0,42,0,6,8,0,14,10,18,28,0,56,12,0,12,68
02/21/2023,RST,MN,AGL,CE,Combined TRACON& Tower with Radar,10,22,14,2,48,0,5,16,0,21,10,27,30,2,69,46,10,56,125
02/22/2023,RST,MN,AGL,CE,Combined TRACON& Tower with Radar,5,4,7,0,16,0,0,0,0,0,5,4,7,0,16,0,0,0,16
02/23/2023,RST,MN,AGL,CE,Combined TRACON& Tower with Radar,7,11,10,0,28,0,1,2,0,3,7,12,12,0,31,0,0,0,31
02/24/2023,RST,MN,AGL,CE,Combined TRACON& Tower with Radar,8,26,25,0,59,0,1,18,0,19,8,27,43,0,78,28,0,28,106
02/25/2023,RST,MN,AGL,CE,Combined TRACON& Tower with Radar,9,21,21,0,51,0,6,12,0,18,9,27,33,0,69,0,0,0,69
02/26/2023,RST,MN,AGL,CE,Combined TRACON& Tower with Radar,9,21,35,0,65,0,5,56,0,61,9,26,91,0,126,90,0,90,216
02/27/2023,RST,MN,AGL,CE,Combined TRACON& Tower with Radar,10,15,13,0,38,0,0,0,0,0,10,15,13,0,38,0,0,0,38
02/28/2023,RST,MN,AGL,CE,Combined TRACON& Tower with Radar,8,27,50,4,89,0,2,34,0,36,8,29,84,4,125,44,0,44,169
03/01/2023,RST,MN,AGL,CE,Combined TRACON& Tower with Radar,8,21,33,0,62,0,0,0,0,0,8,21,33,0,62,0,0,0,62
03/02/2023,RST,MN,AGL,CE,Combined TRACON& Tower with Radar,9,18,21,0,48,0,0,0,0,0,9,18,21,0,48,0,0,0,48
03/03/2023,RST,MN,AGL,CE,Combined TRACON& Tower with Radar,12,23,28,0,63,0,10,41,0,51,12,33,69,0,114,70,0,70,184
03/04/2023,RST,MN,AGL,CE,Combined TRACON& Tower with Radar,8,10,16,0,34,0,6,15,0,21,8,16,31,0,55,58,0,58,113
03/05/2023,RST,MN,AGL,CE,Combined TRACON& Tower with Radar,7,10,22,2,41,0,2,20,0,22,7,12,42,2,63,24,0,24,87
03/06/2023,RST,MN,AGL,CE,Combined TRACON& Tower with Radar,11,14,17,0,42,0,0,0,0,0,11,14,17,0,42,0,0,0,42
03/07/2023,RST,MN,AGL,CE,Combined TRACON& Tower with Radar,7,21,22,3,53,0,3,18,1,22,7,24,40,4,75,96,22,118,193
03/08/2023,RST,MN,AGL,CE,Combined TRACON& Tower with Radar,8,20,25,15,68,0,0,12,3,15,8,20,37,18,83,58,34,92,175
03/09/2023,RST,MN,AGL,CE,Combined TRACON& Tower with Radar,10,16,20,0,46,0,0,0,0,0,10,16,20,0,46,0,0,0,46
03/10/2023,RST,MN,AGL,CE,Combined TRACON& Tower with Radar,12,28,25,0,65,0,0,2,0,2,12,28,27,0,67,6,0,6,73
03/11/2023,RST,MN,AGL,CE,Combined TRACON& Tower with Radar,9,14,7,0,30,0,0,0,0,0,9,14,7,0,30,0,0,0,30
03/12/2023,RST,MN,AGL,CE,Combined TRACON& Tower with Radar,9,7,16,0,32,0,0,0,0,0,9,7,16,0,32,0,0,0,32
03/13/2023,RST,MN,AGL,CE,Combined TRACON& Tower with Radar,9,15,21,0,45,0,1,15,0,16,9,16,36,0,61,6,0,6,67
03/14/2023,RST,MN,AGL,CE,Combined TRACON& Tower with Radar,9,24,47,7,87,0,2,46,3,51,9,26,93,10,138,76,44,120,258
03/15/2023,RST,MN,AGL,CE,Combined TRACON& Tower with Radar,9,22,22,0,53,0,6,6,0,12,9,28,28,0,65,10,0,10,75
03/16/2023,RST,MN,AGL,CE,Combined TRACON& Tower with Radar,11,12,9,0,32,0,0,2,0,2,11,12,11,0,34,0,0,0,34
03/17/2023,RST,MN,AGL,CE,Combined TRACON& Tower with Radar,11,18,10,0,39,0,0,8,0,8,11,18,18,0,47,10,0,10,57
03/18/2023,RST,MN,AGL,CE,Combined TRACON& Tower with Radar,9,12,9,0,30,0,4,2,0,6,9,16,11,0,36,0,0,0,36
03/19/2023,RST,MN,AGL,CE,Combined TRACON& Tower with Radar,10,18,32,0,60,0,8,31,0,39,10,26,63,0,99,24,0,24,123
03/20/2023,RST,MN,AGL,CE,Combined TRACON& Tower with Radar,10,27,25,6,68,0,8,47,4,59,10,35,72,10,127,212,10,222,349
03/21/2023,RST,MN,AGL,CE,Combined TRACON& Tower with Radar,9,19,26,0,54,0,7,17,0,24,9,26,43,0,78,34,0,34,112
03/22/2023,RST,MN,AGL,CE,Combined TRACON& Tower with Radar,9,16,25,0,50,0,1,1,0,2,9,17,26,0,52,0,0,0,52
03/23/2023,RST,MN,AGL,CE,Combined TRACON& Tower with Radar,11,23,32,0,66,0,3,16,0,19,11,26,48,0,85,92,0,92,177
03/24/2023,RST,MN,AGL,CE,Combined TRACON& Tower with Radar,13,23,37,2,75,0,6,69,0,75,13,29,106,2,150,108,0,108,258
03/25/2023,RST,MN,AGL,CE,Combined TRACON& Tower with Radar,9,7,20,0,36,0,7,64,0,71,9,14,84,0,107,76,0,76,183
03/26/2023,RST,MN,AGL,CE,Combined TRACON& Tower with Radar,9,16,24,0,49,0,0,70,0,70,9,16,94,0,119,86,0,86,205
03/27/2023,RST,MN,AGL,CE,Combined TRACON& Tower with Radar,10,23,25,5,63,0,15,52,3,70,10,38,77,8,133,56,24,80,213
03/28/2023,RST,MN,AGL,CE,Combined TRACON& Tower with Radar,9,13,35,0,57,0,7,40,0,47,9,20,75,0,104,54,0,54,158
03/29/2023,RST,MN,AGL,CE,Combined TRACON& Tower with Radar,9,26,27,7,69,0,18,28,0,46,9,44,55,7,115,108,0,108,223
03/30/2023,RST,MN,AGL,CE,Combined TRACON& Tower with Radar,11,21,25,0,57,0,0,6,0,6,11,21,31,0,63,18,0,18,81
03/31/2023,RST,MN,AGL,CE,Combined TRACON& Tower with Radar,11,9,7,0,27,0,0,0,0,0,11,9,7,0,27,0,0,0,27
04/01/2023,RST,MN,AGL,CE,Combined TRACON& Tower with Radar,5,12,21,0,38,0,3,23,0,26,5,15,44,0,64,46,0,46,110
04/02/2023,RST,MN,AGL,CE,Combined TRACON& Tower with Radar,9,12,15,0,36,0,3,17,0,20,9,15,32,0,56,36,0,36,92
04/03/2023,RST,MN,AGL,CE,Combined TRACON& Tower with Radar,20,20,22,4,66,0,0,42,4,46,20,20,64,8,112,106,36,142,254
04/04/2023,RST,MN,AGL,CE,Combined TRACON& Tower with Radar,8,18,10,0,36,0,0,1,0,1,8,18,11,0,37,0,0,0,37
04/05/2023,RST,MN,AGL,CE,Combined TRACON& Tower with Radar,5,18,18,0,41,0,2,2,0,4,5,20,20,0,45,0,0,0,45
04/06/2023,RST,MN,AGL,CE,Combined TRACON& Tower with Radar,8,20,36,0,64,0,12,24,0,36,8,32,60,0,100,82,0,82,182
04/07/2023,RST,MN,AGL,CE,Combined TRACON& Tower with Radar,9,30,23,4,66,0,6,68,0,74,9,36,91,4,140,122,0,122,262
04/08/2023,RST,MN,AGL,CE,Combined TRACON& Tower with Radar,5,23,21,0,49,0,8,44,0,52,5,31,65,0,101,136,0,136,237
04/09/2023,RST,MN,AGL,CE,Combined TRACON& Tower with Radar,5,13,12,0,30,0,1,24,0,25,5,14,36,0,55,34,0,34,89
04/10/2023,RST,MN,AGL,CE,Combined TRACON& Tower with Radar,8,21,23,0,52,0,13,43,0,56,8,34,66,0,108,168,0,168,276
04/11/2023,RST,MN,AGL,CE,Combined TRACON& Tower with Radar,7,26,37,0,70,0,7,37,0,44,7,33,74,0,114,104,0,104,218
04/12/2023,RST,MN,AGL,CE,Combined TRACON& Tower with Radar,7,19,35,2,63,0,0,15,0,15,7,19,50,2,78,0,2,2,80
04/13/2023,RST,MN,AGL,CE,Combined TRACON& Tower with Radar,11,32,41,0,84,0,9,38,0,47,11,41,79,0,131,56,0,56,187
04/14/2023,RST,MN,AGL,CE,Combined TRACON& Tower with Radar,9,26,18,6,59,0,4,18,6,28,9,30,36,12,87,26,4,30,117
04/15/2023,RST,MN,AGL,CE,Combined TRACON& Tower with Radar,5,18,5,0,28,0,0,0,0,0,5,18,5,0,28,0,0,0,28
04/16/2023,RST,MN,AGL,CE,Combined TRACON& Tower with Radar,9,14,11,0,34,0,0,0,0,0,9,14,11,0,34,0,0,0,34
04/17/2023,RST,MN,AGL,CE,Combined TRACON& Tower with Radar,8,25,37,2,72,0,6,7,14,27,8,31,44,16,99,18,40,58,157
04/18/2023,RST,MN,AGL,CE,Combined TRACON& Tower with Radar,7,38,24,0,69,0,28,95,0,123,7,66,119,0,192,242,0,242,434
04/19/2023,RST,MN,AGL,CE,Combined TRACON& Tower with Radar,12,23,37,0,72,0,0,1,0,1,12,23,38,0,73,0,0,0,73
04/20/2023,RST,MN,AGL,CE,Combined TRACON& Tower with Radar,9,16,17,0,42,0,0,0,0,0,9,16,17,0,42,0,0,0,42
04/21/2023,RST,MN,AGL,CE,Combined TRACON& Tower with Radar,7,16,18,0,41,0,0,8,0,8,7,16,26,0,49,16,0,16,65
04/22/2023,RST,MN,AGL,CE,Combined TRACON& Tower with Radar,5,12,9,0,26,0,2,0,0,2,5,14,9,0,28,8,0,8,36
04/23/2023,RST,MN,AGL,CE,Combined TRACON& Tower with Radar,5,20,15,0,40,0,7,46,0,53,5,27,61,0,93,118,0,118,211
04/24/2023,RST,MN,AGL,CE,Combined TRACON& Tower with Radar,6,17,29,2,54,0,7,49,0,56,6,24,78,2,110,138,0,138,248
04/25/2023,RST,MN,AGL,CE,Combined TRACON& Tower with Radar,7,30,37,0,74,0,6,64,0,70,7,36,101,0,144,152,0,152,296
04/26/2023,RST,MN,AGL,CE,Combined TRACON& Tower with Radar,9,34,44,10,97,0,16,65,8,89,9,50,109,18,186,154,50,204,390
04/27/2023,RST,MN,AGL,CE,Combined TRACON& Tower with Radar,7,23,33,3,66,0,12,21,0,33,7,35,54,3,99,122,0,122,221
04/28/2023,RST,MN,AGL,CE,Combined TRACON& Tower with Radar,7,19,34,0,60,0,1,26,0,27,7,20,60,0,87,48,0,48,135
04/29/2023,RST,MN,AGL,CE,Combined TRACON& Tower with Radar,5,12,10,0,27,0,5,1,0,6,5,17,11,0,33,0,0,0,33
04/30/2023,RST,MN,AGL,CE,Combined TRACON& Tower with Radar,6,18,23,0,47,0,0,0,0,0,6,18,23,0,47,0,0,0,47
05/01/2023,RST,MN,AGL,CE,Combined TRACON& Tower with Radar,6,9,19,0,34,0,2,3,0,5,6,11,22,0,39,0,0,0,39
05/02/2023,RST,MN,AGL,CE,Combined TRACON& Tower with Radar,8,31,42,6,87,0,2,17,0,19,8,33,59,6,106,38,22,60,166
05/03/2023,RST,MN,AGL,CE,Combined TRACON& Tower with Radar,7,38,30,0,75,0,18,88,0,106,7,56,118,0,181,190,0,190,371
05/04/2023,RST,MN,AGL,CE,Combined TRACON& Tower with Radar,7,29,39,0,75,0,1,69,0,70,7,30,108,0,145,84,0,84,229
05/05/2023,RST,MN,AGL,CE,Combined TRACON& Tower with Radar,10,27,26,7,70,0,0,22,2,24,10,27,48,9,94,30,10,40,134
05/06/2023,RST,MN,AGL,CE,Combined TRACON& Tower with Radar,9,5,18,0,32,0,0,0,0,0,9,5,18,0,32,0,0,0,32
05/07/2023,RST,MN,AGL,CE,Combined TRACON& Tower with Radar,7,10,27,0,44,0,2,12,0,14,7,12,39,0,58,46,0,46,104
05/08/2023,RST,MN,AGL,CE,Combined TRACON& Tower with Radar,8,18,26,0,52,0,0,30,0,30,8,18,56,0,82,94,0,94,176
05/09/2023,RST,MN,AGL,CE,Combined TRACON& Tower with Radar,9,24,35,0,68,0,5,9,0,14,9,29,44,0,82,56,0,56,138
05/10/2023,RST,MN,AGL,CE,Combined TRACON& Tower with Radar,9,26,47,3,85,0,6,41,2,49,9,32,88,5,134,132,6,138,272
05/11/2023,RST,MN,AGL,CE,Combined TRACON& Tower with Radar,9,23,27,0,59,0,2,21,0,23,9,25,48,0,82,86,0,86,168
05/12/2023,RST,MN,AGL,CE,Combined TRACON& Tower with Radar,9,27,20,1,57,0,2,6,0,8,9,29,26,1,65,16,0,16,81
05/13/2023,RST,MN,AGL,CE,Combined TRACON& Tower with Radar,9,8,15,0,32,0,1,27,0,28,9,9,42,0,60,50,0,50,110
05/14/2023,RST,MN,AGL,CE,Combined TRACON& Tower with Radar,7,10,26,0,43,0,0,6,0,6,7,10,32,0,49,0,0,0,49
05/15/2023,RST,MN,AGL,CE,Combined TRACON& Tower with Radar,8,19,44,2,73,0,20,54,0,74,8,39,98,2,147,100,0,100,247
05/16/2023,RST,MN,AGL,CE,Combined TRACON& Tower with Radar,10,39,33,6,88,0,8,61,0,69,10,47,94,6,157,86,0,86,243
05/17/2023,RST,MN,AGL,CE,Combined TRACON& Tower with Radar,9,43,27,0,79,0,8,52,0,60,9,51,79,0,139,176,0,176,315
05/18/2023,RST,MN,AGL,CE,Combined TRACON& Tower with Radar,10,25,36,0,71,0,0,23,0,23,10,25,59,0,94,34,0,34,128
05/19/2023,RST,MN,AGL,CE,Combined TRACON& Tower with Radar,12,23,53,0,88,0,8,33,0,41,12,31,86,0,129,108,0,108,237
05/20/2023,RST,MN,AGL,CE,Combined TRACON& Tower with Radar,9,11,19,0,39,0,11,132,0,143,9,22,151,0,182,112,0,112,294
05/21/2023,RST,MN,AGL,CE,Combined TRACON& Tower with Radar,7,25,31,0,63,0,8,66,0,74,7,33,97,0,137,96,0,96,233
05/22/2023,RST,MN,AGL,CE,Combined TRACON& Tower with Radar,10,40,38,2,90,0,14,59,0,73,10,54,97,2,163,226,0,226,389
05/23/2023,RST,MN,AGL,CE,Combined TRACON& Tower with Radar,9,26,51,0,86,0,20,52,1,73,9,46,103,1,159,86,0,86,245
05/24/2023,RST,MN,AGL,CE,Combined TRACON& Tower with Radar,9,17,25,0,51,0,9,41,0,50,9,26,66,0,101,144,0,144,245
05/25/2023,RST,MN,AGL,CE,Combined TRACON& Tower with Radar,9,22,43,0,74,0,10,55,0,65,9,32,98,0,139,104,0,104,243
05/26/2023,RST,MN,AGL,CE,Combined TRACON& Tower with Radar,9,27,41,0,77,0,13,47,1,61,9,40,88,1,138,140,0,140,278
05/27/2023,RST,MN,AGL,CE,Combined TRACON& Tower with Radar,9,11,23,0,43,0,9,46,0,55,9,20,69,0,98,76,0,76,174
05/28/2023,RST,MN,AGL,CE,Combined TRACON& Tower with Radar,8,8,4,0,20,0,15,33,0,48,8,23,37,0,68,30,0,30,98
05/29/2023,RST,MN,AGL,CE,Combined TRACON& Tower with Radar,7,9,27,0,43,0,5,45,0,50,7,14,72,0,93,74,0,74,167
05/30/2023,RST,MN,AGL,CE,Combined TRACON& Tower with Radar,8,10,27,0,45,0,2,31,0,33,8,12,58,0,78,58,0,58,136
05/31/2023,RST,MN,AGL,CE,Combined TRACON& Tower with Radar,9,21,26,4,60,0,5,47,12,64,9,26,73,16,124,174,62,236,360
06/01/2023,RST,MN,AGL,CE,Combined TRACON& Tower with Radar,6,16,28,0,50,0,10,27,0,37,6,26,55,0,87,50,0,50,137
06/02/2023,RST,MN,AGL,CE,Combined TRACON& Tower with Radar,5,16,30,0,51,0,4,29,0,33,5,20,59,0,84,48,0,48,132
06/03/2023,RST,MN,AGL,CE,Combined TRACON& Tower with Radar,5,18,13,0,36,0,14,58,0,72,5,32,71,0,108,78,0,78,186
06/04/2023,RST,MN,AGL,CE,Combined TRACON& Tower with Radar,3,22,14,0,39,0,7,32,0,39,3,29,46,0,78,54,0,54,132
06/05/2023,RST,MN,AGL,CE,Combined TRACON& Tower with Radar,4,23,41,0,68,0,4,28,0,32,4,27,69,0,100,150,0,150,250
06/06/2023,RST,MN,AGL,CE,Combined TRACON& Tower with Radar,4,34,60,0,98,0,8,28,0,36,4,42,88,0,134,116,0,116,250
06/07/2023,RST,MN,AGL,CE,Combined TRACON& Tower with Radar,4,28,34,10,76,0,6,42,8,56,4,34,76,18,132,124,46,170,302
06/08/2023,RST,MN,AGL,CE,Combined TRACON& Tower with Radar,4,34,45,0,83,0,17,66,0,83,4,51,111,0,166,196,0,196,362
06/09/2023,RST,MN,AGL,CE,Combined TRACON& Tower with Radar,6,30,32,0,68,0,15,52,0,67,6,45,84,0,135,108,0,108,243
06/10/2023,RST,MN,AGL,CE,Combined TRACON& Tower with Radar,5,15,14,1,35,0,6,35,0,41,5,21,49,1,76,30,0,30,106
06/11/2023,RST,MN,AGL,CE,Combined TRACON& Tower with Radar,5,31,29,1,66,0,3,24,0,27,5,34,53,1,93,50,0,50,143
06/12/2023,RST,MN,AGL,CE,Combined TRACON& Tower with Radar,4,18,37,0,59,0,6,31,0,37,4,24,68,0,96,32,0,32,128
06/13/2023,RST,MN,AGL,CE,Combined TRACON& Tower with Radar,5,29,41,0,75,0,7,70,0,77,5,36,111,0,152,128,0,128,280
06/14/2023,RST,MN,AGL,CE,Combined TRACON& Tower with Radar,7,26,44,6,83,0,14,53,8,75,7,40,97,14,158,148,24,172,330
06/15/2023,RST,MN,AGL,CE,Combined TRACON& Tower with Radar,9,29,42,0,80,0,6,32,0,38,9,35,74,0,118,118,0,118,236
06/16/2023,RST,MN,AGL,CE,Combined TRACON& Tower with Radar,5,36,41,0,82,0,19,58,0,77,5,55,99,0,159,92,0,92,251
06/17/2023,RST,MN,AGL,CE,Combined TRACON& Tower with Radar,5,12,25,0,42,0,8,32,2,42,5,20,57,2,84,76,0,76,160
06/18/2023,RST,MN,AGL,CE,Combined TRACON& Tower with Radar,3,20,16,0,39,0,3,7,0,10,3,23,23,0,49,20,0,20,69
06/19/2023,RST,MN,AGL,CE,Combined TRACON& Tower with Radar,4,28,38,0,70,0,6,37,0,43,4,34,75,0,113,170,0,170,283
06/20/2023,RST,MN,AGL,CE,Combined TRACON& Tower with Radar,5,34,26,0,65,0,11,56,0,67,5,45,82,0,132,90,0,90,222
06/21/2023,RST,MN,AGL,CE,Combined TRACON& Tower with Radar,6,30,50,22,108,0,9,56,0,65,6,39,106,22,173,70,12,82,255
06/22/2023,RST,MN,AGL,CE,Combined TRACON& Tower with Radar,5,28,36,0,69,0,22,45,0,67,5,50,81,0,136,124,0,124,260
06/23/2023,RST,MN,AGL,CE,Combined TRACON& Tower with Radar,5,28,38,0,71,0,9,42,0,51,5,37,80,0,122,88,0,88,210
06/24/2023,RST,MN,AGL,CE,Combined TRACON& Tower with Radar,4,12,8,0,24,0,0,2,0,2,4,12,10,0,26,0,0,0,26
06/25/2023,RST,MN,AGL,CE,Combined TRACON& Tower with Radar,4,16,32,0,52,0,0,5,0,5,4,16,37,0,57,0,0,0,57
06/26/2023,RST,MN,AGL,CE,Combined TRACON& Tower with Radar,4,38,48,0,90,0,7,19,0,26,4,45,67,0,116,46,0,46,162
06/27/2023,RST,MN,AGL,CE,Combined TRACON& Tower with Radar,4,37,54,2,97,0,12,41,0,53,4,49,95,2,150,120,6,126,276
06/28/2023,RST,MN,AGL,CE,Combined TRACON& Tower with Radar,4,27,68,12,111,0,1,6,0,7,4,28,74,12,118,0,0,0,118
06/29/2023,RST,MN,AGL,CE,Combined TRACON& Tower with Radar,5,20,41,0,66,0,19,39,0,58,5,39,80,0,124,120,0,120,244
06/30/2023,RST,MN,AGL,CE,Combined TRACON& Tower with Radar,5,23,23,0,51,0,16,65,0,81,5,39,88,0,132,86,0,86,218
07/01/2023,RST,MN,AGL,CE,Combined TRACON& Tower with Radar,5,14,19,0,38,0,10,40,0,50,5,24,59,0,88,28,0,28,116
07/02/2023,RST,MN,AGL,CE,Combined TRACON& Tower with Radar,4,13,17,0,34,0,6,35,0,41,4,19,52,0,75,58,0,58,133
07/03/2023,RST,MN,AGL,CE,Combined TRACON& Tower with Radar,4,5,20,0,29,0,0,43,0,43,4,5,63,0,72,40,0,40,112
07/04/2023,RST,MN,AGL,CE,Combined TRACON& Tower with Radar,5,11,16,0,32,0,3,25,0,28,5,14,41,0,60,48,0,48,108
07/05/2023,RST,MN,AGL,CE,Combined TRACON& Tower with Radar,8,28,26,10,72,0,11,38,2,51,8,39,64,12,123,66,24,90,213
07/06/2023,RST,MN,AGL,CE,Combined TRACON& Tower with Radar,7,27,27,1,62,0,12,50,0,62,7,39,77,1,124,84,0,84,208
07/07/2023,RST,MN,AGL,CE,Combined TRACON& Tower with Radar,7,34,37,0,78,0,16,50,0,66,7,50,87,0,144,52,0,52,196
07/08/2023,RST,MN,AGL,CE,Combined TRACON& Tower with Radar,5,21,33,0,59,0,6,29,0,35,5,27,62,0,94,64,0,64,158
07/09/2023,RST,MN,AGL,CE,Combined TRACON& Tower with Radar,3,16,19,0,38,0,7,23,0,30,3,23,42,0,68,22,0,22,90
07/10/2023,RST,MN,AGL,CE,Combined TRACON& Tower with Radar,4,20,31,0,55,0,3,35,0,38,4,23,66,0,93,12,0,12,105
07/11/2023,RST,MN,AGL,CE,Combined TRACON& Tower with Radar,5,22,46,0,73,0,10,46,2,58,5,32,92,2,131,120,0,120,251
07/12/2023,RST,MN,AGL,CE,Combined TRACON& Tower with Radar,7,22,57,0,86,0,0,3,0,3,7,22,60,0,89,0,0,0,89
07/13/2023,RST,MN,AGL,CE,Combined TRACON& Tower with Radar,5,26,35,3,69,0,2,27,5,34,5,28,62,8,103,14,24,38,141
07/14/2023,RST,MN,AGL,CE,Combined TRACON& Tower with Radar,5,21,38,0,64,0,7,31,0,38,5,28,69,0,102,40,0,40,142
07/15/2023,RST,MN,AGL,CE,Combined TRACON& Tower with Radar,5,15,29,0,49,0,1,47,0,48,5,16,76,0,97,52,0,52,149
07/16/2023,RST,MN,AGL,CE,Combined TRACON& Tower with Radar,4,22,26,0,52,0,5,27,0,32,4,27,53,0,84,40,0,40,124
07/17/2023,RST,MN,AGL,CE,Combined TRACON& Tower with Radar,4,35,29,0,68,0,16,54,0,70,4,51,83,0,138,142,0,142,280
07/18/2023,RST,MN,AGL,CE,Combined TRACON& Tower with Radar,5,30,49,2,86,0,9,49,0,58,5,39,98,2,144,110,0,110,254
07/19/2023,RST,MN,AGL,CE,Combined TRACON& Tower with Radar,5,23,43,2,73,0,11,47,0,58,5,34,90,2,131,80,0,80,211
07/20/2023,RST,MN,AGL,CE,Combined TRACON& Tower with Radar,5,24,58,0,87,0,5,47,0,52,5,29,105,0,139,82,0,82,221
07/21/2023,RST,MN,AGL,CE,Combined TRACON& Tower with Radar,5,19,39,0,63,0,12,52,0,64,5,31,91,0,127,136,0,136,263
07/22/2023,RST,MN,AGL,CE,Combined TRACON& Tower with Radar,5,13,24,0,42,0,10,46,0,56,5,23,70,0,98,64,0,64,162
07/23/2023,RST,MN,AGL,CE,Combined TRACON& Tower with Radar,3,15,25,0,43,0,2,43,0,45,3,17,68,0,88,70,0,70,158
07/24/2023,RST,MN,AGL,CE,Combined TRACON& Tower with Radar,4,30,34,0,68,0,6,47,0,53,4,36,81,0,121,40,0,40,161
07/25/2023,RST,MN,AGL,CE,Combined TRACON& Tower with Radar,5,31,48,0,84,0,2,35,0,37,5,33,83,0,121,50,0,50,171
07/26/2023,RST,MN,AGL,CE,Combined TRACON& Tower with Radar,5,22,32,0,59,0,4,45,0,49,5,26,77,0,108,136,0,136,244
07/27/2023,RST,MN,AGL,CE,Combined TRACON& Tower with Radar,5,28,37,0,70,0,6,57,0,63,5,34,94,0,133,72,0,72,205
07/28/2023,RST,MN,AGL,CE,Combined TRACON& Tower with Radar,17,23,27,0,67,0,8,41,0,49,17,31,68,0,116,164,0,164,280
07/29/2023,RST,MN,AGL,CE,Combined TRACON& Tower with Radar,6,20,18,0,44,0,3,38,0,41,6,23,56,0,85,20,0,20,105
07/30/2023,RST,MN,AGL,CE,Combined TRACON& Tower with Radar,3,19,19,0,41,0,6,53,0,59,3,25,72,0,100,44,0,44,144
07/31/2023,RST,MN,AGL,CE,Combined TRACON& Tower with Radar,4,31,54,0,89,0,11,67,0,78,4,42,121,0,167,242,0,242,409
08/01/2023,RST,MN,AGL,CE,Combined TRACON& Tower with Radar,5,32,53,0,90,0,5,34,0,39,5,37,87,0,129,158,0,158,287
08/02/2023,RST,MN,AGL,CE,Combined TRACON& Tower with Radar,5,22,47,0,74,0,7,60,0,67,5,29,107,0,141,136,0,136,277
08/03/2023,RST,MN,AGL,CE,Combined TRACON& Tower with Radar,13,20,39,0,72,0,3,36,0,39,13,23,75,0,111,88,0,88,199
08/04/2023,RST,MN,AGL,CE,Combined TRACON& Tower with Radar,10,16,43,0,69,0,5,25,0,30,10,21,68,0,99,44,0,44,143
08/05/2023,RST,MN,AGL,CE,Combined TRACON& Tower with Radar,5,14,14,0,33,0,2,34,0,36,5,16,48,0,69,100,0,100,169
08/06/2023,RST,MN,AGL,CE,Combined TRACON& Tower with Radar,3,18,14,0,35,0,2,2,0,4,3,20,16,0,39,12,0,12,51
08/07/2023,RST,MN,AGL,CE,Combined TRACON& Tower with Radar,6,31,34,0,71,0,4,23,0,27,6,35,57,0,98,20,0,20,118
08/08/2023,RST,MN,AGL,CE,Combined TRACON& Tower with Radar,7,31,29,2,69,0,9,37,0,46,7,40,66,2,115,158,4,162,277
08/09/2023,RST,MN,AGL,CE,Combined TRACON& Tower with Radar,5,21,29,4,59,0,6,25,0,31,5,27,54,4,90,70,36,106,196
08/10/2023,RST,MN,AGL,CE,Combined TRACON& Tower with Radar,5,42,45,0,92,0,6,36,0,42,5,48,81,0,134,76,0,76,210
08/11/2023,RST,MN,AGL,CE,Combined TRACON& Tower with Radar,5,19,39,4,67,0,0,9,0,9,5,19,48,4,76,36,18,54,130
08/12/2023,RST,MN,AGL,CE,Combined TRACON& Tower with Radar,3,15,27,6,51,0,9,49,2,60,3,24,76,8,111,144,6,150,261
08/13/2023,RST,MN,AGL,CE,Combined TRACON& Tower with Radar,4,23,26,1,54,0,0,16,0,16,4,23,42,1,70,20,0,20,90
08/14/2023,RST,MN,AGL,CE,Combined TRACON& Tower with Radar,6,17,45,4,72,0,0,5,0,5,6,17,50,4,77,48,0,48,125
08/15/2023,RST,MN,AGL,CE,Combined TRACON& Tower with Radar,5,33,42,3,83,0,6,64,0,70,5,39,106,3,153,128,0,128,281
08/16/2023,RST,MN,AGL,CE,Combined TRACON& Tower with Radar,5,37,22,4,68,0,6,21,1,28,5,43,43,5,96,46,0,46,142
08/17/2023,RST,MN,AGL,CE,Combined TRACON& Tower with Radar,5,25,37,0,67,0,2,21,0,23,5,27,58,0,90,92,0,92,182
08/18/2023,RST,MN,AGL,CE,Combined TRACON& Tower with Radar,5,17,39,0,61,0,3,35,0,38,5,20,74,0,99,42,0,42,141
08/19/2023,RST,MN,AGL,CE,Combined TRACON& Tower with Radar,5,29,13,0,47,0,8,34,0,42,5,37,47,0,89,58,0,58,147
08/20/2023,RST,MN,AGL,CE,Combined TRACON& Tower with Radar,3,22,37,0,62,0,0,44,0,44,3,22,81,0,106,66,0,66,172
08/21/2023,RST,MN,AGL,CE,Combined TRACON& Tower with Radar,4,27,51,1,83,0,7,21,0,28,4,34,72,1,111,90,0,90,201
08/22/2023,RST,MN,AGL,CE,Combined TRACON& Tower with Radar,5,38,45,0,88,0,6,17,0,23,5,44,62,0,111,44,0,44,155
08/23/2023,RST,MN,AGL,CE,Combined TRACON& Tower with Radar,5,32,27,7,71,0,9,21,2,32,5,41,48,9,103,78,12,90,193
08/24/2023,RST,MN,AGL,CE,Combined TRACON& Tower with Radar,5,26,33,0,64,0,7,30,0,37,5,33,63,0,101,54,0,54,155
08/25/2023,RST,MN,AGL,CE,Combined TRACON& Tower with Radar,7,21,58,0,86,0,6,33,0,39,7,27,91,0,125,86,0,86,211
08/26/2023,RST,MN,AGL,CE,Combined TRACON& Tower with Radar,5,10,39,2,56,0,1,28,0,29,5,11,67,2,85,70,0,70,155
08/27/2023,RST,MN,AGL,CE,Combined TRACON& Tower with Radar,3,16,25,0,44,0,6,54,0,60,3,22,79,0,104,96,0,96,200
08/28/2023,RST,MN,AGL,CE,Combined TRACON& Tower with Radar,6,35,48,0,89,0,5,55,0,60,6,40,103,0,149,68,0,68,217
08/29/2023,RST,MN,AGL,CE,Combined TRACON& Tower with Radar,5,36,33,0,74,0,7,27,0,34,5,43,60,0,108,66,0,66,174
08/30/2023,RST,MN,AGL,CE,Combined TRACON& Tower with Radar,5,25,46,2,78,0,12,44,0,56,5,37,90,2,134,134,0,134,268
08/31/2023,RST,MN,AGL,CE,Combined TRACON& Tower with Radar,5,26,40,0,71,0,9,34,2,45,5,35,74,2,116,84,4,88,204
