01/01/2000,RSW,FL,ASO,ES,Towers with Radar,78,34,11,0,123,47,10,0,0,57,125,44,11,0,180,2,0,2,182
01/02/2000,RSW,FL,ASO,ES,Towers with Radar,123,46,78,0,247,1,4,33,0,38,124,50,111,0,285,4,0,4,289
01/03/2000,RSW,FL,ASO,ES,Towers with Radar,115,49,45,6,215,1,2,10,0,13,116,51,55,6,228,0,3,3,231
01/04/2000,RSW,FL,ASO,ES,Towers with Radar,12,38,27,1,78,0,14,28,3,45,12,52,55,4,123,3,0,3,126
01/05/2000,RSW,FL,ASO,ES,Towers with Radar,120,44,23,2,189,1,0,29,0,30,121,44,52,2,219,4,1,5,224
01/06/2000,RSW,FL,ASO,ES,Towers with Radar,117,43,32,2,194,1,1,14,0,16,118,44,46,2,210,9,0,9,219
01/07/2000,RSW,FL,ASO,ES,Towers with Radar,114,45,37,0,196,1,0,15,9,25,115,45,52,9,221,0,0,0,221
01/08/2000,RSW,FL,ASO,ES,Towers with Radar,104,43,32,0,179,32,0,10,0,42,136,43,42,0,221,18,0,18,239
01/09/2000,RSW,FL,ASO,ES,Towers with Radar,108,44,35,0,187,1,0,19,0,20,109,44,54,0,207,7,0,7,214
01/10/2000,RSW,FL,ASO,ES,Towers with Radar,103,44,32,1,180,4,3,14,1,22,107,47,46,2,202,3,8,11,213
01/11/2000,RSW,FL,ASO,ES,Towers with Radar,112,46,24,11,193,1,2,4,2,9,113,48,28,13,202,0,5,5,207
01/12/2000,RSW,FL,ASO,ES,Towers with Radar,109,46,27,0,182,1,0,13,0,14,110,46,40,0,196,12,0,12,208
01/13/2000,RSW,FL,ASO,ES,Towers with Radar,110,50,35,0,195,1,0,34,0,35,111,50,69,0,230,5,0,5,235
01/14/2000,RSW,FL,ASO,ES,Towers with Radar,113,50,22,0,185,1,1,10,0,12,114,51,32,0,197,2,0,2,199
01/15/2000,RSW,FL,ASO,ES,Towers with Radar,137,45,28,3,213,0,1,20,0,21,137,46,48,3,234,10,0,10,244
01/16/2000,RSW,FL,ASO,ES,Towers with Radar,111,44,36,0,191,0,0,26,0,26,111,44,62,0,217,9,0,9,226
01/17/2000,RSW,FL,ASO,ES,Towers with Radar,104,44,31,0,179,4,9,30,0,43,108,53,61,0,222,27,0,27,249
01/18/2000,RSW,FL,ASO,ES,Towers with Radar,111,46,27,0,184,0,0,17,0,17,111,46,44,0,201,1,0,1,202
01/19/2000,RSW,FL,ASO,ES,Towers with Radar,111,40,21,0,172,0,2,13,0,15,111,42,34,0,187,6,0,6,193
01/20/2000,RSW,FL,ASO,ES,Towers with Radar,111,51,36,2,200,0,1,12,0,13,111,52,48,2,213,7,0,7,220
01/21/2000,RSW,FL,ASO,ES,Towers with Radar,110,48,53,2,213,0,5,27,0,32,110,53,80,2,245,12,0,12,257
01/22/2000,RSW,FL,ASO,ES,Towers with Radar,127,45,32,0,204,0,4,24,0,28,127,49,56,0,232,1,0,1,233
01/23/2000,RSW,FL,ASO,ES,Towers with Radar,112,46,32,12,202,0,5,21,0,26,112,51,53,12,228,10,3,13,241
01/24/2000,RSW,FL,ASO,ES,Towers with Radar,109,45,24,2,180,0,0,9,0,9,109,45,33,2,189,0,2,2,191
01/25/2000,RSW,FL,ASO,ES,Towers with Radar,97,42,25,2,166,0,0,20,1,21,97,42,45,3,187,13,0,13,200
01/26/2000,RSW,FL,ASO,ES,Towers with Radar,111,46,38,6,201,2,2,14,1,19,113,48,52,7,220,10,0,10,230
01/27/2000,RSW,FL,ASO,ES,Towers with Radar,114,47,38,0,199,0,0,33,0,33,114,47,71,0,232,4,0,4,236
01/28/2000,RSW,FL,ASO,ES,Towers with Radar,107,43,53,2,205,0,2,28,1,31,107,45,81,3,236,8,17,25,261
01/29/2000,RSW,FL,ASO,ES,Towers with Radar,120,46,25,2,193,0,4,18,0,22,120,50,43,2,215,3,0,3,218
01/30/2000,RSW,FL,ASO,ES,Towers with Radar,107,52,32,0,191,0,1,25,0,26,107,53,57,0,217,4,0,4,221
01/31/2000,RSW,FL,ASO,ES,Towers with Radar,115,54,34,3,206,0,0,4,0,4,115,54,38,3,210,0,1,1,211
02/01/2000,RSW,FL,ASO,ES,Towers with Radar,124,48,30,4,206,1,0,9,0,10,125,48,39,4,216,36,0,36,252
02/02/2000,RSW,FL,ASO,ES,Towers with Radar,122,51,15,0,188,1,1,8,0,10,123,52,23,0,198,4,0,4,202
02/03/2000,RSW,FL,ASO,ES,Towers with Radar,119,47,34,0,200,1,1,12,0,14,120,48,46,0,214,5,0,5,219
02/04/2000,RSW,FL,ASO,ES,Towers with Radar,124,46,56,0,226,1,4,37,0,42,125,50,93,0,268,19,2,21,289
02/05/2000,RSW,FL,ASO,ES,Towers with Radar,144,37,25,10,216,1,4,8,0,13,145,41,33,10,229,2,21,23,252
02/06/2000,RSW,FL,ASO,ES,Towers with Radar,119,43,34,0,196,1,4,22,0,27,120,47,56,0,223,16,0,16,239
02/07/2000,RSW,FL,ASO,ES,Towers with Radar,111,51,30,0,192,1,0,15,0,16,112,51,45,0,208,5,0,5,213
02/08/2000,RSW,FL,ASO,ES,Towers with Radar,131,54,30,0,215,1,0,27,0,28,132,54,57,0,243,1,0,1,244
02/09/2000,RSW,FL,ASO,ES,Towers with Radar,122,48,45,2,217,1,3,23,0,27,123,51,68,2,244,7,0,7,251
02/10/2000,RSW,FL,ASO,ES,Towers with Radar,132,54,45,0,231,1,6,34,0,41,133,60,79,0,272,23,0,23,295
02/11/2000,RSW,FL,ASO,ES,Towers with Radar,124,39,57,4,224,1,4,30,0,35,125,43,87,4,259,4,0,4,263
02/12/2000,RSW,FL,ASO,ES,Towers with Radar,149,43,54,3,249,1,6,23,1,31,150,49,77,4,280,2,0,2,282
02/13/2000,RSW,FL,ASO,ES,Towers with Radar,123,52,35,3,213,1,2,25,0,28,124,54,60,3,241,8,0,8,249
02/14/2000,RSW,FL,ASO,ES,Towers with Radar,121,48,31,0,200,1,1,11,0,13,122,49,42,0,213,1,0,1,214
02/15/2000,RSW,FL,ASO,ES,Towers with Radar,129,48,40,2,219,0,0,13,6,19,129,48,53,8,238,6,22,28,266
02/16/2000,RSW,FL,ASO,ES,Towers with Radar,134,47,48,2,231,1,5,36,1,43,135,52,84,3,274,6,0,6,280
02/17/2000,RSW,FL,ASO,ES,Towers with Radar,133,49,50,4,236,1,6,27,1,35,134,55,77,5,271,3,6,9,280
02/18/2000,RSW,FL,ASO,ES,Towers with Radar,122,51,44,0,217,0,0,31,0,31,122,51,75,0,248,4,0,4,252
02/19/2000,RSW,FL,ASO,ES,Towers with Radar,151,46,30,0,227,1,3,28,0,32,152,49,58,0,259,4,0,4,263
02/20/2000,RSW,FL,ASO,ES,Towers with Radar,130,49,36,0,215,1,1,13,0,15,131,50,49,0,230,3,0,3,233
02/21/2000,RSW,FL,ASO,ES,Towers with Radar,122,61,42,0,225,1,3,17,0,21,123,64,59,0,246,1,0,1,247
02/22/2000,RSW,FL,ASO,ES,Towers with Radar,141,45,27,2,215,0,2,22,0,24,141,47,49,2,239,28,2,30,269
02/23/2000,RSW,FL,ASO,ES,Towers with Radar,131,50,41,11,233,0,4,18,0,22,131,54,59,11,255,3,3,6,261
02/24/2000,RSW,FL,ASO,ES,Towers with Radar,138,45,52,1,236,0,4,18,1,23,138,49,70,2,259,3,0,3,262
02/25/2000,RSW,FL,ASO,ES,Towers with Radar,129,47,46,3,225,0,6,16,1,23,129,53,62,4,248,3,2,5,253
02/26/2000,RSW,FL,ASO,ES,Towers with Radar,163,47,40,1,251,0,2,13,0,15,163,49,53,1,266,11,1,12,278
02/27/2000,RSW,FL,ASO,ES,Towers with Radar,127,49,59,1,236,0,3,18,0,21,127,52,77,1,257,11,0,11,268
02/28/2000,RSW,FL,ASO,ES,Towers with Radar,120,44,37,2,203,2,9,15,3,29,122,53,52,5,232,4,17,21,253
02/29/2000,RSW,FL,ASO,ES,Towers with Radar,137,52,39,5,233,0,2,26,0,28,137,54,65,5,261,20,1,21,282
03/01/2000,RSW,FL,ASO,ES,Towers with Radar,127,42,37,0,206,12,8,12,0,32,139,50,49,0,238,19,0,19,257
03/02/2000,RSW,FL,ASO,ES,Towers with Radar,149,45,45,6,245,2,1,18,0,21,151,46,63,6,266,14,4,18,284
03/03/2000,RSW,FL,ASO,ES,Towers with Radar,130,51,52,0,233,2,3,27,0,32,132,54,79,0,265,3,0,3,268
03/04/2000,RSW,FL,ASO,ES,Towers with Radar,166,43,32,0,241,2,2,14,0,18,168,45,46,0,259,1,0,1,260
03/05/2000,RSW,FL,ASO,ES,Towers with Radar,136,41,33,0,210,1,1,32,0,34,137,42,65,0,244,13,0,13,257
03/06/2000,RSW,FL,ASO,ES,Towers with Radar,124,40,36,2,202,5,8,6,7,26,129,48,42,9,228,15,4,19,247
03/07/2000,RSW,FL,ASO,ES,Towers with Radar,140,50,36,5,231,1,1,28,0,30,141,51,64,5,261,7,3,10,271
03/08/2000,RSW,FL,ASO,ES,Towers with Radar,142,42,24,4,212,1,3,22,0,26,143,45,46,4,238,24,0,24,262
03/09/2000,RSW,FL,ASO,ES,Towers with Radar,143,41,41,0,225,1,7,30,0,38,144,48,71,0,263,25,4,29,292
03/10/2000,RSW,FL,ASO,ES,Towers with Radar,140,47,43,3,233,0,0,44,2,46,140,47,87,5,279,6,0,6,285
03/11/2000,RSW,FL,ASO,ES,Towers with Radar,167,38,27,0,232,1,5,20,0,26,168,43,47,0,258,3,0,3,261
03/12/2000,RSW,FL,ASO,ES,Towers with Radar,136,52,48,0,236,1,3,18,0,22,137,55,66,0,258,12,0,12,270
03/13/2000,RSW,FL,ASO,ES,Towers with Radar,127,47,37,3,214,1,1,34,0,36,128,48,71,3,250,10,1,11,261
03/14/2000,RSW,FL,ASO,ES,Towers with Radar,142,49,21,5,217,1,0,19,0,20,143,49,40,5,237,18,15,33,270
03/15/2000,RSW,FL,ASO,ES,Towers with Radar,140,47,45,4,236,1,0,31,0,32,141,47,76,4,268,26,13,39,307
03/16/2000,RSW,FL,ASO,ES,Towers with Radar,140,47,51,0,238,1,0,11,0,12,141,47,62,0,250,19,0,19,269
03/17/2000,RSW,FL,ASO,ES,Towers with Radar,138,52,58,5,253,1,39,2,0,42,139,91,60,5,295,14,2,16,311
03/18/2000,RSW,FL,ASO,ES,Towers with Radar,163,46,53,0,262,1,1,26,0,28,164,47,79,0,290,5,0,5,295
03/19/2000,RSW,FL,ASO,ES,Towers with Radar,132,53,31,5,221,1,0,6,0,7,133,53,37,5,228,2,3,5,233
03/20/2000,RSW,FL,ASO,ES,Towers with Radar,127,45,39,0,211,1,0,11,0,12,128,45,50,0,223,2,0,2,225
03/21/2000,RSW,FL,ASO,ES,Towers with Radar,139,45,29,0,213,1,2,32,0,35,140,47,61,0,248,6,0,6,254
03/22/2000,RSW,FL,ASO,ES,Towers with Radar,141,46,50,0,237,1,3,31,0,35,142,49,81,0,272,4,0,4,276
03/23/2000,RSW,FL,ASO,ES,Towers with Radar,147,45,52,0,244,1,4,44,0,49,148,49,96,0,293,11,0,11,304
03/24/2000,RSW,FL,ASO,ES,Towers with Radar,141,56,52,2,251,0,0,45,4,49,141,56,97,6,300,4,4,8,308
03/25/2000,RSW,FL,ASO,ES,Towers with Radar,150,50,43,0,243,19,4,33,0,56,169,54,76,0,299,3,0,3,302
03/26/2000,RSW,FL,ASO,ES,Towers with Radar,142,51,55,0,248,1,1,15,0,17,143,52,70,0,265,1,0,1,266
03/27/2000,RSW,FL,ASO,ES,Towers with Radar,132,43,26,3,204,1,1,10,0,12,133,44,36,3,216,11,2,13,229
03/28/2000,RSW,FL,ASO,ES,Towers with Radar,138,46,39,2,225,9,2,3,5,19,147,48,42,7,244,17,12,29,273
03/29/2000,RSW,FL,ASO,ES,Towers with Radar,143,49,46,0,238,1,0,21,0,22,144,49,67,0,260,15,0,15,275
03/30/2000,RSW,FL,ASO,ES,Towers with Radar,148,41,32,1,222,1,2,13,2,18,149,43,45,3,240,3,0,3,243
03/31/2000,RSW,FL,ASO,ES,Towers with Radar,138,54,47,2,241,0,10,40,4,54,138,64,87,6,295,6,2,8,303
04/01/2000,RSW,FL,ASO,ES,Towers with Radar,176,56,70,6,308,0,3,20,0,23,176,59,90,6,331,0,3,3,334
04/02/2000,RSW,FL,ASO,ES,Towers with Radar,139,51,41,0,231,0,5,11,0,16,139,56,52,0,247,3,0,3,250
04/03/2000,RSW,FL,ASO,ES,Towers with Radar,130,51,24,0,205,0,3,27,0,30,130,54,51,0,235,10,0,10,245
04/04/2000,RSW,FL,ASO,ES,Towers with Radar,132,47,22,1,202,0,2,16,2,20,132,49,38,3,222,1,0,1,223
04/05/2000,RSW,FL,ASO,ES,Towers with Radar,137,45,25,0,207,0,6,20,0,26,137,51,45,0,233,24,0,24,257
04/06/2000,RSW,FL,ASO,ES,Towers with Radar,141,43,50,0,234,0,4,20,1,25,141,47,70,1,259,10,0,10,269
04/07/2000,RSW,FL,ASO,ES,Towers with Radar,133,46,35,0,214,0,6,30,0,36,133,52,65,0,250,17,0,17,267
04/08/2000,RSW,FL,ASO,ES,Towers with Radar,187,53,30,0,270,0,3,20,2,25,187,56,50,2,295,8,2,10,305
04/09/2000,RSW,FL,ASO,ES,Towers with Radar,129,50,56,0,235,0,6,36,2,44,129,56,92,2,279,4,0,4,283
04/10/2000,RSW,FL,ASO,ES,Towers with Radar,130,47,29,3,209,0,3,20,0,23,130,50,49,3,232,6,3,9,241
04/11/2000,RSW,FL,ASO,ES,Towers with Radar,130,45,34,0,209,0,4,26,0,30,130,49,60,0,239,20,0,20,259
04/12/2000,RSW,FL,ASO,ES,Towers with Radar,137,44,46,14,241,0,6,23,4,33,137,50,69,18,274,7,29,36,310
04/13/2000,RSW,FL,ASO,ES,Towers with Radar,137,43,49,0,229,0,4,21,0,25,137,47,70,0,254,4,6,10,264
04/14/2000,RSW,FL,ASO,ES,Towers with Radar,0,0,0,0,0,0,0,0,0,0,0,0,0,0,0,0,0,0,0
04/15/2000,RSW,FL,ASO,ES,Towers with Radar,153,45,30,0,228,0,2,12,0,14,153,47,42,0,242,4,0,4,246
04/16/2000,RSW,FL,ASO,ES,Towers with Radar,132,47,39,3,221,0,6,21,1,28,132,53,60,4,249,2,0,2,251
04/17/2000,RSW,FL,ASO,ES,Towers with Radar,129,45,39,0,213,0,3,22,1,26,129,48,61,1,239,20,3,23,262
04/18/2000,RSW,FL,ASO,ES,Towers with Radar,113,44,29,3,189,0,2,25,2,29,113,46,54,5,218,8,0,8,226
04/19/2000,RSW,FL,ASO,ES,Towers with Radar,134,51,42,0,227,0,0,49,0,49,134,51,91,0,276,24,0,24,300
04/20/2000,RSW,FL,ASO,ES,Towers with Radar,132,49,48,0,229,0,5,31,1,37,132,54,79,1,266,8,0,8,274
04/21/2000,RSW,FL,ASO,ES,Towers with Radar,122,42,33,0,197,10,11,6,0,27,132,53,39,0,224,2,0,2,226
04/22/2000,RSW,FL,ASO,ES,Towers with Radar,127,44,34,0,205,26,4,19,0,49,153,48,53,0,254,0,0,0,254
04/23/2000,RSW,FL,ASO,ES,Towers with Radar,128,51,39,1,219,0,0,36,1,37,128,51,75,2,256,5,4,9,265
04/24/2000,RSW,FL,ASO,ES,Towers with Radar,127,52,37,3,219,0,2,15,1,18,127,54,52,4,237,4,2,6,243
04/25/2000,RSW,FL,ASO,ES,Towers with Radar,126,53,27,3,209,0,1,35,1,37,126,54,62,4,246,3,6,9,255
04/26/2000,RSW,FL,ASO,ES,Towers with Radar,128,45,30,14,217,0,8,27,0,35,128,53,57,14,252,7,7,14,266
04/27/2000,RSW,FL,ASO,ES,Towers with Radar,136,46,46,5,233,0,9,17,3,29,136,55,63,8,262,21,1,22,284
04/28/2000,RSW,FL,ASO,ES,Towers with Radar,136,45,50,0,231,0,2,25,0,27,136,47,75,0,258,11,0,11,269
04/29/2000,RSW,FL,ASO,ES,Towers with Radar,125,43,31,0,199,32,0,0,0,32,157,43,31,0,231,2,1,3,234
04/30/2000,RSW,FL,ASO,ES,Towers with Radar,122,42,33,0,197,9,5,13,0,27,131,47,46,0,224,0,0,0,224
05/01/2000,RSW,FL,ASO,ES,Towers with Radar,110,38,12,3,163,0,4,28,2,34,110,42,40,5,197,4,0,4,201
05/02/2000,RSW,FL,ASO,ES,Towers with Radar,105,44,28,5,182,0,2,26,0,28,105,46,54,5,210,6,4,10,220
05/03/2000,RSW,FL,ASO,ES,Towers with Radar,103,45,41,1,190,0,0,7,2,9,103,45,48,3,199,4,0,4,203
05/04/2000,RSW,FL,ASO,ES,Towers with Radar,97,44,26,0,167,0,4,22,0,26,97,48,48,0,193,6,0,6,199
05/05/2000,RSW,FL,ASO,ES,Towers with Radar,97,43,37,1,178,0,4,24,0,28,97,47,61,1,206,29,0,29,235
05/06/2000,RSW,FL,ASO,ES,Towers with Radar,106,37,24,0,167,0,5,17,0,22,106,42,41,0,189,10,0,10,199
05/07/2000,RSW,FL,ASO,ES,Towers with Radar,88,50,27,0,165,0,3,7,0,10,88,53,34,0,175,0,0,0,175
05/08/2000,RSW,FL,ASO,ES,Towers with Radar,91,44,26,13,174,0,1,18,0,19,91,45,44,13,193,6,11,17,210
05/09/2000,RSW,FL,ASO,ES,Towers with Radar,93,45,18,0,156,0,2,13,0,15,93,47,31,0,171,6,0,6,177
05/10/2000,RSW,FL,ASO,ES,Towers with Radar,85,41,25,2,153,0,4,14,1,19,85,45,39,3,172,10,2,12,184
05/11/2000,RSW,FL,ASO,ES,Towers with Radar,87,42,18,0,147,0,5,20,1,26,87,47,38,1,173,5,0,5,178
05/12/2000,RSW,FL,ASO,ES,Towers with Radar,91,39,20,0,150,0,4,13,0,17,91,43,33,0,167,1,0,1,168
05/13/2000,RSW,FL,ASO,ES,Towers with Radar,97,38,21,0,156,0,6,11,0,17,97,44,32,0,173,7,0,7,180
05/14/2000,RSW,FL,ASO,ES,Towers with Radar,92,38,23,0,153,0,4,20,0,24,92,42,43,0,177,7,0,7,184
05/15/2000,RSW,FL,ASO,ES,Towers with Radar,101,41,32,4,178,0,4,8,1,13,101,45,40,5,191,7,0,7,198
05/16/2000,RSW,FL,ASO,ES,Towers with Radar,97,41,30,0,168,0,1,23,0,24,97,42,53,0,192,13,0,13,205
05/17/2000,RSW,FL,ASO,ES,Towers with Radar,92,40,29,3,164,0,2,20,2,24,92,42,49,5,188,1,6,7,195
05/18/2000,RSW,FL,ASO,ES,Towers with Radar,92,38,32,1,163,0,2,20,0,22,92,40,52,1,185,6,12,18,203
05/19/2000,RSW,FL,ASO,ES,Towers with Radar,93,40,34,2,169,0,2,34,1,37,93,42,68,3,206,6,2,8,214
05/20/2000,RSW,FL,ASO,ES,Towers with Radar,101,38,19,2,160,0,1,7,3,11,101,39,26,5,171,3,1,4,175
05/21/2000,RSW,FL,ASO,ES,Towers with Radar,89,36,17,6,148,0,8,10,2,20,89,44,27,8,168,3,3,6,174
05/22/2000,RSW,FL,ASO,ES,Towers with Radar,89,40,23,8,160,0,1,8,1,10,89,41,31,9,170,7,33,40,210
05/23/2000,RSW,FL,ASO,ES,Towers with Radar,89,45,18,5,157,0,1,30,0,31,89,46,48,5,188,16,0,16,204
05/24/2000,RSW,FL,ASO,ES,Towers with Radar,91,41,27,0,159,0,0,34,0,34,91,41,61,0,193,2,0,2,195
05/25/2000,RSW,FL,ASO,ES,Towers with Radar,90,42,21,0,153,0,0,26,0,26,90,42,47,0,179,7,0,7,186
05/26/2000,RSW,FL,ASO,ES,Towers with Radar,95,43,20,0,158,0,0,15,0,15,95,43,35,0,173,1,0,1,174
05/27/2000,RSW,FL,ASO,ES,Towers with Radar,83,34,21,0,138,18,0,13,0,31,101,34,34,0,169,6,0,6,175
05/28/2000,RSW,FL,ASO,ES,Towers with Radar,92,42,14,0,148,0,3,14,0,17,92,45,28,0,165,2,0,2,167
05/29/2000,RSW,FL,ASO,ES,Towers with Radar,87,41,35,0,163,0,1,19,0,20,87,42,54,0,183,11,0,11,194
05/30/2000,RSW,FL,ASO,ES,Towers with Radar,86,38,13,0,137,0,1,13,0,14,86,39,26,0,151,13,0,13,164
05/31/2000,RSW,FL,ASO,ES,Towers with Radar,87,38,23,1,149,2,4,16,7,29,89,42,39,8,178,16,4,20,198
06/01/2000,RSW,FL,ASO,ES,Towers with Radar,88,42,13,0,143,1,1,15,0,17,89,43,28,0,160,2,0,2,162
06/02/2000,RSW,FL,ASO,ES,Towers with Radar,86,41,20,0,147,1,1,18,0,20,87,42,38,0,167,4,0,4,171
06/03/2000,RSW,FL,ASO,ES,Towers with Radar,96,37,19,0,152,1,4,15,0,20,97,41,34,0,172,6,0,6,178
06/04/2000,RSW,FL,ASO,ES,Towers with Radar,89,33,12,2,136,1,3,13,0,17,90,36,25,2,153,3,0,3,156
06/05/2000,RSW,FL,ASO,ES,Towers with Radar,79,36,17,2,134,8,6,16,1,31,87,42,33,3,165,12,0,12,177
06/06/2000,RSW,FL,ASO,ES,Towers with Radar,102,40,22,12,176,1,1,19,0,21,103,41,41,12,197,0,7,7,204
06/07/2000,RSW,FL,ASO,ES,Towers with Radar,98,53,28,2,181,1,0,16,0,17,99,53,44,2,198,79,0,79,277
06/08/2000,RSW,FL,ASO,ES,Towers with Radar,95,39,17,6,157,1,0,15,0,16,96,39,32,6,173,13,2,15,188
06/09/2000,RSW,FL,ASO,ES,Towers with Radar,89,42,12,7,150,1,0,13,1,15,90,42,25,8,165,1,1,2,167
06/10/2000,RSW,FL,ASO,ES,Towers with Radar,96,35,7,0,138,1,1,5,0,7,97,36,12,0,145,0,0,0,145
06/11/2000,RSW,FL,ASO,ES,Towers with Radar,86,38,10,0,134,1,0,5,0,6,87,38,15,0,140,2,0,2,142
06/12/2000,RSW,FL,ASO,ES,Towers with Radar,79,36,18,1,134,0,7,9,0,16,79,43,27,1,150,1,0,1,151
06/13/2000,RSW,FL,ASO,ES,Towers with Radar,82,41,25,0,148,1,1,10,0,12,83,42,35,0,160,4,0,4,164
06/14/2000,RSW,FL,ASO,ES,Towers with Radar,80,40,35,3,158,1,1,48,2,52,81,41,83,5,210,9,3,12,222
06/15/2000,RSW,FL,ASO,ES,Towers with Radar,86,43,22,0,151,1,0,24,0,25,87,43,46,0,176,3,0,3,179
06/16/2000,RSW,FL,ASO,ES,Towers with Radar,83,38,14,0,135,1,0,23,0,24,84,38,37,0,159,6,0,6,165
06/17/2000,RSW,FL,ASO,ES,Towers with Radar,90,34,21,1,146,1,1,11,2,15,91,35,32,3,161,12,9,21,182
06/18/2000,RSW,FL,ASO,ES,Towers with Radar,83,40,11,4,138,1,1,11,2,15,84,41,22,6,153,1,2,3,156
06/19/2000,RSW,FL,ASO,ES,Towers with Radar,85,40,44,0,169,1,3,11,0,15,86,43,55,0,184,12,0,12,196
06/20/2000,RSW,FL,ASO,ES,Towers with Radar,89,39,31,3,162,1,1,15,2,19,90,40,46,5,181,12,11,23,204
06/21/2000,RSW,FL,ASO,ES,Towers with Radar,86,38,23,9,156,1,0,9,0,10,87,38,32,9,166,24,14,38,204
06/22/2000,RSW,FL,ASO,ES,Towers with Radar,89,46,23,3,161,1,0,11,1,13,90,46,34,4,174,9,1,10,184
06/23/2000,RSW,FL,ASO,ES,Towers with Radar,88,39,30,2,159,1,0,14,0,15,89,39,44,2,174,17,0,17,191
06/24/2000,RSW,FL,ASO,ES,Towers with Radar,96,36,11,2,145,1,0,18,0,19,97,36,29,2,164,1,0,1,165
06/25/2000,RSW,FL,ASO,ES,Towers with Radar,82,37,19,2,140,1,4,5,1,11,83,41,24,3,151,4,17,21,172
06/26/2000,RSW,FL,ASO,ES,Towers with Radar,84,38,21,3,146,1,1,16,0,18,85,39,37,3,164,2,4,6,170
06/27/2000,RSW,FL,ASO,ES,Towers with Radar,83,39,16,3,141,1,0,9,1,11,84,39,25,4,152,3,7,10,162
06/28/2000,RSW,FL,ASO,ES,Towers with Radar,83,38,22,0,143,0,0,17,0,17,83,38,39,0,160,7,0,7,167
06/29/2000,RSW,FL,ASO,ES,Towers with Radar,88,37,24,0,149,1,0,16,3,20,89,37,40,3,169,2,1,3,172
06/30/2000,RSW,FL,ASO,ES,Towers with Radar,89,37,26,2,154,0,0,9,0,9,89,37,35,2,163,4,0,4,167
07/01/2000,RSW,FL,ASO,ES,Towers with Radar,101,26,13,0,140,1,0,7,0,8,102,26,20,0,148,0,0,0,148
07/02/2000,RSW,FL,ASO,ES,Towers with Radar,82,27,16,1,126,1,1,7,0,9,83,28,23,1,135,10,0,10,145
07/03/2000,RSW,FL,ASO,ES,Towers with Radar,76,37,30,0,143,1,0,8,0,9,77,37,38,0,152,26,0,26,178
07/04/2000,RSW,FL,ASO,ES,Towers with Radar,84,35,20,0,139,1,0,11,0,12,85,35,31,0,151,5,2,7,158
07/05/2000,RSW,FL,ASO,ES,Towers with Radar,84,38,28,2,152,1,0,11,0,12,85,38,39,2,164,7,0,7,171
07/06/2000,RSW,FL,ASO,ES,Towers with Radar,86,39,38,0,163,1,0,20,0,21,87,39,58,0,184,18,0,18,202
07/07/2000,RSW,FL,ASO,ES,Towers with Radar,91,34,17,3,145,0,7,17,2,26,91,41,34,5,171,3,4,7,178
07/08/2000,RSW,FL,ASO,ES,Towers with Radar,91,32,15,0,138,0,1,8,0,9,91,33,23,0,147,7,0,7,154
07/09/2000,RSW,FL,ASO,ES,Towers with Radar,89,37,30,5,161,0,0,8,0,8,89,37,38,5,169,5,8,13,182
07/10/2000,RSW,FL,ASO,ES,Towers with Radar,81,35,25,7,148,0,1,15,1,17,81,36,40,8,165,36,5,41,206
07/11/2000,RSW,FL,ASO,ES,Towers with Radar,87,35,22,0,144,0,1,22,0,23,87,36,44,0,167,14,0,14,181
07/12/2000,RSW,FL,ASO,ES,Towers with Radar,86,35,33,0,154,0,1,27,0,28,86,36,60,0,182,4,0,4,186
07/13/2000,RSW,FL,ASO,ES,Towers with Radar,93,36,41,0,170,0,0,13,0,13,93,36,54,0,183,38,0,38,221
07/14/2000,RSW,FL,ASO,ES,Towers with Radar,79,44,31,15,169,0,3,18,0,21,79,47,49,15,190,23,7,30,220
07/15/2000,RSW,FL,ASO,ES,Towers with Radar,98,39,24,0,161,0,0,7,0,7,98,39,31,0,168,1,0,1,169
07/16/2000,RSW,FL,ASO,ES,Towers with Radar,94,31,12,0,137,0,2,5,0,7,94,33,17,0,144,0,0,0,144
07/17/2000,RSW,FL,ASO,ES,Towers with Radar,90,38,25,3,156,0,0,11,5,16,90,38,36,8,172,12,2,14,186
07/18/2000,RSW,FL,ASO,ES,Towers with Radar,90,37,19,7,153,0,1,17,1,19,90,38,36,8,172,12,2,14,186
07/19/2000,RSW,FL,ASO,ES,Towers with Radar,87,39,21,2,149,0,12,0,0,12,87,51,21,2,161,4,0,4,165
07/20/2000,RSW,FL,ASO,ES,Towers with Radar,92,36,22,2,152,0,0,21,2,23,92,36,43,4,175,0,0,0,175
07/21/2000,RSW,FL,ASO,ES,Towers with Radar,88,42,22,9,161,0,1,24,2,27,88,43,46,11,188,21,7,28,216
07/22/2000,RSW,FL,ASO,ES,Towers with Radar,96,33,22,0,151,0,0,15,0,15,96,33,37,0,166,8,0,8,174
07/23/2000,RSW,FL,ASO,ES,Towers with Radar,83,36,15,0,134,0,1,6,0,7,83,37,21,0,141,16,0,16,157
07/24/2000,RSW,FL,ASO,ES,Towers with Radar,86,29,27,1,143,0,0,16,0,16,86,29,43,1,159,8,0,8,167
07/25/2000,RSW,FL,ASO,ES,Towers with Radar,99,33,31,2,165,0,0,19,1,20,99,33,50,3,185,6,1,7,192
07/26/2000,RSW,FL,ASO,ES,Towers with Radar,84,38,23,8,153,0,2,15,0,17,84,40,38,8,170,6,26,32,202
07/27/2000,RSW,FL,ASO,ES,Towers with Radar,90,37,25,15,167,0,0,14,0,14,90,37,39,15,181,6,27,33,214
07/28/2000,RSW,FL,ASO,ES,Towers with Radar,86,32,12,4,134,0,1,14,1,16,86,33,26,5,150,2,3,5,155
07/29/2000,RSW,FL,ASO,ES,Towers with Radar,88,28,11,6,133,0,0,24,0,24,88,28,35,6,157,30,16,46,203
07/30/2000,RSW,FL,ASO,ES,Towers with Radar,86,37,18,0,141,0,0,6,0,6,86,37,24,0,147,0,0,0,147
07/31/2000,RSW,FL,ASO,ES,Towers with Radar,81,34,19,6,140,0,0,11,1,12,81,34,30,7,152,1,2,3,155
08/01/2000,RSW,FL,ASO,ES,Towers with Radar,84,35,10,0,129,0,1,16,0,17,84,36,26,0,146,0,1,1,147
08/02/2000,RSW,FL,ASO,ES,Towers with Radar,90,33,18,7,148,0,2,17,0,19,90,35,35,7,167,4,3,7,174
08/03/2000,RSW,FL,ASO,ES,Towers with Radar,85,35,13,3,136,0,1,17,0,18,85,36,30,3,154,8,8,16,170
08/04/2000,RSW,FL,ASO,ES,Towers with Radar,85,40,16,0,141,0,1,14,0,15,85,41,30,0,156,2,0,2,158
08/05/2000,RSW,FL,ASO,ES,Towers with Radar,88,32,20,7,147,0,2,22,1,25,88,34,42,8,172,5,0,5,177
08/06/2000,RSW,FL,ASO,ES,Towers with Radar,83,35,16,0,134,13,2,0,0,15,96,37,16,0,149,0,0,0,149
08/07/2000,RSW,FL,ASO,ES,Towers with Radar,86,34,25,2,147,0,0,36,6,42,86,34,61,8,189,11,3,14,203
08/08/2000,RSW,FL,ASO,ES,Towers with Radar,89,38,18,6,151,0,1,14,3,18,89,39,32,9,169,12,40,52,221
08/09/2000,RSW,FL,ASO,ES,Towers with Radar,82,37,30,3,152,0,1,26,2,29,82,38,56,5,181,11,11,22,203
08/10/2000,RSW,FL,ASO,ES,Towers with Radar,93,29,33,12,167,0,2,27,4,33,93,31,60,16,200,37,11,48,248
08/11/2000,RSW,FL,ASO,ES,Towers with Radar,87,39,29,5,160,0,2,27,1,30,87,41,56,6,190,19,19,38,228
08/12/2000,RSW,FL,ASO,ES,Towers with Radar,89,37,12,0,138,0,0,8,0,8,89,37,20,0,146,14,0,14,160
08/13/2000,RSW,FL,ASO,ES,Towers with Radar,82,39,18,0,139,0,2,5,0,7,82,41,23,0,146,3,0,3,149
08/14/2000,RSW,FL,ASO,ES,Towers with Radar,101,42,30,5,178,0,2,20,0,22,101,44,50,5,200,18,0,18,218
08/15/2000,RSW,FL,ASO,ES,Towers with Radar,84,37,24,0,145,0,0,19,0,19,84,37,43,0,164,8,0,8,172
08/16/2000,RSW,FL,ASO,ES,Towers with Radar,89,38,25,6,158,0,0,21,2,23,89,38,46,8,181,16,4,20,201
08/17/2000,RSW,FL,ASO,ES,Towers with Radar,92,36,24,0,152,0,0,34,0,34,92,36,58,0,186,19,0,19,205
08/18/2000,RSW,FL,ASO,ES,Towers with Radar,89,40,20,0,149,0,0,19,0,19,89,40,39,0,168,8,0,8,176
08/19/2000,RSW,FL,ASO,ES,Towers with Radar,94,30,7,0,131,0,1,6,0,7,94,31,13,0,138,9,0,9,147
08/20/2000,RSW,FL,ASO,ES,Towers with Radar,86,38,21,0,145,0,1,11,0,12,86,39,32,0,157,5,0,5,162
08/21/2000,RSW,FL,ASO,ES,Towers with Radar,85,36,33,5,159,0,0,18,1,19,85,36,51,6,178,17,3,20,198
08/22/2000,RSW,FL,ASO,ES,Towers with Radar,91,54,27,0,172,0,1,14,0,15,91,55,41,0,187,20,0,20,207
08/23/2000,RSW,FL,ASO,ES,Towers with Radar,84,43,44,0,171,0,1,27,0,28,84,44,71,0,199,42,0,42,241
08/24/2000,RSW,FL,ASO,ES,Towers with Radar,90,47,31,0,168,0,3,16,0,19,90,50,47,0,187,16,0,16,203
08/25/2000,RSW,FL,ASO,ES,Towers with Radar,91,34,29,5,159,0,0,13,0,13,91,34,42,5,172,5,21,26,198
08/26/2000,RSW,FL,ASO,ES,Towers with Radar,94,33,8,0,135,0,2,11,0,13,94,35,19,0,148,8,0,8,156
08/27/2000,RSW,FL,ASO,ES,Towers with Radar,87,35,9,0,131,0,0,6,0,6,87,35,15,0,137,2,0,2,139
08/28/2000,RSW,FL,ASO,ES,Towers with Radar,88,37,20,0,145,0,0,14,0,14,88,37,34,0,159,5,0,5,164
08/29/2000,RSW,FL,ASO,ES,Towers with Radar,85,38,17,0,140,0,0,22,0,22,85,38,39,0,162,5,0,5,167
08/30/2000,RSW,FL,ASO,ES,Towers with Radar,84,39,24,2,149,0,0,8,1,9,84,39,32,3,158,0,0,0,158
08/31/2000,RSW,FL,ASO,ES,Towers with Radar,89,40,21,5,155,0,0,6,0,6,89,40,27,5,161,0,4,4,165
09/01/2000,RSW,FL,ASO,ES,Towers with Radar,90,32,17,0,139,1,0,13,0,14,91,32,30,0,153,9,0,9,162
09/02/2000,RSW,FL,ASO,ES,Towers with Radar,87,33,11,0,131,1,0,12,0,13,88,33,23,0,144,4,0,4,148
09/03/2000,RSW,FL,ASO,ES,Towers with Radar,77,38,9,0,124,1,0,5,0,6,78,38,14,0,130,0,0,0,130
09/04/2000,RSW,FL,ASO,ES,Towers with Radar,81,35,17,0,133,0,2,0,0,2,81,37,17,0,135,16,0,16,151
09/05/2000,RSW,FL,ASO,ES,Towers with Radar,88,41,18,0,147,1,0,15,0,16,89,41,33,0,163,9,0,9,172
09/06/2000,RSW,FL,ASO,ES,Towers with Radar,93,38,24,0,155,1,0,19,0,20,94,38,43,0,175,6,0,6,181
09/07/2000,RSW,FL,ASO,ES,Towers with Radar,89,34,24,3,150,1,0,6,0,7,90,34,30,3,157,15,1,16,173
09/08/2000,RSW,FL,ASO,ES,Towers with Radar,93,30,22,9,154,1,0,20,1,22,94,30,42,10,176,9,5,14,190
09/09/2000,RSW,FL,ASO,ES,Towers with Radar,93,27,11,0,131,1,2,9,0,12,94,29,20,0,143,5,0,5,148
09/10/2000,RSW,FL,ASO,ES,Towers with Radar,91,33,29,1,154,1,3,14,0,18,92,36,43,1,172,13,0,13,185
09/11/2000,RSW,FL,ASO,ES,Towers with Radar,83,33,22,7,145,1,1,17,1,20,84,34,39,8,165,14,9,23,188
09/12/2000,RSW,FL,ASO,ES,Towers with Radar,84,32,19,1,136,0,4,28,1,33,84,36,47,2,169,2,0,2,171
09/13/2000,RSW,FL,ASO,ES,Towers with Radar,89,34,23,0,146,1,0,21,0,22,90,34,44,0,168,3,0,3,171
09/14/2000,RSW,FL,ASO,ES,Towers with Radar,88,30,7,0,125,1,0,11,0,12,89,30,18,0,137,4,0,4,141
09/15/2000,RSW,FL,ASO,ES,Towers with Radar,91,29,19,1,140,1,0,16,0,17,92,29,35,1,157,9,0,9,166
09/16/2000,RSW,FL,ASO,ES,Towers with Radar,93,29,19,0,141,1,0,8,0,9,94,29,27,0,150,9,0,9,159
09/17/2000,RSW,FL,ASO,ES,Towers with Radar,48,11,1,0,60,1,0,0,0,1,49,11,1,0,61,0,0,0,61
09/18/2000,RSW,FL,ASO,ES,Towers with Radar,86,33,15,0,134,1,0,7,0,8,87,33,22,0,142,1,0,1,143
09/19/2000,RSW,FL,ASO,ES,Towers with Radar,90,33,27,1,151,1,1,32,0,34,91,34,59,1,185,22,1,23,208
09/20/2000,RSW,FL,ASO,ES,Towers with Radar,90,29,13,0,132,1,0,19,0,20,91,29,32,0,152,3,0,3,155
09/21/2000,RSW,FL,ASO,ES,Towers with Radar,91,27,36,0,154,1,0,18,0,19,92,27,54,0,173,29,6,35,208
09/22/2000,RSW,FL,ASO,ES,Towers with Radar,89,29,26,8,152,1,0,13,0,14,90,29,39,8,166,16,15,31,197
09/23/2000,RSW,FL,ASO,ES,Towers with Radar,93,30,23,0,146,1,1,27,0,29,94,31,50,0,175,13,0,13,188
09/24/2000,RSW,FL,ASO,ES,Towers with Radar,87,31,12,4,134,1,2,13,0,16,88,33,25,4,150,48,4,52,202
09/25/2000,RSW,FL,ASO,ES,Towers with Radar,83,32,18,1,134,0,0,26,4,30,83,32,44,5,164,22,0,22,186
09/26/2000,RSW,FL,ASO,ES,Towers with Radar,87,34,14,0,135,0,0,14,0,14,87,34,28,0,149,1,0,1,150
09/27/2000,RSW,FL,ASO,ES,Towers with Radar,90,32,18,0,140,1,0,13,0,14,91,32,31,0,154,6,0,6,160
09/28/2000,RSW,FL,ASO,ES,Towers with Radar,97,36,23,7,163,0,0,21,0,21,97,36,44,7,184,4,4,8,192
09/29/2000,RSW,FL,ASO,ES,Towers with Radar,90,33,19,0,142,0,0,21,0,21,90,33,40,0,163,10,0,10,173
09/30/2000,RSW,FL,ASO,ES,Towers with Radar,92,36,13,0,141,0,1,8,0,9,92,37,21,0,150,6,4,10,160
10/01/2000,RSW,FL,ASO,ES,Towers with Radar,84,40,17,3,144,0,1,17,0,18,84,41,34,3,162,3,3,6,168
10/02/2000,RSW,FL,ASO,ES,Towers with Radar,95,31,29,0,155,0,0,9,0,9,95,31,38,0,164,4,0,4,168
10/03/2000,RSW,FL,ASO,ES,Towers with Radar,133,27,21,0,181,0,0,5,0,5,133,27,26,0,186,1,0,1,187
10/04/2000,RSW,FL,ASO,ES,Towers with Radar,109,29,26,3,167,0,1,7,0,8,109,30,33,3,175,2,3,5,180
10/05/2000,RSW,FL,ASO,ES,Towers with Radar,99,29,25,0,153,0,0,14,0,14,99,29,39,0,167,2,0,2,169
10/06/2000,RSW,FL,ASO,ES,Towers with Radar,105,33,29,6,173,0,0,9,1,10,105,33,38,7,183,8,6,14,197
10/07/2000,RSW,FL,ASO,ES,Towers with Radar,104,31,16,0,151,0,0,19,0,19,104,31,35,0,170,13,0,13,183
10/08/2000,RSW,FL,ASO,ES,Towers with Radar,94,36,22,0,152,0,0,8,0,8,94,36,30,0,160,7,0,7,167
10/09/2000,RSW,FL,ASO,ES,Towers with Radar,97,34,16,2,149,0,0,5,0,5,97,34,21,2,154,1,4,5,159
10/10/2000,RSW,FL,ASO,ES,Towers with Radar,95,35,24,4,158,0,0,17,0,17,95,35,41,4,175,0,0,0,175
10/11/2000,RSW,FL,ASO,ES,Towers with Radar,111,34,27,4,176,0,0,16,1,17,111,34,43,5,193,5,4,9,202
10/12/2000,RSW,FL,ASO,ES,Towers with Radar,101,31,42,3,177,0,0,22,0,22,101,31,64,3,199,9,2,11,210
10/13/2000,RSW,FL,ASO,ES,Towers with Radar,97,33,26,2,158,4,13,27,0,44,101,46,53,2,202,20,2,22,224
10/14/2000,RSW,FL,ASO,ES,Towers with Radar,108,36,33,0,177,0,4,17,0,21,108,40,50,0,198,8,0,8,206
10/15/2000,RSW,FL,ASO,ES,Towers with Radar,99,41,21,0,161,0,3,11,0,14,99,44,32,0,175,4,0,4,179
10/16/2000,RSW,FL,ASO,ES,Towers with Radar,99,35,26,3,163,0,3,20,0,23,99,38,46,3,186,9,3,12,198
10/17/2000,RSW,FL,ASO,ES,Towers with Radar,98,34,46,3,181,0,1,27,1,29,98,35,73,4,210,18,3,21,231
10/18/2000,RSW,FL,ASO,ES,Towers with Radar,105,33,26,5,169,0,0,28,0,28,105,33,54,5,197,6,2,8,205
10/19/2000,RSW,FL,ASO,ES,Towers with Radar,99,36,19,0,154,0,0,19,0,19,99,36,38,0,173,4,2,6,179
10/20/2000,RSW,FL,ASO,ES,Towers with Radar,97,39,35,4,175,0,5,21,1,27,97,44,56,5,202,11,1,12,214
10/21/2000,RSW,FL,ASO,ES,Towers with Radar,111,30,9,0,150,0,0,8,0,8,111,30,17,0,158,0,0,0,158
10/22/2000,RSW,FL,ASO,ES,Towers with Radar,97,39,20,2,158,0,3,17,0,20,97,42,37,2,178,1,0,1,179
10/23/2000,RSW,FL,ASO,ES,Towers with Radar,100,33,17,7,157,0,1,27,1,29,100,34,44,8,186,13,3,16,202
10/24/2000,RSW,FL,ASO,ES,Towers with Radar,102,42,20,3,167,0,1,16,1,18,102,43,36,4,185,4,0,4,189
10/25/2000,RSW,FL,ASO,ES,Towers with Radar,106,35,39,5,185,0,2,25,0,27,106,37,64,5,212,31,37,68,280
10/26/2000,RSW,FL,ASO,ES,Towers with Radar,99,45,36,2,182,0,6,19,0,25,99,51,55,2,207,2,0,2,209
10/27/2000,RSW,FL,ASO,ES,Towers with Radar,103,32,38,5,178,0,5,32,1,38,103,37,70,6,216,17,2,19,235
10/28/2000,RSW,FL,ASO,ES,Towers with Radar,109,29,14,0,152,0,2,10,0,12,109,31,24,0,164,5,0,5,169
10/29/2000,RSW,FL,ASO,ES,Towers with Radar,101,37,29,0,167,0,5,9,0,14,101,42,38,0,181,1,0,1,182
10/30/2000,RSW,FL,ASO,ES,Towers with Radar,98,36,43,4,181,0,0,19,0,19,98,36,62,4,200,7,3,10,210
10/31/2000,RSW,FL,ASO,ES,Towers with Radar,104,36,21,0,161,0,2,12,0,14,104,38,33,0,175,19,0,19,194
11/01/2000,RSW,FL,ASO,ES,Towers with Radar,112,45,18,2,177,0,0,22,0,22,112,45,40,2,199,33,0,33,232
11/02/2000,RSW,FL,ASO,ES,Towers with Radar,113,36,31,3,183,0,3,19,0,22,113,39,50,3,205,1,5,6,211
11/03/2000,RSW,FL,ASO,ES,Towers with Radar,108,40,31,0,179,0,3,22,1,26,108,43,53,1,205,10,0,10,215
11/04/2000,RSW,FL,ASO,ES,Towers with Radar,118,38,12,0,168,0,0,21,0,21,118,38,33,0,189,4,0,4,193
11/05/2000,RSW,FL,ASO,ES,Towers with Radar,105,42,26,1,174,0,2,9,1,12,105,44,35,2,186,4,1,5,191
11/06/2000,RSW,FL,ASO,ES,Towers with Radar,104,37,21,0,162,0,1,9,0,10,104,38,30,0,172,12,0,12,184
11/07/2000,RSW,FL,ASO,ES,Towers with Radar,104,36,9,0,149,0,2,20,0,22,104,38,29,0,171,9,0,9,180
11/08/2000,RSW,FL,ASO,ES,Towers with Radar,117,34,27,0,178,0,1,25,0,26,117,35,52,0,204,7,0,7,211
11/09/2000,RSW,FL,ASO,ES,Towers with Radar,111,40,30,5,186,0,2,8,1,11,111,42,38,6,197,8,4,12,209
11/10/2000,RSW,FL,ASO,ES,Towers with Radar,105,44,41,0,190,0,0,18,0,18,105,44,59,0,208,4,0,4,212
11/11/2000,RSW,FL,ASO,ES,Towers with Radar,124,31,17,0,172,0,1,20,0,21,124,32,37,0,193,13,0,13,206
11/12/2000,RSW,FL,ASO,ES,Towers with Radar,106,43,29,5,183,0,2,23,1,26,106,45,52,6,209,6,3,9,218
11/13/2000,RSW,FL,ASO,ES,Towers with Radar,103,40,31,0,174,0,1,28,0,29,103,41,59,0,203,17,0,17,220
11/14/2000,RSW,FL,ASO,ES,Towers with Radar,115,41,35,0,191,0,0,11,0,11,115,41,46,0,202,5,0,5,207
11/15/2000,RSW,FL,ASO,ES,Towers with Radar,114,40,33,0,187,0,0,29,0,29,114,40,62,0,216,10,0,10,226
11/16/2000,RSW,FL,ASO,ES,Towers with Radar,114,37,37,10,198,0,4,43,0,47,114,41,80,10,245,21,6,27,272
11/17/2000,RSW,FL,ASO,ES,Towers with Radar,108,41,46,7,202,0,0,23,1,24,108,41,69,8,226,17,2,19,245
11/18/2000,RSW,FL,ASO,ES,Towers with Radar,104,36,29,1,170,11,0,12,1,24,115,36,41,2,194,2,0,2,196
11/19/2000,RSW,FL,ASO,ES,Towers with Radar,101,35,15,0,151,27,5,0,0,32,128,40,15,0,183,5,0,5,188
11/20/2000,RSW,FL,ASO,ES,Towers with Radar,111,39,46,5,201,0,0,2,0,2,111,39,48,5,203,8,2,10,213
11/21/2000,RSW,FL,ASO,ES,Towers with Radar,113,36,38,3,190,0,0,30,0,30,113,36,68,3,220,20,1,21,241
11/22/2000,RSW,FL,ASO,ES,Towers with Radar,122,44,40,3,209,0,0,17,0,17,122,44,57,3,226,8,1,9,235
11/23/2000,RSW,FL,ASO,ES,Towers with Radar,107,35,14,0,156,0,4,23,0,27,107,39,37,0,183,10,0,10,193
11/24/2000,RSW,FL,ASO,ES,Towers with Radar,112,38,24,0,174,0,0,17,0,17,112,38,41,0,191,4,0,4,195
11/25/2000,RSW,FL,ASO,ES,Towers with Radar,129,38,24,0,191,0,0,7,0,7,129,38,31,0,198,0,0,0,198
11/26/2000,RSW,FL,ASO,ES,Towers with Radar,121,66,64,0,251,0,0,4,0,4,121,66,68,0,255,3,0,3,258
11/27/2000,RSW,FL,ASO,ES,Towers with Radar,110,41,39,8,198,0,0,31,0,31,110,41,70,8,229,17,4,21,250
11/28/2000,RSW,FL,ASO,ES,Towers with Radar,109,40,43,0,192,0,0,25,0,25,109,40,68,0,217,11,0,11,228
11/29/2000,RSW,FL,ASO,ES,Towers with Radar,117,33,43,0,193,0,0,18,0,18,117,33,61,0,211,36,0,36,247
11/30/2000,RSW,FL,ASO,ES,Towers with Radar,112,39,31,1,183,1,2,22,3,28,113,41,53,4,211,8,30,38,249
12/01/2000,RSW,FL,ASO,ES,Towers with Radar,112,41,46,0,199,2,2,23,0,27,114,43,69,0,226,13,0,13,239
12/02/2000,RSW,FL,ASO,ES,Towers with Radar,125,32,17,2,176,2,3,6,0,11,127,35,23,2,187,6,2,8,195
12/03/2000,RSW,FL,ASO,ES,Towers with Radar,108,42,38,0,188,2,3,9,0,14,110,45,47,0,202,3,0,3,205
12/04/2000,RSW,FL,ASO,ES,Towers with Radar,112,33,21,8,174,2,1,11,0,14,114,34,32,8,188,3,4,7,195
12/05/2000,RSW,FL,ASO,ES,Towers with Radar,114,37,33,0,184,2,6,9,0,17,116,43,42,0,201,10,0,10,211
12/06/2000,RSW,FL,ASO,ES,Towers with Radar,108,45,32,1,186,2,1,24,1,28,110,46,56,2,214,16,28,44,258
12/07/2000,RSW,FL,ASO,ES,Towers with Radar,107,45,29,2,183,2,3,21,0,26,109,48,50,2,209,7,2,9,218
12/08/2000,RSW,FL,ASO,ES,Towers with Radar,110,44,43,2,199,2,1,41,0,44,112,45,84,2,243,44,0,44,287
12/09/2000,RSW,FL,ASO,ES,Towers with Radar,106,37,27,0,170,22,1,41,0,64,128,38,68,0,234,12,1,13,247
12/10/2000,RSW,FL,ASO,ES,Towers with Radar,108,50,29,2,189,2,1,3,0,6,110,51,32,2,195,6,0,6,201
12/11/2000,RSW,FL,ASO,ES,Towers with Radar,100,42,26,0,168,2,0,3,0,5,102,42,29,0,173,3,0,3,176
12/12/2000,RSW,FL,ASO,ES,Towers with Radar,103,29,36,0,168,2,0,20,0,22,105,29,56,0,190,10,0,10,200
12/13/2000,RSW,FL,ASO,ES,Towers with Radar,108,47,49,0,204,2,1,44,0,47,110,48,93,0,251,12,0,12,263
12/14/2000,RSW,FL,ASO,ES,Towers with Radar,112,42,43,4,201,2,0,15,0,17,114,42,58,4,218,12,2,14,232
12/15/2000,RSW,FL,ASO,ES,Towers with Radar,117,41,32,3,193,2,0,18,0,20,119,41,50,3,213,8,3,11,224
12/16/2000,RSW,FL,ASO,ES,Towers with Radar,135,42,16,3,196,2,1,27,0,30,137,43,43,3,226,5,1,6,232
12/17/2000,RSW,FL,ASO,ES,Towers with Radar,119,43,25,0,187,2,0,7,0,9,121,43,32,0,196,5,0,5,201
12/18/2000,RSW,FL,ASO,ES,Towers with Radar,127,35,22,4,188,2,0,33,1,36,129,35,55,5,224,3,19,22,246
12/19/2000,RSW,FL,ASO,ES,Towers with Radar,134,53,20,2,209,2,4,12,0,18,136,57,32,2,227,16,0,16,243
12/20/2000,RSW,FL,ASO,ES,Towers with Radar,140,39,40,0,219,2,0,24,0,26,142,39,64,0,245,5,0,5,250
12/21/2000,RSW,FL,ASO,ES,Towers with Radar,132,37,33,0,202,2,0,15,0,17,134,37,48,0,219,4,0,4,223
12/22/2000,RSW,FL,ASO,ES,Towers with Radar,134,45,23,0,202,2,0,14,0,16,136,45,37,0,218,4,0,4,222
12/23/2000,RSW,FL,ASO,ES,Towers with Radar,152,41,17,0,210,2,3,5,0,10,154,44,22,0,220,6,0,6,226
12/24/2000,RSW,FL,ASO,ES,Towers with Radar,128,44,11,0,183,2,0,12,0,14,130,44,23,0,197,1,0,1,198
12/25/2000,RSW,FL,ASO,ES,Towers with Radar,81,29,19,0,129,52,5,0,1,58,133,34,19,1,187,0,0,0,187
12/26/2000,RSW,FL,ASO,ES,Towers with Radar,135,54,48,2,239,0,0,26,0,26,135,54,74,2,265,2,0,2,267
12/27/2000,RSW,FL,ASO,ES,Towers with Radar,145,55,47,1,248,0,0,19,5,24,145,55,66,6,272,3,3,6,278
12/28/2000,RSW,FL,ASO,ES,Towers with Radar,144,54,38,1,237,0,4,0,0,4,144,58,38,1,241,3,0,3,244
12/29/2000,RSW,FL,ASO,ES,Towers with Radar,134,56,42,0,232,0,0,9,0,9,134,56,51,0,241,5,0,5,246
12/30/2000,RSW,FL,ASO,ES,Towers with Radar,135,47,34,0,216,0,2,23,0,25,135,49,57,0,241,7,0,7,248
12/31/2000,RSW,FL,ASO,ES,Towers with Radar,114,39,29,0,182,16,11,11,0,38,130,50,40,0,220,4,0,4,224
01/01/2001,RSW,FL,ASO,ES,Towers with Radar,124,37,31,0,192,12,13,20,0,45,136,50,51,0,237,0,0,0,237
01/02/2001,RSW,FL,ASO,ES,Towers with Radar,137,47,42,4,230,0,0,54,0,54,137,47,96,4,284,16,6,22,306
01/03/2001,RSW,FL,ASO,ES,Towers with Radar,142,43,36,4,225,3,9,7,2,21,145,52,43,6,246,19,4,23,269
01/04/2001,RSW,FL,ASO,ES,Towers with Radar,131,39,33,2,205,10,1,18,0,29,141,40,51,2,234,0,43,43,277
01/05/2001,RSW,FL,ASO,ES,Towers with Radar,136,37,35,3,211,0,0,39,7,46,136,37,74,10,257,5,8,13,270
01/06/2001,RSW,FL,ASO,ES,Towers with Radar,124,37,31,0,192,26,6,10,0,42,150,43,41,0,234,2,0,2,236
01/07/2001,RSW,FL,ASO,ES,Towers with Radar,125,38,30,0,193,1,16,7,0,24,126,54,37,0,217,0,0,0,217
01/08/2001,RSW,FL,ASO,ES,Towers with Radar,124,35,31,3,193,9,0,17,2,28,133,35,48,5,221,9,4,13,234
01/09/2001,RSW,FL,ASO,ES,Towers with Radar,133,41,34,3,211,8,1,36,8,53,141,42,70,11,264,6,8,14,278
01/10/2001,RSW,FL,ASO,ES,Towers with Radar,137,42,37,0,216,0,0,32,0,32,137,42,69,0,248,14,0,14,262
01/11/2001,RSW,FL,ASO,ES,Towers with Radar,136,42,35,1,214,0,0,14,0,14,136,42,49,1,228,3,0,3,231
01/12/2001,RSW,FL,ASO,ES,Towers with Radar,135,43,38,1,217,0,0,23,0,23,135,43,61,1,240,7,5,12,252
01/13/2001,RSW,FL,ASO,ES,Towers with Radar,131,40,33,3,207,21,3,6,0,30,152,43,39,3,237,0,0,0,237
01/14/2001,RSW,FL,ASO,ES,Towers with Radar,128,39,33,0,200,6,6,13,0,25,134,45,46,0,225,7,0,7,232
01/15/2001,RSW,FL,ASO,ES,Towers with Radar,134,41,36,0,211,0,1,29,0,30,134,42,65,0,241,22,0,22,263
01/16/2001,RSW,FL,ASO,ES,Towers with Radar,133,41,35,0,209,0,3,11,0,14,133,44,46,0,223,13,0,13,236
01/17/2001,RSW,FL,ASO,ES,Towers with Radar,140,40,39,3,222,0,0,33,2,35,140,40,72,5,257,22,3,25,282
01/18/2001,RSW,FL,ASO,ES,Towers with Radar,134,42,39,4,219,0,0,22,4,26,134,42,61,8,245,6,2,8,253
01/19/2001,RSW,FL,ASO,ES,Towers with Radar,126,45,40,4,215,0,0,12,0,12,126,45,52,4,227,13,12,25,252
01/20/2001,RSW,FL,ASO,ES,Towers with Radar,115,36,25,3,179,46,9,0,1,56,161,45,25,4,235,1,1,2,237
01/21/2001,RSW,FL,ASO,ES,Towers with Radar,123,45,37,4,209,0,6,23,3,32,123,51,60,7,241,7,6,13,254
01/22/2001,RSW,FL,ASO,ES,Towers with Radar,136,41,29,2,208,0,0,0,0,0,136,41,29,2,208,5,0,5,213
01/23/2001,RSW,FL,ASO,ES,Towers with Radar,134,42,35,0,211,0,0,18,0,18,134,42,53,0,229,8,0,8,237
01/24/2001,RSW,FL,ASO,ES,Towers with Radar,141,42,38,4,225,0,0,43,7,50,141,42,81,11,275,6,11,17,292
01/25/2001,RSW,FL,ASO,ES,Towers with Radar,138,43,35,4,220,0,1,29,0,30,138,44,64,4,250,7,6,13,263
01/26/2001,RSW,FL,ASO,ES,Towers with Radar,128,44,60,0,232,0,2,24,0,26,128,46,84,0,258,3,0,3,261
01/27/2001,RSW,FL,ASO,ES,Towers with Radar,149,40,26,5,220,0,5,26,2,33,149,45,52,7,253,7,28,35,288
01/28/2001,RSW,FL,ASO,ES,Towers with Radar,129,50,29,0,208,0,4,19,0,23,129,54,48,0,231,5,0,5,236
01/29/2001,RSW,FL,ASO,ES,Towers with Radar,137,41,44,9,231,0,0,15,0,15,137,41,59,9,246,4,5,9,255
01/30/2001,RSW,FL,ASO,ES,Towers with Radar,129,47,37,8,221,0,1,24,0,25,129,48,61,8,246,24,4,28,274
01/31/2001,RSW,FL,ASO,ES,Towers with Radar,142,41,30,18,231,0,3,26,0,29,142,44,56,18,260,4,9,13,273
02/01/2001,RSW,FL,ASO,ES,Towers with Radar,146,35,36,0,217,0,3,9,0,12,146,38,45,0,229,11,0,11,240
02/02/2001,RSW,FL,ASO,ES,Towers with Radar,140,40,44,0,224,0,1,9,0,10,140,41,53,0,234,2,0,2,236
02/03/2001,RSW,FL,ASO,ES,Towers with Radar,158,38,43,0,239,0,3,19,0,22,158,41,62,0,261,10,0,10,271
02/04/2001,RSW,FL,ASO,ES,Towers with Radar,139,47,40,0,226,0,2,10,1,13,139,49,50,1,239,1,0,1,240
02/05/2001,RSW,FL,ASO,ES,Towers with Radar,140,41,48,4,233,0,0,9,4,13,140,41,57,8,246,10,7,17,263
02/06/2001,RSW,FL,ASO,ES,Towers with Radar,131,39,44,0,214,9,3,24,0,36,140,42,68,0,250,4,0,4,254
02/07/2001,RSW,FL,ASO,ES,Towers with Radar,142,40,77,13,272,0,4,17,1,22,142,44,94,14,294,8,5,13,307
02/08/2001,RSW,FL,ASO,ES,Towers with Radar,148,40,53,3,244,0,7,28,0,35,148,47,81,3,279,3,0,3,282
02/09/2001,RSW,FL,ASO,ES,Towers with Radar,140,41,55,14,250,0,7,17,0,24,140,48,72,14,274,0,19,19,293
02/10/2001,RSW,FL,ASO,ES,Towers with Radar,165,46,58,0,269,0,0,80,0,80,165,46,138,0,349,3,0,3,352
02/11/2001,RSW,FL,ASO,ES,Towers with Radar,147,53,113,1,314,0,4,7,0,11,147,57,120,1,325,0,0,0,325
02/12/2001,RSW,FL,ASO,ES,Towers with Radar,149,39,57,2,247,0,5,25,0,30,149,44,82,2,277,16,23,39,316
02/13/2001,RSW,FL,ASO,ES,Towers with Radar,137,39,40,10,226,0,3,14,3,20,137,42,54,13,246,35,4,39,285
02/14/2001,RSW,FL,ASO,ES,Towers with Radar,148,37,37,2,224,0,2,13,2,17,148,39,50,4,241,9,0,9,250
02/15/2001,RSW,FL,ASO,ES,Towers with Radar,151,46,43,3,243,0,6,20,2,28,151,52,63,5,271,17,0,17,288
02/16/2001,RSW,FL,ASO,ES,Towers with Radar,148,42,65,0,255,0,5,18,0,23,148,47,83,0,278,12,0,12,290
02/17/2001,RSW,FL,ASO,ES,Towers with Radar,173,50,40,0,263,0,7,10,0,17,173,57,50,0,280,31,0,31,311
02/18/2001,RSW,FL,ASO,ES,Towers with Radar,149,58,38,0,245,0,1,16,0,17,149,59,54,0,262,2,0,2,264
02/19/2001,RSW,FL,ASO,ES,Towers with Radar,153,47,37,0,237,0,4,18,2,24,153,51,55,2,261,22,14,36,297
02/20/2001,RSW,FL,ASO,ES,Towers with Radar,153,54,47,5,259,0,2,20,1,23,153,56,67,6,282,3,10,13,295
02/21/2001,RSW,FL,ASO,ES,Towers with Radar,159,50,53,0,262,0,6,17,1,24,159,56,70,1,286,23,0,23,309
02/22/2001,RSW,FL,ASO,ES,Towers with Radar,149,44,63,8,264,0,6,15,0,21,149,50,78,8,285,4,0,4,289
02/23/2001,RSW,FL,ASO,ES,Towers with Radar,151,54,53,31,289,0,3,26,1,30,151,57,79,32,319,9,12,21,340
02/24/2001,RSW,FL,ASO,ES,Towers with Radar,174,47,34,2,257,0,6,21,0,27,174,53,55,2,284,10,1,11,295
02/25/2001,RSW,FL,ASO,ES,Towers with Radar,145,51,55,6,257,0,3,19,0,22,145,54,74,6,279,3,0,3,282
02/26/2001,RSW,FL,ASO,ES,Towers with Radar,149,48,45,2,244,0,2,7,1,10,149,50,52,3,254,11,2,13,267
02/27/2001,RSW,FL,ASO,ES,Towers with Radar,149,47,37,4,237,0,4,1,1,6,149,51,38,5,243,8,0,8,251
02/28/2001,RSW,FL,ASO,ES,Towers with Radar,155,52,31,14,252,0,4,17,1,22,155,56,48,15,274,21,7,28,302
03/01/2001,RSW,FL,ASO,ES,Towers with Radar,153,47,46,2,248,0,7,23,0,30,153,54,69,2,278,15,0,15,293
03/02/2001,RSW,FL,ASO,ES,Towers with Radar,151,50,37,0,238,0,4,20,0,24,151,54,57,0,262,0,0,0,262
03/03/2001,RSW,FL,ASO,ES,Towers with Radar,185,41,16,0,242,0,5,11,0,16,185,46,27,0,258,0,0,0,258
03/04/2001,RSW,FL,ASO,ES,Towers with Radar,150,52,18,0,220,0,2,6,0,8,150,54,24,0,228,4,0,4,232
03/05/2001,RSW,FL,ASO,ES,Towers with Radar,140,46,24,2,212,0,3,20,1,24,140,49,44,3,236,6,2,8,244
03/06/2001,RSW,FL,ASO,ES,Towers with Radar,150,47,34,0,231,0,3,8,0,11,150,50,42,0,242,8,0,8,250
03/07/2001,RSW,FL,ASO,ES,Towers with Radar,157,46,24,9,236,0,3,18,1,22,157,49,42,10,258,18,2,20,278
03/08/2001,RSW,FL,ASO,ES,Towers with Radar,159,44,39,4,246,0,3,19,1,23,159,47,58,5,269,5,3,8,277
03/09/2001,RSW,FL,ASO,ES,Towers with Radar,151,45,34,0,230,0,3,20,0,23,151,48,54,0,253,9,0,9,262
03/10/2001,RSW,FL,ASO,ES,Towers with Radar,162,44,34,0,240,29,0,14,0,43,191,44,48,0,283,8,0,8,291
03/11/2001,RSW,FL,ASO,ES,Towers with Radar,158,49,49,4,260,0,3,18,0,21,158,52,67,4,281,15,0,15,296
03/12/2001,RSW,FL,ASO,ES,Towers with Radar,150,41,23,7,221,0,2,20,0,22,150,43,43,7,243,6,9,15,258
03/13/2001,RSW,FL,ASO,ES,Towers with Radar,151,39,24,2,216,0,2,3,0,5,151,41,27,2,221,3,0,3,224
03/14/2001,RSW,FL,ASO,ES,Towers with Radar,160,54,34,2,250,0,2,4,0,6,160,56,38,2,256,2,14,16,272
03/15/2001,RSW,FL,ASO,ES,Towers with Radar,153,43,42,10,248,0,4,14,0,18,153,47,56,10,266,2,8,10,276
03/16/2001,RSW,FL,ASO,ES,Towers with Radar,151,49,43,2,245,0,3,12,1,16,151,52,55,3,261,2,2,4,265
03/17/2001,RSW,FL,ASO,ES,Towers with Radar,189,51,43,0,283,0,3,5,0,8,189,54,48,0,291,12,0,12,303
03/18/2001,RSW,FL,ASO,ES,Towers with Radar,164,51,43,0,258,0,3,9,0,12,164,54,52,0,270,0,0,0,270
03/19/2001,RSW,FL,ASO,ES,Towers with Radar,144,42,23,1,210,34,9,0,1,44,178,51,23,2,254,2,0,2,256
03/20/2001,RSW,FL,ASO,ES,Towers with Radar,153,50,29,14,246,0,0,14,1,15,153,50,43,15,261,1,20,21,282
03/21/2001,RSW,FL,ASO,ES,Towers with Radar,159,55,24,0,238,0,1,13,0,14,159,56,37,0,252,2,0,2,254
03/22/2001,RSW,FL,ASO,ES,Towers with Radar,158,51,47,0,256,0,0,11,0,11,158,51,58,0,267,0,0,0,267
03/23/2001,RSW,FL,ASO,ES,Towers with Radar,152,54,32,0,238,0,5,20,0,25,152,59,52,0,263,10,0,10,273
03/24/2001,RSW,FL,ASO,ES,Towers with Radar,185,42,31,0,258,0,1,14,0,15,185,43,45,0,273,4,0,4,277
03/25/2001,RSW,FL,ASO,ES,Towers with Radar,155,62,36,4,257,0,5,14,1,20,155,67,50,5,277,4,10,14,291
03/26/2001,RSW,FL,ASO,ES,Towers with Radar,154,42,35,5,236,0,1,8,1,10,154,43,43,6,246,1,3,4,250
03/27/2001,RSW,FL,ASO,ES,Towers with Radar,152,37,37,0,226,0,0,15,0,15,152,37,52,0,241,11,0,11,252
03/28/2001,RSW,FL,ASO,ES,Towers with Radar,158,35,35,2,230,0,0,8,5,13,158,35,43,7,243,1,4,5,248
03/29/2001,RSW,FL,ASO,ES,Towers with Radar,162,33,16,4,215,0,0,3,0,3,162,33,19,4,218,1,0,1,219
03/30/2001,RSW,FL,ASO,ES,Towers with Radar,164,38,49,0,251,0,0,6,0,6,164,38,55,0,257,0,0,0,257
03/31/2001,RSW,FL,ASO,ES,Towers with Radar,191,44,40,0,275,10,0,18,0,28,201,44,58,0,303,0,0,0,303
04/01/2001,RSW,FL,ASO,ES,Towers with Radar,155,49,30,0,234,0,4,9,0,13,155,53,39,0,247,1,8,9,256
04/02/2001,RSW,FL,ASO,ES,Towers with Radar,140,28,37,1,206,0,1,15,1,17,140,29,52,2,223,6,0,6,229
04/03/2001,RSW,FL,ASO,ES,Towers with Radar,146,33,25,0,204,0,4,16,0,20,146,37,41,0,224,0,0,0,224
04/04/2001,RSW,FL,ASO,ES,Towers with Radar,151,36,32,2,221,0,1,27,0,28,151,37,59,2,249,11,1,12,261
04/05/2001,RSW,FL,ASO,ES,Towers with Radar,147,37,21,0,205,0,2,24,2,28,147,39,45,2,233,33,6,39,272
04/06/2001,RSW,FL,ASO,ES,Towers with Radar,142,42,37,3,224,0,0,21,1,22,142,42,58,4,246,0,0,0,246
04/07/2001,RSW,FL,ASO,ES,Towers with Radar,149,39,29,0,217,25,2,8,0,35,174,41,37,0,252,3,0,3,255
04/08/2001,RSW,FL,ASO,ES,Towers with Radar,145,43,22,0,210,0,0,28,0,28,145,43,50,0,238,2,0,2,240
04/09/2001,RSW,FL,ASO,ES,Towers with Radar,139,40,31,3,213,0,1,11,0,12,139,41,42,3,225,15,2,17,242
04/10/2001,RSW,FL,ASO,ES,Towers with Radar,144,37,33,0,214,0,2,12,0,14,144,39,45,0,228,11,0,11,239
04/11/2001,RSW,FL,ASO,ES,Towers with Radar,150,39,23,0,212,0,1,14,0,15,150,40,37,0,227,2,0,2,229
04/12/2001,RSW,FL,ASO,ES,Towers with Radar,142,42,58,0,242,0,8,26,0,34,142,50,84,0,276,2,0,2,278
04/13/2001,RSW,FL,ASO,ES,Towers with Radar,143,45,24,3,215,0,0,13,0,13,143,45,37,3,228,0,0,0,228
04/14/2001,RSW,FL,ASO,ES,Towers with Radar,165,39,36,1,241,0,2,14,0,16,165,41,50,1,257,8,0,8,265
04/15/2001,RSW,FL,ASO,ES,Towers with Radar,147,47,22,0,216,0,1,16,0,17,147,48,38,0,233,0,0,0,233
04/16/2001,RSW,FL,ASO,ES,Towers with Radar,143,49,38,8,238,0,3,15,0,18,143,52,53,8,256,11,3,14,270
04/17/2001,RSW,FL,ASO,ES,Towers with Radar,144,50,43,8,245,0,12,32,0,44,144,62,75,8,289,18,4,22,311
04/18/2001,RSW,FL,ASO,ES,Towers with Radar,146,37,32,0,215,0,5,23,0,28,146,42,55,0,243,10,0,10,253
04/19/2001,RSW,FL,ASO,ES,Towers with Radar,153,40,30,3,226,0,8,6,3,17,153,48,36,6,243,5,2,7,250
04/20/2001,RSW,FL,ASO,ES,Towers with Radar,145,40,30,3,218,0,0,38,4,42,145,40,68,7,260,6,12,18,278
04/21/2001,RSW,FL,ASO,ES,Towers with Radar,137,34,27,0,198,42,0,13,0,55,179,34,40,0,253,10,0,10,263
04/22/2001,RSW,FL,ASO,ES,Towers with Radar,146,39,30,3,218,0,7,13,2,22,146,46,43,5,240,3,6,9,249
04/23/2001,RSW,FL,ASO,ES,Towers with Radar,137,35,28,3,203,3,0,18,5,26,140,35,46,8,229,3,2,5,234
04/24/2001,RSW,FL,ASO,ES,Towers with Radar,123,32,25,0,180,20,4,11,0,35,143,36,36,0,215,1,0,1,216
04/25/2001,RSW,FL,ASO,ES,Towers with Radar,143,37,29,3,212,0,0,18,9,27,143,37,47,12,239,6,5,11,250
04/26/2001,RSW,FL,ASO,ES,Towers with Radar,143,34,31,3,211,0,0,16,1,17,143,34,47,4,228,14,2,16,244
04/27/2001,RSW,FL,ASO,ES,Towers with Radar,138,36,23,3,200,0,18,0,1,19,138,54,23,4,219,0,4,4,223
04/28/2001,RSW,FL,ASO,ES,Towers with Radar,128,33,25,0,186,34,4,6,0,44,162,37,31,0,230,3,0,3,233
04/29/2001,RSW,FL,ASO,ES,Towers with Radar,132,34,25,3,194,7,5,0,1,13,139,39,25,4,207,1,0,1,208
04/30/2001,RSW,FL,ASO,ES,Towers with Radar,134,35,27,0,196,4,0,1,0,5,138,35,28,0,201,7,0,7,208
05/01/2001,RSW,FL,ASO,ES,Towers with Radar,119,30,29,3,181,10,0,0,1,11,129,30,29,4,192,3,44,47,239
05/02/2001,RSW,FL,ASO,ES,Towers with Radar,118,32,29,2,181,0,1,23,0,24,118,33,52,2,205,27,0,27,232
05/03/2001,RSW,FL,ASO,ES,Towers with Radar,119,32,33,3,187,0,0,5,0,5,119,32,38,3,192,0,1,1,193
05/04/2001,RSW,FL,ASO,ES,Towers with Radar,114,34,33,1,182,0,0,14,0,14,114,34,47,1,196,3,0,3,199
05/05/2001,RSW,FL,ASO,ES,Towers with Radar,103,28,25,0,156,21,10,15,0,46,124,38,40,0,202,7,0,7,209
05/06/2001,RSW,FL,ASO,ES,Towers with Radar,109,31,28,3,171,0,2,19,4,25,109,33,47,7,196,2,4,6,202
05/07/2001,RSW,FL,ASO,ES,Towers with Radar,102,28,25,2,157,11,3,27,0,41,113,31,52,2,198,13,0,13,211
05/08/2001,RSW,FL,ASO,ES,Towers with Radar,113,29,29,3,174,0,0,19,2,21,113,29,48,5,195,6,4,10,205
05/09/2001,RSW,FL,ASO,ES,Towers with Radar,116,28,30,3,177,0,0,41,2,43,116,28,71,5,220,28,12,40,260
05/10/2001,RSW,FL,ASO,ES,Towers with Radar,106,34,33,3,176,0,0,31,2,33,106,34,64,5,209,3,1,4,213
05/11/2001,RSW,FL,ASO,ES,Towers with Radar,108,33,30,0,171,0,1,19,0,20,108,34,49,0,191,2,2,4,195
05/12/2001,RSW,FL,ASO,ES,Towers with Radar,96,27,23,0,146,23,5,6,0,34,119,32,29,0,180,5,0,5,185
05/13/2001,RSW,FL,ASO,ES,Towers with Radar,90,25,22,0,137,14,14,3,0,31,104,39,25,0,168,1,0,1,169
05/14/2001,RSW,FL,ASO,ES,Towers with Radar,100,28,25,2,155,8,3,5,2,18,108,31,30,4,173,10,2,12,185
05/15/2001,RSW,FL,ASO,ES,Towers with Radar,106,28,26,2,162,4,0,10,1,15,110,28,36,3,177,3,1,4,181
05/16/2001,RSW,FL,ASO,ES,Towers with Radar,111,31,28,0,170,3,1,36,0,40,114,32,64,0,210,24,2,26,236
05/17/2001,RSW,FL,ASO,ES,Towers with Radar,109,26,29,1,165,0,0,32,0,32,109,26,61,1,197,3,0,3,200
05/18/2001,RSW,FL,ASO,ES,Towers with Radar,104,31,30,2,167,0,2,1,13,16,104,33,31,15,183,2,9,11,194
05/19/2001,RSW,FL,ASO,ES,Towers with Radar,106,28,27,1,162,10,1,12,1,24,116,29,39,2,186,29,0,29,215
05/20/2001,RSW,FL,ASO,ES,Towers with Radar,105,28,27,1,161,0,7,14,9,30,105,35,41,10,191,3,10,13,204
05/21/2001,RSW,FL,ASO,ES,Towers with Radar,102,27,26,1,156,1,1,16,4,22,103,28,42,5,178,8,16,24,202
05/22/2001,RSW,FL,ASO,ES,Towers with Radar,101,27,26,1,155,7,1,11,1,20,108,28,37,2,175,2,0,2,177
05/23/2001,RSW,FL,ASO,ES,Towers with Radar,130,26,33,2,191,8,0,12,0,20,138,26,45,2,211,7,2,9,220
05/24/2001,RSW,FL,ASO,ES,Towers with Radar,109,33,31,2,175,0,0,13,3,16,109,33,44,5,191,7,5,12,203
05/25/2001,RSW,FL,ASO,ES,Towers with Radar,107,33,32,0,172,0,0,18,0,18,107,33,50,0,190,23,0,23,213
05/26/2001,RSW,FL,ASO,ES,Towers with Radar,91,23,23,0,137,24,0,10,0,34,115,23,33,0,171,13,0,13,184
05/27/2001,RSW,FL,ASO,ES,Towers with Radar,79,21,20,0,120,14,8,2,0,24,93,29,22,0,144,0,0,0,144
05/28/2001,RSW,FL,ASO,ES,Towers with Radar,100,30,30,0,160,0,0,22,0,22,100,30,52,0,182,6,0,6,188
05/29/2001,RSW,FL,ASO,ES,Towers with Radar,106,26,28,2,162,0,0,17,7,24,106,26,45,9,186,1,6,7,193
05/30/2001,RSW,FL,ASO,ES,Towers with Radar,106,28,27,0,161,4,8,15,0,27,110,36,42,0,188,8,0,8,196
05/31/2001,RSW,FL,ASO,ES,Towers with Radar,107,28,27,0,162,2,3,24,0,29,109,31,51,0,191,9,0,9,200
06/01/2001,RSW,FL,ASO,ES,Towers with Radar,107,23,26,3,159,0,0,0,7,7,107,23,26,10,166,0,0,0,166
06/02/2001,RSW,FL,ASO,ES,Towers with Radar,91,19,20,0,130,22,0,15,0,37,113,19,35,0,167,3,0,3,170
06/03/2001,RSW,FL,ASO,ES,Towers with Radar,88,22,19,0,129,9,6,5,0,20,97,28,24,0,149,0,0,0,149
06/04/2001,RSW,FL,ASO,ES,Towers with Radar,94,23,21,2,140,4,4,19,6,33,98,27,40,8,173,1,3,4,177
06/05/2001,RSW,FL,ASO,ES,Towers with Radar,95,21,20,0,136,8,0,22,0,30,103,21,42,0,166,4,0,4,170
06/06/2001,RSW,FL,ASO,ES,Towers with Radar,93,23,22,0,138,12,1,8,0,21,105,24,30,0,159,5,0,5,164
06/07/2001,RSW,FL,ASO,ES,Towers with Radar,102,26,23,3,154,0,0,0,3,3,102,26,23,6,157,3,8,11,168
06/08/2001,RSW,FL,ASO,ES,Towers with Radar,99,25,24,3,151,0,0,8,1,9,99,25,32,4,160,2,2,4,164
06/09/2001,RSW,FL,ASO,ES,Towers with Radar,93,23,21,2,139,17,1,12,1,31,110,24,33,3,170,0,9,9,179
06/10/2001,RSW,FL,ASO,ES,Towers with Radar,98,25,22,0,145,0,1,10,0,11,98,26,32,0,156,6,0,6,162
06/11/2001,RSW,FL,ASO,ES,Towers with Radar,96,23,24,3,146,0,0,6,2,8,96,23,30,5,154,1,0,1,155
06/12/2001,RSW,FL,ASO,ES,Towers with Radar,95,24,24,3,146,0,0,30,0,30,95,24,54,3,176,8,0,8,184
06/13/2001,RSW,FL,ASO,ES,Towers with Radar,96,22,22,2,142,8,0,13,1,22,104,22,35,3,164,12,12,24,188
06/14/2001,RSW,FL,ASO,ES,Towers with Radar,96,24,24,0,144,0,0,23,0,23,96,24,47,0,167,16,0,16,183
06/15/2001,RSW,FL,ASO,ES,Towers with Radar,96,24,21,2,143,3,4,0,0,7,99,28,21,2,150,0,0,0,150
06/16/2001,RSW,FL,ASO,ES,Towers with Radar,86,19,20,0,125,20,0,12,0,32,106,19,32,0,157,6,0,6,163
06/17/2001,RSW,FL,ASO,ES,Towers with Radar,92,23,21,1,137,7,7,3,2,19,99,30,24,3,156,5,8,13,169
06/18/2001,RSW,FL,ASO,ES,Towers with Radar,95,25,23,0,143,0,1,20,0,21,95,26,43,0,164,5,0,5,169
06/19/2001,RSW,FL,ASO,ES,Towers with Radar,97,24,23,2,146,0,5,12,4,21,97,29,35,6,167,11,4,15,182
06/20/2001,RSW,FL,ASO,ES,Towers with Radar,97,25,23,2,147,0,0,21,3,24,97,25,44,5,171,22,28,50,221
06/21/2001,RSW,FL,ASO,ES,Towers with Radar,94,22,21,0,137,4,0,33,0,37,98,22,54,0,174,9,0,9,183
06/22/2001,RSW,FL,ASO,ES,Towers with Radar,17,17,17,0,51,0,5,15,0,20,17,22,32,0,71,10,0,10,81
06/23/2001,RSW,FL,ASO,ES,Towers with Radar,85,20,13,0,118,38,1,0,0,39,123,21,13,0,157,0,0,0,157
06/24/2001,RSW,FL,ASO,ES,Towers with Radar,98,23,22,2,145,3,6,2,0,11,101,29,24,2,156,6,0,6,162
06/25/2001,RSW,FL,ASO,ES,Towers with Radar,95,22,24,2,143,0,0,26,3,29,95,22,50,5,172,9,11,20,192
06/26/2001,RSW,FL,ASO,ES,Towers with Radar,100,22,23,2,147,0,0,16,3,19,100,22,39,5,166,3,3,6,172
06/27/2001,RSW,FL,ASO,ES,Towers with Radar,96,27,24,2,149,0,0,30,8,38,96,27,54,10,187,19,12,31,218
06/28/2001,RSW,FL,ASO,ES,Towers with Radar,102,23,24,0,149,0,0,6,0,6,102,23,30,0,155,7,0,7,162
06/29/2001,RSW,FL,ASO,ES,Towers with Radar,98,25,23,2,148,0,1,4,0,5,98,26,27,2,153,2,1,3,156
06/30/2001,RSW,FL,ASO,ES,Towers with Radar,87,21,20,1,129,18,1,4,1,24,105,22,24,2,153,8,1,9,162
07/01/2001,RSW,FL,ASO,ES,Towers with Radar,87,26,11,0,124,2,1,11,0,14,89,27,22,0,138,1,4,5,143
07/02/2001,RSW,FL,ASO,ES,Towers with Radar,92,20,30,7,149,2,0,9,2,13,94,20,39,9,162,20,8,28,190
07/03/2001,RSW,FL,ASO,ES,Towers with Radar,96,20,22,0,138,1,1,7,0,9,97,21,29,0,147,9,0,9,156
07/04/2001,RSW,FL,ASO,ES,Towers with Radar,82,19,6,8,115,1,1,1,0,3,83,20,7,8,118,3,15,18,136
07/05/2001,RSW,FL,ASO,ES,Towers with Radar,98,18,20,3,139,1,1,6,0,8,99,19,26,3,147,4,16,20,167
07/06/2001,RSW,FL,ASO,ES,Towers with Radar,99,22,15,7,143,1,1,16,0,18,100,23,31,7,161,9,4,13,174
07/07/2001,RSW,FL,ASO,ES,Towers with Radar,113,19,6,0,138,1,0,5,0,6,114,19,11,0,144,0,0,0,144
07/08/2001,RSW,FL,ASO,ES,Towers with Radar,98,26,14,2,140,1,1,5,0,7,99,27,19,2,147,2,0,2,149
07/09/2001,RSW,FL,ASO,ES,Towers with Radar,96,23,20,5,144,1,0,7,0,8,97,23,27,5,152,3,3,6,158
07/10/2001,RSW,FL,ASO,ES,Towers with Radar,100,22,22,0,144,1,0,10,0,11,101,22,32,0,155,5,0,5,160
07/11/2001,RSW,FL,ASO,ES,Towers with Radar,102,25,18,0,145,1,1,5,0,7,103,26,23,0,152,2,0,2,154
07/12/2001,RSW,FL,ASO,ES,Towers with Radar,102,29,23,5,159,1,0,12,0,13,103,29,35,5,172,0,13,13,185
07/13/2001,RSW,FL,ASO,ES,Towers with Radar,97,26,15,0,138,1,0,10,0,11,98,26,25,0,149,5,0,5,154
07/14/2001,RSW,FL,ASO,ES,Towers with Radar,112,19,5,0,136,1,0,2,0,3,113,19,7,0,139,4,0,4,143
07/15/2001,RSW,FL,ASO,ES,Towers with Radar,97,26,24,0,147,1,0,1,0,2,98,26,25,0,149,2,0,2,151
07/16/2001,RSW,FL,ASO,ES,Towers with Radar,95,23,27,0,145,1,0,16,0,17,96,23,43,0,162,2,0,2,164
07/17/2001,RSW,FL,ASO,ES,Towers with Radar,95,21,30,3,149,1,0,22,0,23,96,21,52,3,172,9,1,10,182
07/18/2001,RSW,FL,ASO,ES,Towers with Radar,98,22,29,2,151,1,0,24,0,25,99,22,53,2,176,0,0,0,176
07/19/2001,RSW,FL,ASO,ES,Towers with Radar,97,27,13,0,137,1,0,6,0,7,98,27,19,0,144,10,0,10,154
07/20/2001,RSW,FL,ASO,ES,Towers with Radar,99,22,25,0,146,1,0,11,0,12,100,22,36,0,158,33,0,33,191
07/21/2001,RSW,FL,ASO,ES,Towers with Radar,120,19,17,0,156,1,0,7,0,8,121,19,24,0,164,6,0,6,170
07/22/2001,RSW,FL,ASO,ES,Towers with Radar,103,30,13,0,146,1,0,0,0,1,104,30,13,0,147,0,0,0,147
07/23/2001,RSW,FL,ASO,ES,Towers with Radar,100,19,11,1,131,1,0,0,0,1,101,19,11,1,132,0,0,0,132
07/24/2001,RSW,FL,ASO,ES,Towers with Radar,99,28,22,9,158,1,0,16,0,17,100,28,38,9,175,17,3,20,195
07/25/2001,RSW,FL,ASO,ES,Towers with Radar,98,25,32,4,159,1,0,16,0,17,99,25,48,4,176,25,0,25,201
07/26/2001,RSW,FL,ASO,ES,Towers with Radar,97,23,22,2,144,0,0,21,8,29,97,23,43,10,173,25,34,59,232
07/27/2001,RSW,FL,ASO,ES,Towers with Radar,104,28,22,0,154,0,1,8,0,9,104,29,30,0,163,8,0,8,171
07/28/2001,RSW,FL,ASO,ES,Towers with Radar,112,20,21,0,153,1,1,17,0,19,113,21,38,0,172,17,0,17,189
07/29/2001,RSW,FL,ASO,ES,Towers with Radar,94,26,15,3,138,1,1,17,2,21,95,27,32,5,159,4,4,8,167
07/30/2001,RSW,FL,ASO,ES,Towers with Radar,97,21,21,0,139,1,0,27,0,28,98,21,48,0,167,14,0,14,181
07/31/2001,RSW,FL,ASO,ES,Towers with Radar,97,23,25,0,145,1,0,19,0,20,98,23,44,0,165,12,0,12,177
08/01/2001,RSW,FL,ASO,ES,Towers with Radar,102,32,29,0,163,1,0,5,0,6,103,32,34,0,169,19,0,19,188
08/02/2001,RSW,FL,ASO,ES,Towers with Radar,97,26,20,0,143,1,0,0,0,1,98,26,20,0,144,4,0,4,148
08/03/2001,RSW,FL,ASO,ES,Towers with Radar,100,22,35,0,157,1,0,2,0,3,101,22,37,0,160,3,0,3,163
08/04/2001,RSW,FL,ASO,ES,Towers with Radar,114,20,28,5,167,1,0,8,0,9,115,20,36,5,176,7,3,10,186
08/05/2001,RSW,FL,ASO,ES,Towers with Radar,96,24,18,0,138,1,0,4,0,5,97,24,22,0,143,5,0,5,148
08/06/2001,RSW,FL,ASO,ES,Towers with Radar,96,28,23,9,156,1,1,16,0,18,97,29,39,9,174,12,10,22,196
08/07/2001,RSW,FL,ASO,ES,Towers with Radar,96,28,31,8,163,1,0,13,0,14,97,28,44,8,177,3,6,9,186
08/08/2001,RSW,FL,ASO,ES,Towers with Radar,99,31,23,7,160,1,0,11,0,12,100,31,34,7,172,1,6,7,179
08/09/2001,RSW,FL,ASO,ES,Towers with Radar,101,33,20,6,160,1,0,23,1,25,102,33,43,7,185,6,5,11,196
08/10/2001,RSW,FL,ASO,ES,Towers with Radar,89,34,23,0,146,1,0,12,0,13,90,34,35,0,159,15,0,15,174
08/11/2001,RSW,FL,ASO,ES,Towers with Radar,108,26,16,0,150,1,0,8,0,9,109,26,24,0,159,16,0,16,175
08/12/2001,RSW,FL,ASO,ES,Towers with Radar,92,31,19,0,142,1,1,8,0,10,93,32,27,0,152,8,0,8,160
08/13/2001,RSW,FL,ASO,ES,Towers with Radar,91,26,35,5,157,1,0,17,1,19,92,26,52,6,176,8,5,13,189
08/14/2001,RSW,FL,ASO,ES,Towers with Radar,98,26,33,13,170,1,0,12,0,13,99,26,45,13,183,3,20,23,206
08/15/2001,RSW,FL,ASO,ES,Towers with Radar,99,33,27,4,163,0,9,6,1,16,99,42,33,5,179,8,10,18,197
08/16/2001,RSW,FL,ASO,ES,Towers with Radar,105,31,34,3,173,0,0,25,0,25,105,31,59,3,198,15,6,21,219
08/17/2001,RSW,FL,ASO,ES,Towers with Radar,102,28,35,4,169,0,0,17,0,17,102,28,52,4,186,5,20,25,211
08/18/2001,RSW,FL,ASO,ES,Towers with Radar,110,24,24,0,158,0,0,14,0,14,110,24,38,0,172,3,0,3,175
08/19/2001,RSW,FL,ASO,ES,Towers with Radar,95,27,24,3,149,0,10,16,10,36,95,37,40,13,185,10,19,29,214
08/20/2001,RSW,FL,ASO,ES,Towers with Radar,93,26,23,3,145,3,14,6,7,30,96,40,29,10,175,9,2,11,186
08/21/2001,RSW,FL,ASO,ES,Towers with Radar,104,28,30,0,162,0,0,25,0,25,104,28,55,0,187,0,0,0,187
08/22/2001,RSW,FL,ASO,ES,Towers with Radar,109,27,30,5,171,0,2,20,0,22,109,29,50,5,193,21,9,30,223
08/23/2001,RSW,FL,ASO,ES,Towers with Radar,108,29,18,3,158,0,0,22,0,22,108,29,40,3,180,11,5,16,196
08/24/2001,RSW,FL,ASO,ES,Towers with Radar,105,26,17,3,151,0,0,5,0,5,105,26,22,3,156,8,2,10,166
08/25/2001,RSW,FL,ASO,ES,Towers with Radar,115,23,30,3,171,0,0,20,0,20,115,23,50,3,191,13,3,16,207
08/26/2001,RSW,FL,ASO,ES,Towers with Radar,96,28,10,0,134,0,1,6,0,7,96,29,16,0,141,0,0,0,141
08/27/2001,RSW,FL,ASO,ES,Towers with Radar,98,26,16,1,141,0,0,13,0,13,98,26,29,1,154,15,0,15,169
08/28/2001,RSW,FL,ASO,ES,Towers with Radar,99,28,8,3,138,0,1,20,0,21,99,29,28,3,159,3,24,27,186
08/29/2001,RSW,FL,ASO,ES,Towers with Radar,104,28,7,6,145,0,0,14,0,14,104,28,21,6,159,1,8,9,168
08/30/2001,RSW,FL,ASO,ES,Towers with Radar,101,27,22,5,155,0,1,17,0,18,101,28,39,5,173,4,4,8,181
08/31/2001,RSW,FL,ASO,ES,Towers with Radar,98,28,30,0,156,0,1,6,0,7,98,29,36,0,163,5,0,5,168
09/01/2001,RSW,FL,ASO,ES,Towers with Radar,76,27,16,0,119,29,0,0,0,29,105,27,16,0,148,0,0,0,148
09/02/2001,RSW,FL,ASO,ES,Towers with Radar,89,31,7,0,127,0,3,3,0,6,89,34,10,0,133,0,0,0,133
09/03/2001,RSW,FL,ASO,ES,Towers with Radar,94,33,15,0,142,0,1,6,0,7,94,34,21,0,149,9,0,9,158
09/04/2001,RSW,FL,ASO,ES,Towers with Radar,100,28,15,0,143,0,1,9,0,10,100,29,24,0,153,0,0,0,153
09/05/2001,RSW,FL,ASO,ES,Towers with Radar,103,27,23,4,157,0,2,12,0,14,103,29,35,4,171,8,2,10,181
09/06/2001,RSW,FL,ASO,ES,Towers with Radar,106,33,10,10,159,0,1,8,0,9,106,34,18,10,168,5,5,10,178
09/07/2001,RSW,FL,ASO,ES,Towers with Radar,96,31,22,1,150,0,1,7,1,9,96,32,29,2,159,2,0,2,161
09/08/2001,RSW,FL,ASO,ES,Towers with Radar,102,26,15,0,143,0,2,6,0,8,102,28,21,0,151,6,0,6,157
09/09/2001,RSW,FL,ASO,ES,Towers with Radar,90,36,9,0,135,0,1,3,0,4,90,37,12,0,139,0,0,0,139
09/10/2001,RSW,FL,ASO,ES,Towers with Radar,91,32,17,4,144,0,1,2,0,3,91,33,19,4,147,0,3,3,150
09/11/2001,RSW,FL,ASO,ES,Towers with Radar,10,3,3,7,23,0,1,1,0,2,10,4,4,7,25,1,3,4,29
09/12/2001,RSW,FL,ASO,ES,Towers with Radar,0,0,0,0,0,0,0,0,0,0,0,0,0,0,0,0,0,0,0
09/13/2001,RSW,FL,ASO,ES,Towers with Radar,18,6,1,0,25,0,1,0,0,1,18,7,1,0,26,0,0,0,26
09/14/2001,RSW,FL,ASO,ES,Towers with Radar,23,21,3,0,47,0,1,0,0,1,23,22,3,0,48,0,0,0,48
09/15/2001,RSW,FL,ASO,ES,Towers with Radar,74,25,19,4,122,0,1,0,0,1,74,26,19,4,123,3,3,6,129
09/16/2001,RSW,FL,ASO,ES,Towers with Radar,81,34,18,0,133,0,1,0,0,1,81,35,18,0,134,1,0,1,135
09/17/2001,RSW,FL,ASO,ES,Towers with Radar,81,28,31,10,150,0,0,1,0,1,81,28,32,10,151,7,3,10,161
09/18/2001,RSW,FL,ASO,ES,Towers with Radar,92,27,45,0,164,0,0,1,0,1,92,27,46,0,165,8,0,8,173
09/19/2001,RSW,FL,ASO,ES,Towers with Radar,85,31,44,16,176,0,0,1,0,1,85,31,45,16,177,4,2,6,183
09/20/2001,RSW,FL,ASO,ES,Towers with Radar,87,28,41,6,162,0,3,9,0,12,87,31,50,6,174,1,44,45,219
09/21/2001,RSW,FL,ASO,ES,Towers with Radar,82,28,27,2,139,0,0,11,0,11,82,28,38,2,150,11,0,11,161
09/22/2001,RSW,FL,ASO,ES,Towers with Radar,86,18,25,0,129,0,0,8,0,8,86,18,33,0,137,6,0,6,143
09/23/2001,RSW,FL,ASO,ES,Towers with Radar,73,25,17,2,117,0,0,10,0,10,73,25,27,2,127,7,0,7,134
09/24/2001,RSW,FL,ASO,ES,Towers with Radar,80,28,24,2,134,0,0,11,0,11,80,28,35,2,145,5,0,5,150
09/25/2001,RSW,FL,ASO,ES,Towers with Radar,81,35,33,0,149,0,0,12,0,12,81,35,45,0,161,8,0,8,169
09/26/2001,RSW,FL,ASO,ES,Towers with Radar,85,51,24,0,160,0,0,5,0,5,85,51,29,0,165,11,0,11,176
09/27/2001,RSW,FL,ASO,ES,Towers with Radar,85,37,11,4,137,0,1,2,1,4,85,38,13,5,141,2,2,4,145
09/28/2001,RSW,FL,ASO,ES,Towers with Radar,84,32,39,2,157,0,0,2,1,3,84,32,41,3,160,3,53,56,216
09/29/2001,RSW,FL,ASO,ES,Towers with Radar,88,23,22,0,133,0,2,2,0,4,88,25,24,0,137,1,0,1,138
09/30/2001,RSW,FL,ASO,ES,Towers with Radar,80,38,29,0,147,0,1,12,0,13,80,39,41,0,160,12,0,12,172
10/01/2001,RSW,FL,ASO,ES,Towers with Radar,78,36,31,10,155,2,0,14,0,16,80,36,45,10,171,16,4,20,191
10/02/2001,RSW,FL,ASO,ES,Towers with Radar,80,29,21,2,132,2,0,13,1,16,82,29,34,3,148,9,4,13,161
10/03/2001,RSW,FL,ASO,ES,Towers with Radar,84,24,21,5,134,2,2,17,0,21,86,26,38,5,155,0,0,0,155
10/04/2001,RSW,FL,ASO,ES,Towers with Radar,84,51,35,2,172,2,0,13,0,15,86,51,48,2,187,4,21,25,212
10/05/2001,RSW,FL,ASO,ES,Towers with Radar,89,30,39,2,160,2,2,14,0,18,91,32,53,2,178,12,9,21,199
10/06/2001,RSW,FL,ASO,ES,Towers with Radar,89,20,27,0,136,2,1,6,0,9,91,21,33,0,145,3,0,3,148
10/07/2001,RSW,FL,ASO,ES,Towers with Radar,77,36,14,0,127,2,2,1,0,5,79,38,15,0,132,1,0,1,133
10/08/2001,RSW,FL,ASO,ES,Towers with Radar,78,31,14,5,128,2,0,6,0,8,80,31,20,5,136,1,7,8,144
10/09/2001,RSW,FL,ASO,ES,Towers with Radar,86,35,9,0,130,2,0,4,0,6,88,35,13,0,136,0,0,0,136
10/10/2001,RSW,FL,ASO,ES,Towers with Radar,83,27,11,5,126,2,0,7,1,10,85,27,18,6,136,1,51,52,188
10/11/2001,RSW,FL,ASO,ES,Towers with Radar,85,28,27,2,142,2,1,12,0,15,87,29,39,2,157,7,0,7,164
10/12/2001,RSW,FL,ASO,ES,Towers with Radar,83,26,22,16,147,2,0,5,3,10,85,26,27,19,157,0,72,72,229
10/13/2001,RSW,FL,ASO,ES,Towers with Radar,85,24,14,0,123,2,0,1,0,3,87,24,15,0,126,4,0,4,130
10/14/2001,RSW,FL,ASO,ES,Towers with Radar,77,36,7,2,122,2,0,4,0,6,79,36,11,2,128,0,0,0,128
10/15/2001,RSW,FL,ASO,ES,Towers with Radar,76,36,24,0,136,2,0,14,0,16,78,36,38,0,152,1,0,1,153
10/16/2001,RSW,FL,ASO,ES,Towers with Radar,88,27,28,0,143,1,1,11,0,13,89,28,39,0,156,9,0,9,165
10/17/2001,RSW,FL,ASO,ES,Towers with Radar,84,31,34,5,154,1,1,23,0,25,85,32,57,5,179,3,18,21,200
10/18/2001,RSW,FL,ASO,ES,Towers with Radar,85,37,20,0,142,1,1,9,0,11,86,38,29,0,153,4,0,4,157
10/19/2001,RSW,FL,ASO,ES,Towers with Radar,80,32,26,6,144,1,1,4,1,7,81,33,30,7,151,5,6,11,162
10/20/2001,RSW,FL,ASO,ES,Towers with Radar,85,31,15,0,131,1,0,6,0,7,86,31,21,0,138,2,0,2,140
10/21/2001,RSW,FL,ASO,ES,Towers with Radar,75,41,23,0,139,1,0,5,0,6,76,41,28,0,145,1,0,1,146
10/22/2001,RSW,FL,ASO,ES,Towers with Radar,87,31,18,2,138,1,0,0,0,1,88,31,18,2,139,0,0,0,139
10/23/2001,RSW,FL,ASO,ES,Towers with Radar,81,33,28,4,146,1,0,5,0,6,82,33,33,4,152,12,14,26,178
10/24/2001,RSW,FL,ASO,ES,Towers with Radar,85,38,29,2,154,0,0,11,0,11,85,38,40,2,165,7,3,10,175
10/25/2001,RSW,FL,ASO,ES,Towers with Radar,85,37,34,0,156,1,0,2,0,3,86,37,36,0,159,4,0,4,163
10/26/2001,RSW,FL,ASO,ES,Towers with Radar,81,28,38,8,155,1,0,7,0,8,82,28,45,8,163,19,37,56,219
10/27/2001,RSW,FL,ASO,ES,Towers with Radar,86,28,19,4,137,1,0,4,1,6,87,28,23,5,143,7,0,7,150
10/28/2001,RSW,FL,ASO,ES,Towers with Radar,84,29,26,4,143,0,0,14,3,17,84,29,40,7,160,2,11,13,173
10/29/2001,RSW,FL,ASO,ES,Towers with Radar,79,38,28,0,145,0,13,9,0,22,79,51,37,0,167,4,1,5,172
10/30/2001,RSW,FL,ASO,ES,Towers with Radar,82,29,24,2,137,0,0,7,3,10,82,29,31,5,147,30,7,37,184
10/31/2001,RSW,FL,ASO,ES,Towers with Radar,84,34,32,0,150,1,0,10,0,11,85,34,42,0,161,5,0,5,166
11/01/2001,RSW,FL,ASO,ES,Towers with Radar,97,41,28,4,170,0,0,16,0,16,97,41,44,4,186,7,4,11,197
11/02/2001,RSW,FL,ASO,ES,Towers with Radar,99,36,47,0,182,0,0,18,0,18,99,36,65,0,200,1,0,1,201
11/03/2001,RSW,FL,ASO,ES,Towers with Radar,102,28,18,0,148,0,1,10,0,11,102,29,28,0,159,0,0,0,159
11/04/2001,RSW,FL,ASO,ES,Towers with Radar,99,40,16,0,155,0,0,7,0,7,99,40,23,0,162,3,0,3,165
11/05/2001,RSW,FL,ASO,ES,Towers with Radar,99,39,18,5,161,0,0,10,0,10,99,39,28,5,171,4,3,7,178
11/06/2001,RSW,FL,ASO,ES,Towers with Radar,104,37,26,10,177,0,0,18,1,19,104,37,44,11,196,10,8,18,214
11/07/2001,RSW,FL,ASO,ES,Towers with Radar,101,34,23,2,160,0,1,9,1,11,101,35,32,3,171,11,1,12,183
11/08/2001,RSW,FL,ASO,ES,Towers with Radar,110,37,45,4,196,0,0,20,0,20,110,37,65,4,216,17,6,23,239
11/09/2001,RSW,FL,ASO,ES,Towers with Radar,108,41,35,0,184,0,0,21,0,21,108,41,56,0,205,9,0,9,214
11/10/2001,RSW,FL,ASO,ES,Towers with Radar,99,37,29,2,167,8,11,6,5,30,107,48,35,7,197,1,5,6,203
11/11/2001,RSW,FL,ASO,ES,Towers with Radar,100,52,26,0,178,0,0,11,0,11,100,52,37,0,189,0,0,0,189
11/12/2001,RSW,FL,ASO,ES,Towers with Radar,106,37,33,0,176,0,0,11,0,11,106,37,44,0,187,4,0,4,191
11/13/2001,RSW,FL,ASO,ES,Towers with Radar,104,30,57,5,196,0,0,17,1,18,104,30,74,6,214,16,9,25,239
11/14/2001,RSW,FL,ASO,ES,Towers with Radar,104,33,44,8,189,0,0,11,0,11,104,33,55,8,200,6,15,21,221
11/15/2001,RSW,FL,ASO,ES,Towers with Radar,103,33,60,2,198,0,0,9,0,9,103,33,69,2,207,4,1,5,212
11/16/2001,RSW,FL,ASO,ES,Towers with Radar,97,41,40,2,180,0,0,14,0,14,97,41,54,2,194,12,0,12,206
11/17/2001,RSW,FL,ASO,ES,Towers with Radar,111,37,33,0,181,0,0,17,0,17,111,37,50,0,198,3,0,3,201
11/18/2001,RSW,FL,ASO,ES,Towers with Radar,101,50,25,6,182,0,0,15,0,15,101,50,40,6,197,12,0,12,209
11/19/2001,RSW,FL,ASO,ES,Towers with Radar,103,46,35,1,185,0,0,10,1,11,103,46,45,2,196,13,0,13,209
11/20/2001,RSW,FL,ASO,ES,Towers with Radar,115,37,48,4,204,0,0,11,0,11,115,37,59,4,215,12,0,12,227
11/21/2001,RSW,FL,ASO,ES,Towers with Radar,113,40,35,0,188,0,0,16,0,16,113,40,51,0,204,2,0,2,206
11/22/2001,RSW,FL,ASO,ES,Towers with Radar,102,30,11,2,145,0,0,7,0,7,102,30,18,2,152,1,0,1,153
11/23/2001,RSW,FL,ASO,ES,Towers with Radar,105,40,26,0,171,0,0,21,0,21,105,40,47,0,192,2,0,2,194
11/24/2001,RSW,FL,ASO,ES,Towers with Radar,120,35,21,8,184,0,0,24,0,24,120,35,45,8,208,2,6,8,216
11/25/2001,RSW,FL,ASO,ES,Towers with Radar,102,56,42,3,203,0,1,8,0,9,102,57,50,3,212,3,0,3,215
11/26/2001,RSW,FL,ASO,ES,Towers with Radar,111,41,33,4,189,0,0,13,0,13,111,41,46,4,202,8,2,10,212
11/27/2001,RSW,FL,ASO,ES,Towers with Radar,108,29,20,0,157,0,0,17,0,17,108,29,37,0,174,3,0,3,177
11/28/2001,RSW,FL,ASO,ES,Towers with Radar,107,35,29,10,181,0,2,17,1,20,107,37,46,11,201,7,3,10,211
11/29/2001,RSW,FL,ASO,ES,Towers with Radar,111,33,20,2,166,0,3,10,0,13,111,36,30,2,179,3,6,9,188
11/30/2001,RSW,FL,ASO,ES,Towers with Radar,107,36,32,8,183,0,3,19,0,22,107,39,51,8,205,22,12,34,239
12/01/2001,RSW,FL,ASO,ES,Towers with Radar,102,33,22,0,157,2,3,14,0,19,104,36,36,0,176,2,0,2,178
12/02/2001,RSW,FL,ASO,ES,Towers with Radar,93,36,23,2,154,2,0,10,0,12,95,36,33,2,166,11,0,11,177
12/03/2001,RSW,FL,ASO,ES,Towers with Radar,95,41,33,1,170,2,0,16,0,18,97,41,49,1,188,1,0,1,189
12/04/2001,RSW,FL,ASO,ES,Towers with Radar,98,29,39,4,170,2,1,25,0,28,100,30,64,4,198,8,2,10,208
12/05/2001,RSW,FL,ASO,ES,Towers with Radar,94,33,19,12,158,2,1,23,0,26,96,34,42,12,184,8,27,35,219
12/06/2001,RSW,FL,ASO,ES,Towers with Radar,107,33,33,4,177,0,0,15,12,27,107,33,48,16,204,13,31,44,248
12/07/2001,RSW,FL,ASO,ES,Towers with Radar,99,38,32,2,171,2,1,10,0,13,101,39,42,2,184,15,0,15,199
12/08/2001,RSW,FL,ASO,ES,Towers with Radar,98,30,25,0,153,2,0,5,0,7,100,30,30,0,160,10,0,10,170
12/09/2001,RSW,FL,ASO,ES,Towers with Radar,92,39,15,2,148,2,0,5,0,7,94,39,20,2,155,0,0,0,155
12/10/2001,RSW,FL,ASO,ES,Towers with Radar,94,29,25,4,152,2,0,13,0,15,96,29,38,4,167,6,13,19,186
12/11/2001,RSW,FL,ASO,ES,Towers with Radar,99,26,29,0,154,2,0,14,0,16,101,26,43,0,170,14,0,14,184
12/12/2001,RSW,FL,ASO,ES,Towers with Radar,97,29,27,2,155,0,0,5,0,5,97,29,32,2,160,12,18,30,190
12/13/2001,RSW,FL,ASO,ES,Towers with Radar,112,31,33,0,176,1,2,16,0,19,113,33,49,0,195,12,0,12,207
12/14/2001,RSW,FL,ASO,ES,Towers with Radar,119,32,44,5,200,1,1,26,0,28,120,33,70,5,228,0,3,3,231
12/15/2001,RSW,FL,ASO,ES,Towers with Radar,122,29,25,8,184,1,1,11,0,13,123,30,36,8,197,7,4,11,208
12/16/2001,RSW,FL,ASO,ES,Towers with Radar,115,31,22,0,168,1,1,15,0,17,116,32,37,0,185,3,3,6,191
12/17/2001,RSW,FL,ASO,ES,Towers with Radar,123,32,20,2,177,1,1,22,0,24,124,33,42,2,201,0,15,15,216
12/18/2001,RSW,FL,ASO,ES,Towers with Radar,132,34,36,1,203,1,1,16,0,18,133,35,52,1,221,15,2,17,238
12/19/2001,RSW,FL,ASO,ES,Towers with Radar,130,33,36,15,214,1,1,20,0,22,131,34,56,15,236,8,13,21,257
12/20/2001,RSW,FL,ASO,ES,Towers with Radar,133,35,38,4,210,1,1,23,0,25,134,36,61,4,235,16,0,16,251
12/21/2001,RSW,FL,ASO,ES,Towers with Radar,137,39,31,5,212,1,1,21,0,23,138,40,52,5,235,3,0,3,238
12/22/2001,RSW,FL,ASO,ES,Towers with Radar,140,37,23,2,202,1,1,11,0,13,141,38,34,2,215,4,4,8,223
12/23/2001,RSW,FL,ASO,ES,Towers with Radar,129,40,15,3,187,1,1,6,0,8,130,41,21,3,195,1,7,8,203
12/24/2001,RSW,FL,ASO,ES,Towers with Radar,126,28,14,0,168,1,1,6,0,8,127,29,20,0,176,1,0,1,177
12/25/2001,RSW,FL,ASO,ES,Towers with Radar,130,28,7,0,165,1,1,3,0,5,131,29,10,0,170,0,0,0,170
12/26/2001,RSW,FL,ASO,ES,Towers with Radar,144,47,49,0,240,1,1,14,0,16,145,48,63,0,256,4,0,4,260
12/27/2001,RSW,FL,ASO,ES,Towers with Radar,135,39,45,8,227,1,0,16,0,17,136,39,61,8,244,5,6,11,255
12/28/2001,RSW,FL,ASO,ES,Towers with Radar,128,44,44,3,219,1,5,14,0,20,129,49,58,3,239,3,0,3,242
12/29/2001,RSW,FL,ASO,ES,Towers with Radar,139,47,25,3,214,1,0,13,0,14,140,47,38,3,228,2,10,12,240
12/30/2001,RSW,FL,ASO,ES,Towers with Radar,130,42,26,0,198,1,1,12,0,14,131,43,38,0,212,18,0,18,230
12/31/2001,RSW,FL,ASO,ES,Towers with Radar,127,48,33,0,208,1,0,2,0,3,128,48,35,0,211,1,0,1,212
01/01/2002,RSW,FL,ASO,ES,Towers with Radar,127,45,28,0,200,1,0,14,0,15,128,45,42,0,215,2,0,2,217
01/02/2002,RSW,FL,ASO,ES,Towers with Radar,121,44,57,5,227,1,0,3,1,5,122,44,60,6,232,1,0,1,233
01/03/2002,RSW,FL,ASO,ES,Towers with Radar,124,38,38,5,205,0,4,3,6,13,124,42,41,11,218,4,17,21,239
01/04/2002,RSW,FL,ASO,ES,Towers with Radar,119,37,27,10,193,1,0,12,1,14,120,37,39,11,207,19,46,65,272
01/05/2002,RSW,FL,ASO,ES,Towers with Radar,127,41,34,0,202,1,1,30,0,32,128,42,64,0,234,6,0,6,240
01/06/2002,RSW,FL,ASO,ES,Towers with Radar,121,38,31,0,190,1,1,1,0,3,122,39,32,0,193,2,2,4,197
01/07/2002,RSW,FL,ASO,ES,Towers with Radar,120,32,30,26,208,1,0,5,0,6,121,32,35,26,214,19,26,45,259
01/08/2002,RSW,FL,ASO,ES,Towers with Radar,120,29,18,10,177,1,0,20,0,21,121,29,38,10,198,12,14,26,224
01/09/2002,RSW,FL,ASO,ES,Towers with Radar,120,31,32,0,183,1,1,12,0,14,121,32,44,0,197,0,3,3,200
01/10/2002,RSW,FL,ASO,ES,Towers with Radar,122,31,23,11,187,1,2,24,0,27,123,33,47,11,214,3,13,16,230
01/11/2002,RSW,FL,ASO,ES,Towers with Radar,123,39,31,0,193,0,0,5,0,5,123,39,36,0,198,0,16,16,214
01/12/2002,RSW,FL,ASO,ES,Towers with Radar,128,35,19,5,187,0,1,12,1,14,128,36,31,6,201,1,7,8,209
01/13/2002,RSW,FL,ASO,ES,Towers with Radar,121,35,19,2,177,0,0,6,0,6,121,35,25,2,183,4,8,12,195
01/14/2002,RSW,FL,ASO,ES,Towers with Radar,117,38,42,8,205,0,0,5,1,6,117,38,47,9,211,2,13,15,226
01/15/2002,RSW,FL,ASO,ES,Towers with Radar,116,35,38,3,192,0,0,10,0,10,116,35,48,3,202,4,0,4,206
01/16/2002,RSW,FL,ASO,ES,Towers with Radar,118,40,51,21,230,0,1,12,2,15,118,41,63,23,245,10,16,26,271
01/17/2002,RSW,FL,ASO,ES,Towers with Radar,122,35,47,2,206,0,3,13,0,16,122,38,60,2,222,11,1,12,234
01/18/2002,RSW,FL,ASO,ES,Towers with Radar,123,34,62,7,226,0,0,13,0,13,123,34,75,7,239,6,34,40,279
01/19/2002,RSW,FL,ASO,ES,Towers with Radar,128,29,22,0,179,0,0,31,0,31,128,29,53,0,210,2,0,2,212
01/20/2002,RSW,FL,ASO,ES,Towers with Radar,115,43,42,6,206,0,0,12,0,12,115,43,54,6,218,4,2,6,224
01/21/2002,RSW,FL,ASO,ES,Towers with Radar,126,36,43,0,205,0,0,12,0,12,126,36,55,0,217,3,0,3,220
01/22/2002,RSW,FL,ASO,ES,Towers with Radar,122,41,36,2,201,0,0,1,1,2,122,41,37,3,203,6,0,6,209
01/23/2002,RSW,FL,ASO,ES,Towers with Radar,124,37,41,1,203,0,0,23,0,23,124,37,64,1,226,14,13,27,253
01/24/2002,RSW,FL,ASO,ES,Towers with Radar,123,37,44,7,211,0,3,16,0,19,123,40,60,7,230,5,27,32,262
01/25/2002,RSW,FL,ASO,ES,Towers with Radar,127,37,38,4,206,0,0,16,0,16,127,37,54,4,222,0,0,0,222
01/26/2002,RSW,FL,ASO,ES,Towers with Radar,131,37,35,0,203,0,1,12,0,13,131,38,47,0,216,8,0,8,224
01/27/2002,RSW,FL,ASO,ES,Towers with Radar,121,46,19,0,186,0,0,7,0,7,121,46,26,0,193,1,0,1,194
01/28/2002,RSW,FL,ASO,ES,Towers with Radar,124,28,32,7,191,0,2,10,0,12,124,30,42,7,203,11,19,30,233
01/29/2002,RSW,FL,ASO,ES,Towers with Radar,119,32,50,3,204,0,1,12,0,13,119,33,62,3,217,16,18,34,251
01/30/2002,RSW,FL,ASO,ES,Towers with Radar,121,33,66,0,220,0,0,15,0,15,121,33,81,0,235,15,0,15,250
01/31/2002,RSW,FL,ASO,ES,Towers with Radar,123,41,46,6,216,0,2,22,0,24,123,43,68,6,240,6,7,13,253
02/01/2002,RSW,FL,ASO,ES,Towers with Radar,121,41,42,5,209,2,2,17,2,23,123,43,59,7,232,9,5,14,246
02/02/2002,RSW,FL,ASO,ES,Towers with Radar,134,40,27,1,202,2,1,13,0,16,136,41,40,1,218,13,0,13,231
02/03/2002,RSW,FL,ASO,ES,Towers with Radar,128,47,43,0,218,2,1,7,0,10,130,48,50,0,228,2,0,2,230
02/04/2002,RSW,FL,ASO,ES,Towers with Radar,127,45,33,0,205,2,1,10,0,13,129,46,43,0,218,2,0,2,220
02/05/2002,RSW,FL,ASO,ES,Towers with Radar,126,39,54,0,219,2,2,28,0,32,128,41,82,0,251,12,0,12,263
02/06/2002,RSW,FL,ASO,ES,Towers with Radar,130,39,50,6,225,2,3,25,0,30,132,42,75,6,255,16,8,24,279
02/07/2002,RSW,FL,ASO,ES,Towers with Radar,134,36,44,3,217,1,2,9,0,12,135,38,53,3,229,0,0,0,229
02/08/2002,RSW,FL,ASO,ES,Towers with Radar,135,33,47,3,218,0,0,13,2,15,135,33,60,5,233,13,16,29,262
02/09/2002,RSW,FL,ASO,ES,Towers with Radar,132,37,41,3,213,9,3,0,3,15,141,40,41,6,228,3,10,13,241
02/10/2002,RSW,FL,ASO,ES,Towers with Radar,127,48,36,0,211,1,2,4,0,7,128,50,40,0,218,9,0,9,227
02/11/2002,RSW,FL,ASO,ES,Towers with Radar,131,39,37,6,213,1,3,12,0,16,132,42,49,6,229,14,5,19,248
02/12/2002,RSW,FL,ASO,ES,Towers with Radar,132,33,41,5,211,1,2,24,0,27,133,35,65,5,238,27,7,34,272
02/13/2002,RSW,FL,ASO,ES,Towers with Radar,140,37,43,2,222,0,0,0,2,2,140,37,43,4,224,10,26,36,260
02/14/2002,RSW,FL,ASO,ES,Towers with Radar,147,48,50,0,245,0,1,0,0,1,147,49,50,0,246,5,0,5,251
02/15/2002,RSW,FL,ASO,ES,Towers with Radar,148,46,50,0,244,1,2,19,0,22,149,48,69,0,266,6,0,6,272
02/16/2002,RSW,FL,ASO,ES,Towers with Radar,160,43,25,5,233,1,2,5,0,8,161,45,30,5,241,3,13,16,257
02/17/2002,RSW,FL,ASO,ES,Towers with Radar,145,50,43,0,238,1,3,17,0,21,146,53,60,0,259,7,0,7,266
02/18/2002,RSW,FL,ASO,ES,Towers with Radar,147,44,39,0,230,1,3,29,0,33,148,47,68,0,263,29,0,29,292
02/19/2002,RSW,FL,ASO,ES,Towers with Radar,148,39,56,0,243,1,1,23,0,25,149,40,79,0,268,14,0,14,282
02/20/2002,RSW,FL,ASO,ES,Towers with Radar,137,37,42,2,218,15,0,15,0,30,152,37,57,2,248,2,2,4,252
02/21/2002,RSW,FL,ASO,ES,Towers with Radar,145,35,33,0,213,1,1,11,0,13,146,36,44,0,226,2,0,2,228
02/22/2002,RSW,FL,ASO,ES,Towers with Radar,150,43,51,2,246,1,1,4,0,6,151,44,55,2,252,7,0,7,259
02/23/2002,RSW,FL,ASO,ES,Towers with Radar,158,49,45,0,252,1,1,4,0,6,159,50,49,0,258,2,0,2,260
02/24/2002,RSW,FL,ASO,ES,Towers with Radar,146,40,64,2,252,1,1,24,0,26,147,41,88,2,278,8,0,8,286
02/25/2002,RSW,FL,ASO,ES,Towers with Radar,147,42,50,0,239,1,6,14,0,21,148,48,64,0,260,8,0,8,268
02/26/2002,RSW,FL,ASO,ES,Towers with Radar,141,36,31,2,210,1,1,6,0,8,142,37,37,2,218,0,0,0,218
02/27/2002,RSW,FL,ASO,ES,Towers with Radar,145,36,52,11,244,1,1,14,0,16,146,37,66,11,260,33,13,46,306
02/28/2002,RSW,FL,ASO,ES,Towers with Radar,148,37,50,2,237,0,0,33,5,38,148,37,83,7,275,16,10,26,301
03/01/2002,RSW,FL,ASO,ES,Towers with Radar,150,37,40,0,227,1,1,16,0,18,151,38,56,0,245,3,0,3,248
03/02/2002,RSW,FL,ASO,ES,Towers with Radar,115,31,35,2,183,41,10,5,5,61,156,41,40,7,244,3,4,7,251
03/03/2002,RSW,FL,ASO,ES,Towers with Radar,145,42,49,0,236,1,1,9,0,11,146,43,58,0,247,0,0,0,247
03/04/2002,RSW,FL,ASO,ES,Towers with Radar,148,39,55,1,243,1,0,0,0,1,149,39,55,1,244,6,0,6,250
03/05/2002,RSW,FL,ASO,ES,Towers with Radar,147,35,43,7,232,1,0,21,0,22,148,35,64,7,254,5,5,10,264
03/06/2002,RSW,FL,ASO,ES,Towers with Radar,147,42,58,7,254,1,0,23,0,24,148,42,81,7,278,6,9,15,293
03/07/2002,RSW,FL,ASO,ES,Towers with Radar,154,42,42,0,238,1,0,12,0,13,155,42,54,0,251,10,0,10,261
03/08/2002,RSW,FL,ASO,ES,Towers with Radar,150,44,50,3,247,0,0,35,2,37,150,44,85,5,284,12,3,15,299
03/09/2002,RSW,FL,ASO,ES,Towers with Radar,154,40,35,0,229,1,0,25,0,26,155,40,60,0,255,25,1,26,281
03/10/2002,RSW,FL,ASO,ES,Towers with Radar,147,40,53,0,240,1,2,6,0,9,148,42,59,0,249,6,0,6,255
03/11/2002,RSW,FL,ASO,ES,Towers with Radar,152,30,38,9,229,1,2,8,0,11,153,32,46,9,240,4,40,44,284
03/12/2002,RSW,FL,ASO,ES,Towers with Radar,148,38,35,1,222,1,0,18,1,20,149,38,53,2,242,12,12,24,266
03/13/2002,RSW,FL,ASO,ES,Towers with Radar,148,37,37,12,234,1,0,30,0,31,149,37,67,12,265,7,15,22,287
03/14/2002,RSW,FL,ASO,ES,Towers with Radar,150,48,40,5,243,1,0,7,0,8,151,48,47,5,251,11,0,11,262
03/15/2002,RSW,FL,ASO,ES,Towers with Radar,148,42,32,3,225,1,0,10,1,12,149,42,42,4,237,7,1,8,245
03/16/2002,RSW,FL,ASO,ES,Towers with Radar,159,34,38,0,231,1,1,19,0,21,160,35,57,0,252,5,0,5,257
03/17/2002,RSW,FL,ASO,ES,Towers with Radar,146,48,51,0,245,0,1,14,0,15,146,49,65,0,260,11,0,11,271
03/18/2002,RSW,FL,ASO,ES,Towers with Radar,147,37,41,5,230,0,7,8,0,15,147,44,49,5,245,5,8,13,258
03/19/2002,RSW,FL,ASO,ES,Towers with Radar,147,35,44,0,226,0,0,13,0,13,147,35,57,0,239,13,0,13,252
03/20/2002,RSW,FL,ASO,ES,Towers with Radar,144,33,33,18,228,0,0,15,0,15,144,33,48,18,243,0,0,0,243
03/21/2002,RSW,FL,ASO,ES,Towers with Radar,156,36,43,0,235,0,6,13,0,19,156,42,56,0,254,0,0,0,254
03/22/2002,RSW,FL,ASO,ES,Towers with Radar,151,40,52,4,247,0,0,25,3,28,151,40,77,7,275,25,8,33,308
03/23/2002,RSW,FL,ASO,ES,Towers with Radar,160,38,60,2,260,0,0,19,0,19,160,38,79,2,279,16,0,16,295
03/24/2002,RSW,FL,ASO,ES,Towers with Radar,151,44,40,3,238,0,0,13,0,13,151,44,53,3,251,3,17,20,271
03/25/2002,RSW,FL,ASO,ES,Towers with Radar,148,50,60,7,265,0,0,10,0,10,148,50,70,7,275,15,14,29,304
03/26/2002,RSW,FL,ASO,ES,Towers with Radar,145,41,30,0,216,0,0,8,0,8,145,41,38,0,224,1,0,1,225
03/27/2002,RSW,FL,ASO,ES,Towers with Radar,151,37,51,2,241,0,0,47,0,47,151,37,98,2,288,17,0,17,305
03/28/2002,RSW,FL,ASO,ES,Towers with Radar,162,43,48,0,253,0,1,28,0,29,162,44,76,0,282,18,0,18,300
03/29/2002,RSW,FL,ASO,ES,Towers with Radar,157,39,38,0,234,0,1,16,0,17,157,40,54,0,251,6,0,6,257
03/30/2002,RSW,FL,ASO,ES,Towers with Radar,159,48,49,0,256,0,0,13,0,13,159,48,62,0,269,2,0,2,271
03/31/2002,RSW,FL,ASO,ES,Towers with Radar,137,37,40,0,214,10,9,6,0,25,147,46,46,0,239,0,0,0,239
04/01/2002,RSW,FL,ASO,ES,Towers with Radar,142,39,58,0,239,0,0,14,0,14,142,39,72,0,253,8,0,8,261
04/02/2002,RSW,FL,ASO,ES,Towers with Radar,138,34,40,3,215,2,1,16,0,19,140,35,56,3,234,10,0,10,244
04/03/2002,RSW,FL,ASO,ES,Towers with Radar,138,39,43,4,224,2,6,8,0,16,140,45,51,4,240,3,0,3,243
04/04/2002,RSW,FL,ASO,ES,Towers with Radar,148,36,48,6,238,0,0,21,2,23,148,36,69,8,261,7,6,13,274
04/05/2002,RSW,FL,ASO,ES,Towers with Radar,146,40,52,6,244,0,0,18,2,20,146,40,70,8,264,11,5,16,280
04/06/2002,RSW,FL,ASO,ES,Towers with Radar,160,45,33,8,246,2,3,15,0,20,162,48,48,8,266,5,8,13,279
04/07/2002,RSW,FL,ASO,ES,Towers with Radar,135,46,47,2,230,2,3,18,0,23,137,49,65,2,253,1,8,9,262
04/08/2002,RSW,FL,ASO,ES,Towers with Radar,133,35,53,10,231,2,2,18,0,22,135,37,71,10,253,111,8,119,372
04/09/2002,RSW,FL,ASO,ES,Towers with Radar,130,30,33,2,195,2,4,14,0,20,132,34,47,2,215,8,0,8,223
04/10/2002,RSW,FL,ASO,ES,Towers with Radar,130,33,46,5,214,2,4,23,2,31,132,37,69,7,245,13,5,18,263
04/11/2002,RSW,FL,ASO,ES,Towers with Radar,137,39,55,15,246,2,4,22,1,29,139,43,77,16,275,32,6,38,313
04/12/2002,RSW,FL,ASO,ES,Towers with Radar,133,36,52,7,228,2,22,13,0,37,135,58,65,7,265,12,5,17,282
04/13/2002,RSW,FL,ASO,ES,Towers with Radar,143,32,58,3,236,2,2,19,7,30,145,34,77,10,266,18,10,28,294
04/14/2002,RSW,FL,ASO,ES,Towers with Radar,127,39,41,1,208,2,0,13,6,21,129,39,54,7,229,1,0,1,230
04/15/2002,RSW,FL,ASO,ES,Towers with Radar,118,35,36,3,192,10,4,20,8,42,128,39,56,11,234,6,0,6,240
04/16/2002,RSW,FL,ASO,ES,Towers with Radar,127,34,36,0,197,2,0,31,1,34,129,34,67,1,231,14,0,14,245
04/17/2002,RSW,FL,ASO,ES,Towers with Radar,122,37,57,0,216,2,0,26,0,28,124,37,83,0,244,8,0,8,252
04/18/2002,RSW,FL,ASO,ES,Towers with Radar,128,38,39,4,209,10,4,27,0,41,138,42,66,4,250,7,0,7,257
04/19/2002,RSW,FL,ASO,ES,Towers with Radar,129,37,34,4,204,2,3,22,0,27,131,40,56,4,231,6,0,6,237
04/20/2002,RSW,FL,ASO,ES,Towers with Radar,141,35,53,0,229,2,0,15,0,17,143,35,68,0,246,4,0,4,250
04/21/2002,RSW,FL,ASO,ES,Towers with Radar,125,45,32,7,209,2,0,11,0,13,127,45,43,7,222,0,5,5,227
04/22/2002,RSW,FL,ASO,ES,Towers with Radar,130,45,34,8,217,1,1,17,0,19,131,46,51,8,236,20,5,25,261
04/23/2002,RSW,FL,ASO,ES,Towers with Radar,125,39,47,2,213,1,1,26,0,28,126,40,73,2,241,8,0,8,249
04/24/2002,RSW,FL,ASO,ES,Towers with Radar,125,39,20,1,185,1,1,22,0,24,126,40,42,1,209,2,0,2,211
04/25/2002,RSW,FL,ASO,ES,Towers with Radar,133,40,34,5,212,1,2,25,0,28,134,42,59,5,240,7,11,18,258
04/26/2002,RSW,FL,ASO,ES,Towers with Radar,133,38,32,6,209,1,3,24,0,28,134,41,56,6,237,5,2,7,244
04/27/2002,RSW,FL,ASO,ES,Towers with Radar,132,32,22,0,186,1,1,11,0,13,133,33,33,0,199,5,0,5,204
04/28/2002,RSW,FL,ASO,ES,Towers with Radar,124,42,19,0,185,1,2,6,0,9,125,44,25,0,194,0,0,0,194
04/29/2002,RSW,FL,ASO,ES,Towers with Radar,116,33,36,4,189,12,4,10,9,35,128,37,46,13,224,10,9,19,243
04/30/2002,RSW,FL,ASO,ES,Towers with Radar,105,29,41,4,179,1,1,16,1,19,106,30,57,5,198,7,27,34,232
05/01/2002,RSW,FL,ASO,ES,Towers with Radar,108,36,31,1,176,1,0,27,0,28,109,36,58,1,204,37,0,37,241
05/02/2002,RSW,FL,ASO,ES,Towers with Radar,100,41,27,0,168,1,0,14,0,15,101,41,41,0,183,12,0,12,195
05/03/2002,RSW,FL,ASO,ES,Towers with Radar,100,35,28,2,165,5,0,26,0,31,105,35,54,2,196,2,0,2,198
05/04/2002,RSW,FL,ASO,ES,Towers with Radar,113,29,36,0,178,1,0,12,0,13,114,29,48,0,191,15,0,15,206
05/05/2002,RSW,FL,ASO,ES,Towers with Radar,96,40,28,6,170,1,0,8,0,9,97,40,36,6,179,3,8,11,190
05/06/2002,RSW,FL,ASO,ES,Towers with Radar,96,31,39,4,170,1,0,14,0,15,97,31,53,4,185,40,4,44,229
05/07/2002,RSW,FL,ASO,ES,Towers with Radar,91,35,26,0,152,3,1,13,0,17,94,36,39,0,169,1,0,1,170
05/08/2002,RSW,FL,ASO,ES,Towers with Radar,96,36,28,2,162,1,0,22,0,23,97,36,50,2,185,2,14,16,201
05/09/2002,RSW,FL,ASO,ES,Towers with Radar,91,44,25,4,164,1,0,18,0,19,92,44,43,4,183,34,42,76,259
05/10/2002,RSW,FL,ASO,ES,Towers with Radar,90,34,24,13,161,0,0,18,0,18,90,34,42,13,179,6,17,23,202
05/11/2002,RSW,FL,ASO,ES,Towers with Radar,106,35,7,2,150,0,0,11,1,12,106,35,18,3,162,0,16,16,178
05/12/2002,RSW,FL,ASO,ES,Towers with Radar,84,31,14,2,131,0,1,2,0,3,84,32,16,2,134,0,7,7,141
05/13/2002,RSW,FL,ASO,ES,Towers with Radar,85,31,26,18,160,0,0,15,1,16,85,31,41,19,176,1,32,33,209
05/14/2002,RSW,FL,ASO,ES,Towers with Radar,86,32,25,2,145,2,2,10,7,21,88,34,35,9,166,5,5,10,176
05/15/2002,RSW,FL,ASO,ES,Towers with Radar,89,34,25,0,148,0,3,26,0,29,89,37,51,0,177,6,0,6,183
05/16/2002,RSW,FL,ASO,ES,Towers with Radar,91,29,26,2,148,0,0,6,1,7,91,29,32,3,155,16,1,17,172
05/17/2002,RSW,FL,ASO,ES,Towers with Radar,91,30,41,9,171,0,0,19,3,22,91,30,60,12,193,9,9,18,211
05/18/2002,RSW,FL,ASO,ES,Towers with Radar,104,29,25,0,158,0,0,14,6,20,104,29,39,6,178,7,0,7,185
05/19/2002,RSW,FL,ASO,ES,Towers with Radar,83,40,9,1,133,0,0,1,2,3,83,40,10,3,136,0,0,0,136
05/20/2002,RSW,FL,ASO,ES,Towers with Radar,87,37,16,2,142,0,0,13,3,16,87,37,29,5,158,1,0,1,159
05/21/2002,RSW,FL,ASO,ES,Towers with Radar,84,32,25,0,141,0,3,3,0,6,84,35,28,0,147,1,0,1,148
05/22/2002,RSW,FL,ASO,ES,Towers with Radar,92,36,20,0,148,0,0,8,1,9,92,36,28,1,157,3,30,33,190
05/23/2002,RSW,FL,ASO,ES,Towers with Radar,92,34,27,3,156,0,5,13,3,21,92,39,40,6,177,7,2,9,186
05/24/2002,RSW,FL,ASO,ES,Towers with Radar,94,40,35,2,171,0,1,14,0,15,94,41,49,2,186,6,1,7,193
05/25/2002,RSW,FL,ASO,ES,Towers with Radar,104,26,32,0,162,0,0,10,0,10,104,26,42,0,172,4,0,4,176
05/26/2002,RSW,FL,ASO,ES,Towers with Radar,62,23,18,0,103,17,11,5,0,33,79,34,23,0,136,2,0,2,138
05/27/2002,RSW,FL,ASO,ES,Towers with Radar,85,37,26,1,149,0,0,0,0,0,85,37,26,1,149,8,0,8,157
05/28/2002,RSW,FL,ASO,ES,Towers with Radar,85,30,39,10,164,0,0,21,2,23,85,30,60,12,187,3,17,20,207
05/29/2002,RSW,FL,ASO,ES,Towers with Radar,88,33,30,6,157,0,1,18,0,19,88,34,48,6,176,7,2,9,185
05/30/2002,RSW,FL,ASO,ES,Towers with Radar,88,32,30,3,153,0,0,17,6,23,88,32,47,9,176,5,3,8,184
05/31/2002,RSW,FL,ASO,ES,Towers with Radar,87,33,28,3,151,0,1,19,0,20,87,34,47,3,171,14,12,26,197
06/01/2002,RSW,FL,ASO,ES,Towers with Radar,98,33,28,0,159,0,1,8,0,9,98,34,36,0,168,5,0,5,173
06/02/2002,RSW,FL,ASO,ES,Towers with Radar,85,32,35,0,152,0,3,16,0,19,85,35,51,0,171,7,0,7,178
06/03/2002,RSW,FL,ASO,ES,Towers with Radar,58,17,23,5,103,0,1,7,0,8,58,18,30,5,111,3,11,14,125
06/04/2002,RSW,FL,ASO,ES,Towers with Radar,85,28,35,1,149,0,1,22,0,23,85,29,57,1,172,2,1,3,175
06/05/2002,RSW,FL,ASO,ES,Towers with Radar,91,36,29,2,158,0,1,29,0,30,91,37,58,2,188,5,6,11,199
06/06/2002,RSW,FL,ASO,ES,Towers with Radar,93,28,34,0,155,0,0,20,0,20,93,28,54,0,175,4,0,4,179
06/07/2002,RSW,FL,ASO,ES,Towers with Radar,90,30,36,2,158,0,0,8,1,9,90,30,44,3,167,9,21,30,197
06/08/2002,RSW,FL,ASO,ES,Towers with Radar,99,24,25,0,148,0,1,19,0,20,99,25,44,0,168,1,0,1,169
06/09/2002,RSW,FL,ASO,ES,Towers with Radar,82,33,26,6,147,0,1,11,0,12,82,34,37,6,159,0,8,8,167
06/10/2002,RSW,FL,ASO,ES,Towers with Radar,54,14,19,1,88,0,0,6,1,7,54,14,25,2,95,4,2,6,101
06/11/2002,RSW,FL,ASO,ES,Towers with Radar,83,30,29,1,143,0,2,9,3,14,83,32,38,4,157,6,2,8,165
06/12/2002,RSW,FL,ASO,ES,Towers with Radar,90,36,24,5,155,0,1,11,0,12,90,37,35,5,167,4,49,53,220
06/13/2002,RSW,FL,ASO,ES,Towers with Radar,81,29,28,0,138,10,1,11,0,22,91,30,39,0,160,9,0,9,169
06/14/2002,RSW,FL,ASO,ES,Towers with Radar,83,31,21,0,135,7,3,0,0,10,90,34,21,0,145,1,0,1,146
06/15/2002,RSW,FL,ASO,ES,Towers with Radar,74,27,21,0,122,18,8,0,0,26,92,35,21,0,148,0,0,0,148
06/16/2002,RSW,FL,ASO,ES,Towers with Radar,78,34,13,0,125,0,0,6,0,6,78,34,19,0,131,2,0,2,133
06/17/2002,RSW,FL,ASO,ES,Towers with Radar,81,28,27,8,144,0,0,8,2,10,81,28,35,10,154,8,31,39,193
06/18/2002,RSW,FL,ASO,ES,Towers with Radar,80,28,22,0,130,0,0,7,0,7,80,28,29,0,137,4,0,4,141
06/19/2002,RSW,FL,ASO,ES,Towers with Radar,82,28,27,0,137,0,0,22,0,22,82,28,49,0,159,3,0,3,162
06/20/2002,RSW,FL,ASO,ES,Towers with Radar,84,35,42,0,161,0,0,10,0,10,84,35,52,0,171,17,0,17,188
06/21/2002,RSW,FL,ASO,ES,Towers with Radar,89,35,73,1,198,0,1,9,1,11,89,36,82,2,209,20,0,20,229
06/22/2002,RSW,FL,ASO,ES,Towers with Radar,92,32,20,7,151,0,1,8,0,9,92,33,28,7,160,11,4,15,175
06/23/2002,RSW,FL,ASO,ES,Towers with Radar,86,34,33,2,155,0,3,0,1,4,86,37,33,3,159,0,3,3,162
06/24/2002,RSW,FL,ASO,ES,Towers with Radar,80,25,16,0,121,0,0,14,0,14,80,25,30,0,135,2,0,2,137
06/25/2002,RSW,FL,ASO,ES,Towers with Radar,79,34,29,0,142,0,0,19,0,19,79,34,48,0,161,5,0,5,166
06/26/2002,RSW,FL,ASO,ES,Towers with Radar,82,31,48,2,163,0,0,21,0,21,82,31,69,2,184,13,10,23,207
06/27/2002,RSW,FL,ASO,ES,Towers with Radar,76,29,27,2,134,0,0,15,0,15,76,29,42,2,149,4,1,5,154
06/28/2002,RSW,FL,ASO,ES,Towers with Radar,85,30,38,7,160,0,1,13,0,14,85,31,51,7,174,8,9,17,191
06/29/2002,RSW,FL,ASO,ES,Towers with Radar,93,31,32,0,156,0,0,9,0,9,93,31,41,0,165,5,0,5,170
06/30/2002,RSW,FL,ASO,ES,Towers with Radar,76,35,25,2,138,0,0,13,0,13,76,35,38,2,151,4,2,6,157
07/01/2002,RSW,FL,ASO,ES,Towers with Radar,72,27,24,0,123,0,0,17,0,17,72,27,41,0,140,6,4,10,150
07/02/2002,RSW,FL,ASO,ES,Towers with Radar,85,26,19,2,132,0,1,8,0,9,85,27,27,2,141,7,0,7,148
07/03/2002,RSW,FL,ASO,ES,Towers with Radar,91,32,19,11,153,0,1,17,0,18,91,33,36,11,171,8,15,23,194
07/04/2002,RSW,FL,ASO,ES,Towers with Radar,75,25,19,0,119,0,1,6,0,7,75,26,25,0,126,1,0,1,127
07/05/2002,RSW,FL,ASO,ES,Towers with Radar,84,28,16,5,133,0,1,6,0,7,84,29,22,5,140,7,4,11,151
07/06/2002,RSW,FL,ASO,ES,Towers with Radar,69,22,19,0,110,24,5,14,0,43,93,27,33,0,153,6,0,6,159
07/07/2002,RSW,FL,ASO,ES,Towers with Radar,83,37,31,0,151,0,1,8,0,9,83,38,39,0,160,1,0,1,161
07/08/2002,RSW,FL,ASO,ES,Towers with Radar,83,23,20,0,126,0,1,10,0,11,83,24,30,0,137,6,0,6,143
07/09/2002,RSW,FL,ASO,ES,Towers with Radar,83,25,24,0,132,0,1,8,0,9,83,26,32,0,141,5,0,5,146
07/10/2002,RSW,FL,ASO,ES,Towers with Radar,89,23,25,3,140,0,1,9,0,10,89,24,34,3,150,4,1,5,155
07/11/2002,RSW,FL,ASO,ES,Towers with Radar,88,31,22,2,143,0,1,12,0,13,88,32,34,2,156,12,0,12,168
07/12/2002,RSW,FL,ASO,ES,Towers with Radar,85,31,29,9,154,0,0,8,1,9,85,31,37,10,163,7,16,23,186
07/13/2002,RSW,FL,ASO,ES,Towers with Radar,67,23,13,2,105,27,0,0,3,30,94,23,13,5,135,0,5,5,140
07/14/2002,RSW,FL,ASO,ES,Towers with Radar,79,29,23,5,136,0,1,9,0,10,79,30,32,5,146,4,4,8,154
07/15/2002,RSW,FL,ASO,ES,Towers with Radar,84,28,13,0,125,0,0,10,0,10,84,28,23,0,135,4,0,4,139
07/16/2002,RSW,FL,ASO,ES,Towers with Radar,81,26,24,3,134,0,0,10,2,12,81,26,34,5,146,4,3,7,153
07/17/2002,RSW,FL,ASO,ES,Towers with Radar,83,31,15,7,136,0,0,20,0,20,83,31,35,7,156,5,9,14,170
07/18/2002,RSW,FL,ASO,ES,Towers with Radar,88,32,15,0,135,0,0,10,0,10,88,32,25,0,145,1,0,1,146
07/19/2002,RSW,FL,ASO,ES,Towers with Radar,82,28,28,3,141,0,0,7,2,9,82,28,35,5,150,2,2,4,154
07/20/2002,RSW,FL,ASO,ES,Towers with Radar,94,24,36,0,154,0,0,11,0,11,94,24,47,0,165,5,0,5,170
07/21/2002,RSW,FL,ASO,ES,Towers with Radar,79,34,29,2,144,0,0,10,0,10,79,34,39,2,154,9,3,12,166
07/22/2002,RSW,FL,ASO,ES,Towers with Radar,79,27,27,5,138,0,0,22,0,22,79,27,49,5,160,6,6,12,172
07/23/2002,RSW,FL,ASO,ES,Towers with Radar,83,23,37,0,143,0,2,20,0,22,83,25,57,0,165,23,0,23,188
07/24/2002,RSW,FL,ASO,ES,Towers with Radar,86,28,36,5,155,0,0,10,0,10,86,28,46,5,165,10,3,13,178
07/25/2002,RSW,FL,ASO,ES,Towers with Radar,85,28,24,2,139,0,0,13,0,13,85,28,37,2,152,3,0,3,155
07/26/2002,RSW,FL,ASO,ES,Towers with Radar,84,29,25,1,139,0,0,11,0,11,84,29,36,1,150,0,0,0,150
07/27/2002,RSW,FL,ASO,ES,Towers with Radar,90,25,25,0,140,4,0,22,0,26,94,25,47,0,166,6,0,6,172
07/28/2002,RSW,FL,ASO,ES,Towers with Radar,78,26,22,4,130,0,1,8,0,9,78,27,30,4,139,6,6,12,151
07/29/2002,RSW,FL,ASO,ES,Towers with Radar,80,30,23,5,138,0,0,14,1,15,80,30,37,6,153,1,1,2,155
07/30/2002,RSW,FL,ASO,ES,Towers with Radar,83,26,24,4,137,0,0,26,12,38,83,26,50,16,175,2,13,15,190
07/31/2002,RSW,FL,ASO,ES,Towers with Radar,82,30,25,0,137,0,0,34,0,34,82,30,59,0,171,30,10,40,211
08/01/2002,RSW,FL,ASO,ES,Towers with Radar,90,28,20,3,141,0,2,12,0,14,90,30,32,3,155,6,0,6,161
08/02/2002,RSW,FL,ASO,ES,Towers with Radar,87,29,23,3,142,0,5,6,0,11,87,34,29,3,153,4,1,5,158
08/03/2002,RSW,FL,ASO,ES,Towers with Radar,92,24,11,0,127,0,1,8,0,9,92,25,19,0,136,0,0,0,136
08/04/2002,RSW,FL,ASO,ES,Towers with Radar,76,29,21,2,128,0,1,11,0,12,76,30,32,2,140,0,14,14,154
08/05/2002,RSW,FL,ASO,ES,Towers with Radar,77,24,20,0,121,1,2,16,0,19,78,26,36,0,140,1,0,1,141
08/06/2002,RSW,FL,ASO,ES,Towers with Radar,82,24,34,13,153,0,1,7,0,8,82,25,41,13,161,3,8,11,172
08/07/2002,RSW,FL,ASO,ES,Towers with Radar,88,33,32,4,157,0,0,12,0,12,88,33,44,4,169,11,3,14,183
08/08/2002,RSW,FL,ASO,ES,Towers with Radar,85,29,14,4,132,0,0,15,0,15,85,29,29,4,147,4,3,7,154
08/09/2002,RSW,FL,ASO,ES,Towers with Radar,84,30,20,1,135,0,0,10,0,10,84,30,30,1,145,0,0,0,145
08/10/2002,RSW,FL,ASO,ES,Towers with Radar,86,27,20,2,135,4,0,28,0,32,90,27,48,2,167,4,4,8,175
08/11/2002,RSW,FL,ASO,ES,Towers with Radar,78,34,28,1,141,0,0,9,0,9,78,34,37,1,150,7,0,7,157
08/12/2002,RSW,FL,ASO,ES,Towers with Radar,83,24,21,2,130,0,0,20,10,30,83,24,41,12,160,3,15,18,178
08/13/2002,RSW,FL,ASO,ES,Towers with Radar,79,27,20,0,126,0,4,9,0,13,79,31,29,0,139,6,0,6,145
08/14/2002,RSW,FL,ASO,ES,Towers with Radar,83,26,42,5,156,0,1,9,0,10,83,27,51,5,166,22,3,25,191
08/15/2002,RSW,FL,ASO,ES,Towers with Radar,87,25,40,6,158,0,0,20,2,22,87,25,60,8,180,15,2,17,197
08/16/2002,RSW,FL,ASO,ES,Towers with Radar,88,31,22,10,151,0,0,12,1,13,88,31,34,11,164,7,30,37,201
08/17/2002,RSW,FL,ASO,ES,Towers with Radar,92,28,17,0,137,0,2,16,0,18,92,30,33,0,155,3,0,3,158
08/18/2002,RSW,FL,ASO,ES,Towers with Radar,75,30,19,0,124,0,1,14,0,15,75,31,33,0,139,5,0,5,144
08/19/2002,RSW,FL,ASO,ES,Towers with Radar,81,29,10,2,122,0,0,15,0,15,81,29,25,2,137,4,1,5,142
08/20/2002,RSW,FL,ASO,ES,Towers with Radar,67,22,16,0,105,20,4,7,0,31,87,26,23,0,136,0,0,0,136
08/21/2002,RSW,FL,ASO,ES,Towers with Radar,84,30,16,0,130,0,0,11,0,11,84,30,27,0,141,1,0,1,142
08/22/2002,RSW,FL,ASO,ES,Towers with Radar,86,24,39,2,151,0,1,15,0,16,86,25,54,2,167,8,14,22,189
08/23/2002,RSW,FL,ASO,ES,Towers with Radar,86,27,22,5,140,0,1,11,0,12,86,28,33,5,152,5,12,17,169
08/24/2002,RSW,FL,ASO,ES,Towers with Radar,70,23,16,0,109,19,2,9,0,30,89,25,25,0,139,4,0,4,143
08/25/2002,RSW,FL,ASO,ES,Towers with Radar,78,32,11,5,126,0,0,1,0,1,78,32,12,5,127,3,3,6,133
08/26/2002,RSW,FL,ASO,ES,Towers with Radar,87,21,22,2,132,4,0,3,3,10,91,21,25,5,142,9,6,15,157
08/27/2002,RSW,FL,ASO,ES,Towers with Radar,78,28,15,0,121,0,0,15,0,15,78,28,30,0,136,10,0,10,146
08/28/2002,RSW,FL,ASO,ES,Towers with Radar,84,24,24,0,132,0,0,8,0,8,84,24,32,0,140,7,0,7,147
08/29/2002,RSW,FL,ASO,ES,Towers with Radar,88,28,19,0,135,0,0,18,0,18,88,28,37,0,153,5,0,5,158
08/30/2002,RSW,FL,ASO,ES,Towers with Radar,88,32,29,5,154,0,1,10,0,11,88,33,39,5,165,4,1,5,170
08/31/2002,RSW,FL,ASO,ES,Towers with Radar,70,22,18,0,110,3,0,4,0,7,73,22,22,0,117,0,0,0,117
09/01/2002,RSW,FL,ASO,ES,Towers with Radar,67,24,16,1,108,1,4,0,2,7,68,28,16,3,115,9,21,30,145
09/02/2002,RSW,FL,ASO,ES,Towers with Radar,80,29,18,0,127,0,0,5,0,5,80,29,23,0,132,3,0,3,135
09/03/2002,RSW,FL,ASO,ES,Towers with Radar,80,24,20,0,124,0,0,5,0,5,80,24,25,0,129,5,0,5,134
09/04/2002,RSW,FL,ASO,ES,Towers with Radar,89,25,14,0,128,0,0,10,0,10,89,25,24,0,138,7,0,7,145
09/05/2002,RSW,FL,ASO,ES,Towers with Radar,82,31,23,2,138,2,4,1,2,9,84,35,24,4,147,6,10,16,163
09/06/2002,RSW,FL,ASO,ES,Towers with Radar,87,30,30,0,147,0,1,12,0,13,87,31,42,0,160,5,0,5,165
09/07/2002,RSW,FL,ASO,ES,Towers with Radar,82,27,25,1,135,0,0,17,1,18,82,27,42,2,153,3,4,7,160
09/08/2002,RSW,FL,ASO,ES,Towers with Radar,73,31,23,0,127,0,1,15,0,16,73,32,38,0,143,12,0,12,155
09/09/2002,RSW,FL,ASO,ES,Towers with Radar,83,27,10,5,125,0,0,10,2,12,83,27,20,7,137,1,32,33,170
09/10/2002,RSW,FL,ASO,ES,Towers with Radar,74,20,10,0,104,0,0,15,0,15,74,20,25,0,119,1,0,1,120
09/11/2002,RSW,FL,ASO,ES,Towers with Radar,68,23,23,0,114,0,0,11,0,11,68,23,34,0,125,4,0,4,129
09/12/2002,RSW,FL,ASO,ES,Towers with Radar,76,30,26,8,140,0,0,8,0,8,76,30,34,8,148,0,9,9,157
09/13/2002,RSW,FL,ASO,ES,Towers with Radar,80,30,23,0,133,0,7,4,0,11,80,37,27,0,144,5,0,5,149
09/14/2002,RSW,FL,ASO,ES,Towers with Radar,82,27,24,0,133,0,0,8,0,8,82,27,32,0,141,5,0,5,146
09/15/2002,RSW,FL,ASO,ES,Towers with Radar,74,30,24,0,128,0,1,7,0,8,74,31,31,0,136,4,0,4,140
09/16/2002,RSW,FL,ASO,ES,Towers with Radar,82,28,25,2,137,0,0,29,2,31,82,28,54,4,168,5,2,7,175
09/17/2002,RSW,FL,ASO,ES,Towers with Radar,77,27,24,0,128,0,0,19,0,19,77,27,43,0,147,3,0,3,150
09/18/2002,RSW,FL,ASO,ES,Towers with Radar,80,29,33,4,146,0,0,12,0,12,80,29,45,4,158,8,14,22,180
09/19/2002,RSW,FL,ASO,ES,Towers with Radar,77,27,48,0,152,0,0,21,0,21,77,27,69,0,173,1,0,1,174
09/20/2002,RSW,FL,ASO,ES,Towers with Radar,80,31,30,11,152,0,0,13,0,13,80,31,43,11,165,19,9,28,193
09/21/2002,RSW,FL,ASO,ES,Towers with Radar,80,29,18,5,132,0,9,1,0,10,80,38,19,5,142,3,3,6,148
09/22/2002,RSW,FL,ASO,ES,Towers with Radar,73,31,19,0,123,0,2,10,0,12,73,33,29,0,135,2,0,2,137
09/23/2002,RSW,FL,ASO,ES,Towers with Radar,84,23,22,0,129,0,0,15,0,15,84,23,37,0,144,12,0,12,156
09/24/2002,RSW,FL,ASO,ES,Towers with Radar,76,26,34,0,136,0,1,16,0,17,76,27,50,0,153,8,0,8,161
09/25/2002,RSW,FL,ASO,ES,Towers with Radar,81,32,20,6,139,0,0,10,1,11,81,32,30,7,150,27,1,28,178
09/26/2002,RSW,FL,ASO,ES,Towers with Radar,79,31,24,5,139,0,0,5,1,6,79,31,29,6,145,16,8,24,169
09/27/2002,RSW,FL,ASO,ES,Towers with Radar,79,37,21,7,144,0,0,19,0,19,79,37,40,7,163,4,10,14,177
09/28/2002,RSW,FL,ASO,ES,Towers with Radar,61,22,18,0,101,11,3,9,0,23,72,25,27,0,124,1,0,1,125
09/29/2002,RSW,FL,ASO,ES,Towers with Radar,77,27,17,0,121,0,1,7,0,8,77,28,24,0,129,0,18,18,147
09/30/2002,RSW,FL,ASO,ES,Towers with Radar,86,26,14,4,130,0,0,10,1,11,86,26,24,5,141,20,8,28,169
10/01/2002,RSW,FL,ASO,ES,Towers with Radar,87,23,17,0,127,2,0,12,0,14,89,23,29,0,141,0,0,0,141
10/02/2002,RSW,FL,ASO,ES,Towers with Radar,94,35,19,4,152,2,0,8,0,10,96,35,27,4,162,5,9,14,176
10/03/2002,RSW,FL,ASO,ES,Towers with Radar,86,33,17,2,138,2,1,19,0,22,88,34,36,2,160,8,41,49,209
10/04/2002,RSW,FL,ASO,ES,Towers with Radar,85,31,25,0,141,0,2,25,0,27,85,33,50,0,168,27,0,27,195
10/05/2002,RSW,FL,ASO,ES,Towers with Radar,83,33,14,8,138,2,0,3,0,5,85,33,17,8,143,2,5,7,150
10/06/2002,RSW,FL,ASO,ES,Towers with Radar,76,27,22,0,125,7,2,2,0,11,83,29,24,0,136,0,0,0,136
10/07/2002,RSW,FL,ASO,ES,Towers with Radar,79,24,17,14,134,2,1,19,0,22,81,25,36,14,156,0,17,17,173
10/08/2002,RSW,FL,ASO,ES,Towers with Radar,76,33,19,2,130,2,1,21,0,24,78,34,40,2,154,2,0,2,156
10/09/2002,RSW,FL,ASO,ES,Towers with Radar,87,22,47,9,165,2,1,19,1,23,89,23,66,10,188,10,60,70,258
10/10/2002,RSW,FL,ASO,ES,Towers with Radar,84,32,27,0,143,0,3,26,0,29,84,35,53,0,172,21,0,21,193
10/11/2002,RSW,FL,ASO,ES,Towers with Radar,80,32,26,0,138,1,0,12,0,13,81,32,38,0,151,16,0,16,167
10/12/2002,RSW,FL,ASO,ES,Towers with Radar,93,22,25,0,140,1,2,12,0,15,94,24,37,0,155,10,0,10,165
10/13/2002,RSW,FL,ASO,ES,Towers with Radar,76,29,20,0,125,1,1,2,0,4,77,30,22,0,129,1,0,1,130
10/14/2002,RSW,FL,ASO,ES,Towers with Radar,80,29,15,0,124,1,0,1,0,2,81,29,16,0,126,4,0,4,130
10/15/2002,RSW,FL,ASO,ES,Towers with Radar,78,30,23,0,131,1,0,1,0,2,79,30,24,0,133,0,0,0,133
10/16/2002,RSW,FL,ASO,ES,Towers with Radar,81,25,16,0,122,1,2,15,0,18,82,27,31,0,140,0,0,0,140
10/17/2002,RSW,FL,ASO,ES,Towers with Radar,82,31,22,9,144,1,2,13,0,16,83,33,35,9,160,12,5,17,177
10/18/2002,RSW,FL,ASO,ES,Towers with Radar,82,35,27,7,151,0,7,6,29,42,82,42,33,36,193,19,0,19,212
10/19/2002,RSW,FL,ASO,ES,Towers with Radar,100,21,24,0,145,1,1,6,0,8,101,22,30,0,153,1,1,2,155
10/20/2002,RSW,FL,ASO,ES,Towers with Radar,84,28,10,6,128,1,4,10,0,15,85,32,20,6,143,0,7,7,150
10/21/2002,RSW,FL,ASO,ES,Towers with Radar,84,32,29,13,158,1,0,13,0,14,85,32,42,13,172,3,10,13,185
10/22/2002,RSW,FL,ASO,ES,Towers with Radar,90,33,29,10,162,1,0,8,0,9,91,33,37,10,171,3,54,57,228
10/23/2002,RSW,FL,ASO,ES,Towers with Radar,88,34,44,16,182,1,1,18,1,21,89,35,62,17,203,8,27,35,238
10/24/2002,RSW,FL,ASO,ES,Towers with Radar,85,37,29,7,158,0,4,21,9,34,85,41,50,16,192,19,21,40,232
10/25/2002,RSW,FL,ASO,ES,Towers with Radar,81,41,34,9,165,1,1,17,0,19,82,42,51,9,184,13,22,35,219
10/26/2002,RSW,FL,ASO,ES,Towers with Radar,102,26,17,1,146,1,1,9,0,11,103,27,26,1,157,1,0,1,158
10/27/2002,RSW,FL,ASO,ES,Towers with Radar,97,29,24,0,150,1,2,19,0,22,98,31,43,0,172,1,0,1,173
10/28/2002,RSW,FL,ASO,ES,Towers with Radar,88,25,23,2,138,5,0,19,0,24,93,25,42,2,162,0,0,0,162
10/29/2002,RSW,FL,ASO,ES,Towers with Radar,94,29,23,2,148,1,0,14,1,16,95,29,37,3,164,2,24,26,190
10/30/2002,RSW,FL,ASO,ES,Towers with Radar,93,32,26,7,158,7,0,17,3,27,100,32,43,10,185,5,12,17,202
10/31/2002,RSW,FL,ASO,ES,Towers with Radar,97,36,20,0,153,1,2,19,0,22,98,38,39,0,175,12,0,12,187
11/01/2002,RSW,FL,ASO,ES,Towers with Radar,103,39,17,1,160,1,2,11,1,15,104,41,28,2,175,0,0,0,175
11/02/2002,RSW,FL,ASO,ES,Towers with Radar,111,27,13,0,151,1,3,20,0,24,112,30,33,0,175,2,0,2,177
11/03/2002,RSW,FL,ASO,ES,Towers with Radar,102,35,15,0,152,1,5,12,0,18,103,40,27,0,170,1,0,1,171
11/04/2002,RSW,FL,ASO,ES,Towers with Radar,105,31,36,0,172,1,0,16,1,18,106,31,52,1,190,2,0,2,192
11/05/2002,RSW,FL,ASO,ES,Towers with Radar,102,34,25,0,161,1,0,21,0,22,103,34,46,0,183,6,0,6,189
11/06/2002,RSW,FL,ASO,ES,Towers with Radar,105,31,21,13,170,1,0,4,1,6,106,31,25,14,176,2,17,19,195
11/07/2002,RSW,FL,ASO,ES,Towers with Radar,109,37,23,2,171,1,0,23,1,25,110,37,46,3,196,3,10,13,209
11/08/2002,RSW,FL,ASO,ES,Towers with Radar,102,38,32,2,174,0,0,6,0,6,102,38,38,2,180,15,0,15,195
11/09/2002,RSW,FL,ASO,ES,Towers with Radar,111,27,26,1,165,1,2,18,1,22,112,29,44,2,187,11,16,27,214
11/10/2002,RSW,FL,ASO,ES,Towers with Radar,99,36,29,2,166,0,7,14,2,23,99,43,43,4,189,3,0,3,192
11/11/2002,RSW,FL,ASO,ES,Towers with Radar,100,31,26,0,157,9,0,26,0,35,109,31,52,0,192,3,0,3,195
11/12/2002,RSW,FL,ASO,ES,Towers with Radar,105,34,29,3,171,1,0,13,0,14,106,34,42,3,185,11,0,11,196
11/13/2002,RSW,FL,ASO,ES,Towers with Radar,112,42,33,1,188,0,0,16,0,16,112,42,49,1,204,11,7,18,222
11/14/2002,RSW,FL,ASO,ES,Towers with Radar,104,41,31,0,176,0,1,24,0,25,104,42,55,0,201,14,4,18,219
11/15/2002,RSW,FL,ASO,ES,Towers with Radar,104,45,32,12,193,0,3,11,1,15,104,48,43,13,208,2,18,20,228
11/16/2002,RSW,FL,ASO,ES,Towers with Radar,120,22,21,0,163,0,0,1,0,1,120,22,22,0,164,4,0,4,168
11/17/2002,RSW,FL,ASO,ES,Towers with Radar,104,38,14,1,157,0,1,1,1,3,104,39,15,2,160,0,0,0,160
11/18/2002,RSW,FL,ASO,ES,Towers with Radar,108,28,38,3,177,0,0,14,0,14,108,28,52,3,191,6,14,20,211
11/19/2002,RSW,FL,ASO,ES,Towers with Radar,105,35,31,0,171,0,0,23,0,23,105,35,54,0,194,18,0,18,212
11/20/2002,RSW,FL,ASO,ES,Towers with Radar,105,38,31,9,183,0,0,22,0,22,105,38,53,9,205,2,16,18,223
11/21/2002,RSW,FL,ASO,ES,Towers with Radar,116,36,42,13,207,0,0,15,0,15,116,36,57,13,222,20,4,24,246
11/22/2002,RSW,FL,ASO,ES,Towers with Radar,117,46,35,10,208,0,2,12,0,14,117,48,47,10,222,1,3,4,226
11/23/2002,RSW,FL,ASO,ES,Towers with Radar,115,30,32,1,178,0,2,12,0,14,115,32,44,1,192,9,0,9,201
11/24/2002,RSW,FL,ASO,ES,Towers with Radar,109,41,43,0,193,0,3,13,0,16,109,44,56,0,209,9,0,9,218
11/25/2002,RSW,FL,ASO,ES,Towers with Radar,112,39,24,0,175,0,3,14,0,17,112,42,38,0,192,5,0,5,197
11/26/2002,RSW,FL,ASO,ES,Towers with Radar,109,33,50,8,200,0,0,27,1,28,109,33,77,9,228,18,5,23,251
11/27/2002,RSW,FL,ASO,ES,Towers with Radar,118,35,42,10,205,0,1,22,0,23,118,36,64,10,228,11,20,31,259
11/28/2002,RSW,FL,ASO,ES,Towers with Radar,100,30,7,0,137,0,0,11,0,11,100,30,18,0,148,1,0,1,149
11/29/2002,RSW,FL,ASO,ES,Towers with Radar,114,21,21,0,156,0,3,12,0,15,114,24,33,0,171,3,0,3,174
11/30/2002,RSW,FL,ASO,ES,Towers with Radar,108,35,27,0,170,14,9,0,0,23,122,44,27,0,193,2,0,2,195
12/01/2002,RSW,FL,ASO,ES,Towers with Radar,116,68,42,0,226,0,0,4,0,4,116,68,46,0,230,0,0,0,230
12/02/2002,RSW,FL,ASO,ES,Towers with Radar,116,38,43,6,203,0,0,17,0,17,116,38,60,6,220,4,3,7,227
12/03/2002,RSW,FL,ASO,ES,Towers with Radar,107,34,26,3,170,0,10,36,5,51,107,44,62,8,221,3,12,15,236
12/04/2002,RSW,FL,ASO,ES,Towers with Radar,102,34,25,11,172,0,0,14,0,14,102,34,39,11,186,5,24,29,215
12/05/2002,RSW,FL,ASO,ES,Towers with Radar,112,34,30,7,183,0,0,10,0,10,112,34,40,7,193,0,15,15,208
12/06/2002,RSW,FL,ASO,ES,Towers with Radar,117,33,32,4,186,0,0,5,0,5,117,33,37,4,191,4,1,5,196
12/07/2002,RSW,FL,ASO,ES,Towers with Radar,111,29,22,2,164,3,0,8,0,11,114,29,30,2,175,1,8,9,184
12/08/2002,RSW,FL,ASO,ES,Towers with Radar,110,35,25,7,177,0,0,8,0,8,110,35,33,7,185,9,3,12,197
12/09/2002,RSW,FL,ASO,ES,Towers with Radar,106,32,27,3,168,0,0,7,3,10,106,32,34,6,178,5,2,7,185
12/10/2002,RSW,FL,ASO,ES,Towers with Radar,106,33,37,6,182,0,0,14,0,14,106,33,51,6,196,6,0,6,202
12/11/2002,RSW,FL,ASO,ES,Towers with Radar,107,33,28,3,171,0,0,20,0,20,107,33,48,3,191,3,12,15,206
12/12/2002,RSW,FL,ASO,ES,Towers with Radar,117,39,27,0,183,0,0,6,2,8,117,39,33,2,191,0,0,0,191
12/13/2002,RSW,FL,ASO,ES,Towers with Radar,120,31,8,2,161,0,0,1,0,1,120,31,9,2,162,0,0,0,162
12/14/2002,RSW,FL,ASO,ES,Towers with Radar,107,25,23,3,158,17,0,6,2,25,124,25,29,5,183,1,3,4,187
12/15/2002,RSW,FL,ASO,ES,Towers with Radar,116,35,18,2,171,0,4,16,0,20,116,39,34,2,191,5,6,11,202
12/16/2002,RSW,FL,ASO,ES,Towers with Radar,121,32,19,5,177,0,2,23,1,26,121,34,42,6,203,2,15,17,220
12/17/2002,RSW,FL,ASO,ES,Towers with Radar,121,32,26,6,185,0,0,20,1,21,121,32,46,7,206,4,20,24,230
12/18/2002,RSW,FL,ASO,ES,Towers with Radar,138,31,27,3,199,0,0,22,1,23,138,31,49,4,222,5,2,7,229
12/19/2002,RSW,FL,ASO,ES,Towers with Radar,149,38,51,5,243,0,1,19,1,21,149,39,70,6,264,16,3,19,283
12/20/2002,RSW,FL,ASO,ES,Towers with Radar,158,28,24,0,210,0,1,9,0,10,158,29,33,0,220,1,10,11,231
12/21/2002,RSW,FL,ASO,ES,Towers with Radar,119,31,25,0,175,43,0,21,0,64,162,31,46,0,239,0,0,0,239
12/22/2002,RSW,FL,ASO,ES,Towers with Radar,145,31,18,2,196,0,0,15,1,16,145,31,33,3,212,4,1,5,217
12/23/2002,RSW,FL,ASO,ES,Towers with Radar,151,36,23,14,224,0,0,26,0,26,151,36,49,14,250,8,16,24,274
12/24/2002,RSW,FL,ASO,ES,Towers with Radar,91,24,10,0,125,51,7,0,0,58,142,31,10,0,183,0,0,0,183
12/25/2002,RSW,FL,ASO,ES,Towers with Radar,130,35,4,0,169,0,0,0,0,0,130,35,4,0,169,0,0,0,169
12/26/2002,RSW,FL,ASO,ES,Towers with Radar,149,52,42,3,246,0,1,15,2,18,149,53,57,5,264,4,20,24,288
12/27/2002,RSW,FL,ASO,ES,Towers with Radar,168,37,47,8,260,0,2,31,1,34,168,39,78,9,294,2,5,7,301
12/28/2002,RSW,FL,ASO,ES,Towers with Radar,162,28,36,0,226,0,0,13,0,13,162,28,49,0,239,2,0,2,241
12/29/2002,RSW,FL,ASO,ES,Towers with Radar,146,31,32,0,209,0,3,17,0,20,146,34,49,0,229,7,0,7,236
12/30/2002,RSW,FL,ASO,ES,Towers with Radar,151,37,44,6,238,0,4,21,0,25,151,41,65,6,263,1,13,14,277
12/31/2002,RSW,FL,ASO,ES,Towers with Radar,142,40,19,1,202,0,0,9,0,9,142,40,28,1,211,0,0,0,211
01/01/2003,RSW,FL,ASO,ES,Towers with Radar,131,47,11,2,191,1,2,3,1,7,132,49,14,3,198,0,0,0,198
01/02/2003,RSW,FL,ASO,ES,Towers with Radar,158,33,37,0,228,1,2,20,0,23,159,35,57,0,251,4,0,4,255
01/03/2003,RSW,FL,ASO,ES,Towers with Radar,165,38,47,8,258,1,1,5,1,8,166,39,52,9,266,8,6,14,280
01/04/2003,RSW,FL,ASO,ES,Towers with Radar,159,37,46,2,244,1,2,19,0,22,160,39,65,2,266,8,0,8,274
01/05/2003,RSW,FL,ASO,ES,Towers with Radar,148,45,31,0,224,1,3,8,0,12,149,48,39,0,236,2,0,2,238
01/06/2003,RSW,FL,ASO,ES,Towers with Radar,147,27,34,21,229,1,4,19,2,26,148,31,53,23,255,42,6,48,303
01/07/2003,RSW,FL,ASO,ES,Towers with Radar,131,30,31,0,192,11,3,23,0,37,142,33,54,0,229,4,0,4,233
01/08/2003,RSW,FL,ASO,ES,Towers with Radar,139,39,48,1,227,1,8,12,2,23,140,47,60,3,250,7,1,8,258
01/09/2003,RSW,FL,ASO,ES,Towers with Radar,146,39,23,3,211,1,0,13,1,15,147,39,36,4,226,19,19,38,264
01/10/2003,RSW,FL,ASO,ES,Towers with Radar,144,31,34,2,211,5,0,5,0,10,149,31,39,2,221,2,0,2,223
01/11/2003,RSW,FL,ASO,ES,Towers with Radar,147,27,27,0,201,1,0,1,0,2,148,27,28,0,203,2,0,2,205
01/12/2003,RSW,FL,ASO,ES,Towers with Radar,131,35,24,1,191,1,2,12,1,16,132,37,36,2,207,8,0,8,215
01/13/2003,RSW,FL,ASO,ES,Towers with Radar,131,31,31,2,195,1,6,5,0,12,132,37,36,2,207,8,0,8,215
01/14/2003,RSW,FL,ASO,ES,Towers with Radar,137,32,33,2,204,0,0,47,2,49,137,32,80,4,253,30,2,32,285
01/15/2003,RSW,FL,ASO,ES,Towers with Radar,135,36,45,2,218,1,1,20,1,23,136,37,65,3,241,6,5,11,252
01/16/2003,RSW,FL,ASO,ES,Towers with Radar,146,39,17,1,203,1,0,10,6,17,147,39,27,7,220,0,6,6,226
01/17/2003,RSW,FL,ASO,ES,Towers with Radar,144,23,28,0,195,1,8,6,0,15,145,31,34,0,210,0,0,0,210
01/18/2003,RSW,FL,ASO,ES,Towers with Radar,146,21,26,4,197,1,8,6,0,15,147,29,32,4,212,3,0,3,215
01/19/2003,RSW,FL,ASO,ES,Towers with Radar,129,32,24,1,186,0,5,4,1,10,129,37,28,2,196,1,0,1,197
01/20/2003,RSW,FL,ASO,ES,Towers with Radar,141,25,15,1,182,0,6,5,0,11,141,31,20,1,193,7,0,7,200
01/21/2003,RSW,FL,ASO,ES,Towers with Radar,134,31,35,11,211,0,1,17,1,19,134,32,52,12,230,3,11,14,244
01/22/2003,RSW,FL,ASO,ES,Towers with Radar,139,27,35,0,201,0,0,8,0,8,139,27,43,0,209,4,0,4,213
01/23/2003,RSW,FL,ASO,ES,Towers with Radar,144,34,34,3,215,0,13,5,2,20,144,47,39,5,235,22,4,26,261
01/24/2003,RSW,FL,ASO,ES,Towers with Radar,148,34,34,3,219,2,5,25,1,33,150,39,59,4,252,2,2,4,256
01/25/2003,RSW,FL,ASO,ES,Towers with Radar,149,34,20,2,205,0,11,12,1,24,149,45,32,3,229,4,0,4,233
01/26/2003,RSW,FL,ASO,ES,Towers with Radar,134,28,32,1,195,0,6,3,2,11,134,34,35,3,206,1,5,6,212
01/27/2003,RSW,FL,ASO,ES,Towers with Radar,145,38,47,5,235,0,2,38,0,40,145,40,85,5,275,17,10,27,302
01/28/2003,RSW,FL,ASO,ES,Towers with Radar,141,41,25,10,217,0,4,13,0,17,141,45,38,10,234,15,0,15,249
01/29/2003,RSW,FL,ASO,ES,Towers with Radar,138,31,55,4,228,0,6,24,1,31,138,37,79,5,259,10,4,14,273
01/30/2003,RSW,FL,ASO,ES,Towers with Radar,151,31,49,2,233,0,10,22,0,32,151,41,71,2,265,9,0,9,274
01/31/2003,RSW,FL,ASO,ES,Towers with Radar,152,31,39,0,222,0,0,14,0,14,152,31,53,0,236,9,1,10,246
02/01/2003,RSW,FL,ASO,ES,Towers with Radar,148,30,20,0,198,1,2,23,0,26,149,32,43,0,224,17,0,17,241
02/02/2003,RSW,FL,ASO,ES,Towers with Radar,131,29,33,0,193,1,4,12,0,17,132,33,45,0,210,14,0,14,224
02/03/2003,RSW,FL,ASO,ES,Towers with Radar,140,35,20,2,197,1,5,14,2,22,141,40,34,4,219,10,0,10,229
02/04/2003,RSW,FL,ASO,ES,Towers with Radar,151,36,28,12,227,0,5,17,1,23,151,41,45,13,250,20,9,29,279
02/05/2003,RSW,FL,ASO,ES,Towers with Radar,140,37,46,1,224,0,7,21,1,29,140,44,67,2,253,15,0,15,268
02/06/2003,RSW,FL,ASO,ES,Towers with Radar,160,42,60,8,270,0,5,37,6,48,160,47,97,14,318,16,4,20,338
02/07/2003,RSW,FL,ASO,ES,Towers with Radar,164,39,51,2,256,0,0,10,0,10,164,39,61,2,266,0,2,2,268
02/08/2003,RSW,FL,ASO,ES,Towers with Radar,160,40,50,3,253,0,0,89,1,90,160,40,139,4,343,8,1,9,352
02/09/2003,RSW,FL,ASO,ES,Towers with Radar,148,38,100,0,286,0,7,37,0,44,148,45,137,0,330,6,0,6,336
02/10/2003,RSW,FL,ASO,ES,Towers with Radar,153,33,53,14,253,0,4,1,0,5,153,37,54,14,258,1,7,8,266
02/11/2003,RSW,FL,ASO,ES,Towers with Radar,159,28,57,3,247,0,8,29,0,37,159,36,86,3,284,5,2,7,291
02/12/2003,RSW,FL,ASO,ES,Towers with Radar,164,35,48,0,247,0,0,39,0,39,164,35,87,0,286,13,0,13,299
02/13/2003,RSW,FL,ASO,ES,Towers with Radar,182,45,54,0,281,0,0,13,0,13,182,45,67,0,294,9,0,9,303
02/14/2003,RSW,FL,ASO,ES,Towers with Radar,187,42,53,0,282,0,11,14,0,25,187,53,67,0,307,12,0,12,319
02/15/2003,RSW,FL,ASO,ES,Towers with Radar,141,31,38,2,212,46,4,14,0,64,187,35,52,2,276,3,22,25,301
02/16/2003,RSW,FL,ASO,ES,Towers with Radar,144,33,41,0,218,0,13,12,0,25,144,46,53,0,243,5,4,9,252
02/17/2003,RSW,FL,ASO,ES,Towers with Radar,130,56,33,2,221,0,5,15,0,20,130,61,48,2,241,0,0,0,241
02/18/2003,RSW,FL,ASO,ES,Towers with Radar,159,43,46,0,248,0,7,16,0,23,159,50,62,0,271,4,6,10,281
02/19/2003,RSW,FL,ASO,ES,Towers with Radar,175,39,47,2,263,1,1,32,2,36,176,40,79,4,299,3,7,10,309
02/20/2003,RSW,FL,ASO,ES,Towers with Radar,162,27,34,2,225,27,0,0,4,31,189,27,34,6,256,0,2,2,258
02/21/2003,RSW,FL,ASO,ES,Towers with Radar,182,38,36,2,258,0,6,13,0,19,182,44,49,2,277,6,3,9,286
02/22/2003,RSW,FL,ASO,ES,Towers with Radar,173,32,33,2,240,0,4,9,0,13,173,36,42,2,253,7,0,7,260
02/23/2003,RSW,FL,ASO,ES,Towers with Radar,155,40,34,4,233,0,7,17,1,25,155,47,51,5,258,1,4,5,263
02/24/2003,RSW,FL,ASO,ES,Towers with Radar,161,37,36,3,237,0,12,24,1,37,161,49,60,4,274,2,2,4,278
02/25/2003,RSW,FL,ASO,ES,Towers with Radar,138,31,37,0,206,22,9,10,0,41,160,40,47,0,247,6,0,6,253
02/26/2003,RSW,FL,ASO,ES,Towers with Radar,176,38,27,0,241,0,3,13,0,16,176,41,40,0,257,4,0,4,261
02/27/2003,RSW,FL,ASO,ES,Towers with Radar,173,33,39,1,246,12,0,0,1,13,185,33,39,2,259,0,0,0,259
02/28/2003,RSW,FL,ASO,ES,Towers with Radar,179,41,47,0,267,3,6,0,0,9,182,47,47,0,276,1,0,1,277
03/01/2003,RSW,FL,ASO,ES,Towers with Radar,179,44,23,0,246,1,2,3,0,6,180,46,26,0,252,3,0,3,255
03/02/2003,RSW,FL,ASO,ES,Towers with Radar,165,51,25,0,241,1,0,5,0,6,166,51,30,0,247,1,0,1,248
03/03/2003,RSW,FL,ASO,ES,Towers with Radar,169,36,35,3,243,1,5,18,0,24,170,41,53,3,267,6,9,15,282
03/04/2003,RSW,FL,ASO,ES,Towers with Radar,170,36,29,2,237,1,3,12,0,16,171,39,41,2,253,0,0,0,253
03/05/2003,RSW,FL,ASO,ES,Towers with Radar,176,31,52,0,259,1,5,11,0,17,177,36,63,0,276,0,0,0,276
03/06/2003,RSW,FL,ASO,ES,Towers with Radar,180,31,28,5,244,1,4,13,0,18,181,35,41,5,262,0,2,2,264
03/07/2003,RSW,FL,ASO,ES,Towers with Radar,192,31,23,9,255,1,8,9,0,18,193,39,32,9,273,1,12,13,286
03/08/2003,RSW,FL,ASO,ES,Towers with Radar,185,40,53,12,290,1,4,6,0,11,186,44,59,12,301,15,7,22,323
03/09/2003,RSW,FL,ASO,ES,Towers with Radar,158,45,39,0,242,1,6,5,0,12,159,51,44,0,254,6,0,6,260
03/10/2003,RSW,FL,ASO,ES,Towers with Radar,171,36,32,0,239,1,2,5,0,8,172,38,37,0,247,0,0,0,247
03/11/2003,RSW,FL,ASO,ES,Towers with Radar,175,32,23,0,230,1,5,20,0,26,176,37,43,0,256,2,0,2,258
03/12/2003,RSW,FL,ASO,ES,Towers with Radar,177,31,40,0,248,1,8,21,0,30,178,39,61,0,278,1,0,1,279
03/13/2003,RSW,FL,ASO,ES,Towers with Radar,189,24,52,2,267,1,5,8,0,14,190,29,60,2,281,2,0,2,283
03/14/2003,RSW,FL,ASO,ES,Towers with Radar,187,35,52,0,274,0,11,18,0,29,187,46,70,0,303,3,0,3,306
03/15/2003,RSW,FL,ASO,ES,Towers with Radar,193,47,43,2,285,0,4,4,1,9,193,51,47,3,294,6,1,7,301
03/16/2003,RSW,FL,ASO,ES,Towers with Radar,175,42,45,0,262,0,7,10,2,19,175,49,55,2,281,1,0,1,282
03/17/2003,RSW,FL,ASO,ES,Towers with Radar,186,39,23,3,251,0,3,3,1,7,186,42,26,4,258,19,0,19,277
03/18/2003,RSW,FL,ASO,ES,Towers with Radar,174,43,26,4,247,0,1,24,0,25,174,44,50,4,272,0,0,0,272
03/19/2003,RSW,FL,ASO,ES,Towers with Radar,178,25,32,0,235,0,3,8,0,11,178,28,40,0,246,10,0,10,256
03/20/2003,RSW,FL,ASO,ES,Towers with Radar,184,36,40,4,264,0,3,9,0,12,184,39,49,4,276,0,9,9,285
03/21/2003,RSW,FL,ASO,ES,Towers with Radar,187,41,54,1,283,0,3,19,4,26,187,44,73,5,309,1,2,3,312
03/22/2003,RSW,FL,ASO,ES,Towers with Radar,186,48,40,0,274,0,3,10,3,16,186,51,50,3,290,3,0,3,293
03/23/2003,RSW,FL,ASO,ES,Towers with Radar,168,55,38,2,263,0,1,4,3,8,168,56,42,5,271,2,2,4,275
03/24/2003,RSW,FL,ASO,ES,Towers with Radar,176,40,40,0,256,0,3,43,0,46,176,43,83,0,302,11,0,11,313
03/25/2003,RSW,FL,ASO,ES,Towers with Radar,186,36,33,5,260,0,3,23,0,26,186,39,56,5,286,3,6,9,295
03/26/2003,RSW,FL,ASO,ES,Towers with Radar,179,31,51,0,261,0,3,19,0,22,179,34,70,0,283,13,0,13,296
03/27/2003,RSW,FL,ASO,ES,Towers with Radar,210,35,45,6,296,0,3,3,0,6,210,38,48,6,302,1,6,7,309
03/28/2003,RSW,FL,ASO,ES,Towers with Radar,194,43,47,9,293,0,3,11,0,14,194,46,58,9,307,15,3,18,325
03/29/2003,RSW,FL,ASO,ES,Towers with Radar,189,32,33,2,256,0,6,9,0,15,189,38,42,2,271,27,4,31,302
03/30/2003,RSW,FL,ASO,ES,Towers with Radar,167,50,36,0,253,0,0,1,0,1,167,50,37,0,254,0,0,0,254
03/31/2003,RSW,FL,ASO,ES,Towers with Radar,176,31,35,0,242,0,2,16,0,18,176,33,51,0,260,0,0,0,260
04/01/2003,RSW,FL,ASO,ES,Towers with Radar,190,29,40,0,259,0,2,22,0,24,190,31,62,0,283,4,0,4,287
04/02/2003,RSW,FL,ASO,ES,Towers with Radar,179,31,34,0,244,0,4,19,0,23,179,35,53,0,267,8,0,8,275
04/03/2003,RSW,FL,ASO,ES,Towers with Radar,188,28,31,0,247,0,3,9,0,12,188,31,40,0,259,1,0,1,260
04/04/2003,RSW,FL,ASO,ES,Towers with Radar,180,26,33,3,242,0,6,22,0,28,180,32,55,3,270,2,17,19,289
04/05/2003,RSW,FL,ASO,ES,Towers with Radar,189,28,48,0,265,0,2,17,0,19,189,30,65,0,284,2,0,2,286
04/06/2003,RSW,FL,ASO,ES,Towers with Radar,161,35,33,0,229,0,9,6,2,17,161,44,39,2,246,17,0,17,263
04/07/2003,RSW,FL,ASO,ES,Towers with Radar,164,28,21,6,219,0,2,19,0,21,164,30,40,6,240,0,0,0,240
04/08/2003,RSW,FL,ASO,ES,Towers with Radar,174,23,20,0,217,0,6,15,0,21,174,29,35,0,238,0,2,2,240
04/09/2003,RSW,FL,ASO,ES,Towers with Radar,169,25,19,0,213,0,2,6,0,8,169,27,25,0,221,0,0,0,221
04/10/2003,RSW,FL,ASO,ES,Towers with Radar,177,33,30,16,256,0,5,12,0,17,177,38,42,16,273,6,13,19,292
04/11/2003,RSW,FL,ASO,ES,Towers with Radar,177,34,37,2,250,0,6,15,0,21,177,40,52,2,271,3,0,3,274
04/12/2003,RSW,FL,ASO,ES,Towers with Radar,186,28,33,0,247,0,4,19,0,23,186,32,52,0,270,5,0,5,275
04/13/2003,RSW,FL,ASO,ES,Towers with Radar,161,29,37,2,229,0,5,11,0,16,161,34,48,2,245,2,0,2,247
04/14/2003,RSW,FL,ASO,ES,Towers with Radar,168,32,21,0,221,0,6,12,0,18,168,38,33,0,239,2,0,2,241
04/15/2003,RSW,FL,ASO,ES,Towers with Radar,178,28,26,0,232,0,3,9,0,12,178,31,35,0,244,1,0,1,245
04/16/2003,RSW,FL,ASO,ES,Towers with Radar,175,32,31,1,239,0,3,16,1,20,175,35,47,2,259,1,0,1,260
04/17/2003,RSW,FL,ASO,ES,Towers with Radar,181,35,40,8,264,0,0,25,0,25,181,35,65,8,289,10,17,27,316
04/18/2003,RSW,FL,ASO,ES,Towers with Radar,176,35,24,2,237,0,5,20,1,26,176,40,44,3,263,1,8,9,272
04/19/2003,RSW,FL,ASO,ES,Towers with Radar,182,33,21,0,236,0,2,17,0,19,182,35,38,0,255,0,0,0,255
04/20/2003,RSW,FL,ASO,ES,Towers with Radar,163,29,24,0,216,0,7,18,0,25,163,36,42,0,241,5,2,7,248
04/21/2003,RSW,FL,ASO,ES,Towers with Radar,172,32,34,1,239,0,1,18,2,21,172,33,52,3,260,4,15,19,279
04/22/2003,RSW,FL,ASO,ES,Towers with Radar,172,35,28,3,238,0,2,9,3,14,172,37,37,6,252,1,20,21,273
04/23/2003,RSW,FL,ASO,ES,Towers with Radar,172,29,49,0,250,0,2,26,0,28,172,31,75,0,278,9,0,9,287
04/24/2003,RSW,FL,ASO,ES,Towers with Radar,176,35,21,1,233,0,3,14,0,17,176,38,35,1,250,1,0,1,251
04/25/2003,RSW,FL,ASO,ES,Towers with Radar,177,30,16,5,228,0,0,8,0,8,177,30,24,5,236,7,1,8,244
04/26/2003,RSW,FL,ASO,ES,Towers with Radar,171,31,29,1,232,0,1,2,0,3,171,32,31,1,235,0,0,0,235
04/27/2003,RSW,FL,ASO,ES,Towers with Radar,165,55,26,1,247,0,2,10,0,12,165,57,36,1,259,13,0,13,272
04/28/2003,RSW,FL,ASO,ES,Towers with Radar,172,27,23,0,222,0,12,5,0,17,172,39,28,0,239,0,0,0,239
04/29/2003,RSW,FL,ASO,ES,Towers with Radar,168,31,26,6,231,0,1,16,0,17,168,32,42,6,248,6,0,6,254
04/30/2003,RSW,FL,ASO,ES,Towers with Radar,152,35,23,5,215,0,1,5,0,6,152,36,28,5,221,0,13,13,234
05/01/2003,RSW,FL,ASO,ES,Towers with Radar,136,32,26,0,194,0,2,21,1,24,136,34,47,1,218,3,0,3,221
05/02/2003,RSW,FL,ASO,ES,Towers with Radar,133,37,19,11,200,0,4,8,0,12,133,41,27,11,212,2,10,12,224
05/03/2003,RSW,FL,ASO,ES,Towers with Radar,134,48,22,4,208,0,2,14,0,16,134,50,36,4,224,8,6,14,238
05/04/2003,RSW,FL,ASO,ES,Towers with Radar,119,32,20,4,175,0,10,14,0,24,119,42,34,4,199,6,18,24,223
05/05/2003,RSW,FL,ASO,ES,Towers with Radar,123,24,32,3,182,0,5,18,0,23,123,29,50,3,205,20,2,22,227
05/06/2003,RSW,FL,ASO,ES,Towers with Radar,106,32,36,7,181,0,3,10,0,13,106,35,46,7,194,4,10,14,208
05/07/2003,RSW,FL,ASO,ES,Towers with Radar,111,29,14,7,161,0,0,19,0,19,111,29,33,7,180,0,5,5,185
05/08/2003,RSW,FL,ASO,ES,Towers with Radar,113,25,23,6,167,0,0,10,0,10,113,25,33,6,177,2,0,2,179
05/09/2003,RSW,FL,ASO,ES,Towers with Radar,110,27,19,3,159,3,9,0,1,13,113,36,19,4,172,0,1,1,173
05/10/2003,RSW,FL,ASO,ES,Towers with Radar,111,26,9,0,146,0,5,7,0,12,111,31,16,0,158,5,0,5,163
05/11/2003,RSW,FL,ASO,ES,Towers with Radar,85,21,15,0,121,20,7,0,0,27,105,28,15,0,148,0,0,0,148
05/12/2003,RSW,FL,ASO,ES,Towers with Radar,114,21,6,0,141,0,6,17,0,23,114,27,23,0,164,0,0,0,164
05/13/2003,RSW,FL,ASO,ES,Towers with Radar,116,24,22,2,164,0,2,14,2,18,116,26,36,4,182,4,0,4,186
05/14/2003,RSW,FL,ASO,ES,Towers with Radar,110,33,30,3,176,0,0,20,0,20,110,33,50,3,196,9,0,9,205
05/15/2003,RSW,FL,ASO,ES,Towers with Radar,114,23,22,9,168,0,0,23,1,24,114,23,45,10,192,4,8,12,204
05/16/2003,RSW,FL,ASO,ES,Towers with Radar,114,27,33,1,175,0,6,29,10,45,114,33,62,11,220,16,2,18,238
05/17/2003,RSW,FL,ASO,ES,Towers with Radar,106,26,13,2,147,0,6,18,7,31,106,32,31,9,178,2,3,5,183
05/18/2003,RSW,FL,ASO,ES,Towers with Radar,107,30,17,2,156,0,2,20,2,24,107,32,37,4,180,1,0,1,181
05/19/2003,RSW,FL,ASO,ES,Towers with Radar,113,20,29,7,169,0,1,13,4,18,113,21,42,11,187,9,0,9,196
05/20/2003,RSW,FL,ASO,ES,Towers with Radar,106,22,32,1,161,0,0,21,1,22,106,22,53,2,183,10,1,11,194
05/21/2003,RSW,FL,ASO,ES,Towers with Radar,109,21,22,0,152,0,1,2,1,4,109,22,24,1,156,2,0,2,158
05/22/2003,RSW,FL,ASO,ES,Towers with Radar,111,30,37,10,188,0,1,14,1,16,111,31,51,11,204,2,0,2,206
05/23/2003,RSW,FL,ASO,ES,Towers with Radar,112,31,26,0,169,0,2,3,0,5,112,33,29,0,174,2,0,2,176
05/24/2003,RSW,FL,ASO,ES,Towers with Radar,105,32,19,0,156,0,0,7,0,7,105,32,26,0,163,2,0,2,165
05/25/2003,RSW,FL,ASO,ES,Towers with Radar,99,29,25,0,153,0,0,3,0,3,99,29,28,0,156,0,0,0,156
05/26/2003,RSW,FL,ASO,ES,Towers with Radar,101,25,34,0,160,0,1,8,0,9,101,26,42,0,169,5,2,7,176
05/27/2003,RSW,FL,ASO,ES,Towers with Radar,121,27,30,11,189,0,0,6,1,7,121,27,36,12,196,12,9,21,217
05/28/2003,RSW,FL,ASO,ES,Towers with Radar,113,27,25,0,165,0,0,4,0,4,113,27,29,0,169,5,0,5,174
05/29/2003,RSW,FL,ASO,ES,Towers with Radar,111,24,31,0,166,0,1,7,0,8,111,25,38,0,174,3,0,3,177
05/30/2003,RSW,FL,ASO,ES,Towers with Radar,112,29,23,1,165,1,2,21,0,24,113,31,44,1,189,8,0,8,197
05/31/2003,RSW,FL,ASO,ES,Towers with Radar,105,30,26,0,161,0,2,16,0,18,105,32,42,0,179,9,0,9,188
06/01/2003,RSW,FL,ASO,ES,Towers with Radar,98,30,16,0,144,0,0,9,0,9,98,30,25,0,153,2,0,2,155
06/02/2003,RSW,FL,ASO,ES,Towers with Radar,102,16,21,3,142,0,0,18,0,18,102,16,39,3,160,6,15,21,181
06/03/2003,RSW,FL,ASO,ES,Towers with Radar,114,13,20,7,154,0,0,7,0,7,114,13,27,7,161,0,2,2,163
06/04/2003,RSW,FL,ASO,ES,Towers with Radar,101,16,32,0,149,0,0,8,0,8,101,16,40,0,157,6,0,6,163
06/05/2003,RSW,FL,ASO,ES,Towers with Radar,107,18,26,0,151,0,0,5,0,5,107,18,31,0,156,0,0,0,156
06/06/2003,RSW,FL,ASO,ES,Towers with Radar,108,23,10,0,141,0,1,5,0,6,108,24,15,0,147,2,0,2,149
06/07/2003,RSW,FL,ASO,ES,Towers with Radar,104,27,17,0,148,0,2,6,0,8,104,29,23,0,156,4,1,5,161
06/08/2003,RSW,FL,ASO,ES,Towers with Radar,96,23,23,2,144,0,1,11,0,12,96,24,34,2,156,3,2,5,161
06/09/2003,RSW,FL,ASO,ES,Towers with Radar,103,15,21,8,147,0,1,8,2,11,103,16,29,10,158,11,25,36,194
06/10/2003,RSW,FL,ASO,ES,Towers with Radar,109,16,31,0,156,0,0,9,0,9,109,16,40,0,165,12,0,12,177
06/11/2003,RSW,FL,ASO,ES,Towers with Radar,101,16,26,4,147,0,0,9,1,10,101,16,35,5,157,9,1,10,167
06/12/2003,RSW,FL,ASO,ES,Towers with Radar,102,32,14,0,148,0,0,16,0,16,102,32,30,0,164,13,0,13,177
06/13/2003,RSW,FL,ASO,ES,Towers with Radar,96,24,25,0,145,0,3,10,0,13,96,27,35,0,158,6,0,6,164
06/14/2003,RSW,FL,ASO,ES,Towers with Radar,86,20,16,0,122,10,5,9,0,24,96,25,25,0,146,3,0,3,149
06/15/2003,RSW,FL,ASO,ES,Towers with Radar,96,26,9,0,131,0,0,4,0,4,96,26,13,0,135,4,0,4,139
06/16/2003,RSW,FL,ASO,ES,Towers with Radar,92,22,18,2,134,0,0,0,4,4,92,22,18,6,138,0,7,7,145
06/17/2003,RSW,FL,ASO,ES,Towers with Radar,98,18,4,0,120,0,0,7,0,7,98,18,11,0,127,0,0,0,127
06/18/2003,RSW,FL,ASO,ES,Towers with Radar,100,21,18,0,139,0,1,9,0,10,100,22,27,0,149,4,0,4,153
06/19/2003,RSW,FL,ASO,ES,Towers with Radar,117,28,23,15,183,0,5,5,0,10,117,33,28,15,193,6,28,34,227
06/20/2003,RSW,FL,ASO,ES,Towers with Radar,94,38,28,2,162,0,1,2,0,3,94,39,30,2,165,4,0,4,169
06/21/2003,RSW,FL,ASO,ES,Towers with Radar,102,21,6,6,135,0,0,0,0,0,102,21,6,6,135,0,0,0,135
06/22/2003,RSW,FL,ASO,ES,Towers with Radar,107,23,17,2,149,0,0,2,0,2,107,23,19,2,151,9,0,9,160
06/23/2003,RSW,FL,ASO,ES,Towers with Radar,103,13,14,4,134,0,0,5,0,5,103,13,19,4,139,2,10,12,151
06/24/2003,RSW,FL,ASO,ES,Towers with Radar,98,22,13,0,133,0,1,2,0,3,98,23,15,0,136,4,0,4,140
06/25/2003,RSW,FL,ASO,ES,Towers with Radar,96,22,21,0,139,0,2,18,0,20,96,24,39,0,159,10,0,10,169
06/26/2003,RSW,FL,ASO,ES,Towers with Radar,99,27,22,7,155,0,3,19,0,22,99,30,41,7,177,12,36,48,225
06/27/2003,RSW,FL,ASO,ES,Towers with Radar,91,32,25,3,151,0,0,7,0,7,91,32,32,3,158,5,2,7,165
06/28/2003,RSW,FL,ASO,ES,Towers with Radar,100,25,13,0,138,0,0,0,0,0,100,25,13,0,138,2,0,2,140
06/29/2003,RSW,FL,ASO,ES,Towers with Radar,96,30,23,0,149,0,0,9,0,9,96,30,32,0,158,0,2,2,160
06/30/2003,RSW,FL,ASO,ES,Towers with Radar,97,15,10,3,125,0,0,4,0,4,97,15,14,3,129,0,7,7,136
07/01/2003,RSW,FL,ASO,ES,Towers with Radar,102,12,12,0,126,0,3,12,0,15,102,15,24,0,141,0,0,0,141
07/02/2003,RSW,FL,ASO,ES,Towers with Radar,112,22,16,0,150,0,2,13,0,15,112,24,29,0,165,4,0,4,169
07/03/2003,RSW,FL,ASO,ES,Towers with Radar,103,19,15,0,137,0,2,5,0,7,103,21,20,0,144,0,0,0,144
07/04/2003,RSW,FL,ASO,ES,Towers with Radar,76,30,9,1,116,0,0,4,0,4,76,30,13,1,120,4,0,4,124
07/05/2003,RSW,FL,ASO,ES,Towers with Radar,81,18,8,0,107,12,5,0,0,17,93,23,8,0,124,0,0,0,124
07/06/2003,RSW,FL,ASO,ES,Towers with Radar,96,23,26,0,145,0,0,8,0,8,96,23,34,0,153,1,0,1,154
07/07/2003,RSW,FL,ASO,ES,Towers with Radar,100,16,6,0,122,0,3,3,0,6,100,19,9,0,128,0,0,0,128
07/08/2003,RSW,FL,ASO,ES,Towers with Radar,100,18,13,0,131,0,2,9,0,11,100,20,22,0,142,0,0,0,142
07/09/2003,RSW,FL,ASO,ES,Towers with Radar,98,18,19,0,135,0,0,15,0,15,98,18,34,0,150,0,0,0,150
07/10/2003,RSW,FL,ASO,ES,Towers with Radar,103,22,10,0,135,0,2,9,0,11,103,24,19,0,146,0,0,0,146
07/11/2003,RSW,FL,ASO,ES,Towers with Radar,92,32,20,0,144,0,2,7,0,9,92,34,27,0,153,3,0,3,156
07/12/2003,RSW,FL,ASO,ES,Towers with Radar,101,22,14,0,137,0,0,8,0,8,101,22,22,0,145,5,0,5,150
07/13/2003,RSW,FL,ASO,ES,Towers with Radar,101,22,15,1,139,3,2,15,1,21,104,24,30,2,160,18,0,18,178
07/14/2003,RSW,FL,ASO,ES,Towers with Radar,94,10,14,1,119,14,0,7,0,21,108,10,21,1,140,14,1,15,155
07/15/2003,RSW,FL,ASO,ES,Towers with Radar,93,28,23,0,144,0,0,13,0,13,93,28,36,0,157,9,0,9,166
07/16/2003,RSW,FL,ASO,ES,Towers with Radar,104,27,14,2,147,0,0,12,0,12,104,27,26,2,159,30,0,30,189
07/17/2003,RSW,FL,ASO,ES,Towers with Radar,105,23,13,0,141,0,2,12,0,14,105,25,25,0,155,0,0,0,155
07/18/2003,RSW,FL,ASO,ES,Towers with Radar,96,24,16,0,136,0,8,14,0,22,96,32,30,0,158,7,0,7,165
07/19/2003,RSW,FL,ASO,ES,Towers with Radar,107,16,8,0,131,0,0,3,0,3,107,16,11,0,134,0,0,0,134
07/20/2003,RSW,FL,ASO,ES,Towers with Radar,96,28,11,0,135,0,0,7,0,7,96,28,18,0,142,0,0,0,142
07/21/2003,RSW,FL,ASO,ES,Towers with Radar,97,18,15,0,130,0,0,14,0,14,97,18,29,0,144,7,0,7,151
07/22/2003,RSW,FL,ASO,ES,Towers with Radar,89,24,14,0,127,0,0,4,0,4,89,24,18,0,131,12,0,12,143
07/23/2003,RSW,FL,ASO,ES,Towers with Radar,93,21,15,1,130,0,5,18,2,25,93,26,33,3,155,6,0,6,161
07/24/2003,RSW,FL,ASO,ES,Towers with Radar,105,24,21,0,150,0,2,8,0,10,105,26,29,0,160,1,0,1,161
07/25/2003,RSW,FL,ASO,ES,Towers with Radar,101,19,26,4,150,0,4,1,0,5,101,23,27,4,155,2,0,2,157
07/26/2003,RSW,FL,ASO,ES,Towers with Radar,104,18,8,0,130,0,0,3,0,3,104,18,11,0,133,0,0,0,133
07/27/2003,RSW,FL,ASO,ES,Towers with Radar,108,20,16,10,154,0,1,5,0,6,108,21,21,10,160,2,2,4,164
07/28/2003,RSW,FL,ASO,ES,Towers with Radar,90,29,11,3,133,0,3,11,0,14,90,32,22,3,147,2,2,4,151
07/29/2003,RSW,FL,ASO,ES,Towers with Radar,85,26,15,9,135,0,2,10,4,16,85,28,25,13,151,1,4,5,156
07/30/2003,RSW,FL,ASO,ES,Towers with Radar,104,17,13,2,136,0,0,12,0,12,104,17,25,2,148,0,0,0,148
07/31/2003,RSW,FL,ASO,ES,Towers with Radar,105,18,21,10,154,0,2,7,0,9,105,20,28,10,163,2,8,10,173
08/01/2003,RSW,FL,ASO,ES,Towers with Radar,96,22,23,6,147,0,2,3,0,5,96,24,26,6,152,2,10,12,164
08/02/2003,RSW,FL,ASO,ES,Towers with Radar,107,20,7,0,134,0,2,0,0,2,107,22,7,0,136,0,0,0,136
08/03/2003,RSW,FL,ASO,ES,Towers with Radar,102,25,22,0,149,0,2,9,0,11,102,27,31,0,160,0,0,0,160
08/04/2003,RSW,FL,ASO,ES,Towers with Radar,95,21,13,0,129,0,3,11,0,14,95,24,24,0,143,0,0,0,143
08/05/2003,RSW,FL,ASO,ES,Towers with Radar,105,16,22,0,143,0,3,2,0,5,105,19,24,0,148,5,0,5,153
08/06/2003,RSW,FL,ASO,ES,Towers with Radar,104,22,22,1,149,0,5,5,2,12,104,27,27,3,161,2,11,13,174
08/07/2003,RSW,FL,ASO,ES,Towers with Radar,110,17,32,0,159,0,2,6,0,8,110,19,38,0,167,20,0,20,187
08/08/2003,RSW,FL,ASO,ES,Towers with Radar,104,20,20,0,144,0,6,8,0,14,104,26,28,0,158,6,0,6,164
08/09/2003,RSW,FL,ASO,ES,Towers with Radar,93,17,17,0,127,12,6,4,0,22,105,23,21,0,149,2,0,2,151
08/10/2003,RSW,FL,ASO,ES,Towers with Radar,86,12,11,0,109,25,0,0,0,25,111,12,11,0,134,0,0,0,134
08/11/2003,RSW,FL,ASO,ES,Towers with Radar,96,16,23,2,137,0,2,15,0,17,96,18,38,2,154,1,0,1,155
08/12/2003,RSW,FL,ASO,ES,Towers with Radar,98,21,30,14,163,0,2,21,0,23,98,23,51,14,186,10,8,18,204
08/13/2003,RSW,FL,ASO,ES,Towers with Radar,111,14,26,0,151,0,2,16,0,18,111,16,42,0,169,5,0,5,174
08/14/2003,RSW,FL,ASO,ES,Towers with Radar,94,29,12,0,135,0,0,4,0,4,94,29,16,0,139,0,0,0,139
08/15/2003,RSW,FL,ASO,ES,Towers with Radar,104,17,20,2,143,0,0,13,9,22,104,17,33,11,165,4,13,17,182
08/16/2003,RSW,FL,ASO,ES,Towers with Radar,102,19,20,0,141,0,1,15,0,16,102,20,35,0,157,0,0,0,157
08/17/2003,RSW,FL,ASO,ES,Towers with Radar,103,23,26,0,152,0,2,9,0,11,103,25,35,0,163,14,0,14,177
08/18/2003,RSW,FL,ASO,ES,Towers with Radar,95,18,18,2,133,5,1,16,6,28,100,19,34,8,161,9,0,9,170
08/19/2003,RSW,FL,ASO,ES,Towers with Radar,104,19,27,0,150,0,2,13,0,15,104,21,40,0,165,13,0,13,178
08/20/2003,RSW,FL,ASO,ES,Towers with Radar,114,14,34,0,162,0,0,20,0,20,114,14,54,0,182,11,0,11,193
08/21/2003,RSW,FL,ASO,ES,Towers with Radar,105,20,15,0,140,0,2,19,0,21,105,22,34,0,161,5,0,5,166
08/22/2003,RSW,FL,ASO,ES,Towers with Radar,108,15,27,8,158,0,4,14,0,18,108,19,41,8,176,3,6,9,185
08/23/2003,RSW,FL,ASO,ES,Towers with Radar,114,20,14,0,148,0,0,6,0,6,114,20,20,0,154,2,0,2,156
08/24/2003,RSW,FL,ASO,ES,Towers with Radar,108,15,9,2,134,0,0,12,0,12,108,15,21,2,146,2,2,4,150
08/25/2003,RSW,FL,ASO,ES,Towers with Radar,101,23,15,0,139,0,4,13,0,17,101,27,28,0,156,4,0,4,160
08/26/2003,RSW,FL,ASO,ES,Towers with Radar,95,19,15,0,129,0,2,14,0,16,95,21,29,0,145,1,0,1,146
08/27/2003,RSW,FL,ASO,ES,Towers with Radar,102,16,18,0,136,0,2,14,0,16,102,18,32,0,152,2,0,2,154
08/28/2003,RSW,FL,ASO,ES,Towers with Radar,110,21,11,0,142,0,0,9,0,9,110,21,20,0,151,10,0,10,161
08/29/2003,RSW,FL,ASO,ES,Towers with Radar,103,24,6,4,137,0,0,8,1,9,103,24,14,5,146,0,3,3,149
08/30/2003,RSW,FL,ASO,ES,Towers with Radar,100,19,11,1,131,0,0,12,0,12,100,19,23,1,143,1,0,1,144
08/31/2003,RSW,FL,ASO,ES,Towers with Radar,90,15,8,0,113,0,1,1,0,2,90,16,9,0,115,0,0,0,115
09/01/2003,RSW,FL,ASO,ES,Towers with Radar,102,14,11,0,127,0,4,9,0,13,102,18,20,0,140,7,0,7,147
09/02/2003,RSW,FL,ASO,ES,Towers with Radar,100,20,23,17,160,0,3,6,2,11,100,23,29,19,171,7,15,22,193
09/03/2003,RSW,FL,ASO,ES,Towers with Radar,93,13,16,0,122,7,0,15,0,22,100,13,31,0,144,0,0,0,144
09/04/2003,RSW,FL,ASO,ES,Towers with Radar,95,19,15,0,129,2,5,21,0,28,97,24,36,0,157,1,2,3,160
09/05/2003,RSW,FL,ASO,ES,Towers with Radar,100,18,12,2,132,0,1,0,0,1,100,19,12,2,133,0,0,0,133
09/06/2003,RSW,FL,ASO,ES,Towers with Radar,99,10,15,0,124,0,0,4,0,4,99,10,19,0,128,2,0,2,130
09/07/2003,RSW,FL,ASO,ES,Towers with Radar,96,18,8,0,122,0,0,6,0,6,96,18,14,0,128,4,0,4,132
09/08/2003,RSW,FL,ASO,ES,Towers with Radar,106,20,19,7,152,0,0,7,1,8,106,20,26,8,160,0,2,2,162
09/09/2003,RSW,FL,ASO,ES,Towers with Radar,97,26,33,0,156,0,0,14,0,14,97,26,47,0,170,4,0,4,174
09/10/2003,RSW,FL,ASO,ES,Towers with Radar,97,21,23,0,141,0,0,6,0,6,97,21,29,0,147,4,0,4,151
09/11/2003,RSW,FL,ASO,ES,Towers with Radar,101,23,14,1,139,0,2,6,1,9,101,25,20,2,148,0,0,0,148
09/12/2003,RSW,FL,ASO,ES,Towers with Radar,105,27,20,7,159,0,0,10,1,11,105,27,30,8,170,1,4,5,175
09/13/2003,RSW,FL,ASO,ES,Towers with Radar,97,17,7,0,121,0,2,6,0,8,97,19,13,0,129,0,0,0,129
09/14/2003,RSW,FL,ASO,ES,Towers with Radar,100,23,13,0,136,0,1,8,0,9,100,24,21,0,145,2,0,2,147
09/15/2003,RSW,FL,ASO,ES,Towers with Radar,96,19,24,4,143,0,0,12,1,13,96,19,36,5,156,3,4,7,163
09/16/2003,RSW,FL,ASO,ES,Towers with Radar,101,20,16,4,141,0,1,9,0,10,101,21,25,4,151,0,20,20,171
09/17/2003,RSW,FL,ASO,ES,Towers with Radar,101,28,19,0,148,0,0,21,0,21,101,28,40,0,169,3,0,3,172
09/18/2003,RSW,FL,ASO,ES,Towers with Radar,105,17,28,8,158,0,1,16,0,17,105,18,44,8,175,1,0,1,176
09/19/2003,RSW,FL,ASO,ES,Towers with Radar,92,32,12,2,138,0,0,7,0,7,92,32,19,2,145,1,0,1,146
09/20/2003,RSW,FL,ASO,ES,Towers with Radar,107,17,8,0,132,0,0,1,0,1,107,17,9,0,133,0,0,0,133
09/21/2003,RSW,FL,ASO,ES,Towers with Radar,101,21,23,5,150,0,0,3,0,3,101,21,26,5,153,4,1,5,158
09/22/2003,RSW,FL,ASO,ES,Towers with Radar,97,18,17,3,135,0,0,7,0,7,97,18,24,3,142,14,0,14,156
09/23/2003,RSW,FL,ASO,ES,Towers with Radar,100,19,17,2,138,0,0,11,1,12,100,19,28,3,150,0,1,1,151
09/24/2003,RSW,FL,ASO,ES,Towers with Radar,102,25,16,4,147,0,0,9,0,9,102,25,25,4,156,1,3,4,160
09/25/2003,RSW,FL,ASO,ES,Towers with Radar,104,24,24,1,153,0,0,7,0,7,104,24,31,1,160,1,0,1,161
09/26/2003,RSW,FL,ASO,ES,Towers with Radar,99,22,9,0,130,0,0,2,0,2,99,22,11,0,132,1,0,1,133
09/27/2003,RSW,FL,ASO,ES,Towers with Radar,105,19,6,0,130,0,0,4,2,6,105,19,10,2,136,2,0,2,138
09/28/2003,RSW,FL,ASO,ES,Towers with Radar,105,20,13,0,138,0,0,5,0,5,105,20,18,0,143,3,0,3,146
09/29/2003,RSW,FL,ASO,ES,Towers with Radar,99,17,19,4,139,0,0,0,0,0,99,17,19,4,139,0,0,0,139
09/30/2003,RSW,FL,ASO,ES,Towers with Radar,108,26,22,0,156,0,0,1,0,1,108,26,23,0,157,4,0,4,161
10/01/2003,RSW,FL,ASO,ES,Towers with Radar,101,23,24,0,148,0,12,23,0,35,101,35,47,0,183,4,4,8,191
10/02/2003,RSW,FL,ASO,ES,Towers with Radar,110,26,27,4,167,0,1,39,7,47,110,27,66,11,214,18,4,22,236
10/03/2003,RSW,FL,ASO,ES,Towers with Radar,110,21,26,4,161,0,0,9,1,10,110,21,35,5,171,2,0,2,173
10/04/2003,RSW,FL,ASO,ES,Towers with Radar,96,17,19,3,135,22,0,5,0,27,118,17,24,3,162,5,14,19,181
10/05/2003,RSW,FL,ASO,ES,Towers with Radar,99,18,19,0,136,19,0,0,0,19,118,18,19,0,155,1,0,1,156
10/06/2003,RSW,FL,ASO,ES,Towers with Radar,94,22,19,3,138,12,2,0,5,19,106,24,19,8,157,1,0,1,158
10/07/2003,RSW,FL,ASO,ES,Towers with Radar,103,17,22,3,145,17,0,25,0,42,120,17,47,3,187,25,2,27,214
10/08/2003,RSW,FL,ASO,ES,Towers with Radar,104,26,24,2,156,0,8,18,0,26,104,34,42,2,182,2,0,2,184
10/09/2003,RSW,FL,ASO,ES,Towers with Radar,120,27,26,2,175,1,1,18,0,20,121,28,44,2,195,1,0,1,196
10/10/2003,RSW,FL,ASO,ES,Towers with Radar,130,27,30,4,191,0,0,15,6,21,130,27,45,10,212,0,19,19,231
10/11/2003,RSW,FL,ASO,ES,Towers with Radar,98,23,21,0,142,23,2,5,0,30,121,25,26,0,172,4,0,4,176
10/12/2003,RSW,FL,ASO,ES,Towers with Radar,114,26,25,0,165,0,1,2,0,3,114,27,27,0,168,2,0,2,170
10/13/2003,RSW,FL,ASO,ES,Towers with Radar,101,19,18,0,138,12,0,0,0,12,113,19,18,0,150,0,0,0,150
10/14/2003,RSW,FL,ASO,ES,Towers with Radar,109,25,23,4,161,4,0,5,0,9,113,25,28,4,170,0,10,10,180
10/15/2003,RSW,FL,ASO,ES,Towers with Radar,109,22,25,0,156,0,0,24,0,24,109,22,49,0,180,4,0,4,184
10/16/2003,RSW,FL,ASO,ES,Towers with Radar,111,28,27,3,169,0,0,9,5,14,111,28,36,8,183,1,2,3,186
10/17/2003,RSW,FL,ASO,ES,Towers with Radar,103,27,26,3,159,0,13,1,9,23,103,40,27,12,182,1,12,13,195
10/18/2003,RSW,FL,ASO,ES,Towers with Radar,95,22,20,0,137,24,0,17,0,41,119,22,37,0,178,0,0,0,178
10/19/2003,RSW,FL,ASO,ES,Towers with Radar,119,21,28,0,168,0,0,16,0,16,119,21,44,0,184,0,0,0,184
10/20/2003,RSW,FL,ASO,ES,Towers with Radar,104,23,21,2,150,5,6,0,0,11,109,29,21,2,161,1,0,1,162
10/21/2003,RSW,FL,ASO,ES,Towers with Radar,116,23,26,0,165,2,0,22,0,24,118,23,48,0,189,2,0,2,191
10/22/2003,RSW,FL,ASO,ES,Towers with Radar,103,25,25,3,156,0,11,25,0,36,103,36,50,3,192,6,1,7,199
10/23/2003,RSW,FL,ASO,ES,Towers with Radar,118,30,30,2,180,0,0,36,0,36,118,30,66,2,216,4,0,4,220
10/24/2003,RSW,FL,ASO,ES,Towers with Radar,122,24,29,2,177,0,0,8,0,8,122,24,37,2,185,7,0,7,192
10/25/2003,RSW,FL,ASO,ES,Towers with Radar,115,19,26,0,160,10,0,16,0,26,125,19,42,0,186,10,0,10,196
10/26/2003,RSW,FL,ASO,ES,Towers with Radar,116,31,32,0,179,0,3,9,0,12,116,34,41,0,191,3,0,3,194
10/27/2003,RSW,FL,ASO,ES,Towers with Radar,116,25,26,3,170,2,6,27,13,48,118,31,53,16,218,1,24,25,243
10/28/2003,RSW,FL,ASO,ES,Towers with Radar,110,24,24,0,158,3,1,6,0,10,113,25,30,0,168,4,0,4,172
10/29/2003,RSW,FL,ASO,ES,Towers with Radar,108,24,25,3,160,0,11,13,5,29,108,35,38,8,189,0,4,4,193
10/30/2003,RSW,FL,ASO,ES,Towers with Radar,124,28,29,3,184,0,0,1,4,5,124,28,30,7,189,2,3,5,194
10/31/2003,RSW,FL,ASO,ES,Towers with Radar,120,26,27,3,176,6,11,14,3,34,126,37,41,6,210,4,1,5,215
11/01/2003,RSW,FL,ASO,ES,Towers with Radar,114,23,25,0,162,17,2,22,0,41,131,25,47,0,203,6,0,6,209
11/02/2003,RSW,FL,ASO,ES,Towers with Radar,130,26,28,2,186,8,6,7,1,22,138,32,35,3,208,4,7,11,219
11/03/2003,RSW,FL,ASO,ES,Towers with Radar,120,24,26,2,172,6,3,10,0,19,126,27,36,2,191,0,0,0,191
11/04/2003,RSW,FL,ASO,ES,Towers with Radar,118,23,26,0,167,11,9,35,0,55,129,32,61,0,222,2,0,2,224
11/05/2003,RSW,FL,ASO,ES,Towers with Radar,125,25,24,0,174,0,5,0,0,5,125,30,24,0,179,1,0,1,180
11/06/2003,RSW,FL,ASO,ES,Towers with Radar,143,29,32,2,206,0,7,7,2,16,143,36,39,4,222,2,8,10,232
11/07/2003,RSW,FL,ASO,ES,Towers with Radar,138,29,32,1,200,0,10,14,0,24,138,39,46,1,224,6,0,6,230
11/08/2003,RSW,FL,ASO,ES,Towers with Radar,120,24,26,0,170,17,2,1,0,20,137,26,27,0,190,3,0,3,193
11/09/2003,RSW,FL,ASO,ES,Towers with Radar,134,28,24,2,188,0,1,0,0,1,134,29,24,2,189,1,0,1,190
11/10/2003,RSW,FL,ASO,ES,Towers with Radar,135,28,33,2,198,0,1,7,1,9,135,29,40,3,207,9,1,10,217
11/11/2003,RSW,FL,ASO,ES,Towers with Radar,132,26,30,0,188,0,2,39,0,41,132,28,69,0,229,6,0,6,235
11/12/2003,RSW,FL,ASO,ES,Towers with Radar,124,29,33,1,187,0,1,23,0,24,124,30,56,1,211,1,0,1,212
11/13/2003,RSW,FL,ASO,ES,Towers with Radar,138,25,31,1,195,17,0,16,0,33,155,25,47,1,228,0,0,0,228
11/14/2003,RSW,FL,ASO,ES,Towers with Radar,146,29,35,2,212,0,6,10,0,16,146,35,45,2,228,0,2,2,230
11/15/2003,RSW,FL,ASO,ES,Towers with Radar,108,20,24,0,152,30,8,5,0,43,138,28,29,0,195,2,0,2,197
11/16/2003,RSW,FL,ASO,ES,Towers with Radar,142,26,33,0,201,0,0,30,0,30,142,26,63,0,231,0,0,0,231
11/17/2003,RSW,FL,ASO,ES,Towers with Radar,127,23,29,1,180,12,0,6,1,19,139,23,35,2,199,4,0,4,203
11/18/2003,RSW,FL,ASO,ES,Towers with Radar,127,24,28,1,180,7,12,0,1,20,134,36,28,2,200,3,0,3,203
11/19/2003,RSW,FL,ASO,ES,Towers with Radar,137,26,31,0,194,0,3,9,0,12,137,29,40,0,206,4,0,4,210
11/20/2003,RSW,FL,ASO,ES,Towers with Radar,146,24,36,1,207,0,0,30,22,52,146,24,66,23,259,11,6,17,276
11/21/2003,RSW,FL,ASO,ES,Towers with Radar,146,24,36,1,207,0,0,9,4,13,146,24,45,5,220,1,0,1,221
11/22/2003,RSW,FL,ASO,ES,Towers with Radar,137,26,31,1,195,10,3,17,6,36,147,29,48,7,231,2,11,13,244
11/23/2003,RSW,FL,ASO,ES,Towers with Radar,139,26,31,0,196,0,8,6,0,14,139,34,37,0,210,2,0,2,212
11/24/2003,RSW,FL,ASO,ES,Towers with Radar,121,23,27,1,172,16,0,6,0,22,137,23,33,1,194,10,0,10,204
11/25/2003,RSW,FL,ASO,ES,Towers with Radar,146,30,39,0,215,0,0,9,0,9,146,30,48,0,224,0,0,0,224
11/26/2003,RSW,FL,ASO,ES,Towers with Radar,140,36,40,0,216,0,1,12,0,13,140,37,52,0,229,6,0,6,235
11/27/2003,RSW,FL,ASO,ES,Towers with Radar,85,16,18,0,119,54,1,4,0,59,139,17,22,0,178,0,0,0,178
11/28/2003,RSW,FL,ASO,ES,Towers with Radar,112,22,24,0,158,31,0,10,0,41,143,22,34,0,199,5,0,5,204
11/29/2003,RSW,FL,ASO,ES,Towers with Radar,136,27,30,0,193,20,0,6,0,26,156,27,36,0,219,1,0,1,220
11/30/2003,RSW,FL,ASO,ES,Towers with Radar,159,47,53,0,259,0,1,3,0,4,159,48,56,0,263,4,0,4,267
12/01/2003,RSW,FL,ASO,ES,Towers with Radar,139,28,30,2,199,0,7,16,2,25,139,35,46,4,224,11,0,11,235
12/02/2003,RSW,FL,ASO,ES,Towers with Radar,142,25,27,0,194,4,7,2,0,13,146,32,29,0,207,3,0,3,210
12/03/2003,RSW,FL,ASO,ES,Towers with Radar,136,24,29,2,191,0,0,13,4,17,136,24,42,6,208,3,4,7,215
12/04/2003,RSW,FL,ASO,ES,Towers with Radar,139,24,26,0,189,10,0,25,0,35,149,24,51,0,224,0,0,0,224
12/05/2003,RSW,FL,ASO,ES,Towers with Radar,141,26,29,1,197,0,0,14,0,14,141,26,43,1,211,2,0,2,213
12/06/2003,RSW,FL,ASO,ES,Towers with Radar,125,19,23,0,167,8,0,3,0,11,133,19,26,0,178,1,0,1,179
12/07/2003,RSW,FL,ASO,ES,Towers with Radar,130,26,26,2,184,0,6,15,4,25,130,32,41,6,209,0,10,10,219
12/08/2003,RSW,FL,ASO,ES,Towers with Radar,134,29,30,0,193,0,5,17,0,22,134,34,47,0,215,1,0,1,216
12/09/2003,RSW,FL,ASO,ES,Towers with Radar,135,27,27,2,191,0,1,14,11,26,135,28,41,13,217,0,0,0,217
12/10/2003,RSW,FL,ASO,ES,Towers with Radar,136,29,30,2,197,0,1,18,1,20,136,30,48,3,217,6,8,14,231
12/11/2003,RSW,FL,ASO,ES,Towers with Radar,149,28,29,1,207,0,12,15,0,27,149,40,44,1,234,0,0,0,234
12/12/2003,RSW,FL,ASO,ES,Towers with Radar,148,21,30,1,200,0,0,6,3,9,148,21,36,4,209,1,2,3,212
12/13/2003,RSW,FL,ASO,ES,Towers with Radar,129,24,24,0,177,18,6,7,0,31,147,30,31,0,208,0,0,0,208
12/14/2003,RSW,FL,ASO,ES,Towers with Radar,117,22,15,0,154,19,16,0,0,35,136,38,15,0,189,1,0,1,190
12/15/2003,RSW,FL,ASO,ES,Towers with Radar,134,26,26,0,186,0,6,11,0,17,134,32,37,0,203,2,0,2,205
12/16/2003,RSW,FL,ASO,ES,Towers with Radar,146,24,28,0,198,0,0,21,0,21,146,24,49,0,219,6,0,6,225
12/17/2003,RSW,FL,ASO,ES,Towers with Radar,146,27,27,1,201,7,2,18,0,27,153,29,45,1,228,2,0,2,230
12/18/2003,RSW,FL,ASO,ES,Towers with Radar,160,26,31,0,217,18,0,23,0,41,178,26,54,0,258,17,0,17,275
12/19/2003,RSW,FL,ASO,ES,Towers with Radar,167,27,32,0,226,9,0,5,0,14,176,27,37,0,240,6,0,6,246
12/20/2003,RSW,FL,ASO,ES,Towers with Radar,164,28,31,0,223,24,0,1,0,25,188,28,32,0,248,2,0,2,250
12/21/2003,RSW,FL,ASO,ES,Towers with Radar,140,25,27,0,192,28,9,6,0,43,168,34,33,0,235,1,0,1,236
12/22/2003,RSW,FL,ASO,ES,Towers with Radar,156,27,30,1,214,22,5,15,4,46,178,32,45,5,260,2,3,5,265
12/23/2003,RSW,FL,ASO,ES,Towers with Radar,147,26,28,0,201,35,8,19,0,62,182,34,47,0,263,6,1,7,270
12/24/2003,RSW,FL,ASO,ES,Towers with Radar,121,21,16,0,158,53,5,0,0,58,174,26,16,0,216,3,0,3,219
12/25/2003,RSW,FL,ASO,ES,Towers with Radar,120,21,16,0,157,54,10,0,0,64,174,31,16,0,221,2,0,2,223
12/26/2003,RSW,FL,ASO,ES,Towers with Radar,185,32,47,0,264,0,0,23,0,23,185,32,70,0,287,4,0,4,291
12/27/2003,RSW,FL,ASO,ES,Towers with Radar,188,42,45,0,275,0,6,9,0,15,188,48,54,0,290,0,0,0,290
12/28/2003,RSW,FL,ASO,ES,Towers with Radar,181,27,40,0,248,0,0,7,0,7,181,27,47,0,255,0,0,0,255
12/29/2003,RSW,FL,ASO,ES,Towers with Radar,171,32,36,0,239,0,0,24,0,24,171,32,60,0,263,4,0,4,267
12/30/2003,RSW,FL,ASO,ES,Towers with Radar,179,23,34,0,236,3,0,7,0,10,182,23,41,0,246,0,0,0,246
12/31/2003,RSW,FL,ASO,ES,Towers with Radar,171,24,33,0,228,6,0,19,0,25,177,24,52,0,253,2,0,2,255
01/01/2004,RSW,FL,ASO,ES,Towers with Radar,0,29,16,0,45,180,3,0,0,183,180,32,16,0,228,0,0,0,228
01/02/2004,RSW,FL,ASO,ES,Towers with Radar,0,38,44,0,82,184,0,0,0,184,184,38,44,0,266,2,0,2,268
01/03/2004,RSW,FL,ASO,ES,Towers with Radar,0,47,43,0,90,189,0,0,0,189,189,47,43,0,279,4,0,4,283
01/04/2004,RSW,FL,ASO,ES,Towers with Radar,0,34,74,0,108,174,0,0,0,174,174,34,74,0,282,1,0,1,283
01/05/2004,RSW,FL,ASO,ES,Towers with Radar,0,35,38,0,73,163,0,0,0,163,163,35,38,0,236,1,0,1,237
01/06/2004,RSW,FL,ASO,ES,Towers with Radar,0,34,59,0,93,170,0,0,1,171,170,34,59,1,264,2,0,2,266
01/07/2004,RSW,FL,ASO,ES,Towers with Radar,0,33,59,0,92,149,0,0,13,162,149,33,59,13,254,4,3,7,261
01/08/2004,RSW,FL,ASO,ES,Towers with Radar,0,30,55,0,85,170,0,0,19,189,170,30,55,19,274,5,43,48,322
01/09/2004,RSW,FL,ASO,ES,Towers with Radar,0,28,39,0,67,168,0,0,18,186,168,28,39,18,253,4,8,12,265
01/10/2004,RSW,FL,ASO,ES,Towers with Radar,0,31,22,0,53,164,0,0,0,164,164,31,22,0,217,3,0,3,220
01/11/2004,RSW,FL,ASO,ES,Towers with Radar,0,40,40,0,80,158,4,0,0,162,158,44,40,0,242,1,0,1,243
01/12/2004,RSW,FL,ASO,ES,Towers with Radar,0,30,62,0,92,154,0,0,0,154,154,30,62,0,246,8,0,8,254
01/13/2004,RSW,FL,ASO,ES,Towers with Radar,0,28,57,0,85,150,0,0,0,150,150,28,57,0,235,9,0,9,244
01/14/2004,RSW,FL,ASO,ES,Towers with Radar,0,25,58,0,83,150,0,0,2,152,150,25,58,2,235,12,0,12,247
01/15/2004,RSW,FL,ASO,ES,Towers with Radar,0,42,59,0,101,161,0,0,0,161,161,42,59,0,262,11,0,11,273
01/16/2004,RSW,FL,ASO,ES,Towers with Radar,0,50,76,0,126,161,0,0,3,164,161,50,76,3,290,11,4,15,305
01/17/2004,RSW,FL,ASO,ES,Towers with Radar,0,22,47,0,69,166,19,0,0,185,166,41,47,0,254,4,0,4,258
01/18/2004,RSW,FL,ASO,ES,Towers with Radar,0,32,60,0,92,159,20,0,0,179,159,52,60,0,271,1,0,1,272
01/19/2004,RSW,FL,ASO,ES,Towers with Radar,0,45,60,0,105,156,0,0,0,156,156,45,60,0,261,4,0,4,265
01/20/2004,RSW,FL,ASO,ES,Towers with Radar,0,41,45,0,86,154,21,0,0,175,154,62,45,0,261,13,5,18,279
01/21/2004,RSW,FL,ASO,ES,Towers with Radar,0,38,61,0,99,159,0,0,5,164,159,38,61,5,263,13,7,20,283
01/22/2004,RSW,FL,ASO,ES,Towers with Radar,0,42,48,0,90,164,0,0,6,170,164,42,48,6,260,0,0,0,260
01/23/2004,RSW,FL,ASO,ES,Towers with Radar,0,54,76,0,130,160,0,0,3,163,160,54,76,3,293,14,0,14,307
01/24/2004,RSW,FL,ASO,ES,Towers with Radar,0,43,44,0,87,163,3,0,0,166,163,46,44,0,253,0,0,0,253
01/25/2004,RSW,FL,ASO,ES,Towers with Radar,0,38,59,0,97,147,6,0,4,157,147,44,59,4,254,12,0,12,266
01/26/2004,RSW,FL,ASO,ES,Towers with Radar,0,36,39,0,75,147,2,0,0,149,147,38,39,0,224,0,0,0,224
01/27/2004,RSW,FL,ASO,ES,Towers with Radar,0,32,50,0,82,145,0,0,0,145,145,32,50,0,227,2,0,2,229
01/28/2004,RSW,FL,ASO,ES,Towers with Radar,0,39,44,0,83,150,0,0,2,152,150,39,44,2,235,2,0,2,237
01/29/2004,RSW,FL,ASO,ES,Towers with Radar,0,32,57,0,89,170,0,0,0,170,170,32,57,0,259,5,0,5,264
01/30/2004,RSW,FL,ASO,ES,Towers with Radar,0,40,56,0,96,157,0,0,0,157,157,40,56,0,253,1,0,1,254
01/31/2004,RSW,FL,ASO,ES,Towers with Radar,0,37,42,0,79,171,0,0,0,171,171,37,42,0,250,0,0,0,250
02/01/2004,RSW,FL,ASO,ES,Towers with Radar,147,31,34,0,212,14,0,2,0,16,161,31,36,0,228,3,0,3,231
02/02/2004,RSW,FL,ASO,ES,Towers with Radar,161,29,38,0,228,7,0,16,0,23,168,29,54,0,251,1,0,1,252
02/03/2004,RSW,FL,ASO,ES,Towers with Radar,155,34,38,0,227,0,0,17,0,17,155,34,55,0,244,10,0,10,254
02/04/2004,RSW,FL,ASO,ES,Towers with Radar,162,32,41,0,235,0,0,11,0,11,162,32,52,0,246,5,0,5,251
02/05/2004,RSW,FL,ASO,ES,Towers with Radar,168,36,39,0,243,7,8,27,0,42,175,44,66,0,285,20,0,20,305
02/06/2004,RSW,FL,ASO,ES,Towers with Radar,162,37,40,3,242,0,5,20,11,36,162,42,60,14,278,4,0,4,282
02/07/2004,RSW,FL,ASO,ES,Towers with Radar,156,34,23,1,214,24,1,0,0,25,180,35,23,1,239,5,0,5,244
02/08/2004,RSW,FL,ASO,ES,Towers with Radar,168,39,42,3,252,0,0,16,1,17,168,39,58,4,269,8,13,21,290
02/09/2004,RSW,FL,ASO,ES,Towers with Radar,159,31,37,3,230,3,0,28,2,33,162,31,65,5,263,5,0,5,268
02/10/2004,RSW,FL,ASO,ES,Towers with Radar,169,36,40,3,248,0,19,24,6,49,169,55,64,9,297,10,2,12,309
02/11/2004,RSW,FL,ASO,ES,Towers with Radar,168,37,48,0,253,0,0,30,0,30,168,37,78,0,283,8,0,8,291
02/12/2004,RSW,FL,ASO,ES,Towers with Radar,191,46,58,4,299,0,0,13,17,30,191,46,71,21,329,20,19,39,368
02/13/2004,RSW,FL,ASO,ES,Towers with Radar,211,53,61,4,329,0,13,5,1,19,211,66,66,5,348,2,3,5,353
02/14/2004,RSW,FL,ASO,ES,Towers with Radar,160,33,38,3,234,46,3,0,0,49,206,36,38,3,283,0,13,13,296
02/15/2004,RSW,FL,ASO,ES,Towers with Radar,186,39,32,0,257,3,8,0,0,11,189,47,32,0,268,0,0,0,268
02/16/2004,RSW,FL,ASO,ES,Towers with Radar,200,40,56,1,297,0,0,12,0,12,200,40,68,1,309,3,0,3,312
02/17/2004,RSW,FL,ASO,ES,Towers with Radar,195,42,47,3,287,0,0,7,4,11,195,42,54,7,298,7,15,22,320
02/18/2004,RSW,FL,ASO,ES,Towers with Radar,178,37,42,2,259,11,13,58,4,86,189,50,100,6,345,10,0,10,355
02/19/2004,RSW,FL,ASO,ES,Towers with Radar,210,43,50,3,306,1,0,44,6,51,211,43,94,9,357,8,0,8,365
02/20/2004,RSW,FL,ASO,ES,Towers with Radar,190,40,45,2,277,9,13,23,2,47,199,53,68,4,324,8,0,8,332
02/21/2004,RSW,FL,ASO,ES,Towers with Radar,190,34,45,0,269,19,0,4,0,23,209,34,49,0,292,0,0,0,292
02/22/2004,RSW,FL,ASO,ES,Towers with Radar,205,45,52,3,305,0,4,14,3,21,205,49,66,6,326,2,0,2,328
02/23/2004,RSW,FL,ASO,ES,Towers with Radar,173,22,41,2,238,26,0,10,6,42,199,22,51,8,280,2,9,11,291
02/24/2004,RSW,FL,ASO,ES,Towers with Radar,191,38,45,0,274,7,0,8,0,15,198,38,53,0,289,2,0,2,291
02/25/2004,RSW,FL,ASO,ES,Towers with Radar,151,31,36,0,218,43,13,7,0,63,194,44,43,0,281,0,0,0,281
02/26/2004,RSW,FL,ASO,ES,Towers with Radar,194,42,43,1,280,0,10,0,0,10,194,52,43,1,290,11,11,22,312
02/27/2004,RSW,FL,ASO,ES,Towers with Radar,210,48,55,0,313,0,2,16,0,18,210,50,71,0,331,7,0,7,338
02/28/2004,RSW,FL,ASO,ES,Towers with Radar,174,36,41,0,251,31,0,16,0,47,205,36,57,0,298,4,0,4,302
02/29/2004,RSW,FL,ASO,ES,Towers with Radar,181,38,43,0,262,9,0,24,0,33,190,38,67,0,295,3,0,3,298
03/01/2004,RSW,FL,ASO,ES,Towers with Radar,184,37,34,3,258,10,5,6,21,42,194,42,40,24,300,10,17,27,327
03/02/2004,RSW,FL,ASO,ES,Towers with Radar,175,35,33,0,243,19,8,32,0,59,194,43,65,0,302,9,0,9,311
03/03/2004,RSW,FL,ASO,ES,Towers with Radar,189,37,35,0,261,7,0,13,0,20,196,37,48,0,281,11,0,11,292
03/04/2004,RSW,FL,ASO,ES,Towers with Radar,199,39,37,0,275,0,5,8,0,13,199,44,45,0,288,5,0,5,293
03/05/2004,RSW,FL,ASO,ES,Towers with Radar,201,42,39,3,285,0,7,6,2,15,201,49,45,5,300,4,0,4,304
03/06/2004,RSW,FL,ASO,ES,Towers with Radar,180,35,32,3,250,30,11,0,3,44,210,46,32,6,294,5,2,7,301
03/07/2004,RSW,FL,ASO,ES,Towers with Radar,200,46,44,0,290,0,19,3,0,22,200,65,47,0,312,0,0,0,312
03/08/2004,RSW,FL,ASO,ES,Towers with Radar,181,36,33,3,253,17,8,24,8,57,198,44,57,11,310,10,6,16,326
03/09/2004,RSW,FL,ASO,ES,Towers with Radar,170,34,32,0,236,19,3,3,0,25,189,37,35,0,261,6,0,6,267
03/10/2004,RSW,FL,ASO,ES,Towers with Radar,185,33,34,1,253,8,0,21,0,29,193,33,55,1,282,21,0,21,303
03/11/2004,RSW,FL,ASO,ES,Towers with Radar,200,42,40,3,285,0,8,17,0,25,200,50,57,3,310,7,0,7,317
03/12/2004,RSW,FL,ASO,ES,Towers with Radar,201,56,52,3,312,0,7,9,0,16,201,63,61,3,328,3,1,4,332
03/13/2004,RSW,FL,ASO,ES,Towers with Radar,203,33,38,2,276,10,0,9,0,19,213,33,47,2,295,2,5,7,302
03/14/2004,RSW,FL,ASO,ES,Towers with Radar,198,44,42,2,286,0,0,28,0,28,198,44,70,2,314,4,0,4,318
03/15/2004,RSW,FL,ASO,ES,Towers with Radar,198,35,40,0,273,0,0,30,0,30,198,35,70,0,303,4,0,4,307
03/16/2004,RSW,FL,ASO,ES,Towers with Radar,167,26,26,0,219,33,0,0,0,33,200,26,26,0,252,3,0,3,255
03/17/2004,RSW,FL,ASO,ES,Towers with Radar,191,34,39,2,266,0,0,24,1,25,191,34,63,3,291,7,11,18,309
03/18/2004,RSW,FL,ASO,ES,Towers with Radar,201,37,39,2,279,0,0,20,2,22,201,37,59,4,301,6,2,8,309
03/19/2004,RSW,FL,ASO,ES,Towers with Radar,202,42,40,0,284,0,2,47,0,49,202,44,87,0,333,11,0,11,344
03/20/2004,RSW,FL,ASO,ES,Towers with Radar,208,37,42,0,287,0,0,3,0,3,208,37,45,0,290,3,0,3,293
03/21/2004,RSW,FL,ASO,ES,Towers with Radar,194,37,42,0,273,0,0,19,0,19,194,37,61,0,292,1,0,1,293
03/22/2004,RSW,FL,ASO,ES,Towers with Radar,182,35,34,2,253,21,4,10,0,35,203,39,44,2,288,2,1,3,291
03/23/2004,RSW,FL,ASO,ES,Towers with Radar,185,36,34,0,255,13,12,31,0,56,198,48,65,0,311,14,0,14,325
03/24/2004,RSW,FL,ASO,ES,Towers with Radar,190,38,36,0,264,0,3,3,0,6,190,41,39,0,270,2,0,2,272
03/25/2004,RSW,FL,ASO,ES,Towers with Radar,196,38,37,2,273,8,3,5,2,18,204,41,42,4,291,7,2,9,300
03/26/2004,RSW,FL,ASO,ES,Towers with Radar,201,33,39,0,273,0,0,14,0,14,201,33,53,0,287,2,0,2,289
03/27/2004,RSW,FL,ASO,ES,Towers with Radar,202,39,38,2,281,12,1,21,0,34,214,40,59,2,315,4,0,4,319
03/28/2004,RSW,FL,ASO,ES,Towers with Radar,195,40,38,0,273,0,0,10,0,10,195,40,48,0,283,0,0,0,283
03/29/2004,RSW,FL,ASO,ES,Towers with Radar,175,29,32,0,236,26,0,5,0,31,201,29,37,0,267,2,0,2,269
03/30/2004,RSW,FL,ASO,ES,Towers with Radar,163,31,30,0,224,32,13,11,0,56,195,44,41,0,280,2,0,2,282
03/31/2004,RSW,FL,ASO,ES,Towers with Radar,182,35,28,0,245,13,0,0,0,13,195,35,28,0,258,0,0,0,258
04/01/2004,RSW,FL,ASO,ES,Towers with Radar,188,34,30,1,253,7,0,24,0,31,195,34,54,1,284,10,0,10,294
04/02/2004,RSW,FL,ASO,ES,Towers with Radar,191,37,32,0,260,0,3,11,0,14,191,40,43,0,274,0,0,0,274
04/03/2004,RSW,FL,ASO,ES,Towers with Radar,207,38,33,0,278,1,5,19,0,25,208,43,52,0,303,9,0,9,312
04/04/2004,RSW,FL,ASO,ES,Towers with Radar,185,36,32,3,256,0,10,10,1,21,185,46,42,4,277,1,4,5,282
04/05/2004,RSW,FL,ASO,ES,Towers with Radar,177,33,28,0,238,7,5,17,0,29,184,38,45,0,267,1,0,1,268
04/06/2004,RSW,FL,ASO,ES,Towers with Radar,191,33,31,3,258,0,0,16,2,18,191,33,47,5,276,4,4,8,284
04/07/2004,RSW,FL,ASO,ES,Towers with Radar,180,34,33,3,250,0,0,15,3,18,180,34,48,6,268,2,10,12,280
04/08/2004,RSW,FL,ASO,ES,Towers with Radar,204,31,35,3,273,0,0,20,0,20,204,31,55,3,293,4,0,4,297
04/09/2004,RSW,FL,ASO,ES,Towers with Radar,191,34,34,0,259,0,0,0,0,0,191,34,34,0,259,0,0,0,259
04/10/2004,RSW,FL,ASO,ES,Towers with Radar,200,23,32,0,255,1,0,13,0,14,201,23,45,0,269,0,0,0,269
04/11/2004,RSW,FL,ASO,ES,Towers with Radar,185,31,30,0,246,0,0,3,0,3,185,31,33,0,249,0,0,0,249
04/12/2004,RSW,FL,ASO,ES,Towers with Radar,186,34,30,0,250,5,8,8,0,21,191,42,38,0,271,3,0,3,274
04/13/2004,RSW,FL,ASO,ES,Towers with Radar,182,33,29,2,246,27,5,8,1,41,209,38,37,3,287,0,0,0,287
04/14/2004,RSW,FL,ASO,ES,Towers with Radar,176,31,29,0,236,2,5,27,0,34,178,36,56,0,270,14,0,14,284
04/15/2004,RSW,FL,ASO,ES,Towers with Radar,195,35,33,0,263,0,14,21,0,35,195,49,54,0,298,6,0,6,304
04/16/2004,RSW,FL,ASO,ES,Towers with Radar,194,33,32,2,261,0,0,35,0,35,194,33,67,2,296,6,0,6,302
04/17/2004,RSW,FL,ASO,ES,Towers with Radar,180,32,30,0,242,13,1,8,0,22,193,33,38,0,264,3,3,6,270
04/18/2004,RSW,FL,ASO,ES,Towers with Radar,182,35,32,2,251,0,7,8,0,15,182,42,40,2,266,0,0,0,266
04/19/2004,RSW,FL,ASO,ES,Towers with Radar,165,26,27,0,218,20,0,14,0,34,185,26,41,0,252,3,0,3,255
04/20/2004,RSW,FL,ASO,ES,Towers with Radar,168,30,28,1,227,11,4,8,9,32,179,34,36,10,259,7,0,7,266
04/21/2004,RSW,FL,ASO,ES,Towers with Radar,169,32,30,2,233,0,12,14,6,32,169,44,44,8,265,3,0,3,268
04/22/2004,RSW,FL,ASO,ES,Towers with Radar,177,31,29,2,239,4,5,23,2,34,181,36,52,4,273,3,0,3,276
04/23/2004,RSW,FL,ASO,ES,Towers with Radar,177,31,29,2,239,0,13,38,5,56,177,44,67,7,295,0,0,0,295
04/24/2004,RSW,FL,ASO,ES,Towers with Radar,163,29,27,1,220,17,0,13,6,36,180,29,40,7,256,0,0,0,256
04/25/2004,RSW,FL,ASO,ES,Towers with Radar,175,26,29,0,230,0,0,12,0,12,175,26,41,0,242,0,0,0,242
04/26/2004,RSW,FL,ASO,ES,Towers with Radar,149,26,24,1,200,20,0,10,13,43,169,26,34,14,243,6,13,19,262
04/27/2004,RSW,FL,ASO,ES,Towers with Radar,175,29,28,0,232,2,0,8,0,10,177,29,36,0,242,8,0,8,250
04/28/2004,RSW,FL,ASO,ES,Towers with Radar,157,29,25,1,212,7,10,22,0,39,164,39,47,1,251,15,0,15,266
04/29/2004,RSW,FL,ASO,ES,Towers with Radar,173,33,29,0,235,0,12,13,0,25,173,45,42,0,260,8,0,8,268
04/30/2004,RSW,FL,ASO,ES,Towers with Radar,160,29,25,0,214,11,2,11,0,24,171,31,36,0,238,2,0,2,240
05/01/2004,RSW,FL,ASO,ES,Towers with Radar,142,31,21,2,196,15,4,4,0,23,157,35,25,2,219,0,0,0,219
05/02/2004,RSW,FL,ASO,ES,Towers with Radar,138,35,23,0,196,0,6,5,0,11,138,41,28,0,207,2,0,2,209
05/03/2004,RSW,FL,ASO,ES,Towers with Radar,147,33,21,0,201,19,4,12,0,35,166,37,33,0,236,0,0,0,236
05/04/2004,RSW,FL,ASO,ES,Towers with Radar,124,29,23,0,176,0,0,50,0,50,124,29,73,0,226,2,3,5,231
05/05/2004,RSW,FL,ASO,ES,Towers with Radar,130,33,25,4,192,0,0,20,2,22,130,33,45,6,214,0,6,6,220
05/06/2004,RSW,FL,ASO,ES,Towers with Radar,143,37,26,4,210,0,1,21,4,26,143,38,47,8,236,0,0,0,236
05/07/2004,RSW,FL,ASO,ES,Towers with Radar,147,28,28,4,207,0,0,38,11,49,147,28,66,15,256,4,1,5,261
05/08/2004,RSW,FL,ASO,ES,Towers with Radar,129,25,20,3,177,14,0,3,6,23,143,25,23,9,200,30,0,30,230
05/09/2004,RSW,FL,ASO,ES,Towers with Radar,134,29,22,3,188,0,0,6,11,17,134,29,28,14,205,5,12,17,222
05/10/2004,RSW,FL,ASO,ES,Towers with Radar,134,26,21,4,185,5,0,5,0,10,139,26,26,4,195,0,1,1,196
05/11/2004,RSW,FL,ASO,ES,Towers with Radar,131,30,21,0,182,0,3,3,0,6,131,33,24,0,188,5,0,5,193
05/12/2004,RSW,FL,ASO,ES,Towers with Radar,127,26,21,3,177,0,0,17,2,19,127,26,38,5,196,7,4,11,207
05/13/2004,RSW,FL,ASO,ES,Towers with Radar,133,34,24,2,193,0,0,22,0,22,133,34,46,2,215,2,2,4,219
05/14/2004,RSW,FL,ASO,ES,Towers with Radar,148,22,19,3,192,0,0,0,2,2,148,22,19,5,194,1,0,1,195
05/15/2004,RSW,FL,ASO,ES,Towers with Radar,114,25,13,2,154,26,5,0,0,31,140,30,13,2,185,4,0,4,189
05/16/2004,RSW,FL,ASO,ES,Towers with Radar,139,32,22,2,195,0,2,10,4,16,139,34,32,6,211,1,2,3,214
05/17/2004,RSW,FL,ASO,ES,Towers with Radar,124,28,19,0,171,18,7,13,0,38,142,35,32,0,209,7,0,7,216
05/18/2004,RSW,FL,ASO,ES,Towers with Radar,112,24,17,2,155,12,10,26,2,50,124,34,43,4,205,9,3,12,217
05/19/2004,RSW,FL,ASO,ES,Towers with Radar,136,31,22,2,191,0,0,31,0,31,136,31,53,2,222,6,1,7,229
05/20/2004,RSW,FL,ASO,ES,Towers with Radar,143,32,23,2,200,0,3,14,1,18,143,35,37,3,218,0,1,1,219
05/21/2004,RSW,FL,ASO,ES,Towers with Radar,135,32,16,1,184,0,2,0,0,2,135,34,16,1,186,2,0,2,188
05/22/2004,RSW,FL,ASO,ES,Towers with Radar,127,24,20,1,172,21,0,4,0,25,148,24,24,1,197,0,0,0,197
05/23/2004,RSW,FL,ASO,ES,Towers with Radar,128,27,20,0,175,10,1,4,0,15,138,28,24,0,190,0,0,0,190
05/24/2004,RSW,FL,ASO,ES,Towers with Radar,115,25,17,0,157,16,6,10,0,32,131,31,27,0,189,4,0,4,193
05/25/2004,RSW,FL,ASO,ES,Towers with Radar,119,25,19,1,164,12,11,22,0,45,131,36,41,1,209,5,0,5,214
05/26/2004,RSW,FL,ASO,ES,Towers with Radar,127,27,20,1,175,2,2,17,0,21,129,29,37,1,196,0,2,2,198
05/27/2004,RSW,FL,ASO,ES,Towers with Radar,128,32,23,0,183,0,14,12,0,26,128,46,35,0,209,4,0,4,213
05/28/2004,RSW,FL,ASO,ES,Towers with Radar,138,29,22,0,189,0,0,17,0,17,138,29,39,0,206,3,0,3,209
05/29/2004,RSW,FL,ASO,ES,Towers with Radar,116,25,18,0,159,23,5,17,0,45,139,30,35,0,204,1,0,1,205
05/30/2004,RSW,FL,ASO,ES,Towers with Radar,88,19,8,0,115,43,6,0,0,49,131,25,8,0,164,1,0,1,165
05/31/2004,RSW,FL,ASO,ES,Towers with Radar,127,27,20,0,174,3,12,15,0,30,130,39,35,0,204,4,0,4,208
06/01/2004,RSW,FL,ASO,ES,Towers with Radar,124,21,21,0,166,0,4,10,0,14,124,25,31,0,180,0,0,0,180
06/02/2004,RSW,FL,ASO,ES,Towers with Radar,123,17,20,0,160,9,0,7,0,16,132,17,27,0,176,11,0,11,187
06/03/2004,RSW,FL,ASO,ES,Towers with Radar,139,23,23,0,185,0,7,31,0,38,139,30,54,0,223,10,0,10,233
06/04/2004,RSW,FL,ASO,ES,Towers with Radar,132,24,24,0,180,0,8,34,0,42,132,32,58,0,222,0,0,0,222
06/05/2004,RSW,FL,ASO,ES,Towers with Radar,118,20,13,0,151,17,7,0,0,24,135,27,13,0,175,3,0,3,178
06/06/2004,RSW,FL,ASO,ES,Towers with Radar,126,20,20,2,168,4,3,5,4,16,130,23,25,6,184,9,5,14,198
06/07/2004,RSW,FL,ASO,ES,Towers with Radar,114,18,18,0,150,15,0,16,0,31,129,18,34,0,181,4,0,4,185
06/08/2004,RSW,FL,ASO,ES,Towers with Radar,119,20,20,0,159,0,7,17,0,24,119,27,37,0,183,4,4,8,191
06/09/2004,RSW,FL,ASO,ES,Towers with Radar,119,16,19,2,156,1,0,29,0,30,120,16,48,2,186,2,1,3,189
06/10/2004,RSW,FL,ASO,ES,Towers with Radar,128,21,22,1,172,0,0,20,0,20,128,21,42,1,192,7,0,7,199
06/11/2004,RSW,FL,ASO,ES,Towers with Radar,127,23,24,0,174,0,0,4,0,4,127,23,28,0,178,2,0,2,180
06/12/2004,RSW,FL,ASO,ES,Towers with Radar,117,19,19,0,155,20,1,15,0,36,137,20,34,0,191,4,0,4,195
06/13/2004,RSW,FL,ASO,ES,Towers with Radar,125,15,21,0,161,0,0,10,0,10,125,15,31,0,171,3,0,3,174
06/14/2004,RSW,FL,ASO,ES,Towers with Radar,115,19,20,0,154,3,3,9,0,15,118,22,29,0,169,3,0,3,172
06/15/2004,RSW,FL,ASO,ES,Towers with Radar,116,19,20,0,155,3,15,13,0,31,119,34,33,0,186,1,0,1,187
06/16/2004,RSW,FL,ASO,ES,Towers with Radar,114,21,22,2,159,0,12,43,0,55,114,33,65,2,214,11,0,11,225
06/17/2004,RSW,FL,ASO,ES,Towers with Radar,130,16,24,0,170,0,0,17,0,17,130,16,41,0,187,2,0,2,189
06/18/2004,RSW,FL,ASO,ES,Towers with Radar,128,16,24,2,170,0,0,4,10,14,128,16,28,12,184,6,10,16,200
06/19/2004,RSW,FL,ASO,ES,Towers with Radar,114,18,19,0,151,20,0,1,0,21,134,18,20,0,172,4,0,4,176
06/20/2004,RSW,FL,ASO,ES,Towers with Radar,121,19,20,0,160,3,1,22,0,26,124,20,42,0,186,4,0,4,190
06/21/2004,RSW,FL,ASO,ES,Towers with Radar,126,20,22,1,169,0,4,3,7,14,126,24,25,8,183,11,5,16,199
06/22/2004,RSW,FL,ASO,ES,Towers with Radar,123,21,22,1,167,0,5,43,2,50,123,26,65,3,217,7,0,7,224
06/23/2004,RSW,FL,ASO,ES,Towers with Radar,119,20,22,0,161,0,0,28,0,28,119,20,50,0,189,6,0,6,195
06/24/2004,RSW,FL,ASO,ES,Towers with Radar,121,18,20,1,160,11,0,2,3,16,132,18,22,4,176,0,0,0,176
06/25/2004,RSW,FL,ASO,ES,Towers with Radar,119,21,23,1,164,0,4,8,7,19,119,25,31,8,183,0,3,3,186
06/26/2004,RSW,FL,ASO,ES,Towers with Radar,114,14,15,1,144,23,0,0,3,26,137,14,15,4,170,7,0,7,177
06/27/2004,RSW,FL,ASO,ES,Towers with Radar,121,18,21,1,161,0,0,5,1,6,121,18,26,2,167,0,0,0,167
06/28/2004,RSW,FL,ASO,ES,Towers with Radar,110,17,18,1,146,6,6,21,1,34,116,23,39,2,180,0,0,0,180
06/29/2004,RSW,FL,ASO,ES,Towers with Radar,128,13,21,0,162,11,0,16,0,27,139,13,37,0,189,3,0,3,192
06/30/2004,RSW,FL,ASO,ES,Towers with Radar,119,20,20,0,159,0,2,31,0,33,119,22,51,0,192,7,0,7,199
07/01/2004,RSW,FL,ASO,ES,Towers with Radar,123,19,18,1,161,0,0,28,0,28,123,19,46,1,189,5,0,5,194
07/02/2004,RSW,FL,ASO,ES,Towers with Radar,119,24,20,0,163,0,9,18,0,27,119,33,38,0,190,2,0,2,192
07/03/2004,RSW,FL,ASO,ES,Towers with Radar,105,16,13,0,134,22,5,7,0,34,127,21,20,0,168,3,0,3,171
07/04/2004,RSW,FL,ASO,ES,Towers with Radar,86,13,11,2,112,20,11,0,0,31,106,24,11,2,143,0,4,4,147
07/05/2004,RSW,FL,ASO,ES,Towers with Radar,114,20,17,0,151,0,7,10,0,17,114,27,27,0,168,4,0,4,172
07/06/2004,RSW,FL,ASO,ES,Towers with Radar,135,16,18,2,171,11,0,9,5,25,146,16,27,7,196,6,16,22,218
07/07/2004,RSW,FL,ASO,ES,Towers with Radar,122,18,16,0,156,2,8,10,0,20,124,26,26,0,176,6,0,6,182
07/08/2004,RSW,FL,ASO,ES,Towers with Radar,133,20,19,2,174,0,0,27,10,37,133,20,46,12,211,4,2,6,217
07/09/2004,RSW,FL,ASO,ES,Towers with Radar,129,18,20,0,167,0,0,22,0,22,129,18,42,0,189,6,0,6,195
07/10/2004,RSW,FL,ASO,ES,Towers with Radar,119,14,16,1,150,17,0,5,0,22,136,14,21,1,172,1,0,1,173
07/11/2004,RSW,FL,ASO,ES,Towers with Radar,119,20,16,0,155,0,6,12,0,18,119,26,28,0,173,16,0,16,189
07/12/2004,RSW,FL,ASO,ES,Towers with Radar,112,17,15,0,144,10,10,2,0,22,122,27,17,0,166,6,0,6,172
07/13/2004,RSW,FL,ASO,ES,Towers with Radar,124,20,19,0,163,0,0,37,0,37,124,20,56,0,200,11,0,11,211
07/14/2004,RSW,FL,ASO,ES,Towers with Radar,123,13,19,2,157,0,0,24,9,33,123,13,43,11,190,7,3,10,200
07/15/2004,RSW,FL,ASO,ES,Towers with Radar,129,21,18,1,169,0,4,17,0,21,129,25,35,1,190,0,5,5,195
07/16/2004,RSW,FL,ASO,ES,Towers with Radar,136,18,17,2,173,2,0,10,12,24,138,18,27,14,197,0,14,14,211
07/17/2004,RSW,FL,ASO,ES,Towers with Radar,113,13,15,0,141,25,0,8,0,33,138,13,23,0,174,1,0,1,175
07/18/2004,RSW,FL,ASO,ES,Towers with Radar,116,17,13,0,146,9,3,0,0,12,125,20,13,0,158,0,0,0,158
07/19/2004,RSW,FL,ASO,ES,Towers with Radar,114,15,15,0,144,20,0,1,0,21,134,15,16,0,165,0,0,0,165
07/20/2004,RSW,FL,ASO,ES,Towers with Radar,108,15,14,0,137,20,5,5,0,30,128,20,19,0,167,0,0,0,167
07/21/2004,RSW,FL,ASO,ES,Towers with Radar,125,14,16,0,155,11,0,32,0,43,136,14,48,0,198,10,0,10,208
07/22/2004,RSW,FL,ASO,ES,Towers with Radar,131,19,18,0,168,0,3,19,0,22,131,22,37,0,190,1,0,1,191
07/23/2004,RSW,FL,ASO,ES,Towers with Radar,124,20,19,0,163,0,2,9,0,11,124,22,28,0,174,5,0,5,179
07/24/2004,RSW,FL,ASO,ES,Towers with Radar,112,16,15,1,144,19,3,13,4,39,131,19,28,5,183,1,0,1,184
07/25/2004,RSW,FL,ASO,ES,Towers with Radar,119,17,9,1,146,0,3,0,4,7,119,20,9,5,153,0,1,1,154
07/26/2004,RSW,FL,ASO,ES,Towers with Radar,108,15,14,0,137,15,2,9,0,26,123,17,23,0,163,0,0,0,163
07/27/2004,RSW,FL,ASO,ES,Towers with Radar,130,19,17,1,167,0,4,21,1,26,130,23,38,2,193,3,0,3,196
07/28/2004,RSW,FL,ASO,ES,Towers with Radar,124,14,16,1,155,0,0,3,3,6,124,14,19,4,161,0,0,0,161
07/29/2004,RSW,FL,ASO,ES,Towers with Radar,129,21,19,0,169,0,3,8,0,11,129,24,27,0,180,3,0,3,183
07/30/2004,RSW,FL,ASO,ES,Towers with Radar,131,12,20,0,163,0,0,8,0,8,131,12,28,0,171,5,0,5,176
07/31/2004,RSW,FL,ASO,ES,Towers with Radar,121,10,15,0,146,18,0,4,0,22,139,10,19,0,168,1,0,1,169
08/01/2004,RSW,FL,ASO,ES,Towers with Radar,117,14,12,0,143,0,0,0,0,0,117,14,12,0,143,5,0,5,148
08/02/2004,RSW,FL,ASO,ES,Towers with Radar,105,19,10,0,134,15,0,0,0,15,120,19,10,0,149,0,0,0,149
08/03/2004,RSW,FL,ASO,ES,Towers with Radar,109,18,16,0,143,24,0,7,0,31,133,18,23,0,174,2,0,2,176
08/04/2004,RSW,FL,ASO,ES,Towers with Radar,110,20,16,0,146,6,3,6,0,15,116,23,22,0,161,1,0,1,162
08/05/2004,RSW,FL,ASO,ES,Towers with Radar,125,26,21,0,172,0,0,8,0,8,125,26,29,0,180,3,0,3,183
08/06/2004,RSW,FL,ASO,ES,Towers with Radar,112,18,13,0,143,15,0,0,0,15,127,18,13,0,158,0,0,0,158
08/07/2004,RSW,FL,ASO,ES,Towers with Radar,106,16,15,0,137,32,0,2,0,34,138,16,17,0,171,1,0,1,172
08/08/2004,RSW,FL,ASO,ES,Towers with Radar,117,20,18,0,155,0,0,5,0,5,117,20,23,0,160,0,0,0,160
08/09/2004,RSW,FL,ASO,ES,Towers with Radar,122,21,18,0,161,0,0,16,0,16,122,21,34,0,177,3,0,3,180
08/10/2004,RSW,FL,ASO,ES,Towers with Radar,119,21,17,4,161,0,0,27,2,29,119,21,44,6,190,1,6,7,197
08/11/2004,RSW,FL,ASO,ES,Towers with Radar,109,21,18,5,153,0,0,15,5,20,109,21,33,10,173,1,0,1,174
08/12/2004,RSW,FL,ASO,ES,Towers with Radar,129,24,19,0,172,0,8,18,0,26,129,32,37,0,198,1,0,1,199
08/13/2004,RSW,FL,ASO,ES,Towers with Radar,3,0,0,0,3,1,0,0,0,1,4,0,0,0,4,0,0,0,4
08/14/2004,RSW,FL,ASO,ES,Towers with Radar,86,15,12,3,116,35,0,14,1,50,121,15,26,4,166,4,0,4,170
08/15/2004,RSW,FL,ASO,ES,Towers with Radar,110,20,17,3,150,10,4,13,9,36,120,24,30,12,186,1,0,1,187
08/16/2004,RSW,FL,ASO,ES,Towers with Radar,105,19,16,2,142,20,6,27,10,63,125,25,43,12,205,3,4,7,212
08/17/2004,RSW,FL,ASO,ES,Towers with Radar,122,23,19,3,167,0,5,34,9,48,122,28,53,12,215,21,2,23,238
08/18/2004,RSW,FL,ASO,ES,Towers with Radar,110,24,20,3,157,0,3,32,7,42,110,27,52,10,199,0,2,2,201
08/19/2004,RSW,FL,ASO,ES,Towers with Radar,122,22,21,3,168,0,0,33,6,39,122,22,54,9,207,4,6,10,217
08/20/2004,RSW,FL,ASO,ES,Towers with Radar,124,22,23,3,172,0,0,20,14,34,124,22,43,17,206,4,10,14,220
08/21/2004,RSW,FL,ASO,ES,Towers with Radar,122,21,19,3,165,8,0,6,6,20,130,21,25,9,185,3,13,16,201
08/22/2004,RSW,FL,ASO,ES,Towers with Radar,121,21,18,3,163,0,12,14,2,28,121,33,32,5,191,0,4,4,195
08/23/2004,RSW,FL,ASO,ES,Towers with Radar,113,20,17,0,150,4,12,8,0,24,117,32,25,0,174,5,0,5,179
08/24/2004,RSW,FL,ASO,ES,Towers with Radar,126,15,19,0,160,0,0,25,0,25,126,15,44,0,185,1,0,1,186
08/25/2004,RSW,FL,ASO,ES,Towers with Radar,108,22,19,1,150,0,2,6,0,8,108,24,25,1,158,0,0,0,158
08/26/2004,RSW,FL,ASO,ES,Towers with Radar,114,24,20,3,161,0,16,3,7,26,114,40,23,10,187,0,4,4,191
08/27/2004,RSW,FL,ASO,ES,Towers with Radar,114,24,21,3,162,0,2,23,5,30,114,26,44,8,192,5,3,8,200
08/28/2004,RSW,FL,ASO,ES,Towers with Radar,105,15,16,0,136,18,0,6,0,24,123,15,22,0,160,1,0,1,161
08/29/2004,RSW,FL,ASO,ES,Towers with Radar,110,21,18,3,152,0,1,13,1,15,110,22,31,4,167,1,0,1,168
08/30/2004,RSW,FL,ASO,ES,Towers with Radar,114,18,17,0,149,10,0,16,0,26,124,18,33,0,175,1,0,1,176
08/31/2004,RSW,FL,ASO,ES,Towers with Radar,125,22,19,3,169,0,0,6,0,6,125,22,25,3,175,0,2,2,177
09/01/2004,RSW,FL,ASO,ES,Towers with Radar,108,22,18,0,148,7,4,8,0,19,115,26,26,0,167,0,0,0,167
09/02/2004,RSW,FL,ASO,ES,Towers with Radar,123,28,26,0,177,0,0,22,0,22,123,28,48,0,199,6,0,6,205
09/03/2004,RSW,FL,ASO,ES,Towers with Radar,90,17,15,0,122,33,0,3,0,36,123,17,18,0,158,0,0,0,158
09/04/2004,RSW,FL,ASO,ES,Towers with Radar,27,0,4,0,31,29,0,1,0,30,56,0,5,0,61,0,0,0,61
09/05/2004,RSW,FL,ASO,ES,Towers with Radar,1,0,0,0,1,0,0,1,0,1,1,0,1,0,2,0,0,0,2
09/06/2004,RSW,FL,ASO,ES,Towers with Radar,77,16,11,0,104,36,4,0,0,40,113,20,11,0,144,0,0,0,144
09/07/2004,RSW,FL,ASO,ES,Towers with Radar,118,24,20,0,162,5,8,6,0,19,123,32,26,0,181,0,0,0,181
09/08/2004,RSW,FL,ASO,ES,Towers with Radar,114,20,20,0,154,0,0,13,0,13,114,20,33,0,167,8,0,8,175
09/09/2004,RSW,FL,ASO,ES,Towers with Radar,115,18,20,0,153,0,0,14,0,14,115,18,34,0,167,17,0,17,184
09/10/2004,RSW,FL,ASO,ES,Towers with Radar,122,24,25,0,171,0,0,10,0,10,122,24,35,0,181,0,0,0,181
09/11/2004,RSW,FL,ASO,ES,Towers with Radar,133,18,23,0,174,10,0,15,0,25,143,18,38,0,199,8,0,8,207
09/12/2004,RSW,FL,ASO,ES,Towers with Radar,96,14,17,0,127,18,0,18,0,36,114,14,35,0,163,0,0,0,163
09/13/2004,RSW,FL,ASO,ES,Towers with Radar,82,17,15,0,114,25,0,13,0,38,107,17,28,0,152,0,0,0,152
09/14/2004,RSW,FL,ASO,ES,Towers with Radar,103,19,18,0,140,22,0,3,9,34,125,19,21,9,174,4,3,7,181
09/15/2004,RSW,FL,ASO,ES,Towers with Radar,104,20,6,1,131,7,11,0,0,18,111,31,6,1,149,6,1,7,156
09/16/2004,RSW,FL,ASO,ES,Towers with Radar,98,22,20,1,141,0,21,20,6,47,98,43,40,7,188,5,9,14,202
09/17/2004,RSW,FL,ASO,ES,Towers with Radar,118,20,20,1,159,0,0,0,3,3,118,20,20,4,162,0,23,23,185
09/18/2004,RSW,FL,ASO,ES,Towers with Radar,108,21,19,0,148,18,2,3,0,23,126,23,22,0,171,1,0,1,172
09/19/2004,RSW,FL,ASO,ES,Towers with Radar,107,20,19,1,147,11,0,15,0,26,118,20,34,1,173,11,0,11,184
09/20/2004,RSW,FL,ASO,ES,Towers with Radar,113,22,20,0,155,0,7,23,0,30,113,29,43,0,185,1,0,1,186
09/21/2004,RSW,FL,ASO,ES,Towers with Radar,114,23,24,0,161,0,0,19,0,19,114,23,43,0,180,0,0,0,180
09/22/2004,RSW,FL,ASO,ES,Towers with Radar,116,24,24,1,165,0,0,12,2,14,116,24,36,3,179,1,2,3,182
09/23/2004,RSW,FL,ASO,ES,Towers with Radar,121,27,24,0,172,0,5,30,0,35,121,32,54,0,207,3,0,3,210
09/24/2004,RSW,FL,ASO,ES,Towers with Radar,115,29,26,1,171,0,8,16,5,29,115,37,42,6,200,6,0,6,206
09/25/2004,RSW,FL,ASO,ES,Towers with Radar,111,21,19,0,151,9,5,8,0,22,120,26,27,0,173,2,0,2,175
09/26/2004,RSW,FL,ASO,ES,Towers with Radar,35,6,6,0,47,18,4,8,0,30,53,10,14,0,77,0,0,0,77
09/27/2004,RSW,FL,ASO,ES,Towers with Radar,113,24,21,0,158,0,6,15,0,21,113,30,36,0,179,0,0,0,179
09/28/2004,RSW,FL,ASO,ES,Towers with Radar,107,24,21,1,153,0,0,20,1,21,107,24,41,2,174,7,0,7,181
09/29/2004,RSW,FL,ASO,ES,Towers with Radar,111,24,21,0,156,0,4,2,0,6,111,28,23,0,162,0,0,0,162
09/30/2004,RSW,FL,ASO,ES,Towers with Radar,119,27,22,0,168,0,6,21,0,27,119,33,43,0,195,0,0,0,195
10/01/2004,RSW,FL,ASO,ES,Towers with Radar,119,31,16,0,166,0,0,19,0,19,119,31,35,0,185,8,0,8,193
10/02/2004,RSW,FL,ASO,ES,Towers with Radar,130,31,10,6,177,0,0,10,0,10,130,31,20,6,187,1,4,5,192
10/03/2004,RSW,FL,ASO,ES,Towers with Radar,126,24,14,4,168,0,3,14,2,19,126,27,28,6,187,0,1,1,188
10/04/2004,RSW,FL,ASO,ES,Towers with Radar,119,25,18,3,165,0,7,18,0,25,119,32,36,3,190,6,2,8,198
10/05/2004,RSW,FL,ASO,ES,Towers with Radar,129,25,30,6,190,0,4,24,0,28,129,29,54,6,218,4,6,10,228
10/06/2004,RSW,FL,ASO,ES,Towers with Radar,128,33,26,4,191,0,7,19,0,26,128,40,45,4,217,9,0,9,226
10/07/2004,RSW,FL,ASO,ES,Towers with Radar,143,22,27,3,195,0,8,10,0,18,143,30,37,3,213,2,0,2,215
10/08/2004,RSW,FL,ASO,ES,Towers with Radar,133,30,19,5,187,0,1,13,0,14,133,31,32,5,201,1,3,4,205
10/09/2004,RSW,FL,ASO,ES,Towers with Radar,137,36,15,0,188,0,0,8,0,8,137,36,23,0,196,1,0,1,197
10/10/2004,RSW,FL,ASO,ES,Towers with Radar,128,30,13,0,171,0,4,6,0,10,128,34,19,0,181,0,0,0,181
10/11/2004,RSW,FL,ASO,ES,Towers with Radar,136,29,16,0,181,0,1,7,0,8,136,30,23,0,189,1,0,1,190
10/12/2004,RSW,FL,ASO,ES,Towers with Radar,146,21,22,0,189,0,4,28,0,32,146,25,50,0,221,8,0,8,229
10/13/2004,RSW,FL,ASO,ES,Towers with Radar,137,21,27,2,187,0,1,15,0,16,137,22,42,2,203,3,0,3,206
10/14/2004,RSW,FL,ASO,ES,Towers with Radar,133,28,22,8,191,0,1,16,0,17,133,29,38,8,208,0,4,4,212
10/15/2004,RSW,FL,ASO,ES,Towers with Radar,125,39,33,5,202,0,2,18,0,20,125,41,51,5,222,14,34,48,270
10/16/2004,RSW,FL,ASO,ES,Towers with Radar,143,32,15,1,191,0,2,11,0,13,143,34,26,1,204,2,0,2,206
10/17/2004,RSW,FL,ASO,ES,Towers with Radar,145,28,15,6,194,0,3,16,1,20,145,31,31,7,214,6,0,6,220
10/18/2004,RSW,FL,ASO,ES,Towers with Radar,145,19,22,0,186,2,2,12,0,16,147,21,34,0,202,2,0,2,204
10/19/2004,RSW,FL,ASO,ES,Towers with Radar,134,35,27,1,197,0,6,15,0,21,134,41,42,1,218,2,0,2,220
10/20/2004,RSW,FL,ASO,ES,Towers with Radar,146,27,12,2,187,0,3,19,0,22,146,30,31,2,209,5,0,5,214
10/21/2004,RSW,FL,ASO,ES,Towers with Radar,139,30,49,2,220,0,4,21,0,25,139,34,70,2,245,3,0,3,248
10/22/2004,RSW,FL,ASO,ES,Towers with Radar,137,38,34,6,215,0,4,21,0,25,137,42,55,6,240,5,0,5,245
10/23/2004,RSW,FL,ASO,ES,Towers with Radar,138,34,6,4,182,0,0,0,0,0,138,34,6,4,182,0,5,5,187
10/24/2004,RSW,FL,ASO,ES,Towers with Radar,0,0,0,0,0,0,0,0,0,0,0,0,0,0,0,0,0,0,0
10/25/2004,RSW,FL,ASO,ES,Towers with Radar,145,31,28,5,209,0,4,38,1,43,145,35,66,6,252,3,5,8,260
10/26/2004,RSW,FL,ASO,ES,Towers with Radar,134,20,30,5,189,0,5,15,0,20,134,25,45,5,209,4,1,5,214
10/27/2004,RSW,FL,ASO,ES,Towers with Radar,137,26,34,0,197,0,4,10,0,14,137,30,44,0,211,4,0,4,215
10/28/2004,RSW,FL,ASO,ES,Towers with Radar,132,28,25,17,202,0,5,24,2,31,132,33,49,19,233,0,7,7,240
10/29/2004,RSW,FL,ASO,ES,Towers with Radar,134,36,24,11,205,0,2,12,0,14,134,38,36,11,219,2,2,4,223
10/30/2004,RSW,FL,ASO,ES,Towers with Radar,148,38,14,0,200,0,2,14,0,16,148,40,28,0,216,2,0,2,218
10/31/2004,RSW,FL,ASO,ES,Towers with Radar,153,26,14,6,199,0,6,11,0,17,153,32,25,6,216,4,5,9,225
11/01/2004,RSW,FL,ASO,ES,Combined TRACON& Tower with Radar,131,23,30,0,184,0,2,17,0,19,131,25,47,0,203,6,0,6,209
11/02/2004,RSW,FL,ASO,ES,Combined TRACON& Tower with Radar,138,30,24,0,192,0,2,11,3,16,138,32,35,3,208,4,7,11,219
11/03/2004,RSW,FL,ASO,ES,Combined TRACON& Tower with Radar,151,38,25,0,214,0,2,16,0,18,151,40,41,0,232,8,0,8,240
11/04/2004,RSW,FL,ASO,ES,Combined TRACON& Tower with Radar,156,37,42,0,235,0,2,17,0,19,156,39,59,0,254,10,0,10,264
11/05/2004,RSW,FL,ASO,ES,Combined TRACON& Tower with Radar,156,30,29,0,215,0,0,17,0,17,156,30,46,0,232,3,0,3,235
11/06/2004,RSW,FL,ASO,ES,Combined TRACON& Tower with Radar,161,29,24,0,214,0,1,11,0,12,161,30,35,0,226,0,0,0,226
11/07/2004,RSW,FL,ASO,ES,Combined TRACON& Tower with Radar,165,35,31,0,231,0,0,0,0,0,165,35,31,0,231,0,0,0,231
11/08/2004,RSW,FL,ASO,ES,Combined TRACON& Tower with Radar,167,39,19,4,229,0,4,11,0,15,167,43,30,4,244,6,9,15,259
11/09/2004,RSW,FL,ASO,ES,Combined TRACON& Tower with Radar,162,29,23,3,217,0,3,9,0,12,162,32,32,3,229,2,3,5,234
11/10/2004,RSW,FL,ASO,ES,Combined TRACON& Tower with Radar,162,30,29,0,221,0,5,25,0,30,162,35,54,0,251,1,0,1,252
11/11/2004,RSW,FL,ASO,ES,Combined TRACON& Tower with Radar,162,53,38,0,253,0,1,26,0,27,162,54,64,0,280,5,0,5,285
11/12/2004,RSW,FL,ASO,ES,Combined TRACON& Tower with Radar,162,38,20,1,221,0,2,15,0,17,162,40,35,1,238,7,0,7,245
11/13/2004,RSW,FL,ASO,ES,Combined TRACON& Tower with Radar,175,28,24,0,227,0,2,16,0,18,175,30,40,0,245,3,0,3,248
11/14/2004,RSW,FL,ASO,ES,Combined TRACON& Tower with Radar,175,38,34,1,248,0,0,3,0,3,175,38,37,1,251,1,0,1,252
11/15/2004,RSW,FL,ASO,ES,Combined TRACON& Tower with Radar,165,32,32,3,232,0,4,17,0,21,165,36,49,3,253,2,2,4,257
11/16/2004,RSW,FL,ASO,ES,Combined TRACON& Tower with Radar,150,35,33,0,218,0,4,23,0,27,150,39,56,0,245,8,0,8,253
11/17/2004,RSW,FL,ASO,ES,Combined TRACON& Tower with Radar,163,34,0,0,197,0,4,0,0,4,163,38,0,0,201,10,0,10,211
11/18/2004,RSW,FL,ASO,ES,Combined TRACON& Tower with Radar,167,47,29,0,243,0,11,26,0,37,167,58,55,0,280,17,1,18,298
11/19/2004,RSW,FL,ASO,ES,Combined TRACON& Tower with Radar,187,41,38,2,268,0,4,20,0,24,187,45,58,2,292,13,0,13,305
11/20/2004,RSW,FL,ASO,ES,Combined TRACON& Tower with Radar,184,44,24,0,252,0,2,25,0,27,184,46,49,0,279,2,0,2,281
11/21/2004,RSW,FL,ASO,ES,Combined TRACON& Tower with Radar,182,26,27,4,239,0,2,27,0,29,182,28,54,4,268,3,0,3,271
11/22/2004,RSW,FL,ASO,ES,Combined TRACON& Tower with Radar,187,32,29,4,252,0,4,15,0,19,187,36,44,4,271,5,5,10,281
11/23/2004,RSW,FL,ASO,ES,Combined TRACON& Tower with Radar,190,35,63,7,295,0,4,13,0,17,190,39,76,7,312,6,10,16,328
11/24/2004,RSW,FL,ASO,ES,Combined TRACON& Tower with Radar,184,33,28,0,245,0,0,13,0,13,184,33,41,0,258,12,0,12,270
11/25/2004,RSW,FL,ASO,ES,Combined TRACON& Tower with Radar,163,25,7,0,195,0,0,3,0,3,163,25,10,0,198,1,0,1,199
11/26/2004,RSW,FL,ASO,ES,Combined TRACON& Tower with Radar,174,31,21,4,230,0,4,14,0,18,174,35,35,4,248,3,0,3,251
11/27/2004,RSW,FL,ASO,ES,Combined TRACON& Tower with Radar,174,31,21,4,230,0,4,14,0,18,174,35,35,4,248,3,0,3,251
11/28/2004,RSW,FL,ASO,ES,Combined TRACON& Tower with Radar,197,44,41,0,282,0,3,3,0,6,197,47,44,0,288,3,0,3,291
11/29/2004,RSW,FL,ASO,ES,Combined TRACON& Tower with Radar,183,41,22,0,246,0,6,15,0,21,183,47,37,0,267,4,0,4,271
11/30/2004,RSW,FL,ASO,ES,Combined TRACON& Tower with Radar,169,57,25,2,253,0,3,22,0,25,169,60,47,2,278,2,14,16,294
12/01/2004,RSW,FL,ASO,ES,Combined TRACON& Tower with Radar,170,33,19,0,222,0,6,13,0,19,170,39,32,0,241,5,0,5,246
12/02/2004,RSW,FL,ASO,ES,Combined TRACON& Tower with Radar,173,31,26,2,232,0,1,22,0,23,173,32,48,2,255,3,1,4,259
12/03/2004,RSW,FL,ASO,ES,Combined TRACON& Tower with Radar,164,34,33,9,240,0,1,19,0,20,164,35,52,9,260,6,4,10,270
12/04/2004,RSW,FL,ASO,ES,Combined TRACON& Tower with Radar,163,36,21,4,224,0,1,13,1,15,163,37,34,5,239,4,2,6,245
12/05/2004,RSW,FL,ASO,ES,Combined TRACON& Tower with Radar,169,31,19,0,219,0,4,20,0,24,169,35,39,0,243,5,0,5,248
12/06/2004,RSW,FL,ASO,ES,Combined TRACON& Tower with Radar,174,28,36,4,242,0,3,20,0,23,174,31,56,4,265,6,3,9,274
12/07/2004,RSW,FL,ASO,ES,Combined TRACON& Tower with Radar,167,30,31,0,228,0,2,19,0,21,167,32,50,0,249,10,0,10,259
12/08/2004,RSW,FL,ASO,ES,Combined TRACON& Tower with Radar,166,31,39,0,236,0,7,18,0,25,166,38,57,0,261,14,0,14,275
12/09/2004,RSW,FL,ASO,ES,Combined TRACON& Tower with Radar,162,37,49,2,250,0,13,28,0,41,162,50,77,2,291,21,0,21,312
12/10/2004,RSW,FL,ASO,ES,Combined TRACON& Tower with Radar,171,22,22,8,223,0,2,11,0,13,171,24,33,8,236,0,0,0,236
12/11/2004,RSW,FL,ASO,ES,Combined TRACON& Tower with Radar,171,22,14,0,207,0,0,14,0,14,171,22,28,0,221,3,0,3,224
12/12/2004,RSW,FL,ASO,ES,Combined TRACON& Tower with Radar,165,27,24,0,216,0,4,13,0,17,165,31,37,0,233,7,0,7,240
12/13/2004,RSW,FL,ASO,ES,Combined TRACON& Tower with Radar,170,22,26,0,218,0,3,20,0,23,170,25,46,0,241,6,0,6,247
12/14/2004,RSW,FL,ASO,ES,Combined TRACON& Tower with Radar,170,25,25,0,220,0,2,20,0,22,170,27,45,0,242,5,0,5,247
12/15/2004,RSW,FL,ASO,ES,Combined TRACON& Tower with Radar,182,29,32,5,248,0,4,25,1,30,182,33,57,6,278,32,8,40,318
12/16/2004,RSW,FL,ASO,ES,Combined TRACON& Tower with Radar,209,30,31,0,270,0,0,25,0,25,209,30,56,0,295,9,0,9,304
12/17/2004,RSW,FL,ASO,ES,Combined TRACON& Tower with Radar,201,39,29,0,269,0,1,12,1,14,201,40,41,1,283,3,0,3,286
12/18/2004,RSW,FL,ASO,ES,Combined TRACON& Tower with Radar,204,51,20,0,275,0,1,11,0,12,204,52,31,0,287,0,0,0,287
12/19/2004,RSW,FL,ASO,ES,Combined TRACON& Tower with Radar,192,32,13,0,237,0,2,13,0,15,192,34,26,0,252,20,0,20,272
12/20/2004,RSW,FL,ASO,ES,Combined TRACON& Tower with Radar,214,24,21,24,283,0,4,8,0,12,214,28,29,24,295,0,14,14,309
12/21/2004,RSW,FL,ASO,ES,Combined TRACON& Tower with Radar,222,26,17,0,265,0,2,16,0,18,222,28,33,0,283,1,0,1,284
12/22/2004,RSW,FL,ASO,ES,Combined TRACON& Tower with Radar,216,30,25,7,278,0,0,19,0,19,216,30,44,7,297,5,7,12,309
12/23/2004,RSW,FL,ASO,ES,Combined TRACON& Tower with Radar,203,29,40,0,272,0,2,10,0,12,203,31,50,0,284,4,0,4,288
12/24/2004,RSW,FL,ASO,ES,Combined TRACON& Tower with Radar,200,38,32,0,270,0,0,0,0,0,200,38,32,0,270,2,0,2,272
12/25/2004,RSW,FL,ASO,ES,Combined TRACON& Tower with Radar,204,41,10,0,255,0,0,0,0,0,204,41,10,0,255,0,0,0,255
12/26/2004,RSW,FL,ASO,ES,Combined TRACON& Tower with Radar,202,43,52,0,297,0,1,12,0,13,202,44,64,0,310,0,0,0,310
12/27/2004,RSW,FL,ASO,ES,Combined TRACON& Tower with Radar,216,58,57,0,331,0,5,9,0,14,216,63,66,0,345,3,0,3,348
12/28/2004,RSW,FL,ASO,ES,Combined TRACON& Tower with Radar,220,39,43,0,302,0,1,19,0,20,220,40,62,0,322,1,0,1,323
12/29/2004,RSW,FL,ASO,ES,Combined TRACON& Tower with Radar,224,29,40,2,295,0,1,20,0,21,224,30,60,2,316,4,2,6,322
12/30/2004,RSW,FL,ASO,ES,Combined TRACON& Tower with Radar,227,30,39,2,298,0,0,22,0,22,227,30,61,2,320,13,0,13,333
12/31/2004,RSW,FL,ASO,ES,Combined TRACON& Tower with Radar,201,42,17,0,260,0,4,7,0,11,201,46,24,0,271,1,0,1,272
01/01/2005,RSW,FL,ASO,ES,Combined TRACON& Tower with Radar,213,34,21,0,268,0,0,12,0,12,213,34,33,0,280,0,0,0,280
01/02/2005,RSW,FL,ASO,ES,Combined TRACON& Tower with Radar,206,40,65,1,312,0,2,3,0,5,206,42,68,1,317,0,0,0,317
01/03/2005,RSW,FL,ASO,ES,Combined TRACON& Tower with Radar,214,38,34,0,286,0,6,27,0,33,214,44,61,0,319,1,0,1,320
01/04/2005,RSW,FL,ASO,ES,Combined TRACON& Tower with Radar,208,25,42,4,279,0,1,11,0,12,208,26,53,4,291,6,8,14,305
01/05/2005,RSW,FL,ASO,ES,Combined TRACON& Tower with Radar,181,44,49,8,282,0,4,26,0,30,181,48,75,8,312,6,10,16,328
01/06/2005,RSW,FL,ASO,ES,Combined TRACON& Tower with Radar,206,31,49,17,303,0,5,15,0,20,206,36,64,17,323,0,7,7,330
01/07/2005,RSW,FL,ASO,ES,Combined TRACON& Tower with Radar,200,29,45,0,274,0,0,21,0,21,200,29,66,0,295,11,0,11,306
01/08/2005,RSW,FL,ASO,ES,Combined TRACON& Tower with Radar,201,29,25,1,256,0,0,13,1,14,201,29,38,2,270,0,2,2,272
01/09/2005,RSW,FL,ASO,ES,Combined TRACON& Tower with Radar,189,26,27,0,242,0,7,7,0,14,189,33,34,0,256,1,0,1,257
01/10/2005,RSW,FL,ASO,ES,Combined TRACON& Tower with Radar,194,30,22,0,246,0,11,22,0,33,194,41,44,0,279,9,0,9,288
01/11/2005,RSW,FL,ASO,ES,Combined TRACON& Tower with Radar,187,25,38,0,250,0,8,16,0,24,187,33,54,0,274,2,0,2,276
01/12/2005,RSW,FL,ASO,ES,Combined TRACON& Tower with Radar,186,23,46,0,255,0,1,31,0,32,186,24,77,0,287,15,0,15,302
01/13/2005,RSW,FL,ASO,ES,Combined TRACON& Tower with Radar,193,34,21,3,251,0,1,9,0,10,193,35,30,3,261,2,7,9,270
01/14/2005,RSW,FL,ASO,ES,Combined TRACON& Tower with Radar,196,46,41,0,283,0,0,9,0,9,196,46,50,0,292,0,0,0,292
01/15/2005,RSW,FL,ASO,ES,Combined TRACON& Tower with Radar,199,39,20,7,265,0,2,4,0,6,199,41,24,7,271,0,2,2,273
01/16/2005,RSW,FL,ASO,ES,Combined TRACON& Tower with Radar,181,49,36,1,267,0,1,4,0,5,181,50,40,1,272,1,0,1,273
01/17/2005,RSW,FL,ASO,ES,Combined TRACON& Tower with Radar,193,43,58,12,306,0,4,15,0,19,193,47,73,12,325,16,13,29,354
01/18/2005,RSW,FL,ASO,ES,Combined TRACON& Tower with Radar,197,34,42,0,273,0,5,18,0,23,197,39,60,0,296,0,0,0,296
01/19/2005,RSW,FL,ASO,ES,Combined TRACON& Tower with Radar,183,49,39,9,280,0,4,31,0,35,183,53,70,9,315,11,0,11,326
01/20/2005,RSW,FL,ASO,ES,Combined TRACON& Tower with Radar,196,41,57,1,295,0,6,18,0,24,196,47,75,1,319,0,0,0,319
01/21/2005,RSW,FL,ASO,ES,Combined TRACON& Tower with Radar,190,54,41,5,290,0,4,12,0,16,190,58,53,5,306,5,0,5,311
01/22/2005,RSW,FL,ASO,ES,Combined TRACON& Tower with Radar,157,41,15,0,213,0,2,11,0,13,157,43,26,0,226,0,0,0,226
01/23/2005,RSW,FL,ASO,ES,Combined TRACON& Tower with Radar,154,46,27,2,229,0,8,17,0,25,154,54,44,2,254,1,0,1,255
01/24/2005,RSW,FL,ASO,ES,Combined TRACON& Tower with Radar,181,48,32,9,270,0,3,17,1,21,181,51,49,10,291,3,6,9,300
01/25/2005,RSW,FL,ASO,ES,Combined TRACON& Tower with Radar,194,37,31,23,285,0,3,18,0,21,194,40,49,23,306,2,8,10,316
01/26/2005,RSW,FL,ASO,ES,Combined TRACON& Tower with Radar,186,39,34,27,286,0,3,28,1,32,186,42,62,28,318,8,39,47,365
01/27/2005,RSW,FL,ASO,ES,Combined TRACON& Tower with Radar,197,37,35,0,269,0,8,16,0,24,197,45,51,0,293,3,0,3,296
01/28/2005,RSW,FL,ASO,ES,Combined TRACON& Tower with Radar,195,49,63,12,319,0,6,11,0,17,195,55,74,12,336,1,2,3,339
01/29/2005,RSW,FL,ASO,ES,Combined TRACON& Tower with Radar,170,44,22,0,236,0,3,7,0,10,170,47,29,0,246,0,0,0,246
01/30/2005,RSW,FL,ASO,ES,Combined TRACON& Tower with Radar,135,46,32,0,213,0,0,12,0,12,135,46,44,0,225,4,2,6,231
01/31/2005,RSW,FL,ASO,ES,Combined TRACON& Tower with Radar,202,42,31,9,284,0,0,22,0,22,202,42,53,9,306,6,5,11,317
02/01/2005,RSW,FL,ASO,ES,Combined TRACON& Tower with Radar,199,45,37,0,281,0,4,22,0,26,199,49,59,0,307,0,0,0,307
02/02/2005,RSW,FL,ASO,ES,Combined TRACON& Tower with Radar,202,49,43,6,300,0,1,21,0,22,202,50,64,6,322,0,6,6,328
02/03/2005,RSW,FL,ASO,ES,Combined TRACON& Tower with Radar,217,49,38,14,318,4,12,0,1,17,221,61,38,15,335,23,5,28,363
02/04/2005,RSW,FL,ASO,ES,Combined TRACON& Tower with Radar,209,51,63,2,325,1,9,1,0,11,210,60,64,2,336,3,2,5,341
02/05/2005,RSW,FL,ASO,ES,Combined TRACON& Tower with Radar,224,47,34,0,305,4,17,0,0,21,228,64,34,0,326,1,0,1,327
02/06/2005,RSW,FL,ASO,ES,Combined TRACON& Tower with Radar,204,44,29,1,278,0,13,1,3,17,204,57,30,4,295,12,6,18,313
02/07/2005,RSW,FL,ASO,ES,Combined TRACON& Tower with Radar,214,48,40,11,313,3,9,1,3,16,217,57,41,14,329,3,5,8,337
02/08/2005,RSW,FL,ASO,ES,Combined TRACON& Tower with Radar,212,49,20,0,281,6,11,0,6,23,218,60,20,6,304,5,0,5,309
02/09/2005,RSW,FL,ASO,ES,Combined TRACON& Tower with Radar,202,45,45,8,300,1,17,1,2,21,203,62,46,10,321,5,27,32,353
02/10/2005,RSW,FL,ASO,ES,Combined TRACON& Tower with Radar,231,50,40,10,331,5,9,0,0,14,236,59,40,10,345,6,21,27,372
02/11/2005,RSW,FL,ASO,ES,Combined TRACON& Tower with Radar,224,45,36,1,306,7,12,0,1,20,231,57,36,2,326,4,11,15,341
02/12/2005,RSW,FL,ASO,ES,Combined TRACON& Tower with Radar,218,44,32,4,298,2,12,1,0,15,220,56,33,4,313,1,2,3,316
02/13/2005,RSW,FL,ASO,ES,Combined TRACON& Tower with Radar,202,55,28,0,285,4,13,0,1,18,206,68,28,1,303,0,1,1,304
02/14/2005,RSW,FL,ASO,ES,Combined TRACON& Tower with Radar,226,45,30,20,321,0,11,0,2,13,226,56,30,22,334,10,28,38,372
02/15/2005,RSW,FL,ASO,ES,Combined TRACON& Tower with Radar,220,46,43,7,316,4,18,0,3,25,224,64,43,10,341,4,0,4,345
02/16/2005,RSW,FL,ASO,ES,Combined TRACON& Tower with Radar,238,50,34,5,327,3,23,0,0,26,241,73,34,5,353,2,0,2,355
02/17/2005,RSW,FL,ASO,ES,Combined TRACON& Tower with Radar,257,47,63,9,376,2,24,0,0,26,259,71,63,9,402,6,4,10,412
02/18/2005,RSW,FL,ASO,ES,Combined TRACON& Tower with Radar,254,50,51,0,355,5,7,0,0,12,259,57,51,0,367,6,0,6,373
02/19/2005,RSW,FL,ASO,ES,Combined TRACON& Tower with Radar,265,51,40,2,358,6,6,0,1,13,271,57,40,3,371,9,0,9,380
02/20/2005,RSW,FL,ASO,ES,Combined TRACON& Tower with Radar,230,48,39,0,317,1,14,0,1,16,231,62,39,1,333,7,0,7,340
02/21/2005,RSW,FL,ASO,ES,Combined TRACON& Tower with Radar,240,70,76,9,395,4,9,0,0,13,244,79,76,9,408,4,0,4,412
02/22/2005,RSW,FL,ASO,ES,Combined TRACON& Tower with Radar,241,59,49,7,356,2,16,0,0,18,243,75,49,7,374,0,0,0,374
02/23/2005,RSW,FL,ASO,ES,Combined TRACON& Tower with Radar,252,55,35,3,345,11,9,0,2,22,263,64,35,5,367,3,6,9,376
02/24/2005,RSW,FL,ASO,ES,Combined TRACON& Tower with Radar,242,45,36,2,325,3,20,0,0,23,245,65,36,2,348,5,2,7,355
02/25/2005,RSW,FL,ASO,ES,Combined TRACON& Tower with Radar,262,52,42,9,365,0,8,0,0,8,262,60,42,9,373,1,4,5,378
02/26/2005,RSW,FL,ASO,ES,Combined TRACON& Tower with Radar,257,48,27,0,332,1,4,0,0,5,258,52,27,0,337,0,0,0,337
02/27/2005,RSW,FL,ASO,ES,Combined TRACON& Tower with Radar,242,49,47,0,338,1,3,0,0,4,243,52,47,0,342,3,0,3,345
02/28/2005,RSW,FL,ASO,ES,Combined TRACON& Tower with Radar,248,47,20,4,319,2,13,0,2,17,250,60,20,6,336,0,1,1,337
03/01/2005,RSW,FL,ASO,ES,Combined TRACON& Tower with Radar,243,52,20,13,328,3,16,0,1,20,246,68,20,14,348,5,1,6,354
03/02/2005,RSW,FL,ASO,ES,Combined TRACON& Tower with Radar,263,48,39,0,350,0,8,0,0,8,263,56,39,0,358,1,0,1,359
03/03/2005,RSW,FL,ASO,ES,Combined TRACON& Tower with Radar,249,54,31,0,334,1,10,0,0,11,250,64,31,0,345,0,0,0,345
03/04/2005,RSW,FL,ASO,ES,Combined TRACON& Tower with Radar,261,48,33,0,342,3,20,0,0,23,264,68,33,0,365,0,0,0,365
03/05/2005,RSW,FL,ASO,ES,Combined TRACON& Tower with Radar,260,45,16,0,321,4,9,0,0,13,264,54,16,0,334,1,0,1,335
03/06/2005,RSW,FL,ASO,ES,Combined TRACON& Tower with Radar,238,68,38,0,344,0,17,0,0,17,238,85,38,0,361,0,0,0,361
03/07/2005,RSW,FL,ASO,ES,Combined TRACON& Tower with Radar,260,38,22,21,341,2,9,0,0,11,262,47,22,21,352,0,32,32,384
03/08/2005,RSW,FL,ASO,ES,Combined TRACON& Tower with Radar,249,48,22,0,319,5,4,0,0,9,254,52,22,0,328,3,0,3,331
03/09/2005,RSW,FL,ASO,ES,Combined TRACON& Tower with Radar,255,67,34,0,356,2,1,0,0,3,257,68,34,0,359,0,0,0,359
03/10/2005,RSW,FL,ASO,ES,Combined TRACON& Tower with Radar,264,46,40,1,351,5,26,0,0,31,269,72,40,1,382,0,1,1,383
03/11/2005,RSW,FL,ASO,ES,Combined TRACON& Tower with Radar,244,51,31,13,339,3,20,1,0,24,247,71,32,13,363,1,10,11,374
03/12/2005,RSW,FL,ASO,ES,Combined TRACON& Tower with Radar,263,49,29,8,349,2,11,0,1,14,265,60,29,9,363,0,0,0,363
03/13/2005,RSW,FL,ASO,ES,Combined TRACON& Tower with Radar,245,50,33,0,328,1,3,0,0,4,246,53,33,0,332,0,0,0,332
03/14/2005,RSW,FL,ASO,ES,Combined TRACON& Tower with Radar,257,37,32,4,330,2,12,0,0,14,259,49,32,4,344,3,0,3,347
03/15/2005,RSW,FL,ASO,ES,Combined TRACON& Tower with Radar,262,39,24,2,327,2,19,1,0,22,264,58,25,2,349,5,1,6,355
03/16/2005,RSW,FL,ASO,ES,Combined TRACON& Tower with Radar,250,41,31,1,323,0,2,15,5,22,250,43,46,6,345,10,8,18,363
03/17/2005,RSW,FL,ASO,ES,Combined TRACON& Tower with Radar,276,51,42,1,370,0,0,1,0,1,276,51,43,1,371,0,0,0,371
03/18/2005,RSW,FL,ASO,ES,Combined TRACON& Tower with Radar,256,48,44,2,350,0,5,23,2,30,256,53,67,4,380,6,0,6,386
03/19/2005,RSW,FL,ASO,ES,Combined TRACON& Tower with Radar,263,53,32,0,348,0,2,16,2,20,263,55,48,2,368,2,0,2,370
03/20/2005,RSW,FL,ASO,ES,Combined TRACON& Tower with Radar,245,54,50,2,351,0,0,21,2,23,245,54,71,4,374,2,0,2,376
03/21/2005,RSW,FL,ASO,ES,Combined TRACON& Tower with Radar,255,48,28,2,333,0,1,16,0,17,255,49,44,2,350,3,1,4,354
03/22/2005,RSW,FL,ASO,ES,Combined TRACON& Tower with Radar,256,48,41,9,354,0,5,13,0,18,256,53,54,9,372,2,0,2,374
03/23/2005,RSW,FL,ASO,ES,Combined TRACON& Tower with Radar,267,58,38,0,363,0,2,9,0,11,267,60,47,0,374,5,0,5,379
03/24/2005,RSW,FL,ASO,ES,Combined TRACON& Tower with Radar,267,60,56,8,391,0,4,21,2,27,267,64,77,10,418,0,2,2,420
03/25/2005,RSW,FL,ASO,ES,Combined TRACON& Tower with Radar,258,52,51,3,364,0,1,14,0,15,258,53,65,3,379,2,0,2,381
03/26/2005,RSW,FL,ASO,ES,Combined TRACON& Tower with Radar,278,66,28,0,372,0,6,4,1,11,278,72,32,1,383,1,0,1,384
03/27/2005,RSW,FL,ASO,ES,Combined TRACON& Tower with Radar,236,50,39,0,325,0,4,11,0,15,236,54,50,0,340,3,0,3,343
03/28/2005,RSW,FL,ASO,ES,Combined TRACON& Tower with Radar,265,39,26,0,330,0,0,9,0,9,265,39,35,0,339,0,0,0,339
03/29/2005,RSW,FL,ASO,ES,Combined TRACON& Tower with Radar,264,47,34,0,345,0,1,16,0,17,264,48,50,0,362,4,0,4,366
03/30/2005,RSW,FL,ASO,ES,Combined TRACON& Tower with Radar,249,46,38,0,333,0,5,24,0,29,249,51,62,0,362,4,0,4,366
03/31/2005,RSW,FL,ASO,ES,Combined TRACON& Tower with Radar,253,48,42,0,343,0,2,22,0,24,253,50,64,0,367,6,0,6,373
04/01/2005,RSW,FL,ASO,ES,Combined TRACON& Tower with Radar,249,50,49,0,348,3,32,0,1,36,252,82,49,1,384,6,0,6,390
04/02/2005,RSW,FL,ASO,ES,Combined TRACON& Tower with Radar,283,40,32,0,355,5,4,0,0,9,288,44,32,0,364,0,0,0,364
04/03/2005,RSW,FL,ASO,ES,Combined TRACON& Tower with Radar,235,61,52,0,348,0,0,14,0,14,235,61,66,0,362,4,0,4,366
04/04/2005,RSW,FL,ASO,ES,Combined TRACON& Tower with Radar,240,50,38,0,328,0,4,22,1,27,240,54,60,1,355,0,0,0,355
04/05/2005,RSW,FL,ASO,ES,Combined TRACON& Tower with Radar,234,48,30,0,312,0,3,18,0,21,234,51,48,0,333,3,0,3,336
04/06/2005,RSW,FL,ASO,ES,Combined TRACON& Tower with Radar,233,52,30,3,318,0,1,21,2,24,233,53,51,5,342,2,2,4,346
04/07/2005,RSW,FL,ASO,ES,Combined TRACON& Tower with Radar,240,45,18,0,303,0,1,10,0,11,240,46,28,0,314,0,0,0,314
04/08/2005,RSW,FL,ASO,ES,Combined TRACON& Tower with Radar,228,51,36,0,315,0,4,14,0,18,228,55,50,0,333,1,0,1,334
04/09/2005,RSW,FL,ASO,ES,Combined TRACON& Tower with Radar,247,40,19,0,306,0,8,5,0,13,247,48,24,0,319,2,0,2,321
04/10/2005,RSW,FL,ASO,ES,Combined TRACON& Tower with Radar,228,40,36,2,306,0,8,15,1,24,228,48,51,3,330,2,1,3,333
04/11/2005,RSW,FL,ASO,ES,Combined TRACON& Tower with Radar,233,31,37,0,301,0,7,28,0,35,233,38,65,0,336,1,0,1,337
04/12/2005,RSW,FL,ASO,ES,Combined TRACON& Tower with Radar,237,39,39,0,315,0,1,19,0,20,237,40,58,0,335,7,0,7,342
04/13/2005,RSW,FL,ASO,ES,Combined TRACON& Tower with Radar,236,42,35,0,313,0,4,15,0,19,236,46,50,0,332,2,0,2,334
04/14/2005,RSW,FL,ASO,ES,Combined TRACON& Tower with Radar,240,54,31,0,325,0,4,14,0,18,240,58,45,0,343,1,0,1,344
04/15/2005,RSW,FL,ASO,ES,Combined TRACON& Tower with Radar,239,43,31,16,329,0,3,17,0,20,239,46,48,16,349,1,12,13,362
04/16/2005,RSW,FL,ASO,ES,Combined TRACON& Tower with Radar,249,36,25,0,310,0,1,10,0,11,249,37,35,0,321,0,0,0,321
04/17/2005,RSW,FL,ASO,ES,Combined TRACON& Tower with Radar,220,55,37,2,314,0,1,12,0,13,220,56,49,2,327,0,0,0,327
04/18/2005,RSW,FL,ASO,ES,Combined TRACON& Tower with Radar,238,37,37,2,314,0,2,18,0,20,238,39,55,2,334,3,2,5,339
04/19/2005,RSW,FL,ASO,ES,Combined TRACON& Tower with Radar,231,52,30,7,320,0,1,16,0,17,231,53,46,7,337,1,7,8,345
04/20/2005,RSW,FL,ASO,ES,Combined TRACON& Tower with Radar,229,51,29,2,311,0,1,13,1,15,229,52,42,3,326,9,0,9,335
04/21/2005,RSW,FL,ASO,ES,Combined TRACON& Tower with Radar,211,51,42,0,304,0,1,21,0,22,211,52,63,0,326,1,9,10,336
04/22/2005,RSW,FL,ASO,ES,Combined TRACON& Tower with Radar,223,49,25,2,299,0,7,19,0,26,223,56,44,2,325,1,0,1,326
04/23/2005,RSW,FL,ASO,ES,Combined TRACON& Tower with Radar,243,31,9,3,286,0,7,4,0,11,243,38,13,3,297,1,0,1,298
04/24/2005,RSW,FL,ASO,ES,Combined TRACON& Tower with Radar,224,40,40,4,308,0,0,5,0,5,224,40,45,4,313,5,0,5,318
04/25/2005,RSW,FL,ASO,ES,Combined TRACON& Tower with Radar,229,42,26,14,311,0,4,12,0,16,229,46,38,14,327,0,0,0,327
04/26/2005,RSW,FL,ASO,ES,Combined TRACON& Tower with Radar,237,56,24,16,333,0,1,14,0,15,237,57,38,16,348,0,5,5,353
04/27/2005,RSW,FL,ASO,ES,Combined TRACON& Tower with Radar,231,59,15,2,307,0,3,8,0,11,231,62,23,2,318,0,0,0,318
04/28/2005,RSW,FL,ASO,ES,Combined TRACON& Tower with Radar,236,35,45,0,316,0,6,18,0,24,236,41,63,0,340,0,0,0,340
04/29/2005,RSW,FL,ASO,ES,Combined TRACON& Tower with Radar,225,49,17,4,295,0,5,20,0,25,225,54,37,4,320,1,0,1,321
04/30/2005,RSW,FL,ASO,ES,Combined TRACON& Tower with Radar,229,51,12,0,292,0,4,7,0,11,229,55,19,0,303,1,0,1,304
05/01/2005,RSW,FL,ASO,ES,Combined TRACON& Tower with Radar,199,39,17,0,255,5,9,0,0,14,204,48,17,0,269,0,0,0,269
05/02/2005,RSW,FL,ASO,ES,Combined TRACON& Tower with Radar,192,31,29,4,256,0,18,0,0,18,192,49,29,4,274,6,2,8,282
05/03/2005,RSW,FL,ASO,ES,Combined TRACON& Tower with Radar,200,35,28,0,263,0,0,2,2,4,200,35,30,2,267,2,2,4,271
05/04/2005,RSW,FL,ASO,ES,Combined TRACON& Tower with Radar,197,27,25,0,249,0,0,1,0,1,197,27,26,0,250,0,0,0,250
05/05/2005,RSW,FL,ASO,ES,Combined TRACON& Tower with Radar,194,28,35,0,257,0,2,10,0,12,194,30,45,0,269,0,0,0,269
05/06/2005,RSW,FL,ASO,ES,Combined TRACON& Tower with Radar,171,34,44,0,249,0,2,11,0,13,171,36,55,0,262,6,0,6,268
05/07/2005,RSW,FL,ASO,ES,Combined TRACON& Tower with Radar,174,31,17,0,222,0,2,15,0,17,174,33,32,0,239,2,0,2,241
05/08/2005,RSW,FL,ASO,ES,Combined TRACON& Tower with Radar,150,29,20,0,199,0,2,8,0,10,150,31,28,0,209,3,0,3,212
05/09/2005,RSW,FL,ASO,ES,Combined TRACON& Tower with Radar,166,27,33,6,232,0,1,19,0,20,166,28,52,6,252,9,12,21,273
05/10/2005,RSW,FL,ASO,ES,Combined TRACON& Tower with Radar,168,35,13,14,230,0,0,15,0,15,168,35,28,14,245,24,4,28,273
05/11/2005,RSW,FL,ASO,ES,Combined TRACON& Tower with Radar,163,32,19,13,227,0,0,30,0,30,163,32,49,13,257,19,0,19,276
05/12/2005,RSW,FL,ASO,ES,Combined TRACON& Tower with Radar,163,40,28,3,234,0,1,22,0,23,163,41,50,3,257,1,0,1,258
05/13/2005,RSW,FL,ASO,ES,Combined TRACON& Tower with Radar,170,34,22,3,229,0,3,29,3,35,170,37,51,6,264,0,0,0,264
05/14/2005,RSW,FL,ASO,ES,Combined TRACON& Tower with Radar,167,25,9,7,208,0,2,25,2,29,167,27,34,9,237,0,0,0,237
05/15/2005,RSW,FL,ASO,ES,Combined TRACON& Tower with Radar,150,34,18,2,204,0,1,33,6,40,150,35,51,8,244,0,0,0,244
05/16/2005,RSW,FL,ASO,ES,Combined TRACON& Tower with Radar,173,20,30,9,232,0,1,19,0,20,173,21,49,9,252,8,4,12,264
05/17/2005,RSW,FL,ASO,ES,Combined TRACON& Tower with Radar,165,33,19,18,235,0,0,16,3,19,165,33,35,21,254,0,7,7,261
05/18/2005,RSW,FL,ASO,ES,Combined TRACON& Tower with Radar,162,35,30,0,227,0,2,12,0,14,162,37,42,0,241,7,0,7,248
05/19/2005,RSW,FL,ASO,ES,Combined TRACON& Tower with Radar,154,33,30,0,217,0,1,22,0,23,154,34,52,0,240,2,0,2,242
05/20/2005,RSW,FL,ASO,ES,Combined TRACON& Tower with Radar,158,31,32,0,221,0,0,16,0,16,158,31,48,0,237,3,0,3,240
05/21/2005,RSW,FL,ASO,ES,Combined TRACON& Tower with Radar,165,21,14,0,200,0,2,8,0,10,165,23,22,0,210,3,0,3,213
05/22/2005,RSW,FL,ASO,ES,Combined TRACON& Tower with Radar,148,38,14,0,200,0,0,10,0,10,148,38,24,0,210,7,0,7,217
05/23/2005,RSW,FL,ASO,ES,Combined TRACON& Tower with Radar,160,32,19,0,211,0,0,8,0,8,160,32,27,0,219,2,0,2,221
05/24/2005,RSW,FL,ASO,ES,Combined TRACON& Tower with Radar,168,29,23,8,228,0,2,11,0,13,168,31,34,8,241,1,0,1,242
05/25/2005,RSW,FL,ASO,ES,Combined TRACON& Tower with Radar,162,36,36,2,236,0,2,9,0,11,162,38,45,2,247,6,0,6,253
05/26/2005,RSW,FL,ASO,ES,Combined TRACON& Tower with Radar,188,30,48,1,267,0,2,10,1,13,188,32,58,2,280,4,1,5,285
05/27/2005,RSW,FL,ASO,ES,Combined TRACON& Tower with Radar,162,33,43,0,238,0,3,13,0,16,162,36,56,0,254,1,0,1,255
05/28/2005,RSW,FL,ASO,ES,Combined TRACON& Tower with Radar,166,27,15,0,208,0,4,7,0,11,166,31,22,0,219,3,0,3,222
05/29/2005,RSW,FL,ASO,ES,Combined TRACON& Tower with Radar,144,23,29,0,196,0,0,11,0,11,144,23,40,0,207,0,0,0,207
05/30/2005,RSW,FL,ASO,ES,Combined TRACON& Tower with Radar,153,29,25,0,207,0,0,8,0,8,153,29,33,0,215,0,0,0,215
05/31/2005,RSW,FL,ASO,ES,Combined TRACON& Tower with Radar,170,27,27,0,224,0,0,12,0,12,170,27,39,0,236,1,0,1,237
06/01/2005,RSW,FL,ASO,ES,Combined TRACON& Tower with Radar,162,28,11,0,201,0,1,1,0,2,162,29,12,0,203,1,0,1,204
06/02/2005,RSW,FL,ASO,ES,Combined TRACON& Tower with Radar,167,23,21,5,216,0,0,11,0,11,167,23,32,5,227,0,0,0,227
06/03/2005,RSW,FL,ASO,ES,Combined TRACON& Tower with Radar,155,23,21,0,199,0,0,2,0,2,155,23,23,0,201,0,0,0,201
06/04/2005,RSW,FL,ASO,ES,Combined TRACON& Tower with Radar,158,20,12,0,190,0,1,8,0,9,158,21,20,0,199,1,0,1,200
06/05/2005,RSW,FL,ASO,ES,Combined TRACON& Tower with Radar,148,21,11,0,180,0,2,6,0,8,148,23,17,0,188,0,0,0,188
06/06/2005,RSW,FL,ASO,ES,Combined TRACON& Tower with Radar,157,17,29,1,204,0,0,19,0,19,157,17,48,1,223,0,0,0,223
06/07/2005,RSW,FL,ASO,ES,Combined TRACON& Tower with Radar,176,15,34,8,233,0,0,11,1,12,176,15,45,9,245,4,5,9,254
06/08/2005,RSW,FL,ASO,ES,Combined TRACON& Tower with Radar,157,18,29,2,206,0,0,9,1,10,157,18,38,3,216,17,1,18,234
06/09/2005,RSW,FL,ASO,ES,Combined TRACON& Tower with Radar,153,25,15,0,193,0,0,9,0,9,153,25,24,0,202,2,0,2,204
06/10/2005,RSW,FL,ASO,ES,Combined TRACON& Tower with Radar,161,25,8,2,196,0,0,3,0,3,161,25,11,2,199,2,0,2,201
06/11/2005,RSW,FL,ASO,ES,Combined TRACON& Tower with Radar,151,18,15,0,184,0,2,7,0,9,151,20,22,0,193,13,0,13,206
06/12/2005,RSW,FL,ASO,ES,Combined TRACON& Tower with Radar,146,11,22,0,179,0,0,6,0,6,146,11,28,0,185,2,0,2,187
06/13/2005,RSW,FL,ASO,ES,Combined TRACON& Tower with Radar,155,21,22,8,206,0,0,0,0,0,155,21,22,8,206,2,2,4,210
06/14/2005,RSW,FL,ASO,ES,Combined TRACON& Tower with Radar,143,23,22,0,188,0,2,26,0,28,143,25,48,0,216,2,0,2,218
06/15/2005,RSW,FL,ASO,ES,Combined TRACON& Tower with Radar,155,19,25,0,199,0,1,9,0,10,155,20,34,0,209,0,0,0,209
06/16/2005,RSW,FL,ASO,ES,Combined TRACON& Tower with Radar,158,19,25,10,212,0,3,21,0,24,158,22,46,10,236,16,9,25,261
06/17/2005,RSW,FL,ASO,ES,Combined TRACON& Tower with Radar,173,22,18,0,213,0,0,13,0,13,173,22,31,0,226,0,0,0,226
06/18/2005,RSW,FL,ASO,ES,Combined TRACON& Tower with Radar,162,19,15,0,196,0,0,13,0,13,162,19,28,0,209,0,0,0,209
06/19/2005,RSW,FL,ASO,ES,Combined TRACON& Tower with Radar,151,19,29,0,199,0,4,16,0,20,151,23,45,0,219,0,0,0,219
06/20/2005,RSW,FL,ASO,ES,Combined TRACON& Tower with Radar,171,17,15,0,203,0,1,1,0,2,171,18,16,0,205,1,0,1,206
06/21/2005,RSW,FL,ASO,ES,Combined TRACON& Tower with Radar,153,22,16,0,191,0,1,10,0,11,153,23,26,0,202,3,0,3,205
06/22/2005,RSW,FL,ASO,ES,Combined TRACON& Tower with Radar,156,15,23,0,194,0,0,12,0,12,156,15,35,0,206,1,0,1,207
06/23/2005,RSW,FL,ASO,ES,Combined TRACON& Tower with Radar,178,21,10,0,209,0,0,7,0,7,178,21,17,0,216,0,0,0,216
06/24/2005,RSW,FL,ASO,ES,Combined TRACON& Tower with Radar,162,24,16,2,204,0,0,6,0,6,162,24,22,2,210,3,0,3,213
06/25/2005,RSW,FL,ASO,ES,Combined TRACON& Tower with Radar,152,39,20,0,211,0,0,2,0,2,152,39,22,0,213,0,0,0,213
06/26/2005,RSW,FL,ASO,ES,Combined TRACON& Tower with Radar,146,20,8,0,174,0,1,1,0,2,146,21,9,0,176,1,0,1,177
06/27/2005,RSW,FL,ASO,ES,Combined TRACON& Tower with Radar,153,21,22,0,196,0,2,8,0,10,153,23,30,0,206,0,0,0,206
06/28/2005,RSW,FL,ASO,ES,Combined TRACON& Tower with Radar,147,17,39,0,203,0,1,2,0,3,147,18,41,0,206,5,0,5,211
06/29/2005,RSW,FL,ASO,ES,Combined TRACON& Tower with Radar,152,21,18,3,194,0,0,7,0,7,152,21,25,3,201,5,2,7,208
06/30/2005,RSW,FL,ASO,ES,Combined TRACON& Tower with Radar,148,20,17,0,185,0,3,15,0,18,148,23,32,0,203,8,0,8,211
07/01/2005,RSW,FL,ASO,ES,Combined TRACON& Tower with Radar,153,21,24,4,202,0,1,13,0,14,153,22,37,4,216,0,2,2,218
07/02/2005,RSW,FL,ASO,ES,Combined TRACON& Tower with Radar,156,24,12,3,195,0,2,7,0,9,156,26,19,3,204,0,0,0,204
07/03/2005,RSW,FL,ASO,ES,Combined TRACON& Tower with Radar,129,18,5,0,152,0,0,11,0,11,129,18,16,0,163,0,0,0,163
07/04/2005,RSW,FL,ASO,ES,Combined TRACON& Tower with Radar,138,14,3,0,155,0,8,3,0,11,138,22,6,0,166,0,0,0,166
07/05/2005,RSW,FL,ASO,ES,Combined TRACON& Tower with Radar,147,20,25,0,192,0,0,12,0,12,147,20,37,0,204,0,0,0,204
07/06/2005,RSW,FL,ASO,ES,Combined TRACON& Tower with Radar,149,23,26,0,198,0,0,21,0,21,149,23,47,0,219,0,0,0,219
07/07/2005,RSW,FL,ASO,ES,Combined TRACON& Tower with Radar,148,23,37,0,208,0,1,10,0,11,148,24,47,0,219,8,0,8,227
07/08/2005,RSW,FL,ASO,ES,Combined TRACON& Tower with Radar,163,19,12,0,194,0,0,2,0,2,163,19,14,0,196,0,0,0,196
07/09/2005,RSW,FL,ASO,ES,Combined TRACON& Tower with Radar,82,3,0,0,85,0,0,1,0,1,82,3,1,0,86,0,0,0,86
07/10/2005,RSW,FL,ASO,ES,Combined TRACON& Tower with Radar,137,18,5,0,160,0,1,3,0,4,137,19,8,0,164,0,0,0,164
07/11/2005,RSW,FL,ASO,ES,Combined TRACON& Tower with Radar,142,20,11,9,182,0,1,6,1,8,142,21,17,10,190,10,4,14,204
07/12/2005,RSW,FL,ASO,ES,Combined TRACON& Tower with Radar,155,18,18,7,198,0,1,14,0,15,155,19,32,7,213,3,0,3,216
07/13/2005,RSW,FL,ASO,ES,Combined TRACON& Tower with Radar,146,24,16,5,191,0,1,14,0,15,146,25,30,5,206,5,0,5,211
07/14/2005,RSW,FL,ASO,ES,Combined TRACON& Tower with Radar,150,19,9,9,187,0,2,9,0,11,150,21,18,9,198,3,3,6,204
07/15/2005,RSW,FL,ASO,ES,Combined TRACON& Tower with Radar,150,15,23,0,188,0,4,6,0,10,150,19,29,0,198,21,0,21,219
07/16/2005,RSW,FL,ASO,ES,Combined TRACON& Tower with Radar,155,19,10,13,197,0,1,3,0,4,155,20,13,13,201,1,0,1,202
07/17/2005,RSW,FL,ASO,ES,Combined TRACON& Tower with Radar,132,34,17,0,183,0,1,8,0,9,132,35,25,0,192,0,0,0,192
07/18/2005,RSW,FL,ASO,ES,Combined TRACON& Tower with Radar,151,12,13,2,178,0,1,7,2,10,151,13,20,4,188,0,38,38,226
07/19/2005,RSW,FL,ASO,ES,Combined TRACON& Tower with Radar,156,16,10,0,182,0,0,0,0,0,156,16,10,0,182,0,0,0,182
07/20/2005,RSW,FL,ASO,ES,Combined TRACON& Tower with Radar,144,15,12,6,177,0,3,5,0,8,144,18,17,6,185,23,1,24,209
07/21/2005,RSW,FL,ASO,ES,Combined TRACON& Tower with Radar,147,17,24,0,188,0,4,6,0,10,147,21,30,0,198,1,0,1,199
07/22/2005,RSW,FL,ASO,ES,Combined TRACON& Tower with Radar,151,13,17,0,181,0,5,13,0,18,151,18,30,0,199,0,0,0,199
07/23/2005,RSW,FL,ASO,ES,Combined TRACON& Tower with Radar,156,23,7,2,188,0,1,2,1,4,156,24,9,3,192,7,7,14,206
07/24/2005,RSW,FL,ASO,ES,Combined TRACON& Tower with Radar,138,26,6,0,170,0,5,6,0,11,138,31,12,0,181,0,0,0,181
07/25/2005,RSW,FL,ASO,ES,Combined TRACON& Tower with Radar,153,20,12,6,191,0,0,5,1,6,153,20,17,7,197,2,0,2,199
07/26/2005,RSW,FL,ASO,ES,Combined TRACON& Tower with Radar,162,19,15,7,203,0,3,12,0,15,162,22,27,7,218,11,2,13,231
07/27/2005,RSW,FL,ASO,ES,Combined TRACON& Tower with Radar,146,15,12,2,175,0,2,6,0,8,146,17,18,2,183,0,0,0,183
07/28/2005,RSW,FL,ASO,ES,Combined TRACON& Tower with Radar,155,19,11,0,185,0,0,8,0,8,155,19,19,0,193,0,0,0,193
07/29/2005,RSW,FL,ASO,ES,Combined TRACON& Tower with Radar,158,25,17,4,204,0,2,11,1,14,158,27,28,5,218,2,0,2,220
07/30/2005,RSW,FL,ASO,ES,Combined TRACON& Tower with Radar,151,18,18,0,187,0,0,13,0,13,151,18,31,0,200,0,0,0,200
07/31/2005,RSW,FL,ASO,ES,Combined TRACON& Tower with Radar,143,22,24,0,189,0,2,11,0,13,143,24,35,0,202,0,0,0,202
08/01/2005,RSW,FL,ASO,ES,Combined TRACON& Tower with Radar,153,12,10,14,189,0,2,2,1,5,153,14,12,15,194,1,13,14,208
08/02/2005,RSW,FL,ASO,ES,Combined TRACON& Tower with Radar,147,21,23,3,194,0,3,9,0,12,147,24,32,3,206,0,1,1,207
08/03/2005,RSW,FL,ASO,ES,Combined TRACON& Tower with Radar,142,20,15,2,179,0,3,7,0,10,142,23,22,2,189,2,0,2,191
08/04/2005,RSW,FL,ASO,ES,Combined TRACON& Tower with Radar,151,31,20,5,207,0,1,6,0,7,151,32,26,5,214,0,10,10,224
08/05/2005,RSW,FL,ASO,ES,Combined TRACON& Tower with Radar,150,25,18,0,193,0,0,3,0,3,150,25,21,0,196,0,0,0,196
08/06/2005,RSW,FL,ASO,ES,Combined TRACON& Tower with Radar,166,23,12,2,203,0,0,8,0,8,166,23,20,2,211,1,0,1,212
08/07/2005,RSW,FL,ASO,ES,Combined TRACON& Tower with Radar,131,25,16,0,172,0,3,11,0,14,131,28,27,0,186,0,0,0,186
08/08/2005,RSW,FL,ASO,ES,Combined TRACON& Tower with Radar,143,18,11,0,172,0,2,6,1,9,143,20,17,1,181,4,0,4,185
08/09/2005,RSW,FL,ASO,ES,Combined TRACON& Tower with Radar,146,17,26,1,190,0,4,18,0,22,146,21,44,1,212,3,0,3,215
08/10/2005,RSW,FL,ASO,ES,Combined TRACON& Tower with Radar,143,25,40,6,214,0,0,23,0,23,143,25,63,6,237,0,10,10,247
08/11/2005,RSW,FL,ASO,ES,Combined TRACON& Tower with Radar,145,21,20,2,188,0,0,9,0,9,145,21,29,2,197,4,0,4,201
08/12/2005,RSW,FL,ASO,ES,Combined TRACON& Tower with Radar,143,23,15,5,186,0,0,3,0,3,143,23,18,5,189,1,10,11,200
08/13/2005,RSW,FL,ASO,ES,Combined TRACON& Tower with Radar,147,16,13,0,176,0,2,7,0,9,147,18,20,0,185,1,0,1,186
08/14/2005,RSW,FL,ASO,ES,Combined TRACON& Tower with Radar,132,25,10,0,167,0,4,8,0,12,132,29,18,0,179,0,0,0,179
08/15/2005,RSW,FL,ASO,ES,Combined TRACON& Tower with Radar,143,16,14,0,173,0,5,7,0,12,143,21,21,0,185,1,0,1,186
08/16/2005,RSW,FL,ASO,ES,Combined TRACON& Tower with Radar,137,23,32,6,198,0,3,15,0,18,137,26,47,6,216,7,29,36,252
08/17/2005,RSW,FL,ASO,ES,Combined TRACON& Tower with Radar,140,30,17,0,187,0,5,12,0,17,140,35,29,0,204,3,0,3,207
08/18/2005,RSW,FL,ASO,ES,Combined TRACON& Tower with Radar,146,22,17,0,185,0,3,14,0,17,146,25,31,0,202,2,0,2,204
08/19/2005,RSW,FL,ASO,ES,Combined TRACON& Tower with Radar,149,19,21,27,216,0,3,10,0,13,149,22,31,27,229,0,13,13,242
08/20/2005,RSW,FL,ASO,ES,Combined TRACON& Tower with Radar,146,17,12,0,175,0,1,7,0,8,146,18,19,0,183,1,0,1,184
08/21/2005,RSW,FL,ASO,ES,Combined TRACON& Tower with Radar,133,10,15,0,158,0,1,8,0,9,133,11,23,0,167,0,0,0,167
08/22/2005,RSW,FL,ASO,ES,Combined TRACON& Tower with Radar,130,18,31,0,179,0,1,12,0,13,130,19,43,0,192,16,0,16,208
08/23/2005,RSW,FL,ASO,ES,Combined TRACON& Tower with Radar,129,26,23,0,178,0,0,11,0,11,129,26,34,0,189,0,0,0,189
08/24/2005,RSW,FL,ASO,ES,Combined TRACON& Tower with Radar,156,21,27,6,210,0,3,20,0,23,156,24,47,6,233,19,1,20,253
08/25/2005,RSW,FL,ASO,ES,Combined TRACON& Tower with Radar,132,22,22,0,176,0,0,3,0,3,132,22,25,0,179,5,0,5,184
08/26/2005,RSW,FL,ASO,ES,Combined TRACON& Tower with Radar,126,7,2,1,136,0,0,1,3,4,126,7,3,4,140,0,0,0,140
08/27/2005,RSW,FL,ASO,ES,Combined TRACON& Tower with Radar,131,20,3,2,156,0,1,2,0,3,131,21,5,2,159,0,0,0,159
08/28/2005,RSW,FL,ASO,ES,Combined TRACON& Tower with Radar,114,26,13,0,153,0,3,5,0,8,114,29,18,0,161,1,0,1,162
08/29/2005,RSW,FL,ASO,ES,Combined TRACON& Tower with Radar,125,18,16,0,159,0,0,7,0,7,125,18,23,0,166,0,0,0,166
08/30/2005,RSW,FL,ASO,ES,Combined TRACON& Tower with Radar,131,11,18,1,161,0,0,4,1,5,131,11,22,2,166,2,0,2,168
08/31/2005,RSW,FL,ASO,ES,Combined TRACON& Tower with Radar,129,23,14,0,166,0,1,8,2,11,129,24,22,2,177,0,0,0,177
09/01/2005,RSW,FL,ASO,ES,Combined TRACON& Tower with Radar,133,27,23,0,183,0,0,10,0,10,133,27,33,0,193,11,0,11,204
09/02/2005,RSW,FL,ASO,ES,Combined TRACON& Tower with Radar,130,22,14,0,166,0,0,11,0,11,130,22,25,0,177,0,0,0,177
09/03/2005,RSW,FL,ASO,ES,Combined TRACON& Tower with Radar,122,22,6,0,150,0,0,6,0,6,122,22,12,0,156,2,0,2,158
09/04/2005,RSW,FL,ASO,ES,Combined TRACON& Tower with Radar,106,22,16,0,144,0,1,10,0,11,106,23,26,0,155,5,0,5,160
09/05/2005,RSW,FL,ASO,ES,Combined TRACON& Tower with Radar,97,42,44,1,184,0,3,2,0,5,97,45,46,1,189,10,0,10,199
09/06/2005,RSW,FL,ASO,ES,Combined TRACON& Tower with Radar,98,25,30,7,160,0,0,17,0,17,98,25,47,7,177,10,0,10,187
09/07/2005,RSW,FL,ASO,ES,Combined TRACON& Tower with Radar,125,19,26,0,170,0,1,9,0,10,125,20,35,0,180,25,0,25,205
09/08/2005,RSW,FL,ASO,ES,Combined TRACON& Tower with Radar,118,20,34,0,172,0,0,17,0,17,118,20,51,0,189,9,0,9,198
09/09/2005,RSW,FL,ASO,ES,Combined TRACON& Tower with Radar,125,26,12,0,163,0,1,10,0,11,125,27,22,0,174,1,0,1,175
09/10/2005,RSW,FL,ASO,ES,Combined TRACON& Tower with Radar,118,17,8,0,143,0,2,10,0,12,118,19,18,0,155,1,0,1,156
09/11/2005,RSW,FL,ASO,ES,Combined TRACON& Tower with Radar,111,18,10,0,139,0,0,3,0,3,111,18,13,0,142,6,0,6,148
09/12/2005,RSW,FL,ASO,ES,Combined TRACON& Tower with Radar,126,13,19,0,158,0,5,10,0,15,126,18,29,0,173,0,0,0,173
09/13/2005,RSW,FL,ASO,ES,Combined TRACON& Tower with Radar,112,27,21,0,160,0,1,20,0,21,112,28,41,0,181,7,6,13,194
09/14/2005,RSW,FL,ASO,ES,Combined TRACON& Tower with Radar,119,29,15,0,163,0,7,11,0,18,119,36,26,0,181,3,0,3,184
09/15/2005,RSW,FL,ASO,ES,Combined TRACON& Tower with Radar,139,22,40,2,203,0,3,28,0,31,139,25,68,2,234,12,6,18,252
09/16/2005,RSW,FL,ASO,ES,Combined TRACON& Tower with Radar,127,28,28,0,183,0,0,15,2,17,127,28,43,2,200,10,0,10,210
09/17/2005,RSW,FL,ASO,ES,Combined TRACON& Tower with Radar,130,12,17,0,159,0,0,0,0,0,130,12,17,0,159,2,0,2,161
09/18/2005,RSW,FL,ASO,ES,Combined TRACON& Tower with Radar,107,19,12,2,140,0,1,10,0,11,107,20,22,2,151,1,0,1,152
09/19/2005,RSW,FL,ASO,ES,Combined TRACON& Tower with Radar,116,20,24,0,160,0,2,4,0,6,116,22,28,0,166,10,0,10,176
09/20/2005,RSW,FL,ASO,ES,Combined TRACON& Tower with Radar,110,12,11,0,133,0,0,2,0,2,110,12,13,0,135,3,0,3,138
09/21/2005,RSW,FL,ASO,ES,Combined TRACON& Tower with Radar,125,14,22,3,164,0,0,5,0,5,125,14,27,3,169,1,0,1,170
09/22/2005,RSW,FL,ASO,ES,Combined TRACON& Tower with Radar,120,18,16,0,154,0,0,8,0,8,120,18,24,0,162,5,0,5,167
09/23/2005,RSW,FL,ASO,ES,Combined TRACON& Tower with Radar,119,24,23,1,167,0,1,9,0,10,119,25,32,1,177,0,0,0,177
09/24/2005,RSW,FL,ASO,ES,Combined TRACON& Tower with Radar,115,16,12,0,143,0,7,9,0,16,115,23,21,0,159,0,0,0,159
09/25/2005,RSW,FL,ASO,ES,Combined TRACON& Tower with Radar,112,22,12,0,146,0,0,11,0,11,112,22,23,0,157,0,0,0,157
09/26/2005,RSW,FL,ASO,ES,Combined TRACON& Tower with Radar,124,16,13,0,153,0,2,7,0,9,124,18,20,0,162,0,0,0,162
09/27/2005,RSW,FL,ASO,ES,Combined TRACON& Tower with Radar,113,22,13,14,162,0,0,7,0,7,113,22,20,14,169,0,6,6,175
09/28/2005,RSW,FL,ASO,ES,Combined TRACON& Tower with Radar,127,14,20,3,164,0,0,7,0,7,127,14,27,3,171,1,1,2,173
09/29/2005,RSW,FL,ASO,ES,Combined TRACON& Tower with Radar,123,19,30,17,189,0,0,2,0,2,123,19,32,17,191,1,4,5,196
09/30/2005,RSW,FL,ASO,ES,Combined TRACON& Tower with Radar,122,21,20,9,172,0,1,23,0,24,122,22,43,9,196,4,6,10,206
10/01/2005,RSW,FL,ASO,ES,Combined TRACON& Tower with Radar,140,20,18,0,178,0,2,6,0,8,140,22,24,0,186,0,0,0,186
10/02/2005,RSW,FL,ASO,ES,Combined TRACON& Tower with Radar,168,18,7,4,197,0,2,7,0,9,168,20,14,4,206,0,2,2,208
10/03/2005,RSW,FL,ASO,ES,Combined TRACON& Tower with Radar,167,30,18,5,220,0,6,14,2,22,167,36,32,7,242,22,2,24,266
10/04/2005,RSW,FL,ASO,ES,Combined TRACON& Tower with Radar,163,27,20,4,214,0,0,7,0,7,163,27,27,4,221,3,0,3,224
10/05/2005,RSW,FL,ASO,ES,Combined TRACON& Tower with Radar,164,21,24,0,209,0,0,5,0,5,164,21,29,0,214,0,0,0,214
10/06/2005,RSW,FL,ASO,ES,Combined TRACON& Tower with Radar,158,20,23,0,201,0,0,8,0,8,158,20,31,0,209,1,0,1,210
10/07/2005,RSW,FL,ASO,ES,Combined TRACON& Tower with Radar,157,24,25,3,209,0,0,2,0,2,157,24,27,3,211,1,2,3,214
10/08/2005,RSW,FL,ASO,ES,Combined TRACON& Tower with Radar,160,18,10,3,191,0,1,5,1,7,160,19,15,4,198,0,7,7,205
10/09/2005,RSW,FL,ASO,ES,Combined TRACON& Tower with Radar,141,28,18,2,189,0,0,5,0,5,141,28,23,2,194,1,0,1,195
10/10/2005,RSW,FL,ASO,ES,Combined TRACON& Tower with Radar,152,25,24,0,201,0,0,3,0,3,152,25,27,0,204,0,0,0,204
10/11/2005,RSW,FL,ASO,ES,Combined TRACON& Tower with Radar,147,22,26,8,203,0,0,5,0,5,147,22,31,8,208,3,5,8,216
10/12/2005,RSW,FL,ASO,ES,Combined TRACON& Tower with Radar,164,22,17,9,212,0,2,6,0,8,164,24,23,9,220,0,9,9,229
10/13/2005,RSW,FL,ASO,ES,Combined TRACON& Tower with Radar,157,30,23,10,220,0,0,8,0,8,157,30,31,10,228,1,12,13,241
10/14/2005,RSW,FL,ASO,ES,Combined TRACON& Tower with Radar,169,27,21,2,219,0,4,0,0,4,169,31,21,2,223,3,0,3,226
10/15/2005,RSW,FL,ASO,ES,Combined TRACON& Tower with Radar,171,13,14,8,206,0,2,6,0,8,171,15,20,8,214,8,6,14,228
10/16/2005,RSW,FL,ASO,ES,Combined TRACON& Tower with Radar,164,18,23,0,205,0,3,10,0,13,164,21,33,0,218,7,0,7,225
10/17/2005,RSW,FL,ASO,ES,Combined TRACON& Tower with Radar,171,16,24,0,211,0,6,10,0,16,171,22,34,0,227,2,0,2,229
10/18/2005,RSW,FL,ASO,ES,Combined TRACON& Tower with Radar,155,20,28,2,205,0,2,11,0,13,155,22,39,2,218,2,15,17,235
10/19/2005,RSW,FL,ASO,ES,Combined TRACON& Tower with Radar,176,25,30,0,231,0,0,28,2,30,176,25,58,2,261,2,0,2,263
10/20/2005,RSW,FL,ASO,ES,Combined TRACON& Tower with Radar,169,20,29,2,220,0,0,11,0,11,169,20,40,2,231,2,10,12,243
10/21/2005,RSW,FL,ASO,ES,Combined TRACON& Tower with Radar,177,27,22,0,226,0,1,1,0,2,177,28,23,0,228,0,0,0,228
10/22/2005,RSW,FL,ASO,ES,Combined TRACON& Tower with Radar,175,11,10,0,196,0,0,2,0,2,175,11,12,0,198,0,0,0,198
10/23/2005,RSW,FL,ASO,ES,Combined TRACON& Tower with Radar,130,14,2,0,146,0,0,1,0,1,130,14,3,0,147,0,0,0,147
10/24/2005,RSW,FL,ASO,ES,Combined TRACON& Tower with Radar,0,2,0,0,2,0,0,4,1,5,0,2,4,1,7,0,0,0,7
10/25/2005,RSW,FL,ASO,ES,Combined TRACON& Tower with Radar,134,29,55,0,218,0,2,23,4,29,134,31,78,4,247,0,0,0,247
10/26/2005,RSW,FL,ASO,ES,Combined TRACON& Tower with Radar,165,28,29,0,222,0,1,17,0,18,165,29,46,0,240,0,0,0,240
10/27/2005,RSW,FL,ASO,ES,Combined TRACON& Tower with Radar,167,25,28,0,220,0,1,10,0,11,167,26,38,0,231,0,0,0,231
10/28/2005,RSW,FL,ASO,ES,Combined TRACON& Tower with Radar,174,29,21,0,224,0,2,6,1,9,174,31,27,1,233,0,0,0,233
10/29/2005,RSW,FL,ASO,ES,Combined TRACON& Tower with Radar,177,16,8,0,201,0,14,8,0,22,177,30,16,0,223,12,0,12,235
10/30/2005,RSW,FL,ASO,ES,Combined TRACON& Tower with Radar,161,43,29,16,249,0,7,12,1,20,161,50,41,17,269,1,19,20,289
10/31/2005,RSW,FL,ASO,ES,Combined TRACON& Tower with Radar,173,36,23,0,232,0,1,11,0,12,173,37,34,0,244,0,0,0,244
11/01/2005,RSW,FL,ASO,ES,Combined TRACON& Tower with Radar,178,29,16,1,224,0,0,2,0,2,178,29,18,1,226,0,0,0,226
11/02/2005,RSW,FL,ASO,ES,Combined TRACON& Tower with Radar,200,29,36,3,268,0,1,18,0,19,200,30,54,3,287,2,0,2,289
11/03/2005,RSW,FL,ASO,ES,Combined TRACON& Tower with Radar,187,29,30,0,246,0,5,28,0,33,187,34,58,0,279,16,4,20,299
11/04/2005,RSW,FL,ASO,ES,Combined TRACON& Tower with Radar,192,30,29,2,253,0,8,7,1,16,192,38,36,3,269,2,0,2,271
11/05/2005,RSW,FL,ASO,ES,Combined TRACON& Tower with Radar,184,35,17,0,236,0,5,9,0,14,184,40,26,0,250,10,0,10,260
11/06/2005,RSW,FL,ASO,ES,Combined TRACON& Tower with Radar,170,37,25,2,234,0,8,12,0,20,170,45,37,2,254,5,0,5,259
11/07/2005,RSW,FL,ASO,ES,Combined TRACON& Tower with Radar,189,31,23,2,245,0,6,11,0,17,189,37,34,2,262,1,50,51,313
11/08/2005,RSW,FL,ASO,ES,Combined TRACON& Tower with Radar,180,37,27,2,246,0,1,7,0,8,180,38,34,2,254,0,0,0,254
11/09/2005,RSW,FL,ASO,ES,Combined TRACON& Tower with Radar,201,31,32,10,274,0,1,18,0,19,201,32,50,10,293,0,10,10,303
11/10/2005,RSW,FL,ASO,ES,Combined TRACON& Tower with Radar,201,30,39,14,284,0,3,9,0,12,201,33,48,14,296,4,12,16,312
11/11/2005,RSW,FL,ASO,ES,Combined TRACON& Tower with Radar,200,26,26,0,252,0,1,12,0,13,200,27,38,0,265,0,0,0,265
11/12/2005,RSW,FL,ASO,ES,Combined TRACON& Tower with Radar,210,20,15,0,245,0,10,15,0,25,210,30,30,0,270,8,0,8,278
11/13/2005,RSW,FL,ASO,ES,Combined TRACON& Tower with Radar,194,44,22,0,260,0,2,7,0,9,194,46,29,0,269,0,0,0,269
11/14/2005,RSW,FL,ASO,ES,Combined TRACON& Tower with Radar,208,24,40,10,282,0,6,14,0,20,208,30,54,10,302,9,5,14,316
11/15/2005,RSW,FL,ASO,ES,Combined TRACON& Tower with Radar,195,38,35,3,271,0,6,12,0,18,195,44,47,3,289,9,0,9,298
11/16/2005,RSW,FL,ASO,ES,Combined TRACON& Tower with Radar,208,39,41,0,288,0,3,12,0,15,208,42,53,0,303,13,0,13,316
11/17/2005,RSW,FL,ASO,ES,Combined TRACON& Tower with Radar,223,30,23,0,276,0,4,6,0,10,223,34,29,0,286,3,0,3,289
11/18/2005,RSW,FL,ASO,ES,Combined TRACON& Tower with Radar,219,40,46,0,305,0,1,11,1,13,219,41,57,1,318,4,0,4,322
11/19/2005,RSW,FL,ASO,ES,Combined TRACON& Tower with Radar,199,35,38,0,272,0,3,13,0,16,199,38,51,0,288,2,0,2,290
11/20/2005,RSW,FL,ASO,ES,Combined TRACON& Tower with Radar,204,28,25,0,257,0,0,2,0,2,204,28,27,0,259,6,0,6,265
11/21/2005,RSW,FL,ASO,ES,Combined TRACON& Tower with Radar,203,34,22,19,278,0,3,4,0,7,203,37,26,19,285,1,7,8,293
11/22/2005,RSW,FL,ASO,ES,Combined TRACON& Tower with Radar,205,31,38,0,274,0,0,9,0,9,205,31,47,0,283,2,2,4,287
11/23/2005,RSW,FL,ASO,ES,Combined TRACON& Tower with Radar,226,33,37,3,299,0,1,12,0,13,226,34,49,3,312,0,1,1,313
11/24/2005,RSW,FL,ASO,ES,Combined TRACON& Tower with Radar,173,24,1,0,198,0,6,5,0,11,173,30,6,0,209,0,0,0,209
11/25/2005,RSW,FL,ASO,ES,Combined TRACON& Tower with Radar,211,27,14,0,252,0,1,12,0,13,211,28,26,0,265,1,0,1,266
11/26/2005,RSW,FL,ASO,ES,Combined TRACON& Tower with Radar,209,42,20,0,271,0,7,11,0,18,209,49,31,0,289,3,0,3,292
11/27/2005,RSW,FL,ASO,ES,Combined TRACON& Tower with Radar,217,39,57,0,313,0,3,13,0,16,217,42,70,0,329,0,0,0,329
11/28/2005,RSW,FL,ASO,ES,Combined TRACON& Tower with Radar,208,39,25,11,283,0,3,5,1,9,208,42,30,12,292,0,7,7,299
11/29/2005,RSW,FL,ASO,ES,Combined TRACON& Tower with Radar,213,33,21,0,267,0,1,6,0,7,213,34,27,0,274,0,0,0,274
11/30/2005,RSW,FL,ASO,ES,Combined TRACON& Tower with Radar,198,33,26,2,259,0,2,17,2,21,198,35,43,4,280,1,0,1,281
12/01/2005,RSW,FL,ASO,ES,Combined TRACON& Tower with Radar,189,30,18,0,237,0,2,13,0,15,189,32,31,0,252,2,0,2,254
12/02/2005,RSW,FL,ASO,ES,Combined TRACON& Tower with Radar,198,26,27,7,258,0,0,14,0,14,198,26,41,7,272,4,2,6,278
12/03/2005,RSW,FL,ASO,ES,Combined TRACON& Tower with Radar,184,29,23,0,236,0,5,14,0,19,184,34,37,0,255,9,0,9,264
12/04/2005,RSW,FL,ASO,ES,Combined TRACON& Tower with Radar,181,39,21,0,241,0,1,17,0,18,181,40,38,0,259,1,0,1,260
12/05/2005,RSW,FL,ASO,ES,Combined TRACON& Tower with Radar,189,33,11,0,233,0,5,7,0,12,189,38,18,0,245,5,0,5,250
12/06/2005,RSW,FL,ASO,ES,Combined TRACON& Tower with Radar,202,30,32,1,265,0,1,10,0,11,202,31,42,1,276,4,2,6,282
12/07/2005,RSW,FL,ASO,ES,Combined TRACON& Tower with Radar,179,27,40,0,246,0,2,5,0,7,179,29,45,0,253,0,0,0,253
12/08/2005,RSW,FL,ASO,ES,Combined TRACON& Tower with Radar,187,29,23,0,239,0,5,4,0,9,187,34,27,0,248,2,0,2,250
12/09/2005,RSW,FL,ASO,ES,Combined TRACON& Tower with Radar,191,34,21,12,258,0,0,6,1,7,191,34,27,13,265,4,2,6,271
12/10/2005,RSW,FL,ASO,ES,Combined TRACON& Tower with Radar,191,26,21,0,238,0,1,1,0,2,191,27,22,0,240,0,0,0,240
12/11/2005,RSW,FL,ASO,ES,Combined TRACON& Tower with Radar,186,34,20,3,243,0,1,14,1,16,186,35,34,4,259,3,3,6,265
12/12/2005,RSW,FL,ASO,ES,Combined TRACON& Tower with Radar,191,20,17,0,228,0,2,16,0,18,191,22,33,0,246,33,0,33,279
12/13/2005,RSW,FL,ASO,ES,Combined TRACON& Tower with Radar,174,22,38,0,234,0,6,38,0,44,174,28,76,0,278,28,0,28,306
12/14/2005,RSW,FL,ASO,ES,Combined TRACON& Tower with Radar,171,31,31,2,235,0,1,9,0,10,171,32,40,2,245,8,0,8,253
12/15/2005,RSW,FL,ASO,ES,Combined TRACON& Tower with Radar,203,27,23,0,253,0,3,14,0,17,203,30,37,0,270,1,0,1,271
12/16/2005,RSW,FL,ASO,ES,Combined TRACON& Tower with Radar,215,38,28,9,290,0,4,23,0,27,215,42,51,9,317,2,8,10,327
12/17/2005,RSW,FL,ASO,ES,Combined TRACON& Tower with Radar,211,31,37,3,282,0,0,5,0,5,211,31,42,3,287,0,0,0,287
12/18/2005,RSW,FL,ASO,ES,Combined TRACON& Tower with Radar,211,32,31,2,276,0,0,3,0,3,211,32,34,2,279,0,0,0,279
12/19/2005,RSW,FL,ASO,ES,Combined TRACON& Tower with Radar,212,33,26,0,271,0,0,0,0,0,212,33,26,0,271,0,0,0,271
12/20/2005,RSW,FL,ASO,ES,Combined TRACON& Tower with Radar,228,30,22,0,280,0,0,9,0,9,228,30,31,0,289,1,0,1,290
12/21/2005,RSW,FL,ASO,ES,Combined TRACON& Tower with Radar,223,38,19,0,280,0,3,11,0,14,223,41,30,0,294,2,0,2,296
12/22/2005,RSW,FL,ASO,ES,Combined TRACON& Tower with Radar,237,34,31,7,309,0,4,35,2,41,237,38,66,9,350,6,5,11,361
12/23/2005,RSW,FL,ASO,ES,Combined TRACON& Tower with Radar,229,31,17,7,284,0,6,13,0,19,229,37,30,7,303,0,0,0,303
12/24/2005,RSW,FL,ASO,ES,Combined TRACON& Tower with Radar,210,31,7,0,248,0,0,7,0,7,210,31,14,0,255,0,0,0,255
12/25/2005,RSW,FL,ASO,ES,Combined TRACON& Tower with Radar,224,26,7,0,257,0,1,0,0,1,224,27,7,0,258,0,0,0,258
12/26/2005,RSW,FL,ASO,ES,Combined TRACON& Tower with Radar,250,51,73,0,374,0,1,7,0,8,250,52,80,0,382,0,0,0,382
12/27/2005,RSW,FL,ASO,ES,Combined TRACON& Tower with Radar,244,50,49,5,348,0,4,15,0,19,244,54,64,5,367,10,4,14,381
12/28/2005,RSW,FL,ASO,ES,Combined TRACON& Tower with Radar,227,42,24,1,294,0,1,3,0,4,227,43,27,1,298,1,0,1,299
12/29/2005,RSW,FL,ASO,ES,Combined TRACON& Tower with Radar,242,32,16,0,290,0,0,16,0,16,242,32,32,0,306,5,0,5,311
12/30/2005,RSW,FL,ASO,ES,Combined TRACON& Tower with Radar,230,42,28,0,300,0,2,11,0,13,230,44,39,0,313,1,0,1,314
12/31/2005,RSW,FL,ASO,ES,Combined TRACON& Tower with Radar,193,58,20,0,271,0,0,2,0,2,193,58,22,0,273,0,0,0,273
01/01/2006,RSW,FL,ASO,ES,Combined TRACON& Tower with Radar,214,39,30,0,283,0,8,0,0,8,214,47,30,0,291,1,0,1,292
01/02/2006,RSW,FL,ASO,ES,Combined TRACON& Tower with Radar,221,41,48,2,312,2,12,0,1,15,223,53,48,3,327,0,0,0,327
01/03/2006,RSW,FL,ASO,ES,Combined TRACON& Tower with Radar,239,43,23,0,305,0,8,0,0,8,239,51,23,0,313,0,0,0,313
01/04/2006,RSW,FL,ASO,ES,Combined TRACON& Tower with Radar,222,37,30,0,289,4,4,0,1,9,226,41,30,1,298,3,0,3,301
01/05/2006,RSW,FL,ASO,ES,Combined TRACON& Tower with Radar,221,42,30,4,297,1,9,2,1,13,222,51,32,5,310,4,4,8,318
01/06/2006,RSW,FL,ASO,ES,Combined TRACON& Tower with Radar,200,43,37,0,280,0,13,0,0,13,200,56,37,0,293,2,0,2,295
01/07/2006,RSW,FL,ASO,ES,Combined TRACON& Tower with Radar,152,79,16,7,254,10,5,0,0,15,162,84,16,7,269,0,0,0,269
01/08/2006,RSW,FL,ASO,ES,Combined TRACON& Tower with Radar,196,47,32,2,277,2,11,0,0,13,198,58,32,2,290,3,0,3,293
01/09/2006,RSW,FL,ASO,ES,Combined TRACON& Tower with Radar,207,36,23,14,280,2,4,0,0,6,209,40,23,14,286,2,4,6,292
01/10/2006,RSW,FL,ASO,ES,Combined TRACON& Tower with Radar,197,34,26,0,257,5,7,0,2,14,202,41,26,2,271,8,0,8,279
01/11/2006,RSW,FL,ASO,ES,Combined TRACON& Tower with Radar,195,52,32,2,281,3,7,0,1,11,198,59,32,3,292,0,0,0,292
01/12/2006,RSW,FL,ASO,ES,Combined TRACON& Tower with Radar,213,48,43,0,304,1,10,2,0,13,214,58,45,0,317,0,0,0,317
01/13/2006,RSW,FL,ASO,ES,Combined TRACON& Tower with Radar,202,34,47,0,283,0,3,8,0,11,202,37,55,0,294,1,0,1,295
01/14/2006,RSW,FL,ASO,ES,Combined TRACON& Tower with Radar,200,30,16,5,251,0,5,8,0,13,200,35,24,5,264,0,2,2,266
01/15/2006,RSW,FL,ASO,ES,Combined TRACON& Tower with Radar,204,41,26,4,275,0,1,18,0,19,204,42,44,4,294,2,2,4,298
01/16/2006,RSW,FL,ASO,ES,Combined TRACON& Tower with Radar,201,42,37,0,280,0,4,16,0,20,201,46,53,0,300,5,0,5,305
01/17/2006,RSW,FL,ASO,ES,Combined TRACON& Tower with Radar,226,27,21,3,277,0,2,10,1,13,226,29,31,4,290,2,0,2,292
01/18/2006,RSW,FL,ASO,ES,Combined TRACON& Tower with Radar,201,38,38,0,277,0,2,13,0,15,201,40,51,0,292,3,0,3,295
01/19/2006,RSW,FL,ASO,ES,Combined TRACON& Tower with Radar,212,37,36,8,293,0,8,12,7,27,212,45,48,15,320,6,1,7,327
01/20/2006,RSW,FL,ASO,ES,Combined TRACON& Tower with Radar,204,43,39,3,289,0,4,10,0,14,204,47,49,3,303,4,0,4,307
01/21/2006,RSW,FL,ASO,ES,Combined TRACON& Tower with Radar,203,40,44,21,308,0,3,13,0,16,203,43,57,21,324,7,6,13,337
01/22/2006,RSW,FL,ASO,ES,Combined TRACON& Tower with Radar,196,46,24,3,269,0,1,7,0,8,196,47,31,3,277,0,0,0,277
01/23/2006,RSW,FL,ASO,ES,Combined TRACON& Tower with Radar,204,35,27,0,266,0,3,7,0,10,204,38,34,0,276,4,0,4,280
01/24/2006,RSW,FL,ASO,ES,Combined TRACON& Tower with Radar,203,30,41,2,276,0,0,17,2,19,203,30,58,4,295,4,0,4,299
01/25/2006,RSW,FL,ASO,ES,Combined TRACON& Tower with Radar,199,35,26,5,265,0,1,21,2,24,199,36,47,7,289,0,0,0,289
01/26/2006,RSW,FL,ASO,ES,Combined TRACON& Tower with Radar,221,32,26,2,281,0,2,12,0,14,221,34,38,2,295,0,0,0,295
01/27/2006,RSW,FL,ASO,ES,Combined TRACON& Tower with Radar,207,35,48,5,295,0,4,9,0,13,207,39,57,5,308,0,0,0,308
01/28/2006,RSW,FL,ASO,ES,Combined TRACON& Tower with Radar,204,42,26,0,272,0,5,9,0,14,204,47,35,0,286,1,0,1,287
01/29/2006,RSW,FL,ASO,ES,Combined TRACON& Tower with Radar,205,42,28,1,276,0,1,11,0,12,205,43,39,1,288,2,0,2,290
01/30/2006,RSW,FL,ASO,ES,Combined TRACON& Tower with Radar,203,38,26,1,268,0,0,1,0,1,203,38,27,1,269,0,0,0,269
01/31/2006,RSW,FL,ASO,ES,Combined TRACON& Tower with Radar,206,35,41,0,282,0,1,15,0,16,206,36,56,0,298,0,0,0,298
02/01/2006,RSW,FL,ASO,ES,Combined TRACON& Tower with Radar,209,43,45,0,297,1,28,0,0,29,210,71,45,0,326,7,0,7,333
02/02/2006,RSW,FL,ASO,ES,Combined TRACON& Tower with Radar,212,44,35,0,291,6,8,0,0,14,218,52,35,0,305,1,0,1,306
02/03/2006,RSW,FL,ASO,ES,Combined TRACON& Tower with Radar,226,29,43,0,298,0,1,0,0,1,226,30,43,0,299,0,0,0,299
02/04/2006,RSW,FL,ASO,ES,Combined TRACON& Tower with Radar,209,45,24,0,278,7,2,0,0,9,216,47,24,0,287,0,0,0,287
02/05/2006,RSW,FL,ASO,ES,Combined TRACON& Tower with Radar,212,51,31,0,294,6,17,0,0,23,218,68,31,0,317,5,0,5,322
02/06/2006,RSW,FL,ASO,ES,Combined TRACON& Tower with Radar,215,48,23,0,286,0,21,0,0,21,215,69,23,0,307,2,0,2,309
02/07/2006,RSW,FL,ASO,ES,Combined TRACON& Tower with Radar,201,42,36,2,281,1,21,0,0,22,202,63,36,2,303,0,0,0,303
02/08/2006,RSW,FL,ASO,ES,Combined TRACON& Tower with Radar,214,45,32,0,291,12,20,0,1,33,226,65,32,1,324,4,0,4,328
02/09/2006,RSW,FL,ASO,ES,Combined TRACON& Tower with Radar,237,37,30,0,304,5,17,0,0,22,242,54,30,0,326,1,0,1,327
02/10/2006,RSW,FL,ASO,ES,Combined TRACON& Tower with Radar,221,35,36,0,292,2,9,0,0,11,223,44,36,0,303,0,0,0,303
02/11/2006,RSW,FL,ASO,ES,Combined TRACON& Tower with Radar,212,39,41,0,292,0,13,0,0,13,212,52,41,0,305,0,0,0,305
02/12/2006,RSW,FL,ASO,ES,Combined TRACON& Tower with Radar,185,36,53,0,274,1,10,0,0,11,186,46,53,0,285,0,0,0,285
02/13/2006,RSW,FL,ASO,ES,Combined TRACON& Tower with Radar,219,35,31,0,285,1,14,0,1,16,220,49,31,1,301,3,0,3,304
02/14/2006,RSW,FL,ASO,ES,Combined TRACON& Tower with Radar,213,37,25,0,275,2,13,0,0,15,215,50,25,0,290,1,0,1,291
02/15/2006,RSW,FL,ASO,ES,Combined TRACON& Tower with Radar,226,46,45,0,317,6,14,0,0,20,232,60,45,0,337,3,0,3,340
02/16/2006,RSW,FL,ASO,ES,Combined TRACON& Tower with Radar,244,45,74,0,363,8,29,0,0,37,252,74,74,0,400,0,0,0,400
02/17/2006,RSW,FL,ASO,ES,Combined TRACON& Tower with Radar,237,44,51,2,334,3,12,0,0,15,240,56,51,2,349,0,0,0,349
02/18/2006,RSW,FL,ASO,ES,Combined TRACON& Tower with Radar,253,37,25,0,315,0,6,0,0,6,253,43,25,0,321,0,0,0,321
02/19/2006,RSW,FL,ASO,ES,Combined TRACON& Tower with Radar,233,38,39,0,310,2,15,0,0,17,235,53,39,0,327,0,0,0,327
02/20/2006,RSW,FL,ASO,ES,Combined TRACON& Tower with Radar,243,43,54,0,340,6,12,0,0,18,249,55,54,0,358,4,0,4,362
02/21/2006,RSW,FL,ASO,ES,Combined TRACON& Tower with Radar,242,50,34,2,328,2,22,0,0,24,244,72,34,2,352,0,0,0,352
02/22/2006,RSW,FL,ASO,ES,Combined TRACON& Tower with Radar,243,42,28,1,314,3,12,0,0,15,246,54,28,1,329,2,0,2,331
02/23/2006,RSW,FL,ASO,ES,Combined TRACON& Tower with Radar,257,44,47,0,348,0,13,0,0,13,257,57,47,0,361,0,0,0,361
02/24/2006,RSW,FL,ASO,ES,Combined TRACON& Tower with Radar,237,43,40,1,321,1,8,0,0,9,238,51,40,1,330,0,0,0,330
02/25/2006,RSW,FL,ASO,ES,Combined TRACON& Tower with Radar,239,36,22,3,300,1,11,0,0,12,240,47,22,3,312,0,0,0,312
02/26/2006,RSW,FL,ASO,ES,Combined TRACON& Tower with Radar,242,46,39,16,343,4,3,0,0,7,246,49,39,16,350,0,0,0,350
02/27/2006,RSW,FL,ASO,ES,Combined TRACON& Tower with Radar,241,42,30,0,313,1,20,0,0,21,242,62,30,0,334,3,0,3,337
02/28/2006,RSW,FL,ASO,ES,Combined TRACON& Tower with Radar,249,42,27,0,318,5,13,1,0,19,254,55,28,0,337,0,0,0,337
03/01/2006,RSW,FL,ASO,ES,Combined TRACON& Tower with Radar,242,45,35,7,329,0,12,1,0,13,242,57,36,7,342,0,2,2,344
03/02/2006,RSW,FL,ASO,ES,Combined TRACON& Tower with Radar,253,43,33,2,331,6,12,0,0,18,259,55,33,2,349,1,0,1,350
03/03/2006,RSW,FL,ASO,ES,Combined TRACON& Tower with Radar,248,45,37,1,331,2,6,0,0,8,250,51,37,1,339,0,0,0,339
03/04/2006,RSW,FL,ASO,ES,Combined TRACON& Tower with Radar,244,35,26,0,305,4,17,0,1,22,248,52,26,1,327,0,0,0,327
03/05/2006,RSW,FL,ASO,ES,Combined TRACON& Tower with Radar,251,47,39,1,338,1,7,0,2,10,252,54,39,3,348,0,0,0,348
03/06/2006,RSW,FL,ASO,ES,Combined TRACON& Tower with Radar,251,31,25,3,310,4,9,0,1,14,255,40,25,4,324,0,0,0,324
03/07/2006,RSW,FL,ASO,ES,Combined TRACON& Tower with Radar,246,31,26,2,305,4,6,0,0,10,250,37,26,2,315,0,0,0,315
03/08/2006,RSW,FL,ASO,ES,Combined TRACON& Tower with Radar,233,44,22,0,299,0,10,0,0,10,233,54,22,0,309,0,0,0,309
03/09/2006,RSW,FL,ASO,ES,Combined TRACON& Tower with Radar,289,61,45,5,400,0,1,14,0,15,289,62,59,5,415,0,0,0,415
03/10/2006,RSW,FL,ASO,ES,Combined TRACON& Tower with Radar,253,42,32,2,329,0,2,12,0,14,253,44,44,2,343,0,0,0,343
03/11/2006,RSW,FL,ASO,ES,Combined TRACON& Tower with Radar,262,30,20,2,314,0,1,7,0,8,262,31,27,2,322,0,0,0,322
03/12/2006,RSW,FL,ASO,ES,Combined TRACON& Tower with Radar,247,40,36,2,325,0,4,9,0,13,247,44,45,2,338,3,0,3,341
03/13/2006,RSW,FL,ASO,ES,Combined TRACON& Tower with Radar,240,39,26,0,305,0,0,13,1,14,240,39,39,1,319,0,0,0,319
03/14/2006,RSW,FL,ASO,ES,Combined TRACON& Tower with Radar,238,51,29,0,318,0,3,10,0,13,238,54,39,0,331,0,0,0,331
03/15/2006,RSW,FL,ASO,ES,Combined TRACON& Tower with Radar,258,39,33,10,340,0,3,23,1,27,258,42,56,11,367,5,0,5,372
03/16/2006,RSW,FL,ASO,ES,Combined TRACON& Tower with Radar,249,47,56,2,354,0,5,18,2,25,249,52,74,4,379,0,0,0,379
03/17/2006,RSW,FL,ASO,ES,Combined TRACON& Tower with Radar,253,44,50,1,348,0,5,10,2,17,253,49,60,3,365,0,0,0,365
03/18/2006,RSW,FL,ASO,ES,Combined TRACON& Tower with Radar,258,35,24,1,318,0,6,17,1,24,258,41,41,2,342,0,0,0,342
03/19/2006,RSW,FL,ASO,ES,Combined TRACON& Tower with Radar,253,39,47,0,339,0,2,10,0,12,253,41,57,0,351,0,0,0,351
03/20/2006,RSW,FL,ASO,ES,Combined TRACON& Tower with Radar,248,38,28,3,317,0,4,15,0,19,248,42,43,3,336,0,0,0,336
03/21/2006,RSW,FL,ASO,ES,Combined TRACON& Tower with Radar,257,26,31,0,314,0,5,8,0,13,257,31,39,0,327,0,0,0,327
03/22/2006,RSW,FL,ASO,ES,Combined TRACON& Tower with Radar,243,42,40,0,325,0,5,16,0,21,243,47,56,0,346,0,0,0,346
03/23/2006,RSW,FL,ASO,ES,Combined TRACON& Tower with Radar,267,47,28,0,342,0,1,12,0,13,267,48,40,0,355,0,0,0,355
03/24/2006,RSW,FL,ASO,ES,Combined TRACON& Tower with Radar,257,40,50,12,359,0,0,9,0,9,257,40,59,12,368,0,0,0,368
03/25/2006,RSW,FL,ASO,ES,Combined TRACON& Tower with Radar,272,36,35,0,343,0,2,17,0,19,272,38,52,0,362,0,0,0,362
03/26/2006,RSW,FL,ASO,ES,Combined TRACON& Tower with Radar,241,40,32,0,313,0,0,6,0,6,241,40,38,0,319,0,0,0,319
03/27/2006,RSW,FL,ASO,ES,Combined TRACON& Tower with Radar,255,24,22,2,303,0,3,8,0,11,255,27,30,2,314,0,0,0,314
03/28/2006,RSW,FL,ASO,ES,Combined TRACON& Tower with Radar,252,33,14,4,303,0,4,9,0,13,252,37,23,4,316,0,0,0,316
03/29/2006,RSW,FL,ASO,ES,Combined TRACON& Tower with Radar,247,34,32,0,313,0,0,24,1,25,247,34,56,1,338,0,0,0,338
03/30/2006,RSW,FL,ASO,ES,Combined TRACON& Tower with Radar,255,45,36,5,341,0,0,6,0,6,255,45,42,5,347,0,0,0,347
03/31/2006,RSW,FL,ASO,ES,Combined TRACON& Tower with Radar,247,40,38,0,325,0,0,9,12,21,247,40,47,12,346,1,0,1,347
04/01/2006,RSW,FL,ASO,ES,Combined TRACON& Tower with Radar,247,39,24,0,310,0,0,20,14,34,247,39,44,14,344,0,0,0,344
04/02/2006,RSW,FL,ASO,ES,Combined TRACON& Tower with Radar,242,40,37,0,319,0,1,16,2,19,242,41,53,2,338,0,0,0,338
04/03/2006,RSW,FL,ASO,ES,Combined TRACON& Tower with Radar,240,27,25,11,303,0,6,10,0,16,240,33,35,11,319,0,0,0,319
04/04/2006,RSW,FL,ASO,ES,Combined TRACON& Tower with Radar,237,38,18,3,296,0,3,13,0,16,237,41,31,3,312,0,0,0,312
04/05/2006,RSW,FL,ASO,ES,Combined TRACON& Tower with Radar,237,35,18,0,290,0,6,16,0,22,237,41,34,0,312,0,0,0,312
04/06/2006,RSW,FL,ASO,ES,Combined TRACON& Tower with Radar,251,30,29,10,320,0,3,9,0,12,251,33,38,10,332,0,0,0,332
04/07/2006,RSW,FL,ASO,ES,Combined TRACON& Tower with Radar,243,29,39,0,311,0,3,14,0,17,243,32,53,0,328,0,0,0,328
04/08/2006,RSW,FL,ASO,ES,Combined TRACON& Tower with Radar,246,42,19,0,307,0,5,9,0,14,246,47,28,0,321,0,0,0,321
04/09/2006,RSW,FL,ASO,ES,Combined TRACON& Tower with Radar,244,39,46,0,329,0,2,4,0,6,244,41,50,0,335,0,0,0,335
04/10/2006,RSW,FL,ASO,ES,Combined TRACON& Tower with Radar,241,37,33,16,327,0,4,22,0,26,241,41,55,16,353,4,8,12,365
04/11/2006,RSW,FL,ASO,ES,Combined TRACON& Tower with Radar,251,40,14,12,317,0,3,12,4,19,251,43,26,16,336,6,0,6,342
04/12/2006,RSW,FL,ASO,ES,Combined TRACON& Tower with Radar,238,39,17,0,294,0,2,10,0,12,238,41,27,0,306,2,0,2,308
04/13/2006,RSW,FL,ASO,ES,Combined TRACON& Tower with Radar,250,43,35,4,332,0,1,14,0,15,250,44,49,4,347,0,0,0,347
04/14/2006,RSW,FL,ASO,ES,Combined TRACON& Tower with Radar,249,33,25,0,307,0,1,8,0,9,249,34,33,0,316,0,0,0,316
04/15/2006,RSW,FL,ASO,ES,Combined TRACON& Tower with Radar,244,32,33,6,315,0,3,7,0,10,244,35,40,6,325,0,0,0,325
04/16/2006,RSW,FL,ASO,ES,Combined TRACON& Tower with Radar,237,34,22,0,293,0,2,16,0,18,237,36,38,0,311,0,0,0,311
04/17/2006,RSW,FL,ASO,ES,Combined TRACON& Tower with Radar,245,45,39,0,329,0,0,16,0,16,245,45,55,0,345,0,0,0,345
04/18/2006,RSW,FL,ASO,ES,Combined TRACON& Tower with Radar,248,32,38,0,318,0,2,5,0,7,248,34,43,0,325,0,0,0,325
04/19/2006,RSW,FL,ASO,ES,Combined TRACON& Tower with Radar,237,39,30,0,306,0,0,10,0,10,237,39,40,0,316,1,0,1,317
04/20/2006,RSW,FL,ASO,ES,Combined TRACON& Tower with Radar,247,29,32,2,310,0,1,11,0,12,247,30,43,2,322,0,0,0,322
04/21/2006,RSW,FL,ASO,ES,Combined TRACON& Tower with Radar,245,24,11,4,284,0,3,10,0,13,245,27,21,4,297,0,0,0,297
04/22/2006,RSW,FL,ASO,ES,Combined TRACON& Tower with Radar,247,42,22,5,316,0,1,12,0,13,247,43,34,5,329,0,0,0,329
04/23/2006,RSW,FL,ASO,ES,Combined TRACON& Tower with Radar,237,39,42,4,322,0,2,6,0,8,237,41,48,4,330,0,0,0,330
04/24/2006,RSW,FL,ASO,ES,Combined TRACON& Tower with Radar,234,39,40,1,314,0,2,20,0,22,234,41,60,1,336,0,0,0,336
04/25/2006,RSW,FL,ASO,ES,Combined TRACON& Tower with Radar,223,31,21,0,275,0,0,0,0,0,223,31,21,0,275,0,0,0,275
04/26/2006,RSW,FL,ASO,ES,Combined TRACON& Tower with Radar,230,27,39,0,296,0,5,14,1,20,230,32,53,1,316,4,0,4,320
04/27/2006,RSW,FL,ASO,ES,Combined TRACON& Tower with Radar,231,38,35,2,306,0,3,18,0,21,231,41,53,2,327,0,0,0,327
04/28/2006,RSW,FL,ASO,ES,Combined TRACON& Tower with Radar,219,34,46,2,301,0,1,11,0,12,219,35,57,2,313,0,0,0,313
04/29/2006,RSW,FL,ASO,ES,Combined TRACON& Tower with Radar,231,25,14,2,272,0,0,6,0,6,231,25,20,2,278,0,0,0,278
04/30/2006,RSW,FL,ASO,ES,Combined TRACON& Tower with Radar,220,35,22,0,277,0,1,10,0,11,220,36,32,0,288,0,0,0,288
05/01/2006,RSW,FL,ASO,ES,Combined TRACON& Tower with Radar,208,26,14,0,248,0,4,4,0,8,208,30,18,0,256,0,0,0,256
05/02/2006,RSW,FL,ASO,ES,Combined TRACON& Tower with Radar,194,22,14,15,245,0,1,20,0,21,194,23,34,15,266,0,0,0,266
05/03/2006,RSW,FL,ASO,ES,Combined TRACON& Tower with Radar,173,30,48,9,260,0,2,20,0,22,173,32,68,9,282,0,0,0,282
05/04/2006,RSW,FL,ASO,ES,Combined TRACON& Tower with Radar,180,31,29,5,245,0,1,11,0,12,180,32,40,5,257,0,0,0,257
05/05/2006,RSW,FL,ASO,ES,Combined TRACON& Tower with Radar,166,26,29,0,221,0,1,19,0,20,166,27,48,0,241,0,0,0,241
05/06/2006,RSW,FL,ASO,ES,Combined TRACON& Tower with Radar,179,22,20,0,221,0,1,12,1,14,179,23,32,1,235,0,0,0,235
05/07/2006,RSW,FL,ASO,ES,Combined TRACON& Tower with Radar,150,38,34,0,222,0,8,7,0,15,150,46,41,0,237,0,0,0,237
05/08/2006,RSW,FL,ASO,ES,Combined TRACON& Tower with Radar,172,31,22,4,229,0,2,11,1,14,172,33,33,5,243,9,0,9,252
05/09/2006,RSW,FL,ASO,ES,Combined TRACON& Tower with Radar,157,35,32,0,224,0,5,8,0,13,157,40,40,0,237,8,0,8,245
05/10/2006,RSW,FL,ASO,ES,Combined TRACON& Tower with Radar,156,34,37,0,227,0,5,13,0,18,156,39,50,0,245,0,0,0,245
05/11/2006,RSW,FL,ASO,ES,Combined TRACON& Tower with Radar,164,26,28,0,218,0,0,6,0,6,164,26,34,0,224,0,0,0,224
05/12/2006,RSW,FL,ASO,ES,Combined TRACON& Tower with Radar,150,26,38,4,218,0,4,14,0,18,150,30,52,4,236,0,0,0,236
05/13/2006,RSW,FL,ASO,ES,Combined TRACON& Tower with Radar,152,21,15,0,188,0,3,26,0,29,152,24,41,0,217,0,0,0,217
05/14/2006,RSW,FL,ASO,ES,Combined TRACON& Tower with Radar,142,27,22,0,191,0,1,12,0,13,142,28,34,0,204,0,0,0,204
05/15/2006,RSW,FL,ASO,ES,Combined TRACON& Tower with Radar,182,38,43,0,263,0,1,12,0,13,182,39,55,0,276,0,0,0,276
05/16/2006,RSW,FL,ASO,ES,Combined TRACON& Tower with Radar,156,31,23,0,210,0,2,3,0,5,156,33,26,0,215,0,0,0,215
05/17/2006,RSW,FL,ASO,ES,Combined TRACON& Tower with Radar,148,30,29,2,209,0,0,0,0,0,148,30,29,2,209,12,2,14,223
05/18/2006,RSW,FL,ASO,ES,Combined TRACON& Tower with Radar,155,23,45,7,230,0,0,19,0,19,155,23,64,7,249,0,0,0,249
05/19/2006,RSW,FL,ASO,ES,Combined TRACON& Tower with Radar,153,36,13,7,209,0,4,17,10,31,153,40,30,17,240,0,0,0,240
05/20/2006,RSW,FL,ASO,ES,Combined TRACON& Tower with Radar,153,30,15,0,198,0,0,19,2,21,153,30,34,2,219,0,0,0,219
05/21/2006,RSW,FL,ASO,ES,Combined TRACON& Tower with Radar,149,21,11,2,183,0,8,24,9,41,149,29,35,11,224,0,0,0,224
05/22/2006,RSW,FL,ASO,ES,Combined TRACON& Tower with Radar,152,26,12,2,192,0,4,11,0,15,152,30,23,2,207,0,0,0,207
05/23/2006,RSW,FL,ASO,ES,Combined TRACON& Tower with Radar,161,24,16,7,208,0,5,12,0,17,161,29,28,7,225,3,4,7,232
05/24/2006,RSW,FL,ASO,ES,Combined TRACON& Tower with Radar,154,24,19,2,199,0,3,16,1,20,154,27,35,3,219,0,0,0,219
05/25/2006,RSW,FL,ASO,ES,Combined TRACON& Tower with Radar,163,28,34,0,225,0,2,6,0,8,163,30,40,0,233,0,0,0,233
05/26/2006,RSW,FL,ASO,ES,Combined TRACON& Tower with Radar,162,26,19,1,208,0,2,4,0,6,162,28,23,1,214,3,0,3,217
05/27/2006,RSW,FL,ASO,ES,Combined TRACON& Tower with Radar,154,22,16,0,192,0,1,6,0,7,154,23,22,0,199,0,0,0,199
05/28/2006,RSW,FL,ASO,ES,Combined TRACON& Tower with Radar,118,32,11,0,161,0,6,2,0,8,118,38,13,0,169,0,0,0,169
05/29/2006,RSW,FL,ASO,ES,Combined TRACON& Tower with Radar,151,22,15,6,194,0,1,6,0,7,151,23,21,6,201,0,0,0,201
05/30/2006,RSW,FL,ASO,ES,Combined TRACON& Tower with Radar,150,24,28,0,202,0,0,14,0,14,150,24,42,0,216,0,0,0,216
05/31/2006,RSW,FL,ASO,ES,Combined TRACON& Tower with Radar,152,18,24,0,194,0,0,17,0,17,152,18,41,0,211,5,0,5,216
06/01/2006,RSW,FL,ASO,ES,Combined TRACON& Tower with Radar,155,14,17,0,186,0,6,1,0,7,155,20,18,0,193,0,0,0,193
06/02/2006,RSW,FL,ASO,ES,Combined TRACON& Tower with Radar,137,23,17,0,177,2,10,0,0,12,139,33,17,0,189,0,0,0,189
06/03/2006,RSW,FL,ASO,ES,Combined TRACON& Tower with Radar,166,23,7,6,202,0,0,9,0,9,166,23,16,6,211,4,8,12,223
06/04/2006,RSW,FL,ASO,ES,Combined TRACON& Tower with Radar,152,22,24,0,198,0,5,8,0,13,152,27,32,0,211,2,0,2,213
06/05/2006,RSW,FL,ASO,ES,Combined TRACON& Tower with Radar,148,11,22,0,181,0,5,11,0,16,148,16,33,0,197,0,0,0,197
06/06/2006,RSW,FL,ASO,ES,Combined TRACON& Tower with Radar,154,34,0,0,188,0,0,18,0,18,154,34,18,0,206,0,0,0,206
06/07/2006,RSW,FL,ASO,ES,Combined TRACON& Tower with Radar,151,20,13,16,200,0,7,4,0,11,151,27,17,16,211,0,0,0,211
06/08/2006,RSW,FL,ASO,ES,Combined TRACON& Tower with Radar,154,23,18,0,195,0,11,11,0,22,154,34,29,0,217,0,0,0,217
06/09/2006,RSW,FL,ASO,ES,Combined TRACON& Tower with Radar,146,20,14,2,182,0,7,7,0,14,146,27,21,2,196,0,0,0,196
06/10/2006,RSW,FL,ASO,ES,Combined TRACON& Tower with Radar,140,24,9,0,173,0,2,5,0,7,140,26,14,0,180,0,0,0,180
06/11/2006,RSW,FL,ASO,ES,Combined TRACON& Tower with Radar,133,28,9,0,170,0,0,3,0,3,133,28,12,0,173,0,0,0,173
06/12/2006,RSW,FL,ASO,ES,Combined TRACON& Tower with Radar,126,18,11,0,155,0,0,2,0,2,126,18,13,0,157,0,0,0,157
06/13/2006,RSW,FL,ASO,ES,Combined TRACON& Tower with Radar,150,22,5,0,177,0,3,0,0,3,150,25,5,0,180,0,0,0,180
06/14/2006,RSW,FL,ASO,ES,Combined TRACON& Tower with Radar,150,22,20,2,194,0,0,15,0,15,150,22,35,2,209,2,0,2,211
06/15/2006,RSW,FL,ASO,ES,Combined TRACON& Tower with Radar,146,26,16,0,188,0,2,23,0,25,146,28,39,0,213,2,0,2,215
06/16/2006,RSW,FL,ASO,ES,Combined TRACON& Tower with Radar,149,30,9,0,188,0,6,11,0,17,149,36,20,0,205,0,0,0,205
06/17/2006,RSW,FL,ASO,ES,Combined TRACON& Tower with Radar,131,11,15,0,157,0,0,5,0,5,131,11,20,0,162,0,0,0,162
06/18/2006,RSW,FL,ASO,ES,Combined TRACON& Tower with Radar,126,13,21,6,166,0,0,5,0,5,126,13,26,6,171,0,0,0,171
06/19/2006,RSW,FL,ASO,ES,Combined TRACON& Tower with Radar,140,17,15,0,172,0,3,9,0,12,140,20,24,0,184,0,0,0,184
06/20/2006,RSW,FL,ASO,ES,Combined TRACON& Tower with Radar,145,21,19,4,189,0,0,7,0,7,145,21,26,4,196,0,0,0,196
06/21/2006,RSW,FL,ASO,ES,Combined TRACON& Tower with Radar,147,16,6,14,183,0,0,11,0,11,147,16,17,14,194,0,0,0,194
06/22/2006,RSW,FL,ASO,ES,Combined TRACON& Tower with Radar,145,21,24,1,191,0,0,19,3,22,145,21,43,4,213,3,6,9,222
06/23/2006,RSW,FL,ASO,ES,Combined TRACON& Tower with Radar,150,19,6,13,188,0,1,6,0,7,150,20,12,13,195,0,0,0,195
06/24/2006,RSW,FL,ASO,ES,Combined TRACON& Tower with Radar,131,20,12,0,163,0,0,7,0,7,131,20,19,0,170,0,0,0,170
06/25/2006,RSW,FL,ASO,ES,Combined TRACON& Tower with Radar,132,18,11,2,163,0,0,2,0,2,132,18,13,2,165,0,0,0,165
06/26/2006,RSW,FL,ASO,ES,Combined TRACON& Tower with Radar,137,19,15,2,173,0,3,4,2,9,137,22,19,4,182,0,0,0,182
06/27/2006,RSW,FL,ASO,ES,Combined TRACON& Tower with Radar,159,28,22,0,209,0,0,11,0,11,159,28,33,0,220,0,0,0,220
06/28/2006,RSW,FL,ASO,ES,Combined TRACON& Tower with Radar,150,21,15,7,193,0,0,17,0,17,150,21,32,7,210,0,0,0,210
06/29/2006,RSW,FL,ASO,ES,Combined TRACON& Tower with Radar,150,15,7,0,172,0,1,7,0,8,150,16,14,0,180,0,0,0,180
06/30/2006,RSW,FL,ASO,ES,Combined TRACON& Tower with Radar,154,19,14,6,193,0,0,4,0,4,154,19,18,6,197,2,0,2,199
07/01/2006,RSW,FL,ASO,ES,Combined TRACON& Tower with Radar,134,19,7,0,160,0,2,0,0,2,134,21,7,0,162,0,0,0,162
07/02/2006,RSW,FL,ASO,ES,Combined TRACON& Tower with Radar,133,28,6,1,168,0,3,0,0,3,133,31,6,1,171,0,0,0,171
07/03/2006,RSW,FL,ASO,ES,Combined TRACON& Tower with Radar,143,19,7,0,169,0,1,6,0,7,143,20,13,0,176,0,0,0,176
07/04/2006,RSW,FL,ASO,ES,Combined TRACON& Tower with Radar,145,15,14,3,177,0,3,6,0,9,145,18,20,3,186,3,1,4,190
07/05/2006,RSW,FL,ASO,ES,Combined TRACON& Tower with Radar,145,18,15,0,178,0,0,10,0,10,145,18,25,0,188,0,0,0,188
07/06/2006,RSW,FL,ASO,ES,Combined TRACON& Tower with Radar,151,15,4,0,170,0,0,3,0,3,151,15,7,0,173,0,0,0,173
07/07/2006,RSW,FL,ASO,ES,Combined TRACON& Tower with Radar,156,20,19,5,200,0,0,1,0,1,156,20,20,5,201,2,0,2,203
07/08/2006,RSW,FL,ASO,ES,Combined TRACON& Tower with Radar,134,18,17,0,169,0,0,5,0,5,134,18,22,0,174,0,0,0,174
07/09/2006,RSW,FL,ASO,ES,Combined TRACON& Tower with Radar,135,21,11,0,167,0,0,0,0,0,135,21,11,0,167,0,0,0,167
07/10/2006,RSW,FL,ASO,ES,Combined TRACON& Tower with Radar,134,41,16,1,192,0,2,12,0,14,134,43,28,1,206,0,0,0,206
07/11/2006,RSW,FL,ASO,ES,Combined TRACON& Tower with Radar,148,19,9,0,176,0,0,4,0,4,148,19,13,0,180,0,0,0,180
07/12/2006,RSW,FL,ASO,ES,Combined TRACON& Tower with Radar,153,15,21,0,189,0,0,14,0,14,153,15,35,0,203,0,0,0,203
07/13/2006,RSW,FL,ASO,ES,Combined TRACON& Tower with Radar,146,20,20,2,188,0,2,6,4,12,146,22,26,6,200,0,0,0,200
07/14/2006,RSW,FL,ASO,ES,Combined TRACON& Tower with Radar,153,14,13,0,180,0,2,6,0,8,153,16,19,0,188,0,0,0,188
07/15/2006,RSW,FL,ASO,ES,Combined TRACON& Tower with Radar,136,16,6,0,158,0,0,6,0,6,136,16,12,0,164,0,0,0,164
07/16/2006,RSW,FL,ASO,ES,Combined TRACON& Tower with Radar,145,11,18,8,182,0,1,9,1,11,145,12,27,9,193,0,0,0,193
07/17/2006,RSW,FL,ASO,ES,Combined TRACON& Tower with Radar,145,15,14,4,178,0,1,8,0,9,145,16,22,4,187,1,0,1,188
07/18/2006,RSW,FL,ASO,ES,Combined TRACON& Tower with Radar,153,15,8,0,176,0,1,10,0,11,153,16,18,0,187,0,0,0,187
07/19/2006,RSW,FL,ASO,ES,Combined TRACON& Tower with Radar,150,19,15,0,184,0,1,2,0,3,150,20,17,0,187,0,0,0,187
07/20/2006,RSW,FL,ASO,ES,Combined TRACON& Tower with Radar,154,9,30,0,193,0,0,3,0,3,154,9,33,0,196,0,0,0,196
07/21/2006,RSW,FL,ASO,ES,Combined TRACON& Tower with Radar,160,19,8,3,190,0,1,9,0,10,160,20,17,3,200,2,0,2,202
07/22/2006,RSW,FL,ASO,ES,Combined TRACON& Tower with Radar,137,12,6,0,155,0,0,2,0,2,137,12,8,0,157,10,0,10,167
07/23/2006,RSW,FL,ASO,ES,Combined TRACON& Tower with Radar,131,25,9,0,165,0,1,5,0,6,131,26,14,0,171,0,0,0,171
07/24/2006,RSW,FL,ASO,ES,Combined TRACON& Tower with Radar,142,19,11,7,179,0,0,25,0,25,142,19,36,7,204,0,2,2,206
07/25/2006,RSW,FL,ASO,ES,Combined TRACON& Tower with Radar,159,19,23,1,202,0,0,11,0,11,159,19,34,1,213,0,0,0,213
07/26/2006,RSW,FL,ASO,ES,Combined TRACON& Tower with Radar,148,16,24,14,202,0,2,18,6,26,148,18,42,20,228,2,14,16,244
07/27/2006,RSW,FL,ASO,ES,Combined TRACON& Tower with Radar,141,16,10,2,169,0,1,4,0,5,141,17,14,2,174,0,0,0,174
07/28/2006,RSW,FL,ASO,ES,Combined TRACON& Tower with Radar,150,15,19,2,186,0,0,6,0,6,150,15,25,2,192,0,0,0,192
07/29/2006,RSW,FL,ASO,ES,Combined TRACON& Tower with Radar,139,8,15,0,162,0,0,11,0,11,139,8,26,0,173,0,0,0,173
07/30/2006,RSW,FL,ASO,ES,Combined TRACON& Tower with Radar,140,16,15,1,172,0,3,1,1,5,140,19,16,2,177,7,0,7,184
07/31/2006,RSW,FL,ASO,ES,Combined TRACON& Tower with Radar,141,16,31,12,200,0,1,8,0,9,141,17,39,12,209,0,8,8,217
08/01/2006,RSW,FL,ASO,ES,Combined TRACON& Tower with Radar,149,22,12,4,187,7,12,4,0,23,156,34,16,4,210,1,0,1,211
08/02/2006,RSW,FL,ASO,ES,Combined TRACON& Tower with Radar,150,25,20,2,197,1,12,1,5,19,151,37,21,7,216,0,0,0,216
08/03/2006,RSW,FL,ASO,ES,Combined TRACON& Tower with Radar,139,33,11,7,190,0,0,7,0,7,139,33,18,7,197,0,0,0,197
08/04/2006,RSW,FL,ASO,ES,Combined TRACON& Tower with Radar,146,28,22,2,198,0,0,6,0,6,146,28,28,2,204,4,0,4,208
08/05/2006,RSW,FL,ASO,ES,Combined TRACON& Tower with Radar,137,14,19,6,176,0,0,17,0,17,137,14,36,6,193,0,0,0,193
08/06/2006,RSW,FL,ASO,ES,Combined TRACON& Tower with Radar,133,15,10,0,158,0,2,2,0,4,133,17,12,0,162,0,0,0,162
08/07/2006,RSW,FL,ASO,ES,Combined TRACON& Tower with Radar,141,17,9,0,167,0,4,6,0,10,141,21,15,0,177,0,0,0,177
08/08/2006,RSW,FL,ASO,ES,Combined TRACON& Tower with Radar,158,16,21,8,203,0,1,18,0,19,158,17,39,8,222,0,0,0,222
08/09/2006,RSW,FL,ASO,ES,Combined TRACON& Tower with Radar,151,17,15,3,186,0,0,12,1,13,151,17,27,4,199,0,0,0,199
08/10/2006,RSW,FL,ASO,ES,Combined TRACON& Tower with Radar,139,22,17,3,181,0,1,9,3,13,139,23,26,6,194,4,0,4,198
08/11/2006,RSW,FL,ASO,ES,Combined TRACON& Tower with Radar,148,19,13,0,180,0,0,9,0,9,148,19,22,0,189,0,0,0,189
08/12/2006,RSW,FL,ASO,ES,Combined TRACON& Tower with Radar,137,12,8,0,157,0,0,13,0,13,137,12,21,0,170,6,0,6,176
08/13/2006,RSW,FL,ASO,ES,Combined TRACON& Tower with Radar,137,25,23,0,185,0,0,8,0,8,137,25,31,0,193,0,0,0,193
08/14/2006,RSW,FL,ASO,ES,Combined TRACON& Tower with Radar,143,16,20,0,179,0,1,8,0,9,143,17,28,0,188,0,0,0,188
08/15/2006,RSW,FL,ASO,ES,Combined TRACON& Tower with Radar,147,9,20,5,181,0,0,4,0,4,147,9,24,5,185,0,0,0,185
08/16/2006,RSW,FL,ASO,ES,Combined TRACON& Tower with Radar,147,17,18,0,182,0,0,9,0,9,147,17,27,0,191,0,0,0,191
08/17/2006,RSW,FL,ASO,ES,Combined TRACON& Tower with Radar,150,11,14,0,175,0,1,4,0,5,150,12,18,0,180,0,0,0,180
08/18/2006,RSW,FL,ASO,ES,Combined TRACON& Tower with Radar,146,16,11,0,173,0,0,18,0,18,146,16,29,0,191,0,0,0,191
08/19/2006,RSW,FL,ASO,ES,Combined TRACON& Tower with Radar,139,8,9,0,156,0,1,13,0,14,139,9,22,0,170,0,10,10,180
08/20/2006,RSW,FL,ASO,ES,Combined TRACON& Tower with Radar,131,10,9,0,150,0,1,9,0,10,131,11,18,0,160,0,0,0,160
08/21/2006,RSW,FL,ASO,ES,Combined TRACON& Tower with Radar,148,14,14,1,177,0,1,5,1,7,148,15,19,2,184,0,0,0,184
08/22/2006,RSW,FL,ASO,ES,Combined TRACON& Tower with Radar,145,12,24,0,181,0,0,8,0,8,145,12,32,0,189,0,0,0,189
08/23/2006,RSW,FL,ASO,ES,Combined TRACON& Tower with Radar,145,16,27,0,188,0,0,29,0,29,145,16,56,0,217,0,0,0,217
08/24/2006,RSW,FL,ASO,ES,Combined TRACON& Tower with Radar,143,13,22,0,178,0,2,12,0,14,143,15,34,0,192,0,0,0,192
08/25/2006,RSW,FL,ASO,ES,Combined TRACON& Tower with Radar,140,14,16,5,175,0,3,3,0,6,140,17,19,5,181,0,0,0,181
08/26/2006,RSW,FL,ASO,ES,Combined TRACON& Tower with Radar,141,8,11,9,169,0,6,8,0,14,141,14,19,9,183,0,6,6,189
08/27/2006,RSW,FL,ASO,ES,Combined TRACON& Tower with Radar,132,15,8,0,155,0,1,7,0,8,132,16,15,0,163,0,0,0,163
08/28/2006,RSW,FL,ASO,ES,Combined TRACON& Tower with Radar,140,11,13,0,164,0,2,10,0,12,140,13,23,0,176,1,0,1,177
08/29/2006,RSW,FL,ASO,ES,Combined TRACON& Tower with Radar,134,13,14,0,161,0,1,4,0,5,134,14,18,0,166,0,0,0,166
08/30/2006,RSW,FL,ASO,ES,Combined TRACON& Tower with Radar,132,6,0,0,138,0,0,0,0,0,132,6,0,0,138,0,0,0,138
08/31/2006,RSW,FL,ASO,ES,Combined TRACON& Tower with Radar,144,15,27,0,186,0,0,15,0,15,144,15,42,0,201,0,6,6,207
09/01/2006,RSW,FL,ASO,ES,Combined TRACON& Tower with Radar,164,21,17,0,202,0,4,0,0,4,164,25,17,0,206,2,0,2,208
09/02/2006,RSW,FL,ASO,ES,Combined TRACON& Tower with Radar,135,14,13,0,162,0,7,0,0,7,135,21,13,0,169,0,0,0,169
09/03/2006,RSW,FL,ASO,ES,Combined TRACON& Tower with Radar,125,9,13,0,147,0,0,1,0,1,125,9,14,0,148,0,0,0,148
09/04/2006,RSW,FL,ASO,ES,Combined TRACON& Tower with Radar,140,14,12,0,166,0,0,11,0,11,140,14,23,0,177,14,0,14,191
09/05/2006,RSW,FL,ASO,ES,Combined TRACON& Tower with Radar,142,10,11,0,163,0,1,3,0,4,142,11,14,0,167,0,0,0,167
09/06/2006,RSW,FL,ASO,ES,Combined TRACON& Tower with Radar,145,12,20,1,178,0,0,12,1,13,145,12,32,2,191,0,0,0,191
09/07/2006,RSW,FL,ASO,ES,Combined TRACON& Tower with Radar,140,11,27,1,179,0,0,13,0,13,140,11,40,1,192,0,0,0,192
09/08/2006,RSW,FL,ASO,ES,Combined TRACON& Tower with Radar,143,14,16,12,185,0,0,19,2,21,143,14,35,14,206,12,12,24,230
09/09/2006,RSW,FL,ASO,ES,Combined TRACON& Tower with Radar,128,10,6,0,144,0,2,11,0,13,128,12,17,0,157,12,4,16,173
09/10/2006,RSW,FL,ASO,ES,Combined TRACON& Tower with Radar,126,22,11,0,159,0,0,5,0,5,126,22,16,0,164,0,0,0,164
09/11/2006,RSW,FL,ASO,ES,Combined TRACON& Tower with Radar,132,18,16,0,166,0,0,7,0,7,132,18,23,0,173,0,0,0,173
09/12/2006,RSW,FL,ASO,ES,Combined TRACON& Tower with Radar,131,17,10,0,158,0,2,9,0,11,131,19,19,0,169,8,0,8,177
09/13/2006,RSW,FL,ASO,ES,Combined TRACON& Tower with Radar,136,16,25,1,178,0,3,4,0,7,136,19,29,1,185,0,0,0,185
09/14/2006,RSW,FL,ASO,ES,Combined TRACON& Tower with Radar,139,21,6,0,166,0,2,4,0,6,139,23,10,0,172,0,0,0,172
09/15/2006,RSW,FL,ASO,ES,Combined TRACON& Tower with Radar,136,18,21,2,177,0,3,6,0,9,136,21,27,2,186,0,0,0,186
09/16/2006,RSW,FL,ASO,ES,Combined TRACON& Tower with Radar,131,13,8,0,152,0,0,5,0,5,131,13,13,0,157,0,0,0,157
09/17/2006,RSW,FL,ASO,ES,Combined TRACON& Tower with Radar,125,20,7,2,154,0,0,2,0,2,125,20,9,2,156,0,0,0,156
09/18/2006,RSW,FL,ASO,ES,Combined TRACON& Tower with Radar,135,19,11,0,165,0,0,5,0,5,135,19,16,0,170,0,0,0,170
09/19/2006,RSW,FL,ASO,ES,Combined TRACON& Tower with Radar,139,24,10,0,173,0,0,2,0,2,139,24,12,0,175,0,0,0,175
09/20/2006,RSW,FL,ASO,ES,Combined TRACON& Tower with Radar,141,19,7,3,170,0,5,4,1,10,141,24,11,4,180,0,0,0,180
09/21/2006,RSW,FL,ASO,ES,Combined TRACON& Tower with Radar,141,27,12,0,180,0,2,15,0,17,141,29,27,0,197,0,0,0,197
09/22/2006,RSW,FL,ASO,ES,Combined TRACON& Tower with Radar,131,19,8,0,158,0,0,8,0,8,131,19,16,0,166,0,0,0,166
09/23/2006,RSW,FL,ASO,ES,Combined TRACON& Tower with Radar,130,13,7,2,152,0,1,12,0,13,130,14,19,2,165,0,0,0,165
09/24/2006,RSW,FL,ASO,ES,Combined TRACON& Tower with Radar,119,22,6,0,147,0,0,2,0,2,119,22,8,0,149,0,0,0,149
09/25/2006,RSW,FL,ASO,ES,Combined TRACON& Tower with Radar,128,25,13,2,168,0,0,10,0,10,128,25,23,2,178,0,0,0,178
09/26/2006,RSW,FL,ASO,ES,Combined TRACON& Tower with Radar,130,18,15,0,163,0,4,10,0,14,130,22,25,0,177,0,0,0,177
09/27/2006,RSW,FL,ASO,ES,Combined TRACON& Tower with Radar,134,18,12,0,164,0,2,4,0,6,134,20,16,0,170,0,0,0,170
09/28/2006,RSW,FL,ASO,ES,Combined TRACON& Tower with Radar,139,23,21,0,183,0,2,8,2,12,139,25,29,2,195,0,0,0,195
09/29/2006,RSW,FL,ASO,ES,Combined TRACON& Tower with Radar,138,24,19,0,181,0,0,9,0,9,138,24,28,0,190,0,0,0,190
09/30/2006,RSW,FL,ASO,ES,Combined TRACON& Tower with Radar,135,10,11,0,156,0,0,5,0,5,135,10,16,0,161,0,0,0,161
10/01/2006,RSW,FL,ASO,ES,Combined TRACON& Tower with Radar,134,19,7,1,161,0,3,0,0,3,134,22,7,1,164,0,0,0,164
10/02/2006,RSW,FL,ASO,ES,Combined TRACON& Tower with Radar,143,17,13,0,173,6,5,0,1,12,149,22,13,1,185,0,2,2,187
10/03/2006,RSW,FL,ASO,ES,Combined TRACON& Tower with Radar,137,17,17,1,172,0,0,3,0,3,137,17,20,1,175,0,0,0,175
10/04/2006,RSW,FL,ASO,ES,Combined TRACON& Tower with Radar,144,20,0,0,164,0,1,0,0,1,144,21,0,0,165,0,0,0,165
10/05/2006,RSW,FL,ASO,ES,Combined TRACON& Tower with Radar,146,24,18,0,188,0,0,7,0,7,146,24,25,0,195,0,0,0,195
10/06/2006,RSW,FL,ASO,ES,Combined TRACON& Tower with Radar,151,22,16,0,189,0,0,8,0,8,151,22,24,0,197,0,0,0,197
10/07/2006,RSW,FL,ASO,ES,Combined TRACON& Tower with Radar,148,22,5,0,175,0,1,5,0,6,148,23,10,0,181,0,0,0,181
10/08/2006,RSW,FL,ASO,ES,Combined TRACON& Tower with Radar,135,31,4,0,170,0,2,1,0,3,135,33,5,0,173,0,0,0,173
10/09/2006,RSW,FL,ASO,ES,Combined TRACON& Tower with Radar,145,24,24,0,193,0,1,8,0,9,145,25,32,0,202,0,0,0,202
10/10/2006,RSW,FL,ASO,ES,Combined TRACON& Tower with Radar,137,33,18,0,188,0,0,5,0,5,137,33,23,0,193,0,0,0,193
10/11/2006,RSW,FL,ASO,ES,Combined TRACON& Tower with Radar,152,23,18,0,193,0,2,17,0,19,152,25,35,0,212,0,0,0,212
10/12/2006,RSW,FL,ASO,ES,Combined TRACON& Tower with Radar,148,23,22,0,193,0,2,8,0,10,148,25,30,0,203,0,0,0,203
10/13/2006,RSW,FL,ASO,ES,Combined TRACON& Tower with Radar,145,25,16,0,186,0,1,9,0,10,145,26,25,0,196,0,0,0,196
10/14/2006,RSW,FL,ASO,ES,Combined TRACON& Tower with Radar,151,13,11,0,175,0,0,8,0,8,151,13,19,0,183,0,0,0,183
10/15/2006,RSW,FL,ASO,ES,Combined TRACON& Tower with Radar,137,18,8,0,163,0,1,4,0,5,137,19,12,0,168,0,0,0,168
10/16/2006,RSW,FL,ASO,ES,Combined TRACON& Tower with Radar,139,27,26,0,192,0,1,2,0,3,139,28,28,0,195,2,0,2,197
10/17/2006,RSW,FL,ASO,ES,Combined TRACON& Tower with Radar,144,18,20,0,182,0,0,6,0,6,144,18,26,0,188,0,0,0,188
10/18/2006,RSW,FL,ASO,ES,Combined TRACON& Tower with Radar,150,24,23,1,198,0,0,0,0,0,150,24,23,1,198,0,0,0,198
10/19/2006,RSW,FL,ASO,ES,Combined TRACON& Tower with Radar,150,27,29,0,206,0,1,12,0,13,150,28,41,0,219,0,0,0,219
10/20/2006,RSW,FL,ASO,ES,Combined TRACON& Tower with Radar,148,30,17,5,200,0,1,8,0,9,148,31,25,5,209,0,0,0,209
10/21/2006,RSW,FL,ASO,ES,Combined TRACON& Tower with Radar,158,11,7,0,176,0,2,13,0,15,158,13,20,0,191,0,0,0,191
10/22/2006,RSW,FL,ASO,ES,Combined TRACON& Tower with Radar,135,29,29,2,195,0,2,7,0,9,135,31,36,2,204,0,0,0,204
10/23/2006,RSW,FL,ASO,ES,Combined TRACON& Tower with Radar,146,28,26,0,200,0,0,8,0,8,146,28,34,0,208,0,0,0,208
10/24/2006,RSW,FL,ASO,ES,Combined TRACON& Tower with Radar,145,27,10,7,189,0,3,9,0,12,145,30,19,7,201,0,0,0,201
10/25/2006,RSW,FL,ASO,ES,Combined TRACON& Tower with Radar,150,21,35,1,207,0,0,15,0,15,150,21,50,1,222,0,0,0,222
10/26/2006,RSW,FL,ASO,ES,Combined TRACON& Tower with Radar,149,28,40,0,217,0,0,9,0,9,149,28,49,0,226,0,0,0,226
10/27/2006,RSW,FL,ASO,ES,Combined TRACON& Tower with Radar,152,25,23,4,204,0,3,10,0,13,152,28,33,4,217,0,0,0,217
10/28/2006,RSW,FL,ASO,ES,Combined TRACON& Tower with Radar,152,21,20,0,193,0,0,8,0,8,152,21,28,0,201,0,0,0,201
10/29/2006,RSW,FL,ASO,ES,Combined TRACON& Tower with Radar,159,33,26,0,218,0,2,2,1,5,159,35,28,1,223,0,0,0,223
10/30/2006,RSW,FL,ASO,ES,Combined TRACON& Tower with Radar,160,25,15,0,200,0,6,8,0,14,160,31,23,0,214,2,0,2,216
10/31/2006,RSW,FL,ASO,ES,Combined TRACON& Tower with Radar,184,21,21,0,226,0,2,7,0,9,184,23,28,0,235,0,0,0,235
11/01/2006,RSW,FL,ASO,ES,Combined TRACON& Tower with Radar,176,31,21,0,228,0,6,0,0,6,176,37,21,0,234,0,0,0,234
11/02/2006,RSW,FL,ASO,ES,Combined TRACON& Tower with Radar,179,20,24,0,223,1,5,0,0,6,180,25,24,0,229,6,0,6,235
11/03/2006,RSW,FL,ASO,ES,Combined TRACON& Tower with Radar,183,23,31,0,237,0,0,7,0,7,183,23,38,0,244,0,0,0,244
11/04/2006,RSW,FL,ASO,ES,Combined TRACON& Tower with Radar,186,16,17,0,219,0,0,10,0,10,186,16,27,0,229,0,0,0,229
11/05/2006,RSW,FL,ASO,ES,Combined TRACON& Tower with Radar,171,23,18,0,212,0,0,4,0,4,171,23,22,0,216,0,0,0,216
11/06/2006,RSW,FL,ASO,ES,Combined TRACON& Tower with Radar,174,28,21,0,223,0,2,4,0,6,174,30,25,0,229,0,0,0,229
11/07/2006,RSW,FL,ASO,ES,Combined TRACON& Tower with Radar,173,38,11,0,222,0,0,4,0,4,173,38,15,0,226,0,0,0,226
11/08/2006,RSW,FL,ASO,ES,Combined TRACON& Tower with Radar,176,27,25,8,236,0,0,6,0,6,176,27,31,8,242,0,0,0,242
11/09/2006,RSW,FL,ASO,ES,Combined TRACON& Tower with Radar,180,33,29,0,242,0,1,8,0,9,180,34,37,0,251,1,0,1,252
11/10/2006,RSW,FL,ASO,ES,Combined TRACON& Tower with Radar,184,27,17,0,228,0,2,14,0,16,184,29,31,0,244,0,0,0,244
11/11/2006,RSW,FL,ASO,ES,Combined TRACON& Tower with Radar,193,14,22,0,229,0,0,14,0,14,193,14,36,0,243,0,0,0,243
11/12/2006,RSW,FL,ASO,ES,Combined TRACON& Tower with Radar,180,25,28,0,233,0,2,7,0,9,180,27,35,0,242,0,0,0,242
11/13/2006,RSW,FL,ASO,ES,Combined TRACON& Tower with Radar,185,27,22,0,234,0,2,17,0,19,185,29,39,0,253,0,0,0,253
11/14/2006,RSW,FL,ASO,ES,Combined TRACON& Tower with Radar,185,27,22,0,234,0,2,17,0,19,185,29,39,0,253,0,0,0,253
11/15/2006,RSW,FL,ASO,ES,Combined TRACON& Tower with Radar,179,27,31,2,239,0,0,7,0,7,179,27,38,2,246,0,0,0,246
11/16/2006,RSW,FL,ASO,ES,Combined TRACON& Tower with Radar,192,29,22,0,243,0,2,1,0,3,192,31,23,0,246,0,0,0,246
11/17/2006,RSW,FL,ASO,ES,Combined TRACON& Tower with Radar,206,32,18,2,258,0,0,12,0,12,206,32,30,2,270,0,0,0,270
11/18/2006,RSW,FL,ASO,ES,Combined TRACON& Tower with Radar,208,28,19,0,255,0,0,5,0,5,208,28,24,0,260,0,0,0,260
11/19/2006,RSW,FL,ASO,ES,Combined TRACON& Tower with Radar,210,27,13,2,252,0,0,10,0,10,210,27,23,2,262,0,0,0,262
11/20/2006,RSW,FL,ASO,ES,Combined TRACON& Tower with Radar,196,29,14,1,240,0,0,8,0,8,196,29,22,1,248,0,0,0,248
11/21/2006,RSW,FL,ASO,ES,Combined TRACON& Tower with Radar,213,27,36,0,276,0,1,8,0,9,213,28,44,0,285,0,0,0,285
11/22/2006,RSW,FL,ASO,ES,Combined TRACON& Tower with Radar,206,29,27,2,264,0,4,6,0,10,206,33,33,2,274,0,0,0,274
11/23/2006,RSW,FL,ASO,ES,Combined TRACON& Tower with Radar,170,20,2,0,192,0,0,1,0,1,170,20,3,0,193,0,0,0,193
11/24/2006,RSW,FL,ASO,ES,Combined TRACON& Tower with Radar,198,30,8,0,236,0,2,7,0,9,198,32,15,0,245,0,0,0,245
11/25/2006,RSW,FL,ASO,ES,Combined TRACON& Tower with Radar,232,11,19,0,262,0,0,6,0,6,232,11,25,0,268,0,0,0,268
11/26/2006,RSW,FL,ASO,ES,Combined TRACON& Tower with Radar,208,39,39,0,286,0,1,4,0,5,208,40,43,0,291,0,0,0,291
11/27/2006,RSW,FL,ASO,ES,Combined TRACON& Tower with Radar,204,36,20,0,260,0,3,8,0,11,204,39,28,0,271,0,0,0,271
11/28/2006,RSW,FL,ASO,ES,Combined TRACON& Tower with Radar,185,34,14,0,233,0,2,14,0,16,185,36,28,0,249,0,0,0,249
11/29/2006,RSW,FL,ASO,ES,Combined TRACON& Tower with Radar,192,23,22,0,237,0,4,5,0,9,192,27,27,0,246,0,0,0,246
11/30/2006,RSW,FL,ASO,ES,Combined TRACON& Tower with Radar,187,19,15,0,221,0,6,8,0,14,187,25,23,0,235,0,0,0,235
12/01/2006,RSW,FL,ASO,ES,Combined TRACON& Tower with Radar,175,29,24,1,229,1,5,2,0,8,176,34,26,1,237,0,0,0,237
12/02/2006,RSW,FL,ASO,ES,Combined TRACON& Tower with Radar,196,19,12,0,227,0,8,0,0,8,196,27,12,0,235,0,0,0,235
12/03/2006,RSW,FL,ASO,ES,Combined TRACON& Tower with Radar,178,26,16,0,220,0,0,6,0,6,178,26,22,0,226,0,0,0,226
12/04/2006,RSW,FL,ASO,ES,Combined TRACON& Tower with Radar,197,23,29,2,251,0,0,4,0,4,197,23,33,2,255,0,0,0,255
12/05/2006,RSW,FL,ASO,ES,Combined TRACON& Tower with Radar,196,26,17,0,239,0,1,9,0,10,196,27,26,0,249,0,0,0,249
12/06/2006,RSW,FL,ASO,ES,Combined TRACON& Tower with Radar,198,17,15,0,230,0,2,12,0,14,198,19,27,0,244,0,0,0,244
12/07/2006,RSW,FL,ASO,ES,Combined TRACON& Tower with Radar,198,22,21,1,242,0,3,10,1,14,198,25,31,2,256,0,0,0,256
12/08/2006,RSW,FL,ASO,ES,Combined TRACON& Tower with Radar,203,17,25,2,247,0,0,16,0,16,203,17,41,2,263,3,0,3,266
12/09/2006,RSW,FL,ASO,ES,Combined TRACON& Tower with Radar,209,14,13,0,236,0,0,6,0,6,209,14,19,0,242,0,0,0,242
12/10/2006,RSW,FL,ASO,ES,Combined TRACON& Tower with Radar,201,23,24,2,250,0,0,9,0,9,201,23,33,2,259,0,0,0,259
12/11/2006,RSW,FL,ASO,ES,Combined TRACON& Tower with Radar,187,23,20,0,230,0,0,5,0,5,187,23,25,0,235,0,0,0,235
12/12/2006,RSW,FL,ASO,ES,Combined TRACON& Tower with Radar,193,20,28,0,241,0,1,5,0,6,193,21,33,0,247,0,0,0,247
12/13/2006,RSW,FL,ASO,ES,Combined TRACON& Tower with Radar,202,14,21,0,237,0,1,7,0,8,202,15,28,0,245,0,0,0,245
12/14/2006,RSW,FL,ASO,ES,Combined TRACON& Tower with Radar,205,23,15,0,243,0,1,3,0,4,205,24,18,0,247,0,0,0,247
12/15/2006,RSW,FL,ASO,ES,Combined TRACON& Tower with Radar,243,18,17,0,278,0,2,1,0,3,243,20,18,0,281,0,0,0,281
12/16/2006,RSW,FL,ASO,ES,Combined TRACON& Tower with Radar,237,34,16,0,287,0,0,0,0,0,237,34,16,0,287,0,0,0,287
12/17/2006,RSW,FL,ASO,ES,Combined TRACON& Tower with Radar,235,34,12,0,281,0,0,2,0,2,235,34,14,0,283,0,0,0,283
12/18/2006,RSW,FL,ASO,ES,Combined TRACON& Tower with Radar,232,38,12,0,282,0,0,12,0,12,232,38,24,0,294,0,0,0,294
12/19/2006,RSW,FL,ASO,ES,Combined TRACON& Tower with Radar,240,30,23,0,293,0,2,13,0,15,240,32,36,0,308,0,0,0,308
12/20/2006,RSW,FL,ASO,ES,Combined TRACON& Tower with Radar,248,38,19,0,305,0,1,5,0,6,248,39,24,0,311,0,0,0,311
12/21/2006,RSW,FL,ASO,ES,Combined TRACON& Tower with Radar,263,33,27,0,323,0,1,12,0,13,263,34,39,0,336,0,0,0,336
12/22/2006,RSW,FL,ASO,ES,Combined TRACON& Tower with Radar,270,31,22,0,323,0,2,7,0,9,270,33,29,0,332,0,0,0,332
12/23/2006,RSW,FL,ASO,ES,Combined TRACON& Tower with Radar,285,21,4,0,310,0,3,10,0,13,285,24,14,0,323,0,0,0,323
12/24/2006,RSW,FL,ASO,ES,Combined TRACON& Tower with Radar,247,26,4,0,277,0,4,5,0,9,247,30,9,0,286,0,0,0,286
12/25/2006,RSW,FL,ASO,ES,Combined TRACON& Tower with Radar,264,31,1,0,296,0,3,6,0,9,264,34,7,0,305,0,0,0,305
12/26/2006,RSW,FL,ASO,ES,Combined TRACON& Tower with Radar,267,38,37,0,342,0,1,2,0,3,267,39,39,0,345,0,0,0,345
12/27/2006,RSW,FL,ASO,ES,Combined TRACON& Tower with Radar,283,48,39,2,372,0,4,18,0,22,283,52,57,2,394,0,0,0,394
12/28/2006,RSW,FL,ASO,ES,Combined TRACON& Tower with Radar,277,35,35,0,347,0,3,14,0,17,277,38,49,0,364,0,0,0,364
12/29/2006,RSW,FL,ASO,ES,Combined TRACON& Tower with Radar,262,33,19,0,314,0,2,7,0,9,262,35,26,0,323,0,0,0,323
12/30/2006,RSW,FL,ASO,ES,Combined TRACON& Tower with Radar,269,31,24,0,324,0,3,10,0,13,269,34,34,0,337,0,0,0,337
12/31/2006,RSW,FL,ASO,ES,Combined TRACON& Tower with Radar,246,36,19,0,301,0,0,2,0,2,246,36,21,0,303,0,0,0,303
01/01/2007,RSW,FL,ASO,ES,Combined TRACON& Tower with Radar,255,29,32,0,316,1,6,0,0,7,256,35,32,0,323,0,0,0,323
01/02/2007,RSW,FL,ASO,ES,Combined TRACON& Tower with Radar,266,51,39,0,356,3,3,0,0,6,269,54,39,0,362,0,0,0,362
01/03/2007,RSW,FL,ASO,ES,Combined TRACON& Tower with Radar,255,54,36,0,345,0,1,7,0,8,255,55,43,0,353,0,0,0,353
01/04/2007,RSW,FL,ASO,ES,Combined TRACON& Tower with Radar,244,40,29,2,315,0,0,7,0,7,244,40,36,2,322,0,0,0,322
01/05/2007,RSW,FL,ASO,ES,Combined TRACON& Tower with Radar,247,29,13,0,289,0,1,7,0,8,247,30,20,0,297,0,0,0,297
01/06/2007,RSW,FL,ASO,ES,Combined TRACON& Tower with Radar,251,28,21,0,300,0,1,19,0,20,251,29,40,0,320,0,0,0,320
01/07/2007,RSW,FL,ASO,ES,Combined TRACON& Tower with Radar,231,30,33,0,294,0,0,0,0,0,231,30,33,0,294,0,0,0,294
01/08/2007,RSW,FL,ASO,ES,Combined TRACON& Tower with Radar,235,29,23,0,287,0,1,1,0,2,235,30,24,0,289,0,0,0,289
01/09/2007,RSW,FL,ASO,ES,Combined TRACON& Tower with Radar,233,33,16,0,282,0,2,7,0,9,233,35,23,0,291,0,0,0,291
01/10/2007,RSW,FL,ASO,ES,Combined TRACON& Tower with Radar,238,28,35,0,301,0,0,17,0,17,238,28,52,0,318,0,0,0,318
01/11/2007,RSW,FL,ASO,ES,Combined TRACON& Tower with Radar,249,25,45,0,319,0,0,2,0,2,249,25,47,0,321,0,0,0,321
01/12/2007,RSW,FL,ASO,ES,Combined TRACON& Tower with Radar,240,27,21,0,288,0,0,8,0,8,240,27,29,0,296,0,0,0,296
01/13/2007,RSW,FL,ASO,ES,Combined TRACON& Tower with Radar,236,27,24,0,287,0,0,7,0,7,236,27,31,0,294,0,0,0,294
01/14/2007,RSW,FL,ASO,ES,Combined TRACON& Tower with Radar,224,36,31,0,291,0,0,8,0,8,224,36,39,0,299,0,0,0,299
01/15/2007,RSW,FL,ASO,ES,Combined TRACON& Tower with Radar,239,35,31,0,305,0,0,4,0,4,239,35,35,0,309,0,0,0,309
01/16/2007,RSW,FL,ASO,ES,Combined TRACON& Tower with Radar,237,32,21,0,290,0,0,12,0,12,237,32,33,0,302,0,0,0,302
01/17/2007,RSW,FL,ASO,ES,Combined TRACON& Tower with Radar,242,24,16,0,282,0,0,6,0,6,242,24,22,0,288,0,0,0,288
01/18/2007,RSW,FL,ASO,ES,Combined TRACON& Tower with Radar,240,33,38,0,311,0,0,0,0,0,240,33,38,0,311,0,0,0,311
01/19/2007,RSW,FL,ASO,ES,Combined TRACON& Tower with Radar,237,34,30,3,304,0,0,12,0,12,237,34,42,3,316,0,0,0,316
01/20/2007,RSW,FL,ASO,ES,Combined TRACON& Tower with Radar,237,22,17,0,276,0,3,20,0,23,237,25,37,0,299,0,0,0,299
01/21/2007,RSW,FL,ASO,ES,Combined TRACON& Tower with Radar,233,27,21,0,281,0,1,4,0,5,233,28,25,0,286,0,0,0,286
01/22/2007,RSW,FL,ASO,ES,Combined TRACON& Tower with Radar,240,25,21,0,286,0,7,2,0,9,240,32,23,0,295,0,0,0,295
01/23/2007,RSW,FL,ASO,ES,Combined TRACON& Tower with Radar,233,25,26,0,284,0,0,5,0,5,233,25,31,0,289,0,0,0,289
01/24/2007,RSW,FL,ASO,ES,Combined TRACON& Tower with Radar,234,44,31,0,309,0,2,5,0,7,234,46,36,0,316,0,0,0,316
01/25/2007,RSW,FL,ASO,ES,Combined TRACON& Tower with Radar,244,30,39,0,313,0,0,3,0,3,244,30,42,0,316,0,0,0,316
01/26/2007,RSW,FL,ASO,ES,Combined TRACON& Tower with Radar,247,30,29,2,308,0,0,8,0,8,247,30,37,2,316,0,0,0,316
01/27/2007,RSW,FL,ASO,ES,Combined TRACON& Tower with Radar,242,24,22,0,288,0,0,10,0,10,242,24,32,0,298,0,0,0,298
01/28/2007,RSW,FL,ASO,ES,Combined TRACON& Tower with Radar,234,40,32,2,308,0,1,9,0,10,234,41,41,2,318,0,0,0,318
01/29/2007,RSW,FL,ASO,ES,Combined TRACON& Tower with Radar,241,22,25,0,288,0,0,7,0,7,241,22,32,0,295,0,0,0,295
01/30/2007,RSW,FL,ASO,ES,Combined TRACON& Tower with Radar,234,33,47,2,316,0,0,6,0,6,234,33,53,2,322,0,0,0,322
01/31/2007,RSW,FL,ASO,ES,Combined TRACON& Tower with Radar,232,52,37,0,321,0,0,11,0,11,232,52,48,0,332,0,0,0,332
02/01/2007,RSW,FL,ASO,ES,Combined TRACON& Tower with Radar,245,34,21,8,308,2,4,2,0,8,247,38,23,8,316,0,0,0,316
02/02/2007,RSW,FL,ASO,ES,Combined TRACON& Tower with Radar,252,38,30,0,320,2,2,0,0,4,254,40,30,0,324,0,0,0,324
02/03/2007,RSW,FL,ASO,ES,Combined TRACON& Tower with Radar,248,27,14,0,289,0,0,0,0,0,248,27,14,0,289,0,0,0,289
02/04/2007,RSW,FL,ASO,ES,Combined TRACON& Tower with Radar,239,35,19,0,293,0,0,1,0,1,239,35,20,0,294,0,0,0,294
02/05/2007,RSW,FL,ASO,ES,Combined TRACON& Tower with Radar,243,39,39,0,321,0,1,3,0,4,243,40,42,0,325,0,0,0,325
02/06/2007,RSW,FL,ASO,ES,Combined TRACON& Tower with Radar,245,32,24,0,301,0,2,10,0,12,245,34,34,0,313,0,0,0,313
02/07/2007,RSW,FL,ASO,ES,Combined TRACON& Tower with Radar,247,34,28,0,309,0,1,17,0,18,247,35,45,0,327,0,0,0,327
02/08/2007,RSW,FL,ASO,ES,Combined TRACON& Tower with Radar,251,28,24,0,303,0,0,12,0,12,251,28,36,0,315,0,0,0,315
02/09/2007,RSW,FL,ASO,ES,Combined TRACON& Tower with Radar,250,26,37,0,313,0,4,9,0,13,250,30,46,0,326,0,0,0,326
02/10/2007,RSW,FL,ASO,ES,Combined TRACON& Tower with Radar,249,23,25,0,297,0,0,7,0,7,249,23,32,0,304,0,0,0,304
02/11/2007,RSW,FL,ASO,ES,Combined TRACON& Tower with Radar,235,36,42,0,313,0,1,9,0,10,235,37,51,0,323,0,0,0,323
02/12/2007,RSW,FL,ASO,ES,Combined TRACON& Tower with Radar,254,33,35,0,322,0,1,2,0,3,254,34,37,0,325,0,0,0,325
02/13/2007,RSW,FL,ASO,ES,Combined TRACON& Tower with Radar,225,31,31,0,287,0,1,3,0,4,225,32,34,0,291,0,0,0,291
02/14/2007,RSW,FL,ASO,ES,Combined TRACON& Tower with Radar,209,37,28,0,274,0,1,5,0,6,209,38,33,0,280,5,0,5,285
02/15/2007,RSW,FL,ASO,ES,Combined TRACON& Tower with Radar,267,39,53,0,359,0,0,7,0,7,267,39,60,0,366,0,0,0,366
02/16/2007,RSW,FL,ASO,ES,Combined TRACON& Tower with Radar,279,29,42,0,350,0,0,9,1,10,279,29,51,1,360,0,0,0,360
02/17/2007,RSW,FL,ASO,ES,Combined TRACON& Tower with Radar,296,25,25,0,346,0,0,3,0,3,296,25,28,0,349,0,0,0,349
02/18/2007,RSW,FL,ASO,ES,Combined TRACON& Tower with Radar,283,31,25,0,339,0,0,4,0,4,283,31,29,0,343,0,0,0,343
02/19/2007,RSW,FL,ASO,ES,Combined TRACON& Tower with Radar,279,35,37,0,351,0,0,7,0,7,279,35,44,0,358,0,0,0,358
02/20/2007,RSW,FL,ASO,ES,Combined TRACON& Tower with Radar,288,23,27,7,345,0,1,17,0,18,288,24,44,7,363,0,0,0,363
02/21/2007,RSW,FL,ASO,ES,Combined TRACON& Tower with Radar,280,25,21,0,326,0,2,14,0,16,280,27,35,0,342,0,0,0,342
02/22/2007,RSW,FL,ASO,ES,Combined TRACON& Tower with Radar,286,34,37,0,357,0,0,15,0,15,286,34,52,0,372,3,0,3,375
02/23/2007,RSW,FL,ASO,ES,Combined TRACON& Tower with Radar,272,47,29,2,350,0,2,15,0,17,272,49,44,2,367,0,0,0,367
02/24/2007,RSW,FL,ASO,ES,Combined TRACON& Tower with Radar,273,29,22,0,324,0,0,5,0,5,273,29,27,0,329,0,0,0,329
02/25/2007,RSW,FL,ASO,ES,Combined TRACON& Tower with Radar,258,44,29,3,334,0,2,9,0,11,258,46,38,3,345,0,0,0,345
02/26/2007,RSW,FL,ASO,ES,Combined TRACON& Tower with Radar,281,29,27,0,337,0,4,3,0,7,281,33,30,0,344,0,0,0,344
02/27/2007,RSW,FL,ASO,ES,Combined TRACON& Tower with Radar,286,26,32,0,344,0,1,6,0,7,286,27,38,0,351,0,0,0,351
02/28/2007,RSW,FL,ASO,ES,Combined TRACON& Tower with Radar,284,30,35,0,349,0,0,44,0,44,284,30,79,0,393,0,0,0,393
03/01/2007,RSW,FL,ASO,ES,Combined TRACON& Tower with Radar,278,49,37,0,364,0,9,0,0,9,278,58,37,0,373,0,0,0,373
03/02/2007,RSW,FL,ASO,ES,Combined TRACON& Tower with Radar,288,30,29,0,347,1,10,0,0,11,289,40,29,0,358,0,0,0,358
03/03/2007,RSW,FL,ASO,ES,Combined TRACON& Tower with Radar,297,17,23,0,337,0,0,9,0,9,297,17,32,0,346,0,0,0,346
03/04/2007,RSW,FL,ASO,ES,Combined TRACON& Tower with Radar,279,33,23,0,335,0,3,6,0,9,279,36,29,0,344,0,0,0,344
03/05/2007,RSW,FL,ASO,ES,Combined TRACON& Tower with Radar,292,30,13,0,335,0,1,8,0,9,292,31,21,0,344,0,0,0,344
03/06/2007,RSW,FL,ASO,ES,Combined TRACON& Tower with Radar,286,31,31,1,349,0,0,9,0,9,286,31,40,1,358,0,0,0,358
03/07/2007,RSW,FL,ASO,ES,Combined TRACON& Tower with Radar,285,29,38,0,352,0,0,7,0,7,285,29,45,0,359,0,0,0,359
03/08/2007,RSW,FL,ASO,ES,Combined TRACON& Tower with Radar,287,38,32,0,357,0,0,6,0,6,287,38,38,0,363,0,0,0,363
03/09/2007,RSW,FL,ASO,ES,Combined TRACON& Tower with Radar,314,29,29,1,373,0,0,13,0,13,314,29,42,1,386,0,0,0,386
03/10/2007,RSW,FL,ASO,ES,Combined TRACON& Tower with Radar,295,30,13,0,338,0,0,7,0,7,295,30,20,0,345,0,0,0,345
03/11/2007,RSW,FL,ASO,ES,Combined TRACON& Tower with Radar,290,34,37,0,361,0,4,15,0,19,290,38,52,0,380,0,0,0,380
03/12/2007,RSW,FL,ASO,ES,Combined TRACON& Tower with Radar,304,29,18,1,352,0,8,6,0,14,304,37,24,1,366,0,0,0,366
03/13/2007,RSW,FL,ASO,ES,Combined TRACON& Tower with Radar,289,19,34,0,342,0,2,5,0,7,289,21,39,0,349,0,0,0,349
03/14/2007,RSW,FL,ASO,ES,Combined TRACON& Tower with Radar,286,30,42,0,358,0,3,11,0,14,286,33,53,0,372,0,0,0,372
03/15/2007,RSW,FL,ASO,ES,Combined TRACON& Tower with Radar,292,38,54,0,384,0,2,16,0,18,292,40,70,0,402,0,0,0,402
03/16/2007,RSW,FL,ASO,ES,Combined TRACON& Tower with Radar,256,32,37,2,327,0,1,10,0,11,256,33,47,2,338,0,0,0,338
03/17/2007,RSW,FL,ASO,ES,Combined TRACON& Tower with Radar,281,26,45,0,352,0,0,4,0,4,281,26,49,0,356,0,0,0,356
03/18/2007,RSW,FL,ASO,ES,Combined TRACON& Tower with Radar,279,54,34,3,370,0,1,9,1,11,279,55,43,4,381,0,0,0,381
03/19/2007,RSW,FL,ASO,ES,Combined TRACON& Tower with Radar,298,25,43,0,366,0,2,8,0,10,298,27,51,0,376,0,0,0,376
03/20/2007,RSW,FL,ASO,ES,Combined TRACON& Tower with Radar,286,31,31,3,351,0,2,8,0,10,286,33,39,3,361,0,0,0,361
03/21/2007,RSW,FL,ASO,ES,Combined TRACON& Tower with Radar,294,24,22,0,340,2,2,8,0,12,296,26,30,0,352,0,0,0,352
03/22/2007,RSW,FL,ASO,ES,Combined TRACON& Tower with Radar,290,40,35,1,366,0,1,29,1,31,290,41,64,2,397,0,0,0,397
03/23/2007,RSW,FL,ASO,ES,Combined TRACON& Tower with Radar,295,40,44,2,381,0,1,21,1,23,295,41,65,3,404,0,0,0,404
03/24/2007,RSW,FL,ASO,ES,Combined TRACON& Tower with Radar,303,35,33,2,373,0,0,5,0,5,303,35,38,2,378,0,0,0,378
03/25/2007,RSW,FL,ASO,ES,Combined TRACON& Tower with Radar,293,33,41,3,370,0,2,8,1,11,293,35,49,4,381,0,0,0,381
03/26/2007,RSW,FL,ASO,ES,Combined TRACON& Tower with Radar,298,41,47,1,387,0,0,16,0,16,298,41,63,1,403,0,0,0,403
03/27/2007,RSW,FL,ASO,ES,Combined TRACON& Tower with Radar,285,42,45,0,372,0,0,11,0,11,285,42,56,0,383,0,0,0,383
03/28/2007,RSW,FL,ASO,ES,Combined TRACON& Tower with Radar,283,40,47,0,370,0,0,15,0,15,283,40,62,0,385,0,0,0,385
03/29/2007,RSW,FL,ASO,ES,Combined TRACON& Tower with Radar,303,30,38,0,371,0,0,14,0,14,303,30,52,0,385,0,0,0,385
03/30/2007,RSW,FL,ASO,ES,Combined TRACON& Tower with Radar,295,35,37,0,367,0,1,21,0,22,295,36,58,0,389,0,0,0,389
03/31/2007,RSW,FL,ASO,ES,Combined TRACON& Tower with Radar,308,38,42,0,388,0,0,15,0,15,308,38,57,0,403,0,0,0,403
04/01/2007,RSW,FL,ASO,ES,Combined TRACON& Tower with Radar,284,34,53,2,373,0,22,1,0,23,284,56,54,2,396,0,0,0,396
04/02/2007,RSW,FL,ASO,ES,Combined TRACON& Tower with Radar,297,21,24,0,342,5,11,0,0,16,302,32,24,0,358,0,0,0,358
04/03/2007,RSW,FL,ASO,ES,Combined TRACON& Tower with Radar,296,33,31,0,360,0,0,16,0,16,296,33,47,0,376,0,0,0,376
04/04/2007,RSW,FL,ASO,ES,Combined TRACON& Tower with Radar,0,0,0,0,0,288,38,44,2,372,288,38,44,2,372,0,0,0,372
04/05/2007,RSW,FL,ASO,ES,Combined TRACON& Tower with Radar,293,38,62,0,393,0,0,22,0,22,293,38,84,0,415,0,0,0,415
04/06/2007,RSW,FL,ASO,ES,Combined TRACON& Tower with Radar,295,27,29,0,351,0,1,17,0,18,295,28,46,0,369,0,0,0,369
04/07/2007,RSW,FL,ASO,ES,Combined TRACON& Tower with Radar,303,27,27,0,357,0,0,21,0,21,303,27,48,0,378,0,0,0,378
04/08/2007,RSW,FL,ASO,ES,Combined TRACON& Tower with Radar,286,40,30,0,356,0,2,7,0,9,286,42,37,0,365,0,0,0,365
04/09/2007,RSW,FL,ASO,ES,Combined TRACON& Tower with Radar,287,34,55,10,386,0,1,11,0,12,287,35,66,10,398,0,0,0,398
04/10/2007,RSW,FL,ASO,ES,Combined TRACON& Tower with Radar,285,36,21,0,342,0,2,1,0,3,285,38,22,0,345,0,0,0,345
04/11/2007,RSW,FL,ASO,ES,Combined TRACON& Tower with Radar,282,51,35,3,371,0,1,9,0,10,282,52,44,3,381,0,0,0,381
04/12/2007,RSW,FL,ASO,ES,Combined TRACON& Tower with Radar,302,28,30,1,361,0,0,12,1,13,302,28,42,2,374,0,0,0,374
04/13/2007,RSW,FL,ASO,ES,Combined TRACON& Tower with Radar,279,35,51,7,372,0,1,13,0,14,279,36,64,7,386,0,0,0,386
04/14/2007,RSW,FL,ASO,ES,Combined TRACON& Tower with Radar,288,33,24,0,345,0,0,5,0,5,288,33,29,0,350,0,0,0,350
04/15/2007,RSW,FL,ASO,ES,Combined TRACON& Tower with Radar,261,19,23,0,303,0,0,1,0,1,261,19,24,0,304,0,0,0,304
04/16/2007,RSW,FL,ASO,ES,Combined TRACON& Tower with Radar,260,28,26,2,316,0,2,2,0,4,260,30,28,2,320,0,0,0,320
04/17/2007,RSW,FL,ASO,ES,Combined TRACON& Tower with Radar,244,23,29,0,296,0,5,7,0,12,244,28,36,0,308,0,0,0,308
04/18/2007,RSW,FL,ASO,ES,Combined TRACON& Tower with Radar,237,30,33,0,300,0,1,11,0,12,237,31,44,0,312,0,0,0,312
04/19/2007,RSW,FL,ASO,ES,Combined TRACON& Tower with Radar,255,24,18,0,297,0,1,19,0,20,255,25,37,0,317,0,0,0,317
04/20/2007,RSW,FL,ASO,ES,Combined TRACON& Tower with Radar,252,40,23,2,317,0,1,18,0,19,252,41,41,2,336,0,0,0,336
04/21/2007,RSW,FL,ASO,ES,Combined TRACON& Tower with Radar,250,20,18,5,293,0,0,18,1,19,250,20,36,6,312,0,0,0,312
04/22/2007,RSW,FL,ASO,ES,Combined TRACON& Tower with Radar,239,42,23,2,306,0,0,7,0,7,239,42,30,2,313,0,0,0,313
04/23/2007,RSW,FL,ASO,ES,Combined TRACON& Tower with Radar,239,16,30,0,285,0,2,20,0,22,239,18,50,0,307,0,0,0,307
04/24/2007,RSW,FL,ASO,ES,Combined TRACON& Tower with Radar,235,32,23,4,294,0,0,8,0,8,235,32,31,4,302,0,0,0,302
04/25/2007,RSW,FL,ASO,ES,Combined TRACON& Tower with Radar,230,18,33,1,282,0,5,5,0,10,230,23,38,1,292,0,0,0,292
04/26/2007,RSW,FL,ASO,ES,Combined TRACON& Tower with Radar,238,25,27,7,297,0,2,14,2,18,238,27,41,9,315,0,0,0,315
04/27/2007,RSW,FL,ASO,ES,Combined TRACON& Tower with Radar,234,36,31,0,301,0,2,15,0,17,234,38,46,0,318,0,0,0,318
04/28/2007,RSW,FL,ASO,ES,Combined TRACON& Tower with Radar,240,23,13,0,276,0,0,7,0,7,240,23,20,0,283,0,0,0,283
04/29/2007,RSW,FL,ASO,ES,Combined TRACON& Tower with Radar,223,39,18,2,282,0,0,12,0,12,223,39,30,2,294,0,0,0,294
04/30/2007,RSW,FL,ASO,ES,Combined TRACON& Tower with Radar,241,20,8,0,269,0,0,16,0,16,241,20,24,0,285,0,0,0,285
05/01/2007,RSW,FL,ASO,ES,Combined TRACON& Tower with Radar,202,24,43,6,275,2,18,1,1,22,204,42,44,7,297,0,0,0,297
05/02/2007,RSW,FL,ASO,ES,Combined TRACON& Tower with Radar,192,25,19,0,236,0,10,0,0,10,192,35,19,0,246,0,0,0,246
05/03/2007,RSW,FL,ASO,ES,Combined TRACON& Tower with Radar,181,37,32,0,250,0,1,21,0,22,181,38,53,0,272,0,0,0,272
05/04/2007,RSW,FL,ASO,ES,Combined TRACON& Tower with Radar,185,22,24,2,233,0,0,9,0,9,185,22,33,2,242,0,0,0,242
05/05/2007,RSW,FL,ASO,ES,Combined TRACON& Tower with Radar,179,18,6,0,203,0,0,11,0,11,179,18,17,0,214,0,0,0,214
05/06/2007,RSW,FL,ASO,ES,Combined TRACON& Tower with Radar,168,24,20,0,212,0,1,7,0,8,168,25,27,0,220,0,0,0,220
05/07/2007,RSW,FL,ASO,ES,Combined TRACON& Tower with Radar,175,28,18,2,223,0,0,14,0,14,175,28,32,2,237,0,0,0,237
05/08/2007,RSW,FL,ASO,ES,Combined TRACON& Tower with Radar,186,22,18,18,244,0,2,8,0,10,186,24,26,18,254,0,0,0,254
05/09/2007,RSW,FL,ASO,ES,Combined TRACON& Tower with Radar,165,34,21,0,220,0,3,19,0,22,165,37,40,0,242,0,0,0,242
05/10/2007,RSW,FL,ASO,ES,Combined TRACON& Tower with Radar,172,31,16,6,225,0,0,21,0,21,172,31,37,6,246,0,0,0,246
05/11/2007,RSW,FL,ASO,ES,Combined TRACON& Tower with Radar,176,28,56,20,280,0,3,12,3,18,176,31,68,23,298,0,0,0,298
05/12/2007,RSW,FL,ASO,ES,Combined TRACON& Tower with Radar,169,19,9,0,197,0,0,6,0,6,169,19,15,0,203,0,0,0,203
05/13/2007,RSW,FL,ASO,ES,Combined TRACON& Tower with Radar,151,22,26,0,199,0,3,2,0,5,151,25,28,0,204,0,0,0,204
05/14/2007,RSW,FL,ASO,ES,Combined TRACON& Tower with Radar,168,31,24,0,223,0,2,12,0,14,168,33,36,0,237,0,0,0,237
05/15/2007,RSW,FL,ASO,ES,Combined TRACON& Tower with Radar,171,17,16,2,206,0,0,12,0,12,171,17,28,2,218,0,0,0,218
05/16/2007,RSW,FL,ASO,ES,Combined TRACON& Tower with Radar,163,25,23,0,211,0,0,8,0,8,163,25,31,0,219,0,0,0,219
05/17/2007,RSW,FL,ASO,ES,Combined TRACON& Tower with Radar,168,30,34,0,232,0,0,13,0,13,168,30,47,0,245,0,0,0,245
05/18/2007,RSW,FL,ASO,ES,Combined TRACON& Tower with Radar,170,32,28,10,240,0,1,5,8,14,170,33,33,18,254,0,0,0,254
05/19/2007,RSW,FL,ASO,ES,Combined TRACON& Tower with Radar,163,24,21,5,213,0,1,9,0,10,163,25,30,5,223,0,0,0,223
05/20/2007,RSW,FL,ASO,ES,Combined TRACON& Tower with Radar,152,27,19,0,198,0,1,5,0,6,152,28,24,0,204,0,0,0,204
05/21/2007,RSW,FL,ASO,ES,Combined TRACON& Tower with Radar,166,31,18,0,215,0,3,10,0,13,166,34,28,0,228,0,0,0,228
05/22/2007,RSW,FL,ASO,ES,Combined TRACON& Tower with Radar,170,22,33,0,225,0,1,20,0,21,170,23,53,0,246,0,0,0,246
05/23/2007,RSW,FL,ASO,ES,Combined TRACON& Tower with Radar,166,30,23,0,219,0,0,15,0,15,166,30,38,0,234,0,0,0,234
05/24/2007,RSW,FL,ASO,ES,Combined TRACON& Tower with Radar,164,30,30,3,227,0,0,6,0,6,164,30,36,3,233,0,0,0,233
05/25/2007,RSW,FL,ASO,ES,Combined TRACON& Tower with Radar,173,31,23,0,227,0,0,9,1,10,173,31,32,1,237,0,0,0,237
05/26/2007,RSW,FL,ASO,ES,Combined TRACON& Tower with Radar,163,19,15,0,197,0,0,15,0,15,163,19,30,0,212,0,0,0,212
05/27/2007,RSW,FL,ASO,ES,Combined TRACON& Tower with Radar,136,21,13,0,170,0,0,6,0,6,136,21,19,0,176,0,0,0,176
05/28/2007,RSW,FL,ASO,ES,Combined TRACON& Tower with Radar,153,24,23,1,201,0,1,5,0,6,153,25,28,1,207,0,0,0,207
05/29/2007,RSW,FL,ASO,ES,Combined TRACON& Tower with Radar,167,21,25,2,215,0,0,34,0,34,167,21,59,2,249,0,0,0,249
05/30/2007,RSW,FL,ASO,ES,Combined TRACON& Tower with Radar,163,23,23,0,209,0,0,6,0,6,163,23,29,0,215,0,0,0,215
05/31/2007,RSW,FL,ASO,ES,Combined TRACON& Tower with Radar,164,21,17,0,202,0,2,16,0,18,164,23,33,0,220,0,0,0,220
06/01/2007,RSW,FL,ASO,ES,Combined TRACON& Tower with Radar,163,26,26,0,215,0,1,0,1,2,163,27,26,1,217,0,0,0,217
06/02/2007,RSW,FL,ASO,ES,Combined TRACON& Tower with Radar,163,17,4,0,184,0,2,0,0,2,163,19,4,0,186,0,0,0,186
06/03/2007,RSW,FL,ASO,ES,Combined TRACON& Tower with Radar,142,31,17,0,190,0,1,3,0,4,142,32,20,0,194,0,0,0,194
06/04/2007,RSW,FL,ASO,ES,Combined TRACON& Tower with Radar,147,17,16,2,182,0,1,5,1,7,147,18,21,3,189,0,1,1,190
06/05/2007,RSW,FL,ASO,ES,Combined TRACON& Tower with Radar,156,22,15,0,193,0,2,4,0,6,156,24,19,0,199,0,0,0,199
06/06/2007,RSW,FL,ASO,ES,Combined TRACON& Tower with Radar,160,23,23,0,206,0,1,7,0,8,160,24,30,0,214,0,0,0,214
06/07/2007,RSW,FL,ASO,ES,Combined TRACON& Tower with Radar,152,22,17,0,191,0,2,15,0,17,152,24,32,0,208,0,0,0,208
06/08/2007,RSW,FL,ASO,ES,Combined TRACON& Tower with Radar,173,21,19,1,214,0,3,8,0,11,173,24,27,1,225,0,0,0,225
06/09/2007,RSW,FL,ASO,ES,Combined TRACON& Tower with Radar,157,16,18,0,191,0,1,11,0,12,157,17,29,0,203,0,0,0,203
06/10/2007,RSW,FL,ASO,ES,Combined TRACON& Tower with Radar,137,17,14,0,168,0,0,5,0,5,137,17,19,0,173,0,0,0,173
06/11/2007,RSW,FL,ASO,ES,Combined TRACON& Tower with Radar,149,22,26,0,197,0,0,7,0,7,149,22,33,0,204,0,0,0,204
06/12/2007,RSW,FL,ASO,ES,Combined TRACON& Tower with Radar,173,21,5,0,199,0,1,4,0,5,173,22,9,0,204,0,0,0,204
06/13/2007,RSW,FL,ASO,ES,Combined TRACON& Tower with Radar,148,7,15,0,170,0,1,9,0,10,148,8,24,0,180,0,0,0,180
06/14/2007,RSW,FL,ASO,ES,Combined TRACON& Tower with Radar,149,14,19,0,182,0,0,5,0,5,149,14,24,0,187,0,0,0,187
06/15/2007,RSW,FL,ASO,ES,Combined TRACON& Tower with Radar,154,12,25,2,193,0,0,10,2,12,154,12,35,4,205,0,0,0,205
06/16/2007,RSW,FL,ASO,ES,Combined TRACON& Tower with Radar,153,5,14,0,172,0,0,9,0,9,153,5,23,0,181,0,0,0,181
06/17/2007,RSW,FL,ASO,ES,Combined TRACON& Tower with Radar,132,14,19,0,165,0,0,2,0,2,132,14,21,0,167,0,0,0,167
06/18/2007,RSW,FL,ASO,ES,Combined TRACON& Tower with Radar,150,18,13,0,181,0,1,7,0,8,150,19,20,0,189,0,0,0,189
06/19/2007,RSW,FL,ASO,ES,Combined TRACON& Tower with Radar,151,12,15,2,180,0,0,15,0,15,151,12,30,2,195,0,0,0,195
06/20/2007,RSW,FL,ASO,ES,Combined TRACON& Tower with Radar,151,21,23,0,195,0,2,10,0,12,151,23,33,0,207,0,0,0,207
06/21/2007,RSW,FL,ASO,ES,Combined TRACON& Tower with Radar,151,16,25,0,192,0,2,6,0,8,151,18,31,0,200,0,0,0,200
06/22/2007,RSW,FL,ASO,ES,Combined TRACON& Tower with Radar,153,19,21,4,197,0,2,10,0,12,153,21,31,4,209,0,0,0,209
06/23/2007,RSW,FL,ASO,ES,Combined TRACON& Tower with Radar,153,12,2,0,167,0,0,12,0,12,153,12,14,0,179,0,0,0,179
06/24/2007,RSW,FL,ASO,ES,Combined TRACON& Tower with Radar,132,15,15,2,164,0,0,7,2,9,132,15,22,4,173,0,0,0,173
06/25/2007,RSW,FL,ASO,ES,Combined TRACON& Tower with Radar,147,19,17,1,184,0,0,9,1,10,147,19,26,2,194,0,0,0,194
06/26/2007,RSW,FL,ASO,ES,Combined TRACON& Tower with Radar,148,19,17,0,184,0,0,5,0,5,148,19,22,0,189,0,0,0,189
06/27/2007,RSW,FL,ASO,ES,Combined TRACON& Tower with Radar,147,19,31,0,197,0,3,7,9,19,147,22,38,9,216,1,0,1,217
06/28/2007,RSW,FL,ASO,ES,Combined TRACON& Tower with Radar,145,18,40,0,203,0,0,16,0,16,145,18,56,0,219,10,0,10,229
06/29/2007,RSW,FL,ASO,ES,Combined TRACON& Tower with Radar,162,22,22,2,208,0,1,10,0,11,162,23,32,2,219,0,0,0,219
06/30/2007,RSW,FL,ASO,ES,Combined TRACON& Tower with Radar,158,13,29,0,200,0,0,9,0,9,158,13,38,0,209,0,0,0,209
07/01/2007,RSW,FL,ASO,ES,Combined TRACON& Tower with Radar,123,22,13,0,158,0,5,0,0,5,123,27,13,0,163,0,0,0,163
07/02/2007,RSW,FL,ASO,ES,Combined TRACON& Tower with Radar,152,14,14,0,180,0,7,0,0,7,152,21,14,0,187,4,0,4,191
07/03/2007,RSW,FL,ASO,ES,Combined TRACON& Tower with Radar,154,19,18,0,191,0,2,11,0,13,154,21,29,0,204,0,0,0,204
07/04/2007,RSW,FL,ASO,ES,Combined TRACON& Tower with Radar,148,15,3,0,166,0,0,4,0,4,148,15,7,0,170,0,0,0,170
07/05/2007,RSW,FL,ASO,ES,Combined TRACON& Tower with Radar,158,19,11,0,188,0,0,5,0,5,158,19,16,0,193,8,0,8,201
07/06/2007,RSW,FL,ASO,ES,Combined TRACON& Tower with Radar,151,20,12,0,183,0,0,8,0,8,151,20,20,0,191,0,0,0,191
07/07/2007,RSW,FL,ASO,ES,Combined TRACON& Tower with Radar,157,12,4,0,173,0,0,3,0,3,157,12,7,0,176,0,0,0,176
07/08/2007,RSW,FL,ASO,ES,Combined TRACON& Tower with Radar,139,17,16,0,172,0,0,12,0,12,139,17,28,0,184,0,0,0,184
07/09/2007,RSW,FL,ASO,ES,Combined TRACON& Tower with Radar,148,16,14,0,178,0,2,11,0,13,148,18,25,0,191,0,0,0,191
07/10/2007,RSW,FL,ASO,ES,Combined TRACON& Tower with Radar,146,14,29,2,191,0,0,10,0,10,146,14,39,2,201,0,0,0,201
07/11/2007,RSW,FL,ASO,ES,Combined TRACON& Tower with Radar,156,22,33,0,211,0,2,7,0,9,156,24,40,0,220,0,0,0,220
07/12/2007,RSW,FL,ASO,ES,Combined TRACON& Tower with Radar,142,25,15,0,182,0,0,6,0,6,142,25,21,0,188,0,0,0,188
07/13/2007,RSW,FL,ASO,ES,Combined TRACON& Tower with Radar,155,15,11,2,183,0,1,3,1,5,155,16,14,3,188,0,0,0,188
07/14/2007,RSW,FL,ASO,ES,Combined TRACON& Tower with Radar,163,10,12,0,185,0,0,2,0,2,163,10,14,0,187,0,0,0,187
07/15/2007,RSW,FL,ASO,ES,Combined TRACON& Tower with Radar,136,16,14,2,168,0,0,16,0,16,136,16,30,2,184,0,0,0,184
07/16/2007,RSW,FL,ASO,ES,Combined TRACON& Tower with Radar,154,18,11,0,183,0,0,5,0,5,154,18,16,0,188,0,0,0,188
07/17/2007,RSW,FL,ASO,ES,Combined TRACON& Tower with Radar,148,19,26,0,193,0,0,13,0,13,148,19,39,0,206,0,0,0,206
07/18/2007,RSW,FL,ASO,ES,Combined TRACON& Tower with Radar,153,15,18,0,186,0,0,8,0,8,153,15,26,0,194,0,0,0,194
07/19/2007,RSW,FL,ASO,ES,Combined TRACON& Tower with Radar,144,19,3,0,166,0,3,4,0,7,144,22,7,0,173,0,0,0,173
07/20/2007,RSW,FL,ASO,ES,Combined TRACON& Tower with Radar,154,21,4,2,181,0,2,8,0,10,154,23,12,2,191,0,0,0,191
07/21/2007,RSW,FL,ASO,ES,Combined TRACON& Tower with Radar,165,20,15,0,200,0,0,4,0,4,165,20,19,0,204,0,0,0,204
07/22/2007,RSW,FL,ASO,ES,Combined TRACON& Tower with Radar,134,17,5,2,158,0,0,4,0,4,134,17,9,2,162,0,0,0,162
07/23/2007,RSW,FL,ASO,ES,Combined TRACON& Tower with Radar,152,15,16,0,183,0,1,5,0,6,152,16,21,0,189,0,0,0,189
07/24/2007,RSW,FL,ASO,ES,Combined TRACON& Tower with Radar,149,20,25,0,194,0,1,14,0,15,149,21,39,0,209,0,0,0,209
07/25/2007,RSW,FL,ASO,ES,Combined TRACON& Tower with Radar,157,15,21,0,193,0,0,5,0,5,157,15,26,0,198,0,0,0,198
07/26/2007,RSW,FL,ASO,ES,Combined TRACON& Tower with Radar,148,25,16,0,189,0,6,8,0,14,148,31,24,0,203,0,0,0,203
07/27/2007,RSW,FL,ASO,ES,Combined TRACON& Tower with Radar,157,16,18,0,191,0,0,4,0,4,157,16,22,0,195,0,0,0,195
07/28/2007,RSW,FL,ASO,ES,Combined TRACON& Tower with Radar,191,17,7,0,215,0,0,2,0,2,191,17,9,0,217,0,0,0,217
07/29/2007,RSW,FL,ASO,ES,Combined TRACON& Tower with Radar,132,12,8,0,152,0,0,9,0,9,132,12,17,0,161,0,0,0,161
07/30/2007,RSW,FL,ASO,ES,Combined TRACON& Tower with Radar,150,17,15,0,182,0,0,6,0,6,150,17,21,0,188,0,0,0,188
07/31/2007,RSW,FL,ASO,ES,Combined TRACON& Tower with Radar,148,18,10,0,176,0,1,5,0,6,148,19,15,0,182,0,0,0,182
08/01/2007,RSW,FL,ASO,ES,Combined TRACON& Tower with Radar,151,22,23,0,196,0,5,0,0,5,151,27,23,0,201,0,0,0,201
08/02/2007,RSW,FL,ASO,ES,Combined TRACON& Tower with Radar,153,21,33,14,221,4,10,0,2,16,157,31,33,16,237,0,4,4,241
08/03/2007,RSW,FL,ASO,ES,Combined TRACON& Tower with Radar,149,25,45,1,220,0,3,19,0,22,149,28,64,1,242,5,0,5,247
08/04/2007,RSW,FL,ASO,ES,Combined TRACON& Tower with Radar,157,12,8,6,183,0,0,17,0,17,157,12,25,6,200,0,0,0,200
08/05/2007,RSW,FL,ASO,ES,Combined TRACON& Tower with Radar,129,19,23,8,179,0,0,6,0,6,129,19,29,8,185,0,0,0,185
08/06/2007,RSW,FL,ASO,ES,Combined TRACON& Tower with Radar,157,26,15,1,199,0,0,6,0,6,157,26,21,1,205,0,5,5,210
08/07/2007,RSW,FL,ASO,ES,Combined TRACON& Tower with Radar,151,18,8,2,179,0,0,8,0,8,151,18,16,2,187,0,0,0,187
08/08/2007,RSW,FL,ASO,ES,Combined TRACON& Tower with Radar,149,14,19,0,182,0,1,9,0,10,149,15,28,0,192,0,0,0,192
08/09/2007,RSW,FL,ASO,ES,Combined TRACON& Tower with Radar,150,16,14,0,180,0,3,5,0,8,150,19,19,0,188,0,0,0,188
08/10/2007,RSW,FL,ASO,ES,Combined TRACON& Tower with Radar,153,17,17,0,187,0,1,11,0,12,153,18,28,0,199,0,0,0,199
08/11/2007,RSW,FL,ASO,ES,Combined TRACON& Tower with Radar,156,16,12,0,184,0,1,11,0,12,156,17,23,0,196,0,0,0,196
08/12/2007,RSW,FL,ASO,ES,Combined TRACON& Tower with Radar,131,17,6,0,154,0,0,11,0,11,131,17,17,0,165,0,0,0,165
08/13/2007,RSW,FL,ASO,ES,Combined TRACON& Tower with Radar,148,18,12,0,178,0,0,7,0,7,148,18,19,0,185,0,0,0,185
08/14/2007,RSW,FL,ASO,ES,Combined TRACON& Tower with Radar,148,15,35,0,198,0,2,6,0,8,148,17,41,0,206,4,0,4,210
08/15/2007,RSW,FL,ASO,ES,Combined TRACON& Tower with Radar,148,21,33,3,205,0,1,5,1,7,148,22,38,4,212,0,0,0,212
08/16/2007,RSW,FL,ASO,ES,Combined TRACON& Tower with Radar,141,21,21,1,184,0,5,5,2,12,141,26,26,3,196,0,0,0,196
08/17/2007,RSW,FL,ASO,ES,Combined TRACON& Tower with Radar,150,14,16,3,183,0,2,4,0,6,150,16,20,3,189,0,0,0,189
08/18/2007,RSW,FL,ASO,ES,Combined TRACON& Tower with Radar,152,17,12,0,181,0,0,1,0,1,152,17,13,0,182,0,0,0,182
08/19/2007,RSW,FL,ASO,ES,Combined TRACON& Tower with Radar,127,26,15,2,170,0,1,9,0,10,127,27,24,2,180,0,0,0,180
08/20/2007,RSW,FL,ASO,ES,Combined TRACON& Tower with Radar,141,19,15,0,175,0,0,4,0,4,141,19,19,0,179,0,0,0,179
08/21/2007,RSW,FL,ASO,ES,Combined TRACON& Tower with Radar,151,13,18,0,182,0,0,8,0,8,151,13,26,0,190,0,0,0,190
08/22/2007,RSW,FL,ASO,ES,Combined TRACON& Tower with Radar,155,14,7,4,180,0,0,5,1,6,155,14,12,5,186,0,0,0,186
08/23/2007,RSW,FL,ASO,ES,Combined TRACON& Tower with Radar,138,18,14,0,170,0,5,2,0,7,138,23,16,0,177,0,0,0,177
08/24/2007,RSW,FL,ASO,ES,Combined TRACON& Tower with Radar,147,14,15,0,176,0,2,1,0,3,147,16,16,0,179,0,0,0,179
08/25/2007,RSW,FL,ASO,ES,Combined TRACON& Tower with Radar,141,22,6,8,177,0,0,6,0,6,141,22,12,8,183,0,0,0,183
08/26/2007,RSW,FL,ASO,ES,Combined TRACON& Tower with Radar,137,15,6,0,158,0,0,5,0,5,137,15,11,0,163,6,0,6,169
08/27/2007,RSW,FL,ASO,ES,Combined TRACON& Tower with Radar,145,17,10,0,172,0,0,2,0,2,145,17,12,0,174,4,0,4,178
08/28/2007,RSW,FL,ASO,ES,Combined TRACON& Tower with Radar,130,28,17,0,175,0,2,14,0,16,130,30,31,0,191,6,0,6,197
08/29/2007,RSW,FL,ASO,ES,Combined TRACON& Tower with Radar,142,17,11,2,172,0,2,11,0,13,142,19,22,2,185,0,0,0,185
08/30/2007,RSW,FL,ASO,ES,Combined TRACON& Tower with Radar,143,16,23,0,182,0,1,8,0,9,143,17,31,0,191,0,0,0,191
08/31/2007,RSW,FL,ASO,ES,Combined TRACON& Tower with Radar,146,20,15,1,182,0,1,12,1,14,146,21,27,2,196,0,0,0,196
09/01/2007,RSW,FL,ASO,ES,Combined TRACON& Tower with Radar,138,10,7,0,155,1,36,0,0,37,139,46,7,0,192,0,0,0,192
09/02/2007,RSW,FL,ASO,ES,Combined TRACON& Tower with Radar,121,12,2,0,135,0,2,0,1,3,121,14,2,1,138,0,0,0,138
09/03/2007,RSW,FL,ASO,ES,Combined TRACON& Tower with Radar,132,22,4,0,158,0,0,2,0,2,132,22,6,0,160,0,0,0,160
09/04/2007,RSW,FL,ASO,ES,Combined TRACON& Tower with Radar,139,15,12,11,177,0,2,14,0,16,139,17,26,11,193,0,0,0,193
09/05/2007,RSW,FL,ASO,ES,Combined TRACON& Tower with Radar,139,17,15,0,171,0,4,10,2,16,139,21,25,2,187,0,0,0,187
09/06/2007,RSW,FL,ASO,ES,Combined TRACON& Tower with Radar,142,19,26,9,196,0,1,9,1,11,142,20,35,10,207,0,0,0,207
09/07/2007,RSW,FL,ASO,ES,Combined TRACON& Tower with Radar,143,20,11,0,174,0,2,7,0,9,143,22,18,0,183,0,0,0,183
09/08/2007,RSW,FL,ASO,ES,Combined TRACON& Tower with Radar,130,14,7,0,151,0,1,5,0,6,130,15,12,0,157,0,0,0,157
09/09/2007,RSW,FL,ASO,ES,Combined TRACON& Tower with Radar,129,23,9,0,161,0,0,10,0,10,129,23,19,0,171,0,0,0,171
09/10/2007,RSW,FL,ASO,ES,Combined TRACON& Tower with Radar,132,24,12,0,168,0,2,7,0,9,132,26,19,0,177,0,0,0,177
09/11/2007,RSW,FL,ASO,ES,Combined TRACON& Tower with Radar,133,16,20,7,176,0,0,12,0,12,133,16,32,7,188,0,0,0,188
09/12/2007,RSW,FL,ASO,ES,Combined TRACON& Tower with Radar,137,14,22,0,173,0,0,8,0,8,137,14,30,0,181,0,0,0,181
09/13/2007,RSW,FL,ASO,ES,Combined TRACON& Tower with Radar,146,15,17,0,178,0,0,18,0,18,146,15,35,0,196,0,0,0,196
09/14/2007,RSW,FL,ASO,ES,Combined TRACON& Tower with Radar,142,14,13,0,169,0,2,9,0,11,142,16,22,0,180,0,0,0,180
09/15/2007,RSW,FL,ASO,ES,Combined TRACON& Tower with Radar,134,10,10,0,154,0,2,6,0,8,134,12,16,0,162,0,0,0,162
09/16/2007,RSW,FL,ASO,ES,Combined TRACON& Tower with Radar,133,13,6,0,152,0,0,7,0,7,133,13,13,0,159,0,0,0,159
09/17/2007,RSW,FL,ASO,ES,Combined TRACON& Tower with Radar,141,14,9,0,164,0,0,5,0,5,141,14,14,0,169,0,0,0,169
09/18/2007,RSW,FL,ASO,ES,Combined TRACON& Tower with Radar,135,19,21,2,177,0,1,10,0,11,135,20,31,2,188,0,0,0,188
09/19/2007,RSW,FL,ASO,ES,Combined TRACON& Tower with Radar,135,23,30,0,188,0,2,14,0,16,135,25,44,0,204,0,0,0,204
09/20/2007,RSW,FL,ASO,ES,Combined TRACON& Tower with Radar,138,25,9,0,172,0,0,5,0,5,138,25,14,0,177,0,0,0,177
09/21/2007,RSW,FL,ASO,ES,Combined TRACON& Tower with Radar,60,95,22,5,182,0,1,5,0,6,60,96,27,5,188,0,0,0,188
09/22/2007,RSW,FL,ASO,ES,Combined TRACON& Tower with Radar,134,13,14,1,162,0,1,3,0,4,134,14,17,1,166,0,0,0,166
09/23/2007,RSW,FL,ASO,ES,Combined TRACON& Tower with Radar,129,22,16,2,169,0,1,11,0,12,129,23,27,2,181,0,0,0,181
09/24/2007,RSW,FL,ASO,ES,Combined TRACON& Tower with Radar,139,18,7,8,172,0,0,7,2,9,139,18,14,10,181,0,0,0,181
09/25/2007,RSW,FL,ASO,ES,Combined TRACON& Tower with Radar,130,16,17,0,163,0,0,10,0,10,130,16,27,0,173,0,0,0,173
09/26/2007,RSW,FL,ASO,ES,Combined TRACON& Tower with Radar,133,23,16,0,172,0,1,9,0,10,133,24,25,0,182,0,0,0,182
09/27/2007,RSW,FL,ASO,ES,Combined TRACON& Tower with Radar,139,18,18,0,175,0,0,12,0,12,139,18,30,0,187,0,0,0,187
09/28/2007,RSW,FL,ASO,ES,Combined TRACON& Tower with Radar,145,17,16,1,179,0,2,13,0,15,145,19,29,1,194,0,0,0,194
09/29/2007,RSW,FL,ASO,ES,Combined TRACON& Tower with Radar,118,25,10,0,153,0,0,5,0,5,118,25,15,0,158,0,0,0,158
09/30/2007,RSW,FL,ASO,ES,Combined TRACON& Tower with Radar,136,13,8,0,157,0,0,1,0,1,136,13,9,0,158,0,0,0,158
10/01/2007,RSW,FL,ASO,ES,Combined TRACON& Tower with Radar,149,21,14,0,184,2,8,0,0,10,151,29,14,0,194,0,0,0,194
10/02/2007,RSW,FL,ASO,ES,Combined TRACON& Tower with Radar,146,10,29,2,187,0,2,0,0,2,146,12,29,2,189,0,0,0,189
10/03/2007,RSW,FL,ASO,ES,Combined TRACON& Tower with Radar,145,20,12,1,178,0,0,6,1,7,145,20,18,2,185,0,0,0,185
10/04/2007,RSW,FL,ASO,ES,Combined TRACON& Tower with Radar,149,32,33,0,214,0,0,6,0,6,149,32,39,0,220,0,0,0,220
10/05/2007,RSW,FL,ASO,ES,Combined TRACON& Tower with Radar,153,25,15,0,193,0,0,2,0,2,153,25,17,0,195,0,0,0,195
10/06/2007,RSW,FL,ASO,ES,Combined TRACON& Tower with Radar,154,19,12,0,185,0,0,9,0,9,154,19,21,0,194,0,0,0,194
10/07/2007,RSW,FL,ASO,ES,Combined TRACON& Tower with Radar,141,24,10,0,175,0,0,6,0,6,141,24,16,0,181,0,0,0,181
10/08/2007,RSW,FL,ASO,ES,Combined TRACON& Tower with Radar,156,19,12,0,187,0,2,5,0,7,156,21,17,0,194,0,0,0,194
10/09/2007,RSW,FL,ASO,ES,Combined TRACON& Tower with Radar,138,26,20,2,186,0,1,2,0,3,138,27,22,2,189,0,0,0,189
10/10/2007,RSW,FL,ASO,ES,Combined TRACON& Tower with Radar,147,27,23,0,197,0,0,10,0,10,147,27,33,0,207,0,0,0,207
10/11/2007,RSW,FL,ASO,ES,Combined TRACON& Tower with Radar,155,26,20,0,201,0,3,6,0,9,155,29,26,0,210,0,0,0,210
10/12/2007,RSW,FL,ASO,ES,Combined TRACON& Tower with Radar,155,21,13,0,189,0,1,5,0,6,155,22,18,0,195,0,0,0,195
10/13/2007,RSW,FL,ASO,ES,Combined TRACON& Tower with Radar,158,11,11,0,180,0,0,7,0,7,158,11,18,0,187,0,0,0,187
10/14/2007,RSW,FL,ASO,ES,Combined TRACON& Tower with Radar,142,21,15,0,178,0,1,8,1,10,142,22,23,1,188,0,0,0,188
10/15/2007,RSW,FL,ASO,ES,Combined TRACON& Tower with Radar,153,23,29,0,205,0,0,10,0,10,153,23,39,0,215,0,0,0,215
10/16/2007,RSW,FL,ASO,ES,Combined TRACON& Tower with Radar,144,20,12,18,194,0,0,3,0,3,144,20,15,18,197,0,0,0,197
10/17/2007,RSW,FL,ASO,ES,Combined TRACON& Tower with Radar,151,18,26,0,195,0,4,16,0,20,151,22,42,0,215,0,0,0,215
10/18/2007,RSW,FL,ASO,ES,Combined TRACON& Tower with Radar,152,22,13,0,187,0,0,5,0,5,152,22,18,0,192,0,0,0,192
10/19/2007,RSW,FL,ASO,ES,Combined TRACON& Tower with Radar,153,24,14,2,193,0,2,8,0,10,153,26,22,2,203,0,0,0,203
10/20/2007,RSW,FL,ASO,ES,Combined TRACON& Tower with Radar,162,19,11,0,192,0,0,4,0,4,162,19,15,0,196,0,0,0,196
10/21/2007,RSW,FL,ASO,ES,Combined TRACON& Tower with Radar,148,19,18,4,189,0,0,3,1,4,148,19,21,5,193,0,0,0,193
10/22/2007,RSW,FL,ASO,ES,Combined TRACON& Tower with Radar,150,17,27,0,194,0,2,8,0,10,150,19,35,0,204,0,0,0,204
10/23/2007,RSW,FL,ASO,ES,Combined TRACON& Tower with Radar,143,17,9,0,169,0,2,14,0,16,143,19,23,0,185,0,0,0,185
10/24/2007,RSW,FL,ASO,ES,Combined TRACON& Tower with Radar,149,17,14,0,180,0,2,2,0,4,149,19,16,0,184,0,0,0,184
10/25/2007,RSW,FL,ASO,ES,Combined TRACON& Tower with Radar,163,13,19,0,195,0,1,7,0,8,163,14,26,0,203,0,0,0,203
10/26/2007,RSW,FL,ASO,ES,Combined TRACON& Tower with Radar,167,17,31,0,215,0,2,6,0,8,167,19,37,0,223,0,0,0,223
10/27/2007,RSW,FL,ASO,ES,Combined TRACON& Tower with Radar,162,22,14,0,198,0,3,3,0,6,162,25,17,0,204,0,0,0,204
10/28/2007,RSW,FL,ASO,ES,Combined TRACON& Tower with Radar,153,26,22,1,202,0,0,4,1,5,153,26,26,2,207,0,0,0,207
10/29/2007,RSW,FL,ASO,ES,Combined TRACON& Tower with Radar,157,17,15,8,197,0,7,15,1,23,157,24,30,9,220,0,0,0,220
10/30/2007,RSW,FL,ASO,ES,Combined TRACON& Tower with Radar,149,22,30,2,203,0,2,2,0,4,149,24,32,2,207,0,0,0,207
10/31/2007,RSW,FL,ASO,ES,Combined TRACON& Tower with Radar,155,18,30,0,203,0,0,3,0,3,155,18,33,0,206,0,0,0,206
11/01/2007,RSW,FL,ASO,ES,Combined TRACON& Tower with Radar,175,32,33,24,264,0,8,0,2,10,175,40,33,26,274,0,0,0,274
11/02/2007,RSW,FL,ASO,ES,Combined TRACON& Tower with Radar,165,28,30,0,223,2,13,0,0,15,167,41,30,0,238,0,0,0,238
11/03/2007,RSW,FL,ASO,ES,Combined TRACON& Tower with Radar,174,18,16,2,210,0,5,13,0,18,174,23,29,2,228,0,0,0,228
11/04/2007,RSW,FL,ASO,ES,Combined TRACON& Tower with Radar,173,16,26,0,215,0,0,10,0,10,173,16,36,0,225,0,0,0,225
11/05/2007,RSW,FL,ASO,ES,Combined TRACON& Tower with Radar,179,22,23,0,224,0,4,16,0,20,179,26,39,0,244,0,0,0,244
11/06/2007,RSW,FL,ASO,ES,Combined TRACON& Tower with Radar,171,33,19,9,232,0,3,17,0,20,171,36,36,9,252,0,0,0,252
11/07/2007,RSW,FL,ASO,ES,Combined TRACON& Tower with Radar,186,32,24,1,243,0,0,7,0,7,186,32,31,1,250,0,0,0,250
11/08/2007,RSW,FL,ASO,ES,Combined TRACON& Tower with Radar,193,22,40,3,258,0,3,10,0,13,193,25,50,3,271,0,0,0,271
11/09/2007,RSW,FL,ASO,ES,Combined TRACON& Tower with Radar,188,25,23,0,236,0,7,15,0,22,188,32,38,0,258,0,0,0,258
11/10/2007,RSW,FL,ASO,ES,Combined TRACON& Tower with Radar,191,28,12,0,231,0,2,9,0,11,191,30,21,0,242,0,0,0,242
11/11/2007,RSW,FL,ASO,ES,Combined TRACON& Tower with Radar,182,33,49,2,266,0,0,10,0,10,182,33,59,2,276,0,0,0,276
11/12/2007,RSW,FL,ASO,ES,Combined TRACON& Tower with Radar,182,32,43,2,259,0,2,9,0,11,182,34,52,2,270,0,0,0,270
11/13/2007,RSW,FL,ASO,ES,Combined TRACON& Tower with Radar,182,22,36,0,240,0,0,11,0,11,182,22,47,0,251,0,0,0,251
11/14/2007,RSW,FL,ASO,ES,Combined TRACON& Tower with Radar,179,24,34,1,238,0,0,10,0,10,179,24,44,1,248,0,0,0,248
11/15/2007,RSW,FL,ASO,ES,Combined TRACON& Tower with Radar,208,25,47,0,280,0,0,10,0,10,208,25,57,0,290,0,0,0,290
11/16/2007,RSW,FL,ASO,ES,Combined TRACON& Tower with Radar,203,34,20,11,268,0,2,25,2,29,203,36,45,13,297,0,0,0,297
11/17/2007,RSW,FL,ASO,ES,Combined TRACON& Tower with Radar,217,22,27,0,266,0,1,11,0,12,217,23,38,0,278,0,0,0,278
11/18/2007,RSW,FL,ASO,ES,Combined TRACON& Tower with Radar,204,32,31,3,270,0,7,4,1,12,204,39,35,4,282,0,7,7,289
11/19/2007,RSW,FL,ASO,ES,Combined TRACON& Tower with Radar,215,22,18,0,255,0,1,9,0,10,215,23,27,0,265,0,0,0,265
11/20/2007,RSW,FL,ASO,ES,Combined TRACON& Tower with Radar,218,37,48,2,305,0,2,9,0,11,218,39,57,2,316,0,0,0,316
11/21/2007,RSW,FL,ASO,ES,Combined TRACON& Tower with Radar,220,30,19,0,269,0,0,5,0,5,220,30,24,0,274,0,0,0,274
11/22/2007,RSW,FL,ASO,ES,Combined TRACON& Tower with Radar,170,15,10,0,195,0,2,6,0,8,170,17,16,0,203,0,0,0,203
11/23/2007,RSW,FL,ASO,ES,Combined TRACON& Tower with Radar,198,21,25,0,244,0,2,8,0,10,198,23,33,0,254,0,0,0,254
11/24/2007,RSW,FL,ASO,ES,Combined TRACON& Tower with Radar,209,31,35,0,275,0,2,4,0,6,209,33,39,0,281,0,0,0,281
11/25/2007,RSW,FL,ASO,ES,Combined TRACON& Tower with Radar,207,35,47,0,289,0,1,7,0,8,207,36,54,0,297,0,0,0,297
11/26/2007,RSW,FL,ASO,ES,Combined TRACON& Tower with Radar,202,25,32,0,259,0,2,11,0,13,202,27,43,0,272,0,0,0,272
11/27/2007,RSW,FL,ASO,ES,Combined TRACON& Tower with Radar,205,18,17,2,242,0,2,13,0,15,205,20,30,2,257,0,0,0,257
11/28/2007,RSW,FL,ASO,ES,Combined TRACON& Tower with Radar,201,39,16,0,256,0,0,11,0,11,201,39,27,0,267,0,0,0,267
11/29/2007,RSW,FL,ASO,ES,Combined TRACON& Tower with Radar,200,34,21,11,266,0,0,15,0,15,200,34,36,11,281,0,0,0,281
11/30/2007,RSW,FL,ASO,ES,Combined TRACON& Tower with Radar,196,28,32,0,256,0,0,10,0,10,196,28,42,0,266,0,0,0,266
12/01/2007,RSW,FL,ASO,ES,Combined TRACON& Tower with Radar,192,27,23,0,242,1,9,0,0,10,193,36,23,0,252,0,0,0,252
12/02/2007,RSW,FL,ASO,ES,Combined TRACON& Tower with Radar,180,42,33,0,255,0,10,0,0,10,180,52,33,0,265,0,0,0,265
12/03/2007,RSW,FL,ASO,ES,Combined TRACON& Tower with Radar,197,24,17,0,238,0,2,3,0,5,197,26,20,0,243,0,0,0,243
12/04/2007,RSW,FL,ASO,ES,Combined TRACON& Tower with Radar,193,24,15,0,232,0,1,12,0,13,193,25,27,0,245,0,0,0,245
12/05/2007,RSW,FL,ASO,ES,Combined TRACON& Tower with Radar,186,23,14,2,225,0,0,12,0,12,186,23,26,2,237,0,0,0,237
12/06/2007,RSW,FL,ASO,ES,Combined TRACON& Tower with Radar,200,31,31,1,263,0,2,26,0,28,200,33,57,1,291,0,0,0,291
12/07/2007,RSW,FL,ASO,ES,Combined TRACON& Tower with Radar,190,30,25,0,245,0,1,7,0,8,190,31,32,0,253,0,0,0,253
12/08/2007,RSW,FL,ASO,ES,Combined TRACON& Tower with Radar,199,22,25,0,246,0,0,9,0,9,199,22,34,0,255,0,0,0,255
12/09/2007,RSW,FL,ASO,ES,Combined TRACON& Tower with Radar,193,20,23,0,236,0,1,8,0,9,193,21,31,0,245,0,0,0,245
12/10/2007,RSW,FL,ASO,ES,Combined TRACON& Tower with Radar,192,17,38,0,247,0,6,13,0,19,192,23,51,0,266,0,0,0,266
12/11/2007,RSW,FL,ASO,ES,Combined TRACON& Tower with Radar,179,27,39,0,245,0,4,15,0,19,179,31,54,0,264,0,0,0,264
12/12/2007,RSW,FL,ASO,ES,Combined TRACON& Tower with Radar,191,23,21,0,235,0,10,18,0,28,191,33,39,0,263,0,0,0,263
12/13/2007,RSW,FL,ASO,ES,Combined TRACON& Tower with Radar,196,22,34,6,258,0,8,9,0,17,196,30,43,6,275,1,14,15,290
12/14/2007,RSW,FL,ASO,ES,Combined TRACON& Tower with Radar,221,29,28,1,279,0,2,1,0,3,221,31,29,1,282,0,0,0,282
12/15/2007,RSW,FL,ASO,ES,Combined TRACON& Tower with Radar,209,17,11,0,237,0,1,8,0,9,209,18,19,0,246,0,0,0,246
12/16/2007,RSW,FL,ASO,ES,Combined TRACON& Tower with Radar,176,24,18,0,218,0,2,6,0,8,176,26,24,0,226,0,0,0,226
12/17/2007,RSW,FL,ASO,ES,Combined TRACON& Tower with Radar,220,19,20,0,259,0,2,5,0,7,220,21,25,0,266,0,0,0,266
12/18/2007,RSW,FL,ASO,ES,Combined TRACON& Tower with Radar,230,18,27,0,275,0,2,4,0,6,230,20,31,0,281,1,0,1,282
12/19/2007,RSW,FL,ASO,ES,Combined TRACON& Tower with Radar,249,25,25,2,301,0,0,8,0,8,249,25,33,2,309,0,0,0,309
12/20/2007,RSW,FL,ASO,ES,Combined TRACON& Tower with Radar,244,29,18,0,291,0,0,7,0,7,244,29,25,0,298,0,0,0,298
12/21/2007,RSW,FL,ASO,ES,Combined TRACON& Tower with Radar,238,28,21,2,289,0,2,6,0,8,238,30,27,2,297,0,0,0,297
12/22/2007,RSW,FL,ASO,ES,Combined TRACON& Tower with Radar,243,22,21,0,286,0,2,4,0,6,243,24,25,0,292,0,0,0,292
12/23/2007,RSW,FL,ASO,ES,Combined TRACON& Tower with Radar,229,32,16,0,277,0,0,3,0,3,229,32,19,0,280,0,0,0,280
12/24/2007,RSW,FL,ASO,ES,Combined TRACON& Tower with Radar,236,18,6,0,260,0,2,6,0,8,236,20,12,0,268,0,0,0,268
12/25/2007,RSW,FL,ASO,ES,Combined TRACON& Tower with Radar,249,32,8,0,289,0,1,2,0,3,249,33,10,0,292,0,0,0,292
12/26/2007,RSW,FL,ASO,ES,Combined TRACON& Tower with Radar,256,43,50,0,349,0,0,5,0,5,256,43,55,0,354,0,0,0,354
12/27/2007,RSW,FL,ASO,ES,Combined TRACON& Tower with Radar,255,48,27,0,330,0,0,10,0,10,255,48,37,0,340,0,0,0,340
12/28/2007,RSW,FL,ASO,ES,Combined TRACON& Tower with Radar,247,35,23,0,305,0,0,12,0,12,247,35,35,0,317,0,0,0,317
12/29/2007,RSW,FL,ASO,ES,Combined TRACON& Tower with Radar,257,32,41,0,330,0,0,5,0,5,257,32,46,0,335,0,0,0,335
12/30/2007,RSW,FL,ASO,ES,Combined TRACON& Tower with Radar,242,27,15,0,284,0,0,9,0,9,242,27,24,0,293,0,0,0,293
12/31/2007,RSW,FL,ASO,ES,Combined TRACON& Tower with Radar,246,28,8,0,282,0,0,10,0,10,246,28,18,0,292,0,0,0,292
01/01/2008,RSW,FL,ASO,ES,Combined TRACON& Tower with Radar,255,32,40,0,327,0,8,0,0,8,255,40,40,0,335,0,0,0,335
01/02/2008,RSW,FL,ASO,ES,Combined TRACON& Tower with Radar,264,34,26,0,324,0,13,0,3,16,264,47,26,3,340,0,0,0,340
01/03/2008,RSW,FL,ASO,ES,Combined TRACON& Tower with Radar,247,32,29,0,308,0,0,8,0,8,247,32,37,0,316,0,0,0,316
01/04/2008,RSW,FL,ASO,ES,Combined TRACON& Tower with Radar,255,27,29,3,314,0,2,5,0,7,255,29,34,3,321,0,0,0,321
01/05/2008,RSW,FL,ASO,ES,Combined TRACON& Tower with Radar,249,32,29,0,310,0,0,11,0,11,249,32,40,0,321,0,0,0,321
01/06/2008,RSW,FL,ASO,ES,Combined TRACON& Tower with Radar,234,32,37,0,303,0,3,5,0,8,234,35,42,0,311,10,0,10,321
01/07/2008,RSW,FL,ASO,ES,Combined TRACON& Tower with Radar,224,30,23,0,277,0,1,15,0,16,224,31,38,0,293,2,0,2,295
01/08/2008,RSW,FL,ASO,ES,Combined TRACON& Tower with Radar,200,21,32,1,254,0,0,25,0,25,200,21,57,1,279,0,0,0,279
01/09/2008,RSW,FL,ASO,ES,Combined TRACON& Tower with Radar,208,24,58,0,290,0,0,13,0,13,208,24,71,0,303,0,0,0,303
01/10/2008,RSW,FL,ASO,ES,Combined TRACON& Tower with Radar,212,24,31,0,267,0,3,8,0,11,212,27,39,0,278,0,0,0,278
01/11/2008,RSW,FL,ASO,ES,Combined TRACON& Tower with Radar,220,30,24,2,276,0,2,10,0,12,220,32,34,2,288,0,0,0,288
01/12/2008,RSW,FL,ASO,ES,Combined TRACON& Tower with Radar,216,23,34,0,273,0,0,3,0,3,216,23,37,0,276,0,0,0,276
01/13/2008,RSW,FL,ASO,ES,Combined TRACON& Tower with Radar,210,34,25,0,269,0,0,2,0,2,210,34,27,0,271,0,0,0,271
01/14/2008,RSW,FL,ASO,ES,Combined TRACON& Tower with Radar,209,27,34,0,270,0,1,13,0,14,209,28,47,0,284,0,0,0,284
01/15/2008,RSW,FL,ASO,ES,Combined TRACON& Tower with Radar,198,18,27,0,243,0,1,10,0,11,198,19,37,0,254,0,0,0,254
01/16/2008,RSW,FL,ASO,ES,Combined TRACON& Tower with Radar,206,24,28,0,258,0,2,8,0,10,206,26,36,0,268,0,0,0,268
01/17/2008,RSW,FL,ASO,ES,Combined TRACON& Tower with Radar,212,32,24,0,268,0,0,8,0,8,212,32,32,0,276,0,0,0,276
01/18/2008,RSW,FL,ASO,ES,Combined TRACON& Tower with Radar,221,38,36,0,295,0,0,11,0,11,221,38,47,0,306,0,0,0,306
01/19/2008,RSW,FL,ASO,ES,Combined TRACON& Tower with Radar,213,23,13,0,249,0,2,7,0,9,213,25,20,0,258,0,0,0,258
01/20/2008,RSW,FL,ASO,ES,Combined TRACON& Tower with Radar,214,32,30,6,282,0,0,3,0,3,214,32,33,6,285,0,0,0,285
01/21/2008,RSW,FL,ASO,ES,Combined TRACON& Tower with Radar,221,14,51,0,286,0,1,12,0,13,221,15,63,0,299,0,0,0,299
01/22/2008,RSW,FL,ASO,ES,Combined TRACON& Tower with Radar,191,23,24,0,238,0,2,11,0,13,191,25,35,0,251,0,0,0,251
01/23/2008,RSW,FL,ASO,ES,Combined TRACON& Tower with Radar,209,27,58,0,294,0,0,14,0,14,209,27,72,0,308,0,0,0,308
01/24/2008,RSW,FL,ASO,ES,Combined TRACON& Tower with Radar,218,45,69,0,332,0,1,6,0,7,218,46,75,0,339,0,0,0,339
01/25/2008,RSW,FL,ASO,ES,Combined TRACON& Tower with Radar,222,31,55,2,310,0,1,16,0,17,222,32,71,2,327,0,0,0,327
01/26/2008,RSW,FL,ASO,ES,Combined TRACON& Tower with Radar,220,24,23,2,269,0,2,6,0,8,220,26,29,2,277,0,0,0,277
01/27/2008,RSW,FL,ASO,ES,Combined TRACON& Tower with Radar,217,27,23,8,275,0,5,3,0,8,217,32,26,8,283,0,0,0,283
01/28/2008,RSW,FL,ASO,ES,Combined TRACON& Tower with Radar,225,21,39,1,286,0,1,10,0,11,225,22,49,1,297,0,0,0,297
01/29/2008,RSW,FL,ASO,ES,Combined TRACON& Tower with Radar,197,22,28,10,257,0,1,13,0,14,197,23,41,10,271,0,0,0,271
01/30/2008,RSW,FL,ASO,ES,Combined TRACON& Tower with Radar,207,30,43,0,280,0,1,8,0,9,207,31,51,0,289,0,0,0,289
01/31/2008,RSW,FL,ASO,ES,Combined TRACON& Tower with Radar,212,27,41,0,280,0,2,11,0,13,212,29,52,0,293,0,0,0,293
02/01/2008,RSW,FL,ASO,ES,Combined TRACON& Tower with Radar,212,38,29,10,289,2,6,0,0,8,214,44,29,10,297,0,18,18,315
02/02/2008,RSW,FL,ASO,ES,Combined TRACON& Tower with Radar,224,33,16,0,273,3,8,0,1,12,227,41,16,1,285,0,0,0,285
02/03/2008,RSW,FL,ASO,ES,Combined TRACON& Tower with Radar,214,28,16,2,260,0,0,2,0,2,214,28,18,2,262,0,0,0,262
02/04/2008,RSW,FL,ASO,ES,Combined TRACON& Tower with Radar,201,35,31,0,267,0,1,5,0,6,201,36,36,0,273,0,0,0,273
02/05/2008,RSW,FL,ASO,ES,Combined TRACON& Tower with Radar,187,38,13,2,240,0,8,9,0,17,187,46,22,2,257,0,0,0,257
02/06/2008,RSW,FL,ASO,ES,Combined TRACON& Tower with Radar,197,34,34,0,265,0,3,4,0,7,197,37,38,0,272,0,0,0,272
02/07/2008,RSW,FL,ASO,ES,Combined TRACON& Tower with Radar,221,41,30,1,293,0,3,6,0,9,221,44,36,1,302,0,0,0,302
02/08/2008,RSW,FL,ASO,ES,Combined TRACON& Tower with Radar,225,35,32,2,294,0,2,10,0,12,225,37,42,2,306,0,0,0,306
02/09/2008,RSW,FL,ASO,ES,Combined TRACON& Tower with Radar,224,37,30,0,291,0,3,11,0,14,224,40,41,0,305,11,0,11,316
02/10/2008,RSW,FL,ASO,ES,Combined TRACON& Tower with Radar,210,39,32,0,281,0,5,12,0,17,210,44,44,0,298,0,0,0,298
02/11/2008,RSW,FL,ASO,ES,Combined TRACON& Tower with Radar,224,42,32,0,298,0,2,18,0,20,224,44,50,0,318,0,0,0,318
02/12/2008,RSW,FL,ASO,ES,Combined TRACON& Tower with Radar,183,27,27,2,239,0,2,1,0,3,183,29,28,2,242,0,0,0,242
02/13/2008,RSW,FL,ASO,ES,Combined TRACON& Tower with Radar,222,24,47,0,293,0,0,4,0,4,222,24,51,0,297,0,0,0,297
02/14/2008,RSW,FL,ASO,ES,Combined TRACON& Tower with Radar,258,29,43,0,330,0,11,14,0,25,258,40,57,0,355,0,0,0,355
02/15/2008,RSW,FL,ASO,ES,Combined TRACON& Tower with Radar,273,55,46,0,374,0,2,10,0,12,273,57,56,0,386,0,0,0,386
02/16/2008,RSW,FL,ASO,ES,Combined TRACON& Tower with Radar,282,41,40,0,363,0,1,14,0,15,282,42,54,0,378,0,0,0,378
02/17/2008,RSW,FL,ASO,ES,Combined TRACON& Tower with Radar,268,43,28,0,339,0,0,9,0,9,268,43,37,0,348,0,0,0,348
02/18/2008,RSW,FL,ASO,ES,Combined TRACON& Tower with Radar,271,27,41,0,339,0,0,3,0,3,271,27,44,0,342,0,0,0,342
02/19/2008,RSW,FL,ASO,ES,Combined TRACON& Tower with Radar,268,24,64,4,360,0,0,21,0,21,268,24,85,4,381,0,0,0,381
02/20/2008,RSW,FL,ASO,ES,Combined TRACON& Tower with Radar,274,30,55,0,359,0,3,6,0,9,274,33,61,0,368,0,0,0,368
02/21/2008,RSW,FL,ASO,ES,Combined TRACON& Tower with Radar,265,43,51,0,359,0,11,4,0,15,265,54,55,0,374,0,0,0,374
02/22/2008,RSW,FL,ASO,ES,Combined TRACON& Tower with Radar,251,41,47,2,341,0,2,13,2,17,251,43,60,4,358,0,0,0,358
02/23/2008,RSW,FL,ASO,ES,Combined TRACON& Tower with Radar,276,36,26,2,340,0,2,9,0,11,276,38,35,2,351,0,0,0,351
02/24/2008,RSW,FL,ASO,ES,Combined TRACON& Tower with Radar,272,41,46,0,359,0,0,6,0,6,272,41,52,0,365,0,0,0,365
02/25/2008,RSW,FL,ASO,ES,Combined TRACON& Tower with Radar,277,41,28,0,346,0,2,7,0,9,277,43,35,0,355,0,0,0,355
02/26/2008,RSW,FL,ASO,ES,Combined TRACON& Tower with Radar,288,34,28,0,350,0,2,3,0,5,288,36,31,0,355,0,0,0,355
02/27/2008,RSW,FL,ASO,ES,Combined TRACON& Tower with Radar,277,29,29,2,337,0,4,7,0,11,277,33,36,2,348,0,0,0,348
02/28/2008,RSW,FL,ASO,ES,Combined TRACON& Tower with Radar,273,29,37,1,340,0,2,2,0,4,273,31,39,1,344,0,0,0,344
02/29/2008,RSW,FL,ASO,ES,Combined TRACON& Tower with Radar,271,36,52,1,360,0,1,9,6,16,271,37,61,7,376,0,0,0,376
03/01/2008,RSW,FL,ASO,ES,Combined TRACON& Tower with Radar,271,28,39,0,338,1,28,0,0,29,272,56,39,0,367,0,0,0,367
03/02/2008,RSW,FL,ASO,ES,Combined TRACON& Tower with Radar,266,41,27,0,334,1,6,0,0,7,267,47,27,0,341,0,0,0,341
03/03/2008,RSW,FL,ASO,ES,Combined TRACON& Tower with Radar,283,23,20,0,326,0,2,10,0,12,283,25,30,0,338,0,0,0,338
03/04/2008,RSW,FL,ASO,ES,Combined TRACON& Tower with Radar,264,20,6,0,290,0,0,3,0,3,264,20,9,0,293,0,0,0,293
03/05/2008,RSW,FL,ASO,ES,Combined TRACON& Tower with Radar,302,28,25,0,355,0,0,8,0,8,302,28,33,0,363,4,0,4,367
03/06/2008,RSW,FL,ASO,ES,Combined TRACON& Tower with Radar,300,34,32,0,366,0,1,7,0,8,300,35,39,0,374,0,0,0,374
03/07/2008,RSW,FL,ASO,ES,Combined TRACON& Tower with Radar,275,31,35,0,341,0,4,7,0,11,275,35,42,0,352,0,0,0,352
03/08/2008,RSW,FL,ASO,ES,Combined TRACON& Tower with Radar,273,34,18,0,325,0,4,3,0,7,273,38,21,0,332,0,0,0,332
03/09/2008,RSW,FL,ASO,ES,Combined TRACON& Tower with Radar,268,36,36,0,340,0,0,4,0,4,268,36,40,0,344,0,0,0,344
03/10/2008,RSW,FL,ASO,ES,Combined TRACON& Tower with Radar,280,38,22,0,340,0,0,12,0,12,280,38,34,0,352,0,0,0,352
03/11/2008,RSW,FL,ASO,ES,Combined TRACON& Tower with Radar,279,31,19,0,329,0,1,11,0,12,279,32,30,0,341,0,0,0,341
03/12/2008,RSW,FL,ASO,ES,Combined TRACON& Tower with Radar,294,36,32,0,362,0,2,13,0,15,294,38,45,0,377,0,0,0,377
03/13/2008,RSW,FL,ASO,ES,Combined TRACON& Tower with Radar,274,47,40,3,364,0,3,8,0,11,274,50,48,3,375,0,0,0,375
03/14/2008,RSW,FL,ASO,ES,Combined TRACON& Tower with Radar,275,44,24,2,345,0,2,10,0,12,275,46,34,2,357,0,0,0,357
03/15/2008,RSW,FL,ASO,ES,Combined TRACON& Tower with Radar,292,40,25,0,357,0,0,9,0,9,292,40,34,0,366,0,0,0,366
03/16/2008,RSW,FL,ASO,ES,Combined TRACON& Tower with Radar,266,55,39,2,362,0,1,8,0,9,266,56,47,2,371,0,0,0,371
03/17/2008,RSW,FL,ASO,ES,Combined TRACON& Tower with Radar,281,36,32,3,352,0,1,6,0,7,281,37,38,3,359,0,0,0,359
03/18/2008,RSW,FL,ASO,ES,Combined TRACON& Tower with Radar,267,33,23,2,325,0,0,7,1,8,267,33,30,3,333,0,0,0,333
03/19/2008,RSW,FL,ASO,ES,Combined TRACON& Tower with Radar,280,28,23,2,333,0,6,6,0,12,280,34,29,2,345,0,0,0,345
03/20/2008,RSW,FL,ASO,ES,Combined TRACON& Tower with Radar,276,54,53,0,383,0,2,2,0,4,276,56,55,0,387,0,0,0,387
03/21/2008,RSW,FL,ASO,ES,Combined TRACON& Tower with Radar,264,43,45,0,352,0,7,18,0,25,264,50,63,0,377,0,0,0,377
03/22/2008,RSW,FL,ASO,ES,Combined TRACON& Tower with Radar,290,52,27,0,369,0,2,0,0,2,290,54,27,0,371,0,0,0,371
03/23/2008,RSW,FL,ASO,ES,Combined TRACON& Tower with Radar,271,46,19,0,336,0,4,1,0,5,271,50,20,0,341,0,0,0,341
03/24/2008,RSW,FL,ASO,ES,Combined TRACON& Tower with Radar,274,41,43,0,358,0,2,7,0,9,274,43,50,0,367,0,0,0,367
03/25/2008,RSW,FL,ASO,ES,Combined TRACON& Tower with Radar,282,32,33,3,350,0,0,9,0,9,282,32,42,3,359,0,0,0,359
03/26/2008,RSW,FL,ASO,ES,Combined TRACON& Tower with Radar,280,33,30,2,345,0,2,6,0,8,280,35,36,2,353,0,0,0,353
03/27/2008,RSW,FL,ASO,ES,Combined TRACON& Tower with Radar,268,41,45,3,357,0,3,10,1,14,268,44,55,4,371,0,0,0,371
03/28/2008,RSW,FL,ASO,ES,Combined TRACON& Tower with Radar,277,36,44,0,357,0,0,8,2,10,277,36,52,2,367,1,0,1,368
03/29/2008,RSW,FL,ASO,ES,Combined TRACON& Tower with Radar,290,50,43,2,385,0,3,9,0,12,290,53,52,2,397,0,0,0,397
03/30/2008,RSW,FL,ASO,ES,Combined TRACON& Tower with Radar,271,38,38,0,347,0,7,6,0,13,271,45,44,0,360,0,0,0,360
03/31/2008,RSW,FL,ASO,ES,Combined TRACON& Tower with Radar,266,33,26,0,325,0,0,14,0,14,266,33,40,0,339,0,0,0,339
04/01/2008,RSW,FL,ASO,ES,Combined TRACON& Tower with Radar,259,37,18,5,319,1,6,0,0,7,260,43,18,5,326,0,0,0,326
04/02/2008,RSW,FL,ASO,ES,Combined TRACON& Tower with Radar,274,42,0,0,316,4,9,0,25,38,278,51,0,25,354,0,0,0,354
04/03/2008,RSW,FL,ASO,ES,Combined TRACON& Tower with Radar,266,38,31,1,336,0,1,7,0,8,266,39,38,1,344,0,0,0,344
04/04/2008,RSW,FL,ASO,ES,Combined TRACON& Tower with Radar,267,37,37,2,343,0,6,10,0,16,267,43,47,2,359,0,0,0,359
04/05/2008,RSW,FL,ASO,ES,Combined TRACON& Tower with Radar,196,34,26,4,260,0,1,1,0,2,196,35,27,4,262,0,0,0,262
04/06/2008,RSW,FL,ASO,ES,Combined TRACON& Tower with Radar,267,40,43,1,351,0,1,10,1,12,267,41,53,2,363,0,0,0,363
04/07/2008,RSW,FL,ASO,ES,Combined TRACON& Tower with Radar,273,26,28,0,327,0,1,2,0,3,273,27,30,0,330,0,0,0,330
04/08/2008,RSW,FL,ASO,ES,Combined TRACON& Tower with Radar,249,25,35,4,313,0,1,10,1,12,249,26,45,5,325,0,0,0,325
04/09/2008,RSW,FL,ASO,ES,Combined TRACON& Tower with Radar,234,35,17,13,299,0,3,8,0,11,234,38,25,13,310,0,0,0,310
04/10/2008,RSW,FL,ASO,ES,Combined TRACON& Tower with Radar,224,38,41,0,303,0,2,7,0,9,224,40,48,0,312,0,0,0,312
04/11/2008,RSW,FL,ASO,ES,Combined TRACON& Tower with Radar,232,35,25,2,294,0,0,10,0,10,232,35,35,2,304,0,0,0,304
04/12/2008,RSW,FL,ASO,ES,Combined TRACON& Tower with Radar,252,23,27,4,306,0,2,15,0,17,252,25,42,4,323,0,0,0,323
04/13/2008,RSW,FL,ASO,ES,Combined TRACON& Tower with Radar,221,41,33,0,295,0,2,1,0,3,221,43,34,0,298,0,0,0,298
04/14/2008,RSW,FL,ASO,ES,Combined TRACON& Tower with Radar,237,23,32,4,296,0,1,11,0,12,237,24,43,4,308,0,0,0,308
04/15/2008,RSW,FL,ASO,ES,Combined TRACON& Tower with Radar,224,33,40,2,299,0,0,14,0,14,224,33,54,2,313,3,0,3,316
04/16/2008,RSW,FL,ASO,ES,Combined TRACON& Tower with Radar,226,35,43,0,304,0,1,16,0,17,226,36,59,0,321,0,0,0,321
04/17/2008,RSW,FL,ASO,ES,Combined TRACON& Tower with Radar,218,50,44,0,312,0,1,11,0,12,218,51,55,0,324,0,0,0,324
04/18/2008,RSW,FL,ASO,ES,Combined TRACON& Tower with Radar,229,34,39,2,304,0,1,11,0,12,229,35,50,2,316,0,0,0,316
04/19/2008,RSW,FL,ASO,ES,Combined TRACON& Tower with Radar,244,29,26,0,299,0,6,5,0,11,244,35,31,0,310,10,0,10,320
04/20/2008,RSW,FL,ASO,ES,Combined TRACON& Tower with Radar,225,31,19,2,277,0,2,5,0,7,225,33,24,2,284,0,0,0,284
04/21/2008,RSW,FL,ASO,ES,Combined TRACON& Tower with Radar,219,47,24,0,290,0,3,7,0,10,219,50,31,0,300,0,0,0,300
04/22/2008,RSW,FL,ASO,ES,Combined TRACON& Tower with Radar,215,32,27,0,274,0,1,9,0,10,215,33,36,0,284,0,0,0,284
04/23/2008,RSW,FL,ASO,ES,Combined TRACON& Tower with Radar,228,31,24,0,283,0,1,13,0,14,228,32,37,0,297,0,0,0,297
04/24/2008,RSW,FL,ASO,ES,Combined TRACON& Tower with Radar,221,35,21,2,279,0,2,12,0,14,221,37,33,2,293,0,0,0,293
04/25/2008,RSW,FL,ASO,ES,Combined TRACON& Tower with Radar,232,29,34,0,295,0,3,6,0,9,232,32,40,0,304,0,0,0,304
04/26/2008,RSW,FL,ASO,ES,Combined TRACON& Tower with Radar,240,26,17,0,283,0,0,9,0,9,240,26,26,0,292,0,0,0,292
04/27/2008,RSW,FL,ASO,ES,Combined TRACON& Tower with Radar,220,26,24,0,270,0,2,5,0,7,220,28,29,0,277,0,0,0,277
04/28/2008,RSW,FL,ASO,ES,Combined TRACON& Tower with Radar,214,33,26,0,273,0,4,9,0,13,214,37,35,0,286,0,0,0,286
04/29/2008,RSW,FL,ASO,ES,Combined TRACON& Tower with Radar,214,28,30,1,273,0,7,6,1,14,214,35,36,2,287,0,0,0,287
04/30/2008,RSW,FL,ASO,ES,Combined TRACON& Tower with Radar,218,37,19,0,274,0,2,10,0,12,218,39,29,0,286,0,0,0,286
05/01/2008,RSW,FL,ASO,ES,Combined TRACON& Tower with Radar,187,35,28,0,250,1,6,0,0,7,188,41,28,0,257,0,0,0,257
05/02/2008,RSW,FL,ASO,ES,Combined TRACON& Tower with Radar,182,31,39,0,252,1,16,0,0,17,183,47,39,0,269,0,0,0,269
05/03/2008,RSW,FL,ASO,ES,Combined TRACON& Tower with Radar,200,19,18,0,237,0,2,7,0,9,200,21,25,0,246,0,0,0,246
05/04/2008,RSW,FL,ASO,ES,Combined TRACON& Tower with Radar,165,31,20,1,217,0,1,7,0,8,165,32,27,1,225,0,0,0,225
05/05/2008,RSW,FL,ASO,ES,Combined TRACON& Tower with Radar,175,18,19,0,212,0,1,8,0,9,175,19,27,0,221,0,0,0,221
05/06/2008,RSW,FL,ASO,ES,Combined TRACON& Tower with Radar,155,37,23,0,215,0,0,4,0,4,155,37,27,0,219,0,0,0,219
05/07/2008,RSW,FL,ASO,ES,Combined TRACON& Tower with Radar,161,32,16,0,209,0,2,14,0,16,161,34,30,0,225,0,0,0,225
05/08/2008,RSW,FL,ASO,ES,Combined TRACON& Tower with Radar,157,28,20,0,205,0,1,17,0,18,157,29,37,0,223,0,0,0,223
05/09/2008,RSW,FL,ASO,ES,Combined TRACON& Tower with Radar,162,27,18,0,207,0,7,17,0,24,162,34,35,0,231,0,0,0,231
05/10/2008,RSW,FL,ASO,ES,Combined TRACON& Tower with Radar,175,20,13,0,208,0,0,6,0,6,175,20,19,0,214,0,0,0,214
05/11/2008,RSW,FL,ASO,ES,Combined TRACON& Tower with Radar,152,26,13,7,198,0,6,2,1,9,152,32,15,8,207,0,0,0,207
05/12/2008,RSW,FL,ASO,ES,Combined TRACON& Tower with Radar,158,21,18,5,202,0,0,12,0,12,158,21,30,5,214,0,0,0,214
05/13/2008,RSW,FL,ASO,ES,Combined TRACON& Tower with Radar,150,23,16,0,189,0,0,10,0,10,150,23,26,0,199,0,0,0,199
05/14/2008,RSW,FL,ASO,ES,Combined TRACON& Tower with Radar,163,24,20,0,207,0,1,7,0,8,163,25,27,0,215,0,0,0,215
05/15/2008,RSW,FL,ASO,ES,Combined TRACON& Tower with Radar,156,31,34,2,223,0,4,10,0,14,156,35,44,2,237,0,0,0,237
05/16/2008,RSW,FL,ASO,ES,Combined TRACON& Tower with Radar,159,22,16,2,199,0,11,10,0,21,159,33,26,2,220,0,0,0,220
05/17/2008,RSW,FL,ASO,ES,Combined TRACON& Tower with Radar,171,22,6,0,199,0,3,10,0,13,171,25,16,0,212,0,0,0,212
05/18/2008,RSW,FL,ASO,ES,Combined TRACON& Tower with Radar,152,24,16,7,199,0,2,3,0,5,152,26,19,7,204,0,0,0,204
05/19/2008,RSW,FL,ASO,ES,Combined TRACON& Tower with Radar,156,28,26,0,210,0,4,5,0,9,156,32,31,0,219,0,0,0,219
05/20/2008,RSW,FL,ASO,ES,Combined TRACON& Tower with Radar,152,23,25,6,206,0,1,1,1,3,152,24,26,7,209,0,0,0,209
05/21/2008,RSW,FL,ASO,ES,Combined TRACON& Tower with Radar,159,28,11,13,211,0,1,8,0,9,159,29,19,13,220,0,1,1,221
05/22/2008,RSW,FL,ASO,ES,Combined TRACON& Tower with Radar,156,28,12,4,200,0,3,7,1,11,156,31,19,5,211,0,10,10,221
05/23/2008,RSW,FL,ASO,ES,Combined TRACON& Tower with Radar,155,25,15,0,195,0,2,14,0,16,155,27,29,0,211,0,0,0,211
05/24/2008,RSW,FL,ASO,ES,Combined TRACON& Tower with Radar,182,20,7,0,209,0,8,5,0,13,182,28,12,0,222,0,0,0,222
05/25/2008,RSW,FL,ASO,ES,Combined TRACON& Tower with Radar,143,18,12,0,173,0,0,9,0,9,143,18,21,0,182,0,0,0,182
05/26/2008,RSW,FL,ASO,ES,Combined TRACON& Tower with Radar,151,17,10,0,178,0,1,14,0,15,151,18,24,0,193,0,0,0,193
05/27/2008,RSW,FL,ASO,ES,Combined TRACON& Tower with Radar,142,23,17,4,186,0,0,7,0,7,142,23,24,4,193,0,0,0,193
05/28/2008,RSW,FL,ASO,ES,Combined TRACON& Tower with Radar,169,28,21,0,218,0,1,9,0,10,169,29,30,0,228,0,0,0,228
05/29/2008,RSW,FL,ASO,ES,Combined TRACON& Tower with Radar,157,30,21,3,211,0,0,12,0,12,157,30,33,3,223,0,0,0,223
05/30/2008,RSW,FL,ASO,ES,Combined TRACON& Tower with Radar,161,21,22,0,204,0,1,10,0,11,161,22,32,0,215,0,0,0,215
05/31/2008,RSW,FL,ASO,ES,Combined TRACON& Tower with Radar,161,24,12,0,197,0,1,5,0,6,161,25,17,0,203,0,0,0,203
06/01/2008,RSW,FL,ASO,ES,Combined TRACON& Tower with Radar,141,21,11,0,173,1,6,0,0,7,142,27,11,0,180,0,0,0,180
06/02/2008,RSW,FL,ASO,ES,Combined TRACON& Tower with Radar,155,21,14,2,192,0,5,2,0,7,155,26,16,2,199,0,0,0,199
06/03/2008,RSW,FL,ASO,ES,Combined TRACON& Tower with Radar,141,24,8,0,173,0,6,8,0,14,141,30,16,0,187,0,0,0,187
06/04/2008,RSW,FL,ASO,ES,Combined TRACON& Tower with Radar,148,22,26,0,196,0,1,1,0,2,148,23,27,0,198,0,0,0,198
06/05/2008,RSW,FL,ASO,ES,Combined TRACON& Tower with Radar,150,24,13,0,187,0,2,8,0,10,150,26,21,0,197,0,0,0,197
06/06/2008,RSW,FL,ASO,ES,Combined TRACON& Tower with Radar,148,31,28,0,207,0,1,8,0,9,148,32,36,0,216,0,0,0,216
06/07/2008,RSW,FL,ASO,ES,Combined TRACON& Tower with Radar,145,21,29,0,195,0,4,13,0,17,145,25,42,0,212,0,0,0,212
06/08/2008,RSW,FL,ASO,ES,Combined TRACON& Tower with Radar,139,27,14,0,180,0,2,7,0,9,139,29,21,0,189,0,0,0,189
06/09/2008,RSW,FL,ASO,ES,Combined TRACON& Tower with Radar,148,27,22,3,200,0,1,9,0,10,148,28,31,3,210,1,0,1,211
06/10/2008,RSW,FL,ASO,ES,Combined TRACON& Tower with Radar,145,27,15,0,187,0,0,10,1,11,145,27,25,1,198,0,0,0,198
06/11/2008,RSW,FL,ASO,ES,Combined TRACON& Tower with Radar,156,21,22,1,200,0,1,7,0,8,156,22,29,1,208,0,0,0,208
06/12/2008,RSW,FL,ASO,ES,Combined TRACON& Tower with Radar,138,33,19,0,190,0,0,5,0,5,138,33,24,0,195,0,0,0,195
06/13/2008,RSW,FL,ASO,ES,Combined TRACON& Tower with Radar,144,25,15,0,184,0,1,9,0,10,144,26,24,0,194,0,0,0,194
06/14/2008,RSW,FL,ASO,ES,Combined TRACON& Tower with Radar,144,18,9,0,171,0,5,7,2,14,144,23,16,2,185,0,0,0,185
06/15/2008,RSW,FL,ASO,ES,Combined TRACON& Tower with Radar,134,27,22,0,183,0,0,9,0,9,134,27,31,0,192,0,0,0,192
06/16/2008,RSW,FL,ASO,ES,Combined TRACON& Tower with Radar,138,28,13,0,179,0,0,3,0,3,138,28,16,0,182,0,0,0,182
06/17/2008,RSW,FL,ASO,ES,Combined TRACON& Tower with Radar,135,28,21,4,188,0,0,5,1,6,135,28,26,5,194,0,0,0,194
06/18/2008,RSW,FL,ASO,ES,Combined TRACON& Tower with Radar,141,22,11,0,174,0,3,7,1,11,141,25,18,1,185,0,0,0,185
06/19/2008,RSW,FL,ASO,ES,Combined TRACON& Tower with Radar,133,38,20,1,192,0,0,4,0,4,133,38,24,1,196,0,0,0,196
06/20/2008,RSW,FL,ASO,ES,Combined TRACON& Tower with Radar,139,32,15,3,189,0,0,14,0,14,139,32,29,3,203,0,0,0,203
06/21/2008,RSW,FL,ASO,ES,Combined TRACON& Tower with Radar,143,19,16,4,182,0,0,3,1,4,143,19,19,5,186,0,0,0,186
06/22/2008,RSW,FL,ASO,ES,Combined TRACON& Tower with Radar,144,23,10,0,177,0,1,1,0,2,144,24,11,0,179,0,0,0,179
06/23/2008,RSW,FL,ASO,ES,Combined TRACON& Tower with Radar,143,25,16,0,184,0,1,5,0,6,143,26,21,0,190,0,0,0,190
06/24/2008,RSW,FL,ASO,ES,Combined TRACON& Tower with Radar,141,25,11,0,177,0,0,5,0,5,141,25,16,0,182,0,0,0,182
06/25/2008,RSW,FL,ASO,ES,Combined TRACON& Tower with Radar,146,26,24,0,196,0,0,4,0,4,146,26,28,0,200,0,0,0,200
06/26/2008,RSW,FL,ASO,ES,Combined TRACON& Tower with Radar,134,33,12,3,182,0,0,5,0,5,134,33,17,3,187,0,0,0,187
06/27/2008,RSW,FL,ASO,ES,Combined TRACON& Tower with Radar,147,37,23,2,209,0,2,7,0,9,147,39,30,2,218,0,0,0,218
06/28/2008,RSW,FL,ASO,ES,Combined TRACON& Tower with Radar,143,28,11,0,182,0,0,9,0,9,143,28,20,0,191,0,0,0,191
06/29/2008,RSW,FL,ASO,ES,Combined TRACON& Tower with Radar,129,26,13,0,168,0,2,8,0,10,129,28,21,0,178,0,0,0,178
06/30/2008,RSW,FL,ASO,ES,Combined TRACON& Tower with Radar,138,20,15,0,173,0,2,6,0,8,138,22,21,0,181,0,0,0,181
07/01/2008,RSW,FL,ASO,ES,Combined TRACON& Tower with Radar,142,22,12,0,176,0,0,10,0,10,142,22,22,0,186,0,0,0,186
07/02/2008,RSW,FL,ASO,ES,Combined TRACON& Tower with Radar,153,80,35,0,268,0,0,0,0,0,153,80,35,0,268,0,0,0,268
07/03/2008,RSW,FL,ASO,ES,Combined TRACON& Tower with Radar,140,36,12,0,188,0,0,0,0,0,140,36,12,0,188,0,0,0,188
07/04/2008,RSW,FL,ASO,ES,Combined TRACON& Tower with Radar,110,18,3,0,131,0,1,7,0,8,110,19,10,0,139,2,0,2,141
07/05/2008,RSW,FL,ASO,ES,Combined TRACON& Tower with Radar,119,22,8,0,149,0,2,16,0,18,119,24,24,0,167,2,0,2,169
07/06/2008,RSW,FL,ASO,ES,Combined TRACON& Tower with Radar,130,31,21,0,182,0,0,1,0,1,130,31,22,0,183,0,0,0,183
07/07/2008,RSW,FL,ASO,ES,Combined TRACON& Tower with Radar,136,29,14,4,183,0,0,6,0,6,136,29,20,4,189,0,0,0,189
07/08/2008,RSW,FL,ASO,ES,Combined TRACON& Tower with Radar,120,26,14,2,162,0,1,14,1,16,120,27,28,3,178,0,0,0,178
07/09/2008,RSW,FL,ASO,ES,Combined TRACON& Tower with Radar,140,34,17,10,201,0,1,9,2,12,140,35,26,12,213,0,0,0,213
07/10/2008,RSW,FL,ASO,ES,Combined TRACON& Tower with Radar,135,25,17,1,178,0,1,11,0,12,135,26,28,1,190,6,0,6,196
07/11/2008,RSW,FL,ASO,ES,Combined TRACON& Tower with Radar,146,32,14,1,193,0,2,10,18,30,146,34,24,19,223,0,16,16,239
07/12/2008,RSW,FL,ASO,ES,Combined TRACON& Tower with Radar,144,22,15,4,185,0,0,16,0,16,144,22,31,4,201,0,0,0,201
07/13/2008,RSW,FL,ASO,ES,Combined TRACON& Tower with Radar,120,16,6,2,144,0,0,10,0,10,120,16,16,2,154,0,0,0,154
07/14/2008,RSW,FL,ASO,ES,Combined TRACON& Tower with Radar,138,41,97,0,276,0,7,38,0,45,138,48,135,0,321,0,0,0,321
07/15/2008,RSW,FL,ASO,ES,Combined TRACON& Tower with Radar,142,32,15,1,190,0,2,2,0,4,142,34,17,1,194,0,0,0,194
07/16/2008,RSW,FL,ASO,ES,Combined TRACON& Tower with Radar,142,42,90,0,274,0,1,38,0,39,142,43,128,0,313,0,0,0,313
07/17/2008,RSW,FL,ASO,ES,Combined TRACON& Tower with Radar,136,28,16,0,180,0,2,13,2,17,136,30,29,2,197,5,5,10,207
07/18/2008,RSW,FL,ASO,ES,Combined TRACON& Tower with Radar,144,27,17,0,188,0,5,11,0,16,144,32,28,0,204,3,2,5,209
07/19/2008,RSW,FL,ASO,ES,Combined TRACON& Tower with Radar,140,23,13,0,176,0,2,3,0,5,140,25,16,0,181,0,0,0,181
07/20/2008,RSW,FL,ASO,ES,Combined TRACON& Tower with Radar,134,21,8,0,163,0,4,7,0,11,134,25,15,0,174,0,0,0,174
07/21/2008,RSW,FL,ASO,ES,Combined TRACON& Tower with Radar,139,29,16,3,187,0,0,22,1,23,139,29,38,4,210,0,0,0,210
07/22/2008,RSW,FL,ASO,ES,Combined TRACON& Tower with Radar,132,25,20,0,177,0,0,9,0,9,132,25,29,0,186,0,0,0,186
07/23/2008,RSW,FL,ASO,ES,Combined TRACON& Tower with Radar,135,21,19,0,175,0,2,9,0,11,135,23,28,0,186,0,0,0,186
07/24/2008,RSW,FL,ASO,ES,Combined TRACON& Tower with Radar,130,34,118,0,282,0,5,99,0,104,130,39,217,0,386,0,0,0,386
07/25/2008,RSW,FL,ASO,ES,Combined TRACON& Tower with Radar,136,34,26,0,196,0,0,9,0,9,136,34,35,0,205,0,0,0,205
07/26/2008,RSW,FL,ASO,ES,Combined TRACON& Tower with Radar,138,24,10,0,172,0,2,5,0,7,138,26,15,0,179,0,0,0,179
07/27/2008,RSW,FL,ASO,ES,Combined TRACON& Tower with Radar,123,22,8,0,153,0,0,11,0,11,123,22,19,0,164,0,0,0,164
07/28/2008,RSW,FL,ASO,ES,Combined TRACON& Tower with Radar,137,21,8,0,166,0,0,12,0,12,137,21,20,0,178,0,0,0,178
07/29/2008,RSW,FL,ASO,ES,Combined TRACON& Tower with Radar,117,43,14,0,174,0,0,0,0,0,117,43,14,0,174,0,0,0,174
07/30/2008,RSW,FL,ASO,ES,Combined TRACON& Tower with Radar,115,49,6,1,171,0,0,5,0,5,115,49,11,1,176,0,0,0,176
07/31/2008,RSW,FL,ASO,ES,Combined TRACON& Tower with Radar,138,30,9,0,177,0,1,7,0,8,138,31,16,0,185,0,0,0,185
08/01/2008,RSW,FL,ASO,ES,Combined TRACON& Tower with Radar,144,19,17,0,180,0,0,14,0,14,144,19,31,0,194,0,0,0,194
08/02/2008,RSW,FL,ASO,ES,Combined TRACON& Tower with Radar,135,22,9,0,166,0,2,5,0,7,135,24,14,0,173,0,0,0,173
08/03/2008,RSW,FL,ASO,ES,Combined TRACON& Tower with Radar,133,18,9,0,160,0,1,11,0,12,133,19,20,0,172,0,0,0,172
08/04/2008,RSW,FL,ASO,ES,Combined TRACON& Tower with Radar,139,24,14,3,180,0,1,5,1,7,139,25,19,4,187,0,0,0,187
08/05/2008,RSW,FL,ASO,ES,Combined TRACON& Tower with Radar,137,22,31,0,190,0,0,7,0,7,137,22,38,0,197,0,0,0,197
08/06/2008,RSW,FL,ASO,ES,Combined TRACON& Tower with Radar,142,25,22,2,191,0,1,8,0,9,142,26,30,2,200,2,0,2,202
08/07/2008,RSW,FL,ASO,ES,Combined TRACON& Tower with Radar,136,29,13,19,197,0,0,5,0,5,136,29,18,19,202,0,30,30,232
08/08/2008,RSW,FL,ASO,ES,Combined TRACON& Tower with Radar,140,28,8,2,178,0,0,4,0,4,140,28,12,2,182,0,0,0,182
08/09/2008,RSW,FL,ASO,ES,Combined TRACON& Tower with Radar,146,24,2,0,172,0,1,2,0,3,146,25,4,0,175,0,0,0,175
08/10/2008,RSW,FL,ASO,ES,Combined TRACON& Tower with Radar,128,45,82,3,258,0,0,69,0,69,128,45,151,3,327,12,0,12,339
08/11/2008,RSW,FL,ASO,ES,Combined TRACON& Tower with Radar,140,19,5,0,164,0,1,5,0,6,140,20,10,0,170,0,0,0,170
08/12/2008,RSW,FL,ASO,ES,Combined TRACON& Tower with Radar,142,23,17,2,184,0,0,4,0,4,142,23,21,2,188,0,0,0,188
08/13/2008,RSW,FL,ASO,ES,Combined TRACON& Tower with Radar,142,22,15,0,179,0,2,11,0,13,142,24,26,0,192,0,0,0,192
08/14/2008,RSW,FL,ASO,ES,Combined TRACON& Tower with Radar,132,27,18,0,177,0,2,17,0,19,132,29,35,0,196,0,0,0,196
08/15/2008,RSW,FL,ASO,ES,Combined TRACON& Tower with Radar,133,28,22,0,183,0,1,8,0,9,133,29,30,0,192,0,0,0,192
08/16/2008,RSW,FL,ASO,ES,Combined TRACON& Tower with Radar,142,28,12,0,182,0,1,10,0,11,142,29,22,0,193,16,0,16,209
08/17/2008,RSW,FL,ASO,ES,Combined TRACON& Tower with Radar,137,16,21,0,174,0,1,7,0,8,137,17,28,0,182,0,0,0,182
08/18/2008,RSW,FL,ASO,ES,Combined TRACON& Tower with Radar,144,10,4,0,158,0,2,6,0,8,144,12,10,0,166,0,0,0,166
08/19/2008,RSW,FL,ASO,ES,Combined TRACON& Tower with Radar,29,2,2,0,33,0,0,1,0,1,29,2,3,0,34,0,0,0,34
08/20/2008,RSW,FL,ASO,ES,Combined TRACON& Tower with Radar,138,25,13,6,182,0,1,5,0,6,138,26,18,6,188,0,0,0,188
08/21/2008,RSW,FL,ASO,ES,Combined TRACON& Tower with Radar,135,21,9,2,167,0,0,0,2,2,135,21,9,4,169,0,0,0,169
08/22/2008,RSW,FL,ASO,ES,Combined TRACON& Tower with Radar,156,22,5,0,183,0,1,1,0,2,156,23,6,0,185,0,0,0,185
08/23/2008,RSW,FL,ASO,ES,Combined TRACON& Tower with Radar,131,25,5,0,161,0,1,2,0,3,131,26,7,0,164,0,0,0,164
08/24/2008,RSW,FL,ASO,ES,Combined TRACON& Tower with Radar,126,17,14,0,157,0,3,4,0,7,126,20,18,0,164,0,0,0,164
08/25/2008,RSW,FL,ASO,ES,Combined TRACON& Tower with Radar,137,20,33,4,194,0,2,27,1,30,137,22,60,5,224,0,0,0,224
08/26/2008,RSW,FL,ASO,ES,Combined TRACON& Tower with Radar,136,19,4,5,164,0,0,32,0,32,136,19,36,5,196,0,0,0,196
08/27/2008,RSW,FL,ASO,ES,Combined TRACON& Tower with Radar,128,24,27,0,179,0,0,15,0,15,128,24,42,0,194,0,0,0,194
08/28/2008,RSW,FL,ASO,ES,Combined TRACON& Tower with Radar,134,30,24,0,188,0,14,38,0,52,134,44,62,0,240,0,0,0,240
08/29/2008,RSW,FL,ASO,ES,Combined TRACON& Tower with Radar,137,24,27,2,190,0,0,28,1,29,137,24,55,3,219,0,0,0,219
08/30/2008,RSW,FL,ASO,ES,Combined TRACON& Tower with Radar,129,13,4,0,146,0,0,8,0,8,129,13,12,0,154,0,0,0,154
08/31/2008,RSW,FL,ASO,ES,Combined TRACON& Tower with Radar,100,19,9,0,128,0,0,0,0,0,100,19,9,0,128,0,0,0,128
09/01/2008,RSW,FL,ASO,ES,Combined TRACON& Tower with Radar,129,19,20,1,169,0,0,7,0,7,129,19,27,1,176,0,0,0,176
09/02/2008,RSW,FL,ASO,ES,Combined TRACON& Tower with Radar,130,21,20,1,172,0,3,7,0,10,130,24,27,1,182,0,0,0,182
09/03/2008,RSW,FL,ASO,ES,Combined TRACON& Tower with Radar,115,20,22,8,165,0,0,4,0,4,115,20,26,8,169,6,0,6,175
09/04/2008,RSW,FL,ASO,ES,Combined TRACON& Tower with Radar,117,20,28,3,168,0,1,5,2,8,117,21,33,5,176,0,0,0,176
09/05/2008,RSW,FL,ASO,ES,Combined TRACON& Tower with Radar,119,27,16,8,170,0,0,4,0,4,119,27,20,8,174,0,0,0,174
09/06/2008,RSW,FL,ASO,ES,Combined TRACON& Tower with Radar,110,19,14,0,143,0,1,1,0,2,110,20,15,0,145,0,0,0,145
09/07/2008,RSW,FL,ASO,ES,Combined TRACON& Tower with Radar,108,22,20,1,151,0,2,3,0,5,108,24,23,1,156,0,0,0,156
09/08/2008,RSW,FL,ASO,ES,Combined TRACON& Tower with Radar,120,14,15,0,149,0,1,3,0,4,120,15,18,0,153,0,0,0,153
09/09/2008,RSW,FL,ASO,ES,Combined TRACON& Tower with Radar,107,11,14,0,132,0,0,2,0,2,107,11,16,0,134,0,0,0,134
09/10/2008,RSW,FL,ASO,ES,Combined TRACON& Tower with Radar,111,11,16,0,138,0,0,1,0,1,111,11,17,0,139,0,0,0,139
09/11/2008,RSW,FL,ASO,ES,Combined TRACON& Tower with Radar,116,21,33,6,176,0,0,10,0,10,116,21,43,6,186,0,0,0,186
09/12/2008,RSW,FL,ASO,ES,Combined TRACON& Tower with Radar,127,26,20,6,179,0,0,10,6,16,127,26,30,12,195,0,0,0,195
09/13/2008,RSW,FL,ASO,ES,Combined TRACON& Tower with Radar,109,18,9,1,137,0,3,4,0,7,109,21,13,1,144,0,0,0,144
09/14/2008,RSW,FL,ASO,ES,Combined TRACON& Tower with Radar,111,19,5,0,135,0,0,3,0,3,111,19,8,0,138,0,0,0,138
09/15/2008,RSW,FL,ASO,ES,Combined TRACON& Tower with Radar,119,23,10,4,156,0,0,0,0,0,119,23,10,4,156,0,0,0,156
09/16/2008,RSW,FL,ASO,ES,Combined TRACON& Tower with Radar,105,21,17,6,149,0,0,8,0,8,105,21,25,6,157,0,0,0,157
09/17/2008,RSW,FL,ASO,ES,Combined TRACON& Tower with Radar,110,23,10,6,149,0,0,5,0,5,110,23,15,6,154,0,0,0,154
09/18/2008,RSW,FL,ASO,ES,Combined TRACON& Tower with Radar,118,35,23,2,178,0,2,11,0,13,118,37,34,2,191,0,0,0,191
09/19/2008,RSW,FL,ASO,ES,Combined TRACON& Tower with Radar,121,30,22,9,182,0,3,15,0,18,121,33,37,9,200,0,0,0,200
09/20/2008,RSW,FL,ASO,ES,Combined TRACON& Tower with Radar,110,21,14,0,145,0,1,5,0,6,110,22,19,0,151,0,0,0,151
09/21/2008,RSW,FL,ASO,ES,Combined TRACON& Tower with Radar,111,26,11,2,150,0,0,4,0,4,111,26,15,2,154,0,0,0,154
09/22/2008,RSW,FL,ASO,ES,Combined TRACON& Tower with Radar,121,31,9,2,163,0,3,4,0,7,121,34,13,2,170,0,0,0,170
09/23/2008,RSW,FL,ASO,ES,Combined TRACON& Tower with Radar,107,20,22,2,151,0,0,10,0,10,107,20,32,2,161,0,0,0,161
09/24/2008,RSW,FL,ASO,ES,Combined TRACON& Tower with Radar,111,28,22,1,162,0,3,16,2,21,111,31,38,3,183,0,0,0,183
09/25/2008,RSW,FL,ASO,ES,Combined TRACON& Tower with Radar,117,32,17,4,170,0,10,18,2,30,117,42,35,6,200,0,0,0,200
09/26/2008,RSW,FL,ASO,ES,Combined TRACON& Tower with Radar,120,26,24,6,176,0,3,10,4,17,120,29,34,10,193,0,0,0,193
09/27/2008,RSW,FL,ASO,ES,Combined TRACON& Tower with Radar,113,22,12,0,147,0,1,6,2,9,113,23,18,2,156,0,0,0,156
09/28/2008,RSW,FL,ASO,ES,Combined TRACON& Tower with Radar,125,22,8,0,155,1,0,4,0,5,126,22,12,0,160,0,0,0,160
09/29/2008,RSW,FL,ASO,ES,Combined TRACON& Tower with Radar,118,21,14,2,155,0,1,4,2,7,118,22,18,4,162,0,0,0,162
09/30/2008,RSW,FL,ASO,ES,Combined TRACON& Tower with Radar,113,19,27,8,167,0,1,3,0,4,113,20,30,8,171,0,0,0,171
10/01/2008,RSW,FL,ASO,ES,Combined TRACON& Tower with Radar,122,25,17,3,167,0,0,8,0,8,122,25,25,3,175,0,0,0,175
10/02/2008,RSW,FL,ASO,ES,Combined TRACON& Tower with Radar,137,29,26,0,192,0,0,11,0,11,137,29,37,0,203,0,0,0,203
10/03/2008,RSW,FL,ASO,ES,Combined TRACON& Tower with Radar,140,30,15,4,189,0,0,10,1,11,140,30,25,5,200,0,0,0,200
10/04/2008,RSW,FL,ASO,ES,Combined TRACON& Tower with Radar,137,22,16,9,184,0,0,4,0,4,137,22,20,9,188,0,0,0,188
10/05/2008,RSW,FL,ASO,ES,Combined TRACON& Tower with Radar,136,28,10,2,176,0,1,2,0,3,136,29,12,2,179,0,0,0,179
10/06/2008,RSW,FL,ASO,ES,Combined TRACON& Tower with Radar,137,18,21,2,178,0,2,7,1,10,137,20,28,3,188,0,0,0,188
10/07/2008,RSW,FL,ASO,ES,Combined TRACON& Tower with Radar,138,24,27,0,189,0,0,7,3,10,138,24,34,3,199,0,0,0,199
10/08/2008,RSW,FL,ASO,ES,Combined TRACON& Tower with Radar,138,23,21,4,186,0,0,6,2,8,138,23,27,6,194,0,0,0,194
10/09/2008,RSW,FL,ASO,ES,Combined TRACON& Tower with Radar,154,31,17,2,204,0,2,5,0,7,154,33,22,2,211,0,0,0,211
10/10/2008,RSW,FL,ASO,ES,Combined TRACON& Tower with Radar,148,23,13,10,194,0,0,6,1,7,148,23,19,11,201,0,0,0,201
10/11/2008,RSW,FL,ASO,ES,Combined TRACON& Tower with Radar,139,23,23,1,186,0,0,12,0,12,139,23,35,1,198,0,0,0,198
10/12/2008,RSW,FL,ASO,ES,Combined TRACON& Tower with Radar,139,25,19,1,184,0,0,4,1,5,139,25,23,2,189,0,0,0,189
10/13/2008,RSW,FL,ASO,ES,Combined TRACON& Tower with Radar,150,25,20,0,195,0,0,6,0,6,150,25,26,0,201,0,0,0,201
10/14/2008,RSW,FL,ASO,ES,Combined TRACON& Tower with Radar,137,17,32,1,187,0,1,7,1,9,137,18,39,2,196,0,0,0,196
10/15/2008,RSW,FL,ASO,ES,Combined TRACON& Tower with Radar,142,27,23,1,193,0,0,8,0,8,142,27,31,1,201,0,0,0,201
10/16/2008,RSW,FL,ASO,ES,Combined TRACON& Tower with Radar,151,41,28,2,222,0,7,4,2,13,151,48,32,4,235,28,0,28,263
10/17/2008,RSW,FL,ASO,ES,Combined TRACON& Tower with Radar,143,23,19,0,185,0,1,5,0,6,143,24,24,0,191,0,0,0,191
10/18/2008,RSW,FL,ASO,ES,Combined TRACON& Tower with Radar,140,24,7,2,173,0,3,3,0,6,140,27,10,2,179,0,0,0,179
10/19/2008,RSW,FL,ASO,ES,Combined TRACON& Tower with Radar,140,24,23,1,188,0,2,4,2,8,140,26,27,3,196,0,0,0,196
10/20/2008,RSW,FL,ASO,ES,Combined TRACON& Tower with Radar,144,47,28,1,220,0,0,2,3,5,144,47,30,4,225,0,0,0,225
10/21/2008,RSW,FL,ASO,ES,Combined TRACON& Tower with Radar,142,25,26,4,197,0,2,3,0,5,142,27,29,4,202,0,0,0,202
10/22/2008,RSW,FL,ASO,ES,Combined TRACON& Tower with Radar,139,22,29,3,193,0,0,4,0,4,139,22,33,3,197,0,0,0,197
10/23/2008,RSW,FL,ASO,ES,Combined TRACON& Tower with Radar,147,35,22,0,204,0,0,3,0,3,147,35,25,0,207,0,0,0,207
10/24/2008,RSW,FL,ASO,ES,Combined TRACON& Tower with Radar,144,31,23,0,198,0,0,2,1,3,144,31,25,1,201,0,0,0,201
10/25/2008,RSW,FL,ASO,ES,Combined TRACON& Tower with Radar,144,30,9,0,183,0,0,2,0,2,144,30,11,0,185,0,0,0,185
10/26/2008,RSW,FL,ASO,ES,Combined TRACON& Tower with Radar,141,29,15,1,186,0,0,4,0,4,141,29,19,1,190,0,0,0,190
10/27/2008,RSW,FL,ASO,ES,Combined TRACON& Tower with Radar,144,35,18,0,197,0,3,4,0,7,144,38,22,0,204,0,0,0,204
10/28/2008,RSW,FL,ASO,ES,Combined TRACON& Tower with Radar,142,31,24,3,200,0,0,5,0,5,142,31,29,3,205,0,0,0,205
10/29/2008,RSW,FL,ASO,ES,Combined TRACON& Tower with Radar,142,28,28,0,198,0,0,14,0,14,142,28,42,0,212,0,0,0,212
10/30/2008,RSW,FL,ASO,ES,Combined TRACON& Tower with Radar,146,32,32,2,212,0,4,9,0,13,146,36,41,2,225,0,0,0,225
10/31/2008,RSW,FL,ASO,ES,Combined TRACON& Tower with Radar,145,36,21,2,204,0,5,4,1,10,145,41,25,3,214,0,0,0,214
11/01/2008,RSW,FL,ASO,ES,Combined TRACON& Tower with Radar,144,20,16,0,180,0,6,10,0,16,144,26,26,0,196,0,0,0,196
11/02/2008,RSW,FL,ASO,ES,Combined TRACON& Tower with Radar,174,26,18,0,218,0,3,3,0,6,174,29,21,0,224,0,0,0,224
11/03/2008,RSW,FL,ASO,ES,Combined TRACON& Tower with Radar,178,25,20,2,225,0,0,17,0,17,178,25,37,2,242,0,0,0,242
11/04/2008,RSW,FL,ASO,ES,Combined TRACON& Tower with Radar,158,26,31,7,222,0,0,6,4,10,158,26,37,11,232,0,0,0,232
11/05/2008,RSW,FL,ASO,ES,Combined TRACON& Tower with Radar,167,28,32,0,227,0,1,8,0,9,167,29,40,0,236,0,0,0,236
11/06/2008,RSW,FL,ASO,ES,Combined TRACON& Tower with Radar,178,29,26,2,235,0,0,12,0,12,178,29,38,2,247,0,0,0,247
11/07/2008,RSW,FL,ASO,ES,Combined TRACON& Tower with Radar,179,25,40,10,254,0,5,10,0,15,179,30,50,10,269,0,0,0,269
11/08/2008,RSW,FL,ASO,ES,Combined TRACON& Tower with Radar,177,25,16,1,219,0,7,4,0,11,177,32,20,1,230,0,0,0,230
11/09/2008,RSW,FL,ASO,ES,Combined TRACON& Tower with Radar,175,28,32,0,235,0,5,6,0,11,175,33,38,0,246,0,0,0,246
11/10/2008,RSW,FL,ASO,ES,Combined TRACON& Tower with Radar,179,28,23,0,230,0,0,2,1,3,179,28,25,1,233,0,0,0,233
11/11/2008,RSW,FL,ASO,ES,Combined TRACON& Tower with Radar,158,24,28,0,210,0,1,3,0,4,158,25,31,0,214,0,0,0,214
11/12/2008,RSW,FL,ASO,ES,Combined TRACON& Tower with Radar,167,25,27,2,221,0,4,8,0,12,167,29,35,2,233,0,0,0,233
11/13/2008,RSW,FL,ASO,ES,Combined TRACON& Tower with Radar,180,36,30,12,258,0,0,12,0,12,180,36,42,12,270,0,0,0,270
11/14/2008,RSW,FL,ASO,ES,Combined TRACON& Tower with Radar,182,26,28,0,236,0,0,4,0,4,182,26,32,0,240,0,0,0,240
11/15/2008,RSW,FL,ASO,ES,Combined TRACON& Tower with Radar,178,29,4,4,215,0,0,5,0,5,178,29,9,4,220,0,0,0,220
11/16/2008,RSW,FL,ASO,ES,Combined TRACON& Tower with Radar,178,32,18,4,232,0,0,2,0,2,178,32,20,4,234,0,0,0,234
11/17/2008,RSW,FL,ASO,ES,Combined TRACON& Tower with Radar,183,32,15,3,233,0,2,4,2,8,183,34,19,5,241,0,0,0,241
11/18/2008,RSW,FL,ASO,ES,Combined TRACON& Tower with Radar,164,31,19,9,223,0,0,10,2,12,164,31,29,11,235,0,0,0,235
11/19/2008,RSW,FL,ASO,ES,Combined TRACON& Tower with Radar,175,34,24,1,234,0,0,10,1,11,175,34,34,2,245,0,0,0,245
11/20/2008,RSW,FL,ASO,ES,Combined TRACON& Tower with Radar,207,35,26,1,269,0,3,8,0,11,207,38,34,1,280,0,0,0,280
11/21/2008,RSW,FL,ASO,ES,Combined TRACON& Tower with Radar,209,33,26,5,273,0,2,11,3,16,209,35,37,8,289,0,0,0,289
11/22/2008,RSW,FL,ASO,ES,Combined TRACON& Tower with Radar,218,26,15,0,259,0,1,9,0,10,218,27,24,0,269,0,0,0,269
11/23/2008,RSW,FL,ASO,ES,Combined TRACON& Tower with Radar,205,35,19,0,259,0,4,2,0,6,205,39,21,0,265,0,0,0,265
11/24/2008,RSW,FL,ASO,ES,Combined TRACON& Tower with Radar,209,32,38,1,280,0,0,5,0,5,209,32,43,1,285,0,0,0,285
11/25/2008,RSW,FL,ASO,ES,Combined TRACON& Tower with Radar,213,38,25,8,284,0,0,12,0,12,213,38,37,8,296,0,0,0,296
11/26/2008,RSW,FL,ASO,ES,Combined TRACON& Tower with Radar,222,33,14,0,269,0,2,1,1,4,222,35,15,1,273,0,0,0,273
11/27/2008,RSW,FL,ASO,ES,Combined TRACON& Tower with Radar,166,26,4,0,196,0,0,1,0,1,166,26,5,0,197,0,0,0,197
11/28/2008,RSW,FL,ASO,ES,Combined TRACON& Tower with Radar,189,30,10,0,229,0,1,4,0,5,189,31,14,0,234,0,0,0,234
11/29/2008,RSW,FL,ASO,ES,Combined TRACON& Tower with Radar,214,30,24,0,268,0,1,7,0,8,214,31,31,0,276,0,0,0,276
11/30/2008,RSW,FL,ASO,ES,Combined TRACON& Tower with Radar,204,52,44,0,300,0,3,1,2,6,204,55,45,2,306,0,0,0,306
12/01/2008,RSW,FL,ASO,ES,Combined TRACON& Tower with Radar,208,30,27,0,265,0,0,9,0,9,208,30,36,0,274,0,0,0,274
12/02/2008,RSW,FL,ASO,ES,Combined TRACON& Tower with Radar,207,30,21,0,258,0,4,6,0,10,207,34,27,0,268,0,0,0,268
12/03/2008,RSW,FL,ASO,ES,Combined TRACON& Tower with Radar,193,28,21,0,242,0,0,4,0,4,193,28,25,0,246,0,0,0,246
12/04/2008,RSW,FL,ASO,ES,Combined TRACON& Tower with Radar,184,27,31,4,246,0,0,17,0,17,184,27,48,4,263,9,0,9,272
12/05/2008,RSW,FL,ASO,ES,Combined TRACON& Tower with Radar,188,28,27,3,246,0,0,12,1,13,188,28,39,4,259,0,0,0,259
12/06/2008,RSW,FL,ASO,ES,Combined TRACON& Tower with Radar,175,23,20,0,218,0,1,6,2,9,175,24,26,2,227,0,0,0,227
12/07/2008,RSW,FL,ASO,ES,Combined TRACON& Tower with Radar,174,29,37,1,241,0,3,5,0,8,174,32,42,1,249,10,0,10,259
12/08/2008,RSW,FL,ASO,ES,Combined TRACON& Tower with Radar,177,28,33,0,238,0,0,23,0,23,177,28,56,0,261,0,0,0,261
12/09/2008,RSW,FL,ASO,ES,Combined TRACON& Tower with Radar,165,29,21,3,218,0,0,2,3,5,165,29,23,6,223,0,0,0,223
12/10/2008,RSW,FL,ASO,ES,Combined TRACON& Tower with Radar,171,25,60,16,272,0,0,11,0,11,171,25,71,16,283,0,0,0,283
12/11/2008,RSW,FL,ASO,ES,Combined TRACON& Tower with Radar,183,24,15,0,222,0,0,0,1,1,183,24,15,1,223,0,0,0,223
12/12/2008,RSW,FL,ASO,ES,Combined TRACON& Tower with Radar,181,32,19,14,246,0,0,6,2,8,181,32,25,16,254,0,0,0,254
12/13/2008,RSW,FL,ASO,ES,Combined TRACON& Tower with Radar,179,34,15,0,228,0,0,10,0,10,179,34,25,0,238,0,0,0,238
12/14/2008,RSW,FL,ASO,ES,Combined TRACON& Tower with Radar,177,21,27,5,230,0,1,2,0,3,177,22,29,5,233,0,0,0,233
12/15/2008,RSW,FL,ASO,ES,Combined TRACON& Tower with Radar,178,23,38,0,239,0,1,7,2,10,178,24,45,2,249,0,0,0,249
12/16/2008,RSW,FL,ASO,ES,Combined TRACON& Tower with Radar,175,24,16,1,216,0,0,8,0,8,175,24,24,1,224,0,0,0,224
12/17/2008,RSW,FL,ASO,ES,Combined TRACON& Tower with Radar,194,33,42,0,269,0,1,8,3,12,194,34,50,3,281,0,0,0,281
12/18/2008,RSW,FL,ASO,ES,Combined TRACON& Tower with Radar,246,40,20,1,307,0,0,14,0,14,246,40,34,1,321,0,0,0,321
12/19/2008,RSW,FL,ASO,ES,Combined TRACON& Tower with Radar,225,37,27,1,290,0,1,7,0,8,225,38,34,1,298,0,0,0,298
12/20/2008,RSW,FL,ASO,ES,Combined TRACON& Tower with Radar,218,40,19,1,278,0,4,5,3,12,218,44,24,4,290,0,0,0,290
12/21/2008,RSW,FL,ASO,ES,Combined TRACON& Tower with Radar,220,27,11,0,258,0,0,6,1,7,220,27,17,1,265,0,0,0,265
12/22/2008,RSW,FL,ASO,ES,Combined TRACON& Tower with Radar,244,38,16,0,298,0,1,4,0,5,244,39,20,0,303,0,0,0,303
12/23/2008,RSW,FL,ASO,ES,Combined TRACON& Tower with Radar,247,32,17,7,303,0,0,3,0,3,247,32,20,7,306,0,0,0,306
12/24/2008,RSW,FL,ASO,ES,Combined TRACON& Tower with Radar,236,33,6,0,275,0,0,0,3,3,236,33,6,3,278,0,0,0,278
12/25/2008,RSW,FL,ASO,ES,Combined TRACON& Tower with Radar,235,41,5,0,281,0,0,0,0,0,235,41,5,0,281,0,0,0,281
12/26/2008,RSW,FL,ASO,ES,Combined TRACON& Tower with Radar,243,49,31,0,323,0,0,1,0,1,243,49,32,0,324,0,0,0,324
12/27/2008,RSW,FL,ASO,ES,Combined TRACON& Tower with Radar,227,50,27,0,304,0,0,6,0,6,227,50,33,0,310,0,0,0,310
12/28/2008,RSW,FL,ASO,ES,Combined TRACON& Tower with Radar,239,47,20,1,307,0,0,4,0,4,239,47,24,1,311,0,0,0,311
12/29/2008,RSW,FL,ASO,ES,Combined TRACON& Tower with Radar,249,50,23,0,322,0,1,8,1,10,249,51,31,1,332,0,0,0,332
12/30/2008,RSW,FL,ASO,ES,Combined TRACON& Tower with Radar,249,40,13,0,302,0,0,2,0,2,249,40,15,0,304,0,0,0,304
12/31/2008,RSW,FL,ASO,ES,Combined TRACON& Tower with Radar,236,39,14,0,289,0,1,3,0,4,236,40,17,0,293,0,0,0,293
01/01/2009,RSW,FL,ASO,ES,Combined TRACON& Tower with Radar,233,34,3,1,271,0,2,2,0,4,233,36,5,1,275,0,0,0,275
01/02/2009,RSW,FL,ASO,ES,Combined TRACON& Tower with Radar,241,36,26,0,303,0,0,3,1,4,241,36,29,1,307,0,0,0,307
01/03/2009,RSW,FL,ASO,ES,Combined TRACON& Tower with Radar,231,50,35,1,317,0,1,4,0,5,231,51,39,1,322,0,0,0,322
01/04/2009,RSW,FL,ASO,ES,Combined TRACON& Tower with Radar,236,47,53,1,337,0,0,3,0,3,236,47,56,1,340,0,0,0,340
01/05/2009,RSW,FL,ASO,ES,Combined TRACON& Tower with Radar,237,24,20,0,281,0,2,5,0,7,237,26,25,0,288,0,0,0,288
01/06/2009,RSW,FL,ASO,ES,Combined TRACON& Tower with Radar,203,27,14,0,244,0,1,6,0,7,203,28,20,0,251,0,0,0,251
01/07/2009,RSW,FL,ASO,ES,Combined TRACON& Tower with Radar,200,26,14,1,241,0,1,6,0,7,200,27,20,1,248,0,0,0,248
01/08/2009,RSW,FL,ASO,ES,Combined TRACON& Tower with Radar,211,33,23,0,267,0,1,17,0,18,211,34,40,0,285,0,0,0,285
01/09/2009,RSW,FL,ASO,ES,Combined TRACON& Tower with Radar,209,27,21,2,259,0,6,6,0,12,209,33,27,2,271,0,0,0,271
01/10/2009,RSW,FL,ASO,ES,Combined TRACON& Tower with Radar,192,32,27,0,251,0,0,7,0,7,192,32,34,0,258,0,0,0,258
01/11/2009,RSW,FL,ASO,ES,Combined TRACON& Tower with Radar,203,49,16,3,271,0,2,0,0,2,203,51,16,3,273,0,0,0,273
01/12/2009,RSW,FL,ASO,ES,Combined TRACON& Tower with Radar,205,32,10,0,247,0,1,4,0,5,205,33,14,0,252,0,0,0,252
01/13/2009,RSW,FL,ASO,ES,Combined TRACON& Tower with Radar,204,25,23,0,252,0,0,5,0,5,204,25,28,0,257,0,0,0,257
01/14/2009,RSW,FL,ASO,ES,Combined TRACON& Tower with Radar,202,26,29,1,258,0,0,16,1,17,202,26,45,2,275,6,0,6,281
01/15/2009,RSW,FL,ASO,ES,Combined TRACON& Tower with Radar,209,35,26,0,270,0,1,8,0,9,209,36,34,0,279,0,0,0,279
01/16/2009,RSW,FL,ASO,ES,Combined TRACON& Tower with Radar,206,37,24,6,273,0,2,4,5,11,206,39,28,11,284,0,0,0,284
01/17/2009,RSW,FL,ASO,ES,Combined TRACON& Tower with Radar,194,30,7,0,231,0,1,5,0,6,194,31,12,0,237,0,0,0,237
01/18/2009,RSW,FL,ASO,ES,Combined TRACON& Tower with Radar,192,34,14,0,240,0,1,7,0,8,192,35,21,0,248,0,0,0,248
01/19/2009,RSW,FL,ASO,ES,Combined TRACON& Tower with Radar,205,30,8,0,243,0,0,6,0,6,205,30,14,0,249,0,0,0,249
01/20/2009,RSW,FL,ASO,ES,Combined TRACON& Tower with Radar,202,24,23,0,249,0,0,5,0,5,202,24,28,0,254,0,0,0,254
01/21/2009,RSW,FL,ASO,ES,Combined TRACON& Tower with Radar,200,22,18,12,252,0,0,5,0,5,200,22,23,12,257,0,0,0,257
01/22/2009,RSW,FL,ASO,ES,Combined TRACON& Tower with Radar,207,28,31,1,267,0,2,6,0,8,207,30,37,1,275,0,0,0,275
01/23/2009,RSW,FL,ASO,ES,Combined TRACON& Tower with Radar,210,35,25,4,274,0,3,2,6,11,210,38,27,10,285,0,0,0,285
01/24/2009,RSW,FL,ASO,ES,Combined TRACON& Tower with Radar,197,29,24,2,252,0,4,6,0,10,197,33,30,2,262,0,0,0,262
01/25/2009,RSW,FL,ASO,ES,Combined TRACON& Tower with Radar,199,39,27,0,265,0,2,5,0,7,199,41,32,0,272,0,0,0,272
01/26/2009,RSW,FL,ASO,ES,Combined TRACON& Tower with Radar,206,29,26,0,261,0,0,10,0,10,206,29,36,0,271,0,0,0,271
01/27/2009,RSW,FL,ASO,ES,Combined TRACON& Tower with Radar,197,32,21,2,252,0,0,10,1,11,197,32,31,3,263,0,0,0,263
01/28/2009,RSW,FL,ASO,ES,Combined TRACON& Tower with Radar,192,24,22,2,240,0,1,11,1,13,192,25,33,3,253,0,0,0,253
01/29/2009,RSW,FL,ASO,ES,Combined TRACON& Tower with Radar,212,30,12,0,254,0,1,3,0,4,212,31,15,0,258,0,0,0,258
01/30/2009,RSW,FL,ASO,ES,Combined TRACON& Tower with Radar,208,30,21,0,259,0,0,2,0,2,208,30,23,0,261,0,0,0,261
01/31/2009,RSW,FL,ASO,ES,Combined TRACON& Tower with Radar,194,36,27,0,257,0,0,5,0,5,194,36,32,0,262,0,0,0,262
02/01/2009,RSW,FL,ASO,ES,Combined TRACON& Tower with Radar,199,23,26,1,249,0,0,0,0,0,199,23,26,1,249,0,0,0,249
02/02/2009,RSW,FL,ASO,ES,Combined TRACON& Tower with Radar,201,39,35,0,275,0,3,2,0,5,201,42,37,0,280,0,0,0,280
02/03/2009,RSW,FL,ASO,ES,Combined TRACON& Tower with Radar,195,33,20,0,248,0,2,7,0,9,195,35,27,0,257,0,0,0,257
02/04/2009,RSW,FL,ASO,ES,Combined TRACON& Tower with Radar,198,36,43,3,280,0,2,6,4,12,198,38,49,7,292,0,0,0,292
02/05/2009,RSW,FL,ASO,ES,Combined TRACON& Tower with Radar,209,39,32,1,281,0,3,14,0,17,209,42,46,1,298,0,0,0,298
02/06/2009,RSW,FL,ASO,ES,Combined TRACON& Tower with Radar,208,32,24,6,270,0,0,5,1,6,208,32,29,7,276,0,0,0,276
02/07/2009,RSW,FL,ASO,ES,Combined TRACON& Tower with Radar,197,34,27,14,272,0,0,11,3,14,197,34,38,17,286,0,0,0,286
02/08/2009,RSW,FL,ASO,ES,Combined TRACON& Tower with Radar,202,33,36,2,273,1,0,9,0,10,203,33,45,2,283,0,0,0,283
02/09/2009,RSW,FL,ASO,ES,Combined TRACON& Tower with Radar,201,28,21,1,251,0,0,12,0,12,201,28,33,1,263,0,0,0,263
02/10/2009,RSW,FL,ASO,ES,Combined TRACON& Tower with Radar,201,32,22,3,258,0,1,24,0,25,201,33,46,3,283,0,0,0,283
02/11/2009,RSW,FL,ASO,ES,Combined TRACON& Tower with Radar,214,33,30,3,280,0,7,6,0,13,214,40,36,3,293,0,0,0,293
02/12/2009,RSW,FL,ASO,ES,Combined TRACON& Tower with Radar,249,57,51,0,357,0,1,6,0,7,249,58,57,0,364,0,0,0,364
02/13/2009,RSW,FL,ASO,ES,Combined TRACON& Tower with Radar,255,46,74,1,376,0,0,17,0,17,255,46,91,1,393,0,0,0,393
02/14/2009,RSW,FL,ASO,ES,Combined TRACON& Tower with Radar,247,36,41,2,326,0,0,9,0,9,247,36,50,2,335,2,0,2,337
02/15/2009,RSW,FL,ASO,ES,Combined TRACON& Tower with Radar,246,48,25,1,320,0,0,7,2,9,246,48,32,3,329,0,0,0,329
02/16/2009,RSW,FL,ASO,ES,Combined TRACON& Tower with Radar,255,41,46,0,342,0,1,5,0,6,255,42,51,0,348,0,0,0,348
02/17/2009,RSW,FL,ASO,ES,Combined TRACON& Tower with Radar,253,36,39,0,328,0,0,5,0,5,253,36,44,0,333,0,0,0,333
02/18/2009,RSW,FL,ASO,ES,Combined TRACON& Tower with Radar,250,36,23,1,310,0,3,4,0,7,250,39,27,1,317,0,0,0,317
02/19/2009,RSW,FL,ASO,ES,Combined TRACON& Tower with Radar,251,35,20,1,307,0,0,6,0,6,251,35,26,1,313,16,0,16,329
02/20/2009,RSW,FL,ASO,ES,Combined TRACON& Tower with Radar,254,41,20,4,319,0,2,5,2,9,254,43,25,6,328,2,0,2,330
02/21/2009,RSW,FL,ASO,ES,Combined TRACON& Tower with Radar,243,32,15,2,292,0,0,7,0,7,243,32,22,2,299,0,0,0,299
02/22/2009,RSW,FL,ASO,ES,Combined TRACON& Tower with Radar,245,29,32,0,306,0,1,9,0,10,245,30,41,0,316,0,0,0,316
02/23/2009,RSW,FL,ASO,ES,Combined TRACON& Tower with Radar,251,33,35,4,323,0,2,8,1,11,251,35,43,5,334,0,0,0,334
02/24/2009,RSW,FL,ASO,ES,Combined TRACON& Tower with Radar,250,36,23,15,324,0,4,4,1,9,250,40,27,16,333,0,0,0,333
02/25/2009,RSW,FL,ASO,ES,Combined TRACON& Tower with Radar,255,28,22,5,310,0,0,5,0,5,255,28,27,5,315,0,0,0,315
02/26/2009,RSW,FL,ASO,ES,Combined TRACON& Tower with Radar,247,31,15,0,293,0,0,10,0,10,247,31,25,0,303,3,0,3,306
02/27/2009,RSW,FL,ASO,ES,Combined TRACON& Tower with Radar,250,39,21,0,310,0,1,8,0,9,250,40,29,0,319,0,0,0,319
02/28/2009,RSW,FL,ASO,ES,Combined TRACON& Tower with Radar,252,35,15,0,302,0,0,7,0,7,252,35,22,0,309,0,0,0,309
03/01/2009,RSW,FL,ASO,ES,Combined TRACON& Tower with Radar,223,37,20,0,280,0,0,1,0,1,223,37,21,0,281,0,0,0,281
03/02/2009,RSW,FL,ASO,ES,Combined TRACON& Tower with Radar,228,29,19,8,284,0,1,0,4,5,228,30,19,12,289,0,0,0,289
03/03/2009,RSW,FL,ASO,ES,Combined TRACON& Tower with Radar,245,36,17,1,299,0,2,13,0,15,245,38,30,1,314,0,0,0,314
03/04/2009,RSW,FL,ASO,ES,Combined TRACON& Tower with Radar,254,28,24,4,310,0,4,4,3,11,254,32,28,7,321,0,0,0,321
03/05/2009,RSW,FL,ASO,ES,Combined TRACON& Tower with Radar,259,41,23,0,323,0,0,3,0,3,259,41,26,0,326,0,0,0,326
03/06/2009,RSW,FL,ASO,ES,Combined TRACON& Tower with Radar,255,34,26,2,317,0,1,12,0,13,255,35,38,2,330,0,0,0,330
03/07/2009,RSW,FL,ASO,ES,Combined TRACON& Tower with Radar,253,25,22,2,302,0,2,9,0,11,253,27,31,2,313,0,0,0,313
03/08/2009,RSW,FL,ASO,ES,Combined TRACON& Tower with Radar,246,49,32,2,329,0,0,7,0,7,246,49,39,2,336,0,0,0,336
03/09/2009,RSW,FL,ASO,ES,Combined TRACON& Tower with Radar,257,35,25,8,325,0,2,3,4,9,257,37,28,12,334,0,0,0,334
03/10/2009,RSW,FL,ASO,ES,Combined TRACON& Tower with Radar,246,36,27,1,310,0,1,5,0,6,246,37,32,1,316,0,0,0,316
03/11/2009,RSW,FL,ASO,ES,Combined TRACON& Tower with Radar,256,29,21,10,316,0,5,8,0,13,256,34,29,10,329,0,0,0,329
03/12/2009,RSW,FL,ASO,ES,Combined TRACON& Tower with Radar,257,33,31,1,322,0,1,9,0,10,257,34,40,1,332,0,0,0,332
03/13/2009,RSW,FL,ASO,ES,Combined TRACON& Tower with Radar,264,41,27,5,337,0,1,9,1,11,264,42,36,6,348,0,0,0,348
03/14/2009,RSW,FL,ASO,ES,Combined TRACON& Tower with Radar,258,53,37,1,349,0,1,11,0,12,258,54,48,1,361,0,0,0,361
03/15/2009,RSW,FL,ASO,ES,Combined TRACON& Tower with Radar,251,46,29,0,326,0,0,5,0,5,251,46,34,0,331,0,0,0,331
03/16/2009,RSW,FL,ASO,ES,Combined TRACON& Tower with Radar,250,32,14,1,297,0,1,3,0,4,250,33,17,1,301,0,0,0,301
03/17/2009,RSW,FL,ASO,ES,Combined TRACON& Tower with Radar,249,32,16,0,297,0,1,0,0,1,249,33,16,0,298,0,0,0,298
03/18/2009,RSW,FL,ASO,ES,Combined TRACON& Tower with Radar,258,32,49,0,339,0,0,6,0,6,258,32,55,0,345,0,0,0,345
03/19/2009,RSW,FL,ASO,ES,Combined TRACON& Tower with Radar,261,48,50,1,360,0,3,3,0,6,261,51,53,1,366,0,0,0,366
03/20/2009,RSW,FL,ASO,ES,Combined TRACON& Tower with Radar,253,40,41,0,334,0,0,6,1,7,253,40,47,1,341,0,0,0,341
03/21/2009,RSW,FL,ASO,ES,Combined TRACON& Tower with Radar,258,48,36,0,342,0,1,9,1,11,258,49,45,1,353,0,0,0,353
03/22/2009,RSW,FL,ASO,ES,Combined TRACON& Tower with Radar,249,42,28,2,321,0,1,12,0,13,249,43,40,2,334,0,0,0,334
03/23/2009,RSW,FL,ASO,ES,Combined TRACON& Tower with Radar,254,36,23,1,314,0,0,3,0,3,254,36,26,1,317,0,0,0,317
03/24/2009,RSW,FL,ASO,ES,Combined TRACON& Tower with Radar,256,34,22,5,317,0,1,9,3,13,256,35,31,8,330,0,0,0,330
03/25/2009,RSW,FL,ASO,ES,Combined TRACON& Tower with Radar,256,36,28,0,320,0,1,14,0,15,256,37,42,0,335,0,0,0,335
03/26/2009,RSW,FL,ASO,ES,Combined TRACON& Tower with Radar,256,33,26,2,317,0,0,11,0,11,256,33,37,2,328,25,0,25,353
03/27/2009,RSW,FL,ASO,ES,Combined TRACON& Tower with Radar,251,44,37,1,333,0,0,9,0,9,251,44,46,1,342,0,0,0,342
03/28/2009,RSW,FL,ASO,ES,Combined TRACON& Tower with Radar,254,43,27,1,325,0,2,4,0,6,254,45,31,1,331,3,0,3,334
03/29/2009,RSW,FL,ASO,ES,Combined TRACON& Tower with Radar,234,46,30,1,311,0,1,0,0,1,234,47,30,1,312,0,0,0,312
03/30/2009,RSW,FL,ASO,ES,Combined TRACON& Tower with Radar,251,31,20,3,305,0,1,13,2,16,251,32,33,5,321,0,0,0,321
03/31/2009,RSW,FL,ASO,ES,Combined TRACON& Tower with Radar,249,27,19,0,295,0,0,3,2,5,249,27,22,2,300,0,0,0,300
04/01/2009,RSW,FL,ASO,ES,Combined TRACON& Tower with Radar,256,36,16,2,310,0,0,0,0,0,256,36,16,2,310,0,0,0,310
04/02/2009,RSW,FL,ASO,ES,Combined TRACON& Tower with Radar,252,45,17,1,315,0,0,5,0,5,252,45,22,1,320,0,0,0,320
04/03/2009,RSW,FL,ASO,ES,Combined TRACON& Tower with Radar,243,33,19,0,295,0,0,2,0,2,243,33,21,0,297,0,0,0,297
04/04/2009,RSW,FL,ASO,ES,Combined TRACON& Tower with Radar,256,39,34,1,330,0,1,6,0,7,256,40,40,1,337,0,0,0,337
04/05/2009,RSW,FL,ASO,ES,Combined TRACON& Tower with Radar,251,35,24,2,312,0,0,6,0,6,251,35,30,2,318,0,0,0,318
04/06/2009,RSW,FL,ASO,ES,Combined TRACON& Tower with Radar,240,28,9,0,277,0,1,2,0,3,240,29,11,0,280,0,0,0,280
04/07/2009,RSW,FL,ASO,ES,Combined TRACON& Tower with Radar,241,31,12,3,287,0,0,5,0,5,241,31,17,3,292,0,0,0,292
04/08/2009,RSW,FL,ASO,ES,Combined TRACON& Tower with Radar,253,51,38,3,345,0,1,33,1,35,253,52,71,4,380,0,0,0,380
04/09/2009,RSW,FL,ASO,ES,Combined TRACON& Tower with Radar,248,37,35,1,321,0,2,9,1,12,248,39,44,2,333,0,0,0,333
04/10/2009,RSW,FL,ASO,ES,Combined TRACON& Tower with Radar,247,37,23,10,317,0,0,4,0,4,247,37,27,10,321,0,0,0,321
04/11/2009,RSW,FL,ASO,ES,Combined TRACON& Tower with Radar,251,25,20,0,296,0,0,2,0,2,251,25,22,0,298,0,0,0,298
04/12/2009,RSW,FL,ASO,ES,Combined TRACON& Tower with Radar,243,35,19,0,297,0,3,5,0,8,243,38,24,0,305,0,0,0,305
04/13/2009,RSW,FL,ASO,ES,Combined TRACON& Tower with Radar,255,52,24,1,332,0,5,5,0,10,255,57,29,1,342,0,0,0,342
04/14/2009,RSW,FL,ASO,ES,Combined TRACON& Tower with Radar,229,38,21,0,288,0,5,10,0,15,229,43,31,0,303,0,0,0,303
04/15/2009,RSW,FL,ASO,ES,Combined TRACON& Tower with Radar,218,29,46,2,295,0,0,4,0,4,218,29,50,2,299,0,0,0,299
04/16/2009,RSW,FL,ASO,ES,Combined TRACON& Tower with Radar,232,37,33,2,304,0,1,7,0,8,232,38,40,2,312,0,0,0,312
04/17/2009,RSW,FL,ASO,ES,Combined TRACON& Tower with Radar,234,39,25,2,300,0,0,4,1,5,234,39,29,3,305,0,0,0,305
04/18/2009,RSW,FL,ASO,ES,Combined TRACON& Tower with Radar,232,33,21,2,288,0,0,13,0,13,232,33,34,2,301,0,0,0,301
04/19/2009,RSW,FL,ASO,ES,Combined TRACON& Tower with Radar,227,35,25,2,289,0,1,14,1,16,227,36,39,3,305,0,0,0,305
04/20/2009,RSW,FL,ASO,ES,Combined TRACON& Tower with Radar,236,40,21,2,299,0,2,1,0,3,236,42,22,2,302,0,0,0,302
04/21/2009,RSW,FL,ASO,ES,Combined TRACON& Tower with Radar,207,33,26,1,267,0,3,6,2,11,207,36,32,3,278,0,0,0,278
04/22/2009,RSW,FL,ASO,ES,Combined TRACON& Tower with Radar,207,27,23,1,258,0,0,9,0,9,207,27,32,1,267,0,0,0,267
04/23/2009,RSW,FL,ASO,ES,Combined TRACON& Tower with Radar,214,27,27,2,270,0,0,4,1,5,214,27,31,3,275,0,0,0,275
04/24/2009,RSW,FL,ASO,ES,Combined TRACON& Tower with Radar,209,28,27,2,266,0,0,10,0,10,209,28,37,2,276,0,0,0,276
04/25/2009,RSW,FL,ASO,ES,Combined TRACON& Tower with Radar,217,32,17,1,267,0,1,3,1,5,217,33,20,2,272,0,0,0,272
04/26/2009,RSW,FL,ASO,ES,Combined TRACON& Tower with Radar,209,31,13,0,253,0,0,1,2,3,209,31,14,2,256,0,0,0,256
04/27/2009,RSW,FL,ASO,ES,Combined TRACON& Tower with Radar,209,31,17,1,258,0,0,4,1,5,209,31,21,2,263,0,0,0,263
04/28/2009,RSW,FL,ASO,ES,Combined TRACON& Tower with Radar,206,16,15,2,239,0,1,10,0,11,206,17,25,2,250,0,0,0,250
04/29/2009,RSW,FL,ASO,ES,Combined TRACON& Tower with Radar,197,20,36,2,255,0,0,8,0,8,197,20,44,2,263,0,0,0,263
04/30/2009,RSW,FL,ASO,ES,Combined TRACON& Tower with Radar,197,18,23,2,240,0,0,21,0,21,197,18,44,2,261,0,0,0,261
05/01/2009,RSW,FL,ASO,ES,Combined TRACON& Tower with Radar,175,24,40,0,239,0,0,12,0,12,175,24,52,0,251,0,0,0,251
05/02/2009,RSW,FL,ASO,ES,Combined TRACON& Tower with Radar,179,15,12,0,206,0,0,4,0,4,179,15,16,0,210,0,0,0,210
05/03/2009,RSW,FL,ASO,ES,Combined TRACON& Tower with Radar,158,25,21,0,204,0,1,7,0,8,158,26,28,0,212,0,0,0,212
05/04/2009,RSW,FL,ASO,ES,Combined TRACON& Tower with Radar,158,20,25,1,204,0,3,27,1,31,158,23,52,2,235,28,0,28,263
05/05/2009,RSW,FL,ASO,ES,Combined TRACON& Tower with Radar,141,26,22,5,194,0,0,9,0,9,141,26,31,5,203,0,0,0,203
05/06/2009,RSW,FL,ASO,ES,Combined TRACON& Tower with Radar,144,18,25,3,190,0,0,7,0,7,144,18,32,3,197,0,0,0,197
05/07/2009,RSW,FL,ASO,ES,Combined TRACON& Tower with Radar,149,25,24,6,204,0,0,6,0,6,149,25,30,6,210,0,0,0,210
05/08/2009,RSW,FL,ASO,ES,Combined TRACON& Tower with Radar,146,17,17,5,185,0,0,3,0,3,146,17,20,5,188,0,0,0,188
05/09/2009,RSW,FL,ASO,ES,Combined TRACON& Tower with Radar,152,21,15,2,190,0,0,6,1,7,152,21,21,3,197,10,0,10,207
05/10/2009,RSW,FL,ASO,ES,Combined TRACON& Tower with Radar,133,12,20,3,168,0,0,2,0,2,133,12,22,3,170,0,0,0,170
05/11/2009,RSW,FL,ASO,ES,Combined TRACON& Tower with Radar,138,21,11,14,184,0,0,4,0,4,138,21,15,14,188,0,0,0,188
05/12/2009,RSW,FL,ASO,ES,Combined TRACON& Tower with Radar,142,15,19,6,182,0,0,8,0,8,142,15,27,6,190,0,0,0,190
05/13/2009,RSW,FL,ASO,ES,Combined TRACON& Tower with Radar,139,14,28,5,186,0,0,8,0,8,139,14,36,5,194,0,0,0,194
05/14/2009,RSW,FL,ASO,ES,Combined TRACON& Tower with Radar,147,16,20,6,189,0,0,7,0,7,147,16,27,6,196,0,0,0,196
05/15/2009,RSW,FL,ASO,ES,Combined TRACON& Tower with Radar,140,16,38,6,200,0,0,6,0,6,140,16,44,6,206,0,0,0,206
05/16/2009,RSW,FL,ASO,ES,Combined TRACON& Tower with Radar,150,14,22,7,193,0,0,6,0,6,150,14,28,7,199,0,0,0,199
05/17/2009,RSW,FL,ASO,ES,Combined TRACON& Tower with Radar,131,17,21,3,172,0,0,2,0,2,131,17,23,3,174,0,0,0,174
05/18/2009,RSW,FL,ASO,ES,Combined TRACON& Tower with Radar,137,16,7,0,160,0,2,3,0,5,137,18,10,0,165,0,0,0,165
05/19/2009,RSW,FL,ASO,ES,Combined TRACON& Tower with Radar,140,13,23,0,176,0,0,4,0,4,140,13,27,0,180,0,0,0,180
05/20/2009,RSW,FL,ASO,ES,Combined TRACON& Tower with Radar,142,17,21,25,205,0,0,2,0,2,142,17,23,25,207,0,0,0,207
05/21/2009,RSW,FL,ASO,ES,Combined TRACON& Tower with Radar,143,14,11,0,168,0,0,5,0,5,143,14,16,0,173,0,0,0,173
05/22/2009,RSW,FL,ASO,ES,Combined TRACON& Tower with Radar,145,21,35,6,207,0,0,4,0,4,145,21,39,6,211,0,0,0,211
05/23/2009,RSW,FL,ASO,ES,Combined TRACON& Tower with Radar,162,17,9,5,193,0,0,4,0,4,162,17,13,5,197,0,0,0,197
05/24/2009,RSW,FL,ASO,ES,Combined TRACON& Tower with Radar,137,13,8,2,160,0,0,0,0,0,137,13,8,2,160,0,0,0,160
05/25/2009,RSW,FL,ASO,ES,Combined TRACON& Tower with Radar,133,21,13,0,167,0,0,2,0,2,133,21,15,0,169,0,0,0,169
05/26/2009,RSW,FL,ASO,ES,Combined TRACON& Tower with Radar,144,20,16,3,183,0,1,4,0,5,144,21,20,3,188,0,0,0,188
05/27/2009,RSW,FL,ASO,ES,Combined TRACON& Tower with Radar,144,15,15,3,177,0,0,6,0,6,144,15,21,3,183,0,0,0,183
05/28/2009,RSW,FL,ASO,ES,Combined TRACON& Tower with Radar,159,16,9,3,187,0,0,3,0,3,159,16,12,3,190,2,0,2,192
05/29/2009,RSW,FL,ASO,ES,Combined TRACON& Tower with Radar,137,15,5,4,161,0,0,9,0,9,137,15,14,4,170,4,0,4,174
05/30/2009,RSW,FL,ASO,ES,Combined TRACON& Tower with Radar,149,16,11,3,179,0,0,3,0,3,149,16,14,3,182,0,0,0,182
05/31/2009,RSW,FL,ASO,ES,Combined TRACON& Tower with Radar,130,18,16,6,170,0,0,3,0,3,130,18,19,6,173,0,0,0,173
06/01/2009,RSW,FL,ASO,ES,Combined TRACON& Tower with Radar,132,14,17,2,165,0,0,3,0,3,132,14,20,2,168,0,0,0,168
06/02/2009,RSW,FL,ASO,ES,Combined TRACON& Tower with Radar,132,13,12,11,168,0,0,0,0,0,132,13,12,11,168,0,0,0,168
06/03/2009,RSW,FL,ASO,ES,Combined TRACON& Tower with Radar,131,15,10,8,164,0,0,1,0,1,131,15,11,8,165,0,0,0,165
06/04/2009,RSW,FL,ASO,ES,Combined TRACON& Tower with Radar,136,17,12,0,165,0,0,4,0,4,136,17,16,0,169,0,0,0,169
06/05/2009,RSW,FL,ASO,ES,Combined TRACON& Tower with Radar,140,21,10,0,171,0,8,3,0,11,140,29,13,0,182,0,0,0,182
06/06/2009,RSW,FL,ASO,ES,Combined TRACON& Tower with Radar,151,18,15,0,184,0,6,5,0,11,151,24,20,0,195,0,0,0,195
06/07/2009,RSW,FL,ASO,ES,Combined TRACON& Tower with Radar,125,16,7,0,148,0,8,0,0,8,125,24,7,0,156,0,0,0,156
06/08/2009,RSW,FL,ASO,ES,Combined TRACON& Tower with Radar,130,21,3,1,155,0,3,2,1,6,130,24,5,2,161,0,0,0,161
06/09/2009,RSW,FL,ASO,ES,Combined TRACON& Tower with Radar,130,22,21,0,173,0,4,8,0,12,130,26,29,0,185,0,0,0,185
06/10/2009,RSW,FL,ASO,ES,Combined TRACON& Tower with Radar,131,19,9,0,159,0,2,9,0,11,131,21,18,0,170,0,0,0,170
06/11/2009,RSW,FL,ASO,ES,Combined TRACON& Tower with Radar,132,29,13,0,174,0,0,2,0,2,132,29,15,0,176,0,0,0,176
06/12/2009,RSW,FL,ASO,ES,Combined TRACON& Tower with Radar,130,20,13,4,167,0,4,12,1,17,130,24,25,5,184,0,0,0,184
06/13/2009,RSW,FL,ASO,ES,Combined TRACON& Tower with Radar,132,18,22,0,172,0,5,5,0,10,132,23,27,0,182,0,0,0,182
06/14/2009,RSW,FL,ASO,ES,Combined TRACON& Tower with Radar,125,20,15,2,162,0,0,4,0,4,125,20,19,2,166,0,0,0,166
06/15/2009,RSW,FL,ASO,ES,Combined TRACON& Tower with Radar,125,28,19,2,174,0,7,3,3,13,125,35,22,5,187,0,0,0,187
06/16/2009,RSW,FL,ASO,ES,Combined TRACON& Tower with Radar,133,18,10,0,161,0,3,2,1,6,133,21,12,1,167,0,0,0,167
06/17/2009,RSW,FL,ASO,ES,Combined TRACON& Tower with Radar,132,19,20,0,171,0,0,11,0,11,132,19,31,0,182,0,0,0,182
06/18/2009,RSW,FL,ASO,ES,Combined TRACON& Tower with Radar,138,19,11,0,168,0,7,2,0,9,138,26,13,0,177,0,0,0,177
06/19/2009,RSW,FL,ASO,ES,Combined TRACON& Tower with Radar,122,15,10,5,152,0,3,4,1,8,122,18,14,6,160,0,0,0,160
06/20/2009,RSW,FL,ASO,ES,Combined TRACON& Tower with Radar,139,16,12,0,167,0,4,5,0,9,139,20,17,0,176,0,0,0,176
06/21/2009,RSW,FL,ASO,ES,Combined TRACON& Tower with Radar,124,25,13,1,163,0,5,6,0,11,124,30,19,1,174,0,0,0,174
06/22/2009,RSW,FL,ASO,ES,Combined TRACON& Tower with Radar,127,19,12,0,158,0,6,0,0,6,127,25,12,0,164,0,0,0,164
06/23/2009,RSW,FL,ASO,ES,Combined TRACON& Tower with Radar,150,20,4,0,174,0,0,5,0,5,150,20,9,0,179,0,0,0,179
06/24/2009,RSW,FL,ASO,ES,Combined TRACON& Tower with Radar,133,20,10,3,166,0,3,6,0,9,133,23,16,3,175,0,0,0,175
06/25/2009,RSW,FL,ASO,ES,Combined TRACON& Tower with Radar,132,16,15,0,163,0,0,5,0,5,132,16,20,0,168,0,0,0,168
06/26/2009,RSW,FL,ASO,ES,Combined TRACON& Tower with Radar,140,20,5,0,165,0,3,5,0,8,140,23,10,0,173,0,0,0,173
06/27/2009,RSW,FL,ASO,ES,Combined TRACON& Tower with Radar,136,20,11,0,167,0,6,9,0,15,136,26,20,0,182,0,0,0,182
06/28/2009,RSW,FL,ASO,ES,Combined TRACON& Tower with Radar,128,18,9,0,155,0,9,0,0,9,128,27,9,0,164,0,0,0,164
06/29/2009,RSW,FL,ASO,ES,Combined TRACON& Tower with Radar,129,16,1,0,146,0,6,1,0,7,129,22,2,0,153,0,0,0,153
06/30/2009,RSW,FL,ASO,ES,Combined TRACON& Tower with Radar,126,20,10,7,163,0,2,0,5,7,126,22,10,12,170,0,0,0,170
07/01/2009,RSW,FL,ASO,ES,Combined TRACON& Tower with Radar,138,19,0,0,157,0,0,0,0,0,138,19,0,0,157,0,2,2,159
07/02/2009,RSW,FL,ASO,ES,Combined TRACON& Tower with Radar,153,20,12,0,185,0,2,19,0,21,153,22,31,0,206,0,0,0,206
07/03/2009,RSW,FL,ASO,ES,Combined TRACON& Tower with Radar,129,15,12,0,156,0,9,1,0,10,129,24,13,0,166,0,0,0,166
07/04/2009,RSW,FL,ASO,ES,Combined TRACON& Tower with Radar,135,11,4,0,150,0,5,2,0,7,135,16,6,0,157,0,0,0,157
07/05/2009,RSW,FL,ASO,ES,Combined TRACON& Tower with Radar,134,17,25,1,177,0,2,7,0,9,134,19,32,1,186,0,0,0,186
07/06/2009,RSW,FL,ASO,ES,Combined TRACON& Tower with Radar,133,18,10,1,162,0,3,2,0,5,133,21,12,1,167,0,0,0,167
07/07/2009,RSW,FL,ASO,ES,Combined TRACON& Tower with Radar,136,15,13,0,164,0,3,8,0,11,136,18,21,0,175,0,0,0,175
07/08/2009,RSW,FL,ASO,ES,Combined TRACON& Tower with Radar,135,15,16,4,170,0,9,14,0,23,135,24,30,4,193,0,0,0,193
07/09/2009,RSW,FL,ASO,ES,Combined TRACON& Tower with Radar,141,21,18,4,184,0,1,2,0,3,141,22,20,4,187,0,0,0,187
07/10/2009,RSW,FL,ASO,ES,Combined TRACON& Tower with Radar,145,21,14,0,180,0,7,8,0,15,145,28,22,0,195,0,0,0,195
07/11/2009,RSW,FL,ASO,ES,Combined TRACON& Tower with Radar,147,18,21,0,186,0,3,3,0,6,147,21,24,0,192,0,0,0,192
07/12/2009,RSW,FL,ASO,ES,Combined TRACON& Tower with Radar,134,17,19,0,170,0,6,3,0,9,134,23,22,0,179,0,0,0,179
07/13/2009,RSW,FL,ASO,ES,Combined TRACON& Tower with Radar,133,15,9,0,157,0,7,12,0,19,133,22,21,0,176,0,0,0,176
07/14/2009,RSW,FL,ASO,ES,Combined TRACON& Tower with Radar,136,18,20,0,174,0,0,5,0,5,136,18,25,0,179,0,0,0,179
07/15/2009,RSW,FL,ASO,ES,Combined TRACON& Tower with Radar,138,18,14,0,170,0,2,4,0,6,138,20,18,0,176,0,0,0,176
07/16/2009,RSW,FL,ASO,ES,Combined TRACON& Tower with Radar,139,19,22,0,180,0,3,8,0,11,139,22,30,0,191,0,0,0,191
07/17/2009,RSW,FL,ASO,ES,Combined TRACON& Tower with Radar,136,20,17,1,174,0,2,7,0,9,136,22,24,1,183,0,0,0,183
07/18/2009,RSW,FL,ASO,ES,Combined TRACON& Tower with Radar,150,17,18,0,185,0,8,8,0,16,150,25,26,0,201,0,0,0,201
07/19/2009,RSW,FL,ASO,ES,Combined TRACON& Tower with Radar,137,18,9,0,164,0,0,0,0,0,137,18,9,0,164,0,0,0,164
07/20/2009,RSW,FL,ASO,ES,Combined TRACON& Tower with Radar,137,21,15,4,177,0,6,0,0,6,137,27,15,4,183,0,0,0,183
07/21/2009,RSW,FL,ASO,ES,Combined TRACON& Tower with Radar,135,14,16,0,165,0,9,10,0,19,135,23,26,0,184,0,0,0,184
07/22/2009,RSW,FL,ASO,ES,Combined TRACON& Tower with Radar,139,18,18,5,180,0,3,5,0,8,139,21,23,5,188,0,0,0,188
07/23/2009,RSW,FL,ASO,ES,Combined TRACON& Tower with Radar,141,22,17,0,180,0,8,13,0,21,141,30,30,0,201,0,0,0,201
07/24/2009,RSW,FL,ASO,ES,Combined TRACON& Tower with Radar,137,20,14,2,173,0,9,10,0,19,137,29,24,2,192,0,0,0,192
07/25/2009,RSW,FL,ASO,ES,Combined TRACON& Tower with Radar,143,23,9,0,175,0,3,2,0,5,143,26,11,0,180,0,0,0,180
07/26/2009,RSW,FL,ASO,ES,Combined TRACON& Tower with Radar,138,24,8,1,171,0,6,1,0,7,138,30,9,1,178,0,0,0,178
07/27/2009,RSW,FL,ASO,ES,Combined TRACON& Tower with Radar,133,19,6,0,158,0,9,4,0,13,133,28,10,0,171,0,0,0,171
07/28/2009,RSW,FL,ASO,ES,Combined TRACON& Tower with Radar,136,17,12,0,165,0,5,3,0,8,136,22,15,0,173,0,0,0,173
07/29/2009,RSW,FL,ASO,ES,Combined TRACON& Tower with Radar,139,19,12,3,173,0,9,6,0,15,139,28,18,3,188,0,0,0,188
07/30/2009,RSW,FL,ASO,ES,Combined TRACON& Tower with Radar,141,23,16,19,199,0,3,4,0,7,141,26,20,19,206,0,0,0,206
07/31/2009,RSW,FL,ASO,ES,Combined TRACON& Tower with Radar,132,19,23,2,176,0,0,3,0,3,132,19,26,2,179,4,0,4,183
08/01/2009,RSW,FL,ASO,ES,Combined TRACON& Tower with Radar,144,21,12,1,178,0,3,6,0,9,144,24,18,1,187,0,0,0,187
08/02/2009,RSW,FL,ASO,ES,Combined TRACON& Tower with Radar,134,20,13,0,167,0,11,2,0,13,134,31,15,0,180,0,0,0,180
08/03/2009,RSW,FL,ASO,ES,Combined TRACON& Tower with Radar,138,25,12,0,175,0,0,5,0,5,138,25,17,0,180,0,0,0,180
08/04/2009,RSW,FL,ASO,ES,Combined TRACON& Tower with Radar,133,22,12,0,167,0,9,7,0,16,133,31,19,0,183,0,0,0,183
08/05/2009,RSW,FL,ASO,ES,Combined TRACON& Tower with Radar,141,27,16,0,184,0,0,13,0,13,141,27,29,0,197,0,0,0,197
08/06/2009,RSW,FL,ASO,ES,Combined TRACON& Tower with Radar,141,20,15,0,176,0,4,4,0,8,141,24,19,0,184,0,0,0,184
08/07/2009,RSW,FL,ASO,ES,Combined TRACON& Tower with Radar,135,20,6,2,163,0,4,4,0,8,135,24,10,2,171,0,0,0,171
08/08/2009,RSW,FL,ASO,ES,Combined TRACON& Tower with Radar,146,23,12,0,181,0,5,5,0,10,146,28,17,0,191,0,0,0,191
08/09/2009,RSW,FL,ASO,ES,Combined TRACON& Tower with Radar,135,16,11,0,162,0,9,2,0,11,135,25,13,0,173,0,0,0,173
08/10/2009,RSW,FL,ASO,ES,Combined TRACON& Tower with Radar,133,19,7,0,159,0,4,4,0,8,133,23,11,0,167,0,0,0,167
08/11/2009,RSW,FL,ASO,ES,Combined TRACON& Tower with Radar,135,18,13,0,166,0,2,5,0,7,135,20,18,0,173,0,0,0,173
08/12/2009,RSW,FL,ASO,ES,Combined TRACON& Tower with Radar,142,19,13,0,174,0,5,25,0,30,142,24,38,0,204,0,0,0,204
08/13/2009,RSW,FL,ASO,ES,Combined TRACON& Tower with Radar,140,20,19,0,179,0,0,1,0,1,140,20,20,0,180,0,0,0,180
08/14/2009,RSW,FL,ASO,ES,Combined TRACON& Tower with Radar,136,18,25,0,179,0,0,13,0,13,136,18,38,0,192,0,0,0,192
08/15/2009,RSW,FL,ASO,ES,Combined TRACON& Tower with Radar,149,16,11,0,176,0,5,1,0,6,149,21,12,0,182,0,0,0,182
08/16/2009,RSW,FL,ASO,ES,Combined TRACON& Tower with Radar,136,19,16,0,171,0,3,9,0,12,136,22,25,0,183,0,0,0,183
08/17/2009,RSW,FL,ASO,ES,Combined TRACON& Tower with Radar,131,9,22,0,162,0,0,3,0,3,131,9,25,0,165,0,0,0,165
08/18/2009,RSW,FL,ASO,ES,Combined TRACON& Tower with Radar,131,19,25,0,175,0,0,13,0,13,131,19,38,0,188,0,0,0,188
08/19/2009,RSW,FL,ASO,ES,Combined TRACON& Tower with Radar,132,14,21,0,167,0,0,6,0,6,132,14,27,0,173,0,0,0,173
08/20/2009,RSW,FL,ASO,ES,Combined TRACON& Tower with Radar,142,18,27,0,187,0,0,10,0,10,142,18,37,0,197,0,0,0,197
08/21/2009,RSW,FL,ASO,ES,Combined TRACON& Tower with Radar,127,20,15,0,162,0,0,5,0,5,127,20,20,0,167,0,0,0,167
08/22/2009,RSW,FL,ASO,ES,Combined TRACON& Tower with Radar,145,17,8,0,170,0,0,7,0,7,145,17,15,0,177,0,0,0,177
08/23/2009,RSW,FL,ASO,ES,Combined TRACON& Tower with Radar,129,18,14,2,163,0,0,10,0,10,129,18,24,2,173,0,0,0,173
08/24/2009,RSW,FL,ASO,ES,Combined TRACON& Tower with Radar,132,15,16,0,163,0,0,5,0,5,132,15,21,0,168,0,0,0,168
08/25/2009,RSW,FL,ASO,ES,Combined TRACON& Tower with Radar,135,15,21,0,171,0,0,5,0,5,135,15,26,0,176,0,0,0,176
08/26/2009,RSW,FL,ASO,ES,Combined TRACON& Tower with Radar,142,19,22,0,183,0,0,4,0,4,142,19,26,0,187,0,0,0,187
08/27/2009,RSW,FL,ASO,ES,Combined TRACON& Tower with Radar,137,18,26,0,181,0,0,7,0,7,137,18,33,0,188,0,0,0,188
08/28/2009,RSW,FL,ASO,ES,Combined TRACON& Tower with Radar,130,18,13,2,163,0,0,7,0,7,130,18,20,2,170,0,0,0,170
08/29/2009,RSW,FL,ASO,ES,Combined TRACON& Tower with Radar,147,20,7,0,174,0,0,6,0,6,147,20,13,0,180,0,0,0,180
08/30/2009,RSW,FL,ASO,ES,Combined TRACON& Tower with Radar,127,21,20,2,170,0,0,2,0,2,127,21,22,2,172,0,0,0,172
08/31/2009,RSW,FL,ASO,ES,Combined TRACON& Tower with Radar,119,21,17,0,157,0,2,4,0,6,119,23,21,0,163,0,0,0,163
09/01/2009,RSW,FL,ASO,ES,Combined TRACON& Tower with Radar,120,14,21,0,155,0,0,5,0,5,120,14,26,0,160,0,0,0,160
09/02/2009,RSW,FL,ASO,ES,Combined TRACON& Tower with Radar,121,21,19,1,162,0,0,1,1,2,121,21,20,2,164,0,0,0,164
09/03/2009,RSW,FL,ASO,ES,Combined TRACON& Tower with Radar,128,19,20,0,167,0,2,3,0,5,128,21,23,0,172,0,0,0,172
09/04/2009,RSW,FL,ASO,ES,Combined TRACON& Tower with Radar,127,22,11,0,160,0,0,2,0,2,127,22,13,0,162,0,0,0,162
09/05/2009,RSW,FL,ASO,ES,Combined TRACON& Tower with Radar,133,13,15,0,161,0,0,19,0,19,133,13,34,0,180,0,0,0,180
09/06/2009,RSW,FL,ASO,ES,Combined TRACON& Tower with Radar,108,19,6,0,133,0,0,8,0,8,108,19,14,0,141,0,0,0,141
09/07/2009,RSW,FL,ASO,ES,Combined TRACON& Tower with Radar,114,19,10,0,143,0,0,9,0,9,114,19,19,0,152,0,0,0,152
09/08/2009,RSW,FL,ASO,ES,Combined TRACON& Tower with Radar,123,17,1,4,145,0,0,5,6,11,123,17,6,10,156,0,0,0,156
09/09/2009,RSW,FL,ASO,ES,Combined TRACON& Tower with Radar,113,15,23,3,154,0,0,8,1,9,113,15,31,4,163,0,0,0,163
09/10/2009,RSW,FL,ASO,ES,Combined TRACON& Tower with Radar,116,13,22,0,151,0,0,8,0,8,116,13,30,0,159,0,0,0,159
09/11/2009,RSW,FL,ASO,ES,Combined TRACON& Tower with Radar,118,17,15,2,152,0,4,4,0,8,118,21,19,2,160,0,0,0,160
09/12/2009,RSW,FL,ASO,ES,Combined TRACON& Tower with Radar,130,11,6,0,147,0,3,1,0,4,130,14,7,0,151,0,0,0,151
09/13/2009,RSW,FL,ASO,ES,Combined TRACON& Tower with Radar,117,16,6,6,145,0,0,15,0,15,117,16,21,6,160,0,0,0,160
09/14/2009,RSW,FL,ASO,ES,Combined TRACON& Tower with Radar,112,14,15,0,141,0,0,1,0,1,112,14,16,0,142,0,0,0,142
09/15/2009,RSW,FL,ASO,ES,Combined TRACON& Tower with Radar,110,8,14,0,132,0,0,6,0,6,110,8,20,0,138,0,0,0,138
09/16/2009,RSW,FL,ASO,ES,Combined TRACON& Tower with Radar,107,11,15,0,133,0,3,6,0,9,107,14,21,0,142,0,0,0,142
09/17/2009,RSW,FL,ASO,ES,Combined TRACON& Tower with Radar,116,13,19,2,150,0,0,20,0,20,116,13,39,2,170,0,0,0,170
09/18/2009,RSW,FL,ASO,ES,Combined TRACON& Tower with Radar,117,19,10,0,146,0,0,7,0,7,117,19,17,0,153,0,0,0,153
09/19/2009,RSW,FL,ASO,ES,Combined TRACON& Tower with Radar,126,15,16,0,157,0,0,4,0,4,126,15,20,0,161,0,0,0,161
09/20/2009,RSW,FL,ASO,ES,Combined TRACON& Tower with Radar,114,21,11,4,150,0,0,8,0,8,114,21,19,4,158,0,0,0,158
09/21/2009,RSW,FL,ASO,ES,Combined TRACON& Tower with Radar,113,16,10,6,145,0,0,1,0,1,113,16,11,6,146,0,0,0,146
09/22/2009,RSW,FL,ASO,ES,Combined TRACON& Tower with Radar,104,10,10,0,124,1,0,15,0,16,105,10,25,0,140,0,0,0,140
09/23/2009,RSW,FL,ASO,ES,Combined TRACON& Tower with Radar,109,10,27,0,146,0,0,7,0,7,109,10,34,0,153,0,0,0,153
09/24/2009,RSW,FL,ASO,ES,Combined TRACON& Tower with Radar,116,13,11,4,144,0,0,11,0,11,116,13,22,4,155,0,0,0,155
09/25/2009,RSW,FL,ASO,ES,Combined TRACON& Tower with Radar,117,17,24,4,162,0,0,4,0,4,117,17,28,4,166,0,0,0,166
09/26/2009,RSW,FL,ASO,ES,Combined TRACON& Tower with Radar,123,12,13,0,148,0,0,6,0,6,123,12,19,0,154,0,0,0,154
09/27/2009,RSW,FL,ASO,ES,Combined TRACON& Tower with Radar,112,24,7,0,143,0,0,1,0,1,112,24,8,0,144,0,0,0,144
09/28/2009,RSW,FL,ASO,ES,Combined TRACON& Tower with Radar,114,12,9,0,135,0,0,2,0,2,114,12,11,0,137,0,0,0,137
09/29/2009,RSW,FL,ASO,ES,Combined TRACON& Tower with Radar,108,8,16,0,132,0,0,4,0,4,108,8,20,0,136,0,0,0,136
09/30/2009,RSW,FL,ASO,ES,Combined TRACON& Tower with Radar,110,13,11,0,134,0,0,3,0,3,110,13,14,0,137,0,0,0,137
10/01/2009,RSW,FL,ASO,ES,Combined TRACON& Tower with Radar,124,18,20,0,162,0,0,8,0,8,124,18,28,0,170,0,0,0,170
10/02/2009,RSW,FL,ASO,ES,Combined TRACON& Tower with Radar,128,19,7,0,154,0,0,7,0,7,128,19,14,0,161,0,0,0,161
10/03/2009,RSW,FL,ASO,ES,Combined TRACON& Tower with Radar,136,15,13,0,164,0,0,1,0,1,136,15,14,0,165,0,0,0,165
10/04/2009,RSW,FL,ASO,ES,Combined TRACON& Tower with Radar,126,16,6,0,148,0,0,0,0,0,126,16,6,0,148,0,0,0,148
10/05/2009,RSW,FL,ASO,ES,Combined TRACON& Tower with Radar,122,14,15,0,151,0,0,5,0,5,122,14,20,0,156,0,0,0,156
10/06/2009,RSW,FL,ASO,ES,Combined TRACON& Tower with Radar,122,12,15,2,151,0,0,9,2,11,122,12,24,4,162,0,0,0,162
10/07/2009,RSW,FL,ASO,ES,Combined TRACON& Tower with Radar,121,23,36,5,185,0,1,17,4,22,121,24,53,9,207,0,0,0,207
10/08/2009,RSW,FL,ASO,ES,Combined TRACON& Tower with Radar,128,21,13,4,166,0,0,9,0,9,128,21,22,4,175,0,0,0,175
10/09/2009,RSW,FL,ASO,ES,Combined TRACON& Tower with Radar,133,31,27,0,191,0,0,2,0,2,133,31,29,0,193,0,0,0,193
10/10/2009,RSW,FL,ASO,ES,Combined TRACON& Tower with Radar,134,26,11,0,171,0,0,9,0,9,134,26,20,0,180,0,0,0,180
10/11/2009,RSW,FL,ASO,ES,Combined TRACON& Tower with Radar,127,33,17,4,181,0,0,4,0,4,127,33,21,4,185,0,0,0,185
10/12/2009,RSW,FL,ASO,ES,Combined TRACON& Tower with Radar,127,25,16,0,168,0,0,4,0,4,127,25,20,0,172,0,0,0,172
10/13/2009,RSW,FL,ASO,ES,Combined TRACON& Tower with Radar,120,24,14,0,158,0,0,6,0,6,120,24,20,0,164,0,0,0,164
10/14/2009,RSW,FL,ASO,ES,Combined TRACON& Tower with Radar,120,21,26,0,167,0,2,4,0,6,120,23,30,0,173,0,0,0,173
10/15/2009,RSW,FL,ASO,ES,Combined TRACON& Tower with Radar,125,31,19,0,175,0,2,15,1,18,125,33,34,1,193,0,0,0,193
10/16/2009,RSW,FL,ASO,ES,Combined TRACON& Tower with Radar,132,24,3,0,159,0,1,4,0,5,132,25,7,0,164,0,0,0,164
10/17/2009,RSW,FL,ASO,ES,Combined TRACON& Tower with Radar,137,26,7,0,170,0,0,2,0,2,137,26,9,0,172,0,0,0,172
10/18/2009,RSW,FL,ASO,ES,Combined TRACON& Tower with Radar,128,26,21,0,175,0,0,4,0,4,128,26,25,0,179,0,0,0,179
10/19/2009,RSW,FL,ASO,ES,Combined TRACON& Tower with Radar,125,30,20,0,175,0,0,4,0,4,125,30,24,0,179,0,0,0,179
10/20/2009,RSW,FL,ASO,ES,Combined TRACON& Tower with Radar,122,20,18,0,160,1,0,3,0,4,123,20,21,0,164,0,0,0,164
10/21/2009,RSW,FL,ASO,ES,Combined TRACON& Tower with Radar,121,42,26,0,189,0,0,9,0,9,121,42,35,0,198,0,0,0,198
10/22/2009,RSW,FL,ASO,ES,Combined TRACON& Tower with Radar,131,22,23,0,176,0,0,3,0,3,131,22,26,0,179,0,0,0,179
10/23/2009,RSW,FL,ASO,ES,Combined TRACON& Tower with Radar,134,30,24,0,188,0,0,5,0,5,134,30,29,0,193,0,0,0,193
10/24/2009,RSW,FL,ASO,ES,Combined TRACON& Tower with Radar,137,22,10,0,169,0,0,6,0,6,137,22,16,0,175,0,0,0,175
10/25/2009,RSW,FL,ASO,ES,Combined TRACON& Tower with Radar,122,33,19,0,174,0,0,10,0,10,122,33,29,0,184,0,0,0,184
10/26/2009,RSW,FL,ASO,ES,Combined TRACON& Tower with Radar,125,19,13,0,157,0,0,6,2,8,125,19,19,2,165,0,0,0,165
10/27/2009,RSW,FL,ASO,ES,Combined TRACON& Tower with Radar,119,26,38,0,183,0,0,4,0,4,119,26,42,0,187,0,0,0,187
10/28/2009,RSW,FL,ASO,ES,Combined TRACON& Tower with Radar,121,30,17,2,170,0,0,16,0,16,121,30,33,2,186,0,0,0,186
10/29/2009,RSW,FL,ASO,ES,Combined TRACON& Tower with Radar,130,25,20,1,176,0,0,7,3,10,130,25,27,4,186,0,0,0,186
10/30/2009,RSW,FL,ASO,ES,Combined TRACON& Tower with Radar,126,30,32,0,188,0,3,19,0,22,126,33,51,0,210,14,0,14,224
10/31/2009,RSW,FL,ASO,ES,Combined TRACON& Tower with Radar,138,22,24,0,184,0,0,9,0,9,138,22,33,0,193,0,0,0,193
11/01/2009,RSW,FL,ASO,ES,Combined TRACON& Tower with Radar,151,29,29,0,209,0,0,7,0,7,151,29,36,0,216,0,0,0,216
11/02/2009,RSW,FL,ASO,ES,Combined TRACON& Tower with Radar,148,29,27,0,204,0,1,4,0,5,148,30,31,0,209,0,0,0,209
11/03/2009,RSW,FL,ASO,ES,Combined TRACON& Tower with Radar,140,24,28,0,192,0,0,0,0,0,140,24,28,0,192,0,0,0,192
11/04/2009,RSW,FL,ASO,ES,Combined TRACON& Tower with Radar,149,29,17,0,195,0,0,3,0,3,149,29,20,0,198,0,0,0,198
11/05/2009,RSW,FL,ASO,ES,Combined TRACON& Tower with Radar,165,33,32,0,230,0,3,9,0,12,165,36,41,0,242,0,0,0,242
11/06/2009,RSW,FL,ASO,ES,Combined TRACON& Tower with Radar,167,29,14,3,213,0,4,9,0,13,167,33,23,3,226,8,0,8,234
11/07/2009,RSW,FL,ASO,ES,Combined TRACON& Tower with Radar,172,25,11,0,208,0,1,18,0,19,172,26,29,0,227,0,0,0,227
11/08/2009,RSW,FL,ASO,ES,Combined TRACON& Tower with Radar,169,23,19,0,211,0,0,6,0,6,169,23,25,0,217,0,0,0,217
11/09/2009,RSW,FL,ASO,ES,Combined TRACON& Tower with Radar,154,19,13,8,194,0,0,2,0,2,154,19,15,8,196,0,0,0,196
11/10/2009,RSW,FL,ASO,ES,Combined TRACON& Tower with Radar,144,24,20,0,188,0,0,4,0,4,144,24,24,0,192,0,0,0,192
11/11/2009,RSW,FL,ASO,ES,Combined TRACON& Tower with Radar,150,29,20,0,199,0,0,6,0,6,150,29,26,0,205,0,0,0,205
11/12/2009,RSW,FL,ASO,ES,Combined TRACON& Tower with Radar,172,26,36,6,240,0,0,6,0,6,172,26,42,6,246,0,0,0,246
11/13/2009,RSW,FL,ASO,ES,Combined TRACON& Tower with Radar,168,23,14,3,208,0,0,27,0,27,168,23,41,3,235,0,0,0,235
11/14/2009,RSW,FL,ASO,ES,Combined TRACON& Tower with Radar,180,22,28,0,230,0,0,15,0,15,180,22,43,0,245,0,0,0,245
11/15/2009,RSW,FL,ASO,ES,Combined TRACON& Tower with Radar,171,16,29,1,217,0,0,3,0,3,171,16,32,1,220,0,0,0,220
11/16/2009,RSW,FL,ASO,ES,Combined TRACON& Tower with Radar,164,18,25,0,207,0,0,9,0,9,164,18,34,0,216,0,0,0,216
11/17/2009,RSW,FL,ASO,ES,Combined TRACON& Tower with Radar,154,34,33,2,223,3,1,7,0,11,157,35,40,2,234,0,0,0,234
11/18/2009,RSW,FL,ASO,ES,Combined TRACON& Tower with Radar,153,19,17,2,191,6,0,7,4,17,159,19,24,6,208,0,0,0,208
11/19/2009,RSW,FL,ASO,ES,Combined TRACON& Tower with Radar,191,23,35,1,250,0,0,4,0,4,191,23,39,1,254,0,0,0,254
11/20/2009,RSW,FL,ASO,ES,Combined TRACON& Tower with Radar,190,36,31,1,258,0,0,5,1,6,190,36,36,2,264,0,0,0,264
11/21/2009,RSW,FL,ASO,ES,Combined TRACON& Tower with Radar,209,27,14,0,250,0,0,11,0,11,209,27,25,0,261,0,0,0,261
11/22/2009,RSW,FL,ASO,ES,Combined TRACON& Tower with Radar,199,24,18,5,246,0,0,8,1,9,199,24,26,6,255,0,0,0,255
11/23/2009,RSW,FL,ASO,ES,Combined TRACON& Tower with Radar,183,27,12,17,239,0,0,4,0,4,183,27,16,17,243,0,0,0,243
11/24/2009,RSW,FL,ASO,ES,Combined TRACON& Tower with Radar,203,27,39,0,269,0,0,3,0,3,203,27,42,0,272,0,0,0,272
11/25/2009,RSW,FL,ASO,ES,Combined TRACON& Tower with Radar,209,25,12,0,246,0,0,0,0,0,209,25,12,0,246,0,0,0,246
11/26/2009,RSW,FL,ASO,ES,Combined TRACON& Tower with Radar,151,14,8,0,173,0,0,2,0,2,151,14,10,0,175,0,0,0,175
11/27/2009,RSW,FL,ASO,ES,Combined TRACON& Tower with Radar,177,13,14,0,204,0,0,4,0,4,177,13,18,0,208,0,0,0,208
11/28/2009,RSW,FL,ASO,ES,Combined TRACON& Tower with Radar,216,26,28,0,270,0,7,20,0,27,216,33,48,0,297,0,0,0,297
11/29/2009,RSW,FL,ASO,ES,Combined TRACON& Tower with Radar,211,38,48,0,297,0,0,3,0,3,211,38,51,0,300,0,0,0,300
11/30/2009,RSW,FL,ASO,ES,Combined TRACON& Tower with Radar,195,30,21,13,259,0,0,0,0,0,195,30,21,13,259,0,0,0,259
12/01/2009,RSW,FL,ASO,ES,Combined TRACON& Tower with Radar,178,31,44,0,253,0,0,5,0,5,178,31,49,0,258,0,0,0,258
12/02/2009,RSW,FL,ASO,ES,Combined TRACON& Tower with Radar,178,21,10,2,211,0,0,2,3,5,178,21,12,5,216,0,0,0,216
12/03/2009,RSW,FL,ASO,ES,Combined TRACON& Tower with Radar,190,26,36,1,253,0,0,6,0,6,190,26,42,1,259,0,0,0,259
12/04/2009,RSW,FL,ASO,ES,Combined TRACON& Tower with Radar,180,32,25,0,237,0,0,0,0,0,180,32,25,0,237,0,0,0,237
12/05/2009,RSW,FL,ASO,ES,Combined TRACON& Tower with Radar,190,21,10,0,221,0,0,0,0,0,190,21,10,0,221,0,0,0,221
12/06/2009,RSW,FL,ASO,ES,Combined TRACON& Tower with Radar,193,23,18,0,234,0,0,10,0,10,193,23,28,0,244,0,0,0,244
12/07/2009,RSW,FL,ASO,ES,Combined TRACON& Tower with Radar,174,27,12,0,213,0,7,9,0,16,174,34,21,0,229,0,0,0,229
12/08/2009,RSW,FL,ASO,ES,Combined TRACON& Tower with Radar,151,22,35,0,208,0,0,11,0,11,151,22,46,0,219,0,0,0,219
12/09/2009,RSW,FL,ASO,ES,Combined TRACON& Tower with Radar,174,20,21,2,217,0,0,3,0,3,174,20,24,2,220,0,0,0,220
12/10/2009,RSW,FL,ASO,ES,Combined TRACON& Tower with Radar,183,21,21,2,227,0,0,6,2,8,183,21,27,4,235,0,0,0,235
12/11/2009,RSW,FL,ASO,ES,Combined TRACON& Tower with Radar,182,27,27,0,236,0,3,4,0,7,182,30,31,0,243,0,0,0,243
12/12/2009,RSW,FL,ASO,ES,Combined TRACON& Tower with Radar,193,17,13,0,223,0,0,6,0,6,193,17,19,0,229,0,0,0,229
12/13/2009,RSW,FL,ASO,ES,Combined TRACON& Tower with Radar,189,17,20,0,226,5,1,3,0,9,194,18,23,0,235,0,0,0,235
12/14/2009,RSW,FL,ASO,ES,Combined TRACON& Tower with Radar,173,27,28,0,228,2,0,11,0,13,175,27,39,0,241,0,0,0,241
12/15/2009,RSW,FL,ASO,ES,Combined TRACON& Tower with Radar,170,17,19,27,233,0,0,5,0,5,170,17,24,27,238,0,8,8,246
12/16/2009,RSW,FL,ASO,ES,Combined TRACON& Tower with Radar,174,17,15,0,206,0,0,0,0,0,174,17,15,0,206,0,0,0,206
12/17/2009,RSW,FL,ASO,ES,Combined TRACON& Tower with Radar,241,26,31,0,298,0,1,1,0,2,241,27,32,0,300,0,0,0,300
12/18/2009,RSW,FL,ASO,ES,Combined TRACON& Tower with Radar,232,29,23,0,284,0,0,0,0,0,232,29,23,0,284,0,0,0,284
12/19/2009,RSW,FL,ASO,ES,Combined TRACON& Tower with Radar,211,31,8,0,250,0,2,15,0,17,211,33,23,0,267,0,0,0,267
12/20/2009,RSW,FL,ASO,ES,Combined TRACON& Tower with Radar,200,18,20,1,239,0,0,8,1,9,200,18,28,2,248,4,0,4,252
12/21/2009,RSW,FL,ASO,ES,Combined TRACON& Tower with Radar,220,20,19,0,259,0,0,7,0,7,220,20,26,0,266,0,0,0,266
12/22/2009,RSW,FL,ASO,ES,Combined TRACON& Tower with Radar,235,25,18,0,278,0,0,7,2,9,235,25,25,2,287,0,0,0,287
12/23/2009,RSW,FL,ASO,ES,Combined TRACON& Tower with Radar,235,21,19,0,275,0,0,3,0,3,235,21,22,0,278,0,0,0,278
12/24/2009,RSW,FL,ASO,ES,Combined TRACON& Tower with Radar,221,22,3,2,248,0,0,4,0,4,221,22,7,2,252,0,0,0,252
12/25/2009,RSW,FL,ASO,ES,Combined TRACON& Tower with Radar,206,27,5,0,238,0,0,2,0,2,206,27,7,0,240,0,0,0,240
12/26/2009,RSW,FL,ASO,ES,Combined TRACON& Tower with Radar,228,49,57,0,334,0,0,2,0,2,228,49,59,0,336,0,0,0,336
12/27/2009,RSW,FL,ASO,ES,Combined TRACON& Tower with Radar,240,46,49,0,335,0,0,7,0,7,240,46,56,0,342,0,0,0,342
12/28/2009,RSW,FL,ASO,ES,Combined TRACON& Tower with Radar,236,36,27,3,302,0,0,9,0,9,236,36,36,3,311,0,0,0,311
12/29/2009,RSW,FL,ASO,ES,Combined TRACON& Tower with Radar,244,28,26,0,298,1,0,8,0,9,245,28,34,0,307,0,0,0,307
12/30/2009,RSW,FL,ASO,ES,Combined TRACON& Tower with Radar,233,34,20,0,287,0,0,7,2,9,233,34,27,2,296,0,0,0,296
12/31/2009,RSW,FL,ASO,ES,Combined TRACON& Tower with Radar,228,25,16,0,269,0,1,4,0,5,228,26,20,0,274,0,0,0,274
01/01/2010,RSW,FL,ASO,ES,Combined TRACON& Tower with Radar,218,40,8,0,266,0,0,5,0,5,218,40,13,0,271,0,0,0,271
01/02/2010,RSW,FL,ASO,ES,Combined TRACON& Tower with Radar,241,50,38,0,329,0,0,6,0,6,241,50,44,0,335,0,0,0,335
01/03/2010,RSW,FL,ASO,ES,Combined TRACON& Tower with Radar,238,46,75,2,361,0,0,9,1,10,238,46,84,3,371,0,0,0,371
01/04/2010,RSW,FL,ASO,ES,Combined TRACON& Tower with Radar,223,28,20,0,271,0,0,5,0,5,223,28,25,0,276,0,0,0,276
01/05/2010,RSW,FL,ASO,ES,Combined TRACON& Tower with Radar,206,30,10,0,246,0,0,5,0,5,206,30,15,0,251,0,0,0,251
01/06/2010,RSW,FL,ASO,ES,Combined TRACON& Tower with Radar,205,17,23,0,245,0,0,1,0,1,205,17,24,0,246,2,0,2,248
01/07/2010,RSW,FL,ASO,ES,Combined TRACON& Tower with Radar,207,20,21,0,248,0,1,9,0,10,207,21,30,0,258,0,0,0,258
01/08/2010,RSW,FL,ASO,ES,Combined TRACON& Tower with Radar,214,23,7,6,250,0,1,8,0,9,214,24,15,6,259,0,0,0,259
01/09/2010,RSW,FL,ASO,ES,Combined TRACON& Tower with Radar,235,16,17,0,268,0,0,2,0,2,235,16,19,0,270,0,0,0,270
01/10/2010,RSW,FL,ASO,ES,Combined TRACON& Tower with Radar,217,24,23,3,267,0,0,7,1,8,217,24,30,4,275,0,0,0,275
01/11/2010,RSW,FL,ASO,ES,Combined TRACON& Tower with Radar,202,23,17,7,249,0,2,8,0,10,202,25,25,7,259,0,0,0,259
01/12/2010,RSW,FL,ASO,ES,Combined TRACON& Tower with Radar,191,22,16,0,229,0,0,9,0,9,191,22,25,0,238,0,0,0,238
01/13/2010,RSW,FL,ASO,ES,Combined TRACON& Tower with Radar,193,23,17,0,233,0,0,10,0,10,193,23,27,0,243,0,0,0,243
01/14/2010,RSW,FL,ASO,ES,Combined TRACON& Tower with Radar,212,26,24,0,262,0,0,7,0,7,212,26,31,0,269,0,0,0,269
01/15/2010,RSW,FL,ASO,ES,Combined TRACON& Tower with Radar,212,24,25,3,264,0,4,17,4,25,212,28,42,7,289,0,0,0,289
01/16/2010,RSW,FL,ASO,ES,Combined TRACON& Tower with Radar,237,22,8,1,268,3,5,5,0,13,240,27,13,1,281,0,0,0,281
01/17/2010,RSW,FL,ASO,ES,Combined TRACON& Tower with Radar,223,24,17,3,267,1,0,1,13,15,224,24,18,16,282,0,0,0,282
01/18/2010,RSW,FL,ASO,ES,Combined TRACON& Tower with Radar,205,33,16,0,254,0,3,10,0,13,205,36,26,0,267,0,0,0,267
01/19/2010,RSW,FL,ASO,ES,Combined TRACON& Tower with Radar,190,27,21,0,238,0,0,3,0,3,190,27,24,0,241,0,0,0,241
01/20/2010,RSW,FL,ASO,ES,Combined TRACON& Tower with Radar,187,19,34,2,242,0,1,5,2,8,187,20,39,4,250,0,0,0,250
01/21/2010,RSW,FL,ASO,ES,Combined TRACON& Tower with Radar,209,28,9,0,246,0,3,4,0,7,209,31,13,0,253,0,0,0,253
01/22/2010,RSW,FL,ASO,ES,Combined TRACON& Tower with Radar,216,28,30,0,274,0,0,1,0,1,216,28,31,0,275,0,0,0,275
01/23/2010,RSW,FL,ASO,ES,Combined TRACON& Tower with Radar,233,34,18,0,285,0,1,5,0,6,233,35,23,0,291,0,0,0,291
01/24/2010,RSW,FL,ASO,ES,Combined TRACON& Tower with Radar,211,28,24,0,263,0,0,0,0,0,211,28,24,0,263,0,0,0,263
01/25/2010,RSW,FL,ASO,ES,Combined TRACON& Tower with Radar,200,21,7,2,230,4,1,5,0,10,204,22,12,2,240,0,0,0,240
01/26/2010,RSW,FL,ASO,ES,Combined TRACON& Tower with Radar,194,21,26,0,241,3,0,0,0,3,197,21,26,0,244,0,0,0,244
01/27/2010,RSW,FL,ASO,ES,Combined TRACON& Tower with Radar,192,32,24,20,268,0,0,7,0,7,192,32,31,20,275,0,6,6,281
01/28/2010,RSW,FL,ASO,ES,Combined TRACON& Tower with Radar,205,30,35,1,271,0,0,7,0,7,205,30,42,1,278,0,0,0,278
01/29/2010,RSW,FL,ASO,ES,Combined TRACON& Tower with Radar,205,29,18,3,255,0,0,7,2,9,205,29,25,5,264,0,0,0,264
01/30/2010,RSW,FL,ASO,ES,Combined TRACON& Tower with Radar,225,28,18,0,271,1,8,6,0,15,226,36,24,0,286,0,0,0,286
01/31/2010,RSW,FL,ASO,ES,Combined TRACON& Tower with Radar,221,21,31,0,273,0,0,1,0,1,221,21,32,0,274,0,0,0,274
02/01/2010,RSW,FL,ASO,ES,Combined TRACON& Tower with Radar,204,31,23,4,262,0,0,0,0,0,204,31,23,4,262,0,0,0,262
02/02/2010,RSW,FL,ASO,ES,Combined TRACON& Tower with Radar,192,16,21,0,229,0,0,3,0,3,192,16,24,0,232,0,0,0,232
02/03/2010,RSW,FL,ASO,ES,Combined TRACON& Tower with Radar,189,23,35,2,249,0,0,8,1,9,189,23,43,3,258,0,0,0,258
02/04/2010,RSW,FL,ASO,ES,Combined TRACON& Tower with Radar,209,34,27,0,270,0,0,7,0,7,209,34,34,0,277,0,0,0,277
02/05/2010,RSW,FL,ASO,ES,Combined TRACON& Tower with Radar,211,36,26,0,273,0,0,8,0,8,211,36,34,0,281,0,0,0,281
02/06/2010,RSW,FL,ASO,ES,Combined TRACON& Tower with Radar,204,31,25,0,260,0,0,6,0,6,204,31,31,0,266,0,0,0,266
02/07/2010,RSW,FL,ASO,ES,Combined TRACON& Tower with Radar,208,34,17,0,259,0,0,7,0,7,208,34,24,0,266,0,0,0,266
02/08/2010,RSW,FL,ASO,ES,Combined TRACON& Tower with Radar,198,24,41,2,265,0,0,6,0,6,198,24,47,2,271,0,0,0,271
02/09/2010,RSW,FL,ASO,ES,Combined TRACON& Tower with Radar,181,24,38,0,243,0,0,4,0,4,181,24,42,0,247,0,0,0,247
02/10/2010,RSW,FL,ASO,ES,Combined TRACON& Tower with Radar,155,17,37,2,211,0,1,6,1,8,155,18,43,3,219,0,0,0,219
02/11/2010,RSW,FL,ASO,ES,Combined TRACON& Tower with Radar,210,32,16,0,258,0,0,9,0,9,210,32,25,0,267,0,0,0,267
02/12/2010,RSW,FL,ASO,ES,Combined TRACON& Tower with Radar,234,40,41,0,315,0,0,4,0,4,234,40,45,0,319,0,0,0,319
02/13/2010,RSW,FL,ASO,ES,Combined TRACON& Tower with Radar,247,40,17,0,304,0,1,5,0,6,247,41,22,0,310,0,0,0,310
02/14/2010,RSW,FL,ASO,ES,Combined TRACON& Tower with Radar,249,33,26,0,308,0,2,7,0,9,249,35,33,0,317,0,0,0,317
02/15/2010,RSW,FL,ASO,ES,Combined TRACON& Tower with Radar,232,38,34,0,304,0,0,8,0,8,232,38,42,0,312,0,0,0,312
02/16/2010,RSW,FL,ASO,ES,Combined TRACON& Tower with Radar,233,23,40,0,296,0,0,13,0,13,233,23,53,0,309,0,0,0,309
02/17/2010,RSW,FL,ASO,ES,Combined TRACON& Tower with Radar,231,31,30,2,294,0,0,1,0,1,231,31,31,2,295,0,0,0,295
02/18/2010,RSW,FL,ASO,ES,Combined TRACON& Tower with Radar,238,29,33,10,310,0,1,6,2,9,238,30,39,12,319,0,0,0,319
02/19/2010,RSW,FL,ASO,ES,Combined TRACON& Tower with Radar,238,31,33,0,302,0,1,13,0,14,238,32,46,0,316,0,0,0,316
02/20/2010,RSW,FL,ASO,ES,Combined TRACON& Tower with Radar,260,26,14,0,300,0,5,12,0,17,260,31,26,0,317,0,0,0,317
02/21/2010,RSW,FL,ASO,ES,Combined TRACON& Tower with Radar,252,36,38,0,326,0,3,7,0,10,252,39,45,0,336,0,0,0,336
02/22/2010,RSW,FL,ASO,ES,Combined TRACON& Tower with Radar,225,30,19,8,282,0,0,0,0,0,225,30,19,8,282,0,0,0,282
02/23/2010,RSW,FL,ASO,ES,Combined TRACON& Tower with Radar,236,23,36,0,295,0,0,8,0,8,236,23,44,0,303,0,0,0,303
02/24/2010,RSW,FL,ASO,ES,Combined TRACON& Tower with Radar,233,30,35,6,304,3,0,0,0,3,236,30,35,6,307,0,0,0,307
02/25/2010,RSW,FL,ASO,ES,Combined TRACON& Tower with Radar,220,25,37,1,283,0,0,6,0,6,220,25,43,1,289,0,0,0,289
02/26/2010,RSW,FL,ASO,ES,Combined TRACON& Tower with Radar,218,28,32,7,285,0,0,4,0,4,218,28,36,7,289,0,0,0,289
02/27/2010,RSW,FL,ASO,ES,Combined TRACON& Tower with Radar,252,26,24,0,302,0,0,18,0,18,252,26,42,0,320,0,0,0,320
02/28/2010,RSW,FL,ASO,ES,Combined TRACON& Tower with Radar,246,32,28,2,308,0,2,12,0,14,246,34,40,2,322,0,0,0,322
03/01/2010,RSW,FL,ASO,ES,Combined TRACON& Tower with Radar,231,24,22,0,277,0,2,5,0,7,231,26,27,0,284,0,0,0,284
03/02/2010,RSW,FL,ASO,ES,Combined TRACON& Tower with Radar,228,25,22,0,275,0,0,0,0,0,228,25,22,0,275,0,0,0,275
03/03/2010,RSW,FL,ASO,ES,Combined TRACON& Tower with Radar,232,37,17,0,286,0,0,3,0,3,232,37,20,0,289,0,0,0,289
03/04/2010,RSW,FL,ASO,ES,Combined TRACON& Tower with Radar,244,32,25,0,301,0,0,9,0,9,244,32,34,0,310,0,0,0,310
03/05/2010,RSW,FL,ASO,ES,Combined TRACON& Tower with Radar,242,25,25,0,292,0,1,8,0,9,242,26,33,0,301,0,0,0,301
03/06/2010,RSW,FL,ASO,ES,Combined TRACON& Tower with Radar,255,25,16,2,298,0,0,13,0,13,255,25,29,2,311,0,0,0,311
03/07/2010,RSW,FL,ASO,ES,Combined TRACON& Tower with Radar,262,46,18,0,326,0,3,19,0,22,262,49,37,0,348,0,0,0,348
03/08/2010,RSW,FL,ASO,ES,Combined TRACON& Tower with Radar,242,29,3,0,274,0,0,1,0,1,242,29,4,0,275,0,0,0,275
03/09/2010,RSW,FL,ASO,ES,Combined TRACON& Tower with Radar,243,25,27,0,295,7,0,14,0,21,250,25,41,0,316,0,0,0,316
03/10/2010,RSW,FL,ASO,ES,Combined TRACON& Tower with Radar,237,25,23,8,293,2,0,6,0,8,239,25,29,8,301,0,30,30,331
03/11/2010,RSW,FL,ASO,ES,Combined TRACON& Tower with Radar,252,36,30,5,323,0,0,1,1,2,252,36,31,6,325,0,0,0,325
03/12/2010,RSW,FL,ASO,ES,Combined TRACON& Tower with Radar,266,40,31,0,337,0,0,0,0,0,266,40,31,0,337,0,0,0,337
03/13/2010,RSW,FL,ASO,ES,Combined TRACON& Tower with Radar,252,30,17,0,299,0,3,10,0,13,252,33,27,0,312,0,0,0,312
03/14/2010,RSW,FL,ASO,ES,Combined TRACON& Tower with Radar,249,33,29,0,311,0,12,13,0,25,249,45,42,0,336,0,0,0,336
03/15/2010,RSW,FL,ASO,ES,Combined TRACON& Tower with Radar,239,43,24,8,314,0,1,4,0,5,239,44,28,8,319,0,0,0,319
03/16/2010,RSW,FL,ASO,ES,Combined TRACON& Tower with Radar,252,33,32,2,319,0,0,10,0,10,252,33,42,2,329,0,0,0,329
03/17/2010,RSW,FL,ASO,ES,Combined TRACON& Tower with Radar,246,22,26,10,304,0,0,2,0,2,246,22,28,10,306,8,16,24,330
03/18/2010,RSW,FL,ASO,ES,Combined TRACON& Tower with Radar,256,29,29,0,314,0,1,4,0,5,256,30,33,0,319,0,0,0,319
03/19/2010,RSW,FL,ASO,ES,Combined TRACON& Tower with Radar,256,32,33,0,321,0,6,5,0,11,256,38,38,0,332,0,0,0,332
03/20/2010,RSW,FL,ASO,ES,Combined TRACON& Tower with Radar,275,39,25,2,341,0,7,5,0,12,275,46,30,2,353,0,0,0,353
03/21/2010,RSW,FL,ASO,ES,Combined TRACON& Tower with Radar,263,44,32,0,339,0,0,1,0,1,263,44,33,0,340,0,0,0,340
03/22/2010,RSW,FL,ASO,ES,Combined TRACON& Tower with Radar,234,26,24,1,285,0,0,2,0,2,234,26,26,1,287,0,0,0,287
03/23/2010,RSW,FL,ASO,ES,Combined TRACON& Tower with Radar,249,25,21,0,295,0,0,7,0,7,249,25,28,0,302,0,0,0,302
03/24/2010,RSW,FL,ASO,ES,Combined TRACON& Tower with Radar,240,24,26,0,290,0,2,9,0,11,240,26,35,0,301,0,0,0,301
03/25/2010,RSW,FL,ASO,ES,Combined TRACON& Tower with Radar,254,31,21,4,310,0,2,6,0,8,254,33,27,4,318,0,0,0,318
03/26/2010,RSW,FL,ASO,ES,Combined TRACON& Tower with Radar,255,35,30,0,320,0,0,1,0,1,255,35,31,0,321,0,0,0,321
03/27/2010,RSW,FL,ASO,ES,Combined TRACON& Tower with Radar,278,34,29,0,341,0,3,13,0,16,278,37,42,0,357,0,0,0,357
03/28/2010,RSW,FL,ASO,ES,Combined TRACON& Tower with Radar,259,40,20,0,319,0,0,0,0,0,259,40,20,0,319,0,0,0,319
03/29/2010,RSW,FL,ASO,ES,Combined TRACON& Tower with Radar,242,36,22,0,300,0,0,0,0,0,242,36,22,0,300,0,0,0,300
03/30/2010,RSW,FL,ASO,ES,Combined TRACON& Tower with Radar,244,26,25,1,296,0,0,4,0,4,244,26,29,1,300,0,0,0,300
03/31/2010,RSW,FL,ASO,ES,Combined TRACON& Tower with Radar,243,24,43,0,310,0,1,6,0,7,243,25,49,0,317,0,0,0,317
04/01/2010,RSW,FL,ASO,ES,Combined TRACON& Tower with Radar,261,41,38,4,344,0,5,2,0,7,261,46,40,4,351,0,0,0,351
04/02/2010,RSW,FL,ASO,ES,Combined TRACON& Tower with Radar,257,36,53,1,347,0,4,4,0,8,257,40,57,1,355,0,0,0,355
04/03/2010,RSW,FL,ASO,ES,Combined TRACON& Tower with Radar,272,30,32,0,334,0,4,15,0,19,272,34,47,0,353,0,0,0,353
04/04/2010,RSW,FL,ASO,ES,Combined TRACON& Tower with Radar,267,31,15,0,313,0,7,5,0,12,267,38,20,0,325,0,0,0,325
04/05/2010,RSW,FL,ASO,ES,Combined TRACON& Tower with Radar,248,31,35,1,315,0,2,7,0,9,248,33,42,1,324,0,0,0,324
04/06/2010,RSW,FL,ASO,ES,Combined TRACON& Tower with Radar,219,26,21,8,274,0,0,3,0,3,219,26,24,8,277,0,0,0,277
04/07/2010,RSW,FL,ASO,ES,Combined TRACON& Tower with Radar,214,35,23,0,272,0,0,10,0,10,214,35,33,0,282,0,0,0,282
04/08/2010,RSW,FL,ASO,ES,Combined TRACON& Tower with Radar,219,35,24,4,282,0,0,7,0,7,219,35,31,4,289,0,0,0,289
04/09/2010,RSW,FL,ASO,ES,Combined TRACON& Tower with Radar,222,37,25,3,287,0,0,8,3,11,222,37,33,6,298,0,0,0,298
04/10/2010,RSW,FL,ASO,ES,Combined TRACON& Tower with Radar,242,30,38,0,310,0,5,8,0,13,242,35,46,0,323,0,0,0,323
04/11/2010,RSW,FL,ASO,ES,Combined TRACON& Tower with Radar,237,41,26,2,306,0,0,0,0,0,237,41,26,2,306,0,0,0,306
04/12/2010,RSW,FL,ASO,ES,Combined TRACON& Tower with Radar,215,22,13,0,250,0,0,8,5,13,215,22,21,5,263,0,0,0,263
04/13/2010,RSW,FL,ASO,ES,Combined TRACON& Tower with Radar,215,20,31,0,266,0,0,12,0,12,215,20,43,0,278,0,0,0,278
04/14/2010,RSW,FL,ASO,ES,Combined TRACON& Tower with Radar,213,32,20,6,271,0,0,8,0,8,213,32,28,6,279,0,0,0,279
04/15/2010,RSW,FL,ASO,ES,Combined TRACON& Tower with Radar,217,25,19,0,261,0,3,2,0,5,217,28,21,0,266,0,0,0,266
04/16/2010,RSW,FL,ASO,ES,Combined TRACON& Tower with Radar,216,23,28,1,268,0,5,4,1,10,216,28,32,2,278,0,0,0,278
04/17/2010,RSW,FL,ASO,ES,Combined TRACON& Tower with Radar,222,30,8,0,260,0,0,2,0,2,222,30,10,0,262,0,0,0,262
04/18/2010,RSW,FL,ASO,ES,Combined TRACON& Tower with Radar,238,42,18,0,298,0,0,1,0,1,238,42,19,0,299,0,0,0,299
04/19/2010,RSW,FL,ASO,ES,Combined TRACON& Tower with Radar,206,25,27,0,258,0,1,7,0,8,206,26,34,0,266,0,0,0,266
04/20/2010,RSW,FL,ASO,ES,Combined TRACON& Tower with Radar,207,31,22,0,260,0,0,10,0,10,207,31,32,0,270,0,0,0,270
04/21/2010,RSW,FL,ASO,ES,Combined TRACON& Tower with Radar,200,37,24,0,261,0,2,8,0,10,200,39,32,0,271,0,0,0,271
04/22/2010,RSW,FL,ASO,ES,Combined TRACON& Tower with Radar,210,24,24,4,262,0,3,6,0,9,210,27,30,4,271,0,0,0,271
04/23/2010,RSW,FL,ASO,ES,Combined TRACON& Tower with Radar,211,27,31,0,269,0,9,14,0,23,211,36,45,0,292,0,0,0,292
04/24/2010,RSW,FL,ASO,ES,Combined TRACON& Tower with Radar,210,24,14,0,248,0,2,7,0,9,210,26,21,0,257,0,0,0,257
04/25/2010,RSW,FL,ASO,ES,Combined TRACON& Tower with Radar,225,34,26,0,285,0,4,2,0,6,225,38,28,0,291,0,0,0,291
04/26/2010,RSW,FL,ASO,ES,Combined TRACON& Tower with Radar,223,28,22,0,273,0,0,1,0,1,223,28,23,0,274,0,0,0,274
04/27/2010,RSW,FL,ASO,ES,Combined TRACON& Tower with Radar,207,28,28,0,263,0,0,5,0,5,207,28,33,0,268,0,0,0,268
04/28/2010,RSW,FL,ASO,ES,Combined TRACON& Tower with Radar,201,27,23,0,251,0,0,10,0,10,201,27,33,0,261,2,0,2,263
04/29/2010,RSW,FL,ASO,ES,Combined TRACON& Tower with Radar,208,29,14,0,251,0,4,7,0,11,208,33,21,0,262,0,0,0,262
04/30/2010,RSW,FL,ASO,ES,Combined TRACON& Tower with Radar,199,32,23,4,258,0,2,4,1,7,199,34,27,5,265,0,0,0,265
05/01/2010,RSW,FL,ASO,ES,Combined TRACON& Tower with Radar,189,27,22,1,239,0,2,11,0,13,189,29,33,1,252,0,0,0,252
05/02/2010,RSW,FL,ASO,ES,Combined TRACON& Tower with Radar,173,36,19,0,228,0,5,7,0,12,173,41,26,0,240,0,0,0,240
05/03/2010,RSW,FL,ASO,ES,Combined TRACON& Tower with Radar,169,26,18,0,213,0,1,3,0,4,169,27,21,0,217,0,0,0,217
05/04/2010,RSW,FL,ASO,ES,Combined TRACON& Tower with Radar,154,21,17,3,195,0,0,2,7,9,154,21,19,10,204,2,0,2,206
05/05/2010,RSW,FL,ASO,ES,Combined TRACON& Tower with Radar,147,27,10,0,184,0,0,13,0,13,147,27,23,0,197,0,0,0,197
05/06/2010,RSW,FL,ASO,ES,Combined TRACON& Tower with Radar,171,28,27,0,226,0,3,3,0,6,171,31,30,0,232,0,0,0,232
05/07/2010,RSW,FL,ASO,ES,Combined TRACON& Tower with Radar,160,25,21,0,206,0,3,5,0,8,160,28,26,0,214,0,0,0,214
05/08/2010,RSW,FL,ASO,ES,Combined TRACON& Tower with Radar,178,14,20,7,219,0,9,14,0,23,178,23,34,7,242,0,0,0,242
05/09/2010,RSW,FL,ASO,ES,Combined TRACON& Tower with Radar,161,29,14,1,205,0,8,7,0,15,161,37,21,1,220,0,0,0,220
05/10/2010,RSW,FL,ASO,ES,Combined TRACON& Tower with Radar,158,22,13,0,193,0,2,3,0,5,158,24,16,0,198,0,0,0,198
05/11/2010,RSW,FL,ASO,ES,Combined TRACON& Tower with Radar,150,28,29,0,207,0,5,6,0,11,150,33,35,0,218,0,0,0,218
05/12/2010,RSW,FL,ASO,ES,Combined TRACON& Tower with Radar,148,28,18,2,196,2,0,7,0,9,150,28,25,2,205,0,0,0,205
05/13/2010,RSW,FL,ASO,ES,Combined TRACON& Tower with Radar,156,26,28,0,210,0,3,8,0,11,156,29,36,0,221,0,0,0,221
05/14/2010,RSW,FL,ASO,ES,Combined TRACON& Tower with Radar,150,20,29,6,205,0,2,8,0,10,150,22,37,6,215,0,0,0,215
05/15/2010,RSW,FL,ASO,ES,Combined TRACON& Tower with Radar,163,25,19,0,207,0,0,4,0,4,163,25,23,0,211,0,0,0,211
05/16/2010,RSW,FL,ASO,ES,Combined TRACON& Tower with Radar,154,28,17,0,199,0,0,8,0,8,154,28,25,0,207,0,0,0,207
05/17/2010,RSW,FL,ASO,ES,Combined TRACON& Tower with Radar,172,25,12,3,212,0,0,1,0,1,172,25,13,3,213,0,0,0,213
05/18/2010,RSW,FL,ASO,ES,Combined TRACON& Tower with Radar,153,23,18,3,197,0,0,4,1,5,153,23,22,4,202,0,0,0,202
05/19/2010,RSW,FL,ASO,ES,Combined TRACON& Tower with Radar,143,20,16,6,185,0,0,6,0,6,143,20,22,6,191,0,0,0,191
05/20/2010,RSW,FL,ASO,ES,Combined TRACON& Tower with Radar,157,21,30,2,210,0,5,5,2,12,157,26,35,4,222,0,0,0,222
05/21/2010,RSW,FL,ASO,ES,Combined TRACON& Tower with Radar,149,23,24,2,198,0,3,5,0,8,149,26,29,2,206,0,0,0,206
05/22/2010,RSW,FL,ASO,ES,Combined TRACON& Tower with Radar,162,20,18,0,200,0,3,6,0,9,162,23,24,0,209,0,0,0,209
05/23/2010,RSW,FL,ASO,ES,Combined TRACON& Tower with Radar,155,20,14,2,191,0,2,10,0,12,155,22,24,2,203,0,0,0,203
05/24/2010,RSW,FL,ASO,ES,Combined TRACON& Tower with Radar,150,18,12,2,182,0,0,7,0,7,150,18,19,2,189,0,0,0,189
05/25/2010,RSW,FL,ASO,ES,Combined TRACON& Tower with Radar,149,17,13,0,179,0,0,8,0,8,149,17,21,0,187,0,0,0,187
05/26/2010,RSW,FL,ASO,ES,Combined TRACON& Tower with Radar,142,19,16,0,177,0,4,5,0,9,142,23,21,0,186,0,0,0,186
05/27/2010,RSW,FL,ASO,ES,Combined TRACON& Tower with Radar,157,21,10,0,188,0,4,12,0,16,157,25,22,0,204,0,0,0,204
05/28/2010,RSW,FL,ASO,ES,Combined TRACON& Tower with Radar,162,17,7,0,186,0,3,5,3,11,162,20,12,3,197,0,0,0,197
05/29/2010,RSW,FL,ASO,ES,Combined TRACON& Tower with Radar,164,18,19,0,201,0,3,14,0,17,164,21,33,0,218,0,0,0,218
05/30/2010,RSW,FL,ASO,ES,Combined TRACON& Tower with Radar,157,18,18,0,193,0,3,1,0,4,157,21,19,0,197,0,0,0,197
05/31/2010,RSW,FL,ASO,ES,Combined TRACON& Tower with Radar,151,20,17,1,189,0,0,7,1,8,151,20,24,2,197,0,0,0,197
06/01/2010,RSW,FL,ASO,ES,Combined TRACON& Tower with Radar,149,25,20,0,194,0,0,13,0,13,149,25,33,0,207,0,0,0,207
06/02/2010,RSW,FL,ASO,ES,Combined TRACON& Tower with Radar,141,19,12,0,172,0,4,5,0,9,141,23,17,0,181,0,0,0,181
06/03/2010,RSW,FL,ASO,ES,Combined TRACON& Tower with Radar,182,18,15,0,215,0,4,4,0,8,182,22,19,0,223,0,0,0,223
06/04/2010,RSW,FL,ASO,ES,Combined TRACON& Tower with Radar,159,16,18,2,195,0,3,4,0,7,159,19,22,2,202,0,0,0,202
06/05/2010,RSW,FL,ASO,ES,Combined TRACON& Tower with Radar,158,19,6,0,183,0,4,4,0,8,158,23,10,0,191,0,0,0,191
06/06/2010,RSW,FL,ASO,ES,Combined TRACON& Tower with Radar,157,22,7,0,186,0,4,5,0,9,157,26,12,0,195,0,0,0,195
06/07/2010,RSW,FL,ASO,ES,Combined TRACON& Tower with Radar,153,22,13,6,194,0,0,6,0,6,153,22,19,6,200,0,0,0,200
06/08/2010,RSW,FL,ASO,ES,Combined TRACON& Tower with Radar,148,18,20,0,186,0,0,11,0,11,148,18,31,0,197,0,0,0,197
06/09/2010,RSW,FL,ASO,ES,Combined TRACON& Tower with Radar,144,26,22,2,194,0,4,13,0,17,144,30,35,2,211,0,0,0,211
06/10/2010,RSW,FL,ASO,ES,Combined TRACON& Tower with Radar,148,24,16,0,188,0,0,3,0,3,148,24,19,0,191,0,0,0,191
06/11/2010,RSW,FL,ASO,ES,Combined TRACON& Tower with Radar,143,16,20,0,179,0,0,3,0,3,143,16,23,0,182,0,0,0,182
06/12/2010,RSW,FL,ASO,ES,Combined TRACON& Tower with Radar,138,19,10,4,171,0,0,4,0,4,138,19,14,4,175,0,0,0,175
06/13/2010,RSW,FL,ASO,ES,Combined TRACON& Tower with Radar,136,18,13,4,171,0,0,1,0,1,136,18,14,4,172,0,0,0,172
06/14/2010,RSW,FL,ASO,ES,Combined TRACON& Tower with Radar,130,19,19,0,168,0,0,5,0,5,130,19,24,0,173,0,0,0,173
06/15/2010,RSW,FL,ASO,ES,Combined TRACON& Tower with Radar,130,13,10,0,153,0,0,0,0,0,130,13,10,0,153,0,0,0,153
06/16/2010,RSW,FL,ASO,ES,Combined TRACON& Tower with Radar,124,18,21,8,171,0,0,4,0,4,124,18,25,8,175,0,8,8,183
06/17/2010,RSW,FL,ASO,ES,Combined TRACON& Tower with Radar,138,17,13,2,170,1,2,4,0,7,139,19,17,2,177,0,0,0,177
06/18/2010,RSW,FL,ASO,ES,Combined TRACON& Tower with Radar,134,19,6,0,159,0,2,0,0,2,134,21,6,0,161,0,0,0,161
06/19/2010,RSW,FL,ASO,ES,Combined TRACON& Tower with Radar,150,17,11,0,178,0,1,2,0,3,150,18,13,0,181,0,0,0,181
06/20/2010,RSW,FL,ASO,ES,Combined TRACON& Tower with Radar,149,19,11,0,179,0,3,0,0,3,149,22,11,0,182,0,0,0,182
06/21/2010,RSW,FL,ASO,ES,Combined TRACON& Tower with Radar,141,26,15,0,182,0,0,3,0,3,141,26,18,0,185,0,0,0,185
06/22/2010,RSW,FL,ASO,ES,Combined TRACON& Tower with Radar,142,19,16,0,177,0,0,6,0,6,142,19,22,0,183,0,0,0,183
06/23/2010,RSW,FL,ASO,ES,Combined TRACON& Tower with Radar,138,18,16,5,177,0,7,6,4,17,138,25,22,9,194,0,0,0,194
06/24/2010,RSW,FL,ASO,ES,Combined TRACON& Tower with Radar,144,19,7,0,170,0,5,1,0,6,144,24,8,0,176,0,0,0,176
06/25/2010,RSW,FL,ASO,ES,Combined TRACON& Tower with Radar,140,23,11,2,176,0,2,3,0,5,140,25,14,2,181,0,0,0,181
06/26/2010,RSW,FL,ASO,ES,Combined TRACON& Tower with Radar,151,19,12,0,182,0,0,4,0,4,151,19,16,0,186,0,0,0,186
06/27/2010,RSW,FL,ASO,ES,Combined TRACON& Tower with Radar,143,20,4,0,167,0,1,3,0,4,143,21,7,0,171,0,0,0,171
06/28/2010,RSW,FL,ASO,ES,Combined TRACON& Tower with Radar,134,20,12,0,166,0,1,0,0,1,134,21,12,0,167,0,0,0,167
06/29/2010,RSW,FL,ASO,ES,Combined TRACON& Tower with Radar,142,12,19,3,176,0,0,2,8,10,142,12,21,11,186,0,0,0,186
06/30/2010,RSW,FL,ASO,ES,Combined TRACON& Tower with Radar,137,14,12,2,165,0,0,1,0,1,137,14,13,2,166,0,0,0,166
07/01/2010,RSW,FL,ASO,ES,Combined TRACON& Tower with Radar,142,21,15,0,178,0,1,1,0,2,142,22,16,0,180,0,0,0,180
07/02/2010,RSW,FL,ASO,ES,Combined TRACON& Tower with Radar,143,23,25,2,193,0,0,1,0,1,143,23,26,2,194,0,0,0,194
07/03/2010,RSW,FL,ASO,ES,Combined TRACON& Tower with Radar,146,23,8,0,177,0,0,5,0,5,146,23,13,0,182,0,0,0,182
07/04/2010,RSW,FL,ASO,ES,Combined TRACON& Tower with Radar,137,10,1,5,153,0,0,0,0,0,137,10,1,5,153,0,0,0,153
07/05/2010,RSW,FL,ASO,ES,Combined TRACON& Tower with Radar,136,15,13,0,164,0,0,0,0,0,136,15,13,0,164,0,0,0,164
07/06/2010,RSW,FL,ASO,ES,Combined TRACON& Tower with Radar,145,21,7,2,175,0,0,2,1,3,145,21,9,3,178,0,0,0,178
07/07/2010,RSW,FL,ASO,ES,Combined TRACON& Tower with Radar,140,18,20,8,186,0,1,2,0,3,140,19,22,8,189,0,0,0,189
07/08/2010,RSW,FL,ASO,ES,Combined TRACON& Tower with Radar,145,21,7,3,176,0,5,4,0,9,145,26,11,3,185,0,0,0,185
07/09/2010,RSW,FL,ASO,ES,Combined TRACON& Tower with Radar,137,16,13,0,166,0,6,2,0,8,137,22,15,0,174,0,0,0,174
07/10/2010,RSW,FL,ASO,ES,Combined TRACON& Tower with Radar,144,15,9,8,176,0,4,23,0,27,144,19,32,8,203,0,0,0,203
07/11/2010,RSW,FL,ASO,ES,Combined TRACON& Tower with Radar,141,16,12,0,169,0,6,4,0,10,141,22,16,0,179,0,0,0,179
07/12/2010,RSW,FL,ASO,ES,Combined TRACON& Tower with Radar,135,12,15,0,162,1,5,20,0,26,136,17,35,0,188,0,0,0,188
07/13/2010,RSW,FL,ASO,ES,Combined TRACON& Tower with Radar,147,13,8,0,168,4,0,4,0,8,151,13,12,0,176,0,0,0,176
07/14/2010,RSW,FL,ASO,ES,Combined TRACON& Tower with Radar,138,25,12,0,175,0,1,2,0,3,138,26,14,0,178,0,0,0,178
07/15/2010,RSW,FL,ASO,ES,Combined TRACON& Tower with Radar,149,19,6,0,174,0,1,23,0,24,149,20,29,0,198,0,0,0,198
07/16/2010,RSW,FL,ASO,ES,Combined TRACON& Tower with Radar,143,15,8,0,166,0,3,1,0,4,143,18,9,0,170,0,0,0,170
07/17/2010,RSW,FL,ASO,ES,Combined TRACON& Tower with Radar,146,21,9,0,176,0,5,5,0,10,146,26,14,0,186,0,0,0,186
07/18/2010,RSW,FL,ASO,ES,Combined TRACON& Tower with Radar,140,18,8,4,170,0,0,5,0,5,140,18,13,4,175,0,0,0,175
07/19/2010,RSW,FL,ASO,ES,Combined TRACON& Tower with Radar,134,15,16,0,165,0,1,3,0,4,134,16,19,0,169,0,0,0,169
07/20/2010,RSW,FL,ASO,ES,Combined TRACON& Tower with Radar,144,10,13,1,168,0,0,9,0,9,144,10,22,1,177,0,0,0,177
07/21/2010,RSW,FL,ASO,ES,Combined TRACON& Tower with Radar,138,12,46,11,207,0,0,8,6,14,138,12,54,17,221,0,0,0,221
07/22/2010,RSW,FL,ASO,ES,Combined TRACON& Tower with Radar,147,21,13,0,181,0,0,2,0,2,147,21,15,0,183,0,0,0,183
07/23/2010,RSW,FL,ASO,ES,Combined TRACON& Tower with Radar,139,6,7,0,152,0,0,2,0,2,139,6,9,0,154,0,0,0,154
07/24/2010,RSW,FL,ASO,ES,Combined TRACON& Tower with Radar,148,18,7,0,173,0,0,2,0,2,148,18,9,0,175,0,0,0,175
07/25/2010,RSW,FL,ASO,ES,Combined TRACON& Tower with Radar,140,14,11,0,165,0,0,4,0,4,140,14,15,0,169,0,0,0,169
07/26/2010,RSW,FL,ASO,ES,Combined TRACON& Tower with Radar,146,17,13,8,184,1,1,5,0,7,147,18,18,8,191,0,0,0,191
07/27/2010,RSW,FL,ASO,ES,Combined TRACON& Tower with Radar,146,11,12,0,169,1,2,7,0,10,147,13,19,0,179,0,0,0,179
07/28/2010,RSW,FL,ASO,ES,Combined TRACON& Tower with Radar,144,10,14,0,168,5,0,4,0,9,149,10,18,0,177,0,0,0,177
07/29/2010,RSW,FL,ASO,ES,Combined TRACON& Tower with Radar,146,23,11,9,189,3,3,1,3,10,149,26,12,12,199,0,0,0,199
07/30/2010,RSW,FL,ASO,ES,Combined TRACON& Tower with Radar,140,21,11,3,175,0,2,0,10,12,140,23,11,13,187,0,18,18,205
07/31/2010,RSW,FL,ASO,ES,Combined TRACON& Tower with Radar,147,19,4,0,170,0,1,2,0,3,147,20,6,0,173,0,0,0,173
08/01/2010,RSW,FL,ASO,ES,Combined TRACON& Tower with Radar,145,23,8,0,176,0,0,1,0,1,145,23,9,0,177,0,0,0,177
08/02/2010,RSW,FL,ASO,ES,Combined TRACON& Tower with Radar,137,20,14,0,171,0,0,0,0,0,137,20,14,0,171,0,0,0,171
08/03/2010,RSW,FL,ASO,ES,Combined TRACON& Tower with Radar,145,12,8,0,165,0,0,14,0,14,145,12,22,0,179,0,0,0,179
08/04/2010,RSW,FL,ASO,ES,Combined TRACON& Tower with Radar,132,16,18,0,166,0,1,7,0,8,132,17,25,0,174,0,0,0,174
08/05/2010,RSW,FL,ASO,ES,Combined TRACON& Tower with Radar,145,20,2,0,167,0,3,3,0,6,145,23,5,0,173,0,0,0,173
08/06/2010,RSW,FL,ASO,ES,Combined TRACON& Tower with Radar,133,24,11,2,170,0,0,6,0,6,133,24,17,2,176,0,0,0,176
08/07/2010,RSW,FL,ASO,ES,Combined TRACON& Tower with Radar,144,26,1,4,175,0,0,8,0,8,144,26,9,4,183,0,0,0,183
08/08/2010,RSW,FL,ASO,ES,Combined TRACON& Tower with Radar,166,21,6,2,195,0,0,0,0,0,166,21,6,2,195,0,0,0,195
08/09/2010,RSW,FL,ASO,ES,Combined TRACON& Tower with Radar,142,18,13,0,173,1,0,2,0,3,143,18,15,0,176,0,0,0,176
08/10/2010,RSW,FL,ASO,ES,Combined TRACON& Tower with Radar,147,21,3,0,171,0,0,0,0,0,147,21,3,0,171,0,0,0,171
08/11/2010,RSW,FL,ASO,ES,Combined TRACON& Tower with Radar,145,23,11,6,185,1,0,2,0,3,146,23,13,6,188,0,0,0,188
08/12/2010,RSW,FL,ASO,ES,Combined TRACON& Tower with Radar,148,18,21,5,192,1,1,7,0,9,149,19,28,5,201,0,0,0,201
08/13/2010,RSW,FL,ASO,ES,Combined TRACON& Tower with Radar,140,21,14,6,181,0,0,5,7,12,140,21,19,13,193,0,0,0,193
08/14/2010,RSW,FL,ASO,ES,Combined TRACON& Tower with Radar,148,22,8,0,178,0,0,2,0,2,148,22,10,0,180,0,0,0,180
08/15/2010,RSW,FL,ASO,ES,Combined TRACON& Tower with Radar,150,18,15,0,183,0,0,1,0,1,150,18,16,0,184,0,0,0,184
08/16/2010,RSW,FL,ASO,ES,Combined TRACON& Tower with Radar,134,18,8,0,160,0,0,4,0,4,134,18,12,0,164,0,0,0,164
08/17/2010,RSW,FL,ASO,ES,Combined TRACON& Tower with Radar,129,16,20,2,167,0,0,8,0,8,129,16,28,2,175,0,0,0,175
08/18/2010,RSW,FL,ASO,ES,Combined TRACON& Tower with Radar,124,12,9,0,145,0,1,5,0,6,124,13,14,0,151,0,0,0,151
08/19/2010,RSW,FL,ASO,ES,Combined TRACON& Tower with Radar,133,20,5,2,160,0,0,1,0,1,133,20,6,2,161,0,0,0,161
08/20/2010,RSW,FL,ASO,ES,Combined TRACON& Tower with Radar,126,21,19,10,176,0,0,9,11,20,126,21,28,21,196,0,0,0,196
08/21/2010,RSW,FL,ASO,ES,Combined TRACON& Tower with Radar,138,20,7,0,165,0,0,8,0,8,138,20,15,0,173,0,0,0,173
08/22/2010,RSW,FL,ASO,ES,Combined TRACON& Tower with Radar,137,22,11,0,170,0,0,2,0,2,137,22,13,0,172,0,0,0,172
08/23/2010,RSW,FL,ASO,ES,Combined TRACON& Tower with Radar,130,25,5,1,161,0,0,1,0,1,130,25,6,1,162,0,0,0,162
08/24/2010,RSW,FL,ASO,ES,Combined TRACON& Tower with Radar,132,13,12,0,157,0,0,6,0,6,132,13,18,0,163,0,0,0,163
08/25/2010,RSW,FL,ASO,ES,Combined TRACON& Tower with Radar,130,18,21,0,169,0,0,6,0,6,130,18,27,0,175,0,0,0,175
08/26/2010,RSW,FL,ASO,ES,Combined TRACON& Tower with Radar,99,14,6,2,121,0,0,6,0,6,99,14,12,2,127,0,0,0,127
08/27/2010,RSW,FL,ASO,ES,Combined TRACON& Tower with Radar,128,20,5,0,153,0,1,6,0,7,128,21,11,0,160,0,0,0,160
08/28/2010,RSW,FL,ASO,ES,Combined TRACON& Tower with Radar,142,18,3,0,163,0,2,5,0,7,142,20,8,0,170,0,0,0,170
08/29/2010,RSW,FL,ASO,ES,Combined TRACON& Tower with Radar,125,19,4,0,148,0,0,0,0,0,125,19,4,0,148,0,0,0,148
08/30/2010,RSW,FL,ASO,ES,Combined TRACON& Tower with Radar,126,19,11,2,158,0,0,5,0,5,126,19,16,2,163,0,0,0,163
08/31/2010,RSW,FL,ASO,ES,Combined TRACON& Tower with Radar,128,10,17,0,155,0,0,6,0,6,128,10,23,0,161,0,0,0,161
09/01/2010,RSW,FL,ASO,ES,Combined TRACON& Tower with Radar,127,19,17,8,171,0,0,5,0,5,127,19,22,8,176,0,0,0,176
09/02/2010,RSW,FL,ASO,ES,Combined TRACON& Tower with Radar,129,21,21,0,171,0,0,8,0,8,129,21,29,0,179,0,0,0,179
09/03/2010,RSW,FL,ASO,ES,Combined TRACON& Tower with Radar,132,24,4,6,166,0,0,9,0,9,132,24,13,6,175,0,0,0,175
09/04/2010,RSW,FL,ASO,ES,Combined TRACON& Tower with Radar,121,19,2,0,142,0,0,8,0,8,121,19,10,0,150,10,0,10,160
09/05/2010,RSW,FL,ASO,ES,Combined TRACON& Tower with Radar,106,20,4,0,130,0,0,0,0,0,106,20,4,0,130,0,0,0,130
09/06/2010,RSW,FL,ASO,ES,Combined TRACON& Tower with Radar,123,24,12,6,165,0,0,2,0,2,123,24,14,6,167,0,0,0,167
09/07/2010,RSW,FL,ASO,ES,Combined TRACON& Tower with Radar,131,17,4,0,152,0,2,0,0,2,131,19,4,0,154,0,0,0,154
09/08/2010,RSW,FL,ASO,ES,Combined TRACON& Tower with Radar,126,17,4,0,147,1,0,2,0,3,127,17,6,0,150,0,0,0,150
09/09/2010,RSW,FL,ASO,ES,Combined TRACON& Tower with Radar,140,18,8,0,166,7,0,4,0,11,147,18,12,0,177,0,0,0,177
09/10/2010,RSW,FL,ASO,ES,Combined TRACON& Tower with Radar,131,13,3,4,151,0,0,4,1,5,131,13,7,5,156,0,0,0,156
09/11/2010,RSW,FL,ASO,ES,Combined TRACON& Tower with Radar,127,9,7,0,143,0,0,7,0,7,127,9,14,0,150,0,0,0,150
09/12/2010,RSW,FL,ASO,ES,Combined TRACON& Tower with Radar,128,16,15,2,161,0,0,6,0,6,128,16,21,2,167,0,0,0,167
09/13/2010,RSW,FL,ASO,ES,Combined TRACON& Tower with Radar,128,8,9,1,146,0,0,3,1,4,128,8,12,2,150,0,0,0,150
09/14/2010,RSW,FL,ASO,ES,Combined TRACON& Tower with Radar,127,9,10,2,148,0,0,30,0,30,127,9,40,2,178,0,0,0,178
09/15/2010,RSW,FL,ASO,ES,Combined TRACON& Tower with Radar,112,13,16,0,141,0,0,5,0,5,112,13,21,0,146,0,0,0,146
09/16/2010,RSW,FL,ASO,ES,Combined TRACON& Tower with Radar,137,11,8,0,156,0,0,11,0,11,137,11,19,0,167,0,0,0,167
09/17/2010,RSW,FL,ASO,ES,Combined TRACON& Tower with Radar,136,15,7,0,158,0,0,4,0,4,136,15,11,0,162,0,0,0,162
09/18/2010,RSW,FL,ASO,ES,Combined TRACON& Tower with Radar,128,9,10,0,147,0,0,12,0,12,128,9,22,0,159,0,0,0,159
09/19/2010,RSW,FL,ASO,ES,Combined TRACON& Tower with Radar,131,12,3,2,148,0,2,9,0,11,131,14,12,2,159,0,0,0,159
09/20/2010,RSW,FL,ASO,ES,Combined TRACON& Tower with Radar,134,14,2,2,152,0,0,1,0,1,134,14,3,2,153,0,0,0,153
09/21/2010,RSW,FL,ASO,ES,Combined TRACON& Tower with Radar,113,12,5,6,136,0,0,7,0,7,113,12,12,6,143,0,0,0,143
09/22/2010,RSW,FL,ASO,ES,Combined TRACON& Tower with Radar,108,15,21,0,144,0,0,7,0,7,108,15,28,0,151,0,0,0,151
09/23/2010,RSW,FL,ASO,ES,Combined TRACON& Tower with Radar,135,12,23,0,170,0,0,1,0,1,135,12,24,0,171,0,0,0,171
09/24/2010,RSW,FL,ASO,ES,Combined TRACON& Tower with Radar,132,15,9,0,156,0,2,2,0,4,132,17,11,0,160,0,0,0,160
09/25/2010,RSW,FL,ASO,ES,Combined TRACON& Tower with Radar,128,5,5,0,138,0,5,3,0,8,128,10,8,0,146,0,0,0,146
09/26/2010,RSW,FL,ASO,ES,Combined TRACON& Tower with Radar,128,21,6,0,155,0,2,7,0,9,128,23,13,0,164,0,0,0,164
09/27/2010,RSW,FL,ASO,ES,Combined TRACON& Tower with Radar,126,12,11,2,151,0,1,8,0,9,126,13,19,2,160,0,0,0,160
09/28/2010,RSW,FL,ASO,ES,Combined TRACON& Tower with Radar,116,10,9,0,135,0,0,5,0,5,116,10,14,0,140,0,0,0,140
09/29/2010,RSW,FL,ASO,ES,Combined TRACON& Tower with Radar,108,16,6,0,130,0,2,0,0,2,108,18,6,0,132,0,0,0,132
09/30/2010,RSW,FL,ASO,ES,Combined TRACON& Tower with Radar,135,15,12,0,162,0,3,7,0,10,135,18,19,0,172,0,0,0,172
10/01/2010,RSW,FL,ASO,ES,Combined TRACON& Tower with Radar,140,14,11,0,165,0,5,6,0,11,140,19,17,0,176,0,0,0,176
10/02/2010,RSW,FL,ASO,ES,Combined TRACON& Tower with Radar,139,11,10,0,160,0,4,7,0,11,139,15,17,0,171,0,0,0,171
10/03/2010,RSW,FL,ASO,ES,Combined TRACON& Tower with Radar,153,12,5,0,170,0,6,1,0,7,153,18,6,0,177,0,0,0,177
10/04/2010,RSW,FL,ASO,ES,Combined TRACON& Tower with Radar,146,13,10,0,169,0,0,13,0,13,146,13,23,0,182,0,0,0,182
10/05/2010,RSW,FL,ASO,ES,Combined TRACON& Tower with Radar,127,15,12,0,154,3,2,2,0,7,130,17,14,0,161,0,0,0,161
10/06/2010,RSW,FL,ASO,ES,Combined TRACON& Tower with Radar,128,18,14,0,160,0,7,10,0,17,128,25,24,0,177,0,0,0,177
10/07/2010,RSW,FL,ASO,ES,Combined TRACON& Tower with Radar,155,27,10,4,196,4,2,2,0,8,159,29,12,4,204,0,0,0,204
10/08/2010,RSW,FL,ASO,ES,Combined TRACON& Tower with Radar,150,28,24,2,204,0,0,5,0,5,150,28,29,2,209,0,0,0,209
10/09/2010,RSW,FL,ASO,ES,Combined TRACON& Tower with Radar,143,20,10,0,173,0,0,8,0,8,143,20,18,0,181,0,0,0,181
10/10/2010,RSW,FL,ASO,ES,Combined TRACON& Tower with Radar,152,26,8,0,186,0,0,10,0,10,152,26,18,0,196,0,0,0,196
10/11/2010,RSW,FL,ASO,ES,Combined TRACON& Tower with Radar,148,29,11,0,188,0,3,1,0,4,148,32,12,0,192,0,0,0,192
10/12/2010,RSW,FL,ASO,ES,Combined TRACON& Tower with Radar,137,19,7,0,163,0,0,0,0,0,137,19,7,0,163,0,0,0,163
10/13/2010,RSW,FL,ASO,ES,Combined TRACON& Tower with Radar,138,19,12,9,178,0,5,3,1,9,138,24,15,10,187,0,0,0,187
10/14/2010,RSW,FL,ASO,ES,Combined TRACON& Tower with Radar,150,32,5,2,189,0,2,1,0,3,150,34,6,2,192,0,0,0,192
10/15/2010,RSW,FL,ASO,ES,Combined TRACON& Tower with Radar,151,23,6,3,183,0,0,9,0,9,151,23,15,3,192,0,0,0,192
10/16/2010,RSW,FL,ASO,ES,Combined TRACON& Tower with Radar,144,22,20,0,186,0,0,7,0,7,144,22,27,0,193,0,0,0,193
10/17/2010,RSW,FL,ASO,ES,Combined TRACON& Tower with Radar,152,28,17,0,197,0,0,10,0,10,152,28,27,0,207,0,0,0,207
10/18/2010,RSW,FL,ASO,ES,Combined TRACON& Tower with Radar,147,21,24,12,204,0,2,5,0,7,147,23,29,12,211,0,0,0,211
10/19/2010,RSW,FL,ASO,ES,Combined TRACON& Tower with Radar,141,21,17,1,180,1,3,3,1,8,142,24,20,2,188,0,0,0,188
10/20/2010,RSW,FL,ASO,ES,Combined TRACON& Tower with Radar,140,24,16,0,180,0,3,7,0,10,140,27,23,0,190,0,0,0,190
10/21/2010,RSW,FL,ASO,ES,Combined TRACON& Tower with Radar,153,30,23,13,219,0,3,3,5,11,153,33,26,18,230,0,0,0,230
10/22/2010,RSW,FL,ASO,ES,Combined TRACON& Tower with Radar,149,34,20,0,203,0,1,7,0,8,149,35,27,0,211,0,0,0,211
10/23/2010,RSW,FL,ASO,ES,Combined TRACON& Tower with Radar,140,22,19,5,186,0,0,8,7,15,140,22,27,12,201,0,20,20,221
10/24/2010,RSW,FL,ASO,ES,Combined TRACON& Tower with Radar,156,24,30,0,210,0,0,4,0,4,156,24,34,0,214,0,0,0,214
10/25/2010,RSW,FL,ASO,ES,Combined TRACON& Tower with Radar,145,24,18,0,187,0,0,5,0,5,145,24,23,0,192,0,0,0,192
10/26/2010,RSW,FL,ASO,ES,Combined TRACON& Tower with Radar,144,12,15,2,173,0,3,9,0,12,144,15,24,2,185,0,0,0,185
10/27/2010,RSW,FL,ASO,ES,Combined TRACON& Tower with Radar,135,24,22,0,181,0,4,2,0,6,135,28,24,0,187,0,0,0,187
10/28/2010,RSW,FL,ASO,ES,Combined TRACON& Tower with Radar,152,26,18,5,201,0,1,0,0,1,152,27,18,5,202,0,0,0,202
10/29/2010,RSW,FL,ASO,ES,Combined TRACON& Tower with Radar,151,23,17,0,191,0,0,2,0,2,151,23,19,0,193,0,0,0,193
10/30/2010,RSW,FL,ASO,ES,Combined TRACON& Tower with Radar,144,21,7,0,172,0,1,23,0,24,144,22,30,0,196,12,0,12,208
10/31/2010,RSW,FL,ASO,ES,Combined TRACON& Tower with Radar,164,25,17,4,210,0,0,8,4,12,164,25,25,8,222,0,0,0,222
11/01/2010,RSW,FL,ASO,ES,Combined TRACON& Tower with Radar,168,24,22,0,214,0,2,1,0,3,168,26,23,0,217,0,0,0,217
11/02/2010,RSW,FL,ASO,ES,Combined TRACON& Tower with Radar,160,13,20,0,193,0,3,3,0,6,160,16,23,0,199,0,0,0,199
11/03/2010,RSW,FL,ASO,ES,Combined TRACON& Tower with Radar,153,22,26,0,201,0,1,5,0,6,153,23,31,0,207,0,0,0,207
11/04/2010,RSW,FL,ASO,ES,Combined TRACON& Tower with Radar,179,32,11,0,222,0,0,3,0,3,179,32,14,0,225,0,0,0,225
11/05/2010,RSW,FL,ASO,ES,Combined TRACON& Tower with Radar,180,24,28,13,245,0,2,5,0,7,180,26,33,13,252,0,0,0,252
11/06/2010,RSW,FL,ASO,ES,Combined TRACON& Tower with Radar,183,17,8,0,208,0,2,4,0,6,183,19,12,0,214,0,0,0,214
11/07/2010,RSW,FL,ASO,ES,Combined TRACON& Tower with Radar,187,28,24,6,245,0,0,6,0,6,187,28,30,6,251,0,0,0,251
11/08/2010,RSW,FL,ASO,ES,Combined TRACON& Tower with Radar,177,22,23,0,222,0,5,6,0,11,177,27,29,0,233,0,0,0,233
11/09/2010,RSW,FL,ASO,ES,Combined TRACON& Tower with Radar,166,24,23,4,217,0,4,12,0,16,166,28,35,4,233,0,0,0,233
11/10/2010,RSW,FL,ASO,ES,Combined TRACON& Tower with Radar,141,24,21,0,186,0,4,4,0,8,141,28,25,0,194,0,0,0,194
11/11/2010,RSW,FL,ASO,ES,Combined TRACON& Tower with Radar,147,26,17,5,195,0,1,0,0,1,147,27,17,5,196,0,0,0,196
11/12/2010,RSW,FL,ASO,ES,Combined TRACON& Tower with Radar,188,25,22,0,235,0,0,5,0,5,188,25,27,0,240,1,0,1,241
11/13/2010,RSW,FL,ASO,ES,Combined TRACON& Tower with Radar,192,22,16,0,230,0,2,4,0,6,192,24,20,0,236,0,0,0,236
11/14/2010,RSW,FL,ASO,ES,Combined TRACON& Tower with Radar,191,31,10,0,232,0,1,0,0,1,191,32,10,0,233,0,0,0,233
11/15/2010,RSW,FL,ASO,ES,Combined TRACON& Tower with Radar,181,19,3,0,203,0,6,3,0,9,181,25,6,0,212,0,0,0,212
11/16/2010,RSW,FL,ASO,ES,Combined TRACON& Tower with Radar,169,15,14,0,198,0,3,10,0,13,169,18,24,0,211,0,0,0,211
11/17/2010,RSW,FL,ASO,ES,Combined TRACON& Tower with Radar,164,19,40,7,230,0,5,3,0,8,164,24,43,7,238,0,0,0,238
11/18/2010,RSW,FL,ASO,ES,Combined TRACON& Tower with Radar,205,30,32,8,275,0,0,1,0,1,205,30,33,8,276,0,0,0,276
11/19/2010,RSW,FL,ASO,ES,Combined TRACON& Tower with Radar,199,29,32,5,265,0,1,4,0,5,199,30,36,5,270,0,0,0,270
11/20/2010,RSW,FL,ASO,ES,Combined TRACON& Tower with Radar,212,21,20,2,255,0,0,7,0,7,212,21,27,2,262,0,0,0,262
11/21/2010,RSW,FL,ASO,ES,Combined TRACON& Tower with Radar,212,22,29,0,263,0,0,2,0,2,212,22,31,0,265,0,0,0,265
11/22/2010,RSW,FL,ASO,ES,Combined TRACON& Tower with Radar,205,20,19,0,244,0,5,7,0,12,205,25,26,0,256,0,0,0,256
11/23/2010,RSW,FL,ASO,ES,Combined TRACON& Tower with Radar,208,22,17,4,251,0,3,7,0,10,208,25,24,4,261,0,0,0,261
11/24/2010,RSW,FL,ASO,ES,Combined TRACON& Tower with Radar,219,19,38,2,278,0,3,0,0,3,219,22,38,2,281,0,0,0,281
11/25/2010,RSW,FL,ASO,ES,Combined TRACON& Tower with Radar,155,14,8,0,177,0,1,0,0,1,155,15,8,0,178,0,0,0,178
11/26/2010,RSW,FL,ASO,ES,Combined TRACON& Tower with Radar,196,20,7,4,227,0,0,2,0,2,196,20,9,4,229,0,0,0,229
11/27/2010,RSW,FL,ASO,ES,Combined TRACON& Tower with Radar,220,24,24,0,268,0,0,6,0,6,220,24,30,0,274,0,0,0,274
11/28/2010,RSW,FL,ASO,ES,Combined TRACON& Tower with Radar,220,42,39,0,301,0,0,12,0,12,220,42,51,0,313,0,0,0,313
11/29/2010,RSW,FL,ASO,ES,Combined TRACON& Tower with Radar,196,20,21,4,241,0,8,1,0,9,196,28,22,4,250,0,0,0,250
11/30/2010,RSW,FL,ASO,ES,Combined TRACON& Tower with Radar,201,22,22,0,245,0,3,1,1,5,201,25,23,1,250,0,0,0,250
12/01/2010,RSW,FL,ASO,ES,Combined TRACON& Tower with Radar,167,27,21,0,215,0,2,3,0,5,167,29,24,0,220,0,0,0,220
12/02/2010,RSW,FL,ASO,ES,Combined TRACON& Tower with Radar,202,20,16,3,241,0,1,4,0,5,202,21,20,3,246,0,0,0,246
12/03/2010,RSW,FL,ASO,ES,Combined TRACON& Tower with Radar,191,16,14,4,225,0,0,2,1,3,191,16,16,5,228,0,0,0,228
12/04/2010,RSW,FL,ASO,ES,Combined TRACON& Tower with Radar,201,18,12,1,232,0,0,9,0,9,201,18,21,1,241,0,0,0,241
12/05/2010,RSW,FL,ASO,ES,Combined TRACON& Tower with Radar,0,0,0,0,0,0,0,0,0,0,0,0,0,0,0,0,0,0,0
12/06/2010,RSW,FL,ASO,ES,Combined TRACON& Tower with Radar,165,14,14,0,193,0,4,5,0,9,165,18,19,0,202,0,0,0,202
12/07/2010,RSW,FL,ASO,ES,Combined TRACON& Tower with Radar,158,24,21,9,212,0,9,3,1,13,158,33,24,10,225,0,0,0,225
12/08/2010,RSW,FL,ASO,ES,Combined TRACON& Tower with Radar,164,21,29,6,220,0,4,6,0,10,164,25,35,6,230,0,0,0,230
12/09/2010,RSW,FL,ASO,ES,Combined TRACON& Tower with Radar,196,21,17,14,248,0,0,9,0,9,196,21,26,14,257,0,0,0,257
12/10/2010,RSW,FL,ASO,ES,Combined TRACON& Tower with Radar,193,21,19,9,242,0,0,11,3,14,193,21,30,12,256,0,0,0,256
12/11/2010,RSW,FL,ASO,ES,Combined TRACON& Tower with Radar,195,25,8,0,228,0,0,9,0,9,195,25,17,0,237,0,0,0,237
12/12/2010,RSW,FL,ASO,ES,Combined TRACON& Tower with Radar,162,18,6,0,186,0,14,2,0,16,162,32,8,0,202,0,0,0,202
12/13/2010,RSW,FL,ASO,ES,Combined TRACON& Tower with Radar,183,32,19,0,234,1,1,5,0,7,184,33,24,0,241,0,0,0,241
12/14/2010,RSW,FL,ASO,ES,Combined TRACON& Tower with Radar,160,27,29,0,216,8,6,6,0,20,168,33,35,0,236,0,0,0,236
12/15/2010,RSW,FL,ASO,ES,Combined TRACON& Tower with Radar,169,20,31,2,222,1,3,3,1,8,170,23,34,3,230,0,0,0,230
12/16/2010,RSW,FL,ASO,ES,Combined TRACON& Tower with Radar,215,32,23,4,274,0,1,11,1,13,215,33,34,5,287,0,0,0,287
12/17/2010,RSW,FL,ASO,ES,Combined TRACON& Tower with Radar,204,17,19,2,242,0,6,9,0,15,204,23,28,2,257,0,0,0,257
12/18/2010,RSW,FL,ASO,ES,Combined TRACON& Tower with Radar,242,25,10,0,277,0,2,1,0,3,242,27,11,0,280,0,0,0,280
12/19/2010,RSW,FL,ASO,ES,Combined TRACON& Tower with Radar,241,31,14,0,286,0,0,1,0,1,241,31,15,0,287,0,0,0,287
12/20/2010,RSW,FL,ASO,ES,Combined TRACON& Tower with Radar,231,23,16,0,270,0,0,4,0,4,231,23,20,0,274,0,0,0,274
12/21/2010,RSW,FL,ASO,ES,Combined TRACON& Tower with Radar,245,29,14,0,288,0,0,9,0,9,245,29,23,0,297,0,0,0,297
12/22/2010,RSW,FL,ASO,ES,Combined TRACON& Tower with Radar,244,37,14,0,295,0,0,8,0,8,244,37,22,0,303,0,0,0,303
12/23/2010,RSW,FL,ASO,ES,Combined TRACON& Tower with Radar,249,27,11,0,287,0,4,4,0,8,249,31,15,0,295,0,0,0,295
12/24/2010,RSW,FL,ASO,ES,Combined TRACON& Tower with Radar,223,21,5,0,249,0,4,2,0,6,223,25,7,0,255,0,0,0,255
12/25/2010,RSW,FL,ASO,ES,Combined TRACON& Tower with Radar,234,37,4,0,275,0,4,0,0,4,234,41,4,0,279,0,0,0,279
12/26/2010,RSW,FL,ASO,ES,Combined TRACON& Tower with Radar,219,41,40,0,300,0,0,1,0,1,219,41,41,0,301,0,0,0,301
12/27/2010,RSW,FL,ASO,ES,Combined TRACON& Tower with Radar,194,43,22,0,259,0,0,27,0,27,194,43,49,0,286,0,0,0,286
12/28/2010,RSW,FL,ASO,ES,Combined TRACON& Tower with Radar,233,36,30,2,301,0,0,4,0,4,233,36,34,2,305,0,0,0,305
12/29/2010,RSW,FL,ASO,ES,Combined TRACON& Tower with Radar,230,24,24,4,282,1,0,9,0,10,231,24,33,4,292,0,0,0,292
12/30/2010,RSW,FL,ASO,ES,Combined TRACON& Tower with Radar,254,26,22,10,312,0,0,3,0,3,254,26,25,10,315,0,0,0,315
12/31/2010,RSW,FL,ASO,ES,Combined TRACON& Tower with Radar,240,23,16,0,279,0,0,3,0,3,240,23,19,0,282,0,0,0,282
01/01/2011,RSW,FL,ASO,ES,Combined TRACON& Tower with Radar,247,31,20,0,298,0,0,9,0,9,247,31,29,0,307,0,0,0,307
01/02/2011,RSW,FL,ASO,ES,Combined TRACON& Tower with Radar,244,36,63,0,343,0,2,3,0,5,244,38,66,0,348,0,0,0,348
01/03/2011,RSW,FL,ASO,ES,Combined TRACON& Tower with Radar,236,32,14,0,282,0,0,4,0,4,236,32,18,0,286,0,0,0,286
01/04/2011,RSW,FL,ASO,ES,Combined TRACON& Tower with Radar,207,30,14,0,251,0,0,5,0,5,207,30,19,0,256,0,0,0,256
01/05/2011,RSW,FL,ASO,ES,Combined TRACON& Tower with Radar,197,19,13,6,235,0,0,6,0,6,197,19,19,6,241,0,0,0,241
01/06/2011,RSW,FL,ASO,ES,Combined TRACON& Tower with Radar,230,26,15,0,271,0,0,1,0,1,230,26,16,0,272,0,0,0,272
01/07/2011,RSW,FL,ASO,ES,Combined TRACON& Tower with Radar,229,19,13,0,261,0,4,0,0,4,229,23,13,0,265,0,0,0,265
01/08/2011,RSW,FL,ASO,ES,Combined TRACON& Tower with Radar,237,22,10,0,269,0,6,4,0,10,237,28,14,0,279,0,0,0,279
01/09/2011,RSW,FL,ASO,ES,Combined TRACON& Tower with Radar,222,16,16,0,254,0,3,5,0,8,222,19,21,0,262,0,0,0,262
01/10/2011,RSW,FL,ASO,ES,Combined TRACON& Tower with Radar,187,21,15,0,223,0,0,5,1,6,187,21,20,1,229,0,0,0,229
01/11/2011,RSW,FL,ASO,ES,Combined TRACON& Tower with Radar,159,20,20,2,201,0,0,6,0,6,159,20,26,2,207,0,0,0,207
01/12/2011,RSW,FL,ASO,ES,Combined TRACON& Tower with Radar,156,9,37,10,212,0,1,15,2,18,156,10,52,12,230,12,0,12,242
01/13/2011,RSW,FL,ASO,ES,Combined TRACON& Tower with Radar,222,25,28,0,275,0,4,11,0,15,222,29,39,0,290,0,0,0,290
01/14/2011,RSW,FL,ASO,ES,Combined TRACON& Tower with Radar,231,22,30,0,283,0,4,5,0,9,231,26,35,0,292,0,0,0,292
01/15/2011,RSW,FL,ASO,ES,Combined TRACON& Tower with Radar,245,19,7,0,271,1,3,5,0,9,246,22,12,0,280,0,0,0,280
01/16/2011,RSW,FL,ASO,ES,Combined TRACON& Tower with Radar,226,19,12,2,259,0,4,2,0,6,226,23,14,2,265,0,0,0,265
01/17/2011,RSW,FL,ASO,ES,Combined TRACON& Tower with Radar,228,24,25,0,277,0,1,0,0,1,228,25,25,0,278,0,0,0,278
01/18/2011,RSW,FL,ASO,ES,Combined TRACON& Tower with Radar,186,17,27,2,232,0,0,6,0,6,186,17,33,2,238,0,0,0,238
01/19/2011,RSW,FL,ASO,ES,Combined TRACON& Tower with Radar,187,19,23,0,229,0,0,1,0,1,187,19,24,0,230,0,0,0,230
01/20/2011,RSW,FL,ASO,ES,Combined TRACON& Tower with Radar,224,27,21,2,274,0,6,3,2,11,224,33,24,4,285,0,0,0,285
01/21/2011,RSW,FL,ASO,ES,Combined TRACON& Tower with Radar,230,32,45,0,307,0,1,1,0,2,230,33,46,0,309,0,0,0,309
01/22/2011,RSW,FL,ASO,ES,Combined TRACON& Tower with Radar,248,36,20,2,306,0,2,10,2,14,248,38,30,4,320,8,0,8,328
01/23/2011,RSW,FL,ASO,ES,Combined TRACON& Tower with Radar,233,23,30,0,286,0,3,6,1,10,233,26,36,1,296,0,0,0,296
01/24/2011,RSW,FL,ASO,ES,Combined TRACON& Tower with Radar,223,18,23,0,264,0,0,4,0,4,223,18,27,0,268,0,0,0,268
01/25/2011,RSW,FL,ASO,ES,Combined TRACON& Tower with Radar,187,16,22,8,233,0,0,5,0,5,187,16,27,8,238,0,0,0,238
01/26/2011,RSW,FL,ASO,ES,Combined TRACON& Tower with Radar,177,13,23,0,213,0,0,3,0,3,177,13,26,0,216,0,0,0,216
01/27/2011,RSW,FL,ASO,ES,Combined TRACON& Tower with Radar,208,25,30,0,263,0,2,13,0,15,208,27,43,0,278,0,0,0,278
01/28/2011,RSW,FL,ASO,ES,Combined TRACON& Tower with Radar,225,24,32,0,281,0,4,14,0,18,225,28,46,0,299,0,0,0,299
01/29/2011,RSW,FL,ASO,ES,Combined TRACON& Tower with Radar,240,17,21,0,278,1,8,13,0,22,241,25,34,0,300,0,0,0,300
01/30/2011,RSW,FL,ASO,ES,Combined TRACON& Tower with Radar,235,24,18,0,277,0,7,10,0,17,235,31,28,0,294,0,0,0,294
01/31/2011,RSW,FL,ASO,ES,Combined TRACON& Tower with Radar,220,31,30,0,281,0,2,0,0,2,220,33,30,0,283,0,0,0,283
02/01/2011,RSW,FL,ASO,ES,Combined TRACON& Tower with Radar,134,19,30,2,185,0,0,10,0,10,134,19,40,2,195,0,0,0,195
02/02/2011,RSW,FL,ASO,ES,Combined TRACON& Tower with Radar,136,16,14,0,166,0,0,6,0,6,136,16,20,0,172,0,0,0,172
02/03/2011,RSW,FL,ASO,ES,Combined TRACON& Tower with Radar,229,21,31,0,281,0,6,1,1,8,229,27,32,1,289,0,0,0,289
02/04/2011,RSW,FL,ASO,ES,Combined TRACON& Tower with Radar,226,27,18,4,275,0,5,3,0,8,226,32,21,4,283,0,0,0,283
02/05/2011,RSW,FL,ASO,ES,Combined TRACON& Tower with Radar,248,29,13,0,290,0,1,4,0,5,248,30,17,0,295,0,0,0,295
02/06/2011,RSW,FL,ASO,ES,Combined TRACON& Tower with Radar,235,26,18,0,279,0,2,0,0,2,235,28,18,0,281,0,0,0,281
02/07/2011,RSW,FL,ASO,ES,Combined TRACON& Tower with Radar,227,26,29,2,284,0,0,3,0,3,227,26,32,2,287,0,0,0,287
02/08/2011,RSW,FL,ASO,ES,Combined TRACON& Tower with Radar,199,37,26,0,262,0,0,5,0,5,199,37,31,0,267,0,0,0,267
02/09/2011,RSW,FL,ASO,ES,Combined TRACON& Tower with Radar,194,30,24,4,252,0,0,9,0,9,194,30,33,4,261,0,0,0,261
02/10/2011,RSW,FL,ASO,ES,Combined TRACON& Tower with Radar,240,33,21,0,294,0,0,1,0,1,240,33,22,0,295,0,0,0,295
02/11/2011,RSW,FL,ASO,ES,Combined TRACON& Tower with Radar,234,49,39,2,324,0,0,1,0,1,234,49,40,2,325,0,0,0,325
02/12/2011,RSW,FL,ASO,ES,Combined TRACON& Tower with Radar,247,30,16,0,293,0,3,11,0,14,247,33,27,0,307,0,0,0,307
02/13/2011,RSW,FL,ASO,ES,Combined TRACON& Tower with Radar,246,30,22,0,298,0,4,8,0,12,246,34,30,0,310,0,0,0,310
02/14/2011,RSW,FL,ASO,ES,Combined TRACON& Tower with Radar,236,25,18,2,281,0,0,6,0,6,236,25,24,2,287,0,0,0,287
02/15/2011,RSW,FL,ASO,ES,Combined TRACON& Tower with Radar,215,19,22,0,256,0,0,5,0,5,215,19,27,0,261,0,0,0,261
02/16/2011,RSW,FL,ASO,ES,Combined TRACON& Tower with Radar,211,15,36,0,262,0,1,5,0,6,211,16,41,0,268,0,0,0,268
02/17/2011,RSW,FL,ASO,ES,Combined TRACON& Tower with Radar,276,26,37,6,345,1,2,5,0,8,277,28,42,6,353,0,0,0,353
02/18/2011,RSW,FL,ASO,ES,Combined TRACON& Tower with Radar,267,29,21,0,317,0,4,6,3,13,267,33,27,3,330,0,0,0,330
02/19/2011,RSW,FL,ASO,ES,Combined TRACON& Tower with Radar,271,24,17,0,312,0,0,12,0,12,271,24,29,0,324,0,0,0,324
02/20/2011,RSW,FL,ASO,ES,Combined TRACON& Tower with Radar,275,34,18,0,327,1,5,4,2,12,276,39,22,2,339,0,0,0,339
02/21/2011,RSW,FL,ASO,ES,Combined TRACON& Tower with Radar,254,35,36,0,325,0,0,3,0,3,254,35,39,0,328,0,0,0,328
02/22/2011,RSW,FL,ASO,ES,Combined TRACON& Tower with Radar,272,23,36,6,337,0,0,3,0,3,272,23,39,6,340,0,0,0,340
02/23/2011,RSW,FL,ASO,ES,Combined TRACON& Tower with Radar,263,31,39,2,335,0,0,1,0,1,263,31,40,2,336,0,0,0,336
02/24/2011,RSW,FL,ASO,ES,Combined TRACON& Tower with Radar,276,30,29,2,337,0,4,6,0,10,276,34,35,2,347,0,0,0,347
02/25/2011,RSW,FL,ASO,ES,Combined TRACON& Tower with Radar,255,30,26,0,311,0,7,7,0,14,255,37,33,0,325,0,0,0,325
02/26/2011,RSW,FL,ASO,ES,Combined TRACON& Tower with Radar,284,32,18,0,334,0,3,7,0,10,284,35,25,0,344,0,0,0,344
02/27/2011,RSW,FL,ASO,ES,Combined TRACON& Tower with Radar,278,33,21,0,332,0,4,6,0,10,278,37,27,0,342,0,0,0,342
02/28/2011,RSW,FL,ASO,ES,Combined TRACON& Tower with Radar,257,35,25,0,317,0,1,1,0,2,257,36,26,0,319,0,0,0,319
03/01/2011,RSW,FL,ASO,ES,Combined TRACON& Tower with Radar,267,19,25,6,317,0,0,1,0,1,267,19,26,6,318,0,0,0,318
03/02/2011,RSW,FL,ASO,ES,Combined TRACON& Tower with Radar,259,18,24,2,303,0,0,2,0,2,259,18,26,2,305,0,0,0,305
03/03/2011,RSW,FL,ASO,ES,Combined TRACON& Tower with Radar,274,21,17,0,312,0,4,0,0,4,274,25,17,0,316,0,0,0,316
03/04/2011,RSW,FL,ASO,ES,Combined TRACON& Tower with Radar,264,29,18,0,311,0,3,3,0,6,264,32,21,0,317,0,0,0,317
03/05/2011,RSW,FL,ASO,ES,Combined TRACON& Tower with Radar,274,31,17,0,322,0,9,6,0,15,274,40,23,0,337,0,0,0,337
03/06/2011,RSW,FL,ASO,ES,Combined TRACON& Tower with Radar,275,42,34,0,351,0,1,4,0,5,275,43,38,0,356,0,0,0,356
03/07/2011,RSW,FL,ASO,ES,Combined TRACON& Tower with Radar,267,33,12,1,313,0,0,8,1,9,267,33,20,2,322,0,0,0,322
03/08/2011,RSW,FL,ASO,ES,Combined TRACON& Tower with Radar,271,18,22,6,317,0,2,3,0,5,271,20,25,6,322,0,0,0,322
03/09/2011,RSW,FL,ASO,ES,Combined TRACON& Tower with Radar,258,27,18,0,303,0,0,8,0,8,258,27,26,0,311,0,0,0,311
03/10/2011,RSW,FL,ASO,ES,Combined TRACON& Tower with Radar,299,29,20,0,348,0,0,2,0,2,299,29,22,0,350,0,0,0,350
03/11/2011,RSW,FL,ASO,ES,Combined TRACON& Tower with Radar,272,27,33,0,332,0,2,13,0,15,272,29,46,0,347,0,0,0,347
03/12/2011,RSW,FL,ASO,ES,Combined TRACON& Tower with Radar,283,25,23,0,331,0,3,9,0,12,283,28,32,0,343,0,0,0,343
03/13/2011,RSW,FL,ASO,ES,Combined TRACON& Tower with Radar,287,27,30,0,344,0,4,5,0,9,287,31,35,0,353,0,0,0,353
03/14/2011,RSW,FL,ASO,ES,Combined TRACON& Tower with Radar,268,35,17,5,325,0,5,3,4,12,268,40,20,9,337,0,0,0,337
03/15/2011,RSW,FL,ASO,ES,Combined TRACON& Tower with Radar,269,21,25,2,317,0,0,6,1,7,269,21,31,3,324,0,0,0,324
03/16/2011,RSW,FL,ASO,ES,Combined TRACON& Tower with Radar,260,17,33,0,310,0,0,15,0,15,260,17,48,0,325,6,0,6,331
03/17/2011,RSW,FL,ASO,ES,Combined TRACON& Tower with Radar,282,21,43,4,350,1,4,9,1,15,283,25,52,5,365,0,0,0,365
03/18/2011,RSW,FL,ASO,ES,Combined TRACON& Tower with Radar,271,36,31,5,343,0,5,12,3,20,271,41,43,8,363,0,18,18,381
03/19/2011,RSW,FL,ASO,ES,Combined TRACON& Tower with Radar,291,31,24,0,346,2,6,19,0,27,293,37,43,0,373,0,0,0,373
03/20/2011,RSW,FL,ASO,ES,Combined TRACON& Tower with Radar,286,24,22,4,336,0,3,9,0,12,286,27,31,4,348,0,0,0,348
03/21/2011,RSW,FL,ASO,ES,Combined TRACON& Tower with Radar,272,21,27,0,320,0,0,6,0,6,272,21,33,0,326,0,0,0,326
03/22/2011,RSW,FL,ASO,ES,Combined TRACON& Tower with Radar,271,27,9,0,307,0,0,3,0,3,271,27,12,0,310,0,0,0,310
03/23/2011,RSW,FL,ASO,ES,Combined TRACON& Tower with Radar,254,24,26,0,304,0,0,3,0,3,254,24,29,0,307,0,0,0,307
03/24/2011,RSW,FL,ASO,ES,Combined TRACON& Tower with Radar,286,29,30,0,345,0,2,8,0,10,286,31,38,0,355,0,0,0,355
03/25/2011,RSW,FL,ASO,ES,Combined TRACON& Tower with Radar,277,73,30,0,380,0,2,6,0,8,277,75,36,0,388,0,0,0,388
03/26/2011,RSW,FL,ASO,ES,Combined TRACON& Tower with Radar,294,62,30,0,386,0,6,8,0,14,294,68,38,0,400,0,0,0,400
03/27/2011,RSW,FL,ASO,ES,Combined TRACON& Tower with Radar,294,59,32,0,385,0,24,4,0,28,294,83,36,0,413,0,0,0,413
03/28/2011,RSW,FL,ASO,ES,Combined TRACON& Tower with Radar,308,30,22,0,360,0,14,3,0,17,308,44,25,0,377,0,0,0,377
03/29/2011,RSW,FL,ASO,ES,Combined TRACON& Tower with Radar,279,27,22,0,328,0,0,5,2,7,279,27,27,2,335,0,0,0,335
03/30/2011,RSW,FL,ASO,ES,Combined TRACON& Tower with Radar,261,21,16,0,298,0,0,0,0,0,261,21,16,0,298,0,0,0,298
03/31/2011,RSW,FL,ASO,ES,Combined TRACON& Tower with Radar,284,33,13,2,332,0,0,5,1,6,284,33,18,3,338,0,0,0,338
04/01/2011,RSW,FL,ASO,ES,Combined TRACON& Tower with Radar,265,31,20,0,316,0,7,4,0,11,265,38,24,0,327,0,0,0,327
04/02/2011,RSW,FL,ASO,ES,Combined TRACON& Tower with Radar,281,36,18,0,335,12,4,13,0,29,293,40,31,0,364,0,0,0,364
04/03/2011,RSW,FL,ASO,ES,Combined TRACON& Tower with Radar,272,26,21,0,319,0,3,4,0,7,272,29,25,0,326,0,0,0,326
04/04/2011,RSW,FL,ASO,ES,Combined TRACON& Tower with Radar,266,21,15,1,303,0,2,3,0,5,266,23,18,1,308,0,0,0,308
04/05/2011,RSW,FL,ASO,ES,Combined TRACON& Tower with Radar,258,26,17,3,304,0,0,5,0,5,258,26,22,3,309,0,0,0,309
04/06/2011,RSW,FL,ASO,ES,Combined TRACON& Tower with Radar,249,23,38,8,318,0,0,17,0,17,249,23,55,8,335,0,0,0,335
04/07/2011,RSW,FL,ASO,ES,Combined TRACON& Tower with Radar,269,29,22,2,322,0,2,5,0,7,269,31,27,2,329,0,0,0,329
04/08/2011,RSW,FL,ASO,ES,Combined TRACON& Tower with Radar,263,27,26,0,316,0,1,10,0,11,263,28,36,0,327,0,0,0,327
04/09/2011,RSW,FL,ASO,ES,Combined TRACON& Tower with Radar,270,26,32,0,328,0,3,10,0,13,270,29,42,0,341,0,0,0,341
04/10/2011,RSW,FL,ASO,ES,Combined TRACON& Tower with Radar,270,31,37,0,338,0,5,11,0,16,270,36,48,0,354,0,0,0,354
04/11/2011,RSW,FL,ASO,ES,Combined TRACON& Tower with Radar,256,38,17,11,322,0,0,10,18,28,256,38,27,29,350,0,0,0,350
04/12/2011,RSW,FL,ASO,ES,Combined TRACON& Tower with Radar,249,22,16,0,287,0,0,8,0,8,249,22,24,0,295,0,0,0,295
04/13/2011,RSW,FL,ASO,ES,Combined TRACON& Tower with Radar,240,30,22,0,292,0,0,4,0,4,240,30,26,0,296,0,0,0,296
04/14/2011,RSW,FL,ASO,ES,Combined TRACON& Tower with Radar,268,21,32,0,321,1,4,1,0,6,269,25,33,0,327,0,0,0,327
04/15/2011,RSW,FL,ASO,ES,Combined TRACON& Tower with Radar,255,24,19,0,298,1,8,22,0,31,256,32,41,0,329,0,0,0,329
04/16/2011,RSW,FL,ASO,ES,Combined TRACON& Tower with Radar,265,42,17,0,324,0,3,13,0,16,265,45,30,0,340,0,0,0,340
04/17/2011,RSW,FL,ASO,ES,Combined TRACON& Tower with Radar,268,26,30,0,324,0,4,2,0,6,268,30,32,0,330,0,0,0,330
04/18/2011,RSW,FL,ASO,ES,Combined TRACON& Tower with Radar,255,25,12,1,293,0,1,10,0,11,255,26,22,1,304,0,0,0,304
04/19/2011,RSW,FL,ASO,ES,Combined TRACON& Tower with Radar,252,27,21,0,300,0,0,7,0,7,252,27,28,0,307,0,0,0,307
04/20/2011,RSW,FL,ASO,ES,Combined TRACON& Tower with Radar,252,38,36,2,328,0,0,9,0,9,252,38,45,2,337,0,0,0,337
04/21/2011,RSW,FL,ASO,ES,Combined TRACON& Tower with Radar,263,32,32,1,328,0,4,8,0,12,263,36,40,1,340,0,0,0,340
04/22/2011,RSW,FL,ASO,ES,Combined TRACON& Tower with Radar,258,28,18,0,304,0,8,3,0,11,258,36,21,0,315,0,0,0,315
04/23/2011,RSW,FL,ASO,ES,Combined TRACON& Tower with Radar,263,27,7,0,297,0,5,6,2,13,263,32,13,2,310,0,0,0,310
04/24/2011,RSW,FL,ASO,ES,Combined TRACON& Tower with Radar,255,37,12,0,304,0,2,2,0,4,255,39,14,0,308,0,0,0,308
04/25/2011,RSW,FL,ASO,ES,Combined TRACON& Tower with Radar,252,45,27,0,324,0,0,10,0,10,252,45,37,0,334,0,0,0,334
04/26/2011,RSW,FL,ASO,ES,Combined TRACON& Tower with Radar,234,27,19,0,280,0,0,4,0,4,234,27,23,0,284,0,0,0,284
04/27/2011,RSW,FL,ASO,ES,Combined TRACON& Tower with Radar,241,23,17,2,283,0,0,1,0,1,241,23,18,2,284,0,0,0,284
04/28/2011,RSW,FL,ASO,ES,Combined TRACON& Tower with Radar,250,37,27,5,319,6,4,1,0,11,256,41,28,5,330,0,0,0,330
04/29/2011,RSW,FL,ASO,ES,Combined TRACON& Tower with Radar,268,35,20,1,324,0,2,4,0,6,268,37,24,1,330,0,0,0,330
04/30/2011,RSW,FL,ASO,ES,Combined TRACON& Tower with Radar,257,41,18,0,316,0,1,10,0,11,257,42,28,0,327,0,0,0,327
05/01/2011,RSW,FL,ASO,ES,Combined TRACON& Tower with Radar,243,27,17,0,287,0,3,11,0,14,243,30,28,0,301,0,0,0,301
05/02/2011,RSW,FL,ASO,ES,Combined TRACON& Tower with Radar,224,24,24,2,274,0,0,2,0,2,224,24,26,2,276,0,0,0,276
05/03/2011,RSW,FL,ASO,ES,Combined TRACON& Tower with Radar,198,23,22,2,245,0,0,7,0,7,198,23,29,2,252,0,0,0,252
05/04/2011,RSW,FL,ASO,ES,Combined TRACON& Tower with Radar,160,18,14,2,194,0,0,7,0,7,160,18,21,2,201,0,0,0,201
05/05/2011,RSW,FL,ASO,ES,Combined TRACON& Tower with Radar,154,30,16,0,200,0,0,4,0,4,154,30,20,0,204,0,0,0,204
05/06/2011,RSW,FL,ASO,ES,Combined TRACON& Tower with Radar,152,27,12,0,191,0,2,2,0,4,152,29,14,0,195,0,0,0,195
05/07/2011,RSW,FL,ASO,ES,Combined TRACON& Tower with Radar,162,18,19,0,199,1,1,1,0,3,163,19,20,0,202,0,0,0,202
05/08/2011,RSW,FL,ASO,ES,Combined TRACON& Tower with Radar,153,29,14,3,199,0,3,4,0,7,153,32,18,3,206,0,0,0,206
05/09/2011,RSW,FL,ASO,ES,Combined TRACON& Tower with Radar,154,34,12,0,200,0,1,2,0,3,154,35,14,0,203,0,0,0,203
05/10/2011,RSW,FL,ASO,ES,Combined TRACON& Tower with Radar,151,16,23,14,204,0,0,14,0,14,151,16,37,14,218,0,0,0,218
05/11/2011,RSW,FL,ASO,ES,Combined TRACON& Tower with Radar,140,21,16,0,177,0,0,8,0,8,140,21,24,0,185,0,0,0,185
05/12/2011,RSW,FL,ASO,ES,Combined TRACON& Tower with Radar,158,33,25,0,216,3,3,7,0,13,161,36,32,0,229,0,0,0,229
05/13/2011,RSW,FL,ASO,ES,Combined TRACON& Tower with Radar,162,34,20,0,216,0,2,13,0,15,162,36,33,0,231,0,0,0,231
05/14/2011,RSW,FL,ASO,ES,Combined TRACON& Tower with Radar,175,22,11,0,208,6,2,3,0,11,181,24,14,0,219,0,0,0,219
05/15/2011,RSW,FL,ASO,ES,Combined TRACON& Tower with Radar,150,30,9,0,189,0,2,2,0,4,150,32,11,0,193,0,0,0,193
05/16/2011,RSW,FL,ASO,ES,Combined TRACON& Tower with Radar,145,36,12,0,193,0,0,1,0,1,145,36,13,0,194,0,0,0,194
05/17/2011,RSW,FL,ASO,ES,Combined TRACON& Tower with Radar,149,18,12,10,189,0,0,0,0,0,149,18,12,10,189,0,0,0,189
05/18/2011,RSW,FL,ASO,ES,Combined TRACON& Tower with Radar,143,16,14,0,173,0,0,6,0,6,143,16,20,0,179,0,0,0,179
05/19/2011,RSW,FL,ASO,ES,Combined TRACON& Tower with Radar,156,31,5,0,192,0,0,5,0,5,156,31,10,0,197,0,0,0,197
05/20/2011,RSW,FL,ASO,ES,Combined TRACON& Tower with Radar,149,28,16,0,193,0,0,8,0,8,149,28,24,0,201,0,0,0,201
05/21/2011,RSW,FL,ASO,ES,Combined TRACON& Tower with Radar,161,27,5,0,193,0,0,1,0,1,161,27,6,0,194,0,0,0,194
05/22/2011,RSW,FL,ASO,ES,Combined TRACON& Tower with Radar,147,25,10,0,182,0,1,4,0,5,147,26,14,0,187,0,0,0,187
05/23/2011,RSW,FL,ASO,ES,Combined TRACON& Tower with Radar,138,24,10,0,172,0,0,1,0,1,138,24,11,0,173,0,0,0,173
05/24/2011,RSW,FL,ASO,ES,Combined TRACON& Tower with Radar,145,14,10,0,169,0,1,5,0,6,145,15,15,0,175,0,0,0,175
05/25/2011,RSW,FL,ASO,ES,Combined TRACON& Tower with Radar,135,17,20,2,174,1,2,10,0,13,136,19,30,2,187,0,0,0,187
05/26/2011,RSW,FL,ASO,ES,Combined TRACON& Tower with Radar,154,34,14,2,204,3,1,8,0,12,157,35,22,2,216,0,0,0,216
05/27/2011,RSW,FL,ASO,ES,Combined TRACON& Tower with Radar,150,32,6,0,188,0,6,5,0,11,150,38,11,0,199,0,0,0,199
05/28/2011,RSW,FL,ASO,ES,Combined TRACON& Tower with Radar,154,18,14,0,186,0,2,6,0,8,154,20,20,0,194,0,0,0,194
05/29/2011,RSW,FL,ASO,ES,Combined TRACON& Tower with Radar,141,18,6,0,165,0,1,5,0,6,141,19,11,0,171,0,0,0,171
05/30/2011,RSW,FL,ASO,ES,Combined TRACON& Tower with Radar,138,25,17,1,181,0,1,6,0,7,138,26,23,1,188,0,0,0,188
05/31/2011,RSW,FL,ASO,ES,Combined TRACON& Tower with Radar,149,13,14,0,176,0,0,6,0,6,149,13,20,0,182,0,0,0,182
06/01/2011,RSW,FL,ASO,ES,Combined TRACON& Tower with Radar,143,15,14,0,172,0,1,14,0,15,143,16,28,0,187,0,0,0,187
06/02/2011,RSW,FL,ASO,ES,Combined TRACON& Tower with Radar,149,18,7,0,174,0,5,6,0,11,149,23,13,0,185,0,0,0,185
06/03/2011,RSW,FL,ASO,ES,Combined TRACON& Tower with Radar,142,22,15,5,184,0,4,4,4,12,142,26,19,9,196,0,0,0,196
06/04/2011,RSW,FL,ASO,ES,Combined TRACON& Tower with Radar,153,16,12,0,181,0,3,8,0,11,153,19,20,0,192,0,0,0,192
06/05/2011,RSW,FL,ASO,ES,Combined TRACON& Tower with Radar,140,18,9,0,167,0,3,6,0,9,140,21,15,0,176,0,0,0,176
06/06/2011,RSW,FL,ASO,ES,Combined TRACON& Tower with Radar,137,24,18,4,183,0,0,0,0,0,137,24,18,4,183,0,0,0,183
06/07/2011,RSW,FL,ASO,ES,Combined TRACON& Tower with Radar,141,15,10,0,166,0,0,2,0,2,141,15,12,0,168,0,0,0,168
06/08/2011,RSW,FL,ASO,ES,Combined TRACON& Tower with Radar,139,16,16,0,171,2,0,7,0,9,141,16,23,0,180,0,0,0,180
06/09/2011,RSW,FL,ASO,ES,Combined TRACON& Tower with Radar,132,27,14,0,173,4,0,0,0,4,136,27,14,0,177,0,0,0,177
06/10/2011,RSW,FL,ASO,ES,Combined TRACON& Tower with Radar,130,24,22,0,176,0,7,0,0,7,130,31,22,0,183,0,0,0,183
06/11/2011,RSW,FL,ASO,ES,Combined TRACON& Tower with Radar,136,13,10,0,159,0,2,8,0,10,136,15,18,0,169,0,0,0,169
06/12/2011,RSW,FL,ASO,ES,Combined TRACON& Tower with Radar,130,21,7,0,158,0,3,6,0,9,130,24,13,0,167,0,0,0,167
06/13/2011,RSW,FL,ASO,ES,Combined TRACON& Tower with Radar,150,36,10,0,196,0,3,3,0,6,150,39,13,0,202,0,0,0,202
06/14/2011,RSW,FL,ASO,ES,Combined TRACON& Tower with Radar,138,20,5,4,167,0,0,6,0,6,138,20,11,4,173,0,0,0,173
06/15/2011,RSW,FL,ASO,ES,Combined TRACON& Tower with Radar,125,21,7,1,154,0,1,4,0,5,125,22,11,1,159,0,0,0,159
06/16/2011,RSW,FL,ASO,ES,Combined TRACON& Tower with Radar,132,21,26,0,179,0,3,9,0,12,132,24,35,0,191,0,0,0,191
06/17/2011,RSW,FL,ASO,ES,Combined TRACON& Tower with Radar,129,28,16,0,173,0,2,7,0,9,129,30,23,0,182,0,0,0,182
06/18/2011,RSW,FL,ASO,ES,Combined TRACON& Tower with Radar,130,19,10,0,159,0,3,7,0,10,130,22,17,0,169,0,0,0,169
06/19/2011,RSW,FL,ASO,ES,Combined TRACON& Tower with Radar,153,29,14,0,196,0,1,11,0,12,153,30,25,0,208,0,0,0,208
06/20/2011,RSW,FL,ASO,ES,Combined TRACON& Tower with Radar,119,23,11,4,157,0,4,10,0,14,119,27,21,4,171,0,0,0,171
06/21/2011,RSW,FL,ASO,ES,Combined TRACON& Tower with Radar,122,15,4,0,141,2,0,12,0,14,124,15,16,0,155,0,0,0,155
06/22/2011,RSW,FL,ASO,ES,Combined TRACON& Tower with Radar,120,14,9,0,143,0,0,10,0,10,120,14,19,0,153,0,0,0,153
06/23/2011,RSW,FL,ASO,ES,Combined TRACON& Tower with Radar,136,25,13,1,175,0,1,3,1,5,136,26,16,2,180,0,0,0,180
06/24/2011,RSW,FL,ASO,ES,Combined TRACON& Tower with Radar,144,36,15,2,197,0,1,9,2,12,144,37,24,4,209,0,0,0,209
06/25/2011,RSW,FL,ASO,ES,Combined TRACON& Tower with Radar,143,24,9,3,179,0,1,3,1,5,143,25,12,4,184,0,0,0,184
06/26/2011,RSW,FL,ASO,ES,Combined TRACON& Tower with Radar,129,22,2,0,153,0,2,0,0,2,129,24,2,0,155,0,0,0,155
06/27/2011,RSW,FL,ASO,ES,Combined TRACON& Tower with Radar,122,20,6,0,148,0,0,4,0,4,122,20,10,0,152,0,0,0,152
06/28/2011,RSW,FL,ASO,ES,Combined TRACON& Tower with Radar,128,12,17,0,157,0,0,4,0,4,128,12,21,0,161,0,0,0,161
06/29/2011,RSW,FL,ASO,ES,Combined TRACON& Tower with Radar,125,13,7,0,145,0,0,2,0,2,125,13,9,0,147,0,0,0,147
06/30/2011,RSW,FL,ASO,ES,Combined TRACON& Tower with Radar,152,33,3,0,188,0,0,1,0,1,152,33,4,0,189,0,0,0,189
07/01/2011,RSW,FL,ASO,ES,Combined TRACON& Tower with Radar,127,25,18,0,170,0,0,8,0,8,127,25,26,0,178,0,0,0,178
07/02/2011,RSW,FL,ASO,ES,Combined TRACON& Tower with Radar,134,18,1,0,153,0,0,3,0,3,134,18,4,0,156,0,0,0,156
07/03/2011,RSW,FL,ASO,ES,Combined TRACON& Tower with Radar,120,23,5,3,151,0,2,5,0,7,120,25,10,3,158,0,0,0,158
07/04/2011,RSW,FL,ASO,ES,Combined TRACON& Tower with Radar,117,17,1,0,135,0,0,7,0,7,117,17,8,0,142,0,0,0,142
07/05/2011,RSW,FL,ASO,ES,Combined TRACON& Tower with Radar,131,16,6,0,153,0,0,7,0,7,131,16,13,0,160,0,0,0,160
07/06/2011,RSW,FL,ASO,ES,Combined TRACON& Tower with Radar,123,15,12,0,150,0,0,1,0,1,123,15,13,0,151,0,0,0,151
07/07/2011,RSW,FL,ASO,ES,Combined TRACON& Tower with Radar,135,24,7,0,166,0,0,0,0,0,135,24,7,0,166,0,0,0,166
07/08/2011,RSW,FL,ASO,ES,Combined TRACON& Tower with Radar,124,20,6,0,150,0,2,0,0,2,124,22,6,0,152,0,0,0,152
07/09/2011,RSW,FL,ASO,ES,Combined TRACON& Tower with Radar,136,19,5,0,160,0,0,10,0,10,136,19,15,0,170,0,0,0,170
07/10/2011,RSW,FL,ASO,ES,Combined TRACON& Tower with Radar,127,18,4,0,149,0,4,19,0,23,127,22,23,0,172,0,0,0,172
07/11/2011,RSW,FL,ASO,ES,Combined TRACON& Tower with Radar,127,24,14,4,169,0,0,0,0,0,127,24,14,4,169,0,0,0,169
07/12/2011,RSW,FL,ASO,ES,Combined TRACON& Tower with Radar,129,16,13,0,158,0,0,1,0,1,129,16,14,0,159,0,0,0,159
07/13/2011,RSW,FL,ASO,ES,Combined TRACON& Tower with Radar,128,13,16,0,157,0,0,13,0,13,128,13,29,0,170,0,0,0,170
07/14/2011,RSW,FL,ASO,ES,Combined TRACON& Tower with Radar,134,16,4,0,154,0,5,9,0,14,134,21,13,0,168,0,0,0,168
07/15/2011,RSW,FL,ASO,ES,Combined TRACON& Tower with Radar,131,17,10,0,158,0,3,13,0,16,131,20,23,0,174,0,0,0,174
07/16/2011,RSW,FL,ASO,ES,Combined TRACON& Tower with Radar,135,23,5,1,164,0,1,3,0,4,135,24,8,1,168,0,0,0,168
07/17/2011,RSW,FL,ASO,ES,Combined TRACON& Tower with Radar,128,29,10,0,167,0,2,7,0,9,128,31,17,0,176,0,0,0,176
07/18/2011,RSW,FL,ASO,ES,Combined TRACON& Tower with Radar,125,23,9,8,165,0,0,14,0,14,125,23,23,8,179,0,0,0,179
07/19/2011,RSW,FL,ASO,ES,Combined TRACON& Tower with Radar,129,14,13,2,158,0,0,7,0,7,129,14,20,2,165,0,0,0,165
07/20/2011,RSW,FL,ASO,ES,Combined TRACON& Tower with Radar,128,15,4,0,147,0,0,5,0,5,128,15,9,0,152,0,0,0,152
07/21/2011,RSW,FL,ASO,ES,Combined TRACON& Tower with Radar,138,19,6,0,163,0,5,6,0,11,138,24,12,0,174,0,0,0,174
07/22/2011,RSW,FL,ASO,ES,Combined TRACON& Tower with Radar,130,20,8,2,160,0,2,16,0,18,130,22,24,2,178,0,0,0,178
07/23/2011,RSW,FL,ASO,ES,Combined TRACON& Tower with Radar,137,18,8,0,163,0,3,1,0,4,137,21,9,0,167,0,0,0,167
07/24/2011,RSW,FL,ASO,ES,Combined TRACON& Tower with Radar,128,24,13,0,165,0,2,2,0,4,128,26,15,0,169,0,0,0,169
07/25/2011,RSW,FL,ASO,ES,Combined TRACON& Tower with Radar,117,17,5,2,141,0,2,3,0,5,117,19,8,2,146,0,0,0,146
07/26/2011,RSW,FL,ASO,ES,Combined TRACON& Tower with Radar,129,16,3,4,152,0,0,12,0,12,129,16,15,4,164,0,0,0,164
07/27/2011,RSW,FL,ASO,ES,Combined TRACON& Tower with Radar,123,21,4,0,148,0,0,2,0,2,123,21,6,0,150,0,0,0,150
07/28/2011,RSW,FL,ASO,ES,Combined TRACON& Tower with Radar,135,20,18,0,173,0,3,3,0,6,135,23,21,0,179,0,0,0,179
07/29/2011,RSW,FL,ASO,ES,Combined TRACON& Tower with Radar,124,17,16,0,157,0,4,7,0,11,124,21,23,0,168,0,0,0,168
07/30/2011,RSW,FL,ASO,ES,Combined TRACON& Tower with Radar,138,23,20,0,181,0,1,4,0,5,138,24,24,0,186,0,0,0,186
07/31/2011,RSW,FL,ASO,ES,Combined TRACON& Tower with Radar,134,27,7,0,168,0,4,2,0,6,134,31,9,0,174,0,0,0,174
08/01/2011,RSW,FL,ASO,ES,Combined TRACON& Tower with Radar,124,12,12,2,150,0,4,5,0,9,124,16,17,2,159,0,0,0,159
08/02/2011,RSW,FL,ASO,ES,Combined TRACON& Tower with Radar,133,11,17,0,161,0,0,7,0,7,133,11,24,0,168,0,0,0,168
08/03/2011,RSW,FL,ASO,ES,Combined TRACON& Tower with Radar,129,14,12,0,155,0,1,4,0,5,129,15,16,0,160,0,0,0,160
08/04/2011,RSW,FL,ASO,ES,Combined TRACON& Tower with Radar,143,23,6,0,172,1,1,9,0,11,144,24,15,0,183,0,0,0,183
08/05/2011,RSW,FL,ASO,ES,Combined TRACON& Tower with Radar,133,27,17,0,177,3,5,5,0,13,136,32,22,0,190,0,0,0,190
08/06/2011,RSW,FL,ASO,ES,Combined TRACON& Tower with Radar,130,19,16,8,173,0,2,6,0,8,130,21,22,8,181,0,0,0,181
08/07/2011,RSW,FL,ASO,ES,Combined TRACON& Tower with Radar,141,30,6,0,177,0,3,0,0,3,141,33,6,0,180,0,0,0,180
08/08/2011,RSW,FL,ASO,ES,Combined TRACON& Tower with Radar,124,26,3,0,153,0,0,2,0,2,124,26,5,0,155,0,0,0,155
08/09/2011,RSW,FL,ASO,ES,Combined TRACON& Tower with Radar,156,19,14,0,189,0,0,3,0,3,156,19,17,0,192,0,0,0,192
08/10/2011,RSW,FL,ASO,ES,Combined TRACON& Tower with Radar,127,16,7,0,150,0,0,2,0,2,127,16,9,0,152,0,0,0,152
08/11/2011,RSW,FL,ASO,ES,Combined TRACON& Tower with Radar,137,24,10,0,171,0,0,2,0,2,137,24,12,0,173,0,0,0,173
08/12/2011,RSW,FL,ASO,ES,Combined TRACON& Tower with Radar,131,17,23,0,171,0,2,7,0,9,131,19,30,0,180,0,0,0,180
08/13/2011,RSW,FL,ASO,ES,Combined TRACON& Tower with Radar,140,15,9,0,164,0,3,0,0,3,140,18,9,0,167,0,0,0,167
08/14/2011,RSW,FL,ASO,ES,Combined TRACON& Tower with Radar,126,16,7,0,149,0,4,0,0,4,126,20,7,0,153,0,0,0,153
08/15/2011,RSW,FL,ASO,ES,Combined TRACON& Tower with Radar,126,27,19,0,172,0,2,1,0,3,126,29,20,0,175,0,0,0,175
08/16/2011,RSW,FL,ASO,ES,Combined TRACON& Tower with Radar,110,16,4,0,130,0,0,0,0,0,110,16,4,0,130,0,0,0,130
08/17/2011,RSW,FL,ASO,ES,Combined TRACON& Tower with Radar,106,17,6,0,129,0,0,3,0,3,106,17,9,0,132,0,0,0,132
08/18/2011,RSW,FL,ASO,ES,Combined TRACON& Tower with Radar,116,23,22,0,161,0,1,20,0,21,116,24,42,0,182,0,0,0,182
08/19/2011,RSW,FL,ASO,ES,Combined TRACON& Tower with Radar,114,20,12,4,150,0,1,4,0,5,114,21,16,4,155,0,0,0,155
08/20/2011,RSW,FL,ASO,ES,Combined TRACON& Tower with Radar,124,16,12,0,152,0,3,15,0,18,124,19,27,0,170,0,0,0,170
08/21/2011,RSW,FL,ASO,ES,Combined TRACON& Tower with Radar,109,23,12,0,144,0,2,3,0,5,109,25,15,0,149,0,0,0,149
08/22/2011,RSW,FL,ASO,ES,Combined TRACON& Tower with Radar,110,20,12,0,142,0,0,4,0,4,110,20,16,0,146,0,0,0,146
08/23/2011,RSW,FL,ASO,ES,Combined TRACON& Tower with Radar,128,15,12,0,155,0,0,4,0,4,128,15,16,0,159,0,0,0,159
08/24/2011,RSW,FL,ASO,ES,Combined TRACON& Tower with Radar,111,19,11,0,141,0,0,0,0,0,111,19,11,0,141,0,0,0,141
08/25/2011,RSW,FL,ASO,ES,Combined TRACON& Tower with Radar,117,19,14,0,150,0,3,1,0,4,117,22,15,0,154,0,0,0,154
08/26/2011,RSW,FL,ASO,ES,Combined TRACON& Tower with Radar,111,18,16,0,145,0,3,0,0,3,111,21,16,0,148,0,0,0,148
08/27/2011,RSW,FL,ASO,ES,Combined TRACON& Tower with Radar,105,14,8,0,127,0,2,4,0,6,105,16,12,0,133,0,0,0,133
08/28/2011,RSW,FL,ASO,ES,Combined TRACON& Tower with Radar,78,22,8,0,108,0,3,3,0,6,78,25,11,0,114,0,0,0,114
08/29/2011,RSW,FL,ASO,ES,Combined TRACON& Tower with Radar,99,26,10,0,135,0,0,4,0,4,99,26,14,0,139,0,0,0,139
08/30/2011,RSW,FL,ASO,ES,Combined TRACON& Tower with Radar,113,19,15,0,147,0,0,0,0,0,113,19,15,0,147,0,0,0,147
08/31/2011,RSW,FL,ASO,ES,Combined TRACON& Tower with Radar,111,18,15,0,144,0,0,6,0,6,111,18,21,0,150,0,0,0,150
09/01/2011,RSW,FL,ASO,ES,Combined TRACON& Tower with Radar,121,24,21,0,166,0,3,1,0,4,121,27,22,0,170,0,0,0,170
09/02/2011,RSW,FL,ASO,ES,Combined TRACON& Tower with Radar,114,25,10,0,149,0,2,2,0,4,114,27,12,0,153,0,0,0,153
09/03/2011,RSW,FL,ASO,ES,Combined TRACON& Tower with Radar,117,22,11,0,150,0,5,1,0,6,117,27,12,0,156,0,0,0,156
09/04/2011,RSW,FL,ASO,ES,Combined TRACON& Tower with Radar,101,16,1,0,118,0,3,2,0,5,101,19,3,0,123,0,0,0,123
09/05/2011,RSW,FL,ASO,ES,Combined TRACON& Tower with Radar,106,27,9,0,142,0,0,8,0,8,106,27,17,0,150,0,0,0,150
09/06/2011,RSW,FL,ASO,ES,Combined TRACON& Tower with Radar,109,17,9,0,135,0,0,9,0,9,109,17,18,0,144,0,0,0,144
09/07/2011,RSW,FL,ASO,ES,Combined TRACON& Tower with Radar,103,13,9,0,125,0,0,7,0,7,103,13,16,0,132,0,0,0,132
09/08/2011,RSW,FL,ASO,ES,Combined TRACON& Tower with Radar,114,20,8,0,142,0,2,5,0,7,114,22,13,0,149,0,0,0,149
09/09/2011,RSW,FL,ASO,ES,Combined TRACON& Tower with Radar,113,22,19,2,156,0,6,4,2,12,113,28,23,4,168,0,0,0,168
09/10/2011,RSW,FL,ASO,ES,Combined TRACON& Tower with Radar,113,13,8,0,134,0,4,7,0,11,113,17,15,0,145,0,0,0,145
09/11/2011,RSW,FL,ASO,ES,Combined TRACON& Tower with Radar,109,27,1,0,137,0,1,3,0,4,109,28,4,0,141,0,0,0,141
09/12/2011,RSW,FL,ASO,ES,Combined TRACON& Tower with Radar,115,18,14,4,151,0,0,9,0,9,115,18,23,4,160,0,0,0,160
09/13/2011,RSW,FL,ASO,ES,Combined TRACON& Tower with Radar,103,15,10,0,128,0,0,1,0,1,103,15,11,0,129,0,0,0,129
09/14/2011,RSW,FL,ASO,ES,Combined TRACON& Tower with Radar,104,14,5,1,124,0,0,12,0,12,104,14,17,1,136,0,0,0,136
09/15/2011,RSW,FL,ASO,ES,Combined TRACON& Tower with Radar,115,28,6,0,149,0,0,23,0,23,115,28,29,0,172,0,0,0,172
09/16/2011,RSW,FL,ASO,ES,Combined TRACON& Tower with Radar,108,13,14,4,139,7,1,10,0,18,115,14,24,4,157,0,0,0,157
09/17/2011,RSW,FL,ASO,ES,Combined TRACON& Tower with Radar,111,16,6,0,133,0,0,18,0,18,111,16,24,0,151,0,0,0,151
09/18/2011,RSW,FL,ASO,ES,Combined TRACON& Tower with Radar,112,22,6,0,140,0,0,1,0,1,112,22,7,0,141,0,0,0,141
09/19/2011,RSW,FL,ASO,ES,Combined TRACON& Tower with Radar,107,20,12,8,147,0,0,1,0,1,107,20,13,8,148,0,0,0,148
09/20/2011,RSW,FL,ASO,ES,Combined TRACON& Tower with Radar,104,12,21,0,137,0,0,5,0,5,104,12,26,0,142,0,0,0,142
09/21/2011,RSW,FL,ASO,ES,Combined TRACON& Tower with Radar,100,15,18,0,133,0,0,9,0,9,100,15,27,0,142,0,0,0,142
09/22/2011,RSW,FL,ASO,ES,Combined TRACON& Tower with Radar,111,20,14,0,145,1,0,6,0,7,112,20,20,0,152,0,0,0,152
09/23/2011,RSW,FL,ASO,ES,Combined TRACON& Tower with Radar,111,18,13,0,142,0,0,0,0,0,111,18,13,0,142,0,0,0,142
09/24/2011,RSW,FL,ASO,ES,Combined TRACON& Tower with Radar,118,14,7,0,139,0,0,9,0,9,118,14,16,0,148,0,0,0,148
09/25/2011,RSW,FL,ASO,ES,Combined TRACON& Tower with Radar,119,25,2,0,146,0,0,2,0,2,119,25,4,0,148,0,0,0,148
09/26/2011,RSW,FL,ASO,ES,Combined TRACON& Tower with Radar,109,23,8,0,140,0,0,0,0,0,109,23,8,0,140,0,0,0,140
09/27/2011,RSW,FL,ASO,ES,Combined TRACON& Tower with Radar,102,16,13,0,131,0,0,0,0,0,102,16,13,0,131,0,0,0,131
09/28/2011,RSW,FL,ASO,ES,Combined TRACON& Tower with Radar,103,19,12,0,134,3,0,5,0,8,106,19,17,0,142,0,0,0,142
09/29/2011,RSW,FL,ASO,ES,Combined TRACON& Tower with Radar,113,18,12,0,143,4,0,4,0,8,117,18,16,0,151,0,0,0,151
09/30/2011,RSW,FL,ASO,ES,Combined TRACON& Tower with Radar,112,23,11,0,146,0,1,2,0,3,112,24,13,0,149,0,0,0,149
10/01/2011,RSW,FL,ASO,ES,Combined TRACON& Tower with Radar,126,21,8,0,155,0,0,1,0,1,126,21,9,0,156,0,0,0,156
10/02/2011,RSW,FL,ASO,ES,Combined TRACON& Tower with Radar,123,19,9,0,151,0,0,1,0,1,123,19,10,0,152,0,0,0,152
10/03/2011,RSW,FL,ASO,ES,Combined TRACON& Tower with Radar,124,15,13,4,156,0,0,11,0,11,124,15,24,4,167,0,0,0,167
10/04/2011,RSW,FL,ASO,ES,Combined TRACON& Tower with Radar,118,14,10,4,146,0,0,3,0,3,118,14,13,4,149,0,0,0,149
10/05/2011,RSW,FL,ASO,ES,Combined TRACON& Tower with Radar,122,16,12,0,150,0,0,3,0,3,122,16,15,0,153,0,0,0,153
10/06/2011,RSW,FL,ASO,ES,Combined TRACON& Tower with Radar,127,23,26,2,178,0,3,7,0,10,127,26,33,2,188,0,0,0,188
10/07/2011,RSW,FL,ASO,ES,Combined TRACON& Tower with Radar,137,24,12,7,180,0,3,5,0,8,137,27,17,7,188,0,0,0,188
10/08/2011,RSW,FL,ASO,ES,Combined TRACON& Tower with Radar,133,13,11,0,157,0,1,1,0,2,133,14,12,0,159,0,0,0,159
10/09/2011,RSW,FL,ASO,ES,Combined TRACON& Tower with Radar,123,26,17,0,166,0,3,3,0,6,123,29,20,0,172,0,0,0,172
10/10/2011,RSW,FL,ASO,ES,Combined TRACON& Tower with Radar,122,14,9,0,145,0,0,6,0,6,122,14,15,0,151,0,0,0,151
10/11/2011,RSW,FL,ASO,ES,Combined TRACON& Tower with Radar,125,14,13,0,152,0,0,4,0,4,125,14,17,0,156,0,0,0,156
10/12/2011,RSW,FL,ASO,ES,Combined TRACON& Tower with Radar,122,18,7,0,147,0,0,25,1,26,122,18,32,1,173,0,0,0,173
10/13/2011,RSW,FL,ASO,ES,Combined TRACON& Tower with Radar,134,15,7,1,157,5,4,1,4,14,139,19,8,5,171,0,0,0,171
10/14/2011,RSW,FL,ASO,ES,Combined TRACON& Tower with Radar,127,26,11,0,164,2,2,2,0,6,129,28,13,0,170,0,0,0,170
10/15/2011,RSW,FL,ASO,ES,Combined TRACON& Tower with Radar,131,20,19,0,170,3,0,4,0,7,134,20,23,0,177,0,0,0,177
10/16/2011,RSW,FL,ASO,ES,Combined TRACON& Tower with Radar,123,26,4,0,153,0,1,0,0,1,123,27,4,0,154,0,0,0,154
10/17/2011,RSW,FL,ASO,ES,Combined TRACON& Tower with Radar,127,30,27,0,184,0,0,0,0,0,127,30,27,0,184,0,0,0,184
10/18/2011,RSW,FL,ASO,ES,Combined TRACON& Tower with Radar,121,20,14,0,155,0,0,0,0,0,121,20,14,0,155,0,0,0,155
10/19/2011,RSW,FL,ASO,ES,Combined TRACON& Tower with Radar,117,16,17,0,150,0,0,2,0,2,117,16,19,0,152,0,0,0,152
10/20/2011,RSW,FL,ASO,ES,Combined TRACON& Tower with Radar,130,19,29,0,178,0,2,26,0,28,130,21,55,0,206,0,0,0,206
10/21/2011,RSW,FL,ASO,ES,Combined TRACON& Tower with Radar,128,27,22,0,177,0,3,9,0,12,128,30,31,0,189,0,0,0,189
10/22/2011,RSW,FL,ASO,ES,Combined TRACON& Tower with Radar,130,18,15,0,163,0,3,1,0,4,130,21,16,0,167,0,0,0,167
10/23/2011,RSW,FL,ASO,ES,Combined TRACON& Tower with Radar,124,21,18,0,163,0,2,0,0,2,124,23,18,0,165,0,0,0,165
10/24/2011,RSW,FL,ASO,ES,Combined TRACON& Tower with Radar,126,25,20,0,171,0,0,24,0,24,126,25,44,0,195,0,0,0,195
10/25/2011,RSW,FL,ASO,ES,Combined TRACON& Tower with Radar,126,14,17,0,157,0,0,5,0,5,126,14,22,0,162,0,0,0,162
10/26/2011,RSW,FL,ASO,ES,Combined TRACON& Tower with Radar,126,18,18,4,166,4,0,19,0,23,130,18,37,4,189,0,0,0,189
10/27/2011,RSW,FL,ASO,ES,Combined TRACON& Tower with Radar,131,37,28,0,196,9,3,4,0,16,140,40,32,0,212,0,0,0,212
10/28/2011,RSW,FL,ASO,ES,Combined TRACON& Tower with Radar,127,19,13,0,159,0,0,2,0,2,127,19,15,0,161,0,0,0,161
10/29/2011,RSW,FL,ASO,ES,Combined TRACON& Tower with Radar,133,17,12,0,162,0,0,1,0,1,133,17,13,0,163,0,0,0,163
10/30/2011,RSW,FL,ASO,ES,Combined TRACON& Tower with Radar,132,40,17,0,189,0,0,1,0,1,132,40,18,0,190,0,0,0,190
10/31/2011,RSW,FL,ASO,ES,Combined TRACON& Tower with Radar,139,24,23,0,186,0,0,0,0,0,139,24,23,0,186,0,0,0,186
11/01/2011,RSW,FL,ASO,ES,Combined TRACON& Tower with Radar,134,27,15,0,176,0,0,3,0,3,134,27,18,0,179,0,0,0,179
11/02/2011,RSW,FL,ASO,ES,Combined TRACON& Tower with Radar,134,16,16,2,168,0,0,7,0,7,134,16,23,2,175,0,0,0,175
11/03/2011,RSW,FL,ASO,ES,Combined TRACON& Tower with Radar,143,28,19,0,190,0,3,9,0,12,143,31,28,0,202,0,0,0,202
11/04/2011,RSW,FL,ASO,ES,Combined TRACON& Tower with Radar,143,16,17,0,176,0,4,9,0,13,143,20,26,0,189,0,0,0,189
11/05/2011,RSW,FL,ASO,ES,Combined TRACON& Tower with Radar,148,19,15,0,182,0,3,2,0,5,148,22,17,0,187,0,0,0,187
11/06/2011,RSW,FL,ASO,ES,Combined TRACON& Tower with Radar,144,19,19,0,182,0,3,6,0,9,144,22,25,0,191,0,0,0,191
11/07/2011,RSW,FL,ASO,ES,Combined TRACON& Tower with Radar,143,27,21,0,191,0,0,4,0,4,143,27,25,0,195,0,0,0,195
11/08/2011,RSW,FL,ASO,ES,Combined TRACON& Tower with Radar,149,18,26,3,196,0,1,1,0,2,149,19,27,3,198,0,0,0,198
11/09/2011,RSW,FL,ASO,ES,Combined TRACON& Tower with Radar,155,26,32,4,217,0,0,6,0,6,155,26,38,4,223,0,0,0,223
11/10/2011,RSW,FL,ASO,ES,Combined TRACON& Tower with Radar,178,25,7,10,220,0,4,5,0,9,178,29,12,10,229,0,0,0,229
11/11/2011,RSW,FL,ASO,ES,Combined TRACON& Tower with Radar,172,16,26,0,214,0,3,13,0,16,172,19,39,0,230,0,0,0,230
11/12/2011,RSW,FL,ASO,ES,Combined TRACON& Tower with Radar,182,23,13,0,218,0,3,6,0,9,182,26,19,0,227,0,0,0,227
11/13/2011,RSW,FL,ASO,ES,Combined TRACON& Tower with Radar,170,34,22,0,226,0,3,17,0,20,170,37,39,0,246,0,0,0,246
11/14/2011,RSW,FL,ASO,ES,Combined TRACON& Tower with Radar,171,32,8,0,211,0,0,6,2,8,171,32,14,2,219,0,0,0,219
11/15/2011,RSW,FL,ASO,ES,Combined TRACON& Tower with Radar,161,25,18,0,204,0,0,1,0,1,161,25,19,0,205,0,0,0,205
11/16/2011,RSW,FL,ASO,ES,Combined TRACON& Tower with Radar,162,23,13,0,198,0,0,10,0,10,162,23,23,0,208,0,0,0,208
11/17/2011,RSW,FL,ASO,ES,Combined TRACON& Tower with Radar,193,20,22,0,235,0,3,9,0,12,193,23,31,0,247,0,0,0,247
11/18/2011,RSW,FL,ASO,ES,Combined TRACON& Tower with Radar,192,32,37,0,261,0,1,1,0,2,192,33,38,0,263,0,0,0,263
11/19/2011,RSW,FL,ASO,ES,Combined TRACON& Tower with Radar,204,23,26,0,253,0,3,4,0,7,204,26,30,0,260,0,0,0,260
11/20/2011,RSW,FL,ASO,ES,Combined TRACON& Tower with Radar,194,24,21,0,239,0,0,1,0,1,194,24,22,0,240,0,0,0,240
11/21/2011,RSW,FL,ASO,ES,Combined TRACON& Tower with Radar,193,23,18,0,234,0,0,2,0,2,193,23,20,0,236,0,0,0,236
11/22/2011,RSW,FL,ASO,ES,Combined TRACON& Tower with Radar,199,22,33,0,254,0,2,1,0,3,199,24,34,0,257,0,0,0,257
11/23/2011,RSW,FL,ASO,ES,Combined TRACON& Tower with Radar,196,17,16,0,229,0,0,1,0,1,196,17,17,0,230,0,0,0,230
11/24/2011,RSW,FL,ASO,ES,Combined TRACON& Tower with Radar,151,18,6,0,175,0,1,6,0,7,151,19,12,0,182,0,0,0,182
11/25/2011,RSW,FL,ASO,ES,Combined TRACON& Tower with Radar,179,13,13,0,205,0,3,6,0,9,179,16,19,0,214,0,0,0,214
11/26/2011,RSW,FL,ASO,ES,Combined TRACON& Tower with Radar,201,26,15,0,242,0,3,10,0,13,201,29,25,0,255,0,0,0,255
11/27/2011,RSW,FL,ASO,ES,Combined TRACON& Tower with Radar,192,28,51,0,271,0,3,2,0,5,192,31,53,0,276,0,0,0,276
11/28/2011,RSW,FL,ASO,ES,Combined TRACON& Tower with Radar,199,32,20,4,255,0,0,3,0,3,199,32,23,4,258,0,0,0,258
11/29/2011,RSW,FL,ASO,ES,Combined TRACON& Tower with Radar,178,22,12,3,215,0,0,7,0,7,178,22,19,3,222,0,0,0,222
11/30/2011,RSW,FL,ASO,ES,Combined TRACON& Tower with Radar,167,16,22,0,205,0,1,1,0,2,167,17,23,0,207,0,0,0,207
12/01/2011,RSW,FL,ASO,ES,Combined TRACON& Tower with Radar,186,14,25,0,225,0,4,1,0,5,186,18,26,0,230,0,0,0,230
12/02/2011,RSW,FL,ASO,ES,Combined TRACON& Tower with Radar,180,19,22,0,221,0,4,18,0,22,180,23,40,0,243,0,0,0,243
12/03/2011,RSW,FL,ASO,ES,Combined TRACON& Tower with Radar,183,13,11,5,212,0,3,4,0,7,183,16,15,5,219,0,0,0,219
12/04/2011,RSW,FL,ASO,ES,Combined TRACON& Tower with Radar,172,17,6,1,196,0,4,1,0,5,172,21,7,1,201,0,0,0,201
12/05/2011,RSW,FL,ASO,ES,Combined TRACON& Tower with Radar,173,21,18,0,212,0,3,3,0,6,173,24,21,0,218,0,0,0,218
12/06/2011,RSW,FL,ASO,ES,Combined TRACON& Tower with Radar,161,5,15,0,181,0,7,3,0,10,161,12,18,0,191,0,0,0,191
12/07/2011,RSW,FL,ASO,ES,Combined TRACON& Tower with Radar,164,9,20,0,193,0,6,8,0,14,164,15,28,0,207,0,0,0,207
12/08/2011,RSW,FL,ASO,ES,Combined TRACON& Tower with Radar,190,26,11,1,228,0,0,2,0,2,190,26,13,1,230,0,0,0,230
12/09/2011,RSW,FL,ASO,ES,Combined TRACON& Tower with Radar,176,22,22,0,220,0,1,8,0,9,176,23,30,0,229,0,0,0,229
12/10/2011,RSW,FL,ASO,ES,Combined TRACON& Tower with Radar,186,19,8,8,221,0,2,0,0,2,186,21,8,8,223,0,0,0,223
12/11/2011,RSW,FL,ASO,ES,Combined TRACON& Tower with Radar,179,30,17,0,226,0,0,0,0,0,179,30,17,0,226,0,0,0,226
12/12/2011,RSW,FL,ASO,ES,Combined TRACON& Tower with Radar,174,26,28,0,228,0,1,1,0,2,174,27,29,0,230,0,0,0,230
12/13/2011,RSW,FL,ASO,ES,Combined TRACON& Tower with Radar,161,17,18,0,196,0,0,10,0,10,161,17,28,0,206,0,0,0,206
12/14/2011,RSW,FL,ASO,ES,Combined TRACON& Tower with Radar,166,19,28,0,213,0,1,6,0,7,166,20,34,0,220,0,0,0,220
12/15/2011,RSW,FL,ASO,ES,Combined TRACON& Tower with Radar,198,24,24,7,253,0,0,8,3,11,198,24,32,10,264,0,0,0,264
12/16/2011,RSW,FL,ASO,ES,Combined TRACON& Tower with Radar,196,26,28,16,266,0,3,6,7,16,196,29,34,23,282,3,0,3,285
12/17/2011,RSW,FL,ASO,ES,Combined TRACON& Tower with Radar,203,23,8,0,234,0,1,10,0,11,203,24,18,0,245,0,0,0,245
12/18/2011,RSW,FL,ASO,ES,Combined TRACON& Tower with Radar,207,27,14,0,248,0,8,9,0,17,207,35,23,0,265,0,0,0,265
12/19/2011,RSW,FL,ASO,ES,Combined TRACON& Tower with Radar,207,28,23,4,262,0,2,7,0,9,207,30,30,4,271,0,0,0,271
12/20/2011,RSW,FL,ASO,ES,Combined TRACON& Tower with Radar,198,14,15,6,233,0,9,3,0,12,198,23,18,6,245,0,0,0,245
12/21/2011,RSW,FL,ASO,ES,Combined TRACON& Tower with Radar,205,16,23,0,244,0,5,6,0,11,205,21,29,0,255,0,0,0,255
12/22/2011,RSW,FL,ASO,ES,Combined TRACON& Tower with Radar,231,29,20,0,280,0,0,1,0,1,231,29,21,0,281,0,0,0,281
12/23/2011,RSW,FL,ASO,ES,Combined TRACON& Tower with Radar,238,27,15,0,280,0,0,0,0,0,238,27,15,0,280,0,0,0,280
12/24/2011,RSW,FL,ASO,ES,Combined TRACON& Tower with Radar,213,24,13,0,250,0,3,5,0,8,213,27,18,0,258,0,0,0,258
12/25/2011,RSW,FL,ASO,ES,Combined TRACON& Tower with Radar,214,26,5,0,245,0,2,1,0,3,214,28,6,0,248,0,0,0,248
12/26/2011,RSW,FL,ASO,ES,Combined TRACON& Tower with Radar,240,33,53,0,326,0,1,15,0,16,240,34,68,0,342,0,0,0,342
12/27/2011,RSW,FL,ASO,ES,Combined TRACON& Tower with Radar,235,39,37,1,312,0,0,9,0,9,235,39,46,1,321,0,0,0,321
12/28/2011,RSW,FL,ASO,ES,Combined TRACON& Tower with Radar,237,38,29,10,314,0,0,9,0,9,237,38,38,10,323,0,0,0,323
12/29/2011,RSW,FL,ASO,ES,Combined TRACON& Tower with Radar,238,25,31,0,294,0,7,5,0,12,238,32,36,0,306,0,0,0,306
12/30/2011,RSW,FL,ASO,ES,Combined TRACON& Tower with Radar,240,25,16,0,281,0,8,0,0,8,240,33,16,0,289,0,0,0,289
12/31/2011,RSW,FL,ASO,ES,Combined TRACON& Tower with Radar,227,33,18,0,278,0,3,6,0,9,227,36,24,0,287,0,0,0,287
01/01/2012,RSW,FL,ASO,ES,Combined TRACON& Tower with Radar,219,38,16,0,273,0,2,10,0,12,219,40,26,0,285,0,0,0,285
01/02/2012,RSW,FL,ASO,ES,Combined TRACON& Tower with Radar,240,26,33,0,299,0,7,9,0,16,240,33,42,0,315,0,0,0,315
01/03/2012,RSW,FL,ASO,ES,Combined TRACON& Tower with Radar,220,31,26,0,277,0,1,3,0,4,220,32,29,0,281,0,0,0,281
01/04/2012,RSW,FL,ASO,ES,Combined TRACON& Tower with Radar,203,19,15,0,237,0,1,5,0,6,203,20,20,0,243,0,0,0,243
01/05/2012,RSW,FL,ASO,ES,Combined TRACON& Tower with Radar,219,23,13,4,259,0,3,14,0,17,219,26,27,4,276,0,0,0,276
01/06/2012,RSW,FL,ASO,ES,Combined TRACON& Tower with Radar,217,20,13,2,252,0,7,6,0,13,217,27,19,2,265,0,0,0,265
01/07/2012,RSW,FL,ASO,ES,Combined TRACON& Tower with Radar,220,25,21,0,266,0,7,10,0,17,220,32,31,0,283,0,0,0,283
01/08/2012,RSW,FL,ASO,ES,Combined TRACON& Tower with Radar,215,35,28,0,278,0,4,15,0,19,215,39,43,0,297,0,0,0,297
01/09/2012,RSW,FL,ASO,ES,Combined TRACON& Tower with Radar,199,22,23,7,251,0,1,10,0,11,199,23,33,7,262,0,0,0,262
01/10/2012,RSW,FL,ASO,ES,Combined TRACON& Tower with Radar,183,29,18,0,230,0,0,1,0,1,183,29,19,0,231,0,0,0,231
01/11/2012,RSW,FL,ASO,ES,Combined TRACON& Tower with Radar,183,14,25,0,222,0,2,1,0,3,183,16,26,0,225,0,0,0,225
01/12/2012,RSW,FL,ASO,ES,Combined TRACON& Tower with Radar,201,32,23,0,256,0,1,5,0,6,201,33,28,0,262,0,0,0,262
01/13/2012,RSW,FL,ASO,ES,Combined TRACON& Tower with Radar,204,33,20,0,257,0,3,6,0,9,204,36,26,0,266,0,0,0,266
01/14/2012,RSW,FL,ASO,ES,Combined TRACON& Tower with Radar,221,23,13,0,257,0,3,6,0,9,221,26,19,0,266,0,0,0,266
01/15/2012,RSW,FL,ASO,ES,Combined TRACON& Tower with Radar,204,27,15,0,246,0,0,25,0,25,204,27,40,0,271,0,0,0,271
01/16/2012,RSW,FL,ASO,ES,Combined TRACON& Tower with Radar,199,26,31,0,256,0,2,5,0,7,199,28,36,0,263,0,0,0,263
01/17/2012,RSW,FL,ASO,ES,Combined TRACON& Tower with Radar,180,25,28,0,233,0,0,12,0,12,180,25,40,0,245,0,0,0,245
01/18/2012,RSW,FL,ASO,ES,Combined TRACON& Tower with Radar,178,16,30,4,228,0,0,6,1,7,178,16,36,5,235,0,0,0,235
01/19/2012,RSW,FL,ASO,ES,Combined TRACON& Tower with Radar,202,20,25,0,247,0,1,3,3,7,202,21,28,3,254,0,0,0,254
01/20/2012,RSW,FL,ASO,ES,Combined TRACON& Tower with Radar,194,23,35,0,252,0,4,11,0,15,194,27,46,0,267,0,0,0,267
01/21/2012,RSW,FL,ASO,ES,Combined TRACON& Tower with Radar,218,17,10,0,245,0,5,2,0,7,218,22,12,0,252,0,0,0,252
01/22/2012,RSW,FL,ASO,ES,Combined TRACON& Tower with Radar,210,29,14,14,267,0,2,4,0,6,210,31,18,14,273,0,0,0,273
01/23/2012,RSW,FL,ASO,ES,Combined TRACON& Tower with Radar,199,18,19,0,236,0,4,3,0,7,199,22,22,0,243,0,0,0,243
01/24/2012,RSW,FL,ASO,ES,Combined TRACON& Tower with Radar,179,14,22,2,217,0,0,8,0,8,179,14,30,2,225,0,0,0,225
01/25/2012,RSW,FL,ASO,ES,Combined TRACON& Tower with Radar,178,20,36,0,234,0,0,3,0,3,178,20,39,0,237,0,0,0,237
01/26/2012,RSW,FL,ASO,ES,Combined TRACON& Tower with Radar,206,26,28,12,272,0,5,10,0,15,206,31,38,12,287,0,0,0,287
01/27/2012,RSW,FL,ASO,ES,Combined TRACON& Tower with Radar,200,24,27,0,251,0,0,0,0,0,200,24,27,0,251,0,0,0,251
01/28/2012,RSW,FL,ASO,ES,Combined TRACON& Tower with Radar,221,16,20,4,261,0,5,8,6,19,221,21,28,10,280,0,0,0,280
01/29/2012,RSW,FL,ASO,ES,Combined TRACON& Tower with Radar,206,26,16,0,248,0,4,0,0,4,206,30,16,0,252,0,0,0,252
01/30/2012,RSW,FL,ASO,ES,Combined TRACON& Tower with Radar,194,20,22,0,236,0,4,9,0,13,194,24,31,0,249,0,0,0,249
01/31/2012,RSW,FL,ASO,ES,Combined TRACON& Tower with Radar,177,23,23,0,223,0,0,8,0,8,177,23,31,0,231,0,0,0,231
02/01/2012,RSW,FL,ASO,ES,Combined TRACON& Tower with Radar,176,26,20,0,222,0,4,15,0,19,176,30,35,0,241,0,0,0,241
02/02/2012,RSW,FL,ASO,ES,Combined TRACON& Tower with Radar,199,19,24,0,242,0,0,14,0,14,199,19,38,0,256,0,0,0,256
02/03/2012,RSW,FL,ASO,ES,Combined TRACON& Tower with Radar,196,28,15,0,239,0,5,4,0,9,196,33,19,0,248,0,0,0,248
02/04/2012,RSW,FL,ASO,ES,Combined TRACON& Tower with Radar,219,25,22,0,266,0,7,12,0,19,219,32,34,0,285,0,0,0,285
02/05/2012,RSW,FL,ASO,ES,Combined TRACON& Tower with Radar,204,29,19,0,252,0,0,4,0,4,204,29,23,0,256,0,0,0,256
02/06/2012,RSW,FL,ASO,ES,Combined TRACON& Tower with Radar,191,31,27,4,253,0,0,2,0,2,191,31,29,4,255,0,0,0,255
02/07/2012,RSW,FL,ASO,ES,Combined TRACON& Tower with Radar,179,15,13,2,209,0,0,4,0,4,179,15,17,2,213,0,0,0,213
02/08/2012,RSW,FL,ASO,ES,Combined TRACON& Tower with Radar,182,23,26,0,231,0,0,0,0,0,182,23,26,0,231,0,0,0,231
02/09/2012,RSW,FL,ASO,ES,Combined TRACON& Tower with Radar,202,27,19,6,254,0,0,5,1,6,202,27,24,7,260,0,0,0,260
02/10/2012,RSW,FL,ASO,ES,Combined TRACON& Tower with Radar,196,39,56,0,291,0,0,2,0,2,196,39,58,0,293,0,0,0,293
02/11/2012,RSW,FL,ASO,ES,Combined TRACON& Tower with Radar,221,22,16,0,259,0,2,1,0,3,221,24,17,0,262,0,0,0,262
02/12/2012,RSW,FL,ASO,ES,Combined TRACON& Tower with Radar,214,36,16,0,266,0,2,4,3,9,214,38,20,3,275,0,0,0,275
02/13/2012,RSW,FL,ASO,ES,Combined TRACON& Tower with Radar,208,16,28,4,256,0,3,15,0,18,208,19,43,4,274,0,0,0,274
02/14/2012,RSW,FL,ASO,ES,Combined TRACON& Tower with Radar,204,24,25,0,253,0,0,3,0,3,204,24,28,0,256,0,0,0,256
02/15/2012,RSW,FL,ASO,ES,Combined TRACON& Tower with Radar,207,18,22,10,257,0,4,28,0,32,207,22,50,10,289,0,0,0,289
02/16/2012,RSW,FL,ASO,ES,Combined TRACON& Tower with Radar,233,35,60,2,330,0,3,4,0,7,233,38,64,2,337,0,0,0,337
02/17/2012,RSW,FL,ASO,ES,Combined TRACON& Tower with Radar,238,35,34,0,307,0,5,12,0,17,238,40,46,0,324,0,0,0,324
02/18/2012,RSW,FL,ASO,ES,Combined TRACON& Tower with Radar,247,30,9,0,286,0,4,3,0,7,247,34,12,0,293,0,0,0,293
02/19/2012,RSW,FL,ASO,ES,Combined TRACON& Tower with Radar,244,30,28,0,302,0,3,0,0,3,244,33,28,0,305,0,0,0,305
02/20/2012,RSW,FL,ASO,ES,Combined TRACON& Tower with Radar,237,35,21,0,293,0,3,4,0,7,237,38,25,0,300,0,0,0,300
02/21/2012,RSW,FL,ASO,ES,Combined TRACON& Tower with Radar,225,22,32,4,283,0,0,11,0,11,225,22,43,4,294,0,0,0,294
02/22/2012,RSW,FL,ASO,ES,Combined TRACON& Tower with Radar,226,32,24,0,282,0,0,7,0,7,226,32,31,0,289,0,0,0,289
02/23/2012,RSW,FL,ASO,ES,Combined TRACON& Tower with Radar,234,25,29,9,297,0,0,10,0,10,234,25,39,9,307,0,0,0,307
02/24/2012,RSW,FL,ASO,ES,Combined TRACON& Tower with Radar,238,33,16,0,287,0,5,2,0,7,238,38,18,0,294,0,0,0,294
02/25/2012,RSW,FL,ASO,ES,Combined TRACON& Tower with Radar,247,27,43,0,317,0,1,5,0,6,247,28,48,0,323,0,0,0,323
02/26/2012,RSW,FL,ASO,ES,Combined TRACON& Tower with Radar,242,38,36,0,316,0,1,8,0,9,242,39,44,0,325,0,0,0,325
02/27/2012,RSW,FL,ASO,ES,Combined TRACON& Tower with Radar,232,24,33,14,303,0,3,3,5,11,232,27,36,19,314,0,0,0,314
02/28/2012,RSW,FL,ASO,ES,Combined TRACON& Tower with Radar,227,20,35,0,282,0,0,8,0,8,227,20,43,0,290,0,0,0,290
02/29/2012,RSW,FL,ASO,ES,Combined TRACON& Tower with Radar,224,20,25,2,271,0,0,0,0,0,224,20,25,2,271,0,0,0,271
03/01/2012,RSW,FL,ASO,ES,Combined TRACON& Tower with Radar,235,34,29,6,304,0,4,3,0,7,235,38,32,6,311,0,0,0,311
03/02/2012,RSW,FL,ASO,ES,Combined TRACON& Tower with Radar,237,27,19,4,287,0,4,5,0,9,237,31,24,4,296,0,0,0,296
03/03/2012,RSW,FL,ASO,ES,Combined TRACON& Tower with Radar,252,27,20,0,299,0,5,2,0,7,252,32,22,0,306,0,0,0,306
03/04/2012,RSW,FL,ASO,ES,Combined TRACON& Tower with Radar,244,46,22,0,312,0,0,8,0,8,244,46,30,0,320,0,0,0,320
03/05/2012,RSW,FL,ASO,ES,Combined TRACON& Tower with Radar,237,19,8,2,266,0,2,12,0,14,237,21,20,2,280,0,0,0,280
03/06/2012,RSW,FL,ASO,ES,Combined TRACON& Tower with Radar,236,31,27,8,302,0,1,5,0,6,236,32,32,8,308,0,0,0,308
03/07/2012,RSW,FL,ASO,ES,Combined TRACON& Tower with Radar,229,29,26,0,284,0,0,8,0,8,229,29,34,0,292,0,0,0,292
03/08/2012,RSW,FL,ASO,ES,Combined TRACON& Tower with Radar,239,35,38,2,314,0,0,14,0,14,239,35,52,2,328,0,0,0,328
03/09/2012,RSW,FL,ASO,ES,Combined TRACON& Tower with Radar,236,24,32,4,296,1,2,10,0,13,237,26,42,4,309,0,0,0,309
03/10/2012,RSW,FL,ASO,ES,Combined TRACON& Tower with Radar,256,37,18,0,311,0,2,7,0,9,256,39,25,0,320,0,0,0,320
03/11/2012,RSW,FL,ASO,ES,Combined TRACON& Tower with Radar,249,40,25,0,314,0,2,10,0,12,249,42,35,0,326,0,0,0,326
03/12/2012,RSW,FL,ASO,ES,Combined TRACON& Tower with Radar,248,30,37,0,315,1,2,24,0,27,249,32,61,0,342,0,0,0,342
03/13/2012,RSW,FL,ASO,ES,Combined TRACON& Tower with Radar,246,40,24,0,310,0,0,5,0,5,246,40,29,0,315,0,0,0,315
03/14/2012,RSW,FL,ASO,ES,Combined TRACON& Tower with Radar,241,28,40,0,309,0,0,10,0,10,241,28,50,0,319,0,0,0,319
03/15/2012,RSW,FL,ASO,ES,Combined TRACON& Tower with Radar,265,36,33,4,338,0,1,4,0,5,265,37,37,4,343,0,0,0,343
03/16/2012,RSW,FL,ASO,ES,Combined TRACON& Tower with Radar,250,35,21,4,310,0,1,6,0,7,250,36,27,4,317,0,0,0,317
03/17/2012,RSW,FL,ASO,ES,Combined TRACON& Tower with Radar,265,29,16,0,310,0,7,4,0,11,265,36,20,0,321,0,0,0,321
03/18/2012,RSW,FL,ASO,ES,Combined TRACON& Tower with Radar,250,36,28,6,320,0,4,8,0,12,250,40,36,6,332,0,0,0,332
03/19/2012,RSW,FL,ASO,ES,Combined TRACON& Tower with Radar,248,25,23,5,301,0,2,4,0,6,248,27,27,5,307,0,0,0,307
03/20/2012,RSW,FL,ASO,ES,Combined TRACON& Tower with Radar,244,25,22,0,291,0,1,12,0,13,244,26,34,0,304,0,0,0,304
03/21/2012,RSW,FL,ASO,ES,Combined TRACON& Tower with Radar,251,28,31,0,310,0,0,15,0,15,251,28,46,0,325,0,0,0,325
03/22/2012,RSW,FL,ASO,ES,Combined TRACON& Tower with Radar,253,38,33,0,324,0,1,15,0,16,253,39,48,0,340,0,0,0,340
03/23/2012,RSW,FL,ASO,ES,Combined TRACON& Tower with Radar,255,26,39,2,322,0,6,18,0,24,255,32,57,2,346,0,0,0,346
03/24/2012,RSW,FL,ASO,ES,Combined TRACON& Tower with Radar,265,56,13,0,334,0,3,7,0,10,265,59,20,0,344,0,0,0,344
03/25/2012,RSW,FL,ASO,ES,Combined TRACON& Tower with Radar,261,30,15,0,306,0,0,4,0,4,261,30,19,0,310,0,0,0,310
03/26/2012,RSW,FL,ASO,ES,Combined TRACON& Tower with Radar,255,28,27,0,310,0,2,9,0,11,255,30,36,0,321,0,0,0,321
03/27/2012,RSW,FL,ASO,ES,Combined TRACON& Tower with Radar,248,26,25,0,299,0,0,12,2,14,248,26,37,2,313,0,0,0,313
03/28/2012,RSW,FL,ASO,ES,Combined TRACON& Tower with Radar,257,26,33,0,316,0,0,12,0,12,257,26,45,0,328,0,0,0,328
03/29/2012,RSW,FL,ASO,ES,Combined TRACON& Tower with Radar,252,40,31,6,329,0,1,6,0,7,252,41,37,6,336,0,0,0,336
03/30/2012,RSW,FL,ASO,ES,Combined TRACON& Tower with Radar,253,26,27,2,308,0,6,9,0,15,253,32,36,2,323,0,0,0,323
03/31/2012,RSW,FL,ASO,ES,Combined TRACON& Tower with Radar,297,49,30,0,376,0,4,6,0,10,297,53,36,0,386,0,0,0,386
04/01/2012,RSW,FL,ASO,ES,Combined TRACON& Tower with Radar,255,31,27,1,314,0,7,8,0,15,255,38,35,1,329,0,0,0,329
04/02/2012,RSW,FL,ASO,ES,Combined TRACON& Tower with Radar,251,26,37,0,314,0,2,5,0,7,251,28,42,0,321,0,0,0,321
04/03/2012,RSW,FL,ASO,ES,Combined TRACON& Tower with Radar,245,23,21,0,289,0,1,16,0,17,245,24,37,0,306,0,0,0,306
04/04/2012,RSW,FL,ASO,ES,Combined TRACON& Tower with Radar,250,24,33,0,307,0,2,10,0,12,250,26,43,0,319,0,0,0,319
04/05/2012,RSW,FL,ASO,ES,Combined TRACON& Tower with Radar,251,50,33,0,334,0,0,4,0,4,251,50,37,0,338,0,0,0,338
04/06/2012,RSW,FL,ASO,ES,Combined TRACON& Tower with Radar,255,25,30,0,310,0,3,0,0,3,255,28,30,0,313,0,0,0,313
04/07/2012,RSW,FL,ASO,ES,Combined TRACON& Tower with Radar,266,24,15,0,305,0,4,3,0,7,266,28,18,0,312,0,0,0,312
04/08/2012,RSW,FL,ASO,ES,Combined TRACON& Tower with Radar,249,34,15,0,298,0,3,5,0,8,249,37,20,0,306,0,0,0,306
04/09/2012,RSW,FL,ASO,ES,Combined TRACON& Tower with Radar,241,32,39,0,312,0,3,5,0,8,241,35,44,0,320,0,0,0,320
04/10/2012,RSW,FL,ASO,ES,Combined TRACON& Tower with Radar,195,24,19,0,238,0,1,4,0,5,195,25,23,0,243,0,0,0,243
04/11/2012,RSW,FL,ASO,ES,Combined TRACON& Tower with Radar,196,29,12,0,237,0,2,10,0,12,196,31,22,0,249,0,0,0,249
04/12/2012,RSW,FL,ASO,ES,Combined TRACON& Tower with Radar,196,33,25,0,254,0,0,3,0,3,196,33,28,0,257,0,0,0,257
04/13/2012,RSW,FL,ASO,ES,Combined TRACON& Tower with Radar,201,18,30,0,249,0,5,4,0,9,201,23,34,0,258,0,0,0,258
04/14/2012,RSW,FL,ASO,ES,Combined TRACON& Tower with Radar,212,32,30,0,274,0,0,1,2,3,212,32,31,2,277,0,0,0,277
04/15/2012,RSW,FL,ASO,ES,Combined TRACON& Tower with Radar,194,34,24,2,254,0,5,7,0,12,194,39,31,2,266,0,0,0,266
04/16/2012,RSW,FL,ASO,ES,Combined TRACON& Tower with Radar,191,29,23,0,243,0,2,6,0,8,191,31,29,0,251,0,0,0,251
04/17/2012,RSW,FL,ASO,ES,Combined TRACON& Tower with Radar,189,34,20,0,243,0,0,6,0,6,189,34,26,0,249,0,0,0,249
04/18/2012,RSW,FL,ASO,ES,Combined TRACON& Tower with Radar,185,34,19,2,240,0,0,13,0,13,185,34,32,2,253,0,0,0,253
04/19/2012,RSW,FL,ASO,ES,Combined TRACON& Tower with Radar,194,29,19,0,242,0,0,7,0,7,194,29,26,0,249,0,0,0,249
04/20/2012,RSW,FL,ASO,ES,Combined TRACON& Tower with Radar,186,29,14,2,231,0,8,4,0,12,186,37,18,2,243,0,0,0,243
04/21/2012,RSW,FL,ASO,ES,Combined TRACON& Tower with Radar,201,18,13,0,232,0,1,6,0,7,201,19,19,0,239,0,0,0,239
04/22/2012,RSW,FL,ASO,ES,Combined TRACON& Tower with Radar,183,36,15,0,234,0,3,0,0,3,183,39,15,0,237,0,0,0,237
04/23/2012,RSW,FL,ASO,ES,Combined TRACON& Tower with Radar,179,13,9,0,201,0,4,0,0,4,179,17,9,0,205,0,0,0,205
04/24/2012,RSW,FL,ASO,ES,Combined TRACON& Tower with Radar,178,22,10,0,210,0,1,5,0,6,178,23,15,0,216,0,0,0,216
04/25/2012,RSW,FL,ASO,ES,Combined TRACON& Tower with Radar,173,18,10,0,201,0,1,7,0,8,173,19,17,0,209,0,0,0,209
04/26/2012,RSW,FL,ASO,ES,Combined TRACON& Tower with Radar,179,31,29,0,239,0,1,4,0,5,179,32,33,0,244,0,0,0,244
04/27/2012,RSW,FL,ASO,ES,Combined TRACON& Tower with Radar,176,27,29,0,232,0,6,4,0,10,176,33,33,0,242,0,0,0,242
04/28/2012,RSW,FL,ASO,ES,Combined TRACON& Tower with Radar,188,23,8,0,219,0,2,2,2,6,188,25,10,2,225,0,0,0,225
04/29/2012,RSW,FL,ASO,ES,Combined TRACON& Tower with Radar,179,27,16,0,222,0,0,3,0,3,179,27,19,0,225,0,0,0,225
04/30/2012,RSW,FL,ASO,ES,Combined TRACON& Tower with Radar,178,29,29,8,244,0,0,2,0,2,178,29,31,8,246,0,0,0,246
05/01/2012,RSW,FL,ASO,ES,Combined TRACON& Tower with Radar,160,16,18,0,194,0,0,1,0,1,160,16,19,0,195,0,0,0,195
05/02/2012,RSW,FL,ASO,ES,Combined TRACON& Tower with Radar,149,22,27,0,198,1,1,3,0,5,150,23,30,0,203,0,0,0,203
05/03/2012,RSW,FL,ASO,ES,Combined TRACON& Tower with Radar,145,25,18,0,188,0,2,4,0,6,145,27,22,0,194,0,0,0,194
05/04/2012,RSW,FL,ASO,ES,Combined TRACON& Tower with Radar,138,27,20,9,194,0,4,9,0,13,138,31,29,9,207,0,0,0,207
05/05/2012,RSW,FL,ASO,ES,Combined TRACON& Tower with Radar,145,22,11,1,179,0,5,5,0,10,145,27,16,1,189,0,0,0,189
05/06/2012,RSW,FL,ASO,ES,Combined TRACON& Tower with Radar,125,15,13,8,161,0,4,1,0,5,125,19,14,8,166,0,0,0,166
05/07/2012,RSW,FL,ASO,ES,Combined TRACON& Tower with Radar,137,16,24,0,177,0,3,7,0,10,137,19,31,0,187,0,0,0,187
05/08/2012,RSW,FL,ASO,ES,Combined TRACON& Tower with Radar,148,22,32,0,202,0,0,2,0,2,148,22,34,0,204,0,0,0,204
05/09/2012,RSW,FL,ASO,ES,Combined TRACON& Tower with Radar,136,21,19,0,176,0,0,5,0,5,136,21,24,0,181,0,0,0,181
05/10/2012,RSW,FL,ASO,ES,Combined TRACON& Tower with Radar,152,35,20,4,211,0,2,12,0,14,152,37,32,4,225,0,0,0,225
05/11/2012,RSW,FL,ASO,ES,Combined TRACON& Tower with Radar,136,21,10,2,169,3,1,1,0,5,139,22,11,2,174,0,0,0,174
05/12/2012,RSW,FL,ASO,ES,Combined TRACON& Tower with Radar,148,21,7,0,176,0,3,0,0,3,148,24,7,0,179,0,0,0,179
05/13/2012,RSW,FL,ASO,ES,Combined TRACON& Tower with Radar,127,18,15,0,160,0,2,3,0,5,127,20,18,0,165,0,0,0,165
05/14/2012,RSW,FL,ASO,ES,Combined TRACON& Tower with Radar,135,22,22,4,183,0,4,9,0,13,135,26,31,4,196,0,0,0,196
05/15/2012,RSW,FL,ASO,ES,Combined TRACON& Tower with Radar,150,29,19,0,198,0,0,1,0,1,150,29,20,0,199,0,0,0,199
05/16/2012,RSW,FL,ASO,ES,Combined TRACON& Tower with Radar,137,13,17,0,167,0,0,9,0,9,137,13,26,0,176,0,0,0,176
05/17/2012,RSW,FL,ASO,ES,Combined TRACON& Tower with Radar,145,20,27,1,193,0,0,6,0,6,145,20,33,1,199,0,0,0,199
05/18/2012,RSW,FL,ASO,ES,Combined TRACON& Tower with Radar,148,12,8,0,168,0,6,4,0,10,148,18,12,0,178,0,0,0,178
05/19/2012,RSW,FL,ASO,ES,Combined TRACON& Tower with Radar,148,15,14,0,177,0,6,5,0,11,148,21,19,0,188,0,0,0,188
05/20/2012,RSW,FL,ASO,ES,Combined TRACON& Tower with Radar,127,13,4,0,144,0,5,2,0,7,127,18,6,0,151,0,0,0,151
05/21/2012,RSW,FL,ASO,ES,Combined TRACON& Tower with Radar,132,21,19,0,172,0,4,8,0,12,132,25,27,0,184,0,0,0,184
05/22/2012,RSW,FL,ASO,ES,Combined TRACON& Tower with Radar,173,25,16,0,214,0,0,5,0,5,173,25,21,0,219,0,0,0,219
05/23/2012,RSW,FL,ASO,ES,Combined TRACON& Tower with Radar,132,12,9,3,156,0,0,5,0,5,132,12,14,3,161,0,0,0,161
05/24/2012,RSW,FL,ASO,ES,Combined TRACON& Tower with Radar,142,21,13,1,177,0,1,0,0,1,142,22,13,1,178,0,0,0,178
05/25/2012,RSW,FL,ASO,ES,Combined TRACON& Tower with Radar,135,18,11,0,164,0,3,2,0,5,135,21,13,0,169,0,0,0,169
05/26/2012,RSW,FL,ASO,ES,Combined TRACON& Tower with Radar,135,17,13,0,165,0,0,4,0,4,135,17,17,0,169,0,0,0,169
05/27/2012,RSW,FL,ASO,ES,Combined TRACON& Tower with Radar,132,14,13,0,159,0,5,2,0,7,132,19,15,0,166,0,0,0,166
05/28/2012,RSW,FL,ASO,ES,Combined TRACON& Tower with Radar,122,14,11,0,147,0,6,5,0,11,122,20,16,0,158,0,0,0,158
05/29/2012,RSW,FL,ASO,ES,Combined TRACON& Tower with Radar,136,12,18,4,170,0,0,4,0,4,136,12,22,4,174,0,0,0,174
05/30/2012,RSW,FL,ASO,ES,Combined TRACON& Tower with Radar,133,11,10,0,154,0,0,1,0,1,133,11,11,0,155,0,0,0,155
05/31/2012,RSW,FL,ASO,ES,Combined TRACON& Tower with Radar,142,6,6,0,154,0,0,3,0,3,142,6,9,0,157,0,0,0,157
06/01/2012,RSW,FL,ASO,ES,Combined TRACON& Tower with Radar,138,17,14,0,169,0,0,5,0,5,138,17,19,0,174,0,0,0,174
06/02/2012,RSW,FL,ASO,ES,Combined TRACON& Tower with Radar,142,13,3,0,158,0,3,0,0,3,142,16,3,0,161,0,0,0,161
06/03/2012,RSW,FL,ASO,ES,Combined TRACON& Tower with Radar,135,20,11,0,166,0,3,2,0,5,135,23,13,0,171,0,0,0,171
06/04/2012,RSW,FL,ASO,ES,Combined TRACON& Tower with Radar,134,22,10,0,166,0,4,7,0,11,134,26,17,0,177,0,0,0,177
06/05/2012,RSW,FL,ASO,ES,Combined TRACON& Tower with Radar,135,17,4,4,160,0,0,0,0,0,135,17,4,4,160,0,0,0,160
06/06/2012,RSW,FL,ASO,ES,Combined TRACON& Tower with Radar,137,21,9,0,167,0,0,1,0,1,137,21,10,0,168,0,0,0,168
06/07/2012,RSW,FL,ASO,ES,Combined TRACON& Tower with Radar,134,14,8,1,157,0,0,3,0,3,134,14,11,1,160,0,0,0,160
06/08/2012,RSW,FL,ASO,ES,Combined TRACON& Tower with Radar,149,24,11,0,184,0,2,4,0,6,149,26,15,0,190,0,0,0,190
06/09/2012,RSW,FL,ASO,ES,Combined TRACON& Tower with Radar,137,15,2,0,154,0,6,4,0,10,137,21,6,0,164,0,0,0,164
06/10/2012,RSW,FL,ASO,ES,Combined TRACON& Tower with Radar,123,20,6,0,149,0,3,1,0,4,123,23,7,0,153,0,0,0,153
06/11/2012,RSW,FL,ASO,ES,Combined TRACON& Tower with Radar,133,12,5,0,150,0,5,6,0,11,133,17,11,0,161,0,0,0,161
06/12/2012,RSW,FL,ASO,ES,Combined TRACON& Tower with Radar,131,16,12,2,161,0,0,6,0,6,131,16,18,2,167,0,0,0,167
06/13/2012,RSW,FL,ASO,ES,Combined TRACON& Tower with Radar,129,15,8,0,152,0,0,3,0,3,129,15,11,0,155,0,0,0,155
06/14/2012,RSW,FL,ASO,ES,Combined TRACON& Tower with Radar,141,19,14,0,174,0,0,6,0,6,141,19,20,0,180,0,0,0,180
06/15/2012,RSW,FL,ASO,ES,Combined TRACON& Tower with Radar,144,19,7,5,175,0,2,2,0,4,144,21,9,5,179,0,0,0,179
06/16/2012,RSW,FL,ASO,ES,Combined TRACON& Tower with Radar,136,19,10,2,167,0,1,1,0,2,136,20,11,2,169,0,0,0,169
06/17/2012,RSW,FL,ASO,ES,Combined TRACON& Tower with Radar,126,19,7,0,152,0,3,0,0,3,126,22,7,0,155,0,0,0,155
06/18/2012,RSW,FL,ASO,ES,Combined TRACON& Tower with Radar,129,13,9,2,153,0,3,5,0,8,129,16,14,2,161,0,0,0,161
06/19/2012,RSW,FL,ASO,ES,Combined TRACON& Tower with Radar,132,11,16,0,159,0,0,0,0,0,132,11,16,0,159,0,0,0,159
06/20/2012,RSW,FL,ASO,ES,Combined TRACON& Tower with Radar,139,12,18,0,169,0,0,0,0,0,139,12,18,0,169,0,0,0,169
06/21/2012,RSW,FL,ASO,ES,Combined TRACON& Tower with Radar,129,6,19,5,159,0,1,1,2,4,129,7,20,7,163,0,0,0,163
06/22/2012,RSW,FL,ASO,ES,Combined TRACON& Tower with Radar,128,19,13,0,160,0,0,0,0,0,128,19,13,0,160,0,0,0,160
06/23/2012,RSW,FL,ASO,ES,Combined TRACON& Tower with Radar,137,10,17,0,164,0,1,0,0,1,137,11,17,0,165,0,0,0,165
06/24/2012,RSW,FL,ASO,ES,Combined TRACON& Tower with Radar,119,18,9,0,146,0,0,0,0,0,119,18,9,0,146,0,0,0,146
06/25/2012,RSW,FL,ASO,ES,Combined TRACON& Tower with Radar,125,14,11,0,150,0,0,0,0,0,125,14,11,0,150,0,0,0,150
06/26/2012,RSW,FL,ASO,ES,Combined TRACON& Tower with Radar,126,9,3,0,138,0,0,1,0,1,126,9,4,0,139,0,0,0,139
06/27/2012,RSW,FL,ASO,ES,Combined TRACON& Tower with Radar,130,16,5,0,151,0,1,2,1,4,130,17,7,1,155,0,0,0,155
06/28/2012,RSW,FL,ASO,ES,Combined TRACON& Tower with Radar,130,14,12,2,158,0,0,6,0,6,130,14,18,2,164,0,0,0,164
06/29/2012,RSW,FL,ASO,ES,Combined TRACON& Tower with Radar,128,20,16,2,166,0,4,0,0,4,128,24,16,2,170,0,0,0,170
06/30/2012,RSW,FL,ASO,ES,Combined TRACON& Tower with Radar,135,12,8,0,155,0,3,5,0,8,135,15,13,0,163,0,0,0,163
07/01/2012,RSW,FL,ASO,ES,Combined TRACON& Tower with Radar,119,8,6,0,133,0,3,3,0,6,119,11,9,0,139,0,0,0,139
07/02/2012,RSW,FL,ASO,ES,Combined TRACON& Tower with Radar,126,14,18,0,158,0,3,2,0,5,126,17,20,0,163,0,0,0,163
07/03/2012,RSW,FL,ASO,ES,Combined TRACON& Tower with Radar,123,14,25,0,162,0,0,11,0,11,123,14,36,0,173,0,0,0,173
07/04/2012,RSW,FL,ASO,ES,Combined TRACON& Tower with Radar,110,13,2,0,125,0,0,0,0,0,110,13,2,0,125,0,0,0,125
07/05/2012,RSW,FL,ASO,ES,Combined TRACON& Tower with Radar,123,19,14,0,156,0,0,6,0,6,123,19,20,0,162,0,0,0,162
07/06/2012,RSW,FL,ASO,ES,Combined TRACON& Tower with Radar,131,19,6,0,156,0,1,2,0,3,131,20,8,0,159,0,0,0,159
07/07/2012,RSW,FL,ASO,ES,Combined TRACON& Tower with Radar,135,22,16,0,173,0,2,3,0,5,135,24,19,0,178,0,0,0,178
07/08/2012,RSW,FL,ASO,ES,Combined TRACON& Tower with Radar,124,15,6,0,145,0,2,4,0,6,124,17,10,0,151,0,0,0,151
07/09/2012,RSW,FL,ASO,ES,Combined TRACON& Tower with Radar,125,19,9,2,155,0,1,4,0,5,125,20,13,2,160,0,0,0,160
07/10/2012,RSW,FL,ASO,ES,Combined TRACON& Tower with Radar,126,17,9,0,152,0,0,1,0,1,126,17,10,0,153,0,0,0,153
07/11/2012,RSW,FL,ASO,ES,Combined TRACON& Tower with Radar,135,19,15,0,169,0,0,8,0,8,135,19,23,0,177,0,0,0,177
07/12/2012,RSW,FL,ASO,ES,Combined TRACON& Tower with Radar,137,15,10,0,162,0,0,0,0,0,137,15,10,0,162,0,0,0,162
07/13/2012,RSW,FL,ASO,ES,Combined TRACON& Tower with Radar,124,20,13,0,157,0,2,5,0,7,124,22,18,0,164,0,0,0,164
07/14/2012,RSW,FL,ASO,ES,Combined TRACON& Tower with Radar,134,17,19,2,172,0,3,2,2,7,134,20,21,4,179,0,0,0,179
07/15/2012,RSW,FL,ASO,ES,Combined TRACON& Tower with Radar,117,19,18,1,155,0,3,17,1,21,117,22,35,2,176,0,0,0,176
07/16/2012,RSW,FL,ASO,ES,Combined TRACON& Tower with Radar,130,17,11,0,158,0,3,19,0,22,130,20,30,0,180,0,0,0,180
07/17/2012,RSW,FL,ASO,ES,Combined TRACON& Tower with Radar,130,12,17,4,163,0,0,6,0,6,130,12,23,4,169,0,0,0,169
07/18/2012,RSW,FL,ASO,ES,Combined TRACON& Tower with Radar,126,17,18,0,161,0,1,3,0,4,126,18,21,0,165,0,0,0,165
07/19/2012,RSW,FL,ASO,ES,Combined TRACON& Tower with Radar,127,11,15,2,155,0,0,4,0,4,127,11,19,2,159,0,0,0,159
07/20/2012,RSW,FL,ASO,ES,Combined TRACON& Tower with Radar,126,21,4,7,158,0,0,16,2,18,126,21,20,9,176,0,0,0,176
07/21/2012,RSW,FL,ASO,ES,Combined TRACON& Tower with Radar,136,19,10,0,165,0,2,0,0,2,136,21,10,0,167,0,0,0,167
07/22/2012,RSW,FL,ASO,ES,Combined TRACON& Tower with Radar,130,21,9,0,160,0,0,0,0,0,130,21,9,0,160,0,0,0,160
07/23/2012,RSW,FL,ASO,ES,Combined TRACON& Tower with Radar,129,17,17,0,163,0,3,1,0,4,129,20,18,0,167,0,0,0,167
07/24/2012,RSW,FL,ASO,ES,Combined TRACON& Tower with Radar,130,13,16,0,159,0,0,8,0,8,130,13,24,0,167,0,0,0,167
07/25/2012,RSW,FL,ASO,ES,Combined TRACON& Tower with Radar,130,12,12,0,154,0,0,3,0,3,130,12,15,0,157,0,0,0,157
07/26/2012,RSW,FL,ASO,ES,Combined TRACON& Tower with Radar,129,14,19,0,162,0,2,5,0,7,129,16,24,0,169,0,0,0,169
07/27/2012,RSW,FL,ASO,ES,Combined TRACON& Tower with Radar,130,16,19,2,167,0,3,4,0,7,130,19,23,2,174,0,0,0,174
07/28/2012,RSW,FL,ASO,ES,Combined TRACON& Tower with Radar,136,20,11,0,167,0,3,3,0,6,136,23,14,0,173,0,0,0,173
07/29/2012,RSW,FL,ASO,ES,Combined TRACON& Tower with Radar,123,24,9,0,156,0,3,0,0,3,123,27,9,0,159,0,0,0,159
07/30/2012,RSW,FL,ASO,ES,Combined TRACON& Tower with Radar,126,14,18,3,161,0,4,5,1,10,126,18,23,4,171,0,0,0,171
07/31/2012,RSW,FL,ASO,ES,Combined TRACON& Tower with Radar,128,13,16,0,157,0,0,5,0,5,128,13,21,0,162,0,0,0,162
08/01/2012,RSW,FL,ASO,ES,Combined TRACON& Tower with Radar,126,14,10,0,150,0,0,5,0,5,126,14,15,0,155,0,0,0,155
08/02/2012,RSW,FL,ASO,ES,Combined TRACON& Tower with Radar,130,10,10,5,155,0,0,4,1,5,130,10,14,6,160,0,0,0,160
08/03/2012,RSW,FL,ASO,ES,Combined TRACON& Tower with Radar,157,17,15,0,189,0,6,9,0,15,157,23,24,0,204,0,0,0,204
08/04/2012,RSW,FL,ASO,ES,Combined TRACON& Tower with Radar,136,16,9,0,161,0,6,5,0,11,136,22,14,0,172,0,0,0,172
08/05/2012,RSW,FL,ASO,ES,Combined TRACON& Tower with Radar,122,23,8,0,153,0,3,17,0,20,122,26,25,0,173,0,0,0,173
08/06/2012,RSW,FL,ASO,ES,Combined TRACON& Tower with Radar,126,20,9,0,155,0,3,3,0,6,126,23,12,0,161,0,0,0,161
08/07/2012,RSW,FL,ASO,ES,Combined TRACON& Tower with Radar,129,14,6,6,155,0,0,10,0,10,129,14,16,6,165,0,0,0,165
08/08/2012,RSW,FL,ASO,ES,Combined TRACON& Tower with Radar,128,19,12,12,171,0,0,4,0,4,128,19,16,12,175,0,0,0,175
08/09/2012,RSW,FL,ASO,ES,Combined TRACON& Tower with Radar,126,12,10,0,148,0,2,8,0,10,126,14,18,0,158,0,0,0,158
08/10/2012,RSW,FL,ASO,ES,Combined TRACON& Tower with Radar,128,19,11,0,158,0,3,0,0,3,128,22,11,0,161,0,0,0,161
08/11/2012,RSW,FL,ASO,ES,Combined TRACON& Tower with Radar,148,17,5,0,170,0,2,1,0,3,148,19,6,0,173,0,0,0,173
08/12/2012,RSW,FL,ASO,ES,Combined TRACON& Tower with Radar,122,20,23,0,165,0,2,4,0,6,122,22,27,0,171,0,0,0,171
08/13/2012,RSW,FL,ASO,ES,Combined TRACON& Tower with Radar,121,18,20,8,167,0,5,1,0,6,121,23,21,8,173,0,0,0,173
08/14/2012,RSW,FL,ASO,ES,Combined TRACON& Tower with Radar,118,21,11,9,159,0,0,4,9,13,118,21,15,18,172,0,0,0,172
08/15/2012,RSW,FL,ASO,ES,Combined TRACON& Tower with Radar,110,11,21,5,147,0,0,4,0,4,110,11,25,5,151,0,0,0,151
08/16/2012,RSW,FL,ASO,ES,Combined TRACON& Tower with Radar,115,13,18,1,147,0,0,4,0,4,115,13,22,1,151,0,0,0,151
08/17/2012,RSW,FL,ASO,ES,Combined TRACON& Tower with Radar,121,18,14,0,153,0,1,3,0,4,121,19,17,0,157,0,0,0,157
08/18/2012,RSW,FL,ASO,ES,Combined TRACON& Tower with Radar,118,21,5,0,144,0,0,8,0,8,118,21,13,0,152,0,0,0,152
08/19/2012,RSW,FL,ASO,ES,Combined TRACON& Tower with Radar,108,22,5,0,135,0,0,6,0,6,108,22,11,0,141,0,0,0,141
08/20/2012,RSW,FL,ASO,ES,Combined TRACON& Tower with Radar,115,26,9,0,150,0,0,2,0,2,115,26,11,0,152,0,0,0,152
08/21/2012,RSW,FL,ASO,ES,Combined TRACON& Tower with Radar,129,11,13,0,153,0,0,4,0,4,129,11,17,0,157,0,0,0,157
08/22/2012,RSW,FL,ASO,ES,Combined TRACON& Tower with Radar,113,14,13,0,140,0,2,4,0,6,113,16,17,0,146,0,0,0,146
08/23/2012,RSW,FL,ASO,ES,Combined TRACON& Tower with Radar,118,9,15,5,147,0,0,4,5,9,118,9,19,10,156,0,0,0,156
08/24/2012,RSW,FL,ASO,ES,Combined TRACON& Tower with Radar,123,24,11,0,158,0,2,8,0,10,123,26,19,0,168,0,0,0,168
08/25/2012,RSW,FL,ASO,ES,Combined TRACON& Tower with Radar,120,23,18,0,161,0,0,1,0,1,120,23,19,0,162,0,0,0,162
08/26/2012,RSW,FL,ASO,ES,Combined TRACON& Tower with Radar,84,2,10,0,96,0,0,0,0,0,84,2,10,0,96,0,0,0,96
08/27/2012,RSW,FL,ASO,ES,Combined TRACON& Tower with Radar,122,2,0,0,124,0,0,0,0,0,122,2,0,0,124,0,0,0,124
08/28/2012,RSW,FL,ASO,ES,Combined TRACON& Tower with Radar,115,14,6,3,138,0,0,1,21,22,115,14,7,24,160,0,0,0,160
08/29/2012,RSW,FL,ASO,ES,Combined TRACON& Tower with Radar,113,15,13,0,141,0,0,7,0,7,113,15,20,0,148,0,0,0,148
08/30/2012,RSW,FL,ASO,ES,Combined TRACON& Tower with Radar,114,18,19,16,167,0,2,17,0,19,114,20,36,16,186,0,0,0,186
08/31/2012,RSW,FL,ASO,ES,Combined TRACON& Tower with Radar,114,18,17,2,151,0,4,3,0,7,114,22,20,2,158,0,0,0,158
09/01/2012,RSW,FL,ASO,ES,Combined TRACON& Tower with Radar,105,23,6,1,135,0,4,4,0,8,105,27,10,1,143,0,0,0,143
09/02/2012,RSW,FL,ASO,ES,Combined TRACON& Tower with Radar,96,18,8,0,122,0,3,8,0,11,96,21,16,0,133,0,0,0,133
09/03/2012,RSW,FL,ASO,ES,Combined TRACON& Tower with Radar,107,26,11,0,144,0,3,2,0,5,107,29,13,0,149,0,0,0,149
09/04/2012,RSW,FL,ASO,ES,Combined TRACON& Tower with Radar,108,16,2,0,126,0,0,15,0,15,108,16,17,0,141,0,0,0,141
09/05/2012,RSW,FL,ASO,ES,Combined TRACON& Tower with Radar,109,14,6,0,129,0,0,14,0,14,109,14,20,0,143,0,0,0,143
09/06/2012,RSW,FL,ASO,ES,Combined TRACON& Tower with Radar,112,15,3,0,130,0,0,4,0,4,112,15,7,0,134,0,0,0,134
09/07/2012,RSW,FL,ASO,ES,Combined TRACON& Tower with Radar,111,18,8,0,137,0,6,6,0,12,111,24,14,0,149,0,0,0,149
09/08/2012,RSW,FL,ASO,ES,Combined TRACON& Tower with Radar,106,21,9,0,136,0,3,18,0,21,106,24,27,0,157,0,0,0,157
09/09/2012,RSW,FL,ASO,ES,Combined TRACON& Tower with Radar,106,18,2,1,127,0,6,2,0,8,106,24,4,1,135,0,0,0,135
09/10/2012,RSW,FL,ASO,ES,Combined TRACON& Tower with Radar,107,14,0,1,122,0,0,0,0,0,107,14,0,1,122,0,0,0,122
09/11/2012,RSW,FL,ASO,ES,Combined TRACON& Tower with Radar,106,15,9,0,130,0,0,2,0,2,106,15,11,0,132,0,0,0,132
09/12/2012,RSW,FL,ASO,ES,Combined TRACON& Tower with Radar,106,19,3,0,128,0,1,5,0,6,106,20,8,0,134,0,0,0,134
09/13/2012,RSW,FL,ASO,ES,Combined TRACON& Tower with Radar,115,21,6,0,142,0,0,0,0,0,115,21,6,0,142,0,0,0,142
09/14/2012,RSW,FL,ASO,ES,Combined TRACON& Tower with Radar,108,23,18,0,149,0,1,13,0,14,108,24,31,0,163,0,0,0,163
09/15/2012,RSW,FL,ASO,ES,Combined TRACON& Tower with Radar,107,22,2,0,131,0,0,3,0,3,107,22,5,0,134,0,0,0,134
09/16/2012,RSW,FL,ASO,ES,Combined TRACON& Tower with Radar,104,19,13,0,136,0,0,2,0,2,104,19,15,0,138,0,0,0,138
09/17/2012,RSW,FL,ASO,ES,Combined TRACON& Tower with Radar,104,14,12,0,130,0,0,1,0,1,104,14,13,0,131,0,0,0,131
09/18/2012,RSW,FL,ASO,ES,Combined TRACON& Tower with Radar,107,15,11,0,133,0,0,2,0,2,107,15,13,0,135,0,0,0,135
09/19/2012,RSW,FL,ASO,ES,Combined TRACON& Tower with Radar,107,16,9,1,133,0,0,1,0,1,107,16,10,1,134,0,0,0,134
09/20/2012,RSW,FL,ASO,ES,Combined TRACON& Tower with Radar,111,21,14,10,156,0,1,10,0,11,111,22,24,10,167,2,0,2,169
09/21/2012,RSW,FL,ASO,ES,Combined TRACON& Tower with Radar,107,12,16,0,135,0,0,6,0,6,107,12,22,0,141,0,0,0,141
09/22/2012,RSW,FL,ASO,ES,Combined TRACON& Tower with Radar,109,15,4,10,138,0,0,0,0,0,109,15,4,10,138,0,0,0,138
09/23/2012,RSW,FL,ASO,ES,Combined TRACON& Tower with Radar,104,20,11,0,135,0,1,2,0,3,104,21,13,0,138,0,0,0,138
09/24/2012,RSW,FL,ASO,ES,Combined TRACON& Tower with Radar,103,13,11,0,127,0,0,0,0,0,103,13,11,0,127,0,0,0,127
09/25/2012,RSW,FL,ASO,ES,Combined TRACON& Tower with Radar,100,18,15,0,133,0,2,7,0,9,100,20,22,0,142,0,0,0,142
09/26/2012,RSW,FL,ASO,ES,Combined TRACON& Tower with Radar,104,21,22,28,175,0,0,4,0,4,104,21,26,28,179,0,0,0,179
09/27/2012,RSW,FL,ASO,ES,Combined TRACON& Tower with Radar,108,20,19,4,151,0,0,1,0,1,108,20,20,4,152,0,0,0,152
09/28/2012,RSW,FL,ASO,ES,Combined TRACON& Tower with Radar,107,31,15,7,160,0,0,1,3,4,107,31,16,10,164,0,0,0,164
09/29/2012,RSW,FL,ASO,ES,Combined TRACON& Tower with Radar,109,25,6,5,145,0,13,3,0,16,109,38,9,5,161,0,0,0,161
09/30/2012,RSW,FL,ASO,ES,Combined TRACON& Tower with Radar,107,34,5,2,148,0,0,3,0,3,107,34,8,2,151,0,0,0,151
10/01/2012,RSW,FL,ASO,ES,Combined TRACON& Tower with Radar,117,15,18,0,150,0,0,0,0,0,117,15,18,0,150,0,0,0,150
10/02/2012,RSW,FL,ASO,ES,Combined TRACON& Tower with Radar,124,27,12,7,170,0,0,0,1,1,124,27,12,8,171,0,10,10,181
10/03/2012,RSW,FL,ASO,ES,Combined TRACON& Tower with Radar,127,20,12,0,159,0,0,0,0,0,127,20,12,0,159,0,0,0,159
10/04/2012,RSW,FL,ASO,ES,Combined TRACON& Tower with Radar,146,23,18,0,187,0,0,9,0,9,146,23,27,0,196,0,0,0,196
10/05/2012,RSW,FL,ASO,ES,Combined TRACON& Tower with Radar,130,18,24,0,172,0,0,7,0,7,130,18,31,0,179,0,0,0,179
10/06/2012,RSW,FL,ASO,ES,Combined TRACON& Tower with Radar,134,15,11,0,160,0,0,6,0,6,134,15,17,0,166,0,0,0,166
10/07/2012,RSW,FL,ASO,ES,Combined TRACON& Tower with Radar,122,23,8,4,157,0,0,5,0,5,122,23,13,4,162,0,0,0,162
10/08/2012,RSW,FL,ASO,ES,Combined TRACON& Tower with Radar,128,20,11,0,159,0,0,4,0,4,128,20,15,0,163,0,0,0,163
10/09/2012,RSW,FL,ASO,ES,Combined TRACON& Tower with Radar,134,17,16,5,172,0,0,14,0,14,134,17,30,5,186,0,0,0,186
10/10/2012,RSW,FL,ASO,ES,Combined TRACON& Tower with Radar,130,18,16,0,164,0,0,2,0,2,130,18,18,0,166,0,0,0,166
10/11/2012,RSW,FL,ASO,ES,Combined TRACON& Tower with Radar,138,19,7,0,164,0,0,2,0,2,138,19,9,0,166,0,0,0,166
10/12/2012,RSW,FL,ASO,ES,Combined TRACON& Tower with Radar,129,24,5,0,158,0,0,3,0,3,129,24,8,0,161,0,0,0,161
10/13/2012,RSW,FL,ASO,ES,Combined TRACON& Tower with Radar,134,25,14,2,175,0,0,16,2,18,134,25,30,4,193,0,0,0,193
10/14/2012,RSW,FL,ASO,ES,Combined TRACON& Tower with Radar,122,14,15,0,151,0,0,0,0,0,122,14,15,0,151,0,0,0,151
10/15/2012,RSW,FL,ASO,ES,Combined TRACON& Tower with Radar,134,21,11,0,166,0,2,0,0,2,134,23,11,0,168,0,0,0,168
10/16/2012,RSW,FL,ASO,ES,Combined TRACON& Tower with Radar,134,17,13,0,164,0,0,1,0,1,134,17,14,0,165,0,0,0,165
10/17/2012,RSW,FL,ASO,ES,Combined TRACON& Tower with Radar,135,17,15,0,167,0,1,2,2,5,135,18,17,2,172,0,0,0,172
10/18/2012,RSW,FL,ASO,ES,Combined TRACON& Tower with Radar,140,12,33,2,187,0,0,3,0,3,140,12,36,2,190,0,0,0,190
10/19/2012,RSW,FL,ASO,ES,Combined TRACON& Tower with Radar,130,26,16,0,172,0,3,0,0,3,130,29,16,0,175,0,0,0,175
10/20/2012,RSW,FL,ASO,ES,Combined TRACON& Tower with Radar,139,17,15,23,194,0,3,2,0,5,139,20,17,23,199,0,0,0,199
10/21/2012,RSW,FL,ASO,ES,Combined TRACON& Tower with Radar,122,27,23,4,176,0,3,1,0,4,122,30,24,4,180,0,0,0,180
10/22/2012,RSW,FL,ASO,ES,Combined TRACON& Tower with Radar,135,17,23,2,177,0,3,6,0,9,135,20,29,2,186,0,0,0,186
10/23/2012,RSW,FL,ASO,ES,Combined TRACON& Tower with Radar,136,16,14,0,166,0,0,6,0,6,136,16,20,0,172,0,0,0,172
10/24/2012,RSW,FL,ASO,ES,Combined TRACON& Tower with Radar,135,25,13,4,177,0,0,3,0,3,135,25,16,4,180,0,0,0,180
10/25/2012,RSW,FL,ASO,ES,Combined TRACON& Tower with Radar,140,29,25,0,194,0,0,5,0,5,140,29,30,0,199,0,0,0,199
10/26/2012,RSW,FL,ASO,ES,Combined TRACON& Tower with Radar,133,30,7,0,170,0,3,1,0,4,133,33,8,0,174,0,0,0,174
10/27/2012,RSW,FL,ASO,ES,Combined TRACON& Tower with Radar,139,23,13,0,175,0,3,0,0,3,139,26,13,0,178,0,0,0,178
10/28/2012,RSW,FL,ASO,ES,Combined TRACON& Tower with Radar,132,33,23,0,188,0,5,2,0,7,132,38,25,0,195,0,0,0,195
10/29/2012,RSW,FL,ASO,ES,Combined TRACON& Tower with Radar,95,27,8,2,132,0,4,0,0,4,95,31,8,2,136,0,0,0,136
10/30/2012,RSW,FL,ASO,ES,Combined TRACON& Tower with Radar,105,14,25,2,146,0,0,15,0,15,105,14,40,2,161,0,0,0,161
10/31/2012,RSW,FL,ASO,ES,Combined TRACON& Tower with Radar,128,24,23,2,177,0,0,2,0,2,128,24,25,2,179,0,0,0,179
11/01/2012,RSW,FL,ASO,ES,Combined TRACON& Tower with Radar,146,24,10,0,180,0,0,2,0,2,146,24,12,0,182,0,0,0,182
11/02/2012,RSW,FL,ASO,ES,Combined TRACON& Tower with Radar,147,22,16,2,187,0,4,1,0,5,147,26,17,2,192,0,0,0,192
11/03/2012,RSW,FL,ASO,ES,Combined TRACON& Tower with Radar,154,27,4,3,188,0,3,4,0,7,154,30,8,3,195,0,0,0,195
11/04/2012,RSW,FL,ASO,ES,Combined TRACON& Tower with Radar,162,27,21,6,216,0,5,1,0,6,162,32,22,6,222,0,0,0,222
11/05/2012,RSW,FL,ASO,ES,Combined TRACON& Tower with Radar,166,23,11,0,200,0,4,3,0,7,166,27,14,0,207,0,0,0,207
11/06/2012,RSW,FL,ASO,ES,Combined TRACON& Tower with Radar,166,17,25,1,209,0,2,2,1,5,166,19,27,2,214,0,0,0,214
11/07/2012,RSW,FL,ASO,ES,Combined TRACON& Tower with Radar,160,16,11,6,193,0,0,2,0,2,160,16,13,6,195,0,0,0,195
11/08/2012,RSW,FL,ASO,ES,Combined TRACON& Tower with Radar,182,16,39,0,237,0,1,21,0,22,182,17,60,0,259,0,0,0,259
11/09/2012,RSW,FL,ASO,ES,Combined TRACON& Tower with Radar,188,18,14,0,220,0,4,4,0,8,188,22,18,0,228,0,0,0,228
11/10/2012,RSW,FL,ASO,ES,Combined TRACON& Tower with Radar,193,17,13,0,223,0,3,6,0,9,193,20,19,0,232,0,0,0,232
11/11/2012,RSW,FL,ASO,ES,Combined TRACON& Tower with Radar,189,32,17,0,238,0,3,4,0,7,189,35,21,0,245,0,0,0,245
11/12/2012,RSW,FL,ASO,ES,Combined TRACON& Tower with Radar,176,31,8,0,215,0,1,6,0,7,176,32,14,0,222,0,0,0,222
11/13/2012,RSW,FL,ASO,ES,Combined TRACON& Tower with Radar,184,25,17,3,229,0,0,5,0,5,184,25,22,3,234,0,0,0,234
11/14/2012,RSW,FL,ASO,ES,Combined TRACON& Tower with Radar,177,18,16,0,211,0,0,3,0,3,177,18,19,0,214,0,0,0,214
11/15/2012,RSW,FL,ASO,ES,Combined TRACON& Tower with Radar,196,18,21,18,253,0,0,11,2,13,196,18,32,20,266,0,0,0,266
11/16/2012,RSW,FL,ASO,ES,Combined TRACON& Tower with Radar,200,20,28,0,248,0,4,0,0,4,200,24,28,0,252,0,0,0,252
11/17/2012,RSW,FL,ASO,ES,Combined TRACON& Tower with Radar,212,21,19,1,253,0,3,0,0,3,212,24,19,1,256,0,0,0,256
11/18/2012,RSW,FL,ASO,ES,Combined TRACON& Tower with Radar,210,29,21,1,261,0,4,0,0,4,210,33,21,1,265,0,0,0,265
11/19/2012,RSW,FL,ASO,ES,Combined TRACON& Tower with Radar,196,31,20,8,255,0,3,2,0,5,196,34,22,8,260,0,0,0,260
11/20/2012,RSW,FL,ASO,ES,Combined TRACON& Tower with Radar,217,15,39,0,271,0,0,5,0,5,217,15,44,0,276,0,0,0,276
11/21/2012,RSW,FL,ASO,ES,Combined TRACON& Tower with Radar,216,26,23,0,265,0,0,6,0,6,216,26,29,0,271,0,0,0,271
11/22/2012,RSW,FL,ASO,ES,Combined TRACON& Tower with Radar,149,16,8,0,173,0,0,4,0,4,149,16,12,0,177,0,0,0,177
11/23/2012,RSW,FL,ASO,ES,Combined TRACON& Tower with Radar,183,23,16,0,222,0,4,0,0,4,183,27,16,0,226,0,0,0,226
11/24/2012,RSW,FL,ASO,ES,Combined TRACON& Tower with Radar,220,23,17,0,260,0,5,6,0,11,220,28,23,0,271,0,0,0,271
11/25/2012,RSW,FL,ASO,ES,Combined TRACON& Tower with Radar,210,33,35,0,278,0,3,3,0,6,210,36,38,0,284,0,0,0,284
11/26/2012,RSW,FL,ASO,ES,Combined TRACON& Tower with Radar,214,27,14,0,255,0,3,6,0,9,214,30,20,0,264,0,0,0,264
11/27/2012,RSW,FL,ASO,ES,Combined TRACON& Tower with Radar,185,18,14,0,217,0,1,3,1,5,185,19,17,1,222,0,0,0,222
11/28/2012,RSW,FL,ASO,ES,Combined TRACON& Tower with Radar,179,13,12,1,205,0,0,2,1,3,179,13,14,2,208,0,0,0,208
11/29/2012,RSW,FL,ASO,ES,Combined TRACON& Tower with Radar,185,20,15,0,220,0,0,10,0,10,185,20,25,0,230,0,0,0,230
11/30/2012,RSW,FL,ASO,ES,Combined TRACON& Tower with Radar,183,17,13,0,213,0,3,5,0,8,183,20,18,0,221,0,0,0,221
12/01/2012,RSW,FL,ASO,ES,Combined TRACON& Tower with Radar,192,20,22,0,234,0,3,10,0,13,192,23,32,0,247,0,0,0,247
12/02/2012,RSW,FL,ASO,ES,Combined TRACON& Tower with Radar,171,26,16,1,214,0,3,5,0,8,171,29,21,1,222,0,0,0,222
12/03/2012,RSW,FL,ASO,ES,Combined TRACON& Tower with Radar,172,29,14,2,217,0,3,2,1,6,172,32,16,3,223,0,0,0,223
12/04/2012,RSW,FL,ASO,ES,Combined TRACON& Tower with Radar,185,16,16,0,217,0,0,5,0,5,185,16,21,0,222,0,0,0,222
12/05/2012,RSW,FL,ASO,ES,Combined TRACON& Tower with Radar,181,25,10,0,216,0,0,0,0,0,181,25,10,0,216,0,0,0,216
12/06/2012,RSW,FL,ASO,ES,Combined TRACON& Tower with Radar,184,22,23,0,229,0,0,3,0,3,184,22,26,0,232,0,0,0,232
12/07/2012,RSW,FL,ASO,ES,Combined TRACON& Tower with Radar,181,24,10,0,215,0,4,3,0,7,181,28,13,0,222,0,0,0,222
12/08/2012,RSW,FL,ASO,ES,Combined TRACON& Tower with Radar,184,14,8,0,206,0,4,2,0,6,184,18,10,0,212,0,0,0,212
12/09/2012,RSW,FL,ASO,ES,Combined TRACON& Tower with Radar,176,25,18,16,235,0,3,2,0,5,176,28,20,16,240,0,0,0,240
12/10/2012,RSW,FL,ASO,ES,Combined TRACON& Tower with Radar,171,23,20,0,214,0,5,2,0,7,171,28,22,0,221,0,0,0,221
12/11/2012,RSW,FL,ASO,ES,Combined TRACON& Tower with Radar,187,19,13,0,219,0,0,0,0,0,187,19,13,0,219,0,0,0,219
12/12/2012,RSW,FL,ASO,ES,Combined TRACON& Tower with Radar,181,17,12,5,215,0,1,5,0,6,181,18,17,5,221,0,0,0,221
12/13/2012,RSW,FL,ASO,ES,Combined TRACON& Tower with Radar,189,14,9,0,212,0,0,0,0,0,189,14,9,0,212,0,0,0,212
12/14/2012,RSW,FL,ASO,ES,Combined TRACON& Tower with Radar,184,26,21,0,231,0,1,2,0,3,184,27,23,0,234,0,0,0,234
12/15/2012,RSW,FL,ASO,ES,Combined TRACON& Tower with Radar,201,17,17,0,235,0,1,8,0,9,201,18,25,0,244,0,0,0,244
12/16/2012,RSW,FL,ASO,ES,Combined TRACON& Tower with Radar,200,19,14,0,233,0,3,0,0,3,200,22,14,0,236,0,0,0,236
12/17/2012,RSW,FL,ASO,ES,Combined TRACON& Tower with Radar,192,23,7,0,222,0,0,0,0,0,192,23,7,0,222,0,0,0,222
12/18/2012,RSW,FL,ASO,ES,Combined TRACON& Tower with Radar,214,19,26,0,259,0,0,1,0,1,214,19,27,0,260,0,0,0,260
12/19/2012,RSW,FL,ASO,ES,Combined TRACON& Tower with Radar,224,15,15,0,254,0,0,7,0,7,224,15,22,0,261,0,0,0,261
12/20/2012,RSW,FL,ASO,ES,Combined TRACON& Tower with Radar,235,18,20,0,273,0,0,2,0,2,235,18,22,0,275,0,0,0,275
12/21/2012,RSW,FL,ASO,ES,Combined TRACON& Tower with Radar,234,19,11,0,264,0,5,6,0,11,234,24,17,0,275,0,0,0,275
12/22/2012,RSW,FL,ASO,ES,Combined TRACON& Tower with Radar,232,18,19,0,269,0,6,5,0,11,232,24,24,0,280,4,0,4,284
12/23/2012,RSW,FL,ASO,ES,Combined TRACON& Tower with Radar,218,18,19,0,255,0,5,6,2,13,218,23,25,2,268,0,0,0,268
12/24/2012,RSW,FL,ASO,ES,Combined TRACON& Tower with Radar,201,13,11,0,225,0,4,2,0,6,201,17,13,0,231,0,0,0,231
12/25/2012,RSW,FL,ASO,ES,Combined TRACON& Tower with Radar,218,20,9,0,247,0,0,0,0,0,218,20,9,0,247,0,0,0,247
12/26/2012,RSW,FL,ASO,ES,Combined TRACON& Tower with Radar,235,30,60,0,325,0,2,4,0,6,235,32,64,0,331,0,0,0,331
12/27/2012,RSW,FL,ASO,ES,Combined TRACON& Tower with Radar,249,38,44,0,331,0,1,9,0,10,249,39,53,0,341,0,0,0,341
12/28/2012,RSW,FL,ASO,ES,Combined TRACON& Tower with Radar,231,54,42,0,327,0,0,2,0,2,231,54,44,0,329,0,0,0,329
12/29/2012,RSW,FL,ASO,ES,Combined TRACON& Tower with Radar,236,32,12,0,280,0,0,2,0,2,236,32,14,0,282,0,0,0,282
12/30/2012,RSW,FL,ASO,ES,Combined TRACON& Tower with Radar,228,32,18,0,278,0,0,2,0,2,228,32,20,0,280,0,0,0,280
12/31/2012,RSW,FL,ASO,ES,Combined TRACON& Tower with Radar,216,38,16,0,270,0,0,11,0,11,216,38,27,0,281,0,0,0,281
01/01/2013,RSW,FL,ASO,ES,Combined TRACON& Tower with Radar,227,27,16,0,270,0,0,1,0,1,227,27,17,0,271,0,0,0,271
01/02/2013,RSW,FL,ASO,ES,Combined TRACON& Tower with Radar,224,22,31,0,277,0,0,10,0,10,224,22,41,0,287,0,0,0,287
01/03/2013,RSW,FL,ASO,ES,Combined TRACON& Tower with Radar,241,17,21,1,280,0,0,9,1,10,241,17,30,2,290,0,0,0,290
01/04/2013,RSW,FL,ASO,ES,Combined TRACON& Tower with Radar,225,33,32,0,290,0,1,0,0,1,225,34,32,0,291,0,0,0,291
01/05/2013,RSW,FL,ASO,ES,Combined TRACON& Tower with Radar,236,46,26,0,308,0,2,8,0,10,236,48,34,0,318,0,0,0,318
01/06/2013,RSW,FL,ASO,ES,Combined TRACON& Tower with Radar,219,28,26,0,273,0,1,0,1,2,219,29,26,1,275,0,0,0,275
01/07/2013,RSW,FL,ASO,ES,Combined TRACON& Tower with Radar,209,24,14,1,248,0,0,1,0,1,209,24,15,1,249,0,0,0,249
01/08/2013,RSW,FL,ASO,ES,Combined TRACON& Tower with Radar,204,23,19,0,246,0,0,7,0,7,204,23,26,0,253,0,0,0,253
01/09/2013,RSW,FL,ASO,ES,Combined TRACON& Tower with Radar,201,18,23,4,246,0,0,1,0,1,201,18,24,4,247,0,0,0,247
01/10/2013,RSW,FL,ASO,ES,Combined TRACON& Tower with Radar,211,19,28,0,258,0,1,6,0,7,211,20,34,0,265,0,0,0,265
01/11/2013,RSW,FL,ASO,ES,Combined TRACON& Tower with Radar,212,32,16,8,268,0,8,7,0,15,212,40,23,8,283,0,0,0,283
01/12/2013,RSW,FL,ASO,ES,Combined TRACON& Tower with Radar,222,19,13,0,254,0,7,7,0,14,222,26,20,0,268,0,0,0,268
01/13/2013,RSW,FL,ASO,ES,Combined TRACON& Tower with Radar,206,22,17,7,252,0,5,5,0,10,206,27,22,7,262,0,0,0,262
01/14/2013,RSW,FL,ASO,ES,Combined TRACON& Tower with Radar,207,32,18,0,257,0,3,8,0,11,207,35,26,0,268,0,0,0,268
01/15/2013,RSW,FL,ASO,ES,Combined TRACON& Tower with Radar,202,20,26,2,250,0,0,6,0,6,202,20,32,2,256,0,0,0,256
01/16/2013,RSW,FL,ASO,ES,Combined TRACON& Tower with Radar,200,24,11,0,235,0,1,0,0,1,200,25,11,0,236,0,0,0,236
01/17/2013,RSW,FL,ASO,ES,Combined TRACON& Tower with Radar,211,19,30,6,266,0,0,6,0,6,211,19,36,6,272,11,0,11,283
01/18/2013,RSW,FL,ASO,ES,Combined TRACON& Tower with Radar,215,35,28,2,280,0,0,15,1,16,215,35,43,3,296,12,0,12,308
01/19/2013,RSW,FL,ASO,ES,Combined TRACON& Tower with Radar,227,30,21,4,282,0,2,18,5,25,227,32,39,9,307,0,0,0,307
01/20/2013,RSW,FL,ASO,ES,Combined TRACON& Tower with Radar,205,23,32,1,261,0,4,1,0,5,205,27,33,1,266,0,0,0,266
01/21/2013,RSW,FL,ASO,ES,Combined TRACON& Tower with Radar,202,24,18,0,244,0,0,2,0,2,202,24,20,0,246,0,0,0,246
01/22/2013,RSW,FL,ASO,ES,Combined TRACON& Tower with Radar,202,15,35,4,256,0,0,4,0,4,202,15,39,4,260,0,0,0,260
01/23/2013,RSW,FL,ASO,ES,Combined TRACON& Tower with Radar,182,19,19,6,226,0,0,4,0,4,182,19,23,6,230,0,0,0,230
01/24/2013,RSW,FL,ASO,ES,Combined TRACON& Tower with Radar,209,28,42,0,279,0,1,6,0,7,209,29,48,0,286,0,0,0,286
01/25/2013,RSW,FL,ASO,ES,Combined TRACON& Tower with Radar,211,31,17,0,259,0,3,9,0,12,211,34,26,0,271,0,0,0,271
01/26/2013,RSW,FL,ASO,ES,Combined TRACON& Tower with Radar,225,25,23,0,273,0,4,14,0,18,225,29,37,0,291,0,0,0,291
01/27/2013,RSW,FL,ASO,ES,Combined TRACON& Tower with Radar,212,25,27,0,264,0,5,6,0,11,212,30,33,0,275,0,0,0,275
01/28/2013,RSW,FL,ASO,ES,Combined TRACON& Tower with Radar,203,22,24,8,257,0,0,2,0,2,203,22,26,8,259,0,0,0,259
01/29/2013,RSW,FL,ASO,ES,Combined TRACON& Tower with Radar,198,14,33,0,245,0,0,2,0,2,198,14,35,0,247,0,0,0,247
01/30/2013,RSW,FL,ASO,ES,Combined TRACON& Tower with Radar,200,20,23,9,252,0,0,2,0,2,200,20,25,9,254,0,0,0,254
01/31/2013,RSW,FL,ASO,ES,Combined TRACON& Tower with Radar,218,14,22,4,258,0,0,0,0,0,218,14,22,4,258,0,0,0,258
02/01/2013,RSW,FL,ASO,ES,Combined TRACON& Tower with Radar,211,29,17,2,259,0,5,9,0,14,211,34,26,2,273,0,0,0,273
02/02/2013,RSW,FL,ASO,ES,Combined TRACON& Tower with Radar,223,22,20,2,267,0,6,6,0,12,223,28,26,2,279,0,0,0,279
02/03/2013,RSW,FL,ASO,ES,Combined TRACON& Tower with Radar,213,26,18,0,257,0,4,4,0,8,213,30,22,0,265,0,0,0,265
02/04/2013,RSW,FL,ASO,ES,Combined TRACON& Tower with Radar,208,24,41,15,288,0,3,6,1,10,208,27,47,16,298,0,0,0,298
02/05/2013,RSW,FL,ASO,ES,Combined TRACON& Tower with Radar,203,22,19,4,248,0,0,5,0,5,203,22,24,4,253,0,0,0,253
02/06/2013,RSW,FL,ASO,ES,Combined TRACON& Tower with Radar,208,17,12,2,239,0,0,5,0,5,208,17,17,2,244,0,0,0,244
02/07/2013,RSW,FL,ASO,ES,Combined TRACON& Tower with Radar,213,22,14,4,253,0,0,3,0,3,213,22,17,4,256,0,0,0,256
02/08/2013,RSW,FL,ASO,ES,Combined TRACON& Tower with Radar,186,24,16,0,226,0,5,4,0,9,186,29,20,0,235,0,0,0,235
02/09/2013,RSW,FL,ASO,ES,Combined TRACON& Tower with Radar,198,26,27,0,251,0,4,1,0,5,198,30,28,0,256,0,0,0,256
02/10/2013,RSW,FL,ASO,ES,Combined TRACON& Tower with Radar,209,23,22,0,254,0,5,8,0,13,209,28,30,0,267,0,0,0,267
02/11/2013,RSW,FL,ASO,ES,Combined TRACON& Tower with Radar,205,19,22,0,246,0,5,3,0,8,205,24,25,0,254,0,0,0,254
02/12/2013,RSW,FL,ASO,ES,Combined TRACON& Tower with Radar,208,18,20,10,256,0,0,9,0,9,208,18,29,10,265,0,0,0,265
02/13/2013,RSW,FL,ASO,ES,Combined TRACON& Tower with Radar,220,18,24,0,262,0,0,5,0,5,220,18,29,0,267,0,0,0,267
02/14/2013,RSW,FL,ASO,ES,Combined TRACON& Tower with Radar,259,21,27,0,307,0,0,0,0,0,259,21,27,0,307,0,0,0,307
02/15/2013,RSW,FL,ASO,ES,Combined TRACON& Tower with Radar,251,43,42,6,342,0,0,3,0,3,251,43,45,6,345,0,0,0,345
02/16/2013,RSW,FL,ASO,ES,Combined TRACON& Tower with Radar,269,27,17,0,313,0,4,1,0,5,269,31,18,0,318,0,0,0,318
02/17/2013,RSW,FL,ASO,ES,Combined TRACON& Tower with Radar,257,30,32,1,320,0,3,2,0,5,257,33,34,1,325,0,0,0,325
02/18/2013,RSW,FL,ASO,ES,Combined TRACON& Tower with Radar,254,22,36,0,312,0,4,5,0,9,254,26,41,0,321,0,0,0,321
02/19/2013,RSW,FL,ASO,ES,Combined TRACON& Tower with Radar,255,22,20,4,301,0,0,1,0,1,255,22,21,4,302,0,0,0,302
02/20/2013,RSW,FL,ASO,ES,Combined TRACON& Tower with Radar,255,31,50,8,344,0,0,10,0,10,255,31,60,8,354,0,0,0,354
02/21/2013,RSW,FL,ASO,ES,Combined TRACON& Tower with Radar,252,26,27,0,305,0,0,7,2,9,252,26,34,2,314,0,0,0,314
02/22/2013,RSW,FL,ASO,ES,Combined TRACON& Tower with Radar,245,24,26,0,295,0,3,9,0,12,245,27,35,0,307,0,0,0,307
02/23/2013,RSW,FL,ASO,ES,Combined TRACON& Tower with Radar,276,28,19,15,338,0,4,6,0,10,276,32,25,15,348,0,0,0,348
02/24/2013,RSW,FL,ASO,ES,Combined TRACON& Tower with Radar,257,47,52,0,356,0,4,4,0,8,257,51,56,0,364,0,0,0,364
02/25/2013,RSW,FL,ASO,ES,Combined TRACON& Tower with Radar,248,36,32,0,316,0,6,6,0,12,248,42,38,0,328,0,0,0,328
02/26/2013,RSW,FL,ASO,ES,Combined TRACON& Tower with Radar,240,17,14,0,271,0,0,0,0,0,240,17,14,0,271,0,0,0,271
02/27/2013,RSW,FL,ASO,ES,Combined TRACON& Tower with Radar,242,20,31,0,293,0,1,2,0,3,242,21,33,0,296,0,0,0,296
02/28/2013,RSW,FL,ASO,ES,Combined TRACON& Tower with Radar,267,20,28,2,317,0,0,1,0,1,267,20,29,2,318,0,0,0,318
03/01/2013,RSW,FL,ASO,ES,Combined TRACON& Tower with Radar,246,41,19,0,306,0,0,3,0,3,246,41,22,0,309,0,0,0,309
03/02/2013,RSW,FL,ASO,ES,Combined TRACON& Tower with Radar,276,41,19,0,336,0,5,16,0,21,276,46,35,0,357,12,12,24,381
03/03/2013,RSW,FL,ASO,ES,Combined TRACON& Tower with Radar,263,48,21,6,338,0,3,2,0,5,263,51,23,6,343,0,0,0,343
03/04/2013,RSW,FL,ASO,ES,Combined TRACON& Tower with Radar,253,33,20,5,311,0,4,7,0,11,253,37,27,5,322,0,0,0,322
03/05/2013,RSW,FL,ASO,ES,Combined TRACON& Tower with Radar,252,34,8,1,295,0,0,9,0,9,252,34,17,1,304,0,0,0,304
03/06/2013,RSW,FL,ASO,ES,Combined TRACON& Tower with Radar,252,30,15,0,297,0,0,11,0,11,252,30,26,0,308,0,0,0,308
03/07/2013,RSW,FL,ASO,ES,Combined TRACON& Tower with Radar,266,20,41,2,329,0,0,18,0,18,266,20,59,2,347,0,0,0,347
03/08/2013,RSW,FL,ASO,ES,Combined TRACON& Tower with Radar,255,35,30,0,320,0,5,3,0,8,255,40,33,0,328,0,0,0,328
03/09/2013,RSW,FL,ASO,ES,Combined TRACON& Tower with Radar,284,37,26,0,347,0,4,2,0,6,284,41,28,0,353,0,0,0,353
03/10/2013,RSW,FL,ASO,ES,Combined TRACON& Tower with Radar,264,38,24,0,326,0,5,4,0,9,264,43,28,0,335,0,0,0,335
03/11/2013,RSW,FL,ASO,ES,Combined TRACON& Tower with Radar,265,29,28,8,330,0,0,1,0,1,265,29,29,8,331,0,0,0,331
03/12/2013,RSW,FL,ASO,ES,Combined TRACON& Tower with Radar,268,24,28,0,320,0,0,2,0,2,268,24,30,0,322,0,0,0,322
03/13/2013,RSW,FL,ASO,ES,Combined TRACON& Tower with Radar,269,18,15,6,308,0,0,10,0,10,269,18,25,6,318,0,0,0,318
03/14/2013,RSW,FL,ASO,ES,Combined TRACON& Tower with Radar,276,23,19,0,318,0,0,10,0,10,276,23,29,0,328,0,0,0,328
03/15/2013,RSW,FL,ASO,ES,Combined TRACON& Tower with Radar,270,42,25,0,337,0,5,7,0,12,270,47,32,0,349,0,0,0,349
03/16/2013,RSW,FL,ASO,ES,Combined TRACON& Tower with Radar,297,30,23,0,350,0,7,1,0,8,297,37,24,0,358,0,0,0,358
03/17/2013,RSW,FL,ASO,ES,Combined TRACON& Tower with Radar,269,38,28,0,335,0,4,9,0,13,269,42,37,0,348,0,0,0,348
03/18/2013,RSW,FL,ASO,ES,Combined TRACON& Tower with Radar,254,30,22,0,306,0,1,2,0,3,254,31,24,0,309,0,0,0,309
03/19/2013,RSW,FL,ASO,ES,Combined TRACON& Tower with Radar,266,27,13,7,313,0,0,2,0,2,266,27,15,7,315,0,0,0,315
03/20/2013,RSW,FL,ASO,ES,Combined TRACON& Tower with Radar,271,25,20,0,316,0,0,4,0,4,271,25,24,0,320,0,0,0,320
03/21/2013,RSW,FL,ASO,ES,Combined TRACON& Tower with Radar,278,32,30,13,353,0,0,26,0,26,278,32,56,13,379,0,0,0,379
03/22/2013,RSW,FL,ASO,ES,Combined TRACON& Tower with Radar,269,41,49,1,360,0,0,4,0,4,269,41,53,1,364,0,0,0,364
03/23/2013,RSW,FL,ASO,ES,Combined TRACON& Tower with Radar,289,38,35,0,362,0,4,8,0,12,289,42,43,0,374,0,0,0,374
03/24/2013,RSW,FL,ASO,ES,Combined TRACON& Tower with Radar,256,49,21,1,327,0,0,8,0,8,256,49,29,1,335,0,0,0,335
03/25/2013,RSW,FL,ASO,ES,Combined TRACON& Tower with Radar,258,24,23,0,305,0,4,1,0,5,258,28,24,0,310,0,0,0,310
03/26/2013,RSW,FL,ASO,ES,Combined TRACON& Tower with Radar,277,26,29,0,332,0,0,6,0,6,277,26,35,0,338,0,0,0,338
03/27/2013,RSW,FL,ASO,ES,Combined TRACON& Tower with Radar,274,29,30,5,338,0,1,2,1,4,274,30,32,6,342,0,0,0,342
03/28/2013,RSW,FL,ASO,ES,Combined TRACON& Tower with Radar,275,41,29,0,345,0,0,3,0,3,275,41,32,0,348,0,0,0,348
03/29/2013,RSW,FL,ASO,ES,Combined TRACON& Tower with Radar,270,49,35,0,354,0,5,9,0,14,270,54,44,0,368,22,0,22,390
03/30/2013,RSW,FL,ASO,ES,Combined TRACON& Tower with Radar,301,42,23,0,366,0,5,4,0,9,301,47,27,0,375,0,0,0,375
03/31/2013,RSW,FL,ASO,ES,Combined TRACON& Tower with Radar,274,31,20,0,325,0,5,1,0,6,274,36,21,0,331,0,0,0,331
04/01/2013,RSW,FL,ASO,ES,Combined TRACON& Tower with Radar,275,45,44,0,364,0,4,6,0,10,275,49,50,0,374,0,0,0,374
04/02/2013,RSW,FL,ASO,ES,Combined TRACON& Tower with Radar,272,35,33,0,340,0,0,2,0,2,272,35,35,0,342,0,0,0,342
04/03/2013,RSW,FL,ASO,ES,Combined TRACON& Tower with Radar,266,31,16,0,313,0,0,7,0,7,266,31,23,0,320,0,0,0,320
04/04/2013,RSW,FL,ASO,ES,Combined TRACON& Tower with Radar,286,30,25,2,343,0,0,0,0,0,286,30,25,2,343,0,0,0,343
04/05/2013,RSW,FL,ASO,ES,Combined TRACON& Tower with Radar,264,32,14,0,310,0,0,2,0,2,264,32,16,0,312,0,0,0,312
04/06/2013,RSW,FL,ASO,ES,Combined TRACON& Tower with Radar,285,46,18,0,349,0,4,5,0,9,285,50,23,0,358,0,0,0,358
04/07/2013,RSW,FL,ASO,ES,Combined TRACON& Tower with Radar,265,39,29,0,333,0,5,4,0,9,265,44,33,0,342,0,0,0,342
04/08/2013,RSW,FL,ASO,ES,Combined TRACON& Tower with Radar,250,25,16,0,291,0,1,11,0,12,250,26,27,0,303,0,0,0,303
04/09/2013,RSW,FL,ASO,ES,Combined TRACON& Tower with Radar,252,23,18,1,294,0,1,9,0,10,252,24,27,1,304,0,0,0,304
04/10/2013,RSW,FL,ASO,ES,Combined TRACON& Tower with Radar,237,23,11,0,271,0,0,12,0,12,237,23,23,0,283,0,0,0,283
04/11/2013,RSW,FL,ASO,ES,Combined TRACON& Tower with Radar,245,21,25,0,291,0,0,16,0,16,245,21,41,0,307,0,0,0,307
04/12/2013,RSW,FL,ASO,ES,Combined TRACON& Tower with Radar,240,19,13,0,272,0,6,5,0,11,240,25,18,0,283,0,0,0,283
04/13/2013,RSW,FL,ASO,ES,Combined TRACON& Tower with Radar,274,27,17,0,318,0,0,4,0,4,274,27,21,0,322,0,0,0,322
04/14/2013,RSW,FL,ASO,ES,Combined TRACON& Tower with Radar,204,41,24,0,269,0,4,9,0,13,204,45,33,0,282,0,0,0,282
04/15/2013,RSW,FL,ASO,ES,Combined TRACON& Tower with Radar,199,24,20,0,243,0,3,1,0,4,199,27,21,0,247,0,0,0,247
04/16/2013,RSW,FL,ASO,ES,Combined TRACON& Tower with Radar,203,30,17,0,250,0,0,3,0,3,203,30,20,0,253,0,0,0,253
04/17/2013,RSW,FL,ASO,ES,Combined TRACON& Tower with Radar,193,35,23,0,251,0,0,9,0,9,193,35,32,0,260,0,0,0,260
04/18/2013,RSW,FL,ASO,ES,Combined TRACON& Tower with Radar,198,23,32,0,253,0,0,4,0,4,198,23,36,0,257,0,0,0,257
04/19/2013,RSW,FL,ASO,ES,Combined TRACON& Tower with Radar,191,30,12,0,233,0,5,5,0,10,191,35,17,0,243,0,0,0,243
04/20/2013,RSW,FL,ASO,ES,Combined TRACON& Tower with Radar,219,33,28,0,280,0,0,0,0,0,219,33,28,0,280,0,0,0,280
04/21/2013,RSW,FL,ASO,ES,Combined TRACON& Tower with Radar,199,34,19,0,252,0,2,5,0,7,199,36,24,0,259,0,0,0,259
04/22/2013,RSW,FL,ASO,ES,Combined TRACON& Tower with Radar,197,28,24,0,249,0,3,5,0,8,197,31,29,0,257,0,0,0,257
04/23/2013,RSW,FL,ASO,ES,Combined TRACON& Tower with Radar,200,16,24,0,240,0,0,7,1,8,200,16,31,1,248,0,0,0,248
04/24/2013,RSW,FL,ASO,ES,Combined TRACON& Tower with Radar,194,20,16,0,230,0,0,12,0,12,194,20,28,0,242,0,0,0,242
04/25/2013,RSW,FL,ASO,ES,Combined TRACON& Tower with Radar,186,24,29,4,243,0,1,5,0,6,186,25,34,4,249,0,0,0,249
04/26/2013,RSW,FL,ASO,ES,Combined TRACON& Tower with Radar,180,21,26,8,235,0,5,6,0,11,180,26,32,8,246,0,0,0,246
04/27/2013,RSW,FL,ASO,ES,Combined TRACON& Tower with Radar,190,31,15,0,236,0,3,7,0,10,190,34,22,0,246,0,0,0,246
04/28/2013,RSW,FL,ASO,ES,Combined TRACON& Tower with Radar,184,25,16,0,225,0,0,3,0,3,184,25,19,0,228,0,0,0,228
04/29/2013,RSW,FL,ASO,ES,Combined TRACON& Tower with Radar,178,26,16,2,222,0,1,3,0,4,178,27,19,2,226,0,0,0,226
04/30/2013,RSW,FL,ASO,ES,Combined TRACON& Tower with Radar,222,27,20,2,271,0,0,2,0,2,222,27,22,2,273,0,0,0,273
05/01/2013,RSW,FL,ASO,ES,Combined TRACON& Tower with Radar,162,25,21,0,208,0,3,3,0,6,162,28,24,0,214,0,0,0,214
05/02/2013,RSW,FL,ASO,ES,Combined TRACON& Tower with Radar,205,27,24,0,256,0,0,0,0,0,205,27,24,0,256,0,0,0,256
05/03/2013,RSW,FL,ASO,ES,Combined TRACON& Tower with Radar,155,19,22,0,196,0,3,4,0,7,155,22,26,0,203,0,0,0,203
05/04/2013,RSW,FL,ASO,ES,Combined TRACON& Tower with Radar,173,23,16,0,212,0,1,0,0,1,173,24,16,0,213,0,0,0,213
05/05/2013,RSW,FL,ASO,ES,Combined TRACON& Tower with Radar,152,26,18,0,196,0,2,6,0,8,152,28,24,0,204,0,0,0,204
05/06/2013,RSW,FL,ASO,ES,Combined TRACON& Tower with Radar,156,23,17,0,196,0,6,15,0,21,156,29,32,0,217,0,0,0,217
05/07/2013,RSW,FL,ASO,ES,Combined TRACON& Tower with Radar,151,20,20,4,195,0,0,8,0,8,151,20,28,4,203,0,0,0,203
05/08/2013,RSW,FL,ASO,ES,Combined TRACON& Tower with Radar,148,19,14,0,181,0,0,2,0,2,148,19,16,0,183,0,0,0,183
05/09/2013,RSW,FL,ASO,ES,Combined TRACON& Tower with Radar,167,21,16,0,204,0,3,6,1,10,167,24,22,1,214,0,0,0,214
05/10/2013,RSW,FL,ASO,ES,Combined TRACON& Tower with Radar,151,29,16,0,196,0,5,4,0,9,151,34,20,0,205,0,0,0,205
05/11/2013,RSW,FL,ASO,ES,Combined TRACON& Tower with Radar,162,23,13,0,198,0,4,7,0,11,162,27,20,0,209,0,0,0,209
05/12/2013,RSW,FL,ASO,ES,Combined TRACON& Tower with Radar,151,28,12,0,191,0,2,1,0,3,151,30,13,0,194,0,0,0,194
05/13/2013,RSW,FL,ASO,ES,Combined TRACON& Tower with Radar,152,24,23,0,199,0,4,11,0,15,152,28,34,0,214,0,0,0,214
05/14/2013,RSW,FL,ASO,ES,Combined TRACON& Tower with Radar,152,18,23,0,193,0,0,6,0,6,152,18,29,0,199,0,0,0,199
05/15/2013,RSW,FL,ASO,ES,Combined TRACON& Tower with Radar,150,18,17,6,191,0,0,9,0,9,150,18,26,6,200,0,0,0,200
05/16/2013,RSW,FL,ASO,ES,Combined TRACON& Tower with Radar,157,19,23,0,199,0,0,13,0,13,157,19,36,0,212,0,0,0,212
05/17/2013,RSW,FL,ASO,ES,Combined TRACON& Tower with Radar,155,22,5,0,182,0,4,2,0,6,155,26,7,0,188,0,0,0,188
05/18/2013,RSW,FL,ASO,ES,Combined TRACON& Tower with Radar,160,26,11,0,197,0,8,15,0,23,160,34,26,0,220,0,0,0,220
05/19/2013,RSW,FL,ASO,ES,Combined TRACON& Tower with Radar,145,27,8,4,184,0,1,1,0,2,145,28,9,4,186,0,0,0,186
05/20/2013,RSW,FL,ASO,ES,Combined TRACON& Tower with Radar,176,36,15,0,227,0,0,5,0,5,176,36,20,0,232,0,0,0,232
05/21/2013,RSW,FL,ASO,ES,Combined TRACON& Tower with Radar,148,19,24,0,191,0,0,3,0,3,148,19,27,0,194,0,0,0,194
05/22/2013,RSW,FL,ASO,ES,Combined TRACON& Tower with Radar,152,22,12,0,186,0,0,8,0,8,152,22,20,0,194,0,0,0,194
05/23/2013,RSW,FL,ASO,ES,Combined TRACON& Tower with Radar,143,24,11,6,184,0,0,6,0,6,143,24,17,6,190,0,0,0,190
05/24/2013,RSW,FL,ASO,ES,Combined TRACON& Tower with Radar,152,25,13,0,190,0,8,7,0,15,152,33,20,0,205,0,0,0,205
05/25/2013,RSW,FL,ASO,ES,Combined TRACON& Tower with Radar,152,26,16,0,194,0,3,5,0,8,152,29,21,0,202,0,0,0,202
05/26/2013,RSW,FL,ASO,ES,Combined TRACON& Tower with Radar,131,28,2,0,161,0,3,3,0,6,131,31,5,0,167,0,0,0,167
05/27/2013,RSW,FL,ASO,ES,Combined TRACON& Tower with Radar,142,29,16,0,187,0,0,11,0,11,142,29,27,0,198,0,0,0,198
05/28/2013,RSW,FL,ASO,ES,Combined TRACON& Tower with Radar,155,25,13,0,193,0,0,2,0,2,155,25,15,0,195,4,0,4,199
05/29/2013,RSW,FL,ASO,ES,Combined TRACON& Tower with Radar,146,20,10,0,176,0,0,2,0,2,146,20,12,0,178,0,0,0,178
05/30/2013,RSW,FL,ASO,ES,Combined TRACON& Tower with Radar,147,25,15,12,199,0,0,3,5,8,147,25,18,17,207,0,0,0,207
05/31/2013,RSW,FL,ASO,ES,Combined TRACON& Tower with Radar,143,33,13,0,189,0,0,6,0,6,143,33,19,0,195,0,0,0,195
06/01/2013,RSW,FL,ASO,ES,Combined TRACON& Tower with Radar,157,24,9,0,190,0,0,1,0,1,157,24,10,0,191,0,0,0,191
06/02/2013,RSW,FL,ASO,ES,Combined TRACON& Tower with Radar,126,27,4,0,157,0,3,5,0,8,126,30,9,0,165,0,0,0,165
06/03/2013,RSW,FL,ASO,ES,Combined TRACON& Tower with Radar,131,25,15,0,171,0,0,0,0,0,131,25,15,0,171,0,0,0,171
06/04/2013,RSW,FL,ASO,ES,Combined TRACON& Tower with Radar,129,14,34,4,181,0,1,3,0,4,129,15,37,4,185,0,0,0,185
06/05/2013,RSW,FL,ASO,ES,Combined TRACON& Tower with Radar,129,18,10,0,157,0,0,0,0,0,129,18,10,0,157,0,0,0,157
06/06/2013,RSW,FL,ASO,ES,Combined TRACON& Tower with Radar,159,21,10,0,190,0,0,0,0,0,159,21,10,0,190,0,0,0,190
06/07/2013,RSW,FL,ASO,ES,Combined TRACON& Tower with Radar,179,32,11,0,222,0,0,2,0,2,179,32,13,0,224,0,0,0,224
06/08/2013,RSW,FL,ASO,ES,Combined TRACON& Tower with Radar,157,25,3,0,185,0,1,7,0,8,157,26,10,0,193,0,0,0,193
06/09/2013,RSW,FL,ASO,ES,Combined TRACON& Tower with Radar,132,20,4,0,156,0,3,1,0,4,132,23,5,0,160,0,0,0,160
06/10/2013,RSW,FL,ASO,ES,Combined TRACON& Tower with Radar,124,15,18,0,157,0,4,3,0,7,124,19,21,0,164,0,0,0,164
06/11/2013,RSW,FL,ASO,ES,Combined TRACON& Tower with Radar,123,14,8,0,145,0,0,6,0,6,123,14,14,0,151,0,0,0,151
06/12/2013,RSW,FL,ASO,ES,Combined TRACON& Tower with Radar,125,15,14,0,154,0,0,6,2,8,125,15,20,2,162,0,0,0,162
06/13/2013,RSW,FL,ASO,ES,Combined TRACON& Tower with Radar,119,12,10,0,141,0,0,8,0,8,119,12,18,0,149,0,0,0,149
06/14/2013,RSW,FL,ASO,ES,Combined TRACON& Tower with Radar,123,21,8,4,156,0,5,1,0,6,123,26,9,4,162,0,0,0,162
06/15/2013,RSW,FL,ASO,ES,Combined TRACON& Tower with Radar,149,15,9,0,173,0,4,6,0,10,149,19,15,0,183,0,0,0,183
06/16/2013,RSW,FL,ASO,ES,Combined TRACON& Tower with Radar,122,17,7,0,146,0,5,2,0,7,122,22,9,0,153,0,0,0,153
06/17/2013,RSW,FL,ASO,ES,Combined TRACON& Tower with Radar,119,18,11,0,148,0,3,3,0,6,119,21,14,0,154,0,0,0,154
06/18/2013,RSW,FL,ASO,ES,Combined TRACON& Tower with Radar,121,15,14,2,152,0,0,8,0,8,121,15,22,2,160,0,0,0,160
06/19/2013,RSW,FL,ASO,ES,Combined TRACON& Tower with Radar,121,10,6,0,137,0,0,6,0,6,121,10,12,0,143,0,0,0,143
06/20/2013,RSW,FL,ASO,ES,Combined TRACON& Tower with Radar,126,20,7,0,153,0,0,1,0,1,126,20,8,0,154,0,0,0,154
06/21/2013,RSW,FL,ASO,ES,Combined TRACON& Tower with Radar,123,23,7,0,153,0,10,12,1,23,123,33,19,1,176,10,0,10,186
06/22/2013,RSW,FL,ASO,ES,Combined TRACON& Tower with Radar,144,12,6,0,162,0,6,26,0,32,144,18,32,0,194,0,0,0,194
06/23/2013,RSW,FL,ASO,ES,Combined TRACON& Tower with Radar,120,21,7,0,148,0,8,2,0,10,120,29,9,0,158,0,0,0,158
06/24/2013,RSW,FL,ASO,ES,Combined TRACON& Tower with Radar,116,17,14,2,149,0,6,3,0,9,116,23,17,2,158,0,0,0,158
06/25/2013,RSW,FL,ASO,ES,Combined TRACON& Tower with Radar,114,19,21,7,161,0,0,4,2,6,114,19,25,9,167,0,0,0,167
06/26/2013,RSW,FL,ASO,ES,Combined TRACON& Tower with Radar,124,18,5,0,147,0,0,3,1,4,124,18,8,1,151,0,0,0,151
06/27/2013,RSW,FL,ASO,ES,Combined TRACON& Tower with Radar,124,19,20,0,163,0,0,16,0,16,124,19,36,0,179,0,0,0,179
06/28/2013,RSW,FL,ASO,ES,Combined TRACON& Tower with Radar,116,24,11,0,151,0,0,20,0,20,116,24,31,0,171,12,0,12,183
06/29/2013,RSW,FL,ASO,ES,Combined TRACON& Tower with Radar,146,21,11,0,178,0,0,7,0,7,146,21,18,0,185,0,0,0,185
06/30/2013,RSW,FL,ASO,ES,Combined TRACON& Tower with Radar,122,19,6,0,147,0,0,0,0,0,122,19,6,0,147,0,0,0,147
07/01/2013,RSW,FL,ASO,ES,Combined TRACON& Tower with Radar,120,17,3,6,146,0,0,2,0,2,120,17,5,6,148,0,0,0,148
07/02/2013,RSW,FL,ASO,ES,Combined TRACON& Tower with Radar,122,11,13,0,146,0,0,5,0,5,122,11,18,0,151,0,0,0,151
07/03/2013,RSW,FL,ASO,ES,Combined TRACON& Tower with Radar,118,18,20,0,156,0,0,2,0,2,118,18,22,0,158,0,0,0,158
07/04/2013,RSW,FL,ASO,ES,Combined TRACON& Tower with Radar,106,20,10,0,136,0,0,0,0,0,106,20,10,0,136,0,0,0,136
07/05/2013,RSW,FL,ASO,ES,Combined TRACON& Tower with Radar,119,25,9,0,153,0,0,2,0,2,119,25,11,0,155,0,0,0,155
07/06/2013,RSW,FL,ASO,ES,Combined TRACON& Tower with Radar,145,25,9,0,179,0,4,6,0,10,145,29,15,0,189,0,0,0,189
07/07/2013,RSW,FL,ASO,ES,Combined TRACON& Tower with Radar,123,25,15,0,163,0,4,4,0,8,123,29,19,0,171,0,0,0,171
07/08/2013,RSW,FL,ASO,ES,Combined TRACON& Tower with Radar,118,22,6,0,146,0,5,19,0,24,118,27,25,0,170,0,0,0,170
07/09/2013,RSW,FL,ASO,ES,Combined TRACON& Tower with Radar,124,13,6,6,149,0,0,7,0,7,124,13,13,6,156,0,0,0,156
07/10/2013,RSW,FL,ASO,ES,Combined TRACON& Tower with Radar,118,17,14,0,149,0,1,7,0,8,118,18,21,0,157,0,0,0,157
07/11/2013,RSW,FL,ASO,ES,Combined TRACON& Tower with Radar,124,16,12,0,152,0,0,0,0,0,124,16,12,0,152,0,0,0,152
07/12/2013,RSW,FL,ASO,ES,Combined TRACON& Tower with Radar,115,23,7,0,145,0,4,2,0,6,115,27,9,0,151,0,0,0,151
07/13/2013,RSW,FL,ASO,ES,Combined TRACON& Tower with Radar,191,31,5,4,231,0,2,0,0,2,191,33,5,4,233,0,0,0,233
07/14/2013,RSW,FL,ASO,ES,Combined TRACON& Tower with Radar,127,29,2,0,158,0,0,0,0,0,127,29,2,0,158,0,0,0,158
07/15/2013,RSW,FL,ASO,ES,Combined TRACON& Tower with Radar,121,18,7,0,146,0,2,0,0,2,121,20,7,0,148,0,0,0,148
07/16/2013,RSW,FL,ASO,ES,Combined TRACON& Tower with Radar,122,15,14,4,155,0,0,3,0,3,122,15,17,4,158,0,0,0,158
07/17/2013,RSW,FL,ASO,ES,Combined TRACON& Tower with Radar,121,14,8,0,143,0,0,1,0,1,121,14,9,0,144,0,0,0,144
07/18/2013,RSW,FL,ASO,ES,Combined TRACON& Tower with Radar,141,23,15,2,181,0,0,21,0,21,141,23,36,2,202,0,0,0,202
07/19/2013,RSW,FL,ASO,ES,Combined TRACON& Tower with Radar,118,21,9,0,148,0,3,28,0,31,118,24,37,0,179,0,0,0,179
07/20/2013,RSW,FL,ASO,ES,Combined TRACON& Tower with Radar,143,19,3,0,165,0,3,23,0,26,143,22,26,0,191,0,0,0,191
07/21/2013,RSW,FL,ASO,ES,Combined TRACON& Tower with Radar,127,19,6,0,152,0,4,4,0,8,127,23,10,0,160,0,0,0,160
07/22/2013,RSW,FL,ASO,ES,Combined TRACON& Tower with Radar,122,19,8,4,153,0,4,0,0,4,122,23,8,4,157,0,0,0,157
07/23/2013,RSW,FL,ASO,ES,Combined TRACON& Tower with Radar,124,14,5,12,155,0,0,2,0,2,124,14,7,12,157,0,0,0,157
07/24/2013,RSW,FL,ASO,ES,Combined TRACON& Tower with Radar,122,17,15,0,154,0,0,2,0,2,122,17,17,0,156,0,0,0,156
07/25/2013,RSW,FL,ASO,ES,Combined TRACON& Tower with Radar,125,19,11,2,157,0,0,0,0,0,125,19,11,2,157,0,0,0,157
07/26/2013,RSW,FL,ASO,ES,Combined TRACON& Tower with Radar,119,19,17,0,155,0,4,5,0,9,119,23,22,0,164,0,0,0,164
07/27/2013,RSW,FL,ASO,ES,Combined TRACON& Tower with Radar,148,20,5,0,173,0,4,5,0,9,148,24,10,0,182,0,0,0,182
07/28/2013,RSW,FL,ASO,ES,Combined TRACON& Tower with Radar,126,18,7,0,151,0,6,2,0,8,126,24,9,0,159,0,0,0,159
07/29/2013,RSW,FL,ASO,ES,Combined TRACON& Tower with Radar,124,18,6,0,148,0,4,1,0,5,124,22,7,0,153,0,0,0,153
07/30/2013,RSW,FL,ASO,ES,Combined TRACON& Tower with Radar,126,15,16,0,157,0,0,4,9,13,126,15,20,9,170,0,0,0,170
07/31/2013,RSW,FL,ASO,ES,Combined TRACON& Tower with Radar,123,18,13,0,154,0,2,8,0,10,123,20,21,0,164,0,0,0,164
08/01/2013,RSW,FL,ASO,ES,Combined TRACON& Tower with Radar,124,19,7,0,150,0,0,0,0,0,124,19,7,0,150,0,0,0,150
08/02/2013,RSW,FL,ASO,ES,Combined TRACON& Tower with Radar,120,27,18,2,167,0,1,4,0,5,120,28,22,2,172,0,0,0,172
08/03/2013,RSW,FL,ASO,ES,Combined TRACON& Tower with Radar,147,21,6,0,174,0,4,0,0,4,147,25,6,0,178,0,0,0,178
08/04/2013,RSW,FL,ASO,ES,Combined TRACON& Tower with Radar,124,20,13,5,162,0,3,3,0,6,124,23,16,5,168,0,0,0,168
08/05/2013,RSW,FL,ASO,ES,Combined TRACON& Tower with Radar,122,25,15,0,162,0,4,17,0,21,122,29,32,0,183,0,0,0,183
08/06/2013,RSW,FL,ASO,ES,Combined TRACON& Tower with Radar,121,13,10,13,157,0,0,7,0,7,121,13,17,13,164,0,0,0,164
08/07/2013,RSW,FL,ASO,ES,Combined TRACON& Tower with Radar,124,17,13,2,156,0,0,11,0,11,124,17,24,2,167,0,0,0,167
08/08/2013,RSW,FL,ASO,ES,Combined TRACON& Tower with Radar,123,15,9,1,148,0,0,4,0,4,123,15,13,1,152,0,0,0,152
08/09/2013,RSW,FL,ASO,ES,Combined TRACON& Tower with Radar,122,24,6,4,156,0,0,2,0,2,122,24,8,4,158,0,0,0,158
08/10/2013,RSW,FL,ASO,ES,Combined TRACON& Tower with Radar,144,21,13,0,178,0,0,9,0,9,144,21,22,0,187,0,0,0,187
08/11/2013,RSW,FL,ASO,ES,Combined TRACON& Tower with Radar,114,27,5,0,146,0,0,3,0,3,114,27,8,0,149,0,0,0,149
08/12/2013,RSW,FL,ASO,ES,Combined TRACON& Tower with Radar,110,23,7,5,145,0,0,4,1,5,110,23,11,6,150,0,0,0,150
08/13/2013,RSW,FL,ASO,ES,Combined TRACON& Tower with Radar,104,13,17,0,134,0,0,2,0,2,104,13,19,0,136,0,0,0,136
08/14/2013,RSW,FL,ASO,ES,Combined TRACON& Tower with Radar,122,21,15,0,158,0,3,5,0,8,122,24,20,0,166,0,0,0,166
08/15/2013,RSW,FL,ASO,ES,Combined TRACON& Tower with Radar,110,18,10,0,138,0,0,2,0,2,110,18,12,0,140,0,0,0,140
08/16/2013,RSW,FL,ASO,ES,Combined TRACON& Tower with Radar,107,19,21,10,157,0,5,8,0,13,107,24,29,10,170,0,0,0,170
08/17/2013,RSW,FL,ASO,ES,Combined TRACON& Tower with Radar,115,15,14,8,152,0,4,13,0,17,115,19,27,8,169,0,0,0,169
08/18/2013,RSW,FL,ASO,ES,Combined TRACON& Tower with Radar,108,27,11,0,146,0,4,5,0,9,108,31,16,0,155,0,0,0,155
08/19/2013,RSW,FL,ASO,ES,Combined TRACON& Tower with Radar,109,23,14,12,158,0,2,4,0,6,109,25,18,12,164,0,0,0,164
08/20/2013,RSW,FL,ASO,ES,Combined TRACON& Tower with Radar,109,20,9,18,156,0,0,3,0,3,109,20,12,18,159,0,0,0,159
08/21/2013,RSW,FL,ASO,ES,Combined TRACON& Tower with Radar,105,14,6,0,125,0,0,1,0,1,105,14,7,0,126,0,0,0,126
08/22/2013,RSW,FL,ASO,ES,Combined TRACON& Tower with Radar,106,14,15,10,145,0,0,3,0,3,106,14,18,10,148,0,0,0,148
08/23/2013,RSW,FL,ASO,ES,Combined TRACON& Tower with Radar,101,22,21,0,144,0,4,8,1,13,101,26,29,1,157,0,0,0,157
08/24/2013,RSW,FL,ASO,ES,Combined TRACON& Tower with Radar,121,22,11,1,155,0,4,3,0,7,121,26,14,1,162,0,0,0,162
08/25/2013,RSW,FL,ASO,ES,Combined TRACON& Tower with Radar,101,22,14,4,141,0,4,3,0,7,101,26,17,4,148,0,0,0,148
08/26/2013,RSW,FL,ASO,ES,Combined TRACON& Tower with Radar,104,28,25,2,159,0,1,3,0,4,104,29,28,2,163,0,0,0,163
08/27/2013,RSW,FL,ASO,ES,Combined TRACON& Tower with Radar,99,19,12,0,130,0,0,5,0,5,99,19,17,0,135,0,0,0,135
08/28/2013,RSW,FL,ASO,ES,Combined TRACON& Tower with Radar,102,14,23,3,142,0,0,6,0,6,102,14,29,3,148,0,0,0,148
08/29/2013,RSW,FL,ASO,ES,Combined TRACON& Tower with Radar,102,21,10,10,143,0,0,8,0,8,102,21,18,10,151,0,0,0,151
08/30/2013,RSW,FL,ASO,ES,Combined TRACON& Tower with Radar,102,35,19,0,156,0,4,3,0,7,102,39,22,0,163,0,0,0,163
08/31/2013,RSW,FL,ASO,ES,Combined TRACON& Tower with Radar,109,20,9,0,138,0,2,9,0,11,109,22,18,0,149,0,0,0,149
09/01/2013,RSW,FL,ASO,ES,Combined TRACON& Tower with Radar,90,21,4,10,125,0,5,4,0,9,90,26,8,10,134,0,0,0,134
09/02/2013,RSW,FL,ASO,ES,Combined TRACON& Tower with Radar,98,21,5,0,124,0,3,2,0,5,98,24,7,0,129,0,0,0,129
09/03/2013,RSW,FL,ASO,ES,Combined TRACON& Tower with Radar,94,13,17,0,124,0,0,4,0,4,94,13,21,0,128,0,0,0,128
09/04/2013,RSW,FL,ASO,ES,Combined TRACON& Tower with Radar,97,14,18,6,135,0,2,10,0,12,97,16,28,6,147,0,0,0,147
09/05/2013,RSW,FL,ASO,ES,Combined TRACON& Tower with Radar,99,17,14,18,148,0,0,2,0,2,99,17,16,18,150,0,0,0,150
09/06/2013,RSW,FL,ASO,ES,Combined TRACON& Tower with Radar,94,22,5,0,121,0,4,4,0,8,94,26,9,0,129,0,0,0,129
09/07/2013,RSW,FL,ASO,ES,Combined TRACON& Tower with Radar,105,18,3,0,126,0,0,3,0,3,105,18,6,0,129,0,0,0,129
09/08/2013,RSW,FL,ASO,ES,Combined TRACON& Tower with Radar,95,22,7,0,124,0,3,5,0,8,95,25,12,0,132,0,0,0,132
09/09/2013,RSW,FL,ASO,ES,Combined TRACON& Tower with Radar,96,18,22,0,136,0,0,16,0,16,96,18,38,0,152,0,0,0,152
09/10/2013,RSW,FL,ASO,ES,Combined TRACON& Tower with Radar,91,14,19,0,124,0,2,7,0,9,91,16,26,0,133,0,0,0,133
09/11/2013,RSW,FL,ASO,ES,Combined TRACON& Tower with Radar,92,13,13,6,124,0,0,8,0,8,92,13,21,6,132,0,0,0,132
09/12/2013,RSW,FL,ASO,ES,Combined TRACON& Tower with Radar,100,15,13,0,128,0,0,7,0,7,100,15,20,0,135,0,0,0,135
09/13/2013,RSW,FL,ASO,ES,Combined TRACON& Tower with Radar,97,20,18,0,135,0,0,7,0,7,97,20,25,0,142,0,0,0,142
09/14/2013,RSW,FL,ASO,ES,Combined TRACON& Tower with Radar,101,14,7,0,122,0,0,4,0,4,101,14,11,0,126,0,0,0,126
09/15/2013,RSW,FL,ASO,ES,Combined TRACON& Tower with Radar,110,21,12,0,143,0,0,7,0,7,110,21,19,0,150,0,0,0,150
09/16/2013,RSW,FL,ASO,ES,Combined TRACON& Tower with Radar,96,22,6,4,128,0,0,3,0,3,96,22,9,4,131,0,0,0,131
09/17/2013,RSW,FL,ASO,ES,Combined TRACON& Tower with Radar,92,21,7,9,129,0,0,2,0,2,92,21,9,9,131,0,0,0,131
09/18/2013,RSW,FL,ASO,ES,Combined TRACON& Tower with Radar,93,22,18,0,133,0,0,2,0,2,93,22,20,0,135,0,0,0,135
09/19/2013,RSW,FL,ASO,ES,Combined TRACON& Tower with Radar,98,25,6,0,129,0,0,6,0,6,98,25,12,0,135,0,0,0,135
09/20/2013,RSW,FL,ASO,ES,Combined TRACON& Tower with Radar,94,23,22,11,150,0,0,4,0,4,94,23,26,11,154,0,0,0,154
09/21/2013,RSW,FL,ASO,ES,Combined TRACON& Tower with Radar,101,20,10,0,131,0,0,2,0,2,101,20,12,0,133,0,0,0,133
09/22/2013,RSW,FL,ASO,ES,Combined TRACON& Tower with Radar,98,20,4,0,122,0,0,0,0,0,98,20,4,0,122,0,0,0,122
09/23/2013,RSW,FL,ASO,ES,Combined TRACON& Tower with Radar,99,16,10,0,125,0,0,1,0,1,99,16,11,0,126,0,0,0,126
09/24/2013,RSW,FL,ASO,ES,Combined TRACON& Tower with Radar,94,13,13,0,120,0,0,0,0,0,94,13,13,0,120,0,0,0,120
09/25/2013,RSW,FL,ASO,ES,Combined TRACON& Tower with Radar,96,15,4,0,115,0,0,0,2,2,96,15,4,2,117,0,0,0,117
09/26/2013,RSW,FL,ASO,ES,Combined TRACON& Tower with Radar,107,17,10,5,139,0,0,2,0,2,107,17,12,5,141,0,0,0,141
09/27/2013,RSW,FL,ASO,ES,Combined TRACON& Tower with Radar,97,18,14,0,129,0,0,6,0,6,97,18,20,0,135,0,0,0,135
09/28/2013,RSW,FL,ASO,ES,Combined TRACON& Tower with Radar,106,16,15,2,139,0,0,6,2,8,106,16,21,4,147,0,0,0,147
09/29/2013,RSW,FL,ASO,ES,Combined TRACON& Tower with Radar,115,27,11,0,153,0,0,5,0,5,115,27,16,0,158,0,0,0,158
09/30/2013,RSW,FL,ASO,ES,Combined TRACON& Tower with Radar,109,18,10,0,137,0,0,0,0,0,109,18,10,0,137,0,0,0,137
10/01/2013,RSW,FL,ASO,ES,Combined TRACON& Tower with Radar,115,14,13,0,142,0,0,3,0,3,115,14,16,0,145,0,0,0,145
10/02/2013,RSW,FL,ASO,ES,Combined TRACON& Tower with Radar,116,18,11,0,145,0,0,3,0,3,116,18,14,0,148,0,0,0,148
10/03/2013,RSW,FL,ASO,ES,Combined TRACON& Tower with Radar,124,23,7,4,158,0,3,5,0,8,124,26,12,4,166,0,0,0,166
10/04/2013,RSW,FL,ASO,ES,Combined TRACON& Tower with Radar,121,19,18,0,158,0,0,2,0,2,121,19,20,0,160,0,0,0,160
10/05/2013,RSW,FL,ASO,ES,Combined TRACON& Tower with Radar,124,22,6,0,152,0,1,3,0,4,124,23,9,0,156,0,0,0,156
10/06/2013,RSW,FL,ASO,ES,Combined TRACON& Tower with Radar,126,15,12,0,153,0,0,0,0,0,126,15,12,0,153,0,0,0,153
10/07/2013,RSW,FL,ASO,ES,Combined TRACON& Tower with Radar,115,22,16,0,153,0,0,0,0,0,115,22,16,0,153,0,0,0,153
10/08/2013,RSW,FL,ASO,ES,Combined TRACON& Tower with Radar,123,16,23,0,162,0,0,7,0,7,123,16,30,0,169,0,0,0,169
10/09/2013,RSW,FL,ASO,ES,Combined TRACON& Tower with Radar,116,18,32,0,166,0,0,3,0,3,116,18,35,0,169,0,0,0,169
10/10/2013,RSW,FL,ASO,ES,Combined TRACON& Tower with Radar,127,26,21,1,175,0,2,7,3,12,127,28,28,4,187,4,0,4,191
10/11/2013,RSW,FL,ASO,ES,Combined TRACON& Tower with Radar,116,31,26,0,173,0,0,4,0,4,116,31,30,0,177,0,0,0,177
10/12/2013,RSW,FL,ASO,ES,Combined TRACON& Tower with Radar,128,22,5,0,155,0,3,6,0,9,128,25,11,0,164,0,0,0,164
10/13/2013,RSW,FL,ASO,ES,Combined TRACON& Tower with Radar,129,26,8,4,167,0,0,4,0,4,129,26,12,4,171,0,0,0,171
10/14/2013,RSW,FL,ASO,ES,Combined TRACON& Tower with Radar,122,26,18,0,166,0,6,7,0,13,122,32,25,0,179,0,0,0,179
10/15/2013,RSW,FL,ASO,ES,Combined TRACON& Tower with Radar,120,26,19,10,175,0,0,3,0,3,120,26,22,10,178,0,0,0,178
10/16/2013,RSW,FL,ASO,ES,Combined TRACON& Tower with Radar,115,21,18,4,158,0,0,3,0,3,115,21,21,4,161,0,0,0,161
10/17/2013,RSW,FL,ASO,ES,Combined TRACON& Tower with Radar,127,26,15,3,171,0,0,2,0,2,127,26,17,3,173,0,0,0,173
10/18/2013,RSW,FL,ASO,ES,Combined TRACON& Tower with Radar,119,19,29,8,175,0,3,5,0,8,119,22,34,8,183,0,0,0,183
10/19/2013,RSW,FL,ASO,ES,Combined TRACON& Tower with Radar,130,20,14,0,164,0,4,12,0,16,130,24,26,0,180,0,0,0,180
10/20/2013,RSW,FL,ASO,ES,Combined TRACON& Tower with Radar,130,34,9,0,173,0,6,5,0,11,130,40,14,0,184,0,0,0,184
10/21/2013,RSW,FL,ASO,ES,Combined TRACON& Tower with Radar,123,33,13,1,170,0,2,3,1,6,123,35,16,2,176,0,0,0,176
10/22/2013,RSW,FL,ASO,ES,Combined TRACON& Tower with Radar,123,19,21,13,176,0,0,7,0,7,123,19,28,13,183,0,0,0,183
10/23/2013,RSW,FL,ASO,ES,Combined TRACON& Tower with Radar,116,20,27,0,163,0,1,9,0,10,116,21,36,0,173,0,0,0,173
10/24/2013,RSW,FL,ASO,ES,Combined TRACON& Tower with Radar,129,28,19,0,176,0,0,5,0,5,129,28,24,0,181,0,0,0,181
10/25/2013,RSW,FL,ASO,ES,Combined TRACON& Tower with Radar,126,29,10,0,165,0,2,1,0,3,126,31,11,0,168,0,0,0,168
10/26/2013,RSW,FL,ASO,ES,Combined TRACON& Tower with Radar,128,18,23,0,169,0,4,9,0,13,128,22,32,0,182,0,0,0,182
10/27/2013,RSW,FL,ASO,ES,Combined TRACON& Tower with Radar,134,32,11,0,177,0,4,1,0,5,134,36,12,0,182,0,0,0,182
10/28/2013,RSW,FL,ASO,ES,Combined TRACON& Tower with Radar,133,23,24,0,180,0,6,1,0,7,133,29,25,0,187,0,0,0,187
10/29/2013,RSW,FL,ASO,ES,Combined TRACON& Tower with Radar,132,21,18,0,171,0,0,4,0,4,132,21,22,0,175,0,0,0,175
10/30/2013,RSW,FL,ASO,ES,Combined TRACON& Tower with Radar,130,23,17,0,170,0,0,4,0,4,130,23,21,0,174,0,0,0,174
10/31/2013,RSW,FL,ASO,ES,Combined TRACON& Tower with Radar,139,26,17,17,199,0,0,5,0,5,139,26,22,17,204,0,20,20,224
11/01/2013,RSW,FL,ASO,ES,Combined TRACON& Tower with Radar,133,32,24,14,203,0,2,6,0,8,133,34,30,14,211,0,0,0,211
11/02/2013,RSW,FL,ASO,ES,Combined TRACON& Tower with Radar,147,24,16,0,187,0,3,2,0,5,147,27,18,0,192,0,0,0,192
11/03/2013,RSW,FL,ASO,ES,Combined TRACON& Tower with Radar,159,35,16,0,210,0,5,7,0,12,159,40,23,0,222,0,0,0,222
11/04/2013,RSW,FL,ASO,ES,Combined TRACON& Tower with Radar,151,22,20,0,193,0,2,2,0,4,151,24,22,0,197,0,0,0,197
11/05/2013,RSW,FL,ASO,ES,Combined TRACON& Tower with Radar,159,15,9,4,187,0,0,4,0,4,159,15,13,4,191,0,0,0,191
11/06/2013,RSW,FL,ASO,ES,Combined TRACON& Tower with Radar,157,19,13,22,211,0,0,4,19,23,157,19,17,41,234,0,56,56,290
11/07/2013,RSW,FL,ASO,ES,Combined TRACON& Tower with Radar,176,15,25,7,223,0,0,9,0,9,176,15,34,7,232,0,0,0,232
11/08/2013,RSW,FL,ASO,ES,Combined TRACON& Tower with Radar,172,20,11,0,203,0,0,7,0,7,172,20,18,0,210,0,0,0,210
11/09/2013,RSW,FL,ASO,ES,Combined TRACON& Tower with Radar,197,11,20,0,228,0,0,11,0,11,197,11,31,0,239,0,0,0,239
11/10/2013,RSW,FL,ASO,ES,Combined TRACON& Tower with Radar,175,20,18,0,213,0,0,0,0,0,175,20,18,0,213,0,0,0,213
11/11/2013,RSW,FL,ASO,ES,Combined TRACON& Tower with Radar,169,17,26,0,212,0,0,2,0,2,169,17,28,0,214,0,0,0,214
11/12/2013,RSW,FL,ASO,ES,Combined TRACON& Tower with Radar,175,6,8,4,193,0,0,3,0,3,175,6,11,4,196,0,0,0,196
11/13/2013,RSW,FL,ASO,ES,Combined TRACON& Tower with Radar,170,13,10,0,193,0,0,0,0,0,170,13,10,0,193,0,0,0,193
11/14/2013,RSW,FL,ASO,ES,Combined TRACON& Tower with Radar,182,26,15,0,223,0,0,5,0,5,182,26,20,0,228,0,0,0,228
11/15/2013,RSW,FL,ASO,ES,Combined TRACON& Tower with Radar,179,21,14,4,218,0,0,2,0,2,179,21,16,4,220,0,0,0,220
11/16/2013,RSW,FL,ASO,ES,Combined TRACON& Tower with Radar,199,10,16,2,227,0,0,3,1,4,199,10,19,3,231,0,0,0,231
11/17/2013,RSW,FL,ASO,ES,Combined TRACON& Tower with Radar,176,25,15,0,216,0,0,3,0,3,176,25,18,0,219,0,0,0,219
11/18/2013,RSW,FL,ASO,ES,Combined TRACON& Tower with Radar,174,19,10,0,203,0,0,2,0,2,174,19,12,0,205,0,0,0,205
11/19/2013,RSW,FL,ASO,ES,Combined TRACON& Tower with Radar,178,14,22,0,214,0,0,5,0,5,178,14,27,0,219,0,0,0,219
11/20/2013,RSW,FL,ASO,ES,Combined TRACON& Tower with Radar,172,11,26,4,213,0,0,4,2,6,172,11,30,6,219,0,0,0,219
11/21/2013,RSW,FL,ASO,ES,Combined TRACON& Tower with Radar,192,24,23,2,241,0,0,5,0,5,192,24,28,2,246,0,0,0,246
11/22/2013,RSW,FL,ASO,ES,Combined TRACON& Tower with Radar,203,22,31,0,256,0,1,8,0,9,203,23,39,0,265,0,0,0,265
11/23/2013,RSW,FL,ASO,ES,Combined TRACON& Tower with Radar,208,21,19,0,248,0,0,4,0,4,208,21,23,0,252,0,0,0,252
11/24/2013,RSW,FL,ASO,ES,Combined TRACON& Tower with Radar,189,21,18,0,228,0,1,0,0,1,189,22,18,0,229,0,0,0,229
11/25/2013,RSW,FL,ASO,ES,Combined TRACON& Tower with Radar,188,26,28,0,242,0,0,2,0,2,188,26,30,0,244,0,0,0,244
11/26/2013,RSW,FL,ASO,ES,Combined TRACON& Tower with Radar,210,20,25,0,255,0,0,0,0,0,210,20,25,0,255,0,0,0,255
11/27/2013,RSW,FL,ASO,ES,Combined TRACON& Tower with Radar,206,20,24,4,254,0,0,1,0,1,206,20,25,4,255,0,0,0,255
11/28/2013,RSW,FL,ASO,ES,Combined TRACON& Tower with Radar,142,10,8,1,161,0,0,2,0,2,142,10,10,1,163,0,0,0,163
11/29/2013,RSW,FL,ASO,ES,Combined TRACON& Tower with Radar,163,13,10,1,187,0,0,0,0,0,163,13,10,1,187,0,0,0,187
11/30/2013,RSW,FL,ASO,ES,Combined TRACON& Tower with Radar,226,35,18,0,279,0,0,3,0,3,226,35,21,0,282,0,0,0,282
12/01/2013,RSW,FL,ASO,ES,Combined TRACON& Tower with Radar,213,30,46,0,289,0,0,5,0,5,213,30,51,0,294,0,0,0,294
12/02/2013,RSW,FL,ASO,ES,Combined TRACON& Tower with Radar,206,26,19,0,251,0,0,4,0,4,206,26,23,0,255,0,0,0,255
12/03/2013,RSW,FL,ASO,ES,Combined TRACON& Tower with Radar,176,15,19,0,210,0,0,13,0,13,176,15,32,0,223,0,0,0,223
12/04/2013,RSW,FL,ASO,ES,Combined TRACON& Tower with Radar,169,9,14,0,192,0,0,1,0,1,169,9,15,0,193,0,0,0,193
12/05/2013,RSW,FL,ASO,ES,Combined TRACON& Tower with Radar,180,22,35,0,237,0,0,11,0,11,180,22,46,0,248,0,0,0,248
12/06/2013,RSW,FL,ASO,ES,Combined TRACON& Tower with Radar,169,21,18,20,228,0,0,5,0,5,169,21,23,20,233,0,0,0,233
12/07/2013,RSW,FL,ASO,ES,Combined TRACON& Tower with Radar,193,21,24,0,238,0,5,8,0,13,193,26,32,0,251,0,0,0,251
12/08/2013,RSW,FL,ASO,ES,Combined TRACON& Tower with Radar,166,14,11,0,191,0,0,3,0,3,166,14,14,0,194,0,0,0,194
12/09/2013,RSW,FL,ASO,ES,Combined TRACON& Tower with Radar,173,17,22,10,222,0,0,4,0,4,173,17,26,10,226,0,0,0,226
12/10/2013,RSW,FL,ASO,ES,Combined TRACON& Tower with Radar,175,17,21,4,217,0,0,4,0,4,175,17,25,4,221,0,0,0,221
12/11/2013,RSW,FL,ASO,ES,Combined TRACON& Tower with Radar,177,19,28,8,232,0,0,16,0,16,177,19,44,8,248,0,0,0,248
12/12/2013,RSW,FL,ASO,ES,Combined TRACON& Tower with Radar,189,15,34,0,238,0,0,4,0,4,189,15,38,0,242,0,0,0,242
12/13/2013,RSW,FL,ASO,ES,Combined TRACON& Tower with Radar,178,20,18,0,216,0,0,8,0,8,178,20,26,0,224,0,0,0,224
12/14/2013,RSW,FL,ASO,ES,Combined TRACON& Tower with Radar,190,13,27,0,230,0,0,3,0,3,190,13,30,0,233,0,0,0,233
12/15/2013,RSW,FL,ASO,ES,Combined TRACON& Tower with Radar,178,10,10,0,198,0,0,0,0,0,178,10,10,0,198,0,0,0,198
12/16/2013,RSW,FL,ASO,ES,Combined TRACON& Tower with Radar,174,13,21,0,208,0,0,1,0,1,174,13,22,0,209,0,0,0,209
12/17/2013,RSW,FL,ASO,ES,Combined TRACON& Tower with Radar,176,9,18,0,203,0,0,9,0,9,176,9,27,0,212,0,0,0,212
12/18/2013,RSW,FL,ASO,ES,Combined TRACON& Tower with Radar,176,15,19,18,228,0,0,10,1,11,176,15,29,19,239,0,0,0,239
12/19/2013,RSW,FL,ASO,ES,Combined TRACON& Tower with Radar,216,14,14,8,252,0,0,6,0,6,216,14,20,8,258,0,0,0,258
12/20/2013,RSW,FL,ASO,ES,Combined TRACON& Tower with Radar,235,23,27,4,289,0,0,2,0,2,235,23,29,4,291,0,0,0,291
12/21/2013,RSW,FL,ASO,ES,Combined TRACON& Tower with Radar,243,23,17,0,283,0,0,9,0,9,243,23,26,0,292,0,0,0,292
12/22/2013,RSW,FL,ASO,ES,Combined TRACON& Tower with Radar,212,13,11,0,236,0,1,5,0,6,212,14,16,0,242,0,0,0,242
12/23/2013,RSW,FL,ASO,ES,Combined TRACON& Tower with Radar,213,30,17,0,260,0,0,9,0,9,213,30,26,0,269,0,0,0,269
12/24/2013,RSW,FL,ASO,ES,Combined TRACON& Tower with Radar,208,14,9,0,231,0,0,1,0,1,208,14,10,0,232,0,0,0,232
12/25/2013,RSW,FL,ASO,ES,Combined TRACON& Tower with Radar,211,15,8,0,234,0,0,2,0,2,211,15,10,0,236,0,0,0,236
12/26/2013,RSW,FL,ASO,ES,Combined TRACON& Tower with Radar,248,37,43,0,328,0,0,11,0,11,248,37,54,0,339,0,0,0,339
12/27/2013,RSW,FL,ASO,ES,Combined TRACON& Tower with Radar,247,40,37,0,324,0,0,7,0,7,247,40,44,0,331,0,0,0,331
12/28/2013,RSW,FL,ASO,ES,Combined TRACON& Tower with Radar,254,44,40,1,339,0,0,5,0,5,254,44,45,1,344,0,0,0,344
12/29/2013,RSW,FL,ASO,ES,Combined TRACON& Tower with Radar,227,24,18,0,269,0,0,4,0,4,227,24,22,0,273,0,0,0,273
12/30/2013,RSW,FL,ASO,ES,Combined TRACON& Tower with Radar,222,17,31,0,270,0,0,8,0,8,222,17,39,0,278,0,0,0,278
12/31/2013,RSW,FL,ASO,ES,Combined TRACON& Tower with Radar,215,17,20,2,254,0,0,3,0,3,215,17,23,2,257,0,0,0,257
01/01/2014,RSW,FL,ASO,ES,Combined TRACON& Tower with Radar,203,15,11,0,229,0,0,4,0,4,203,15,15,0,233,0,0,0,233
01/02/2014,RSW,FL,ASO,ES,Combined TRACON& Tower with Radar,211,25,16,3,255,0,0,2,0,2,211,25,18,3,257,0,0,0,257
01/03/2014,RSW,FL,ASO,ES,Combined TRACON& Tower with Radar,195,20,35,2,252,0,0,3,0,3,195,20,38,2,255,0,0,0,255
01/04/2014,RSW,FL,ASO,ES,Combined TRACON& Tower with Radar,223,28,40,0,291,0,0,6,0,6,223,28,46,0,297,0,0,0,297
01/05/2014,RSW,FL,ASO,ES,Combined TRACON& Tower with Radar,190,17,32,0,239,0,0,1,0,1,190,17,33,0,240,0,0,0,240
01/06/2014,RSW,FL,ASO,ES,Combined TRACON& Tower with Radar,155,16,22,28,221,0,0,9,0,9,155,16,31,28,230,0,0,0,230
01/07/2014,RSW,FL,ASO,ES,Combined TRACON& Tower with Radar,186,14,12,2,214,0,0,7,0,7,186,14,19,2,221,0,0,0,221
01/08/2014,RSW,FL,ASO,ES,Combined TRACON& Tower with Radar,205,19,17,0,241,0,0,1,0,1,205,19,18,0,242,0,0,0,242
01/09/2014,RSW,FL,ASO,ES,Combined TRACON& Tower with Radar,225,20,21,10,276,0,0,0,0,0,225,20,21,10,276,0,0,0,276
01/10/2014,RSW,FL,ASO,ES,Combined TRACON& Tower with Radar,210,13,14,4,241,0,0,7,0,7,210,13,21,4,248,0,0,0,248
01/11/2014,RSW,FL,ASO,ES,Combined TRACON& Tower with Radar,226,8,12,3,249,0,0,3,0,3,226,8,15,3,252,0,0,0,252
01/12/2014,RSW,FL,ASO,ES,Combined TRACON& Tower with Radar,218,14,28,0,260,0,0,4,0,4,218,14,32,0,264,0,0,0,264
01/13/2014,RSW,FL,ASO,ES,Combined TRACON& Tower with Radar,209,13,12,12,246,0,0,2,0,2,209,13,14,12,248,0,0,0,248
01/14/2014,RSW,FL,ASO,ES,Combined TRACON& Tower with Radar,213,10,13,4,240,0,0,6,1,7,213,10,19,5,247,0,0,0,247
01/15/2014,RSW,FL,ASO,ES,Combined TRACON& Tower with Radar,212,14,41,11,278,0,0,7,5,12,212,14,48,16,290,0,0,0,290
01/16/2014,RSW,FL,ASO,ES,Combined TRACON& Tower with Radar,219,15,13,0,247,0,0,5,0,5,219,15,18,0,252,0,0,0,252
01/17/2014,RSW,FL,ASO,ES,Combined TRACON& Tower with Radar,220,12,35,4,271,0,0,13,0,13,220,12,48,4,284,0,0,0,284
01/18/2014,RSW,FL,ASO,ES,Combined TRACON& Tower with Radar,228,8,19,4,259,0,0,7,0,7,228,8,26,4,266,0,0,0,266
01/19/2014,RSW,FL,ASO,ES,Combined TRACON& Tower with Radar,209,13,9,2,233,0,0,2,0,2,209,13,11,2,235,0,0,0,235
01/20/2014,RSW,FL,ASO,ES,Combined TRACON& Tower with Radar,206,14,14,0,234,0,0,6,1,7,206,14,20,1,241,0,0,0,241
01/21/2014,RSW,FL,ASO,ES,Combined TRACON& Tower with Radar,183,12,16,19,230,0,0,3,0,3,183,12,19,19,233,0,0,0,233
01/22/2014,RSW,FL,ASO,ES,Combined TRACON& Tower with Radar,204,9,21,0,234,0,0,10,0,10,204,9,31,0,244,0,0,0,244
01/23/2014,RSW,FL,ASO,ES,Combined TRACON& Tower with Radar,222,6,15,0,243,0,0,15,3,18,222,6,30,3,261,0,0,0,261
01/24/2014,RSW,FL,ASO,ES,Combined TRACON& Tower with Radar,213,13,29,0,255,0,0,10,0,10,213,13,39,0,265,0,0,0,265
01/25/2014,RSW,FL,ASO,ES,Combined TRACON& Tower with Radar,227,14,11,0,252,0,0,6,2,8,227,14,17,2,260,0,0,0,260
01/26/2014,RSW,FL,ASO,ES,Combined TRACON& Tower with Radar,215,18,25,0,258,0,0,5,1,6,215,18,30,1,264,0,0,0,264
01/27/2014,RSW,FL,ASO,ES,Combined TRACON& Tower with Radar,206,10,18,0,234,0,0,7,1,8,206,10,25,1,242,0,0,0,242
01/28/2014,RSW,FL,ASO,ES,Combined TRACON& Tower with Radar,201,12,24,0,237,0,1,7,0,8,201,13,31,0,245,0,0,0,245
01/29/2014,RSW,FL,ASO,ES,Combined TRACON& Tower with Radar,201,16,22,2,241,0,0,0,0,0,201,16,22,2,241,0,0,0,241
01/30/2014,RSW,FL,ASO,ES,Combined TRACON& Tower with Radar,213,23,17,0,253,0,0,2,0,2,213,23,19,0,255,0,0,0,255
01/31/2014,RSW,FL,ASO,ES,Combined TRACON& Tower with Radar,216,18,24,9,267,0,0,1,1,2,216,18,25,10,269,0,0,0,269
02/01/2014,RSW,FL,ASO,ES,Combined TRACON& Tower with Radar,225,18,15,0,258,0,0,0,0,0,225,18,15,0,258,0,0,0,258
02/02/2014,RSW,FL,ASO,ES,Combined TRACON& Tower with Radar,207,12,22,0,241,0,0,0,0,0,207,12,22,0,241,0,0,0,241
02/03/2014,RSW,FL,ASO,ES,Combined TRACON& Tower with Radar,199,19,20,2,240,0,0,11,0,11,199,19,31,2,251,0,0,0,251
02/04/2014,RSW,FL,ASO,ES,Combined TRACON& Tower with Radar,203,15,25,8,251,0,0,3,0,3,203,15,28,8,254,0,0,0,254
02/05/2014,RSW,FL,ASO,ES,Combined TRACON& Tower with Radar,204,20,23,0,247,0,0,7,0,7,204,20,30,0,254,0,0,0,254
02/06/2014,RSW,FL,ASO,ES,Combined TRACON& Tower with Radar,220,13,29,0,262,0,0,0,0,0,220,13,29,0,262,0,0,0,262
02/07/2014,RSW,FL,ASO,ES,Combined TRACON& Tower with Radar,223,21,18,0,262,0,0,3,0,3,223,21,21,0,265,0,0,0,265
02/08/2014,RSW,FL,ASO,ES,Combined TRACON& Tower with Radar,231,13,17,2,263,0,0,2,0,2,231,13,19,2,265,0,0,0,265
02/09/2014,RSW,FL,ASO,ES,Combined TRACON& Tower with Radar,219,16,29,0,264,0,0,5,0,5,219,16,34,0,269,0,0,0,269
02/10/2014,RSW,FL,ASO,ES,Combined TRACON& Tower with Radar,209,10,22,9,250,0,0,5,0,5,209,10,27,9,255,0,0,0,255
02/11/2014,RSW,FL,ASO,ES,Combined TRACON& Tower with Radar,212,14,33,10,269,0,0,5,0,5,212,14,38,10,274,0,0,0,274
02/12/2014,RSW,FL,ASO,ES,Combined TRACON& Tower with Radar,200,26,38,5,269,0,0,0,0,0,200,26,38,5,269,0,0,0,269
02/13/2014,RSW,FL,ASO,ES,Combined TRACON& Tower with Radar,179,23,25,8,235,0,0,2,0,2,179,23,27,8,237,0,0,0,237
02/14/2014,RSW,FL,ASO,ES,Combined TRACON& Tower with Radar,247,24,47,0,318,0,0,12,0,12,247,24,59,0,330,0,0,0,330
02/15/2014,RSW,FL,ASO,ES,Combined TRACON& Tower with Radar,283,22,24,3,332,0,1,4,0,5,283,23,28,3,337,0,0,0,337
02/16/2014,RSW,FL,ASO,ES,Combined TRACON& Tower with Radar,268,17,30,0,315,0,0,13,0,13,268,17,43,0,328,0,0,0,328
02/17/2014,RSW,FL,ASO,ES,Combined TRACON& Tower with Radar,250,35,33,2,320,0,0,5,0,5,250,35,38,2,325,0,0,0,325
02/18/2014,RSW,FL,ASO,ES,Combined TRACON& Tower with Radar,254,20,29,5,308,0,0,4,0,4,254,20,33,5,312,0,0,0,312
02/19/2014,RSW,FL,ASO,ES,Combined TRACON& Tower with Radar,257,18,25,2,302,0,1,1,0,2,257,19,26,2,304,0,0,0,304
02/20/2014,RSW,FL,ASO,ES,Combined TRACON& Tower with Radar,257,26,29,0,312,0,0,11,0,11,257,26,40,0,323,0,0,0,323
02/21/2014,RSW,FL,ASO,ES,Combined TRACON& Tower with Radar,239,12,37,0,288,0,0,2,0,2,239,12,39,0,290,0,0,0,290
02/22/2014,RSW,FL,ASO,ES,Combined TRACON& Tower with Radar,300,19,30,0,349,0,0,1,0,1,300,19,31,0,350,0,0,0,350
02/23/2014,RSW,FL,ASO,ES,Combined TRACON& Tower with Radar,267,24,28,0,319,0,0,4,0,4,267,24,32,0,323,0,0,0,323
02/24/2014,RSW,FL,ASO,ES,Combined TRACON& Tower with Radar,254,20,24,0,298,0,0,0,0,0,254,20,24,0,298,0,0,0,298
02/25/2014,RSW,FL,ASO,ES,Combined TRACON& Tower with Radar,258,9,21,10,298,0,0,4,2,6,258,9,25,12,304,0,0,0,304
02/26/2014,RSW,FL,ASO,ES,Combined TRACON& Tower with Radar,250,16,41,0,307,0,0,3,0,3,250,16,44,0,310,0,0,0,310
02/27/2014,RSW,FL,ASO,ES,Combined TRACON& Tower with Radar,255,14,37,0,306,0,0,8,0,8,255,14,45,0,314,0,0,0,314
02/28/2014,RSW,FL,ASO,ES,Combined TRACON& Tower with Radar,254,18,35,4,311,0,0,12,0,12,254,18,47,4,323,0,0,0,323
03/01/2014,RSW,FL,ASO,ES,Combined TRACON& Tower with Radar,284,23,20,0,327,0,0,7,0,7,284,23,27,0,334,0,0,0,334
03/02/2014,RSW,FL,ASO,ES,Combined TRACON& Tower with Radar,267,22,32,0,321,0,0,5,0,5,267,22,37,0,326,0,0,0,326
03/03/2014,RSW,FL,ASO,ES,Combined TRACON& Tower with Radar,237,13,23,33,306,0,0,3,0,3,237,13,26,33,309,0,0,0,309
03/04/2014,RSW,FL,ASO,ES,Combined TRACON& Tower with Radar,259,26,21,11,317,0,1,9,0,10,259,27,30,11,327,0,0,0,327
03/05/2014,RSW,FL,ASO,ES,Combined TRACON& Tower with Radar,254,15,24,14,307,0,0,1,0,1,254,15,25,14,308,0,0,0,308
03/06/2014,RSW,FL,ASO,ES,Combined TRACON& Tower with Radar,275,13,41,0,329,0,0,5,0,5,275,13,46,0,334,0,0,0,334
03/07/2014,RSW,FL,ASO,ES,Combined TRACON& Tower with Radar,266,29,22,0,317,0,0,3,0,3,266,29,25,0,320,0,0,0,320
03/08/2014,RSW,FL,ASO,ES,Combined TRACON& Tower with Radar,313,25,20,0,358,0,0,7,0,7,313,25,27,0,365,0,0,0,365
03/09/2014,RSW,FL,ASO,ES,Combined TRACON& Tower with Radar,284,24,39,1,348,0,0,4,0,4,284,24,43,1,352,0,0,0,352
03/10/2014,RSW,FL,ASO,ES,Combined TRACON& Tower with Radar,270,18,28,0,316,0,4,7,0,11,270,22,35,0,327,0,0,0,327
03/11/2014,RSW,FL,ASO,ES,Combined TRACON& Tower with Radar,281,16,40,0,337,0,0,7,0,7,281,16,47,0,344,0,0,0,344
03/12/2014,RSW,FL,ASO,ES,Combined TRACON& Tower with Radar,260,9,20,19,308,0,0,7,0,7,260,9,27,19,315,0,0,0,315
03/13/2014,RSW,FL,ASO,ES,Combined TRACON& Tower with Radar,273,13,28,8,322,0,1,7,0,8,273,14,35,8,330,0,0,0,330
03/14/2014,RSW,FL,ASO,ES,Combined TRACON& Tower with Radar,273,19,24,3,319,0,1,5,0,6,273,20,29,3,325,0,0,0,325
03/15/2014,RSW,FL,ASO,ES,Combined TRACON& Tower with Radar,317,20,20,0,357,0,0,10,0,10,317,20,30,0,367,0,0,0,367
03/16/2014,RSW,FL,ASO,ES,Combined TRACON& Tower with Radar,284,20,28,0,332,0,1,5,0,6,284,21,33,0,338,0,0,0,338
03/17/2014,RSW,FL,ASO,ES,Combined TRACON& Tower with Radar,266,15,24,0,305,0,0,2,0,2,266,15,26,0,307,0,0,0,307
03/18/2014,RSW,FL,ASO,ES,Combined TRACON& Tower with Radar,276,17,17,0,310,0,0,2,0,2,276,17,19,0,312,0,0,0,312
03/19/2014,RSW,FL,ASO,ES,Combined TRACON& Tower with Radar,269,13,35,0,317,0,0,9,0,9,269,13,44,0,326,0,0,0,326
03/20/2014,RSW,FL,ASO,ES,Combined TRACON& Tower with Radar,285,16,27,0,328,0,0,3,0,3,285,16,30,0,331,0,0,0,331
03/21/2014,RSW,FL,ASO,ES,Combined TRACON& Tower with Radar,285,19,39,16,359,0,0,9,0,9,285,19,48,16,368,0,0,0,368
03/22/2014,RSW,FL,ASO,ES,Combined TRACON& Tower with Radar,321,23,17,0,361,0,0,8,0,8,321,23,25,0,369,0,0,0,369
03/23/2014,RSW,FL,ASO,ES,Combined TRACON& Tower with Radar,287,10,27,0,324,0,1,10,0,11,287,11,37,0,335,0,0,0,335
03/24/2014,RSW,FL,ASO,ES,Combined TRACON& Tower with Radar,272,12,14,4,302,0,0,0,0,0,272,12,14,4,302,0,0,0,302
03/25/2014,RSW,FL,ASO,ES,Combined TRACON& Tower with Radar,285,10,23,16,334,0,1,3,0,4,285,11,26,16,338,0,0,0,338
03/26/2014,RSW,FL,ASO,ES,Combined TRACON& Tower with Radar,273,10,14,0,297,0,0,3,0,3,273,10,17,0,300,0,0,0,300
03/27/2014,RSW,FL,ASO,ES,Combined TRACON& Tower with Radar,285,13,28,0,326,0,0,8,0,8,285,13,36,0,334,0,0,0,334
03/28/2014,RSW,FL,ASO,ES,Combined TRACON& Tower with Radar,279,20,35,14,348,0,0,8,0,8,279,20,43,14,356,0,0,0,356
03/29/2014,RSW,FL,ASO,ES,Combined TRACON& Tower with Radar,308,21,24,0,353,0,0,0,0,0,308,21,24,0,353,0,0,0,353
03/30/2014,RSW,FL,ASO,ES,Combined TRACON& Tower with Radar,282,20,36,4,342,0,0,5,0,5,282,20,41,4,347,0,0,0,347
03/31/2014,RSW,FL,ASO,ES,Combined TRACON& Tower with Radar,265,15,23,4,307,0,0,5,0,5,265,15,28,4,312,0,0,0,312
04/01/2014,RSW,FL,ASO,ES,Combined TRACON& Tower with Radar,269,17,16,0,302,0,0,2,0,2,269,17,18,0,304,0,0,0,304
04/02/2014,RSW,FL,ASO,ES,Combined TRACON& Tower with Radar,255,20,24,2,301,0,2,9,0,11,255,22,33,2,312,0,0,0,312
04/03/2014,RSW,FL,ASO,ES,Combined TRACON& Tower with Radar,260,18,18,20,316,0,0,19,0,19,260,18,37,20,335,0,0,0,335
04/04/2014,RSW,FL,ASO,ES,Combined TRACON& Tower with Radar,255,12,24,0,291,0,0,1,0,1,255,12,25,0,292,0,0,0,292
04/05/2014,RSW,FL,ASO,ES,Combined TRACON& Tower with Radar,291,20,17,0,328,0,0,5,0,5,291,20,22,0,333,0,0,0,333
04/06/2014,RSW,FL,ASO,ES,Combined TRACON& Tower with Radar,261,18,26,0,305,0,0,5,0,5,261,18,31,0,310,0,0,0,310
04/07/2014,RSW,FL,ASO,ES,Combined TRACON& Tower with Radar,245,9,11,0,265,0,0,3,0,3,245,9,14,0,268,0,0,0,268
04/08/2014,RSW,FL,ASO,ES,Combined TRACON& Tower with Radar,220,13,12,0,245,0,0,0,0,0,220,13,12,0,245,0,0,0,245
04/09/2014,RSW,FL,ASO,ES,Combined TRACON& Tower with Radar,210,11,15,2,238,0,1,4,0,5,210,12,19,2,243,0,0,0,243
04/10/2014,RSW,FL,ASO,ES,Combined TRACON& Tower with Radar,214,24,8,0,246,0,0,8,2,10,214,24,16,2,256,0,0,0,256
04/11/2014,RSW,FL,ASO,ES,Combined TRACON& Tower with Radar,211,26,31,4,272,0,0,5,0,5,211,26,36,4,277,0,0,0,277
04/12/2014,RSW,FL,ASO,ES,Combined TRACON& Tower with Radar,231,13,27,0,271,0,1,8,0,9,231,14,35,0,280,0,0,0,280
04/13/2014,RSW,FL,ASO,ES,Combined TRACON& Tower with Radar,215,23,21,0,259,0,0,1,0,1,215,23,22,0,260,0,0,0,260
04/14/2014,RSW,FL,ASO,ES,Combined TRACON& Tower with Radar,203,29,17,0,249,0,0,2,0,2,203,29,19,0,251,0,0,0,251
04/15/2014,RSW,FL,ASO,ES,Combined TRACON& Tower with Radar,230,14,11,0,255,0,0,4,0,4,230,14,15,0,259,0,0,0,259
04/16/2014,RSW,FL,ASO,ES,Combined TRACON& Tower with Radar,198,18,27,2,245,0,0,0,0,0,198,18,27,2,245,0,0,0,245
04/17/2014,RSW,FL,ASO,ES,Combined TRACON& Tower with Radar,216,18,25,0,259,0,0,3,0,3,216,18,28,0,262,0,0,0,262
04/18/2014,RSW,FL,ASO,ES,Combined TRACON& Tower with Radar,213,25,22,0,260,0,0,3,0,3,213,25,25,0,263,0,0,0,263
04/19/2014,RSW,FL,ASO,ES,Combined TRACON& Tower with Radar,235,18,15,0,268,0,0,5,0,5,235,18,20,0,273,0,0,0,273
04/20/2014,RSW,FL,ASO,ES,Combined TRACON& Tower with Radar,220,18,21,0,259,0,1,4,0,5,220,19,25,0,264,0,0,0,264
04/21/2014,RSW,FL,ASO,ES,Combined TRACON& Tower with Radar,211,23,28,0,262,0,0,4,0,4,211,23,32,0,266,0,0,0,266
04/22/2014,RSW,FL,ASO,ES,Combined TRACON& Tower with Radar,217,24,14,0,255,0,2,5,2,9,217,26,19,2,264,0,0,0,264
04/23/2014,RSW,FL,ASO,ES,Combined TRACON& Tower with Radar,205,10,12,0,227,0,0,2,0,2,205,10,14,0,229,0,0,0,229
04/24/2014,RSW,FL,ASO,ES,Combined TRACON& Tower with Radar,216,16,25,0,257,0,0,6,0,6,216,16,31,0,263,0,0,0,263
04/25/2014,RSW,FL,ASO,ES,Combined TRACON& Tower with Radar,215,19,15,0,249,0,1,3,0,4,215,20,18,0,253,0,0,0,253
04/26/2014,RSW,FL,ASO,ES,Combined TRACON& Tower with Radar,232,19,9,2,262,0,0,14,0,14,232,19,23,2,276,0,0,0,276
04/27/2014,RSW,FL,ASO,ES,Combined TRACON& Tower with Radar,221,18,14,4,257,0,0,5,8,13,221,18,19,12,270,0,0,0,270
04/28/2014,RSW,FL,ASO,ES,Combined TRACON& Tower with Radar,206,15,14,0,235,0,0,4,0,4,206,15,18,0,239,0,0,0,239
04/29/2014,RSW,FL,ASO,ES,Combined TRACON& Tower with Radar,209,7,9,4,229,0,1,2,0,3,209,8,11,4,232,0,0,0,232
04/30/2014,RSW,FL,ASO,ES,Combined TRACON& Tower with Radar,190,12,18,0,220,0,1,0,0,1,190,13,18,0,221,0,0,0,221
05/01/2014,RSW,FL,ASO,ES,Combined TRACON& Tower with Radar,171,20,20,10,221,0,0,1,0,1,171,20,21,10,222,0,0,0,222
05/02/2014,RSW,FL,ASO,ES,Combined TRACON& Tower with Radar,177,17,16,3,213,0,0,1,0,1,177,17,17,3,214,0,0,0,214
05/03/2014,RSW,FL,ASO,ES,Combined TRACON& Tower with Radar,193,8,4,1,206,0,0,0,0,0,193,8,4,1,206,0,0,0,206
05/04/2014,RSW,FL,ASO,ES,Combined TRACON& Tower with Radar,172,14,9,3,198,0,0,12,0,12,172,14,21,3,210,0,0,0,210
05/05/2014,RSW,FL,ASO,ES,Combined TRACON& Tower with Radar,157,19,27,0,203,0,0,7,0,7,157,19,34,0,210,0,0,0,210
05/06/2014,RSW,FL,ASO,ES,Combined TRACON& Tower with Radar,161,19,18,0,198,0,0,5,0,5,161,19,23,0,203,0,0,0,203
05/07/2014,RSW,FL,ASO,ES,Combined TRACON& Tower with Radar,149,17,29,0,195,0,1,4,0,5,149,18,33,0,200,0,0,0,200
05/08/2014,RSW,FL,ASO,ES,Combined TRACON& Tower with Radar,151,19,17,0,187,0,1,13,0,14,151,20,30,0,201,0,0,0,201
05/09/2014,RSW,FL,ASO,ES,Combined TRACON& Tower with Radar,145,15,16,0,176,0,0,3,0,3,145,15,19,0,179,0,0,0,179
05/10/2014,RSW,FL,ASO,ES,Combined TRACON& Tower with Radar,159,8,6,0,173,0,0,3,0,3,159,8,9,0,176,0,0,0,176
05/11/2014,RSW,FL,ASO,ES,Combined TRACON& Tower with Radar,154,10,6,0,170,0,0,2,0,2,154,10,8,0,172,0,0,0,172
05/12/2014,RSW,FL,ASO,ES,Combined TRACON& Tower with Radar,141,9,22,0,172,0,0,10,0,10,141,9,32,0,182,0,0,0,182
05/13/2014,RSW,FL,ASO,ES,Combined TRACON& Tower with Radar,155,14,19,0,188,0,2,1,0,3,155,16,20,0,191,0,0,0,191
05/14/2014,RSW,FL,ASO,ES,Combined TRACON& Tower with Radar,145,5,12,0,162,0,0,7,0,7,145,5,19,0,169,0,0,0,169
05/15/2014,RSW,FL,ASO,ES,Combined TRACON& Tower with Radar,199,19,18,0,236,0,0,0,0,0,199,19,18,0,236,0,0,0,236
05/16/2014,RSW,FL,ASO,ES,Combined TRACON& Tower with Radar,144,10,14,14,182,0,0,3,0,3,144,10,17,14,185,0,0,0,185
05/17/2014,RSW,FL,ASO,ES,Combined TRACON& Tower with Radar,167,12,10,0,189,0,0,5,0,5,167,12,15,0,194,0,0,0,194
05/18/2014,RSW,FL,ASO,ES,Combined TRACON& Tower with Radar,157,18,14,0,189,0,0,0,0,0,157,18,14,0,189,0,0,0,189
05/19/2014,RSW,FL,ASO,ES,Combined TRACON& Tower with Radar,147,8,5,3,163,0,1,2,0,3,147,9,7,3,166,0,0,0,166
05/20/2014,RSW,FL,ASO,ES,Combined TRACON& Tower with Radar,158,8,11,0,177,0,0,9,0,9,158,8,20,0,186,0,0,0,186
05/21/2014,RSW,FL,ASO,ES,Combined TRACON& Tower with Radar,144,8,19,0,171,0,0,3,0,3,144,8,22,0,174,0,0,0,174
05/22/2014,RSW,FL,ASO,ES,Combined TRACON& Tower with Radar,153,6,19,2,180,0,0,7,0,7,153,6,26,2,187,0,0,0,187
05/23/2014,RSW,FL,ASO,ES,Combined TRACON& Tower with Radar,140,15,8,0,163,0,0,5,0,5,140,15,13,0,168,0,0,0,168
05/24/2014,RSW,FL,ASO,ES,Combined TRACON& Tower with Radar,160,10,9,0,179,0,0,0,0,0,160,10,9,0,179,0,0,0,179
05/25/2014,RSW,FL,ASO,ES,Combined TRACON& Tower with Radar,154,9,2,0,165,0,0,3,0,3,154,9,5,0,168,0,0,0,168
05/26/2014,RSW,FL,ASO,ES,Combined TRACON& Tower with Radar,137,14,10,0,161,0,0,2,0,2,137,14,12,0,163,0,0,0,163
05/27/2014,RSW,FL,ASO,ES,Combined TRACON& Tower with Radar,160,5,11,0,176,0,0,4,0,4,160,5,15,0,180,0,0,0,180
05/28/2014,RSW,FL,ASO,ES,Combined TRACON& Tower with Radar,145,9,8,0,162,0,0,1,0,1,145,9,9,0,163,0,0,0,163
05/29/2014,RSW,FL,ASO,ES,Combined TRACON& Tower with Radar,159,12,14,0,185,0,0,0,0,0,159,12,14,0,185,0,0,0,185
05/30/2014,RSW,FL,ASO,ES,Combined TRACON& Tower with Radar,144,10,11,0,165,0,1,0,1,2,144,11,11,1,167,0,0,0,167
05/31/2014,RSW,FL,ASO,ES,Combined TRACON& Tower with Radar,163,12,9,0,184,0,2,2,0,4,163,14,11,0,188,0,0,0,188
06/01/2014,RSW,FL,ASO,ES,Combined TRACON& Tower with Radar,149,18,7,0,174,0,0,6,0,6,149,18,13,0,180,0,0,0,180
06/02/2014,RSW,FL,ASO,ES,Combined TRACON& Tower with Radar,141,8,12,0,161,0,0,1,0,1,141,8,13,0,162,0,0,0,162
06/03/2014,RSW,FL,ASO,ES,Combined TRACON& Tower with Radar,152,8,7,4,171,0,0,1,0,1,152,8,8,4,172,0,0,0,172
06/04/2014,RSW,FL,ASO,ES,Combined TRACON& Tower with Radar,140,15,11,0,166,0,0,3,0,3,140,15,14,0,169,0,0,0,169
06/05/2014,RSW,FL,ASO,ES,Combined TRACON& Tower with Radar,142,9,12,0,163,0,0,4,0,4,142,9,16,0,167,0,0,0,167
06/06/2014,RSW,FL,ASO,ES,Combined TRACON& Tower with Radar,137,17,18,0,172,0,0,3,0,3,137,17,21,0,175,0,0,0,175
06/07/2014,RSW,FL,ASO,ES,Combined TRACON& Tower with Radar,149,10,5,0,164,0,0,2,0,2,149,10,7,0,166,0,0,0,166
06/08/2014,RSW,FL,ASO,ES,Combined TRACON& Tower with Radar,151,14,9,0,174,0,1,4,0,5,151,15,13,0,179,0,0,0,179
06/09/2014,RSW,FL,ASO,ES,Combined TRACON& Tower with Radar,108,10,8,0,126,0,0,4,0,4,108,10,12,0,130,0,0,0,130
06/10/2014,RSW,FL,ASO,ES,Combined TRACON& Tower with Radar,130,10,7,0,147,0,0,2,0,2,130,10,9,0,149,0,0,0,149
06/11/2014,RSW,FL,ASO,ES,Combined TRACON& Tower with Radar,110,4,8,0,122,0,0,5,0,5,110,4,13,0,127,0,0,0,127
06/12/2014,RSW,FL,ASO,ES,Combined TRACON& Tower with Radar,127,4,10,0,141,0,0,10,0,10,127,4,20,0,151,0,0,0,151
06/13/2014,RSW,FL,ASO,ES,Combined TRACON& Tower with Radar,128,11,14,0,153,0,0,3,0,3,128,11,17,0,156,0,0,0,156
06/14/2014,RSW,FL,ASO,ES,Combined TRACON& Tower with Radar,158,9,10,0,177,0,1,5,0,6,158,10,15,0,183,0,0,0,183
06/15/2014,RSW,FL,ASO,ES,Combined TRACON& Tower with Radar,127,11,3,0,141,0,0,0,0,0,127,11,3,0,141,0,0,0,141
06/16/2014,RSW,FL,ASO,ES,Combined TRACON& Tower with Radar,115,8,8,0,131,0,0,4,0,4,115,8,12,0,135,0,0,0,135
06/17/2014,RSW,FL,ASO,ES,Combined TRACON& Tower with Radar,128,7,22,14,171,0,0,2,0,2,128,7,24,14,173,0,0,0,173
06/18/2014,RSW,FL,ASO,ES,Combined TRACON& Tower with Radar,116,11,4,1,132,0,0,1,0,1,116,11,5,1,133,0,0,0,133
06/19/2014,RSW,FL,ASO,ES,Combined TRACON& Tower with Radar,124,8,4,0,136,0,0,2,0,2,124,8,6,0,138,0,0,0,138
06/20/2014,RSW,FL,ASO,ES,Combined TRACON& Tower with Radar,134,15,2,0,151,0,2,3,0,5,134,17,5,0,156,0,0,0,156
06/21/2014,RSW,FL,ASO,ES,Combined TRACON& Tower with Radar,153,11,3,0,167,0,2,1,0,3,153,13,4,0,170,0,0,0,170
06/22/2014,RSW,FL,ASO,ES,Combined TRACON& Tower with Radar,145,10,6,0,161,0,0,12,0,12,145,10,18,0,173,0,0,0,173
06/23/2014,RSW,FL,ASO,ES,Combined TRACON& Tower with Radar,115,13,10,8,146,0,2,4,0,6,115,15,14,8,152,0,0,0,152
06/24/2014,RSW,FL,ASO,ES,Combined TRACON& Tower with Radar,121,6,3,0,130,0,2,10,0,12,121,8,13,0,142,0,0,0,142
06/25/2014,RSW,FL,ASO,ES,Combined TRACON& Tower with Radar,101,7,8,2,118,0,0,6,0,6,101,7,14,2,124,0,0,0,124
06/26/2014,RSW,FL,ASO,ES,Combined TRACON& Tower with Radar,127,7,10,10,154,0,0,2,1,3,127,7,12,11,157,0,0,0,157
06/27/2014,RSW,FL,ASO,ES,Combined TRACON& Tower with Radar,117,12,14,0,143,0,0,8,0,8,117,12,22,0,151,0,0,0,151
06/28/2014,RSW,FL,ASO,ES,Combined TRACON& Tower with Radar,148,15,6,0,169,0,0,5,0,5,148,15,11,0,174,0,0,0,174
06/29/2014,RSW,FL,ASO,ES,Combined TRACON& Tower with Radar,137,4,13,0,154,0,0,4,0,4,137,4,17,0,158,0,0,0,158
06/30/2014,RSW,FL,ASO,ES,Combined TRACON& Tower with Radar,111,7,3,0,121,0,0,5,0,5,111,7,8,0,126,0,0,0,126
07/01/2014,RSW,FL,ASO,ES,Combined TRACON& Tower with Radar,125,6,3,0,134,0,1,4,0,5,125,7,7,0,139,0,0,0,139
07/02/2014,RSW,FL,ASO,ES,Combined TRACON& Tower with Radar,136,18,12,0,166,0,0,7,0,7,136,18,19,0,173,4,0,4,177
07/03/2014,RSW,FL,ASO,ES,Combined TRACON& Tower with Radar,120,9,10,2,141,0,1,11,1,13,120,10,21,3,154,0,0,0,154
07/04/2014,RSW,FL,ASO,ES,Combined TRACON& Tower with Radar,101,5,3,0,109,0,0,3,0,3,101,5,6,0,112,0,0,0,112
07/05/2014,RSW,FL,ASO,ES,Combined TRACON& Tower with Radar,159,5,9,0,173,0,0,0,0,0,159,5,9,0,173,0,0,0,173
07/06/2014,RSW,FL,ASO,ES,Combined TRACON& Tower with Radar,125,6,5,0,136,0,0,5,0,5,125,6,10,0,141,0,0,0,141
07/07/2014,RSW,FL,ASO,ES,Combined TRACON& Tower with Radar,114,11,3,0,128,0,1,5,0,6,114,12,8,0,134,0,0,0,134
07/08/2014,RSW,FL,ASO,ES,Combined TRACON& Tower with Radar,125,6,12,0,143,0,0,29,0,29,125,6,41,0,172,0,0,0,172
07/09/2014,RSW,FL,ASO,ES,Combined TRACON& Tower with Radar,127,5,12,0,144,0,0,7,0,7,127,5,19,0,151,10,0,10,161
07/10/2014,RSW,FL,ASO,ES,Combined TRACON& Tower with Radar,125,4,20,0,149,0,0,1,0,1,125,4,21,0,150,0,0,0,150
07/11/2014,RSW,FL,ASO,ES,Combined TRACON& Tower with Radar,115,7,2,0,124,0,0,3,0,3,115,7,5,0,127,0,0,0,127
07/12/2014,RSW,FL,ASO,ES,Combined TRACON& Tower with Radar,151,10,4,0,165,0,0,16,0,16,151,10,20,0,181,0,0,0,181
07/13/2014,RSW,FL,ASO,ES,Combined TRACON& Tower with Radar,120,5,12,0,137,0,0,5,0,5,120,5,17,0,142,0,0,0,142
07/14/2014,RSW,FL,ASO,ES,Combined TRACON& Tower with Radar,110,8,11,0,129,0,0,10,0,10,110,8,21,0,139,0,0,0,139
07/15/2014,RSW,FL,ASO,ES,Combined TRACON& Tower with Radar,125,7,10,0,142,0,0,1,0,1,125,7,11,0,143,0,0,0,143
07/16/2014,RSW,FL,ASO,ES,Combined TRACON& Tower with Radar,129,6,5,0,140,0,1,3,0,4,129,7,8,0,144,0,0,0,144
07/17/2014,RSW,FL,ASO,ES,Combined TRACON& Tower with Radar,136,6,6,0,148,0,0,12,2,14,136,6,18,2,162,0,0,0,162
07/18/2014,RSW,FL,ASO,ES,Combined TRACON& Tower with Radar,119,4,7,0,130,0,0,3,0,3,119,4,10,0,133,0,0,0,133
07/19/2014,RSW,FL,ASO,ES,Combined TRACON& Tower with Radar,157,11,10,0,178,0,0,14,0,14,157,11,24,0,192,0,0,0,192
07/20/2014,RSW,FL,ASO,ES,Combined TRACON& Tower with Radar,125,7,6,0,138,0,0,7,0,7,125,7,13,0,145,0,0,0,145
07/21/2014,RSW,FL,ASO,ES,Combined TRACON& Tower with Radar,128,14,8,0,150,0,0,8,0,8,128,14,16,0,158,0,0,0,158
07/22/2014,RSW,FL,ASO,ES,Combined TRACON& Tower with Radar,125,7,16,0,148,0,0,7,0,7,125,7,23,0,155,0,0,0,155
07/23/2014,RSW,FL,ASO,ES,Combined TRACON& Tower with Radar,126,11,11,2,150,0,0,5,0,5,126,11,16,2,155,0,0,0,155
07/24/2014,RSW,FL,ASO,ES,Combined TRACON& Tower with Radar,127,7,10,0,144,0,0,2,0,2,127,7,12,0,146,0,0,0,146
07/25/2014,RSW,FL,ASO,ES,Combined TRACON& Tower with Radar,116,7,6,8,137,0,0,4,0,4,116,7,10,8,141,0,0,0,141
07/26/2014,RSW,FL,ASO,ES,Combined TRACON& Tower with Radar,154,6,7,0,167,0,0,4,0,4,154,6,11,0,171,0,0,0,171
07/27/2014,RSW,FL,ASO,ES,Combined TRACON& Tower with Radar,120,10,4,0,134,0,0,2,0,2,120,10,6,0,136,0,0,0,136
07/28/2014,RSW,FL,ASO,ES,Combined TRACON& Tower with Radar,111,5,2,1,119,0,0,5,0,5,111,5,7,1,124,0,0,0,124
07/29/2014,RSW,FL,ASO,ES,Combined TRACON& Tower with Radar,127,4,7,2,140,0,0,3,0,3,127,4,10,2,143,0,0,0,143
07/30/2014,RSW,FL,ASO,ES,Combined TRACON& Tower with Radar,133,9,9,3,154,0,0,4,0,4,133,9,13,3,158,0,0,0,158
07/31/2014,RSW,FL,ASO,ES,Combined TRACON& Tower with Radar,129,6,4,2,141,0,4,6,2,12,129,10,10,4,153,0,0,0,153
08/01/2014,RSW,FL,ASO,ES,Combined TRACON& Tower with Radar,116,4,9,2,131,0,0,4,0,4,116,4,13,2,135,0,0,0,135
08/02/2014,RSW,FL,ASO,ES,Combined TRACON& Tower with Radar,149,7,8,8,172,0,0,7,0,7,149,7,15,8,179,0,0,0,179
08/03/2014,RSW,FL,ASO,ES,Combined TRACON& Tower with Radar,121,9,8,2,140,0,0,6,0,6,121,9,14,2,146,0,0,0,146
08/04/2014,RSW,FL,ASO,ES,Combined TRACON& Tower with Radar,115,10,13,0,138,0,0,7,0,7,115,10,20,0,145,0,0,0,145
08/05/2014,RSW,FL,ASO,ES,Combined TRACON& Tower with Radar,122,6,6,0,134,0,0,13,0,13,122,6,19,0,147,0,0,0,147
08/06/2014,RSW,FL,ASO,ES,Combined TRACON& Tower with Radar,117,9,6,2,134,0,0,16,0,16,117,9,22,2,150,0,0,0,150
08/07/2014,RSW,FL,ASO,ES,Combined TRACON& Tower with Radar,125,11,8,0,144,0,0,4,0,4,125,11,12,0,148,0,0,0,148
08/08/2014,RSW,FL,ASO,ES,Combined TRACON& Tower with Radar,114,10,6,0,130,0,0,1,0,1,114,10,7,0,131,0,0,0,131
08/09/2014,RSW,FL,ASO,ES,Combined TRACON& Tower with Radar,152,6,6,0,164,0,0,6,0,6,152,6,12,0,170,0,0,0,170
08/10/2014,RSW,FL,ASO,ES,Combined TRACON& Tower with Radar,116,8,7,0,131,0,0,4,0,4,116,8,11,0,135,0,0,0,135
08/11/2014,RSW,FL,ASO,ES,Combined TRACON& Tower with Radar,110,6,6,11,133,0,0,5,1,6,110,6,11,12,139,0,0,0,139
08/12/2014,RSW,FL,ASO,ES,Combined TRACON& Tower with Radar,120,6,8,0,134,0,0,6,0,6,120,6,14,0,140,0,0,0,140
08/13/2014,RSW,FL,ASO,ES,Combined TRACON& Tower with Radar,116,7,11,0,134,0,0,24,0,24,116,7,35,0,158,0,0,0,158
08/14/2014,RSW,FL,ASO,ES,Combined TRACON& Tower with Radar,118,7,6,0,131,0,1,8,0,9,118,8,14,0,140,0,0,0,140
08/15/2014,RSW,FL,ASO,ES,Combined TRACON& Tower with Radar,132,11,12,0,155,0,0,3,0,3,132,11,15,0,158,0,0,0,158
08/16/2014,RSW,FL,ASO,ES,Combined TRACON& Tower with Radar,144,6,6,0,156,0,0,3,0,3,144,6,9,0,159,0,0,0,159
08/17/2014,RSW,FL,ASO,ES,Combined TRACON& Tower with Radar,116,5,5,0,126,0,0,3,0,3,116,5,8,0,129,0,0,0,129
08/18/2014,RSW,FL,ASO,ES,Combined TRACON& Tower with Radar,107,7,11,0,125,0,0,6,0,6,107,7,17,0,131,0,0,0,131
08/19/2014,RSW,FL,ASO,ES,Combined TRACON& Tower with Radar,118,7,16,0,141,0,0,5,0,5,118,7,21,0,146,0,0,0,146
08/20/2014,RSW,FL,ASO,ES,Combined TRACON& Tower with Radar,105,14,20,0,139,0,0,6,0,6,105,14,26,0,145,0,0,0,145
08/21/2014,RSW,FL,ASO,ES,Combined TRACON& Tower with Radar,112,11,10,0,133,0,0,7,0,7,112,11,17,0,140,0,0,0,140
08/22/2014,RSW,FL,ASO,ES,Combined TRACON& Tower with Radar,109,8,6,0,123,0,0,13,0,13,109,8,19,0,136,0,0,0,136
08/23/2014,RSW,FL,ASO,ES,Combined TRACON& Tower with Radar,117,4,2,0,123,0,0,4,0,4,117,4,6,0,127,0,0,0,127
08/24/2014,RSW,FL,ASO,ES,Combined TRACON& Tower with Radar,117,8,0,6,131,0,0,3,0,3,117,8,3,6,134,0,0,0,134
08/25/2014,RSW,FL,ASO,ES,Combined TRACON& Tower with Radar,104,11,10,0,125,0,0,7,0,7,104,11,17,0,132,0,0,0,132
08/26/2014,RSW,FL,ASO,ES,Combined TRACON& Tower with Radar,114,6,10,4,134,0,0,7,0,7,114,6,17,4,141,0,0,0,141
08/27/2014,RSW,FL,ASO,ES,Combined TRACON& Tower with Radar,104,5,12,0,121,0,1,10,0,11,104,6,22,0,132,0,0,0,132
08/28/2014,RSW,FL,ASO,ES,Combined TRACON& Tower with Radar,113,11,8,0,132,0,0,3,0,3,113,11,11,0,135,0,0,0,135
08/29/2014,RSW,FL,ASO,ES,Combined TRACON& Tower with Radar,104,8,19,0,131,0,1,13,0,14,104,9,32,0,145,0,0,0,145
08/30/2014,RSW,FL,ASO,ES,Combined TRACON& Tower with Radar,115,5,1,0,121,0,0,6,0,6,115,5,7,0,127,0,0,0,127
08/31/2014,RSW,FL,ASO,ES,Combined TRACON& Tower with Radar,110,4,8,0,122,0,0,5,0,5,110,4,13,0,127,0,0,0,127
09/01/2014,RSW,FL,ASO,ES,Combined TRACON& Tower with Radar,102,13,7,0,122,0,0,5,0,5,102,13,12,0,127,0,0,0,127
09/02/2014,RSW,FL,ASO,ES,Combined TRACON& Tower with Radar,107,9,19,0,135,0,0,9,0,9,107,9,28,0,144,0,0,0,144
09/03/2014,RSW,FL,ASO,ES,Combined TRACON& Tower with Radar,97,6,10,9,122,0,0,7,0,7,97,6,17,9,129,0,0,0,129
09/04/2014,RSW,FL,ASO,ES,Combined TRACON& Tower with Radar,108,10,9,0,127,0,0,4,0,4,108,10,13,0,131,0,0,0,131
09/05/2014,RSW,FL,ASO,ES,Combined TRACON& Tower with Radar,95,8,19,0,122,0,0,10,0,10,95,8,29,0,132,0,0,0,132
09/06/2014,RSW,FL,ASO,ES,Combined TRACON& Tower with Radar,104,4,4,0,112,0,0,12,0,12,104,4,16,0,124,0,0,0,124
09/07/2014,RSW,FL,ASO,ES,Combined TRACON& Tower with Radar,108,10,18,0,136,0,0,17,0,17,108,10,35,0,153,0,0,0,153
09/08/2014,RSW,FL,ASO,ES,Combined TRACON& Tower with Radar,99,8,11,9,127,0,0,12,0,12,99,8,23,9,139,0,0,0,139
09/09/2014,RSW,FL,ASO,ES,Combined TRACON& Tower with Radar,104,5,3,1,113,0,0,2,0,2,104,5,5,1,115,0,0,0,115
09/10/2014,RSW,FL,ASO,ES,Combined TRACON& Tower with Radar,96,9,12,0,117,0,0,15,0,15,96,9,27,0,132,6,0,6,138
09/11/2014,RSW,FL,ASO,ES,Combined TRACON& Tower with Radar,111,8,3,6,128,0,0,1,0,1,111,8,4,6,129,0,0,0,129
09/12/2014,RSW,FL,ASO,ES,Combined TRACON& Tower with Radar,102,8,9,2,121,0,0,20,4,24,102,8,29,6,145,16,0,16,161
09/13/2014,RSW,FL,ASO,ES,Combined TRACON& Tower with Radar,107,11,6,2,126,0,0,0,0,0,107,11,6,2,126,0,0,0,126
09/14/2014,RSW,FL,ASO,ES,Combined TRACON& Tower with Radar,108,7,4,0,119,0,0,0,0,0,108,7,4,0,119,0,0,0,119
09/15/2014,RSW,FL,ASO,ES,Combined TRACON& Tower with Radar,98,8,2,0,108,0,0,4,0,4,98,8,6,0,112,0,0,0,112
09/16/2014,RSW,FL,ASO,ES,Combined TRACON& Tower with Radar,106,6,8,0,120,0,0,3,2,5,106,6,11,2,125,0,0,0,125
09/17/2014,RSW,FL,ASO,ES,Combined TRACON& Tower with Radar,97,6,5,0,108,0,0,3,0,3,97,6,8,0,111,0,0,0,111
09/18/2014,RSW,FL,ASO,ES,Combined TRACON& Tower with Radar,114,10,7,3,134,0,0,8,0,8,114,10,15,3,142,0,0,0,142
09/19/2014,RSW,FL,ASO,ES,Combined TRACON& Tower with Radar,103,4,4,2,113,0,0,4,0,4,103,4,8,2,117,0,0,0,117
09/20/2014,RSW,FL,ASO,ES,Combined TRACON& Tower with Radar,123,16,5,0,144,0,0,0,0,0,123,16,5,0,144,0,0,0,144
09/21/2014,RSW,FL,ASO,ES,Combined TRACON& Tower with Radar,110,8,12,0,130,0,0,4,0,4,110,8,16,0,134,0,0,0,134
09/22/2014,RSW,FL,ASO,ES,Combined TRACON& Tower with Radar,97,5,5,0,107,0,0,3,0,3,97,5,8,0,110,0,0,0,110
09/23/2014,RSW,FL,ASO,ES,Combined TRACON& Tower with Radar,107,7,11,4,129,0,0,2,0,2,107,7,13,4,131,0,0,0,131
09/24/2014,RSW,FL,ASO,ES,Combined TRACON& Tower with Radar,100,15,6,0,121,0,0,2,0,2,100,15,8,0,123,0,0,0,123
09/25/2014,RSW,FL,ASO,ES,Combined TRACON& Tower with Radar,110,4,9,10,133,0,0,9,0,9,110,4,18,10,142,0,0,0,142
09/26/2014,RSW,FL,ASO,ES,Combined TRACON& Tower with Radar,91,6,10,4,111,0,0,3,0,3,91,6,13,4,114,0,0,0,114
09/27/2014,RSW,FL,ASO,ES,Combined TRACON& Tower with Radar,111,9,5,0,125,0,1,6,1,8,111,10,11,1,133,0,0,0,133
09/28/2014,RSW,FL,ASO,ES,Combined TRACON& Tower with Radar,111,12,14,0,137,0,0,11,0,11,111,12,25,0,148,0,0,0,148
09/29/2014,RSW,FL,ASO,ES,Combined TRACON& Tower with Radar,97,7,16,0,120,0,0,3,0,3,97,7,19,0,123,0,0,0,123
09/30/2014,RSW,FL,ASO,ES,Combined TRACON& Tower with Radar,109,8,3,0,120,0,0,3,0,3,109,8,6,0,123,0,0,0,123
10/01/2014,RSW,FL,ASO,ES,Combined TRACON& Tower with Radar,104,21,18,1,144,0,0,2,2,4,104,21,20,3,148,0,0,0,148
10/02/2014,RSW,FL,ASO,ES,Combined TRACON& Tower with Radar,121,11,10,14,156,0,1,5,0,6,121,12,15,14,162,0,0,0,162
10/03/2014,RSW,FL,ASO,ES,Combined TRACON& Tower with Radar,118,18,5,8,149,0,0,7,0,7,118,18,12,8,156,0,0,0,156
10/04/2014,RSW,FL,ASO,ES,Combined TRACON& Tower with Radar,127,6,4,0,137,0,0,6,0,6,127,6,10,0,143,0,0,0,143
10/05/2014,RSW,FL,ASO,ES,Combined TRACON& Tower with Radar,131,13,8,1,153,0,0,7,0,7,131,13,15,1,160,0,0,0,160
10/06/2014,RSW,FL,ASO,ES,Combined TRACON& Tower with Radar,112,9,8,2,131,0,0,9,0,9,112,9,17,2,140,0,0,0,140
10/07/2014,RSW,FL,ASO,ES,Combined TRACON& Tower with Radar,127,9,15,6,157,0,0,20,8,28,127,9,35,14,185,0,0,0,185
10/08/2014,RSW,FL,ASO,ES,Combined TRACON& Tower with Radar,112,10,9,11,142,0,0,22,1,23,112,10,31,12,165,0,0,0,165
10/09/2014,RSW,FL,ASO,ES,Combined TRACON& Tower with Radar,129,9,4,6,148,0,0,30,0,30,129,9,34,6,178,0,0,0,178
10/10/2014,RSW,FL,ASO,ES,Combined TRACON& Tower with Radar,117,15,12,0,144,0,0,11,0,11,117,15,23,0,155,0,0,0,155
10/11/2014,RSW,FL,ASO,ES,Combined TRACON& Tower with Radar,130,8,13,7,158,0,0,5,0,5,130,8,18,7,163,0,0,0,163
10/12/2014,RSW,FL,ASO,ES,Combined TRACON& Tower with Radar,129,12,11,0,152,0,0,4,0,4,129,12,15,0,156,0,0,0,156
10/13/2014,RSW,FL,ASO,ES,Combined TRACON& Tower with Radar,114,6,13,0,133,0,0,6,0,6,114,6,19,0,139,0,0,0,139
10/14/2014,RSW,FL,ASO,ES,Combined TRACON& Tower with Radar,125,15,17,0,157,0,0,9,0,9,125,15,26,0,166,0,0,0,166
10/15/2014,RSW,FL,ASO,ES,Combined TRACON& Tower with Radar,117,13,16,0,146,0,0,18,2,20,117,13,34,2,166,0,0,0,166
10/16/2014,RSW,FL,ASO,ES,Combined TRACON& Tower with Radar,126,17,12,2,157,0,0,4,0,4,126,17,16,2,161,0,0,0,161
10/17/2014,RSW,FL,ASO,ES,Combined TRACON& Tower with Radar,121,10,16,14,161,0,0,14,0,14,121,10,30,14,175,0,0,0,175
10/18/2014,RSW,FL,ASO,ES,Combined TRACON& Tower with Radar,133,11,20,4,168,0,0,10,4,14,133,11,30,8,182,0,0,0,182
10/19/2014,RSW,FL,ASO,ES,Combined TRACON& Tower with Radar,132,21,20,0,173,0,0,9,0,9,132,21,29,0,182,0,0,0,182
10/20/2014,RSW,FL,ASO,ES,Combined TRACON& Tower with Radar,117,18,17,8,160,0,0,4,0,4,117,18,21,8,164,0,0,0,164
10/21/2014,RSW,FL,ASO,ES,Combined TRACON& Tower with Radar,126,15,16,0,157,0,0,2,0,2,126,15,18,0,159,0,0,0,159
10/22/2014,RSW,FL,ASO,ES,Combined TRACON& Tower with Radar,120,13,16,8,157,0,1,4,0,5,120,14,20,8,162,0,0,0,162
10/23/2014,RSW,FL,ASO,ES,Combined TRACON& Tower with Radar,125,14,11,8,158,0,0,3,2,5,125,14,14,10,163,0,0,0,163
10/24/2014,RSW,FL,ASO,ES,Combined TRACON& Tower with Radar,126,19,14,6,165,0,0,6,0,6,126,19,20,6,171,0,0,0,171
10/25/2014,RSW,FL,ASO,ES,Combined TRACON& Tower with Radar,131,8,16,4,159,0,0,12,0,12,131,8,28,4,171,0,0,0,171
10/26/2014,RSW,FL,ASO,ES,Combined TRACON& Tower with Radar,146,13,20,0,179,0,0,11,0,11,146,13,31,0,190,0,0,0,190
10/27/2014,RSW,FL,ASO,ES,Combined TRACON& Tower with Radar,136,6,18,5,165,0,0,9,2,11,136,6,27,7,176,0,0,0,176
10/28/2014,RSW,FL,ASO,ES,Combined TRACON& Tower with Radar,136,9,11,0,156,0,0,3,0,3,136,9,14,0,159,0,0,0,159
10/29/2014,RSW,FL,ASO,ES,Combined TRACON& Tower with Radar,133,11,20,0,164,0,0,7,0,7,133,11,27,0,171,0,0,0,171
10/30/2014,RSW,FL,ASO,ES,Combined TRACON& Tower with Radar,139,11,3,2,155,0,1,4,0,5,139,12,7,2,160,0,0,0,160
10/31/2014,RSW,FL,ASO,ES,Combined TRACON& Tower with Radar,140,9,17,8,174,0,0,5,0,5,140,9,22,8,179,0,0,0,179
11/01/2014,RSW,FL,ASO,ES,Combined TRACON& Tower with Radar,140,10,15,0,165,0,0,3,0,3,140,10,18,0,168,0,0,0,168
11/02/2014,RSW,FL,ASO,ES,Combined TRACON& Tower with Radar,166,12,12,0,190,0,0,2,0,2,166,12,14,0,192,0,0,0,192
11/03/2014,RSW,FL,ASO,ES,Combined TRACON& Tower with Radar,173,13,27,0,213,0,0,7,0,7,173,13,34,0,220,0,0,0,220
11/04/2014,RSW,FL,ASO,ES,Combined TRACON& Tower with Radar,169,10,19,0,198,0,0,4,0,4,169,10,23,0,202,0,0,0,202
11/05/2014,RSW,FL,ASO,ES,Combined TRACON& Tower with Radar,171,10,23,8,212,0,0,10,0,10,171,10,33,8,222,0,0,0,222
11/06/2014,RSW,FL,ASO,ES,Combined TRACON& Tower with Radar,174,23,24,7,228,0,2,1,0,3,174,25,25,7,231,0,0,0,231
11/07/2014,RSW,FL,ASO,ES,Combined TRACON& Tower with Radar,181,22,31,4,238,0,0,4,0,4,181,22,35,4,242,0,0,0,242
11/08/2014,RSW,FL,ASO,ES,Combined TRACON& Tower with Radar,190,10,5,0,205,0,0,3,0,3,190,10,8,0,208,0,0,0,208
11/09/2014,RSW,FL,ASO,ES,Combined TRACON& Tower with Radar,175,19,15,0,209,0,0,0,0,0,175,19,15,0,209,0,0,0,209
11/10/2014,RSW,FL,ASO,ES,Combined TRACON& Tower with Radar,174,17,22,4,217,0,0,9,0,9,174,17,31,4,226,0,0,0,226
11/11/2014,RSW,FL,ASO,ES,Combined TRACON& Tower with Radar,178,15,15,7,215,0,2,8,0,10,178,17,23,7,225,0,0,0,225
11/12/2014,RSW,FL,ASO,ES,Combined TRACON& Tower with Radar,177,22,15,4,218,0,0,10,2,12,177,22,25,6,230,0,0,0,230
11/13/2014,RSW,FL,ASO,ES,Combined TRACON& Tower with Radar,176,29,16,36,257,0,0,4,0,4,176,29,20,36,261,0,0,0,261
11/14/2014,RSW,FL,ASO,ES,Combined TRACON& Tower with Radar,183,16,22,0,221,0,0,5,0,5,183,16,27,0,226,0,0,0,226
11/15/2014,RSW,FL,ASO,ES,Combined TRACON& Tower with Radar,190,13,13,0,216,0,0,4,0,4,190,13,17,0,220,0,0,0,220
11/16/2014,RSW,FL,ASO,ES,Combined TRACON& Tower with Radar,172,15,17,0,204,0,0,13,0,13,172,15,30,0,217,0,0,0,217
11/17/2014,RSW,FL,ASO,ES,Combined TRACON& Tower with Radar,162,18,19,0,199,0,0,5,0,5,162,18,24,0,204,0,0,0,204
11/18/2014,RSW,FL,ASO,ES,Combined TRACON& Tower with Radar,180,23,31,0,234,0,0,4,0,4,180,23,35,0,238,0,0,0,238
11/19/2014,RSW,FL,ASO,ES,Combined TRACON& Tower with Radar,169,25,16,0,210,0,0,3,0,3,169,25,19,0,213,0,0,0,213
11/20/2014,RSW,FL,ASO,ES,Combined TRACON& Tower with Radar,182,11,30,0,223,0,0,3,0,3,182,11,33,0,226,0,0,0,226
11/21/2014,RSW,FL,ASO,ES,Combined TRACON& Tower with Radar,183,22,28,11,244,0,0,12,0,12,183,22,40,11,256,12,0,12,268
11/22/2014,RSW,FL,ASO,ES,Combined TRACON& Tower with Radar,202,13,13,0,228,0,0,0,0,0,202,13,13,0,228,0,0,0,228
11/23/2014,RSW,FL,ASO,ES,Combined TRACON& Tower with Radar,175,17,8,0,200,0,0,7,0,7,175,17,15,0,207,0,0,0,207
11/24/2014,RSW,FL,ASO,ES,Combined TRACON& Tower with Radar,174,23,14,8,219,0,0,9,0,9,174,23,23,8,228,0,0,0,228
11/25/2014,RSW,FL,ASO,ES,Combined TRACON& Tower with Radar,206,18,17,0,241,0,1,6,0,7,206,19,23,0,248,0,0,0,248
11/26/2014,RSW,FL,ASO,ES,Combined TRACON& Tower with Radar,178,16,16,0,210,0,0,4,0,4,178,16,20,0,214,0,0,0,214
11/27/2014,RSW,FL,ASO,ES,Combined TRACON& Tower with Radar,137,10,8,0,155,0,0,6,0,6,137,10,14,0,161,0,0,0,161
11/28/2014,RSW,FL,ASO,ES,Combined TRACON& Tower with Radar,158,13,6,0,177,0,0,2,0,2,158,13,8,0,179,0,0,0,179
11/29/2014,RSW,FL,ASO,ES,Combined TRACON& Tower with Radar,201,24,26,0,251,0,1,6,0,7,201,25,32,0,258,0,0,0,258
11/30/2014,RSW,FL,ASO,ES,Combined TRACON& Tower with Radar,201,37,32,0,270,0,0,8,0,8,201,37,40,0,278,0,0,0,278
12/01/2014,RSW,FL,ASO,ES,Combined TRACON& Tower with Radar,190,23,20,0,233,0,0,5,0,5,190,23,25,0,238,0,0,0,238
12/02/2014,RSW,FL,ASO,ES,Combined TRACON& Tower with Radar,171,14,15,8,208,0,0,7,0,7,171,14,22,8,215,0,0,0,215
12/03/2014,RSW,FL,ASO,ES,Combined TRACON& Tower with Radar,165,18,14,0,197,0,0,6,0,6,165,18,20,0,203,0,0,0,203
12/04/2014,RSW,FL,ASO,ES,Combined TRACON& Tower with Radar,176,16,24,0,216,0,0,7,0,7,176,16,31,0,223,0,0,0,223
12/05/2014,RSW,FL,ASO,ES,Combined TRACON& Tower with Radar,180,17,19,6,222,0,0,4,0,4,180,17,23,6,226,0,0,0,226
12/06/2014,RSW,FL,ASO,ES,Combined TRACON& Tower with Radar,184,18,17,0,219,0,0,2,0,2,184,18,19,0,221,0,0,0,221
12/07/2014,RSW,FL,ASO,ES,Combined TRACON& Tower with Radar,145,19,23,0,187,0,0,2,0,2,145,19,25,0,189,0,0,0,189
12/08/2014,RSW,FL,ASO,ES,Combined TRACON& Tower with Radar,187,18,21,4,230,0,0,5,0,5,187,18,26,4,235,0,0,0,235
12/09/2014,RSW,FL,ASO,ES,Combined TRACON& Tower with Radar,171,14,32,14,231,0,0,5,0,5,171,14,37,14,236,0,0,0,236
12/10/2014,RSW,FL,ASO,ES,Combined TRACON& Tower with Radar,168,24,23,0,215,0,1,12,0,13,168,25,35,0,228,0,0,0,228
12/11/2014,RSW,FL,ASO,ES,Combined TRACON& Tower with Radar,178,18,15,6,217,0,0,5,0,5,178,18,20,6,222,0,0,0,222
12/12/2014,RSW,FL,ASO,ES,Combined TRACON& Tower with Radar,182,19,23,8,232,0,10,12,0,22,182,29,35,8,254,18,0,18,272
12/13/2014,RSW,FL,ASO,ES,Combined TRACON& Tower with Radar,184,21,3,0,208,0,0,7,0,7,184,21,10,0,215,0,0,0,215
12/14/2014,RSW,FL,ASO,ES,Combined TRACON& Tower with Radar,169,12,14,4,199,0,0,6,2,8,169,12,20,6,207,0,0,0,207
12/15/2014,RSW,FL,ASO,ES,Combined TRACON& Tower with Radar,173,20,8,9,210,0,0,5,1,6,173,20,13,10,216,0,0,0,216
12/16/2014,RSW,FL,ASO,ES,Combined TRACON& Tower with Radar,171,15,15,0,201,0,0,7,0,7,171,15,22,0,208,0,0,0,208
12/17/2014,RSW,FL,ASO,ES,Combined TRACON& Tower with Radar,165,19,19,0,203,0,0,5,0,5,165,19,24,0,208,0,0,0,208
12/18/2014,RSW,FL,ASO,ES,Combined TRACON& Tower with Radar,212,12,17,0,241,0,0,6,0,6,212,12,23,0,247,0,0,0,247
12/19/2014,RSW,FL,ASO,ES,Combined TRACON& Tower with Radar,214,20,32,0,266,0,0,12,0,12,214,20,44,0,278,0,0,0,278
12/20/2014,RSW,FL,ASO,ES,Combined TRACON& Tower with Radar,229,18,14,0,261,0,0,5,0,5,229,18,19,0,266,0,0,0,266
12/21/2014,RSW,FL,ASO,ES,Combined TRACON& Tower with Radar,216,22,19,0,257,0,0,3,0,3,216,22,22,0,260,0,0,0,260
12/22/2014,RSW,FL,ASO,ES,Combined TRACON& Tower with Radar,219,20,13,0,252,0,0,1,0,1,219,20,14,0,253,0,0,0,253
12/23/2014,RSW,FL,ASO,ES,Combined TRACON& Tower with Radar,236,18,8,8,270,0,0,3,0,3,236,18,11,8,273,0,0,0,273
12/24/2014,RSW,FL,ASO,ES,Combined TRACON& Tower with Radar,204,12,5,0,221,0,0,0,0,0,204,12,5,0,221,0,0,0,221
12/25/2014,RSW,FL,ASO,ES,Combined TRACON& Tower with Radar,209,18,6,0,233,0,0,2,0,2,209,18,8,0,235,0,0,0,235
12/26/2014,RSW,FL,ASO,ES,Combined TRACON& Tower with Radar,241,39,45,0,325,0,0,8,0,8,241,39,53,0,333,0,0,0,333
12/27/2014,RSW,FL,ASO,ES,Combined TRACON& Tower with Radar,240,36,52,0,328,0,0,5,0,5,240,36,57,0,333,0,0,0,333
12/28/2014,RSW,FL,ASO,ES,Combined TRACON& Tower with Radar,233,27,16,0,276,0,1,7,0,8,233,28,23,0,284,0,0,0,284
12/29/2014,RSW,FL,ASO,ES,Combined TRACON& Tower with Radar,231,23,29,14,297,0,0,12,0,12,231,23,41,14,309,0,0,0,309
12/30/2014,RSW,FL,ASO,ES,Combined TRACON& Tower with Radar,242,30,37,0,309,0,0,5,0,5,242,30,42,0,314,0,0,0,314
12/31/2014,RSW,FL,ASO,ES,Combined TRACON& Tower with Radar,214,12,16,0,242,0,0,1,0,1,214,12,17,0,243,0,0,0,243
01/01/2015,RSW,FL,ASO,ES,Combined TRACON& Tower with Radar,205,16,16,0,237,0,0,0,0,0,205,16,16,0,237,0,0,0,237
01/02/2015,RSW,FL,ASO,ES,Combined TRACON& Tower with Radar,239,19,37,0,295,0,0,8,0,8,239,19,45,0,303,0,0,0,303
01/03/2015,RSW,FL,ASO,ES,Combined TRACON& Tower with Radar,235,23,31,0,289,0,0,5,0,5,235,23,36,0,294,0,0,0,294
01/04/2015,RSW,FL,ASO,ES,Combined TRACON& Tower with Radar,224,32,36,0,292,0,0,6,0,6,224,32,42,0,298,0,0,0,298
01/05/2015,RSW,FL,ASO,ES,Combined TRACON& Tower with Radar,207,24,31,0,262,0,0,2,0,2,207,24,33,0,264,0,0,0,264
01/06/2015,RSW,FL,ASO,ES,Combined TRACON& Tower with Radar,211,18,17,0,246,0,0,5,3,8,211,18,22,3,254,0,0,0,254
01/07/2015,RSW,FL,ASO,ES,Combined TRACON& Tower with Radar,216,14,29,0,259,0,2,7,0,9,216,16,36,0,268,0,0,0,268
01/08/2015,RSW,FL,ASO,ES,Combined TRACON& Tower with Radar,211,19,24,0,254,0,4,5,0,9,211,23,29,0,263,0,0,0,263
01/09/2015,RSW,FL,ASO,ES,Combined TRACON& Tower with Radar,227,16,29,0,272,0,0,5,1,6,227,16,34,1,278,0,0,0,278
01/10/2015,RSW,FL,ASO,ES,Combined TRACON& Tower with Radar,252,22,14,2,290,0,0,6,4,10,252,22,20,6,300,0,0,0,300
01/11/2015,RSW,FL,ASO,ES,Combined TRACON& Tower with Radar,209,18,21,0,248,0,1,5,0,6,209,19,26,0,254,0,0,0,254
01/12/2015,RSW,FL,ASO,ES,Combined TRACON& Tower with Radar,213,20,17,0,250,0,0,4,0,4,213,20,21,0,254,0,0,0,254
01/13/2015,RSW,FL,ASO,ES,Combined TRACON& Tower with Radar,217,19,29,0,265,0,0,1,0,1,217,19,30,0,266,0,0,0,266
01/14/2015,RSW,FL,ASO,ES,Combined TRACON& Tower with Radar,219,20,20,10,269,0,0,3,0,3,219,20,23,10,272,0,0,0,272
01/15/2015,RSW,FL,ASO,ES,Combined TRACON& Tower with Radar,228,18,31,18,295,0,0,0,0,0,228,18,31,18,295,0,0,0,295
01/16/2015,RSW,FL,ASO,ES,Combined TRACON& Tower with Radar,227,12,33,4,276,0,0,6,0,6,227,12,39,4,282,0,0,0,282
01/17/2015,RSW,FL,ASO,ES,Combined TRACON& Tower with Radar,238,12,20,0,270,0,0,7,0,7,238,12,27,0,277,0,0,0,277
01/18/2015,RSW,FL,ASO,ES,Combined TRACON& Tower with Radar,191,21,17,4,233,0,0,4,0,4,191,21,21,4,237,0,0,0,237
01/19/2015,RSW,FL,ASO,ES,Combined TRACON& Tower with Radar,217,22,33,0,272,0,0,15,0,15,217,22,48,0,287,0,0,0,287
01/20/2015,RSW,FL,ASO,ES,Combined TRACON& Tower with Radar,218,13,21,0,252,0,0,5,0,5,218,13,26,0,257,0,0,0,257
01/21/2015,RSW,FL,ASO,ES,Combined TRACON& Tower with Radar,216,21,21,2,260,0,1,4,0,5,216,22,25,2,265,0,0,0,265
01/22/2015,RSW,FL,ASO,ES,Combined TRACON& Tower with Radar,222,23,34,0,279,0,0,9,0,9,222,23,43,0,288,0,0,0,288
01/23/2015,RSW,FL,ASO,ES,Combined TRACON& Tower with Radar,228,22,34,1,285,0,0,4,0,4,228,22,38,1,289,0,0,0,289
01/24/2015,RSW,FL,ASO,ES,Combined TRACON& Tower with Radar,242,14,24,11,291,0,0,3,0,3,242,14,27,11,294,0,0,0,294
01/25/2015,RSW,FL,ASO,ES,Combined TRACON& Tower with Radar,213,16,25,0,254,0,1,10,1,12,213,17,35,1,266,0,0,0,266
01/26/2015,RSW,FL,ASO,ES,Combined TRACON& Tower with Radar,207,21,24,0,252,2,4,4,0,10,209,25,28,0,262,0,0,0,262
01/27/2015,RSW,FL,ASO,ES,Combined TRACON& Tower with Radar,157,23,16,0,196,0,0,12,0,12,157,23,28,0,208,0,0,0,208
01/28/2015,RSW,FL,ASO,ES,Combined TRACON& Tower with Radar,207,22,25,2,256,0,0,6,0,6,207,22,31,2,262,0,0,0,262
01/29/2015,RSW,FL,ASO,ES,Combined TRACON& Tower with Radar,222,30,33,2,287,0,0,19,0,19,222,30,52,2,306,0,0,0,306
01/30/2015,RSW,FL,ASO,ES,Combined TRACON& Tower with Radar,227,15,26,0,268,0,0,10,0,10,227,15,36,0,278,0,0,0,278
01/31/2015,RSW,FL,ASO,ES,Combined TRACON& Tower with Radar,239,18,15,0,272,0,0,4,0,4,239,18,19,0,276,0,0,0,276
02/01/2015,RSW,FL,ASO,ES,Combined TRACON& Tower with Radar,178,24,17,0,219,0,0,17,0,17,178,24,34,0,236,0,0,0,236
02/02/2015,RSW,FL,ASO,ES,Combined TRACON& Tower with Radar,184,30,9,0,223,0,10,4,0,14,184,40,13,0,237,0,0,0,237
02/03/2015,RSW,FL,ASO,ES,Combined TRACON& Tower with Radar,200,28,21,9,258,0,10,13,0,23,200,38,34,9,281,12,0,12,293
02/04/2015,RSW,FL,ASO,ES,Combined TRACON& Tower with Radar,212,26,35,0,273,0,0,6,0,6,212,26,41,0,279,0,0,0,279
02/05/2015,RSW,FL,ASO,ES,Combined TRACON& Tower with Radar,235,24,11,8,278,0,0,8,0,8,235,24,19,8,286,0,0,0,286
02/06/2015,RSW,FL,ASO,ES,Combined TRACON& Tower with Radar,229,19,16,0,264,0,2,13,1,16,229,21,29,1,280,0,0,0,280
02/07/2015,RSW,FL,ASO,ES,Combined TRACON& Tower with Radar,245,21,24,7,297,0,0,12,0,12,245,21,36,7,309,0,0,0,309
02/08/2015,RSW,FL,ASO,ES,Combined TRACON& Tower with Radar,214,23,20,0,257,0,0,6,0,6,214,23,26,0,263,0,0,0,263
02/09/2015,RSW,FL,ASO,ES,Combined TRACON& Tower with Radar,199,15,25,11,250,0,0,2,0,2,199,15,27,11,252,0,0,0,252
02/10/2015,RSW,FL,ASO,ES,Combined TRACON& Tower with Radar,217,22,27,22,288,0,0,9,0,9,217,22,36,22,297,0,0,0,297
02/11/2015,RSW,FL,ASO,ES,Combined TRACON& Tower with Radar,219,31,27,6,283,0,0,5,0,5,219,31,32,6,288,0,0,0,288
02/12/2015,RSW,FL,ASO,ES,Combined TRACON& Tower with Radar,248,21,31,8,308,0,0,5,0,5,248,21,36,8,313,0,0,0,313
02/13/2015,RSW,FL,ASO,ES,Combined TRACON& Tower with Radar,260,28,34,0,322,0,0,9,0,9,260,28,43,0,331,0,0,0,331
02/14/2015,RSW,FL,ASO,ES,Combined TRACON& Tower with Radar,263,12,25,0,300,0,2,9,0,11,263,14,34,0,311,0,0,0,311
02/15/2015,RSW,FL,ASO,ES,Combined TRACON& Tower with Radar,211,20,30,14,275,0,0,13,0,13,211,20,43,14,288,0,0,0,288
02/16/2015,RSW,FL,ASO,ES,Combined TRACON& Tower with Radar,246,20,28,4,298,0,2,10,0,12,246,22,38,4,310,6,0,6,316
02/17/2015,RSW,FL,ASO,ES,Combined TRACON& Tower with Radar,237,18,28,0,283,0,0,6,0,6,237,18,34,0,289,0,0,0,289
02/18/2015,RSW,FL,ASO,ES,Combined TRACON& Tower with Radar,253,21,24,13,311,0,0,5,0,5,253,21,29,13,316,0,0,0,316
02/19/2015,RSW,FL,ASO,ES,Combined TRACON& Tower with Radar,256,18,13,16,303,0,0,6,4,10,256,18,19,20,313,0,0,0,313
02/20/2015,RSW,FL,ASO,ES,Combined TRACON& Tower with Radar,258,27,30,30,345,0,0,6,9,15,258,27,36,39,360,0,0,0,360
02/21/2015,RSW,FL,ASO,ES,Combined TRACON& Tower with Radar,251,24,27,22,324,0,1,9,0,10,251,25,36,22,334,0,0,0,334
02/22/2015,RSW,FL,ASO,ES,Combined TRACON& Tower with Radar,237,23,32,2,294,0,1,6,0,7,237,24,38,2,301,0,0,0,301
02/23/2015,RSW,FL,ASO,ES,Combined TRACON& Tower with Radar,241,16,39,0,296,0,0,4,0,4,241,16,43,0,300,0,0,0,300
02/24/2015,RSW,FL,ASO,ES,Combined TRACON& Tower with Radar,248,29,40,20,337,0,0,2,1,3,248,29,42,21,340,0,0,0,340
02/25/2015,RSW,FL,ASO,ES,Combined TRACON& Tower with Radar,235,26,43,0,304,0,1,4,0,5,235,27,47,0,309,0,0,0,309
02/26/2015,RSW,FL,ASO,ES,Combined TRACON& Tower with Radar,247,24,25,0,296,0,0,0,0,0,247,24,25,0,296,0,0,0,296
02/27/2015,RSW,FL,ASO,ES,Combined TRACON& Tower with Radar,253,22,38,0,313,0,0,7,0,7,253,22,45,0,320,0,0,0,320
02/28/2015,RSW,FL,ASO,ES,Combined TRACON& Tower with Radar,270,18,21,1,310,0,1,2,0,3,270,19,23,1,313,0,0,0,313
03/01/2015,RSW,FL,ASO,ES,Combined TRACON& Tower with Radar,226,17,18,12,273,0,1,6,0,7,226,18,24,12,280,0,0,0,280
03/02/2015,RSW,FL,ASO,ES,Combined TRACON& Tower with Radar,245,16,29,1,291,0,0,8,0,8,245,16,37,1,299,0,0,0,299
03/03/2015,RSW,FL,ASO,ES,Combined TRACON& Tower with Radar,249,50,20,13,332,0,0,7,0,7,249,50,27,13,339,0,0,0,339
03/04/2015,RSW,FL,ASO,ES,Combined TRACON& Tower with Radar,248,17,27,11,303,0,0,3,0,3,248,17,30,11,306,0,0,0,306
03/05/2015,RSW,FL,ASO,ES,Combined TRACON& Tower with Radar,224,26,28,12,290,0,0,7,0,7,224,26,35,12,297,0,0,0,297
03/06/2015,RSW,FL,ASO,ES,Combined TRACON& Tower with Radar,255,27,34,7,323,0,1,6,0,7,255,28,40,7,330,0,0,0,330
03/07/2015,RSW,FL,ASO,ES,Combined TRACON& Tower with Radar,316,24,26,0,366,0,1,6,0,7,316,25,32,0,373,0,0,0,373
03/08/2015,RSW,FL,ASO,ES,Combined TRACON& Tower with Radar,280,25,33,6,344,0,0,6,0,6,280,25,39,6,350,0,0,0,350
03/09/2015,RSW,FL,ASO,ES,Combined TRACON& Tower with Radar,276,17,26,0,319,0,0,6,0,6,276,17,32,0,325,0,0,0,325
03/10/2015,RSW,FL,ASO,ES,Combined TRACON& Tower with Radar,276,20,12,5,313,0,0,11,0,11,276,20,23,5,324,0,0,0,324
03/11/2015,RSW,FL,ASO,ES,Combined TRACON& Tower with Radar,274,17,29,21,341,0,0,4,0,4,274,17,33,21,345,0,0,0,345
03/12/2015,RSW,FL,ASO,ES,Combined TRACON& Tower with Radar,285,20,36,8,349,0,0,4,0,4,285,20,40,8,353,0,0,0,353
03/13/2015,RSW,FL,ASO,ES,Combined TRACON& Tower with Radar,284,16,51,23,374,0,1,10,2,13,284,17,61,25,387,0,0,0,387
03/14/2015,RSW,FL,ASO,ES,Combined TRACON& Tower with Radar,317,19,24,0,360,0,0,9,0,9,317,19,33,0,369,0,0,0,369
03/15/2015,RSW,FL,ASO,ES,Combined TRACON& Tower with Radar,276,24,23,1,324,0,0,9,0,9,276,24,32,1,333,0,0,0,333
03/16/2015,RSW,FL,ASO,ES,Combined TRACON& Tower with Radar,272,12,28,0,312,0,0,15,0,15,272,12,43,0,327,0,0,0,327
03/17/2015,RSW,FL,ASO,ES,Combined TRACON& Tower with Radar,277,15,22,5,319,0,0,6,0,6,277,15,28,5,325,0,0,0,325
03/18/2015,RSW,FL,ASO,ES,Combined TRACON& Tower with Radar,276,25,14,0,315,0,2,8,0,10,276,27,22,0,325,0,0,0,325
03/19/2015,RSW,FL,ASO,ES,Combined TRACON& Tower with Radar,279,28,35,8,350,0,1,9,0,10,279,29,44,8,360,0,0,0,360
03/20/2015,RSW,FL,ASO,ES,Combined TRACON& Tower with Radar,281,18,16,4,319,0,1,10,0,11,281,19,26,4,330,0,0,0,330
03/21/2015,RSW,FL,ASO,ES,Combined TRACON& Tower with Radar,325,34,22,1,382,0,0,7,0,7,325,34,29,1,389,0,0,0,389
03/22/2015,RSW,FL,ASO,ES,Combined TRACON& Tower with Radar,281,16,22,0,319,0,0,1,0,1,281,16,23,0,320,0,0,0,320
03/23/2015,RSW,FL,ASO,ES,Combined TRACON& Tower with Radar,265,17,21,1,304,0,0,4,0,4,265,17,25,1,308,0,0,0,308
03/24/2015,RSW,FL,ASO,ES,Combined TRACON& Tower with Radar,281,17,29,4,331,0,0,4,0,4,281,17,33,4,335,0,0,0,335
03/25/2015,RSW,FL,ASO,ES,Combined TRACON& Tower with Radar,278,18,18,2,316,0,0,1,0,1,278,18,19,2,317,0,0,0,317
03/26/2015,RSW,FL,ASO,ES,Combined TRACON& Tower with Radar,273,15,21,0,309,0,0,2,0,2,273,15,23,0,311,0,0,0,311
03/27/2015,RSW,FL,ASO,ES,Combined TRACON& Tower with Radar,285,26,29,4,344,0,0,9,0,9,285,26,38,4,353,0,0,0,353
03/28/2015,RSW,FL,ASO,ES,Combined TRACON& Tower with Radar,321,27,23,1,372,0,1,7,0,8,321,28,30,1,380,0,0,0,380
03/29/2015,RSW,FL,ASO,ES,Combined TRACON& Tower with Radar,278,21,15,4,318,0,0,6,0,6,278,21,21,4,324,0,0,0,324
03/30/2015,RSW,FL,ASO,ES,Combined TRACON& Tower with Radar,267,17,16,21,321,0,0,7,3,10,267,17,23,24,331,0,0,0,331
03/31/2015,RSW,FL,ASO,ES,Combined TRACON& Tower with Radar,275,23,13,0,311,0,0,4,0,4,275,23,17,0,315,0,0,0,315
04/01/2015,RSW,FL,ASO,ES,Combined TRACON& Tower with Radar,270,24,35,0,329,0,0,5,0,5,270,24,40,0,334,0,0,0,334
04/02/2015,RSW,FL,ASO,ES,Combined TRACON& Tower with Radar,281,24,35,0,340,0,0,11,0,11,281,24,46,0,351,0,0,0,351
04/03/2015,RSW,FL,ASO,ES,Combined TRACON& Tower with Radar,282,27,21,8,338,0,0,15,1,16,282,27,36,9,354,0,0,0,354
04/04/2015,RSW,FL,ASO,ES,Combined TRACON& Tower with Radar,312,20,18,0,350,0,1,4,0,5,312,21,22,0,355,0,0,0,355
04/05/2015,RSW,FL,ASO,ES,Combined TRACON& Tower with Radar,276,20,25,4,325,0,0,3,0,3,276,20,28,4,328,0,0,0,328
04/06/2015,RSW,FL,ASO,ES,Combined TRACON& Tower with Radar,273,31,36,2,342,0,0,6,0,6,273,31,42,2,348,0,0,0,348
04/07/2015,RSW,FL,ASO,ES,Combined TRACON& Tower with Radar,266,21,23,0,310,0,0,8,0,8,266,21,31,0,318,0,0,0,318
04/08/2015,RSW,FL,ASO,ES,Combined TRACON& Tower with Radar,220,22,17,0,259,0,1,10,0,11,220,23,27,0,270,0,0,0,270
04/09/2015,RSW,FL,ASO,ES,Combined TRACON& Tower with Radar,222,21,30,13,286,0,0,11,0,11,222,21,41,13,297,0,0,0,297
04/10/2015,RSW,FL,ASO,ES,Combined TRACON& Tower with Radar,229,27,34,15,305,0,1,10,0,11,229,28,44,15,316,0,0,0,316
04/11/2015,RSW,FL,ASO,ES,Combined TRACON& Tower with Radar,253,23,22,6,304,0,0,7,0,7,253,23,29,6,311,0,0,0,311
04/12/2015,RSW,FL,ASO,ES,Combined TRACON& Tower with Radar,227,33,16,21,297,0,0,10,1,11,227,33,26,22,308,0,14,14,322
04/13/2015,RSW,FL,ASO,ES,Combined TRACON& Tower with Radar,218,19,19,6,262,0,0,2,1,3,218,19,21,7,265,0,0,0,265
04/14/2015,RSW,FL,ASO,ES,Combined TRACON& Tower with Radar,209,24,20,0,253,0,0,6,0,6,209,24,26,0,259,0,0,0,259
04/15/2015,RSW,FL,ASO,ES,Combined TRACON& Tower with Radar,207,20,15,4,246,0,0,4,2,6,207,20,19,6,252,0,0,0,252
04/16/2015,RSW,FL,ASO,ES,Combined TRACON& Tower with Radar,191,18,21,9,239,0,0,8,0,8,191,18,29,9,247,0,0,0,247
04/17/2015,RSW,FL,ASO,ES,Combined TRACON& Tower with Radar,197,20,13,0,230,0,0,6,0,6,197,20,19,0,236,0,0,0,236
04/18/2015,RSW,FL,ASO,ES,Combined TRACON& Tower with Radar,216,17,10,0,243,0,0,2,0,2,216,17,12,0,245,0,0,0,245
04/19/2015,RSW,FL,ASO,ES,Combined TRACON& Tower with Radar,188,26,15,10,239,0,1,7,0,8,188,27,22,10,247,0,0,0,247
04/20/2015,RSW,FL,ASO,ES,Combined TRACON& Tower with Radar,204,18,15,6,243,0,0,2,0,2,204,18,17,6,245,0,0,0,245
04/21/2015,RSW,FL,ASO,ES,Combined TRACON& Tower with Radar,191,18,15,2,226,0,0,4,0,4,191,18,19,2,230,0,0,0,230
04/22/2015,RSW,FL,ASO,ES,Combined TRACON& Tower with Radar,185,19,20,4,228,0,0,11,0,11,185,19,31,4,239,0,0,0,239
04/23/2015,RSW,FL,ASO,ES,Combined TRACON& Tower with Radar,207,20,13,0,240,0,0,2,0,2,207,20,15,0,242,0,0,0,242
04/24/2015,RSW,FL,ASO,ES,Combined TRACON& Tower with Radar,191,19,22,0,232,0,0,12,0,12,191,19,34,0,244,0,0,0,244
04/25/2015,RSW,FL,ASO,ES,Combined TRACON& Tower with Radar,215,13,9,9,246,0,0,9,0,9,215,13,18,9,255,0,0,0,255
04/26/2015,RSW,FL,ASO,ES,Combined TRACON& Tower with Radar,196,21,18,0,235,0,0,4,0,4,196,21,22,0,239,0,0,0,239
04/27/2015,RSW,FL,ASO,ES,Combined TRACON& Tower with Radar,186,15,21,4,226,0,0,2,0,2,186,15,23,4,228,0,0,0,228
04/28/2015,RSW,FL,ASO,ES,Combined TRACON& Tower with Radar,193,12,15,0,220,0,0,4,0,4,193,12,19,0,224,0,0,0,224
04/29/2015,RSW,FL,ASO,ES,Combined TRACON& Tower with Radar,183,20,12,0,215,0,0,8,0,8,183,20,20,0,223,0,0,0,223
04/30/2015,RSW,FL,ASO,ES,Combined TRACON& Tower with Radar,183,19,20,8,230,0,0,1,0,1,183,19,21,8,231,0,0,0,231
05/01/2015,RSW,FL,ASO,ES,Combined TRACON& Tower with Radar,165,20,29,0,214,0,0,2,0,2,165,20,31,0,216,0,0,0,216
05/02/2015,RSW,FL,ASO,ES,Combined TRACON& Tower with Radar,191,13,27,0,231,0,0,0,0,0,191,13,27,0,231,0,0,0,231
05/03/2015,RSW,FL,ASO,ES,Combined TRACON& Tower with Radar,173,19,13,3,208,0,0,4,1,5,173,19,17,4,213,0,0,0,213
05/04/2015,RSW,FL,ASO,ES,Combined TRACON& Tower with Radar,163,25,20,0,208,0,2,7,0,9,163,27,27,0,217,0,0,0,217
05/05/2015,RSW,FL,ASO,ES,Combined TRACON& Tower with Radar,168,21,13,4,206,0,0,6,0,6,168,21,19,4,212,0,0,0,212
05/06/2015,RSW,FL,ASO,ES,Combined TRACON& Tower with Radar,154,19,25,0,198,0,0,5,0,5,154,19,30,0,203,0,0,0,203
05/07/2015,RSW,FL,ASO,ES,Combined TRACON& Tower with Radar,163,23,18,3,207,0,0,3,0,3,163,23,21,3,210,0,0,0,210
05/08/2015,RSW,FL,ASO,ES,Combined TRACON& Tower with Radar,153,11,18,0,182,0,0,6,0,6,153,11,24,0,188,0,0,0,188
05/09/2015,RSW,FL,ASO,ES,Combined TRACON& Tower with Radar,169,11,12,0,192,0,1,6,0,7,169,12,18,0,199,0,0,0,199
05/10/2015,RSW,FL,ASO,ES,Combined TRACON& Tower with Radar,144,9,12,0,165,0,0,2,0,2,144,9,14,0,167,0,0,0,167
05/11/2015,RSW,FL,ASO,ES,Combined TRACON& Tower with Radar,148,12,17,9,186,0,0,7,0,7,148,12,24,9,193,0,0,0,193
05/12/2015,RSW,FL,ASO,ES,Combined TRACON& Tower with Radar,156,9,22,2,189,0,0,7,0,7,156,9,29,2,196,0,0,0,196
05/13/2015,RSW,FL,ASO,ES,Combined TRACON& Tower with Radar,149,16,38,0,203,0,0,11,0,11,149,16,49,0,214,0,0,0,214
05/14/2015,RSW,FL,ASO,ES,Combined TRACON& Tower with Radar,159,11,19,0,189,0,1,4,0,5,159,12,23,0,194,0,0,0,194
05/15/2015,RSW,FL,ASO,ES,Combined TRACON& Tower with Radar,148,19,38,0,205,0,1,3,0,4,148,20,41,0,209,0,0,0,209
05/16/2015,RSW,FL,ASO,ES,Combined TRACON& Tower with Radar,172,12,8,2,194,0,0,3,0,3,172,12,11,2,197,0,0,0,197
05/17/2015,RSW,FL,ASO,ES,Combined TRACON& Tower with Radar,155,15,10,0,180,0,0,3,0,3,155,15,13,0,183,0,0,0,183
05/18/2015,RSW,FL,ASO,ES,Combined TRACON& Tower with Radar,150,11,18,0,179,0,0,4,0,4,150,11,22,0,183,0,0,0,183
05/19/2015,RSW,FL,ASO,ES,Combined TRACON& Tower with Radar,156,11,24,4,195,0,0,6,0,6,156,11,30,4,201,0,0,0,201
05/20/2015,RSW,FL,ASO,ES,Combined TRACON& Tower with Radar,151,13,15,2,181,0,0,6,0,6,151,13,21,2,187,0,0,0,187
05/21/2015,RSW,FL,ASO,ES,Combined TRACON& Tower with Radar,156,16,19,6,197,0,0,8,1,9,156,16,27,7,206,0,0,0,206
05/22/2015,RSW,FL,ASO,ES,Combined TRACON& Tower with Radar,149,19,20,0,188,0,0,4,0,4,149,19,24,0,192,0,0,0,192
05/23/2015,RSW,FL,ASO,ES,Combined TRACON& Tower with Radar,157,10,14,2,183,0,0,4,0,4,157,10,18,2,187,0,0,0,187
05/24/2015,RSW,FL,ASO,ES,Combined TRACON& Tower with Radar,129,17,6,0,152,0,0,0,1,1,129,17,6,1,153,0,0,0,153
05/25/2015,RSW,FL,ASO,ES,Combined TRACON& Tower with Radar,130,17,22,0,169,0,0,4,0,4,130,17,26,0,173,0,0,0,173
05/26/2015,RSW,FL,ASO,ES,Combined TRACON& Tower with Radar,149,20,12,15,196,0,0,6,0,6,149,20,18,15,202,0,0,0,202
05/27/2015,RSW,FL,ASO,ES,Combined TRACON& Tower with Radar,145,15,20,2,182,0,0,11,0,11,145,15,31,2,193,0,0,0,193
05/28/2015,RSW,FL,ASO,ES,Combined TRACON& Tower with Radar,156,17,17,8,198,0,11,5,0,16,156,28,22,8,214,0,0,0,214
05/29/2015,RSW,FL,ASO,ES,Combined TRACON& Tower with Radar,145,14,23,3,185,0,16,8,0,24,145,30,31,3,209,0,0,0,209
05/30/2015,RSW,FL,ASO,ES,Combined TRACON& Tower with Radar,165,11,8,0,184,0,2,4,0,6,165,13,12,0,190,0,0,0,190
05/31/2015,RSW,FL,ASO,ES,Combined TRACON& Tower with Radar,145,18,12,0,175,0,6,0,0,6,145,24,12,0,181,0,0,0,181
06/01/2015,RSW,FL,ASO,ES,Combined TRACON& Tower with Radar,135,11,3,0,149,0,0,9,0,9,135,11,12,0,158,0,0,0,158
06/02/2015,RSW,FL,ASO,ES,Combined TRACON& Tower with Radar,150,10,20,0,180,0,0,8,0,8,150,10,28,0,188,0,0,0,188
06/03/2015,RSW,FL,ASO,ES,Combined TRACON& Tower with Radar,144,16,15,9,184,0,1,4,0,5,144,17,19,9,189,0,0,0,189
06/04/2015,RSW,FL,ASO,ES,Combined TRACON& Tower with Radar,140,17,15,12,184,0,0,10,0,10,140,17,25,12,194,0,0,0,194
06/05/2015,RSW,FL,ASO,ES,Combined TRACON& Tower with Radar,130,20,17,5,172,0,1,4,0,5,130,21,21,5,177,0,0,0,177
06/06/2015,RSW,FL,ASO,ES,Combined TRACON& Tower with Radar,158,9,8,0,175,0,0,3,0,3,158,9,11,0,178,0,0,0,178
06/07/2015,RSW,FL,ASO,ES,Combined TRACON& Tower with Radar,121,12,6,8,147,0,1,2,0,3,121,13,8,8,150,0,0,0,150
06/08/2015,RSW,FL,ASO,ES,Combined TRACON& Tower with Radar,108,16,12,0,136,0,0,3,0,3,108,16,15,0,139,0,0,0,139
06/09/2015,RSW,FL,ASO,ES,Combined TRACON& Tower with Radar,122,12,27,14,175,0,0,7,0,7,122,12,34,14,182,0,0,0,182
06/10/2015,RSW,FL,ASO,ES,Combined TRACON& Tower with Radar,117,18,13,0,148,0,0,3,0,3,117,18,16,0,151,0,0,0,151
06/11/2015,RSW,FL,ASO,ES,Combined TRACON& Tower with Radar,127,19,18,0,164,0,0,1,0,1,127,19,19,0,165,0,0,0,165
06/12/2015,RSW,FL,ASO,ES,Combined TRACON& Tower with Radar,115,19,16,2,152,0,0,2,0,2,115,19,18,2,154,0,0,0,154
06/13/2015,RSW,FL,ASO,ES,Combined TRACON& Tower with Radar,146,9,8,0,163,0,0,5,0,5,146,9,13,0,168,0,0,0,168
06/14/2015,RSW,FL,ASO,ES,Combined TRACON& Tower with Radar,118,10,6,4,138,0,0,1,0,1,118,10,7,4,139,0,0,0,139
06/15/2015,RSW,FL,ASO,ES,Combined TRACON& Tower with Radar,107,16,16,2,141,0,0,1,0,1,107,16,17,2,142,0,0,0,142
06/16/2015,RSW,FL,ASO,ES,Combined TRACON& Tower with Radar,121,8,4,4,137,0,0,2,0,2,121,8,6,4,139,0,0,0,139
06/17/2015,RSW,FL,ASO,ES,Combined TRACON& Tower with Radar,111,9,12,0,132,0,0,11,0,11,111,9,23,0,143,0,0,0,143
06/18/2015,RSW,FL,ASO,ES,Combined TRACON& Tower with Radar,123,11,22,0,156,0,0,8,0,8,123,11,30,0,164,0,0,0,164
06/19/2015,RSW,FL,ASO,ES,Combined TRACON& Tower with Radar,118,8,20,0,146,0,0,13,0,13,118,8,33,0,159,0,0,0,159
06/20/2015,RSW,FL,ASO,ES,Combined TRACON& Tower with Radar,146,5,12,0,163,0,0,5,0,5,146,5,17,0,168,0,0,0,168
06/21/2015,RSW,FL,ASO,ES,Combined TRACON& Tower with Radar,118,9,8,0,135,0,0,0,0,0,118,9,8,0,135,0,0,0,135
06/22/2015,RSW,FL,ASO,ES,Combined TRACON& Tower with Radar,110,5,16,0,131,0,0,6,0,6,110,5,22,0,137,0,0,0,137
06/23/2015,RSW,FL,ASO,ES,Combined TRACON& Tower with Radar,119,5,4,0,128,0,0,6,0,6,119,5,10,0,134,0,0,0,134
06/24/2015,RSW,FL,ASO,ES,Combined TRACON& Tower with Radar,113,8,13,0,134,0,0,3,0,3,113,8,16,0,137,0,0,0,137
06/25/2015,RSW,FL,ASO,ES,Combined TRACON& Tower with Radar,134,7,18,0,159,0,0,7,0,7,134,7,25,0,166,0,0,0,166
06/26/2015,RSW,FL,ASO,ES,Combined TRACON& Tower with Radar,117,9,18,0,144,0,0,8,0,8,117,9,26,0,152,0,0,0,152
06/27/2015,RSW,FL,ASO,ES,Combined TRACON& Tower with Radar,145,13,11,0,169,0,0,0,0,0,145,13,11,0,169,0,0,0,169
06/28/2015,RSW,FL,ASO,ES,Combined TRACON& Tower with Radar,123,7,7,0,137,0,0,11,0,11,123,7,18,0,148,0,0,0,148
06/29/2015,RSW,FL,ASO,ES,Combined TRACON& Tower with Radar,137,11,12,8,168,0,0,5,0,5,137,11,17,8,173,0,0,0,173
06/30/2015,RSW,FL,ASO,ES,Combined TRACON& Tower with Radar,119,12,13,0,144,0,0,7,0,7,119,12,20,0,151,0,0,0,151
07/01/2015,RSW,FL,ASO,ES,Combined TRACON& Tower with Radar,114,8,10,0,132,0,0,4,0,4,114,8,14,0,136,0,0,0,136
07/02/2015,RSW,FL,ASO,ES,Combined TRACON& Tower with Radar,130,10,11,0,151,0,0,1,0,1,130,10,12,0,152,0,0,0,152
07/03/2015,RSW,FL,ASO,ES,Combined TRACON& Tower with Radar,113,6,11,0,130,0,0,3,0,3,113,6,14,0,133,0,0,0,133
07/04/2015,RSW,FL,ASO,ES,Combined TRACON& Tower with Radar,120,6,3,0,129,0,0,4,0,4,120,6,7,0,133,0,0,0,133
07/05/2015,RSW,FL,ASO,ES,Combined TRACON& Tower with Radar,124,11,0,0,135,0,0,5,0,5,124,11,5,0,140,0,0,0,140
07/06/2015,RSW,FL,ASO,ES,Combined TRACON& Tower with Radar,114,16,14,2,146,0,0,8,2,10,114,16,22,4,156,0,0,0,156
07/07/2015,RSW,FL,ASO,ES,Combined TRACON& Tower with Radar,119,7,7,0,133,0,0,8,0,8,119,7,15,0,141,0,0,0,141
07/08/2015,RSW,FL,ASO,ES,Combined TRACON& Tower with Radar,113,14,5,0,132,0,0,6,0,6,113,14,11,0,138,4,0,4,142
07/09/2015,RSW,FL,ASO,ES,Combined TRACON& Tower with Radar,125,9,5,0,139,0,0,7,1,8,125,9,12,1,147,0,0,0,147
07/10/2015,RSW,FL,ASO,ES,Combined TRACON& Tower with Radar,117,8,13,4,142,0,0,10,0,10,117,8,23,4,152,0,0,0,152
07/11/2015,RSW,FL,ASO,ES,Combined TRACON& Tower with Radar,147,4,11,4,166,0,1,13,0,14,147,5,24,4,180,0,0,0,180
07/12/2015,RSW,FL,ASO,ES,Combined TRACON& Tower with Radar,123,8,11,8,150,0,0,1,1,2,123,8,12,9,152,0,0,0,152
07/13/2015,RSW,FL,ASO,ES,Combined TRACON& Tower with Radar,111,7,12,0,130,0,0,10,0,10,111,7,22,0,140,0,0,0,140
07/14/2015,RSW,FL,ASO,ES,Combined TRACON& Tower with Radar,122,11,11,2,146,0,0,13,0,13,122,11,24,2,159,0,0,0,159
07/15/2015,RSW,FL,ASO,ES,Combined TRACON& Tower with Radar,115,11,7,0,133,0,0,2,0,2,115,11,9,0,135,0,0,0,135
07/16/2015,RSW,FL,ASO,ES,Combined TRACON& Tower with Radar,128,10,4,0,142,0,0,6,0,6,128,10,10,0,148,0,0,0,148
07/17/2015,RSW,FL,ASO,ES,Combined TRACON& Tower with Radar,117,9,8,0,134,0,0,4,0,4,117,9,12,0,138,0,0,0,138
07/18/2015,RSW,FL,ASO,ES,Combined TRACON& Tower with Radar,136,10,9,0,155,0,0,3,0,3,136,10,12,0,158,0,0,0,158
07/19/2015,RSW,FL,ASO,ES,Combined TRACON& Tower with Radar,121,7,9,0,137,0,0,8,0,8,121,7,17,0,145,0,0,0,145
07/20/2015,RSW,FL,ASO,ES,Combined TRACON& Tower with Radar,112,8,8,30,158,0,0,3,3,6,112,8,11,33,164,0,18,18,182
07/21/2015,RSW,FL,ASO,ES,Combined TRACON& Tower with Radar,124,15,6,1,146,0,0,7,0,7,124,15,13,1,153,0,0,0,153
07/22/2015,RSW,FL,ASO,ES,Combined TRACON& Tower with Radar,120,9,5,0,134,0,0,8,0,8,120,9,13,0,142,0,0,0,142
07/23/2015,RSW,FL,ASO,ES,Combined TRACON& Tower with Radar,125,6,9,0,140,0,0,8,0,8,125,6,17,0,148,0,0,0,148
07/24/2015,RSW,FL,ASO,ES,Combined TRACON& Tower with Radar,120,7,6,0,133,0,0,2,1,3,120,7,8,1,136,0,0,0,136
07/25/2015,RSW,FL,ASO,ES,Combined TRACON& Tower with Radar,148,8,2,0,158,0,0,2,0,2,148,8,4,0,160,0,0,0,160
07/26/2015,RSW,FL,ASO,ES,Combined TRACON& Tower with Radar,135,12,5,0,152,0,0,3,0,3,135,12,8,0,155,0,0,0,155
07/27/2015,RSW,FL,ASO,ES,Combined TRACON& Tower with Radar,115,7,9,0,131,0,0,0,0,0,115,7,9,0,131,0,0,0,131
07/28/2015,RSW,FL,ASO,ES,Combined TRACON& Tower with Radar,121,10,13,0,144,0,0,6,0,6,121,10,19,0,150,0,0,0,150
07/29/2015,RSW,FL,ASO,ES,Combined TRACON& Tower with Radar,117,10,9,2,138,0,0,4,0,4,117,10,13,2,142,0,0,0,142
07/30/2015,RSW,FL,ASO,ES,Combined TRACON& Tower with Radar,125,11,4,1,141,1,0,3,0,4,126,11,7,1,145,0,0,0,145
07/31/2015,RSW,FL,ASO,ES,Combined TRACON& Tower with Radar,139,7,5,0,151,0,0,3,0,3,139,7,8,0,154,0,0,0,154
08/01/2015,RSW,FL,ASO,ES,Combined TRACON& Tower with Radar,151,10,9,15,185,0,0,3,2,5,151,10,12,17,190,0,0,0,190
08/02/2015,RSW,FL,ASO,ES,Combined TRACON& Tower with Radar,124,12,2,0,138,0,0,5,0,5,124,12,7,0,143,0,0,0,143
08/03/2015,RSW,FL,ASO,ES,Combined TRACON& Tower with Radar,117,10,13,0,140,0,0,26,0,26,117,10,39,0,166,0,0,0,166
08/04/2015,RSW,FL,ASO,ES,Combined TRACON& Tower with Radar,122,6,13,0,141,0,0,7,0,7,122,6,20,0,148,0,0,0,148
08/05/2015,RSW,FL,ASO,ES,Combined TRACON& Tower with Radar,114,10,7,7,138,0,1,27,0,28,114,11,34,7,166,0,0,0,166
08/06/2015,RSW,FL,ASO,ES,Combined TRACON& Tower with Radar,131,11,15,0,157,0,1,7,0,8,131,12,22,0,165,0,0,0,165
08/07/2015,RSW,FL,ASO,ES,Combined TRACON& Tower with Radar,119,11,13,12,155,0,0,1,0,1,119,11,14,12,156,0,0,0,156
08/08/2015,RSW,FL,ASO,ES,Combined TRACON& Tower with Radar,159,15,2,5,181,0,0,3,0,3,159,15,5,5,184,0,0,0,184
08/09/2015,RSW,FL,ASO,ES,Combined TRACON& Tower with Radar,119,8,9,21,157,0,1,4,0,5,119,9,13,21,162,0,0,0,162
08/10/2015,RSW,FL,ASO,ES,Combined TRACON& Tower with Radar,105,4,9,6,124,0,2,2,0,4,105,6,11,6,128,0,0,0,128
08/11/2015,RSW,FL,ASO,ES,Combined TRACON& Tower with Radar,114,12,13,4,143,0,0,9,0,9,114,12,22,4,152,0,0,0,152
08/12/2015,RSW,FL,ASO,ES,Combined TRACON& Tower with Radar,112,7,16,0,135,0,0,2,1,3,112,7,18,1,138,0,0,0,138
08/13/2015,RSW,FL,ASO,ES,Combined TRACON& Tower with Radar,136,8,9,2,155,0,0,3,0,3,136,8,12,2,158,0,0,0,158
08/14/2015,RSW,FL,ASO,ES,Combined TRACON& Tower with Radar,113,7,9,0,129,0,0,0,0,0,113,7,9,0,129,0,0,0,129
08/15/2015,RSW,FL,ASO,ES,Combined TRACON& Tower with Radar,117,10,12,4,143,0,1,3,0,4,117,11,15,4,147,0,0,0,147
08/16/2015,RSW,FL,ASO,ES,Combined TRACON& Tower with Radar,120,8,7,4,139,0,0,3,1,4,120,8,10,5,143,0,0,0,143
08/17/2015,RSW,FL,ASO,ES,Combined TRACON& Tower with Radar,107,6,7,0,120,0,0,3,0,3,107,6,10,0,123,0,0,0,123
08/18/2015,RSW,FL,ASO,ES,Combined TRACON& Tower with Radar,108,11,9,14,142,0,0,5,0,5,108,11,14,14,147,0,0,0,147
08/19/2015,RSW,FL,ASO,ES,Combined TRACON& Tower with Radar,98,5,8,0,111,0,0,1,0,1,98,5,9,0,112,0,0,0,112
08/20/2015,RSW,FL,ASO,ES,Combined TRACON& Tower with Radar,110,5,4,2,121,0,0,3,0,3,110,5,7,2,124,0,0,0,124
08/21/2015,RSW,FL,ASO,ES,Combined TRACON& Tower with Radar,103,6,6,4,119,0,0,5,0,5,103,6,11,4,124,0,0,0,124
08/22/2015,RSW,FL,ASO,ES,Combined TRACON& Tower with Radar,109,7,5,0,121,0,0,1,0,1,109,7,6,0,122,0,0,0,122
08/23/2015,RSW,FL,ASO,ES,Combined TRACON& Tower with Radar,107,11,1,0,119,0,0,2,0,2,107,11,3,0,121,0,0,0,121
08/24/2015,RSW,FL,ASO,ES,Combined TRACON& Tower with Radar,97,8,8,0,113,0,0,16,0,16,97,8,24,0,129,0,0,0,129
08/25/2015,RSW,FL,ASO,ES,Combined TRACON& Tower with Radar,107,9,0,0,116,0,0,19,0,19,107,9,19,0,135,0,0,0,135
08/26/2015,RSW,FL,ASO,ES,Combined TRACON& Tower with Radar,107,6,6,0,119,0,0,7,0,7,107,6,13,0,126,0,0,0,126
08/27/2015,RSW,FL,ASO,ES,Combined TRACON& Tower with Radar,112,7,4,0,123,0,0,2,0,2,112,7,6,0,125,0,0,0,125
08/28/2015,RSW,FL,ASO,ES,Combined TRACON& Tower with Radar,105,5,1,0,111,0,0,4,0,4,105,5,5,0,115,0,0,0,115
08/29/2015,RSW,FL,ASO,ES,Combined TRACON& Tower with Radar,106,11,9,0,126,0,0,7,0,7,106,11,16,0,133,0,0,0,133
08/30/2015,RSW,FL,ASO,ES,Combined TRACON& Tower with Radar,110,8,6,0,124,0,0,4,0,4,110,8,10,0,128,0,0,0,128
08/31/2015,RSW,FL,ASO,ES,Combined TRACON& Tower with Radar,102,5,3,0,110,0,0,0,0,0,102,5,3,0,110,0,0,0,110
09/01/2015,RSW,FL,ASO,ES,Combined TRACON& Tower with Radar,103,9,13,0,125,0,0,1,0,1,103,9,14,0,126,0,0,0,126
09/02/2015,RSW,FL,ASO,ES,Combined TRACON& Tower with Radar,97,6,10,4,117,0,0,7,0,7,97,6,17,4,124,0,0,0,124
09/03/2015,RSW,FL,ASO,ES,Combined TRACON& Tower with Radar,107,9,6,0,122,0,1,5,0,6,107,10,11,0,128,0,0,0,128
09/04/2015,RSW,FL,ASO,ES,Combined TRACON& Tower with Radar,102,9,17,0,128,0,0,1,0,1,102,9,18,0,129,0,0,0,129
09/05/2015,RSW,FL,ASO,ES,Combined TRACON& Tower with Radar,102,6,6,0,114,0,0,2,0,2,102,6,8,0,116,0,0,0,116
09/06/2015,RSW,FL,ASO,ES,Combined TRACON& Tower with Radar,98,8,4,0,110,0,0,0,0,0,98,8,4,0,110,0,0,0,110
09/07/2015,RSW,FL,ASO,ES,Combined TRACON& Tower with Radar,91,11,4,0,106,0,0,1,0,1,91,11,5,0,107,0,0,0,107
09/08/2015,RSW,FL,ASO,ES,Combined TRACON& Tower with Radar,102,8,6,0,116,0,0,8,0,8,102,8,14,0,124,0,0,0,124
09/09/2015,RSW,FL,ASO,ES,Combined TRACON& Tower with Radar,93,10,12,12,127,0,0,6,0,6,93,10,18,12,133,0,0,0,133
09/10/2015,RSW,FL,ASO,ES,Combined TRACON& Tower with Radar,101,12,3,2,118,0,0,0,0,0,101,12,3,2,118,0,0,0,118
09/11/2015,RSW,FL,ASO,ES,Combined TRACON& Tower with Radar,94,6,19,0,119,0,0,1,0,1,94,6,20,0,120,0,0,0,120
09/12/2015,RSW,FL,ASO,ES,Combined TRACON& Tower with Radar,111,6,7,7,131,0,0,2,0,2,111,6,9,7,133,0,0,0,133
09/13/2015,RSW,FL,ASO,ES,Combined TRACON& Tower with Radar,108,14,7,0,129,0,0,3,0,3,108,14,10,0,132,0,0,0,132
09/14/2015,RSW,FL,ASO,ES,Combined TRACON& Tower with Radar,104,7,8,0,119,0,0,0,0,0,104,7,8,0,119,0,0,0,119
09/15/2015,RSW,FL,ASO,ES,Combined TRACON& Tower with Radar,99,6,3,8,116,0,4,0,0,4,99,10,3,8,120,0,0,0,120
09/16/2015,RSW,FL,ASO,ES,Combined TRACON& Tower with Radar,107,8,13,0,128,0,0,5,0,5,107,8,18,0,133,0,0,0,133
09/17/2015,RSW,FL,ASO,ES,Combined TRACON& Tower with Radar,112,7,4,2,125,0,0,4,0,4,112,7,8,2,129,0,0,0,129
09/18/2015,RSW,FL,ASO,ES,Combined TRACON& Tower with Radar,109,6,5,0,120,0,0,2,0,2,109,6,7,0,122,0,0,0,122
09/19/2015,RSW,FL,ASO,ES,Combined TRACON& Tower with Radar,114,8,10,0,132,0,0,1,0,1,114,8,11,0,133,0,0,0,133
09/20/2015,RSW,FL,ASO,ES,Combined TRACON& Tower with Radar,115,7,5,8,135,0,0,3,0,3,115,7,8,8,138,0,0,0,138
09/21/2015,RSW,FL,ASO,ES,Combined TRACON& Tower with Radar,103,9,5,8,125,0,0,13,0,13,103,9,18,8,138,10,0,10,148
09/22/2015,RSW,FL,ASO,ES,Combined TRACON& Tower with Radar,128,5,12,8,153,0,0,17,0,17,128,5,29,8,170,0,0,0,170
09/23/2015,RSW,FL,ASO,ES,Combined TRACON& Tower with Radar,105,6,6,7,124,0,1,6,0,7,105,7,12,7,131,0,0,0,131
09/24/2015,RSW,FL,ASO,ES,Combined TRACON& Tower with Radar,112,6,13,3,134,0,0,0,0,0,112,6,13,3,134,0,0,0,134
09/25/2015,RSW,FL,ASO,ES,Combined TRACON& Tower with Radar,105,13,16,0,134,0,6,2,0,8,105,19,18,0,142,0,0,0,142
09/26/2015,RSW,FL,ASO,ES,Combined TRACON& Tower with Radar,114,5,3,0,122,0,0,4,0,4,114,5,7,0,126,0,0,0,126
09/27/2015,RSW,FL,ASO,ES,Combined TRACON& Tower with Radar,115,7,8,0,130,0,0,2,0,2,115,7,10,0,132,0,0,0,132
09/28/2015,RSW,FL,ASO,ES,Combined TRACON& Tower with Radar,108,9,5,0,122,0,0,8,0,8,108,9,13,0,130,0,0,0,130
09/29/2015,RSW,FL,ASO,ES,Combined TRACON& Tower with Radar,109,12,8,0,129,0,0,4,0,4,109,12,12,0,133,0,0,0,133
09/30/2015,RSW,FL,ASO,ES,Combined TRACON& Tower with Radar,106,8,5,0,119,0,0,2,0,2,106,8,7,0,121,0,0,0,121
10/01/2015,RSW,FL,ASO,ES,Combined TRACON& Tower with Radar,121,8,16,5,150,0,0,8,1,9,121,8,24,6,159,0,0,0,159
10/02/2015,RSW,FL,ASO,ES,Combined TRACON& Tower with Radar,112,9,13,1,135,0,0,4,1,5,112,9,17,2,140,0,0,0,140
10/03/2015,RSW,FL,ASO,ES,Combined TRACON& Tower with Radar,128,8,7,0,143,0,0,8,0,8,128,8,15,0,151,0,0,0,151
10/04/2015,RSW,FL,ASO,ES,Combined TRACON& Tower with Radar,121,8,4,0,133,0,0,5,0,5,121,8,9,0,138,0,0,0,138
10/05/2015,RSW,FL,ASO,ES,Combined TRACON& Tower with Radar,122,15,9,0,146,0,0,4,0,4,122,15,13,0,150,0,0,0,150
10/06/2015,RSW,FL,ASO,ES,Combined TRACON& Tower with Radar,129,8,13,8,158,0,0,5,0,5,129,8,18,8,163,0,0,0,163
10/07/2015,RSW,FL,ASO,ES,Combined TRACON& Tower with Radar,128,15,13,0,156,0,0,4,0,4,128,15,17,0,160,0,0,0,160
10/08/2015,RSW,FL,ASO,ES,Combined TRACON& Tower with Radar,135,8,20,0,163,0,0,6,0,6,135,8,26,0,169,0,0,0,169
10/09/2015,RSW,FL,ASO,ES,Combined TRACON& Tower with Radar,123,11,21,0,155,0,0,10,0,10,123,11,31,0,165,0,0,0,165
10/10/2015,RSW,FL,ASO,ES,Combined TRACON& Tower with Radar,141,7,6,0,154,0,0,2,4,6,141,7,8,4,160,0,0,0,160
10/11/2015,RSW,FL,ASO,ES,Combined TRACON& Tower with Radar,129,11,17,10,167,0,0,13,0,13,129,11,30,10,180,0,0,0,180
10/12/2015,RSW,FL,ASO,ES,Combined TRACON& Tower with Radar,124,16,9,0,149,0,0,3,0,3,124,16,12,0,152,0,0,0,152
10/13/2015,RSW,FL,ASO,ES,Combined TRACON& Tower with Radar,134,9,19,4,166,0,0,12,0,12,134,9,31,4,178,0,0,0,178
10/14/2015,RSW,FL,ASO,ES,Combined TRACON& Tower with Radar,127,16,23,0,166,0,0,6,0,6,127,16,29,0,172,0,0,0,172
10/15/2015,RSW,FL,ASO,ES,Combined TRACON& Tower with Radar,132,20,24,4,180,0,0,14,0,14,132,20,38,4,194,0,0,0,194
10/16/2015,RSW,FL,ASO,ES,Combined TRACON& Tower with Radar,126,13,11,0,150,0,0,6,0,6,126,13,17,0,156,0,0,0,156
10/17/2015,RSW,FL,ASO,ES,Combined TRACON& Tower with Radar,140,8,6,8,162,0,0,0,0,0,140,8,6,8,162,0,0,0,162
10/18/2015,RSW,FL,ASO,ES,Combined TRACON& Tower with Radar,131,18,8,4,161,0,0,3,0,3,131,18,11,4,164,0,0,0,164
10/19/2015,RSW,FL,ASO,ES,Combined TRACON& Tower with Radar,124,14,12,0,150,0,0,0,0,0,124,14,12,0,150,0,0,0,150
10/20/2015,RSW,FL,ASO,ES,Combined TRACON& Tower with Radar,130,9,14,0,153,0,0,8,0,8,130,9,22,0,161,0,0,0,161
10/21/2015,RSW,FL,ASO,ES,Combined TRACON& Tower with Radar,125,12,15,16,168,0,1,7,0,8,125,13,22,16,176,0,0,0,176
10/22/2015,RSW,FL,ASO,ES,Combined TRACON& Tower with Radar,135,13,17,7,172,0,0,13,1,14,135,13,30,8,186,0,0,0,186
10/23/2015,RSW,FL,ASO,ES,Combined TRACON& Tower with Radar,123,14,16,8,161,0,0,5,0,5,123,14,21,8,166,0,0,0,166
10/24/2015,RSW,FL,ASO,ES,Combined TRACON& Tower with Radar,143,17,9,0,169,0,0,3,0,3,143,17,12,0,172,0,0,0,172
10/25/2015,RSW,FL,ASO,ES,Combined TRACON& Tower with Radar,145,19,11,0,175,0,0,3,0,3,145,19,14,0,178,0,0,0,178
10/26/2015,RSW,FL,ASO,ES,Combined TRACON& Tower with Radar,136,12,12,5,165,0,0,3,0,3,136,12,15,5,168,0,0,0,168
10/27/2015,RSW,FL,ASO,ES,Combined TRACON& Tower with Radar,142,16,12,0,170,0,0,0,0,0,142,16,12,0,170,0,0,0,170
10/28/2015,RSW,FL,ASO,ES,Combined TRACON& Tower with Radar,135,11,13,3,162,0,0,1,0,1,135,11,14,3,163,0,0,0,163
10/29/2015,RSW,FL,ASO,ES,Combined TRACON& Tower with Radar,161,16,13,0,190,0,0,4,8,12,161,16,17,8,202,0,0,0,202
10/30/2015,RSW,FL,ASO,ES,Combined TRACON& Tower with Radar,150,10,19,2,181,0,0,6,0,6,150,10,25,2,187,0,0,0,187
10/31/2015,RSW,FL,ASO,ES,Combined TRACON& Tower with Radar,150,11,10,4,175,0,0,6,1,7,150,11,16,5,182,0,0,0,182
11/01/2015,RSW,FL,ASO,ES,Combined TRACON& Tower with Radar,170,17,16,0,203,0,0,5,0,5,170,17,21,0,208,0,0,0,208
11/02/2015,RSW,FL,ASO,ES,Combined TRACON& Tower with Radar,157,13,13,31,214,0,0,6,0,6,157,13,19,31,220,0,0,0,220
11/03/2015,RSW,FL,ASO,ES,Combined TRACON& Tower with Radar,171,19,19,8,217,0,0,6,0,6,171,19,25,8,223,0,0,0,223
11/04/2015,RSW,FL,ASO,ES,Combined TRACON& Tower with Radar,160,16,14,4,194,0,0,2,0,2,160,16,16,4,196,0,0,0,196
11/05/2015,RSW,FL,ASO,ES,Combined TRACON& Tower with Radar,170,13,16,0,199,0,0,8,0,8,170,13,24,0,207,0,0,0,207
11/06/2015,RSW,FL,ASO,ES,Combined TRACON& Tower with Radar,171,15,23,0,209,0,0,7,0,7,171,15,30,0,216,0,0,0,216
11/07/2015,RSW,FL,ASO,ES,Combined TRACON& Tower with Radar,187,5,15,0,207,0,0,7,0,7,187,5,22,0,214,0,0,0,214
11/08/2015,RSW,FL,ASO,ES,Combined TRACON& Tower with Radar,175,15,21,0,211,0,0,1,2,3,175,15,22,2,214,0,0,0,214
11/09/2015,RSW,FL,ASO,ES,Combined TRACON& Tower with Radar,163,17,15,5,200,0,0,1,15,16,163,17,16,20,216,16,0,16,232
11/10/2015,RSW,FL,ASO,ES,Combined TRACON& Tower with Radar,173,13,15,2,203,0,0,1,0,1,173,13,16,2,204,0,0,0,204
11/11/2015,RSW,FL,ASO,ES,Combined TRACON& Tower with Radar,167,24,22,4,217,0,0,5,0,5,167,24,27,4,222,0,0,0,222
11/12/2015,RSW,FL,ASO,ES,Combined TRACON& Tower with Radar,191,17,31,8,247,0,0,3,0,3,191,17,34,8,250,0,0,0,250
11/13/2015,RSW,FL,ASO,ES,Combined TRACON& Tower with Radar,181,20,20,0,221,0,0,0,0,0,181,20,20,0,221,0,0,0,221
11/14/2015,RSW,FL,ASO,ES,Combined TRACON& Tower with Radar,205,13,16,4,238,0,0,8,0,8,205,13,24,4,246,0,0,0,246
11/15/2015,RSW,FL,ASO,ES,Combined TRACON& Tower with Radar,192,24,15,0,231,0,0,2,0,2,192,24,17,0,233,0,0,0,233
11/16/2015,RSW,FL,ASO,ES,Combined TRACON& Tower with Radar,181,14,6,16,217,0,0,6,0,6,181,14,12,16,223,0,0,0,223
11/17/2015,RSW,FL,ASO,ES,Combined TRACON& Tower with Radar,191,26,24,4,245,0,1,4,0,5,191,27,28,4,250,0,0,0,250
11/18/2015,RSW,FL,ASO,ES,Combined TRACON& Tower with Radar,181,16,14,14,225,0,0,8,0,8,181,16,22,14,233,0,0,0,233
11/19/2015,RSW,FL,ASO,ES,Combined TRACON& Tower with Radar,195,19,13,3,230,0,1,0,1,2,195,20,13,4,232,0,0,0,232
11/20/2015,RSW,FL,ASO,ES,Combined TRACON& Tower with Radar,193,12,29,12,246,0,0,3,0,3,193,12,32,12,249,0,0,0,249
11/21/2015,RSW,FL,ASO,ES,Combined TRACON& Tower with Radar,203,16,12,0,231,0,0,2,0,2,203,16,14,0,233,0,0,0,233
11/22/2015,RSW,FL,ASO,ES,Combined TRACON& Tower with Radar,196,22,16,0,234,0,0,2,0,2,196,22,18,0,236,0,0,0,236
11/23/2015,RSW,FL,ASO,ES,Combined TRACON& Tower with Radar,180,19,16,27,242,0,0,11,1,12,180,19,27,28,254,0,0,0,254
11/24/2015,RSW,FL,ASO,ES,Combined TRACON& Tower with Radar,217,22,22,8,269,0,0,9,0,9,217,22,31,8,278,0,0,0,278
11/25/2015,RSW,FL,ASO,ES,Combined TRACON& Tower with Radar,204,20,22,2,248,0,0,9,0,9,204,20,31,2,257,0,0,0,257
11/26/2015,RSW,FL,ASO,ES,Combined TRACON& Tower with Radar,151,7,0,0,158,0,0,3,0,3,151,7,3,0,161,0,0,0,161
11/27/2015,RSW,FL,ASO,ES,Combined TRACON& Tower with Radar,183,15,11,0,209,0,0,6,0,6,183,15,17,0,215,0,0,0,215
11/28/2015,RSW,FL,ASO,ES,Combined TRACON& Tower with Radar,220,28,13,4,265,0,1,5,0,6,220,29,18,4,271,0,0,0,271
11/29/2015,RSW,FL,ASO,ES,Combined TRACON& Tower with Radar,205,25,38,0,268,0,0,5,0,5,205,25,43,0,273,0,0,0,273
11/30/2015,RSW,FL,ASO,ES,Combined TRACON& Tower with Radar,200,20,13,4,237,0,0,2,0,2,200,20,15,4,239,0,0,0,239
12/01/2015,RSW,FL,ASO,ES,Combined TRACON& Tower with Radar,200,16,12,0,228,0,0,11,0,11,200,16,23,0,239,0,0,0,239
12/02/2015,RSW,FL,ASO,ES,Combined TRACON& Tower with Radar,190,12,8,11,221,0,0,7,0,7,190,12,15,11,228,0,0,0,228
12/03/2015,RSW,FL,ASO,ES,Combined TRACON& Tower with Radar,206,13,25,0,244,0,0,2,0,2,206,13,27,0,246,0,0,0,246
12/04/2015,RSW,FL,ASO,ES,Combined TRACON& Tower with Radar,199,14,19,8,240,0,0,2,0,2,199,14,21,8,242,0,0,0,242
12/05/2015,RSW,FL,ASO,ES,Combined TRACON& Tower with Radar,208,13,11,1,233,0,0,1,0,1,208,13,12,1,234,0,0,0,234
12/06/2015,RSW,FL,ASO,ES,Combined TRACON& Tower with Radar,196,12,18,0,226,0,0,2,0,2,196,12,20,0,228,0,0,0,228
12/07/2015,RSW,FL,ASO,ES,Combined TRACON& Tower with Radar,189,10,20,8,227,0,0,4,0,4,189,10,24,8,231,0,0,0,231
12/08/2015,RSW,FL,ASO,ES,Combined TRACON& Tower with Radar,197,11,24,9,241,0,0,4,0,4,197,11,28,9,245,0,0,0,245
12/09/2015,RSW,FL,ASO,ES,Combined TRACON& Tower with Radar,186,13,20,2,221,0,0,10,2,12,186,13,30,4,233,0,0,0,233
12/10/2015,RSW,FL,ASO,ES,Combined TRACON& Tower with Radar,201,8,19,0,228,0,0,5,0,5,201,8,24,0,233,0,0,0,233
12/11/2015,RSW,FL,ASO,ES,Combined TRACON& Tower with Radar,199,13,16,0,228,0,0,9,0,9,199,13,25,0,237,0,0,0,237
12/12/2015,RSW,FL,ASO,ES,Combined TRACON& Tower with Radar,206,8,20,1,235,0,0,7,2,9,206,8,27,3,244,0,0,0,244
12/13/2015,RSW,FL,ASO,ES,Combined TRACON& Tower with Radar,195,19,17,0,231,0,0,13,0,13,195,19,30,0,244,0,0,0,244
12/14/2015,RSW,FL,ASO,ES,Combined TRACON& Tower with Radar,181,16,10,2,209,0,0,3,0,3,181,16,13,2,212,0,0,0,212
12/15/2015,RSW,FL,ASO,ES,Combined TRACON& Tower with Radar,204,7,15,1,227,0,0,8,0,8,204,7,23,1,235,0,0,0,235
12/16/2015,RSW,FL,ASO,ES,Combined TRACON& Tower with Radar,191,16,8,21,236,0,0,3,7,10,191,16,11,28,246,0,0,0,246
12/17/2015,RSW,FL,ASO,ES,Combined TRACON& Tower with Radar,228,19,14,14,275,0,0,9,3,12,228,19,23,17,287,0,0,0,287
12/18/2015,RSW,FL,ASO,ES,Combined TRACON& Tower with Radar,232,15,20,1,268,0,0,0,0,0,232,15,20,1,268,0,0,0,268
12/19/2015,RSW,FL,ASO,ES,Combined TRACON& Tower with Radar,273,21,19,0,313,0,0,4,0,4,273,21,23,0,317,0,0,0,317
12/20/2015,RSW,FL,ASO,ES,Combined TRACON& Tower with Radar,260,16,14,1,291,0,0,0,0,0,260,16,14,1,291,0,0,0,291
12/21/2015,RSW,FL,ASO,ES,Combined TRACON& Tower with Radar,244,10,18,0,272,0,0,10,0,10,244,10,28,0,282,0,0,0,282
12/22/2015,RSW,FL,ASO,ES,Combined TRACON& Tower with Radar,270,16,13,0,299,0,0,3,0,3,270,16,16,0,302,0,0,0,302
12/23/2015,RSW,FL,ASO,ES,Combined TRACON& Tower with Radar,255,24,7,0,286,0,0,2,0,2,255,24,9,0,288,0,0,0,288
12/24/2015,RSW,FL,ASO,ES,Combined TRACON& Tower with Radar,231,11,6,0,248,0,0,2,0,2,231,11,8,0,250,0,0,0,250
12/25/2015,RSW,FL,ASO,ES,Combined TRACON& Tower with Radar,225,11,13,0,249,0,0,3,0,3,225,11,16,0,252,0,0,0,252
12/26/2015,RSW,FL,ASO,ES,Combined TRACON& Tower with Radar,280,38,60,0,378,1,1,4,0,6,281,39,64,0,384,0,0,0,384
12/27/2015,RSW,FL,ASO,ES,Combined TRACON& Tower with Radar,253,37,42,0,332,0,0,6,0,6,253,37,48,0,338,0,0,0,338
12/28/2015,RSW,FL,ASO,ES,Combined TRACON& Tower with Radar,230,29,15,0,274,0,0,4,0,4,230,29,19,0,278,0,0,0,278
12/29/2015,RSW,FL,ASO,ES,Combined TRACON& Tower with Radar,257,24,23,0,304,0,0,3,0,3,257,24,26,0,307,0,0,0,307
12/30/2015,RSW,FL,ASO,ES,Combined TRACON& Tower with Radar,241,22,28,0,291,0,0,11,0,11,241,22,39,0,302,0,0,0,302
12/31/2015,RSW,FL,ASO,ES,Combined TRACON& Tower with Radar,239,14,12,1,266,0,0,8,2,10,239,14,20,3,276,0,0,0,276
01/01/2016,RSW,FL,ASO,ES,Combined TRACON& Tower with Radar,229,13,14,0,256,0,0,7,0,7,229,13,21,0,263,0,0,0,263
01/02/2016,RSW,FL,ASO,ES,Combined TRACON& Tower with Radar,278,23,44,0,345,0,1,3,0,4,278,24,47,0,349,0,0,0,349
01/03/2016,RSW,FL,ASO,ES,Combined TRACON& Tower with Radar,273,31,39,3,346,1,0,0,0,1,274,31,39,3,347,0,0,0,347
01/04/2016,RSW,FL,ASO,ES,Combined TRACON& Tower with Radar,241,17,33,0,291,0,0,5,0,5,241,17,38,0,296,0,0,0,296
01/05/2016,RSW,FL,ASO,ES,Combined TRACON& Tower with Radar,227,16,15,1,259,0,0,10,0,10,227,16,25,1,269,0,0,0,269
01/06/2016,RSW,FL,ASO,ES,Combined TRACON& Tower with Radar,233,16,18,13,280,0,0,3,1,4,233,16,21,14,284,0,0,0,284
01/07/2016,RSW,FL,ASO,ES,Combined TRACON& Tower with Radar,240,22,26,0,288,0,0,17,0,17,240,22,43,0,305,0,0,0,305
01/08/2016,RSW,FL,ASO,ES,Combined TRACON& Tower with Radar,240,16,18,9,283,0,1,5,0,6,240,17,23,9,289,0,0,0,289
01/09/2016,RSW,FL,ASO,ES,Combined TRACON& Tower with Radar,280,21,18,0,319,0,0,0,0,0,280,21,18,0,319,0,0,0,319
01/10/2016,RSW,FL,ASO,ES,Combined TRACON& Tower with Radar,244,12,14,0,270,0,0,1,0,1,244,12,15,0,271,0,0,0,271
01/11/2016,RSW,FL,ASO,ES,Combined TRACON& Tower with Radar,233,8,27,11,279,0,0,7,0,7,233,8,34,11,286,0,0,0,286
01/12/2016,RSW,FL,ASO,ES,Combined TRACON& Tower with Radar,234,15,13,8,270,0,0,13,0,13,234,15,26,8,283,0,0,0,283
01/13/2016,RSW,FL,ASO,ES,Combined TRACON& Tower with Radar,225,18,29,6,278,0,0,7,0,7,225,18,36,6,285,0,0,0,285
01/14/2016,RSW,FL,ASO,ES,Combined TRACON& Tower with Radar,236,17,25,0,278,0,0,4,0,4,236,17,29,0,282,0,0,0,282
01/15/2016,RSW,FL,ASO,ES,Combined TRACON& Tower with Radar,255,31,27,8,321,0,0,2,0,2,255,31,29,8,323,0,0,0,323
01/16/2016,RSW,FL,ASO,ES,Combined TRACON& Tower with Radar,273,20,16,0,309,0,0,13,0,13,273,20,29,0,322,0,0,0,322
01/17/2016,RSW,FL,ASO,ES,Combined TRACON& Tower with Radar,218,13,16,0,247,0,0,1,0,1,218,13,17,0,248,0,0,0,248
01/18/2016,RSW,FL,ASO,ES,Combined TRACON& Tower with Radar,236,13,27,0,276,0,0,9,0,9,236,13,36,0,285,0,0,0,285
01/19/2016,RSW,FL,ASO,ES,Combined TRACON& Tower with Radar,234,14,12,0,260,0,0,11,0,11,234,14,23,0,271,0,0,0,271
01/20/2016,RSW,FL,ASO,ES,Combined TRACON& Tower with Radar,229,15,15,13,272,0,2,11,0,13,229,17,26,13,285,0,0,0,285
01/21/2016,RSW,FL,ASO,ES,Combined TRACON& Tower with Radar,237,13,29,12,291,0,2,15,0,17,237,15,44,12,308,0,0,0,308
01/22/2016,RSW,FL,ASO,ES,Combined TRACON& Tower with Radar,215,16,17,1,249,0,0,1,1,2,215,16,18,2,251,0,0,0,251
01/23/2016,RSW,FL,ASO,ES,Combined TRACON& Tower with Radar,197,10,4,0,211,0,0,4,0,4,197,10,8,0,215,0,0,0,215
01/24/2016,RSW,FL,ASO,ES,Combined TRACON& Tower with Radar,195,16,21,0,232,0,0,7,0,7,195,16,28,0,239,0,0,0,239
01/25/2016,RSW,FL,ASO,ES,Combined TRACON& Tower with Radar,228,17,25,0,270,0,0,8,0,8,228,17,33,0,278,0,0,0,278
01/26/2016,RSW,FL,ASO,ES,Combined TRACON& Tower with Radar,233,17,14,2,266,0,2,9,2,13,233,19,23,4,279,0,0,0,279
01/27/2016,RSW,FL,ASO,ES,Combined TRACON& Tower with Radar,230,20,25,0,275,0,0,0,0,0,230,20,25,0,275,0,0,0,275
01/28/2016,RSW,FL,ASO,ES,Combined TRACON& Tower with Radar,251,22,34,0,307,0,0,2,0,2,251,22,36,0,309,0,0,0,309
01/29/2016,RSW,FL,ASO,ES,Combined TRACON& Tower with Radar,240,18,29,0,287,0,0,1,0,1,240,18,30,0,288,0,0,0,288
01/30/2016,RSW,FL,ASO,ES,Combined TRACON& Tower with Radar,273,13,20,0,306,0,0,10,0,10,273,13,30,0,316,0,0,0,316
01/31/2016,RSW,FL,ASO,ES,Combined TRACON& Tower with Radar,233,19,29,0,281,0,0,8,0,8,233,19,37,0,289,0,0,0,289
02/01/2016,RSW,FL,ASO,ES,Combined TRACON& Tower with Radar,229,10,13,29,281,0,0,7,0,7,229,10,20,29,288,0,0,0,288
02/02/2016,RSW,FL,ASO,ES,Combined TRACON& Tower with Radar,240,15,14,20,289,0,0,2,7,9,240,15,16,27,298,0,0,0,298
02/03/2016,RSW,FL,ASO,ES,Combined TRACON& Tower with Radar,225,16,19,30,290,0,0,4,1,5,225,16,23,31,295,0,0,0,295
02/04/2016,RSW,FL,ASO,ES,Combined TRACON& Tower with Radar,242,11,18,0,271,0,0,8,0,8,242,11,26,0,279,0,0,0,279
02/05/2016,RSW,FL,ASO,ES,Combined TRACON& Tower with Radar,224,24,16,0,264,0,1,7,0,8,224,25,23,0,272,0,0,0,272
02/06/2016,RSW,FL,ASO,ES,Combined TRACON& Tower with Radar,264,15,23,0,302,0,0,2,0,2,264,15,25,0,304,0,0,0,304
02/07/2016,RSW,FL,ASO,ES,Combined TRACON& Tower with Radar,219,13,19,0,251,0,0,2,0,2,219,13,21,0,253,0,0,0,253
02/08/2016,RSW,FL,ASO,ES,Combined TRACON& Tower with Radar,220,13,34,5,272,0,1,4,0,5,220,14,38,5,277,0,0,0,277
02/09/2016,RSW,FL,ASO,ES,Combined TRACON& Tower with Radar,236,13,20,3,272,0,0,12,1,13,236,13,32,4,285,0,0,0,285
02/10/2016,RSW,FL,ASO,ES,Combined TRACON& Tower with Radar,232,24,25,9,290,0,2,8,1,11,232,26,33,10,301,0,0,0,301
02/11/2016,RSW,FL,ASO,ES,Combined TRACON& Tower with Radar,268,23,34,8,333,0,0,7,3,10,268,23,41,11,343,0,0,0,343
02/12/2016,RSW,FL,ASO,ES,Combined TRACON& Tower with Radar,266,18,26,0,310,0,0,4,0,4,266,18,30,0,314,0,0,0,314
02/13/2016,RSW,FL,ASO,ES,Combined TRACON& Tower with Radar,290,10,28,0,328,0,0,9,0,9,290,10,37,0,337,0,0,0,337
02/14/2016,RSW,FL,ASO,ES,Combined TRACON& Tower with Radar,259,20,20,4,303,0,0,5,0,5,259,20,25,4,308,0,0,0,308
02/15/2016,RSW,FL,ASO,ES,Combined TRACON& Tower with Radar,243,19,23,0,285,0,0,1,0,1,243,19,24,0,286,0,0,0,286
02/16/2016,RSW,FL,ASO,ES,Combined TRACON& Tower with Radar,262,26,29,0,317,0,0,3,0,3,262,26,32,0,320,0,0,0,320
02/17/2016,RSW,FL,ASO,ES,Combined TRACON& Tower with Radar,264,25,28,0,317,0,2,7,0,9,264,27,35,0,326,0,0,0,326
02/18/2016,RSW,FL,ASO,ES,Combined TRACON& Tower with Radar,269,11,19,12,311,0,1,3,0,4,269,12,22,12,315,0,0,0,315
02/19/2016,RSW,FL,ASO,ES,Combined TRACON& Tower with Radar,262,9,23,0,294,0,0,2,2,4,262,9,25,2,298,0,0,0,298
02/20/2016,RSW,FL,ASO,ES,Combined TRACON& Tower with Radar,302,13,27,0,342,1,0,7,2,10,303,13,34,2,352,0,0,0,352
02/21/2016,RSW,FL,ASO,ES,Combined TRACON& Tower with Radar,272,15,27,0,314,0,1,5,0,6,272,16,32,0,320,0,0,0,320
02/22/2016,RSW,FL,ASO,ES,Combined TRACON& Tower with Radar,259,10,10,0,279,0,0,2,0,2,259,10,12,0,281,0,0,0,281
02/23/2016,RSW,FL,ASO,ES,Combined TRACON& Tower with Radar,262,20,15,16,313,0,0,7,2,9,262,20,22,18,322,0,18,18,340
02/24/2016,RSW,FL,ASO,ES,Combined TRACON& Tower with Radar,215,17,30,0,262,0,0,3,0,3,215,17,33,0,265,0,0,0,265
02/25/2016,RSW,FL,ASO,ES,Combined TRACON& Tower with Radar,255,24,35,0,314,0,0,4,0,4,255,24,39,0,318,0,0,0,318
02/26/2016,RSW,FL,ASO,ES,Combined TRACON& Tower with Radar,258,23,13,4,298,0,0,2,0,2,258,23,15,4,300,0,0,0,300
02/27/2016,RSW,FL,ASO,ES,Combined TRACON& Tower with Radar,295,14,26,0,335,0,0,9,0,9,295,14,35,0,344,0,0,0,344
02/28/2016,RSW,FL,ASO,ES,Combined TRACON& Tower with Radar,259,20,19,4,302,0,0,7,2,9,259,20,26,6,311,0,0,0,311
02/29/2016,RSW,FL,ASO,ES,Combined TRACON& Tower with Radar,255,25,23,0,303,0,2,5,0,7,255,27,28,0,310,0,0,0,310
03/01/2016,RSW,FL,ASO,ES,Combined TRACON& Tower with Radar,262,16,17,25,320,0,0,8,0,8,262,16,25,25,328,0,0,0,328
03/02/2016,RSW,FL,ASO,ES,Combined TRACON& Tower with Radar,267,13,9,0,289,0,0,0,0,0,267,13,9,0,289,0,0,0,289
03/03/2016,RSW,FL,ASO,ES,Combined TRACON& Tower with Radar,272,23,21,16,332,0,0,7,0,7,272,23,28,16,339,0,0,0,339
03/04/2016,RSW,FL,ASO,ES,Combined TRACON& Tower with Radar,265,17,14,1,297,0,0,9,1,10,265,17,23,2,307,0,0,0,307
03/05/2016,RSW,FL,ASO,ES,Combined TRACON& Tower with Radar,314,14,18,1,347,0,0,2,1,3,314,14,20,2,350,0,0,0,350
03/06/2016,RSW,FL,ASO,ES,Combined TRACON& Tower with Radar,278,23,22,0,323,0,0,3,0,3,278,23,25,0,326,0,0,0,326
03/07/2016,RSW,FL,ASO,ES,Combined TRACON& Tower with Radar,268,9,23,4,304,0,0,7,0,7,268,9,30,4,311,0,0,0,311
03/08/2016,RSW,FL,ASO,ES,Combined TRACON& Tower with Radar,272,17,13,2,304,0,0,3,1,4,272,17,16,3,308,0,0,0,308
03/09/2016,RSW,FL,ASO,ES,Combined TRACON& Tower with Radar,263,10,20,12,305,0,0,5,0,5,263,10,25,12,310,0,0,0,310
03/10/2016,RSW,FL,ASO,ES,Combined TRACON& Tower with Radar,297,11,16,7,331,0,0,6,1,7,297,11,22,8,338,0,0,0,338
03/11/2016,RSW,FL,ASO,ES,Combined TRACON& Tower with Radar,293,18,30,7,348,0,2,1,0,3,293,20,31,7,351,0,0,0,351
03/12/2016,RSW,FL,ASO,ES,Combined TRACON& Tower with Radar,346,23,31,0,400,0,0,7,0,7,346,23,38,0,407,0,0,0,407
03/13/2016,RSW,FL,ASO,ES,Combined TRACON& Tower with Radar,301,16,20,0,337,0,1,5,0,6,301,17,25,0,343,0,0,0,343
03/14/2016,RSW,FL,ASO,ES,Combined TRACON& Tower with Radar,288,13,8,4,313,0,0,1,0,1,288,13,9,4,314,0,0,0,314
03/15/2016,RSW,FL,ASO,ES,Combined TRACON& Tower with Radar,301,13,13,0,327,0,0,3,0,3,301,13,16,0,330,0,0,0,330
03/16/2016,RSW,FL,ASO,ES,Combined TRACON& Tower with Radar,289,14,17,0,320,0,2,2,0,4,289,16,19,0,324,0,0,0,324
03/17/2016,RSW,FL,ASO,ES,Combined TRACON& Tower with Radar,298,13,17,0,328,0,0,9,0,9,298,13,26,0,337,0,0,0,337
03/18/2016,RSW,FL,ASO,ES,Combined TRACON& Tower with Radar,294,16,21,10,341,0,1,4,0,5,294,17,25,10,346,0,0,0,346
03/19/2016,RSW,FL,ASO,ES,Combined TRACON& Tower with Radar,347,17,31,0,395,0,0,5,0,5,347,17,36,0,400,0,0,0,400
03/20/2016,RSW,FL,ASO,ES,Combined TRACON& Tower with Radar,303,17,32,0,352,0,0,5,0,5,303,17,37,0,357,0,0,0,357
03/21/2016,RSW,FL,ASO,ES,Combined TRACON& Tower with Radar,289,17,15,0,321,0,0,7,0,7,289,17,22,0,328,0,0,0,328
03/22/2016,RSW,FL,ASO,ES,Combined TRACON& Tower with Radar,301,19,18,2,340,0,0,4,0,4,301,19,22,2,344,0,0,0,344
03/23/2016,RSW,FL,ASO,ES,Combined TRACON& Tower with Radar,286,22,23,4,335,0,2,23,0,25,286,24,46,4,360,0,0,0,360
03/24/2016,RSW,FL,ASO,ES,Combined TRACON& Tower with Radar,306,28,27,0,361,0,1,20,0,21,306,29,47,0,382,0,0,0,382
03/25/2016,RSW,FL,ASO,ES,Combined TRACON& Tower with Radar,311,24,21,0,356,0,0,5,0,5,311,24,26,0,361,0,0,0,361
03/26/2016,RSW,FL,ASO,ES,Combined TRACON& Tower with Radar,346,22,9,0,377,0,0,10,0,10,346,22,19,0,387,0,0,0,387
03/27/2016,RSW,FL,ASO,ES,Combined TRACON& Tower with Radar,301,22,25,0,348,0,0,0,0,0,301,22,25,0,348,0,0,0,348
03/28/2016,RSW,FL,ASO,ES,Combined TRACON& Tower with Radar,299,32,33,0,364,0,0,9,0,9,299,32,42,0,373,0,0,0,373
03/29/2016,RSW,FL,ASO,ES,Combined TRACON& Tower with Radar,314,15,37,6,372,0,0,5,0,5,314,15,42,6,377,0,0,0,377
03/30/2016,RSW,FL,ASO,ES,Combined TRACON& Tower with Radar,297,10,34,12,353,0,0,5,0,5,297,10,39,12,358,0,0,0,358
03/31/2016,RSW,FL,ASO,ES,Combined TRACON& Tower with Radar,298,14,18,7,337,0,0,6,0,6,298,14,24,7,343,0,0,0,343
04/01/2016,RSW,FL,ASO,ES,Combined TRACON& Tower with Radar,285,16,36,0,337,0,1,3,0,4,285,17,39,0,341,0,0,0,341
04/02/2016,RSW,FL,ASO,ES,Combined TRACON& Tower with Radar,310,27,23,0,360,0,2,1,0,3,310,29,24,0,363,0,0,0,363
04/03/2016,RSW,FL,ASO,ES,Combined TRACON& Tower with Radar,296,26,30,8,360,0,0,4,0,4,296,26,34,8,364,0,0,0,364
04/04/2016,RSW,FL,ASO,ES,Combined TRACON& Tower with Radar,273,7,17,13,310,0,0,2,0,2,273,7,19,13,312,0,0,0,312
04/05/2016,RSW,FL,ASO,ES,Combined TRACON& Tower with Radar,276,7,27,0,310,0,0,5,0,5,276,7,32,0,315,0,0,0,315
04/06/2016,RSW,FL,ASO,ES,Combined TRACON& Tower with Radar,260,11,25,2,298,0,0,11,0,11,260,11,36,2,309,0,0,0,309
04/07/2016,RSW,FL,ASO,ES,Combined TRACON& Tower with Radar,264,18,30,0,312,0,0,3,0,3,264,18,33,0,315,0,0,0,315
04/08/2016,RSW,FL,ASO,ES,Combined TRACON& Tower with Radar,264,17,30,4,315,0,0,8,0,8,264,17,38,4,323,0,0,0,323
04/09/2016,RSW,FL,ASO,ES,Combined TRACON& Tower with Radar,302,17,19,0,338,0,0,5,0,5,302,17,24,0,343,0,0,0,343
04/10/2016,RSW,FL,ASO,ES,Combined TRACON& Tower with Radar,261,24,20,0,305,0,0,2,0,2,261,24,22,0,307,0,0,0,307
04/11/2016,RSW,FL,ASO,ES,Combined TRACON& Tower with Radar,261,25,16,6,308,0,0,6,0,6,261,25,22,6,314,0,0,0,314
04/12/2016,RSW,FL,ASO,ES,Combined TRACON& Tower with Radar,231,5,4,9,249,0,0,3,0,3,231,5,7,9,252,0,0,0,252
04/13/2016,RSW,FL,ASO,ES,Combined TRACON& Tower with Radar,216,15,12,4,247,0,0,4,0,4,216,15,16,4,251,0,0,0,251
04/14/2016,RSW,FL,ASO,ES,Combined TRACON& Tower with Radar,204,11,17,10,242,0,2,4,6,12,204,13,21,16,254,0,0,0,254
04/15/2016,RSW,FL,ASO,ES,Combined TRACON& Tower with Radar,216,14,19,1,250,0,0,4,0,4,216,14,23,1,254,0,0,0,254
04/16/2016,RSW,FL,ASO,ES,Combined TRACON& Tower with Radar,208,10,17,0,235,0,0,3,0,3,208,10,20,0,238,0,0,0,238
04/17/2016,RSW,FL,ASO,ES,Combined TRACON& Tower with Radar,194,20,19,0,233,0,0,3,0,3,194,20,22,0,236,0,0,0,236
04/18/2016,RSW,FL,ASO,ES,Combined TRACON& Tower with Radar,186,12,11,0,209,0,0,1,0,1,186,12,12,0,210,0,0,0,210
04/19/2016,RSW,FL,ASO,ES,Combined TRACON& Tower with Radar,205,12,14,8,239,0,0,9,0,9,205,12,23,8,248,0,0,0,248
04/20/2016,RSW,FL,ASO,ES,Combined TRACON& Tower with Radar,182,14,27,6,229,0,0,12,0,12,182,14,39,6,241,0,0,0,241
04/21/2016,RSW,FL,ASO,ES,Combined TRACON& Tower with Radar,207,16,16,8,247,0,0,8,0,8,207,16,24,8,255,0,0,0,255
04/22/2016,RSW,FL,ASO,ES,Combined TRACON& Tower with Radar,192,14,21,0,227,0,1,8,2,11,192,15,29,2,238,0,0,0,238
04/23/2016,RSW,FL,ASO,ES,Combined TRACON& Tower with Radar,211,8,24,3,246,0,0,2,0,2,211,8,26,3,248,0,0,0,248
04/24/2016,RSW,FL,ASO,ES,Combined TRACON& Tower with Radar,197,12,15,0,224,0,0,9,0,9,197,12,24,0,233,0,0,0,233
04/25/2016,RSW,FL,ASO,ES,Combined TRACON& Tower with Radar,188,13,17,0,218,0,0,7,0,7,188,13,24,0,225,0,0,0,225
04/26/2016,RSW,FL,ASO,ES,Combined TRACON& Tower with Radar,198,13,12,0,223,0,0,6,0,6,198,13,18,0,229,0,0,0,229
04/27/2016,RSW,FL,ASO,ES,Combined TRACON& Tower with Radar,182,12,26,22,242,0,0,4,1,5,182,12,30,23,247,0,0,0,247
04/28/2016,RSW,FL,ASO,ES,Combined TRACON& Tower with Radar,201,18,21,0,240,0,0,6,0,6,201,18,27,0,246,0,0,0,246
04/29/2016,RSW,FL,ASO,ES,Combined TRACON& Tower with Radar,183,15,29,2,229,0,0,20,0,20,183,15,49,2,249,0,0,0,249
04/30/2016,RSW,FL,ASO,ES,Combined TRACON& Tower with Radar,211,16,17,0,244,0,0,11,0,11,211,16,28,0,255,0,0,0,255
05/01/2016,RSW,FL,ASO,ES,Combined TRACON& Tower with Radar,176,20,15,0,211,0,1,6,0,7,176,21,21,0,218,0,0,0,218
05/02/2016,RSW,FL,ASO,ES,Combined TRACON& Tower with Radar,170,13,14,0,197,0,0,3,0,3,170,13,17,0,200,0,0,0,200
05/03/2016,RSW,FL,ASO,ES,Combined TRACON& Tower with Radar,187,14,13,15,229,0,0,1,0,1,187,14,14,15,230,0,0,0,230
05/04/2016,RSW,FL,ASO,ES,Combined TRACON& Tower with Radar,186,13,16,0,215,0,0,2,0,2,186,13,18,0,217,0,0,0,217
05/05/2016,RSW,FL,ASO,ES,Combined TRACON& Tower with Radar,152,14,16,0,182,0,0,3,0,3,152,14,19,0,185,0,0,0,185
05/06/2016,RSW,FL,ASO,ES,Combined TRACON& Tower with Radar,139,17,18,0,174,0,0,0,0,0,139,17,18,0,174,0,0,0,174
05/07/2016,RSW,FL,ASO,ES,Combined TRACON& Tower with Radar,162,13,14,0,189,0,0,2,0,2,162,13,16,0,191,0,0,0,191
05/08/2016,RSW,FL,ASO,ES,Combined TRACON& Tower with Radar,148,7,18,0,173,0,1,3,0,4,148,8,21,0,177,0,0,0,177
05/09/2016,RSW,FL,ASO,ES,Combined TRACON& Tower with Radar,140,9,21,0,170,0,0,7,0,7,140,9,28,0,177,0,0,0,177
05/10/2016,RSW,FL,ASO,ES,Combined TRACON& Tower with Radar,153,8,11,17,189,0,0,3,0,3,153,8,14,17,192,0,0,0,192
05/11/2016,RSW,FL,ASO,ES,Combined TRACON& Tower with Radar,135,11,17,2,165,0,0,6,0,6,135,11,23,2,171,0,0,0,171
05/12/2016,RSW,FL,ASO,ES,Combined TRACON& Tower with Radar,150,9,17,0,176,0,0,4,0,4,150,9,21,0,180,0,0,0,180
05/13/2016,RSW,FL,ASO,ES,Combined TRACON& Tower with Radar,142,13,13,31,199,0,0,9,0,9,142,13,22,31,208,0,0,0,208
05/14/2016,RSW,FL,ASO,ES,Combined TRACON& Tower with Radar,166,13,14,0,193,0,0,2,0,2,166,13,16,0,195,0,0,0,195
05/15/2016,RSW,FL,ASO,ES,Combined TRACON& Tower with Radar,149,18,16,0,183,0,0,3,0,3,149,18,19,0,186,0,0,0,186
05/16/2016,RSW,FL,ASO,ES,Combined TRACON& Tower with Radar,138,7,12,0,157,0,0,4,0,4,138,7,16,0,161,0,0,0,161
05/17/2016,RSW,FL,ASO,ES,Combined TRACON& Tower with Radar,156,12,8,0,176,0,0,2,0,2,156,12,10,0,178,0,0,0,178
05/18/2016,RSW,FL,ASO,ES,Combined TRACON& Tower with Radar,137,10,20,2,169,0,0,4,2,6,137,10,24,4,175,0,0,0,175
05/19/2016,RSW,FL,ASO,ES,Combined TRACON& Tower with Radar,146,16,13,6,181,0,0,5,0,5,146,16,18,6,186,0,0,0,186
05/20/2016,RSW,FL,ASO,ES,Combined TRACON& Tower with Radar,139,18,8,5,170,0,0,4,0,4,139,18,12,5,174,0,0,0,174
05/21/2016,RSW,FL,ASO,ES,Combined TRACON& Tower with Radar,173,11,9,0,193,0,0,11,0,11,173,11,20,0,204,0,0,0,204
05/22/2016,RSW,FL,ASO,ES,Combined TRACON& Tower with Radar,152,6,9,0,167,0,0,4,0,4,152,6,13,0,171,0,0,0,171
05/23/2016,RSW,FL,ASO,ES,Combined TRACON& Tower with Radar,138,6,10,0,154,0,0,4,0,4,138,6,14,0,158,0,0,0,158
05/24/2016,RSW,FL,ASO,ES,Combined TRACON& Tower with Radar,151,5,12,0,168,0,0,9,0,9,151,5,21,0,177,0,0,0,177
05/25/2016,RSW,FL,ASO,ES,Combined TRACON& Tower with Radar,136,14,22,5,177,0,0,6,0,6,136,14,28,5,183,0,0,0,183
05/26/2016,RSW,FL,ASO,ES,Combined TRACON& Tower with Radar,149,18,15,2,184,0,0,6,2,8,149,18,21,4,192,0,0,0,192
05/27/2016,RSW,FL,ASO,ES,Combined TRACON& Tower with Radar,135,22,11,1,169,0,1,6,0,7,135,23,17,1,176,0,0,0,176
05/28/2016,RSW,FL,ASO,ES,Combined TRACON& Tower with Radar,161,12,0,0,173,0,0,3,0,3,161,12,3,0,176,0,0,0,176
05/29/2016,RSW,FL,ASO,ES,Combined TRACON& Tower with Radar,127,13,10,0,150,0,3,4,0,7,127,16,14,0,157,0,0,0,157
05/30/2016,RSW,FL,ASO,ES,Combined TRACON& Tower with Radar,128,20,9,0,157,0,0,4,0,4,128,20,13,0,161,0,0,0,161
05/31/2016,RSW,FL,ASO,ES,Combined TRACON& Tower with Radar,147,12,5,7,171,0,0,6,0,6,147,12,11,7,177,0,0,0,177
06/01/2016,RSW,FL,ASO,ES,Combined TRACON& Tower with Radar,124,8,6,0,138,0,0,4,0,4,124,8,10,0,142,0,0,0,142
06/02/2016,RSW,FL,ASO,ES,Combined TRACON& Tower with Radar,133,11,4,13,161,0,0,6,8,14,133,11,10,21,175,0,0,0,175
06/03/2016,RSW,FL,ASO,ES,Combined TRACON& Tower with Radar,133,11,11,0,155,0,0,2,0,2,133,11,13,0,157,0,0,0,157
06/04/2016,RSW,FL,ASO,ES,Combined TRACON& Tower with Radar,148,5,4,0,157,0,0,4,0,4,148,5,8,0,161,0,0,0,161
06/05/2016,RSW,FL,ASO,ES,Combined TRACON& Tower with Radar,128,15,7,0,150,0,0,2,0,2,128,15,9,0,152,0,0,0,152
06/06/2016,RSW,FL,ASO,ES,Combined TRACON& Tower with Radar,107,7,11,0,125,0,0,0,0,0,107,7,11,0,125,0,0,0,125
06/07/2016,RSW,FL,ASO,ES,Combined TRACON& Tower with Radar,126,4,11,8,149,0,0,1,0,1,126,4,12,8,150,0,0,0,150
06/08/2016,RSW,FL,ASO,ES,Combined TRACON& Tower with Radar,114,9,12,0,135,0,0,0,0,0,114,9,12,0,135,0,0,0,135
06/09/2016,RSW,FL,ASO,ES,Combined TRACON& Tower with Radar,120,18,11,0,149,0,0,0,0,0,120,18,11,0,149,0,0,0,149
06/10/2016,RSW,FL,ASO,ES,Combined TRACON& Tower with Radar,119,11,7,2,139,0,0,0,0,0,119,11,7,2,139,0,0,0,139
06/11/2016,RSW,FL,ASO,ES,Combined TRACON& Tower with Radar,141,9,13,0,163,0,0,0,0,0,141,9,13,0,163,0,0,0,163
06/12/2016,RSW,FL,ASO,ES,Combined TRACON& Tower with Radar,122,14,11,0,147,0,1,3,0,4,122,15,14,0,151,0,0,0,151
06/13/2016,RSW,FL,ASO,ES,Combined TRACON& Tower with Radar,111,16,10,0,137,0,0,6,0,6,111,16,16,0,143,0,0,0,143
06/14/2016,RSW,FL,ASO,ES,Combined TRACON& Tower with Radar,119,7,4,0,130,0,0,3,0,3,119,7,7,0,133,0,0,0,133
06/15/2016,RSW,FL,ASO,ES,Combined TRACON& Tower with Radar,120,8,22,12,162,0,0,6,0,6,120,8,28,12,168,0,0,0,168
06/16/2016,RSW,FL,ASO,ES,Combined TRACON& Tower with Radar,118,10,7,0,135,0,0,0,1,1,118,10,7,1,136,0,0,0,136
06/17/2016,RSW,FL,ASO,ES,Combined TRACON& Tower with Radar,110,15,5,8,138,0,1,10,0,11,110,16,15,8,149,0,0,0,149
06/18/2016,RSW,FL,ASO,ES,Combined TRACON& Tower with Radar,159,8,7,0,174,0,0,7,0,7,159,8,14,0,181,0,0,0,181
06/19/2016,RSW,FL,ASO,ES,Combined TRACON& Tower with Radar,125,13,13,0,151,0,0,3,0,3,125,13,16,0,154,0,0,0,154
06/20/2016,RSW,FL,ASO,ES,Combined TRACON& Tower with Radar,112,8,6,0,126,0,0,13,0,13,112,8,19,0,139,0,0,0,139
06/21/2016,RSW,FL,ASO,ES,Combined TRACON& Tower with Radar,116,6,11,0,133,0,0,4,0,4,116,6,15,0,137,0,0,0,137
06/22/2016,RSW,FL,ASO,ES,Combined TRACON& Tower with Radar,111,5,9,0,125,0,2,7,0,9,111,7,16,0,134,0,0,0,134
06/23/2016,RSW,FL,ASO,ES,Combined TRACON& Tower with Radar,111,11,9,0,131,0,3,2,0,5,111,14,11,0,136,0,0,0,136
06/24/2016,RSW,FL,ASO,ES,Combined TRACON& Tower with Radar,110,9,11,0,130,0,0,0,0,0,110,9,11,0,130,0,0,0,130
06/25/2016,RSW,FL,ASO,ES,Combined TRACON& Tower with Radar,141,6,10,0,157,0,1,4,0,5,141,7,14,0,162,0,0,0,162
06/26/2016,RSW,FL,ASO,ES,Combined TRACON& Tower with Radar,120,13,7,0,140,0,0,3,0,3,120,13,10,0,143,0,0,0,143
06/27/2016,RSW,FL,ASO,ES,Combined TRACON& Tower with Radar,113,12,20,0,145,0,0,7,0,7,113,12,27,0,152,0,0,0,152
06/28/2016,RSW,FL,ASO,ES,Combined TRACON& Tower with Radar,111,8,9,0,128,0,0,8,0,8,111,8,17,0,136,0,0,0,136
06/29/2016,RSW,FL,ASO,ES,Combined TRACON& Tower with Radar,114,12,17,0,143,0,0,0,2,2,114,12,17,2,145,0,0,0,145
06/30/2016,RSW,FL,ASO,ES,Combined TRACON& Tower with Radar,124,19,8,8,159,0,0,5,0,5,124,19,13,8,164,0,0,0,164
07/01/2016,RSW,FL,ASO,ES,Combined TRACON& Tower with Radar,111,13,8,0,132,0,0,1,0,1,111,13,9,0,133,0,0,0,133
07/02/2016,RSW,FL,ASO,ES,Combined TRACON& Tower with Radar,134,13,12,0,159,0,0,2,0,2,134,13,14,0,161,0,0,0,161
07/03/2016,RSW,FL,ASO,ES,Combined TRACON& Tower with Radar,120,10,5,1,136,0,0,1,0,1,120,10,6,1,137,0,0,0,137
07/04/2016,RSW,FL,ASO,ES,Combined TRACON& Tower with Radar,98,7,1,0,106,0,0,1,0,1,98,7,2,0,107,0,0,0,107
07/05/2016,RSW,FL,ASO,ES,Combined TRACON& Tower with Radar,118,9,6,2,135,0,0,1,0,1,118,9,7,2,136,0,0,0,136
07/06/2016,RSW,FL,ASO,ES,Combined TRACON& Tower with Radar,107,10,5,23,145,0,0,8,0,8,107,10,13,23,153,10,0,10,163
07/07/2016,RSW,FL,ASO,ES,Combined TRACON& Tower with Radar,119,9,5,12,145,0,0,4,0,4,119,9,9,12,149,0,0,0,149
07/08/2016,RSW,FL,ASO,ES,Combined TRACON& Tower with Radar,102,11,13,2,128,0,0,10,0,10,102,11,23,2,138,0,0,0,138
07/09/2016,RSW,FL,ASO,ES,Combined TRACON& Tower with Radar,139,8,7,0,154,0,4,1,0,5,139,12,8,0,159,0,0,0,159
07/10/2016,RSW,FL,ASO,ES,Combined TRACON& Tower with Radar,120,10,14,8,152,0,0,3,0,3,120,10,17,8,155,0,0,0,155
07/11/2016,RSW,FL,ASO,ES,Combined TRACON& Tower with Radar,108,10,13,0,131,0,0,5,0,5,108,10,18,0,136,0,0,0,136
07/12/2016,RSW,FL,ASO,ES,Combined TRACON& Tower with Radar,125,7,12,0,144,0,1,5,0,6,125,8,17,0,150,0,0,0,150
07/13/2016,RSW,FL,ASO,ES,Combined TRACON& Tower with Radar,103,9,5,0,117,0,0,3,0,3,103,9,8,0,120,0,0,0,120
07/14/2016,RSW,FL,ASO,ES,Combined TRACON& Tower with Radar,120,11,11,1,143,0,0,2,0,2,120,11,13,1,145,0,0,0,145
07/15/2016,RSW,FL,ASO,ES,Combined TRACON& Tower with Radar,112,16,12,5,145,0,0,1,0,1,112,16,13,5,146,0,0,0,146
07/16/2016,RSW,FL,ASO,ES,Combined TRACON& Tower with Radar,140,7,7,0,154,0,0,1,0,1,140,7,8,0,155,0,0,0,155
07/17/2016,RSW,FL,ASO,ES,Combined TRACON& Tower with Radar,123,15,5,0,143,0,0,3,0,3,123,15,8,0,146,0,0,0,146
07/18/2016,RSW,FL,ASO,ES,Combined TRACON& Tower with Radar,103,13,9,0,125,0,0,8,0,8,103,13,17,0,133,0,0,0,133
07/19/2016,RSW,FL,ASO,ES,Combined TRACON& Tower with Radar,123,6,15,4,148,0,0,6,0,6,123,6,21,4,154,0,0,0,154
07/20/2016,RSW,FL,ASO,ES,Combined TRACON& Tower with Radar,107,14,4,1,126,0,0,4,0,4,107,14,8,1,130,0,0,0,130
07/21/2016,RSW,FL,ASO,ES,Combined TRACON& Tower with Radar,112,15,13,0,140,0,0,11,0,11,112,15,24,0,151,0,0,0,151
07/22/2016,RSW,FL,ASO,ES,Combined TRACON& Tower with Radar,106,14,5,0,125,0,1,4,0,5,106,15,9,0,130,0,0,0,130
07/23/2016,RSW,FL,ASO,ES,Combined TRACON& Tower with Radar,143,9,4,0,156,0,0,6,0,6,143,9,10,0,162,0,0,0,162
07/24/2016,RSW,FL,ASO,ES,Combined TRACON& Tower with Radar,127,11,7,0,145,0,0,4,0,4,127,11,11,0,149,0,0,0,149
07/25/2016,RSW,FL,ASO,ES,Combined TRACON& Tower with Radar,102,6,19,0,127,0,0,7,0,7,102,6,26,0,134,0,0,0,134
07/26/2016,RSW,FL,ASO,ES,Combined TRACON& Tower with Radar,115,8,9,0,132,0,0,6,0,6,115,8,15,0,138,0,0,0,138
07/27/2016,RSW,FL,ASO,ES,Combined TRACON& Tower with Radar,110,5,12,0,127,0,0,5,0,5,110,5,17,0,132,0,0,0,132
07/28/2016,RSW,FL,ASO,ES,Combined TRACON& Tower with Radar,115,12,9,2,138,0,0,12,0,12,115,12,21,2,150,0,0,0,150
07/29/2016,RSW,FL,ASO,ES,Combined TRACON& Tower with Radar,113,12,8,0,133,0,0,6,0,6,113,12,14,0,139,0,0,0,139
07/30/2016,RSW,FL,ASO,ES,Combined TRACON& Tower with Radar,137,6,2,0,145,0,0,7,0,7,137,6,9,0,152,0,0,0,152
07/31/2016,RSW,FL,ASO,ES,Combined TRACON& Tower with Radar,119,8,8,0,135,0,0,6,0,6,119,8,14,0,141,0,0,0,141
08/01/2016,RSW,FL,ASO,ES,Combined TRACON& Tower with Radar,106,6,8,0,120,0,1,1,0,2,106,7,9,0,122,0,0,0,122
08/02/2016,RSW,FL,ASO,ES,Combined TRACON& Tower with Radar,143,13,6,0,162,0,0,6,0,6,143,13,12,0,168,0,0,0,168
08/03/2016,RSW,FL,ASO,ES,Combined TRACON& Tower with Radar,112,7,6,0,125,0,0,4,0,4,112,7,10,0,129,0,0,0,129
08/04/2016,RSW,FL,ASO,ES,Combined TRACON& Tower with Radar,119,6,9,0,134,0,0,1,0,1,119,6,10,0,135,0,0,0,135
08/05/2016,RSW,FL,ASO,ES,Combined TRACON& Tower with Radar,113,12,10,0,135,0,0,7,0,7,113,12,17,0,142,0,0,0,142
08/06/2016,RSW,FL,ASO,ES,Combined TRACON& Tower with Radar,161,6,6,0,173,0,0,6,0,6,161,6,12,0,179,0,0,0,179
08/07/2016,RSW,FL,ASO,ES,Combined TRACON& Tower with Radar,117,8,7,0,132,0,0,2,0,2,117,8,9,0,134,0,0,0,134
08/08/2016,RSW,FL,ASO,ES,Combined TRACON& Tower with Radar,97,6,6,0,109,0,0,4,0,4,97,6,10,0,113,0,0,0,113
08/09/2016,RSW,FL,ASO,ES,Combined TRACON& Tower with Radar,113,8,7,2,130,0,0,4,0,4,113,8,11,2,134,0,0,0,134
08/10/2016,RSW,FL,ASO,ES,Combined TRACON& Tower with Radar,95,7,1,0,103,0,0,3,0,3,95,7,4,0,106,0,0,0,106
08/11/2016,RSW,FL,ASO,ES,Combined TRACON& Tower with Radar,114,15,13,0,142,0,0,8,0,8,114,15,21,0,150,0,0,0,150
08/12/2016,RSW,FL,ASO,ES,Combined TRACON& Tower with Radar,99,10,7,0,116,0,0,11,0,11,99,10,18,0,127,0,0,0,127
08/13/2016,RSW,FL,ASO,ES,Combined TRACON& Tower with Radar,123,6,9,0,138,0,0,0,0,0,123,6,9,0,138,0,0,0,138
08/14/2016,RSW,FL,ASO,ES,Combined TRACON& Tower with Radar,112,14,7,0,133,0,1,4,0,5,112,15,11,0,138,0,0,0,138
08/15/2016,RSW,FL,ASO,ES,Combined TRACON& Tower with Radar,101,9,2,8,120,0,0,2,0,2,101,9,4,8,122,0,0,0,122
08/16/2016,RSW,FL,ASO,ES,Combined TRACON& Tower with Radar,114,8,14,0,136,0,0,14,0,14,114,8,28,0,150,0,0,0,150
08/17/2016,RSW,FL,ASO,ES,Combined TRACON& Tower with Radar,104,13,13,0,130,0,0,22,0,22,104,13,35,0,152,0,0,0,152
08/18/2016,RSW,FL,ASO,ES,Combined TRACON& Tower with Radar,113,7,9,10,139,0,0,4,1,5,113,7,13,11,144,0,0,0,144
08/19/2016,RSW,FL,ASO,ES,Combined TRACON& Tower with Radar,107,10,18,4,139,0,0,14,0,14,107,10,32,4,153,0,0,0,153
08/20/2016,RSW,FL,ASO,ES,Combined TRACON& Tower with Radar,119,13,3,0,135,0,0,0,0,0,119,13,3,0,135,0,0,0,135
08/21/2016,RSW,FL,ASO,ES,Combined TRACON& Tower with Radar,116,7,4,0,127,0,0,3,0,3,116,7,7,0,130,0,0,0,130
08/22/2016,RSW,FL,ASO,ES,Combined TRACON& Tower with Radar,107,5,9,0,121,0,1,4,0,5,107,6,13,0,126,0,0,0,126
08/23/2016,RSW,FL,ASO,ES,Combined TRACON& Tower with Radar,106,7,2,5,120,0,0,7,0,7,106,7,9,5,127,0,0,0,127
08/24/2016,RSW,FL,ASO,ES,Combined TRACON& Tower with Radar,97,10,8,0,115,0,0,0,0,0,97,10,8,0,115,0,0,0,115
08/25/2016,RSW,FL,ASO,ES,Combined TRACON& Tower with Radar,123,6,8,4,141,0,0,5,0,5,123,6,13,4,146,0,0,0,146
08/26/2016,RSW,FL,ASO,ES,Combined TRACON& Tower with Radar,97,9,13,0,119,0,0,3,0,3,97,9,16,0,122,0,0,0,122
08/27/2016,RSW,FL,ASO,ES,Combined TRACON& Tower with Radar,108,9,5,0,122,0,0,3,0,3,108,9,8,0,125,0,0,0,125
08/28/2016,RSW,FL,ASO,ES,Combined TRACON& Tower with Radar,112,10,8,0,130,0,0,2,0,2,112,10,10,0,132,0,0,0,132
08/29/2016,RSW,FL,ASO,ES,Combined TRACON& Tower with Radar,94,5,7,0,106,0,0,0,0,0,94,5,7,0,106,0,0,0,106
08/30/2016,RSW,FL,ASO,ES,Combined TRACON& Tower with Radar,107,10,3,2,122,0,0,2,0,2,107,10,5,2,124,0,0,0,124
08/31/2016,RSW,FL,ASO,ES,Combined TRACON& Tower with Radar,96,11,10,0,117,0,0,3,0,3,96,11,13,0,120,0,0,0,120
09/01/2016,RSW,FL,ASO,ES,Combined TRACON& Tower with Radar,99,8,6,0,113,0,0,0,0,0,99,8,6,0,113,0,0,0,113
09/02/2016,RSW,FL,ASO,ES,Combined TRACON& Tower with Radar,92,7,8,0,107,0,0,2,0,2,92,7,10,0,109,0,0,0,109
09/03/2016,RSW,FL,ASO,ES,Combined TRACON& Tower with Radar,110,18,5,0,133,0,0,3,0,3,110,18,8,0,136,0,0,0,136
09/04/2016,RSW,FL,ASO,ES,Combined TRACON& Tower with Radar,98,6,1,0,105,0,0,3,0,3,98,6,4,0,108,0,0,0,108
09/05/2016,RSW,FL,ASO,ES,Combined TRACON& Tower with Radar,91,9,5,4,109,0,0,3,0,3,91,9,8,4,112,0,0,0,112
09/06/2016,RSW,FL,ASO,ES,Combined TRACON& Tower with Radar,100,9,10,0,119,0,0,3,0,3,100,9,13,0,122,0,0,0,122
09/07/2016,RSW,FL,ASO,ES,Combined TRACON& Tower with Radar,99,7,3,2,111,0,0,4,2,6,99,7,7,4,117,0,0,0,117
09/08/2016,RSW,FL,ASO,ES,Combined TRACON& Tower with Radar,109,9,9,1,128,0,0,4,0,4,109,9,13,1,132,0,0,0,132
09/09/2016,RSW,FL,ASO,ES,Combined TRACON& Tower with Radar,96,5,9,5,115,0,0,18,3,21,96,5,27,8,136,0,0,0,136
09/10/2016,RSW,FL,ASO,ES,Combined TRACON& Tower with Radar,102,7,7,0,116,0,0,7,0,7,102,7,14,0,123,0,0,0,123
09/11/2016,RSW,FL,ASO,ES,Combined TRACON& Tower with Radar,113,13,4,0,130,0,0,6,0,6,113,13,10,0,136,0,0,0,136
09/12/2016,RSW,FL,ASO,ES,Combined TRACON& Tower with Radar,100,8,16,0,124,0,0,8,0,8,100,8,24,0,132,0,0,0,132
09/13/2016,RSW,FL,ASO,ES,Combined TRACON& Tower with Radar,103,4,8,0,115,0,0,2,0,2,103,4,10,0,117,0,0,0,117
09/14/2016,RSW,FL,ASO,ES,Combined TRACON& Tower with Radar,96,10,8,0,114,0,0,0,0,0,96,10,8,0,114,0,0,0,114
09/15/2016,RSW,FL,ASO,ES,Combined TRACON& Tower with Radar,109,11,13,0,133,0,0,0,0,0,109,11,13,0,133,0,0,0,133
09/16/2016,RSW,FL,ASO,ES,Combined TRACON& Tower with Radar,98,10,8,0,116,0,0,2,0,2,98,10,10,0,118,0,0,0,118
09/17/2016,RSW,FL,ASO,ES,Combined TRACON& Tower with Radar,108,8,8,4,128,0,0,4,0,4,108,8,12,4,132,0,0,0,132
09/18/2016,RSW,FL,ASO,ES,Combined TRACON& Tower with Radar,112,9,5,0,126,0,0,2,0,2,112,9,7,0,128,0,0,0,128
09/19/2016,RSW,FL,ASO,ES,Combined TRACON& Tower with Radar,105,18,9,7,139,0,0,3,1,4,105,18,12,8,143,0,0,0,143
09/20/2016,RSW,FL,ASO,ES,Combined TRACON& Tower with Radar,112,16,8,0,136,0,0,3,0,3,112,16,11,0,139,0,0,0,139
09/21/2016,RSW,FL,ASO,ES,Combined TRACON& Tower with Radar,96,10,17,0,123,0,0,5,0,5,96,10,22,0,128,0,0,0,128
09/22/2016,RSW,FL,ASO,ES,Combined TRACON& Tower with Radar,109,9,6,14,138,0,0,4,0,4,109,9,10,14,142,0,0,0,142
09/23/2016,RSW,FL,ASO,ES,Combined TRACON& Tower with Radar,95,15,13,0,123,0,0,8,0,8,95,15,21,0,131,0,0,0,131
09/24/2016,RSW,FL,ASO,ES,Combined TRACON& Tower with Radar,107,8,9,0,124,0,0,15,0,15,107,8,24,0,139,0,0,0,139
09/25/2016,RSW,FL,ASO,ES,Combined TRACON& Tower with Radar,111,13,11,0,135,0,0,3,0,3,111,13,14,0,138,0,0,0,138
09/26/2016,RSW,FL,ASO,ES,Combined TRACON& Tower with Radar,98,12,5,10,125,0,0,5,0,5,98,12,10,10,130,0,0,0,130
09/27/2016,RSW,FL,ASO,ES,Combined TRACON& Tower with Radar,104,11,5,2,122,0,0,4,1,5,104,11,9,3,127,0,0,0,127
09/28/2016,RSW,FL,ASO,ES,Combined TRACON& Tower with Radar,95,7,6,0,108,0,0,2,0,2,95,7,8,0,110,0,0,0,110
09/29/2016,RSW,FL,ASO,ES,Combined TRACON& Tower with Radar,108,5,10,0,123,0,0,7,0,7,108,5,17,0,130,0,0,0,130
09/30/2016,RSW,FL,ASO,ES,Combined TRACON& Tower with Radar,96,12,11,0,119,0,0,4,0,4,96,12,15,0,123,0,0,0,123
10/01/2016,RSW,FL,ASO,ES,Combined TRACON& Tower with Radar,114,9,4,0,127,0,0,0,0,0,114,9,4,0,127,0,0,0,127
10/02/2016,RSW,FL,ASO,ES,Combined TRACON& Tower with Radar,128,14,12,0,154,0,0,4,0,4,128,14,16,0,158,0,0,0,158
10/03/2016,RSW,FL,ASO,ES,Combined TRACON& Tower with Radar,112,12,8,0,132,0,0,1,0,1,112,12,9,0,133,0,0,0,133
10/04/2016,RSW,FL,ASO,ES,Combined TRACON& Tower with Radar,117,9,19,0,145,0,0,8,0,8,117,9,27,0,153,0,0,0,153
10/05/2016,RSW,FL,ASO,ES,Combined TRACON& Tower with Radar,119,15,10,0,144,0,0,10,0,10,119,15,20,0,154,0,0,0,154
10/06/2016,RSW,FL,ASO,ES,Combined TRACON& Tower with Radar,144,15,12,0,171,0,0,2,0,2,144,15,14,0,173,0,0,0,173
10/07/2016,RSW,FL,ASO,ES,Combined TRACON& Tower with Radar,133,12,11,0,156,0,0,10,1,11,133,12,21,1,167,0,0,0,167
10/08/2016,RSW,FL,ASO,ES,Combined TRACON& Tower with Radar,140,7,5,0,152,0,0,4,0,4,140,7,9,0,156,0,0,0,156
10/09/2016,RSW,FL,ASO,ES,Combined TRACON& Tower with Radar,145,16,3,0,164,0,0,7,0,7,145,16,10,0,171,0,0,0,171
10/10/2016,RSW,FL,ASO,ES,Combined TRACON& Tower with Radar,125,7,11,0,143,0,0,4,0,4,125,7,15,0,147,0,0,0,147
10/11/2016,RSW,FL,ASO,ES,Combined TRACON& Tower with Radar,136,16,3,4,159,0,0,22,0,22,136,16,25,4,181,0,0,0,181
10/12/2016,RSW,FL,ASO,ES,Combined TRACON& Tower with Radar,126,13,15,0,154,0,1,25,0,26,126,14,40,0,180,0,0,0,180
10/13/2016,RSW,FL,ASO,ES,Combined TRACON& Tower with Radar,140,11,10,10,171,0,0,5,0,5,140,11,15,10,176,0,0,0,176
10/14/2016,RSW,FL,ASO,ES,Combined TRACON& Tower with Radar,129,7,11,0,147,0,0,3,0,3,129,7,14,0,150,0,0,0,150
10/15/2016,RSW,FL,ASO,ES,Combined TRACON& Tower with Radar,138,11,16,0,165,0,0,3,0,3,138,11,19,0,168,0,0,0,168
10/16/2016,RSW,FL,ASO,ES,Combined TRACON& Tower with Radar,140,15,4,0,159,0,0,1,0,1,140,15,5,0,160,0,0,0,160
10/17/2016,RSW,FL,ASO,ES,Combined TRACON& Tower with Radar,128,18,15,6,167,0,0,3,0,3,128,18,18,6,170,0,0,0,170
10/18/2016,RSW,FL,ASO,ES,Combined TRACON& Tower with Radar,137,18,12,0,167,0,1,5,0,6,137,19,17,0,173,0,0,0,173
10/19/2016,RSW,FL,ASO,ES,Combined TRACON& Tower with Radar,126,17,6,21,170,0,0,3,7,10,126,17,9,28,180,0,0,0,180
10/20/2016,RSW,FL,ASO,ES,Combined TRACON& Tower with Radar,138,17,13,0,168,0,0,3,0,3,138,17,16,0,171,0,0,0,171
10/21/2016,RSW,FL,ASO,ES,Combined TRACON& Tower with Radar,129,8,17,4,158,0,0,13,1,14,129,8,30,5,172,0,0,0,172
10/22/2016,RSW,FL,ASO,ES,Combined TRACON& Tower with Radar,138,12,9,1,160,0,0,5,1,6,138,12,14,2,166,0,0,0,166
10/23/2016,RSW,FL,ASO,ES,Combined TRACON& Tower with Radar,139,15,17,4,175,0,0,10,1,11,139,15,27,5,186,0,0,0,186
10/24/2016,RSW,FL,ASO,ES,Combined TRACON& Tower with Radar,128,17,7,0,152,0,0,4,0,4,128,17,11,0,156,0,0,0,156
10/25/2016,RSW,FL,ASO,ES,Combined TRACON& Tower with Radar,137,13,18,0,168,0,0,1,0,1,137,13,19,0,169,0,0,0,169
10/26/2016,RSW,FL,ASO,ES,Combined TRACON& Tower with Radar,124,10,18,0,152,0,0,1,0,1,124,10,19,0,153,0,0,0,153
10/27/2016,RSW,FL,ASO,ES,Combined TRACON& Tower with Radar,138,17,12,4,171,0,0,2,0,2,138,17,14,4,173,0,0,0,173
10/28/2016,RSW,FL,ASO,ES,Combined TRACON& Tower with Radar,141,11,16,0,168,0,0,2,0,2,141,11,18,0,170,0,0,0,170
10/29/2016,RSW,FL,ASO,ES,Combined TRACON& Tower with Radar,142,16,21,0,179,0,0,5,0,5,142,16,26,0,184,0,0,0,184
10/30/2016,RSW,FL,ASO,ES,Combined TRACON& Tower with Radar,146,16,7,9,178,0,0,9,0,9,146,16,16,9,187,0,0,0,187
10/31/2016,RSW,FL,ASO,ES,Combined TRACON& Tower with Radar,137,7,19,6,169,0,0,5,0,5,137,7,24,6,174,0,0,0,174
11/01/2016,RSW,FL,ASO,ES,Combined TRACON& Tower with Radar,145,11,15,0,171,0,0,6,0,6,145,11,21,0,177,0,0,0,177
11/02/2016,RSW,FL,ASO,ES,Combined TRACON& Tower with Radar,133,14,12,6,165,0,0,0,0,0,133,14,12,6,165,0,0,0,165
11/03/2016,RSW,FL,ASO,ES,Combined TRACON& Tower with Radar,148,14,15,0,177,0,0,16,0,16,148,14,31,0,193,0,0,0,193
11/04/2016,RSW,FL,ASO,ES,Combined TRACON& Tower with Radar,152,8,14,11,185,0,1,11,0,12,152,9,25,11,197,0,0,0,197
11/05/2016,RSW,FL,ASO,ES,Combined TRACON& Tower with Radar,159,17,9,0,185,0,0,3,0,3,159,17,12,0,188,0,0,0,188
11/06/2016,RSW,FL,ASO,ES,Combined TRACON& Tower with Radar,180,7,25,1,213,0,0,6,1,7,180,7,31,2,220,0,0,0,220
11/07/2016,RSW,FL,ASO,ES,Combined TRACON& Tower with Radar,170,15,8,0,193,0,0,1,0,1,170,15,9,0,194,0,0,0,194
11/08/2016,RSW,FL,ASO,ES,Combined TRACON& Tower with Radar,165,5,15,5,190,0,0,3,0,3,165,5,18,5,193,0,0,0,193
11/09/2016,RSW,FL,ASO,ES,Combined TRACON& Tower with Radar,165,16,13,4,198,0,0,2,0,2,165,16,15,4,200,0,0,0,200
11/10/2016,RSW,FL,ASO,ES,Combined TRACON& Tower with Radar,194,21,12,0,227,0,0,7,0,7,194,21,19,0,234,0,0,0,234
11/11/2016,RSW,FL,ASO,ES,Combined TRACON& Tower with Radar,198,19,19,0,236,0,0,5,0,5,198,19,24,0,241,0,0,0,241
11/12/2016,RSW,FL,ASO,ES,Combined TRACON& Tower with Radar,202,13,7,0,222,0,0,5,0,5,202,13,12,0,227,0,0,0,227
11/13/2016,RSW,FL,ASO,ES,Combined TRACON& Tower with Radar,200,11,15,0,226,0,0,1,0,1,200,11,16,0,227,0,0,0,227
11/14/2016,RSW,FL,ASO,ES,Combined TRACON& Tower with Radar,194,12,16,12,234,0,0,3,0,3,194,12,19,12,237,0,0,0,237
11/15/2016,RSW,FL,ASO,ES,Combined TRACON& Tower with Radar,190,22,11,0,223,0,0,15,0,15,190,22,26,0,238,0,0,0,238
11/16/2016,RSW,FL,ASO,ES,Combined TRACON& Tower with Radar,188,19,25,7,239,0,1,7,0,8,188,20,32,7,247,0,0,0,247
11/17/2016,RSW,FL,ASO,ES,Combined TRACON& Tower with Radar,196,25,12,9,242,0,2,0,0,2,196,27,12,9,244,0,0,0,244
11/18/2016,RSW,FL,ASO,ES,Combined TRACON& Tower with Radar,202,23,34,5,264,0,0,5,1,6,202,23,39,6,270,0,0,0,270
11/19/2016,RSW,FL,ASO,ES,Combined TRACON& Tower with Radar,212,18,10,0,240,0,0,2,0,2,212,18,12,0,242,0,0,0,242
11/20/2016,RSW,FL,ASO,ES,Combined TRACON& Tower with Radar,198,23,14,0,235,0,0,1,0,1,198,23,15,0,236,0,0,0,236
11/21/2016,RSW,FL,ASO,ES,Combined TRACON& Tower with Radar,197,27,8,2,234,0,2,2,4,8,197,29,10,6,242,0,0,0,242
11/22/2016,RSW,FL,ASO,ES,Combined TRACON& Tower with Radar,202,26,30,1,259,0,0,5,2,7,202,26,35,3,266,0,0,0,266
11/23/2016,RSW,FL,ASO,ES,Combined TRACON& Tower with Radar,204,14,17,0,235,0,0,8,0,8,204,14,25,0,243,0,0,0,243
11/24/2016,RSW,FL,ASO,ES,Combined TRACON& Tower with Radar,144,9,1,0,154,0,0,0,0,0,144,9,1,0,154,0,0,0,154
11/25/2016,RSW,FL,ASO,ES,Combined TRACON& Tower with Radar,184,9,5,0,198,0,0,2,0,2,184,9,7,0,200,0,0,0,200
11/26/2016,RSW,FL,ASO,ES,Combined TRACON& Tower with Radar,223,18,11,0,252,0,1,6,0,7,223,19,17,0,259,0,0,0,259
11/27/2016,RSW,FL,ASO,ES,Combined TRACON& Tower with Radar,221,33,29,4,287,0,0,6,0,6,221,33,35,4,293,0,0,0,293
11/28/2016,RSW,FL,ASO,ES,Combined TRACON& Tower with Radar,201,13,11,4,229,0,0,4,0,4,201,13,15,4,233,0,0,0,233
11/29/2016,RSW,FL,ASO,ES,Combined TRACON& Tower with Radar,201,22,14,7,244,0,0,9,0,9,201,22,23,7,253,0,0,0,253
11/30/2016,RSW,FL,ASO,ES,Combined TRACON& Tower with Radar,186,16,18,14,234,0,1,2,0,3,186,17,20,14,237,0,0,0,237
12/01/2016,RSW,FL,ASO,ES,Combined TRACON& Tower with Radar,193,13,12,26,244,0,4,4,3,11,193,17,16,29,255,0,0,0,255
12/02/2016,RSW,FL,ASO,ES,Combined TRACON& Tower with Radar,192,11,16,2,221,0,0,6,0,6,192,11,22,2,227,0,0,0,227
12/03/2016,RSW,FL,ASO,ES,Combined TRACON& Tower with Radar,186,12,19,0,217,0,0,9,0,9,186,12,28,0,226,0,0,0,226
12/04/2016,RSW,FL,ASO,ES,Combined TRACON& Tower with Radar,186,12,14,0,212,0,0,0,0,0,186,12,14,0,212,0,0,0,212
12/05/2016,RSW,FL,ASO,ES,Combined TRACON& Tower with Radar,189,13,12,7,221,0,0,5,0,5,189,13,17,7,226,0,0,0,226
12/06/2016,RSW,FL,ASO,ES,Combined TRACON& Tower with Radar,191,8,19,16,234,1,0,2,0,3,192,8,21,16,237,0,0,0,237
12/07/2016,RSW,FL,ASO,ES,Combined TRACON& Tower with Radar,181,13,17,15,226,0,0,4,0,4,181,13,21,15,230,0,0,0,230
12/08/2016,RSW,FL,ASO,ES,Combined TRACON& Tower with Radar,192,10,23,10,235,0,0,5,1,6,192,10,28,11,241,0,0,0,241
12/09/2016,RSW,FL,ASO,ES,Combined TRACON& Tower with Radar,191,17,16,0,224,0,0,2,1,3,191,17,18,1,227,0,0,0,227
12/10/2016,RSW,FL,ASO,ES,Combined TRACON& Tower with Radar,193,10,23,14,240,0,0,3,0,3,193,10,26,14,243,0,0,0,243
12/11/2016,RSW,FL,ASO,ES,Combined TRACON& Tower with Radar,172,14,23,0,209,0,0,1,3,4,172,14,24,3,213,0,0,0,213
12/12/2016,RSW,FL,ASO,ES,Combined TRACON& Tower with Radar,194,16,15,3,228,0,0,4,3,7,194,16,19,6,235,0,0,0,235
12/13/2016,RSW,FL,ASO,ES,Combined TRACON& Tower with Radar,185,14,23,24,246,0,0,8,2,10,185,14,31,26,256,0,0,0,256
12/14/2016,RSW,FL,ASO,ES,Combined TRACON& Tower with Radar,184,17,20,4,225,0,0,2,0,2,184,17,22,4,227,0,0,0,227
12/15/2016,RSW,FL,ASO,ES,Combined TRACON& Tower with Radar,214,14,19,0,247,0,0,5,0,5,214,14,24,0,252,0,0,0,252
12/16/2016,RSW,FL,ASO,ES,Combined TRACON& Tower with Radar,225,23,18,4,270,0,0,1,0,1,225,23,19,4,271,0,0,0,271
12/17/2016,RSW,FL,ASO,ES,Combined TRACON& Tower with Radar,203,8,23,0,234,0,0,1,0,1,203,8,24,0,235,0,0,0,235
12/18/2016,RSW,FL,ASO,ES,Combined TRACON& Tower with Radar,210,12,11,0,233,0,0,1,0,1,210,12,12,0,234,0,0,0,234
12/19/2016,RSW,FL,ASO,ES,Combined TRACON& Tower with Radar,220,16,15,6,257,0,0,3,0,3,220,16,18,6,260,0,0,0,260
12/20/2016,RSW,FL,ASO,ES,Combined TRACON& Tower with Radar,245,19,19,6,289,0,0,11,0,11,245,19,30,6,300,0,0,0,300
12/21/2016,RSW,FL,ASO,ES,Combined TRACON& Tower with Radar,257,17,19,0,293,0,0,0,0,0,257,17,19,0,293,0,0,0,293
12/22/2016,RSW,FL,ASO,ES,Combined TRACON& Tower with Radar,279,12,17,0,308,0,2,2,0,4,279,14,19,0,312,0,0,0,312
12/23/2016,RSW,FL,ASO,ES,Combined TRACON& Tower with Radar,273,14,14,0,301,0,0,8,0,8,273,14,22,0,309,0,0,0,309
12/24/2016,RSW,FL,ASO,ES,Combined TRACON& Tower with Radar,230,5,5,0,240,0,0,1,0,1,230,5,6,0,241,0,0,0,241
12/25/2016,RSW,FL,ASO,ES,Combined TRACON& Tower with Radar,218,19,3,0,240,0,0,0,0,0,218,19,3,0,240,0,0,0,240
12/26/2016,RSW,FL,ASO,ES,Combined TRACON& Tower with Radar,263,32,34,0,329,0,0,2,0,2,263,32,36,0,331,0,0,0,331
12/27/2016,RSW,FL,ASO,ES,Combined TRACON& Tower with Radar,277,25,34,5,341,0,0,7,0,7,277,25,41,5,348,0,0,0,348
12/28/2016,RSW,FL,ASO,ES,Combined TRACON& Tower with Radar,270,25,22,6,323,0,1,3,2,6,270,26,25,8,329,0,0,0,329
12/29/2016,RSW,FL,ASO,ES,Combined TRACON& Tower with Radar,269,25,14,2,310,0,0,4,0,4,269,25,18,2,314,0,0,0,314
12/30/2016,RSW,FL,ASO,ES,Combined TRACON& Tower with Radar,267,14,10,0,291,0,0,4,0,4,267,14,14,0,295,0,0,0,295
12/31/2016,RSW,FL,ASO,ES,Combined TRACON& Tower with Radar,246,14,16,0,276,0,0,7,0,7,246,14,23,0,283,0,0,0,283
01/01/2017,RSW,FL,ASO,ES,Combined TRACON& Tower with Radar,244,21,17,1,283,0,1,2,0,3,244,22,19,1,286,0,0,0,286
01/02/2017,RSW,FL,ASO,ES,Combined TRACON& Tower with Radar,256,24,44,0,324,0,1,12,0,13,256,25,56,0,337,0,0,0,337
01/03/2017,RSW,FL,ASO,ES,Combined TRACON& Tower with Radar,247,24,24,0,295,0,5,9,0,14,247,29,33,0,309,0,0,0,309
01/04/2017,RSW,FL,ASO,ES,Combined TRACON& Tower with Radar,228,14,22,0,264,0,1,5,0,6,228,15,27,0,270,0,0,0,270
01/05/2017,RSW,FL,ASO,ES,Combined TRACON& Tower with Radar,240,12,17,4,273,0,0,7,0,7,240,12,24,4,280,0,0,0,280
01/06/2017,RSW,FL,ASO,ES,Combined TRACON& Tower with Radar,242,14,13,22,291,0,0,5,0,5,242,14,18,22,296,0,0,0,296
01/07/2017,RSW,FL,ASO,ES,Combined TRACON& Tower with Radar,247,25,16,0,288,0,0,0,0,0,247,25,16,0,288,0,0,0,288
01/08/2017,RSW,FL,ASO,ES,Combined TRACON& Tower with Radar,228,23,32,0,283,0,0,3,0,3,228,23,35,0,286,0,0,0,286
01/09/2017,RSW,FL,ASO,ES,Combined TRACON& Tower with Radar,243,15,22,0,280,0,0,7,0,7,243,15,29,0,287,0,0,0,287
01/10/2017,RSW,FL,ASO,ES,Combined TRACON& Tower with Radar,234,18,14,8,274,0,1,4,0,5,234,19,18,8,279,0,0,0,279
01/11/2017,RSW,FL,ASO,ES,Combined TRACON& Tower with Radar,237,14,26,4,281,0,7,14,1,22,237,21,40,5,303,0,0,0,303
01/12/2017,RSW,FL,ASO,ES,Combined TRACON& Tower with Radar,243,20,18,0,281,0,0,8,0,8,243,20,26,0,289,0,0,0,289
01/13/2017,RSW,FL,ASO,ES,Combined TRACON& Tower with Radar,236,14,19,0,269,0,0,4,0,4,236,14,23,0,273,0,0,0,273
01/14/2017,RSW,FL,ASO,ES,Combined TRACON& Tower with Radar,254,13,10,0,277,0,0,6,0,6,254,13,16,0,283,0,0,0,283
01/15/2017,RSW,FL,ASO,ES,Combined TRACON& Tower with Radar,228,10,19,0,257,0,0,6,0,6,228,10,25,0,263,0,0,0,263
01/16/2017,RSW,FL,ASO,ES,Combined TRACON& Tower with Radar,237,20,30,0,287,0,0,3,0,3,237,20,33,0,290,0,0,0,290
01/17/2017,RSW,FL,ASO,ES,Combined TRACON& Tower with Radar,238,9,18,25,290,0,0,11,5,16,238,9,29,30,306,0,10,10,316
01/18/2017,RSW,FL,ASO,ES,Combined TRACON& Tower with Radar,235,9,32,2,278,0,0,5,0,5,235,9,37,2,283,0,0,0,283
01/19/2017,RSW,FL,ASO,ES,Combined TRACON& Tower with Radar,237,20,13,2,272,0,1,6,0,7,237,21,19,2,279,0,0,0,279
01/20/2017,RSW,FL,ASO,ES,Combined TRACON& Tower with Radar,244,18,6,0,268,0,0,8,0,8,244,18,14,0,276,0,0,0,276
01/21/2017,RSW,FL,ASO,ES,Combined TRACON& Tower with Radar,271,20,12,0,303,0,3,6,0,9,271,23,18,0,312,0,0,0,312
01/22/2017,RSW,FL,ASO,ES,Combined TRACON& Tower with Radar,239,20,10,0,269,0,0,0,0,0,239,20,10,0,269,0,0,0,269
01/23/2017,RSW,FL,ASO,ES,Combined TRACON& Tower with Radar,225,15,16,4,260,0,0,0,1,1,225,15,16,5,261,0,0,0,261
01/24/2017,RSW,FL,ASO,ES,Combined TRACON& Tower with Radar,236,19,23,4,282,0,0,22,0,22,236,19,45,4,304,24,0,24,328
01/25/2017,RSW,FL,ASO,ES,Combined TRACON& Tower with Radar,242,30,14,4,290,0,0,4,0,4,242,30,18,4,294,0,0,0,294
01/26/2017,RSW,FL,ASO,ES,Combined TRACON& Tower with Radar,243,25,20,0,288,0,0,7,0,7,243,25,27,0,295,0,0,0,295
01/27/2017,RSW,FL,ASO,ES,Combined TRACON& Tower with Radar,242,19,26,16,303,0,0,8,0,8,242,19,34,16,311,0,0,0,311
01/28/2017,RSW,FL,ASO,ES,Combined TRACON& Tower with Radar,274,19,17,0,310,0,0,6,0,6,274,19,23,0,316,0,0,0,316
01/29/2017,RSW,FL,ASO,ES,Combined TRACON& Tower with Radar,234,14,23,0,271,0,0,0,0,0,234,14,23,0,271,0,0,0,271
01/30/2017,RSW,FL,ASO,ES,Combined TRACON& Tower with Radar,238,12,25,19,294,0,1,9,0,10,238,13,34,19,304,0,0,0,304
01/31/2017,RSW,FL,ASO,ES,Combined TRACON& Tower with Radar,238,16,12,0,266,0,1,13,0,14,238,17,25,0,280,0,0,0,280
02/01/2017,RSW,FL,ASO,ES,Combined TRACON& Tower with Radar,235,22,24,0,281,0,0,4,0,4,235,22,28,0,285,0,0,0,285
02/02/2017,RSW,FL,ASO,ES,Combined TRACON& Tower with Radar,242,15,24,0,281,0,0,10,0,10,242,15,34,0,291,0,0,0,291
02/03/2017,RSW,FL,ASO,ES,Combined TRACON& Tower with Radar,242,16,19,0,277,0,0,19,0,19,242,16,38,0,296,0,0,0,296
02/04/2017,RSW,FL,ASO,ES,Combined TRACON& Tower with Radar,270,13,18,0,301,0,4,19,0,23,270,17,37,0,324,0,0,0,324
02/05/2017,RSW,FL,ASO,ES,Combined TRACON& Tower with Radar,227,25,13,2,267,0,1,4,0,5,227,26,17,2,272,0,0,0,272
02/06/2017,RSW,FL,ASO,ES,Combined TRACON& Tower with Radar,237,19,23,7,286,0,0,7,0,7,237,19,30,7,293,0,0,0,293
02/07/2017,RSW,FL,ASO,ES,Combined TRACON& Tower with Radar,238,11,6,4,259,0,0,4,0,4,238,11,10,4,263,0,0,0,263
02/08/2017,RSW,FL,ASO,ES,Combined TRACON& Tower with Radar,233,14,30,8,285,0,0,0,4,4,233,14,30,12,289,0,0,0,289
02/09/2017,RSW,FL,ASO,ES,Combined TRACON& Tower with Radar,197,23,25,0,245,0,0,6,0,6,197,23,31,0,251,0,0,0,251
02/10/2017,RSW,FL,ASO,ES,Combined TRACON& Tower with Radar,243,14,41,6,304,0,0,16,1,17,243,14,57,7,321,0,0,0,321
02/11/2017,RSW,FL,ASO,ES,Combined TRACON& Tower with Radar,274,13,19,0,306,0,0,7,0,7,274,13,26,0,313,0,0,0,313
02/12/2017,RSW,FL,ASO,ES,Combined TRACON& Tower with Radar,226,27,21,4,278,0,11,5,0,16,226,38,26,4,294,0,0,0,294
02/13/2017,RSW,FL,ASO,ES,Combined TRACON& Tower with Radar,230,16,28,0,274,0,0,5,0,5,230,16,33,0,279,0,0,0,279
02/14/2017,RSW,FL,ASO,ES,Combined TRACON& Tower with Radar,232,13,24,0,269,0,0,6,0,6,232,13,30,0,275,0,0,0,275
02/15/2017,RSW,FL,ASO,ES,Combined TRACON& Tower with Radar,236,22,14,9,281,0,2,5,0,7,236,24,19,9,288,0,0,0,288
02/16/2017,RSW,FL,ASO,ES,Combined TRACON& Tower with Radar,259,12,31,0,302,0,0,1,0,1,259,12,32,0,303,0,0,0,303
02/17/2017,RSW,FL,ASO,ES,Combined TRACON& Tower with Radar,258,24,28,4,314,0,0,2,0,2,258,24,30,4,316,0,0,0,316
02/18/2017,RSW,FL,ASO,ES,Combined TRACON& Tower with Radar,294,19,15,0,328,0,0,11,4,15,294,19,26,4,343,0,0,0,343
02/19/2017,RSW,FL,ASO,ES,Combined TRACON& Tower with Radar,264,26,31,4,325,0,2,2,0,4,264,28,33,4,329,0,0,0,329
02/20/2017,RSW,FL,ASO,ES,Combined TRACON& Tower with Radar,274,25,25,4,328,0,0,13,0,13,274,25,38,4,341,0,0,0,341
02/21/2017,RSW,FL,ASO,ES,Combined TRACON& Tower with Radar,270,24,28,15,337,0,1,3,7,11,270,25,31,22,348,0,0,0,348
02/22/2017,RSW,FL,ASO,ES,Combined TRACON& Tower with Radar,264,15,27,10,316,0,0,0,0,0,264,15,27,10,316,0,0,0,316
02/23/2017,RSW,FL,ASO,ES,Combined TRACON& Tower with Radar,263,22,36,0,321,0,3,4,0,7,263,25,40,0,328,0,0,0,328
02/24/2017,RSW,FL,ASO,ES,Combined TRACON& Tower with Radar,261,25,27,0,313,0,2,4,3,9,261,27,31,3,322,0,0,0,322
02/25/2017,RSW,FL,ASO,ES,Combined TRACON& Tower with Radar,307,19,19,0,345,0,0,7,0,7,307,19,26,0,352,0,0,0,352
02/26/2017,RSW,FL,ASO,ES,Combined TRACON& Tower with Radar,271,31,21,1,324,0,1,5,0,6,271,32,26,1,330,0,0,0,330
02/27/2017,RSW,FL,ASO,ES,Combined TRACON& Tower with Radar,265,17,12,25,319,0,1,4,2,7,265,18,16,27,326,0,0,0,326
02/28/2017,RSW,FL,ASO,ES,Combined TRACON& Tower with Radar,264,16,14,0,294,0,0,4,0,4,264,16,18,0,298,0,0,0,298
03/01/2017,RSW,FL,ASO,ES,Combined TRACON& Tower with Radar,247,16,22,8,293,0,0,5,8,13,247,16,27,16,306,0,0,0,306
03/02/2017,RSW,FL,ASO,ES,Combined TRACON& Tower with Radar,259,20,9,14,302,0,0,8,0,8,259,20,17,14,310,0,0,0,310
03/03/2017,RSW,FL,ASO,ES,Combined TRACON& Tower with Radar,257,17,9,4,287,0,0,3,0,3,257,17,12,4,290,0,0,0,290
03/04/2017,RSW,FL,ASO,ES,Combined TRACON& Tower with Radar,308,21,20,0,349,0,0,7,0,7,308,21,27,0,356,0,0,0,356
03/05/2017,RSW,FL,ASO,ES,Combined TRACON& Tower with Radar,265,20,28,0,313,0,21,18,0,39,265,41,46,0,352,0,0,0,352
03/06/2017,RSW,FL,ASO,ES,Combined TRACON& Tower with Radar,263,18,10,5,296,0,2,3,2,7,263,20,13,7,303,0,0,0,303
03/07/2017,RSW,FL,ASO,ES,Combined TRACON& Tower with Radar,263,14,19,11,307,0,0,2,0,2,263,14,21,11,309,0,0,0,309
03/08/2017,RSW,FL,ASO,ES,Combined TRACON& Tower with Radar,258,23,26,0,307,0,2,12,0,14,258,25,38,0,321,0,0,0,321
03/09/2017,RSW,FL,ASO,ES,Combined TRACON& Tower with Radar,290,20,22,5,337,0,0,5,0,5,290,20,27,5,342,0,0,0,342
03/10/2017,RSW,FL,ASO,ES,Combined TRACON& Tower with Radar,287,21,20,13,341,0,2,6,0,8,287,23,26,13,349,0,0,0,349
03/11/2017,RSW,FL,ASO,ES,Combined TRACON& Tower with Radar,335,21,17,0,373,0,0,10,0,10,335,21,27,0,383,0,0,0,383
03/12/2017,RSW,FL,ASO,ES,Combined TRACON& Tower with Radar,317,28,21,0,366,0,0,3,0,3,317,28,24,0,369,0,0,0,369
03/13/2017,RSW,FL,ASO,ES,Combined TRACON& Tower with Radar,276,25,17,2,320,0,0,2,2,4,276,25,19,4,324,0,0,0,324
03/14/2017,RSW,FL,ASO,ES,Combined TRACON& Tower with Radar,201,22,9,6,238,0,0,4,0,4,201,22,13,6,242,0,0,0,242
03/15/2017,RSW,FL,ASO,ES,Combined TRACON& Tower with Radar,283,25,19,0,327,0,2,5,1,8,283,27,24,1,335,0,0,0,335
03/16/2017,RSW,FL,ASO,ES,Combined TRACON& Tower with Radar,303,17,26,0,346,0,0,15,0,15,303,17,41,0,361,0,0,0,361
03/17/2017,RSW,FL,ASO,ES,Combined TRACON& Tower with Radar,296,19,22,0,337,0,1,5,0,6,296,20,27,0,343,0,0,0,343
03/18/2017,RSW,FL,ASO,ES,Combined TRACON& Tower with Radar,333,17,15,0,365,0,0,15,0,15,333,17,30,0,380,0,0,0,380
03/19/2017,RSW,FL,ASO,ES,Combined TRACON& Tower with Radar,310,24,21,0,355,0,2,12,0,14,310,26,33,0,369,0,0,0,369
03/20/2017,RSW,FL,ASO,ES,Combined TRACON& Tower with Radar,299,25,17,5,346,0,1,13,0,14,299,26,30,5,360,0,0,0,360
03/21/2017,RSW,FL,ASO,ES,Combined TRACON& Tower with Radar,300,16,15,3,334,0,0,4,6,10,300,16,19,9,344,0,0,0,344
03/22/2017,RSW,FL,ASO,ES,Combined TRACON& Tower with Radar,295,18,22,4,339,0,0,6,0,6,295,18,28,4,345,0,0,0,345
03/23/2017,RSW,FL,ASO,ES,Combined TRACON& Tower with Radar,299,20,12,4,335,0,0,0,0,0,299,20,12,4,335,0,0,0,335
03/24/2017,RSW,FL,ASO,ES,Combined TRACON& Tower with Radar,299,28,12,3,342,0,0,2,0,2,299,28,14,3,344,0,0,0,344
03/25/2017,RSW,FL,ASO,ES,Combined TRACON& Tower with Radar,343,18,12,2,375,0,1,6,0,7,343,19,18,2,382,0,0,0,382
03/26/2017,RSW,FL,ASO,ES,Combined TRACON& Tower with Radar,311,24,19,2,356,0,0,8,0,8,311,24,27,2,364,0,0,0,364
03/27/2017,RSW,FL,ASO,ES,Combined TRACON& Tower with Radar,300,22,10,6,338,0,0,6,0,6,300,22,16,6,344,0,0,0,344
03/28/2017,RSW,FL,ASO,ES,Combined TRACON& Tower with Radar,295,16,20,0,331,0,0,5,0,5,295,16,25,0,336,0,0,0,336
03/29/2017,RSW,FL,ASO,ES,Combined TRACON& Tower with Radar,292,12,17,0,321,0,0,11,0,11,292,12,28,0,332,0,0,0,332
03/30/2017,RSW,FL,ASO,ES,Combined TRACON& Tower with Radar,297,15,26,18,356,0,3,8,4,15,297,18,34,22,371,0,0,0,371
03/31/2017,RSW,FL,ASO,ES,Combined TRACON& Tower with Radar,289,23,15,0,327,0,0,7,0,7,289,23,22,0,334,0,0,0,334
04/01/2017,RSW,FL,ASO,ES,Combined TRACON& Tower with Radar,341,23,10,1,375,0,0,1,0,1,341,23,11,1,376,0,0,0,376
04/02/2017,RSW,FL,ASO,ES,Combined TRACON& Tower with Radar,309,28,17,0,354,0,0,5,1,6,309,28,22,1,360,0,0,0,360
04/03/2017,RSW,FL,ASO,ES,Combined TRACON& Tower with Radar,284,20,27,14,345,0,0,4,0,4,284,20,31,14,349,0,0,0,349
04/04/2017,RSW,FL,ASO,ES,Combined TRACON& Tower with Radar,267,18,27,0,312,0,0,7,0,7,267,18,34,0,319,0,0,0,319
04/05/2017,RSW,FL,ASO,ES,Combined TRACON& Tower with Radar,244,21,11,1,277,0,0,3,0,3,244,21,14,1,280,0,0,0,280
04/06/2017,RSW,FL,ASO,ES,Combined TRACON& Tower with Radar,237,18,16,0,271,0,0,1,1,2,237,18,17,1,273,0,0,0,273
04/07/2017,RSW,FL,ASO,ES,Combined TRACON& Tower with Radar,253,28,30,6,317,0,2,3,0,5,253,30,33,6,322,0,0,0,322
04/08/2017,RSW,FL,ASO,ES,Combined TRACON& Tower with Radar,323,29,24,2,378,0,2,1,0,3,323,31,25,2,381,0,0,0,381
04/09/2017,RSW,FL,ASO,ES,Combined TRACON& Tower with Radar,287,20,12,1,320,0,0,8,0,8,287,20,20,1,328,0,0,0,328
04/10/2017,RSW,FL,ASO,ES,Combined TRACON& Tower with Radar,271,26,30,3,330,0,0,0,0,0,271,26,30,3,330,0,0,0,330
04/11/2017,RSW,FL,ASO,ES,Combined TRACON& Tower with Radar,276,10,11,11,308,0,0,0,7,7,276,10,11,18,315,0,0,0,315
04/12/2017,RSW,FL,ASO,ES,Combined TRACON& Tower with Radar,269,22,23,0,314,0,0,13,0,13,269,22,36,0,327,0,0,0,327
04/13/2017,RSW,FL,ASO,ES,Combined TRACON& Tower with Radar,281,22,40,0,343,0,0,3,0,3,281,22,43,0,346,0,0,0,346
04/14/2017,RSW,FL,ASO,ES,Combined TRACON& Tower with Radar,279,23,18,4,324,0,0,7,0,7,279,23,25,4,331,0,0,0,331
04/15/2017,RSW,FL,ASO,ES,Combined TRACON& Tower with Radar,324,15,16,0,355,0,2,3,0,5,324,17,19,0,360,0,0,0,360
04/16/2017,RSW,FL,ASO,ES,Combined TRACON& Tower with Radar,287,15,9,1,312,0,0,4,0,4,287,15,13,1,316,0,0,0,316
04/17/2017,RSW,FL,ASO,ES,Combined TRACON& Tower with Radar,275,18,23,1,317,0,2,3,0,5,275,20,26,1,322,0,0,0,322
04/18/2017,RSW,FL,ASO,ES,Combined TRACON& Tower with Radar,271,16,21,0,308,0,1,3,4,8,271,17,24,4,316,0,0,0,316
04/19/2017,RSW,FL,ASO,ES,Combined TRACON& Tower with Radar,259,24,29,9,321,0,0,5,0,5,259,24,34,9,326,0,0,0,326
04/20/2017,RSW,FL,ASO,ES,Combined TRACON& Tower with Radar,270,23,15,0,308,0,0,3,0,3,270,23,18,0,311,0,0,0,311
04/21/2017,RSW,FL,ASO,ES,Combined TRACON& Tower with Radar,262,14,19,0,295,0,0,2,6,8,262,14,21,6,303,0,0,0,303
04/22/2017,RSW,FL,ASO,ES,Combined TRACON& Tower with Radar,308,19,9,0,336,0,1,5,1,7,308,20,14,1,343,0,0,0,343
04/23/2017,RSW,FL,ASO,ES,Combined TRACON& Tower with Radar,276,20,23,3,322,0,0,1,0,1,276,20,24,3,323,0,0,0,323
04/24/2017,RSW,FL,ASO,ES,Combined TRACON& Tower with Radar,266,21,21,1,309,0,0,3,0,3,266,21,24,1,312,0,0,0,312
04/25/2017,RSW,FL,ASO,ES,Combined TRACON& Tower with Radar,200,18,18,0,236,0,0,2,0,2,200,18,20,0,238,0,0,0,238
04/26/2017,RSW,FL,ASO,ES,Combined TRACON& Tower with Radar,205,22,16,2,245,0,0,8,0,8,205,22,24,2,253,0,0,0,253
04/27/2017,RSW,FL,ASO,ES,Combined TRACON& Tower with Radar,192,22,21,4,239,0,0,1,0,1,192,22,22,4,240,0,0,0,240
04/28/2017,RSW,FL,ASO,ES,Combined TRACON& Tower with Radar,191,20,26,2,239,0,2,4,0,6,191,22,30,2,245,0,0,0,245
04/29/2017,RSW,FL,ASO,ES,Combined TRACON& Tower with Radar,215,13,13,0,241,0,1,8,0,9,215,14,21,0,250,0,0,0,250
04/30/2017,RSW,FL,ASO,ES,Combined TRACON& Tower with Radar,197,21,16,0,234,0,1,5,0,6,197,22,21,0,240,0,0,0,240
05/01/2017,RSW,FL,ASO,ES,Combined TRACON& Tower with Radar,172,16,16,0,204,0,0,1,0,1,172,16,17,0,205,0,0,0,205
05/02/2017,RSW,FL,ASO,ES,Combined TRACON& Tower with Radar,173,15,16,0,204,0,0,5,0,5,173,15,21,0,209,0,0,0,209
05/03/2017,RSW,FL,ASO,ES,Combined TRACON& Tower with Radar,153,10,8,0,171,0,0,0,0,0,153,10,8,0,171,0,0,0,171
05/04/2017,RSW,FL,ASO,ES,Combined TRACON& Tower with Radar,166,15,23,4,208,0,0,2,0,2,166,15,25,4,210,0,0,0,210
05/05/2017,RSW,FL,ASO,ES,Combined TRACON& Tower with Radar,148,15,23,0,186,0,0,1,0,1,148,15,24,0,187,0,0,0,187
05/06/2017,RSW,FL,ASO,ES,Combined TRACON& Tower with Radar,176,12,17,0,205,0,0,15,0,15,176,12,32,0,220,0,0,0,220
05/07/2017,RSW,FL,ASO,ES,Combined TRACON& Tower with Radar,160,18,14,0,192,0,2,18,0,20,160,20,32,0,212,0,0,0,212
05/08/2017,RSW,FL,ASO,ES,Combined TRACON& Tower with Radar,146,18,22,0,186,0,0,12,0,12,146,18,34,0,198,0,0,0,198
05/09/2017,RSW,FL,ASO,ES,Combined TRACON& Tower with Radar,147,16,16,20,199,0,0,4,0,4,147,16,20,20,203,0,0,0,203
05/10/2017,RSW,FL,ASO,ES,Combined TRACON& Tower with Radar,147,16,7,2,172,0,0,8,1,9,147,16,15,3,181,0,0,0,181
05/11/2017,RSW,FL,ASO,ES,Combined TRACON& Tower with Radar,150,35,16,0,201,0,0,8,0,8,150,35,24,0,209,0,0,0,209
05/12/2017,RSW,FL,ASO,ES,Combined TRACON& Tower with Radar,152,17,20,2,191,0,1,7,0,8,152,18,27,2,199,0,0,0,199
05/13/2017,RSW,FL,ASO,ES,Combined TRACON& Tower with Radar,172,17,9,0,198,0,1,0,0,1,172,18,9,0,199,0,0,0,199
05/14/2017,RSW,FL,ASO,ES,Combined TRACON& Tower with Radar,156,19,11,0,186,0,1,4,0,5,156,20,15,0,191,0,0,0,191
05/15/2017,RSW,FL,ASO,ES,Combined TRACON& Tower with Radar,148,15,10,10,183,0,0,9,2,11,148,15,19,12,194,0,0,0,194
05/16/2017,RSW,FL,ASO,ES,Combined TRACON& Tower with Radar,147,14,18,8,187,0,1,0,0,1,147,15,18,8,188,0,0,0,188
05/17/2017,RSW,FL,ASO,ES,Combined TRACON& Tower with Radar,146,12,17,2,177,0,0,3,1,4,146,12,20,3,181,0,0,0,181
05/18/2017,RSW,FL,ASO,ES,Combined TRACON& Tower with Radar,150,12,13,1,176,0,0,3,0,3,150,12,16,1,179,0,0,0,179
05/19/2017,RSW,FL,ASO,ES,Combined TRACON& Tower with Radar,149,18,10,0,177,0,0,6,0,6,149,18,16,0,183,0,0,0,183
05/20/2017,RSW,FL,ASO,ES,Combined TRACON& Tower with Radar,176,8,5,1,190,0,1,8,0,9,176,9,13,1,199,0,0,0,199
05/21/2017,RSW,FL,ASO,ES,Combined TRACON& Tower with Radar,162,13,10,0,185,0,0,6,0,6,162,13,16,0,191,0,0,0,191
05/22/2017,RSW,FL,ASO,ES,Combined TRACON& Tower with Radar,146,12,9,8,175,0,0,5,0,5,146,12,14,8,180,0,0,0,180
05/23/2017,RSW,FL,ASO,ES,Combined TRACON& Tower with Radar,152,10,8,36,206,0,0,1,13,14,152,10,9,49,220,0,0,0,220
05/24/2017,RSW,FL,ASO,ES,Combined TRACON& Tower with Radar,154,19,6,0,179,0,1,0,0,1,154,20,6,0,180,0,0,0,180
05/25/2017,RSW,FL,ASO,ES,Combined TRACON& Tower with Radar,152,15,10,0,177,0,0,0,0,0,152,15,10,0,177,0,0,0,177
05/26/2017,RSW,FL,ASO,ES,Combined TRACON& Tower with Radar,145,10,23,0,178,0,0,8,0,8,145,10,31,0,186,0,0,0,186
05/27/2017,RSW,FL,ASO,ES,Combined TRACON& Tower with Radar,167,13,8,0,188,0,0,7,0,7,167,13,15,0,195,0,0,0,195
05/28/2017,RSW,FL,ASO,ES,Combined TRACON& Tower with Radar,137,8,14,0,159,0,0,4,0,4,137,8,18,0,163,0,0,0,163
05/29/2017,RSW,FL,ASO,ES,Combined TRACON& Tower with Radar,131,14,11,0,156,0,0,8,0,8,131,14,19,0,164,0,0,0,164
05/30/2017,RSW,FL,ASO,ES,Combined TRACON& Tower with Radar,142,9,18,2,171,0,0,11,0,11,142,9,29,2,182,0,0,0,182
05/31/2017,RSW,FL,ASO,ES,Combined TRACON& Tower with Radar,134,15,10,0,159,0,0,7,0,7,134,15,17,0,166,0,0,0,166
06/01/2017,RSW,FL,ASO,ES,Combined TRACON& Tower with Radar,150,22,15,2,189,0,0,3,0,3,150,22,18,2,192,0,0,0,192
06/02/2017,RSW,FL,ASO,ES,Combined TRACON& Tower with Radar,165,19,13,0,197,0,0,4,0,4,165,19,17,0,201,0,0,0,201
06/03/2017,RSW,FL,ASO,ES,Combined TRACON& Tower with Radar,164,14,12,0,190,0,0,2,0,2,164,14,14,0,192,0,0,0,192
06/04/2017,RSW,FL,ASO,ES,Combined TRACON& Tower with Radar,150,17,17,11,195,0,0,13,0,13,150,17,30,11,208,0,0,0,208
06/05/2017,RSW,FL,ASO,ES,Combined TRACON& Tower with Radar,137,19,23,0,179,0,0,2,0,2,137,19,25,0,181,0,0,0,181
06/06/2017,RSW,FL,ASO,ES,Combined TRACON& Tower with Radar,140,11,13,0,164,0,0,0,0,0,140,11,13,0,164,0,0,0,164
06/07/2017,RSW,FL,ASO,ES,Combined TRACON& Tower with Radar,135,18,25,0,178,0,0,0,0,0,135,18,25,0,178,0,0,0,178
06/08/2017,RSW,FL,ASO,ES,Combined TRACON& Tower with Radar,139,17,32,8,196,0,0,19,0,19,139,17,51,8,215,0,0,0,215
06/09/2017,RSW,FL,ASO,ES,Combined TRACON& Tower with Radar,131,23,23,3,180,0,0,19,0,19,131,23,42,3,199,0,0,0,199
06/10/2017,RSW,FL,ASO,ES,Combined TRACON& Tower with Radar,165,10,9,3,187,0,0,1,0,1,165,10,10,3,188,0,0,0,188
06/11/2017,RSW,FL,ASO,ES,Combined TRACON& Tower with Radar,147,9,13,0,169,0,0,4,0,4,147,9,17,0,173,0,0,0,173
06/12/2017,RSW,FL,ASO,ES,Combined TRACON& Tower with Radar,127,9,20,0,156,0,0,6,0,6,127,9,26,0,162,0,0,0,162
06/13/2017,RSW,FL,ASO,ES,Combined TRACON& Tower with Radar,125,10,10,0,145,0,0,9,0,9,125,10,19,0,154,0,0,0,154
06/14/2017,RSW,FL,ASO,ES,Combined TRACON& Tower with Radar,121,15,21,0,157,0,0,0,0,0,121,15,21,0,157,0,0,0,157
06/15/2017,RSW,FL,ASO,ES,Combined TRACON& Tower with Radar,127,15,18,0,160,0,0,6,0,6,127,15,24,0,166,0,0,0,166
06/16/2017,RSW,FL,ASO,ES,Combined TRACON& Tower with Radar,121,15,14,0,150,0,0,3,0,3,121,15,17,0,153,0,0,0,153
06/17/2017,RSW,FL,ASO,ES,Combined TRACON& Tower with Radar,159,10,12,0,181,0,0,4,0,4,159,10,16,0,185,0,0,0,185
06/18/2017,RSW,FL,ASO,ES,Combined TRACON& Tower with Radar,132,8,12,0,152,0,0,1,0,1,132,8,13,0,153,0,0,0,153
06/19/2017,RSW,FL,ASO,ES,Combined TRACON& Tower with Radar,110,11,9,9,139,0,0,2,0,2,110,11,11,9,141,0,0,0,141
06/20/2017,RSW,FL,ASO,ES,Combined TRACON& Tower with Radar,119,11,17,7,154,0,1,3,10,14,119,12,20,17,168,0,0,0,168
06/21/2017,RSW,FL,ASO,ES,Combined TRACON& Tower with Radar,115,13,4,0,132,0,0,2,0,2,115,13,6,0,134,0,0,0,134
06/22/2017,RSW,FL,ASO,ES,Combined TRACON& Tower with Radar,126,12,17,3,158,0,0,15,0,15,126,12,32,3,173,0,0,0,173
06/23/2017,RSW,FL,ASO,ES,Combined TRACON& Tower with Radar,118,11,13,0,142,0,5,6,0,11,118,16,19,0,153,0,0,0,153
06/24/2017,RSW,FL,ASO,ES,Combined TRACON& Tower with Radar,160,7,15,0,182,0,0,10,0,10,160,7,25,0,192,0,0,0,192
06/25/2017,RSW,FL,ASO,ES,Combined TRACON& Tower with Radar,126,13,9,0,148,0,0,11,0,11,126,13,20,0,159,0,0,0,159
06/26/2017,RSW,FL,ASO,ES,Combined TRACON& Tower with Radar,117,11,14,2,144,0,0,13,0,13,117,11,27,2,157,0,0,0,157
06/27/2017,RSW,FL,ASO,ES,Combined TRACON& Tower with Radar,128,8,15,2,153,0,0,22,0,22,128,8,37,2,175,40,0,40,215
06/28/2017,RSW,FL,ASO,ES,Combined TRACON& Tower with Radar,124,7,6,0,137,0,0,0,0,0,124,7,6,0,137,0,0,0,137
06/29/2017,RSW,FL,ASO,ES,Combined TRACON& Tower with Radar,122,16,12,0,150,0,0,15,0,15,122,16,27,0,165,0,0,0,165
06/30/2017,RSW,FL,ASO,ES,Combined TRACON& Tower with Radar,119,10,10,0,139,0,0,24,0,24,119,10,34,0,163,0,0,0,163
07/01/2017,RSW,FL,ASO,ES,Combined TRACON& Tower with Radar,153,13,3,0,169,0,0,3,0,3,153,13,6,0,172,0,0,0,172
07/02/2017,RSW,FL,ASO,ES,Combined TRACON& Tower with Radar,130,5,6,0,141,0,0,11,0,11,130,5,17,0,152,0,0,0,152
07/03/2017,RSW,FL,ASO,ES,Combined TRACON& Tower with Radar,110,8,14,0,132,0,2,3,0,5,110,10,17,0,137,0,0,0,137
07/04/2017,RSW,FL,ASO,ES,Combined TRACON& Tower with Radar,110,9,5,12,136,0,0,0,0,0,110,9,5,12,136,0,0,0,136
07/05/2017,RSW,FL,ASO,ES,Combined TRACON& Tower with Radar,128,16,16,1,161,0,0,7,0,7,128,16,23,1,168,0,0,0,168
07/06/2017,RSW,FL,ASO,ES,Combined TRACON& Tower with Radar,126,8,12,0,146,0,0,7,0,7,126,8,19,0,153,0,0,0,153
07/07/2017,RSW,FL,ASO,ES,Combined TRACON& Tower with Radar,123,11,10,4,148,0,0,3,0,3,123,11,13,4,151,0,0,0,151
07/08/2017,RSW,FL,ASO,ES,Combined TRACON& Tower with Radar,157,13,14,0,184,0,0,10,0,10,157,13,24,0,194,0,0,0,194
07/09/2017,RSW,FL,ASO,ES,Combined TRACON& Tower with Radar,131,11,15,0,157,0,0,1,0,1,131,11,16,0,158,0,0,0,158
07/10/2017,RSW,FL,ASO,ES,Combined TRACON& Tower with Radar,122,6,15,0,143,0,0,9,0,9,122,6,24,0,152,0,0,0,152
07/11/2017,RSW,FL,ASO,ES,Combined TRACON& Tower with Radar,122,7,9,0,138,0,0,15,0,15,122,7,24,0,153,0,0,0,153
07/12/2017,RSW,FL,ASO,ES,Combined TRACON& Tower with Radar,129,10,13,0,152,0,0,4,0,4,129,10,17,0,156,0,0,0,156
07/13/2017,RSW,FL,ASO,ES,Combined TRACON& Tower with Radar,125,4,5,0,134,0,0,2,0,2,125,4,7,0,136,0,0,0,136
07/14/2017,RSW,FL,ASO,ES,Combined TRACON& Tower with Radar,114,12,12,0,138,0,0,5,0,5,114,12,17,0,143,0,0,0,143
07/15/2017,RSW,FL,ASO,ES,Combined TRACON& Tower with Radar,154,10,9,0,173,0,0,5,0,5,154,10,14,0,178,0,0,0,178
07/16/2017,RSW,FL,ASO,ES,Combined TRACON& Tower with Radar,136,8,13,4,161,0,0,7,0,7,136,8,20,4,168,0,0,0,168
07/17/2017,RSW,FL,ASO,ES,Combined TRACON& Tower with Radar,118,18,9,1,146,0,0,2,0,2,118,18,11,1,148,0,0,0,148
07/18/2017,RSW,FL,ASO,ES,Combined TRACON& Tower with Radar,132,7,11,0,150,0,0,5,4,9,132,7,16,4,159,0,0,0,159
07/19/2017,RSW,FL,ASO,ES,Combined TRACON& Tower with Radar,119,5,16,0,140,0,0,6,0,6,119,5,22,0,146,0,0,0,146
07/20/2017,RSW,FL,ASO,ES,Combined TRACON& Tower with Radar,128,9,8,0,145,0,2,12,0,14,128,11,20,0,159,0,0,0,159
07/21/2017,RSW,FL,ASO,ES,Combined TRACON& Tower with Radar,120,9,5,2,136,0,0,7,0,7,120,9,12,2,143,0,0,0,143
07/22/2017,RSW,FL,ASO,ES,Combined TRACON& Tower with Radar,158,9,6,0,173,0,0,3,0,3,158,9,9,0,176,0,0,0,176
07/23/2017,RSW,FL,ASO,ES,Combined TRACON& Tower with Radar,122,6,4,0,132,0,0,1,0,1,122,6,5,0,133,0,0,0,133
07/24/2017,RSW,FL,ASO,ES,Combined TRACON& Tower with Radar,118,7,17,0,142,0,1,13,0,14,118,8,30,0,156,0,0,0,156
07/25/2017,RSW,FL,ASO,ES,Combined TRACON& Tower with Radar,130,11,9,4,154,0,0,10,0,10,130,11,19,4,164,0,0,0,164
07/26/2017,RSW,FL,ASO,ES,Combined TRACON& Tower with Radar,118,8,14,0,140,0,0,9,0,9,118,8,23,0,149,0,0,0,149
07/27/2017,RSW,FL,ASO,ES,Combined TRACON& Tower with Radar,121,16,16,0,153,0,0,7,0,7,121,16,23,0,160,0,0,0,160
07/28/2017,RSW,FL,ASO,ES,Combined TRACON& Tower with Radar,118,9,13,0,140,0,0,8,0,8,118,9,21,0,148,0,0,0,148
07/29/2017,RSW,FL,ASO,ES,Combined TRACON& Tower with Radar,154,11,14,0,179,0,0,3,0,3,154,11,17,0,182,0,0,0,182
07/30/2017,RSW,FL,ASO,ES,Combined TRACON& Tower with Radar,133,13,12,0,158,0,0,0,0,0,133,13,12,0,158,0,0,0,158
07/31/2017,RSW,FL,ASO,ES,Combined TRACON& Tower with Radar,121,13,3,0,137,0,0,1,0,1,121,13,4,0,138,0,0,0,138
08/01/2017,RSW,FL,ASO,ES,Combined TRACON& Tower with Radar,154,6,5,2,167,0,0,2,0,2,154,6,7,2,169,0,0,0,169
08/02/2017,RSW,FL,ASO,ES,Combined TRACON& Tower with Radar,113,10,10,0,133,0,0,1,0,1,113,10,11,0,134,0,0,0,134
08/03/2017,RSW,FL,ASO,ES,Combined TRACON& Tower with Radar,119,7,9,11,146,0,0,4,2,6,119,7,13,13,152,0,0,0,152
08/04/2017,RSW,FL,ASO,ES,Combined TRACON& Tower with Radar,116,9,10,0,135,0,0,4,0,4,116,9,14,0,139,0,0,0,139
08/05/2017,RSW,FL,ASO,ES,Combined TRACON& Tower with Radar,153,12,6,0,171,0,0,12,0,12,153,12,18,0,183,0,0,0,183
08/06/2017,RSW,FL,ASO,ES,Combined TRACON& Tower with Radar,127,5,12,0,144,0,1,5,0,6,127,6,17,0,150,0,0,0,150
08/07/2017,RSW,FL,ASO,ES,Combined TRACON& Tower with Radar,115,10,8,10,143,0,0,5,0,5,115,10,13,10,148,0,0,0,148
08/08/2017,RSW,FL,ASO,ES,Combined TRACON& Tower with Radar,129,6,3,44,182,0,0,16,1,17,129,6,19,45,199,0,0,0,199
08/09/2017,RSW,FL,ASO,ES,Combined TRACON& Tower with Radar,116,7,5,0,128,0,0,4,0,4,116,7,9,0,132,0,0,0,132
08/10/2017,RSW,FL,ASO,ES,Combined TRACON& Tower with Radar,138,8,10,0,156,0,0,1,0,1,138,8,11,0,157,0,0,0,157
08/11/2017,RSW,FL,ASO,ES,Combined TRACON& Tower with Radar,117,6,9,0,132,0,0,2,0,2,117,6,11,0,134,0,0,0,134
08/12/2017,RSW,FL,ASO,ES,Combined TRACON& Tower with Radar,154,12,7,0,173,0,0,0,0,0,154,12,7,0,173,0,0,0,173
08/13/2017,RSW,FL,ASO,ES,Combined TRACON& Tower with Radar,137,6,10,0,153,0,0,5,0,5,137,6,15,0,158,0,0,0,158
08/14/2017,RSW,FL,ASO,ES,Combined TRACON& Tower with Radar,119,10,4,11,144,0,0,0,0,0,119,10,4,11,144,0,0,0,144
08/15/2017,RSW,FL,ASO,ES,Combined TRACON& Tower with Radar,123,15,16,0,154,0,0,1,0,1,123,15,17,0,155,0,0,0,155
08/16/2017,RSW,FL,ASO,ES,Combined TRACON& Tower with Radar,113,10,14,24,161,0,0,3,3,6,113,10,17,27,167,0,0,0,167
08/17/2017,RSW,FL,ASO,ES,Combined TRACON& Tower with Radar,120,10,12,0,142,0,0,7,0,7,120,10,19,0,149,0,0,0,149
08/18/2017,RSW,FL,ASO,ES,Combined TRACON& Tower with Radar,114,8,13,4,139,0,0,4,5,9,114,8,17,9,148,0,0,0,148
08/19/2017,RSW,FL,ASO,ES,Combined TRACON& Tower with Radar,127,7,14,0,148,0,0,5,0,5,127,7,19,0,153,0,0,0,153
08/20/2017,RSW,FL,ASO,ES,Combined TRACON& Tower with Radar,120,3,11,7,141,0,0,8,0,8,120,3,19,7,149,0,0,0,149
08/21/2017,RSW,FL,ASO,ES,Combined TRACON& Tower with Radar,112,8,8,4,132,0,0,5,2,7,112,8,13,6,139,0,0,0,139
08/22/2017,RSW,FL,ASO,ES,Combined TRACON& Tower with Radar,113,9,22,0,144,0,0,23,2,25,113,9,45,2,169,0,0,0,169
08/23/2017,RSW,FL,ASO,ES,Combined TRACON& Tower with Radar,111,15,19,0,145,0,0,11,0,11,111,15,30,0,156,0,0,0,156
08/24/2017,RSW,FL,ASO,ES,Combined TRACON& Tower with Radar,116,12,7,0,135,0,0,0,0,0,116,12,7,0,135,0,0,0,135
08/25/2017,RSW,FL,ASO,ES,Combined TRACON& Tower with Radar,116,5,1,0,122,0,0,1,0,1,116,5,2,0,123,0,0,0,123
08/26/2017,RSW,FL,ASO,ES,Combined TRACON& Tower with Radar,122,6,5,0,133,0,0,4,0,4,122,6,9,0,137,0,0,0,137
08/27/2017,RSW,FL,ASO,ES,Combined TRACON& Tower with Radar,111,11,4,0,126,0,0,0,0,0,111,11,4,0,126,0,0,0,126
08/28/2017,RSW,FL,ASO,ES,Combined TRACON& Tower with Radar,109,14,3,0,126,0,0,0,0,0,109,14,3,0,126,0,0,0,126
08/29/2017,RSW,FL,ASO,ES,Combined TRACON& Tower with Radar,106,12,20,0,138,0,0,8,0,8,106,12,28,0,146,8,0,8,154
08/30/2017,RSW,FL,ASO,ES,Combined TRACON& Tower with Radar,101,13,12,17,143,0,0,1,0,1,101,13,13,17,144,0,0,0,144
08/31/2017,RSW,FL,ASO,ES,Combined TRACON& Tower with Radar,109,12,11,0,132,0,0,6,0,6,109,12,17,0,138,0,0,0,138
09/01/2017,RSW,FL,ASO,ES,Combined TRACON& Tower with Radar,106,7,10,0,123,0,0,3,0,3,106,7,13,0,126,0,0,0,126
09/02/2017,RSW,FL,ASO,ES,Combined TRACON& Tower with Radar,119,7,8,0,134,0,0,2,0,2,119,7,10,0,136,0,0,0,136
09/03/2017,RSW,FL,ASO,ES,Combined TRACON& Tower with Radar,95,5,2,0,102,0,0,1,0,1,95,5,3,0,103,0,0,0,103
09/04/2017,RSW,FL,ASO,ES,Combined TRACON& Tower with Radar,100,8,13,0,121,0,0,10,0,10,100,8,23,0,131,0,0,0,131
09/05/2017,RSW,FL,ASO,ES,Combined TRACON& Tower with Radar,108,5,19,0,132,0,0,2,0,2,108,5,21,0,134,0,0,0,134
09/06/2017,RSW,FL,ASO,ES,Combined TRACON& Tower with Radar,98,20,26,7,151,0,0,3,1,4,98,20,29,8,155,0,0,0,155
09/07/2017,RSW,FL,ASO,ES,Combined TRACON& Tower with Radar,111,81,48,0,240,0,0,10,0,10,111,81,58,0,250,0,0,0,250
09/08/2017,RSW,FL,ASO,ES,Combined TRACON& Tower with Radar,83,57,66,0,206,0,1,2,0,3,83,58,68,0,209,0,0,0,209
09/09/2017,RSW,FL,ASO,ES,Combined TRACON& Tower with Radar,11,2,0,0,13,0,0,0,0,0,11,2,0,0,13,0,0,0,13
09/10/2017,RSW,FL,ASO,ES,Combined TRACON& Tower with Radar,0,0,0,0,0,0,0,0,0,0,0,0,0,0,0,0,0,0,0
09/11/2017,RSW,FL,ASO,ES,Combined TRACON& Tower with Radar,0,1,4,0,5,0,0,1,0,1,0,1,5,0,6,0,0,0,6
09/12/2017,RSW,FL,ASO,ES,Combined TRACON& Tower with Radar,5,26,39,8,78,0,3,19,2,24,5,29,58,10,102,0,0,0,102
09/13/2017,RSW,FL,ASO,ES,Combined TRACON& Tower with Radar,73,68,80,6,227,0,3,24,4,31,73,71,104,10,258,0,0,0,258
09/14/2017,RSW,FL,ASO,ES,Combined TRACON& Tower with Radar,109,35,47,19,210,0,3,7,11,21,109,38,54,30,231,0,0,0,231
09/15/2017,RSW,FL,ASO,ES,Combined TRACON& Tower with Radar,101,22,48,13,184,0,0,15,7,22,101,22,63,20,206,0,0,0,206
09/16/2017,RSW,FL,ASO,ES,Combined TRACON& Tower with Radar,102,21,14,2,139,0,0,19,0,19,102,21,33,2,158,0,0,0,158
09/17/2017,RSW,FL,ASO,ES,Combined TRACON& Tower with Radar,105,26,25,0,156,0,0,7,0,7,105,26,32,0,163,0,0,0,163
09/18/2017,RSW,FL,ASO,ES,Combined TRACON& Tower with Radar,97,24,31,1,153,0,0,5,0,5,97,24,36,1,158,0,0,0,158
09/19/2017,RSW,FL,ASO,ES,Combined TRACON& Tower with Radar,109,16,27,8,160,0,1,8,0,9,109,17,35,8,169,0,0,0,169
09/20/2017,RSW,FL,ASO,ES,Combined TRACON& Tower with Radar,100,18,19,0,137,0,0,12,0,12,100,18,31,0,149,0,0,0,149
09/21/2017,RSW,FL,ASO,ES,Combined TRACON& Tower with Radar,115,14,17,0,146,0,0,17,0,17,115,14,34,0,163,0,0,0,163
09/22/2017,RSW,FL,ASO,ES,Combined TRACON& Tower with Radar,104,11,11,0,126,0,0,20,0,20,104,11,31,0,146,0,0,0,146
09/23/2017,RSW,FL,ASO,ES,Combined TRACON& Tower with Radar,109,9,6,0,124,0,0,5,0,5,109,9,11,0,129,0,0,0,129
09/24/2017,RSW,FL,ASO,ES,Combined TRACON& Tower with Radar,106,10,7,0,123,0,0,6,0,6,106,10,13,0,129,0,0,0,129
09/25/2017,RSW,FL,ASO,ES,Combined TRACON& Tower with Radar,101,14,10,6,131,0,0,3,0,3,101,14,13,6,134,0,0,0,134
09/26/2017,RSW,FL,ASO,ES,Combined TRACON& Tower with Radar,111,12,8,10,141,0,0,2,0,2,111,12,10,10,143,0,0,0,143
09/27/2017,RSW,FL,ASO,ES,Combined TRACON& Tower with Radar,103,12,14,0,129,0,1,8,0,9,103,13,22,0,138,0,0,0,138
09/28/2017,RSW,FL,ASO,ES,Combined TRACON& Tower with Radar,112,10,22,0,144,0,0,5,0,5,112,10,27,0,149,0,0,0,149
09/29/2017,RSW,FL,ASO,ES,Combined TRACON& Tower with Radar,110,17,11,0,138,0,0,0,0,0,110,17,11,0,138,0,0,0,138
09/30/2017,RSW,FL,ASO,ES,Combined TRACON& Tower with Radar,114,8,3,0,125,0,0,2,0,2,114,8,5,0,127,0,0,0,127
10/01/2017,RSW,FL,ASO,ES,Combined TRACON& Tower with Radar,119,12,14,0,145,0,0,7,0,7,119,12,21,0,152,0,0,0,152
10/02/2017,RSW,FL,ASO,ES,Combined TRACON& Tower with Radar,113,9,10,0,132,0,0,4,0,4,113,9,14,0,136,0,0,0,136
10/03/2017,RSW,FL,ASO,ES,Combined TRACON& Tower with Radar,116,12,12,2,142,0,1,0,0,1,116,13,12,2,143,0,0,0,143
10/04/2017,RSW,FL,ASO,ES,Combined TRACON& Tower with Radar,119,13,13,5,150,0,0,1,0,1,119,13,14,5,151,0,0,0,151
10/05/2017,RSW,FL,ASO,ES,Combined TRACON& Tower with Radar,153,21,15,0,189,0,0,5,0,5,153,21,20,0,194,0,0,0,194
10/06/2017,RSW,FL,ASO,ES,Combined TRACON& Tower with Radar,138,8,8,0,154,0,0,8,0,8,138,8,16,0,162,0,0,0,162
10/07/2017,RSW,FL,ASO,ES,Combined TRACON& Tower with Radar,143,11,9,0,163,0,0,6,0,6,143,11,15,0,169,0,0,0,169
10/08/2017,RSW,FL,ASO,ES,Combined TRACON& Tower with Radar,143,9,9,0,161,0,0,1,0,1,143,9,10,0,162,0,0,0,162
10/09/2017,RSW,FL,ASO,ES,Combined TRACON& Tower with Radar,128,9,13,2,152,0,2,5,0,7,128,11,18,2,159,0,0,0,159
10/10/2017,RSW,FL,ASO,ES,Combined TRACON& Tower with Radar,136,9,5,0,150,0,0,0,0,0,136,9,5,0,150,0,0,0,150
10/11/2017,RSW,FL,ASO,ES,Combined TRACON& Tower with Radar,131,8,12,18,169,0,0,5,0,5,131,8,17,18,174,0,0,0,174
10/12/2017,RSW,FL,ASO,ES,Combined TRACON& Tower with Radar,140,14,12,0,166,0,0,3,4,7,140,14,15,4,173,0,0,0,173
10/13/2017,RSW,FL,ASO,ES,Combined TRACON& Tower with Radar,138,11,11,2,162,1,0,7,0,8,139,11,18,2,170,0,0,0,170
10/14/2017,RSW,FL,ASO,ES,Combined TRACON& Tower with Radar,143,8,11,0,162,0,0,14,0,14,143,8,25,0,176,0,0,0,176
10/15/2017,RSW,FL,ASO,ES,Combined TRACON& Tower with Radar,139,16,9,0,164,0,0,2,0,2,139,16,11,0,166,0,0,0,166
10/16/2017,RSW,FL,ASO,ES,Combined TRACON& Tower with Radar,140,20,9,13,182,0,0,12,0,12,140,20,21,13,194,0,0,0,194
10/17/2017,RSW,FL,ASO,ES,Combined TRACON& Tower with Radar,144,13,31,0,188,0,0,20,0,20,144,13,51,0,208,0,0,0,208
10/18/2017,RSW,FL,ASO,ES,Combined TRACON& Tower with Radar,136,12,22,0,170,0,0,12,0,12,136,12,34,0,182,0,0,0,182
10/19/2017,RSW,FL,ASO,ES,Combined TRACON& Tower with Radar,141,16,19,0,176,0,0,8,0,8,141,16,27,0,184,0,0,0,184
10/20/2017,RSW,FL,ASO,ES,Combined TRACON& Tower with Radar,137,13,10,0,160,0,0,6,0,6,137,13,16,0,166,0,0,0,166
10/21/2017,RSW,FL,ASO,ES,Combined TRACON& Tower with Radar,144,14,8,0,166,0,0,11,0,11,144,14,19,0,177,0,0,0,177
10/22/2017,RSW,FL,ASO,ES,Combined TRACON& Tower with Radar,141,16,14,0,171,0,0,5,0,5,141,16,19,0,176,0,0,0,176
10/23/2017,RSW,FL,ASO,ES,Combined TRACON& Tower with Radar,132,13,21,0,166,0,0,8,0,8,132,13,29,0,174,0,0,0,174
10/24/2017,RSW,FL,ASO,ES,Combined TRACON& Tower with Radar,156,23,12,0,191,0,0,4,0,4,156,23,16,0,195,0,0,0,195
10/25/2017,RSW,FL,ASO,ES,Combined TRACON& Tower with Radar,133,14,13,11,171,0,0,13,0,13,133,14,26,11,184,0,0,0,184
10/26/2017,RSW,FL,ASO,ES,Combined TRACON& Tower with Radar,141,10,30,13,194,0,0,12,0,12,141,10,42,13,206,0,0,0,206
10/27/2017,RSW,FL,ASO,ES,Combined TRACON& Tower with Radar,140,15,23,0,178,0,0,8,0,8,140,15,31,0,186,0,0,0,186
10/28/2017,RSW,FL,ASO,ES,Combined TRACON& Tower with Radar,137,15,9,0,161,0,0,0,0,0,137,15,9,0,161,0,0,0,161
10/29/2017,RSW,FL,ASO,ES,Combined TRACON& Tower with Radar,141,14,14,0,169,0,0,8,0,8,141,14,22,0,177,0,0,0,177
10/30/2017,RSW,FL,ASO,ES,Combined TRACON& Tower with Radar,146,13,22,5,186,0,1,1,0,2,146,14,23,5,188,0,0,0,188
10/31/2017,RSW,FL,ASO,ES,Combined TRACON& Tower with Radar,142,8,9,0,159,0,1,8,0,9,142,9,17,0,168,0,0,0,168
11/01/2017,RSW,FL,ASO,ES,Combined TRACON& Tower with Radar,149,25,12,5,191,0,0,6,0,6,149,25,18,5,197,0,0,0,197
11/02/2017,RSW,FL,ASO,ES,Combined TRACON& Tower with Radar,156,18,37,0,211,0,0,5,0,5,156,18,42,0,216,0,0,0,216
11/03/2017,RSW,FL,ASO,ES,Combined TRACON& Tower with Radar,149,13,21,0,183,0,0,5,0,5,149,13,26,0,188,0,0,0,188
11/04/2017,RSW,FL,ASO,ES,Combined TRACON& Tower with Radar,152,12,9,0,173,0,0,3,0,3,152,12,12,0,176,0,0,0,176
11/05/2017,RSW,FL,ASO,ES,Combined TRACON& Tower with Radar,169,15,5,8,197,0,0,10,0,10,169,15,15,8,207,0,0,0,207
11/06/2017,RSW,FL,ASO,ES,Combined TRACON& Tower with Radar,164,18,28,9,219,0,0,9,0,9,164,18,37,9,228,0,0,0,228
11/07/2017,RSW,FL,ASO,ES,Combined TRACON& Tower with Radar,162,17,16,0,195,0,0,5,0,5,162,17,21,0,200,0,0,0,200
11/08/2017,RSW,FL,ASO,ES,Combined TRACON& Tower with Radar,168,13,18,8,207,0,0,2,0,2,168,13,20,8,209,0,0,0,209
11/09/2017,RSW,FL,ASO,ES,Combined TRACON& Tower with Radar,195,24,9,4,232,0,0,10,0,10,195,24,19,4,242,0,0,0,242
11/10/2017,RSW,FL,ASO,ES,Combined TRACON& Tower with Radar,196,18,15,0,229,0,0,1,0,1,196,18,16,0,230,0,0,0,230
11/11/2017,RSW,FL,ASO,ES,Combined TRACON& Tower with Radar,205,16,11,0,232,1,0,5,0,6,206,16,16,0,238,0,0,0,238
11/12/2017,RSW,FL,ASO,ES,Combined TRACON& Tower with Radar,200,14,18,0,232,0,0,0,0,0,200,14,18,0,232,0,0,0,232
11/13/2017,RSW,FL,ASO,ES,Combined TRACON& Tower with Radar,196,11,15,0,222,0,0,4,0,4,196,11,19,0,226,0,0,0,226
11/14/2017,RSW,FL,ASO,ES,Combined TRACON& Tower with Radar,190,20,24,0,234,0,0,6,0,6,190,20,30,0,240,0,0,0,240
11/15/2017,RSW,FL,ASO,ES,Combined TRACON& Tower with Radar,200,22,20,17,259,0,0,4,2,6,200,22,24,19,265,0,0,0,265
11/16/2017,RSW,FL,ASO,ES,Combined TRACON& Tower with Radar,193,19,29,0,241,0,0,4,0,4,193,19,33,0,245,0,0,0,245
11/17/2017,RSW,FL,ASO,ES,Combined TRACON& Tower with Radar,199,19,19,6,243,0,0,11,0,11,199,19,30,6,254,0,0,0,254
11/18/2017,RSW,FL,ASO,ES,Combined TRACON& Tower with Radar,208,19,14,0,241,0,0,1,0,1,208,19,15,0,242,0,0,0,242
11/19/2017,RSW,FL,ASO,ES,Combined TRACON& Tower with Radar,205,20,23,1,249,0,0,6,0,6,205,20,29,1,255,0,0,0,255
11/20/2017,RSW,FL,ASO,ES,Combined TRACON& Tower with Radar,208,27,17,0,252,0,0,4,0,4,208,27,21,0,256,0,0,0,256
11/21/2017,RSW,FL,ASO,ES,Combined TRACON& Tower with Radar,200,33,34,8,275,0,1,11,1,13,200,34,45,9,288,0,0,0,288
11/22/2017,RSW,FL,ASO,ES,Combined TRACON& Tower with Radar,216,25,19,0,260,0,1,4,0,5,216,26,23,0,265,0,0,0,265
11/23/2017,RSW,FL,ASO,ES,Combined TRACON& Tower with Radar,161,13,2,0,176,0,0,0,0,0,161,13,2,0,176,0,0,0,176
11/24/2017,RSW,FL,ASO,ES,Combined TRACON& Tower with Radar,194,15,9,0,218,0,0,5,0,5,194,15,14,0,223,0,0,0,223
11/25/2017,RSW,FL,ASO,ES,Combined TRACON& Tower with Radar,229,22,17,0,268,0,0,5,0,5,229,22,22,0,273,0,0,0,273
11/26/2017,RSW,FL,ASO,ES,Combined TRACON& Tower with Radar,219,22,33,17,291,0,1,1,0,2,219,23,34,17,293,0,0,0,293
11/27/2017,RSW,FL,ASO,ES,Combined TRACON& Tower with Radar,220,18,13,0,251,0,0,0,0,0,220,18,13,0,251,0,0,0,251
11/28/2017,RSW,FL,ASO,ES,Combined TRACON& Tower with Radar,191,14,20,0,225,0,0,7,0,7,191,14,27,0,232,0,0,0,232
11/29/2017,RSW,FL,ASO,ES,Combined TRACON& Tower with Radar,179,12,12,8,211,0,0,5,0,5,179,12,17,8,216,0,0,0,216
11/30/2017,RSW,FL,ASO,ES,Combined TRACON& Tower with Radar,189,15,13,0,217,1,0,2,0,3,190,15,15,0,220,0,0,0,220
12/01/2017,RSW,FL,ASO,ES,Combined TRACON& Tower with Radar,189,17,16,6,228,0,0,5,0,5,189,17,21,6,233,0,0,0,233
12/02/2017,RSW,FL,ASO,ES,Combined TRACON& Tower with Radar,197,13,15,0,225,0,0,1,0,1,197,13,16,0,226,0,0,0,226
12/03/2017,RSW,FL,ASO,ES,Combined TRACON& Tower with Radar,188,11,12,0,211,0,0,2,0,2,188,11,14,0,213,0,0,0,213
12/04/2017,RSW,FL,ASO,ES,Combined TRACON& Tower with Radar,183,18,21,0,222,0,0,3,0,3,183,18,24,0,225,0,0,0,225
12/05/2017,RSW,FL,ASO,ES,Combined TRACON& Tower with Radar,168,12,10,4,194,0,0,5,0,5,168,12,15,4,199,0,0,0,199
12/06/2017,RSW,FL,ASO,ES,Combined TRACON& Tower with Radar,174,13,13,27,227,0,0,5,0,5,174,13,18,27,232,0,0,0,232
12/07/2017,RSW,FL,ASO,ES,Combined TRACON& Tower with Radar,187,12,28,20,247,0,0,1,2,3,187,12,29,22,250,0,0,0,250
12/08/2017,RSW,FL,ASO,ES,Combined TRACON& Tower with Radar,177,14,11,5,207,0,0,0,1,1,177,14,11,6,208,0,0,0,208
12/09/2017,RSW,FL,ASO,ES,Combined TRACON& Tower with Radar,185,11,10,0,206,0,0,0,0,0,185,11,10,0,206,0,0,0,206
12/10/2017,RSW,FL,ASO,ES,Combined TRACON& Tower with Radar,190,10,9,0,209,0,3,3,0,6,190,13,12,0,215,0,0,0,215
12/11/2017,RSW,FL,ASO,ES,Combined TRACON& Tower with Radar,192,11,21,0,224,0,1,0,0,1,192,12,21,0,225,0,0,0,225
12/12/2017,RSW,FL,ASO,ES,Combined TRACON& Tower with Radar,177,8,15,3,203,0,0,0,0,0,177,8,15,3,203,0,0,0,203
12/13/2017,RSW,FL,ASO,ES,Combined TRACON& Tower with Radar,174,9,23,0,206,0,0,3,0,3,174,9,26,0,209,0,0,0,209
12/14/2017,RSW,FL,ASO,ES,Combined TRACON& Tower with Radar,190,10,21,12,233,0,0,6,6,12,190,10,27,18,245,0,0,0,245
12/15/2017,RSW,FL,ASO,ES,Combined TRACON& Tower with Radar,204,8,28,0,240,0,0,7,0,7,204,8,35,0,247,0,0,0,247
12/16/2017,RSW,FL,ASO,ES,Combined TRACON& Tower with Radar,206,10,12,0,228,0,0,1,0,1,206,10,13,0,229,0,0,0,229
12/17/2017,RSW,FL,ASO,ES,Combined TRACON& Tower with Radar,197,14,14,0,225,0,0,9,0,9,197,14,23,0,234,0,0,0,234
12/18/2017,RSW,FL,ASO,ES,Combined TRACON& Tower with Radar,207,18,13,28,266,0,0,3,0,3,207,18,16,28,269,0,0,0,269
12/19/2017,RSW,FL,ASO,ES,Combined TRACON& Tower with Radar,206,12,17,0,235,0,0,2,0,2,206,12,19,0,237,0,0,0,237
12/20/2017,RSW,FL,ASO,ES,Combined TRACON& Tower with Radar,224,19,16,17,276,0,0,2,2,4,224,19,18,19,280,0,0,0,280
12/21/2017,RSW,FL,ASO,ES,Combined TRACON& Tower with Radar,274,19,22,0,315,0,2,3,0,5,274,21,25,0,320,0,0,0,320
12/22/2017,RSW,FL,ASO,ES,Combined TRACON& Tower with Radar,277,16,8,0,301,0,0,1,0,1,277,16,9,0,302,0,0,0,302
12/23/2017,RSW,FL,ASO,ES,Combined TRACON& Tower with Radar,282,14,19,0,315,0,0,1,0,1,282,14,20,0,316,0,0,0,316
12/24/2017,RSW,FL,ASO,ES,Combined TRACON& Tower with Radar,231,10,5,0,246,0,0,0,0,0,231,10,5,0,246,0,0,0,246
12/25/2017,RSW,FL,ASO,ES,Combined TRACON& Tower with Radar,238,15,10,0,263,0,0,3,0,3,238,15,13,0,266,0,0,0,266
12/26/2017,RSW,FL,ASO,ES,Combined TRACON& Tower with Radar,278,24,46,0,348,0,0,3,0,3,278,24,49,0,351,0,0,0,351
12/27/2017,RSW,FL,ASO,ES,Combined TRACON& Tower with Radar,278,46,27,0,351,0,1,2,0,3,278,47,29,0,354,0,0,0,354
12/28/2017,RSW,FL,ASO,ES,Combined TRACON& Tower with Radar,288,40,34,0,362,0,0,2,0,2,288,40,36,0,364,0,0,0,364
12/29/2017,RSW,FL,ASO,ES,Combined TRACON& Tower with Radar,278,19,20,4,321,0,0,1,1,2,278,19,21,5,323,0,0,0,323
12/30/2017,RSW,FL,ASO,ES,Combined TRACON& Tower with Radar,282,17,13,0,312,0,0,3,0,3,282,17,16,0,315,0,0,0,315
12/31/2017,RSW,FL,ASO,ES,Combined TRACON& Tower with Radar,240,12,11,0,263,1,0,2,0,3,241,12,13,0,266,0,0,0,266
01/01/2018,RSW,FL,ASO,ES,Combined TRACON& Tower with Radar,260,24,22,0,306,0,0,0,0,0,260,24,22,0,306,0,0,0,306
01/02/2018,RSW,FL,ASO,ES,Combined TRACON& Tower with Radar,278,37,30,0,345,0,0,3,0,3,278,37,33,0,348,0,0,0,348
01/03/2018,RSW,FL,ASO,ES,Combined TRACON& Tower with Radar,262,27,42,3,334,0,0,0,0,0,262,27,42,3,334,0,0,0,334
01/04/2018,RSW,FL,ASO,ES,Combined TRACON& Tower with Radar,204,22,28,0,254,0,2,5,0,7,204,24,33,0,261,0,0,0,261
01/05/2018,RSW,FL,ASO,ES,Combined TRACON& Tower with Radar,241,15,17,4,277,0,0,15,0,15,241,15,32,4,292,0,0,0,292
01/06/2018,RSW,FL,ASO,ES,Combined TRACON& Tower with Radar,244,35,25,0,304,0,0,8,0,8,244,35,33,0,312,0,0,0,312
01/07/2018,RSW,FL,ASO,ES,Combined TRACON& Tower with Radar,246,31,14,0,291,0,0,0,0,0,246,31,14,0,291,0,0,0,291
01/08/2018,RSW,FL,ASO,ES,Combined TRACON& Tower with Radar,251,24,17,17,309,0,3,5,0,8,251,27,22,17,317,0,0,0,317
01/09/2018,RSW,FL,ASO,ES,Combined TRACON& Tower with Radar,245,26,20,0,291,0,0,0,0,0,245,26,20,0,291,0,0,0,291
01/10/2018,RSW,FL,ASO,ES,Combined TRACON& Tower with Radar,257,16,32,0,305,0,0,2,0,2,257,16,34,0,307,0,0,0,307
01/11/2018,RSW,FL,ASO,ES,Combined TRACON& Tower with Radar,255,16,26,0,297,0,2,4,0,6,255,18,30,0,303,0,0,0,303
01/12/2018,RSW,FL,ASO,ES,Combined TRACON& Tower with Radar,244,21,16,11,292,0,0,1,2,3,244,21,17,13,295,0,0,0,295
01/13/2018,RSW,FL,ASO,ES,Combined TRACON& Tower with Radar,265,14,22,2,303,0,0,4,0,4,265,14,26,2,307,0,0,0,307
01/14/2018,RSW,FL,ASO,ES,Combined TRACON& Tower with Radar,240,19,23,2,284,0,0,5,2,7,240,19,28,4,291,0,0,0,291
01/15/2018,RSW,FL,ASO,ES,Combined TRACON& Tower with Radar,243,25,18,4,290,0,1,3,2,6,243,26,21,6,296,0,0,0,296
01/16/2018,RSW,FL,ASO,ES,Combined TRACON& Tower with Radar,241,16,26,16,299,0,0,13,0,13,241,16,39,16,312,0,0,0,312
01/17/2018,RSW,FL,ASO,ES,Combined TRACON& Tower with Radar,233,20,8,9,270,0,0,0,0,0,233,20,8,9,270,0,0,0,270
01/18/2018,RSW,FL,ASO,ES,Combined TRACON& Tower with Radar,257,14,7,0,278,0,1,5,0,6,257,15,12,0,284,0,0,0,284
01/19/2018,RSW,FL,ASO,ES,Combined TRACON& Tower with Radar,258,14,18,0,290,0,0,3,0,3,258,14,21,0,293,0,0,0,293
01/20/2018,RSW,FL,ASO,ES,Combined TRACON& Tower with Radar,275,17,7,0,299,0,0,5,0,5,275,17,12,0,304,0,0,0,304
01/21/2018,RSW,FL,ASO,ES,Combined TRACON& Tower with Radar,251,23,21,0,295,0,0,3,0,3,251,23,24,0,298,0,0,0,298
01/22/2018,RSW,FL,ASO,ES,Combined TRACON& Tower with Radar,240,22,25,0,287,0,0,1,0,1,240,22,26,0,288,0,0,0,288
01/23/2018,RSW,FL,ASO,ES,Combined TRACON& Tower with Radar,237,15,15,2,269,0,0,1,0,1,237,15,16,2,270,0,0,0,270
01/24/2018,RSW,FL,ASO,ES,Combined TRACON& Tower with Radar,244,25,22,6,297,0,0,3,2,5,244,25,25,8,302,0,0,0,302
01/25/2018,RSW,FL,ASO,ES,Combined TRACON& Tower with Radar,262,14,22,0,298,0,0,11,0,11,262,14,33,0,309,0,0,0,309
01/26/2018,RSW,FL,ASO,ES,Combined TRACON& Tower with Radar,258,28,20,1,307,0,0,2,0,2,258,28,22,1,309,0,0,0,309
01/27/2018,RSW,FL,ASO,ES,Combined TRACON& Tower with Radar,276,16,9,0,301,0,0,11,0,11,276,16,20,0,312,0,0,0,312
01/28/2018,RSW,FL,ASO,ES,Combined TRACON& Tower with Radar,254,20,29,0,303,0,0,1,0,1,254,20,30,0,304,0,0,0,304
01/29/2018,RSW,FL,ASO,ES,Combined TRACON& Tower with Radar,250,20,22,0,292,0,0,0,0,0,250,20,22,0,292,0,0,0,292
01/30/2018,RSW,FL,ASO,ES,Combined TRACON& Tower with Radar,235,20,17,7,279,0,0,5,0,5,235,20,22,7,284,0,0,0,284
01/31/2018,RSW,FL,ASO,ES,Combined TRACON& Tower with Radar,250,14,15,0,279,0,2,3,0,5,250,16,18,0,284,0,0,0,284
02/01/2018,RSW,FL,ASO,ES,Combined TRACON& Tower with Radar,259,25,19,0,303,0,0,1,0,1,259,25,20,0,304,0,0,0,304
02/02/2018,RSW,FL,ASO,ES,Combined TRACON& Tower with Radar,264,19,18,2,303,1,0,10,0,11,265,19,28,2,314,0,0,0,314
02/03/2018,RSW,FL,ASO,ES,Combined TRACON& Tower with Radar,277,15,13,0,305,0,0,8,0,8,277,15,21,0,313,0,0,0,313
02/04/2018,RSW,FL,ASO,ES,Combined TRACON& Tower with Radar,229,26,17,0,272,0,0,6,0,6,229,26,23,0,278,0,0,0,278
02/05/2018,RSW,FL,ASO,ES,Combined TRACON& Tower with Radar,255,14,23,0,292,0,0,5,0,5,255,14,28,0,297,0,0,0,297
02/06/2018,RSW,FL,ASO,ES,Combined TRACON& Tower with Radar,245,14,24,9,292,0,0,9,0,9,245,14,33,9,301,0,0,0,301
02/07/2018,RSW,FL,ASO,ES,Combined TRACON& Tower with Radar,236,19,20,42,317,0,0,7,7,14,236,19,27,49,331,0,0,0,331
02/08/2018,RSW,FL,ASO,ES,Combined TRACON& Tower with Radar,258,26,22,7,313,0,0,4,3,7,258,26,26,10,320,0,0,0,320
02/09/2018,RSW,FL,ASO,ES,Combined TRACON& Tower with Radar,250,17,21,0,288,0,0,5,0,5,250,17,26,0,293,0,0,0,293
02/10/2018,RSW,FL,ASO,ES,Combined TRACON& Tower with Radar,282,17,9,10,318,0,0,2,0,2,282,17,11,10,320,0,0,0,320
02/11/2018,RSW,FL,ASO,ES,Combined TRACON& Tower with Radar,234,25,21,0,280,0,1,5,0,6,234,26,26,0,286,0,0,0,286
02/12/2018,RSW,FL,ASO,ES,Combined TRACON& Tower with Radar,255,9,16,20,300,0,0,1,0,1,255,9,17,20,301,0,0,0,301
02/13/2018,RSW,FL,ASO,ES,Combined TRACON& Tower with Radar,253,7,18,8,286,0,0,2,0,2,253,7,20,8,288,0,0,0,288
02/14/2018,RSW,FL,ASO,ES,Combined TRACON& Tower with Radar,257,12,31,39,339,0,0,1,0,1,257,12,32,39,340,0,0,0,340
02/15/2018,RSW,FL,ASO,ES,Combined TRACON& Tower with Radar,278,16,29,20,343,0,0,7,5,12,278,16,36,25,355,0,0,0,355
02/16/2018,RSW,FL,ASO,ES,Combined TRACON& Tower with Radar,283,27,28,30,368,0,0,5,0,5,283,27,33,30,373,0,0,0,373
02/17/2018,RSW,FL,ASO,ES,Combined TRACON& Tower with Radar,315,15,17,0,347,0,0,5,0,5,315,15,22,0,352,0,0,0,352
02/18/2018,RSW,FL,ASO,ES,Combined TRACON& Tower with Radar,269,21,38,0,328,0,0,7,0,7,269,21,45,0,335,0,0,0,335
02/19/2018,RSW,FL,ASO,ES,Combined TRACON& Tower with Radar,281,14,40,4,339,0,0,5,0,5,281,14,45,4,344,0,0,0,344
02/20/2018,RSW,FL,ASO,ES,Combined TRACON& Tower with Radar,282,30,28,0,340,0,1,5,1,7,282,31,33,1,347,0,0,0,347
02/21/2018,RSW,FL,ASO,ES,Combined TRACON& Tower with Radar,289,17,22,4,332,1,0,9,0,10,290,17,31,4,342,0,0,0,342
02/22/2018,RSW,FL,ASO,ES,Combined TRACON& Tower with Radar,286,19,25,10,340,0,0,9,0,9,286,19,34,10,349,0,0,0,349
02/23/2018,RSW,FL,ASO,ES,Combined TRACON& Tower with Radar,279,25,28,0,332,0,0,13,0,13,279,25,41,0,345,0,0,0,345
02/24/2018,RSW,FL,ASO,ES,Combined TRACON& Tower with Radar,333,15,20,0,368,2,0,2,0,4,335,15,22,0,372,0,0,0,372
02/25/2018,RSW,FL,ASO,ES,Combined TRACON& Tower with Radar,274,30,26,6,336,0,0,8,0,8,274,30,34,6,344,0,0,0,344
02/26/2018,RSW,FL,ASO,ES,Combined TRACON& Tower with Radar,290,23,15,35,363,0,0,8,8,16,290,23,23,43,379,0,0,0,379
02/27/2018,RSW,FL,ASO,ES,Combined TRACON& Tower with Radar,278,14,24,2,318,0,0,9,0,9,278,14,33,2,327,0,0,0,327
02/28/2018,RSW,FL,ASO,ES,Combined TRACON& Tower with Radar,285,20,22,8,335,0,0,5,0,5,285,20,27,8,340,0,0,0,340
03/01/2018,RSW,FL,ASO,ES,Combined TRACON& Tower with Radar,275,21,25,18,339,0,0,4,0,4,275,21,29,18,343,0,0,0,343
03/02/2018,RSW,FL,ASO,ES,Combined TRACON& Tower with Radar,262,24,23,0,309,0,0,4,0,4,262,24,27,0,313,0,0,0,313
03/03/2018,RSW,FL,ASO,ES,Combined TRACON& Tower with Radar,316,27,22,0,365,0,0,5,0,5,316,27,27,0,370,0,0,0,370
03/04/2018,RSW,FL,ASO,ES,Combined TRACON& Tower with Radar,274,31,16,0,321,0,0,2,0,2,274,31,18,0,323,0,0,0,323
03/05/2018,RSW,FL,ASO,ES,Combined TRACON& Tower with Radar,284,18,29,0,331,0,0,11,0,11,284,18,40,0,342,0,0,0,342
03/06/2018,RSW,FL,ASO,ES,Combined TRACON& Tower with Radar,278,21,19,0,318,0,0,12,0,12,278,21,31,0,330,0,0,0,330
03/07/2018,RSW,FL,ASO,ES,Combined TRACON& Tower with Radar,243,17,17,10,287,0,0,0,0,0,243,17,17,10,287,0,0,0,287
03/08/2018,RSW,FL,ASO,ES,Combined TRACON& Tower with Radar,300,11,15,0,326,0,0,9,0,9,300,11,24,0,335,0,0,0,335
03/09/2018,RSW,FL,ASO,ES,Combined TRACON& Tower with Radar,304,13,21,0,338,0,0,8,0,8,304,13,29,0,346,0,0,0,346
03/10/2018,RSW,FL,ASO,ES,Combined TRACON& Tower with Radar,354,21,17,3,395,0,0,3,0,3,354,21,20,3,398,0,0,0,398
03/11/2018,RSW,FL,ASO,ES,Combined TRACON& Tower with Radar,312,26,26,0,364,0,0,6,0,6,312,26,32,0,370,0,0,0,370
03/12/2018,RSW,FL,ASO,ES,Combined TRACON& Tower with Radar,305,21,17,2,345,0,0,1,0,1,305,21,18,2,346,0,0,0,346
03/13/2018,RSW,FL,ASO,ES,Combined TRACON& Tower with Radar,273,21,22,0,316,0,0,9,0,9,273,21,31,0,325,0,0,0,325
03/14/2018,RSW,FL,ASO,ES,Combined TRACON& Tower with Radar,298,18,24,0,340,0,0,8,0,8,298,18,32,0,348,0,0,0,348
03/15/2018,RSW,FL,ASO,ES,Combined TRACON& Tower with Radar,300,24,22,5,351,0,0,2,0,2,300,24,24,5,353,0,0,0,353
03/16/2018,RSW,FL,ASO,ES,Combined TRACON& Tower with Radar,302,21,12,0,335,0,0,4,0,4,302,21,16,0,339,0,0,0,339
03/17/2018,RSW,FL,ASO,ES,Combined TRACON& Tower with Radar,351,24,15,0,390,0,0,2,0,2,351,24,17,0,392,0,0,0,392
03/18/2018,RSW,FL,ASO,ES,Combined TRACON& Tower with Radar,311,25,21,2,359,0,0,9,1,10,311,25,30,3,369,0,0,0,369
03/19/2018,RSW,FL,ASO,ES,Combined TRACON& Tower with Radar,309,10,18,0,337,0,0,7,0,7,309,10,25,0,344,0,0,0,344
03/20/2018,RSW,FL,ASO,ES,Combined TRACON& Tower with Radar,293,23,18,6,340,0,0,1,0,1,293,23,19,6,341,0,0,0,341
03/21/2018,RSW,FL,ASO,ES,Combined TRACON& Tower with Radar,254,13,10,0,277,0,2,1,0,3,254,15,11,0,280,0,0,0,280
03/22/2018,RSW,FL,ASO,ES,Combined TRACON& Tower with Radar,298,21,24,16,359,0,0,2,0,2,298,21,26,16,361,0,0,0,361
03/23/2018,RSW,FL,ASO,ES,Combined TRACON& Tower with Radar,306,18,16,10,350,0,0,8,0,8,306,18,24,10,358,0,0,0,358
03/24/2018,RSW,FL,ASO,ES,Combined TRACON& Tower with Radar,354,24,25,0,403,0,0,9,0,9,354,24,34,0,412,0,0,0,412
03/25/2018,RSW,FL,ASO,ES,Combined TRACON& Tower with Radar,315,29,19,0,363,0,17,8,0,25,315,46,27,0,388,0,0,0,388
03/26/2018,RSW,FL,ASO,ES,Combined TRACON& Tower with Radar,311,19,17,0,347,0,0,2,0,2,311,19,19,0,349,0,0,0,349
03/27/2018,RSW,FL,ASO,ES,Combined TRACON& Tower with Radar,302,30,20,0,352,0,0,2,0,2,302,30,22,0,354,0,0,0,354
03/28/2018,RSW,FL,ASO,ES,Combined TRACON& Tower with Radar,300,22,24,2,348,0,0,6,0,6,300,22,30,2,354,0,0,0,354
03/29/2018,RSW,FL,ASO,ES,Combined TRACON& Tower with Radar,313,16,25,6,360,0,0,5,2,7,313,16,30,8,367,0,0,0,367
03/30/2018,RSW,FL,ASO,ES,Combined TRACON& Tower with Radar,310,30,31,0,371,0,0,0,0,0,310,30,31,0,371,0,0,0,371
03/31/2018,RSW,FL,ASO,ES,Combined TRACON& Tower with Radar,351,20,26,0,397,0,0,2,0,2,351,20,28,0,399,0,0,0,399
04/01/2018,RSW,FL,ASO,ES,Combined TRACON& Tower with Radar,302,30,15,0,347,0,0,4,0,4,302,30,19,0,351,0,0,0,351
04/02/2018,RSW,FL,ASO,ES,Combined TRACON& Tower with Radar,300,31,29,0,360,0,1,4,0,5,300,32,33,0,365,0,0,0,365
04/03/2018,RSW,FL,ASO,ES,Combined TRACON& Tower with Radar,272,17,28,0,317,0,2,5,0,7,272,19,33,0,324,0,0,0,324
04/04/2018,RSW,FL,ASO,ES,Combined TRACON& Tower with Radar,277,18,19,19,333,0,0,3,0,3,277,18,22,19,336,0,0,0,336
04/05/2018,RSW,FL,ASO,ES,Combined TRACON& Tower with Radar,277,39,14,12,342,0,1,3,3,7,277,40,17,15,349,0,0,0,349
04/06/2018,RSW,FL,ASO,ES,Combined TRACON& Tower with Radar,279,24,20,6,329,0,3,3,0,6,279,27,23,6,335,0,0,0,335
04/07/2018,RSW,FL,ASO,ES,Combined TRACON& Tower with Radar,325,34,27,0,386,0,0,5,0,5,325,34,32,0,391,0,0,0,391
04/08/2018,RSW,FL,ASO,ES,Combined TRACON& Tower with Radar,228,37,28,0,293,0,1,1,0,2,228,38,29,0,295,0,0,0,295
04/09/2018,RSW,FL,ASO,ES,Combined TRACON& Tower with Radar,217,15,27,6,265,0,3,2,0,5,217,18,29,6,270,0,0,0,270
04/10/2018,RSW,FL,ASO,ES,Combined TRACON& Tower with Radar,241,29,13,0,283,0,11,3,0,14,241,40,16,0,297,0,0,0,297
04/11/2018,RSW,FL,ASO,ES,Combined TRACON& Tower with Radar,222,16,14,4,256,0,2,7,0,9,222,18,21,4,265,0,0,0,265
04/12/2018,RSW,FL,ASO,ES,Combined TRACON& Tower with Radar,203,23,29,16,271,0,0,8,0,8,203,23,37,16,279,0,0,0,279
04/13/2018,RSW,FL,ASO,ES,Combined TRACON& Tower with Radar,191,18,10,0,219,0,0,3,0,3,191,18,13,0,222,0,0,0,222
04/14/2018,RSW,FL,ASO,ES,Combined TRACON& Tower with Radar,211,14,14,0,239,0,0,5,0,5,211,14,19,0,244,0,0,0,244
04/15/2018,RSW,FL,ASO,ES,Combined TRACON& Tower with Radar,193,28,12,0,233,0,0,0,0,0,193,28,12,0,233,0,0,0,233
04/16/2018,RSW,FL,ASO,ES,Combined TRACON& Tower with Radar,191,21,28,0,240,0,0,8,0,8,191,21,36,0,248,0,0,0,248
04/17/2018,RSW,FL,ASO,ES,Combined TRACON& Tower with Radar,189,8,20,0,217,0,0,2,0,2,189,8,22,0,219,0,0,0,219
04/18/2018,RSW,FL,ASO,ES,Combined TRACON& Tower with Radar,184,28,12,0,224,0,3,6,0,9,184,31,18,0,233,0,0,0,233
04/19/2018,RSW,FL,ASO,ES,Combined TRACON& Tower with Radar,190,16,25,1,232,0,0,14,0,14,190,16,39,1,246,0,0,0,246
04/20/2018,RSW,FL,ASO,ES,Combined TRACON& Tower with Radar,189,20,19,0,228,0,0,7,0,7,189,20,26,0,235,0,0,0,235
04/21/2018,RSW,FL,ASO,ES,Combined TRACON& Tower with Radar,216,9,15,0,240,0,0,3,0,3,216,9,18,0,243,0,0,0,243
04/22/2018,RSW,FL,ASO,ES,Combined TRACON& Tower with Radar,186,15,13,0,214,0,0,0,0,0,186,15,13,0,214,0,0,0,214
04/23/2018,RSW,FL,ASO,ES,Combined TRACON& Tower with Radar,207,24,22,7,260,0,0,5,0,5,207,24,27,7,265,0,0,0,265
04/24/2018,RSW,FL,ASO,ES,Combined TRACON& Tower with Radar,178,18,10,8,214,0,0,0,0,0,178,18,10,8,214,0,0,0,214
04/25/2018,RSW,FL,ASO,ES,Combined TRACON& Tower with Radar,168,28,28,8,232,0,0,8,0,8,168,28,36,8,240,0,0,0,240
04/26/2018,RSW,FL,ASO,ES,Combined TRACON& Tower with Radar,184,23,14,0,221,0,0,8,0,8,184,23,22,0,229,0,0,0,229
04/27/2018,RSW,FL,ASO,ES,Combined TRACON& Tower with Radar,203,8,9,0,220,0,0,4,0,4,203,8,13,0,224,0,0,0,224
04/28/2018,RSW,FL,ASO,ES,Combined TRACON& Tower with Radar,203,12,29,0,244,0,0,5,0,5,203,12,34,0,249,0,0,0,249
04/29/2018,RSW,FL,ASO,ES,Combined TRACON& Tower with Radar,184,17,5,0,206,0,1,8,0,9,184,18,13,0,215,0,0,0,215
04/30/2018,RSW,FL,ASO,ES,Combined TRACON& Tower with Radar,186,17,16,0,219,0,0,0,0,0,186,17,16,0,219,0,0,0,219
05/01/2018,RSW,FL,ASO,ES,Combined TRACON& Tower with Radar,176,20,16,4,216,0,0,0,0,0,176,20,16,4,216,0,0,0,216
05/02/2018,RSW,FL,ASO,ES,Combined TRACON& Tower with Radar,154,21,21,1,197,0,0,6,1,7,154,21,27,2,204,0,0,0,204
05/03/2018,RSW,FL,ASO,ES,Combined TRACON& Tower with Radar,162,24,24,12,222,0,0,11,0,11,162,24,35,12,233,0,0,0,233
05/04/2018,RSW,FL,ASO,ES,Combined TRACON& Tower with Radar,158,19,9,2,188,0,0,2,0,2,158,19,11,2,190,0,0,0,190
05/05/2018,RSW,FL,ASO,ES,Combined TRACON& Tower with Radar,184,13,7,0,204,0,0,2,0,2,184,13,9,0,206,0,0,0,206
05/06/2018,RSW,FL,ASO,ES,Combined TRACON& Tower with Radar,166,14,18,0,198,0,0,1,0,1,166,14,19,0,199,0,0,0,199
05/07/2018,RSW,FL,ASO,ES,Combined TRACON& Tower with Radar,149,20,11,0,180,0,0,2,0,2,149,20,13,0,182,0,0,0,182
05/08/2018,RSW,FL,ASO,ES,Combined TRACON& Tower with Radar,145,18,22,0,185,0,0,7,0,7,145,18,29,0,192,0,0,0,192
05/09/2018,RSW,FL,ASO,ES,Combined TRACON& Tower with Radar,140,14,20,7,181,0,0,14,1,15,140,14,34,8,196,0,0,0,196
05/10/2018,RSW,FL,ASO,ES,Combined TRACON& Tower with Radar,148,19,14,0,181,0,0,7,0,7,148,19,21,0,188,0,0,0,188
05/11/2018,RSW,FL,ASO,ES,Combined TRACON& Tower with Radar,149,18,12,0,179,0,0,1,0,1,149,18,13,0,180,0,0,0,180
05/12/2018,RSW,FL,ASO,ES,Combined TRACON& Tower with Radar,169,16,6,0,191,0,1,8,0,9,169,17,14,0,200,0,0,0,200
05/13/2018,RSW,FL,ASO,ES,Combined TRACON& Tower with Radar,150,11,10,0,171,0,0,1,0,1,150,11,11,0,172,0,0,0,172
05/14/2018,RSW,FL,ASO,ES,Combined TRACON& Tower with Radar,162,15,9,3,189,0,0,1,0,1,162,15,10,3,190,0,0,0,190
05/15/2018,RSW,FL,ASO,ES,Combined TRACON& Tower with Radar,150,10,16,0,176,0,0,0,0,0,150,10,16,0,176,0,0,0,176
05/16/2018,RSW,FL,ASO,ES,Combined TRACON& Tower with Radar,143,14,9,0,166,0,0,4,0,4,143,14,13,0,170,0,0,0,170
05/17/2018,RSW,FL,ASO,ES,Combined TRACON& Tower with Radar,154,23,16,0,193,0,1,1,0,2,154,24,17,0,195,0,0,0,195
05/18/2018,RSW,FL,ASO,ES,Combined TRACON& Tower with Radar,149,19,12,2,182,0,2,1,0,3,149,21,13,2,185,0,0,0,185
05/19/2018,RSW,FL,ASO,ES,Combined TRACON& Tower with Radar,174,14,10,0,198,0,0,2,0,2,174,14,12,0,200,0,0,0,200
05/20/2018,RSW,FL,ASO,ES,Combined TRACON& Tower with Radar,146,19,7,6,178,0,0,1,0,1,146,19,8,6,179,0,0,0,179
05/21/2018,RSW,FL,ASO,ES,Combined TRACON& Tower with Radar,147,12,9,3,171,0,0,0,2,2,147,12,9,5,173,0,0,0,173
05/22/2018,RSW,FL,ASO,ES,Combined TRACON& Tower with Radar,147,13,18,18,196,0,0,7,0,7,147,13,25,18,203,0,0,0,203
05/23/2018,RSW,FL,ASO,ES,Combined TRACON& Tower with Radar,145,14,12,0,171,0,0,10,0,10,145,14,22,0,181,0,0,0,181
05/24/2018,RSW,FL,ASO,ES,Combined TRACON& Tower with Radar,154,15,14,0,183,0,0,8,0,8,154,15,22,0,191,0,0,0,191
05/25/2018,RSW,FL,ASO,ES,Combined TRACON& Tower with Radar,157,10,13,0,180,0,0,2,0,2,157,10,15,0,182,0,0,0,182
05/26/2018,RSW,FL,ASO,ES,Combined TRACON& Tower with Radar,165,17,4,0,186,0,0,0,0,0,165,17,4,0,186,0,0,0,186
05/27/2018,RSW,FL,ASO,ES,Combined TRACON& Tower with Radar,142,10,5,0,157,0,0,0,0,0,142,10,5,0,157,0,0,0,157
05/28/2018,RSW,FL,ASO,ES,Combined TRACON& Tower with Radar,140,16,5,0,161,0,0,0,0,0,140,16,5,0,161,0,0,0,161
05/29/2018,RSW,FL,ASO,ES,Combined TRACON& Tower with Radar,151,16,3,0,170,0,0,0,0,0,151,16,3,0,170,0,0,0,170
05/30/2018,RSW,FL,ASO,ES,Combined TRACON& Tower with Radar,142,9,10,0,161,0,2,0,0,2,142,11,10,0,163,0,0,0,163
05/31/2018,RSW,FL,ASO,ES,Combined TRACON& Tower with Radar,154,14,7,5,180,0,1,2,3,6,154,15,9,8,186,0,0,0,186
06/01/2018,RSW,FL,ASO,ES,Combined TRACON& Tower with Radar,146,11,12,2,171,0,0,1,0,1,146,11,13,2,172,0,0,0,172
06/02/2018,RSW,FL,ASO,ES,Combined TRACON& Tower with Radar,164,10,5,0,179,0,0,2,0,2,164,10,7,0,181,0,0,0,181
06/03/2018,RSW,FL,ASO,ES,Combined TRACON& Tower with Radar,150,15,10,0,175,0,0,3,0,3,150,15,13,0,178,0,0,0,178
06/04/2018,RSW,FL,ASO,ES,Combined TRACON& Tower with Radar,145,9,10,0,164,0,0,6,0,6,145,9,16,0,170,0,0,0,170
06/05/2018,RSW,FL,ASO,ES,Combined TRACON& Tower with Radar,141,14,14,6,175,0,0,12,0,12,141,14,26,6,187,0,0,0,187
06/06/2018,RSW,FL,ASO,ES,Combined TRACON& Tower with Radar,140,14,11,0,165,0,0,3,0,3,140,14,14,0,168,0,0,0,168
06/07/2018,RSW,FL,ASO,ES,Combined TRACON& Tower with Radar,146,14,17,0,177,0,1,4,0,5,146,15,21,0,182,0,0,0,182
06/08/2018,RSW,FL,ASO,ES,Combined TRACON& Tower with Radar,127,15,11,0,153,0,0,12,0,12,127,15,23,0,165,0,0,0,165
06/09/2018,RSW,FL,ASO,ES,Combined TRACON& Tower with Radar,156,8,6,0,170,0,0,2,0,2,156,8,8,0,172,0,0,0,172
06/10/2018,RSW,FL,ASO,ES,Combined TRACON& Tower with Radar,126,16,15,0,157,0,2,3,0,5,126,18,18,0,162,0,0,0,162
06/11/2018,RSW,FL,ASO,ES,Combined TRACON& Tower with Radar,117,6,7,0,130,0,0,3,0,3,117,6,10,0,133,0,0,0,133
06/12/2018,RSW,FL,ASO,ES,Combined TRACON& Tower with Radar,134,9,11,22,176,0,0,27,4,31,134,9,38,26,207,0,0,0,207
06/13/2018,RSW,FL,ASO,ES,Combined TRACON& Tower with Radar,117,11,10,0,138,0,0,3,0,3,117,11,13,0,141,0,0,0,141
06/14/2018,RSW,FL,ASO,ES,Combined TRACON& Tower with Radar,126,10,12,0,148,0,0,6,0,6,126,10,18,0,154,0,0,0,154
06/15/2018,RSW,FL,ASO,ES,Combined TRACON& Tower with Radar,110,11,7,0,128,0,0,3,0,3,110,11,10,0,131,0,0,0,131
06/16/2018,RSW,FL,ASO,ES,Combined TRACON& Tower with Radar,152,10,12,0,174,0,1,13,0,14,152,11,25,0,188,0,0,0,188
06/17/2018,RSW,FL,ASO,ES,Combined TRACON& Tower with Radar,121,7,2,0,130,0,0,3,0,3,121,7,5,0,133,0,0,0,133
06/18/2018,RSW,FL,ASO,ES,Combined TRACON& Tower with Radar,112,5,18,0,135,0,0,2,0,2,112,5,20,0,137,0,0,0,137
06/19/2018,RSW,FL,ASO,ES,Combined TRACON& Tower with Radar,119,4,22,11,156,0,0,12,0,12,119,4,34,11,168,0,0,0,168
06/20/2018,RSW,FL,ASO,ES,Combined TRACON& Tower with Radar,112,11,17,8,148,0,0,8,15,23,112,11,25,23,171,0,0,0,171
06/21/2018,RSW,FL,ASO,ES,Combined TRACON& Tower with Radar,117,8,18,4,147,0,0,15,12,27,117,8,33,16,174,30,0,30,204
06/22/2018,RSW,FL,ASO,ES,Combined TRACON& Tower with Radar,123,7,12,0,142,0,0,5,0,5,123,7,17,0,147,0,0,0,147
06/23/2018,RSW,FL,ASO,ES,Combined TRACON& Tower with Radar,152,5,3,2,162,0,0,12,0,12,152,5,15,2,174,0,0,0,174
06/24/2018,RSW,FL,ASO,ES,Combined TRACON& Tower with Radar,115,12,10,0,137,0,0,2,0,2,115,12,12,0,139,0,0,0,139
06/25/2018,RSW,FL,ASO,ES,Combined TRACON& Tower with Radar,111,15,3,0,129,0,0,3,0,3,111,15,6,0,132,0,0,0,132
06/26/2018,RSW,FL,ASO,ES,Combined TRACON& Tower with Radar,116,8,12,5,141,0,0,5,16,21,116,8,17,21,162,0,0,0,162
06/27/2018,RSW,FL,ASO,ES,Combined TRACON& Tower with Radar,109,8,10,0,127,0,2,3,0,5,109,10,13,0,132,0,0,0,132
06/28/2018,RSW,FL,ASO,ES,Combined TRACON& Tower with Radar,120,11,3,0,134,0,0,6,0,6,120,11,9,0,140,0,0,0,140
06/29/2018,RSW,FL,ASO,ES,Combined TRACON& Tower with Radar,118,14,2,0,134,0,0,3,0,3,118,14,5,0,137,0,0,0,137
06/30/2018,RSW,FL,ASO,ES,Combined TRACON& Tower with Radar,148,15,8,0,171,0,0,12,0,12,148,15,20,0,183,0,0,0,183
07/01/2018,RSW,FL,ASO,ES,Combined TRACON& Tower with Radar,123,13,5,0,141,0,0,14,0,14,123,13,19,0,155,0,0,0,155
07/02/2018,RSW,FL,ASO,ES,Combined TRACON& Tower with Radar,110,6,11,0,127,0,0,2,0,2,110,6,13,0,129,0,0,0,129
07/03/2018,RSW,FL,ASO,ES,Combined TRACON& Tower with Radar,110,11,19,0,140,0,0,3,0,3,110,11,22,0,143,0,0,0,143
07/04/2018,RSW,FL,ASO,ES,Combined TRACON& Tower with Radar,97,6,8,0,111,0,0,6,0,6,97,6,14,0,117,0,0,0,117
07/05/2018,RSW,FL,ASO,ES,Combined TRACON& Tower with Radar,129,8,7,0,144,0,2,5,0,7,129,10,12,0,151,0,0,0,151
07/06/2018,RSW,FL,ASO,ES,Combined TRACON& Tower with Radar,116,12,10,6,144,0,0,1,1,2,116,12,11,7,146,6,0,6,152
07/07/2018,RSW,FL,ASO,ES,Combined TRACON& Tower with Radar,163,11,7,0,181,0,1,4,0,5,163,12,11,0,186,0,0,0,186
07/08/2018,RSW,FL,ASO,ES,Combined TRACON& Tower with Radar,123,10,4,1,138,0,0,5,1,6,123,10,9,2,144,0,0,0,144
07/09/2018,RSW,FL,ASO,ES,Combined TRACON& Tower with Radar,118,8,6,1,133,0,0,4,1,5,118,8,10,2,138,0,0,0,138
07/10/2018,RSW,FL,ASO,ES,Combined TRACON& Tower with Radar,130,10,11,4,155,0,0,0,0,0,130,10,11,4,155,0,0,0,155
07/11/2018,RSW,FL,ASO,ES,Combined TRACON& Tower with Radar,121,9,7,6,143,0,0,2,3,5,121,9,9,9,148,0,0,0,148
07/12/2018,RSW,FL,ASO,ES,Combined TRACON& Tower with Radar,124,8,9,0,141,0,0,17,0,17,124,8,26,0,158,16,0,16,174
07/13/2018,RSW,FL,ASO,ES,Combined TRACON& Tower with Radar,117,13,12,2,144,0,0,9,0,9,117,13,21,2,153,0,0,0,153
07/14/2018,RSW,FL,ASO,ES,Combined TRACON& Tower with Radar,154,7,5,8,174,0,0,3,0,3,154,7,8,8,177,0,0,0,177
07/15/2018,RSW,FL,ASO,ES,Combined TRACON& Tower with Radar,116,6,8,0,130,0,0,4,0,4,116,6,12,0,134,0,0,0,134
07/16/2018,RSW,FL,ASO,ES,Combined TRACON& Tower with Radar,116,12,12,2,142,0,0,11,0,11,116,12,23,2,153,0,0,0,153
07/17/2018,RSW,FL,ASO,ES,Combined TRACON& Tower with Radar,115,6,14,0,135,0,0,1,0,1,115,6,15,0,136,0,0,0,136
07/18/2018,RSW,FL,ASO,ES,Combined TRACON& Tower with Radar,119,7,14,0,140,0,0,7,0,7,119,7,21,0,147,0,0,0,147
07/19/2018,RSW,FL,ASO,ES,Combined TRACON& Tower with Radar,121,14,4,0,139,0,0,10,0,10,121,14,14,0,149,0,0,0,149
07/20/2018,RSW,FL,ASO,ES,Combined TRACON& Tower with Radar,121,7,9,0,137,0,0,4,0,4,121,7,13,0,141,0,0,0,141
07/21/2018,RSW,FL,ASO,ES,Combined TRACON& Tower with Radar,162,11,8,0,181,0,0,6,0,6,162,11,14,0,187,0,0,0,187
07/22/2018,RSW,FL,ASO,ES,Combined TRACON& Tower with Radar,158,8,6,0,172,0,0,0,0,0,158,8,6,0,172,0,0,0,172
07/23/2018,RSW,FL,ASO,ES,Combined TRACON& Tower with Radar,125,11,5,0,141,0,0,2,0,2,125,11,7,0,143,0,0,0,143
07/24/2018,RSW,FL,ASO,ES,Combined TRACON& Tower with Radar,116,9,8,0,133,0,0,4,0,4,116,9,12,0,137,0,0,0,137
07/25/2018,RSW,FL,ASO,ES,Combined TRACON& Tower with Radar,112,7,12,0,131,0,0,18,0,18,112,7,30,0,149,0,0,0,149
07/26/2018,RSW,FL,ASO,ES,Combined TRACON& Tower with Radar,136,8,14,6,164,0,2,14,0,16,136,10,28,6,180,0,0,0,180
07/27/2018,RSW,FL,ASO,ES,Combined TRACON& Tower with Radar,110,12,8,1,131,0,0,4,1,5,110,12,12,2,136,0,0,0,136
07/28/2018,RSW,FL,ASO,ES,Combined TRACON& Tower with Radar,157,9,13,0,179,0,2,6,0,8,157,11,19,0,187,0,0,0,187
07/29/2018,RSW,FL,ASO,ES,Combined TRACON& Tower with Radar,123,15,9,0,147,0,0,0,0,0,123,15,9,0,147,0,0,0,147
07/30/2018,RSW,FL,ASO,ES,Combined TRACON& Tower with Radar,118,18,9,0,145,0,2,2,0,4,118,20,11,0,149,0,0,0,149
07/31/2018,RSW,FL,ASO,ES,Combined TRACON& Tower with Radar,120,9,6,16,151,0,0,1,0,1,120,9,7,16,152,0,0,0,152
08/01/2018,RSW,FL,ASO,ES,Combined TRACON& Tower with Radar,117,11,10,0,138,0,0,16,0,16,117,11,26,0,154,0,0,0,154
08/02/2018,RSW,FL,ASO,ES,Combined TRACON& Tower with Radar,120,11,5,4,140,0,0,2,0,2,120,11,7,4,142,0,0,0,142
08/03/2018,RSW,FL,ASO,ES,Combined TRACON& Tower with Radar,103,9,19,4,135,0,0,9,6,15,103,9,28,10,150,0,0,0,150
08/04/2018,RSW,FL,ASO,ES,Combined TRACON& Tower with Radar,151,5,6,0,162,0,0,7,0,7,151,5,13,0,169,0,0,0,169
08/05/2018,RSW,FL,ASO,ES,Combined TRACON& Tower with Radar,121,7,8,0,136,0,0,3,0,3,121,7,11,0,139,0,0,0,139
08/06/2018,RSW,FL,ASO,ES,Combined TRACON& Tower with Radar,117,11,14,23,165,0,0,6,0,6,117,11,20,23,171,0,0,0,171
08/07/2018,RSW,FL,ASO,ES,Combined TRACON& Tower with Radar,118,11,11,0,140,0,0,8,0,8,118,11,19,0,148,0,0,0,148
08/08/2018,RSW,FL,ASO,ES,Combined TRACON& Tower with Radar,115,8,4,0,127,1,0,2,0,3,116,8,6,0,130,0,0,0,130
08/09/2018,RSW,FL,ASO,ES,Combined TRACON& Tower with Radar,129,9,9,0,147,0,0,2,0,2,129,9,11,0,149,0,0,0,149
08/10/2018,RSW,FL,ASO,ES,Combined TRACON& Tower with Radar,146,8,9,10,173,0,0,7,0,7,146,8,16,10,180,0,0,0,180
08/11/2018,RSW,FL,ASO,ES,Combined TRACON& Tower with Radar,129,13,0,0,142,0,0,0,0,0,129,13,0,0,142,0,0,0,142
08/12/2018,RSW,FL,ASO,ES,Combined TRACON& Tower with Radar,111,8,14,0,133,0,0,3,0,3,111,8,17,0,136,0,0,0,136
08/13/2018,RSW,FL,ASO,ES,Combined TRACON& Tower with Radar,109,8,5,0,122,0,0,2,0,2,109,8,7,0,124,0,0,0,124
08/14/2018,RSW,FL,ASO,ES,Combined TRACON& Tower with Radar,118,8,14,0,140,0,0,11,0,11,118,8,25,0,151,0,0,0,151
08/15/2018,RSW,FL,ASO,ES,Combined TRACON& Tower with Radar,117,10,8,0,135,0,0,2,0,2,117,10,10,0,137,0,0,0,137
08/16/2018,RSW,FL,ASO,ES,Combined TRACON& Tower with Radar,115,6,20,9,150,0,0,1,0,1,115,6,21,9,151,0,0,0,151
08/17/2018,RSW,FL,ASO,ES,Combined TRACON& Tower with Radar,111,13,9,0,133,0,0,1,0,1,111,13,10,0,134,0,0,0,134
08/18/2018,RSW,FL,ASO,ES,Combined TRACON& Tower with Radar,121,14,8,4,147,0,0,5,0,5,121,14,13,4,152,0,0,0,152
08/19/2018,RSW,FL,ASO,ES,Combined TRACON& Tower with Radar,118,12,5,0,135,0,1,2,0,3,118,13,7,0,138,0,0,0,138
08/20/2018,RSW,FL,ASO,ES,Combined TRACON& Tower with Radar,115,9,6,0,130,0,0,0,0,0,115,9,6,0,130,0,0,0,130
08/21/2018,RSW,FL,ASO,ES,Combined TRACON& Tower with Radar,113,4,8,0,125,0,0,4,0,4,113,4,12,0,129,0,0,0,129
08/22/2018,RSW,FL,ASO,ES,Combined TRACON& Tower with Radar,118,10,1,0,129,0,0,3,0,3,118,10,4,0,132,0,0,0,132
08/23/2018,RSW,FL,ASO,ES,Combined TRACON& Tower with Radar,118,11,16,0,145,0,0,6,0,6,118,11,22,0,151,0,0,0,151
08/24/2018,RSW,FL,ASO,ES,Combined TRACON& Tower with Radar,112,15,10,0,137,0,0,1,0,1,112,15,11,0,138,0,0,0,138
08/25/2018,RSW,FL,ASO,ES,Combined TRACON& Tower with Radar,121,8,16,0,145,0,2,2,0,4,121,10,18,0,149,0,0,0,149
08/26/2018,RSW,FL,ASO,ES,Combined TRACON& Tower with Radar,107,6,5,0,118,0,0,3,0,3,107,6,8,0,121,0,0,0,121
08/27/2018,RSW,FL,ASO,ES,Combined TRACON& Tower with Radar,105,11,5,0,121,0,0,19,0,19,105,11,24,0,140,0,0,0,140
08/28/2018,RSW,FL,ASO,ES,Combined TRACON& Tower with Radar,107,12,8,7,134,0,0,15,0,15,107,12,23,7,149,0,0,0,149
08/29/2018,RSW,FL,ASO,ES,Combined TRACON& Tower with Radar,107,9,12,0,128,0,0,7,0,7,107,9,19,0,135,0,0,0,135
08/30/2018,RSW,FL,ASO,ES,Combined TRACON& Tower with Radar,115,5,12,0,132,0,0,4,0,4,115,5,16,0,136,0,0,0,136
08/31/2018,RSW,FL,ASO,ES,Combined TRACON& Tower with Radar,112,14,13,0,139,0,0,5,0,5,112,14,18,0,144,0,0,0,144
09/01/2018,RSW,FL,ASO,ES,Combined TRACON& Tower with Radar,104,6,6,0,116,0,2,3,0,5,104,8,9,0,121,0,0,0,121
09/02/2018,RSW,FL,ASO,ES,Combined TRACON& Tower with Radar,98,8,5,0,111,0,0,3,0,3,98,8,8,0,114,0,0,0,114
09/03/2018,RSW,FL,ASO,ES,Combined TRACON& Tower with Radar,105,11,10,0,126,0,0,1,0,1,105,11,11,0,127,0,0,0,127
09/04/2018,RSW,FL,ASO,ES,Combined TRACON& Tower with Radar,106,10,15,0,131,0,0,4,0,4,106,10,19,0,135,0,0,0,135
09/05/2018,RSW,FL,ASO,ES,Combined TRACON& Tower with Radar,110,13,10,5,138,0,0,3,0,3,110,13,13,5,141,0,0,0,141
09/06/2018,RSW,FL,ASO,ES,Combined TRACON& Tower with Radar,114,12,7,0,133,0,0,3,0,3,114,12,10,0,136,0,0,0,136
09/07/2018,RSW,FL,ASO,ES,Combined TRACON& Tower with Radar,107,4,11,0,122,0,0,3,1,4,107,4,14,1,126,0,0,0,126
09/08/2018,RSW,FL,ASO,ES,Combined TRACON& Tower with Radar,108,10,7,0,125,0,0,0,0,0,108,10,7,0,125,0,0,0,125
09/09/2018,RSW,FL,ASO,ES,Combined TRACON& Tower with Radar,109,10,4,0,123,0,0,1,0,1,109,10,5,0,124,0,0,0,124
09/10/2018,RSW,FL,ASO,ES,Combined TRACON& Tower with Radar,110,4,14,0,128,0,0,7,0,7,110,4,21,0,135,0,0,0,135
09/11/2018,RSW,FL,ASO,ES,Combined TRACON& Tower with Radar,105,10,8,8,131,0,0,2,0,2,105,10,10,8,133,0,0,0,133
09/12/2018,RSW,FL,ASO,ES,Combined TRACON& Tower with Radar,105,14,15,0,134,0,0,3,0,3,105,14,18,0,137,0,0,0,137
09/13/2018,RSW,FL,ASO,ES,Combined TRACON& Tower with Radar,117,13,10,6,146,0,0,6,0,6,117,13,16,6,152,0,0,0,152
09/14/2018,RSW,FL,ASO,ES,Combined TRACON& Tower with Radar,121,10,9,1,141,0,0,10,1,11,121,10,19,2,152,0,0,0,152
09/15/2018,RSW,FL,ASO,ES,Combined TRACON& Tower with Radar,114,12,5,0,131,0,0,5,0,5,114,12,10,0,136,0,0,0,136
09/16/2018,RSW,FL,ASO,ES,Combined TRACON& Tower with Radar,108,14,10,0,132,0,0,3,0,3,108,14,13,0,135,0,0,0,135
09/17/2018,RSW,FL,ASO,ES,Combined TRACON& Tower with Radar,109,19,6,0,134,0,2,1,0,3,109,21,7,0,137,0,0,0,137
09/18/2018,RSW,FL,ASO,ES,Combined TRACON& Tower with Radar,103,8,24,7,142,0,2,20,0,22,103,10,44,7,164,0,0,0,164
09/19/2018,RSW,FL,ASO,ES,Combined TRACON& Tower with Radar,108,7,18,6,139,0,0,5,1,6,108,7,23,7,145,0,0,0,145
09/20/2018,RSW,FL,ASO,ES,Combined TRACON& Tower with Radar,117,6,7,0,130,0,0,7,0,7,117,6,14,0,137,0,0,0,137
09/21/2018,RSW,FL,ASO,ES,Combined TRACON& Tower with Radar,112,10,7,0,129,0,0,3,1,4,112,10,10,1,133,0,0,0,133
09/22/2018,RSW,FL,ASO,ES,Combined TRACON& Tower with Radar,111,9,11,0,131,0,0,0,0,0,111,9,11,0,131,0,0,0,131
09/23/2018,RSW,FL,ASO,ES,Combined TRACON& Tower with Radar,109,12,4,0,125,0,0,3,0,3,109,12,7,0,128,0,0,0,128
09/24/2018,RSW,FL,ASO,ES,Combined TRACON& Tower with Radar,108,11,13,7,139,0,0,3,0,3,108,11,16,7,142,0,0,0,142
09/25/2018,RSW,FL,ASO,ES,Combined TRACON& Tower with Radar,100,7,14,0,121,0,0,6,0,6,100,7,20,0,127,0,0,0,127
09/26/2018,RSW,FL,ASO,ES,Combined TRACON& Tower with Radar,105,6,5,0,116,0,0,2,0,2,105,6,7,0,118,0,0,0,118
09/27/2018,RSW,FL,ASO,ES,Combined TRACON& Tower with Radar,114,8,11,0,133,0,2,5,0,7,114,10,16,0,140,0,0,0,140
09/28/2018,RSW,FL,ASO,ES,Combined TRACON& Tower with Radar,114,15,6,3,138,0,0,6,0,6,114,15,12,3,144,0,0,0,144
09/29/2018,RSW,FL,ASO,ES,Combined TRACON& Tower with Radar,116,9,7,0,132,0,2,3,0,5,116,11,10,0,137,0,0,0,137
09/30/2018,RSW,FL,ASO,ES,Combined TRACON& Tower with Radar,112,8,3,2,125,0,0,6,0,6,112,8,9,2,131,0,0,0,131
10/01/2018,RSW,FL,ASO,ES,Combined TRACON& Tower with Radar,115,7,10,1,133,0,0,5,0,5,115,7,15,1,138,0,0,0,138
10/02/2018,RSW,FL,ASO,ES,Combined TRACON& Tower with Radar,106,19,12,10,147,0,0,3,0,3,106,19,15,10,150,0,0,0,150
10/03/2018,RSW,FL,ASO,ES,Combined TRACON& Tower with Radar,121,13,9,20,163,0,1,3,0,4,121,14,12,20,167,0,0,0,167
10/04/2018,RSW,FL,ASO,ES,Combined TRACON& Tower with Radar,133,10,23,2,168,0,0,5,0,5,133,10,28,2,173,0,0,0,173
10/05/2018,RSW,FL,ASO,ES,Combined TRACON& Tower with Radar,136,18,15,9,178,0,0,13,0,13,136,18,28,9,191,0,0,0,191
10/06/2018,RSW,FL,ASO,ES,Combined TRACON& Tower with Radar,148,7,6,4,165,0,0,3,0,3,148,7,9,4,168,0,0,0,168
10/07/2018,RSW,FL,ASO,ES,Combined TRACON& Tower with Radar,136,12,10,0,158,0,0,3,0,3,136,12,13,0,161,0,0,0,161
10/08/2018,RSW,FL,ASO,ES,Combined TRACON& Tower with Radar,132,17,18,0,167,0,0,2,0,2,132,17,20,0,169,0,0,0,169
10/09/2018,RSW,FL,ASO,ES,Combined TRACON& Tower with Radar,122,14,12,15,163,0,0,4,0,4,122,14,16,15,167,0,0,0,167
10/10/2018,RSW,FL,ASO,ES,Combined TRACON& Tower with Radar,137,9,7,0,153,0,0,1,0,1,137,9,8,0,154,0,0,0,154
10/11/2018,RSW,FL,ASO,ES,Combined TRACON& Tower with Radar,136,13,6,0,155,0,0,0,0,0,136,13,6,0,155,0,0,0,155
10/12/2018,RSW,FL,ASO,ES,Combined TRACON& Tower with Radar,136,13,16,2,167,0,0,20,4,24,136,13,36,6,191,0,0,0,191
10/13/2018,RSW,FL,ASO,ES,Combined TRACON& Tower with Radar,155,10,8,0,173,0,0,5,0,5,155,10,13,0,178,0,0,0,178
10/14/2018,RSW,FL,ASO,ES,Combined TRACON& Tower with Radar,140,18,22,0,180,0,0,2,0,2,140,18,24,0,182,0,0,0,182
10/15/2018,RSW,FL,ASO,ES,Combined TRACON& Tower with Radar,131,13,16,0,160,0,0,5,0,5,131,13,21,0,165,0,0,0,165
10/16/2018,RSW,FL,ASO,ES,Combined TRACON& Tower with Radar,128,14,17,0,159,0,0,11,0,11,128,14,28,0,170,0,0,0,170
10/17/2018,RSW,FL,ASO,ES,Combined TRACON& Tower with Radar,133,10,9,12,164,0,0,3,0,3,133,10,12,12,167,0,0,0,167
10/18/2018,RSW,FL,ASO,ES,Combined TRACON& Tower with Radar,139,15,22,7,183,0,0,3,5,8,139,15,25,12,191,0,0,0,191
10/19/2018,RSW,FL,ASO,ES,Combined TRACON& Tower with Radar,136,18,20,6,180,0,2,11,0,13,136,20,31,6,193,0,0,0,193
10/20/2018,RSW,FL,ASO,ES,Combined TRACON& Tower with Radar,159,12,9,0,180,0,0,4,0,4,159,12,13,0,184,0,0,0,184
10/21/2018,RSW,FL,ASO,ES,Combined TRACON& Tower with Radar,139,20,7,0,166,0,0,4,0,4,139,20,11,0,170,0,0,0,170
10/22/2018,RSW,FL,ASO,ES,Combined TRACON& Tower with Radar,137,13,16,0,166,0,0,0,0,0,137,13,16,0,166,0,0,0,166
10/23/2018,RSW,FL,ASO,ES,Combined TRACON& Tower with Radar,127,15,12,2,156,0,0,9,0,9,127,15,21,2,165,0,0,0,165
10/24/2018,RSW,FL,ASO,ES,Combined TRACON& Tower with Radar,136,24,25,0,185,0,0,3,0,3,136,24,28,0,188,0,0,0,188
10/25/2018,RSW,FL,ASO,ES,Combined TRACON& Tower with Radar,140,15,7,8,170,0,6,5,0,11,140,21,12,8,181,0,0,0,181
10/26/2018,RSW,FL,ASO,ES,Combined TRACON& Tower with Radar,134,13,17,0,164,0,0,5,0,5,134,13,22,0,169,0,0,0,169
10/27/2018,RSW,FL,ASO,ES,Combined TRACON& Tower with Radar,145,14,14,6,179,0,0,3,0,3,145,14,17,6,182,0,0,0,182
10/28/2018,RSW,FL,ASO,ES,Combined TRACON& Tower with Radar,143,12,7,2,164,0,2,4,0,6,143,14,11,2,170,0,0,0,170
10/29/2018,RSW,FL,ASO,ES,Combined TRACON& Tower with Radar,151,21,12,10,194,0,0,4,0,4,151,21,16,10,198,0,0,0,198
10/30/2018,RSW,FL,ASO,ES,Combined TRACON& Tower with Radar,134,15,14,1,164,0,2,14,0,16,134,17,28,1,180,0,0,0,180
10/31/2018,RSW,FL,ASO,ES,Combined TRACON& Tower with Radar,138,22,24,2,186,0,0,8,2,10,138,22,32,4,196,0,0,0,196
11/01/2018,RSW,FL,ASO,ES,Combined TRACON& Tower with Radar,145,23,16,18,202,0,1,0,0,1,145,24,16,18,203,0,0,0,203
11/02/2018,RSW,FL,ASO,ES,Combined TRACON& Tower with Radar,159,11,14,11,195,0,0,2,0,2,159,11,16,11,197,0,0,0,197
11/03/2018,RSW,FL,ASO,ES,Combined TRACON& Tower with Radar,162,19,10,0,191,0,0,6,2,8,162,19,16,2,199,0,0,0,199
11/04/2018,RSW,FL,ASO,ES,Combined TRACON& Tower with Radar,165,11,7,0,183,0,0,1,0,1,165,11,8,0,184,0,0,0,184
11/05/2018,RSW,FL,ASO,ES,Combined TRACON& Tower with Radar,166,16,17,9,208,0,0,5,0,5,166,16,22,9,213,0,0,0,213
11/06/2018,RSW,FL,ASO,ES,Combined TRACON& Tower with Radar,161,15,19,39,234,0,0,6,0,6,161,15,25,39,240,0,0,0,240
11/07/2018,RSW,FL,ASO,ES,Combined TRACON& Tower with Radar,170,11,21,47,249,0,0,8,9,17,170,11,29,56,266,0,0,0,266
11/08/2018,RSW,FL,ASO,ES,Combined TRACON& Tower with Radar,189,10,19,14,232,0,0,3,0,3,189,10,22,14,235,0,0,0,235
11/09/2018,RSW,FL,ASO,ES,Combined TRACON& Tower with Radar,194,21,14,10,239,0,0,1,11,12,194,21,15,21,251,0,0,0,251
11/10/2018,RSW,FL,ASO,ES,Combined TRACON& Tower with Radar,208,12,14,0,234,0,0,3,0,3,208,12,17,0,237,0,0,0,237
11/11/2018,RSW,FL,ASO,ES,Combined TRACON& Tower with Radar,188,13,18,2,221,0,0,7,0,7,188,13,25,2,228,0,0,0,228
11/12/2018,RSW,FL,ASO,ES,Combined TRACON& Tower with Radar,190,11,28,0,229,0,0,4,0,4,190,11,32,0,233,0,0,0,233
11/13/2018,RSW,FL,ASO,ES,Combined TRACON& Tower with Radar,187,8,27,5,227,0,2,6,0,8,187,10,33,5,235,0,0,0,235
11/14/2018,RSW,FL,ASO,ES,Combined TRACON& Tower with Radar,198,13,29,14,254,0,0,0,0,0,198,13,29,14,254,0,0,0,254
11/15/2018,RSW,FL,ASO,ES,Combined TRACON& Tower with Radar,191,13,25,5,234,0,0,2,0,2,191,13,27,5,236,0,0,0,236
11/16/2018,RSW,FL,ASO,ES,Combined TRACON& Tower with Radar,212,20,16,13,261,0,1,13,6,20,212,21,29,19,281,0,0,0,281
11/17/2018,RSW,FL,ASO,ES,Combined TRACON& Tower with Radar,230,18,14,0,262,0,0,7,0,7,230,18,21,0,269,0,0,0,269
11/18/2018,RSW,FL,ASO,ES,Combined TRACON& Tower with Radar,216,20,13,0,249,0,0,5,0,5,216,20,18,0,254,0,0,0,254
11/19/2018,RSW,FL,ASO,ES,Combined TRACON& Tower with Radar,215,18,11,0,244,0,0,0,0,0,215,18,11,0,244,0,0,0,244
11/20/2018,RSW,FL,ASO,ES,Combined TRACON& Tower with Radar,238,22,28,0,288,0,0,4,0,4,238,22,32,0,292,0,0,0,292
11/21/2018,RSW,FL,ASO,ES,Combined TRACON& Tower with Radar,230,15,31,3,279,0,0,4,0,4,230,15,35,3,283,0,0,0,283
11/22/2018,RSW,FL,ASO,ES,Combined TRACON& Tower with Radar,165,9,2,0,176,0,0,0,0,0,165,9,2,0,176,0,0,0,176
11/23/2018,RSW,FL,ASO,ES,Combined TRACON& Tower with Radar,204,5,18,0,227,0,0,6,0,6,204,5,24,0,233,0,0,0,233
11/24/2018,RSW,FL,ASO,ES,Combined TRACON& Tower with Radar,242,19,23,0,284,0,1,4,0,5,242,20,27,0,289,0,0,0,289
11/25/2018,RSW,FL,ASO,ES,Combined TRACON& Tower with Radar,230,16,22,0,268,0,0,2,0,2,230,16,24,0,270,0,0,0,270
11/26/2018,RSW,FL,ASO,ES,Combined TRACON& Tower with Radar,210,27,19,0,256,0,11,3,0,14,210,38,22,0,270,0,0,0,270
11/27/2018,RSW,FL,ASO,ES,Combined TRACON& Tower with Radar,198,12,20,0,230,0,2,4,0,6,198,14,24,0,236,0,0,0,236
11/28/2018,RSW,FL,ASO,ES,Combined TRACON& Tower with Radar,193,10,17,4,224,0,2,5,3,10,193,12,22,7,234,0,0,0,234
11/29/2018,RSW,FL,ASO,ES,Combined TRACON& Tower with Radar,211,8,22,5,246,0,0,4,0,4,211,8,26,5,250,0,0,0,250
11/30/2018,RSW,FL,ASO,ES,Combined TRACON& Tower with Radar,218,13,25,0,256,0,0,4,0,4,218,13,29,0,260,0,0,0,260
12/01/2018,RSW,FL,ASO,ES,Combined TRACON& Tower with Radar,218,13,11,4,246,0,0,3,0,3,218,13,14,4,249,0,0,0,249
12/02/2018,RSW,FL,ASO,ES,Combined TRACON& Tower with Radar,201,14,14,0,229,0,0,0,0,0,201,14,14,0,229,0,0,0,229
12/03/2018,RSW,FL,ASO,ES,Combined TRACON& Tower with Radar,198,8,12,3,221,0,0,1,1,2,198,8,13,4,223,0,0,0,223
12/04/2018,RSW,FL,ASO,ES,Combined TRACON& Tower with Radar,184,3,12,5,204,0,0,1,0,1,184,3,13,5,205,0,0,0,205
12/05/2018,RSW,FL,ASO,ES,Combined TRACON& Tower with Radar,193,8,20,0,221,0,0,9,0,9,193,8,29,0,230,0,0,0,230
12/06/2018,RSW,FL,ASO,ES,Combined TRACON& Tower with Radar,209,16,19,4,248,0,0,12,0,12,209,16,31,4,260,0,0,0,260
12/07/2018,RSW,FL,ASO,ES,Combined TRACON& Tower with Radar,215,20,13,10,258,0,0,9,0,9,215,20,22,10,267,0,0,0,267
12/08/2018,RSW,FL,ASO,ES,Combined TRACON& Tower with Radar,215,15,19,0,249,0,0,6,0,6,215,15,25,0,255,0,0,0,255
12/09/2018,RSW,FL,ASO,ES,Combined TRACON& Tower with Radar,200,17,11,0,228,0,1,0,0,1,200,18,11,0,229,0,0,0,229
12/10/2018,RSW,FL,ASO,ES,Combined TRACON& Tower with Radar,194,6,14,6,220,0,1,1,0,2,194,7,15,6,222,0,0,0,222
12/11/2018,RSW,FL,ASO,ES,Combined TRACON& Tower with Radar,183,10,20,0,213,0,0,12,0,12,183,10,32,0,225,0,0,0,225
12/12/2018,RSW,FL,ASO,ES,Combined TRACON& Tower with Radar,186,13,35,0,234,0,0,11,0,11,186,13,46,0,245,0,0,0,245
12/13/2018,RSW,FL,ASO,ES,Combined TRACON& Tower with Radar,207,19,24,1,251,0,0,6,0,6,207,19,30,1,257,0,0,0,257
12/14/2018,RSW,FL,ASO,ES,Combined TRACON& Tower with Radar,211,6,20,0,237,0,0,0,0,0,211,6,20,0,237,0,0,0,237
12/15/2018,RSW,FL,ASO,ES,Combined TRACON& Tower with Radar,210,11,17,0,238,1,0,5,0,6,211,11,22,0,244,0,0,0,244
12/16/2018,RSW,FL,ASO,ES,Combined TRACON& Tower with Radar,204,10,6,2,222,0,0,10,0,10,204,10,16,2,232,0,0,0,232
12/17/2018,RSW,FL,ASO,ES,Combined TRACON& Tower with Radar,204,12,21,11,248,0,0,10,0,10,204,12,31,11,258,0,0,0,258
12/18/2018,RSW,FL,ASO,ES,Combined TRACON& Tower with Radar,195,6,25,6,232,0,0,5,2,7,195,6,30,8,239,0,0,0,239
12/19/2018,RSW,FL,ASO,ES,Combined TRACON& Tower with Radar,228,19,25,0,272,0,0,3,0,3,228,19,28,0,275,0,0,0,275
12/20/2018,RSW,FL,ASO,ES,Combined TRACON& Tower with Radar,291,8,25,0,324,0,0,0,0,0,291,8,25,0,324,0,0,0,324
12/21/2018,RSW,FL,ASO,ES,Combined TRACON& Tower with Radar,261,18,11,4,294,0,0,0,0,0,261,18,11,4,294,0,0,0,294
12/22/2018,RSW,FL,ASO,ES,Combined TRACON& Tower with Radar,300,13,23,0,336,0,0,7,0,7,300,13,30,0,343,0,0,0,343
12/23/2018,RSW,FL,ASO,ES,Combined TRACON& Tower with Radar,288,15,12,0,315,0,0,3,0,3,288,15,15,0,318,0,0,0,318
12/24/2018,RSW,FL,ASO,ES,Combined TRACON& Tower with Radar,236,4,6,3,249,0,0,6,0,6,236,4,12,3,255,0,0,0,255
12/25/2018,RSW,FL,ASO,ES,Combined TRACON& Tower with Radar,259,18,8,0,285,0,0,2,0,2,259,18,10,0,287,0,0,0,287
12/26/2018,RSW,FL,ASO,ES,Combined TRACON& Tower with Radar,298,42,43,0,383,0,0,6,0,6,298,42,49,0,389,0,0,0,389
12/27/2018,RSW,FL,ASO,ES,Combined TRACON& Tower with Radar,290,29,59,0,378,0,0,0,0,0,290,29,59,0,378,0,0,0,378
12/28/2018,RSW,FL,ASO,ES,Combined TRACON& Tower with Radar,291,31,20,2,344,0,3,0,2,5,291,34,20,4,349,0,0,0,349
12/29/2018,RSW,FL,ASO,ES,Combined TRACON& Tower with Radar,304,27,21,0,352,0,0,1,0,1,304,27,22,0,353,0,0,0,353
12/30/2018,RSW,FL,ASO,ES,Combined TRACON& Tower with Radar,302,15,23,0,340,0,0,5,0,5,302,15,28,0,345,0,0,0,345
12/31/2018,RSW,FL,ASO,ES,Combined TRACON& Tower with Radar,256,20,8,0,284,0,0,4,0,4,256,20,12,0,288,0,0,0,288
01/01/2019,RSW,FL,ASO,ES,Combined TRACON& Tower with Radar,278,10,19,0,307,0,2,2,0,4,278,12,21,0,311,0,0,0,311
01/02/2019,RSW,FL,ASO,ES,Combined TRACON& Tower with Radar,300,16,40,0,356,0,0,14,0,14,300,16,54,0,370,0,0,0,370
01/03/2019,RSW,FL,ASO,ES,Combined TRACON& Tower with Radar,273,22,37,0,332,0,0,4,0,4,273,22,41,0,336,0,0,0,336
01/04/2019,RSW,FL,ASO,ES,Combined TRACON& Tower with Radar,270,17,15,8,310,0,0,2,0,2,270,17,17,8,312,0,0,0,312
01/05/2019,RSW,FL,ASO,ES,Combined TRACON& Tower with Radar,265,14,26,0,305,0,0,0,0,0,265,14,26,0,305,0,0,0,305
01/06/2019,RSW,FL,ASO,ES,Combined TRACON& Tower with Radar,262,13,28,0,303,0,0,6,0,6,262,13,34,0,309,0,0,0,309
01/07/2019,RSW,FL,ASO,ES,Combined TRACON& Tower with Radar,264,3,18,0,285,0,1,12,0,13,264,4,30,0,298,0,0,0,298
01/08/2019,RSW,FL,ASO,ES,Combined TRACON& Tower with Radar,256,9,16,1,282,0,4,9,0,13,256,13,25,1,295,0,0,0,295
01/09/2019,RSW,FL,ASO,ES,Combined TRACON& Tower with Radar,261,9,30,9,309,0,0,6,0,6,261,9,36,9,315,0,0,0,315
01/10/2019,RSW,FL,ASO,ES,Combined TRACON& Tower with Radar,271,13,15,0,299,0,0,6,0,6,271,13,21,0,305,0,0,0,305
01/11/2019,RSW,FL,ASO,ES,Combined TRACON& Tower with Radar,267,14,27,0,308,0,0,10,0,10,267,14,37,0,318,0,0,0,318
01/12/2019,RSW,FL,ASO,ES,Combined TRACON& Tower with Radar,284,7,13,0,304,0,0,6,0,6,284,7,19,0,310,0,0,0,310
01/13/2019,RSW,FL,ASO,ES,Combined TRACON& Tower with Radar,250,5,4,0,259,0,0,4,0,4,250,5,8,0,263,0,0,0,263
01/14/2019,RSW,FL,ASO,ES,Combined TRACON& Tower with Radar,269,16,10,9,304,0,0,4,0,4,269,16,14,9,308,0,0,0,308
01/15/2019,RSW,FL,ASO,ES,Combined TRACON& Tower with Radar,240,11,11,0,262,0,0,11,0,11,240,11,22,0,273,0,0,0,273
01/16/2019,RSW,FL,ASO,ES,Combined TRACON& Tower with Radar,243,20,22,0,285,0,0,4,0,4,243,20,26,0,289,0,0,0,289
01/17/2019,RSW,FL,ASO,ES,Combined TRACON& Tower with Radar,266,19,19,2,306,0,2,5,3,10,266,21,24,5,316,0,0,0,316
01/18/2019,RSW,FL,ASO,ES,Combined TRACON& Tower with Radar,266,18,25,4,313,0,0,7,0,7,266,18,32,4,320,0,0,0,320
01/19/2019,RSW,FL,ASO,ES,Combined TRACON& Tower with Radar,252,11,15,0,278,0,0,3,0,3,252,11,18,0,281,0,0,0,281
01/20/2019,RSW,FL,ASO,ES,Combined TRACON& Tower with Radar,219,5,19,0,243,0,0,0,0,0,219,5,19,0,243,0,0,0,243
01/21/2019,RSW,FL,ASO,ES,Combined TRACON& Tower with Radar,246,35,28,3,312,0,2,13,0,15,246,37,41,3,327,0,0,0,327
01/22/2019,RSW,FL,ASO,ES,Combined TRACON& Tower with Radar,237,20,11,0,268,0,2,12,0,14,237,22,23,0,282,0,0,0,282
01/23/2019,RSW,FL,ASO,ES,Combined TRACON& Tower with Radar,241,10,13,32,296,0,1,5,0,6,241,11,18,32,302,0,0,0,302
01/24/2019,RSW,FL,ASO,ES,Combined TRACON& Tower with Radar,275,11,10,0,296,0,0,3,0,3,275,11,13,0,299,0,0,0,299
01/25/2019,RSW,FL,ASO,ES,Combined TRACON& Tower with Radar,268,12,29,0,309,0,1,9,0,10,268,13,38,0,319,0,0,0,319
01/26/2019,RSW,FL,ASO,ES,Combined TRACON& Tower with Radar,291,11,17,3,322,0,0,0,5,5,291,11,17,8,327,0,0,0,327
01/27/2019,RSW,FL,ASO,ES,Combined TRACON& Tower with Radar,255,22,14,0,291,0,0,0,2,2,255,22,14,2,293,0,0,0,293
01/28/2019,RSW,FL,ASO,ES,Combined TRACON& Tower with Radar,233,17,20,0,270,0,1,4,0,5,233,18,24,0,275,0,0,0,275
01/29/2019,RSW,FL,ASO,ES,Combined TRACON& Tower with Radar,225,12,20,0,257,0,0,4,0,4,225,12,24,0,261,0,0,0,261
01/30/2019,RSW,FL,ASO,ES,Combined TRACON& Tower with Radar,219,5,31,6,261,0,1,4,0,5,219,6,35,6,266,0,0,0,266
01/31/2019,RSW,FL,ASO,ES,Combined TRACON& Tower with Radar,239,4,35,14,292,0,0,4,4,8,239,4,39,18,300,0,10,10,310
02/01/2019,RSW,FL,ASO,ES,Combined TRACON& Tower with Radar,268,19,20,9,316,0,0,1,2,3,268,19,21,11,319,0,0,0,319
02/02/2019,RSW,FL,ASO,ES,Combined TRACON& Tower with Radar,286,17,12,0,315,0,0,14,0,14,286,17,26,0,329,0,0,0,329
02/03/2019,RSW,FL,ASO,ES,Combined TRACON& Tower with Radar,247,5,7,0,259,0,0,1,0,1,247,5,8,0,260,0,0,0,260
02/04/2019,RSW,FL,ASO,ES,Combined TRACON& Tower with Radar,262,12,8,0,282,0,2,3,0,5,262,14,11,0,287,0,0,0,287
02/05/2019,RSW,FL,ASO,ES,Combined TRACON& Tower with Radar,238,8,13,11,270,0,1,2,0,3,238,9,15,11,273,0,0,0,273
02/06/2019,RSW,FL,ASO,ES,Combined TRACON& Tower with Radar,245,16,22,0,283,0,0,10,0,10,245,16,32,0,293,0,0,0,293
02/07/2019,RSW,FL,ASO,ES,Combined TRACON& Tower with Radar,268,20,21,0,309,0,0,11,0,11,268,20,32,0,320,0,0,0,320
02/08/2019,RSW,FL,ASO,ES,Combined TRACON& Tower with Radar,264,10,33,0,307,0,0,10,0,10,264,10,43,0,317,0,0,0,317
02/09/2019,RSW,FL,ASO,ES,Combined TRACON& Tower with Radar,290,12,18,0,320,0,0,4,0,4,290,12,22,0,324,0,0,0,324
02/10/2019,RSW,FL,ASO,ES,Combined TRACON& Tower with Radar,254,23,13,2,292,0,0,3,12,15,254,23,16,14,307,0,0,0,307
02/11/2019,RSW,FL,ASO,ES,Combined TRACON& Tower with Radar,264,18,11,12,305,0,0,3,4,7,264,18,14,16,312,0,0,0,312
02/12/2019,RSW,FL,ASO,ES,Combined TRACON& Tower with Radar,220,14,31,15,280,0,0,10,0,10,220,14,41,15,290,0,0,0,290
02/13/2019,RSW,FL,ASO,ES,Combined TRACON& Tower with Radar,245,23,33,0,301,0,0,1,0,1,245,23,34,0,302,0,0,0,302
02/14/2019,RSW,FL,ASO,ES,Combined TRACON& Tower with Radar,293,10,34,0,337,0,2,4,0,6,293,12,38,0,343,0,0,0,343
02/15/2019,RSW,FL,ASO,ES,Combined TRACON& Tower with Radar,286,18,31,0,335,0,0,4,0,4,286,18,35,0,339,0,0,0,339
02/16/2019,RSW,FL,ASO,ES,Combined TRACON& Tower with Radar,317,16,22,0,355,0,2,6,0,8,317,18,28,0,363,0,0,0,363
02/17/2019,RSW,FL,ASO,ES,Combined TRACON& Tower with Radar,269,16,18,0,303,0,6,2,0,8,269,22,20,0,311,0,0,0,311
02/18/2019,RSW,FL,ASO,ES,Combined TRACON& Tower with Radar,284,17,35,0,336,0,0,0,0,0,284,17,35,0,336,0,0,0,336
02/19/2019,RSW,FL,ASO,ES,Combined TRACON& Tower with Radar,288,19,27,18,352,0,0,13,28,41,288,19,40,46,393,0,44,44,437
02/20/2019,RSW,FL,ASO,ES,Combined TRACON& Tower with Radar,272,26,15,6,319,0,0,3,0,3,272,26,18,6,322,0,0,0,322
02/21/2019,RSW,FL,ASO,ES,Combined TRACON& Tower with Radar,282,14,17,17,330,0,0,4,2,6,282,14,21,19,336,0,0,0,336
02/22/2019,RSW,FL,ASO,ES,Combined TRACON& Tower with Radar,284,19,22,2,327,0,1,3,3,7,284,20,25,5,334,0,0,0,334
02/23/2019,RSW,FL,ASO,ES,Combined TRACON& Tower with Radar,313,11,12,0,336,0,0,12,0,12,313,11,24,0,348,0,0,0,348
02/24/2019,RSW,FL,ASO,ES,Combined TRACON& Tower with Radar,279,11,28,0,318,0,0,6,0,6,279,11,34,0,324,0,0,0,324
02/25/2019,RSW,FL,ASO,ES,Combined TRACON& Tower with Radar,278,6,24,22,330,0,1,0,2,3,278,7,24,24,333,0,4,4,337
02/26/2019,RSW,FL,ASO,ES,Combined TRACON& Tower with Radar,289,12,25,0,326,0,0,6,0,6,289,12,31,0,332,0,0,0,332
02/27/2019,RSW,FL,ASO,ES,Combined TRACON& Tower with Radar,289,19,23,11,342,0,0,5,0,5,289,19,28,11,347,0,0,0,347
02/28/2019,RSW,FL,ASO,ES,Combined TRACON& Tower with Radar,296,12,20,2,330,0,1,6,0,7,296,13,26,2,337,0,0,0,337
03/01/2019,RSW,FL,ASO,ES,Combined TRACON& Tower with Radar,288,20,42,4,354,0,0,4,0,4,288,20,46,4,358,0,0,0,358
03/02/2019,RSW,FL,ASO,ES,Combined TRACON& Tower with Radar,327,14,21,0,362,0,0,2,0,2,327,14,23,0,364,0,0,0,364
03/03/2019,RSW,FL,ASO,ES,Combined TRACON& Tower with Radar,277,14,16,4,311,0,2,12,0,14,277,16,28,4,325,0,0,0,325
03/04/2019,RSW,FL,ASO,ES,Combined TRACON& Tower with Radar,270,17,7,0,294,0,2,0,0,2,270,19,7,0,296,0,0,0,296
03/05/2019,RSW,FL,ASO,ES,Combined TRACON& Tower with Radar,294,8,12,0,314,0,0,2,0,2,294,8,14,0,316,0,0,0,316
03/06/2019,RSW,FL,ASO,ES,Combined TRACON& Tower with Radar,284,11,12,3,310,0,0,5,1,6,284,11,17,4,316,0,0,0,316
03/07/2019,RSW,FL,ASO,ES,Combined TRACON& Tower with Radar,315,10,8,0,333,0,0,4,0,4,315,10,12,0,337,0,0,0,337
03/08/2019,RSW,FL,ASO,ES,Combined TRACON& Tower with Radar,319,14,14,0,347,0,5,8,0,13,319,19,22,0,360,0,0,0,360
03/09/2019,RSW,FL,ASO,ES,Combined TRACON& Tower with Radar,357,14,23,0,394,0,0,7,0,7,357,14,30,0,401,0,0,0,401
03/10/2019,RSW,FL,ASO,ES,Combined TRACON& Tower with Radar,310,15,15,0,340,0,0,1,0,1,310,15,16,0,341,0,0,0,341
03/11/2019,RSW,FL,ASO,ES,Combined TRACON& Tower with Radar,306,9,10,0,325,0,1,2,0,3,306,10,12,0,328,0,0,0,328
03/12/2019,RSW,FL,ASO,ES,Combined TRACON& Tower with Radar,316,6,29,0,351,0,0,6,0,6,316,6,35,0,357,0,0,0,357
03/13/2019,RSW,FL,ASO,ES,Combined TRACON& Tower with Radar,309,13,37,11,370,0,0,6,0,6,309,13,43,11,376,0,0,0,376
03/14/2019,RSW,FL,ASO,ES,Combined TRACON& Tower with Radar,312,16,16,2,346,0,1,5,2,8,312,17,21,4,354,0,0,0,354
03/15/2019,RSW,FL,ASO,ES,Combined TRACON& Tower with Radar,309,16,30,4,359,0,0,15,0,15,309,16,45,4,374,0,0,0,374
03/16/2019,RSW,FL,ASO,ES,Combined TRACON& Tower with Radar,363,28,27,7,425,0,0,0,2,2,363,28,27,9,427,0,0,0,427
03/17/2019,RSW,FL,ASO,ES,Combined TRACON& Tower with Radar,305,27,33,0,365,0,1,4,0,5,305,28,37,0,370,0,0,0,370
03/18/2019,RSW,FL,ASO,ES,Combined TRACON& Tower with Radar,311,19,18,0,348,0,0,6,0,6,311,19,24,0,354,0,0,0,354
03/19/2019,RSW,FL,ASO,ES,Combined TRACON& Tower with Radar,321,16,4,0,341,0,0,0,0,0,321,16,4,0,341,0,0,0,341
03/20/2019,RSW,FL,ASO,ES,Combined TRACON& Tower with Radar,310,20,15,11,356,0,0,1,0,1,310,20,16,11,357,0,0,0,357
03/21/2019,RSW,FL,ASO,ES,Combined TRACON& Tower with Radar,321,11,25,10,367,0,0,7,0,7,321,11,32,10,374,0,0,0,374
03/22/2019,RSW,FL,ASO,ES,Combined TRACON& Tower with Radar,318,16,19,9,362,0,0,6,0,6,318,16,25,9,368,0,0,0,368
03/23/2019,RSW,FL,ASO,ES,Combined TRACON& Tower with Radar,364,12,38,4,418,0,2,2,0,4,364,14,40,4,422,0,0,0,422
03/24/2019,RSW,FL,ASO,ES,Combined TRACON& Tower with Radar,316,19,21,0,356,0,0,1,0,1,316,19,22,0,357,0,0,0,357
03/25/2019,RSW,FL,ASO,ES,Combined TRACON& Tower with Radar,313,23,23,0,359,0,0,9,0,9,313,23,32,0,368,0,0,0,368
03/26/2019,RSW,FL,ASO,ES,Combined TRACON& Tower with Radar,317,8,26,8,359,0,0,8,0,8,317,8,34,8,367,0,0,0,367
03/27/2019,RSW,FL,ASO,ES,Combined TRACON& Tower with Radar,315,11,22,0,348,0,2,7,0,9,315,13,29,0,357,0,0,0,357
03/28/2019,RSW,FL,ASO,ES,Combined TRACON& Tower with Radar,324,16,29,0,369,0,0,7,0,7,324,16,36,0,376,0,0,0,376
03/29/2019,RSW,FL,ASO,ES,Combined TRACON& Tower with Radar,319,19,11,10,359,0,0,1,6,7,319,19,12,16,366,0,0,0,366
03/30/2019,RSW,FL,ASO,ES,Combined TRACON& Tower with Radar,368,15,28,0,411,0,0,15,0,15,368,15,43,0,426,0,0,0,426
03/31/2019,RSW,FL,ASO,ES,Combined TRACON& Tower with Radar,308,20,24,0,352,0,3,14,0,17,308,23,38,0,369,0,0,0,369
04/01/2019,RSW,FL,ASO,ES,Combined TRACON& Tower with Radar,304,8,12,8,332,0,0,3,2,5,304,8,15,10,337,0,0,0,337
04/02/2019,RSW,FL,ASO,ES,Combined TRACON& Tower with Radar,286,19,15,3,323,0,0,3,0,3,286,19,18,3,326,0,0,0,326
04/03/2019,RSW,FL,ASO,ES,Combined TRACON& Tower with Radar,293,21,15,2,331,0,0,7,0,7,293,21,22,2,338,0,0,0,338
04/04/2019,RSW,FL,ASO,ES,Combined TRACON& Tower with Radar,297,11,12,0,320,0,0,3,0,3,297,11,15,0,323,0,0,0,323
04/05/2019,RSW,FL,ASO,ES,Combined TRACON& Tower with Radar,305,10,14,0,329,0,0,3,0,3,305,10,17,0,332,0,0,0,332
04/06/2019,RSW,FL,ASO,ES,Combined TRACON& Tower with Radar,338,16,24,3,381,0,1,8,2,11,338,17,32,5,392,0,0,0,392
04/07/2019,RSW,FL,ASO,ES,Combined TRACON& Tower with Radar,295,22,14,0,331,0,0,1,0,1,295,22,15,0,332,0,0,0,332
04/08/2019,RSW,FL,ASO,ES,Combined TRACON& Tower with Radar,256,20,11,0,287,0,0,5,0,5,256,20,16,0,292,0,0,0,292
04/09/2019,RSW,FL,ASO,ES,Combined TRACON& Tower with Radar,240,13,13,0,266,0,0,4,0,4,240,13,17,0,270,0,0,0,270
04/10/2019,RSW,FL,ASO,ES,Combined TRACON& Tower with Radar,247,18,21,0,286,0,0,6,0,6,247,18,27,0,292,0,0,0,292
04/11/2019,RSW,FL,ASO,ES,Combined TRACON& Tower with Radar,244,13,7,5,269,0,0,5,0,5,244,13,12,5,274,0,0,0,274
04/12/2019,RSW,FL,ASO,ES,Combined TRACON& Tower with Radar,242,15,43,2,302,0,0,9,0,9,242,15,52,2,311,0,0,0,311
04/13/2019,RSW,FL,ASO,ES,Combined TRACON& Tower with Radar,285,14,23,0,322,0,2,3,0,5,285,16,26,0,327,0,0,0,327
04/14/2019,RSW,FL,ASO,ES,Combined TRACON& Tower with Radar,231,14,22,0,267,0,0,2,0,2,231,14,24,0,269,0,0,0,269
04/15/2019,RSW,FL,ASO,ES,Combined TRACON& Tower with Radar,242,17,14,0,273,0,0,0,0,0,242,17,14,0,273,0,0,0,273
04/16/2019,RSW,FL,ASO,ES,Combined TRACON& Tower with Radar,238,20,10,0,268,0,0,7,0,7,238,20,17,0,275,0,0,0,275
04/17/2019,RSW,FL,ASO,ES,Combined TRACON& Tower with Radar,250,19,14,2,285,0,1,2,1,4,250,20,16,3,289,0,0,0,289
04/18/2019,RSW,FL,ASO,ES,Combined TRACON& Tower with Radar,254,27,28,0,309,0,0,16,0,16,254,27,44,0,325,0,0,0,325
04/19/2019,RSW,FL,ASO,ES,Combined TRACON& Tower with Radar,197,13,21,0,231,0,0,2,0,2,197,13,23,0,233,0,0,0,233
04/20/2019,RSW,FL,ASO,ES,Combined TRACON& Tower with Radar,284,22,15,0,321,0,1,15,0,16,284,23,30,0,337,0,0,0,337
04/21/2019,RSW,FL,ASO,ES,Combined TRACON& Tower with Radar,242,17,7,0,266,0,0,11,0,11,242,17,18,0,277,0,0,0,277
04/22/2019,RSW,FL,ASO,ES,Combined TRACON& Tower with Radar,237,26,21,4,288,0,4,0,0,4,237,30,21,4,292,0,0,0,292
04/23/2019,RSW,FL,ASO,ES,Combined TRACON& Tower with Radar,244,9,14,0,267,0,2,8,0,10,244,11,22,0,277,0,0,0,277
04/24/2019,RSW,FL,ASO,ES,Combined TRACON& Tower with Radar,247,21,38,0,306,0,2,27,0,29,247,23,65,0,335,0,0,0,335
04/25/2019,RSW,FL,ASO,ES,Combined TRACON& Tower with Radar,248,12,22,4,286,0,0,3,0,3,248,12,25,4,289,0,0,0,289
04/26/2019,RSW,FL,ASO,ES,Combined TRACON& Tower with Radar,241,7,9,0,257,0,1,5,0,6,241,8,14,0,263,0,0,0,263
04/27/2019,RSW,FL,ASO,ES,Combined TRACON& Tower with Radar,274,11,16,0,301,0,1,5,0,6,274,12,21,0,307,0,0,0,307
04/28/2019,RSW,FL,ASO,ES,Combined TRACON& Tower with Radar,239,16,17,0,272,0,1,2,0,3,239,17,19,0,275,0,0,0,275
04/29/2019,RSW,FL,ASO,ES,Combined TRACON& Tower with Radar,235,9,15,22,281,0,4,5,2,11,235,13,20,24,292,0,0,0,292
04/30/2019,RSW,FL,ASO,ES,Combined TRACON& Tower with Radar,201,7,3,0,211,0,0,5,0,5,201,7,8,0,216,0,0,0,216
05/01/2019,RSW,FL,ASO,ES,Combined TRACON& Tower with Radar,194,13,16,0,223,0,0,4,0,4,194,13,20,0,227,0,0,0,227
05/02/2019,RSW,FL,ASO,ES,Combined TRACON& Tower with Radar,176,13,29,6,224,0,0,3,4,7,176,13,32,10,231,0,0,0,231
05/03/2019,RSW,FL,ASO,ES,Combined TRACON& Tower with Radar,167,17,15,0,199,0,5,5,0,10,167,22,20,0,209,0,0,0,209
05/04/2019,RSW,FL,ASO,ES,Combined TRACON& Tower with Radar,190,15,8,0,213,0,0,3,0,3,190,15,11,0,216,0,0,0,216
05/05/2019,RSW,FL,ASO,ES,Combined TRACON& Tower with Radar,180,26,17,0,223,0,0,6,0,6,180,26,23,0,229,0,0,0,229
05/06/2019,RSW,FL,ASO,ES,Combined TRACON& Tower with Radar,188,16,25,0,229,0,5,2,0,7,188,21,27,0,236,0,0,0,236
05/07/2019,RSW,FL,ASO,ES,Combined TRACON& Tower with Radar,154,18,16,3,191,0,0,2,0,2,154,18,18,3,193,0,0,0,193
05/08/2019,RSW,FL,ASO,ES,Combined TRACON& Tower with Radar,151,17,22,0,190,0,1,10,0,11,151,18,32,0,201,0,0,0,201
05/09/2019,RSW,FL,ASO,ES,Combined TRACON& Tower with Radar,161,5,16,0,182,0,2,4,0,6,161,7,20,0,188,0,0,0,188
05/10/2019,RSW,FL,ASO,ES,Combined TRACON& Tower with Radar,165,20,15,0,200,0,0,9,0,9,165,20,24,0,209,0,0,0,209
05/11/2019,RSW,FL,ASO,ES,Combined TRACON& Tower with Radar,191,6,6,0,203,0,2,6,0,8,191,8,12,0,211,0,0,0,211
05/12/2019,RSW,FL,ASO,ES,Combined TRACON& Tower with Radar,156,13,15,0,184,0,2,2,0,4,156,15,17,0,188,0,0,0,188
05/13/2019,RSW,FL,ASO,ES,Combined TRACON& Tower with Radar,188,17,14,0,219,0,0,0,0,0,188,17,14,0,219,0,0,0,219
05/14/2019,RSW,FL,ASO,ES,Combined TRACON& Tower with Radar,154,14,12,0,180,0,0,2,0,2,154,14,14,0,182,0,0,0,182
05/15/2019,RSW,FL,ASO,ES,Combined TRACON& Tower with Radar,152,9,10,0,171,0,1,1,0,2,152,10,11,0,173,0,0,0,173
05/16/2019,RSW,FL,ASO,ES,Combined TRACON& Tower with Radar,163,10,22,0,195,0,0,2,0,2,163,10,24,0,197,0,0,0,197
05/17/2019,RSW,FL,ASO,ES,Combined TRACON& Tower with Radar,154,9,10,1,174,0,0,6,0,6,154,9,16,1,180,0,0,0,180
05/18/2019,RSW,FL,ASO,ES,Combined TRACON& Tower with Radar,187,7,6,0,200,0,0,2,0,2,187,7,8,0,202,0,0,0,202
05/19/2019,RSW,FL,ASO,ES,Combined TRACON& Tower with Radar,156,5,10,1,172,0,2,3,1,6,156,7,13,2,178,0,0,0,178
05/20/2019,RSW,FL,ASO,ES,Combined TRACON& Tower with Radar,156,6,9,0,171,0,0,1,0,1,156,6,10,0,172,0,0,0,172
05/21/2019,RSW,FL,ASO,ES,Combined TRACON& Tower with Radar,156,2,2,2,162,0,0,1,0,1,156,2,3,2,163,0,0,0,163
05/22/2019,RSW,FL,ASO,ES,Combined TRACON& Tower with Radar,151,6,9,0,166,0,0,0,0,0,151,6,9,0,166,0,0,0,166
05/23/2019,RSW,FL,ASO,ES,Combined TRACON& Tower with Radar,161,15,19,5,200,0,0,3,0,3,161,15,22,5,203,0,0,0,203
05/24/2019,RSW,FL,ASO,ES,Combined TRACON& Tower with Radar,158,10,17,0,185,0,0,11,0,11,158,10,28,0,196,0,0,0,196
05/25/2019,RSW,FL,ASO,ES,Combined TRACON& Tower with Radar,182,13,5,0,200,0,0,4,0,4,182,13,9,0,204,0,0,0,204
05/26/2019,RSW,FL,ASO,ES,Combined TRACON& Tower with Radar,134,4,6,0,144,0,0,1,0,1,134,4,7,0,145,0,0,0,145
05/27/2019,RSW,FL,ASO,ES,Combined TRACON& Tower with Radar,140,10,13,0,163,0,0,5,0,5,140,10,18,0,168,0,0,0,168
05/28/2019,RSW,FL,ASO,ES,Combined TRACON& Tower with Radar,146,1,22,3,172,0,0,13,1,14,146,1,35,4,186,0,0,0,186
05/29/2019,RSW,FL,ASO,ES,Combined TRACON& Tower with Radar,143,6,11,0,160,0,1,4,0,5,143,7,15,0,165,0,0,0,165
05/30/2019,RSW,FL,ASO,ES,Combined TRACON& Tower with Radar,159,8,14,9,190,0,0,3,3,6,159,8,17,12,196,0,0,0,196
05/31/2019,RSW,FL,ASO,ES,Combined TRACON& Tower with Radar,151,5,16,2,174,0,0,11,0,11,151,5,27,2,185,0,0,0,185
06/01/2019,RSW,FL,ASO,ES,Combined TRACON& Tower with Radar,190,7,9,2,208,0,1,1,0,2,190,8,10,2,210,0,0,0,210
06/02/2019,RSW,FL,ASO,ES,Combined TRACON& Tower with Radar,152,8,7,0,167,0,0,3,0,3,152,8,10,0,170,0,0,0,170
06/03/2019,RSW,FL,ASO,ES,Combined TRACON& Tower with Radar,145,3,8,0,156,0,0,2,0,2,145,3,10,0,158,0,0,0,158
06/04/2019,RSW,FL,ASO,ES,Combined TRACON& Tower with Radar,154,11,4,8,177,0,0,3,0,3,154,11,7,8,180,0,0,0,180
06/05/2019,RSW,FL,ASO,ES,Combined TRACON& Tower with Radar,152,6,6,0,164,0,0,13,1,14,152,6,19,1,178,0,0,0,178
06/06/2019,RSW,FL,ASO,ES,Combined TRACON& Tower with Radar,145,6,4,5,160,0,0,11,0,11,145,6,15,5,171,0,0,0,171
06/07/2019,RSW,FL,ASO,ES,Combined TRACON& Tower with Radar,162,4,12,0,178,0,0,0,0,0,162,4,12,0,178,0,0,0,178
06/08/2019,RSW,FL,ASO,ES,Combined TRACON& Tower with Radar,186,11,9,0,206,0,0,0,0,0,186,11,9,0,206,0,0,0,206
06/09/2019,RSW,FL,ASO,ES,Combined TRACON& Tower with Radar,134,3,6,0,143,0,0,0,0,0,134,3,6,0,143,0,0,0,143
06/10/2019,RSW,FL,ASO,ES,Combined TRACON& Tower with Radar,117,11,2,4,134,0,0,3,2,5,117,11,5,6,139,0,0,0,139
06/11/2019,RSW,FL,ASO,ES,Combined TRACON& Tower with Radar,127,7,4,7,145,0,1,5,0,6,127,8,9,7,151,0,0,0,151
06/12/2019,RSW,FL,ASO,ES,Combined TRACON& Tower with Radar,127,4,8,0,139,0,0,3,0,3,127,4,11,0,142,0,0,0,142
06/13/2019,RSW,FL,ASO,ES,Combined TRACON& Tower with Radar,126,4,16,2,148,0,0,6,2,8,126,4,22,4,156,0,0,0,156
06/14/2019,RSW,FL,ASO,ES,Combined TRACON& Tower with Radar,116,3,12,0,131,0,0,2,0,2,116,3,14,0,133,0,0,0,133
06/15/2019,RSW,FL,ASO,ES,Combined TRACON& Tower with Radar,166,8,9,0,183,0,0,5,0,5,166,8,14,0,188,0,0,0,188
06/16/2019,RSW,FL,ASO,ES,Combined TRACON& Tower with Radar,122,12,6,0,140,0,0,1,0,1,122,12,7,0,141,0,0,0,141
06/17/2019,RSW,FL,ASO,ES,Combined TRACON& Tower with Radar,124,5,7,0,136,0,0,0,0,0,124,5,7,0,136,0,0,0,136
06/18/2019,RSW,FL,ASO,ES,Combined TRACON& Tower with Radar,139,7,14,0,160,0,0,0,0,0,139,7,14,0,160,0,0,0,160
06/19/2019,RSW,FL,ASO,ES,Combined TRACON& Tower with Radar,132,6,10,0,148,0,0,5,0,5,132,6,15,0,153,0,0,0,153
06/20/2019,RSW,FL,ASO,ES,Combined TRACON& Tower with Radar,124,7,21,18,170,0,0,12,3,15,124,7,33,21,185,4,0,4,189
06/21/2019,RSW,FL,ASO,ES,Combined TRACON& Tower with Radar,117,13,10,2,142,0,2,8,0,10,117,15,18,2,152,0,0,0,152
06/22/2019,RSW,FL,ASO,ES,Combined TRACON& Tower with Radar,167,6,5,0,178,0,0,3,0,3,167,6,8,0,181,0,0,0,181
06/23/2019,RSW,FL,ASO,ES,Combined TRACON& Tower with Radar,118,6,5,0,129,0,0,3,0,3,118,6,8,0,132,0,0,0,132
06/24/2019,RSW,FL,ASO,ES,Combined TRACON& Tower with Radar,116,9,5,8,138,0,0,3,4,7,116,9,8,12,145,0,0,0,145
06/25/2019,RSW,FL,ASO,ES,Combined TRACON& Tower with Radar,114,2,12,11,139,0,0,9,0,9,114,2,21,11,148,0,0,0,148
06/26/2019,RSW,FL,ASO,ES,Combined TRACON& Tower with Radar,118,6,9,0,133,0,0,8,0,8,118,6,17,0,141,0,0,0,141
06/27/2019,RSW,FL,ASO,ES,Combined TRACON& Tower with Radar,123,6,6,0,135,0,0,4,0,4,123,6,10,0,139,0,0,0,139
06/28/2019,RSW,FL,ASO,ES,Combined TRACON& Tower with Radar,114,7,11,0,132,0,0,4,0,4,114,7,15,0,136,0,0,0,136
06/29/2019,RSW,FL,ASO,ES,Combined TRACON& Tower with Radar,182,12,12,0,206,0,0,0,0,0,182,12,12,0,206,0,0,0,206
06/30/2019,RSW,FL,ASO,ES,Combined TRACON& Tower with Radar,126,10,3,0,139,0,1,2,0,3,126,11,5,0,142,0,0,0,142
07/01/2019,RSW,FL,ASO,ES,Combined TRACON& Tower with Radar,114,6,10,4,134,0,0,0,0,0,114,6,10,4,134,0,0,0,134
07/02/2019,RSW,FL,ASO,ES,Combined TRACON& Tower with Radar,122,5,7,0,134,0,0,7,0,7,122,5,14,0,141,0,0,0,141
07/03/2019,RSW,FL,ASO,ES,Combined TRACON& Tower with Radar,128,10,25,0,163,0,0,6,0,6,128,10,31,0,169,0,0,0,169
07/04/2019,RSW,FL,ASO,ES,Combined TRACON& Tower with Radar,105,1,11,0,117,1,0,3,0,4,106,1,14,0,121,0,0,0,121
07/05/2019,RSW,FL,ASO,ES,Combined TRACON& Tower with Radar,107,3,19,0,129,0,0,2,0,2,107,3,21,0,131,0,0,0,131
07/06/2019,RSW,FL,ASO,ES,Combined TRACON& Tower with Radar,172,10,7,0,189,0,0,2,0,2,172,10,9,0,191,0,0,0,191
07/07/2019,RSW,FL,ASO,ES,Combined TRACON& Tower with Radar,121,12,9,0,142,0,0,3,0,3,121,12,12,0,145,0,0,0,145
07/08/2019,RSW,FL,ASO,ES,Combined TRACON& Tower with Radar,122,8,6,0,136,0,0,0,0,0,122,8,6,0,136,0,0,0,136
07/09/2019,RSW,FL,ASO,ES,Combined TRACON& Tower with Radar,125,0,6,0,131,0,0,1,0,1,125,0,7,0,132,0,0,0,132
07/10/2019,RSW,FL,ASO,ES,Combined TRACON& Tower with Radar,113,1,14,2,130,0,1,3,0,4,113,2,17,2,134,0,0,0,134
07/11/2019,RSW,FL,ASO,ES,Combined TRACON& Tower with Radar,119,3,5,0,127,0,0,2,0,2,119,3,7,0,129,0,0,0,129
07/12/2019,RSW,FL,ASO,ES,Combined TRACON& Tower with Radar,124,2,14,0,140,0,0,0,0,0,124,2,14,0,140,0,0,0,140
07/13/2019,RSW,FL,ASO,ES,Combined TRACON& Tower with Radar,169,4,5,0,178,0,0,1,0,1,169,4,6,0,179,0,0,0,179
07/14/2019,RSW,FL,ASO,ES,Combined TRACON& Tower with Radar,125,2,6,0,133,0,0,3,0,3,125,2,9,0,136,0,0,0,136
07/15/2019,RSW,FL,ASO,ES,Combined TRACON& Tower with Radar,117,6,15,10,148,0,0,8,0,8,117,6,23,10,156,0,0,0,156
07/16/2019,RSW,FL,ASO,ES,Combined TRACON& Tower with Radar,123,1,10,0,134,0,0,18,0,18,123,1,28,0,152,0,0,0,152
07/17/2019,RSW,FL,ASO,ES,Combined TRACON& Tower with Radar,115,9,6,0,130,0,0,3,0,3,115,9,9,0,133,0,0,0,133
07/18/2019,RSW,FL,ASO,ES,Combined TRACON& Tower with Radar,119,10,17,0,146,0,0,18,0,18,119,10,35,0,164,0,0,0,164
07/19/2019,RSW,FL,ASO,ES,Combined TRACON& Tower with Radar,116,7,18,0,141,0,0,4,0,4,116,7,22,0,145,0,0,0,145
07/20/2019,RSW,FL,ASO,ES,Combined TRACON& Tower with Radar,171,8,9,0,188,0,0,3,0,3,171,8,12,0,191,0,0,0,191
07/21/2019,RSW,FL,ASO,ES,Combined TRACON& Tower with Radar,121,1,8,0,130,0,0,1,0,1,121,1,9,0,131,0,0,0,131
07/22/2019,RSW,FL,ASO,ES,Combined TRACON& Tower with Radar,119,6,8,6,139,0,0,7,1,8,119,6,15,7,147,0,0,0,147
07/23/2019,RSW,FL,ASO,ES,Combined TRACON& Tower with Radar,139,13,6,0,158,0,0,7,0,7,139,13,13,0,165,0,0,0,165
07/24/2019,RSW,FL,ASO,ES,Combined TRACON& Tower with Radar,117,4,7,8,136,0,0,6,0,6,117,4,13,8,142,0,0,0,142
07/25/2019,RSW,FL,ASO,ES,Combined TRACON& Tower with Radar,162,12,7,0,181,0,0,1,0,1,162,12,8,0,182,0,0,0,182
07/26/2019,RSW,FL,ASO,ES,Combined TRACON& Tower with Radar,129,3,25,0,157,0,0,1,0,1,129,3,26,0,158,0,0,0,158
07/27/2019,RSW,FL,ASO,ES,Combined TRACON& Tower with Radar,169,11,13,0,193,0,1,5,0,6,169,12,18,0,199,0,0,0,199
07/28/2019,RSW,FL,ASO,ES,Combined TRACON& Tower with Radar,127,7,6,0,140,0,0,5,0,5,127,7,11,0,145,0,0,0,145
07/29/2019,RSW,FL,ASO,ES,Combined TRACON& Tower with Radar,115,2,10,5,132,0,0,7,0,7,115,2,17,5,139,0,0,0,139
07/30/2019,RSW,FL,ASO,ES,Combined TRACON& Tower with Radar,123,8,6,14,151,0,0,31,0,31,123,8,37,14,182,0,0,0,182
07/31/2019,RSW,FL,ASO,ES,Combined TRACON& Tower with Radar,111,2,8,0,121,0,0,5,0,5,111,2,13,0,126,0,0,0,126
08/01/2019,RSW,FL,ASO,ES,Combined TRACON& Tower with Radar,117,10,15,0,142,0,0,1,0,1,117,10,16,0,143,0,0,0,143
08/02/2019,RSW,FL,ASO,ES,Combined TRACON& Tower with Radar,122,0,10,0,132,0,0,0,0,0,122,0,10,0,132,0,0,0,132
08/03/2019,RSW,FL,ASO,ES,Combined TRACON& Tower with Radar,179,5,10,0,194,0,0,0,0,0,179,5,10,0,194,0,0,0,194
08/04/2019,RSW,FL,ASO,ES,Combined TRACON& Tower with Radar,125,9,21,0,155,2,0,2,0,4,127,9,23,0,159,0,0,0,159
08/05/2019,RSW,FL,ASO,ES,Combined TRACON& Tower with Radar,122,9,2,0,133,0,0,4,0,4,122,9,6,0,137,0,0,0,137
08/06/2019,RSW,FL,ASO,ES,Combined TRACON& Tower with Radar,128,5,5,11,149,0,0,5,1,6,128,5,10,12,155,0,0,0,155
08/07/2019,RSW,FL,ASO,ES,Combined TRACON& Tower with Radar,104,2,10,0,116,0,0,6,0,6,104,2,16,0,122,0,0,0,122
08/08/2019,RSW,FL,ASO,ES,Combined TRACON& Tower with Radar,130,2,7,0,139,0,0,6,0,6,130,2,13,0,145,0,0,0,145
08/09/2019,RSW,FL,ASO,ES,Combined TRACON& Tower with Radar,118,8,7,0,133,0,0,5,0,5,118,8,12,0,138,0,0,0,138
08/10/2019,RSW,FL,ASO,ES,Combined TRACON& Tower with Radar,148,4,6,0,158,0,1,3,0,4,148,5,9,0,162,0,0,0,162
08/11/2019,RSW,FL,ASO,ES,Combined TRACON& Tower with Radar,118,4,3,0,125,0,0,0,0,0,118,4,3,0,125,0,0,0,125
08/12/2019,RSW,FL,ASO,ES,Combined TRACON& Tower with Radar,113,2,9,0,124,0,0,2,0,2,113,2,11,0,126,0,0,0,126
08/13/2019,RSW,FL,ASO,ES,Combined TRACON& Tower with Radar,121,9,6,0,136,0,0,1,0,1,121,9,7,0,137,0,0,0,137
08/14/2019,RSW,FL,ASO,ES,Combined TRACON& Tower with Radar,116,7,11,0,134,0,0,13,0,13,116,7,24,0,147,0,0,0,147
08/15/2019,RSW,FL,ASO,ES,Combined TRACON& Tower with Radar,119,3,12,0,134,0,0,3,0,3,119,3,15,0,137,0,0,0,137
08/16/2019,RSW,FL,ASO,ES,Combined TRACON& Tower with Radar,110,5,6,0,121,0,0,5,0,5,110,5,11,0,126,0,0,0,126
08/17/2019,RSW,FL,ASO,ES,Combined TRACON& Tower with Radar,125,5,9,0,139,0,0,1,0,1,125,5,10,0,140,0,0,0,140
08/18/2019,RSW,FL,ASO,ES,Combined TRACON& Tower with Radar,111,4,10,0,125,0,0,12,0,12,111,4,22,0,137,0,0,0,137
08/19/2019,RSW,FL,ASO,ES,Combined TRACON& Tower with Radar,113,5,10,0,128,0,0,7,0,7,113,5,17,0,135,0,0,0,135
08/20/2019,RSW,FL,ASO,ES,Combined TRACON& Tower with Radar,111,2,15,0,128,0,1,9,0,10,111,3,24,0,138,0,0,0,138
08/21/2019,RSW,FL,ASO,ES,Combined TRACON& Tower with Radar,111,2,25,0,138,0,1,10,0,11,111,3,35,0,149,0,0,0,149
08/22/2019,RSW,FL,ASO,ES,Combined TRACON& Tower with Radar,121,3,9,0,133,0,3,6,0,9,121,6,15,0,142,0,0,0,142
08/23/2019,RSW,FL,ASO,ES,Combined TRACON& Tower with Radar,116,0,8,0,124,0,0,8,0,8,116,0,16,0,132,0,0,0,132
08/24/2019,RSW,FL,ASO,ES,Combined TRACON& Tower with Radar,131,5,15,0,151,0,0,0,0,0,131,5,15,0,151,0,0,0,151
08/25/2019,RSW,FL,ASO,ES,Combined TRACON& Tower with Radar,116,3,6,0,125,0,0,3,0,3,116,3,9,0,128,0,0,0,128
08/26/2019,RSW,FL,ASO,ES,Combined TRACON& Tower with Radar,121,9,8,0,138,0,0,2,0,2,121,9,10,0,140,0,0,0,140
08/27/2019,RSW,FL,ASO,ES,Combined TRACON& Tower with Radar,114,7,7,0,128,0,0,37,0,37,114,7,44,0,165,0,0,0,165
08/28/2019,RSW,FL,ASO,ES,Combined TRACON& Tower with Radar,123,10,17,5,155,0,0,4,0,4,123,10,21,5,159,0,0,0,159
08/29/2019,RSW,FL,ASO,ES,Combined TRACON& Tower with Radar,124,4,15,0,143,0,4,2,0,6,124,8,17,0,149,0,0,0,149
08/30/2019,RSW,FL,ASO,ES,Combined TRACON& Tower with Radar,117,5,22,0,144,0,0,2,1,3,117,5,24,1,147,0,0,0,147
08/31/2019,RSW,FL,ASO,ES,Combined TRACON& Tower with Radar,120,9,8,0,137,0,1,4,0,5,120,10,12,0,142,0,0,0,142
09/01/2019,RSW,FL,ASO,ES,Combined TRACON& Tower with Radar,90,4,7,0,101,0,0,0,0,0,90,4,7,0,101,0,0,0,101
09/02/2019,RSW,FL,ASO,ES,Combined TRACON& Tower with Radar,114,6,6,0,126,0,0,2,0,2,114,6,8,0,128,0,0,0,128
09/03/2019,RSW,FL,ASO,ES,Combined TRACON& Tower with Radar,107,4,13,0,124,0,0,1,0,1,107,4,14,0,125,0,0,0,125
09/04/2019,RSW,FL,ASO,ES,Combined TRACON& Tower with Radar,114,2,15,0,131,0,3,4,0,7,114,5,19,0,138,0,0,0,138
09/05/2019,RSW,FL,ASO,ES,Combined TRACON& Tower with Radar,121,3,7,0,131,0,0,3,0,3,121,3,10,0,134,0,0,0,134
09/06/2019,RSW,FL,ASO,ES,Combined TRACON& Tower with Radar,118,3,10,0,131,0,0,7,0,7,118,3,17,0,138,0,0,0,138
09/07/2019,RSW,FL,ASO,ES,Combined TRACON& Tower with Radar,126,3,10,0,139,0,0,2,0,2,126,3,12,0,141,0,0,0,141
09/08/2019,RSW,FL,ASO,ES,Combined TRACON& Tower with Radar,120,1,5,0,126,0,2,6,0,8,120,3,11,0,134,0,0,0,134
09/09/2019,RSW,FL,ASO,ES,Combined TRACON& Tower with Radar,120,0,16,15,151,0,0,5,0,5,120,0,21,15,156,0,0,0,156
09/10/2019,RSW,FL,ASO,ES,Combined TRACON& Tower with Radar,109,1,3,6,119,0,0,0,0,0,109,1,3,6,119,0,0,0,119
09/11/2019,RSW,FL,ASO,ES,Combined TRACON& Tower with Radar,114,6,15,1,136,0,1,10,0,11,114,7,25,1,147,0,0,0,147
09/12/2019,RSW,FL,ASO,ES,Combined TRACON& Tower with Radar,122,3,13,0,138,0,0,0,0,0,122,3,13,0,138,0,0,0,138
09/13/2019,RSW,FL,ASO,ES,Combined TRACON& Tower with Radar,122,2,23,0,147,0,0,4,0,4,122,2,27,0,151,0,0,0,151
09/14/2019,RSW,FL,ASO,ES,Combined TRACON& Tower with Radar,133,0,9,0,142,0,0,0,0,0,133,0,9,0,142,0,0,0,142
09/15/2019,RSW,FL,ASO,ES,Combined TRACON& Tower with Radar,119,4,9,4,136,0,0,9,1,10,119,4,18,5,146,0,0,0,146
09/16/2019,RSW,FL,ASO,ES,Combined TRACON& Tower with Radar,121,6,9,4,140,0,0,7,7,14,121,6,16,11,154,0,0,0,154
09/17/2019,RSW,FL,ASO,ES,Combined TRACON& Tower with Radar,107,1,4,0,112,0,0,4,0,4,107,1,8,0,116,0,0,0,116
09/18/2019,RSW,FL,ASO,ES,Combined TRACON& Tower with Radar,115,7,14,0,136,0,0,2,0,2,115,7,16,0,138,0,0,0,138
09/19/2019,RSW,FL,ASO,ES,Combined TRACON& Tower with Radar,120,9,3,4,136,0,0,8,0,8,120,9,11,4,144,0,0,0,144
09/20/2019,RSW,FL,ASO,ES,Combined TRACON& Tower with Radar,116,5,13,0,134,0,2,2,0,4,116,7,15,0,138,0,0,0,138
09/21/2019,RSW,FL,ASO,ES,Combined TRACON& Tower with Radar,124,3,3,0,130,0,0,0,0,0,124,3,3,0,130,0,0,0,130
09/22/2019,RSW,FL,ASO,ES,Combined TRACON& Tower with Radar,122,3,8,0,133,0,0,1,0,1,122,3,9,0,134,0,0,0,134
09/23/2019,RSW,FL,ASO,ES,Combined TRACON& Tower with Radar,121,5,17,0,143,0,0,4,0,4,121,5,21,0,147,0,0,0,147
09/24/2019,RSW,FL,ASO,ES,Combined TRACON& Tower with Radar,110,4,10,0,124,0,0,9,0,9,110,4,19,0,133,0,0,0,133
09/25/2019,RSW,FL,ASO,ES,Combined TRACON& Tower with Radar,113,5,8,17,143,0,0,0,0,0,113,5,8,17,143,0,0,0,143
09/26/2019,RSW,FL,ASO,ES,Combined TRACON& Tower with Radar,122,5,14,12,153,0,0,2,5,7,122,5,16,17,160,0,0,0,160
09/27/2019,RSW,FL,ASO,ES,Combined TRACON& Tower with Radar,118,5,10,2,135,0,0,6,0,6,118,5,16,2,141,0,0,0,141
09/28/2019,RSW,FL,ASO,ES,Combined TRACON& Tower with Radar,129,1,6,0,136,0,0,0,0,0,129,1,6,0,136,0,0,0,136
09/29/2019,RSW,FL,ASO,ES,Combined TRACON& Tower with Radar,120,3,7,0,130,0,0,2,0,2,120,3,9,0,132,0,0,0,132
09/30/2019,RSW,FL,ASO,ES,Combined TRACON& Tower with Radar,116,4,10,9,139,0,0,4,0,4,116,4,14,9,143,0,0,0,143
10/01/2019,RSW,FL,ASO,ES,Combined TRACON& Tower with Radar,117,7,21,8,153,0,2,2,0,4,117,9,23,8,157,0,0,0,157
10/02/2019,RSW,FL,ASO,ES,Combined TRACON& Tower with Radar,129,6,14,0,149,0,1,12,0,13,129,7,26,0,162,0,0,0,162
10/03/2019,RSW,FL,ASO,ES,Combined TRACON& Tower with Radar,137,4,3,0,144,0,0,8,0,8,137,4,11,0,152,0,0,0,152
10/04/2019,RSW,FL,ASO,ES,Combined TRACON& Tower with Radar,141,7,8,4,160,0,0,6,0,6,141,7,14,4,166,0,0,0,166
10/05/2019,RSW,FL,ASO,ES,Combined TRACON& Tower with Radar,152,3,4,0,159,0,0,0,0,0,152,3,4,0,159,0,0,0,159
10/06/2019,RSW,FL,ASO,ES,Combined TRACON& Tower with Radar,136,3,12,0,151,0,0,2,0,2,136,3,14,0,153,0,0,0,153
10/07/2019,RSW,FL,ASO,ES,Combined TRACON& Tower with Radar,136,13,7,9,165,22,0,2,0,24,158,13,9,9,189,0,0,0,189
10/08/2019,RSW,FL,ASO,ES,Combined TRACON& Tower with Radar,149,9,19,1,178,0,0,5,0,5,149,9,24,1,183,0,0,0,183
10/09/2019,RSW,FL,ASO,ES,Combined TRACON& Tower with Radar,141,6,7,2,156,0,0,5,0,5,141,6,12,2,161,0,0,0,161
10/10/2019,RSW,FL,ASO,ES,Combined TRACON& Tower with Radar,142,7,27,10,186,0,0,3,0,3,142,7,30,10,189,0,0,0,189
10/11/2019,RSW,FL,ASO,ES,Combined TRACON& Tower with Radar,148,10,12,0,170,0,0,11,0,11,148,10,23,0,181,0,0,0,181
10/12/2019,RSW,FL,ASO,ES,Combined TRACON& Tower with Radar,153,9,10,0,172,0,0,11,0,11,153,9,21,0,183,0,0,0,183
10/13/2019,RSW,FL,ASO,ES,Combined TRACON& Tower with Radar,142,14,5,4,165,0,0,1,5,6,142,14,6,9,171,0,0,0,171
10/14/2019,RSW,FL,ASO,ES,Combined TRACON& Tower with Radar,146,11,12,0,169,0,1,2,0,3,146,12,14,0,172,0,0,0,172
10/15/2019,RSW,FL,ASO,ES,Combined TRACON& Tower with Radar,138,16,12,3,169,0,0,5,0,5,138,16,17,3,174,0,0,0,174
10/16/2019,RSW,FL,ASO,ES,Combined TRACON& Tower with Radar,144,20,13,13,190,0,0,14,4,18,144,20,27,17,208,6,0,6,214
10/17/2019,RSW,FL,ASO,ES,Combined TRACON& Tower with Radar,148,8,9,0,165,0,0,3,0,3,148,8,12,0,168,0,0,0,168
10/18/2019,RSW,FL,ASO,ES,Combined TRACON& Tower with Radar,144,5,11,0,160,0,0,3,0,3,144,5,14,0,163,0,0,0,163
10/19/2019,RSW,FL,ASO,ES,Combined TRACON& Tower with Radar,154,8,5,0,167,0,1,0,0,1,154,9,5,0,168,0,0,0,168
10/20/2019,RSW,FL,ASO,ES,Combined TRACON& Tower with Radar,143,16,11,0,170,0,0,5,0,5,143,16,16,0,175,0,0,0,175
10/21/2019,RSW,FL,ASO,ES,Combined TRACON& Tower with Radar,146,6,15,0,167,0,0,5,0,5,146,6,20,0,172,0,0,0,172
10/22/2019,RSW,FL,ASO,ES,Combined TRACON& Tower with Radar,138,9,2,0,149,0,0,2,0,2,138,9,4,0,151,0,0,0,151
10/23/2019,RSW,FL,ASO,ES,Combined TRACON& Tower with Radar,142,16,17,0,175,0,0,3,0,3,142,16,20,0,178,0,0,0,178
10/24/2019,RSW,FL,ASO,ES,Combined TRACON& Tower with Radar,144,10,3,11,168,0,0,5,7,12,144,10,8,18,180,0,0,0,180
10/25/2019,RSW,FL,ASO,ES,Combined TRACON& Tower with Radar,146,8,13,0,167,0,0,5,1,6,146,8,18,1,173,0,0,0,173
10/26/2019,RSW,FL,ASO,ES,Combined TRACON& Tower with Radar,152,20,6,2,180,0,0,1,8,9,152,20,7,10,189,0,0,0,189
10/27/2019,RSW,FL,ASO,ES,Combined TRACON& Tower with Radar,159,14,9,0,182,0,0,4,0,4,159,14,13,0,186,0,0,0,186
10/28/2019,RSW,FL,ASO,ES,Combined TRACON& Tower with Radar,172,7,19,0,198,0,0,4,0,4,172,7,23,0,202,0,0,0,202
10/29/2019,RSW,FL,ASO,ES,Combined TRACON& Tower with Radar,158,11,24,6,199,0,3,14,0,17,158,14,38,6,216,0,0,0,216
10/30/2019,RSW,FL,ASO,ES,Combined TRACON& Tower with Radar,164,10,24,0,198,0,2,2,0,4,164,12,26,0,202,0,0,0,202
10/31/2019,RSW,FL,ASO,ES,Combined TRACON& Tower with Radar,138,12,9,0,159,0,0,3,0,3,138,12,12,0,162,0,0,0,162
11/01/2019,RSW,FL,ASO,ES,Combined TRACON& Tower with Radar,167,20,10,8,205,0,0,4,1,5,167,20,14,9,210,0,0,0,210
11/02/2019,RSW,FL,ASO,ES,Combined TRACON& Tower with Radar,184,8,14,0,206,0,0,6,0,6,184,8,20,0,212,0,0,0,212
11/03/2019,RSW,FL,ASO,ES,Combined TRACON& Tower with Radar,179,22,12,0,213,0,0,2,0,2,179,22,14,0,215,0,0,0,215
11/04/2019,RSW,FL,ASO,ES,Combined TRACON& Tower with Radar,195,7,20,2,224,0,0,3,4,7,195,7,23,6,231,0,0,0,231
11/05/2019,RSW,FL,ASO,ES,Combined TRACON& Tower with Radar,186,4,11,2,203,0,0,4,0,4,186,4,15,2,207,0,0,0,207
11/06/2019,RSW,FL,ASO,ES,Combined TRACON& Tower with Radar,190,15,20,0,225,0,0,2,0,2,190,15,22,0,227,0,0,0,227
11/07/2019,RSW,FL,ASO,ES,Combined TRACON& Tower with Radar,191,10,16,0,217,0,0,11,0,11,191,10,27,0,228,0,0,0,228
11/08/2019,RSW,FL,ASO,ES,Combined TRACON& Tower with Radar,191,9,22,0,222,0,0,6,0,6,191,9,28,0,228,0,0,0,228
11/09/2019,RSW,FL,ASO,ES,Combined TRACON& Tower with Radar,201,12,5,0,218,0,0,3,0,3,201,12,8,0,221,0,0,0,221
11/10/2019,RSW,FL,ASO,ES,Combined TRACON& Tower with Radar,185,22,6,0,213,0,1,13,0,14,185,23,19,0,227,0,0,0,227
11/11/2019,RSW,FL,ASO,ES,Combined TRACON& Tower with Radar,188,22,24,0,234,0,0,5,2,7,188,22,29,2,241,0,0,0,241
11/12/2019,RSW,FL,ASO,ES,Combined TRACON& Tower with Radar,190,11,12,0,213,0,0,1,0,1,190,11,13,0,214,0,0,0,214
11/13/2019,RSW,FL,ASO,ES,Combined TRACON& Tower with Radar,193,16,15,12,236,0,0,3,0,3,193,16,18,12,239,0,0,0,239
11/14/2019,RSW,FL,ASO,ES,Combined TRACON& Tower with Radar,248,16,12,0,276,0,0,6,0,6,248,16,18,0,282,0,0,0,282
11/15/2019,RSW,FL,ASO,ES,Combined TRACON& Tower with Radar,243,13,18,5,279,0,0,0,7,7,243,13,18,12,286,0,0,0,286
11/16/2019,RSW,FL,ASO,ES,Combined TRACON& Tower with Radar,246,7,9,0,262,0,0,3,0,3,246,7,12,0,265,0,0,0,265
11/17/2019,RSW,FL,ASO,ES,Combined TRACON& Tower with Radar,233,12,14,0,259,0,0,0,0,0,233,12,14,0,259,0,0,0,259
11/18/2019,RSW,FL,ASO,ES,Combined TRACON& Tower with Radar,243,14,11,0,268,0,0,11,0,11,243,14,22,0,279,0,0,0,279
11/19/2019,RSW,FL,ASO,ES,Combined TRACON& Tower with Radar,251,11,19,0,281,0,0,12,0,12,251,11,31,0,293,0,0,0,293
11/20/2019,RSW,FL,ASO,ES,Combined TRACON& Tower with Radar,249,15,17,10,291,0,0,11,6,17,249,15,28,16,308,0,0,0,308
11/21/2019,RSW,FL,ASO,ES,Combined TRACON& Tower with Radar,254,20,22,1,297,0,2,14,0,16,254,22,36,1,313,0,0,0,313
11/22/2019,RSW,FL,ASO,ES,Combined TRACON& Tower with Radar,258,10,18,0,286,0,0,8,0,8,258,10,26,0,294,0,0,0,294
11/23/2019,RSW,FL,ASO,ES,Combined TRACON& Tower with Radar,289,17,7,0,313,0,0,8,0,8,289,17,15,0,321,0,0,0,321
11/24/2019,RSW,FL,ASO,ES,Combined TRACON& Tower with Radar,256,14,13,0,283,0,0,5,2,7,256,14,18,2,290,0,0,0,290
11/25/2019,RSW,FL,ASO,ES,Combined TRACON& Tower with Radar,258,11,16,6,291,0,0,15,0,15,258,11,31,6,306,0,0,0,306
11/26/2019,RSW,FL,ASO,ES,Combined TRACON& Tower with Radar,265,19,12,5,301,0,1,4,0,5,265,20,16,5,306,0,0,0,306
11/27/2019,RSW,FL,ASO,ES,Combined TRACON& Tower with Radar,265,15,20,0,300,0,0,21,0,21,265,15,41,0,321,0,0,0,321
11/28/2019,RSW,FL,ASO,ES,Combined TRACON& Tower with Radar,199,2,2,0,203,0,0,2,0,2,199,2,4,0,205,0,0,0,205
11/29/2019,RSW,FL,ASO,ES,Combined TRACON& Tower with Radar,227,6,6,0,239,0,0,4,0,4,227,6,10,0,243,0,0,0,243
11/30/2019,RSW,FL,ASO,ES,Combined TRACON& Tower with Radar,285,23,24,0,332,0,0,7,0,7,285,23,31,0,339,0,0,0,339
12/01/2019,RSW,FL,ASO,ES,Combined TRACON& Tower with Radar,237,22,23,0,282,0,0,5,0,5,237,22,28,0,287,0,0,0,287
12/02/2019,RSW,FL,ASO,ES,Combined TRACON& Tower with Radar,244,12,18,0,274,0,0,4,0,4,244,12,22,0,278,0,0,0,278
12/03/2019,RSW,FL,ASO,ES,Combined TRACON& Tower with Radar,234,15,18,0,267,0,0,3,0,3,234,15,21,0,270,0,0,0,270
12/04/2019,RSW,FL,ASO,ES,Combined TRACON& Tower with Radar,227,7,20,0,254,0,1,8,0,9,227,8,28,0,263,0,0,0,263
12/05/2019,RSW,FL,ASO,ES,Combined TRACON& Tower with Radar,243,6,16,0,265,0,1,12,0,13,243,7,28,0,278,0,0,0,278
12/06/2019,RSW,FL,ASO,ES,Combined TRACON& Tower with Radar,245,7,17,0,269,0,0,5,0,5,245,7,22,0,274,0,0,0,274
12/07/2019,RSW,FL,ASO,ES,Combined TRACON& Tower with Radar,234,9,9,0,252,0,2,3,0,5,234,11,12,0,257,0,0,0,257
12/08/2019,RSW,FL,ASO,ES,Combined TRACON& Tower with Radar,226,7,26,0,259,0,0,1,0,1,226,7,27,0,260,0,0,0,260
12/09/2019,RSW,FL,ASO,ES,Combined TRACON& Tower with Radar,231,12,9,0,252,0,0,9,0,9,231,12,18,0,261,0,0,0,261
12/10/2019,RSW,FL,ASO,ES,Combined TRACON& Tower with Radar,228,15,13,0,256,0,0,17,0,17,228,15,30,0,273,0,0,0,273
12/11/2019,RSW,FL,ASO,ES,Combined TRACON& Tower with Radar,216,5,30,6,257,0,0,1,0,1,216,5,31,6,258,0,0,0,258
12/12/2019,RSW,FL,ASO,ES,Combined TRACON& Tower with Radar,237,9,18,0,264,0,0,2,0,2,237,9,20,0,266,0,0,0,266
12/13/2019,RSW,FL,ASO,ES,Combined TRACON& Tower with Radar,238,8,25,0,271,0,2,3,0,5,238,10,28,0,276,0,0,0,276
12/14/2019,RSW,FL,ASO,ES,Combined TRACON& Tower with Radar,224,11,12,0,247,0,0,2,0,2,224,11,14,0,249,0,0,0,249
12/15/2019,RSW,FL,ASO,ES,Combined TRACON& Tower with Radar,223,14,15,1,253,0,0,5,0,5,223,14,20,1,258,0,0,0,258
12/16/2019,RSW,FL,ASO,ES,Combined TRACON& Tower with Radar,233,4,10,0,247,0,0,5,0,5,233,4,15,0,252,0,0,0,252
12/17/2019,RSW,FL,ASO,ES,Combined TRACON& Tower with Radar,231,10,16,0,257,0,0,12,0,12,231,10,28,0,269,0,0,0,269
12/18/2019,RSW,FL,ASO,ES,Combined TRACON& Tower with Radar,241,9,10,0,260,0,0,1,0,1,241,9,11,0,261,0,0,0,261
12/19/2019,RSW,FL,ASO,ES,Combined TRACON& Tower with Radar,283,6,6,11,306,0,2,0,0,2,283,8,6,11,308,0,0,0,308
12/20/2019,RSW,FL,ASO,ES,Combined TRACON& Tower with Radar,285,11,24,2,322,0,0,2,0,2,285,11,26,2,324,0,0,0,324
12/21/2019,RSW,FL,ASO,ES,Combined TRACON& Tower with Radar,335,15,22,0,372,0,0,5,0,5,335,15,27,0,377,0,0,0,377
12/22/2019,RSW,FL,ASO,ES,Combined TRACON& Tower with Radar,301,15,9,0,325,0,0,0,0,0,301,15,9,0,325,0,0,0,325
12/23/2019,RSW,FL,ASO,ES,Combined TRACON& Tower with Radar,318,18,8,9,353,0,0,4,2,6,318,18,12,11,359,0,0,0,359
12/24/2019,RSW,FL,ASO,ES,Combined TRACON& Tower with Radar,276,5,4,0,285,0,0,5,0,5,276,5,9,0,290,0,0,0,290
12/25/2019,RSW,FL,ASO,ES,Combined TRACON& Tower with Radar,255,8,4,0,267,0,0,1,0,1,255,8,5,0,268,0,0,0,268
12/26/2019,RSW,FL,ASO,ES,Combined TRACON& Tower with Radar,319,42,48,0,409,0,2,4,0,6,319,44,52,0,415,0,0,0,415
12/27/2019,RSW,FL,ASO,ES,Combined TRACON& Tower with Radar,323,43,40,2,408,0,0,9,0,9,323,43,49,2,417,0,0,0,417
12/28/2019,RSW,FL,ASO,ES,Combined TRACON& Tower with Radar,336,27,25,2,390,0,0,1,0,1,336,27,26,2,391,0,0,0,391
12/29/2019,RSW,FL,ASO,ES,Combined TRACON& Tower with Radar,296,41,23,6,366,0,0,1,0,1,296,41,24,6,367,0,0,0,367
12/30/2019,RSW,FL,ASO,ES,Combined TRACON& Tower with Radar,313,17,25,0,355,0,1,14,0,15,313,18,39,0,370,0,0,0,370
12/31/2019,RSW,FL,ASO,ES,Combined TRACON& Tower with Radar,294,8,7,0,309,0,0,4,0,4,294,8,11,0,313,0,0,0,313
01/01/2020,RSW,FL,ASO,ES,Combined TRACON& Tower with Radar,279,20,18,2,319,0,0,4,0,4,279,20,22,2,323,0,0,0,323
01/02/2020,RSW,FL,ASO,ES,Combined TRACON& Tower with Radar,315,12,26,2,355,0,2,10,0,12,315,14,36,2,367,0,0,0,367
01/03/2020,RSW,FL,ASO,ES,Combined TRACON& Tower with Radar,313,19,28,2,362,0,0,8,0,8,313,19,36,2,370,0,0,0,370
01/04/2020,RSW,FL,ASO,ES,Combined TRACON& Tower with Radar,306,27,30,0,363,0,0,3,0,3,306,27,33,0,366,0,0,0,366
01/05/2020,RSW,FL,ASO,ES,Combined TRACON& Tower with Radar,299,19,18,4,340,0,1,20,0,21,299,20,38,4,361,30,0,30,391
01/06/2020,RSW,FL,ASO,ES,Combined TRACON& Tower with Radar,273,24,22,13,332,0,1,10,0,11,273,25,32,13,343,30,0,30,373
01/07/2020,RSW,FL,ASO,ES,Combined TRACON& Tower with Radar,245,5,23,11,284,0,0,2,0,2,245,5,25,11,286,0,0,0,286
01/08/2020,RSW,FL,ASO,ES,Combined TRACON& Tower with Radar,243,13,19,0,275,0,0,9,0,9,243,13,28,0,284,0,0,0,284
01/09/2020,RSW,FL,ASO,ES,Combined TRACON& Tower with Radar,283,11,23,10,327,0,0,7,0,7,283,11,30,10,334,0,0,0,334
01/10/2020,RSW,FL,ASO,ES,Combined TRACON& Tower with Radar,274,20,20,15,329,0,5,2,3,10,274,25,22,18,339,0,0,0,339
01/11/2020,RSW,FL,ASO,ES,Combined TRACON& Tower with Radar,287,7,23,0,317,0,0,9,0,9,287,7,32,0,326,0,0,0,326
01/12/2020,RSW,FL,ASO,ES,Combined TRACON& Tower with Radar,280,7,29,1,317,0,0,9,0,9,280,7,38,1,326,0,0,0,326
01/13/2020,RSW,FL,ASO,ES,Combined TRACON& Tower with Radar,269,7,15,23,314,0,2,8,4,14,269,9,23,27,328,0,0,0,328
01/14/2020,RSW,FL,ASO,ES,Combined TRACON& Tower with Radar,258,8,18,20,304,0,0,8,2,10,258,8,26,22,314,0,0,0,314
01/15/2020,RSW,FL,ASO,ES,Combined TRACON& Tower with Radar,249,14,29,14,306,0,0,7,0,7,249,14,36,14,313,0,0,0,313
01/16/2020,RSW,FL,ASO,ES,Combined TRACON& Tower with Radar,277,19,17,5,318,0,0,6,0,6,277,19,23,5,324,0,0,0,324
01/17/2020,RSW,FL,ASO,ES,Combined TRACON& Tower with Radar,268,16,20,0,304,0,0,9,0,9,268,16,29,0,313,0,0,0,313
01/18/2020,RSW,FL,ASO,ES,Combined TRACON& Tower with Radar,305,14,12,0,331,0,0,8,1,9,305,14,20,1,340,0,0,0,340
01/19/2020,RSW,FL,ASO,ES,Combined TRACON& Tower with Radar,274,14,26,0,314,0,0,11,0,11,274,14,37,0,325,0,0,0,325
01/20/2020,RSW,FL,ASO,ES,Combined TRACON& Tower with Radar,268,18,20,4,310,0,0,2,0,2,268,18,22,4,312,0,0,0,312
01/21/2020,RSW,FL,ASO,ES,Combined TRACON& Tower with Radar,260,18,11,0,289,0,4,4,0,8,260,22,15,0,297,0,0,0,297
01/22/2020,RSW,FL,ASO,ES,Combined TRACON& Tower with Radar,248,21,12,0,281,0,0,6,0,6,248,21,18,0,287,0,0,0,287
01/23/2020,RSW,FL,ASO,ES,Combined TRACON& Tower with Radar,280,17,27,0,324,0,0,5,1,6,280,17,32,1,330,0,0,0,330
01/24/2020,RSW,FL,ASO,ES,Combined TRACON& Tower with Radar,278,13,31,5,327,0,2,20,0,22,278,15,51,5,349,0,0,0,349
01/25/2020,RSW,FL,ASO,ES,Combined TRACON& Tower with Radar,314,14,24,0,352,0,0,4,0,4,314,14,28,0,356,0,0,0,356
01/26/2020,RSW,FL,ASO,ES,Combined TRACON& Tower with Radar,282,14,13,1,310,0,2,3,0,5,282,16,16,1,315,0,0,0,315
01/27/2020,RSW,FL,ASO,ES,Combined TRACON& Tower with Radar,269,21,11,0,301,0,0,6,0,6,269,21,17,0,307,0,0,0,307
01/28/2020,RSW,FL,ASO,ES,Combined TRACON& Tower with Radar,265,17,15,10,307,0,2,18,0,20,265,19,33,10,327,0,0,0,327
01/29/2020,RSW,FL,ASO,ES,Combined TRACON& Tower with Radar,248,20,15,2,285,0,2,8,0,10,248,22,23,2,295,0,0,0,295
01/30/2020,RSW,FL,ASO,ES,Combined TRACON& Tower with Radar,282,15,26,2,325,0,0,7,0,7,282,15,33,2,332,0,0,0,332
01/31/2020,RSW,FL,ASO,ES,Combined TRACON& Tower with Radar,280,26,22,8,336,0,0,4,3,7,280,26,26,11,343,0,0,0,343
02/01/2020,RSW,FL,ASO,ES,Combined TRACON& Tower with Radar,335,12,24,0,371,0,0,0,0,0,335,12,24,0,371,0,0,0,371
02/02/2020,RSW,FL,ASO,ES,Combined TRACON& Tower with Radar,280,22,11,0,313,0,1,1,0,2,280,23,12,0,315,0,0,0,315
02/03/2020,RSW,FL,ASO,ES,Combined TRACON& Tower with Radar,276,14,23,0,313,0,0,8,0,8,276,14,31,0,321,0,0,0,321
02/04/2020,RSW,FL,ASO,ES,Combined TRACON& Tower with Radar,264,20,19,24,327,0,0,3,10,13,264,20,22,34,340,0,0,0,340
02/05/2020,RSW,FL,ASO,ES,Combined TRACON& Tower with Radar,253,5,15,8,281,0,0,5,0,5,253,5,20,8,286,0,0,0,286
02/06/2020,RSW,FL,ASO,ES,Combined TRACON& Tower with Radar,267,9,24,25,325,0,1,2,6,9,267,10,26,31,334,0,0,0,334
02/07/2020,RSW,FL,ASO,ES,Combined TRACON& Tower with Radar,284,15,20,0,319,0,0,3,0,3,284,15,23,0,322,0,0,0,322
02/08/2020,RSW,FL,ASO,ES,Combined TRACON& Tower with Radar,319,10,15,0,344,0,0,1,0,1,319,10,16,0,345,0,0,0,345
02/09/2020,RSW,FL,ASO,ES,Combined TRACON& Tower with Radar,274,14,28,0,316,0,2,4,0,6,274,16,32,0,322,0,0,0,322
02/10/2020,RSW,FL,ASO,ES,Combined TRACON& Tower with Radar,278,9,16,7,310,0,0,3,0,3,278,9,19,7,313,0,0,0,313
02/11/2020,RSW,FL,ASO,ES,Combined TRACON& Tower with Radar,270,20,20,16,326,0,0,3,0,3,270,20,23,16,329,0,0,0,329
02/12/2020,RSW,FL,ASO,ES,Combined TRACON& Tower with Radar,256,7,19,0,282,0,0,1,0,1,256,7,20,0,283,0,0,0,283
02/13/2020,RSW,FL,ASO,ES,Combined TRACON& Tower with Radar,304,28,28,0,360,0,0,5,0,5,304,28,33,0,365,0,0,0,365
02/14/2020,RSW,FL,ASO,ES,Combined TRACON& Tower with Radar,318,16,39,0,373,0,0,6,0,6,318,16,45,0,379,0,0,0,379
02/15/2020,RSW,FL,ASO,ES,Combined TRACON& Tower with Radar,347,18,27,4,396,0,1,4,2,7,347,19,31,6,403,0,2,2,405
02/16/2020,RSW,FL,ASO,ES,Combined TRACON& Tower with Radar,308,13,27,0,348,0,0,5,0,5,308,13,32,0,353,0,0,0,353
02/17/2020,RSW,FL,ASO,ES,Combined TRACON& Tower with Radar,309,27,35,0,371,0,0,3,0,3,309,27,38,0,374,0,0,0,374
02/18/2020,RSW,FL,ASO,ES,Combined TRACON& Tower with Radar,312,10,21,7,350,0,0,5,4,9,312,10,26,11,359,0,0,0,359
02/19/2020,RSW,FL,ASO,ES,Combined TRACON& Tower with Radar,302,19,20,2,343,0,0,13,1,14,302,19,33,3,357,0,0,0,357
02/20/2020,RSW,FL,ASO,ES,Combined TRACON& Tower with Radar,318,8,19,20,365,0,0,2,8,10,318,8,21,28,375,0,0,0,375
02/21/2020,RSW,FL,ASO,ES,Combined TRACON& Tower with Radar,326,18,32,1,377,0,0,1,3,4,326,18,33,4,381,0,0,0,381
02/22/2020,RSW,FL,ASO,ES,Combined TRACON& Tower with Radar,351,15,12,0,378,1,0,3,0,4,352,15,15,0,382,0,0,0,382
02/23/2020,RSW,FL,ASO,ES,Combined TRACON& Tower with Radar,317,13,16,0,346,0,1,5,0,6,317,14,21,0,352,0,0,0,352
02/24/2020,RSW,FL,ASO,ES,Combined TRACON& Tower with Radar,314,10,20,9,353,0,0,12,3,15,314,10,32,12,368,0,0,0,368
02/25/2020,RSW,FL,ASO,ES,Combined TRACON& Tower with Radar,313,12,31,21,377,0,2,14,1,17,313,14,45,22,394,0,0,0,394
02/26/2020,RSW,FL,ASO,ES,Combined TRACON& Tower with Radar,314,11,23,2,350,0,0,0,0,0,314,11,23,2,350,0,0,0,350
02/27/2020,RSW,FL,ASO,ES,Combined TRACON& Tower with Radar,319,11,18,0,348,0,0,10,0,10,319,11,28,0,358,0,0,0,358
02/28/2020,RSW,FL,ASO,ES,Combined TRACON& Tower with Radar,321,15,20,0,356,0,3,8,0,11,321,18,28,0,367,0,0,0,367
02/29/2020,RSW,FL,ASO,ES,Combined TRACON& Tower with Radar,345,13,22,0,380,0,0,3,0,3,345,13,25,0,383,0,0,0,383
03/01/2020,RSW,FL,ASO,ES,Combined TRACON& Tower with Radar,321,12,20,0,353,0,0,14,0,14,321,12,34,0,367,0,0,0,367
03/02/2020,RSW,FL,ASO,ES,Combined TRACON& Tower with Radar,306,10,19,7,342,0,0,4,0,4,306,10,23,7,346,0,0,0,346
03/03/2020,RSW,FL,ASO,ES,Combined TRACON& Tower with Radar,322,9,7,9,347,0,0,5,0,5,322,9,12,9,352,0,0,0,352
03/04/2020,RSW,FL,ASO,ES,Combined TRACON& Tower with Radar,302,13,15,0,330,0,2,5,0,7,302,15,20,0,337,0,0,0,337
03/05/2020,RSW,FL,ASO,ES,Combined TRACON& Tower with Radar,328,13,24,3,368,0,0,4,2,6,328,13,28,5,374,0,0,0,374
03/06/2020,RSW,FL,ASO,ES,Combined TRACON& Tower with Radar,324,32,20,6,382,0,0,10,0,10,324,32,30,6,392,0,0,0,392
03/07/2020,RSW,FL,ASO,ES,Combined TRACON& Tower with Radar,389,27,22,0,438,0,0,7,0,7,389,27,29,0,445,0,0,0,445
03/08/2020,RSW,FL,ASO,ES,Combined TRACON& Tower with Radar,352,30,18,0,400,0,3,11,0,14,352,33,29,0,414,0,0,0,414
03/09/2020,RSW,FL,ASO,ES,Combined TRACON& Tower with Radar,336,19,28,0,383,0,0,4,0,4,336,19,32,0,387,0,0,0,387
03/10/2020,RSW,FL,ASO,ES,Combined TRACON& Tower with Radar,340,13,10,4,367,0,0,1,0,1,340,13,11,4,368,0,0,0,368
03/11/2020,RSW,FL,ASO,ES,Combined TRACON& Tower with Radar,332,8,11,0,351,0,0,8,0,8,332,8,19,0,359,0,0,0,359
03/12/2020,RSW,FL,ASO,ES,Combined TRACON& Tower with Radar,346,22,23,0,391,0,2,3,0,5,346,24,26,0,396,0,0,0,396
03/13/2020,RSW,FL,ASO,ES,Combined TRACON& Tower with Radar,348,12,37,4,401,0,6,12,1,19,348,18,49,5,420,0,0,0,420
03/14/2020,RSW,FL,ASO,ES,Combined TRACON& Tower with Radar,389,26,32,0,447,0,0,3,0,3,389,26,35,0,450,0,0,0,450
03/15/2020,RSW,FL,ASO,ES,Combined TRACON& Tower with Radar,354,16,37,1,408,0,1,6,0,7,354,17,43,1,415,0,0,0,415
03/16/2020,RSW,FL,ASO,ES,Combined TRACON& Tower with Radar,336,18,30,12,396,0,0,5,6,11,336,18,35,18,407,0,0,0,407
03/17/2020,RSW,FL,ASO,ES,Combined TRACON& Tower with Radar,336,20,29,10,395,0,0,9,0,9,336,20,38,10,404,0,0,0,404
03/18/2020,RSW,FL,ASO,ES,Combined TRACON& Tower with Radar,324,19,30,26,399,0,0,16,0,16,324,19,46,26,415,0,0,0,415
03/19/2020,RSW,FL,ASO,ES,Combined TRACON& Tower with Radar,320,17,16,0,353,0,1,12,2,15,320,18,28,2,368,0,0,0,368
03/20/2020,RSW,FL,ASO,ES,Combined TRACON& Tower with Radar,319,38,22,0,379,0,0,5,0,5,319,38,27,0,384,0,0,0,384
03/21/2020,RSW,FL,ASO,ES,Combined TRACON& Tower with Radar,363,24,33,0,420,0,0,11,0,11,363,24,44,0,431,0,0,0,431
03/22/2020,RSW,FL,ASO,ES,Combined TRACON& Tower with Radar,300,10,13,0,323,0,0,2,0,2,300,10,15,0,325,0,0,0,325
03/23/2020,RSW,FL,ASO,ES,Combined TRACON& Tower with Radar,243,11,15,0,269,0,0,5,0,5,243,11,20,0,274,0,0,0,274
03/24/2020,RSW,FL,ASO,ES,Combined TRACON& Tower with Radar,229,9,2,3,243,0,2,3,1,6,229,11,5,4,249,0,0,0,249
03/25/2020,RSW,FL,ASO,ES,Combined TRACON& Tower with Radar,219,6,21,0,246,0,0,10,0,10,219,6,31,0,256,0,0,0,256
03/26/2020,RSW,FL,ASO,ES,Combined TRACON& Tower with Radar,209,26,26,5,266,0,0,4,0,4,209,26,30,5,270,0,0,0,270
03/27/2020,RSW,FL,ASO,ES,Combined TRACON& Tower with Radar,210,14,25,3,252,0,4,10,1,15,210,18,35,4,267,0,0,0,267
03/28/2020,RSW,FL,ASO,ES,Combined TRACON& Tower with Radar,203,11,22,0,236,0,6,13,0,19,203,17,35,0,255,0,0,0,255
03/29/2020,RSW,FL,ASO,ES,Combined TRACON& Tower with Radar,182,6,5,5,198,0,0,0,0,0,182,6,5,5,198,0,0,0,198
03/30/2020,RSW,FL,ASO,ES,Combined TRACON& Tower with Radar,137,11,14,2,164,0,0,3,2,5,137,11,17,4,169,0,0,0,169
03/31/2020,RSW,FL,ASO,ES,Combined TRACON& Tower with Radar,141,6,11,1,159,0,0,5,11,16,141,6,16,12,175,0,0,0,175
04/01/2020,RSW,FL,ASO,ES,Combined TRACON& Tower with Radar,142,7,19,5,173,0,0,2,0,2,142,7,21,5,175,0,0,0,175
04/02/2020,RSW,FL,ASO,ES,Combined TRACON& Tower with Radar,131,9,19,0,159,0,0,18,0,18,131,9,37,0,177,0,0,0,177
04/03/2020,RSW,FL,ASO,ES,Combined TRACON& Tower with Radar,136,5,9,0,150,0,5,2,0,7,136,10,11,0,157,0,0,0,157
04/04/2020,RSW,FL,ASO,ES,Combined TRACON& Tower with Radar,150,10,3,0,163,0,0,2,0,2,150,10,5,0,165,0,0,0,165
04/05/2020,RSW,FL,ASO,ES,Combined TRACON& Tower with Radar,144,9,10,0,163,0,0,2,0,2,144,9,12,0,165,0,0,0,165
04/06/2020,RSW,FL,ASO,ES,Combined TRACON& Tower with Radar,137,5,15,0,157,0,0,5,0,5,137,5,20,0,162,0,0,0,162
04/07/2020,RSW,FL,ASO,ES,Combined TRACON& Tower with Radar,134,3,9,0,146,0,0,7,0,7,134,3,16,0,153,0,0,0,153
04/08/2020,RSW,FL,ASO,ES,Combined TRACON& Tower with Radar,117,6,19,0,142,0,0,7,0,7,117,6,26,0,149,0,0,0,149
04/09/2020,RSW,FL,ASO,ES,Combined TRACON& Tower with Radar,123,7,4,43,177,0,2,1,5,8,123,9,5,48,185,0,0,0,185
04/10/2020,RSW,FL,ASO,ES,Combined TRACON& Tower with Radar,123,18,6,0,147,0,0,0,0,0,123,18,6,0,147,0,0,0,147
04/11/2020,RSW,FL,ASO,ES,Combined TRACON& Tower with Radar,121,5,5,0,131,0,0,2,0,2,121,5,7,0,133,0,0,0,133
04/12/2020,RSW,FL,ASO,ES,Combined TRACON& Tower with Radar,104,4,0,0,108,0,0,2,0,2,104,4,2,0,110,0,0,0,110
04/13/2020,RSW,FL,ASO,ES,Combined TRACON& Tower with Radar,111,7,11,57,186,0,0,4,0,4,111,7,15,57,190,0,0,0,190
04/14/2020,RSW,FL,ASO,ES,Combined TRACON& Tower with Radar,52,6,11,3,72,0,0,3,3,6,52,6,14,6,78,0,6,6,84
04/15/2020,RSW,FL,ASO,ES,Combined TRACON& Tower with Radar,56,15,5,42,118,0,0,1,46,47,56,15,6,88,165,0,0,0,165
04/16/2020,RSW,FL,ASO,ES,Combined TRACON& Tower with Radar,48,7,11,0,66,0,0,2,0,2,48,7,13,0,68,0,0,0,68
04/17/2020,RSW,FL,ASO,ES,Combined TRACON& Tower with Radar,55,13,11,43,122,0,0,4,6,10,55,13,15,49,132,0,0,0,132
04/18/2020,RSW,FL,ASO,ES,Combined TRACON& Tower with Radar,71,4,6,0,81,0,0,5,0,5,71,4,11,0,86,0,0,0,86
04/19/2020,RSW,FL,ASO,ES,Combined TRACON& Tower with Radar,47,7,9,0,63,0,0,7,0,7,47,7,16,0,70,0,0,0,70
04/20/2020,RSW,FL,ASO,ES,Combined TRACON& Tower with Radar,42,3,4,0,49,0,0,2,0,2,42,3,6,0,51,0,0,0,51
04/21/2020,RSW,FL,ASO,ES,Combined TRACON& Tower with Radar,41,3,3,14,61,0,1,1,4,6,41,4,4,18,67,0,0,0,67
04/22/2020,RSW,FL,ASO,ES,Combined TRACON& Tower with Radar,52,7,10,0,69,0,0,6,0,6,52,7,16,0,75,0,0,0,75
04/23/2020,RSW,FL,ASO,ES,Combined TRACON& Tower with Radar,45,8,16,13,82,0,8,2,0,10,45,16,18,13,92,0,0,0,92
04/24/2020,RSW,FL,ASO,ES,Combined TRACON& Tower with Radar,55,12,13,0,80,0,0,1,0,1,55,12,14,0,81,0,0,0,81
04/25/2020,RSW,FL,ASO,ES,Combined TRACON& Tower with Radar,61,7,3,0,71,0,0,4,0,4,61,7,7,0,75,0,0,0,75
04/26/2020,RSW,FL,ASO,ES,Combined TRACON& Tower with Radar,43,10,3,0,56,0,0,0,0,0,43,10,3,0,56,0,0,0,56
04/27/2020,RSW,FL,ASO,ES,Combined TRACON& Tower with Radar,51,5,9,0,65,0,5,9,0,14,51,10,18,0,79,0,0,0,79
04/28/2020,RSW,FL,ASO,ES,Combined TRACON& Tower with Radar,52,8,5,0,65,0,1,2,0,3,52,9,7,0,68,0,0,0,68
04/29/2020,RSW,FL,ASO,ES,Combined TRACON& Tower with Radar,49,15,11,8,83,0,0,10,0,10,49,15,21,8,93,0,0,0,93
04/30/2020,RSW,FL,ASO,ES,Combined TRACON& Tower with Radar,56,9,18,0,83,0,0,0,0,0,56,9,18,0,83,0,0,0,83
05/01/2020,RSW,FL,ASO,ES,Combined TRACON& Tower with Radar,47,10,12,0,69,0,2,14,0,16,47,12,26,0,85,0,0,0,85
05/02/2020,RSW,FL,ASO,ES,Combined TRACON& Tower with Radar,62,16,25,0,103,0,0,7,0,7,62,16,32,0,110,0,0,0,110
05/03/2020,RSW,FL,ASO,ES,Combined TRACON& Tower with Radar,59,12,11,0,82,0,0,1,0,1,59,12,12,0,83,0,0,0,83
05/04/2020,RSW,FL,ASO,ES,Combined TRACON& Tower with Radar,59,10,10,14,93,0,1,6,3,10,59,11,16,17,103,0,0,0,103
05/05/2020,RSW,FL,ASO,ES,Combined TRACON& Tower with Radar,61,10,8,6,85,0,0,25,3,28,61,10,33,9,113,0,0,0,113
05/06/2020,RSW,FL,ASO,ES,Combined TRACON& Tower with Radar,53,12,6,0,71,0,0,1,0,1,53,12,7,0,72,0,0,0,72
05/07/2020,RSW,FL,ASO,ES,Combined TRACON& Tower with Radar,65,9,12,6,92,0,3,13,0,16,65,12,25,6,108,0,0,0,108
05/08/2020,RSW,FL,ASO,ES,Combined TRACON& Tower with Radar,62,15,8,55,140,0,1,6,15,22,62,16,14,70,162,0,0,0,162
05/09/2020,RSW,FL,ASO,ES,Combined TRACON& Tower with Radar,49,12,12,0,73,0,2,12,0,14,49,14,24,0,87,0,0,0,87
05/10/2020,RSW,FL,ASO,ES,Combined TRACON& Tower with Radar,56,7,13,0,76,0,0,0,0,0,56,7,13,0,76,0,0,0,76
05/11/2020,RSW,FL,ASO,ES,Combined TRACON& Tower with Radar,60,12,23,0,95,0,2,9,0,11,60,14,32,0,106,0,0,0,106
05/12/2020,RSW,FL,ASO,ES,Combined TRACON& Tower with Radar,54,8,14,0,76,0,0,3,0,3,54,8,17,0,79,0,0,0,79
05/13/2020,RSW,FL,ASO,ES,Combined TRACON& Tower with Radar,58,12,8,0,78,0,2,4,0,6,58,14,12,0,84,0,0,0,84
05/14/2020,RSW,FL,ASO,ES,Combined TRACON& Tower with Radar,63,19,20,3,105,0,0,4,1,5,63,19,24,4,110,0,0,0,110
05/15/2020,RSW,FL,ASO,ES,Combined TRACON& Tower with Radar,57,17,17,0,91,0,0,1,0,1,57,17,18,0,92,0,0,0,92
05/16/2020,RSW,FL,ASO,ES,Combined TRACON& Tower with Radar,47,18,8,11,84,0,0,2,0,2,47,18,10,11,86,0,0,0,86
05/17/2020,RSW,FL,ASO,ES,Combined TRACON& Tower with Radar,60,24,17,0,101,0,1,4,0,5,60,25,21,0,106,0,0,0,106
05/18/2020,RSW,FL,ASO,ES,Combined TRACON& Tower with Radar,73,14,11,0,98,0,0,4,0,4,73,14,15,0,102,0,0,0,102
05/19/2020,RSW,FL,ASO,ES,Combined TRACON& Tower with Radar,58,21,10,0,89,0,0,8,0,8,58,21,18,0,97,0,0,0,97
05/20/2020,RSW,FL,ASO,ES,Combined TRACON& Tower with Radar,65,26,16,89,196,0,0,7,10,17,65,26,23,99,213,0,0,0,213
05/21/2020,RSW,FL,ASO,ES,Combined TRACON& Tower with Radar,76,20,22,0,118,0,0,5,0,5,76,20,27,0,123,0,0,0,123
05/22/2020,RSW,FL,ASO,ES,Combined TRACON& Tower with Radar,80,19,17,2,118,0,0,2,0,2,80,19,19,2,120,0,0,0,120
05/23/2020,RSW,FL,ASO,ES,Combined TRACON& Tower with Radar,69,27,18,0,114,0,0,5,0,5,69,27,23,0,119,0,0,0,119
05/24/2020,RSW,FL,ASO,ES,Combined TRACON& Tower with Radar,66,13,9,0,88,0,1,1,0,2,66,14,10,0,90,0,0,0,90
05/25/2020,RSW,FL,ASO,ES,Combined TRACON& Tower with Radar,71,10,9,0,90,0,0,0,0,0,71,10,9,0,90,0,0,0,90
05/26/2020,RSW,FL,ASO,ES,Combined TRACON& Tower with Radar,86,18,12,2,118,0,2,6,0,8,86,20,18,2,126,0,0,0,126
05/27/2020,RSW,FL,ASO,ES,Combined TRACON& Tower with Radar,63,15,21,12,111,0,0,1,0,1,63,15,22,12,112,0,0,0,112
05/28/2020,RSW,FL,ASO,ES,Combined TRACON& Tower with Radar,72,22,30,20,144,0,0,6,0,6,72,22,36,20,150,0,0,0,150
05/29/2020,RSW,FL,ASO,ES,Combined TRACON& Tower with Radar,81,23,14,0,118,0,0,11,0,11,81,23,25,0,129,0,0,0,129
05/30/2020,RSW,FL,ASO,ES,Combined TRACON& Tower with Radar,70,29,15,0,114,0,0,4,0,4,70,29,19,0,118,0,0,0,118
05/31/2020,RSW,FL,ASO,ES,Combined TRACON& Tower with Radar,73,10,11,0,94,0,0,5,0,5,73,10,16,0,99,0,0,0,99
06/01/2020,RSW,FL,ASO,ES,Combined TRACON& Tower with Radar,81,16,17,0,114,0,0,5,0,5,81,16,22,0,119,0,0,0,119
06/02/2020,RSW,FL,ASO,ES,Combined TRACON& Tower with Radar,78,10,14,6,108,0,0,3,2,5,78,10,17,8,113,0,0,0,113
06/03/2020,RSW,FL,ASO,ES,Combined TRACON& Tower with Radar,81,12,19,0,112,0,0,0,0,0,81,12,19,0,112,0,0,0,112
06/04/2020,RSW,FL,ASO,ES,Combined TRACON& Tower with Radar,88,20,17,3,128,0,0,3,4,7,88,20,20,7,135,0,0,0,135
06/05/2020,RSW,FL,ASO,ES,Combined TRACON& Tower with Radar,94,13,13,0,120,0,0,1,0,1,94,13,14,0,121,0,0,0,121
06/06/2020,RSW,FL,ASO,ES,Combined TRACON& Tower with Radar,85,11,10,0,106,0,0,4,0,4,85,11,14,0,110,0,0,0,110
06/07/2020,RSW,FL,ASO,ES,Combined TRACON& Tower with Radar,86,20,11,4,121,0,1,2,0,3,86,21,13,4,124,0,0,0,124
06/08/2020,RSW,FL,ASO,ES,Combined TRACON& Tower with Radar,87,13,10,0,110,0,1,7,0,8,87,14,17,0,118,0,0,0,118
06/09/2020,RSW,FL,ASO,ES,Combined TRACON& Tower with Radar,78,12,20,35,145,0,0,10,9,19,78,12,30,44,164,0,0,0,164
06/10/2020,RSW,FL,ASO,ES,Combined TRACON& Tower with Radar,83,17,17,13,130,0,0,10,0,10,83,17,27,13,140,0,0,0,140
06/11/2020,RSW,FL,ASO,ES,Combined TRACON& Tower with Radar,95,5,12,0,112,0,1,9,0,10,95,6,21,0,122,0,0,0,122
06/12/2020,RSW,FL,ASO,ES,Combined TRACON& Tower with Radar,97,6,17,0,120,0,0,10,0,10,97,6,27,0,130,0,0,0,130
06/13/2020,RSW,FL,ASO,ES,Combined TRACON& Tower with Radar,92,9,3,0,104,0,0,2,0,2,92,9,5,0,106,0,0,0,106
06/14/2020,RSW,FL,ASO,ES,Combined TRACON& Tower with Radar,95,6,10,0,111,0,0,1,0,1,95,6,11,0,112,0,0,0,112
06/15/2020,RSW,FL,ASO,ES,Combined TRACON& Tower with Radar,94,9,15,0,118,0,0,2,0,2,94,9,17,0,120,0,0,0,120
06/16/2020,RSW,FL,ASO,ES,Combined TRACON& Tower with Radar,83,6,23,16,128,0,17,7,3,27,83,23,30,19,155,0,0,0,155
06/17/2020,RSW,FL,ASO,ES,Combined TRACON& Tower with Radar,86,7,7,0,100,0,2,4,0,6,86,9,11,0,106,0,0,0,106
06/18/2020,RSW,FL,ASO,ES,Combined TRACON& Tower with Radar,106,14,17,0,137,0,0,3,0,3,106,14,20,0,140,0,0,0,140
06/19/2020,RSW,FL,ASO,ES,Combined TRACON& Tower with Radar,97,10,8,0,115,0,0,2,0,2,97,10,10,0,117,0,0,0,117
06/20/2020,RSW,FL,ASO,ES,Combined TRACON& Tower with Radar,92,13,11,0,116,0,0,0,0,0,92,13,11,0,116,0,0,0,116
06/21/2020,RSW,FL,ASO,ES,Combined TRACON& Tower with Radar,107,9,8,0,124,0,0,4,0,4,107,9,12,0,128,0,0,0,128
06/22/2020,RSW,FL,ASO,ES,Combined TRACON& Tower with Radar,102,15,14,0,131,0,2,11,0,13,102,17,25,0,144,0,0,0,144
06/23/2020,RSW,FL,ASO,ES,Combined TRACON& Tower with Radar,94,2,9,0,105,0,0,3,2,5,94,2,12,2,110,0,0,0,110
06/24/2020,RSW,FL,ASO,ES,Combined TRACON& Tower with Radar,99,13,16,17,145,0,0,17,3,20,99,13,33,20,165,0,0,0,165
06/25/2020,RSW,FL,ASO,ES,Combined TRACON& Tower with Radar,119,11,8,14,152,0,0,0,1,1,119,11,8,15,153,0,0,0,153
06/26/2020,RSW,FL,ASO,ES,Combined TRACON& Tower with Radar,113,22,14,0,149,0,0,4,0,4,113,22,18,0,153,0,0,0,153
06/27/2020,RSW,FL,ASO,ES,Combined TRACON& Tower with Radar,102,8,15,6,131,0,0,2,0,2,102,8,17,6,133,0,0,0,133
06/28/2020,RSW,FL,ASO,ES,Combined TRACON& Tower with Radar,110,4,10,0,124,0,0,5,0,5,110,4,15,0,129,0,0,0,129
06/29/2020,RSW,FL,ASO,ES,Combined TRACON& Tower with Radar,100,16,16,0,132,0,0,1,0,1,100,16,17,0,133,0,0,0,133
06/30/2020,RSW,FL,ASO,ES,Combined TRACON& Tower with Radar,97,8,11,0,116,0,2,14,0,16,97,10,25,0,132,0,0,0,132
07/01/2020,RSW,FL,ASO,ES,Combined TRACON& Tower with Radar,112,13,11,11,147,0,0,2,3,5,112,13,13,14,152,0,0,0,152
07/02/2020,RSW,FL,ASO,ES,Combined TRACON& Tower with Radar,123,6,23,8,160,0,0,8,3,11,123,6,31,11,171,0,0,0,171
07/03/2020,RSW,FL,ASO,ES,Combined TRACON& Tower with Radar,116,7,8,0,131,0,0,5,0,5,116,7,13,0,136,0,0,0,136
07/04/2020,RSW,FL,ASO,ES,Combined TRACON& Tower with Radar,100,8,0,0,108,0,0,5,0,5,100,8,5,0,113,0,0,0,113
07/05/2020,RSW,FL,ASO,ES,Combined TRACON& Tower with Radar,126,8,9,0,143,0,0,1,0,1,126,8,10,0,144,0,0,0,144
07/06/2020,RSW,FL,ASO,ES,Combined TRACON& Tower with Radar,127,13,16,0,156,0,2,10,0,12,127,15,26,0,168,0,0,0,168
07/07/2020,RSW,FL,ASO,ES,Combined TRACON& Tower with Radar,124,11,17,0,152,0,0,4,0,4,124,11,21,0,156,0,0,0,156
07/08/2020,RSW,FL,ASO,ES,Combined TRACON& Tower with Radar,126,8,10,20,164,0,0,0,5,5,126,8,10,25,169,0,0,0,169
07/09/2020,RSW,FL,ASO,ES,Combined TRACON& Tower with Radar,123,1,7,10,141,0,2,3,4,9,123,3,10,14,150,0,0,0,150
07/10/2020,RSW,FL,ASO,ES,Combined TRACON& Tower with Radar,129,5,15,4,153,0,0,0,0,0,129,5,15,4,153,0,0,0,153
07/11/2020,RSW,FL,ASO,ES,Combined TRACON& Tower with Radar,132,5,13,0,150,0,0,1,0,1,132,5,14,0,151,0,0,0,151
07/12/2020,RSW,FL,ASO,ES,Combined TRACON& Tower with Radar,127,9,5,0,141,0,0,3,0,3,127,9,8,0,144,0,0,0,144
07/13/2020,RSW,FL,ASO,ES,Combined TRACON& Tower with Radar,124,5,17,9,155,0,0,4,0,4,124,5,21,9,159,0,0,0,159
07/14/2020,RSW,FL,ASO,ES,Combined TRACON& Tower with Radar,126,4,2,0,132,0,0,9,0,9,126,4,11,0,141,0,0,0,141
07/15/2020,RSW,FL,ASO,ES,Combined TRACON& Tower with Radar,122,6,12,0,140,0,0,6,0,6,122,6,18,0,146,0,0,0,146
07/16/2020,RSW,FL,ASO,ES,Combined TRACON& Tower with Radar,130,12,10,0,152,0,0,12,2,14,130,12,22,2,166,0,0,0,166
07/17/2020,RSW,FL,ASO,ES,Combined TRACON& Tower with Radar,128,4,7,12,151,0,0,0,0,0,128,4,7,12,151,0,0,0,151
07/18/2020,RSW,FL,ASO,ES,Combined TRACON& Tower with Radar,123,9,15,0,147,0,0,4,0,4,123,9,19,0,151,0,0,0,151
07/19/2020,RSW,FL,ASO,ES,Combined TRACON& Tower with Radar,124,11,8,0,143,0,0,3,0,3,124,11,11,0,146,0,0,0,146
07/20/2020,RSW,FL,ASO,ES,Combined TRACON& Tower with Radar,125,0,11,0,136,0,0,12,0,12,125,0,23,0,148,0,0,0,148
07/21/2020,RSW,FL,ASO,ES,Combined TRACON& Tower with Radar,119,3,9,0,131,0,0,6,0,6,119,3,15,0,137,0,0,0,137
07/22/2020,RSW,FL,ASO,ES,Combined TRACON& Tower with Radar,124,5,12,0,141,0,0,2,0,2,124,5,14,0,143,0,0,0,143
07/23/2020,RSW,FL,ASO,ES,Combined TRACON& Tower with Radar,125,3,14,0,142,0,0,12,0,12,125,3,26,0,154,0,0,0,154
07/24/2020,RSW,FL,ASO,ES,Combined TRACON& Tower with Radar,126,4,19,0,149,0,0,6,0,6,126,4,25,0,155,0,0,0,155
07/25/2020,RSW,FL,ASO,ES,Combined TRACON& Tower with Radar,128,7,15,0,150,0,0,4,0,4,128,7,19,0,154,0,0,0,154
07/26/2020,RSW,FL,ASO,ES,Combined TRACON& Tower with Radar,120,8,4,0,132,0,0,2,0,2,120,8,6,0,134,0,0,0,134
07/27/2020,RSW,FL,ASO,ES,Combined TRACON& Tower with Radar,117,10,8,0,135,0,0,5,0,5,117,10,13,0,140,0,0,0,140
07/28/2020,RSW,FL,ASO,ES,Combined TRACON& Tower with Radar,116,5,25,1,147,0,0,7,3,10,116,5,32,4,157,0,0,0,157
07/29/2020,RSW,FL,ASO,ES,Combined TRACON& Tower with Radar,112,5,20,0,137,0,0,2,0,2,112,5,22,0,139,0,0,0,139
07/30/2020,RSW,FL,ASO,ES,Combined TRACON& Tower with Radar,115,5,7,0,127,0,2,11,0,13,115,7,18,0,140,0,0,0,140
07/31/2020,RSW,FL,ASO,ES,Combined TRACON& Tower with Radar,124,7,18,0,149,0,0,6,0,6,124,7,24,0,155,0,0,0,155
08/01/2020,RSW,FL,ASO,ES,Combined TRACON& Tower with Radar,122,15,13,0,150,0,0,17,0,17,122,15,30,0,167,0,0,0,167
08/02/2020,RSW,FL,ASO,ES,Combined TRACON& Tower with Radar,119,14,10,0,143,0,0,2,0,2,119,14,12,0,145,0,0,0,145
08/03/2020,RSW,FL,ASO,ES,Combined TRACON& Tower with Radar,118,4,20,0,142,0,0,5,0,5,118,4,25,0,147,0,0,0,147
08/04/2020,RSW,FL,ASO,ES,Combined TRACON& Tower with Radar,99,4,10,4,117,0,0,1,0,1,99,4,11,4,118,0,0,0,118
08/05/2020,RSW,FL,ASO,ES,Combined TRACON& Tower with Radar,101,11,8,0,120,0,0,0,0,0,101,11,8,0,120,0,0,0,120
08/06/2020,RSW,FL,ASO,ES,Combined TRACON& Tower with Radar,125,8,20,0,153,0,0,2,0,2,125,8,22,0,155,0,0,0,155
08/07/2020,RSW,FL,ASO,ES,Combined TRACON& Tower with Radar,128,4,11,0,143,0,2,2,0,4,128,6,13,0,147,0,0,0,147
08/08/2020,RSW,FL,ASO,ES,Combined TRACON& Tower with Radar,115,6,13,0,134,0,2,17,0,19,115,8,30,0,153,0,0,0,153
08/09/2020,RSW,FL,ASO,ES,Combined TRACON& Tower with Radar,127,7,17,0,151,0,0,7,0,7,127,7,24,0,158,0,0,0,158
08/10/2020,RSW,FL,ASO,ES,Combined TRACON& Tower with Radar,117,5,31,1,154,0,0,5,1,6,117,5,36,2,160,0,0,0,160
08/11/2020,RSW,FL,ASO,ES,Combined TRACON& Tower with Radar,93,11,16,0,120,0,0,5,0,5,93,11,21,0,125,0,0,0,125
08/12/2020,RSW,FL,ASO,ES,Combined TRACON& Tower with Radar,85,9,22,0,116,0,0,8,0,8,85,9,30,0,124,0,0,0,124
08/13/2020,RSW,FL,ASO,ES,Combined TRACON& Tower with Radar,116,2,20,6,144,0,1,6,0,7,116,3,26,6,151,0,0,0,151
08/14/2020,RSW,FL,ASO,ES,Combined TRACON& Tower with Radar,112,9,16,0,137,0,0,4,0,4,112,9,20,0,141,0,0,0,141
08/15/2020,RSW,FL,ASO,ES,Combined TRACON& Tower with Radar,113,7,14,0,134,0,0,17,0,17,113,7,31,0,151,0,0,0,151
08/16/2020,RSW,FL,ASO,ES,Combined TRACON& Tower with Radar,118,13,3,0,134,0,0,3,0,3,118,13,6,0,137,0,0,0,137
08/17/2020,RSW,FL,ASO,ES,Combined TRACON& Tower with Radar,107,6,15,2,130,0,0,3,1,4,107,6,18,3,134,0,0,0,134
08/18/2020,RSW,FL,ASO,ES,Combined TRACON& Tower with Radar,89,1,9,7,106,0,0,2,0,2,89,1,11,7,108,0,0,0,108
08/19/2020,RSW,FL,ASO,ES,Combined TRACON& Tower with Radar,92,7,19,2,120,0,0,4,0,4,92,7,23,2,124,0,0,0,124
08/20/2020,RSW,FL,ASO,ES,Combined TRACON& Tower with Radar,111,1,23,2,137,0,0,7,0,7,111,1,30,2,144,0,0,0,144
08/21/2020,RSW,FL,ASO,ES,Combined TRACON& Tower with Radar,108,4,10,7,129,0,0,6,4,10,108,4,16,11,139,0,0,0,139
08/22/2020,RSW,FL,ASO,ES,Combined TRACON& Tower with Radar,108,4,16,0,128,0,0,10,0,10,108,4,26,0,138,0,0,0,138
08/23/2020,RSW,FL,ASO,ES,Combined TRACON& Tower with Radar,116,4,8,0,128,0,0,3,0,3,116,4,11,0,131,0,0,0,131
08/24/2020,RSW,FL,ASO,ES,Combined TRACON& Tower with Radar,106,5,8,18,137,0,0,0,3,3,106,5,8,21,140,0,0,0,140
08/25/2020,RSW,FL,ASO,ES,Combined TRACON& Tower with Radar,91,4,8,0,103,0,0,6,0,6,91,4,14,0,109,0,0,0,109
08/26/2020,RSW,FL,ASO,ES,Combined TRACON& Tower with Radar,86,6,7,0,99,0,2,3,0,5,86,8,10,0,104,0,0,0,104
08/27/2020,RSW,FL,ASO,ES,Combined TRACON& Tower with Radar,112,9,9,3,133,0,1,2,2,5,112,10,11,5,138,0,0,0,138
08/28/2020,RSW,FL,ASO,ES,Combined TRACON& Tower with Radar,108,2,14,1,125,0,0,10,1,11,108,2,24,2,136,0,0,0,136
08/29/2020,RSW,FL,ASO,ES,Combined TRACON& Tower with Radar,110,1,7,8,126,0,0,13,0,13,110,1,20,8,139,0,0,0,139
08/30/2020,RSW,FL,ASO,ES,Combined TRACON& Tower with Radar,120,4,12,0,136,0,0,0,0,0,120,4,12,0,136,0,0,0,136
08/31/2020,RSW,FL,ASO,ES,Combined TRACON& Tower with Radar,106,6,5,0,117,0,2,2,0,4,106,8,7,0,121,0,0,0,121
09/01/2020,RSW,FL,ASO,ES,Combined TRACON& Tower with Radar,87,5,3,0,95,0,2,5,0,7,87,7,8,0,102,0,0,0,102
09/02/2020,RSW,FL,ASO,ES,Combined TRACON& Tower with Radar,85,8,12,5,110,0,0,5,7,12,85,8,17,12,122,0,0,0,122
09/03/2020,RSW,FL,ASO,ES,Combined TRACON& Tower with Radar,110,5,15,0,130,0,0,2,0,2,110,5,17,0,132,0,0,0,132
09/04/2020,RSW,FL,ASO,ES,Combined TRACON& Tower with Radar,114,6,10,0,130,0,1,5,0,6,114,7,15,0,136,0,0,0,136
09/05/2020,RSW,FL,ASO,ES,Combined TRACON& Tower with Radar,103,3,4,0,110,0,0,3,0,3,103,3,7,0,113,0,0,0,113
09/06/2020,RSW,FL,ASO,ES,Combined TRACON& Tower with Radar,87,5,1,2,95,0,0,2,3,5,87,5,3,5,100,0,0,0,100
09/07/2020,RSW,FL,ASO,ES,Combined TRACON& Tower with Radar,102,6,18,0,126,0,0,3,0,3,102,6,21,0,129,0,0,0,129
09/08/2020,RSW,FL,ASO,ES,Combined TRACON& Tower with Radar,87,6,22,10,125,0,0,4,0,4,87,6,26,10,129,0,0,0,129
09/09/2020,RSW,FL,ASO,ES,Combined TRACON& Tower with Radar,81,4,14,0,99,0,0,0,0,0,81,4,14,0,99,0,0,0,99
09/10/2020,RSW,FL,ASO,ES,Combined TRACON& Tower with Radar,93,3,8,0,104,0,0,4,0,4,93,3,12,0,108,0,0,0,108
09/11/2020,RSW,FL,ASO,ES,Combined TRACON& Tower with Radar,89,10,5,5,109,0,0,1,0,1,89,10,6,5,110,0,0,0,110
09/12/2020,RSW,FL,ASO,ES,Combined TRACON& Tower with Radar,81,8,17,0,106,0,0,1,0,1,81,8,18,0,107,0,0,0,107
09/13/2020,RSW,FL,ASO,ES,Combined TRACON& Tower with Radar,82,7,8,0,97,0,0,0,0,0,82,7,8,0,97,0,0,0,97
09/14/2020,RSW,FL,ASO,ES,Combined TRACON& Tower with Radar,87,6,4,0,97,0,0,2,0,2,87,6,6,0,99,0,0,0,99
09/15/2020,RSW,FL,ASO,ES,Combined TRACON& Tower with Radar,75,2,10,0,87,0,0,3,0,3,75,2,13,0,90,0,0,0,90
09/16/2020,RSW,FL,ASO,ES,Combined TRACON& Tower with Radar,76,6,11,10,103,0,0,5,16,21,76,6,16,26,124,0,0,0,124
09/17/2020,RSW,FL,ASO,ES,Combined TRACON& Tower with Radar,92,6,15,0,113,0,0,28,0,28,92,6,43,0,141,0,0,0,141
09/18/2020,RSW,FL,ASO,ES,Combined TRACON& Tower with Radar,94,8,12,4,118,0,0,4,3,7,94,8,16,7,125,0,0,0,125
09/19/2020,RSW,FL,ASO,ES,Combined TRACON& Tower with Radar,84,7,2,0,93,0,2,4,0,6,84,9,6,0,99,0,0,0,99
09/20/2020,RSW,FL,ASO,ES,Combined TRACON& Tower with Radar,86,10,12,4,112,0,0,0,0,0,86,10,12,4,112,0,0,0,112
09/21/2020,RSW,FL,ASO,ES,Combined TRACON& Tower with Radar,85,3,16,2,106,0,0,3,0,3,85,3,19,2,109,0,0,0,109
09/22/2020,RSW,FL,ASO,ES,Combined TRACON& Tower with Radar,76,6,13,4,99,0,0,4,1,5,76,6,17,5,104,0,0,0,104
09/23/2020,RSW,FL,ASO,ES,Combined TRACON& Tower with Radar,78,8,7,0,93,0,0,19,0,19,78,8,26,0,112,0,0,0,112
09/24/2020,RSW,FL,ASO,ES,Combined TRACON& Tower with Radar,93,6,13,0,112,0,0,6,0,6,93,6,19,0,118,0,0,0,118
09/25/2020,RSW,FL,ASO,ES,Combined TRACON& Tower with Radar,98,5,7,0,110,0,0,0,0,0,98,5,7,0,110,0,0,0,110
09/26/2020,RSW,FL,ASO,ES,Combined TRACON& Tower with Radar,86,5,11,0,102,0,0,2,0,2,86,5,13,0,104,0,0,0,104
09/27/2020,RSW,FL,ASO,ES,Combined TRACON& Tower with Radar,86,16,10,0,112,0,0,0,0,0,86,16,10,0,112,0,0,0,112
09/28/2020,RSW,FL,ASO,ES,Combined TRACON& Tower with Radar,87,9,15,0,111,0,0,6,0,6,87,9,21,0,117,0,0,0,117
09/29/2020,RSW,FL,ASO,ES,Combined TRACON& Tower with Radar,84,9,8,0,101,0,0,2,0,2,84,9,10,0,103,0,0,0,103
09/30/2020,RSW,FL,ASO,ES,Combined TRACON& Tower with Radar,82,13,11,0,106,0,0,6,0,6,82,13,17,0,112,0,0,0,112
10/01/2020,RSW,FL,ASO,ES,Combined TRACON& Tower with Radar,123,9,15,8,155,0,0,2,2,4,123,9,17,10,159,0,0,0,159
10/02/2020,RSW,FL,ASO,ES,Combined TRACON& Tower with Radar,114,9,11,0,134,0,0,5,0,5,114,9,16,0,139,0,0,0,139
10/03/2020,RSW,FL,ASO,ES,Combined TRACON& Tower with Radar,101,12,13,0,126,0,0,0,0,0,101,12,13,0,126,0,0,0,126
10/04/2020,RSW,FL,ASO,ES,Combined TRACON& Tower with Radar,108,10,13,0,131,0,0,0,0,0,108,10,13,0,131,0,0,0,131
10/05/2020,RSW,FL,ASO,ES,Combined TRACON& Tower with Radar,111,6,11,0,128,0,0,4,0,4,111,6,15,0,132,0,0,0,132
10/06/2020,RSW,FL,ASO,ES,Combined TRACON& Tower with Radar,98,10,6,0,114,0,0,2,0,2,98,10,8,0,116,0,0,0,116
10/07/2020,RSW,FL,ASO,ES,Combined TRACON& Tower with Radar,104,8,28,0,140,0,0,3,0,3,104,8,31,0,143,0,0,0,143
10/08/2020,RSW,FL,ASO,ES,Combined TRACON& Tower with Radar,158,11,23,0,192,0,0,2,0,2,158,11,25,0,194,0,0,0,194
10/09/2020,RSW,FL,ASO,ES,Combined TRACON& Tower with Radar,156,9,20,0,185,0,1,7,0,8,156,10,27,0,193,0,0,0,193
10/10/2020,RSW,FL,ASO,ES,Combined TRACON& Tower with Radar,149,14,17,4,184,0,0,6,0,6,149,14,23,4,190,0,0,0,190
10/11/2020,RSW,FL,ASO,ES,Combined TRACON& Tower with Radar,155,19,13,2,189,0,0,6,0,6,155,19,19,2,195,0,0,0,195
10/12/2020,RSW,FL,ASO,ES,Combined TRACON& Tower with Radar,148,7,29,0,184,0,0,2,0,2,148,7,31,0,186,0,0,0,186
10/13/2020,RSW,FL,ASO,ES,Combined TRACON& Tower with Radar,122,10,17,15,164,0,0,11,0,11,122,10,28,15,175,0,0,0,175
10/14/2020,RSW,FL,ASO,ES,Combined TRACON& Tower with Radar,134,15,16,2,167,0,0,10,2,12,134,15,26,4,179,0,0,0,179
10/15/2020,RSW,FL,ASO,ES,Combined TRACON& Tower with Radar,156,25,14,6,201,0,0,5,0,5,156,25,19,6,206,0,0,0,206
10/16/2020,RSW,FL,ASO,ES,Combined TRACON& Tower with Radar,153,4,12,4,173,0,0,14,0,14,153,4,26,4,187,0,0,0,187
10/17/2020,RSW,FL,ASO,ES,Combined TRACON& Tower with Radar,163,6,17,2,188,0,0,1,0,1,163,6,18,2,189,0,0,0,189
10/18/2020,RSW,FL,ASO,ES,Combined TRACON& Tower with Radar,170,17,11,6,204,0,0,8,0,8,170,17,19,6,212,0,0,0,212
10/19/2020,RSW,FL,ASO,ES,Combined TRACON& Tower with Radar,152,18,18,1,189,0,0,0,0,0,152,18,18,1,189,0,0,0,189
10/20/2020,RSW,FL,ASO,ES,Combined TRACON& Tower with Radar,118,11,7,2,138,0,0,3,2,5,118,11,10,4,143,0,0,0,143
10/21/2020,RSW,FL,ASO,ES,Combined TRACON& Tower with Radar,129,16,12,4,161,0,0,8,0,8,129,16,20,4,169,0,0,0,169
10/22/2020,RSW,FL,ASO,ES,Combined TRACON& Tower with Radar,145,19,21,4,189,0,6,8,0,14,145,25,29,4,203,0,0,0,203
10/23/2020,RSW,FL,ASO,ES,Combined TRACON& Tower with Radar,146,20,19,0,185,0,0,1,0,1,146,20,20,0,186,0,0,0,186
10/24/2020,RSW,FL,ASO,ES,Combined TRACON& Tower with Radar,143,17,16,0,176,0,0,1,0,1,143,17,17,0,177,0,0,0,177
10/25/2020,RSW,FL,ASO,ES,Combined TRACON& Tower with Radar,158,25,20,0,203,0,12,1,0,13,158,37,21,0,216,0,0,0,216
10/26/2020,RSW,FL,ASO,ES,Combined TRACON& Tower with Radar,139,12,26,2,179,0,0,5,0,5,139,12,31,2,184,0,0,0,184
10/27/2020,RSW,FL,ASO,ES,Combined TRACON& Tower with Radar,111,11,10,0,132,0,0,1,0,1,111,11,11,0,133,0,0,0,133
10/28/2020,RSW,FL,ASO,ES,Combined TRACON& Tower with Radar,116,24,15,8,163,0,1,13,0,14,116,25,28,8,177,0,0,0,177
10/29/2020,RSW,FL,ASO,ES,Combined TRACON& Tower with Radar,135,11,28,26,200,0,4,6,2,12,135,15,34,28,212,0,0,0,212
10/30/2020,RSW,FL,ASO,ES,Combined TRACON& Tower with Radar,143,9,23,0,175,0,0,4,0,4,143,9,27,0,179,0,0,0,179
10/31/2020,RSW,FL,ASO,ES,Combined TRACON& Tower with Radar,117,14,21,5,157,0,1,2,4,7,117,15,23,9,164,0,0,0,164
11/01/2020,RSW,FL,ASO,ES,Combined TRACON& Tower with Radar,139,24,14,0,177,0,0,0,0,0,139,24,14,0,177,0,0,0,177
11/02/2020,RSW,FL,ASO,ES,Combined TRACON& Tower with Radar,130,10,13,0,153,0,0,4,0,4,130,10,17,0,157,0,0,0,157
11/03/2020,RSW,FL,ASO,ES,Combined TRACON& Tower with Radar,109,8,16,11,144,2,0,2,8,12,111,8,18,19,156,0,0,0,156
11/04/2020,RSW,FL,ASO,ES,Combined TRACON& Tower with Radar,156,15,16,0,187,3,0,9,0,12,159,15,25,0,199,0,0,0,199
11/05/2020,RSW,FL,ASO,ES,Combined TRACON& Tower with Radar,189,20,23,3,235,9,1,3,0,13,198,21,26,3,248,0,0,0,248
11/06/2020,RSW,FL,ASO,ES,Combined TRACON& Tower with Radar,202,12,13,0,227,2,0,5,0,7,204,12,18,0,234,0,0,0,234
11/07/2020,RSW,FL,ASO,ES,Combined TRACON& Tower with Radar,192,22,34,0,248,0,0,2,0,2,192,22,36,0,250,0,0,0,250
11/08/2020,RSW,FL,ASO,ES,Combined TRACON& Tower with Radar,184,16,19,2,221,0,0,0,0,0,184,16,19,2,221,0,0,0,221
11/09/2020,RSW,FL,ASO,ES,Combined TRACON& Tower with Radar,175,7,2,0,184,0,0,0,0,0,175,7,2,0,184,0,0,0,184
11/10/2020,RSW,FL,ASO,ES,Combined TRACON& Tower with Radar,137,12,14,0,163,0,0,0,0,0,137,12,14,0,163,0,0,0,163
11/11/2020,RSW,FL,ASO,ES,Combined TRACON& Tower with Radar,150,10,5,2,167,0,0,0,0,0,150,10,5,2,167,0,0,0,167
11/12/2020,RSW,FL,ASO,ES,Combined TRACON& Tower with Radar,188,9,26,0,223,0,0,2,0,2,188,9,28,0,225,0,0,0,225
11/13/2020,RSW,FL,ASO,ES,Combined TRACON& Tower with Radar,200,14,8,0,222,0,5,8,0,13,200,19,16,0,235,0,0,0,235
11/14/2020,RSW,FL,ASO,ES,Combined TRACON& Tower with Radar,185,18,18,0,221,0,0,2,0,2,185,18,20,0,223,0,0,0,223
11/15/2020,RSW,FL,ASO,ES,Combined TRACON& Tower with Radar,196,21,24,0,241,0,1,3,0,4,196,22,27,0,245,0,0,0,245
11/16/2020,RSW,FL,ASO,ES,Combined TRACON& Tower with Radar,191,11,15,7,224,0,3,15,0,18,191,14,30,7,242,0,0,0,242
11/17/2020,RSW,FL,ASO,ES,Combined TRACON& Tower with Radar,139,9,17,0,165,0,2,3,0,5,139,11,20,0,170,0,0,0,170
11/18/2020,RSW,FL,ASO,ES,Combined TRACON& Tower with Radar,153,14,24,0,191,0,0,6,0,6,153,14,30,0,197,0,0,0,197
11/19/2020,RSW,FL,ASO,ES,Combined TRACON& Tower with Radar,216,4,26,0,246,0,0,7,0,7,216,4,33,0,253,0,0,0,253
11/20/2020,RSW,FL,ASO,ES,Combined TRACON& Tower with Radar,230,22,38,0,290,0,0,17,0,17,230,22,55,0,307,0,0,0,307
11/21/2020,RSW,FL,ASO,ES,Combined TRACON& Tower with Radar,249,28,21,0,298,0,0,1,0,1,249,28,22,0,299,0,0,0,299
11/22/2020,RSW,FL,ASO,ES,Combined TRACON& Tower with Radar,238,20,21,0,279,0,0,5,0,5,238,20,26,0,284,0,0,0,284
11/23/2020,RSW,FL,ASO,ES,Combined TRACON& Tower with Radar,234,13,27,0,274,0,0,13,0,13,234,13,40,0,287,0,0,0,287
11/24/2020,RSW,FL,ASO,ES,Combined TRACON& Tower with Radar,241,16,25,0,282,0,1,11,0,12,241,17,36,0,294,0,0,0,294
11/25/2020,RSW,FL,ASO,ES,Combined TRACON& Tower with Radar,236,29,27,2,294,0,0,2,0,2,236,29,29,2,296,0,0,0,296
11/26/2020,RSW,FL,ASO,ES,Combined TRACON& Tower with Radar,129,9,4,0,142,0,0,3,0,3,129,9,7,0,145,0,0,0,145
11/27/2020,RSW,FL,ASO,ES,Combined TRACON& Tower with Radar,209,24,23,0,256,1,0,7,0,8,210,24,30,0,264,0,0,0,264
11/28/2020,RSW,FL,ASO,ES,Combined TRACON& Tower with Radar,261,20,24,0,305,0,2,9,0,11,261,22,33,0,316,0,0,0,316
11/29/2020,RSW,FL,ASO,ES,Combined TRACON& Tower with Radar,268,43,36,0,347,0,0,4,0,4,268,43,40,0,351,0,0,0,351
11/30/2020,RSW,FL,ASO,ES,Combined TRACON& Tower with Radar,245,20,34,14,313,0,0,2,8,10,245,20,36,22,323,0,0,0,323
12/01/2020,RSW,FL,ASO,ES,Combined TRACON& Tower with Radar,198,16,20,0,234,0,0,7,0,7,198,16,27,0,241,0,0,0,241
12/02/2020,RSW,FL,ASO,ES,Combined TRACON& Tower with Radar,150,16,14,2,182,0,2,7,0,9,150,18,21,2,191,0,0,0,191
12/03/2020,RSW,FL,ASO,ES,Combined TRACON& Tower with Radar,192,15,37,0,244,0,0,12,0,12,192,15,49,0,256,0,0,0,256
12/04/2020,RSW,FL,ASO,ES,Combined TRACON& Tower with Radar,191,22,24,1,238,0,0,8,0,8,191,22,32,1,246,0,0,0,246
12/05/2020,RSW,FL,ASO,ES,Combined TRACON& Tower with Radar,161,15,16,0,192,0,0,9,0,9,161,15,25,0,201,0,0,0,201
12/06/2020,RSW,FL,ASO,ES,Combined TRACON& Tower with Radar,192,26,15,0,233,0,0,4,0,4,192,26,19,0,237,0,0,0,237
12/07/2020,RSW,FL,ASO,ES,Combined TRACON& Tower with Radar,187,11,17,6,221,0,0,10,0,10,187,11,27,6,231,0,0,0,231
12/08/2020,RSW,FL,ASO,ES,Combined TRACON& Tower with Radar,140,22,17,1,180,0,2,4,1,7,140,24,21,2,187,0,0,0,187
12/09/2020,RSW,FL,ASO,ES,Combined TRACON& Tower with Radar,138,5,18,1,162,0,0,10,0,10,138,5,28,1,172,0,0,0,172
12/10/2020,RSW,FL,ASO,ES,Combined TRACON& Tower with Radar,191,15,16,6,228,0,2,2,0,4,191,17,18,6,232,0,0,0,232
12/11/2020,RSW,FL,ASO,ES,Combined TRACON& Tower with Radar,184,11,20,0,215,0,0,3,0,3,184,11,23,0,218,0,0,0,218
12/12/2020,RSW,FL,ASO,ES,Combined TRACON& Tower with Radar,161,21,28,0,210,0,0,7,2,9,161,21,35,2,219,0,0,0,219
12/13/2020,RSW,FL,ASO,ES,Combined TRACON& Tower with Radar,185,19,25,8,237,0,0,4,0,4,185,19,29,8,241,0,0,0,241
12/14/2020,RSW,FL,ASO,ES,Combined TRACON& Tower with Radar,186,20,10,0,216,0,0,3,0,3,186,20,13,0,219,0,0,0,219
12/15/2020,RSW,FL,ASO,ES,Combined TRACON& Tower with Radar,143,24,4,2,173,0,0,5,0,5,143,24,9,2,178,0,0,0,178
12/16/2020,RSW,FL,ASO,ES,Combined TRACON& Tower with Radar,155,20,18,0,193,0,0,4,0,4,155,20,22,0,197,0,0,0,197
12/17/2020,RSW,FL,ASO,ES,Combined TRACON& Tower with Radar,233,16,14,0,263,0,0,0,0,0,233,16,14,0,263,0,0,0,263
12/18/2020,RSW,FL,ASO,ES,Combined TRACON& Tower with Radar,283,22,15,0,320,0,0,0,0,0,283,22,15,0,320,0,0,0,320
12/19/2020,RSW,FL,ASO,ES,Combined TRACON& Tower with Radar,314,29,33,0,376,0,1,15,0,16,314,30,48,0,392,0,0,0,392
12/20/2020,RSW,FL,ASO,ES,Combined TRACON& Tower with Radar,274,19,19,0,312,0,0,1,0,1,274,19,20,0,313,0,0,0,313
12/21/2020,RSW,FL,ASO,ES,Combined TRACON& Tower with Radar,272,15,18,6,311,0,0,0,4,4,272,15,18,10,315,0,0,0,315
12/22/2020,RSW,FL,ASO,ES,Combined TRACON& Tower with Radar,284,20,15,0,319,0,1,4,0,5,284,21,19,0,324,0,0,0,324
12/23/2020,RSW,FL,ASO,ES,Combined TRACON& Tower with Radar,297,31,17,0,345,0,0,5,0,5,297,31,22,0,350,0,0,0,350
12/24/2020,RSW,FL,ASO,ES,Combined TRACON& Tower with Radar,211,13,14,0,238,0,0,6,0,6,211,13,20,0,244,0,0,0,244
12/25/2020,RSW,FL,ASO,ES,Combined TRACON& Tower with Radar,202,18,9,0,229,0,0,1,0,1,202,18,10,0,230,0,0,0,230
12/26/2020,RSW,FL,ASO,ES,Combined TRACON& Tower with Radar,312,61,78,0,451,0,0,2,0,2,312,61,80,0,453,0,0,0,453
12/27/2020,RSW,FL,ASO,ES,Combined TRACON& Tower with Radar,305,54,73,0,432,0,0,3,0,3,305,54,76,0,435,0,0,0,435
12/28/2020,RSW,FL,ASO,ES,Combined TRACON& Tower with Radar,289,35,34,0,358,0,0,4,0,4,289,35,38,0,362,0,0,0,362
12/29/2020,RSW,FL,ASO,ES,Combined TRACON& Tower with Radar,287,58,40,0,385,0,1,11,0,12,287,59,51,0,397,0,0,0,397
12/30/2020,RSW,FL,ASO,ES,Combined TRACON& Tower with Radar,287,30,30,0,347,0,0,4,0,4,287,30,34,0,351,0,0,0,351
12/31/2020,RSW,FL,ASO,ES,Combined TRACON& Tower with Radar,215,16,17,0,248,0,0,11,0,11,215,16,28,0,259,0,0,0,259
01/01/2021,RSW,FL,ASO,ES,Combined TRACON& Tower with Radar,235,26,20,0,281,1,0,4,0,5,236,26,24,0,286,0,0,0,286
01/02/2021,RSW,FL,ASO,ES,Combined TRACON& Tower with Radar,312,49,57,0,418,0,1,2,0,3,312,50,59,0,421,0,0,0,421
01/03/2021,RSW,FL,ASO,ES,Combined TRACON& Tower with Radar,307,41,63,0,411,0,0,0,0,0,307,41,63,0,411,0,0,0,411
01/04/2021,RSW,FL,ASO,ES,Combined TRACON& Tower with Radar,277,35,36,0,348,0,0,11,0,11,277,35,47,0,359,0,0,0,359
01/05/2021,RSW,FL,ASO,ES,Combined TRACON& Tower with Radar,220,31,18,0,269,0,0,20,0,20,220,31,38,0,289,0,0,0,289
01/06/2021,RSW,FL,ASO,ES,Combined TRACON& Tower with Radar,194,21,28,0,243,0,0,10,0,10,194,21,38,0,253,0,0,0,253
01/07/2021,RSW,FL,ASO,ES,Combined TRACON& Tower with Radar,224,24,25,0,273,0,0,11,0,11,224,24,36,0,284,0,0,0,284
01/08/2021,RSW,FL,ASO,ES,Combined TRACON& Tower with Radar,233,17,19,13,282,0,0,16,0,16,233,17,35,13,298,0,0,0,298
01/09/2021,RSW,FL,ASO,ES,Combined TRACON& Tower with Radar,231,25,20,0,276,0,3,4,0,7,231,28,24,0,283,0,0,0,283
01/10/2021,RSW,FL,ASO,ES,Combined TRACON& Tower with Radar,233,17,20,0,270,0,0,8,0,8,233,17,28,0,278,0,0,0,278
01/11/2021,RSW,FL,ASO,ES,Combined TRACON& Tower with Radar,216,9,13,34,272,0,0,13,5,18,216,9,26,39,290,0,0,0,290
01/12/2021,RSW,FL,ASO,ES,Combined TRACON& Tower with Radar,171,14,24,0,209,0,1,1,0,2,171,15,25,0,211,0,0,0,211
01/13/2021,RSW,FL,ASO,ES,Combined TRACON& Tower with Radar,172,20,20,0,212,0,0,1,0,1,172,20,21,0,213,0,0,0,213
01/14/2021,RSW,FL,ASO,ES,Combined TRACON& Tower with Radar,223,16,27,1,267,0,0,17,0,17,223,16,44,1,284,0,0,0,284
01/15/2021,RSW,FL,ASO,ES,Combined TRACON& Tower with Radar,227,12,21,4,264,0,1,20,3,24,227,13,41,7,288,0,0,0,288
01/16/2021,RSW,FL,ASO,ES,Combined TRACON& Tower with Radar,217,22,17,0,256,0,0,8,0,8,217,22,25,0,264,0,0,0,264
01/17/2021,RSW,FL,ASO,ES,Combined TRACON& Tower with Radar,232,19,21,0,272,0,0,14,0,14,232,19,35,0,286,0,0,0,286
01/18/2021,RSW,FL,ASO,ES,Combined TRACON& Tower with Radar,216,12,28,0,256,0,0,10,0,10,216,12,38,0,266,0,0,0,266
01/19/2021,RSW,FL,ASO,ES,Combined TRACON& Tower with Radar,171,17,15,6,209,0,0,8,0,8,171,17,23,6,217,0,0,0,217
01/20/2021,RSW,FL,ASO,ES,Combined TRACON& Tower with Radar,171,12,26,6,215,0,0,17,0,17,171,12,43,6,232,0,0,0,232
01/21/2021,RSW,FL,ASO,ES,Combined TRACON& Tower with Radar,220,11,30,18,279,0,0,12,8,20,220,11,42,26,299,0,0,0,299
01/22/2021,RSW,FL,ASO,ES,Combined TRACON& Tower with Radar,216,19,21,20,276,0,0,9,0,9,216,19,30,20,285,0,0,0,285
01/23/2021,RSW,FL,ASO,ES,Combined TRACON& Tower with Radar,207,19,13,0,239,1,0,3,0,4,208,19,16,0,243,0,0,0,243
01/24/2021,RSW,FL,ASO,ES,Combined TRACON& Tower with Radar,227,20,19,0,266,0,1,5,0,6,227,21,24,0,272,0,0,0,272
01/25/2021,RSW,FL,ASO,ES,Combined TRACON& Tower with Radar,204,17,8,4,233,0,1,5,0,6,204,18,13,4,239,0,0,0,239
01/26/2021,RSW,FL,ASO,ES,Combined TRACON& Tower with Radar,168,14,7,23,212,0,0,6,5,11,168,14,13,28,223,0,16,16,239
01/27/2021,RSW,FL,ASO,ES,Combined TRACON& Tower with Radar,178,17,28,15,238,0,0,3,0,3,178,17,31,15,241,0,0,0,241
01/28/2021,RSW,FL,ASO,ES,Combined TRACON& Tower with Radar,223,14,29,3,269,0,0,7,0,7,223,14,36,3,276,0,0,0,276
01/29/2021,RSW,FL,ASO,ES,Combined TRACON& Tower with Radar,218,22,41,2,283,0,0,8,0,8,218,22,49,2,291,0,0,0,291
01/30/2021,RSW,FL,ASO,ES,Combined TRACON& Tower with Radar,205,24,41,0,270,0,1,10,0,11,205,25,51,0,281,0,0,0,281
01/31/2021,RSW,FL,ASO,ES,Combined TRACON& Tower with Radar,211,17,16,1,245,0,0,4,0,4,211,17,20,1,249,0,0,0,249
02/01/2021,RSW,FL,ASO,ES,Combined TRACON& Tower with Radar,180,9,22,13,224,0,0,11,0,11,180,9,33,13,235,0,0,0,235
02/02/2021,RSW,FL,ASO,ES,Combined TRACON& Tower with Radar,167,11,14,5,197,0,0,0,0,0,167,11,14,5,197,0,0,0,197
02/03/2021,RSW,FL,ASO,ES,Combined TRACON& Tower with Radar,177,16,26,0,219,0,3,4,0,7,177,19,30,0,226,0,0,0,226
02/04/2021,RSW,FL,ASO,ES,Combined TRACON& Tower with Radar,221,10,24,0,255,0,0,10,0,10,221,10,34,0,265,0,0,0,265
02/05/2021,RSW,FL,ASO,ES,Combined TRACON& Tower with Radar,239,19,17,6,281,0,0,7,2,9,239,19,24,8,290,0,0,0,290
02/06/2021,RSW,FL,ASO,ES,Combined TRACON& Tower with Radar,226,20,24,4,274,0,0,0,0,0,226,20,24,4,274,0,0,0,274
02/07/2021,RSW,FL,ASO,ES,Combined TRACON& Tower with Radar,231,16,19,0,266,0,0,0,0,0,231,16,19,0,266,0,0,0,266
02/08/2021,RSW,FL,ASO,ES,Combined TRACON& Tower with Radar,227,37,23,0,287,0,0,2,0,2,227,37,25,0,289,0,0,0,289
02/09/2021,RSW,FL,ASO,ES,Combined TRACON& Tower with Radar,177,21,27,22,247,0,1,5,0,6,177,22,32,22,253,0,0,0,253
02/10/2021,RSW,FL,ASO,ES,Combined TRACON& Tower with Radar,176,33,26,0,235,0,3,6,0,9,176,36,32,0,244,0,0,0,244
02/11/2021,RSW,FL,ASO,ES,Combined TRACON& Tower with Radar,254,24,22,17,317,0,2,4,0,6,254,26,26,17,323,0,0,0,323
02/12/2021,RSW,FL,ASO,ES,Combined TRACON& Tower with Radar,277,27,20,25,349,0,0,8,0,8,277,27,28,25,357,0,0,0,357
02/13/2021,RSW,FL,ASO,ES,Combined TRACON& Tower with Radar,259,35,29,0,323,0,2,2,0,4,259,37,31,0,327,0,0,0,327
02/14/2021,RSW,FL,ASO,ES,Combined TRACON& Tower with Radar,248,34,27,0,309,0,0,4,0,4,248,34,31,0,313,0,0,0,313
02/15/2021,RSW,FL,ASO,ES,Combined TRACON& Tower with Radar,226,25,38,8,297,0,0,12,0,12,226,25,50,8,309,0,0,0,309
02/16/2021,RSW,FL,ASO,ES,Combined TRACON& Tower with Radar,173,28,32,0,233,0,0,3,0,3,173,28,35,0,236,0,0,0,236
02/17/2021,RSW,FL,ASO,ES,Combined TRACON& Tower with Radar,179,12,23,0,214,0,0,0,0,0,179,12,23,0,214,0,0,0,214
02/18/2021,RSW,FL,ASO,ES,Combined TRACON& Tower with Radar,209,12,17,45,283,0,3,11,0,14,209,15,28,45,297,0,0,0,297
02/19/2021,RSW,FL,ASO,ES,Combined TRACON& Tower with Radar,251,25,22,5,303,0,0,2,1,3,251,25,24,6,306,0,0,0,306
02/20/2021,RSW,FL,ASO,ES,Combined TRACON& Tower with Radar,246,33,37,4,320,0,0,12,0,12,246,33,49,4,332,0,0,0,332
02/21/2021,RSW,FL,ASO,ES,Combined TRACON& Tower with Radar,248,31,47,0,326,0,1,1,0,2,248,32,48,0,328,0,0,0,328
02/22/2021,RSW,FL,ASO,ES,Combined TRACON& Tower with Radar,243,19,16,8,286,0,0,4,0,4,243,19,20,8,290,0,0,0,290
02/23/2021,RSW,FL,ASO,ES,Combined TRACON& Tower with Radar,190,28,28,2,248,0,0,1,0,1,190,28,29,2,249,0,0,0,249
02/24/2021,RSW,FL,ASO,ES,Combined TRACON& Tower with Radar,190,26,15,2,233,0,0,6,0,6,190,26,21,2,239,0,0,0,239
02/25/2021,RSW,FL,ASO,ES,Combined TRACON& Tower with Radar,233,14,38,0,285,0,0,4,0,4,233,14,42,0,289,0,0,0,289
02/26/2021,RSW,FL,ASO,ES,Combined TRACON& Tower with Radar,253,25,32,2,312,0,2,3,1,6,253,27,35,3,318,0,0,0,318
02/27/2021,RSW,FL,ASO,ES,Combined TRACON& Tower with Radar,246,31,21,0,298,0,1,2,0,3,246,32,23,0,301,0,0,0,301
02/28/2021,RSW,FL,ASO,ES,Combined TRACON& Tower with Radar,250,32,21,0,303,0,0,5,0,5,250,32,26,0,308,0,0,0,308
03/01/2021,RSW,FL,ASO,ES,Combined TRACON& Tower with Radar,243,11,25,0,279,0,2,10,0,12,243,13,35,0,291,0,0,0,291
03/02/2021,RSW,FL,ASO,ES,Combined TRACON& Tower with Radar,190,17,23,6,236,0,0,3,0,3,190,17,26,6,239,0,0,0,239
03/03/2021,RSW,FL,ASO,ES,Combined TRACON& Tower with Radar,190,16,36,2,244,0,0,4,1,5,190,16,40,3,249,0,0,0,249
03/04/2021,RSW,FL,ASO,ES,Combined TRACON& Tower with Radar,264,28,32,1,325,0,0,8,1,9,264,28,40,2,334,0,0,0,334
03/05/2021,RSW,FL,ASO,ES,Combined TRACON& Tower with Radar,272,16,36,22,346,0,0,8,0,8,272,16,44,22,354,0,0,0,354
03/06/2021,RSW,FL,ASO,ES,Combined TRACON& Tower with Radar,278,16,23,6,323,0,0,0,0,0,278,16,23,6,323,0,0,0,323
03/07/2021,RSW,FL,ASO,ES,Combined TRACON& Tower with Radar,289,21,33,6,349,0,1,2,0,3,289,22,35,6,352,0,0,0,352
03/08/2021,RSW,FL,ASO,ES,Combined TRACON& Tower with Radar,296,13,26,5,340,1,5,7,0,13,297,18,33,5,353,0,0,0,353
03/09/2021,RSW,FL,ASO,ES,Combined TRACON& Tower with Radar,223,12,27,0,262,0,0,6,0,6,223,12,33,0,268,0,0,0,268
03/10/2021,RSW,FL,ASO,ES,Combined TRACON& Tower with Radar,242,13,34,2,291,0,0,8,0,8,242,13,42,2,299,0,0,0,299
03/11/2021,RSW,FL,ASO,ES,Combined TRACON& Tower with Radar,339,20,38,8,405,1,0,20,7,28,340,20,58,15,433,0,0,0,433
03/12/2021,RSW,FL,ASO,ES,Combined TRACON& Tower with Radar,340,20,49,4,413,0,0,13,2,15,340,20,62,6,428,0,0,0,428
03/13/2021,RSW,FL,ASO,ES,Combined TRACON& Tower with Radar,368,21,33,0,422,0,0,12,0,12,368,21,45,0,434,0,0,0,434
03/14/2021,RSW,FL,ASO,ES,Combined TRACON& Tower with Radar,328,31,31,0,390,0,0,2,0,2,328,31,33,0,392,0,0,0,392
03/15/2021,RSW,FL,ASO,ES,Combined TRACON& Tower with Radar,322,17,12,6,357,0,2,2,0,4,322,19,14,6,361,0,0,0,361
03/16/2021,RSW,FL,ASO,ES,Combined TRACON& Tower with Radar,292,22,12,9,335,0,0,7,3,10,292,22,19,12,345,0,0,0,345
03/17/2021,RSW,FL,ASO,ES,Combined TRACON& Tower with Radar,292,24,21,0,337,0,0,7,0,7,292,24,28,0,344,0,0,0,344
03/18/2021,RSW,FL,ASO,ES,Combined TRACON& Tower with Radar,347,16,37,20,420,0,0,3,0,3,347,16,40,20,423,0,0,0,423
03/19/2021,RSW,FL,ASO,ES,Combined TRACON& Tower with Radar,350,27,36,2,415,0,2,2,0,4,350,29,38,2,419,0,0,0,419
03/20/2021,RSW,FL,ASO,ES,Combined TRACON& Tower with Radar,372,25,36,2,435,0,0,2,0,2,372,25,38,2,437,0,0,0,437
03/21/2021,RSW,FL,ASO,ES,Combined TRACON& Tower with Radar,347,30,22,13,412,0,0,1,0,1,347,30,23,13,413,0,0,0,413
03/22/2021,RSW,FL,ASO,ES,Combined TRACON& Tower with Radar,338,26,27,11,402,0,1,4,0,5,338,27,31,11,407,0,0,0,407
03/23/2021,RSW,FL,ASO,ES,Combined TRACON& Tower with Radar,292,21,37,0,350,0,0,6,0,6,292,21,43,0,356,0,0,0,356
03/24/2021,RSW,FL,ASO,ES,Combined TRACON& Tower with Radar,297,27,53,6,383,0,1,10,2,13,297,28,63,8,396,0,0,0,396
03/25/2021,RSW,FL,ASO,ES,Combined TRACON& Tower with Radar,344,25,35,5,409,0,0,4,0,4,344,25,39,5,413,0,0,0,413
03/26/2021,RSW,FL,ASO,ES,Combined TRACON& Tower with Radar,347,33,34,0,414,0,10,6,0,16,347,43,40,0,430,0,0,0,430
03/27/2021,RSW,FL,ASO,ES,Combined TRACON& Tower with Radar,382,41,36,0,459,0,0,4,0,4,382,41,40,0,463,0,0,0,463
03/28/2021,RSW,FL,ASO,ES,Combined TRACON& Tower with Radar,332,19,27,0,378,0,0,3,0,3,332,19,30,0,381,0,0,0,381
03/29/2021,RSW,FL,ASO,ES,Combined TRACON& Tower with Radar,324,24,37,0,385,0,0,8,0,8,324,24,45,0,393,0,0,0,393
03/30/2021,RSW,FL,ASO,ES,Combined TRACON& Tower with Radar,316,17,29,0,362,0,0,0,0,0,316,17,29,0,362,0,0,0,362
03/31/2021,RSW,FL,ASO,ES,Combined TRACON& Tower with Radar,301,31,31,12,375,0,0,1,4,5,301,31,32,16,380,0,0,0,380
04/01/2021,RSW,FL,ASO,ES,Combined TRACON& Tower with Radar,337,36,21,0,394,0,1,3,0,4,337,37,24,0,398,0,0,0,398
04/02/2021,RSW,FL,ASO,ES,Combined TRACON& Tower with Radar,350,28,40,4,422,0,0,10,0,10,350,28,50,4,432,0,0,0,432
04/03/2021,RSW,FL,ASO,ES,Combined TRACON& Tower with Radar,381,34,39,0,454,0,0,2,0,2,381,34,41,0,456,0,0,0,456
04/04/2021,RSW,FL,ASO,ES,Combined TRACON& Tower with Radar,344,24,23,0,391,0,0,0,0,0,344,24,23,0,391,0,0,0,391
04/05/2021,RSW,FL,ASO,ES,Combined TRACON& Tower with Radar,335,31,31,0,397,0,0,1,0,1,335,31,32,0,398,0,0,0,398
04/06/2021,RSW,FL,ASO,ES,Combined TRACON& Tower with Radar,310,25,12,12,359,0,0,16,0,16,310,25,28,12,375,0,0,0,375
04/07/2021,RSW,FL,ASO,ES,Combined TRACON& Tower with Radar,295,29,18,0,342,0,0,4,0,4,295,29,22,0,346,0,0,0,346
04/08/2021,RSW,FL,ASO,ES,Combined TRACON& Tower with Radar,342,16,19,10,387,0,0,4,0,4,342,16,23,10,391,0,0,0,391
04/09/2021,RSW,FL,ASO,ES,Combined TRACON& Tower with Radar,345,30,32,23,430,0,0,5,6,11,345,30,37,29,441,0,0,0,441
04/10/2021,RSW,FL,ASO,ES,Combined TRACON& Tower with Radar,398,29,39,5,471,0,0,3,8,11,398,29,42,13,482,0,0,0,482
04/11/2021,RSW,FL,ASO,ES,Combined TRACON& Tower with Radar,187,19,14,0,220,0,0,2,0,2,187,19,16,0,222,0,0,0,222
04/12/2021,RSW,FL,ASO,ES,Combined TRACON& Tower with Radar,307,31,28,1,367,0,0,2,0,2,307,31,30,1,369,0,0,0,369
04/13/2021,RSW,FL,ASO,ES,Combined TRACON& Tower with Radar,256,26,27,2,311,0,0,3,2,5,256,26,30,4,316,0,0,0,316
04/14/2021,RSW,FL,ASO,ES,Combined TRACON& Tower with Radar,250,22,16,8,296,0,0,10,8,18,250,22,26,16,314,0,0,0,314
04/15/2021,RSW,FL,ASO,ES,Combined TRACON& Tower with Radar,292,23,26,1,342,0,0,13,0,13,292,23,39,1,355,0,0,0,355
04/16/2021,RSW,FL,ASO,ES,Combined TRACON& Tower with Radar,301,18,33,0,352,0,0,3,0,3,301,18,36,0,355,0,0,0,355
04/17/2021,RSW,FL,ASO,ES,Combined TRACON& Tower with Radar,325,17,14,0,356,0,0,2,0,2,325,17,16,0,358,0,0,0,358
04/18/2021,RSW,FL,ASO,ES,Combined TRACON& Tower with Radar,298,19,33,1,351,0,0,1,0,1,298,19,34,1,352,0,0,0,352
04/19/2021,RSW,FL,ASO,ES,Combined TRACON& Tower with Radar,285,23,15,1,324,0,0,3,0,3,285,23,18,1,327,0,0,0,327
04/20/2021,RSW,FL,ASO,ES,Combined TRACON& Tower with Radar,243,24,7,4,278,0,0,2,0,2,243,24,9,4,280,0,0,0,280
04/21/2021,RSW,FL,ASO,ES,Combined TRACON& Tower with Radar,247,17,15,0,279,0,1,2,0,3,247,18,17,0,282,0,0,0,282
04/22/2021,RSW,FL,ASO,ES,Combined TRACON& Tower with Radar,291,30,29,0,350,0,1,13,0,14,291,31,42,0,364,0,0,0,364
04/23/2021,RSW,FL,ASO,ES,Combined TRACON& Tower with Radar,290,26,25,0,341,0,0,10,0,10,290,26,35,0,351,0,0,0,351
04/24/2021,RSW,FL,ASO,ES,Combined TRACON& Tower with Radar,302,13,18,0,333,0,0,6,0,6,302,13,24,0,339,0,0,0,339
04/25/2021,RSW,FL,ASO,ES,Combined TRACON& Tower with Radar,288,24,27,4,343,0,0,2,0,2,288,24,29,4,345,0,0,0,345
04/26/2021,RSW,FL,ASO,ES,Combined TRACON& Tower with Radar,282,13,19,10,324,0,3,7,2,12,282,16,26,12,336,0,0,0,336
04/27/2021,RSW,FL,ASO,ES,Combined TRACON& Tower with Radar,238,15,23,0,276,0,0,6,0,6,238,15,29,0,282,0,0,0,282
04/28/2021,RSW,FL,ASO,ES,Combined TRACON& Tower with Radar,240,14,20,1,275,0,2,8,0,10,240,16,28,1,285,0,0,0,285
04/29/2021,RSW,FL,ASO,ES,Combined TRACON& Tower with Radar,282,30,23,0,335,0,2,3,0,5,282,32,26,0,340,0,0,0,340
04/30/2021,RSW,FL,ASO,ES,Combined TRACON& Tower with Radar,287,24,17,0,328,0,0,1,1,2,287,24,18,1,330,0,0,0,330
05/01/2021,RSW,FL,ASO,ES,Combined TRACON& Tower with Radar,298,26,17,9,350,0,1,1,9,11,298,27,18,18,361,0,0,0,361
05/02/2021,RSW,FL,ASO,ES,Combined TRACON& Tower with Radar,279,23,29,0,331,0,0,2,0,2,279,23,31,0,333,0,0,0,333
05/03/2021,RSW,FL,ASO,ES,Combined TRACON& Tower with Radar,270,13,14,0,297,0,0,5,0,5,270,13,19,0,302,0,0,0,302
05/04/2021,RSW,FL,ASO,ES,Combined TRACON& Tower with Radar,226,14,7,2,249,0,0,2,0,2,226,14,9,2,251,0,0,0,251
05/05/2021,RSW,FL,ASO,ES,Combined TRACON& Tower with Radar,220,26,10,3,259,0,0,0,13,13,220,26,10,16,272,0,0,0,272
05/06/2021,RSW,FL,ASO,ES,Combined TRACON& Tower with Radar,292,33,16,0,341,0,0,3,0,3,292,33,19,0,344,0,0,0,344
05/07/2021,RSW,FL,ASO,ES,Combined TRACON& Tower with Radar,251,21,17,2,291,0,0,2,0,2,251,21,19,2,293,0,0,0,293
05/08/2021,RSW,FL,ASO,ES,Combined TRACON& Tower with Radar,266,29,35,4,334,0,0,14,0,14,266,29,49,4,348,0,0,0,348
05/09/2021,RSW,FL,ASO,ES,Combined TRACON& Tower with Radar,251,16,14,0,281,0,0,3,0,3,251,16,17,0,284,0,0,0,284
05/10/2021,RSW,FL,ASO,ES,Combined TRACON& Tower with Radar,248,24,16,7,295,0,0,6,3,9,248,24,22,10,304,0,0,0,304
05/11/2021,RSW,FL,ASO,ES,Combined TRACON& Tower with Radar,238,17,19,0,274,0,0,8,0,8,238,17,27,0,282,0,0,0,282
05/12/2021,RSW,FL,ASO,ES,Combined TRACON& Tower with Radar,236,27,15,0,278,0,0,8,0,8,236,27,23,0,286,0,0,0,286
05/13/2021,RSW,FL,ASO,ES,Combined TRACON& Tower with Radar,264,15,23,2,304,0,0,5,0,5,264,15,28,2,309,0,0,0,309
05/14/2021,RSW,FL,ASO,ES,Combined TRACON& Tower with Radar,248,12,8,0,268,0,0,4,0,4,248,12,12,0,272,0,0,0,272
05/15/2021,RSW,FL,ASO,ES,Combined TRACON& Tower with Radar,262,32,17,0,311,0,0,3,0,3,262,32,20,0,314,0,0,0,314
05/16/2021,RSW,FL,ASO,ES,Combined TRACON& Tower with Radar,248,14,17,0,279,0,0,1,0,1,248,14,18,0,280,0,0,0,280
05/17/2021,RSW,FL,ASO,ES,Combined TRACON& Tower with Radar,243,13,19,1,276,0,1,5,0,6,243,14,24,1,282,0,0,0,282
05/18/2021,RSW,FL,ASO,ES,Combined TRACON& Tower with Radar,236,25,15,2,278,0,4,4,0,8,236,29,19,2,286,0,0,0,286
05/19/2021,RSW,FL,ASO,ES,Combined TRACON& Tower with Radar,232,14,15,8,269,0,0,2,1,3,232,14,17,9,272,0,0,0,272
05/20/2021,RSW,FL,ASO,ES,Combined TRACON& Tower with Radar,256,15,21,2,294,0,1,15,0,16,256,16,36,2,310,0,0,0,310
05/21/2021,RSW,FL,ASO,ES,Combined TRACON& Tower with Radar,250,21,20,1,292,0,0,7,0,7,250,21,27,1,299,0,0,0,299
05/22/2021,RSW,FL,ASO,ES,Combined TRACON& Tower with Radar,265,17,14,0,296,0,2,4,0,6,265,19,18,0,302,0,0,0,302
05/23/2021,RSW,FL,ASO,ES,Combined TRACON& Tower with Radar,249,13,14,0,276,0,0,8,2,10,249,13,22,2,286,0,0,0,286
05/24/2021,RSW,FL,ASO,ES,Combined TRACON& Tower with Radar,246,14,15,0,275,0,0,3,0,3,246,14,18,0,278,0,0,0,278
05/25/2021,RSW,FL,ASO,ES,Combined TRACON& Tower with Radar,239,13,9,0,261,0,0,10,0,10,239,13,19,0,271,0,0,0,271
05/26/2021,RSW,FL,ASO,ES,Combined TRACON& Tower with Radar,234,28,27,10,299,0,2,33,0,35,234,30,60,10,334,0,0,0,334
05/27/2021,RSW,FL,ASO,ES,Combined TRACON& Tower with Radar,255,20,18,0,293,11,1,5,0,17,266,21,23,0,310,0,0,0,310
05/28/2021,RSW,FL,ASO,ES,Combined TRACON& Tower with Radar,250,14,17,0,281,2,3,6,0,11,252,17,23,0,292,0,0,0,292
05/29/2021,RSW,FL,ASO,ES,Combined TRACON& Tower with Radar,267,19,14,0,300,0,0,6,0,6,267,19,20,0,306,0,0,0,306
05/30/2021,RSW,FL,ASO,ES,Combined TRACON& Tower with Radar,245,12,7,0,264,0,0,0,0,0,245,12,7,0,264,0,0,0,264
05/31/2021,RSW,FL,ASO,ES,Combined TRACON& Tower with Radar,245,16,10,0,271,0,0,5,0,5,245,16,15,0,276,0,0,0,276
06/01/2021,RSW,FL,ASO,ES,Combined TRACON& Tower with Radar,243,23,18,4,288,2,2,4,0,8,245,25,22,4,296,0,0,0,296
06/02/2021,RSW,FL,ASO,ES,Combined TRACON& Tower with Radar,230,19,11,6,266,0,0,1,0,1,230,19,12,6,267,0,0,0,267
06/03/2021,RSW,FL,ASO,ES,Combined TRACON& Tower with Radar,233,14,11,0,258,0,0,2,0,2,233,14,13,0,260,0,0,0,260
06/04/2021,RSW,FL,ASO,ES,Combined TRACON& Tower with Radar,233,15,16,0,264,1,0,1,0,2,234,15,17,0,266,0,0,0,266
06/05/2021,RSW,FL,ASO,ES,Combined TRACON& Tower with Radar,247,17,22,0,286,0,0,6,0,6,247,17,28,0,292,0,0,0,292
06/06/2021,RSW,FL,ASO,ES,Combined TRACON& Tower with Radar,227,9,9,0,245,0,0,2,0,2,227,9,11,0,247,0,0,0,247
06/07/2021,RSW,FL,ASO,ES,Combined TRACON& Tower with Radar,213,13,14,0,240,0,0,6,0,6,213,13,20,0,246,0,0,0,246
06/08/2021,RSW,FL,ASO,ES,Combined TRACON& Tower with Radar,212,15,10,11,248,0,0,7,3,10,212,15,17,14,258,0,0,0,258
06/09/2021,RSW,FL,ASO,ES,Combined TRACON& Tower with Radar,194,20,14,6,234,0,2,11,0,13,194,22,25,6,247,0,0,0,247
06/10/2021,RSW,FL,ASO,ES,Combined TRACON& Tower with Radar,206,11,10,9,236,0,0,9,0,9,206,11,19,9,245,0,0,0,245
06/11/2021,RSW,FL,ASO,ES,Combined TRACON& Tower with Radar,204,7,8,10,229,0,0,5,5,10,204,7,13,15,239,0,0,0,239
06/12/2021,RSW,FL,ASO,ES,Combined TRACON& Tower with Radar,232,8,12,0,252,0,0,5,0,5,232,8,17,0,257,0,0,0,257
06/13/2021,RSW,FL,ASO,ES,Combined TRACON& Tower with Radar,224,14,5,0,243,0,0,4,0,4,224,14,9,0,247,0,0,0,247
06/14/2021,RSW,FL,ASO,ES,Combined TRACON& Tower with Radar,206,10,13,0,229,0,0,4,0,4,206,10,17,0,233,0,0,0,233
06/15/2021,RSW,FL,ASO,ES,Combined TRACON& Tower with Radar,209,7,10,0,226,0,0,6,0,6,209,7,16,0,232,0,0,0,232
06/16/2021,RSW,FL,ASO,ES,Combined TRACON& Tower with Radar,180,7,9,0,196,0,0,5,0,5,180,7,14,0,201,0,0,0,201
06/17/2021,RSW,FL,ASO,ES,Combined TRACON& Tower with Radar,203,5,19,2,229,0,1,5,1,7,203,6,24,3,236,0,0,0,236
06/18/2021,RSW,FL,ASO,ES,Combined TRACON& Tower with Radar,196,9,12,0,217,0,0,0,0,0,196,9,12,0,217,0,0,0,217
06/19/2021,RSW,FL,ASO,ES,Combined TRACON& Tower with Radar,226,8,12,0,246,0,1,6,0,7,226,9,18,0,253,0,0,0,253
06/20/2021,RSW,FL,ASO,ES,Combined TRACON& Tower with Radar,223,9,14,0,246,0,1,6,0,7,223,10,20,0,253,0,0,0,253
06/21/2021,RSW,FL,ASO,ES,Combined TRACON& Tower with Radar,194,0,15,5,214,0,0,4,0,4,194,0,19,5,218,0,0,0,218
06/22/2021,RSW,FL,ASO,ES,Combined TRACON& Tower with Radar,207,7,16,4,234,0,0,4,1,5,207,7,20,5,239,0,0,0,239
06/23/2021,RSW,FL,ASO,ES,Combined TRACON& Tower with Radar,198,3,28,0,229,0,0,0,0,0,198,3,28,0,229,0,0,0,229
06/24/2021,RSW,FL,ASO,ES,Combined TRACON& Tower with Radar,223,11,11,1,246,0,2,7,0,9,223,13,18,1,255,0,0,0,255
06/25/2021,RSW,FL,ASO,ES,Combined TRACON& Tower with Radar,206,8,29,1,244,0,0,17,0,17,206,8,46,1,261,0,0,0,261
06/26/2021,RSW,FL,ASO,ES,Combined TRACON& Tower with Radar,223,12,22,0,257,0,0,4,0,4,223,12,26,0,261,0,0,0,261
06/27/2021,RSW,FL,ASO,ES,Combined TRACON& Tower with Radar,208,5,17,9,239,0,0,1,0,1,208,5,18,9,240,0,0,0,240
06/28/2021,RSW,FL,ASO,ES,Combined TRACON& Tower with Radar,199,4,15,7,225,0,0,4,0,4,199,4,19,7,229,0,0,0,229
06/29/2021,RSW,FL,ASO,ES,Combined TRACON& Tower with Radar,208,9,9,0,226,0,2,3,0,5,208,11,12,0,231,0,0,0,231
06/30/2021,RSW,FL,ASO,ES,Combined TRACON& Tower with Radar,198,8,6,4,216,0,0,3,0,3,198,8,9,4,219,0,0,0,219
07/01/2021,RSW,FL,ASO,ES,Combined TRACON& Tower with Radar,210,11,28,0,249,0,0,4,2,6,210,11,32,2,255,0,0,0,255
07/02/2021,RSW,FL,ASO,ES,Combined TRACON& Tower with Radar,195,14,16,0,225,0,0,11,0,11,195,14,27,0,236,0,0,0,236
07/03/2021,RSW,FL,ASO,ES,Combined TRACON& Tower with Radar,244,5,10,0,259,0,0,5,0,5,244,5,15,0,264,0,0,0,264
07/04/2021,RSW,FL,ASO,ES,Combined TRACON& Tower with Radar,189,11,4,0,204,0,0,8,0,8,189,11,12,0,212,0,0,0,212
07/05/2021,RSW,FL,ASO,ES,Combined TRACON& Tower with Radar,193,10,15,0,218,0,0,4,0,4,193,10,19,0,222,0,0,0,222
07/06/2021,RSW,FL,ASO,ES,Combined TRACON& Tower with Radar,100,2,0,0,102,0,0,0,0,0,100,2,0,0,102,0,0,0,102
07/07/2021,RSW,FL,ASO,ES,Combined TRACON& Tower with Radar,162,8,10,0,180,0,2,2,0,4,162,10,12,0,184,0,0,0,184
07/08/2021,RSW,FL,ASO,ES,Combined TRACON& Tower with Radar,206,11,11,0,228,0,0,3,0,3,206,11,14,0,231,0,0,0,231
07/09/2021,RSW,FL,ASO,ES,Combined TRACON& Tower with Radar,192,9,14,12,227,0,0,3,0,3,192,9,17,12,230,0,0,0,230
07/10/2021,RSW,FL,ASO,ES,Combined TRACON& Tower with Radar,229,8,19,0,256,0,0,11,0,11,229,8,30,0,267,0,0,0,267
07/11/2021,RSW,FL,ASO,ES,Combined TRACON& Tower with Radar,198,10,7,0,215,0,1,2,0,3,198,11,9,0,218,0,0,0,218
07/12/2021,RSW,FL,ASO,ES,Combined TRACON& Tower with Radar,209,8,13,0,230,0,2,0,0,2,209,10,13,0,232,0,0,0,232
07/13/2021,RSW,FL,ASO,ES,Combined TRACON& Tower with Radar,189,11,19,0,219,0,0,3,0,3,189,11,22,0,222,0,0,0,222
07/14/2021,RSW,FL,ASO,ES,Combined TRACON& Tower with Radar,188,12,23,0,223,0,0,9,0,9,188,12,32,0,232,0,0,0,232
07/15/2021,RSW,FL,ASO,ES,Combined TRACON& Tower with Radar,201,3,15,0,219,0,0,6,0,6,201,3,21,0,225,0,0,0,225
07/16/2021,RSW,FL,ASO,ES,Combined TRACON& Tower with Radar,191,8,19,4,222,0,0,3,0,3,191,8,22,4,225,0,0,0,225
07/17/2021,RSW,FL,ASO,ES,Combined TRACON& Tower with Radar,217,10,7,0,234,0,0,2,0,2,217,10,9,0,236,0,0,0,236
07/18/2021,RSW,FL,ASO,ES,Combined TRACON& Tower with Radar,203,5,17,11,236,0,0,0,0,0,203,5,17,11,236,0,0,0,236
07/19/2021,RSW,FL,ASO,ES,Combined TRACON& Tower with Radar,182,0,9,14,205,0,0,10,8,18,182,0,19,22,223,0,0,0,223
07/20/2021,RSW,FL,ASO,ES,Combined TRACON& Tower with Radar,195,4,7,13,219,0,0,7,0,7,195,4,14,13,226,0,0,0,226
07/21/2021,RSW,FL,ASO,ES,Combined TRACON& Tower with Radar,184,10,9,4,207,0,0,7,0,7,184,10,16,4,214,0,0,0,214
07/22/2021,RSW,FL,ASO,ES,Combined TRACON& Tower with Radar,202,9,12,4,227,0,0,3,0,3,202,9,15,4,230,0,0,0,230
07/23/2021,RSW,FL,ASO,ES,Combined TRACON& Tower with Radar,198,8,17,13,236,0,0,7,1,8,198,8,24,14,244,0,0,0,244
07/24/2021,RSW,FL,ASO,ES,Combined TRACON& Tower with Radar,229,10,7,0,246,0,0,3,0,3,229,10,10,0,249,0,0,0,249
07/25/2021,RSW,FL,ASO,ES,Combined TRACON& Tower with Radar,203,11,10,0,224,0,0,0,0,0,203,11,10,0,224,0,0,0,224
07/26/2021,RSW,FL,ASO,ES,Combined TRACON& Tower with Radar,186,13,4,0,203,0,0,0,0,0,186,13,4,0,203,0,0,0,203
07/27/2021,RSW,FL,ASO,ES,Combined TRACON& Tower with Radar,195,2,6,0,203,0,0,4,0,4,195,2,10,0,207,0,0,0,207
07/28/2021,RSW,FL,ASO,ES,Combined TRACON& Tower with Radar,189,8,10,11,218,0,0,3,0,3,189,8,13,11,221,0,0,0,221
07/29/2021,RSW,FL,ASO,ES,Combined TRACON& Tower with Radar,207,14,9,3,233,0,0,12,0,12,207,14,21,3,245,0,0,0,245
07/30/2021,RSW,FL,ASO,ES,Combined TRACON& Tower with Radar,196,13,7,0,216,0,0,36,0,36,196,13,43,0,252,0,0,0,252
07/31/2021,RSW,FL,ASO,ES,Combined TRACON& Tower with Radar,223,12,13,0,248,0,0,5,0,5,223,12,18,0,253,0,0,0,253
08/01/2021,RSW,FL,ASO,ES,Combined TRACON& Tower with Radar,172,8,12,0,192,0,0,4,0,4,172,8,16,0,196,0,0,0,196
08/02/2021,RSW,FL,ASO,ES,Combined TRACON& Tower with Radar,193,3,7,2,205,0,2,7,0,9,193,5,14,2,214,0,0,0,214
08/03/2021,RSW,FL,ASO,ES,Combined TRACON& Tower with Radar,202,3,17,1,223,0,0,5,0,5,202,3,22,1,228,0,0,0,228
08/04/2021,RSW,FL,ASO,ES,Combined TRACON& Tower with Radar,183,11,7,11,212,0,12,3,0,15,183,23,10,11,227,18,0,18,245
08/05/2021,RSW,FL,ASO,ES,Combined TRACON& Tower with Radar,188,4,14,0,206,0,0,6,0,6,188,4,20,0,212,0,0,0,212
08/06/2021,RSW,FL,ASO,ES,Combined TRACON& Tower with Radar,187,8,11,0,206,0,0,10,0,10,187,8,21,0,216,0,0,0,216
08/07/2021,RSW,FL,ASO,ES,Combined TRACON& Tower with Radar,217,9,9,0,235,0,2,5,0,7,217,11,14,0,242,0,0,0,242
08/08/2021,RSW,FL,ASO,ES,Combined TRACON& Tower with Radar,200,8,13,0,221,0,0,2,0,2,200,8,15,0,223,0,0,0,223
08/09/2021,RSW,FL,ASO,ES,Combined TRACON& Tower with Radar,181,5,13,0,199,0,0,5,0,5,181,5,18,0,204,0,0,0,204
08/10/2021,RSW,FL,ASO,ES,Combined TRACON& Tower with Radar,175,8,15,1,199,0,0,5,1,6,175,8,20,2,205,0,0,0,205
08/11/2021,RSW,FL,ASO,ES,Combined TRACON& Tower with Radar,180,12,11,0,203,0,0,8,0,8,180,12,19,0,211,0,0,0,211
08/12/2021,RSW,FL,ASO,ES,Combined TRACON& Tower with Radar,202,5,18,0,225,0,0,31,0,31,202,5,49,0,256,0,0,0,256
08/13/2021,RSW,FL,ASO,ES,Combined TRACON& Tower with Radar,186,9,12,0,207,0,0,3,0,3,186,9,15,0,210,0,0,0,210
08/14/2021,RSW,FL,ASO,ES,Combined TRACON& Tower with Radar,204,5,1,0,210,0,0,0,0,0,204,5,1,0,210,0,0,0,210
08/15/2021,RSW,FL,ASO,ES,Combined TRACON& Tower with Radar,193,5,10,0,208,0,0,0,0,0,193,5,10,0,208,0,0,0,208
08/16/2021,RSW,FL,ASO,ES,Combined TRACON& Tower with Radar,185,7,6,6,204,0,0,4,3,7,185,7,10,9,211,0,0,0,211
08/17/2021,RSW,FL,ASO,ES,Combined TRACON& Tower with Radar,170,7,4,8,189,0,0,4,9,13,170,7,8,17,202,0,0,0,202
08/18/2021,RSW,FL,ASO,ES,Combined TRACON& Tower with Radar,167,5,11,0,183,0,0,22,0,22,167,5,33,0,205,0,0,0,205
08/19/2021,RSW,FL,ASO,ES,Combined TRACON& Tower with Radar,180,9,4,4,197,0,0,8,0,8,180,9,12,4,205,0,0,0,205
08/20/2021,RSW,FL,ASO,ES,Combined TRACON& Tower with Radar,175,6,14,0,195,0,0,13,0,13,175,6,27,0,208,0,0,0,208
08/21/2021,RSW,FL,ASO,ES,Combined TRACON& Tower with Radar,207,9,7,0,223,0,0,5,0,5,207,9,12,0,228,0,0,0,228
08/22/2021,RSW,FL,ASO,ES,Combined TRACON& Tower with Radar,180,2,10,0,192,0,0,9,0,9,180,2,19,0,201,0,0,0,201
08/23/2021,RSW,FL,ASO,ES,Combined TRACON& Tower with Radar,174,5,8,0,187,0,0,3,0,3,174,5,11,0,190,0,0,0,190
08/24/2021,RSW,FL,ASO,ES,Combined TRACON& Tower with Radar,173,7,12,1,193,0,7,23,0,30,173,14,35,1,223,0,0,0,223
08/25/2021,RSW,FL,ASO,ES,Combined TRACON& Tower with Radar,167,5,28,8,208,0,0,8,13,21,167,5,36,21,229,0,0,0,229
08/26/2021,RSW,FL,ASO,ES,Combined TRACON& Tower with Radar,187,9,12,0,208,0,0,3,0,3,187,9,15,0,211,0,0,0,211
08/27/2021,RSW,FL,ASO,ES,Combined TRACON& Tower with Radar,175,2,9,0,186,0,0,33,0,33,175,2,42,0,219,0,0,0,219
08/28/2021,RSW,FL,ASO,ES,Combined TRACON& Tower with Radar,205,8,8,0,221,0,0,7,0,7,205,8,15,0,228,0,0,0,228
08/29/2021,RSW,FL,ASO,ES,Combined TRACON& Tower with Radar,182,7,5,3,197,0,0,17,0,17,182,7,22,3,214,0,0,0,214
08/30/2021,RSW,FL,ASO,ES,Combined TRACON& Tower with Radar,172,11,11,0,194,0,0,8,0,8,172,11,19,0,202,0,0,0,202
08/31/2021,RSW,FL,ASO,ES,Combined TRACON& Tower with Radar,171,7,11,6,195,0,0,9,4,13,171,7,20,10,208,0,0,0,208
09/01/2021,RSW,FL,ASO,ES,Combined TRACON& Tower with Radar,165,9,14,7,195,0,0,3,3,6,165,9,17,10,201,0,0,0,201
09/02/2021,RSW,FL,ASO,ES,Combined TRACON& Tower with Radar,177,7,4,0,188,0,0,5,0,5,177,7,9,0,193,0,0,0,193
09/03/2021,RSW,FL,ASO,ES,Combined TRACON& Tower with Radar,183,9,13,0,205,0,0,0,0,0,183,9,13,0,205,0,0,0,205
09/04/2021,RSW,FL,ASO,ES,Combined TRACON& Tower with Radar,208,5,4,0,217,0,0,3,0,3,208,5,7,0,220,0,0,0,220
09/05/2021,RSW,FL,ASO,ES,Combined TRACON& Tower with Radar,173,10,5,0,188,0,0,3,0,3,173,10,8,0,191,0,0,0,191
09/06/2021,RSW,FL,ASO,ES,Combined TRACON& Tower with Radar,173,4,8,0,185,0,0,6,0,6,173,4,14,0,191,0,0,0,191
09/07/2021,RSW,FL,ASO,ES,Combined TRACON& Tower with Radar,151,5,18,0,174,0,2,6,0,8,151,7,24,0,182,0,0,0,182
09/08/2021,RSW,FL,ASO,ES,Combined TRACON& Tower with Radar,133,4,19,4,160,0,0,9,0,9,133,4,28,4,169,0,0,0,169
09/09/2021,RSW,FL,ASO,ES,Combined TRACON& Tower with Radar,177,8,11,0,196,0,0,8,0,8,177,8,19,0,204,0,0,0,204
09/10/2021,RSW,FL,ASO,ES,Combined TRACON& Tower with Radar,166,10,28,0,204,0,0,12,2,14,166,10,40,2,218,0,0,0,218
09/11/2021,RSW,FL,ASO,ES,Combined TRACON& Tower with Radar,163,3,10,0,176,0,0,2,0,2,163,3,12,0,178,0,0,0,178
09/12/2021,RSW,FL,ASO,ES,Combined TRACON& Tower with Radar,171,10,22,0,203,0,1,4,0,5,171,11,26,0,208,0,0,0,208
09/13/2021,RSW,FL,ASO,ES,Combined TRACON& Tower with Radar,158,13,10,0,181,0,0,5,0,5,158,13,15,0,186,0,0,0,186
09/14/2021,RSW,FL,ASO,ES,Combined TRACON& Tower with Radar,132,7,17,0,156,0,2,3,0,5,132,9,20,0,161,0,0,0,161
09/15/2021,RSW,FL,ASO,ES,Combined TRACON& Tower with Radar,127,16,10,0,153,0,0,3,0,3,127,16,13,0,156,0,0,0,156
09/16/2021,RSW,FL,ASO,ES,Combined TRACON& Tower with Radar,167,8,11,0,186,0,0,0,0,0,167,8,11,0,186,0,0,0,186
09/17/2021,RSW,FL,ASO,ES,Combined TRACON& Tower with Radar,170,9,7,0,186,0,1,6,0,7,170,10,13,0,193,0,0,0,193
09/18/2021,RSW,FL,ASO,ES,Combined TRACON& Tower with Radar,157,8,8,0,173,0,0,7,0,7,157,8,15,0,180,0,0,0,180
09/19/2021,RSW,FL,ASO,ES,Combined TRACON& Tower with Radar,173,13,12,0,198,0,0,2,0,2,173,13,14,0,200,0,0,0,200
09/20/2021,RSW,FL,ASO,ES,Combined TRACON& Tower with Radar,151,5,13,0,169,0,0,4,0,4,151,5,17,0,173,0,0,0,173
09/21/2021,RSW,FL,ASO,ES,Combined TRACON& Tower with Radar,133,5,8,5,151,0,0,7,0,7,133,5,15,5,158,0,0,0,158
09/22/2021,RSW,FL,ASO,ES,Combined TRACON& Tower with Radar,133,1,9,12,155,0,0,4,23,27,133,1,13,35,182,0,0,0,182
09/23/2021,RSW,FL,ASO,ES,Combined TRACON& Tower with Radar,154,5,14,0,173,0,0,9,0,9,154,5,23,0,182,0,0,0,182
09/24/2021,RSW,FL,ASO,ES,Combined TRACON& Tower with Radar,159,5,16,2,182,0,2,13,1,16,159,7,29,3,198,0,0,0,198
09/25/2021,RSW,FL,ASO,ES,Combined TRACON& Tower with Radar,150,5,7,0,162,0,0,35,0,35,150,5,42,0,197,0,0,0,197
09/26/2021,RSW,FL,ASO,ES,Combined TRACON& Tower with Radar,165,13,10,0,188,0,1,3,0,4,165,14,13,0,192,0,0,0,192
09/27/2021,RSW,FL,ASO,ES,Combined TRACON& Tower with Radar,153,8,12,0,173,0,2,9,0,11,153,10,21,0,184,0,0,0,184
09/28/2021,RSW,FL,ASO,ES,Combined TRACON& Tower with Radar,130,5,15,2,152,0,0,3,0,3,130,5,18,2,155,0,0,0,155
09/29/2021,RSW,FL,ASO,ES,Combined TRACON& Tower with Radar,129,10,15,0,154,0,0,6,0,6,129,10,21,0,160,0,0,0,160
09/30/2021,RSW,FL,ASO,ES,Combined TRACON& Tower with Radar,165,12,17,0,194,0,9,18,0,27,165,21,35,0,221,0,0,0,221
10/01/2021,RSW,FL,ASO,ES,Combined TRACON& Tower with Radar,169,17,19,4,209,0,0,6,0,6,169,17,25,4,215,0,0,0,215
10/02/2021,RSW,FL,ASO,ES,Combined TRACON& Tower with Radar,155,13,3,0,171,0,0,0,0,0,155,13,3,0,171,0,0,0,171
10/03/2021,RSW,FL,ASO,ES,Combined TRACON& Tower with Radar,171,12,19,0,202,0,0,5,0,5,171,12,24,0,207,0,0,0,207
10/04/2021,RSW,FL,ASO,ES,Combined TRACON& Tower with Radar,158,16,21,0,195,0,0,5,0,5,158,16,26,0,200,0,0,0,200
10/05/2021,RSW,FL,ASO,ES,Combined TRACON& Tower with Radar,140,7,13,0,160,0,0,9,0,9,140,7,22,0,169,0,0,0,169
10/06/2021,RSW,FL,ASO,ES,Combined TRACON& Tower with Radar,136,19,27,6,188,0,0,6,7,13,136,19,33,13,201,0,0,0,201
10/07/2021,RSW,FL,ASO,ES,Combined TRACON& Tower with Radar,196,19,25,4,244,0,0,5,1,6,196,19,30,5,250,0,8,8,258
10/08/2021,RSW,FL,ASO,ES,Combined TRACON& Tower with Radar,177,15,16,0,208,0,0,4,0,4,177,15,20,0,212,0,0,0,212
10/09/2021,RSW,FL,ASO,ES,Combined TRACON& Tower with Radar,193,24,15,0,232,0,2,2,0,4,193,26,17,0,236,0,0,0,236
10/10/2021,RSW,FL,ASO,ES,Combined TRACON& Tower with Radar,158,15,27,0,200,0,3,10,0,13,158,18,37,0,213,0,0,0,213
10/11/2021,RSW,FL,ASO,ES,Combined TRACON& Tower with Radar,191,18,20,6,235,0,1,3,5,9,191,19,23,11,244,0,0,0,244
10/12/2021,RSW,FL,ASO,ES,Combined TRACON& Tower with Radar,175,17,19,12,223,0,0,5,0,5,175,17,24,12,228,0,0,0,228
10/13/2021,RSW,FL,ASO,ES,Combined TRACON& Tower with Radar,181,15,14,0,210,0,0,5,0,5,181,15,19,0,215,0,0,0,215
10/14/2021,RSW,FL,ASO,ES,Combined TRACON& Tower with Radar,201,14,26,0,241,0,0,15,0,15,201,14,41,0,256,0,0,0,256
10/15/2021,RSW,FL,ASO,ES,Combined TRACON& Tower with Radar,199,23,14,4,240,0,2,2,0,4,199,25,16,4,244,0,0,0,244
10/16/2021,RSW,FL,ASO,ES,Combined TRACON& Tower with Radar,204,15,19,0,238,0,2,9,0,11,204,17,28,0,249,0,0,0,249
10/17/2021,RSW,FL,ASO,ES,Combined TRACON& Tower with Radar,192,21,21,0,234,0,0,5,1,6,192,21,26,1,240,0,0,0,240
10/18/2021,RSW,FL,ASO,ES,Combined TRACON& Tower with Radar,193,13,15,2,223,0,2,8,2,12,193,15,23,4,235,0,0,0,235
10/19/2021,RSW,FL,ASO,ES,Combined TRACON& Tower with Radar,184,16,38,3,241,0,0,8,0,8,184,16,46,3,249,0,0,0,249
10/20/2021,RSW,FL,ASO,ES,Combined TRACON& Tower with Radar,191,22,25,1,239,0,0,6,1,7,191,22,31,2,246,0,0,0,246
10/21/2021,RSW,FL,ASO,ES,Combined TRACON& Tower with Radar,200,23,30,2,255,0,0,7,0,7,200,23,37,2,262,0,0,0,262
10/22/2021,RSW,FL,ASO,ES,Combined TRACON& Tower with Radar,203,19,27,0,249,0,0,6,0,6,203,19,33,0,255,0,0,0,255
10/23/2021,RSW,FL,ASO,ES,Combined TRACON& Tower with Radar,205,7,21,0,233,0,0,2,0,2,205,7,23,0,235,0,0,0,235
10/24/2021,RSW,FL,ASO,ES,Combined TRACON& Tower with Radar,188,15,24,0,227,0,1,7,0,8,188,16,31,0,235,0,0,0,235
10/25/2021,RSW,FL,ASO,ES,Combined TRACON& Tower with Radar,196,17,15,0,228,0,0,2,0,2,196,17,17,0,230,0,0,0,230
10/26/2021,RSW,FL,ASO,ES,Combined TRACON& Tower with Radar,183,17,30,0,230,0,0,4,0,4,183,17,34,0,234,0,0,0,234
10/27/2021,RSW,FL,ASO,ES,Combined TRACON& Tower with Radar,183,20,25,0,228,0,0,6,0,6,183,20,31,0,234,0,0,0,234
10/28/2021,RSW,FL,ASO,ES,Combined TRACON& Tower with Radar,207,12,19,0,238,0,0,2,0,2,207,12,21,0,240,0,0,0,240
10/29/2021,RSW,FL,ASO,ES,Combined TRACON& Tower with Radar,198,24,20,0,242,0,0,2,0,2,198,24,22,0,244,0,0,0,244
10/30/2021,RSW,FL,ASO,ES,Combined TRACON& Tower with Radar,191,13,13,0,217,0,0,5,2,7,191,13,18,2,224,0,0,0,224
10/31/2021,RSW,FL,ASO,ES,Combined TRACON& Tower with Radar,177,20,21,0,218,0,0,1,0,1,177,20,22,0,219,0,0,0,219
11/01/2021,RSW,FL,ASO,ES,Combined TRACON& Tower with Radar,206,33,32,2,273,0,0,8,1,9,206,33,40,3,282,0,0,0,282
11/02/2021,RSW,FL,ASO,ES,Combined TRACON& Tower with Radar,212,24,20,3,259,0,1,1,3,5,212,25,21,6,264,0,0,0,264
11/03/2021,RSW,FL,ASO,ES,Combined TRACON& Tower with Radar,223,24,26,0,273,0,3,0,0,3,223,27,26,0,276,0,0,0,276
11/04/2021,RSW,FL,ASO,ES,Combined TRACON& Tower with Radar,230,26,36,4,296,0,0,9,0,9,230,26,45,4,305,0,0,0,305
11/05/2021,RSW,FL,ASO,ES,Combined TRACON& Tower with Radar,226,19,16,0,261,0,0,2,0,2,226,19,18,0,263,0,0,0,263
11/06/2021,RSW,FL,ASO,ES,Combined TRACON& Tower with Radar,239,9,33,0,281,0,0,1,0,1,239,9,34,0,282,0,0,0,282
11/07/2021,RSW,FL,ASO,ES,Combined TRACON& Tower with Radar,234,19,21,0,274,0,0,0,0,0,234,19,21,0,274,0,0,0,274
11/08/2021,RSW,FL,ASO,ES,Combined TRACON& Tower with Radar,232,21,24,0,277,0,0,8,0,8,232,21,32,0,285,0,0,0,285
11/09/2021,RSW,FL,ASO,ES,Combined TRACON& Tower with Radar,216,17,48,12,293,0,0,9,0,9,216,17,57,12,302,0,0,0,302
11/10/2021,RSW,FL,ASO,ES,Combined TRACON& Tower with Radar,213,13,26,0,252,0,1,12,0,13,213,14,38,0,265,0,0,0,265
11/11/2021,RSW,FL,ASO,ES,Combined TRACON& Tower with Radar,238,11,26,0,275,0,0,4,0,4,238,11,30,0,279,0,0,0,279
11/12/2021,RSW,FL,ASO,ES,Combined TRACON& Tower with Radar,242,16,31,0,289,0,0,1,0,1,242,16,32,0,290,0,0,0,290
11/13/2021,RSW,FL,ASO,ES,Combined TRACON& Tower with Radar,223,16,22,6,267,0,0,4,0,4,223,16,26,6,271,0,0,0,271
11/14/2021,RSW,FL,ASO,ES,Combined TRACON& Tower with Radar,236,22,16,0,274,0,0,0,4,4,236,22,16,4,278,0,0,0,278
11/15/2021,RSW,FL,ASO,ES,Combined TRACON& Tower with Radar,232,9,13,0,254,0,8,13,0,21,232,17,26,0,275,0,0,0,275
11/16/2021,RSW,FL,ASO,ES,Combined TRACON& Tower with Radar,211,10,27,0,248,0,1,14,0,15,211,11,41,0,263,0,0,0,263
11/17/2021,RSW,FL,ASO,ES,Combined TRACON& Tower with Radar,244,22,27,6,299,0,0,19,8,27,244,22,46,14,326,0,0,0,326
11/18/2021,RSW,FL,ASO,ES,Combined TRACON& Tower with Radar,280,20,20,0,320,0,1,7,0,8,280,21,27,0,328,0,0,0,328
11/19/2021,RSW,FL,ASO,ES,Combined TRACON& Tower with Radar,288,20,27,0,335,0,1,12,2,15,288,21,39,2,350,0,0,0,350
11/20/2021,RSW,FL,ASO,ES,Combined TRACON& Tower with Radar,315,40,24,0,379,0,2,2,0,4,315,42,26,0,383,0,0,0,383
11/21/2021,RSW,FL,ASO,ES,Combined TRACON& Tower with Radar,287,12,22,0,321,0,0,4,0,4,287,12,26,0,325,0,0,0,325
11/22/2021,RSW,FL,ASO,ES,Combined TRACON& Tower with Radar,289,21,31,5,346,0,0,0,0,0,289,21,31,5,346,0,0,0,346
11/23/2021,RSW,FL,ASO,ES,Combined TRACON& Tower with Radar,298,29,42,0,369,0,0,3,0,3,298,29,45,0,372,0,0,0,372
11/24/2021,RSW,FL,ASO,ES,Combined TRACON& Tower with Radar,313,21,41,0,375,0,0,4,0,4,313,21,45,0,379,0,0,0,379
11/25/2021,RSW,FL,ASO,ES,Combined TRACON& Tower with Radar,200,4,3,0,207,0,0,0,0,0,200,4,3,0,207,0,0,0,207
11/26/2021,RSW,FL,ASO,ES,Combined TRACON& Tower with Radar,245,16,18,0,279,0,2,4,0,6,245,18,22,0,285,0,0,0,285
11/27/2021,RSW,FL,ASO,ES,Combined TRACON& Tower with Radar,327,27,24,0,378,0,2,0,0,2,327,29,24,0,380,0,0,0,380
11/28/2021,RSW,FL,ASO,ES,Combined TRACON& Tower with Radar,314,38,36,0,388,0,0,0,0,0,314,38,36,0,388,0,0,0,388
11/29/2021,RSW,FL,ASO,ES,Combined TRACON& Tower with Radar,300,27,18,2,347,0,0,9,0,9,300,27,27,2,356,0,0,0,356
11/30/2021,RSW,FL,ASO,ES,Combined TRACON& Tower with Radar,272,22,39,3,336,0,0,4,0,4,272,22,43,3,340,0,0,0,340
12/01/2021,RSW,FL,ASO,ES,Combined TRACON& Tower with Radar,227,31,31,0,289,0,2,7,0,9,227,33,38,0,298,0,0,0,298
12/02/2021,RSW,FL,ASO,ES,Combined TRACON& Tower with Radar,265,15,20,0,300,0,0,5,0,5,265,15,25,0,305,0,0,0,305
12/03/2021,RSW,FL,ASO,ES,Combined TRACON& Tower with Radar,245,18,19,0,282,0,0,8,0,8,245,18,27,0,290,0,0,0,290
12/04/2021,RSW,FL,ASO,ES,Combined TRACON& Tower with Radar,239,21,27,1,288,0,2,2,0,4,239,23,29,1,292,0,0,0,292
12/05/2021,RSW,FL,ASO,ES,Combined TRACON& Tower with Radar,257,14,27,0,298,0,0,6,0,6,257,14,33,0,304,0,0,0,304
12/06/2021,RSW,FL,ASO,ES,Combined TRACON& Tower with Radar,231,7,11,17,266,0,0,10,3,13,231,7,21,20,279,0,0,0,279
12/07/2021,RSW,FL,ASO,ES,Combined TRACON& Tower with Radar,212,22,18,0,252,0,14,5,0,19,212,36,23,0,271,0,0,0,271
12/08/2021,RSW,FL,ASO,ES,Combined TRACON& Tower with Radar,211,19,25,0,255,0,0,12,0,12,211,19,37,0,267,0,0,0,267
12/09/2021,RSW,FL,ASO,ES,Combined TRACON& Tower with Radar,264,27,18,0,309,0,0,6,0,6,264,27,24,0,315,0,0,0,315
12/10/2021,RSW,FL,ASO,ES,Combined TRACON& Tower with Radar,242,23,28,17,310,0,8,3,1,12,242,31,31,18,322,0,0,0,322
12/11/2021,RSW,FL,ASO,ES,Combined TRACON& Tower with Radar,239,16,13,0,268,0,0,2,0,2,239,16,15,0,270,0,0,0,270
12/12/2021,RSW,FL,ASO,ES,Combined TRACON& Tower with Radar,257,14,27,2,300,0,0,3,0,3,257,14,30,2,303,0,0,0,303
12/13/2021,RSW,FL,ASO,ES,Combined TRACON& Tower with Radar,233,12,17,0,262,0,0,18,0,18,233,12,35,0,280,26,0,26,306
12/14/2021,RSW,FL,ASO,ES,Combined TRACON& Tower with Radar,215,17,26,0,258,0,0,0,0,0,215,17,26,0,258,0,0,0,258
12/15/2021,RSW,FL,ASO,ES,Combined TRACON& Tower with Radar,216,24,33,17,290,0,3,12,20,35,216,27,45,37,325,0,0,0,325
12/16/2021,RSW,FL,ASO,ES,Combined TRACON& Tower with Radar,308,13,22,0,343,0,0,12,0,12,308,13,34,0,355,0,0,0,355
12/17/2021,RSW,FL,ASO,ES,Combined TRACON& Tower with Radar,305,25,36,0,366,0,3,7,0,10,305,28,43,0,376,0,0,0,376
12/18/2021,RSW,FL,ASO,ES,Combined TRACON& Tower with Radar,343,24,27,0,394,0,0,4,0,4,343,24,31,0,398,0,0,0,398
12/19/2021,RSW,FL,ASO,ES,Combined TRACON& Tower with Radar,315,24,18,0,357,0,0,1,1,2,315,24,19,1,359,0,0,0,359
12/20/2021,RSW,FL,ASO,ES,Combined TRACON& Tower with Radar,311,18,20,0,349,0,0,0,0,0,311,18,20,0,349,0,0,0,349
12/21/2021,RSW,FL,ASO,ES,Combined TRACON& Tower with Radar,336,33,20,0,389,0,2,1,0,3,336,35,21,0,392,0,0,0,392
12/22/2021,RSW,FL,ASO,ES,Combined TRACON& Tower with Radar,326,28,22,0,376,0,0,5,2,7,326,28,27,2,383,0,0,0,383
12/23/2021,RSW,FL,ASO,ES,Combined TRACON& Tower with Radar,357,18,29,0,404,0,0,6,0,6,357,18,35,0,410,0,0,0,410
12/24/2021,RSW,FL,ASO,ES,Combined TRACON& Tower with Radar,271,20,6,0,297,0,2,2,0,4,271,22,8,0,301,0,0,0,301
12/25/2021,RSW,FL,ASO,ES,Combined TRACON& Tower with Radar,282,18,7,0,307,0,0,0,0,0,282,18,7,0,307,0,0,0,307
12/26/2021,RSW,FL,ASO,ES,Combined TRACON& Tower with Radar,337,55,62,0,454,0,3,13,0,16,337,58,75,0,470,0,0,0,470
12/27/2021,RSW,FL,ASO,ES,Combined TRACON& Tower with Radar,316,53,79,0,448,0,1,11,0,12,316,54,90,0,460,0,0,0,460
12/28/2021,RSW,FL,ASO,ES,Combined TRACON& Tower with Radar,324,73,61,2,460,0,1,8,0,9,324,74,69,2,469,0,0,0,469
12/29/2021,RSW,FL,ASO,ES,Combined TRACON& Tower with Radar,331,62,37,6,436,0,0,7,0,7,331,62,44,6,443,0,0,0,443
12/30/2021,RSW,FL,ASO,ES,Combined TRACON& Tower with Radar,332,48,24,2,406,0,0,3,0,3,332,48,27,2,409,0,0,0,409
12/31/2021,RSW,FL,ASO,ES,Combined TRACON& Tower with Radar,281,39,16,0,336,0,0,3,0,3,281,39,19,0,339,0,0,0,339
01/01/2022,RSW,FL,ASO,ES,Combined TRACON& Tower with Radar,295,34,20,0,349,0,0,1,0,1,295,34,21,0,350,0,0,0,350
01/02/2022,RSW,FL,ASO,ES,Combined TRACON& Tower with Radar,299,45,50,0,394,0,0,2,0,2,299,45,52,0,396,0,0,0,396
01/03/2022,RSW,FL,ASO,ES,Combined TRACON& Tower with Radar,309,34,35,1,379,0,0,5,0,5,309,34,40,1,384,6,0,6,390
01/04/2022,RSW,FL,ASO,ES,Combined TRACON& Tower with Radar,281,38,26,0,345,0,0,5,0,5,281,38,31,0,350,0,0,0,350
01/05/2022,RSW,FL,ASO,ES,Combined TRACON& Tower with Radar,243,25,35,0,303,0,0,6,0,6,243,25,41,0,309,0,0,0,309
01/06/2022,RSW,FL,ASO,ES,Combined TRACON& Tower with Radar,270,17,23,0,310,0,1,6,0,7,270,18,29,0,317,0,0,0,317
01/07/2022,RSW,FL,ASO,ES,Combined TRACON& Tower with Radar,275,16,21,4,316,0,0,5,0,5,275,16,26,4,321,0,0,0,321
01/08/2022,RSW,FL,ASO,ES,Combined TRACON& Tower with Radar,263,17,25,6,311,0,2,7,5,14,263,19,32,11,325,0,0,0,325
01/09/2022,RSW,FL,ASO,ES,Combined TRACON& Tower with Radar,295,26,29,0,350,1,0,1,0,2,296,26,30,0,352,0,0,0,352
01/10/2022,RSW,FL,ASO,ES,Combined TRACON& Tower with Radar,270,10,23,8,311,0,0,2,4,6,270,10,25,12,317,0,0,0,317
01/11/2022,RSW,FL,ASO,ES,Combined TRACON& Tower with Radar,250,11,14,0,275,0,0,3,0,3,250,11,17,0,278,0,0,0,278
01/12/2022,RSW,FL,ASO,ES,Combined TRACON& Tower with Radar,246,29,26,0,301,0,1,5,2,8,246,30,31,2,309,0,0,0,309
01/13/2022,RSW,FL,ASO,ES,Combined TRACON& Tower with Radar,288,14,43,0,345,0,0,3,0,3,288,14,46,0,348,0,0,0,348
01/14/2022,RSW,FL,ASO,ES,Combined TRACON& Tower with Radar,292,27,45,0,364,0,0,15,0,15,292,27,60,0,379,0,0,0,379
01/15/2022,RSW,FL,ASO,ES,Combined TRACON& Tower with Radar,257,28,35,0,320,0,0,3,0,3,257,28,38,0,323,0,0,0,323
01/16/2022,RSW,FL,ASO,ES,Combined TRACON& Tower with Radar,281,23,31,6,341,0,0,2,0,2,281,23,33,6,343,0,0,0,343
01/17/2022,RSW,FL,ASO,ES,Combined TRACON& Tower with Radar,260,18,37,0,315,0,0,11,0,11,260,18,48,0,326,0,0,0,326
01/18/2022,RSW,FL,ASO,ES,Combined TRACON& Tower with Radar,246,7,25,0,278,2,1,11,0,14,248,8,36,0,292,0,0,0,292
01/19/2022,RSW,FL,ASO,ES,Combined TRACON& Tower with Radar,248,19,33,0,300,0,1,6,0,7,248,20,39,0,307,0,0,0,307
01/20/2022,RSW,FL,ASO,ES,Combined TRACON& Tower with Radar,311,18,31,31,391,0,0,6,0,6,311,18,37,31,397,0,0,0,397
01/21/2022,RSW,FL,ASO,ES,Combined TRACON& Tower with Radar,288,35,11,13,347,0,1,2,0,3,288,36,13,13,350,0,0,0,350
01/22/2022,RSW,FL,ASO,ES,Combined TRACON& Tower with Radar,282,35,16,0,333,0,0,0,0,0,282,35,16,0,333,0,0,0,333
01/23/2022,RSW,FL,ASO,ES,Combined TRACON& Tower with Radar,290,26,25,0,341,0,0,3,0,3,290,26,28,0,344,0,0,0,344
01/24/2022,RSW,FL,ASO,ES,Combined TRACON& Tower with Radar,270,19,22,16,327,0,0,9,1,10,270,19,31,17,337,0,0,0,337
01/25/2022,RSW,FL,ASO,ES,Combined TRACON& Tower with Radar,246,17,21,0,284,0,0,6,0,6,246,17,27,0,290,0,0,0,290
01/26/2022,RSW,FL,ASO,ES,Combined TRACON& Tower with Radar,240,17,23,0,280,0,0,4,0,4,240,17,27,0,284,0,0,0,284
01/27/2022,RSW,FL,ASO,ES,Combined TRACON& Tower with Radar,298,30,27,0,355,0,2,7,0,9,298,32,34,0,364,0,0,0,364
01/28/2022,RSW,FL,ASO,ES,Combined TRACON& Tower with Radar,274,21,23,0,318,0,0,2,0,2,274,21,25,0,320,0,0,0,320
01/29/2022,RSW,FL,ASO,ES,Combined TRACON& Tower with Radar,226,15,20,0,261,0,0,8,0,8,226,15,28,0,269,0,0,0,269
01/30/2022,RSW,FL,ASO,ES,Combined TRACON& Tower with Radar,266,22,21,0,309,0,0,6,0,6,266,22,27,0,315,0,0,0,315
01/31/2022,RSW,FL,ASO,ES,Combined TRACON& Tower with Radar,266,12,12,0,290,0,0,11,1,12,266,12,23,1,302,6,0,6,308
02/01/2022,RSW,FL,ASO,ES,Combined TRACON& Tower with Radar,254,26,23,4,307,0,0,10,2,12,254,26,33,6,319,0,0,0,319
02/02/2022,RSW,FL,ASO,ES,Combined TRACON& Tower with Radar,233,14,23,4,274,0,0,7,4,11,233,14,30,8,285,0,0,0,285
02/03/2022,RSW,FL,ASO,ES,Combined TRACON& Tower with Radar,237,19,32,0,288,0,0,17,0,17,237,19,49,0,305,0,0,0,305
02/04/2022,RSW,FL,ASO,ES,Combined TRACON& Tower with Radar,248,19,33,16,316,0,1,5,0,6,248,20,38,16,322,0,0,0,322
02/05/2022,RSW,FL,ASO,ES,Combined TRACON& Tower with Radar,282,25,17,0,324,0,2,1,0,3,282,27,18,0,327,0,0,0,327
02/06/2022,RSW,FL,ASO,ES,Combined TRACON& Tower with Radar,311,16,28,0,355,0,0,4,0,4,311,16,32,0,359,0,0,0,359
02/07/2022,RSW,FL,ASO,ES,Combined TRACON& Tower with Radar,276,9,19,5,309,0,0,4,0,4,276,9,23,5,313,0,0,0,313
02/08/2022,RSW,FL,ASO,ES,Combined TRACON& Tower with Radar,261,15,25,0,301,0,0,0,0,0,261,15,25,0,301,0,0,0,301
02/09/2022,RSW,FL,ASO,ES,Combined TRACON& Tower with Radar,256,12,28,2,298,0,0,11,0,11,256,12,39,2,309,0,0,0,309
02/10/2022,RSW,FL,ASO,ES,Combined TRACON& Tower with Radar,304,24,24,0,352,0,2,6,0,8,304,26,30,0,360,0,0,0,360
02/11/2022,RSW,FL,ASO,ES,Combined TRACON& Tower with Radar,305,32,28,0,365,0,0,4,0,4,305,32,32,0,369,0,0,0,369
02/12/2022,RSW,FL,ASO,ES,Combined TRACON& Tower with Radar,296,16,22,0,334,0,2,6,0,8,296,18,28,0,342,0,0,0,342
02/13/2022,RSW,FL,ASO,ES,Combined TRACON& Tower with Radar,292,16,29,4,341,0,0,3,0,3,292,16,32,4,344,0,0,0,344
02/14/2022,RSW,FL,ASO,ES,Combined TRACON& Tower with Radar,288,15,29,0,332,0,5,14,0,19,288,20,43,0,351,0,0,0,351
02/15/2022,RSW,FL,ASO,ES,Combined TRACON& Tower with Radar,265,17,24,4,310,0,0,9,0,9,265,17,33,4,319,0,0,0,319
02/16/2022,RSW,FL,ASO,ES,Combined TRACON& Tower with Radar,267,27,47,2,343,0,0,15,1,16,267,27,62,3,359,0,0,0,359
02/17/2022,RSW,FL,ASO,ES,Combined TRACON& Tower with Radar,318,29,48,0,395,0,5,2,0,7,318,34,50,0,402,0,0,0,402
02/18/2022,RSW,FL,ASO,ES,Combined TRACON& Tower with Radar,327,33,42,1,403,0,0,3,1,4,327,33,45,2,407,0,0,0,407
02/19/2022,RSW,FL,ASO,ES,Combined TRACON& Tower with Radar,349,28,30,0,407,0,1,3,0,4,349,29,33,0,411,0,0,0,411
02/20/2022,RSW,FL,ASO,ES,Combined TRACON& Tower with Radar,321,28,31,0,380,0,0,4,0,4,321,28,35,0,384,0,0,0,384
02/21/2022,RSW,FL,ASO,ES,Combined TRACON& Tower with Radar,324,32,35,2,393,0,3,9,0,12,324,35,44,2,405,0,0,0,405
02/22/2022,RSW,FL,ASO,ES,Combined TRACON& Tower with Radar,299,38,39,0,376,0,0,7,0,7,299,38,46,0,383,0,0,0,383
02/23/2022,RSW,FL,ASO,ES,Combined TRACON& Tower with Radar,285,19,31,4,339,0,0,7,0,7,285,19,38,4,346,0,0,0,346
02/24/2022,RSW,FL,ASO,ES,Combined TRACON& Tower with Radar,326,43,28,1,398,1,0,8,0,9,327,43,36,1,407,0,0,0,407
02/25/2022,RSW,FL,ASO,ES,Combined TRACON& Tower with Radar,307,26,39,30,402,0,5,6,4,15,307,31,45,34,417,0,0,0,417
02/26/2022,RSW,FL,ASO,ES,Combined TRACON& Tower with Radar,351,29,30,0,410,0,0,2,0,2,351,29,32,0,412,0,0,0,412
02/27/2022,RSW,FL,ASO,ES,Combined TRACON& Tower with Radar,326,17,25,0,368,0,0,7,0,7,326,17,32,0,375,0,0,0,375
02/28/2022,RSW,FL,ASO,ES,Combined TRACON& Tower with Radar,332,22,26,0,380,0,0,13,0,13,332,22,39,0,393,6,0,6,399
03/01/2022,RSW,FL,ASO,ES,Combined TRACON& Tower with Radar,305,16,22,0,343,0,0,4,0,4,305,16,26,0,347,0,0,0,347
03/02/2022,RSW,FL,ASO,ES,Combined TRACON& Tower with Radar,299,28,46,0,373,0,1,17,2,20,299,29,63,2,393,0,0,0,393
03/03/2022,RSW,FL,ASO,ES,Combined TRACON& Tower with Radar,336,33,29,0,398,0,0,5,0,5,336,33,34,0,403,0,0,0,403
03/04/2022,RSW,FL,ASO,ES,Combined TRACON& Tower with Radar,334,37,28,0,399,0,0,8,0,8,334,37,36,0,407,0,0,0,407
03/05/2022,RSW,FL,ASO,ES,Combined TRACON& Tower with Radar,350,37,23,0,410,0,1,2,0,3,350,38,25,0,413,0,0,0,413
03/06/2022,RSW,FL,ASO,ES,Combined TRACON& Tower with Radar,321,43,50,0,414,0,0,2,0,2,321,43,52,0,416,0,0,0,416
03/07/2022,RSW,FL,ASO,ES,Combined TRACON& Tower with Radar,330,16,19,9,374,0,2,3,1,6,330,18,22,10,380,0,0,0,380
03/08/2022,RSW,FL,ASO,ES,Combined TRACON& Tower with Radar,302,19,28,0,349,0,0,8,0,8,302,19,36,0,357,0,0,0,357
03/09/2022,RSW,FL,ASO,ES,Combined TRACON& Tower with Radar,305,28,26,32,391,0,1,6,2,9,305,29,32,34,400,0,0,0,400
03/10/2022,RSW,FL,ASO,ES,Combined TRACON& Tower with Radar,337,28,31,6,402,0,0,4,0,4,337,28,35,6,406,0,0,0,406
03/11/2022,RSW,FL,ASO,ES,Combined TRACON& Tower with Radar,327,48,31,5,411,0,0,6,0,6,327,48,37,5,417,0,0,0,417
03/12/2022,RSW,FL,ASO,ES,Combined TRACON& Tower with Radar,287,33,33,0,353,0,0,3,0,3,287,33,36,0,356,0,0,0,356
03/13/2022,RSW,FL,ASO,ES,Combined TRACON& Tower with Radar,294,42,36,1,373,0,1,0,1,2,294,43,36,2,375,0,0,0,375
03/14/2022,RSW,FL,ASO,ES,Combined TRACON& Tower with Radar,342,24,29,0,395,0,0,6,0,6,342,24,35,0,401,0,0,0,401
03/15/2022,RSW,FL,ASO,ES,Combined TRACON& Tower with Radar,321,15,31,6,373,0,0,0,3,3,321,15,31,9,376,0,0,0,376
03/16/2022,RSW,FL,ASO,ES,Combined TRACON& Tower with Radar,327,26,35,0,388,0,0,2,0,2,327,26,37,0,390,0,0,0,390
03/17/2022,RSW,FL,ASO,ES,Combined TRACON& Tower with Radar,343,17,25,3,388,0,0,3,0,3,343,17,28,3,391,0,0,0,391
03/18/2022,RSW,FL,ASO,ES,Combined TRACON& Tower with Radar,331,19,28,1,379,0,0,8,0,8,331,19,36,1,387,0,0,0,387
03/19/2022,RSW,FL,ASO,ES,Combined TRACON& Tower with Radar,381,37,36,0,454,0,0,9,0,9,381,37,45,0,463,0,0,0,463
03/20/2022,RSW,FL,ASO,ES,Combined TRACON& Tower with Radar,334,26,42,0,402,0,0,6,0,6,334,26,48,0,408,0,0,0,408
03/21/2022,RSW,FL,ASO,ES,Combined TRACON& Tower with Radar,334,26,22,0,382,0,0,4,0,4,334,26,26,0,386,0,0,0,386
03/22/2022,RSW,FL,ASO,ES,Combined TRACON& Tower with Radar,315,7,16,9,347,0,0,7,2,9,315,7,23,11,356,0,0,0,356
03/23/2022,RSW,FL,ASO,ES,Combined TRACON& Tower with Radar,321,18,27,14,380,0,1,2,0,3,321,19,29,14,383,0,0,0,383
03/24/2022,RSW,FL,ASO,ES,Combined TRACON& Tower with Radar,341,17,29,0,387,0,0,0,0,0,341,17,29,0,387,0,0,0,387
03/25/2022,RSW,FL,ASO,ES,Combined TRACON& Tower with Radar,344,29,32,0,405,0,0,9,0,9,344,29,41,0,414,0,0,0,414
03/26/2022,RSW,FL,ASO,ES,Combined TRACON& Tower with Radar,378,20,42,0,440,0,5,7,0,12,378,25,49,0,452,0,0,0,452
03/27/2022,RSW,FL,ASO,ES,Combined TRACON& Tower with Radar,328,35,33,0,396,0,3,2,0,5,328,38,35,0,401,0,0,0,401
03/28/2022,RSW,FL,ASO,ES,Combined TRACON& Tower with Radar,330,28,23,0,381,1,1,6,0,8,331,29,29,0,389,0,0,0,389
03/29/2022,RSW,FL,ASO,ES,Combined TRACON& Tower with Radar,316,17,25,0,358,0,0,6,0,6,316,17,31,0,364,0,0,0,364
03/30/2022,RSW,FL,ASO,ES,Combined TRACON& Tower with Radar,320,10,37,0,367,0,0,9,0,9,320,10,46,0,376,0,0,0,376
03/31/2022,RSW,FL,ASO,ES,Combined TRACON& Tower with Radar,323,17,32,2,374,0,0,0,0,0,323,17,32,2,374,0,0,0,374
04/01/2022,RSW,FL,ASO,ES,Combined TRACON& Tower with Radar,317,30,33,0,380,0,0,2,0,2,317,30,35,0,382,0,0,0,382
04/02/2022,RSW,FL,ASO,ES,Combined TRACON& Tower with Radar,208,18,21,0,247,0,0,8,0,8,208,18,29,0,255,0,0,0,255
04/03/2022,RSW,FL,ASO,ES,Combined TRACON& Tower with Radar,246,31,44,0,321,0,0,3,0,3,246,31,47,0,324,0,0,0,324
04/04/2022,RSW,FL,ASO,ES,Combined TRACON& Tower with Radar,287,19,29,1,336,0,0,3,0,3,287,19,32,1,339,0,0,0,339
04/05/2022,RSW,FL,ASO,ES,Combined TRACON& Tower with Radar,279,15,24,0,318,0,0,6,0,6,279,15,30,0,324,0,0,0,324
04/06/2022,RSW,FL,ASO,ES,Combined TRACON& Tower with Radar,272,16,38,19,345,0,0,2,10,12,272,16,40,29,357,0,0,0,357
04/07/2022,RSW,FL,ASO,ES,Combined TRACON& Tower with Radar,258,27,15,2,302,0,0,2,0,2,258,27,17,2,304,0,0,0,304
04/08/2022,RSW,FL,ASO,ES,Combined TRACON& Tower with Radar,287,36,30,0,353,0,2,8,1,11,287,38,38,1,364,0,0,0,364
04/09/2022,RSW,FL,ASO,ES,Combined TRACON& Tower with Radar,303,24,28,3,358,0,1,1,3,5,303,25,29,6,363,0,0,0,363
04/10/2022,RSW,FL,ASO,ES,Combined TRACON& Tower with Radar,282,29,30,2,343,0,2,6,0,8,282,31,36,2,351,0,0,0,351
04/11/2022,RSW,FL,ASO,ES,Combined TRACON& Tower with Radar,296,27,27,0,350,0,0,6,0,6,296,27,33,0,356,0,0,0,356
04/12/2022,RSW,FL,ASO,ES,Combined TRACON& Tower with Radar,273,25,21,0,319,0,0,14,0,14,273,25,35,0,333,0,0,0,333
04/13/2022,RSW,FL,ASO,ES,Combined TRACON& Tower with Radar,289,24,26,2,341,0,0,14,0,14,289,24,40,2,355,0,0,0,355
04/14/2022,RSW,FL,ASO,ES,Combined TRACON& Tower with Radar,288,35,41,0,364,0,1,0,0,1,288,36,41,0,365,0,0,0,365
04/15/2022,RSW,FL,ASO,ES,Combined TRACON& Tower with Radar,314,24,22,0,360,0,2,3,0,5,314,26,25,0,365,0,0,0,365
04/16/2022,RSW,FL,ASO,ES,Combined TRACON& Tower with Radar,315,28,10,0,353,0,0,3,0,3,315,28,13,0,356,0,0,0,356
04/17/2022,RSW,FL,ASO,ES,Combined TRACON& Tower with Radar,287,17,14,0,318,0,0,3,1,4,287,17,17,1,322,0,0,0,322
04/18/2022,RSW,FL,ASO,ES,Combined TRACON& Tower with Radar,285,31,29,22,367,0,0,11,2,13,285,31,40,24,380,24,0,24,404
04/19/2022,RSW,FL,ASO,ES,Combined TRACON& Tower with Radar,271,22,25,2,320,0,0,13,0,13,271,22,38,2,333,12,0,12,345
04/20/2022,RSW,FL,ASO,ES,Combined TRACON& Tower with Radar,255,21,20,14,310,0,0,10,0,10,255,21,30,14,320,0,0,0,320
04/21/2022,RSW,FL,ASO,ES,Combined TRACON& Tower with Radar,271,12,17,0,300,0,2,8,0,10,271,14,25,0,310,0,0,0,310
04/22/2022,RSW,FL,ASO,ES,Combined TRACON& Tower with Radar,269,20,27,0,316,0,0,8,0,8,269,20,35,0,324,0,0,0,324
04/23/2022,RSW,FL,ASO,ES,Combined TRACON& Tower with Radar,279,32,13,10,334,0,0,5,0,5,279,32,18,10,339,0,0,0,339
04/24/2022,RSW,FL,ASO,ES,Combined TRACON& Tower with Radar,265,26,16,0,307,0,0,0,0,0,265,26,16,0,307,0,0,0,307
04/25/2022,RSW,FL,ASO,ES,Combined TRACON& Tower with Radar,261,14,17,2,294,0,0,4,2,6,261,14,21,4,300,0,0,0,300
04/26/2022,RSW,FL,ASO,ES,Combined TRACON& Tower with Radar,246,21,23,0,290,0,0,7,0,7,246,21,30,0,297,0,0,0,297
04/27/2022,RSW,FL,ASO,ES,Combined TRACON& Tower with Radar,236,26,28,12,302,0,2,3,0,5,236,28,31,12,307,0,0,0,307
04/28/2022,RSW,FL,ASO,ES,Combined TRACON& Tower with Radar,257,20,27,0,304,0,1,9,2,12,257,21,36,2,316,0,0,0,316
04/29/2022,RSW,FL,ASO,ES,Combined TRACON& Tower with Radar,253,30,20,0,303,0,0,6,0,6,253,30,26,0,309,0,0,0,309
04/30/2022,RSW,FL,ASO,ES,Combined TRACON& Tower with Radar,261,24,13,0,298,0,0,3,0,3,261,24,16,0,301,0,0,0,301
05/01/2022,RSW,FL,ASO,ES,Combined TRACON& Tower with Radar,234,25,21,0,280,0,0,5,0,5,234,25,26,0,285,0,0,0,285
05/02/2022,RSW,FL,ASO,ES,Combined TRACON& Tower with Radar,236,24,14,0,274,0,0,8,0,8,236,24,22,0,282,0,0,0,282
05/03/2022,RSW,FL,ASO,ES,Combined TRACON& Tower with Radar,230,9,16,3,258,0,1,5,1,7,230,10,21,4,265,0,0,0,265
05/04/2022,RSW,FL,ASO,ES,Combined TRACON& Tower with Radar,218,28,18,0,264,0,0,1,1,2,218,28,19,1,266,0,0,0,266
05/05/2022,RSW,FL,ASO,ES,Combined TRACON& Tower with Radar,201,27,24,0,252,0,0,1,0,1,201,27,25,0,253,0,0,0,253
05/06/2022,RSW,FL,ASO,ES,Combined TRACON& Tower with Radar,190,22,22,11,245,0,0,11,5,16,190,22,33,16,261,0,0,0,261
05/07/2022,RSW,FL,ASO,ES,Combined TRACON& Tower with Radar,206,14,22,0,242,0,0,5,0,5,206,14,27,0,247,0,0,0,247
05/08/2022,RSW,FL,ASO,ES,Combined TRACON& Tower with Radar,206,14,16,0,236,0,0,2,0,2,206,14,18,0,238,0,0,0,238
05/09/2022,RSW,FL,ASO,ES,Combined TRACON& Tower with Radar,183,13,26,0,222,0,0,3,0,3,183,13,29,0,225,0,0,0,225
05/10/2022,RSW,FL,ASO,ES,Combined TRACON& Tower with Radar,184,19,34,0,237,0,2,15,0,17,184,21,49,0,254,0,0,0,254
05/11/2022,RSW,FL,ASO,ES,Combined TRACON& Tower with Radar,181,26,35,0,242,0,0,6,0,6,181,26,41,0,248,0,0,0,248
05/12/2022,RSW,FL,ASO,ES,Combined TRACON& Tower with Radar,186,29,24,5,244,0,1,7,0,8,186,30,31,5,252,0,0,0,252
05/13/2022,RSW,FL,ASO,ES,Combined TRACON& Tower with Radar,186,17,17,0,220,0,1,5,0,6,186,18,22,0,226,0,0,0,226
05/14/2022,RSW,FL,ASO,ES,Combined TRACON& Tower with Radar,205,13,7,0,225,0,0,8,0,8,205,13,15,0,233,0,0,0,233
05/15/2022,RSW,FL,ASO,ES,Combined TRACON& Tower with Radar,181,16,17,9,223,0,0,3,0,3,181,16,20,9,226,0,0,0,226
05/16/2022,RSW,FL,ASO,ES,Combined TRACON& Tower with Radar,190,18,11,5,224,0,1,4,1,6,190,19,15,6,230,0,0,0,230
05/17/2022,RSW,FL,ASO,ES,Combined TRACON& Tower with Radar,178,25,13,0,216,0,0,8,0,8,178,25,21,0,224,0,0,0,224
05/18/2022,RSW,FL,ASO,ES,Combined TRACON& Tower with Radar,185,8,16,0,209,0,0,9,1,10,185,8,25,1,219,0,0,0,219
05/19/2022,RSW,FL,ASO,ES,Combined TRACON& Tower with Radar,187,15,23,15,240,0,0,8,1,9,187,15,31,16,249,0,0,0,249
05/20/2022,RSW,FL,ASO,ES,Combined TRACON& Tower with Radar,191,18,13,5,227,0,1,8,0,9,191,19,21,5,236,0,0,0,236
05/21/2022,RSW,FL,ASO,ES,Combined TRACON& Tower with Radar,206,16,11,12,245,0,0,0,4,4,206,16,11,16,249,0,0,0,249
05/22/2022,RSW,FL,ASO,ES,Combined TRACON& Tower with Radar,172,13,14,0,199,0,0,6,0,6,172,13,20,0,205,0,0,0,205
05/23/2022,RSW,FL,ASO,ES,Combined TRACON& Tower with Radar,181,14,15,14,224,0,0,6,0,6,181,14,21,14,230,0,0,0,230
05/24/2022,RSW,FL,ASO,ES,Combined TRACON& Tower with Radar,182,15,12,0,209,0,0,4,0,4,182,15,16,0,213,0,0,0,213
05/25/2022,RSW,FL,ASO,ES,Combined TRACON& Tower with Radar,180,14,28,5,227,0,0,12,3,15,180,14,40,8,242,0,0,0,242
05/26/2022,RSW,FL,ASO,ES,Combined TRACON& Tower with Radar,183,16,26,0,225,0,2,5,0,7,183,18,31,0,232,0,0,0,232
05/27/2022,RSW,FL,ASO,ES,Combined TRACON& Tower with Radar,178,17,15,0,210,0,0,11,0,11,178,17,26,0,221,0,0,0,221
05/28/2022,RSW,FL,ASO,ES,Combined TRACON& Tower with Radar,218,19,9,0,246,0,1,2,0,3,218,20,11,0,249,0,0,0,249
05/29/2022,RSW,FL,ASO,ES,Combined TRACON& Tower with Radar,218,7,7,0,232,0,0,2,0,2,218,7,9,0,234,0,0,0,234
05/30/2022,RSW,FL,ASO,ES,Combined TRACON& Tower with Radar,175,20,12,0,207,0,0,0,0,0,175,20,12,0,207,0,0,0,207
05/31/2022,RSW,FL,ASO,ES,Combined TRACON& Tower with Radar,176,12,12,0,200,0,3,5,0,8,176,15,17,0,208,0,0,0,208
06/01/2022,RSW,FL,ASO,ES,Combined TRACON& Tower with Radar,182,16,7,0,205,0,0,4,0,4,182,16,11,0,209,0,0,0,209
06/02/2022,RSW,FL,ASO,ES,Combined TRACON& Tower with Radar,164,11,14,0,189,0,0,10,0,10,164,11,24,0,199,0,0,0,199
06/03/2022,RSW,FL,ASO,ES,Combined TRACON& Tower with Radar,150,11,21,0,182,0,0,1,0,1,150,11,22,0,183,0,0,0,183
06/04/2022,RSW,FL,ASO,ES,Combined TRACON& Tower with Radar,183,21,15,0,219,0,0,0,0,0,183,21,15,0,219,0,0,0,219
06/05/2022,RSW,FL,ASO,ES,Combined TRACON& Tower with Radar,145,14,5,0,164,0,0,6,0,6,145,14,11,0,170,0,0,0,170
06/06/2022,RSW,FL,ASO,ES,Combined TRACON& Tower with Radar,146,6,4,0,156,0,0,1,0,1,146,6,5,0,157,0,0,0,157
06/07/2022,RSW,FL,ASO,ES,Combined TRACON& Tower with Radar,152,8,10,0,170,0,0,7,0,7,152,8,17,0,177,0,0,0,177
06/08/2022,RSW,FL,ASO,ES,Combined TRACON& Tower with Radar,155,6,16,0,177,0,0,6,0,6,155,6,22,0,183,0,0,0,183
06/09/2022,RSW,FL,ASO,ES,Combined TRACON& Tower with Radar,178,12,8,0,198,0,0,7,0,7,178,12,15,0,205,0,0,0,205
06/10/2022,RSW,FL,ASO,ES,Combined TRACON& Tower with Radar,141,11,12,11,175,0,0,1,16,17,141,11,13,27,192,0,0,0,192
06/11/2022,RSW,FL,ASO,ES,Combined TRACON& Tower with Radar,173,9,5,0,187,0,0,1,0,1,173,9,6,0,188,0,0,0,188
06/12/2022,RSW,FL,ASO,ES,Combined TRACON& Tower with Radar,151,12,18,0,181,0,0,9,0,9,151,12,27,0,190,0,0,0,190
06/13/2022,RSW,FL,ASO,ES,Combined TRACON& Tower with Radar,134,11,8,3,156,0,0,3,2,5,134,11,11,5,161,10,0,10,171
06/14/2022,RSW,FL,ASO,ES,Combined TRACON& Tower with Radar,135,11,10,0,156,0,0,2,0,2,135,11,12,0,158,0,0,0,158
06/15/2022,RSW,FL,ASO,ES,Combined TRACON& Tower with Radar,141,12,10,0,163,0,0,6,0,6,141,12,16,0,169,0,0,0,169
06/16/2022,RSW,FL,ASO,ES,Combined TRACON& Tower with Radar,140,7,19,0,166,0,0,20,0,20,140,7,39,0,186,0,0,0,186
06/17/2022,RSW,FL,ASO,ES,Combined TRACON& Tower with Radar,144,10,22,0,176,0,0,5,0,5,144,10,27,0,181,0,0,0,181
06/18/2022,RSW,FL,ASO,ES,Combined TRACON& Tower with Radar,168,4,11,0,183,0,0,11,0,11,168,4,22,0,194,0,0,0,194
06/19/2022,RSW,FL,ASO,ES,Combined TRACON& Tower with Radar,138,10,10,0,158,0,0,1,0,1,138,10,11,0,159,0,0,0,159
06/20/2022,RSW,FL,ASO,ES,Combined TRACON& Tower with Radar,139,9,7,0,155,0,0,9,0,9,139,9,16,0,164,0,0,0,164
06/21/2022,RSW,FL,ASO,ES,Combined TRACON& Tower with Radar,141,5,22,0,168,0,2,8,0,10,141,7,30,0,178,0,0,0,178
06/22/2022,RSW,FL,ASO,ES,Combined TRACON& Tower with Radar,135,4,13,0,152,0,0,9,0,9,135,4,22,0,161,0,0,0,161
06/23/2022,RSW,FL,ASO,ES,Combined TRACON& Tower with Radar,143,2,9,0,154,0,0,19,0,19,143,2,28,0,173,0,0,0,173
06/24/2022,RSW,FL,ASO,ES,Combined TRACON& Tower with Radar,157,12,8,0,177,0,0,6,0,6,157,12,14,0,183,0,0,0,183
06/25/2022,RSW,FL,ASO,ES,Combined TRACON& Tower with Radar,166,9,13,0,188,0,0,15,0,15,166,9,28,0,203,0,0,0,203
06/26/2022,RSW,FL,ASO,ES,Combined TRACON& Tower with Radar,129,8,10,0,147,0,0,2,0,2,129,8,12,0,149,0,0,0,149
06/27/2022,RSW,FL,ASO,ES,Combined TRACON& Tower with Radar,136,8,22,0,166,0,0,7,0,7,136,8,29,0,173,0,0,0,173
06/28/2022,RSW,FL,ASO,ES,Combined TRACON& Tower with Radar,135,16,15,0,166,0,0,2,0,2,135,16,17,0,168,0,0,0,168
06/29/2022,RSW,FL,ASO,ES,Combined TRACON& Tower with Radar,137,6,10,20,173,0,0,3,4,7,137,6,13,24,180,0,0,0,180
06/30/2022,RSW,FL,ASO,ES,Combined TRACON& Tower with Radar,146,15,14,0,175,0,0,21,0,21,146,15,35,0,196,0,0,0,196
07/01/2022,RSW,FL,ASO,ES,Combined TRACON& Tower with Radar,141,17,15,0,173,0,4,2,0,6,141,21,17,0,179,0,0,0,179
07/02/2022,RSW,FL,ASO,ES,Combined TRACON& Tower with Radar,173,18,10,0,201,0,0,10,0,10,173,18,20,0,211,0,0,0,211
07/03/2022,RSW,FL,ASO,ES,Combined TRACON& Tower with Radar,127,9,8,0,144,1,0,2,0,3,128,9,10,0,147,0,0,0,147
07/04/2022,RSW,FL,ASO,ES,Combined TRACON& Tower with Radar,134,4,7,0,145,0,1,2,0,3,134,5,9,0,148,0,0,0,148
07/05/2022,RSW,FL,ASO,ES,Combined TRACON& Tower with Radar,127,10,7,0,144,0,0,8,0,8,127,10,15,0,152,0,0,0,152
07/06/2022,RSW,FL,ASO,ES,Combined TRACON& Tower with Radar,135,10,8,9,162,0,0,5,3,8,135,10,13,12,170,0,0,0,170
07/07/2022,RSW,FL,ASO,ES,Combined TRACON& Tower with Radar,139,10,11,4,164,0,0,4,0,4,139,10,15,4,168,0,0,0,168
07/08/2022,RSW,FL,ASO,ES,Combined TRACON& Tower with Radar,144,9,7,0,160,0,0,4,0,4,144,9,11,0,164,0,0,0,164
07/09/2022,RSW,FL,ASO,ES,Combined TRACON& Tower with Radar,174,17,14,0,205,0,0,3,0,3,174,17,17,0,208,0,0,0,208
07/10/2022,RSW,FL,ASO,ES,Combined TRACON& Tower with Radar,143,3,7,0,153,0,0,9,0,9,143,3,16,0,162,0,0,0,162
07/11/2022,RSW,FL,ASO,ES,Combined TRACON& Tower with Radar,140,10,15,0,165,0,0,8,0,8,140,10,23,0,173,0,0,0,173
07/12/2022,RSW,FL,ASO,ES,Combined TRACON& Tower with Radar,132,8,13,0,153,0,0,4,0,4,132,8,17,0,157,0,0,0,157
07/13/2022,RSW,FL,ASO,ES,Combined TRACON& Tower with Radar,143,8,9,2,162,0,0,4,0,4,143,8,13,2,166,0,0,0,166
07/14/2022,RSW,FL,ASO,ES,Combined TRACON& Tower with Radar,152,10,11,0,173,0,0,3,0,3,152,10,14,0,176,0,0,0,176
07/15/2022,RSW,FL,ASO,ES,Combined TRACON& Tower with Radar,147,8,12,1,168,1,0,7,5,13,148,8,19,6,181,0,0,0,181
07/16/2022,RSW,FL,ASO,ES,Combined TRACON& Tower with Radar,180,7,8,0,195,0,0,0,0,0,180,7,8,0,195,0,0,0,195
07/17/2022,RSW,FL,ASO,ES,Combined TRACON& Tower with Radar,141,11,8,7,167,0,0,6,0,6,141,11,14,7,173,0,0,0,173
07/18/2022,RSW,FL,ASO,ES,Combined TRACON& Tower with Radar,135,8,7,0,150,0,0,4,0,4,135,8,11,0,154,0,0,0,154
07/19/2022,RSW,FL,ASO,ES,Combined TRACON& Tower with Radar,131,7,13,0,151,0,4,5,0,9,131,11,18,0,160,0,0,0,160
07/20/2022,RSW,FL,ASO,ES,Combined TRACON& Tower with Radar,138,5,5,0,148,0,2,3,0,5,138,7,8,0,153,0,0,0,153
07/21/2022,RSW,FL,ASO,ES,Combined TRACON& Tower with Radar,140,7,4,0,151,0,0,1,0,1,140,7,5,0,152,0,0,0,152
07/22/2022,RSW,FL,ASO,ES,Combined TRACON& Tower with Radar,142,6,0,0,148,0,0,0,0,0,142,6,0,0,148,0,0,0,148
07/23/2022,RSW,FL,ASO,ES,Combined TRACON& Tower with Radar,175,14,11,2,202,0,0,5,0,5,175,14,16,2,207,0,0,0,207
07/24/2022,RSW,FL,ASO,ES,Combined TRACON& Tower with Radar,138,7,3,0,148,0,0,0,0,0,138,7,3,0,148,0,0,0,148
07/25/2022,RSW,FL,ASO,ES,Combined TRACON& Tower with Radar,132,7,17,2,158,0,0,4,0,4,132,7,21,2,162,0,0,0,162
07/26/2022,RSW,FL,ASO,ES,Combined TRACON& Tower with Radar,139,6,9,0,154,0,0,5,0,5,139,6,14,0,159,0,0,0,159
07/27/2022,RSW,FL,ASO,ES,Combined TRACON& Tower with Radar,134,4,9,2,149,0,0,5,0,5,134,4,14,2,154,0,0,0,154
07/28/2022,RSW,FL,ASO,ES,Combined TRACON& Tower with Radar,145,5,17,6,173,0,0,6,0,6,145,5,23,6,179,0,0,0,179
07/29/2022,RSW,FL,ASO,ES,Combined TRACON& Tower with Radar,145,1,16,5,167,0,0,2,3,5,145,1,18,8,172,0,0,0,172
07/30/2022,RSW,FL,ASO,ES,Combined TRACON& Tower with Radar,174,4,5,0,183,0,0,4,0,4,174,4,9,0,187,0,0,0,187
07/31/2022,RSW,FL,ASO,ES,Combined TRACON& Tower with Radar,134,3,8,0,145,0,0,3,0,3,134,3,11,0,148,0,0,0,148
08/01/2022,RSW,FL,ASO,ES,Combined TRACON& Tower with Radar,138,5,9,1,153,0,0,6,1,7,138,5,15,2,160,0,0,0,160
08/02/2022,RSW,FL,ASO,ES,Combined TRACON& Tower with Radar,132,6,10,0,148,0,2,8,0,10,132,8,18,0,158,0,0,0,158
08/03/2022,RSW,FL,ASO,ES,Combined TRACON& Tower with Radar,138,7,9,0,154,0,0,5,0,5,138,7,14,0,159,0,0,0,159
08/04/2022,RSW,FL,ASO,ES,Combined TRACON& Tower with Radar,139,7,21,0,167,0,0,8,0,8,139,7,29,0,175,0,0,0,175
08/05/2022,RSW,FL,ASO,ES,Combined TRACON& Tower with Radar,128,12,4,0,144,0,1,3,0,4,128,13,7,0,148,0,0,0,148
08/06/2022,RSW,FL,ASO,ES,Combined TRACON& Tower with Radar,164,8,9,4,185,0,2,4,4,10,164,10,13,8,195,0,0,0,195
08/07/2022,RSW,FL,ASO,ES,Combined TRACON& Tower with Radar,134,3,10,0,147,0,0,10,0,10,134,3,20,0,157,0,0,0,157
08/08/2022,RSW,FL,ASO,ES,Combined TRACON& Tower with Radar,136,9,9,17,171,0,0,9,5,14,136,9,18,22,185,0,0,0,185
08/09/2022,RSW,FL,ASO,ES,Combined TRACON& Tower with Radar,134,4,13,2,153,0,0,9,0,9,134,4,22,2,162,0,0,0,162
08/10/2022,RSW,FL,ASO,ES,Combined TRACON& Tower with Radar,133,3,17,14,167,0,0,5,4,9,133,3,22,18,176,0,0,0,176
08/11/2022,RSW,FL,ASO,ES,Combined TRACON& Tower with Radar,139,7,11,16,173,0,0,7,3,10,139,7,18,19,183,0,0,0,183
08/12/2022,RSW,FL,ASO,ES,Combined TRACON& Tower with Radar,145,10,12,0,167,0,0,9,0,9,145,10,21,0,176,0,0,0,176
08/13/2022,RSW,FL,ASO,ES,Combined TRACON& Tower with Radar,177,3,11,0,191,0,0,0,0,0,177,3,11,0,191,0,0,0,191
08/14/2022,RSW,FL,ASO,ES,Combined TRACON& Tower with Radar,141,11,10,0,162,0,0,2,0,2,141,11,12,0,164,0,0,0,164
08/15/2022,RSW,FL,ASO,ES,Combined TRACON& Tower with Radar,146,7,12,0,165,0,0,5,0,5,146,7,17,0,170,0,0,0,170
08/16/2022,RSW,FL,ASO,ES,Combined TRACON& Tower with Radar,139,6,13,0,158,0,0,3,0,3,139,6,16,0,161,0,0,0,161
08/17/2022,RSW,FL,ASO,ES,Combined TRACON& Tower with Radar,134,7,4,0,145,0,0,10,0,10,134,7,14,0,155,0,0,0,155
08/18/2022,RSW,FL,ASO,ES,Combined TRACON& Tower with Radar,141,6,9,0,156,0,0,3,0,3,141,6,12,0,159,0,0,0,159
08/19/2022,RSW,FL,ASO,ES,Combined TRACON& Tower with Radar,132,2,2,5,141,0,0,9,2,11,132,2,11,7,152,0,0,0,152
08/20/2022,RSW,FL,ASO,ES,Combined TRACON& Tower with Radar,168,9,8,0,185,0,0,3,0,3,168,9,11,0,188,0,0,0,188
08/21/2022,RSW,FL,ASO,ES,Combined TRACON& Tower with Radar,128,9,15,0,152,0,0,4,0,4,128,9,19,0,156,0,0,0,156
08/22/2022,RSW,FL,ASO,ES,Combined TRACON& Tower with Radar,128,5,8,2,143,0,2,2,2,6,128,7,10,4,149,0,0,0,149
08/23/2022,RSW,FL,ASO,ES,Combined TRACON& Tower with Radar,131,4,9,0,144,0,0,3,0,3,131,4,12,0,147,0,0,0,147
08/24/2022,RSW,FL,ASO,ES,Combined TRACON& Tower with Radar,131,12,7,0,150,0,0,9,0,9,131,12,16,0,159,0,0,0,159
08/25/2022,RSW,FL,ASO,ES,Combined TRACON& Tower with Radar,135,5,7,19,166,0,0,0,4,4,135,5,7,23,170,0,0,0,170
08/26/2022,RSW,FL,ASO,ES,Combined TRACON& Tower with Radar,133,5,5,0,143,0,0,2,0,2,133,5,7,0,145,0,0,0,145
08/27/2022,RSW,FL,ASO,ES,Combined TRACON& Tower with Radar,173,4,17,0,194,0,0,3,0,3,173,4,20,0,197,0,0,0,197
08/28/2022,RSW,FL,ASO,ES,Combined TRACON& Tower with Radar,130,2,10,0,142,0,0,5,0,5,130,2,15,0,147,0,0,0,147
08/29/2022,RSW,FL,ASO,ES,Combined TRACON& Tower with Radar,130,6,14,4,154,0,0,10,0,10,130,6,24,4,164,8,0,8,172
08/30/2022,RSW,FL,ASO,ES,Combined TRACON& Tower with Radar,123,7,11,0,141,0,1,7,0,8,123,8,18,0,149,0,0,0,149
08/31/2022,RSW,FL,ASO,ES,Combined TRACON& Tower with Radar,142,12,15,0,169,0,0,9,0,9,142,12,24,0,178,0,0,0,178
09/01/2022,RSW,FL,ASO,ES,Combined TRACON& Tower with Radar,143,6,19,10,178,0,0,8,0,8,143,6,27,10,186,0,0,0,186
09/02/2022,RSW,FL,ASO,ES,Combined TRACON& Tower with Radar,141,5,9,0,155,0,0,0,0,0,141,5,9,0,155,0,0,0,155
09/03/2022,RSW,FL,ASO,ES,Combined TRACON& Tower with Radar,166,6,1,4,177,0,0,2,1,3,166,6,3,5,180,0,0,0,180
09/04/2022,RSW,FL,ASO,ES,Combined TRACON& Tower with Radar,125,3,0,0,128,0,0,2,0,2,125,3,2,0,130,0,0,0,130
09/05/2022,RSW,FL,ASO,ES,Combined TRACON& Tower with Radar,134,4,5,0,143,0,0,2,0,2,134,4,7,0,145,0,0,0,145
09/06/2022,RSW,FL,ASO,ES,Combined TRACON& Tower with Radar,140,8,19,0,167,0,0,7,0,7,140,8,26,0,174,0,0,0,174
09/07/2022,RSW,FL,ASO,ES,Combined TRACON& Tower with Radar,132,10,18,0,160,0,0,5,0,5,132,10,23,0,165,0,0,0,165
09/08/2022,RSW,FL,ASO,ES,Combined TRACON& Tower with Radar,137,6,8,0,151,0,0,5,0,5,137,6,13,0,156,0,0,0,156
09/09/2022,RSW,FL,ASO,ES,Combined TRACON& Tower with Radar,135,7,8,0,150,0,0,4,0,4,135,7,12,0,154,0,0,0,154
09/10/2022,RSW,FL,ASO,ES,Combined TRACON& Tower with Radar,159,9,4,0,172,0,0,11,0,11,159,9,15,0,183,0,0,0,183
09/11/2022,RSW,FL,ASO,ES,Combined TRACON& Tower with Radar,145,7,10,0,162,0,0,9,0,9,145,7,19,0,171,0,0,0,171
09/12/2022,RSW,FL,ASO,ES,Combined TRACON& Tower with Radar,134,14,8,0,156,0,0,8,0,8,134,14,16,0,164,16,0,16,180
09/13/2022,RSW,FL,ASO,ES,Combined TRACON& Tower with Radar,134,7,15,8,164,0,0,6,1,7,134,7,21,9,171,0,0,0,171
09/14/2022,RSW,FL,ASO,ES,Combined TRACON& Tower with Radar,139,7,14,0,160,0,0,7,0,7,139,7,21,0,167,0,0,0,167
09/15/2022,RSW,FL,ASO,ES,Combined TRACON& Tower with Radar,145,13,8,2,168,0,0,6,0,6,145,13,14,2,174,0,0,0,174
09/16/2022,RSW,FL,ASO,ES,Combined TRACON& Tower with Radar,136,5,11,0,152,0,0,4,0,4,136,5,15,0,156,0,0,0,156
09/17/2022,RSW,FL,ASO,ES,Combined TRACON& Tower with Radar,159,14,15,0,188,0,0,6,0,6,159,14,21,0,194,0,0,0,194
09/18/2022,RSW,FL,ASO,ES,Combined TRACON& Tower with Radar,148,13,10,0,171,0,0,0,0,0,148,13,10,0,171,0,0,0,171
09/19/2022,RSW,FL,ASO,ES,Combined TRACON& Tower with Radar,132,10,12,0,154,0,0,7,0,7,132,10,19,0,161,0,0,0,161
09/20/2022,RSW,FL,ASO,ES,Combined TRACON& Tower with Radar,127,10,16,0,153,0,0,14,0,14,127,10,30,0,167,0,0,0,167
09/21/2022,RSW,FL,ASO,ES,Combined TRACON& Tower with Radar,138,11,4,0,153,0,0,4,0,4,138,11,8,0,157,0,0,0,157
09/22/2022,RSW,FL,ASO,ES,Combined TRACON& Tower with Radar,137,15,15,0,167,0,0,2,0,2,137,15,17,0,169,0,0,0,169
09/23/2022,RSW,FL,ASO,ES,Combined TRACON& Tower with Radar,139,10,7,0,156,0,0,6,0,6,139,10,13,0,162,0,0,0,162
09/24/2022,RSW,FL,ASO,ES,Combined TRACON& Tower with Radar,156,6,8,0,170,0,0,7,0,7,156,6,15,0,177,0,0,0,177
09/25/2022,RSW,FL,ASO,ES,Combined TRACON& Tower with Radar,145,12,15,0,172,0,0,26,0,26,145,12,41,0,198,16,0,16,214
09/26/2022,RSW,FL,ASO,ES,Combined TRACON& Tower with Radar,140,9,12,0,161,0,0,4,0,4,140,9,16,0,165,0,0,0,165
09/27/2022,RSW,FL,ASO,ES,Combined TRACON& Tower with Radar,103,10,8,0,121,0,0,0,0,0,103,10,8,0,121,0,0,0,121
09/28/2022,RSW,FL,ASO,ES,Combined TRACON& Tower with Radar,0,0,0,0,0,0,0,0,0,0,0,0,0,0,0,0,0,0,0
09/29/2022,RSW,FL,ASO,ES,Combined TRACON& Tower with Radar,0,2,3,23,28,0,0,9,15,24,0,2,12,38,52,0,0,0,52
09/30/2022,RSW,FL,ASO,ES,Combined TRACON& Tower with Radar,0,1,7,48,56,0,2,21,37,60,0,3,28,85,116,0,0,0,116
10/01/2022,RSW,FL,ASO,ES,Combined TRACON& Tower with Radar,2,3,12,28,45,0,1,12,21,34,2,4,24,49,79,0,0,0,79
10/02/2022,RSW,FL,ASO,ES,Combined TRACON& Tower with Radar,2,1,0,29,32,0,2,13,21,36,2,3,13,50,68,0,0,0,68
10/03/2022,RSW,FL,ASO,ES,Combined TRACON& Tower with Radar,0,1,3,7,11,0,0,10,3,13,0,1,13,10,24,0,0,0,24
10/04/2022,RSW,FL,ASO,ES,Combined TRACON& Tower with Radar,0,2,3,36,41,0,2,12,22,36,0,4,15,58,77,0,0,0,77
10/05/2022,RSW,FL,ASO,ES,Combined TRACON& Tower with Radar,71,5,6,22,104,0,2,19,15,36,71,7,25,37,140,0,0,0,140
10/06/2022,RSW,FL,ASO,ES,Combined TRACON& Tower with Radar,68,8,13,27,116,0,1,10,23,34,68,9,23,50,150,0,0,0,150
10/07/2022,RSW,FL,ASO,ES,Combined TRACON& Tower with Radar,88,16,20,17,141,0,0,9,13,22,88,16,29,30,163,0,0,0,163
10/08/2022,RSW,FL,ASO,ES,Combined TRACON& Tower with Radar,89,14,7,14,124,0,0,12,12,24,89,14,19,26,148,0,0,0,148
10/09/2022,RSW,FL,ASO,ES,Combined TRACON& Tower with Radar,94,21,17,4,136,0,0,6,16,22,94,21,23,20,158,0,0,0,158
10/10/2022,RSW,FL,ASO,ES,Combined TRACON& Tower with Radar,100,17,22,6,145,0,0,21,14,35,100,17,43,20,180,0,0,0,180
10/11/2022,RSW,FL,ASO,ES,Combined TRACON& Tower with Radar,115,21,23,4,163,0,0,13,3,16,115,21,36,7,179,0,0,0,179
10/12/2022,RSW,FL,ASO,ES,Combined TRACON& Tower with Radar,127,30,42,2,201,0,0,7,5,12,127,30,49,7,213,0,0,0,213
10/13/2022,RSW,FL,ASO,ES,Combined TRACON& Tower with Radar,133,24,27,5,189,0,0,7,1,8,133,24,34,6,197,0,0,0,197
10/14/2022,RSW,FL,ASO,ES,Combined TRACON& Tower with Radar,131,18,16,0,165,0,0,23,0,23,131,18,39,0,188,0,0,0,188
10/15/2022,RSW,FL,ASO,ES,Combined TRACON& Tower with Radar,135,23,6,0,164,0,0,9,1,10,135,23,15,1,174,0,0,0,174
10/16/2022,RSW,FL,ASO,ES,Combined TRACON& Tower with Radar,138,29,18,1,186,0,0,11,1,12,138,29,29,2,198,0,0,0,198
10/17/2022,RSW,FL,ASO,ES,Combined TRACON& Tower with Radar,128,15,13,0,156,0,2,10,1,13,128,17,23,1,169,0,0,0,169
10/18/2022,RSW,FL,ASO,ES,Combined TRACON& Tower with Radar,69,2,12,0,83,0,0,4,0,4,69,2,16,0,87,0,0,0,87
10/19/2022,RSW,FL,ASO,ES,Combined TRACON& Tower with Radar,160,34,22,0,216,0,0,7,0,7,160,34,29,0,223,0,0,0,223
10/20/2022,RSW,FL,ASO,ES,Combined TRACON& Tower with Radar,141,25,29,0,195,0,0,7,0,7,141,25,36,0,202,0,0,0,202
10/21/2022,RSW,FL,ASO,ES,Combined TRACON& Tower with Radar,143,11,31,0,185,0,0,6,0,6,143,11,37,0,191,0,0,0,191
10/22/2022,RSW,FL,ASO,ES,Combined TRACON& Tower with Radar,143,24,6,1,174,0,0,6,0,6,143,24,12,1,180,0,0,0,180
10/23/2022,RSW,FL,ASO,ES,Combined TRACON& Tower with Radar,142,18,10,0,170,0,0,5,0,5,142,18,15,0,175,0,0,0,175
10/24/2022,RSW,FL,ASO,ES,Combined TRACON& Tower with Radar,130,14,19,0,163,0,0,10,0,10,130,14,29,0,173,0,0,0,173
10/25/2022,RSW,FL,ASO,ES,Combined TRACON& Tower with Radar,126,10,20,0,156,0,0,10,0,10,126,10,30,0,166,0,0,0,166
10/26/2022,RSW,FL,ASO,ES,Combined TRACON& Tower with Radar,134,8,26,1,169,0,0,16,0,16,134,8,42,1,185,0,0,0,185
10/27/2022,RSW,FL,ASO,ES,Combined TRACON& Tower with Radar,147,17,21,2,187,0,0,13,0,13,147,17,34,2,200,0,0,0,200
10/28/2022,RSW,FL,ASO,ES,Combined TRACON& Tower with Radar,142,23,18,0,183,0,0,8,0,8,142,23,26,0,191,0,0,0,191
10/29/2022,RSW,FL,ASO,ES,Combined TRACON& Tower with Radar,138,28,4,0,170,0,0,2,0,2,138,28,6,0,172,0,0,0,172
10/30/2022,RSW,FL,ASO,ES,Combined TRACON& Tower with Radar,148,25,13,0,186,0,0,6,0,6,148,25,19,0,192,0,0,0,192
10/31/2022,RSW,FL,ASO,ES,Combined TRACON& Tower with Radar,132,11,10,0,153,0,0,9,0,9,132,11,19,0,162,0,0,0,162
11/01/2022,RSW,FL,ASO,ES,Combined TRACON& Tower with Radar,151,30,4,0,185,0,0,5,0,5,151,30,9,0,190,0,0,0,190
11/02/2022,RSW,FL,ASO,ES,Combined TRACON& Tower with Radar,153,36,34,0,223,0,0,7,0,7,153,36,41,0,230,0,0,0,230
11/03/2022,RSW,FL,ASO,ES,Combined TRACON& Tower with Radar,160,30,30,0,220,0,0,11,0,11,160,30,41,0,231,0,0,0,231
11/04/2022,RSW,FL,ASO,ES,Combined TRACON& Tower with Radar,156,14,18,0,188,0,0,2,0,2,156,14,20,0,190,0,0,0,190
11/05/2022,RSW,FL,ASO,ES,Combined TRACON& Tower with Radar,171,15,16,0,202,0,0,1,0,1,171,15,17,0,203,0,0,0,203
11/06/2022,RSW,FL,ASO,ES,Combined TRACON& Tower with Radar,185,29,12,0,226,0,0,3,0,3,185,29,15,0,229,0,0,0,229
11/07/2022,RSW,FL,ASO,ES,Combined TRACON& Tower with Radar,194,21,28,2,245,0,0,19,0,19,194,21,47,2,264,0,0,0,264
11/08/2022,RSW,FL,ASO,ES,Combined TRACON& Tower with Radar,196,27,18,11,252,0,0,6,1,7,196,27,24,12,259,0,0,0,259
11/09/2022,RSW,FL,ASO,ES,Combined TRACON& Tower with Radar,198,23,14,0,235,0,2,1,0,3,198,25,15,0,238,8,0,8,246
11/10/2022,RSW,FL,ASO,ES,Combined TRACON& Tower with Radar,206,14,17,0,237,1,0,0,0,1,207,14,17,0,238,0,0,0,238
11/11/2022,RSW,FL,ASO,ES,Combined TRACON& Tower with Radar,206,16,14,0,236,0,0,8,0,8,206,16,22,0,244,0,0,0,244
11/12/2022,RSW,FL,ASO,ES,Combined TRACON& Tower with Radar,242,19,11,0,272,0,1,7,1,9,242,20,18,1,281,0,0,0,281
11/13/2022,RSW,FL,ASO,ES,Combined TRACON& Tower with Radar,198,21,14,0,233,0,0,6,0,6,198,21,20,0,239,0,0,0,239
11/14/2022,RSW,FL,ASO,ES,Combined TRACON& Tower with Radar,203,16,17,0,236,0,1,3,0,4,203,17,20,0,240,0,0,0,240
11/15/2022,RSW,FL,ASO,ES,Combined TRACON& Tower with Radar,203,17,31,0,251,0,0,14,0,14,203,17,45,0,265,0,0,0,265
11/16/2022,RSW,FL,ASO,ES,Combined TRACON& Tower with Radar,204,18,18,0,240,0,0,7,0,7,204,18,25,0,247,0,0,0,247
11/17/2022,RSW,FL,ASO,ES,Combined TRACON& Tower with Radar,201,26,37,1,265,0,0,11,0,11,201,26,48,1,276,0,0,0,276
11/18/2022,RSW,FL,ASO,ES,Combined TRACON& Tower with Radar,207,20,24,0,251,0,0,12,0,12,207,20,36,0,263,0,0,0,263
11/19/2022,RSW,FL,ASO,ES,Combined TRACON& Tower with Radar,253,23,21,0,297,0,0,4,0,4,253,23,25,0,301,0,0,0,301
11/20/2022,RSW,FL,ASO,ES,Combined TRACON& Tower with Radar,216,31,17,0,264,0,0,1,0,1,216,31,18,0,265,0,0,0,265
11/21/2022,RSW,FL,ASO,ES,Combined TRACON& Tower with Radar,210,17,18,0,245,0,0,0,0,0,210,17,18,0,245,0,0,0,245
11/22/2022,RSW,FL,ASO,ES,Combined TRACON& Tower with Radar,221,22,25,3,271,0,0,3,3,6,221,22,28,6,277,0,0,0,277
11/23/2022,RSW,FL,ASO,ES,Combined TRACON& Tower with Radar,257,12,20,0,289,0,0,1,0,1,257,12,21,0,290,0,0,0,290
11/24/2022,RSW,FL,ASO,ES,Combined TRACON& Tower with Radar,148,12,2,0,162,0,0,0,0,0,148,12,2,0,162,0,0,0,162
11/25/2022,RSW,FL,ASO,ES,Combined TRACON& Tower with Radar,200,23,9,0,232,0,0,3,0,3,200,23,12,0,235,0,0,0,235
11/26/2022,RSW,FL,ASO,ES,Combined TRACON& Tower with Radar,257,20,14,0,291,1,0,3,0,4,258,20,17,0,295,0,0,0,295
11/27/2022,RSW,FL,ASO,ES,Combined TRACON& Tower with Radar,230,14,31,0,275,0,0,5,0,5,230,14,36,0,280,0,0,0,280
11/28/2022,RSW,FL,ASO,ES,Combined TRACON& Tower with Radar,234,18,17,0,269,0,1,10,0,11,234,19,27,0,280,0,0,0,280
11/29/2022,RSW,FL,ASO,ES,Combined TRACON& Tower with Radar,199,20,36,0,255,0,0,9,0,9,199,20,45,0,264,0,0,0,264
11/30/2022,RSW,FL,ASO,ES,Combined TRACON& Tower with Radar,206,13,31,4,254,0,0,11,0,11,206,13,42,4,265,0,0,0,265
12/01/2022,RSW,FL,ASO,ES,Combined TRACON& Tower with Radar,200,19,31,6,256,0,0,16,0,16,200,19,47,6,272,0,0,0,272
12/02/2022,RSW,FL,ASO,ES,Combined TRACON& Tower with Radar,202,12,8,0,222,0,0,3,0,3,202,12,11,0,225,0,0,0,225
12/03/2022,RSW,FL,ASO,ES,Combined TRACON& Tower with Radar,248,15,9,0,272,0,0,5,0,5,248,15,14,0,277,0,0,0,277
12/04/2022,RSW,FL,ASO,ES,Combined TRACON& Tower with Radar,194,18,14,0,226,0,0,2,0,2,194,18,16,0,228,0,0,0,228
12/05/2022,RSW,FL,ASO,ES,Combined TRACON& Tower with Radar,188,7,21,21,237,0,1,13,1,15,188,8,34,22,252,0,0,0,252
12/06/2022,RSW,FL,ASO,ES,Combined TRACON& Tower with Radar,186,13,12,4,215,0,0,10,0,10,186,13,22,4,225,0,0,0,225
12/07/2022,RSW,FL,ASO,ES,Combined TRACON& Tower with Radar,179,6,39,0,224,0,2,12,0,14,179,8,51,0,238,0,0,0,238
12/08/2022,RSW,FL,ASO,ES,Combined TRACON& Tower with Radar,189,21,22,6,238,0,0,4,5,9,189,21,26,11,247,0,0,0,247
12/09/2022,RSW,FL,ASO,ES,Combined TRACON& Tower with Radar,191,18,20,0,229,0,0,4,2,6,191,18,24,2,235,0,0,0,235
12/10/2022,RSW,FL,ASO,ES,Combined TRACON& Tower with Radar,223,10,14,0,247,0,0,2,0,2,223,10,16,0,249,0,0,0,249
12/11/2022,RSW,FL,ASO,ES,Combined TRACON& Tower with Radar,192,24,19,0,235,0,0,4,0,4,192,24,23,0,239,0,0,0,239
12/12/2022,RSW,FL,ASO,ES,Combined TRACON& Tower with Radar,192,14,14,0,220,0,0,3,0,3,192,14,17,0,223,0,0,0,223
12/13/2022,RSW,FL,ASO,ES,Combined TRACON& Tower with Radar,177,20,17,0,214,0,0,5,0,5,177,20,22,0,219,0,0,0,219
12/14/2022,RSW,FL,ASO,ES,Combined TRACON& Tower with Radar,185,21,18,12,236,0,0,11,0,11,185,21,29,12,247,0,0,0,247
12/15/2022,RSW,FL,ASO,ES,Combined TRACON& Tower with Radar,204,34,17,0,255,0,0,9,0,9,204,34,26,0,264,0,0,0,264
12/16/2022,RSW,FL,ASO,ES,Combined TRACON& Tower with Radar,205,28,19,0,252,0,0,1,0,1,205,28,20,0,253,0,0,0,253
12/17/2022,RSW,FL,ASO,ES,Combined TRACON& Tower with Radar,243,13,28,0,284,0,0,5,0,5,243,13,33,0,289,0,0,0,289
12/18/2022,RSW,FL,ASO,ES,Combined TRACON& Tower with Radar,220,11,7,0,238,0,0,2,0,2,220,11,9,0,240,0,0,0,240
12/19/2022,RSW,FL,ASO,ES,Combined TRACON& Tower with Radar,206,26,14,0,246,0,0,2,0,2,206,26,16,0,248,0,0,0,248
12/20/2022,RSW,FL,ASO,ES,Combined TRACON& Tower with Radar,198,17,20,0,235,0,0,11,0,11,198,17,31,0,246,0,0,0,246
12/21/2022,RSW,FL,ASO,ES,Combined TRACON& Tower with Radar,224,10,17,0,251,0,0,0,0,0,224,10,17,0,251,0,0,0,251
12/22/2022,RSW,FL,ASO,ES,Combined TRACON& Tower with Radar,211,43,15,0,269,0,1,0,0,1,211,44,15,0,270,0,0,0,270
12/23/2022,RSW,FL,ASO,ES,Combined TRACON& Tower with Radar,187,13,5,0,205,0,0,0,0,0,187,13,5,0,205,0,0,0,205
12/24/2022,RSW,FL,ASO,ES,Combined TRACON& Tower with Radar,162,6,7,0,175,0,0,1,0,1,162,6,8,0,176,0,0,0,176
12/25/2022,RSW,FL,ASO,ES,Combined TRACON& Tower with Radar,159,10,5,0,174,0,0,2,0,2,159,10,7,0,176,0,0,0,176
12/26/2022,RSW,FL,ASO,ES,Combined TRACON& Tower with Radar,192,49,42,0,283,0,0,7,0,7,192,49,49,0,290,0,0,0,290
12/27/2022,RSW,FL,ASO,ES,Combined TRACON& Tower with Radar,183,63,45,0,291,0,0,7,0,7,183,63,52,0,298,0,0,0,298
12/28/2022,RSW,FL,ASO,ES,Combined TRACON& Tower with Radar,200,66,49,0,315,0,1,7,0,8,200,67,56,0,323,0,0,0,323
12/29/2022,RSW,FL,ASO,ES,Combined TRACON& Tower with Radar,210,49,44,0,303,0,0,5,0,5,210,49,49,0,308,0,0,0,308
12/30/2022,RSW,FL,ASO,ES,Combined TRACON& Tower with Radar,246,31,27,0,304,0,0,17,0,17,246,31,44,0,321,0,0,0,321
12/31/2022,RSW,FL,ASO,ES,Combined TRACON& Tower with Radar,237,21,6,0,264,0,0,2,0,2,237,21,8,0,266,0,0,0,266
01/01/2023,RSW,FL,ASO,ES,Combined TRACON& Tower with Radar,213,16,19,0,248,0,0,0,0,0,213,16,19,0,248,0,0,0,248
01/02/2023,RSW,FL,ASO,ES,Combined TRACON& Tower with Radar,222,37,23,0,282,0,0,5,0,5,222,37,28,0,287,0,0,0,287
01/03/2023,RSW,FL,ASO,ES,Combined TRACON& Tower with Radar,202,32,21,0,255,0,0,7,0,7,202,32,28,0,262,0,0,0,262
01/04/2023,RSW,FL,ASO,ES,Combined TRACON& Tower with Radar,172,26,19,6,223,0,2,9,0,11,172,28,28,6,234,0,0,0,234
01/05/2023,RSW,FL,ASO,ES,Combined TRACON& Tower with Radar,222,24,22,3,271,0,0,2,3,5,222,24,24,6,276,0,0,0,276
01/06/2023,RSW,FL,ASO,ES,Combined TRACON& Tower with Radar,225,27,21,1,274,0,0,7,0,7,225,27,28,1,281,0,0,0,281
01/07/2023,RSW,FL,ASO,ES,Combined TRACON& Tower with Radar,268,15,18,0,301,0,2,5,0,7,268,17,23,0,308,8,0,8,316
01/08/2023,RSW,FL,ASO,ES,Combined TRACON& Tower with Radar,244,22,20,0,286,0,0,5,0,5,244,22,25,0,291,0,0,0,291
01/09/2023,RSW,FL,ASO,ES,Combined TRACON& Tower with Radar,216,15,13,0,244,0,0,2,0,2,216,15,15,0,246,0,0,0,246
01/10/2023,RSW,FL,ASO,ES,Combined TRACON& Tower with Radar,202,13,24,0,239,0,0,8,0,8,202,13,32,0,247,12,0,12,259
01/11/2023,RSW,FL,ASO,ES,Combined TRACON& Tower with Radar,200,27,35,20,282,0,0,4,3,7,200,27,39,23,289,0,0,0,289
01/12/2023,RSW,FL,ASO,ES,Combined TRACON& Tower with Radar,213,14,22,0,249,0,0,4,0,4,213,14,26,0,253,0,0,0,253
01/13/2023,RSW,FL,ASO,ES,Combined TRACON& Tower with Radar,220,15,30,0,265,0,0,5,0,5,220,15,35,0,270,0,0,0,270
01/14/2023,RSW,FL,ASO,ES,Combined TRACON& Tower with Radar,263,14,24,4,305,0,0,10,0,10,263,14,34,4,315,0,0,0,315
01/15/2023,RSW,FL,ASO,ES,Combined TRACON& Tower with Radar,227,19,22,0,268,0,0,6,0,6,227,19,28,0,274,0,0,0,274
01/16/2023,RSW,FL,ASO,ES,Combined TRACON& Tower with Radar,215,18,26,0,259,0,0,17,0,17,215,18,43,0,276,23,0,23,299
01/17/2023,RSW,FL,ASO,ES,Combined TRACON& Tower with Radar,203,16,20,0,239,0,0,2,0,2,203,16,22,0,241,0,0,0,241
01/18/2023,RSW,FL,ASO,ES,Combined TRACON& Tower with Radar,208,12,27,9,256,0,0,7,3,10,208,12,34,12,266,0,0,0,266
01/19/2023,RSW,FL,ASO,ES,Combined TRACON& Tower with Radar,212,11,29,0,252,0,0,10,0,10,212,11,39,0,262,0,0,0,262
01/20/2023,RSW,FL,ASO,ES,Combined TRACON& Tower with Radar,215,15,32,2,264,0,0,14,5,19,215,15,46,7,283,0,0,0,283
01/21/2023,RSW,FL,ASO,ES,Combined TRACON& Tower with Radar,262,19,12,0,293,0,0,3,0,3,262,19,15,0,296,0,0,0,296
01/22/2023,RSW,FL,ASO,ES,Combined TRACON& Tower with Radar,233,17,16,0,266,0,0,4,2,6,233,17,20,2,272,0,0,0,272
01/23/2023,RSW,FL,ASO,ES,Combined TRACON& Tower with Radar,214,22,27,1,264,0,1,6,0,7,214,23,33,1,271,0,0,0,271
01/24/2023,RSW,FL,ASO,ES,Combined TRACON& Tower with Radar,202,15,33,0,250,0,0,8,2,10,202,15,41,2,260,0,0,0,260
01/25/2023,RSW,FL,ASO,ES,Combined TRACON& Tower with Radar,200,10,19,45,274,0,0,5,12,17,200,10,24,57,291,0,20,20,311
01/26/2023,RSW,FL,ASO,ES,Combined TRACON& Tower with Radar,213,21,35,2,271,0,0,14,0,14,213,21,49,2,285,0,0,0,285
01/27/2023,RSW,FL,ASO,ES,Combined TRACON& Tower with Radar,219,16,20,0,255,0,1,6,0,7,219,17,26,0,262,0,0,0,262
01/28/2023,RSW,FL,ASO,ES,Combined TRACON& Tower with Radar,266,12,9,0,287,0,0,6,0,6,266,12,15,0,293,0,0,0,293
01/29/2023,RSW,FL,ASO,ES,Combined TRACON& Tower with Radar,236,25,23,0,284,0,2,4,0,6,236,27,27,0,290,16,0,16,306
01/30/2023,RSW,FL,ASO,ES,Combined TRACON& Tower with Radar,217,17,17,19,270,0,1,4,7,12,217,18,21,26,282,0,0,0,282
01/31/2023,RSW,FL,ASO,ES,Combined TRACON& Tower with Radar,199,22,21,24,266,0,2,12,7,21,199,24,33,31,287,0,0,0,287
02/01/2023,RSW,FL,ASO,ES,Combined TRACON& Tower with Radar,195,21,27,0,243,0,2,11,0,13,195,23,38,0,256,0,0,0,256
02/02/2023,RSW,FL,ASO,ES,Combined TRACON& Tower with Radar,215,15,30,28,288,0,0,5,0,5,215,15,35,28,293,0,0,0,293
02/03/2023,RSW,FL,ASO,ES,Combined TRACON& Tower with Radar,230,23,19,13,285,0,0,7,3,10,230,23,26,16,295,0,0,0,295
02/04/2023,RSW,FL,ASO,ES,Combined TRACON& Tower with Radar,266,14,13,8,301,0,0,5,0,5,266,14,18,8,306,0,0,0,306
02/05/2023,RSW,FL,ASO,ES,Combined TRACON& Tower with Radar,275,16,27,1,319,0,0,5,5,10,275,16,32,6,329,0,0,0,329
02/06/2023,RSW,FL,ASO,ES,Combined TRACON& Tower with Radar,229,21,15,0,265,0,0,1,0,1,229,21,16,0,266,0,0,0,266
02/07/2023,RSW,FL,ASO,ES,Combined TRACON& Tower with Radar,207,12,22,0,241,0,2,7,0,9,207,14,29,0,250,0,0,0,250
02/08/2023,RSW,FL,ASO,ES,Combined TRACON& Tower with Radar,218,12,13,0,243,0,1,6,0,7,218,13,19,0,250,0,0,0,250
02/09/2023,RSW,FL,ASO,ES,Combined TRACON& Tower with Radar,226,24,17,0,267,0,0,2,0,2,226,24,19,0,269,0,0,0,269
02/10/2023,RSW,FL,ASO,ES,Combined TRACON& Tower with Radar,226,13,21,20,280,0,0,3,5,8,226,13,24,25,288,0,0,0,288
02/11/2023,RSW,FL,ASO,ES,Combined TRACON& Tower with Radar,273,19,11,0,303,0,0,5,0,5,273,19,16,0,308,0,0,0,308
02/12/2023,RSW,FL,ASO,ES,Combined TRACON& Tower with Radar,254,20,12,0,286,0,0,2,0,2,254,20,14,0,288,0,0,0,288
02/13/2023,RSW,FL,ASO,ES,Combined TRACON& Tower with Radar,235,13,18,0,266,0,0,12,0,12,235,13,30,0,278,0,0,0,278
02/14/2023,RSW,FL,ASO,ES,Combined TRACON& Tower with Radar,212,21,26,0,259,0,0,12,0,12,212,21,38,0,271,0,0,0,271
02/15/2023,RSW,FL,ASO,ES,Combined TRACON& Tower with Radar,222,14,34,0,270,0,0,14,0,14,222,14,48,0,284,0,0,0,284
02/16/2023,RSW,FL,ASO,ES,Combined TRACON& Tower with Radar,237,23,28,6,294,0,0,6,0,6,237,23,34,6,300,0,0,0,300
02/17/2023,RSW,FL,ASO,ES,Combined TRACON& Tower with Radar,236,19,26,10,291,0,0,2,0,2,236,19,28,10,293,0,0,0,293
02/18/2023,RSW,FL,ASO,ES,Combined TRACON& Tower with Radar,285,35,13,0,333,0,0,8,0,8,285,35,21,0,341,0,0,0,341
02/19/2023,RSW,FL,ASO,ES,Combined TRACON& Tower with Radar,260,17,17,0,294,0,1,5,0,6,260,18,22,0,300,0,0,0,300
02/20/2023,RSW,FL,ASO,ES,Combined TRACON& Tower with Radar,248,26,20,0,294,0,1,9,0,10,248,27,29,0,304,0,0,0,304
02/21/2023,RSW,FL,ASO,ES,Combined TRACON& Tower with Radar,230,24,23,0,277,0,0,3,0,3,230,24,26,0,280,0,0,0,280
02/22/2023,RSW,FL,ASO,ES,Combined TRACON& Tower with Radar,217,26,33,4,280,0,0,9,0,9,217,26,42,4,289,0,0,0,289
02/23/2023,RSW,FL,ASO,ES,Combined TRACON& Tower with Radar,236,20,40,0,296,0,0,10,0,10,236,20,50,0,306,0,0,0,306
02/24/2023,RSW,FL,ASO,ES,Combined TRACON& Tower with Radar,247,16,18,0,281,0,0,5,0,5,247,16,23,0,286,0,0,0,286
02/25/2023,RSW,FL,ASO,ES,Combined TRACON& Tower with Radar,287,14,8,0,309,0,0,5,0,5,287,14,13,0,314,0,0,0,314
02/26/2023,RSW,FL,ASO,ES,Combined TRACON& Tower with Radar,259,14,21,0,294,0,0,10,1,11,259,14,31,1,305,0,0,0,305
02/27/2023,RSW,FL,ASO,ES,Combined TRACON& Tower with Radar,242,26,23,0,291,0,0,3,0,3,242,26,26,0,294,0,0,0,294
02/28/2023,RSW,FL,ASO,ES,Combined TRACON& Tower with Radar,224,18,20,1,263,0,1,9,1,11,224,19,29,2,274,0,0,0,274
03/01/2023,RSW,FL,ASO,ES,Combined TRACON& Tower with Radar,229,26,29,4,288,1,0,8,0,9,230,26,37,4,297,0,0,0,297
03/02/2023,RSW,FL,ASO,ES,Combined TRACON& Tower with Radar,237,15,27,0,279,0,1,15,0,16,237,16,42,0,295,0,0,0,295
03/03/2023,RSW,FL,ASO,ES,Combined TRACON& Tower with Radar,237,18,17,2,274,0,0,2,0,2,237,18,19,2,276,0,0,0,276
03/04/2023,RSW,FL,ASO,ES,Combined TRACON& Tower with Radar,283,12,14,3,312,0,0,7,1,8,283,12,21,4,320,0,0,0,320
03/05/2023,RSW,FL,ASO,ES,Combined TRACON& Tower with Radar,263,12,21,0,296,0,2,8,0,10,263,14,29,0,306,0,0,0,306
03/06/2023,RSW,FL,ASO,ES,Combined TRACON& Tower with Radar,249,15,19,2,285,0,1,3,0,4,249,16,22,2,289,0,0,0,289
03/07/2023,RSW,FL,ASO,ES,Combined TRACON& Tower with Radar,225,21,29,0,275,0,1,3,0,4,225,22,32,0,279,0,0,0,279
03/08/2023,RSW,FL,ASO,ES,Combined TRACON& Tower with Radar,236,23,16,3,278,0,0,10,0,10,236,23,26,3,288,0,0,0,288
03/09/2023,RSW,FL,ASO,ES,Combined TRACON& Tower with Radar,248,38,21,1,308,0,0,9,0,9,248,38,30,1,317,0,0,0,317
03/10/2023,RSW,FL,ASO,ES,Combined TRACON& Tower with Radar,245,21,27,0,293,0,0,5,0,5,245,21,32,0,298,0,0,0,298
03/11/2023,RSW,FL,ASO,ES,Combined TRACON& Tower with Radar,290,17,22,0,329,0,0,17,0,17,290,17,39,0,346,0,0,0,346
03/12/2023,RSW,FL,ASO,ES,Combined TRACON& Tower with Radar,245,23,23,0,291,1,0,4,0,5,246,23,27,0,296,0,0,0,296
03/13/2023,RSW,FL,ASO,ES,Combined TRACON& Tower with Radar,249,19,25,0,293,0,0,5,0,5,249,19,30,0,298,0,0,0,298
03/14/2023,RSW,FL,ASO,ES,Combined TRACON& Tower with Radar,226,27,31,0,284,0,0,9,0,9,226,27,40,0,293,0,0,0,293
03/15/2023,RSW,FL,ASO,ES,Combined TRACON& Tower with Radar,240,33,26,2,301,0,0,14,0,14,240,33,40,2,315,0,0,0,315
03/16/2023,RSW,FL,ASO,ES,Combined TRACON& Tower with Radar,248,31,26,1,306,0,2,16,2,20,248,33,42,3,326,5,0,5,331
03/17/2023,RSW,FL,ASO,ES,Combined TRACON& Tower with Radar,251,29,22,0,302,0,2,3,0,5,251,31,25,0,307,0,0,0,307
03/18/2023,RSW,FL,ASO,ES,Combined TRACON& Tower with Radar,286,24,12,0,322,0,0,0,0,0,286,24,12,0,322,0,0,0,322
03/19/2023,RSW,FL,ASO,ES,Combined TRACON& Tower with Radar,252,21,14,0,287,0,0,2,0,2,252,21,16,0,289,0,0,0,289
03/20/2023,RSW,FL,ASO,ES,Combined TRACON& Tower with Radar,259,22,20,0,301,0,0,4,0,4,259,22,24,0,305,0,0,0,305
03/21/2023,RSW,FL,ASO,ES,Combined TRACON& Tower with Radar,234,22,25,0,281,0,0,9,0,9,234,22,34,0,290,0,0,0,290
03/22/2023,RSW,FL,ASO,ES,Combined TRACON& Tower with Radar,247,13,19,6,285,0,0,8,0,8,247,13,27,6,293,0,0,0,293
03/23/2023,RSW,FL,ASO,ES,Combined TRACON& Tower with Radar,246,18,22,0,286,0,0,4,0,4,246,18,26,0,290,0,0,0,290
03/24/2023,RSW,FL,ASO,ES,Combined TRACON& Tower with Radar,252,26,35,1,314,0,0,2,0,2,252,26,37,1,316,0,0,0,316
03/25/2023,RSW,FL,ASO,ES,Combined TRACON& Tower with Radar,281,18,9,0,308,0,0,2,0,2,281,18,11,0,310,0,0,0,310
03/26/2023,RSW,FL,ASO,ES,Combined TRACON& Tower with Radar,237,20,20,0,277,0,0,2,0,2,237,20,22,0,279,0,0,0,279
03/27/2023,RSW,FL,ASO,ES,Combined TRACON& Tower with Radar,243,13,24,0,280,0,0,2,0,2,243,13,26,0,282,0,0,0,282
03/28/2023,RSW,FL,ASO,ES,Combined TRACON& Tower with Radar,252,15,17,0,284,0,2,1,0,3,252,17,18,0,287,0,0,0,287
03/29/2023,RSW,FL,ASO,ES,Combined TRACON& Tower with Radar,241,23,16,0,280,0,0,15,2,17,241,23,31,2,297,0,0,0,297
03/30/2023,RSW,FL,ASO,ES,Combined TRACON& Tower with Radar,240,34,29,0,303,0,3,13,1,17,240,37,42,1,320,0,0,0,320
03/31/2023,RSW,FL,ASO,ES,Combined TRACON& Tower with Radar,237,26,24,2,289,0,0,4,0,4,237,26,28,2,293,0,0,0,293
04/01/2023,RSW,FL,ASO,ES,Combined TRACON& Tower with Radar,261,17,17,0,295,0,0,7,0,7,261,17,24,0,302,0,0,0,302
04/02/2023,RSW,FL,ASO,ES,Combined TRACON& Tower with Radar,250,18,22,0,290,1,0,4,0,5,251,18,26,0,295,0,0,0,295
04/03/2023,RSW,FL,ASO,ES,Combined TRACON& Tower with Radar,244,7,17,4,272,0,0,5,0,5,244,7,22,4,277,0,0,0,277
04/04/2023,RSW,FL,ASO,ES,Combined TRACON& Tower with Radar,228,15,37,4,284,0,0,5,0,5,228,15,42,4,289,0,0,0,289
04/05/2023,RSW,FL,ASO,ES,Combined TRACON& Tower with Radar,209,18,28,0,255,0,1,10,0,11,209,19,38,0,266,16,0,16,282
04/06/2023,RSW,FL,ASO,ES,Combined TRACON& Tower with Radar,233,18,29,4,284,0,0,12,2,14,233,18,41,6,298,0,0,0,298
04/07/2023,RSW,FL,ASO,ES,Combined TRACON& Tower with Radar,236,31,23,0,290,0,1,3,0,4,236,32,26,0,294,0,0,0,294
04/08/2023,RSW,FL,ASO,ES,Combined TRACON& Tower with Radar,265,13,19,0,297,0,1,6,0,7,265,14,25,0,304,0,0,0,304
04/09/2023,RSW,FL,ASO,ES,Combined TRACON& Tower with Radar,240,19,19,1,279,0,0,2,1,3,240,19,21,2,282,0,0,0,282
04/10/2023,RSW,FL,ASO,ES,Combined TRACON& Tower with Radar,264,37,16,0,317,0,1,2,0,3,264,38,18,0,320,0,0,0,320
04/11/2023,RSW,FL,ASO,ES,Combined TRACON& Tower with Radar,208,30,20,0,258,0,0,3,0,3,208,30,23,0,261,0,0,0,261
04/12/2023,RSW,FL,ASO,ES,Combined TRACON& Tower with Radar,234,33,22,0,289,0,0,0,0,0,234,33,22,0,289,0,0,0,289
04/13/2023,RSW,FL,ASO,ES,Combined TRACON& Tower with Radar,229,21,45,11,306,0,3,10,3,16,229,24,55,14,322,16,0,16,338
04/14/2023,RSW,FL,ASO,ES,Combined TRACON& Tower with Radar,251,18,34,0,303,0,0,7,0,7,251,18,41,0,310,0,0,0,310
04/15/2023,RSW,FL,ASO,ES,Combined TRACON& Tower with Radar,256,27,19,0,302,0,2,6,0,8,256,29,25,0,310,0,0,0,310
04/16/2023,RSW,FL,ASO,ES,Combined TRACON& Tower with Radar,237,20,25,0,282,0,0,4,0,4,237,20,29,0,286,0,0,0,286
04/17/2023,RSW,FL,ASO,ES,Combined TRACON& Tower with Radar,223,20,21,0,264,0,0,5,0,5,223,20,26,0,269,0,0,0,269
04/18/2023,RSW,FL,ASO,ES,Combined TRACON& Tower with Radar,200,20,22,0,242,0,0,8,0,8,200,20,30,0,250,0,0,0,250
04/19/2023,RSW,FL,ASO,ES,Combined TRACON& Tower with Radar,204,12,28,0,244,0,0,4,0,4,204,12,32,0,248,0,0,0,248
04/20/2023,RSW,FL,ASO,ES,Combined TRACON& Tower with Radar,208,23,27,0,258,0,0,4,0,4,208,23,31,0,262,0,0,0,262
04/21/2023,RSW,FL,ASO,ES,Combined TRACON& Tower with Radar,210,29,12,1,252,0,0,8,2,10,210,29,20,3,262,0,0,0,262
04/22/2023,RSW,FL,ASO,ES,Combined TRACON& Tower with Radar,254,16,12,0,282,0,0,5,0,5,254,16,17,0,287,0,0,0,287
04/23/2023,RSW,FL,ASO,ES,Combined TRACON& Tower with Radar,221,21,15,4,261,0,0,0,1,1,221,21,15,5,262,0,0,0,262
04/24/2023,RSW,FL,ASO,ES,Combined TRACON& Tower with Radar,203,12,12,0,227,0,6,8,0,14,203,18,20,0,241,24,0,24,265
04/25/2023,RSW,FL,ASO,ES,Combined TRACON& Tower with Radar,207,13,21,0,241,0,1,3,0,4,207,14,24,0,245,0,0,0,245
04/26/2023,RSW,FL,ASO,ES,Combined TRACON& Tower with Radar,203,12,21,0,236,0,0,3,0,3,203,12,24,0,239,0,0,0,239
04/27/2023,RSW,FL,ASO,ES,Combined TRACON& Tower with Radar,201,22,23,4,250,0,0,7,0,7,201,22,30,4,257,0,0,0,257
04/28/2023,RSW,FL,ASO,ES,Combined TRACON& Tower with Radar,212,24,15,0,251,0,0,6,0,6,212,24,21,0,257,0,0,0,257
04/29/2023,RSW,FL,ASO,ES,Combined TRACON& Tower with Radar,250,14,14,8,286,0,0,2,0,2,250,14,16,8,288,0,0,0,288
04/30/2023,RSW,FL,ASO,ES,Combined TRACON& Tower with Radar,207,27,17,0,251,0,0,5,0,5,207,27,22,0,256,20,0,20,276
05/01/2023,RSW,FL,ASO,ES,Combined TRACON& Tower with Radar,202,24,25,0,251,0,0,10,0,10,202,24,35,0,261,0,0,0,261
05/02/2023,RSW,FL,ASO,ES,Combined TRACON& Tower with Radar,194,19,27,8,248,0,0,13,0,13,194,19,40,8,261,0,0,0,261
05/03/2023,RSW,FL,ASO,ES,Combined TRACON& Tower with Radar,200,16,14,0,230,0,3,6,0,9,200,19,20,0,239,0,0,0,239
05/04/2023,RSW,FL,ASO,ES,Combined TRACON& Tower with Radar,200,13,17,0,230,0,0,9,0,9,200,13,26,0,239,6,0,6,245
05/05/2023,RSW,FL,ASO,ES,Combined TRACON& Tower with Radar,179,13,14,0,206,0,0,10,0,10,179,13,24,0,216,0,0,0,216
05/06/2023,RSW,FL,ASO,ES,Combined TRACON& Tower with Radar,216,9,12,0,237,0,1,4,0,5,216,10,16,0,242,0,0,0,242
05/07/2023,RSW,FL,ASO,ES,Combined TRACON& Tower with Radar,191,13,12,0,216,0,1,0,0,1,191,14,12,0,217,0,0,0,217
05/08/2023,RSW,FL,ASO,ES,Combined TRACON& Tower with Radar,174,20,18,0,212,0,1,13,0,14,174,21,31,0,226,0,0,0,226
05/09/2023,RSW,FL,ASO,ES,Combined TRACON& Tower with Radar,175,18,4,3,200,0,0,7,1,8,175,18,11,4,208,0,0,0,208
05/10/2023,RSW,FL,ASO,ES,Combined TRACON& Tower with Radar,175,37,20,0,232,0,0,7,0,7,175,37,27,0,239,0,0,0,239
05/11/2023,RSW,FL,ASO,ES,Combined TRACON& Tower with Radar,169,23,23,0,215,0,1,4,0,5,169,24,27,0,220,0,0,0,220
05/12/2023,RSW,FL,ASO,ES,Combined TRACON& Tower with Radar,172,22,11,0,205,0,0,7,0,7,172,22,18,0,212,0,0,0,212
05/13/2023,RSW,FL,ASO,ES,Combined TRACON& Tower with Radar,205,27,19,0,251,0,0,3,0,3,205,27,22,0,254,0,0,0,254
05/14/2023,RSW,FL,ASO,ES,Combined TRACON& Tower with Radar,176,22,11,0,209,1,0,0,0,1,177,22,11,0,210,0,0,0,210
05/15/2023,RSW,FL,ASO,ES,Combined TRACON& Tower with Radar,169,18,35,0,222,0,0,0,0,0,169,18,35,0,222,0,16,16,238
05/16/2023,RSW,FL,ASO,ES,Combined TRACON& Tower with Radar,168,15,15,0,198,0,1,15,0,16,168,16,30,0,214,0,0,0,214
05/17/2023,RSW,FL,ASO,ES,Combined TRACON& Tower with Radar,172,16,20,0,208,0,0,5,0,5,172,16,25,0,213,0,0,0,213
05/18/2023,RSW,FL,ASO,ES,Combined TRACON& Tower with Radar,178,12,15,4,209,0,0,2,0,2,178,12,17,4,211,0,0,0,211
05/19/2023,RSW,FL,ASO,ES,Combined TRACON& Tower with Radar,169,19,15,0,203,0,2,4,0,6,169,21,19,0,209,0,0,0,209
05/20/2023,RSW,FL,ASO,ES,Combined TRACON& Tower with Radar,205,9,9,0,223,0,0,4,0,4,205,9,13,0,227,0,0,0,227
05/21/2023,RSW,FL,ASO,ES,Combined TRACON& Tower with Radar,198,25,6,0,229,0,0,2,0,2,198,25,8,0,231,0,0,0,231
05/22/2023,RSW,FL,ASO,ES,Combined TRACON& Tower with Radar,169,17,10,0,196,0,0,8,0,8,169,17,18,0,204,0,0,0,204
05/23/2023,RSW,FL,ASO,ES,Combined TRACON& Tower with Radar,167,17,15,0,199,0,0,6,0,6,167,17,21,0,205,0,0,0,205
05/24/2023,RSW,FL,ASO,ES,Combined TRACON& Tower with Radar,208,16,17,2,243,0,0,10,0,10,208,16,27,2,253,0,0,0,253
05/25/2023,RSW,FL,ASO,ES,Combined TRACON& Tower with Radar,187,17,26,0,230,0,0,8,0,8,187,17,34,0,238,0,0,0,238
05/26/2023,RSW,FL,ASO,ES,Combined TRACON& Tower with Radar,172,13,3,0,188,0,0,8,0,8,172,13,11,0,196,0,0,0,196
05/27/2023,RSW,FL,ASO,ES,Combined TRACON& Tower with Radar,205,8,8,0,221,0,1,2,0,3,205,9,10,0,224,0,0,0,224
05/28/2023,RSW,FL,ASO,ES,Combined TRACON& Tower with Radar,176,2,5,0,183,0,0,0,0,0,176,2,5,0,183,0,0,0,183
05/29/2023,RSW,FL,ASO,ES,Combined TRACON& Tower with Radar,166,7,14,0,187,0,2,1,0,3,166,9,15,0,190,0,0,0,190
05/30/2023,RSW,FL,ASO,ES,Combined TRACON& Tower with Radar,210,16,29,0,255,0,0,12,0,12,210,16,41,0,267,0,0,0,267
05/31/2023,RSW,FL,ASO,ES,Combined TRACON& Tower with Radar,181,8,14,0,203,0,0,5,0,5,181,8,19,0,208,0,0,0,208
06/01/2023,RSW,FL,ASO,ES,Combined TRACON& Tower with Radar,168,13,16,0,197,0,0,1,0,1,168,13,17,0,198,0,0,0,198
06/02/2023,RSW,FL,ASO,ES,Combined TRACON& Tower with Radar,156,8,16,0,180,0,0,8,1,9,156,8,24,1,189,0,0,0,189
06/03/2023,RSW,FL,ASO,ES,Combined TRACON& Tower with Radar,205,12,4,0,221,0,0,0,1,1,205,12,4,1,222,0,0,0,222
06/04/2023,RSW,FL,ASO,ES,Combined TRACON& Tower with Radar,151,11,11,0,173,0,0,6,0,6,151,11,17,0,179,0,0,0,179
06/05/2023,RSW,FL,ASO,ES,Combined TRACON& Tower with Radar,148,8,10,0,166,0,0,6,0,6,148,8,16,0,172,0,0,0,172
06/06/2023,RSW,FL,ASO,ES,Combined TRACON& Tower with Radar,142,16,10,2,170,0,0,8,0,8,142,16,18,2,178,0,0,0,178
06/07/2023,RSW,FL,ASO,ES,Combined TRACON& Tower with Radar,151,12,12,2,177,0,1,2,1,4,151,13,14,3,181,0,0,0,181
06/08/2023,RSW,FL,ASO,ES,Combined TRACON& Tower with Radar,173,10,15,0,198,0,0,6,0,6,173,10,21,0,204,0,0,0,204
06/09/2023,RSW,FL,ASO,ES,Combined TRACON& Tower with Radar,154,9,10,0,173,1,0,10,0,11,155,9,20,0,184,0,0,0,184
06/10/2023,RSW,FL,ASO,ES,Combined TRACON& Tower with Radar,205,11,8,4,228,0,0,9,0,9,205,11,17,4,237,0,0,0,237
06/11/2023,RSW,FL,ASO,ES,Combined TRACON& Tower with Radar,151,10,7,0,168,0,0,4,0,4,151,10,11,0,172,0,0,0,172
06/12/2023,RSW,FL,ASO,ES,Combined TRACON& Tower with Radar,154,10,16,1,181,0,0,5,1,6,154,10,21,2,187,0,0,0,187
06/13/2023,RSW,FL,ASO,ES,Combined TRACON& Tower with Radar,153,7,10,0,170,0,0,4,0,4,153,7,14,0,174,0,0,0,174
06/14/2023,RSW,FL,ASO,ES,Combined TRACON& Tower with Radar,145,7,11,12,175,0,1,10,1,12,145,8,21,13,187,0,10,10,197
06/15/2023,RSW,FL,ASO,ES,Combined TRACON& Tower with Radar,137,8,9,6,160,0,1,2,2,5,137,9,11,8,165,0,0,0,165
06/16/2023,RSW,FL,ASO,ES,Combined TRACON& Tower with Radar,148,8,7,0,163,0,3,6,0,9,148,11,13,0,172,0,0,0,172
06/17/2023,RSW,FL,ASO,ES,Combined TRACON& Tower with Radar,248,6,2,0,256,0,0,0,0,0,248,6,2,0,256,0,0,0,256
06/18/2023,RSW,FL,ASO,ES,Combined TRACON& Tower with Radar,149,8,2,0,159,0,0,2,0,2,149,8,4,0,161,0,0,0,161
06/19/2023,RSW,FL,ASO,ES,Combined TRACON& Tower with Radar,183,8,15,0,206,0,11,3,0,14,183,19,18,0,220,0,0,0,220
06/20/2023,RSW,FL,ASO,ES,Combined TRACON& Tower with Radar,155,7,10,0,172,0,1,3,0,4,155,8,13,0,176,0,0,0,176
06/21/2023,RSW,FL,ASO,ES,Combined TRACON& Tower with Radar,152,4,15,1,172,0,0,3,0,3,152,4,18,1,175,0,0,0,175
06/22/2023,RSW,FL,ASO,ES,Combined TRACON& Tower with Radar,147,7,13,22,189,0,0,4,0,4,147,7,17,22,193,0,0,0,193
06/23/2023,RSW,FL,ASO,ES,Combined TRACON& Tower with Radar,145,6,3,0,154,0,5,0,0,5,145,11,3,0,159,0,0,0,159
06/24/2023,RSW,FL,ASO,ES,Combined TRACON& Tower with Radar,208,4,6,0,218,0,0,3,0,3,208,4,9,0,221,0,0,0,221
06/25/2023,RSW,FL,ASO,ES,Combined TRACON& Tower with Radar,167,7,8,0,182,0,0,0,0,0,167,7,8,0,182,0,0,0,182
06/26/2023,RSW,FL,ASO,ES,Combined TRACON& Tower with Radar,122,5,6,0,133,0,0,8,0,8,122,5,14,0,141,0,0,0,141
06/27/2023,RSW,FL,ASO,ES,Combined TRACON& Tower with Radar,131,6,9,9,155,0,0,5,1,6,131,6,14,10,161,0,0,0,161
06/28/2023,RSW,FL,ASO,ES,Combined TRACON& Tower with Radar,143,5,14,0,162,0,0,1,0,1,143,5,15,0,163,0,0,0,163
06/29/2023,RSW,FL,ASO,ES,Combined TRACON& Tower with Radar,142,12,16,0,170,0,0,6,0,6,142,12,22,0,176,0,0,0,176
06/30/2023,RSW,FL,ASO,ES,Combined TRACON& Tower with Radar,135,11,10,0,156,0,0,2,0,2,135,11,12,0,158,0,0,0,158
07/01/2023,RSW,FL,ASO,ES,Combined TRACON& Tower with Radar,191,13,9,0,213,0,0,2,0,2,191,13,11,0,215,0,0,0,215
07/02/2023,RSW,FL,ASO,ES,Combined TRACON& Tower with Radar,150,5,5,0,160,0,0,4,0,4,150,5,9,0,164,0,0,0,164
07/03/2023,RSW,FL,ASO,ES,Combined TRACON& Tower with Radar,140,6,3,0,149,0,0,1,0,1,140,6,4,0,150,0,0,0,150
07/04/2023,RSW,FL,ASO,ES,Combined TRACON& Tower with Radar,130,7,8,0,145,0,0,5,0,5,130,7,13,0,150,0,0,0,150
07/05/2023,RSW,FL,ASO,ES,Combined TRACON& Tower with Radar,152,6,17,0,175,0,0,9,0,9,152,6,26,0,184,0,0,0,184
07/06/2023,RSW,FL,ASO,ES,Combined TRACON& Tower with Radar,149,3,4,2,158,0,2,2,0,4,149,5,6,2,162,0,0,0,162
07/07/2023,RSW,FL,ASO,ES,Combined TRACON& Tower with Radar,156,8,5,0,169,0,0,6,0,6,156,8,11,0,175,0,0,0,175
07/08/2023,RSW,FL,ASO,ES,Combined TRACON& Tower with Radar,189,4,9,0,202,0,0,0,0,0,189,4,9,0,202,0,0,0,202
07/09/2023,RSW,FL,ASO,ES,Combined TRACON& Tower with Radar,141,4,3,2,150,0,0,6,0,6,141,4,9,2,156,0,0,0,156
07/10/2023,RSW,FL,ASO,ES,Combined TRACON& Tower with Radar,138,11,23,36,208,0,0,3,6,9,138,11,26,42,217,0,0,0,217
07/11/2023,RSW,FL,ASO,ES,Combined TRACON& Tower with Radar,140,13,6,5,164,0,0,1,3,4,140,13,7,8,168,0,0,0,168
07/12/2023,RSW,FL,ASO,ES,Combined TRACON& Tower with Radar,160,7,15,0,182,0,4,9,0,13,160,11,24,0,195,0,0,0,195
07/13/2023,RSW,FL,ASO,ES,Combined TRACON& Tower with Radar,156,6,10,0,172,0,0,2,0,2,156,6,12,0,174,0,0,0,174
07/14/2023,RSW,FL,ASO,ES,Combined TRACON& Tower with Radar,134,5,13,0,152,0,0,1,0,1,134,5,14,0,153,0,0,0,153
07/15/2023,RSW,FL,ASO,ES,Combined TRACON& Tower with Radar,170,11,14,0,195,0,0,3,0,3,170,11,17,0,198,0,0,0,198
07/16/2023,RSW,FL,ASO,ES,Combined TRACON& Tower with Radar,160,12,9,0,181,0,0,2,0,2,160,12,11,0,183,0,0,0,183
07/17/2023,RSW,FL,ASO,ES,Combined TRACON& Tower with Radar,152,12,25,0,189,0,0,9,0,9,152,12,34,0,198,0,0,0,198
07/18/2023,RSW,FL,ASO,ES,Combined TRACON& Tower with Radar,148,12,7,0,167,0,1,3,0,4,148,13,10,0,171,0,0,0,171
07/19/2023,RSW,FL,ASO,ES,Combined TRACON& Tower with Radar,157,6,8,0,171,0,0,6,0,6,157,6,14,0,177,0,0,0,177
07/20/2023,RSW,FL,ASO,ES,Combined TRACON& Tower with Radar,144,5,22,0,171,0,0,14,0,14,144,5,36,0,185,8,0,8,193
07/21/2023,RSW,FL,ASO,ES,Combined TRACON& Tower with Radar,152,8,6,0,166,1,0,7,0,8,153,8,13,0,174,0,0,0,174
07/22/2023,RSW,FL,ASO,ES,Combined TRACON& Tower with Radar,182,1,17,0,200,0,0,4,0,4,182,1,21,0,204,0,0,0,204
07/23/2023,RSW,FL,ASO,ES,Combined TRACON& Tower with Radar,142,6,15,0,163,0,15,7,0,22,142,21,22,0,185,0,0,0,185
07/24/2023,RSW,FL,ASO,ES,Combined TRACON& Tower with Radar,149,9,19,0,177,0,0,5,4,9,149,9,24,4,186,0,0,0,186
07/25/2023,RSW,FL,ASO,ES,Combined TRACON& Tower with Radar,142,7,4,2,155,0,0,12,0,12,142,7,16,2,167,8,0,8,175
07/26/2023,RSW,FL,ASO,ES,Combined TRACON& Tower with Radar,169,4,11,0,184,0,0,6,0,6,169,4,17,0,190,0,0,0,190
07/27/2023,RSW,FL,ASO,ES,Combined TRACON& Tower with Radar,159,0,23,0,182,0,0,9,0,9,159,0,32,0,191,0,0,0,191
07/28/2023,RSW,FL,ASO,ES,Combined TRACON& Tower with Radar,149,5,7,0,161,0,0,0,0,0,149,5,7,0,161,0,0,0,161
07/29/2023,RSW,FL,ASO,ES,Combined TRACON& Tower with Radar,173,5,4,0,182,0,0,0,0,0,173,5,4,0,182,0,0,0,182
07/30/2023,RSW,FL,ASO,ES,Combined TRACON& Tower with Radar,139,2,9,0,150,0,0,8,0,8,139,2,17,0,158,0,0,0,158
07/31/2023,RSW,FL,ASO,ES,Combined TRACON& Tower with Radar,150,2,8,0,160,0,0,6,0,6,150,2,14,0,166,0,0,0,166
08/01/2023,RSW,FL,ASO,ES,Combined TRACON& Tower with Radar,143,6,8,0,157,0,0,11,0,11,143,6,19,0,168,0,0,0,168
08/02/2023,RSW,FL,ASO,ES,Combined TRACON& Tower with Radar,164,4,5,0,173,0,24,13,0,37,164,28,18,0,210,0,0,0,210
08/03/2023,RSW,FL,ASO,ES,Combined TRACON& Tower with Radar,154,7,15,0,176,0,0,2,0,2,154,7,17,0,178,0,0,0,178
08/04/2023,RSW,FL,ASO,ES,Combined TRACON& Tower with Radar,152,7,10,0,169,0,2,10,0,12,152,9,20,0,181,0,0,0,181
08/05/2023,RSW,FL,ASO,ES,Combined TRACON& Tower with Radar,173,4,5,0,182,0,0,5,0,5,173,4,10,0,187,0,0,0,187
08/06/2023,RSW,FL,ASO,ES,Combined TRACON& Tower with Radar,144,1,5,0,150,0,0,4,0,4,144,1,9,0,154,0,0,0,154
08/07/2023,RSW,FL,ASO,ES,Combined TRACON& Tower with Radar,131,2,8,1,142,0,0,11,0,11,131,2,19,1,153,0,0,0,153
08/08/2023,RSW,FL,ASO,ES,Combined TRACON& Tower with Radar,145,7,21,4,177,0,2,7,2,11,145,9,28,6,188,0,0,0,188
08/09/2023,RSW,FL,ASO,ES,Combined TRACON& Tower with Radar,154,11,15,1,181,0,12,2,1,15,154,23,17,2,196,0,0,0,196
08/10/2023,RSW,FL,ASO,ES,Combined TRACON& Tower with Radar,158,9,8,0,175,0,0,8,0,8,158,9,16,0,183,17,0,17,200
08/11/2023,RSW,FL,ASO,ES,Combined TRACON& Tower with Radar,149,10,4,0,163,0,0,7,0,7,149,10,11,0,170,0,0,0,170
08/12/2023,RSW,FL,ASO,ES,Combined TRACON& Tower with Radar,170,5,2,3,180,0,0,6,7,13,170,5,8,10,193,6,14,20,213
08/13/2023,RSW,FL,ASO,ES,Combined TRACON& Tower with Radar,144,10,9,0,163,0,0,0,0,0,144,10,9,0,163,0,0,0,163
08/14/2023,RSW,FL,ASO,ES,Combined TRACON& Tower with Radar,141,7,13,0,161,0,0,3,0,3,141,7,16,0,164,0,0,0,164
08/15/2023,RSW,FL,ASO,ES,Combined TRACON& Tower with Radar,151,9,7,2,169,0,0,6,1,7,151,9,13,3,176,0,0,0,176
08/16/2023,RSW,FL,ASO,ES,Combined TRACON& Tower with Radar,152,17,13,0,182,0,0,8,0,8,152,17,21,0,190,0,0,0,190
08/17/2023,RSW,FL,ASO,ES,Combined TRACON& Tower with Radar,189,12,18,0,219,0,0,3,0,3,189,12,21,0,222,0,0,0,222
08/18/2023,RSW,FL,ASO,ES,Combined TRACON& Tower with Radar,148,7,12,0,167,0,0,2,0,2,148,7,14,0,169,0,0,0,169
08/19/2023,RSW,FL,ASO,ES,Combined TRACON& Tower with Radar,144,1,5,0,150,0,0,4,0,4,144,1,9,0,154,0,0,0,154
08/20/2023,RSW,FL,ASO,ES,Combined TRACON& Tower with Radar,105,2,6,1,114,0,0,11,0,11,105,2,17,1,125,0,0,0,125
08/21/2023,RSW,FL,ASO,ES,Combined TRACON& Tower with Radar,141,4,12,2,159,0,0,8,0,8,141,4,20,2,167,0,0,0,167
08/22/2023,RSW,FL,ASO,ES,Combined TRACON& Tower with Radar,138,5,19,3,165,0,1,12,2,15,138,6,31,5,180,0,0,0,180
08/23/2023,RSW,FL,ASO,ES,Combined TRACON& Tower with Radar,146,7,8,0,161,0,0,13,0,13,146,7,21,0,174,0,0,0,174
08/24/2023,RSW,FL,ASO,ES,Combined TRACON& Tower with Radar,139,3,23,0,165,0,5,7,0,12,139,8,30,0,177,0,0,0,177
08/25/2023,RSW,FL,ASO,ES,Combined TRACON& Tower with Radar,141,6,15,1,163,0,1,12,1,14,141,7,27,2,177,0,0,0,177
08/26/2023,RSW,FL,ASO,ES,Combined TRACON& Tower with Radar,164,1,8,0,173,0,2,7,0,9,164,3,15,0,182,0,0,0,182
08/27/2023,RSW,FL,ASO,ES,Combined TRACON& Tower with Radar,138,5,5,0,148,0,1,0,0,1,138,6,5,0,149,0,0,0,149
08/28/2023,RSW,FL,ASO,ES,Combined TRACON& Tower with Radar,137,6,5,0,148,0,0,3,0,3,137,6,8,0,151,0,0,0,151
08/29/2023,RSW,FL,ASO,ES,Combined TRACON& Tower with Radar,128,4,1,0,133,0,0,0,0,0,128,4,1,0,133,0,0,0,133
08/30/2023,RSW,FL,ASO,ES,Combined TRACON& Tower with Radar,109,1,3,4,117,0,0,1,0,1,109,1,4,4,118,0,0,0,118
08/31/2023,RSW,FL,ASO,ES,Combined TRACON& Tower with Radar,151,9,18,0,178,0,0,11,1,12,151,9,29,1,190,0,0,0,190
