01/01/2000,RYN,AZ,AWP,WE,Federal Contract Tower,0,0,0,0,0,0,0,90,0,90,0,0,90,0,90,119,0,119,209
01/02/2000,RYN,AZ,AWP,WE,Federal Contract Tower,0,0,10,0,10,0,0,44,0,44,0,0,54,0,54,89,0,89,143
01/03/2000,RYN,AZ,AWP,WE,Federal Contract Tower,0,0,3,0,3,0,0,99,0,99,0,0,102,0,102,222,0,222,324
01/04/2000,RYN,AZ,AWP,WE,Federal Contract Tower,0,0,7,0,7,0,0,177,2,179,0,0,184,2,186,418,2,420,606
01/05/2000,RYN,AZ,AWP,WE,Federal Contract Tower,0,0,5,0,5,0,0,162,2,164,0,0,167,2,169,389,0,389,558
01/06/2000,RYN,AZ,AWP,WE,Federal Contract Tower,0,0,5,0,5,0,0,161,0,161,0,0,166,0,166,368,0,368,534
01/07/2000,RYN,AZ,AWP,WE,Federal Contract Tower,0,0,6,0,6,0,0,168,2,170,0,0,174,2,176,381,0,381,557
01/08/2000,RYN,AZ,AWP,WE,Federal Contract Tower,0,0,5,0,5,0,0,233,2,235,0,0,238,2,240,358,4,362,602
01/09/2000,RYN,AZ,AWP,WE,Federal Contract Tower,0,0,0,0,0,0,0,138,8,146,0,0,138,8,146,225,2,227,373
01/10/2000,RYN,AZ,AWP,WE,Federal Contract Tower,0,0,3,0,3,0,0,156,2,158,0,0,159,2,161,319,0,319,480
01/11/2000,RYN,AZ,AWP,WE,Federal Contract Tower,0,0,4,0,4,0,0,145,4,149,0,0,149,4,153,302,0,302,455
01/12/2000,RYN,AZ,AWP,WE,Federal Contract Tower,0,0,2,0,2,0,0,154,8,162,0,0,156,8,164,303,0,303,467
01/13/2000,RYN,AZ,AWP,WE,Federal Contract Tower,0,0,7,0,7,0,0,179,6,185,0,0,186,6,192,520,3,523,715
01/14/2000,RYN,AZ,AWP,WE,Federal Contract Tower,0,0,0,0,0,0,3,180,5,188,0,3,180,5,188,558,5,563,751
01/15/2000,RYN,AZ,AWP,WE,Federal Contract Tower,0,0,1,0,1,0,0,276,0,276,0,0,277,0,277,465,0,465,742
01/16/2000,RYN,AZ,AWP,WE,Federal Contract Tower,0,0,0,0,0,0,0,144,0,144,0,0,144,0,144,192,0,192,336
01/17/2000,RYN,AZ,AWP,WE,Federal Contract Tower,0,0,5,0,5,0,0,187,0,187,0,0,192,0,192,475,0,475,667
01/18/2000,RYN,AZ,AWP,WE,Federal Contract Tower,0,0,6,0,6,0,0,180,4,184,0,0,186,4,190,596,4,600,790
01/19/2000,RYN,AZ,AWP,WE,Federal Contract Tower,0,0,6,0,6,0,0,146,4,150,0,0,152,4,156,577,1,578,734
01/20/2000,RYN,AZ,AWP,WE,Federal Contract Tower,0,0,3,0,3,0,2,180,3,185,0,2,183,3,188,432,1,433,621
01/21/2000,RYN,AZ,AWP,WE,Federal Contract Tower,0,0,3,0,3,0,1,116,2,119,0,1,119,2,122,482,2,484,606
01/22/2000,RYN,AZ,AWP,WE,Federal Contract Tower,0,0,0,0,0,0,0,175,0,175,0,0,175,0,175,342,0,342,517
01/23/2000,RYN,AZ,AWP,WE,Federal Contract Tower,0,0,1,0,1,0,0,140,0,140,0,0,141,0,141,190,0,190,331
01/24/2000,RYN,AZ,AWP,WE,Federal Contract Tower,0,0,0,0,0,0,0,108,0,108,0,0,108,0,108,282,0,282,390
01/25/2000,RYN,AZ,AWP,WE,Federal Contract Tower,0,0,1,0,1,0,0,143,5,148,0,0,144,5,149,253,1,254,403
01/26/2000,RYN,AZ,AWP,WE,Federal Contract Tower,0,0,2,0,2,0,0,130,2,132,0,0,132,2,134,190,0,190,324
01/27/2000,RYN,AZ,AWP,WE,Federal Contract Tower,0,0,5,0,5,0,0,170,0,170,0,0,175,0,175,345,0,345,520
01/28/2000,RYN,AZ,AWP,WE,Federal Contract Tower,0,0,1,0,1,0,0,162,0,162,0,0,163,0,163,464,0,464,627
01/29/2000,RYN,AZ,AWP,WE,Federal Contract Tower,0,0,4,0,4,0,0,151,0,151,0,0,155,0,155,233,0,233,388
01/30/2000,RYN,AZ,AWP,WE,Federal Contract Tower,0,0,2,0,2,0,0,118,0,118,0,0,120,0,120,179,0,179,299
01/31/2000,RYN,AZ,AWP,WE,Federal Contract Tower,0,0,0,0,0,0,0,161,6,167,0,0,161,6,167,339,8,347,514
02/01/2000,RYN,AZ,AWP,WE,Federal Contract Tower,0,0,0,1,1,0,0,134,1,135,0,0,134,2,136,290,0,290,426
02/02/2000,RYN,AZ,AWP,WE,Federal Contract Tower,0,0,3,1,4,0,0,167,3,170,0,0,170,4,174,271,6,277,451
02/03/2000,RYN,AZ,AWP,WE,Federal Contract Tower,0,0,2,0,2,0,0,175,2,177,0,0,177,2,179,415,0,415,594
02/04/2000,RYN,AZ,AWP,WE,Federal Contract Tower,0,0,5,0,5,0,0,163,8,171,0,0,168,8,176,389,2,391,567
02/05/2000,RYN,AZ,AWP,WE,Federal Contract Tower,0,0,2,0,2,0,0,204,1,205,0,0,206,1,207,265,0,265,472
02/06/2000,RYN,AZ,AWP,WE,Federal Contract Tower,0,0,0,0,0,0,0,133,0,133,0,0,133,0,133,202,0,202,335
02/07/2000,RYN,AZ,AWP,WE,Federal Contract Tower,0,0,1,0,1,0,0,135,2,137,0,0,136,2,138,244,0,244,382
02/08/2000,RYN,AZ,AWP,WE,Federal Contract Tower,0,0,0,0,0,0,0,138,1,139,0,0,138,1,139,284,1,285,424
02/09/2000,RYN,AZ,AWP,WE,Federal Contract Tower,0,0,0,0,0,0,0,159,4,163,0,0,159,4,163,423,0,423,586
02/10/2000,RYN,AZ,AWP,WE,Federal Contract Tower,0,0,1,0,1,0,0,187,0,187,0,0,188,0,188,419,0,419,607
02/11/2000,RYN,AZ,AWP,WE,Federal Contract Tower,0,0,3,0,3,0,0,163,0,163,0,0,166,0,166,441,0,441,607
02/12/2000,RYN,AZ,AWP,WE,Federal Contract Tower,0,0,0,0,0,0,0,165,0,165,0,0,165,0,165,236,0,236,401
02/13/2000,RYN,AZ,AWP,WE,Federal Contract Tower,0,0,3,0,3,0,0,132,0,132,0,0,135,0,135,176,0,176,311
02/14/2000,RYN,AZ,AWP,WE,Federal Contract Tower,0,0,0,0,0,0,0,127,0,127,0,0,127,0,127,400,0,400,527
02/15/2000,RYN,AZ,AWP,WE,Federal Contract Tower,0,0,0,0,0,0,0,147,6,153,0,0,147,6,153,497,2,499,652
02/16/2000,RYN,AZ,AWP,WE,Federal Contract Tower,0,0,0,0,0,0,0,153,0,153,0,0,153,0,153,341,0,341,494
02/17/2000,RYN,AZ,AWP,WE,Federal Contract Tower,0,0,8,0,8,0,0,137,2,139,0,0,145,2,147,372,4,376,523
02/18/2000,RYN,AZ,AWP,WE,Federal Contract Tower,0,0,5,0,5,0,0,184,0,184,0,0,189,0,189,482,0,482,671
02/19/2000,RYN,AZ,AWP,WE,Federal Contract Tower,0,0,11,0,11,0,0,188,0,188,0,0,199,0,199,431,0,431,630
02/20/2000,RYN,AZ,AWP,WE,Federal Contract Tower,0,0,0,0,0,0,0,95,0,95,0,0,95,0,95,147,0,147,242
02/21/2000,RYN,AZ,AWP,WE,Federal Contract Tower,0,0,10,0,10,0,0,100,0,100,0,0,110,0,110,224,0,224,334
02/22/2000,RYN,AZ,AWP,WE,Federal Contract Tower,0,0,31,0,31,0,0,100,0,100,0,0,131,0,131,382,0,382,513
02/23/2000,RYN,AZ,AWP,WE,Federal Contract Tower,0,0,4,0,4,0,4,141,2,147,0,4,145,2,151,414,0,414,565
02/24/2000,RYN,AZ,AWP,WE,Federal Contract Tower,0,0,37,0,37,0,0,60,0,60,0,0,97,0,97,201,0,201,298
02/25/2000,RYN,AZ,AWP,WE,Federal Contract Tower,0,0,5,0,5,0,0,172,7,179,0,0,177,7,184,343,8,351,535
02/26/2000,RYN,AZ,AWP,WE,Federal Contract Tower,0,0,0,0,0,0,0,174,0,174,0,0,174,0,174,334,0,334,508
02/27/2000,RYN,AZ,AWP,WE,Federal Contract Tower,0,0,8,0,8,0,0,144,0,144,0,0,152,0,152,205,0,205,357
02/28/2000,RYN,AZ,AWP,WE,Federal Contract Tower,0,0,4,0,4,0,0,125,6,131,0,0,129,6,135,300,0,300,435
02/29/2000,RYN,AZ,AWP,WE,Federal Contract Tower,0,0,11,0,11,0,0,203,2,205,0,0,214,2,216,425,2,427,643
03/01/2000,RYN,AZ,AWP,WE,Federal Contract Tower,0,0,8,0,8,0,0,130,2,132,0,0,138,2,140,364,2,366,506
03/02/2000,RYN,AZ,AWP,WE,Federal Contract Tower,0,0,3,0,3,0,0,186,8,194,0,0,189,8,197,445,9,454,651
03/03/2000,RYN,AZ,AWP,WE,Federal Contract Tower,0,0,0,0,0,0,0,175,0,175,0,0,175,0,175,384,0,384,559
03/04/2000,RYN,AZ,AWP,WE,Federal Contract Tower,0,0,3,0,3,0,0,132,0,132,0,0,135,0,135,209,0,209,344
03/05/2000,RYN,AZ,AWP,WE,Federal Contract Tower,0,0,1,0,1,0,0,32,0,32,0,0,33,0,33,100,0,100,133
03/06/2000,RYN,AZ,AWP,WE,Federal Contract Tower,0,0,22,0,22,0,0,1,0,1,0,0,23,0,23,8,0,8,31
03/07/2000,RYN,AZ,AWP,WE,Federal Contract Tower,0,0,33,0,33,0,0,45,3,48,0,0,78,3,81,205,3,208,289
03/08/2000,RYN,AZ,AWP,WE,Federal Contract Tower,0,0,3,0,3,0,0,187,2,189,0,0,190,2,192,587,2,589,781
03/09/2000,RYN,AZ,AWP,WE,Federal Contract Tower,0,0,4,0,4,0,0,186,0,186,0,0,190,0,190,482,0,482,672
03/10/2000,RYN,AZ,AWP,WE,Federal Contract Tower,0,0,3,0,3,0,0,179,1,180,0,0,182,1,183,345,1,346,529
03/11/2000,RYN,AZ,AWP,WE,Federal Contract Tower,0,0,3,0,3,0,0,208,0,208,0,0,211,0,211,263,0,263,474
03/12/2000,RYN,AZ,AWP,WE,Federal Contract Tower,0,0,2,0,2,0,0,161,0,161,0,0,163,0,163,261,0,261,424
03/13/2000,RYN,AZ,AWP,WE,Federal Contract Tower,0,0,7,0,7,0,0,171,0,171,0,0,178,0,178,402,0,402,580
03/14/2000,RYN,AZ,AWP,WE,Federal Contract Tower,0,0,6,0,6,0,0,137,10,147,0,0,143,10,153,346,6,352,505
03/15/2000,RYN,AZ,AWP,WE,Federal Contract Tower,0,0,4,0,4,0,0,202,9,211,0,0,206,9,215,288,1,289,504
03/16/2000,RYN,AZ,AWP,WE,Federal Contract Tower,0,0,7,0,7,0,0,164,0,164,0,0,171,0,171,311,0,311,482
03/17/2000,RYN,AZ,AWP,WE,Federal Contract Tower,0,0,2,0,2,0,0,149,0,149,0,0,151,0,151,427,0,427,578
03/18/2000,RYN,AZ,AWP,WE,Federal Contract Tower,0,0,2,0,2,0,0,199,0,199,0,0,201,0,201,286,0,286,487
03/19/2000,RYN,AZ,AWP,WE,Federal Contract Tower,0,0,0,0,0,0,0,95,0,95,0,0,95,0,95,170,0,170,265
03/20/2000,RYN,AZ,AWP,WE,Federal Contract Tower,0,0,5,0,5,0,0,67,0,67,0,0,72,0,72,188,0,188,260
03/21/2000,RYN,AZ,AWP,WE,Federal Contract Tower,0,0,13,0,13,0,0,145,4,149,0,0,158,4,162,564,2,566,728
03/22/2000,RYN,AZ,AWP,WE,Federal Contract Tower,0,0,4,0,4,0,0,165,2,167,0,0,169,2,171,455,2,457,628
03/23/2000,RYN,AZ,AWP,WE,Federal Contract Tower,0,0,1,0,1,0,0,142,0,142,0,0,143,0,143,465,0,465,608
03/24/2000,RYN,AZ,AWP,WE,Federal Contract Tower,0,0,3,0,3,0,0,171,2,173,0,0,174,2,176,493,2,495,671
03/25/2000,RYN,AZ,AWP,WE,Federal Contract Tower,0,0,1,0,1,0,0,207,0,207,0,0,208,0,208,434,0,434,642
03/26/2000,RYN,AZ,AWP,WE,Federal Contract Tower,0,0,1,0,1,0,0,124,0,124,0,0,125,0,125,213,0,213,338
03/27/2000,RYN,AZ,AWP,WE,Federal Contract Tower,0,0,3,0,3,0,0,146,2,148,0,0,149,2,151,476,4,480,631
03/28/2000,RYN,AZ,AWP,WE,Federal Contract Tower,0,0,7,0,7,0,0,123,3,126,0,0,130,3,133,292,1,293,426
03/29/2000,RYN,AZ,AWP,WE,Federal Contract Tower,0,0,1,0,1,0,0,99,0,99,0,0,100,0,100,583,0,583,683
03/30/2000,RYN,AZ,AWP,WE,Federal Contract Tower,0,0,8,0,8,0,2,179,0,181,0,2,187,0,189,366,0,366,555
03/31/2000,RYN,AZ,AWP,WE,Federal Contract Tower,0,0,1,0,1,0,0,148,0,148,0,0,149,0,149,328,0,328,477
04/01/2000,RYN,AZ,AWP,WE,Federal Contract Tower,0,0,2,0,2,0,0,135,0,135,0,0,137,0,137,342,0,342,479
04/02/2000,RYN,AZ,AWP,WE,Federal Contract Tower,0,0,1,0,1,0,0,108,0,108,0,0,109,0,109,211,0,211,320
04/03/2000,RYN,AZ,AWP,WE,Federal Contract Tower,0,0,0,0,0,0,0,178,2,180,0,0,178,2,180,398,0,398,578
04/04/2000,RYN,AZ,AWP,WE,Federal Contract Tower,0,0,1,0,1,0,0,162,2,164,0,0,163,2,165,404,0,404,569
04/05/2000,RYN,AZ,AWP,WE,Federal Contract Tower,0,0,0,0,0,0,0,169,4,173,0,0,169,4,173,390,2,392,565
04/06/2000,RYN,AZ,AWP,WE,Federal Contract Tower,0,0,0,0,0,0,0,191,3,194,0,0,191,3,194,508,3,511,705
04/07/2000,RYN,AZ,AWP,WE,Federal Contract Tower,0,0,3,0,3,0,0,172,0,172,0,0,175,0,175,369,0,369,544
04/08/2000,RYN,AZ,AWP,WE,Federal Contract Tower,0,0,2,0,2,0,0,53,0,53,0,0,55,0,55,136,0,136,191
04/09/2000,RYN,AZ,AWP,WE,Federal Contract Tower,0,0,1,0,1,0,0,99,0,99,0,0,100,0,100,163,0,163,263
04/10/2000,RYN,AZ,AWP,WE,Federal Contract Tower,0,0,5,0,5,0,0,166,0,166,0,0,171,0,171,374,0,374,545
04/11/2000,RYN,AZ,AWP,WE,Federal Contract Tower,0,0,6,0,6,0,0,163,0,163,0,0,169,0,169,407,0,407,576
04/12/2000,RYN,AZ,AWP,WE,Federal Contract Tower,0,0,2,0,2,0,0,165,6,171,0,0,167,6,173,346,4,350,523
04/13/2000,RYN,AZ,AWP,WE,Federal Contract Tower,0,0,3,0,3,0,0,171,3,174,0,0,174,3,177,449,3,452,629
04/14/2000,RYN,AZ,AWP,WE,Federal Contract Tower,0,0,2,0,2,0,0,117,2,119,0,0,119,2,121,266,2,268,389
04/15/2000,RYN,AZ,AWP,WE,Federal Contract Tower,0,0,2,0,2,0,0,170,2,172,0,0,172,2,174,170,0,170,344
04/16/2000,RYN,AZ,AWP,WE,Federal Contract Tower,0,0,0,0,0,0,0,110,0,110,0,0,110,0,110,209,0,209,319
04/17/2000,RYN,AZ,AWP,WE,Federal Contract Tower,0,0,3,0,3,0,0,133,2,135,0,0,136,2,138,299,0,299,437
04/18/2000,RYN,AZ,AWP,WE,Federal Contract Tower,0,0,7,0,7,0,0,133,4,137,0,0,140,4,144,395,2,397,541
04/19/2000,RYN,AZ,AWP,WE,Federal Contract Tower,0,0,3,0,3,0,0,150,0,150,0,0,153,0,153,538,0,538,691
04/20/2000,RYN,AZ,AWP,WE,Federal Contract Tower,0,0,1,0,1,0,0,173,0,173,0,0,174,0,174,536,0,536,710
04/21/2000,RYN,AZ,AWP,WE,Federal Contract Tower,0,0,0,0,0,0,0,134,0,134,0,0,134,0,134,464,0,464,598
04/22/2000,RYN,AZ,AWP,WE,Federal Contract Tower,0,0,0,0,0,0,0,140,0,140,0,0,140,0,140,342,0,342,482
04/23/2000,RYN,AZ,AWP,WE,Federal Contract Tower,0,0,0,0,0,0,0,88,0,88,0,0,88,0,88,245,0,245,333
04/24/2000,RYN,AZ,AWP,WE,Federal Contract Tower,0,0,0,0,0,0,0,167,0,167,0,0,167,0,167,526,0,526,693
04/25/2000,RYN,AZ,AWP,WE,Federal Contract Tower,0,0,8,0,8,0,0,187,6,193,0,0,195,6,201,460,2,462,663
04/26/2000,RYN,AZ,AWP,WE,Federal Contract Tower,0,0,8,0,8,0,0,156,9,165,0,0,164,9,173,514,9,523,696
04/27/2000,RYN,AZ,AWP,WE,Federal Contract Tower,0,0,6,0,6,0,0,170,4,174,0,0,176,4,180,355,0,355,535
04/28/2000,RYN,AZ,AWP,WE,Federal Contract Tower,0,0,6,0,6,0,0,157,6,163,0,0,163,6,169,441,10,451,620
04/29/2000,RYN,AZ,AWP,WE,Federal Contract Tower,0,0,0,0,0,0,0,125,0,125,0,0,125,0,125,227,0,227,352
04/30/2000,RYN,AZ,AWP,WE,Federal Contract Tower,0,0,0,0,0,0,0,115,2,117,0,0,115,2,117,261,0,261,378
05/01/2000,RYN,AZ,AWP,WE,Federal Contract Tower,0,0,6,0,6,0,0,180,0,180,0,0,186,0,186,561,0,561,747
05/02/2000,RYN,AZ,AWP,WE,Federal Contract Tower,0,0,2,0,2,0,0,180,0,180,0,0,182,0,182,487,0,487,669
05/03/2000,RYN,AZ,AWP,WE,Federal Contract Tower,0,0,3,0,3,0,0,177,6,183,0,0,180,6,186,700,2,702,888
05/04/2000,RYN,AZ,AWP,WE,Federal Contract Tower,0,0,4,0,4,0,0,188,0,188,0,0,192,0,192,700,0,700,892
05/05/2000,RYN,AZ,AWP,WE,Federal Contract Tower,0,0,4,0,4,0,0,178,0,178,0,0,182,0,182,635,0,635,817
05/06/2000,RYN,AZ,AWP,WE,Federal Contract Tower,0,0,2,0,2,0,0,149,2,151,0,0,151,2,153,215,12,227,380
05/07/2000,RYN,AZ,AWP,WE,Federal Contract Tower,0,0,0,0,0,0,0,120,0,120,0,0,120,0,120,255,0,255,375
05/08/2000,RYN,AZ,AWP,WE,Federal Contract Tower,0,0,11,0,11,0,0,120,0,120,0,0,131,0,131,411,0,411,542
05/09/2000,RYN,AZ,AWP,WE,Federal Contract Tower,0,0,5,0,5,0,0,196,0,196,0,0,201,0,201,449,0,449,650
05/10/2000,RYN,AZ,AWP,WE,Federal Contract Tower,0,0,9,0,9,0,0,168,0,168,0,0,177,0,177,444,0,444,621
05/11/2000,RYN,AZ,AWP,WE,Federal Contract Tower,0,0,7,0,7,0,0,140,3,143,0,0,147,3,150,256,3,259,409
05/12/2000,RYN,AZ,AWP,WE,Federal Contract Tower,0,0,3,0,3,0,0,191,0,191,0,0,194,0,194,588,0,588,782
05/13/2000,RYN,AZ,AWP,WE,Federal Contract Tower,0,0,0,0,0,0,0,162,3,165,0,0,162,3,165,413,3,416,581
05/14/2000,RYN,AZ,AWP,WE,Federal Contract Tower,0,0,1,0,1,0,0,107,0,107,0,0,108,0,108,200,0,200,308
05/15/2000,RYN,AZ,AWP,WE,Federal Contract Tower,0,0,0,0,0,0,0,136,1,137,0,0,136,1,137,371,3,374,511
05/16/2000,RYN,AZ,AWP,WE,Federal Contract Tower,0,0,0,0,0,0,0,124,0,124,0,0,124,0,124,505,0,505,629
05/17/2000,RYN,AZ,AWP,WE,Federal Contract Tower,0,0,8,0,8,0,0,157,0,157,0,0,165,0,165,575,0,575,740
05/18/2000,RYN,AZ,AWP,WE,Federal Contract Tower,0,0,4,0,4,0,0,190,2,192,0,0,194,2,196,651,0,651,847
05/19/2000,RYN,AZ,AWP,WE,Federal Contract Tower,0,0,6,0,6,0,0,170,0,170,0,0,176,0,176,509,0,509,685
05/20/2000,RYN,AZ,AWP,WE,Federal Contract Tower,0,0,2,0,2,0,0,136,6,142,0,0,138,6,144,348,0,348,492
05/21/2000,RYN,AZ,AWP,WE,Federal Contract Tower,0,0,0,0,0,0,0,128,0,128,0,0,128,0,128,260,0,260,388
05/22/2000,RYN,AZ,AWP,WE,Federal Contract Tower,0,0,4,0,4,0,0,171,0,171,0,0,175,0,175,535,0,535,710
05/23/2000,RYN,AZ,AWP,WE,Federal Contract Tower,0,0,7,0,7,0,0,158,0,158,0,0,165,0,165,591,0,591,756
05/24/2000,RYN,AZ,AWP,WE,Federal Contract Tower,0,0,9,0,9,0,0,140,2,142,0,0,149,2,151,446,0,446,597
05/25/2000,RYN,AZ,AWP,WE,Federal Contract Tower,0,0,5,0,5,0,0,151,6,157,0,0,156,6,162,441,4,445,607
05/26/2000,RYN,AZ,AWP,WE,Federal Contract Tower,0,0,2,0,2,0,0,190,0,190,0,0,192,0,192,478,0,478,670
05/27/2000,RYN,AZ,AWP,WE,Federal Contract Tower,0,0,4,0,4,0,0,139,0,139,0,0,143,0,143,353,0,353,496
05/28/2000,RYN,AZ,AWP,WE,Federal Contract Tower,0,0,14,0,14,0,0,109,0,109,0,0,123,0,123,252,0,252,375
05/29/2000,RYN,AZ,AWP,WE,Federal Contract Tower,0,0,1,0,1,0,0,101,0,101,0,0,102,0,102,214,0,214,316
05/30/2000,RYN,AZ,AWP,WE,Federal Contract Tower,0,0,7,0,7,0,0,158,2,160,0,0,165,2,167,457,2,459,626
05/31/2000,RYN,AZ,AWP,WE,Federal Contract Tower,0,0,13,0,13,0,0,143,3,146,0,0,156,3,159,399,1,400,559
06/01/2000,RYN,AZ,AWP,WE,Federal Contract Tower,0,0,5,1,6,0,0,210,7,217,0,0,215,8,223,475,20,495,718
06/02/2000,RYN,AZ,AWP,WE,Federal Contract Tower,0,0,6,0,6,0,0,193,0,193,0,0,199,0,199,450,0,450,649
06/03/2000,RYN,AZ,AWP,WE,Federal Contract Tower,0,0,6,1,7,0,0,136,1,137,0,0,142,2,144,424,0,424,568
06/04/2000,RYN,AZ,AWP,WE,Federal Contract Tower,0,0,0,0,0,0,0,108,0,108,0,0,108,0,108,291,0,291,399
06/05/2000,RYN,AZ,AWP,WE,Federal Contract Tower,0,0,5,0,5,0,0,149,0,149,0,0,154,0,154,455,0,455,609
06/06/2000,RYN,AZ,AWP,WE,Federal Contract Tower,0,0,1,1,2,0,0,161,2,163,0,0,162,3,165,386,0,386,551
06/07/2000,RYN,AZ,AWP,WE,Federal Contract Tower,0,0,3,1,4,0,0,146,3,149,0,0,149,4,153,491,0,491,644
06/08/2000,RYN,AZ,AWP,WE,Federal Contract Tower,0,0,3,1,4,0,0,96,3,99,0,0,99,4,103,375,0,375,478
06/09/2000,RYN,AZ,AWP,WE,Federal Contract Tower,0,0,10,0,10,0,0,92,8,100,0,0,102,8,110,302,0,302,412
06/10/2000,RYN,AZ,AWP,WE,Federal Contract Tower,0,0,1,0,1,0,0,111,4,115,0,0,112,4,116,225,0,225,341
06/11/2000,RYN,AZ,AWP,WE,Federal Contract Tower,0,0,2,0,2,0,0,101,0,101,0,0,103,0,103,175,0,175,278
06/12/2000,RYN,AZ,AWP,WE,Federal Contract Tower,0,0,3,0,3,0,0,140,4,144,0,0,143,4,147,438,0,438,585
06/13/2000,RYN,AZ,AWP,WE,Federal Contract Tower,0,0,4,0,4,0,0,141,5,146,0,0,145,5,150,443,5,448,598
06/14/2000,RYN,AZ,AWP,WE,Federal Contract Tower,0,0,4,0,4,0,0,135,2,137,0,0,139,2,141,302,2,304,445
06/15/2000,RYN,AZ,AWP,WE,Federal Contract Tower,0,0,5,0,5,0,0,118,14,132,0,0,123,14,137,296,0,296,433
06/16/2000,RYN,AZ,AWP,WE,Federal Contract Tower,0,0,5,0,5,0,0,109,10,119,0,0,114,10,124,278,2,280,404
06/17/2000,RYN,AZ,AWP,WE,Federal Contract Tower,0,0,4,0,4,0,0,114,0,114,0,0,118,0,118,196,0,196,314
06/18/2000,RYN,AZ,AWP,WE,Federal Contract Tower,0,0,2,0,2,0,0,109,0,109,0,0,111,0,111,241,0,241,352
06/19/2000,RYN,AZ,AWP,WE,Federal Contract Tower,0,0,2,0,2,0,0,84,0,84,0,0,86,0,86,353,0,353,439
06/20/2000,RYN,AZ,AWP,WE,Federal Contract Tower,0,0,3,0,3,0,0,101,0,101,0,0,104,0,104,514,0,514,618
06/21/2000,RYN,AZ,AWP,WE,Federal Contract Tower,0,0,2,0,2,0,0,135,0,135,0,0,137,0,137,341,0,341,478
06/22/2000,RYN,AZ,AWP,WE,Federal Contract Tower,0,0,6,0,6,0,0,87,2,89,0,0,93,2,95,296,0,296,391
06/23/2000,RYN,AZ,AWP,WE,Federal Contract Tower,0,0,6,0,6,0,0,126,0,126,0,0,132,0,132,240,0,240,372
06/24/2000,RYN,AZ,AWP,WE,Federal Contract Tower,0,0,2,0,2,0,0,128,1,129,0,0,130,1,131,285,1,286,417
06/25/2000,RYN,AZ,AWP,WE,Federal Contract Tower,0,0,0,0,0,0,0,130,0,130,0,0,130,0,130,260,0,260,390
06/26/2000,RYN,AZ,AWP,WE,Federal Contract Tower,0,0,6,0,6,0,0,119,0,119,0,0,125,0,125,380,0,380,505
06/27/2000,RYN,AZ,AWP,WE,Federal Contract Tower,0,0,1,0,1,0,0,137,0,137,0,0,138,0,138,311,0,311,449
06/28/2000,RYN,AZ,AWP,WE,Federal Contract Tower,0,0,3,0,3,0,0,108,0,108,0,0,111,0,111,444,0,444,555
06/29/2000,RYN,AZ,AWP,WE,Federal Contract Tower,0,0,9,0,9,0,0,95,12,107,0,0,104,12,116,391,4,395,511
06/30/2000,RYN,AZ,AWP,WE,Federal Contract Tower,0,0,7,0,7,0,0,158,0,158,0,0,165,0,165,425,0,425,590
07/01/2000,RYN,AZ,AWP,WE,Federal Contract Tower,0,0,0,0,0,0,0,102,0,102,0,0,102,0,102,281,0,281,383
07/02/2000,RYN,AZ,AWP,WE,Federal Contract Tower,0,0,0,0,0,0,0,88,0,88,0,0,88,0,88,150,0,150,238
07/03/2000,RYN,AZ,AWP,WE,Federal Contract Tower,0,0,2,0,2,0,0,96,0,96,0,0,98,0,98,192,0,192,290
07/04/2000,RYN,AZ,AWP,WE,Federal Contract Tower,0,0,4,0,4,0,0,95,0,95,0,0,99,0,99,151,0,151,250
07/05/2000,RYN,AZ,AWP,WE,Federal Contract Tower,0,0,3,1,4,0,0,136,1,137,0,0,139,2,141,435,6,441,582
07/06/2000,RYN,AZ,AWP,WE,Federal Contract Tower,0,0,7,0,7,0,0,163,0,163,0,0,170,0,170,415,0,415,585
07/07/2000,RYN,AZ,AWP,WE,Federal Contract Tower,0,0,4,1,5,0,0,112,3,115,0,0,116,4,120,266,10,276,396
07/08/2000,RYN,AZ,AWP,WE,Federal Contract Tower,0,0,2,0,2,0,0,131,0,131,0,0,133,0,133,277,0,277,410
07/09/2000,RYN,AZ,AWP,WE,Federal Contract Tower,0,0,0,0,0,0,0,102,2,104,0,0,102,2,104,221,2,223,327
07/10/2000,RYN,AZ,AWP,WE,Federal Contract Tower,0,0,1,0,1,0,0,146,0,146,0,0,147,0,147,378,0,378,525
07/11/2000,RYN,AZ,AWP,WE,Federal Contract Tower,0,0,0,0,0,0,0,180,2,182,0,0,180,2,182,439,2,441,623
07/12/2000,RYN,AZ,AWP,WE,Federal Contract Tower,0,0,2,0,2,0,0,117,0,117,0,0,119,0,119,424,0,424,543
07/13/2000,RYN,AZ,AWP,WE,Federal Contract Tower,0,0,1,0,1,0,0,167,0,167,0,0,168,0,168,377,0,377,545
07/14/2000,RYN,AZ,AWP,WE,Federal Contract Tower,0,0,2,0,2,0,0,193,0,193,0,0,195,0,195,430,0,430,625
07/15/2000,RYN,AZ,AWP,WE,Federal Contract Tower,0,0,8,0,8,0,0,181,0,181,0,0,189,0,189,353,0,353,542
07/16/2000,RYN,AZ,AWP,WE,Federal Contract Tower,0,0,8,0,8,0,0,130,0,130,0,0,138,0,138,330,0,330,468
07/17/2000,RYN,AZ,AWP,WE,Federal Contract Tower,0,0,7,0,7,0,0,161,0,161,0,0,168,0,168,384,0,384,552
07/18/2000,RYN,AZ,AWP,WE,Federal Contract Tower,0,0,11,1,12,0,0,161,5,166,0,0,172,6,178,362,2,364,542
07/19/2000,RYN,AZ,AWP,WE,Federal Contract Tower,0,0,5,0,5,0,0,180,0,180,0,0,185,0,185,420,0,420,605
07/20/2000,RYN,AZ,AWP,WE,Federal Contract Tower,0,0,3,0,3,0,0,148,13,161,0,0,151,13,164,367,3,370,534
07/21/2000,RYN,AZ,AWP,WE,Federal Contract Tower,0,0,11,1,12,0,0,149,3,152,0,0,160,4,164,377,0,377,541
07/22/2000,RYN,AZ,AWP,WE,Federal Contract Tower,0,0,2,0,2,0,0,127,0,127,0,0,129,0,129,301,0,301,430
07/23/2000,RYN,AZ,AWP,WE,Federal Contract Tower,0,0,1,0,1,0,0,96,0,96,0,0,97,0,97,211,0,211,308
07/24/2000,RYN,AZ,AWP,WE,Federal Contract Tower,0,0,6,0,6,0,0,106,0,106,0,0,112,0,112,428,0,428,540
07/25/2000,RYN,AZ,AWP,WE,Federal Contract Tower,0,0,6,0,6,0,0,141,6,147,0,0,147,6,153,347,0,347,500
07/26/2000,RYN,AZ,AWP,WE,Federal Contract Tower,0,0,3,0,3,0,0,120,0,120,0,0,123,0,123,309,0,309,432
07/27/2000,RYN,AZ,AWP,WE,Federal Contract Tower,0,0,14,1,15,0,0,129,6,135,0,0,143,7,150,318,5,323,473
07/28/2000,RYN,AZ,AWP,WE,Federal Contract Tower,0,0,6,0,6,0,0,115,2,117,0,0,121,2,123,357,2,359,482
07/29/2000,RYN,AZ,AWP,WE,Federal Contract Tower,0,0,0,0,0,0,0,119,0,119,0,0,119,0,119,213,0,213,332
07/30/2000,RYN,AZ,AWP,WE,Federal Contract Tower,0,0,1,0,1,0,0,90,0,90,0,0,91,0,91,228,0,228,319
07/31/2000,RYN,AZ,AWP,WE,Federal Contract Tower,0,0,1,0,1,0,0,93,2,95,0,0,94,2,96,259,0,259,355
08/01/2000,RYN,AZ,AWP,WE,Federal Contract Tower,0,0,7,1,8,0,0,141,1,142,0,0,148,2,150,377,2,379,529
08/02/2000,RYN,AZ,AWP,WE,Federal Contract Tower,0,0,2,1,3,0,0,136,2,138,0,0,138,3,141,309,3,312,453
08/03/2000,RYN,AZ,AWP,WE,Federal Contract Tower,0,0,4,1,5,0,0,117,2,119,0,0,121,3,124,331,3,334,458
08/04/2000,RYN,AZ,AWP,WE,Federal Contract Tower,0,0,5,0,5,0,0,180,6,186,0,0,185,6,191,477,2,479,670
08/05/2000,RYN,AZ,AWP,WE,Federal Contract Tower,0,0,3,0,3,0,0,117,0,117,0,0,120,0,120,262,0,262,382
08/06/2000,RYN,AZ,AWP,WE,Federal Contract Tower,0,0,0,0,0,0,0,108,2,110,0,0,108,2,110,221,0,221,331
08/07/2000,RYN,AZ,AWP,WE,Federal Contract Tower,0,0,0,0,0,0,0,123,2,125,0,0,123,2,125,305,0,305,430
08/08/2000,RYN,AZ,AWP,WE,Federal Contract Tower,0,0,2,0,2,0,0,178,0,178,0,0,180,0,180,351,0,351,531
08/09/2000,RYN,AZ,AWP,WE,Federal Contract Tower,0,0,1,0,1,0,0,201,4,205,0,0,202,4,206,392,4,396,602
08/10/2000,RYN,AZ,AWP,WE,Federal Contract Tower,0,0,3,0,3,0,0,155,3,158,0,0,158,3,161,424,3,427,588
08/11/2000,RYN,AZ,AWP,WE,Federal Contract Tower,0,0,0,0,0,0,0,134,0,134,0,0,134,0,134,228,0,228,362
08/12/2000,RYN,AZ,AWP,WE,Federal Contract Tower,0,0,1,0,1,0,0,154,4,158,0,0,155,4,159,249,0,249,408
08/13/2000,RYN,AZ,AWP,WE,Federal Contract Tower,0,0,3,0,3,0,0,79,0,79,0,0,82,0,82,211,0,211,293
08/14/2000,RYN,AZ,AWP,WE,Federal Contract Tower,0,0,1,0,1,0,0,147,2,149,0,0,148,2,150,344,0,344,494
08/15/2000,RYN,AZ,AWP,WE,Federal Contract Tower,0,0,11,0,11,0,0,171,1,172,0,0,182,1,183,504,1,505,688
08/16/2000,RYN,AZ,AWP,WE,Federal Contract Tower,0,0,7,0,7,0,0,148,0,148,0,0,155,0,155,433,0,433,588
08/17/2000,RYN,AZ,AWP,WE,Federal Contract Tower,0,0,4,0,4,0,0,183,0,183,0,0,187,0,187,484,0,484,671
08/18/2000,RYN,AZ,AWP,WE,Federal Contract Tower,0,0,13,0,13,0,0,194,2,196,0,0,207,2,209,516,2,518,727
08/19/2000,RYN,AZ,AWP,WE,Federal Contract Tower,0,0,8,0,8,0,0,150,0,150,0,0,158,0,158,389,0,389,547
08/20/2000,RYN,AZ,AWP,WE,Federal Contract Tower,0,0,1,0,1,0,0,124,14,138,0,0,125,14,139,162,0,162,301
08/21/2000,RYN,AZ,AWP,WE,Federal Contract Tower,0,0,4,0,4,0,0,149,0,149,0,0,153,0,153,467,0,467,620
08/22/2000,RYN,AZ,AWP,WE,Federal Contract Tower,0,0,8,0,8,0,0,133,0,133,0,0,141,0,141,369,0,369,510
08/23/2000,RYN,AZ,AWP,WE,Federal Contract Tower,0,0,4,0,4,0,0,160,0,160,0,0,164,0,164,489,0,489,653
08/24/2000,RYN,AZ,AWP,WE,Federal Contract Tower,0,0,4,0,4,0,0,167,5,172,0,0,171,5,176,404,1,405,581
08/25/2000,RYN,AZ,AWP,WE,Federal Contract Tower,0,0,4,0,4,0,0,155,1,156,0,0,159,1,160,406,4,410,570
08/26/2000,RYN,AZ,AWP,WE,Federal Contract Tower,0,0,8,0,8,0,0,167,1,168,0,0,175,1,176,297,0,297,473
08/27/2000,RYN,AZ,AWP,WE,Federal Contract Tower,0,0,5,0,5,0,0,149,0,149,0,0,154,0,154,220,0,220,374
08/28/2000,RYN,AZ,AWP,WE,Federal Contract Tower,0,0,14,0,14,0,0,143,4,147,0,0,157,4,161,309,0,309,470
08/29/2000,RYN,AZ,AWP,WE,Federal Contract Tower,0,0,21,0,21,0,0,138,9,147,0,0,159,9,168,371,6,377,545
08/30/2000,RYN,AZ,AWP,WE,Federal Contract Tower,0,0,16,0,16,0,0,182,5,187,0,0,198,5,203,430,5,435,638
08/31/2000,RYN,AZ,AWP,WE,Federal Contract Tower,0,0,14,0,14,0,0,176,1,177,0,0,190,1,191,383,1,384,575
09/01/2000,RYN,AZ,AWP,WE,Federal Contract Tower,0,0,11,1,12,0,0,157,2,159,0,0,168,3,171,403,3,406,577
09/02/2000,RYN,AZ,AWP,WE,Federal Contract Tower,0,0,0,0,0,0,0,159,0,159,0,0,159,0,159,272,0,272,431
09/03/2000,RYN,AZ,AWP,WE,Federal Contract Tower,0,0,3,0,3,0,0,101,0,101,0,0,104,0,104,162,0,162,266
09/04/2000,RYN,AZ,AWP,WE,Federal Contract Tower,0,0,0,0,0,0,0,83,0,83,0,0,83,0,83,159,0,159,242
09/05/2000,RYN,AZ,AWP,WE,Federal Contract Tower,0,0,6,0,6,0,0,165,0,165,0,0,171,0,171,297,0,297,468
09/06/2000,RYN,AZ,AWP,WE,Federal Contract Tower,0,0,6,0,6,0,0,136,0,136,0,0,142,0,142,379,0,379,521
09/07/2000,RYN,AZ,AWP,WE,Federal Contract Tower,0,0,12,1,13,0,0,138,1,139,0,0,150,2,152,178,0,178,330
09/08/2000,RYN,AZ,AWP,WE,Federal Contract Tower,0,0,2,0,2,0,0,164,0,164,0,0,166,0,166,212,0,212,378
09/09/2000,RYN,AZ,AWP,WE,Federal Contract Tower,0,0,1,1,2,0,0,140,3,143,0,0,141,4,145,218,2,220,365
09/10/2000,RYN,AZ,AWP,WE,Federal Contract Tower,0,0,0,0,0,0,0,81,0,81,0,0,81,0,81,80,0,80,161
09/11/2000,RYN,AZ,AWP,WE,Federal Contract Tower,0,0,5,0,5,0,0,135,0,135,0,0,140,0,140,343,0,343,483
09/12/2000,RYN,AZ,AWP,WE,Federal Contract Tower,0,0,5,0,5,0,0,155,3,158,0,0,160,3,163,366,3,369,532
09/13/2000,RYN,AZ,AWP,WE,Federal Contract Tower,0,0,6,0,6,0,0,145,4,149,0,0,151,4,155,292,2,294,449
09/14/2000,RYN,AZ,AWP,WE,Federal Contract Tower,0,0,11,0,11,0,0,146,0,146,0,0,157,0,157,301,0,301,458
09/15/2000,RYN,AZ,AWP,WE,Federal Contract Tower,0,0,2,0,2,0,0,117,1,118,0,0,119,1,120,141,1,142,262
09/16/2000,RYN,AZ,AWP,WE,Federal Contract Tower,0,0,1,0,1,0,0,126,8,134,0,0,127,8,135,339,0,339,474
09/17/2000,RYN,AZ,AWP,WE,Federal Contract Tower,0,0,2,0,2,0,0,93,0,93,0,0,95,0,95,155,0,155,250
09/18/2000,RYN,AZ,AWP,WE,Federal Contract Tower,0,0,2,0,2,0,0,146,0,146,0,0,148,0,148,350,0,350,498
09/19/2000,RYN,AZ,AWP,WE,Federal Contract Tower,0,0,3,0,3,0,0,141,7,148,0,0,144,7,151,278,3,281,432
09/20/2000,RYN,AZ,AWP,WE,Federal Contract Tower,0,0,3,0,3,0,0,153,1,154,0,0,156,1,157,334,1,335,492
09/21/2000,RYN,AZ,AWP,WE,Federal Contract Tower,0,0,0,0,0,0,0,169,0,169,0,0,169,0,169,229,0,229,398
09/22/2000,RYN,AZ,AWP,WE,Federal Contract Tower,0,0,2,0,2,0,0,173,19,192,0,0,175,19,194,249,3,252,446
09/23/2000,RYN,AZ,AWP,WE,Federal Contract Tower,0,0,5,0,5,0,0,99,0,99,0,0,104,0,104,162,0,162,266
09/24/2000,RYN,AZ,AWP,WE,Federal Contract Tower,0,0,1,0,1,0,0,153,0,153,0,0,154,0,154,255,0,255,409
09/25/2000,RYN,AZ,AWP,WE,Federal Contract Tower,0,0,3,0,3,0,0,113,0,113,0,0,116,0,116,185,0,185,301
09/26/2000,RYN,AZ,AWP,WE,Federal Contract Tower,0,0,6,0,6,0,0,123,0,123,0,0,129,0,129,265,0,265,394
09/27/2000,RYN,AZ,AWP,WE,Federal Contract Tower,0,0,1,0,1,0,0,124,2,126,0,0,125,2,127,389,2,391,518
09/28/2000,RYN,AZ,AWP,WE,Federal Contract Tower,0,0,0,0,0,0,0,132,0,132,0,0,132,0,132,193,0,193,325
09/29/2000,RYN,AZ,AWP,WE,Federal Contract Tower,0,0,2,0,2,0,0,151,0,151,0,0,153,0,153,340,0,340,493
09/30/2000,RYN,AZ,AWP,WE,Federal Contract Tower,0,0,0,0,0,0,0,179,0,179,0,0,179,0,179,215,0,215,394
10/01/2000,RYN,AZ,AWP,WE,Federal Contract Tower,0,0,0,0,0,0,0,105,4,109,0,0,105,4,109,161,0,161,270
10/02/2000,RYN,AZ,AWP,WE,Federal Contract Tower,0,0,3,1,4,0,0,103,1,104,0,0,106,2,108,254,0,254,362
10/03/2000,RYN,AZ,AWP,WE,Federal Contract Tower,0,0,0,0,0,0,0,116,0,116,0,0,116,0,116,305,0,305,421
10/04/2000,RYN,AZ,AWP,WE,Federal Contract Tower,0,0,0,1,1,0,0,113,3,116,0,0,113,4,117,272,2,274,391
10/05/2000,RYN,AZ,AWP,WE,Federal Contract Tower,0,0,7,0,7,0,0,145,0,145,0,0,152,0,152,329,0,329,481
10/06/2000,RYN,AZ,AWP,WE,Federal Contract Tower,0,0,5,1,6,0,0,166,2,168,0,0,171,3,174,313,1,314,488
10/07/2000,RYN,AZ,AWP,WE,Federal Contract Tower,0,0,0,0,0,0,0,144,0,144,0,0,144,0,144,338,0,338,482
10/08/2000,RYN,AZ,AWP,WE,Federal Contract Tower,0,0,1,0,1,0,0,33,0,33,0,0,34,0,34,33,0,33,67
10/09/2000,RYN,AZ,AWP,WE,Federal Contract Tower,0,0,8,0,8,0,0,79,4,83,0,0,87,4,91,122,0,122,213
10/10/2000,RYN,AZ,AWP,WE,Federal Contract Tower,0,0,31,0,31,0,0,77,2,79,0,0,108,2,110,140,0,140,250
10/11/2000,RYN,AZ,AWP,WE,Federal Contract Tower,0,0,94,0,94,0,0,46,0,46,0,0,140,0,140,138,0,138,278
10/12/2000,RYN,AZ,AWP,WE,Federal Contract Tower,0,0,30,0,30,0,0,126,1,127,0,0,156,1,157,353,1,354,511
10/13/2000,RYN,AZ,AWP,WE,Federal Contract Tower,0,0,6,0,6,0,0,164,0,164,0,0,170,0,170,430,0,430,600
10/14/2000,RYN,AZ,AWP,WE,Federal Contract Tower,0,0,0,0,0,0,0,149,0,149,0,0,149,0,149,209,0,209,358
10/15/2000,RYN,AZ,AWP,WE,Federal Contract Tower,0,0,6,0,6,0,0,118,0,118,0,0,124,0,124,161,0,161,285
10/16/2000,RYN,AZ,AWP,WE,Federal Contract Tower,0,0,14,0,14,0,0,130,2,132,0,0,144,2,146,302,0,302,448
10/17/2000,RYN,AZ,AWP,WE,Federal Contract Tower,0,0,10,0,10,0,0,131,4,135,0,0,141,4,145,347,2,349,494
10/18/2000,RYN,AZ,AWP,WE,Federal Contract Tower,0,0,13,0,13,0,0,127,5,132,0,0,140,5,145,367,2,369,514
10/19/2000,RYN,AZ,AWP,WE,Federal Contract Tower,0,0,11,0,11,0,0,94,0,94,0,0,105,0,105,261,0,261,366
10/20/2000,RYN,AZ,AWP,WE,Federal Contract Tower,0,0,9,0,9,0,0,152,1,153,0,0,161,1,162,299,1,300,462
10/21/2000,RYN,AZ,AWP,WE,Federal Contract Tower,0,0,3,0,3,0,0,63,0,63,0,0,66,0,66,71,0,71,137
10/22/2000,RYN,AZ,AWP,WE,Federal Contract Tower,0,0,11,0,11,0,0,0,0,0,0,0,11,0,11,10,0,10,21
10/23/2000,RYN,AZ,AWP,WE,Federal Contract Tower,0,0,7,0,7,0,0,114,1,115,0,0,121,1,122,258,7,265,387
10/24/2000,RYN,AZ,AWP,WE,Federal Contract Tower,0,0,7,0,7,0,0,133,0,133,0,0,140,0,140,373,0,373,513
10/25/2000,RYN,AZ,AWP,WE,Federal Contract Tower,0,0,4,0,4,0,0,167,6,173,0,0,171,6,177,353,3,356,533
10/26/2000,RYN,AZ,AWP,WE,Federal Contract Tower,0,0,1,0,1,0,0,191,2,193,0,0,192,2,194,435,0,435,629
10/27/2000,RYN,AZ,AWP,WE,Federal Contract Tower,0,0,11,0,11,0,0,62,6,68,0,0,73,6,79,191,14,205,284
10/28/2000,RYN,AZ,AWP,WE,Federal Contract Tower,0,0,4,0,4,0,0,205,0,205,0,0,209,0,209,332,0,332,541
10/29/2000,RYN,AZ,AWP,WE,Federal Contract Tower,0,0,2,0,2,0,0,163,0,163,0,0,165,0,165,281,0,281,446
10/30/2000,RYN,AZ,AWP,WE,Federal Contract Tower,0,0,3,0,3,0,0,114,0,114,0,0,117,0,117,337,0,337,454
10/31/2000,RYN,AZ,AWP,WE,Federal Contract Tower,0,0,7,0,7,0,0,141,8,149,0,0,148,8,156,457,0,457,613
11/01/2000,RYN,AZ,AWP,WE,Federal Contract Tower,0,0,5,0,5,0,0,184,4,188,0,0,189,4,193,450,4,454,647
11/02/2000,RYN,AZ,AWP,WE,Federal Contract Tower,0,0,4,0,4,0,0,132,3,135,0,0,136,3,139,355,3,358,497
11/03/2000,RYN,AZ,AWP,WE,Federal Contract Tower,0,0,3,0,3,0,0,168,0,168,0,0,171,0,171,356,0,356,527
11/04/2000,RYN,AZ,AWP,WE,Federal Contract Tower,0,0,12,0,12,0,0,106,0,106,0,0,118,0,118,241,0,241,359
11/05/2000,RYN,AZ,AWP,WE,Federal Contract Tower,0,0,2,0,2,0,0,69,0,69,0,0,71,0,71,189,0,189,260
11/06/2000,RYN,AZ,AWP,WE,Federal Contract Tower,0,0,12,0,12,0,0,90,0,90,0,0,102,0,102,212,6,218,320
11/07/2000,RYN,AZ,AWP,WE,Federal Contract Tower,0,0,20,0,20,0,0,108,4,112,0,0,128,4,132,293,0,293,425
11/08/2000,RYN,AZ,AWP,WE,Federal Contract Tower,0,0,4,0,4,0,0,183,4,187,0,0,187,4,191,302,2,304,495
11/09/2000,RYN,AZ,AWP,WE,Federal Contract Tower,0,0,3,0,3,0,0,232,5,237,0,0,235,5,240,315,5,320,560
11/10/2000,RYN,AZ,AWP,WE,Federal Contract Tower,0,0,6,0,6,0,0,111,0,111,0,0,117,0,117,190,0,190,307
11/11/2000,RYN,AZ,AWP,WE,Federal Contract Tower,0,0,13,0,13,0,0,143,0,143,0,0,156,0,156,307,0,307,463
11/12/2000,RYN,AZ,AWP,WE,Federal Contract Tower,0,0,3,0,3,0,0,132,0,132,0,0,135,0,135,270,0,270,405
11/13/2000,RYN,AZ,AWP,WE,Federal Contract Tower,0,0,3,0,3,0,0,148,0,148,0,0,151,0,151,219,0,219,370
11/14/2000,RYN,AZ,AWP,WE,Federal Contract Tower,0,0,8,0,8,0,0,135,2,137,0,0,143,2,145,411,0,411,556
11/15/2000,RYN,AZ,AWP,WE,Federal Contract Tower,0,0,4,0,4,0,0,137,4,141,0,0,141,4,145,424,0,424,569
11/16/2000,RYN,AZ,AWP,WE,Federal Contract Tower,0,0,18,0,18,0,0,166,4,170,0,0,184,4,188,494,2,496,684
11/17/2000,RYN,AZ,AWP,WE,Federal Contract Tower,0,0,12,0,12,0,0,171,2,173,0,0,183,2,185,305,0,305,490
11/18/2000,RYN,AZ,AWP,WE,Federal Contract Tower,0,0,5,0,5,0,0,166,0,166,0,0,171,0,171,243,0,243,414
11/19/2000,RYN,AZ,AWP,WE,Federal Contract Tower,0,0,5,0,5,0,0,130,0,130,0,0,135,0,135,242,0,242,377
11/20/2000,RYN,AZ,AWP,WE,Federal Contract Tower,0,0,9,0,9,0,0,139,3,142,0,0,148,3,151,275,1,276,427
11/21/2000,RYN,AZ,AWP,WE,Federal Contract Tower,0,0,8,0,8,0,0,128,0,128,0,0,136,0,136,292,0,292,428
11/22/2000,RYN,AZ,AWP,WE,Federal Contract Tower,0,0,7,0,7,0,0,134,0,134,0,0,141,0,141,316,0,316,457
11/23/2000,RYN,AZ,AWP,WE,Federal Contract Tower,0,0,0,0,0,0,0,65,0,65,0,0,65,0,65,55,0,55,120
11/24/2000,RYN,AZ,AWP,WE,Federal Contract Tower,0,0,4,0,4,0,0,143,0,143,0,0,147,0,147,164,0,164,311
11/25/2000,RYN,AZ,AWP,WE,Federal Contract Tower,0,0,3,0,3,0,0,187,0,187,0,0,190,0,190,248,0,248,438
11/26/2000,RYN,AZ,AWP,WE,Federal Contract Tower,0,0,3,0,3,0,0,115,0,115,0,0,118,0,118,187,0,187,305
11/27/2000,RYN,AZ,AWP,WE,Federal Contract Tower,0,0,7,0,7,0,0,138,3,141,0,0,145,3,148,262,41,303,451
11/28/2000,RYN,AZ,AWP,WE,Federal Contract Tower,0,0,11,0,11,0,0,153,5,158,0,0,164,5,169,319,1,320,489
11/29/2000,RYN,AZ,AWP,WE,Federal Contract Tower,0,0,10,0,10,0,0,188,2,190,0,0,198,2,200,280,2,282,482
11/30/2000,RYN,AZ,AWP,WE,Federal Contract Tower,0,0,18,0,18,0,0,276,5,281,0,0,294,5,299,375,4,379,678
12/01/2000,RYN,AZ,AWP,WE,Federal Contract Tower,0,0,8,1,9,0,0,200,5,205,0,0,208,6,214,424,2,426,640
12/02/2000,RYN,AZ,AWP,WE,Federal Contract Tower,0,0,3,0,3,0,0,172,0,172,0,0,175,0,175,302,0,302,477
12/03/2000,RYN,AZ,AWP,WE,Federal Contract Tower,0,0,0,0,0,0,0,123,2,125,0,0,123,2,125,213,0,213,338
12/04/2000,RYN,AZ,AWP,WE,Federal Contract Tower,0,0,8,0,8,0,0,155,0,155,0,0,163,0,163,257,0,257,420
12/05/2000,RYN,AZ,AWP,WE,Federal Contract Tower,0,0,22,0,22,0,0,159,2,161,0,0,181,2,183,311,2,313,496
12/06/2000,RYN,AZ,AWP,WE,Federal Contract Tower,0,0,8,0,8,0,0,159,12,171,0,0,167,12,179,277,10,287,466
12/07/2000,RYN,AZ,AWP,WE,Federal Contract Tower,0,0,14,0,14,0,0,167,0,167,0,0,181,0,181,379,0,379,560
12/08/2000,RYN,AZ,AWP,WE,Federal Contract Tower,0,0,4,0,4,0,0,188,1,189,0,0,192,1,193,352,0,352,545
12/09/2000,RYN,AZ,AWP,WE,Federal Contract Tower,0,0,6,0,6,0,0,235,0,235,0,0,241,0,241,372,0,372,613
12/10/2000,RYN,AZ,AWP,WE,Federal Contract Tower,0,0,0,0,0,0,0,119,0,119,0,0,119,0,119,176,0,176,295
12/11/2000,RYN,AZ,AWP,WE,Federal Contract Tower,0,0,1,0,1,0,0,112,4,116,0,0,113,4,117,220,0,220,337
12/12/2000,RYN,AZ,AWP,WE,Federal Contract Tower,0,0,1,0,1,0,0,97,1,98,0,0,98,1,99,148,1,149,248
12/13/2000,RYN,AZ,AWP,WE,Federal Contract Tower,0,0,3,0,3,0,0,153,2,155,0,0,156,2,158,190,2,192,350
12/14/2000,RYN,AZ,AWP,WE,Federal Contract Tower,0,0,4,0,4,0,0,156,0,156,0,0,160,0,160,209,0,209,369
12/15/2000,RYN,AZ,AWP,WE,Federal Contract Tower,0,0,0,0,0,0,0,165,0,165,0,0,165,0,165,251,0,251,416
12/16/2000,RYN,AZ,AWP,WE,Federal Contract Tower,0,0,1,0,1,0,0,180,0,180,0,0,181,0,181,235,0,235,416
12/17/2000,RYN,AZ,AWP,WE,Federal Contract Tower,0,0,0,0,0,0,0,108,0,108,0,0,108,0,108,185,0,185,293
12/18/2000,RYN,AZ,AWP,WE,Federal Contract Tower,0,0,3,0,3,0,0,162,1,163,0,0,165,1,166,304,1,305,471
12/19/2000,RYN,AZ,AWP,WE,Federal Contract Tower,0,0,3,0,3,0,0,124,1,125,0,0,127,1,128,287,2,289,417
12/20/2000,RYN,AZ,AWP,WE,Federal Contract Tower,0,0,4,0,4,0,0,164,1,165,0,0,168,1,169,314,1,315,484
12/21/2000,RYN,AZ,AWP,WE,Federal Contract Tower,0,0,4,0,4,0,0,123,1,124,0,0,127,1,128,354,2,356,484
12/22/2000,RYN,AZ,AWP,WE,Federal Contract Tower,0,0,0,0,0,0,0,127,0,127,0,0,127,0,127,410,0,410,537
12/23/2000,RYN,AZ,AWP,WE,Federal Contract Tower,0,0,1,0,1,0,0,116,0,116,0,0,117,0,117,144,0,144,261
12/24/2000,RYN,AZ,AWP,WE,Federal Contract Tower,0,0,0,0,0,0,0,67,0,67,0,0,67,0,67,112,0,112,179
12/25/2000,RYN,AZ,AWP,WE,Federal Contract Tower,0,0,1,0,1,0,0,38,0,38,0,0,39,0,39,10,0,10,49
12/26/2000,RYN,AZ,AWP,WE,Federal Contract Tower,0,0,3,0,3,0,0,132,0,132,0,0,135,0,135,292,0,292,427
12/27/2000,RYN,AZ,AWP,WE,Federal Contract Tower,0,0,6,0,6,0,0,116,0,116,0,0,122,0,122,307,0,307,429
12/28/2000,RYN,AZ,AWP,WE,Federal Contract Tower,0,0,6,0,6,0,0,144,0,144,0,0,150,0,150,348,0,348,498
12/29/2000,RYN,AZ,AWP,WE,Federal Contract Tower,0,0,1,0,1,0,0,175,0,175,0,0,176,0,176,394,0,394,570
12/30/2000,RYN,AZ,AWP,WE,Federal Contract Tower,0,0,1,0,1,0,3,169,0,172,0,3,170,0,173,323,0,323,496
12/31/2000,RYN,AZ,AWP,WE,Federal Contract Tower,0,0,2,0,2,0,0,97,0,97,0,0,99,0,99,191,0,191,290
01/01/2001,RYN,AZ,AWP,WE,Federal Contract Tower,0,0,0,0,0,0,0,80,0,80,0,0,80,0,80,161,0,161,241
01/02/2001,RYN,AZ,AWP,WE,Federal Contract Tower,0,0,4,0,4,0,0,148,0,148,0,0,152,0,152,303,0,303,455
01/03/2001,RYN,AZ,AWP,WE,Federal Contract Tower,0,0,0,1,1,0,0,74,1,75,0,0,74,2,76,134,34,168,244
01/04/2001,RYN,AZ,AWP,WE,Federal Contract Tower,0,0,1,1,2,0,0,144,1,145,0,0,145,2,147,295,14,309,456
01/05/2001,RYN,AZ,AWP,WE,Federal Contract Tower,0,0,2,1,3,0,0,172,1,173,0,0,174,2,176,351,7,358,534
01/06/2001,RYN,AZ,AWP,WE,Federal Contract Tower,0,0,1,0,1,0,0,122,0,122,0,0,123,0,123,255,0,255,378
01/07/2001,RYN,AZ,AWP,WE,Federal Contract Tower,0,0,1,1,2,0,0,134,0,134,0,0,135,1,136,206,27,233,369
01/08/2001,RYN,AZ,AWP,WE,Federal Contract Tower,0,0,3,1,4,0,0,105,1,106,0,0,108,2,110,236,0,236,346
01/09/2001,RYN,AZ,AWP,WE,Federal Contract Tower,0,0,16,1,17,0,0,79,1,80,0,0,95,2,97,300,2,302,399
01/10/2001,RYN,AZ,AWP,WE,Federal Contract Tower,0,0,7,1,8,0,0,169,1,170,0,0,176,2,178,334,2,336,514
01/11/2001,RYN,AZ,AWP,WE,Federal Contract Tower,0,0,5,0,5,0,0,144,0,144,0,0,149,0,149,241,0,241,390
01/12/2001,RYN,AZ,AWP,WE,Federal Contract Tower,0,0,24,0,24,0,0,27,0,27,0,0,51,0,51,70,0,70,121
01/13/2001,RYN,AZ,AWP,WE,Federal Contract Tower,0,0,6,0,6,0,0,107,0,107,0,0,113,0,113,389,0,389,502
01/14/2001,RYN,AZ,AWP,WE,Federal Contract Tower,0,0,0,0,0,0,0,130,0,130,0,0,130,0,130,314,0,314,444
01/15/2001,RYN,AZ,AWP,WE,Federal Contract Tower,0,0,3,0,3,0,0,196,0,196,0,0,199,0,199,355,0,355,554
01/16/2001,RYN,AZ,AWP,WE,Federal Contract Tower,0,0,20,0,20,0,0,68,4,72,0,0,88,4,92,232,8,240,332
01/17/2001,RYN,AZ,AWP,WE,Federal Contract Tower,0,0,35,1,36,0,0,91,1,92,0,0,126,2,128,375,2,377,505
01/18/2001,RYN,AZ,AWP,WE,Federal Contract Tower,0,0,11,0,11,0,0,188,5,193,0,0,199,5,204,346,2,348,552
01/19/2001,RYN,AZ,AWP,WE,Federal Contract Tower,0,0,11,0,11,0,0,205,4,209,0,0,216,4,220,387,0,387,607
01/20/2001,RYN,AZ,AWP,WE,Federal Contract Tower,0,0,6,0,6,0,0,191,0,191,0,0,197,0,197,352,0,352,549
01/21/2001,RYN,AZ,AWP,WE,Federal Contract Tower,0,0,7,0,7,0,0,133,2,135,0,0,140,2,142,177,2,179,321
01/22/2001,RYN,AZ,AWP,WE,Federal Contract Tower,0,0,11,0,11,0,0,134,2,136,0,0,145,2,147,367,0,367,514
01/23/2001,RYN,AZ,AWP,WE,Federal Contract Tower,0,0,12,0,12,0,0,208,1,209,0,0,220,1,221,496,1,497,718
01/24/2001,RYN,AZ,AWP,WE,Federal Contract Tower,0,0,6,0,6,0,0,176,0,176,0,0,182,0,182,424,0,424,606
01/25/2001,RYN,AZ,AWP,WE,Federal Contract Tower,0,0,11,0,11,0,0,145,1,146,0,0,156,1,157,404,1,405,562
01/26/2001,RYN,AZ,AWP,WE,Federal Contract Tower,0,0,10,0,10,0,0,207,0,207,0,0,217,0,217,415,0,415,632
01/27/2001,RYN,AZ,AWP,WE,Federal Contract Tower,0,0,2,0,2,0,0,23,0,23,0,0,25,0,25,10,0,10,35
01/28/2001,RYN,AZ,AWP,WE,Federal Contract Tower,0,0,9,0,9,0,0,32,0,32,0,0,41,0,41,25,0,25,66
01/29/2001,RYN,AZ,AWP,WE,Federal Contract Tower,0,0,16,0,16,0,0,191,0,191,0,0,207,0,207,330,0,330,537
01/30/2001,RYN,AZ,AWP,WE,Federal Contract Tower,0,0,11,0,11,0,0,156,4,160,0,0,167,4,171,366,2,368,539
01/31/2001,RYN,AZ,AWP,WE,Federal Contract Tower,0,0,2,0,2,0,0,178,1,179,0,0,180,1,181,335,1,336,517
02/01/2001,RYN,AZ,AWP,WE,Federal Contract Tower,0,0,7,0,7,0,0,205,0,205,0,0,212,0,212,483,2,485,697
02/02/2001,RYN,AZ,AWP,WE,Federal Contract Tower,0,0,0,0,0,0,0,162,3,165,0,0,162,3,165,274,3,277,442
02/03/2001,RYN,AZ,AWP,WE,Federal Contract Tower,0,0,1,0,1,0,0,253,0,253,0,0,254,0,254,375,0,375,629
02/04/2001,RYN,AZ,AWP,WE,Federal Contract Tower,0,0,1,0,1,0,0,111,2,113,0,0,112,2,114,160,34,194,308
02/05/2001,RYN,AZ,AWP,WE,Federal Contract Tower,0,0,5,0,5,0,0,144,5,149,0,0,149,5,154,392,5,397,551
02/06/2001,RYN,AZ,AWP,WE,Federal Contract Tower,0,0,6,0,6,0,0,143,9,152,0,0,149,9,158,304,7,311,469
02/07/2001,RYN,AZ,AWP,WE,Federal Contract Tower,0,0,0,0,0,0,0,116,4,120,0,0,116,4,120,182,0,182,302
02/08/2001,RYN,AZ,AWP,WE,Federal Contract Tower,0,0,11,0,11,0,0,36,0,36,0,0,47,0,47,113,0,113,160
02/09/2001,RYN,AZ,AWP,WE,Federal Contract Tower,0,0,8,0,8,0,0,176,0,176,0,0,184,0,184,406,0,406,590
02/10/2001,RYN,AZ,AWP,WE,Federal Contract Tower,0,0,1,0,1,0,0,174,0,174,0,0,175,0,175,325,0,325,500
02/11/2001,RYN,AZ,AWP,WE,Federal Contract Tower,0,0,3,0,3,0,0,112,0,112,0,0,115,0,115,154,0,154,269
02/12/2001,RYN,AZ,AWP,WE,Federal Contract Tower,0,0,2,0,2,0,0,143,0,143,0,0,145,0,145,306,0,306,451
02/13/2001,RYN,AZ,AWP,WE,Federal Contract Tower,0,0,1,0,1,0,0,64,0,64,0,0,65,0,65,101,0,101,166
02/14/2001,RYN,AZ,AWP,WE,Federal Contract Tower,0,0,27,0,27,0,0,78,8,86,0,0,105,8,113,148,0,148,261
02/15/2001,RYN,AZ,AWP,WE,Federal Contract Tower,0,0,10,0,10,0,0,148,2,150,0,0,158,2,160,329,2,331,491
02/16/2001,RYN,AZ,AWP,WE,Federal Contract Tower,0,0,7,0,7,0,0,163,2,165,0,0,170,2,172,321,0,321,493
02/17/2001,RYN,AZ,AWP,WE,Federal Contract Tower,0,0,4,0,4,0,0,179,0,179,0,0,183,0,183,346,0,346,529
02/18/2001,RYN,AZ,AWP,WE,Federal Contract Tower,0,0,2,0,2,0,0,138,0,138,0,0,140,0,140,219,0,219,359
02/19/2001,RYN,AZ,AWP,WE,Federal Contract Tower,0,0,2,0,2,0,0,202,4,206,0,0,204,4,208,459,0,459,667
02/20/2001,RYN,AZ,AWP,WE,Federal Contract Tower,0,0,2,0,2,0,0,169,0,169,0,0,171,0,171,407,0,407,578
02/21/2001,RYN,AZ,AWP,WE,Federal Contract Tower,0,0,6,0,6,0,0,184,4,188,0,0,190,4,194,388,0,388,582
02/22/2001,RYN,AZ,AWP,WE,Federal Contract Tower,0,0,4,0,4,0,0,173,1,174,0,0,177,1,178,298,1,299,477
02/23/2001,RYN,AZ,AWP,WE,Federal Contract Tower,0,0,0,0,0,0,0,99,0,99,0,0,99,0,99,190,0,190,289
02/24/2001,RYN,AZ,AWP,WE,Federal Contract Tower,0,0,2,0,2,0,0,165,0,165,0,0,167,0,167,321,0,321,488
02/25/2001,RYN,AZ,AWP,WE,Federal Contract Tower,0,0,5,0,5,0,0,82,0,82,0,0,87,0,87,127,0,127,214
02/26/2001,RYN,AZ,AWP,WE,Federal Contract Tower,0,0,1,0,1,0,0,135,0,135,0,0,136,0,136,364,0,364,500
02/27/2001,RYN,AZ,AWP,WE,Federal Contract Tower,0,0,2,0,2,0,0,140,0,140,0,0,142,0,142,366,0,366,508
02/28/2001,RYN,AZ,AWP,WE,Federal Contract Tower,0,0,7,0,7,0,0,120,7,127,0,0,127,7,134,237,4,241,375
03/01/2001,RYN,AZ,AWP,WE,Federal Contract Tower,0,0,3,0,3,0,0,117,0,117,0,0,120,0,120,294,1,295,415
03/02/2001,RYN,AZ,AWP,WE,Federal Contract Tower,0,0,3,1,4,0,0,234,0,234,0,0,237,1,238,388,17,405,643
03/03/2001,RYN,AZ,AWP,WE,Federal Contract Tower,0,0,0,0,0,0,0,204,0,204,0,0,204,0,204,322,0,322,526
03/04/2001,RYN,AZ,AWP,WE,Federal Contract Tower,0,0,0,1,1,0,0,127,1,128,0,0,127,2,129,250,4,254,383
03/05/2001,RYN,AZ,AWP,WE,Federal Contract Tower,0,0,3,0,3,0,0,142,2,144,0,0,145,2,147,309,0,309,456
03/06/2001,RYN,AZ,AWP,WE,Federal Contract Tower,0,0,8,0,8,0,0,174,0,174,0,0,182,0,182,369,0,369,551
03/07/2001,RYN,AZ,AWP,WE,Federal Contract Tower,0,0,27,0,27,0,0,0,0,0,0,0,27,0,27,36,0,36,63
03/08/2001,RYN,AZ,AWP,WE,Federal Contract Tower,0,0,10,0,10,0,0,169,5,174,0,0,179,5,184,411,4,415,599
03/09/2001,RYN,AZ,AWP,WE,Federal Contract Tower,0,0,10,0,10,0,0,207,8,215,0,0,217,8,225,341,0,341,566
03/10/2001,RYN,AZ,AWP,WE,Federal Contract Tower,0,0,1,0,1,0,0,49,0,49,0,0,50,0,50,50,0,50,100
03/11/2001,RYN,AZ,AWP,WE,Federal Contract Tower,0,0,1,0,1,0,0,128,0,128,0,0,129,0,129,203,0,203,332
03/12/2001,RYN,AZ,AWP,WE,Federal Contract Tower,0,0,4,0,4,0,0,166,0,166,0,0,170,0,170,325,0,325,495
03/13/2001,RYN,AZ,AWP,WE,Federal Contract Tower,0,0,12,0,12,0,0,162,6,168,0,0,174,6,180,307,0,307,487
03/14/2001,RYN,AZ,AWP,WE,Federal Contract Tower,0,0,7,0,7,0,0,180,0,180,0,0,187,0,187,328,0,328,515
03/15/2001,RYN,AZ,AWP,WE,Federal Contract Tower,0,0,4,0,4,0,0,150,0,150,0,0,154,0,154,280,0,280,434
03/16/2001,RYN,AZ,AWP,WE,Federal Contract Tower,0,0,4,0,4,0,0,164,3,167,0,0,168,3,171,348,0,348,519
03/17/2001,RYN,AZ,AWP,WE,Federal Contract Tower,0,0,2,0,2,0,0,137,8,145,0,0,139,8,147,172,0,172,319
03/18/2001,RYN,AZ,AWP,WE,Federal Contract Tower,0,0,4,0,4,0,0,174,0,174,0,0,178,0,178,274,0,274,452
03/19/2001,RYN,AZ,AWP,WE,Federal Contract Tower,0,0,2,0,2,0,0,191,0,191,0,0,193,0,193,308,0,308,501
03/20/2001,RYN,AZ,AWP,WE,Federal Contract Tower,0,0,4,0,4,0,0,136,0,136,0,0,140,0,140,364,0,364,504
03/21/2001,RYN,AZ,AWP,WE,Federal Contract Tower,0,0,2,0,2,0,0,160,7,167,0,0,162,7,169,341,3,344,513
03/22/2001,RYN,AZ,AWP,WE,Federal Contract Tower,0,0,4,0,4,0,0,181,1,182,0,0,185,1,186,460,1,461,647
03/23/2001,RYN,AZ,AWP,WE,Federal Contract Tower,0,0,0,0,0,0,0,157,2,159,0,0,157,2,159,266,4,270,429
03/24/2001,RYN,AZ,AWP,WE,Federal Contract Tower,0,0,0,0,0,0,0,176,0,176,0,0,176,0,176,201,0,201,377
03/25/2001,RYN,AZ,AWP,WE,Federal Contract Tower,0,0,8,0,8,0,0,106,0,106,0,0,114,0,114,226,0,226,340
03/26/2001,RYN,AZ,AWP,WE,Federal Contract Tower,0,0,7,0,7,0,0,171,2,173,0,0,178,2,180,312,0,312,492
03/27/2001,RYN,AZ,AWP,WE,Federal Contract Tower,0,0,5,0,5,0,0,207,0,207,0,0,212,0,212,395,0,395,607
03/28/2001,RYN,AZ,AWP,WE,Federal Contract Tower,0,0,6,0,6,0,0,159,5,164,0,0,165,5,170,246,3,249,419
03/29/2001,RYN,AZ,AWP,WE,Federal Contract Tower,0,0,1,0,1,0,0,143,2,145,0,0,144,2,146,304,0,304,450
03/30/2001,RYN,AZ,AWP,WE,Federal Contract Tower,0,0,2,0,2,0,0,190,1,191,0,0,192,1,193,293,1,294,487
03/31/2001,RYN,AZ,AWP,WE,Federal Contract Tower,0,0,3,0,3,0,0,572,0,572,0,0,575,0,575,156,0,156,731
04/01/2001,RYN,AZ,AWP,WE,Federal Contract Tower,0,0,0,0,0,0,0,138,0,138,0,0,138,0,138,223,2,225,363
04/02/2001,RYN,AZ,AWP,WE,Federal Contract Tower,0,0,6,0,6,0,0,100,1,101,0,0,106,1,107,198,1,199,306
04/03/2001,RYN,AZ,AWP,WE,Federal Contract Tower,0,0,7,0,7,0,0,106,8,114,0,0,113,8,121,158,2,160,281
04/04/2001,RYN,AZ,AWP,WE,Federal Contract Tower,0,0,4,0,4,0,0,143,3,146,0,0,147,3,150,268,3,271,421
04/05/2001,RYN,AZ,AWP,WE,Federal Contract Tower,0,0,1,0,1,0,0,103,0,103,0,0,104,0,104,214,0,214,318
04/06/2001,RYN,AZ,AWP,WE,Federal Contract Tower,0,0,17,0,17,0,0,51,2,53,0,0,68,2,70,135,0,135,205
04/07/2001,RYN,AZ,AWP,WE,Federal Contract Tower,0,0,3,0,3,0,0,262,0,262,0,0,265,0,265,298,0,298,563
04/08/2001,RYN,AZ,AWP,WE,Federal Contract Tower,0,0,0,0,0,0,0,141,0,141,0,0,141,0,141,134,0,134,275
04/09/2001,RYN,AZ,AWP,WE,Federal Contract Tower,0,0,1,0,1,0,0,133,2,135,0,0,134,2,136,163,4,167,303
04/10/2001,RYN,AZ,AWP,WE,Federal Contract Tower,0,0,20,0,20,0,0,55,0,55,0,0,75,0,75,40,0,40,115
04/11/2001,RYN,AZ,AWP,WE,Federal Contract Tower,0,0,3,0,3,0,0,247,4,251,0,0,250,4,254,378,2,380,634
04/12/2001,RYN,AZ,AWP,WE,Federal Contract Tower,0,0,3,0,3,0,0,167,0,167,0,0,170,0,170,275,2,277,447
04/13/2001,RYN,AZ,AWP,WE,Federal Contract Tower,0,0,3,0,3,0,0,172,0,172,0,0,175,0,175,300,0,300,475
04/14/2001,RYN,AZ,AWP,WE,Federal Contract Tower,0,0,4,0,4,0,0,214,1,215,0,0,218,1,219,306,1,307,526
04/15/2001,RYN,AZ,AWP,WE,Federal Contract Tower,0,0,0,0,0,0,0,142,2,144,0,0,142,2,144,177,0,177,321
04/16/2001,RYN,AZ,AWP,WE,Federal Contract Tower,0,0,2,0,2,0,0,132,0,132,0,0,134,0,134,263,0,263,397
04/17/2001,RYN,AZ,AWP,WE,Federal Contract Tower,0,0,1,0,1,0,0,213,0,213,0,0,214,0,214,263,0,263,477
04/18/2001,RYN,AZ,AWP,WE,Federal Contract Tower,0,0,4,2,6,0,0,174,0,174,0,0,178,2,180,329,0,329,509
04/19/2001,RYN,AZ,AWP,WE,Federal Contract Tower,0,0,4,0,4,0,0,172,0,172,0,0,176,0,176,397,0,397,573
04/20/2001,RYN,AZ,AWP,WE,Federal Contract Tower,0,0,3,1,4,0,0,128,2,130,0,0,131,3,134,290,3,293,427
04/21/2001,RYN,AZ,AWP,WE,Federal Contract Tower,0,0,2,0,2,0,0,100,0,100,0,0,102,0,102,163,0,163,265
04/22/2001,RYN,AZ,AWP,WE,Federal Contract Tower,0,0,1,0,1,0,0,154,2,156,0,0,155,2,157,252,0,252,409
04/23/2001,RYN,AZ,AWP,WE,Federal Contract Tower,0,0,3,0,3,0,0,215,0,215,0,0,218,0,218,391,0,391,609
04/24/2001,RYN,AZ,AWP,WE,Federal Contract Tower,0,0,5,0,5,0,0,161,7,168,0,0,166,7,173,246,5,251,424
04/25/2001,RYN,AZ,AWP,WE,Federal Contract Tower,0,0,2,0,2,0,2,133,2,137,0,2,135,2,139,316,0,316,455
04/26/2001,RYN,AZ,AWP,WE,Federal Contract Tower,0,0,0,0,0,0,0,167,10,177,0,0,167,10,177,315,0,315,492
04/27/2001,RYN,AZ,AWP,WE,Federal Contract Tower,0,0,8,0,8,0,0,156,2,158,0,0,164,2,166,280,0,280,446
04/28/2001,RYN,AZ,AWP,WE,Federal Contract Tower,0,0,0,0,0,0,0,173,0,173,0,0,173,0,173,320,0,320,493
04/29/2001,RYN,AZ,AWP,WE,Federal Contract Tower,0,0,0,2,2,0,0,143,2,145,0,0,143,4,147,217,2,219,366
04/30/2001,RYN,AZ,AWP,WE,Federal Contract Tower,0,0,4,0,4,0,0,143,4,147,0,0,147,4,151,302,2,304,455
05/01/2001,RYN,AZ,AWP,WE,Federal Contract Tower,0,0,5,0,5,0,0,150,8,158,0,0,155,8,163,292,0,292,455
05/02/2001,RYN,AZ,AWP,WE,Federal Contract Tower,0,0,1,0,1,0,0,99,3,102,0,0,100,3,103,92,1,93,196
05/03/2001,RYN,AZ,AWP,WE,Federal Contract Tower,0,0,1,0,1,0,0,89,18,107,0,0,90,18,108,196,5,201,309
05/04/2001,RYN,AZ,AWP,WE,Federal Contract Tower,0,0,3,0,3,0,0,112,0,112,0,0,115,0,115,245,0,245,360
05/05/2001,RYN,AZ,AWP,WE,Federal Contract Tower,0,0,0,0,0,0,0,195,0,195,0,0,195,0,195,222,0,222,417
05/06/2001,RYN,AZ,AWP,WE,Federal Contract Tower,0,0,0,0,0,0,0,130,0,130,0,0,130,0,130,214,0,214,344
05/07/2001,RYN,AZ,AWP,WE,Federal Contract Tower,0,0,3,0,3,0,0,145,2,147,0,0,148,2,150,265,0,265,415
05/08/2001,RYN,AZ,AWP,WE,Federal Contract Tower,0,0,3,0,3,0,0,123,2,125,0,0,126,2,128,233,0,233,361
05/09/2001,RYN,AZ,AWP,WE,Federal Contract Tower,0,0,0,0,0,0,0,127,2,129,0,0,127,2,129,220,0,220,349
05/10/2001,RYN,AZ,AWP,WE,Federal Contract Tower,0,0,2,0,2,0,0,172,2,174,0,0,174,2,176,280,0,280,456
05/11/2001,RYN,AZ,AWP,WE,Federal Contract Tower,0,0,2,0,2,0,0,166,3,169,0,0,168,3,171,316,3,319,490
05/12/2001,RYN,AZ,AWP,WE,Federal Contract Tower,0,0,2,0,2,0,0,214,0,214,0,0,216,0,216,183,0,183,399
05/13/2001,RYN,AZ,AWP,WE,Federal Contract Tower,0,0,0,0,0,0,0,95,0,95,0,0,95,0,95,258,0,258,353
05/14/2001,RYN,AZ,AWP,WE,Federal Contract Tower,0,0,2,0,2,0,0,130,2,132,0,0,132,2,134,362,0,362,496
05/15/2001,RYN,AZ,AWP,WE,Federal Contract Tower,0,0,2,0,2,0,0,165,0,165,0,0,167,0,167,306,0,306,473
05/16/2001,RYN,AZ,AWP,WE,Federal Contract Tower,0,0,0,0,0,0,0,144,0,144,0,0,144,0,144,408,0,408,552
05/17/2001,RYN,AZ,AWP,WE,Federal Contract Tower,0,0,5,0,5,0,0,162,2,164,0,0,167,2,169,357,0,357,526
05/18/2001,RYN,AZ,AWP,WE,Federal Contract Tower,0,0,2,0,2,0,0,197,2,199,0,0,199,2,201,394,0,394,595
05/19/2001,RYN,AZ,AWP,WE,Federal Contract Tower,0,0,2,0,2,0,0,116,0,116,0,0,118,0,118,254,0,254,372
05/20/2001,RYN,AZ,AWP,WE,Federal Contract Tower,0,0,3,0,3,0,0,121,0,121,0,0,124,0,124,196,0,196,320
05/21/2001,RYN,AZ,AWP,WE,Federal Contract Tower,0,0,2,0,2,0,0,147,7,154,0,0,149,7,156,390,5,395,551
05/22/2001,RYN,AZ,AWP,WE,Federal Contract Tower,0,0,0,0,0,0,0,122,0,122,0,0,122,0,122,281,0,281,403
05/23/2001,RYN,AZ,AWP,WE,Federal Contract Tower,0,0,2,0,2,0,0,127,2,129,0,0,129,2,131,298,0,298,429
05/24/2001,RYN,AZ,AWP,WE,Federal Contract Tower,0,0,0,0,0,0,0,126,2,128,0,0,126,2,128,252,2,254,382
05/25/2001,RYN,AZ,AWP,WE,Federal Contract Tower,0,0,5,0,5,0,0,158,0,158,0,0,163,0,163,315,0,315,478
05/26/2001,RYN,AZ,AWP,WE,Federal Contract Tower,0,0,0,0,0,0,0,184,0,184,0,0,184,0,184,263,0,263,447
05/27/2001,RYN,AZ,AWP,WE,Federal Contract Tower,0,0,0,0,0,0,0,76,0,76,0,0,76,0,76,118,0,118,194
05/28/2001,RYN,AZ,AWP,WE,Federal Contract Tower,0,0,2,0,2,0,0,129,8,137,0,0,131,8,139,169,0,169,308
05/29/2001,RYN,AZ,AWP,WE,Federal Contract Tower,0,0,1,0,1,0,0,137,4,141,0,0,138,4,142,261,0,261,403
05/30/2001,RYN,AZ,AWP,WE,Federal Contract Tower,0,0,0,0,0,0,0,154,10,164,0,0,154,10,164,262,4,266,430
05/31/2001,RYN,AZ,AWP,WE,Federal Contract Tower,0,0,3,0,3,0,0,179,2,181,0,0,182,2,184,289,0,289,473
06/01/2001,RYN,AZ,AWP,WE,Federal Contract Tower,0,0,4,0,4,0,0,134,2,136,0,0,138,2,140,258,10,268,408
06/02/2001,RYN,AZ,AWP,WE,Federal Contract Tower,0,0,2,0,2,0,0,112,0,112,0,0,114,0,114,249,0,249,363
06/03/2001,RYN,AZ,AWP,WE,Federal Contract Tower,0,0,2,0,2,0,0,88,2,90,0,0,90,2,92,113,34,147,239
06/04/2001,RYN,AZ,AWP,WE,Federal Contract Tower,0,0,4,0,4,0,0,134,0,134,0,0,138,0,138,212,0,212,350
06/05/2001,RYN,AZ,AWP,WE,Federal Contract Tower,0,0,4,0,4,0,0,146,4,150,0,0,150,4,154,302,4,306,460
06/06/2001,RYN,AZ,AWP,WE,Federal Contract Tower,0,0,6,0,6,0,0,145,6,151,0,0,151,6,157,317,0,317,474
06/07/2001,RYN,AZ,AWP,WE,Federal Contract Tower,0,0,14,0,14,0,0,144,2,146,0,0,158,2,160,285,0,285,445
06/08/2001,RYN,AZ,AWP,WE,Federal Contract Tower,0,0,0,0,0,0,0,108,0,108,0,0,108,0,108,207,0,207,315
06/09/2001,RYN,AZ,AWP,WE,Federal Contract Tower,0,0,0,0,0,0,0,148,0,148,0,0,148,0,148,234,0,234,382
06/10/2001,RYN,AZ,AWP,WE,Federal Contract Tower,0,0,3,0,3,0,0,102,0,102,0,0,105,0,105,166,0,166,271
06/11/2001,RYN,AZ,AWP,WE,Federal Contract Tower,0,0,0,0,0,0,0,114,0,114,0,0,114,0,114,182,0,182,296
06/12/2001,RYN,AZ,AWP,WE,Federal Contract Tower,0,0,0,0,0,0,0,99,6,105,0,0,99,6,105,203,12,215,320
06/13/2001,RYN,AZ,AWP,WE,Federal Contract Tower,0,0,6,0,6,0,0,116,2,118,0,0,122,2,124,191,4,195,319
06/14/2001,RYN,AZ,AWP,WE,Federal Contract Tower,0,0,6,0,6,0,0,156,3,159,0,0,162,3,165,265,1,266,431
06/15/2001,RYN,AZ,AWP,WE,Federal Contract Tower,0,0,0,0,0,0,0,128,0,128,0,0,128,0,128,251,0,251,379
06/16/2001,RYN,AZ,AWP,WE,Federal Contract Tower,0,0,3,0,3,0,0,160,0,160,0,0,163,0,163,273,0,273,436
06/17/2001,RYN,AZ,AWP,WE,Federal Contract Tower,0,0,0,0,0,0,0,73,2,75,0,0,73,2,75,202,0,202,277
06/18/2001,RYN,AZ,AWP,WE,Federal Contract Tower,0,0,3,0,3,0,0,86,2,88,0,0,89,2,91,216,0,216,307
06/19/2001,RYN,AZ,AWP,WE,Federal Contract Tower,0,0,4,0,4,0,0,94,0,94,0,0,98,0,98,222,0,222,320
06/20/2001,RYN,AZ,AWP,WE,Federal Contract Tower,0,0,3,0,3,0,0,126,6,132,0,0,129,6,135,180,0,180,315
06/21/2001,RYN,AZ,AWP,WE,Federal Contract Tower,0,0,2,0,2,0,0,145,0,145,0,0,147,0,147,275,0,275,422
06/22/2001,RYN,AZ,AWP,WE,Federal Contract Tower,0,0,2,0,2,0,0,132,2,134,0,0,134,2,136,258,0,258,394
06/23/2001,RYN,AZ,AWP,WE,Federal Contract Tower,0,0,2,0,2,0,0,146,0,146,0,0,148,0,148,238,0,238,386
06/24/2001,RYN,AZ,AWP,WE,Federal Contract Tower,0,0,4,0,4,0,0,103,0,103,0,0,107,0,107,258,0,258,365
06/25/2001,RYN,AZ,AWP,WE,Federal Contract Tower,0,0,0,0,0,0,0,89,0,89,0,0,89,0,89,184,0,184,273
06/26/2001,RYN,AZ,AWP,WE,Federal Contract Tower,0,0,3,0,3,0,0,127,0,127,0,0,130,0,130,261,0,261,391
06/27/2001,RYN,AZ,AWP,WE,Federal Contract Tower,0,0,5,0,5,0,0,157,2,159,0,0,162,2,164,203,2,205,369
06/28/2001,RYN,AZ,AWP,WE,Federal Contract Tower,0,0,7,0,7,0,0,204,2,206,0,0,211,2,213,288,0,288,501
06/29/2001,RYN,AZ,AWP,WE,Federal Contract Tower,0,0,3,0,3,0,0,151,4,155,0,0,154,4,158,293,2,295,453
06/30/2001,RYN,AZ,AWP,WE,Federal Contract Tower,0,0,0,0,0,0,0,182,0,182,0,0,182,0,182,303,0,303,485
07/01/2001,RYN,AZ,AWP,WE,Federal Contract Tower,0,0,0,0,0,0,0,97,4,101,0,0,97,4,101,236,0,236,337
07/02/2001,RYN,AZ,AWP,WE,Federal Contract Tower,0,0,2,0,2,0,0,120,4,124,0,0,122,4,126,229,0,229,355
07/03/2001,RYN,AZ,AWP,WE,Federal Contract Tower,0,0,5,0,5,0,0,86,0,86,0,0,91,0,91,83,0,83,174
07/04/2001,RYN,AZ,AWP,WE,Federal Contract Tower,0,0,0,0,0,0,0,119,4,123,0,0,119,4,123,206,0,206,329
07/05/2001,RYN,AZ,AWP,WE,Federal Contract Tower,0,0,3,0,3,0,0,122,0,122,0,0,125,0,125,190,0,190,315
07/06/2001,RYN,AZ,AWP,WE,Federal Contract Tower,0,0,7,0,7,0,0,113,7,120,0,0,120,7,127,241,3,244,371
07/07/2001,RYN,AZ,AWP,WE,Federal Contract Tower,0,0,3,0,3,0,0,147,0,147,0,0,150,0,150,233,0,233,383
07/08/2001,RYN,AZ,AWP,WE,Federal Contract Tower,0,0,3,0,3,0,0,81,0,81,0,0,84,0,84,227,0,227,311
07/09/2001,RYN,AZ,AWP,WE,Federal Contract Tower,0,0,6,0,6,0,0,170,0,170,0,0,176,0,176,252,0,252,428
07/10/2001,RYN,AZ,AWP,WE,Federal Contract Tower,0,0,6,0,6,0,0,131,0,131,0,0,137,0,137,266,0,266,403
07/11/2001,RYN,AZ,AWP,WE,Federal Contract Tower,0,0,4,0,4,0,0,132,4,136,0,0,136,4,140,273,6,279,419
07/12/2001,RYN,AZ,AWP,WE,Federal Contract Tower,0,0,9,0,9,0,0,148,5,153,0,0,157,5,162,230,8,238,400
07/13/2001,RYN,AZ,AWP,WE,Federal Contract Tower,0,0,7,0,7,0,0,114,2,116,0,0,121,2,123,214,0,214,337
07/14/2001,RYN,AZ,AWP,WE,Federal Contract Tower,0,0,4,0,4,0,0,147,0,147,0,0,151,0,151,193,0,193,344
07/15/2001,RYN,AZ,AWP,WE,Federal Contract Tower,0,0,1,0,1,0,0,74,0,74,0,0,75,0,75,138,0,138,213
07/16/2001,RYN,AZ,AWP,WE,Federal Contract Tower,0,0,1,0,1,0,0,172,2,174,0,0,173,2,175,390,2,392,567
07/17/2001,RYN,AZ,AWP,WE,Federal Contract Tower,0,0,2,0,2,0,0,93,2,95,0,0,95,2,97,258,0,258,355
07/18/2001,RYN,AZ,AWP,WE,Federal Contract Tower,0,0,0,0,0,0,0,109,5,114,0,0,109,5,114,283,2,285,399
07/19/2001,RYN,AZ,AWP,WE,Federal Contract Tower,0,0,3,0,3,0,0,175,0,175,0,0,178,0,178,356,0,356,534
07/20/2001,RYN,AZ,AWP,WE,Federal Contract Tower,0,0,0,0,0,0,0,156,2,158,0,0,156,2,158,250,4,254,412
07/21/2001,RYN,AZ,AWP,WE,Federal Contract Tower,0,0,3,0,3,0,0,164,0,164,0,0,167,0,167,271,0,271,438
07/22/2001,RYN,AZ,AWP,WE,Federal Contract Tower,0,0,0,0,0,0,0,104,0,104,0,0,104,0,104,271,0,271,375
07/23/2001,RYN,AZ,AWP,WE,Federal Contract Tower,0,0,0,0,0,0,0,133,2,135,0,0,133,2,135,346,0,346,481
07/24/2001,RYN,AZ,AWP,WE,Federal Contract Tower,0,0,8,0,8,0,0,81,2,83,0,0,89,2,91,226,0,226,317
07/25/2001,RYN,AZ,AWP,WE,Federal Contract Tower,0,0,0,1,1,0,0,103,6,109,0,0,103,7,110,216,5,221,331
07/26/2001,RYN,AZ,AWP,WE,Federal Contract Tower,0,0,4,0,4,0,0,174,0,174,0,0,178,0,178,404,0,404,582
07/27/2001,RYN,AZ,AWP,WE,Federal Contract Tower,0,0,6,0,6,0,0,166,4,170,0,0,172,4,176,314,4,318,494
07/28/2001,RYN,AZ,AWP,WE,Federal Contract Tower,0,0,2,0,2,0,0,141,0,141,0,0,143,0,143,277,0,277,420
07/29/2001,RYN,AZ,AWP,WE,Federal Contract Tower,0,0,2,0,2,0,0,118,0,118,0,0,120,0,120,243,0,243,363
07/30/2001,RYN,AZ,AWP,WE,Federal Contract Tower,0,0,4,0,4,0,0,128,0,128,0,0,132,0,132,364,0,364,496
07/31/2001,RYN,AZ,AWP,WE,Federal Contract Tower,0,0,5,0,5,0,0,141,0,141,0,0,146,0,146,305,0,305,451
08/01/2001,RYN,AZ,AWP,WE,Federal Contract Tower,0,0,12,0,12,0,0,169,1,170,0,0,181,1,182,330,1,331,513
08/02/2001,RYN,AZ,AWP,WE,Federal Contract Tower,0,0,7,0,7,0,0,151,4,155,0,0,158,4,162,270,0,270,432
08/03/2001,RYN,AZ,AWP,WE,Federal Contract Tower,0,0,0,0,0,0,0,146,1,147,0,0,146,1,147,273,1,274,421
08/04/2001,RYN,AZ,AWP,WE,Federal Contract Tower,0,0,0,0,0,0,0,152,1,153,0,0,152,1,153,231,1,232,385
08/05/2001,RYN,AZ,AWP,WE,Federal Contract Tower,0,0,0,0,0,0,0,120,0,120,0,0,120,0,120,214,0,214,334
08/06/2001,RYN,AZ,AWP,WE,Federal Contract Tower,0,0,2,0,2,0,0,98,6,104,0,0,100,6,106,210,2,212,318
08/07/2001,RYN,AZ,AWP,WE,Federal Contract Tower,0,0,0,0,0,0,0,115,0,115,0,0,115,0,115,259,0,259,374
08/08/2001,RYN,AZ,AWP,WE,Federal Contract Tower,0,0,4,0,4,0,0,123,11,134,0,0,127,11,138,229,2,231,369
08/09/2001,RYN,AZ,AWP,WE,Federal Contract Tower,0,0,2,0,2,0,0,147,7,154,0,0,149,7,156,356,1,357,513
08/10/2001,RYN,AZ,AWP,WE,Federal Contract Tower,0,0,4,2,6,0,0,93,0,93,0,0,97,2,99,247,2,249,348
08/11/2001,RYN,AZ,AWP,WE,Federal Contract Tower,0,0,0,0,0,0,0,138,0,138,0,0,138,0,138,291,0,291,429
08/12/2001,RYN,AZ,AWP,WE,Federal Contract Tower,0,0,0,0,0,0,0,140,0,140,0,0,140,0,140,271,0,271,411
08/13/2001,RYN,AZ,AWP,WE,Federal Contract Tower,0,0,0,0,0,0,0,90,0,90,0,0,90,0,90,244,0,244,334
08/14/2001,RYN,AZ,AWP,WE,Federal Contract Tower,0,0,2,0,2,0,0,127,1,128,0,0,129,1,130,307,0,307,437
08/15/2001,RYN,AZ,AWP,WE,Federal Contract Tower,0,0,3,0,3,0,0,137,12,149,0,0,140,12,152,259,0,259,411
08/16/2001,RYN,AZ,AWP,WE,Federal Contract Tower,0,0,5,0,5,0,0,182,2,184,0,0,187,2,189,204,0,204,393
08/17/2001,RYN,AZ,AWP,WE,Federal Contract Tower,0,0,0,0,0,0,0,179,9,188,0,0,179,9,188,270,1,271,459
08/18/2001,RYN,AZ,AWP,WE,Federal Contract Tower,0,0,0,0,0,0,0,168,0,168,0,0,168,0,168,296,0,296,464
08/19/2001,RYN,AZ,AWP,WE,Federal Contract Tower,0,0,0,0,0,0,0,99,0,99,0,0,99,0,99,256,0,256,355
08/20/2001,RYN,AZ,AWP,WE,Federal Contract Tower,0,0,3,0,3,0,0,148,4,152,0,0,151,4,155,342,0,342,497
08/21/2001,RYN,AZ,AWP,WE,Federal Contract Tower,0,0,1,0,1,0,0,160,8,168,0,0,161,8,169,331,0,331,500
08/22/2001,RYN,AZ,AWP,WE,Federal Contract Tower,0,0,5,0,5,0,0,161,6,167,0,0,166,6,172,256,2,258,430
08/23/2001,RYN,AZ,AWP,WE,Federal Contract Tower,0,0,4,0,4,0,0,159,0,159,0,0,163,0,163,272,0,272,435
08/24/2001,RYN,AZ,AWP,WE,Federal Contract Tower,0,0,9,0,9,0,0,166,0,166,0,0,175,0,175,307,0,307,482
08/25/2001,RYN,AZ,AWP,WE,Federal Contract Tower,0,0,4,0,4,0,0,195,2,197,0,0,199,2,201,348,0,348,549
08/26/2001,RYN,AZ,AWP,WE,Federal Contract Tower,0,0,0,0,0,0,0,121,0,121,0,0,121,0,121,245,0,245,366
08/27/2001,RYN,AZ,AWP,WE,Federal Contract Tower,0,0,10,0,10,0,0,170,0,170,0,0,180,0,180,312,0,312,492
08/28/2001,RYN,AZ,AWP,WE,Federal Contract Tower,0,0,11,0,11,0,0,129,0,129,0,0,140,0,140,267,0,267,407
08/29/2001,RYN,AZ,AWP,WE,Federal Contract Tower,0,0,0,0,0,0,0,125,0,125,0,0,125,0,125,220,0,220,345
08/30/2001,RYN,AZ,AWP,WE,Federal Contract Tower,0,0,0,0,0,0,0,121,2,123,0,0,121,2,123,225,2,227,350
08/31/2001,RYN,AZ,AWP,WE,Federal Contract Tower,0,0,6,0,6,0,0,167,0,167,0,0,173,0,173,357,0,357,530
09/01/2001,RYN,AZ,AWP,WE,Federal Contract Tower,0,0,3,0,3,0,0,128,0,128,0,0,131,0,131,260,0,260,391
09/02/2001,RYN,AZ,AWP,WE,Federal Contract Tower,0,0,2,0,2,0,0,126,0,126,0,0,128,0,128,248,0,248,376
09/03/2001,RYN,AZ,AWP,WE,Federal Contract Tower,0,0,0,0,0,0,0,107,2,109,0,0,107,2,109,149,0,149,258
09/04/2001,RYN,AZ,AWP,WE,Federal Contract Tower,0,0,4,0,4,0,0,127,0,127,0,0,131,0,131,312,0,312,443
09/05/2001,RYN,AZ,AWP,WE,Federal Contract Tower,0,0,26,0,26,0,0,141,2,143,0,0,167,2,169,294,2,296,465
09/06/2001,RYN,AZ,AWP,WE,Federal Contract Tower,0,0,5,0,5,0,0,111,0,111,0,0,116,0,116,215,0,215,331
09/07/2001,RYN,AZ,AWP,WE,Federal Contract Tower,0,0,2,0,2,0,0,138,0,138,0,0,140,0,140,358,4,362,502
09/08/2001,RYN,AZ,AWP,WE,Federal Contract Tower,0,0,5,0,5,0,0,171,4,175,0,0,176,4,180,383,0,383,563
09/09/2001,RYN,AZ,AWP,WE,Federal Contract Tower,0,0,0,0,0,0,0,141,0,141,0,0,141,0,141,223,0,223,364
09/10/2001,RYN,AZ,AWP,WE,Federal Contract Tower,0,0,2,0,2,0,0,142,0,142,0,0,144,0,144,328,0,328,472
09/11/2001,RYN,AZ,AWP,WE,Federal Contract Tower,0,0,0,0,0,0,0,8,0,8,0,0,8,0,8,4,0,4,12
09/12/2001,RYN,AZ,AWP,WE,Federal Contract Tower,0,0,0,0,0,0,0,0,0,0,0,0,0,0,0,0,0,0,0
09/13/2001,RYN,AZ,AWP,WE,Federal Contract Tower,0,0,0,0,0,0,0,0,4,4,0,0,0,4,4,0,0,0,4
09/14/2001,RYN,AZ,AWP,WE,Federal Contract Tower,0,0,0,0,0,0,0,0,4,4,0,0,0,4,4,0,0,0,4
09/15/2001,RYN,AZ,AWP,WE,Federal Contract Tower,0,0,3,0,3,0,0,0,0,0,0,0,3,0,3,0,0,0,3
09/16/2001,RYN,AZ,AWP,WE,Federal Contract Tower,0,0,4,0,4,0,0,2,0,2,0,0,6,0,6,0,0,0,6
09/17/2001,RYN,AZ,AWP,WE,Federal Contract Tower,0,0,6,0,6,0,0,0,0,0,0,0,6,0,6,0,0,0,6
09/18/2001,RYN,AZ,AWP,WE,Federal Contract Tower,0,0,15,0,15,0,0,0,0,0,0,0,15,0,15,0,0,0,15
09/19/2001,RYN,AZ,AWP,WE,Federal Contract Tower,0,0,76,0,76,0,0,0,0,0,0,0,76,0,76,0,0,0,76
09/20/2001,RYN,AZ,AWP,WE,Federal Contract Tower,0,0,42,4,46,0,0,50,2,52,0,0,92,6,98,12,0,12,110
09/21/2001,RYN,AZ,AWP,WE,Federal Contract Tower,0,0,60,0,60,0,0,77,1,78,0,0,137,1,138,142,1,143,281
09/22/2001,RYN,AZ,AWP,WE,Federal Contract Tower,0,0,0,0,0,0,0,106,0,106,0,0,106,0,106,226,0,226,332
09/23/2001,RYN,AZ,AWP,WE,Federal Contract Tower,0,0,20,0,20,0,0,75,0,75,0,0,95,0,95,207,0,207,302
09/24/2001,RYN,AZ,AWP,WE,Federal Contract Tower,0,0,4,0,4,0,0,99,0,99,0,0,103,0,103,316,0,316,419
09/25/2001,RYN,AZ,AWP,WE,Federal Contract Tower,0,0,8,0,8,0,0,113,0,113,0,0,121,0,121,276,0,276,397
09/26/2001,RYN,AZ,AWP,WE,Federal Contract Tower,0,0,2,0,2,0,0,107,0,107,0,0,109,0,109,239,0,239,348
09/27/2001,RYN,AZ,AWP,WE,Federal Contract Tower,0,0,4,0,4,0,0,126,2,128,0,0,130,2,132,275,0,275,407
09/28/2001,RYN,AZ,AWP,WE,Federal Contract Tower,0,0,0,0,0,0,0,175,0,175,0,0,175,0,175,283,0,283,458
09/29/2001,RYN,AZ,AWP,WE,Federal Contract Tower,0,0,15,0,15,0,0,148,0,148,0,0,163,0,163,446,0,446,609
09/30/2001,RYN,AZ,AWP,WE,Federal Contract Tower,0,0,2,0,2,0,0,72,0,72,0,0,74,0,74,198,0,198,272
10/01/2001,RYN,AZ,AWP,WE,Federal Contract Tower,0,0,7,0,7,0,0,116,2,118,0,0,123,2,125,146,2,148,273
10/02/2001,RYN,AZ,AWP,WE,Federal Contract Tower,0,0,15,0,15,0,0,173,10,183,0,0,188,10,198,357,0,357,555
10/03/2001,RYN,AZ,AWP,WE,Federal Contract Tower,0,0,5,0,5,0,0,157,2,159,0,0,162,2,164,310,0,310,474
10/04/2001,RYN,AZ,AWP,WE,Federal Contract Tower,0,0,23,0,23,0,0,143,1,144,0,0,166,1,167,238,1,239,406
10/05/2001,RYN,AZ,AWP,WE,Federal Contract Tower,0,0,0,0,0,0,0,172,0,172,0,0,172,0,172,297,0,297,469
10/06/2001,RYN,AZ,AWP,WE,Federal Contract Tower,0,0,3,0,3,0,0,149,0,149,0,0,152,0,152,375,0,375,527
10/07/2001,RYN,AZ,AWP,WE,Federal Contract Tower,0,0,12,0,12,0,0,116,0,116,0,0,128,0,128,241,0,241,369
10/08/2001,RYN,AZ,AWP,WE,Federal Contract Tower,0,0,5,0,5,0,0,106,0,106,0,0,111,0,111,262,0,262,373
10/09/2001,RYN,AZ,AWP,WE,Federal Contract Tower,0,0,14,0,14,0,0,133,4,137,0,0,147,4,151,367,0,367,518
10/10/2001,RYN,AZ,AWP,WE,Federal Contract Tower,0,0,16,0,16,0,0,136,4,140,0,0,152,4,156,215,0,215,371
10/11/2001,RYN,AZ,AWP,WE,Federal Contract Tower,0,0,1,0,1,0,0,177,7,184,0,0,178,7,185,308,0,308,493
10/12/2001,RYN,AZ,AWP,WE,Federal Contract Tower,0,0,0,0,0,0,0,125,0,125,0,0,125,0,125,284,0,284,409
10/13/2001,RYN,AZ,AWP,WE,Federal Contract Tower,0,0,6,0,6,0,0,147,2,149,0,0,153,2,155,427,0,427,582
10/14/2001,RYN,AZ,AWP,WE,Federal Contract Tower,0,0,3,0,3,0,0,130,0,130,0,0,133,0,133,336,0,336,469
10/15/2001,RYN,AZ,AWP,WE,Federal Contract Tower,0,0,5,0,5,0,0,121,0,121,0,0,126,0,126,254,0,254,380
10/16/2001,RYN,AZ,AWP,WE,Federal Contract Tower,0,0,0,0,0,0,0,72,23,95,0,0,72,23,95,108,0,108,203
10/17/2001,RYN,AZ,AWP,WE,Federal Contract Tower,0,0,0,0,0,0,0,186,8,194,0,0,186,8,194,313,0,313,507
10/18/2001,RYN,AZ,AWP,WE,Federal Contract Tower,0,0,0,0,0,0,0,149,3,152,0,0,149,3,152,258,0,258,410
10/19/2001,RYN,AZ,AWP,WE,Federal Contract Tower,0,0,0,0,0,0,0,133,0,133,0,0,133,0,133,259,0,259,392
10/20/2001,RYN,AZ,AWP,WE,Federal Contract Tower,0,0,5,0,5,0,0,216,0,216,0,0,221,0,221,228,0,228,449
10/21/2001,RYN,AZ,AWP,WE,Federal Contract Tower,0,0,0,0,0,0,0,126,0,126,0,0,126,0,126,232,0,232,358
10/22/2001,RYN,AZ,AWP,WE,Federal Contract Tower,0,0,2,0,2,0,0,130,0,130,0,0,132,0,132,287,0,287,419
10/23/2001,RYN,AZ,AWP,WE,Federal Contract Tower,0,0,3,0,3,0,0,151,0,151,0,0,154,0,154,302,0,302,456
10/24/2001,RYN,AZ,AWP,WE,Federal Contract Tower,0,0,13,0,13,0,0,154,1,155,0,0,167,1,168,282,1,283,451
10/25/2001,RYN,AZ,AWP,WE,Federal Contract Tower,0,0,2,0,2,0,0,187,3,190,0,0,189,3,192,345,1,346,538
10/26/2001,RYN,AZ,AWP,WE,Federal Contract Tower,0,0,14,0,14,0,0,133,0,133,0,0,147,0,147,220,0,220,367
10/27/2001,RYN,AZ,AWP,WE,Federal Contract Tower,0,0,1,0,1,0,0,203,0,203,0,0,204,0,204,363,0,363,567
10/28/2001,RYN,AZ,AWP,WE,Federal Contract Tower,0,0,2,0,2,0,0,133,0,133,0,0,135,0,135,312,0,312,447
10/29/2001,RYN,AZ,AWP,WE,Federal Contract Tower,0,0,1,0,1,0,0,152,2,154,0,0,153,2,155,328,0,328,483
10/30/2001,RYN,AZ,AWP,WE,Federal Contract Tower,0,0,6,1,7,0,0,149,8,157,0,0,155,9,164,411,6,417,581
10/31/2001,RYN,AZ,AWP,WE,Federal Contract Tower,0,0,6,2,8,0,0,142,2,144,0,0,148,4,152,327,0,327,479
11/01/2001,RYN,AZ,AWP,WE,Federal Contract Tower,0,0,1,0,1,0,0,155,0,155,0,0,156,0,156,271,0,271,427
11/02/2001,RYN,AZ,AWP,WE,Federal Contract Tower,0,0,3,0,3,0,0,180,0,180,0,0,183,0,183,297,0,297,480
11/03/2001,RYN,AZ,AWP,WE,Federal Contract Tower,0,0,11,0,11,0,0,168,0,168,0,0,179,0,179,379,0,379,558
11/04/2001,RYN,AZ,AWP,WE,Federal Contract Tower,0,0,1,0,1,0,0,81,0,81,0,0,82,0,82,106,0,106,188
11/05/2001,RYN,AZ,AWP,WE,Federal Contract Tower,0,0,4,0,4,0,0,107,0,107,0,0,111,0,111,224,0,224,335
11/06/2001,RYN,AZ,AWP,WE,Federal Contract Tower,0,0,0,0,0,0,0,141,8,149,0,0,141,8,149,299,6,305,454
11/07/2001,RYN,AZ,AWP,WE,Federal Contract Tower,0,0,1,0,1,0,0,151,2,153,0,0,152,2,154,338,2,340,494
11/08/2001,RYN,AZ,AWP,WE,Federal Contract Tower,0,0,0,0,0,0,0,20,0,20,0,0,20,0,20,34,0,34,54
11/09/2001,RYN,AZ,AWP,WE,Federal Contract Tower,0,0,0,0,0,0,0,62,0,62,0,0,62,0,62,113,0,113,175
11/10/2001,RYN,AZ,AWP,WE,Federal Contract Tower,0,0,3,0,3,0,0,364,8,372,0,0,367,8,375,337,0,337,712
11/11/2001,RYN,AZ,AWP,WE,Federal Contract Tower,0,0,4,0,4,0,0,161,0,161,0,0,165,0,165,289,0,289,454
11/12/2001,RYN,AZ,AWP,WE,Federal Contract Tower,0,0,2,0,2,0,0,148,0,148,0,0,150,0,150,324,0,324,474
11/13/2001,RYN,AZ,AWP,WE,Federal Contract Tower,0,0,4,0,4,0,0,137,8,145,0,0,141,8,149,360,0,360,509
11/14/2001,RYN,AZ,AWP,WE,Federal Contract Tower,0,0,7,0,7,0,0,114,2,116,0,0,121,2,123,282,0,282,405
11/15/2001,RYN,AZ,AWP,WE,Federal Contract Tower,0,0,3,0,3,0,0,166,0,166,0,0,169,0,169,346,0,346,515
11/16/2001,RYN,AZ,AWP,WE,Federal Contract Tower,0,0,0,0,0,0,0,195,0,195,0,0,195,0,195,289,0,289,484
11/17/2001,RYN,AZ,AWP,WE,Federal Contract Tower,0,0,2,0,2,0,0,208,0,208,0,0,210,0,210,325,0,325,535
11/18/2001,RYN,AZ,AWP,WE,Federal Contract Tower,0,0,3,0,3,0,0,127,0,127,0,0,130,0,130,282,0,282,412
11/19/2001,RYN,AZ,AWP,WE,Federal Contract Tower,0,0,4,0,4,0,0,147,0,147,0,0,151,0,151,387,0,387,538
11/20/2001,RYN,AZ,AWP,WE,Federal Contract Tower,0,0,1,0,1,0,0,124,0,124,0,0,125,0,125,251,2,253,378
11/21/2001,RYN,AZ,AWP,WE,Federal Contract Tower,0,0,5,0,5,0,0,146,0,146,0,0,151,0,151,278,0,278,429
11/22/2001,RYN,AZ,AWP,WE,Federal Contract Tower,0,0,0,0,0,0,0,52,0,52,0,0,52,0,52,61,0,61,113
11/23/2001,RYN,AZ,AWP,WE,Federal Contract Tower,0,0,4,0,4,0,0,54,0,54,0,0,58,0,58,94,0,94,152
11/24/2001,RYN,AZ,AWP,WE,Federal Contract Tower,0,0,0,0,0,0,0,156,0,156,0,0,156,0,156,414,0,414,570
11/25/2001,RYN,AZ,AWP,WE,Federal Contract Tower,0,0,2,0,2,0,0,55,0,55,0,0,57,0,57,115,0,115,172
11/26/2001,RYN,AZ,AWP,WE,Federal Contract Tower,0,0,8,0,8,0,0,120,2,122,0,0,128,2,130,234,0,234,364
11/27/2001,RYN,AZ,AWP,WE,Federal Contract Tower,0,0,2,0,2,0,0,153,0,153,0,0,155,0,155,306,0,306,461
11/28/2001,RYN,AZ,AWP,WE,Federal Contract Tower,0,0,3,0,3,0,0,169,8,177,0,0,172,8,180,328,0,328,508
11/29/2001,RYN,AZ,AWP,WE,Federal Contract Tower,0,0,2,0,2,0,0,143,4,147,0,0,145,4,149,288,0,288,437
11/30/2001,RYN,AZ,AWP,WE,Federal Contract Tower,0,0,5,0,5,0,0,143,4,147,0,0,148,4,152,289,2,291,443
12/01/2001,RYN,AZ,AWP,WE,Federal Contract Tower,0,0,3,0,3,0,0,176,2,178,0,0,179,2,181,301,0,301,482
12/02/2001,RYN,AZ,AWP,WE,Federal Contract Tower,0,0,3,0,3,0,0,161,0,161,0,0,164,0,164,211,0,211,375
12/03/2001,RYN,AZ,AWP,WE,Federal Contract Tower,0,0,7,0,7,0,0,180,14,194,0,0,187,14,201,266,12,278,479
12/04/2001,RYN,AZ,AWP,WE,Federal Contract Tower,0,0,15,0,15,0,0,115,6,121,0,0,130,6,136,194,0,194,330
12/05/2001,RYN,AZ,AWP,WE,Federal Contract Tower,0,0,4,0,4,0,0,128,2,130,0,0,132,2,134,234,1,235,369
12/06/2001,RYN,AZ,AWP,WE,Federal Contract Tower,0,0,3,0,3,0,0,133,2,135,0,0,136,2,138,264,4,268,406
12/07/2001,RYN,AZ,AWP,WE,Federal Contract Tower,0,0,1,0,1,0,0,163,5,168,0,0,164,5,169,394,2,396,565
12/08/2001,RYN,AZ,AWP,WE,Federal Contract Tower,0,0,2,0,2,0,0,88,0,88,0,0,90,0,90,164,0,164,254
12/09/2001,RYN,AZ,AWP,WE,Federal Contract Tower,0,0,1,0,1,0,0,48,0,48,0,0,49,0,49,54,0,54,103
12/10/2001,RYN,AZ,AWP,WE,Federal Contract Tower,0,0,0,0,0,0,0,52,0,52,0,0,52,0,52,90,0,90,142
12/11/2001,RYN,AZ,AWP,WE,Federal Contract Tower,0,0,2,2,4,0,0,23,25,48,0,0,25,27,52,50,1,51,103
12/12/2001,RYN,AZ,AWP,WE,Federal Contract Tower,0,0,5,1,6,0,0,74,36,110,0,0,79,37,116,198,0,198,314
12/13/2001,RYN,AZ,AWP,WE,Federal Contract Tower,0,0,4,0,4,0,0,293,9,302,0,0,297,9,306,443,2,445,751
12/14/2001,RYN,AZ,AWP,WE,Federal Contract Tower,0,0,1,0,1,0,0,147,30,177,0,0,148,30,178,230,0,230,408
12/15/2001,RYN,AZ,AWP,WE,Federal Contract Tower,0,0,2,0,2,0,0,29,2,31,0,0,31,2,33,56,0,56,89
12/16/2001,RYN,AZ,AWP,WE,Federal Contract Tower,0,0,5,0,5,0,0,87,2,89,0,0,92,2,94,174,0,174,268
12/17/2001,RYN,AZ,AWP,WE,Federal Contract Tower,0,0,2,0,2,0,0,122,6,128,0,0,124,6,130,314,4,318,448
12/18/2001,RYN,AZ,AWP,WE,Federal Contract Tower,0,0,2,1,3,0,0,182,7,189,0,0,184,8,192,314,14,328,520
12/19/2001,RYN,AZ,AWP,WE,Federal Contract Tower,0,0,4,0,4,0,0,131,5,136,0,0,135,5,140,297,14,311,451
12/20/2001,RYN,AZ,AWP,WE,Federal Contract Tower,0,0,5,0,5,0,0,179,1,180,0,0,184,1,185,272,1,273,458
12/21/2001,RYN,AZ,AWP,WE,Federal Contract Tower,0,0,3,0,3,0,0,111,2,113,0,0,114,2,116,232,0,232,348
12/22/2001,RYN,AZ,AWP,WE,Federal Contract Tower,0,0,1,0,1,0,0,116,0,116,0,0,117,0,117,216,0,216,333
12/23/2001,RYN,AZ,AWP,WE,Federal Contract Tower,0,0,1,0,1,0,0,65,0,65,0,0,66,0,66,124,0,124,190
12/24/2001,RYN,AZ,AWP,WE,Federal Contract Tower,0,0,5,0,5,0,0,109,0,109,0,0,114,0,114,282,0,282,396
12/25/2001,RYN,AZ,AWP,WE,Federal Contract Tower,0,0,0,0,0,0,0,20,0,20,0,0,20,0,20,0,0,0,20
12/26/2001,RYN,AZ,AWP,WE,Federal Contract Tower,0,0,0,0,0,0,0,103,0,103,0,0,103,0,103,246,0,246,349
12/27/2001,RYN,AZ,AWP,WE,Federal Contract Tower,0,0,1,0,1,0,0,205,0,205,0,0,206,0,206,389,0,389,595
12/28/2001,RYN,AZ,AWP,WE,Federal Contract Tower,0,0,0,0,0,0,0,127,0,127,0,0,127,0,127,256,0,256,383
12/29/2001,RYN,AZ,AWP,WE,Federal Contract Tower,0,0,1,0,1,0,0,164,0,164,0,0,165,0,165,360,0,360,525
12/30/2001,RYN,AZ,AWP,WE,Federal Contract Tower,0,0,5,0,5,0,0,129,0,129,0,0,134,0,134,239,0,239,373
12/31/2001,RYN,AZ,AWP,WE,Federal Contract Tower,0,0,0,0,0,0,0,92,0,92,0,0,92,0,92,164,0,164,256
01/01/2002,RYN,AZ,AWP,WE,Federal Contract Tower,0,0,0,0,0,0,0,67,0,67,0,0,67,0,67,83,0,83,150
01/02/2002,RYN,AZ,AWP,WE,Federal Contract Tower,0,0,0,0,0,0,0,131,48,179,0,0,131,48,179,225,41,266,445
01/03/2002,RYN,AZ,AWP,WE,Federal Contract Tower,0,0,7,1,8,0,0,152,2,154,0,0,159,3,162,370,1,371,533
01/04/2002,RYN,AZ,AWP,WE,Federal Contract Tower,0,0,2,1,3,0,0,101,0,101,0,0,103,1,104,178,1,179,283
01/05/2002,RYN,AZ,AWP,WE,Federal Contract Tower,0,0,7,0,7,0,0,169,3,172,0,0,176,3,179,318,2,320,499
01/06/2002,RYN,AZ,AWP,WE,Federal Contract Tower,0,0,1,0,1,0,0,119,0,119,0,0,120,0,120,355,0,355,475
01/07/2002,RYN,AZ,AWP,WE,Federal Contract Tower,0,0,5,1,6,0,0,128,0,128,0,0,133,1,134,355,9,364,498
01/08/2002,RYN,AZ,AWP,WE,Federal Contract Tower,0,0,0,0,0,0,0,145,2,147,0,0,145,2,147,374,4,378,525
01/09/2002,RYN,AZ,AWP,WE,Federal Contract Tower,0,0,5,0,5,0,0,200,18,218,0,0,205,18,223,388,8,396,619
01/10/2002,RYN,AZ,AWP,WE,Federal Contract Tower,0,0,2,0,2,0,0,162,4,166,0,0,164,4,168,382,4,386,554
01/11/2002,RYN,AZ,AWP,WE,Federal Contract Tower,0,0,5,0,5,0,0,113,0,113,0,0,118,0,118,209,0,209,327
01/12/2002,RYN,AZ,AWP,WE,Federal Contract Tower,0,0,3,0,3,0,0,307,0,307,0,0,310,0,310,349,0,349,659
01/13/2002,RYN,AZ,AWP,WE,Federal Contract Tower,0,0,6,0,6,0,0,156,0,156,0,0,162,0,162,258,0,258,420
01/14/2002,RYN,AZ,AWP,WE,Federal Contract Tower,0,0,4,0,4,0,0,144,0,144,0,0,148,0,148,250,0,250,398
01/15/2002,RYN,AZ,AWP,WE,Federal Contract Tower,0,0,1,0,1,0,0,106,6,112,0,0,107,6,113,244,5,249,362
01/16/2002,RYN,AZ,AWP,WE,Federal Contract Tower,0,0,5,0,5,0,0,81,4,85,0,0,86,4,90,272,0,272,362
01/17/2002,RYN,AZ,AWP,WE,Federal Contract Tower,0,0,13,0,13,0,0,216,3,219,0,0,229,3,232,469,3,472,704
01/18/2002,RYN,AZ,AWP,WE,Federal Contract Tower,0,0,3,0,3,0,0,131,13,144,0,0,134,13,147,445,7,452,599
01/19/2002,RYN,AZ,AWP,WE,Federal Contract Tower,0,0,0,0,0,0,0,137,0,137,0,0,137,0,137,335,0,335,472
01/20/2002,RYN,AZ,AWP,WE,Federal Contract Tower,0,0,2,0,2,0,0,106,0,106,0,0,108,0,108,279,0,279,387
01/21/2002,RYN,AZ,AWP,WE,Federal Contract Tower,0,0,4,0,4,0,0,241,0,241,0,0,245,0,245,422,0,422,667
01/22/2002,RYN,AZ,AWP,WE,Federal Contract Tower,0,0,4,0,4,0,0,153,0,153,0,0,157,0,157,389,0,389,546
01/23/2002,RYN,AZ,AWP,WE,Federal Contract Tower,0,0,2,0,2,0,0,112,0,112,0,0,114,0,114,300,0,300,414
01/24/2002,RYN,AZ,AWP,WE,Federal Contract Tower,0,0,5,0,5,0,0,156,5,161,0,0,161,5,166,317,5,322,488
01/25/2002,RYN,AZ,AWP,WE,Federal Contract Tower,0,0,4,0,4,0,0,121,6,127,0,0,125,6,131,182,1,183,314
01/26/2002,RYN,AZ,AWP,WE,Federal Contract Tower,0,0,2,0,2,0,0,163,0,163,0,0,165,0,165,329,0,329,494
01/27/2002,RYN,AZ,AWP,WE,Federal Contract Tower,0,0,3,0,3,0,0,153,0,153,0,0,156,0,156,162,0,162,318
01/28/2002,RYN,AZ,AWP,WE,Federal Contract Tower,0,0,5,2,7,0,0,145,0,145,0,0,150,2,152,310,2,312,464
01/29/2002,RYN,AZ,AWP,WE,Federal Contract Tower,0,0,0,0,0,0,0,145,2,147,0,0,145,2,147,351,2,353,500
01/30/2002,RYN,AZ,AWP,WE,Federal Contract Tower,0,0,0,0,0,0,0,22,0,22,0,0,22,0,22,49,0,49,71
01/31/2002,RYN,AZ,AWP,WE,Federal Contract Tower,0,0,4,0,4,0,0,176,0,176,0,0,180,0,180,437,0,437,617
02/01/2002,RYN,AZ,AWP,WE,Federal Contract Tower,0,0,0,0,0,0,0,116,0,116,0,0,116,0,116,150,0,150,266
02/02/2002,RYN,AZ,AWP,WE,Federal Contract Tower,0,0,8,0,8,0,0,161,0,161,0,0,169,0,169,330,0,330,499
02/03/2002,RYN,AZ,AWP,WE,Federal Contract Tower,0,0,3,0,3,0,0,68,0,68,0,0,71,0,71,188,0,188,259
02/04/2002,RYN,AZ,AWP,WE,Federal Contract Tower,0,0,6,0,6,0,0,95,15,110,0,0,101,15,116,194,12,206,322
02/05/2002,RYN,AZ,AWP,WE,Federal Contract Tower,0,0,4,0,4,0,0,147,6,153,0,0,151,6,157,329,6,335,492
02/06/2002,RYN,AZ,AWP,WE,Federal Contract Tower,0,0,2,0,2,0,0,148,2,150,0,0,150,2,152,317,9,326,478
02/07/2002,RYN,AZ,AWP,WE,Federal Contract Tower,0,0,4,0,4,0,0,231,3,234,0,0,235,3,238,288,3,291,529
02/08/2002,RYN,AZ,AWP,WE,Federal Contract Tower,0,0,1,0,1,0,0,140,3,143,0,0,141,3,144,250,3,253,397
02/09/2002,RYN,AZ,AWP,WE,Federal Contract Tower,0,0,0,0,0,0,0,216,0,216,0,0,216,0,216,214,0,214,430
02/10/2002,RYN,AZ,AWP,WE,Federal Contract Tower,0,0,2,0,2,0,0,62,0,62,0,0,64,0,64,92,0,92,156
02/11/2002,RYN,AZ,AWP,WE,Federal Contract Tower,0,0,5,0,5,0,0,97,2,99,0,0,102,2,104,187,2,189,293
02/12/2002,RYN,AZ,AWP,WE,Federal Contract Tower,0,0,2,0,2,0,0,136,2,138,0,0,138,2,140,342,1,343,483
02/13/2002,RYN,AZ,AWP,WE,Federal Contract Tower,0,0,0,0,0,0,0,166,3,169,0,0,166,3,169,248,3,251,420
02/14/2002,RYN,AZ,AWP,WE,Federal Contract Tower,0,0,0,0,0,0,0,188,2,190,0,0,188,2,190,304,0,304,494
02/15/2002,RYN,AZ,AWP,WE,Federal Contract Tower,0,0,3,0,3,0,0,171,0,171,0,0,174,0,174,362,0,362,536
02/16/2002,RYN,AZ,AWP,WE,Federal Contract Tower,0,0,2,0,2,0,0,154,0,154,0,0,156,0,156,326,0,326,482
02/17/2002,RYN,AZ,AWP,WE,Federal Contract Tower,0,0,1,0,1,0,0,152,0,152,0,0,153,0,153,219,0,219,372
02/18/2002,RYN,AZ,AWP,WE,Federal Contract Tower,0,0,1,0,1,0,0,130,0,130,0,0,131,0,131,214,0,214,345
02/19/2002,RYN,AZ,AWP,WE,Federal Contract Tower,0,0,0,0,0,0,0,135,10,145,0,0,135,10,145,309,0,309,454
02/20/2002,RYN,AZ,AWP,WE,Federal Contract Tower,0,0,4,0,4,0,0,165,0,165,0,0,169,0,169,385,0,385,554
02/21/2002,RYN,AZ,AWP,WE,Federal Contract Tower,0,0,4,0,4,0,0,135,0,135,0,0,139,0,139,281,0,281,420
02/22/2002,RYN,AZ,AWP,WE,Federal Contract Tower,0,0,2,0,2,0,0,124,2,126,0,0,126,2,128,206,3,209,337
02/23/2002,RYN,AZ,AWP,WE,Federal Contract Tower,0,0,1,0,1,0,0,206,0,206,0,0,207,0,207,240,0,240,447
02/24/2002,RYN,AZ,AWP,WE,Federal Contract Tower,0,0,4,0,4,0,0,139,0,139,0,0,143,0,143,230,0,230,373
02/25/2002,RYN,AZ,AWP,WE,Federal Contract Tower,0,0,2,0,2,0,0,187,3,190,0,0,189,3,192,280,3,283,475
02/26/2002,RYN,AZ,AWP,WE,Federal Contract Tower,0,0,7,0,7,0,0,129,4,133,0,0,136,4,140,265,3,268,408
02/27/2002,RYN,AZ,AWP,WE,Federal Contract Tower,0,0,5,0,5,0,0,140,5,145,0,0,145,5,150,243,2,245,395
02/28/2002,RYN,AZ,AWP,WE,Federal Contract Tower,0,2,6,0,8,0,0,167,0,167,0,2,173,0,175,351,0,351,526
03/01/2002,RYN,AZ,AWP,WE,Federal Contract Tower,0,0,7,0,7,0,0,76,2,78,0,0,83,2,85,161,0,161,246
03/02/2002,RYN,AZ,AWP,WE,Federal Contract Tower,0,0,1,0,1,0,0,156,0,156,0,0,157,0,157,182,0,182,339
03/03/2002,RYN,AZ,AWP,WE,Federal Contract Tower,0,0,1,0,1,0,0,157,0,157,0,0,158,0,158,288,0,288,446
03/04/2002,RYN,AZ,AWP,WE,Federal Contract Tower,0,0,1,0,1,0,0,126,0,126,0,0,127,0,127,274,0,274,401
03/05/2002,RYN,AZ,AWP,WE,Federal Contract Tower,0,0,1,0,1,0,0,161,0,161,0,0,162,0,162,326,0,326,488
03/06/2002,RYN,AZ,AWP,WE,Federal Contract Tower,0,0,2,0,2,0,0,150,8,158,0,0,152,8,160,327,0,327,487
03/07/2002,RYN,AZ,AWP,WE,Federal Contract Tower,0,0,1,0,1,0,0,174,12,186,0,0,175,12,187,430,12,442,629
03/08/2002,RYN,AZ,AWP,WE,Federal Contract Tower,0,0,4,0,4,0,0,210,3,213,0,0,214,3,217,302,0,302,519
03/09/2002,RYN,AZ,AWP,WE,Federal Contract Tower,0,0,1,0,1,0,0,193,0,193,0,0,194,0,194,422,0,422,616
03/10/2002,RYN,AZ,AWP,WE,Federal Contract Tower,0,0,4,0,4,0,0,140,0,140,0,0,144,0,144,218,0,218,362
03/11/2002,RYN,AZ,AWP,WE,Federal Contract Tower,0,0,0,0,0,0,0,180,4,184,0,0,180,4,184,366,0,366,550
03/12/2002,RYN,AZ,AWP,WE,Federal Contract Tower,0,0,4,0,4,0,0,121,5,126,0,0,125,5,130,324,20,344,474
03/13/2002,RYN,AZ,AWP,WE,Federal Contract Tower,0,0,1,0,1,0,0,155,6,161,0,0,156,6,162,323,0,323,485
03/14/2002,RYN,AZ,AWP,WE,Federal Contract Tower,0,0,0,0,0,0,0,121,0,121,0,0,121,0,121,275,0,275,396
03/15/2002,RYN,AZ,AWP,WE,Federal Contract Tower,0,0,0,0,0,0,0,189,0,189,0,0,189,0,189,306,0,306,495
03/16/2002,RYN,AZ,AWP,WE,Federal Contract Tower,0,0,0,0,0,0,0,146,4,150,0,0,146,4,150,294,0,294,444
03/17/2002,RYN,AZ,AWP,WE,Federal Contract Tower,0,0,0,0,0,0,0,152,0,152,0,0,152,0,152,259,0,259,411
03/18/2002,RYN,AZ,AWP,WE,Federal Contract Tower,0,0,6,0,6,0,0,72,0,72,0,0,78,0,78,222,0,222,300
03/19/2002,RYN,AZ,AWP,WE,Federal Contract Tower,0,0,6,0,6,0,0,172,2,174,0,0,178,2,180,354,2,356,536
03/20/2002,RYN,AZ,AWP,WE,Federal Contract Tower,0,0,5,0,5,0,0,168,4,172,0,0,173,4,177,346,0,346,523
03/21/2002,RYN,AZ,AWP,WE,Federal Contract Tower,0,0,7,0,7,0,0,166,3,169,0,0,173,3,176,220,1,221,397
03/22/2002,RYN,AZ,AWP,WE,Federal Contract Tower,0,0,3,0,3,0,0,116,0,116,0,0,119,0,119,436,0,436,555
03/23/2002,RYN,AZ,AWP,WE,Federal Contract Tower,0,0,3,0,3,0,0,124,0,124,0,0,127,0,127,190,0,190,317
03/24/2002,RYN,AZ,AWP,WE,Federal Contract Tower,0,0,0,0,0,0,0,123,0,123,0,0,123,0,123,169,0,169,292
03/25/2002,RYN,AZ,AWP,WE,Federal Contract Tower,0,0,1,0,1,0,0,157,3,160,0,0,158,3,161,392,2,394,555
03/26/2002,RYN,AZ,AWP,WE,Federal Contract Tower,0,0,0,0,0,0,0,167,1,168,0,0,167,1,168,361,1,362,530
03/27/2002,RYN,AZ,AWP,WE,Federal Contract Tower,0,0,6,0,6,0,0,147,0,147,0,0,153,0,153,412,0,412,565
03/28/2002,RYN,AZ,AWP,WE,Federal Contract Tower,0,0,7,0,7,0,0,145,6,151,0,0,152,6,158,330,4,334,492
03/29/2002,RYN,AZ,AWP,WE,Federal Contract Tower,0,0,5,0,5,0,0,136,1,137,0,0,141,1,142,298,4,302,444
03/30/2002,RYN,AZ,AWP,WE,Federal Contract Tower,0,0,3,0,3,0,0,158,0,158,0,0,161,0,161,288,0,288,449
03/31/2002,RYN,AZ,AWP,WE,Federal Contract Tower,0,0,0,0,0,0,0,97,0,97,0,0,97,0,97,240,0,240,337
04/01/2002,RYN,AZ,AWP,WE,Federal Contract Tower,0,0,0,0,0,0,0,159,1,160,0,0,159,1,160,344,1,345,505
04/02/2002,RYN,AZ,AWP,WE,Federal Contract Tower,0,0,5,0,5,0,0,143,0,143,0,0,148,0,148,338,0,338,486
04/03/2002,RYN,AZ,AWP,WE,Federal Contract Tower,0,0,1,0,1,0,0,159,4,163,0,0,160,4,164,321,0,321,485
04/04/2002,RYN,AZ,AWP,WE,Federal Contract Tower,0,0,1,1,2,0,0,159,3,162,0,0,160,4,164,329,4,333,497
04/05/2002,RYN,AZ,AWP,WE,Federal Contract Tower,0,0,5,0,5,0,0,164,6,170,0,0,169,6,175,291,2,293,468
04/06/2002,RYN,AZ,AWP,WE,Federal Contract Tower,0,0,3,0,3,0,0,90,0,90,0,0,93,0,93,77,0,77,170
04/07/2002,RYN,AZ,AWP,WE,Federal Contract Tower,0,0,1,0,1,0,0,157,2,159,0,0,158,2,160,350,0,350,510
04/08/2002,RYN,AZ,AWP,WE,Federal Contract Tower,0,0,7,0,7,0,0,136,3,139,0,0,143,3,146,350,4,354,500
04/09/2002,RYN,AZ,AWP,WE,Federal Contract Tower,0,0,0,0,0,0,0,160,6,166,0,0,160,6,166,297,0,297,463
04/10/2002,RYN,AZ,AWP,WE,Federal Contract Tower,0,0,6,0,6,0,0,142,2,144,0,0,148,2,150,349,0,349,499
04/11/2002,RYN,AZ,AWP,WE,Federal Contract Tower,0,0,0,0,0,0,0,142,4,146,0,0,142,4,146,196,0,196,342
04/12/2002,RYN,AZ,AWP,WE,Federal Contract Tower,0,0,0,0,0,0,0,136,4,140,0,0,136,4,140,348,0,348,488
04/13/2002,RYN,AZ,AWP,WE,Federal Contract Tower,0,0,1,0,1,0,0,293,1,294,0,0,294,1,295,257,1,258,553
04/14/2002,RYN,AZ,AWP,WE,Federal Contract Tower,0,0,1,0,1,0,0,169,0,169,0,0,170,0,170,298,0,298,468
04/15/2002,RYN,AZ,AWP,WE,Federal Contract Tower,0,0,1,0,1,0,0,85,0,85,0,0,86,0,86,198,0,198,284
04/16/2002,RYN,AZ,AWP,WE,Federal Contract Tower,0,0,7,0,7,0,0,112,0,112,0,0,119,0,119,222,0,222,341
04/17/2002,RYN,AZ,AWP,WE,Federal Contract Tower,0,0,3,0,3,0,0,134,1,135,0,0,137,1,138,267,1,268,406
04/18/2002,RYN,AZ,AWP,WE,Federal Contract Tower,0,0,1,0,1,0,0,132,1,133,0,0,133,1,134,334,3,337,471
04/19/2002,RYN,AZ,AWP,WE,Federal Contract Tower,0,0,1,0,1,0,0,136,0,136,0,0,137,0,137,246,0,246,383
04/20/2002,RYN,AZ,AWP,WE,Federal Contract Tower,0,0,3,0,3,0,0,207,0,207,0,0,210,0,210,323,0,323,533
04/21/2002,RYN,AZ,AWP,WE,Federal Contract Tower,0,0,6,0,6,0,0,141,0,141,0,0,147,0,147,326,0,326,473
04/22/2002,RYN,AZ,AWP,WE,Federal Contract Tower,0,0,7,0,7,0,0,171,4,175,0,0,178,4,182,350,0,350,532
04/23/2002,RYN,AZ,AWP,WE,Federal Contract Tower,0,0,1,0,1,0,0,119,2,121,0,0,120,2,122,270,2,272,394
04/24/2002,RYN,AZ,AWP,WE,Federal Contract Tower,0,0,3,0,3,0,0,158,7,165,0,0,161,7,168,230,4,234,402
04/25/2002,RYN,AZ,AWP,WE,Federal Contract Tower,0,0,11,0,11,0,0,122,2,124,0,0,133,2,135,277,0,277,412
04/26/2002,RYN,AZ,AWP,WE,Federal Contract Tower,0,0,4,0,4,0,0,77,1,78,0,0,81,1,82,108,0,108,190
04/27/2002,RYN,AZ,AWP,WE,Federal Contract Tower,0,0,3,0,3,0,0,140,0,140,0,0,143,0,143,220,0,220,363
04/28/2002,RYN,AZ,AWP,WE,Federal Contract Tower,0,0,1,0,1,0,0,110,10,120,0,0,111,10,121,280,0,280,401
04/29/2002,RYN,AZ,AWP,WE,Federal Contract Tower,0,0,5,2,7,0,0,139,1,140,0,0,144,3,147,340,8,348,495
04/30/2002,RYN,AZ,AWP,WE,Federal Contract Tower,0,0,8,0,8,0,0,96,0,96,0,0,104,0,104,229,0,229,333
05/01/2002,RYN,AZ,AWP,WE,Federal Contract Tower,0,0,7,0,7,0,0,110,0,110,0,0,117,0,117,225,0,225,342
05/02/2002,RYN,AZ,AWP,WE,Federal Contract Tower,0,0,3,0,3,0,0,138,0,138,0,0,141,0,141,320,0,320,461
05/03/2002,RYN,AZ,AWP,WE,Federal Contract Tower,0,0,8,0,8,0,0,99,0,99,0,0,107,0,107,246,0,246,353
05/04/2002,RYN,AZ,AWP,WE,Federal Contract Tower,0,0,4,0,4,0,0,214,0,214,0,0,218,0,218,282,0,282,500
05/05/2002,RYN,AZ,AWP,WE,Federal Contract Tower,0,0,0,0,0,0,0,158,0,158,0,0,158,0,158,316,0,316,474
05/06/2002,RYN,AZ,AWP,WE,Federal Contract Tower,0,0,7,0,7,0,0,112,1,113,0,0,119,1,120,334,1,335,455
05/07/2002,RYN,AZ,AWP,WE,Federal Contract Tower,0,0,3,0,3,0,0,189,0,189,0,0,192,0,192,242,0,242,434
05/08/2002,RYN,AZ,AWP,WE,Federal Contract Tower,0,0,3,0,3,0,0,149,0,149,0,0,152,0,152,383,0,383,535
05/09/2002,RYN,AZ,AWP,WE,Federal Contract Tower,0,0,2,0,2,0,0,229,0,229,0,0,231,0,231,320,0,320,551
05/10/2002,RYN,AZ,AWP,WE,Federal Contract Tower,0,0,4,1,5,0,0,114,0,114,0,0,118,1,119,210,2,212,331
05/11/2002,RYN,AZ,AWP,WE,Federal Contract Tower,0,0,1,0,1,0,0,208,0,208,0,0,209,0,209,274,0,274,483
05/12/2002,RYN,AZ,AWP,WE,Federal Contract Tower,0,0,0,0,0,0,0,79,0,79,0,0,79,0,79,164,0,164,243
05/13/2002,RYN,AZ,AWP,WE,Federal Contract Tower,0,0,1,0,1,0,0,147,0,147,0,0,148,0,148,220,0,220,368
05/14/2002,RYN,AZ,AWP,WE,Federal Contract Tower,0,0,4,0,4,0,0,103,4,107,0,0,107,4,111,204,4,208,319
05/15/2002,RYN,AZ,AWP,WE,Federal Contract Tower,0,0,1,0,1,0,0,154,0,154,0,0,155,0,155,311,0,311,466
05/16/2002,RYN,AZ,AWP,WE,Federal Contract Tower,0,0,2,0,2,0,0,146,0,146,0,0,148,0,148,270,0,270,418
05/17/2002,RYN,AZ,AWP,WE,Federal Contract Tower,0,0,1,0,1,0,0,206,1,207,0,0,207,1,208,333,1,334,542
05/18/2002,RYN,AZ,AWP,WE,Federal Contract Tower,0,0,6,0,6,0,0,137,1,138,0,0,143,1,144,267,2,269,413
05/19/2002,RYN,AZ,AWP,WE,Federal Contract Tower,0,0,1,0,1,0,0,158,0,158,0,0,159,0,159,258,0,258,417
05/20/2002,RYN,AZ,AWP,WE,Federal Contract Tower,0,0,1,0,1,0,0,146,2,148,0,0,147,2,149,334,2,336,485
05/21/2002,RYN,AZ,AWP,WE,Federal Contract Tower,0,0,4,0,4,0,0,112,2,114,0,0,116,2,118,428,4,432,550
05/22/2002,RYN,AZ,AWP,WE,Federal Contract Tower,0,0,3,0,3,0,0,208,8,216,0,0,211,8,219,358,1,359,578
05/23/2002,RYN,AZ,AWP,WE,Federal Contract Tower,0,0,2,0,2,0,0,178,2,180,0,0,180,2,182,528,4,532,714
05/24/2002,RYN,AZ,AWP,WE,Federal Contract Tower,0,0,1,0,1,0,0,206,1,207,0,0,207,1,208,592,0,592,800
05/25/2002,RYN,AZ,AWP,WE,Federal Contract Tower,0,0,2,0,2,0,0,203,0,203,0,0,205,0,205,398,0,398,603
05/26/2002,RYN,AZ,AWP,WE,Federal Contract Tower,0,0,0,0,0,0,0,142,2,144,0,0,142,2,144,259,0,259,403
05/27/2002,RYN,AZ,AWP,WE,Federal Contract Tower,0,0,2,0,2,0,0,121,8,129,0,0,123,8,131,187,8,195,326
05/28/2002,RYN,AZ,AWP,WE,Federal Contract Tower,0,0,1,0,1,0,0,119,4,123,0,0,120,4,124,232,0,232,356
05/29/2002,RYN,AZ,AWP,WE,Federal Contract Tower,0,0,2,0,2,0,0,139,4,143,0,0,141,4,145,303,0,303,448
05/30/2002,RYN,AZ,AWP,WE,Federal Contract Tower,0,0,1,0,1,0,0,137,0,137,0,0,138,0,138,252,0,252,390
05/31/2002,RYN,AZ,AWP,WE,Federal Contract Tower,0,0,4,0,4,0,0,185,1,186,0,0,189,1,190,342,0,342,532
06/01/2002,RYN,AZ,AWP,WE,Federal Contract Tower,0,0,6,0,6,0,0,165,0,165,0,0,171,0,171,331,0,331,502
06/02/2002,RYN,AZ,AWP,WE,Federal Contract Tower,0,0,3,0,3,0,0,106,0,106,0,0,109,0,109,200,0,200,309
06/03/2002,RYN,AZ,AWP,WE,Federal Contract Tower,0,0,6,0,6,0,0,120,0,120,0,0,126,0,126,282,4,286,412
06/04/2002,RYN,AZ,AWP,WE,Federal Contract Tower,0,0,4,0,4,0,0,157,6,163,0,0,161,6,167,308,2,310,477
06/05/2002,RYN,AZ,AWP,WE,Federal Contract Tower,0,0,2,0,2,0,0,183,6,189,0,0,185,6,191,329,2,331,522
06/06/2002,RYN,AZ,AWP,WE,Federal Contract Tower,0,0,2,0,2,0,0,151,2,153,0,0,153,2,155,343,0,343,498
06/07/2002,RYN,AZ,AWP,WE,Federal Contract Tower,0,0,7,0,7,0,0,111,0,111,0,0,118,0,118,316,0,316,434
06/08/2002,RYN,AZ,AWP,WE,Federal Contract Tower,0,0,1,0,1,0,0,129,0,129,0,0,130,0,130,276,0,276,406
06/09/2002,RYN,AZ,AWP,WE,Federal Contract Tower,0,0,1,0,1,0,0,70,0,70,0,0,71,0,71,129,0,129,200
06/10/2002,RYN,AZ,AWP,WE,Federal Contract Tower,0,0,2,0,2,0,0,101,2,103,0,0,103,2,105,208,0,208,313
06/11/2002,RYN,AZ,AWP,WE,Federal Contract Tower,0,0,2,0,2,0,0,101,0,101,0,0,103,0,103,194,0,194,297
06/12/2002,RYN,AZ,AWP,WE,Federal Contract Tower,0,0,4,0,4,0,0,122,2,124,0,0,126,2,128,291,0,291,419
06/13/2002,RYN,AZ,AWP,WE,Federal Contract Tower,0,0,4,0,4,0,0,163,2,165,0,0,167,2,169,421,17,438,607
06/14/2002,RYN,AZ,AWP,WE,Federal Contract Tower,0,0,2,0,2,0,0,144,32,176,0,0,146,32,178,318,0,318,496
06/15/2002,RYN,AZ,AWP,WE,Federal Contract Tower,0,0,3,0,3,0,0,168,0,168,0,0,171,0,171,161,0,161,332
06/16/2002,RYN,AZ,AWP,WE,Federal Contract Tower,0,0,2,0,2,0,0,94,0,94,0,0,96,0,96,182,0,182,278
06/17/2002,RYN,AZ,AWP,WE,Federal Contract Tower,0,0,2,0,2,0,0,88,0,88,0,0,90,0,90,273,0,273,363
06/18/2002,RYN,AZ,AWP,WE,Federal Contract Tower,0,0,4,0,4,0,0,127,4,131,0,0,131,4,135,271,0,271,406
06/19/2002,RYN,AZ,AWP,WE,Federal Contract Tower,0,0,1,0,1,0,0,173,1,174,0,0,174,1,175,277,1,278,453
06/20/2002,RYN,AZ,AWP,WE,Federal Contract Tower,0,0,2,0,2,0,0,106,0,106,0,0,108,0,108,253,0,253,361
06/21/2002,RYN,AZ,AWP,WE,Federal Contract Tower,0,0,5,0,5,0,0,105,0,105,0,0,110,0,110,278,0,278,388
06/22/2002,RYN,AZ,AWP,WE,Federal Contract Tower,0,0,2,0,2,0,0,108,0,108,0,0,110,0,110,255,0,255,365
06/23/2002,RYN,AZ,AWP,WE,Federal Contract Tower,0,0,1,0,1,0,0,115,0,115,0,0,116,0,116,192,0,192,308
06/24/2002,RYN,AZ,AWP,WE,Federal Contract Tower,0,0,8,0,8,0,0,135,1,136,0,0,143,1,144,314,1,315,459
06/25/2002,RYN,AZ,AWP,WE,Federal Contract Tower,0,0,4,0,4,0,0,143,0,143,0,0,147,0,147,240,0,240,387
06/26/2002,RYN,AZ,AWP,WE,Federal Contract Tower,0,0,1,2,3,0,0,134,0,134,0,0,135,2,137,298,0,298,435
06/27/2002,RYN,AZ,AWP,WE,Federal Contract Tower,0,0,3,0,3,0,0,97,0,97,0,0,100,0,100,182,0,182,282
06/28/2002,RYN,AZ,AWP,WE,Federal Contract Tower,0,0,0,0,0,0,0,122,0,122,0,0,122,0,122,274,0,274,396
06/29/2002,RYN,AZ,AWP,WE,Federal Contract Tower,0,0,4,0,4,0,0,163,2,165,0,0,167,2,169,168,0,168,337
06/30/2002,RYN,AZ,AWP,WE,Federal Contract Tower,0,0,0,0,0,0,0,92,0,92,0,0,92,0,92,117,0,117,209
07/01/2002,RYN,AZ,AWP,WE,Federal Contract Tower,0,0,2,1,3,0,0,79,3,82,0,0,81,4,85,200,10,210,295
07/02/2002,RYN,AZ,AWP,WE,Federal Contract Tower,0,0,2,0,2,0,0,81,6,87,0,0,83,6,89,203,2,205,294
07/03/2002,RYN,AZ,AWP,WE,Federal Contract Tower,0,0,0,0,0,0,0,95,5,100,0,0,95,5,100,275,3,278,378
07/04/2002,RYN,AZ,AWP,WE,Federal Contract Tower,0,0,1,0,1,0,0,90,25,115,0,0,91,25,116,204,8,212,328
07/05/2002,RYN,AZ,AWP,WE,Federal Contract Tower,0,0,0,0,0,0,0,124,0,124,0,0,124,0,124,160,0,160,284
07/06/2002,RYN,AZ,AWP,WE,Federal Contract Tower,0,0,1,0,1,0,0,99,0,99,0,0,100,0,100,134,0,134,234
07/07/2002,RYN,AZ,AWP,WE,Federal Contract Tower,0,0,2,0,2,0,0,63,0,63,0,0,65,0,65,146,0,146,211
07/08/2002,RYN,AZ,AWP,WE,Federal Contract Tower,0,0,2,0,2,0,0,88,0,88,0,0,90,0,90,244,0,244,334
07/09/2002,RYN,AZ,AWP,WE,Federal Contract Tower,0,0,1,0,1,0,0,116,0,116,0,0,117,0,117,175,0,175,292
07/10/2002,RYN,AZ,AWP,WE,Federal Contract Tower,0,0,1,0,1,0,0,152,0,152,0,0,153,0,153,278,0,278,431
07/11/2002,RYN,AZ,AWP,WE,Federal Contract Tower,0,0,5,0,5,0,0,113,1,114,0,0,118,1,119,269,48,317,436
07/12/2002,RYN,AZ,AWP,WE,Federal Contract Tower,0,0,2,0,2,0,0,109,1,110,0,0,111,1,112,238,44,282,394
07/13/2002,RYN,AZ,AWP,WE,Federal Contract Tower,0,0,0,0,0,0,0,109,0,109,0,0,109,0,109,228,0,228,337
07/14/2002,RYN,AZ,AWP,WE,Federal Contract Tower,0,0,0,0,0,0,0,78,0,78,0,0,78,0,78,158,0,158,236
07/15/2002,RYN,AZ,AWP,WE,Federal Contract Tower,0,0,4,0,4,0,0,110,0,110,0,0,114,0,114,254,0,254,368
07/16/2002,RYN,AZ,AWP,WE,Federal Contract Tower,0,0,0,0,0,0,0,109,0,109,0,0,109,0,109,182,0,182,291
07/17/2002,RYN,AZ,AWP,WE,Federal Contract Tower,0,0,2,0,2,0,0,75,0,75,0,0,77,0,77,179,0,179,256
07/18/2002,RYN,AZ,AWP,WE,Federal Contract Tower,0,0,4,0,4,0,0,65,0,65,0,0,69,0,69,152,0,152,221
07/19/2002,RYN,AZ,AWP,WE,Federal Contract Tower,0,0,1,0,1,0,0,92,0,92,0,0,93,0,93,256,0,256,349
07/20/2002,RYN,AZ,AWP,WE,Federal Contract Tower,0,0,4,0,4,0,0,147,0,147,0,0,151,0,151,272,0,272,423
07/21/2002,RYN,AZ,AWP,WE,Federal Contract Tower,0,0,1,0,1,0,0,97,0,97,0,0,98,0,98,270,0,270,368
07/22/2002,RYN,AZ,AWP,WE,Federal Contract Tower,0,0,0,0,0,0,0,119,0,119,0,0,119,0,119,295,0,295,414
07/23/2002,RYN,AZ,AWP,WE,Federal Contract Tower,0,0,4,0,4,0,0,111,1,112,0,0,115,1,116,283,1,284,400
07/24/2002,RYN,AZ,AWP,WE,Federal Contract Tower,0,0,4,0,4,0,0,141,4,145,0,0,145,4,149,238,0,238,387
07/25/2002,RYN,AZ,AWP,WE,Federal Contract Tower,0,0,3,0,3,0,0,171,0,171,0,0,174,0,174,258,0,258,432
07/26/2002,RYN,AZ,AWP,WE,Federal Contract Tower,0,0,7,0,7,0,0,90,0,90,0,0,97,0,97,196,0,196,293
07/27/2002,RYN,AZ,AWP,WE,Federal Contract Tower,0,0,1,0,1,0,0,51,0,51,0,0,52,0,52,122,0,122,174
07/28/2002,RYN,AZ,AWP,WE,Federal Contract Tower,0,0,1,0,1,0,0,131,0,131,0,0,132,0,132,198,0,198,330
07/29/2002,RYN,AZ,AWP,WE,Federal Contract Tower,0,0,0,0,0,0,0,107,8,115,0,0,107,8,115,332,6,338,453
07/30/2002,RYN,AZ,AWP,WE,Federal Contract Tower,0,0,1,0,1,0,0,122,6,128,0,0,123,6,129,231,0,231,360
07/31/2002,RYN,AZ,AWP,WE,Federal Contract Tower,0,0,1,0,1,0,0,104,2,106,0,0,105,2,107,219,0,219,326
08/01/2002,RYN,AZ,AWP,WE,Federal Contract Tower,0,0,2,0,2,0,0,170,2,172,0,0,172,2,174,243,11,254,428
08/02/2002,RYN,AZ,AWP,WE,Federal Contract Tower,0,0,3,0,3,0,0,120,1,121,0,0,123,1,124,254,1,255,379
08/03/2002,RYN,AZ,AWP,WE,Federal Contract Tower,0,0,0,0,0,0,0,120,0,120,0,0,120,0,120,280,0,280,400
08/04/2002,RYN,AZ,AWP,WE,Federal Contract Tower,0,0,3,0,3,0,0,50,0,50,0,0,53,0,53,167,0,167,220
08/05/2002,RYN,AZ,AWP,WE,Federal Contract Tower,0,0,4,0,4,0,0,85,0,85,0,0,89,0,89,291,0,291,380
08/06/2002,RYN,AZ,AWP,WE,Federal Contract Tower,0,0,2,0,2,0,0,81,3,84,0,0,83,3,86,238,7,245,331
08/07/2002,RYN,AZ,AWP,WE,Federal Contract Tower,0,0,5,0,5,0,0,108,4,112,0,0,113,4,117,283,3,286,403
08/08/2002,RYN,AZ,AWP,WE,Federal Contract Tower,0,0,3,0,3,0,0,135,11,146,0,0,138,11,149,181,3,184,333
08/09/2002,RYN,AZ,AWP,WE,Federal Contract Tower,0,0,0,0,0,0,0,110,1,111,0,0,110,1,111,308,1,309,420
08/10/2002,RYN,AZ,AWP,WE,Federal Contract Tower,0,0,1,0,1,0,0,156,4,160,0,0,157,4,161,312,4,316,477
08/11/2002,RYN,AZ,AWP,WE,Federal Contract Tower,0,0,1,0,1,0,0,98,0,98,0,0,99,0,99,224,0,224,323
08/12/2002,RYN,AZ,AWP,WE,Federal Contract Tower,0,0,2,0,2,0,0,109,0,109,0,0,111,0,111,240,6,246,357
08/13/2002,RYN,AZ,AWP,WE,Federal Contract Tower,0,0,7,0,7,0,0,157,0,157,0,0,164,0,164,268,0,268,432
08/14/2002,RYN,AZ,AWP,WE,Federal Contract Tower,0,0,6,0,6,0,0,161,0,161,0,0,167,0,167,302,0,302,469
08/15/2002,RYN,AZ,AWP,WE,Federal Contract Tower,0,0,3,0,3,0,0,129,7,136,0,0,132,7,139,230,3,233,372
08/16/2002,RYN,AZ,AWP,WE,Federal Contract Tower,0,0,3,0,3,0,0,121,0,121,0,0,124,0,124,174,2,176,300
08/17/2002,RYN,AZ,AWP,WE,Federal Contract Tower,0,0,0,0,0,0,0,215,0,215,0,0,215,0,215,362,0,362,577
08/18/2002,RYN,AZ,AWP,WE,Federal Contract Tower,0,0,1,0,1,0,0,123,0,123,0,0,124,0,124,269,0,269,393
08/19/2002,RYN,AZ,AWP,WE,Federal Contract Tower,0,0,5,0,5,0,0,97,0,97,0,0,102,0,102,184,0,184,286
08/20/2002,RYN,AZ,AWP,WE,Federal Contract Tower,0,0,1,0,1,0,0,126,6,132,0,0,127,6,133,273,2,275,408
08/21/2002,RYN,AZ,AWP,WE,Federal Contract Tower,0,0,0,0,0,0,0,140,4,144,0,0,140,4,144,197,0,197,341
08/22/2002,RYN,AZ,AWP,WE,Federal Contract Tower,0,0,3,0,3,0,0,123,0,123,0,0,126,0,126,228,0,228,354
08/23/2002,RYN,AZ,AWP,WE,Federal Contract Tower,0,0,1,0,1,0,0,122,1,123,0,0,123,1,124,252,1,253,377
08/24/2002,RYN,AZ,AWP,WE,Federal Contract Tower,0,0,0,0,0,0,0,147,0,147,0,0,147,0,147,353,0,353,500
08/25/2002,RYN,AZ,AWP,WE,Federal Contract Tower,0,0,0,0,0,0,0,139,0,139,0,0,139,0,139,261,0,261,400
08/26/2002,RYN,AZ,AWP,WE,Federal Contract Tower,0,0,1,0,1,0,0,119,8,127,0,0,120,8,128,214,10,224,352
08/27/2002,RYN,AZ,AWP,WE,Federal Contract Tower,0,0,0,0,0,0,0,117,8,125,0,0,117,8,125,141,0,141,266
08/28/2002,RYN,AZ,AWP,WE,Federal Contract Tower,0,0,1,0,1,0,0,114,0,114,0,0,115,0,115,222,0,222,337
08/29/2002,RYN,AZ,AWP,WE,Federal Contract Tower,0,0,3,0,3,0,0,102,4,106,0,0,105,4,109,176,0,176,285
08/30/2002,RYN,AZ,AWP,WE,Federal Contract Tower,0,0,1,0,1,0,0,104,0,104,0,0,105,0,105,160,0,160,265
08/31/2002,RYN,AZ,AWP,WE,Federal Contract Tower,0,0,4,0,4,0,0,150,0,150,0,0,154,0,154,194,0,194,348
09/01/2002,RYN,AZ,AWP,WE,Federal Contract Tower,0,0,0,0,0,0,0,86,0,86,0,0,86,0,86,173,0,173,259
09/02/2002,RYN,AZ,AWP,WE,Federal Contract Tower,0,0,0,0,0,0,0,119,0,119,0,0,119,0,119,176,0,176,295
09/03/2002,RYN,AZ,AWP,WE,Federal Contract Tower,0,0,3,0,3,0,0,135,0,135,0,0,138,0,138,346,0,346,484
09/04/2002,RYN,AZ,AWP,WE,Federal Contract Tower,0,0,0,1,1,0,0,187,8,195,0,0,187,9,196,258,14,272,468
09/05/2002,RYN,AZ,AWP,WE,Federal Contract Tower,0,0,4,0,4,0,0,159,1,160,0,0,163,1,164,346,2,348,512
09/06/2002,RYN,AZ,AWP,WE,Federal Contract Tower,0,0,5,0,5,0,0,97,0,97,0,0,102,0,102,266,0,266,368
09/07/2002,RYN,AZ,AWP,WE,Federal Contract Tower,0,0,1,0,1,0,0,119,0,119,0,0,120,0,120,216,0,216,336
09/08/2002,RYN,AZ,AWP,WE,Federal Contract Tower,0,0,4,0,4,0,0,80,0,80,0,0,84,0,84,182,0,182,266
09/09/2002,RYN,AZ,AWP,WE,Federal Contract Tower,0,0,6,0,6,0,0,53,0,53,0,0,59,0,59,184,2,186,245
09/10/2002,RYN,AZ,AWP,WE,Federal Contract Tower,0,0,2,0,2,0,0,64,0,64,0,0,66,0,66,173,0,173,239
09/11/2002,RYN,AZ,AWP,WE,Federal Contract Tower,0,0,5,0,5,0,0,134,0,134,0,0,139,0,139,281,1,282,421
09/12/2002,RYN,AZ,AWP,WE,Federal Contract Tower,0,0,0,0,0,0,0,120,0,120,0,0,120,0,120,239,0,239,359
09/13/2002,RYN,AZ,AWP,WE,Federal Contract Tower,0,0,4,0,4,0,0,142,0,142,0,0,146,0,146,193,0,193,339
09/14/2002,RYN,AZ,AWP,WE,Federal Contract Tower,0,0,0,0,0,0,0,143,6,149,0,0,143,6,149,276,4,280,429
09/15/2002,RYN,AZ,AWP,WE,Federal Contract Tower,0,0,0,0,0,0,0,95,0,95,0,0,95,0,95,253,0,253,348
09/16/2002,RYN,AZ,AWP,WE,Federal Contract Tower,0,0,4,0,4,0,0,85,0,85,0,0,89,0,89,252,0,252,341
09/17/2002,RYN,AZ,AWP,WE,Federal Contract Tower,0,0,2,0,2,0,0,105,3,108,0,0,107,3,110,309,1,310,420
09/18/2002,RYN,AZ,AWP,WE,Federal Contract Tower,0,0,3,0,3,0,0,81,3,84,0,0,84,3,87,161,1,162,249
09/19/2002,RYN,AZ,AWP,WE,Federal Contract Tower,0,0,3,2,5,0,0,175,5,180,0,0,178,7,185,394,0,394,579
09/20/2002,RYN,AZ,AWP,WE,Federal Contract Tower,0,0,2,0,2,0,0,115,0,115,0,0,117,0,117,202,0,202,319
09/21/2002,RYN,AZ,AWP,WE,Federal Contract Tower,0,0,1,0,1,0,0,175,3,178,0,0,176,3,179,254,3,257,436
09/22/2002,RYN,AZ,AWP,WE,Federal Contract Tower,0,0,2,0,2,0,0,150,0,150,0,0,152,0,152,266,0,266,418
09/23/2002,RYN,AZ,AWP,WE,Federal Contract Tower,0,0,2,0,2,0,0,95,3,98,0,0,97,3,100,210,2,212,312
09/24/2002,RYN,AZ,AWP,WE,Federal Contract Tower,0,0,1,0,1,0,0,134,0,134,0,0,135,0,135,299,0,299,434
09/25/2002,RYN,AZ,AWP,WE,Federal Contract Tower,0,0,6,0,6,0,0,126,0,126,0,0,132,0,132,172,0,172,304
09/26/2002,RYN,AZ,AWP,WE,Federal Contract Tower,0,0,4,0,4,0,0,112,0,112,0,0,116,0,116,289,0,289,405
09/27/2002,RYN,AZ,AWP,WE,Federal Contract Tower,0,0,1,0,1,0,0,148,0,148,0,0,149,0,149,260,0,260,409
09/28/2002,RYN,AZ,AWP,WE,Federal Contract Tower,0,0,0,0,0,0,0,148,0,148,0,0,148,0,148,209,0,209,357
09/29/2002,RYN,AZ,AWP,WE,Federal Contract Tower,0,0,0,0,0,0,0,102,0,102,0,0,102,0,102,208,0,208,310
09/30/2002,RYN,AZ,AWP,WE,Federal Contract Tower,0,0,2,0,2,0,0,123,0,123,0,0,125,0,125,310,0,310,435
10/01/2002,RYN,AZ,AWP,WE,Federal Contract Tower,0,0,6,0,6,0,0,84,0,84,0,0,90,0,90,208,0,208,298
10/02/2002,RYN,AZ,AWP,WE,Federal Contract Tower,0,0,7,0,7,0,0,89,3,92,0,0,96,3,99,154,0,154,253
10/03/2002,RYN,AZ,AWP,WE,Federal Contract Tower,0,0,1,1,2,0,0,120,7,127,0,0,121,8,129,284,2,286,415
10/04/2002,RYN,AZ,AWP,WE,Federal Contract Tower,0,0,3,0,3,0,0,136,0,136,0,0,139,0,139,222,4,226,365
10/05/2002,RYN,AZ,AWP,WE,Federal Contract Tower,0,0,4,0,4,0,0,149,6,155,0,0,153,6,159,268,10,278,437
10/06/2002,RYN,AZ,AWP,WE,Federal Contract Tower,0,0,0,0,0,0,0,144,0,144,0,0,144,0,144,231,0,231,375
10/07/2002,RYN,AZ,AWP,WE,Federal Contract Tower,0,0,2,0,2,0,0,100,0,100,0,0,102,0,102,228,0,228,330
10/08/2002,RYN,AZ,AWP,WE,Federal Contract Tower,0,0,0,0,0,0,0,108,8,116,0,0,108,8,116,200,4,204,320
10/09/2002,RYN,AZ,AWP,WE,Federal Contract Tower,0,0,4,0,4,0,0,113,2,115,0,0,117,2,119,258,2,260,379
10/10/2002,RYN,AZ,AWP,WE,Federal Contract Tower,0,0,3,0,3,0,0,116,0,116,0,0,119,0,119,253,0,253,372
10/11/2002,RYN,AZ,AWP,WE,Federal Contract Tower,0,0,0,0,0,0,0,156,0,156,0,0,156,0,156,315,0,315,471
10/12/2002,RYN,AZ,AWP,WE,Federal Contract Tower,0,0,2,0,2,0,0,162,0,162,0,0,164,0,164,298,6,304,468
10/13/2002,RYN,AZ,AWP,WE,Federal Contract Tower,0,0,1,0,1,0,0,63,2,65,0,0,64,2,66,118,0,118,184
10/14/2002,RYN,AZ,AWP,WE,Federal Contract Tower,0,0,2,0,2,0,0,122,2,124,0,0,124,2,126,308,0,308,434
10/15/2002,RYN,AZ,AWP,WE,Federal Contract Tower,0,0,3,0,3,0,0,135,4,139,0,0,138,4,142,261,0,261,403
10/16/2002,RYN,AZ,AWP,WE,Federal Contract Tower,0,0,0,0,0,0,0,140,5,145,0,0,140,5,145,249,5,254,399
10/17/2002,RYN,AZ,AWP,WE,Federal Contract Tower,0,0,0,0,0,0,0,135,7,142,0,0,135,7,142,251,0,251,393
10/18/2002,RYN,AZ,AWP,WE,Federal Contract Tower,0,0,0,3,3,0,0,93,7,100,0,0,93,10,103,304,4,308,411
10/19/2002,RYN,AZ,AWP,WE,Federal Contract Tower,0,0,5,0,5,0,0,185,0,185,0,0,190,0,190,250,0,250,440
10/20/2002,RYN,AZ,AWP,WE,Federal Contract Tower,0,0,4,0,4,0,0,103,0,103,0,0,107,0,107,286,0,286,393
10/21/2002,RYN,AZ,AWP,WE,Federal Contract Tower,0,0,3,0,3,0,0,83,0,83,0,0,86,0,86,256,0,256,342
10/22/2002,RYN,AZ,AWP,WE,Federal Contract Tower,0,0,0,0,0,0,0,116,2,118,0,0,116,2,118,213,4,217,335
10/23/2002,RYN,AZ,AWP,WE,Federal Contract Tower,0,0,5,0,5,0,0,99,0,99,0,0,104,0,104,224,0,224,328
10/24/2002,RYN,AZ,AWP,WE,Federal Contract Tower,0,0,1,0,1,0,0,119,0,119,0,0,120,0,120,309,0,309,429
10/25/2002,RYN,AZ,AWP,WE,Federal Contract Tower,0,0,5,0,5,0,0,115,0,115,0,0,120,0,120,288,0,288,408
10/26/2002,RYN,AZ,AWP,WE,Federal Contract Tower,0,0,2,0,2,0,0,91,0,91,0,0,93,0,93,198,0,198,291
10/27/2002,RYN,AZ,AWP,WE,Federal Contract Tower,0,0,1,0,1,0,0,61,0,61,0,0,62,0,62,78,0,78,140
10/28/2002,RYN,AZ,AWP,WE,Federal Contract Tower,0,0,3,0,3,0,0,102,11,113,0,0,105,11,116,246,0,246,362
10/29/2002,RYN,AZ,AWP,WE,Federal Contract Tower,0,0,0,0,0,0,0,183,2,185,0,0,183,2,185,281,2,283,468
10/30/2002,RYN,AZ,AWP,WE,Federal Contract Tower,0,0,3,0,3,0,0,171,0,171,0,0,174,0,174,322,0,322,496
10/31/2002,RYN,AZ,AWP,WE,Federal Contract Tower,0,0,0,0,0,0,0,137,2,139,0,0,137,2,139,190,0,190,329
11/01/2002,RYN,AZ,AWP,WE,Federal Contract Tower,0,0,2,0,2,0,0,96,0,96,0,0,98,0,98,194,0,194,292
11/02/2002,RYN,AZ,AWP,WE,Federal Contract Tower,0,0,2,0,2,0,0,165,0,165,0,0,167,0,167,292,0,292,459
11/03/2002,RYN,AZ,AWP,WE,Federal Contract Tower,0,0,1,0,1,0,0,133,0,133,0,0,134,0,134,249,0,249,383
11/04/2002,RYN,AZ,AWP,WE,Federal Contract Tower,0,0,2,0,2,0,0,122,2,124,0,0,124,2,126,276,0,276,402
11/05/2002,RYN,AZ,AWP,WE,Federal Contract Tower,0,0,3,0,3,0,0,134,5,139,0,0,137,5,142,270,6,276,418
11/06/2002,RYN,AZ,AWP,WE,Federal Contract Tower,0,0,5,0,5,0,0,109,0,109,0,0,114,0,114,314,9,323,437
11/07/2002,RYN,AZ,AWP,WE,Federal Contract Tower,0,0,2,2,4,0,0,105,3,108,0,0,107,5,112,278,3,281,393
11/08/2002,RYN,AZ,AWP,WE,Federal Contract Tower,0,0,5,0,5,0,0,92,0,92,0,0,97,0,97,293,0,293,390
11/09/2002,RYN,AZ,AWP,WE,Federal Contract Tower,0,0,0,0,0,0,0,146,0,146,0,0,146,0,146,318,0,318,464
11/10/2002,RYN,AZ,AWP,WE,Federal Contract Tower,0,0,3,0,3,0,0,141,0,141,0,0,144,0,144,221,0,221,365
11/11/2002,RYN,AZ,AWP,WE,Federal Contract Tower,0,0,0,0,0,0,0,114,0,114,0,0,114,0,114,210,2,212,326
11/12/2002,RYN,AZ,AWP,WE,Federal Contract Tower,0,0,0,0,0,0,0,65,0,65,0,0,65,0,65,138,0,138,203
11/13/2002,RYN,AZ,AWP,WE,Federal Contract Tower,0,0,3,0,3,0,0,136,1,137,0,0,139,1,140,289,1,290,430
11/14/2002,RYN,AZ,AWP,WE,Federal Contract Tower,0,0,9,0,9,0,0,132,0,132,0,0,141,0,141,266,0,266,407
11/15/2002,RYN,AZ,AWP,WE,Federal Contract Tower,0,0,8,0,8,0,0,109,0,109,0,0,117,0,117,182,0,182,299
11/16/2002,RYN,AZ,AWP,WE,Federal Contract Tower,0,0,0,0,0,0,0,120,0,120,0,0,120,0,120,166,0,166,286
11/17/2002,RYN,AZ,AWP,WE,Federal Contract Tower,0,0,1,0,1,0,0,140,0,140,0,0,141,0,141,222,0,222,363
11/18/2002,RYN,AZ,AWP,WE,Federal Contract Tower,0,0,1,0,1,0,0,125,2,127,0,0,126,2,128,266,2,268,396
11/19/2002,RYN,AZ,AWP,WE,Federal Contract Tower,0,0,2,0,2,0,0,182,10,192,0,0,184,10,194,265,0,265,459
11/20/2002,RYN,AZ,AWP,WE,Federal Contract Tower,0,0,4,0,4,0,0,86,4,90,0,0,90,4,94,177,4,181,275
11/21/2002,RYN,AZ,AWP,WE,Federal Contract Tower,0,0,3,0,3,0,0,98,0,98,0,0,101,0,101,183,0,183,284
11/22/2002,RYN,AZ,AWP,WE,Federal Contract Tower,0,0,1,0,1,0,0,138,1,139,0,0,139,1,140,298,2,300,440
11/23/2002,RYN,AZ,AWP,WE,Federal Contract Tower,0,0,3,0,3,0,0,163,0,163,0,0,166,0,166,240,0,240,406
11/24/2002,RYN,AZ,AWP,WE,Federal Contract Tower,0,0,1,0,1,0,0,134,0,134,0,0,135,0,135,358,0,358,493
11/25/2002,RYN,AZ,AWP,WE,Federal Contract Tower,0,0,3,0,3,0,0,114,5,119,0,0,117,5,122,222,9,231,353
11/26/2002,RYN,AZ,AWP,WE,Federal Contract Tower,0,0,2,0,2,0,0,52,17,69,0,0,54,17,71,75,5,80,151
11/27/2002,RYN,AZ,AWP,WE,Federal Contract Tower,0,0,0,1,1,0,0,62,1,63,0,0,62,2,64,71,3,74,138
11/28/2002,RYN,AZ,AWP,WE,Federal Contract Tower,0,0,1,0,1,0,0,25,0,25,0,0,26,0,26,21,0,21,47
11/29/2002,RYN,AZ,AWP,WE,Federal Contract Tower,0,0,15,0,15,0,0,35,0,35,0,0,50,0,50,56,0,56,106
11/30/2002,RYN,AZ,AWP,WE,Federal Contract Tower,0,0,6,0,6,0,0,113,0,113,0,0,119,0,119,232,0,232,351
12/01/2002,RYN,AZ,AWP,WE,Federal Contract Tower,0,0,3,0,3,0,0,144,0,144,0,0,147,0,147,179,4,183,330
12/02/2002,RYN,AZ,AWP,WE,Federal Contract Tower,0,0,0,0,0,0,0,103,7,110,0,0,103,7,110,248,6,254,364
12/03/2002,RYN,AZ,AWP,WE,Federal Contract Tower,0,0,13,0,13,0,0,129,1,130,0,0,142,1,143,239,1,240,383
12/04/2002,RYN,AZ,AWP,WE,Federal Contract Tower,0,0,0,0,0,0,0,129,0,129,0,0,129,0,129,217,0,217,346
12/05/2002,RYN,AZ,AWP,WE,Federal Contract Tower,0,0,5,0,5,0,0,149,2,151,0,0,154,2,156,246,2,248,404
12/06/2002,RYN,AZ,AWP,WE,Federal Contract Tower,0,0,6,0,6,0,0,180,2,182,0,0,186,2,188,370,0,370,558
12/07/2002,RYN,AZ,AWP,WE,Federal Contract Tower,0,0,3,0,3,0,0,169,0,169,0,0,172,0,172,234,0,234,406
12/08/2002,RYN,AZ,AWP,WE,Federal Contract Tower,0,0,3,0,3,0,0,138,0,138,0,0,141,0,141,272,0,272,413
12/09/2002,RYN,AZ,AWP,WE,Federal Contract Tower,0,0,8,0,8,0,0,115,2,117,0,0,123,2,125,228,2,230,355
12/10/2002,RYN,AZ,AWP,WE,Federal Contract Tower,0,0,0,0,0,0,0,119,0,119,0,0,119,0,119,286,0,286,405
12/11/2002,RYN,AZ,AWP,WE,Federal Contract Tower,0,0,1,0,1,0,0,148,6,154,0,0,149,6,155,318,4,322,477
12/12/2002,RYN,AZ,AWP,WE,Federal Contract Tower,0,0,0,0,0,0,0,122,0,122,0,0,122,0,122,324,6,330,452
12/13/2002,RYN,AZ,AWP,WE,Federal Contract Tower,0,0,4,0,4,0,0,120,0,120,0,0,124,0,124,318,0,318,442
12/14/2002,RYN,AZ,AWP,WE,Federal Contract Tower,0,0,4,0,4,0,0,246,0,246,0,0,250,0,250,278,0,278,528
12/15/2002,RYN,AZ,AWP,WE,Federal Contract Tower,0,0,3,0,3,0,0,165,0,165,0,0,168,0,168,303,0,303,471
12/16/2002,RYN,AZ,AWP,WE,Federal Contract Tower,0,0,1,0,1,0,0,128,4,132,0,0,129,4,133,164,16,180,313
12/17/2002,RYN,AZ,AWP,WE,Federal Contract Tower,0,0,4,0,4,0,0,31,1,32,0,0,35,1,36,65,2,67,103
12/18/2002,RYN,AZ,AWP,WE,Federal Contract Tower,0,0,3,0,3,0,0,69,3,72,0,0,72,3,75,156,1,157,232
12/19/2002,RYN,AZ,AWP,WE,Federal Contract Tower,0,0,0,0,0,0,0,110,2,112,0,0,110,2,112,321,0,321,433
12/20/2002,RYN,AZ,AWP,WE,Federal Contract Tower,0,0,1,0,1,0,0,78,0,78,0,0,79,0,79,206,0,206,285
12/21/2002,RYN,AZ,AWP,WE,Federal Contract Tower,0,0,3,0,3,0,0,88,0,88,0,0,91,0,91,270,0,270,361
12/22/2002,RYN,AZ,AWP,WE,Federal Contract Tower,0,0,2,0,2,0,0,71,1,72,0,0,73,1,74,87,0,87,161
12/23/2002,RYN,AZ,AWP,WE,Federal Contract Tower,0,0,5,0,5,0,0,15,2,17,0,0,20,2,22,28,0,28,50
12/24/2002,RYN,AZ,AWP,WE,Federal Contract Tower,0,0,1,0,1,0,0,85,0,85,0,0,86,0,86,59,0,59,145
12/25/2002,RYN,AZ,AWP,WE,Federal Contract Tower,0,0,0,0,0,0,0,25,0,25,0,0,25,0,25,12,0,12,37
12/26/2002,RYN,AZ,AWP,WE,Federal Contract Tower,0,0,0,0,0,0,0,127,2,129,0,0,127,2,129,210,0,210,339
12/27/2002,RYN,AZ,AWP,WE,Federal Contract Tower,0,0,2,0,2,0,0,96,0,96,0,0,98,0,98,208,0,208,306
12/28/2002,RYN,AZ,AWP,WE,Federal Contract Tower,0,0,4,0,4,0,0,183,0,183,0,0,187,0,187,262,0,262,449
12/29/2002,RYN,AZ,AWP,WE,Federal Contract Tower,0,0,0,0,0,0,0,57,0,57,0,0,57,0,57,65,0,65,122
12/30/2002,RYN,AZ,AWP,WE,Federal Contract Tower,0,0,0,0,0,0,0,137,8,145,0,0,137,8,145,270,0,270,415
12/31/2002,RYN,AZ,AWP,WE,Federal Contract Tower,0,0,0,0,0,0,0,115,2,117,0,0,115,2,117,279,0,279,396
01/01/2003,RYN,AZ,AWP,WE,Federal Contract Tower,0,0,0,0,0,0,0,58,0,58,0,0,58,0,58,61,0,61,119
01/02/2003,RYN,AZ,AWP,WE,Federal Contract Tower,0,0,0,0,0,0,0,59,0,59,0,0,59,0,59,78,0,78,137
01/03/2003,RYN,AZ,AWP,WE,Federal Contract Tower,0,0,1,1,2,0,0,105,2,107,0,0,106,3,109,218,0,218,327
01/04/2003,RYN,AZ,AWP,WE,Federal Contract Tower,0,0,0,0,0,0,0,138,0,138,0,0,138,0,138,348,0,348,486
01/05/2003,RYN,AZ,AWP,WE,Federal Contract Tower,0,0,1,0,1,0,0,137,0,137,0,0,138,0,138,225,0,225,363
01/06/2003,RYN,AZ,AWP,WE,Federal Contract Tower,0,0,1,0,1,0,0,73,1,74,0,0,74,1,75,182,1,183,258
01/07/2003,RYN,AZ,AWP,WE,Federal Contract Tower,0,0,1,0,1,0,0,21,0,21,0,0,22,0,22,8,0,8,30
01/08/2003,RYN,AZ,AWP,WE,Federal Contract Tower,0,0,3,0,3,0,0,119,0,119,0,0,122,0,122,155,0,155,277
01/09/2003,RYN,AZ,AWP,WE,Federal Contract Tower,0,0,3,6,9,0,0,162,0,162,0,0,165,6,171,312,0,312,483
01/10/2003,RYN,AZ,AWP,WE,Federal Contract Tower,0,0,3,0,3,0,1,141,0,142,0,1,144,0,145,252,0,252,397
01/11/2003,RYN,AZ,AWP,WE,Federal Contract Tower,0,0,2,0,2,0,0,195,0,195,0,0,197,0,197,350,0,350,547
01/12/2003,RYN,AZ,AWP,WE,Federal Contract Tower,0,0,0,0,0,0,0,130,0,130,0,0,130,0,130,190,0,190,320
01/13/2003,RYN,AZ,AWP,WE,Federal Contract Tower,0,0,5,0,5,0,0,79,0,79,0,0,84,0,84,190,2,192,276
01/14/2003,RYN,AZ,AWP,WE,Federal Contract Tower,0,0,0,0,0,0,0,119,2,121,0,0,119,2,121,260,2,262,383
01/15/2003,RYN,AZ,AWP,WE,Federal Contract Tower,0,0,3,0,3,0,6,146,9,161,0,6,149,9,164,287,3,290,454
01/16/2003,RYN,AZ,AWP,WE,Federal Contract Tower,0,0,3,0,3,0,0,131,0,131,0,0,134,0,134,242,22,264,398
01/17/2003,RYN,AZ,AWP,WE,Federal Contract Tower,0,0,2,0,2,0,0,111,0,111,0,0,113,0,113,278,0,278,391
01/18/2003,RYN,AZ,AWP,WE,Federal Contract Tower,0,0,0,0,0,0,0,233,0,233,0,0,233,0,233,312,0,312,545
01/19/2003,RYN,AZ,AWP,WE,Federal Contract Tower,0,0,0,0,0,0,0,101,0,101,0,0,101,0,101,144,0,144,245
01/20/2003,RYN,AZ,AWP,WE,Federal Contract Tower,0,0,4,0,4,0,0,105,0,105,0,0,109,0,109,176,0,176,285
01/21/2003,RYN,AZ,AWP,WE,Federal Contract Tower,0,0,2,0,2,0,0,122,1,123,0,0,124,1,125,235,1,236,361
01/22/2003,RYN,AZ,AWP,WE,Federal Contract Tower,0,0,4,0,4,0,0,192,0,192,0,0,196,0,196,435,0,435,631
01/23/2003,RYN,AZ,AWP,WE,Federal Contract Tower,0,0,7,0,7,0,0,98,12,110,0,0,105,12,117,222,4,226,343
01/24/2003,RYN,AZ,AWP,WE,Federal Contract Tower,0,0,3,0,3,0,0,106,0,106,0,0,109,0,109,310,0,310,419
01/25/2003,RYN,AZ,AWP,WE,Federal Contract Tower,0,0,2,0,2,0,0,154,0,154,0,0,156,0,156,297,0,297,453
01/26/2003,RYN,AZ,AWP,WE,Federal Contract Tower,0,0,3,0,3,0,0,144,0,144,0,0,147,0,147,192,0,192,339
01/27/2003,RYN,AZ,AWP,WE,Federal Contract Tower,0,0,1,0,1,0,0,158,0,158,0,0,159,0,159,268,0,268,427
01/28/2003,RYN,AZ,AWP,WE,Federal Contract Tower,0,0,3,0,3,0,0,117,0,117,0,0,120,0,120,232,0,232,352
01/29/2003,RYN,AZ,AWP,WE,Federal Contract Tower,0,0,1,2,3,0,0,148,4,152,0,0,149,6,155,225,0,225,380
01/30/2003,RYN,AZ,AWP,WE,Federal Contract Tower,0,0,4,0,4,0,0,138,0,138,0,0,142,0,142,284,20,304,446
01/31/2003,RYN,AZ,AWP,WE,Federal Contract Tower,0,0,1,0,1,0,0,126,2,128,0,0,127,2,129,256,4,260,389
02/01/2003,RYN,AZ,AWP,WE,Federal Contract Tower,0,0,1,0,1,0,0,196,0,196,0,0,197,0,197,271,0,271,468
02/02/2003,RYN,AZ,AWP,WE,Federal Contract Tower,0,0,2,0,2,0,0,77,0,77,0,0,79,0,79,152,0,152,231
02/03/2003,RYN,AZ,AWP,WE,Federal Contract Tower,0,0,2,0,2,0,0,98,14,112,0,0,100,14,114,262,0,262,376
02/04/2003,RYN,AZ,AWP,WE,Federal Contract Tower,0,0,4,0,4,0,0,95,11,106,0,0,99,11,110,211,0,211,321
02/05/2003,RYN,AZ,AWP,WE,Federal Contract Tower,0,0,6,0,6,0,0,106,6,112,0,0,112,6,118,204,4,208,326
02/06/2003,RYN,AZ,AWP,WE,Federal Contract Tower,0,0,4,0,4,0,0,142,2,144,0,0,146,2,148,264,0,264,412
02/07/2003,RYN,AZ,AWP,WE,Federal Contract Tower,0,0,1,0,1,0,0,110,2,112,0,0,111,2,113,234,0,234,347
02/08/2003,RYN,AZ,AWP,WE,Federal Contract Tower,0,0,0,0,0,0,0,120,0,120,0,0,120,0,120,222,0,222,342
02/09/2003,RYN,AZ,AWP,WE,Federal Contract Tower,0,0,2,0,2,0,0,140,0,140,0,0,142,0,142,252,0,252,394
02/10/2003,RYN,AZ,AWP,WE,Federal Contract Tower,0,0,4,0,4,0,0,88,2,90,0,0,92,2,94,222,0,222,316
02/11/2003,RYN,AZ,AWP,WE,Federal Contract Tower,0,0,3,0,3,0,0,148,10,158,0,0,151,10,161,259,2,261,422
02/12/2003,RYN,AZ,AWP,WE,Federal Contract Tower,0,0,3,0,3,0,0,119,0,119,0,0,122,0,122,226,0,226,348
02/13/2003,RYN,AZ,AWP,WE,Federal Contract Tower,0,0,5,0,5,0,0,36,6,42,0,0,41,6,47,37,2,39,86
02/14/2003,RYN,AZ,AWP,WE,Federal Contract Tower,0,0,11,0,11,0,0,25,0,25,0,0,36,0,36,62,0,62,98
02/15/2003,RYN,AZ,AWP,WE,Federal Contract Tower,0,0,8,0,8,0,0,143,0,143,0,0,151,0,151,161,0,161,312
02/16/2003,RYN,AZ,AWP,WE,Federal Contract Tower,0,0,2,0,2,0,0,133,0,133,0,0,135,0,135,233,0,233,368
02/17/2003,RYN,AZ,AWP,WE,Federal Contract Tower,0,0,2,0,2,0,0,175,0,175,0,0,177,0,177,304,0,304,481
02/18/2003,RYN,AZ,AWP,WE,Federal Contract Tower,0,0,2,2,4,0,0,134,1,135,0,0,136,3,139,305,2,307,446
02/19/2003,RYN,AZ,AWP,WE,Federal Contract Tower,0,0,1,0,1,0,0,124,2,126,0,0,125,2,127,237,0,237,364
02/20/2003,RYN,AZ,AWP,WE,Federal Contract Tower,0,0,3,0,3,0,0,98,4,102,0,0,101,4,105,207,0,207,312
02/21/2003,RYN,AZ,AWP,WE,Federal Contract Tower,0,0,6,0,6,0,0,158,0,158,0,0,164,0,164,272,4,276,440
02/22/2003,RYN,AZ,AWP,WE,Federal Contract Tower,0,0,2,0,2,0,0,158,0,158,0,0,160,0,160,230,0,230,390
02/23/2003,RYN,AZ,AWP,WE,Federal Contract Tower,0,0,2,0,2,0,0,81,0,81,0,0,83,0,83,142,0,142,225
02/24/2003,RYN,AZ,AWP,WE,Federal Contract Tower,0,0,4,0,4,0,0,88,0,88,0,0,92,0,92,234,2,236,328
02/25/2003,RYN,AZ,AWP,WE,Federal Contract Tower,0,0,0,0,0,0,0,57,2,59,0,0,57,2,59,63,0,63,122
02/26/2003,RYN,AZ,AWP,WE,Federal Contract Tower,0,0,7,1,8,0,0,66,5,71,0,0,73,6,79,143,4,147,226
02/27/2003,RYN,AZ,AWP,WE,Federal Contract Tower,0,0,7,0,7,0,0,112,0,112,0,0,119,0,119,246,0,246,365
02/28/2003,RYN,AZ,AWP,WE,Federal Contract Tower,0,0,1,0,1,0,0,90,0,90,0,0,91,0,91,200,2,202,293
03/01/2003,RYN,AZ,AWP,WE,Federal Contract Tower,0,0,3,0,3,0,0,381,0,381,0,0,384,0,384,304,0,304,688
03/02/2003,RYN,AZ,AWP,WE,Federal Contract Tower,0,0,0,0,0,0,0,48,18,66,0,0,48,18,66,118,0,118,184
03/03/2003,RYN,AZ,AWP,WE,Federal Contract Tower,0,0,3,0,3,0,0,130,4,134,0,0,133,4,137,276,2,278,415
03/04/2003,RYN,AZ,AWP,WE,Federal Contract Tower,0,0,0,0,0,0,0,117,6,123,0,0,117,6,123,263,0,263,386
03/05/2003,RYN,AZ,AWP,WE,Federal Contract Tower,0,0,2,0,2,0,0,127,20,147,0,0,129,20,149,170,2,172,321
03/06/2003,RYN,AZ,AWP,WE,Federal Contract Tower,0,0,5,0,5,0,4,185,10,199,0,4,190,10,204,322,2,324,528
03/07/2003,RYN,AZ,AWP,WE,Federal Contract Tower,0,0,0,0,0,0,2,136,0,138,0,2,136,0,138,186,0,186,324
03/08/2003,RYN,AZ,AWP,WE,Federal Contract Tower,0,0,2,0,2,0,0,192,0,192,0,0,194,0,194,244,0,244,438
03/09/2003,RYN,AZ,AWP,WE,Federal Contract Tower,0,0,3,0,3,0,0,105,0,105,0,0,108,0,108,215,0,215,323
03/10/2003,RYN,AZ,AWP,WE,Federal Contract Tower,0,0,1,0,1,0,0,129,4,133,0,0,130,4,134,192,0,192,326
03/11/2003,RYN,AZ,AWP,WE,Federal Contract Tower,0,0,3,0,3,0,0,149,6,155,0,0,152,6,158,311,0,311,469
03/12/2003,RYN,AZ,AWP,WE,Federal Contract Tower,0,0,5,0,5,0,0,119,0,119,0,0,124,0,124,298,0,298,422
03/13/2003,RYN,AZ,AWP,WE,Federal Contract Tower,0,0,0,0,0,0,0,150,5,155,0,0,150,5,155,197,2,199,354
03/14/2003,RYN,AZ,AWP,WE,Federal Contract Tower,0,0,1,0,1,0,0,146,0,146,0,0,147,0,147,236,0,236,383
03/15/2003,RYN,AZ,AWP,WE,Federal Contract Tower,0,0,1,0,1,0,0,177,0,177,0,0,178,0,178,172,0,172,350
03/16/2003,RYN,AZ,AWP,WE,Federal Contract Tower,0,0,7,0,7,0,0,29,6,35,0,0,36,6,42,60,0,60,102
03/17/2003,RYN,AZ,AWP,WE,Federal Contract Tower,0,0,5,0,5,0,0,55,3,58,0,0,60,3,63,156,0,156,219
03/18/2003,RYN,AZ,AWP,WE,Federal Contract Tower,0,0,1,0,1,0,0,38,6,44,0,0,39,6,45,87,0,87,132
03/19/2003,RYN,AZ,AWP,WE,Federal Contract Tower,0,0,0,0,0,0,0,122,0,122,0,0,122,0,122,262,0,262,384
03/20/2003,RYN,AZ,AWP,WE,Federal Contract Tower,0,0,6,0,6,0,0,107,4,111,0,0,113,4,117,224,10,234,351
03/21/2003,RYN,AZ,AWP,WE,Federal Contract Tower,0,0,6,0,6,0,0,118,0,118,0,0,124,0,124,192,0,192,316
03/22/2003,RYN,AZ,AWP,WE,Federal Contract Tower,0,0,0,0,0,0,0,252,0,252,0,0,252,0,252,248,0,248,500
03/23/2003,RYN,AZ,AWP,WE,Federal Contract Tower,0,0,0,0,0,0,0,122,0,122,0,0,122,0,122,191,0,191,313
03/24/2003,RYN,AZ,AWP,WE,Federal Contract Tower,0,0,1,0,1,0,0,138,0,138,0,0,139,0,139,190,0,190,329
03/25/2003,RYN,AZ,AWP,WE,Federal Contract Tower,0,0,2,0,2,0,0,148,8,156,0,0,150,8,158,218,3,221,379
03/26/2003,RYN,AZ,AWP,WE,Federal Contract Tower,0,0,2,0,2,0,0,111,6,117,0,0,113,6,119,230,0,230,349
03/27/2003,RYN,AZ,AWP,WE,Federal Contract Tower,0,0,0,0,0,0,0,44,3,47,0,0,44,3,47,84,26,110,157
03/28/2003,RYN,AZ,AWP,WE,Federal Contract Tower,0,0,2,0,2,0,0,151,0,151,0,0,153,0,153,276,0,276,429
03/29/2003,RYN,AZ,AWP,WE,Federal Contract Tower,0,0,1,0,1,0,0,49,0,49,0,0,50,0,50,70,0,70,120
03/30/2003,RYN,AZ,AWP,WE,Federal Contract Tower,0,0,2,0,2,0,0,69,0,69,0,0,71,0,71,62,0,62,133
03/31/2003,RYN,AZ,AWP,WE,Federal Contract Tower,0,0,1,0,1,0,0,166,0,166,0,0,167,0,167,249,0,249,416
04/01/2003,RYN,AZ,AWP,WE,Federal Contract Tower,0,0,4,0,4,0,0,119,4,123,0,0,123,4,127,208,4,212,339
04/02/2003,RYN,AZ,AWP,WE,Federal Contract Tower,0,0,3,0,3,0,0,91,2,93,0,0,94,2,96,152,0,152,248
04/03/2003,RYN,AZ,AWP,WE,Federal Contract Tower,0,0,3,0,3,0,0,82,0,82,0,0,85,0,85,258,24,282,367
04/04/2003,RYN,AZ,AWP,WE,Federal Contract Tower,0,0,4,0,4,0,0,135,0,135,0,0,139,0,139,312,0,312,451
04/05/2003,RYN,AZ,AWP,WE,Federal Contract Tower,0,0,0,0,0,0,0,135,0,135,0,0,135,0,135,120,0,120,255
04/06/2003,RYN,AZ,AWP,WE,Federal Contract Tower,0,0,0,0,0,0,0,127,4,131,0,0,127,4,131,248,0,248,379
04/07/2003,RYN,AZ,AWP,WE,Federal Contract Tower,0,0,2,0,2,0,0,161,0,161,0,0,163,0,163,292,0,292,455
04/08/2003,RYN,AZ,AWP,WE,Federal Contract Tower,0,0,0,0,0,0,0,63,4,67,0,0,63,4,67,80,0,80,147
04/09/2003,RYN,AZ,AWP,WE,Federal Contract Tower,0,0,0,0,0,0,0,87,6,93,0,0,87,6,93,88,0,88,181
04/10/2003,RYN,AZ,AWP,WE,Federal Contract Tower,0,0,13,0,13,0,0,134,3,137,0,0,147,3,150,264,2,266,416
04/11/2003,RYN,AZ,AWP,WE,Federal Contract Tower,0,0,4,0,4,0,0,132,0,132,0,0,136,0,136,346,0,346,482
04/12/2003,RYN,AZ,AWP,WE,Federal Contract Tower,0,0,1,0,1,0,0,175,0,175,0,0,176,0,176,226,0,226,402
04/13/2003,RYN,AZ,AWP,WE,Federal Contract Tower,0,0,1,0,1,0,0,84,0,84,0,0,85,0,85,138,0,138,223
04/14/2003,RYN,AZ,AWP,WE,Federal Contract Tower,0,0,0,0,0,0,0,74,0,74,0,0,74,0,74,164,0,164,238
04/15/2003,RYN,AZ,AWP,WE,Federal Contract Tower,0,0,2,0,2,0,0,32,6,38,0,0,34,6,40,40,0,40,80
04/16/2003,RYN,AZ,AWP,WE,Federal Contract Tower,0,0,4,0,4,0,0,131,0,131,0,0,135,0,135,314,0,314,449
04/17/2003,RYN,AZ,AWP,WE,Federal Contract Tower,0,0,0,0,0,0,0,116,0,116,0,0,116,0,116,166,30,196,312
04/18/2003,RYN,AZ,AWP,WE,Federal Contract Tower,0,0,3,0,3,0,0,216,0,216,0,0,219,0,219,312,0,312,531
04/19/2003,RYN,AZ,AWP,WE,Federal Contract Tower,0,0,0,0,0,0,0,249,0,249,0,0,249,0,249,324,0,324,573
04/20/2003,RYN,AZ,AWP,WE,Federal Contract Tower,0,0,1,0,1,0,0,144,0,144,0,0,145,0,145,170,0,170,315
04/21/2003,RYN,AZ,AWP,WE,Federal Contract Tower,0,0,4,0,4,0,0,130,2,132,0,0,134,2,136,148,0,148,284
04/22/2003,RYN,AZ,AWP,WE,Federal Contract Tower,0,0,2,0,2,0,0,67,8,75,0,0,69,8,77,126,8,134,211
04/23/2003,RYN,AZ,AWP,WE,Federal Contract Tower,0,0,1,0,1,0,0,159,6,165,0,0,160,6,166,266,0,266,432
04/24/2003,RYN,AZ,AWP,WE,Federal Contract Tower,0,0,2,0,2,0,0,227,6,233,0,0,229,6,235,308,0,308,543
04/25/2003,RYN,AZ,AWP,WE,Federal Contract Tower,0,0,3,0,3,0,0,162,4,166,0,0,165,4,169,282,4,286,455
04/26/2003,RYN,AZ,AWP,WE,Federal Contract Tower,0,0,1,0,1,0,0,210,0,210,0,0,211,0,211,238,0,238,449
04/27/2003,RYN,AZ,AWP,WE,Federal Contract Tower,0,0,2,0,2,0,0,136,18,154,0,0,138,18,156,152,0,152,308
04/28/2003,RYN,AZ,AWP,WE,Federal Contract Tower,0,0,0,0,0,0,0,126,8,134,0,0,126,8,134,184,2,186,320
04/29/2003,RYN,AZ,AWP,WE,Federal Contract Tower,0,0,5,0,5,0,0,114,10,124,0,0,119,10,129,213,20,233,362
04/30/2003,RYN,AZ,AWP,WE,Federal Contract Tower,0,0,0,0,0,0,0,110,4,114,0,0,110,4,114,246,0,246,360
05/01/2003,RYN,AZ,AWP,WE,Federal Contract Tower,0,0,0,0,0,0,0,126,2,128,0,0,126,2,128,287,0,287,415
05/02/2003,RYN,AZ,AWP,WE,Federal Contract Tower,0,0,5,0,5,0,0,131,6,137,0,0,136,6,142,192,0,192,334
05/03/2003,RYN,AZ,AWP,WE,Federal Contract Tower,0,0,4,0,4,0,0,86,0,86,0,0,90,0,90,164,0,164,254
05/04/2003,RYN,AZ,AWP,WE,Federal Contract Tower,0,0,4,0,4,0,0,119,8,127,0,0,123,8,131,172,0,172,303
05/05/2003,RYN,AZ,AWP,WE,Federal Contract Tower,0,0,2,0,2,0,0,104,6,110,0,0,106,6,112,164,0,164,276
05/06/2003,RYN,AZ,AWP,WE,Federal Contract Tower,0,0,3,0,3,0,0,138,40,178,0,0,141,40,181,226,25,251,432
05/07/2003,RYN,AZ,AWP,WE,Federal Contract Tower,0,0,1,0,1,0,0,101,4,105,0,0,102,4,106,173,0,173,279
05/08/2003,RYN,AZ,AWP,WE,Federal Contract Tower,0,0,2,0,2,0,0,182,10,192,0,0,184,10,194,307,26,333,527
05/09/2003,RYN,AZ,AWP,WE,Federal Contract Tower,0,0,2,0,2,0,0,128,0,128,0,0,130,0,130,202,0,202,332
05/10/2003,RYN,AZ,AWP,WE,Federal Contract Tower,0,0,1,0,1,0,0,183,2,185,0,0,184,2,186,252,0,252,438
05/11/2003,RYN,AZ,AWP,WE,Federal Contract Tower,0,0,2,0,2,0,0,140,0,140,0,0,142,0,142,270,0,270,412
05/12/2003,RYN,AZ,AWP,WE,Federal Contract Tower,0,0,5,0,5,0,0,162,0,162,0,0,167,0,167,178,0,178,345
05/13/2003,RYN,AZ,AWP,WE,Federal Contract Tower,0,0,1,0,1,0,0,142,0,142,0,0,143,0,143,319,0,319,462
05/14/2003,RYN,AZ,AWP,WE,Federal Contract Tower,0,0,4,0,4,0,0,146,13,159,0,0,150,13,163,339,4,343,506
05/15/2003,RYN,AZ,AWP,WE,Federal Contract Tower,0,0,2,0,2,0,0,157,10,167,0,0,159,10,169,237,4,241,410
05/16/2003,RYN,AZ,AWP,WE,Federal Contract Tower,0,0,1,0,1,0,0,138,0,138,0,0,139,0,139,236,0,236,375
05/17/2003,RYN,AZ,AWP,WE,Federal Contract Tower,0,0,1,0,1,0,0,127,3,130,0,0,128,3,131,160,0,160,291
05/18/2003,RYN,AZ,AWP,WE,Federal Contract Tower,0,0,0,0,0,0,0,126,0,126,0,0,126,0,126,190,0,190,316
05/19/2003,RYN,AZ,AWP,WE,Federal Contract Tower,0,0,1,0,1,0,0,110,6,116,0,0,111,6,117,132,6,138,255
05/20/2003,RYN,AZ,AWP,WE,Federal Contract Tower,0,0,2,0,2,0,0,111,7,118,0,0,113,7,120,235,5,240,360
05/21/2003,RYN,AZ,AWP,WE,Federal Contract Tower,0,0,1,0,1,0,0,115,6,121,0,0,116,6,122,201,0,201,323
05/22/2003,RYN,AZ,AWP,WE,Federal Contract Tower,0,0,2,0,2,0,0,122,2,124,0,0,124,2,126,194,4,198,324
05/23/2003,RYN,AZ,AWP,WE,Federal Contract Tower,0,0,0,0,0,0,0,117,0,117,0,0,117,0,117,204,0,204,321
05/24/2003,RYN,AZ,AWP,WE,Federal Contract Tower,0,0,1,0,1,0,0,233,0,233,0,0,234,0,234,288,0,288,522
05/25/2003,RYN,AZ,AWP,WE,Federal Contract Tower,0,0,0,0,0,0,0,115,0,115,0,0,115,0,115,202,0,202,317
05/26/2003,RYN,AZ,AWP,WE,Federal Contract Tower,0,0,0,0,0,0,0,178,16,194,0,0,178,16,194,118,0,118,312
05/27/2003,RYN,AZ,AWP,WE,Federal Contract Tower,0,0,1,0,1,0,0,91,2,93,0,0,92,2,94,203,0,203,297
05/28/2003,RYN,AZ,AWP,WE,Federal Contract Tower,0,0,1,0,1,0,0,114,3,117,0,0,115,3,118,241,34,275,393
05/29/2003,RYN,AZ,AWP,WE,Federal Contract Tower,0,0,0,0,0,0,0,76,8,84,0,0,76,8,84,96,0,96,180
05/30/2003,RYN,AZ,AWP,WE,Federal Contract Tower,0,0,4,0,4,0,0,76,2,78,0,0,80,2,82,147,0,147,229
05/31/2003,RYN,AZ,AWP,WE,Federal Contract Tower,0,0,1,0,1,0,0,141,0,141,0,0,142,0,142,184,0,184,326
06/01/2003,RYN,AZ,AWP,WE,Federal Contract Tower,0,0,1,0,1,0,0,140,0,140,0,0,141,0,141,224,0,224,365
06/02/2003,RYN,AZ,AWP,WE,Federal Contract Tower,0,0,2,0,2,0,0,106,0,106,0,0,108,0,108,158,0,158,266
06/03/2003,RYN,AZ,AWP,WE,Federal Contract Tower,0,0,5,0,5,0,0,112,0,112,0,0,117,0,117,223,0,223,340
06/04/2003,RYN,AZ,AWP,WE,Federal Contract Tower,0,0,5,0,5,0,0,167,0,167,0,0,172,0,172,281,0,281,453
06/05/2003,RYN,AZ,AWP,WE,Federal Contract Tower,0,0,1,0,1,0,0,133,6,139,0,0,134,6,140,248,0,248,388
06/06/2003,RYN,AZ,AWP,WE,Federal Contract Tower,0,0,2,0,2,0,0,129,0,129,0,0,131,0,131,152,2,154,285
06/07/2003,RYN,AZ,AWP,WE,Federal Contract Tower,0,0,2,0,2,0,0,119,0,119,0,0,121,0,121,178,0,178,299
06/08/2003,RYN,AZ,AWP,WE,Federal Contract Tower,0,0,2,2,4,0,0,138,3,141,0,0,140,5,145,202,0,202,347
06/09/2003,RYN,AZ,AWP,WE,Federal Contract Tower,0,0,1,0,1,0,0,86,0,86,0,0,87,0,87,168,0,168,255
06/10/2003,RYN,AZ,AWP,WE,Federal Contract Tower,0,0,1,0,1,0,0,104,3,107,0,0,105,3,108,253,14,267,375
06/11/2003,RYN,AZ,AWP,WE,Federal Contract Tower,0,0,1,0,1,0,0,127,0,127,0,0,128,0,128,201,0,201,329
06/12/2003,RYN,AZ,AWP,WE,Federal Contract Tower,0,0,0,0,0,0,0,173,8,181,0,0,173,8,181,240,2,242,423
06/13/2003,RYN,AZ,AWP,WE,Federal Contract Tower,0,0,2,0,2,0,0,136,6,142,0,0,138,6,144,154,0,154,298
06/14/2003,RYN,AZ,AWP,WE,Federal Contract Tower,0,0,0,0,0,0,0,154,2,156,0,0,154,2,156,220,0,220,376
06/15/2003,RYN,AZ,AWP,WE,Federal Contract Tower,0,0,2,0,2,0,0,117,0,117,0,0,119,0,119,190,0,190,309
06/16/2003,RYN,AZ,AWP,WE,Federal Contract Tower,0,0,4,2,6,0,0,99,2,101,0,0,103,4,107,144,0,144,251
06/17/2003,RYN,AZ,AWP,WE,Federal Contract Tower,0,0,6,0,6,0,0,99,2,101,0,0,105,2,107,173,54,227,334
06/18/2003,RYN,AZ,AWP,WE,Federal Contract Tower,0,0,7,0,7,0,0,84,8,92,0,0,91,8,99,160,0,160,259
06/19/2003,RYN,AZ,AWP,WE,Federal Contract Tower,0,0,3,0,3,0,0,123,3,126,0,0,126,3,129,197,0,197,326
06/20/2003,RYN,AZ,AWP,WE,Federal Contract Tower,0,0,1,0,1,0,0,71,12,83,0,0,72,12,84,74,0,74,158
06/21/2003,RYN,AZ,AWP,WE,Federal Contract Tower,0,0,0,0,0,0,0,113,0,113,0,0,113,0,113,218,0,218,331
06/22/2003,RYN,AZ,AWP,WE,Federal Contract Tower,0,0,4,0,4,0,0,124,8,132,0,0,128,8,136,124,0,124,260
06/23/2003,RYN,AZ,AWP,WE,Federal Contract Tower,0,0,3,0,3,0,0,81,2,83,0,0,84,2,86,172,0,172,258
06/24/2003,RYN,AZ,AWP,WE,Federal Contract Tower,0,0,2,0,2,0,0,92,1,93,0,0,94,1,95,217,1,218,313
06/25/2003,RYN,AZ,AWP,WE,Federal Contract Tower,0,0,4,0,4,0,0,126,2,128,0,0,130,2,132,187,2,189,321
06/26/2003,RYN,AZ,AWP,WE,Federal Contract Tower,0,0,2,0,2,0,0,128,4,132,0,0,130,4,134,185,32,217,351
06/27/2003,RYN,AZ,AWP,WE,Federal Contract Tower,0,0,4,0,4,0,0,115,2,117,0,0,119,2,121,171,0,171,292
06/28/2003,RYN,AZ,AWP,WE,Federal Contract Tower,0,0,5,0,5,0,0,124,0,124,0,0,129,0,129,202,0,202,331
06/29/2003,RYN,AZ,AWP,WE,Federal Contract Tower,0,0,0,0,0,0,0,100,1,101,0,0,100,1,101,156,0,156,257
06/30/2003,RYN,AZ,AWP,WE,Federal Contract Tower,0,0,1,0,1,0,0,103,0,103,0,0,104,0,104,228,86,314,418
07/01/2003,RYN,AZ,AWP,WE,Federal Contract Tower,0,0,0,0,0,0,0,111,0,111,0,0,111,0,111,173,0,173,284
07/02/2003,RYN,AZ,AWP,WE,Federal Contract Tower,0,0,0,0,0,0,0,178,2,180,0,0,178,2,180,251,2,253,433
07/03/2003,RYN,AZ,AWP,WE,Federal Contract Tower,0,0,3,0,3,0,0,184,2,186,0,0,187,2,189,160,0,160,349
07/04/2003,RYN,AZ,AWP,WE,Federal Contract Tower,0,0,3,0,3,0,0,74,0,74,0,0,77,0,77,102,0,102,179
07/05/2003,RYN,AZ,AWP,WE,Federal Contract Tower,0,0,2,0,2,0,0,122,0,122,0,0,124,0,124,136,0,136,260
07/06/2003,RYN,AZ,AWP,WE,Federal Contract Tower,0,0,0,0,0,0,0,92,0,92,0,0,92,0,92,110,0,110,202
07/07/2003,RYN,AZ,AWP,WE,Federal Contract Tower,0,0,0,1,1,0,0,74,1,75,0,0,74,2,76,136,28,164,240
07/08/2003,RYN,AZ,AWP,WE,Federal Contract Tower,0,0,0,0,0,0,0,135,0,135,0,0,135,0,135,217,0,217,352
07/09/2003,RYN,AZ,AWP,WE,Federal Contract Tower,0,0,1,0,1,0,0,118,4,122,0,0,119,4,123,152,0,152,275
07/10/2003,RYN,AZ,AWP,WE,Federal Contract Tower,0,0,0,0,0,0,0,163,8,171,0,0,163,8,171,236,0,236,407
07/11/2003,RYN,AZ,AWP,WE,Federal Contract Tower,0,0,2,0,2,0,0,117,2,119,0,0,119,2,121,160,0,160,281
07/12/2003,RYN,AZ,AWP,WE,Federal Contract Tower,0,0,0,0,0,0,0,131,6,137,0,0,131,6,137,212,0,212,349
07/13/2003,RYN,AZ,AWP,WE,Federal Contract Tower,0,0,2,0,2,0,0,111,0,111,0,0,113,0,113,198,0,198,311
07/14/2003,RYN,AZ,AWP,WE,Federal Contract Tower,0,0,0,0,0,0,0,95,6,101,0,0,95,6,101,154,0,154,255
07/15/2003,RYN,AZ,AWP,WE,Federal Contract Tower,0,0,4,0,4,0,0,75,0,75,0,0,79,0,79,196,0,196,275
07/16/2003,RYN,AZ,AWP,WE,Federal Contract Tower,0,0,2,0,2,0,0,145,6,151,0,0,147,6,153,177,0,177,330
07/17/2003,RYN,AZ,AWP,WE,Federal Contract Tower,0,0,3,0,3,0,0,64,2,66,0,0,67,2,69,102,0,102,171
07/18/2003,RYN,AZ,AWP,WE,Federal Contract Tower,0,0,1,0,1,0,0,105,4,109,0,0,106,4,110,186,0,186,296
07/19/2003,RYN,AZ,AWP,WE,Federal Contract Tower,0,0,3,0,3,0,0,164,0,164,0,0,167,0,167,220,0,220,387
07/20/2003,RYN,AZ,AWP,WE,Federal Contract Tower,0,0,0,0,0,0,0,125,0,125,0,0,125,0,125,108,0,108,233
07/21/2003,RYN,AZ,AWP,WE,Federal Contract Tower,0,0,4,0,4,0,0,134,2,136,0,0,138,2,140,168,0,168,308
07/22/2003,RYN,AZ,AWP,WE,Federal Contract Tower,0,0,2,0,2,0,0,69,9,78,0,0,71,9,80,182,37,219,299
07/23/2003,RYN,AZ,AWP,WE,Federal Contract Tower,0,0,1,0,1,0,0,138,8,146,0,0,139,8,147,218,0,218,365
07/24/2003,RYN,AZ,AWP,WE,Federal Contract Tower,0,0,4,1,5,0,0,118,5,123,0,0,122,6,128,144,44,188,316
07/25/2003,RYN,AZ,AWP,WE,Federal Contract Tower,0,0,4,0,4,0,0,134,6,140,0,0,138,6,144,90,0,90,234
07/26/2003,RYN,AZ,AWP,WE,Federal Contract Tower,0,0,6,0,6,0,0,185,0,185,0,0,191,0,191,122,0,122,313
07/27/2003,RYN,AZ,AWP,WE,Federal Contract Tower,0,0,3,0,3,0,0,85,0,85,0,0,88,0,88,153,0,153,241
07/28/2003,RYN,AZ,AWP,WE,Federal Contract Tower,0,0,3,0,3,0,0,94,2,96,0,0,97,2,99,110,8,118,217
07/29/2003,RYN,AZ,AWP,WE,Federal Contract Tower,0,0,2,0,2,0,0,150,10,160,0,0,152,10,162,307,0,307,469
07/30/2003,RYN,AZ,AWP,WE,Federal Contract Tower,0,0,0,0,0,0,0,154,0,154,0,0,154,0,154,233,0,233,387
07/31/2003,RYN,AZ,AWP,WE,Federal Contract Tower,0,0,0,0,0,0,0,116,12,128,0,0,116,12,128,120,2,122,250
08/01/2003,RYN,AZ,AWP,WE,Federal Contract Tower,0,0,1,0,1,0,0,110,0,110,0,0,111,0,111,184,0,184,295
08/02/2003,RYN,AZ,AWP,WE,Federal Contract Tower,0,0,2,0,2,0,0,169,2,171,0,0,171,2,173,216,0,216,389
08/03/2003,RYN,AZ,AWP,WE,Federal Contract Tower,0,0,0,0,0,0,0,150,0,150,0,0,150,0,150,131,0,131,281
08/04/2003,RYN,AZ,AWP,WE,Federal Contract Tower,0,0,2,0,2,0,0,71,4,75,0,0,73,4,77,106,0,106,183
08/05/2003,RYN,AZ,AWP,WE,Federal Contract Tower,0,0,4,0,4,0,0,96,1,97,0,0,100,1,101,186,8,194,295
08/06/2003,RYN,AZ,AWP,WE,Federal Contract Tower,0,0,1,2,3,0,0,142,4,146,0,0,143,6,149,208,5,213,362
08/07/2003,RYN,AZ,AWP,WE,Federal Contract Tower,0,0,1,0,1,0,0,136,8,144,0,0,137,8,145,186,137,323,468
08/08/2003,RYN,AZ,AWP,WE,Federal Contract Tower,0,0,1,0,1,0,0,93,2,95,0,0,94,2,96,136,0,136,232
08/09/2003,RYN,AZ,AWP,WE,Federal Contract Tower,0,0,1,0,1,0,0,163,0,163,0,0,164,0,164,320,0,320,484
08/10/2003,RYN,AZ,AWP,WE,Federal Contract Tower,0,0,0,0,0,0,0,115,4,119,0,0,115,4,119,156,0,156,275
08/11/2003,RYN,AZ,AWP,WE,Federal Contract Tower,0,0,0,0,0,0,0,45,0,45,0,0,45,0,45,14,0,14,59
08/12/2003,RYN,AZ,AWP,WE,Federal Contract Tower,0,0,1,0,1,0,0,114,1,115,0,0,115,1,116,287,2,289,405
08/13/2003,RYN,AZ,AWP,WE,Federal Contract Tower,0,0,3,0,3,0,0,140,3,143,0,0,143,3,146,177,6,183,329
08/14/2003,RYN,AZ,AWP,WE,Federal Contract Tower,0,0,1,0,1,0,0,95,0,95,0,0,96,0,96,193,0,193,289
08/15/2003,RYN,AZ,AWP,WE,Federal Contract Tower,0,0,1,2,3,0,0,65,6,71,0,0,66,8,74,138,4,142,216
08/16/2003,RYN,AZ,AWP,WE,Federal Contract Tower,0,0,4,0,4,0,0,172,0,172,0,0,176,0,176,290,0,290,466
08/17/2003,RYN,AZ,AWP,WE,Federal Contract Tower,0,0,2,0,2,0,0,117,2,119,0,0,119,2,121,162,0,162,283
08/18/2003,RYN,AZ,AWP,WE,Federal Contract Tower,0,0,3,0,3,0,0,82,8,90,0,0,85,8,93,112,0,112,205
08/19/2003,RYN,AZ,AWP,WE,Federal Contract Tower,0,0,2,0,2,0,0,102,3,105,0,0,104,3,107,233,5,238,345
08/20/2003,RYN,AZ,AWP,WE,Federal Contract Tower,0,0,13,0,13,0,0,129,0,129,0,0,142,0,142,310,0,310,452
08/21/2003,RYN,AZ,AWP,WE,Federal Contract Tower,0,0,3,0,3,0,0,100,12,112,0,0,103,12,115,176,0,176,291
08/22/2003,RYN,AZ,AWP,WE,Federal Contract Tower,0,0,3,0,3,0,0,105,0,105,0,0,108,0,108,174,0,174,282
08/23/2003,RYN,AZ,AWP,WE,Federal Contract Tower,0,0,3,0,3,0,0,148,2,150,0,0,151,2,153,298,0,298,451
08/24/2003,RYN,AZ,AWP,WE,Federal Contract Tower,0,0,1,0,1,0,0,145,0,145,0,0,146,0,146,165,0,165,311
08/25/2003,RYN,AZ,AWP,WE,Federal Contract Tower,0,0,0,0,0,0,0,109,14,123,0,0,109,14,123,172,22,194,317
08/26/2003,RYN,AZ,AWP,WE,Federal Contract Tower,0,0,1,0,1,0,0,120,5,125,0,0,121,5,126,206,2,208,334
08/27/2003,RYN,AZ,AWP,WE,Federal Contract Tower,0,0,1,0,1,0,0,73,2,75,0,0,74,2,76,153,0,153,229
08/28/2003,RYN,AZ,AWP,WE,Federal Contract Tower,0,0,3,0,3,0,0,126,1,127,0,0,129,1,130,146,0,146,276
08/29/2003,RYN,AZ,AWP,WE,Federal Contract Tower,0,0,1,0,1,0,0,164,4,168,0,0,165,4,169,232,0,232,401
08/30/2003,RYN,AZ,AWP,WE,Federal Contract Tower,0,0,2,0,2,0,0,175,0,175,0,0,177,0,177,171,0,171,348
08/31/2003,RYN,AZ,AWP,WE,Federal Contract Tower,0,0,0,0,0,0,0,124,0,124,0,0,124,0,124,164,0,164,288
09/01/2003,RYN,AZ,AWP,WE,Federal Contract Tower,0,0,1,0,1,0,0,52,0,52,0,0,53,0,53,88,0,88,141
09/02/2003,RYN,AZ,AWP,WE,Federal Contract Tower,0,0,3,0,3,0,0,110,15,125,0,0,113,15,128,172,49,221,349
09/03/2003,RYN,AZ,AWP,WE,Federal Contract Tower,0,0,2,0,2,0,0,107,4,111,0,0,109,4,113,280,0,280,393
09/04/2003,RYN,AZ,AWP,WE,Federal Contract Tower,0,0,1,0,1,0,0,142,0,142,0,0,143,0,143,202,0,202,345
09/05/2003,RYN,AZ,AWP,WE,Federal Contract Tower,0,0,0,0,0,0,0,108,0,108,0,0,108,0,108,300,0,300,408
09/06/2003,RYN,AZ,AWP,WE,Federal Contract Tower,0,0,0,0,0,0,0,148,0,148,0,0,148,0,148,246,0,246,394
09/07/2003,RYN,AZ,AWP,WE,Federal Contract Tower,0,0,1,0,1,0,0,118,0,118,0,0,119,0,119,202,0,202,321
09/08/2003,RYN,AZ,AWP,WE,Federal Contract Tower,0,0,1,1,2,0,0,161,3,164,0,0,162,4,166,376,0,376,542
09/09/2003,RYN,AZ,AWP,WE,Federal Contract Tower,0,0,1,0,1,0,0,133,20,153,0,0,134,20,154,256,0,256,410
09/10/2003,RYN,AZ,AWP,WE,Federal Contract Tower,0,0,3,0,3,0,0,121,2,123,0,0,124,2,126,258,0,258,384
09/11/2003,RYN,AZ,AWP,WE,Federal Contract Tower,0,0,1,0,1,0,0,148,0,148,0,0,149,0,149,320,0,320,469
09/12/2003,RYN,AZ,AWP,WE,Federal Contract Tower,0,0,0,0,0,0,2,117,0,119,0,2,117,0,119,232,0,232,351
09/13/2003,RYN,AZ,AWP,WE,Federal Contract Tower,0,0,2,0,2,0,0,150,0,150,0,0,152,0,152,262,0,262,414
09/14/2003,RYN,AZ,AWP,WE,Federal Contract Tower,0,0,1,0,1,0,0,91,0,91,0,0,92,0,92,276,0,276,368
09/15/2003,RYN,AZ,AWP,WE,Federal Contract Tower,0,0,2,0,2,0,0,129,2,131,0,0,131,2,133,254,0,254,387
09/16/2003,RYN,AZ,AWP,WE,Federal Contract Tower,0,0,5,0,5,0,0,161,0,161,0,0,166,0,166,434,0,434,600
09/17/2003,RYN,AZ,AWP,WE,Federal Contract Tower,0,0,2,0,2,0,0,107,0,107,0,0,109,0,109,360,0,360,469
09/18/2003,RYN,AZ,AWP,WE,Federal Contract Tower,0,0,1,0,1,0,0,109,0,109,0,0,110,0,110,336,0,336,446
09/19/2003,RYN,AZ,AWP,WE,Federal Contract Tower,0,0,5,0,5,0,0,161,4,165,0,0,166,4,170,402,12,414,584
09/20/2003,RYN,AZ,AWP,WE,Federal Contract Tower,0,0,0,0,0,0,0,145,0,145,0,0,145,0,145,250,0,250,395
09/21/2003,RYN,AZ,AWP,WE,Federal Contract Tower,0,0,1,0,1,0,0,69,0,69,0,0,70,0,70,224,0,224,294
09/22/2003,RYN,AZ,AWP,WE,Federal Contract Tower,0,0,3,0,3,0,0,152,3,155,0,0,155,3,158,368,10,378,536
09/23/2003,RYN,AZ,AWP,WE,Federal Contract Tower,0,0,4,0,4,0,0,68,0,68,0,0,72,0,72,219,0,219,291
09/24/2003,RYN,AZ,AWP,WE,Federal Contract Tower,0,0,6,0,6,0,0,11,2,13,0,0,17,2,19,24,0,24,43
09/25/2003,RYN,AZ,AWP,WE,Federal Contract Tower,0,0,10,0,10,0,0,150,0,150,0,0,160,0,160,443,0,443,603
09/26/2003,RYN,AZ,AWP,WE,Federal Contract Tower,0,0,1,0,1,0,0,154,8,162,0,0,155,8,163,401,0,401,564
09/27/2003,RYN,AZ,AWP,WE,Federal Contract Tower,0,0,0,0,0,0,0,141,0,141,0,0,141,0,141,294,0,294,435
09/28/2003,RYN,AZ,AWP,WE,Federal Contract Tower,0,0,1,0,1,0,0,101,2,103,0,0,102,2,104,194,0,194,298
09/29/2003,RYN,AZ,AWP,WE,Federal Contract Tower,0,0,1,0,1,0,0,116,6,122,0,0,117,6,123,192,0,192,315
09/30/2003,RYN,AZ,AWP,WE,Federal Contract Tower,0,0,3,0,3,0,0,102,2,104,0,0,105,2,107,205,0,205,312
10/01/2003,RYN,AZ,AWP,WE,Federal Contract Tower,0,0,3,0,3,0,0,92,0,92,0,0,95,0,95,190,2,192,287
10/02/2003,RYN,AZ,AWP,WE,Federal Contract Tower,0,0,1,1,2,0,0,146,5,151,0,0,147,6,153,425,0,425,578
10/03/2003,RYN,AZ,AWP,WE,Federal Contract Tower,0,0,0,1,1,0,0,123,6,129,0,0,123,7,130,184,0,184,314
10/04/2003,RYN,AZ,AWP,WE,Federal Contract Tower,0,0,3,1,4,0,0,111,1,112,0,0,114,2,116,254,0,254,370
10/05/2003,RYN,AZ,AWP,WE,Federal Contract Tower,0,0,0,0,0,0,0,117,0,117,0,0,117,0,117,198,0,198,315
10/06/2003,RYN,AZ,AWP,WE,Federal Contract Tower,0,0,3,1,4,0,0,115,5,120,0,0,118,6,124,240,58,298,422
10/07/2003,RYN,AZ,AWP,WE,Federal Contract Tower,0,0,4,0,4,0,0,93,0,93,0,0,97,0,97,195,0,195,292
10/08/2003,RYN,AZ,AWP,WE,Federal Contract Tower,0,0,0,0,0,0,0,142,0,142,0,0,142,0,142,266,0,266,408
10/09/2003,RYN,AZ,AWP,WE,Federal Contract Tower,0,0,0,1,1,0,0,124,5,129,0,0,124,6,130,216,4,220,350
10/10/2003,RYN,AZ,AWP,WE,Federal Contract Tower,0,0,3,1,4,0,0,120,17,137,0,0,123,18,141,203,18,221,362
10/11/2003,RYN,AZ,AWP,WE,Federal Contract Tower,0,0,2,0,2,0,0,133,0,133,0,0,135,0,135,243,0,243,378
10/12/2003,RYN,AZ,AWP,WE,Federal Contract Tower,0,0,0,0,0,0,0,101,0,101,0,0,101,0,101,277,0,277,378
10/13/2003,RYN,AZ,AWP,WE,Federal Contract Tower,0,0,4,0,4,0,0,130,2,132,0,0,134,2,136,232,0,232,368
10/14/2003,RYN,AZ,AWP,WE,Federal Contract Tower,0,0,2,0,2,0,0,142,0,142,0,0,144,0,144,307,0,307,451
10/15/2003,RYN,AZ,AWP,WE,Federal Contract Tower,0,0,3,0,3,0,0,146,2,148,0,0,149,2,151,302,2,304,455
10/16/2003,RYN,AZ,AWP,WE,Federal Contract Tower,0,0,2,0,2,0,0,148,10,158,0,0,150,10,160,211,0,211,371
10/17/2003,RYN,AZ,AWP,WE,Federal Contract Tower,0,0,7,0,7,0,0,165,0,165,0,0,172,0,172,211,0,211,383
10/18/2003,RYN,AZ,AWP,WE,Federal Contract Tower,0,0,2,0,2,0,0,248,2,250,0,0,250,2,252,314,0,314,566
10/19/2003,RYN,AZ,AWP,WE,Federal Contract Tower,0,0,5,0,5,0,0,140,0,140,0,0,145,0,145,188,0,188,333
10/20/2003,RYN,AZ,AWP,WE,Federal Contract Tower,0,0,2,0,2,0,0,118,4,122,0,0,120,4,124,156,0,156,280
10/21/2003,RYN,AZ,AWP,WE,Federal Contract Tower,0,0,0,0,0,0,0,147,0,147,0,0,147,0,147,269,0,269,416
10/22/2003,RYN,AZ,AWP,WE,Federal Contract Tower,0,0,2,0,2,0,0,158,10,168,0,0,160,10,170,332,2,334,504
10/23/2003,RYN,AZ,AWP,WE,Federal Contract Tower,0,0,1,0,1,0,0,180,12,192,0,0,181,12,193,282,2,284,477
10/24/2003,RYN,AZ,AWP,WE,Federal Contract Tower,0,0,2,0,2,0,0,145,0,145,0,0,147,0,147,318,0,318,465
10/25/2003,RYN,AZ,AWP,WE,Federal Contract Tower,0,0,0,0,0,0,0,164,0,164,0,0,164,0,164,273,0,273,437
10/26/2003,RYN,AZ,AWP,WE,Federal Contract Tower,0,0,2,0,2,0,0,34,0,34,0,0,36,0,36,72,0,72,108
10/27/2003,RYN,AZ,AWP,WE,Federal Contract Tower,0,0,2,0,2,0,0,183,6,189,0,0,185,6,191,180,4,184,375
10/28/2003,RYN,AZ,AWP,WE,Federal Contract Tower,0,0,0,0,0,0,0,181,46,227,0,0,181,46,227,237,42,279,506
10/29/2003,RYN,AZ,AWP,WE,Federal Contract Tower,0,0,2,0,2,0,0,213,10,223,0,0,215,10,225,333,4,337,562
10/30/2003,RYN,AZ,AWP,WE,Federal Contract Tower,0,0,6,0,6,0,0,45,6,51,0,0,51,6,57,46,4,50,107
10/31/2003,RYN,AZ,AWP,WE,Federal Contract Tower,0,0,2,0,2,0,0,47,0,47,0,0,49,0,49,86,0,86,135
11/01/2003,RYN,AZ,AWP,WE,Federal Contract Tower,0,0,0,0,0,0,0,132,0,132,0,0,132,0,132,212,0,212,344
11/02/2003,RYN,AZ,AWP,WE,Federal Contract Tower,0,0,2,0,2,0,0,126,0,126,0,0,128,0,128,216,0,216,344
11/03/2003,RYN,AZ,AWP,WE,Federal Contract Tower,0,0,4,1,5,0,0,165,41,206,0,0,169,42,211,318,26,344,555
11/04/2003,RYN,AZ,AWP,WE,Federal Contract Tower,0,0,0,0,0,0,0,203,0,203,0,0,203,0,203,345,0,345,548
11/05/2003,RYN,AZ,AWP,WE,Federal Contract Tower,0,0,4,0,4,0,0,167,6,173,0,0,171,6,177,321,14,335,512
11/06/2003,RYN,AZ,AWP,WE,Federal Contract Tower,0,0,0,0,0,0,0,186,0,186,0,0,186,0,186,402,0,402,588
11/07/2003,RYN,AZ,AWP,WE,Federal Contract Tower,0,0,4,0,4,0,0,146,5,151,0,0,150,5,155,336,2,338,493
11/08/2003,RYN,AZ,AWP,WE,Federal Contract Tower,0,0,2,0,2,0,0,175,0,175,0,0,177,0,177,283,4,287,464
11/09/2003,RYN,AZ,AWP,WE,Federal Contract Tower,0,0,2,0,2,0,0,172,0,172,0,0,174,0,174,184,0,184,358
11/10/2003,RYN,AZ,AWP,WE,Federal Contract Tower,0,0,2,0,2,0,0,172,12,184,0,0,174,12,186,318,0,318,504
11/11/2003,RYN,AZ,AWP,WE,Federal Contract Tower,0,0,0,0,0,0,0,144,0,144,0,0,144,0,144,291,0,291,435
11/12/2003,RYN,AZ,AWP,WE,Federal Contract Tower,0,0,11,0,11,0,0,101,0,101,0,0,112,0,112,184,0,184,296
11/13/2003,RYN,AZ,AWP,WE,Federal Contract Tower,0,0,16,0,16,0,0,51,6,57,0,0,67,6,73,346,1,347,420
11/14/2003,RYN,AZ,AWP,WE,Federal Contract Tower,0,0,9,0,9,0,0,107,2,109,0,0,116,2,118,276,0,276,394
11/15/2003,RYN,AZ,AWP,WE,Federal Contract Tower,0,0,0,0,0,0,0,190,0,190,0,0,190,0,190,374,0,374,564
11/16/2003,RYN,AZ,AWP,WE,Federal Contract Tower,0,0,2,0,2,0,0,175,0,175,0,0,177,0,177,328,0,328,505
11/17/2003,RYN,AZ,AWP,WE,Federal Contract Tower,0,0,2,0,2,0,0,198,6,204,0,0,200,6,206,462,0,462,668
11/18/2003,RYN,AZ,AWP,WE,Federal Contract Tower,0,0,2,0,2,0,0,130,0,130,0,0,132,0,132,317,0,317,449
11/19/2003,RYN,AZ,AWP,WE,Federal Contract Tower,0,0,2,0,2,0,0,121,2,123,0,0,123,2,125,308,20,328,453
11/20/2003,RYN,AZ,AWP,WE,Federal Contract Tower,0,0,2,0,2,0,0,206,16,222,0,0,208,16,224,539,33,572,796
11/21/2003,RYN,AZ,AWP,WE,Federal Contract Tower,0,0,4,0,4,0,0,206,2,208,0,0,210,2,212,426,0,426,638
11/22/2003,RYN,AZ,AWP,WE,Federal Contract Tower,0,0,1,0,1,0,0,63,2,65,0,0,64,2,66,216,0,216,282
11/23/2003,RYN,AZ,AWP,WE,Federal Contract Tower,0,0,1,0,1,0,0,100,0,100,0,0,101,0,101,204,0,204,305
11/24/2003,RYN,AZ,AWP,WE,Federal Contract Tower,0,0,4,0,4,0,0,221,6,227,0,0,225,6,231,540,1,541,772
11/25/2003,RYN,AZ,AWP,WE,Federal Contract Tower,0,0,2,0,2,0,0,207,8,215,0,0,209,8,217,486,2,488,705
11/26/2003,RYN,AZ,AWP,WE,Federal Contract Tower,0,0,2,0,2,0,0,201,12,213,0,0,203,12,215,448,5,453,668
11/27/2003,RYN,AZ,AWP,WE,Federal Contract Tower,0,0,2,0,2,0,0,47,0,47,0,0,49,0,49,65,0,65,114
11/28/2003,RYN,AZ,AWP,WE,Federal Contract Tower,0,0,0,0,0,0,0,15,1,16,0,0,15,1,16,18,0,18,34
11/29/2003,RYN,AZ,AWP,WE,Federal Contract Tower,0,0,0,0,0,0,0,119,0,119,0,0,119,0,119,232,0,232,351
11/30/2003,RYN,AZ,AWP,WE,Federal Contract Tower,0,0,3,0,3,0,0,93,0,93,0,0,96,0,96,156,0,156,252
12/01/2003,RYN,AZ,AWP,WE,Federal Contract Tower,0,0,0,1,1,0,0,137,2,139,0,0,137,3,140,478,3,481,621
12/02/2003,RYN,AZ,AWP,WE,Federal Contract Tower,0,0,0,0,0,0,0,181,2,183,0,0,181,2,183,414,2,416,599
12/03/2003,RYN,AZ,AWP,WE,Federal Contract Tower,0,0,0,1,1,0,0,174,5,179,0,0,174,6,180,381,0,381,561
12/04/2003,RYN,AZ,AWP,WE,Federal Contract Tower,0,0,0,0,0,0,0,181,18,199,0,0,181,18,199,516,32,548,747
12/05/2003,RYN,AZ,AWP,WE,Federal Contract Tower,0,0,4,0,4,0,0,179,4,183,0,0,183,4,187,398,0,398,585
12/06/2003,RYN,AZ,AWP,WE,Federal Contract Tower,0,0,2,0,2,0,0,190,0,190,0,0,192,0,192,372,0,372,564
12/07/2003,RYN,AZ,AWP,WE,Federal Contract Tower,0,0,1,0,1,0,0,166,0,166,0,0,167,0,167,360,0,360,527
12/08/2003,RYN,AZ,AWP,WE,Federal Contract Tower,0,0,3,0,3,0,0,58,0,58,0,0,61,0,61,138,0,138,199
12/09/2003,RYN,AZ,AWP,WE,Federal Contract Tower,0,0,1,0,1,0,0,159,6,165,0,0,160,6,166,489,2,491,657
12/10/2003,RYN,AZ,AWP,WE,Federal Contract Tower,0,0,2,0,2,0,0,163,10,173,0,0,165,10,175,405,0,405,580
12/11/2003,RYN,AZ,AWP,WE,Federal Contract Tower,0,0,0,0,0,0,0,116,0,116,0,0,116,0,116,317,0,317,433
12/12/2003,RYN,AZ,AWP,WE,Federal Contract Tower,0,0,6,0,6,0,0,161,0,161,0,0,167,0,167,334,0,334,501
12/13/2003,RYN,AZ,AWP,WE,Federal Contract Tower,0,0,0,0,0,0,0,277,0,277,0,0,277,0,277,388,0,388,665
12/14/2003,RYN,AZ,AWP,WE,Federal Contract Tower,0,0,0,0,0,0,0,132,0,132,0,0,132,0,132,350,0,350,482
12/15/2003,RYN,AZ,AWP,WE,Federal Contract Tower,0,0,2,0,2,0,0,114,10,124,0,0,116,10,126,276,6,282,408
12/16/2003,RYN,AZ,AWP,WE,Federal Contract Tower,0,0,0,0,0,0,0,57,6,63,0,0,57,6,63,67,0,67,130
12/17/2003,RYN,AZ,AWP,WE,Federal Contract Tower,0,0,0,0,0,0,0,180,7,187,0,0,180,7,187,238,6,244,431
12/18/2003,RYN,AZ,AWP,WE,Federal Contract Tower,0,0,2,0,2,0,0,168,2,170,0,0,170,2,172,283,0,283,455
12/19/2003,RYN,AZ,AWP,WE,Federal Contract Tower,0,0,1,0,1,0,0,179,4,183,0,0,180,4,184,391,0,391,575
12/20/2003,RYN,AZ,AWP,WE,Federal Contract Tower,0,0,0,0,0,0,0,190,0,190,0,0,190,0,190,238,0,238,428
12/21/2003,RYN,AZ,AWP,WE,Federal Contract Tower,0,0,6,0,6,0,0,122,4,126,0,0,128,4,132,248,0,248,380
12/22/2003,RYN,AZ,AWP,WE,Federal Contract Tower,0,0,0,0,0,0,0,193,4,197,0,0,193,4,197,339,2,341,538
12/23/2003,RYN,AZ,AWP,WE,Federal Contract Tower,0,0,2,0,2,0,0,72,6,78,0,0,74,6,80,97,8,105,185
12/24/2003,RYN,AZ,AWP,WE,Federal Contract Tower,0,0,5,0,5,0,0,157,2,159,0,0,162,2,164,199,0,199,363
12/25/2003,RYN,AZ,AWP,WE,Federal Contract Tower,0,0,2,0,2,0,0,22,0,22,0,0,24,0,24,91,0,91,115
12/26/2003,RYN,AZ,AWP,WE,Federal Contract Tower,0,0,6,0,6,0,0,54,0,54,0,0,60,0,60,122,0,122,182
12/27/2003,RYN,AZ,AWP,WE,Federal Contract Tower,0,0,0,0,0,0,0,116,2,118,0,0,116,2,118,190,2,192,310
12/28/2003,RYN,AZ,AWP,WE,Federal Contract Tower,0,0,0,0,0,0,0,119,0,119,0,0,119,0,119,240,0,240,359
12/29/2003,RYN,AZ,AWP,WE,Federal Contract Tower,0,0,1,0,1,0,0,205,4,209,0,0,206,4,210,304,20,324,534
12/30/2003,RYN,AZ,AWP,WE,Federal Contract Tower,0,0,1,0,1,0,0,174,6,180,0,0,175,6,181,234,8,242,423
12/31/2003,RYN,AZ,AWP,WE,Federal Contract Tower,0,0,1,0,1,0,0,114,0,114,0,0,115,0,115,209,0,209,324
01/01/2004,RYN,AZ,AWP,WE,Federal Contract Tower,0,0,0,0,0,0,0,62,0,62,0,0,62,0,62,76,0,76,138
01/02/2004,RYN,AZ,AWP,WE,Federal Contract Tower,0,0,3,0,3,0,0,187,0,187,0,0,190,0,190,396,0,396,586
01/03/2004,RYN,AZ,AWP,WE,Federal Contract Tower,0,0,3,0,3,0,0,154,0,154,0,0,157,0,157,269,0,269,426
01/04/2004,RYN,AZ,AWP,WE,Federal Contract Tower,0,0,2,0,2,0,0,147,0,147,0,0,149,0,149,206,0,206,355
01/05/2004,RYN,AZ,AWP,WE,Federal Contract Tower,0,0,0,0,0,0,0,128,2,130,0,0,128,2,130,176,16,192,322
01/06/2004,RYN,AZ,AWP,WE,Federal Contract Tower,0,0,0,0,0,0,0,230,2,232,0,0,230,2,232,432,0,432,664
01/07/2004,RYN,AZ,AWP,WE,Federal Contract Tower,0,0,2,1,3,0,0,187,23,210,0,0,189,24,213,311,2,313,526
01/08/2004,RYN,AZ,AWP,WE,Federal Contract Tower,0,0,3,0,3,0,0,210,15,225,0,0,213,15,228,295,1,296,524
01/09/2004,RYN,AZ,AWP,WE,Federal Contract Tower,0,0,14,0,14,0,0,133,8,141,0,0,147,8,155,293,0,293,448
01/10/2004,RYN,AZ,AWP,WE,Federal Contract Tower,0,0,0,0,0,0,0,110,0,110,0,0,110,0,110,116,0,116,226
01/11/2004,RYN,AZ,AWP,WE,Federal Contract Tower,0,0,2,0,2,0,0,117,4,121,0,0,119,4,123,138,0,138,261
01/12/2004,RYN,AZ,AWP,WE,Federal Contract Tower,0,0,1,0,1,0,0,176,2,178,0,0,177,2,179,342,0,342,521
01/13/2004,RYN,AZ,AWP,WE,Federal Contract Tower,0,0,3,0,3,0,0,185,0,185,0,0,188,0,188,288,0,288,476
01/14/2004,RYN,AZ,AWP,WE,Federal Contract Tower,0,0,3,0,3,0,0,120,21,141,0,0,123,21,144,207,38,245,389
01/15/2004,RYN,AZ,AWP,WE,Federal Contract Tower,0,0,1,0,1,0,0,140,10,150,0,0,141,10,151,389,6,395,546
01/16/2004,RYN,AZ,AWP,WE,Federal Contract Tower,0,0,2,0,2,0,0,180,8,188,0,0,182,8,190,452,1,453,643
01/17/2004,RYN,AZ,AWP,WE,Federal Contract Tower,0,0,2,0,2,0,0,278,0,278,0,0,280,0,280,348,0,348,628
01/18/2004,RYN,AZ,AWP,WE,Federal Contract Tower,0,0,0,0,0,0,0,160,0,160,0,0,160,0,160,356,0,356,516
01/19/2004,RYN,AZ,AWP,WE,Federal Contract Tower,0,0,4,0,4,0,0,166,2,168,0,0,170,2,172,299,0,299,471
01/20/2004,RYN,AZ,AWP,WE,Federal Contract Tower,0,0,7,0,7,0,0,178,3,181,0,0,185,3,188,292,2,294,482
01/21/2004,RYN,AZ,AWP,WE,Federal Contract Tower,0,0,7,0,7,0,0,96,13,109,0,0,103,13,116,174,0,174,290
01/22/2004,RYN,AZ,AWP,WE,Federal Contract Tower,0,0,4,0,4,0,0,56,0,56,0,0,60,0,60,121,0,121,181
01/23/2004,RYN,AZ,AWP,WE,Federal Contract Tower,0,0,7,0,7,0,0,128,10,138,0,0,135,10,145,404,0,404,549
01/24/2004,RYN,AZ,AWP,WE,Federal Contract Tower,0,0,1,0,1,0,0,123,2,125,0,0,124,2,126,319,0,319,445
01/25/2004,RYN,AZ,AWP,WE,Federal Contract Tower,0,0,4,0,4,0,0,64,0,64,0,0,68,0,68,86,0,86,154
01/26/2004,RYN,AZ,AWP,WE,Federal Contract Tower,0,0,6,0,6,0,0,154,3,157,0,0,160,3,163,301,3,304,467
01/27/2004,RYN,AZ,AWP,WE,Federal Contract Tower,0,0,2,0,2,0,0,208,18,226,0,0,210,18,228,395,37,432,660
01/28/2004,RYN,AZ,AWP,WE,Federal Contract Tower,0,0,9,0,9,0,0,160,8,168,0,0,169,8,177,331,20,351,528
01/29/2004,RYN,AZ,AWP,WE,Federal Contract Tower,0,0,5,0,5,0,0,154,2,156,0,0,159,2,161,348,0,348,509
01/30/2004,RYN,AZ,AWP,WE,Federal Contract Tower,0,0,2,0,2,0,0,150,9,159,0,0,152,9,161,326,1,327,488
01/31/2004,RYN,AZ,AWP,WE,Federal Contract Tower,0,0,2,0,2,0,0,98,0,98,0,0,100,0,100,178,0,178,278
02/01/2004,RYN,AZ,AWP,WE,Federal Contract Tower,0,0,0,0,0,0,0,111,0,111,0,0,111,0,111,230,0,230,341
02/02/2004,RYN,AZ,AWP,WE,Federal Contract Tower,0,0,0,1,1,0,0,112,13,125,0,0,112,14,126,286,55,341,467
02/03/2004,RYN,AZ,AWP,WE,Federal Contract Tower,0,0,5,1,6,0,0,91,7,98,0,0,96,8,104,117,59,176,280
02/04/2004,RYN,AZ,AWP,WE,Federal Contract Tower,0,0,2,1,3,0,0,127,11,138,0,0,129,12,141,249,25,274,415
02/05/2004,RYN,AZ,AWP,WE,Federal Contract Tower,0,0,12,1,13,0,0,146,6,152,0,0,158,7,165,210,18,228,393
02/06/2004,RYN,AZ,AWP,WE,Federal Contract Tower,0,0,4,1,5,0,0,146,5,151,0,0,150,6,156,224,0,224,380
02/07/2004,RYN,AZ,AWP,WE,Federal Contract Tower,0,0,2,0,2,0,0,129,0,129,0,0,131,0,131,272,0,272,403
02/08/2004,RYN,AZ,AWP,WE,Federal Contract Tower,0,0,4,1,5,0,0,149,5,154,0,0,153,6,159,260,0,260,419
02/09/2004,RYN,AZ,AWP,WE,Federal Contract Tower,0,0,5,1,6,0,0,172,5,177,0,0,177,6,183,289,0,289,472
02/10/2004,RYN,AZ,AWP,WE,Federal Contract Tower,0,0,8,1,9,0,0,185,6,191,0,0,193,7,200,312,17,329,529
02/11/2004,RYN,AZ,AWP,WE,Federal Contract Tower,0,0,9,0,9,0,0,190,9,199,0,0,199,9,208,339,1,340,548
02/12/2004,RYN,AZ,AWP,WE,Federal Contract Tower,0,0,8,0,8,0,0,186,16,202,0,0,194,16,210,340,1,341,551
02/13/2004,RYN,AZ,AWP,WE,Federal Contract Tower,0,0,6,0,6,0,0,171,6,177,0,0,177,6,183,443,0,443,626
02/14/2004,RYN,AZ,AWP,WE,Federal Contract Tower,0,0,1,0,1,0,0,164,0,164,0,0,165,0,165,391,0,391,556
02/15/2004,RYN,AZ,AWP,WE,Federal Contract Tower,0,0,2,0,2,0,0,191,4,195,0,0,193,4,197,354,0,354,551
02/16/2004,RYN,AZ,AWP,WE,Federal Contract Tower,0,0,6,0,6,0,0,179,0,179,0,0,185,0,185,352,0,352,537
02/17/2004,RYN,AZ,AWP,WE,Federal Contract Tower,0,0,6,0,6,0,0,195,3,198,0,0,201,3,204,332,3,335,539
02/18/2004,RYN,AZ,AWP,WE,Federal Contract Tower,0,0,7,0,7,0,0,220,8,228,0,0,227,8,235,370,4,374,609
02/19/2004,RYN,AZ,AWP,WE,Federal Contract Tower,0,0,4,0,4,0,0,146,32,178,0,0,150,32,182,285,16,301,483
02/20/2004,RYN,AZ,AWP,WE,Federal Contract Tower,0,0,2,0,2,0,0,181,4,185,0,0,183,4,187,380,0,380,567
02/21/2004,RYN,AZ,AWP,WE,Federal Contract Tower,0,0,3,0,3,0,0,373,0,373,0,0,376,0,376,394,0,394,770
02/22/2004,RYN,AZ,AWP,WE,Federal Contract Tower,0,0,4,0,4,0,0,108,0,108,0,0,112,0,112,168,0,168,280
02/23/2004,RYN,AZ,AWP,WE,Federal Contract Tower,0,0,6,0,6,0,0,34,4,38,0,0,40,4,44,50,14,64,108
02/24/2004,RYN,AZ,AWP,WE,Federal Contract Tower,0,0,9,0,9,0,0,145,21,166,0,0,154,21,175,345,2,347,522
02/25/2004,RYN,AZ,AWP,WE,Federal Contract Tower,0,0,7,0,7,0,0,260,12,272,0,0,267,12,279,288,0,288,567
02/26/2004,RYN,AZ,AWP,WE,Federal Contract Tower,0,0,10,0,10,0,0,203,1,204,0,0,213,1,214,304,1,305,519
02/27/2004,RYN,AZ,AWP,WE,Federal Contract Tower,0,0,9,0,9,0,0,90,10,100,0,0,99,10,109,202,0,202,311
02/28/2004,RYN,AZ,AWP,WE,Federal Contract Tower,0,0,6,0,6,0,0,211,0,211,0,0,217,0,217,382,0,382,599
02/29/2004,RYN,AZ,AWP,WE,Federal Contract Tower,0,0,3,0,3,0,0,158,0,158,0,0,161,0,161,254,0,254,415
03/01/2004,RYN,AZ,AWP,WE,Federal Contract Tower,0,0,0,0,0,0,0,133,0,133,0,0,133,0,133,249,0,249,382
03/02/2004,RYN,AZ,AWP,WE,Federal Contract Tower,0,0,2,0,2,0,0,131,7,138,0,0,133,7,140,225,0,225,365
03/03/2004,RYN,AZ,AWP,WE,Federal Contract Tower,0,0,12,0,12,0,0,10,2,12,0,0,22,2,24,31,0,31,55
03/04/2004,RYN,AZ,AWP,WE,Federal Contract Tower,0,0,5,0,5,0,0,37,2,39,0,0,42,2,44,109,0,109,153
03/05/2004,RYN,AZ,AWP,WE,Federal Contract Tower,0,0,9,0,9,0,0,129,10,139,0,0,138,10,148,250,0,250,398
03/06/2004,RYN,AZ,AWP,WE,Federal Contract Tower,0,0,0,0,0,0,0,234,4,238,0,0,234,4,238,348,0,348,586
03/07/2004,RYN,AZ,AWP,WE,Federal Contract Tower,0,0,2,0,2,0,0,144,4,148,0,0,146,4,150,250,40,290,440
03/08/2004,RYN,AZ,AWP,WE,Federal Contract Tower,0,0,2,0,2,0,0,205,0,205,0,0,207,0,207,230,0,230,437
03/09/2004,RYN,AZ,AWP,WE,Federal Contract Tower,0,0,0,0,0,0,0,184,8,192,0,0,184,8,192,361,12,373,565
03/10/2004,RYN,AZ,AWP,WE,Federal Contract Tower,0,0,1,0,1,0,0,252,5,257,0,0,253,5,258,475,2,477,735
03/11/2004,RYN,AZ,AWP,WE,Federal Contract Tower,0,0,3,0,3,0,0,217,10,227,0,0,220,10,230,295,2,297,527
03/12/2004,RYN,AZ,AWP,WE,Federal Contract Tower,0,0,3,0,3,0,0,128,24,152,0,0,131,24,155,388,0,388,543
03/13/2004,RYN,AZ,AWP,WE,Federal Contract Tower,0,0,0,0,0,0,0,215,0,215,0,0,215,0,215,230,0,230,445
03/14/2004,RYN,AZ,AWP,WE,Federal Contract Tower,0,0,0,0,0,0,0,141,2,143,0,0,141,2,143,233,0,233,376
03/15/2004,RYN,AZ,AWP,WE,Federal Contract Tower,0,0,4,0,4,0,0,144,8,152,0,0,148,8,156,247,14,261,417
03/16/2004,RYN,AZ,AWP,WE,Federal Contract Tower,0,0,0,0,0,0,0,174,0,174,0,0,174,0,174,349,0,349,523
03/17/2004,RYN,AZ,AWP,WE,Federal Contract Tower,0,0,1,0,1,0,0,221,0,221,0,0,222,0,222,280,0,280,502
03/18/2004,RYN,AZ,AWP,WE,Federal Contract Tower,0,0,4,0,4,0,0,176,6,182,0,0,180,6,186,336,0,336,522
03/19/2004,RYN,AZ,AWP,WE,Federal Contract Tower,0,0,9,0,9,0,0,205,0,205,0,0,214,0,214,375,0,375,589
03/20/2004,RYN,AZ,AWP,WE,Federal Contract Tower,0,0,2,0,2,0,0,177,0,177,0,0,179,0,179,308,0,308,487
03/21/2004,RYN,AZ,AWP,WE,Federal Contract Tower,0,0,5,0,5,0,0,27,0,27,0,0,32,0,32,16,0,16,48
03/22/2004,RYN,AZ,AWP,WE,Federal Contract Tower,0,0,0,0,0,0,0,85,0,85,0,0,85,0,85,125,0,125,210
03/23/2004,RYN,AZ,AWP,WE,Federal Contract Tower,0,0,0,0,0,0,0,160,10,170,0,0,160,10,170,212,0,212,382
03/24/2004,RYN,AZ,AWP,WE,Federal Contract Tower,0,0,0,0,0,0,0,166,19,185,0,0,166,19,185,272,7,279,464
03/25/2004,RYN,AZ,AWP,WE,Federal Contract Tower,0,0,0,0,0,0,0,255,6,261,0,0,255,6,261,393,0,393,654
03/26/2004,RYN,AZ,AWP,WE,Federal Contract Tower,0,0,1,0,1,0,0,168,2,170,0,0,169,2,171,324,2,326,497
03/27/2004,RYN,AZ,AWP,WE,Federal Contract Tower,0,0,0,0,0,0,0,203,0,203,0,0,203,0,203,371,0,371,574
03/28/2004,RYN,AZ,AWP,WE,Federal Contract Tower,0,0,2,0,2,0,0,152,0,152,0,0,154,0,154,232,0,232,386
03/29/2004,RYN,AZ,AWP,WE,Federal Contract Tower,0,0,0,0,0,0,0,102,2,104,0,0,102,2,104,70,0,70,174
03/30/2004,RYN,AZ,AWP,WE,Federal Contract Tower,0,0,4,0,4,0,0,119,16,135,0,0,123,16,139,162,0,162,301
03/31/2004,RYN,AZ,AWP,WE,Federal Contract Tower,0,0,1,0,1,0,0,126,0,126,0,0,127,0,127,228,0,228,355
04/01/2004,RYN,AZ,AWP,WE,Federal Contract Tower,0,0,3,0,3,0,0,147,0,147,0,0,150,0,150,284,0,284,434
04/02/2004,RYN,AZ,AWP,WE,Federal Contract Tower,0,0,6,0,6,0,0,77,10,87,0,0,83,10,93,222,0,222,315
04/03/2004,RYN,AZ,AWP,WE,Federal Contract Tower,0,0,0,0,0,0,0,134,0,134,0,0,134,0,134,360,0,360,494
04/04/2004,RYN,AZ,AWP,WE,Federal Contract Tower,0,0,5,0,5,0,0,106,2,108,0,0,111,2,113,132,14,146,259
04/05/2004,RYN,AZ,AWP,WE,Federal Contract Tower,0,0,1,0,1,0,0,140,12,152,0,0,141,12,153,220,0,220,373
04/06/2004,RYN,AZ,AWP,WE,Federal Contract Tower,0,0,2,0,2,0,0,187,2,189,0,0,189,2,191,305,0,305,496
04/07/2004,RYN,AZ,AWP,WE,Federal Contract Tower,0,0,0,0,0,0,0,116,4,120,0,0,116,4,120,317,0,317,437
04/08/2004,RYN,AZ,AWP,WE,Federal Contract Tower,0,0,1,0,1,0,0,159,0,159,0,0,160,0,160,233,0,233,393
04/09/2004,RYN,AZ,AWP,WE,Federal Contract Tower,0,0,2,0,2,0,0,174,4,178,0,0,176,4,180,490,0,490,670
04/10/2004,RYN,AZ,AWP,WE,Federal Contract Tower,0,0,2,0,2,0,0,150,0,150,0,0,152,0,152,468,0,468,620
04/11/2004,RYN,AZ,AWP,WE,Federal Contract Tower,0,0,1,0,1,0,0,111,0,111,0,0,112,0,112,238,0,238,350
04/12/2004,RYN,AZ,AWP,WE,Federal Contract Tower,0,0,1,0,1,0,0,148,8,156,0,0,149,8,157,243,0,243,400
04/13/2004,RYN,AZ,AWP,WE,Federal Contract Tower,0,0,1,0,1,0,0,128,5,133,0,0,129,5,134,176,0,176,310
04/14/2004,RYN,AZ,AWP,WE,Federal Contract Tower,0,0,2,0,2,0,0,172,10,182,0,0,174,10,184,211,0,211,395
04/15/2004,RYN,AZ,AWP,WE,Federal Contract Tower,0,0,2,0,2,0,0,192,20,212,0,0,194,20,214,256,26,282,496
04/16/2004,RYN,AZ,AWP,WE,Federal Contract Tower,0,0,8,0,8,0,0,114,0,114,0,0,122,0,122,192,0,192,314
04/17/2004,RYN,AZ,AWP,WE,Federal Contract Tower,0,0,0,0,0,0,0,79,0,79,0,0,79,0,79,124,0,124,203
04/18/2004,RYN,AZ,AWP,WE,Federal Contract Tower,0,0,4,0,4,0,0,206,0,206,0,0,210,0,210,187,0,187,397
04/19/2004,RYN,AZ,AWP,WE,Federal Contract Tower,0,0,5,0,5,0,0,133,6,139,0,0,138,6,144,189,0,189,333
04/20/2004,RYN,AZ,AWP,WE,Federal Contract Tower,0,0,4,0,4,0,0,160,2,162,0,0,164,2,166,252,16,268,434
04/21/2004,RYN,AZ,AWP,WE,Federal Contract Tower,0,0,1,0,1,0,0,222,2,224,0,0,223,2,225,288,0,288,513
04/22/2004,RYN,AZ,AWP,WE,Federal Contract Tower,0,0,2,0,2,0,0,156,10,166,0,0,158,10,168,217,0,217,385
04/23/2004,RYN,AZ,AWP,WE,Federal Contract Tower,0,0,4,0,4,0,0,170,6,176,0,0,174,6,180,424,0,424,604
04/24/2004,RYN,AZ,AWP,WE,Federal Contract Tower,0,0,6,0,6,0,0,223,0,223,0,0,229,0,229,471,0,471,700
04/25/2004,RYN,AZ,AWP,WE,Federal Contract Tower,0,0,1,0,1,0,0,145,0,145,0,0,146,0,146,300,0,300,446
04/26/2004,RYN,AZ,AWP,WE,Federal Contract Tower,0,0,3,0,3,0,0,84,4,88,0,0,87,4,91,94,2,96,187
04/27/2004,RYN,AZ,AWP,WE,Federal Contract Tower,0,0,1,0,1,0,0,131,23,154,0,0,132,23,155,167,8,175,330
04/28/2004,RYN,AZ,AWP,WE,Federal Contract Tower,0,0,8,0,8,0,0,148,3,151,0,0,156,3,159,195,34,229,388
04/29/2004,RYN,AZ,AWP,WE,Federal Contract Tower,0,0,7,0,7,0,0,43,0,43,0,0,50,0,50,22,0,22,72
04/30/2004,RYN,AZ,AWP,WE,Federal Contract Tower,0,0,11,0,11,0,0,175,4,179,0,0,186,4,190,188,0,188,378
05/01/2004,RYN,AZ,AWP,WE,Federal Contract Tower,0,0,1,0,1,0,0,143,0,143,0,0,144,0,144,258,0,258,402
05/02/2004,RYN,AZ,AWP,WE,Federal Contract Tower,0,0,5,0,5,0,0,101,0,101,0,0,106,0,106,144,0,144,250
05/03/2004,RYN,AZ,AWP,WE,Federal Contract Tower,0,0,8,0,8,0,0,102,6,108,0,0,110,6,116,91,0,91,207
05/04/2004,RYN,AZ,AWP,WE,Federal Contract Tower,0,0,13,0,13,0,0,127,5,132,0,0,140,5,145,180,5,185,330
05/05/2004,RYN,AZ,AWP,WE,Federal Contract Tower,0,0,10,0,10,0,0,182,8,190,0,0,192,8,200,296,2,298,498
05/06/2004,RYN,AZ,AWP,WE,Federal Contract Tower,0,0,15,0,15,0,0,200,17,217,0,0,215,17,232,351,20,371,603
05/07/2004,RYN,AZ,AWP,WE,Federal Contract Tower,0,0,9,0,9,0,0,155,4,159,0,0,164,4,168,256,0,256,424
05/08/2004,RYN,AZ,AWP,WE,Federal Contract Tower,0,0,2,0,2,0,0,182,2,184,0,0,184,2,186,446,0,446,632
05/09/2004,RYN,AZ,AWP,WE,Federal Contract Tower,0,0,4,0,4,0,0,82,0,82,0,0,86,0,86,124,0,124,210
05/10/2004,RYN,AZ,AWP,WE,Federal Contract Tower,0,0,3,0,3,0,0,118,7,125,0,0,121,7,128,238,0,238,366
05/11/2004,RYN,AZ,AWP,WE,Federal Contract Tower,0,0,3,0,3,0,0,122,0,122,0,0,125,0,125,139,0,139,264
05/12/2004,RYN,AZ,AWP,WE,Federal Contract Tower,0,0,3,0,3,0,0,98,0,98,0,0,101,0,101,93,0,93,194
05/13/2004,RYN,AZ,AWP,WE,Federal Contract Tower,0,0,6,0,6,0,0,166,2,168,0,0,172,2,174,331,0,331,505
05/14/2004,RYN,AZ,AWP,WE,Federal Contract Tower,0,0,4,0,4,0,0,152,10,162,0,0,156,10,166,302,0,302,468
05/15/2004,RYN,AZ,AWP,WE,Federal Contract Tower,0,0,4,0,4,0,0,231,0,231,0,0,235,0,235,354,0,354,589
05/16/2004,RYN,AZ,AWP,WE,Federal Contract Tower,0,0,2,0,2,0,0,97,0,97,0,0,99,0,99,188,0,188,287
05/17/2004,RYN,AZ,AWP,WE,Federal Contract Tower,0,0,2,0,2,0,0,79,2,81,0,0,81,2,83,102,0,102,185
05/18/2004,RYN,AZ,AWP,WE,Federal Contract Tower,0,0,5,0,5,0,0,128,2,130,0,0,133,2,135,305,56,361,496
05/19/2004,RYN,AZ,AWP,WE,Federal Contract Tower,0,0,4,0,4,0,0,141,3,144,0,0,145,3,148,255,1,256,404
05/20/2004,RYN,AZ,AWP,WE,Federal Contract Tower,0,0,4,0,4,0,0,145,10,155,0,0,149,10,159,282,0,282,441
05/21/2004,RYN,AZ,AWP,WE,Federal Contract Tower,0,0,3,0,3,0,0,151,2,153,0,0,154,2,156,252,0,252,408
05/22/2004,RYN,AZ,AWP,WE,Federal Contract Tower,0,0,3,0,3,0,0,146,0,146,0,0,149,0,149,321,0,321,470
05/23/2004,RYN,AZ,AWP,WE,Federal Contract Tower,0,0,2,0,2,0,0,142,0,142,0,0,144,0,144,196,0,196,340
05/24/2004,RYN,AZ,AWP,WE,Federal Contract Tower,0,0,5,0,5,0,0,128,8,136,0,0,133,8,141,240,0,240,381
05/25/2004,RYN,AZ,AWP,WE,Federal Contract Tower,0,0,7,0,7,0,0,172,18,190,0,0,179,18,197,367,5,372,569
05/26/2004,RYN,AZ,AWP,WE,Federal Contract Tower,0,0,6,0,6,0,0,151,8,159,0,0,157,8,165,198,12,210,375
05/27/2004,RYN,AZ,AWP,WE,Federal Contract Tower,0,0,4,0,4,0,0,149,10,159,0,0,153,10,163,234,0,234,397
05/28/2004,RYN,AZ,AWP,WE,Federal Contract Tower,0,0,6,0,6,0,0,161,10,171,0,0,167,10,177,338,0,338,515
05/29/2004,RYN,AZ,AWP,WE,Federal Contract Tower,0,0,0,0,0,0,0,174,2,176,0,0,174,2,176,294,0,294,470
05/30/2004,RYN,AZ,AWP,WE,Federal Contract Tower,0,0,6,0,6,0,0,92,0,92,0,0,98,0,98,144,0,144,242
05/31/2004,RYN,AZ,AWP,WE,Federal Contract Tower,0,0,1,0,1,0,0,83,0,83,0,0,84,0,84,52,0,52,136
06/01/2004,RYN,AZ,AWP,WE,Federal Contract Tower,0,0,0,0,0,0,0,139,4,143,0,0,139,4,143,212,1,213,356
06/02/2004,RYN,AZ,AWP,WE,Federal Contract Tower,0,0,0,0,0,0,0,152,18,170,0,0,152,18,170,208,0,208,378
06/03/2004,RYN,AZ,AWP,WE,Federal Contract Tower,0,0,0,0,0,0,0,157,13,170,0,0,157,13,170,186,4,190,360
06/04/2004,RYN,AZ,AWP,WE,Federal Contract Tower,0,0,0,1,1,0,0,166,7,173,0,0,166,8,174,322,0,322,496
06/05/2004,RYN,AZ,AWP,WE,Federal Contract Tower,0,0,0,0,0,0,0,139,0,139,0,0,139,0,139,254,0,254,393
06/06/2004,RYN,AZ,AWP,WE,Federal Contract Tower,0,0,1,0,1,0,0,109,7,116,0,0,110,7,117,202,30,232,349
06/07/2004,RYN,AZ,AWP,WE,Federal Contract Tower,0,0,0,0,0,0,0,111,4,115,0,0,111,4,115,146,0,146,261
06/08/2004,RYN,AZ,AWP,WE,Federal Contract Tower,0,0,1,0,1,0,0,96,8,104,0,0,97,8,105,245,0,245,350
06/09/2004,RYN,AZ,AWP,WE,Federal Contract Tower,0,0,2,0,2,0,0,136,4,140,0,0,138,4,142,148,0,148,290
06/10/2004,RYN,AZ,AWP,WE,Federal Contract Tower,0,0,4,0,4,0,0,122,0,122,0,0,126,0,126,180,0,180,306
06/11/2004,RYN,AZ,AWP,WE,Federal Contract Tower,0,0,5,0,5,0,0,159,0,159,0,0,164,0,164,378,0,378,542
06/12/2004,RYN,AZ,AWP,WE,Federal Contract Tower,0,0,1,0,1,0,0,123,0,123,0,0,124,0,124,353,0,353,477
06/13/2004,RYN,AZ,AWP,WE,Federal Contract Tower,0,0,4,0,4,0,0,100,0,100,0,0,104,0,104,176,0,176,280
06/14/2004,RYN,AZ,AWP,WE,Federal Contract Tower,0,0,0,0,0,0,0,125,0,125,0,0,125,0,125,178,0,178,303
06/15/2004,RYN,AZ,AWP,WE,Federal Contract Tower,0,0,0,0,0,0,0,123,4,127,0,0,123,4,127,279,2,281,408
06/16/2004,RYN,AZ,AWP,WE,Federal Contract Tower,0,0,0,0,0,0,0,131,14,145,0,0,131,14,145,159,0,159,304
06/17/2004,RYN,AZ,AWP,WE,Federal Contract Tower,0,0,4,0,4,0,0,169,10,179,0,0,173,10,183,298,56,354,537
06/18/2004,RYN,AZ,AWP,WE,Federal Contract Tower,0,0,4,0,4,0,0,95,2,97,0,0,99,2,101,354,0,354,455
06/19/2004,RYN,AZ,AWP,WE,Federal Contract Tower,0,0,5,0,5,0,0,109,2,111,0,0,114,2,116,179,0,179,295
06/20/2004,RYN,AZ,AWP,WE,Federal Contract Tower,0,0,2,0,2,0,0,86,2,88,0,0,88,2,90,102,0,102,192
06/21/2004,RYN,AZ,AWP,WE,Federal Contract Tower,0,0,3,0,3,0,0,120,0,120,0,0,123,0,123,233,0,233,356
06/22/2004,RYN,AZ,AWP,WE,Federal Contract Tower,0,0,0,0,0,0,0,127,27,154,0,0,127,27,154,267,44,311,465
06/23/2004,RYN,AZ,AWP,WE,Federal Contract Tower,0,0,12,0,12,0,0,199,8,207,0,0,211,8,219,397,0,397,616
06/24/2004,RYN,AZ,AWP,WE,Federal Contract Tower,0,0,8,0,8,0,0,156,4,160,0,0,164,4,168,302,0,302,470
06/25/2004,RYN,AZ,AWP,WE,Federal Contract Tower,0,0,1,0,1,0,0,133,2,135,0,0,134,2,136,326,14,340,476
06/26/2004,RYN,AZ,AWP,WE,Federal Contract Tower,0,0,1,0,1,0,0,141,0,141,0,0,142,0,142,266,0,266,408
06/27/2004,RYN,AZ,AWP,WE,Federal Contract Tower,0,0,1,0,1,0,0,83,0,83,0,0,84,0,84,138,0,138,222
06/28/2004,RYN,AZ,AWP,WE,Federal Contract Tower,0,0,1,0,1,0,0,99,13,112,0,0,100,13,113,162,0,162,275
06/29/2004,RYN,AZ,AWP,WE,Federal Contract Tower,0,0,4,0,4,0,0,128,6,134,0,0,132,6,138,168,0,168,306
06/30/2004,RYN,AZ,AWP,WE,Federal Contract Tower,0,0,3,0,3,0,0,119,14,133,0,0,122,14,136,247,78,325,461
07/01/2004,RYN,AZ,AWP,WE,Federal Contract Tower,0,0,5,1,6,0,0,139,8,147,0,0,144,9,153,270,1,271,424
07/02/2004,RYN,AZ,AWP,WE,Federal Contract Tower,0,0,3,1,4,0,0,135,3,138,0,0,138,4,142,292,0,292,434
07/03/2004,RYN,AZ,AWP,WE,Federal Contract Tower,0,0,0,0,0,0,0,123,0,123,0,0,123,0,123,190,0,190,313
07/04/2004,RYN,AZ,AWP,WE,Federal Contract Tower,0,0,0,1,1,0,0,74,1,75,0,0,74,2,76,118,0,118,194
07/05/2004,RYN,AZ,AWP,WE,Federal Contract Tower,0,0,1,1,2,0,0,96,0,96,0,0,97,1,98,168,0,168,266
07/06/2004,RYN,AZ,AWP,WE,Federal Contract Tower,0,0,0,0,0,0,0,137,2,139,0,0,137,2,139,196,2,198,337
07/07/2004,RYN,AZ,AWP,WE,Federal Contract Tower,0,0,2,1,3,0,0,156,12,168,0,0,158,13,171,341,23,364,535
07/08/2004,RYN,AZ,AWP,WE,Federal Contract Tower,0,0,2,1,3,0,0,153,11,164,0,0,155,12,167,237,0,237,404
07/09/2004,RYN,AZ,AWP,WE,Federal Contract Tower,0,0,0,0,0,0,0,116,12,128,0,0,116,12,128,366,0,366,494
07/10/2004,RYN,AZ,AWP,WE,Federal Contract Tower,0,0,0,0,0,0,0,143,0,143,0,0,143,0,143,280,0,280,423
07/11/2004,RYN,AZ,AWP,WE,Federal Contract Tower,0,0,5,1,6,0,0,101,3,104,0,0,106,4,110,194,0,194,304
07/12/2004,RYN,AZ,AWP,WE,Federal Contract Tower,0,0,0,0,0,0,0,88,0,88,0,0,88,0,88,186,0,186,274
07/13/2004,RYN,AZ,AWP,WE,Federal Contract Tower,0,0,4,0,4,0,0,124,0,124,0,0,128,0,128,244,0,244,372
07/14/2004,RYN,AZ,AWP,WE,Federal Contract Tower,0,0,1,0,1,0,0,142,4,146,0,0,143,4,147,384,0,384,531
07/15/2004,RYN,AZ,AWP,WE,Federal Contract Tower,0,0,3,0,3,0,0,208,2,210,0,0,211,2,213,451,0,451,664
07/16/2004,RYN,AZ,AWP,WE,Federal Contract Tower,0,0,0,0,0,0,0,165,0,165,0,0,165,0,165,402,0,402,567
07/17/2004,RYN,AZ,AWP,WE,Federal Contract Tower,0,0,1,0,1,0,0,201,2,203,0,0,202,2,204,338,0,338,542
07/18/2004,RYN,AZ,AWP,WE,Federal Contract Tower,0,0,0,0,0,0,0,101,0,101,0,0,101,0,101,262,0,262,363
07/19/2004,RYN,AZ,AWP,WE,Federal Contract Tower,0,0,3,0,3,0,0,113,4,117,0,0,116,4,120,194,12,206,326
07/20/2004,RYN,AZ,AWP,WE,Federal Contract Tower,0,0,0,0,0,0,0,176,4,180,0,0,176,4,180,447,0,447,627
07/21/2004,RYN,AZ,AWP,WE,Federal Contract Tower,0,0,7,0,7,0,0,158,15,173,0,0,165,15,180,417,1,418,598
07/22/2004,RYN,AZ,AWP,WE,Federal Contract Tower,0,0,3,0,3,0,0,195,6,201,0,0,198,6,204,432,3,435,639
07/23/2004,RYN,AZ,AWP,WE,Federal Contract Tower,0,0,5,0,5,0,0,118,2,120,0,0,123,2,125,346,0,346,471
07/24/2004,RYN,AZ,AWP,WE,Federal Contract Tower,0,0,3,0,3,0,0,158,2,160,0,0,161,2,163,342,0,342,505
07/25/2004,RYN,AZ,AWP,WE,Federal Contract Tower,0,0,2,0,2,0,0,78,4,82,0,0,80,4,84,216,0,216,300
07/26/2004,RYN,AZ,AWP,WE,Federal Contract Tower,0,0,3,0,3,0,0,72,2,74,0,0,75,2,77,195,0,195,272
07/27/2004,RYN,AZ,AWP,WE,Federal Contract Tower,0,0,0,0,0,0,0,105,4,109,0,0,105,4,109,320,0,320,429
07/28/2004,RYN,AZ,AWP,WE,Federal Contract Tower,0,0,1,0,1,0,0,168,2,170,0,0,169,2,171,386,0,386,557
07/29/2004,RYN,AZ,AWP,WE,Federal Contract Tower,0,0,3,0,3,0,0,226,7,233,0,0,229,7,236,488,0,488,724
07/30/2004,RYN,AZ,AWP,WE,Federal Contract Tower,0,0,2,0,2,0,0,116,12,128,0,0,118,12,130,308,1,309,439
07/31/2004,RYN,AZ,AWP,WE,Federal Contract Tower,0,0,0,0,0,0,0,123,0,123,0,0,123,0,123,234,0,234,357
08/01/2004,RYN,AZ,AWP,WE,Federal Contract Tower,0,0,0,0,0,0,0,87,0,87,0,0,87,0,87,218,0,218,305
08/02/2004,RYN,AZ,AWP,WE,Federal Contract Tower,0,0,2,0,2,0,0,78,0,78,0,0,80,0,80,87,0,87,167
08/03/2004,RYN,AZ,AWP,WE,Federal Contract Tower,0,0,2,0,2,0,2,111,7,120,0,2,113,7,122,197,5,202,324
08/04/2004,RYN,AZ,AWP,WE,Federal Contract Tower,0,0,1,0,1,0,0,203,6,209,0,0,204,6,210,344,0,344,554
08/05/2004,RYN,AZ,AWP,WE,Federal Contract Tower,0,0,2,0,2,0,0,170,2,172,0,0,172,2,174,391,2,393,567
08/06/2004,RYN,AZ,AWP,WE,Federal Contract Tower,0,0,0,0,0,0,0,141,6,147,0,0,141,6,147,266,2,268,415
08/07/2004,RYN,AZ,AWP,WE,Federal Contract Tower,0,0,0,0,0,0,0,190,0,190,0,0,190,0,190,306,0,306,496
08/08/2004,RYN,AZ,AWP,WE,Federal Contract Tower,0,0,0,0,0,0,0,122,0,122,0,0,122,0,122,320,0,320,442
08/09/2004,RYN,AZ,AWP,WE,Federal Contract Tower,0,0,0,0,0,0,0,119,2,121,0,0,119,2,121,226,0,226,347
08/10/2004,RYN,AZ,AWP,WE,Federal Contract Tower,0,0,0,0,0,0,0,174,9,183,0,0,174,9,183,327,2,329,512
08/11/2004,RYN,AZ,AWP,WE,Federal Contract Tower,0,0,0,0,0,0,0,176,11,187,0,0,176,11,187,376,32,408,595
08/12/2004,RYN,AZ,AWP,WE,Federal Contract Tower,0,0,1,0,1,0,0,98,6,104,0,0,99,6,105,292,0,292,397
08/13/2004,RYN,AZ,AWP,WE,Federal Contract Tower,0,0,0,0,0,0,0,91,0,91,0,0,91,0,91,196,0,196,287
08/14/2004,RYN,AZ,AWP,WE,Federal Contract Tower,0,0,1,0,1,0,0,165,2,167,0,0,166,2,168,273,0,273,441
08/15/2004,RYN,AZ,AWP,WE,Federal Contract Tower,0,0,2,0,2,0,0,129,6,135,0,0,131,6,137,292,0,292,429
08/16/2004,RYN,AZ,AWP,WE,Federal Contract Tower,0,0,1,0,1,0,0,81,4,85,0,0,82,4,86,162,0,162,248
08/17/2004,RYN,AZ,AWP,WE,Federal Contract Tower,0,0,4,0,4,0,0,127,15,142,0,0,131,15,146,338,40,378,524
08/18/2004,RYN,AZ,AWP,WE,Federal Contract Tower,0,0,8,0,8,0,0,193,10,203,0,0,201,10,211,376,4,380,591
08/19/2004,RYN,AZ,AWP,WE,Federal Contract Tower,0,0,2,0,2,0,0,154,12,166,0,0,156,12,168,292,8,300,468
08/20/2004,RYN,AZ,AWP,WE,Federal Contract Tower,0,0,2,0,2,0,0,222,4,226,0,0,224,4,228,412,2,414,642
08/21/2004,RYN,AZ,AWP,WE,Federal Contract Tower,0,0,2,0,2,0,0,247,0,247,0,0,249,0,249,400,0,400,649
08/22/2004,RYN,AZ,AWP,WE,Federal Contract Tower,0,0,1,0,1,0,0,114,2,116,0,0,115,2,117,266,0,266,383
08/23/2004,RYN,AZ,AWP,WE,Federal Contract Tower,0,0,1,0,1,0,0,94,0,94,0,0,95,0,95,128,0,128,223
08/24/2004,RYN,AZ,AWP,WE,Federal Contract Tower,0,0,0,0,0,0,0,90,9,99,0,0,90,9,99,220,18,238,337
08/25/2004,RYN,AZ,AWP,WE,Federal Contract Tower,0,0,1,0,1,0,0,138,7,145,0,0,139,7,146,247,37,284,430
08/26/2004,RYN,AZ,AWP,WE,Federal Contract Tower,0,0,1,0,1,0,0,131,9,140,0,0,132,9,141,344,30,374,515
08/27/2004,RYN,AZ,AWP,WE,Federal Contract Tower,0,0,0,0,0,0,0,143,2,145,0,0,143,2,145,188,0,188,333
08/28/2004,RYN,AZ,AWP,WE,Federal Contract Tower,0,0,0,0,0,0,0,134,2,136,0,0,134,2,136,344,0,344,480
08/29/2004,RYN,AZ,AWP,WE,Federal Contract Tower,0,0,0,0,0,0,0,143,2,145,0,0,143,2,145,306,0,306,451
08/30/2004,RYN,AZ,AWP,WE,Federal Contract Tower,0,0,0,0,0,0,0,121,5,126,0,0,121,5,126,150,16,166,292
08/31/2004,RYN,AZ,AWP,WE,Federal Contract Tower,0,0,1,0,1,0,0,127,27,154,0,0,128,27,155,165,53,218,373
09/01/2004,RYN,AZ,AWP,WE,Federal Contract Tower,0,0,0,0,0,0,0,133,10,143,0,0,133,10,143,150,34,184,327
09/02/2004,RYN,AZ,AWP,WE,Federal Contract Tower,0,0,0,1,1,0,0,139,6,145,0,0,139,7,146,278,16,294,440
09/03/2004,RYN,AZ,AWP,WE,Federal Contract Tower,0,0,1,0,1,0,0,86,0,86,0,0,87,0,87,206,0,206,293
09/04/2004,RYN,AZ,AWP,WE,Federal Contract Tower,0,0,0,0,0,0,0,74,0,74,0,0,74,0,74,113,0,113,187
09/05/2004,RYN,AZ,AWP,WE,Federal Contract Tower,0,0,5,0,5,0,0,97,0,97,0,0,102,0,102,178,0,178,280
09/06/2004,RYN,AZ,AWP,WE,Federal Contract Tower,0,0,1,0,1,0,0,99,0,99,0,0,100,0,100,147,0,147,247
09/07/2004,RYN,AZ,AWP,WE,Federal Contract Tower,0,0,1,0,1,0,0,56,3,59,0,0,57,3,60,49,1,50,110
09/08/2004,RYN,AZ,AWP,WE,Federal Contract Tower,0,0,0,0,0,0,0,150,4,154,0,0,150,4,154,290,0,290,444
09/09/2004,RYN,AZ,AWP,WE,Federal Contract Tower,0,0,0,0,0,0,0,136,2,138,0,0,136,2,138,239,0,239,377
09/10/2004,RYN,AZ,AWP,WE,Federal Contract Tower,0,0,2,0,2,0,0,134,4,138,0,0,136,4,140,310,0,310,450
09/11/2004,RYN,AZ,AWP,WE,Federal Contract Tower,0,0,0,0,0,0,0,145,0,145,0,0,145,0,145,330,0,330,475
09/12/2004,RYN,AZ,AWP,WE,Federal Contract Tower,0,0,2,0,2,0,0,101,0,101,0,0,103,0,103,222,0,222,325
09/13/2004,RYN,AZ,AWP,WE,Federal Contract Tower,0,0,1,0,1,0,0,143,4,147,0,0,144,4,148,222,16,238,386
09/14/2004,RYN,AZ,AWP,WE,Federal Contract Tower,0,0,1,0,1,0,0,164,0,164,0,0,165,0,165,258,0,258,423
09/15/2004,RYN,AZ,AWP,WE,Federal Contract Tower,0,0,3,0,3,0,0,171,10,181,0,0,174,10,184,269,0,269,453
09/16/2004,RYN,AZ,AWP,WE,Federal Contract Tower,0,0,6,0,6,0,0,119,13,132,0,0,125,13,138,334,46,380,518
09/17/2004,RYN,AZ,AWP,WE,Federal Contract Tower,0,0,3,0,3,0,0,164,0,164,0,0,167,0,167,236,0,236,403
09/18/2004,RYN,AZ,AWP,WE,Federal Contract Tower,0,0,0,0,0,0,0,93,4,97,0,0,93,4,97,180,0,180,277
09/19/2004,RYN,AZ,AWP,WE,Federal Contract Tower,0,0,5,0,5,0,0,64,2,66,0,0,69,2,71,188,0,188,259
09/20/2004,RYN,AZ,AWP,WE,Federal Contract Tower,0,0,0,0,0,0,0,113,4,117,0,0,113,4,117,177,0,177,294
09/21/2004,RYN,AZ,AWP,WE,Federal Contract Tower,0,0,0,0,0,0,0,170,2,172,0,0,170,2,172,382,22,404,576
09/22/2004,RYN,AZ,AWP,WE,Federal Contract Tower,0,0,0,0,0,0,0,199,5,204,0,0,199,5,204,181,1,182,386
09/23/2004,RYN,AZ,AWP,WE,Federal Contract Tower,0,0,1,0,1,0,0,138,4,142,0,0,139,4,143,187,0,187,330
09/24/2004,RYN,AZ,AWP,WE,Federal Contract Tower,0,0,2,0,2,0,0,146,4,150,0,0,148,4,152,272,0,272,424
09/25/2004,RYN,AZ,AWP,WE,Federal Contract Tower,0,0,0,0,0,0,0,191,0,191,0,0,191,0,191,308,0,308,499
09/26/2004,RYN,AZ,AWP,WE,Federal Contract Tower,0,0,1,0,1,0,0,65,0,65,0,0,66,0,66,144,0,144,210
09/27/2004,RYN,AZ,AWP,WE,Federal Contract Tower,0,0,2,0,2,0,0,109,2,111,0,0,111,2,113,170,0,170,283
09/28/2004,RYN,AZ,AWP,WE,Federal Contract Tower,0,0,1,0,1,0,0,192,0,192,0,0,193,0,193,227,0,227,420
09/29/2004,RYN,AZ,AWP,WE,Federal Contract Tower,0,0,5,0,5,0,0,139,0,139,0,0,144,0,144,318,0,318,462
09/30/2004,RYN,AZ,AWP,WE,Federal Contract Tower,0,0,1,0,1,0,0,194,8,202,0,0,195,8,203,363,0,363,566
10/01/2004,RYN,AZ,AWP,WE,Federal Contract Tower,0,0,2,0,2,0,0,143,0,143,0,0,145,0,145,240,0,240,385
10/02/2004,RYN,AZ,AWP,WE,Federal Contract Tower,0,0,0,0,0,0,0,114,0,114,0,0,114,0,114,217,0,217,331
10/03/2004,RYN,AZ,AWP,WE,Federal Contract Tower,0,0,0,0,0,0,0,126,0,126,0,0,126,0,126,212,0,212,338
10/04/2004,RYN,AZ,AWP,WE,Federal Contract Tower,0,0,3,0,3,0,0,111,8,119,0,0,114,8,122,204,32,236,358
10/05/2004,RYN,AZ,AWP,WE,Federal Contract Tower,0,0,1,1,2,0,0,129,14,143,0,0,130,15,145,253,29,282,427
10/06/2004,RYN,AZ,AWP,WE,Federal Contract Tower,0,0,5,0,5,0,0,184,18,202,0,0,189,18,207,280,64,344,551
10/07/2004,RYN,AZ,AWP,WE,Federal Contract Tower,0,0,2,0,2,0,0,171,26,197,0,0,173,26,199,309,29,338,537
10/08/2004,RYN,AZ,AWP,WE,Federal Contract Tower,0,0,1,0,1,0,0,200,26,226,0,0,201,26,227,245,40,285,512
10/09/2004,RYN,AZ,AWP,WE,Federal Contract Tower,0,0,1,0,1,0,0,132,0,132,0,0,133,0,133,232,0,232,365
10/10/2004,RYN,AZ,AWP,WE,Federal Contract Tower,0,0,0,0,0,0,0,89,0,89,0,0,89,0,89,142,0,142,231
10/11/2004,RYN,AZ,AWP,WE,Federal Contract Tower,0,0,1,0,1,0,0,107,0,107,0,0,108,0,108,214,0,214,322
10/12/2004,RYN,AZ,AWP,WE,Federal Contract Tower,0,0,1,0,1,0,0,147,6,153,0,0,148,6,154,251,0,251,405
10/13/2004,RYN,AZ,AWP,WE,Federal Contract Tower,0,0,1,2,3,0,0,166,19,185,0,0,167,21,188,378,1,379,567
10/14/2004,RYN,AZ,AWP,WE,Federal Contract Tower,0,0,2,0,2,0,0,118,24,142,0,0,120,24,144,249,94,343,487
10/15/2004,RYN,AZ,AWP,WE,Federal Contract Tower,0,0,3,0,3,0,0,147,0,147,0,0,150,0,150,322,0,322,472
10/16/2004,RYN,AZ,AWP,WE,Federal Contract Tower,0,0,2,0,2,0,0,161,0,161,0,0,163,0,163,304,0,304,467
10/17/2004,RYN,AZ,AWP,WE,Federal Contract Tower,0,0,2,0,2,0,0,96,0,96,0,0,98,0,98,208,0,208,306
10/18/2004,RYN,AZ,AWP,WE,Federal Contract Tower,0,0,3,0,3,0,0,119,1,120,0,0,122,1,123,286,12,298,421
10/19/2004,RYN,AZ,AWP,WE,Federal Contract Tower,0,0,0,0,0,0,0,155,5,160,0,0,155,5,160,340,6,346,506
10/20/2004,RYN,AZ,AWP,WE,Federal Contract Tower,0,0,1,0,1,0,0,93,6,99,0,0,94,6,100,167,0,167,267
10/21/2004,RYN,AZ,AWP,WE,Federal Contract Tower,0,2,4,0,6,0,0,26,20,46,0,2,30,20,52,91,20,111,163
10/22/2004,RYN,AZ,AWP,WE,Federal Contract Tower,0,0,4,0,4,0,0,102,3,105,0,0,106,3,109,308,0,308,417
10/23/2004,RYN,AZ,AWP,WE,Federal Contract Tower,0,0,2,0,2,0,0,192,2,194,0,0,194,2,196,377,0,377,573
10/24/2004,RYN,AZ,AWP,WE,Federal Contract Tower,0,0,0,0,0,0,0,112,0,112,0,0,112,0,112,232,0,232,344
10/25/2004,RYN,AZ,AWP,WE,Federal Contract Tower,0,0,1,0,1,0,0,97,5,102,0,0,98,5,103,148,8,156,259
10/26/2004,RYN,AZ,AWP,WE,Federal Contract Tower,0,0,3,0,3,0,0,100,11,111,0,0,103,11,114,225,32,257,371
10/27/2004,RYN,AZ,AWP,WE,Federal Contract Tower,0,0,3,1,4,0,0,53,5,58,0,0,56,6,62,100,32,132,194
10/28/2004,RYN,AZ,AWP,WE,Federal Contract Tower,0,0,8,1,9,0,0,31,13,44,0,0,39,14,53,34,1,35,88
10/29/2004,RYN,AZ,AWP,WE,Federal Contract Tower,0,0,2,0,2,0,0,153,0,153,0,0,155,0,155,400,0,400,555
10/30/2004,RYN,AZ,AWP,WE,Federal Contract Tower,0,0,0,0,0,0,0,256,0,256,0,0,256,0,256,584,0,584,840
10/31/2004,RYN,AZ,AWP,WE,Federal Contract Tower,0,0,1,0,1,0,0,127,0,127,0,0,128,0,128,252,0,252,380
11/01/2004,RYN,AZ,AWP,WE,Federal Contract Tower,0,0,2,0,2,0,0,45,0,45,0,0,47,0,47,18,0,18,65
11/02/2004,RYN,AZ,AWP,WE,Federal Contract Tower,0,0,2,0,2,0,0,89,0,89,0,0,91,0,91,199,0,199,290
11/03/2004,RYN,AZ,AWP,WE,Federal Contract Tower,0,0,1,0,1,0,0,166,0,166,0,0,167,0,167,309,0,309,476
11/04/2004,RYN,AZ,AWP,WE,Federal Contract Tower,0,0,1,0,1,0,0,160,12,172,0,0,161,12,173,284,22,306,479
11/05/2004,RYN,AZ,AWP,WE,Federal Contract Tower,0,0,4,0,4,0,0,208,5,213,0,0,212,5,217,325,2,327,544
11/06/2004,RYN,AZ,AWP,WE,Federal Contract Tower,0,0,4,0,4,0,0,202,0,202,0,0,206,0,206,296,0,296,502
11/07/2004,RYN,AZ,AWP,WE,Federal Contract Tower,0,0,4,0,4,0,0,179,0,179,0,0,183,0,183,337,0,337,520
11/08/2004,RYN,AZ,AWP,WE,Federal Contract Tower,0,0,2,0,2,0,0,118,6,124,0,0,120,6,126,142,0,142,268
11/09/2004,RYN,AZ,AWP,WE,Federal Contract Tower,0,0,0,0,0,0,0,212,11,223,0,0,212,11,223,344,25,369,592
11/10/2004,RYN,AZ,AWP,WE,Federal Contract Tower,0,0,3,0,3,0,0,198,7,205,0,0,201,7,208,323,27,350,558
11/11/2004,RYN,AZ,AWP,WE,Federal Contract Tower,0,0,2,0,2,0,0,357,0,357,0,0,359,0,359,511,0,511,870
11/12/2004,RYN,AZ,AWP,WE,Federal Contract Tower,0,0,2,0,2,0,0,203,11,214,0,0,205,11,216,448,26,474,690
11/13/2004,RYN,AZ,AWP,WE,Federal Contract Tower,0,0,1,0,1,0,0,230,0,230,0,0,231,0,231,558,0,558,789
11/14/2004,RYN,AZ,AWP,WE,Federal Contract Tower,0,0,2,0,2,0,0,20,0,20,0,0,22,0,22,14,0,14,36
11/15/2004,RYN,AZ,AWP,WE,Federal Contract Tower,0,0,3,0,3,0,0,74,0,74,0,0,77,0,77,119,0,119,196
11/16/2004,RYN,AZ,AWP,WE,Federal Contract Tower,0,0,3,0,3,0,0,213,6,219,0,0,216,6,222,405,4,409,631
11/17/2004,RYN,AZ,AWP,WE,Federal Contract Tower,0,0,1,2,3,0,0,272,8,280,0,0,273,10,283,371,4,375,658
11/18/2004,RYN,AZ,AWP,WE,Federal Contract Tower,0,0,0,0,0,0,0,222,10,232,0,0,222,10,232,481,0,481,713
11/19/2004,RYN,AZ,AWP,WE,Federal Contract Tower,0,0,2,0,2,0,0,194,0,194,0,0,196,0,196,468,0,468,664
11/20/2004,RYN,AZ,AWP,WE,Federal Contract Tower,0,0,2,0,2,0,0,279,0,279,0,0,281,0,281,589,0,589,870
11/21/2004,RYN,AZ,AWP,WE,Federal Contract Tower,0,0,2,0,2,0,0,31,0,31,0,0,33,0,33,81,0,81,114
11/22/2004,RYN,AZ,AWP,WE,Federal Contract Tower,0,0,0,1,1,0,0,44,1,45,0,0,44,2,46,130,4,134,180
11/23/2004,RYN,AZ,AWP,WE,Federal Contract Tower,0,0,5,0,5,0,0,166,10,176,0,0,171,10,181,462,2,464,645
11/24/2004,RYN,AZ,AWP,WE,Federal Contract Tower,0,0,1,0,1,0,0,180,2,182,0,0,181,2,183,494,0,494,677
11/25/2004,RYN,AZ,AWP,WE,Federal Contract Tower,0,0,2,0,2,0,0,62,0,62,0,0,64,0,64,62,0,62,126
11/26/2004,RYN,AZ,AWP,WE,Federal Contract Tower,0,0,2,0,2,0,0,156,4,160,0,0,158,4,162,242,10,252,414
11/27/2004,RYN,AZ,AWP,WE,Federal Contract Tower,0,0,0,0,0,0,0,187,2,189,0,0,187,2,189,476,0,476,665
11/28/2004,RYN,AZ,AWP,WE,Federal Contract Tower,0,0,1,0,1,0,0,72,6,78,0,0,73,6,79,190,0,190,269
11/29/2004,RYN,AZ,AWP,WE,Federal Contract Tower,0,0,1,0,1,0,0,127,4,131,0,0,128,4,132,368,0,368,500
11/30/2004,RYN,AZ,AWP,WE,Federal Contract Tower,0,0,3,0,3,0,0,162,9,171,0,0,165,9,174,519,14,533,707
12/01/2004,RYN,AZ,AWP,WE,Federal Contract Tower,0,0,4,0,4,0,0,218,0,218,0,0,222,0,222,607,0,607,829
12/02/2004,RYN,AZ,AWP,WE,Federal Contract Tower,0,0,2,0,2,0,0,198,9,207,0,0,200,9,209,740,1,741,950
12/03/2004,RYN,AZ,AWP,WE,Federal Contract Tower,0,0,4,0,4,0,0,215,0,215,0,0,219,0,219,670,18,688,907
12/04/2004,RYN,AZ,AWP,WE,Federal Contract Tower,0,0,7,0,7,0,0,30,2,32,0,0,37,2,39,50,0,50,89
12/05/2004,RYN,AZ,AWP,WE,Federal Contract Tower,0,0,1,0,1,0,0,149,0,149,0,0,150,0,150,517,0,517,667
12/06/2004,RYN,AZ,AWP,WE,Federal Contract Tower,0,0,2,0,2,0,0,62,0,62,0,0,64,0,64,283,0,283,347
12/07/2004,RYN,AZ,AWP,WE,Federal Contract Tower,0,0,0,0,0,0,0,192,2,194,0,0,192,2,194,447,0,447,641
12/08/2004,RYN,AZ,AWP,WE,Federal Contract Tower,0,0,2,0,2,0,0,148,12,160,0,0,150,12,162,507,6,513,675
12/09/2004,RYN,AZ,AWP,WE,Federal Contract Tower,0,0,2,0,2,0,0,151,6,157,0,0,153,6,159,651,0,651,810
12/10/2004,RYN,AZ,AWP,WE,Federal Contract Tower,0,0,2,0,2,0,0,146,4,150,0,0,148,4,152,758,32,790,942
12/11/2004,RYN,AZ,AWP,WE,Federal Contract Tower,0,0,4,0,4,0,0,331,2,333,0,0,335,2,337,723,0,723,1060
12/12/2004,RYN,AZ,AWP,WE,Federal Contract Tower,0,0,2,0,2,0,0,199,0,199,0,0,201,0,201,363,0,363,564
12/13/2004,RYN,AZ,AWP,WE,Federal Contract Tower,0,0,1,0,1,0,0,145,5,150,0,0,146,5,151,421,2,423,574
12/14/2004,RYN,AZ,AWP,WE,Federal Contract Tower,0,0,1,0,1,0,0,77,8,85,0,0,78,8,86,97,7,104,190
12/15/2004,RYN,AZ,AWP,WE,Federal Contract Tower,0,0,2,0,2,0,0,222,63,285,0,0,224,63,287,644,2,646,933
12/16/2004,RYN,AZ,AWP,WE,Federal Contract Tower,0,0,2,0,2,0,0,165,6,171,0,0,167,6,173,323,4,327,500
12/17/2004,RYN,AZ,AWP,WE,Federal Contract Tower,0,0,2,0,2,0,0,32,0,32,0,0,34,0,34,34,0,34,68
12/18/2004,RYN,AZ,AWP,WE,Federal Contract Tower,0,0,0,0,0,0,0,193,0,193,0,0,193,0,193,477,0,477,670
12/19/2004,RYN,AZ,AWP,WE,Federal Contract Tower,0,0,2,0,2,0,0,73,0,73,0,0,75,0,75,140,0,140,215
12/20/2004,RYN,AZ,AWP,WE,Federal Contract Tower,0,0,0,0,0,0,0,185,0,185,0,0,185,0,185,382,0,382,567
12/21/2004,RYN,AZ,AWP,WE,Federal Contract Tower,0,0,4,0,4,0,0,256,11,267,0,0,260,11,271,411,37,448,719
12/22/2004,RYN,AZ,AWP,WE,Federal Contract Tower,0,0,1,0,1,0,0,222,5,227,0,0,223,5,228,647,0,647,875
12/23/2004,RYN,AZ,AWP,WE,Federal Contract Tower,0,0,0,0,0,0,0,164,3,167,0,0,164,3,167,516,2,518,685
12/24/2004,RYN,AZ,AWP,WE,Federal Contract Tower,0,0,1,0,1,0,0,29,2,31,0,0,30,2,32,44,0,44,76
12/25/2004,RYN,AZ,AWP,WE,Federal Contract Tower,0,0,0,0,0,0,0,19,0,19,0,0,19,0,19,14,0,14,33
12/26/2004,RYN,AZ,AWP,WE,Federal Contract Tower,0,0,0,0,0,0,0,82,0,82,0,0,82,0,82,166,0,166,248
12/27/2004,RYN,AZ,AWP,WE,Federal Contract Tower,0,0,3,0,3,0,0,165,0,165,0,0,168,0,168,374,0,374,542
12/28/2004,RYN,AZ,AWP,WE,Federal Contract Tower,0,0,3,2,5,0,0,119,7,126,0,0,122,9,131,313,9,322,453
12/29/2004,RYN,AZ,AWP,WE,Federal Contract Tower,0,0,0,0,0,0,0,13,4,17,0,0,13,4,17,21,0,21,38
12/30/2004,RYN,AZ,AWP,WE,Federal Contract Tower,0,0,5,0,5,0,0,222,0,222,0,0,227,0,227,686,0,686,913
12/31/2004,RYN,AZ,AWP,WE,Federal Contract Tower,0,0,2,0,2,0,0,146,0,146,0,0,148,0,148,284,0,284,432
01/01/2005,RYN,AZ,AWP,WE,Federal Contract Tower,0,0,1,0,1,0,0,86,0,86,0,0,87,0,87,102,0,102,189
01/02/2005,RYN,AZ,AWP,WE,Federal Contract Tower,0,0,4,0,4,0,0,115,0,115,0,0,119,0,119,326,0,326,445
01/03/2005,RYN,AZ,AWP,WE,Federal Contract Tower,0,0,5,0,5,0,0,49,0,49,0,0,54,0,54,130,0,130,184
01/04/2005,RYN,AZ,AWP,WE,Federal Contract Tower,0,0,2,0,2,0,0,8,11,19,0,0,10,11,21,20,72,92,113
01/05/2005,RYN,AZ,AWP,WE,Federal Contract Tower,0,0,8,0,8,0,0,263,13,276,0,0,271,13,284,415,1,416,700
01/06/2005,RYN,AZ,AWP,WE,Federal Contract Tower,0,0,5,0,5,0,0,174,5,179,0,0,179,5,184,449,6,455,639
01/07/2005,RYN,AZ,AWP,WE,Federal Contract Tower,0,0,2,0,2,0,0,192,4,196,0,0,194,4,198,508,4,512,710
01/08/2005,RYN,AZ,AWP,WE,Federal Contract Tower,0,0,1,0,1,0,0,178,0,178,0,0,179,0,179,492,0,492,671
01/09/2005,RYN,AZ,AWP,WE,Federal Contract Tower,0,0,3,0,3,0,0,129,0,129,0,0,132,0,132,314,0,314,446
01/10/2005,RYN,AZ,AWP,WE,Federal Contract Tower,0,0,3,0,3,0,0,101,7,108,0,0,104,7,111,270,7,277,388
01/11/2005,RYN,AZ,AWP,WE,Federal Contract Tower,0,0,3,0,3,0,0,99,2,101,0,0,102,2,104,103,13,116,220
01/12/2005,RYN,AZ,AWP,WE,Federal Contract Tower,0,0,6,0,6,0,0,190,4,194,0,0,196,4,200,292,2,294,494
01/13/2005,RYN,AZ,AWP,WE,Federal Contract Tower,0,0,3,0,3,0,0,138,8,146,0,0,141,8,149,281,6,287,436
01/14/2005,RYN,AZ,AWP,WE,Federal Contract Tower,0,0,3,0,3,0,0,169,2,171,0,0,172,2,174,278,0,278,452
01/15/2005,RYN,AZ,AWP,WE,Federal Contract Tower,0,0,2,0,2,0,0,218,0,218,0,0,220,0,220,380,0,380,600
01/16/2005,RYN,AZ,AWP,WE,Federal Contract Tower,0,0,2,0,2,0,0,165,0,165,0,0,167,0,167,326,0,326,493
01/17/2005,RYN,AZ,AWP,WE,Federal Contract Tower,0,0,4,0,4,0,0,184,0,184,0,0,188,0,188,319,0,319,507
01/18/2005,RYN,AZ,AWP,WE,Federal Contract Tower,0,0,3,0,3,0,0,179,0,179,0,0,182,0,182,302,0,302,484
01/19/2005,RYN,AZ,AWP,WE,Federal Contract Tower,0,0,2,0,2,0,0,185,10,195,0,0,187,10,197,258,0,258,455
01/20/2005,RYN,AZ,AWP,WE,Federal Contract Tower,0,0,0,0,0,0,0,198,12,210,0,0,198,12,210,332,4,336,546
01/21/2005,RYN,AZ,AWP,WE,Federal Contract Tower,0,0,5,0,5,0,0,149,16,165,0,0,154,16,170,432,0,432,602
01/22/2005,RYN,AZ,AWP,WE,Federal Contract Tower,0,0,6,0,6,0,0,256,2,258,0,0,262,2,264,409,0,409,673
01/23/2005,RYN,AZ,AWP,WE,Federal Contract Tower,0,0,3,0,3,0,0,57,0,57,0,0,60,0,60,40,0,40,100
01/24/2005,RYN,AZ,AWP,WE,Federal Contract Tower,0,0,5,0,5,0,0,142,8,150,0,0,147,8,155,222,0,222,377
01/25/2005,RYN,AZ,AWP,WE,Federal Contract Tower,0,0,1,0,1,0,0,155,4,159,0,0,156,4,160,259,0,259,419
01/26/2005,RYN,AZ,AWP,WE,Federal Contract Tower,0,0,12,0,12,0,0,34,11,45,0,0,46,11,57,78,3,81,138
01/27/2005,RYN,AZ,AWP,WE,Federal Contract Tower,0,0,11,0,11,0,0,147,12,159,0,0,158,12,170,327,3,330,500
01/28/2005,RYN,AZ,AWP,WE,Federal Contract Tower,0,0,8,0,8,0,0,189,10,199,0,0,197,10,207,560,10,570,777
01/29/2005,RYN,AZ,AWP,WE,Federal Contract Tower,0,0,3,0,3,0,0,153,0,153,0,0,156,0,156,212,0,212,368
01/30/2005,RYN,AZ,AWP,WE,Federal Contract Tower,0,0,4,0,4,0,0,143,0,143,0,0,147,0,147,210,0,210,357
01/31/2005,RYN,AZ,AWP,WE,Federal Contract Tower,0,0,1,0,1,0,0,143,21,164,0,0,144,21,165,243,2,245,410
02/01/2005,RYN,AZ,AWP,WE,Federal Contract Tower,0,0,4,0,4,0,0,170,9,179,0,0,174,9,183,334,0,334,517
02/02/2005,RYN,AZ,AWP,WE,Federal Contract Tower,0,0,0,0,0,0,0,48,5,53,0,0,48,5,53,81,36,117,170
02/03/2005,RYN,AZ,AWP,WE,Federal Contract Tower,0,0,1,0,1,0,0,32,6,38,0,0,33,6,39,28,2,30,69
02/04/2005,RYN,AZ,AWP,WE,Federal Contract Tower,0,0,2,0,2,0,0,41,1,42,0,0,43,1,44,56,1,57,101
02/05/2005,RYN,AZ,AWP,WE,Federal Contract Tower,0,0,2,0,2,0,0,246,0,246,0,0,248,0,248,458,0,458,706
02/06/2005,RYN,AZ,AWP,WE,Federal Contract Tower,0,0,2,0,2,0,0,163,0,163,0,0,165,0,165,262,0,262,427
02/07/2005,RYN,AZ,AWP,WE,Federal Contract Tower,0,0,1,0,1,0,0,161,2,163,0,0,162,2,164,328,0,328,492
02/08/2005,RYN,AZ,AWP,WE,Federal Contract Tower,0,0,3,0,3,0,0,136,4,140,0,0,139,4,143,292,2,294,437
02/09/2005,RYN,AZ,AWP,WE,Federal Contract Tower,0,0,0,0,0,0,0,118,0,118,0,0,118,0,118,181,0,181,299
02/10/2005,RYN,AZ,AWP,WE,Federal Contract Tower,0,0,4,0,4,0,0,114,11,125,0,0,118,11,129,337,4,341,470
02/11/2005,RYN,AZ,AWP,WE,Federal Contract Tower,0,0,5,0,5,0,0,91,0,91,0,0,96,0,96,191,0,191,287
02/12/2005,RYN,AZ,AWP,WE,Federal Contract Tower,0,0,9,0,9,0,0,87,0,87,0,0,96,0,96,375,0,375,471
02/13/2005,RYN,AZ,AWP,WE,Federal Contract Tower,0,0,10,0,10,0,0,175,0,175,0,0,185,0,185,440,0,440,625
02/14/2005,RYN,AZ,AWP,WE,Federal Contract Tower,0,0,4,0,4,0,0,181,2,183,0,0,185,2,187,358,0,358,545
02/15/2005,RYN,AZ,AWP,WE,Federal Contract Tower,0,0,4,0,4,0,0,192,3,195,0,0,196,3,199,448,1,449,648
02/16/2005,RYN,AZ,AWP,WE,Federal Contract Tower,0,0,5,0,5,0,0,228,12,240,0,0,233,12,245,553,28,581,826
02/17/2005,RYN,AZ,AWP,WE,Federal Contract Tower,0,0,2,0,2,0,0,142,11,153,0,0,144,11,155,404,14,418,573
02/18/2005,RYN,AZ,AWP,WE,Federal Contract Tower,0,0,1,0,1,0,0,148,4,152,0,0,149,4,153,413,0,413,566
02/19/2005,RYN,AZ,AWP,WE,Federal Contract Tower,0,0,10,0,10,0,0,19,0,19,0,0,29,0,29,108,4,112,141
02/20/2005,RYN,AZ,AWP,WE,Federal Contract Tower,0,0,2,0,2,0,0,163,0,163,0,0,165,0,165,448,0,448,613
02/21/2005,RYN,AZ,AWP,WE,Federal Contract Tower,0,0,3,0,3,0,0,155,0,155,0,0,158,0,158,321,0,321,479
02/22/2005,RYN,AZ,AWP,WE,Federal Contract Tower,0,0,7,0,7,0,0,172,2,174,0,0,179,2,181,308,2,310,491
02/23/2005,RYN,AZ,AWP,WE,Federal Contract Tower,0,0,5,0,5,0,0,196,11,207,0,0,201,11,212,337,5,342,554
02/24/2005,RYN,AZ,AWP,WE,Federal Contract Tower,0,0,5,1,6,0,0,103,30,133,0,0,108,31,139,383,98,481,620
02/25/2005,RYN,AZ,AWP,WE,Federal Contract Tower,0,0,7,0,7,0,0,252,12,264,0,0,259,12,271,500,10,510,781
02/26/2005,RYN,AZ,AWP,WE,Federal Contract Tower,0,0,3,0,3,0,0,224,0,224,0,0,227,0,227,408,0,408,635
02/27/2005,RYN,AZ,AWP,WE,Federal Contract Tower,0,0,4,0,4,0,0,183,0,183,0,0,187,0,187,300,0,300,487
02/28/2005,RYN,AZ,AWP,WE,Federal Contract Tower,0,0,1,0,1,0,0,125,8,133,0,0,126,8,134,410,30,440,574
03/01/2005,RYN,AZ,AWP,WE,Federal Contract Tower,0,0,5,0,5,0,0,163,15,178,0,0,168,15,183,411,0,411,594
03/02/2005,RYN,AZ,AWP,WE,Federal Contract Tower,0,0,2,0,2,0,0,189,12,201,0,0,191,12,203,462,21,483,686
03/03/2005,RYN,AZ,AWP,WE,Federal Contract Tower,0,0,3,0,3,0,0,224,0,224,0,0,227,0,227,495,0,495,722
03/04/2005,RYN,AZ,AWP,WE,Federal Contract Tower,0,0,1,0,1,0,0,180,10,190,0,0,181,10,191,434,0,434,625
03/05/2005,RYN,AZ,AWP,WE,Federal Contract Tower,0,0,1,0,1,0,0,147,2,149,0,0,148,2,150,254,0,254,404
03/06/2005,RYN,AZ,AWP,WE,Federal Contract Tower,0,0,5,0,5,0,0,42,0,42,0,0,47,0,47,146,0,146,193
03/07/2005,RYN,AZ,AWP,WE,Federal Contract Tower,0,0,3,0,3,0,0,133,4,137,0,0,136,4,140,400,0,400,540
03/08/2005,RYN,AZ,AWP,WE,Federal Contract Tower,0,0,1,0,1,0,0,155,4,159,0,0,156,4,160,325,0,325,485
03/09/2005,RYN,AZ,AWP,WE,Federal Contract Tower,0,0,2,0,2,0,0,168,11,179,0,0,170,11,181,425,33,458,639
03/10/2005,RYN,AZ,AWP,WE,Federal Contract Tower,0,0,6,0,6,0,0,129,6,135,0,0,135,6,141,423,4,427,568
03/11/2005,RYN,AZ,AWP,WE,Federal Contract Tower,0,0,0,0,0,0,0,170,0,170,0,0,170,0,170,412,0,412,582
03/12/2005,RYN,AZ,AWP,WE,Federal Contract Tower,0,0,1,0,1,0,0,442,0,442,0,0,443,0,443,312,0,312,755
03/13/2005,RYN,AZ,AWP,WE,Federal Contract Tower,0,0,3,0,3,0,0,182,0,182,0,0,185,0,185,386,0,386,571
03/14/2005,RYN,AZ,AWP,WE,Federal Contract Tower,0,0,1,0,1,0,0,78,2,80,0,0,79,2,81,117,0,117,198
03/15/2005,RYN,AZ,AWP,WE,Federal Contract Tower,0,0,2,0,2,0,0,102,7,109,0,0,104,7,111,181,39,220,331
03/16/2005,RYN,AZ,AWP,WE,Federal Contract Tower,0,0,1,0,1,0,0,153,4,157,0,0,154,4,158,413,0,413,571
03/17/2005,RYN,AZ,AWP,WE,Federal Contract Tower,0,0,2,0,2,0,0,134,8,142,0,0,136,8,144,563,14,577,721
03/18/2005,RYN,AZ,AWP,WE,Federal Contract Tower,0,0,0,0,0,0,0,150,0,150,0,0,150,0,150,510,0,510,660
03/19/2005,RYN,AZ,AWP,WE,Federal Contract Tower,0,0,10,0,10,0,0,98,2,100,0,0,108,2,110,167,12,179,289
03/20/2005,RYN,AZ,AWP,WE,Federal Contract Tower,0,0,3,0,3,0,0,135,0,135,0,0,138,0,138,238,0,238,376
03/21/2005,RYN,AZ,AWP,WE,Federal Contract Tower,0,0,5,0,5,0,0,91,0,91,0,0,96,0,96,233,0,233,329
03/22/2005,RYN,AZ,AWP,WE,Federal Contract Tower,0,0,1,0,1,0,0,238,4,242,0,0,239,4,243,558,0,558,801
03/23/2005,RYN,AZ,AWP,WE,Federal Contract Tower,0,0,2,0,2,0,0,108,2,110,0,0,110,2,112,248,0,248,360
03/24/2005,RYN,AZ,AWP,WE,Federal Contract Tower,0,0,5,0,5,0,0,190,17,207,0,0,195,17,212,472,14,486,698
03/25/2005,RYN,AZ,AWP,WE,Federal Contract Tower,0,0,2,0,2,0,0,160,2,162,0,0,162,2,164,362,0,362,526
03/26/2005,RYN,AZ,AWP,WE,Federal Contract Tower,0,0,4,0,4,0,0,180,0,180,0,0,184,0,184,256,0,256,440
03/27/2005,RYN,AZ,AWP,WE,Federal Contract Tower,0,0,2,0,2,0,0,82,0,82,0,0,84,0,84,130,0,130,214
03/28/2005,RYN,AZ,AWP,WE,Federal Contract Tower,0,0,3,0,3,0,0,161,0,161,0,0,164,0,164,485,0,485,649
03/29/2005,RYN,AZ,AWP,WE,Federal Contract Tower,0,0,0,0,0,0,0,202,20,222,0,0,202,20,222,624,4,628,850
03/30/2005,RYN,AZ,AWP,WE,Federal Contract Tower,0,0,3,0,3,0,0,235,6,241,0,0,238,6,244,539,0,539,783
03/31/2005,RYN,AZ,AWP,WE,Federal Contract Tower,0,0,2,0,2,0,0,143,6,149,0,0,145,6,151,447,6,453,604
04/01/2005,RYN,AZ,AWP,WE,Federal Contract Tower,0,0,0,0,0,0,0,75,0,75,0,0,75,0,75,184,0,184,259
04/02/2005,RYN,AZ,AWP,WE,Federal Contract Tower,0,0,0,0,0,0,0,160,4,164,0,0,160,4,164,274,2,276,440
04/03/2005,RYN,AZ,AWP,WE,Federal Contract Tower,0,0,0,0,0,0,0,86,0,86,0,0,86,0,86,118,0,118,204
04/04/2005,RYN,AZ,AWP,WE,Federal Contract Tower,0,0,1,0,1,0,0,98,0,98,0,0,99,0,99,124,0,124,223
04/05/2005,RYN,AZ,AWP,WE,Federal Contract Tower,0,0,0,0,0,0,0,237,6,243,0,0,237,6,243,478,5,483,726
04/06/2005,RYN,AZ,AWP,WE,Federal Contract Tower,0,0,1,0,1,0,0,188,6,194,0,0,189,6,195,605,6,611,806
04/07/2005,RYN,AZ,AWP,WE,Federal Contract Tower,0,0,3,0,3,0,0,184,2,186,0,0,187,2,189,485,2,487,676
04/08/2005,RYN,AZ,AWP,WE,Federal Contract Tower,0,0,1,0,1,0,0,135,2,137,0,0,136,2,138,446,0,446,584
04/09/2005,RYN,AZ,AWP,WE,Federal Contract Tower,0,0,0,0,0,0,0,131,4,135,0,0,131,4,135,204,0,204,339
04/10/2005,RYN,AZ,AWP,WE,Federal Contract Tower,0,0,1,0,1,0,0,124,0,124,0,0,125,0,125,166,0,166,291
04/11/2005,RYN,AZ,AWP,WE,Federal Contract Tower,0,0,2,0,2,0,0,197,2,199,0,0,199,2,201,513,0,513,714
04/12/2005,RYN,AZ,AWP,WE,Federal Contract Tower,0,0,2,0,2,0,0,177,0,177,0,0,179,0,179,456,0,456,635
04/13/2005,RYN,AZ,AWP,WE,Federal Contract Tower,0,0,4,0,4,0,0,169,11,180,0,0,173,11,184,412,2,414,598
04/14/2005,RYN,AZ,AWP,WE,Federal Contract Tower,0,0,3,0,3,0,0,197,2,199,0,0,200,2,202,446,8,454,656
04/15/2005,RYN,AZ,AWP,WE,Federal Contract Tower,0,0,3,0,3,0,0,205,6,211,0,0,208,6,214,622,0,622,836
04/16/2005,RYN,AZ,AWP,WE,Federal Contract Tower,0,0,2,0,2,0,0,257,0,257,0,0,259,0,259,384,0,384,643
04/17/2005,RYN,AZ,AWP,WE,Federal Contract Tower,0,0,3,0,3,0,0,176,2,178,0,0,179,2,181,230,0,230,411
04/18/2005,RYN,AZ,AWP,WE,Federal Contract Tower,0,0,4,0,4,0,0,96,14,110,0,0,100,14,114,115,18,133,247
04/19/2005,RYN,AZ,AWP,WE,Federal Contract Tower,0,0,0,0,0,0,0,98,9,107,0,0,98,9,107,215,0,215,322
04/20/2005,RYN,AZ,AWP,WE,Federal Contract Tower,0,0,0,0,0,0,0,168,8,176,0,0,168,8,176,426,0,426,602
04/21/2005,RYN,AZ,AWP,WE,Federal Contract Tower,0,0,4,0,4,0,0,190,14,204,0,0,194,14,208,434,4,438,646
04/22/2005,RYN,AZ,AWP,WE,Federal Contract Tower,0,0,1,0,1,0,0,177,14,191,0,0,178,14,192,318,2,320,512
04/23/2005,RYN,AZ,AWP,WE,Federal Contract Tower,0,0,0,0,0,0,0,186,6,192,0,0,186,6,192,316,0,316,508
04/24/2005,RYN,AZ,AWP,WE,Federal Contract Tower,0,0,7,0,7,0,0,156,0,156,0,0,163,0,163,326,0,326,489
04/25/2005,RYN,AZ,AWP,WE,Federal Contract Tower,0,0,3,0,3,0,0,145,4,149,0,0,148,4,152,352,32,384,536
04/26/2005,RYN,AZ,AWP,WE,Federal Contract Tower,0,0,6,0,6,0,0,180,4,184,0,0,186,4,190,411,0,411,601
04/27/2005,RYN,AZ,AWP,WE,Federal Contract Tower,0,0,3,0,3,0,0,187,16,203,0,0,190,16,206,398,0,398,604
04/28/2005,RYN,AZ,AWP,WE,Federal Contract Tower,0,0,3,0,3,0,0,102,10,112,0,0,105,10,115,187,8,195,310
04/29/2005,RYN,AZ,AWP,WE,Federal Contract Tower,0,0,3,0,3,0,0,171,16,187,0,0,174,16,190,460,2,462,652
04/30/2005,RYN,AZ,AWP,WE,Federal Contract Tower,0,0,6,0,6,0,0,227,18,245,0,0,233,18,251,542,0,542,793
05/01/2005,RYN,AZ,AWP,WE,Federal Contract Tower,0,0,3,0,3,0,0,178,10,188,0,0,181,10,191,302,0,302,493
05/02/2005,RYN,AZ,AWP,WE,Federal Contract Tower,0,0,3,0,3,0,0,156,18,174,0,0,159,18,177,288,8,296,473
05/03/2005,RYN,AZ,AWP,WE,Federal Contract Tower,0,0,2,4,6,0,0,174,12,186,0,0,176,16,192,331,6,337,529
05/04/2005,RYN,AZ,AWP,WE,Federal Contract Tower,0,0,1,0,1,0,0,152,14,166,0,0,153,14,167,353,2,355,522
05/05/2005,RYN,AZ,AWP,WE,Federal Contract Tower,0,0,7,0,7,0,0,120,8,128,0,0,127,8,135,291,35,326,461
05/06/2005,RYN,AZ,AWP,WE,Federal Contract Tower,0,0,4,2,6,0,0,141,12,153,0,0,145,14,159,340,0,340,499
05/07/2005,RYN,AZ,AWP,WE,Federal Contract Tower,0,0,4,0,4,0,0,214,6,220,0,0,218,6,224,564,0,564,788
05/08/2005,RYN,AZ,AWP,WE,Federal Contract Tower,0,0,2,0,2,0,0,181,2,183,0,0,183,2,185,332,0,332,517
05/09/2005,RYN,AZ,AWP,WE,Federal Contract Tower,0,0,1,0,1,0,0,133,2,135,0,0,134,2,136,293,0,293,429
05/10/2005,RYN,AZ,AWP,WE,Federal Contract Tower,0,0,4,0,4,0,0,137,24,161,0,0,141,24,165,348,0,348,513
05/11/2005,RYN,AZ,AWP,WE,Federal Contract Tower,0,0,4,0,4,0,0,181,18,199,0,0,185,18,203,496,0,496,699
05/12/2005,RYN,AZ,AWP,WE,Federal Contract Tower,0,0,2,1,3,0,0,165,5,170,0,0,167,6,173,392,0,392,565
05/13/2005,RYN,AZ,AWP,WE,Federal Contract Tower,0,0,0,0,0,0,0,202,6,208,0,0,202,6,208,474,0,474,682
05/14/2005,RYN,AZ,AWP,WE,Federal Contract Tower,0,0,1,0,1,0,0,237,4,241,0,0,238,4,242,488,0,488,730
05/15/2005,RYN,AZ,AWP,WE,Federal Contract Tower,0,0,5,0,5,0,0,134,0,134,0,0,139,0,139,224,0,224,363
05/16/2005,RYN,AZ,AWP,WE,Federal Contract Tower,0,0,1,0,1,0,0,107,3,110,0,0,108,3,111,136,10,146,257
05/17/2005,RYN,AZ,AWP,WE,Federal Contract Tower,0,0,3,2,5,0,0,192,6,198,0,0,195,8,203,248,39,287,490
05/18/2005,RYN,AZ,AWP,WE,Federal Contract Tower,0,0,1,0,1,0,0,208,8,216,0,0,209,8,217,350,0,350,567
05/19/2005,RYN,AZ,AWP,WE,Federal Contract Tower,0,0,2,1,3,0,0,160,3,163,0,0,162,4,166,463,10,473,639
05/20/2005,RYN,AZ,AWP,WE,Federal Contract Tower,0,0,0,0,0,0,0,165,0,165,0,0,165,0,165,354,0,354,519
05/21/2005,RYN,AZ,AWP,WE,Federal Contract Tower,0,0,1,0,1,0,0,189,4,193,0,0,190,4,194,340,2,342,536
05/22/2005,RYN,AZ,AWP,WE,Federal Contract Tower,0,0,2,0,2,0,0,156,0,156,0,0,158,0,158,156,0,156,314
05/23/2005,RYN,AZ,AWP,WE,Federal Contract Tower,0,0,2,0,2,0,4,105,18,127,0,4,107,18,129,266,8,274,403
05/24/2005,RYN,AZ,AWP,WE,Federal Contract Tower,0,0,0,0,0,0,0,166,16,182,0,0,166,16,182,247,22,269,451
05/25/2005,RYN,AZ,AWP,WE,Federal Contract Tower,0,0,6,0,6,0,0,185,3,188,0,0,191,3,194,330,3,333,527
05/26/2005,RYN,AZ,AWP,WE,Federal Contract Tower,0,0,3,0,3,0,0,185,0,185,0,0,188,0,188,358,0,358,546
05/27/2005,RYN,AZ,AWP,WE,Federal Contract Tower,0,0,4,0,4,0,0,171,6,177,0,0,175,6,181,276,0,276,457
05/28/2005,RYN,AZ,AWP,WE,Federal Contract Tower,0,0,8,0,8,0,0,112,0,112,0,0,120,0,120,212,0,212,332
05/29/2005,RYN,AZ,AWP,WE,Federal Contract Tower,0,0,5,0,5,0,0,142,0,142,0,0,147,0,147,152,0,152,299
05/30/2005,RYN,AZ,AWP,WE,Federal Contract Tower,0,0,0,0,0,0,0,87,0,87,0,0,87,0,87,78,0,78,165
05/31/2005,RYN,AZ,AWP,WE,Federal Contract Tower,0,0,3,0,3,0,0,158,15,173,0,0,161,15,176,405,71,476,652
06/01/2005,RYN,AZ,AWP,WE,Federal Contract Tower,0,0,4,0,4,0,0,215,22,237,0,0,219,22,241,373,28,401,642
06/02/2005,RYN,AZ,AWP,WE,Federal Contract Tower,0,0,0,1,1,0,0,147,11,158,0,0,147,12,159,280,8,288,447
06/03/2005,RYN,AZ,AWP,WE,Federal Contract Tower,0,0,3,0,3,0,0,166,0,166,0,0,169,0,169,472,0,472,641
06/04/2005,RYN,AZ,AWP,WE,Federal Contract Tower,0,0,4,0,4,0,0,187,4,191,0,0,191,4,195,402,0,402,597
06/05/2005,RYN,AZ,AWP,WE,Federal Contract Tower,0,0,3,0,3,0,0,163,0,163,0,0,166,0,166,210,0,210,376
06/06/2005,RYN,AZ,AWP,WE,Federal Contract Tower,0,0,2,0,2,0,0,157,5,162,0,0,159,5,164,190,32,222,386
06/07/2005,RYN,AZ,AWP,WE,Federal Contract Tower,0,0,3,0,3,0,0,150,8,158,0,0,153,8,161,421,6,427,588
06/08/2005,RYN,AZ,AWP,WE,Federal Contract Tower,0,0,1,0,1,0,0,171,4,175,0,0,172,4,176,442,0,442,618
06/09/2005,RYN,AZ,AWP,WE,Federal Contract Tower,0,0,3,2,5,0,0,154,6,160,0,0,157,8,165,320,2,322,487
06/10/2005,RYN,AZ,AWP,WE,Federal Contract Tower,0,0,2,0,2,0,0,156,14,170,0,0,158,14,172,300,0,300,472
06/11/2005,RYN,AZ,AWP,WE,Federal Contract Tower,0,0,3,0,3,0,0,179,2,181,0,0,182,2,184,302,0,302,486
06/12/2005,RYN,AZ,AWP,WE,Federal Contract Tower,0,0,5,0,5,0,0,188,3,191,0,0,193,3,196,358,0,358,554
06/13/2005,RYN,AZ,AWP,WE,Federal Contract Tower,0,0,1,0,1,0,0,169,0,169,0,0,170,0,170,248,0,248,418
06/14/2005,RYN,AZ,AWP,WE,Federal Contract Tower,0,0,4,0,4,0,0,156,57,213,0,0,160,57,217,272,2,274,491
06/15/2005,RYN,AZ,AWP,WE,Federal Contract Tower,0,0,1,0,1,0,0,149,12,161,0,0,150,12,162,250,4,254,416
06/16/2005,RYN,AZ,AWP,WE,Federal Contract Tower,0,0,1,0,1,0,0,156,6,162,0,0,157,6,163,278,4,282,445
06/17/2005,RYN,AZ,AWP,WE,Federal Contract Tower,0,0,1,0,1,0,0,199,15,214,0,0,200,15,215,356,0,356,571
06/18/2005,RYN,AZ,AWP,WE,Federal Contract Tower,0,0,0,0,0,0,0,260,2,262,0,0,260,2,262,278,0,278,540
06/19/2005,RYN,AZ,AWP,WE,Federal Contract Tower,0,0,4,0,4,0,0,113,2,115,0,0,117,2,119,164,0,164,283
06/20/2005,RYN,AZ,AWP,WE,Federal Contract Tower,0,0,2,0,2,0,0,113,8,121,0,0,115,8,123,248,12,260,383
06/21/2005,RYN,AZ,AWP,WE,Federal Contract Tower,0,0,2,0,2,0,0,125,4,129,0,0,127,4,131,158,0,158,289
06/22/2005,RYN,AZ,AWP,WE,Federal Contract Tower,0,0,8,0,8,0,0,144,3,147,0,0,152,3,155,183,0,183,338
06/23/2005,RYN,AZ,AWP,WE,Federal Contract Tower,0,0,9,0,9,0,0,179,2,181,0,0,188,2,190,317,2,319,509
06/24/2005,RYN,AZ,AWP,WE,Federal Contract Tower,0,0,5,0,5,0,0,168,8,176,0,0,173,8,181,334,2,336,517
06/25/2005,RYN,AZ,AWP,WE,Federal Contract Tower,0,0,6,0,6,0,0,189,8,197,0,0,195,8,203,278,0,278,481
06/26/2005,RYN,AZ,AWP,WE,Federal Contract Tower,0,0,2,0,2,0,0,159,0,159,0,0,161,0,161,236,0,236,397
06/27/2005,RYN,AZ,AWP,WE,Federal Contract Tower,0,0,0,0,0,0,0,114,6,120,0,0,114,6,120,114,0,114,234
06/28/2005,RYN,AZ,AWP,WE,Federal Contract Tower,0,0,0,0,0,0,0,114,6,120,0,0,114,6,120,243,0,243,363
06/29/2005,RYN,AZ,AWP,WE,Federal Contract Tower,0,0,4,0,4,0,0,129,4,133,0,0,133,4,137,348,0,348,485
06/30/2005,RYN,AZ,AWP,WE,Federal Contract Tower,0,0,3,0,3,0,0,142,7,149,0,0,145,7,152,264,3,267,419
07/01/2005,RYN,AZ,AWP,WE,Federal Contract Tower,0,0,2,0,2,0,0,120,6,126,0,0,122,6,128,194,0,194,322
07/02/2005,RYN,AZ,AWP,WE,Federal Contract Tower,0,0,1,0,1,0,0,137,0,137,0,0,138,0,138,138,0,138,276
07/03/2005,RYN,AZ,AWP,WE,Federal Contract Tower,0,0,2,0,2,0,0,103,2,105,0,0,105,2,107,236,0,236,343
07/04/2005,RYN,AZ,AWP,WE,Federal Contract Tower,0,0,0,0,0,0,0,61,0,61,0,0,61,0,61,133,0,133,194
07/05/2005,RYN,AZ,AWP,WE,Federal Contract Tower,0,0,0,0,0,0,0,101,9,110,0,0,101,9,110,190,18,208,318
07/06/2005,RYN,AZ,AWP,WE,Federal Contract Tower,0,0,4,0,4,0,0,182,8,190,0,0,186,8,194,251,14,265,459
07/07/2005,RYN,AZ,AWP,WE,Federal Contract Tower,0,0,0,0,0,0,0,111,16,127,0,0,111,16,127,261,20,281,408
07/08/2005,RYN,AZ,AWP,WE,Federal Contract Tower,0,0,2,0,2,0,0,101,2,103,0,0,103,2,105,200,0,200,305
07/09/2005,RYN,AZ,AWP,WE,Federal Contract Tower,0,0,2,0,2,0,0,92,2,94,0,0,94,2,96,138,0,138,234
07/10/2005,RYN,AZ,AWP,WE,Federal Contract Tower,0,0,2,0,2,0,0,114,6,120,0,0,116,6,122,82,0,82,204
07/11/2005,RYN,AZ,AWP,WE,Federal Contract Tower,0,0,2,0,2,0,0,172,8,180,0,0,174,8,182,237,0,237,419
07/12/2005,RYN,AZ,AWP,WE,Federal Contract Tower,0,0,3,0,3,0,0,118,0,118,0,0,121,0,121,123,0,123,244
07/13/2005,RYN,AZ,AWP,WE,Federal Contract Tower,0,0,3,0,3,0,0,125,6,131,0,0,128,6,134,185,12,197,331
07/14/2005,RYN,AZ,AWP,WE,Federal Contract Tower,0,0,1,0,1,0,0,162,4,166,0,0,163,4,167,343,0,343,510
07/15/2005,RYN,AZ,AWP,WE,Federal Contract Tower,0,0,1,0,1,0,0,129,14,143,0,0,130,14,144,188,0,188,332
07/16/2005,RYN,AZ,AWP,WE,Federal Contract Tower,0,0,6,0,6,0,0,125,12,137,0,0,131,12,143,216,0,216,359
07/17/2005,RYN,AZ,AWP,WE,Federal Contract Tower,0,0,1,0,1,0,0,103,8,111,0,0,104,8,112,106,0,106,218
07/18/2005,RYN,AZ,AWP,WE,Federal Contract Tower,0,0,0,0,0,0,0,138,2,140,0,0,138,2,140,242,0,242,382
07/19/2005,RYN,AZ,AWP,WE,Federal Contract Tower,0,0,1,1,2,0,0,59,20,79,0,0,60,21,81,131,154,285,366
07/20/2005,RYN,AZ,AWP,WE,Federal Contract Tower,0,0,7,0,7,0,0,161,9,170,0,0,168,9,177,284,0,284,461
07/21/2005,RYN,AZ,AWP,WE,Federal Contract Tower,0,0,4,0,4,0,0,124,14,138,0,0,128,14,142,218,12,230,372
07/22/2005,RYN,AZ,AWP,WE,Federal Contract Tower,0,0,0,0,0,0,0,83,8,91,0,0,83,8,91,155,68,223,314
07/23/2005,RYN,AZ,AWP,WE,Federal Contract Tower,0,0,5,0,5,0,0,148,0,148,0,0,153,0,153,210,0,210,363
07/24/2005,RYN,AZ,AWP,WE,Federal Contract Tower,0,0,1,0,1,0,0,107,0,107,0,0,108,0,108,60,0,60,168
07/25/2005,RYN,AZ,AWP,WE,Federal Contract Tower,0,0,4,0,4,0,0,119,7,126,0,0,123,7,130,180,10,190,320
07/26/2005,RYN,AZ,AWP,WE,Federal Contract Tower,0,0,5,1,6,0,0,82,2,84,0,0,87,3,90,174,30,204,294
07/27/2005,RYN,AZ,AWP,WE,Federal Contract Tower,0,0,6,0,6,0,0,140,8,148,0,0,146,8,154,294,4,298,452
07/28/2005,RYN,AZ,AWP,WE,Federal Contract Tower,0,0,5,0,5,0,0,80,10,90,0,0,85,10,95,206,14,220,315
07/29/2005,RYN,AZ,AWP,WE,Federal Contract Tower,0,0,2,0,2,0,0,99,2,101,0,0,101,2,103,324,0,324,427
07/30/2005,RYN,AZ,AWP,WE,Federal Contract Tower,0,0,3,0,3,0,0,108,4,112,0,0,111,4,115,174,0,174,289
07/31/2005,RYN,AZ,AWP,WE,Federal Contract Tower,0,0,3,0,3,0,0,54,0,54,0,0,57,0,57,74,0,74,131
08/01/2005,RYN,AZ,AWP,WE,Federal Contract Tower,0,0,1,0,1,0,0,84,7,91,0,0,85,7,92,168,6,174,266
08/02/2005,RYN,AZ,AWP,WE,Federal Contract Tower,0,0,5,0,5,0,0,115,8,123,0,0,120,8,128,282,0,282,410
08/03/2005,RYN,AZ,AWP,WE,Federal Contract Tower,0,0,9,0,9,0,0,124,20,144,0,0,133,20,153,295,49,344,497
08/04/2005,RYN,AZ,AWP,WE,Federal Contract Tower,0,0,10,2,12,0,0,158,7,165,0,0,168,9,177,352,0,352,529
08/05/2005,RYN,AZ,AWP,WE,Federal Contract Tower,0,0,4,0,4,0,0,149,4,153,0,0,153,4,157,200,0,200,357
08/06/2005,RYN,AZ,AWP,WE,Federal Contract Tower,0,0,8,0,8,0,0,129,1,130,0,0,137,1,138,228,0,228,366
08/07/2005,RYN,AZ,AWP,WE,Federal Contract Tower,0,0,5,0,5,0,0,102,0,102,0,0,107,0,107,226,0,226,333
08/08/2005,RYN,AZ,AWP,WE,Federal Contract Tower,0,0,9,0,9,0,0,100,34,134,0,0,109,34,143,217,32,249,392
08/09/2005,RYN,AZ,AWP,WE,Federal Contract Tower,0,0,16,0,16,0,0,108,2,110,0,0,124,2,126,267,2,269,395
08/10/2005,RYN,AZ,AWP,WE,Federal Contract Tower,0,0,18,0,18,0,0,103,26,129,0,0,121,26,147,202,64,266,413
08/11/2005,RYN,AZ,AWP,WE,Federal Contract Tower,0,0,24,0,24,0,0,203,6,209,0,0,227,6,233,310,4,314,547
08/12/2005,RYN,AZ,AWP,WE,Federal Contract Tower,0,0,13,1,14,0,0,131,9,140,0,0,144,10,154,230,0,230,384
08/13/2005,RYN,AZ,AWP,WE,Federal Contract Tower,0,0,6,0,6,0,0,149,0,149,0,0,155,0,155,200,0,200,355
08/14/2005,RYN,AZ,AWP,WE,Federal Contract Tower,0,0,10,0,10,0,0,77,0,77,0,0,87,0,87,124,0,124,211
08/15/2005,RYN,AZ,AWP,WE,Federal Contract Tower,0,0,8,0,8,0,0,111,27,138,0,0,119,27,146,174,63,237,383
08/16/2005,RYN,AZ,AWP,WE,Federal Contract Tower,0,0,11,0,11,0,0,140,6,146,0,0,151,6,157,297,45,342,499
08/17/2005,RYN,AZ,AWP,WE,Federal Contract Tower,0,0,3,0,3,0,0,175,14,189,0,0,178,14,192,332,0,332,524
08/18/2005,RYN,AZ,AWP,WE,Federal Contract Tower,0,0,12,2,14,0,0,194,12,206,0,0,206,14,220,253,14,267,487
08/19/2005,RYN,AZ,AWP,WE,Federal Contract Tower,0,0,4,0,4,0,0,158,0,158,0,0,162,0,162,332,0,332,494
08/20/2005,RYN,AZ,AWP,WE,Federal Contract Tower,0,0,3,0,3,0,0,135,2,137,0,0,138,2,140,220,0,220,360
08/21/2005,RYN,AZ,AWP,WE,Federal Contract Tower,0,0,7,0,7,0,0,136,1,137,0,0,143,1,144,190,0,190,334
08/22/2005,RYN,AZ,AWP,WE,Federal Contract Tower,0,0,9,0,9,0,0,115,6,121,0,0,124,6,130,176,6,182,312
08/23/2005,RYN,AZ,AWP,WE,Federal Contract Tower,0,0,4,0,4,0,0,40,11,51,0,0,44,11,55,63,4,67,122
08/24/2005,RYN,AZ,AWP,WE,Federal Contract Tower,0,0,9,0,9,0,0,163,11,174,0,0,172,11,183,302,10,312,495
08/25/2005,RYN,AZ,AWP,WE,Federal Contract Tower,0,0,7,0,7,0,0,215,14,229,0,0,222,14,236,410,16,426,662
08/26/2005,RYN,AZ,AWP,WE,Federal Contract Tower,0,0,2,0,2,0,0,205,3,208,0,0,207,3,210,240,0,240,450
08/27/2005,RYN,AZ,AWP,WE,Federal Contract Tower,0,0,0,0,0,0,0,149,4,153,0,0,149,4,153,190,0,190,343
08/28/2005,RYN,AZ,AWP,WE,Federal Contract Tower,0,0,7,0,7,0,0,114,0,114,0,0,121,0,121,146,0,146,267
08/29/2005,RYN,AZ,AWP,WE,Federal Contract Tower,0,0,4,0,4,0,0,125,0,125,0,0,129,0,129,222,0,222,351
08/30/2005,RYN,AZ,AWP,WE,Federal Contract Tower,0,0,3,0,3,0,0,144,15,159,0,0,147,15,162,265,32,297,459
08/31/2005,RYN,AZ,AWP,WE,Federal Contract Tower,0,0,6,0,6,0,0,147,10,157,0,0,153,10,163,323,2,325,488
09/01/2005,RYN,AZ,AWP,WE,Federal Contract Tower,0,0,1,0,1,0,0,156,5,161,0,0,157,5,162,397,1,398,560
09/02/2005,RYN,AZ,AWP,WE,Federal Contract Tower,0,0,0,0,0,0,0,213,4,217,0,0,213,4,217,338,0,338,555
09/03/2005,RYN,AZ,AWP,WE,Federal Contract Tower,0,0,5,0,5,0,0,188,2,190,0,0,193,2,195,250,0,250,445
09/04/2005,RYN,AZ,AWP,WE,Federal Contract Tower,0,0,2,0,2,0,0,106,0,106,0,0,108,0,108,130,0,130,238
09/05/2005,RYN,AZ,AWP,WE,Federal Contract Tower,0,0,0,0,0,0,0,114,0,114,0,0,114,0,114,168,0,168,282
09/06/2005,RYN,AZ,AWP,WE,Federal Contract Tower,0,0,6,0,6,0,0,131,0,131,0,0,137,0,137,184,0,184,321
09/07/2005,RYN,AZ,AWP,WE,Federal Contract Tower,0,0,2,0,2,0,0,191,8,199,0,0,193,8,201,342,2,344,545
09/08/2005,RYN,AZ,AWP,WE,Federal Contract Tower,0,0,4,0,4,0,0,173,6,179,0,0,177,6,183,332,2,334,517
09/09/2005,RYN,AZ,AWP,WE,Federal Contract Tower,0,0,5,0,5,0,0,131,2,133,0,0,136,2,138,250,0,250,388
09/10/2005,RYN,AZ,AWP,WE,Federal Contract Tower,0,0,6,0,6,0,0,212,0,212,0,0,218,0,218,338,0,338,556
09/11/2005,RYN,AZ,AWP,WE,Federal Contract Tower,0,0,5,0,5,0,0,146,0,146,0,0,151,0,151,206,6,212,363
09/12/2005,RYN,AZ,AWP,WE,Federal Contract Tower,0,0,8,0,8,0,0,112,2,114,0,0,120,2,122,117,0,117,239
09/13/2005,RYN,AZ,AWP,WE,Federal Contract Tower,0,0,7,0,7,0,0,171,4,175,0,0,178,4,182,303,1,304,486
09/14/2005,RYN,AZ,AWP,WE,Federal Contract Tower,0,0,6,0,6,0,0,159,3,162,0,0,165,3,168,284,3,287,455
09/15/2005,RYN,AZ,AWP,WE,Federal Contract Tower,0,0,5,0,5,0,0,164,4,168,0,0,169,4,173,426,0,426,599
09/16/2005,RYN,AZ,AWP,WE,Federal Contract Tower,0,0,4,0,4,0,0,166,14,180,0,0,170,14,184,344,0,344,528
09/17/2005,RYN,AZ,AWP,WE,Federal Contract Tower,0,0,7,0,7,0,0,181,2,183,0,0,188,2,190,354,0,354,544
09/18/2005,RYN,AZ,AWP,WE,Federal Contract Tower,0,0,3,0,3,0,0,180,0,180,0,0,183,0,183,182,0,182,365
09/19/2005,RYN,AZ,AWP,WE,Federal Contract Tower,0,0,1,0,1,0,0,111,0,111,0,0,112,0,112,106,0,106,218
09/20/2005,RYN,AZ,AWP,WE,Federal Contract Tower,0,0,5,0,5,0,0,85,2,87,0,0,90,2,92,110,0,110,202
09/21/2005,RYN,AZ,AWP,WE,Federal Contract Tower,0,0,0,0,0,0,0,129,2,131,0,0,129,2,131,191,0,191,322
09/22/2005,RYN,AZ,AWP,WE,Federal Contract Tower,0,0,3,0,3,0,0,119,11,130,0,0,122,11,133,206,0,206,339
09/23/2005,RYN,AZ,AWP,WE,Federal Contract Tower,0,0,3,0,3,0,0,143,8,151,0,0,146,8,154,321,0,321,475
09/24/2005,RYN,AZ,AWP,WE,Federal Contract Tower,0,0,1,0,1,0,0,235,4,239,0,0,236,4,240,318,0,318,558
09/25/2005,RYN,AZ,AWP,WE,Federal Contract Tower,0,0,1,0,1,0,0,203,0,203,0,0,204,0,204,175,0,175,379
09/26/2005,RYN,AZ,AWP,WE,Federal Contract Tower,0,0,6,0,6,0,0,143,4,147,0,0,149,4,153,181,0,181,334
09/27/2005,RYN,AZ,AWP,WE,Federal Contract Tower,0,0,3,0,3,0,0,168,2,170,0,0,171,2,173,230,0,230,403
09/28/2005,RYN,AZ,AWP,WE,Federal Contract Tower,0,0,2,0,2,0,0,194,8,202,0,0,196,8,204,340,1,341,545
09/29/2005,RYN,AZ,AWP,WE,Federal Contract Tower,0,0,0,0,0,0,0,193,8,201,0,0,193,8,201,362,0,362,563
09/30/2005,RYN,AZ,AWP,WE,Federal Contract Tower,0,0,1,0,1,0,0,161,5,166,0,0,162,5,167,212,1,213,380
10/01/2005,RYN,AZ,AWP,WE,Federal Contract Tower,0,0,0,0,0,0,0,207,4,211,0,0,207,4,211,264,2,266,477
10/02/2005,RYN,AZ,AWP,WE,Federal Contract Tower,0,0,1,0,1,0,0,193,4,197,0,0,194,4,198,198,0,198,396
10/03/2005,RYN,AZ,AWP,WE,Federal Contract Tower,0,0,2,0,2,0,0,123,0,123,0,0,125,0,125,202,0,202,327
10/04/2005,RYN,AZ,AWP,WE,Federal Contract Tower,0,0,7,0,7,0,0,135,8,143,0,0,142,8,150,178,8,186,336
10/05/2005,RYN,AZ,AWP,WE,Federal Contract Tower,0,0,2,0,2,0,0,165,8,173,0,0,167,8,175,287,6,293,468
10/06/2005,RYN,AZ,AWP,WE,Federal Contract Tower,0,0,0,0,0,0,0,199,15,214,0,0,199,15,214,269,3,272,486
10/07/2005,RYN,AZ,AWP,WE,Federal Contract Tower,0,0,5,0,5,0,0,135,0,135,0,0,140,0,140,244,0,244,384
10/08/2005,RYN,AZ,AWP,WE,Federal Contract Tower,0,0,3,0,3,0,0,134,0,134,0,0,137,0,137,128,0,128,265
10/09/2005,RYN,AZ,AWP,WE,Federal Contract Tower,0,0,0,0,0,0,0,100,0,100,0,0,100,0,100,32,0,32,132
10/10/2005,RYN,AZ,AWP,WE,Federal Contract Tower,0,0,1,0,1,0,0,138,4,142,0,0,139,4,143,240,8,248,391
10/11/2005,RYN,AZ,AWP,WE,Federal Contract Tower,0,0,2,0,2,0,0,150,2,152,0,0,152,2,154,301,1,302,456
10/12/2005,RYN,AZ,AWP,WE,Federal Contract Tower,0,0,0,0,0,0,0,144,14,158,0,0,144,14,158,280,4,284,442
10/13/2005,RYN,AZ,AWP,WE,Federal Contract Tower,0,0,3,0,3,0,0,209,21,230,0,0,212,21,233,254,49,303,536
10/14/2005,RYN,AZ,AWP,WE,Federal Contract Tower,0,0,5,0,5,0,0,97,13,110,0,0,102,13,115,92,52,144,259
10/15/2005,RYN,AZ,AWP,WE,Federal Contract Tower,0,0,3,0,3,0,0,179,4,183,0,0,182,4,186,268,4,272,458
10/16/2005,RYN,AZ,AWP,WE,Federal Contract Tower,0,0,1,0,1,0,0,100,0,100,0,0,101,0,101,82,0,82,183
10/17/2005,RYN,AZ,AWP,WE,Federal Contract Tower,0,0,2,0,2,0,0,105,0,105,0,0,107,0,107,168,0,168,275
10/18/2005,RYN,AZ,AWP,WE,Federal Contract Tower,0,0,2,0,2,0,0,59,4,63,0,0,61,4,65,126,0,126,191
10/19/2005,RYN,AZ,AWP,WE,Federal Contract Tower,0,0,7,0,7,0,0,204,12,216,0,0,211,12,223,263,4,267,490
10/20/2005,RYN,AZ,AWP,WE,Federal Contract Tower,0,0,7,0,7,0,0,193,4,197,0,0,200,4,204,294,6,300,504
10/21/2005,RYN,AZ,AWP,WE,Federal Contract Tower,0,0,4,0,4,0,0,168,6,174,0,0,172,6,178,276,0,276,454
10/22/2005,RYN,AZ,AWP,WE,Federal Contract Tower,0,0,2,0,2,0,0,181,2,183,0,0,183,2,185,236,0,236,421
10/23/2005,RYN,AZ,AWP,WE,Federal Contract Tower,0,0,0,0,0,0,0,149,0,149,0,0,149,0,149,102,0,102,251
10/24/2005,RYN,AZ,AWP,WE,Federal Contract Tower,0,0,1,0,1,0,0,89,4,93,0,0,90,4,94,148,4,152,246
10/25/2005,RYN,AZ,AWP,WE,Federal Contract Tower,0,0,7,0,7,0,0,120,4,124,0,0,127,4,131,267,2,269,400
10/26/2005,RYN,AZ,AWP,WE,Federal Contract Tower,0,0,4,0,4,0,0,186,12,198,0,0,190,12,202,503,4,507,709
10/27/2005,RYN,AZ,AWP,WE,Federal Contract Tower,0,0,13,0,13,0,0,158,8,166,0,0,171,8,179,397,8,405,584
10/28/2005,RYN,AZ,AWP,WE,Federal Contract Tower,0,0,4,0,4,0,0,167,0,167,0,0,171,0,171,380,0,380,551
10/29/2005,RYN,AZ,AWP,WE,Federal Contract Tower,0,0,11,0,11,0,0,215,2,217,0,0,226,2,228,274,0,274,502
10/30/2005,RYN,AZ,AWP,WE,Federal Contract Tower,0,0,9,0,9,0,0,132,0,132,0,0,141,0,141,114,0,114,255
10/31/2005,RYN,AZ,AWP,WE,Federal Contract Tower,0,0,5,0,5,0,0,151,2,153,0,0,156,2,158,328,0,328,486
11/01/2005,RYN,AZ,AWP,WE,Federal Contract Tower,0,0,9,0,9,0,0,204,8,212,0,0,213,8,221,316,66,382,603
11/02/2005,RYN,AZ,AWP,WE,Federal Contract Tower,0,0,4,0,4,0,0,180,10,190,0,0,184,10,194,339,4,343,537
11/03/2005,RYN,AZ,AWP,WE,Federal Contract Tower,0,0,5,0,5,0,0,177,10,187,0,0,182,10,192,330,32,362,554
11/04/2005,RYN,AZ,AWP,WE,Federal Contract Tower,0,0,5,2,7,0,0,219,0,219,0,0,224,2,226,362,0,362,588
11/05/2005,RYN,AZ,AWP,WE,Federal Contract Tower,0,0,4,0,4,0,0,222,4,226,0,0,226,4,230,313,0,313,543
11/06/2005,RYN,AZ,AWP,WE,Federal Contract Tower,0,0,5,0,5,0,0,164,2,166,0,0,169,2,171,244,0,244,415
11/07/2005,RYN,AZ,AWP,WE,Federal Contract Tower,0,0,1,0,1,0,0,143,2,145,0,0,144,2,146,246,0,246,392
11/08/2005,RYN,AZ,AWP,WE,Federal Contract Tower,0,0,3,0,3,0,0,148,5,153,0,0,151,5,156,321,23,344,500
11/09/2005,RYN,AZ,AWP,WE,Federal Contract Tower,0,0,2,0,2,0,0,181,10,191,0,0,183,10,193,297,8,305,498
11/10/2005,RYN,AZ,AWP,WE,Federal Contract Tower,0,0,1,0,1,0,0,164,6,170,0,0,165,6,171,249,0,249,420
11/11/2005,RYN,AZ,AWP,WE,Federal Contract Tower,0,0,2,0,2,0,0,198,6,204,0,0,200,6,206,298,0,298,504
11/12/2005,RYN,AZ,AWP,WE,Federal Contract Tower,0,0,2,0,2,0,0,246,2,248,0,0,248,2,250,324,0,324,574
11/13/2005,RYN,AZ,AWP,WE,Federal Contract Tower,0,0,1,0,1,0,0,168,2,170,0,0,169,2,171,186,0,186,357
11/14/2005,RYN,AZ,AWP,WE,Federal Contract Tower,0,0,3,0,3,0,0,131,8,139,0,0,134,8,142,295,22,317,459
11/15/2005,RYN,AZ,AWP,WE,Federal Contract Tower,0,0,3,0,3,0,0,145,33,178,0,0,148,33,181,326,0,326,507
11/16/2005,RYN,AZ,AWP,WE,Federal Contract Tower,0,0,6,0,6,0,0,181,8,189,0,0,187,8,195,307,20,327,522
11/17/2005,RYN,AZ,AWP,WE,Federal Contract Tower,0,0,7,0,7,0,0,218,6,224,0,0,225,6,231,396,4,400,631
11/18/2005,RYN,AZ,AWP,WE,Federal Contract Tower,0,0,5,0,5,0,0,158,3,161,0,0,163,3,166,278,8,286,452
11/19/2005,RYN,AZ,AWP,WE,Federal Contract Tower,0,0,3,0,3,0,0,268,0,268,0,0,271,0,271,370,0,370,641
11/20/2005,RYN,AZ,AWP,WE,Federal Contract Tower,0,0,3,0,3,0,0,99,2,101,0,0,102,2,104,74,0,74,178
11/21/2005,RYN,AZ,AWP,WE,Federal Contract Tower,0,0,4,1,5,0,0,116,5,121,0,0,120,6,126,256,22,278,404
11/22/2005,RYN,AZ,AWP,WE,Federal Contract Tower,0,0,5,0,5,0,0,135,11,146,0,0,140,11,151,275,24,299,450
11/23/2005,RYN,AZ,AWP,WE,Federal Contract Tower,0,0,8,0,8,0,0,164,6,170,0,0,172,6,178,257,6,263,441
11/24/2005,RYN,AZ,AWP,WE,Federal Contract Tower,0,0,1,0,1,0,0,29,0,29,0,0,30,0,30,30,0,30,60
11/25/2005,RYN,AZ,AWP,WE,Federal Contract Tower,0,0,6,0,6,0,0,156,0,156,0,0,162,0,162,214,0,214,376
11/26/2005,RYN,AZ,AWP,WE,Federal Contract Tower,0,0,2,0,2,0,0,125,0,125,0,0,127,0,127,174,0,174,301
11/27/2005,RYN,AZ,AWP,WE,Federal Contract Tower,0,0,3,0,3,0,0,66,1,67,0,0,69,1,70,92,0,92,162
11/28/2005,RYN,AZ,AWP,WE,Federal Contract Tower,0,0,3,0,3,0,0,80,2,82,0,0,83,2,85,88,6,94,179
11/29/2005,RYN,AZ,AWP,WE,Federal Contract Tower,0,0,3,0,3,0,0,140,6,146,0,0,143,6,149,161,38,199,348
11/30/2005,RYN,AZ,AWP,WE,Federal Contract Tower,0,0,1,0,1,0,0,153,15,168,0,0,154,15,169,283,69,352,521
12/01/2005,RYN,AZ,AWP,WE,Federal Contract Tower,0,0,0,0,0,0,0,128,14,142,0,0,128,14,142,303,2,305,447
12/02/2005,RYN,AZ,AWP,WE,Federal Contract Tower,0,0,2,0,2,0,0,100,6,106,0,0,102,6,108,170,0,170,278
12/03/2005,RYN,AZ,AWP,WE,Federal Contract Tower,0,0,5,0,5,0,0,198,8,206,0,0,203,8,211,390,0,390,601
12/04/2005,RYN,AZ,AWP,WE,Federal Contract Tower,0,0,0,0,0,0,0,142,0,142,0,0,142,0,142,154,0,154,296
12/05/2005,RYN,AZ,AWP,WE,Federal Contract Tower,0,0,0,0,0,0,0,96,6,102,0,0,96,6,102,124,0,124,226
12/06/2005,RYN,AZ,AWP,WE,Federal Contract Tower,0,0,9,0,9,0,0,128,1,129,0,0,137,1,138,273,1,274,412
12/07/2005,RYN,AZ,AWP,WE,Federal Contract Tower,0,0,1,0,1,0,0,140,4,144,0,0,141,4,145,231,0,231,376
12/08/2005,RYN,AZ,AWP,WE,Federal Contract Tower,0,0,7,2,9,0,0,167,10,177,0,0,174,12,186,227,30,257,443
12/09/2005,RYN,AZ,AWP,WE,Federal Contract Tower,0,0,9,0,9,0,0,148,6,154,0,0,157,6,163,146,0,146,309
12/10/2005,RYN,AZ,AWP,WE,Federal Contract Tower,0,0,4,0,4,0,0,202,0,202,0,0,206,0,206,210,0,210,416
12/11/2005,RYN,AZ,AWP,WE,Federal Contract Tower,0,0,4,0,4,0,0,134,0,134,0,0,138,0,138,120,0,120,258
12/12/2005,RYN,AZ,AWP,WE,Federal Contract Tower,0,0,2,0,2,0,0,93,10,103,0,0,95,10,105,174,2,176,281
12/13/2005,RYN,AZ,AWP,WE,Federal Contract Tower,0,0,3,0,3,0,0,102,16,118,0,0,105,16,121,244,0,244,365
12/14/2005,RYN,AZ,AWP,WE,Federal Contract Tower,0,0,6,0,6,0,0,151,5,156,0,0,157,5,162,256,1,257,419
12/15/2005,RYN,AZ,AWP,WE,Federal Contract Tower,0,0,5,0,5,0,0,133,10,143,0,0,138,10,148,191,0,191,339
12/16/2005,RYN,AZ,AWP,WE,Federal Contract Tower,0,0,3,0,3,0,0,149,6,155,0,0,152,6,158,206,2,208,366
12/17/2005,RYN,AZ,AWP,WE,Federal Contract Tower,0,0,2,0,2,0,0,105,0,105,0,0,107,0,107,193,0,193,300
12/18/2005,RYN,AZ,AWP,WE,Federal Contract Tower,0,0,1,0,1,0,0,95,0,95,0,0,96,0,96,108,0,108,204
12/19/2005,RYN,AZ,AWP,WE,Federal Contract Tower,0,0,6,0,6,0,0,111,6,117,0,0,117,6,123,170,0,170,293
12/20/2005,RYN,AZ,AWP,WE,Federal Contract Tower,0,0,3,0,3,0,0,122,14,136,0,0,125,14,139,234,42,276,415
12/21/2005,RYN,AZ,AWP,WE,Federal Contract Tower,0,0,4,0,4,0,0,133,8,141,0,0,137,8,145,193,44,237,382
12/22/2005,RYN,AZ,AWP,WE,Federal Contract Tower,0,0,2,2,4,0,0,178,13,191,0,0,180,15,195,272,50,322,517
12/23/2005,RYN,AZ,AWP,WE,Federal Contract Tower,0,0,1,0,1,0,0,145,4,149,0,0,146,4,150,146,0,146,296
12/24/2005,RYN,AZ,AWP,WE,Federal Contract Tower,0,0,1,0,1,0,0,72,0,72,0,0,73,0,73,104,0,104,177
12/25/2005,RYN,AZ,AWP,WE,Federal Contract Tower,0,0,0,0,0,0,0,19,2,21,0,0,19,2,21,4,0,4,25
12/26/2005,RYN,AZ,AWP,WE,Federal Contract Tower,0,0,1,0,1,0,0,119,0,119,0,0,120,0,120,112,0,112,232
12/27/2005,RYN,AZ,AWP,WE,Federal Contract Tower,0,0,2,0,2,0,0,130,1,131,0,0,132,1,133,191,1,192,325
12/28/2005,RYN,AZ,AWP,WE,Federal Contract Tower,0,0,1,1,2,0,0,114,14,128,0,0,115,15,130,236,35,271,401
12/29/2005,RYN,AZ,AWP,WE,Federal Contract Tower,2,0,0,0,2,2,0,170,2,174,4,0,170,2,176,247,0,247,423
12/30/2005,RYN,AZ,AWP,WE,Federal Contract Tower,0,0,1,0,1,0,0,135,20,155,0,0,136,20,156,177,2,179,335
12/31/2005,RYN,AZ,AWP,WE,Federal Contract Tower,0,0,1,0,1,0,0,144,0,144,0,0,145,0,145,152,0,152,297
01/01/2006,RYN,AZ,AWP,WE,Federal Contract Tower,0,0,0,0,0,0,0,54,0,54,0,0,54,0,54,72,0,72,126
01/02/2006,RYN,AZ,AWP,WE,Federal Contract Tower,0,0,0,0,0,0,0,128,0,128,0,0,128,0,128,150,0,150,278
01/03/2006,RYN,AZ,AWP,WE,Federal Contract Tower,0,0,1,0,1,0,0,100,7,107,0,0,101,7,108,206,2,208,316
01/04/2006,RYN,AZ,AWP,WE,Federal Contract Tower,0,0,0,0,0,0,0,152,32,184,0,0,152,32,184,245,65,310,494
01/05/2006,RYN,AZ,AWP,WE,Federal Contract Tower,0,0,2,0,2,0,0,150,7,157,0,0,152,7,159,192,0,192,351
01/06/2006,RYN,AZ,AWP,WE,Federal Contract Tower,0,0,1,0,1,0,0,95,6,101,0,0,96,6,102,134,16,150,252
01/07/2006,RYN,AZ,AWP,WE,Federal Contract Tower,0,0,0,0,0,0,0,193,6,199,0,0,193,6,199,280,24,304,503
01/08/2006,RYN,AZ,AWP,WE,Federal Contract Tower,0,0,0,0,0,0,0,129,1,130,0,0,129,1,130,221,0,221,351
01/09/2006,RYN,AZ,AWP,WE,Federal Contract Tower,0,0,1,0,1,0,0,123,0,123,0,0,124,0,124,168,0,168,292
01/10/2006,RYN,AZ,AWP,WE,Federal Contract Tower,0,0,3,0,3,0,0,177,6,183,0,0,180,6,186,171,0,171,357
01/11/2006,RYN,AZ,AWP,WE,Federal Contract Tower,0,0,1,0,1,0,0,220,37,257,0,0,221,37,258,357,6,363,621
01/12/2006,RYN,AZ,AWP,WE,Federal Contract Tower,0,0,3,0,3,0,0,203,8,211,0,0,206,8,214,252,0,252,466
01/13/2006,RYN,AZ,AWP,WE,Federal Contract Tower,0,0,1,0,1,0,0,198,8,206,0,0,199,8,207,378,0,378,585
01/14/2006,RYN,AZ,AWP,WE,Federal Contract Tower,0,0,2,0,2,0,0,392,4,396,0,0,394,4,398,380,0,380,778
01/15/2006,RYN,AZ,AWP,WE,Federal Contract Tower,0,0,0,0,0,0,0,117,0,117,0,0,117,0,117,50,0,50,167
01/16/2006,RYN,AZ,AWP,WE,Federal Contract Tower,0,0,2,0,2,0,0,131,2,133,0,0,133,2,135,146,0,146,281
01/17/2006,RYN,AZ,AWP,WE,Federal Contract Tower,0,0,2,0,2,0,0,186,18,204,0,0,188,18,206,427,18,445,651
01/18/2006,RYN,AZ,AWP,WE,Federal Contract Tower,0,0,0,0,0,0,0,160,22,182,0,0,160,22,182,287,20,307,489
01/19/2006,RYN,AZ,AWP,WE,Federal Contract Tower,0,0,0,0,0,0,0,114,12,126,0,0,114,12,126,170,4,174,300
01/20/2006,RYN,AZ,AWP,WE,Federal Contract Tower,0,0,2,0,2,0,0,147,2,149,0,0,149,2,151,236,4,240,391
01/21/2006,RYN,AZ,AWP,WE,Federal Contract Tower,0,0,3,0,3,0,0,212,0,212,0,0,215,0,215,282,0,282,497
01/22/2006,RYN,AZ,AWP,WE,Federal Contract Tower,0,0,0,2,2,0,0,186,2,188,0,0,186,4,190,321,0,321,511
01/23/2006,RYN,AZ,AWP,WE,Federal Contract Tower,0,0,3,0,3,0,0,112,7,119,0,0,115,7,122,159,16,175,297
01/24/2006,RYN,AZ,AWP,WE,Federal Contract Tower,0,0,1,0,1,0,0,45,4,49,0,0,46,4,50,85,24,109,159
01/25/2006,RYN,AZ,AWP,WE,Federal Contract Tower,0,0,6,0,6,0,0,145,12,157,0,0,151,12,163,237,38,275,438
01/26/2006,RYN,AZ,AWP,WE,Federal Contract Tower,0,0,0,0,0,0,0,280,6,286,0,0,280,6,286,342,0,342,628
01/27/2006,RYN,AZ,AWP,WE,Federal Contract Tower,0,0,2,0,2,0,0,193,4,197,0,0,195,4,199,316,0,316,515
01/28/2006,RYN,AZ,AWP,WE,Federal Contract Tower,0,0,0,0,0,0,0,190,2,192,0,0,190,2,192,291,0,291,483
01/29/2006,RYN,AZ,AWP,WE,Federal Contract Tower,0,0,0,1,1,0,0,145,5,150,0,0,145,6,151,228,0,228,379
01/30/2006,RYN,AZ,AWP,WE,Federal Contract Tower,0,0,4,0,4,0,0,161,0,161,0,0,165,0,165,218,0,218,383
01/31/2006,RYN,AZ,AWP,WE,Federal Contract Tower,0,0,3,0,3,0,0,95,8,103,0,0,98,8,106,131,36,167,273
02/01/2006,RYN,AZ,AWP,WE,Federal Contract Tower,0,0,3,0,3,0,0,176,6,182,0,0,179,6,185,456,4,460,645
02/02/2006,RYN,AZ,AWP,WE,Federal Contract Tower,0,0,1,0,1,0,0,180,6,186,0,0,181,6,187,405,0,405,592
02/03/2006,RYN,AZ,AWP,WE,Federal Contract Tower,0,0,3,0,3,0,0,177,12,189,0,0,180,12,192,272,0,272,464
02/04/2006,RYN,AZ,AWP,WE,Federal Contract Tower,0,0,7,0,7,0,0,244,0,244,0,0,251,0,251,392,0,392,643
02/05/2006,RYN,AZ,AWP,WE,Federal Contract Tower,0,0,0,2,2,0,0,156,2,158,0,0,156,4,160,374,0,374,534
02/06/2006,RYN,AZ,AWP,WE,Federal Contract Tower,0,0,2,0,2,0,0,99,7,106,0,0,101,7,108,186,34,220,328
02/07/2006,RYN,AZ,AWP,WE,Federal Contract Tower,0,0,2,0,2,0,0,88,4,92,0,0,90,4,94,193,6,199,293
02/08/2006,RYN,AZ,AWP,WE,Federal Contract Tower,0,0,4,0,4,0,0,178,8,186,0,0,182,8,190,409,4,413,603
02/09/2006,RYN,AZ,AWP,WE,Federal Contract Tower,0,0,6,0,6,0,0,113,14,127,0,0,119,14,133,240,0,240,373
02/10/2006,RYN,AZ,AWP,WE,Federal Contract Tower,0,0,2,3,5,0,0,191,3,194,0,0,193,6,199,364,2,366,565
02/11/2006,RYN,AZ,AWP,WE,Federal Contract Tower,0,0,4,0,4,0,0,230,3,233,0,0,234,3,237,526,18,544,781
02/12/2006,RYN,AZ,AWP,WE,Federal Contract Tower,0,0,0,0,0,0,0,164,0,164,0,0,164,0,164,396,0,396,560
02/13/2006,RYN,AZ,AWP,WE,Federal Contract Tower,0,0,4,0,4,0,0,143,3,146,0,0,147,3,150,446,0,446,596
02/14/2006,RYN,AZ,AWP,WE,Federal Contract Tower,0,0,4,0,4,0,0,153,7,160,0,0,157,7,164,472,1,473,637
02/15/2006,RYN,AZ,AWP,WE,Federal Contract Tower,0,0,0,0,0,0,0,36,0,36,0,0,36,0,36,82,0,82,118
02/16/2006,RYN,AZ,AWP,WE,Federal Contract Tower,0,0,4,0,4,0,0,126,7,133,0,0,130,7,137,313,1,314,451
02/17/2006,RYN,AZ,AWP,WE,Federal Contract Tower,0,0,2,0,2,0,0,131,6,137,0,0,133,6,139,469,26,495,634
02/18/2006,RYN,AZ,AWP,WE,Federal Contract Tower,0,0,1,0,1,0,0,230,0,230,0,0,231,0,231,600,0,600,831
02/19/2006,RYN,AZ,AWP,WE,Federal Contract Tower,0,0,2,0,2,0,0,185,0,185,0,0,187,0,187,482,0,482,669
02/20/2006,RYN,AZ,AWP,WE,Federal Contract Tower,0,0,4,0,4,0,0,176,1,177,0,0,180,1,181,531,0,531,712
02/21/2006,RYN,AZ,AWP,WE,Federal Contract Tower,0,0,1,0,1,0,0,162,2,164,0,0,163,2,165,496,0,496,661
02/22/2006,RYN,AZ,AWP,WE,Federal Contract Tower,0,0,7,0,7,0,0,100,3,103,0,0,107,3,110,274,0,274,384
02/23/2006,RYN,AZ,AWP,WE,Federal Contract Tower,0,0,3,0,3,0,0,131,4,135,0,0,134,4,138,98,0,98,236
02/24/2006,RYN,AZ,AWP,WE,Federal Contract Tower,0,0,1,0,1,0,0,239,2,241,0,0,240,2,242,480,0,480,722
02/25/2006,RYN,AZ,AWP,WE,Federal Contract Tower,0,0,7,0,7,0,0,290,4,294,0,0,297,4,301,650,0,650,951
02/26/2006,RYN,AZ,AWP,WE,Federal Contract Tower,0,0,2,0,2,0,0,175,4,179,0,0,177,4,181,530,0,530,711
02/27/2006,RYN,AZ,AWP,WE,Federal Contract Tower,0,0,2,0,2,0,0,165,6,171,0,0,167,6,173,380,0,380,553
02/28/2006,RYN,AZ,AWP,WE,Federal Contract Tower,0,0,2,0,2,0,0,175,2,177,0,0,177,2,179,370,0,370,549
03/01/2006,RYN,AZ,AWP,WE,Federal Contract Tower,0,0,6,0,6,0,2,199,3,204,0,2,205,3,210,377,1,378,588
03/02/2006,RYN,AZ,AWP,WE,Federal Contract Tower,0,0,4,0,4,0,0,216,2,218,0,0,220,2,222,504,22,526,748
03/03/2006,RYN,AZ,AWP,WE,Federal Contract Tower,0,0,1,0,1,0,0,197,3,200,0,0,198,3,201,402,16,418,619
03/04/2006,RYN,AZ,AWP,WE,Federal Contract Tower,0,0,1,0,1,0,0,272,2,274,0,0,273,2,275,772,0,772,1047
03/05/2006,RYN,AZ,AWP,WE,Federal Contract Tower,0,0,1,0,1,0,0,223,2,225,0,0,224,2,226,708,0,708,934
03/06/2006,RYN,AZ,AWP,WE,Federal Contract Tower,0,0,2,0,2,0,0,138,0,138,0,0,140,0,140,442,0,442,582
03/07/2006,RYN,AZ,AWP,WE,Federal Contract Tower,0,0,6,3,9,0,0,169,9,178,0,0,175,12,187,596,0,596,783
03/08/2006,RYN,AZ,AWP,WE,Federal Contract Tower,0,0,5,0,5,0,0,79,0,79,0,0,84,0,84,324,0,324,408
03/09/2006,RYN,AZ,AWP,WE,Federal Contract Tower,0,0,3,0,3,0,0,156,4,160,0,0,159,4,163,513,5,518,681
03/10/2006,RYN,AZ,AWP,WE,Federal Contract Tower,0,0,1,0,1,0,0,57,6,63,0,0,58,6,64,141,2,143,207
03/11/2006,RYN,AZ,AWP,WE,Federal Contract Tower,0,0,3,0,3,0,0,66,0,66,0,0,69,0,69,2,0,2,71
03/12/2006,RYN,AZ,AWP,WE,Federal Contract Tower,0,0,3,0,3,0,0,161,0,161,0,0,164,0,164,510,0,510,674
03/13/2006,RYN,AZ,AWP,WE,Federal Contract Tower,0,0,2,0,2,0,0,174,3,177,0,0,176,3,179,503,2,505,684
03/14/2006,RYN,AZ,AWP,WE,Federal Contract Tower,0,0,4,0,4,0,0,221,2,223,0,0,225,2,227,496,0,496,723
03/15/2006,RYN,AZ,AWP,WE,Federal Contract Tower,0,0,5,0,5,0,0,172,4,176,0,0,177,4,181,523,0,523,704
03/16/2006,RYN,AZ,AWP,WE,Federal Contract Tower,0,0,5,0,5,0,0,159,16,175,0,0,164,16,180,542,21,563,743
03/17/2006,RYN,AZ,AWP,WE,Federal Contract Tower,0,0,2,0,2,0,0,146,6,152,0,0,148,6,154,683,16,699,853
03/18/2006,RYN,AZ,AWP,WE,Federal Contract Tower,0,0,2,0,2,0,0,171,0,171,0,0,173,0,173,441,0,441,614
03/19/2006,RYN,AZ,AWP,WE,Federal Contract Tower,0,0,1,0,1,0,0,82,0,82,0,0,83,0,83,186,0,186,269
03/20/2006,RYN,AZ,AWP,WE,Federal Contract Tower,0,0,4,0,4,0,0,163,1,164,0,0,167,1,168,518,6,524,692
03/21/2006,RYN,AZ,AWP,WE,Federal Contract Tower,0,0,5,2,7,0,0,158,10,168,0,0,163,12,175,480,0,480,655
03/22/2006,RYN,AZ,AWP,WE,Federal Contract Tower,0,0,3,0,3,0,0,186,4,190,0,0,189,4,193,541,6,547,740
03/23/2006,RYN,AZ,AWP,WE,Federal Contract Tower,0,0,2,0,2,0,0,127,16,143,0,0,129,16,145,433,6,439,584
03/24/2006,RYN,AZ,AWP,WE,Federal Contract Tower,0,0,9,0,9,0,0,212,13,225,0,0,221,13,234,657,11,668,902
03/25/2006,RYN,AZ,AWP,WE,Federal Contract Tower,0,0,0,0,0,0,0,282,10,292,0,0,282,10,292,720,0,720,1012
03/26/2006,RYN,AZ,AWP,WE,Federal Contract Tower,0,0,0,0,0,0,0,216,2,218,0,0,216,2,218,590,0,590,808
03/27/2006,RYN,AZ,AWP,WE,Federal Contract Tower,0,0,4,2,6,0,0,147,2,149,0,0,151,4,155,545,0,545,700
03/28/2006,RYN,AZ,AWP,WE,Federal Contract Tower,0,0,2,1,3,0,0,100,1,101,0,0,102,2,104,470,0,470,574
03/29/2006,RYN,AZ,AWP,WE,Federal Contract Tower,0,0,3,0,3,0,0,109,19,128,0,0,112,19,131,422,56,478,609
03/30/2006,RYN,AZ,AWP,WE,Federal Contract Tower,0,0,5,0,5,0,0,162,4,166,0,0,167,4,171,495,0,495,666
03/31/2006,RYN,AZ,AWP,WE,Federal Contract Tower,0,0,6,0,6,0,0,222,0,222,0,0,228,0,228,375,0,375,603
04/01/2006,RYN,AZ,AWP,WE,Federal Contract Tower,0,0,0,0,0,0,0,201,2,203,0,0,201,2,203,426,0,426,629
04/02/2006,RYN,AZ,AWP,WE,Federal Contract Tower,0,0,1,0,1,0,0,159,8,167,0,0,160,8,168,575,0,575,743
04/03/2006,RYN,AZ,AWP,WE,Federal Contract Tower,0,0,4,0,4,0,0,123,4,127,0,0,127,4,131,422,8,430,561
04/04/2006,RYN,AZ,AWP,WE,Federal Contract Tower,0,0,3,0,3,0,0,122,4,126,0,0,125,4,129,428,0,428,557
04/05/2006,RYN,AZ,AWP,WE,Federal Contract Tower,0,0,4,0,4,0,0,11,0,11,0,0,15,0,15,2,0,2,17
04/06/2006,RYN,AZ,AWP,WE,Federal Contract Tower,0,0,4,0,4,0,0,207,6,213,0,0,211,6,217,621,12,633,850
04/07/2006,RYN,AZ,AWP,WE,Federal Contract Tower,0,0,5,0,5,0,0,209,2,211,0,0,214,2,216,504,0,504,720
04/08/2006,RYN,AZ,AWP,WE,Federal Contract Tower,0,0,0,0,0,0,0,297,6,303,0,0,297,6,303,623,6,629,932
04/09/2006,RYN,AZ,AWP,WE,Federal Contract Tower,0,0,4,0,4,0,0,241,0,241,0,0,245,0,245,669,0,669,914
04/10/2006,RYN,AZ,AWP,WE,Federal Contract Tower,0,0,5,0,5,0,0,161,11,172,0,0,166,11,177,424,43,467,644
04/11/2006,RYN,AZ,AWP,WE,Federal Contract Tower,0,0,6,0,6,0,0,181,14,195,0,0,187,14,201,534,2,536,737
04/12/2006,RYN,AZ,AWP,WE,Federal Contract Tower,0,0,1,0,1,0,0,238,4,242,0,0,239,4,243,428,0,428,671
04/13/2006,RYN,AZ,AWP,WE,Federal Contract Tower,0,0,1,0,1,0,0,234,0,234,0,0,235,0,235,493,0,493,728
04/14/2006,RYN,AZ,AWP,WE,Federal Contract Tower,0,0,2,0,2,0,0,59,4,63,0,0,61,4,65,154,0,154,219
04/15/2006,RYN,AZ,AWP,WE,Federal Contract Tower,0,0,4,0,4,0,0,249,4,253,0,0,253,4,257,439,0,439,696
04/16/2006,RYN,AZ,AWP,WE,Federal Contract Tower,0,0,1,0,1,0,0,139,4,143,0,0,140,4,144,297,0,297,441
04/17/2006,RYN,AZ,AWP,WE,Federal Contract Tower,0,0,0,0,0,0,0,185,4,189,0,0,185,4,189,340,0,340,529
04/18/2006,RYN,AZ,AWP,WE,Federal Contract Tower,0,0,2,0,2,0,0,123,2,125,0,0,125,2,127,380,0,380,507
04/19/2006,RYN,AZ,AWP,WE,Federal Contract Tower,0,0,1,0,1,0,0,142,10,152,0,0,143,10,153,414,28,442,595
04/20/2006,RYN,AZ,AWP,WE,Federal Contract Tower,0,0,3,0,3,0,0,164,0,164,0,0,167,0,167,463,0,463,630
04/21/2006,RYN,AZ,AWP,WE,Federal Contract Tower,0,0,2,0,2,0,0,172,4,176,0,0,174,4,178,369,0,369,547
04/22/2006,RYN,AZ,AWP,WE,Federal Contract Tower,0,0,3,0,3,0,0,111,0,111,0,0,114,0,114,208,0,208,322
04/23/2006,RYN,AZ,AWP,WE,Federal Contract Tower,0,0,2,0,2,0,0,94,2,96,0,0,96,2,98,158,0,158,256
04/24/2006,RYN,AZ,AWP,WE,Federal Contract Tower,0,0,5,0,5,0,0,184,8,192,0,0,189,8,197,436,0,436,633
04/25/2006,RYN,AZ,AWP,WE,Federal Contract Tower,0,0,1,0,1,0,0,155,10,165,0,0,156,10,166,480,12,492,658
04/26/2006,RYN,AZ,AWP,WE,Federal Contract Tower,0,0,2,0,2,0,0,132,11,143,0,0,134,11,145,310,22,332,477
04/27/2006,RYN,AZ,AWP,WE,Federal Contract Tower,0,0,1,0,1,0,0,77,0,77,0,0,78,0,78,218,0,218,296
04/28/2006,RYN,AZ,AWP,WE,Federal Contract Tower,0,0,4,0,4,0,0,124,2,126,0,0,128,2,130,345,2,347,477
04/29/2006,RYN,AZ,AWP,WE,Federal Contract Tower,0,0,2,0,2,0,0,190,2,192,0,0,192,2,194,392,0,392,586
04/30/2006,RYN,AZ,AWP,WE,Federal Contract Tower,0,0,0,0,0,0,0,150,8,158,0,0,150,8,158,239,0,239,397
05/01/2006,RYN,AZ,AWP,WE,Federal Contract Tower,0,0,0,0,0,0,0,141,10,151,0,0,141,10,151,327,6,333,484
05/02/2006,RYN,AZ,AWP,WE,Federal Contract Tower,0,0,1,0,1,0,0,161,13,174,0,0,162,13,175,333,20,353,528
05/03/2006,RYN,AZ,AWP,WE,Federal Contract Tower,0,0,0,0,0,0,0,78,12,90,0,0,78,12,90,208,2,210,300
05/04/2006,RYN,AZ,AWP,WE,Federal Contract Tower,0,0,3,0,3,0,0,130,3,133,0,0,133,3,136,242,0,242,378
05/05/2006,RYN,AZ,AWP,WE,Federal Contract Tower,0,0,2,0,2,0,0,165,10,175,0,0,167,10,177,370,2,372,549
05/06/2006,RYN,AZ,AWP,WE,Federal Contract Tower,0,0,2,0,2,0,0,262,10,272,0,0,264,10,274,460,0,460,734
05/07/2006,RYN,AZ,AWP,WE,Federal Contract Tower,0,0,1,0,1,0,0,189,2,191,0,0,190,2,192,429,0,429,621
05/08/2006,RYN,AZ,AWP,WE,Federal Contract Tower,0,0,3,0,3,0,0,148,10,158,0,0,151,10,161,361,0,361,522
05/09/2006,RYN,AZ,AWP,WE,Federal Contract Tower,0,0,2,0,2,0,0,164,16,180,0,0,166,16,182,338,44,382,564
05/10/2006,RYN,AZ,AWP,WE,Federal Contract Tower,0,0,0,0,0,0,0,154,60,214,0,0,154,60,214,406,0,406,620
05/11/2006,RYN,AZ,AWP,WE,Federal Contract Tower,0,0,0,0,0,0,0,115,0,115,0,0,115,0,115,324,0,324,439
05/12/2006,RYN,AZ,AWP,WE,Federal Contract Tower,0,0,1,0,1,0,0,150,0,150,0,0,151,0,151,286,0,286,437
05/13/2006,RYN,AZ,AWP,WE,Federal Contract Tower,0,0,0,0,0,0,0,199,4,203,0,0,199,4,203,499,0,499,702
05/14/2006,RYN,AZ,AWP,WE,Federal Contract Tower,0,0,0,0,0,0,0,128,2,130,0,0,128,2,130,323,0,323,453
05/15/2006,RYN,AZ,AWP,WE,Federal Contract Tower,0,0,0,0,0,0,0,121,7,128,0,0,121,7,128,405,0,405,533
05/16/2006,RYN,AZ,AWP,WE,Federal Contract Tower,0,0,1,0,1,0,0,111,5,116,0,0,112,5,117,295,10,305,422
05/17/2006,RYN,AZ,AWP,WE,Federal Contract Tower,0,0,0,0,0,0,0,77,8,85,0,0,77,8,85,248,6,254,339
05/18/2006,RYN,AZ,AWP,WE,Federal Contract Tower,0,0,0,0,0,0,0,161,2,163,0,0,161,2,163,458,0,458,621
05/19/2006,RYN,AZ,AWP,WE,Federal Contract Tower,0,0,2,1,3,0,0,146,7,153,0,0,148,8,156,374,0,374,530
05/20/2006,RYN,AZ,AWP,WE,Federal Contract Tower,0,0,5,0,5,0,0,204,2,206,0,0,209,2,211,313,0,313,524
05/21/2006,RYN,AZ,AWP,WE,Federal Contract Tower,0,0,0,0,0,0,0,106,6,112,0,0,106,6,112,215,0,215,327
05/22/2006,RYN,AZ,AWP,WE,Federal Contract Tower,0,0,0,0,0,0,0,24,18,42,0,0,24,18,42,37,60,97,139
05/23/2006,RYN,AZ,AWP,WE,Federal Contract Tower,0,0,2,0,2,0,0,140,22,162,0,0,142,22,164,329,4,333,497
05/24/2006,RYN,AZ,AWP,WE,Federal Contract Tower,0,0,3,0,3,0,0,178,18,196,0,0,181,18,199,468,0,468,667
05/25/2006,RYN,AZ,AWP,WE,Federal Contract Tower,0,0,0,0,0,0,0,133,2,135,0,0,133,2,135,372,0,372,507
05/26/2006,RYN,AZ,AWP,WE,Federal Contract Tower,0,0,0,0,0,0,0,100,0,100,0,0,100,0,100,278,0,278,378
05/27/2006,RYN,AZ,AWP,WE,Federal Contract Tower,0,0,0,0,0,0,0,89,2,91,0,0,89,2,91,206,8,214,305
05/28/2006,RYN,AZ,AWP,WE,Federal Contract Tower,0,0,0,0,0,0,0,93,8,101,0,0,93,8,101,242,0,242,343
05/29/2006,RYN,AZ,AWP,WE,Federal Contract Tower,0,0,3,0,3,0,0,123,10,133,0,0,126,10,136,193,0,193,329
05/30/2006,RYN,AZ,AWP,WE,Federal Contract Tower,0,0,6,0,6,0,0,174,0,174,0,0,180,0,180,394,0,394,574
05/31/2006,RYN,AZ,AWP,WE,Federal Contract Tower,0,0,4,0,4,0,0,199,13,212,0,0,203,13,216,410,0,410,626
06/01/2006,RYN,AZ,AWP,WE,Federal Contract Tower,0,0,0,0,0,0,0,125,22,147,0,0,125,22,147,362,2,364,511
06/02/2006,RYN,AZ,AWP,WE,Federal Contract Tower,0,0,0,0,0,0,0,93,0,93,0,0,93,0,93,316,0,316,409
06/03/2006,RYN,AZ,AWP,WE,Federal Contract Tower,0,0,0,0,0,0,0,149,0,149,0,0,149,0,149,396,0,396,545
06/04/2006,RYN,AZ,AWP,WE,Federal Contract Tower,0,0,2,0,2,0,0,123,2,125,0,0,125,2,127,330,0,330,457
06/05/2006,RYN,AZ,AWP,WE,Federal Contract Tower,0,0,0,0,0,0,0,125,2,127,0,0,125,2,127,280,0,280,407
06/06/2006,RYN,AZ,AWP,WE,Federal Contract Tower,0,0,6,0,6,0,0,98,4,102,0,0,104,4,108,330,0,330,438
06/07/2006,RYN,AZ,AWP,WE,Federal Contract Tower,0,0,0,0,0,0,0,154,4,158,0,0,154,4,158,382,4,386,544
06/08/2006,RYN,AZ,AWP,WE,Federal Contract Tower,0,0,6,0,6,0,0,154,8,162,0,0,160,8,168,374,8,382,550
06/09/2006,RYN,AZ,AWP,WE,Federal Contract Tower,0,0,2,0,2,0,0,181,8,189,0,0,183,8,191,314,2,316,507
06/10/2006,RYN,AZ,AWP,WE,Federal Contract Tower,0,0,4,0,4,0,0,187,2,189,0,0,191,2,193,382,0,382,575
06/11/2006,RYN,AZ,AWP,WE,Federal Contract Tower,0,0,0,0,0,0,0,96,6,102,0,0,96,6,102,248,0,248,350
06/12/2006,RYN,AZ,AWP,WE,Federal Contract Tower,0,0,2,0,2,0,0,119,1,120,0,0,121,1,122,279,0,279,401
06/13/2006,RYN,AZ,AWP,WE,Federal Contract Tower,0,0,3,0,3,0,0,148,15,163,0,0,151,15,166,345,30,375,541
06/14/2006,RYN,AZ,AWP,WE,Federal Contract Tower,0,0,5,0,5,0,0,135,13,148,0,0,140,13,153,313,0,313,466
06/15/2006,RYN,AZ,AWP,WE,Federal Contract Tower,0,0,2,0,2,0,0,82,0,82,0,0,84,0,84,274,0,274,358
06/16/2006,RYN,AZ,AWP,WE,Federal Contract Tower,0,0,1,0,1,0,0,125,0,125,0,0,126,0,126,372,0,372,498
06/17/2006,RYN,AZ,AWP,WE,Federal Contract Tower,0,0,4,0,4,0,0,196,12,208,0,0,200,12,212,518,0,518,730
06/18/2006,RYN,AZ,AWP,WE,Federal Contract Tower,0,0,0,0,0,0,0,100,0,100,0,0,100,0,100,280,0,280,380
06/19/2006,RYN,AZ,AWP,WE,Federal Contract Tower,0,0,6,0,6,0,0,121,2,123,0,0,127,2,129,301,8,309,438
06/20/2006,RYN,AZ,AWP,WE,Federal Contract Tower,0,0,0,0,0,0,0,133,4,137,0,0,133,4,137,317,0,317,454
06/21/2006,RYN,AZ,AWP,WE,Federal Contract Tower,0,0,2,0,2,0,0,132,14,146,0,0,134,14,148,259,10,269,417
06/22/2006,RYN,AZ,AWP,WE,Federal Contract Tower,0,0,1,0,1,0,0,174,22,196,0,0,175,22,197,359,10,369,566
06/23/2006,RYN,AZ,AWP,WE,Federal Contract Tower,0,0,5,0,5,0,0,137,6,143,0,0,142,6,148,464,2,466,614
06/24/2006,RYN,AZ,AWP,WE,Federal Contract Tower,0,0,1,0,1,0,0,161,0,161,0,0,162,0,162,446,0,446,608
06/25/2006,RYN,AZ,AWP,WE,Federal Contract Tower,0,0,1,0,1,0,0,98,0,98,0,0,99,0,99,185,0,185,284
06/26/2006,RYN,AZ,AWP,WE,Federal Contract Tower,0,0,6,0,6,0,0,80,0,80,0,0,86,0,86,186,0,186,272
06/27/2006,RYN,AZ,AWP,WE,Federal Contract Tower,0,0,3,0,3,0,0,114,4,118,0,0,117,4,121,411,2,413,534
06/28/2006,RYN,AZ,AWP,WE,Federal Contract Tower,0,0,7,0,7,0,0,103,11,114,0,0,110,11,121,170,1,171,292
06/29/2006,RYN,AZ,AWP,WE,Federal Contract Tower,0,0,8,0,8,0,0,122,10,132,0,0,130,10,140,266,38,304,444
06/30/2006,RYN,AZ,AWP,WE,Federal Contract Tower,0,0,5,0,5,0,0,156,4,160,0,0,161,4,165,398,0,398,563
07/01/2006,RYN,AZ,AWP,WE,Federal Contract Tower,0,0,0,0,0,0,0,216,4,220,0,0,216,4,220,463,0,463,683
07/02/2006,RYN,AZ,AWP,WE,Federal Contract Tower,0,0,3,0,3,0,0,136,2,138,0,0,139,2,141,328,2,330,471
07/03/2006,RYN,AZ,AWP,WE,Federal Contract Tower,0,0,0,0,0,0,0,104,5,109,0,0,104,5,109,310,0,310,419
07/04/2006,RYN,AZ,AWP,WE,Federal Contract Tower,0,0,1,0,1,0,0,55,2,57,0,0,56,2,58,78,0,78,136
07/05/2006,RYN,AZ,AWP,WE,Federal Contract Tower,0,0,0,0,0,0,0,128,4,132,0,0,128,4,132,372,0,372,504
07/06/2006,RYN,AZ,AWP,WE,Federal Contract Tower,0,0,2,0,2,0,0,122,7,129,0,0,124,7,131,417,2,419,550
07/07/2006,RYN,AZ,AWP,WE,Federal Contract Tower,0,0,1,0,1,0,0,136,6,142,0,0,137,6,143,380,0,380,523
07/08/2006,RYN,AZ,AWP,WE,Federal Contract Tower,0,0,0,0,0,0,0,210,2,212,0,0,210,2,212,540,0,540,752
07/09/2006,RYN,AZ,AWP,WE,Federal Contract Tower,0,0,3,0,3,0,0,133,0,133,0,0,136,0,136,284,0,284,420
07/10/2006,RYN,AZ,AWP,WE,Federal Contract Tower,0,0,0,0,0,0,0,120,12,132,0,0,120,12,132,538,32,570,702
07/11/2006,RYN,AZ,AWP,WE,Federal Contract Tower,0,0,0,0,0,0,0,192,2,194,0,0,192,2,194,533,0,533,727
07/12/2006,RYN,AZ,AWP,WE,Federal Contract Tower,0,0,5,0,5,0,0,183,14,197,0,0,188,14,202,605,0,605,807
07/13/2006,RYN,AZ,AWP,WE,Federal Contract Tower,0,0,2,1,3,0,0,160,13,173,0,0,162,14,176,480,14,494,670
07/14/2006,RYN,AZ,AWP,WE,Federal Contract Tower,0,0,1,1,2,0,0,144,13,157,0,0,145,14,159,546,0,546,705
07/15/2006,RYN,AZ,AWP,WE,Federal Contract Tower,0,0,0,0,0,0,0,126,0,126,0,0,126,0,126,226,0,226,352
07/16/2006,RYN,AZ,AWP,WE,Federal Contract Tower,0,0,0,0,0,0,0,82,4,86,0,0,82,4,86,214,0,214,300
07/17/2006,RYN,AZ,AWP,WE,Federal Contract Tower,0,0,3,0,3,0,0,190,4,194,0,0,193,4,197,706,0,706,903
07/18/2006,RYN,AZ,AWP,WE,Federal Contract Tower,0,0,2,0,2,0,0,111,9,120,0,0,113,9,122,691,0,691,813
07/19/2006,RYN,AZ,AWP,WE,Federal Contract Tower,0,0,2,0,2,0,0,110,2,112,0,0,112,2,114,696,16,712,826
07/20/2006,RYN,AZ,AWP,WE,Federal Contract Tower,0,0,1,0,1,0,0,203,10,213,0,0,204,10,214,734,0,734,948
07/21/2006,RYN,AZ,AWP,WE,Federal Contract Tower,0,0,4,0,4,0,0,105,8,113,0,0,109,8,117,512,0,512,629
07/22/2006,RYN,AZ,AWP,WE,Federal Contract Tower,0,0,1,0,1,0,0,54,0,54,0,0,55,0,55,30,0,30,85
07/23/2006,RYN,AZ,AWP,WE,Federal Contract Tower,0,0,0,0,0,92,0,0,0,92,92,0,0,0,92,94,0,94,186
07/24/2006,RYN,AZ,AWP,WE,Federal Contract Tower,0,0,1,0,1,0,0,149,3,152,0,0,150,3,153,484,0,484,637
07/25/2006,RYN,AZ,AWP,WE,Federal Contract Tower,0,0,2,0,2,0,0,114,0,114,0,0,116,0,116,424,0,424,540
07/26/2006,RYN,AZ,AWP,WE,Federal Contract Tower,0,0,4,0,4,0,0,198,18,216,0,0,202,18,220,614,8,622,842
07/27/2006,RYN,AZ,AWP,WE,Federal Contract Tower,0,0,4,0,4,0,0,93,12,105,0,0,97,12,109,254,0,254,363
07/28/2006,RYN,AZ,AWP,WE,Federal Contract Tower,0,0,4,0,4,0,0,145,2,147,0,0,149,2,151,550,0,550,701
07/29/2006,RYN,AZ,AWP,WE,Federal Contract Tower,0,0,1,0,1,0,0,30,2,32,0,0,31,2,33,58,0,58,91
07/30/2006,RYN,AZ,AWP,WE,Federal Contract Tower,0,0,4,0,4,0,0,60,0,60,0,0,64,0,64,128,0,128,192
07/31/2006,RYN,AZ,AWP,WE,Federal Contract Tower,0,0,6,0,6,0,0,170,4,174,0,0,176,4,180,368,0,368,548
08/01/2006,RYN,AZ,AWP,WE,Federal Contract Tower,0,0,1,0,1,0,0,173,0,173,0,0,174,0,174,322,0,322,496
08/02/2006,RYN,AZ,AWP,WE,Federal Contract Tower,0,0,4,0,4,0,0,212,0,212,0,0,216,0,216,344,0,344,560
08/03/2006,RYN,AZ,AWP,WE,Federal Contract Tower,0,0,0,0,0,0,0,130,6,136,0,0,130,6,136,239,0,239,375
08/04/2006,RYN,AZ,AWP,WE,Federal Contract Tower,0,0,0,0,0,0,0,195,2,197,0,0,195,2,197,508,2,510,707
08/05/2006,RYN,AZ,AWP,WE,Federal Contract Tower,0,0,1,0,1,0,0,140,4,144,0,0,141,4,145,164,0,164,309
08/06/2006,RYN,AZ,AWP,WE,Federal Contract Tower,0,0,3,0,3,0,0,104,4,108,0,0,107,4,111,118,0,118,229
08/07/2006,RYN,AZ,AWP,WE,Federal Contract Tower,0,0,3,0,3,0,0,145,1,146,0,0,148,1,149,350,2,352,501
08/08/2006,RYN,AZ,AWP,WE,Federal Contract Tower,0,0,4,0,4,0,0,120,8,128,0,0,124,8,132,377,26,403,535
08/09/2006,RYN,AZ,AWP,WE,Federal Contract Tower,0,0,1,0,1,0,0,186,5,191,0,0,187,5,192,463,0,463,655
08/10/2006,RYN,AZ,AWP,WE,Federal Contract Tower,0,0,4,0,4,0,0,224,8,232,0,0,228,8,236,481,0,481,717
08/11/2006,RYN,AZ,AWP,WE,Federal Contract Tower,0,0,0,1,1,0,0,212,12,224,0,0,212,13,225,520,0,520,745
08/12/2006,RYN,AZ,AWP,WE,Federal Contract Tower,0,0,0,0,0,0,0,124,0,124,0,0,124,0,124,215,0,215,339
08/13/2006,RYN,AZ,AWP,WE,Federal Contract Tower,0,0,0,0,0,0,0,124,8,132,0,0,124,8,132,186,0,186,318
08/14/2006,RYN,AZ,AWP,WE,Federal Contract Tower,0,0,2,0,2,0,0,174,8,182,0,0,176,8,184,485,32,517,701
08/15/2006,RYN,AZ,AWP,WE,Federal Contract Tower,0,0,5,0,5,0,0,181,4,185,0,0,186,4,190,516,0,516,706
08/16/2006,RYN,AZ,AWP,WE,Federal Contract Tower,0,0,3,0,3,0,0,202,1,203,0,0,205,1,206,394,2,396,602
08/17/2006,RYN,AZ,AWP,WE,Federal Contract Tower,0,0,1,0,1,0,0,234,2,236,0,0,235,2,237,597,0,597,834
08/18/2006,RYN,AZ,AWP,WE,Federal Contract Tower,0,0,5,0,5,0,0,229,4,233,0,0,234,4,238,499,0,499,737
08/19/2006,RYN,AZ,AWP,WE,Federal Contract Tower,0,0,4,0,4,0,0,147,6,153,0,0,151,6,157,238,2,240,397
08/20/2006,RYN,AZ,AWP,WE,Federal Contract Tower,0,0,0,0,0,0,0,135,8,143,0,0,135,8,143,234,0,234,377
08/21/2006,RYN,AZ,AWP,WE,Federal Contract Tower,0,0,0,0,0,0,0,186,5,191,0,0,186,5,191,524,0,524,715
08/22/2006,RYN,AZ,AWP,WE,Federal Contract Tower,0,0,0,0,0,0,0,174,8,182,0,0,174,8,182,352,22,374,556
08/23/2006,RYN,AZ,AWP,WE,Federal Contract Tower,0,0,2,0,2,0,0,204,10,214,0,0,206,10,216,478,6,484,700
08/24/2006,RYN,AZ,AWP,WE,Federal Contract Tower,0,0,2,1,3,0,0,165,4,169,0,0,167,5,172,318,3,321,493
08/25/2006,RYN,AZ,AWP,WE,Federal Contract Tower,0,0,4,0,4,0,0,218,12,230,0,0,222,12,234,419,0,419,653
08/26/2006,RYN,AZ,AWP,WE,Federal Contract Tower,0,0,3,0,3,0,0,114,2,116,0,0,117,2,119,245,0,245,364
08/27/2006,RYN,AZ,AWP,WE,Federal Contract Tower,0,0,2,0,2,0,0,167,2,169,0,0,169,2,171,124,0,124,295
08/28/2006,RYN,AZ,AWP,WE,Federal Contract Tower,0,0,3,0,3,0,0,214,10,224,0,0,217,10,227,374,8,382,609
08/29/2006,RYN,AZ,AWP,WE,Federal Contract Tower,0,0,9,0,9,0,0,196,0,196,0,0,205,0,205,401,0,401,606
08/30/2006,RYN,AZ,AWP,WE,Federal Contract Tower,0,0,3,0,3,0,0,194,19,213,0,0,197,19,216,438,20,458,674
08/31/2006,RYN,AZ,AWP,WE,Federal Contract Tower,0,0,3,0,3,0,0,218,16,234,0,0,221,16,237,417,0,417,654
09/01/2006,RYN,AZ,AWP,WE,Federal Contract Tower,0,0,3,0,3,0,0,217,4,221,0,0,220,4,224,386,2,388,612
09/02/2006,RYN,AZ,AWP,WE,Federal Contract Tower,0,0,1,0,1,0,0,120,0,120,0,0,121,0,121,188,0,188,309
09/03/2006,RYN,AZ,AWP,WE,Federal Contract Tower,0,0,1,0,1,0,0,102,8,110,0,0,103,8,111,172,0,172,283
09/04/2006,RYN,AZ,AWP,WE,Federal Contract Tower,0,0,0,0,0,0,0,80,4,84,0,0,80,4,84,86,0,86,170
09/05/2006,RYN,AZ,AWP,WE,Federal Contract Tower,0,0,5,0,5,0,0,230,7,237,0,0,235,7,242,204,10,214,456
09/06/2006,RYN,AZ,AWP,WE,Federal Contract Tower,0,0,4,0,4,0,0,191,4,195,0,0,195,4,199,296,0,296,495
09/07/2006,RYN,AZ,AWP,WE,Federal Contract Tower,0,0,7,0,7,0,0,139,6,145,0,0,146,6,152,140,2,142,294
09/08/2006,RYN,AZ,AWP,WE,Federal Contract Tower,0,0,14,0,14,0,0,208,10,218,0,0,222,10,232,320,0,320,552
09/09/2006,RYN,AZ,AWP,WE,Federal Contract Tower,0,0,1,0,1,0,0,128,2,130,0,0,129,2,131,196,0,196,327
09/10/2006,RYN,AZ,AWP,WE,Federal Contract Tower,0,0,1,0,1,0,0,124,3,127,0,0,125,3,128,121,0,121,249
09/11/2006,RYN,AZ,AWP,WE,Federal Contract Tower,0,0,1,0,1,0,0,236,18,254,0,0,237,18,255,430,34,464,719
09/12/2006,RYN,AZ,AWP,WE,Federal Contract Tower,0,0,2,0,2,0,0,224,7,231,0,0,226,7,233,318,0,318,551
09/13/2006,RYN,AZ,AWP,WE,Federal Contract Tower,0,0,4,0,4,0,0,277,4,281,0,0,281,4,285,598,0,598,883
09/14/2006,RYN,AZ,AWP,WE,Federal Contract Tower,0,0,2,0,2,0,0,231,2,233,0,0,233,2,235,573,0,573,808
09/15/2006,RYN,AZ,AWP,WE,Federal Contract Tower,0,0,0,0,0,0,0,175,4,179,0,0,175,4,179,617,0,617,796
09/16/2006,RYN,AZ,AWP,WE,Federal Contract Tower,0,0,3,0,3,0,0,124,6,130,0,0,127,6,133,210,0,210,343
09/17/2006,RYN,AZ,AWP,WE,Federal Contract Tower,0,0,0,1,1,0,0,162,7,169,0,0,162,8,170,146,2,148,318
09/18/2006,RYN,AZ,AWP,WE,Federal Contract Tower,0,0,2,0,2,0,0,266,10,276,0,0,268,10,278,571,4,575,853
09/19/2006,RYN,AZ,AWP,WE,Federal Contract Tower,0,0,4,0,4,0,0,217,14,231,0,0,221,14,235,618,0,618,853
09/20/2006,RYN,AZ,AWP,WE,Federal Contract Tower,0,0,1,0,1,0,0,214,0,214,0,0,215,0,215,642,0,642,857
09/21/2006,RYN,AZ,AWP,WE,Federal Contract Tower,0,0,4,0,4,0,0,237,6,243,0,0,241,6,247,554,0,554,801
09/22/2006,RYN,AZ,AWP,WE,Federal Contract Tower,0,0,7,0,7,0,0,146,8,154,0,0,153,8,161,268,5,273,434
09/23/2006,RYN,AZ,AWP,WE,Federal Contract Tower,0,0,2,0,2,0,0,119,9,128,0,0,121,9,130,222,2,224,354
09/24/2006,RYN,AZ,AWP,WE,Federal Contract Tower,0,0,3,0,3,0,0,102,6,108,0,0,105,6,111,122,12,134,245
09/25/2006,RYN,AZ,AWP,WE,Federal Contract Tower,0,0,5,0,5,0,0,184,0,184,0,0,189,0,189,611,0,611,800
09/26/2006,RYN,AZ,AWP,WE,Federal Contract Tower,0,0,5,0,5,0,0,185,2,187,0,0,190,2,192,450,0,450,642
09/27/2006,RYN,AZ,AWP,WE,Federal Contract Tower,0,0,5,0,5,0,0,238,12,250,0,0,243,12,255,511,0,511,766
09/28/2006,RYN,AZ,AWP,WE,Federal Contract Tower,0,0,6,0,6,0,0,198,4,202,0,0,204,4,208,582,0,582,790
09/29/2006,RYN,AZ,AWP,WE,Federal Contract Tower,0,0,4,0,4,0,0,127,7,134,0,0,131,7,138,350,0,350,488
09/30/2006,RYN,AZ,AWP,WE,Federal Contract Tower,0,0,2,0,2,0,0,197,0,197,0,0,199,0,199,340,0,340,539
10/01/2006,RYN,AZ,AWP,WE,Federal Contract Tower,0,0,2,0,2,0,0,144,2,146,0,0,146,2,148,212,18,230,378
10/02/2006,RYN,AZ,AWP,WE,Federal Contract Tower,0,0,2,1,3,0,0,283,8,291,0,0,285,9,294,540,0,540,834
10/03/2006,RYN,AZ,AWP,WE,Federal Contract Tower,0,0,7,3,10,0,0,250,6,256,0,0,257,9,266,588,0,588,854
10/04/2006,RYN,AZ,AWP,WE,Federal Contract Tower,0,0,2,0,2,0,0,307,0,307,0,0,309,0,309,580,0,580,889
10/05/2006,RYN,AZ,AWP,WE,Federal Contract Tower,0,0,3,0,3,0,0,195,0,195,0,0,198,0,198,490,0,490,688
10/06/2006,RYN,AZ,AWP,WE,Federal Contract Tower,0,0,0,0,0,0,0,157,0,157,0,0,157,0,157,411,0,411,568
10/07/2006,RYN,AZ,AWP,WE,Federal Contract Tower,0,0,5,0,5,0,0,123,2,125,0,0,128,2,130,170,0,170,300
10/08/2006,RYN,AZ,AWP,WE,Federal Contract Tower,0,0,2,0,2,0,0,94,2,96,0,0,96,2,98,153,0,153,251
10/09/2006,RYN,AZ,AWP,WE,Federal Contract Tower,0,0,3,0,3,0,0,190,0,190,0,0,193,0,193,468,0,468,661
10/10/2006,RYN,AZ,AWP,WE,Federal Contract Tower,0,0,3,0,3,0,0,190,0,190,0,0,193,0,193,468,0,468,661
10/11/2006,RYN,AZ,AWP,WE,Federal Contract Tower,0,0,6,0,6,0,0,277,4,281,0,0,283,4,287,662,0,662,949
10/12/2006,RYN,AZ,AWP,WE,Federal Contract Tower,0,0,7,2,9,0,0,242,8,250,0,0,249,10,259,542,14,556,815
10/13/2006,RYN,AZ,AWP,WE,Federal Contract Tower,0,0,3,0,3,0,0,257,0,257,0,0,260,0,260,598,0,598,858
10/14/2006,RYN,AZ,AWP,WE,Federal Contract Tower,0,0,8,0,8,0,0,86,0,86,0,0,94,0,94,185,0,185,279
10/15/2006,RYN,AZ,AWP,WE,Federal Contract Tower,0,0,1,0,1,0,0,138,6,144,0,0,139,6,145,185,0,185,330
10/16/2006,RYN,AZ,AWP,WE,Federal Contract Tower,0,0,7,0,7,0,0,256,8,264,0,0,263,8,271,714,46,760,1031
10/17/2006,RYN,AZ,AWP,WE,Federal Contract Tower,0,0,7,0,7,0,0,212,8,220,0,0,219,8,227,742,70,812,1039
10/18/2006,RYN,AZ,AWP,WE,Federal Contract Tower,0,0,7,0,7,0,0,234,12,246,0,0,241,12,253,670,10,680,933
10/19/2006,RYN,AZ,AWP,WE,Federal Contract Tower,0,0,7,0,7,0,0,276,7,283,0,0,283,7,290,520,0,520,810
10/20/2006,RYN,AZ,AWP,WE,Federal Contract Tower,0,0,2,0,2,0,0,324,0,324,0,0,326,0,326,586,0,586,912
10/21/2006,RYN,AZ,AWP,WE,Federal Contract Tower,0,0,0,0,0,0,0,146,0,146,0,0,146,0,146,230,0,230,376
10/22/2006,RYN,AZ,AWP,WE,Federal Contract Tower,0,0,1,0,1,0,0,141,4,145,0,0,142,4,146,159,0,159,305
10/23/2006,RYN,AZ,AWP,WE,Federal Contract Tower,0,0,6,0,6,0,0,192,2,194,0,0,198,2,200,475,0,475,675
10/24/2006,RYN,AZ,AWP,WE,Federal Contract Tower,0,0,3,0,3,0,0,195,38,233,0,0,198,38,236,340,8,348,584
10/25/2006,RYN,AZ,AWP,WE,Federal Contract Tower,0,0,3,0,3,0,0,264,4,268,0,0,267,4,271,490,0,490,761
10/26/2006,RYN,AZ,AWP,WE,Federal Contract Tower,0,0,2,0,2,0,0,264,1,265,0,0,266,1,267,462,1,463,730
10/27/2006,RYN,AZ,AWP,WE,Federal Contract Tower,0,0,1,0,1,0,0,259,4,263,0,0,260,4,264,664,0,664,928
10/28/2006,RYN,AZ,AWP,WE,Federal Contract Tower,0,0,3,0,3,0,0,236,0,236,0,0,239,0,239,462,0,462,701
10/29/2006,RYN,AZ,AWP,WE,Federal Contract Tower,0,0,2,0,2,0,0,210,0,210,0,0,212,0,212,523,0,523,735
10/30/2006,RYN,AZ,AWP,WE,Federal Contract Tower,0,0,3,0,3,0,0,207,6,213,0,0,210,6,216,644,26,670,886
10/31/2006,RYN,AZ,AWP,WE,Federal Contract Tower,0,0,6,0,6,0,0,199,8,207,0,0,205,8,213,510,0,510,723
11/01/2006,RYN,AZ,AWP,WE,Federal Contract Tower,0,0,0,0,0,0,0,246,4,250,0,0,246,4,250,524,0,524,774
11/02/2006,RYN,AZ,AWP,WE,Federal Contract Tower,0,0,3,0,3,0,0,230,4,234,0,0,233,4,237,393,0,393,630
11/03/2006,RYN,AZ,AWP,WE,Federal Contract Tower,0,0,6,0,6,0,0,273,12,285,0,0,279,12,291,465,2,467,758
11/04/2006,RYN,AZ,AWP,WE,Federal Contract Tower,0,0,4,0,4,0,0,327,2,329,0,0,331,2,333,575,0,575,908
11/05/2006,RYN,AZ,AWP,WE,Federal Contract Tower,0,0,5,0,5,0,0,274,5,279,0,0,279,5,284,672,0,672,956
11/06/2006,RYN,AZ,AWP,WE,Federal Contract Tower,0,0,2,0,2,0,0,228,2,230,0,0,230,2,232,471,0,471,703
11/07/2006,RYN,AZ,AWP,WE,Federal Contract Tower,0,0,4,0,4,0,0,222,11,233,0,0,226,11,237,441,3,444,681
11/08/2006,RYN,AZ,AWP,WE,Federal Contract Tower,0,0,6,0,6,0,0,312,6,318,0,0,318,6,324,538,4,542,866
11/09/2006,RYN,AZ,AWP,WE,Federal Contract Tower,0,0,1,0,1,0,0,195,0,195,0,0,196,0,196,472,0,472,668
11/10/2006,RYN,AZ,AWP,WE,Federal Contract Tower,0,0,3,0,3,0,0,243,8,251,0,0,246,8,254,648,0,648,902
11/11/2006,RYN,AZ,AWP,WE,Federal Contract Tower,0,0,1,0,1,0,0,227,0,227,0,0,228,0,228,577,0,577,805
11/12/2006,RYN,AZ,AWP,WE,Federal Contract Tower,0,0,3,0,3,0,0,203,2,205,0,0,206,2,208,528,0,528,736
11/13/2006,RYN,AZ,AWP,WE,Federal Contract Tower,0,0,5,0,5,0,0,189,4,193,0,0,194,4,198,419,0,419,617
11/14/2006,RYN,AZ,AWP,WE,Federal Contract Tower,0,0,2,0,2,0,0,179,2,181,0,0,181,2,183,354,0,354,537
11/15/2006,RYN,AZ,AWP,WE,Federal Contract Tower,0,0,0,0,0,0,0,224,2,226,0,0,224,2,226,443,0,443,669
11/16/2006,RYN,AZ,AWP,WE,Federal Contract Tower,0,0,0,0,0,0,0,150,4,154,0,0,150,4,154,360,0,360,514
11/17/2006,RYN,AZ,AWP,WE,Federal Contract Tower,0,0,3,0,3,0,0,165,4,169,0,0,168,4,172,410,0,410,582
11/18/2006,RYN,AZ,AWP,WE,Federal Contract Tower,0,0,3,0,3,0,0,270,0,270,0,0,273,0,273,493,0,493,766
11/19/2006,RYN,AZ,AWP,WE,Federal Contract Tower,0,0,2,0,2,0,0,208,4,212,0,0,210,4,214,402,0,402,616
11/20/2006,RYN,AZ,AWP,WE,Federal Contract Tower,0,0,3,0,3,0,0,141,2,143,0,0,144,2,146,256,0,256,402
11/21/2006,RYN,AZ,AWP,WE,Federal Contract Tower,0,0,2,0,2,0,0,113,0,113,0,0,115,0,115,340,0,340,455
11/22/2006,RYN,AZ,AWP,WE,Federal Contract Tower,0,0,2,0,2,0,0,208,0,208,0,0,210,0,210,436,0,436,646
11/23/2006,RYN,AZ,AWP,WE,Federal Contract Tower,0,0,0,0,0,0,0,70,4,74,0,0,70,4,74,78,0,78,152
11/24/2006,RYN,AZ,AWP,WE,Federal Contract Tower,0,0,8,0,8,0,0,142,0,142,0,0,150,0,150,314,0,314,464
11/25/2006,RYN,AZ,AWP,WE,Federal Contract Tower,0,0,3,0,3,0,0,111,0,111,0,0,114,0,114,154,0,154,268
11/26/2006,RYN,AZ,AWP,WE,Federal Contract Tower,0,0,1,0,1,0,0,122,0,122,0,0,123,0,123,117,0,117,240
11/27/2006,RYN,AZ,AWP,WE,Federal Contract Tower,0,0,3,0,3,0,0,157,6,163,0,0,160,6,166,239,0,239,405
11/28/2006,RYN,AZ,AWP,WE,Federal Contract Tower,0,0,3,0,3,0,0,173,0,173,0,0,176,0,176,332,0,332,508
11/29/2006,RYN,AZ,AWP,WE,Federal Contract Tower,0,0,1,0,1,0,0,97,4,101,0,0,98,4,102,210,0,210,312
11/30/2006,RYN,AZ,AWP,WE,Federal Contract Tower,0,0,3,0,3,0,0,168,6,174,0,0,171,6,177,278,0,278,455
12/01/2006,RYN,AZ,AWP,WE,Federal Contract Tower,0,0,3,0,3,0,0,222,8,230,0,0,225,8,233,394,0,394,627
12/02/2006,RYN,AZ,AWP,WE,Federal Contract Tower,0,0,1,0,1,0,0,191,2,193,0,0,192,2,194,530,0,530,724
12/03/2006,RYN,AZ,AWP,WE,Federal Contract Tower,0,0,0,0,0,0,0,118,0,118,0,0,118,0,118,265,0,265,383
12/04/2006,RYN,AZ,AWP,WE,Federal Contract Tower,0,0,0,0,0,0,0,70,3,73,0,0,70,3,73,180,4,184,257
12/05/2006,RYN,AZ,AWP,WE,Federal Contract Tower,0,0,3,0,3,0,0,188,2,190,0,0,191,2,193,454,0,454,647
12/06/2006,RYN,AZ,AWP,WE,Federal Contract Tower,0,0,3,0,3,0,0,192,3,195,0,0,195,3,198,426,0,426,624
12/07/2006,RYN,AZ,AWP,WE,Federal Contract Tower,0,0,8,0,8,0,0,149,6,155,0,0,157,6,163,192,0,192,355
12/08/2006,RYN,AZ,AWP,WE,Federal Contract Tower,0,0,4,0,4,0,0,61,4,65,0,0,65,4,69,144,0,144,213
12/09/2006,RYN,AZ,AWP,WE,Federal Contract Tower,0,0,2,0,2,0,0,207,0,207,0,0,209,0,209,644,0,644,853
12/10/2006,RYN,AZ,AWP,WE,Federal Contract Tower,0,0,2,0,2,0,0,213,2,215,0,0,215,2,217,467,0,467,684
12/11/2006,RYN,AZ,AWP,WE,Federal Contract Tower,0,0,4,0,4,0,0,144,2,146,0,0,148,2,150,312,0,312,462
12/12/2006,RYN,AZ,AWP,WE,Federal Contract Tower,0,0,0,0,0,0,0,191,0,191,0,0,191,0,191,404,0,404,595
12/13/2006,RYN,AZ,AWP,WE,Federal Contract Tower,0,0,1,0,1,0,0,220,6,226,0,0,221,6,227,506,0,506,733
12/14/2006,RYN,AZ,AWP,WE,Federal Contract Tower,0,0,2,0,2,0,0,178,10,188,0,0,180,10,190,534,0,534,724
12/15/2006,RYN,AZ,AWP,WE,Federal Contract Tower,0,0,0,0,0,0,0,227,10,237,0,0,227,10,237,406,0,406,643
12/16/2006,RYN,AZ,AWP,WE,Federal Contract Tower,0,0,4,0,4,0,0,157,2,159,0,0,161,2,163,410,0,410,573
12/17/2006,RYN,AZ,AWP,WE,Federal Contract Tower,0,0,3,0,3,0,0,129,0,129,0,0,132,0,132,503,0,503,635
12/18/2006,RYN,AZ,AWP,WE,Federal Contract Tower,0,0,0,0,0,0,0,183,3,186,0,0,183,3,186,421,1,422,608
12/19/2006,RYN,AZ,AWP,WE,Federal Contract Tower,0,0,2,0,2,0,0,149,0,149,0,0,151,0,151,404,0,404,555
12/20/2006,RYN,AZ,AWP,WE,Federal Contract Tower,0,0,1,0,1,0,0,255,0,255,0,0,256,0,256,556,0,556,812
12/21/2006,RYN,AZ,AWP,WE,Federal Contract Tower,0,0,1,0,1,0,0,195,0,195,0,0,196,0,196,510,0,510,706
12/22/2006,RYN,AZ,AWP,WE,Federal Contract Tower,0,0,7,0,7,0,0,189,0,189,0,0,196,0,196,422,0,422,618
12/23/2006,RYN,AZ,AWP,WE,Federal Contract Tower,0,0,1,0,1,0,0,95,0,95,0,0,96,0,96,205,0,205,301
12/24/2006,RYN,AZ,AWP,WE,Federal Contract Tower,0,0,0,0,0,0,0,71,0,71,0,0,71,0,71,138,0,138,209
12/25/2006,RYN,AZ,AWP,WE,Federal Contract Tower,0,0,0,0,0,0,0,22,0,22,0,0,22,0,22,34,0,34,56
12/26/2006,RYN,AZ,AWP,WE,Federal Contract Tower,0,0,0,0,0,0,0,119,0,119,0,0,119,0,119,351,0,351,470
12/27/2006,RYN,AZ,AWP,WE,Federal Contract Tower,0,0,4,0,4,0,0,149,4,153,0,0,153,4,157,358,6,364,521
12/28/2006,RYN,AZ,AWP,WE,Federal Contract Tower,0,0,16,0,16,0,0,51,0,51,0,0,67,0,67,526,0,526,593
12/29/2006,RYN,AZ,AWP,WE,Federal Contract Tower,0,0,11,0,11,0,0,123,2,125,0,0,134,2,136,578,0,578,714
12/30/2006,RYN,AZ,AWP,WE,Federal Contract Tower,0,0,1,0,1,0,0,174,0,174,0,0,175,0,175,566,0,566,741
12/31/2006,RYN,AZ,AWP,WE,Federal Contract Tower,0,0,0,0,0,0,0,177,0,177,0,0,177,0,177,548,0,548,725
01/01/2007,RYN,AZ,AWP,WE,Federal Contract Tower,0,0,0,0,0,0,0,75,0,75,0,0,75,0,75,94,0,94,169
01/02/2007,RYN,AZ,AWP,WE,Federal Contract Tower,0,0,10,0,10,0,0,147,0,147,0,0,157,0,157,340,0,340,497
01/03/2007,RYN,AZ,AWP,WE,Federal Contract Tower,0,0,4,0,4,0,0,136,2,138,0,0,140,2,142,353,6,359,501
01/04/2007,RYN,AZ,AWP,WE,Federal Contract Tower,0,0,3,0,3,0,0,216,2,218,0,0,219,2,221,278,0,278,499
01/05/2007,RYN,AZ,AWP,WE,Federal Contract Tower,0,0,12,0,12,0,0,192,6,198,0,0,204,6,210,348,14,362,572
01/06/2007,RYN,AZ,AWP,WE,Federal Contract Tower,0,0,2,0,2,0,0,257,0,257,0,0,259,0,259,520,0,520,779
01/07/2007,RYN,AZ,AWP,WE,Federal Contract Tower,0,0,1,0,1,0,0,225,0,225,0,0,226,0,226,518,0,518,744
01/08/2007,RYN,AZ,AWP,WE,Federal Contract Tower,0,0,1,1,2,0,4,188,12,204,0,4,189,13,206,482,0,482,688
01/09/2007,RYN,AZ,AWP,WE,Federal Contract Tower,0,0,2,0,2,0,0,165,7,172,0,0,167,7,174,384,6,390,564
01/10/2007,RYN,AZ,AWP,WE,Federal Contract Tower,0,0,1,0,1,0,0,176,4,180,0,0,177,4,181,444,2,446,627
01/11/2007,RYN,AZ,AWP,WE,Federal Contract Tower,0,0,2,0,2,0,0,215,6,221,0,0,217,6,223,578,16,594,817
01/12/2007,RYN,AZ,AWP,WE,Federal Contract Tower,0,0,2,0,2,0,0,118,1,119,0,0,120,1,121,440,6,446,567
01/13/2007,RYN,AZ,AWP,WE,Federal Contract Tower,0,0,2,0,2,0,0,186,0,186,0,0,188,0,188,538,0,538,726
01/14/2007,RYN,AZ,AWP,WE,Federal Contract Tower,0,0,0,0,0,0,0,212,2,214,0,0,212,2,214,556,0,556,770
01/15/2007,RYN,AZ,AWP,WE,Federal Contract Tower,0,0,3,0,3,0,0,179,0,179,0,0,182,0,182,451,0,451,633
01/16/2007,RYN,AZ,AWP,WE,Federal Contract Tower,0,0,4,1,5,0,0,109,21,130,0,0,113,22,135,197,0,197,332
01/17/2007,RYN,AZ,AWP,WE,Federal Contract Tower,0,0,1,0,1,0,0,185,2,187,0,0,186,2,188,577,0,577,765
01/18/2007,RYN,AZ,AWP,WE,Federal Contract Tower,0,0,2,0,2,0,0,135,3,138,0,0,137,3,140,515,1,516,656
01/19/2007,RYN,AZ,AWP,WE,Federal Contract Tower,0,0,14,0,14,0,0,122,0,122,0,0,136,0,136,416,0,416,552
01/20/2007,RYN,AZ,AWP,WE,Federal Contract Tower,0,0,4,0,4,0,0,190,18,208,0,0,194,18,212,630,0,630,842
01/21/2007,RYN,AZ,AWP,WE,Federal Contract Tower,0,0,4,0,4,0,0,107,0,107,0,0,111,0,111,292,0,292,403
01/22/2007,RYN,AZ,AWP,WE,Federal Contract Tower,0,0,3,0,3,0,0,55,3,58,0,0,58,3,61,142,28,170,231
01/23/2007,RYN,AZ,AWP,WE,Federal Contract Tower,0,0,3,0,3,0,0,141,0,141,0,0,144,0,144,507,0,507,651
01/24/2007,RYN,AZ,AWP,WE,Federal Contract Tower,0,0,0,0,0,0,0,194,8,202,0,0,194,8,202,535,0,535,737
01/25/2007,RYN,AZ,AWP,WE,Federal Contract Tower,0,0,1,0,1,0,0,154,8,162,0,0,155,8,163,232,4,236,399
01/26/2007,RYN,AZ,AWP,WE,Federal Contract Tower,0,0,2,0,2,0,0,210,2,212,0,0,212,2,214,693,0,693,907
01/27/2007,RYN,AZ,AWP,WE,Federal Contract Tower,0,0,0,0,0,0,0,326,4,330,0,0,326,4,330,630,0,630,960
01/28/2007,RYN,AZ,AWP,WE,Federal Contract Tower,0,0,3,0,3,0,0,217,3,220,0,0,220,3,223,468,0,468,691
01/29/2007,RYN,AZ,AWP,WE,Federal Contract Tower,0,0,1,0,1,0,0,210,4,214,0,0,211,4,215,510,0,510,725
01/30/2007,RYN,AZ,AWP,WE,Federal Contract Tower,0,0,3,0,3,0,0,173,0,173,0,0,176,0,176,513,0,513,689
01/31/2007,RYN,AZ,AWP,WE,Federal Contract Tower,0,0,8,0,8,0,0,169,0,169,0,0,177,0,177,536,0,536,713
02/01/2007,RYN,AZ,AWP,WE,Federal Contract Tower,0,0,5,0,5,0,0,194,1,195,0,0,199,1,200,478,1,479,679
02/02/2007,RYN,AZ,AWP,WE,Federal Contract Tower,0,0,1,0,1,0,0,211,2,213,0,0,212,2,214,575,0,575,789
02/03/2007,RYN,AZ,AWP,WE,Federal Contract Tower,0,0,1,0,1,0,0,298,2,300,0,0,299,2,301,505,0,505,806
02/04/2007,RYN,AZ,AWP,WE,Federal Contract Tower,0,0,1,0,1,0,0,208,0,208,0,0,209,0,209,460,0,460,669
02/05/2007,RYN,AZ,AWP,WE,Federal Contract Tower,0,0,1,0,1,0,0,163,4,167,0,0,164,4,168,464,2,466,634
02/06/2007,RYN,AZ,AWP,WE,Federal Contract Tower,0,0,5,0,5,0,0,233,6,239,0,0,238,6,244,520,0,520,764
02/07/2007,RYN,AZ,AWP,WE,Federal Contract Tower,0,0,3,0,3,0,0,202,4,206,0,0,205,4,209,366,0,366,575
02/08/2007,RYN,AZ,AWP,WE,Federal Contract Tower,0,0,4,0,4,0,0,204,7,211,0,0,208,7,215,314,0,314,529
02/09/2007,RYN,AZ,AWP,WE,Federal Contract Tower,0,0,4,0,4,0,0,200,6,206,0,0,204,6,210,535,30,565,775
02/10/2007,RYN,AZ,AWP,WE,Federal Contract Tower,0,0,1,0,1,0,0,255,2,257,0,0,256,2,258,532,0,532,790
02/11/2007,RYN,AZ,AWP,WE,Federal Contract Tower,0,0,5,0,5,0,0,199,0,199,0,0,204,0,204,380,0,380,584
02/12/2007,RYN,AZ,AWP,WE,Federal Contract Tower,0,0,0,0,0,0,0,184,0,184,0,0,184,0,184,304,0,304,488
02/13/2007,RYN,AZ,AWP,WE,Federal Contract Tower,0,0,1,0,1,0,0,163,0,163,0,0,164,0,164,380,0,380,544
02/14/2007,RYN,AZ,AWP,WE,Federal Contract Tower,0,0,3,0,3,0,0,133,2,135,0,0,136,2,138,302,0,302,440
02/15/2007,RYN,AZ,AWP,WE,Federal Contract Tower,0,0,3,0,3,0,0,192,5,197,0,0,195,5,200,235,0,235,435
02/16/2007,RYN,AZ,AWP,WE,Federal Contract Tower,0,0,0,0,0,0,0,179,0,179,0,0,179,0,179,259,0,259,438
02/17/2007,RYN,AZ,AWP,WE,Federal Contract Tower,0,0,1,0,1,0,0,139,0,139,0,0,140,0,140,173,0,173,313
02/18/2007,RYN,AZ,AWP,WE,Federal Contract Tower,0,0,1,0,1,0,0,153,2,155,0,0,154,2,156,410,0,410,566
02/19/2007,RYN,AZ,AWP,WE,Federal Contract Tower,0,0,0,0,0,0,0,167,0,167,0,0,167,0,167,173,0,173,340
02/20/2007,RYN,AZ,AWP,WE,Federal Contract Tower,0,0,4,0,4,0,0,196,0,196,0,0,200,0,200,334,0,334,534
02/21/2007,RYN,AZ,AWP,WE,Federal Contract Tower,0,0,0,0,0,0,0,204,2,206,0,0,204,2,206,319,0,319,525
02/22/2007,RYN,AZ,AWP,WE,Federal Contract Tower,0,0,4,0,4,0,0,177,0,177,0,0,181,0,181,311,0,311,492
02/23/2007,RYN,AZ,AWP,WE,Federal Contract Tower,0,0,1,0,1,0,0,111,12,123,0,0,112,12,124,177,0,177,301
02/24/2007,RYN,AZ,AWP,WE,Federal Contract Tower,0,0,0,0,0,0,0,234,0,234,0,0,234,0,234,381,0,381,615
02/25/2007,RYN,AZ,AWP,WE,Federal Contract Tower,0,0,3,0,3,0,0,254,2,256,0,0,257,2,259,462,0,462,721
02/26/2007,RYN,AZ,AWP,WE,Federal Contract Tower,0,0,2,0,2,0,0,166,0,166,0,0,168,0,168,246,0,246,414
02/27/2007,RYN,AZ,AWP,WE,Federal Contract Tower,0,0,3,0,3,0,0,174,2,176,0,0,177,2,179,281,0,281,460
02/28/2007,RYN,AZ,AWP,WE,Federal Contract Tower,0,0,3,0,3,0,0,133,0,133,0,0,136,0,136,235,0,235,371
03/01/2007,RYN,AZ,AWP,WE,Federal Contract Tower,0,0,0,0,0,0,0,186,4,190,0,0,186,4,190,345,0,345,535
03/02/2007,RYN,AZ,AWP,WE,Federal Contract Tower,0,0,5,0,5,0,0,193,6,199,0,0,198,6,204,297,0,297,501
03/03/2007,RYN,AZ,AWP,WE,Federal Contract Tower,0,0,3,0,3,0,0,183,0,183,0,0,186,0,186,367,0,367,553
03/04/2007,RYN,AZ,AWP,WE,Federal Contract Tower,0,0,0,0,0,0,0,21,0,21,0,0,21,0,21,14,0,14,35
03/05/2007,RYN,AZ,AWP,WE,Federal Contract Tower,0,0,3,0,3,0,0,88,2,90,0,0,91,2,93,13,0,13,106
03/06/2007,RYN,AZ,AWP,WE,Federal Contract Tower,0,0,3,0,3,0,0,226,0,226,0,0,229,0,229,432,0,432,661
03/07/2007,RYN,AZ,AWP,WE,Federal Contract Tower,0,0,1,0,1,0,0,200,0,200,0,0,201,0,201,436,0,436,637
03/08/2007,RYN,AZ,AWP,WE,Federal Contract Tower,0,0,4,0,4,0,0,199,6,205,0,0,203,6,209,218,0,218,427
03/09/2007,RYN,AZ,AWP,WE,Federal Contract Tower,0,0,5,0,5,0,0,211,2,213,0,0,216,2,218,370,0,370,588
03/10/2007,RYN,AZ,AWP,WE,Federal Contract Tower,0,0,2,0,2,0,0,450,0,450,0,0,452,0,452,364,0,364,816
03/11/2007,RYN,AZ,AWP,WE,Federal Contract Tower,0,0,0,0,0,0,0,220,0,220,0,0,220,0,220,328,0,328,548
03/12/2007,RYN,AZ,AWP,WE,Federal Contract Tower,0,0,2,0,2,0,0,130,4,134,0,0,132,4,136,249,0,249,385
03/13/2007,RYN,AZ,AWP,WE,Federal Contract Tower,0,0,0,0,0,0,0,178,4,182,0,0,178,4,182,332,26,358,540
03/14/2007,RYN,AZ,AWP,WE,Federal Contract Tower,0,0,1,0,1,0,0,187,2,189,0,0,188,2,190,402,12,414,604
03/15/2007,RYN,AZ,AWP,WE,Federal Contract Tower,0,0,7,0,7,0,0,163,0,163,0,0,170,0,170,330,0,330,500
03/16/2007,RYN,AZ,AWP,WE,Federal Contract Tower,0,0,5,0,5,0,0,170,11,181,0,0,175,11,186,354,0,354,540
03/17/2007,RYN,AZ,AWP,WE,Federal Contract Tower,0,0,0,0,0,0,0,182,2,184,0,0,182,2,184,460,0,460,644
03/18/2007,RYN,AZ,AWP,WE,Federal Contract Tower,0,0,4,0,4,0,0,155,0,155,0,0,159,0,159,310,0,310,469
03/19/2007,RYN,AZ,AWP,WE,Federal Contract Tower,0,0,1,0,1,0,0,168,0,168,0,0,169,0,169,321,0,321,490
03/20/2007,RYN,AZ,AWP,WE,Federal Contract Tower,0,0,0,0,0,0,0,192,0,192,0,0,192,0,192,361,0,361,553
03/21/2007,RYN,AZ,AWP,WE,Federal Contract Tower,0,0,2,0,2,0,0,143,4,147,0,0,145,4,149,263,0,263,412
03/22/2007,RYN,AZ,AWP,WE,Federal Contract Tower,0,0,8,0,8,0,0,117,1,118,0,0,125,1,126,270,0,270,396
03/23/2007,RYN,AZ,AWP,WE,Federal Contract Tower,0,0,12,0,12,0,0,159,9,168,0,0,171,9,180,315,0,315,495
03/24/2007,RYN,AZ,AWP,WE,Federal Contract Tower,0,0,3,0,3,0,0,196,6,202,0,0,199,6,205,482,0,482,687
03/25/2007,RYN,AZ,AWP,WE,Federal Contract Tower,0,0,2,0,2,0,0,237,0,237,0,0,239,0,239,379,0,379,618
03/26/2007,RYN,AZ,AWP,WE,Federal Contract Tower,0,0,2,0,2,0,0,175,0,175,0,0,177,0,177,323,0,323,500
03/27/2007,RYN,AZ,AWP,WE,Federal Contract Tower,0,0,1,0,1,0,0,105,0,105,0,0,106,0,106,244,0,244,350
03/28/2007,RYN,AZ,AWP,WE,Federal Contract Tower,0,0,4,0,4,0,0,236,4,240,0,0,240,4,244,402,0,402,646
03/29/2007,RYN,AZ,AWP,WE,Federal Contract Tower,0,0,0,0,0,0,0,251,0,251,0,0,251,0,251,526,0,526,777
03/30/2007,RYN,AZ,AWP,WE,Federal Contract Tower,0,0,8,0,8,0,0,182,2,184,0,0,190,2,192,547,0,547,739
03/31/2007,RYN,AZ,AWP,WE,Federal Contract Tower,0,0,3,0,3,0,0,311,2,313,0,0,314,2,316,431,0,431,747
04/01/2007,RYN,AZ,AWP,WE,Federal Contract Tower,0,0,8,0,8,0,0,272,4,276,0,0,280,4,284,449,2,451,735
04/02/2007,RYN,AZ,AWP,WE,Federal Contract Tower,0,0,3,0,3,0,0,233,0,233,0,0,236,0,236,416,0,416,652
04/03/2007,RYN,AZ,AWP,WE,Federal Contract Tower,0,0,3,0,3,0,0,243,4,247,0,0,246,4,250,502,16,518,768
04/04/2007,RYN,AZ,AWP,WE,Federal Contract Tower,0,0,4,0,4,0,0,248,4,252,0,0,252,4,256,586,0,586,842
04/05/2007,RYN,AZ,AWP,WE,Federal Contract Tower,0,0,3,0,3,0,0,255,2,257,0,0,258,2,260,548,2,550,810
04/06/2007,RYN,AZ,AWP,WE,Federal Contract Tower,0,0,0,0,0,0,0,195,6,201,0,0,195,6,201,325,15,340,541
04/07/2007,RYN,AZ,AWP,WE,Federal Contract Tower,0,0,1,0,1,0,0,225,10,235,0,0,226,10,236,557,8,565,801
04/08/2007,RYN,AZ,AWP,WE,Federal Contract Tower,0,0,0,0,0,0,0,182,0,182,0,0,182,0,182,351,0,351,533
04/09/2007,RYN,AZ,AWP,WE,Federal Contract Tower,0,0,2,0,2,0,0,250,0,250,0,0,252,0,252,495,0,495,747
04/10/2007,RYN,AZ,AWP,WE,Federal Contract Tower,0,0,3,0,3,0,0,266,4,270,0,0,269,4,273,529,10,539,812
04/11/2007,RYN,AZ,AWP,WE,Federal Contract Tower,0,0,0,0,0,0,0,195,0,195,0,0,195,0,195,424,0,424,619
04/12/2007,RYN,AZ,AWP,WE,Federal Contract Tower,0,0,0,0,0,0,0,134,3,137,0,0,134,3,137,300,12,312,449
04/13/2007,RYN,AZ,AWP,WE,Federal Contract Tower,0,0,0,0,0,0,0,197,2,199,0,0,197,2,199,398,0,398,597
04/14/2007,RYN,AZ,AWP,WE,Federal Contract Tower,0,0,3,0,3,0,0,240,6,246,0,0,243,6,249,615,0,615,864
04/15/2007,RYN,AZ,AWP,WE,Federal Contract Tower,0,0,1,0,1,0,0,84,2,86,0,0,85,2,87,242,0,242,329
04/16/2007,RYN,AZ,AWP,WE,Federal Contract Tower,0,0,0,2,2,0,0,260,10,270,0,0,260,12,272,397,0,397,669
04/17/2007,RYN,AZ,AWP,WE,Federal Contract Tower,0,0,3,0,3,0,0,283,0,283,0,0,286,0,286,658,0,658,944
04/18/2007,RYN,AZ,AWP,WE,Federal Contract Tower,0,0,0,0,0,0,0,229,6,235,0,0,229,6,235,580,0,580,815
04/19/2007,RYN,AZ,AWP,WE,Federal Contract Tower,0,0,2,0,2,0,0,262,0,262,0,0,264,0,264,697,0,697,961
04/20/2007,RYN,AZ,AWP,WE,Federal Contract Tower,0,0,2,0,2,0,0,162,2,164,0,0,164,2,166,407,0,407,573
04/21/2007,RYN,AZ,AWP,WE,Federal Contract Tower,0,0,3,0,3,0,0,220,0,220,0,0,223,0,223,546,0,546,769
04/22/2007,RYN,AZ,AWP,WE,Federal Contract Tower,0,0,3,0,3,0,0,275,0,275,0,0,278,0,278,490,0,490,768
04/23/2007,RYN,AZ,AWP,WE,Federal Contract Tower,0,0,1,0,1,0,0,243,4,247,0,0,244,4,248,402,0,402,650
04/24/2007,RYN,AZ,AWP,WE,Federal Contract Tower,0,0,2,0,2,0,0,202,2,204,0,0,204,2,206,486,8,494,700
04/25/2007,RYN,AZ,AWP,WE,Federal Contract Tower,0,0,6,0,6,0,0,318,0,318,0,0,324,0,324,796,0,796,1120
04/26/2007,RYN,AZ,AWP,WE,Federal Contract Tower,0,0,1,0,1,0,0,283,4,287,0,0,284,4,288,440,0,440,728
04/27/2007,RYN,AZ,AWP,WE,Federal Contract Tower,0,0,1,0,1,0,0,238,0,238,0,0,239,0,239,514,0,514,753
04/28/2007,RYN,AZ,AWP,WE,Federal Contract Tower,0,0,0,0,0,0,0,166,0,166,0,0,166,0,166,342,0,342,508
04/29/2007,RYN,AZ,AWP,WE,Federal Contract Tower,0,0,0,0,0,0,0,267,4,271,0,0,267,4,271,433,0,433,704
04/30/2007,RYN,AZ,AWP,WE,Federal Contract Tower,0,0,4,0,4,0,0,208,0,208,0,0,212,0,212,612,0,612,824
05/01/2007,RYN,AZ,AWP,WE,Federal Contract Tower,0,0,2,0,2,0,0,202,8,210,0,0,204,8,212,712,0,712,924
05/02/2007,RYN,AZ,AWP,WE,Federal Contract Tower,0,0,6,0,6,0,0,224,2,226,0,0,230,2,232,740,0,740,972
05/03/2007,RYN,AZ,AWP,WE,Federal Contract Tower,0,0,2,0,2,0,0,218,2,220,0,0,220,2,222,672,0,672,894
05/04/2007,RYN,AZ,AWP,WE,Federal Contract Tower,0,0,2,0,2,0,0,128,0,128,0,0,130,0,130,491,0,491,621
05/05/2007,RYN,AZ,AWP,WE,Federal Contract Tower,0,0,2,0,2,0,0,201,0,201,0,0,203,0,203,544,0,544,747
05/06/2007,RYN,AZ,AWP,WE,Federal Contract Tower,0,0,0,0,0,0,0,215,0,215,0,0,215,0,215,606,0,606,821
05/07/2007,RYN,AZ,AWP,WE,Federal Contract Tower,0,0,3,0,3,0,0,190,8,198,0,0,193,8,201,759,4,763,964
05/08/2007,RYN,AZ,AWP,WE,Federal Contract Tower,0,0,1,0,1,0,0,219,0,219,0,0,220,0,220,654,0,654,874
05/09/2007,RYN,AZ,AWP,WE,Federal Contract Tower,0,0,1,0,1,0,0,219,16,235,0,0,220,16,236,634,34,668,904
05/10/2007,RYN,AZ,AWP,WE,Federal Contract Tower,0,0,0,0,0,0,0,206,8,214,0,0,206,8,214,662,0,662,876
05/11/2007,RYN,AZ,AWP,WE,Federal Contract Tower,0,0,1,0,1,0,0,237,0,237,0,0,238,0,238,626,0,626,864
05/12/2007,RYN,AZ,AWP,WE,Federal Contract Tower,0,0,3,0,3,0,0,256,2,258,0,0,259,2,261,498,0,498,759
05/13/2007,RYN,AZ,AWP,WE,Federal Contract Tower,0,0,0,0,0,0,0,120,0,120,0,0,120,0,120,234,0,234,354
05/14/2007,RYN,AZ,AWP,WE,Federal Contract Tower,0,0,2,0,2,0,0,247,7,254,0,0,249,7,256,592,14,606,862
05/15/2007,RYN,AZ,AWP,WE,Federal Contract Tower,0,0,5,0,5,0,0,266,4,270,0,0,271,4,275,659,0,659,934
05/16/2007,RYN,AZ,AWP,WE,Federal Contract Tower,0,0,1,0,1,0,0,210,3,213,0,0,211,3,214,450,30,480,694
05/17/2007,RYN,AZ,AWP,WE,Federal Contract Tower,0,0,0,0,0,0,0,208,0,208,0,0,208,0,208,536,0,536,744
05/18/2007,RYN,AZ,AWP,WE,Federal Contract Tower,0,0,3,0,3,0,0,275,4,279,0,0,278,4,282,546,0,546,828
05/19/2007,RYN,AZ,AWP,WE,Federal Contract Tower,0,0,1,0,1,0,0,234,0,234,0,0,235,0,235,658,0,658,893
05/20/2007,RYN,AZ,AWP,WE,Federal Contract Tower,0,0,1,0,1,0,0,179,0,179,0,0,180,0,180,510,0,510,690
05/21/2007,RYN,AZ,AWP,WE,Federal Contract Tower,0,0,0,0,0,0,0,220,6,226,0,0,220,6,226,468,0,468,694
05/22/2007,RYN,AZ,AWP,WE,Federal Contract Tower,0,0,2,0,2,0,0,210,12,222,0,0,212,12,224,346,6,352,576
05/23/2007,RYN,AZ,AWP,WE,Federal Contract Tower,0,0,3,0,3,0,0,252,8,260,0,0,255,8,263,431,0,431,694
05/24/2007,RYN,AZ,AWP,WE,Federal Contract Tower,0,0,3,0,3,0,0,256,10,266,0,0,259,10,269,635,0,635,904
05/25/2007,RYN,AZ,AWP,WE,Federal Contract Tower,0,0,1,0,1,0,0,275,2,277,0,0,276,2,278,574,0,574,852
05/26/2007,RYN,AZ,AWP,WE,Federal Contract Tower,0,0,0,0,0,0,0,231,0,231,0,0,231,0,231,631,0,631,862
05/27/2007,RYN,AZ,AWP,WE,Federal Contract Tower,0,0,0,0,0,0,0,233,4,237,0,0,233,4,237,643,2,645,882
05/28/2007,RYN,AZ,AWP,WE,Federal Contract Tower,0,0,1,0,1,0,0,91,6,97,0,0,92,6,98,142,0,142,240
05/29/2007,RYN,AZ,AWP,WE,Federal Contract Tower,0,0,2,0,2,0,0,202,2,204,0,0,204,2,206,587,0,587,793
05/30/2007,RYN,AZ,AWP,WE,Federal Contract Tower,0,0,4,0,4,0,0,212,7,219,0,0,216,7,223,498,0,498,721
05/31/2007,RYN,AZ,AWP,WE,Federal Contract Tower,0,0,0,0,0,0,0,205,10,215,0,0,205,10,215,506,6,512,727
06/01/2007,RYN,AZ,AWP,WE,Federal Contract Tower,0,0,0,0,0,0,0,215,2,217,0,0,215,2,217,514,0,514,731
06/02/2007,RYN,AZ,AWP,WE,Federal Contract Tower,0,0,1,0,1,9,9,209,0,227,9,9,210,0,228,560,0,560,788
06/03/2007,RYN,AZ,AWP,WE,Federal Contract Tower,0,0,1,0,1,0,0,148,0,148,0,0,149,0,149,489,0,489,638
06/04/2007,RYN,AZ,AWP,WE,Federal Contract Tower,0,0,0,0,0,0,0,206,2,208,0,0,206,2,208,408,0,408,616
06/05/2007,RYN,AZ,AWP,WE,Federal Contract Tower,0,0,1,0,1,0,0,201,12,213,0,0,202,12,214,515,0,515,729
06/06/2007,RYN,AZ,AWP,WE,Federal Contract Tower,0,0,1,0,1,0,0,148,4,152,0,0,149,4,153,303,58,361,514
06/07/2007,RYN,AZ,AWP,WE,Federal Contract Tower,0,0,1,0,1,0,0,174,4,178,0,0,175,4,179,504,0,504,683
06/08/2007,RYN,AZ,AWP,WE,Federal Contract Tower,0,0,3,0,3,0,0,202,0,202,0,0,205,0,205,600,0,600,805
06/09/2007,RYN,AZ,AWP,WE,Federal Contract Tower,0,0,2,0,2,0,0,222,2,224,0,0,224,2,226,601,0,601,827
06/10/2007,RYN,AZ,AWP,WE,Federal Contract Tower,0,0,0,0,0,0,0,150,4,154,0,0,150,4,154,492,0,492,646
06/11/2007,RYN,AZ,AWP,WE,Federal Contract Tower,0,0,3,0,3,0,0,164,6,170,0,0,167,6,173,430,30,460,633
06/12/2007,RYN,AZ,AWP,WE,Federal Contract Tower,0,0,4,0,4,0,0,245,0,245,0,0,249,0,249,594,0,594,843
06/13/2007,RYN,AZ,AWP,WE,Federal Contract Tower,0,0,1,0,1,0,0,216,8,224,0,0,217,8,225,518,6,524,749
06/14/2007,RYN,AZ,AWP,WE,Federal Contract Tower,0,0,1,0,1,0,0,202,8,210,0,0,203,8,211,513,4,517,728
06/15/2007,RYN,AZ,AWP,WE,Federal Contract Tower,0,0,0,0,0,0,0,225,2,227,0,0,225,2,227,588,0,588,815
06/16/2007,RYN,AZ,AWP,WE,Federal Contract Tower,0,0,0,0,0,0,0,174,0,174,0,0,174,0,174,490,0,490,664
06/17/2007,RYN,AZ,AWP,WE,Federal Contract Tower,0,0,2,0,2,0,0,149,2,151,0,0,151,2,153,532,0,532,685
06/18/2007,RYN,AZ,AWP,WE,Federal Contract Tower,0,0,1,0,1,0,0,124,8,132,0,0,125,8,133,368,64,432,565
06/19/2007,RYN,AZ,AWP,WE,Federal Contract Tower,0,0,2,0,2,0,0,229,3,232,0,0,231,3,234,528,2,530,764
06/20/2007,RYN,AZ,AWP,WE,Federal Contract Tower,0,0,1,0,1,0,0,226,5,231,0,0,227,5,232,427,43,470,702
06/21/2007,RYN,AZ,AWP,WE,Federal Contract Tower,0,0,3,0,3,0,0,215,4,219,0,0,218,4,222,507,0,507,729
06/22/2007,RYN,AZ,AWP,WE,Federal Contract Tower,0,0,2,0,2,0,0,199,19,218,0,0,201,19,220,600,0,600,820
06/23/2007,RYN,AZ,AWP,WE,Federal Contract Tower,0,0,1,0,1,0,0,199,0,199,0,0,200,0,200,662,0,662,862
06/24/2007,RYN,AZ,AWP,WE,Federal Contract Tower,0,0,2,0,2,0,0,236,2,238,0,0,238,2,240,516,0,516,756
06/25/2007,RYN,AZ,AWP,WE,Federal Contract Tower,0,0,1,0,1,0,0,216,0,216,0,0,217,0,217,482,0,482,699
06/26/2007,RYN,AZ,AWP,WE,Federal Contract Tower,0,0,1,0,1,0,0,238,0,238,0,0,239,0,239,570,0,570,809
06/27/2007,RYN,AZ,AWP,WE,Federal Contract Tower,0,0,4,0,4,0,0,249,7,256,0,0,253,7,260,541,1,542,802
06/28/2007,RYN,AZ,AWP,WE,Federal Contract Tower,0,0,4,0,4,0,0,204,4,208,0,0,208,4,212,400,0,400,612
06/29/2007,RYN,AZ,AWP,WE,Federal Contract Tower,0,0,1,0,1,0,0,225,4,229,0,0,226,4,230,504,4,508,738
06/30/2007,RYN,AZ,AWP,WE,Federal Contract Tower,0,0,0,0,0,0,0,206,0,206,0,0,206,0,206,548,0,548,754
07/01/2007,RYN,AZ,AWP,WE,Federal Contract Tower,0,0,2,0,2,0,0,201,0,201,0,0,203,0,203,542,0,542,745
07/02/2007,RYN,AZ,AWP,WE,Federal Contract Tower,0,0,4,0,4,0,0,203,0,203,0,0,207,0,207,370,0,370,577
07/03/2007,RYN,AZ,AWP,WE,Federal Contract Tower,0,0,0,0,0,0,0,266,0,266,0,0,266,0,266,584,0,584,850
07/04/2007,RYN,AZ,AWP,WE,Federal Contract Tower,0,0,0,0,0,0,0,62,0,62,0,0,62,0,62,83,0,83,145
07/05/2007,RYN,AZ,AWP,WE,Federal Contract Tower,0,0,5,0,5,0,0,197,0,197,0,0,202,0,202,503,0,503,705
07/06/2007,RYN,AZ,AWP,WE,Federal Contract Tower,0,0,6,0,6,0,0,175,0,175,0,0,181,0,181,460,0,460,641
07/07/2007,RYN,AZ,AWP,WE,Federal Contract Tower,0,0,4,0,4,0,0,209,6,215,0,0,213,6,219,536,0,536,755
07/08/2007,RYN,AZ,AWP,WE,Federal Contract Tower,0,0,0,0,0,0,0,178,2,180,0,0,178,2,180,502,0,502,682
07/09/2007,RYN,AZ,AWP,WE,Federal Contract Tower,0,0,1,0,1,0,0,227,0,227,0,0,228,0,228,537,0,537,765
07/10/2007,RYN,AZ,AWP,WE,Federal Contract Tower,0,0,6,0,6,0,0,191,0,191,0,0,197,0,197,345,0,345,542
07/11/2007,RYN,AZ,AWP,WE,Federal Contract Tower,0,0,2,0,2,0,0,230,6,236,0,0,232,6,238,601,62,663,901
07/12/2007,RYN,AZ,AWP,WE,Federal Contract Tower,0,0,3,0,3,0,0,216,10,226,0,0,219,10,229,526,4,530,759
07/13/2007,RYN,AZ,AWP,WE,Federal Contract Tower,0,0,4,0,4,0,0,209,4,213,0,0,213,4,217,504,4,508,725
07/14/2007,RYN,AZ,AWP,WE,Federal Contract Tower,0,0,0,0,0,0,0,264,4,268,0,0,264,4,268,444,0,444,712
07/15/2007,RYN,AZ,AWP,WE,Federal Contract Tower,0,0,0,0,0,0,0,228,0,228,0,0,228,0,228,423,0,423,651
07/16/2007,RYN,AZ,AWP,WE,Federal Contract Tower,0,0,5,0,5,0,0,216,8,224,0,0,221,8,229,362,0,362,591
07/17/2007,RYN,AZ,AWP,WE,Federal Contract Tower,0,0,3,0,3,0,0,234,4,238,0,0,237,4,241,486,0,486,727
07/18/2007,RYN,AZ,AWP,WE,Federal Contract Tower,0,0,2,0,2,0,0,221,2,223,0,0,223,2,225,428,0,428,653
07/19/2007,RYN,AZ,AWP,WE,Federal Contract Tower,0,0,0,0,0,0,0,255,6,261,0,0,255,6,261,569,0,569,830
07/20/2007,RYN,AZ,AWP,WE,Federal Contract Tower,0,0,4,0,4,0,0,195,0,195,0,0,199,0,199,504,0,504,703
07/21/2007,RYN,AZ,AWP,WE,Federal Contract Tower,0,0,2,0,2,0,0,216,4,220,0,0,218,4,222,550,0,550,772
07/22/2007,RYN,AZ,AWP,WE,Federal Contract Tower,0,0,4,0,4,0,0,262,10,272,0,0,266,10,276,518,0,518,794
07/23/2007,RYN,AZ,AWP,WE,Federal Contract Tower,0,0,6,0,6,0,0,123,4,127,0,0,129,4,133,256,0,256,389
07/24/2007,RYN,AZ,AWP,WE,Federal Contract Tower,0,0,4,0,4,0,0,87,2,89,0,0,91,2,93,210,0,210,303
07/25/2007,RYN,AZ,AWP,WE,Federal Contract Tower,0,0,3,0,3,0,0,230,10,240,0,0,233,10,243,596,24,620,863
07/26/2007,RYN,AZ,AWP,WE,Federal Contract Tower,0,0,4,0,4,0,0,156,10,166,0,0,160,10,170,465,22,487,657
07/27/2007,RYN,AZ,AWP,WE,Federal Contract Tower,0,0,5,0,5,0,0,160,4,164,0,0,165,4,169,417,0,417,586
07/28/2007,RYN,AZ,AWP,WE,Federal Contract Tower,0,0,0,0,0,0,0,134,0,134,0,0,134,0,134,416,0,416,550
07/29/2007,RYN,AZ,AWP,WE,Federal Contract Tower,0,0,0,0,0,0,0,200,2,202,0,0,200,2,202,316,0,316,518
07/30/2007,RYN,AZ,AWP,WE,Federal Contract Tower,0,0,2,0,2,0,0,172,14,186,0,0,174,14,188,332,22,354,542
07/31/2007,RYN,AZ,AWP,WE,Federal Contract Tower,0,0,2,0,2,0,0,204,13,217,0,0,206,13,219,476,20,496,715
08/01/2007,RYN,AZ,AWP,WE,Federal Contract Tower,0,0,5,0,5,0,0,194,0,194,0,0,199,0,199,484,0,484,683
08/02/2007,RYN,AZ,AWP,WE,Federal Contract Tower,0,0,3,0,3,0,0,244,2,246,0,0,247,2,249,624,0,624,873
08/03/2007,RYN,AZ,AWP,WE,Federal Contract Tower,0,0,7,0,7,0,0,173,0,173,0,0,180,0,180,417,0,417,597
08/04/2007,RYN,AZ,AWP,WE,Federal Contract Tower,0,0,0,0,0,0,0,166,0,166,0,0,166,0,166,450,0,450,616
08/05/2007,RYN,AZ,AWP,WE,Federal Contract Tower,0,0,6,0,6,0,0,150,2,152,0,0,156,2,158,330,0,330,488
08/06/2007,RYN,AZ,AWP,WE,Federal Contract Tower,0,0,20,0,20,0,0,59,0,59,0,0,79,0,79,138,48,186,265
08/07/2007,RYN,AZ,AWP,WE,Federal Contract Tower,0,0,4,0,4,0,0,226,11,237,0,0,230,11,241,459,28,487,728
08/08/2007,RYN,AZ,AWP,WE,Federal Contract Tower,0,0,1,0,1,0,0,280,0,280,0,0,281,0,281,546,0,546,827
08/09/2007,RYN,AZ,AWP,WE,Federal Contract Tower,0,0,3,2,5,0,0,258,8,266,0,0,261,10,271,610,0,610,881
08/10/2007,RYN,AZ,AWP,WE,Federal Contract Tower,0,0,0,0,0,0,0,274,8,282,0,0,274,8,282,584,0,584,866
08/11/2007,RYN,AZ,AWP,WE,Federal Contract Tower,0,0,3,0,3,0,0,304,6,310,0,0,307,6,313,558,0,558,871
08/12/2007,RYN,AZ,AWP,WE,Federal Contract Tower,0,0,2,0,2,0,0,162,2,164,0,0,164,2,166,424,0,424,590
08/13/2007,RYN,AZ,AWP,WE,Federal Contract Tower,0,0,4,0,4,0,0,198,2,200,0,0,202,2,204,320,38,358,562
08/14/2007,RYN,AZ,AWP,WE,Federal Contract Tower,0,0,0,0,0,0,0,212,2,214,0,0,212,2,214,387,0,387,601
08/15/2007,RYN,AZ,AWP,WE,Federal Contract Tower,0,0,2,0,2,0,0,232,6,238,0,0,234,6,240,524,0,524,764
08/16/2007,RYN,AZ,AWP,WE,Federal Contract Tower,0,0,0,0,0,0,0,208,17,225,0,0,208,17,225,482,14,496,721
08/17/2007,RYN,AZ,AWP,WE,Federal Contract Tower,0,0,4,0,4,0,0,230,5,235,0,0,234,5,239,486,1,487,726
08/18/2007,RYN,AZ,AWP,WE,Federal Contract Tower,0,0,0,0,0,0,0,212,0,212,0,0,212,0,212,565,0,565,777
08/19/2007,RYN,AZ,AWP,WE,Federal Contract Tower,0,0,0,0,0,0,0,208,4,212,0,0,208,4,212,425,0,425,637
08/20/2007,RYN,AZ,AWP,WE,Federal Contract Tower,0,0,5,0,5,0,0,214,24,238,0,0,219,24,243,577,0,577,820
08/21/2007,RYN,AZ,AWP,WE,Federal Contract Tower,0,0,2,0,2,0,0,231,8,239,0,0,233,8,241,480,0,480,721
08/22/2007,RYN,AZ,AWP,WE,Federal Contract Tower,0,0,0,0,0,0,0,196,1,197,0,0,196,1,197,627,0,627,824
08/23/2007,RYN,AZ,AWP,WE,Federal Contract Tower,0,0,5,0,5,0,0,216,4,220,0,0,221,4,225,559,6,565,790
08/24/2007,RYN,AZ,AWP,WE,Federal Contract Tower,0,0,4,0,4,0,0,123,3,126,0,0,127,3,130,340,1,341,471
08/25/2007,RYN,AZ,AWP,WE,Federal Contract Tower,0,0,0,0,0,0,0,185,0,185,0,0,185,0,185,456,0,456,641
08/26/2007,RYN,AZ,AWP,WE,Federal Contract Tower,0,0,0,0,0,0,0,212,6,218,0,0,212,6,218,490,0,490,708
08/27/2007,RYN,AZ,AWP,WE,Federal Contract Tower,0,0,3,0,3,0,0,243,8,251,0,0,246,8,254,530,0,530,784
08/28/2007,RYN,AZ,AWP,WE,Federal Contract Tower,0,0,3,0,3,0,0,184,9,193,0,0,187,9,196,478,19,497,693
08/29/2007,RYN,AZ,AWP,WE,Federal Contract Tower,0,0,2,0,2,0,0,241,17,258,0,0,243,17,260,623,48,671,931
08/30/2007,RYN,AZ,AWP,WE,Federal Contract Tower,0,0,1,0,1,0,0,138,3,141,0,0,139,3,142,452,0,452,594
08/31/2007,RYN,AZ,AWP,WE,Federal Contract Tower,0,0,1,0,1,0,0,202,4,206,0,0,203,4,207,475,0,475,682
09/01/2007,RYN,AZ,AWP,WE,Federal Contract Tower,0,0,0,0,0,0,0,215,2,217,0,0,215,2,217,541,0,541,758
09/02/2007,RYN,AZ,AWP,WE,Federal Contract Tower,0,0,2,0,2,0,0,136,4,140,0,0,138,4,142,328,0,328,470
09/03/2007,RYN,AZ,AWP,WE,Federal Contract Tower,0,0,1,0,1,0,0,97,0,97,0,0,98,0,98,76,0,76,174
09/04/2007,RYN,AZ,AWP,WE,Federal Contract Tower,0,0,1,0,1,0,0,230,6,236,0,0,231,6,237,578,42,620,857
09/05/2007,RYN,AZ,AWP,WE,Federal Contract Tower,0,0,3,0,3,0,0,168,4,172,0,0,171,4,175,526,50,576,751
09/06/2007,RYN,AZ,AWP,WE,Federal Contract Tower,0,0,6,0,6,0,0,183,2,185,0,0,189,2,191,439,16,455,646
09/07/2007,RYN,AZ,AWP,WE,Federal Contract Tower,0,0,2,0,2,0,0,214,2,216,0,0,216,2,218,538,6,544,762
09/08/2007,RYN,AZ,AWP,WE,Federal Contract Tower,0,0,2,0,2,0,0,301,4,305,0,0,303,4,307,593,0,593,900
09/09/2007,RYN,AZ,AWP,WE,Federal Contract Tower,0,0,1,0,1,0,0,203,0,203,0,0,204,0,204,456,0,456,660
09/10/2007,RYN,AZ,AWP,WE,Federal Contract Tower,0,0,0,0,0,0,0,203,4,207,0,0,203,4,207,456,0,456,663
09/11/2007,RYN,AZ,AWP,WE,Federal Contract Tower,0,0,6,0,6,0,0,183,5,188,0,0,189,5,194,381,0,381,575
09/12/2007,RYN,AZ,AWP,WE,Federal Contract Tower,0,0,7,0,7,0,0,237,10,247,0,0,244,10,254,659,34,693,947
09/13/2007,RYN,AZ,AWP,WE,Federal Contract Tower,0,0,2,0,2,0,0,262,6,268,0,0,264,6,270,641,0,641,911
09/14/2007,RYN,AZ,AWP,WE,Federal Contract Tower,0,0,2,0,2,0,0,246,4,250,0,0,248,4,252,566,0,566,818
09/15/2007,RYN,AZ,AWP,WE,Federal Contract Tower,0,0,2,0,2,0,0,207,4,211,0,0,209,4,213,515,2,517,730
09/16/2007,RYN,AZ,AWP,WE,Federal Contract Tower,0,0,1,0,1,0,0,152,0,152,0,0,153,0,153,382,0,382,535
09/17/2007,RYN,AZ,AWP,WE,Federal Contract Tower,0,0,5,0,5,0,0,157,10,167,0,0,162,10,172,354,32,386,558
09/18/2007,RYN,AZ,AWP,WE,Federal Contract Tower,0,0,4,0,4,0,0,188,2,190,0,0,192,2,194,476,0,476,670
09/19/2007,RYN,AZ,AWP,WE,Federal Contract Tower,0,0,6,0,6,0,0,235,6,241,0,0,241,6,247,568,38,606,853
09/20/2007,RYN,AZ,AWP,WE,Federal Contract Tower,0,0,6,0,6,0,0,184,5,189,0,0,190,5,195,505,0,505,700
09/21/2007,RYN,AZ,AWP,WE,Federal Contract Tower,0,0,5,1,6,0,0,326,3,329,0,0,331,4,335,922,2,924,1259
09/22/2007,RYN,AZ,AWP,WE,Federal Contract Tower,0,0,0,0,0,0,0,233,2,235,0,0,233,2,235,524,0,524,759
09/23/2007,RYN,AZ,AWP,WE,Federal Contract Tower,0,0,0,0,0,0,0,160,0,160,0,0,160,0,160,370,0,370,530
09/24/2007,RYN,AZ,AWP,WE,Federal Contract Tower,0,0,12,1,13,0,0,205,1,206,0,0,217,2,219,654,16,670,889
09/25/2007,RYN,AZ,AWP,WE,Federal Contract Tower,0,0,4,0,4,0,0,293,7,300,0,0,297,7,304,672,0,672,976
09/26/2007,RYN,AZ,AWP,WE,Federal Contract Tower,0,0,5,0,5,0,0,343,9,352,0,0,348,9,357,1007,2,1009,1366
09/27/2007,RYN,AZ,AWP,WE,Federal Contract Tower,0,0,2,0,2,0,0,256,4,260,0,0,258,4,262,882,0,882,1144
09/28/2007,RYN,AZ,AWP,WE,Federal Contract Tower,0,0,7,0,7,0,0,275,9,284,0,0,282,9,291,749,1,750,1041
09/29/2007,RYN,AZ,AWP,WE,Federal Contract Tower,0,0,1,0,1,0,0,158,2,160,0,0,159,2,161,359,0,359,520
09/30/2007,RYN,AZ,AWP,WE,Federal Contract Tower,0,0,7,0,7,0,0,199,0,199,0,0,206,0,206,485,0,485,691
10/01/2007,RYN,AZ,AWP,WE,Federal Contract Tower,0,0,10,0,10,0,0,166,9,175,0,0,176,9,185,370,0,370,555
10/02/2007,RYN,AZ,AWP,WE,Federal Contract Tower,0,0,6,0,6,0,0,231,8,239,0,0,237,8,245,484,2,486,731
10/03/2007,RYN,AZ,AWP,WE,Federal Contract Tower,0,0,4,0,4,0,0,244,4,248,0,0,248,4,252,690,0,690,942
10/04/2007,RYN,AZ,AWP,WE,Federal Contract Tower,0,0,0,0,0,0,0,263,6,269,0,0,263,6,269,631,0,631,900
10/05/2007,RYN,AZ,AWP,WE,Federal Contract Tower,0,0,1,0,1,0,0,199,6,205,0,0,200,6,206,395,0,395,601
10/06/2007,RYN,AZ,AWP,WE,Federal Contract Tower,0,0,1,0,1,0,0,203,2,205,0,0,204,2,206,560,0,560,766
10/07/2007,RYN,AZ,AWP,WE,Federal Contract Tower,0,0,2,0,2,0,0,210,0,210,0,0,212,0,212,491,0,491,703
10/08/2007,RYN,AZ,AWP,WE,Federal Contract Tower,0,0,2,0,2,0,0,276,2,278,0,0,278,2,280,520,2,522,802
10/09/2007,RYN,AZ,AWP,WE,Federal Contract Tower,0,0,1,0,1,0,0,228,4,232,0,0,229,4,233,630,2,632,865
10/10/2007,RYN,AZ,AWP,WE,Federal Contract Tower,0,0,4,0,4,0,0,246,10,256,0,0,250,10,260,562,20,582,842
10/11/2007,RYN,AZ,AWP,WE,Federal Contract Tower,0,0,3,0,3,0,0,273,6,279,0,0,276,6,282,792,2,794,1076
10/12/2007,RYN,AZ,AWP,WE,Federal Contract Tower,0,0,2,0,2,0,0,217,0,217,0,0,219,0,219,550,0,550,769
10/13/2007,RYN,AZ,AWP,WE,Federal Contract Tower,0,0,1,0,1,0,0,241,0,241,0,0,242,0,242,532,0,532,774
10/14/2007,RYN,AZ,AWP,WE,Federal Contract Tower,0,0,2,0,2,0,0,208,2,210,0,0,210,2,212,513,2,515,727
10/15/2007,RYN,AZ,AWP,WE,Federal Contract Tower,0,0,4,0,4,0,0,214,12,226,0,0,218,12,230,408,12,420,650
10/16/2007,RYN,AZ,AWP,WE,Federal Contract Tower,0,0,0,0,0,0,0,251,4,255,0,0,251,4,255,448,0,448,703
10/17/2007,RYN,AZ,AWP,WE,Federal Contract Tower,0,0,4,0,4,0,0,215,14,229,0,0,219,14,233,478,6,484,717
10/18/2007,RYN,AZ,AWP,WE,Federal Contract Tower,0,0,0,0,0,0,0,250,10,260,0,0,250,10,260,552,96,648,908
10/19/2007,RYN,AZ,AWP,WE,Federal Contract Tower,0,0,1,0,1,0,0,220,0,220,0,0,221,0,221,426,0,426,647
10/20/2007,RYN,AZ,AWP,WE,Federal Contract Tower,0,0,0,0,0,0,0,262,0,262,0,0,262,0,262,537,0,537,799
10/21/2007,RYN,AZ,AWP,WE,Federal Contract Tower,0,0,3,0,3,0,0,154,0,154,0,0,157,0,157,368,0,368,525
10/22/2007,RYN,AZ,AWP,WE,Federal Contract Tower,0,0,4,0,4,0,0,91,14,105,0,0,95,14,109,118,64,182,291
10/23/2007,RYN,AZ,AWP,WE,Federal Contract Tower,0,0,2,0,2,0,0,176,1,177,0,0,178,1,179,285,16,301,480
10/24/2007,RYN,AZ,AWP,WE,Federal Contract Tower,0,0,2,0,2,0,0,81,13,94,0,0,83,13,96,128,0,128,224
10/25/2007,RYN,AZ,AWP,WE,Federal Contract Tower,0,0,3,0,3,0,0,302,2,304,0,0,305,2,307,714,0,714,1021
10/26/2007,RYN,AZ,AWP,WE,Federal Contract Tower,0,0,0,0,0,0,0,250,6,256,0,0,250,6,256,728,0,728,984
10/27/2007,RYN,AZ,AWP,WE,Federal Contract Tower,0,0,7,0,7,0,0,248,2,250,0,0,255,2,257,626,0,626,883
10/28/2007,RYN,AZ,AWP,WE,Federal Contract Tower,0,0,8,0,8,0,0,166,2,168,0,0,174,2,176,448,0,448,624
10/29/2007,RYN,AZ,AWP,WE,Federal Contract Tower,0,0,7,0,7,0,0,220,15,235,0,0,227,15,242,482,66,548,790
10/30/2007,RYN,AZ,AWP,WE,Federal Contract Tower,0,0,3,0,3,0,0,240,8,248,0,0,243,8,251,378,0,378,629
10/31/2007,RYN,AZ,AWP,WE,Federal Contract Tower,0,0,7,0,7,0,0,214,2,216,0,0,221,2,223,468,0,468,691
11/01/2007,RYN,AZ,AWP,WE,Federal Contract Tower,0,0,7,0,7,0,0,240,2,242,0,0,247,2,249,596,0,596,845
11/02/2007,RYN,AZ,AWP,WE,Federal Contract Tower,0,0,5,0,5,0,0,281,20,301,0,0,286,20,306,587,0,587,893
11/03/2007,RYN,AZ,AWP,WE,Federal Contract Tower,0,0,4,0,4,0,0,314,14,328,0,0,318,14,332,524,0,524,856
11/04/2007,RYN,AZ,AWP,WE,Federal Contract Tower,0,0,2,0,2,0,0,229,3,232,0,0,231,3,234,432,32,464,698
11/05/2007,RYN,AZ,AWP,WE,Federal Contract Tower,0,0,2,0,2,0,0,221,2,223,0,0,223,2,225,567,0,567,792
11/06/2007,RYN,AZ,AWP,WE,Federal Contract Tower,0,0,3,0,3,0,0,221,0,221,0,0,224,0,224,502,0,502,726
11/07/2007,RYN,AZ,AWP,WE,Federal Contract Tower,0,0,3,0,3,0,0,241,10,251,0,0,244,10,254,648,4,652,906
11/08/2007,RYN,AZ,AWP,WE,Federal Contract Tower,0,0,7,0,7,0,0,233,4,237,0,0,240,4,244,638,0,638,882
11/09/2007,RYN,AZ,AWP,WE,Federal Contract Tower,0,0,0,0,0,0,0,254,4,258,0,0,254,4,258,778,0,778,1036
11/10/2007,RYN,AZ,AWP,WE,Federal Contract Tower,0,0,0,0,0,0,0,363,0,363,0,0,363,0,363,627,0,627,990
11/11/2007,RYN,AZ,AWP,WE,Federal Contract Tower,0,0,1,0,1,0,0,186,4,190,0,0,187,4,191,470,0,470,661
11/12/2007,RYN,AZ,AWP,WE,Federal Contract Tower,0,0,5,0,5,0,0,244,0,244,0,0,249,0,249,510,0,510,759
11/13/2007,RYN,AZ,AWP,WE,Federal Contract Tower,0,0,5,0,5,0,0,244,5,249,0,0,249,5,254,642,6,648,902
11/14/2007,RYN,AZ,AWP,WE,Federal Contract Tower,0,0,3,0,3,0,0,245,10,255,0,0,248,10,258,582,2,584,842
11/15/2007,RYN,AZ,AWP,WE,Federal Contract Tower,0,0,0,0,0,0,0,83,4,87,0,0,83,4,87,150,4,154,241
11/16/2007,RYN,AZ,AWP,WE,Federal Contract Tower,0,0,7,0,7,0,0,270,6,276,0,0,277,6,283,823,0,823,1106
11/17/2007,RYN,AZ,AWP,WE,Federal Contract Tower,0,0,3,0,3,0,0,302,6,308,0,0,305,6,311,692,0,692,1003
11/18/2007,RYN,AZ,AWP,WE,Federal Contract Tower,0,0,3,0,3,0,0,253,0,253,0,0,256,0,256,719,0,719,975
11/19/2007,RYN,AZ,AWP,WE,Federal Contract Tower,0,0,0,0,0,0,0,240,0,240,0,0,240,0,240,616,0,616,856
11/20/2007,RYN,AZ,AWP,WE,Federal Contract Tower,0,0,1,1,2,0,0,256,7,263,0,0,257,8,265,724,0,724,989
11/21/2007,RYN,AZ,AWP,WE,Federal Contract Tower,0,0,2,0,2,0,0,272,6,278,0,0,274,6,280,572,12,584,864
11/22/2007,RYN,AZ,AWP,WE,Federal Contract Tower,0,0,0,0,0,0,0,47,2,49,0,0,47,2,49,8,0,8,57
11/23/2007,RYN,AZ,AWP,WE,Federal Contract Tower,0,0,7,0,7,0,0,217,4,221,0,0,224,4,228,517,0,517,745
11/24/2007,RYN,AZ,AWP,WE,Federal Contract Tower,0,0,1,0,1,0,0,190,0,190,0,0,191,0,191,444,0,444,635
11/25/2007,RYN,AZ,AWP,WE,Federal Contract Tower,0,0,1,0,1,0,0,203,4,207,0,0,204,4,208,470,0,470,678
11/26/2007,RYN,AZ,AWP,WE,Federal Contract Tower,0,0,1,0,1,0,0,193,6,199,0,0,194,6,200,417,0,417,617
11/27/2007,RYN,AZ,AWP,WE,Federal Contract Tower,0,0,2,0,2,0,0,243,8,251,0,0,245,8,253,744,6,750,1003
11/28/2007,RYN,AZ,AWP,WE,Federal Contract Tower,0,0,2,0,2,0,0,192,14,206,0,0,194,14,208,590,2,592,800
11/29/2007,RYN,AZ,AWP,WE,Federal Contract Tower,0,0,10,0,10,0,0,174,0,174,0,0,184,0,184,414,0,414,598
11/30/2007,RYN,AZ,AWP,WE,Federal Contract Tower,0,0,7,0,7,0,0,172,0,172,0,0,179,0,179,468,0,468,647
12/01/2007,RYN,AZ,AWP,WE,Federal Contract Tower,0,0,4,0,4,0,0,58,2,60,0,0,62,2,64,108,0,108,172
12/02/2007,RYN,AZ,AWP,WE,Federal Contract Tower,0,0,0,0,0,0,0,238,4,242,0,0,238,4,242,594,0,594,836
12/03/2007,RYN,AZ,AWP,WE,Federal Contract Tower,0,0,1,0,1,0,0,244,4,248,0,0,245,4,249,556,0,556,805
12/04/2007,RYN,AZ,AWP,WE,Federal Contract Tower,0,0,4,0,4,0,0,208,6,214,0,0,212,6,218,398,0,398,616
12/05/2007,RYN,AZ,AWP,WE,Federal Contract Tower,0,0,3,0,3,0,0,294,6,300,0,0,297,6,303,504,0,504,807
12/06/2007,RYN,AZ,AWP,WE,Federal Contract Tower,0,2,4,0,6,0,0,224,10,234,0,2,228,10,240,494,2,496,736
12/07/2007,RYN,AZ,AWP,WE,Federal Contract Tower,0,0,1,0,1,0,0,98,0,98,0,0,99,0,99,214,0,214,313
12/08/2007,RYN,AZ,AWP,WE,Federal Contract Tower,0,0,3,0,3,0,0,42,0,42,0,0,45,0,45,287,0,287,332
12/09/2007,RYN,AZ,AWP,WE,Federal Contract Tower,0,0,4,0,4,0,0,179,0,179,0,0,183,0,183,792,0,792,975
12/10/2007,RYN,AZ,AWP,WE,Federal Contract Tower,0,0,17,0,17,0,0,61,0,61,0,0,78,0,78,225,0,225,303
12/11/2007,RYN,AZ,AWP,WE,Federal Contract Tower,0,0,35,0,35,0,0,45,8,53,0,0,80,8,88,244,6,250,338
12/12/2007,RYN,AZ,AWP,WE,Federal Contract Tower,0,0,19,0,19,0,0,125,14,139,0,0,144,14,158,250,4,254,412
12/13/2007,RYN,AZ,AWP,WE,Federal Contract Tower,0,0,9,0,9,0,0,264,18,282,0,0,273,18,291,812,0,812,1103
12/14/2007,RYN,AZ,AWP,WE,Federal Contract Tower,0,0,7,0,7,0,0,231,10,241,0,0,238,10,248,600,0,600,848
12/15/2007,RYN,AZ,AWP,WE,Federal Contract Tower,0,0,4,0,4,0,0,251,6,257,0,0,255,6,261,668,0,668,929
12/16/2007,RYN,AZ,AWP,WE,Federal Contract Tower,0,0,3,0,3,0,0,186,4,190,0,0,189,4,193,570,0,570,763
12/17/2007,RYN,AZ,AWP,WE,Federal Contract Tower,0,0,0,0,0,0,0,190,4,194,0,0,190,4,194,490,30,520,714
12/18/2007,RYN,AZ,AWP,WE,Federal Contract Tower,0,0,4,0,4,0,0,271,6,277,0,0,275,6,281,632,0,632,913
12/19/2007,RYN,AZ,AWP,WE,Federal Contract Tower,0,0,1,0,1,0,0,287,6,293,0,0,288,6,294,533,0,533,827
12/20/2007,RYN,AZ,AWP,WE,Federal Contract Tower,0,0,5,0,5,0,0,277,14,291,0,0,282,14,296,718,0,718,1014
12/21/2007,RYN,AZ,AWP,WE,Federal Contract Tower,0,0,19,0,19,0,0,152,0,152,0,0,171,0,171,466,0,466,637
12/22/2007,RYN,AZ,AWP,WE,Federal Contract Tower,0,0,2,0,2,0,0,245,0,245,0,0,247,0,247,536,0,536,783
12/23/2007,RYN,AZ,AWP,WE,Federal Contract Tower,0,0,0,0,0,0,0,137,0,137,0,0,137,0,137,416,0,416,553
12/24/2007,RYN,AZ,AWP,WE,Federal Contract Tower,0,0,1,0,1,0,0,39,0,39,0,0,40,0,40,88,0,88,128
12/25/2007,RYN,AZ,AWP,WE,Federal Contract Tower,0,0,0,0,0,0,0,10,0,10,0,0,10,0,10,4,0,4,14
12/26/2007,RYN,AZ,AWP,WE,Federal Contract Tower,0,0,1,0,1,0,0,111,0,111,0,0,112,0,112,126,10,136,248
12/27/2007,RYN,AZ,AWP,WE,Federal Contract Tower,0,0,7,0,7,0,0,181,0,181,0,0,188,0,188,322,0,322,510
12/28/2007,RYN,AZ,AWP,WE,Federal Contract Tower,0,0,3,0,3,0,0,218,5,223,0,0,221,5,226,414,0,414,640
12/29/2007,RYN,AZ,AWP,WE,Federal Contract Tower,0,0,1,0,1,0,0,242,6,248,0,0,243,6,249,391,0,391,640
12/30/2007,RYN,AZ,AWP,WE,Federal Contract Tower,0,0,1,0,1,0,0,153,2,155,0,0,154,2,156,374,0,374,530
12/31/2007,RYN,AZ,AWP,WE,Federal Contract Tower,0,0,4,0,4,0,0,175,2,177,0,0,179,2,181,440,0,440,621
01/01/2008,RYN,AZ,AWP,WE,Federal Contract Tower,0,0,1,0,1,0,0,15,0,15,0,0,16,0,16,18,0,18,34
01/02/2008,RYN,AZ,AWP,WE,Federal Contract Tower,0,0,1,0,1,0,0,99,4,103,0,0,100,4,104,76,0,76,180
01/03/2008,RYN,AZ,AWP,WE,Federal Contract Tower,0,0,7,0,7,0,0,206,0,206,0,0,213,0,213,644,0,644,857
01/04/2008,RYN,AZ,AWP,WE,Federal Contract Tower,0,0,4,0,4,0,0,298,4,302,0,0,302,4,306,602,0,602,908
01/05/2008,RYN,AZ,AWP,WE,Federal Contract Tower,0,0,3,0,3,0,0,202,2,204,0,0,205,2,207,406,0,406,613
01/06/2008,RYN,AZ,AWP,WE,Federal Contract Tower,0,0,7,0,7,0,0,127,8,135,0,0,134,8,142,372,0,372,514
01/07/2008,RYN,AZ,AWP,WE,Federal Contract Tower,0,0,9,0,9,0,0,19,8,27,0,0,28,8,36,13,60,73,109
01/08/2008,RYN,AZ,AWP,WE,Federal Contract Tower,0,0,15,0,15,0,0,177,2,179,0,0,192,2,194,394,0,394,588
01/09/2008,RYN,AZ,AWP,WE,Federal Contract Tower,0,0,5,0,5,0,0,273,6,279,0,0,278,6,284,599,0,599,883
01/10/2008,RYN,AZ,AWP,WE,Federal Contract Tower,0,0,4,0,4,0,0,264,10,274,0,0,268,10,278,570,0,570,848
01/11/2008,RYN,AZ,AWP,WE,Federal Contract Tower,0,0,2,0,2,0,0,249,0,249,0,0,251,0,251,611,0,611,862
01/12/2008,RYN,AZ,AWP,WE,Federal Contract Tower,0,0,2,0,2,0,0,232,0,232,0,0,234,0,234,546,0,546,780
01/13/2008,RYN,AZ,AWP,WE,Federal Contract Tower,0,0,4,0,4,0,0,174,4,178,0,0,178,4,182,434,0,434,616
01/14/2008,RYN,AZ,AWP,WE,Federal Contract Tower,0,0,3,0,3,0,0,227,11,238,0,0,230,11,241,420,80,500,741
01/15/2008,RYN,AZ,AWP,WE,Federal Contract Tower,0,0,3,0,3,0,0,335,2,337,0,0,338,2,340,570,0,570,910
01/16/2008,RYN,AZ,AWP,WE,Federal Contract Tower,0,0,4,0,4,0,0,224,2,226,0,0,228,2,230,416,0,416,646
01/17/2008,RYN,AZ,AWP,WE,Federal Contract Tower,0,0,4,0,4,0,0,269,4,273,0,0,273,4,277,715,0,715,992
01/18/2008,RYN,AZ,AWP,WE,Federal Contract Tower,0,0,4,0,4,0,0,266,6,272,0,0,270,6,276,558,0,558,834
01/19/2008,RYN,AZ,AWP,WE,Federal Contract Tower,0,0,1,0,1,0,0,337,16,353,0,0,338,16,354,612,0,612,966
01/20/2008,RYN,AZ,AWP,WE,Federal Contract Tower,0,0,2,0,2,0,0,198,1,199,0,0,200,1,201,417,0,417,618
01/21/2008,RYN,AZ,AWP,WE,Federal Contract Tower,0,0,2,0,2,0,0,235,2,237,0,0,237,2,239,520,0,520,759
01/22/2008,RYN,AZ,AWP,WE,Federal Contract Tower,0,0,3,0,3,0,0,241,2,243,0,0,244,2,246,586,2,588,834
01/23/2008,RYN,AZ,AWP,WE,Federal Contract Tower,0,0,2,0,2,0,0,257,2,259,0,0,259,2,261,598,2,600,861
01/24/2008,RYN,AZ,AWP,WE,Federal Contract Tower,0,0,2,1,3,0,0,246,12,258,0,0,248,13,261,508,0,508,769
01/25/2008,RYN,AZ,AWP,WE,Federal Contract Tower,0,0,3,0,3,0,0,264,10,274,0,0,267,10,277,582,0,582,859
01/26/2008,RYN,AZ,AWP,WE,Federal Contract Tower,0,0,1,0,1,0,0,283,0,283,0,0,284,0,284,556,0,556,840
01/27/2008,RYN,AZ,AWP,WE,Federal Contract Tower,0,0,10,0,10,0,0,142,0,142,0,0,152,0,152,324,0,324,476
01/28/2008,RYN,AZ,AWP,WE,Federal Contract Tower,0,0,1,0,1,0,0,210,2,212,0,0,211,2,213,404,0,404,617
01/29/2008,RYN,AZ,AWP,WE,Federal Contract Tower,0,0,1,0,1,0,0,277,10,287,0,0,278,10,288,488,0,488,776
01/30/2008,RYN,AZ,AWP,WE,Federal Contract Tower,0,0,1,0,1,0,0,227,2,229,0,0,228,2,230,444,28,472,702
01/31/2008,RYN,AZ,AWP,WE,Federal Contract Tower,0,0,3,0,3,0,0,293,16,309,0,0,296,16,312,706,0,706,1018
02/01/2008,RYN,AZ,AWP,WE,Federal Contract Tower,0,0,5,0,5,0,0,267,10,277,0,0,272,10,282,612,0,612,894
02/02/2008,RYN,AZ,AWP,WE,Federal Contract Tower,0,0,4,0,4,0,0,292,8,300,0,0,296,8,304,523,0,523,827
02/03/2008,RYN,AZ,AWP,WE,Federal Contract Tower,0,0,0,0,0,0,0,118,4,122,0,0,118,4,122,288,0,288,410
02/04/2008,RYN,AZ,AWP,WE,Federal Contract Tower,0,0,4,1,5,0,0,50,5,55,0,0,54,6,60,127,4,131,191
02/05/2008,RYN,AZ,AWP,WE,Federal Contract Tower,0,0,3,0,3,0,0,217,2,219,0,0,220,2,222,332,2,334,556
02/06/2008,RYN,AZ,AWP,WE,Federal Contract Tower,0,0,5,0,5,0,0,193,10,203,0,0,198,10,208,421,20,441,649
02/07/2008,RYN,AZ,AWP,WE,Federal Contract Tower,0,0,5,0,5,0,0,258,12,270,0,0,263,12,275,429,0,429,704
02/08/2008,RYN,AZ,AWP,WE,Federal Contract Tower,0,0,6,0,6,0,0,301,10,311,0,0,307,10,317,462,0,462,779
02/09/2008,RYN,AZ,AWP,WE,Federal Contract Tower,0,0,4,0,4,0,0,233,2,235,0,0,237,2,239,500,0,500,739
02/10/2008,RYN,AZ,AWP,WE,Federal Contract Tower,0,0,8,0,8,0,0,193,35,228,0,0,201,35,236,418,0,418,654
02/11/2008,RYN,AZ,AWP,WE,Federal Contract Tower,0,0,6,0,6,0,0,200,39,239,0,0,206,39,245,442,31,473,718
02/12/2008,RYN,AZ,AWP,WE,Federal Contract Tower,0,0,3,0,3,0,0,293,8,301,0,0,296,8,304,484,102,586,890
02/13/2008,RYN,AZ,AWP,WE,Federal Contract Tower,0,0,5,0,5,0,0,317,2,319,0,0,322,2,324,502,10,512,836
02/14/2008,RYN,AZ,AWP,WE,Federal Contract Tower,0,0,3,0,3,0,0,72,0,72,0,0,75,0,75,130,0,130,205
02/15/2008,RYN,AZ,AWP,WE,Federal Contract Tower,0,0,15,0,15,0,0,18,0,18,0,0,33,0,33,76,0,76,109
02/16/2008,RYN,AZ,AWP,WE,Federal Contract Tower,0,0,6,0,6,0,0,203,4,207,0,0,209,4,213,370,0,370,583
02/17/2008,RYN,AZ,AWP,WE,Federal Contract Tower,0,0,0,0,0,0,0,218,0,218,0,0,218,0,218,441,0,441,659
02/18/2008,RYN,AZ,AWP,WE,Federal Contract Tower,0,0,4,0,4,0,0,233,2,235,0,0,237,2,239,614,0,614,853
02/19/2008,RYN,AZ,AWP,WE,Federal Contract Tower,0,0,1,0,1,0,0,257,10,267,0,0,258,10,268,584,0,584,852
02/20/2008,RYN,AZ,AWP,WE,Federal Contract Tower,0,0,7,0,7,0,0,193,6,199,0,0,200,6,206,579,2,581,787
02/21/2008,RYN,AZ,AWP,WE,Federal Contract Tower,0,0,5,0,5,0,0,248,8,256,0,0,253,8,261,561,0,561,822
02/22/2008,RYN,AZ,AWP,WE,Federal Contract Tower,0,0,4,0,4,0,2,208,4,214,0,2,212,4,218,612,6,618,836
02/23/2008,RYN,AZ,AWP,WE,Federal Contract Tower,0,0,0,0,0,0,0,226,0,226,0,0,226,0,226,550,0,550,776
02/24/2008,RYN,AZ,AWP,WE,Federal Contract Tower,0,0,7,0,7,0,0,172,2,174,0,0,179,2,181,387,0,387,568
02/25/2008,RYN,AZ,AWP,WE,Federal Contract Tower,0,0,2,0,2,0,0,204,23,227,0,0,206,23,229,358,4,362,591
02/26/2008,RYN,AZ,AWP,WE,Federal Contract Tower,0,0,5,0,5,0,0,267,8,275,0,0,272,8,280,520,0,520,800
02/27/2008,RYN,AZ,AWP,WE,Federal Contract Tower,0,0,1,0,1,0,0,285,2,287,0,0,286,2,288,498,0,498,786
02/28/2008,RYN,AZ,AWP,WE,Federal Contract Tower,0,0,5,0,5,0,0,302,10,312,0,0,307,10,317,770,0,770,1087
02/29/2008,RYN,AZ,AWP,WE,Federal Contract Tower,0,0,6,0,6,0,0,292,2,294,0,0,298,2,300,592,0,592,892
03/01/2008,RYN,AZ,AWP,WE,Federal Contract Tower,0,0,11,0,11,0,0,313,0,313,0,0,324,0,324,464,0,464,788
03/02/2008,RYN,AZ,AWP,WE,Federal Contract Tower,0,0,5,0,5,0,0,148,8,156,0,0,153,8,161,331,0,331,492
03/03/2008,RYN,AZ,AWP,WE,Federal Contract Tower,0,0,5,0,5,0,0,227,24,251,0,0,232,24,256,306,0,306,562
03/04/2008,RYN,AZ,AWP,WE,Federal Contract Tower,0,0,4,0,4,0,0,264,4,268,0,0,268,4,272,456,0,456,728
03/05/2008,RYN,AZ,AWP,WE,Federal Contract Tower,0,0,5,0,5,0,0,280,12,292,0,0,285,12,297,469,4,473,770
03/06/2008,RYN,AZ,AWP,WE,Federal Contract Tower,0,0,2,0,2,0,0,141,10,151,0,0,143,10,153,274,2,276,429
03/07/2008,RYN,AZ,AWP,WE,Federal Contract Tower,0,0,1,0,1,0,0,204,4,208,0,0,205,4,209,276,0,276,485
03/08/2008,RYN,AZ,AWP,WE,Federal Contract Tower,0,0,0,0,0,0,0,216,2,218,0,0,216,2,218,237,0,237,455
03/09/2008,RYN,AZ,AWP,WE,Federal Contract Tower,0,0,1,0,1,0,0,192,2,194,0,0,193,2,195,350,0,350,545
03/10/2008,RYN,AZ,AWP,WE,Federal Contract Tower,0,0,2,0,2,0,0,222,0,222,0,0,224,0,224,483,0,483,707
03/11/2008,RYN,AZ,AWP,WE,Federal Contract Tower,0,0,4,0,4,0,0,312,0,312,0,0,316,0,316,392,0,392,708
03/12/2008,RYN,AZ,AWP,WE,Federal Contract Tower,0,0,5,0,5,0,0,275,2,277,0,0,280,2,282,509,0,509,791
03/13/2008,RYN,AZ,AWP,WE,Federal Contract Tower,0,0,8,0,8,0,0,238,4,242,0,0,246,4,250,434,0,434,684
03/14/2008,RYN,AZ,AWP,WE,Federal Contract Tower,0,0,5,0,5,0,0,276,4,280,0,0,281,4,285,458,0,458,743
03/15/2008,RYN,AZ,AWP,WE,Federal Contract Tower,0,0,6,0,6,0,0,237,0,237,0,0,243,0,243,400,0,400,643
03/16/2008,RYN,AZ,AWP,WE,Federal Contract Tower,0,0,2,0,2,0,0,110,2,112,0,0,112,2,114,335,0,335,449
03/17/2008,RYN,AZ,AWP,WE,Federal Contract Tower,0,0,9,0,9,0,0,181,9,190,0,0,190,9,199,306,31,337,536
03/18/2008,RYN,AZ,AWP,WE,Federal Contract Tower,0,0,7,0,7,0,0,279,12,291,0,0,286,12,298,376,0,376,674
03/19/2008,RYN,AZ,AWP,WE,Federal Contract Tower,0,0,10,0,10,0,0,254,0,254,0,0,264,0,264,590,0,590,854
03/20/2008,RYN,AZ,AWP,WE,Federal Contract Tower,0,0,3,0,3,0,0,249,8,257,0,0,252,8,260,527,40,567,827
03/21/2008,RYN,AZ,AWP,WE,Federal Contract Tower,0,0,5,0,5,0,0,288,6,294,0,0,293,6,299,564,0,564,863
03/22/2008,RYN,AZ,AWP,WE,Federal Contract Tower,0,0,3,0,3,0,0,212,2,214,0,0,215,2,217,388,0,388,605
03/23/2008,RYN,AZ,AWP,WE,Federal Contract Tower,0,0,2,0,2,0,0,145,2,147,0,0,147,2,149,268,0,268,417
03/24/2008,RYN,AZ,AWP,WE,Federal Contract Tower,0,0,6,0,6,0,0,215,10,225,0,0,221,10,231,292,0,292,523
03/25/2008,RYN,AZ,AWP,WE,Federal Contract Tower,0,0,1,0,1,0,0,87,6,93,0,0,88,6,94,56,0,56,150
03/26/2008,RYN,AZ,AWP,WE,Federal Contract Tower,0,0,7,0,7,0,0,237,2,239,0,0,244,2,246,418,20,438,684
03/27/2008,RYN,AZ,AWP,WE,Federal Contract Tower,0,0,1,0,1,0,0,154,0,154,0,0,155,0,155,259,0,259,414
03/28/2008,RYN,AZ,AWP,WE,Federal Contract Tower,0,0,3,0,3,0,0,118,0,118,0,0,121,0,121,254,0,254,375
03/29/2008,RYN,AZ,AWP,WE,Federal Contract Tower,0,0,1,0,1,0,0,421,0,421,0,0,422,0,422,302,0,302,724
03/30/2008,RYN,AZ,AWP,WE,Federal Contract Tower,0,0,5,0,5,0,0,108,2,110,0,0,113,2,115,212,0,212,327
03/31/2008,RYN,AZ,AWP,WE,Federal Contract Tower,0,0,2,0,2,0,0,153,4,157,0,0,155,4,159,324,16,340,499
04/01/2008,RYN,AZ,AWP,WE,Federal Contract Tower,0,0,1,0,1,0,0,199,4,203,0,0,200,4,204,424,0,424,628
04/02/2008,RYN,AZ,AWP,WE,Federal Contract Tower,0,0,1,0,1,0,0,171,2,173,0,0,172,2,174,304,2,306,480
04/03/2008,RYN,AZ,AWP,WE,Federal Contract Tower,0,0,3,0,3,0,0,223,12,235,0,0,226,12,238,416,2,418,656
04/04/2008,RYN,AZ,AWP,WE,Federal Contract Tower,0,0,5,0,5,0,0,220,18,238,0,0,225,18,243,510,0,510,753
04/05/2008,RYN,AZ,AWP,WE,Federal Contract Tower,0,0,0,0,0,0,0,197,4,201,0,0,197,4,201,364,4,368,569
04/06/2008,RYN,AZ,AWP,WE,Federal Contract Tower,0,0,3,0,3,0,0,112,4,116,0,0,115,4,119,274,0,274,393
04/07/2008,RYN,AZ,AWP,WE,Federal Contract Tower,0,0,1,0,1,0,0,109,15,124,0,0,110,15,125,268,22,290,415
04/08/2008,RYN,AZ,AWP,WE,Federal Contract Tower,0,0,6,0,6,0,0,188,12,200,0,0,194,12,206,462,0,462,668
04/09/2008,RYN,AZ,AWP,WE,Federal Contract Tower,0,0,1,0,1,0,0,81,8,89,0,0,82,8,90,120,4,124,214
04/10/2008,RYN,AZ,AWP,WE,Federal Contract Tower,0,0,1,0,1,0,0,164,16,180,0,0,165,16,181,276,0,276,457
04/11/2008,RYN,AZ,AWP,WE,Federal Contract Tower,0,0,2,0,2,0,0,174,2,176,0,0,176,2,178,308,0,308,486
04/12/2008,RYN,AZ,AWP,WE,Federal Contract Tower,0,0,3,0,3,0,0,119,2,121,0,0,122,2,124,122,0,122,246
04/13/2008,RYN,AZ,AWP,WE,Federal Contract Tower,0,0,0,0,0,0,0,94,0,94,0,0,94,0,94,120,0,120,214
04/14/2008,RYN,AZ,AWP,WE,Federal Contract Tower,0,0,6,0,6,0,0,120,8,128,0,0,126,8,134,232,0,232,366
04/15/2008,RYN,AZ,AWP,WE,Federal Contract Tower,0,0,2,0,2,0,0,171,2,173,0,0,173,2,175,299,0,299,474
04/16/2008,RYN,AZ,AWP,WE,Federal Contract Tower,0,0,4,0,4,0,0,135,4,139,0,0,139,4,143,240,0,240,383
04/17/2008,RYN,AZ,AWP,WE,Federal Contract Tower,0,0,6,0,6,0,0,196,0,196,0,0,202,0,202,340,0,340,542
04/18/2008,RYN,AZ,AWP,WE,Federal Contract Tower,0,0,3,0,3,0,0,258,22,280,0,0,261,22,283,489,0,489,772
04/19/2008,RYN,AZ,AWP,WE,Federal Contract Tower,0,0,0,0,0,0,0,171,11,182,0,0,171,11,182,325,0,325,507
04/20/2008,RYN,AZ,AWP,WE,Federal Contract Tower,0,0,2,0,2,0,0,199,2,201,0,0,201,2,203,302,0,302,505
04/21/2008,RYN,AZ,AWP,WE,Federal Contract Tower,0,0,0,0,0,0,0,206,6,212,0,0,206,6,212,418,30,448,660
04/22/2008,RYN,AZ,AWP,WE,Federal Contract Tower,0,0,4,0,4,0,0,294,8,302,0,0,298,8,306,472,0,472,778
04/23/2008,RYN,AZ,AWP,WE,Federal Contract Tower,0,0,3,0,3,0,0,271,12,283,0,0,274,12,286,562,0,562,848
04/24/2008,RYN,AZ,AWP,WE,Federal Contract Tower,0,0,5,0,5,0,0,261,22,283,0,0,266,22,288,564,0,564,852
04/25/2008,RYN,AZ,AWP,WE,Federal Contract Tower,0,0,6,0,6,0,0,232,6,238,0,0,238,6,244,396,0,396,640
04/26/2008,RYN,AZ,AWP,WE,Federal Contract Tower,0,0,6,0,6,0,0,263,0,263,0,0,269,0,269,456,0,456,725
04/27/2008,RYN,AZ,AWP,WE,Federal Contract Tower,0,0,0,0,0,0,0,122,0,122,0,0,122,0,122,200,0,200,322
04/28/2008,RYN,AZ,AWP,WE,Federal Contract Tower,0,0,0,0,0,0,0,132,12,144,0,0,132,12,144,170,34,204,348
04/29/2008,RYN,AZ,AWP,WE,Federal Contract Tower,0,0,5,0,5,0,0,222,3,225,0,0,227,3,230,406,1,407,637
04/30/2008,RYN,AZ,AWP,WE,Federal Contract Tower,0,0,1,0,1,0,0,117,6,123,0,0,118,6,124,189,0,189,313
05/01/2008,RYN,AZ,AWP,WE,Federal Contract Tower,0,0,4,0,4,0,0,172,8,180,0,0,176,8,184,294,4,298,482
05/02/2008,RYN,AZ,AWP,WE,Federal Contract Tower,0,0,4,0,4,0,0,132,0,132,0,0,136,0,136,328,0,328,464
05/03/2008,RYN,AZ,AWP,WE,Federal Contract Tower,0,0,2,0,2,0,0,190,0,190,0,0,192,0,192,339,0,339,531
05/04/2008,RYN,AZ,AWP,WE,Federal Contract Tower,0,0,0,0,0,0,0,115,2,117,0,0,115,2,117,202,0,202,319
05/05/2008,RYN,AZ,AWP,WE,Federal Contract Tower,0,0,3,0,3,0,0,114,2,116,0,0,117,2,119,122,8,130,249
05/06/2008,RYN,AZ,AWP,WE,Federal Contract Tower,0,0,2,0,2,0,0,98,1,99,0,0,100,1,101,245,0,245,346
05/07/2008,RYN,AZ,AWP,WE,Federal Contract Tower,0,0,4,0,4,0,0,138,10,148,0,0,142,10,152,310,0,310,462
05/08/2008,RYN,AZ,AWP,WE,Federal Contract Tower,0,0,4,0,4,0,0,149,6,155,0,0,153,6,159,390,0,390,549
05/09/2008,RYN,AZ,AWP,WE,Federal Contract Tower,0,0,3,0,3,0,0,158,8,166,0,0,161,8,169,266,0,266,435
05/10/2008,RYN,AZ,AWP,WE,Federal Contract Tower,0,0,3,0,3,0,0,190,0,190,0,0,193,0,193,439,0,439,632
05/11/2008,RYN,AZ,AWP,WE,Federal Contract Tower,0,0,0,0,0,0,0,132,0,132,0,0,132,0,132,262,0,262,394
05/12/2008,RYN,AZ,AWP,WE,Federal Contract Tower,0,0,3,0,3,0,0,85,8,93,0,0,88,8,96,178,40,218,314
05/13/2008,RYN,AZ,AWP,WE,Federal Contract Tower,0,0,1,0,1,0,0,67,0,67,0,0,68,0,68,95,0,95,163
05/14/2008,RYN,AZ,AWP,WE,Federal Contract Tower,0,0,0,0,0,0,0,208,26,234,0,0,208,26,234,443,4,447,681
05/15/2008,RYN,AZ,AWP,WE,Federal Contract Tower,0,0,1,0,1,0,0,225,10,235,0,0,226,10,236,495,6,501,737
05/16/2008,RYN,AZ,AWP,WE,Federal Contract Tower,0,0,0,0,0,0,0,119,4,123,0,0,119,4,123,124,0,124,247
05/17/2008,RYN,AZ,AWP,WE,Federal Contract Tower,0,0,0,0,0,0,0,214,2,216,0,0,214,2,216,418,0,418,634
05/18/2008,RYN,AZ,AWP,WE,Federal Contract Tower,0,0,0,0,0,0,0,106,0,106,0,0,106,0,106,284,0,284,390
05/19/2008,RYN,AZ,AWP,WE,Federal Contract Tower,0,0,2,0,2,0,0,126,7,133,0,0,128,7,135,262,0,262,397
05/20/2008,RYN,AZ,AWP,WE,Federal Contract Tower,0,0,2,0,2,0,0,155,0,155,0,0,157,0,157,435,0,435,592
05/21/2008,RYN,AZ,AWP,WE,Federal Contract Tower,0,0,0,0,0,0,0,13,2,15,0,0,13,2,15,68,16,84,99
05/22/2008,RYN,AZ,AWP,WE,Federal Contract Tower,0,0,1,0,1,0,0,14,0,14,0,0,15,0,15,34,0,34,49
05/23/2008,RYN,AZ,AWP,WE,Federal Contract Tower,0,0,1,0,1,0,0,20,0,20,0,0,21,0,21,6,0,6,27
05/24/2008,RYN,AZ,AWP,WE,Federal Contract Tower,0,0,4,0,4,0,0,99,0,99,0,0,103,0,103,283,0,283,386
05/25/2008,RYN,AZ,AWP,WE,Federal Contract Tower,0,0,0,0,0,0,0,126,12,138,0,0,126,12,138,169,0,169,307
05/26/2008,RYN,AZ,AWP,WE,Federal Contract Tower,0,0,1,0,1,0,0,88,8,96,0,0,89,8,97,134,0,134,231
05/27/2008,RYN,AZ,AWP,WE,Federal Contract Tower,0,0,1,0,1,0,0,186,12,198,0,0,187,12,199,385,12,397,596
05/28/2008,RYN,AZ,AWP,WE,Federal Contract Tower,0,0,9,0,9,0,0,183,0,183,0,0,192,0,192,380,0,380,572
05/29/2008,RYN,AZ,AWP,WE,Federal Contract Tower,0,0,5,0,5,0,0,241,8,249,0,0,246,8,254,419,10,429,683
05/30/2008,RYN,AZ,AWP,WE,Federal Contract Tower,0,0,0,0,0,0,0,172,6,178,0,0,172,6,178,386,0,386,564
05/31/2008,RYN,AZ,AWP,WE,Federal Contract Tower,0,0,2,0,2,0,0,183,4,187,0,0,185,4,189,333,0,333,522
06/01/2008,RYN,AZ,AWP,WE,Federal Contract Tower,0,0,0,0,0,0,0,85,4,89,0,0,85,4,89,178,0,178,267
06/02/2008,RYN,AZ,AWP,WE,Federal Contract Tower,0,0,5,0,5,0,0,135,8,143,0,0,140,8,148,269,0,269,417
06/03/2008,RYN,AZ,AWP,WE,Federal Contract Tower,0,0,5,0,5,0,0,142,6,148,0,0,147,6,153,330,0,330,483
06/04/2008,RYN,AZ,AWP,WE,Federal Contract Tower,0,0,6,0,6,0,0,70,0,70,0,0,76,0,76,162,0,162,238
06/05/2008,RYN,AZ,AWP,WE,Federal Contract Tower,0,0,6,0,6,0,0,165,4,169,0,0,171,4,175,383,0,383,558
06/06/2008,RYN,AZ,AWP,WE,Federal Contract Tower,0,0,3,0,3,0,0,173,10,183,0,0,176,10,186,324,6,330,516
06/07/2008,RYN,AZ,AWP,WE,Federal Contract Tower,0,0,4,0,4,0,0,144,8,152,0,0,148,8,156,216,6,222,378
06/08/2008,RYN,AZ,AWP,WE,Federal Contract Tower,0,0,1,0,1,0,0,116,2,118,0,0,117,2,119,286,0,286,405
06/09/2008,RYN,AZ,AWP,WE,Federal Contract Tower,0,0,1,0,1,0,0,113,8,121,0,0,114,8,122,196,0,196,318
06/10/2008,RYN,AZ,AWP,WE,Federal Contract Tower,0,0,2,0,2,0,0,180,10,190,0,0,182,10,192,321,6,327,519
06/11/2008,RYN,AZ,AWP,WE,Federal Contract Tower,0,0,1,0,1,0,0,125,0,125,0,0,126,0,126,194,0,194,320
06/12/2008,RYN,AZ,AWP,WE,Federal Contract Tower,0,0,0,0,0,0,0,194,12,206,0,0,194,12,206,401,4,405,611
06/13/2008,RYN,AZ,AWP,WE,Federal Contract Tower,0,0,2,0,2,0,0,179,6,185,0,0,181,6,187,276,0,276,463
06/14/2008,RYN,AZ,AWP,WE,Federal Contract Tower,0,0,2,0,2,0,0,138,0,138,0,0,140,0,140,200,0,200,340
06/15/2008,RYN,AZ,AWP,WE,Federal Contract Tower,0,0,0,0,0,0,0,118,0,118,0,0,118,0,118,178,0,178,296
06/16/2008,RYN,AZ,AWP,WE,Federal Contract Tower,0,0,1,0,1,0,0,121,11,132,0,0,122,11,133,230,0,230,363
06/17/2008,RYN,AZ,AWP,WE,Federal Contract Tower,0,0,2,0,2,0,0,126,4,130,0,0,128,4,132,386,0,386,518
06/18/2008,RYN,AZ,AWP,WE,Federal Contract Tower,0,0,2,0,2,0,0,146,2,148,0,0,148,2,150,281,2,283,433
06/19/2008,RYN,AZ,AWP,WE,Federal Contract Tower,0,0,3,0,3,0,0,133,2,135,0,0,136,2,138,237,0,237,375
06/20/2008,RYN,AZ,AWP,WE,Federal Contract Tower,0,0,2,0,2,0,0,130,12,142,0,0,132,12,144,304,0,304,448
06/21/2008,RYN,AZ,AWP,WE,Federal Contract Tower,0,0,2,0,2,0,0,132,6,138,0,0,134,6,140,315,0,315,455
06/22/2008,RYN,AZ,AWP,WE,Federal Contract Tower,0,0,0,0,0,0,0,76,4,80,0,0,76,4,80,142,0,142,222
06/23/2008,RYN,AZ,AWP,WE,Federal Contract Tower,0,0,1,0,1,0,0,89,4,93,0,0,90,4,94,156,0,156,250
06/24/2008,RYN,AZ,AWP,WE,Federal Contract Tower,0,0,0,0,0,0,0,101,0,101,0,0,101,0,101,217,0,217,318
06/25/2008,RYN,AZ,AWP,WE,Federal Contract Tower,0,0,0,0,0,0,0,145,0,145,0,0,145,0,145,209,0,209,354
06/26/2008,RYN,AZ,AWP,WE,Federal Contract Tower,0,0,0,0,0,0,0,118,0,118,0,0,118,0,118,124,0,124,242
06/27/2008,RYN,AZ,AWP,WE,Federal Contract Tower,0,0,0,0,0,0,0,171,7,178,0,0,171,7,178,310,2,312,490
06/28/2008,RYN,AZ,AWP,WE,Federal Contract Tower,0,0,0,0,0,0,0,155,8,163,0,0,155,8,163,263,0,263,426
06/29/2008,RYN,AZ,AWP,WE,Federal Contract Tower,0,0,0,0,0,0,0,58,0,58,0,0,58,0,58,136,0,136,194
06/30/2008,RYN,AZ,AWP,WE,Federal Contract Tower,0,0,0,0,0,0,0,132,8,140,0,0,132,8,140,166,12,178,318
07/01/2008,RYN,AZ,AWP,WE,Federal Contract Tower,0,0,0,0,0,0,0,123,2,125,0,0,123,2,125,309,0,309,434
07/02/2008,RYN,AZ,AWP,WE,Federal Contract Tower,0,0,0,0,0,0,0,124,6,130,0,0,124,6,130,233,9,242,372
07/03/2008,RYN,AZ,AWP,WE,Federal Contract Tower,0,0,6,0,6,0,0,121,8,129,0,0,127,8,135,267,2,269,404
07/04/2008,RYN,AZ,AWP,WE,Federal Contract Tower,0,0,0,0,0,0,0,64,5,69,0,0,64,5,69,70,0,70,139
07/05/2008,RYN,AZ,AWP,WE,Federal Contract Tower,0,0,2,0,2,0,0,123,0,123,0,0,125,0,125,216,0,216,341
07/06/2008,RYN,AZ,AWP,WE,Federal Contract Tower,0,0,0,0,0,0,0,82,4,86,0,0,82,4,86,208,0,208,294
07/07/2008,RYN,AZ,AWP,WE,Federal Contract Tower,0,0,4,0,4,0,0,101,3,104,0,0,105,3,108,150,0,150,258
07/08/2008,RYN,AZ,AWP,WE,Federal Contract Tower,0,0,2,0,2,0,0,103,6,109,0,0,105,6,111,244,12,256,367
07/09/2008,RYN,AZ,AWP,WE,Federal Contract Tower,0,0,3,0,3,0,0,139,2,141,0,0,142,2,144,242,0,242,386
07/10/2008,RYN,AZ,AWP,WE,Federal Contract Tower,0,0,3,0,3,0,0,159,0,159,0,0,162,0,162,280,10,290,452
07/11/2008,RYN,AZ,AWP,WE,Federal Contract Tower,0,0,9,0,9,0,0,102,0,102,0,0,111,0,111,183,0,183,294
07/12/2008,RYN,AZ,AWP,WE,Federal Contract Tower,0,0,7,0,7,0,0,145,14,159,0,0,152,14,166,210,0,210,376
07/13/2008,RYN,AZ,AWP,WE,Federal Contract Tower,0,0,0,0,0,0,0,106,4,110,0,0,106,4,110,274,0,274,384
07/14/2008,RYN,AZ,AWP,WE,Federal Contract Tower,0,0,2,0,2,0,0,131,0,131,0,0,133,0,133,224,0,224,357
07/15/2008,RYN,AZ,AWP,WE,Federal Contract Tower,0,0,2,0,2,0,0,224,4,228,0,0,226,4,230,299,0,299,529
07/16/2008,RYN,AZ,AWP,WE,Federal Contract Tower,0,0,3,0,3,0,0,149,4,153,0,0,152,4,156,140,0,140,296
07/17/2008,RYN,AZ,AWP,WE,Federal Contract Tower,0,0,6,0,6,0,0,182,12,194,0,0,188,12,200,270,40,310,510
07/18/2008,RYN,AZ,AWP,WE,Federal Contract Tower,0,0,3,0,3,0,0,109,4,113,0,0,112,4,116,144,10,154,270
07/19/2008,RYN,AZ,AWP,WE,Federal Contract Tower,0,0,1,0,1,0,0,156,4,160,0,0,157,4,161,315,0,315,476
07/20/2008,RYN,AZ,AWP,WE,Federal Contract Tower,0,0,0,0,0,0,0,76,2,78,0,0,76,2,78,172,0,172,250
07/21/2008,RYN,AZ,AWP,WE,Federal Contract Tower,0,0,7,0,7,0,0,140,10,150,0,0,147,10,157,232,58,290,447
07/22/2008,RYN,AZ,AWP,WE,Federal Contract Tower,0,0,1,0,1,0,0,171,0,171,0,0,172,0,172,266,0,266,438
07/23/2008,RYN,AZ,AWP,WE,Federal Contract Tower,0,0,3,0,3,0,0,148,2,150,0,0,151,2,153,292,0,292,445
07/24/2008,RYN,AZ,AWP,WE,Federal Contract Tower,0,0,4,0,4,0,0,206,2,208,0,0,210,2,212,352,0,352,564
07/25/2008,RYN,AZ,AWP,WE,Federal Contract Tower,0,0,4,0,4,0,0,191,2,193,0,0,195,2,197,186,0,186,383
07/26/2008,RYN,AZ,AWP,WE,Federal Contract Tower,0,0,2,0,2,0,0,162,0,162,0,0,164,0,164,254,0,254,418
07/27/2008,RYN,AZ,AWP,WE,Federal Contract Tower,0,0,0,0,0,0,0,115,2,117,0,0,115,2,117,160,0,160,277
07/28/2008,RYN,AZ,AWP,WE,Federal Contract Tower,0,0,3,0,3,0,0,193,4,197,0,0,196,4,200,322,0,322,522
07/29/2008,RYN,AZ,AWP,WE,Federal Contract Tower,0,0,3,0,3,0,0,196,10,206,0,0,199,10,209,280,2,282,491
07/30/2008,RYN,AZ,AWP,WE,Federal Contract Tower,0,0,2,0,2,0,0,196,4,200,0,0,198,4,202,280,0,280,482
07/31/2008,RYN,AZ,AWP,WE,Federal Contract Tower,2,0,1,0,3,0,0,212,0,212,2,0,213,0,215,244,0,244,459
08/01/2008,RYN,AZ,AWP,WE,Federal Contract Tower,0,0,2,0,2,0,0,158,0,158,0,0,160,0,160,238,0,238,398
08/02/2008,RYN,AZ,AWP,WE,Federal Contract Tower,0,0,1,0,1,0,0,198,0,198,0,0,199,0,199,278,0,278,477
08/03/2008,RYN,AZ,AWP,WE,Federal Contract Tower,0,0,0,0,0,0,0,63,4,67,0,0,63,4,67,98,0,98,165
08/04/2008,RYN,AZ,AWP,WE,Federal Contract Tower,0,0,1,0,1,0,0,136,0,136,0,0,137,0,137,222,0,222,359
08/05/2008,RYN,AZ,AWP,WE,Federal Contract Tower,0,0,0,0,0,0,0,123,0,123,0,0,123,0,123,167,0,167,290
08/06/2008,RYN,AZ,AWP,WE,Federal Contract Tower,0,0,0,0,0,0,0,162,4,166,0,0,162,4,166,309,0,309,475
08/07/2008,RYN,AZ,AWP,WE,Federal Contract Tower,0,0,5,0,5,0,0,154,4,158,0,0,159,4,163,292,0,292,455
08/08/2008,RYN,AZ,AWP,WE,Federal Contract Tower,0,0,2,0,2,0,0,183,0,183,0,0,185,0,185,284,0,284,469
08/09/2008,RYN,AZ,AWP,WE,Federal Contract Tower,0,0,0,0,0,0,0,178,2,180,0,0,178,2,180,258,0,258,438
08/10/2008,RYN,AZ,AWP,WE,Federal Contract Tower,0,0,0,0,0,0,0,142,6,148,0,0,142,6,148,177,0,177,325
08/11/2008,RYN,AZ,AWP,WE,Federal Contract Tower,0,0,1,0,1,0,0,124,2,126,0,0,125,2,127,178,0,178,305
08/12/2008,RYN,AZ,AWP,WE,Federal Contract Tower,0,0,2,0,2,0,0,134,6,140,0,0,136,6,142,259,4,263,405
08/13/2008,RYN,AZ,AWP,WE,Federal Contract Tower,0,0,0,0,0,0,0,153,0,153,0,0,153,0,153,229,0,229,382
08/14/2008,RYN,AZ,AWP,WE,Federal Contract Tower,0,0,3,0,3,0,0,146,10,156,0,0,149,10,159,226,20,246,405
08/15/2008,RYN,AZ,AWP,WE,Federal Contract Tower,0,0,2,0,2,0,0,175,4,179,0,0,177,4,181,216,0,216,397
08/16/2008,RYN,AZ,AWP,WE,Federal Contract Tower,0,0,1,0,1,0,0,172,0,172,0,0,173,0,173,308,0,308,481
08/17/2008,RYN,AZ,AWP,WE,Federal Contract Tower,0,0,3,0,3,0,0,122,2,124,0,0,125,2,127,188,0,188,315
08/18/2008,RYN,AZ,AWP,WE,Federal Contract Tower,0,0,2,0,2,0,0,90,2,92,0,0,92,2,94,136,22,158,252
08/19/2008,RYN,AZ,AWP,WE,Federal Contract Tower,0,0,2,0,2,0,0,131,2,133,0,0,133,2,135,233,0,233,368
08/20/2008,RYN,AZ,AWP,WE,Federal Contract Tower,0,0,5,0,5,0,0,138,0,138,0,0,143,0,143,242,0,242,385
08/21/2008,RYN,AZ,AWP,WE,Federal Contract Tower,0,0,7,0,7,0,0,138,7,145,0,0,145,7,152,209,0,209,361
08/22/2008,RYN,AZ,AWP,WE,Federal Contract Tower,0,0,2,0,2,0,0,146,2,148,0,0,148,2,150,280,0,280,430
08/23/2008,RYN,AZ,AWP,WE,Federal Contract Tower,0,0,3,0,3,0,0,152,0,152,0,0,155,0,155,162,0,162,317
08/24/2008,RYN,AZ,AWP,WE,Federal Contract Tower,0,0,2,0,2,0,0,120,0,120,0,0,122,0,122,168,0,168,290
08/25/2008,RYN,AZ,AWP,WE,Federal Contract Tower,0,0,3,0,3,0,0,106,0,106,0,0,109,0,109,196,0,196,305
08/26/2008,RYN,AZ,AWP,WE,Federal Contract Tower,0,0,7,0,7,0,0,118,8,126,0,0,125,8,133,229,0,229,362
08/27/2008,RYN,AZ,AWP,WE,Federal Contract Tower,0,0,2,0,2,0,113,0,0,113,0,113,2,0,115,255,0,255,370
08/28/2008,RYN,AZ,AWP,WE,Federal Contract Tower,0,0,3,0,3,0,0,171,10,181,0,0,174,10,184,219,0,219,403
08/29/2008,RYN,AZ,AWP,WE,Federal Contract Tower,0,0,1,0,1,0,0,142,6,148,0,0,143,6,149,214,0,214,363
08/30/2008,RYN,AZ,AWP,WE,Federal Contract Tower,0,0,2,0,2,0,0,131,2,133,0,0,133,2,135,296,0,296,431
08/31/2008,RYN,AZ,AWP,WE,Federal Contract Tower,0,0,0,0,0,0,0,123,0,123,0,0,123,0,123,196,0,196,319
09/01/2008,RYN,AZ,AWP,WE,Federal Contract Tower,0,0,2,0,2,0,0,158,6,164,0,0,160,6,166,108,0,108,274
09/02/2008,RYN,AZ,AWP,WE,Federal Contract Tower,0,0,3,0,3,0,0,178,10,188,0,0,181,10,191,251,8,259,450
09/03/2008,RYN,AZ,AWP,WE,Federal Contract Tower,0,0,3,0,3,0,0,151,4,155,0,0,154,4,158,182,0,182,340
09/04/2008,RYN,AZ,AWP,WE,Federal Contract Tower,0,0,7,0,7,0,0,226,10,236,0,0,233,10,243,305,0,305,548
09/05/2008,RYN,AZ,AWP,WE,Federal Contract Tower,0,0,3,0,3,0,0,208,6,214,0,0,211,6,217,322,0,322,539
09/06/2008,RYN,AZ,AWP,WE,Federal Contract Tower,0,0,1,0,1,0,0,181,6,187,0,0,182,6,188,236,0,236,424
09/07/2008,RYN,AZ,AWP,WE,Federal Contract Tower,0,0,0,0,0,0,0,86,4,90,0,0,86,4,90,88,0,88,178
09/08/2008,RYN,AZ,AWP,WE,Federal Contract Tower,0,0,1,0,1,0,0,82,0,82,0,0,83,0,83,108,0,108,191
09/09/2008,RYN,AZ,AWP,WE,Federal Contract Tower,0,0,2,0,2,0,0,230,10,240,0,0,232,10,242,298,28,326,568
09/10/2008,RYN,AZ,AWP,WE,Federal Contract Tower,0,0,0,0,0,0,0,163,0,163,0,0,163,0,163,262,0,262,425
09/11/2008,RYN,AZ,AWP,WE,Federal Contract Tower,0,0,0,0,0,0,0,152,8,160,0,0,152,8,160,316,0,316,476
09/12/2008,RYN,AZ,AWP,WE,Federal Contract Tower,0,0,0,0,0,0,0,158,2,160,0,0,158,2,160,242,0,242,402
09/13/2008,RYN,AZ,AWP,WE,Federal Contract Tower,0,0,5,0,5,0,0,175,0,175,0,0,180,0,180,260,0,260,440
09/14/2008,RYN,AZ,AWP,WE,Federal Contract Tower,0,0,0,0,0,0,0,90,4,94,0,0,90,4,94,170,0,170,264
09/15/2008,RYN,AZ,AWP,WE,Federal Contract Tower,0,0,0,0,0,0,0,56,4,60,0,0,56,4,60,54,14,68,128
09/16/2008,RYN,AZ,AWP,WE,Federal Contract Tower,0,0,0,0,0,0,0,186,12,198,0,0,186,12,198,252,0,252,450
09/17/2008,RYN,AZ,AWP,WE,Federal Contract Tower,0,0,2,0,2,0,0,126,2,128,0,0,128,2,130,310,2,312,442
09/18/2008,RYN,AZ,AWP,WE,Federal Contract Tower,0,0,0,0,0,0,0,196,4,200,0,0,196,4,200,266,0,266,466
09/19/2008,RYN,AZ,AWP,WE,Federal Contract Tower,0,0,4,0,4,0,0,179,8,187,0,0,183,8,191,242,0,242,433
09/20/2008,RYN,AZ,AWP,WE,Federal Contract Tower,0,0,0,0,0,0,0,154,4,158,0,0,154,4,158,148,0,148,306
09/21/2008,RYN,AZ,AWP,WE,Federal Contract Tower,0,0,0,0,0,0,0,117,0,117,0,0,117,0,117,110,0,110,227
09/22/2008,RYN,AZ,AWP,WE,Federal Contract Tower,0,0,2,0,2,0,0,155,0,155,0,0,157,0,157,206,0,206,363
09/23/2008,RYN,AZ,AWP,WE,Federal Contract Tower,0,0,6,0,6,0,0,148,4,152,0,0,154,4,158,319,18,337,495
09/24/2008,RYN,AZ,AWP,WE,Federal Contract Tower,0,0,3,0,3,0,0,178,0,178,0,0,181,0,181,267,0,267,448
09/25/2008,RYN,AZ,AWP,WE,Federal Contract Tower,0,0,2,0,2,0,0,152,4,156,0,0,154,4,158,208,0,208,366
09/26/2008,RYN,AZ,AWP,WE,Federal Contract Tower,0,0,3,0,3,0,0,167,0,167,0,0,170,0,170,248,0,248,418
09/27/2008,RYN,AZ,AWP,WE,Federal Contract Tower,0,0,2,0,2,0,0,107,0,107,0,0,109,0,109,214,2,216,325
09/28/2008,RYN,AZ,AWP,WE,Federal Contract Tower,0,0,4,0,4,0,0,75,2,77,0,0,79,2,81,84,0,84,165
09/29/2008,RYN,AZ,AWP,WE,Federal Contract Tower,0,0,3,0,3,0,0,89,2,91,0,0,92,2,94,86,0,86,180
09/30/2008,RYN,AZ,AWP,WE,Federal Contract Tower,0,0,3,0,3,0,0,204,8,212,0,0,207,8,215,217,0,217,432
10/01/2008,RYN,AZ,AWP,WE,Federal Contract Tower,0,0,3,0,3,0,0,123,2,125,0,0,126,2,128,312,0,312,440
10/02/2008,RYN,AZ,AWP,WE,Federal Contract Tower,0,0,1,0,1,0,0,246,15,261,0,0,247,15,262,421,40,461,723
10/03/2008,RYN,AZ,AWP,WE,Federal Contract Tower,0,0,2,0,2,0,0,250,6,256,0,0,252,6,258,412,8,420,678
10/04/2008,RYN,AZ,AWP,WE,Federal Contract Tower,0,0,0,0,0,0,0,99,2,101,0,0,99,2,101,112,0,112,213
10/05/2008,RYN,AZ,AWP,WE,Federal Contract Tower,0,0,0,0,0,0,0,94,10,104,0,0,94,10,104,168,0,168,272
10/06/2008,RYN,AZ,AWP,WE,Federal Contract Tower,0,0,3,0,3,0,0,200,16,216,0,0,203,16,219,349,76,425,644
10/07/2008,RYN,AZ,AWP,WE,Federal Contract Tower,0,0,4,0,4,0,0,125,4,129,0,0,129,4,133,226,2,228,361
10/08/2008,RYN,AZ,AWP,WE,Federal Contract Tower,0,0,6,0,6,0,0,237,10,247,0,0,243,10,253,400,0,400,653
10/09/2008,RYN,AZ,AWP,WE,Federal Contract Tower,0,0,2,0,2,0,0,226,0,226,0,0,228,0,228,310,0,310,538
10/10/2008,RYN,AZ,AWP,WE,Federal Contract Tower,0,0,0,0,0,0,0,99,8,107,0,0,99,8,107,118,0,118,225
10/11/2008,RYN,AZ,AWP,WE,Federal Contract Tower,0,0,0,0,0,0,0,6,0,6,0,0,6,0,6,6,2,8,14
10/12/2008,RYN,AZ,AWP,WE,Federal Contract Tower,0,0,2,0,2,0,0,119,0,119,0,0,121,0,121,170,0,170,291
10/13/2008,RYN,AZ,AWP,WE,Federal Contract Tower,0,0,1,0,1,0,0,155,2,157,0,0,156,2,158,275,0,275,433
10/14/2008,RYN,AZ,AWP,WE,Federal Contract Tower,0,0,2,0,2,0,0,209,12,221,0,0,211,12,223,353,34,387,610
10/15/2008,RYN,AZ,AWP,WE,Federal Contract Tower,0,0,4,0,4,0,0,148,0,148,0,0,152,0,152,316,0,316,468
10/16/2008,RYN,AZ,AWP,WE,Federal Contract Tower,0,0,0,0,0,0,0,168,0,168,0,0,168,0,168,332,0,332,500
10/17/2008,RYN,AZ,AWP,WE,Federal Contract Tower,0,0,1,0,1,0,0,186,0,186,0,0,187,0,187,280,0,280,467
10/18/2008,RYN,AZ,AWP,WE,Federal Contract Tower,0,0,0,0,0,0,0,181,2,183,0,0,181,2,183,212,6,218,401
10/19/2008,RYN,AZ,AWP,WE,Federal Contract Tower,0,0,2,0,2,0,0,99,4,103,0,0,101,4,105,76,12,88,193
10/20/2008,RYN,AZ,AWP,WE,Federal Contract Tower,0,0,5,0,5,0,0,166,6,172,0,0,171,6,177,352,16,368,545
10/21/2008,RYN,AZ,AWP,WE,Federal Contract Tower,0,0,2,0,2,0,0,199,2,201,0,0,201,2,203,400,0,400,603
10/22/2008,RYN,AZ,AWP,WE,Federal Contract Tower,0,0,5,0,5,0,0,179,0,179,0,0,184,0,184,327,0,327,511
10/23/2008,RYN,AZ,AWP,WE,Federal Contract Tower,0,0,0,0,0,0,0,154,0,154,0,0,154,0,154,266,0,266,420
10/24/2008,RYN,AZ,AWP,WE,Federal Contract Tower,0,0,2,0,2,0,0,142,0,142,0,0,144,0,144,252,2,254,398
10/25/2008,RYN,AZ,AWP,WE,Federal Contract Tower,0,0,2,0,2,0,0,128,0,128,0,0,130,0,130,224,0,224,354
10/26/2008,RYN,AZ,AWP,WE,Federal Contract Tower,0,0,2,0,2,0,0,126,4,130,0,0,128,4,132,128,12,140,272
10/27/2008,RYN,AZ,AWP,WE,Federal Contract Tower,0,0,0,0,0,0,0,16,0,16,0,0,16,0,16,34,0,34,50
10/28/2008,RYN,AZ,AWP,WE,Federal Contract Tower,0,0,6,0,6,0,0,161,0,161,0,0,167,0,167,210,0,210,377
10/29/2008,RYN,AZ,AWP,WE,Federal Contract Tower,0,0,3,0,3,0,0,221,18,239,0,0,224,18,242,358,26,384,626
10/30/2008,RYN,AZ,AWP,WE,Federal Contract Tower,0,0,3,0,3,0,0,182,0,182,0,0,185,0,185,342,2,344,529
10/31/2008,RYN,AZ,AWP,WE,Federal Contract Tower,0,0,1,0,1,0,0,163,3,166,0,0,164,3,167,230,18,248,415
11/01/2008,RYN,AZ,AWP,WE,Federal Contract Tower,0,0,0,0,0,0,0,142,4,146,0,0,142,4,146,240,0,240,386
11/02/2008,RYN,AZ,AWP,WE,Federal Contract Tower,0,0,1,0,1,0,0,130,8,138,0,0,131,8,139,158,0,158,297
11/03/2008,RYN,AZ,AWP,WE,Federal Contract Tower,0,0,3,0,3,0,0,125,6,131,0,0,128,6,134,236,0,236,370
11/04/2008,RYN,AZ,AWP,WE,Federal Contract Tower,0,0,0,0,0,0,0,150,4,154,0,0,150,4,154,320,6,326,480
11/05/2008,RYN,AZ,AWP,WE,Federal Contract Tower,0,0,2,0,2,0,0,142,2,144,0,0,144,2,146,292,2,294,440
11/06/2008,RYN,AZ,AWP,WE,Federal Contract Tower,0,0,2,0,2,0,0,201,4,205,0,0,203,4,207,330,0,330,537
11/07/2008,RYN,AZ,AWP,WE,Federal Contract Tower,0,0,2,0,2,0,0,183,2,185,0,0,185,2,187,198,0,198,385
11/08/2008,RYN,AZ,AWP,WE,Federal Contract Tower,0,0,1,0,1,0,0,140,2,142,0,0,141,2,143,152,0,152,295
11/09/2008,RYN,AZ,AWP,WE,Federal Contract Tower,0,0,2,0,2,0,0,64,2,66,0,0,66,2,68,114,0,114,182
11/10/2008,RYN,AZ,AWP,WE,Federal Contract Tower,0,0,5,0,5,0,0,88,8,96,0,0,93,8,101,133,0,133,234
11/11/2008,RYN,AZ,AWP,WE,Federal Contract Tower,0,0,1,0,1,0,0,79,10,89,0,0,80,10,90,96,0,96,186
11/12/2008,RYN,AZ,AWP,WE,Federal Contract Tower,0,0,3,0,3,0,0,121,8,129,0,0,124,8,132,147,34,181,313
11/13/2008,RYN,AZ,AWP,WE,Federal Contract Tower,0,0,4,0,4,0,0,186,0,186,0,0,190,0,190,266,0,266,456
11/14/2008,RYN,AZ,AWP,WE,Federal Contract Tower,0,0,3,0,3,0,0,127,2,129,0,0,130,2,132,204,0,204,336
11/15/2008,RYN,AZ,AWP,WE,Federal Contract Tower,0,0,0,0,0,0,0,86,2,88,0,0,86,2,88,54,0,54,142
11/16/2008,RYN,AZ,AWP,WE,Federal Contract Tower,0,0,1,0,1,0,0,85,8,93,0,0,86,8,94,158,10,168,262
11/17/2008,RYN,AZ,AWP,WE,Federal Contract Tower,0,0,0,0,0,0,0,98,5,103,0,0,98,5,103,102,44,146,249
11/18/2008,RYN,AZ,AWP,WE,Federal Contract Tower,0,0,0,0,0,0,0,116,8,124,0,0,116,8,124,270,46,316,440
11/19/2008,RYN,AZ,AWP,WE,Federal Contract Tower,0,0,4,0,4,0,0,124,0,124,0,0,128,0,128,190,0,190,318
11/20/2008,RYN,AZ,AWP,WE,Federal Contract Tower,0,0,0,0,0,0,0,124,0,124,0,0,124,0,124,190,0,190,314
11/21/2008,RYN,AZ,AWP,WE,Federal Contract Tower,0,0,3,0,3,0,0,35,0,35,0,0,38,0,38,12,0,12,50
11/22/2008,RYN,AZ,AWP,WE,Federal Contract Tower,0,0,1,0,1,0,0,178,0,178,0,0,179,0,179,280,0,280,459
11/23/2008,RYN,AZ,AWP,WE,Federal Contract Tower,0,0,2,0,2,0,0,204,2,206,0,0,206,2,208,192,0,192,400
11/24/2008,RYN,AZ,AWP,WE,Federal Contract Tower,0,0,0,0,0,0,0,78,12,90,0,0,78,12,90,142,126,268,358
11/25/2008,RYN,AZ,AWP,WE,Federal Contract Tower,0,0,1,0,1,0,0,101,6,107,0,0,102,6,108,191,18,209,317
11/26/2008,RYN,AZ,AWP,WE,Federal Contract Tower,0,0,0,0,0,0,0,70,11,81,0,0,70,11,81,74,24,98,179
11/27/2008,RYN,AZ,AWP,WE,Federal Contract Tower,0,0,0,0,0,0,0,9,6,15,0,0,9,6,15,0,0,0,15
11/28/2008,RYN,AZ,AWP,WE,Federal Contract Tower,0,0,4,0,4,0,0,167,6,173,0,0,171,6,177,156,0,156,333
11/29/2008,RYN,AZ,AWP,WE,Federal Contract Tower,0,0,0,0,0,0,0,177,2,179,0,0,177,2,179,240,0,240,419
11/30/2008,RYN,AZ,AWP,WE,Federal Contract Tower,0,0,2,0,2,0,0,159,2,161,0,0,161,2,163,180,0,180,343
12/01/2008,RYN,AZ,AWP,WE,Federal Contract Tower,0,0,0,0,0,0,0,118,9,127,0,0,118,9,127,149,80,229,356
12/02/2008,RYN,AZ,AWP,WE,Federal Contract Tower,0,0,1,0,1,0,0,135,4,139,0,0,136,4,140,206,8,214,354
12/03/2008,RYN,AZ,AWP,WE,Federal Contract Tower,0,0,5,0,5,0,0,187,4,191,0,0,192,4,196,273,12,285,481
12/04/2008,RYN,AZ,AWP,WE,Federal Contract Tower,0,0,6,0,6,0,0,114,12,126,0,0,120,12,132,184,8,192,324
12/05/2008,RYN,AZ,AWP,WE,Federal Contract Tower,0,0,0,0,0,0,0,145,10,155,0,0,145,10,155,182,0,182,337
12/06/2008,RYN,AZ,AWP,WE,Federal Contract Tower,0,0,2,0,2,0,0,192,8,200,0,0,194,8,202,242,0,242,444
12/07/2008,RYN,AZ,AWP,WE,Federal Contract Tower,0,0,2,0,2,0,0,109,4,113,0,0,111,4,115,134,0,134,249
12/08/2008,RYN,AZ,AWP,WE,Federal Contract Tower,0,0,2,0,2,0,0,152,14,166,0,0,154,14,168,128,22,150,318
12/09/2008,RYN,AZ,AWP,WE,Federal Contract Tower,2,0,2,0,4,0,0,155,16,171,2,0,157,16,175,234,34,268,443
12/10/2008,RYN,AZ,AWP,WE,Federal Contract Tower,0,0,5,0,5,0,0,126,6,132,0,0,131,6,137,264,4,268,405
12/11/2008,RYN,AZ,AWP,WE,Federal Contract Tower,0,0,2,0,2,0,0,124,7,131,0,0,126,7,133,184,0,184,317
12/12/2008,RYN,AZ,AWP,WE,Federal Contract Tower,0,0,2,0,2,0,0,106,2,108,0,0,108,2,110,196,0,196,306
12/13/2008,RYN,AZ,AWP,WE,Federal Contract Tower,0,0,0,0,0,0,0,132,2,134,0,0,132,2,134,113,18,131,265
12/14/2008,RYN,AZ,AWP,WE,Federal Contract Tower,0,0,1,0,1,0,0,37,0,37,0,0,38,0,38,68,0,68,106
12/15/2008,RYN,AZ,AWP,WE,Federal Contract Tower,0,0,3,0,3,0,0,112,12,124,0,0,115,12,127,168,0,168,295
12/16/2008,RYN,AZ,AWP,WE,Federal Contract Tower,0,0,2,0,2,0,0,100,22,122,0,0,102,22,124,184,52,236,360
12/17/2008,RYN,AZ,AWP,WE,Federal Contract Tower,0,0,1,0,1,0,0,102,18,120,0,0,103,18,121,116,24,140,261
12/18/2008,RYN,AZ,AWP,WE,Federal Contract Tower,0,0,4,0,4,0,0,87,7,94,0,0,91,7,98,98,0,98,196
12/19/2008,RYN,AZ,AWP,WE,Federal Contract Tower,0,0,4,0,4,0,0,170,9,179,0,0,174,9,183,226,10,236,419
12/20/2008,RYN,AZ,AWP,WE,Federal Contract Tower,0,0,5,0,5,0,0,176,0,176,0,0,181,0,181,278,0,278,459
12/21/2008,RYN,AZ,AWP,WE,Federal Contract Tower,0,0,1,0,1,0,0,150,11,161,0,0,151,11,162,179,0,179,341
12/22/2008,RYN,AZ,AWP,WE,Federal Contract Tower,0,0,0,0,0,0,0,105,12,117,0,0,105,12,117,139,118,257,374
12/23/2008,RYN,AZ,AWP,WE,Federal Contract Tower,0,0,13,0,13,0,0,32,2,34,0,0,45,2,47,16,0,16,63
12/24/2008,RYN,AZ,AWP,WE,Federal Contract Tower,0,0,4,0,4,0,0,93,6,99,0,0,97,6,103,130,0,130,233
12/25/2008,RYN,AZ,AWP,WE,Federal Contract Tower,0,0,1,0,1,0,0,3,0,3,0,0,4,0,4,0,0,0,4
12/26/2008,RYN,AZ,AWP,WE,Federal Contract Tower,0,0,0,0,0,0,0,0,0,0,0,0,0,0,0,0,0,0,0
12/27/2008,RYN,AZ,AWP,WE,Federal Contract Tower,0,0,3,0,3,0,0,138,0,138,0,0,141,0,141,138,0,138,279
12/28/2008,RYN,AZ,AWP,WE,Federal Contract Tower,0,0,2,0,2,0,0,70,0,70,0,0,72,0,72,100,0,100,172
12/29/2008,RYN,AZ,AWP,WE,Federal Contract Tower,0,0,0,0,0,0,0,112,18,130,0,0,112,18,130,201,0,201,331
12/30/2008,RYN,AZ,AWP,WE,Federal Contract Tower,0,0,3,0,3,0,0,170,6,176,0,0,173,6,179,308,0,308,487
12/31/2008,RYN,AZ,AWP,WE,Federal Contract Tower,0,0,2,0,2,0,0,193,0,193,0,0,195,0,195,330,0,330,525
01/01/2009,RYN,AZ,AWP,WE,Federal Contract Tower,0,0,0,0,0,0,0,96,0,96,0,0,96,0,96,98,0,98,194
01/02/2009,RYN,AZ,AWP,WE,Federal Contract Tower,0,0,4,0,4,0,0,151,0,151,0,0,155,0,155,206,0,206,361
01/03/2009,RYN,AZ,AWP,WE,Federal Contract Tower,0,0,0,0,0,0,0,161,0,161,0,0,161,0,161,170,0,170,331
01/04/2009,RYN,AZ,AWP,WE,Federal Contract Tower,0,0,1,0,1,0,0,57,2,59,0,0,58,2,60,114,0,114,174
01/05/2009,RYN,AZ,AWP,WE,Federal Contract Tower,0,0,3,0,3,0,0,49,13,62,0,0,52,13,65,92,54,146,211
01/06/2009,RYN,AZ,AWP,WE,Federal Contract Tower,0,0,1,0,1,0,0,118,12,130,0,0,119,12,131,174,6,180,311
01/07/2009,RYN,AZ,AWP,WE,Federal Contract Tower,0,0,2,0,2,0,0,108,0,108,0,0,110,0,110,314,0,314,424
01/08/2009,RYN,AZ,AWP,WE,Federal Contract Tower,0,0,0,0,0,0,0,138,16,154,0,0,138,16,154,150,6,156,310
01/09/2009,RYN,AZ,AWP,WE,Federal Contract Tower,0,0,0,0,0,0,0,155,2,157,0,0,155,2,157,236,2,238,395
01/10/2009,RYN,AZ,AWP,WE,Federal Contract Tower,0,0,1,0,1,0,0,194,2,196,0,0,195,2,197,162,8,170,367
01/11/2009,RYN,AZ,AWP,WE,Federal Contract Tower,0,0,1,0,1,0,0,143,4,147,0,0,144,4,148,204,0,204,352
01/12/2009,RYN,AZ,AWP,WE,Federal Contract Tower,0,0,0,0,0,0,0,145,15,160,0,0,145,15,160,176,84,260,420
01/13/2009,RYN,AZ,AWP,WE,Federal Contract Tower,0,0,4,0,4,0,0,136,18,154,0,0,140,18,158,232,48,280,438
01/14/2009,RYN,AZ,AWP,WE,Federal Contract Tower,0,0,0,0,0,0,0,148,8,156,0,0,148,8,156,316,18,334,490
01/15/2009,RYN,AZ,AWP,WE,Federal Contract Tower,0,0,2,0,2,0,0,125,18,143,0,0,127,18,145,136,56,192,337
01/16/2009,RYN,AZ,AWP,WE,Federal Contract Tower,0,0,5,0,5,0,0,183,2,185,0,0,188,2,190,250,0,250,440
01/17/2009,RYN,AZ,AWP,WE,Federal Contract Tower,0,0,2,0,2,0,0,173,0,173,0,0,175,0,175,192,0,192,367
01/18/2009,RYN,AZ,AWP,WE,Federal Contract Tower,0,0,2,0,2,0,0,167,4,171,0,0,169,4,173,150,0,150,323
01/19/2009,RYN,AZ,AWP,WE,Federal Contract Tower,0,0,1,0,1,0,0,122,14,136,0,0,123,14,137,162,0,162,299
01/20/2009,RYN,AZ,AWP,WE,Federal Contract Tower,0,0,3,0,3,0,0,125,4,129,0,0,128,4,132,202,4,206,338
01/21/2009,RYN,AZ,AWP,WE,Federal Contract Tower,0,0,2,1,3,0,0,112,18,130,0,0,114,19,133,241,12,253,386
01/22/2009,RYN,AZ,AWP,WE,Federal Contract Tower,0,0,4,0,4,0,0,61,6,67,0,0,65,6,71,126,10,136,207
01/23/2009,RYN,AZ,AWP,WE,Federal Contract Tower,0,0,11,0,11,0,0,145,2,147,0,0,156,2,158,250,0,250,408
01/24/2009,RYN,AZ,AWP,WE,Federal Contract Tower,0,0,1,0,1,0,0,164,0,164,0,0,165,0,165,266,0,266,431
01/25/2009,RYN,AZ,AWP,WE,Federal Contract Tower,0,0,1,0,1,0,0,179,2,181,0,0,180,2,182,214,0,214,396
01/26/2009,RYN,AZ,AWP,WE,Federal Contract Tower,0,0,3,0,3,0,0,118,12,130,0,0,121,12,133,195,94,289,422
01/27/2009,RYN,AZ,AWP,WE,Federal Contract Tower,0,0,1,0,1,0,0,168,10,178,0,0,169,10,179,333,2,335,514
01/28/2009,RYN,AZ,AWP,WE,Federal Contract Tower,0,0,6,0,6,0,0,160,0,160,0,0,166,0,166,180,0,180,346
01/29/2009,RYN,AZ,AWP,WE,Federal Contract Tower,0,0,2,0,2,0,0,150,6,156,0,0,152,6,158,220,8,228,386
01/30/2009,RYN,AZ,AWP,WE,Federal Contract Tower,0,0,3,0,3,0,0,164,2,166,0,0,167,2,169,240,0,240,409
01/31/2009,RYN,AZ,AWP,WE,Federal Contract Tower,0,0,2,0,2,0,0,180,0,180,0,0,182,0,182,250,0,250,432
02/01/2009,RYN,AZ,AWP,WE,Federal Contract Tower,0,0,2,0,2,0,0,162,2,164,0,0,164,2,166,256,0,256,422
02/02/2009,RYN,AZ,AWP,WE,Federal Contract Tower,0,0,3,0,3,0,0,194,20,214,0,0,197,20,217,241,140,381,598
02/03/2009,RYN,AZ,AWP,WE,Federal Contract Tower,0,0,3,0,3,0,0,169,6,175,0,0,172,6,178,310,6,316,494
02/04/2009,RYN,AZ,AWP,WE,Federal Contract Tower,0,0,0,0,0,0,0,110,10,120,0,0,110,10,120,201,22,223,343
02/05/2009,RYN,AZ,AWP,WE,Federal Contract Tower,0,0,5,0,5,0,0,175,20,195,0,0,180,20,200,180,36,216,416
02/06/2009,RYN,AZ,AWP,WE,Federal Contract Tower,0,0,3,0,3,0,0,141,0,141,0,0,144,0,144,288,0,288,432
02/07/2009,RYN,AZ,AWP,WE,Federal Contract Tower,0,0,0,0,0,0,0,147,2,149,0,0,147,2,149,320,0,320,469
02/08/2009,RYN,AZ,AWP,WE,Federal Contract Tower,0,0,3,0,3,0,0,34,0,34,0,0,37,0,37,71,0,71,108
02/09/2009,RYN,AZ,AWP,WE,Federal Contract Tower,0,0,0,0,0,0,0,56,14,70,0,0,56,14,70,82,56,138,208
02/10/2009,RYN,AZ,AWP,WE,Federal Contract Tower,0,0,0,0,0,0,0,63,24,87,0,0,63,24,87,98,32,130,217
02/11/2009,RYN,AZ,AWP,WE,Federal Contract Tower,0,0,5,4,9,0,0,139,4,143,0,0,144,8,152,182,0,182,334
02/12/2009,RYN,AZ,AWP,WE,Federal Contract Tower,0,0,1,0,1,0,0,120,2,122,0,0,121,2,123,142,12,154,277
02/13/2009,RYN,AZ,AWP,WE,Federal Contract Tower,0,0,2,0,2,0,0,162,2,164,0,0,164,2,166,204,6,210,376
02/14/2009,RYN,AZ,AWP,WE,Federal Contract Tower,0,0,0,0,0,0,0,194,0,194,0,0,194,0,194,250,0,250,444
02/15/2009,RYN,AZ,AWP,WE,Federal Contract Tower,0,0,1,0,1,0,0,127,2,129,0,0,128,2,130,192,0,192,322
02/16/2009,RYN,AZ,AWP,WE,Federal Contract Tower,0,0,3,0,3,0,0,72,16,88,0,0,75,16,91,86,0,86,177
02/17/2009,RYN,AZ,AWP,WE,Federal Contract Tower,0,0,1,0,1,0,0,105,10,115,0,0,106,10,116,180,14,194,310
02/18/2009,RYN,AZ,AWP,WE,Federal Contract Tower,0,0,2,0,2,0,0,116,8,124,0,0,118,8,126,238,12,250,376
02/19/2009,RYN,AZ,AWP,WE,Federal Contract Tower,0,0,1,0,1,0,0,180,0,180,0,0,181,0,181,218,0,218,399
02/20/2009,RYN,AZ,AWP,WE,Federal Contract Tower,0,0,1,0,1,0,0,190,0,190,0,0,191,0,191,286,0,286,477
02/21/2009,RYN,AZ,AWP,WE,Federal Contract Tower,0,0,4,0,4,0,0,161,0,161,0,0,165,0,165,260,0,260,425
02/22/2009,RYN,AZ,AWP,WE,Federal Contract Tower,0,0,4,0,4,0,0,164,2,166,0,0,168,2,170,202,0,202,372
02/23/2009,RYN,AZ,AWP,WE,Federal Contract Tower,0,0,2,0,2,0,0,144,15,159,0,0,146,15,161,166,75,241,402
02/24/2009,RYN,AZ,AWP,WE,Federal Contract Tower,0,0,7,0,7,0,0,164,14,178,0,0,171,14,185,254,2,256,441
02/25/2009,RYN,AZ,AWP,WE,Federal Contract Tower,0,0,1,0,1,0,0,168,2,170,0,0,169,2,171,282,0,282,453
02/26/2009,RYN,AZ,AWP,WE,Federal Contract Tower,0,0,2,0,2,0,0,166,4,170,0,0,168,4,172,236,0,236,408
02/27/2009,RYN,AZ,AWP,WE,Federal Contract Tower,0,0,1,0,1,0,0,180,6,186,0,0,181,6,187,314,0,314,501
02/28/2009,RYN,AZ,AWP,WE,Federal Contract Tower,0,0,1,0,1,0,0,222,6,228,0,0,223,6,229,236,0,236,465
03/01/2009,RYN,AZ,AWP,WE,Federal Contract Tower,0,0,0,0,0,0,0,73,0,73,0,0,73,0,73,80,0,80,153
03/02/2009,RYN,AZ,AWP,WE,Federal Contract Tower,0,0,0,0,0,0,0,139,12,151,0,0,139,12,151,181,44,225,376
03/03/2009,RYN,AZ,AWP,WE,Federal Contract Tower,0,0,1,0,1,0,0,124,2,126,0,0,125,2,127,236,0,236,363
03/04/2009,RYN,AZ,AWP,WE,Federal Contract Tower,0,0,5,0,5,0,0,141,8,149,0,0,146,8,154,269,0,269,423
03/05/2009,RYN,AZ,AWP,WE,Federal Contract Tower,0,0,3,0,3,0,0,141,10,151,0,0,144,10,154,206,0,206,360
03/06/2009,RYN,AZ,AWP,WE,Federal Contract Tower,0,0,1,0,1,0,0,118,4,122,0,0,119,4,123,212,0,212,335
03/07/2009,RYN,AZ,AWP,WE,Federal Contract Tower,0,0,3,0,3,0,0,151,0,151,0,0,154,0,154,217,0,217,371
03/08/2009,RYN,AZ,AWP,WE,Federal Contract Tower,0,0,1,0,1,0,0,184,2,186,0,0,185,2,187,266,0,266,453
03/09/2009,RYN,AZ,AWP,WE,Federal Contract Tower,0,0,2,0,2,0,0,106,14,120,0,0,108,14,122,179,0,179,301
03/10/2009,RYN,AZ,AWP,WE,Federal Contract Tower,0,0,1,0,1,0,0,160,6,166,0,0,161,6,167,232,0,232,399
03/11/2009,RYN,AZ,AWP,WE,Federal Contract Tower,0,0,4,0,4,0,0,220,12,232,0,0,224,12,236,402,0,402,638
03/12/2009,RYN,AZ,AWP,WE,Federal Contract Tower,0,0,2,0,2,0,0,154,10,164,0,0,156,10,166,220,2,222,388
03/13/2009,RYN,AZ,AWP,WE,Federal Contract Tower,0,0,6,0,6,0,0,258,2,260,0,0,264,2,266,214,0,214,480
03/14/2009,RYN,AZ,AWP,WE,Federal Contract Tower,0,0,0,0,0,0,0,278,6,284,0,0,278,6,284,516,0,516,800
03/15/2009,RYN,AZ,AWP,WE,Federal Contract Tower,0,0,0,0,0,0,0,148,6,154,0,0,148,6,154,144,0,144,298
03/16/2009,RYN,AZ,AWP,WE,Federal Contract Tower,0,0,4,0,4,0,0,119,4,123,0,0,123,4,127,187,0,187,314
03/17/2009,RYN,AZ,AWP,WE,Federal Contract Tower,0,0,3,0,3,0,0,151,6,157,0,0,154,6,160,275,0,275,435
03/18/2009,RYN,AZ,AWP,WE,Federal Contract Tower,0,0,1,0,1,0,0,147,4,151,0,0,148,4,152,248,6,254,406
03/19/2009,RYN,AZ,AWP,WE,Federal Contract Tower,0,0,0,0,0,0,0,206,8,214,0,0,206,8,214,286,0,286,500
03/20/2009,RYN,AZ,AWP,WE,Federal Contract Tower,0,0,3,0,3,0,0,144,2,146,0,0,147,2,149,222,0,222,371
03/21/2009,RYN,AZ,AWP,WE,Federal Contract Tower,0,0,2,0,2,0,0,205,4,209,0,0,207,4,211,196,0,196,407
03/22/2009,RYN,AZ,AWP,WE,Federal Contract Tower,0,0,3,0,3,0,0,101,0,101,0,0,104,0,104,90,0,90,194
03/23/2009,RYN,AZ,AWP,WE,Federal Contract Tower,0,0,0,0,0,0,0,115,15,130,0,0,115,15,130,155,42,197,327
03/24/2009,RYN,AZ,AWP,WE,Federal Contract Tower,0,0,1,0,1,0,0,146,4,150,0,0,147,4,151,220,0,220,371
03/25/2009,RYN,AZ,AWP,WE,Federal Contract Tower,0,0,0,1,1,0,0,167,18,185,0,0,167,19,186,355,46,401,587
03/26/2009,RYN,AZ,AWP,WE,Federal Contract Tower,0,0,2,0,2,0,0,32,4,36,0,0,34,4,38,24,0,24,62
03/27/2009,RYN,AZ,AWP,WE,Federal Contract Tower,0,0,2,0,2,0,0,126,2,128,0,0,128,2,130,180,0,180,310
03/28/2009,RYN,AZ,AWP,WE,Federal Contract Tower,0,0,3,0,3,0,0,312,0,312,0,0,315,0,315,304,0,304,619
03/29/2009,RYN,AZ,AWP,WE,Federal Contract Tower,0,0,3,0,3,0,0,179,2,181,0,0,182,2,184,158,0,158,342
03/30/2009,RYN,AZ,AWP,WE,Federal Contract Tower,0,0,6,0,6,0,0,63,2,65,0,0,69,2,71,19,0,19,90
03/31/2009,RYN,AZ,AWP,WE,Federal Contract Tower,0,0,0,0,0,0,0,123,0,123,0,0,123,0,123,201,0,201,324
04/01/2009,RYN,AZ,AWP,WE,Federal Contract Tower,0,0,6,0,6,0,0,108,2,110,0,0,114,2,116,170,0,170,286
04/02/2009,RYN,AZ,AWP,WE,Federal Contract Tower,0,0,1,0,1,0,0,110,4,114,0,0,111,4,115,230,0,230,345
04/03/2009,RYN,AZ,AWP,WE,Federal Contract Tower,0,0,1,0,1,0,0,35,2,37,0,0,36,2,38,58,2,60,98
04/04/2009,RYN,AZ,AWP,WE,Federal Contract Tower,0,0,4,0,4,0,0,106,4,110,0,0,110,4,114,172,0,172,286
04/05/2009,RYN,AZ,AWP,WE,Federal Contract Tower,0,0,1,0,1,0,0,133,0,133,0,0,134,0,134,180,0,180,314
04/06/2009,RYN,AZ,AWP,WE,Federal Contract Tower,0,0,0,0,0,0,0,90,14,104,0,0,90,14,104,42,88,130,234
04/07/2009,RYN,AZ,AWP,WE,Federal Contract Tower,0,0,2,0,2,0,0,134,8,142,0,0,136,8,144,195,0,195,339
04/08/2009,RYN,AZ,AWP,WE,Federal Contract Tower,0,0,1,0,1,0,0,112,20,132,0,0,113,20,133,154,0,154,287
04/09/2009,RYN,AZ,AWP,WE,Federal Contract Tower,0,0,5,0,5,0,0,133,2,135,0,0,138,2,140,272,2,274,414
04/10/2009,RYN,AZ,AWP,WE,Federal Contract Tower,0,0,0,0,0,0,0,136,0,136,0,0,136,0,136,176,0,176,312
04/11/2009,RYN,AZ,AWP,WE,Federal Contract Tower,0,0,2,0,2,0,0,29,2,31,0,0,31,2,33,12,0,12,45
04/12/2009,RYN,AZ,AWP,WE,Federal Contract Tower,0,0,2,0,2,0,0,145,4,149,0,0,147,4,151,198,0,198,349
04/13/2009,RYN,AZ,AWP,WE,Federal Contract Tower,0,0,1,0,1,0,0,141,8,149,0,0,142,8,150,180,0,180,330
04/14/2009,RYN,AZ,AWP,WE,Federal Contract Tower,0,0,3,0,3,0,0,95,4,99,0,0,98,4,102,206,0,206,308
04/15/2009,RYN,AZ,AWP,WE,Federal Contract Tower,0,0,0,0,0,0,0,46,0,46,0,0,46,0,46,48,0,48,94
04/16/2009,RYN,AZ,AWP,WE,Federal Contract Tower,0,0,2,2,4,0,0,111,6,117,0,0,113,8,121,228,0,228,349
04/17/2009,RYN,AZ,AWP,WE,Federal Contract Tower,0,0,3,0,3,0,0,128,0,128,0,0,131,0,131,200,0,200,331
04/18/2009,RYN,AZ,AWP,WE,Federal Contract Tower,0,0,0,1,1,0,0,141,0,141,0,0,141,1,142,268,0,268,410
04/19/2009,RYN,AZ,AWP,WE,Federal Contract Tower,0,0,3,0,3,0,0,98,6,104,0,0,101,6,107,158,0,158,265
04/20/2009,RYN,AZ,AWP,WE,Federal Contract Tower,0,0,1,0,1,0,0,132,12,144,0,0,133,12,145,154,130,284,429
04/21/2009,RYN,AZ,AWP,WE,Federal Contract Tower,0,0,2,0,2,0,0,130,12,142,0,0,132,12,144,168,106,274,418
04/22/2009,RYN,AZ,AWP,WE,Federal Contract Tower,0,0,0,0,0,0,0,63,0,63,0,0,63,0,63,93,0,93,156
04/23/2009,RYN,AZ,AWP,WE,Federal Contract Tower,0,0,5,0,5,0,0,119,4,123,0,0,124,4,128,208,0,208,336
04/24/2009,RYN,AZ,AWP,WE,Federal Contract Tower,0,0,2,0,2,0,0,85,0,85,0,0,87,0,87,86,0,86,173
04/25/2009,RYN,AZ,AWP,WE,Federal Contract Tower,0,0,1,0,1,0,0,88,0,88,0,0,89,0,89,112,0,112,201
04/26/2009,RYN,AZ,AWP,WE,Federal Contract Tower,0,0,3,0,3,0,0,146,2,148,0,0,149,2,151,198,0,198,349
04/27/2009,RYN,AZ,AWP,WE,Federal Contract Tower,0,0,0,0,0,0,0,138,6,144,0,0,138,6,144,106,0,106,250
04/28/2009,RYN,AZ,AWP,WE,Federal Contract Tower,0,0,3,0,3,0,0,162,6,168,0,0,165,6,171,240,0,240,411
04/29/2009,RYN,AZ,AWP,WE,Federal Contract Tower,0,0,1,0,1,0,0,157,0,157,0,0,158,0,158,234,0,234,392
04/30/2009,RYN,AZ,AWP,WE,Federal Contract Tower,0,0,1,0,1,0,0,154,6,160,0,0,155,6,161,288,0,288,449
05/01/2009,RYN,AZ,AWP,WE,Federal Contract Tower,0,0,4,0,4,0,0,109,4,113,0,0,113,4,117,182,0,182,299
05/02/2009,RYN,AZ,AWP,WE,Federal Contract Tower,0,0,0,0,0,0,0,92,0,92,0,0,92,0,92,122,0,122,214
05/03/2009,RYN,AZ,AWP,WE,Federal Contract Tower,0,0,1,0,1,0,0,164,16,180,0,0,165,16,181,192,0,192,373
05/04/2009,RYN,AZ,AWP,WE,Federal Contract Tower,0,0,2,0,2,0,0,136,12,148,0,0,138,12,150,188,0,188,338
05/05/2009,RYN,AZ,AWP,WE,Federal Contract Tower,0,0,1,0,1,0,0,92,10,102,0,0,93,10,103,212,0,212,315
05/06/2009,RYN,AZ,AWP,WE,Federal Contract Tower,0,0,2,0,2,0,0,99,0,99,0,0,101,0,101,210,0,210,311
05/07/2009,RYN,AZ,AWP,WE,Federal Contract Tower,0,0,3,0,3,0,0,137,6,143,0,0,140,6,146,242,0,242,388
05/08/2009,RYN,AZ,AWP,WE,Federal Contract Tower,0,0,3,0,3,0,0,102,6,108,0,0,105,6,111,174,0,174,285
05/09/2009,RYN,AZ,AWP,WE,Federal Contract Tower,0,0,4,0,4,0,0,109,0,109,0,0,113,0,113,224,0,224,337
05/10/2009,RYN,AZ,AWP,WE,Federal Contract Tower,0,0,0,0,0,0,0,103,0,103,0,0,103,0,103,94,0,94,197
05/11/2009,RYN,AZ,AWP,WE,Federal Contract Tower,0,0,3,0,3,0,0,156,8,164,0,0,159,8,167,150,40,190,357
05/12/2009,RYN,AZ,AWP,WE,Federal Contract Tower,0,0,2,0,2,0,0,136,4,140,0,0,138,4,142,173,20,193,335
05/13/2009,RYN,AZ,AWP,WE,Federal Contract Tower,0,0,0,0,0,0,0,87,0,87,0,0,87,0,87,150,0,150,237
05/14/2009,RYN,AZ,AWP,WE,Federal Contract Tower,0,0,2,0,2,0,0,126,14,140,0,0,128,14,142,196,0,196,338
05/15/2009,RYN,AZ,AWP,WE,Federal Contract Tower,0,0,1,0,1,0,0,68,2,70,0,0,69,2,71,84,0,84,155
05/16/2009,RYN,AZ,AWP,WE,Federal Contract Tower,0,0,0,0,0,0,0,138,2,140,0,0,138,2,140,176,2,178,318
05/17/2009,RYN,AZ,AWP,WE,Federal Contract Tower,0,0,1,0,1,0,0,70,0,70,0,0,71,0,71,74,0,74,145
05/18/2009,RYN,AZ,AWP,WE,Federal Contract Tower,0,0,1,0,1,0,0,88,6,94,0,0,89,6,95,132,30,162,257
05/19/2009,RYN,AZ,AWP,WE,Federal Contract Tower,0,0,0,0,0,0,0,96,8,104,0,0,96,8,104,163,20,183,287
05/20/2009,RYN,AZ,AWP,WE,Federal Contract Tower,0,0,5,0,5,0,0,171,2,173,0,0,176,2,178,221,2,223,401
05/21/2009,RYN,AZ,AWP,WE,Federal Contract Tower,0,0,9,0,9,0,0,80,4,84,0,0,89,4,93,96,0,96,189
05/22/2009,RYN,AZ,AWP,WE,Federal Contract Tower,0,0,2,0,2,0,0,66,2,68,0,0,68,2,70,118,0,118,188
05/23/2009,RYN,AZ,AWP,WE,Federal Contract Tower,0,0,4,0,4,0,0,128,0,128,0,0,132,0,132,178,0,178,310
05/24/2009,RYN,AZ,AWP,WE,Federal Contract Tower,0,0,0,0,0,0,0,145,0,145,0,0,145,0,145,202,0,202,347
05/25/2009,RYN,AZ,AWP,WE,Federal Contract Tower,0,0,1,0,1,0,0,99,0,99,0,0,100,0,100,144,0,144,244
05/26/2009,RYN,AZ,AWP,WE,Federal Contract Tower,0,0,2,0,2,0,0,103,0,103,0,0,105,0,105,206,0,206,311
05/27/2009,RYN,AZ,AWP,WE,Federal Contract Tower,0,0,0,0,0,0,0,85,0,85,0,0,85,0,85,102,14,116,201
05/28/2009,RYN,AZ,AWP,WE,Federal Contract Tower,0,0,8,0,8,0,0,126,4,130,0,0,134,4,138,232,16,248,386
05/29/2009,RYN,AZ,AWP,WE,Federal Contract Tower,0,0,0,0,0,0,0,80,0,80,0,0,80,0,80,152,0,152,232
05/30/2009,RYN,AZ,AWP,WE,Federal Contract Tower,0,0,1,0,1,0,0,98,0,98,0,0,99,0,99,174,0,174,273
05/31/2009,RYN,AZ,AWP,WE,Federal Contract Tower,0,0,0,0,0,0,0,126,0,126,0,0,126,0,126,140,0,140,266
06/01/2009,RYN,AZ,AWP,WE,Federal Contract Tower,0,0,4,0,4,0,0,118,14,132,0,0,122,14,136,217,0,217,353
06/02/2009,RYN,AZ,AWP,WE,Federal Contract Tower,0,0,1,0,1,0,0,144,40,184,0,0,145,40,185,235,2,237,422
06/03/2009,RYN,AZ,AWP,WE,Federal Contract Tower,0,0,4,0,4,0,0,122,0,122,0,0,126,0,126,254,0,254,380
06/04/2009,RYN,AZ,AWP,WE,Federal Contract Tower,0,0,3,0,3,0,0,135,8,143,0,0,138,8,146,172,0,172,318
06/05/2009,RYN,AZ,AWP,WE,Federal Contract Tower,0,0,5,0,5,0,0,151,0,151,0,0,156,0,156,220,0,220,376
06/06/2009,RYN,AZ,AWP,WE,Federal Contract Tower,0,0,2,0,2,0,0,122,0,122,0,0,124,0,124,128,0,128,252
06/07/2009,RYN,AZ,AWP,WE,Federal Contract Tower,0,0,2,0,2,0,0,134,0,134,0,0,136,0,136,240,0,240,376
06/08/2009,RYN,AZ,AWP,WE,Federal Contract Tower,0,0,2,0,2,0,0,108,14,122,0,0,110,14,124,205,66,271,395
06/09/2009,RYN,AZ,AWP,WE,Federal Contract Tower,0,0,0,0,0,0,0,127,12,139,0,0,127,12,139,259,10,269,408
06/10/2009,RYN,AZ,AWP,WE,Federal Contract Tower,0,0,2,0,2,0,0,108,4,112,0,0,110,4,114,242,2,244,358
06/11/2009,RYN,AZ,AWP,WE,Federal Contract Tower,0,0,2,0,2,0,0,131,6,137,0,0,133,6,139,196,32,228,367
06/12/2009,RYN,AZ,AWP,WE,Federal Contract Tower,0,0,3,0,3,0,0,155,0,155,0,0,158,0,158,220,0,220,378
06/13/2009,RYN,AZ,AWP,WE,Federal Contract Tower,0,0,0,0,0,0,0,127,0,127,0,0,127,0,127,217,0,217,344
06/14/2009,RYN,AZ,AWP,WE,Federal Contract Tower,0,0,1,0,1,0,0,99,0,99,0,0,100,0,100,166,0,166,266
06/15/2009,RYN,AZ,AWP,WE,Federal Contract Tower,0,0,1,0,1,0,0,160,6,166,0,0,161,6,167,148,0,148,315
06/16/2009,RYN,AZ,AWP,WE,Federal Contract Tower,0,0,1,0,1,0,0,130,0,130,0,0,131,0,131,267,0,267,398
06/17/2009,RYN,AZ,AWP,WE,Federal Contract Tower,0,0,3,0,3,0,0,113,4,117,0,0,116,4,120,216,0,216,336
06/18/2009,RYN,AZ,AWP,WE,Federal Contract Tower,0,0,3,0,3,0,0,140,6,146,0,0,143,6,149,258,4,262,411
06/19/2009,RYN,AZ,AWP,WE,Federal Contract Tower,0,0,3,0,3,0,0,98,2,100,0,0,101,2,103,198,4,202,305
06/20/2009,RYN,AZ,AWP,WE,Federal Contract Tower,0,0,1,0,1,0,0,127,0,127,0,0,128,0,128,280,0,280,408
06/21/2009,RYN,AZ,AWP,WE,Federal Contract Tower,0,0,1,0,1,0,0,66,0,66,0,0,67,0,67,150,0,150,217
06/22/2009,RYN,AZ,AWP,WE,Federal Contract Tower,0,0,0,0,0,0,0,119,12,131,0,0,119,12,131,206,96,302,433
06/23/2009,RYN,AZ,AWP,WE,Federal Contract Tower,0,0,0,0,0,0,0,127,16,143,0,0,127,16,143,276,46,322,465
06/24/2009,RYN,AZ,AWP,WE,Federal Contract Tower,0,0,1,0,1,0,0,156,2,158,0,0,157,2,159,285,0,285,444
06/25/2009,RYN,AZ,AWP,WE,Federal Contract Tower,0,0,1,0,1,0,0,172,2,174,0,0,173,2,175,254,0,254,429
06/26/2009,RYN,AZ,AWP,WE,Federal Contract Tower,0,0,0,0,0,0,0,115,4,119,0,0,115,4,119,276,10,286,405
06/27/2009,RYN,AZ,AWP,WE,Federal Contract Tower,0,0,1,0,1,0,0,122,2,124,0,0,123,2,125,172,0,172,297
06/28/2009,RYN,AZ,AWP,WE,Federal Contract Tower,0,0,0,0,0,0,0,106,6,112,0,0,106,6,112,202,4,206,318
06/29/2009,RYN,AZ,AWP,WE,Federal Contract Tower,0,0,1,0,1,0,0,109,10,119,0,0,110,10,120,226,16,242,362
06/30/2009,RYN,AZ,AWP,WE,Federal Contract Tower,0,0,0,0,0,0,0,123,10,133,0,0,123,10,133,287,12,299,432
07/01/2009,RYN,AZ,AWP,WE,Federal Contract Tower,0,0,0,0,0,0,0,141,0,141,0,0,141,0,141,276,0,276,417
07/02/2009,RYN,AZ,AWP,WE,Federal Contract Tower,0,0,6,0,6,0,0,152,0,152,0,0,158,0,158,222,0,222,380
07/03/2009,RYN,AZ,AWP,WE,Federal Contract Tower,0,0,0,0,0,0,0,116,0,116,0,0,116,0,116,212,0,212,328
07/04/2009,RYN,AZ,AWP,WE,Federal Contract Tower,0,0,1,0,1,0,0,106,0,106,0,0,107,0,107,99,0,99,206
07/05/2009,RYN,AZ,AWP,WE,Federal Contract Tower,0,0,2,0,2,0,0,70,0,70,0,0,72,0,72,131,0,131,203
07/06/2009,RYN,AZ,AWP,WE,Federal Contract Tower,0,0,0,0,0,0,0,128,0,128,0,0,128,0,128,182,0,182,310
07/07/2009,RYN,AZ,AWP,WE,Federal Contract Tower,0,0,1,0,1,0,0,124,6,130,0,0,125,6,131,228,8,236,367
07/08/2009,RYN,AZ,AWP,WE,Federal Contract Tower,0,0,0,0,0,0,0,120,8,128,0,0,120,8,128,206,0,206,334
07/09/2009,RYN,AZ,AWP,WE,Federal Contract Tower,0,0,1,0,1,0,0,196,6,202,0,0,197,6,203,250,0,250,453
07/10/2009,RYN,AZ,AWP,WE,Federal Contract Tower,0,0,0,0,0,0,0,117,6,123,0,0,117,6,123,196,10,206,329
07/11/2009,RYN,AZ,AWP,WE,Federal Contract Tower,0,0,2,0,2,0,0,94,0,94,0,0,96,0,96,198,0,198,294
07/12/2009,RYN,AZ,AWP,WE,Federal Contract Tower,0,0,0,0,0,0,0,87,0,87,0,0,87,0,87,176,0,176,263
07/13/2009,RYN,AZ,AWP,WE,Federal Contract Tower,0,0,0,0,0,0,0,66,0,66,0,0,66,0,66,138,0,138,204
07/14/2009,RYN,AZ,AWP,WE,Federal Contract Tower,0,0,1,0,1,0,0,108,2,110,0,0,109,2,111,297,0,297,408
07/15/2009,RYN,AZ,AWP,WE,Federal Contract Tower,0,0,2,0,2,0,0,138,4,142,0,0,140,4,144,298,18,316,460
07/16/2009,RYN,AZ,AWP,WE,Federal Contract Tower,0,0,0,0,0,0,0,117,4,121,0,0,117,4,121,278,4,282,403
07/17/2009,RYN,AZ,AWP,WE,Federal Contract Tower,0,0,1,0,1,0,0,127,2,129,0,0,128,2,130,222,0,222,352
07/18/2009,RYN,AZ,AWP,WE,Federal Contract Tower,0,0,0,0,0,0,0,148,0,148,0,0,148,0,148,160,0,160,308
07/19/2009,RYN,AZ,AWP,WE,Federal Contract Tower,0,0,2,0,2,0,0,76,2,78,0,0,78,2,80,198,0,198,278
07/20/2009,RYN,AZ,AWP,WE,Federal Contract Tower,0,0,99,0,99,0,0,0,0,0,0,0,99,0,99,150,0,150,249
07/21/2009,RYN,AZ,AWP,WE,Federal Contract Tower,0,0,0,0,0,0,0,92,0,92,0,0,92,0,92,128,0,128,220
07/22/2009,RYN,AZ,AWP,WE,Federal Contract Tower,0,0,0,0,0,0,0,122,11,133,0,0,122,11,133,234,66,300,433
07/23/2009,RYN,AZ,AWP,WE,Federal Contract Tower,0,0,2,0,2,0,0,117,0,117,0,0,119,0,119,182,10,192,311
07/24/2009,RYN,AZ,AWP,WE,Federal Contract Tower,0,0,1,0,1,0,0,154,0,154,0,0,155,0,155,270,0,270,425
07/25/2009,RYN,AZ,AWP,WE,Federal Contract Tower,0,0,0,0,0,0,0,174,0,174,0,0,174,0,174,192,0,192,366
07/26/2009,RYN,AZ,AWP,WE,Federal Contract Tower,0,0,0,0,0,0,0,114,0,114,0,0,114,0,114,116,0,116,230
07/27/2009,RYN,AZ,AWP,WE,Federal Contract Tower,0,0,1,0,1,0,0,180,0,180,0,0,181,0,181,230,0,230,411
07/28/2009,RYN,AZ,AWP,WE,Federal Contract Tower,0,0,2,0,2,0,0,120,4,124,0,0,122,4,126,238,6,244,370
07/29/2009,RYN,AZ,AWP,WE,Federal Contract Tower,0,0,0,0,0,0,0,132,0,132,0,0,132,0,132,230,0,230,362
07/30/2009,RYN,AZ,AWP,WE,Federal Contract Tower,0,0,0,0,0,0,0,122,0,122,0,0,122,0,122,297,0,297,419
07/31/2009,RYN,AZ,AWP,WE,Federal Contract Tower,0,0,2,0,2,0,0,114,4,118,0,0,116,4,120,278,28,306,426
08/01/2009,RYN,AZ,AWP,WE,Federal Contract Tower,0,0,0,0,0,0,0,81,0,81,0,0,81,0,81,130,0,130,211
08/02/2009,RYN,AZ,AWP,WE,Federal Contract Tower,0,0,0,0,0,0,0,127,0,127,0,0,127,0,127,182,0,182,309
08/03/2009,RYN,AZ,AWP,WE,Federal Contract Tower,0,1,2,0,3,0,0,120,4,124,0,1,122,4,127,168,40,208,335
08/04/2009,RYN,AZ,AWP,WE,Federal Contract Tower,0,0,1,0,1,0,0,190,20,210,0,0,191,20,211,240,0,240,451
08/05/2009,RYN,AZ,AWP,WE,Federal Contract Tower,0,0,9,0,9,0,0,151,2,153,0,0,160,2,162,274,16,290,452
08/06/2009,RYN,AZ,AWP,WE,Federal Contract Tower,0,0,0,0,0,0,0,150,2,152,0,0,150,2,152,281,0,281,433
08/07/2009,RYN,AZ,AWP,WE,Federal Contract Tower,0,0,0,0,0,0,0,115,0,115,0,0,115,0,115,214,0,214,329
08/08/2009,RYN,AZ,AWP,WE,Federal Contract Tower,0,0,0,0,0,0,0,125,0,125,0,0,125,0,125,214,0,214,339
08/09/2009,RYN,AZ,AWP,WE,Federal Contract Tower,0,0,1,0,1,0,0,102,4,106,0,0,103,4,107,170,0,170,277
08/10/2009,RYN,AZ,AWP,WE,Federal Contract Tower,0,0,2,0,2,0,0,175,12,187,0,0,177,12,189,166,52,218,407
08/11/2009,RYN,AZ,AWP,WE,Federal Contract Tower,0,0,0,0,0,0,0,122,2,124,0,0,122,2,124,250,10,260,384
08/12/2009,RYN,AZ,AWP,WE,Federal Contract Tower,0,0,2,0,2,0,0,252,18,270,0,0,254,18,272,184,6,190,462
08/13/2009,RYN,AZ,AWP,WE,Federal Contract Tower,0,0,0,0,0,0,0,154,0,154,0,0,154,0,154,223,0,223,377
08/14/2009,RYN,AZ,AWP,WE,Federal Contract Tower,0,0,0,0,0,0,0,125,0,125,0,0,125,0,125,260,0,260,385
08/15/2009,RYN,AZ,AWP,WE,Federal Contract Tower,0,0,1,0,1,0,9,197,0,206,0,9,198,0,207,240,0,240,447
08/16/2009,RYN,AZ,AWP,WE,Federal Contract Tower,0,0,1,0,1,0,0,142,1,143,0,0,143,1,144,114,6,120,264
08/17/2009,RYN,AZ,AWP,WE,Federal Contract Tower,0,0,3,0,3,0,0,177,8,185,0,0,180,8,188,152,12,164,352
08/18/2009,RYN,AZ,AWP,WE,Federal Contract Tower,0,0,2,0,2,0,0,99,2,101,0,0,101,2,103,220,0,220,323
08/19/2009,RYN,AZ,AWP,WE,Federal Contract Tower,0,0,3,0,3,0,0,138,4,142,0,0,141,4,145,268,10,278,423
08/20/2009,RYN,AZ,AWP,WE,Federal Contract Tower,0,0,0,0,0,0,0,220,0,220,0,0,220,0,220,258,0,258,478
08/21/2009,RYN,AZ,AWP,WE,Federal Contract Tower,0,0,1,0,1,0,0,161,0,161,0,0,162,0,162,228,0,228,390
08/22/2009,RYN,AZ,AWP,WE,Federal Contract Tower,0,0,1,0,1,0,0,98,0,98,0,0,99,0,99,150,0,150,249
08/23/2009,RYN,AZ,AWP,WE,Federal Contract Tower,0,0,2,0,2,0,0,131,0,131,0,0,133,0,133,158,0,158,291
08/24/2009,RYN,AZ,AWP,WE,Federal Contract Tower,0,0,0,0,0,0,0,114,16,130,0,0,114,16,130,247,66,313,443
08/25/2009,RYN,AZ,AWP,WE,Federal Contract Tower,0,0,4,0,4,0,0,96,2,98,0,0,100,2,102,238,2,240,342
08/26/2009,RYN,AZ,AWP,WE,Federal Contract Tower,0,0,1,0,1,0,0,126,2,128,0,0,127,2,129,236,16,252,381
08/27/2009,RYN,AZ,AWP,WE,Federal Contract Tower,0,0,0,0,0,0,0,103,0,103,0,0,103,0,103,213,66,279,382
08/28/2009,RYN,AZ,AWP,WE,Federal Contract Tower,0,0,0,0,0,0,0,101,0,101,0,0,101,0,101,212,0,212,313
08/29/2009,RYN,AZ,AWP,WE,Federal Contract Tower,0,0,0,0,0,0,0,153,0,153,0,0,153,0,153,252,0,252,405
08/30/2009,RYN,AZ,AWP,WE,Federal Contract Tower,0,0,0,0,0,0,0,112,0,112,0,0,112,0,112,168,0,168,280
08/31/2009,RYN,AZ,AWP,WE,Federal Contract Tower,0,0,2,0,2,0,0,116,14,130,0,0,118,14,132,142,26,168,300
09/01/2009,RYN,AZ,AWP,WE,Federal Contract Tower,0,0,2,0,2,0,0,176,10,186,0,0,178,10,188,172,0,172,360
09/02/2009,RYN,AZ,AWP,WE,Federal Contract Tower,0,0,4,0,4,0,0,77,12,89,0,0,81,12,93,203,44,247,340
09/03/2009,RYN,AZ,AWP,WE,Federal Contract Tower,0,0,2,0,2,0,0,91,0,91,0,0,93,0,93,272,0,272,365
09/04/2009,RYN,AZ,AWP,WE,Federal Contract Tower,0,0,3,0,3,0,0,119,2,121,0,0,122,2,124,238,0,238,362
09/05/2009,RYN,AZ,AWP,WE,Federal Contract Tower,0,0,0,0,0,0,0,120,2,122,0,0,120,2,122,202,0,202,324
09/06/2009,RYN,AZ,AWP,WE,Federal Contract Tower,0,0,0,0,0,0,0,96,0,96,0,0,96,0,96,178,0,178,274
09/07/2009,RYN,AZ,AWP,WE,Federal Contract Tower,0,0,0,0,0,0,0,130,12,142,0,0,130,12,142,198,32,230,372
09/08/2009,RYN,AZ,AWP,WE,Federal Contract Tower,0,0,3,0,3,0,0,133,14,147,0,0,136,14,150,218,22,240,390
09/09/2009,RYN,AZ,AWP,WE,Federal Contract Tower,0,0,4,0,4,0,0,129,0,129,0,0,133,0,133,226,0,226,359
09/10/2009,RYN,AZ,AWP,WE,Federal Contract Tower,0,0,0,0,0,0,0,183,0,183,0,0,183,0,183,239,0,239,422
09/11/2009,RYN,AZ,AWP,WE,Federal Contract Tower,0,0,3,0,3,0,0,132,2,134,0,0,135,2,137,210,22,232,369
09/12/2009,RYN,AZ,AWP,WE,Federal Contract Tower,0,0,1,0,1,0,0,142,0,142,0,0,143,0,143,230,0,230,373
09/13/2009,RYN,AZ,AWP,WE,Federal Contract Tower,0,0,0,0,0,0,0,104,0,104,0,0,104,0,104,164,0,164,268
09/14/2009,RYN,AZ,AWP,WE,Federal Contract Tower,0,0,3,0,3,0,0,160,20,180,0,0,163,20,183,188,0,188,371
09/15/2009,RYN,AZ,AWP,WE,Federal Contract Tower,0,0,3,0,3,0,0,122,16,138,0,0,125,16,141,198,0,198,339
09/16/2009,RYN,AZ,AWP,WE,Federal Contract Tower,0,0,1,0,1,0,0,165,16,181,0,0,166,16,182,241,6,247,429
09/17/2009,RYN,AZ,AWP,WE,Federal Contract Tower,0,0,0,0,0,0,0,192,6,198,0,0,192,6,198,197,0,197,395
09/18/2009,RYN,AZ,AWP,WE,Federal Contract Tower,0,0,0,0,0,0,0,121,4,125,0,0,121,4,125,216,0,216,341
09/19/2009,RYN,AZ,AWP,WE,Federal Contract Tower,0,0,4,0,4,0,0,146,2,148,0,0,150,2,152,156,2,158,310
09/20/2009,RYN,AZ,AWP,WE,Federal Contract Tower,0,0,0,0,0,0,0,118,0,118,0,0,118,0,118,222,0,222,340
09/21/2009,RYN,AZ,AWP,WE,Federal Contract Tower,0,0,2,0,2,0,0,182,12,194,0,0,184,12,196,200,0,200,396
09/22/2009,RYN,AZ,AWP,WE,Federal Contract Tower,0,0,2,0,2,0,0,110,4,114,0,0,112,4,116,266,0,266,382
09/23/2009,RYN,AZ,AWP,WE,Federal Contract Tower,0,0,5,0,5,0,0,145,4,149,0,0,150,4,154,232,0,232,386
09/24/2009,RYN,AZ,AWP,WE,Federal Contract Tower,0,0,2,0,2,0,0,129,0,129,0,0,131,0,131,216,0,216,347
09/25/2009,RYN,AZ,AWP,WE,Federal Contract Tower,0,0,1,0,1,0,0,135,4,139,0,0,136,4,140,236,0,236,376
09/26/2009,RYN,AZ,AWP,WE,Federal Contract Tower,0,0,1,0,1,0,0,272,0,272,0,0,273,0,273,200,0,200,473
09/27/2009,RYN,AZ,AWP,WE,Federal Contract Tower,0,0,2,0,2,0,0,94,0,94,0,0,96,0,96,218,0,218,314
09/28/2009,RYN,AZ,AWP,WE,Federal Contract Tower,0,0,4,0,4,0,0,121,2,123,0,0,125,2,127,176,28,204,331
09/29/2009,RYN,AZ,AWP,WE,Federal Contract Tower,0,0,3,0,3,0,0,102,6,108,0,0,105,6,111,214,6,220,331
09/30/2009,RYN,AZ,AWP,WE,Federal Contract Tower,0,0,2,0,2,0,0,56,2,58,0,0,58,2,60,94,8,102,162
10/01/2009,RYN,AZ,AWP,WE,Federal Contract Tower,0,0,0,0,0,0,0,99,4,103,0,0,99,4,103,208,20,228,331
10/02/2009,RYN,AZ,AWP,WE,Federal Contract Tower,0,0,1,0,1,0,0,76,0,76,0,0,77,0,77,244,0,244,321
10/03/2009,RYN,AZ,AWP,WE,Federal Contract Tower,0,0,0,0,0,0,0,86,6,92,0,0,86,6,92,248,16,264,356
10/04/2009,RYN,AZ,AWP,WE,Federal Contract Tower,0,0,2,0,2,0,0,108,2,110,0,0,110,2,112,208,0,208,320
10/05/2009,RYN,AZ,AWP,WE,Federal Contract Tower,0,0,3,0,3,0,0,103,5,108,0,0,106,5,111,193,12,205,316
10/06/2009,RYN,AZ,AWP,WE,Federal Contract Tower,0,0,0,0,0,0,0,107,6,113,0,0,107,6,113,246,0,246,359
10/07/2009,RYN,AZ,AWP,WE,Federal Contract Tower,0,0,0,0,0,0,0,105,6,111,0,0,105,6,111,242,0,242,353
10/08/2009,RYN,AZ,AWP,WE,Federal Contract Tower,0,0,1,2,3,0,0,170,0,170,0,0,171,2,173,297,0,297,470
10/09/2009,RYN,AZ,AWP,WE,Federal Contract Tower,0,0,0,0,0,0,0,86,0,86,0,0,86,0,86,156,0,156,242
10/10/2009,RYN,AZ,AWP,WE,Federal Contract Tower,0,0,1,0,1,0,0,163,2,165,0,0,164,2,166,274,0,274,440
10/11/2009,RYN,AZ,AWP,WE,Federal Contract Tower,0,0,4,0,4,0,0,87,0,87,0,0,91,0,91,170,0,170,261
10/12/2009,RYN,AZ,AWP,WE,Federal Contract Tower,0,0,1,0,1,0,0,156,0,156,0,0,157,0,157,146,0,146,303
10/13/2009,RYN,AZ,AWP,WE,Federal Contract Tower,0,0,5,0,5,0,0,124,14,138,0,0,129,14,143,122,70,192,335
10/14/2009,RYN,AZ,AWP,WE,Federal Contract Tower,0,0,0,0,0,0,0,111,2,113,0,0,111,2,113,238,0,238,351
10/15/2009,RYN,AZ,AWP,WE,Federal Contract Tower,0,0,0,0,0,0,0,116,0,116,0,0,116,0,116,183,0,183,299
10/16/2009,RYN,AZ,AWP,WE,Federal Contract Tower,0,0,3,0,3,0,0,122,4,126,0,0,125,4,129,218,0,218,347
10/17/2009,RYN,AZ,AWP,WE,Federal Contract Tower,0,0,0,0,0,0,0,130,0,130,0,0,130,0,130,266,0,266,396
10/18/2009,RYN,AZ,AWP,WE,Federal Contract Tower,0,0,0,0,0,0,0,101,2,103,0,0,101,2,103,142,0,142,245
10/19/2009,RYN,AZ,AWP,WE,Federal Contract Tower,0,0,3,0,3,0,0,93,6,99,0,0,96,6,102,136,38,174,276
10/20/2009,RYN,AZ,AWP,WE,Federal Contract Tower,0,0,1,0,1,0,0,70,11,81,0,0,71,11,82,102,135,237,319
10/21/2009,RYN,AZ,AWP,WE,Federal Contract Tower,0,0,1,0,1,0,0,101,4,105,0,0,102,4,106,243,0,243,349
10/22/2009,RYN,AZ,AWP,WE,Federal Contract Tower,0,0,2,0,2,0,0,131,2,133,0,0,133,2,135,228,0,228,363
10/23/2009,RYN,AZ,AWP,WE,Federal Contract Tower,0,0,0,0,0,0,0,126,0,126,0,0,126,0,126,181,0,181,307
10/24/2009,RYN,AZ,AWP,WE,Federal Contract Tower,0,0,1,0,1,0,0,107,0,107,0,0,108,0,108,200,0,200,308
10/25/2009,RYN,AZ,AWP,WE,Federal Contract Tower,0,0,2,0,2,0,0,90,2,92,0,0,92,2,94,124,0,124,218
10/26/2009,RYN,AZ,AWP,WE,Federal Contract Tower,0,0,1,0,1,0,0,88,6,94,0,0,89,6,95,106,8,114,209
10/27/2009,RYN,AZ,AWP,WE,Federal Contract Tower,0,0,0,0,0,0,4,132,2,138,0,4,132,2,138,236,0,236,374
10/28/2009,RYN,AZ,AWP,WE,Federal Contract Tower,0,0,0,0,0,0,0,118,12,130,0,0,118,12,130,250,12,262,392
10/29/2009,RYN,AZ,AWP,WE,Federal Contract Tower,0,0,2,0,2,0,0,114,2,116,0,0,116,2,118,293,0,293,411
10/30/2009,RYN,AZ,AWP,WE,Federal Contract Tower,0,0,6,0,6,0,0,132,6,138,0,0,138,6,144,280,2,282,426
10/31/2009,RYN,AZ,AWP,WE,Federal Contract Tower,0,0,2,0,2,0,0,146,0,146,0,0,148,0,148,246,0,246,394
11/01/2009,RYN,AZ,AWP,WE,Federal Contract Tower,0,0,0,0,0,0,0,147,0,147,0,0,147,0,147,200,0,200,347
11/02/2009,RYN,AZ,AWP,WE,Federal Contract Tower,0,0,1,0,1,0,0,144,2,146,0,0,145,2,147,196,8,204,351
11/03/2009,RYN,AZ,AWP,WE,Federal Contract Tower,0,0,0,0,0,0,0,155,6,161,0,0,155,6,161,246,8,254,415
11/04/2009,RYN,AZ,AWP,WE,Federal Contract Tower,0,0,1,0,1,0,0,123,2,125,0,0,124,2,126,258,8,266,392
11/05/2009,RYN,AZ,AWP,WE,Federal Contract Tower,0,0,0,0,0,0,0,129,2,131,0,0,129,2,131,237,0,237,368
11/06/2009,RYN,AZ,AWP,WE,Federal Contract Tower,0,0,1,0,1,0,0,112,4,116,0,0,113,4,117,244,0,244,361
11/07/2009,RYN,AZ,AWP,WE,Federal Contract Tower,0,0,5,0,5,0,0,152,2,154,0,0,157,2,159,256,0,256,415
11/08/2009,RYN,AZ,AWP,WE,Federal Contract Tower,0,0,2,0,2,0,0,157,2,159,0,0,159,2,161,220,0,220,381
11/09/2009,RYN,AZ,AWP,WE,Federal Contract Tower,0,0,0,0,0,0,0,106,0,106,0,0,106,0,106,168,0,168,274
11/10/2009,RYN,AZ,AWP,WE,Federal Contract Tower,0,0,0,0,0,0,0,133,8,141,0,0,133,8,141,266,8,274,415
11/11/2009,RYN,AZ,AWP,WE,Federal Contract Tower,0,0,0,0,0,0,0,126,0,126,0,0,126,0,126,261,0,261,387
11/12/2009,RYN,AZ,AWP,WE,Federal Contract Tower,0,0,1,0,1,0,0,70,0,70,0,0,71,0,71,176,0,176,247
11/13/2009,RYN,AZ,AWP,WE,Federal Contract Tower,0,0,0,0,0,0,0,78,0,78,0,0,78,0,78,48,0,48,126
11/14/2009,RYN,AZ,AWP,WE,Federal Contract Tower,0,0,0,0,0,0,0,117,0,117,0,0,117,0,117,184,0,184,301
11/15/2009,RYN,AZ,AWP,WE,Federal Contract Tower,0,0,3,0,3,0,0,110,0,110,0,0,113,0,113,194,0,194,307
11/16/2009,RYN,AZ,AWP,WE,Federal Contract Tower,0,0,2,0,2,0,0,116,2,118,0,0,118,2,120,146,2,148,268
11/17/2009,RYN,AZ,AWP,WE,Federal Contract Tower,0,0,0,0,0,0,0,163,7,170,0,0,163,7,170,286,24,310,480
11/18/2009,RYN,AZ,AWP,WE,Federal Contract Tower,0,0,0,0,0,0,0,138,2,140,0,0,138,2,140,250,10,260,400
11/19/2009,RYN,AZ,AWP,WE,Federal Contract Tower,0,0,0,0,0,0,0,153,4,157,0,0,153,4,157,255,0,255,412
11/20/2009,RYN,AZ,AWP,WE,Federal Contract Tower,0,0,2,0,2,0,0,138,0,138,0,0,140,0,140,194,0,194,334
11/21/2009,RYN,AZ,AWP,WE,Federal Contract Tower,0,0,4,0,4,0,0,172,0,172,0,0,176,0,176,252,0,252,428
11/22/2009,RYN,AZ,AWP,WE,Federal Contract Tower,0,0,1,0,1,0,0,115,2,117,0,0,116,2,118,232,8,240,358
11/23/2009,RYN,AZ,AWP,WE,Federal Contract Tower,0,0,1,0,1,0,0,89,10,99,0,0,90,10,100,180,46,226,326
11/24/2009,RYN,AZ,AWP,WE,Federal Contract Tower,0,0,0,0,0,0,0,129,19,148,0,0,129,19,148,190,66,256,404
11/25/2009,RYN,AZ,AWP,WE,Federal Contract Tower,0,0,5,0,5,0,0,119,4,123,0,0,124,4,128,231,0,231,359
11/26/2009,RYN,AZ,AWP,WE,Federal Contract Tower,0,0,0,0,0,0,0,57,0,57,0,0,57,0,57,9,0,9,66
11/27/2009,RYN,AZ,AWP,WE,Federal Contract Tower,0,0,1,0,1,0,0,165,6,171,0,0,166,6,172,247,0,247,419
11/28/2009,RYN,AZ,AWP,WE,Federal Contract Tower,0,0,0,0,0,0,0,120,0,120,0,0,120,0,120,233,0,233,353
11/29/2009,RYN,AZ,AWP,WE,Federal Contract Tower,0,0,0,0,0,0,0,120,0,120,0,0,120,0,120,246,0,246,366
11/30/2009,RYN,AZ,AWP,WE,Federal Contract Tower,0,0,3,0,3,0,0,128,8,136,0,0,131,8,139,245,40,285,424
12/01/2009,RYN,AZ,AWP,WE,Federal Contract Tower,0,0,3,0,3,0,0,109,6,115,0,0,112,6,118,188,0,188,306
12/02/2009,RYN,AZ,AWP,WE,Federal Contract Tower,0,0,5,0,5,0,0,170,0,170,0,0,175,0,175,252,0,252,427
12/03/2009,RYN,AZ,AWP,WE,Federal Contract Tower,0,0,4,0,4,0,0,156,6,162,0,0,160,6,166,305,8,313,479
12/04/2009,RYN,AZ,AWP,WE,Federal Contract Tower,0,0,0,0,0,0,0,139,4,143,0,0,139,4,143,228,0,228,371
12/05/2009,RYN,AZ,AWP,WE,Federal Contract Tower,0,0,0,0,0,0,0,123,0,123,0,0,123,0,123,176,0,176,299
12/06/2009,RYN,AZ,AWP,WE,Federal Contract Tower,0,0,1,0,1,0,0,144,0,144,0,0,145,0,145,124,0,124,269
12/07/2009,RYN,AZ,AWP,WE,Federal Contract Tower,0,0,0,0,0,0,0,33,0,33,0,0,33,0,33,10,0,10,43
12/08/2009,RYN,AZ,AWP,WE,Federal Contract Tower,0,0,5,0,5,0,0,78,4,82,0,0,83,4,87,106,28,134,221
12/09/2009,RYN,AZ,AWP,WE,Federal Contract Tower,0,0,5,0,5,0,0,152,4,156,0,0,157,4,161,302,0,302,463
12/10/2009,RYN,AZ,AWP,WE,Federal Contract Tower,0,0,2,0,2,0,0,127,2,129,0,0,129,2,131,254,2,256,387
12/11/2009,RYN,AZ,AWP,WE,Federal Contract Tower,0,0,2,0,2,0,0,149,0,149,0,0,151,0,151,262,0,262,413
12/12/2009,RYN,AZ,AWP,WE,Federal Contract Tower,0,0,3,0,3,0,0,204,0,204,0,0,207,0,207,311,0,311,518
12/13/2009,RYN,AZ,AWP,WE,Federal Contract Tower,0,0,0,0,0,0,0,120,2,122,0,0,120,2,122,238,0,238,360
12/14/2009,RYN,AZ,AWP,WE,Federal Contract Tower,0,0,2,0,2,0,0,64,4,68,0,0,66,4,70,34,10,44,114
12/15/2009,RYN,AZ,AWP,WE,Federal Contract Tower,0,0,0,0,0,0,0,128,4,132,0,0,128,4,132,162,22,184,316
12/16/2009,RYN,AZ,AWP,WE,Federal Contract Tower,0,0,2,0,2,0,0,190,0,190,0,0,192,0,192,252,0,252,444
12/17/2009,RYN,AZ,AWP,WE,Federal Contract Tower,0,0,2,0,2,0,0,167,6,173,0,0,169,6,175,249,6,255,430
12/18/2009,RYN,AZ,AWP,WE,Federal Contract Tower,0,0,1,0,1,0,0,167,6,173,0,0,168,6,174,182,0,182,356
12/19/2009,RYN,AZ,AWP,WE,Federal Contract Tower,0,0,0,0,0,0,0,142,0,142,0,0,142,0,142,250,0,250,392
12/20/2009,RYN,AZ,AWP,WE,Federal Contract Tower,0,0,0,0,0,0,0,157,0,157,0,0,157,0,157,202,0,202,359
12/21/2009,RYN,AZ,AWP,WE,Federal Contract Tower,0,0,0,0,0,0,0,155,4,159,0,0,155,4,159,226,16,242,401
12/22/2009,RYN,AZ,AWP,WE,Federal Contract Tower,0,0,1,0,1,0,0,75,4,79,0,0,76,4,80,56,10,66,146
12/23/2009,RYN,AZ,AWP,WE,Federal Contract Tower,0,0,1,0,1,0,0,142,0,142,0,0,143,0,143,107,0,107,250
12/24/2009,RYN,AZ,AWP,WE,Federal Contract Tower,0,0,4,0,4,0,0,166,0,166,0,0,170,0,170,195,0,195,365
12/25/2009,RYN,AZ,AWP,WE,Federal Contract Tower,0,0,0,0,0,0,0,29,0,29,0,0,29,0,29,42,0,42,71
12/26/2009,RYN,AZ,AWP,WE,Federal Contract Tower,0,0,1,0,1,0,0,122,0,122,0,0,123,0,123,230,0,230,353
12/27/2009,RYN,AZ,AWP,WE,Federal Contract Tower,0,0,3,0,3,0,0,112,0,112,0,0,115,0,115,192,0,192,307
12/28/2009,RYN,AZ,AWP,WE,Federal Contract Tower,0,0,2,0,2,0,0,86,4,90,0,0,88,4,92,138,0,138,230
12/29/2009,RYN,AZ,AWP,WE,Federal Contract Tower,0,0,0,0,0,0,0,154,6,160,0,0,154,6,160,243,10,253,413
12/30/2009,RYN,AZ,AWP,WE,Federal Contract Tower,0,0,2,0,2,0,0,177,4,181,0,0,179,4,183,244,0,244,427
12/31/2009,RYN,AZ,AWP,WE,Federal Contract Tower,0,0,5,0,5,0,0,125,2,127,0,0,130,2,132,226,0,226,358
01/01/2010,RYN,AZ,AWP,WE,Federal Contract Tower,0,0,0,0,0,0,0,74,0,74,0,0,74,0,74,32,0,32,106
01/02/2010,RYN,AZ,AWP,WE,Federal Contract Tower,0,0,3,0,3,0,0,211,0,211,0,0,214,0,214,254,0,254,468
01/03/2010,RYN,AZ,AWP,WE,Federal Contract Tower,0,0,2,0,2,0,0,117,0,117,0,0,119,0,119,166,0,166,285
01/04/2010,RYN,AZ,AWP,WE,Federal Contract Tower,0,0,4,0,4,0,0,119,4,123,0,0,123,4,127,180,12,192,319
01/05/2010,RYN,AZ,AWP,WE,Federal Contract Tower,0,0,12,0,12,0,0,165,9,174,0,0,177,9,186,244,12,256,442
01/06/2010,RYN,AZ,AWP,WE,Federal Contract Tower,0,0,0,0,0,0,0,154,0,154,0,0,154,0,154,248,0,248,402
01/07/2010,RYN,AZ,AWP,WE,Federal Contract Tower,0,0,3,0,3,0,0,156,2,158,0,0,159,2,161,196,16,212,373
01/08/2010,RYN,AZ,AWP,WE,Federal Contract Tower,0,0,3,0,3,0,0,152,4,156,0,0,155,4,159,270,0,270,429
01/09/2010,RYN,AZ,AWP,WE,Federal Contract Tower,0,0,1,0,1,0,0,231,0,231,0,0,232,0,232,222,0,222,454
01/10/2010,RYN,AZ,AWP,WE,Federal Contract Tower,0,0,2,0,2,0,0,115,0,115,0,0,117,0,117,206,0,206,323
01/11/2010,RYN,AZ,AWP,WE,Federal Contract Tower,0,0,12,0,12,0,0,98,1,99,0,0,110,1,111,162,38,200,311
01/12/2010,RYN,AZ,AWP,WE,Federal Contract Tower,0,0,6,0,6,0,0,119,0,119,0,0,125,0,125,224,0,224,349
01/13/2010,RYN,AZ,AWP,WE,Federal Contract Tower,0,0,2,0,2,0,0,125,6,131,0,0,127,6,133,242,0,242,375
01/14/2010,RYN,AZ,AWP,WE,Federal Contract Tower,0,0,0,0,0,0,0,182,0,182,0,0,182,0,182,172,0,172,354
01/15/2010,RYN,AZ,AWP,WE,Federal Contract Tower,0,0,7,0,7,0,0,126,2,128,0,0,133,2,135,206,0,206,341
01/16/2010,RYN,AZ,AWP,WE,Federal Contract Tower,0,0,1,0,1,0,0,236,0,236,0,0,237,0,237,290,0,290,527
01/17/2010,RYN,AZ,AWP,WE,Federal Contract Tower,0,0,7,0,7,0,0,131,0,131,0,0,138,0,138,184,0,184,322
01/18/2010,RYN,AZ,AWP,WE,Federal Contract Tower,0,0,2,0,2,0,0,111,0,111,0,0,113,0,113,168,0,168,281
01/19/2010,RYN,AZ,AWP,WE,Federal Contract Tower,0,0,2,0,2,0,0,117,10,127,0,0,119,10,129,174,30,204,333
01/20/2010,RYN,AZ,AWP,WE,Federal Contract Tower,0,0,2,0,2,0,0,148,4,152,0,0,150,4,154,261,6,267,421
01/21/2010,RYN,AZ,AWP,WE,Federal Contract Tower,0,0,0,0,0,0,0,137,0,137,0,0,137,0,137,52,0,52,189
01/22/2010,RYN,AZ,AWP,WE,Federal Contract Tower,0,0,0,0,0,0,0,42,2,44,0,0,42,2,44,74,0,74,118
01/23/2010,RYN,AZ,AWP,WE,Federal Contract Tower,0,0,0,0,0,0,0,122,0,122,0,0,122,0,122,226,0,226,348
01/24/2010,RYN,AZ,AWP,WE,Federal Contract Tower,0,0,0,0,0,0,0,165,2,167,0,0,165,2,167,158,12,170,337
01/25/2010,RYN,AZ,AWP,WE,Federal Contract Tower,0,0,4,0,4,0,0,105,2,107,0,0,109,2,111,263,12,275,386
01/26/2010,RYN,AZ,AWP,WE,Federal Contract Tower,0,0,2,0,2,0,0,132,2,134,0,0,134,2,136,216,6,222,358
01/27/2010,RYN,AZ,AWP,WE,Federal Contract Tower,0,0,4,0,4,0,0,170,0,170,0,0,174,0,174,136,0,136,310
01/28/2010,RYN,AZ,AWP,WE,Federal Contract Tower,0,0,5,0,5,0,0,189,0,189,0,0,194,0,194,126,0,126,320
01/29/2010,RYN,AZ,AWP,WE,Federal Contract Tower,0,0,0,0,0,0,0,155,8,163,0,0,155,8,163,248,26,274,437
01/30/2010,RYN,AZ,AWP,WE,Federal Contract Tower,0,0,0,0,0,0,0,175,0,175,0,0,175,0,175,332,0,332,507
01/31/2010,RYN,AZ,AWP,WE,Federal Contract Tower,0,0,2,0,2,0,0,131,4,135,0,0,133,4,137,174,0,174,311
02/01/2010,RYN,AZ,AWP,WE,Federal Contract Tower,0,0,2,0,2,0,0,131,8,139,0,0,133,8,141,198,68,266,407
02/02/2010,RYN,AZ,AWP,WE,Federal Contract Tower,0,0,3,0,3,0,0,126,11,137,0,0,129,11,140,222,22,244,384
02/03/2010,RYN,AZ,AWP,WE,Federal Contract Tower,0,0,5,0,5,0,0,121,0,121,0,0,126,0,126,84,0,84,210
02/04/2010,RYN,AZ,AWP,WE,Federal Contract Tower,0,0,0,0,0,0,0,144,4,148,0,0,144,4,148,280,8,288,436
02/05/2010,RYN,AZ,AWP,WE,Federal Contract Tower,0,0,4,0,4,0,0,204,0,204,0,0,208,0,208,282,0,282,490
02/06/2010,RYN,AZ,AWP,WE,Federal Contract Tower,0,0,3,0,3,0,0,287,0,287,0,0,290,0,290,380,0,380,670
02/07/2010,RYN,AZ,AWP,WE,Federal Contract Tower,0,0,1,0,1,0,0,40,6,46,0,0,41,6,47,14,18,32,79
02/08/2010,RYN,AZ,AWP,WE,Federal Contract Tower,0,0,2,0,2,0,0,129,10,139,0,0,131,10,141,140,20,160,301
02/09/2010,RYN,AZ,AWP,WE,Federal Contract Tower,0,0,0,0,0,0,0,136,12,148,0,0,136,12,148,206,50,256,404
02/10/2010,RYN,AZ,AWP,WE,Federal Contract Tower,0,0,0,0,0,0,0,106,2,108,0,0,106,2,108,124,8,132,240
02/11/2010,RYN,AZ,AWP,WE,Federal Contract Tower,0,0,2,0,2,0,0,211,5,216,0,0,213,5,218,176,16,192,410
02/12/2010,RYN,AZ,AWP,WE,Federal Contract Tower,0,0,1,0,1,0,0,124,2,126,0,0,125,2,127,156,36,192,319
02/13/2010,RYN,AZ,AWP,WE,Federal Contract Tower,0,0,3,0,3,0,0,227,0,227,0,0,230,0,230,232,0,232,462
02/14/2010,RYN,AZ,AWP,WE,Federal Contract Tower,0,0,1,0,1,0,0,148,0,148,0,0,149,0,149,184,0,184,333
02/15/2010,RYN,AZ,AWP,WE,Federal Contract Tower,0,0,0,0,0,0,0,116,2,118,0,0,116,2,118,198,0,198,316
02/16/2010,RYN,AZ,AWP,WE,Federal Contract Tower,0,0,0,0,0,0,0,119,12,131,0,0,119,12,131,190,8,198,329
02/17/2010,RYN,AZ,AWP,WE,Federal Contract Tower,0,0,0,0,0,0,0,160,0,160,0,0,160,0,160,211,0,211,371
02/18/2010,RYN,AZ,AWP,WE,Federal Contract Tower,0,0,0,0,0,0,0,185,0,185,0,0,185,0,185,188,0,188,373
02/19/2010,RYN,AZ,AWP,WE,Federal Contract Tower,0,0,0,0,0,0,0,147,0,147,0,0,147,0,147,140,0,140,287
02/20/2010,RYN,AZ,AWP,WE,Federal Contract Tower,0,0,4,0,4,0,0,90,0,90,0,0,94,0,94,132,0,132,226
02/21/2010,RYN,AZ,AWP,WE,Federal Contract Tower,0,0,4,0,4,0,0,112,0,112,0,0,116,0,116,160,0,160,276
02/22/2010,RYN,AZ,AWP,WE,Federal Contract Tower,0,0,5,0,5,0,0,107,2,109,0,0,112,2,114,178,14,192,306
02/23/2010,RYN,AZ,AWP,WE,Federal Contract Tower,0,0,0,0,0,0,0,0,0,0,0,0,0,0,0,174,0,174,174
02/24/2010,RYN,AZ,AWP,WE,Federal Contract Tower,0,0,2,0,2,0,0,177,0,177,0,0,179,0,179,210,0,210,389
02/25/2010,RYN,AZ,AWP,WE,Federal Contract Tower,0,0,1,0,1,0,0,162,0,162,0,0,163,0,163,189,0,189,352
02/26/2010,RYN,AZ,AWP,WE,Federal Contract Tower,0,0,0,0,0,0,0,169,0,169,0,0,169,0,169,182,0,182,351
02/27/2010,RYN,AZ,AWP,WE,Federal Contract Tower,0,0,0,0,0,0,0,143,0,143,0,0,143,0,143,240,0,240,383
02/28/2010,RYN,AZ,AWP,WE,Federal Contract Tower,0,0,11,0,11,0,0,43,6,49,0,0,54,6,60,26,0,26,86
03/01/2010,RYN,AZ,AWP,WE,Federal Contract Tower,0,0,2,0,2,0,0,139,6,145,0,0,141,6,147,226,38,264,411
03/02/2010,RYN,AZ,AWP,WE,Federal Contract Tower,0,0,3,0,3,0,0,138,4,142,0,0,141,4,145,218,42,260,405
03/03/2010,RYN,AZ,AWP,WE,Federal Contract Tower,0,0,1,0,1,0,0,215,0,215,0,0,216,0,216,190,0,190,406
03/04/2010,RYN,AZ,AWP,WE,Federal Contract Tower,0,0,2,0,2,0,0,225,0,225,0,0,227,0,227,156,0,156,383
03/05/2010,RYN,AZ,AWP,WE,Federal Contract Tower,0,0,2,0,2,0,0,171,0,171,0,0,173,0,173,180,0,180,353
03/06/2010,RYN,AZ,AWP,WE,Federal Contract Tower,0,0,0,0,0,0,0,155,0,155,0,0,155,0,155,236,0,236,391
03/07/2010,RYN,AZ,AWP,WE,Federal Contract Tower,0,0,0,0,0,0,0,61,0,61,0,0,61,0,61,112,0,112,173
03/08/2010,RYN,AZ,AWP,WE,Federal Contract Tower,0,0,2,0,2,0,16,60,10,86,0,16,62,10,88,16,154,170,258
03/09/2010,RYN,AZ,AWP,WE,Federal Contract Tower,0,0,0,0,0,0,0,126,2,128,0,0,126,2,128,170,20,190,318
03/10/2010,RYN,AZ,AWP,WE,Federal Contract Tower,0,0,5,0,5,0,0,161,0,161,0,0,166,0,166,302,0,302,468
03/11/2010,RYN,AZ,AWP,WE,Federal Contract Tower,0,0,2,0,2,0,0,216,0,216,0,0,218,0,218,188,0,188,406
03/12/2010,RYN,AZ,AWP,WE,Federal Contract Tower,0,0,2,0,2,0,0,175,0,175,0,0,177,0,177,180,0,180,357
03/13/2010,RYN,AZ,AWP,WE,Federal Contract Tower,0,0,0,0,0,0,0,363,0,363,0,0,363,0,363,236,0,236,599
03/14/2010,RYN,AZ,AWP,WE,Federal Contract Tower,0,0,5,0,5,0,0,144,0,144,0,0,149,0,149,210,0,210,359
03/15/2010,RYN,AZ,AWP,WE,Federal Contract Tower,0,0,1,0,1,0,0,150,6,156,0,0,151,6,157,210,20,230,387
03/16/2010,RYN,AZ,AWP,WE,Federal Contract Tower,0,0,4,0,4,0,0,114,10,124,0,0,118,10,128,174,14,188,316
03/17/2010,RYN,AZ,AWP,WE,Federal Contract Tower,0,0,4,0,4,0,0,133,0,133,0,0,137,0,137,68,0,68,205
03/18/2010,RYN,AZ,AWP,WE,Federal Contract Tower,0,0,7,0,7,0,0,216,0,216,0,0,223,0,223,174,0,174,397
03/19/2010,RYN,AZ,AWP,WE,Federal Contract Tower,0,0,1,0,1,0,0,205,0,205,0,0,206,0,206,156,0,156,362
03/20/2010,RYN,AZ,AWP,WE,Federal Contract Tower,0,0,1,0,1,0,0,176,0,176,0,0,177,0,177,204,0,204,381
03/21/2010,RYN,AZ,AWP,WE,Federal Contract Tower,0,0,2,0,2,0,0,245,0,245,0,0,247,0,247,187,0,187,434
03/22/2010,RYN,AZ,AWP,WE,Federal Contract Tower,0,0,0,0,0,0,0,141,0,141,0,0,141,0,141,143,0,143,284
03/23/2010,RYN,AZ,AWP,WE,Federal Contract Tower,0,0,3,0,3,0,0,114,6,120,0,0,117,6,123,202,30,232,355
03/24/2010,RYN,AZ,AWP,WE,Federal Contract Tower,0,0,0,0,0,0,0,170,0,170,0,0,170,0,170,254,0,254,424
03/25/2010,RYN,AZ,AWP,WE,Federal Contract Tower,0,0,2,0,2,0,0,195,4,199,0,0,197,4,201,214,30,244,445
03/26/2010,RYN,AZ,AWP,WE,Federal Contract Tower,0,0,0,0,0,0,0,59,0,59,0,0,59,0,59,106,0,106,165
03/27/2010,RYN,AZ,AWP,WE,Federal Contract Tower,0,0,0,0,0,0,0,202,0,202,0,0,202,0,202,173,0,173,375
03/28/2010,RYN,AZ,AWP,WE,Federal Contract Tower,0,0,3,0,3,0,0,132,0,132,0,0,135,0,135,128,0,128,263
03/29/2010,RYN,AZ,AWP,WE,Federal Contract Tower,0,0,0,0,0,0,0,144,28,172,0,0,144,28,172,162,132,294,466
03/30/2010,RYN,AZ,AWP,WE,Federal Contract Tower,0,0,3,0,3,0,0,148,15,163,0,0,151,15,166,250,60,310,476
03/31/2010,RYN,AZ,AWP,WE,Federal Contract Tower,0,0,2,0,2,0,0,183,0,183,0,0,185,0,185,77,0,77,262
04/01/2010,RYN,AZ,AWP,WE,Federal Contract Tower,0,0,3,0,3,0,0,179,0,179,0,0,182,0,182,136,0,136,318
04/02/2010,RYN,AZ,AWP,WE,Federal Contract Tower,0,0,3,0,3,0,0,133,0,133,0,0,136,0,136,166,0,166,302
04/03/2010,RYN,AZ,AWP,WE,Federal Contract Tower,0,0,0,0,0,0,0,157,0,157,0,0,157,0,157,148,0,148,305
04/04/2010,RYN,AZ,AWP,WE,Federal Contract Tower,0,0,1,0,1,0,0,93,0,93,0,0,94,0,94,184,0,184,278
04/05/2010,RYN,AZ,AWP,WE,Federal Contract Tower,0,0,0,0,0,0,0,93,10,103,0,0,93,10,103,102,80,182,285
04/06/2010,RYN,AZ,AWP,WE,Federal Contract Tower,0,0,0,0,0,0,0,135,0,135,0,0,135,0,135,274,0,274,409
04/07/2010,RYN,AZ,AWP,WE,Federal Contract Tower,0,0,1,0,1,0,0,139,0,139,0,0,140,0,140,269,0,269,409
04/08/2010,RYN,AZ,AWP,WE,Federal Contract Tower,0,0,0,0,0,0,0,211,0,211,0,0,211,0,211,160,0,160,371
04/09/2010,RYN,AZ,AWP,WE,Federal Contract Tower,0,0,1,0,1,0,0,194,0,194,0,0,195,0,195,182,0,182,377
04/10/2010,RYN,AZ,AWP,WE,Federal Contract Tower,0,0,3,0,3,0,0,163,0,163,0,0,166,0,166,250,0,250,416
04/11/2010,RYN,AZ,AWP,WE,Federal Contract Tower,0,0,3,0,3,0,0,130,0,130,0,0,133,0,133,106,0,106,239
04/12/2010,RYN,AZ,AWP,WE,Federal Contract Tower,0,0,2,0,2,0,0,183,0,183,0,0,185,0,185,158,24,182,367
04/13/2010,RYN,AZ,AWP,WE,Federal Contract Tower,0,0,2,0,2,0,0,168,10,178,0,0,170,10,180,225,14,239,419
04/14/2010,RYN,AZ,AWP,WE,Federal Contract Tower,0,0,3,0,3,0,0,191,0,191,0,0,194,0,194,161,0,161,355
04/15/2010,RYN,AZ,AWP,WE,Federal Contract Tower,0,0,4,0,4,0,0,198,0,198,0,0,202,0,202,166,0,166,368
04/16/2010,RYN,AZ,AWP,WE,Federal Contract Tower,0,0,0,0,0,0,0,169,0,169,0,0,169,0,169,130,0,130,299
04/17/2010,RYN,AZ,AWP,WE,Federal Contract Tower,0,0,0,0,0,0,0,167,0,167,0,0,167,0,167,266,0,266,433
04/18/2010,RYN,AZ,AWP,WE,Federal Contract Tower,0,0,0,0,0,0,0,164,0,164,0,0,164,0,164,154,0,154,318
04/19/2010,RYN,AZ,AWP,WE,Federal Contract Tower,0,0,0,0,0,0,0,121,0,121,0,0,121,0,121,178,0,178,299
04/20/2010,RYN,AZ,AWP,WE,Federal Contract Tower,0,0,5,0,5,0,0,109,11,120,0,0,114,11,125,258,10,268,393
04/21/2010,RYN,AZ,AWP,WE,Federal Contract Tower,0,0,1,0,1,0,0,62,4,66,0,0,63,4,67,120,2,122,189
04/22/2010,RYN,AZ,AWP,WE,Federal Contract Tower,0,0,0,0,0,0,0,59,0,59,0,0,59,0,59,160,0,160,219
04/23/2010,RYN,AZ,AWP,WE,Federal Contract Tower,0,0,4,0,4,0,0,37,0,37,0,0,41,0,41,68,0,68,109
04/24/2010,RYN,AZ,AWP,WE,Federal Contract Tower,0,0,4,0,4,0,0,187,0,187,0,0,191,0,191,393,0,393,584
04/25/2010,RYN,AZ,AWP,WE,Federal Contract Tower,0,0,1,0,1,0,0,132,0,132,0,0,133,0,133,200,0,200,333
04/26/2010,RYN,AZ,AWP,WE,Federal Contract Tower,0,0,1,0,1,0,0,92,0,92,0,0,93,0,93,204,0,204,297
04/27/2010,RYN,AZ,AWP,WE,Federal Contract Tower,0,0,2,0,2,0,0,82,2,84,0,0,84,2,86,178,4,182,268
04/28/2010,RYN,AZ,AWP,WE,Federal Contract Tower,0,0,1,0,1,0,0,32,6,38,0,0,33,6,39,140,64,204,243
04/29/2010,RYN,AZ,AWP,WE,Federal Contract Tower,0,0,0,0,0,0,0,16,2,18,0,0,16,2,18,36,28,64,82
04/30/2010,RYN,AZ,AWP,WE,Federal Contract Tower,0,0,2,0,2,0,0,55,2,57,0,0,57,2,59,148,22,170,229
05/01/2010,RYN,AZ,AWP,WE,Federal Contract Tower,0,0,3,0,3,0,0,178,0,178,0,0,181,0,181,218,0,218,399
05/02/2010,RYN,AZ,AWP,WE,Federal Contract Tower,0,0,0,0,0,0,0,29,0,29,0,0,29,0,29,46,0,46,75
05/03/2010,RYN,AZ,AWP,WE,Federal Contract Tower,0,0,1,0,1,0,0,95,6,101,0,0,96,6,102,164,48,212,314
05/04/2010,RYN,AZ,AWP,WE,Federal Contract Tower,0,0,1,0,1,0,0,133,14,147,0,0,134,14,148,272,10,282,430
05/05/2010,RYN,AZ,AWP,WE,Federal Contract Tower,0,0,3,0,3,0,0,200,0,200,0,0,203,0,203,228,0,228,431
05/06/2010,RYN,AZ,AWP,WE,Federal Contract Tower,0,0,5,0,5,0,0,127,0,127,0,0,132,0,132,194,34,228,360
05/07/2010,RYN,AZ,AWP,WE,Federal Contract Tower,0,0,0,0,0,0,0,152,0,152,0,0,152,0,152,242,0,242,394
05/08/2010,RYN,AZ,AWP,WE,Federal Contract Tower,0,0,0,0,0,0,0,143,0,143,0,0,143,0,143,288,0,288,431
05/09/2010,RYN,AZ,AWP,WE,Federal Contract Tower,0,0,2,0,2,0,0,126,0,126,0,0,128,0,128,182,0,182,310
05/10/2010,RYN,AZ,AWP,WE,Federal Contract Tower,0,0,0,0,0,0,0,132,6,138,0,0,132,6,138,248,22,270,408
05/11/2010,RYN,AZ,AWP,WE,Federal Contract Tower,0,0,0,0,0,0,0,131,8,139,0,0,131,8,139,208,12,220,359
05/12/2010,RYN,AZ,AWP,WE,Federal Contract Tower,0,0,3,0,3,0,0,133,8,141,0,0,136,8,144,175,32,207,351
05/13/2010,RYN,AZ,AWP,WE,Federal Contract Tower,0,0,4,0,4,0,0,129,0,129,0,0,133,0,133,270,0,270,403
05/14/2010,RYN,AZ,AWP,WE,Federal Contract Tower,0,0,3,0,3,0,0,97,0,97,0,0,100,0,100,222,0,222,322
05/15/2010,RYN,AZ,AWP,WE,Federal Contract Tower,0,0,2,0,2,0,0,130,0,130,0,0,132,0,132,174,0,174,306
05/16/2010,RYN,AZ,AWP,WE,Federal Contract Tower,0,0,0,0,0,0,0,147,0,147,0,0,147,0,147,208,0,208,355
05/17/2010,RYN,AZ,AWP,WE,Federal Contract Tower,0,0,1,0,1,0,0,122,4,126,0,0,123,4,127,174,26,200,327
05/18/2010,RYN,AZ,AWP,WE,Federal Contract Tower,0,0,0,0,0,0,0,137,4,141,0,0,137,4,141,282,10,292,433
05/19/2010,RYN,AZ,AWP,WE,Federal Contract Tower,0,0,0,0,0,0,0,110,2,112,0,0,110,2,112,164,30,194,306
05/20/2010,RYN,AZ,AWP,WE,Federal Contract Tower,0,0,3,0,3,0,0,130,2,132,0,0,133,2,135,212,70,282,417
05/21/2010,RYN,AZ,AWP,WE,Federal Contract Tower,0,0,0,1,1,0,0,113,2,115,0,0,113,3,116,200,0,200,316
05/22/2010,RYN,AZ,AWP,WE,Federal Contract Tower,0,0,3,0,3,0,0,185,0,185,0,0,188,0,188,208,0,208,396
05/23/2010,RYN,AZ,AWP,WE,Federal Contract Tower,0,0,1,0,1,0,0,47,2,49,0,0,48,2,50,36,6,42,92
05/24/2010,RYN,AZ,AWP,WE,Federal Contract Tower,0,0,1,0,1,0,0,121,4,125,0,0,122,4,126,196,2,198,324
05/25/2010,RYN,AZ,AWP,WE,Federal Contract Tower,0,0,3,0,3,0,0,123,4,127,0,0,126,4,130,214,8,222,352
05/26/2010,RYN,AZ,AWP,WE,Federal Contract Tower,0,0,2,0,2,0,0,147,0,147,0,0,149,0,149,210,0,210,359
05/27/2010,RYN,AZ,AWP,WE,Federal Contract Tower,0,0,0,0,0,0,0,155,0,155,0,0,155,0,155,198,0,198,353
05/28/2010,RYN,AZ,AWP,WE,Federal Contract Tower,0,0,2,0,2,0,0,165,0,165,0,0,167,0,167,182,0,182,349
05/29/2010,RYN,AZ,AWP,WE,Federal Contract Tower,0,0,0,0,0,0,0,211,0,211,0,0,211,0,211,246,0,246,457
05/30/2010,RYN,AZ,AWP,WE,Federal Contract Tower,0,0,1,0,1,0,0,88,0,88,0,0,89,0,89,82,0,82,171
05/31/2010,RYN,AZ,AWP,WE,Federal Contract Tower,0,0,1,0,1,0,0,118,0,118,0,0,119,0,119,110,0,110,229
06/01/2010,RYN,AZ,AWP,WE,Federal Contract Tower,0,0,3,0,3,0,0,123,8,131,0,0,126,8,134,200,28,228,362
06/02/2010,RYN,AZ,AWP,WE,Federal Contract Tower,0,0,1,0,1,0,0,138,0,138,0,0,139,0,139,173,0,173,312
06/03/2010,RYN,AZ,AWP,WE,Federal Contract Tower,0,0,3,0,3,0,0,170,0,170,0,0,173,0,173,196,20,216,389
06/04/2010,RYN,AZ,AWP,WE,Federal Contract Tower,0,0,3,0,3,0,0,139,0,139,0,0,142,0,142,164,0,164,306
06/05/2010,RYN,AZ,AWP,WE,Federal Contract Tower,0,0,0,0,0,0,0,129,0,129,0,0,129,0,129,136,0,136,265
06/06/2010,RYN,AZ,AWP,WE,Federal Contract Tower,0,0,0,0,0,0,0,144,0,144,0,0,144,0,144,170,0,170,314
06/07/2010,RYN,AZ,AWP,WE,Federal Contract Tower,0,0,2,0,2,0,0,120,14,134,0,0,122,14,136,160,38,198,334
06/08/2010,RYN,AZ,AWP,WE,Federal Contract Tower,0,0,1,0,1,0,0,108,9,117,0,0,109,9,118,174,24,198,316
06/09/2010,RYN,AZ,AWP,WE,Federal Contract Tower,0,0,3,0,3,0,0,176,4,180,0,0,179,4,183,148,0,148,331
06/10/2010,RYN,AZ,AWP,WE,Federal Contract Tower,0,0,3,0,3,0,0,185,0,185,0,0,188,0,188,168,2,170,358
06/11/2010,RYN,AZ,AWP,WE,Federal Contract Tower,0,0,0,0,0,0,0,111,0,111,0,0,111,0,111,76,0,76,187
06/12/2010,RYN,AZ,AWP,WE,Federal Contract Tower,0,0,1,0,1,0,0,102,0,102,0,0,103,0,103,220,6,226,329
06/13/2010,RYN,AZ,AWP,WE,Federal Contract Tower,0,0,4,0,4,0,0,96,0,96,0,0,100,0,100,108,0,108,208
06/14/2010,RYN,AZ,AWP,WE,Federal Contract Tower,0,0,0,0,0,0,0,120,4,124,0,0,120,4,124,164,10,174,298
06/15/2010,RYN,AZ,AWP,WE,Federal Contract Tower,0,0,8,0,8,0,0,142,0,142,0,0,150,0,150,246,0,246,396
06/16/2010,RYN,AZ,AWP,WE,Federal Contract Tower,0,0,1,0,1,0,0,155,0,155,0,0,156,0,156,182,0,182,338
06/17/2010,RYN,AZ,AWP,WE,Federal Contract Tower,0,0,2,0,2,0,0,160,0,160,0,0,162,0,162,232,0,232,394
06/18/2010,RYN,AZ,AWP,WE,Federal Contract Tower,0,0,0,0,0,0,0,107,2,109,0,0,107,2,109,238,0,238,347
06/19/2010,RYN,AZ,AWP,WE,Federal Contract Tower,0,0,1,0,1,0,0,219,0,219,0,0,220,0,220,244,0,244,464
06/20/2010,RYN,AZ,AWP,WE,Federal Contract Tower,0,0,1,0,1,0,0,106,0,106,0,0,107,0,107,186,0,186,293
06/21/2010,RYN,AZ,AWP,WE,Federal Contract Tower,0,0,4,0,4,0,0,113,8,121,0,0,117,8,125,204,14,218,343
06/22/2010,RYN,AZ,AWP,WE,Federal Contract Tower,0,0,2,0,2,0,0,113,12,125,0,0,115,12,127,204,34,238,365
06/23/2010,RYN,AZ,AWP,WE,Federal Contract Tower,0,0,2,0,2,0,0,133,4,137,0,0,135,4,139,198,6,204,343
06/24/2010,RYN,AZ,AWP,WE,Federal Contract Tower,0,0,4,0,4,0,0,153,0,153,0,0,157,0,157,226,0,226,383
06/25/2010,RYN,AZ,AWP,WE,Federal Contract Tower,0,0,0,0,0,0,0,130,0,130,0,0,130,0,130,144,0,144,274
06/26/2010,RYN,AZ,AWP,WE,Federal Contract Tower,0,0,2,0,2,0,0,127,0,127,0,0,129,0,129,220,0,220,349
06/27/2010,RYN,AZ,AWP,WE,Federal Contract Tower,0,0,1,0,1,0,0,126,0,126,0,0,127,0,127,162,0,162,289
06/28/2010,RYN,AZ,AWP,WE,Federal Contract Tower,0,0,2,0,2,0,0,112,0,112,0,0,114,0,114,160,0,160,274
06/29/2010,RYN,AZ,AWP,WE,Federal Contract Tower,0,0,1,0,1,0,0,177,0,177,0,0,178,0,178,150,0,150,328
06/30/2010,RYN,AZ,AWP,WE,Federal Contract Tower,0,0,1,0,1,0,0,148,0,148,0,0,149,0,149,144,0,144,293
07/01/2010,RYN,AZ,AWP,WE,Federal Contract Tower,0,0,0,0,0,0,0,160,0,160,0,0,160,0,160,166,36,202,362
07/02/2010,RYN,AZ,AWP,WE,Federal Contract Tower,0,0,0,0,0,0,0,135,0,135,0,0,135,0,135,148,0,148,283
07/03/2010,RYN,AZ,AWP,WE,Federal Contract Tower,0,0,1,0,1,0,0,122,0,122,0,0,123,0,123,200,0,200,323
07/04/2010,RYN,AZ,AWP,WE,Federal Contract Tower,0,0,0,0,0,0,0,58,0,58,0,0,58,0,58,74,0,74,132
07/05/2010,RYN,AZ,AWP,WE,Federal Contract Tower,0,0,1,0,1,0,0,140,8,148,0,0,141,8,149,178,0,178,327
07/06/2010,RYN,AZ,AWP,WE,Federal Contract Tower,0,0,0,0,0,0,0,115,6,121,0,0,115,6,121,198,34,232,353
07/07/2010,RYN,AZ,AWP,WE,Federal Contract Tower,0,0,6,0,6,0,0,130,2,132,0,0,136,2,138,166,0,166,304
07/08/2010,RYN,AZ,AWP,WE,Federal Contract Tower,0,0,1,0,1,0,0,143,0,143,0,0,144,0,144,172,10,182,326
07/09/2010,RYN,AZ,AWP,WE,Federal Contract Tower,0,0,1,0,1,0,0,131,0,131,0,0,132,0,132,138,4,142,274
07/10/2010,RYN,AZ,AWP,WE,Federal Contract Tower,0,0,4,0,4,0,0,185,0,185,0,0,189,0,189,170,0,170,359
07/11/2010,RYN,AZ,AWP,WE,Federal Contract Tower,0,0,0,0,0,0,0,111,0,111,0,0,111,0,111,92,0,92,203
07/12/2010,RYN,AZ,AWP,WE,Federal Contract Tower,0,0,0,0,0,0,0,123,2,125,0,0,123,2,125,206,6,212,337
07/13/2010,RYN,AZ,AWP,WE,Federal Contract Tower,0,0,0,0,0,0,0,123,8,131,0,0,123,8,131,192,24,216,347
07/14/2010,RYN,AZ,AWP,WE,Federal Contract Tower,0,0,3,0,3,0,0,117,0,117,0,0,120,0,120,194,0,194,314
07/15/2010,RYN,AZ,AWP,WE,Federal Contract Tower,0,0,3,0,3,0,0,161,26,187,0,0,164,26,190,260,38,298,488
07/16/2010,RYN,AZ,AWP,WE,Federal Contract Tower,0,0,1,0,1,0,0,137,0,137,0,0,138,0,138,268,20,288,426
07/17/2010,RYN,AZ,AWP,WE,Federal Contract Tower,0,0,0,0,0,0,0,165,0,165,0,0,165,0,165,256,0,256,421
07/18/2010,RYN,AZ,AWP,WE,Federal Contract Tower,0,0,0,0,0,0,0,134,0,134,0,0,134,0,134,252,0,252,386
07/19/2010,RYN,AZ,AWP,WE,Federal Contract Tower,0,0,3,0,3,0,0,143,18,161,0,0,146,18,164,214,54,268,432
07/20/2010,RYN,AZ,AWP,WE,Federal Contract Tower,0,0,2,0,2,0,0,151,12,163,0,0,153,12,165,220,40,260,425
07/21/2010,RYN,AZ,AWP,WE,Federal Contract Tower,0,0,0,0,0,0,0,119,0,119,0,0,119,0,119,120,0,120,239
07/22/2010,RYN,AZ,AWP,WE,Federal Contract Tower,0,0,1,0,1,0,0,157,0,157,0,0,158,0,158,244,0,244,402
07/23/2010,RYN,AZ,AWP,WE,Federal Contract Tower,0,0,1,0,1,0,0,149,0,149,0,0,150,0,150,184,26,210,360
07/24/2010,RYN,AZ,AWP,WE,Federal Contract Tower,0,0,5,0,5,0,0,205,0,205,0,0,210,0,210,226,0,226,436
07/25/2010,RYN,AZ,AWP,WE,Federal Contract Tower,0,0,4,0,4,0,0,87,0,87,0,0,91,0,91,110,0,110,201
07/26/2010,RYN,AZ,AWP,WE,Federal Contract Tower,0,0,2,0,2,0,0,142,6,148,0,0,144,6,150,218,4,222,372
07/27/2010,RYN,AZ,AWP,WE,Federal Contract Tower,0,0,0,0,0,0,0,153,0,153,0,0,153,0,153,242,0,242,395
07/28/2010,RYN,AZ,AWP,WE,Federal Contract Tower,0,0,1,0,1,0,0,149,4,153,0,0,150,4,154,224,4,228,382
07/29/2010,RYN,AZ,AWP,WE,Federal Contract Tower,0,0,0,0,0,0,0,119,0,119,0,0,119,0,119,270,0,270,389
07/30/2010,RYN,AZ,AWP,WE,Federal Contract Tower,0,0,0,0,0,0,0,131,0,131,0,0,131,0,131,186,0,186,317
07/31/2010,RYN,AZ,AWP,WE,Federal Contract Tower,0,0,4,0,4,0,0,62,0,62,0,0,66,0,66,90,0,90,156
08/01/2010,RYN,AZ,AWP,WE,Federal Contract Tower,0,0,1,0,1,0,0,63,0,63,0,0,64,0,64,60,0,60,124
08/02/2010,RYN,AZ,AWP,WE,Federal Contract Tower,0,0,0,0,0,0,0,137,6,143,0,0,137,6,143,190,42,232,375
08/03/2010,RYN,AZ,AWP,WE,Federal Contract Tower,0,0,3,0,3,0,0,118,16,134,0,0,121,16,137,198,70,268,405
08/04/2010,RYN,AZ,AWP,WE,Federal Contract Tower,0,0,1,0,1,0,0,127,0,127,0,0,128,0,128,118,0,118,246
08/05/2010,RYN,AZ,AWP,WE,Federal Contract Tower,0,0,0,0,0,0,0,141,0,141,0,0,141,0,141,188,0,188,329
08/06/2010,RYN,AZ,AWP,WE,Federal Contract Tower,0,0,3,0,3,0,0,127,0,127,0,0,130,0,130,122,0,122,252
08/07/2010,RYN,AZ,AWP,WE,Federal Contract Tower,0,0,0,0,0,0,0,170,0,170,0,0,170,0,170,188,0,188,358
08/08/2010,RYN,AZ,AWP,WE,Federal Contract Tower,0,0,2,0,2,0,0,98,0,98,0,0,100,0,100,102,0,102,202
08/09/2010,RYN,AZ,AWP,WE,Federal Contract Tower,0,0,0,0,0,0,0,140,0,140,0,0,140,0,140,152,0,152,292
08/10/2010,RYN,AZ,AWP,WE,Federal Contract Tower,0,0,0,0,0,0,0,140,2,142,0,0,140,2,142,248,0,248,390
08/11/2010,RYN,AZ,AWP,WE,Federal Contract Tower,0,0,1,0,1,0,0,144,0,144,0,0,145,0,145,134,0,134,279
08/12/2010,RYN,AZ,AWP,WE,Federal Contract Tower,0,0,2,0,2,0,0,151,0,151,0,0,153,0,153,182,12,194,347
08/13/2010,RYN,AZ,AWP,WE,Federal Contract Tower,0,0,1,0,1,0,0,145,0,145,0,0,146,0,146,172,18,190,336
08/14/2010,RYN,AZ,AWP,WE,Federal Contract Tower,0,0,0,0,0,0,0,135,0,135,0,0,135,0,135,162,0,162,297
08/15/2010,RYN,AZ,AWP,WE,Federal Contract Tower,0,0,2,0,2,0,0,114,0,114,0,0,116,0,116,88,0,88,204
08/16/2010,RYN,AZ,AWP,WE,Federal Contract Tower,0,0,0,0,0,0,0,130,0,130,0,0,130,0,130,176,0,176,306
08/17/2010,RYN,AZ,AWP,WE,Federal Contract Tower,0,0,0,0,0,0,0,126,0,126,0,0,126,0,126,119,0,119,245
08/18/2010,RYN,AZ,AWP,WE,Federal Contract Tower,0,0,0,0,0,0,0,119,0,119,0,0,119,0,119,122,0,122,241
08/19/2010,RYN,AZ,AWP,WE,Federal Contract Tower,0,0,2,0,2,0,0,112,0,112,0,0,114,0,114,200,0,200,314
08/20/2010,RYN,AZ,AWP,WE,Federal Contract Tower,0,0,0,0,0,0,0,75,0,75,0,0,75,0,75,198,0,198,273
08/21/2010,RYN,AZ,AWP,WE,Federal Contract Tower,0,0,0,0,0,0,0,142,0,142,0,0,142,0,142,296,0,296,438
08/22/2010,RYN,AZ,AWP,WE,Federal Contract Tower,0,0,0,0,0,0,0,110,0,110,0,0,110,0,110,136,0,136,246
08/23/2010,RYN,AZ,AWP,WE,Federal Contract Tower,0,0,2,0,2,0,0,139,2,141,0,0,141,2,143,160,0,160,303
08/24/2010,RYN,AZ,AWP,WE,Federal Contract Tower,1,0,0,0,1,0,0,98,4,102,1,0,98,4,103,138,0,138,241
08/25/2010,RYN,AZ,AWP,WE,Federal Contract Tower,0,0,5,0,5,0,0,95,2,97,0,0,100,2,102,184,0,184,286
08/26/2010,RYN,AZ,AWP,WE,Federal Contract Tower,0,0,0,0,0,0,0,89,6,95,0,0,89,6,95,153,34,187,282
08/27/2010,RYN,AZ,AWP,WE,Federal Contract Tower,0,0,1,0,1,0,0,102,2,104,0,0,103,2,105,226,10,236,341
08/28/2010,RYN,AZ,AWP,WE,Federal Contract Tower,0,0,0,0,0,0,0,141,0,141,0,0,141,0,141,190,0,190,331
08/29/2010,RYN,AZ,AWP,WE,Federal Contract Tower,0,0,0,0,0,0,0,74,0,74,0,0,74,0,74,104,0,104,178
08/30/2010,RYN,AZ,AWP,WE,Federal Contract Tower,0,0,1,0,1,0,0,143,14,157,0,0,144,14,158,182,54,236,394
08/31/2010,RYN,AZ,AWP,WE,Federal Contract Tower,0,0,0,0,0,0,0,108,8,116,0,0,108,8,116,206,34,240,356
09/01/2010,RYN,AZ,AWP,WE,Federal Contract Tower,0,0,1,0,1,0,0,109,2,111,0,0,110,2,112,220,12,232,344
09/02/2010,RYN,AZ,AWP,WE,Federal Contract Tower,0,0,0,0,0,0,0,143,0,143,0,0,143,0,143,208,0,208,351
09/03/2010,RYN,AZ,AWP,WE,Federal Contract Tower,0,0,0,0,0,0,0,100,0,100,0,0,100,0,100,122,0,122,222
09/04/2010,RYN,AZ,AWP,WE,Federal Contract Tower,0,0,0,0,0,0,0,149,0,149,0,0,149,0,149,258,0,258,407
09/05/2010,RYN,AZ,AWP,WE,Federal Contract Tower,0,0,1,0,1,0,0,139,0,139,0,0,140,0,140,126,0,126,266
09/06/2010,RYN,AZ,AWP,WE,Federal Contract Tower,0,0,0,0,0,0,0,88,0,88,0,0,88,0,88,138,0,138,226
09/07/2010,RYN,AZ,AWP,WE,Federal Contract Tower,0,0,0,0,0,0,0,105,14,119,0,0,105,14,119,136,18,154,273
09/08/2010,RYN,AZ,AWP,WE,Federal Contract Tower,0,0,0,0,0,0,0,116,4,120,0,0,116,4,120,140,28,168,288
09/09/2010,RYN,AZ,AWP,WE,Federal Contract Tower,0,0,2,0,2,0,0,128,4,132,0,0,130,4,134,174,28,202,336
09/10/2010,RYN,AZ,AWP,WE,Federal Contract Tower,0,0,2,0,2,0,0,97,0,97,0,0,99,0,99,164,22,186,285
09/11/2010,RYN,AZ,AWP,WE,Federal Contract Tower,0,0,1,0,1,0,0,115,0,115,0,0,116,0,116,150,0,150,266
09/12/2010,RYN,AZ,AWP,WE,Federal Contract Tower,0,0,3,0,3,0,0,79,0,79,0,0,82,0,82,168,0,168,250
09/13/2010,RYN,AZ,AWP,WE,Federal Contract Tower,0,0,2,0,2,0,0,122,0,122,0,0,124,0,124,172,24,196,320
09/14/2010,RYN,AZ,AWP,WE,Federal Contract Tower,0,0,0,0,0,0,0,0,0,0,0,0,0,0,0,164,30,194,194
09/15/2010,RYN,AZ,AWP,WE,Federal Contract Tower,0,0,0,0,0,0,0,128,0,128,0,0,128,0,128,158,0,158,286
09/16/2010,RYN,AZ,AWP,WE,Federal Contract Tower,0,0,0,0,0,0,0,131,0,131,0,0,131,0,131,160,6,166,297
09/17/2010,RYN,AZ,AWP,WE,Federal Contract Tower,0,0,7,0,7,0,0,107,3,110,0,0,114,3,117,178,0,178,295
09/18/2010,RYN,AZ,AWP,WE,Federal Contract Tower,0,0,1,0,1,0,0,180,0,180,0,0,181,0,181,244,0,244,425
09/19/2010,RYN,AZ,AWP,WE,Federal Contract Tower,0,0,1,0,1,0,0,133,0,133,0,0,134,0,134,154,0,154,288
09/20/2010,RYN,AZ,AWP,WE,Federal Contract Tower,0,0,118,5,123,0,0,0,0,0,0,0,118,5,123,170,0,170,293
09/21/2010,RYN,AZ,AWP,WE,Federal Contract Tower,0,0,2,0,2,0,0,128,0,128,0,0,130,0,130,208,0,208,338
09/22/2010,RYN,AZ,AWP,WE,Federal Contract Tower,0,0,3,0,3,0,0,71,0,71,0,0,74,0,74,90,0,90,164
09/23/2010,RYN,AZ,AWP,WE,Federal Contract Tower,0,0,146,0,146,0,0,0,0,0,0,0,146,0,146,218,26,244,390
09/24/2010,RYN,AZ,AWP,WE,Federal Contract Tower,0,0,0,0,0,0,0,113,0,113,0,0,113,0,113,154,0,154,267
09/25/2010,RYN,AZ,AWP,WE,Federal Contract Tower,0,0,0,0,0,0,0,237,0,237,0,0,237,0,237,262,0,262,499
09/26/2010,RYN,AZ,AWP,WE,Federal Contract Tower,0,0,0,0,0,0,0,103,0,103,0,0,103,0,103,116,0,116,219
09/27/2010,RYN,AZ,AWP,WE,Federal Contract Tower,0,0,2,2,4,0,0,142,2,144,0,0,144,4,148,188,4,192,340
09/28/2010,RYN,AZ,AWP,WE,Federal Contract Tower,0,0,0,0,0,0,0,131,6,137,0,0,131,6,137,188,38,226,363
09/29/2010,RYN,AZ,AWP,WE,Federal Contract Tower,0,0,3,0,3,0,0,189,0,189,0,0,192,0,192,212,0,212,404
09/30/2010,RYN,AZ,AWP,WE,Federal Contract Tower,0,0,137,0,137,0,0,0,0,0,0,0,137,0,137,216,6,222,359
10/01/2010,RYN,AZ,AWP,WE,Federal Contract Tower,0,0,1,0,1,0,0,129,0,129,0,0,130,0,130,228,0,228,358
10/02/2010,RYN,AZ,AWP,WE,Federal Contract Tower,0,0,0,0,0,0,0,203,0,203,0,0,203,0,203,224,0,224,427
10/03/2010,RYN,AZ,AWP,WE,Federal Contract Tower,0,0,0,0,0,0,0,120,0,120,0,0,120,0,120,138,0,138,258
10/04/2010,RYN,AZ,AWP,WE,Federal Contract Tower,0,0,0,0,0,0,0,120,2,122,0,0,120,2,122,160,0,160,282
10/05/2010,RYN,AZ,AWP,WE,Federal Contract Tower,0,0,3,0,3,0,0,106,5,111,0,0,109,5,114,124,38,162,276
10/06/2010,RYN,AZ,AWP,WE,Federal Contract Tower,0,0,1,0,1,0,0,117,0,117,0,0,118,0,118,158,0,158,276
10/07/2010,RYN,AZ,AWP,WE,Federal Contract Tower,0,0,163,0,163,0,0,0,0,0,0,0,163,0,163,152,12,164,327
10/08/2010,RYN,AZ,AWP,WE,Federal Contract Tower,0,0,0,0,0,0,0,171,0,171,0,0,171,0,171,152,0,152,323
10/09/2010,RYN,AZ,AWP,WE,Federal Contract Tower,0,0,0,0,0,0,0,121,0,121,0,0,121,0,121,198,0,198,319
10/10/2010,RYN,AZ,AWP,WE,Federal Contract Tower,0,0,0,0,0,0,0,95,0,95,0,0,95,0,95,116,0,116,211
10/11/2010,RYN,AZ,AWP,WE,Federal Contract Tower,0,0,0,0,0,0,0,0,0,0,0,0,0,0,0,136,0,136,136
10/12/2010,RYN,AZ,AWP,WE,Federal Contract Tower,0,0,0,0,0,0,0,0,0,0,0,0,0,0,0,178,4,182,182
10/13/2010,RYN,AZ,AWP,WE,Federal Contract Tower,0,0,1,0,1,0,0,126,0,126,0,0,127,0,127,148,0,148,275
10/14/2010,RYN,AZ,AWP,WE,Federal Contract Tower,0,0,0,0,0,0,0,128,0,128,0,0,128,0,128,180,12,192,320
10/15/2010,RYN,AZ,AWP,WE,Federal Contract Tower,0,0,4,0,4,0,0,136,0,136,0,0,140,0,140,140,0,140,280
10/16/2010,RYN,AZ,AWP,WE,Federal Contract Tower,0,0,0,0,0,0,0,130,0,130,0,0,130,0,130,172,0,172,302
10/17/2010,RYN,AZ,AWP,WE,Federal Contract Tower,0,0,1,0,1,0,0,126,0,126,0,0,127,0,127,156,0,156,283
10/18/2010,RYN,AZ,AWP,WE,Federal Contract Tower,0,0,0,0,0,0,0,137,2,139,0,0,137,2,139,192,24,216,355
10/19/2010,RYN,AZ,AWP,WE,Federal Contract Tower,0,0,4,0,4,0,0,115,6,121,0,0,119,6,125,203,18,221,346
10/20/2010,RYN,AZ,AWP,WE,Federal Contract Tower,0,0,4,0,4,0,0,114,0,114,0,0,118,0,118,88,0,88,206
10/21/2010,RYN,AZ,AWP,WE,Federal Contract Tower,0,0,2,0,2,0,0,43,0,43,0,0,45,0,45,46,0,46,91
10/22/2010,RYN,AZ,AWP,WE,Federal Contract Tower,0,0,1,0,1,0,0,98,0,98,0,0,99,0,99,216,0,216,315
10/23/2010,RYN,AZ,AWP,WE,Federal Contract Tower,0,0,0,0,0,0,0,200,0,200,0,0,200,0,200,270,0,270,470
10/24/2010,RYN,AZ,AWP,WE,Federal Contract Tower,0,0,0,0,0,0,0,106,0,106,0,0,106,0,106,150,0,150,256
10/25/2010,RYN,AZ,AWP,WE,Federal Contract Tower,0,0,0,0,0,0,0,82,0,82,0,0,82,0,82,164,0,164,246
10/26/2010,RYN,AZ,AWP,WE,Federal Contract Tower,0,0,1,0,1,0,0,108,4,112,0,0,109,4,113,208,12,220,333
10/27/2010,RYN,AZ,AWP,WE,Federal Contract Tower,0,0,1,0,1,0,0,91,0,91,0,0,92,0,92,180,0,180,272
10/28/2010,RYN,AZ,AWP,WE,Federal Contract Tower,0,0,3,0,3,0,0,99,0,99,0,0,102,0,102,186,8,194,296
10/29/2010,RYN,AZ,AWP,WE,Federal Contract Tower,0,0,0,0,0,0,0,129,0,129,0,0,129,0,129,152,4,156,285
10/30/2010,RYN,AZ,AWP,WE,Federal Contract Tower,0,0,1,0,1,0,0,201,0,201,0,0,202,0,202,144,0,144,346
10/31/2010,RYN,AZ,AWP,WE,Federal Contract Tower,0,0,0,0,0,0,0,156,0,156,0,0,156,0,156,172,0,172,328
11/01/2010,RYN,AZ,AWP,WE,Federal Contract Tower,0,0,7,0,7,0,0,114,12,126,0,0,121,12,133,144,48,192,325
11/02/2010,RYN,AZ,AWP,WE,Federal Contract Tower,0,0,15,0,15,0,0,112,4,116,0,0,127,4,131,148,66,214,345
11/03/2010,RYN,AZ,AWP,WE,Federal Contract Tower,0,0,9,0,9,0,0,110,6,116,0,0,119,6,125,76,14,90,215
11/04/2010,RYN,AZ,AWP,WE,Federal Contract Tower,0,0,11,0,11,0,0,137,0,137,0,0,148,0,148,192,0,192,340
11/05/2010,RYN,AZ,AWP,WE,Federal Contract Tower,0,0,7,0,7,0,0,88,0,88,0,0,95,0,95,154,0,154,249
11/06/2010,RYN,AZ,AWP,WE,Federal Contract Tower,0,0,0,0,0,0,0,154,0,154,0,0,154,0,154,248,0,248,402
11/07/2010,RYN,AZ,AWP,WE,Federal Contract Tower,0,0,2,0,2,0,0,138,0,138,0,0,140,0,140,110,0,110,250
11/08/2010,RYN,AZ,AWP,WE,Federal Contract Tower,6,0,0,0,6,0,0,130,9,139,6,0,130,9,145,162,28,190,335
11/09/2010,RYN,AZ,AWP,WE,Federal Contract Tower,0,0,8,0,8,0,0,119,11,130,0,0,127,11,138,154,14,168,306
11/10/2010,RYN,AZ,AWP,WE,Federal Contract Tower,0,0,4,0,4,0,0,144,6,150,0,0,148,6,154,125,10,135,289
11/11/2010,RYN,AZ,AWP,WE,Federal Contract Tower,0,0,0,0,0,0,0,181,0,181,0,0,181,0,181,154,0,154,335
11/12/2010,RYN,AZ,AWP,WE,Federal Contract Tower,0,0,0,0,0,0,0,126,0,126,0,0,126,0,126,182,0,182,308
11/13/2010,RYN,AZ,AWP,WE,Federal Contract Tower,0,0,0,0,0,0,0,194,0,194,0,0,194,0,194,146,0,146,340
11/14/2010,RYN,AZ,AWP,WE,Federal Contract Tower,0,0,0,0,0,0,0,105,0,105,0,0,105,0,105,104,0,104,209
11/15/2010,RYN,AZ,AWP,WE,Federal Contract Tower,0,0,2,0,2,0,0,145,0,145,0,0,147,0,147,182,0,182,329
11/16/2010,RYN,AZ,AWP,WE,Federal Contract Tower,0,0,1,0,1,0,0,150,0,150,0,0,151,0,151,164,0,164,315
11/17/2010,RYN,AZ,AWP,WE,Federal Contract Tower,0,0,1,0,1,0,0,85,0,85,0,0,86,0,86,192,0,192,278
11/18/2010,RYN,AZ,AWP,WE,Federal Contract Tower,0,0,0,0,0,0,0,125,0,125,0,0,125,0,125,144,0,144,269
11/19/2010,RYN,AZ,AWP,WE,Federal Contract Tower,0,0,0,0,0,0,0,87,0,87,0,0,87,0,87,118,0,118,205
11/20/2010,RYN,AZ,AWP,WE,Federal Contract Tower,0,0,0,0,0,0,0,93,0,93,0,0,93,0,93,130,0,130,223
11/21/2010,RYN,AZ,AWP,WE,Federal Contract Tower,0,0,1,0,1,0,0,56,0,56,0,0,57,0,57,84,0,84,141
11/22/2010,RYN,AZ,AWP,WE,Federal Contract Tower,0,0,9,0,9,0,0,84,0,84,0,0,93,0,93,124,104,228,321
11/23/2010,RYN,AZ,AWP,WE,Federal Contract Tower,0,0,4,0,4,0,0,98,2,100,0,0,102,2,104,148,26,174,278
11/24/2010,RYN,AZ,AWP,WE,Federal Contract Tower,0,0,5,0,5,0,0,101,10,111,0,0,106,10,116,116,20,136,252
11/25/2010,RYN,AZ,AWP,WE,Federal Contract Tower,0,0,1,0,1,0,0,64,0,64,0,0,65,0,65,90,0,90,155
11/26/2010,RYN,AZ,AWP,WE,Federal Contract Tower,0,0,0,0,0,0,0,108,0,108,0,0,108,0,108,138,0,138,246
11/27/2010,RYN,AZ,AWP,WE,Federal Contract Tower,0,0,2,0,2,0,0,142,0,142,0,0,144,0,144,176,0,176,320
11/28/2010,RYN,AZ,AWP,WE,Federal Contract Tower,0,0,4,0,4,0,0,67,0,67,0,0,71,0,71,82,0,82,153
11/29/2010,RYN,AZ,AWP,WE,Federal Contract Tower,0,0,0,0,0,0,0,107,14,121,0,0,107,14,121,136,4,140,261
11/30/2010,RYN,AZ,AWP,WE,Federal Contract Tower,0,0,0,0,0,0,0,95,12,107,0,0,95,12,107,124,34,158,265
12/01/2010,RYN,AZ,AWP,WE,Federal Contract Tower,0,0,1,0,1,0,0,112,2,114,0,0,113,2,115,72,0,72,187
12/02/2010,RYN,AZ,AWP,WE,Federal Contract Tower,0,0,0,0,0,0,0,113,0,113,0,0,113,0,113,118,0,118,231
12/03/2010,RYN,AZ,AWP,WE,Federal Contract Tower,0,0,4,0,4,0,0,86,0,86,0,0,90,0,90,104,8,112,202
12/04/2010,RYN,AZ,AWP,WE,Federal Contract Tower,0,0,0,0,0,0,0,106,0,106,0,0,106,0,106,190,0,190,296
12/05/2010,RYN,AZ,AWP,WE,Federal Contract Tower,0,0,8,0,8,0,0,121,0,121,0,0,129,0,129,108,24,132,261
12/06/2010,RYN,AZ,AWP,WE,Federal Contract Tower,0,0,0,0,0,0,0,119,13,132,0,0,119,13,132,144,14,158,290
12/07/2010,RYN,AZ,AWP,WE,Federal Contract Tower,0,0,6,0,6,0,0,119,10,129,0,0,125,10,135,150,2,152,287
12/08/2010,RYN,AZ,AWP,WE,Federal Contract Tower,0,0,6,0,6,0,0,108,0,108,0,0,114,0,114,130,0,130,244
12/09/2010,RYN,AZ,AWP,WE,Federal Contract Tower,0,0,2,0,2,0,0,99,0,99,0,0,101,0,101,152,0,152,253
12/10/2010,RYN,AZ,AWP,WE,Federal Contract Tower,0,0,0,0,0,0,0,122,0,122,0,0,122,0,122,136,0,136,258
12/11/2010,RYN,AZ,AWP,WE,Federal Contract Tower,0,0,0,0,0,0,0,115,0,115,0,0,115,0,115,206,0,206,321
12/12/2010,RYN,AZ,AWP,WE,Federal Contract Tower,0,0,3,0,3,0,0,102,0,102,0,0,105,0,105,120,18,138,243
12/13/2010,RYN,AZ,AWP,WE,Federal Contract Tower,0,0,0,0,0,0,0,88,21,109,0,0,88,21,109,124,38,162,271
12/14/2010,RYN,AZ,AWP,WE,Federal Contract Tower,0,0,0,0,0,0,0,126,10,136,0,0,126,10,136,178,0,178,314
12/15/2010,RYN,AZ,AWP,WE,Federal Contract Tower,0,0,0,0,0,0,0,99,0,99,0,0,99,0,99,89,0,89,188
12/16/2010,RYN,AZ,AWP,WE,Federal Contract Tower,0,0,0,0,0,0,0,111,0,111,0,0,111,0,111,130,0,130,241
12/17/2010,RYN,AZ,AWP,WE,Federal Contract Tower,0,0,4,0,4,0,0,114,0,114,0,0,118,0,118,120,0,120,238
12/18/2010,RYN,AZ,AWP,WE,Federal Contract Tower,0,0,1,0,1,0,0,188,0,188,0,0,189,0,189,228,0,228,417
12/19/2010,RYN,AZ,AWP,WE,Federal Contract Tower,0,0,0,0,0,0,0,76,0,76,0,0,76,0,76,114,0,114,190
12/20/2010,RYN,AZ,AWP,WE,Federal Contract Tower,0,0,0,0,0,0,0,113,8,121,0,0,113,8,121,128,0,128,249
12/21/2010,RYN,AZ,AWP,WE,Federal Contract Tower,0,0,6,0,6,0,0,124,4,128,0,0,130,4,134,182,0,182,316
12/22/2010,RYN,AZ,AWP,WE,Federal Contract Tower,0,0,4,0,4,0,0,83,7,90,0,0,87,7,94,74,56,130,224
12/23/2010,RYN,AZ,AWP,WE,Federal Contract Tower,0,0,5,0,5,0,0,128,4,132,0,0,133,4,137,157,4,161,298
12/24/2010,RYN,AZ,AWP,WE,Federal Contract Tower,0,0,2,0,2,0,0,89,0,89,0,0,91,0,91,206,0,206,297
12/25/2010,RYN,AZ,AWP,WE,Federal Contract Tower,0,0,0,0,0,0,0,23,0,23,0,0,23,0,23,36,0,36,59
12/26/2010,RYN,AZ,AWP,WE,Federal Contract Tower,0,0,0,0,0,0,0,108,0,108,0,0,108,0,108,186,0,186,294
12/27/2010,RYN,AZ,AWP,WE,Federal Contract Tower,0,0,0,0,0,0,0,115,6,121,0,0,115,6,121,130,0,130,251
12/28/2010,RYN,AZ,AWP,WE,Federal Contract Tower,0,0,0,0,0,0,0,0,0,0,0,0,0,0,0,158,0,158,158
12/29/2010,RYN,AZ,AWP,WE,Federal Contract Tower,0,0,2,2,4,0,0,76,6,82,0,0,78,8,86,72,6,78,164
12/30/2010,RYN,AZ,AWP,WE,Federal Contract Tower,0,0,0,0,0,0,0,55,0,55,0,0,55,0,55,26,0,26,81
12/31/2010,RYN,AZ,AWP,WE,Federal Contract Tower,0,0,1,0,1,0,0,52,4,56,0,0,53,4,57,58,0,58,115
01/01/2011,RYN,AZ,AWP,WE,Federal Contract Tower,0,0,0,0,0,0,0,92,0,92,0,0,92,0,92,130,0,130,222
01/02/2011,RYN,AZ,AWP,WE,Federal Contract Tower,0,0,0,0,0,0,0,107,0,107,0,0,107,0,107,128,0,128,235
01/03/2011,RYN,AZ,AWP,WE,Federal Contract Tower,0,0,0,0,0,0,0,92,2,94,0,0,92,2,94,94,0,94,188
01/04/2011,RYN,AZ,AWP,WE,Federal Contract Tower,0,0,0,0,0,0,0,114,8,122,0,0,114,8,122,148,10,158,280
01/05/2011,RYN,AZ,AWP,WE,Federal Contract Tower,0,0,1,0,1,0,0,119,4,123,0,0,120,4,124,140,18,158,282
01/06/2011,RYN,AZ,AWP,WE,Federal Contract Tower,0,0,4,0,4,0,0,109,0,109,0,0,113,0,113,232,2,234,347
01/07/2011,RYN,AZ,AWP,WE,Federal Contract Tower,0,0,0,0,0,0,0,137,0,137,0,0,137,0,137,156,0,156,293
01/08/2011,RYN,AZ,AWP,WE,Federal Contract Tower,0,0,0,0,0,0,0,123,0,123,0,0,123,0,123,280,0,280,403
01/09/2011,RYN,AZ,AWP,WE,Federal Contract Tower,0,0,0,0,0,0,0,123,0,123,0,0,123,0,123,140,0,140,263
01/10/2011,RYN,AZ,AWP,WE,Federal Contract Tower,0,0,1,0,1,0,0,110,7,117,0,0,111,7,118,100,12,112,230
01/11/2011,RYN,AZ,AWP,WE,Federal Contract Tower,0,0,1,0,1,0,0,121,7,128,0,0,122,7,129,172,8,180,309
01/12/2011,RYN,AZ,AWP,WE,Federal Contract Tower,0,0,0,0,0,0,0,45,4,49,0,0,45,4,49,76,0,76,125
01/13/2011,RYN,AZ,AWP,WE,Federal Contract Tower,0,0,2,0,2,0,0,99,0,99,0,0,101,0,101,160,0,160,261
01/14/2011,RYN,AZ,AWP,WE,Federal Contract Tower,0,0,0,0,0,0,0,126,0,126,0,0,126,0,126,144,0,144,270
01/15/2011,RYN,AZ,AWP,WE,Federal Contract Tower,0,0,0,0,0,0,0,186,0,186,0,0,186,0,186,184,0,184,370
01/16/2011,RYN,AZ,AWP,WE,Federal Contract Tower,0,0,1,0,1,0,0,107,0,107,0,0,108,0,108,84,0,84,192
01/17/2011,RYN,AZ,AWP,WE,Federal Contract Tower,0,0,0,0,0,0,0,0,0,0,0,0,0,0,0,124,0,124,124
01/18/2011,RYN,AZ,AWP,WE,Federal Contract Tower,0,0,2,0,2,0,0,142,12,154,0,0,144,12,156,180,36,216,372
01/19/2011,RYN,AZ,AWP,WE,Federal Contract Tower,0,0,2,0,2,0,0,95,0,95,0,0,97,0,97,155,0,155,252
01/20/2011,RYN,AZ,AWP,WE,Federal Contract Tower,0,0,0,0,0,0,0,96,0,96,0,0,96,0,96,242,44,286,382
01/21/2011,RYN,AZ,AWP,WE,Federal Contract Tower,0,0,3,0,3,0,0,83,1,84,0,0,86,1,87,240,10,250,337
01/22/2011,RYN,AZ,AWP,WE,Federal Contract Tower,0,0,1,0,1,0,0,175,0,175,0,0,176,0,176,188,0,188,364
01/23/2011,RYN,AZ,AWP,WE,Federal Contract Tower,0,0,0,0,0,0,0,104,0,104,0,0,104,0,104,126,0,126,230
01/24/2011,RYN,AZ,AWP,WE,Federal Contract Tower,0,0,0,0,0,0,0,95,10,105,0,0,95,10,105,164,72,236,341
01/25/2011,RYN,AZ,AWP,WE,Federal Contract Tower,0,0,7,0,7,0,0,252,8,260,0,0,259,8,267,160,8,168,435
01/26/2011,RYN,AZ,AWP,WE,Federal Contract Tower,0,0,3,0,3,0,0,97,4,101,0,0,100,4,104,262,0,262,366
01/27/2011,RYN,AZ,AWP,WE,Federal Contract Tower,0,0,1,0,1,0,0,88,0,88,0,0,89,0,89,160,0,160,249
01/28/2011,RYN,AZ,AWP,WE,Federal Contract Tower,0,0,2,0,2,0,0,107,0,107,0,0,109,0,109,232,0,232,341
01/29/2011,RYN,AZ,AWP,WE,Federal Contract Tower,0,0,0,0,0,0,0,132,0,132,0,0,132,0,132,256,0,256,388
01/30/2011,RYN,AZ,AWP,WE,Federal Contract Tower,0,0,1,0,1,0,0,107,0,107,0,0,108,0,108,178,0,178,286
01/31/2011,RYN,AZ,AWP,WE,Federal Contract Tower,0,0,1,0,1,0,0,80,16,96,0,0,81,16,97,86,0,86,183
02/01/2011,RYN,AZ,AWP,WE,Federal Contract Tower,0,0,4,0,4,0,0,94,8,102,0,0,98,8,106,100,0,100,206
02/02/2011,RYN,AZ,AWP,WE,Federal Contract Tower,0,0,5,0,5,0,0,101,0,101,0,0,106,0,106,50,0,50,156
02/03/2011,RYN,AZ,AWP,WE,Federal Contract Tower,0,0,5,0,5,0,0,92,0,92,0,0,97,0,97,82,0,82,179
02/04/2011,RYN,AZ,AWP,WE,Federal Contract Tower,0,0,6,0,6,0,0,97,0,97,0,0,103,0,103,172,0,172,275
02/05/2011,RYN,AZ,AWP,WE,Federal Contract Tower,0,0,2,0,2,0,0,149,0,149,0,0,151,0,151,260,0,260,411
02/06/2011,RYN,AZ,AWP,WE,Federal Contract Tower,0,0,1,0,1,0,0,127,0,127,0,0,128,0,128,122,0,122,250
02/07/2011,RYN,AZ,AWP,WE,Federal Contract Tower,0,0,3,0,3,0,0,118,9,127,0,0,121,9,130,108,70,178,308
02/08/2011,RYN,AZ,AWP,WE,Federal Contract Tower,2,0,0,0,2,0,0,62,22,84,2,0,62,22,86,66,22,88,174
02/09/2011,RYN,AZ,AWP,WE,Federal Contract Tower,0,0,2,0,2,0,0,107,8,115,0,0,109,8,117,130,18,148,265
02/10/2011,RYN,AZ,AWP,WE,Federal Contract Tower,0,0,2,0,2,0,0,114,9,123,0,0,116,9,125,200,88,288,413
02/11/2011,RYN,AZ,AWP,WE,Federal Contract Tower,0,0,4,0,4,0,0,83,6,89,0,0,87,6,93,252,4,256,349
02/12/2011,RYN,AZ,AWP,WE,Federal Contract Tower,0,0,2,0,2,0,0,107,0,107,0,0,109,0,109,178,0,178,287
02/13/2011,RYN,AZ,AWP,WE,Federal Contract Tower,0,0,3,0,3,0,0,127,0,127,0,0,130,0,130,120,0,120,250
02/14/2011,RYN,AZ,AWP,WE,Federal Contract Tower,0,0,0,0,0,0,0,98,12,110,0,0,98,12,110,110,0,110,220
02/15/2011,RYN,AZ,AWP,WE,Federal Contract Tower,0,0,3,0,3,0,0,107,22,129,0,0,110,22,132,116,54,170,302
02/16/2011,RYN,AZ,AWP,WE,Federal Contract Tower,0,0,2,0,2,0,0,110,4,114,0,0,112,4,116,182,0,182,298
02/17/2011,RYN,AZ,AWP,WE,Federal Contract Tower,0,0,6,0,6,0,0,148,0,148,0,0,154,0,154,166,18,184,338
02/18/2011,RYN,AZ,AWP,WE,Federal Contract Tower,0,0,0,0,0,0,0,89,0,89,0,0,89,0,89,198,0,198,287
02/19/2011,RYN,AZ,AWP,WE,Federal Contract Tower,0,0,0,0,0,0,0,59,0,59,0,0,59,0,59,62,0,62,121
02/20/2011,RYN,AZ,AWP,WE,Federal Contract Tower,0,0,2,0,2,0,0,115,0,115,0,0,117,0,117,112,0,112,229
02/21/2011,RYN,AZ,AWP,WE,Federal Contract Tower,0,0,0,0,0,0,0,158,9,167,0,0,158,9,167,270,0,270,437
02/22/2011,RYN,AZ,AWP,WE,Federal Contract Tower,0,0,6,0,6,0,0,136,10,146,0,0,142,10,152,326,60,386,538
02/23/2011,RYN,AZ,AWP,WE,Federal Contract Tower,0,0,1,0,1,0,0,82,0,82,0,0,83,0,83,124,0,124,207
02/24/2011,RYN,AZ,AWP,WE,Federal Contract Tower,0,0,0,0,0,0,0,123,12,135,0,0,123,12,135,306,0,306,441
02/25/2011,RYN,AZ,AWP,WE,Federal Contract Tower,0,0,1,0,1,0,0,95,0,95,0,0,96,0,96,223,0,223,319
02/26/2011,RYN,AZ,AWP,WE,Federal Contract Tower,0,0,0,0,0,0,0,66,0,66,0,0,66,0,66,146,0,146,212
02/27/2011,RYN,AZ,AWP,WE,Federal Contract Tower,0,0,3,0,3,0,0,60,0,60,0,0,63,0,63,96,0,96,159
02/28/2011,RYN,AZ,AWP,WE,Federal Contract Tower,0,0,1,0,1,0,0,107,8,115,0,0,108,8,116,190,30,220,336
03/01/2011,RYN,AZ,AWP,WE,Federal Contract Tower,0,0,6,0,6,0,0,157,8,165,0,0,163,8,171,318,0,318,489
03/02/2011,RYN,AZ,AWP,WE,Federal Contract Tower,0,0,5,0,5,0,0,129,0,129,0,0,134,0,134,170,2,172,306
03/03/2011,RYN,AZ,AWP,WE,Federal Contract Tower,0,0,106,2,108,0,0,0,0,0,0,0,106,2,108,248,0,248,356
03/04/2011,RYN,AZ,AWP,WE,Federal Contract Tower,0,0,0,0,0,0,0,73,0,73,0,0,73,0,73,228,0,228,301
03/05/2011,RYN,AZ,AWP,WE,Federal Contract Tower,0,0,0,0,0,0,0,159,2,161,0,0,159,2,161,166,0,166,327
03/06/2011,RYN,AZ,AWP,WE,Federal Contract Tower,0,0,2,0,2,0,0,134,2,136,0,0,136,2,138,234,20,254,392
03/07/2011,RYN,AZ,AWP,WE,Federal Contract Tower,0,0,0,0,0,0,0,136,0,136,0,0,136,0,136,200,0,200,336
03/08/2011,RYN,AZ,AWP,WE,Federal Contract Tower,0,0,0,0,0,0,0,157,2,159,0,0,157,2,159,350,0,350,509
03/09/2011,RYN,AZ,AWP,WE,Federal Contract Tower,0,0,4,0,4,0,0,169,2,171,0,0,173,2,175,285,0,285,460
03/10/2011,RYN,AZ,AWP,WE,Federal Contract Tower,0,0,0,0,0,0,0,108,0,108,0,0,108,0,108,250,0,250,358
03/11/2011,RYN,AZ,AWP,WE,Federal Contract Tower,0,0,4,0,4,0,0,100,0,100,0,0,104,0,104,266,0,266,370
03/12/2011,RYN,AZ,AWP,WE,Federal Contract Tower,0,0,0,0,0,0,0,133,0,133,0,0,133,0,133,260,0,260,393
03/13/2011,RYN,AZ,AWP,WE,Federal Contract Tower,0,0,3,0,3,0,0,171,0,171,0,0,174,0,174,158,0,158,332
03/14/2011,RYN,AZ,AWP,WE,Federal Contract Tower,0,0,7,0,7,0,0,115,13,128,0,0,122,13,135,168,0,168,303
03/15/2011,RYN,AZ,AWP,WE,Federal Contract Tower,0,0,9,0,9,0,0,149,8,157,0,0,158,8,166,266,10,276,442
03/16/2011,RYN,AZ,AWP,WE,Federal Contract Tower,0,0,1,0,1,0,0,108,10,118,0,0,109,10,119,206,0,206,325
03/17/2011,RYN,AZ,AWP,WE,Federal Contract Tower,0,0,1,0,1,0,0,100,0,100,0,0,101,0,101,194,0,194,295
03/18/2011,RYN,AZ,AWP,WE,Federal Contract Tower,0,0,4,0,4,0,0,84,0,84,0,0,88,0,88,158,0,158,246
03/19/2011,RYN,AZ,AWP,WE,Federal Contract Tower,0,0,0,0,0,0,0,320,0,320,0,0,320,0,320,370,0,370,690
03/20/2011,RYN,AZ,AWP,WE,Federal Contract Tower,0,0,2,0,2,0,0,117,0,117,0,0,119,0,119,144,0,144,263
03/21/2011,RYN,AZ,AWP,WE,Federal Contract Tower,0,0,0,0,0,0,0,14,0,14,0,0,14,0,14,18,0,18,32
03/22/2011,RYN,AZ,AWP,WE,Federal Contract Tower,0,0,2,0,2,0,0,158,6,164,0,0,160,6,166,246,0,246,412
03/23/2011,RYN,AZ,AWP,WE,Federal Contract Tower,0,0,0,0,0,0,0,114,0,114,0,0,114,0,114,196,0,196,310
03/24/2011,RYN,AZ,AWP,WE,Federal Contract Tower,0,0,1,0,1,0,0,125,2,127,0,0,126,2,128,236,6,242,370
03/25/2011,RYN,AZ,AWP,WE,Federal Contract Tower,0,0,2,0,2,0,0,104,0,104,0,0,106,0,106,222,0,222,328
03/26/2011,RYN,AZ,AWP,WE,Federal Contract Tower,0,0,3,0,3,0,0,145,0,145,0,0,148,0,148,162,0,162,310
03/27/2011,RYN,AZ,AWP,WE,Federal Contract Tower,0,0,1,0,1,0,0,118,0,118,0,0,119,0,119,128,0,128,247
03/28/2011,RYN,AZ,AWP,WE,Federal Contract Tower,0,0,1,0,1,0,0,124,2,126,0,0,125,2,127,168,0,168,295
03/29/2011,RYN,AZ,AWP,WE,Federal Contract Tower,0,0,1,0,1,0,0,140,4,144,0,0,141,4,145,230,0,230,375
03/30/2011,RYN,AZ,AWP,WE,Federal Contract Tower,0,0,2,0,2,0,0,119,2,121,0,0,121,2,123,188,2,190,313
03/31/2011,RYN,AZ,AWP,WE,Federal Contract Tower,0,0,1,0,1,0,0,134,2,136,0,0,135,2,137,216,0,216,353
04/01/2011,RYN,AZ,AWP,WE,Federal Contract Tower,0,0,2,0,2,0,0,94,0,94,0,0,96,0,96,156,0,156,252
04/02/2011,RYN,AZ,AWP,WE,Federal Contract Tower,0,0,2,0,2,0,0,229,0,229,0,0,231,0,231,174,0,174,405
04/03/2011,RYN,AZ,AWP,WE,Federal Contract Tower,0,0,1,0,1,0,0,44,0,44,0,0,45,0,45,84,0,84,129
04/04/2011,RYN,AZ,AWP,WE,Federal Contract Tower,0,0,0,0,0,0,0,84,2,86,0,0,84,2,86,197,0,197,283
04/05/2011,RYN,AZ,AWP,WE,Federal Contract Tower,0,0,0,0,0,0,0,120,12,132,0,0,120,12,132,170,2,172,304
04/06/2011,RYN,AZ,AWP,WE,Federal Contract Tower,0,0,0,0,0,0,0,107,14,121,0,0,107,14,121,156,0,156,277
04/07/2011,RYN,AZ,AWP,WE,Federal Contract Tower,0,0,0,0,0,0,0,104,2,106,0,0,104,2,106,180,28,208,314
04/08/2011,RYN,AZ,AWP,WE,Federal Contract Tower,0,0,0,0,0,0,0,35,0,35,0,0,35,0,35,14,0,14,49
04/09/2011,RYN,AZ,AWP,WE,Federal Contract Tower,0,0,4,0,4,0,0,150,0,150,0,0,154,0,154,176,0,176,330
04/10/2011,RYN,AZ,AWP,WE,Federal Contract Tower,0,0,2,0,2,0,0,87,0,87,0,0,89,0,89,98,0,98,187
04/11/2011,RYN,AZ,AWP,WE,Federal Contract Tower,0,0,1,0,1,0,0,121,14,135,0,0,122,14,136,200,0,200,336
04/12/2011,RYN,AZ,AWP,WE,Federal Contract Tower,0,0,1,0,1,0,0,137,8,145,0,0,138,8,146,236,0,236,382
04/13/2011,RYN,AZ,AWP,WE,Federal Contract Tower,0,0,1,2,3,0,0,117,13,130,0,0,118,15,133,226,14,240,373
04/14/2011,RYN,AZ,AWP,WE,Federal Contract Tower,0,0,0,0,0,0,0,100,0,100,0,0,100,0,100,180,0,180,280
04/15/2011,RYN,AZ,AWP,WE,Federal Contract Tower,0,0,0,0,0,0,0,98,0,98,0,0,98,0,98,268,2,270,368
04/16/2011,RYN,AZ,AWP,WE,Federal Contract Tower,0,0,0,0,0,0,0,156,0,156,0,0,156,0,156,212,0,212,368
04/17/2011,RYN,AZ,AWP,WE,Federal Contract Tower,0,0,0,0,0,0,0,127,0,127,0,0,127,0,127,136,0,136,263
04/18/2011,RYN,AZ,AWP,WE,Federal Contract Tower,0,0,0,0,0,0,0,105,16,121,0,0,105,16,121,162,52,214,335
04/19/2011,RYN,AZ,AWP,WE,Federal Contract Tower,0,0,0,0,0,0,4,116,8,128,0,4,116,8,128,168,6,174,302
04/20/2011,RYN,AZ,AWP,WE,Federal Contract Tower,0,0,0,0,0,0,0,185,8,193,0,0,185,8,193,156,0,156,349
04/21/2011,RYN,AZ,AWP,WE,Federal Contract Tower,0,0,0,0,0,0,0,126,4,130,0,0,126,4,130,196,0,196,326
04/22/2011,RYN,AZ,AWP,WE,Federal Contract Tower,0,0,7,0,7,0,0,96,0,96,0,0,103,0,103,178,0,178,281
04/23/2011,RYN,AZ,AWP,WE,Federal Contract Tower,0,0,0,0,0,0,0,199,0,199,0,0,199,0,199,236,0,236,435
04/24/2011,RYN,AZ,AWP,WE,Federal Contract Tower,0,0,1,0,1,0,0,75,0,75,0,0,76,0,76,229,0,229,305
04/25/2011,RYN,AZ,AWP,WE,Federal Contract Tower,0,0,5,0,5,0,0,119,12,131,0,0,124,12,136,168,2,170,306
04/26/2011,RYN,AZ,AWP,WE,Federal Contract Tower,0,0,0,0,0,0,0,133,8,141,0,0,133,8,141,192,0,192,333
04/27/2011,RYN,AZ,AWP,WE,Federal Contract Tower,0,0,2,0,2,0,0,141,2,143,0,0,143,2,145,196,2,198,343
04/28/2011,RYN,AZ,AWP,WE,Federal Contract Tower,0,0,2,0,2,0,0,141,0,141,0,0,143,0,143,210,6,216,359
04/29/2011,RYN,AZ,AWP,WE,Federal Contract Tower,0,0,1,0,1,0,0,46,0,46,0,0,47,0,47,76,0,76,123
04/30/2011,RYN,AZ,AWP,WE,Federal Contract Tower,0,0,1,0,1,0,0,151,3,154,0,0,152,3,155,202,0,202,357
05/01/2011,RYN,AZ,AWP,WE,Federal Contract Tower,0,0,1,0,1,0,0,117,0,117,0,0,118,0,118,114,0,114,232
05/02/2011,RYN,AZ,AWP,WE,Federal Contract Tower,0,0,0,0,0,0,0,117,14,131,0,0,117,14,131,130,40,170,301
05/03/2011,RYN,AZ,AWP,WE,Federal Contract Tower,0,0,0,2,2,0,0,126,14,140,0,0,126,16,142,166,4,170,312
05/04/2011,RYN,AZ,AWP,WE,Federal Contract Tower,0,0,2,0,2,0,0,123,8,131,0,0,125,8,133,252,0,252,385
05/05/2011,RYN,AZ,AWP,WE,Federal Contract Tower,0,0,0,0,0,0,0,116,0,116,0,0,116,0,116,230,0,230,346
05/06/2011,RYN,AZ,AWP,WE,Federal Contract Tower,0,0,3,0,3,0,0,130,0,130,0,0,133,0,133,268,0,268,401
05/07/2011,RYN,AZ,AWP,WE,Federal Contract Tower,0,0,1,0,1,0,0,160,2,162,0,0,161,2,163,188,0,188,351
05/08/2011,RYN,AZ,AWP,WE,Federal Contract Tower,0,0,1,0,1,0,0,81,0,81,0,0,82,0,82,188,0,188,270
05/09/2011,RYN,AZ,AWP,WE,Federal Contract Tower,0,0,0,0,0,0,10,84,24,118,0,10,84,24,118,146,114,260,378
05/10/2011,RYN,AZ,AWP,WE,Federal Contract Tower,0,0,0,0,0,0,0,131,30,161,0,0,131,30,161,186,64,250,411
05/11/2011,RYN,AZ,AWP,WE,Federal Contract Tower,0,0,2,0,2,0,0,118,16,134,0,0,120,16,136,122,12,134,270
05/12/2011,RYN,AZ,AWP,WE,Federal Contract Tower,0,0,0,0,0,0,0,138,0,138,0,0,138,0,138,204,8,212,350
05/13/2011,RYN,AZ,AWP,WE,Federal Contract Tower,0,0,0,0,0,0,0,86,0,86,0,0,86,0,86,154,0,154,240
05/14/2011,RYN,AZ,AWP,WE,Federal Contract Tower,0,0,0,0,0,0,0,160,8,168,0,0,160,8,168,160,0,160,328
05/15/2011,RYN,AZ,AWP,WE,Federal Contract Tower,0,0,1,0,1,0,0,130,0,130,0,0,131,0,131,176,0,176,307
05/16/2011,RYN,AZ,AWP,WE,Federal Contract Tower,0,0,0,0,0,0,0,112,18,130,0,0,112,18,130,120,104,224,354
05/17/2011,RYN,AZ,AWP,WE,Federal Contract Tower,0,0,1,0,1,0,0,135,16,151,0,0,136,16,152,182,0,182,334
05/18/2011,RYN,AZ,AWP,WE,Federal Contract Tower,0,0,0,0,0,0,0,135,0,135,0,0,135,0,135,172,0,172,307
05/19/2011,RYN,AZ,AWP,WE,Federal Contract Tower,0,0,0,0,0,0,0,126,0,126,0,0,126,0,126,216,0,216,342
05/20/2011,RYN,AZ,AWP,WE,Federal Contract Tower,0,0,5,0,5,0,0,166,2,168,0,0,171,2,173,240,2,242,415
05/21/2011,RYN,AZ,AWP,WE,Federal Contract Tower,0,0,1,0,1,0,0,142,8,150,0,0,143,8,151,176,0,176,327
05/22/2011,RYN,AZ,AWP,WE,Federal Contract Tower,0,0,1,0,1,0,0,126,0,126,0,0,127,0,127,120,0,120,247
05/23/2011,RYN,AZ,AWP,WE,Federal Contract Tower,0,0,0,0,0,0,0,127,14,141,0,0,127,14,141,172,14,186,327
05/24/2011,RYN,AZ,AWP,WE,Federal Contract Tower,0,0,2,0,2,0,0,101,18,119,0,0,103,18,121,114,4,118,239
05/25/2011,RYN,AZ,AWP,WE,Federal Contract Tower,0,0,2,0,2,0,0,142,6,148,0,0,144,6,150,228,12,240,390
05/26/2011,RYN,AZ,AWP,WE,Federal Contract Tower,0,0,2,0,2,0,0,125,0,125,0,0,127,0,127,212,0,212,339
05/27/2011,RYN,AZ,AWP,WE,Federal Contract Tower,0,0,2,0,2,0,0,129,0,129,0,0,131,0,131,145,4,149,280
05/28/2011,RYN,AZ,AWP,WE,Federal Contract Tower,0,0,0,0,0,0,0,117,4,121,0,0,117,4,121,198,0,198,319
05/29/2011,RYN,AZ,AWP,WE,Federal Contract Tower,0,0,0,0,0,0,0,47,0,47,0,0,47,0,47,74,0,74,121
05/30/2011,RYN,AZ,AWP,WE,Federal Contract Tower,0,0,3,0,3,0,0,127,2,129,0,0,130,2,132,188,0,188,320
05/31/2011,RYN,AZ,AWP,WE,Federal Contract Tower,0,0,0,0,0,0,0,105,10,115,0,0,105,10,115,176,10,186,301
06/01/2011,RYN,AZ,AWP,WE,Federal Contract Tower,0,0,0,0,0,0,0,130,0,130,0,0,130,0,130,190,0,190,320
06/02/2011,RYN,AZ,AWP,WE,Federal Contract Tower,0,0,0,0,0,0,0,149,2,151,0,0,149,2,151,174,0,174,325
06/03/2011,RYN,AZ,AWP,WE,Federal Contract Tower,0,0,3,0,3,0,0,94,0,94,0,0,97,0,97,194,0,194,291
06/04/2011,RYN,AZ,AWP,WE,Federal Contract Tower,0,0,2,0,2,0,0,154,4,158,0,0,156,4,160,158,0,158,318
06/05/2011,RYN,AZ,AWP,WE,Federal Contract Tower,0,0,2,0,2,0,0,132,0,132,0,0,134,0,134,116,0,116,250
06/06/2011,RYN,AZ,AWP,WE,Federal Contract Tower,0,0,2,0,2,0,0,129,16,145,0,0,131,16,147,152,18,170,317
06/07/2011,RYN,AZ,AWP,WE,Federal Contract Tower,0,0,1,0,1,0,0,123,8,131,0,0,124,8,132,260,0,260,392
06/08/2011,RYN,AZ,AWP,WE,Federal Contract Tower,0,0,2,0,2,0,0,129,0,129,0,0,131,0,131,108,0,108,239
06/09/2011,RYN,AZ,AWP,WE,Federal Contract Tower,0,0,0,0,0,0,0,132,0,132,0,0,132,0,132,222,16,238,370
06/10/2011,RYN,AZ,AWP,WE,Federal Contract Tower,0,0,0,0,0,0,0,135,4,139,0,0,135,4,139,214,0,214,353
06/11/2011,RYN,AZ,AWP,WE,Federal Contract Tower,0,0,2,0,2,0,0,156,2,158,0,0,158,2,160,202,2,204,364
06/12/2011,RYN,AZ,AWP,WE,Federal Contract Tower,0,0,4,0,4,0,0,142,8,150,0,0,146,8,154,202,0,202,356
06/13/2011,RYN,AZ,AWP,WE,Federal Contract Tower,0,0,2,0,2,0,0,147,16,163,0,0,149,16,165,212,2,214,379
06/14/2011,RYN,AZ,AWP,WE,Federal Contract Tower,0,0,2,0,2,0,0,138,10,148,0,0,140,10,150,222,34,256,406
06/15/2011,RYN,AZ,AWP,WE,Federal Contract Tower,0,0,2,0,2,0,0,133,2,135,0,0,135,2,137,188,2,190,327
06/16/2011,RYN,AZ,AWP,WE,Federal Contract Tower,0,0,3,0,3,0,0,123,0,123,0,0,126,0,126,180,14,194,320
06/17/2011,RYN,AZ,AWP,WE,Federal Contract Tower,0,0,4,0,4,0,0,95,0,95,0,0,99,0,99,110,0,110,209
06/18/2011,RYN,AZ,AWP,WE,Federal Contract Tower,0,0,0,0,0,0,0,144,0,144,0,0,144,0,144,262,0,262,406
06/19/2011,RYN,AZ,AWP,WE,Federal Contract Tower,0,0,0,0,0,0,0,83,0,83,0,0,83,0,83,108,0,108,191
06/20/2011,RYN,AZ,AWP,WE,Federal Contract Tower,0,0,1,0,1,0,0,124,12,136,0,0,125,12,137,188,2,190,327
06/21/2011,RYN,AZ,AWP,WE,Federal Contract Tower,0,0,0,0,0,0,0,152,6,158,0,0,152,6,158,233,0,233,391
06/22/2011,RYN,AZ,AWP,WE,Federal Contract Tower,0,0,3,0,3,0,0,126,2,128,0,0,129,2,131,193,0,193,324
06/23/2011,RYN,AZ,AWP,WE,Federal Contract Tower,0,0,0,0,0,0,0,90,4,94,0,0,90,4,94,214,12,226,320
06/24/2011,RYN,AZ,AWP,WE,Federal Contract Tower,0,0,2,0,2,0,0,134,2,136,0,0,136,2,138,244,0,244,382
06/25/2011,RYN,AZ,AWP,WE,Federal Contract Tower,0,0,2,0,2,0,0,147,8,155,0,0,149,8,157,202,0,202,359
06/26/2011,RYN,AZ,AWP,WE,Federal Contract Tower,0,0,1,0,1,0,0,68,0,68,0,0,69,0,69,270,0,270,339
06/27/2011,RYN,AZ,AWP,WE,Federal Contract Tower,0,0,0,0,0,0,0,129,8,137,0,0,129,8,137,190,0,190,327
06/28/2011,RYN,AZ,AWP,WE,Federal Contract Tower,0,0,1,0,1,0,0,131,11,142,0,0,132,11,143,160,4,164,307
06/29/2011,RYN,AZ,AWP,WE,Federal Contract Tower,0,0,1,0,1,0,0,120,6,126,0,0,121,6,127,200,0,200,327
06/30/2011,RYN,AZ,AWP,WE,Federal Contract Tower,0,0,0,0,0,0,0,129,0,129,0,0,129,0,129,208,0,208,337
07/01/2011,RYN,AZ,AWP,WE,Federal Contract Tower,0,0,0,0,0,0,0,87,0,87,0,0,87,0,87,168,0,168,255
07/02/2011,RYN,AZ,AWP,WE,Federal Contract Tower,0,0,4,0,4,0,0,128,0,128,0,0,132,0,132,288,0,288,420
07/03/2011,RYN,AZ,AWP,WE,Federal Contract Tower,0,0,0,0,0,0,0,124,0,124,0,0,124,0,124,190,0,190,314
07/04/2011,RYN,AZ,AWP,WE,Federal Contract Tower,0,0,1,0,1,0,0,44,0,44,0,0,45,0,45,66,0,66,111
07/05/2011,RYN,AZ,AWP,WE,Federal Contract Tower,0,0,1,0,1,0,0,0,0,0,0,0,1,0,1,166,0,166,167
07/06/2011,RYN,AZ,AWP,WE,Federal Contract Tower,0,0,2,0,2,0,0,134,0,134,0,0,136,0,136,200,0,200,336
07/07/2011,RYN,AZ,AWP,WE,Federal Contract Tower,0,0,1,0,1,0,0,115,0,115,0,0,116,0,116,228,0,228,344
07/08/2011,RYN,AZ,AWP,WE,Federal Contract Tower,0,0,1,0,1,0,0,124,0,124,0,0,125,0,125,208,0,208,333
07/09/2011,RYN,AZ,AWP,WE,Federal Contract Tower,0,0,0,0,0,0,0,172,0,172,0,0,172,0,172,278,0,278,450
07/10/2011,RYN,AZ,AWP,WE,Federal Contract Tower,0,0,3,0,3,0,0,104,0,104,0,0,107,0,107,192,0,192,299
07/11/2011,RYN,AZ,AWP,WE,Federal Contract Tower,0,0,1,0,1,0,0,130,13,143,0,0,131,13,144,184,6,190,334
07/12/2011,RYN,AZ,AWP,WE,Federal Contract Tower,0,0,2,0,2,0,0,140,0,140,0,0,142,0,142,208,0,208,350
07/13/2011,RYN,AZ,AWP,WE,Federal Contract Tower,0,0,3,0,3,0,0,124,4,128,0,0,127,4,131,198,2,200,331
07/14/2011,RYN,AZ,AWP,WE,Federal Contract Tower,0,0,132,12,144,0,0,0,0,0,0,0,132,12,144,175,62,237,381
07/15/2011,RYN,AZ,AWP,WE,Federal Contract Tower,0,0,2,0,2,0,0,112,0,112,0,0,114,0,114,226,0,226,340
07/16/2011,RYN,AZ,AWP,WE,Federal Contract Tower,0,0,1,0,1,0,0,150,0,150,0,0,151,0,151,234,0,234,385
07/17/2011,RYN,AZ,AWP,WE,Federal Contract Tower,0,0,1,0,1,0,0,141,0,141,0,0,142,0,142,150,0,150,292
07/18/2011,RYN,AZ,AWP,WE,Federal Contract Tower,0,0,3,0,3,0,0,125,16,141,0,0,128,16,144,168,0,168,312
07/19/2011,RYN,AZ,AWP,WE,Federal Contract Tower,0,0,1,0,1,0,0,146,8,154,0,0,147,8,155,212,0,212,367
07/20/2011,RYN,AZ,AWP,WE,Federal Contract Tower,0,0,3,0,3,0,0,100,4,104,0,0,103,4,107,206,0,206,313
07/21/2011,RYN,AZ,AWP,WE,Federal Contract Tower,0,0,5,0,5,0,0,132,0,132,0,0,137,0,137,236,0,236,373
07/22/2011,RYN,AZ,AWP,WE,Federal Contract Tower,0,0,2,0,2,0,0,141,0,141,0,0,143,0,143,222,0,222,365
07/23/2011,RYN,AZ,AWP,WE,Federal Contract Tower,0,0,0,0,0,0,0,136,0,136,0,0,136,0,136,196,0,196,332
07/24/2011,RYN,AZ,AWP,WE,Federal Contract Tower,0,0,1,0,1,0,0,123,0,123,0,0,124,0,124,160,0,160,284
07/25/2011,RYN,AZ,AWP,WE,Federal Contract Tower,0,0,1,0,1,0,0,149,8,157,0,0,150,8,158,224,0,224,382
07/26/2011,RYN,AZ,AWP,WE,Federal Contract Tower,0,0,2,0,2,0,0,145,18,163,0,0,147,18,165,170,8,178,343
07/27/2011,RYN,AZ,AWP,WE,Federal Contract Tower,0,0,1,0,1,0,0,130,6,136,0,0,131,6,137,198,0,198,335
07/28/2011,RYN,AZ,AWP,WE,Federal Contract Tower,0,0,1,0,1,0,0,144,4,148,0,0,145,4,149,216,0,216,365
07/29/2011,RYN,AZ,AWP,WE,Federal Contract Tower,0,0,4,0,4,0,0,99,0,99,0,0,103,0,103,174,0,174,277
07/30/2011,RYN,AZ,AWP,WE,Federal Contract Tower,0,0,0,0,0,0,0,180,0,180,0,0,180,0,180,216,0,216,396
07/31/2011,RYN,AZ,AWP,WE,Federal Contract Tower,0,0,0,0,0,0,0,89,0,89,0,0,89,0,89,152,0,152,241
08/01/2011,RYN,AZ,AWP,WE,Federal Contract Tower,0,0,1,0,1,0,0,136,14,150,0,0,137,14,151,180,8,188,339
08/02/2011,RYN,AZ,AWP,WE,Federal Contract Tower,0,0,1,0,1,0,0,130,16,146,0,0,131,16,147,138,20,158,305
08/03/2011,RYN,AZ,AWP,WE,Federal Contract Tower,0,0,3,0,3,0,0,154,4,158,0,0,157,4,161,160,0,160,321
08/04/2011,RYN,AZ,AWP,WE,Federal Contract Tower,0,0,0,0,0,0,0,137,2,139,0,0,137,2,139,208,0,208,347
08/05/2011,RYN,AZ,AWP,WE,Federal Contract Tower,0,0,0,0,0,0,0,96,2,98,0,0,96,2,98,192,0,192,290
08/06/2011,RYN,AZ,AWP,WE,Federal Contract Tower,0,0,1,0,1,0,0,160,0,160,0,0,161,0,161,196,0,196,357
08/07/2011,RYN,AZ,AWP,WE,Federal Contract Tower,0,0,0,0,0,0,0,132,0,132,0,0,132,0,132,184,0,184,316
08/08/2011,RYN,AZ,AWP,WE,Federal Contract Tower,0,0,2,0,2,0,0,156,12,168,0,0,158,12,170,186,0,186,356
08/09/2011,RYN,AZ,AWP,WE,Federal Contract Tower,0,0,3,0,3,0,0,126,12,138,0,0,129,12,141,214,0,214,355
08/10/2011,RYN,AZ,AWP,WE,Federal Contract Tower,0,0,0,0,0,0,0,124,10,134,0,0,124,10,134,162,0,162,296
08/11/2011,RYN,AZ,AWP,WE,Federal Contract Tower,0,0,134,6,140,0,0,0,0,0,0,0,134,6,140,214,0,214,354
08/12/2011,RYN,AZ,AWP,WE,Federal Contract Tower,0,0,5,0,5,0,0,120,0,120,0,0,125,0,125,210,0,210,335
08/13/2011,RYN,AZ,AWP,WE,Federal Contract Tower,0,0,0,0,0,0,0,152,0,152,0,0,152,0,152,232,0,232,384
08/14/2011,RYN,AZ,AWP,WE,Federal Contract Tower,0,0,1,0,1,0,0,153,0,153,0,0,154,0,154,150,0,150,304
08/15/2011,RYN,AZ,AWP,WE,Federal Contract Tower,0,0,0,0,0,0,0,142,14,156,0,0,142,14,156,152,0,152,308
08/16/2011,RYN,AZ,AWP,WE,Federal Contract Tower,0,0,4,0,4,0,0,164,14,178,0,0,168,14,182,192,2,194,376
08/17/2011,RYN,AZ,AWP,WE,Federal Contract Tower,0,0,5,0,5,0,0,175,2,177,0,0,180,2,182,190,0,190,372
08/18/2011,RYN,AZ,AWP,WE,Federal Contract Tower,0,0,3,0,3,0,0,158,4,162,0,0,161,4,165,152,0,152,317
08/19/2011,RYN,AZ,AWP,WE,Federal Contract Tower,0,0,0,0,0,0,0,105,0,105,0,0,105,0,105,230,0,230,335
08/20/2011,RYN,AZ,AWP,WE,Federal Contract Tower,0,0,0,0,0,0,0,153,0,153,0,0,153,0,153,238,0,238,391
08/21/2011,RYN,AZ,AWP,WE,Federal Contract Tower,0,0,0,0,0,0,0,139,0,139,0,0,139,0,139,146,0,146,285
08/22/2011,RYN,AZ,AWP,WE,Federal Contract Tower,0,0,4,0,4,0,0,0,0,0,0,0,4,0,4,178,0,178,182
08/23/2011,RYN,AZ,AWP,WE,Federal Contract Tower,0,0,1,0,1,0,0,149,4,153,0,0,150,4,154,174,0,174,328
08/24/2011,RYN,AZ,AWP,WE,Federal Contract Tower,0,0,7,0,7,0,0,174,2,176,0,0,181,2,183,154,2,156,339
08/25/2011,RYN,AZ,AWP,WE,Federal Contract Tower,0,0,1,0,1,0,0,135,4,139,0,0,136,4,140,182,0,182,322
08/26/2011,RYN,AZ,AWP,WE,Federal Contract Tower,0,0,0,0,0,0,0,126,0,126,0,0,126,0,126,162,6,168,294
08/27/2011,RYN,AZ,AWP,WE,Federal Contract Tower,0,0,2,0,2,0,0,143,0,143,0,0,145,0,145,188,0,188,333
08/28/2011,RYN,AZ,AWP,WE,Federal Contract Tower,0,0,0,0,0,0,0,135,0,135,0,0,135,0,135,180,0,180,315
08/29/2011,RYN,AZ,AWP,WE,Federal Contract Tower,0,0,2,0,2,0,0,137,12,149,0,0,139,12,151,162,8,170,321
08/30/2011,RYN,AZ,AWP,WE,Federal Contract Tower,0,0,3,0,3,0,0,120,18,138,0,0,123,18,141,166,30,196,337
08/31/2011,RYN,AZ,AWP,WE,Federal Contract Tower,0,0,1,0,1,0,0,166,0,166,0,0,167,0,167,142,0,142,309
09/01/2011,RYN,AZ,AWP,WE,Federal Contract Tower,0,0,2,0,2,0,0,124,0,124,0,0,126,0,126,196,4,200,326
09/02/2011,RYN,AZ,AWP,WE,Federal Contract Tower,0,0,3,0,3,0,0,160,0,160,0,0,163,0,163,186,0,186,349
09/03/2011,RYN,AZ,AWP,WE,Federal Contract Tower,0,0,0,0,0,0,0,152,0,152,0,0,152,0,152,232,0,232,384
09/04/2011,RYN,AZ,AWP,WE,Federal Contract Tower,0,0,0,0,0,0,0,125,0,125,0,0,125,0,125,188,0,188,313
09/05/2011,RYN,AZ,AWP,WE,Federal Contract Tower,0,2,0,0,2,0,0,141,0,141,0,2,141,0,143,138,0,138,281
09/06/2011,RYN,AZ,AWP,WE,Federal Contract Tower,0,0,0,0,0,0,0,148,16,164,0,0,148,16,164,166,14,180,344
09/07/2011,RYN,AZ,AWP,WE,Federal Contract Tower,0,0,0,0,0,0,0,157,2,159,0,0,157,2,159,194,0,194,353
09/08/2011,RYN,AZ,AWP,WE,Federal Contract Tower,0,0,0,0,0,0,0,209,2,211,0,0,209,2,211,228,0,228,439
09/09/2011,RYN,AZ,AWP,WE,Federal Contract Tower,0,0,0,0,0,0,0,109,0,109,0,0,109,0,109,168,0,168,277
09/10/2011,RYN,AZ,AWP,WE,Federal Contract Tower,0,0,2,0,2,0,0,129,2,131,0,0,131,2,133,144,0,144,277
09/11/2011,RYN,AZ,AWP,WE,Federal Contract Tower,0,0,0,0,0,0,0,124,2,126,0,0,124,2,126,162,0,162,288
09/12/2011,RYN,AZ,AWP,WE,Federal Contract Tower,0,0,0,0,0,0,0,116,0,116,0,0,116,0,116,158,0,158,274
09/13/2011,RYN,AZ,AWP,WE,Federal Contract Tower,0,0,0,0,0,0,0,132,14,146,0,0,132,14,146,180,0,180,326
09/14/2011,RYN,AZ,AWP,WE,Federal Contract Tower,0,0,1,0,1,0,0,124,0,124,0,0,125,0,125,158,0,158,283
09/15/2011,RYN,AZ,AWP,WE,Federal Contract Tower,0,0,4,0,4,0,0,159,0,159,0,0,163,0,163,180,0,180,343
09/16/2011,RYN,AZ,AWP,WE,Federal Contract Tower,0,0,0,0,0,0,0,106,0,106,0,0,106,0,106,199,0,199,305
09/17/2011,RYN,AZ,AWP,WE,Federal Contract Tower,0,0,0,0,0,0,0,196,0,196,0,0,196,0,196,270,0,270,466
09/18/2011,RYN,AZ,AWP,WE,Federal Contract Tower,0,0,1,0,1,0,0,160,0,160,0,0,161,0,161,176,0,176,337
09/19/2011,RYN,AZ,AWP,WE,Federal Contract Tower,0,0,0,0,0,0,0,107,6,113,0,0,107,6,113,236,0,236,349
09/20/2011,RYN,AZ,AWP,WE,Federal Contract Tower,0,0,0,0,0,0,0,139,0,139,0,0,139,0,139,182,0,182,321
09/21/2011,RYN,AZ,AWP,WE,Federal Contract Tower,0,0,0,0,0,0,0,154,4,158,0,0,154,4,158,166,0,166,324
09/22/2011,RYN,AZ,AWP,WE,Federal Contract Tower,0,0,1,0,1,0,0,138,4,142,0,0,139,4,143,200,0,200,343
09/23/2011,RYN,AZ,AWP,WE,Federal Contract Tower,0,0,1,0,1,0,0,136,10,146,0,0,137,10,147,176,0,176,323
09/24/2011,RYN,AZ,AWP,WE,Federal Contract Tower,0,0,0,0,0,0,0,107,0,107,0,0,107,0,107,146,0,146,253
09/25/2011,RYN,AZ,AWP,WE,Federal Contract Tower,0,0,1,0,1,0,0,133,0,133,0,0,134,0,134,122,0,122,256
09/26/2011,RYN,AZ,AWP,WE,Federal Contract Tower,0,0,0,0,0,0,0,130,8,138,0,0,130,8,138,190,0,190,328
09/27/2011,RYN,AZ,AWP,WE,Federal Contract Tower,0,0,0,0,0,0,0,140,14,154,0,0,140,14,154,178,6,184,338
09/28/2011,RYN,AZ,AWP,WE,Federal Contract Tower,0,0,0,0,0,0,0,178,4,182,0,0,178,4,182,148,0,148,330
09/29/2011,RYN,AZ,AWP,WE,Federal Contract Tower,0,0,2,0,2,0,0,152,2,154,0,0,154,2,156,198,0,198,354
09/30/2011,RYN,AZ,AWP,WE,Federal Contract Tower,0,0,0,0,0,0,0,97,0,97,0,0,97,0,97,148,0,148,245
10/01/2011,RYN,AZ,AWP,WE,Federal Contract Tower,0,0,0,0,0,0,0,162,0,162,0,0,162,0,162,236,0,236,398
10/02/2011,RYN,AZ,AWP,WE,Federal Contract Tower,0,0,1,0,1,0,0,105,0,105,0,0,106,0,106,116,0,116,222
10/03/2011,RYN,AZ,AWP,WE,Federal Contract Tower,0,0,2,0,2,0,0,137,10,147,0,0,139,10,149,180,0,180,329
10/04/2011,RYN,AZ,AWP,WE,Federal Contract Tower,0,0,3,0,3,0,0,124,8,132,0,0,127,8,135,176,0,176,311
10/05/2011,RYN,AZ,AWP,WE,Federal Contract Tower,0,0,6,0,6,0,0,129,4,133,0,0,135,4,139,155,0,155,294
10/06/2011,RYN,AZ,AWP,WE,Federal Contract Tower,0,0,8,0,8,0,0,74,0,74,0,0,82,0,82,94,0,94,176
10/07/2011,RYN,AZ,AWP,WE,Federal Contract Tower,0,0,2,0,2,0,0,109,8,117,0,0,111,8,119,200,14,214,333
10/08/2011,RYN,AZ,AWP,WE,Federal Contract Tower,0,0,0,0,0,0,0,140,0,140,0,0,140,0,140,230,0,230,370
10/09/2011,RYN,AZ,AWP,WE,Federal Contract Tower,0,0,2,0,2,0,0,114,0,114,0,0,116,0,116,148,0,148,264
10/10/2011,RYN,AZ,AWP,WE,Federal Contract Tower,0,0,1,0,1,0,0,155,8,163,0,0,156,8,164,172,0,172,336
10/11/2011,RYN,AZ,AWP,WE,Federal Contract Tower,0,0,1,0,1,0,0,149,18,167,0,0,150,18,168,224,28,252,420
10/12/2011,RYN,AZ,AWP,WE,Federal Contract Tower,0,0,3,0,3,0,0,189,6,195,0,0,192,6,198,186,0,186,384
10/13/2011,RYN,AZ,AWP,WE,Federal Contract Tower,0,0,0,0,0,0,0,157,12,169,0,0,157,12,169,182,20,202,371
10/14/2011,RYN,AZ,AWP,WE,Federal Contract Tower,0,0,1,0,1,0,0,120,0,120,0,0,121,0,121,204,12,216,337
10/15/2011,RYN,AZ,AWP,WE,Federal Contract Tower,0,0,0,0,0,0,0,174,0,174,0,0,174,0,174,242,0,242,416
10/16/2011,RYN,AZ,AWP,WE,Federal Contract Tower,0,0,2,0,2,0,0,228,2,230,0,0,230,2,232,254,4,258,490
10/17/2011,RYN,AZ,AWP,WE,Federal Contract Tower,0,0,2,0,2,0,0,148,6,154,0,0,150,6,156,220,0,220,376
10/18/2011,RYN,AZ,AWP,WE,Federal Contract Tower,0,0,0,0,0,0,0,157,16,173,0,0,157,16,173,170,38,208,381
10/19/2011,RYN,AZ,AWP,WE,Federal Contract Tower,0,0,0,0,0,0,0,144,4,148,0,0,144,4,148,160,0,160,308
10/20/2011,RYN,AZ,AWP,WE,Federal Contract Tower,0,0,0,0,0,0,0,152,6,158,0,0,152,6,158,186,8,194,352
10/21/2011,RYN,AZ,AWP,WE,Federal Contract Tower,0,0,0,0,0,0,0,120,0,120,0,0,120,0,120,162,0,162,282
10/22/2011,RYN,AZ,AWP,WE,Federal Contract Tower,0,0,2,0,2,0,0,159,0,159,0,0,161,0,161,202,0,202,363
10/23/2011,RYN,AZ,AWP,WE,Federal Contract Tower,0,0,2,0,2,0,0,105,0,105,0,0,107,0,107,110,0,110,217
10/24/2011,RYN,AZ,AWP,WE,Federal Contract Tower,0,0,0,0,0,0,0,112,19,131,0,0,112,19,131,166,60,226,357
10/25/2011,RYN,AZ,AWP,WE,Federal Contract Tower,0,0,0,0,0,0,0,183,8,191,0,0,183,8,191,176,28,204,395
10/26/2011,RYN,AZ,AWP,WE,Federal Contract Tower,0,0,0,0,0,0,0,81,0,81,0,0,81,0,81,122,0,122,203
10/27/2011,RYN,AZ,AWP,WE,Federal Contract Tower,0,0,2,0,2,0,0,141,0,141,0,0,143,0,143,196,0,196,339
10/28/2011,RYN,AZ,AWP,WE,Federal Contract Tower,0,0,0,0,0,0,0,78,0,78,0,0,78,0,78,130,0,130,208
10/29/2011,RYN,AZ,AWP,WE,Federal Contract Tower,0,0,0,0,0,0,0,133,0,133,0,0,133,0,133,202,0,202,335
10/30/2011,RYN,AZ,AWP,WE,Federal Contract Tower,0,0,0,0,0,0,0,90,0,90,0,0,90,0,90,238,0,238,328
10/31/2011,RYN,AZ,AWP,WE,Federal Contract Tower,0,0,1,0,1,0,0,144,16,160,0,0,145,16,161,164,28,192,353
11/01/2011,RYN,AZ,AWP,WE,Federal Contract Tower,10,0,0,0,10,0,0,152,4,156,10,0,152,4,166,228,24,252,418
11/02/2011,RYN,AZ,AWP,WE,Federal Contract Tower,0,0,1,0,1,0,0,102,0,102,0,0,103,0,103,154,0,154,257
11/03/2011,RYN,AZ,AWP,WE,Federal Contract Tower,0,0,3,0,3,0,0,130,4,134,0,0,133,4,137,202,4,206,343
11/04/2011,RYN,AZ,AWP,WE,Federal Contract Tower,0,0,0,0,0,0,0,20,2,22,0,0,20,2,22,58,12,70,92
11/05/2011,RYN,AZ,AWP,WE,Federal Contract Tower,0,0,0,0,0,0,0,131,0,131,0,0,131,0,131,168,0,168,299
11/06/2011,RYN,AZ,AWP,WE,Federal Contract Tower,0,0,0,0,0,0,0,114,0,114,0,0,114,0,114,269,0,269,383
11/07/2011,RYN,AZ,AWP,WE,Federal Contract Tower,0,0,7,0,7,0,0,132,6,138,0,0,139,6,145,162,0,162,307
11/08/2011,RYN,AZ,AWP,WE,Federal Contract Tower,0,0,3,0,3,0,0,120,24,144,0,0,123,24,147,198,30,228,375
11/09/2011,RYN,AZ,AWP,WE,Federal Contract Tower,0,0,4,0,4,0,0,156,4,160,0,0,160,4,164,184,0,184,348
11/10/2011,RYN,AZ,AWP,WE,Federal Contract Tower,0,0,4,0,4,0,0,46,2,48,0,0,50,2,52,24,4,28,80
11/11/2011,RYN,AZ,AWP,WE,Federal Contract Tower,0,0,7,0,7,0,0,119,0,119,0,0,126,0,126,228,0,228,354
11/12/2011,RYN,AZ,AWP,WE,Federal Contract Tower,0,0,3,0,3,0,0,121,0,121,0,0,124,0,124,152,0,152,276
11/13/2011,RYN,AZ,AWP,WE,Federal Contract Tower,0,0,4,0,4,0,0,27,0,27,0,0,31,0,31,36,0,36,67
11/14/2011,RYN,AZ,AWP,WE,Federal Contract Tower,0,0,4,0,4,0,0,110,9,119,0,0,114,9,123,160,42,202,325
11/15/2011,RYN,AZ,AWP,WE,Federal Contract Tower,0,0,2,0,2,0,0,144,14,158,0,0,146,14,160,192,16,208,368
11/16/2011,RYN,AZ,AWP,WE,Federal Contract Tower,0,0,1,0,1,0,0,146,8,154,0,0,147,8,155,171,0,171,326
11/17/2011,RYN,AZ,AWP,WE,Federal Contract Tower,0,0,3,0,3,0,0,132,10,142,0,0,135,10,145,158,4,162,307
11/18/2011,RYN,AZ,AWP,WE,Federal Contract Tower,0,0,5,0,5,0,0,141,0,141,0,0,146,0,146,194,0,194,340
11/19/2011,RYN,AZ,AWP,WE,Federal Contract Tower,0,0,4,0,4,0,0,153,0,153,0,0,157,0,157,232,0,232,389
11/20/2011,RYN,AZ,AWP,WE,Federal Contract Tower,0,0,0,0,0,0,0,102,0,102,0,0,102,0,102,180,0,180,282
11/21/2011,RYN,AZ,AWP,WE,Federal Contract Tower,0,0,5,0,5,0,0,72,12,84,0,0,77,12,89,152,8,160,249
11/22/2011,RYN,AZ,AWP,WE,Federal Contract Tower,0,0,2,0,2,0,0,131,17,148,0,0,133,17,150,219,58,277,427
11/23/2011,RYN,AZ,AWP,WE,Federal Contract Tower,0,0,2,0,2,0,0,120,6,126,0,0,122,6,128,94,0,94,222
11/24/2011,RYN,AZ,AWP,WE,Federal Contract Tower,0,0,0,0,0,0,0,46,0,46,0,0,46,0,46,52,0,52,98
11/25/2011,RYN,AZ,AWP,WE,Federal Contract Tower,0,0,3,0,3,0,0,126,0,126,0,0,129,0,129,218,0,218,347
11/26/2011,RYN,AZ,AWP,WE,Federal Contract Tower,0,0,0,0,0,0,0,143,0,143,0,0,143,0,143,192,0,192,335
11/27/2011,RYN,AZ,AWP,WE,Federal Contract Tower,0,0,6,0,6,0,0,80,0,80,0,0,86,0,86,207,0,207,293
11/28/2011,RYN,AZ,AWP,WE,Federal Contract Tower,0,0,2,0,2,0,0,135,10,145,0,0,137,10,147,174,2,176,323
11/29/2011,RYN,AZ,AWP,WE,Federal Contract Tower,0,0,1,0,1,0,0,143,13,156,0,0,144,13,157,210,16,226,383
11/30/2011,RYN,AZ,AWP,WE,Federal Contract Tower,0,0,2,0,2,0,0,122,9,131,0,0,124,9,133,224,30,254,387
12/01/2011,RYN,AZ,AWP,WE,Federal Contract Tower,0,0,0,0,0,0,0,11,3,14,0,0,11,3,14,4,16,20,34
12/02/2011,RYN,AZ,AWP,WE,Federal Contract Tower,0,0,1,0,1,0,0,62,0,62,0,0,63,0,63,36,36,72,135
12/03/2011,RYN,AZ,AWP,WE,Federal Contract Tower,0,0,0,0,0,0,0,86,0,86,0,0,86,0,86,180,0,180,266
12/04/2011,RYN,AZ,AWP,WE,Federal Contract Tower,0,0,4,0,4,0,0,29,0,29,0,0,33,0,33,149,0,149,182
12/05/2011,RYN,AZ,AWP,WE,Federal Contract Tower,0,0,2,0,2,0,0,109,13,122,0,0,111,13,124,216,12,228,352
12/06/2011,RYN,AZ,AWP,WE,Federal Contract Tower,0,0,4,0,4,0,0,128,16,144,0,0,132,16,148,182,0,182,330
12/07/2011,RYN,AZ,AWP,WE,Federal Contract Tower,0,0,3,0,3,0,0,107,6,113,0,0,110,6,116,138,0,138,254
12/08/2011,RYN,AZ,AWP,WE,Federal Contract Tower,0,0,2,0,2,0,0,157,8,165,0,0,159,8,167,186,28,214,381
12/09/2011,RYN,AZ,AWP,WE,Federal Contract Tower,0,0,0,0,0,0,0,93,2,95,0,0,93,2,95,176,66,242,337
12/10/2011,RYN,AZ,AWP,WE,Federal Contract Tower,0,0,0,0,0,0,0,124,0,124,0,0,124,0,124,246,0,246,370
12/11/2011,RYN,AZ,AWP,WE,Federal Contract Tower,0,0,1,0,1,0,0,102,10,112,0,0,103,10,113,186,22,208,321
12/12/2011,RYN,AZ,AWP,WE,Federal Contract Tower,0,0,0,0,0,0,0,135,21,156,0,0,135,21,156,192,0,192,348
12/13/2011,RYN,AZ,AWP,WE,Federal Contract Tower,0,0,4,2,6,0,0,56,8,64,0,0,60,10,70,80,4,84,154
12/14/2011,RYN,AZ,AWP,WE,Federal Contract Tower,0,0,11,0,11,0,0,127,4,131,0,0,138,4,142,144,0,144,286
12/15/2011,RYN,AZ,AWP,WE,Federal Contract Tower,0,0,3,0,3,0,0,135,0,135,0,0,138,0,138,158,44,202,340
12/16/2011,RYN,AZ,AWP,WE,Federal Contract Tower,0,0,6,0,6,0,0,113,0,113,0,0,119,0,119,148,0,148,267
12/17/2011,RYN,AZ,AWP,WE,Federal Contract Tower,0,0,0,0,0,0,0,147,0,147,0,0,147,0,147,158,0,158,305
12/18/2011,RYN,AZ,AWP,WE,Federal Contract Tower,0,0,0,0,0,0,0,53,0,53,0,0,53,0,53,50,0,50,103
12/19/2011,RYN,AZ,AWP,WE,Federal Contract Tower,0,0,1,0,1,0,0,131,28,159,0,0,132,28,160,192,0,192,352
12/20/2011,RYN,AZ,AWP,WE,Federal Contract Tower,0,0,0,0,0,0,0,162,22,184,0,0,162,22,184,188,4,192,376
12/21/2011,RYN,AZ,AWP,WE,Federal Contract Tower,0,0,2,0,2,0,0,193,0,193,0,0,195,0,195,120,0,120,315
12/22/2011,RYN,AZ,AWP,WE,Federal Contract Tower,0,0,9,0,9,0,0,147,0,147,0,0,156,0,156,146,16,162,318
12/23/2011,RYN,AZ,AWP,WE,Federal Contract Tower,0,0,0,0,0,0,0,87,0,87,0,0,87,0,87,122,0,122,209
12/24/2011,RYN,AZ,AWP,WE,Federal Contract Tower,0,0,0,0,0,0,0,48,0,48,0,0,48,0,48,53,0,53,101
12/25/2011,RYN,AZ,AWP,WE,Federal Contract Tower,0,0,1,0,1,0,0,49,0,49,0,0,50,0,50,60,0,60,110
12/26/2011,RYN,AZ,AWP,WE,Federal Contract Tower,0,0,1,0,1,0,0,131,12,143,0,0,132,12,144,178,0,178,322
12/27/2011,RYN,AZ,AWP,WE,Federal Contract Tower,0,0,0,0,0,0,0,156,14,170,0,0,156,14,170,208,0,208,378
12/28/2011,RYN,AZ,AWP,WE,Federal Contract Tower,0,0,0,0,0,0,0,166,4,170,0,0,166,4,170,204,0,204,374
12/29/2011,RYN,AZ,AWP,WE,Federal Contract Tower,0,0,2,0,2,0,0,143,0,143,0,0,145,0,145,180,0,180,325
12/30/2011,RYN,AZ,AWP,WE,Federal Contract Tower,0,0,6,0,6,0,0,146,4,150,0,0,152,4,156,232,6,238,394
12/31/2011,RYN,AZ,AWP,WE,Federal Contract Tower,0,0,0,0,0,0,0,111,0,111,0,0,111,0,111,258,0,258,369
01/01/2012,RYN,AZ,AWP,WE,Federal Contract Tower,0,0,5,0,5,0,0,70,0,70,0,0,75,0,75,112,0,112,187
01/02/2012,RYN,AZ,AWP,WE,Federal Contract Tower,0,0,0,0,0,0,0,91,0,91,0,0,91,0,91,247,0,247,338
01/03/2012,RYN,AZ,AWP,WE,Federal Contract Tower,0,0,1,0,1,0,0,144,6,150,0,0,145,6,151,198,0,198,349
01/04/2012,RYN,AZ,AWP,WE,Federal Contract Tower,0,0,3,0,3,0,0,137,6,143,0,0,140,6,146,182,48,230,376
01/05/2012,RYN,AZ,AWP,WE,Federal Contract Tower,0,0,1,0,1,0,0,135,12,147,0,0,136,12,148,206,20,226,374
01/06/2012,RYN,AZ,AWP,WE,Federal Contract Tower,0,0,3,0,3,0,0,139,6,145,0,0,142,6,148,176,16,192,340
01/07/2012,RYN,AZ,AWP,WE,Federal Contract Tower,0,0,0,0,0,0,0,169,0,169,0,0,169,0,169,228,0,228,397
01/08/2012,RYN,AZ,AWP,WE,Federal Contract Tower,0,0,2,0,2,0,0,130,0,130,0,0,132,0,132,124,0,124,256
01/09/2012,RYN,AZ,AWP,WE,Federal Contract Tower,0,0,2,0,2,0,0,108,6,114,0,0,110,6,116,244,0,244,360
01/10/2012,RYN,AZ,AWP,WE,Federal Contract Tower,0,0,3,0,3,0,0,133,16,149,0,0,136,16,152,166,32,198,350
01/11/2012,RYN,AZ,AWP,WE,Federal Contract Tower,0,0,0,0,0,0,0,129,12,141,0,0,129,12,141,226,22,248,389
01/12/2012,RYN,AZ,AWP,WE,Federal Contract Tower,0,0,7,0,7,0,0,153,4,157,0,0,160,4,164,188,22,210,374
01/13/2012,RYN,AZ,AWP,WE,Federal Contract Tower,0,0,0,0,0,0,0,125,2,127,0,0,125,2,127,186,12,198,325
01/14/2012,RYN,AZ,AWP,WE,Federal Contract Tower,0,0,2,0,2,0,0,193,4,197,0,0,195,4,199,318,0,318,517
01/15/2012,RYN,AZ,AWP,WE,Federal Contract Tower,0,0,1,0,1,0,0,94,0,94,0,0,95,0,95,142,0,142,237
01/16/2012,RYN,AZ,AWP,WE,Federal Contract Tower,0,0,0,0,0,0,0,147,16,163,0,0,147,16,163,176,0,176,339
01/17/2012,RYN,AZ,AWP,WE,Federal Contract Tower,0,0,2,0,2,0,0,138,18,156,0,0,140,18,158,178,18,196,354
01/18/2012,RYN,AZ,AWP,WE,Federal Contract Tower,0,0,1,0,1,0,0,169,12,181,0,0,170,12,182,145,0,145,327
01/19/2012,RYN,AZ,AWP,WE,Federal Contract Tower,0,0,1,0,1,0,0,158,4,162,0,0,159,4,163,180,18,198,361
01/20/2012,RYN,AZ,AWP,WE,Federal Contract Tower,0,0,4,0,4,0,0,106,0,106,0,0,110,0,110,122,0,122,232
01/21/2012,RYN,AZ,AWP,WE,Federal Contract Tower,0,0,4,0,4,0,0,129,0,129,0,0,133,0,133,199,0,199,332
01/22/2012,RYN,AZ,AWP,WE,Federal Contract Tower,0,0,0,0,0,0,0,135,0,135,0,0,135,0,135,164,0,164,299
01/23/2012,RYN,AZ,AWP,WE,Federal Contract Tower,0,0,0,0,0,0,0,124,14,138,0,0,124,14,138,178,32,210,348
01/24/2012,RYN,AZ,AWP,WE,Federal Contract Tower,0,0,1,0,1,0,0,154,12,166,0,0,155,12,167,180,34,214,381
01/25/2012,RYN,AZ,AWP,WE,Federal Contract Tower,0,0,1,0,1,0,0,135,18,153,0,0,136,18,154,134,54,188,342
01/26/2012,RYN,AZ,AWP,WE,Federal Contract Tower,0,0,3,0,3,0,0,150,2,152,0,0,153,2,155,170,6,176,331
01/27/2012,RYN,AZ,AWP,WE,Federal Contract Tower,0,0,0,0,0,0,0,115,8,123,0,0,115,8,123,164,40,204,327
01/28/2012,RYN,AZ,AWP,WE,Federal Contract Tower,0,0,1,0,1,0,0,85,0,85,0,0,86,0,86,284,0,284,370
01/29/2012,RYN,AZ,AWP,WE,Federal Contract Tower,0,0,0,0,0,0,0,101,0,101,0,0,101,0,101,126,0,126,227
01/30/2012,RYN,AZ,AWP,WE,Federal Contract Tower,0,0,0,0,0,0,0,123,4,127,0,0,123,4,127,124,16,140,267
01/31/2012,RYN,AZ,AWP,WE,Federal Contract Tower,0,0,0,0,0,0,0,138,24,162,0,0,138,24,162,160,10,170,332
02/01/2012,RYN,AZ,AWP,WE,Federal Contract Tower,0,0,0,0,0,0,0,180,16,196,0,0,180,16,196,192,50,242,438
02/02/2012,RYN,AZ,AWP,WE,Federal Contract Tower,0,0,0,0,0,0,0,146,16,162,0,0,146,16,162,180,30,210,372
02/03/2012,RYN,AZ,AWP,WE,Federal Contract Tower,0,0,5,0,5,0,0,133,0,133,0,0,138,0,138,178,0,178,316
02/04/2012,RYN,AZ,AWP,WE,Federal Contract Tower,0,0,0,0,0,0,0,135,0,135,0,0,135,0,135,304,0,304,439
02/05/2012,RYN,AZ,AWP,WE,Federal Contract Tower,0,0,2,0,2,0,0,123,0,123,0,0,125,0,125,140,0,140,265
02/06/2012,RYN,AZ,AWP,WE,Federal Contract Tower,0,0,2,0,2,0,0,142,20,162,0,0,144,20,164,166,24,190,354
02/07/2012,RYN,AZ,AWP,WE,Federal Contract Tower,0,0,3,0,3,0,0,161,26,187,0,0,164,26,190,192,8,200,390
02/08/2012,RYN,AZ,AWP,WE,Federal Contract Tower,0,0,0,0,0,0,0,126,14,140,0,0,126,14,140,152,48,200,340
02/09/2012,RYN,AZ,AWP,WE,Federal Contract Tower,0,0,0,0,0,0,0,126,10,136,0,0,126,10,136,194,28,222,358
02/10/2012,RYN,AZ,AWP,WE,Federal Contract Tower,0,0,2,0,2,0,0,170,0,170,0,0,172,0,172,160,0,160,332
02/11/2012,RYN,AZ,AWP,WE,Federal Contract Tower,0,0,2,0,2,0,0,109,0,109,0,0,111,0,111,240,0,240,351
02/12/2012,RYN,AZ,AWP,WE,Federal Contract Tower,0,0,2,0,2,0,0,149,0,149,0,0,151,0,151,120,0,120,271
02/13/2012,RYN,AZ,AWP,WE,Federal Contract Tower,0,0,1,0,1,0,0,123,24,147,0,0,124,24,148,136,50,186,334
02/14/2012,RYN,AZ,AWP,WE,Federal Contract Tower,0,0,4,0,4,0,0,128,22,150,0,0,132,22,154,140,0,140,294
02/15/2012,RYN,AZ,AWP,WE,Federal Contract Tower,0,0,1,0,1,0,0,144,14,158,0,0,145,14,159,162,0,162,321
02/16/2012,RYN,AZ,AWP,WE,Federal Contract Tower,0,0,0,0,0,0,0,109,6,115,0,0,109,6,115,192,16,208,323
02/17/2012,RYN,AZ,AWP,WE,Federal Contract Tower,0,0,4,0,4,0,0,146,4,150,0,0,150,4,154,150,36,186,340
02/18/2012,RYN,AZ,AWP,WE,Federal Contract Tower,0,0,1,0,1,0,0,145,0,145,0,0,146,0,146,265,0,265,411
02/19/2012,RYN,AZ,AWP,WE,Federal Contract Tower,0,0,3,0,3,0,0,112,0,112,0,0,115,0,115,144,0,144,259
02/20/2012,RYN,AZ,AWP,WE,Federal Contract Tower,0,0,0,0,0,0,0,141,26,167,0,0,141,26,167,150,0,150,317
02/21/2012,RYN,AZ,AWP,WE,Federal Contract Tower,0,0,0,0,0,0,0,151,24,175,0,0,151,24,175,182,22,204,379
02/22/2012,RYN,AZ,AWP,WE,Federal Contract Tower,0,0,3,0,3,0,0,139,40,179,0,0,142,40,182,222,26,248,430
02/23/2012,RYN,AZ,AWP,WE,Federal Contract Tower,0,0,4,0,4,0,0,152,12,164,0,0,156,12,168,186,36,222,390
02/24/2012,RYN,AZ,AWP,WE,Federal Contract Tower,0,0,0,0,0,0,0,129,4,133,0,0,129,4,133,190,12,202,335
02/25/2012,RYN,AZ,AWP,WE,Federal Contract Tower,0,0,3,0,3,0,0,173,0,173,0,0,176,0,176,216,0,216,392
02/26/2012,RYN,AZ,AWP,WE,Federal Contract Tower,0,0,2,0,2,0,0,109,0,109,0,0,111,0,111,154,0,154,265
02/27/2012,RYN,AZ,AWP,WE,Federal Contract Tower,0,0,0,0,0,0,0,127,30,157,0,0,127,30,157,134,30,164,321
02/28/2012,RYN,AZ,AWP,WE,Federal Contract Tower,0,0,5,0,5,0,0,158,28,186,0,0,163,28,191,190,12,202,393
02/29/2012,RYN,AZ,AWP,WE,Federal Contract Tower,0,0,1,0,1,0,0,159,18,177,0,0,160,18,178,172,20,192,370
03/01/2012,RYN,AZ,AWP,WE,Federal Contract Tower,0,0,0,0,0,0,0,119,6,125,0,0,119,6,125,172,22,194,319
03/02/2012,RYN,AZ,AWP,WE,Federal Contract Tower,0,0,0,0,0,0,0,124,6,130,0,0,124,6,130,148,22,170,300
03/03/2012,RYN,AZ,AWP,WE,Federal Contract Tower,0,0,1,0,1,0,0,182,20,202,0,0,183,20,203,216,14,230,433
03/04/2012,RYN,AZ,AWP,WE,Federal Contract Tower,0,0,0,0,0,0,0,106,8,114,0,0,106,8,114,196,34,230,344
03/05/2012,RYN,AZ,AWP,WE,Federal Contract Tower,0,0,2,0,2,0,0,149,24,173,0,0,151,24,175,174,24,198,373
03/06/2012,RYN,AZ,AWP,WE,Federal Contract Tower,0,0,2,0,2,0,0,130,34,164,0,0,132,34,166,134,8,142,308
03/07/2012,RYN,AZ,AWP,WE,Federal Contract Tower,0,0,3,0,3,0,0,68,16,84,0,0,71,16,87,82,38,120,207
03/08/2012,RYN,AZ,AWP,WE,Federal Contract Tower,0,0,3,0,3,0,0,83,2,85,0,0,86,2,88,124,0,124,212
03/09/2012,RYN,AZ,AWP,WE,Federal Contract Tower,0,0,1,0,1,0,0,90,2,92,0,0,91,2,93,100,0,100,193
03/10/2012,RYN,AZ,AWP,WE,Federal Contract Tower,0,0,1,0,1,0,0,145,12,157,0,0,146,12,158,221,48,269,427
03/11/2012,RYN,AZ,AWP,WE,Federal Contract Tower,0,0,1,0,1,0,0,110,8,118,0,0,111,8,119,136,36,172,291
03/12/2012,RYN,AZ,AWP,WE,Federal Contract Tower,0,0,3,0,3,0,0,157,24,181,0,0,160,24,184,146,28,174,358
03/13/2012,RYN,AZ,AWP,WE,Federal Contract Tower,0,0,2,0,2,0,0,162,30,192,0,0,164,30,194,168,6,174,368
03/14/2012,RYN,AZ,AWP,WE,Federal Contract Tower,0,0,3,0,3,0,0,169,22,191,0,0,172,22,194,197,8,205,399
03/15/2012,RYN,AZ,AWP,WE,Federal Contract Tower,0,0,1,0,1,0,0,177,14,191,0,0,178,14,192,230,8,238,430
03/16/2012,RYN,AZ,AWP,WE,Federal Contract Tower,0,0,2,0,2,0,0,131,14,145,0,0,133,14,147,214,18,232,379
03/17/2012,RYN,AZ,AWP,WE,Federal Contract Tower,0,0,2,0,2,0,0,89,0,89,0,0,91,0,91,338,0,338,429
03/18/2012,RYN,AZ,AWP,WE,Federal Contract Tower,0,0,1,0,1,0,0,1,0,1,0,0,2,0,2,8,0,8,10
03/19/2012,RYN,AZ,AWP,WE,Federal Contract Tower,0,0,0,0,0,0,0,49,30,79,0,0,49,30,79,26,28,54,133
03/20/2012,RYN,AZ,AWP,WE,Federal Contract Tower,0,0,0,0,0,0,0,158,18,176,0,0,158,18,176,166,4,170,346
03/21/2012,RYN,AZ,AWP,WE,Federal Contract Tower,0,0,3,0,3,0,0,163,12,175,0,0,166,12,178,182,0,182,360
03/22/2012,RYN,AZ,AWP,WE,Federal Contract Tower,0,0,1,0,1,0,0,140,22,162,0,0,141,22,163,194,30,224,387
03/23/2012,RYN,AZ,AWP,WE,Federal Contract Tower,0,0,8,0,8,0,0,124,4,128,0,0,132,4,136,210,14,224,360
03/24/2012,RYN,AZ,AWP,WE,Federal Contract Tower,0,0,3,0,3,0,0,124,0,124,0,0,127,0,127,322,0,322,449
03/25/2012,RYN,AZ,AWP,WE,Federal Contract Tower,0,0,1,0,1,0,0,136,0,136,0,0,137,0,137,110,0,110,247
03/26/2012,RYN,AZ,AWP,WE,Federal Contract Tower,0,0,1,0,1,0,0,131,24,155,0,0,132,24,156,150,6,156,312
03/27/2012,RYN,AZ,AWP,WE,Federal Contract Tower,0,0,2,0,2,0,0,178,14,192,0,0,180,14,194,232,16,248,442
03/28/2012,RYN,AZ,AWP,WE,Federal Contract Tower,0,0,4,0,4,0,0,193,18,211,0,0,197,18,215,208,24,232,447
03/29/2012,RYN,AZ,AWP,WE,Federal Contract Tower,0,0,4,0,4,0,0,170,18,188,0,0,174,18,192,162,12,174,366
03/30/2012,RYN,AZ,AWP,WE,Federal Contract Tower,0,0,0,0,0,0,0,163,8,171,0,0,163,8,171,226,26,252,423
03/31/2012,RYN,AZ,AWP,WE,Federal Contract Tower,0,0,1,0,1,0,0,83,4,87,0,0,84,4,88,236,0,236,324
04/01/2012,RYN,AZ,AWP,WE,Federal Contract Tower,0,0,0,0,0,0,0,63,0,63,0,0,63,0,63,140,0,140,203
04/02/2012,RYN,AZ,AWP,WE,Federal Contract Tower,0,0,0,0,0,0,0,110,30,140,0,0,110,30,140,110,26,136,276
04/03/2012,RYN,AZ,AWP,WE,Federal Contract Tower,0,0,4,0,4,0,0,155,24,179,0,0,159,24,183,162,32,194,377
04/04/2012,RYN,AZ,AWP,WE,Federal Contract Tower,0,0,0,0,0,0,0,140,0,140,0,0,140,0,140,165,0,165,305
04/05/2012,RYN,AZ,AWP,WE,Federal Contract Tower,0,0,2,0,2,0,0,132,18,150,0,0,134,18,152,164,42,206,358
04/06/2012,RYN,AZ,AWP,WE,Federal Contract Tower,0,0,0,0,0,0,0,173,8,181,0,0,173,8,181,212,24,236,417
04/07/2012,RYN,AZ,AWP,WE,Federal Contract Tower,0,0,0,0,0,0,0,111,8,119,0,0,111,8,119,300,0,300,419
04/08/2012,RYN,AZ,AWP,WE,Federal Contract Tower,0,0,0,0,0,0,0,193,18,211,0,0,193,18,211,162,0,162,373
04/09/2012,RYN,AZ,AWP,WE,Federal Contract Tower,0,0,4,0,4,0,0,157,26,183,0,0,161,26,187,132,14,146,333
04/10/2012,RYN,AZ,AWP,WE,Federal Contract Tower,0,0,0,0,0,0,0,167,24,191,0,0,167,24,191,142,12,154,345
04/11/2012,RYN,AZ,AWP,WE,Federal Contract Tower,0,0,0,0,0,0,0,102,8,110,0,0,102,8,110,180,28,208,318
04/12/2012,RYN,AZ,AWP,WE,Federal Contract Tower,0,0,0,0,0,0,0,129,13,142,0,0,129,13,142,230,34,264,406
04/13/2012,RYN,AZ,AWP,WE,Federal Contract Tower,0,0,4,0,4,0,0,61,4,65,0,0,65,4,69,170,12,182,251
04/14/2012,RYN,AZ,AWP,WE,Federal Contract Tower,0,0,0,0,0,0,0,8,2,10,0,0,8,2,10,0,0,0,10
04/15/2012,RYN,AZ,AWP,WE,Federal Contract Tower,0,0,0,0,0,0,0,153,0,153,0,0,153,0,153,162,0,162,315
04/16/2012,RYN,AZ,AWP,WE,Federal Contract Tower,0,0,2,0,2,0,0,0,0,0,0,0,2,0,2,172,40,212,214
04/17/2012,RYN,AZ,AWP,WE,Federal Contract Tower,0,0,4,0,4,0,0,145,18,163,0,0,149,18,167,172,8,180,347
04/18/2012,RYN,AZ,AWP,WE,Federal Contract Tower,0,0,2,0,2,0,0,152,22,174,0,0,154,22,176,242,58,300,476
04/19/2012,RYN,AZ,AWP,WE,Federal Contract Tower,0,0,3,0,3,0,0,162,18,180,0,0,165,18,183,218,24,242,425
04/20/2012,RYN,AZ,AWP,WE,Federal Contract Tower,0,0,15,0,15,0,0,156,0,156,0,0,171,0,171,244,0,244,415
04/21/2012,RYN,AZ,AWP,WE,Federal Contract Tower,0,0,2,0,2,0,0,190,4,194,0,0,192,4,196,351,0,351,547
04/22/2012,RYN,AZ,AWP,WE,Federal Contract Tower,0,0,1,0,1,0,0,132,0,132,0,0,133,0,133,154,0,154,287
04/23/2012,RYN,AZ,AWP,WE,Federal Contract Tower,0,0,2,0,2,0,0,118,26,144,0,0,120,26,146,108,76,184,330
04/24/2012,RYN,AZ,AWP,WE,Federal Contract Tower,0,0,3,0,3,0,0,123,30,153,0,0,126,30,156,120,44,164,320
04/25/2012,RYN,AZ,AWP,WE,Federal Contract Tower,0,0,4,0,4,0,0,148,10,158,0,0,152,10,162,178,12,190,352
04/26/2012,RYN,AZ,AWP,WE,Federal Contract Tower,0,0,0,0,0,0,0,66,20,86,0,0,66,20,86,88,18,106,192
04/27/2012,RYN,AZ,AWP,WE,Federal Contract Tower,0,0,2,0,2,0,0,99,0,99,0,0,101,0,101,190,0,190,291
04/28/2012,RYN,AZ,AWP,WE,Federal Contract Tower,0,0,1,0,1,0,0,151,2,153,0,0,152,2,154,273,22,295,449
04/29/2012,RYN,AZ,AWP,WE,Federal Contract Tower,0,0,0,0,0,0,0,158,0,158,0,0,158,0,158,146,0,146,304
04/30/2012,RYN,AZ,AWP,WE,Federal Contract Tower,0,0,1,0,1,0,0,136,30,166,0,0,137,30,167,126,116,242,409
05/01/2012,RYN,AZ,AWP,WE,Federal Contract Tower,0,0,0,0,0,0,0,128,26,154,0,0,128,26,154,204,14,218,372
05/02/2012,RYN,AZ,AWP,WE,Federal Contract Tower,0,0,1,0,1,0,0,134,18,152,0,0,135,18,153,156,0,156,309
05/03/2012,RYN,AZ,AWP,WE,Federal Contract Tower,0,0,0,0,0,0,0,120,22,142,0,0,120,22,142,190,22,212,354
05/04/2012,RYN,AZ,AWP,WE,Federal Contract Tower,0,0,2,0,2,0,0,106,6,112,0,0,108,6,114,210,22,232,346
05/05/2012,RYN,AZ,AWP,WE,Federal Contract Tower,0,0,1,0,1,0,0,108,0,108,0,0,109,0,109,317,0,317,426
05/06/2012,RYN,AZ,AWP,WE,Federal Contract Tower,0,0,1,0,1,0,0,143,0,143,0,0,144,0,144,156,0,156,300
05/07/2012,RYN,AZ,AWP,WE,Federal Contract Tower,0,0,2,0,2,0,0,122,16,138,0,0,124,16,140,128,84,212,352
05/08/2012,RYN,AZ,AWP,WE,Federal Contract Tower,0,0,2,0,2,0,0,146,30,176,0,0,148,30,178,188,36,224,402
05/09/2012,RYN,AZ,AWP,WE,Federal Contract Tower,0,0,1,0,1,0,0,28,0,28,0,0,29,0,29,12,0,12,41
05/10/2012,RYN,AZ,AWP,WE,Federal Contract Tower,0,0,0,0,0,0,0,182,16,198,0,0,182,16,198,230,56,286,484
05/11/2012,RYN,AZ,AWP,WE,Federal Contract Tower,0,0,0,0,0,0,0,107,4,111,0,0,107,4,111,186,30,216,327
05/12/2012,RYN,AZ,AWP,WE,Federal Contract Tower,0,0,1,0,1,0,0,134,4,138,0,0,135,4,139,264,0,264,403
05/13/2012,RYN,AZ,AWP,WE,Federal Contract Tower,0,0,1,0,1,0,0,160,6,166,0,0,161,6,167,162,12,174,341
05/14/2012,RYN,AZ,AWP,WE,Federal Contract Tower,0,0,0,0,0,0,0,113,8,121,0,0,113,8,121,137,0,137,258
05/15/2012,RYN,AZ,AWP,WE,Federal Contract Tower,0,0,0,0,0,0,0,88,2,90,0,0,88,2,90,68,0,68,158
05/16/2012,RYN,AZ,AWP,WE,Federal Contract Tower,0,0,2,0,2,0,0,105,8,113,0,0,107,8,115,166,18,184,299
05/17/2012,RYN,AZ,AWP,WE,Federal Contract Tower,0,0,0,0,0,0,0,137,24,161,0,0,137,24,161,206,24,230,391
05/18/2012,RYN,AZ,AWP,WE,Federal Contract Tower,0,0,2,0,2,0,0,117,24,141,0,0,119,24,143,128,18,146,289
05/19/2012,RYN,AZ,AWP,WE,Federal Contract Tower,0,0,0,0,0,0,0,173,24,197,0,0,173,24,197,212,0,212,409
05/20/2012,RYN,AZ,AWP,WE,Federal Contract Tower,0,0,0,0,0,0,0,97,2,99,0,0,97,2,99,186,4,190,289
05/21/2012,RYN,AZ,AWP,WE,Federal Contract Tower,0,0,0,0,0,0,0,115,24,139,0,0,115,24,139,174,0,174,313
05/22/2012,RYN,AZ,AWP,WE,Federal Contract Tower,0,0,0,0,0,0,0,118,4,122,0,0,118,4,122,132,32,164,286
05/23/2012,RYN,AZ,AWP,WE,Federal Contract Tower,0,0,0,0,0,0,0,63,14,77,0,0,63,14,77,142,42,184,261
05/24/2012,RYN,AZ,AWP,WE,Federal Contract Tower,0,0,0,0,0,0,0,69,22,91,0,0,69,22,91,126,20,146,237
05/25/2012,RYN,AZ,AWP,WE,Federal Contract Tower,0,0,0,0,0,0,0,60,6,66,0,0,60,6,66,183,34,217,283
05/26/2012,RYN,AZ,AWP,WE,Federal Contract Tower,0,0,0,6,6,0,0,40,6,46,0,0,40,12,52,119,36,155,207
05/27/2012,RYN,AZ,AWP,WE,Federal Contract Tower,0,0,0,0,0,0,0,140,2,142,0,0,140,2,142,144,4,148,290
05/28/2012,RYN,AZ,AWP,WE,Federal Contract Tower,0,0,0,0,0,0,0,135,24,159,0,0,135,24,159,150,0,150,309
05/29/2012,RYN,AZ,AWP,WE,Federal Contract Tower,0,0,0,0,0,0,0,148,18,166,0,0,148,18,166,309,64,373,539
05/30/2012,RYN,AZ,AWP,WE,Federal Contract Tower,0,0,4,0,4,0,0,164,16,180,0,0,168,16,184,228,8,236,420
05/31/2012,RYN,AZ,AWP,WE,Federal Contract Tower,0,0,3,0,3,0,0,121,6,127,0,0,124,6,130,184,12,196,326
06/01/2012,RYN,AZ,AWP,WE,Federal Contract Tower,0,0,1,0,1,0,0,70,6,76,0,0,71,6,77,128,8,136,213
06/02/2012,RYN,AZ,AWP,WE,Federal Contract Tower,0,0,1,0,1,0,0,74,3,77,0,0,75,3,78,295,0,295,373
06/03/2012,RYN,AZ,AWP,WE,Federal Contract Tower,0,0,2,0,2,0,0,138,0,138,0,0,140,0,140,148,0,148,288
06/04/2012,RYN,AZ,AWP,WE,Federal Contract Tower,0,0,0,0,0,0,0,139,26,165,0,0,139,26,165,146,40,186,351
06/05/2012,RYN,AZ,AWP,WE,Federal Contract Tower,0,0,2,0,2,0,0,117,24,141,0,0,119,24,143,146,24,170,313
06/06/2012,RYN,AZ,AWP,WE,Federal Contract Tower,0,0,4,0,4,0,0,105,16,121,0,0,109,16,125,128,0,128,253
06/07/2012,RYN,AZ,AWP,WE,Federal Contract Tower,0,0,0,0,0,0,0,158,6,164,0,0,158,6,164,162,12,174,338
06/08/2012,RYN,AZ,AWP,WE,Federal Contract Tower,0,0,2,0,2,0,0,135,0,135,0,0,137,0,137,166,0,166,303
06/09/2012,RYN,AZ,AWP,WE,Federal Contract Tower,0,0,0,0,0,0,0,105,1,106,0,0,105,1,106,283,14,297,403
06/10/2012,RYN,AZ,AWP,WE,Federal Contract Tower,0,0,3,0,3,0,0,146,4,150,0,0,149,4,153,164,12,176,329
06/11/2012,RYN,AZ,AWP,WE,Federal Contract Tower,0,0,0,0,0,0,0,72,3,75,0,0,72,3,75,219,128,347,422
06/12/2012,RYN,AZ,AWP,WE,Federal Contract Tower,0,0,6,0,6,0,0,118,20,138,0,0,124,20,144,224,16,240,384
06/13/2012,RYN,AZ,AWP,WE,Federal Contract Tower,0,0,0,0,0,0,0,126,14,140,0,0,126,14,140,168,0,168,308
06/14/2012,RYN,AZ,AWP,WE,Federal Contract Tower,0,0,0,0,0,0,0,142,18,160,0,0,142,18,160,218,6,224,384
06/15/2012,RYN,AZ,AWP,WE,Federal Contract Tower,0,0,0,0,0,0,0,121,24,145,0,0,121,24,145,134,24,158,303
06/16/2012,RYN,AZ,AWP,WE,Federal Contract Tower,0,0,0,0,0,0,0,67,0,67,0,0,67,0,67,259,0,259,326
06/17/2012,RYN,AZ,AWP,WE,Federal Contract Tower,0,0,3,0,3,0,0,123,8,131,0,0,126,8,134,182,0,182,316
06/18/2012,RYN,AZ,AWP,WE,Federal Contract Tower,0,0,0,0,0,0,0,123,0,123,0,0,123,0,123,126,0,126,249
06/19/2012,RYN,AZ,AWP,WE,Federal Contract Tower,0,0,0,0,0,0,0,126,18,144,0,0,126,18,144,156,18,174,318
06/20/2012,RYN,AZ,AWP,WE,Federal Contract Tower,0,0,0,0,0,0,0,126,14,140,0,0,126,14,140,182,12,194,334
06/21/2012,RYN,AZ,AWP,WE,Federal Contract Tower,0,0,2,0,2,0,0,111,12,123,0,0,113,12,125,138,62,200,325
06/22/2012,RYN,AZ,AWP,WE,Federal Contract Tower,0,0,2,0,2,0,0,133,2,135,0,0,135,2,137,208,4,212,349
06/23/2012,RYN,AZ,AWP,WE,Federal Contract Tower,0,0,0,0,0,0,0,112,2,114,0,0,112,2,114,214,12,226,340
06/24/2012,RYN,AZ,AWP,WE,Federal Contract Tower,0,0,1,0,1,0,0,105,2,107,0,0,106,2,108,212,0,212,320
06/25/2012,RYN,AZ,AWP,WE,Federal Contract Tower,0,0,0,0,0,0,0,143,12,155,0,0,143,12,155,150,0,150,305
06/26/2012,RYN,AZ,AWP,WE,Federal Contract Tower,0,0,0,0,0,0,0,135,18,153,0,0,135,18,153,154,46,200,353
06/27/2012,RYN,AZ,AWP,WE,Federal Contract Tower,0,0,0,0,0,0,0,113,12,125,0,0,113,12,125,148,2,150,275
06/28/2012,RYN,AZ,AWP,WE,Federal Contract Tower,0,0,1,0,1,0,0,130,12,142,0,0,131,12,143,200,12,212,355
06/29/2012,RYN,AZ,AWP,WE,Federal Contract Tower,0,0,0,0,0,0,0,90,2,92,0,0,90,2,92,118,0,118,210
06/30/2012,RYN,AZ,AWP,WE,Federal Contract Tower,0,0,0,0,0,0,0,134,10,144,0,0,134,10,144,226,12,238,382
07/01/2012,RYN,AZ,AWP,WE,Federal Contract Tower,0,0,1,0,1,0,0,89,0,89,0,0,90,0,90,142,0,142,232
07/02/2012,RYN,AZ,AWP,WE,Federal Contract Tower,0,0,1,0,1,0,0,79,18,97,0,0,80,18,98,84,148,232,330
07/03/2012,RYN,AZ,AWP,WE,Federal Contract Tower,0,0,1,0,1,0,0,152,16,168,0,0,153,16,169,152,10,162,331
07/04/2012,RYN,AZ,AWP,WE,Federal Contract Tower,0,0,0,0,0,0,0,75,2,77,0,0,75,2,77,144,0,144,221
07/05/2012,RYN,AZ,AWP,WE,Federal Contract Tower,0,0,2,0,2,0,0,138,4,142,0,0,140,4,144,180,18,198,342
07/06/2012,RYN,AZ,AWP,WE,Federal Contract Tower,0,0,1,0,1,0,0,106,12,118,0,0,107,12,119,188,18,206,325
07/07/2012,RYN,AZ,AWP,WE,Federal Contract Tower,0,0,1,0,1,0,0,81,0,81,0,0,82,0,82,230,0,230,312
07/08/2012,RYN,AZ,AWP,WE,Federal Contract Tower,0,0,1,0,1,0,0,126,2,128,0,0,127,2,129,156,0,156,285
07/09/2012,RYN,AZ,AWP,WE,Federal Contract Tower,0,0,3,0,3,0,0,132,16,148,0,0,135,16,151,172,0,172,323
07/10/2012,RYN,AZ,AWP,WE,Federal Contract Tower,0,0,0,0,0,0,0,118,20,138,0,0,118,20,138,160,4,164,302
07/11/2012,RYN,AZ,AWP,WE,Federal Contract Tower,0,0,2,0,2,0,0,133,14,147,0,0,135,14,149,169,12,181,330
07/12/2012,RYN,AZ,AWP,WE,Federal Contract Tower,0,0,2,0,2,0,0,120,18,138,0,0,122,18,140,200,24,224,364
07/13/2012,RYN,AZ,AWP,WE,Federal Contract Tower,0,0,2,0,2,0,0,95,6,101,0,0,97,6,103,178,36,214,317
07/14/2012,RYN,AZ,AWP,WE,Federal Contract Tower,0,0,0,0,0,0,0,66,0,66,0,0,66,0,66,237,0,237,303
07/15/2012,RYN,AZ,AWP,WE,Federal Contract Tower,0,0,3,0,3,0,0,84,0,84,0,0,87,0,87,122,0,122,209
07/16/2012,RYN,AZ,AWP,WE,Federal Contract Tower,0,0,0,0,0,0,0,139,20,159,0,0,139,20,159,183,0,183,342
07/17/2012,RYN,AZ,AWP,WE,Federal Contract Tower,0,0,0,0,0,0,0,126,18,144,0,0,126,18,144,172,2,174,318
07/18/2012,RYN,AZ,AWP,WE,Federal Contract Tower,0,0,2,0,2,0,0,97,12,109,0,0,99,12,111,133,64,197,308
07/19/2012,RYN,AZ,AWP,WE,Federal Contract Tower,0,0,0,0,0,0,0,112,18,130,0,0,112,18,130,170,36,206,336
07/20/2012,RYN,AZ,AWP,WE,Federal Contract Tower,0,0,0,0,0,0,0,82,0,82,0,0,82,0,82,176,0,176,258
07/21/2012,RYN,AZ,AWP,WE,Federal Contract Tower,0,0,0,0,0,0,0,122,6,128,0,0,122,6,128,202,16,218,346
07/22/2012,RYN,AZ,AWP,WE,Federal Contract Tower,0,0,0,0,0,0,0,95,0,95,0,0,95,0,95,160,0,160,255
07/23/2012,RYN,AZ,AWP,WE,Federal Contract Tower,0,0,0,0,0,0,0,107,28,135,0,0,107,28,135,116,116,232,367
07/24/2012,RYN,AZ,AWP,WE,Federal Contract Tower,0,0,0,0,0,0,0,153,28,181,0,0,153,28,181,202,42,244,425
07/25/2012,RYN,AZ,AWP,WE,Federal Contract Tower,0,0,0,0,0,0,0,113,14,127,0,0,113,14,127,185,0,185,312
07/26/2012,RYN,AZ,AWP,WE,Federal Contract Tower,0,0,1,0,1,0,0,113,16,129,0,0,114,16,130,182,34,216,346
07/27/2012,RYN,AZ,AWP,WE,Federal Contract Tower,0,0,2,0,2,0,0,129,10,139,0,0,131,10,141,208,46,254,395
07/28/2012,RYN,AZ,AWP,WE,Federal Contract Tower,0,0,0,0,0,0,0,89,2,91,0,0,89,2,91,240,0,240,331
07/29/2012,RYN,AZ,AWP,WE,Federal Contract Tower,0,0,0,0,0,0,0,113,0,113,0,0,113,0,113,182,0,182,295
07/30/2012,RYN,AZ,AWP,WE,Federal Contract Tower,0,0,3,0,3,0,0,123,38,161,0,0,126,38,164,160,78,238,402
07/31/2012,RYN,AZ,AWP,WE,Federal Contract Tower,0,0,3,0,3,0,0,136,22,158,0,0,139,22,161,142,36,178,339
08/01/2012,RYN,AZ,AWP,WE,Federal Contract Tower,0,0,0,0,0,0,0,133,14,147,0,0,133,14,147,176,48,224,371
08/02/2012,RYN,AZ,AWP,WE,Federal Contract Tower,0,0,0,0,0,0,0,131,20,151,0,0,131,20,151,170,10,180,331
08/03/2012,RYN,AZ,AWP,WE,Federal Contract Tower,0,0,1,0,1,0,0,83,4,87,0,0,84,4,88,96,24,120,208
08/04/2012,RYN,AZ,AWP,WE,Federal Contract Tower,0,0,0,0,0,0,0,132,5,137,0,0,132,5,137,198,0,198,335
08/05/2012,RYN,AZ,AWP,WE,Federal Contract Tower,0,0,0,0,0,0,0,124,0,124,0,0,124,0,124,136,0,136,260
08/06/2012,RYN,AZ,AWP,WE,Federal Contract Tower,0,0,1,0,1,0,0,128,38,166,0,0,129,38,167,158,36,194,361
08/07/2012,RYN,AZ,AWP,WE,Federal Contract Tower,0,0,0,0,0,0,0,106,22,128,0,0,106,22,128,114,64,178,306
08/08/2012,RYN,AZ,AWP,WE,Federal Contract Tower,0,0,0,0,0,0,0,106,22,128,0,0,106,22,128,132,18,150,278
08/09/2012,RYN,AZ,AWP,WE,Federal Contract Tower,0,0,0,0,0,0,0,94,38,132,0,0,94,38,132,158,46,204,336
08/10/2012,RYN,AZ,AWP,WE,Federal Contract Tower,0,0,0,0,0,0,0,77,7,84,0,0,77,7,84,222,24,246,330
08/11/2012,RYN,AZ,AWP,WE,Federal Contract Tower,0,0,0,0,0,0,0,107,2,109,0,0,107,2,109,192,24,216,325
08/12/2012,RYN,AZ,AWP,WE,Federal Contract Tower,0,0,0,0,0,0,0,146,0,146,0,0,146,0,146,196,0,196,342
08/13/2012,RYN,AZ,AWP,WE,Federal Contract Tower,0,0,2,0,2,0,0,105,26,131,0,0,107,26,133,134,46,180,313
08/14/2012,RYN,AZ,AWP,WE,Federal Contract Tower,0,0,0,0,0,0,0,107,30,137,0,0,107,30,137,128,60,188,325
08/15/2012,RYN,AZ,AWP,WE,Federal Contract Tower,0,0,0,0,0,0,0,103,26,129,0,0,103,26,129,156,22,178,307
08/16/2012,RYN,AZ,AWP,WE,Federal Contract Tower,0,0,5,0,5,0,0,120,16,136,0,0,125,16,141,184,26,210,351
08/17/2012,RYN,AZ,AWP,WE,Federal Contract Tower,0,0,4,0,4,0,0,66,2,68,0,0,70,2,72,154,0,154,226
08/18/2012,RYN,AZ,AWP,WE,Federal Contract Tower,0,0,0,0,0,0,0,100,0,100,0,0,100,0,100,380,0,380,480
08/19/2012,RYN,AZ,AWP,WE,Federal Contract Tower,0,0,1,0,1,0,0,140,0,140,0,0,141,0,141,134,0,134,275
08/20/2012,RYN,AZ,AWP,WE,Federal Contract Tower,0,0,1,0,1,0,0,114,24,138,0,0,115,24,139,166,18,184,323
08/21/2012,RYN,AZ,AWP,WE,Federal Contract Tower,0,0,0,0,0,0,0,149,30,179,0,0,149,30,179,190,0,190,369
08/22/2012,RYN,AZ,AWP,WE,Federal Contract Tower,0,0,1,0,1,0,0,20,0,20,0,0,21,0,21,56,0,56,77
08/23/2012,RYN,AZ,AWP,WE,Federal Contract Tower,0,0,3,0,3,0,0,82,14,96,0,0,85,14,99,110,172,282,381
08/24/2012,RYN,AZ,AWP,WE,Federal Contract Tower,0,0,2,0,2,0,0,108,6,114,0,0,110,6,116,216,8,224,340
08/25/2012,RYN,AZ,AWP,WE,Federal Contract Tower,0,0,1,0,1,0,0,152,0,152,0,0,153,0,153,196,0,196,349
08/26/2012,RYN,AZ,AWP,WE,Federal Contract Tower,0,0,0,0,0,0,0,88,0,88,0,0,88,0,88,146,0,146,234
08/27/2012,RYN,AZ,AWP,WE,Federal Contract Tower,0,0,0,0,0,0,0,117,16,133,0,0,117,16,133,166,38,204,337
08/28/2012,RYN,AZ,AWP,WE,Federal Contract Tower,0,0,0,0,0,0,0,117,22,139,0,0,117,22,139,196,56,252,391
08/29/2012,RYN,AZ,AWP,WE,Federal Contract Tower,0,0,1,0,1,0,0,113,18,131,0,0,114,18,132,152,86,238,370
08/30/2012,RYN,AZ,AWP,WE,Federal Contract Tower,0,0,0,0,0,0,0,101,18,119,0,0,101,18,119,150,46,196,315
08/31/2012,RYN,AZ,AWP,WE,Federal Contract Tower,0,0,1,0,1,0,0,74,8,82,0,0,75,8,83,188,46,234,317
09/01/2012,RYN,AZ,AWP,WE,Federal Contract Tower,0,0,0,0,0,0,0,132,6,138,0,0,132,6,138,170,26,196,334
09/02/2012,RYN,AZ,AWP,WE,Federal Contract Tower,0,0,1,0,1,0,0,70,2,72,0,0,71,2,73,70,0,70,143
09/03/2012,RYN,AZ,AWP,WE,Federal Contract Tower,0,0,1,0,1,0,0,134,18,152,0,0,135,18,153,160,0,160,313
09/04/2012,RYN,AZ,AWP,WE,Federal Contract Tower,0,0,1,0,1,0,0,142,22,164,0,0,143,22,165,162,84,246,411
09/05/2012,RYN,AZ,AWP,WE,Federal Contract Tower,0,0,0,0,0,0,0,148,8,156,0,0,148,8,156,172,0,172,328
09/06/2012,RYN,AZ,AWP,WE,Federal Contract Tower,0,0,1,0,1,0,0,107,18,125,0,0,108,18,126,184,28,212,338
09/07/2012,RYN,AZ,AWP,WE,Federal Contract Tower,0,0,0,0,0,0,0,15,2,17,0,0,15,2,17,18,0,18,35
09/08/2012,RYN,AZ,AWP,WE,Federal Contract Tower,0,0,4,0,4,0,0,101,4,105,0,0,105,4,109,203,0,203,312
09/09/2012,RYN,AZ,AWP,WE,Federal Contract Tower,0,0,2,0,2,0,0,78,2,80,0,0,80,2,82,78,0,78,160
09/10/2012,RYN,AZ,AWP,WE,Federal Contract Tower,0,0,0,0,0,0,0,122,28,150,0,0,122,28,150,140,68,208,358
09/11/2012,RYN,AZ,AWP,WE,Federal Contract Tower,0,0,2,0,2,0,0,107,20,127,0,0,109,20,129,138,62,200,329
09/12/2012,RYN,AZ,AWP,WE,Federal Contract Tower,0,0,8,2,10,0,0,153,30,183,0,0,161,32,193,168,48,216,409
09/13/2012,RYN,AZ,AWP,WE,Federal Contract Tower,0,0,1,0,1,0,0,126,20,146,0,0,127,20,147,194,60,254,401
09/14/2012,RYN,AZ,AWP,WE,Federal Contract Tower,0,0,0,0,0,0,0,67,6,73,0,0,67,6,73,122,36,158,231
09/15/2012,RYN,AZ,AWP,WE,Federal Contract Tower,0,0,1,0,1,0,0,104,6,110,0,0,105,6,111,248,0,248,359
09/16/2012,RYN,AZ,AWP,WE,Federal Contract Tower,0,0,0,0,0,0,0,155,2,157,0,0,155,2,157,196,0,196,353
09/17/2012,RYN,AZ,AWP,WE,Federal Contract Tower,0,0,0,0,0,0,0,137,38,175,0,0,137,38,175,160,74,234,409
09/18/2012,RYN,AZ,AWP,WE,Federal Contract Tower,0,0,1,0,1,0,0,127,44,171,0,0,128,44,172,124,70,194,366
09/19/2012,RYN,AZ,AWP,WE,Federal Contract Tower,0,0,4,0,4,0,0,132,22,154,0,0,136,22,158,150,48,198,356
09/20/2012,RYN,AZ,AWP,WE,Federal Contract Tower,0,0,1,0,1,0,0,103,14,117,0,0,104,14,118,176,44,220,338
09/21/2012,RYN,AZ,AWP,WE,Federal Contract Tower,0,0,1,0,1,0,0,102,1,103,0,0,103,1,104,234,0,234,338
09/22/2012,RYN,AZ,AWP,WE,Federal Contract Tower,0,0,0,0,0,0,0,156,2,158,0,0,156,2,158,268,4,272,430
09/23/2012,RYN,AZ,AWP,WE,Federal Contract Tower,0,0,0,0,0,0,0,139,1,140,0,0,139,1,140,202,2,204,344
09/24/2012,RYN,AZ,AWP,WE,Federal Contract Tower,0,0,0,0,0,0,0,138,28,166,0,0,138,28,166,148,18,166,332
09/25/2012,RYN,AZ,AWP,WE,Federal Contract Tower,0,0,1,0,1,0,0,109,20,129,0,0,110,20,130,178,4,182,312
09/26/2012,RYN,AZ,AWP,WE,Federal Contract Tower,0,0,0,0,0,0,0,122,0,122,0,0,122,0,122,166,0,166,288
09/27/2012,RYN,AZ,AWP,WE,Federal Contract Tower,0,0,0,0,0,0,0,144,8,152,0,0,144,8,152,212,12,224,376
09/28/2012,RYN,AZ,AWP,WE,Federal Contract Tower,0,0,2,0,2,0,0,106,6,112,0,0,108,6,114,234,28,262,376
09/29/2012,RYN,AZ,AWP,WE,Federal Contract Tower,0,0,0,0,0,0,0,109,4,113,0,0,109,4,113,276,12,288,401
09/30/2012,RYN,AZ,AWP,WE,Federal Contract Tower,0,0,0,0,0,0,0,120,0,120,0,0,120,0,120,246,0,246,366
10/01/2012,RYN,AZ,AWP,WE,Federal Contract Tower,0,0,2,0,2,0,0,116,24,140,0,0,118,24,142,168,0,168,310
10/02/2012,RYN,AZ,AWP,WE,Federal Contract Tower,0,0,1,0,1,0,0,140,22,162,0,0,141,22,163,136,22,158,321
10/03/2012,RYN,AZ,AWP,WE,Federal Contract Tower,0,0,0,0,0,0,0,113,26,139,0,0,113,26,139,178,34,212,351
10/04/2012,RYN,AZ,AWP,WE,Federal Contract Tower,0,0,1,0,1,0,0,132,16,148,0,0,133,16,149,190,4,194,343
10/05/2012,RYN,AZ,AWP,WE,Federal Contract Tower,0,0,0,0,0,0,0,106,4,110,0,0,106,4,110,230,20,250,360
10/06/2012,RYN,AZ,AWP,WE,Federal Contract Tower,0,0,0,0,0,0,0,98,6,104,0,0,98,6,104,320,18,338,442
10/07/2012,RYN,AZ,AWP,WE,Federal Contract Tower,0,0,0,0,0,0,0,159,0,159,0,0,159,0,159,272,0,272,431
10/08/2012,RYN,AZ,AWP,WE,Federal Contract Tower,0,0,1,0,1,0,0,147,22,169,0,0,148,22,170,158,4,162,332
10/09/2012,RYN,AZ,AWP,WE,Federal Contract Tower,0,0,2,0,2,0,0,135,16,151,0,0,137,16,153,182,0,182,335
10/10/2012,RYN,AZ,AWP,WE,Federal Contract Tower,0,0,1,0,1,0,0,126,6,132,0,0,127,6,133,180,28,208,341
10/11/2012,RYN,AZ,AWP,WE,Federal Contract Tower,0,0,0,0,0,0,0,131,16,147,0,0,131,16,147,180,34,214,361
10/12/2012,RYN,AZ,AWP,WE,Federal Contract Tower,0,0,2,0,2,0,0,97,3,100,0,0,99,3,102,52,28,80,182
10/13/2012,RYN,AZ,AWP,WE,Federal Contract Tower,0,0,2,0,2,0,0,128,0,128,0,0,130,0,130,242,0,242,372
10/14/2012,RYN,AZ,AWP,WE,Federal Contract Tower,0,0,2,0,2,0,0,113,4,117,0,0,115,4,119,219,0,219,338
10/15/2012,RYN,AZ,AWP,WE,Federal Contract Tower,0,0,0,0,0,0,0,151,24,175,0,0,151,24,175,116,92,208,383
10/16/2012,RYN,AZ,AWP,WE,Federal Contract Tower,0,0,2,0,2,0,0,143,34,177,0,0,145,34,179,138,126,264,443
10/17/2012,RYN,AZ,AWP,WE,Federal Contract Tower,0,0,0,0,0,0,0,126,25,151,0,0,126,25,151,202,94,296,447
10/18/2012,RYN,AZ,AWP,WE,Federal Contract Tower,0,0,3,0,3,0,0,216,32,248,0,0,219,32,251,246,57,303,554
10/19/2012,RYN,AZ,AWP,WE,Federal Contract Tower,0,0,1,0,1,0,0,163,8,171,0,0,164,8,172,367,64,431,603
10/20/2012,RYN,AZ,AWP,WE,Federal Contract Tower,0,0,1,0,1,0,0,129,0,129,0,0,130,0,130,281,0,281,411
10/21/2012,RYN,AZ,AWP,WE,Federal Contract Tower,0,0,0,0,0,0,0,191,6,197,0,0,191,6,197,290,0,290,487
10/22/2012,RYN,AZ,AWP,WE,Federal Contract Tower,0,0,0,0,0,0,0,140,34,174,0,0,140,34,174,98,90,188,362
10/23/2012,RYN,AZ,AWP,WE,Federal Contract Tower,0,0,0,0,0,0,0,121,24,145,0,0,121,24,145,156,62,218,363
10/24/2012,RYN,AZ,AWP,WE,Federal Contract Tower,0,0,7,0,7,0,0,157,28,185,0,0,164,28,192,236,38,274,466
10/25/2012,RYN,AZ,AWP,WE,Federal Contract Tower,0,0,4,0,4,0,0,150,26,176,0,0,154,26,180,206,48,254,434
10/26/2012,RYN,AZ,AWP,WE,Federal Contract Tower,0,0,1,0,1,0,0,145,8,153,0,0,146,8,154,274,30,304,458
10/27/2012,RYN,AZ,AWP,WE,Federal Contract Tower,0,0,1,0,1,0,0,135,0,135,0,0,136,0,136,208,0,208,344
10/28/2012,RYN,AZ,AWP,WE,Federal Contract Tower,0,0,2,0,2,0,0,122,0,122,0,0,124,0,124,182,0,182,306
10/29/2012,RYN,AZ,AWP,WE,Federal Contract Tower,0,0,1,0,1,0,0,160,32,192,0,0,161,32,193,168,76,244,437
10/30/2012,RYN,AZ,AWP,WE,Federal Contract Tower,0,0,2,2,4,0,0,148,36,184,0,0,150,38,188,124,94,218,406
10/31/2012,RYN,AZ,AWP,WE,Federal Contract Tower,0,0,0,0,0,0,0,139,24,163,0,0,139,24,163,157,8,165,328
11/01/2012,RYN,AZ,AWP,WE,Federal Contract Tower,0,0,0,0,0,0,0,131,10,141,0,0,131,10,141,204,12,216,357
11/02/2012,RYN,AZ,AWP,WE,Federal Contract Tower,0,0,3,0,3,0,0,138,6,144,0,0,141,6,147,216,0,216,363
11/03/2012,RYN,AZ,AWP,WE,Federal Contract Tower,0,0,0,0,0,0,0,146,14,160,0,0,146,14,160,212,4,216,376
11/04/2012,RYN,AZ,AWP,WE,Federal Contract Tower,0,0,1,0,1,0,0,114,0,114,0,0,115,0,115,218,0,218,333
11/05/2012,RYN,AZ,AWP,WE,Federal Contract Tower,0,0,1,0,1,0,0,151,18,169,0,0,152,18,170,148,20,168,338
11/06/2012,RYN,AZ,AWP,WE,Federal Contract Tower,0,0,0,0,0,0,0,96,8,104,0,0,96,8,104,208,28,236,340
11/07/2012,RYN,AZ,AWP,WE,Federal Contract Tower,0,0,2,0,2,0,0,139,14,153,0,0,141,14,155,164,8,172,327
11/08/2012,RYN,AZ,AWP,WE,Federal Contract Tower,0,0,2,0,2,0,0,159,19,178,0,0,161,19,180,200,12,212,392
11/09/2012,RYN,AZ,AWP,WE,Federal Contract Tower,0,0,1,0,1,0,0,58,2,60,0,0,59,2,61,56,0,56,117
11/10/2012,RYN,AZ,AWP,WE,Federal Contract Tower,0,0,2,0,2,0,0,126,2,128,0,0,128,2,130,186,14,200,330
11/11/2012,RYN,AZ,AWP,WE,Federal Contract Tower,0,0,1,0,1,0,0,119,0,119,0,0,120,0,120,184,0,184,304
11/12/2012,RYN,AZ,AWP,WE,Federal Contract Tower,0,0,1,0,1,0,0,139,20,159,0,0,140,20,160,140,12,152,312
11/13/2012,RYN,AZ,AWP,WE,Federal Contract Tower,0,0,0,0,0,0,0,140,24,164,0,0,140,24,164,172,0,172,336
11/14/2012,RYN,AZ,AWP,WE,Federal Contract Tower,0,0,2,0,2,0,0,176,18,194,0,0,178,18,196,224,0,224,420
11/15/2012,RYN,AZ,AWP,WE,Federal Contract Tower,0,0,2,0,2,0,0,133,32,165,0,0,135,32,167,136,70,206,373
11/16/2012,RYN,AZ,AWP,WE,Federal Contract Tower,0,0,0,0,0,0,0,120,14,134,0,0,120,14,134,198,92,290,424
11/17/2012,RYN,AZ,AWP,WE,Federal Contract Tower,0,0,0,0,0,0,0,133,14,147,0,0,133,14,147,227,0,227,374
11/18/2012,RYN,AZ,AWP,WE,Federal Contract Tower,0,0,0,0,0,0,0,105,0,105,0,0,105,0,105,160,0,160,265
11/19/2012,RYN,AZ,AWP,WE,Federal Contract Tower,0,0,0,0,0,0,0,129,36,165,0,0,129,36,165,138,100,238,403
11/20/2012,RYN,AZ,AWP,WE,Federal Contract Tower,0,0,6,0,6,0,0,146,38,184,0,0,152,38,190,158,78,236,426
11/21/2012,RYN,AZ,AWP,WE,Federal Contract Tower,0,0,2,0,2,0,0,124,22,146,0,0,126,22,148,138,10,148,296
11/22/2012,RYN,AZ,AWP,WE,Federal Contract Tower,0,0,1,0,1,0,0,20,3,23,0,0,21,3,24,14,0,14,38
11/23/2012,RYN,AZ,AWP,WE,Federal Contract Tower,0,0,0,0,0,0,0,142,2,144,0,0,142,2,144,182,12,194,338
11/24/2012,RYN,AZ,AWP,WE,Federal Contract Tower,0,0,3,0,3,0,0,132,2,134,0,0,135,2,137,223,0,223,360
11/25/2012,RYN,AZ,AWP,WE,Federal Contract Tower,0,0,3,0,3,0,0,105,0,105,0,0,108,0,108,263,0,263,371
11/26/2012,RYN,AZ,AWP,WE,Federal Contract Tower,0,0,2,0,2,0,0,103,6,109,0,0,105,6,111,187,94,281,392
11/27/2012,RYN,AZ,AWP,WE,Federal Contract Tower,0,0,3,0,3,0,0,144,24,168,0,0,147,24,171,162,50,212,383
11/28/2012,RYN,AZ,AWP,WE,Federal Contract Tower,0,0,0,0,0,0,0,131,26,157,0,0,131,26,157,103,138,241,398
11/29/2012,RYN,AZ,AWP,WE,Federal Contract Tower,0,0,2,0,2,0,0,138,32,170,0,0,140,32,172,160,102,262,434
11/30/2012,RYN,AZ,AWP,WE,Federal Contract Tower,0,0,1,0,1,0,0,140,18,158,0,0,141,18,159,276,78,354,513
12/01/2012,RYN,AZ,AWP,WE,Federal Contract Tower,0,0,1,0,1,0,0,117,0,117,0,0,118,0,118,275,0,275,393
12/02/2012,RYN,AZ,AWP,WE,Federal Contract Tower,0,0,2,0,2,0,0,96,0,96,0,0,98,0,98,122,0,122,220
12/03/2012,RYN,AZ,AWP,WE,Federal Contract Tower,0,0,8,0,8,0,0,156,42,198,0,0,164,42,206,164,138,302,508
12/04/2012,RYN,AZ,AWP,WE,Federal Contract Tower,0,0,5,0,5,0,0,122,16,138,0,0,127,16,143,202,138,340,483
12/05/2012,RYN,AZ,AWP,WE,Federal Contract Tower,0,0,0,0,0,0,0,134,14,148,0,0,134,14,148,140,2,142,290
12/06/2012,RYN,AZ,AWP,WE,Federal Contract Tower,0,0,2,0,2,0,0,157,6,163,0,0,159,6,165,150,30,180,345
12/07/2012,RYN,AZ,AWP,WE,Federal Contract Tower,0,0,5,0,5,0,0,128,2,130,0,0,133,2,135,176,38,214,349
12/08/2012,RYN,AZ,AWP,WE,Federal Contract Tower,0,0,1,0,1,0,0,160,0,160,0,0,161,0,161,308,0,308,469
12/09/2012,RYN,AZ,AWP,WE,Federal Contract Tower,0,0,6,0,6,0,0,124,0,124,0,0,130,0,130,148,0,148,278
12/10/2012,RYN,AZ,AWP,WE,Federal Contract Tower,0,0,1,0,1,0,0,164,12,176,0,0,165,12,177,186,62,248,425
12/11/2012,RYN,AZ,AWP,WE,Federal Contract Tower,0,0,2,0,2,0,0,144,28,172,0,0,146,28,174,148,42,190,364
12/12/2012,RYN,AZ,AWP,WE,Federal Contract Tower,0,0,0,0,0,0,0,154,33,187,0,0,154,33,187,148,124,272,459
12/13/2012,RYN,AZ,AWP,WE,Federal Contract Tower,0,0,2,0,2,0,0,99,10,109,0,0,101,10,111,206,28,234,345
12/14/2012,RYN,AZ,AWP,WE,Federal Contract Tower,0,0,7,0,7,0,0,40,2,42,0,0,47,2,49,14,12,26,75
12/15/2012,RYN,AZ,AWP,WE,Federal Contract Tower,0,0,7,0,7,0,0,26,0,26,0,0,33,0,33,106,0,106,139
12/16/2012,RYN,AZ,AWP,WE,Federal Contract Tower,0,0,5,0,5,0,0,59,0,59,0,0,64,0,64,214,0,214,278
12/17/2012,RYN,AZ,AWP,WE,Federal Contract Tower,0,0,2,0,2,0,0,134,20,154,0,0,136,20,156,144,8,152,308
12/18/2012,RYN,AZ,AWP,WE,Federal Contract Tower,0,0,5,0,5,0,0,131,26,157,0,0,136,26,162,142,16,158,320
12/19/2012,RYN,AZ,AWP,WE,Federal Contract Tower,0,0,3,0,3,0,0,126,10,136,0,0,129,10,139,186,48,234,373
12/20/2012,RYN,AZ,AWP,WE,Federal Contract Tower,0,0,4,0,4,0,0,120,30,150,0,0,124,30,154,92,92,184,338
12/21/2012,RYN,AZ,AWP,WE,Federal Contract Tower,0,0,5,0,5,0,0,121,6,127,0,0,126,6,132,162,12,174,306
12/22/2012,RYN,AZ,AWP,WE,Federal Contract Tower,0,0,2,0,2,0,0,120,2,122,0,0,122,2,124,242,16,258,382
12/23/2012,RYN,AZ,AWP,WE,Federal Contract Tower,0,0,1,0,1,0,0,69,2,71,0,0,70,2,72,68,0,68,140
12/24/2012,RYN,AZ,AWP,WE,Federal Contract Tower,0,0,0,0,0,0,0,89,0,89,0,0,89,0,89,14,0,14,103
12/25/2012,RYN,AZ,AWP,WE,Federal Contract Tower,0,0,1,0,1,0,0,60,18,78,0,0,61,18,79,58,0,58,137
12/26/2012,RYN,AZ,AWP,WE,Federal Contract Tower,0,0,0,0,0,0,0,116,0,116,0,0,116,0,116,76,0,76,192
12/27/2012,RYN,AZ,AWP,WE,Federal Contract Tower,0,0,2,0,2,0,0,122,13,135,0,0,124,13,137,208,16,224,361
12/28/2012,RYN,AZ,AWP,WE,Federal Contract Tower,0,0,6,0,6,0,0,110,4,114,0,0,116,4,120,220,8,228,348
12/29/2012,RYN,AZ,AWP,WE,Federal Contract Tower,0,0,0,0,0,0,0,88,4,92,0,0,88,4,92,223,20,243,335
12/30/2012,RYN,AZ,AWP,WE,Federal Contract Tower,0,0,4,0,4,0,0,78,0,78,0,0,82,0,82,236,0,236,318
12/31/2012,RYN,AZ,AWP,WE,Federal Contract Tower,0,0,0,0,0,0,0,74,0,74,0,0,74,0,74,136,0,136,210
01/01/2013,RYN,AZ,AWP,WE,Federal Contract Tower,0,0,0,0,0,0,0,44,6,50,0,0,44,6,50,63,2,65,115
01/02/2013,RYN,AZ,AWP,WE,Federal Contract Tower,0,0,0,0,0,0,0,123,8,131,0,0,123,8,131,208,42,250,381
01/03/2013,RYN,AZ,AWP,WE,Federal Contract Tower,0,0,1,0,1,0,0,137,6,143,0,0,138,6,144,208,44,252,396
01/04/2013,RYN,AZ,AWP,WE,Federal Contract Tower,0,0,0,0,0,0,0,80,6,86,0,0,80,6,86,116,30,146,232
01/05/2013,RYN,AZ,AWP,WE,Federal Contract Tower,0,0,1,0,1,0,0,153,10,163,0,0,154,10,164,232,22,254,418
01/06/2013,RYN,AZ,AWP,WE,Federal Contract Tower,0,0,4,0,4,0,0,162,4,166,0,0,166,4,170,218,0,218,388
01/07/2013,RYN,AZ,AWP,WE,Federal Contract Tower,0,0,5,0,5,0,0,79,14,93,0,0,84,14,98,261,62,323,421
01/08/2013,RYN,AZ,AWP,WE,Federal Contract Tower,0,0,2,0,2,0,0,135,22,157,0,0,137,22,159,208,32,240,399
01/09/2013,RYN,AZ,AWP,WE,Federal Contract Tower,0,0,2,0,2,0,0,123,0,123,0,0,125,0,125,136,0,136,261
01/10/2013,RYN,AZ,AWP,WE,Federal Contract Tower,0,0,2,0,2,0,0,106,33,139,0,0,108,33,141,130,100,230,371
01/11/2013,RYN,AZ,AWP,WE,Federal Contract Tower,0,0,1,0,1,0,0,101,18,119,0,0,102,18,120,170,72,242,362
01/12/2013,RYN,AZ,AWP,WE,Federal Contract Tower,0,0,0,0,0,0,0,99,4,103,0,0,99,4,103,237,0,237,340
01/13/2013,RYN,AZ,AWP,WE,Federal Contract Tower,0,0,4,0,4,0,0,70,2,72,0,0,74,2,76,213,12,225,301
01/14/2013,RYN,AZ,AWP,WE,Federal Contract Tower,0,0,5,0,5,0,0,152,24,176,0,0,157,24,181,124,30,154,335
01/15/2013,RYN,AZ,AWP,WE,Federal Contract Tower,0,0,0,0,0,0,0,122,26,148,0,0,122,26,148,216,66,282,430
01/16/2013,RYN,AZ,AWP,WE,Federal Contract Tower,0,0,6,0,6,0,0,153,42,195,0,0,159,42,201,114,184,298,499
01/17/2013,RYN,AZ,AWP,WE,Federal Contract Tower,0,0,0,0,0,0,0,108,23,131,0,0,108,23,131,116,108,224,355
01/18/2013,RYN,AZ,AWP,WE,Federal Contract Tower,0,0,0,0,0,0,0,147,14,161,0,0,147,14,161,256,46,302,463
01/19/2013,RYN,AZ,AWP,WE,Federal Contract Tower,0,0,0,0,0,0,0,109,1,110,0,0,109,1,110,277,26,303,413
01/20/2013,RYN,AZ,AWP,WE,Federal Contract Tower,0,0,0,0,0,0,0,88,2,90,0,0,88,2,90,102,8,110,200
01/21/2013,RYN,AZ,AWP,WE,Federal Contract Tower,0,0,0,0,0,0,0,104,8,112,0,0,104,8,112,144,0,144,256
01/22/2013,RYN,AZ,AWP,WE,Federal Contract Tower,0,0,8,0,8,0,0,96,24,120,0,0,104,24,128,192,98,290,418
01/23/2013,RYN,AZ,AWP,WE,Federal Contract Tower,0,0,2,0,2,0,0,137,38,175,0,0,139,38,177,154,154,308,485
01/24/2013,RYN,AZ,AWP,WE,Federal Contract Tower,0,0,5,0,5,0,0,138,30,168,0,0,143,30,173,170,40,210,383
01/25/2013,RYN,AZ,AWP,WE,Federal Contract Tower,0,0,5,0,5,0,0,119,4,123,0,0,124,4,128,182,22,204,332
01/26/2013,RYN,AZ,AWP,WE,Federal Contract Tower,0,0,2,0,2,0,0,12,4,16,0,0,14,4,18,10,12,22,40
01/27/2013,RYN,AZ,AWP,WE,Federal Contract Tower,0,0,6,0,6,0,0,52,2,54,0,0,58,2,60,50,16,66,126
01/28/2013,RYN,AZ,AWP,WE,Federal Contract Tower,0,0,1,2,3,0,0,98,32,130,0,0,99,34,133,84,98,182,315
01/29/2013,RYN,AZ,AWP,WE,Federal Contract Tower,0,0,2,0,2,0,2,73,19,94,0,2,75,19,96,120,148,268,364
01/30/2013,RYN,AZ,AWP,WE,Federal Contract Tower,0,0,0,0,0,0,0,113,17,130,0,0,113,17,130,116,78,194,324
01/31/2013,RYN,AZ,AWP,WE,Federal Contract Tower,0,0,1,0,1,0,0,134,14,148,0,0,135,14,149,190,4,194,343
02/01/2013,RYN,AZ,AWP,WE,Federal Contract Tower,0,0,2,0,2,0,0,121,25,146,0,0,123,25,148,162,36,198,346
02/02/2013,RYN,AZ,AWP,WE,Federal Contract Tower,0,0,2,0,2,0,0,134,4,138,0,0,136,4,140,168,16,184,324
02/03/2013,RYN,AZ,AWP,WE,Federal Contract Tower,0,0,0,0,0,0,0,117,0,117,0,0,117,0,117,146,0,146,263
02/04/2013,RYN,AZ,AWP,WE,Federal Contract Tower,0,0,3,0,3,0,0,128,14,142,0,0,131,14,145,122,60,182,327
02/05/2013,RYN,AZ,AWP,WE,Federal Contract Tower,0,0,3,0,3,0,0,131,8,139,0,0,134,8,142,224,10,234,376
02/06/2013,RYN,AZ,AWP,WE,Federal Contract Tower,0,0,3,0,3,0,0,127,11,138,0,0,130,11,141,127,10,137,278
02/07/2013,RYN,AZ,AWP,WE,Federal Contract Tower,0,0,5,0,5,0,0,149,14,163,0,0,154,14,168,160,18,178,346
02/08/2013,RYN,AZ,AWP,WE,Federal Contract Tower,0,0,2,0,2,0,0,109,14,123,0,0,111,14,125,110,18,128,253
02/09/2013,RYN,AZ,AWP,WE,Federal Contract Tower,0,0,2,0,2,0,0,78,0,78,0,0,80,0,80,185,0,185,265
02/10/2013,RYN,AZ,AWP,WE,Federal Contract Tower,0,0,2,0,2,0,0,80,0,80,0,0,82,0,82,108,0,108,190
02/11/2013,RYN,AZ,AWP,WE,Federal Contract Tower,0,0,0,0,0,0,0,69,20,89,0,0,69,20,89,74,0,74,163
02/12/2013,RYN,AZ,AWP,WE,Federal Contract Tower,0,0,2,0,2,0,0,147,20,167,0,0,149,20,169,154,10,164,333
02/13/2013,RYN,AZ,AWP,WE,Federal Contract Tower,0,0,2,0,2,0,0,145,19,164,0,0,147,19,166,162,10,172,338
02/14/2013,RYN,AZ,AWP,WE,Federal Contract Tower,0,0,2,0,2,0,0,118,10,128,0,0,120,10,130,109,2,111,241
02/15/2013,RYN,AZ,AWP,WE,Federal Contract Tower,0,0,6,0,6,0,0,90,0,90,0,0,96,0,96,110,0,110,206
02/16/2013,RYN,AZ,AWP,WE,Federal Contract Tower,0,0,0,0,0,0,0,77,4,81,0,0,77,4,81,165,12,177,258
02/17/2013,RYN,AZ,AWP,WE,Federal Contract Tower,0,0,3,0,3,0,0,80,0,80,0,0,83,0,83,179,0,179,262
02/18/2013,RYN,AZ,AWP,WE,Federal Contract Tower,0,0,0,0,0,0,0,127,0,127,0,0,127,0,127,178,0,178,305
02/19/2013,RYN,AZ,AWP,WE,Federal Contract Tower,0,0,1,0,1,0,0,127,18,145,0,0,128,18,146,118,14,132,278
02/20/2013,RYN,AZ,AWP,WE,Federal Contract Tower,0,0,0,0,0,0,0,0,0,0,0,0,0,0,0,0,0,0,0
02/21/2013,RYN,AZ,AWP,WE,Federal Contract Tower,0,0,10,1,11,0,0,163,31,194,0,0,173,32,205,201,48,249,454
02/22/2013,RYN,AZ,AWP,WE,Federal Contract Tower,0,0,2,0,2,0,0,110,12,122,0,0,112,12,124,180,38,218,342
02/23/2013,RYN,AZ,AWP,WE,Federal Contract Tower,0,0,5,0,5,0,0,171,2,173,0,0,176,2,178,285,0,285,463
02/24/2013,RYN,AZ,AWP,WE,Federal Contract Tower,0,0,3,0,3,0,0,69,2,71,0,0,72,2,74,118,12,130,204
02/25/2013,RYN,AZ,AWP,WE,Federal Contract Tower,0,0,0,0,0,0,0,107,14,121,0,0,107,14,121,138,48,186,307
02/26/2013,RYN,AZ,AWP,WE,Federal Contract Tower,0,0,3,0,3,0,0,134,26,160,0,0,137,26,163,208,32,240,403
02/27/2013,RYN,AZ,AWP,WE,Federal Contract Tower,0,0,1,0,1,0,0,135,24,159,0,0,136,24,160,184,32,216,376
02/28/2013,RYN,AZ,AWP,WE,Federal Contract Tower,0,0,1,0,1,0,0,129,0,129,0,0,130,0,130,140,0,140,270
03/01/2013,RYN,AZ,AWP,WE,Federal Contract Tower,0,0,1,0,1,0,0,144,0,144,0,0,145,0,145,172,0,172,317
03/02/2013,RYN,AZ,AWP,WE,Federal Contract Tower,0,0,1,0,1,0,0,167,2,169,0,0,168,2,170,206,12,218,388
03/03/2013,RYN,AZ,AWP,WE,Federal Contract Tower,0,0,1,0,1,0,0,127,0,127,0,0,128,0,128,152,0,152,280
03/04/2013,RYN,AZ,AWP,WE,Federal Contract Tower,0,0,0,0,0,0,0,130,16,146,0,0,130,16,146,184,0,184,330
03/05/2013,RYN,AZ,AWP,WE,Federal Contract Tower,0,0,0,0,0,0,0,127,10,137,0,0,127,10,137,218,8,226,363
03/06/2013,RYN,AZ,AWP,WE,Federal Contract Tower,0,0,0,0,0,0,0,121,13,134,0,0,121,13,134,176,50,226,360
03/07/2013,RYN,AZ,AWP,WE,Federal Contract Tower,0,0,3,0,3,0,0,168,25,193,0,0,171,25,196,214,122,336,532
03/08/2013,RYN,AZ,AWP,WE,Federal Contract Tower,0,0,1,0,1,0,0,29,6,35,0,0,30,6,36,28,34,62,98
03/09/2013,RYN,AZ,AWP,WE,Federal Contract Tower,0,0,7,0,7,0,0,88,2,90,0,0,95,2,97,98,0,98,195
03/10/2013,RYN,AZ,AWP,WE,Federal Contract Tower,0,0,0,0,0,0,0,82,2,84,0,0,82,2,84,182,8,190,274
03/11/2013,RYN,AZ,AWP,WE,Federal Contract Tower,0,0,1,0,1,0,0,137,28,165,0,0,138,28,166,198,80,278,444
03/12/2013,RYN,AZ,AWP,WE,Federal Contract Tower,0,0,4,0,4,0,0,153,10,163,0,0,157,10,167,247,40,287,454
03/13/2013,RYN,AZ,AWP,WE,Federal Contract Tower,0,0,2,0,2,0,0,148,20,168,0,0,150,20,170,274,52,326,496
03/14/2013,RYN,AZ,AWP,WE,Federal Contract Tower,0,0,1,0,1,0,0,188,10,198,0,0,189,10,199,212,38,250,449
03/15/2013,RYN,AZ,AWP,WE,Federal Contract Tower,0,0,9,0,9,0,0,175,18,193,0,0,184,18,202,218,18,236,438
03/16/2013,RYN,AZ,AWP,WE,Federal Contract Tower,0,0,3,0,3,0,0,116,12,128,0,0,119,12,131,198,28,226,357
03/17/2013,RYN,AZ,AWP,WE,Federal Contract Tower,0,0,1,0,1,0,0,99,0,99,0,0,100,0,100,170,0,170,270
03/18/2013,RYN,AZ,AWP,WE,Federal Contract Tower,0,0,0,0,0,0,0,126,12,138,0,0,126,12,138,176,12,188,326
03/19/2013,RYN,AZ,AWP,WE,Federal Contract Tower,0,0,3,0,3,0,0,155,24,179,0,0,158,24,182,172,62,234,416
03/20/2013,RYN,AZ,AWP,WE,Federal Contract Tower,0,0,0,2,2,0,0,144,14,158,0,0,144,16,160,197,76,273,433
03/21/2013,RYN,AZ,AWP,WE,Federal Contract Tower,0,0,0,0,0,0,0,171,34,205,0,0,171,34,205,207,118,325,530
03/22/2013,RYN,AZ,AWP,WE,Federal Contract Tower,0,0,4,0,4,0,0,63,2,65,0,0,67,2,69,152,0,152,221
03/23/2013,RYN,AZ,AWP,WE,Federal Contract Tower,0,0,3,0,3,0,0,125,0,125,0,0,128,0,128,290,0,290,418
03/24/2013,RYN,AZ,AWP,WE,Federal Contract Tower,0,0,5,0,5,0,0,115,0,115,0,0,120,0,120,277,0,277,397
03/25/2013,RYN,AZ,AWP,WE,Federal Contract Tower,0,0,2,0,2,0,0,135,34,169,0,0,137,34,171,130,68,198,369
03/26/2013,RYN,AZ,AWP,WE,Federal Contract Tower,0,0,0,0,0,0,0,127,12,139,0,0,127,12,139,288,10,298,437
03/27/2013,RYN,AZ,AWP,WE,Federal Contract Tower,0,0,4,0,4,0,0,170,18,188,0,0,174,18,192,149,16,165,357
03/28/2013,RYN,AZ,AWP,WE,Federal Contract Tower,0,0,0,0,0,0,0,172,32,204,0,0,172,32,204,260,28,288,492
03/29/2013,RYN,AZ,AWP,WE,Federal Contract Tower,0,0,1,0,1,0,0,145,8,153,0,0,146,8,154,250,48,298,452
03/30/2013,RYN,AZ,AWP,WE,Federal Contract Tower,0,0,2,0,2,0,0,145,4,149,0,0,147,4,151,291,34,325,476
03/31/2013,RYN,AZ,AWP,WE,Federal Contract Tower,0,0,0,0,0,0,0,80,0,80,0,0,80,0,80,120,0,120,200
04/01/2013,RYN,AZ,AWP,WE,Federal Contract Tower,0,0,0,0,0,0,0,148,0,148,0,0,148,0,148,190,0,190,338
04/02/2013,RYN,AZ,AWP,WE,Federal Contract Tower,0,0,4,1,5,0,0,129,8,137,0,0,133,9,142,136,30,166,308
04/03/2013,RYN,AZ,AWP,WE,Federal Contract Tower,0,0,3,0,3,0,0,114,8,122,0,0,117,8,125,242,26,268,393
04/04/2013,RYN,AZ,AWP,WE,Federal Contract Tower,0,0,7,0,7,0,0,217,13,230,0,0,224,13,237,210,18,228,465
04/05/2013,RYN,AZ,AWP,WE,Federal Contract Tower,0,0,2,0,2,0,0,144,0,144,0,0,146,0,146,188,0,188,334
04/06/2013,RYN,AZ,AWP,WE,Federal Contract Tower,0,0,0,0,0,0,0,118,2,120,0,0,118,2,120,272,0,272,392
04/07/2013,RYN,AZ,AWP,WE,Federal Contract Tower,0,0,2,0,2,0,0,130,0,130,0,0,132,0,132,128,0,128,260
04/08/2013,RYN,AZ,AWP,WE,Federal Contract Tower,0,0,2,0,2,0,0,23,0,23,0,0,25,0,25,0,0,0,25
04/09/2013,RYN,AZ,AWP,WE,Federal Contract Tower,0,0,4,0,4,0,0,49,2,51,0,0,53,2,55,32,0,32,87
04/10/2013,RYN,AZ,AWP,WE,Federal Contract Tower,0,0,5,0,5,0,0,160,12,172,0,0,165,12,177,154,8,162,339
04/11/2013,RYN,AZ,AWP,WE,Federal Contract Tower,0,0,3,0,3,0,0,170,15,185,0,0,173,15,188,162,28,190,378
04/12/2013,RYN,AZ,AWP,WE,Federal Contract Tower,0,0,4,0,4,0,0,98,4,102,0,0,102,4,106,208,32,240,346
04/13/2013,RYN,AZ,AWP,WE,Federal Contract Tower,0,0,2,0,2,0,0,89,0,89,0,0,91,0,91,297,0,297,388
04/14/2013,RYN,AZ,AWP,WE,Federal Contract Tower,0,0,4,0,4,0,0,103,2,105,0,0,107,2,109,184,0,184,293
04/15/2013,RYN,AZ,AWP,WE,Federal Contract Tower,0,0,0,0,0,0,0,92,10,102,0,0,92,10,102,150,10,160,262
04/16/2013,RYN,AZ,AWP,WE,Federal Contract Tower,0,0,6,0,6,0,0,129,20,149,0,0,135,20,155,126,118,244,399
04/17/2013,RYN,AZ,AWP,WE,Federal Contract Tower,0,0,4,0,4,0,0,103,24,127,0,0,107,24,131,156,106,262,393
04/18/2013,RYN,AZ,AWP,WE,Federal Contract Tower,0,0,6,0,6,0,0,158,32,190,0,0,164,32,196,228,76,304,500
04/19/2013,RYN,AZ,AWP,WE,Federal Contract Tower,0,0,0,0,0,0,0,107,18,125,0,0,107,18,125,160,32,192,317
04/20/2013,RYN,AZ,AWP,WE,Federal Contract Tower,0,0,1,0,1,0,0,128,0,128,0,0,129,0,129,284,0,284,413
04/21/2013,RYN,AZ,AWP,WE,Federal Contract Tower,0,0,6,0,6,0,0,116,2,118,0,0,122,2,124,172,0,172,296
04/22/2013,RYN,AZ,AWP,WE,Federal Contract Tower,0,0,2,0,2,0,0,152,22,174,0,0,154,22,176,154,20,174,350
04/23/2013,RYN,AZ,AWP,WE,Federal Contract Tower,0,0,2,0,2,0,0,149,42,191,0,0,151,42,193,134,180,314,507
04/24/2013,RYN,AZ,AWP,WE,Federal Contract Tower,0,0,4,0,4,0,0,114,14,128,0,0,118,14,132,124,44,168,300
04/25/2013,RYN,AZ,AWP,WE,Federal Contract Tower,0,0,1,0,1,0,0,31,0,31,0,0,32,0,32,40,58,98,130
04/26/2013,RYN,AZ,AWP,WE,Federal Contract Tower,0,0,0,0,0,0,0,100,0,100,0,0,100,0,100,140,8,148,248
04/27/2013,RYN,AZ,AWP,WE,Federal Contract Tower,0,0,3,0,3,0,0,164,6,170,0,0,167,6,173,247,0,247,420
04/28/2013,RYN,AZ,AWP,WE,Federal Contract Tower,0,0,0,0,0,0,0,188,0,188,0,0,188,0,188,190,0,190,378
04/29/2013,RYN,AZ,AWP,WE,Federal Contract Tower,0,0,1,0,1,0,0,99,10,109,0,0,100,10,110,130,104,234,344
04/30/2013,RYN,AZ,AWP,WE,Federal Contract Tower,0,0,4,0,4,0,0,121,8,129,0,0,125,8,133,189,72,261,394
05/01/2013,RYN,AZ,AWP,WE,Federal Contract Tower,0,0,1,0,1,0,0,98,16,114,0,0,99,16,115,158,78,236,351
05/02/2013,RYN,AZ,AWP,WE,Federal Contract Tower,0,0,0,0,0,0,0,54,8,62,0,0,54,8,62,96,92,188,250
05/03/2013,RYN,AZ,AWP,WE,Federal Contract Tower,0,0,1,0,1,0,0,26,0,26,0,0,27,0,27,44,0,44,71
05/04/2013,RYN,AZ,AWP,WE,Federal Contract Tower,0,0,2,0,2,0,0,83,0,83,0,0,85,0,85,98,0,98,183
05/05/2013,RYN,AZ,AWP,WE,Federal Contract Tower,0,0,0,0,0,0,0,76,0,76,0,0,76,0,76,108,0,108,184
05/06/2013,RYN,AZ,AWP,WE,Federal Contract Tower,0,0,0,0,0,0,0,78,6,84,0,0,78,6,84,228,36,264,348
05/07/2013,RYN,AZ,AWP,WE,Federal Contract Tower,0,0,2,0,2,0,0,61,14,75,0,0,63,14,77,210,103,313,390
05/08/2013,RYN,AZ,AWP,WE,Federal Contract Tower,0,0,0,0,0,0,0,86,0,86,0,0,86,0,86,163,0,163,249
05/09/2013,RYN,AZ,AWP,WE,Federal Contract Tower,0,0,1,0,1,0,0,124,39,163,0,0,125,39,164,140,80,220,384
05/10/2013,RYN,AZ,AWP,WE,Federal Contract Tower,0,0,1,0,1,0,0,138,29,167,0,0,139,29,168,192,62,254,422
05/11/2013,RYN,AZ,AWP,WE,Federal Contract Tower,0,0,6,0,6,0,0,118,0,118,0,0,124,0,124,270,0,270,394
05/12/2013,RYN,AZ,AWP,WE,Federal Contract Tower,0,0,0,0,0,0,0,75,0,75,0,0,75,0,75,260,0,260,335
05/13/2013,RYN,AZ,AWP,WE,Federal Contract Tower,0,0,0,0,0,0,0,81,11,92,0,0,81,11,92,160,108,268,360
05/14/2013,RYN,AZ,AWP,WE,Federal Contract Tower,0,0,0,0,0,0,0,73,14,87,0,0,73,14,87,221,18,239,326
05/15/2013,RYN,AZ,AWP,WE,Federal Contract Tower,0,0,1,0,1,0,0,95,8,103,0,0,96,8,104,182,40,222,326
05/16/2013,RYN,AZ,AWP,WE,Federal Contract Tower,0,0,1,0,1,0,0,115,4,119,0,0,116,4,120,222,16,238,358
05/17/2013,RYN,AZ,AWP,WE,Federal Contract Tower,0,0,2,0,2,0,0,112,8,120,0,0,114,8,122,154,50,204,326
05/18/2013,RYN,AZ,AWP,WE,Federal Contract Tower,0,0,1,0,1,0,0,136,2,138,0,0,137,2,139,266,0,266,405
05/19/2013,RYN,AZ,AWP,WE,Federal Contract Tower,0,0,0,0,0,0,0,114,0,114,0,0,114,0,114,200,0,200,314
05/20/2013,RYN,AZ,AWP,WE,Federal Contract Tower,0,0,0,0,0,0,0,130,8,138,0,0,130,8,138,185,40,225,363
05/21/2013,RYN,AZ,AWP,WE,Federal Contract Tower,0,0,2,0,2,0,0,83,2,85,0,0,85,2,87,229,20,249,336
05/22/2013,RYN,AZ,AWP,WE,Federal Contract Tower,0,0,1,0,1,0,0,123,7,130,0,0,124,7,131,178,30,208,339
05/23/2013,RYN,AZ,AWP,WE,Federal Contract Tower,0,0,1,0,1,0,0,82,2,84,0,0,83,2,85,94,2,96,181
05/24/2013,RYN,AZ,AWP,WE,Federal Contract Tower,0,0,3,0,3,0,0,84,4,88,0,0,87,4,91,170,4,174,265
05/25/2013,RYN,AZ,AWP,WE,Federal Contract Tower,0,0,0,0,0,0,0,117,2,119,0,0,117,2,119,241,0,241,360
05/26/2013,RYN,AZ,AWP,WE,Federal Contract Tower,0,0,5,0,5,0,0,112,0,112,0,0,117,0,117,206,0,206,323
05/27/2013,RYN,AZ,AWP,WE,Federal Contract Tower,0,0,0,0,0,0,0,98,0,98,0,0,98,0,98,150,0,150,248
05/28/2013,RYN,AZ,AWP,WE,Federal Contract Tower,0,0,0,0,0,0,0,105,4,109,0,0,105,4,109,214,4,218,327
05/29/2013,RYN,AZ,AWP,WE,Federal Contract Tower,0,0,1,0,1,0,0,100,2,102,0,0,101,2,103,162,16,178,281
05/30/2013,RYN,AZ,AWP,WE,Federal Contract Tower,0,0,0,0,0,0,0,145,0,145,0,0,145,0,145,210,0,210,355
05/31/2013,RYN,AZ,AWP,WE,Federal Contract Tower,0,0,2,0,2,0,0,104,0,104,0,0,106,0,106,240,0,240,346
06/01/2013,RYN,AZ,AWP,WE,Federal Contract Tower,0,0,0,0,0,0,0,104,0,104,0,0,104,0,104,257,0,257,361
06/02/2013,RYN,AZ,AWP,WE,Federal Contract Tower,0,0,1,0,1,0,0,100,2,102,0,0,101,2,103,260,0,260,363
06/03/2013,RYN,AZ,AWP,WE,Federal Contract Tower,0,0,2,0,2,0,0,138,10,148,0,0,140,10,150,170,68,238,388
06/04/2013,RYN,AZ,AWP,WE,Federal Contract Tower,0,0,5,0,5,0,0,115,8,123,0,0,120,8,128,214,82,296,424
06/05/2013,RYN,AZ,AWP,WE,Federal Contract Tower,0,0,2,0,2,0,0,118,9,127,0,0,120,9,129,154,58,212,341
06/06/2013,RYN,AZ,AWP,WE,Federal Contract Tower,0,0,1,0,1,0,0,123,4,127,0,0,124,4,128,174,28,202,330
06/07/2013,RYN,AZ,AWP,WE,Federal Contract Tower,0,0,0,0,0,0,0,78,6,84,0,0,78,6,84,196,12,208,292
06/08/2013,RYN,AZ,AWP,WE,Federal Contract Tower,0,0,0,0,0,0,0,124,0,124,0,0,124,0,124,296,0,296,420
06/09/2013,RYN,AZ,AWP,WE,Federal Contract Tower,0,0,3,0,3,0,0,70,0,70,0,0,73,0,73,242,0,242,315
06/10/2013,RYN,AZ,AWP,WE,Federal Contract Tower,0,0,0,0,0,0,0,97,0,97,0,0,97,0,97,224,0,224,321
06/11/2013,RYN,AZ,AWP,WE,Federal Contract Tower,0,0,0,0,0,0,0,85,6,91,0,0,85,6,91,198,24,222,313
06/12/2013,RYN,AZ,AWP,WE,Federal Contract Tower,0,0,0,0,0,0,0,98,18,116,0,0,98,18,116,161,54,215,331
06/13/2013,RYN,AZ,AWP,WE,Federal Contract Tower,0,0,0,0,0,0,0,115,2,117,0,0,115,2,117,222,10,232,349
06/14/2013,RYN,AZ,AWP,WE,Federal Contract Tower,0,0,1,0,1,0,0,75,15,90,0,0,76,15,91,200,34,234,325
06/15/2013,RYN,AZ,AWP,WE,Federal Contract Tower,0,0,2,0,2,0,0,109,0,109,0,0,111,0,111,247,0,247,358
06/16/2013,RYN,AZ,AWP,WE,Federal Contract Tower,0,0,0,0,0,0,0,106,2,108,0,0,106,2,108,245,0,245,353
06/17/2013,RYN,AZ,AWP,WE,Federal Contract Tower,0,0,1,0,1,0,0,117,50,167,0,0,118,50,168,166,36,202,370
06/18/2013,RYN,AZ,AWP,WE,Federal Contract Tower,0,0,0,0,0,0,0,90,9,99,0,0,90,9,99,264,104,368,467
06/19/2013,RYN,AZ,AWP,WE,Federal Contract Tower,0,0,0,0,0,0,0,116,16,132,0,0,116,16,132,166,96,262,394
06/20/2013,RYN,AZ,AWP,WE,Federal Contract Tower,0,0,1,0,1,0,0,86,16,102,0,0,87,16,103,202,96,298,401
06/21/2013,RYN,AZ,AWP,WE,Federal Contract Tower,0,0,0,0,0,0,0,93,0,93,0,0,93,0,93,166,0,166,259
06/22/2013,RYN,AZ,AWP,WE,Federal Contract Tower,0,0,2,0,2,0,0,92,0,92,0,0,94,0,94,273,0,273,367
06/23/2013,RYN,AZ,AWP,WE,Federal Contract Tower,0,0,5,0,5,0,0,104,0,104,0,0,109,0,109,208,0,208,317
06/24/2013,RYN,AZ,AWP,WE,Federal Contract Tower,0,0,0,0,0,0,0,96,0,96,0,0,96,0,96,88,0,88,184
06/25/2013,RYN,AZ,AWP,WE,Federal Contract Tower,0,0,1,0,1,0,0,70,8,78,0,0,71,8,79,168,80,248,327
06/26/2013,RYN,AZ,AWP,WE,Federal Contract Tower,0,0,0,0,0,0,0,121,34,155,0,0,121,34,155,127,74,201,356
06/27/2013,RYN,AZ,AWP,WE,Federal Contract Tower,0,0,0,0,0,0,0,101,36,137,0,0,101,36,137,118,90,208,345
06/28/2013,RYN,AZ,AWP,WE,Federal Contract Tower,0,0,2,0,2,0,0,110,18,128,0,0,112,18,130,222,0,222,352
06/29/2013,RYN,AZ,AWP,WE,Federal Contract Tower,0,0,0,0,0,0,0,124,4,128,0,0,124,4,128,246,0,246,374
06/30/2013,RYN,AZ,AWP,WE,Federal Contract Tower,0,0,0,0,0,0,0,105,2,107,0,0,105,2,107,112,0,112,219
07/01/2013,RYN,AZ,AWP,WE,Federal Contract Tower,0,0,0,0,0,0,0,70,15,85,0,0,70,15,85,207,154,361,446
07/02/2013,RYN,AZ,AWP,WE,Federal Contract Tower,0,0,0,0,0,0,0,94,4,98,0,0,94,4,98,111,0,111,209
07/03/2013,RYN,AZ,AWP,WE,Federal Contract Tower,0,0,0,0,0,0,0,52,4,56,0,0,52,4,56,156,4,160,216
07/04/2013,RYN,AZ,AWP,WE,Federal Contract Tower,0,0,0,0,0,0,0,64,0,64,0,0,64,0,64,70,0,70,134
07/05/2013,RYN,AZ,AWP,WE,Federal Contract Tower,0,0,1,0,1,0,0,109,0,109,0,0,110,0,110,154,0,154,264
07/06/2013,RYN,AZ,AWP,WE,Federal Contract Tower,0,0,2,0,2,0,0,67,4,71,0,0,69,4,73,212,0,212,285
07/07/2013,RYN,AZ,AWP,WE,Federal Contract Tower,0,0,0,0,0,0,0,70,0,70,0,0,70,0,70,92,0,92,162
07/08/2013,RYN,AZ,AWP,WE,Federal Contract Tower,0,0,0,0,0,0,0,54,6,60,0,0,54,6,60,154,32,186,246
07/09/2013,RYN,AZ,AWP,WE,Federal Contract Tower,0,0,2,0,2,0,0,111,6,117,0,0,113,6,119,198,2,200,319
07/10/2013,RYN,AZ,AWP,WE,Federal Contract Tower,0,0,0,0,0,0,0,116,2,118,0,0,116,2,118,194,12,206,324
07/11/2013,RYN,AZ,AWP,WE,Federal Contract Tower,0,0,0,0,0,0,0,109,0,109,0,0,109,0,109,220,0,220,329
07/12/2013,RYN,AZ,AWP,WE,Federal Contract Tower,0,0,0,0,0,0,0,105,10,115,0,0,105,10,115,200,22,222,337
07/13/2013,RYN,AZ,AWP,WE,Federal Contract Tower,0,0,1,0,1,0,0,103,4,107,0,0,104,4,108,254,0,254,362
07/14/2013,RYN,AZ,AWP,WE,Federal Contract Tower,0,0,0,0,0,0,0,121,2,123,0,0,121,2,123,194,20,214,337
07/15/2013,RYN,AZ,AWP,WE,Federal Contract Tower,0,0,0,0,0,0,0,60,2,62,0,0,60,2,62,178,66,244,306
07/16/2013,RYN,AZ,AWP,WE,Federal Contract Tower,0,0,1,0,1,0,0,60,6,66,0,0,61,6,67,248,32,280,347
07/17/2013,RYN,AZ,AWP,WE,Federal Contract Tower,0,0,0,0,0,0,0,91,6,97,0,0,91,6,97,168,4,172,269
07/18/2013,RYN,AZ,AWP,WE,Federal Contract Tower,0,0,2,0,2,0,0,108,8,116,0,0,110,8,118,212,72,284,402
07/19/2013,RYN,AZ,AWP,WE,Federal Contract Tower,0,0,1,0,1,0,0,117,4,121,0,0,118,4,122,202,16,218,340
07/20/2013,RYN,AZ,AWP,WE,Federal Contract Tower,0,0,0,0,0,0,0,118,0,118,0,0,118,0,118,120,0,120,238
07/21/2013,RYN,AZ,AWP,WE,Federal Contract Tower,0,0,0,0,0,0,0,80,2,82,0,0,80,2,82,152,0,152,234
07/22/2013,RYN,AZ,AWP,WE,Federal Contract Tower,0,0,2,0,2,0,0,79,0,79,0,0,81,0,81,86,0,86,167
07/23/2013,RYN,AZ,AWP,WE,Federal Contract Tower,0,0,0,0,0,0,0,118,4,122,0,0,118,4,122,198,46,244,366
07/24/2013,RYN,AZ,AWP,WE,Federal Contract Tower,0,0,2,0,2,0,0,105,22,127,0,0,107,22,129,207,116,323,452
07/25/2013,RYN,AZ,AWP,WE,Federal Contract Tower,0,0,100,4,104,0,0,0,0,0,0,0,100,4,104,214,74,288,392
07/26/2013,RYN,AZ,AWP,WE,Federal Contract Tower,0,0,3,0,3,0,0,93,16,109,0,0,96,16,112,160,138,298,410
07/27/2013,RYN,AZ,AWP,WE,Federal Contract Tower,0,0,2,0,2,0,0,151,0,151,0,0,153,0,153,198,0,198,351
07/28/2013,RYN,AZ,AWP,WE,Federal Contract Tower,0,0,0,0,0,0,0,130,0,130,0,0,130,0,130,198,0,198,328
07/29/2013,RYN,AZ,AWP,WE,Federal Contract Tower,0,0,1,0,1,0,0,77,2,79,0,0,78,2,80,158,12,170,250
07/30/2013,RYN,AZ,AWP,WE,Federal Contract Tower,0,0,1,0,1,0,0,95,8,103,0,0,96,8,104,146,58,204,308
07/31/2013,RYN,AZ,AWP,WE,Federal Contract Tower,0,0,1,0,1,0,0,83,12,95,0,0,84,12,96,150,80,230,326
08/01/2013,RYN,AZ,AWP,WE,Federal Contract Tower,0,0,0,0,0,0,0,112,12,124,0,0,112,12,124,178,82,260,384
08/02/2013,RYN,AZ,AWP,WE,Federal Contract Tower,0,0,0,0,0,0,0,85,12,97,0,0,85,12,97,158,64,222,319
08/03/2013,RYN,AZ,AWP,WE,Federal Contract Tower,0,0,1,0,1,0,0,104,4,108,0,0,105,4,109,160,0,160,269
08/04/2013,RYN,AZ,AWP,WE,Federal Contract Tower,0,0,0,0,0,0,0,156,0,156,0,0,156,0,156,132,0,132,288
08/05/2013,RYN,AZ,AWP,WE,Federal Contract Tower,0,0,0,0,0,0,0,54,2,56,0,0,54,2,56,116,46,162,218
08/06/2013,RYN,AZ,AWP,WE,Federal Contract Tower,0,0,3,0,3,0,0,114,10,124,0,0,117,10,127,200,68,268,395
08/07/2013,RYN,AZ,AWP,WE,Federal Contract Tower,0,0,2,0,2,0,0,146,2,148,0,0,148,2,150,216,0,216,366
08/08/2013,RYN,AZ,AWP,WE,Federal Contract Tower,0,0,1,0,1,0,0,122,2,124,0,0,123,2,125,234,0,234,359
08/09/2013,RYN,AZ,AWP,WE,Federal Contract Tower,0,0,4,0,4,0,0,116,6,122,0,0,120,6,126,184,70,254,380
08/10/2013,RYN,AZ,AWP,WE,Federal Contract Tower,0,0,0,0,0,0,0,116,0,116,0,0,116,0,116,192,0,192,308
08/11/2013,RYN,AZ,AWP,WE,Federal Contract Tower,0,0,1,0,1,0,0,120,4,124,0,0,121,4,125,280,0,280,405
08/12/2013,RYN,AZ,AWP,WE,Federal Contract Tower,0,0,0,0,0,0,0,75,4,79,0,0,75,4,79,144,36,180,259
08/13/2013,RYN,AZ,AWP,WE,Federal Contract Tower,0,0,0,0,0,0,0,91,6,97,0,0,91,6,97,247,34,281,378
08/14/2013,RYN,AZ,AWP,WE,Federal Contract Tower,0,0,0,0,0,0,0,96,4,100,0,0,96,4,100,229,28,257,357
08/15/2013,RYN,AZ,AWP,WE,Federal Contract Tower,0,0,1,0,1,0,0,117,4,121,0,0,118,4,122,180,48,228,350
08/16/2013,RYN,AZ,AWP,WE,Federal Contract Tower,0,0,1,0,1,0,0,81,0,81,0,0,82,0,82,210,0,210,292
08/17/2013,RYN,AZ,AWP,WE,Federal Contract Tower,0,0,0,0,0,0,0,97,0,97,0,0,97,0,97,244,0,244,341
08/18/2013,RYN,AZ,AWP,WE,Federal Contract Tower,0,0,2,0,2,0,0,115,0,115,0,0,117,0,117,266,0,266,383
08/19/2013,RYN,AZ,AWP,WE,Federal Contract Tower,0,0,0,0,0,0,0,74,2,76,0,0,74,2,76,154,36,190,266
08/20/2013,RYN,AZ,AWP,WE,Federal Contract Tower,0,0,0,0,0,0,0,100,0,100,0,0,100,0,100,218,0,218,318
08/21/2013,RYN,AZ,AWP,WE,Federal Contract Tower,0,0,0,0,0,0,0,146,4,150,0,0,146,4,150,156,40,196,346
08/22/2013,RYN,AZ,AWP,WE,Federal Contract Tower,0,0,0,0,0,0,0,114,4,118,0,0,114,4,118,206,48,254,372
08/23/2013,RYN,AZ,AWP,WE,Federal Contract Tower,0,0,0,0,0,0,0,91,6,97,0,0,91,6,97,214,12,226,323
08/24/2013,RYN,AZ,AWP,WE,Federal Contract Tower,0,0,4,0,4,0,0,82,0,82,0,0,86,0,86,235,0,235,321
08/25/2013,RYN,AZ,AWP,WE,Federal Contract Tower,0,0,5,0,5,0,0,78,0,78,0,0,83,0,83,214,0,214,297
08/26/2013,RYN,AZ,AWP,WE,Federal Contract Tower,0,0,0,0,0,0,0,108,4,112,0,0,108,4,112,176,40,216,328
08/27/2013,RYN,AZ,AWP,WE,Federal Contract Tower,0,0,0,0,0,0,0,104,6,110,0,0,104,6,110,192,40,232,342
08/28/2013,RYN,AZ,AWP,WE,Federal Contract Tower,0,0,0,0,0,0,0,93,2,95,0,0,93,2,95,180,24,204,299
08/29/2013,RYN,AZ,AWP,WE,Federal Contract Tower,0,0,1,0,1,0,0,28,14,42,0,0,29,14,43,76,110,186,229
08/30/2013,RYN,AZ,AWP,WE,Federal Contract Tower,0,0,0,0,0,0,0,125,12,137,0,0,125,12,137,238,16,254,391
08/31/2013,RYN,AZ,AWP,WE,Federal Contract Tower,0,0,0,0,0,0,0,99,2,101,0,0,99,2,101,241,0,241,342
09/01/2013,RYN,AZ,AWP,WE,Federal Contract Tower,0,0,2,0,2,0,0,71,0,71,0,0,73,0,73,194,0,194,267
09/02/2013,RYN,AZ,AWP,WE,Federal Contract Tower,0,0,0,0,0,0,0,105,0,105,0,0,105,0,105,136,0,136,241
09/03/2013,RYN,AZ,AWP,WE,Federal Contract Tower,0,0,0,0,0,0,0,108,12,120,0,0,108,12,120,196,52,248,368
09/04/2013,RYN,AZ,AWP,WE,Federal Contract Tower,0,0,0,0,0,0,0,125,7,132,0,0,125,7,132,156,25,181,313
09/05/2013,RYN,AZ,AWP,WE,Federal Contract Tower,0,0,1,0,1,0,0,104,12,116,0,0,105,12,117,240,24,264,381
09/06/2013,RYN,AZ,AWP,WE,Federal Contract Tower,0,0,0,0,0,0,0,112,2,114,0,0,112,2,114,222,16,238,352
09/07/2013,RYN,AZ,AWP,WE,Federal Contract Tower,0,0,3,0,3,0,0,100,0,100,0,0,103,0,103,246,0,246,349
09/08/2013,RYN,AZ,AWP,WE,Federal Contract Tower,0,0,1,0,1,0,0,84,0,84,0,0,85,0,85,160,0,160,245
09/09/2013,RYN,AZ,AWP,WE,Federal Contract Tower,0,0,0,0,0,0,0,26,2,28,0,0,26,2,28,102,50,152,180
09/10/2013,RYN,AZ,AWP,WE,Federal Contract Tower,0,0,0,0,0,0,0,90,4,94,0,0,90,4,94,219,38,257,351
09/11/2013,RYN,AZ,AWP,WE,Federal Contract Tower,0,0,0,0,0,0,0,143,6,149,0,0,143,6,149,204,58,262,411
09/12/2013,RYN,AZ,AWP,WE,Federal Contract Tower,0,0,0,0,0,0,0,96,6,102,0,0,96,6,102,184,86,270,372
09/13/2013,RYN,AZ,AWP,WE,Federal Contract Tower,0,0,0,0,0,0,0,83,8,91,0,0,83,8,91,196,94,290,381
09/14/2013,RYN,AZ,AWP,WE,Federal Contract Tower,0,0,1,0,1,0,0,87,2,89,0,0,88,2,90,258,38,296,386
09/15/2013,RYN,AZ,AWP,WE,Federal Contract Tower,0,0,0,0,0,0,0,90,0,90,0,0,90,0,90,267,0,267,357
09/16/2013,RYN,AZ,AWP,WE,Federal Contract Tower,0,0,0,0,0,0,0,106,14,120,0,0,106,14,120,98,58,156,276
09/17/2013,RYN,AZ,AWP,WE,Federal Contract Tower,0,0,1,0,1,0,0,84,18,102,0,0,85,18,103,228,28,256,359
09/18/2013,RYN,AZ,AWP,WE,Federal Contract Tower,0,0,0,0,0,0,0,104,10,114,0,0,104,10,114,168,34,202,316
09/19/2013,RYN,AZ,AWP,WE,Federal Contract Tower,0,0,0,0,0,0,0,115,9,124,0,0,115,9,124,204,74,278,402
09/20/2013,RYN,AZ,AWP,WE,Federal Contract Tower,0,0,1,0,1,0,0,75,4,79,0,0,76,4,80,156,20,176,256
09/21/2013,RYN,AZ,AWP,WE,Federal Contract Tower,0,0,2,0,2,0,0,128,0,128,0,0,130,0,130,252,0,252,382
09/22/2013,RYN,AZ,AWP,WE,Federal Contract Tower,0,0,3,0,3,0,0,76,2,78,0,0,79,2,81,164,0,164,245
09/23/2013,RYN,AZ,AWP,WE,Federal Contract Tower,0,0,0,0,0,0,0,112,0,112,0,0,112,0,112,114,0,114,226
09/24/2013,RYN,AZ,AWP,WE,Federal Contract Tower,0,0,0,0,0,0,0,102,4,106,0,0,102,4,106,224,28,252,358
09/25/2013,RYN,AZ,AWP,WE,Federal Contract Tower,0,0,2,0,2,0,0,89,24,113,0,0,91,24,115,142,102,244,359
09/26/2013,RYN,AZ,AWP,WE,Federal Contract Tower,0,0,0,0,0,0,0,78,32,110,0,0,78,32,110,106,136,242,352
09/27/2013,RYN,AZ,AWP,WE,Federal Contract Tower,0,0,1,0,1,0,0,87,0,87,0,0,88,0,88,142,0,142,230
09/28/2013,RYN,AZ,AWP,WE,Federal Contract Tower,0,0,1,0,1,0,0,135,6,141,0,0,136,6,142,223,0,223,365
09/29/2013,RYN,AZ,AWP,WE,Federal Contract Tower,0,0,0,0,0,0,0,131,0,131,0,0,131,0,131,172,0,172,303
09/30/2013,RYN,AZ,AWP,WE,Federal Contract Tower,0,0,0,0,0,0,0,97,8,105,0,0,97,8,105,122,52,174,279
10/01/2013,RYN,AZ,AWP,WE,Federal Contract Tower,0,0,1,0,1,0,0,100,10,110,0,0,101,10,111,190,68,258,369
10/02/2013,RYN,AZ,AWP,WE,Federal Contract Tower,0,0,0,0,0,0,0,157,4,161,0,0,157,4,161,215,32,247,408
10/03/2013,RYN,AZ,AWP,WE,Federal Contract Tower,0,0,1,0,1,0,0,114,2,116,0,0,115,2,117,232,14,246,363
10/04/2013,RYN,AZ,AWP,WE,Federal Contract Tower,0,0,2,0,2,0,0,107,6,113,0,0,109,6,115,292,38,330,445
10/05/2013,RYN,AZ,AWP,WE,Federal Contract Tower,0,0,2,0,2,0,0,131,2,133,0,0,133,2,135,263,0,263,398
10/06/2013,RYN,AZ,AWP,WE,Federal Contract Tower,0,0,0,0,0,0,0,98,0,98,0,0,98,0,98,167,0,167,265
10/07/2013,RYN,AZ,AWP,WE,Federal Contract Tower,0,0,0,0,0,0,0,112,8,120,0,0,112,8,120,182,74,256,376
10/08/2013,RYN,AZ,AWP,WE,Federal Contract Tower,0,0,0,0,0,0,0,80,6,86,0,0,80,6,86,230,52,282,368
10/09/2013,RYN,AZ,AWP,WE,Federal Contract Tower,0,0,0,0,0,0,0,82,8,90,0,0,82,8,90,157,90,247,337
10/10/2013,RYN,AZ,AWP,WE,Federal Contract Tower,0,0,4,0,4,0,0,25,0,25,0,0,29,0,29,56,0,56,85
10/11/2013,RYN,AZ,AWP,WE,Federal Contract Tower,0,0,0,0,0,0,0,120,10,130,0,0,120,10,130,256,54,310,440
10/12/2013,RYN,AZ,AWP,WE,Federal Contract Tower,0,0,1,0,1,0,0,115,2,117,0,0,116,2,118,228,20,248,366
10/13/2013,RYN,AZ,AWP,WE,Federal Contract Tower,0,0,0,0,0,0,0,109,0,109,0,0,109,0,109,219,0,219,328
10/14/2013,RYN,AZ,AWP,WE,Federal Contract Tower,0,0,2,0,2,0,0,76,2,78,0,0,78,2,80,198,0,198,278
10/15/2013,RYN,AZ,AWP,WE,Federal Contract Tower,0,0,1,0,1,0,0,105,4,109,0,0,106,4,110,244,24,268,378
10/16/2013,RYN,AZ,AWP,WE,Federal Contract Tower,0,0,0,0,0,0,0,132,14,146,0,0,132,14,146,178,54,232,378
10/17/2013,RYN,AZ,AWP,WE,Federal Contract Tower,0,0,1,0,1,0,0,99,10,109,0,0,100,10,110,206,92,298,408
10/18/2013,RYN,AZ,AWP,WE,Federal Contract Tower,0,0,0,0,0,0,0,120,0,120,0,0,120,0,120,246,0,246,366
10/19/2013,RYN,AZ,AWP,WE,Federal Contract Tower,0,0,0,0,0,0,0,128,0,128,0,0,128,0,128,320,0,320,448
10/20/2013,RYN,AZ,AWP,WE,Federal Contract Tower,0,0,2,0,2,0,0,124,0,124,0,0,126,0,126,246,0,246,372
10/21/2013,RYN,AZ,AWP,WE,Federal Contract Tower,0,0,2,0,2,0,0,90,0,90,0,0,92,0,92,136,0,136,228
10/22/2013,RYN,AZ,AWP,WE,Federal Contract Tower,0,0,0,0,0,0,0,117,3,120,0,0,117,3,120,272,48,320,440
10/23/2013,RYN,AZ,AWP,WE,Federal Contract Tower,0,0,2,0,2,0,0,127,8,135,0,0,129,8,137,222,74,296,433
10/24/2013,RYN,AZ,AWP,WE,Federal Contract Tower,0,0,3,0,3,0,0,97,3,100,0,0,100,3,103,278,34,312,415
10/25/2013,RYN,AZ,AWP,WE,Federal Contract Tower,0,0,1,0,1,0,0,122,2,124,0,0,123,2,125,224,0,224,349
10/26/2013,RYN,AZ,AWP,WE,Federal Contract Tower,0,0,0,0,0,0,0,128,0,128,0,0,128,0,128,76,0,76,204
10/27/2013,RYN,AZ,AWP,WE,Federal Contract Tower,0,0,3,0,3,0,0,143,2,145,0,0,146,2,148,246,0,246,394
10/28/2013,RYN,AZ,AWP,WE,Federal Contract Tower,0,0,0,0,0,0,0,95,6,101,0,0,95,6,101,182,50,232,333
10/29/2013,RYN,AZ,AWP,WE,Federal Contract Tower,0,0,0,0,0,0,0,76,14,90,0,0,76,14,90,148,80,228,318
10/30/2013,RYN,AZ,AWP,WE,Federal Contract Tower,0,0,0,0,0,0,0,118,10,128,0,0,118,10,128,220,72,292,420
10/31/2013,RYN,AZ,AWP,WE,Federal Contract Tower,0,0,0,0,0,0,0,113,6,119,0,0,113,6,119,169,28,197,316
11/01/2013,RYN,AZ,AWP,WE,Federal Contract Tower,0,0,4,0,4,0,0,122,2,124,0,0,126,2,128,206,16,222,350
11/02/2013,RYN,AZ,AWP,WE,Federal Contract Tower,0,0,1,0,1,0,0,111,2,113,0,0,112,2,114,236,0,236,350
11/03/2013,RYN,AZ,AWP,WE,Federal Contract Tower,0,0,4,0,4,0,0,82,0,82,0,0,86,0,86,250,0,250,336
11/04/2013,RYN,AZ,AWP,WE,Federal Contract Tower,0,0,0,0,0,0,0,98,8,106,0,0,98,8,106,84,44,128,234
11/05/2013,RYN,AZ,AWP,WE,Federal Contract Tower,0,0,2,0,2,0,0,84,10,94,0,0,86,10,96,166,50,216,312
11/06/2013,RYN,AZ,AWP,WE,Federal Contract Tower,0,0,0,0,0,0,0,106,9,115,0,0,106,9,115,182,54,236,351
11/07/2013,RYN,AZ,AWP,WE,Federal Contract Tower,0,0,0,0,0,0,0,92,6,98,0,0,92,6,98,149,52,201,299
11/08/2013,RYN,AZ,AWP,WE,Federal Contract Tower,0,0,0,0,0,0,0,135,4,139,0,0,135,4,139,210,34,244,383
11/09/2013,RYN,AZ,AWP,WE,Federal Contract Tower,0,0,0,0,0,0,0,112,0,112,0,0,112,0,112,254,0,254,366
11/10/2013,RYN,AZ,AWP,WE,Federal Contract Tower,0,0,4,0,4,0,0,136,2,138,0,0,140,2,142,138,6,144,286
11/11/2013,RYN,AZ,AWP,WE,Federal Contract Tower,0,0,2,0,2,0,0,92,4,96,0,0,94,4,98,228,0,228,326
11/12/2013,RYN,AZ,AWP,WE,Federal Contract Tower,0,0,0,0,0,0,0,84,18,102,0,0,84,18,102,194,102,296,398
11/13/2013,RYN,AZ,AWP,WE,Federal Contract Tower,0,0,2,0,2,0,0,74,14,88,0,0,76,14,90,134,110,244,334
11/14/2013,RYN,AZ,AWP,WE,Federal Contract Tower,0,0,0,0,0,0,0,83,18,101,0,0,83,18,101,217,152,369,470
11/15/2013,RYN,AZ,AWP,WE,Federal Contract Tower,0,0,1,0,1,0,0,48,12,60,0,0,49,12,61,122,62,184,245
11/16/2013,RYN,AZ,AWP,WE,Federal Contract Tower,0,0,4,0,4,0,0,119,2,121,0,0,123,2,125,233,12,245,370
11/17/2013,RYN,AZ,AWP,WE,Federal Contract Tower,0,0,1,0,1,0,0,116,2,118,0,0,117,2,119,273,20,293,412
11/18/2013,RYN,AZ,AWP,WE,Federal Contract Tower,0,0,2,0,2,0,0,109,20,129,0,0,111,20,131,184,124,308,439
11/19/2013,RYN,AZ,AWP,WE,Federal Contract Tower,0,0,3,0,3,0,0,106,15,121,0,0,109,15,124,264,134,398,522
11/20/2013,RYN,AZ,AWP,WE,Federal Contract Tower,0,0,3,0,3,0,0,121,4,125,0,0,124,4,128,247,22,269,397
11/21/2013,RYN,AZ,AWP,WE,Federal Contract Tower,0,0,6,0,6,0,0,109,5,114,0,0,115,5,120,164,12,176,296
11/22/2013,RYN,AZ,AWP,WE,Federal Contract Tower,0,0,7,0,7,0,0,0,0,0,0,0,7,0,7,0,0,0,7
11/23/2013,RYN,AZ,AWP,WE,Federal Contract Tower,0,0,5,0,5,0,0,7,0,7,0,0,12,0,12,30,0,30,42
11/24/2013,RYN,AZ,AWP,WE,Federal Contract Tower,0,0,3,0,3,0,0,75,0,75,0,0,78,0,78,144,0,144,222
11/25/2013,RYN,AZ,AWP,WE,Federal Contract Tower,0,0,1,0,1,0,0,99,21,120,0,0,100,21,121,114,224,338,459
11/26/2013,RYN,AZ,AWP,WE,Federal Contract Tower,0,0,4,0,4,0,0,87,21,108,0,0,91,21,112,142,140,282,394
11/27/2013,RYN,AZ,AWP,WE,Federal Contract Tower,0,0,1,0,1,0,0,78,0,78,0,0,79,0,79,22,0,22,101
11/28/2013,RYN,AZ,AWP,WE,Federal Contract Tower,0,0,0,0,0,0,0,24,0,24,0,0,24,0,24,21,0,21,45
11/29/2013,RYN,AZ,AWP,WE,Federal Contract Tower,0,0,0,0,0,0,0,73,2,75,0,0,73,2,75,132,4,136,211
11/30/2013,RYN,AZ,AWP,WE,Federal Contract Tower,0,0,4,0,4,0,0,83,0,83,0,0,87,0,87,284,0,284,371
12/01/2013,RYN,AZ,AWP,WE,Federal Contract Tower,0,0,2,0,2,0,0,112,4,116,0,0,114,4,118,186,24,210,328
12/02/2013,RYN,AZ,AWP,WE,Federal Contract Tower,0,0,1,0,1,0,0,158,6,164,0,0,159,6,165,132,22,154,319
12/03/2013,RYN,AZ,AWP,WE,Federal Contract Tower,0,0,1,0,1,0,0,94,14,108,0,0,95,14,109,228,48,276,385
12/04/2013,RYN,AZ,AWP,WE,Federal Contract Tower,0,0,4,0,4,0,0,56,32,88,0,0,60,32,92,120,134,254,346
12/05/2013,RYN,AZ,AWP,WE,Federal Contract Tower,0,0,3,0,3,0,0,99,9,108,0,0,102,9,111,52,46,98,209
12/06/2013,RYN,AZ,AWP,WE,Federal Contract Tower,0,0,4,0,4,0,0,126,0,126,0,0,130,0,130,238,0,238,368
12/07/2013,RYN,AZ,AWP,WE,Federal Contract Tower,0,0,3,0,3,0,0,95,1,96,0,0,98,1,99,306,22,328,427
12/08/2013,RYN,AZ,AWP,WE,Federal Contract Tower,0,0,5,0,5,0,0,95,6,101,0,0,100,6,106,238,14,252,358
12/09/2013,RYN,AZ,AWP,WE,Federal Contract Tower,0,0,2,0,2,0,0,111,4,115,0,0,113,4,117,196,28,224,341
12/10/2013,RYN,AZ,AWP,WE,Federal Contract Tower,0,0,1,0,1,0,0,127,12,139,0,0,128,12,140,210,50,260,400
12/11/2013,RYN,AZ,AWP,WE,Federal Contract Tower,0,0,3,0,3,0,0,120,26,146,0,0,123,26,149,120,26,146,295
12/12/2013,RYN,AZ,AWP,WE,Federal Contract Tower,0,0,3,0,3,0,0,111,2,113,0,0,114,2,116,120,4,124,240
12/13/2013,RYN,AZ,AWP,WE,Federal Contract Tower,0,0,2,0,2,0,0,139,0,139,0,0,141,0,141,144,0,144,285
12/14/2013,RYN,AZ,AWP,WE,Federal Contract Tower,0,0,1,0,1,0,0,134,0,134,0,0,135,0,135,276,0,276,411
12/15/2013,RYN,AZ,AWP,WE,Federal Contract Tower,0,0,8,0,8,0,0,115,0,115,0,0,123,0,123,222,0,222,345
12/16/2013,RYN,AZ,AWP,WE,Federal Contract Tower,0,0,2,0,2,0,0,86,0,86,0,0,88,0,88,104,0,104,192
12/17/2013,RYN,AZ,AWP,WE,Federal Contract Tower,0,0,1,0,1,0,0,114,14,128,0,0,115,14,129,186,76,262,391
12/18/2013,RYN,AZ,AWP,WE,Federal Contract Tower,0,0,1,0,1,0,0,103,0,103,0,0,104,0,104,230,0,230,334
12/19/2013,RYN,AZ,AWP,WE,Federal Contract Tower,0,0,0,0,0,0,0,92,6,98,0,0,92,6,98,172,56,228,326
12/20/2013,RYN,AZ,AWP,WE,Federal Contract Tower,0,0,2,0,2,0,0,8,0,8,0,0,10,0,10,12,0,12,22
12/21/2013,RYN,AZ,AWP,WE,Federal Contract Tower,0,0,3,0,3,0,0,90,0,90,0,0,93,0,93,64,0,64,157
12/22/2013,RYN,AZ,AWP,WE,Federal Contract Tower,0,0,1,0,1,0,0,114,0,114,0,0,115,0,115,258,0,258,373
12/23/2013,RYN,AZ,AWP,WE,Federal Contract Tower,0,0,1,0,1,0,0,111,4,115,0,0,112,4,116,76,46,122,238
12/24/2013,RYN,AZ,AWP,WE,Federal Contract Tower,0,0,3,0,3,0,0,103,0,103,0,0,106,0,106,172,0,172,278
12/25/2013,RYN,AZ,AWP,WE,Federal Contract Tower,0,0,0,0,0,0,0,23,0,23,0,0,23,0,23,25,0,25,48
12/26/2013,RYN,AZ,AWP,WE,Federal Contract Tower,0,0,1,0,1,0,0,72,0,72,0,0,73,0,73,78,0,78,151
12/27/2013,RYN,AZ,AWP,WE,Federal Contract Tower,0,0,1,0,1,0,0,49,1,50,0,0,50,1,51,128,2,130,181
12/28/2013,RYN,AZ,AWP,WE,Federal Contract Tower,0,0,2,0,2,0,0,135,0,135,0,0,137,0,137,298,0,298,435
12/29/2013,RYN,AZ,AWP,WE,Federal Contract Tower,0,0,7,0,7,0,0,156,2,158,0,0,163,2,165,250,0,250,415
12/30/2013,RYN,AZ,AWP,WE,Federal Contract Tower,0,0,1,0,1,0,0,170,0,170,0,0,171,0,171,246,0,246,417
12/31/2013,RYN,AZ,AWP,WE,Federal Contract Tower,0,0,3,0,3,0,0,121,0,121,0,0,124,0,124,220,0,220,344
01/01/2014,RYN,AZ,AWP,WE,Federal Contract Tower,0,0,3,0,3,0,0,60,0,60,0,0,63,0,63,76,0,76,139
01/02/2014,RYN,AZ,AWP,WE,Federal Contract Tower,0,0,1,0,1,0,0,66,1,67,0,0,67,1,68,154,4,158,226
01/03/2014,RYN,AZ,AWP,WE,Federal Contract Tower,0,0,0,0,0,0,0,108,0,108,0,0,108,0,108,158,0,158,266
01/04/2014,RYN,AZ,AWP,WE,Federal Contract Tower,0,0,0,0,0,0,0,118,0,118,0,0,118,0,118,290,0,290,408
01/05/2014,RYN,AZ,AWP,WE,Federal Contract Tower,0,0,2,0,2,0,0,111,0,111,0,0,113,0,113,276,0,276,389
01/06/2014,RYN,AZ,AWP,WE,Federal Contract Tower,0,0,0,0,0,0,0,177,8,185,0,0,177,8,185,262,8,270,455
01/07/2014,RYN,AZ,AWP,WE,Federal Contract Tower,0,0,2,0,2,0,0,107,4,111,0,0,109,4,113,212,26,238,351
01/08/2014,RYN,AZ,AWP,WE,Federal Contract Tower,0,0,2,0,2,0,0,171,4,175,0,0,173,4,177,126,68,194,371
01/09/2014,RYN,AZ,AWP,WE,Federal Contract Tower,0,0,0,0,0,0,0,130,13,143,0,0,130,13,143,182,78,260,403
01/10/2014,RYN,AZ,AWP,WE,Federal Contract Tower,0,0,3,0,3,0,0,101,8,109,0,0,104,8,112,212,74,286,398
01/11/2014,RYN,AZ,AWP,WE,Federal Contract Tower,0,0,3,0,3,0,0,168,0,168,0,0,171,0,171,170,0,170,341
01/12/2014,RYN,AZ,AWP,WE,Federal Contract Tower,0,0,2,0,2,0,0,97,6,103,0,0,99,6,105,144,64,208,313
01/13/2014,RYN,AZ,AWP,WE,Federal Contract Tower,0,0,0,0,0,0,0,104,6,110,0,0,104,6,110,182,44,226,336
01/14/2014,RYN,AZ,AWP,WE,Federal Contract Tower,0,0,3,0,3,0,0,164,20,184,0,0,167,20,187,298,102,400,587
01/15/2014,RYN,AZ,AWP,WE,Federal Contract Tower,0,0,1,0,1,0,0,168,12,180,0,0,169,12,181,114,94,208,389
01/16/2014,RYN,AZ,AWP,WE,Federal Contract Tower,0,0,1,0,1,0,0,139,12,151,0,0,140,12,152,168,54,222,374
01/17/2014,RYN,AZ,AWP,WE,Federal Contract Tower,0,0,2,0,2,0,0,109,6,115,0,0,111,6,117,142,34,176,293
01/18/2014,RYN,AZ,AWP,WE,Federal Contract Tower,0,0,1,0,1,0,0,133,0,133,0,0,134,0,134,278,0,278,412
01/19/2014,RYN,AZ,AWP,WE,Federal Contract Tower,0,0,0,0,0,0,0,130,0,130,0,0,130,0,130,248,0,248,378
01/20/2014,RYN,AZ,AWP,WE,Federal Contract Tower,0,0,0,0,0,0,0,113,0,113,0,0,113,0,113,268,0,268,381
01/21/2014,RYN,AZ,AWP,WE,Federal Contract Tower,0,0,0,0,0,0,0,107,28,135,0,0,107,28,135,122,206,328,463
01/22/2014,RYN,AZ,AWP,WE,Federal Contract Tower,0,0,1,0,1,0,0,74,8,82,0,0,75,8,83,172,32,204,287
01/23/2014,RYN,AZ,AWP,WE,Federal Contract Tower,0,0,1,0,1,0,0,151,15,166,0,0,152,15,167,234,42,276,443
01/24/2014,RYN,AZ,AWP,WE,Federal Contract Tower,0,0,2,0,2,0,0,41,14,55,0,0,43,14,57,42,82,124,181
01/25/2014,RYN,AZ,AWP,WE,Federal Contract Tower,0,0,1,0,1,0,0,132,3,135,0,0,133,3,136,302,22,324,460
01/26/2014,RYN,AZ,AWP,WE,Federal Contract Tower,0,0,5,0,5,0,0,130,2,132,0,0,135,2,137,224,8,232,369
01/27/2014,RYN,AZ,AWP,WE,Federal Contract Tower,0,0,0,0,0,0,0,155,2,157,0,0,155,2,157,182,16,198,355
01/28/2014,RYN,AZ,AWP,WE,Federal Contract Tower,0,0,1,0,1,0,0,113,11,124,0,0,114,11,125,258,36,294,419
01/29/2014,RYN,AZ,AWP,WE,Federal Contract Tower,0,0,2,0,2,0,0,132,13,145,0,0,134,13,147,234,38,272,419
01/30/2014,RYN,AZ,AWP,WE,Federal Contract Tower,0,0,3,0,3,0,0,107,17,124,0,0,110,17,127,166,44,210,337
01/31/2014,RYN,AZ,AWP,WE,Federal Contract Tower,0,0,0,0,0,0,0,27,14,41,0,0,27,14,41,26,20,46,87
02/01/2014,RYN,AZ,AWP,WE,Federal Contract Tower,0,0,2,0,2,0,0,95,2,97,0,0,97,2,99,178,0,178,277
02/02/2014,RYN,AZ,AWP,WE,Federal Contract Tower,0,0,4,0,4,0,0,95,0,95,0,0,99,0,99,146,0,146,245
02/03/2014,RYN,AZ,AWP,WE,Federal Contract Tower,0,0,0,0,0,0,0,107,1,108,0,0,107,1,108,210,46,256,364
02/04/2014,RYN,AZ,AWP,WE,Federal Contract Tower,0,0,0,0,0,0,0,111,16,127,0,0,111,16,127,272,44,316,443
02/05/2014,RYN,AZ,AWP,WE,Federal Contract Tower,0,0,3,0,3,0,0,98,4,102,0,0,101,4,105,172,30,202,307
02/06/2014,RYN,AZ,AWP,WE,Federal Contract Tower,0,0,1,0,1,0,0,119,7,126,0,0,120,7,127,158,20,178,305
02/07/2014,RYN,AZ,AWP,WE,Federal Contract Tower,0,0,1,0,1,0,0,92,4,96,0,0,93,4,97,128,10,138,235
02/08/2014,RYN,AZ,AWP,WE,Federal Contract Tower,0,0,0,0,0,0,0,215,0,215,0,0,215,0,215,246,0,246,461
02/09/2014,RYN,AZ,AWP,WE,Federal Contract Tower,0,0,3,0,3,0,0,75,0,75,0,0,78,0,78,72,0,72,150
02/10/2014,RYN,AZ,AWP,WE,Federal Contract Tower,0,0,1,0,1,0,0,145,0,145,0,0,146,0,146,220,0,220,366
02/11/2014,RYN,AZ,AWP,WE,Federal Contract Tower,0,0,1,0,1,0,0,98,0,98,0,0,99,0,99,207,0,207,306
02/12/2014,RYN,AZ,AWP,WE,Federal Contract Tower,0,0,2,0,2,0,0,155,12,167,0,0,157,12,169,177,114,291,460
02/13/2014,RYN,AZ,AWP,WE,Federal Contract Tower,0,0,0,0,0,0,0,99,4,103,0,0,99,4,103,188,38,226,329
02/14/2014,RYN,AZ,AWP,WE,Federal Contract Tower,0,0,0,0,0,0,0,126,12,138,0,0,126,12,138,184,78,262,400
02/15/2014,RYN,AZ,AWP,WE,Federal Contract Tower,0,0,1,0,1,0,0,144,0,144,0,0,145,0,145,248,0,248,393
02/16/2014,RYN,AZ,AWP,WE,Federal Contract Tower,0,0,0,0,0,0,0,132,0,132,0,0,132,0,132,164,0,164,296
02/17/2014,RYN,AZ,AWP,WE,Federal Contract Tower,0,0,0,0,0,0,0,135,0,135,0,0,135,0,135,168,0,168,303
02/18/2014,RYN,AZ,AWP,WE,Federal Contract Tower,0,0,4,0,4,0,0,115,10,125,0,0,119,10,129,206,38,244,373
02/19/2014,RYN,AZ,AWP,WE,Federal Contract Tower,0,0,0,0,0,0,0,98,11,109,0,0,98,11,109,174,40,214,323
02/20/2014,RYN,AZ,AWP,WE,Federal Contract Tower,0,0,3,0,3,0,0,119,4,123,0,0,122,4,126,170,46,216,342
02/21/2014,RYN,AZ,AWP,WE,Federal Contract Tower,0,0,0,0,0,0,0,94,5,99,0,0,94,5,99,220,72,292,391
02/22/2014,RYN,AZ,AWP,WE,Federal Contract Tower,0,0,1,0,1,0,0,137,6,143,0,0,138,6,144,274,8,282,426
02/23/2014,RYN,AZ,AWP,WE,Federal Contract Tower,0,0,2,0,2,0,0,124,0,124,0,0,126,0,126,282,0,282,408
02/24/2014,RYN,AZ,AWP,WE,Federal Contract Tower,0,0,2,0,2,0,0,93,11,104,0,0,95,11,106,176,102,278,384
02/25/2014,RYN,AZ,AWP,WE,Federal Contract Tower,0,0,0,0,0,0,0,98,29,127,0,0,98,29,127,182,188,370,497
02/26/2014,RYN,AZ,AWP,WE,Federal Contract Tower,0,0,3,0,3,0,0,88,15,103,0,0,91,15,106,170,114,284,390
02/27/2014,RYN,AZ,AWP,WE,Federal Contract Tower,0,0,0,0,0,0,0,95,10,105,0,0,95,10,105,166,130,296,401
02/28/2014,RYN,AZ,AWP,WE,Federal Contract Tower,0,0,1,0,1,0,0,76,6,82,0,0,77,6,83,128,14,142,225
03/01/2014,RYN,AZ,AWP,WE,Federal Contract Tower,0,0,2,0,2,0,0,5,0,5,0,0,7,0,7,0,0,0,7
03/02/2014,RYN,AZ,AWP,WE,Federal Contract Tower,0,0,8,0,8,0,0,88,0,88,0,0,96,0,96,148,0,148,244
03/03/2014,RYN,AZ,AWP,WE,Federal Contract Tower,0,0,1,0,1,0,0,89,4,93,0,0,90,4,94,152,20,172,266
03/04/2014,RYN,AZ,AWP,WE,Federal Contract Tower,0,0,0,0,0,0,0,144,14,158,0,0,144,14,158,200,94,294,452
03/05/2014,RYN,AZ,AWP,WE,Federal Contract Tower,0,0,0,0,0,0,0,102,5,107,0,0,102,5,107,218,16,234,341
03/06/2014,RYN,AZ,AWP,WE,Federal Contract Tower,0,0,2,0,2,0,0,114,2,116,0,0,116,2,118,210,16,226,344
03/07/2014,RYN,AZ,AWP,WE,Federal Contract Tower,0,0,1,0,1,0,0,72,6,78,0,0,73,6,79,110,34,144,223
03/08/2014,RYN,AZ,AWP,WE,Federal Contract Tower,0,0,4,0,4,0,0,176,4,180,0,0,180,4,184,230,0,230,414
03/09/2014,RYN,AZ,AWP,WE,Federal Contract Tower,0,0,2,0,2,0,0,42,0,42,0,0,44,0,44,8,0,8,52
03/10/2014,RYN,AZ,AWP,WE,Federal Contract Tower,0,0,1,0,1,0,0,90,8,98,0,0,91,8,99,124,64,188,287
03/11/2014,RYN,AZ,AWP,WE,Federal Contract Tower,0,0,4,0,4,0,0,110,28,138,0,0,114,28,142,180,84,264,406
03/12/2014,RYN,AZ,AWP,WE,Federal Contract Tower,0,0,0,0,0,0,0,130,3,133,0,0,130,3,133,198,18,216,349
03/13/2014,RYN,AZ,AWP,WE,Federal Contract Tower,0,0,1,0,1,0,0,61,6,67,0,0,62,6,68,96,40,136,204
03/14/2014,RYN,AZ,AWP,WE,Federal Contract Tower,0,0,2,0,2,0,0,110,2,112,0,0,112,2,114,182,24,206,320
03/15/2014,RYN,AZ,AWP,WE,Federal Contract Tower,0,0,0,0,0,0,0,135,6,141,0,0,135,6,141,218,12,230,371
03/16/2014,RYN,AZ,AWP,WE,Federal Contract Tower,0,0,0,0,0,0,0,115,0,115,0,0,115,0,115,232,0,232,347
03/17/2014,RYN,AZ,AWP,WE,Federal Contract Tower,0,0,0,0,0,0,0,88,4,92,0,0,88,4,92,222,0,222,314
03/18/2014,RYN,AZ,AWP,WE,Federal Contract Tower,0,0,1,0,1,0,0,112,4,116,0,0,113,4,117,214,0,214,331
03/19/2014,RYN,AZ,AWP,WE,Federal Contract Tower,0,0,1,0,1,0,0,112,10,122,0,0,113,10,123,156,58,214,337
03/20/2014,RYN,AZ,AWP,WE,Federal Contract Tower,0,0,3,0,3,0,0,109,7,116,0,0,112,7,119,146,66,212,331
03/21/2014,RYN,AZ,AWP,WE,Federal Contract Tower,0,0,4,0,4,0,0,93,16,109,0,0,97,16,113,166,38,204,317
03/22/2014,RYN,AZ,AWP,WE,Federal Contract Tower,0,0,0,0,0,0,0,125,4,129,0,0,125,4,129,258,0,258,387
03/23/2014,RYN,AZ,AWP,WE,Federal Contract Tower,0,0,2,0,2,0,0,153,0,153,0,0,155,0,155,180,0,180,335
03/24/2014,RYN,AZ,AWP,WE,Federal Contract Tower,0,0,0,0,0,0,0,108,6,114,0,0,108,6,114,154,62,216,330
03/25/2014,RYN,AZ,AWP,WE,Federal Contract Tower,0,0,5,0,5,0,0,95,10,105,0,0,100,10,110,162,70,232,342
03/26/2014,RYN,AZ,AWP,WE,Federal Contract Tower,0,0,4,0,4,0,0,91,14,105,0,0,95,14,109,166,112,278,387
03/27/2014,RYN,AZ,AWP,WE,Federal Contract Tower,0,0,1,0,1,0,0,90,0,90,0,0,91,0,91,146,0,146,237
03/28/2014,RYN,AZ,AWP,WE,Federal Contract Tower,0,0,3,0,3,0,0,133,20,153,0,0,136,20,156,234,50,284,440
03/29/2014,RYN,AZ,AWP,WE,Federal Contract Tower,0,0,2,0,2,0,0,134,4,138,0,0,136,4,140,240,42,282,422
03/30/2014,RYN,AZ,AWP,WE,Federal Contract Tower,0,0,0,0,0,0,0,88,0,88,0,0,88,0,88,84,0,84,172
03/31/2014,RYN,AZ,AWP,WE,Federal Contract Tower,0,0,0,0,0,0,0,47,13,60,0,0,47,13,60,92,142,234,294
04/01/2014,RYN,AZ,AWP,WE,Federal Contract Tower,0,0,0,0,0,0,0,111,6,117,0,0,111,6,117,152,60,212,329
04/02/2014,RYN,AZ,AWP,WE,Federal Contract Tower,0,0,3,0,3,0,0,69,24,93,0,0,72,24,96,152,174,326,422
04/03/2014,RYN,AZ,AWP,WE,Federal Contract Tower,0,0,0,0,0,0,0,87,11,98,0,0,87,11,98,162,60,222,320
04/04/2014,RYN,AZ,AWP,WE,Federal Contract Tower,0,0,3,0,3,0,0,98,22,120,0,0,101,22,123,164,96,260,383
04/05/2014,RYN,AZ,AWP,WE,Federal Contract Tower,0,0,0,0,0,0,0,113,0,113,0,0,113,0,113,266,0,266,379
04/06/2014,RYN,AZ,AWP,WE,Federal Contract Tower,0,0,1,0,1,0,0,104,0,104,0,0,105,0,105,96,0,96,201
04/07/2014,RYN,AZ,AWP,WE,Federal Contract Tower,0,0,0,0,0,0,0,85,18,103,0,0,85,18,103,180,156,336,439
04/08/2014,RYN,AZ,AWP,WE,Federal Contract Tower,0,0,3,0,3,0,0,94,13,107,0,0,97,13,110,140,94,234,344
04/09/2014,RYN,AZ,AWP,WE,Federal Contract Tower,0,0,2,0,2,0,0,81,5,86,0,0,83,5,88,174,30,204,292
04/10/2014,RYN,AZ,AWP,WE,Federal Contract Tower,0,0,2,0,2,0,0,117,15,132,0,0,119,15,134,192,70,262,396
04/11/2014,RYN,AZ,AWP,WE,Federal Contract Tower,0,0,0,0,0,0,0,92,0,92,0,0,92,0,92,190,0,190,282
04/12/2014,RYN,AZ,AWP,WE,Federal Contract Tower,0,0,1,0,1,0,0,100,4,104,0,0,101,4,105,152,0,152,257
04/13/2014,RYN,AZ,AWP,WE,Federal Contract Tower,0,0,0,0,0,0,0,125,0,125,0,0,125,0,125,228,0,228,353
04/14/2014,RYN,AZ,AWP,WE,Federal Contract Tower,0,0,0,0,0,0,0,101,8,109,0,0,101,8,109,178,76,254,363
04/15/2014,RYN,AZ,AWP,WE,Federal Contract Tower,0,0,1,0,1,0,0,122,14,136,0,0,123,14,137,224,48,272,409
04/16/2014,RYN,AZ,AWP,WE,Federal Contract Tower,0,0,4,0,4,0,0,122,3,125,0,0,126,3,129,196,8,204,333
04/17/2014,RYN,AZ,AWP,WE,Federal Contract Tower,0,0,0,0,0,0,0,124,1,125,0,0,124,1,125,162,4,166,291
04/18/2014,RYN,AZ,AWP,WE,Federal Contract Tower,0,0,1,0,1,0,0,74,0,74,0,0,75,0,75,138,0,138,213
04/19/2014,RYN,AZ,AWP,WE,Federal Contract Tower,0,0,2,0,2,0,0,95,8,103,0,0,97,8,105,214,0,214,319
04/20/2014,RYN,AZ,AWP,WE,Federal Contract Tower,0,0,2,0,2,0,0,122,0,122,0,0,124,0,124,226,0,226,350
04/21/2014,RYN,AZ,AWP,WE,Federal Contract Tower,0,0,0,0,0,0,0,91,6,97,0,0,91,6,97,208,26,234,331
04/22/2014,RYN,AZ,AWP,WE,Federal Contract Tower,0,0,1,0,1,0,0,128,2,130,0,0,129,2,131,212,14,226,357
04/23/2014,RYN,AZ,AWP,WE,Federal Contract Tower,0,0,1,0,1,0,0,94,0,94,0,0,95,0,95,146,0,146,241
04/24/2014,RYN,AZ,AWP,WE,Federal Contract Tower,0,0,0,0,0,0,0,99,3,102,0,0,99,3,102,142,8,150,252
04/25/2014,RYN,AZ,AWP,WE,Federal Contract Tower,0,0,0,0,0,0,0,127,14,141,0,0,127,14,141,180,90,270,411
04/26/2014,RYN,AZ,AWP,WE,Federal Contract Tower,0,0,4,0,4,0,0,15,0,15,0,0,19,0,19,60,0,60,79
04/27/2014,RYN,AZ,AWP,WE,Federal Contract Tower,0,0,2,0,2,0,0,100,0,100,0,0,102,0,102,108,0,108,210
04/28/2014,RYN,AZ,AWP,WE,Federal Contract Tower,0,0,0,0,0,0,0,139,5,144,0,0,139,5,144,216,36,252,396
04/29/2014,RYN,AZ,AWP,WE,Federal Contract Tower,0,0,0,0,0,0,0,107,12,119,0,0,107,12,119,130,82,212,331
04/30/2014,RYN,AZ,AWP,WE,Federal Contract Tower,0,0,0,0,0,0,0,93,6,99,0,0,93,6,99,192,54,246,345
05/01/2014,RYN,AZ,AWP,WE,Federal Contract Tower,0,0,0,0,0,0,0,12,13,25,0,0,12,13,25,6,78,84,109
05/02/2014,RYN,AZ,AWP,WE,Federal Contract Tower,0,0,1,0,1,0,0,105,6,111,0,0,106,6,112,178,12,190,302
05/03/2014,RYN,AZ,AWP,WE,Federal Contract Tower,0,0,2,0,2,0,0,130,4,134,0,0,132,4,136,260,6,266,402
05/04/2014,RYN,AZ,AWP,WE,Federal Contract Tower,0,0,0,0,0,0,0,138,0,138,0,0,138,0,138,208,0,208,346
05/05/2014,RYN,AZ,AWP,WE,Federal Contract Tower,0,0,0,0,0,0,0,80,14,94,0,0,80,14,94,180,98,278,372
05/06/2014,RYN,AZ,AWP,WE,Federal Contract Tower,0,0,2,0,2,0,0,38,16,54,0,0,40,16,56,110,162,272,328
05/07/2014,RYN,AZ,AWP,WE,Federal Contract Tower,0,0,1,0,1,0,0,123,15,138,0,0,124,15,139,192,128,320,459
05/08/2014,RYN,AZ,AWP,WE,Federal Contract Tower,0,0,0,0,0,0,0,112,15,127,0,0,112,15,127,170,78,248,375
05/09/2014,RYN,AZ,AWP,WE,Federal Contract Tower,0,0,1,0,1,0,0,86,26,112,0,0,87,26,113,122,132,254,367
05/10/2014,RYN,AZ,AWP,WE,Federal Contract Tower,0,0,0,0,0,0,0,156,7,163,0,0,156,7,163,246,0,246,409
05/11/2014,RYN,AZ,AWP,WE,Federal Contract Tower,0,0,0,0,0,0,0,31,0,31,0,0,31,0,31,50,0,50,81
05/12/2014,RYN,AZ,AWP,WE,Federal Contract Tower,0,0,0,0,0,0,0,92,13,105,0,0,92,13,105,280,58,338,443
05/13/2014,RYN,AZ,AWP,WE,Federal Contract Tower,0,0,0,0,0,0,0,84,12,96,0,0,84,12,96,208,14,222,318
05/14/2014,RYN,AZ,AWP,WE,Federal Contract Tower,0,0,1,1,2,0,0,8,1,9,0,0,9,2,11,8,18,26,37
05/15/2014,RYN,AZ,AWP,WE,Federal Contract Tower,0,0,1,0,1,0,0,110,4,114,0,0,111,4,115,196,38,234,349
05/16/2014,RYN,AZ,AWP,WE,Federal Contract Tower,0,0,0,0,0,0,0,118,2,120,0,0,118,2,120,188,0,188,308
05/17/2014,RYN,AZ,AWP,WE,Federal Contract Tower,0,0,1,0,1,0,0,101,0,101,0,0,102,0,102,251,0,251,353
05/18/2014,RYN,AZ,AWP,WE,Federal Contract Tower,0,0,1,0,1,0,0,87,2,89,0,0,88,2,90,236,0,236,326
05/19/2014,RYN,AZ,AWP,WE,Federal Contract Tower,0,0,0,0,0,0,0,115,2,117,0,0,115,2,117,210,40,250,367
05/20/2014,RYN,AZ,AWP,WE,Federal Contract Tower,0,0,4,0,4,0,0,62,21,83,0,0,66,21,87,128,96,224,311
05/21/2014,RYN,AZ,AWP,WE,Federal Contract Tower,0,0,3,0,3,0,0,74,14,88,0,0,77,14,91,100,118,218,309
05/22/2014,RYN,AZ,AWP,WE,Federal Contract Tower,0,0,0,0,0,0,0,49,7,56,0,0,49,7,56,80,72,152,208
05/23/2014,RYN,AZ,AWP,WE,Federal Contract Tower,0,0,0,0,0,0,0,130,0,130,0,0,130,0,130,172,0,172,302
05/24/2014,RYN,AZ,AWP,WE,Federal Contract Tower,0,0,0,0,0,0,0,135,0,135,0,0,135,0,135,258,0,258,393
05/25/2014,RYN,AZ,AWP,WE,Federal Contract Tower,0,0,3,0,3,0,0,46,6,52,0,0,49,6,55,168,0,168,223
05/26/2014,RYN,AZ,AWP,WE,Federal Contract Tower,0,0,0,0,0,0,0,97,0,97,0,0,97,0,97,152,0,152,249
05/27/2014,RYN,AZ,AWP,WE,Federal Contract Tower,0,0,0,0,0,0,0,92,14,106,0,0,92,14,106,170,114,284,390
05/28/2014,RYN,AZ,AWP,WE,Federal Contract Tower,0,0,0,0,0,0,0,115,0,115,0,0,115,0,115,183,0,183,298
05/29/2014,RYN,AZ,AWP,WE,Federal Contract Tower,0,0,0,0,0,0,0,86,1,87,0,0,86,1,87,170,32,202,289
05/30/2014,RYN,AZ,AWP,WE,Federal Contract Tower,0,0,0,0,0,0,0,98,8,106,0,0,98,8,106,158,48,206,312
05/31/2014,RYN,AZ,AWP,WE,Federal Contract Tower,0,0,0,0,0,0,0,149,2,151,0,0,149,2,151,243,0,243,394
06/01/2014,RYN,AZ,AWP,WE,Federal Contract Tower,0,0,1,0,1,0,0,142,0,142,0,0,143,0,143,164,0,164,307
06/02/2014,RYN,AZ,AWP,WE,Federal Contract Tower,0,0,0,0,0,0,0,93,0,93,0,0,93,0,93,166,0,166,259
06/03/2014,RYN,AZ,AWP,WE,Federal Contract Tower,0,0,0,0,0,0,0,63,13,76,0,0,63,13,76,198,88,286,362
06/04/2014,RYN,AZ,AWP,WE,Federal Contract Tower,0,0,1,0,1,0,0,84,1,85,0,0,85,1,86,242,8,250,336
06/05/2014,RYN,AZ,AWP,WE,Federal Contract Tower,0,0,1,0,1,0,0,96,2,98,0,0,97,2,99,162,34,196,295
06/06/2014,RYN,AZ,AWP,WE,Federal Contract Tower,0,0,1,0,1,0,0,118,4,122,0,0,119,4,123,214,26,240,363
06/07/2014,RYN,AZ,AWP,WE,Federal Contract Tower,0,0,1,0,1,0,0,96,8,104,0,0,97,8,105,234,0,234,339
06/08/2014,RYN,AZ,AWP,WE,Federal Contract Tower,0,0,1,0,1,0,0,112,2,114,0,0,113,2,115,206,0,206,321
06/09/2014,RYN,AZ,AWP,WE,Federal Contract Tower,0,0,0,0,0,0,0,92,0,92,0,0,92,0,92,102,0,102,194
06/10/2014,RYN,AZ,AWP,WE,Federal Contract Tower,0,0,1,2,3,0,0,69,9,78,0,0,70,11,81,170,106,276,357
06/11/2014,RYN,AZ,AWP,WE,Federal Contract Tower,0,0,0,0,0,0,0,110,1,111,0,0,110,1,111,229,3,232,343
06/12/2014,RYN,AZ,AWP,WE,Federal Contract Tower,0,0,1,0,1,0,0,78,1,79,0,0,79,1,80,204,4,208,288
06/13/2014,RYN,AZ,AWP,WE,Federal Contract Tower,0,0,0,0,0,0,0,106,1,107,0,0,106,1,107,172,24,196,303
06/14/2014,RYN,AZ,AWP,WE,Federal Contract Tower,0,0,1,0,1,0,0,118,4,122,0,0,119,4,123,234,0,234,357
06/15/2014,RYN,AZ,AWP,WE,Federal Contract Tower,0,0,0,0,0,0,0,79,2,81,0,0,79,2,81,228,0,228,309
06/16/2014,RYN,AZ,AWP,WE,Federal Contract Tower,0,0,0,0,0,0,0,76,12,88,0,0,76,12,88,158,118,276,364
06/17/2014,RYN,AZ,AWP,WE,Federal Contract Tower,0,0,0,0,0,0,0,81,6,87,0,0,81,6,87,224,70,294,381
06/18/2014,RYN,AZ,AWP,WE,Federal Contract Tower,0,0,0,0,0,0,0,87,4,91,0,0,87,4,91,196,4,200,291
06/19/2014,RYN,AZ,AWP,WE,Federal Contract Tower,0,0,1,0,1,0,0,113,4,117,0,0,114,4,118,196,78,274,392
06/20/2014,RYN,AZ,AWP,WE,Federal Contract Tower,0,0,0,0,0,0,0,102,6,108,0,0,102,6,108,208,2,210,318
06/21/2014,RYN,AZ,AWP,WE,Federal Contract Tower,0,0,0,0,0,0,0,124,4,128,0,0,124,4,128,286,0,286,414
06/22/2014,RYN,AZ,AWP,WE,Federal Contract Tower,0,0,1,0,1,0,0,102,0,102,0,0,103,0,103,250,0,250,353
06/23/2014,RYN,AZ,AWP,WE,Federal Contract Tower,0,0,0,0,0,0,0,62,22,84,0,0,62,22,84,158,94,252,336
06/24/2014,RYN,AZ,AWP,WE,Federal Contract Tower,0,0,0,0,0,0,0,97,10,107,0,0,97,10,107,198,22,220,327
06/25/2014,RYN,AZ,AWP,WE,Federal Contract Tower,0,0,0,0,0,0,0,113,10,123,0,0,113,10,123,217,66,283,406
06/26/2014,RYN,AZ,AWP,WE,Federal Contract Tower,0,0,0,0,0,0,0,95,2,97,0,0,95,2,97,138,2,140,237
06/27/2014,RYN,AZ,AWP,WE,Federal Contract Tower,0,0,0,0,0,0,0,79,0,79,0,0,79,0,79,106,0,106,185
06/28/2014,RYN,AZ,AWP,WE,Federal Contract Tower,0,0,0,0,0,0,0,118,4,122,0,0,118,4,122,278,0,278,400
06/29/2014,RYN,AZ,AWP,WE,Federal Contract Tower,0,0,0,0,0,0,0,95,6,101,0,0,95,6,101,238,0,238,339
06/30/2014,RYN,AZ,AWP,WE,Federal Contract Tower,0,0,0,0,0,0,0,160,0,160,0,0,160,0,160,198,0,198,358
07/01/2014,RYN,AZ,AWP,WE,Federal Contract Tower,0,0,0,0,0,0,0,101,0,101,0,0,101,0,101,90,0,90,191
07/02/2014,RYN,AZ,AWP,WE,Federal Contract Tower,0,0,0,0,0,0,0,155,0,155,0,0,155,0,155,138,0,138,293
07/03/2014,RYN,AZ,AWP,WE,Federal Contract Tower,0,0,1,0,1,0,0,0,0,0,0,0,1,0,1,96,0,96,97
07/04/2014,RYN,AZ,AWP,WE,Federal Contract Tower,0,0,2,0,2,0,0,51,9,60,0,0,53,9,62,120,0,120,182
07/05/2014,RYN,AZ,AWP,WE,Federal Contract Tower,0,0,0,0,0,0,0,112,4,116,0,0,112,4,116,280,0,280,396
07/06/2014,RYN,AZ,AWP,WE,Federal Contract Tower,0,0,0,0,0,0,0,112,0,112,0,0,112,0,112,136,0,136,248
07/07/2014,RYN,AZ,AWP,WE,Federal Contract Tower,0,0,0,0,0,0,0,58,4,62,0,0,58,4,62,154,8,162,224
07/08/2014,RYN,AZ,AWP,WE,Federal Contract Tower,0,0,0,0,0,0,0,145,0,145,0,0,145,0,145,176,0,176,321
07/09/2014,RYN,AZ,AWP,WE,Federal Contract Tower,0,0,0,0,0,0,0,100,0,100,0,0,100,0,100,204,0,204,304
07/10/2014,RYN,AZ,AWP,WE,Federal Contract Tower,0,0,0,0,0,0,0,120,5,125,0,0,120,5,125,140,90,230,355
07/11/2014,RYN,AZ,AWP,WE,Federal Contract Tower,0,0,1,0,1,0,0,73,2,75,0,0,74,2,76,98,18,116,192
07/12/2014,RYN,AZ,AWP,WE,Federal Contract Tower,0,0,0,0,0,0,0,126,6,132,0,0,126,6,132,264,0,264,396
07/13/2014,RYN,AZ,AWP,WE,Federal Contract Tower,0,0,3,0,3,0,0,96,0,96,0,0,99,0,99,122,0,122,221
07/14/2014,RYN,AZ,AWP,WE,Federal Contract Tower,0,0,0,0,0,0,0,108,4,112,0,0,108,4,112,218,0,218,330
07/15/2014,RYN,AZ,AWP,WE,Federal Contract Tower,0,0,0,0,0,0,0,19,10,29,0,0,19,10,29,30,20,50,79
07/16/2014,RYN,AZ,AWP,WE,Federal Contract Tower,0,0,0,0,0,0,0,92,10,102,0,0,92,10,102,232,30,262,364
07/17/2014,RYN,AZ,AWP,WE,Federal Contract Tower,0,0,2,0,2,0,0,82,8,90,0,0,84,8,92,228,30,258,350
07/18/2014,RYN,AZ,AWP,WE,Federal Contract Tower,0,0,0,0,0,0,0,97,6,103,0,0,97,6,103,156,40,196,299
07/19/2014,RYN,AZ,AWP,WE,Federal Contract Tower,0,0,2,0,2,0,0,92,0,92,0,0,94,0,94,92,0,92,186
07/20/2014,RYN,AZ,AWP,WE,Federal Contract Tower,0,0,3,0,3,0,0,109,0,109,0,0,112,0,112,232,0,232,344
07/21/2014,RYN,AZ,AWP,WE,Federal Contract Tower,0,0,0,0,0,0,0,50,8,58,0,0,50,8,58,124,88,212,270
07/22/2014,RYN,AZ,AWP,WE,Federal Contract Tower,0,0,0,0,0,0,0,63,22,85,0,0,63,22,85,170,132,302,387
07/23/2014,RYN,AZ,AWP,WE,Federal Contract Tower,0,0,0,0,0,0,0,122,8,130,0,0,122,8,130,184,46,230,360
07/24/2014,RYN,AZ,AWP,WE,Federal Contract Tower,0,0,1,0,1,0,0,105,11,116,0,0,106,11,117,156,92,248,365
07/25/2014,RYN,AZ,AWP,WE,Federal Contract Tower,0,0,1,0,1,0,0,59,6,65,0,0,60,6,66,134,34,168,234
07/26/2014,RYN,AZ,AWP,WE,Federal Contract Tower,0,0,0,0,0,0,0,89,0,89,0,0,89,0,89,160,0,160,249
07/27/2014,RYN,AZ,AWP,WE,Federal Contract Tower,0,0,2,0,2,0,0,111,0,111,0,0,113,0,113,126,0,126,239
07/28/2014,RYN,AZ,AWP,WE,Federal Contract Tower,0,0,0,0,0,0,0,114,6,120,0,0,114,6,120,120,38,158,278
07/29/2014,RYN,AZ,AWP,WE,Federal Contract Tower,0,0,2,0,2,0,0,103,32,135,0,0,105,32,137,220,154,374,511
07/30/2014,RYN,AZ,AWP,WE,Federal Contract Tower,0,0,1,0,1,0,0,99,11,110,0,0,100,11,111,210,100,310,421
07/31/2014,RYN,AZ,AWP,WE,Federal Contract Tower,0,0,0,0,0,0,0,86,9,95,0,0,86,9,95,170,56,226,321
08/01/2014,RYN,AZ,AWP,WE,Federal Contract Tower,0,0,0,0,0,0,0,49,4,53,0,0,49,4,53,150,14,164,217
08/02/2014,RYN,AZ,AWP,WE,Federal Contract Tower,0,0,2,0,2,0,0,177,0,177,0,0,179,0,179,208,0,208,387
08/03/2014,RYN,AZ,AWP,WE,Federal Contract Tower,0,0,1,0,1,0,0,105,0,105,0,0,106,0,106,142,0,142,248
08/04/2014,RYN,AZ,AWP,WE,Federal Contract Tower,0,0,0,0,0,0,0,108,4,112,0,0,108,4,112,90,44,134,246
08/05/2014,RYN,AZ,AWP,WE,Federal Contract Tower,0,0,0,0,0,0,0,131,20,151,0,0,131,20,151,208,156,364,515
08/06/2014,RYN,AZ,AWP,WE,Federal Contract Tower,0,0,0,0,0,0,0,164,36,200,0,0,164,36,200,164,36,200,400
08/07/2014,RYN,AZ,AWP,WE,Federal Contract Tower,0,0,3,0,3,0,0,117,4,121,0,0,120,4,124,162,22,184,308
08/08/2014,RYN,AZ,AWP,WE,Federal Contract Tower,0,0,5,0,5,0,0,126,12,138,0,0,131,12,143,178,56,234,377
08/09/2014,RYN,AZ,AWP,WE,Federal Contract Tower,0,0,0,0,0,0,0,160,10,170,0,0,160,10,170,236,0,236,406
08/10/2014,RYN,AZ,AWP,WE,Federal Contract Tower,0,0,0,0,0,0,0,110,4,114,0,0,110,4,114,224,24,248,362
08/11/2014,RYN,AZ,AWP,WE,Federal Contract Tower,0,0,2,0,2,0,0,101,24,125,0,0,103,24,127,190,128,318,445
08/12/2014,RYN,AZ,AWP,WE,Federal Contract Tower,0,0,1,0,1,0,0,69,36,105,0,0,70,36,106,68,144,212,318
08/13/2014,RYN,AZ,AWP,WE,Federal Contract Tower,0,0,1,0,1,0,0,87,7,94,0,0,88,7,95,140,44,184,279
08/14/2014,RYN,AZ,AWP,WE,Federal Contract Tower,0,0,1,0,1,0,0,121,7,128,0,0,122,7,129,210,38,248,377
08/15/2014,RYN,AZ,AWP,WE,Federal Contract Tower,0,0,0,0,0,0,0,82,4,86,0,0,82,4,86,200,8,208,294
08/16/2014,RYN,AZ,AWP,WE,Federal Contract Tower,0,0,1,0,1,0,0,110,0,110,0,0,111,0,111,270,0,270,381
08/17/2014,RYN,AZ,AWP,WE,Federal Contract Tower,0,0,1,0,1,0,0,94,0,94,0,0,95,0,95,92,0,92,187
08/18/2014,RYN,AZ,AWP,WE,Federal Contract Tower,0,0,0,0,0,0,0,74,0,74,0,0,74,0,74,168,0,168,242
08/19/2014,RYN,AZ,AWP,WE,Federal Contract Tower,0,0,0,0,0,0,0,83,2,85,0,0,83,2,85,128,2,130,215
08/20/2014,RYN,AZ,AWP,WE,Federal Contract Tower,0,0,0,0,0,0,0,80,0,80,0,0,80,0,80,133,0,133,213
08/21/2014,RYN,AZ,AWP,WE,Federal Contract Tower,0,0,0,1,1,0,0,144,6,150,0,0,144,7,151,202,52,254,405
08/22/2014,RYN,AZ,AWP,WE,Federal Contract Tower,0,0,4,0,4,0,0,44,2,46,0,0,48,2,50,108,16,124,174
08/23/2014,RYN,AZ,AWP,WE,Federal Contract Tower,0,0,1,0,1,0,0,138,8,146,0,0,139,8,147,286,0,286,433
08/24/2014,RYN,AZ,AWP,WE,Federal Contract Tower,0,0,5,0,5,0,0,111,8,119,0,0,116,8,124,258,0,258,382
08/25/2014,RYN,AZ,AWP,WE,Federal Contract Tower,0,0,0,0,0,0,0,115,8,123,0,0,115,8,123,184,42,226,349
08/26/2014,RYN,AZ,AWP,WE,Federal Contract Tower,0,0,1,0,1,0,0,96,13,109,0,0,97,13,110,206,96,302,412
08/27/2014,RYN,AZ,AWP,WE,Federal Contract Tower,0,0,0,0,0,0,0,144,10,154,0,0,144,10,154,175,42,217,371
08/28/2014,RYN,AZ,AWP,WE,Federal Contract Tower,0,0,2,0,2,0,0,94,0,94,0,0,96,0,96,180,0,180,276
08/29/2014,RYN,AZ,AWP,WE,Federal Contract Tower,0,0,4,0,4,0,0,117,10,127,0,0,121,10,131,190,58,248,379
08/30/2014,RYN,AZ,AWP,WE,Federal Contract Tower,0,0,1,0,1,0,0,129,8,137,0,0,130,8,138,236,0,236,374
08/31/2014,RYN,AZ,AWP,WE,Federal Contract Tower,0,0,0,0,0,0,0,139,0,139,0,0,139,0,139,156,0,156,295
09/01/2014,RYN,AZ,AWP,WE,Federal Contract Tower,0,0,2,0,2,0,0,127,0,127,0,0,129,0,129,166,0,166,295
09/02/2014,RYN,AZ,AWP,WE,Federal Contract Tower,0,0,0,0,0,0,0,116,8,124,0,0,116,8,124,210,30,240,364
09/03/2014,RYN,AZ,AWP,WE,Federal Contract Tower,0,0,1,0,1,0,0,77,14,91,0,0,78,14,92,78,106,184,276
09/04/2014,RYN,AZ,AWP,WE,Federal Contract Tower,0,0,0,0,0,0,0,135,5,140,0,0,135,5,140,174,46,220,360
09/05/2014,RYN,AZ,AWP,WE,Federal Contract Tower,0,0,1,0,1,0,0,106,14,120,0,0,107,14,121,210,76,286,407
09/06/2014,RYN,AZ,AWP,WE,Federal Contract Tower,0,0,0,0,0,0,0,84,4,88,0,0,84,4,88,190,0,190,278
09/07/2014,RYN,AZ,AWP,WE,Federal Contract Tower,0,0,4,0,4,0,0,93,0,93,0,0,97,0,97,128,0,128,225
09/08/2014,RYN,AZ,AWP,WE,Federal Contract Tower,0,0,0,0,0,0,0,19,4,23,0,0,19,4,23,36,8,44,67
09/09/2014,RYN,AZ,AWP,WE,Federal Contract Tower,0,0,5,0,5,0,0,105,14,119,0,0,110,14,124,154,92,246,370
09/10/2014,RYN,AZ,AWP,WE,Federal Contract Tower,0,0,2,0,2,0,0,124,14,138,0,0,126,14,140,188,74,262,402
09/11/2014,RYN,AZ,AWP,WE,Federal Contract Tower,0,0,0,0,0,0,0,190,7,197,0,0,190,7,197,232,20,252,449
09/12/2014,RYN,AZ,AWP,WE,Federal Contract Tower,0,0,4,0,4,0,0,110,12,122,0,0,114,12,126,156,78,234,360
09/13/2014,RYN,AZ,AWP,WE,Federal Contract Tower,0,0,1,0,1,0,0,45,4,49,0,0,46,4,50,118,0,118,168
09/14/2014,RYN,AZ,AWP,WE,Federal Contract Tower,0,0,0,0,0,0,0,95,4,99,0,0,95,4,99,256,0,256,355
09/15/2014,RYN,AZ,AWP,WE,Federal Contract Tower,0,0,0,0,0,0,0,127,8,135,0,0,127,8,135,144,60,204,339
09/16/2014,RYN,AZ,AWP,WE,Federal Contract Tower,0,0,0,0,0,0,0,29,18,47,0,0,29,18,47,58,98,156,203
09/17/2014,RYN,AZ,AWP,WE,Federal Contract Tower,0,0,0,0,0,0,0,6,0,6,0,0,6,0,6,6,0,6,12
09/18/2014,RYN,AZ,AWP,WE,Federal Contract Tower,0,0,1,0,1,0,0,63,2,65,0,0,64,2,66,136,16,152,218
09/19/2014,RYN,AZ,AWP,WE,Federal Contract Tower,0,0,3,0,3,0,0,86,8,94,0,0,89,8,97,106,60,166,263
09/20/2014,RYN,AZ,AWP,WE,Federal Contract Tower,0,0,0,0,0,0,0,125,4,129,0,0,125,4,129,298,0,298,427
09/21/2014,RYN,AZ,AWP,WE,Federal Contract Tower,0,0,4,0,4,0,0,119,4,123,0,0,123,4,127,250,0,250,377
09/22/2014,RYN,AZ,AWP,WE,Federal Contract Tower,0,0,2,0,2,0,0,67,0,67,0,0,69,0,69,234,0,234,303
09/23/2014,RYN,AZ,AWP,WE,Federal Contract Tower,0,0,2,0,2,0,0,118,4,122,0,0,120,4,124,178,36,214,338
09/24/2014,RYN,AZ,AWP,WE,Federal Contract Tower,0,0,0,0,0,0,0,120,3,123,0,0,120,3,123,218,22,240,363
09/25/2014,RYN,AZ,AWP,WE,Federal Contract Tower,0,0,2,0,2,0,0,142,2,144,0,0,144,2,146,252,8,260,406
09/26/2014,RYN,AZ,AWP,WE,Federal Contract Tower,0,0,0,0,0,0,0,107,2,109,0,0,107,2,109,182,8,190,299
09/27/2014,RYN,AZ,AWP,WE,Federal Contract Tower,0,0,3,0,3,0,0,100,0,100,0,0,103,0,103,254,0,254,357
09/28/2014,RYN,AZ,AWP,WE,Federal Contract Tower,0,0,3,0,3,0,0,95,2,97,0,0,98,2,100,204,0,204,304
09/29/2014,RYN,AZ,AWP,WE,Federal Contract Tower,0,0,0,0,0,0,0,103,0,103,0,0,103,0,103,198,0,198,301
09/30/2014,RYN,AZ,AWP,WE,Federal Contract Tower,0,0,0,0,0,0,0,95,6,101,0,0,95,6,101,244,6,250,351
10/01/2014,RYN,AZ,AWP,WE,Federal Contract Tower,0,0,0,0,0,0,0,127,4,131,0,0,127,4,131,206,22,228,359
10/02/2014,RYN,AZ,AWP,WE,Federal Contract Tower,0,0,1,0,1,0,0,132,4,136,0,0,133,4,137,310,48,358,495
10/03/2014,RYN,AZ,AWP,WE,Federal Contract Tower,0,0,0,0,0,0,0,104,0,104,0,0,104,0,104,184,0,184,288
10/04/2014,RYN,AZ,AWP,WE,Federal Contract Tower,0,0,0,0,0,0,0,122,4,126,0,0,122,4,126,248,0,248,374
10/05/2014,RYN,AZ,AWP,WE,Federal Contract Tower,0,0,0,0,0,0,0,86,2,88,0,0,86,2,88,230,0,230,318
10/06/2014,RYN,AZ,AWP,WE,Federal Contract Tower,0,0,0,0,0,0,0,91,0,91,0,0,91,0,91,128,0,128,219
10/07/2014,RYN,AZ,AWP,WE,Federal Contract Tower,0,0,1,0,1,0,0,99,0,99,0,0,100,0,100,117,0,117,217
10/08/2014,RYN,AZ,AWP,WE,Federal Contract Tower,0,0,1,0,1,0,0,32,0,32,0,0,33,0,33,26,0,26,59
10/09/2014,RYN,AZ,AWP,WE,Federal Contract Tower,0,0,4,0,4,0,0,124,2,126,0,0,128,2,130,98,10,108,238
10/10/2014,RYN,AZ,AWP,WE,Federal Contract Tower,0,0,5,0,5,0,0,119,0,119,0,0,124,0,124,150,0,150,274
10/11/2014,RYN,AZ,AWP,WE,Federal Contract Tower,0,0,1,0,1,0,0,115,4,119,0,0,116,4,120,246,0,246,366
10/12/2014,RYN,AZ,AWP,WE,Federal Contract Tower,0,0,0,0,0,0,0,103,0,103,0,0,103,0,103,220,0,220,323
10/13/2014,RYN,AZ,AWP,WE,Federal Contract Tower,0,0,3,0,3,0,0,92,4,96,0,0,95,4,99,198,0,198,297
10/14/2014,RYN,AZ,AWP,WE,Federal Contract Tower,0,0,2,0,2,0,0,100,4,104,0,0,102,4,106,154,54,208,314
10/15/2014,RYN,AZ,AWP,WE,Federal Contract Tower,0,0,3,0,3,0,0,83,19,102,0,0,86,19,105,184,102,286,391
10/16/2014,RYN,AZ,AWP,WE,Federal Contract Tower,0,0,7,0,7,0,0,112,2,114,0,0,119,2,121,238,20,258,379
10/17/2014,RYN,AZ,AWP,WE,Federal Contract Tower,0,0,5,0,5,0,0,106,10,116,0,0,111,10,121,144,30,174,295
10/18/2014,RYN,AZ,AWP,WE,Federal Contract Tower,0,0,1,0,1,0,0,125,4,129,0,0,126,4,130,170,4,174,304
10/19/2014,RYN,AZ,AWP,WE,Federal Contract Tower,0,0,2,0,2,0,0,93,4,97,0,0,95,4,99,114,0,114,213
10/20/2014,RYN,AZ,AWP,WE,Federal Contract Tower,0,0,1,0,1,0,0,120,14,134,0,0,121,14,135,232,106,338,473
10/21/2014,RYN,AZ,AWP,WE,Federal Contract Tower,0,0,2,0,2,0,0,137,2,139,0,0,139,2,141,166,56,222,363
10/22/2014,RYN,AZ,AWP,WE,Federal Contract Tower,0,0,1,0,1,0,0,65,7,72,0,0,66,7,73,208,2,210,283
10/23/2014,RYN,AZ,AWP,WE,Federal Contract Tower,0,0,3,0,3,0,0,163,3,166,0,0,166,3,169,244,26,270,439
10/24/2014,RYN,AZ,AWP,WE,Federal Contract Tower,0,0,3,0,3,0,0,117,28,145,0,0,120,28,148,146,64,210,358
10/25/2014,RYN,AZ,AWP,WE,Federal Contract Tower,0,0,2,0,2,0,0,179,2,181,0,0,181,2,183,188,0,188,371
10/26/2014,RYN,AZ,AWP,WE,Federal Contract Tower,0,0,6,0,6,0,0,122,0,122,0,0,128,0,128,222,0,222,350
10/27/2014,RYN,AZ,AWP,WE,Federal Contract Tower,0,0,6,0,6,0,0,132,2,134,0,0,138,2,140,134,0,134,274
10/28/2014,RYN,AZ,AWP,WE,Federal Contract Tower,0,0,1,0,1,0,0,103,22,125,0,0,104,22,126,184,95,279,405
10/29/2014,RYN,AZ,AWP,WE,Federal Contract Tower,0,0,3,0,3,0,0,106,7,113,0,0,109,7,116,228,44,272,388
10/30/2014,RYN,AZ,AWP,WE,Federal Contract Tower,0,0,1,0,1,0,0,115,19,134,0,0,116,19,135,170,80,250,385
10/31/2014,RYN,AZ,AWP,WE,Federal Contract Tower,0,0,5,0,5,0,0,126,32,158,0,0,131,32,163,208,74,282,445
11/01/2014,RYN,AZ,AWP,WE,Federal Contract Tower,0,0,0,0,0,0,0,110,8,118,0,0,110,8,118,284,22,306,424
11/02/2014,RYN,AZ,AWP,WE,Federal Contract Tower,0,0,1,0,1,0,0,78,0,78,0,0,79,0,79,172,0,172,251
11/03/2014,RYN,AZ,AWP,WE,Federal Contract Tower,0,0,1,0,1,0,0,96,13,109,0,0,97,13,110,134,96,230,340
11/04/2014,RYN,AZ,AWP,WE,Federal Contract Tower,0,0,2,0,2,0,0,83,8,91,0,0,85,8,93,210,50,260,353
11/05/2014,RYN,AZ,AWP,WE,Federal Contract Tower,0,0,1,0,1,0,0,112,6,118,0,0,113,6,119,220,6,226,345
11/06/2014,RYN,AZ,AWP,WE,Federal Contract Tower,0,0,2,0,2,0,0,90,6,96,0,0,92,6,98,198,32,230,328
11/07/2014,RYN,AZ,AWP,WE,Federal Contract Tower,0,0,1,0,1,0,0,127,5,132,0,0,128,5,133,146,54,200,333
11/08/2014,RYN,AZ,AWP,WE,Federal Contract Tower,0,0,2,0,2,0,0,124,6,130,0,0,126,6,132,274,0,274,406
11/09/2014,RYN,AZ,AWP,WE,Federal Contract Tower,0,0,5,0,5,0,0,110,0,110,0,0,115,0,115,244,0,244,359
11/10/2014,RYN,AZ,AWP,WE,Federal Contract Tower,0,0,0,0,0,0,0,111,6,117,0,0,111,6,117,228,0,228,345
11/11/2014,RYN,AZ,AWP,WE,Federal Contract Tower,0,0,0,0,0,0,0,68,10,78,0,0,68,10,78,214,44,258,336
11/12/2014,RYN,AZ,AWP,WE,Federal Contract Tower,0,0,0,0,0,0,0,164,4,168,0,0,164,4,168,290,8,298,466
11/13/2014,RYN,AZ,AWP,WE,Federal Contract Tower,0,0,2,0,2,0,0,151,9,160,0,0,153,9,162,210,136,346,508
11/14/2014,RYN,AZ,AWP,WE,Federal Contract Tower,0,0,0,1,1,0,0,136,11,147,0,0,136,12,148,246,72,318,466
11/15/2014,RYN,AZ,AWP,WE,Federal Contract Tower,0,0,4,1,5,0,0,137,4,141,0,0,141,5,146,246,0,246,392
11/16/2014,RYN,AZ,AWP,WE,Federal Contract Tower,0,0,4,0,4,0,0,113,0,113,0,0,117,0,117,142,0,142,259
11/17/2014,RYN,AZ,AWP,WE,Federal Contract Tower,0,0,4,0,4,0,0,154,18,172,0,0,158,18,176,236,212,448,624
11/18/2014,RYN,AZ,AWP,WE,Federal Contract Tower,0,0,2,0,2,0,0,130,5,135,0,0,132,5,137,216,98,314,451
11/19/2014,RYN,AZ,AWP,WE,Federal Contract Tower,0,0,3,0,3,0,0,112,10,122,0,0,115,10,125,246,70,316,441
11/20/2014,RYN,AZ,AWP,WE,Federal Contract Tower,0,0,4,0,4,0,0,143,20,163,0,0,147,20,167,208,86,294,461
11/21/2014,RYN,AZ,AWP,WE,Federal Contract Tower,0,0,2,0,2,0,0,73,26,99,0,0,75,26,101,80,226,306,407
11/22/2014,RYN,AZ,AWP,WE,Federal Contract Tower,0,0,2,0,2,0,0,123,6,129,0,0,125,6,131,300,0,300,431
11/23/2014,RYN,AZ,AWP,WE,Federal Contract Tower,0,0,0,0,0,0,0,82,0,82,0,0,82,0,82,152,0,152,234
11/24/2014,RYN,AZ,AWP,WE,Federal Contract Tower,0,0,5,0,5,0,0,90,14,104,0,0,95,14,109,154,162,316,425
11/25/2014,RYN,AZ,AWP,WE,Federal Contract Tower,0,0,0,0,0,0,0,106,32,138,0,0,106,32,138,166,192,358,496
11/26/2014,RYN,AZ,AWP,WE,Federal Contract Tower,0,0,1,0,1,0,0,90,0,90,0,0,91,0,91,76,0,76,167
11/27/2014,RYN,AZ,AWP,WE,Federal Contract Tower,0,0,0,0,0,0,0,32,2,34,0,0,32,2,34,24,6,30,64
11/28/2014,RYN,AZ,AWP,WE,Federal Contract Tower,0,0,1,0,1,0,0,50,0,50,0,0,51,0,51,44,0,44,95
11/29/2014,RYN,AZ,AWP,WE,Federal Contract Tower,0,0,2,0,2,0,0,109,6,115,0,0,111,6,117,238,0,238,355
11/30/2014,RYN,AZ,AWP,WE,Federal Contract Tower,0,0,4,0,4,0,0,137,4,141,0,0,141,4,145,208,0,208,353
12/01/2014,RYN,AZ,AWP,WE,Federal Contract Tower,0,0,2,0,2,0,0,77,12,89,0,0,79,12,91,116,116,232,323
12/02/2014,RYN,AZ,AWP,WE,Federal Contract Tower,0,0,0,0,0,0,0,92,19,111,0,0,92,19,111,182,148,330,441
12/03/2014,RYN,AZ,AWP,WE,Federal Contract Tower,0,0,2,0,2,0,0,108,11,119,0,0,110,11,121,172,64,236,357
12/04/2014,RYN,AZ,AWP,WE,Federal Contract Tower,0,0,10,0,10,0,0,55,7,62,0,0,65,7,72,24,8,32,104
12/05/2014,RYN,AZ,AWP,WE,Federal Contract Tower,0,0,3,0,3,0,0,141,10,151,0,0,144,10,154,222,24,246,400
12/06/2014,RYN,AZ,AWP,WE,Federal Contract Tower,0,0,2,0,2,0,0,97,4,101,0,0,99,4,103,206,0,206,309
12/07/2014,RYN,AZ,AWP,WE,Federal Contract Tower,0,0,3,0,3,0,0,97,0,97,0,0,100,0,100,142,0,142,242
12/08/2014,RYN,AZ,AWP,WE,Federal Contract Tower,0,0,3,0,3,0,0,89,8,97,0,0,92,8,100,156,32,188,288
12/09/2014,RYN,AZ,AWP,WE,Federal Contract Tower,0,0,1,0,1,0,0,95,14,109,0,0,96,14,110,244,38,282,392
12/10/2014,RYN,AZ,AWP,WE,Federal Contract Tower,0,0,2,0,2,0,0,121,2,123,0,0,123,2,125,216,20,236,361
12/11/2014,RYN,AZ,AWP,WE,Federal Contract Tower,0,0,2,0,2,0,0,167,11,178,0,0,169,11,180,204,60,264,444
12/12/2014,RYN,AZ,AWP,WE,Federal Contract Tower,0,0,2,4,6,0,0,126,0,126,0,0,128,4,132,218,0,218,350
12/13/2014,RYN,AZ,AWP,WE,Federal Contract Tower,0,0,2,0,2,0,0,27,6,33,0,0,29,6,35,38,26,64,99
12/14/2014,RYN,AZ,AWP,WE,Federal Contract Tower,0,0,2,0,2,0,0,102,4,106,0,0,104,4,108,244,0,244,352
12/15/2014,RYN,AZ,AWP,WE,Federal Contract Tower,0,0,1,0,1,0,0,146,2,148,0,0,147,2,149,236,6,242,391
12/16/2014,RYN,AZ,AWP,WE,Federal Contract Tower,0,0,0,0,0,0,0,101,9,110,0,0,101,9,110,262,126,388,498
12/17/2014,RYN,AZ,AWP,WE,Federal Contract Tower,0,0,0,0,0,0,0,14,2,16,0,0,14,2,16,22,22,44,60
12/18/2014,RYN,AZ,AWP,WE,Federal Contract Tower,0,0,5,0,5,0,0,114,0,114,0,0,119,0,119,184,0,184,303
12/19/2014,RYN,AZ,AWP,WE,Federal Contract Tower,0,0,1,0,1,0,0,84,6,90,0,0,85,6,91,174,16,190,281
12/20/2014,RYN,AZ,AWP,WE,Federal Contract Tower,0,0,4,0,4,0,0,113,6,119,0,0,117,6,123,234,0,234,357
12/21/2014,RYN,AZ,AWP,WE,Federal Contract Tower,0,0,2,0,2,0,0,89,4,93,0,0,91,4,95,198,0,198,293
12/22/2014,RYN,AZ,AWP,WE,Federal Contract Tower,0,0,0,0,0,0,0,108,6,114,0,0,108,6,114,206,74,280,394
12/23/2014,RYN,AZ,AWP,WE,Federal Contract Tower,0,0,2,0,2,0,0,56,2,58,0,0,58,2,60,148,2,150,210
12/24/2014,RYN,AZ,AWP,WE,Federal Contract Tower,0,0,2,0,2,0,0,63,0,63,0,0,65,0,65,82,0,82,147
12/25/2014,RYN,AZ,AWP,WE,Federal Contract Tower,0,0,0,0,0,0,0,14,0,14,0,0,14,0,14,0,0,0,14
12/26/2014,RYN,AZ,AWP,WE,Federal Contract Tower,0,0,0,0,0,0,0,137,0,137,0,0,137,0,137,230,0,230,367
12/27/2014,RYN,AZ,AWP,WE,Federal Contract Tower,0,0,1,0,1,0,0,114,6,120,0,0,115,6,121,207,0,207,328
12/28/2014,RYN,AZ,AWP,WE,Federal Contract Tower,0,0,7,0,7,0,0,150,0,150,0,0,157,0,157,208,0,208,365
12/29/2014,RYN,AZ,AWP,WE,Federal Contract Tower,0,0,0,0,0,0,0,116,0,116,0,0,116,0,116,178,0,178,294
12/30/2014,RYN,AZ,AWP,WE,Federal Contract Tower,0,0,0,0,0,0,0,71,6,77,0,0,71,6,77,156,0,156,233
12/31/2014,RYN,AZ,AWP,WE,Federal Contract Tower,0,0,3,0,3,0,0,11,0,11,0,0,14,0,14,24,0,24,38
01/01/2015,RYN,AZ,AWP,WE,Federal Contract Tower,0,0,1,0,1,0,0,19,0,19,0,0,20,0,20,60,0,60,80
01/02/2015,RYN,AZ,AWP,WE,Federal Contract Tower,0,0,5,0,5,0,0,31,0,31,0,0,36,0,36,62,0,62,98
01/03/2015,RYN,AZ,AWP,WE,Federal Contract Tower,0,0,2,0,2,0,0,101,2,103,0,0,103,2,105,78,0,78,183
01/04/2015,RYN,AZ,AWP,WE,Federal Contract Tower,0,0,1,0,1,0,0,110,0,110,0,0,111,0,111,200,0,200,311
01/05/2015,RYN,AZ,AWP,WE,Federal Contract Tower,0,0,3,0,3,0,0,120,6,126,0,0,123,6,129,140,72,212,341
01/06/2015,RYN,AZ,AWP,WE,Federal Contract Tower,0,0,0,0,0,0,0,94,0,94,0,0,94,0,94,222,0,222,316
01/07/2015,RYN,AZ,AWP,WE,Federal Contract Tower,0,0,1,0,1,0,0,93,0,93,0,0,94,0,94,168,0,168,262
01/08/2015,RYN,AZ,AWP,WE,Federal Contract Tower,0,0,1,0,1,0,0,42,0,42,0,0,43,0,43,60,0,60,103
01/09/2015,RYN,AZ,AWP,WE,Federal Contract Tower,0,0,1,0,1,0,0,107,6,113,0,0,108,6,114,176,36,212,326
01/10/2015,RYN,AZ,AWP,WE,Federal Contract Tower,0,0,2,0,2,0,0,124,2,126,0,0,126,2,128,212,34,246,374
01/11/2015,RYN,AZ,AWP,WE,Federal Contract Tower,0,0,4,0,4,0,0,80,4,84,0,0,84,4,88,108,18,126,214
01/12/2015,RYN,AZ,AWP,WE,Federal Contract Tower,0,0,0,0,0,0,0,55,4,59,0,0,55,4,59,116,28,144,203
01/13/2015,RYN,AZ,AWP,WE,Federal Contract Tower,0,0,6,0,6,0,0,59,22,81,0,0,65,22,87,102,140,242,329
01/14/2015,RYN,AZ,AWP,WE,Federal Contract Tower,0,0,10,0,10,0,0,23,3,26,0,0,33,3,36,28,26,54,90
01/15/2015,RYN,AZ,AWP,WE,Federal Contract Tower,0,0,5,0,5,0,0,108,25,133,0,0,113,25,138,144,150,294,432
01/16/2015,RYN,AZ,AWP,WE,Federal Contract Tower,0,0,6,0,6,0,0,100,2,102,0,0,106,2,108,232,12,244,352
01/17/2015,RYN,AZ,AWP,WE,Federal Contract Tower,0,0,0,0,0,0,0,114,6,120,0,0,114,6,120,254,0,254,374
01/18/2015,RYN,AZ,AWP,WE,Federal Contract Tower,0,0,0,0,0,0,0,128,4,132,0,0,128,4,132,132,10,142,274
01/19/2015,RYN,AZ,AWP,WE,Federal Contract Tower,0,0,0,0,0,0,0,168,0,168,0,0,168,0,168,256,0,256,424
01/20/2015,RYN,AZ,AWP,WE,Federal Contract Tower,0,0,2,0,2,0,0,83,16,99,0,0,85,16,101,170,150,320,421
01/21/2015,RYN,AZ,AWP,WE,Federal Contract Tower,0,0,2,0,2,0,0,78,12,90,0,0,80,12,92,102,80,182,274
01/22/2015,RYN,AZ,AWP,WE,Federal Contract Tower,0,0,1,0,1,0,0,47,26,73,0,0,48,26,74,86,142,228,302
01/23/2015,RYN,AZ,AWP,WE,Federal Contract Tower,0,0,2,0,2,0,0,74,0,74,0,0,76,0,76,214,0,214,290
01/24/2015,RYN,AZ,AWP,WE,Federal Contract Tower,0,0,3,0,3,0,0,69,4,73,0,0,72,4,76,186,0,186,262
01/25/2015,RYN,AZ,AWP,WE,Federal Contract Tower,0,0,4,0,4,0,0,114,2,116,0,0,118,2,120,152,22,174,294
01/26/2015,RYN,AZ,AWP,WE,Federal Contract Tower,0,0,2,0,2,0,0,26,18,44,0,0,28,18,46,30,114,144,190
01/27/2015,RYN,AZ,AWP,WE,Federal Contract Tower,0,0,4,0,4,0,0,84,10,94,0,0,88,10,98,194,74,268,366
01/28/2015,RYN,AZ,AWP,WE,Federal Contract Tower,0,0,1,0,1,0,0,91,8,99,0,0,92,8,100,136,112,248,348
01/29/2015,RYN,AZ,AWP,WE,Federal Contract Tower,0,0,7,0,7,0,0,81,15,96,0,0,88,15,103,130,136,266,369
01/30/2015,RYN,AZ,AWP,WE,Federal Contract Tower,0,0,8,0,8,0,0,19,0,19,0,0,27,0,27,0,0,0,27
01/31/2015,RYN,AZ,AWP,WE,Federal Contract Tower,0,0,1,0,1,0,0,6,0,6,0,0,7,0,7,28,0,28,35
02/01/2015,RYN,AZ,AWP,WE,Federal Contract Tower,0,0,2,0,2,0,0,18,2,20,0,0,20,2,22,8,0,8,30
02/02/2015,RYN,AZ,AWP,WE,Federal Contract Tower,0,0,0,0,0,0,0,128,8,136,0,0,128,8,136,260,62,322,458
02/03/2015,RYN,AZ,AWP,WE,Federal Contract Tower,0,0,3,0,3,0,0,166,30,196,0,0,169,30,199,314,206,520,719
02/04/2015,RYN,AZ,AWP,WE,Federal Contract Tower,0,0,0,0,0,0,0,114,11,125,0,0,114,11,125,169,92,261,386
02/05/2015,RYN,AZ,AWP,WE,Federal Contract Tower,0,0,0,0,0,0,0,129,24,153,0,0,129,24,153,196,138,334,487
02/06/2015,RYN,AZ,AWP,WE,Federal Contract Tower,0,0,3,0,3,0,0,97,22,119,0,0,100,22,122,170,86,256,378
02/07/2015,RYN,AZ,AWP,WE,Federal Contract Tower,0,0,1,0,1,0,0,169,6,175,0,0,170,6,176,216,56,272,448
02/08/2015,RYN,AZ,AWP,WE,Federal Contract Tower,0,0,3,0,3,0,0,98,6,104,0,0,101,6,107,92,72,164,271
02/09/2015,RYN,AZ,AWP,WE,Federal Contract Tower,0,0,5,0,5,0,0,124,19,143,0,0,129,19,148,216,142,358,506
02/10/2015,RYN,AZ,AWP,WE,Federal Contract Tower,0,0,2,0,2,0,0,95,23,118,0,0,97,23,120,193,154,347,467
02/11/2015,RYN,AZ,AWP,WE,Federal Contract Tower,0,0,1,0,1,0,0,103,1,104,0,0,104,1,105,186,4,190,295
02/12/2015,RYN,AZ,AWP,WE,Federal Contract Tower,0,0,1,1,2,0,0,25,10,35,0,0,26,11,37,14,40,54,91
02/13/2015,RYN,AZ,AWP,WE,Federal Contract Tower,0,0,2,0,2,0,0,170,2,172,0,0,172,2,174,146,18,164,338
02/14/2015,RYN,AZ,AWP,WE,Federal Contract Tower,0,0,8,0,8,0,0,169,4,173,0,0,177,4,181,226,0,226,407
02/15/2015,RYN,AZ,AWP,WE,Federal Contract Tower,0,0,1,0,1,0,0,92,0,92,0,0,93,0,93,122,0,122,215
02/16/2015,RYN,AZ,AWP,WE,Federal Contract Tower,0,0,5,0,5,0,0,119,0,119,0,0,124,0,124,196,0,196,320
02/17/2015,RYN,AZ,AWP,WE,Federal Contract Tower,0,0,0,0,0,0,0,122,20,142,0,0,122,20,142,212,244,456,598
02/18/2015,RYN,AZ,AWP,WE,Federal Contract Tower,0,0,0,0,0,0,0,138,4,142,0,0,138,4,142,224,89,313,455
02/19/2015,RYN,AZ,AWP,WE,Federal Contract Tower,0,0,3,0,3,0,0,139,3,142,0,0,142,3,145,146,12,158,303
02/20/2015,RYN,AZ,AWP,WE,Federal Contract Tower,0,0,2,0,2,0,0,104,2,106,0,0,106,2,108,158,26,184,292
02/21/2015,RYN,AZ,AWP,WE,Federal Contract Tower,0,0,2,0,2,0,0,135,0,135,0,0,137,0,137,262,0,262,399
02/22/2015,RYN,AZ,AWP,WE,Federal Contract Tower,0,0,4,0,4,0,0,111,0,111,0,0,115,0,115,114,0,114,229
02/23/2015,RYN,AZ,AWP,WE,Federal Contract Tower,0,0,2,0,2,0,0,113,10,123,0,0,115,10,125,174,52,226,351
02/24/2015,RYN,AZ,AWP,WE,Federal Contract Tower,0,0,3,0,3,0,0,30,2,32,0,0,33,2,35,38,10,48,83
02/25/2015,RYN,AZ,AWP,WE,Federal Contract Tower,0,0,4,0,4,0,0,82,20,102,0,0,86,20,106,134,130,264,370
02/26/2015,RYN,AZ,AWP,WE,Federal Contract Tower,0,0,5,0,5,0,0,141,10,151,0,0,146,10,156,218,74,292,448
02/27/2015,RYN,AZ,AWP,WE,Federal Contract Tower,0,0,0,0,0,0,0,58,15,73,0,0,58,15,73,104,96,200,273
02/28/2015,RYN,AZ,AWP,WE,Federal Contract Tower,0,0,7,0,7,0,0,29,4,33,0,0,36,4,40,40,0,40,80
03/01/2015,RYN,AZ,AWP,WE,Federal Contract Tower,0,0,6,0,6,0,0,82,0,82,0,0,88,0,88,68,0,68,156
03/02/2015,RYN,AZ,AWP,WE,Federal Contract Tower,0,0,6,0,6,0,0,2,2,4,0,0,8,2,10,0,0,0,10
03/03/2015,RYN,AZ,AWP,WE,Federal Contract Tower,0,0,4,0,4,0,0,82,24,106,0,0,86,24,110,120,178,298,408
03/04/2015,RYN,AZ,AWP,WE,Federal Contract Tower,0,0,1,0,1,0,0,105,22,127,0,0,106,22,128,144,176,320,448
03/05/2015,RYN,AZ,AWP,WE,Federal Contract Tower,0,0,0,0,0,0,0,82,69,151,0,0,82,69,151,124,186,310,461
03/06/2015,RYN,AZ,AWP,WE,Federal Contract Tower,0,0,0,0,0,0,0,33,10,43,0,0,33,10,43,40,28,68,111
03/07/2015,RYN,AZ,AWP,WE,Federal Contract Tower,0,0,0,0,0,0,0,115,6,121,0,0,115,6,121,288,0,288,409
03/08/2015,RYN,AZ,AWP,WE,Federal Contract Tower,0,0,2,0,2,0,0,114,1,115,0,0,116,1,117,144,6,150,267
03/09/2015,RYN,AZ,AWP,WE,Federal Contract Tower,0,0,0,0,0,0,0,120,16,136,0,0,120,16,136,158,140,298,434
03/10/2015,RYN,AZ,AWP,WE,Federal Contract Tower,0,0,2,0,2,0,0,124,33,157,0,0,126,33,159,210,254,464,623
03/11/2015,RYN,AZ,AWP,WE,Federal Contract Tower,0,0,4,0,4,0,0,162,38,200,0,0,166,38,204,168,98,266,470
03/12/2015,RYN,AZ,AWP,WE,Federal Contract Tower,0,0,1,0,1,0,0,155,74,229,0,0,156,74,230,244,138,382,612
03/13/2015,RYN,AZ,AWP,WE,Federal Contract Tower,0,0,0,0,0,0,0,73,34,107,0,0,73,34,107,156,40,196,303
03/14/2015,RYN,AZ,AWP,WE,Federal Contract Tower,0,0,0,0,0,0,0,131,0,131,0,0,131,0,131,170,0,170,301
03/15/2015,RYN,AZ,AWP,WE,Federal Contract Tower,0,0,3,0,3,0,0,81,6,87,0,0,84,6,90,74,24,98,188
03/16/2015,RYN,AZ,AWP,WE,Federal Contract Tower,0,0,0,2,2,0,0,76,48,124,0,0,76,50,126,138,136,274,400
03/17/2015,RYN,AZ,AWP,WE,Federal Contract Tower,0,0,2,0,2,0,0,90,22,112,0,0,92,22,114,160,104,264,378
03/18/2015,RYN,AZ,AWP,WE,Federal Contract Tower,0,0,6,0,6,0,0,102,6,108,0,0,108,6,114,138,19,157,271
03/19/2015,RYN,AZ,AWP,WE,Federal Contract Tower,0,0,3,0,3,0,0,22,4,26,0,0,25,4,29,36,12,48,77
03/20/2015,RYN,AZ,AWP,WE,Federal Contract Tower,0,0,5,0,5,0,0,94,18,112,0,0,99,18,117,214,34,248,365
03/21/2015,RYN,AZ,AWP,WE,Federal Contract Tower,0,0,1,0,1,0,0,173,0,173,0,0,174,0,174,150,0,150,324
03/22/2015,RYN,AZ,AWP,WE,Federal Contract Tower,0,0,2,0,2,0,0,134,0,134,0,0,136,0,136,140,0,140,276
03/23/2015,RYN,AZ,AWP,WE,Federal Contract Tower,0,0,2,0,2,0,0,123,52,175,0,0,125,52,177,126,116,242,419
03/24/2015,RYN,AZ,AWP,WE,Federal Contract Tower,0,0,6,0,6,0,0,87,21,108,0,0,93,21,114,130,90,220,334
03/25/2015,RYN,AZ,AWP,WE,Federal Contract Tower,0,0,0,0,0,0,0,139,0,139,0,0,139,0,139,234,0,234,373
03/26/2015,RYN,AZ,AWP,WE,Federal Contract Tower,0,0,2,0,2,0,0,216,12,228,0,0,218,12,230,294,106,400,630
03/27/2015,RYN,AZ,AWP,WE,Federal Contract Tower,0,0,7,0,7,0,0,110,2,112,0,0,117,2,119,128,0,128,247
03/28/2015,RYN,AZ,AWP,WE,Federal Contract Tower,0,0,1,0,1,0,0,142,0,142,0,0,143,0,143,160,0,160,303
03/29/2015,RYN,AZ,AWP,WE,Federal Contract Tower,0,0,3,0,3,0,0,132,2,134,0,0,135,2,137,150,8,158,295
03/30/2015,RYN,AZ,AWP,WE,Federal Contract Tower,0,0,2,0,2,0,0,111,10,121,0,0,113,10,123,140,18,158,281
03/31/2015,RYN,AZ,AWP,WE,Federal Contract Tower,0,0,2,0,2,0,0,122,10,132,0,0,124,10,134,222,58,280,414
04/01/2015,RYN,AZ,AWP,WE,Federal Contract Tower,0,0,2,0,2,0,0,76,1,77,0,0,78,1,79,74,2,76,155
04/02/2015,RYN,AZ,AWP,WE,Federal Contract Tower,0,0,0,0,0,0,0,47,9,56,0,0,47,9,56,94,90,184,240
04/03/2015,RYN,AZ,AWP,WE,Federal Contract Tower,0,0,0,0,0,0,0,138,15,153,0,0,138,15,153,162,70,232,385
04/04/2015,RYN,AZ,AWP,WE,Federal Contract Tower,0,0,2,0,2,0,0,148,0,148,0,0,150,0,150,242,0,242,392
04/05/2015,RYN,AZ,AWP,WE,Federal Contract Tower,0,0,7,0,7,0,0,100,0,100,0,0,107,0,107,182,0,182,289
04/06/2015,RYN,AZ,AWP,WE,Federal Contract Tower,0,0,1,0,1,0,0,89,2,91,0,0,90,2,92,138,0,138,230
04/07/2015,RYN,AZ,AWP,WE,Federal Contract Tower,0,0,0,0,0,0,0,101,24,125,0,0,101,24,125,212,114,326,451
04/08/2015,RYN,AZ,AWP,WE,Federal Contract Tower,0,0,1,0,1,0,0,105,8,113,0,0,106,8,114,192,16,208,322
04/09/2015,RYN,AZ,AWP,WE,Federal Contract Tower,0,0,1,0,1,0,0,78,12,90,0,0,79,12,91,122,136,258,349
04/10/2015,RYN,AZ,AWP,WE,Federal Contract Tower,0,0,0,0,0,0,0,111,8,119,0,0,111,8,119,182,34,216,335
04/11/2015,RYN,AZ,AWP,WE,Federal Contract Tower,0,0,3,0,3,0,0,180,0,180,0,0,183,0,183,154,0,154,337
04/12/2015,RYN,AZ,AWP,WE,Federal Contract Tower,0,0,0,1,1,0,0,96,2,98,0,0,96,3,99,74,18,92,191
04/13/2015,RYN,AZ,AWP,WE,Federal Contract Tower,0,0,4,0,4,0,0,83,21,104,0,0,87,21,108,124,232,356,464
04/14/2015,RYN,AZ,AWP,WE,Federal Contract Tower,0,0,0,0,0,0,0,125,18,143,0,0,125,18,143,162,34,196,339
04/15/2015,RYN,AZ,AWP,WE,Federal Contract Tower,0,0,3,0,3,0,0,107,4,111,0,0,110,4,114,144,0,144,258
04/16/2015,RYN,AZ,AWP,WE,Federal Contract Tower,0,0,1,0,1,0,0,84,16,100,0,0,85,16,101,142,128,270,371
04/17/2015,RYN,AZ,AWP,WE,Federal Contract Tower,0,0,1,0,1,0,0,100,32,132,0,0,101,32,133,142,122,264,397
04/18/2015,RYN,AZ,AWP,WE,Federal Contract Tower,0,0,0,0,0,0,0,169,1,170,0,0,169,1,170,208,2,210,380
04/19/2015,RYN,AZ,AWP,WE,Federal Contract Tower,0,0,0,0,0,0,0,143,0,143,0,0,143,0,143,156,0,156,299
04/20/2015,RYN,AZ,AWP,WE,Federal Contract Tower,0,0,11,0,11,0,0,121,26,147,0,0,132,26,158,148,40,188,346
04/21/2015,RYN,AZ,AWP,WE,Federal Contract Tower,0,0,2,0,2,0,0,88,38,126,0,0,90,38,128,162,58,220,348
04/22/2015,RYN,AZ,AWP,WE,Federal Contract Tower,0,0,3,0,3,0,0,92,12,104,0,0,95,12,107,144,60,204,311
04/23/2015,RYN,AZ,AWP,WE,Federal Contract Tower,0,0,0,0,0,0,0,160,12,172,0,0,160,12,172,190,100,290,462
04/24/2015,RYN,AZ,AWP,WE,Federal Contract Tower,0,0,4,0,4,0,0,75,6,81,0,0,79,6,85,130,8,138,223
04/25/2015,RYN,AZ,AWP,WE,Federal Contract Tower,0,0,1,0,1,0,0,106,6,112,0,0,107,6,113,158,0,158,271
04/26/2015,RYN,AZ,AWP,WE,Federal Contract Tower,0,0,5,0,5,0,0,86,0,86,0,0,91,0,91,80,0,80,171
04/27/2015,RYN,AZ,AWP,WE,Federal Contract Tower,0,0,1,0,1,0,0,134,18,152,0,0,135,18,153,168,32,200,353
04/28/2015,RYN,AZ,AWP,WE,Federal Contract Tower,0,0,1,0,1,0,0,24,4,28,0,0,25,4,29,62,18,80,109
04/29/2015,RYN,AZ,AWP,WE,Federal Contract Tower,0,0,0,0,0,0,0,70,8,78,0,0,70,8,78,77,22,99,177
04/30/2015,RYN,AZ,AWP,WE,Federal Contract Tower,0,0,0,0,0,0,0,151,6,157,0,0,151,6,157,276,52,328,485
05/01/2015,RYN,AZ,AWP,WE,Federal Contract Tower,0,0,0,0,0,0,0,139,0,139,0,0,139,0,139,246,0,246,385
05/02/2015,RYN,AZ,AWP,WE,Federal Contract Tower,0,0,1,0,1,0,0,0,0,0,0,0,1,0,1,172,0,172,173
05/03/2015,RYN,AZ,AWP,WE,Federal Contract Tower,0,0,0,0,0,0,0,113,0,113,0,0,113,0,113,98,0,98,211
05/04/2015,RYN,AZ,AWP,WE,Federal Contract Tower,0,0,1,2,3,0,0,91,24,115,0,0,92,26,118,86,44,130,248
05/05/2015,RYN,AZ,AWP,WE,Federal Contract Tower,0,0,2,0,2,0,0,111,14,125,0,0,113,14,127,204,60,264,391
05/06/2015,RYN,AZ,AWP,WE,Federal Contract Tower,0,0,2,0,2,0,0,103,36,139,0,0,105,36,141,208,150,358,499
05/07/2015,RYN,AZ,AWP,WE,Federal Contract Tower,0,0,0,0,0,0,0,71,4,75,0,0,71,4,75,176,12,188,263
05/08/2015,RYN,AZ,AWP,WE,Federal Contract Tower,0,0,1,0,1,0,0,68,32,100,0,0,69,32,101,186,162,348,449
05/09/2015,RYN,AZ,AWP,WE,Federal Contract Tower,0,0,0,0,0,0,0,110,0,110,0,0,110,0,110,130,0,130,240
05/10/2015,RYN,AZ,AWP,WE,Federal Contract Tower,0,0,3,0,3,0,0,148,0,148,0,0,151,0,151,138,0,138,289
05/11/2015,RYN,AZ,AWP,WE,Federal Contract Tower,0,0,0,0,0,0,0,141,4,145,0,0,141,4,145,144,16,160,305
05/12/2015,RYN,AZ,AWP,WE,Federal Contract Tower,0,0,0,0,0,0,0,77,27,104,0,0,77,27,104,146,96,242,346
05/13/2015,RYN,AZ,AWP,WE,Federal Contract Tower,0,0,2,0,2,0,0,88,40,128,0,0,90,40,130,220,84,304,434
05/14/2015,RYN,AZ,AWP,WE,Federal Contract Tower,0,0,0,0,0,0,0,81,14,95,0,0,81,14,95,96,144,240,335
05/15/2015,RYN,AZ,AWP,WE,Federal Contract Tower,0,0,1,0,1,0,0,61,12,73,0,0,62,12,74,92,134,226,300
05/16/2015,RYN,AZ,AWP,WE,Federal Contract Tower,0,0,6,0,6,0,0,127,0,127,0,0,133,0,133,166,0,166,299
05/17/2015,RYN,AZ,AWP,WE,Federal Contract Tower,0,0,1,0,1,0,0,110,0,110,0,0,111,0,111,104,0,104,215
05/18/2015,RYN,AZ,AWP,WE,Federal Contract Tower,0,0,1,0,1,0,0,92,22,114,0,0,93,22,115,84,226,310,425
05/19/2015,RYN,AZ,AWP,WE,Federal Contract Tower,0,0,1,0,1,0,0,95,48,143,0,0,96,48,144,146,206,352,496
05/20/2015,RYN,AZ,AWP,WE,Federal Contract Tower,0,0,0,0,0,0,0,88,16,104,0,0,88,16,104,254,104,358,462
05/21/2015,RYN,AZ,AWP,WE,Federal Contract Tower,0,0,0,0,0,0,0,68,24,92,0,0,68,24,92,146,216,362,454
05/22/2015,RYN,AZ,AWP,WE,Federal Contract Tower,0,0,0,0,0,0,0,87,2,89,0,0,87,2,89,108,10,118,207
05/23/2015,RYN,AZ,AWP,WE,Federal Contract Tower,0,0,0,0,0,0,0,132,0,132,0,0,132,0,132,168,0,168,300
05/24/2015,RYN,AZ,AWP,WE,Federal Contract Tower,0,0,0,0,0,0,0,110,2,112,0,0,110,2,112,90,10,100,212
05/25/2015,RYN,AZ,AWP,WE,Federal Contract Tower,0,0,2,0,2,0,0,117,0,117,0,0,119,0,119,202,0,202,321
05/26/2015,RYN,AZ,AWP,WE,Federal Contract Tower,0,0,1,0,1,0,0,106,16,122,0,0,107,16,123,144,98,242,365
05/27/2015,RYN,AZ,AWP,WE,Federal Contract Tower,0,0,2,0,2,0,0,97,16,113,0,0,99,16,115,146,110,256,371
05/28/2015,RYN,AZ,AWP,WE,Federal Contract Tower,0,0,0,0,0,0,0,161,7,168,0,0,161,7,168,162,142,304,472
05/29/2015,RYN,AZ,AWP,WE,Federal Contract Tower,0,0,0,0,0,0,0,85,8,93,0,0,85,8,93,172,28,200,293
05/30/2015,RYN,AZ,AWP,WE,Federal Contract Tower,0,0,1,0,1,0,0,151,0,151,0,0,152,0,152,176,0,176,328
05/31/2015,RYN,AZ,AWP,WE,Federal Contract Tower,0,0,0,0,0,0,0,129,4,133,0,0,129,4,133,184,2,186,319
06/01/2015,RYN,AZ,AWP,WE,Federal Contract Tower,0,0,0,0,0,0,0,131,41,172,0,0,131,41,172,124,178,302,474
06/02/2015,RYN,AZ,AWP,WE,Federal Contract Tower,0,0,1,0,1,0,0,109,37,146,0,0,110,37,147,176,126,302,449
06/03/2015,RYN,AZ,AWP,WE,Federal Contract Tower,0,0,2,0,2,0,0,109,6,115,0,0,111,6,117,134,110,244,361
06/04/2015,RYN,AZ,AWP,WE,Federal Contract Tower,0,0,0,0,0,0,0,192,12,204,0,0,192,12,204,168,122,290,494
06/05/2015,RYN,AZ,AWP,WE,Federal Contract Tower,0,0,0,0,0,0,0,74,0,74,0,0,74,0,74,118,0,118,192
06/06/2015,RYN,AZ,AWP,WE,Federal Contract Tower,0,0,0,0,0,0,0,124,0,124,0,0,124,0,124,132,0,132,256
06/07/2015,RYN,AZ,AWP,WE,Federal Contract Tower,0,0,0,0,0,0,0,178,0,178,0,0,178,0,178,190,0,190,368
06/08/2015,RYN,AZ,AWP,WE,Federal Contract Tower,0,0,1,0,1,0,0,132,8,140,0,0,133,8,141,224,64,288,429
06/09/2015,RYN,AZ,AWP,WE,Federal Contract Tower,0,0,2,0,2,0,0,50,6,56,0,0,52,6,58,92,6,98,156
06/10/2015,RYN,AZ,AWP,WE,Federal Contract Tower,0,0,9,0,9,0,0,103,12,115,0,0,112,12,124,184,48,232,356
06/11/2015,RYN,AZ,AWP,WE,Federal Contract Tower,0,0,8,0,8,0,0,127,12,139,0,0,135,12,147,230,74,304,451
06/12/2015,RYN,AZ,AWP,WE,Federal Contract Tower,0,0,2,0,2,0,0,50,2,52,0,0,52,2,54,108,22,130,184
06/13/2015,RYN,AZ,AWP,WE,Federal Contract Tower,0,0,3,0,3,0,0,152,0,152,0,0,155,0,155,182,0,182,337
06/14/2015,RYN,AZ,AWP,WE,Federal Contract Tower,0,0,0,0,0,0,0,129,4,133,0,0,129,4,133,184,2,186,319
06/15/2015,RYN,AZ,AWP,WE,Federal Contract Tower,0,0,1,0,1,0,0,104,30,134,0,0,105,30,135,144,100,244,379
06/16/2015,RYN,AZ,AWP,WE,Federal Contract Tower,0,0,2,0,2,0,0,91,34,125,0,0,93,34,127,106,104,210,337
06/17/2015,RYN,AZ,AWP,WE,Federal Contract Tower,0,0,1,0,1,0,0,103,0,103,0,0,104,0,104,88,0,88,192
06/18/2015,RYN,AZ,AWP,WE,Federal Contract Tower,0,0,4,0,4,0,0,102,4,106,0,0,106,4,110,88,12,100,210
06/19/2015,RYN,AZ,AWP,WE,Federal Contract Tower,0,0,1,0,1,0,0,44,6,50,0,0,45,6,51,58,48,106,157
06/20/2015,RYN,AZ,AWP,WE,Federal Contract Tower,0,0,0,0,0,0,0,115,0,115,0,0,115,0,115,138,0,138,253
06/21/2015,RYN,AZ,AWP,WE,Federal Contract Tower,0,0,0,0,0,0,0,115,0,115,0,0,115,0,115,138,0,138,253
06/22/2015,RYN,AZ,AWP,WE,Federal Contract Tower,0,0,0,0,0,0,0,102,55,157,0,0,102,55,157,124,174,298,455
06/23/2015,RYN,AZ,AWP,WE,Federal Contract Tower,0,0,2,0,2,0,0,64,31,95,0,0,66,31,97,150,88,238,335
06/24/2015,RYN,AZ,AWP,WE,Federal Contract Tower,0,0,0,0,0,0,0,62,5,67,0,0,62,5,67,168,24,192,259
06/25/2015,RYN,AZ,AWP,WE,Federal Contract Tower,0,0,2,0,2,0,0,74,8,82,0,0,76,8,84,184,100,284,368
06/26/2015,RYN,AZ,AWP,WE,Federal Contract Tower,0,0,3,0,3,0,0,62,0,62,0,0,65,0,65,182,0,182,247
06/27/2015,RYN,AZ,AWP,WE,Federal Contract Tower,0,0,2,0,2,0,0,130,12,142,0,0,132,12,144,182,10,192,336
06/28/2015,RYN,AZ,AWP,WE,Federal Contract Tower,0,0,0,0,0,0,0,168,3,171,0,0,168,3,171,182,20,202,373
06/29/2015,RYN,AZ,AWP,WE,Federal Contract Tower,0,0,2,0,2,0,0,125,14,139,0,0,127,14,141,214,58,272,413
06/30/2015,RYN,AZ,AWP,WE,Federal Contract Tower,0,0,0,0,0,0,0,60,12,72,0,0,60,12,72,82,74,156,228
07/01/2015,RYN,AZ,AWP,WE,Federal Contract Tower,0,0,1,0,1,0,0,102,13,115,0,0,103,13,116,172,82,254,370
07/02/2015,RYN,AZ,AWP,WE,Federal Contract Tower,0,0,0,0,0,0,0,160,6,166,0,0,160,6,166,180,16,196,362
07/03/2015,RYN,AZ,AWP,WE,Federal Contract Tower,0,0,1,0,1,0,0,102,0,102,0,0,103,0,103,148,0,148,251
07/04/2015,RYN,AZ,AWP,WE,Federal Contract Tower,0,0,0,0,0,0,0,79,0,79,0,0,79,0,79,92,0,92,171
07/05/2015,RYN,AZ,AWP,WE,Federal Contract Tower,0,0,0,0,0,0,0,70,2,72,0,0,70,2,72,106,0,106,178
07/06/2015,RYN,AZ,AWP,WE,Federal Contract Tower,0,0,2,0,2,0,0,100,14,114,0,0,102,14,116,128,38,166,282
07/07/2015,RYN,AZ,AWP,WE,Federal Contract Tower,0,0,0,0,0,0,0,141,46,187,0,0,141,46,187,154,170,324,511
07/08/2015,RYN,AZ,AWP,WE,Federal Contract Tower,0,0,4,0,4,0,0,128,41,169,0,0,132,41,173,167,146,313,486
07/09/2015,RYN,AZ,AWP,WE,Federal Contract Tower,0,0,0,0,0,0,0,171,11,182,0,0,171,11,182,170,24,194,376
07/10/2015,RYN,AZ,AWP,WE,Federal Contract Tower,0,0,1,0,1,0,0,115,26,141,0,0,116,26,142,120,122,242,384
07/11/2015,RYN,AZ,AWP,WE,Federal Contract Tower,0,0,4,0,4,0,0,132,0,132,0,0,136,0,136,154,0,154,290
07/12/2015,RYN,AZ,AWP,WE,Federal Contract Tower,0,0,0,0,0,0,0,124,0,124,0,0,124,0,124,102,0,102,226
07/13/2015,RYN,AZ,AWP,WE,Federal Contract Tower,0,0,0,0,0,0,0,93,16,109,0,0,93,16,109,90,82,172,281
07/14/2015,RYN,AZ,AWP,WE,Federal Contract Tower,0,0,3,0,3,0,0,80,12,92,0,0,83,12,95,113,96,209,304
07/15/2015,RYN,AZ,AWP,WE,Federal Contract Tower,0,0,1,0,1,0,0,83,0,83,0,0,84,0,84,168,0,168,252
07/16/2015,RYN,AZ,AWP,WE,Federal Contract Tower,0,0,1,0,1,0,0,163,15,178,0,0,164,15,179,198,60,258,437
07/17/2015,RYN,AZ,AWP,WE,Federal Contract Tower,0,0,0,0,0,0,0,81,20,101,0,0,81,20,101,151,106,257,358
07/18/2015,RYN,AZ,AWP,WE,Federal Contract Tower,0,0,0,0,0,0,0,102,0,102,0,0,102,0,102,164,0,164,266
07/19/2015,RYN,AZ,AWP,WE,Federal Contract Tower,0,0,4,0,4,0,0,145,0,145,0,0,149,0,149,160,0,160,309
07/20/2015,RYN,AZ,AWP,WE,Federal Contract Tower,0,0,3,0,3,0,0,105,2,107,0,0,108,2,110,126,2,128,238
07/21/2015,RYN,AZ,AWP,WE,Federal Contract Tower,0,0,0,0,0,0,0,111,28,139,0,0,111,28,139,156,110,266,405
07/22/2015,RYN,AZ,AWP,WE,Federal Contract Tower,0,0,0,0,0,0,0,140,6,146,0,0,140,6,146,126,38,164,310
07/23/2015,RYN,AZ,AWP,WE,Federal Contract Tower,0,0,2,0,2,0,0,127,10,137,0,0,129,10,139,244,60,304,443
07/24/2015,RYN,AZ,AWP,WE,Federal Contract Tower,0,0,0,0,0,0,0,67,2,69,0,0,67,2,69,124,28,152,221
07/25/2015,RYN,AZ,AWP,WE,Federal Contract Tower,0,0,0,0,0,0,0,95,2,97,0,0,95,2,97,170,0,170,267
07/26/2015,RYN,AZ,AWP,WE,Federal Contract Tower,0,0,0,0,0,0,0,120,4,124,0,0,120,4,124,182,0,182,306
07/27/2015,RYN,AZ,AWP,WE,Federal Contract Tower,0,0,2,0,2,0,0,102,18,120,0,0,104,18,122,176,84,260,382
07/28/2015,RYN,AZ,AWP,WE,Federal Contract Tower,0,0,0,0,0,0,0,100,8,108,0,0,100,8,108,154,56,210,318
07/29/2015,RYN,AZ,AWP,WE,Federal Contract Tower,0,0,0,0,0,0,0,88,12,100,0,0,88,12,100,188,70,258,358
07/30/2015,RYN,AZ,AWP,WE,Federal Contract Tower,0,0,3,0,3,0,0,160,6,166,0,0,163,6,169,120,74,194,363
07/31/2015,RYN,AZ,AWP,WE,Federal Contract Tower,0,0,2,0,2,0,0,111,10,121,0,0,113,10,123,162,16,178,301
08/01/2015,RYN,AZ,AWP,WE,Federal Contract Tower,0,0,0,0,0,0,0,134,0,134,0,0,134,0,134,174,0,174,308
08/02/2015,RYN,AZ,AWP,WE,Federal Contract Tower,0,0,0,0,0,0,0,115,0,115,0,0,115,0,115,132,0,132,247
08/03/2015,RYN,AZ,AWP,WE,Federal Contract Tower,0,0,2,0,2,0,0,96,36,132,0,0,98,36,134,124,50,174,308
08/04/2015,RYN,AZ,AWP,WE,Federal Contract Tower,0,0,6,0,6,0,0,104,20,124,0,0,110,20,130,114,86,200,330
08/05/2015,RYN,AZ,AWP,WE,Federal Contract Tower,0,0,0,0,0,0,0,54,6,60,0,0,54,6,60,122,36,158,218
08/06/2015,RYN,AZ,AWP,WE,Federal Contract Tower,0,0,0,0,0,0,0,156,5,161,0,0,156,5,161,188,34,222,383
08/07/2015,RYN,AZ,AWP,WE,Federal Contract Tower,0,0,1,0,1,0,0,60,2,62,0,0,61,2,63,122,28,150,213
08/08/2015,RYN,AZ,AWP,WE,Federal Contract Tower,0,0,2,0,2,0,0,141,0,141,0,0,143,0,143,180,0,180,323
08/09/2015,RYN,AZ,AWP,WE,Federal Contract Tower,0,0,0,0,0,0,0,111,0,111,0,0,111,0,111,176,0,176,287
08/10/2015,RYN,AZ,AWP,WE,Federal Contract Tower,0,0,0,0,0,0,0,97,16,113,0,0,97,16,113,122,98,220,333
08/11/2015,RYN,AZ,AWP,WE,Federal Contract Tower,0,0,0,0,0,0,0,72,16,88,0,0,72,16,88,144,112,256,344
08/12/2015,RYN,AZ,AWP,WE,Federal Contract Tower,0,0,2,0,2,0,0,76,10,86,0,0,78,10,88,120,80,200,288
08/13/2015,RYN,AZ,AWP,WE,Federal Contract Tower,0,0,3,0,3,0,0,141,14,155,0,0,144,14,158,220,72,292,450
08/14/2015,RYN,AZ,AWP,WE,Federal Contract Tower,0,0,0,0,0,0,0,92,0,92,0,0,92,0,92,108,0,108,200
08/15/2015,RYN,AZ,AWP,WE,Federal Contract Tower,0,0,3,0,3,0,0,110,0,110,0,0,113,0,113,152,0,152,265
08/16/2015,RYN,AZ,AWP,WE,Federal Contract Tower,0,0,2,0,2,0,0,114,2,116,0,0,116,2,118,158,0,158,276
08/17/2015,RYN,AZ,AWP,WE,Federal Contract Tower,0,0,2,0,2,0,0,99,18,117,0,0,101,18,119,182,46,228,347
08/18/2015,RYN,AZ,AWP,WE,Federal Contract Tower,0,0,2,0,2,0,0,98,44,142,0,0,100,44,144,188,136,324,468
08/19/2015,RYN,AZ,AWP,WE,Federal Contract Tower,0,0,0,0,0,0,0,111,25,136,0,0,111,25,136,256,110,366,502
08/20/2015,RYN,AZ,AWP,WE,Federal Contract Tower,0,0,2,0,2,0,0,148,10,158,0,0,150,10,160,248,72,320,480
08/21/2015,RYN,AZ,AWP,WE,Federal Contract Tower,0,0,3,0,3,0,0,87,0,87,0,0,90,0,90,122,0,122,212
08/22/2015,RYN,AZ,AWP,WE,Federal Contract Tower,0,0,0,0,0,0,0,149,4,153,0,0,149,4,153,212,0,212,365
08/23/2015,RYN,AZ,AWP,WE,Federal Contract Tower,0,0,3,0,3,0,0,163,0,163,0,0,166,0,166,198,0,198,364
08/24/2015,RYN,AZ,AWP,WE,Federal Contract Tower,0,0,2,0,2,0,0,97,25,122,0,0,99,25,124,196,204,400,524
08/25/2015,RYN,AZ,AWP,WE,Federal Contract Tower,0,0,3,0,3,0,0,70,15,85,0,0,73,15,88,76,100,176,264
08/26/2015,RYN,AZ,AWP,WE,Federal Contract Tower,0,0,0,0,0,0,0,109,4,113,0,0,109,4,113,208,60,268,381
08/27/2015,RYN,AZ,AWP,WE,Federal Contract Tower,0,0,4,0,4,0,0,97,14,111,0,0,101,14,115,164,108,272,387
08/28/2015,RYN,AZ,AWP,WE,Federal Contract Tower,0,0,2,0,2,0,0,108,11,119,0,0,110,11,121,192,30,222,343
08/29/2015,RYN,AZ,AWP,WE,Federal Contract Tower,0,0,6,0,6,0,0,115,0,115,0,0,121,0,121,174,0,174,295
08/30/2015,RYN,AZ,AWP,WE,Federal Contract Tower,0,0,4,0,4,0,0,101,6,107,0,0,105,6,111,128,2,130,241
08/31/2015,RYN,AZ,AWP,WE,Federal Contract Tower,0,0,0,0,0,0,0,92,15,107,0,0,92,15,107,182,80,262,369
09/01/2015,RYN,AZ,AWP,WE,Federal Contract Tower,0,0,2,0,2,0,0,97,13,110,0,0,99,13,112,182,42,224,336
09/02/2015,RYN,AZ,AWP,WE,Federal Contract Tower,0,0,3,0,3,0,0,83,8,91,0,0,86,8,94,140,80,220,314
09/03/2015,RYN,AZ,AWP,WE,Federal Contract Tower,0,0,1,0,1,0,0,91,2,93,0,0,92,2,94,124,10,134,228
09/04/2015,RYN,AZ,AWP,WE,Federal Contract Tower,0,0,1,0,1,0,0,69,0,69,0,0,70,0,70,122,0,122,192
09/05/2015,RYN,AZ,AWP,WE,Federal Contract Tower,0,0,3,0,3,0,0,90,2,92,0,0,93,2,95,148,0,148,243
09/06/2015,RYN,AZ,AWP,WE,Federal Contract Tower,0,0,0,0,0,0,0,103,2,105,0,0,103,2,105,200,0,200,305
09/07/2015,RYN,AZ,AWP,WE,Federal Contract Tower,0,0,0,0,0,0,0,148,0,148,0,0,148,0,148,274,0,274,422
09/08/2015,RYN,AZ,AWP,WE,Federal Contract Tower,0,0,0,0,0,0,0,67,2,69,0,0,67,2,69,152,4,156,225
09/09/2015,RYN,AZ,AWP,WE,Federal Contract Tower,0,0,3,0,3,0,0,131,4,135,0,0,134,4,138,198,32,230,368
09/10/2015,RYN,AZ,AWP,WE,Federal Contract Tower,0,0,6,0,6,0,0,115,5,120,0,0,121,5,126,184,28,212,338
09/11/2015,RYN,AZ,AWP,WE,Federal Contract Tower,0,0,4,0,4,0,0,111,6,117,0,0,115,6,121,216,6,222,343
09/12/2015,RYN,AZ,AWP,WE,Federal Contract Tower,0,0,2,0,2,0,0,154,0,154,0,0,156,0,156,208,0,208,364
09/13/2015,RYN,AZ,AWP,WE,Federal Contract Tower,0,0,1,0,1,0,0,118,0,118,0,0,119,0,119,206,0,206,325
09/14/2015,RYN,AZ,AWP,WE,Federal Contract Tower,0,0,1,0,1,0,0,94,20,114,0,0,95,20,115,94,42,136,251
09/15/2015,RYN,AZ,AWP,WE,Federal Contract Tower,0,0,0,0,0,0,0,116,14,130,0,0,116,14,130,145,88,233,363
09/16/2015,RYN,AZ,AWP,WE,Federal Contract Tower,0,0,3,0,3,0,0,115,1,116,0,0,118,1,119,188,2,190,309
09/17/2015,RYN,AZ,AWP,WE,Federal Contract Tower,0,0,0,0,0,0,0,128,1,129,0,0,128,1,129,222,8,230,359
09/18/2015,RYN,AZ,AWP,WE,Federal Contract Tower,0,0,1,0,1,0,0,82,2,84,0,0,83,2,85,164,8,172,257
09/19/2015,RYN,AZ,AWP,WE,Federal Contract Tower,0,0,0,0,0,0,0,149,0,149,0,0,149,0,149,160,0,160,309
09/20/2015,RYN,AZ,AWP,WE,Federal Contract Tower,0,0,4,0,4,0,0,119,0,119,0,0,123,0,123,166,0,166,289
09/21/2015,RYN,AZ,AWP,WE,Federal Contract Tower,0,0,1,0,1,0,0,7,0,7,0,0,8,0,8,2,0,2,10
09/22/2015,RYN,AZ,AWP,WE,Federal Contract Tower,0,0,5,0,5,0,0,38,15,53,0,0,43,15,58,94,110,204,262
09/23/2015,RYN,AZ,AWP,WE,Federal Contract Tower,0,0,3,0,3,0,0,87,6,93,0,0,90,6,96,214,40,254,350
09/24/2015,RYN,AZ,AWP,WE,Federal Contract Tower,0,0,3,0,3,0,0,142,7,149,0,0,145,7,152,222,32,254,406
09/25/2015,RYN,AZ,AWP,WE,Federal Contract Tower,0,0,2,0,2,0,0,117,2,119,0,0,119,2,121,150,10,160,281
09/26/2015,RYN,AZ,AWP,WE,Federal Contract Tower,0,0,3,0,3,0,0,167,0,167,0,0,170,0,170,182,0,182,352
09/27/2015,RYN,AZ,AWP,WE,Federal Contract Tower,0,0,3,0,3,0,0,110,0,110,0,0,113,0,113,130,0,130,243
09/28/2015,RYN,AZ,AWP,WE,Federal Contract Tower,0,0,4,0,4,0,0,78,4,82,0,0,82,4,86,170,22,192,278
09/29/2015,RYN,AZ,AWP,WE,Federal Contract Tower,0,0,2,0,2,0,0,66,6,72,0,0,68,6,74,218,78,296,370
09/30/2015,RYN,AZ,AWP,WE,Federal Contract Tower,0,0,3,0,3,0,0,105,12,117,0,0,108,12,120,262,60,322,442
10/01/2015,RYN,AZ,AWP,WE,Federal Contract Tower,0,0,1,0,1,0,0,150,6,156,0,0,151,6,157,335,28,363,520
10/02/2015,RYN,AZ,AWP,WE,Federal Contract Tower,0,0,4,0,4,0,0,102,8,110,0,0,106,8,114,192,12,204,318
10/03/2015,RYN,AZ,AWP,WE,Federal Contract Tower,0,0,2,0,2,0,0,143,6,149,0,0,145,6,151,198,0,198,349
10/04/2015,RYN,AZ,AWP,WE,Federal Contract Tower,0,0,1,0,1,0,0,134,0,134,0,0,135,0,135,150,0,150,285
10/05/2015,RYN,AZ,AWP,WE,Federal Contract Tower,0,0,1,0,1,0,0,67,8,75,0,0,68,8,76,102,54,156,232
10/06/2015,RYN,AZ,AWP,WE,Federal Contract Tower,0,0,2,0,2,0,0,41,18,59,0,0,43,18,61,118,134,252,313
10/07/2015,RYN,AZ,AWP,WE,Federal Contract Tower,0,0,2,0,2,0,0,95,0,95,0,0,97,0,97,248,0,248,345
10/08/2015,RYN,AZ,AWP,WE,Federal Contract Tower,0,0,1,0,1,0,0,89,8,97,0,0,90,8,98,136,66,202,300
10/09/2015,RYN,AZ,AWP,WE,Federal Contract Tower,0,0,0,0,0,0,0,47,4,51,0,0,47,4,51,136,14,150,201
10/10/2015,RYN,AZ,AWP,WE,Federal Contract Tower,0,0,2,0,2,0,0,152,0,152,0,0,154,0,154,156,0,156,310
10/11/2015,RYN,AZ,AWP,WE,Federal Contract Tower,0,0,1,0,1,0,0,191,0,191,0,0,192,0,192,236,0,236,428
10/12/2015,RYN,AZ,AWP,WE,Federal Contract Tower,0,0,1,0,1,0,0,172,0,172,0,0,173,0,173,292,0,292,465
10/13/2015,RYN,AZ,AWP,WE,Federal Contract Tower,0,0,5,0,5,0,0,132,37,169,0,0,137,37,174,226,162,388,562
10/14/2015,RYN,AZ,AWP,WE,Federal Contract Tower,0,0,2,0,2,0,0,157,4,161,0,0,159,4,163,138,54,192,355
10/15/2015,RYN,AZ,AWP,WE,Federal Contract Tower,0,0,3,0,3,0,0,100,4,104,0,0,103,4,107,166,50,216,323
10/16/2015,RYN,AZ,AWP,WE,Federal Contract Tower,0,0,2,0,2,0,0,49,10,59,0,0,51,10,61,66,44,110,171
10/17/2015,RYN,AZ,AWP,WE,Federal Contract Tower,0,0,2,0,2,0,0,20,0,20,0,0,22,0,22,20,0,20,42
10/18/2015,RYN,AZ,AWP,WE,Federal Contract Tower,0,0,1,0,1,0,0,114,4,118,0,0,115,4,119,130,4,134,253
10/19/2015,RYN,AZ,AWP,WE,Federal Contract Tower,0,0,5,0,5,0,0,117,10,127,0,0,122,10,132,186,102,288,420
10/20/2015,RYN,AZ,AWP,WE,Federal Contract Tower,0,0,0,0,0,0,0,106,10,116,0,0,106,10,116,138,72,210,326
10/21/2015,RYN,AZ,AWP,WE,Federal Contract Tower,0,0,3,0,3,0,0,65,6,71,0,0,68,6,74,126,78,204,278
10/22/2015,RYN,AZ,AWP,WE,Federal Contract Tower,0,0,6,0,6,0,0,128,26,154,0,0,134,26,160,210,204,414,574
10/23/2015,RYN,AZ,AWP,WE,Federal Contract Tower,0,0,6,0,6,0,0,148,2,150,0,0,154,2,156,188,0,188,344
10/24/2015,RYN,AZ,AWP,WE,Federal Contract Tower,0,0,3,0,3,0,0,175,2,177,0,0,178,2,180,154,0,154,334
10/25/2015,RYN,AZ,AWP,WE,Federal Contract Tower,0,0,0,0,0,0,0,132,0,132,0,0,132,0,132,136,0,136,268
10/26/2015,RYN,AZ,AWP,WE,Federal Contract Tower,0,0,1,0,1,0,0,132,31,163,0,0,133,31,164,168,268,436,600
10/27/2015,RYN,AZ,AWP,WE,Federal Contract Tower,0,0,1,0,1,0,0,104,18,122,0,0,105,18,123,200,114,314,437
10/28/2015,RYN,AZ,AWP,WE,Federal Contract Tower,0,0,2,0,2,0,0,96,9,105,0,0,98,9,107,148,38,186,293
10/29/2015,RYN,AZ,AWP,WE,Federal Contract Tower,0,0,7,1,8,0,0,74,4,78,0,0,81,5,86,132,18,150,236
10/30/2015,RYN,AZ,AWP,WE,Federal Contract Tower,0,0,4,0,4,0,0,67,8,75,0,0,71,8,79,56,26,82,161
10/31/2015,RYN,AZ,AWP,WE,Federal Contract Tower,0,0,4,0,4,0,0,169,0,169,0,0,173,0,173,184,0,184,357
11/01/2015,RYN,AZ,AWP,WE,Federal Contract Tower,0,0,4,0,4,0,0,110,0,110,0,0,114,0,114,170,0,170,284
11/02/2015,RYN,AZ,AWP,WE,Federal Contract Tower,0,0,3,0,3,0,0,135,10,145,0,0,138,10,148,162,94,256,404
11/03/2015,RYN,AZ,AWP,WE,Federal Contract Tower,0,0,8,0,8,0,0,96,32,128,0,0,104,32,136,118,150,268,404
11/04/2015,RYN,AZ,AWP,WE,Federal Contract Tower,0,0,4,1,5,0,0,26,3,29,0,0,30,4,34,82,42,124,158
11/05/2015,RYN,AZ,AWP,WE,Federal Contract Tower,0,0,6,0,6,0,0,115,6,121,0,0,121,6,127,170,42,212,339
11/06/2015,RYN,AZ,AWP,WE,Federal Contract Tower,0,0,5,0,5,0,0,116,2,118,0,0,121,2,123,128,12,140,263
11/07/2015,RYN,AZ,AWP,WE,Federal Contract Tower,0,0,1,0,1,0,0,152,0,152,0,0,153,0,153,150,0,150,303
11/08/2015,RYN,AZ,AWP,WE,Federal Contract Tower,0,0,2,0,2,0,0,100,0,100,0,0,102,0,102,160,0,160,262
11/09/2015,RYN,AZ,AWP,WE,Federal Contract Tower,0,0,3,0,3,0,0,164,4,168,0,0,167,4,171,180,18,198,369
11/10/2015,RYN,AZ,AWP,WE,Federal Contract Tower,0,0,7,0,7,0,0,91,34,125,0,0,98,34,132,172,204,376,508
11/11/2015,RYN,AZ,AWP,WE,Federal Contract Tower,0,0,3,0,3,0,0,88,0,88,0,0,91,0,91,195,0,195,286
11/12/2015,RYN,AZ,AWP,WE,Federal Contract Tower,0,0,4,0,4,0,0,146,11,157,0,0,150,11,161,168,86,254,415
11/13/2015,RYN,AZ,AWP,WE,Federal Contract Tower,0,0,4,0,4,0,0,191,5,196,0,0,195,5,200,222,30,252,452
11/14/2015,RYN,AZ,AWP,WE,Federal Contract Tower,0,0,1,0,1,0,0,176,0,176,0,0,177,0,177,154,0,154,331
11/15/2015,RYN,AZ,AWP,WE,Federal Contract Tower,0,0,5,0,5,0,0,72,0,72,0,0,77,0,77,122,0,122,199
11/16/2015,RYN,AZ,AWP,WE,Federal Contract Tower,0,0,1,0,1,0,0,23,4,27,0,0,24,4,28,32,14,46,74
11/17/2015,RYN,AZ,AWP,WE,Federal Contract Tower,0,0,4,0,4,0,0,111,12,123,0,0,115,12,127,180,92,272,399
11/18/2015,RYN,AZ,AWP,WE,Federal Contract Tower,0,0,2,0,2,0,0,106,4,110,0,0,108,4,112,220,66,286,398
11/19/2015,RYN,AZ,AWP,WE,Federal Contract Tower,0,0,1,0,1,0,0,92,8,100,0,0,93,8,101,172,80,252,353
11/20/2015,RYN,AZ,AWP,WE,Federal Contract Tower,0,0,6,0,6,0,0,97,6,103,0,0,103,6,109,218,62,280,389
11/21/2015,RYN,AZ,AWP,WE,Federal Contract Tower,0,0,0,0,0,0,0,121,0,121,0,0,121,0,121,136,0,136,257
11/22/2015,RYN,AZ,AWP,WE,Federal Contract Tower,0,0,4,0,4,0,0,138,0,138,0,0,142,0,142,196,0,196,338
11/23/2015,RYN,AZ,AWP,WE,Federal Contract Tower,0,0,2,0,2,0,0,79,4,83,0,0,81,4,85,96,2,98,183
11/24/2015,RYN,AZ,AWP,WE,Federal Contract Tower,0,0,5,0,5,0,0,157,10,167,0,0,162,10,172,250,36,286,458
11/25/2015,RYN,AZ,AWP,WE,Federal Contract Tower,0,0,0,0,0,0,0,53,6,59,0,0,53,6,59,66,36,102,161
11/26/2015,RYN,AZ,AWP,WE,Federal Contract Tower,0,0,1,0,1,0,0,14,0,14,0,0,15,0,15,8,0,8,23
11/27/2015,RYN,AZ,AWP,WE,Federal Contract Tower,0,0,2,0,2,0,0,44,0,44,0,0,46,0,46,68,0,68,114
11/28/2015,RYN,AZ,AWP,WE,Federal Contract Tower,0,0,4,0,4,0,0,150,10,160,0,0,154,10,164,182,42,224,388
11/29/2015,RYN,AZ,AWP,WE,Federal Contract Tower,0,0,3,0,3,0,0,95,0,95,0,0,98,0,98,140,0,140,238
11/30/2015,RYN,AZ,AWP,WE,Federal Contract Tower,0,0,3,0,3,0,0,151,8,159,0,0,154,8,162,116,58,174,336
12/01/2015,RYN,AZ,AWP,WE,Federal Contract Tower,0,0,7,0,7,0,0,121,14,135,0,0,128,14,142,178,86,264,406
12/02/2015,RYN,AZ,AWP,WE,Federal Contract Tower,0,0,0,0,0,0,0,132,4,136,0,0,132,4,136,188,22,210,346
12/03/2015,RYN,AZ,AWP,WE,Federal Contract Tower,0,0,1,0,1,0,0,74,3,77,0,0,75,3,78,154,30,184,262
12/04/2015,RYN,AZ,AWP,WE,Federal Contract Tower,0,0,0,0,0,0,0,116,0,116,0,0,116,0,116,212,0,212,328
12/05/2015,RYN,AZ,AWP,WE,Federal Contract Tower,0,0,4,4,8,0,0,277,0,277,0,0,281,4,285,322,4,326,611
12/06/2015,RYN,AZ,AWP,WE,Federal Contract Tower,0,0,3,0,3,0,0,137,0,137,0,0,140,0,140,174,0,174,314
12/07/2015,RYN,AZ,AWP,WE,Federal Contract Tower,0,0,4,0,4,0,0,101,10,111,0,0,105,10,115,152,18,170,285
12/08/2015,RYN,AZ,AWP,WE,Federal Contract Tower,0,0,2,0,2,0,0,139,2,141,0,0,141,2,143,184,18,202,345
12/09/2015,RYN,AZ,AWP,WE,Federal Contract Tower,0,0,3,0,3,0,0,103,2,105,0,0,106,2,108,232,12,244,352
12/10/2015,RYN,AZ,AWP,WE,Federal Contract Tower,0,0,0,0,0,0,0,94,0,94,0,0,94,0,94,188,0,188,282
12/11/2015,RYN,AZ,AWP,WE,Federal Contract Tower,0,0,2,0,2,0,0,29,2,31,0,0,31,2,33,38,18,56,89
12/12/2015,RYN,AZ,AWP,WE,Federal Contract Tower,0,0,3,0,3,0,0,128,0,128,0,0,131,0,131,158,0,158,289
12/13/2015,RYN,AZ,AWP,WE,Federal Contract Tower,0,0,3,0,3,0,0,125,2,127,0,0,128,2,130,144,0,144,274
12/14/2015,RYN,AZ,AWP,WE,Federal Contract Tower,0,0,1,0,1,0,0,2,8,10,0,0,3,8,11,8,12,20,31
12/15/2015,RYN,AZ,AWP,WE,Federal Contract Tower,0,0,0,0,0,0,0,120,0,120,0,0,120,0,120,190,0,190,310
12/16/2015,RYN,AZ,AWP,WE,Federal Contract Tower,0,0,5,0,5,0,0,154,12,166,0,0,159,12,171,208,34,242,413
12/17/2015,RYN,AZ,AWP,WE,Federal Contract Tower,0,0,1,0,1,0,0,161,0,161,0,0,162,0,162,238,0,238,400
12/18/2015,RYN,AZ,AWP,WE,Federal Contract Tower,0,0,0,0,0,0,0,163,4,167,0,0,163,4,167,178,0,178,345
12/19/2015,RYN,AZ,AWP,WE,Federal Contract Tower,0,0,3,0,3,0,0,0,0,0,0,0,3,0,3,146,0,146,149
12/20/2015,RYN,AZ,AWP,WE,Federal Contract Tower,0,0,0,0,0,0,0,169,8,177,0,0,169,8,177,166,0,166,343
12/21/2015,RYN,AZ,AWP,WE,Federal Contract Tower,0,0,1,0,1,0,0,113,0,113,0,0,114,0,114,200,0,200,314
12/22/2015,RYN,AZ,AWP,WE,Federal Contract Tower,0,0,0,0,0,0,0,78,6,84,0,0,78,6,84,142,10,152,236
12/23/2015,RYN,AZ,AWP,WE,Federal Contract Tower,0,0,2,0,2,0,0,47,1,48,0,0,49,1,50,102,10,112,162
12/24/2015,RYN,AZ,AWP,WE,Federal Contract Tower,0,0,3,0,3,0,0,44,0,44,0,0,47,0,47,64,0,64,111
12/25/2015,RYN,AZ,AWP,WE,Federal Contract Tower,0,0,0,0,0,0,0,12,0,12,0,0,12,0,12,0,0,0,12
12/26/2015,RYN,AZ,AWP,WE,Federal Contract Tower,0,0,1,0,1,0,0,77,2,79,0,0,78,2,80,118,12,130,210
12/27/2015,RYN,AZ,AWP,WE,Federal Contract Tower,0,0,0,0,0,0,0,129,2,131,0,0,129,2,131,124,0,124,255
12/28/2015,RYN,AZ,AWP,WE,Federal Contract Tower,0,0,3,0,3,0,0,102,2,104,0,0,105,2,107,120,0,120,227
12/29/2015,RYN,AZ,AWP,WE,Federal Contract Tower,0,0,4,0,4,0,0,109,0,109,0,0,113,0,113,156,0,156,269
12/30/2015,RYN,AZ,AWP,WE,Federal Contract Tower,0,0,3,0,3,0,0,136,0,136,0,0,139,0,139,172,0,172,311
12/31/2015,RYN,AZ,AWP,WE,Federal Contract Tower,0,0,0,0,0,0,0,87,0,87,0,0,87,0,87,182,0,182,269
01/01/2016,RYN,AZ,AWP,WE,Federal Contract Tower,0,0,0,0,0,0,0,32,2,34,0,0,32,2,34,64,0,64,98
01/02/2016,RYN,AZ,AWP,WE,Federal Contract Tower,0,0,3,0,3,0,0,99,0,99,0,0,102,0,102,154,0,154,256
01/03/2016,RYN,AZ,AWP,WE,Federal Contract Tower,0,0,3,0,3,0,0,126,0,126,0,0,129,0,129,230,0,230,359
01/04/2016,RYN,AZ,AWP,WE,Federal Contract Tower,0,0,3,0,3,0,0,6,0,6,0,0,9,0,9,8,0,8,17
01/05/2016,RYN,AZ,AWP,WE,Federal Contract Tower,0,0,2,0,2,0,0,73,20,93,0,0,75,20,95,136,52,188,283
01/06/2016,RYN,AZ,AWP,WE,Federal Contract Tower,0,0,3,0,3,0,0,46,12,58,0,0,49,12,61,152,74,226,287
01/07/2016,RYN,AZ,AWP,WE,Federal Contract Tower,0,0,2,0,2,0,0,25,0,25,0,0,27,0,27,30,0,30,57
01/08/2016,RYN,AZ,AWP,WE,Federal Contract Tower,0,0,0,0,0,0,0,69,0,69,0,0,69,0,69,100,0,100,169
01/09/2016,RYN,AZ,AWP,WE,Federal Contract Tower,0,0,1,0,1,0,0,208,10,218,0,0,209,10,219,280,14,294,513
01/10/2016,RYN,AZ,AWP,WE,Federal Contract Tower,0,0,0,0,0,0,0,113,0,113,0,0,113,0,113,178,0,178,291
01/11/2016,RYN,AZ,AWP,WE,Federal Contract Tower,0,0,3,0,3,0,0,107,16,123,0,0,110,16,126,212,116,328,454
01/12/2016,RYN,AZ,AWP,WE,Federal Contract Tower,0,0,1,0,1,0,0,107,4,111,0,0,108,4,112,216,20,236,348
01/13/2016,RYN,AZ,AWP,WE,Federal Contract Tower,0,0,1,0,1,0,0,118,0,118,0,0,119,0,119,231,0,231,350
01/14/2016,RYN,AZ,AWP,WE,Federal Contract Tower,0,0,0,0,0,0,0,84,15,99,0,0,84,15,99,136,128,264,363
01/15/2016,RYN,AZ,AWP,WE,Federal Contract Tower,0,0,3,0,3,0,0,94,4,98,0,0,97,4,101,170,8,178,279
01/16/2016,RYN,AZ,AWP,WE,Federal Contract Tower,0,0,2,0,2,0,0,228,0,228,0,0,230,0,230,254,0,254,484
01/17/2016,RYN,AZ,AWP,WE,Federal Contract Tower,0,0,2,0,2,0,0,117,2,119,0,0,119,2,121,166,10,176,297
01/18/2016,RYN,AZ,AWP,WE,Federal Contract Tower,0,0,2,0,2,0,0,120,4,124,0,0,122,4,126,172,22,194,320
01/19/2016,RYN,AZ,AWP,WE,Federal Contract Tower,0,0,1,0,1,0,0,118,7,125,0,0,119,7,126,190,94,284,410
01/20/2016,RYN,AZ,AWP,WE,Federal Contract Tower,0,0,0,0,0,0,0,103,8,111,0,0,103,8,111,212,60,272,383
01/21/2016,RYN,AZ,AWP,WE,Federal Contract Tower,0,0,0,0,0,0,0,94,9,103,0,0,94,9,103,122,76,198,301
01/22/2016,RYN,AZ,AWP,WE,Federal Contract Tower,0,0,2,0,2,0,0,131,0,131,0,0,133,0,133,182,0,182,315
01/23/2016,RYN,AZ,AWP,WE,Federal Contract Tower,0,0,0,0,0,0,0,175,0,175,0,0,175,0,175,248,0,248,423
01/24/2016,RYN,AZ,AWP,WE,Federal Contract Tower,0,0,0,0,0,0,0,150,2,152,0,0,150,2,152,194,0,194,346
01/25/2016,RYN,AZ,AWP,WE,Federal Contract Tower,0,0,5,0,5,0,0,75,13,88,0,0,80,13,93,186,44,230,323
01/26/2016,RYN,AZ,AWP,WE,Federal Contract Tower,0,0,2,0,2,0,0,92,22,114,0,0,94,22,116,156,128,284,400
01/27/2016,RYN,AZ,AWP,WE,Federal Contract Tower,0,0,1,0,1,0,0,62,11,73,0,0,63,11,74,174,60,234,308
01/28/2016,RYN,AZ,AWP,WE,Federal Contract Tower,0,0,9,0,9,0,0,107,1,108,0,0,116,1,117,250,10,260,377
01/29/2016,RYN,AZ,AWP,WE,Federal Contract Tower,0,0,3,1,4,0,0,96,12,108,0,0,99,13,112,172,36,208,320
01/30/2016,RYN,AZ,AWP,WE,Federal Contract Tower,0,0,3,0,3,0,0,185,0,185,0,0,188,0,188,190,0,190,378
01/31/2016,RYN,AZ,AWP,WE,Federal Contract Tower,0,0,1,0,1,0,0,93,0,93,0,0,94,0,94,94,0,94,188
02/01/2016,RYN,AZ,AWP,WE,Federal Contract Tower,0,0,2,4,6,0,0,4,4,8,0,0,6,8,14,24,0,24,38
02/02/2016,RYN,AZ,AWP,WE,Federal Contract Tower,0,0,2,0,2,0,0,77,16,93,0,0,79,16,95,154,60,214,309
02/03/2016,RYN,AZ,AWP,WE,Federal Contract Tower,0,0,3,0,3,0,0,98,25,123,0,0,101,25,126,211,104,315,441
02/04/2016,RYN,AZ,AWP,WE,Federal Contract Tower,0,0,2,0,2,0,0,90,10,100,0,0,92,10,102,176,110,286,388
02/05/2016,RYN,AZ,AWP,WE,Federal Contract Tower,0,0,10,0,10,0,0,84,4,88,0,0,94,4,98,184,22,206,304
02/06/2016,RYN,AZ,AWP,WE,Federal Contract Tower,0,0,1,0,1,0,0,132,2,134,0,0,133,2,135,146,0,146,281
02/07/2016,RYN,AZ,AWP,WE,Federal Contract Tower,0,0,0,0,0,0,0,139,0,139,0,0,139,0,139,148,0,148,287
02/08/2016,RYN,AZ,AWP,WE,Federal Contract Tower,0,0,1,0,1,0,0,76,5,81,0,0,77,5,82,82,30,112,194
02/09/2016,RYN,AZ,AWP,WE,Federal Contract Tower,0,0,2,0,2,0,0,109,28,137,0,0,111,28,139,182,160,342,481
02/10/2016,RYN,AZ,AWP,WE,Federal Contract Tower,0,0,2,0,2,0,0,151,10,161,0,0,153,10,163,270,60,330,493
02/11/2016,RYN,AZ,AWP,WE,Federal Contract Tower,0,0,5,0,5,0,0,130,7,137,0,0,135,7,142,212,52,264,406
02/12/2016,RYN,AZ,AWP,WE,Federal Contract Tower,0,0,3,0,3,0,0,117,18,135,0,0,120,18,138,214,70,284,422
02/13/2016,RYN,AZ,AWP,WE,Federal Contract Tower,0,0,2,0,2,0,0,189,0,189,0,0,191,0,191,182,0,182,373
02/14/2016,RYN,AZ,AWP,WE,Federal Contract Tower,0,0,2,0,2,0,0,160,2,162,0,0,162,2,164,152,6,158,322
02/15/2016,RYN,AZ,AWP,WE,Federal Contract Tower,0,0,0,0,0,0,0,95,12,107,0,0,95,12,107,158,22,180,287
02/16/2016,RYN,AZ,AWP,WE,Federal Contract Tower,0,0,5,0,5,0,0,122,4,126,0,0,127,4,131,206,34,240,371
02/17/2016,RYN,AZ,AWP,WE,Federal Contract Tower,0,0,2,0,2,0,0,87,24,111,0,0,89,24,113,180,88,268,381
02/18/2016,RYN,AZ,AWP,WE,Federal Contract Tower,0,0,2,0,2,0,0,130,26,156,0,0,132,26,158,218,90,308,466
02/19/2016,RYN,AZ,AWP,WE,Federal Contract Tower,0,0,6,0,6,0,0,186,14,200,0,0,192,14,206,244,48,292,498
02/20/2016,RYN,AZ,AWP,WE,Federal Contract Tower,0,0,0,0,0,0,0,175,0,175,0,0,175,0,175,228,0,228,403
02/21/2016,RYN,AZ,AWP,WE,Federal Contract Tower,0,0,2,0,2,0,0,157,2,159,0,0,159,2,161,220,10,230,391
02/22/2016,RYN,AZ,AWP,WE,Federal Contract Tower,0,0,6,0,6,0,0,150,8,158,0,0,156,8,164,150,46,196,360
02/23/2016,RYN,AZ,AWP,WE,Federal Contract Tower,0,0,3,0,3,0,0,106,24,130,0,0,109,24,133,134,84,218,351
02/24/2016,RYN,AZ,AWP,WE,Federal Contract Tower,0,0,5,0,5,0,0,49,8,57,0,0,54,8,62,78,62,140,202
02/25/2016,RYN,AZ,AWP,WE,Federal Contract Tower,0,0,2,0,2,0,0,140,22,162,0,0,142,22,164,174,160,334,498
02/26/2016,RYN,AZ,AWP,WE,Federal Contract Tower,0,0,1,0,1,0,0,110,4,114,0,0,111,4,115,158,16,174,289
02/27/2016,RYN,AZ,AWP,WE,Federal Contract Tower,0,0,0,0,0,0,0,156,4,160,0,0,156,4,160,136,0,136,296
02/28/2016,RYN,AZ,AWP,WE,Federal Contract Tower,0,0,5,0,5,0,0,143,2,145,0,0,148,2,150,152,8,160,310
02/29/2016,RYN,AZ,AWP,WE,Federal Contract Tower,0,0,2,0,2,0,0,149,6,155,0,0,151,6,157,168,54,222,379
03/01/2016,RYN,AZ,AWP,WE,Federal Contract Tower,0,0,0,0,0,0,0,91,24,115,0,0,91,24,115,108,92,200,315
03/02/2016,RYN,AZ,AWP,WE,Federal Contract Tower,0,0,1,0,1,0,0,117,0,117,0,0,118,0,118,174,0,174,292
03/03/2016,RYN,AZ,AWP,WE,Federal Contract Tower,0,0,3,0,3,0,0,151,5,156,0,0,154,5,159,162,38,200,359
03/04/2016,RYN,AZ,AWP,WE,Federal Contract Tower,0,0,3,0,3,0,0,142,1,143,0,0,145,1,146,148,2,150,296
03/05/2016,RYN,AZ,AWP,WE,Federal Contract Tower,0,0,0,0,0,0,0,158,0,158,0,0,158,0,158,204,0,204,362
03/06/2016,RYN,AZ,AWP,WE,Federal Contract Tower,0,0,1,0,1,0,0,131,0,131,0,0,132,0,132,104,0,104,236
03/07/2016,RYN,AZ,AWP,WE,Federal Contract Tower,0,0,2,0,2,0,0,82,14,96,0,0,84,14,98,104,84,188,286
03/08/2016,RYN,AZ,AWP,WE,Federal Contract Tower,0,0,0,0,0,0,0,91,14,105,0,0,91,14,105,172,88,260,365
03/09/2016,RYN,AZ,AWP,WE,Federal Contract Tower,0,0,2,0,2,0,0,145,12,157,0,0,147,12,159,174,104,278,437
03/10/2016,RYN,AZ,AWP,WE,Federal Contract Tower,0,0,2,0,2,0,0,157,4,161,0,0,159,4,163,182,56,238,401
03/11/2016,RYN,AZ,AWP,WE,Federal Contract Tower,0,0,1,0,1,0,0,90,20,110,0,0,91,20,111,76,84,160,271
03/12/2016,RYN,AZ,AWP,WE,Federal Contract Tower,0,0,1,0,1,0,0,122,10,132,0,0,123,10,133,144,0,144,277
03/13/2016,RYN,AZ,AWP,WE,Federal Contract Tower,0,0,1,0,1,0,0,118,0,118,0,0,119,0,119,200,0,200,319
03/14/2016,RYN,AZ,AWP,WE,Federal Contract Tower,0,0,0,0,0,0,0,96,23,119,0,0,96,23,119,102,72,174,293
03/15/2016,RYN,AZ,AWP,WE,Federal Contract Tower,0,0,5,0,5,0,0,108,34,142,0,0,113,34,147,108,138,246,393
03/16/2016,RYN,AZ,AWP,WE,Federal Contract Tower,0,0,1,0,1,0,0,107,7,114,0,0,108,7,115,190,62,252,367
03/17/2016,RYN,AZ,AWP,WE,Federal Contract Tower,0,0,0,0,0,0,0,101,11,112,0,0,101,11,112,214,80,294,406
03/18/2016,RYN,AZ,AWP,WE,Federal Contract Tower,0,0,2,0,2,0,0,120,14,134,0,0,122,14,136,190,0,190,326
03/19/2016,RYN,AZ,AWP,WE,Federal Contract Tower,0,0,1,0,1,0,0,166,0,166,0,0,167,0,167,138,0,138,305
03/20/2016,RYN,AZ,AWP,WE,Federal Contract Tower,0,0,1,0,1,0,0,155,0,155,0,0,156,0,156,146,0,146,302
03/21/2016,RYN,AZ,AWP,WE,Federal Contract Tower,0,0,0,0,0,0,0,125,6,131,0,0,125,6,131,128,22,150,281
03/22/2016,RYN,AZ,AWP,WE,Federal Contract Tower,0,0,2,0,2,0,0,65,4,69,0,0,67,4,71,60,2,62,133
03/23/2016,RYN,AZ,AWP,WE,Federal Contract Tower,0,0,1,0,1,0,0,45,13,58,0,0,46,13,59,70,16,86,145
03/24/2016,RYN,AZ,AWP,WE,Federal Contract Tower,0,0,6,0,6,0,0,132,0,132,0,0,138,0,138,204,0,204,342
03/25/2016,RYN,AZ,AWP,WE,Federal Contract Tower,0,0,5,0,5,0,0,97,0,97,0,0,102,0,102,124,0,124,226
03/26/2016,RYN,AZ,AWP,WE,Federal Contract Tower,0,0,4,0,4,0,0,138,2,140,0,0,142,2,144,182,18,200,344
03/27/2016,RYN,AZ,AWP,WE,Federal Contract Tower,0,0,0,0,0,0,0,125,0,125,0,0,125,0,125,104,0,104,229
03/28/2016,RYN,AZ,AWP,WE,Federal Contract Tower,0,0,7,0,7,0,0,89,6,95,0,0,96,6,102,94,22,116,218
03/29/2016,RYN,AZ,AWP,WE,Federal Contract Tower,0,0,4,0,4,0,0,14,6,20,0,0,18,6,24,20,14,34,58
03/30/2016,RYN,AZ,AWP,WE,Federal Contract Tower,0,0,1,0,1,0,0,97,4,101,0,0,98,4,102,141,4,145,247
03/31/2016,RYN,AZ,AWP,WE,Federal Contract Tower,0,0,4,0,4,0,0,88,2,90,0,0,92,2,94,238,16,254,348
04/01/2016,RYN,AZ,AWP,WE,Federal Contract Tower,0,0,3,0,3,0,0,92,1,93,0,0,95,1,96,230,14,244,340
04/02/2016,RYN,AZ,AWP,WE,Federal Contract Tower,0,0,2,0,2,0,0,119,0,119,0,0,121,0,121,164,0,164,285
04/03/2016,RYN,AZ,AWP,WE,Federal Contract Tower,0,0,2,0,2,0,0,126,0,126,0,0,128,0,128,196,0,196,324
04/04/2016,RYN,AZ,AWP,WE,Federal Contract Tower,0,0,2,0,2,0,0,122,28,150,0,0,124,28,152,136,166,302,454
04/05/2016,RYN,AZ,AWP,WE,Federal Contract Tower,0,0,2,0,2,0,0,103,22,125,0,0,105,22,127,222,142,364,491
04/06/2016,RYN,AZ,AWP,WE,Federal Contract Tower,0,0,6,0,6,0,0,111,10,121,0,0,117,10,127,234,82,316,443
04/07/2016,RYN,AZ,AWP,WE,Federal Contract Tower,0,0,2,0,2,0,0,74,22,96,0,0,76,22,98,166,150,316,414
04/08/2016,RYN,AZ,AWP,WE,Federal Contract Tower,0,0,5,0,5,0,0,68,0,68,0,0,73,0,73,124,0,124,197
04/09/2016,RYN,AZ,AWP,WE,Federal Contract Tower,0,0,4,0,4,0,0,132,0,132,0,0,136,0,136,144,0,144,280
04/10/2016,RYN,AZ,AWP,WE,Federal Contract Tower,0,0,1,0,1,0,0,36,2,38,0,0,37,2,39,28,8,36,75
04/11/2016,RYN,AZ,AWP,WE,Federal Contract Tower,0,0,6,0,6,0,0,132,14,146,0,0,138,14,152,94,110,204,356
04/12/2016,RYN,AZ,AWP,WE,Federal Contract Tower,0,0,2,0,2,0,0,122,4,126,0,0,124,4,128,190,44,234,362
04/13/2016,RYN,AZ,AWP,WE,Federal Contract Tower,0,0,3,0,3,0,0,92,22,114,0,0,95,22,117,156,114,270,387
04/14/2016,RYN,AZ,AWP,WE,Federal Contract Tower,0,0,6,0,6,0,0,134,15,149,0,0,140,15,155,208,112,320,475
04/15/2016,RYN,AZ,AWP,WE,Federal Contract Tower,0,0,3,0,3,0,0,43,4,47,0,0,46,4,50,68,38,106,156
04/16/2016,RYN,AZ,AWP,WE,Federal Contract Tower,0,0,0,0,0,0,0,148,0,148,0,0,148,0,148,136,0,136,284
04/17/2016,RYN,AZ,AWP,WE,Federal Contract Tower,0,0,6,0,6,0,0,91,0,91,0,0,97,0,97,84,0,84,181
04/18/2016,RYN,AZ,AWP,WE,Federal Contract Tower,0,0,4,0,4,0,0,128,14,142,0,0,132,14,146,160,116,276,422
04/19/2016,RYN,AZ,AWP,WE,Federal Contract Tower,0,0,5,0,5,0,0,106,20,126,0,0,111,20,131,108,138,246,377
04/20/2016,RYN,AZ,AWP,WE,Federal Contract Tower,0,0,3,0,3,0,0,58,3,61,0,0,61,3,64,160,20,180,244
04/21/2016,RYN,AZ,AWP,WE,Federal Contract Tower,0,0,0,0,0,0,0,82,10,92,0,0,82,10,92,180,72,252,344
04/22/2016,RYN,AZ,AWP,WE,Federal Contract Tower,0,0,6,0,6,0,0,78,8,86,0,0,84,8,92,174,24,198,290
04/23/2016,RYN,AZ,AWP,WE,Federal Contract Tower,0,0,2,0,2,0,0,109,0,109,0,0,111,0,111,206,0,206,317
04/24/2016,RYN,AZ,AWP,WE,Federal Contract Tower,0,0,1,0,1,0,0,133,7,140,0,0,134,7,141,180,30,210,351
04/25/2016,RYN,AZ,AWP,WE,Federal Contract Tower,0,0,2,0,2,0,0,33,4,37,0,0,35,4,39,38,20,58,97
04/26/2016,RYN,AZ,AWP,WE,Federal Contract Tower,0,0,6,0,6,0,0,73,12,85,0,0,79,12,91,140,76,216,307
04/27/2016,RYN,AZ,AWP,WE,Federal Contract Tower,0,0,1,0,1,0,0,107,8,115,0,0,108,8,116,126,58,184,300
04/28/2016,RYN,AZ,AWP,WE,Federal Contract Tower,0,0,5,0,5,0,0,56,10,66,0,0,61,10,71,100,58,158,229
04/29/2016,RYN,AZ,AWP,WE,Federal Contract Tower,0,0,1,0,1,0,0,101,10,111,0,0,102,10,112,168,38,206,318
04/30/2016,RYN,AZ,AWP,WE,Federal Contract Tower,0,0,0,0,0,0,0,132,0,132,0,0,132,0,132,128,0,128,260
05/01/2016,RYN,AZ,AWP,WE,Federal Contract Tower,0,0,0,0,0,0,0,110,0,110,0,0,110,0,110,146,0,146,256
05/02/2016,RYN,AZ,AWP,WE,Federal Contract Tower,0,0,2,0,2,0,0,141,40,181,0,0,143,40,183,164,70,234,417
05/03/2016,RYN,AZ,AWP,WE,Federal Contract Tower,0,0,1,0,1,0,0,146,14,160,0,0,147,14,161,256,16,272,433
05/04/2016,RYN,AZ,AWP,WE,Federal Contract Tower,0,0,3,0,3,0,0,110,26,136,0,0,113,26,139,202,70,272,411
05/05/2016,RYN,AZ,AWP,WE,Federal Contract Tower,0,0,0,0,0,0,0,114,21,135,0,0,114,21,135,92,166,258,393
05/06/2016,RYN,AZ,AWP,WE,Federal Contract Tower,0,0,2,0,2,0,0,40,0,40,0,0,42,0,42,82,0,82,124
05/07/2016,RYN,AZ,AWP,WE,Federal Contract Tower,0,0,0,0,0,0,0,191,0,191,0,0,191,0,191,196,0,196,387
05/08/2016,RYN,AZ,AWP,WE,Federal Contract Tower,0,0,3,0,3,0,0,140,0,140,0,0,143,0,143,160,0,160,303
05/09/2016,RYN,AZ,AWP,WE,Federal Contract Tower,0,0,0,0,0,0,0,119,18,137,0,0,119,18,137,126,74,200,337
05/10/2016,RYN,AZ,AWP,WE,Federal Contract Tower,0,0,0,0,0,0,0,181,20,201,0,0,181,20,201,182,90,272,473
05/11/2016,RYN,AZ,AWP,WE,Federal Contract Tower,0,0,5,0,5,0,0,104,7,111,0,0,109,7,116,182,66,248,364
05/12/2016,RYN,AZ,AWP,WE,Federal Contract Tower,0,0,1,0,1,0,0,155,7,162,0,0,156,7,163,168,60,228,391
05/13/2016,RYN,AZ,AWP,WE,Federal Contract Tower,0,0,0,0,0,0,0,86,8,94,0,0,86,8,94,138,32,170,264
05/14/2016,RYN,AZ,AWP,WE,Federal Contract Tower,0,0,0,0,0,0,0,132,0,132,0,0,132,0,132,142,0,142,274
05/15/2016,RYN,AZ,AWP,WE,Federal Contract Tower,0,0,0,0,0,0,0,64,2,66,0,0,64,2,66,52,0,52,118
05/16/2016,RYN,AZ,AWP,WE,Federal Contract Tower,0,0,2,0,2,0,0,100,12,112,0,0,102,12,114,98,64,162,276
05/17/2016,RYN,AZ,AWP,WE,Federal Contract Tower,0,0,4,0,4,0,0,79,14,93,0,0,83,14,97,118,108,226,323
05/18/2016,RYN,AZ,AWP,WE,Federal Contract Tower,0,0,2,0,2,0,0,89,10,99,0,0,91,10,101,170,46,216,317
05/19/2016,RYN,AZ,AWP,WE,Federal Contract Tower,0,0,4,0,4,0,0,131,16,147,0,0,135,16,151,142,86,228,379
05/20/2016,RYN,AZ,AWP,WE,Federal Contract Tower,0,0,0,0,0,0,0,71,16,87,0,0,71,16,87,126,38,164,251
05/21/2016,RYN,AZ,AWP,WE,Federal Contract Tower,0,0,1,0,1,0,0,114,2,116,0,0,115,2,117,114,0,114,231
05/22/2016,RYN,AZ,AWP,WE,Federal Contract Tower,0,0,2,0,2,0,0,148,2,150,0,0,150,2,152,166,6,172,324
05/23/2016,RYN,AZ,AWP,WE,Federal Contract Tower,0,0,3,0,3,0,0,124,10,134,0,0,127,10,137,142,68,210,347
05/24/2016,RYN,AZ,AWP,WE,Federal Contract Tower,0,0,3,0,3,0,0,96,10,106,0,0,99,10,109,68,84,152,261
05/25/2016,RYN,AZ,AWP,WE,Federal Contract Tower,0,0,1,0,1,0,0,59,2,61,0,0,60,2,62,130,50,180,242
05/26/2016,RYN,AZ,AWP,WE,Federal Contract Tower,0,0,5,0,5,0,0,128,2,130,0,0,133,2,135,212,12,224,359
05/27/2016,RYN,AZ,AWP,WE,Federal Contract Tower,0,0,3,0,3,0,0,97,28,125,0,0,100,28,128,132,112,244,372
05/28/2016,RYN,AZ,AWP,WE,Federal Contract Tower,0,0,6,0,6,0,0,125,0,125,0,0,131,0,131,178,0,178,309
05/29/2016,RYN,AZ,AWP,WE,Federal Contract Tower,0,0,0,0,0,0,0,96,7,103,0,0,96,7,103,124,34,158,261
05/30/2016,RYN,AZ,AWP,WE,Federal Contract Tower,0,0,1,0,1,0,0,100,0,100,0,0,101,0,101,108,0,108,209
05/31/2016,RYN,AZ,AWP,WE,Federal Contract Tower,0,0,1,0,1,0,0,89,34,123,0,0,90,34,124,170,180,350,474
06/01/2016,RYN,AZ,AWP,WE,Federal Contract Tower,0,0,2,0,2,0,0,69,19,88,0,0,71,19,90,190,84,274,364
06/02/2016,RYN,AZ,AWP,WE,Federal Contract Tower,0,0,5,0,5,0,0,85,3,88,0,0,90,3,93,142,6,148,241
06/03/2016,RYN,AZ,AWP,WE,Federal Contract Tower,0,0,3,0,3,0,0,68,1,69,0,0,71,1,72,100,6,106,178
06/04/2016,RYN,AZ,AWP,WE,Federal Contract Tower,0,0,0,0,0,0,0,89,0,89,0,0,89,0,89,118,0,118,207
06/05/2016,RYN,AZ,AWP,WE,Federal Contract Tower,0,0,2,0,2,0,0,110,2,112,0,0,112,2,114,88,0,88,202
06/06/2016,RYN,AZ,AWP,WE,Federal Contract Tower,0,0,1,0,1,0,0,64,8,72,0,0,65,8,73,44,52,96,169
06/07/2016,RYN,AZ,AWP,WE,Federal Contract Tower,0,0,3,2,5,0,0,73,8,81,0,0,76,10,86,122,36,158,244
06/08/2016,RYN,AZ,AWP,WE,Federal Contract Tower,0,0,2,0,2,0,0,64,2,66,0,0,66,2,68,100,28,128,196
06/09/2016,RYN,AZ,AWP,WE,Federal Contract Tower,0,0,7,0,7,0,0,97,2,99,0,0,104,2,106,130,34,164,270
06/10/2016,RYN,AZ,AWP,WE,Federal Contract Tower,0,0,1,0,1,0,0,55,7,62,0,0,56,7,63,98,22,120,183
06/11/2016,RYN,AZ,AWP,WE,Federal Contract Tower,0,0,1,0,1,0,0,90,0,90,0,0,91,0,91,194,0,194,285
06/12/2016,RYN,AZ,AWP,WE,Federal Contract Tower,0,0,2,0,2,0,0,124,0,124,0,0,126,0,126,148,0,148,274
06/13/2016,RYN,AZ,AWP,WE,Federal Contract Tower,0,0,4,1,5,0,0,108,8,116,0,0,112,9,121,168,20,188,309
06/14/2016,RYN,AZ,AWP,WE,Federal Contract Tower,0,0,2,0,2,0,0,153,10,163,0,0,155,10,165,148,32,180,345
06/15/2016,RYN,AZ,AWP,WE,Federal Contract Tower,0,0,4,0,4,0,0,109,16,125,0,0,113,16,129,176,38,214,343
06/16/2016,RYN,AZ,AWP,WE,Federal Contract Tower,0,0,3,0,3,0,0,159,0,159,0,0,162,0,162,200,0,200,362
06/17/2016,RYN,AZ,AWP,WE,Federal Contract Tower,0,0,6,0,6,0,0,64,0,64,0,0,70,0,70,126,0,126,196
06/18/2016,RYN,AZ,AWP,WE,Federal Contract Tower,0,0,2,0,2,0,0,111,4,115,0,0,113,4,117,166,0,166,283
06/19/2016,RYN,AZ,AWP,WE,Federal Contract Tower,0,0,1,0,1,0,0,64,0,64,0,0,65,0,65,86,0,86,151
06/20/2016,RYN,AZ,AWP,WE,Federal Contract Tower,0,0,7,0,7,0,0,79,4,83,0,0,86,4,90,104,0,104,194
06/21/2016,RYN,AZ,AWP,WE,Federal Contract Tower,0,0,1,0,1,0,0,73,4,77,0,0,74,4,78,130,6,136,214
06/22/2016,RYN,AZ,AWP,WE,Federal Contract Tower,0,0,2,0,2,0,0,94,0,94,0,0,96,0,96,196,0,196,292
06/23/2016,RYN,AZ,AWP,WE,Federal Contract Tower,0,0,1,0,1,0,0,86,3,89,0,0,87,3,90,156,88,244,334
06/24/2016,RYN,AZ,AWP,WE,Federal Contract Tower,0,0,0,0,0,0,0,49,0,49,0,0,49,0,49,74,0,74,123
06/25/2016,RYN,AZ,AWP,WE,Federal Contract Tower,0,0,0,0,0,0,0,95,0,95,0,0,95,0,95,92,0,92,187
06/26/2016,RYN,AZ,AWP,WE,Federal Contract Tower,0,0,1,0,1,0,0,121,0,121,0,0,122,0,122,152,0,152,274
06/27/2016,RYN,AZ,AWP,WE,Federal Contract Tower,0,0,6,0,6,0,0,80,2,82,0,0,86,2,88,116,62,178,266
06/28/2016,RYN,AZ,AWP,WE,Federal Contract Tower,0,0,8,0,8,0,0,98,12,110,0,0,106,12,118,228,78,306,424
06/29/2016,RYN,AZ,AWP,WE,Federal Contract Tower,0,0,3,0,3,0,0,86,2,88,0,0,89,2,91,116,38,154,245
06/30/2016,RYN,AZ,AWP,WE,Federal Contract Tower,0,0,1,0,1,0,0,82,9,91,0,0,83,9,92,118,114,232,324
07/01/2016,RYN,AZ,AWP,WE,Federal Contract Tower,0,0,2,0,2,0,0,43,0,43,0,0,45,0,45,90,0,90,135
07/02/2016,RYN,AZ,AWP,WE,Federal Contract Tower,0,0,0,0,0,0,0,147,0,147,0,0,147,0,147,192,0,192,339
07/03/2016,RYN,AZ,AWP,WE,Federal Contract Tower,0,0,3,0,3,0,0,129,0,129,0,0,132,0,132,128,0,128,260
07/04/2016,RYN,AZ,AWP,WE,Federal Contract Tower,0,0,1,0,1,0,0,51,0,51,0,0,52,0,52,58,0,58,110
07/05/2016,RYN,AZ,AWP,WE,Federal Contract Tower,0,0,4,0,4,0,0,71,6,77,0,0,75,6,81,126,76,202,283
07/06/2016,RYN,AZ,AWP,WE,Federal Contract Tower,0,0,3,0,3,0,0,103,25,128,0,0,106,25,131,106,70,176,307
07/07/2016,RYN,AZ,AWP,WE,Federal Contract Tower,0,0,2,0,2,0,0,108,10,118,0,0,110,10,120,148,114,262,382
07/08/2016,RYN,AZ,AWP,WE,Federal Contract Tower,0,0,0,0,0,0,0,79,1,80,0,0,79,1,80,142,30,172,252
07/09/2016,RYN,AZ,AWP,WE,Federal Contract Tower,0,0,4,0,4,0,0,96,2,98,0,0,100,2,102,160,0,160,262
07/10/2016,RYN,AZ,AWP,WE,Federal Contract Tower,0,0,6,0,6,0,0,116,0,116,0,0,122,0,122,142,0,142,264
07/11/2016,RYN,AZ,AWP,WE,Federal Contract Tower,0,0,0,0,0,0,0,60,8,68,0,0,60,8,68,154,12,166,234
07/12/2016,RYN,AZ,AWP,WE,Federal Contract Tower,0,0,1,0,1,0,0,78,8,86,0,0,79,8,87,130,80,210,297
07/13/2016,RYN,AZ,AWP,WE,Federal Contract Tower,0,0,1,0,1,0,0,84,9,93,0,0,85,9,94,150,58,208,302
07/14/2016,RYN,AZ,AWP,WE,Federal Contract Tower,0,0,3,3,6,0,0,96,3,99,0,0,99,6,105,188,76,264,369
07/15/2016,RYN,AZ,AWP,WE,Federal Contract Tower,0,0,5,0,5,0,0,94,4,98,0,0,99,4,103,128,16,144,247
07/16/2016,RYN,AZ,AWP,WE,Federal Contract Tower,0,0,2,0,2,0,0,82,0,82,0,0,84,0,84,88,0,88,172
07/17/2016,RYN,AZ,AWP,WE,Federal Contract Tower,0,0,0,0,0,0,0,110,4,114,0,0,110,4,114,160,12,172,286
07/18/2016,RYN,AZ,AWP,WE,Federal Contract Tower,0,0,2,0,2,0,0,97,22,119,0,0,99,22,121,128,70,198,319
07/19/2016,RYN,AZ,AWP,WE,Federal Contract Tower,0,0,0,0,0,0,0,105,23,128,0,0,105,23,128,132,74,206,334
07/20/2016,RYN,AZ,AWP,WE,Federal Contract Tower,0,0,4,0,4,0,0,84,8,92,0,0,88,8,96,156,34,190,286
07/21/2016,RYN,AZ,AWP,WE,Federal Contract Tower,0,0,4,0,4,0,0,95,6,101,0,0,99,6,105,144,90,234,339
07/22/2016,RYN,AZ,AWP,WE,Federal Contract Tower,0,0,3,0,3,0,0,70,3,73,0,0,73,3,76,118,24,142,218
07/23/2016,RYN,AZ,AWP,WE,Federal Contract Tower,0,0,0,0,0,0,0,100,2,102,0,0,100,2,102,146,0,146,248
07/24/2016,RYN,AZ,AWP,WE,Federal Contract Tower,0,0,1,0,1,0,0,93,0,93,0,0,94,0,94,114,0,114,208
07/25/2016,RYN,AZ,AWP,WE,Federal Contract Tower,0,0,4,0,4,0,0,125,2,127,0,0,129,2,131,138,32,170,301
07/26/2016,RYN,AZ,AWP,WE,Federal Contract Tower,0,0,6,0,6,0,0,106,12,118,0,0,112,12,124,168,40,208,332
07/27/2016,RYN,AZ,AWP,WE,Federal Contract Tower,0,0,2,0,2,0,0,79,6,85,0,0,81,6,87,164,64,228,315
07/28/2016,RYN,AZ,AWP,WE,Federal Contract Tower,0,0,1,0,1,0,0,141,6,147,0,0,142,6,148,190,76,266,414
07/29/2016,RYN,AZ,AWP,WE,Federal Contract Tower,0,0,2,0,2,0,0,74,4,78,0,0,76,4,80,142,56,198,278
07/30/2016,RYN,AZ,AWP,WE,Federal Contract Tower,0,0,3,0,3,0,0,141,0,141,0,0,144,0,144,176,0,176,320
07/31/2016,RYN,AZ,AWP,WE,Federal Contract Tower,0,0,3,0,3,0,0,61,0,61,0,0,64,0,64,138,0,138,202
08/01/2016,RYN,AZ,AWP,WE,Federal Contract Tower,0,0,2,0,2,0,0,94,4,98,0,0,96,4,100,128,30,158,258
08/02/2016,RYN,AZ,AWP,WE,Federal Contract Tower,0,0,0,0,0,0,0,22,0,22,0,0,22,0,22,24,0,24,46
08/03/2016,RYN,AZ,AWP,WE,Federal Contract Tower,0,0,10,0,10,0,0,46,0,46,0,0,56,0,56,116,0,116,172
08/04/2016,RYN,AZ,AWP,WE,Federal Contract Tower,0,0,4,0,4,0,0,135,2,137,0,0,139,2,141,148,14,162,303
08/05/2016,RYN,AZ,AWP,WE,Federal Contract Tower,0,0,7,0,7,0,0,71,6,77,0,0,78,6,84,146,58,204,288
08/06/2016,RYN,AZ,AWP,WE,Federal Contract Tower,0,0,6,0,6,0,0,127,4,131,0,0,133,4,137,246,16,262,399
08/07/2016,RYN,AZ,AWP,WE,Federal Contract Tower,0,0,7,0,7,0,0,109,2,111,0,0,116,2,118,134,0,134,252
08/08/2016,RYN,AZ,AWP,WE,Federal Contract Tower,0,0,0,1,1,0,0,89,18,107,0,0,89,19,108,162,138,300,408
08/09/2016,RYN,AZ,AWP,WE,Federal Contract Tower,0,0,2,0,2,0,0,40,2,42,0,0,42,2,44,64,26,90,134
08/10/2016,RYN,AZ,AWP,WE,Federal Contract Tower,0,0,7,0,7,0,0,74,1,75,0,0,81,1,82,125,2,127,209
08/11/2016,RYN,AZ,AWP,WE,Federal Contract Tower,0,0,5,0,5,0,0,59,10,69,0,0,64,10,74,130,84,214,288
08/12/2016,RYN,AZ,AWP,WE,Federal Contract Tower,0,0,9,0,9,0,0,81,13,94,0,0,90,13,103,128,90,218,321
08/13/2016,RYN,AZ,AWP,WE,Federal Contract Tower,0,0,0,0,0,0,0,118,0,118,0,0,118,0,118,152,0,152,270
08/14/2016,RYN,AZ,AWP,WE,Federal Contract Tower,0,0,1,0,1,0,0,105,0,105,0,0,106,0,106,120,0,120,226
08/15/2016,RYN,AZ,AWP,WE,Federal Contract Tower,0,0,4,0,4,0,0,112,10,122,0,0,116,10,126,186,84,270,396
08/16/2016,RYN,AZ,AWP,WE,Federal Contract Tower,0,0,3,0,3,0,0,134,4,138,0,0,137,4,141,186,78,264,405
08/17/2016,RYN,AZ,AWP,WE,Federal Contract Tower,0,0,7,0,7,0,0,92,10,102,0,0,99,10,109,130,64,194,303
08/18/2016,RYN,AZ,AWP,WE,Federal Contract Tower,0,0,1,0,1,0,0,77,26,103,0,0,78,26,104,128,96,224,328
08/19/2016,RYN,AZ,AWP,WE,Federal Contract Tower,0,0,5,0,5,0,0,80,14,94,0,0,85,14,99,174,48,222,321
08/20/2016,RYN,AZ,AWP,WE,Federal Contract Tower,0,0,1,0,1,0,0,126,0,126,0,0,127,0,127,164,0,164,291
08/21/2016,RYN,AZ,AWP,WE,Federal Contract Tower,0,0,1,0,1,0,0,114,0,114,0,0,115,0,115,144,0,144,259
08/22/2016,RYN,AZ,AWP,WE,Federal Contract Tower,0,0,0,0,0,0,0,141,18,159,0,0,141,18,159,122,162,284,443
08/23/2016,RYN,AZ,AWP,WE,Federal Contract Tower,0,0,6,0,6,0,0,144,35,179,0,0,150,35,185,154,182,336,521
08/24/2016,RYN,AZ,AWP,WE,Federal Contract Tower,0,0,3,0,3,0,0,123,7,130,0,0,126,7,133,176,106,282,415
08/25/2016,RYN,AZ,AWP,WE,Federal Contract Tower,0,0,2,0,2,0,0,81,10,91,0,0,83,10,93,118,62,180,273
08/26/2016,RYN,AZ,AWP,WE,Federal Contract Tower,0,0,2,0,2,0,0,76,4,80,0,0,78,4,82,118,8,126,208
08/27/2016,RYN,AZ,AWP,WE,Federal Contract Tower,0,0,5,0,5,0,0,127,4,131,0,0,132,4,136,198,0,198,334
08/28/2016,RYN,AZ,AWP,WE,Federal Contract Tower,0,0,0,0,0,0,0,104,2,106,0,0,104,2,106,132,6,138,244
08/29/2016,RYN,AZ,AWP,WE,Federal Contract Tower,0,0,6,0,6,0,0,137,19,156,0,0,143,19,162,150,132,282,444
08/30/2016,RYN,AZ,AWP,WE,Federal Contract Tower,0,0,4,0,4,0,0,91,6,97,0,0,95,6,101,150,68,218,319
08/31/2016,RYN,AZ,AWP,WE,Federal Contract Tower,0,0,6,0,6,0,0,52,3,55,0,0,58,3,61,70,60,130,191
09/01/2016,RYN,AZ,AWP,WE,Federal Contract Tower,0,0,1,0,1,0,0,83,10,93,0,0,84,10,94,146,74,220,314
09/02/2016,RYN,AZ,AWP,WE,Federal Contract Tower,0,0,11,0,11,0,0,87,1,88,0,0,98,1,99,158,12,170,269
09/03/2016,RYN,AZ,AWP,WE,Federal Contract Tower,0,0,0,0,0,0,0,95,0,95,0,0,95,0,95,148,0,148,243
09/04/2016,RYN,AZ,AWP,WE,Federal Contract Tower,0,0,2,0,2,0,0,101,0,101,0,0,103,0,103,128,0,128,231
09/05/2016,RYN,AZ,AWP,WE,Federal Contract Tower,0,0,0,0,0,0,0,148,4,152,0,0,148,4,152,172,4,176,328
09/06/2016,RYN,AZ,AWP,WE,Federal Contract Tower,0,0,6,0,6,0,0,112,4,116,0,0,118,4,122,124,62,186,308
09/07/2016,RYN,AZ,AWP,WE,Federal Contract Tower,0,0,15,0,15,0,0,38,0,38,0,0,53,0,53,22,0,22,75
09/08/2016,RYN,AZ,AWP,WE,Federal Contract Tower,0,0,10,0,10,0,0,121,4,125,0,0,131,4,135,190,42,232,367
09/09/2016,RYN,AZ,AWP,WE,Federal Contract Tower,0,0,3,0,3,0,0,146,4,150,0,0,149,4,153,146,54,200,353
09/10/2016,RYN,AZ,AWP,WE,Federal Contract Tower,0,0,1,0,1,0,0,152,0,152,0,0,153,0,153,206,0,206,359
09/11/2016,RYN,AZ,AWP,WE,Federal Contract Tower,0,0,6,0,6,0,0,149,2,151,0,0,155,2,157,180,4,184,341
09/12/2016,RYN,AZ,AWP,WE,Federal Contract Tower,0,0,7,0,7,0,0,142,8,150,0,0,149,8,157,114,54,168,325
09/13/2016,RYN,AZ,AWP,WE,Federal Contract Tower,0,0,1,0,1,0,0,73,18,91,0,0,74,18,92,80,36,116,208
09/14/2016,RYN,AZ,AWP,WE,Federal Contract Tower,0,0,4,0,4,0,0,124,14,138,0,0,128,14,142,270,42,312,454
09/15/2016,RYN,AZ,AWP,WE,Federal Contract Tower,0,0,4,0,4,0,0,75,0,75,0,0,79,0,79,140,0,140,219
09/16/2016,RYN,AZ,AWP,WE,Federal Contract Tower,0,0,6,0,6,0,0,155,2,157,0,0,161,2,163,206,0,206,369
09/17/2016,RYN,AZ,AWP,WE,Federal Contract Tower,0,0,5,0,5,0,0,144,0,144,0,0,149,0,149,180,0,180,329
09/18/2016,RYN,AZ,AWP,WE,Federal Contract Tower,0,0,0,0,0,0,0,134,0,134,0,0,134,0,134,154,0,154,288
09/19/2016,RYN,AZ,AWP,WE,Federal Contract Tower,0,0,2,0,2,0,0,141,7,148,0,0,143,7,150,180,78,258,408
09/20/2016,RYN,AZ,AWP,WE,Federal Contract Tower,0,0,8,0,8,0,0,89,11,100,0,0,97,11,108,116,152,268,376
09/21/2016,RYN,AZ,AWP,WE,Federal Contract Tower,0,0,4,0,4,0,0,95,7,102,0,0,99,7,106,114,60,174,280
09/22/2016,RYN,AZ,AWP,WE,Federal Contract Tower,0,0,2,0,2,0,0,96,4,100,0,0,98,4,102,142,84,226,328
09/23/2016,RYN,AZ,AWP,WE,Federal Contract Tower,0,0,7,0,7,0,0,68,12,80,0,0,75,12,87,110,74,184,271
09/24/2016,RYN,AZ,AWP,WE,Federal Contract Tower,0,0,11,0,11,0,0,110,3,113,0,0,121,3,124,162,0,162,286
09/25/2016,RYN,AZ,AWP,WE,Federal Contract Tower,0,0,3,0,3,0,0,136,2,138,0,0,139,2,141,130,0,130,271
09/26/2016,RYN,AZ,AWP,WE,Federal Contract Tower,0,0,3,0,3,0,0,77,7,84,0,0,80,7,87,86,20,106,193
09/27/2016,RYN,AZ,AWP,WE,Federal Contract Tower,0,0,3,0,3,0,0,22,15,37,0,0,25,15,40,6,138,144,184
09/28/2016,RYN,AZ,AWP,WE,Federal Contract Tower,0,0,2,0,2,0,0,91,4,95,0,0,93,4,97,218,24,242,339
09/29/2016,RYN,AZ,AWP,WE,Federal Contract Tower,0,0,3,0,3,0,0,110,4,114,0,0,113,4,117,142,18,160,277
09/30/2016,RYN,AZ,AWP,WE,Federal Contract Tower,0,0,1,0,1,0,0,136,0,136,0,0,137,0,137,168,0,168,305
10/01/2016,RYN,AZ,AWP,WE,Federal Contract Tower,0,0,2,0,2,0,0,148,0,148,0,0,150,0,150,134,0,134,284
10/02/2016,RYN,AZ,AWP,WE,Federal Contract Tower,0,0,0,0,0,0,0,87,0,87,0,0,87,0,87,136,0,136,223
10/03/2016,RYN,AZ,AWP,WE,Federal Contract Tower,0,0,4,0,4,0,0,93,9,102,0,0,97,9,106,88,136,224,330
10/04/2016,RYN,AZ,AWP,WE,Federal Contract Tower,0,0,2,0,2,0,0,77,18,95,0,0,79,18,97,208,62,270,367
10/05/2016,RYN,AZ,AWP,WE,Federal Contract Tower,0,0,6,0,6,0,0,89,6,95,0,0,95,6,101,224,32,256,357
10/06/2016,RYN,AZ,AWP,WE,Federal Contract Tower,0,0,3,0,3,0,0,111,0,111,0,0,114,0,114,212,0,212,326
10/07/2016,RYN,AZ,AWP,WE,Federal Contract Tower,0,0,0,0,0,0,0,87,0,87,0,0,87,0,87,96,0,96,183
10/08/2016,RYN,AZ,AWP,WE,Federal Contract Tower,0,0,2,0,2,0,0,82,0,82,0,0,84,0,84,132,0,132,216
10/09/2016,RYN,AZ,AWP,WE,Federal Contract Tower,0,0,7,0,7,0,0,116,2,118,0,0,123,2,125,152,0,152,277
10/10/2016,RYN,AZ,AWP,WE,Federal Contract Tower,0,0,5,0,5,0,0,160,0,160,0,0,165,0,165,216,0,216,381
10/11/2016,RYN,AZ,AWP,WE,Federal Contract Tower,0,0,7,0,7,0,0,116,16,132,0,0,123,16,139,260,122,382,521
10/12/2016,RYN,AZ,AWP,WE,Federal Contract Tower,0,0,8,0,8,0,0,111,3,114,0,0,119,3,122,222,44,266,388
10/13/2016,RYN,AZ,AWP,WE,Federal Contract Tower,0,0,2,0,2,0,0,116,13,129,0,0,118,13,131,198,128,326,457
10/14/2016,RYN,AZ,AWP,WE,Federal Contract Tower,0,0,2,0,2,0,0,90,0,90,0,0,92,0,92,148,0,148,240
10/15/2016,RYN,AZ,AWP,WE,Federal Contract Tower,0,0,2,0,2,0,0,139,0,139,0,0,141,0,141,105,0,105,246
10/16/2016,RYN,AZ,AWP,WE,Federal Contract Tower,0,0,1,0,1,0,0,87,0,87,0,0,88,0,88,126,0,126,214
10/17/2016,RYN,AZ,AWP,WE,Federal Contract Tower,0,0,3,0,3,0,0,104,2,106,0,0,107,2,109,250,18,268,377
10/18/2016,RYN,AZ,AWP,WE,Federal Contract Tower,0,0,8,0,8,0,0,107,4,111,0,0,115,4,119,170,0,170,289
10/19/2016,RYN,AZ,AWP,WE,Federal Contract Tower,0,0,0,0,0,0,0,85,1,86,0,0,85,1,86,196,4,200,286
10/20/2016,RYN,AZ,AWP,WE,Federal Contract Tower,0,0,3,0,3,0,0,90,8,98,0,0,93,8,101,148,62,210,311
10/21/2016,RYN,AZ,AWP,WE,Federal Contract Tower,0,0,7,0,7,0,0,63,4,67,0,0,70,4,74,102,32,134,208
10/22/2016,RYN,AZ,AWP,WE,Federal Contract Tower,0,0,0,0,0,0,0,178,0,178,0,0,178,0,178,272,0,272,450
10/23/2016,RYN,AZ,AWP,WE,Federal Contract Tower,0,0,0,0,0,0,0,114,0,114,0,0,114,0,114,168,0,168,282
10/24/2016,RYN,AZ,AWP,WE,Federal Contract Tower,0,0,0,0,0,0,0,148,7,155,0,0,148,7,155,134,64,198,353
10/25/2016,RYN,AZ,AWP,WE,Federal Contract Tower,0,0,3,0,3,0,0,126,6,132,0,0,129,6,135,198,16,214,349
10/26/2016,RYN,AZ,AWP,WE,Federal Contract Tower,0,0,3,0,3,0,0,75,6,81,0,0,78,6,84,188,38,226,310
10/27/2016,RYN,AZ,AWP,WE,Federal Contract Tower,0,0,5,0,5,0,0,116,7,123,0,0,121,7,128,232,36,268,396
10/28/2016,RYN,AZ,AWP,WE,Federal Contract Tower,0,0,1,0,1,0,0,92,0,92,0,0,93,0,93,122,0,122,215
10/29/2016,RYN,AZ,AWP,WE,Federal Contract Tower,0,0,0,0,0,0,0,143,0,143,0,0,143,0,143,164,0,164,307
10/30/2016,RYN,AZ,AWP,WE,Federal Contract Tower,0,0,2,0,2,0,0,124,2,126,0,0,126,2,128,184,0,184,312
10/31/2016,RYN,AZ,AWP,WE,Federal Contract Tower,0,0,1,0,1,0,0,135,9,144,0,0,136,9,145,130,54,184,329
11/01/2016,RYN,AZ,AWP,WE,Federal Contract Tower,0,0,2,0,2,0,0,71,14,85,0,0,73,14,87,164,64,228,315
11/02/2016,RYN,AZ,AWP,WE,Federal Contract Tower,0,0,6,0,6,0,0,117,7,124,0,0,123,7,130,198,46,244,374
11/03/2016,RYN,AZ,AWP,WE,Federal Contract Tower,0,0,1,0,1,0,0,44,5,49,0,0,45,5,50,30,24,54,104
11/04/2016,RYN,AZ,AWP,WE,Federal Contract Tower,0,0,7,0,7,0,0,96,14,110,0,0,103,14,117,136,48,184,301
11/05/2016,RYN,AZ,AWP,WE,Federal Contract Tower,0,0,2,0,2,0,0,213,6,219,0,0,215,6,221,224,6,230,451
11/06/2016,RYN,AZ,AWP,WE,Federal Contract Tower,0,0,5,0,5,0,0,170,0,170,0,0,175,0,175,210,0,210,385
11/07/2016,RYN,AZ,AWP,WE,Federal Contract Tower,0,0,3,0,3,0,0,191,18,209,0,0,194,18,212,176,102,278,490
11/08/2016,RYN,AZ,AWP,WE,Federal Contract Tower,0,0,1,0,1,0,0,31,27,58,0,0,32,27,59,32,136,168,227
11/09/2016,RYN,AZ,AWP,WE,Federal Contract Tower,0,0,2,0,2,0,0,27,7,34,0,0,29,7,36,0,13,13,49
11/10/2016,RYN,AZ,AWP,WE,Federal Contract Tower,0,0,0,0,0,0,0,47,3,50,0,0,47,3,50,36,4,40,90
11/11/2016,RYN,AZ,AWP,WE,Federal Contract Tower,0,0,6,0,6,0,0,113,0,113,0,0,119,0,119,142,0,142,261
11/12/2016,RYN,AZ,AWP,WE,Federal Contract Tower,0,0,5,0,5,0,0,138,2,140,0,0,143,2,145,238,0,238,383
11/13/2016,RYN,AZ,AWP,WE,Federal Contract Tower,0,0,2,0,2,0,0,139,0,139,0,0,141,0,141,158,0,158,299
11/14/2016,RYN,AZ,AWP,WE,Federal Contract Tower,0,0,9,0,9,0,0,170,7,177,0,0,179,7,186,164,78,242,428
11/15/2016,RYN,AZ,AWP,WE,Federal Contract Tower,0,0,3,0,3,0,0,83,3,86,0,0,86,3,89,140,22,162,251
11/16/2016,RYN,AZ,AWP,WE,Federal Contract Tower,0,0,5,0,5,0,0,119,0,119,0,0,124,0,124,171,0,171,295
11/17/2016,RYN,AZ,AWP,WE,Federal Contract Tower,0,0,0,0,0,0,0,101,2,103,0,0,101,2,103,172,10,182,285
11/18/2016,RYN,AZ,AWP,WE,Federal Contract Tower,0,0,6,0,6,0,0,132,14,146,0,0,138,14,152,166,78,244,396
11/19/2016,RYN,AZ,AWP,WE,Federal Contract Tower,0,0,4,0,4,0,0,123,0,123,0,0,127,0,127,146,0,146,273
11/20/2016,RYN,AZ,AWP,WE,Federal Contract Tower,0,0,2,0,2,0,0,153,0,153,0,0,155,0,155,176,0,176,331
11/21/2016,RYN,AZ,AWP,WE,Federal Contract Tower,0,0,3,0,3,0,0,42,15,57,0,0,45,15,60,12,142,154,214
11/22/2016,RYN,AZ,AWP,WE,Federal Contract Tower,0,0,6,0,6,0,0,139,16,155,0,0,145,16,161,177,58,235,396
11/23/2016,RYN,AZ,AWP,WE,Federal Contract Tower,0,0,5,0,5,0,0,86,4,90,0,0,91,4,95,58,2,60,155
11/24/2016,RYN,AZ,AWP,WE,Federal Contract Tower,0,0,0,0,0,0,0,55,0,55,0,0,55,0,55,26,0,26,81
11/25/2016,RYN,AZ,AWP,WE,Federal Contract Tower,0,0,2,0,2,0,0,43,2,45,0,0,45,2,47,70,0,70,117
11/26/2016,RYN,AZ,AWP,WE,Federal Contract Tower,0,0,0,0,0,0,0,134,0,134,0,0,134,0,134,178,0,178,312
11/27/2016,RYN,AZ,AWP,WE,Federal Contract Tower,0,0,3,0,3,0,0,116,0,116,0,0,119,0,119,138,0,138,257
11/28/2016,RYN,AZ,AWP,WE,Federal Contract Tower,0,0,7,0,7,0,0,183,11,194,0,0,190,11,201,228,58,286,487
11/29/2016,RYN,AZ,AWP,WE,Federal Contract Tower,0,0,0,0,0,0,0,96,6,102,0,0,96,6,102,188,4,192,294
11/30/2016,RYN,AZ,AWP,WE,Federal Contract Tower,0,0,1,0,1,0,0,141,10,151,0,0,142,10,152,254,76,330,482
12/01/2016,RYN,AZ,AWP,WE,Federal Contract Tower,0,0,1,0,1,0,0,148,14,162,0,0,149,14,163,216,92,308,471
12/02/2016,RYN,AZ,AWP,WE,Federal Contract Tower,0,0,2,0,2,0,0,135,12,147,0,0,137,12,149,152,70,222,371
12/03/2016,RYN,AZ,AWP,WE,Federal Contract Tower,0,0,3,0,3,0,0,142,8,150,0,0,145,8,153,180,26,206,359
12/04/2016,RYN,AZ,AWP,WE,Federal Contract Tower,0,0,0,0,0,0,0,122,0,122,0,0,122,0,122,196,0,196,318
12/05/2016,RYN,AZ,AWP,WE,Federal Contract Tower,0,0,4,0,4,0,0,111,7,118,0,0,115,7,122,138,78,216,338
12/06/2016,RYN,AZ,AWP,WE,Federal Contract Tower,0,0,3,0,3,0,0,110,20,130,0,0,113,20,133,126,64,190,323
12/07/2016,RYN,AZ,AWP,WE,Federal Contract Tower,0,0,2,0,2,0,0,98,1,99,0,0,100,1,101,212,20,232,333
12/08/2016,RYN,AZ,AWP,WE,Federal Contract Tower,0,0,0,0,0,0,0,114,0,114,0,0,114,0,114,132,0,132,246
12/09/2016,RYN,AZ,AWP,WE,Federal Contract Tower,0,0,0,0,0,0,0,84,2,86,0,0,84,2,86,152,18,170,256
12/10/2016,RYN,AZ,AWP,WE,Federal Contract Tower,0,0,2,0,2,0,0,139,0,139,0,0,141,0,141,194,0,194,335
12/11/2016,RYN,AZ,AWP,WE,Federal Contract Tower,0,0,1,0,1,0,0,126,0,126,0,0,127,0,127,172,0,172,299
12/12/2016,RYN,AZ,AWP,WE,Federal Contract Tower,0,0,3,0,3,0,0,129,9,138,0,0,132,9,141,164,94,258,399
12/13/2016,RYN,AZ,AWP,WE,Federal Contract Tower,0,0,7,0,7,0,0,110,9,119,0,0,117,9,126,248,66,314,440
12/14/2016,RYN,AZ,AWP,WE,Federal Contract Tower,0,0,1,0,1,0,0,105,4,109,0,0,106,4,110,188,18,206,316
12/15/2016,RYN,AZ,AWP,WE,Federal Contract Tower,0,0,4,0,4,0,0,174,0,174,0,0,178,0,178,174,0,174,352
12/16/2016,RYN,AZ,AWP,WE,Federal Contract Tower,0,0,1,0,1,0,0,48,0,48,0,0,49,0,49,38,0,38,87
12/17/2016,RYN,AZ,AWP,WE,Federal Contract Tower,0,0,0,0,0,0,0,64,0,64,0,0,64,0,64,108,0,108,172
12/18/2016,RYN,AZ,AWP,WE,Federal Contract Tower,0,0,4,0,4,0,0,122,2,124,0,0,126,2,128,152,0,152,280
12/19/2016,RYN,AZ,AWP,WE,Federal Contract Tower,0,0,5,0,5,0,0,126,6,132,0,0,131,6,137,166,76,242,379
12/20/2016,RYN,AZ,AWP,WE,Federal Contract Tower,0,0,3,0,3,0,0,100,9,109,0,0,103,9,112,158,40,198,310
12/21/2016,RYN,AZ,AWP,WE,Federal Contract Tower,0,0,3,0,3,0,0,25,0,25,0,0,28,0,28,46,0,46,74
12/22/2016,RYN,AZ,AWP,WE,Federal Contract Tower,0,0,3,0,3,0,0,4,0,4,0,0,7,0,7,20,0,20,27
12/23/2016,RYN,AZ,AWP,WE,Federal Contract Tower,0,0,8,0,8,0,0,71,0,71,0,0,79,0,79,138,0,138,217
12/24/2016,RYN,AZ,AWP,WE,Federal Contract Tower,0,0,0,0,0,0,0,23,0,23,0,0,23,0,23,0,0,0,23
12/25/2016,RYN,AZ,AWP,WE,Federal Contract Tower,0,0,0,0,0,0,0,7,0,7,0,0,7,0,7,0,0,0,7
12/26/2016,RYN,AZ,AWP,WE,Federal Contract Tower,0,0,1,0,1,0,0,154,0,154,0,0,155,0,155,186,0,186,341
12/27/2016,RYN,AZ,AWP,WE,Federal Contract Tower,0,0,2,0,2,0,0,116,6,122,0,0,118,6,124,232,0,232,356
12/28/2016,RYN,AZ,AWP,WE,Federal Contract Tower,0,0,0,0,0,0,0,78,0,78,0,0,78,0,78,210,0,210,288
12/29/2016,RYN,AZ,AWP,WE,Federal Contract Tower,0,0,0,0,0,0,0,104,2,106,0,0,104,2,106,142,12,154,260
12/30/2016,RYN,AZ,AWP,WE,Federal Contract Tower,0,0,0,0,0,0,0,129,0,129,0,0,129,0,129,156,0,156,285
12/31/2016,RYN,AZ,AWP,WE,Federal Contract Tower,0,0,4,0,4,0,0,53,0,53,0,0,57,0,57,92,0,92,149
01/01/2017,RYN,AZ,AWP,WE,Federal Contract Tower,0,0,4,0,4,0,0,4,0,4,0,0,8,0,8,6,0,6,14
01/02/2017,RYN,AZ,AWP,WE,Federal Contract Tower,0,0,8,0,8,0,0,153,0,153,0,0,161,0,161,200,0,200,361
01/03/2017,RYN,AZ,AWP,WE,Federal Contract Tower,0,0,1,0,1,0,0,70,2,72,0,0,71,2,73,140,2,142,215
01/04/2017,RYN,AZ,AWP,WE,Federal Contract Tower,0,0,2,0,2,0,0,98,8,106,0,0,100,8,108,182,54,236,344
01/05/2017,RYN,AZ,AWP,WE,Federal Contract Tower,0,0,0,0,0,0,0,121,2,123,0,0,121,2,123,132,28,160,283
01/06/2017,RYN,AZ,AWP,WE,Federal Contract Tower,0,0,3,0,3,0,0,118,0,118,0,0,121,0,121,168,0,168,289
01/07/2017,RYN,AZ,AWP,WE,Federal Contract Tower,0,0,1,0,1,0,0,166,0,166,0,0,167,0,167,230,6,236,403
01/08/2017,RYN,AZ,AWP,WE,Federal Contract Tower,0,0,0,0,0,0,0,84,2,86,0,0,84,2,86,180,0,180,266
01/09/2017,RYN,AZ,AWP,WE,Federal Contract Tower,0,0,5,0,5,0,0,63,0,63,0,0,68,0,68,112,0,112,180
01/10/2017,RYN,AZ,AWP,WE,Federal Contract Tower,0,0,3,0,3,0,0,114,10,124,0,0,117,10,127,132,96,228,355
01/11/2017,RYN,AZ,AWP,WE,Federal Contract Tower,0,0,6,0,6,0,0,88,10,98,0,0,94,10,104,164,82,246,350
01/12/2017,RYN,AZ,AWP,WE,Federal Contract Tower,0,0,0,0,0,0,0,110,4,114,0,0,110,4,114,180,54,234,348
01/13/2017,RYN,AZ,AWP,WE,Federal Contract Tower,0,0,3,0,3,0,0,83,10,93,0,0,86,10,96,150,80,230,326
01/14/2017,RYN,AZ,AWP,WE,Federal Contract Tower,0,0,4,0,4,0,0,111,2,113,0,0,115,2,117,120,0,120,237
01/15/2017,RYN,AZ,AWP,WE,Federal Contract Tower,0,0,9,0,9,0,0,23,0,23,0,0,32,0,32,64,0,64,96
01/17/2017,RYN,AZ,AWP,WE,Federal Contract Tower,0,0,8,0,8,0,0,79,0,79,0,0,87,0,87,236,0,236,323
01/18/2017,RYN,AZ,AWP,WE,Federal Contract Tower,0,0,5,0,5,0,0,113,0,113,0,0,118,0,118,218,0,218,336
01/19/2017,RYN,AZ,AWP,WE,Federal Contract Tower,0,0,8,0,8,0,0,105,8,113,0,0,113,8,121,152,44,196,317
01/20/2017,RYN,AZ,AWP,WE,Federal Contract Tower,0,0,13,0,13,0,0,17,0,17,0,0,30,0,30,28,0,28,58
01/21/2017,RYN,AZ,AWP,WE,Federal Contract Tower,0,0,2,0,2,0,0,8,0,8,0,0,10,0,10,18,0,18,28
01/22/2017,RYN,AZ,AWP,WE,Federal Contract Tower,0,0,3,0,3,0,0,93,0,93,0,0,96,0,96,186,0,186,282
01/23/2017,RYN,AZ,AWP,WE,Federal Contract Tower,0,0,2,0,2,0,0,67,5,72,0,0,69,5,74,66,120,186,260
01/24/2017,RYN,AZ,AWP,WE,Federal Contract Tower,0,0,4,0,4,0,0,62,40,102,0,0,66,40,106,106,170,276,382
01/25/2017,RYN,AZ,AWP,WE,Federal Contract Tower,0,0,5,0,5,0,0,76,9,85,0,0,81,9,90,182,18,200,290
01/26/2017,RYN,AZ,AWP,WE,Federal Contract Tower,0,0,4,0,4,0,0,86,14,100,0,0,90,14,104,150,144,294,398
01/27/2017,RYN,AZ,AWP,WE,Federal Contract Tower,0,0,3,0,3,0,0,90,12,102,0,0,93,12,105,166,86,252,357
01/28/2017,RYN,AZ,AWP,WE,Federal Contract Tower,0,0,0,0,0,0,0,127,0,127,0,0,127,0,127,214,0,214,341
01/29/2017,RYN,AZ,AWP,WE,Federal Contract Tower,0,0,0,0,0,0,0,1,0,1,0,0,1,0,1,112,22,134,135
01/30/2017,RYN,AZ,AWP,WE,Federal Contract Tower,0,0,5,0,5,0,0,114,8,122,0,0,119,8,127,162,72,234,361
01/31/2017,RYN,AZ,AWP,WE,Federal Contract Tower,0,0,3,0,3,0,0,100,34,134,0,0,103,34,137,222,100,322,459
02/01/2017,RYN,AZ,AWP,WE,Federal Contract Tower,0,0,2,0,2,0,0,122,16,138,0,0,124,16,140,252,72,324,464
02/02/2017,RYN,AZ,AWP,WE,Federal Contract Tower,0,0,5,0,5,0,0,123,12,135,0,0,128,12,140,224,76,300,440
02/03/2017,RYN,AZ,AWP,WE,Federal Contract Tower,0,0,7,0,7,0,0,92,5,97,0,0,99,5,104,118,70,188,292
02/04/2017,RYN,AZ,AWP,WE,Federal Contract Tower,0,0,0,0,0,0,0,122,0,122,0,0,122,0,122,136,0,136,258
02/05/2017,RYN,AZ,AWP,WE,Federal Contract Tower,0,0,0,0,0,0,0,89,0,89,0,0,89,0,89,182,0,182,271
02/06/2017,RYN,AZ,AWP,WE,Federal Contract Tower,0,0,5,0,5,0,0,137,7,144,0,0,142,7,149,124,100,224,373
02/07/2017,RYN,AZ,AWP,WE,Federal Contract Tower,0,0,6,0,6,0,0,120,18,138,0,0,126,18,144,204,134,338,482
02/08/2017,RYN,AZ,AWP,WE,Federal Contract Tower,0,0,8,0,8,0,0,97,12,109,0,0,105,12,117,202,84,286,403
02/09/2017,RYN,AZ,AWP,WE,Federal Contract Tower,0,0,5,0,5,0,0,102,13,115,0,0,107,13,120,176,66,242,362
02/10/2017,RYN,AZ,AWP,WE,Federal Contract Tower,0,0,12,0,12,0,0,131,0,131,0,0,143,0,143,159,0,159,302
02/11/2017,RYN,AZ,AWP,WE,Federal Contract Tower,0,0,2,0,2,0,0,90,0,90,0,0,92,0,92,94,0,94,186
02/12/2017,RYN,AZ,AWP,WE,Federal Contract Tower,0,0,1,0,1,0,0,60,0,60,0,0,61,0,61,146,0,146,207
02/13/2017,RYN,AZ,AWP,WE,Federal Contract Tower,0,0,4,0,4,0,0,137,8,145,0,0,141,8,149,166,110,276,425
02/14/2017,RYN,AZ,AWP,WE,Federal Contract Tower,0,0,6,0,6,0,0,57,8,65,0,0,63,8,71,132,30,162,233
02/15/2017,RYN,AZ,AWP,WE,Federal Contract Tower,0,0,1,0,1,0,0,31,12,43,0,0,32,12,44,26,9,35,79
02/16/2017,RYN,AZ,AWP,WE,Federal Contract Tower,0,0,10,0,10,0,0,154,4,158,0,0,164,4,168,162,40,202,370
02/17/2017,RYN,AZ,AWP,WE,Federal Contract Tower,0,0,1,0,1,0,0,47,0,47,0,0,48,0,48,112,0,112,160
02/18/2017,RYN,AZ,AWP,WE,Federal Contract Tower,0,0,1,0,1,0,0,7,3,10,0,0,8,3,11,0,0,0,11
02/19/2017,RYN,AZ,AWP,WE,Federal Contract Tower,0,0,7,0,7,0,0,16,0,16,0,0,23,0,23,14,0,14,37
02/20/2017,RYN,AZ,AWP,WE,Federal Contract Tower,0,0,3,0,3,0,0,139,0,139,0,0,142,0,142,200,0,200,342
02/21/2017,RYN,AZ,AWP,WE,Federal Contract Tower,0,0,6,0,6,0,0,120,22,142,0,0,126,22,148,244,98,342,490
02/22/2017,RYN,AZ,AWP,WE,Federal Contract Tower,0,0,2,0,2,0,0,96,4,100,0,0,98,4,102,148,0,148,250
02/23/2017,RYN,AZ,AWP,WE,Federal Contract Tower,0,0,5,0,5,0,0,102,6,108,0,0,107,6,113,234,14,248,361
02/24/2017,RYN,AZ,AWP,WE,Federal Contract Tower,0,0,2,0,2,0,0,119,6,125,0,0,121,6,127,234,10,244,371
02/25/2017,RYN,AZ,AWP,WE,Federal Contract Tower,0,0,0,0,0,0,0,120,0,120,0,0,120,0,120,248,0,248,368
02/26/2017,RYN,AZ,AWP,WE,Federal Contract Tower,0,0,7,0,7,0,0,66,0,66,0,0,73,0,73,122,0,122,195
02/27/2017,RYN,AZ,AWP,WE,Federal Contract Tower,0,0,4,0,4,0,0,83,5,88,0,0,87,5,92,60,78,138,230
02/28/2017,RYN,AZ,AWP,WE,Federal Contract Tower,0,0,1,0,1,0,0,46,18,64,0,0,47,18,65,86,22,108,173
03/02/2017,RYN,AZ,AWP,WE,Federal Contract Tower,0,0,4,0,4,0,0,150,16,166,0,0,154,16,170,248,152,400,570
03/03/2017,RYN,AZ,AWP,WE,Federal Contract Tower,0,0,0,0,0,0,0,51,6,57,0,0,51,6,57,74,66,140,197
03/04/2017,RYN,AZ,AWP,WE,Federal Contract Tower,0,0,3,0,3,0,0,113,0,113,0,0,116,0,116,158,0,158,274
03/05/2017,RYN,AZ,AWP,WE,Federal Contract Tower,0,0,4,0,4,0,0,61,0,61,0,0,65,0,65,116,0,116,181
03/06/2017,RYN,AZ,AWP,WE,Federal Contract Tower,0,0,2,0,2,0,0,107,10,117,0,0,109,10,119,188,96,284,403
03/07/2017,RYN,AZ,AWP,WE,Federal Contract Tower,0,0,0,0,0,0,0,98,18,116,0,0,98,18,116,254,142,396,512
03/08/2017,RYN,AZ,AWP,WE,Federal Contract Tower,0,0,2,0,2,0,0,133,0,133,0,0,135,0,135,149,0,149,284
03/09/2017,RYN,AZ,AWP,WE,Federal Contract Tower,0,0,1,0,1,0,0,109,8,117,0,0,110,8,118,190,106,296,414
03/10/2017,RYN,AZ,AWP,WE,Federal Contract Tower,0,0,9,0,9,0,0,75,0,75,0,0,84,0,84,162,0,162,246
03/11/2017,RYN,AZ,AWP,WE,Federal Contract Tower,0,0,0,0,0,0,0,116,0,116,0,0,116,0,116,250,0,250,366
03/12/2017,RYN,AZ,AWP,WE,Federal Contract Tower,0,0,1,0,1,0,0,94,0,94,0,0,95,0,95,210,0,210,305
03/13/2017,RYN,AZ,AWP,WE,Federal Contract Tower,0,0,5,0,5,0,0,115,14,129,0,0,120,14,134,158,82,240,374
03/14/2017,RYN,AZ,AWP,WE,Federal Contract Tower,0,0,5,0,5,0,0,105,6,111,0,0,110,6,116,296,6,302,418
03/15/2017,RYN,AZ,AWP,WE,Federal Contract Tower,0,0,3,0,3,0,0,84,16,100,0,0,87,16,103,192,166,358,461
03/16/2017,RYN,AZ,AWP,WE,Federal Contract Tower,0,0,1,0,1,0,0,95,9,104,0,0,96,9,105,222,128,350,455
03/17/2017,RYN,AZ,AWP,WE,Federal Contract Tower,0,0,1,0,1,0,0,100,2,102,0,0,101,2,103,166,46,212,315
03/18/2017,RYN,AZ,AWP,WE,Federal Contract Tower,0,0,0,0,0,0,0,112,0,112,0,0,112,0,112,182,0,182,294
03/19/2017,RYN,AZ,AWP,WE,Federal Contract Tower,0,0,0,0,0,0,0,109,0,109,0,0,109,0,109,198,0,198,307
03/20/2017,RYN,AZ,AWP,WE,Federal Contract Tower,0,0,8,0,8,0,0,117,12,129,0,0,125,12,137,250,82,332,469
03/21/2017,RYN,AZ,AWP,WE,Federal Contract Tower,0,0,2,0,2,0,0,92,20,112,0,0,94,20,114,182,70,252,366
03/22/2017,RYN,AZ,AWP,WE,Federal Contract Tower,0,0,6,0,6,0,0,60,5,65,0,0,66,5,71,133,38,171,242
03/23/2017,RYN,AZ,AWP,WE,Federal Contract Tower,0,0,4,0,4,0,0,43,2,45,0,0,47,2,49,62,34,96,145
03/24/2017,RYN,AZ,AWP,WE,Federal Contract Tower,0,0,6,0,6,0,0,106,3,109,0,0,112,3,115,136,50,186,301
03/25/2017,RYN,AZ,AWP,WE,Federal Contract Tower,0,0,4,0,4,0,0,115,0,115,0,0,119,0,119,286,0,286,405
03/26/2017,RYN,AZ,AWP,WE,Federal Contract Tower,0,0,2,0,2,0,0,119,0,119,0,0,121,0,121,170,0,170,291
03/27/2017,RYN,AZ,AWP,WE,Federal Contract Tower,0,0,2,0,2,0,0,115,6,121,0,0,117,6,123,122,70,192,315
03/28/2017,RYN,AZ,AWP,WE,Federal Contract Tower,0,0,0,0,0,0,0,102,16,118,0,0,102,16,118,188,108,296,414
03/29/2017,RYN,AZ,AWP,WE,Federal Contract Tower,0,0,2,0,2,0,0,94,6,100,0,0,96,6,102,158,84,242,344
03/30/2017,RYN,AZ,AWP,WE,Federal Contract Tower,0,0,2,0,2,0,0,94,14,108,0,0,96,14,110,172,78,250,360
03/31/2017,RYN,AZ,AWP,WE,Federal Contract Tower,0,0,8,0,8,0,0,97,14,111,0,0,105,14,119,98,20,118,237
04/01/2017,RYN,AZ,AWP,WE,Federal Contract Tower,0,0,1,0,1,0,0,104,0,104,0,0,105,0,105,208,0,208,313
04/02/2017,RYN,AZ,AWP,WE,Federal Contract Tower,0,0,2,0,2,0,0,121,0,121,0,0,123,0,123,178,0,178,301
04/03/2017,RYN,AZ,AWP,WE,Federal Contract Tower,0,0,4,0,4,0,0,103,5,108,0,0,107,5,112,178,64,242,354
04/04/2017,RYN,AZ,AWP,WE,Federal Contract Tower,0,0,0,0,0,0,0,93,4,97,0,0,93,4,97,136,8,144,241
04/05/2017,RYN,AZ,AWP,WE,Federal Contract Tower,0,0,3,0,3,0,0,99,2,101,0,0,102,2,104,156,14,170,274
04/06/2017,RYN,AZ,AWP,WE,Federal Contract Tower,0,0,2,0,2,0,0,93,0,93,0,0,95,0,95,84,0,84,179
04/07/2017,RYN,AZ,AWP,WE,Federal Contract Tower,0,0,0,0,0,0,0,91,0,91,0,0,91,0,91,178,0,178,269
04/08/2017,RYN,AZ,AWP,WE,Federal Contract Tower,0,0,1,0,1,0,0,94,0,94,0,0,95,0,95,158,0,158,253
04/09/2017,RYN,AZ,AWP,WE,Federal Contract Tower,0,0,1,0,1,0,0,104,0,104,0,0,105,0,105,218,0,218,323
04/10/2017,RYN,AZ,AWP,WE,Federal Contract Tower,0,0,8,0,8,0,0,118,1,119,0,0,126,1,127,134,8,142,269
04/11/2017,RYN,AZ,AWP,WE,Federal Contract Tower,0,0,3,0,3,0,0,68,7,75,0,0,71,7,78,128,40,168,246
04/12/2017,RYN,AZ,AWP,WE,Federal Contract Tower,0,0,4,0,4,0,0,106,8,114,0,0,110,8,118,176,70,246,364
04/13/2017,RYN,AZ,AWP,WE,Federal Contract Tower,0,0,3,0,3,0,0,81,6,87,0,0,84,6,90,174,58,232,322
04/14/2017,RYN,AZ,AWP,WE,Federal Contract Tower,0,0,2,0,2,0,0,108,10,118,0,0,110,10,120,186,72,258,378
04/15/2017,RYN,AZ,AWP,WE,Federal Contract Tower,0,0,0,0,0,0,0,122,0,122,0,0,122,0,122,206,0,206,328
04/16/2017,RYN,AZ,AWP,WE,Federal Contract Tower,0,0,0,0,0,0,0,103,0,103,0,0,103,0,103,172,0,172,275
04/17/2017,RYN,AZ,AWP,WE,Federal Contract Tower,0,0,4,0,4,0,0,103,14,117,0,0,107,14,121,120,124,244,365
04/18/2017,RYN,AZ,AWP,WE,Federal Contract Tower,0,0,2,0,2,0,0,91,4,95,0,0,93,4,97,174,54,228,325
04/19/2017,RYN,AZ,AWP,WE,Federal Contract Tower,0,0,11,0,11,0,0,88,4,92,0,0,99,4,103,142,20,162,265
04/20/2017,RYN,AZ,AWP,WE,Federal Contract Tower,0,0,4,0,4,0,0,126,6,132,0,0,130,6,136,164,34,198,334
04/21/2017,RYN,AZ,AWP,WE,Federal Contract Tower,0,0,2,0,2,0,0,98,6,104,0,0,100,6,106,162,88,250,356
04/22/2017,RYN,AZ,AWP,WE,Federal Contract Tower,0,0,2,0,2,0,0,116,0,116,0,0,118,0,118,116,0,116,234
04/23/2017,RYN,AZ,AWP,WE,Federal Contract Tower,0,0,0,0,0,0,0,98,0,98,0,0,98,0,98,154,0,154,252
04/24/2017,RYN,AZ,AWP,WE,Federal Contract Tower,0,0,1,0,1,0,0,97,5,102,0,0,98,5,103,124,56,180,283
04/25/2017,RYN,AZ,AWP,WE,Federal Contract Tower,0,0,5,0,5,0,0,35,14,49,0,0,40,14,54,48,82,130,184
04/26/2017,RYN,AZ,AWP,WE,Federal Contract Tower,0,0,6,0,6,0,0,104,7,111,0,0,110,7,117,168,60,228,345
04/27/2017,RYN,AZ,AWP,WE,Federal Contract Tower,0,0,1,0,1,0,0,116,7,123,0,0,117,7,124,90,76,166,290
04/28/2017,RYN,AZ,AWP,WE,Federal Contract Tower,0,0,1,0,1,0,0,49,2,51,0,0,50,2,52,62,36,98,150
04/29/2017,RYN,AZ,AWP,WE,Federal Contract Tower,0,0,1,0,1,0,0,87,0,87,0,0,88,0,88,138,0,138,226
04/30/2017,RYN,AZ,AWP,WE,Federal Contract Tower,0,0,0,0,0,0,0,146,0,146,0,0,146,0,146,176,0,176,322
05/01/2017,RYN,AZ,AWP,WE,Federal Contract Tower,0,0,0,0,0,0,0,93,6,99,0,0,93,6,99,102,88,190,289
05/02/2017,RYN,AZ,AWP,WE,Federal Contract Tower,0,0,2,0,2,0,0,90,10,100,0,0,92,10,102,196,24,220,322
05/03/2017,RYN,AZ,AWP,WE,Federal Contract Tower,0,0,0,0,0,0,0,112,8,120,0,0,112,8,120,170,42,212,332
05/04/2017,RYN,AZ,AWP,WE,Federal Contract Tower,0,0,3,0,3,0,0,52,5,57,0,0,55,5,60,130,26,156,216
05/05/2017,RYN,AZ,AWP,WE,Federal Contract Tower,0,0,4,0,4,0,0,98,6,104,0,0,102,6,108,122,66,188,296
05/06/2017,RYN,AZ,AWP,WE,Federal Contract Tower,0,0,0,0,0,0,0,72,0,72,0,0,72,0,72,116,0,116,188
05/07/2017,RYN,AZ,AWP,WE,Federal Contract Tower,0,0,1,0,1,0,0,116,0,116,0,0,117,0,117,150,0,150,267
05/09/2017,RYN,AZ,AWP,WE,Federal Contract Tower,0,0,0,0,0,0,0,68,20,88,0,0,68,20,88,164,128,292,380
05/10/2017,RYN,AZ,AWP,WE,Federal Contract Tower,0,0,7,0,7,0,0,131,16,147,0,0,138,16,154,224,94,318,472
05/11/2017,RYN,AZ,AWP,WE,Federal Contract Tower,0,0,2,0,2,0,0,129,4,133,0,0,131,4,135,164,58,222,357
05/12/2017,RYN,AZ,AWP,WE,Federal Contract Tower,0,0,0,0,0,0,0,134,0,134,0,0,134,0,134,180,0,180,314
05/13/2017,RYN,AZ,AWP,WE,Federal Contract Tower,0,0,1,0,1,0,0,118,0,118,0,0,119,0,119,152,0,152,271
05/14/2017,RYN,AZ,AWP,WE,Federal Contract Tower,0,0,0,0,0,0,0,76,0,76,0,0,76,0,76,154,0,154,230
05/15/2017,RYN,AZ,AWP,WE,Federal Contract Tower,0,0,3,0,3,0,0,110,2,112,0,0,113,2,115,180,32,212,327
05/16/2017,RYN,AZ,AWP,WE,Federal Contract Tower,0,0,2,0,2,0,0,99,5,104,0,0,101,5,106,90,64,154,260
05/17/2017,RYN,AZ,AWP,WE,Federal Contract Tower,0,0,1,0,1,0,0,161,0,161,0,0,162,0,162,164,0,164,326
05/18/2017,RYN,AZ,AWP,WE,Federal Contract Tower,0,0,3,0,3,0,0,122,8,130,0,0,125,8,133,212,28,240,373
05/19/2017,RYN,AZ,AWP,WE,Federal Contract Tower,0,0,2,0,2,0,0,111,0,111,0,0,113,0,113,160,0,160,273
05/20/2017,RYN,AZ,AWP,WE,Federal Contract Tower,0,0,1,0,1,0,0,127,0,127,0,0,128,0,128,206,0,206,334
05/21/2017,RYN,AZ,AWP,WE,Federal Contract Tower,0,0,1,0,1,0,0,65,0,65,0,0,66,0,66,140,0,140,206
05/22/2017,RYN,AZ,AWP,WE,Federal Contract Tower,0,0,6,0,6,0,0,111,1,112,0,0,117,1,118,170,18,188,306
05/23/2017,RYN,AZ,AWP,WE,Federal Contract Tower,0,0,4,0,4,0,0,114,10,124,0,0,118,10,128,205,22,227,355
05/24/2017,RYN,AZ,AWP,WE,Federal Contract Tower,0,0,2,0,2,0,0,74,2,76,0,0,76,2,78,164,2,166,244
05/25/2017,RYN,AZ,AWP,WE,Federal Contract Tower,0,0,4,0,4,0,0,24,6,30,0,0,28,6,34,34,42,76,110
05/26/2017,RYN,AZ,AWP,WE,Federal Contract Tower,0,0,1,0,1,0,0,49,6,55,0,0,50,6,56,46,46,92,148
05/27/2017,RYN,AZ,AWP,WE,Federal Contract Tower,0,0,0,0,0,0,0,120,0,120,0,0,120,0,120,208,0,208,328
05/28/2017,RYN,AZ,AWP,WE,Federal Contract Tower,0,0,0,0,0,0,0,80,0,80,0,0,80,0,80,108,0,108,188
05/29/2017,RYN,AZ,AWP,WE,Federal Contract Tower,0,0,3,0,3,0,0,137,0,137,0,0,140,0,140,142,0,142,282
05/30/2017,RYN,AZ,AWP,WE,Federal Contract Tower,0,0,4,0,4,0,0,65,7,72,0,0,69,7,76,134,0,134,210
05/31/2017,RYN,AZ,AWP,WE,Federal Contract Tower,0,0,3,0,3,0,0,97,4,101,0,0,100,4,104,200,18,218,322
06/01/2017,RYN,AZ,AWP,WE,Federal Contract Tower,0,0,0,0,0,0,0,57,2,59,0,0,57,2,59,136,18,154,213
06/02/2017,RYN,AZ,AWP,WE,Federal Contract Tower,0,0,1,0,1,0,0,76,2,78,0,0,77,2,79,130,0,130,209
06/03/2017,RYN,AZ,AWP,WE,Federal Contract Tower,0,0,1,0,1,0,0,94,0,94,0,0,95,0,95,168,0,168,263
06/04/2017,RYN,AZ,AWP,WE,Federal Contract Tower,0,0,1,0,1,0,0,98,0,98,0,0,99,0,99,110,0,110,209
06/05/2017,RYN,AZ,AWP,WE,Federal Contract Tower,0,0,2,0,2,0,0,114,8,122,0,0,116,8,124,186,80,266,390
06/06/2017,RYN,AZ,AWP,WE,Federal Contract Tower,0,0,4,0,4,0,0,74,0,74,0,0,78,0,78,116,0,116,194
06/07/2017,RYN,AZ,AWP,WE,Federal Contract Tower,0,0,5,0,5,0,0,91,7,98,0,0,96,7,103,56,94,150,253
06/08/2017,RYN,AZ,AWP,WE,Federal Contract Tower,0,0,5,0,5,0,0,130,11,141,0,0,135,11,146,84,110,194,340
06/09/2017,RYN,AZ,AWP,WE,Federal Contract Tower,0,0,13,0,13,0,0,84,12,96,0,0,97,12,109,128,50,178,287
06/10/2017,RYN,AZ,AWP,WE,Federal Contract Tower,0,0,4,0,4,0,0,62,2,64,0,0,66,2,68,102,8,110,178
06/11/2017,RYN,AZ,AWP,WE,Federal Contract Tower,0,0,0,0,0,0,0,97,0,97,0,0,97,0,97,120,0,120,217
06/12/2017,RYN,AZ,AWP,WE,Federal Contract Tower,0,0,3,0,3,0,0,126,4,130,0,0,129,4,133,114,94,208,341
06/13/2017,RYN,AZ,AWP,WE,Federal Contract Tower,0,0,3,0,3,0,0,95,0,95,0,0,98,0,98,174,0,174,272
06/14/2017,RYN,AZ,AWP,WE,Federal Contract Tower,0,0,7,0,7,0,0,80,8,88,0,0,87,8,95,140,76,216,311
06/15/2017,RYN,AZ,AWP,WE,Federal Contract Tower,0,0,1,0,1,0,0,61,14,75,0,0,62,14,76,84,104,188,264
06/16/2017,RYN,AZ,AWP,WE,Federal Contract Tower,0,0,6,0,6,0,0,98,0,98,0,0,104,0,104,132,0,132,236
06/17/2017,RYN,AZ,AWP,WE,Federal Contract Tower,0,0,1,0,1,0,0,67,0,67,0,0,68,0,68,80,0,80,148
06/18/2017,RYN,AZ,AWP,WE,Federal Contract Tower,0,0,2,0,2,0,0,94,0,94,0,0,96,0,96,110,0,110,206
06/19/2017,RYN,AZ,AWP,WE,Federal Contract Tower,0,0,1,0,1,0,0,93,1,94,0,0,94,1,95,152,46,198,293
06/20/2017,RYN,AZ,AWP,WE,Federal Contract Tower,0,0,5,0,5,0,0,54,0,54,0,0,59,0,59,88,0,88,147
06/21/2017,RYN,AZ,AWP,WE,Federal Contract Tower,0,0,4,0,4,0,0,43,1,44,0,0,47,1,48,82,6,88,136
06/22/2017,RYN,AZ,AWP,WE,Federal Contract Tower,0,0,9,0,9,0,0,63,0,63,0,0,72,0,72,116,0,116,188
06/23/2017,RYN,AZ,AWP,WE,Federal Contract Tower,0,0,5,0,5,0,0,63,0,63,0,0,68,0,68,148,0,148,216
06/24/2017,RYN,AZ,AWP,WE,Federal Contract Tower,0,0,3,0,3,0,0,51,0,51,0,0,54,0,54,118,0,118,172
06/25/2017,RYN,AZ,AWP,WE,Federal Contract Tower,0,0,1,0,1,0,0,72,0,72,0,0,73,0,73,74,0,74,147
06/26/2017,RYN,AZ,AWP,WE,Federal Contract Tower,0,0,3,0,3,0,0,104,0,104,0,0,107,0,107,178,0,178,285
06/27/2017,RYN,AZ,AWP,WE,Federal Contract Tower,0,0,8,0,8,0,0,161,3,164,0,0,169,3,172,244,22,266,438
06/28/2017,RYN,AZ,AWP,WE,Federal Contract Tower,0,0,3,0,3,0,0,69,0,69,0,0,72,0,72,90,0,90,162
06/29/2017,RYN,AZ,AWP,WE,Federal Contract Tower,0,0,5,0,5,0,0,67,0,67,0,0,72,0,72,100,0,100,172
06/30/2017,RYN,AZ,AWP,WE,Federal Contract Tower,0,0,0,0,0,0,0,85,0,85,0,0,85,0,85,74,0,74,159
07/01/2017,RYN,AZ,AWP,WE,Federal Contract Tower,0,0,2,0,2,0,0,76,0,76,0,0,78,0,78,114,0,114,192
07/02/2017,RYN,AZ,AWP,WE,Federal Contract Tower,0,0,4,0,4,0,0,51,0,51,0,0,55,0,55,80,0,80,135
07/03/2017,RYN,AZ,AWP,WE,Federal Contract Tower,0,0,2,0,2,0,0,69,0,69,0,0,71,0,71,158,0,158,229
07/04/2017,RYN,AZ,AWP,WE,Federal Contract Tower,0,0,1,0,1,0,0,46,0,46,0,0,47,0,47,88,0,88,135
07/05/2017,RYN,AZ,AWP,WE,Federal Contract Tower,0,0,1,0,1,0,0,82,0,82,0,0,83,0,83,126,20,146,229
07/06/2017,RYN,AZ,AWP,WE,Federal Contract Tower,0,0,1,0,1,0,0,56,0,56,0,0,57,0,57,76,0,76,133
07/07/2017,RYN,AZ,AWP,WE,Federal Contract Tower,0,0,2,0,2,0,0,62,0,62,0,0,64,0,64,136,0,136,200
07/08/2017,RYN,AZ,AWP,WE,Federal Contract Tower,0,0,1,0,1,0,0,44,0,44,0,0,45,0,45,80,0,80,125
07/09/2017,RYN,AZ,AWP,WE,Federal Contract Tower,0,0,1,0,1,0,0,55,0,55,0,0,56,0,56,122,0,122,178
07/10/2017,RYN,AZ,AWP,WE,Federal Contract Tower,0,0,0,0,0,0,0,116,1,117,0,0,116,1,117,154,42,196,313
07/11/2017,RYN,AZ,AWP,WE,Federal Contract Tower,0,0,4,0,4,0,0,49,12,61,0,0,53,12,65,112,12,124,189
07/12/2017,RYN,AZ,AWP,WE,Federal Contract Tower,0,0,1,0,1,0,0,92,2,94,0,0,93,2,95,136,8,144,239
07/13/2017,RYN,AZ,AWP,WE,Federal Contract Tower,0,0,3,0,3,0,0,49,3,52,0,0,52,3,55,94,2,96,151
07/14/2017,RYN,AZ,AWP,WE,Federal Contract Tower,0,0,6,0,6,0,0,96,5,101,0,0,102,5,107,138,4,142,249
07/15/2017,RYN,AZ,AWP,WE,Federal Contract Tower,0,0,4,0,4,0,0,79,0,79,0,0,83,0,83,114,0,114,197
07/16/2017,RYN,AZ,AWP,WE,Federal Contract Tower,0,0,26,0,26,0,0,137,0,137,0,0,163,0,163,200,0,200,363
07/17/2017,RYN,AZ,AWP,WE,Federal Contract Tower,0,0,1,0,1,0,0,133,0,133,0,0,134,0,134,162,0,162,296
07/18/2017,RYN,AZ,AWP,WE,Federal Contract Tower,0,0,0,0,0,0,0,70,20,90,0,0,70,20,90,142,130,272,362
07/19/2017,RYN,AZ,AWP,WE,Federal Contract Tower,0,0,6,0,6,0,0,60,2,62,0,0,66,2,68,136,22,158,226
07/20/2017,RYN,AZ,AWP,WE,Federal Contract Tower,0,0,4,0,4,0,0,90,3,93,0,0,94,3,97,132,32,164,261
07/21/2017,RYN,AZ,AWP,WE,Federal Contract Tower,0,0,16,0,16,0,0,93,8,101,0,0,109,8,117,194,56,250,367
07/22/2017,RYN,AZ,AWP,WE,Federal Contract Tower,0,0,12,0,12,0,0,83,0,83,0,0,95,0,95,146,0,146,241
07/23/2017,RYN,AZ,AWP,WE,Federal Contract Tower,0,0,0,0,0,0,0,80,0,80,0,0,80,0,80,128,0,128,208
07/24/2017,RYN,AZ,AWP,WE,Federal Contract Tower,0,0,3,0,3,0,0,63,12,75,0,0,66,12,78,94,64,158,236
07/25/2017,RYN,AZ,AWP,WE,Federal Contract Tower,0,0,3,0,3,0,0,62,8,70,0,0,65,8,73,109,110,219,292
07/26/2017,RYN,AZ,AWP,WE,Federal Contract Tower,0,0,5,0,5,0,0,75,4,79,0,0,80,4,84,172,14,186,270
07/27/2017,RYN,AZ,AWP,WE,Federal Contract Tower,0,0,10,0,10,0,0,103,7,110,0,0,113,7,120,98,116,214,334
07/28/2017,RYN,AZ,AWP,WE,Federal Contract Tower,0,0,24,22,46,0,0,83,2,85,0,0,107,24,131,82,86,168,299
07/29/2017,RYN,AZ,AWP,WE,Federal Contract Tower,0,0,16,0,16,0,0,84,0,84,0,0,100,0,100,96,0,96,196
07/30/2017,RYN,AZ,AWP,WE,Federal Contract Tower,0,0,6,0,6,0,0,94,0,94,0,0,100,0,100,146,0,146,246
07/31/2017,RYN,AZ,AWP,WE,Federal Contract Tower,0,0,2,0,2,0,0,163,0,163,0,0,165,0,165,180,0,180,345
08/01/2017,RYN,AZ,AWP,WE,Federal Contract Tower,0,0,4,0,4,0,0,75,2,77,0,0,79,2,81,98,4,102,183
08/02/2017,RYN,AZ,AWP,WE,Federal Contract Tower,0,0,1,0,1,0,0,113,2,115,0,0,114,2,116,122,0,122,238
08/03/2017,RYN,AZ,AWP,WE,Federal Contract Tower,0,0,4,8,12,0,0,103,3,106,0,0,107,11,118,164,30,194,312
08/04/2017,RYN,AZ,AWP,WE,Federal Contract Tower,0,0,22,14,36,0,0,70,14,84,0,0,92,28,120,135,76,211,331
08/05/2017,RYN,AZ,AWP,WE,Federal Contract Tower,0,0,34,0,34,0,0,80,0,80,0,0,114,0,114,126,0,126,240
08/06/2017,RYN,AZ,AWP,WE,Federal Contract Tower,0,0,12,0,12,0,0,76,0,76,0,0,88,0,88,110,0,110,198
08/07/2017,RYN,AZ,AWP,WE,Federal Contract Tower,0,0,0,0,0,0,0,170,0,170,0,0,170,0,170,236,0,236,406
08/08/2017,RYN,AZ,AWP,WE,Federal Contract Tower,0,0,1,0,1,0,0,74,26,100,0,0,75,26,101,162,90,252,353
08/09/2017,RYN,AZ,AWP,WE,Federal Contract Tower,0,0,2,0,2,0,0,77,8,85,0,0,79,8,87,143,70,213,300
08/10/2017,RYN,AZ,AWP,WE,Federal Contract Tower,0,0,0,0,0,0,0,60,6,66,0,0,60,6,66,80,64,144,210
08/11/2017,RYN,AZ,AWP,WE,Federal Contract Tower,0,0,2,0,2,0,0,78,0,78,0,0,80,0,80,184,0,184,264
08/12/2017,RYN,AZ,AWP,WE,Federal Contract Tower,0,0,2,0,2,0,0,99,0,99,0,0,101,0,101,158,0,158,259
08/13/2017,RYN,AZ,AWP,WE,Federal Contract Tower,0,0,14,0,14,0,0,105,0,105,0,0,119,0,119,150,0,150,269
08/14/2017,RYN,AZ,AWP,WE,Federal Contract Tower,0,0,2,0,2,0,0,116,9,125,0,0,118,9,127,152,84,236,363
08/15/2017,RYN,AZ,AWP,WE,Federal Contract Tower,0,0,1,0,1,0,0,74,10,84,0,0,75,10,85,96,28,124,209
08/16/2017,RYN,AZ,AWP,WE,Federal Contract Tower,0,0,0,0,0,0,0,71,7,78,0,0,71,7,78,156,6,162,240
08/17/2017,RYN,AZ,AWP,WE,Federal Contract Tower,0,0,0,0,0,0,0,73,0,73,0,0,73,0,73,136,0,136,209
08/18/2017,RYN,AZ,AWP,WE,Federal Contract Tower,0,0,6,4,10,0,0,63,4,67,0,0,69,8,77,108,132,240,317
08/19/2017,RYN,AZ,AWP,WE,Federal Contract Tower,0,0,18,0,18,0,0,63,0,63,0,0,81,0,81,138,0,138,219
08/20/2017,RYN,AZ,AWP,WE,Federal Contract Tower,0,0,1,0,1,0,0,112,2,114,0,0,113,2,115,160,0,160,275
08/21/2017,RYN,AZ,AWP,WE,Federal Contract Tower,0,0,3,0,3,0,0,136,7,143,0,0,139,7,146,136,62,198,344
08/22/2017,RYN,AZ,AWP,WE,Federal Contract Tower,0,0,1,0,1,0,0,79,13,92,0,0,80,13,93,160,42,202,295
08/23/2017,RYN,AZ,AWP,WE,Federal Contract Tower,0,0,1,0,1,0,0,52,8,60,0,0,53,8,61,126,76,202,263
08/24/2017,RYN,AZ,AWP,WE,Federal Contract Tower,0,0,3,3,6,0,0,97,6,103,0,0,100,9,109,178,102,280,389
08/25/2017,RYN,AZ,AWP,WE,Federal Contract Tower,0,0,15,14,29,0,0,84,6,90,0,0,99,20,119,146,116,262,381
08/26/2017,RYN,AZ,AWP,WE,Federal Contract Tower,0,0,5,0,5,0,0,86,0,86,0,0,91,0,91,112,0,112,203
08/27/2017,RYN,AZ,AWP,WE,Federal Contract Tower,0,0,54,0,54,0,0,133,0,133,0,0,187,0,187,140,0,140,327
08/28/2017,RYN,AZ,AWP,WE,Federal Contract Tower,0,0,0,0,0,0,0,129,0,129,0,0,129,0,129,218,0,218,347
08/29/2017,RYN,AZ,AWP,WE,Federal Contract Tower,0,0,3,0,3,0,0,95,7,102,0,0,98,7,105,190,22,212,317
08/30/2017,RYN,AZ,AWP,WE,Federal Contract Tower,0,0,2,0,2,0,0,102,14,116,0,0,104,14,118,146,66,212,330
08/31/2017,RYN,AZ,AWP,WE,Federal Contract Tower,0,0,20,0,20,0,0,92,7,99,0,0,112,7,119,68,106,174,293
09/01/2017,RYN,AZ,AWP,WE,Federal Contract Tower,0,0,12,0,12,0,0,85,7,92,0,0,97,7,104,152,116,268,372
09/02/2017,RYN,AZ,AWP,WE,Federal Contract Tower,0,0,0,0,0,0,0,87,0,87,0,0,87,0,87,110,0,110,197
09/03/2017,RYN,AZ,AWP,WE,Federal Contract Tower,0,0,12,0,12,0,0,91,0,91,0,0,103,0,103,162,0,162,265
09/04/2017,RYN,AZ,AWP,WE,Federal Contract Tower,0,0,2,0,2,0,0,169,0,169,0,0,171,0,171,192,0,192,363
09/05/2017,RYN,AZ,AWP,WE,Federal Contract Tower,0,0,3,0,3,0,0,106,9,115,0,0,109,9,118,170,38,208,326
09/06/2017,RYN,AZ,AWP,WE,Federal Contract Tower,0,0,2,0,2,0,0,69,10,79,0,0,71,10,81,150,64,214,295
09/07/2017,RYN,AZ,AWP,WE,Federal Contract Tower,0,0,5,0,5,0,0,79,6,85,0,0,84,6,90,180,72,252,342
09/08/2017,RYN,AZ,AWP,WE,Federal Contract Tower,0,0,11,0,11,0,0,35,13,48,0,0,46,13,59,46,92,138,197
09/09/2017,RYN,AZ,AWP,WE,Federal Contract Tower,0,0,11,0,11,0,0,125,0,125,0,0,136,0,136,188,0,188,324
09/10/2017,RYN,AZ,AWP,WE,Federal Contract Tower,0,0,0,0,0,0,0,76,0,76,0,0,76,0,76,140,0,140,216
09/11/2017,RYN,AZ,AWP,WE,Federal Contract Tower,0,0,1,0,1,0,0,145,3,148,0,0,146,3,149,176,12,188,337
09/12/2017,RYN,AZ,AWP,WE,Federal Contract Tower,0,0,1,0,1,0,0,136,11,147,0,0,137,11,148,230,34,264,412
09/13/2017,RYN,AZ,AWP,WE,Federal Contract Tower,0,0,0,0,0,0,0,103,6,109,0,0,103,6,109,196,46,242,351
09/14/2017,RYN,AZ,AWP,WE,Federal Contract Tower,0,0,0,2,2,0,0,62,0,62,0,0,62,2,64,122,0,122,186
09/15/2017,RYN,AZ,AWP,WE,Federal Contract Tower,0,0,4,0,4,0,0,78,6,84,0,0,82,6,88,126,20,146,234
09/16/2017,RYN,AZ,AWP,WE,Federal Contract Tower,0,0,28,0,28,0,0,159,0,159,0,0,187,0,187,160,0,160,347
09/17/2017,RYN,AZ,AWP,WE,Federal Contract Tower,0,0,10,0,10,0,0,108,0,108,0,0,118,0,118,226,0,226,344
09/18/2017,RYN,AZ,AWP,WE,Federal Contract Tower,0,0,1,0,1,0,0,104,8,112,0,0,105,8,113,174,112,286,399
09/19/2017,RYN,AZ,AWP,WE,Federal Contract Tower,0,0,2,0,2,0,0,53,6,59,0,0,55,6,61,106,14,120,181
09/20/2017,RYN,AZ,AWP,WE,Federal Contract Tower,0,0,1,0,1,0,0,103,2,105,0,0,104,2,106,190,0,190,296
09/21/2017,RYN,AZ,AWP,WE,Federal Contract Tower,0,0,10,2,12,0,0,96,3,99,0,0,106,5,111,142,71,213,324
09/22/2017,RYN,AZ,AWP,WE,Federal Contract Tower,0,0,13,6,19,0,0,76,8,84,0,0,89,14,103,126,60,186,289
09/23/2017,RYN,AZ,AWP,WE,Federal Contract Tower,0,0,1,0,1,0,0,131,0,131,0,0,132,0,132,154,0,154,286
09/24/2017,RYN,AZ,AWP,WE,Federal Contract Tower,0,0,7,0,7,0,0,93,0,93,0,0,100,0,100,104,0,104,204
09/25/2017,RYN,AZ,AWP,WE,Federal Contract Tower,0,0,3,0,3,0,0,182,1,183,0,0,185,1,186,188,6,194,380
09/26/2017,RYN,AZ,AWP,WE,Federal Contract Tower,0,0,2,0,2,0,0,87,9,96,0,0,89,9,98,189,66,255,353
09/27/2017,RYN,AZ,AWP,WE,Federal Contract Tower,0,0,3,0,3,0,0,97,19,116,0,0,100,19,119,158,62,220,339
09/28/2017,RYN,AZ,AWP,WE,Federal Contract Tower,0,0,24,4,28,0,0,79,8,87,0,0,103,12,115,154,62,216,331
09/29/2017,RYN,AZ,AWP,WE,Federal Contract Tower,0,0,20,2,22,0,0,69,4,73,0,0,89,6,95,136,36,172,267
09/30/2017,RYN,AZ,AWP,WE,Federal Contract Tower,0,0,0,0,0,0,0,101,0,101,0,0,101,0,101,172,0,172,273
10/01/2017,RYN,AZ,AWP,WE,Federal Contract Tower,0,0,5,0,5,0,0,129,0,129,0,0,134,0,134,172,0,172,306
10/02/2017,RYN,AZ,AWP,WE,Federal Contract Tower,0,0,4,0,4,0,0,123,4,127,0,0,127,4,131,156,42,198,329
10/03/2017,RYN,AZ,AWP,WE,Federal Contract Tower,0,0,0,0,0,0,0,83,1,84,0,0,83,1,84,118,12,130,214
10/04/2017,RYN,AZ,AWP,WE,Federal Contract Tower,0,0,2,1,3,0,0,82,3,85,0,0,84,4,88,58,26,84,172
10/05/2017,RYN,AZ,AWP,WE,Federal Contract Tower,0,0,6,0,6,0,0,74,0,74,0,0,80,0,80,168,0,168,248
10/06/2017,RYN,AZ,AWP,WE,Federal Contract Tower,0,0,21,0,21,0,0,94,0,94,0,0,115,0,115,124,0,124,239
10/07/2017,RYN,AZ,AWP,WE,Federal Contract Tower,0,0,3,0,3,0,0,116,0,116,0,0,119,0,119,122,0,122,241
10/08/2017,RYN,AZ,AWP,WE,Federal Contract Tower,0,0,2,0,2,0,0,96,0,96,0,0,98,0,98,116,0,116,214
10/09/2017,RYN,AZ,AWP,WE,Federal Contract Tower,0,0,2,0,2,0,0,96,0,96,0,0,98,0,98,106,0,106,204
10/10/2017,RYN,AZ,AWP,WE,Federal Contract Tower,0,0,3,0,3,0,0,42,1,43,0,0,45,1,46,61,2,63,109
10/11/2017,RYN,AZ,AWP,WE,Federal Contract Tower,0,0,0,0,0,0,0,91,0,91,0,0,91,0,91,122,0,122,213
10/12/2017,RYN,AZ,AWP,WE,Federal Contract Tower,0,0,13,8,21,0,0,96,0,96,0,0,109,8,117,174,0,174,291
10/13/2017,RYN,AZ,AWP,WE,Federal Contract Tower,0,0,18,14,32,0,0,103,12,115,0,0,121,26,147,112,126,238,385
10/14/2017,RYN,AZ,AWP,WE,Federal Contract Tower,0,0,17,0,17,0,0,134,0,134,0,0,151,0,151,162,0,162,313
10/15/2017,RYN,AZ,AWP,WE,Federal Contract Tower,0,0,0,0,0,0,0,111,0,111,0,0,111,0,111,206,0,206,317
10/16/2017,RYN,AZ,AWP,WE,Federal Contract Tower,0,0,10,0,10,0,0,77,6,83,0,0,87,6,93,86,90,176,269
10/17/2017,RYN,AZ,AWP,WE,Federal Contract Tower,0,0,1,0,1,0,0,89,0,89,0,0,90,0,90,120,0,120,210
10/18/2017,RYN,AZ,AWP,WE,Federal Contract Tower,0,0,1,0,1,0,0,83,4,87,0,0,84,4,88,148,60,208,296
10/19/2017,RYN,AZ,AWP,WE,Federal Contract Tower,0,0,6,0,6,0,0,61,5,66,0,0,67,5,72,86,80,166,238
10/20/2017,RYN,AZ,AWP,WE,Federal Contract Tower,0,0,1,0,1,0,0,48,0,48,0,0,49,0,49,131,0,131,180
10/21/2017,RYN,AZ,AWP,WE,Federal Contract Tower,0,0,39,0,39,0,0,110,0,110,0,0,149,0,149,148,0,148,297
10/22/2017,RYN,AZ,AWP,WE,Federal Contract Tower,0,0,9,0,9,0,0,128,0,128,0,0,137,0,137,168,0,168,305
10/23/2017,RYN,AZ,AWP,WE,Federal Contract Tower,0,0,8,0,8,0,0,89,14,103,0,0,97,14,111,130,134,264,375
10/24/2017,RYN,AZ,AWP,WE,Federal Contract Tower,0,0,3,0,3,0,0,76,6,82,0,0,79,6,85,134,58,192,277
10/25/2017,RYN,AZ,AWP,WE,Federal Contract Tower,0,0,1,0,1,0,0,81,16,97,0,0,82,16,98,132,52,184,282
10/26/2017,RYN,AZ,AWP,WE,Federal Contract Tower,0,0,16,4,20,0,0,66,6,72,0,0,82,10,92,124,56,180,272
10/27/2017,RYN,AZ,AWP,WE,Federal Contract Tower,0,0,32,20,52,0,0,184,3,187,0,0,216,23,239,186,124,310,549
10/28/2017,RYN,AZ,AWP,WE,Federal Contract Tower,0,0,38,0,38,0,0,154,0,154,0,0,192,0,192,168,0,168,360
10/29/2017,RYN,AZ,AWP,WE,Federal Contract Tower,0,0,8,4,12,0,0,156,0,156,0,0,164,4,168,176,22,198,366
10/30/2017,RYN,AZ,AWP,WE,Federal Contract Tower,0,0,2,0,2,0,0,129,9,138,0,0,131,9,140,172,88,260,400
10/31/2017,RYN,AZ,AWP,WE,Federal Contract Tower,0,0,3,1,4,0,0,72,5,77,0,0,75,6,81,58,68,126,207
11/01/2017,RYN,AZ,AWP,WE,Federal Contract Tower,0,0,10,0,10,0,0,151,3,154,0,0,161,3,164,208,38,246,410
11/02/2017,RYN,AZ,AWP,WE,Federal Contract Tower,0,0,3,9,12,0,0,70,10,80,0,0,73,19,92,132,66,198,290
11/03/2017,RYN,AZ,AWP,WE,Federal Contract Tower,0,0,27,10,37,0,0,166,16,182,0,0,193,26,219,180,286,466,685
11/04/2017,RYN,AZ,AWP,WE,Federal Contract Tower,0,0,4,0,4,0,0,145,0,145,0,0,149,0,149,244,0,244,393
11/05/2017,RYN,AZ,AWP,WE,Federal Contract Tower,0,0,2,0,2,0,0,116,0,116,0,0,118,0,118,188,0,188,306
11/06/2017,RYN,AZ,AWP,WE,Federal Contract Tower,0,0,1,0,1,0,0,110,8,118,0,0,111,8,119,148,148,296,415
11/07/2017,RYN,AZ,AWP,WE,Federal Contract Tower,0,0,4,0,4,0,0,112,10,122,0,0,116,10,126,174,118,292,418
11/08/2017,RYN,AZ,AWP,WE,Federal Contract Tower,0,0,4,0,4,0,0,99,3,102,0,0,103,3,106,130,66,196,302
11/09/2017,RYN,AZ,AWP,WE,Federal Contract Tower,0,0,7,2,9,0,0,97,2,99,0,0,104,4,108,218,16,234,342
11/10/2017,RYN,AZ,AWP,WE,Federal Contract Tower,0,0,75,0,75,0,0,152,0,152,0,0,227,0,227,188,0,188,415
11/11/2017,RYN,AZ,AWP,WE,Federal Contract Tower,0,0,5,0,5,0,0,112,0,112,0,0,117,0,117,206,0,206,323
11/12/2017,RYN,AZ,AWP,WE,Federal Contract Tower,0,0,4,0,4,0,0,110,0,110,0,0,114,0,114,128,0,128,242
11/13/2017,RYN,AZ,AWP,WE,Federal Contract Tower,0,0,6,0,6,0,0,113,6,119,0,0,119,6,125,180,58,238,363
11/14/2017,RYN,AZ,AWP,WE,Federal Contract Tower,0,0,3,0,3,0,0,107,6,113,0,0,110,6,116,166,4,170,286
11/15/2017,RYN,AZ,AWP,WE,Federal Contract Tower,0,0,4,0,4,0,0,140,2,142,0,0,144,2,146,242,10,252,398
11/16/2017,RYN,AZ,AWP,WE,Federal Contract Tower,0,0,26,14,40,0,0,74,7,81,0,0,100,21,121,168,70,238,359
11/17/2017,RYN,AZ,AWP,WE,Federal Contract Tower,0,0,9,0,9,0,0,103,12,115,0,0,112,12,124,118,56,174,298
11/18/2017,RYN,AZ,AWP,WE,Federal Contract Tower,0,0,21,0,21,0,0,108,0,108,0,0,129,0,129,216,0,216,345
11/19/2017,RYN,AZ,AWP,WE,Federal Contract Tower,0,0,34,0,34,0,0,102,0,102,0,0,136,0,136,160,0,160,296
11/20/2017,RYN,AZ,AWP,WE,Federal Contract Tower,0,0,9,0,9,0,0,109,5,114,0,0,118,5,123,136,72,208,331
11/21/2017,RYN,AZ,AWP,WE,Federal Contract Tower,0,0,4,0,4,0,0,112,4,116,0,0,116,4,120,150,52,202,322
11/22/2017,RYN,AZ,AWP,WE,Federal Contract Tower,0,0,2,0,2,0,0,48,0,48,0,0,50,0,50,10,20,30,80
11/23/2017,RYN,AZ,AWP,WE,Federal Contract Tower,0,0,0,0,0,0,0,31,0,31,0,0,31,0,31,56,0,56,87
11/24/2017,RYN,AZ,AWP,WE,Federal Contract Tower,0,0,3,0,3,0,0,30,0,30,0,0,33,0,33,18,0,18,51
11/25/2017,RYN,AZ,AWP,WE,Federal Contract Tower,0,0,0,0,0,0,0,131,0,131,0,0,131,0,131,168,0,168,299
11/26/2017,RYN,AZ,AWP,WE,Federal Contract Tower,0,0,2,0,2,0,0,105,0,105,0,0,107,0,107,138,0,138,245
11/27/2017,RYN,AZ,AWP,WE,Federal Contract Tower,0,0,6,0,6,0,0,113,1,114,0,0,119,1,120,128,44,172,292
11/28/2017,RYN,AZ,AWP,WE,Federal Contract Tower,0,0,0,0,0,0,0,94,11,105,0,0,94,11,105,122,114,236,341
11/29/2017,RYN,AZ,AWP,WE,Federal Contract Tower,0,0,7,0,7,0,0,91,3,94,0,0,98,3,101,118,82,200,301
11/30/2017,RYN,AZ,AWP,WE,Federal Contract Tower,0,0,15,4,19,0,0,59,2,61,0,0,74,6,80,120,16,136,216
12/01/2017,RYN,AZ,AWP,WE,Federal Contract Tower,0,0,4,3,7,0,0,59,6,65,0,0,63,9,72,92,94,186,258
12/02/2017,RYN,AZ,AWP,WE,Federal Contract Tower,0,0,24,0,24,0,0,189,0,189,0,0,213,0,213,272,0,272,485
12/03/2017,RYN,AZ,AWP,WE,Federal Contract Tower,0,0,30,0,30,0,0,221,0,221,0,0,251,0,251,212,0,212,463
12/04/2017,RYN,AZ,AWP,WE,Federal Contract Tower,0,0,6,0,6,0,0,118,8,126,0,0,124,8,132,196,40,236,368
12/05/2017,RYN,AZ,AWP,WE,Federal Contract Tower,0,0,13,0,13,0,0,73,21,94,0,0,86,21,107,164,78,242,349
12/06/2017,RYN,AZ,AWP,WE,Federal Contract Tower,0,0,0,0,0,0,0,86,4,90,0,0,86,4,90,214,30,244,334
12/07/2017,RYN,AZ,AWP,WE,Federal Contract Tower,0,0,6,3,9,0,0,0,22,22,0,0,6,25,31,26,74,100,131
12/08/2017,RYN,AZ,AWP,WE,Federal Contract Tower,0,0,19,4,23,0,0,98,7,105,0,0,117,11,128,254,112,366,494
12/09/2017,RYN,AZ,AWP,WE,Federal Contract Tower,0,0,26,0,26,0,0,130,0,130,0,0,156,0,156,178,0,178,334
12/10/2017,RYN,AZ,AWP,WE,Federal Contract Tower,0,0,6,0,6,0,0,70,1,71,0,0,76,1,77,108,12,120,197
12/11/2017,RYN,AZ,AWP,WE,Federal Contract Tower,0,0,1,1,2,0,0,114,3,117,0,0,115,4,119,154,54,208,327
12/12/2017,RYN,AZ,AWP,WE,Federal Contract Tower,0,0,1,0,1,0,0,51,6,57,0,0,52,6,58,50,30,80,138
12/13/2017,RYN,AZ,AWP,WE,Federal Contract Tower,0,0,0,0,0,0,0,100,0,100,0,0,100,0,100,149,0,149,249
12/14/2017,RYN,AZ,AWP,WE,Federal Contract Tower,0,0,16,0,16,0,0,0,89,89,0,0,16,89,105,184,50,234,339
12/15/2017,RYN,AZ,AWP,WE,Federal Contract Tower,0,0,12,0,12,0,0,35,4,39,0,0,47,4,51,74,4,78,129
12/16/2017,RYN,AZ,AWP,WE,Federal Contract Tower,0,0,22,0,22,0,0,134,0,134,0,0,156,0,156,162,0,162,318
12/17/2017,RYN,AZ,AWP,WE,Federal Contract Tower,0,0,3,0,3,0,0,0,0,0,0,0,3,0,3,0,0,0,3
12/18/2017,RYN,AZ,AWP,WE,Federal Contract Tower,0,0,8,1,9,0,0,95,3,98,0,0,103,4,107,160,80,240,347
12/19/2017,RYN,AZ,AWP,WE,Federal Contract Tower,0,0,10,0,10,0,0,104,26,130,0,0,114,26,140,150,78,228,368
12/20/2017,RYN,AZ,AWP,WE,Federal Contract Tower,0,0,7,0,7,0,0,112,4,116,0,0,119,4,123,196,44,240,363
12/21/2017,RYN,AZ,AWP,WE,Federal Contract Tower,0,0,18,7,25,0,0,35,1,36,0,0,53,8,61,98,8,106,167
12/22/2017,RYN,AZ,AWP,WE,Federal Contract Tower,0,0,14,2,16,0,0,54,0,54,0,0,68,2,70,90,0,90,160
12/23/2017,RYN,AZ,AWP,WE,Federal Contract Tower,0,0,29,0,29,0,0,115,0,115,0,0,144,0,144,130,0,130,274
12/24/2017,RYN,AZ,AWP,WE,Federal Contract Tower,0,0,0,0,0,0,0,84,2,86,0,0,84,2,86,136,28,164,250
12/25/2017,RYN,AZ,AWP,WE,Federal Contract Tower,0,0,0,0,0,0,0,17,0,17,0,0,17,0,17,26,0,26,43
12/26/2017,RYN,AZ,AWP,WE,Federal Contract Tower,0,0,3,0,3,0,0,69,0,69,0,0,72,0,72,30,0,30,102
12/27/2017,RYN,AZ,AWP,WE,Federal Contract Tower,0,0,0,0,0,0,0,100,1,101,0,0,100,1,101,115,2,117,218
12/28/2017,RYN,AZ,AWP,WE,Federal Contract Tower,0,2,36,4,42,0,0,65,0,65,0,2,101,4,107,126,0,126,233
12/29/2017,RYN,AZ,AWP,WE,Federal Contract Tower,0,0,44,0,44,0,0,78,0,78,0,0,122,0,122,186,0,186,308
12/30/2017,RYN,AZ,AWP,WE,Federal Contract Tower,0,0,17,0,17,0,0,58,0,58,0,0,75,0,75,124,0,124,199
12/31/2017,RYN,AZ,AWP,WE,Federal Contract Tower,0,0,21,0,21,0,0,54,0,54,0,0,75,0,75,150,0,150,225
01/01/2018,RYN,AZ,AWP,WE,Federal Contract Tower,0,0,1,0,1,0,0,64,0,64,0,0,65,0,65,86,0,86,151
01/02/2018,RYN,AZ,AWP,WE,Federal Contract Tower,0,0,9,0,9,0,0,63,0,63,0,0,72,0,72,106,0,106,178
01/03/2018,RYN,AZ,AWP,WE,Federal Contract Tower,0,0,7,2,9,0,0,44,5,49,0,0,51,7,58,56,26,82,140
01/04/2018,RYN,AZ,AWP,WE,Federal Contract Tower,0,0,46,2,48,0,0,79,1,80,0,0,125,3,128,174,0,174,302
01/05/2018,RYN,AZ,AWP,WE,Federal Contract Tower,0,0,41,0,41,0,0,99,0,99,0,0,140,0,140,178,0,178,318
01/06/2018,RYN,AZ,AWP,WE,Federal Contract Tower,0,0,22,0,22,0,0,101,0,101,0,0,123,0,123,164,0,164,287
01/07/2018,RYN,AZ,AWP,WE,Federal Contract Tower,0,0,30,0,30,0,0,136,0,136,0,0,166,0,166,196,0,196,362
01/08/2018,RYN,AZ,AWP,WE,Federal Contract Tower,0,0,8,0,8,0,0,107,3,110,0,0,115,3,118,122,40,162,280
01/09/2018,RYN,AZ,AWP,WE,Federal Contract Tower,0,0,44,4,48,0,0,81,28,109,0,0,125,32,157,120,206,326,483
01/10/2018,RYN,AZ,AWP,WE,Federal Contract Tower,0,0,24,0,24,0,0,48,11,59,0,0,72,11,83,74,68,142,225
01/11/2018,RYN,AZ,AWP,WE,Federal Contract Tower,0,0,42,6,48,0,0,82,24,106,0,0,124,30,154,140,136,276,430
01/12/2018,RYN,AZ,AWP,WE,Federal Contract Tower,0,0,46,12,58,0,0,132,9,141,0,0,178,21,199,214,68,282,481
01/13/2018,RYN,AZ,AWP,WE,Federal Contract Tower,0,0,45,0,45,0,0,113,0,113,0,0,158,0,158,148,0,148,306
01/14/2018,RYN,AZ,AWP,WE,Federal Contract Tower,0,0,0,0,0,0,0,98,0,98,0,0,98,0,98,148,0,148,246
01/15/2018,RYN,AZ,AWP,WE,Federal Contract Tower,0,0,0,0,0,0,0,114,0,114,0,0,114,0,114,204,0,204,318
01/16/2018,RYN,AZ,AWP,WE,Federal Contract Tower,0,0,14,0,14,0,0,48,0,48,0,0,62,0,62,66,0,66,128
01/17/2018,RYN,AZ,AWP,WE,Federal Contract Tower,0,0,8,0,8,0,0,34,10,44,0,0,42,10,52,46,70,116,168
01/18/2018,RYN,AZ,AWP,WE,Federal Contract Tower,0,0,47,24,71,0,0,89,28,117,0,0,136,52,188,150,172,322,510
01/19/2018,RYN,AZ,AWP,WE,Federal Contract Tower,0,0,49,28,77,0,0,146,22,168,0,0,195,50,245,230,226,456,701
01/20/2018,RYN,AZ,AWP,WE,Federal Contract Tower,0,0,8,0,8,0,0,40,0,40,0,0,48,0,48,86,0,86,134
01/21/2018,RYN,AZ,AWP,WE,Federal Contract Tower,0,0,24,0,24,0,0,75,0,75,0,0,99,0,99,138,0,138,237
01/22/2018,RYN,AZ,AWP,WE,Federal Contract Tower,0,0,12,4,16,0,0,84,13,97,0,0,96,17,113,98,134,232,345
01/23/2018,RYN,AZ,AWP,WE,Federal Contract Tower,0,0,2,0,2,0,0,47,4,51,0,0,49,4,53,138,54,192,245
01/24/2018,RYN,AZ,AWP,WE,Federal Contract Tower,0,0,2,0,2,0,0,9,4,13,0,0,11,4,15,0,34,34,49
01/25/2018,RYN,AZ,AWP,WE,Federal Contract Tower,0,0,26,4,30,0,0,123,9,132,0,0,149,13,162,140,84,224,386
01/26/2018,RYN,AZ,AWP,WE,Federal Contract Tower,0,0,10,4,14,0,0,69,6,75,0,0,79,10,89,196,38,234,323
01/27/2018,RYN,AZ,AWP,WE,Federal Contract Tower,0,0,24,0,24,0,0,92,0,92,0,0,116,0,116,170,0,170,286
01/28/2018,RYN,AZ,AWP,WE,Federal Contract Tower,0,0,4,0,4,0,0,125,0,125,0,0,129,0,129,166,0,166,295
01/29/2018,RYN,AZ,AWP,WE,Federal Contract Tower,0,0,3,0,3,0,0,74,6,80,0,0,77,6,83,80,18,98,181
01/30/2018,RYN,AZ,AWP,WE,Federal Contract Tower,0,0,9,4,13,0,0,96,8,104,0,0,105,12,117,186,42,228,345
01/31/2018,RYN,AZ,AWP,WE,Federal Contract Tower,0,0,14,0,14,0,0,69,5,74,0,0,83,5,88,166,56,222,310
02/01/2018,RYN,AZ,AWP,WE,Federal Contract Tower,0,0,33,14,47,0,0,151,17,168,0,0,184,31,215,116,176,292,507
02/02/2018,RYN,AZ,AWP,WE,Federal Contract Tower,0,0,24,12,36,0,0,104,16,120,0,0,128,28,156,198,122,320,476
02/03/2018,RYN,AZ,AWP,WE,Federal Contract Tower,0,0,45,0,45,0,0,169,0,169,0,0,214,0,214,274,0,274,488
02/04/2018,RYN,AZ,AWP,WE,Federal Contract Tower,0,0,29,0,29,0,0,106,0,106,0,0,135,0,135,180,0,180,315
02/05/2018,RYN,AZ,AWP,WE,Federal Contract Tower,0,0,22,6,28,0,0,155,3,158,0,0,177,9,186,200,34,234,420
02/06/2018,RYN,AZ,AWP,WE,Federal Contract Tower,0,0,10,2,12,0,0,116,4,120,0,0,126,6,132,186,60,246,378
02/07/2018,RYN,AZ,AWP,WE,Federal Contract Tower,0,0,23,0,23,0,0,71,1,72,0,0,94,1,95,102,20,122,217
02/08/2018,RYN,AZ,AWP,WE,Federal Contract Tower,0,0,42,4,46,0,0,77,2,79,0,0,119,6,125,158,18,176,301
02/09/2018,RYN,AZ,AWP,WE,Federal Contract Tower,0,0,20,6,26,0,0,89,6,95,0,0,109,12,121,140,44,184,305
02/10/2018,RYN,AZ,AWP,WE,Federal Contract Tower,0,0,20,0,20,0,0,48,0,48,0,0,68,0,68,92,0,92,160
02/11/2018,RYN,AZ,AWP,WE,Federal Contract Tower,0,0,50,0,50,0,0,146,0,146,0,0,196,0,196,160,0,160,356
02/12/2018,RYN,AZ,AWP,WE,Federal Contract Tower,0,0,0,0,0,0,0,52,3,55,0,0,52,3,55,72,66,138,193
02/13/2018,RYN,AZ,AWP,WE,Federal Contract Tower,0,0,12,0,12,0,0,64,2,66,0,0,76,2,78,126,2,128,206
02/14/2018,RYN,AZ,AWP,WE,Federal Contract Tower,0,0,3,0,3,0,0,24,0,24,0,0,27,0,27,48,0,48,75
02/15/2018,RYN,AZ,AWP,WE,Federal Contract Tower,0,0,33,0,33,0,0,0,0,0,0,0,33,0,33,0,0,0,33
02/16/2018,RYN,AZ,AWP,WE,Federal Contract Tower,0,0,42,0,42,0,0,13,0,13,0,0,55,0,55,76,0,76,131
02/17/2018,RYN,AZ,AWP,WE,Federal Contract Tower,0,0,11,0,11,0,0,65,2,67,0,0,76,2,78,196,2,198,276
02/18/2018,RYN,AZ,AWP,WE,Federal Contract Tower,0,0,47,0,47,0,0,185,0,185,0,0,232,0,232,234,0,234,466
02/19/2018,RYN,AZ,AWP,WE,Federal Contract Tower,0,0,6,0,6,0,0,41,2,43,0,0,47,2,49,94,6,100,149
02/20/2018,RYN,AZ,AWP,WE,Federal Contract Tower,0,0,15,4,19,0,0,130,6,136,0,0,145,10,155,226,86,312,467
02/21/2018,RYN,AZ,AWP,WE,Federal Contract Tower,0,0,28,2,30,0,0,70,4,74,0,0,98,6,104,190,12,202,306
02/22/2018,RYN,AZ,AWP,WE,Federal Contract Tower,0,0,37,8,45,0,0,59,6,65,0,0,96,14,110,162,34,196,306
02/23/2018,RYN,AZ,AWP,WE,Federal Contract Tower,0,0,25,0,25,0,0,44,0,44,0,0,69,0,69,136,0,136,205
02/24/2018,RYN,AZ,AWP,WE,Federal Contract Tower,0,0,38,0,38,0,0,145,0,145,0,0,183,0,183,211,0,211,394
02/25/2018,RYN,AZ,AWP,WE,Federal Contract Tower,0,0,66,0,66,0,0,156,0,156,0,0,222,0,222,160,0,160,382
02/26/2018,RYN,AZ,AWP,WE,Federal Contract Tower,0,0,0,0,0,0,0,133,4,137,0,0,133,4,137,154,76,230,367
02/27/2018,RYN,AZ,AWP,WE,Federal Contract Tower,0,0,3,0,3,0,0,36,0,36,0,0,39,0,39,58,0,58,97
02/28/2018,RYN,AZ,AWP,WE,Federal Contract Tower,0,0,7,0,7,0,0,28,0,28,0,0,35,0,35,44,0,44,79
03/01/2018,RYN,AZ,AWP,WE,Federal Contract Tower,0,0,34,0,34,0,0,95,0,95,0,0,129,0,129,210,0,210,339
03/02/2018,RYN,AZ,AWP,WE,Federal Contract Tower,0,0,34,0,34,0,0,88,7,95,0,0,122,7,129,178,46,224,353
03/03/2018,RYN,AZ,AWP,WE,Federal Contract Tower,0,0,50,0,50,0,0,91,0,91,0,0,141,0,141,160,0,160,301
03/04/2018,RYN,AZ,AWP,WE,Federal Contract Tower,0,0,18,0,18,0,0,158,0,158,0,0,176,0,176,154,0,154,330
03/05/2018,RYN,AZ,AWP,WE,Federal Contract Tower,0,0,17,4,21,0,0,94,8,102,0,0,111,12,123,158,174,332,455
03/06/2018,RYN,AZ,AWP,WE,Federal Contract Tower,0,0,6,0,6,0,0,87,16,103,0,0,93,16,109,154,88,242,351
03/07/2018,RYN,AZ,AWP,WE,Federal Contract Tower,0,0,1,0,1,0,0,71,5,76,0,0,72,5,77,62,64,126,203
03/08/2018,RYN,AZ,AWP,WE,Federal Contract Tower,0,0,47,0,47,0,0,84,14,98,0,0,131,14,145,142,72,214,359
03/09/2018,RYN,AZ,AWP,WE,Federal Contract Tower,0,0,50,0,50,0,0,158,2,160,0,0,208,2,210,228,0,228,438
03/10/2018,RYN,AZ,AWP,WE,Federal Contract Tower,0,0,0,0,0,0,0,134,0,134,0,0,134,0,134,204,0,204,338
03/11/2018,RYN,AZ,AWP,WE,Federal Contract Tower,0,0,17,0,17,0,0,82,0,82,0,0,99,0,99,158,0,158,257
03/12/2018,RYN,AZ,AWP,WE,Federal Contract Tower,0,0,6,18,24,0,0,100,25,125,0,0,106,43,149,120,134,254,403
03/13/2018,RYN,AZ,AWP,WE,Federal Contract Tower,0,0,15,8,23,0,0,91,20,111,0,0,106,28,134,168,116,284,418
03/14/2018,RYN,AZ,AWP,WE,Federal Contract Tower,0,0,2,0,2,0,0,81,8,89,0,0,83,8,91,122,66,188,279
03/15/2018,RYN,AZ,AWP,WE,Federal Contract Tower,0,0,14,0,14,0,0,51,2,53,0,0,65,2,67,128,12,140,207
03/16/2018,RYN,AZ,AWP,WE,Federal Contract Tower,0,0,17,0,17,0,0,65,4,69,0,0,82,4,86,82,48,130,216
03/17/2018,RYN,AZ,AWP,WE,Federal Contract Tower,0,0,1,0,1,0,0,71,2,73,0,0,72,2,74,162,0,162,236
03/18/2018,RYN,AZ,AWP,WE,Federal Contract Tower,0,0,4,0,4,0,0,133,0,133,0,0,137,0,137,198,0,198,335
03/19/2018,RYN,AZ,AWP,WE,Federal Contract Tower,0,0,7,0,7,0,0,107,8,115,0,0,114,8,122,144,106,250,372
03/20/2018,RYN,AZ,AWP,WE,Federal Contract Tower,0,0,5,0,5,0,0,125,16,141,0,0,130,16,146,174,88,262,408
03/21/2018,RYN,AZ,AWP,WE,Federal Contract Tower,0,0,4,0,4,0,0,45,0,45,0,0,49,0,49,70,0,70,119
03/22/2018,RYN,AZ,AWP,WE,Federal Contract Tower,0,0,36,20,56,0,0,66,18,84,0,0,102,38,140,118,76,194,334
03/23/2018,RYN,AZ,AWP,WE,Federal Contract Tower,0,0,24,4,28,0,0,121,2,123,0,0,145,6,151,148,28,176,327
03/24/2018,RYN,AZ,AWP,WE,Federal Contract Tower,0,0,25,0,25,0,0,96,0,96,0,0,121,0,121,156,0,156,277
03/25/2018,RYN,AZ,AWP,WE,Federal Contract Tower,0,0,18,0,18,0,0,114,0,114,0,0,132,0,132,232,0,232,364
03/26/2018,RYN,AZ,AWP,WE,Federal Contract Tower,0,0,6,0,6,0,0,146,3,149,0,0,152,3,155,130,46,176,331
03/27/2018,RYN,AZ,AWP,WE,Federal Contract Tower,0,0,0,0,0,0,0,85,18,103,0,0,85,18,103,176,60,236,339
03/28/2018,RYN,AZ,AWP,WE,Federal Contract Tower,0,0,10,0,10,0,0,113,0,113,0,0,123,0,123,172,0,172,295
03/29/2018,RYN,AZ,AWP,WE,Federal Contract Tower,0,0,22,0,22,0,0,90,0,90,0,0,112,0,112,127,0,127,239
03/30/2018,RYN,AZ,AWP,WE,Federal Contract Tower,0,0,42,0,42,0,0,118,0,118,0,0,160,0,160,266,0,266,426
03/31/2018,RYN,AZ,AWP,WE,Federal Contract Tower,0,2,44,0,46,0,0,206,0,206,0,2,250,0,252,280,0,280,532
04/01/2018,RYN,AZ,AWP,WE,Federal Contract Tower,0,0,30,0,30,0,0,88,0,88,0,0,118,0,118,192,0,192,310
04/02/2018,RYN,AZ,AWP,WE,Federal Contract Tower,0,0,0,0,0,0,0,116,7,123,0,0,116,7,123,118,176,294,417
04/03/2018,RYN,AZ,AWP,WE,Federal Contract Tower,0,0,4,0,4,0,0,64,4,68,0,0,68,4,72,134,28,162,234
04/04/2018,RYN,AZ,AWP,WE,Federal Contract Tower,0,0,0,0,0,0,0,97,0,97,0,0,97,0,97,34,0,34,131
04/05/2018,RYN,AZ,AWP,WE,Federal Contract Tower,0,0,18,0,18,0,0,68,1,69,0,0,86,1,87,174,12,186,273
04/06/2018,RYN,AZ,AWP,WE,Federal Contract Tower,0,0,42,0,42,0,0,92,0,92,0,0,134,0,134,174,0,174,308
04/07/2018,RYN,AZ,AWP,WE,Federal Contract Tower,0,0,26,0,26,0,0,118,0,118,0,0,144,0,144,158,0,158,302
04/08/2018,RYN,AZ,AWP,WE,Federal Contract Tower,0,0,30,0,30,0,0,73,0,73,0,0,103,0,103,228,0,228,331
04/09/2018,RYN,AZ,AWP,WE,Federal Contract Tower,0,0,24,10,34,0,0,143,2,145,0,0,167,12,179,188,166,354,533
04/10/2018,RYN,AZ,AWP,WE,Federal Contract Tower,0,0,11,0,11,0,0,84,12,96,0,0,95,12,107,140,48,188,295
04/11/2018,RYN,AZ,AWP,WE,Federal Contract Tower,0,0,2,0,2,0,0,124,1,125,0,0,126,1,127,152,6,158,285
04/12/2018,RYN,AZ,AWP,WE,Federal Contract Tower,0,0,5,0,5,0,0,2,4,6,0,0,7,4,11,2,44,46,57
04/13/2018,RYN,AZ,AWP,WE,Federal Contract Tower,0,0,20,0,20,0,0,24,2,26,0,0,44,2,46,54,24,78,124
04/14/2018,RYN,AZ,AWP,WE,Federal Contract Tower,0,0,9,0,9,0,0,69,0,69,0,0,78,0,78,114,0,114,192
04/15/2018,RYN,AZ,AWP,WE,Federal Contract Tower,0,0,28,0,28,0,0,167,0,167,0,0,195,0,195,156,0,156,351
04/16/2018,RYN,AZ,AWP,WE,Federal Contract Tower,0,0,23,3,26,0,0,87,8,95,0,0,110,11,121,112,138,250,371
04/17/2018,RYN,AZ,AWP,WE,Federal Contract Tower,0,0,7,0,7,0,0,113,7,120,0,0,120,7,127,96,10,106,233
04/18/2018,RYN,AZ,AWP,WE,Federal Contract Tower,0,0,28,6,34,0,0,147,18,165,0,0,175,24,199,188,130,318,517
04/19/2018,RYN,AZ,AWP,WE,Federal Contract Tower,0,0,2,0,2,0,0,53,3,56,0,0,55,3,58,39,44,83,141
04/20/2018,RYN,AZ,AWP,WE,Federal Contract Tower,0,0,12,0,12,0,0,73,8,81,0,0,85,8,93,74,44,118,211
04/21/2018,RYN,AZ,AWP,WE,Federal Contract Tower,0,0,3,0,3,0,0,149,2,151,0,0,152,2,154,220,2,222,376
04/22/2018,RYN,AZ,AWP,WE,Federal Contract Tower,0,0,12,0,12,0,0,118,0,118,0,0,130,0,130,194,0,194,324
04/23/2018,RYN,AZ,AWP,WE,Federal Contract Tower,0,0,17,0,17,0,0,116,4,120,0,0,133,4,137,136,0,136,273
04/24/2018,RYN,AZ,AWP,WE,Federal Contract Tower,0,0,2,0,2,0,0,129,4,133,0,0,131,4,135,184,92,276,411
04/25/2018,RYN,AZ,AWP,WE,Federal Contract Tower,0,0,3,0,3,0,0,78,2,80,0,0,81,2,83,74,6,80,163
04/26/2018,RYN,AZ,AWP,WE,Federal Contract Tower,0,0,2,0,2,0,0,82,2,84,0,0,84,2,86,116,24,140,226
04/27/2018,RYN,AZ,AWP,WE,Federal Contract Tower,0,0,14,0,14,0,0,101,2,103,0,0,115,2,117,162,30,192,309
04/28/2018,RYN,AZ,AWP,WE,Federal Contract Tower,0,0,9,0,9,0,0,123,0,123,0,0,132,0,132,214,0,214,346
04/29/2018,RYN,AZ,AWP,WE,Federal Contract Tower,0,0,3,0,3,0,0,127,0,127,0,0,130,0,130,146,0,146,276
04/30/2018,RYN,AZ,AWP,WE,Federal Contract Tower,0,0,0,0,0,0,0,85,13,98,0,0,85,13,98,126,150,276,374
05/01/2018,RYN,AZ,AWP,WE,Federal Contract Tower,0,0,1,0,1,0,0,21,16,37,0,0,22,16,38,70,6,76,114
05/02/2018,RYN,AZ,AWP,WE,Federal Contract Tower,0,0,1,0,1,0,0,62,2,64,0,0,63,2,65,24,24,48,113
05/03/2018,RYN,AZ,AWP,WE,Federal Contract Tower,0,0,10,0,10,0,0,81,8,89,0,0,91,8,99,148,86,234,333
05/04/2018,RYN,AZ,AWP,WE,Federal Contract Tower,0,0,8,0,8,0,0,82,4,86,0,0,90,4,94,130,28,158,252
05/05/2018,RYN,AZ,AWP,WE,Federal Contract Tower,0,0,2,0,2,0,0,68,0,68,0,0,70,0,70,74,0,74,144
05/06/2018,RYN,AZ,AWP,WE,Federal Contract Tower,0,0,0,0,0,0,0,69,2,71,0,0,69,2,71,74,12,86,157
05/07/2018,RYN,AZ,AWP,WE,Federal Contract Tower,0,0,8,0,8,0,0,57,8,65,0,0,65,8,73,110,16,126,199
05/08/2018,RYN,AZ,AWP,WE,Federal Contract Tower,0,0,6,4,10,0,0,79,2,81,0,0,85,6,91,170,12,182,273
05/09/2018,RYN,AZ,AWP,WE,Federal Contract Tower,0,0,2,0,2,0,0,77,0,77,0,0,79,0,79,38,0,38,117
05/10/2018,RYN,AZ,AWP,WE,Federal Contract Tower,0,0,0,0,0,0,0,44,0,44,0,0,44,0,44,30,0,30,74
05/11/2018,RYN,AZ,AWP,WE,Federal Contract Tower,0,0,1,0,1,0,0,14,0,14,0,0,15,0,15,0,0,0,15
05/12/2018,RYN,AZ,AWP,WE,Federal Contract Tower,0,0,0,0,0,0,0,43,0,43,0,0,43,0,43,52,0,52,95
05/13/2018,RYN,AZ,AWP,WE,Federal Contract Tower,0,0,0,0,0,0,0,125,0,125,0,0,125,0,125,132,0,132,257
05/14/2018,RYN,AZ,AWP,WE,Federal Contract Tower,0,0,3,0,3,0,0,105,7,112,0,0,108,7,115,188,78,266,381
05/15/2018,RYN,AZ,AWP,WE,Federal Contract Tower,0,0,21,6,27,0,0,150,12,162,0,0,171,18,189,206,64,270,459
05/16/2018,RYN,AZ,AWP,WE,Federal Contract Tower,0,0,5,0,5,0,0,94,2,96,0,0,99,2,101,80,44,124,225
05/17/2018,RYN,AZ,AWP,WE,Federal Contract Tower,0,0,2,0,2,0,0,76,8,84,0,0,78,8,86,108,54,162,248
05/18/2018,RYN,AZ,AWP,WE,Federal Contract Tower,0,0,16,0,16,0,0,89,13,102,0,0,105,13,118,92,84,176,294
05/19/2018,RYN,AZ,AWP,WE,Federal Contract Tower,0,0,45,0,45,0,0,209,0,209,0,0,254,0,254,159,0,159,413
05/20/2018,RYN,AZ,AWP,WE,Federal Contract Tower,0,0,0,0,0,0,0,123,0,123,0,0,123,0,123,202,0,202,325
05/21/2018,RYN,AZ,AWP,WE,Federal Contract Tower,0,0,23,0,23,0,0,123,0,123,0,0,146,0,146,222,0,222,368
05/22/2018,RYN,AZ,AWP,WE,Federal Contract Tower,0,0,15,0,15,0,0,75,11,86,0,0,90,11,101,108,64,172,273
05/23/2018,RYN,AZ,AWP,WE,Federal Contract Tower,0,0,14,0,14,0,0,88,4,92,0,0,102,4,106,140,30,170,276
05/24/2018,RYN,AZ,AWP,WE,Federal Contract Tower,0,0,10,6,16,0,0,53,10,63,0,0,63,16,79,98,58,156,235
05/25/2018,RYN,AZ,AWP,WE,Federal Contract Tower,0,0,5,0,5,0,0,102,0,102,0,0,107,0,107,172,0,172,279
05/26/2018,RYN,AZ,AWP,WE,Federal Contract Tower,0,0,2,0,2,0,0,93,0,93,0,0,95,0,95,110,0,110,205
05/27/2018,RYN,AZ,AWP,WE,Federal Contract Tower,0,0,0,0,0,0,0,0,0,0,0,0,0,0,0,178,0,178,178
05/28/2018,RYN,AZ,AWP,WE,Federal Contract Tower,0,0,9,0,9,0,0,79,0,79,0,0,88,0,88,120,0,120,208
05/29/2018,RYN,AZ,AWP,WE,Federal Contract Tower,0,0,8,5,13,0,0,54,7,61,0,0,62,12,74,92,22,114,188
05/30/2018,RYN,AZ,AWP,WE,Federal Contract Tower,0,0,2,0,2,0,0,84,10,94,0,0,86,10,96,104,70,174,270
05/31/2018,RYN,AZ,AWP,WE,Federal Contract Tower,0,0,18,3,21,0,0,68,26,94,0,0,86,29,115,103,109,212,327
06/01/2018,RYN,AZ,AWP,WE,Federal Contract Tower,0,0,7,0,7,0,0,92,5,97,0,0,99,5,104,104,62,166,270
06/02/2018,RYN,AZ,AWP,WE,Federal Contract Tower,0,0,25,4,29,0,0,55,5,60,0,0,80,9,89,87,22,109,198
06/03/2018,RYN,AZ,AWP,WE,Federal Contract Tower,0,0,6,0,6,0,0,22,0,22,0,0,28,0,28,31,0,31,59
06/04/2018,RYN,AZ,AWP,WE,Federal Contract Tower,0,0,11,0,11,0,0,119,3,122,0,0,130,3,133,142,4,146,279
06/05/2018,RYN,AZ,AWP,WE,Federal Contract Tower,0,0,4,0,4,0,0,58,19,77,0,0,62,19,81,75,72,147,228
06/06/2018,RYN,AZ,AWP,WE,Federal Contract Tower,0,0,4,0,4,0,0,58,0,58,0,0,62,0,62,46,0,46,108
06/07/2018,RYN,AZ,AWP,WE,Federal Contract Tower,0,0,14,0,14,0,0,71,16,87,0,0,85,16,101,118,62,180,281
06/08/2018,RYN,AZ,AWP,WE,Federal Contract Tower,0,0,3,0,3,0,0,119,2,121,0,0,122,2,124,116,0,116,240
06/09/2018,RYN,AZ,AWP,WE,Federal Contract Tower,0,0,2,0,2,0,0,86,0,86,0,0,88,0,88,103,0,103,191
06/10/2018,RYN,AZ,AWP,WE,Federal Contract Tower,0,0,0,0,0,0,0,87,0,87,0,0,87,0,87,139,0,139,226
06/11/2018,RYN,AZ,AWP,WE,Federal Contract Tower,0,0,12,0,12,0,0,60,11,71,0,0,72,11,83,140,85,225,308
06/12/2018,RYN,AZ,AWP,WE,Federal Contract Tower,0,0,22,0,22,0,0,66,120,186,0,0,88,120,208,147,52,199,407
06/13/2018,RYN,AZ,AWP,WE,Federal Contract Tower,0,0,11,0,11,0,0,85,9,94,0,0,96,9,105,142,54,196,301
06/14/2018,RYN,AZ,AWP,WE,Federal Contract Tower,0,0,4,0,4,0,0,51,2,53,0,0,55,2,57,112,0,112,169
06/15/2018,RYN,AZ,AWP,WE,Federal Contract Tower,0,0,6,0,6,0,0,34,4,38,0,0,40,4,44,74,16,90,134
06/16/2018,RYN,AZ,AWP,WE,Federal Contract Tower,0,0,3,0,3,0,0,3,0,3,0,0,6,0,6,2,0,2,8
06/17/2018,RYN,AZ,AWP,WE,Federal Contract Tower,0,0,1,0,1,0,0,44,0,44,0,0,45,0,45,52,0,52,97
06/18/2018,RYN,AZ,AWP,WE,Federal Contract Tower,0,0,5,0,5,0,0,125,0,125,0,0,130,0,130,170,0,170,300
06/19/2018,RYN,AZ,AWP,WE,Federal Contract Tower,0,0,10,0,10,0,0,96,2,98,0,0,106,2,108,182,28,210,318
06/20/2018,RYN,AZ,AWP,WE,Federal Contract Tower,0,0,3,0,3,0,0,87,0,87,0,0,90,0,90,84,0,84,174
06/21/2018,RYN,AZ,AWP,WE,Federal Contract Tower,0,0,2,0,2,0,0,90,9,99,0,0,92,9,101,162,44,206,307
06/22/2018,RYN,AZ,AWP,WE,Federal Contract Tower,0,0,5,0,5,0,0,63,4,67,0,0,68,4,72,90,36,126,198
06/23/2018,RYN,AZ,AWP,WE,Federal Contract Tower,0,0,8,0,8,0,0,43,0,43,0,0,51,0,51,45,0,45,96
06/24/2018,RYN,AZ,AWP,WE,Federal Contract Tower,0,0,1,0,1,0,0,50,0,50,0,0,51,0,51,84,0,84,135
06/25/2018,RYN,AZ,AWP,WE,Federal Contract Tower,0,0,2,0,2,0,0,117,1,118,0,0,119,1,120,194,36,230,350
06/26/2018,RYN,AZ,AWP,WE,Federal Contract Tower,0,0,4,0,4,0,0,110,0,110,0,0,114,0,114,198,0,198,312
06/27/2018,RYN,AZ,AWP,WE,Federal Contract Tower,0,0,5,0,5,0,0,102,8,110,0,0,107,8,115,148,30,178,293
06/28/2018,RYN,AZ,AWP,WE,Federal Contract Tower,0,0,4,0,4,0,0,65,0,65,0,0,69,0,69,90,0,90,159
06/29/2018,RYN,AZ,AWP,WE,Federal Contract Tower,0,0,3,0,3,0,0,56,0,56,0,0,59,0,59,68,0,68,127
06/30/2018,RYN,AZ,AWP,WE,Federal Contract Tower,0,0,3,0,3,0,0,99,0,99,0,0,102,0,102,144,0,144,246
07/01/2018,RYN,AZ,AWP,WE,Federal Contract Tower,0,0,9,0,9,0,0,58,0,58,0,0,67,0,67,68,0,68,135
07/02/2018,RYN,AZ,AWP,WE,Federal Contract Tower,0,0,12,0,12,0,0,80,9,89,0,0,92,9,101,104,72,176,277
07/03/2018,RYN,AZ,AWP,WE,Federal Contract Tower,0,0,18,0,18,0,0,72,0,72,0,0,90,0,90,136,0,136,226
07/04/2018,RYN,AZ,AWP,WE,Federal Contract Tower,0,0,6,0,6,0,0,82,0,82,0,0,88,0,88,98,0,98,186
07/05/2018,RYN,AZ,AWP,WE,Federal Contract Tower,0,0,9,0,9,0,0,54,3,57,0,0,63,3,66,56,0,56,122
07/06/2018,RYN,AZ,AWP,WE,Federal Contract Tower,0,0,1,2,3,0,0,6,0,6,0,0,7,2,9,6,2,8,17
07/07/2018,RYN,AZ,AWP,WE,Federal Contract Tower,0,0,3,0,3,0,0,47,0,47,0,0,50,0,50,60,0,60,110
07/08/2018,RYN,AZ,AWP,WE,Federal Contract Tower,0,0,6,0,6,0,0,28,0,28,0,0,34,0,34,46,0,46,80
07/09/2018,RYN,AZ,AWP,WE,Federal Contract Tower,0,0,3,0,3,0,0,78,2,80,0,0,81,2,83,160,0,160,243
07/10/2018,RYN,AZ,AWP,WE,Federal Contract Tower,0,0,5,0,5,0,0,15,0,15,0,0,20,0,20,30,0,30,50
07/11/2018,RYN,AZ,AWP,WE,Federal Contract Tower,0,0,3,0,3,0,0,62,4,66,0,0,65,4,69,56,40,96,165
07/12/2018,RYN,AZ,AWP,WE,Federal Contract Tower,0,0,15,0,15,0,0,44,2,46,0,0,59,2,61,83,4,87,148
07/13/2018,RYN,AZ,AWP,WE,Federal Contract Tower,0,0,11,0,11,0,0,54,2,56,0,0,65,2,67,82,2,84,151
07/14/2018,RYN,AZ,AWP,WE,Federal Contract Tower,0,0,7,0,7,0,0,58,0,58,0,0,65,0,65,122,0,122,187
07/15/2018,RYN,AZ,AWP,WE,Federal Contract Tower,0,0,4,0,4,0,0,22,0,22,0,0,26,0,26,52,0,52,78
07/16/2018,RYN,AZ,AWP,WE,Federal Contract Tower,0,0,6,0,6,0,0,64,4,68,0,0,70,4,74,122,8,130,204
07/17/2018,RYN,AZ,AWP,WE,Federal Contract Tower,0,0,6,0,6,0,0,68,4,72,0,0,74,4,78,140,14,154,232
07/18/2018,RYN,AZ,AWP,WE,Federal Contract Tower,0,0,7,0,7,0,0,93,14,107,0,0,100,14,114,162,76,238,352
07/19/2018,RYN,AZ,AWP,WE,Federal Contract Tower,0,0,5,0,5,0,0,35,5,40,0,0,40,5,45,46,28,74,119
07/20/2018,RYN,AZ,AWP,WE,Federal Contract Tower,0,0,25,0,25,0,0,65,0,65,0,0,90,0,90,108,16,124,214
07/21/2018,RYN,AZ,AWP,WE,Federal Contract Tower,0,0,7,0,7,0,0,59,0,59,0,0,66,0,66,105,0,105,171
07/22/2018,RYN,AZ,AWP,WE,Federal Contract Tower,0,0,0,0,0,0,0,137,0,137,0,0,137,0,137,196,0,196,333
07/23/2018,RYN,AZ,AWP,WE,Federal Contract Tower,0,0,10,4,14,0,0,52,2,54,0,0,62,6,68,76,44,120,188
07/24/2018,RYN,AZ,AWP,WE,Federal Contract Tower,0,0,2,2,4,0,0,22,8,30,0,0,24,10,34,40,46,86,120
07/26/2018,RYN,AZ,AWP,WE,Federal Contract Tower,0,0,7,0,7,0,0,4,0,4,0,0,11,0,11,73,64,137,148
07/27/2018,RYN,AZ,AWP,WE,Federal Contract Tower,0,0,11,0,11,0,0,35,0,35,0,0,46,0,46,51,54,105,151
07/28/2018,RYN,AZ,AWP,WE,Federal Contract Tower,0,0,4,0,4,0,0,35,0,35,0,0,39,0,39,36,0,36,75
07/29/2018,RYN,AZ,AWP,WE,Federal Contract Tower,0,0,3,0,3,0,0,86,0,86,0,0,89,0,89,104,0,104,193
07/30/2018,RYN,AZ,AWP,WE,Federal Contract Tower,0,0,1,0,1,0,0,94,4,98,0,0,95,4,99,132,66,198,297
07/31/2018,RYN,AZ,AWP,WE,Federal Contract Tower,0,0,5,2,7,0,0,50,14,64,0,0,55,16,71,88,136,224,295
08/01/2018,RYN,AZ,AWP,WE,Federal Contract Tower,0,0,2,0,2,0,0,50,18,68,0,0,52,18,70,56,88,144,214
08/02/2018,RYN,AZ,AWP,WE,Federal Contract Tower,0,0,17,0,17,0,0,81,12,93,0,0,98,12,110,86,76,162,272
08/03/2018,RYN,AZ,AWP,WE,Federal Contract Tower,0,0,9,0,9,0,0,68,8,76,0,0,77,8,85,126,50,176,261
08/04/2018,RYN,AZ,AWP,WE,Federal Contract Tower,0,0,18,0,18,0,0,51,0,51,0,0,69,0,69,110,25,135,204
08/05/2018,RYN,AZ,AWP,WE,Federal Contract Tower,0,0,4,0,4,0,0,30,0,30,0,0,34,0,34,78,0,78,112
08/06/2018,RYN,AZ,AWP,WE,Federal Contract Tower,0,0,4,0,4,0,0,132,7,139,0,0,136,7,143,184,68,252,395
08/07/2018,RYN,AZ,AWP,WE,Federal Contract Tower,0,0,6,0,6,0,0,68,12,80,0,0,74,12,86,108,88,196,282
08/08/2018,RYN,AZ,AWP,WE,Federal Contract Tower,0,0,8,2,10,0,0,53,8,61,0,0,61,10,71,62,14,76,147
08/10/2018,RYN,AZ,AWP,WE,Federal Contract Tower,0,0,13,2,15,0,0,61,2,63,0,0,74,4,78,120,2,122,200
08/11/2018,RYN,AZ,AWP,WE,Federal Contract Tower,0,0,2,0,2,0,0,23,0,23,0,0,25,0,25,45,0,45,70
08/12/2018,RYN,AZ,AWP,WE,Federal Contract Tower,0,0,2,0,2,0,0,8,0,8,0,0,10,0,10,14,11,25,35
08/13/2018,RYN,AZ,AWP,WE,Federal Contract Tower,0,0,12,0,12,0,0,116,7,123,0,0,128,7,135,134,72,206,341
08/14/2018,RYN,AZ,AWP,WE,Federal Contract Tower,0,0,8,0,8,0,0,63,6,69,0,0,71,6,77,86,10,96,173
08/15/2018,RYN,AZ,AWP,WE,Federal Contract Tower,0,0,4,0,4,0,0,63,8,71,0,0,67,8,75,126,0,126,201
08/16/2018,RYN,AZ,AWP,WE,Federal Contract Tower,0,0,11,0,11,0,0,80,6,86,0,0,91,6,97,106,20,126,223
08/17/2018,RYN,AZ,AWP,WE,Federal Contract Tower,0,0,13,0,13,0,0,89,10,99,0,0,102,10,112,104,52,156,268
08/18/2018,RYN,AZ,AWP,WE,Federal Contract Tower,0,0,7,0,7,0,0,52,0,52,0,0,59,0,59,84,0,84,143
08/19/2018,RYN,AZ,AWP,WE,Federal Contract Tower,0,0,4,0,4,0,0,69,0,69,0,0,73,0,73,91,0,91,164
08/20/2018,RYN,AZ,AWP,WE,Federal Contract Tower,0,0,3,0,3,0,0,111,3,114,0,0,114,3,117,152,0,152,269
08/21/2018,RYN,AZ,AWP,WE,Federal Contract Tower,0,0,6,0,6,0,0,60,9,69,0,0,66,9,75,88,54,142,217
08/22/2018,RYN,AZ,AWP,WE,Federal Contract Tower,0,0,4,0,4,0,0,62,4,66,0,0,66,4,70,104,0,104,174
08/23/2018,RYN,AZ,AWP,WE,Federal Contract Tower,0,0,10,0,10,0,0,37,1,38,0,0,47,1,48,78,8,86,134
08/24/2018,RYN,AZ,AWP,WE,Federal Contract Tower,0,0,16,4,20,0,0,71,10,81,0,0,87,14,101,92,8,100,201
08/25/2018,RYN,AZ,AWP,WE,Federal Contract Tower,0,0,3,0,3,0,0,97,0,97,0,0,100,0,100,90,0,90,190
08/26/2018,RYN,AZ,AWP,WE,Federal Contract Tower,0,0,4,0,4,0,0,19,0,19,0,0,23,0,23,51,0,51,74
08/27/2018,RYN,AZ,AWP,WE,Federal Contract Tower,0,0,5,0,5,0,0,114,6,120,0,0,119,6,125,128,90,218,343
08/28/2018,RYN,AZ,AWP,WE,Federal Contract Tower,0,0,3,0,3,0,0,68,15,83,0,0,71,15,86,108,112,220,306
08/29/2018,RYN,AZ,AWP,WE,Federal Contract Tower,0,0,3,0,3,0,0,51,3,54,0,0,54,3,57,88,17,105,162
08/30/2018,RYN,AZ,AWP,WE,Federal Contract Tower,0,0,4,0,4,0,0,63,4,67,0,0,67,4,71,78,0,78,149
08/31/2018,RYN,AZ,AWP,WE,Federal Contract Tower,0,0,6,0,6,0,0,89,2,91,0,0,95,2,97,70,0,70,167
09/01/2018,RYN,AZ,AWP,WE,Federal Contract Tower,0,0,3,0,3,0,0,57,0,57,0,0,60,0,60,46,0,46,106
09/02/2018,RYN,AZ,AWP,WE,Federal Contract Tower,0,0,2,0,2,0,0,53,0,53,0,0,55,0,55,33,0,33,88
09/03/2018,RYN,AZ,AWP,WE,Federal Contract Tower,0,0,0,0,0,0,0,104,0,104,0,0,104,0,104,204,0,204,308
09/04/2018,RYN,AZ,AWP,WE,Federal Contract Tower,0,0,1,0,1,0,0,65,4,69,0,0,66,4,70,122,0,122,192
09/05/2018,RYN,AZ,AWP,WE,Federal Contract Tower,0,0,7,0,7,0,0,84,7,91,0,0,91,7,98,134,26,160,258
09/06/2018,RYN,AZ,AWP,WE,Federal Contract Tower,0,0,4,0,4,0,0,69,2,71,0,0,73,2,75,76,22,98,173
09/07/2018,RYN,AZ,AWP,WE,Federal Contract Tower,0,0,8,0,8,0,0,91,3,94,0,0,99,3,102,96,26,122,224
09/08/2018,RYN,AZ,AWP,WE,Federal Contract Tower,0,0,2,0,2,0,0,36,0,36,0,0,38,0,38,82,0,82,120
09/09/2018,RYN,AZ,AWP,WE,Federal Contract Tower,0,0,9,0,9,0,0,32,0,32,0,0,41,0,41,85,0,85,126
09/10/2018,RYN,AZ,AWP,WE,Federal Contract Tower,0,0,4,0,4,0,0,98,2,100,0,0,102,2,104,160,26,186,290
09/11/2018,RYN,AZ,AWP,WE,Federal Contract Tower,0,0,5,0,5,0,0,80,6,86,0,0,85,6,91,91,38,129,220
09/12/2018,RYN,AZ,AWP,WE,Federal Contract Tower,0,0,9,0,9,0,0,63,14,77,0,0,72,14,86,143,15,158,244
09/13/2018,RYN,AZ,AWP,WE,Federal Contract Tower,0,0,7,2,9,0,0,65,9,74,0,0,72,11,83,123,42,165,248
09/14/2018,RYN,AZ,AWP,WE,Federal Contract Tower,0,0,9,1,10,0,0,73,2,75,0,0,82,3,85,78,56,134,219
09/15/2018,RYN,AZ,AWP,WE,Federal Contract Tower,0,0,14,0,14,0,0,0,42,42,0,0,14,42,56,89,0,89,145
09/16/2018,RYN,AZ,AWP,WE,Federal Contract Tower,0,0,7,0,7,0,0,79,0,79,0,0,86,0,86,196,0,196,282
09/17/2018,RYN,AZ,AWP,WE,Federal Contract Tower,0,0,3,0,3,0,0,118,5,123,0,0,121,5,126,174,80,254,380
09/18/2018,RYN,AZ,AWP,WE,Federal Contract Tower,0,0,2,1,3,0,0,63,14,77,0,0,65,15,80,102,74,176,256
09/19/2018,RYN,AZ,AWP,WE,Federal Contract Tower,0,0,1,0,1,0,0,27,0,27,0,0,28,0,28,50,0,50,78
09/20/2018,RYN,AZ,AWP,WE,Federal Contract Tower,0,0,2,0,2,0,0,29,0,29,0,0,31,0,31,16,0,16,47
09/21/2018,RYN,AZ,AWP,WE,Federal Contract Tower,0,0,5,0,5,0,0,70,7,77,0,0,75,7,82,76,78,154,236
09/22/2018,RYN,AZ,AWP,WE,Federal Contract Tower,0,0,3,0,3,0,0,21,0,21,0,0,24,0,24,11,0,11,35
09/23/2018,RYN,AZ,AWP,WE,Federal Contract Tower,0,0,0,0,0,0,0,0,61,61,0,0,0,61,61,181,0,181,242
09/24/2018,RYN,AZ,AWP,WE,Federal Contract Tower,0,0,5,0,5,0,0,124,11,135,0,0,129,11,140,224,64,288,428
09/25/2018,RYN,AZ,AWP,WE,Federal Contract Tower,0,0,7,7,14,0,0,93,6,99,0,0,100,13,113,204,8,212,325
09/26/2018,RYN,AZ,AWP,WE,Federal Contract Tower,0,0,8,1,9,0,0,66,25,91,0,0,74,26,100,82,96,178,278
09/27/2018,RYN,AZ,AWP,WE,Federal Contract Tower,0,0,8,2,10,0,0,89,30,119,0,0,97,32,129,116,42,158,287
09/28/2018,RYN,AZ,AWP,WE,Federal Contract Tower,0,0,2,0,2,0,0,95,11,106,0,0,97,11,108,90,74,164,272
09/30/2018,RYN,AZ,AWP,WE,Federal Contract Tower,0,0,4,0,4,0,0,53,0,53,0,0,57,0,57,51,0,51,108
10/01/2018,RYN,AZ,AWP,WE,Federal Contract Tower,0,0,4,0,4,0,0,29,0,29,0,0,33,0,33,58,0,58,91
10/02/2018,RYN,AZ,AWP,WE,Federal Contract Tower,0,0,5,6,11,0,0,5,6,11,0,0,10,12,22,0,64,64,86
10/03/2018,RYN,AZ,AWP,WE,Federal Contract Tower,0,0,12,3,15,0,0,71,16,87,0,0,83,19,102,66,4,70,172
10/04/2018,RYN,AZ,AWP,WE,Federal Contract Tower,0,0,15,4,19,0,0,67,3,70,0,0,82,7,89,117,27,144,233
10/05/2018,RYN,AZ,AWP,WE,Federal Contract Tower,0,0,11,0,11,0,0,76,0,76,0,0,87,0,87,79,0,79,166
10/06/2018,RYN,AZ,AWP,WE,Federal Contract Tower,0,0,7,0,7,0,0,46,0,46,0,0,53,0,53,103,0,103,156
10/07/2018,RYN,AZ,AWP,WE,Federal Contract Tower,0,0,3,0,3,0,0,37,0,37,0,0,40,0,40,68,0,68,108
10/08/2018,RYN,AZ,AWP,WE,Federal Contract Tower,0,0,4,0,4,0,0,81,0,81,0,0,85,0,85,190,0,190,275
10/09/2018,RYN,AZ,AWP,WE,Federal Contract Tower,0,0,4,0,4,0,0,66,1,67,0,0,70,1,71,176,54,230,301
10/10/2018,RYN,AZ,AWP,WE,Federal Contract Tower,0,0,15,0,15,0,0,67,3,70,0,0,82,3,85,195,1,196,281
10/11/2018,RYN,AZ,AWP,WE,Federal Contract Tower,0,0,8,3,11,0,0,41,0,41,0,0,49,3,52,28,0,28,80
10/12/2018,RYN,AZ,AWP,WE,Federal Contract Tower,0,0,4,0,4,0,0,8,0,8,0,0,12,0,12,21,0,21,33
10/13/2018,RYN,AZ,AWP,WE,Federal Contract Tower,0,0,28,0,28,0,0,7,0,7,0,0,35,0,35,40,0,40,75
10/14/2018,RYN,AZ,AWP,WE,Federal Contract Tower,0,0,16,0,16,0,0,75,0,75,0,0,91,0,91,168,0,168,259
10/15/2018,RYN,AZ,AWP,WE,Federal Contract Tower,0,0,3,0,3,0,0,116,4,120,0,0,119,4,123,138,68,206,329
10/16/2018,RYN,AZ,AWP,WE,Federal Contract Tower,0,0,9,0,9,0,0,65,7,72,0,0,74,7,81,90,32,122,203
10/17/2018,RYN,AZ,AWP,WE,Federal Contract Tower,0,0,5,0,5,0,0,29,9,38,0,0,34,9,43,36,26,62,105
10/18/2018,RYN,AZ,AWP,WE,Federal Contract Tower,0,0,14,2,16,0,0,35,3,38,0,0,49,5,54,50,25,75,129
10/19/2018,RYN,AZ,AWP,WE,Federal Contract Tower,0,0,7,0,7,0,0,56,3,59,0,0,63,3,66,46,26,72,138
10/20/2018,RYN,AZ,AWP,WE,Federal Contract Tower,0,0,0,2,2,0,0,0,34,34,0,0,0,36,36,81,0,81,117
10/21/2018,RYN,AZ,AWP,WE,Federal Contract Tower,0,0,2,0,2,0,0,17,0,17,0,0,19,0,19,29,0,29,48
10/22/2018,RYN,AZ,AWP,WE,Federal Contract Tower,0,0,8,1,9,0,0,106,5,111,0,0,114,6,120,238,106,344,464
10/23/2018,RYN,AZ,AWP,WE,Federal Contract Tower,0,0,2,0,2,0,0,35,0,35,0,0,37,0,37,44,0,44,81
10/24/2018,RYN,AZ,AWP,WE,Federal Contract Tower,0,0,14,6,20,0,0,172,9,181,0,0,186,15,201,362,80,442,643
10/25/2018,RYN,AZ,AWP,WE,Federal Contract Tower,0,0,11,1,12,0,0,116,1,117,0,0,127,2,129,152,48,200,329
10/26/2018,RYN,AZ,AWP,WE,Federal Contract Tower,0,0,8,0,8,0,0,75,2,77,0,0,83,2,85,92,2,94,179
10/27/2018,RYN,AZ,AWP,WE,Federal Contract Tower,0,0,3,0,3,0,0,88,0,88,0,0,91,0,91,132,16,148,239
10/28/2018,RYN,AZ,AWP,WE,Federal Contract Tower,0,0,4,0,4,0,0,33,0,33,0,0,37,0,37,79,0,79,116
10/29/2018,RYN,AZ,AWP,WE,Federal Contract Tower,0,0,9,0,9,0,0,165,2,167,0,0,174,2,176,276,16,292,468
10/30/2018,RYN,AZ,AWP,WE,Federal Contract Tower,0,0,4,4,8,0,0,103,6,109,0,0,107,10,117,204,40,244,361
10/31/2018,RYN,AZ,AWP,WE,Federal Contract Tower,0,0,6,0,6,0,0,78,2,80,0,0,84,2,86,114,8,122,208
11/01/2018,RYN,AZ,AWP,WE,Federal Contract Tower,0,0,0,0,0,0,0,103,4,107,0,0,103,4,107,196,20,216,323
11/02/2018,RYN,AZ,AWP,WE,Federal Contract Tower,0,0,1,1,2,0,0,58,0,58,0,0,59,1,60,92,0,92,152
11/03/2018,RYN,AZ,AWP,WE,Federal Contract Tower,0,0,2,0,2,0,0,58,0,58,0,0,60,0,60,125,0,125,185
11/04/2018,RYN,AZ,AWP,WE,Federal Contract Tower,0,0,0,0,0,0,0,65,0,65,0,0,65,0,65,133,0,133,198
11/05/2018,RYN,AZ,AWP,WE,Federal Contract Tower,0,0,0,0,0,0,0,107,0,107,0,0,107,0,107,211,48,259,366
11/06/2018,RYN,AZ,AWP,WE,Federal Contract Tower,0,0,0,0,0,0,0,62,6,68,0,0,62,6,68,138,18,156,224
11/07/2018,RYN,AZ,AWP,WE,Federal Contract Tower,0,0,109,1,110,0,0,0,0,0,0,0,109,1,110,179,1,180,290
11/08/2018,RYN,AZ,AWP,WE,Federal Contract Tower,0,0,0,0,0,0,0,88,2,90,0,0,88,2,90,108,14,122,212
11/09/2018,RYN,AZ,AWP,WE,Federal Contract Tower,0,0,0,0,0,0,0,118,0,118,0,0,118,0,118,181,0,181,299
11/10/2018,RYN,AZ,AWP,WE,Federal Contract Tower,0,0,3,0,3,0,0,63,0,63,0,0,66,0,66,67,0,67,133
11/11/2018,RYN,AZ,AWP,WE,Federal Contract Tower,0,0,2,0,2,0,0,78,0,78,0,0,80,0,80,117,5,122,202
11/12/2018,RYN,AZ,AWP,WE,Federal Contract Tower,0,0,0,0,0,0,0,92,0,92,0,0,92,0,92,178,0,178,270
11/13/2018,RYN,AZ,AWP,WE,Federal Contract Tower,0,0,0,0,0,0,0,39,15,54,0,0,39,15,54,86,66,152,206
11/14/2018,RYN,AZ,AWP,WE,Federal Contract Tower,0,0,0,0,0,0,0,24,11,35,0,0,24,11,35,15,87,102,137
11/15/2018,RYN,AZ,AWP,WE,Federal Contract Tower,0,0,4,0,4,0,0,53,6,59,0,0,57,6,63,72,12,84,147
11/16/2018,RYN,AZ,AWP,WE,Federal Contract Tower,0,0,0,1,1,0,0,48,8,56,0,0,48,9,57,71,0,71,128
11/17/2018,RYN,AZ,AWP,WE,Federal Contract Tower,0,0,0,0,0,0,0,103,0,103,0,0,103,0,103,206,0,206,309
11/18/2018,RYN,AZ,AWP,WE,Federal Contract Tower,0,0,1,0,1,0,0,157,0,157,0,0,158,0,158,288,0,288,446
11/19/2018,RYN,AZ,AWP,WE,Federal Contract Tower,0,0,0,0,0,0,0,145,3,148,0,0,145,3,148,218,138,356,504
11/20/2018,RYN,AZ,AWP,WE,Federal Contract Tower,0,0,0,0,0,0,0,115,3,118,0,0,115,3,118,146,78,224,342
11/21/2018,RYN,AZ,AWP,WE,Federal Contract Tower,0,0,2,0,2,0,0,124,2,126,0,0,126,2,128,168,0,168,296
11/22/2018,RYN,AZ,AWP,WE,Federal Contract Tower,0,0,0,0,0,0,0,23,3,26,0,0,23,3,26,27,0,27,53
11/23/2018,RYN,AZ,AWP,WE,Federal Contract Tower,0,0,1,0,1,0,0,72,0,72,0,0,73,0,73,134,0,134,207
11/24/2018,RYN,AZ,AWP,WE,Federal Contract Tower,0,0,0,0,0,0,0,87,0,87,0,0,87,0,87,260,0,260,347
11/25/2018,RYN,AZ,AWP,WE,Federal Contract Tower,0,0,3,0,3,0,0,37,0,37,0,0,40,0,40,77,0,77,117
11/26/2018,RYN,AZ,AWP,WE,Federal Contract Tower,0,0,2,0,2,0,0,141,4,145,0,0,143,4,147,224,118,342,489
11/27/2018,RYN,AZ,AWP,WE,Federal Contract Tower,0,0,2,0,2,0,0,88,3,91,0,0,90,3,93,126,78,204,297
11/28/2018,RYN,AZ,AWP,WE,Federal Contract Tower,0,0,0,0,0,0,0,68,6,74,0,0,68,6,74,103,78,181,255
11/29/2018,RYN,AZ,AWP,WE,Federal Contract Tower,0,0,0,0,0,0,0,73,5,78,0,0,73,5,78,120,17,137,215
11/30/2018,RYN,AZ,AWP,WE,Federal Contract Tower,0,0,1,0,1,0,0,53,5,58,0,0,54,5,59,104,28,132,191
12/01/2018,RYN,AZ,AWP,WE,Federal Contract Tower,0,0,4,0,4,0,0,70,0,70,0,0,74,0,74,180,0,180,254
12/02/2018,RYN,AZ,AWP,WE,Federal Contract Tower,0,0,2,0,2,0,0,40,0,40,0,0,42,0,42,101,0,101,143
12/03/2018,RYN,AZ,AWP,WE,Federal Contract Tower,0,0,2,0,2,0,0,103,6,109,0,0,105,6,111,238,82,320,431
12/04/2018,RYN,AZ,AWP,WE,Federal Contract Tower,0,0,3,0,3,0,0,102,9,111,0,0,105,9,114,184,148,332,446
12/05/2018,RYN,AZ,AWP,WE,Federal Contract Tower,0,0,0,0,0,0,0,100,0,100,0,0,100,0,100,170,0,170,270
12/06/2018,RYN,AZ,AWP,WE,Federal Contract Tower,0,0,2,0,2,0,0,53,9,62,0,0,55,9,64,116,46,162,226
12/07/2018,RYN,AZ,AWP,WE,Federal Contract Tower,0,0,14,0,14,0,0,16,5,21,0,0,30,5,35,21,30,51,86
12/08/2018,RYN,AZ,AWP,WE,Federal Contract Tower,0,0,6,0,6,0,0,41,1,42,0,0,47,1,48,118,2,120,168
12/09/2018,RYN,AZ,AWP,WE,Federal Contract Tower,0,0,4,0,4,0,0,77,0,77,0,0,81,0,81,151,0,151,232
12/10/2018,RYN,AZ,AWP,WE,Federal Contract Tower,0,0,4,0,4,0,0,164,4,168,0,0,168,4,172,162,140,302,474
12/11/2018,RYN,AZ,AWP,WE,Federal Contract Tower,0,0,11,2,13,0,0,98,3,101,0,0,109,5,114,256,64,320,434
12/12/2018,RYN,AZ,AWP,WE,Federal Contract Tower,0,0,12,0,12,0,0,107,4,111,0,0,119,4,123,232,14,246,369
12/13/2018,RYN,AZ,AWP,WE,Federal Contract Tower,0,0,2,1,3,0,0,112,5,117,0,0,114,6,120,170,30,200,320
12/14/2018,RYN,AZ,AWP,WE,Federal Contract Tower,0,0,4,0,4,0,0,106,0,106,0,0,110,0,110,154,0,154,264
12/15/2018,RYN,AZ,AWP,WE,Federal Contract Tower,0,0,7,0,7,0,0,104,0,104,0,0,111,0,111,127,24,151,262
12/16/2018,RYN,AZ,AWP,WE,Federal Contract Tower,0,0,11,0,11,0,0,1,0,1,0,0,12,0,12,160,1,161,173
12/17/2018,RYN,AZ,AWP,WE,Federal Contract Tower,0,0,6,0,6,0,0,160,10,170,0,0,166,10,176,288,58,346,522
12/18/2018,RYN,AZ,AWP,WE,Federal Contract Tower,0,0,24,2,26,0,0,141,2,143,0,0,165,4,169,238,80,318,487
12/19/2018,RYN,AZ,AWP,WE,Federal Contract Tower,0,0,12,0,12,0,0,147,8,155,0,0,159,8,167,260,36,296,463
12/20/2018,RYN,AZ,AWP,WE,Federal Contract Tower,0,0,16,0,16,0,0,99,5,104,0,0,115,5,120,178,108,286,406
12/21/2018,RYN,AZ,AWP,WE,Federal Contract Tower,0,0,11,0,11,0,0,79,0,79,0,0,90,0,90,122,0,122,212
12/22/2018,RYN,AZ,AWP,WE,Federal Contract Tower,0,0,11,0,11,0,0,109,0,109,0,0,120,0,120,236,0,236,356
12/23/2018,RYN,AZ,AWP,WE,Federal Contract Tower,0,0,0,0,0,0,0,0,0,0,0,0,0,0,0,78,0,78,78
12/24/2018,RYN,AZ,AWP,WE,Federal Contract Tower,0,0,1,0,1,0,0,88,0,88,0,0,89,0,89,128,0,128,217
12/25/2018,RYN,AZ,AWP,WE,Federal Contract Tower,0,0,0,0,0,0,0,4,0,4,0,0,4,0,4,0,0,0,4
12/26/2018,RYN,AZ,AWP,WE,Federal Contract Tower,0,0,4,0,4,0,0,123,0,123,0,0,127,0,127,142,0,142,269
12/27/2018,RYN,AZ,AWP,WE,Federal Contract Tower,0,0,2,0,2,0,0,91,0,91,0,0,93,0,93,178,0,178,271
12/28/2018,RYN,AZ,AWP,WE,Federal Contract Tower,0,0,3,0,3,0,0,70,0,70,0,0,73,0,73,84,0,84,157
12/29/2018,RYN,AZ,AWP,WE,Federal Contract Tower,0,0,6,0,6,0,0,104,0,104,0,0,110,0,110,197,0,197,307
12/30/2018,RYN,AZ,AWP,WE,Federal Contract Tower,0,0,3,0,3,0,0,42,0,42,0,0,45,0,45,102,0,102,147
12/31/2018,RYN,AZ,AWP,WE,Federal Contract Tower,0,0,0,0,0,0,0,24,0,24,0,0,24,0,24,62,0,62,86
01/01/2019,RYN,AZ,AWP,WE,Federal Contract Tower,0,0,1,0,1,0,0,91,1,92,0,0,92,1,93,118,16,134,227
01/02/2019,RYN,AZ,AWP,WE,Federal Contract Tower,0,0,0,0,0,0,0,63,4,67,0,0,63,4,67,112,4,116,183
01/03/2019,RYN,AZ,AWP,WE,Federal Contract Tower,0,0,9,0,9,0,0,80,0,80,0,0,89,0,89,154,0,154,243
01/04/2019,RYN,AZ,AWP,WE,Federal Contract Tower,0,0,1,0,1,0,0,115,0,115,0,0,116,0,116,162,0,162,278
01/05/2019,RYN,AZ,AWP,WE,Federal Contract Tower,0,0,16,0,16,0,0,104,0,104,0,0,120,0,120,201,4,205,325
01/06/2019,RYN,AZ,AWP,WE,Federal Contract Tower,0,0,8,0,8,0,0,47,0,47,0,0,55,0,55,83,0,83,138
01/07/2019,RYN,AZ,AWP,WE,Federal Contract Tower,0,0,3,0,3,0,0,152,2,154,0,0,155,2,157,210,74,284,441
01/08/2019,RYN,AZ,AWP,WE,Federal Contract Tower,0,0,5,0,5,0,0,116,4,120,0,0,121,4,125,244,4,248,373
01/09/2019,RYN,AZ,AWP,WE,Federal Contract Tower,0,0,7,0,7,0,0,81,7,88,0,0,88,7,95,160,56,216,311
01/10/2019,RYN,AZ,AWP,WE,Federal Contract Tower,0,0,2,0,2,0,0,88,4,92,0,0,90,4,94,162,76,238,332
01/11/2019,RYN,AZ,AWP,WE,Federal Contract Tower,0,0,2,0,2,0,0,138,4,142,0,0,140,4,144,212,26,238,382
01/12/2019,RYN,AZ,AWP,WE,Federal Contract Tower,11,0,0,0,11,0,0,113,0,113,11,0,113,0,124,212,0,212,336
01/13/2019,RYN,AZ,AWP,WE,Federal Contract Tower,0,0,20,0,20,0,0,46,0,46,0,0,66,0,66,98,0,98,164
01/14/2019,RYN,AZ,AWP,WE,Federal Contract Tower,0,0,11,0,11,0,0,150,8,158,0,0,161,8,169,266,60,326,495
01/15/2019,RYN,AZ,AWP,WE,Federal Contract Tower,0,0,2,0,2,0,0,118,17,135,0,0,120,17,137,168,152,320,457
01/16/2019,RYN,AZ,AWP,WE,Federal Contract Tower,0,0,19,0,19,0,0,125,12,137,0,0,144,12,156,211,82,293,449
01/17/2019,RYN,AZ,AWP,WE,Federal Contract Tower,0,0,7,0,7,0,0,108,0,108,0,0,115,0,115,152,0,152,267
01/18/2019,RYN,AZ,AWP,WE,Federal Contract Tower,0,0,14,1,15,0,0,110,4,114,0,0,124,5,129,132,50,182,311
01/19/2019,RYN,AZ,AWP,WE,Federal Contract Tower,0,0,15,0,15,0,0,136,0,136,0,0,151,0,151,308,0,308,459
01/20/2019,RYN,AZ,AWP,WE,Federal Contract Tower,0,0,6,0,6,0,0,64,0,64,0,0,70,0,70,141,0,141,211
01/21/2019,RYN,AZ,AWP,WE,Federal Contract Tower,0,0,5,0,5,0,0,110,0,110,0,0,115,0,115,157,0,157,272
01/22/2019,RYN,AZ,AWP,WE,Federal Contract Tower,0,0,9,0,9,0,0,99,20,119,0,0,108,20,128,150,128,278,406
01/23/2019,RYN,AZ,AWP,WE,Federal Contract Tower,0,0,10,0,10,0,0,112,11,123,0,0,122,11,133,166,140,306,439
01/24/2019,RYN,AZ,AWP,WE,Federal Contract Tower,0,0,6,0,6,0,0,110,6,116,0,0,116,6,122,200,146,346,468
01/25/2019,RYN,AZ,AWP,WE,Federal Contract Tower,0,0,17,0,17,0,0,138,8,146,0,0,155,8,163,188,100,288,451
01/26/2019,RYN,AZ,AWP,WE,Federal Contract Tower,0,0,12,0,12,0,0,85,0,85,0,0,97,0,97,184,0,184,281
01/27/2019,RYN,AZ,AWP,WE,Federal Contract Tower,0,0,11,0,11,0,0,153,0,153,0,0,164,0,164,298,0,298,462
01/28/2019,RYN,AZ,AWP,WE,Federal Contract Tower,0,0,11,0,11,0,0,112,18,130,0,0,123,18,141,226,180,406,547
01/29/2019,RYN,AZ,AWP,WE,Federal Contract Tower,0,0,9,1,10,0,0,95,7,102,0,0,104,8,112,138,56,194,306
01/30/2019,RYN,AZ,AWP,WE,Federal Contract Tower,0,0,17,0,17,0,0,122,0,122,0,0,139,0,139,245,0,245,384
01/31/2019,RYN,AZ,AWP,WE,Federal Contract Tower,0,0,13,0,13,0,0,134,6,140,0,0,147,6,153,195,96,291,444
02/01/2019,RYN,AZ,AWP,WE,Federal Contract Tower,0,0,15,0,15,0,0,102,5,107,0,0,117,5,122,179,78,257,379
02/02/2019,RYN,AZ,AWP,WE,Federal Contract Tower,0,0,15,0,15,0,0,40,1,41,0,0,55,1,56,108,11,119,175
02/03/2019,RYN,AZ,AWP,WE,Federal Contract Tower,0,0,43,0,43,0,0,14,0,14,0,0,57,0,57,16,0,16,73
02/04/2019,RYN,AZ,AWP,WE,Federal Contract Tower,0,0,6,0,6,0,0,150,2,152,0,0,156,2,158,158,28,186,344
02/05/2019,RYN,AZ,AWP,WE,Federal Contract Tower,0,0,3,0,3,0,0,114,14,128,0,0,117,14,131,198,132,330,461
02/06/2019,RYN,AZ,AWP,WE,Federal Contract Tower,0,0,7,0,7,0,0,22,4,26,0,0,29,4,33,34,18,52,85
02/07/2019,RYN,AZ,AWP,WE,Federal Contract Tower,0,0,6,0,6,0,0,78,3,81,0,0,84,3,87,120,34,154,241
02/08/2019,RYN,AZ,AWP,WE,Federal Contract Tower,0,0,6,0,6,0,0,114,8,122,0,0,120,8,128,176,28,204,332
02/09/2019,RYN,AZ,AWP,WE,Federal Contract Tower,0,0,10,0,10,0,0,93,4,97,0,0,103,4,107,205,12,217,324
02/10/2019,RYN,AZ,AWP,WE,Federal Contract Tower,0,0,9,0,9,0,0,98,0,98,0,0,107,0,107,160,0,160,267
02/11/2019,RYN,AZ,AWP,WE,Federal Contract Tower,0,0,7,0,7,0,0,183,4,187,0,0,190,4,194,264,20,284,478
02/12/2019,RYN,AZ,AWP,WE,Federal Contract Tower,0,0,2,0,2,0,0,122,13,135,0,0,124,13,137,174,64,238,375
02/13/2019,RYN,AZ,AWP,WE,Federal Contract Tower,0,0,2,0,2,0,0,121,6,127,0,0,123,6,129,186,24,210,339
02/14/2019,RYN,AZ,AWP,WE,Federal Contract Tower,0,0,17,0,17,0,0,67,2,69,0,0,84,2,86,74,26,100,186
02/15/2019,RYN,AZ,AWP,WE,Federal Contract Tower,0,0,28,2,30,0,0,54,4,58,0,0,82,6,88,136,10,146,234
02/16/2019,RYN,AZ,AWP,WE,Federal Contract Tower,0,0,9,0,9,0,0,101,0,101,0,0,110,0,110,222,0,222,332
02/17/2019,RYN,AZ,AWP,WE,Federal Contract Tower,0,0,3,0,3,0,0,104,0,104,0,0,107,0,107,190,0,190,297
02/18/2019,RYN,AZ,AWP,WE,Federal Contract Tower,0,0,3,0,3,0,0,81,0,81,0,0,84,0,84,144,0,144,228
02/19/2019,RYN,AZ,AWP,WE,Federal Contract Tower,0,0,6,0,6,0,0,137,4,141,0,0,143,4,147,246,4,250,397
02/20/2019,RYN,AZ,AWP,WE,Federal Contract Tower,0,0,14,0,14,0,0,134,4,138,0,0,148,4,152,244,58,302,454
02/21/2019,RYN,AZ,AWP,WE,Federal Contract Tower,0,0,0,0,0,0,0,69,0,69,0,0,69,0,69,78,0,78,147
02/22/2019,RYN,AZ,AWP,WE,Federal Contract Tower,0,0,36,0,36,0,0,0,0,0,0,0,36,0,36,8,0,8,44
02/23/2019,RYN,AZ,AWP,WE,Federal Contract Tower,0,0,7,0,7,0,0,100,0,100,0,0,107,0,107,196,0,196,303
02/24/2019,RYN,AZ,AWP,WE,Federal Contract Tower,0,0,18,0,18,0,0,89,0,89,0,0,107,0,107,185,0,185,292
02/25/2019,RYN,AZ,AWP,WE,Federal Contract Tower,0,0,3,0,3,0,0,172,14,186,0,0,175,14,189,262,84,346,535
02/26/2019,RYN,AZ,AWP,WE,Federal Contract Tower,0,0,9,0,9,0,0,233,5,238,0,0,242,5,247,286,34,320,567
02/27/2019,RYN,AZ,AWP,WE,Federal Contract Tower,0,0,26,0,26,0,0,191,0,191,0,0,217,0,217,251,22,273,490
02/28/2019,RYN,AZ,AWP,WE,Federal Contract Tower,0,0,17,0,17,0,0,125,1,126,0,0,142,1,143,156,10,166,309
03/01/2019,RYN,AZ,AWP,WE,Federal Contract Tower,0,0,19,0,19,0,0,127,10,137,0,0,146,10,156,178,44,222,378
03/02/2019,RYN,AZ,AWP,WE,Federal Contract Tower,0,0,14,0,14,0,0,81,0,81,0,0,95,0,95,200,0,200,295
03/03/2019,RYN,AZ,AWP,WE,Federal Contract Tower,0,0,6,0,6,0,0,88,0,88,0,0,94,0,94,168,0,168,262
03/04/2019,RYN,AZ,AWP,WE,Federal Contract Tower,0,0,4,0,4,0,0,173,6,179,0,0,177,6,183,176,172,348,531
03/05/2019,RYN,AZ,AWP,WE,Federal Contract Tower,0,0,15,0,15,0,0,151,2,153,0,0,166,2,168,254,74,328,496
03/06/2019,RYN,AZ,AWP,WE,Federal Contract Tower,0,0,5,0,5,0,0,80,2,82,0,0,85,2,87,136,44,180,267
03/07/2019,RYN,AZ,AWP,WE,Federal Contract Tower,0,0,22,0,22,0,0,64,8,72,0,0,86,8,94,122,106,228,322
03/08/2019,RYN,AZ,AWP,WE,Federal Contract Tower,0,0,7,0,7,0,0,32,3,35,0,0,39,3,42,51,16,67,109
03/09/2019,RYN,AZ,AWP,WE,Federal Contract Tower,0,0,13,0,13,0,0,128,0,128,0,0,141,0,141,259,0,259,400
03/10/2019,RYN,AZ,AWP,WE,Federal Contract Tower,0,0,4,0,4,0,0,57,0,57,0,0,61,0,61,114,0,114,175
03/11/2019,RYN,AZ,AWP,WE,Federal Contract Tower,0,0,3,0,3,0,0,87,10,97,0,0,90,10,100,156,224,380,480
03/12/2019,RYN,AZ,AWP,WE,Federal Contract Tower,0,0,0,4,4,0,0,2,4,6,0,0,2,8,10,0,0,0,10
03/13/2019,RYN,AZ,AWP,WE,Federal Contract Tower,0,0,1,0,1,0,0,37,8,45,0,0,38,8,46,60,86,146,192
03/14/2019,RYN,AZ,AWP,WE,Federal Contract Tower,0,0,18,0,18,0,0,140,6,146,0,0,158,6,164,200,124,324,488
03/15/2019,RYN,AZ,AWP,WE,Federal Contract Tower,0,0,5,0,5,0,0,24,1,25,0,0,29,1,30,10,0,10,40
03/16/2019,RYN,AZ,AWP,WE,Federal Contract Tower,0,0,14,0,14,0,0,21,0,21,0,0,35,0,35,89,0,89,124
03/17/2019,RYN,AZ,AWP,WE,Federal Contract Tower,0,0,4,0,4,0,0,71,0,71,0,0,75,0,75,140,0,140,215
03/18/2019,RYN,AZ,AWP,WE,Federal Contract Tower,0,0,2,0,2,0,0,172,5,177,0,0,174,5,179,220,128,348,527
03/19/2019,RYN,AZ,AWP,WE,Federal Contract Tower,0,0,10,0,10,0,0,212,6,218,0,0,222,6,228,240,92,332,560
03/20/2019,RYN,AZ,AWP,WE,Federal Contract Tower,0,0,3,0,3,0,0,150,11,161,0,0,153,11,164,144,48,192,356
03/21/2019,RYN,AZ,AWP,WE,Federal Contract Tower,0,0,9,0,9,0,0,157,24,181,0,0,166,24,190,182,112,294,484
03/22/2019,RYN,AZ,AWP,WE,Federal Contract Tower,0,0,10,0,10,0,0,95,0,95,0,0,105,0,105,195,26,221,326
03/23/2019,RYN,AZ,AWP,WE,Federal Contract Tower,0,0,21,0,21,0,0,68,0,68,0,0,89,0,89,178,0,178,267
03/24/2019,RYN,AZ,AWP,WE,Federal Contract Tower,0,0,23,0,23,0,0,93,0,93,0,0,116,0,116,136,2,138,254
03/25/2019,RYN,AZ,AWP,WE,Federal Contract Tower,0,0,5,0,5,0,0,188,14,202,0,0,193,14,207,276,66,342,549
03/26/2019,RYN,AZ,AWP,WE,Federal Contract Tower,0,0,4,0,4,0,0,153,6,159,0,0,157,6,163,254,74,328,491
03/27/2019,RYN,AZ,AWP,WE,Federal Contract Tower,0,0,14,0,14,0,0,56,5,61,0,0,70,5,75,132,42,174,249
03/28/2019,RYN,AZ,AWP,WE,Federal Contract Tower,0,0,4,0,4,0,0,171,0,171,0,0,175,0,175,208,62,270,445
03/29/2019,RYN,AZ,AWP,WE,Federal Contract Tower,0,0,42,8,50,0,0,194,2,196,0,0,236,10,246,262,14,276,522
03/30/2019,RYN,AZ,AWP,WE,Federal Contract Tower,0,0,20,0,20,0,0,152,0,152,0,0,172,0,172,227,0,227,399
03/31/2019,RYN,AZ,AWP,WE,Federal Contract Tower,0,0,26,0,26,0,0,83,0,83,0,0,109,0,109,176,0,176,285
04/01/2019,RYN,AZ,AWP,WE,Federal Contract Tower,0,0,7,0,7,0,0,95,1,96,0,0,102,1,103,132,12,144,247
04/02/2019,RYN,AZ,AWP,WE,Federal Contract Tower,0,0,18,0,18,0,0,76,4,80,0,0,94,4,98,130,66,196,294
04/03/2019,RYN,AZ,AWP,WE,Federal Contract Tower,0,0,16,0,16,0,0,66,2,68,0,0,82,2,84,70,14,84,168
04/04/2019,RYN,AZ,AWP,WE,Federal Contract Tower,0,0,6,0,6,0,0,75,4,79,0,0,81,4,85,40,136,176,261
04/05/2019,RYN,AZ,AWP,WE,Federal Contract Tower,0,0,16,0,16,0,0,133,0,133,0,0,149,0,149,182,106,288,437
04/06/2019,RYN,AZ,AWP,WE,Federal Contract Tower,0,0,14,0,14,0,0,132,0,132,0,0,146,0,146,156,0,156,302
04/07/2019,RYN,AZ,AWP,WE,Federal Contract Tower,0,0,23,0,23,0,0,106,0,106,0,0,129,0,129,180,0,180,309
04/08/2019,RYN,AZ,AWP,WE,Federal Contract Tower,0,0,8,0,8,0,0,123,1,124,0,0,131,1,132,190,42,232,364
04/09/2019,RYN,AZ,AWP,WE,Federal Contract Tower,0,0,1,0,1,0,0,27,6,33,0,0,28,6,34,48,24,72,106
04/10/2019,RYN,AZ,AWP,WE,Federal Contract Tower,0,0,4,0,4,0,0,22,0,22,0,0,26,0,26,26,0,26,52
04/11/2019,RYN,AZ,AWP,WE,Federal Contract Tower,0,0,12,8,20,0,0,53,1,54,0,0,65,9,74,58,22,80,154
04/12/2019,RYN,AZ,AWP,WE,Federal Contract Tower,0,0,10,0,10,0,0,75,0,75,0,0,85,0,85,106,0,106,191
04/13/2019,RYN,AZ,AWP,WE,Federal Contract Tower,0,0,8,2,10,0,0,135,0,135,0,0,143,2,145,178,0,178,323
04/14/2019,RYN,AZ,AWP,WE,Federal Contract Tower,0,0,26,0,26,0,0,167,0,167,0,0,193,0,193,283,0,283,476
04/15/2019,RYN,AZ,AWP,WE,Federal Contract Tower,0,0,6,0,6,0,0,56,5,61,0,0,62,5,67,106,62,168,235
04/16/2019,RYN,AZ,AWP,WE,Federal Contract Tower,0,0,0,0,0,0,0,67,3,70,0,0,67,3,70,112,68,180,250
04/17/2019,RYN,AZ,AWP,WE,Federal Contract Tower,0,0,10,0,10,0,0,106,3,109,0,0,116,3,119,186,68,254,373
04/18/2019,RYN,AZ,AWP,WE,Federal Contract Tower,0,0,32,0,32,0,0,131,12,143,0,0,163,12,175,234,98,332,507
04/19/2019,RYN,AZ,AWP,WE,Federal Contract Tower,0,0,6,0,6,0,0,134,6,140,0,0,140,6,146,163,82,245,391
04/20/2019,RYN,AZ,AWP,WE,Federal Contract Tower,0,0,8,0,8,0,0,97,0,97,0,0,105,0,105,150,0,150,255
04/21/2019,RYN,AZ,AWP,WE,Federal Contract Tower,0,0,0,0,0,0,0,64,0,64,0,0,64,0,64,111,0,111,175
04/22/2019,RYN,AZ,AWP,WE,Federal Contract Tower,0,0,4,0,4,0,0,110,2,112,0,0,114,2,116,180,52,232,348
04/23/2019,RYN,AZ,AWP,WE,Federal Contract Tower,0,0,3,0,3,0,0,85,4,89,0,0,88,4,92,144,50,194,286
04/24/2019,RYN,AZ,AWP,WE,Federal Contract Tower,0,0,18,0,18,0,0,79,4,83,0,0,97,4,101,188,22,210,311
04/25/2019,RYN,AZ,AWP,WE,Federal Contract Tower,0,0,22,14,36,0,0,140,16,156,0,0,162,30,192,134,94,228,420
04/26/2019,RYN,AZ,AWP,WE,Federal Contract Tower,0,0,18,2,20,0,0,72,10,82,0,0,90,12,102,144,100,244,346
04/27/2019,RYN,AZ,AWP,WE,Federal Contract Tower,0,0,4,0,4,0,0,92,0,92,0,0,96,0,96,130,0,130,226
04/28/2019,RYN,AZ,AWP,WE,Federal Contract Tower,0,0,16,0,16,0,0,135,0,135,0,0,151,0,151,178,0,178,329
04/29/2019,RYN,AZ,AWP,WE,Federal Contract Tower,0,0,1,0,1,0,0,38,1,39,0,0,39,1,40,28,22,50,90
04/30/2019,RYN,AZ,AWP,WE,Federal Contract Tower,0,0,9,0,9,0,0,73,2,75,0,0,82,2,84,134,0,134,218
05/01/2019,RYN,AZ,AWP,WE,Federal Contract Tower,0,0,8,0,8,0,0,80,6,86,0,0,88,6,94,134,122,256,350
05/02/2019,RYN,AZ,AWP,WE,Federal Contract Tower,0,0,10,4,14,0,0,91,0,91,0,0,101,4,105,202,0,202,307
05/03/2019,RYN,AZ,AWP,WE,Federal Contract Tower,0,0,7,0,7,0,0,121,1,122,0,0,128,1,129,123,26,149,278
05/04/2019,RYN,AZ,AWP,WE,Federal Contract Tower,0,0,7,0,7,0,0,92,4,96,0,0,99,4,103,169,4,173,276
05/05/2019,RYN,AZ,AWP,WE,Federal Contract Tower,0,0,30,0,30,0,0,158,3,161,0,0,188,3,191,206,6,212,403
05/06/2019,RYN,AZ,AWP,WE,Federal Contract Tower,0,0,2,0,2,0,0,91,4,95,0,0,93,4,97,134,106,240,337
05/07/2019,RYN,AZ,AWP,WE,Federal Contract Tower,0,0,2,2,4,0,0,83,4,87,0,0,85,6,91,116,66,182,273
05/08/2019,RYN,AZ,AWP,WE,Federal Contract Tower,0,0,5,0,5,0,0,82,9,91,0,0,87,9,96,70,88,158,254
05/09/2019,RYN,AZ,AWP,WE,Federal Contract Tower,0,0,10,0,10,0,0,82,0,82,0,0,92,0,92,112,0,112,204
05/10/2019,RYN,AZ,AWP,WE,Federal Contract Tower,0,0,17,2,19,0,0,46,0,46,0,0,63,2,65,90,0,90,155
05/12/2019,RYN,AZ,AWP,WE,Federal Contract Tower,0,0,9,0,9,0,0,21,0,21,0,0,30,0,30,61,0,61,91
05/13/2019,RYN,AZ,AWP,WE,Federal Contract Tower,0,0,3,0,3,0,0,149,5,154,0,0,152,5,157,158,132,290,447
05/14/2019,RYN,AZ,AWP,WE,Federal Contract Tower,0,0,10,0,10,0,0,96,2,98,0,0,106,2,108,160,4,164,272
05/15/2019,RYN,AZ,AWP,WE,Federal Contract Tower,0,0,3,0,3,0,0,92,0,92,0,0,95,0,95,99,0,99,194
05/16/2019,RYN,AZ,AWP,WE,Federal Contract Tower,0,0,3,0,3,0,0,43,0,43,0,0,46,0,46,62,0,62,108
05/17/2019,RYN,AZ,AWP,WE,Federal Contract Tower,0,0,6,0,6,0,0,108,0,108,0,0,114,0,114,82,0,82,196
05/18/2019,RYN,AZ,AWP,WE,Federal Contract Tower,0,0,0,0,0,0,0,0,0,0,0,0,0,0,0,172,0,172,172
05/19/2019,RYN,AZ,AWP,WE,Federal Contract Tower,0,0,0,0,0,0,0,175,0,175,0,0,175,0,175,200,0,200,375
05/20/2019,RYN,AZ,AWP,WE,Federal Contract Tower,0,0,2,0,2,0,0,49,3,52,0,0,51,3,54,84,140,224,278
05/21/2019,RYN,AZ,AWP,WE,Federal Contract Tower,0,0,6,0,6,0,0,68,7,75,0,0,74,7,81,114,100,214,295
05/22/2019,RYN,AZ,AWP,WE,Federal Contract Tower,0,0,2,0,2,0,0,61,3,64,0,0,63,3,66,31,36,67,133
05/23/2019,RYN,AZ,AWP,WE,Federal Contract Tower,0,0,11,0,11,0,0,85,5,90,0,0,96,5,101,115,90,205,306
05/24/2019,RYN,AZ,AWP,WE,Federal Contract Tower,0,0,3,0,3,0,0,119,0,119,0,0,122,0,122,88,0,88,210
05/25/2019,RYN,AZ,AWP,WE,Federal Contract Tower,0,0,10,0,10,0,0,109,0,109,0,0,119,0,119,175,40,215,334
05/26/2019,RYN,AZ,AWP,WE,Federal Contract Tower,0,0,7,0,7,0,0,51,0,51,0,0,58,0,58,108,0,108,166
05/27/2019,RYN,AZ,AWP,WE,Federal Contract Tower,0,0,1,0,1,0,0,141,0,141,0,0,142,0,142,238,0,238,380
05/28/2019,RYN,AZ,AWP,WE,Federal Contract Tower,0,0,4,0,4,0,0,126,11,137,0,0,130,11,141,222,120,342,483
05/29/2019,RYN,AZ,AWP,WE,Federal Contract Tower,0,0,6,0,6,0,0,106,2,108,0,0,112,2,114,110,18,128,242
05/30/2019,RYN,AZ,AWP,WE,Federal Contract Tower,0,0,1,0,1,0,0,121,1,122,0,0,122,1,123,150,48,198,321
05/31/2019,RYN,AZ,AWP,WE,Federal Contract Tower,0,0,5,0,5,0,0,129,1,130,0,0,134,1,135,156,18,174,309
06/01/2019,RYN,AZ,AWP,WE,Federal Contract Tower,0,0,1,0,1,0,0,85,0,85,0,0,86,0,86,191,0,191,277
06/02/2019,RYN,AZ,AWP,WE,Federal Contract Tower,0,0,11,0,11,0,0,32,0,32,0,0,43,0,43,111,0,111,154
06/03/2019,RYN,AZ,AWP,WE,Federal Contract Tower,0,0,3,0,3,0,0,102,3,105,0,0,105,3,108,194,144,338,446
06/04/2019,RYN,AZ,AWP,WE,Federal Contract Tower,0,0,8,2,10,0,0,97,5,102,0,0,105,7,112,150,142,292,404
06/05/2019,RYN,AZ,AWP,WE,Federal Contract Tower,0,0,3,4,7,0,0,93,4,97,0,0,96,8,104,120,86,206,310
06/06/2019,RYN,AZ,AWP,WE,Federal Contract Tower,0,0,8,1,9,0,0,83,1,84,0,0,91,2,93,132,104,236,329
06/07/2019,RYN,AZ,AWP,WE,Federal Contract Tower,0,0,6,0,6,0,0,107,2,109,0,0,113,2,115,180,20,200,315
06/08/2019,RYN,AZ,AWP,WE,Federal Contract Tower,0,0,20,0,20,0,0,128,0,128,0,0,148,0,148,227,0,227,375
06/09/2019,RYN,AZ,AWP,WE,Federal Contract Tower,0,0,9,0,9,0,0,43,0,43,0,0,52,0,52,68,0,68,120
06/10/2019,RYN,AZ,AWP,WE,Federal Contract Tower,0,0,1,0,1,0,0,109,17,126,0,0,110,17,127,174,154,328,455
06/11/2019,RYN,AZ,AWP,WE,Federal Contract Tower,0,0,6,0,6,0,0,104,5,109,0,0,110,5,115,142,22,164,279
06/12/2019,RYN,AZ,AWP,WE,Federal Contract Tower,0,0,1,0,1,0,0,95,0,95,0,0,96,0,96,130,0,130,226
06/13/2019,RYN,AZ,AWP,WE,Federal Contract Tower,0,0,1,0,1,0,0,65,0,65,0,0,66,0,66,34,0,34,100
06/14/2019,RYN,AZ,AWP,WE,Federal Contract Tower,0,0,20,0,20,0,0,56,0,56,0,0,76,0,76,109,0,109,185
06/15/2019,RYN,AZ,AWP,WE,Federal Contract Tower,0,0,3,0,3,0,0,149,0,149,0,0,152,0,152,179,0,179,331
06/16/2019,RYN,AZ,AWP,WE,Federal Contract Tower,0,0,7,0,7,0,0,24,0,24,0,0,31,0,31,81,0,81,112
06/17/2019,RYN,AZ,AWP,WE,Federal Contract Tower,0,0,4,0,4,0,0,126,4,130,0,0,130,4,134,128,114,242,376
06/18/2019,RYN,AZ,AWP,WE,Federal Contract Tower,0,0,6,0,6,0,0,78,0,78,0,0,84,0,84,138,0,138,222
06/19/2019,RYN,AZ,AWP,WE,Federal Contract Tower,0,0,3,0,3,0,0,119,2,121,0,0,122,2,124,174,2,176,300
06/20/2019,RYN,AZ,AWP,WE,Federal Contract Tower,0,0,5,1,6,0,0,108,1,109,0,0,113,2,115,124,2,126,241
06/21/2019,RYN,AZ,AWP,WE,Federal Contract Tower,0,0,14,4,18,0,0,119,9,128,0,0,133,13,146,211,73,284,430
06/22/2019,RYN,AZ,AWP,WE,Federal Contract Tower,0,0,9,0,9,0,0,92,0,92,0,0,101,0,101,145,0,145,246
06/23/2019,RYN,AZ,AWP,WE,Federal Contract Tower,0,0,5,0,5,0,0,100,0,100,0,0,105,0,105,176,0,176,281
06/24/2019,RYN,AZ,AWP,WE,Federal Contract Tower,0,0,21,0,21,0,0,111,9,120,0,0,132,9,141,185,61,246,387
06/25/2019,RYN,AZ,AWP,WE,Federal Contract Tower,0,0,1,0,1,0,0,173,4,177,0,0,174,4,178,212,80,292,470
06/26/2019,RYN,AZ,AWP,WE,Federal Contract Tower,0,0,4,0,4,0,0,125,2,127,0,0,129,2,131,164,40,204,335
06/27/2019,RYN,AZ,AWP,WE,Federal Contract Tower,0,0,2,0,2,0,0,135,0,135,0,0,137,0,137,136,0,136,273
06/28/2019,RYN,AZ,AWP,WE,Federal Contract Tower,0,0,0,0,0,0,0,139,3,142,0,0,139,3,142,190,62,252,394
06/29/2019,RYN,AZ,AWP,WE,Federal Contract Tower,0,0,7,0,7,0,0,113,0,113,0,0,120,0,120,185,0,185,305
06/30/2019,RYN,AZ,AWP,WE,Federal Contract Tower,0,0,5,0,5,0,0,24,0,24,0,0,29,0,29,96,0,96,125
07/01/2019,RYN,AZ,AWP,WE,Federal Contract Tower,0,0,2,0,2,0,0,156,8,164,0,0,158,8,166,152,166,318,484
07/02/2019,RYN,AZ,AWP,WE,Federal Contract Tower,0,0,6,2,8,0,0,86,1,87,0,0,92,3,95,138,24,162,257
07/03/2019,RYN,AZ,AWP,WE,Federal Contract Tower,0,0,11,0,11,0,0,87,1,88,0,0,98,1,99,120,2,122,221
07/04/2019,RYN,AZ,AWP,WE,Federal Contract Tower,0,0,2,0,2,0,0,37,0,37,0,0,39,0,39,8,0,8,47
07/05/2019,RYN,AZ,AWP,WE,Federal Contract Tower,0,0,18,0,18,0,0,74,0,74,0,0,92,0,92,195,0,195,287
07/06/2019,RYN,AZ,AWP,WE,Federal Contract Tower,0,0,15,0,15,0,0,149,0,149,0,0,164,0,164,235,0,235,399
07/07/2019,RYN,AZ,AWP,WE,Federal Contract Tower,0,0,5,0,5,0,0,81,0,81,0,0,86,0,86,155,0,155,241
07/08/2019,RYN,AZ,AWP,WE,Federal Contract Tower,0,0,4,0,4,0,0,143,3,146,0,0,147,3,150,178,78,256,406
07/09/2019,RYN,AZ,AWP,WE,Federal Contract Tower,0,0,3,0,3,0,0,131,5,136,0,0,134,5,139,176,88,264,403
07/10/2019,RYN,AZ,AWP,WE,Federal Contract Tower,0,0,4,0,4,0,0,71,3,74,0,0,75,3,78,116,34,150,228
07/11/2019,RYN,AZ,AWP,WE,Federal Contract Tower,0,0,5,6,11,0,0,110,0,110,0,0,115,6,121,204,0,204,325
07/12/2019,RYN,AZ,AWP,WE,Federal Contract Tower,0,0,12,0,12,0,0,20,83,103,0,0,32,83,115,188,95,283,398
07/13/2019,RYN,AZ,AWP,WE,Federal Contract Tower,0,0,6,0,6,0,0,82,0,82,0,0,88,0,88,159,0,159,247
07/14/2019,RYN,AZ,AWP,WE,Federal Contract Tower,0,0,17,0,17,0,0,55,0,55,0,0,72,0,72,138,0,138,210
07/15/2019,RYN,AZ,AWP,WE,Federal Contract Tower,0,0,3,0,3,0,0,122,8,130,0,0,125,8,133,220,108,328,461
07/16/2019,RYN,AZ,AWP,WE,Federal Contract Tower,0,0,3,0,3,0,0,117,0,117,0,0,120,0,120,160,0,160,280
07/17/2019,RYN,AZ,AWP,WE,Federal Contract Tower,0,0,4,0,4,0,0,73,1,74,0,0,77,1,78,70,16,86,164
07/18/2019,RYN,AZ,AWP,WE,Federal Contract Tower,0,0,4,0,4,0,0,106,0,106,0,0,110,0,110,158,0,158,268
07/19/2019,RYN,AZ,AWP,WE,Federal Contract Tower,0,0,1,0,1,0,0,56,8,64,0,0,57,8,65,98,50,148,213
07/20/2019,RYN,AZ,AWP,WE,Federal Contract Tower,0,0,0,0,0,0,0,57,0,57,0,0,57,0,57,102,0,102,159
07/21/2019,RYN,AZ,AWP,WE,Federal Contract Tower,0,0,0,0,0,0,0,115,4,119,0,0,115,4,119,205,0,205,324
07/22/2019,RYN,AZ,AWP,WE,Federal Contract Tower,0,0,1,0,1,0,0,146,7,153,0,0,147,7,154,202,78,280,434
07/23/2019,RYN,AZ,AWP,WE,Federal Contract Tower,0,0,6,0,6,0,0,92,7,99,0,0,98,7,105,114,90,204,309
07/24/2019,RYN,AZ,AWP,WE,Federal Contract Tower,0,0,8,0,8,0,0,69,0,69,0,0,77,0,77,74,0,74,151
07/25/2019,RYN,AZ,AWP,WE,Federal Contract Tower,0,0,8,0,8,0,0,116,7,123,0,0,124,7,131,168,98,266,397
07/26/2019,RYN,AZ,AWP,WE,Federal Contract Tower,0,0,13,0,13,0,0,88,0,88,0,0,101,0,101,203,0,203,304
07/27/2019,RYN,AZ,AWP,WE,Federal Contract Tower,0,0,9,0,9,0,0,96,0,96,0,0,105,0,105,196,0,196,301
07/28/2019,RYN,AZ,AWP,WE,Federal Contract Tower,0,0,7,0,7,0,0,49,2,51,0,0,56,2,58,101,13,114,172
07/29/2019,RYN,AZ,AWP,WE,Federal Contract Tower,0,0,4,1,5,0,0,91,9,100,0,0,95,10,105,172,194,366,471
07/30/2019,RYN,AZ,AWP,WE,Federal Contract Tower,0,0,3,0,3,0,0,73,0,73,0,0,76,0,76,162,0,162,238
07/31/2019,RYN,AZ,AWP,WE,Federal Contract Tower,0,0,4,0,4,0,0,31,2,33,0,0,35,2,37,120,2,122,159
08/01/2019,RYN,AZ,AWP,WE,Federal Contract Tower,0,0,11,0,11,0,0,120,10,130,0,0,131,10,141,164,158,322,463
08/02/2019,RYN,AZ,AWP,WE,Federal Contract Tower,0,0,8,0,8,0,0,128,3,131,0,0,136,3,139,225,68,293,432
08/03/2019,RYN,AZ,AWP,WE,Federal Contract Tower,0,0,7,0,7,0,0,124,0,124,0,0,131,0,131,215,0,215,346
08/04/2019,RYN,AZ,AWP,WE,Federal Contract Tower,0,0,4,0,4,0,0,54,0,54,0,0,58,0,58,108,0,108,166
08/05/2019,RYN,AZ,AWP,WE,Federal Contract Tower,0,0,6,0,6,0,0,108,1,109,0,0,114,1,115,160,110,270,385
08/06/2019,RYN,AZ,AWP,WE,Federal Contract Tower,0,0,0,0,0,0,0,88,2,90,0,0,88,2,90,152,4,156,246
08/07/2019,RYN,AZ,AWP,WE,Federal Contract Tower,0,0,9,0,9,0,0,101,2,103,0,0,110,2,112,108,0,108,220
08/08/2019,RYN,AZ,AWP,WE,Federal Contract Tower,0,0,2,0,2,0,0,108,2,110,0,0,110,2,112,176,42,218,330
08/09/2019,RYN,AZ,AWP,WE,Federal Contract Tower,0,0,14,0,14,0,0,65,14,79,0,0,79,14,93,172,32,204,297
08/10/2019,RYN,AZ,AWP,WE,Federal Contract Tower,0,0,15,0,15,0,0,97,2,99,0,0,112,2,114,216,2,218,332
08/11/2019,RYN,AZ,AWP,WE,Federal Contract Tower,0,0,9,0,9,0,0,65,3,68,0,0,74,3,77,155,6,161,238
08/12/2019,RYN,AZ,AWP,WE,Federal Contract Tower,0,0,8,0,8,0,0,141,0,141,0,0,149,0,149,156,0,156,305
08/13/2019,RYN,AZ,AWP,WE,Federal Contract Tower,0,0,5,1,6,0,0,152,5,157,0,0,157,6,163,152,161,313,476
08/14/2019,RYN,AZ,AWP,WE,Federal Contract Tower,0,0,7,0,7,0,0,101,14,115,0,0,108,14,122,130,80,210,332
08/15/2019,RYN,AZ,AWP,WE,Federal Contract Tower,0,0,5,0,5,0,0,93,4,97,0,0,98,4,102,142,4,146,248
08/16/2019,RYN,AZ,AWP,WE,Federal Contract Tower,0,0,4,0,4,0,0,88,1,89,0,0,92,1,93,197,3,200,293
08/17/2019,RYN,AZ,AWP,WE,Federal Contract Tower,0,0,16,0,16,0,0,87,3,90,0,0,103,3,106,255,3,258,364
08/18/2019,RYN,AZ,AWP,WE,Federal Contract Tower,0,0,1,0,1,0,0,120,0,120,0,0,121,0,121,180,0,180,301
08/19/2019,RYN,AZ,AWP,WE,Federal Contract Tower,0,0,2,0,2,0,0,131,0,131,0,0,133,0,133,134,0,134,267
08/20/2019,RYN,AZ,AWP,WE,Federal Contract Tower,0,0,1,0,1,0,0,81,2,83,0,0,82,2,84,102,70,172,256
08/21/2019,RYN,AZ,AWP,WE,Federal Contract Tower,0,0,1,0,1,0,0,86,0,86,0,0,87,0,87,98,10,108,195
08/22/2019,RYN,AZ,AWP,WE,Federal Contract Tower,0,0,1,0,1,0,0,63,0,63,0,0,64,0,64,114,0,114,178
08/23/2019,RYN,AZ,AWP,WE,Federal Contract Tower,0,0,0,0,0,0,0,89,0,89,0,0,89,0,89,132,0,132,221
08/24/2019,RYN,AZ,AWP,WE,Federal Contract Tower,0,0,16,0,16,0,0,106,0,106,0,0,122,0,122,288,0,288,410
08/25/2019,RYN,AZ,AWP,WE,Federal Contract Tower,0,0,15,0,15,0,0,132,0,132,0,0,147,0,147,261,0,261,408
08/26/2019,RYN,AZ,AWP,WE,Federal Contract Tower,0,0,4,0,4,0,0,93,7,100,0,0,97,7,104,148,52,200,304
08/27/2019,RYN,AZ,AWP,WE,Federal Contract Tower,0,0,1,0,1,0,0,104,6,110,0,0,105,6,111,160,108,268,379
08/28/2019,RYN,AZ,AWP,WE,Federal Contract Tower,0,0,1,0,1,0,0,86,0,86,0,0,87,0,87,98,0,98,185
08/29/2019,RYN,AZ,AWP,WE,Federal Contract Tower,0,0,0,0,0,0,0,119,0,119,0,0,119,0,119,143,0,143,262
08/30/2019,RYN,AZ,AWP,WE,Federal Contract Tower,0,0,4,0,4,0,0,94,0,94,0,0,98,0,98,102,0,102,200
08/31/2019,RYN,AZ,AWP,WE,Federal Contract Tower,0,0,23,0,23,0,0,141,0,141,0,0,164,0,164,230,0,230,394
09/01/2019,RYN,AZ,AWP,WE,Federal Contract Tower,0,0,10,0,10,0,0,137,0,137,0,0,147,0,147,240,0,240,387
09/02/2019,RYN,AZ,AWP,WE,Federal Contract Tower,0,0,12,0,12,0,0,0,0,0,0,0,12,0,12,214,0,214,226
09/03/2019,RYN,AZ,AWP,WE,Federal Contract Tower,0,0,2,0,2,0,0,55,0,55,0,0,57,0,57,102,0,102,159
09/04/2019,RYN,AZ,AWP,WE,Federal Contract Tower,0,0,4,0,4,0,0,66,0,66,0,0,70,0,70,76,0,76,146
09/05/2019,RYN,AZ,AWP,WE,Federal Contract Tower,0,0,1,0,1,0,0,88,1,89,0,0,89,1,90,150,3,153,243
09/06/2019,RYN,AZ,AWP,WE,Federal Contract Tower,0,0,3,0,3,0,0,136,0,136,0,0,139,0,139,138,0,138,277
09/07/2019,RYN,AZ,AWP,WE,Federal Contract Tower,0,0,4,0,4,0,0,97,0,97,0,0,101,0,101,165,0,165,266
09/08/2019,RYN,AZ,AWP,WE,Federal Contract Tower,0,0,9,0,9,0,0,126,1,127,0,0,135,1,136,266,17,283,419
09/09/2019,RYN,AZ,AWP,WE,Federal Contract Tower,0,0,3,0,3,0,0,157,0,157,0,0,160,0,160,212,0,212,372
09/10/2019,RYN,AZ,AWP,WE,Federal Contract Tower,0,0,7,0,7,0,0,83,0,83,0,0,90,0,90,186,0,186,276
09/11/2019,RYN,AZ,AWP,WE,Federal Contract Tower,0,0,5,0,5,0,0,107,0,107,0,0,112,0,112,150,0,150,262
09/12/2019,RYN,AZ,AWP,WE,Federal Contract Tower,0,0,5,0,5,0,0,128,1,129,0,0,133,1,134,136,10,146,280
09/13/2019,RYN,AZ,AWP,WE,Federal Contract Tower,0,0,6,0,6,0,0,123,0,123,0,0,129,0,129,209,0,209,338
09/14/2019,RYN,AZ,AWP,WE,Federal Contract Tower,0,0,6,0,6,0,0,56,0,56,0,0,62,0,62,97,0,97,159
09/15/2019,RYN,AZ,AWP,WE,Federal Contract Tower,0,0,9,0,9,0,0,59,0,59,0,0,68,0,68,138,6,144,212
09/16/2019,RYN,AZ,AWP,WE,Federal Contract Tower,0,0,1,0,1,0,0,110,2,112,0,0,111,2,113,170,0,170,283
09/17/2019,RYN,AZ,AWP,WE,Federal Contract Tower,0,0,3,0,3,0,0,67,4,71,0,0,70,4,74,130,4,134,208
09/18/2019,RYN,AZ,AWP,WE,Federal Contract Tower,0,0,7,0,7,0,0,161,3,164,0,0,168,3,171,158,8,166,337
09/19/2019,RYN,AZ,AWP,WE,Federal Contract Tower,0,0,4,0,4,0,0,108,1,109,0,0,112,1,113,146,8,154,267
09/20/2019,RYN,AZ,AWP,WE,Federal Contract Tower,0,0,5,0,5,0,0,97,0,97,0,0,102,0,102,136,16,152,254
09/21/2019,RYN,AZ,AWP,WE,Federal Contract Tower,0,0,9,0,9,0,0,152,2,154,0,0,161,2,163,232,13,245,408
09/22/2019,RYN,AZ,AWP,WE,Federal Contract Tower,0,0,18,3,21,0,0,110,1,111,0,0,128,4,132,178,6,184,316
09/23/2019,RYN,AZ,AWP,WE,Federal Contract Tower,0,0,0,0,0,0,0,116,0,116,0,0,116,0,116,186,0,186,302
09/24/2019,RYN,AZ,AWP,WE,Federal Contract Tower,0,0,2,0,2,0,0,28,6,34,0,0,30,6,36,32,54,86,122
09/25/2019,RYN,AZ,AWP,WE,Federal Contract Tower,0,0,3,0,3,0,0,65,6,71,0,0,68,6,74,102,28,130,204
09/26/2019,RYN,AZ,AWP,WE,Federal Contract Tower,0,0,6,0,6,0,0,74,0,74,0,0,80,0,80,68,0,68,148
09/27/2019,RYN,AZ,AWP,WE,Federal Contract Tower,0,0,2,0,2,0,0,98,0,98,0,0,100,0,100,74,0,74,174
09/28/2019,RYN,AZ,AWP,WE,Federal Contract Tower,0,0,11,0,11,0,0,108,0,108,0,0,119,0,119,213,0,213,332
09/29/2019,RYN,AZ,AWP,WE,Federal Contract Tower,0,0,17,0,17,0,0,129,0,129,0,0,146,0,146,252,5,257,403
09/30/2019,RYN,AZ,AWP,WE,Federal Contract Tower,0,0,4,0,4,0,0,99,1,100,0,0,103,1,104,204,32,236,340
10/01/2019,RYN,AZ,AWP,WE,Federal Contract Tower,0,0,4,0,4,0,0,84,7,91,0,0,88,7,95,192,96,288,383
10/02/2019,RYN,AZ,AWP,WE,Federal Contract Tower,0,0,8,1,9,0,0,75,0,75,0,0,83,1,84,98,0,98,182
10/03/2019,RYN,AZ,AWP,WE,Federal Contract Tower,0,0,7,0,7,0,0,126,5,131,0,0,133,5,138,156,20,176,314
10/04/2019,RYN,AZ,AWP,WE,Federal Contract Tower,0,0,6,0,6,0,0,76,0,76,0,0,82,0,82,121,6,127,209
10/05/2019,RYN,AZ,AWP,WE,Federal Contract Tower,0,0,17,0,17,0,0,84,0,84,0,0,101,0,101,163,0,163,264
10/06/2019,RYN,AZ,AWP,WE,Federal Contract Tower,0,0,21,0,21,0,0,98,2,100,0,0,119,2,121,195,5,200,321
10/07/2019,RYN,AZ,AWP,WE,Federal Contract Tower,0,0,6,0,6,0,0,123,1,124,0,0,129,1,130,166,76,242,372
10/08/2019,RYN,AZ,AWP,WE,Federal Contract Tower,0,0,17,0,17,0,0,104,1,105,0,0,121,1,122,202,60,262,384
10/09/2019,RYN,AZ,AWP,WE,Federal Contract Tower,0,0,5,0,5,0,0,126,7,133,0,0,131,7,138,146,0,146,284
10/10/2019,RYN,AZ,AWP,WE,Federal Contract Tower,0,0,5,0,5,0,0,127,0,127,0,0,132,0,132,92,0,92,224
10/11/2019,RYN,AZ,AWP,WE,Federal Contract Tower,0,0,13,0,13,0,0,115,0,115,0,0,128,0,128,130,0,130,258
10/12/2019,RYN,AZ,AWP,WE,Federal Contract Tower,0,0,17,0,17,0,0,104,0,104,0,0,121,0,121,226,0,226,347
10/13/2019,RYN,AZ,AWP,WE,Federal Contract Tower,0,0,14,0,14,0,0,76,0,76,0,0,90,0,90,138,0,138,228
10/14/2019,RYN,AZ,AWP,WE,Federal Contract Tower,0,0,9,0,9,0,0,100,2,102,0,0,109,2,111,166,44,210,321
10/15/2019,RYN,AZ,AWP,WE,Federal Contract Tower,0,0,7,0,7,0,0,93,8,101,0,0,100,8,108,190,100,290,398
10/16/2019,RYN,AZ,AWP,WE,Federal Contract Tower,0,0,7,0,7,0,0,85,5,90,0,0,92,5,97,138,98,236,333
10/17/2019,RYN,AZ,AWP,WE,Federal Contract Tower,0,0,6,0,6,0,0,83,0,83,0,0,89,0,89,68,0,68,157
10/18/2019,RYN,AZ,AWP,WE,Federal Contract Tower,0,0,0,0,0,0,0,74,0,74,0,0,74,0,74,143,13,156,230
10/19/2019,RYN,AZ,AWP,WE,Federal Contract Tower,0,0,42,0,42,0,0,93,5,98,0,0,135,5,140,235,34,269,409
10/20/2019,RYN,AZ,AWP,WE,Federal Contract Tower,0,0,10,0,10,0,0,81,0,81,0,0,91,0,91,158,0,158,249
10/21/2019,RYN,AZ,AWP,WE,Federal Contract Tower,0,0,4,0,4,0,0,137,7,144,0,0,141,7,148,138,144,282,430
10/22/2019,RYN,AZ,AWP,WE,Federal Contract Tower,0,0,3,0,3,0,0,114,8,122,0,0,117,8,125,172,66,238,363
10/23/2019,RYN,AZ,AWP,WE,Federal Contract Tower,0,0,2,0,2,0,0,118,0,118,0,0,120,0,120,152,0,152,272
10/24/2019,RYN,AZ,AWP,WE,Federal Contract Tower,0,0,2,0,2,0,0,108,5,113,0,0,110,5,115,118,54,172,287
10/25/2019,RYN,AZ,AWP,WE,Federal Contract Tower,0,0,7,0,7,0,0,42,0,42,0,0,49,0,49,22,10,32,81
10/26/2019,RYN,AZ,AWP,WE,Federal Contract Tower,0,0,22,0,22,0,0,99,0,99,0,0,121,0,121,234,0,234,355
10/27/2019,RYN,AZ,AWP,WE,Federal Contract Tower,0,0,8,0,8,0,0,76,0,76,0,0,84,0,84,125,0,125,209
10/28/2019,RYN,AZ,AWP,WE,Federal Contract Tower,0,0,24,0,24,0,0,111,7,118,0,0,135,7,142,140,246,386,528
10/30/2019,RYN,AZ,AWP,WE,Federal Contract Tower,0,0,3,0,3,0,0,135,8,143,0,0,138,8,146,166,82,248,394
10/31/2019,RYN,AZ,AWP,WE,Federal Contract Tower,0,0,14,0,14,0,0,50,10,60,0,0,64,10,74,80,56,136,210
11/01/2019,RYN,AZ,AWP,WE,Federal Contract Tower,0,1,28,0,29,0,0,120,0,120,0,1,148,0,149,114,92,206,355
11/02/2019,RYN,AZ,AWP,WE,Federal Contract Tower,0,0,35,0,35,0,0,159,0,159,0,0,194,0,194,314,0,314,508
11/03/2019,RYN,AZ,AWP,WE,Federal Contract Tower,0,0,53,0,53,0,0,99,0,99,0,0,152,0,152,101,0,101,253
11/04/2019,RYN,AZ,AWP,WE,Federal Contract Tower,0,0,4,0,4,0,0,146,4,150,0,0,150,4,154,184,46,230,384
11/05/2019,RYN,AZ,AWP,WE,Federal Contract Tower,0,0,0,8,8,0,0,112,4,116,0,0,112,12,124,204,24,228,352
11/06/2019,RYN,AZ,AWP,WE,Federal Contract Tower,0,0,8,0,8,0,0,107,6,113,0,0,115,6,121,182,46,228,349
11/07/2019,RYN,AZ,AWP,WE,Federal Contract Tower,0,0,13,0,13,0,0,74,5,79,0,0,87,5,92,138,46,184,276
11/08/2019,RYN,AZ,AWP,WE,Federal Contract Tower,0,0,22,0,22,0,0,123,0,123,0,0,145,0,145,153,0,153,298
11/09/2019,RYN,AZ,AWP,WE,Federal Contract Tower,0,0,24,0,24,0,0,154,0,154,0,0,178,0,178,172,0,172,350
11/10/2019,RYN,AZ,AWP,WE,Federal Contract Tower,0,0,24,0,24,0,0,164,0,164,0,0,188,0,188,175,0,175,363
11/11/2019,RYN,AZ,AWP,WE,Federal Contract Tower,0,0,17,0,17,0,0,124,0,124,0,0,141,0,141,164,0,164,305
11/12/2019,RYN,AZ,AWP,WE,Federal Contract Tower,0,0,3,0,3,0,0,62,6,68,0,0,65,6,71,80,34,114,185
11/13/2019,RYN,AZ,AWP,WE,Federal Contract Tower,0,0,7,0,7,0,0,142,1,143,0,0,149,1,150,204,58,262,412
11/14/2019,RYN,AZ,AWP,WE,Federal Contract Tower,0,0,19,0,19,0,0,100,0,100,0,0,119,0,119,178,74,252,371
11/15/2019,RYN,AZ,AWP,WE,Federal Contract Tower,0,0,4,0,4,0,0,128,0,128,0,0,132,0,132,217,28,245,377
11/16/2019,RYN,AZ,AWP,WE,Federal Contract Tower,0,0,32,0,32,0,0,210,0,210,0,0,242,0,242,301,0,301,543
11/17/2019,RYN,AZ,AWP,WE,Federal Contract Tower,0,0,27,0,27,0,0,109,0,109,0,0,136,0,136,158,0,158,294
11/18/2019,RYN,AZ,AWP,WE,Federal Contract Tower,0,0,11,0,11,0,0,186,3,189,0,0,197,3,200,178,102,280,480
11/19/2019,RYN,AZ,AWP,WE,Federal Contract Tower,0,0,9,0,9,0,0,25,4,29,0,0,34,4,38,12,0,12,50
11/20/2019,RYN,AZ,AWP,WE,Federal Contract Tower,0,0,1,0,1,0,0,4,4,8,0,0,5,4,9,0,0,0,9
11/21/2019,RYN,AZ,AWP,WE,Federal Contract Tower,0,0,6,8,14,0,0,34,0,34,0,0,40,8,48,10,0,10,58
11/22/2019,RYN,AZ,AWP,WE,Federal Contract Tower,0,0,64,0,64,0,0,121,0,121,0,0,185,0,185,161,2,163,348
11/23/2019,RYN,AZ,AWP,WE,Federal Contract Tower,0,0,32,0,32,0,0,202,0,202,0,0,234,0,234,256,0,256,490
11/24/2019,RYN,AZ,AWP,WE,Federal Contract Tower,0,0,24,2,26,0,0,86,6,92,0,0,110,8,118,124,23,147,265
11/25/2019,RYN,AZ,AWP,WE,Federal Contract Tower,0,0,10,4,14,0,0,98,9,107,0,0,108,13,121,134,178,312,433
11/26/2019,RYN,AZ,AWP,WE,Federal Contract Tower,0,0,4,0,4,0,0,78,4,82,0,0,82,4,86,156,26,182,268
11/27/2019,RYN,AZ,AWP,WE,Federal Contract Tower,0,0,1,0,1,0,0,74,5,79,0,0,75,5,80,102,82,184,264
11/28/2019,RYN,AZ,AWP,WE,Federal Contract Tower,0,0,1,0,1,0,0,2,0,2,0,0,3,0,3,12,0,12,15
11/29/2019,RYN,AZ,AWP,WE,Federal Contract Tower,0,0,2,0,2,0,0,12,0,12,0,0,14,0,14,14,0,14,28
11/30/2019,RYN,AZ,AWP,WE,Federal Contract Tower,0,0,13,0,13,0,0,146,0,146,0,0,159,0,159,243,0,243,402
12/01/2019,RYN,AZ,AWP,WE,Federal Contract Tower,0,0,7,0,7,0,0,80,2,82,0,0,87,2,89,164,8,172,261
12/02/2019,RYN,AZ,AWP,WE,Federal Contract Tower,0,0,1,0,1,0,0,206,0,206,0,0,207,0,207,210,0,210,417
12/03/2019,RYN,AZ,AWP,WE,Federal Contract Tower,0,0,5,0,5,0,0,113,6,119,0,0,118,6,124,214,76,290,414
12/04/2019,RYN,AZ,AWP,WE,Federal Contract Tower,0,0,3,0,3,0,0,102,2,104,0,0,105,2,107,134,50,184,291
12/05/2019,RYN,AZ,AWP,WE,Federal Contract Tower,0,0,17,6,23,0,0,74,6,80,0,0,91,12,103,152,60,212,315
12/06/2019,RYN,AZ,AWP,WE,Federal Contract Tower,0,0,5,0,5,0,0,109,0,109,0,0,114,0,114,137,34,171,285
12/07/2019,RYN,AZ,AWP,WE,Federal Contract Tower,0,0,19,0,19,0,0,121,4,125,0,0,140,4,144,190,21,211,355
12/08/2019,RYN,AZ,AWP,WE,Federal Contract Tower,0,0,19,0,19,0,0,63,0,63,0,0,82,0,82,131,0,131,213
12/09/2019,RYN,AZ,AWP,WE,Federal Contract Tower,0,0,8,0,8,0,0,22,0,22,0,0,30,0,30,12,0,12,42
12/10/2019,RYN,AZ,AWP,WE,Federal Contract Tower,0,0,12,0,12,0,0,98,11,109,0,0,110,11,121,169,92,261,382
12/11/2019,RYN,AZ,AWP,WE,Federal Contract Tower,0,0,33,11,44,0,0,106,10,116,0,0,139,21,160,232,53,285,445
12/12/2019,RYN,AZ,AWP,WE,Federal Contract Tower,0,0,14,0,14,0,0,101,10,111,0,0,115,10,125,116,60,176,301
12/13/2019,RYN,AZ,AWP,WE,Federal Contract Tower,0,0,31,0,31,0,0,139,0,139,0,0,170,0,170,270,10,280,450
12/14/2019,RYN,AZ,AWP,WE,Federal Contract Tower,0,0,25,0,25,0,0,148,0,148,0,0,173,0,173,252,0,252,425
12/15/2019,RYN,AZ,AWP,WE,Federal Contract Tower,0,0,24,0,24,0,0,121,0,121,0,0,145,0,145,164,0,164,309
12/16/2019,RYN,AZ,AWP,WE,Federal Contract Tower,0,0,3,0,3,0,0,187,0,187,0,0,190,0,190,246,0,246,436
12/17/2019,RYN,AZ,AWP,WE,Federal Contract Tower,0,0,5,0,5,0,0,95,2,97,0,0,100,2,102,128,20,148,250
12/19/2019,RYN,AZ,AWP,WE,Federal Contract Tower,0,0,8,4,12,0,0,92,2,94,0,0,100,6,106,162,36,198,304
12/20/2019,RYN,AZ,AWP,WE,Federal Contract Tower,0,0,46,0,46,0,0,136,0,136,0,0,182,0,182,206,14,220,402
12/21/2019,RYN,AZ,AWP,WE,Federal Contract Tower,0,0,27,0,27,0,0,121,0,121,0,0,148,0,148,223,0,223,371
12/22/2019,RYN,AZ,AWP,WE,Federal Contract Tower,0,0,13,0,13,0,0,142,0,142,0,0,155,0,155,111,0,111,266
12/23/2019,RYN,AZ,AWP,WE,Federal Contract Tower,0,0,3,0,3,0,0,183,2,185,0,0,186,2,188,266,8,274,462
12/24/2019,RYN,AZ,AWP,WE,Federal Contract Tower,0,0,2,0,2,0,0,10,0,10,0,0,12,0,12,0,4,4,16
12/25/2019,RYN,AZ,AWP,WE,Federal Contract Tower,0,0,3,0,3,0,0,17,0,17,0,0,20,0,20,10,0,10,30
12/26/2019,RYN,AZ,AWP,WE,Federal Contract Tower,0,0,32,0,32,0,0,72,0,72,0,0,104,0,104,146,0,146,250
12/27/2019,RYN,AZ,AWP,WE,Federal Contract Tower,0,0,0,0,0,0,0,7,0,7,0,0,7,0,7,9,0,9,16
12/28/2019,RYN,AZ,AWP,WE,Federal Contract Tower,0,0,28,0,28,0,0,108,0,108,0,0,136,0,136,185,0,185,321
12/29/2019,RYN,AZ,AWP,WE,Federal Contract Tower,0,0,7,0,7,0,0,63,0,63,0,0,70,0,70,149,0,149,219
12/30/2019,RYN,AZ,AWP,WE,Federal Contract Tower,0,0,11,0,11,0,0,177,0,177,0,0,188,0,188,212,0,212,400
12/31/2019,RYN,AZ,AWP,WE,Federal Contract Tower,0,0,7,0,7,0,0,82,0,82,0,0,89,0,89,124,0,124,213
01/01/2020,RYN,AZ,AWP,WE,Federal Contract Tower,0,0,8,0,8,0,0,64,0,64,0,0,72,0,72,0,0,0,72
01/02/2020,RYN,AZ,AWP,WE,Federal Contract Tower,0,0,20,0,20,0,0,102,0,102,0,0,122,0,122,112,0,112,234
01/03/2020,RYN,AZ,AWP,WE,Federal Contract Tower,0,0,27,0,27,0,0,153,0,153,0,0,180,0,180,199,0,199,379
01/04/2020,RYN,AZ,AWP,WE,Federal Contract Tower,0,0,21,0,21,0,0,115,0,115,0,0,136,0,136,207,0,207,343
01/05/2020,RYN,AZ,AWP,WE,Federal Contract Tower,0,0,20,0,20,0,0,72,0,72,0,0,92,0,92,181,0,181,273
01/06/2020,RYN,AZ,AWP,WE,Federal Contract Tower,0,0,28,0,28,0,0,130,0,130,0,0,158,0,158,244,0,244,402
01/07/2020,RYN,AZ,AWP,WE,Federal Contract Tower,0,0,24,0,24,0,0,117,0,117,0,0,141,0,141,245,11,256,397
01/08/2020,RYN,AZ,AWP,WE,Federal Contract Tower,0,0,32,0,32,0,0,119,4,123,0,0,151,4,155,219,19,238,393
01/09/2020,RYN,AZ,AWP,WE,Federal Contract Tower,0,0,13,8,21,0,0,71,0,71,0,0,84,8,92,160,18,178,270
01/10/2020,RYN,AZ,AWP,WE,Federal Contract Tower,0,0,34,0,34,0,0,134,0,134,0,0,168,0,168,92,0,92,260
01/11/2020,RYN,AZ,AWP,WE,Federal Contract Tower,0,0,25,0,25,0,0,90,0,90,0,0,115,0,115,181,0,181,296
01/12/2020,RYN,AZ,AWP,WE,Federal Contract Tower,0,0,31,0,31,0,0,62,0,62,0,0,93,0,93,138,0,138,231
01/13/2020,RYN,AZ,AWP,WE,Federal Contract Tower,0,0,11,0,11,0,0,168,8,176,0,0,179,8,187,232,28,260,447
01/14/2020,RYN,AZ,AWP,WE,Federal Contract Tower,0,0,10,0,10,0,0,159,3,162,0,0,169,3,172,246,18,264,436
01/15/2020,RYN,AZ,AWP,WE,Federal Contract Tower,0,0,11,0,11,0,0,107,0,107,0,0,118,0,118,243,0,243,361
01/16/2020,RYN,AZ,AWP,WE,Federal Contract Tower,0,4,1,4,9,0,0,34,2,36,0,4,35,6,45,112,18,130,175
01/17/2020,RYN,AZ,AWP,WE,Federal Contract Tower,0,0,58,2,60,0,0,160,4,164,0,0,218,6,224,178,36,214,438
01/18/2020,RYN,AZ,AWP,WE,Federal Contract Tower,0,0,6,0,6,0,0,177,0,177,0,0,183,0,183,268,0,268,451
01/19/2020,RYN,AZ,AWP,WE,Federal Contract Tower,0,0,15,0,15,0,0,165,0,165,0,0,180,0,180,200,0,200,380
01/20/2020,RYN,AZ,AWP,WE,Federal Contract Tower,0,0,4,0,4,0,0,103,2,105,0,0,107,2,109,190,8,198,307
01/21/2020,RYN,AZ,AWP,WE,Federal Contract Tower,0,0,16,0,16,0,0,39,4,43,0,0,55,4,59,58,4,62,121
01/22/2020,RYN,AZ,AWP,WE,Federal Contract Tower,0,0,38,0,38,0,0,40,0,40,0,0,78,0,78,77,0,77,155
01/23/2020,RYN,AZ,AWP,WE,Federal Contract Tower,0,0,33,4,37,0,0,114,16,130,0,0,147,20,167,154,114,268,435
01/24/2020,RYN,AZ,AWP,WE,Federal Contract Tower,0,0,64,0,64,0,0,152,0,152,0,0,216,0,216,180,0,180,396
01/25/2020,RYN,AZ,AWP,WE,Federal Contract Tower,0,0,64,0,64,0,0,169,0,169,0,0,233,0,233,233,0,233,466
01/26/2020,RYN,AZ,AWP,WE,Federal Contract Tower,0,0,32,0,32,0,0,82,0,82,0,0,114,0,114,161,0,161,275
01/27/2020,RYN,AZ,AWP,WE,Federal Contract Tower,0,0,8,0,8,0,0,188,8,196,0,0,196,8,204,240,56,296,500
01/28/2020,RYN,AZ,AWP,WE,Federal Contract Tower,0,0,3,0,3,0,0,98,8,106,0,0,101,8,109,224,36,260,369
01/29/2020,RYN,AZ,AWP,WE,Federal Contract Tower,0,0,10,0,10,0,0,95,10,105,0,0,105,10,115,229,54,283,398
01/30/2020,RYN,AZ,AWP,WE,Federal Contract Tower,0,0,26,0,26,0,0,106,2,108,0,0,132,2,134,178,24,202,336
01/31/2020,RYN,AZ,AWP,WE,Federal Contract Tower,0,0,41,10,51,0,0,167,8,175,0,0,208,18,226,227,72,299,525
02/01/2020,RYN,AZ,AWP,CE,Federal Contract Tower,0,0,53,0,53,0,0,154,0,154,0,0,207,0,207,276,0,276,483
02/02/2020,RYN,AZ,AWP,CE,Federal Contract Tower,0,0,46,0,46,0,0,169,0,169,0,0,215,0,215,164,0,164,379
02/03/2020,RYN,AZ,AWP,CE,Federal Contract Tower,0,0,0,0,0,0,0,146,4,150,0,0,146,4,150,166,68,234,384
02/04/2020,RYN,AZ,AWP,CE,Federal Contract Tower,0,0,9,0,9,0,0,92,3,95,0,0,101,3,104,61,123,184,288
02/05/2020,RYN,AZ,AWP,CE,Federal Contract Tower,0,0,10,0,10,0,0,157,13,170,0,0,167,13,180,180,27,207,387
02/06/2020,RYN,AZ,AWP,CE,Federal Contract Tower,0,0,34,2,36,0,0,190,6,196,0,0,224,8,232,174,22,196,428
02/07/2020,RYN,AZ,AWP,CE,Federal Contract Tower,0,0,25,0,25,0,0,175,2,177,0,0,200,2,202,155,0,155,357
02/08/2020,RYN,AZ,AWP,CE,Federal Contract Tower,0,0,27,0,27,0,0,196,0,196,0,0,223,0,223,267,0,267,490
02/09/2020,RYN,AZ,AWP,CE,Federal Contract Tower,0,0,11,0,11,0,0,85,0,85,0,0,96,0,96,171,0,171,267
02/10/2020,RYN,AZ,AWP,CE,Federal Contract Tower,0,0,1,0,1,0,0,140,3,143,0,0,141,3,144,178,58,236,380
02/11/2020,RYN,AZ,AWP,CE,Federal Contract Tower,0,0,0,0,0,0,0,75,0,75,0,0,75,0,75,132,0,132,207
02/12/2020,RYN,AZ,AWP,CE,Federal Contract Tower,0,0,18,0,18,0,0,222,2,224,0,0,240,2,242,337,0,337,579
02/13/2020,RYN,AZ,AWP,CE,Federal Contract Tower,0,0,30,0,30,0,0,104,0,104,0,0,134,0,134,208,0,208,342
02/14/2020,RYN,AZ,AWP,CE,Federal Contract Tower,0,0,28,0,28,0,0,175,0,175,0,0,203,0,203,138,0,138,341
02/15/2020,RYN,AZ,AWP,CE,Federal Contract Tower,0,0,40,0,40,0,0,179,0,179,0,0,219,0,219,237,0,237,456
02/16/2020,RYN,AZ,AWP,CE,Federal Contract Tower,0,0,23,0,23,0,0,89,0,89,0,0,112,0,112,162,0,162,274
02/17/2020,RYN,AZ,AWP,CE,Federal Contract Tower,0,0,26,0,26,0,0,151,0,151,0,0,177,0,177,222,0,222,399
02/18/2020,RYN,AZ,AWP,CE,Federal Contract Tower,0,0,2,0,2,0,0,116,8,124,0,0,118,8,126,204,132,336,462
02/19/2020,RYN,AZ,AWP,CE,Federal Contract Tower,0,0,9,0,9,0,0,203,15,218,0,0,212,15,227,367,115,482,709
02/20/2020,RYN,AZ,AWP,CE,Federal Contract Tower,0,0,34,0,34,0,0,160,0,160,0,0,194,0,194,204,0,204,398
02/21/2020,RYN,AZ,AWP,CE,Federal Contract Tower,0,0,24,16,40,0,0,40,4,44,0,0,64,20,84,52,34,86,170
02/22/2020,RYN,AZ,AWP,CE,Federal Contract Tower,0,0,27,0,27,0,0,65,0,65,0,0,92,0,92,113,0,113,205
02/23/2020,RYN,AZ,AWP,CE,Federal Contract Tower,0,0,23,0,23,0,0,98,0,98,0,0,121,0,121,163,0,163,284
02/24/2020,RYN,AZ,AWP,CE,Federal Contract Tower,0,0,13,3,16,0,0,133,4,137,0,0,146,7,153,236,30,266,419
02/25/2020,RYN,AZ,AWP,CE,Federal Contract Tower,0,0,9,0,9,0,0,82,4,86,0,0,91,4,95,134,28,162,257
02/26/2020,RYN,AZ,AWP,CE,Federal Contract Tower,0,0,9,0,9,0,0,89,0,89,0,0,98,0,98,90,20,110,208
02/27/2020,RYN,AZ,AWP,CE,Federal Contract Tower,0,0,30,8,38,0,0,157,8,165,0,0,187,16,203,180,50,230,433
02/28/2020,RYN,AZ,AWP,CE,Federal Contract Tower,0,0,36,2,38,0,0,155,8,163,0,0,191,10,201,210,0,210,411
02/29/2020,RYN,AZ,AWP,CE,Federal Contract Tower,0,0,38,0,38,0,0,119,0,119,0,0,157,0,157,189,0,189,346
03/01/2020,RYN,AZ,AWP,CE,Federal Contract Tower,0,0,31,0,31,0,0,63,0,63,0,0,94,0,94,128,0,128,222
03/02/2020,RYN,AZ,AWP,CE,Federal Contract Tower,0,0,9,0,9,0,0,141,2,143,0,0,150,2,152,240,0,240,392
03/03/2020,RYN,AZ,AWP,CE,Federal Contract Tower,0,0,4,0,4,0,0,100,10,110,0,0,104,10,114,180,52,232,346
03/04/2020,RYN,AZ,AWP,CE,Federal Contract Tower,0,0,12,0,12,0,0,138,10,148,0,0,150,10,160,274,78,352,512
03/05/2020,RYN,AZ,AWP,CE,Federal Contract Tower,0,0,16,0,16,0,0,72,0,72,0,0,88,0,88,112,0,112,200
03/06/2020,RYN,AZ,AWP,CE,Federal Contract Tower,0,0,28,0,28,0,0,97,0,97,0,0,125,0,125,86,0,86,211
03/07/2020,RYN,AZ,AWP,CE,Federal Contract Tower,0,0,0,0,0,0,0,159,0,159,0,0,159,0,159,197,0,197,356
03/08/2020,RYN,AZ,AWP,CE,Federal Contract Tower,0,0,31,0,31,0,0,85,0,85,0,0,116,0,116,199,0,199,315
03/09/2020,RYN,AZ,AWP,CE,Federal Contract Tower,0,0,12,0,12,0,0,119,0,119,0,0,131,0,131,208,192,400,531
03/10/2020,RYN,AZ,AWP,CE,Federal Contract Tower,0,0,20,0,20,0,0,124,9,133,0,0,144,9,153,185,51,236,389
03/11/2020,RYN,AZ,AWP,CE,Federal Contract Tower,0,0,20,0,20,0,0,117,10,127,0,0,137,10,147,190,54,244,391
03/12/2020,RYN,AZ,AWP,CE,Federal Contract Tower,0,0,17,0,17,0,0,66,4,70,0,0,83,4,87,222,22,244,331
03/13/2020,RYN,AZ,AWP,CE,Federal Contract Tower,0,0,39,4,43,0,0,147,7,154,0,0,186,11,197,210,37,247,444
03/14/2020,RYN,AZ,AWP,CE,Federal Contract Tower,0,0,50,0,50,0,0,160,0,160,0,0,210,0,210,246,0,246,456
03/15/2020,RYN,AZ,AWP,CE,Federal Contract Tower,0,0,48,0,48,0,0,132,3,135,0,0,180,3,183,138,8,146,329
03/16/2020,RYN,AZ,AWP,CE,Federal Contract Tower,0,0,41,0,41,0,0,131,5,136,0,0,172,5,177,200,90,290,467
03/17/2020,RYN,AZ,AWP,CE,Federal Contract Tower,0,0,9,0,9,0,0,96,2,98,0,0,105,2,107,142,32,174,281
03/18/2020,RYN,AZ,AWP,CE,Federal Contract Tower,0,0,0,0,0,0,0,10,2,12,0,0,10,2,12,8,2,10,22
03/19/2020,RYN,AZ,AWP,CE,Federal Contract Tower,0,0,20,5,25,0,0,31,10,41,0,0,51,15,66,61,58,119,185
03/20/2020,RYN,AZ,AWP,CE,Federal Contract Tower,0,0,58,0,58,0,0,110,0,110,0,0,168,0,168,237,26,263,431
03/21/2020,RYN,AZ,AWP,CE,Federal Contract Tower,0,0,37,0,37,0,0,137,0,137,0,0,174,0,174,188,0,188,362
03/22/2020,RYN,AZ,AWP,CE,Federal Contract Tower,0,0,34,0,34,0,0,116,0,116,0,0,150,0,150,177,0,177,327
03/23/2020,RYN,AZ,AWP,CE,Federal Contract Tower,0,0,29,0,29,0,0,185,6,191,0,0,214,6,220,204,34,238,458
03/24/2020,RYN,AZ,AWP,CE,Federal Contract Tower,0,0,9,0,9,0,0,98,0,98,0,0,107,0,107,160,0,160,267
03/25/2020,RYN,AZ,AWP,CE,Federal Contract Tower,0,0,5,0,5,0,0,161,2,163,0,0,166,2,168,216,6,222,390
03/26/2020,RYN,AZ,AWP,CE,Federal Contract Tower,0,0,15,0,15,0,0,90,7,97,0,0,105,7,112,144,66,210,322
03/27/2020,RYN,AZ,AWP,CE,Federal Contract Tower,0,0,5,0,5,0,0,33,2,35,0,0,38,2,40,72,12,84,124
03/28/2020,RYN,AZ,AWP,CE,Federal Contract Tower,0,0,39,0,39,0,0,169,0,169,0,0,208,0,208,256,0,256,464
03/29/2020,RYN,AZ,AWP,CE,Federal Contract Tower,0,0,28,0,28,0,0,99,2,101,0,0,127,2,129,172,7,179,308
03/30/2020,RYN,AZ,AWP,CE,Federal Contract Tower,0,0,3,0,3,0,0,149,2,151,0,0,152,2,154,176,74,250,404
03/31/2020,RYN,AZ,AWP,CE,Federal Contract Tower,0,0,5,0,5,0,0,61,6,67,0,0,66,6,72,121,42,163,235
04/01/2020,RYN,AZ,AWP,CE,Federal Contract Tower,0,0,6,0,6,0,0,89,4,93,0,0,95,4,99,156,12,168,267
04/02/2020,RYN,AZ,AWP,CE,Federal Contract Tower,0,0,16,4,20,0,0,36,0,36,0,0,52,4,56,90,16,106,162
04/03/2020,RYN,AZ,AWP,CE,Federal Contract Tower,0,0,20,0,20,0,0,80,2,82,0,0,100,2,102,125,2,127,229
04/04/2020,RYN,AZ,AWP,CE,Federal Contract Tower,0,0,36,0,36,0,0,110,0,110,0,0,146,0,146,189,0,189,335
04/05/2020,RYN,AZ,AWP,CE,Federal Contract Tower,0,0,22,0,22,0,0,130,4,134,0,0,152,4,156,164,17,181,337
04/06/2020,RYN,AZ,AWP,CE,Federal Contract Tower,0,0,24,0,24,0,0,129,0,129,0,0,153,0,153,172,0,172,325
04/07/2020,RYN,AZ,AWP,CE,Federal Contract Tower,0,0,10,0,10,0,0,48,2,50,0,0,58,2,60,43,10,53,113
04/08/2020,RYN,AZ,AWP,CE,Federal Contract Tower,0,0,6,0,6,0,0,55,4,59,0,0,61,4,65,48,8,56,121
04/09/2020,RYN,AZ,AWP,CE,Federal Contract Tower,0,0,12,0,12,0,0,30,0,30,0,0,42,0,42,66,0,66,108
04/10/2020,RYN,AZ,AWP,CE,Federal Contract Tower,0,0,40,0,40,0,0,112,14,126,0,0,152,14,166,157,0,157,323
04/11/2020,RYN,AZ,AWP,CE,Federal Contract Tower,0,0,38,0,38,0,0,62,0,62,0,0,100,0,100,92,0,92,192
04/12/2020,RYN,AZ,AWP,CE,Federal Contract Tower,0,0,26,0,26,0,0,81,0,81,0,0,107,0,107,117,0,117,224
04/13/2020,RYN,AZ,AWP,CE,Federal Contract Tower,0,0,19,0,19,0,0,81,0,81,0,0,100,0,100,218,0,218,318
04/14/2020,RYN,AZ,AWP,CE,Federal Contract Tower,0,0,19,0,19,0,0,113,0,113,0,0,132,0,132,181,0,181,313
04/15/2020,RYN,AZ,AWP,CE,Federal Contract Tower,0,0,8,0,8,0,0,115,2,117,0,0,123,2,125,253,0,253,378
04/16/2020,RYN,AZ,AWP,CE,Federal Contract Tower,0,0,42,4,46,0,0,94,0,94,0,0,136,4,140,168,38,206,346
04/17/2020,RYN,AZ,AWP,CE,Federal Contract Tower,0,0,4,0,4,0,0,67,16,83,0,0,71,16,87,108,0,108,195
04/18/2020,RYN,AZ,AWP,CE,Federal Contract Tower,0,0,27,0,27,0,0,116,0,116,0,0,143,0,143,208,0,208,351
04/19/2020,RYN,AZ,AWP,CE,Federal Contract Tower,0,0,20,2,22,0,0,92,1,93,0,0,112,3,115,159,6,165,280
04/20/2020,RYN,AZ,AWP,CE,Federal Contract Tower,0,0,4,0,4,0,0,100,4,104,0,0,104,4,108,132,68,200,308
04/21/2020,RYN,AZ,AWP,CE,Federal Contract Tower,0,0,3,0,3,0,0,56,6,62,0,0,59,6,65,108,6,114,179
04/22/2020,RYN,AZ,AWP,CE,Federal Contract Tower,0,0,6,0,6,0,0,61,1,62,0,0,67,1,68,136,0,136,204
04/23/2020,RYN,AZ,AWP,CE,Federal Contract Tower,0,0,4,0,4,0,0,97,0,97,0,0,101,0,101,192,0,192,293
04/24/2020,RYN,AZ,AWP,CE,Federal Contract Tower,0,0,26,0,26,0,0,126,0,126,0,0,152,0,152,120,0,120,272
04/25/2020,RYN,AZ,AWP,CE,Federal Contract Tower,0,0,24,0,24,0,0,145,0,145,0,0,169,0,169,236,0,236,405
04/26/2020,RYN,AZ,AWP,CE,Federal Contract Tower,0,0,1,0,1,0,0,66,0,66,0,0,67,0,67,77,0,77,144
04/27/2020,RYN,AZ,AWP,CE,Federal Contract Tower,0,0,5,2,7,0,0,132,0,132,0,0,137,2,139,170,0,170,309
04/28/2020,RYN,AZ,AWP,CE,Federal Contract Tower,0,0,3,0,3,0,0,60,8,68,0,0,63,8,71,102,12,114,185
04/29/2020,RYN,AZ,AWP,CE,Federal Contract Tower,0,0,7,0,7,0,0,99,7,106,0,0,106,7,113,133,24,157,270
04/30/2020,RYN,AZ,AWP,CE,Federal Contract Tower,0,0,7,8,15,0,0,82,0,82,0,0,89,8,97,144,0,144,241
05/01/2020,RYN,AZ,AWP,CE,Federal Contract Tower,0,0,30,0,30,0,0,130,0,130,0,0,160,0,160,164,0,164,324
05/02/2020,RYN,AZ,AWP,CE,Federal Contract Tower,0,0,34,0,34,0,0,122,0,122,0,0,156,0,156,172,0,172,328
05/03/2020,RYN,AZ,AWP,CE,Federal Contract Tower,0,0,6,0,6,0,0,77,0,77,0,0,83,0,83,142,0,142,225
05/04/2020,RYN,AZ,AWP,CE,Federal Contract Tower,0,0,24,0,24,0,0,166,0,166,0,0,190,0,190,196,0,196,386
05/05/2020,RYN,AZ,AWP,CE,Federal Contract Tower,0,0,2,0,2,0,0,51,2,53,0,0,53,2,55,90,2,92,147
05/06/2020,RYN,AZ,AWP,CE,Federal Contract Tower,0,0,5,0,5,0,0,65,0,65,0,0,70,0,70,82,0,82,152
05/07/2020,RYN,AZ,AWP,CE,Federal Contract Tower,0,0,14,2,16,0,0,44,10,54,0,0,58,12,70,52,86,138,208
05/08/2020,RYN,AZ,AWP,CE,Federal Contract Tower,0,0,35,0,35,0,0,85,0,85,0,0,120,0,120,138,0,138,258
05/09/2020,RYN,AZ,AWP,CE,Federal Contract Tower,0,0,42,0,42,0,0,179,0,179,0,0,221,0,221,145,0,145,366
05/10/2020,RYN,AZ,AWP,CE,Federal Contract Tower,0,0,18,0,18,0,0,53,0,53,0,0,71,0,71,106,0,106,177
05/11/2020,RYN,AZ,AWP,CE,Federal Contract Tower,0,0,36,0,36,0,0,181,2,183,0,0,217,2,219,200,28,228,447
05/12/2020,RYN,AZ,AWP,CE,Federal Contract Tower,0,0,3,0,3,0,0,128,1,129,0,0,131,1,132,182,26,208,340
05/13/2020,RYN,AZ,AWP,CE,Federal Contract Tower,0,0,5,0,5,0,0,80,0,80,0,0,85,0,85,144,0,144,229
05/14/2020,RYN,AZ,AWP,CE,Federal Contract Tower,0,0,13,6,19,0,0,111,2,113,0,0,124,8,132,214,18,232,364
05/15/2020,RYN,AZ,AWP,CE,Federal Contract Tower,0,0,23,0,23,0,0,131,0,131,0,0,154,0,154,146,10,156,310
05/16/2020,RYN,AZ,AWP,CE,Federal Contract Tower,0,0,23,0,23,0,0,125,0,125,0,0,148,0,148,135,0,135,283
05/17/2020,RYN,AZ,AWP,CE,Federal Contract Tower,0,0,4,0,4,0,0,96,0,96,0,0,100,0,100,134,0,134,234
05/18/2020,RYN,AZ,AWP,CE,Federal Contract Tower,0,0,2,0,2,0,0,73,5,78,0,0,75,5,80,116,180,296,376
05/19/2020,RYN,AZ,AWP,CE,Federal Contract Tower,0,0,2,0,2,0,0,81,4,85,0,0,83,4,87,136,62,198,285
05/20/2020,RYN,AZ,AWP,CE,Federal Contract Tower,0,0,2,0,2,0,0,167,3,170,0,0,169,3,172,262,44,306,478
05/21/2020,RYN,AZ,AWP,CE,Federal Contract Tower,0,0,21,0,21,0,0,98,2,100,0,0,119,2,121,150,34,184,305
05/22/2020,RYN,AZ,AWP,CE,Federal Contract Tower,0,0,10,0,10,0,0,123,16,139,0,0,133,16,149,154,18,172,321
05/23/2020,RYN,AZ,AWP,CE,Federal Contract Tower,0,0,22,0,22,0,0,111,0,111,0,0,133,0,133,218,0,218,351
05/24/2020,RYN,AZ,AWP,CE,Federal Contract Tower,0,0,13,0,13,0,0,101,0,101,0,0,114,0,114,144,0,144,258
05/25/2020,RYN,AZ,AWP,CE,Federal Contract Tower,0,0,18,0,18,0,0,0,0,0,0,0,18,0,18,168,0,168,186
05/26/2020,RYN,AZ,AWP,CE,Federal Contract Tower,0,0,7,0,7,0,0,86,8,94,0,0,93,8,101,113,94,207,308
05/27/2020,RYN,AZ,AWP,CE,Federal Contract Tower,0,0,1,0,1,0,0,101,6,107,0,0,102,6,108,196,0,196,304
05/28/2020,RYN,AZ,AWP,CE,Federal Contract Tower,0,0,4,1,5,0,0,79,2,81,0,0,83,3,86,104,5,109,195
05/29/2020,RYN,AZ,AWP,CE,Federal Contract Tower,0,0,10,0,10,0,0,66,2,68,0,0,76,2,78,112,0,112,190
05/30/2020,RYN,AZ,AWP,CE,Federal Contract Tower,0,0,11,0,11,0,0,127,0,127,0,0,138,0,138,210,0,210,348
05/31/2020,RYN,AZ,AWP,CE,Federal Contract Tower,0,0,2,0,2,0,0,50,0,50,0,0,52,0,52,96,0,96,148
06/01/2020,RYN,AZ,AWP,CE,Federal Contract Tower,0,0,11,1,12,0,0,128,0,128,0,0,139,1,140,146,28,174,314
06/02/2020,RYN,AZ,AWP,CE,Federal Contract Tower,0,0,4,0,4,0,0,100,6,106,0,0,104,6,110,151,30,181,291
06/03/2020,RYN,AZ,AWP,CE,Federal Contract Tower,0,0,8,0,8,0,0,69,2,71,0,0,77,2,79,142,0,142,221
06/04/2020,RYN,AZ,AWP,CE,Federal Contract Tower,0,0,9,0,9,0,0,96,0,96,0,0,105,0,105,178,0,178,283
06/05/2020,RYN,AZ,AWP,CE,Federal Contract Tower,0,0,24,0,24,0,0,90,0,90,0,0,114,0,114,208,0,208,322
06/06/2020,RYN,AZ,AWP,CE,Federal Contract Tower,0,0,26,0,26,0,0,137,0,137,0,0,163,0,163,189,0,189,352
06/07/2020,RYN,AZ,AWP,CE,Federal Contract Tower,0,0,2,0,2,0,0,88,0,88,0,0,90,0,90,152,0,152,242
06/08/2020,RYN,AZ,AWP,CE,Federal Contract Tower,0,0,25,0,25,0,0,140,2,142,0,0,165,2,167,151,2,153,320
06/09/2020,RYN,AZ,AWP,CE,Federal Contract Tower,0,0,9,0,9,0,0,99,0,99,0,0,108,0,108,146,0,146,254
06/10/2020,RYN,AZ,AWP,CE,Federal Contract Tower,0,0,5,0,5,0,0,164,2,166,0,0,169,2,171,156,0,156,327
06/11/2020,RYN,AZ,AWP,CE,Federal Contract Tower,0,0,26,0,26,0,0,91,0,91,0,0,117,0,117,156,0,156,273
06/12/2020,RYN,AZ,AWP,CE,Federal Contract Tower,0,0,28,0,28,0,0,140,4,144,0,0,168,4,172,104,46,150,322
06/13/2020,RYN,AZ,AWP,CE,Federal Contract Tower,0,0,28,0,28,0,0,122,0,122,0,0,150,0,150,173,0,173,323
06/14/2020,RYN,AZ,AWP,CE,Federal Contract Tower,0,0,16,0,16,0,0,105,0,105,0,0,121,0,121,135,0,135,256
06/15/2020,RYN,AZ,AWP,CE,Federal Contract Tower,0,0,18,0,18,0,0,189,0,189,0,0,207,0,207,220,0,220,427
06/16/2020,RYN,AZ,AWP,CE,Federal Contract Tower,0,0,2,0,2,0,0,52,4,56,0,0,54,4,58,90,28,118,176
06/17/2020,RYN,AZ,AWP,CE,Federal Contract Tower,0,0,8,0,8,0,0,53,4,57,0,0,61,4,65,120,30,150,215
06/18/2020,RYN,AZ,AWP,CE,Federal Contract Tower,0,0,17,0,17,0,0,99,5,104,0,0,116,5,121,131,65,196,317
06/19/2020,RYN,AZ,AWP,CE,Federal Contract Tower,0,0,22,0,22,0,0,104,4,108,0,0,126,4,130,179,48,227,357
06/20/2020,RYN,AZ,AWP,CE,Federal Contract Tower,0,0,61,0,61,0,0,185,0,185,0,0,246,0,246,258,0,258,504
06/21/2020,RYN,AZ,AWP,CE,Federal Contract Tower,0,0,21,0,21,0,0,111,0,111,0,0,132,0,132,154,0,154,286
06/22/2020,RYN,AZ,AWP,CE,Federal Contract Tower,0,0,28,0,28,0,0,187,0,187,0,0,215,0,215,216,0,216,431
06/23/2020,RYN,AZ,AWP,CE,Federal Contract Tower,0,0,4,0,4,0,0,88,5,93,0,0,92,5,97,150,32,182,279
06/24/2020,RYN,AZ,AWP,CE,Federal Contract Tower,0,0,0,0,0,0,0,97,16,113,0,0,97,16,113,152,96,248,361
06/25/2020,RYN,AZ,AWP,CE,Federal Contract Tower,0,0,14,0,14,0,0,62,8,70,0,0,76,8,84,102,126,228,312
06/26/2020,RYN,AZ,AWP,CE,Federal Contract Tower,0,0,40,0,40,0,0,115,0,115,0,0,155,0,155,184,0,184,339
06/27/2020,RYN,AZ,AWP,CE,Federal Contract Tower,0,0,20,0,20,0,0,109,0,109,0,0,129,0,129,199,0,199,328
06/28/2020,RYN,AZ,AWP,CE,Federal Contract Tower,0,0,0,0,0,0,0,79,0,79,0,0,79,0,79,120,0,120,199
06/29/2020,RYN,AZ,AWP,CE,Federal Contract Tower,0,0,2,0,2,0,0,54,6,60,0,0,56,6,62,98,54,152,214
06/30/2020,RYN,AZ,AWP,CE,Federal Contract Tower,0,0,12,0,12,0,0,158,5,163,0,0,170,5,175,228,55,283,458
07/01/2020,RYN,AZ,AWP,CE,Federal Contract Tower,0,0,8,0,8,0,0,104,2,106,0,0,112,2,114,148,66,214,328
07/02/2020,RYN,AZ,AWP,CE,Federal Contract Tower,0,0,8,0,8,0,0,42,5,47,0,0,50,5,55,92,38,130,185
07/03/2020,RYN,AZ,AWP,CE,Federal Contract Tower,0,0,38,0,38,0,0,128,0,128,0,0,166,0,166,158,0,158,324
07/04/2020,RYN,AZ,AWP,CE,Federal Contract Tower,0,0,14,0,14,0,0,73,0,73,0,0,87,0,87,153,0,153,240
07/05/2020,RYN,AZ,AWP,CE,Federal Contract Tower,0,0,24,0,24,0,0,59,0,59,0,0,83,0,83,98,0,98,181
07/06/2020,RYN,AZ,AWP,CE,Federal Contract Tower,0,0,11,0,11,0,0,112,0,112,0,0,123,0,123,150,0,150,273
07/07/2020,RYN,AZ,AWP,CE,Federal Contract Tower,0,0,6,0,6,0,0,76,4,80,0,0,82,4,86,132,4,136,222
07/08/2020,RYN,AZ,AWP,CE,Federal Contract Tower,0,0,3,0,3,0,0,27,4,31,0,0,30,4,34,46,2,48,82
07/09/2020,RYN,AZ,AWP,CE,Federal Contract Tower,0,0,14,2,16,0,0,37,0,37,0,0,51,2,53,68,0,68,121
07/10/2020,RYN,AZ,AWP,CE,Federal Contract Tower,0,0,0,0,0,0,0,59,0,59,0,0,59,0,59,116,0,116,175
07/11/2020,RYN,AZ,AWP,CE,Federal Contract Tower,0,0,18,0,18,0,0,94,4,98,0,0,112,4,116,136,0,136,252
07/12/2020,RYN,AZ,AWP,CE,Federal Contract Tower,0,0,40,0,40,0,0,131,0,131,0,0,171,0,171,174,0,174,345
07/13/2020,RYN,AZ,AWP,CE,Federal Contract Tower,0,0,1,4,5,0,0,90,2,92,0,0,91,6,97,136,16,152,249
07/14/2020,RYN,AZ,AWP,CE,Federal Contract Tower,0,0,2,0,2,0,0,74,14,88,0,0,76,14,90,86,86,172,262
07/15/2020,RYN,AZ,AWP,CE,Federal Contract Tower,0,0,4,0,4,0,0,87,6,93,0,0,91,6,97,152,30,182,279
07/16/2020,RYN,AZ,AWP,CE,Federal Contract Tower,0,0,24,0,24,0,0,53,0,53,0,0,77,0,77,108,0,108,185
07/17/2020,RYN,AZ,AWP,CE,Federal Contract Tower,0,0,17,0,17,0,0,102,0,102,0,0,119,0,119,87,0,87,206
07/18/2020,RYN,AZ,AWP,CE,Federal Contract Tower,0,0,25,0,25,0,0,144,0,144,0,0,169,0,169,375,0,375,544
07/19/2020,RYN,AZ,AWP,CE,Federal Contract Tower,0,0,21,0,21,0,0,92,0,92,0,0,113,0,113,165,0,165,278
07/20/2020,RYN,AZ,AWP,CE,Federal Contract Tower,0,0,21,0,21,0,0,0,0,0,0,0,21,0,21,204,0,204,225
07/21/2020,RYN,AZ,AWP,CE,Federal Contract Tower,0,0,8,3,11,0,0,92,7,99,0,0,100,10,110,150,60,210,320
07/22/2020,RYN,AZ,AWP,CE,Federal Contract Tower,0,0,4,0,4,0,0,77,0,77,0,0,81,0,81,0,123,123,204
07/23/2020,RYN,AZ,AWP,CE,Federal Contract Tower,0,0,6,0,6,0,0,9,0,9,0,0,15,0,15,4,0,4,19
07/24/2020,RYN,AZ,AWP,CE,Federal Contract Tower,0,0,20,0,20,0,0,98,0,98,0,0,118,0,118,110,0,110,228
07/25/2020,RYN,AZ,AWP,CE,Federal Contract Tower,0,0,33,0,33,0,0,146,0,146,0,0,179,0,179,183,0,183,362
07/26/2020,RYN,AZ,AWP,CE,Federal Contract Tower,0,0,17,0,17,0,0,0,0,0,0,0,17,0,17,163,0,163,180
07/27/2020,RYN,AZ,AWP,CE,Federal Contract Tower,0,0,13,0,13,0,0,181,0,181,0,0,194,0,194,203,0,203,397
07/28/2020,RYN,AZ,AWP,CE,Federal Contract Tower,0,0,7,2,9,0,0,105,2,107,0,0,112,4,116,144,62,206,322
07/29/2020,RYN,AZ,AWP,CE,Federal Contract Tower,0,0,10,0,10,0,0,100,2,102,0,0,110,2,112,142,8,150,262
07/30/2020,RYN,AZ,AWP,CE,Federal Contract Tower,0,0,6,0,6,0,0,78,0,78,0,0,84,0,84,124,0,124,208
07/31/2020,RYN,AZ,AWP,CE,Federal Contract Tower,0,0,11,0,11,0,0,74,0,74,0,0,85,0,85,122,0,122,207
08/01/2020,RYN,AZ,AWP,CE,Federal Contract Tower,0,0,34,0,34,0,0,174,0,174,0,0,208,0,208,150,0,150,358
08/02/2020,RYN,AZ,AWP,CE,Federal Contract Tower,0,0,14,0,14,0,0,143,0,143,0,0,157,0,157,114,0,114,271
08/03/2020,RYN,AZ,AWP,CE,Federal Contract Tower,0,0,22,0,22,0,0,185,0,185,0,0,207,0,207,215,0,215,422
08/04/2020,RYN,AZ,AWP,CE,Federal Contract Tower,0,0,20,0,20,0,0,90,0,90,0,0,110,0,110,119,0,119,229
08/05/2020,RYN,AZ,AWP,CE,Federal Contract Tower,0,0,7,0,7,0,0,88,0,88,0,0,95,0,95,140,0,140,235
08/06/2020,RYN,AZ,AWP,CE,Federal Contract Tower,0,0,6,0,6,0,0,73,0,73,0,0,79,0,79,131,0,131,210
08/07/2020,RYN,AZ,AWP,CE,Federal Contract Tower,0,0,8,0,8,0,0,78,2,80,0,0,86,2,88,118,2,120,208
08/08/2020,RYN,AZ,AWP,CE,Federal Contract Tower,0,0,36,0,36,0,0,162,0,162,0,0,198,0,198,220,0,220,418
08/09/2020,RYN,AZ,AWP,CE,Federal Contract Tower,0,0,31,0,31,0,0,147,0,147,0,0,178,0,178,155,0,155,333
08/10/2020,RYN,AZ,AWP,CE,Federal Contract Tower,0,0,17,3,20,0,0,161,13,174,0,0,178,16,194,181,72,253,447
08/11/2020,RYN,AZ,AWP,CE,Federal Contract Tower,0,0,8,0,8,0,0,84,0,84,0,0,92,0,92,130,0,130,222
08/12/2020,RYN,AZ,AWP,CE,Federal Contract Tower,0,0,4,0,4,0,0,94,0,94,0,0,98,0,98,163,0,163,261
08/13/2020,RYN,AZ,AWP,CE,Federal Contract Tower,0,0,4,0,4,0,0,56,0,56,0,0,60,0,60,0,106,106,166
08/14/2020,RYN,AZ,AWP,CE,Federal Contract Tower,0,0,3,0,3,0,0,64,2,66,0,0,67,2,69,106,20,126,195
08/15/2020,RYN,AZ,AWP,CE,Federal Contract Tower,0,0,24,0,24,0,0,121,0,121,0,0,145,0,145,201,0,201,346
08/16/2020,RYN,AZ,AWP,CE,Federal Contract Tower,0,0,3,0,3,0,0,0,0,0,0,0,3,0,3,141,0,141,144
08/17/2020,RYN,AZ,AWP,CE,Federal Contract Tower,0,0,18,0,18,0,0,176,0,176,0,0,194,0,194,179,0,179,373
08/18/2020,RYN,AZ,AWP,CE,Federal Contract Tower,0,0,6,0,6,0,0,100,10,110,0,0,106,10,116,186,34,220,336
08/19/2020,RYN,AZ,AWP,CE,Federal Contract Tower,0,0,15,1,16,0,0,129,3,132,0,0,144,4,148,219,54,273,421
08/20/2020,RYN,AZ,AWP,CE,Federal Contract Tower,0,0,7,0,7,0,0,74,2,76,0,0,81,2,83,144,2,146,229
08/21/2020,RYN,AZ,AWP,CE,Federal Contract Tower,0,0,36,0,36,0,0,160,20,180,0,0,196,20,216,102,0,102,318
08/22/2020,RYN,AZ,AWP,CE,Federal Contract Tower,0,0,47,0,47,0,0,163,0,163,0,0,210,0,210,225,0,225,435
08/23/2020,RYN,AZ,AWP,CE,Federal Contract Tower,0,0,21,0,21,0,0,137,0,137,0,0,158,0,158,183,0,183,341
08/24/2020,RYN,AZ,AWP,CE,Federal Contract Tower,0,0,1,0,1,0,0,150,1,151,0,0,151,1,152,174,72,246,398
08/25/2020,RYN,AZ,AWP,CE,Federal Contract Tower,0,0,8,0,8,0,0,122,11,133,0,0,130,11,141,134,78,212,353
08/26/2020,RYN,AZ,AWP,CE,Federal Contract Tower,0,0,0,11,11,0,0,92,6,98,0,0,92,17,109,154,82,236,345
08/27/2020,RYN,AZ,AWP,CE,Federal Contract Tower,0,0,9,0,9,0,0,67,4,71,0,0,76,4,80,108,24,132,212
08/28/2020,RYN,AZ,AWP,CE,Federal Contract Tower,0,0,12,0,12,0,0,63,1,64,0,0,75,1,76,124,6,130,206
08/29/2020,RYN,AZ,AWP,CE,Federal Contract Tower,0,0,41,0,41,0,0,197,0,197,0,0,238,0,238,248,0,248,486
08/30/2020,RYN,AZ,AWP,CE,Federal Contract Tower,0,0,18,0,18,0,0,90,0,90,0,0,108,0,108,122,0,122,230
08/31/2020,RYN,AZ,AWP,CE,Federal Contract Tower,0,0,3,0,3,0,0,118,0,118,0,0,121,0,121,181,0,181,302
09/01/2020,RYN,AZ,AWP,CE,Federal Contract Tower,0,0,34,0,34,0,0,92,14,106,0,0,126,14,140,127,108,235,375
09/02/2020,RYN,AZ,AWP,CE,Federal Contract Tower,0,0,11,0,11,0,0,137,2,139,0,0,148,2,150,188,18,206,356
09/03/2020,RYN,AZ,AWP,CE,Federal Contract Tower,0,0,8,0,8,0,0,86,4,90,0,0,94,4,98,148,74,222,320
09/04/2020,RYN,AZ,AWP,CE,Federal Contract Tower,0,0,23,0,23,0,0,116,0,116,0,0,139,0,139,157,58,215,354
09/05/2020,RYN,AZ,AWP,CE,Federal Contract Tower,0,0,32,2,34,0,0,130,0,130,0,0,162,2,164,172,4,176,340
09/06/2020,RYN,AZ,AWP,CE,Federal Contract Tower,0,0,2,0,2,0,0,93,0,93,0,0,95,0,95,132,0,132,227
09/07/2020,RYN,AZ,AWP,CE,Federal Contract Tower,0,0,16,0,16,0,0,137,0,137,0,0,153,0,153,172,0,172,325
09/08/2020,RYN,AZ,AWP,CE,Federal Contract Tower,0,0,6,1,7,0,0,83,6,89,0,0,89,7,96,128,108,236,332
09/09/2020,RYN,AZ,AWP,CE,Federal Contract Tower,0,0,4,0,4,0,0,82,4,86,0,0,86,4,90,134,0,134,224
09/10/2020,RYN,AZ,AWP,CE,Federal Contract Tower,0,0,4,0,4,0,0,95,0,95,0,0,99,0,99,172,0,172,271
09/11/2020,RYN,AZ,AWP,CE,Federal Contract Tower,0,0,28,0,28,0,0,122,0,122,0,0,150,0,150,228,0,228,378
09/12/2020,RYN,AZ,AWP,CE,Federal Contract Tower,0,0,28,0,28,0,0,92,0,92,0,0,120,0,120,199,0,199,319
09/13/2020,RYN,AZ,AWP,CE,Federal Contract Tower,0,0,1,0,1,0,0,76,0,76,0,0,77,0,77,117,0,117,194
09/14/2020,RYN,AZ,AWP,CE,Federal Contract Tower,0,0,0,0,0,0,0,130,5,135,0,0,130,5,135,170,72,242,377
09/15/2020,RYN,AZ,AWP,CE,Federal Contract Tower,0,0,16,0,16,0,0,125,12,137,0,0,141,12,153,176,56,232,385
09/17/2020,RYN,AZ,AWP,CE,Federal Contract Tower,0,0,17,0,17,0,0,74,0,74,0,0,91,0,91,124,0,124,215
09/18/2020,RYN,AZ,AWP,CE,Federal Contract Tower,0,0,18,0,18,0,0,90,0,90,0,0,108,0,108,132,0,132,240
09/19/2020,RYN,AZ,AWP,CE,Federal Contract Tower,0,0,24,0,24,0,0,134,0,134,0,0,158,0,158,193,0,193,351
09/20/2020,RYN,AZ,AWP,CE,Federal Contract Tower,0,0,16,0,16,0,0,115,0,115,0,0,131,0,131,144,0,144,275
09/21/2020,RYN,AZ,AWP,CE,Federal Contract Tower,0,0,8,0,8,0,0,187,0,187,0,0,195,0,195,237,2,239,434
09/22/2020,RYN,AZ,AWP,CE,Federal Contract Tower,0,0,3,0,3,0,0,96,0,96,0,0,99,0,99,162,0,162,261
09/23/2020,RYN,AZ,AWP,CE,Federal Contract Tower,0,0,6,0,6,0,0,115,2,117,0,0,121,2,123,168,26,194,317
09/24/2020,RYN,AZ,AWP,CE,Federal Contract Tower,0,0,14,0,14,0,0,114,0,114,0,0,128,0,128,180,0,180,308
09/25/2020,RYN,AZ,AWP,CE,Federal Contract Tower,0,0,20,0,20,0,0,80,0,80,0,0,100,0,100,188,0,188,288
09/26/2020,RYN,AZ,AWP,CE,Federal Contract Tower,0,0,26,0,26,0,0,136,0,136,0,0,162,0,162,224,0,224,386
09/27/2020,RYN,AZ,AWP,CE,Federal Contract Tower,0,0,14,0,14,0,0,95,0,95,0,0,109,0,109,125,0,125,234
09/28/2020,RYN,AZ,AWP,CE,Federal Contract Tower,0,0,6,0,6,0,0,94,10,104,0,0,100,10,110,120,76,196,306
09/29/2020,RYN,AZ,AWP,CE,Federal Contract Tower,0,0,8,0,8,0,0,118,0,118,0,0,126,0,126,161,26,187,313
09/30/2020,RYN,AZ,AWP,CE,Federal Contract Tower,0,0,3,0,3,0,0,153,0,153,0,0,156,0,156,242,0,242,398
10/01/2020,RYN,AZ,AWP,CE,Federal Contract Tower,0,0,11,0,11,0,0,88,0,88,0,0,99,0,99,176,0,176,275
10/02/2020,RYN,AZ,AWP,CE,Federal Contract Tower,0,0,11,0,11,0,0,72,0,72,0,0,83,0,83,144,0,144,227
10/03/2020,RYN,AZ,AWP,CE,Federal Contract Tower,0,0,20,0,20,0,0,105,0,105,0,0,125,0,125,195,0,195,320
10/04/2020,RYN,AZ,AWP,CE,Federal Contract Tower,0,0,23,0,23,0,0,92,0,92,0,0,115,0,115,128,0,128,243
10/05/2020,RYN,AZ,AWP,CE,Federal Contract Tower,0,0,7,0,7,0,0,171,0,171,0,0,178,0,178,240,0,240,418
10/06/2020,RYN,AZ,AWP,CE,Federal Contract Tower,0,0,1,0,1,0,0,176,2,178,0,0,177,2,179,223,16,239,418
10/07/2020,RYN,AZ,AWP,CE,Federal Contract Tower,0,0,28,7,35,0,0,110,6,116,0,0,138,13,151,195,37,232,383
10/08/2020,RYN,AZ,AWP,CE,Federal Contract Tower,0,0,28,0,28,0,0,74,2,76,0,0,102,2,104,96,0,96,200
10/09/2020,RYN,AZ,AWP,CE,Federal Contract Tower,0,0,14,0,14,0,0,122,2,124,0,0,136,2,138,182,12,194,332
10/10/2020,RYN,AZ,AWP,CE,Federal Contract Tower,0,0,23,0,23,0,0,143,0,143,0,0,166,0,166,207,0,207,373
10/11/2020,RYN,AZ,AWP,CE,Federal Contract Tower,0,0,7,0,7,0,0,96,0,96,0,0,103,0,103,98,0,98,201
10/12/2020,RYN,AZ,AWP,CE,Federal Contract Tower,0,0,5,0,5,0,0,135,0,135,0,0,140,0,140,178,0,178,318
10/13/2020,RYN,AZ,AWP,CE,Federal Contract Tower,0,0,6,0,6,0,0,88,4,92,0,0,94,4,98,144,24,168,266
10/14/2020,RYN,AZ,AWP,CE,Federal Contract Tower,0,0,10,0,10,0,0,73,6,79,0,0,83,6,89,110,46,156,245
10/15/2020,RYN,AZ,AWP,CE,Federal Contract Tower,0,0,11,0,11,0,0,92,10,102,0,0,103,10,113,160,82,242,355
10/16/2020,RYN,AZ,AWP,CE,Federal Contract Tower,0,0,10,0,10,0,0,76,8,84,0,0,86,8,94,122,100,222,316
10/17/2020,RYN,AZ,AWP,CE,Federal Contract Tower,0,0,22,0,22,0,0,98,0,98,0,0,120,0,120,171,0,171,291
10/18/2020,RYN,AZ,AWP,CE,Federal Contract Tower,0,0,2,0,2,0,0,97,0,97,0,0,99,0,99,130,0,130,229
10/19/2020,RYN,AZ,AWP,CE,Federal Contract Tower,0,0,10,0,10,0,0,72,8,80,0,0,82,8,90,131,37,168,258
10/20/2020,RYN,AZ,AWP,CE,Federal Contract Tower,0,0,22,0,22,0,0,129,0,129,0,0,151,0,151,179,0,179,330
10/21/2020,RYN,AZ,AWP,CE,Federal Contract Tower,0,0,12,0,12,0,0,115,10,125,0,0,127,10,137,168,18,186,323
10/22/2020,RYN,AZ,AWP,CE,Federal Contract Tower,0,0,33,10,43,0,0,128,28,156,0,0,161,38,199,264,60,324,523
10/23/2020,RYN,AZ,AWP,CE,Federal Contract Tower,0,0,16,8,24,0,0,112,10,122,0,0,128,18,146,186,20,206,352
10/24/2020,RYN,AZ,AWP,CE,Federal Contract Tower,0,0,26,5,31,0,0,135,8,143,0,0,161,13,174,187,22,209,383
10/25/2020,RYN,AZ,AWP,CE,Federal Contract Tower,0,0,20,0,20,0,0,86,0,86,0,0,106,0,106,105,0,105,211
10/26/2020,RYN,AZ,AWP,CE,Federal Contract Tower,0,0,13,0,13,0,0,76,10,86,0,0,89,10,99,90,58,148,247
10/27/2020,RYN,AZ,AWP,CE,Federal Contract Tower,0,0,10,0,10,0,0,107,9,116,0,0,117,9,126,136,34,170,296
10/28/2020,RYN,AZ,AWP,CE,Federal Contract Tower,0,0,11,0,11,0,0,150,10,160,0,0,161,10,171,240,44,284,455
10/29/2020,RYN,AZ,AWP,CE,Federal Contract Tower,0,0,13,0,13,0,0,102,0,102,0,0,115,0,115,170,0,170,285
10/30/2020,RYN,AZ,AWP,CE,Federal Contract Tower,0,0,11,6,17,0,0,62,0,62,0,0,73,6,79,102,0,102,181
10/31/2020,RYN,AZ,AWP,CE,Federal Contract Tower,0,0,16,0,16,0,0,146,0,146,0,0,162,0,162,228,0,228,390
11/01/2020,RYN,AZ,AWP,CE,Federal Contract Tower,0,0,5,0,5,0,0,80,0,80,0,0,85,0,85,101,0,101,186
11/02/2020,RYN,AZ,AWP,CE,Federal Contract Tower,0,0,9,0,9,0,0,52,4,56,0,0,61,4,65,68,56,124,189
11/03/2020,RYN,AZ,AWP,CE,Federal Contract Tower,0,0,5,0,5,0,0,187,7,194,0,0,192,7,199,267,114,381,580
11/04/2020,RYN,AZ,AWP,CE,Federal Contract Tower,0,0,10,0,10,0,0,163,8,171,0,0,173,8,181,232,72,304,485
11/05/2020,RYN,AZ,AWP,CE,Federal Contract Tower,0,0,14,6,20,0,0,84,14,98,0,0,98,20,118,118,46,164,282
11/06/2020,RYN,AZ,AWP,CE,Federal Contract Tower,0,0,24,0,24,0,0,92,10,102,0,0,116,10,126,144,20,164,290
11/07/2020,RYN,AZ,AWP,CE,Federal Contract Tower,0,0,4,0,4,0,0,22,0,22,0,0,26,0,26,27,0,27,53
11/08/2020,RYN,AZ,AWP,CE,Federal Contract Tower,0,0,4,0,4,0,0,102,0,102,0,0,106,0,106,124,0,124,230
11/09/2020,RYN,AZ,AWP,CE,Federal Contract Tower,0,0,8,0,8,0,0,70,0,70,0,0,78,0,78,112,0,112,190
11/10/2020,RYN,AZ,AWP,CE,Federal Contract Tower,0,0,12,0,12,0,0,97,2,99,0,0,109,2,111,220,2,222,333
11/11/2020,RYN,AZ,AWP,CE,Federal Contract Tower,0,0,6,0,6,0,0,141,0,141,0,0,147,0,147,143,0,143,290
11/12/2020,RYN,AZ,AWP,CE,Federal Contract Tower,0,0,23,2,25,0,0,79,8,87,0,0,102,10,112,138,62,200,312
11/13/2020,RYN,AZ,AWP,CE,Federal Contract Tower,0,0,14,2,16,0,0,100,10,110,0,0,114,12,126,148,40,188,314
11/14/2020,RYN,AZ,AWP,CE,Federal Contract Tower,0,0,15,0,15,0,0,132,1,133,0,0,147,1,148,196,8,204,352
11/15/2020,RYN,AZ,AWP,CE,Federal Contract Tower,0,0,7,0,7,0,0,86,0,86,0,0,93,0,93,178,0,178,271
11/16/2020,RYN,AZ,AWP,CE,Federal Contract Tower,0,0,8,0,8,0,0,154,0,154,0,0,162,0,162,195,0,195,357
11/17/2020,RYN,AZ,AWP,CE,Federal Contract Tower,0,0,4,1,5,0,0,150,2,152,0,0,154,3,157,250,36,286,443
11/18/2020,RYN,AZ,AWP,CE,Federal Contract Tower,0,0,7,0,7,0,0,161,9,170,0,0,168,9,177,210,78,288,465
11/19/2020,RYN,AZ,AWP,CE,Federal Contract Tower,0,0,25,8,33,0,0,118,13,131,0,0,143,21,164,210,71,281,445
11/20/2020,RYN,AZ,AWP,CE,Federal Contract Tower,0,0,20,1,21,0,0,128,6,134,0,0,148,7,155,237,48,285,440
11/21/2020,RYN,AZ,AWP,CE,Federal Contract Tower,0,0,30,0,30,0,0,172,0,172,0,0,202,0,202,186,0,186,388
11/22/2020,RYN,AZ,AWP,CE,Federal Contract Tower,0,0,6,0,6,0,0,146,0,146,0,0,152,0,152,200,0,200,352
11/23/2020,RYN,AZ,AWP,CE,Federal Contract Tower,0,0,5,0,5,0,0,121,13,134,0,0,126,13,139,146,208,354,493
11/24/2020,RYN,AZ,AWP,CE,Federal Contract Tower,0,0,8,0,8,0,0,124,2,126,0,0,132,2,134,200,54,254,388
11/25/2020,RYN,AZ,AWP,CE,Federal Contract Tower,0,0,8,0,8,0,0,87,0,87,0,0,95,0,95,186,0,186,281
11/26/2020,RYN,AZ,AWP,CE,Federal Contract Tower,0,0,2,0,2,0,0,32,0,32,0,0,34,0,34,46,0,46,80
11/27/2020,RYN,AZ,AWP,CE,Federal Contract Tower,0,0,22,0,22,0,0,124,0,124,0,0,146,0,146,158,0,158,304
11/28/2020,RYN,AZ,AWP,CE,Federal Contract Tower,0,0,28,0,28,0,0,113,0,113,0,0,141,0,141,184,0,184,325
11/29/2020,RYN,AZ,AWP,CE,Federal Contract Tower,0,0,14,0,14,0,0,81,2,83,0,0,95,2,97,118,6,124,221
11/30/2020,RYN,AZ,AWP,CE,Federal Contract Tower,0,0,12,0,12,0,0,59,11,70,0,0,71,11,82,46,126,172,254
12/01/2020,RYN,AZ,AWP,CE,Federal Contract Tower,0,0,12,0,12,0,0,173,6,179,0,0,185,6,191,214,56,270,461
12/02/2020,RYN,AZ,AWP,CE,Federal Contract Tower,0,0,8,0,8,0,0,125,4,129,0,0,133,4,137,188,84,272,409
12/03/2020,RYN,AZ,AWP,CE,Federal Contract Tower,0,0,12,0,12,0,0,20,0,20,0,0,32,0,32,24,0,24,56
12/04/2020,RYN,AZ,AWP,CE,Federal Contract Tower,0,0,14,0,14,0,0,80,0,80,0,0,94,0,94,140,0,140,234
12/05/2020,RYN,AZ,AWP,CE,Federal Contract Tower,0,0,21,2,23,0,0,105,0,105,0,0,126,2,128,156,10,166,294
12/06/2020,RYN,AZ,AWP,CE,Federal Contract Tower,0,0,4,0,4,0,0,132,0,132,0,0,136,0,136,191,0,191,327
12/07/2020,RYN,AZ,AWP,CE,Federal Contract Tower,0,0,8,0,8,0,0,44,6,50,0,0,52,6,58,100,134,234,292
12/08/2020,RYN,AZ,AWP,CE,Federal Contract Tower,0,0,5,0,5,0,0,74,10,84,0,0,79,10,89,89,64,153,242
12/09/2020,RYN,AZ,AWP,CE,Federal Contract Tower,0,0,10,0,10,0,0,116,10,126,0,0,126,10,136,138,16,154,290
12/10/2020,RYN,AZ,AWP,CE,Federal Contract Tower,0,0,17,2,19,0,0,20,3,23,0,0,37,5,42,26,20,46,88
12/11/2020,RYN,AZ,AWP,CE,Federal Contract Tower,0,0,12,4,16,0,0,61,8,69,0,0,73,12,85,121,18,139,224
12/12/2020,RYN,AZ,AWP,CE,Federal Contract Tower,0,0,25,0,25,0,0,111,2,113,0,0,136,2,138,148,6,154,292
12/13/2020,RYN,AZ,AWP,CE,Federal Contract Tower,0,0,0,0,0,0,0,67,0,67,0,0,67,0,67,86,0,86,153
12/14/2020,RYN,AZ,AWP,CE,Federal Contract Tower,0,0,16,2,18,0,0,125,2,127,0,0,141,4,145,153,28,181,326
12/17/2020,RYN,AZ,AWP,CE,Federal Contract Tower,0,0,37,0,37,0,0,199,4,203,0,0,236,4,240,276,35,311,551
12/18/2020,RYN,AZ,AWP,CE,Federal Contract Tower,0,0,23,0,23,0,0,126,0,126,0,0,149,0,149,204,0,204,353
12/19/2020,RYN,AZ,AWP,CE,Federal Contract Tower,0,0,5,0,5,0,0,135,0,135,0,0,140,0,140,122,0,122,262
12/20/2020,RYN,AZ,AWP,CE,Federal Contract Tower,0,0,15,0,15,0,0,116,0,116,0,0,131,0,131,147,0,147,278
12/21/2020,RYN,AZ,AWP,CE,Federal Contract Tower,1,1,7,0,9,0,0,61,0,61,1,1,68,0,70,74,0,74,144
12/22/2020,RYN,AZ,AWP,CE,Federal Contract Tower,0,0,5,0,5,0,0,81,0,81,0,0,86,0,86,94,0,94,180
12/23/2020,RYN,AZ,AWP,CE,Federal Contract Tower,0,0,0,0,0,0,0,45,0,45,0,0,45,0,45,58,0,58,103
12/24/2020,RYN,AZ,AWP,CE,Federal Contract Tower,0,0,3,0,3,0,0,13,0,13,0,0,16,0,16,19,0,19,35
12/25/2020,RYN,AZ,AWP,CE,Federal Contract Tower,0,0,0,0,0,0,0,12,0,12,0,0,12,0,12,0,0,0,12
12/26/2020,RYN,AZ,AWP,CE,Federal Contract Tower,0,0,20,0,20,0,0,91,0,91,0,0,111,0,111,121,0,121,232
12/27/2020,RYN,AZ,AWP,CE,Federal Contract Tower,0,0,13,0,13,0,0,54,0,54,0,0,67,0,67,58,0,58,125
12/28/2020,RYN,AZ,AWP,CE,Federal Contract Tower,0,0,5,0,5,0,0,43,2,45,0,0,48,2,50,58,38,96,146
12/29/2020,RYN,AZ,AWP,CE,Federal Contract Tower,0,0,3,0,3,0,0,103,2,105,0,0,106,2,108,178,10,188,296
12/30/2020,RYN,AZ,AWP,CE,Federal Contract Tower,0,0,7,0,7,0,0,164,0,164,0,0,171,0,171,210,0,210,381
12/31/2020,RYN,AZ,AWP,CE,Federal Contract Tower,0,0,4,0,4,0,0,113,2,115,0,0,117,2,119,164,8,172,291
01/01/2021,RYN,AZ,AWP,CE,Federal Contract Tower,0,0,11,0,11,0,0,77,0,77,0,0,88,0,88,124,0,124,212
01/02/2021,RYN,AZ,AWP,CE,Federal Contract Tower,0,0,32,0,32,0,0,118,0,118,0,0,150,0,150,148,0,148,298
01/03/2021,RYN,AZ,AWP,CE,Federal Contract Tower,0,0,1,0,1,0,0,117,0,117,0,0,118,0,118,158,0,158,276
01/04/2021,RYN,AZ,AWP,CE,Federal Contract Tower,0,0,3,0,3,0,0,122,3,125,0,0,125,3,128,167,20,187,315
01/05/2021,RYN,AZ,AWP,CE,Federal Contract Tower,0,0,7,0,7,0,0,157,4,161,0,0,164,4,168,208,56,264,432
01/06/2021,RYN,AZ,AWP,CE,Federal Contract Tower,0,0,7,0,7,0,0,167,2,169,0,0,174,2,176,183,36,219,395
01/07/2021,RYN,AZ,AWP,CE,Federal Contract Tower,0,0,32,2,34,0,0,110,12,122,0,0,142,14,156,144,44,188,344
01/08/2021,RYN,AZ,AWP,CE,Federal Contract Tower,0,0,21,0,21,0,0,115,13,128,0,0,136,13,149,161,38,199,348
01/09/2021,RYN,AZ,AWP,CE,Federal Contract Tower,0,0,22,0,22,0,0,143,0,143,0,0,165,0,165,190,0,190,355
01/10/2021,RYN,AZ,AWP,CE,Federal Contract Tower,0,0,0,0,0,0,0,99,0,99,0,0,99,0,99,114,0,114,213
01/11/2021,RYN,AZ,AWP,CE,Federal Contract Tower,0,0,14,0,14,0,0,111,5,116,0,0,125,5,130,151,67,218,348
01/12/2021,RYN,AZ,AWP,CE,Federal Contract Tower,0,0,0,0,0,0,0,99,8,107,0,0,99,8,107,152,64,216,323
01/13/2021,RYN,AZ,AWP,CE,Federal Contract Tower,0,0,8,0,8,0,0,139,12,151,0,0,147,12,159,177,78,255,414
01/14/2021,RYN,AZ,AWP,CE,Federal Contract Tower,0,0,17,16,33,0,0,138,28,166,0,0,155,44,199,184,124,308,507
01/15/2021,RYN,AZ,AWP,CE,Federal Contract Tower,0,0,11,6,17,0,0,139,16,155,0,0,150,22,172,186,152,338,510
01/16/2021,RYN,AZ,AWP,CE,Federal Contract Tower,0,0,17,0,17,0,0,110,0,110,0,0,127,0,127,146,0,146,273
01/17/2021,RYN,AZ,AWP,CE,Federal Contract Tower,0,0,3,0,3,0,0,122,0,122,0,0,125,0,125,127,0,127,252
01/18/2021,RYN,AZ,AWP,CE,Federal Contract Tower,0,0,5,0,5,0,0,152,0,152,0,0,157,0,157,198,0,198,355
01/19/2021,RYN,AZ,AWP,CE,Federal Contract Tower,0,0,5,0,5,0,0,70,2,72,0,0,75,2,77,88,38,126,203
01/20/2021,RYN,AZ,AWP,CE,Federal Contract Tower,0,0,1,0,1,0,0,29,5,34,0,0,30,5,35,78,0,78,113
01/21/2021,RYN,AZ,AWP,CE,Federal Contract Tower,0,0,3,4,7,0,0,22,4,26,0,0,25,8,33,56,44,100,133
01/22/2021,RYN,AZ,AWP,CE,Federal Contract Tower,0,0,14,4,18,0,0,118,18,136,0,0,132,22,154,136,32,168,322
01/24/2021,RYN,AZ,AWP,CE,Federal Contract Tower,0,0,0,0,0,0,0,39,0,39,0,0,39,0,39,57,0,57,96
01/25/2021,RYN,AZ,AWP,CE,Federal Contract Tower,0,0,2,0,2,0,0,10,0,10,0,0,12,0,12,19,0,19,31
01/26/2021,RYN,AZ,AWP,CE,Federal Contract Tower,0,0,4,0,4,0,0,12,0,12,0,0,16,0,16,26,30,56,72
01/27/2021,RYN,AZ,AWP,CE,Federal Contract Tower,0,0,10,0,10,0,0,173,13,186,0,0,183,13,196,216,102,318,514
01/28/2021,RYN,AZ,AWP,CE,Federal Contract Tower,0,0,12,0,12,0,0,58,22,80,0,0,70,22,92,56,124,180,272
01/29/2021,RYN,AZ,AWP,CE,Federal Contract Tower,0,0,4,0,4,0,0,17,12,29,0,0,21,12,33,24,24,48,81
01/30/2021,RYN,AZ,AWP,CE,Federal Contract Tower,0,0,14,0,14,0,0,79,0,79,0,0,93,0,93,113,0,113,206
01/31/2021,RYN,AZ,AWP,CE,Federal Contract Tower,0,0,8,0,8,0,0,73,0,73,0,0,81,0,81,122,0,122,203
02/01/2021,RYN,AZ,AWP,CE,Federal Contract Tower,0,0,5,0,5,0,0,66,1,67,0,0,71,1,72,82,12,94,166
02/02/2021,RYN,AZ,AWP,CE,Federal Contract Tower,0,0,4,0,4,0,0,158,6,164,0,0,162,6,168,182,90,272,440
02/03/2021,RYN,AZ,AWP,CE,Federal Contract Tower,0,0,5,0,5,0,0,122,3,125,0,0,127,3,130,135,62,197,327
02/04/2021,RYN,AZ,AWP,CE,Federal Contract Tower,0,0,26,0,26,0,0,90,3,93,0,0,116,3,119,146,66,212,331
02/05/2021,RYN,AZ,AWP,CE,Federal Contract Tower,0,0,24,0,24,0,0,89,7,96,0,0,113,7,120,176,34,210,330
02/06/2021,RYN,AZ,AWP,CE,Federal Contract Tower,0,0,27,0,27,0,0,150,0,150,0,0,177,0,177,178,0,178,355
02/07/2021,RYN,AZ,AWP,CE,Federal Contract Tower,0,0,1,0,1,0,0,83,0,83,0,0,84,0,84,155,0,155,239
02/08/2021,RYN,AZ,AWP,CE,Federal Contract Tower,0,0,4,0,4,0,0,76,0,76,0,0,80,0,80,190,121,311,391
02/09/2021,RYN,AZ,AWP,CE,Federal Contract Tower,0,0,8,0,8,0,0,104,2,106,0,0,112,2,114,167,78,245,359
02/10/2021,RYN,AZ,AWP,CE,Federal Contract Tower,0,0,6,0,6,0,0,191,5,196,0,0,197,5,202,200,56,256,458
02/11/2021,RYN,AZ,AWP,CE,Federal Contract Tower,0,0,20,0,20,0,0,86,0,86,0,0,106,0,106,158,14,172,278
02/12/2021,RYN,AZ,AWP,CE,Federal Contract Tower,0,0,22,0,22,0,0,70,4,74,0,0,92,4,96,80,20,100,196
02/13/2021,RYN,AZ,AWP,CE,Federal Contract Tower,0,0,14,0,14,0,0,126,0,126,0,0,140,0,140,177,0,177,317
02/14/2021,RYN,AZ,AWP,CE,Federal Contract Tower,0,0,12,0,12,0,0,48,0,48,0,0,60,0,60,56,0,56,116
02/15/2021,RYN,AZ,AWP,CE,Federal Contract Tower,0,0,1,2,3,0,0,102,0,102,0,0,103,2,105,195,14,209,314
02/16/2021,RYN,AZ,AWP,CE,Federal Contract Tower,0,0,2,0,2,0,0,41,2,43,0,0,43,2,45,83,62,145,190
02/17/2021,RYN,AZ,AWP,CE,Federal Contract Tower,0,0,10,0,10,0,0,73,10,83,0,0,83,10,93,98,96,194,287
02/18/2021,RYN,AZ,AWP,CE,Federal Contract Tower,0,0,13,0,13,0,0,96,6,102,0,0,109,6,115,140,34,174,289
02/19/2021,RYN,AZ,AWP,CE,Federal Contract Tower,0,0,0,9,9,0,0,98,20,118,0,0,98,29,127,164,30,194,321
02/20/2021,RYN,AZ,AWP,CE,Federal Contract Tower,0,0,19,0,19,0,0,129,0,129,0,0,148,0,148,160,0,160,308
02/21/2021,RYN,AZ,AWP,CE,Federal Contract Tower,0,0,6,0,6,0,0,154,0,154,0,0,160,0,160,168,0,168,328
02/22/2021,RYN,AZ,AWP,CE,Federal Contract Tower,0,0,3,0,3,0,0,163,8,171,0,0,166,8,174,201,38,239,413
02/23/2021,RYN,AZ,AWP,CE,Federal Contract Tower,0,0,2,0,2,0,0,136,6,142,0,0,138,6,144,192,96,288,432
02/24/2021,RYN,AZ,AWP,CE,Federal Contract Tower,0,0,26,0,26,0,0,183,14,197,0,0,209,14,223,194,56,250,473
02/25/2021,RYN,AZ,AWP,CE,Federal Contract Tower,0,0,35,15,50,0,0,111,26,137,0,0,146,41,187,138,44,182,369
02/26/2021,RYN,AZ,AWP,CE,Federal Contract Tower,0,0,48,0,48,0,0,154,0,154,0,0,202,0,202,163,0,163,365
02/27/2021,RYN,AZ,AWP,CE,Federal Contract Tower,0,0,19,0,19,0,0,142,14,156,0,0,161,14,175,210,30,240,415
02/28/2021,RYN,AZ,AWP,CE,Federal Contract Tower,0,0,3,0,3,0,0,15,0,15,0,0,18,0,18,8,0,8,26
03/01/2021,RYN,AZ,AWP,CE,Federal Contract Tower,0,0,5,0,5,0,0,137,3,140,0,0,142,3,145,89,8,97,242
03/03/2021,RYN,AZ,AWP,CE,Federal Contract Tower,0,0,2,0,2,0,0,70,2,72,0,0,72,2,74,80,14,94,168
03/04/2021,RYN,AZ,AWP,CE,Federal Contract Tower,0,0,34,2,36,0,0,118,10,128,0,0,152,12,164,184,72,256,420
03/05/2021,RYN,AZ,AWP,CE,Federal Contract Tower,0,0,37,4,41,0,0,154,0,154,0,0,191,4,195,150,0,150,345
03/06/2021,RYN,AZ,AWP,CE,Federal Contract Tower,0,0,20,0,20,0,0,47,2,49,0,0,67,2,69,86,4,90,159
03/07/2021,RYN,AZ,AWP,CE,Federal Contract Tower,0,0,16,0,16,0,0,114,2,116,0,0,130,2,132,125,6,131,263
03/08/2021,RYN,AZ,AWP,CE,Federal Contract Tower,0,0,6,0,6,0,0,133,2,135,0,0,139,2,141,125,40,165,306
03/09/2021,RYN,AZ,AWP,CE,Federal Contract Tower,0,0,5,0,5,0,0,120,1,121,0,0,125,1,126,152,2,154,280
03/10/2021,RYN,AZ,AWP,CE,Federal Contract Tower,0,0,20,4,24,0,0,131,6,137,0,0,151,10,161,166,52,218,379
03/11/2021,RYN,AZ,AWP,CE,Federal Contract Tower,0,0,11,0,11,0,0,131,2,133,0,0,142,2,144,187,79,266,410
03/12/2021,RYN,AZ,AWP,CE,Federal Contract Tower,0,0,14,0,14,0,0,47,11,58,0,0,61,11,72,67,25,92,164
03/13/2021,RYN,AZ,AWP,CE,Federal Contract Tower,0,0,13,0,13,0,0,67,0,67,0,0,80,0,80,93,2,95,175
03/14/2021,RYN,AZ,AWP,CE,Federal Contract Tower,0,0,7,0,7,0,0,94,0,94,0,0,101,0,101,114,0,114,215
03/15/2021,RYN,AZ,AWP,CE,Federal Contract Tower,0,0,17,0,17,0,0,161,1,162,0,0,178,1,179,204,6,210,389
03/16/2021,RYN,AZ,AWP,CE,Federal Contract Tower,0,0,7,0,7,0,0,99,6,105,0,0,106,6,112,127,76,203,315
03/17/2021,RYN,AZ,AWP,CE,Federal Contract Tower,0,0,22,2,24,0,0,152,8,160,0,0,174,10,184,168,26,194,378
03/18/2021,RYN,AZ,AWP,CE,Federal Contract Tower,0,0,10,2,12,0,0,138,10,148,0,0,148,12,160,106,20,126,286
03/19/2021,RYN,AZ,AWP,CE,Federal Contract Tower,0,0,24,0,24,0,0,138,2,140,0,0,162,2,164,193,2,195,359
03/20/2021,RYN,AZ,AWP,CE,Federal Contract Tower,0,0,30,0,30,0,0,134,0,134,0,0,164,0,164,216,0,216,380
03/21/2021,RYN,AZ,AWP,CE,Federal Contract Tower,0,0,4,0,4,0,0,88,0,88,0,0,92,0,92,90,0,90,182
03/22/2021,RYN,AZ,AWP,CE,Federal Contract Tower,0,0,3,0,3,0,0,33,0,33,0,0,36,0,36,55,0,55,91
03/23/2021,RYN,AZ,AWP,CE,Federal Contract Tower,0,0,3,0,3,0,0,27,0,27,0,0,30,0,30,44,0,44,74
03/24/2021,RYN,AZ,AWP,CE,Federal Contract Tower,0,0,14,2,16,0,0,117,12,129,0,0,131,14,145,132,16,148,293
03/25/2021,RYN,AZ,AWP,CE,Federal Contract Tower,0,0,30,4,34,0,0,122,6,128,0,0,152,10,162,138,12,150,312
03/26/2021,RYN,AZ,AWP,CE,Federal Contract Tower,0,0,6,0,6,0,0,66,6,72,0,0,72,6,78,43,0,43,121
03/27/2021,RYN,AZ,AWP,CE,Federal Contract Tower,0,0,41,0,41,0,0,107,2,109,0,0,148,2,150,198,2,200,350
03/28/2021,RYN,AZ,AWP,CE,Federal Contract Tower,0,0,9,0,9,0,0,121,4,125,0,0,130,4,134,166,0,166,300
03/29/2021,RYN,AZ,AWP,CE,Federal Contract Tower,0,0,6,0,6,0,0,50,5,55,0,0,56,5,61,95,34,129,190
03/30/2021,RYN,AZ,AWP,CE,Federal Contract Tower,0,0,10,6,16,0,0,144,2,146,0,0,154,8,162,135,28,163,325
03/31/2021,RYN,AZ,AWP,CE,Federal Contract Tower,0,0,22,2,24,0,0,153,6,159,0,0,175,8,183,200,10,210,393
04/01/2021,RYN,AZ,AWP,CE,Federal Contract Tower,0,0,4,0,4,0,0,20,6,26,0,0,24,6,30,22,18,40,70
04/02/2021,RYN,AZ,AWP,CE,Federal Contract Tower,0,0,33,0,33,0,0,142,0,142,0,0,175,0,175,235,0,235,410
04/03/2021,RYN,AZ,AWP,CE,Federal Contract Tower,0,0,11,0,11,0,0,49,0,49,0,0,60,0,60,106,2,108,168
04/04/2021,RYN,AZ,AWP,CE,Federal Contract Tower,0,0,5,0,5,0,0,61,0,61,0,0,66,0,66,124,0,124,190
04/05/2021,RYN,AZ,AWP,CE,Federal Contract Tower,0,0,7,0,7,0,0,121,2,123,0,0,128,2,130,116,32,148,278
04/06/2021,RYN,AZ,AWP,CE,Federal Contract Tower,0,0,3,0,3,0,0,66,5,71,0,0,69,5,74,98,66,164,238
04/07/2021,RYN,AZ,AWP,CE,Federal Contract Tower,0,0,14,0,14,0,0,144,4,148,0,0,158,4,162,158,38,196,358
04/08/2021,RYN,AZ,AWP,CE,Federal Contract Tower,0,0,22,12,34,0,0,94,16,110,0,0,116,28,144,140,68,208,352
04/09/2021,RYN,AZ,AWP,CE,Federal Contract Tower,0,0,38,6,44,0,0,84,16,100,0,0,122,22,144,162,6,168,312
04/10/2021,RYN,AZ,AWP,CE,Federal Contract Tower,0,0,24,0,24,0,0,132,0,132,0,0,156,0,156,188,0,188,344
04/11/2021,RYN,AZ,AWP,CE,Federal Contract Tower,0,0,8,0,8,0,0,66,0,66,0,0,74,0,74,106,0,106,180
04/12/2021,RYN,AZ,AWP,CE,Federal Contract Tower,0,0,4,0,4,0,0,156,5,161,0,0,160,5,165,218,88,306,471
04/13/2021,RYN,AZ,AWP,CE,Federal Contract Tower,0,0,13,2,15,0,0,156,9,165,0,0,169,11,180,221,68,289,469
04/14/2021,RYN,AZ,AWP,CE,Federal Contract Tower,0,0,16,0,16,0,0,82,8,90,0,0,98,8,106,100,20,120,226
04/15/2021,RYN,AZ,AWP,CE,Federal Contract Tower,0,0,0,0,0,0,0,115,3,118,0,0,115,3,118,138,102,240,358
04/16/2021,RYN,AZ,AWP,CE,Federal Contract Tower,0,0,21,5,26,0,0,105,5,110,0,0,126,10,136,153,32,185,321
04/17/2021,RYN,AZ,AWP,CE,Federal Contract Tower,0,0,17,0,17,0,0,126,4,130,0,0,143,4,147,155,10,165,312
04/18/2021,RYN,AZ,AWP,CE,Federal Contract Tower,0,0,3,0,3,0,0,105,4,109,0,0,108,4,112,112,6,118,230
04/19/2021,RYN,AZ,AWP,CE,Federal Contract Tower,0,0,7,0,7,0,0,101,0,101,0,0,108,0,108,180,2,182,290
04/20/2021,RYN,AZ,AWP,CE,Federal Contract Tower,0,0,14,0,14,0,0,196,1,197,0,0,210,1,211,278,4,282,493
04/21/2021,RYN,AZ,AWP,CE,Federal Contract Tower,0,0,1,0,1,0,0,30,0,30,0,0,31,0,31,61,0,61,92
04/22/2021,RYN,AZ,AWP,CE,Federal Contract Tower,0,0,6,0,6,0,0,116,5,121,0,0,122,5,127,201,88,289,416
04/23/2021,RYN,AZ,AWP,CE,Federal Contract Tower,0,0,23,6,29,0,0,128,14,142,0,0,151,20,171,198,56,254,425
04/24/2021,RYN,AZ,AWP,CE,Federal Contract Tower,0,0,0,0,0,0,0,161,0,161,0,0,161,0,161,298,2,300,461
04/25/2021,RYN,AZ,AWP,CE,Federal Contract Tower,0,0,9,0,9,0,0,96,2,98,0,0,105,2,107,150,2,152,259
04/26/2021,RYN,AZ,AWP,CE,Federal Contract Tower,0,0,4,0,4,0,0,99,4,103,0,0,103,4,107,125,72,197,304
04/27/2021,RYN,AZ,AWP,CE,Federal Contract Tower,0,0,8,0,8,0,0,33,2,35,0,0,41,2,43,57,38,95,138
04/28/2021,RYN,AZ,AWP,CE,Federal Contract Tower,0,0,12,0,12,0,0,155,6,161,0,0,167,6,173,180,34,214,387
04/29/2021,RYN,AZ,AWP,CE,Federal Contract Tower,0,0,7,0,7,0,0,89,0,89,0,0,96,0,96,140,4,144,240
04/30/2021,RYN,AZ,AWP,CE,Federal Contract Tower,0,0,28,0,28,0,0,74,0,74,0,0,102,0,102,88,0,88,190
05/01/2021,RYN,AZ,AWP,CE,Federal Contract Tower,0,0,14,0,14,0,0,114,0,114,0,0,128,0,128,112,0,112,240
05/02/2021,RYN,AZ,AWP,CE,Federal Contract Tower,0,0,4,0,4,0,0,60,0,60,0,0,64,0,64,58,0,58,122
05/03/2021,RYN,AZ,AWP,CE,Federal Contract Tower,0,0,5,0,5,0,0,92,0,92,0,0,97,0,97,156,0,156,253
05/04/2021,RYN,AZ,AWP,CE,Federal Contract Tower,0,0,4,0,4,0,0,117,0,117,0,0,121,0,121,168,2,170,291
05/05/2021,RYN,AZ,AWP,CE,Federal Contract Tower,0,0,14,0,14,0,0,151,0,151,0,0,165,0,165,199,0,199,364
05/06/2021,RYN,AZ,AWP,CE,Federal Contract Tower,0,0,6,0,6,0,0,122,0,122,0,0,128,0,128,174,10,184,312
05/07/2021,RYN,AZ,AWP,CE,Federal Contract Tower,0,0,18,0,18,0,0,132,0,132,0,0,150,0,150,172,0,172,322
05/08/2021,RYN,AZ,AWP,CE,Federal Contract Tower,0,0,12,0,12,0,0,82,0,82,0,0,94,0,94,100,0,100,194
05/09/2021,RYN,AZ,AWP,CE,Federal Contract Tower,0,0,3,0,3,0,0,109,0,109,0,0,112,0,112,138,0,138,250
05/10/2021,RYN,AZ,AWP,CE,Federal Contract Tower,0,0,6,0,6,0,0,125,2,127,0,0,131,2,133,125,74,199,332
05/11/2021,RYN,AZ,AWP,CE,Federal Contract Tower,0,0,7,0,7,0,0,124,2,126,0,0,131,2,133,147,34,181,314
05/12/2021,RYN,AZ,AWP,CE,Federal Contract Tower,0,0,26,0,26,0,0,151,8,159,0,0,177,8,185,168,42,210,395
05/13/2021,RYN,AZ,AWP,CE,Federal Contract Tower,0,0,4,0,4,0,0,100,0,100,0,0,104,0,104,153,4,157,261
05/14/2021,RYN,AZ,AWP,CE,Federal Contract Tower,0,0,4,0,4,0,0,100,0,100,0,0,104,0,104,138,36,174,278
05/15/2021,RYN,AZ,AWP,CE,Federal Contract Tower,0,0,26,6,32,0,0,136,6,142,0,0,162,12,174,194,6,200,374
05/16/2021,RYN,AZ,AWP,CE,Federal Contract Tower,0,0,3,0,3,0,0,107,2,109,0,0,110,2,112,177,6,183,295
05/17/2021,RYN,AZ,AWP,CE,Federal Contract Tower,0,0,6,0,6,0,0,105,0,105,0,0,111,0,111,130,0,130,241
05/18/2021,RYN,AZ,AWP,CE,Federal Contract Tower,0,0,2,0,2,0,0,134,10,144,0,0,136,10,146,185,55,240,386
05/19/2021,RYN,AZ,AWP,CE,Federal Contract Tower,0,0,14,0,14,0,0,189,14,203,0,0,203,14,217,192,32,224,441
05/20/2021,RYN,AZ,AWP,CE,Federal Contract Tower,0,0,1,0,1,0,0,104,4,108,0,0,105,4,109,186,82,268,377
05/21/2021,RYN,AZ,AWP,CE,Federal Contract Tower,0,0,5,0,5,0,0,108,0,108,0,0,113,0,113,128,0,128,241
05/23/2021,RYN,AZ,AWP,CE,Federal Contract Tower,0,0,6,0,6,0,0,173,0,173,0,0,179,0,179,182,0,182,361
05/24/2021,RYN,AZ,AWP,CE,Federal Contract Tower,0,0,7,0,7,0,0,185,12,197,0,0,192,12,204,266,64,330,534
05/25/2021,RYN,AZ,AWP,CE,Federal Contract Tower,0,0,9,0,9,0,0,186,5,191,0,0,195,5,200,239,92,331,531
05/26/2021,RYN,AZ,AWP,CE,Federal Contract Tower,0,0,24,0,24,0,0,175,10,185,0,0,199,10,209,254,16,270,479
05/27/2021,RYN,AZ,AWP,CE,Federal Contract Tower,0,0,20,0,20,0,0,180,0,180,0,0,200,0,200,251,10,261,461
05/28/2021,RYN,AZ,AWP,CE,Federal Contract Tower,0,0,20,0,20,0,0,196,26,222,0,0,216,26,242,184,0,184,426
05/29/2021,RYN,AZ,AWP,CE,Federal Contract Tower,0,0,14,0,14,0,0,110,8,118,0,0,124,8,132,152,8,160,292
05/30/2021,RYN,AZ,AWP,CE,Federal Contract Tower,0,0,4,0,4,0,0,65,0,65,0,0,69,0,69,66,0,66,135
05/31/2021,RYN,AZ,AWP,CE,Federal Contract Tower,0,0,4,0,4,0,0,133,0,133,0,0,137,0,137,186,0,186,323
06/01/2021,RYN,AZ,AWP,CE,Federal Contract Tower,0,0,5,0,5,0,0,111,4,115,0,0,116,4,120,167,24,191,311
06/02/2021,RYN,AZ,AWP,CE,Federal Contract Tower,0,0,26,0,26,0,0,108,6,114,0,0,134,6,140,126,8,134,274
06/03/2021,RYN,AZ,AWP,CE,Federal Contract Tower,0,0,5,0,5,0,0,133,0,133,0,0,138,0,138,202,30,232,370
06/04/2021,RYN,AZ,AWP,CE,Federal Contract Tower,0,0,16,0,16,0,0,104,0,104,0,0,120,0,120,154,0,154,274
06/05/2021,RYN,AZ,AWP,CE,Federal Contract Tower,0,0,10,0,10,0,0,106,0,106,0,0,116,0,116,140,20,160,276
06/06/2021,RYN,AZ,AWP,CE,Federal Contract Tower,0,0,4,0,4,0,0,59,0,59,0,0,63,0,63,76,0,76,139
06/07/2021,RYN,AZ,AWP,CE,Federal Contract Tower,0,0,4,0,4,0,0,108,4,112,0,0,112,4,116,140,28,168,284
06/08/2021,RYN,AZ,AWP,CE,Federal Contract Tower,0,0,12,0,12,0,0,143,4,147,0,0,155,4,159,178,22,200,359
06/09/2021,RYN,AZ,AWP,CE,Federal Contract Tower,0,0,22,0,22,0,0,100,0,100,0,0,122,0,122,125,0,125,247
06/10/2021,RYN,AZ,AWP,CE,Federal Contract Tower,0,0,18,4,22,0,0,104,0,104,0,0,122,4,126,148,2,150,276
06/11/2021,RYN,AZ,AWP,CE,Federal Contract Tower,0,0,14,0,14,0,0,142,2,144,0,0,156,2,158,176,8,184,342
06/12/2021,RYN,AZ,AWP,CE,Federal Contract Tower,0,0,14,0,14,0,0,149,0,149,0,0,163,0,163,177,0,177,340
06/13/2021,RYN,AZ,AWP,CE,Federal Contract Tower,0,0,7,0,7,0,0,96,0,96,0,0,103,0,103,82,0,82,185
06/14/2021,RYN,AZ,AWP,CE,Federal Contract Tower,0,0,6,0,6,0,0,151,0,151,0,0,157,0,157,136,0,136,293
06/15/2021,RYN,AZ,AWP,CE,Federal Contract Tower,0,0,11,0,11,0,0,186,2,188,0,0,197,2,199,145,14,159,358
06/16/2021,RYN,AZ,AWP,CE,Federal Contract Tower,0,0,8,0,8,0,0,88,6,94,0,0,96,6,102,96,58,154,256
06/17/2021,RYN,AZ,AWP,CE,Federal Contract Tower,0,0,10,0,10,0,0,76,0,76,0,0,86,0,86,130,8,138,224
06/18/2021,RYN,AZ,AWP,CE,Federal Contract Tower,0,0,4,0,4,0,0,107,0,107,0,0,111,0,111,130,46,176,287
06/19/2021,RYN,AZ,AWP,CE,Federal Contract Tower,0,0,5,0,5,0,0,137,0,137,0,0,142,0,142,152,0,152,294
06/20/2021,RYN,AZ,AWP,CE,Federal Contract Tower,0,0,2,0,2,0,0,83,0,83,0,0,85,0,85,128,0,128,213
06/21/2021,RYN,AZ,AWP,CE,Federal Contract Tower,0,0,14,0,14,0,0,130,0,130,0,0,144,0,144,135,0,135,279
06/22/2021,RYN,AZ,AWP,CE,Federal Contract Tower,0,0,9,0,9,0,0,132,3,135,0,0,141,3,144,143,24,167,311
06/23/2021,RYN,AZ,AWP,CE,Federal Contract Tower,0,0,0,0,0,0,0,44,8,52,0,0,44,8,52,76,34,110,162
06/24/2021,RYN,AZ,AWP,CE,Federal Contract Tower,0,0,8,0,8,0,0,142,0,142,0,0,150,0,150,154,0,154,304
06/25/2021,RYN,AZ,AWP,CE,Federal Contract Tower,0,0,30,0,30,0,0,106,14,120,0,0,136,14,150,144,0,144,294
06/26/2021,RYN,AZ,AWP,CE,Federal Contract Tower,0,0,23,0,23,0,0,105,0,105,0,0,128,0,128,197,0,197,325
06/27/2021,RYN,AZ,AWP,CE,Federal Contract Tower,0,0,1,0,1,0,0,92,0,92,0,0,93,0,93,97,0,97,190
06/28/2021,RYN,AZ,AWP,CE,Federal Contract Tower,0,0,4,0,4,0,0,97,5,102,0,0,101,5,106,129,50,179,285
06/29/2021,RYN,AZ,AWP,CE,Federal Contract Tower,0,0,11,0,11,0,0,98,15,113,0,0,109,15,124,121,40,161,285
06/30/2021,RYN,AZ,AWP,CE,Federal Contract Tower,0,0,12,4,16,0,0,100,2,102,0,0,112,6,118,115,34,149,267
07/01/2021,RYN,AZ,AWP,CE,Federal Contract Tower,0,0,12,0,12,0,0,148,7,155,0,0,160,7,167,235,42,277,444
07/02/2021,RYN,AZ,AWP,CE,Federal Contract Tower,0,0,22,0,22,0,0,127,4,131,0,0,149,4,153,160,4,164,317
07/03/2021,RYN,AZ,AWP,CE,Federal Contract Tower,0,0,0,0,0,0,0,151,0,151,0,0,151,0,151,153,0,153,304
07/04/2021,RYN,AZ,AWP,CE,Federal Contract Tower,0,0,2,0,2,0,0,116,0,116,0,0,118,0,118,104,0,104,222
07/05/2021,RYN,AZ,AWP,CE,Federal Contract Tower,0,0,2,0,2,0,0,90,0,90,0,0,92,0,92,149,0,149,241
07/06/2021,RYN,AZ,AWP,CE,Federal Contract Tower,0,0,12,0,12,0,0,149,0,149,0,0,161,0,161,185,0,185,346
07/07/2021,RYN,AZ,AWP,CE,Federal Contract Tower,0,0,12,0,12,0,0,95,0,95,0,0,107,0,107,136,0,136,243
07/08/2021,RYN,AZ,AWP,CE,Federal Contract Tower,0,0,18,0,18,0,0,103,14,117,0,0,121,14,135,163,40,203,338
07/09/2021,RYN,AZ,AWP,CE,Federal Contract Tower,0,0,18,0,18,0,0,138,6,144,0,0,156,6,162,166,6,172,334
07/10/2021,RYN,AZ,AWP,CE,Federal Contract Tower,0,0,25,0,25,0,0,101,8,109,0,0,126,8,134,142,8,150,284
07/11/2021,RYN,AZ,AWP,CE,Federal Contract Tower,0,0,1,0,1,0,0,95,0,95,0,0,96,0,96,100,0,100,196
07/12/2021,RYN,AZ,AWP,CE,Federal Contract Tower,0,0,0,0,0,0,0,98,1,99,0,0,98,1,99,125,14,139,238
07/13/2021,RYN,AZ,AWP,CE,Federal Contract Tower,0,0,5,0,5,0,0,126,0,126,0,0,131,0,131,156,0,156,287
07/14/2021,RYN,AZ,AWP,CE,Federal Contract Tower,0,0,12,0,12,0,0,28,0,28,0,0,40,0,40,36,0,36,76
07/15/2021,RYN,AZ,AWP,CE,Federal Contract Tower,0,0,6,0,6,0,0,136,0,136,0,0,142,0,142,150,20,170,312
07/16/2021,RYN,AZ,AWP,CE,Federal Contract Tower,0,0,22,0,22,0,0,177,10,187,0,0,199,10,209,183,18,201,410
07/17/2021,RYN,AZ,AWP,CE,Federal Contract Tower,0,0,0,0,0,0,0,137,0,137,0,0,137,0,137,165,0,165,302
07/18/2021,RYN,AZ,AWP,CE,Federal Contract Tower,0,0,0,0,0,0,0,97,0,97,0,0,97,0,97,99,0,99,196
07/19/2021,RYN,AZ,AWP,CE,Federal Contract Tower,0,0,3,0,3,0,0,127,0,127,0,0,130,0,130,158,0,158,288
07/20/2021,RYN,AZ,AWP,CE,Federal Contract Tower,0,0,6,0,6,0,0,151,2,153,0,0,157,2,159,175,64,239,398
07/21/2021,RYN,AZ,AWP,CE,Federal Contract Tower,0,0,16,10,26,0,0,116,24,140,0,0,132,34,166,132,38,170,336
07/22/2021,RYN,AZ,AWP,CE,Federal Contract Tower,0,0,9,0,9,0,0,108,4,112,0,0,117,4,121,161,70,231,352
07/23/2021,RYN,AZ,AWP,CE,Federal Contract Tower,0,0,0,0,0,0,0,62,0,62,0,0,62,0,62,71,0,71,133
07/24/2021,RYN,AZ,AWP,CE,Federal Contract Tower,0,0,15,0,15,0,0,4,0,4,0,0,19,0,19,6,0,6,25
07/25/2021,RYN,AZ,AWP,CE,Federal Contract Tower,0,0,4,0,4,0,0,9,0,9,0,0,13,0,13,1,0,1,14
07/26/2021,RYN,AZ,AWP,CE,Federal Contract Tower,0,0,12,0,12,0,0,151,6,157,0,0,163,6,169,179,30,209,378
07/27/2021,RYN,AZ,AWP,CE,Federal Contract Tower,0,0,3,0,3,0,0,68,0,68,0,0,71,0,71,137,0,137,208
07/28/2021,RYN,AZ,AWP,CE,Federal Contract Tower,0,0,14,2,16,0,0,108,2,110,0,0,122,4,126,142,2,144,270
07/29/2021,RYN,AZ,AWP,CE,Federal Contract Tower,0,0,6,0,6,0,0,131,2,133,0,0,137,2,139,222,30,252,391
07/30/2021,RYN,AZ,AWP,CE,Federal Contract Tower,0,0,21,0,21,0,0,99,0,99,0,0,120,0,120,144,0,144,264
07/31/2021,RYN,AZ,AWP,CE,Federal Contract Tower,0,0,8,0,8,0,0,136,0,136,0,0,144,0,144,170,0,170,314
08/01/2021,RYN,AZ,AWP,CE,Federal Contract Tower,0,0,1,0,1,0,0,124,0,124,0,0,125,0,125,150,20,170,295
08/02/2021,RYN,AZ,AWP,CE,Federal Contract Tower,0,0,2,0,2,0,0,113,3,116,0,0,115,3,118,149,20,169,287
08/03/2021,RYN,AZ,AWP,CE,Federal Contract Tower,0,0,14,18,32,0,0,157,22,179,0,0,171,40,211,167,130,297,508
08/04/2021,RYN,AZ,AWP,CE,Federal Contract Tower,0,0,20,6,26,0,0,80,12,92,0,0,100,18,118,110,42,152,270
08/05/2021,RYN,AZ,AWP,CE,Federal Contract Tower,0,0,9,4,13,0,0,96,23,119,0,0,105,27,132,157,86,243,375
08/06/2021,RYN,AZ,AWP,CE,Federal Contract Tower,0,0,4,0,4,0,0,143,10,153,0,0,147,10,157,167,22,189,346
08/07/2021,RYN,AZ,AWP,CE,Federal Contract Tower,0,0,14,0,14,0,0,138,4,142,0,0,152,4,156,171,4,175,331
08/08/2021,RYN,AZ,AWP,CE,Federal Contract Tower,0,0,3,0,3,0,0,99,0,99,0,0,102,0,102,110,0,110,212
08/09/2021,RYN,AZ,AWP,CE,Federal Contract Tower,0,0,0,0,0,0,0,123,0,123,0,0,123,0,123,141,0,141,264
08/10/2021,RYN,AZ,AWP,CE,Federal Contract Tower,0,0,2,0,2,0,0,41,0,41,0,0,43,0,43,71,0,71,114
08/11/2021,RYN,AZ,AWP,CE,Federal Contract Tower,0,0,8,0,8,0,0,46,2,48,0,0,54,2,56,75,8,83,139
08/12/2021,RYN,AZ,AWP,CE,Federal Contract Tower,0,0,4,0,4,0,0,100,10,110,0,0,104,10,114,160,50,210,324
08/13/2021,RYN,AZ,AWP,CE,Federal Contract Tower,0,0,12,0,12,0,0,124,0,124,0,0,136,0,136,166,0,166,302
08/14/2021,RYN,AZ,AWP,CE,Federal Contract Tower,0,0,9,0,9,0,0,74,0,74,0,0,83,0,83,103,0,103,186
08/15/2021,RYN,AZ,AWP,CE,Federal Contract Tower,0,0,5,0,5,0,0,153,0,153,0,0,158,0,158,181,0,181,339
08/16/2021,RYN,AZ,AWP,CE,Federal Contract Tower,0,0,5,0,5,0,0,137,0,137,0,0,142,0,142,171,14,185,327
08/17/2021,RYN,AZ,AWP,CE,Federal Contract Tower,0,0,6,0,6,0,0,150,4,154,0,0,156,4,160,168,77,245,405
08/18/2021,RYN,AZ,AWP,CE,Federal Contract Tower,0,0,6,4,10,0,0,113,11,124,0,0,119,15,134,163,64,227,361
08/19/2021,RYN,AZ,AWP,CE,Federal Contract Tower,0,0,8,0,8,0,0,145,2,147,0,0,153,2,155,224,28,252,407
08/20/2021,RYN,AZ,AWP,CE,Federal Contract Tower,0,0,8,0,8,0,0,122,8,130,0,0,130,8,138,137,0,137,275
08/21/2021,RYN,AZ,AWP,CE,Federal Contract Tower,0,0,4,0,4,0,0,147,0,147,0,0,151,0,151,159,0,159,310
08/22/2021,RYN,AZ,AWP,CE,Federal Contract Tower,0,0,4,0,4,0,0,111,0,111,0,0,115,0,115,122,0,122,237
08/23/2021,RYN,AZ,AWP,CE,Federal Contract Tower,0,0,4,0,4,0,0,153,0,153,0,0,157,0,157,164,0,164,321
08/24/2021,RYN,AZ,AWP,CE,Federal Contract Tower,0,0,7,0,7,0,0,0,0,0,0,0,7,0,7,267,0,267,274
08/25/2021,RYN,AZ,AWP,CE,Federal Contract Tower,0,0,19,0,19,0,0,64,4,68,0,0,83,4,87,95,4,99,186
08/26/2021,RYN,AZ,AWP,CE,Federal Contract Tower,0,0,6,0,6,0,0,73,2,75,0,0,79,2,81,168,40,208,289
08/27/2021,RYN,AZ,AWP,CE,Federal Contract Tower,0,0,4,0,4,0,0,151,0,151,0,0,155,0,155,176,0,176,331
08/28/2021,RYN,AZ,AWP,CE,Federal Contract Tower,0,0,15,8,23,0,0,137,8,145,0,0,152,16,168,160,8,168,336
08/29/2021,RYN,AZ,AWP,CE,Federal Contract Tower,0,0,1,0,1,0,0,107,0,107,0,0,108,0,108,106,0,106,214
08/30/2021,RYN,AZ,AWP,CE,Federal Contract Tower,0,0,1,0,1,0,0,131,2,133,0,0,132,2,134,192,38,230,364
08/31/2021,RYN,AZ,AWP,CE,Federal Contract Tower,0,0,10,0,10,0,0,76,1,77,0,0,86,1,87,103,6,109,196
09/01/2021,RYN,AZ,AWP,CE,Federal Contract Tower,0,0,21,2,23,0,0,126,5,131,0,0,147,7,154,190,20,210,364
09/02/2021,RYN,AZ,AWP,CE,Federal Contract Tower,0,0,8,0,8,0,0,114,10,124,0,0,122,10,132,179,22,201,333
09/03/2021,RYN,AZ,AWP,CE,Federal Contract Tower,0,0,18,0,18,0,0,117,0,117,0,0,135,0,135,130,0,130,265
09/04/2021,RYN,AZ,AWP,CE,Federal Contract Tower,0,0,4,0,4,0,0,136,0,136,0,0,140,0,140,149,0,149,289
09/05/2021,RYN,AZ,AWP,CE,Federal Contract Tower,0,0,0,0,0,0,0,84,0,84,0,0,84,0,84,100,0,100,184
09/06/2021,RYN,AZ,AWP,CE,Federal Contract Tower,0,0,1,0,1,0,0,154,0,154,0,0,155,0,155,129,0,129,284
09/07/2021,RYN,AZ,AWP,CE,Federal Contract Tower,0,0,1,0,1,0,0,142,0,142,0,0,143,0,143,190,0,190,333
09/08/2021,RYN,AZ,AWP,CE,Federal Contract Tower,0,0,10,6,16,0,0,150,10,160,0,0,160,16,176,230,36,266,442
09/09/2021,RYN,AZ,AWP,CE,Federal Contract Tower,0,0,14,0,14,0,0,89,4,93,0,0,103,4,107,169,26,195,302
09/10/2021,RYN,AZ,AWP,CE,Federal Contract Tower,0,0,3,0,3,0,0,130,0,130,0,0,133,0,133,139,0,139,272
09/11/2021,RYN,AZ,AWP,CE,Federal Contract Tower,0,0,3,0,3,0,0,143,0,143,0,0,146,0,146,177,0,177,323
09/12/2021,RYN,AZ,AWP,CE,Federal Contract Tower,0,0,4,0,4,0,0,129,0,129,0,0,133,0,133,105,0,105,238
09/13/2021,RYN,AZ,AWP,CE,Federal Contract Tower,0,0,3,0,3,0,0,156,2,158,0,0,159,2,161,173,10,183,344
09/14/2021,RYN,AZ,AWP,CE,Federal Contract Tower,0,0,3,0,3,0,0,152,1,153,0,0,155,1,156,212,4,216,372
09/15/2021,RYN,AZ,AWP,CE,Federal Contract Tower,0,0,16,0,16,0,0,166,10,176,0,0,182,10,192,250,16,266,458
09/16/2021,RYN,AZ,AWP,CE,Federal Contract Tower,0,0,10,2,12,0,0,138,4,142,0,0,148,6,154,221,4,225,379
09/17/2021,RYN,AZ,AWP,CE,Federal Contract Tower,0,0,4,0,4,0,0,148,14,162,0,0,152,14,166,180,4,184,350
09/18/2021,RYN,AZ,AWP,CE,Federal Contract Tower,0,0,5,0,5,0,0,158,0,158,0,0,163,0,163,184,0,184,347
09/19/2021,RYN,AZ,AWP,CE,Federal Contract Tower,0,0,2,0,2,0,0,101,0,101,0,0,103,0,103,108,0,108,211
09/20/2021,RYN,AZ,AWP,CE,Federal Contract Tower,0,0,4,0,4,0,0,84,1,85,0,0,88,1,89,155,16,171,260
09/21/2021,RYN,AZ,AWP,CE,Federal Contract Tower,0,0,15,4,19,0,0,105,4,109,0,0,120,8,128,147,4,151,279
09/22/2021,RYN,AZ,AWP,CE,Federal Contract Tower,0,0,20,0,20,0,0,110,8,118,0,0,130,8,138,184,20,204,342
09/23/2021,RYN,AZ,AWP,CE,Federal Contract Tower,0,0,12,4,16,0,0,98,4,102,0,0,110,8,118,137,4,141,259
09/24/2021,RYN,AZ,AWP,CE,Federal Contract Tower,0,0,1,0,1,0,0,138,0,138,0,0,139,0,139,149,0,149,288
09/25/2021,RYN,AZ,AWP,CE,Federal Contract Tower,0,0,2,0,2,0,0,161,0,161,0,0,163,0,163,204,0,204,367
09/26/2021,RYN,AZ,AWP,CE,Federal Contract Tower,0,0,2,0,2,0,0,37,0,37,0,0,39,0,39,52,0,52,91
09/27/2021,RYN,AZ,AWP,CE,Federal Contract Tower,0,0,0,12,12,0,0,137,2,139,0,0,137,14,151,204,44,248,399
09/28/2021,RYN,AZ,AWP,CE,Federal Contract Tower,0,0,4,0,4,0,0,115,6,121,0,0,119,6,125,138,10,148,273
09/29/2021,RYN,AZ,AWP,CE,Federal Contract Tower,0,0,4,0,4,0,0,109,0,109,0,0,113,0,113,257,24,281,394
09/30/2021,RYN,AZ,AWP,CE,Federal Contract Tower,0,0,2,0,2,0,0,121,8,129,0,0,123,8,131,175,10,185,316
10/01/2021,RYN,AZ,AWP,CE,Federal Contract Tower,0,0,9,0,9,0,0,76,0,76,0,0,85,0,85,148,0,148,233
10/02/2021,RYN,AZ,AWP,CE,Federal Contract Tower,0,0,1,0,1,0,0,160,0,160,0,0,161,0,161,204,0,204,365
10/03/2021,RYN,AZ,AWP,CE,Federal Contract Tower,0,0,2,0,2,0,0,146,0,146,0,0,148,0,148,280,0,280,428
10/04/2021,RYN,AZ,AWP,CE,Federal Contract Tower,0,0,2,0,2,0,0,125,0,125,0,0,127,0,127,189,0,189,316
10/05/2021,RYN,AZ,AWP,CE,Federal Contract Tower,0,0,4,2,6,0,0,84,4,88,0,0,88,6,94,163,14,177,271
10/06/2021,RYN,AZ,AWP,CE,Federal Contract Tower,0,0,0,0,0,0,0,165,0,165,0,0,165,0,165,254,4,258,423
10/07/2021,RYN,AZ,AWP,CE,Federal Contract Tower,0,0,4,0,4,0,0,98,0,98,0,0,102,0,102,171,0,171,273
10/08/2021,RYN,AZ,AWP,CE,Federal Contract Tower,0,0,6,0,6,0,0,159,0,159,0,0,165,0,165,150,0,150,315
10/09/2021,RYN,AZ,AWP,CE,Federal Contract Tower,0,0,2,0,2,0,0,164,0,164,0,0,166,0,166,154,0,154,320
10/10/2021,RYN,AZ,AWP,CE,Federal Contract Tower,0,0,3,0,3,0,0,107,0,107,0,0,110,0,110,162,0,162,272
10/11/2021,RYN,AZ,AWP,CE,Federal Contract Tower,0,0,2,0,2,0,0,141,0,141,0,0,143,0,143,162,0,162,305
10/12/2021,RYN,AZ,AWP,CE,Federal Contract Tower,0,0,4,0,4,0,0,155,3,158,0,0,159,3,162,177,16,193,355
10/13/2021,RYN,AZ,AWP,CE,Federal Contract Tower,0,0,0,0,0,0,0,184,0,184,0,0,184,0,184,324,16,340,524
10/14/2021,RYN,AZ,AWP,CE,Federal Contract Tower,0,0,5,0,5,0,0,55,2,57,0,0,60,2,62,101,2,103,165
10/15/2021,RYN,AZ,AWP,CE,Federal Contract Tower,0,0,7,0,7,0,0,154,0,154,0,0,161,0,161,196,6,202,363
10/16/2021,RYN,AZ,AWP,CE,Federal Contract Tower,0,0,0,0,0,0,0,116,0,116,0,0,116,0,116,98,0,98,214
10/17/2021,RYN,AZ,AWP,CE,Federal Contract Tower,0,0,3,0,3,0,0,136,0,136,0,0,139,0,139,162,0,162,301
10/18/2021,RYN,AZ,AWP,CE,Federal Contract Tower,0,0,2,0,2,0,0,134,5,139,0,0,136,5,141,111,82,193,334
10/20/2021,RYN,AZ,AWP,CE,Federal Contract Tower,0,0,12,0,12,0,0,188,0,188,0,0,200,0,200,273,28,301,501
10/21/2021,RYN,AZ,AWP,CE,Federal Contract Tower,0,0,10,0,10,0,0,116,2,118,0,0,126,2,128,164,4,168,296
10/22/2021,RYN,AZ,AWP,CE,Federal Contract Tower,0,0,6,0,6,0,0,127,0,127,0,0,133,0,133,135,0,135,268
10/23/2021,RYN,AZ,AWP,CE,Federal Contract Tower,0,0,5,0,5,0,0,206,0,206,0,0,211,0,211,255,0,255,466
10/24/2021,RYN,AZ,AWP,CE,Federal Contract Tower,0,0,1,0,1,0,0,138,0,138,0,0,139,0,139,154,0,154,293
10/25/2021,RYN,AZ,AWP,CE,Federal Contract Tower,0,0,4,0,4,0,0,148,7,155,0,0,152,7,159,147,114,261,420
10/26/2021,RYN,AZ,AWP,CE,Federal Contract Tower,0,0,12,0,12,0,0,118,24,142,0,0,130,24,154,145,104,249,403
10/27/2021,RYN,AZ,AWP,CE,Federal Contract Tower,0,0,31,0,31,0,0,252,26,278,0,0,283,26,309,319,38,357,666
10/28/2021,RYN,AZ,AWP,CE,Federal Contract Tower,0,0,14,0,14,0,0,129,14,143,0,0,143,14,157,205,64,269,426
10/29/2021,RYN,AZ,AWP,CE,Federal Contract Tower,0,0,2,0,2,0,0,173,0,173,0,0,175,0,175,182,0,182,357
10/30/2021,RYN,AZ,AWP,CE,Federal Contract Tower,0,0,13,0,13,0,0,143,0,143,0,0,156,0,156,134,0,134,290
10/31/2021,RYN,AZ,AWP,CE,Federal Contract Tower,0,0,1,0,1,0,0,107,0,107,0,0,108,0,108,130,0,130,238
11/01/2021,RYN,AZ,AWP,CE,Federal Contract Tower,0,0,2,0,2,0,0,119,7,126,0,0,121,7,128,217,98,315,443
11/02/2021,RYN,AZ,AWP,CE,Federal Contract Tower,0,0,18,0,18,0,0,169,4,173,0,0,187,4,191,276,28,304,495
11/03/2021,RYN,AZ,AWP,CE,Federal Contract Tower,0,0,12,0,12,0,0,227,0,227,0,0,239,0,239,292,0,292,531
11/04/2021,RYN,AZ,AWP,CE,Federal Contract Tower,0,0,8,0,8,0,0,84,10,94,0,0,92,10,102,266,38,304,406
11/05/2021,RYN,AZ,AWP,CE,Federal Contract Tower,0,0,11,0,11,0,0,146,0,146,0,0,157,0,157,127,0,127,284
11/06/2021,RYN,AZ,AWP,CE,Federal Contract Tower,0,0,7,0,7,0,0,167,0,167,0,0,174,0,174,223,0,223,397
11/07/2021,RYN,AZ,AWP,CE,Federal Contract Tower,0,0,4,0,4,0,0,99,0,99,0,0,103,0,103,144,0,144,247
11/08/2021,RYN,AZ,AWP,CE,Federal Contract Tower,0,0,1,0,1,0,0,198,0,198,0,0,199,0,199,278,0,278,477
11/09/2021,RYN,AZ,AWP,CE,Federal Contract Tower,0,0,16,0,16,0,0,245,0,245,0,0,261,0,261,290,0,290,551
11/10/2021,RYN,AZ,AWP,CE,Federal Contract Tower,0,0,12,0,12,0,0,240,0,240,0,0,252,0,252,384,0,384,636
11/11/2021,RYN,AZ,AWP,CE,Federal Contract Tower,0,0,13,0,13,0,0,136,0,136,0,0,149,0,149,290,0,290,439
11/12/2021,RYN,AZ,AWP,CE,Federal Contract Tower,0,0,5,0,5,0,0,207,0,207,0,0,212,0,212,170,0,170,382
11/13/2021,RYN,AZ,AWP,CE,Federal Contract Tower,0,0,4,0,4,0,0,247,0,247,0,0,251,0,251,199,0,199,450
11/14/2021,RYN,AZ,AWP,CE,Federal Contract Tower,0,0,8,0,8,0,0,145,2,147,0,0,153,2,155,172,22,194,349
11/15/2021,RYN,AZ,AWP,CE,Federal Contract Tower,0,0,7,0,7,0,0,211,0,211,0,0,218,0,218,249,18,267,485
11/16/2021,RYN,AZ,AWP,CE,Federal Contract Tower,0,0,14,0,14,0,0,124,24,148,0,0,138,24,162,166,120,286,448
11/17/2021,RYN,AZ,AWP,CE,Federal Contract Tower,0,0,14,0,14,0,0,191,0,191,0,0,205,0,205,291,0,291,496
11/18/2021,RYN,AZ,AWP,CE,Federal Contract Tower,0,0,5,0,5,0,0,81,2,83,0,0,86,2,88,198,9,207,295
11/19/2021,RYN,AZ,AWP,CE,Federal Contract Tower,0,0,6,0,6,0,0,202,0,202,0,0,208,0,208,180,0,180,388
11/20/2021,RYN,AZ,AWP,CE,Federal Contract Tower,0,0,4,0,4,0,0,155,0,155,0,0,159,0,159,136,0,136,295
11/21/2021,RYN,AZ,AWP,CE,Federal Contract Tower,0,0,9,0,9,0,0,182,0,182,0,0,191,0,191,223,0,223,414
11/22/2021,RYN,AZ,AWP,CE,Federal Contract Tower,0,0,3,0,3,0,0,84,16,100,0,0,87,16,103,102,80,182,285
11/23/2021,RYN,AZ,AWP,CE,Federal Contract Tower,0,0,4,0,4,0,0,184,4,188,0,0,188,4,192,390,48,438,630
11/24/2021,RYN,AZ,AWP,CE,Federal Contract Tower,0,0,0,0,0,0,0,219,5,224,0,0,219,5,224,358,32,390,614
11/25/2021,RYN,AZ,AWP,CE,Federal Contract Tower,0,0,0,0,0,0,0,31,0,31,0,0,31,0,31,128,0,128,159
11/26/2021,RYN,AZ,AWP,CE,Federal Contract Tower,0,0,0,0,0,0,0,153,0,153,0,0,153,0,153,155,0,155,308
11/27/2021,RYN,AZ,AWP,CE,Federal Contract Tower,0,0,1,0,1,0,0,0,0,0,0,0,1,0,1,229,0,229,230
11/28/2021,RYN,AZ,AWP,CE,Federal Contract Tower,0,0,0,0,0,0,122,0,0,122,0,122,0,0,122,178,0,178,300
11/29/2021,RYN,AZ,AWP,CE,Federal Contract Tower,0,0,5,0,5,0,0,128,3,131,0,0,133,3,136,187,24,211,347
11/30/2021,RYN,AZ,AWP,CE,Federal Contract Tower,0,0,12,0,12,0,0,182,20,202,0,0,194,20,214,254,56,310,524
12/01/2021,RYN,AZ,AWP,CE,Federal Contract Tower,0,0,0,0,0,0,0,255,28,283,0,0,255,28,283,318,6,324,607
12/02/2021,RYN,AZ,AWP,CE,Federal Contract Tower,0,0,4,0,4,0,0,79,3,82,0,0,83,3,86,187,12,199,285
12/03/2021,RYN,AZ,AWP,CE,Federal Contract Tower,0,0,12,0,12,0,0,124,0,124,0,0,136,0,136,147,0,147,283
12/04/2021,RYN,AZ,AWP,CE,Federal Contract Tower,0,0,12,0,12,0,0,125,0,125,0,0,137,0,137,170,0,170,307
12/05/2021,RYN,AZ,AWP,CE,Federal Contract Tower,0,0,11,0,11,0,0,156,0,156,0,0,167,0,167,191,0,191,358
12/06/2021,RYN,AZ,AWP,CE,Federal Contract Tower,0,0,6,0,6,0,0,160,8,168,0,0,166,8,174,278,34,312,486
12/07/2021,RYN,AZ,AWP,CE,Federal Contract Tower,0,0,3,0,3,0,0,175,42,217,0,0,178,42,220,339,0,339,559
12/08/2021,RYN,AZ,AWP,CE,Federal Contract Tower,0,0,0,0,0,0,0,178,20,198,0,0,178,20,198,236,0,236,434
12/09/2021,RYN,AZ,AWP,CE,Federal Contract Tower,0,0,6,0,6,0,0,161,18,179,0,0,167,18,185,265,40,305,490
12/10/2021,RYN,AZ,AWP,CE,Federal Contract Tower,0,0,0,0,0,0,0,52,2,54,0,0,52,2,54,43,0,43,97
12/11/2021,RYN,AZ,AWP,CE,Federal Contract Tower,0,0,0,0,0,0,0,146,0,146,0,0,146,0,146,160,0,160,306
12/12/2021,RYN,AZ,AWP,CE,Federal Contract Tower,0,0,4,0,4,0,0,116,0,116,0,0,120,0,120,146,0,146,266
12/13/2021,RYN,AZ,AWP,CE,Federal Contract Tower,0,0,4,0,4,0,0,170,3,173,0,0,174,3,177,263,14,277,454
12/14/2021,RYN,AZ,AWP,CE,Federal Contract Tower,0,0,12,0,12,0,0,110,2,112,0,0,122,2,124,124,6,130,254
12/15/2021,RYN,AZ,AWP,CE,Federal Contract Tower,0,0,0,0,0,0,0,200,40,240,0,0,200,40,240,226,0,226,466
12/16/2021,RYN,AZ,AWP,CE,Federal Contract Tower,0,0,3,0,3,0,0,125,5,130,0,0,128,5,133,221,35,256,389
12/17/2021,RYN,AZ,AWP,CE,Federal Contract Tower,0,0,2,0,2,0,0,156,0,156,0,0,158,0,158,130,0,130,288
12/18/2021,RYN,AZ,AWP,CE,Federal Contract Tower,0,0,1,0,1,0,0,162,0,162,0,0,163,0,163,168,0,168,331
12/19/2021,RYN,AZ,AWP,CE,Federal Contract Tower,0,0,2,0,2,0,0,133,0,133,0,0,135,0,135,130,0,130,265
12/20/2021,RYN,AZ,AWP,CE,Federal Contract Tower,0,0,4,0,4,0,0,158,0,158,0,0,162,0,162,228,0,228,390
12/21/2021,RYN,AZ,AWP,CE,Federal Contract Tower,0,0,14,0,14,0,0,193,4,197,0,0,207,4,211,228,0,228,439
12/22/2021,RYN,AZ,AWP,CE,Federal Contract Tower,0,0,31,0,31,0,0,187,4,191,0,0,218,4,222,248,10,258,480
12/23/2021,RYN,AZ,AWP,CE,Federal Contract Tower,0,0,2,0,2,0,0,62,0,62,0,0,64,0,64,121,0,121,185
12/24/2021,RYN,AZ,AWP,CE,Federal Contract Tower,0,0,1,0,1,0,0,22,0,22,0,0,23,0,23,38,0,38,61
12/25/2021,RYN,AZ,AWP,CE,Federal Contract Tower,0,0,2,0,2,0,0,13,0,13,0,0,15,0,15,32,0,32,47
12/26/2021,RYN,AZ,AWP,CE,Federal Contract Tower,0,0,0,0,0,0,0,84,0,84,0,0,84,0,84,116,0,116,200
12/27/2021,RYN,AZ,AWP,CE,Federal Contract Tower,0,0,3,0,3,0,0,130,1,131,0,0,133,1,134,153,6,159,293
12/28/2021,RYN,AZ,AWP,CE,Federal Contract Tower,0,0,3,0,3,0,0,154,2,156,0,0,157,2,159,276,0,276,435
12/29/2021,RYN,AZ,AWP,CE,Federal Contract Tower,0,0,16,0,16,0,0,126,12,138,0,0,142,12,154,172,0,172,326
12/30/2021,RYN,AZ,AWP,CE,Federal Contract Tower,0,0,1,0,1,0,0,54,0,54,0,0,55,0,55,130,0,130,185
12/31/2021,RYN,AZ,AWP,CE,Federal Contract Tower,0,0,4,0,4,0,0,4,0,4,0,0,8,0,8,30,0,30,38
01/01/2022,RYN,AZ,AWP,CE,Federal Contract Tower,0,0,2,0,2,0,0,40,0,40,0,0,42,0,42,36,0,36,78
01/02/2022,RYN,AZ,AWP,CE,Federal Contract Tower,0,0,0,0,0,0,0,51,0,51,0,0,51,0,51,102,0,102,153
01/03/2022,RYN,AZ,AWP,CE,Federal Contract Tower,0,0,8,0,8,0,0,133,2,135,0,0,141,2,143,180,0,180,323
01/04/2022,RYN,AZ,AWP,CE,Federal Contract Tower,0,0,12,0,12,0,0,162,12,174,0,0,174,12,186,256,46,302,488
01/05/2022,RYN,AZ,AWP,CE,Federal Contract Tower,0,0,0,0,0,0,0,148,6,154,0,0,148,6,154,273,18,291,445
01/06/2022,RYN,AZ,AWP,CE,Federal Contract Tower,0,0,9,0,9,0,0,95,5,100,0,0,104,5,109,501,25,526,635
01/07/2022,RYN,AZ,AWP,CE,Federal Contract Tower,0,0,6,0,6,0,0,152,24,176,0,0,158,24,182,214,0,214,396
01/08/2022,RYN,AZ,AWP,CE,Federal Contract Tower,0,0,1,0,1,0,0,304,0,304,0,0,305,0,305,368,0,368,673
01/09/2022,RYN,AZ,AWP,CE,Federal Contract Tower,0,0,0,0,0,0,0,266,0,266,0,0,266,0,266,342,0,342,608
01/10/2022,RYN,AZ,AWP,CE,Federal Contract Tower,0,0,3,0,3,0,0,72,4,76,0,0,75,4,79,106,100,206,285
01/11/2022,RYN,AZ,AWP,CE,Federal Contract Tower,0,0,20,0,20,0,0,135,0,135,0,0,155,0,155,157,0,157,312
01/12/2022,RYN,AZ,AWP,CE,Federal Contract Tower,0,0,6,0,6,0,0,156,16,172,0,0,162,16,178,459,0,459,637
01/13/2022,RYN,AZ,AWP,CE,Federal Contract Tower,0,0,2,0,2,0,0,91,3,94,0,0,93,3,96,302,97,399,495
01/14/2022,RYN,AZ,AWP,CE,Federal Contract Tower,0,0,5,0,5,0,0,284,9,293,0,0,289,9,298,849,84,933,1231
01/15/2022,RYN,AZ,AWP,CE,Federal Contract Tower,0,0,1,0,1,0,0,262,0,262,0,0,263,0,263,1013,0,1013,1276
01/16/2022,RYN,AZ,AWP,CE,Federal Contract Tower,0,0,0,0,0,0,0,207,0,207,0,0,207,0,207,232,0,232,439
01/17/2022,RYN,AZ,AWP,CE,Federal Contract Tower,0,0,4,0,4,0,0,199,0,199,0,0,203,0,203,260,0,260,463
01/18/2022,RYN,AZ,AWP,CE,Federal Contract Tower,0,0,10,0,10,0,0,210,12,222,0,0,220,12,232,251,60,311,543
01/19/2022,RYN,AZ,AWP,CE,Federal Contract Tower,0,0,22,0,22,0,0,267,8,275,0,0,289,8,297,424,56,480,777
01/20/2022,RYN,AZ,AWP,CE,Federal Contract Tower,0,0,12,0,12,0,0,217,0,217,0,0,229,0,229,468,0,468,697
01/21/2022,RYN,AZ,AWP,CE,Federal Contract Tower,0,0,3,0,3,0,0,279,10,289,0,0,282,10,292,516,0,516,808
01/22/2022,RYN,AZ,AWP,CE,Federal Contract Tower,0,0,4,0,4,0,0,316,0,316,0,0,320,0,320,326,0,326,646
01/23/2022,RYN,AZ,AWP,CE,Federal Contract Tower,0,0,3,0,3,0,0,207,10,217,0,0,210,10,220,204,69,273,493
01/24/2022,RYN,AZ,AWP,CE,Federal Contract Tower,0,0,5,0,5,0,0,179,0,179,0,0,184,0,184,202,0,202,386
01/25/2022,RYN,AZ,AWP,CE,Federal Contract Tower,0,0,10,0,10,0,0,129,2,131,0,0,139,2,141,332,32,364,505
01/26/2022,RYN,AZ,AWP,CE,Federal Contract Tower,0,0,12,0,12,0,0,145,34,179,0,0,157,34,191,442,109,551,742
01/27/2022,RYN,AZ,AWP,CE,Federal Contract Tower,0,0,13,2,15,0,0,151,6,157,0,0,164,8,172,384,66,450,622
01/28/2022,RYN,AZ,AWP,CE,Federal Contract Tower,0,0,1,0,1,0,0,86,0,86,0,0,87,0,87,54,0,54,141
01/29/2022,RYN,AZ,AWP,CE,Federal Contract Tower,0,0,3,0,3,0,0,100,0,100,0,0,103,0,103,174,0,174,277
01/30/2022,RYN,AZ,AWP,CE,Federal Contract Tower,0,0,16,0,16,0,0,185,0,185,0,0,201,0,201,404,0,404,605
01/31/2022,RYN,AZ,AWP,CE,Federal Contract Tower,0,0,5,0,5,0,0,189,0,189,0,0,194,0,194,233,0,233,427
02/01/2022,RYN,AZ,AWP,CE,Federal Contract Tower,0,0,6,0,6,0,0,215,0,215,0,0,221,0,221,327,0,327,548
02/02/2022,RYN,AZ,AWP,CE,Federal Contract Tower,0,0,0,0,0,0,0,154,12,166,0,0,154,12,166,478,28,506,672
02/03/2022,RYN,AZ,AWP,CE,Federal Contract Tower,0,0,16,0,16,0,0,149,7,156,0,0,165,7,172,276,36,312,484
02/04/2022,RYN,AZ,AWP,CE,Federal Contract Tower,0,0,1,0,1,0,0,162,12,174,0,0,163,12,175,200,0,200,375
02/05/2022,RYN,AZ,AWP,CE,Federal Contract Tower,0,0,9,0,9,0,0,184,22,206,0,0,193,22,215,214,0,214,429
02/06/2022,RYN,AZ,AWP,CE,Federal Contract Tower,0,0,8,0,8,0,0,179,0,179,0,0,187,0,187,260,0,260,447
02/07/2022,RYN,AZ,AWP,CE,Federal Contract Tower,0,0,3,0,3,0,0,74,8,82,0,0,77,8,85,70,40,110,195
02/08/2022,RYN,AZ,AWP,CE,Federal Contract Tower,0,0,13,8,21,0,0,192,20,212,0,0,205,28,233,289,98,387,620
02/09/2022,RYN,AZ,AWP,CE,Federal Contract Tower,0,0,18,0,18,0,0,179,28,207,0,0,197,28,225,378,80,458,683
02/10/2022,RYN,AZ,AWP,CE,Federal Contract Tower,0,0,14,0,14,0,0,192,5,197,0,0,206,5,211,417,26,443,654
02/11/2022,RYN,AZ,AWP,CE,Federal Contract Tower,0,0,8,0,8,0,0,300,4,304,0,0,308,4,312,620,66,686,998
02/12/2022,RYN,AZ,AWP,CE,Federal Contract Tower,0,0,2,0,2,0,0,256,0,256,0,0,258,0,258,288,0,288,546
02/13/2022,RYN,AZ,AWP,CE,Federal Contract Tower,0,0,5,0,5,0,0,199,0,199,0,0,204,0,204,225,0,225,429
02/14/2022,RYN,AZ,AWP,CE,Federal Contract Tower,0,0,3,0,3,0,0,200,0,200,0,0,203,0,203,292,0,292,495
02/15/2022,RYN,AZ,AWP,CE,Federal Contract Tower,0,0,0,0,0,0,0,99,4,103,0,0,99,4,103,106,4,110,213
02/16/2022,RYN,AZ,AWP,CE,Federal Contract Tower,0,0,7,0,7,0,0,158,24,182,0,0,165,24,189,258,92,350,539
02/17/2022,RYN,AZ,AWP,CE,Federal Contract Tower,0,0,9,0,9,0,2,202,0,204,0,2,211,0,213,377,0,377,590
02/18/2022,RYN,AZ,AWP,CE,Federal Contract Tower,0,0,11,0,11,0,0,174,8,182,0,0,185,8,193,318,42,360,553
02/19/2022,RYN,AZ,AWP,CE,Federal Contract Tower,0,0,10,0,10,0,0,138,4,142,0,0,148,4,152,372,0,372,524
02/20/2022,RYN,AZ,AWP,CE,Federal Contract Tower,0,0,7,0,7,0,0,135,0,135,0,0,142,0,142,142,0,142,284
02/21/2022,RYN,AZ,AWP,CE,Federal Contract Tower,0,0,9,0,9,0,0,86,0,86,0,0,95,0,95,86,2,88,183
02/22/2022,RYN,AZ,AWP,CE,Federal Contract Tower,0,0,1,0,1,0,0,64,5,69,0,0,65,5,70,209,172,381,451
02/23/2022,RYN,AZ,AWP,CE,Federal Contract Tower,0,0,10,0,10,0,0,15,0,15,0,0,25,0,25,33,0,33,58
02/24/2022,RYN,AZ,AWP,CE,Federal Contract Tower,0,0,9,0,9,0,0,139,16,155,0,0,148,16,164,291,39,330,494
02/25/2022,RYN,AZ,AWP,CE,Federal Contract Tower,0,0,9,0,9,0,0,212,0,212,0,0,221,0,221,476,0,476,697
02/26/2022,RYN,AZ,AWP,CE,Federal Contract Tower,0,0,8,0,8,0,0,161,0,161,0,0,169,0,169,219,0,219,388
02/27/2022,RYN,AZ,AWP,CE,Federal Contract Tower,0,0,3,0,3,0,0,113,4,117,0,0,116,4,120,187,18,205,325
02/28/2022,RYN,AZ,AWP,CE,Federal Contract Tower,0,0,4,0,4,0,0,126,8,134,0,0,130,8,138,230,80,310,448
03/01/2022,RYN,AZ,AWP,CE,Federal Contract Tower,0,0,0,0,0,0,0,114,18,132,0,0,114,18,132,188,72,260,392
03/02/2022,RYN,AZ,AWP,CE,Federal Contract Tower,0,0,2,0,2,0,0,174,0,174,0,0,176,0,176,314,0,314,490
03/03/2022,RYN,AZ,AWP,CE,Federal Contract Tower,0,0,12,11,23,0,0,179,11,190,0,0,191,22,213,369,36,405,618
03/04/2022,RYN,AZ,AWP,CE,Federal Contract Tower,0,0,3,0,3,0,0,60,5,65,0,0,63,5,68,45,0,45,113
03/05/2022,RYN,AZ,AWP,CE,Federal Contract Tower,0,0,10,0,10,0,0,144,0,144,0,0,154,0,154,138,0,138,292
03/06/2022,RYN,AZ,AWP,CE,Federal Contract Tower,0,0,3,0,3,0,0,144,0,144,0,0,147,0,147,340,0,340,487
03/07/2022,RYN,AZ,AWP,CE,Federal Contract Tower,0,0,5,0,5,0,0,164,2,166,0,0,169,2,171,252,16,268,439
03/08/2022,RYN,AZ,AWP,CE,Federal Contract Tower,0,0,7,0,7,0,0,140,0,140,0,0,147,0,147,313,0,313,460
03/09/2022,RYN,AZ,AWP,CE,Federal Contract Tower,0,0,12,0,12,0,0,212,0,212,0,0,224,0,224,436,0,436,660
03/10/2022,RYN,AZ,AWP,CE,Federal Contract Tower,0,0,6,0,6,0,0,78,0,78,0,0,84,0,84,165,0,165,249
03/11/2022,RYN,AZ,AWP,CE,Federal Contract Tower,0,0,5,0,5,0,0,185,10,195,0,0,190,10,200,267,0,267,467
03/12/2022,RYN,AZ,AWP,CE,Federal Contract Tower,0,0,3,0,3,0,0,130,0,130,0,0,133,0,133,144,0,144,277
03/13/2022,RYN,AZ,AWP,CE,Federal Contract Tower,0,0,6,0,6,0,0,188,0,188,0,0,194,0,194,341,0,341,535
03/14/2022,RYN,AZ,AWP,CE,Federal Contract Tower,0,0,10,0,10,0,0,184,0,184,0,0,194,0,194,315,0,315,509
03/15/2022,RYN,AZ,AWP,CE,Federal Contract Tower,0,0,6,0,6,0,0,244,0,244,0,0,250,0,250,232,0,232,482
03/16/2022,RYN,AZ,AWP,CE,Federal Contract Tower,0,0,9,0,9,0,0,118,0,118,0,0,127,0,127,175,0,175,302
03/17/2022,RYN,AZ,AWP,CE,Federal Contract Tower,0,0,7,0,7,0,0,154,4,158,0,0,161,4,165,245,11,256,421
03/18/2022,RYN,AZ,AWP,CE,Federal Contract Tower,0,0,4,0,4,0,0,122,0,122,0,0,126,0,126,141,0,141,267
03/19/2022,RYN,AZ,AWP,CE,Federal Contract Tower,0,0,4,0,4,0,0,105,0,105,0,0,109,0,109,263,0,263,372
03/20/2022,RYN,AZ,AWP,CE,Federal Contract Tower,0,0,4,0,4,0,0,58,0,58,0,0,62,0,62,95,0,95,157
03/21/2022,RYN,AZ,AWP,CE,Federal Contract Tower,0,0,7,0,7,0,0,236,0,236,0,0,243,0,243,394,0,394,637
03/22/2022,RYN,AZ,AWP,CE,Federal Contract Tower,0,0,11,0,11,0,0,226,20,246,0,0,237,20,257,328,0,328,585
03/23/2022,RYN,AZ,AWP,CE,Federal Contract Tower,0,0,5,0,5,0,0,78,1,79,0,0,83,1,84,179,6,185,269
03/24/2022,RYN,AZ,AWP,CE,Federal Contract Tower,0,0,1,1,2,0,0,108,1,109,0,0,109,2,111,273,1,274,385
03/25/2022,RYN,AZ,AWP,CE,Federal Contract Tower,0,0,1,0,1,0,0,191,0,191,0,0,192,0,192,340,0,340,532
03/26/2022,RYN,AZ,AWP,CE,Federal Contract Tower,0,0,3,0,3,0,0,145,0,145,0,0,148,0,148,280,0,280,428
03/27/2022,RYN,AZ,AWP,CE,Federal Contract Tower,0,0,0,0,0,0,0,90,0,90,0,0,90,0,90,89,2,91,181
03/28/2022,RYN,AZ,AWP,CE,Federal Contract Tower,0,0,14,0,14,0,0,159,16,175,0,0,173,16,189,247,232,479,668
03/29/2022,RYN,AZ,AWP,CE,Federal Contract Tower,0,0,3,0,3,0,0,45,10,55,0,0,48,10,58,48,0,48,106
03/30/2022,RYN,AZ,AWP,CE,Federal Contract Tower,0,0,11,2,13,0,0,125,2,127,0,0,136,4,140,198,3,201,341
03/31/2022,RYN,AZ,AWP,CE,Federal Contract Tower,0,0,21,0,21,0,0,178,0,178,0,0,199,0,199,470,0,470,669
04/01/2022,RYN,AZ,AWP,CE,Federal Contract Tower,0,0,4,0,4,0,0,105,0,105,0,0,109,0,109,165,0,165,274
04/02/2022,RYN,AZ,AWP,CE,Federal Contract Tower,0,0,3,0,3,0,0,71,0,71,0,0,74,0,74,80,0,80,154
04/03/2022,RYN,AZ,AWP,CE,Federal Contract Tower,0,0,8,0,8,0,0,137,0,137,0,0,145,0,145,230,0,230,375
04/04/2022,RYN,AZ,AWP,CE,Federal Contract Tower,0,0,8,0,8,0,0,158,2,160,0,0,166,2,168,428,20,448,616
04/05/2022,RYN,AZ,AWP,CE,Federal Contract Tower,0,0,11,4,15,0,0,158,8,166,0,0,169,12,181,217,49,266,447
04/06/2022,RYN,AZ,AWP,CE,Federal Contract Tower,0,0,8,0,8,0,0,130,0,130,0,0,138,0,138,260,0,260,398
04/07/2022,RYN,AZ,AWP,CE,Federal Contract Tower,0,0,6,0,6,0,0,113,7,120,0,0,119,7,126,370,35,405,531
04/08/2022,RYN,AZ,AWP,CE,Federal Contract Tower,0,0,3,0,3,0,0,48,2,50,0,0,51,2,53,70,0,70,123
04/09/2022,RYN,AZ,AWP,CE,Federal Contract Tower,0,0,3,0,3,0,0,71,0,71,0,0,74,0,74,143,0,143,217
04/10/2022,RYN,AZ,AWP,CE,Federal Contract Tower,0,6,0,0,6,0,0,68,0,68,0,6,68,0,74,132,0,132,206
04/11/2022,RYN,AZ,AWP,CE,Federal Contract Tower,0,0,5,0,5,0,0,202,8,210,0,0,207,8,215,432,174,606,821
04/12/2022,RYN,AZ,AWP,CE,Federal Contract Tower,0,0,0,0,0,0,0,38,4,42,0,0,38,4,42,86,0,86,128
04/13/2022,RYN,AZ,AWP,CE,Federal Contract Tower,0,0,12,0,12,0,0,149,7,156,0,0,161,7,168,486,38,524,692
04/14/2022,RYN,AZ,AWP,CE,Federal Contract Tower,0,0,9,0,9,0,0,115,2,117,0,0,124,2,126,558,15,573,699
04/15/2022,RYN,AZ,AWP,CE,Federal Contract Tower,0,0,9,0,9,0,0,188,0,188,0,0,197,0,197,260,0,260,457
04/16/2022,RYN,AZ,AWP,CE,Federal Contract Tower,0,0,1,0,1,0,0,131,0,131,0,0,132,0,132,196,0,196,328
04/17/2022,RYN,AZ,AWP,CE,Federal Contract Tower,0,0,8,0,8,0,0,75,0,75,0,0,83,0,83,139,0,139,222
04/18/2022,RYN,AZ,AWP,CE,Federal Contract Tower,0,0,5,0,5,0,0,122,0,122,0,0,127,0,127,296,4,300,427
04/19/2022,RYN,AZ,AWP,CE,Federal Contract Tower,0,0,12,0,12,0,3,92,12,107,0,3,104,12,119,450,26,476,595
04/20/2022,RYN,AZ,AWP,CE,Federal Contract Tower,0,0,8,0,8,0,0,144,6,150,0,0,152,6,158,345,35,380,538
04/21/2022,RYN,AZ,AWP,CE,Federal Contract Tower,0,0,5,0,5,0,0,82,6,88,0,0,87,6,93,273,21,294,387
04/22/2022,RYN,AZ,AWP,CE,Federal Contract Tower,0,0,5,0,5,0,0,34,1,35,0,0,39,1,40,102,20,122,162
04/23/2022,RYN,AZ,AWP,CE,Federal Contract Tower,0,0,1,0,1,0,0,90,0,90,0,0,91,0,91,164,0,164,255
04/24/2022,RYN,AZ,AWP,CE,Federal Contract Tower,0,0,6,0,6,0,0,114,0,114,0,0,120,0,120,175,0,175,295
04/25/2022,RYN,AZ,AWP,CE,Federal Contract Tower,0,0,12,0,12,0,0,98,0,98,0,0,110,0,110,261,8,269,379
04/26/2022,RYN,AZ,AWP,CE,Federal Contract Tower,0,0,18,0,18,0,0,87,4,91,0,0,105,4,109,155,28,183,292
04/27/2022,RYN,AZ,AWP,CE,Federal Contract Tower,0,0,4,0,4,0,0,80,0,80,0,0,84,0,84,215,0,215,299
04/28/2022,RYN,AZ,AWP,CE,Federal Contract Tower,0,0,10,0,10,0,0,98,0,98,0,0,108,0,108,189,0,189,297
04/29/2022,RYN,AZ,AWP,CE,Federal Contract Tower,0,0,11,0,11,0,0,113,2,115,0,0,124,2,126,214,12,226,352
04/30/2022,RYN,AZ,AWP,CE,Federal Contract Tower,0,0,7,0,7,0,0,137,6,143,0,0,144,6,150,182,0,182,332
05/01/2022,RYN,AZ,AWP,CE,Federal Contract Tower,0,0,3,0,3,0,0,28,0,28,0,0,31,0,31,47,0,47,78
05/02/2022,RYN,AZ,AWP,CE,Federal Contract Tower,0,0,15,0,15,0,0,52,3,55,0,0,67,3,70,124,2,126,196
05/03/2022,RYN,AZ,AWP,CE,Federal Contract Tower,0,0,7,0,7,0,0,56,0,56,0,0,63,0,63,162,0,162,225
05/04/2022,RYN,AZ,AWP,CE,Federal Contract Tower,0,0,10,0,10,0,0,123,3,126,0,0,133,3,136,245,11,256,392
05/05/2022,RYN,AZ,AWP,CE,Federal Contract Tower,0,0,10,0,10,0,0,83,3,86,0,0,93,3,96,194,13,207,303
05/06/2022,RYN,AZ,AWP,CE,Federal Contract Tower,0,0,13,0,13,0,0,93,0,93,0,0,106,0,106,202,0,202,308
05/07/2022,RYN,AZ,AWP,CE,Federal Contract Tower,0,0,8,0,8,0,0,89,1,90,0,0,97,1,98,181,1,182,280
05/08/2022,RYN,AZ,AWP,CE,Federal Contract Tower,0,0,8,0,8,0,0,26,0,26,0,0,34,0,34,32,0,32,66
05/09/2022,RYN,AZ,AWP,CE,Federal Contract Tower,0,0,25,0,25,0,0,77,10,87,0,0,102,10,112,153,55,208,320
05/10/2022,RYN,AZ,AWP,CE,Federal Contract Tower,0,0,15,0,15,0,0,95,0,95,0,0,110,0,110,192,0,192,302
05/11/2022,RYN,AZ,AWP,CE,Federal Contract Tower,0,0,4,3,7,0,0,95,4,99,0,0,99,7,106,176,66,242,348
05/12/2022,RYN,AZ,AWP,CE,Federal Contract Tower,0,0,4,0,4,0,0,104,0,104,0,0,108,0,108,207,0,207,315
05/13/2022,RYN,AZ,AWP,CE,Federal Contract Tower,0,0,1,0,1,0,0,103,3,106,0,0,104,3,107,166,2,168,275
05/14/2022,RYN,AZ,AWP,CE,Federal Contract Tower,0,0,1,0,1,0,0,63,2,65,0,0,64,2,66,102,12,114,180
05/15/2022,RYN,AZ,AWP,CE,Federal Contract Tower,0,0,0,0,0,0,0,75,0,75,0,0,75,0,75,168,0,168,243
05/16/2022,RYN,AZ,AWP,CE,Federal Contract Tower,0,0,8,0,8,0,0,99,12,111,0,0,107,12,119,209,71,280,399
05/17/2022,RYN,AZ,AWP,CE,Federal Contract Tower,0,0,10,0,10,0,0,70,0,70,0,0,80,0,80,162,0,162,242
05/18/2022,RYN,AZ,AWP,CE,Federal Contract Tower,0,2,4,0,6,0,4,88,4,96,0,6,92,4,102,172,8,180,282
05/19/2022,RYN,AZ,AWP,CE,Federal Contract Tower,0,0,7,0,7,0,0,117,2,119,0,0,124,2,126,198,14,212,338
05/20/2022,RYN,AZ,AWP,CE,Federal Contract Tower,0,0,1,0,1,0,0,50,0,50,0,0,51,0,51,96,0,96,147
05/21/2022,RYN,AZ,AWP,CE,Federal Contract Tower,0,0,7,0,7,0,0,115,0,115,0,0,122,0,122,106,0,106,228
05/22/2022,RYN,AZ,AWP,CE,Federal Contract Tower,0,0,4,0,4,0,0,110,0,110,0,0,114,0,114,218,0,218,332
05/23/2022,RYN,AZ,AWP,CE,Federal Contract Tower,0,0,6,2,8,0,0,95,16,111,0,0,101,18,119,156,130,286,405
05/24/2022,RYN,AZ,AWP,CE,Federal Contract Tower,0,0,5,0,5,0,0,93,14,107,0,0,98,14,112,178,2,180,292
05/25/2022,RYN,AZ,AWP,CE,Federal Contract Tower,0,0,5,0,5,0,0,89,0,89,0,0,94,0,94,187,0,187,281
05/26/2022,RYN,AZ,AWP,CE,Federal Contract Tower,0,0,11,0,11,0,0,92,0,92,0,0,103,0,103,139,0,139,242
05/27/2022,RYN,AZ,AWP,CE,Federal Contract Tower,0,0,2,0,2,0,0,75,4,79,0,0,77,4,81,128,4,132,213
05/28/2022,RYN,AZ,AWP,CE,Federal Contract Tower,0,0,6,0,6,0,0,70,0,70,0,0,76,0,76,110,0,110,186
05/29/2022,RYN,AZ,AWP,CE,Federal Contract Tower,0,0,2,0,2,0,0,29,0,29,0,0,31,0,31,54,0,54,85
05/30/2022,RYN,AZ,AWP,CE,Federal Contract Tower,0,0,5,0,5,0,0,53,0,53,0,0,58,0,58,140,0,140,198
05/31/2022,RYN,AZ,AWP,CE,Federal Contract Tower,0,0,2,0,2,0,0,68,0,68,0,0,70,0,70,184,0,184,254
06/01/2022,RYN,AZ,AWP,CE,Federal Contract Tower,0,0,7,0,7,0,0,128,0,128,0,0,135,0,135,150,0,150,285
06/02/2022,RYN,AZ,AWP,CE,Federal Contract Tower,0,0,5,0,5,0,0,97,0,97,0,0,102,0,102,132,0,132,234
06/03/2022,RYN,AZ,AWP,CE,Federal Contract Tower,0,0,3,0,3,0,0,118,0,118,0,0,121,0,121,102,0,102,223
06/04/2022,RYN,AZ,AWP,CE,Federal Contract Tower,0,0,7,0,7,0,0,95,0,95,0,0,102,0,102,102,0,102,204
06/05/2022,RYN,AZ,AWP,CE,Federal Contract Tower,0,0,8,0,8,0,0,52,0,52,0,0,60,0,60,92,0,92,152
06/06/2022,RYN,AZ,AWP,CE,Federal Contract Tower,0,0,4,0,4,0,0,49,0,49,0,0,53,0,53,139,0,139,192
06/07/2022,RYN,AZ,AWP,CE,Federal Contract Tower,0,0,6,0,6,0,0,62,12,74,0,0,68,12,80,114,0,114,194
06/08/2022,RYN,AZ,AWP,CE,Federal Contract Tower,0,0,1,0,1,0,0,94,10,104,0,0,95,10,105,126,0,126,231
06/09/2022,RYN,AZ,AWP,CE,Federal Contract Tower,0,0,0,0,0,0,0,76,0,76,0,0,76,0,76,140,0,140,216
06/10/2022,RYN,AZ,AWP,CE,Federal Contract Tower,0,0,2,0,2,0,0,87,22,109,0,0,89,22,111,101,0,101,212
06/11/2022,RYN,AZ,AWP,CE,Federal Contract Tower,0,0,2,0,2,0,0,53,0,53,0,0,55,0,55,122,0,122,177
06/12/2022,RYN,AZ,AWP,CE,Federal Contract Tower,0,0,0,0,0,0,0,31,0,31,0,0,31,0,31,62,0,62,93
06/13/2022,RYN,AZ,AWP,CE,Federal Contract Tower,0,0,2,0,2,0,0,50,2,52,0,0,52,2,54,112,7,119,173
06/14/2022,RYN,AZ,AWP,CE,Federal Contract Tower,0,0,0,0,0,0,0,90,0,90,0,0,90,0,90,172,0,172,262
06/15/2022,RYN,AZ,AWP,CE,Federal Contract Tower,0,0,8,0,8,0,0,100,0,100,0,0,108,0,108,159,0,159,267
06/16/2022,RYN,AZ,AWP,CE,Federal Contract Tower,0,0,1,0,1,0,0,98,17,115,0,0,99,17,116,144,46,190,306
06/17/2022,RYN,AZ,AWP,CE,Federal Contract Tower,0,0,3,0,3,0,0,153,3,156,0,0,156,3,159,186,18,204,363
06/18/2022,RYN,AZ,AWP,CE,Federal Contract Tower,0,0,0,0,0,0,0,18,0,18,0,0,18,0,18,23,0,23,41
06/19/2022,RYN,AZ,AWP,CE,Federal Contract Tower,0,0,0,0,0,0,0,95,0,95,0,0,95,0,95,133,0,133,228
06/20/2022,RYN,AZ,AWP,CE,Federal Contract Tower,0,0,0,0,0,0,0,0,0,0,0,0,0,0,0,144,10,154,154
06/21/2022,RYN,AZ,AWP,CE,Federal Contract Tower,0,0,2,0,2,0,0,84,10,94,0,0,86,10,96,185,0,185,281
06/22/2022,RYN,AZ,AWP,CE,Federal Contract Tower,0,0,2,0,2,0,0,100,14,114,0,0,102,14,116,129,0,129,245
06/23/2022,RYN,AZ,AWP,CE,Federal Contract Tower,0,0,4,0,4,0,0,90,1,91,0,0,94,1,95,119,15,134,229
06/24/2022,RYN,AZ,AWP,CE,Federal Contract Tower,0,0,2,0,2,0,0,126,4,130,0,0,128,4,132,218,16,234,366
06/25/2022,RYN,AZ,AWP,CE,Federal Contract Tower,0,0,9,0,9,0,0,25,0,25,0,0,34,0,34,72,0,72,106
06/26/2022,RYN,AZ,AWP,CE,Federal Contract Tower,0,0,0,0,0,0,0,46,0,46,0,0,46,0,46,85,0,85,131
06/27/2022,RYN,AZ,AWP,CE,Federal Contract Tower,0,0,6,6,12,0,0,89,6,95,0,0,95,12,107,164,22,186,293
06/28/2022,RYN,AZ,AWP,CE,Federal Contract Tower,0,0,12,4,16,0,0,103,15,118,0,0,115,19,134,157,41,198,332
06/29/2022,RYN,AZ,AWP,CE,Federal Contract Tower,0,0,0,0,0,0,0,139,2,141,0,0,139,2,141,191,0,191,332
06/30/2022,RYN,AZ,AWP,CE,Federal Contract Tower,0,0,2,0,2,0,0,110,0,110,0,0,112,0,112,160,0,160,272
07/01/2022,RYN,AZ,AWP,CE,Federal Contract Tower,0,0,2,0,2,0,0,76,0,76,0,0,78,0,78,116,0,116,194
07/02/2022,RYN,AZ,AWP,CE,Federal Contract Tower,0,0,5,0,5,0,0,49,0,49,0,0,54,0,54,82,0,82,136
07/03/2022,RYN,AZ,AWP,CE,Federal Contract Tower,0,0,0,0,0,0,0,66,0,66,0,0,66,0,66,116,0,116,182
07/04/2022,RYN,AZ,AWP,CE,Federal Contract Tower,0,0,5,0,5,0,0,46,0,46,0,0,51,0,51,119,0,119,170
07/05/2022,RYN,AZ,AWP,CE,Federal Contract Tower,0,0,10,4,14,0,0,89,10,99,0,0,99,14,113,147,22,169,282
07/06/2022,RYN,AZ,AWP,CE,Federal Contract Tower,0,0,1,0,1,0,0,58,2,60,0,0,59,2,61,105,18,123,184
07/07/2022,RYN,AZ,AWP,CE,Federal Contract Tower,0,0,0,0,0,0,0,90,0,90,0,0,90,0,90,157,0,157,247
07/08/2022,RYN,AZ,AWP,CE,Federal Contract Tower,0,0,4,0,4,0,0,53,0,53,0,0,57,0,57,78,0,78,135
07/09/2022,RYN,AZ,AWP,CE,Federal Contract Tower,0,0,4,0,4,0,0,76,0,76,0,0,80,0,80,140,0,140,220
07/10/2022,RYN,AZ,AWP,CE,Federal Contract Tower,0,0,3,0,3,0,0,45,0,45,0,0,48,0,48,88,0,88,136
07/11/2022,RYN,AZ,AWP,CE,Federal Contract Tower,0,0,2,0,2,0,0,26,4,30,0,0,28,4,32,50,32,82,114
07/12/2022,RYN,AZ,AWP,CE,Federal Contract Tower,0,0,5,0,5,0,0,40,9,49,0,0,45,9,54,134,27,161,215
07/13/2022,RYN,AZ,AWP,CE,Federal Contract Tower,0,0,7,0,7,0,0,37,6,43,0,0,44,6,50,140,16,156,206
07/14/2022,RYN,AZ,AWP,CE,Federal Contract Tower,0,0,6,0,6,0,0,0,0,0,0,0,6,0,6,198,0,198,204
07/15/2022,RYN,AZ,AWP,CE,Federal Contract Tower,0,0,4,0,4,0,0,45,0,45,0,0,49,0,49,98,0,98,147
07/16/2022,RYN,AZ,AWP,CE,Federal Contract Tower,0,0,2,0,2,0,0,80,0,80,0,0,82,0,82,130,0,130,212
07/17/2022,RYN,AZ,AWP,CE,Federal Contract Tower,0,0,12,0,12,0,0,27,0,27,0,0,39,0,39,78,0,78,117
07/18/2022,RYN,AZ,AWP,CE,Federal Contract Tower,0,0,6,0,6,0,0,56,0,56,0,0,62,0,62,126,0,126,188
07/19/2022,RYN,AZ,AWP,CE,Federal Contract Tower,0,0,10,2,12,0,0,89,2,91,0,0,99,4,103,175,6,181,284
07/20/2022,RYN,AZ,AWP,CE,Federal Contract Tower,0,0,12,4,16,0,0,57,0,57,0,0,69,4,73,140,0,140,213
07/21/2022,RYN,AZ,AWP,CE,Federal Contract Tower,0,0,4,0,4,0,0,33,0,33,0,0,37,0,37,93,0,93,130
07/22/2022,RYN,AZ,AWP,CE,Federal Contract Tower,0,0,4,0,4,0,0,56,0,56,0,0,60,0,60,148,0,148,208
07/23/2022,RYN,AZ,AWP,CE,Federal Contract Tower,0,0,3,0,3,0,0,35,0,35,0,0,38,0,38,82,0,82,120
07/24/2022,RYN,AZ,AWP,CE,Federal Contract Tower,0,0,2,0,2,0,0,27,0,27,0,0,29,0,29,78,0,78,107
07/25/2022,RYN,AZ,AWP,CE,Federal Contract Tower,0,0,0,0,0,0,0,52,0,52,0,0,52,0,52,136,0,136,188
07/26/2022,RYN,AZ,AWP,CE,Federal Contract Tower,0,0,3,0,3,0,0,39,10,49,0,0,42,10,52,76,22,98,150
07/27/2022,RYN,AZ,AWP,CE,Federal Contract Tower,0,0,4,0,4,0,0,50,12,62,0,0,54,12,66,114,22,136,202
07/28/2022,RYN,AZ,AWP,CE,Federal Contract Tower,0,0,3,0,3,0,0,46,0,46,0,0,49,0,49,151,0,151,200
07/29/2022,RYN,AZ,AWP,CE,Federal Contract Tower,0,0,8,0,8,0,0,50,0,50,0,0,58,0,58,150,0,150,208
07/30/2022,RYN,AZ,AWP,CE,Federal Contract Tower,0,0,1,0,1,0,0,20,0,20,0,0,21,0,21,52,0,52,73
07/31/2022,RYN,AZ,AWP,CE,Federal Contract Tower,0,0,0,0,0,0,0,67,0,67,0,0,67,0,67,134,0,134,201
08/01/2022,RYN,AZ,AWP,CE,Federal Contract Tower,0,0,15,0,15,0,0,48,0,48,0,0,63,0,63,100,0,100,163
08/02/2022,RYN,AZ,AWP,CE,Federal Contract Tower,0,0,1,0,1,0,0,57,18,75,0,0,58,18,76,188,38,226,302
08/03/2022,RYN,AZ,AWP,CE,Federal Contract Tower,0,0,6,0,6,0,0,55,0,55,0,0,61,0,61,92,0,92,153
08/04/2022,RYN,AZ,AWP,CE,Federal Contract Tower,0,0,4,0,4,0,0,54,0,54,0,0,58,0,58,151,0,151,209
08/05/2022,RYN,AZ,AWP,CE,Federal Contract Tower,0,0,11,0,11,0,0,64,0,64,0,0,75,0,75,148,0,148,223
08/06/2022,RYN,AZ,AWP,CE,Federal Contract Tower,0,0,2,0,2,0,0,72,0,72,0,0,74,0,74,140,0,140,214
08/07/2022,RYN,AZ,AWP,CE,Federal Contract Tower,0,0,0,0,0,0,0,39,0,39,0,0,39,0,39,61,0,61,100
08/08/2022,RYN,AZ,AWP,CE,Federal Contract Tower,0,0,6,2,8,0,0,91,4,95,0,0,97,6,103,134,2,136,239
08/09/2022,RYN,AZ,AWP,CE,Federal Contract Tower,0,0,4,0,4,0,0,68,0,68,0,0,72,0,72,107,0,107,179
08/10/2022,RYN,AZ,AWP,CE,Federal Contract Tower,0,0,7,0,7,0,0,68,0,68,0,0,75,0,75,144,0,144,219
08/12/2022,RYN,AZ,AWP,CE,Federal Contract Tower,0,0,14,0,14,0,0,63,2,65,0,0,77,2,79,144,0,144,223
08/13/2022,RYN,AZ,AWP,CE,Federal Contract Tower,0,0,4,0,4,0,0,76,0,76,0,0,80,0,80,150,0,150,230
08/14/2022,RYN,AZ,AWP,CE,Federal Contract Tower,0,0,5,0,5,0,0,74,0,74,0,0,79,0,79,164,0,164,243
08/15/2022,RYN,AZ,AWP,CE,Federal Contract Tower,0,0,2,0,2,0,0,91,0,91,0,0,93,0,93,88,0,88,181
08/16/2022,RYN,AZ,AWP,CE,Federal Contract Tower,0,0,1,0,1,0,0,64,0,64,0,0,65,0,65,80,2,82,147
08/17/2022,RYN,AZ,AWP,CE,Federal Contract Tower,0,0,12,0,12,0,0,136,0,136,0,0,148,0,148,243,0,243,391
08/18/2022,RYN,AZ,AWP,CE,Federal Contract Tower,0,0,4,0,4,0,0,59,0,59,0,0,63,0,63,118,0,118,181
08/19/2022,RYN,AZ,AWP,CE,Federal Contract Tower,0,0,15,0,15,0,0,28,2,30,0,0,43,2,45,94,0,94,139
08/20/2022,RYN,AZ,AWP,CE,Federal Contract Tower,0,0,4,0,4,0,0,85,0,85,0,0,89,0,89,188,0,188,277
08/21/2022,RYN,AZ,AWP,CE,Federal Contract Tower,0,0,8,0,8,0,0,77,0,77,0,0,85,0,85,161,0,161,246
08/22/2022,RYN,AZ,AWP,CE,Federal Contract Tower,0,0,7,0,7,0,0,95,0,95,0,0,102,0,102,152,0,152,254
08/23/2022,RYN,AZ,AWP,CE,Federal Contract Tower,0,0,12,0,12,0,0,3,2,5,0,0,15,2,17,2,12,14,31
08/24/2022,RYN,AZ,AWP,CE,Federal Contract Tower,0,0,16,0,16,0,0,49,2,51,0,0,65,2,67,68,14,82,149
08/25/2022,RYN,AZ,AWP,CE,Federal Contract Tower,0,0,1,0,1,0,0,115,0,115,0,0,116,0,116,162,0,162,278
08/26/2022,RYN,AZ,AWP,CE,Federal Contract Tower,0,0,0,0,0,0,0,72,0,72,0,0,72,0,72,176,0,176,248
08/27/2022,RYN,AZ,AWP,CE,Federal Contract Tower,0,0,1,0,1,0,0,62,0,62,0,0,63,0,63,156,0,156,219
08/29/2022,RYN,AZ,AWP,CE,Federal Contract Tower,0,0,16,0,16,0,0,67,6,73,0,0,83,6,89,152,47,199,288
08/30/2022,RYN,AZ,AWP,CE,Federal Contract Tower,0,0,7,0,7,0,0,70,4,74,0,0,77,4,81,164,0,164,245
08/31/2022,RYN,AZ,AWP,CE,Federal Contract Tower,0,0,11,0,11,0,0,89,10,99,0,0,100,10,110,108,0,108,218
09/01/2022,RYN,AZ,AWP,CE,Federal Contract Tower,0,0,1,0,1,0,0,67,13,80,0,0,68,13,81,95,26,121,202
09/02/2022,RYN,AZ,AWP,CE,Federal Contract Tower,0,0,11,0,11,0,0,77,26,103,0,0,88,26,114,194,0,194,308
09/03/2022,RYN,AZ,AWP,CE,Federal Contract Tower,0,0,4,0,4,0,0,50,0,50,0,0,54,0,54,112,0,112,166
09/04/2022,RYN,AZ,AWP,CE,Federal Contract Tower,0,0,7,0,7,0,0,63,0,63,0,0,70,0,70,130,0,130,200
09/05/2022,RYN,AZ,AWP,CE,Federal Contract Tower,0,0,6,0,6,0,0,89,0,89,0,0,95,0,95,166,0,166,261
09/06/2022,RYN,AZ,AWP,CE,Federal Contract Tower,0,0,4,0,4,0,0,69,2,71,0,0,73,2,75,54,6,60,135
09/07/2022,RYN,AZ,AWP,CE,Federal Contract Tower,0,0,21,0,21,0,0,122,14,136,0,0,143,14,157,188,0,188,345
09/08/2022,RYN,AZ,AWP,CE,Federal Contract Tower,0,0,7,0,7,0,0,88,6,94,0,0,95,6,101,128,28,156,257
09/09/2022,RYN,AZ,AWP,CE,Federal Contract Tower,0,0,10,0,10,0,0,67,4,71,0,0,77,4,81,146,26,172,253
09/11/2022,RYN,AZ,AWP,CE,Federal Contract Tower,0,0,0,0,0,0,0,73,0,73,0,0,73,0,73,190,0,190,263
09/12/2022,RYN,AZ,AWP,CE,Federal Contract Tower,0,0,6,0,6,0,0,70,0,70,0,0,76,0,76,131,0,131,207
09/13/2022,RYN,AZ,AWP,CE,Federal Contract Tower,0,0,10,0,10,0,0,161,2,163,0,0,171,2,173,224,0,224,397
09/14/2022,RYN,AZ,AWP,CE,Federal Contract Tower,0,0,2,0,2,0,0,95,1,96,0,0,97,1,98,143,1,144,242
09/16/2022,RYN,AZ,AWP,CE,Federal Contract Tower,0,0,15,0,15,0,0,76,0,76,0,0,91,0,91,168,0,168,259
09/17/2022,RYN,AZ,AWP,CE,Federal Contract Tower,0,0,16,0,16,0,0,58,0,58,0,0,74,0,74,116,0,116,190
09/18/2022,RYN,AZ,AWP,CE,Federal Contract Tower,0,0,6,0,6,0,0,109,0,109,0,0,115,0,115,211,0,211,326
09/19/2022,RYN,AZ,AWP,CE,Federal Contract Tower,0,0,3,0,3,0,0,112,0,112,0,0,115,0,115,118,0,118,233
09/20/2022,RYN,AZ,AWP,CE,Federal Contract Tower,0,0,1,0,1,0,0,31,0,31,0,0,32,0,32,56,0,56,88
09/21/2022,RYN,AZ,AWP,CE,Federal Contract Tower,0,0,8,0,8,0,0,70,0,70,0,0,78,0,78,136,0,136,214
09/22/2022,RYN,AZ,AWP,CE,Federal Contract Tower,0,0,7,0,7,0,0,48,0,48,0,0,55,0,55,111,0,111,166
09/23/2022,RYN,AZ,AWP,CE,Federal Contract Tower,0,0,5,0,5,0,0,78,0,78,0,0,83,0,83,180,0,180,263
09/24/2022,RYN,AZ,AWP,CE,Federal Contract Tower,0,0,8,0,8,0,0,157,0,157,0,0,165,0,165,253,0,253,418
09/25/2022,RYN,AZ,AWP,CE,Federal Contract Tower,0,0,5,0,5,0,0,71,0,71,0,0,76,0,76,148,0,148,224
09/26/2022,RYN,AZ,AWP,CE,Federal Contract Tower,0,0,12,0,12,0,0,91,0,91,0,0,103,0,103,138,0,138,241
09/27/2022,RYN,AZ,AWP,CE,Federal Contract Tower,0,0,15,0,15,0,0,42,2,44,0,0,57,2,59,42,0,42,101
09/28/2022,RYN,AZ,AWP,CE,Federal Contract Tower,0,0,30,0,30,0,0,86,0,86,0,0,116,0,116,170,0,170,286
09/29/2022,RYN,AZ,AWP,CE,Federal Contract Tower,0,0,37,0,37,0,0,88,0,88,0,0,125,0,125,158,0,158,283
09/30/2022,RYN,AZ,AWP,CE,Federal Contract Tower,0,0,6,0,6,0,0,50,2,52,0,0,56,2,58,100,2,102,160
10/01/2022,RYN,AZ,AWP,CE,Federal Contract Tower,0,0,6,0,6,0,0,111,0,111,0,0,117,0,117,224,0,224,341
10/02/2022,RYN,AZ,AWP,CE,Federal Contract Tower,0,0,39,0,39,0,0,84,0,84,0,0,123,0,123,128,0,128,251
10/03/2022,RYN,AZ,AWP,CE,Federal Contract Tower,0,0,9,0,9,0,0,71,6,77,0,0,80,6,86,148,32,180,266
10/04/2022,RYN,AZ,AWP,CE,Federal Contract Tower,0,0,8,2,10,0,0,65,4,69,0,0,73,6,79,112,4,116,195
10/05/2022,RYN,AZ,AWP,CE,Federal Contract Tower,0,0,4,0,4,0,0,80,2,82,0,0,84,2,86,148,0,148,234
10/06/2022,RYN,AZ,AWP,CE,Federal Contract Tower,0,0,5,0,5,0,0,89,0,89,0,0,94,0,94,104,0,104,198
10/07/2022,RYN,AZ,AWP,CE,Federal Contract Tower,0,0,0,0,0,0,0,49,5,54,0,0,49,5,54,129,9,138,192
10/08/2022,RYN,AZ,AWP,CE,Federal Contract Tower,0,0,7,0,7,0,0,45,0,45,0,0,52,0,52,112,0,112,164
10/09/2022,RYN,AZ,AWP,CE,Federal Contract Tower,0,0,2,0,2,0,0,0,0,0,0,0,2,0,2,138,0,138,140
10/10/2022,RYN,AZ,AWP,CE,Federal Contract Tower,0,0,3,0,3,0,0,59,0,59,0,0,62,0,62,172,0,172,234
10/11/2022,RYN,AZ,AWP,CE,Federal Contract Tower,0,0,7,0,7,0,0,94,2,96,0,0,101,2,103,208,0,208,311
10/12/2022,RYN,AZ,AWP,CE,Federal Contract Tower,0,0,3,0,3,0,0,77,8,85,0,0,80,8,88,142,10,152,240
10/13/2022,RYN,AZ,AWP,CE,Federal Contract Tower,0,0,8,0,8,0,0,81,8,89,0,0,89,8,97,177,50,227,324
10/14/2022,RYN,AZ,AWP,CE,Federal Contract Tower,0,0,10,0,10,0,0,66,2,68,0,0,76,2,78,173,20,193,271
10/15/2022,RYN,AZ,AWP,CE,Federal Contract Tower,0,0,1,0,1,0,0,34,0,34,0,0,35,0,35,62,0,62,97
10/16/2022,RYN,AZ,AWP,CE,Federal Contract Tower,0,0,2,0,2,0,0,64,0,64,0,0,66,0,66,86,0,86,152
10/17/2022,RYN,AZ,AWP,CE,Federal Contract Tower,0,0,8,0,8,0,0,110,2,112,0,0,118,2,120,181,0,181,301
10/18/2022,RYN,AZ,AWP,CE,Federal Contract Tower,0,0,14,0,14,0,0,50,2,52,0,0,64,2,66,96,0,96,162
10/19/2022,RYN,AZ,AWP,CE,Federal Contract Tower,0,0,6,0,6,0,0,73,6,79,0,0,79,6,85,79,18,97,182
10/20/2022,RYN,AZ,AWP,CE,Federal Contract Tower,0,0,9,0,9,0,0,84,4,88,0,0,93,4,97,226,28,254,351
10/21/2022,RYN,AZ,AWP,CE,Federal Contract Tower,0,0,6,0,6,0,0,61,4,65,0,0,67,4,71,185,12,197,268
10/22/2022,RYN,AZ,AWP,CE,Federal Contract Tower,0,0,5,0,5,0,0,42,0,42,0,0,47,0,47,93,0,93,140
10/23/2022,RYN,AZ,AWP,CE,Federal Contract Tower,0,0,8,0,8,0,0,38,0,38,0,0,46,0,46,72,0,72,118
10/24/2022,RYN,AZ,AWP,CE,Federal Contract Tower,0,0,18,0,18,0,0,79,10,89,0,0,97,10,107,135,16,151,258
10/25/2022,RYN,AZ,AWP,CE,Federal Contract Tower,0,0,12,0,12,0,0,130,2,132,0,0,142,2,144,206,2,208,352
10/26/2022,RYN,AZ,AWP,CE,Federal Contract Tower,0,0,14,0,14,0,0,139,3,142,0,0,153,3,156,263,6,269,425
10/27/2022,RYN,AZ,AWP,CE,Federal Contract Tower,0,0,5,0,5,0,0,13,3,16,0,0,18,3,21,29,15,44,65
10/28/2022,RYN,AZ,AWP,CE,Federal Contract Tower,0,0,0,0,0,0,0,39,2,41,0,0,39,2,41,105,8,113,154
10/29/2022,RYN,AZ,AWP,CE,Federal Contract Tower,0,0,18,0,18,0,0,87,0,87,0,0,105,0,105,173,0,173,278
10/30/2022,RYN,AZ,AWP,CE,Federal Contract Tower,0,0,0,0,0,0,0,124,2,126,0,0,124,2,126,163,2,165,291
10/31/2022,RYN,AZ,AWP,CE,Federal Contract Tower,0,0,2,0,2,0,0,113,4,117,0,0,115,4,119,170,10,180,299
11/01/2022,RYN,AZ,AWP,CE,Federal Contract Tower,0,0,0,0,0,0,7,94,10,111,0,7,94,10,111,184,48,232,343
11/02/2022,RYN,AZ,AWP,CE,Federal Contract Tower,0,0,3,0,3,0,0,46,0,46,0,0,49,0,49,62,0,62,111
11/03/2022,RYN,AZ,AWP,CE,Federal Contract Tower,0,0,2,0,2,0,0,21,0,21,0,0,23,0,23,29,0,29,52
11/04/2022,RYN,AZ,AWP,CE,Federal Contract Tower,0,0,10,0,10,0,0,85,2,87,0,0,95,2,97,226,0,226,323
11/06/2022,RYN,AZ,AWP,CE,Federal Contract Tower,0,0,8,4,12,0,0,84,4,88,0,0,92,8,100,176,4,180,280
11/07/2022,RYN,AZ,AWP,CE,Federal Contract Tower,0,0,8,4,12,0,0,94,8,102,0,0,102,12,114,188,4,192,306
11/08/2022,RYN,AZ,AWP,CE,Federal Contract Tower,0,0,2,0,2,0,0,128,0,128,0,0,130,0,130,198,0,198,328
11/09/2022,RYN,AZ,AWP,CE,Federal Contract Tower,0,0,5,0,5,0,0,90,4,94,0,0,95,4,99,101,16,117,216
11/10/2022,RYN,AZ,AWP,CE,Federal Contract Tower,0,0,5,0,5,0,0,50,2,52,0,0,55,2,57,97,20,117,174
11/11/2022,RYN,AZ,AWP,CE,Federal Contract Tower,0,0,0,0,0,0,0,93,0,93,0,0,93,0,93,178,0,178,271
11/12/2022,RYN,AZ,AWP,CE,Federal Contract Tower,0,0,12,0,12,0,0,66,0,66,0,0,78,0,78,124,0,124,202
11/13/2022,RYN,AZ,AWP,CE,Federal Contract Tower,0,0,14,0,14,0,0,75,2,77,0,0,89,2,91,112,0,112,203
11/14/2022,RYN,AZ,AWP,CE,Federal Contract Tower,0,0,16,0,16,0,145,2,0,147,0,145,18,0,163,213,0,213,376
11/15/2022,RYN,AZ,AWP,CE,Federal Contract Tower,0,0,26,1,27,0,0,170,4,174,0,0,196,5,201,339,0,339,540
11/16/2022,RYN,AZ,AWP,CE,Federal Contract Tower,0,0,5,0,5,0,0,100,2,102,0,0,105,2,107,180,78,258,365
11/17/2022,RYN,AZ,AWP,CE,Federal Contract Tower,0,0,15,0,15,0,0,90,2,92,0,0,105,2,107,141,2,143,250
11/18/2022,RYN,AZ,AWP,CE,Federal Contract Tower,0,0,0,0,0,0,0,106,0,106,0,0,106,0,106,174,0,174,280
11/19/2022,RYN,AZ,AWP,CE,Federal Contract Tower,0,0,16,0,16,0,0,156,0,156,0,0,172,0,172,482,0,482,654
11/20/2022,RYN,AZ,AWP,CE,Federal Contract Tower,0,0,4,0,4,0,0,50,0,50,0,0,54,0,54,114,0,114,168
11/21/2022,RYN,AZ,AWP,CE,Federal Contract Tower,0,0,4,0,4,0,0,112,0,112,0,0,116,0,116,182,0,182,298
11/22/2022,RYN,AZ,AWP,CE,Federal Contract Tower,0,0,6,0,6,0,0,150,14,164,0,0,156,14,170,213,29,242,412
11/23/2022,RYN,AZ,AWP,CE,Federal Contract Tower,0,0,3,0,3,0,0,192,20,212,0,0,195,20,215,429,65,494,709
11/24/2022,RYN,AZ,AWP,CE,Federal Contract Tower,0,0,2,0,2,0,0,25,0,25,0,0,27,0,27,31,0,31,58
11/25/2022,RYN,AZ,AWP,CE,Federal Contract Tower,0,0,0,0,0,0,0,39,0,39,0,0,39,0,39,52,0,52,91
11/26/2022,RYN,AZ,AWP,CE,Federal Contract Tower,0,0,0,0,0,0,0,55,0,55,0,0,55,0,55,162,0,162,217
11/27/2022,RYN,AZ,AWP,CE,Federal Contract Tower,0,0,16,0,16,0,0,81,0,81,0,0,97,0,97,208,0,208,305
11/28/2022,RYN,AZ,AWP,CE,Federal Contract Tower,0,0,6,0,6,0,0,80,14,94,0,0,86,14,100,133,48,181,281
11/29/2022,RYN,AZ,AWP,CE,Federal Contract Tower,0,0,20,4,24,0,0,156,26,182,0,0,176,30,206,239,81,320,526
11/30/2022,RYN,AZ,AWP,CE,Federal Contract Tower,0,0,4,4,8,0,0,126,7,133,0,0,130,11,141,156,24,180,321
12/01/2022,RYN,AZ,AWP,CE,Federal Contract Tower,0,0,8,0,8,0,0,81,6,87,0,0,89,6,95,213,48,261,356
12/02/2022,RYN,AZ,AWP,CE,Federal Contract Tower,0,0,0,0,0,0,0,106,0,106,0,0,106,0,106,311,0,311,417
12/03/2022,RYN,AZ,AWP,CE,Federal Contract Tower,0,0,10,0,10,0,0,24,0,24,0,0,34,0,34,56,0,56,90
12/04/2022,RYN,AZ,AWP,CE,Federal Contract Tower,0,0,42,0,42,0,0,40,0,40,0,0,82,0,82,46,0,46,128
12/05/2022,RYN,AZ,AWP,CE,Federal Contract Tower,0,0,44,0,44,0,0,22,6,28,0,0,66,6,72,36,10,46,118
12/06/2022,RYN,AZ,AWP,CE,Federal Contract Tower,0,0,0,0,0,0,0,132,22,154,0,0,132,22,154,229,38,267,421
12/07/2022,RYN,AZ,AWP,CE,Federal Contract Tower,0,0,25,0,25,0,0,147,16,163,0,0,172,16,188,236,24,260,448
12/08/2022,RYN,AZ,AWP,CE,Federal Contract Tower,0,0,2,0,2,0,0,133,9,142,0,0,135,9,144,168,51,219,363
12/09/2022,RYN,AZ,AWP,CE,Federal Contract Tower,0,0,6,0,6,0,0,102,2,104,0,0,108,2,110,192,0,192,302
12/10/2022,RYN,AZ,AWP,CE,Federal Contract Tower,0,0,7,0,7,0,0,69,0,69,0,0,76,0,76,190,0,190,266
12/11/2022,RYN,AZ,AWP,CE,Federal Contract Tower,0,0,24,0,24,0,0,143,0,143,0,0,167,0,167,267,0,267,434
12/13/2022,RYN,AZ,AWP,CE,Federal Contract Tower,0,0,19,0,19,0,0,132,8,140,0,0,151,8,159,226,0,226,385
12/14/2022,RYN,AZ,AWP,CE,Federal Contract Tower,0,0,2,0,2,0,0,55,7,62,0,0,57,7,64,70,4,74,138
12/15/2022,RYN,AZ,AWP,CE,Federal Contract Tower,0,0,11,0,11,0,0,69,12,81,0,0,80,12,92,118,0,118,210
12/16/2022,RYN,AZ,AWP,CE,Federal Contract Tower,0,0,2,0,2,0,0,107,10,117,0,0,109,10,119,194,0,194,313
12/17/2022,RYN,AZ,AWP,CE,Federal Contract Tower,0,0,4,0,4,0,0,108,0,108,0,0,112,0,112,218,0,218,330
12/18/2022,RYN,AZ,AWP,CE,Federal Contract Tower,0,0,16,0,16,0,0,85,4,89,0,0,101,4,105,221,25,246,351
12/19/2022,RYN,AZ,AWP,CE,Federal Contract Tower,0,0,8,0,8,0,0,127,4,131,0,0,135,4,139,316,4,320,459
12/20/2022,RYN,AZ,AWP,CE,Federal Contract Tower,0,0,9,0,9,0,0,131,0,131,0,0,140,0,140,361,0,361,501
12/21/2022,RYN,AZ,AWP,CE,Federal Contract Tower,0,0,10,0,10,0,0,117,4,121,0,0,127,4,131,188,0,188,319
12/22/2022,RYN,AZ,AWP,CE,Federal Contract Tower,0,0,2,0,2,0,0,113,0,113,0,0,115,0,115,203,0,203,318
12/23/2022,RYN,AZ,AWP,CE,Federal Contract Tower,0,0,5,0,5,0,0,81,0,81,0,0,86,0,86,153,0,153,239
12/24/2022,RYN,AZ,AWP,CE,Federal Contract Tower,0,0,0,0,0,0,0,50,0,50,0,0,50,0,50,60,30,90,140
12/25/2022,RYN,AZ,AWP,CE,Federal Contract Tower,0,0,0,0,0,0,0,19,0,19,0,0,19,0,19,16,0,16,35
12/26/2022,RYN,AZ,AWP,CE,Federal Contract Tower,0,0,3,0,3,0,0,139,0,139,0,0,142,0,142,230,0,230,372
12/27/2022,RYN,AZ,AWP,CE,Federal Contract Tower,0,0,11,0,11,0,0,89,0,89,0,0,100,0,100,151,0,151,251
12/28/2022,RYN,AZ,AWP,CE,Federal Contract Tower,0,0,1,0,1,0,0,2,0,2,0,0,3,0,3,0,0,0,3
12/29/2022,RYN,AZ,AWP,CE,Federal Contract Tower,0,0,2,0,2,0,0,52,0,52,0,0,54,0,54,80,0,80,134
12/30/2022,RYN,AZ,AWP,CE,Federal Contract Tower,0,0,18,0,18,0,0,70,0,70,0,0,88,0,88,138,0,138,226
12/31/2022,RYN,AZ,AWP,CE,Federal Contract Tower,0,0,8,0,8,0,0,74,0,74,0,0,82,0,82,132,0,132,214
01/01/2023,RYN,AZ,AWP,CE,Federal Contract Tower,0,0,0,0,0,0,0,2,0,2,0,0,2,0,2,0,2,2,4
01/02/2023,RYN,AZ,AWP,CE,Federal Contract Tower,0,0,24,0,24,0,0,71,4,75,0,0,95,4,99,173,22,195,294
01/03/2023,RYN,AZ,AWP,CE,Federal Contract Tower,0,0,2,0,2,0,0,68,8,76,0,0,70,8,78,217,26,243,321
01/04/2023,RYN,AZ,AWP,CE,Federal Contract Tower,0,2,25,0,27,0,0,146,7,153,0,2,171,7,180,224,56,280,460
01/05/2023,RYN,AZ,AWP,CE,Federal Contract Tower,0,0,14,0,14,0,0,102,5,107,0,0,116,5,121,184,26,210,331
01/06/2023,RYN,AZ,AWP,CE,Federal Contract Tower,0,0,25,0,25,0,0,126,3,129,0,0,151,3,154,144,16,160,314
01/07/2023,RYN,AZ,AWP,CE,Federal Contract Tower,0,0,1,0,1,0,0,178,0,178,0,0,179,0,179,150,0,150,329
01/08/2023,RYN,AZ,AWP,CE,Federal Contract Tower,0,0,23,3,26,0,0,187,6,193,0,0,210,9,219,286,6,292,511
01/09/2023,RYN,AZ,AWP,CE,Federal Contract Tower,0,0,23,0,23,0,0,158,0,158,0,0,181,0,181,204,0,204,385
01/10/2023,RYN,AZ,AWP,CE,Federal Contract Tower,0,0,35,6,41,0,0,157,20,177,0,0,192,26,218,249,24,273,491
01/11/2023,RYN,AZ,AWP,CE,Federal Contract Tower,0,0,18,0,18,0,0,126,0,126,0,0,144,0,144,187,0,187,331
01/12/2023,RYN,AZ,AWP,CE,Federal Contract Tower,0,0,8,0,8,0,0,116,1,117,0,0,124,1,125,148,18,166,291
01/13/2023,RYN,AZ,AWP,CE,Federal Contract Tower,0,0,8,0,8,0,0,117,0,117,0,0,125,0,125,208,0,208,333
01/15/2023,RYN,AZ,AWP,CE,Federal Contract Tower,0,0,2,0,2,0,0,10,0,10,0,0,12,0,12,20,0,20,32
01/16/2023,RYN,AZ,AWP,CE,Federal Contract Tower,0,0,2,0,2,0,0,2,12,14,0,0,4,12,16,20,0,20,36
01/17/2023,RYN,AZ,AWP,CE,Federal Contract Tower,0,0,23,0,23,0,0,75,0,75,0,0,98,0,98,106,0,106,204
01/18/2023,RYN,AZ,AWP,CE,Federal Contract Tower,0,0,7,0,7,0,0,142,5,147,0,0,149,5,154,177,12,189,343
01/19/2023,RYN,AZ,AWP,CE,Federal Contract Tower,0,0,9,0,9,0,0,103,11,114,0,0,112,11,123,180,19,199,322
01/20/2023,RYN,AZ,AWP,CE,Federal Contract Tower,0,0,12,0,12,0,0,134,2,136,0,0,146,2,148,156,4,160,308
01/21/2023,RYN,AZ,AWP,CE,Federal Contract Tower,0,0,6,0,6,0,0,156,0,156,0,0,162,0,162,260,0,260,422
01/22/2023,RYN,AZ,AWP,CE,Federal Contract Tower,0,0,20,0,20,0,0,98,0,98,0,0,118,0,118,215,0,215,333
01/23/2023,RYN,AZ,AWP,CE,Federal Contract Tower,0,0,8,0,8,0,0,76,0,76,0,0,84,0,84,114,8,122,206
01/24/2023,RYN,AZ,AWP,CE,Federal Contract Tower,0,0,10,0,10,0,0,96,4,100,0,0,106,4,110,178,18,196,306
01/25/2023,RYN,AZ,AWP,CE,Federal Contract Tower,0,0,22,0,22,0,0,138,5,143,0,0,160,5,165,145,7,152,317
01/26/2023,RYN,AZ,AWP,CE,Federal Contract Tower,0,0,9,0,9,0,0,43,6,49,0,0,52,6,58,114,15,129,187
01/27/2023,RYN,AZ,AWP,CE,Federal Contract Tower,0,0,4,0,4,0,0,106,0,106,0,0,110,0,110,150,0,150,260
01/28/2023,RYN,AZ,AWP,CE,Federal Contract Tower,0,0,9,0,9,0,0,115,0,115,0,0,124,0,124,224,0,224,348
01/29/2023,RYN,AZ,AWP,CE,Federal Contract Tower,0,0,17,0,17,0,0,99,0,99,0,0,116,0,116,165,0,165,281
01/30/2023,RYN,AZ,AWP,CE,Federal Contract Tower,0,0,4,0,4,0,0,107,11,118,0,0,111,11,122,153,4,157,279
01/31/2023,RYN,AZ,AWP,CE,Federal Contract Tower,0,0,8,0,8,0,0,121,13,134,0,0,129,13,142,327,62,389,531
02/01/2023,RYN,AZ,AWP,CE,Federal Contract Tower,0,0,23,0,23,0,0,159,2,161,0,0,182,2,184,290,0,290,474
02/02/2023,RYN,AZ,AWP,CE,Federal Contract Tower,0,0,5,0,5,0,0,146,12,158,0,0,151,12,163,188,19,207,370
02/03/2023,RYN,AZ,AWP,CE,Federal Contract Tower,0,0,9,0,9,0,0,51,4,55,0,0,60,4,64,60,12,72,136
02/04/2023,RYN,AZ,AWP,CE,Federal Contract Tower,0,0,9,0,9,0,0,128,0,128,0,0,137,0,137,296,0,296,433
02/05/2023,RYN,AZ,AWP,CE,Federal Contract Tower,0,0,18,0,18,0,0,168,0,168,0,0,186,0,186,323,0,323,509
02/06/2023,RYN,AZ,AWP,CE,Federal Contract Tower,0,0,8,0,8,0,0,103,0,103,0,0,111,0,111,138,0,138,249
02/07/2023,RYN,AZ,AWP,CE,Federal Contract Tower,0,0,1,0,1,0,0,97,2,99,0,0,98,2,100,198,12,210,310
02/08/2023,RYN,AZ,AWP,CE,Federal Contract Tower,0,0,9,0,9,0,0,135,12,147,0,0,144,12,156,232,43,275,431
02/09/2023,RYN,AZ,AWP,CE,Federal Contract Tower,0,0,3,0,3,0,0,80,0,80,0,0,83,0,83,124,0,124,207
02/10/2023,RYN,AZ,AWP,CE,Federal Contract Tower,0,0,1,0,1,0,0,14,0,14,0,0,15,0,15,0,0,0,15
02/11/2023,RYN,AZ,AWP,CE,Federal Contract Tower,0,0,1,0,1,0,0,17,0,17,0,0,18,0,18,9,0,9,27
02/12/2023,RYN,AZ,AWP,CE,Federal Contract Tower,0,0,4,0,4,0,0,52,0,52,0,0,56,0,56,68,0,68,124
02/13/2023,RYN,AZ,AWP,CE,Federal Contract Tower,0,0,1,0,1,0,0,20,0,20,0,0,21,0,21,28,0,28,49
02/14/2023,RYN,AZ,AWP,CE,Federal Contract Tower,0,0,1,0,1,0,0,18,10,28,0,0,19,10,29,20,22,42,71
02/15/2023,RYN,AZ,AWP,CE,Federal Contract Tower,0,0,9,0,9,0,0,105,0,105,0,0,114,0,114,198,0,198,312
02/16/2023,RYN,AZ,AWP,CE,Federal Contract Tower,0,0,9,0,9,0,0,114,10,124,0,0,123,10,133,164,13,177,310
02/17/2023,RYN,AZ,AWP,CE,Federal Contract Tower,0,0,2,0,2,0,0,7,2,9,0,0,9,2,11,9,2,11,22
02/18/2023,RYN,AZ,AWP,CE,Federal Contract Tower,0,0,11,0,11,0,0,109,0,109,0,0,120,0,120,144,0,144,264
02/19/2023,RYN,AZ,AWP,CE,Federal Contract Tower,0,0,14,0,14,0,0,86,2,88,0,0,100,2,102,149,2,151,253
02/20/2023,RYN,AZ,AWP,CE,Federal Contract Tower,0,0,5,0,5,0,0,127,0,127,0,0,132,0,132,220,0,220,352
02/21/2023,RYN,AZ,AWP,CE,Federal Contract Tower,0,0,3,2,5,0,0,69,4,73,0,0,72,6,78,78,26,104,182
02/22/2023,RYN,AZ,AWP,CE,Federal Contract Tower,0,0,0,0,0,0,0,2,2,4,0,0,2,2,4,0,7,7,11
02/23/2023,RYN,AZ,AWP,CE,Federal Contract Tower,0,0,2,0,2,0,0,47,12,59,0,0,49,12,61,58,20,78,139
02/24/2023,RYN,AZ,AWP,CE,Federal Contract Tower,0,0,2,0,2,0,0,127,6,133,0,0,129,6,135,299,6,305,440
02/25/2023,RYN,AZ,AWP,CE,Federal Contract Tower,0,0,2,0,2,0,0,116,0,116,0,0,118,0,118,102,0,102,220
02/27/2023,RYN,AZ,AWP,CE,Federal Contract Tower,0,0,18,0,18,0,0,181,12,193,0,0,199,12,211,264,46,310,521
02/28/2023,RYN,AZ,AWP,CE,Federal Contract Tower,0,0,30,0,30,0,0,187,6,193,0,0,217,6,223,382,20,402,625
03/01/2023,RYN,AZ,AWP,CE,Federal Contract Tower,0,0,20,0,20,0,0,63,8,71,0,0,83,8,91,78,0,78,169
03/02/2023,RYN,AZ,AWP,CE,Federal Contract Tower,0,0,0,0,0,0,0,25,1,26,0,0,25,1,26,89,1,90,116
03/03/2023,RYN,AZ,AWP,CE,Federal Contract Tower,0,0,23,0,23,0,0,189,0,189,0,0,212,0,212,264,0,264,476
03/04/2023,RYN,AZ,AWP,CE,Federal Contract Tower,0,0,6,0,6,0,0,67,0,67,0,0,73,0,73,278,0,278,351
03/05/2023,RYN,AZ,AWP,CE,Federal Contract Tower,0,0,34,0,34,0,0,135,0,135,0,0,169,0,169,253,0,253,422
03/06/2023,RYN,AZ,AWP,CE,Federal Contract Tower,0,0,4,0,4,0,0,0,0,0,0,0,4,0,4,154,1,155,159
03/07/2023,RYN,AZ,AWP,CE,Federal Contract Tower,0,0,6,0,6,0,0,112,2,114,0,0,118,2,120,245,4,249,369
03/08/2023,RYN,AZ,AWP,CE,Federal Contract Tower,0,0,7,0,7,0,0,107,0,107,0,0,114,0,114,217,0,217,331
03/09/2023,RYN,AZ,AWP,CE,Federal Contract Tower,0,0,10,0,10,0,0,103,0,103,0,0,113,0,113,183,0,183,296
03/10/2023,RYN,AZ,AWP,CE,Federal Contract Tower,0,0,5,0,5,0,0,144,2,146,0,0,149,2,151,187,0,187,338
03/11/2023,RYN,AZ,AWP,CE,Federal Contract Tower,0,0,9,0,9,0,0,61,0,61,0,0,70,0,70,129,0,129,199
03/12/2023,RYN,AZ,AWP,CE,Federal Contract Tower,0,0,16,0,16,0,0,104,0,104,0,0,120,0,120,217,0,217,337
03/13/2023,RYN,AZ,AWP,CE,Federal Contract Tower,0,0,11,0,11,0,0,149,0,149,0,0,160,0,160,230,0,230,390
03/14/2023,RYN,AZ,AWP,CE,Federal Contract Tower,0,0,11,0,11,0,0,160,0,160,0,0,171,0,171,338,0,338,509
03/15/2023,RYN,AZ,AWP,CE,Federal Contract Tower,0,0,15,0,15,0,0,68,3,71,0,0,83,3,86,103,2,105,191
03/16/2023,RYN,AZ,AWP,CE,Federal Contract Tower,0,0,6,0,6,0,0,51,0,51,0,0,57,0,57,101,0,101,158
03/17/2023,RYN,AZ,AWP,CE,Federal Contract Tower,0,0,9,0,9,0,0,71,0,71,0,0,80,0,80,120,0,120,200
03/18/2023,RYN,AZ,AWP,CE,Federal Contract Tower,0,0,4,0,4,0,0,85,0,85,0,0,89,0,89,248,0,248,337
03/19/2023,RYN,AZ,AWP,CE,Federal Contract Tower,0,0,12,0,12,0,0,36,0,36,0,0,48,0,48,81,0,81,129
03/20/2023,RYN,AZ,AWP,CE,Federal Contract Tower,0,0,10,0,10,0,0,102,1,103,0,0,112,1,113,170,0,170,283
03/21/2023,RYN,AZ,AWP,CE,Federal Contract Tower,0,0,3,1,4,0,0,2,11,13,0,0,5,12,17,0,68,68,85
03/22/2023,RYN,AZ,AWP,CE,Federal Contract Tower,0,0,4,0,4,0,0,6,2,8,0,0,10,2,12,22,8,30,42
03/23/2023,RYN,AZ,AWP,CE,Federal Contract Tower,0,0,10,0,10,0,0,154,0,154,0,0,164,0,164,228,0,228,392
03/24/2023,RYN,AZ,AWP,CE,Federal Contract Tower,0,0,12,0,12,0,0,121,0,121,0,0,133,0,133,158,0,158,291
03/25/2023,RYN,AZ,AWP,CE,Federal Contract Tower,0,0,14,0,14,0,0,129,0,129,0,0,143,0,143,292,0,292,435
03/26/2023,RYN,AZ,AWP,CE,Federal Contract Tower,0,0,7,0,7,0,0,84,0,84,0,0,91,0,91,194,0,194,285
03/27/2023,RYN,AZ,AWP,CE,Federal Contract Tower,0,0,27,0,27,0,0,171,6,177,0,0,198,6,204,391,36,427,631
03/28/2023,RYN,AZ,AWP,CE,Federal Contract Tower,0,0,3,0,3,0,0,123,4,127,0,0,126,4,130,191,3,194,324
03/29/2023,RYN,AZ,AWP,CE,Federal Contract Tower,0,0,3,0,3,0,0,76,0,76,0,0,79,0,79,166,0,166,245
03/31/2023,RYN,AZ,AWP,CE,Federal Contract Tower,0,0,10,0,10,0,0,201,2,203,0,0,211,2,213,228,0,228,441
04/01/2023,RYN,AZ,AWP,CE,Federal Contract Tower,0,0,4,0,4,0,0,160,0,160,0,0,164,0,164,105,0,105,269
04/02/2023,RYN,AZ,AWP,CE,Federal Contract Tower,0,0,13,0,13,0,0,133,0,133,0,0,146,0,146,209,0,209,355
04/03/2023,RYN,AZ,AWP,CE,Federal Contract Tower,0,0,0,0,0,0,0,98,0,98,0,0,98,0,98,130,0,130,228
04/04/2023,RYN,AZ,AWP,CE,Federal Contract Tower,0,0,9,0,9,0,0,56,4,60,0,0,65,4,69,116,50,166,235
04/05/2023,RYN,AZ,AWP,CE,Federal Contract Tower,0,0,16,0,16,0,0,158,6,164,0,0,174,6,180,170,0,170,350
04/06/2023,RYN,AZ,AWP,CE,Federal Contract Tower,0,0,8,0,8,0,0,96,2,98,0,0,104,2,106,148,12,160,266
04/07/2023,RYN,AZ,AWP,CE,Federal Contract Tower,0,0,4,0,4,0,0,100,2,102,0,0,104,2,106,192,26,218,324
04/08/2023,RYN,AZ,AWP,CE,Federal Contract Tower,0,0,5,0,5,0,0,108,0,108,0,0,113,0,113,142,0,142,255
04/09/2023,RYN,AZ,AWP,CE,Federal Contract Tower,0,0,2,0,2,0,0,45,0,45,0,0,47,0,47,47,0,47,94
04/10/2023,RYN,AZ,AWP,CE,Federal Contract Tower,0,0,3,0,3,0,0,106,6,112,0,0,109,6,115,236,0,236,351
04/11/2023,RYN,AZ,AWP,CE,Federal Contract Tower,0,0,17,0,17,0,0,72,2,74,0,0,89,2,91,204,10,214,305
04/12/2023,RYN,AZ,AWP,CE,Federal Contract Tower,0,0,7,0,7,0,0,87,0,87,0,0,94,0,94,174,0,174,268
04/14/2023,RYN,AZ,AWP,CE,Federal Contract Tower,0,0,11,0,11,0,0,104,1,105,0,0,115,1,116,187,5,192,308
04/15/2023,RYN,AZ,AWP,CE,Federal Contract Tower,0,0,2,0,2,0,0,79,0,79,0,0,81,0,81,204,0,204,285
04/16/2023,RYN,AZ,AWP,CE,Federal Contract Tower,0,0,12,0,12,0,0,83,0,83,0,0,95,0,95,289,0,289,384
04/17/2023,RYN,AZ,AWP,CE,Federal Contract Tower,0,0,9,0,9,0,0,84,4,88,0,0,93,4,97,138,10,148,245
04/18/2023,RYN,AZ,AWP,CE,Federal Contract Tower,0,0,7,0,7,0,0,100,8,108,0,0,107,8,115,274,36,310,425
04/19/2023,RYN,AZ,AWP,CE,Federal Contract Tower,0,0,12,0,12,0,0,92,2,94,0,0,104,2,106,214,2,216,322
04/20/2023,RYN,AZ,AWP,CE,Federal Contract Tower,0,0,11,1,12,0,0,125,4,129,0,0,136,5,141,144,0,144,285
04/21/2023,RYN,AZ,AWP,CE,Federal Contract Tower,0,0,8,0,8,0,0,88,0,88,0,0,96,0,96,154,0,154,250
04/22/2023,RYN,AZ,AWP,CE,Federal Contract Tower,0,0,0,0,0,0,0,0,0,0,0,0,0,0,0,100,0,100,100
04/23/2023,RYN,AZ,AWP,CE,Federal Contract Tower,0,0,3,0,3,0,0,79,0,79,0,0,82,0,82,93,0,93,175
04/24/2023,RYN,AZ,AWP,CE,Federal Contract Tower,0,0,13,0,13,0,0,75,1,76,0,0,88,1,89,191,1,192,281
04/25/2023,RYN,AZ,AWP,CE,Federal Contract Tower,0,0,8,0,8,0,0,91,7,98,0,0,99,7,106,250,37,287,393
04/26/2023,RYN,AZ,AWP,CE,Federal Contract Tower,0,0,3,0,3,0,0,125,10,135,0,0,128,10,138,292,0,292,430
04/27/2023,RYN,AZ,AWP,CE,Federal Contract Tower,0,0,9,0,9,0,0,80,2,82,0,0,89,2,91,127,18,145,236
04/28/2023,RYN,AZ,AWP,CE,Federal Contract Tower,0,0,8,0,8,0,0,200,0,200,0,0,208,0,208,202,0,202,410
04/29/2023,RYN,AZ,AWP,CE,Federal Contract Tower,0,0,13,0,13,0,0,155,0,155,0,0,168,0,168,120,0,120,288
04/30/2023,RYN,AZ,AWP,CE,Federal Contract Tower,0,0,0,0,0,0,0,135,0,135,0,0,135,0,135,207,0,207,342
05/01/2023,RYN,AZ,AWP,CE,Federal Contract Tower,0,0,2,0,2,0,0,38,0,38,0,0,40,0,40,82,0,82,122
05/02/2023,RYN,AZ,AWP,CE,Federal Contract Tower,0,0,5,0,5,0,0,118,7,125,0,0,123,7,130,220,1,221,351
05/03/2023,RYN,AZ,AWP,CE,Federal Contract Tower,0,0,4,0,4,0,0,92,0,92,0,0,96,0,96,122,0,122,218
05/04/2023,RYN,AZ,AWP,CE,Federal Contract Tower,0,0,1,0,1,0,0,83,0,83,0,0,84,0,84,139,0,139,223
05/05/2023,RYN,AZ,AWP,CE,Federal Contract Tower,0,0,5,0,5,0,0,118,0,118,0,0,123,0,123,186,0,186,309
05/06/2023,RYN,AZ,AWP,CE,Federal Contract Tower,0,0,3,0,3,0,0,159,0,159,0,0,162,0,162,229,0,229,391
05/07/2023,RYN,AZ,AWP,CE,Federal Contract Tower,0,0,8,0,8,0,0,74,0,74,0,0,82,0,82,109,0,109,191
05/08/2023,RYN,AZ,AWP,CE,Federal Contract Tower,0,0,3,0,3,0,0,106,9,115,0,0,109,9,118,213,60,273,391
05/09/2023,RYN,AZ,AWP,CE,Federal Contract Tower,0,0,1,0,1,0,0,71,10,81,0,0,72,10,82,270,69,339,421
05/10/2023,RYN,AZ,AWP,CE,Federal Contract Tower,0,0,6,0,6,0,0,92,0,92,0,0,98,0,98,190,0,190,288
05/11/2023,RYN,AZ,AWP,CE,Federal Contract Tower,0,0,11,0,11,0,0,92,5,97,0,0,103,5,108,158,6,164,272
05/12/2023,RYN,AZ,AWP,CE,Federal Contract Tower,0,0,6,0,6,0,0,168,0,168,0,0,174,0,174,389,0,389,563
05/13/2023,RYN,AZ,AWP,CE,Federal Contract Tower,0,0,8,0,8,0,0,305,0,305,0,0,313,0,313,139,0,139,452
05/14/2023,RYN,AZ,AWP,CE,Federal Contract Tower,0,0,3,0,3,0,0,8,0,8,0,0,11,0,11,9,0,9,20
05/15/2023,RYN,AZ,AWP,CE,Federal Contract Tower,0,0,4,0,4,0,0,16,0,16,0,0,20,0,20,44,0,44,64
05/16/2023,RYN,AZ,AWP,CE,Federal Contract Tower,0,0,2,0,2,0,0,74,8,82,0,0,76,8,84,186,24,210,294
05/17/2023,RYN,AZ,AWP,CE,Federal Contract Tower,0,0,9,0,9,0,0,186,4,190,0,0,195,4,199,362,34,396,595
05/18/2023,RYN,AZ,AWP,CE,Federal Contract Tower,0,0,7,0,7,0,0,63,2,65,0,0,70,2,72,129,23,152,224
05/19/2023,RYN,AZ,AWP,CE,Federal Contract Tower,0,0,6,0,6,0,0,128,0,128,0,0,134,0,134,278,0,278,412
05/20/2023,RYN,AZ,AWP,CE,Federal Contract Tower,0,0,5,0,5,0,0,124,0,124,0,0,129,0,129,417,0,417,546
05/21/2023,RYN,AZ,AWP,CE,Federal Contract Tower,0,0,6,0,6,0,0,117,6,123,0,0,123,6,129,200,36,236,365
05/22/2023,RYN,AZ,AWP,CE,Federal Contract Tower,0,0,15,0,15,0,0,158,0,158,0,0,173,0,173,325,0,325,498
05/23/2023,RYN,AZ,AWP,CE,Federal Contract Tower,0,0,4,0,4,0,0,120,12,132,0,0,124,12,136,156,0,156,292
05/24/2023,RYN,AZ,AWP,CE,Federal Contract Tower,0,0,18,0,18,0,0,105,8,113,0,0,123,8,131,143,38,181,312
05/25/2023,RYN,AZ,AWP,CE,Federal Contract Tower,0,0,12,0,12,0,0,109,0,109,0,0,121,0,121,259,0,259,380
05/27/2023,RYN,AZ,AWP,CE,Federal Contract Tower,0,0,5,0,5,0,0,75,0,75,0,0,80,0,80,166,0,166,246
05/28/2023,RYN,AZ,AWP,CE,Federal Contract Tower,0,0,8,0,8,0,0,70,0,70,0,0,78,0,78,142,0,142,220
05/29/2023,RYN,AZ,AWP,CE,Federal Contract Tower,0,0,8,0,8,0,0,87,0,87,0,0,95,0,95,237,0,237,332
05/30/2023,RYN,AZ,AWP,CE,Federal Contract Tower,0,0,7,0,7,0,0,90,6,96,0,0,97,6,103,220,35,255,358
05/31/2023,RYN,AZ,AWP,CE,Federal Contract Tower,0,0,8,0,8,0,0,98,2,100,0,0,106,2,108,167,0,167,275
06/01/2023,RYN,AZ,AWP,CE,Federal Contract Tower,0,0,3,0,3,0,0,100,0,100,0,0,103,0,103,169,0,169,272
06/02/2023,RYN,AZ,AWP,CE,Federal Contract Tower,0,0,10,0,10,0,0,104,0,104,0,0,114,0,114,230,0,230,344
06/03/2023,RYN,AZ,AWP,CE,Federal Contract Tower,0,0,8,0,8,0,0,98,2,100,0,0,106,2,108,192,0,192,300
06/04/2023,RYN,AZ,AWP,CE,Federal Contract Tower,0,0,20,0,20,0,0,89,0,89,0,0,109,0,109,159,0,159,268
06/05/2023,RYN,AZ,AWP,CE,Federal Contract Tower,0,0,38,0,38,0,0,77,4,81,0,0,115,4,119,244,33,277,396
06/06/2023,RYN,AZ,AWP,CE,Federal Contract Tower,0,0,7,0,7,0,0,96,8,104,0,0,103,8,111,232,24,256,367
06/07/2023,RYN,AZ,AWP,CE,Federal Contract Tower,0,0,6,0,6,0,0,124,9,133,0,0,130,9,139,284,49,333,472
06/08/2023,RYN,AZ,AWP,CE,Federal Contract Tower,0,0,10,0,10,0,0,70,4,74,0,0,80,4,84,278,28,306,390
06/09/2023,RYN,AZ,AWP,CE,Federal Contract Tower,0,0,11,0,11,0,0,104,2,106,0,0,115,2,117,260,18,278,395
06/10/2023,RYN,AZ,AWP,CE,Federal Contract Tower,0,0,5,0,5,0,0,89,0,89,0,0,94,0,94,176,0,176,270
06/11/2023,RYN,AZ,AWP,CE,Federal Contract Tower,0,0,0,0,0,0,0,43,4,47,0,0,43,4,47,101,4,105,152
06/13/2023,RYN,AZ,AWP,CE,Federal Contract Tower,0,0,8,0,8,0,0,105,2,107,0,0,113,2,115,312,6,318,433
06/14/2023,RYN,AZ,AWP,CE,Federal Contract Tower,0,0,4,0,4,0,0,109,0,109,0,0,113,0,113,296,0,296,409
06/16/2023,RYN,AZ,AWP,CE,Federal Contract Tower,0,0,13,0,13,0,0,103,0,103,0,0,116,0,116,202,0,202,318
06/17/2023,RYN,AZ,AWP,CE,Federal Contract Tower,0,0,6,0,6,0,0,188,0,188,0,0,194,0,194,264,0,264,458
06/18/2023,RYN,AZ,AWP,CE,Federal Contract Tower,0,0,0,0,0,0,0,61,2,63,0,0,61,2,63,208,2,210,273
06/19/2023,RYN,AZ,AWP,CE,Federal Contract Tower,0,0,3,0,3,0,0,63,0,63,0,0,66,0,66,246,0,246,312
06/20/2023,RYN,AZ,AWP,CE,Federal Contract Tower,0,0,7,0,7,0,0,77,6,83,0,0,84,6,90,284,40,324,414
06/21/2023,RYN,AZ,AWP,CE,Federal Contract Tower,0,0,5,0,5,0,0,98,5,103,0,0,103,5,108,304,52,356,464
06/22/2023,RYN,AZ,AWP,CE,Federal Contract Tower,0,0,8,0,8,0,0,120,8,128,0,0,128,8,136,266,18,284,420
06/23/2023,RYN,AZ,AWP,CE,Federal Contract Tower,0,0,16,0,16,0,0,82,0,82,0,0,98,0,98,331,0,331,429
06/24/2023,RYN,AZ,AWP,CE,Federal Contract Tower,0,0,3,0,3,0,0,136,0,136,0,0,139,0,139,392,0,392,531
06/25/2023,RYN,AZ,AWP,CE,Federal Contract Tower,0,0,0,0,0,0,0,56,0,56,0,0,56,0,56,133,0,133,189
06/26/2023,RYN,AZ,AWP,CE,Federal Contract Tower,0,0,4,0,4,0,0,92,4,96,0,0,96,4,100,189,20,209,309
06/27/2023,RYN,AZ,AWP,CE,Federal Contract Tower,0,0,8,0,8,0,0,71,23,94,0,0,79,23,102,157,70,227,329
06/28/2023,RYN,AZ,AWP,CE,Federal Contract Tower,0,0,5,0,5,0,0,96,9,105,0,0,101,9,110,325,22,347,457
06/29/2023,RYN,AZ,AWP,CE,Federal Contract Tower,0,0,13,0,13,0,0,82,2,84,0,0,95,2,97,210,0,210,307
06/30/2023,RYN,AZ,AWP,CE,Federal Contract Tower,0,0,3,0,3,0,0,165,0,165,0,0,168,0,168,316,0,316,484
07/01/2023,RYN,AZ,AWP,CE,Federal Contract Tower,0,0,2,0,2,0,0,166,0,166,0,0,168,0,168,302,0,302,470
07/02/2023,RYN,AZ,AWP,CE,Federal Contract Tower,0,0,10,0,10,0,0,53,0,53,0,0,63,0,63,0,184,184,247
07/03/2023,RYN,AZ,AWP,CE,Federal Contract Tower,0,0,4,0,4,0,0,56,0,56,0,0,60,0,60,242,0,242,302
07/04/2023,RYN,AZ,AWP,CE,Federal Contract Tower,0,0,7,0,7,0,0,74,0,74,0,0,81,0,81,262,0,262,343
07/05/2023,RYN,AZ,AWP,CE,Federal Contract Tower,0,0,6,0,6,0,0,66,4,70,0,0,72,4,76,262,6,268,344
07/06/2023,RYN,AZ,AWP,CE,Federal Contract Tower,0,0,2,0,2,0,0,110,0,110,0,0,112,0,112,165,0,165,277
07/07/2023,RYN,AZ,AWP,CE,Federal Contract Tower,0,0,4,0,4,0,0,100,2,102,0,0,104,2,106,154,28,182,288
07/08/2023,RYN,AZ,AWP,CE,Federal Contract Tower,0,0,10,0,10,0,0,89,0,89,0,0,99,0,99,150,0,150,249
07/09/2023,RYN,AZ,AWP,CE,Federal Contract Tower,0,0,1,0,1,0,0,47,0,47,0,0,48,0,48,66,0,66,114
07/10/2023,RYN,AZ,AWP,CE,Federal Contract Tower,0,0,2,0,2,0,0,75,2,77,0,0,77,2,79,198,16,214,293
07/11/2023,RYN,AZ,AWP,CE,Federal Contract Tower,0,0,2,0,2,0,0,102,2,104,0,0,104,2,106,262,30,292,398
07/12/2023,RYN,AZ,AWP,CE,Federal Contract Tower,0,0,5,0,5,0,0,96,2,98,0,0,101,2,103,222,6,228,331
07/13/2023,RYN,AZ,AWP,CE,Federal Contract Tower,0,0,3,0,3,0,0,75,5,80,0,0,78,5,83,102,40,142,225
07/14/2023,RYN,AZ,AWP,CE,Federal Contract Tower,0,0,1,0,1,0,0,100,5,105,0,0,101,5,106,214,9,223,329
07/15/2023,RYN,AZ,AWP,CE,Federal Contract Tower,0,0,2,0,2,0,0,131,0,131,0,0,133,0,133,162,0,162,295
07/16/2023,RYN,AZ,AWP,CE,Federal Contract Tower,0,0,1,0,1,0,0,105,0,105,0,0,106,0,106,66,0,66,172
07/17/2023,RYN,AZ,AWP,CE,Federal Contract Tower,0,0,5,0,5,0,0,63,0,63,0,0,68,0,68,248,0,248,316
07/18/2023,RYN,AZ,AWP,CE,Federal Contract Tower,0,0,0,0,0,0,0,65,6,71,0,0,65,6,71,211,38,249,320
07/19/2023,RYN,AZ,AWP,CE,Federal Contract Tower,0,0,2,0,2,0,0,88,0,88,0,0,90,0,90,132,0,132,222
07/20/2023,RYN,AZ,AWP,CE,Federal Contract Tower,0,0,8,0,8,0,0,104,5,109,0,0,112,5,117,153,22,175,292
07/21/2023,RYN,AZ,AWP,CE,Federal Contract Tower,0,0,2,0,2,0,0,65,0,65,0,0,67,0,67,207,0,207,274
07/22/2023,RYN,AZ,AWP,CE,Federal Contract Tower,0,0,3,0,3,0,0,30,0,30,0,0,33,0,33,67,0,67,100
07/23/2023,RYN,AZ,AWP,CE,Federal Contract Tower,0,0,1,0,1,0,0,35,0,35,0,0,36,0,36,122,0,122,158
07/24/2023,RYN,AZ,AWP,CE,Federal Contract Tower,0,0,5,0,5,0,0,54,4,58,0,0,59,4,63,208,20,228,291
07/25/2023,RYN,AZ,AWP,CE,Federal Contract Tower,0,0,5,0,5,0,0,99,2,101,0,0,104,2,106,208,12,220,326
07/26/2023,RYN,AZ,AWP,CE,Federal Contract Tower,0,0,7,0,7,0,0,82,0,82,0,0,89,0,89,194,0,194,283
07/27/2023,RYN,AZ,AWP,CE,Federal Contract Tower,0,0,5,0,5,0,0,91,0,91,0,0,96,0,96,213,0,213,309
07/28/2023,RYN,AZ,AWP,CE,Federal Contract Tower,0,0,4,0,4,0,0,103,0,103,0,0,107,0,107,178,0,178,285
07/29/2023,RYN,AZ,AWP,CE,Federal Contract Tower,0,0,1,0,1,0,0,97,0,97,0,0,98,0,98,154,0,154,252
07/30/2023,RYN,AZ,AWP,CE,Federal Contract Tower,0,0,1,0,1,0,0,34,0,34,0,0,35,0,35,103,0,103,138
07/31/2023,RYN,AZ,AWP,CE,Federal Contract Tower,0,0,9,0,9,0,0,44,0,44,0,0,53,0,53,182,0,182,235
08/01/2023,RYN,AZ,AWP,CE,Federal Contract Tower,0,0,5,0,5,0,0,67,4,71,0,0,72,4,76,184,20,204,280
08/02/2023,RYN,AZ,AWP,CE,Federal Contract Tower,0,0,15,0,15,0,0,88,12,100,0,0,103,12,115,211,44,255,370
08/03/2023,RYN,AZ,AWP,CE,Federal Contract Tower,0,0,6,0,6,0,0,84,5,89,0,0,90,5,95,211,38,249,344
08/04/2023,RYN,AZ,AWP,CE,Federal Contract Tower,0,0,4,0,4,0,0,67,1,68,0,0,71,1,72,143,0,143,215
08/05/2023,RYN,AZ,AWP,CE,Federal Contract Tower,0,0,4,0,4,0,0,70,0,70,0,0,74,0,74,254,0,254,328
08/06/2023,RYN,AZ,AWP,CE,Federal Contract Tower,0,0,8,0,8,0,0,50,0,50,0,0,58,0,58,218,0,218,276
08/07/2023,RYN,AZ,AWP,CE,Federal Contract Tower,0,0,2,0,2,0,0,61,0,61,0,0,63,0,63,245,0,245,308
08/08/2023,RYN,AZ,AWP,CE,Federal Contract Tower,0,0,2,0,2,0,0,71,6,77,0,0,73,6,79,204,22,226,305
08/09/2023,RYN,AZ,AWP,CE,Federal Contract Tower,0,0,8,0,8,0,0,118,2,120,0,0,126,2,128,262,15,277,405
08/10/2023,RYN,AZ,AWP,CE,Federal Contract Tower,0,0,8,0,8,0,0,84,13,97,0,0,92,13,105,302,66,368,473
08/11/2023,RYN,AZ,AWP,CE,Federal Contract Tower,0,0,4,0,4,0,0,64,0,64,0,0,68,0,68,100,0,100,168
08/12/2023,RYN,AZ,AWP,CE,Federal Contract Tower,0,0,8,0,8,0,0,80,0,80,0,0,88,0,88,152,0,152,240
08/13/2023,RYN,AZ,AWP,CE,Federal Contract Tower,0,0,3,0,3,0,0,57,0,57,0,0,60,0,60,256,0,256,316
08/14/2023,RYN,AZ,AWP,CE,Federal Contract Tower,0,0,5,0,5,0,0,67,1,68,0,0,72,1,73,204,7,211,284
08/15/2023,RYN,AZ,AWP,CE,Federal Contract Tower,0,0,2,0,2,0,0,41,12,53,0,0,43,12,55,82,28,110,165
08/16/2023,RYN,AZ,AWP,CE,Federal Contract Tower,0,0,2,0,2,0,0,108,6,114,0,0,110,6,116,154,16,170,286
08/17/2023,RYN,AZ,AWP,CE,Federal Contract Tower,0,0,17,0,17,0,0,100,2,102,0,0,117,2,119,209,4,213,332
08/18/2023,RYN,AZ,AWP,CE,Federal Contract Tower,0,0,3,0,3,0,0,67,4,71,0,0,70,4,74,166,22,188,262
08/19/2023,RYN,AZ,AWP,CE,Federal Contract Tower,0,0,1,0,1,0,0,59,0,59,0,0,60,0,60,158,0,158,218
08/20/2023,RYN,AZ,AWP,CE,Federal Contract Tower,0,0,1,0,1,0,0,18,0,18,0,0,19,0,19,42,0,42,61
08/21/2023,RYN,AZ,AWP,CE,Federal Contract Tower,0,0,8,0,8,0,0,41,0,41,0,0,49,0,49,118,0,118,167
08/22/2023,RYN,AZ,AWP,CE,Federal Contract Tower,0,0,7,0,7,0,0,116,8,124,0,0,123,8,131,290,26,316,447
08/23/2023,RYN,AZ,AWP,CE,Federal Contract Tower,0,0,7,0,7,0,0,63,5,68,0,0,70,5,75,119,32,151,226
08/24/2023,RYN,AZ,AWP,CE,Federal Contract Tower,0,0,6,0,6,0,0,115,0,115,0,0,121,0,121,237,0,237,358
08/25/2023,RYN,AZ,AWP,CE,Federal Contract Tower,0,0,11,0,11,0,0,138,0,138,0,0,149,0,149,284,0,284,433
08/26/2023,RYN,AZ,AWP,CE,Federal Contract Tower,0,0,0,0,0,0,0,96,0,96,0,0,96,0,96,374,0,374,470
08/27/2023,RYN,AZ,AWP,CE,Federal Contract Tower,0,0,8,0,8,0,0,71,0,71,0,0,79,0,79,179,0,179,258
08/28/2023,RYN,AZ,AWP,CE,Federal Contract Tower,0,0,4,0,4,0,0,90,1,91,0,0,94,1,95,176,7,183,278
08/29/2023,RYN,AZ,AWP,CE,Federal Contract Tower,0,0,3,0,3,0,0,121,4,125,0,0,124,4,128,236,22,258,386
08/30/2023,RYN,AZ,AWP,CE,Federal Contract Tower,0,0,1,0,1,0,0,74,0,74,0,0,75,0,75,171,0,171,246
08/31/2023,RYN,AZ,AWP,CE,Federal Contract Tower,0,0,2,0,2,0,0,61,2,63,0,0,63,2,65,259,15,274,339
