01/01/2000,RYY,GA,ASO,ES,Federal Contract Tower,0,0,15,0,15,0,0,49,0,49,0,0,64,0,64,166,0,166,230
01/02/2000,RYY,GA,ASO,ES,Federal Contract Tower,0,0,39,0,39,0,0,28,0,28,0,0,67,0,67,4,0,4,71
01/03/2000,RYY,GA,ASO,ES,Federal Contract Tower,0,2,27,0,29,0,2,50,0,52,0,4,77,0,81,28,0,28,109
01/04/2000,RYY,GA,ASO,ES,Federal Contract Tower,0,0,14,0,14,0,0,36,0,36,0,0,50,0,50,2,0,2,52
01/05/2000,RYY,GA,ASO,ES,Federal Contract Tower,0,2,23,0,25,0,0,136,4,140,0,2,159,4,165,168,0,168,333
01/06/2000,RYY,GA,ASO,ES,Federal Contract Tower,0,0,33,0,33,0,0,137,6,143,0,0,170,6,176,210,12,222,398
01/07/2000,RYY,GA,ASO,ES,Federal Contract Tower,0,3,35,0,38,0,1,126,6,133,0,4,161,6,171,181,10,191,362
01/08/2000,RYY,GA,ASO,ES,Federal Contract Tower,0,0,9,0,9,0,0,182,16,198,0,0,191,16,207,214,0,214,421
01/09/2000,RYY,GA,ASO,ES,Federal Contract Tower,0,0,12,0,12,0,0,3,0,3,0,0,15,0,15,0,0,0,15
01/10/2000,RYY,GA,ASO,ES,Federal Contract Tower,0,0,40,1,41,0,0,85,1,86,0,0,125,2,127,57,0,57,184
01/11/2000,RYY,GA,ASO,ES,Federal Contract Tower,0,1,35,1,37,0,0,142,1,143,0,1,177,2,180,152,0,152,332
01/12/2000,RYY,GA,ASO,ES,Federal Contract Tower,0,2,34,1,37,0,0,139,3,142,0,2,173,4,179,196,0,196,375
01/13/2000,RYY,GA,ASO,ES,Federal Contract Tower,0,1,26,1,28,0,1,56,1,58,0,2,82,2,86,46,2,48,134
01/14/2000,RYY,GA,ASO,ES,Federal Contract Tower,0,0,27,1,28,0,0,147,1,148,0,0,174,2,176,181,0,181,357
01/15/2000,RYY,GA,ASO,ES,Federal Contract Tower,0,1,18,1,20,0,1,203,5,209,0,2,221,6,229,230,0,230,459
01/16/2000,RYY,GA,ASO,ES,Federal Contract Tower,0,0,31,0,31,0,0,54,0,54,0,0,85,0,85,139,0,139,224
01/17/2000,RYY,GA,ASO,ES,Federal Contract Tower,0,1,51,0,52,0,0,67,0,67,0,1,118,0,119,124,0,124,243
01/18/2000,RYY,GA,ASO,ES,Federal Contract Tower,0,1,40,0,41,0,0,6,0,6,0,1,46,0,47,2,0,2,49
01/19/2000,RYY,GA,ASO,ES,Federal Contract Tower,0,1,32,0,33,0,0,68,4,72,0,1,100,4,105,86,5,91,196
01/20/2000,RYY,GA,ASO,ES,Federal Contract Tower,0,1,28,0,29,0,2,34,4,40,0,3,62,4,69,15,0,15,84
01/21/2000,RYY,GA,ASO,ES,Federal Contract Tower,0,1,26,0,27,0,1,116,2,119,0,2,142,2,146,72,0,72,218
01/22/2000,RYY,GA,ASO,ES,Federal Contract Tower,0,0,4,0,4,0,1,30,2,33,0,1,34,2,37,66,0,66,103
01/23/2000,RYY,GA,ASO,ES,Federal Contract Tower,0,0,6,0,6,0,0,0,1,1,0,0,6,1,7,0,0,0,7
01/24/2000,RYY,GA,ASO,ES,Federal Contract Tower,0,1,29,0,30,0,2,8,0,10,0,3,37,0,40,7,0,7,47
01/25/2000,RYY,GA,ASO,ES,Federal Contract Tower,0,1,25,0,26,0,0,57,3,60,0,1,82,3,86,31,0,31,117
01/26/2000,RYY,GA,ASO,ES,Federal Contract Tower,0,1,32,0,33,0,0,53,0,53,0,1,85,0,86,35,0,35,121
01/27/2000,RYY,GA,ASO,ES,Federal Contract Tower,0,2,36,0,38,0,3,111,6,120,0,5,147,6,158,151,0,151,309
01/28/2000,RYY,GA,ASO,ES,Federal Contract Tower,0,0,15,0,15,0,4,22,0,26,0,4,37,0,41,126,0,126,167
01/29/2000,RYY,GA,ASO,ES,Federal Contract Tower,0,0,0,0,0,0,1,0,0,1,0,1,0,0,1,0,0,0,1
01/30/2000,RYY,GA,ASO,ES,Federal Contract Tower,0,0,10,0,10,0,0,2,0,2,0,0,12,0,12,0,0,0,12
01/31/2000,RYY,GA,ASO,ES,Federal Contract Tower,0,1,32,0,33,0,1,56,4,61,0,2,88,4,94,65,0,65,159
02/01/2000,RYY,GA,ASO,ES,Federal Contract Tower,0,1,34,0,35,0,0,85,0,85,0,1,119,0,120,73,0,73,193
02/02/2000,RYY,GA,ASO,ES,Federal Contract Tower,0,3,33,0,36,0,3,112,4,119,0,6,145,4,155,223,0,223,378
02/03/2000,RYY,GA,ASO,ES,Federal Contract Tower,0,0,30,0,30,0,0,100,5,105,0,0,130,5,135,128,0,128,263
02/04/2000,RYY,GA,ASO,ES,Federal Contract Tower,0,2,50,0,52,0,0,82,1,83,0,2,132,1,135,26,3,29,164
02/05/2000,RYY,GA,ASO,ES,Federal Contract Tower,0,0,13,0,13,0,0,120,3,123,0,0,133,3,136,120,0,120,256
02/06/2000,RYY,GA,ASO,ES,Federal Contract Tower,0,2,26,0,28,0,0,243,5,248,0,2,269,5,276,239,0,239,515
02/07/2000,RYY,GA,ASO,ES,Federal Contract Tower,0,1,36,0,37,0,0,142,4,146,0,1,178,4,183,184,0,184,367
02/08/2000,RYY,GA,ASO,ES,Federal Contract Tower,0,3,39,0,42,0,0,119,6,125,0,3,158,6,167,267,0,267,434
02/09/2000,RYY,GA,ASO,ES,Federal Contract Tower,0,0,45,0,45,0,0,152,4,156,0,0,197,4,201,232,0,232,433
02/10/2000,RYY,GA,ASO,ES,Federal Contract Tower,0,3,36,0,39,0,0,164,13,177,0,3,200,13,216,293,0,293,509
02/11/2000,RYY,GA,ASO,ES,Federal Contract Tower,0,2,50,0,52,0,0,112,4,116,0,2,162,4,168,261,0,261,429
02/12/2000,RYY,GA,ASO,ES,Federal Contract Tower,0,1,28,0,29,0,0,37,0,37,0,1,65,0,66,174,0,174,240
02/13/2000,RYY,GA,ASO,ES,Federal Contract Tower,0,0,14,0,14,0,3,0,0,3,0,3,14,0,17,0,0,0,17
02/14/2000,RYY,GA,ASO,ES,Federal Contract Tower,0,2,40,1,43,0,3,36,1,40,0,5,76,2,83,43,0,43,126
02/15/2000,RYY,GA,ASO,ES,Federal Contract Tower,0,2,46,1,49,0,2,144,1,147,0,4,190,2,196,163,0,163,359
02/16/2000,RYY,GA,ASO,ES,Federal Contract Tower,0,2,41,1,44,0,1,124,4,129,0,3,165,5,173,239,4,243,416
02/17/2000,RYY,GA,ASO,ES,Federal Contract Tower,0,1,27,0,28,0,1,86,4,91,0,2,113,4,119,168,1,169,288
02/18/2000,RYY,GA,ASO,ES,Federal Contract Tower,0,1,24,0,25,0,0,0,1,1,0,1,24,1,26,0,0,0,26
02/19/2000,RYY,GA,ASO,ES,Federal Contract Tower,0,0,28,0,28,0,0,91,5,96,0,0,119,5,124,139,2,141,265
02/20/2000,RYY,GA,ASO,ES,Federal Contract Tower,0,1,32,0,33,0,0,178,2,180,0,1,210,2,213,131,0,131,344
02/21/2000,RYY,GA,ASO,ES,Federal Contract Tower,0,1,25,0,26,0,2,163,8,173,0,3,188,8,199,168,8,176,375
02/22/2000,RYY,GA,ASO,ES,Federal Contract Tower,0,2,38,0,40,0,0,111,4,115,0,2,149,4,155,236,0,236,391
02/23/2000,RYY,GA,ASO,ES,Federal Contract Tower,0,3,55,0,58,0,0,178,8,186,0,3,233,8,244,181,0,181,425
02/24/2000,RYY,GA,ASO,ES,Federal Contract Tower,0,1,43,0,44,0,0,42,0,42,0,1,85,0,86,134,0,134,220
02/25/2000,RYY,GA,ASO,ES,Federal Contract Tower,0,2,40,0,42,0,0,125,10,135,0,2,165,10,177,256,0,256,433
02/26/2000,RYY,GA,ASO,ES,Federal Contract Tower,0,1,28,0,29,0,3,177,14,194,0,4,205,14,223,137,0,137,360
02/27/2000,RYY,GA,ASO,ES,Federal Contract Tower,0,2,32,0,34,0,0,47,2,49,0,2,79,2,83,94,0,94,177
02/28/2000,RYY,GA,ASO,ES,Federal Contract Tower,0,1,27,0,28,0,1,102,2,105,0,2,129,2,133,81,0,81,214
02/29/2000,RYY,GA,ASO,ES,Federal Contract Tower,0,1,27,0,28,0,1,157,1,159,0,2,184,1,187,163,6,169,356
03/01/2000,RYY,GA,ASO,ES,Federal Contract Tower,0,2,46,0,48,0,0,83,3,86,0,2,129,3,134,97,8,105,239
03/02/2000,RYY,GA,ASO,ES,Federal Contract Tower,0,2,24,0,26,0,4,139,13,156,0,6,163,13,182,89,0,89,271
03/03/2000,RYY,GA,ASO,ES,Federal Contract Tower,0,3,31,0,34,0,0,117,2,119,0,3,148,2,153,165,1,166,319
03/04/2000,RYY,GA,ASO,ES,Federal Contract Tower,0,3,35,0,38,0,4,48,0,52,0,7,83,0,90,129,0,129,219
03/05/2000,RYY,GA,ASO,ES,Federal Contract Tower,0,2,30,0,32,0,0,301,3,304,0,2,331,3,336,209,2,211,547
03/06/2000,RYY,GA,ASO,ES,Federal Contract Tower,0,2,31,0,33,0,0,152,3,155,0,2,183,3,188,182,0,182,370
03/07/2000,RYY,GA,ASO,ES,Federal Contract Tower,0,0,25,0,25,0,0,140,4,144,0,0,165,4,169,232,0,232,401
03/08/2000,RYY,GA,ASO,ES,Federal Contract Tower,0,3,37,0,40,0,1,136,4,141,0,4,173,4,181,182,2,184,365
03/09/2000,RYY,GA,ASO,ES,Federal Contract Tower,0,4,51,0,55,0,0,60,5,65,0,4,111,5,120,172,22,194,314
03/10/2000,RYY,GA,ASO,ES,Federal Contract Tower,0,3,34,0,37,0,0,36,2,38,0,3,70,2,75,95,0,95,170
03/11/2000,RYY,GA,ASO,ES,Federal Contract Tower,0,0,3,0,3,0,0,5,0,5,0,0,8,0,8,18,0,18,26
03/12/2000,RYY,GA,ASO,ES,Federal Contract Tower,0,0,22,0,22,0,0,93,0,93,0,0,115,0,115,135,0,135,250
03/13/2000,RYY,GA,ASO,ES,Federal Contract Tower,0,0,22,0,22,0,0,172,0,172,0,0,194,0,194,130,0,130,324
03/14/2000,RYY,GA,ASO,ES,Federal Contract Tower,0,2,32,0,34,0,0,200,0,200,0,2,232,0,234,101,0,101,335
03/15/2000,RYY,GA,ASO,ES,Federal Contract Tower,0,2,39,1,42,0,3,92,3,98,0,5,131,4,140,95,0,95,235
03/16/2000,RYY,GA,ASO,ES,Federal Contract Tower,0,1,25,0,26,0,2,7,0,9,0,3,32,0,35,0,0,0,35
03/17/2000,RYY,GA,ASO,ES,Federal Contract Tower,0,3,46,1,50,0,1,101,13,115,0,4,147,14,165,131,1,132,297
03/18/2000,RYY,GA,ASO,ES,Federal Contract Tower,0,1,21,1,23,0,0,107,9,116,0,1,128,10,139,160,12,172,311
03/19/2000,RYY,GA,ASO,ES,Federal Contract Tower,0,0,15,0,15,0,0,5,0,5,0,0,20,0,20,11,0,11,31
03/20/2000,RYY,GA,ASO,ES,Federal Contract Tower,0,1,29,0,30,0,0,107,0,107,0,1,136,0,137,143,0,143,280
03/21/2000,RYY,GA,ASO,ES,Federal Contract Tower,0,2,36,0,38,0,0,121,1,122,0,2,157,1,160,169,1,170,330
03/22/2000,RYY,GA,ASO,ES,Federal Contract Tower,0,3,46,0,49,0,0,150,8,158,0,3,196,8,207,219,0,219,426
03/23/2000,RYY,GA,ASO,ES,Federal Contract Tower,0,0,48,0,48,0,0,141,0,141,0,0,189,0,189,243,0,243,432
03/24/2000,RYY,GA,ASO,ES,Federal Contract Tower,0,2,39,0,41,0,1,178,4,183,0,3,217,4,224,205,0,205,429
03/25/2000,RYY,GA,ASO,ES,Federal Contract Tower,0,1,27,0,28,0,0,303,20,323,0,1,330,20,351,210,6,216,567
03/26/2000,RYY,GA,ASO,ES,Federal Contract Tower,0,1,27,0,28,0,3,193,6,202,0,4,220,6,230,191,0,191,421
03/27/2000,RYY,GA,ASO,ES,Federal Contract Tower,0,1,31,0,32,0,0,15,1,16,0,1,46,1,48,28,0,28,76
03/28/2000,RYY,GA,ASO,ES,Federal Contract Tower,0,0,28,0,28,0,0,54,0,54,0,0,82,0,82,53,0,53,135
03/29/2000,RYY,GA,ASO,ES,Federal Contract Tower,0,2,36,0,38,0,2,93,2,97,0,4,129,2,135,87,0,87,222
03/30/2000,RYY,GA,ASO,ES,Federal Contract Tower,0,2,54,0,56,0,0,78,0,78,0,2,132,0,134,156,0,156,290
03/31/2000,RYY,GA,ASO,ES,Federal Contract Tower,0,2,49,0,51,0,0,189,8,197,0,2,238,8,248,207,0,207,455
04/01/2000,RYY,GA,ASO,ES,Federal Contract Tower,0,3,34,0,37,0,2,170,13,185,0,5,204,13,222,120,0,120,342
04/02/2000,RYY,GA,ASO,ES,Federal Contract Tower,0,2,23,0,25,0,0,13,0,13,0,2,36,0,38,10,0,10,48
04/03/2000,RYY,GA,ASO,ES,Federal Contract Tower,0,1,30,0,31,0,0,9,4,13,0,1,39,4,44,0,0,0,44
04/04/2000,RYY,GA,ASO,ES,Federal Contract Tower,0,2,42,0,44,0,0,43,2,45,0,2,85,2,89,29,5,34,123
04/05/2000,RYY,GA,ASO,ES,Federal Contract Tower,0,3,40,0,43,0,1,175,7,183,0,4,215,7,226,261,4,265,491
04/06/2000,RYY,GA,ASO,ES,Federal Contract Tower,0,1,42,0,43,0,0,159,15,174,0,1,201,15,217,162,0,162,379
04/07/2000,RYY,GA,ASO,ES,Federal Contract Tower,0,3,45,0,48,0,6,140,5,151,0,9,185,5,199,195,1,196,395
04/08/2000,RYY,GA,ASO,ES,Federal Contract Tower,0,2,30,0,32,0,2,19,0,21,0,4,49,0,53,36,0,36,89
04/09/2000,RYY,GA,ASO,ES,Federal Contract Tower,0,1,35,0,36,0,0,186,0,186,0,1,221,0,222,132,0,132,354
04/10/2000,RYY,GA,ASO,ES,Federal Contract Tower,0,1,30,0,31,0,0,126,4,130,0,1,156,4,161,261,0,261,422
04/11/2000,RYY,GA,ASO,ES,Federal Contract Tower,0,2,38,0,40,0,0,90,3,93,0,2,128,3,133,121,0,121,254
04/12/2000,RYY,GA,ASO,ES,Federal Contract Tower,0,4,49,0,53,0,0,77,3,80,0,4,126,3,133,78,0,78,211
04/13/2000,RYY,GA,ASO,ES,Federal Contract Tower,0,2,43,0,45,0,0,31,0,31,0,2,74,0,76,80,0,80,156
04/14/2000,RYY,GA,ASO,ES,Federal Contract Tower,0,2,34,0,36,0,0,8,0,8,0,2,42,0,44,6,8,14,58
04/15/2000,RYY,GA,ASO,ES,Federal Contract Tower,0,1,32,0,33,0,0,64,0,64,0,1,96,0,97,142,0,142,239
04/16/2000,RYY,GA,ASO,ES,Federal Contract Tower,0,2,39,0,41,0,1,225,6,232,0,3,264,6,273,269,0,269,542
04/17/2000,RYY,GA,ASO,ES,Federal Contract Tower,0,2,40,0,42,0,2,66,4,72,0,4,106,4,114,66,0,66,180
04/18/2000,RYY,GA,ASO,ES,Federal Contract Tower,0,2,57,0,59,0,0,73,2,75,0,2,130,2,134,119,0,119,253
04/19/2000,RYY,GA,ASO,ES,Federal Contract Tower,0,0,54,0,54,0,0,144,4,148,0,0,198,4,202,269,0,269,471
04/20/2000,RYY,GA,ASO,ES,Federal Contract Tower,0,2,47,0,49,0,2,131,0,133,0,4,178,0,182,77,0,77,259
04/21/2000,RYY,GA,ASO,ES,Federal Contract Tower,0,2,37,0,39,0,1,112,0,113,0,3,149,0,152,52,0,52,204
04/22/2000,RYY,GA,ASO,ES,Federal Contract Tower,0,0,19,0,19,0,0,127,2,129,0,0,146,2,148,78,0,78,226
04/23/2000,RYY,GA,ASO,ES,Federal Contract Tower,0,2,37,0,39,0,2,150,2,154,0,4,187,2,193,256,0,256,449
04/24/2000,RYY,GA,ASO,ES,Federal Contract Tower,0,1,27,0,28,0,1,5,0,6,0,2,32,0,34,4,0,4,38
04/25/2000,RYY,GA,ASO,ES,Federal Contract Tower,0,0,43,0,43,0,0,46,0,46,0,0,89,0,89,119,0,119,208
04/26/2000,RYY,GA,ASO,ES,Federal Contract Tower,0,2,39,0,41,0,4,207,2,213,0,6,246,2,254,268,2,270,524
04/27/2000,RYY,GA,ASO,ES,Federal Contract Tower,0,2,37,0,39,0,0,173,10,183,0,2,210,10,222,228,0,228,450
04/28/2000,RYY,GA,ASO,ES,Federal Contract Tower,0,2,39,0,41,0,0,148,2,150,0,2,187,2,191,116,3,119,310
04/29/2000,RYY,GA,ASO,ES,Federal Contract Tower,0,1,19,0,20,0,1,215,6,222,0,2,234,6,242,181,0,181,423
04/30/2000,RYY,GA,ASO,ES,Federal Contract Tower,0,0,25,0,25,0,0,213,2,215,0,0,238,2,240,169,0,169,409
05/01/2000,RYY,GA,ASO,ES,Federal Contract Tower,0,2,29,0,31,0,0,100,3,103,0,2,129,3,134,220,2,222,356
05/02/2000,RYY,GA,ASO,ES,Federal Contract Tower,0,3,42,0,45,0,2,103,2,107,0,5,145,2,152,209,6,215,367
05/03/2000,RYY,GA,ASO,ES,Federal Contract Tower,0,2,31,0,33,0,3,72,5,80,0,5,103,5,113,294,4,298,411
05/04/2000,RYY,GA,ASO,ES,Federal Contract Tower,0,1,40,0,41,0,0,67,5,72,0,1,107,5,113,359,2,361,474
05/05/2000,RYY,GA,ASO,ES,Federal Contract Tower,0,0,29,0,29,0,0,174,4,178,0,0,203,4,207,275,0,275,482
05/06/2000,RYY,GA,ASO,ES,Federal Contract Tower,0,1,23,0,24,0,0,189,3,192,0,1,212,3,216,195,0,195,411
05/07/2000,RYY,GA,ASO,ES,Federal Contract Tower,0,1,32,0,33,0,0,156,1,157,0,1,188,1,190,302,0,302,492
05/08/2000,RYY,GA,ASO,ES,Federal Contract Tower,0,1,38,0,39,0,0,160,11,171,0,1,198,11,210,173,9,182,392
05/09/2000,RYY,GA,ASO,ES,Federal Contract Tower,0,2,27,0,29,0,0,123,0,123,0,2,150,0,152,61,0,61,213
05/10/2000,RYY,GA,ASO,ES,Federal Contract Tower,0,4,50,0,54,0,0,104,2,106,0,4,154,2,160,174,1,175,335
05/11/2000,RYY,GA,ASO,ES,Federal Contract Tower,0,3,37,0,40,0,0,105,1,106,0,3,142,1,146,208,1,209,355
05/12/2000,RYY,GA,ASO,ES,Federal Contract Tower,0,2,45,1,48,0,2,115,2,119,0,4,160,3,167,145,0,145,312
05/13/2000,RYY,GA,ASO,ES,Federal Contract Tower,0,0,17,1,18,0,0,127,0,127,0,0,144,1,145,164,0,164,309
05/14/2000,RYY,GA,ASO,ES,Federal Contract Tower,0,0,21,0,21,0,0,137,0,137,0,0,158,0,158,176,0,176,334
05/15/2000,RYY,GA,ASO,ES,Federal Contract Tower,0,1,25,1,27,0,1,106,2,109,0,2,131,3,136,123,0,123,259
05/16/2000,RYY,GA,ASO,ES,Federal Contract Tower,0,2,44,0,46,0,1,110,2,113,0,3,154,2,159,74,4,78,237
05/17/2000,RYY,GA,ASO,ES,Federal Contract Tower,0,2,44,0,46,0,2,141,4,147,0,4,185,4,193,154,0,154,347
05/18/2000,RYY,GA,ASO,ES,Federal Contract Tower,0,2,43,0,45,0,1,173,3,177,0,3,216,3,222,40,0,40,262
05/19/2000,RYY,GA,ASO,ES,Federal Contract Tower,0,2,2,0,4,6,195,0,247,448,6,197,2,247,452,0,0,0,452
05/20/2000,RYY,GA,ASO,ES,Federal Contract Tower,0,0,26,0,26,0,0,169,6,175,0,0,195,6,201,267,0,267,468
05/21/2000,RYY,GA,ASO,ES,Federal Contract Tower,0,0,37,0,37,0,0,33,0,33,0,0,70,0,70,39,0,39,109
05/22/2000,RYY,GA,ASO,ES,Federal Contract Tower,0,1,29,0,30,0,2,97,2,101,0,3,126,2,131,184,0,184,315
05/23/2000,RYY,GA,ASO,ES,Federal Contract Tower,0,0,39,0,39,0,0,55,1,56,0,0,94,1,95,70,0,70,165
05/24/2000,RYY,GA,ASO,ES,Federal Contract Tower,0,0,40,0,40,0,0,97,1,98,0,0,137,1,138,222,0,222,360
05/25/2000,RYY,GA,ASO,ES,Federal Contract Tower,0,2,40,0,42,0,3,81,2,86,0,5,121,2,128,139,1,140,268
05/26/2000,RYY,GA,ASO,ES,Federal Contract Tower,0,0,37,0,37,0,0,124,0,124,0,0,161,0,161,286,0,286,447
05/27/2000,RYY,GA,ASO,ES,Federal Contract Tower,0,0,33,0,33,0,0,168,2,170,0,0,201,2,203,158,0,158,361
05/28/2000,RYY,GA,ASO,ES,Federal Contract Tower,0,0,12,0,12,0,0,55,0,55,0,0,67,0,67,145,0,145,212
05/29/2000,RYY,GA,ASO,ES,Federal Contract Tower,0,2,37,0,39,0,1,137,0,138,0,3,174,0,177,107,0,107,284
05/30/2000,RYY,GA,ASO,ES,Federal Contract Tower,0,1,31,0,32,0,1,139,6,146,0,2,170,6,178,126,0,126,304
05/31/2000,RYY,GA,ASO,ES,Federal Contract Tower,0,1,29,0,30,0,1,159,1,161,0,2,188,1,191,210,0,210,401
06/01/2000,RYY,GA,ASO,ES,Federal Contract Tower,0,1,38,0,39,0,0,135,2,137,0,1,173,2,176,252,0,252,428
06/02/2000,RYY,GA,ASO,ES,Federal Contract Tower,0,2,25,0,27,0,0,139,7,146,0,2,164,7,173,208,4,212,385
06/03/2000,RYY,GA,ASO,ES,Federal Contract Tower,0,2,29,0,31,0,0,163,3,166,0,2,192,3,197,154,0,154,351
06/04/2000,RYY,GA,ASO,ES,Federal Contract Tower,0,2,23,0,25,0,0,43,2,45,0,2,66,2,70,70,12,82,152
06/05/2000,RYY,GA,ASO,ES,Federal Contract Tower,0,2,28,0,30,0,0,23,0,23,0,2,51,0,53,4,0,4,57
06/06/2000,RYY,GA,ASO,ES,Federal Contract Tower,0,2,37,0,39,0,1,74,4,79,0,3,111,4,118,65,0,65,183
06/07/2000,RYY,GA,ASO,ES,Federal Contract Tower,0,2,31,0,33,0,0,162,8,170,0,2,193,8,203,268,0,268,471
06/08/2000,RYY,GA,ASO,ES,Federal Contract Tower,0,2,36,0,38,0,0,158,5,163,0,2,194,5,201,245,4,249,450
06/09/2000,RYY,GA,ASO,ES,Federal Contract Tower,0,2,29,0,31,0,1,189,2,192,0,3,218,2,223,159,0,159,382
06/10/2000,RYY,GA,ASO,ES,Federal Contract Tower,0,0,23,0,23,0,0,228,2,230,0,0,251,2,253,80,0,80,333
06/11/2000,RYY,GA,ASO,ES,Federal Contract Tower,0,1,17,0,18,0,0,151,2,153,0,1,168,2,171,195,0,195,366
06/12/2000,RYY,GA,ASO,ES,Federal Contract Tower,0,2,32,0,34,0,2,135,0,137,0,4,167,0,171,200,0,200,371
06/13/2000,RYY,GA,ASO,ES,Federal Contract Tower,0,1,27,1,29,0,1,87,17,105,0,2,114,18,134,106,2,108,242
06/14/2000,RYY,GA,ASO,ES,Federal Contract Tower,0,0,27,0,27,0,0,134,0,134,0,0,161,0,161,160,1,161,322
06/15/2000,RYY,GA,ASO,ES,Federal Contract Tower,0,1,26,0,27,0,0,131,0,131,0,1,157,0,158,131,0,131,289
06/16/2000,RYY,GA,ASO,ES,Federal Contract Tower,0,1,33,0,34,0,0,52,0,52,0,1,85,0,86,57,0,57,143
06/17/2000,RYY,GA,ASO,ES,Federal Contract Tower,0,0,38,0,38,0,0,88,20,108,0,0,126,20,146,77,1,78,224
06/18/2000,RYY,GA,ASO,ES,Federal Contract Tower,0,0,17,0,17,0,0,140,2,142,0,0,157,2,159,225,0,225,384
06/19/2000,RYY,GA,ASO,ES,Federal Contract Tower,0,1,28,0,29,0,0,94,11,105,0,1,122,11,134,276,1,277,411
06/20/2000,RYY,GA,ASO,ES,Federal Contract Tower,0,1,32,0,33,0,0,101,6,107,0,1,133,6,140,126,3,129,269
06/21/2000,RYY,GA,ASO,ES,Federal Contract Tower,0,1,42,0,43,0,1,106,14,121,0,2,148,14,164,221,3,224,388
06/22/2000,RYY,GA,ASO,ES,Federal Contract Tower,0,1,36,0,37,0,0,109,5,114,0,1,145,5,151,191,2,193,344
06/23/2000,RYY,GA,ASO,ES,Federal Contract Tower,0,1,26,0,27,0,0,198,5,203,0,1,224,5,230,115,1,116,346
06/24/2000,RYY,GA,ASO,ES,Federal Contract Tower,0,0,25,0,25,0,0,236,5,241,0,0,261,5,266,178,2,180,446
06/25/2000,RYY,GA,ASO,ES,Federal Contract Tower,0,1,30,0,31,0,1,141,4,146,0,2,171,4,177,74,0,74,251
06/26/2000,RYY,GA,ASO,ES,Federal Contract Tower,0,0,23,0,23,0,0,142,0,142,0,0,165,0,165,137,0,137,302
06/27/2000,RYY,GA,ASO,ES,Federal Contract Tower,0,1,32,0,33,0,1,183,2,186,0,2,215,2,219,147,2,149,368
06/28/2000,RYY,GA,ASO,ES,Federal Contract Tower,0,0,36,0,36,0,0,69,0,69,0,0,105,0,105,161,0,161,266
06/29/2000,RYY,GA,ASO,ES,Federal Contract Tower,0,2,55,0,57,0,1,30,0,31,0,3,85,0,88,38,0,38,126
06/30/2000,RYY,GA,ASO,ES,Federal Contract Tower,0,1,38,0,39,0,0,198,2,200,0,1,236,2,239,299,2,301,540
07/01/2000,RYY,GA,ASO,ES,Federal Contract Tower,0,2,30,0,32,0,0,202,6,208,0,2,232,6,240,127,0,127,367
07/02/2000,RYY,GA,ASO,ES,Federal Contract Tower,0,2,27,0,29,0,0,102,0,102,0,2,129,0,131,161,0,161,292
07/03/2000,RYY,GA,ASO,ES,Federal Contract Tower,0,0,11,0,11,0,0,115,4,119,0,0,126,4,130,234,0,234,364
07/04/2000,RYY,GA,ASO,ES,Federal Contract Tower,0,0,22,0,22,0,0,134,1,135,0,0,156,1,157,93,0,93,250
07/05/2000,RYY,GA,ASO,ES,Federal Contract Tower,0,2,37,0,39,0,0,150,0,150,0,2,187,0,189,162,0,162,351
07/06/2000,RYY,GA,ASO,ES,Federal Contract Tower,0,3,36,0,39,0,0,108,3,111,0,3,144,3,150,85,0,85,235
07/07/2000,RYY,GA,ASO,ES,Federal Contract Tower,0,2,29,0,31,0,0,117,3,120,0,2,146,3,151,69,0,69,220
07/08/2000,RYY,GA,ASO,ES,Federal Contract Tower,0,2,24,0,26,0,0,155,8,163,0,2,179,8,189,244,0,244,433
07/09/2000,RYY,GA,ASO,ES,Federal Contract Tower,0,1,31,0,32,0,0,145,4,149,0,1,176,4,181,222,0,222,403
07/10/2000,RYY,GA,ASO,ES,Federal Contract Tower,0,2,21,0,23,0,0,109,1,110,0,2,130,1,133,178,0,178,311
07/11/2000,RYY,GA,ASO,ES,Federal Contract Tower,0,2,31,0,33,0,4,129,0,133,0,6,160,0,166,242,0,242,408
07/12/2000,RYY,GA,ASO,ES,Federal Contract Tower,0,0,33,0,33,0,0,159,0,159,0,0,192,0,192,218,4,222,414
07/13/2000,RYY,GA,ASO,ES,Federal Contract Tower,0,0,47,0,47,0,0,109,2,111,0,0,156,2,158,228,6,234,392
07/14/2000,RYY,GA,ASO,ES,Federal Contract Tower,0,2,39,0,41,0,1,159,4,164,0,3,198,4,205,160,0,160,365
07/15/2000,RYY,GA,ASO,ES,Federal Contract Tower,0,1,18,0,19,0,2,181,1,184,0,3,199,1,203,174,0,174,377
07/16/2000,RYY,GA,ASO,ES,Federal Contract Tower,0,2,39,0,41,0,1,176,6,183,0,3,215,6,224,172,0,172,396
07/17/2000,RYY,GA,ASO,ES,Federal Contract Tower,0,1,24,0,25,0,1,152,8,161,0,2,176,8,186,110,0,110,296
07/18/2000,RYY,GA,ASO,ES,Federal Contract Tower,0,1,32,0,33,0,0,119,2,121,0,1,151,2,154,92,0,92,246
07/19/2000,RYY,GA,ASO,ES,Federal Contract Tower,0,1,29,0,30,0,2,121,7,130,0,3,150,7,160,125,7,132,292
07/20/2000,RYY,GA,ASO,ES,Federal Contract Tower,0,2,39,0,41,0,0,157,5,162,0,2,196,5,203,97,6,103,306
07/21/2000,RYY,GA,ASO,ES,Federal Contract Tower,0,0,57,0,57,0,0,133,8,141,0,0,190,8,198,196,0,196,394
07/22/2000,RYY,GA,ASO,ES,Federal Contract Tower,0,0,17,0,17,0,0,183,1,184,0,0,200,1,201,164,0,164,365
07/23/2000,RYY,GA,ASO,ES,Federal Contract Tower,0,1,29,0,30,0,2,43,3,48,0,3,72,3,78,200,0,200,278
07/24/2000,RYY,GA,ASO,ES,Federal Contract Tower,0,1,48,0,49,0,0,70,3,73,0,1,118,3,122,162,4,166,288
07/25/2000,RYY,GA,ASO,ES,Federal Contract Tower,0,0,39,0,39,0,0,17,0,17,0,0,56,0,56,77,0,77,133
07/26/2000,RYY,GA,ASO,ES,Federal Contract Tower,0,2,40,0,42,0,2,67,6,75,0,4,107,6,117,291,1,292,409
07/27/2000,RYY,GA,ASO,ES,Federal Contract Tower,0,2,39,0,41,0,1,142,10,153,0,3,181,10,194,182,0,182,376
07/28/2000,RYY,GA,ASO,ES,Federal Contract Tower,0,2,40,0,42,0,3,175,7,185,0,5,215,7,227,95,4,99,326
07/29/2000,RYY,GA,ASO,ES,Federal Contract Tower,0,1,24,0,25,0,4,117,0,121,0,5,141,0,146,137,0,137,283
07/30/2000,RYY,GA,ASO,ES,Federal Contract Tower,0,2,37,0,39,0,0,51,0,51,0,2,88,0,90,171,0,171,261
07/31/2000,RYY,GA,ASO,ES,Federal Contract Tower,0,1,34,0,35,0,1,80,0,81,0,2,114,0,116,122,0,122,238
08/01/2000,RYY,GA,ASO,ES,Federal Contract Tower,0,2,32,0,34,0,0,34,0,34,0,2,66,0,68,65,0,65,133
08/02/2000,RYY,GA,ASO,ES,Federal Contract Tower,0,2,34,0,36,0,1,31,0,32,0,3,65,0,68,63,0,63,131
08/03/2000,RYY,GA,ASO,ES,Federal Contract Tower,0,0,48,0,48,0,0,55,0,55,0,0,103,0,103,218,0,218,321
08/04/2000,RYY,GA,ASO,ES,Federal Contract Tower,0,2,33,0,35,0,0,98,1,99,0,2,131,1,134,170,0,170,304
08/05/2000,RYY,GA,ASO,ES,Federal Contract Tower,0,2,32,0,34,0,1,195,7,203,0,3,227,7,237,244,2,246,483
08/06/2000,RYY,GA,ASO,ES,Federal Contract Tower,0,2,30,0,32,0,1,200,3,204,0,3,230,3,236,194,0,194,430
08/07/2000,RYY,GA,ASO,ES,Federal Contract Tower,0,1,34,0,35,0,0,151,1,152,0,1,185,1,187,142,0,142,329
08/08/2000,RYY,GA,ASO,ES,Federal Contract Tower,0,1,37,0,38,0,0,139,0,139,0,1,176,0,177,163,0,163,340
08/09/2000,RYY,GA,ASO,ES,Federal Contract Tower,0,2,23,0,25,0,4,178,2,184,0,6,201,2,209,111,0,111,320
08/10/2000,RYY,GA,ASO,ES,Federal Contract Tower,0,1,33,0,34,0,0,147,6,153,0,1,180,6,187,138,0,138,325
08/11/2000,RYY,GA,ASO,ES,Federal Contract Tower,0,1,38,0,39,0,0,156,5,161,0,1,194,5,200,222,12,234,434
08/12/2000,RYY,GA,ASO,ES,Federal Contract Tower,0,1,7,0,8,0,0,215,0,215,0,1,222,0,223,199,0,199,422
08/13/2000,RYY,GA,ASO,ES,Federal Contract Tower,0,0,20,0,20,0,0,212,3,215,0,0,232,3,235,276,0,276,511
08/14/2000,RYY,GA,ASO,ES,Federal Contract Tower,0,1,29,1,31,0,0,204,0,204,0,1,233,1,235,179,0,179,414
08/15/2000,RYY,GA,ASO,ES,Federal Contract Tower,0,2,43,1,46,0,1,108,6,115,0,3,151,7,161,247,3,250,411
08/16/2000,RYY,GA,ASO,ES,Federal Contract Tower,0,0,25,1,26,0,0,156,7,163,0,0,181,8,189,152,3,155,344
08/17/2000,RYY,GA,ASO,ES,Federal Contract Tower,0,1,31,1,33,0,1,145,2,148,0,2,176,3,181,187,2,189,370
08/18/2000,RYY,GA,ASO,ES,Federal Contract Tower,0,2,37,0,39,0,1,100,0,101,0,3,137,0,140,94,4,98,238
08/19/2000,RYY,GA,ASO,ES,Federal Contract Tower,0,0,23,0,23,0,0,173,0,173,0,0,196,0,196,245,0,245,441
08/20/2000,RYY,GA,ASO,ES,Federal Contract Tower,0,1,34,0,35,0,0,21,0,21,0,1,55,0,56,63,0,63,119
08/21/2000,RYY,GA,ASO,ES,Federal Contract Tower,0,1,41,0,42,0,0,32,0,32,0,1,73,0,74,96,2,98,172
08/22/2000,RYY,GA,ASO,ES,Federal Contract Tower,0,1,33,0,34,0,0,141,10,151,0,1,174,10,185,202,0,202,387
08/23/2000,RYY,GA,ASO,ES,Federal Contract Tower,0,1,45,0,46,0,0,163,8,171,0,1,208,8,217,195,8,203,420
08/24/2000,RYY,GA,ASO,ES,Federal Contract Tower,0,2,40,0,42,0,4,120,8,132,0,6,160,8,174,185,0,185,359
08/25/2000,RYY,GA,ASO,ES,Federal Contract Tower,0,2,53,0,55,0,0,156,10,166,0,2,209,10,221,148,0,148,369
08/26/2000,RYY,GA,ASO,ES,Federal Contract Tower,0,1,20,0,21,0,0,212,1,213,0,1,232,1,234,237,0,237,471
08/27/2000,RYY,GA,ASO,ES,Federal Contract Tower,0,1,22,0,23,0,0,39,0,39,0,1,61,0,62,29,0,29,91
08/28/2000,RYY,GA,ASO,ES,Federal Contract Tower,0,0,35,0,35,0,0,117,4,121,0,0,152,4,156,274,2,276,432
08/29/2000,RYY,GA,ASO,ES,Federal Contract Tower,0,2,44,0,46,0,5,139,2,146,0,7,183,2,192,255,0,255,447
08/30/2000,RYY,GA,ASO,ES,Federal Contract Tower,0,1,35,0,36,0,4,125,6,135,0,5,160,6,171,217,1,218,389
08/31/2000,RYY,GA,ASO,ES,Federal Contract Tower,0,1,33,0,34,0,1,9,3,13,0,2,42,3,47,2,0,2,49
09/01/2000,RYY,GA,ASO,ES,Federal Contract Tower,0,1,37,0,38,0,0,21,0,21,0,1,58,0,59,12,0,12,71
09/02/2000,RYY,GA,ASO,ES,Federal Contract Tower,0,0,35,0,35,0,0,32,1,33,0,0,67,1,68,103,0,103,171
09/03/2000,RYY,GA,ASO,ES,Federal Contract Tower,0,0,23,0,23,0,0,57,4,61,0,0,80,4,84,86,2,88,172
09/04/2000,RYY,GA,ASO,ES,Federal Contract Tower,0,0,41,0,41,0,0,133,4,137,0,0,174,4,178,232,0,232,410
09/05/2000,RYY,GA,ASO,ES,Federal Contract Tower,0,3,49,0,52,0,2,44,0,46,0,5,93,0,98,84,16,100,198
09/06/2000,RYY,GA,ASO,ES,Federal Contract Tower,0,3,36,0,39,0,5,10,0,15,0,8,46,0,54,22,0,22,76
09/07/2000,RYY,GA,ASO,ES,Federal Contract Tower,0,2,31,0,33,0,3,8,2,13,0,5,39,2,46,12,0,12,58
09/08/2000,RYY,GA,ASO,ES,Federal Contract Tower,0,0,52,0,52,0,0,46,0,46,0,0,98,0,98,95,0,95,193
09/09/2000,RYY,GA,ASO,ES,Federal Contract Tower,0,1,24,0,25,0,0,126,1,127,0,1,150,1,152,356,0,356,508
09/10/2000,RYY,GA,ASO,ES,Federal Contract Tower,0,1,21,1,23,0,2,219,1,222,0,3,240,2,245,203,0,203,448
09/11/2000,RYY,GA,ASO,ES,Federal Contract Tower,0,1,34,1,36,0,1,135,4,140,0,2,169,5,176,314,8,322,498
09/12/2000,RYY,GA,ASO,ES,Federal Contract Tower,0,1,35,1,37,0,0,173,4,177,0,1,208,5,214,228,27,255,469
09/13/2000,RYY,GA,ASO,ES,Federal Contract Tower,0,1,44,0,45,0,0,149,3,152,0,1,193,3,197,205,0,205,402
09/14/2000,RYY,GA,ASO,ES,Federal Contract Tower,0,1,40,0,41,0,0,137,4,141,0,1,177,4,182,254,8,262,444
09/15/2000,RYY,GA,ASO,ES,Federal Contract Tower,0,0,45,0,45,0,0,165,3,168,0,0,210,3,213,168,0,168,381
09/16/2000,RYY,GA,ASO,ES,Federal Contract Tower,0,0,14,0,14,0,1,279,3,283,0,1,293,3,297,104,0,104,401
09/17/2000,RYY,GA,ASO,ES,Federal Contract Tower,0,0,17,0,17,0,1,193,1,195,0,1,210,1,212,138,0,138,350
09/18/2000,RYY,GA,ASO,ES,Federal Contract Tower,0,0,27,0,27,0,0,133,9,142,0,0,160,9,169,251,7,258,427
09/19/2000,RYY,GA,ASO,ES,Federal Contract Tower,0,2,36,0,38,0,1,154,2,157,0,3,190,2,195,191,0,191,386
09/20/2000,RYY,GA,ASO,ES,Federal Contract Tower,0,1,35,0,36,0,5,169,2,176,0,6,204,2,212,188,0,188,400
09/21/2000,RYY,GA,ASO,ES,Federal Contract Tower,0,1,33,0,34,0,2,0,0,2,0,3,33,0,36,0,0,0,36
09/22/2000,RYY,GA,ASO,ES,Federal Contract Tower,0,1,23,0,24,0,1,0,0,1,0,2,23,0,25,0,0,0,25
09/23/2000,RYY,GA,ASO,ES,Federal Contract Tower,0,1,26,0,27,0,1,59,1,61,0,2,85,1,88,116,4,120,208
09/24/2000,RYY,GA,ASO,ES,Federal Contract Tower,0,2,36,0,38,0,0,56,0,56,0,2,92,0,94,185,0,185,279
09/25/2000,RYY,GA,ASO,ES,Federal Contract Tower,0,2,37,0,39,0,0,20,2,22,0,2,57,2,61,52,4,56,117
09/26/2000,RYY,GA,ASO,ES,Federal Contract Tower,0,2,40,0,42,0,0,101,4,105,0,2,141,4,147,119,7,126,273
09/27/2000,RYY,GA,ASO,ES,Federal Contract Tower,0,0,28,0,28,0,0,216,3,219,0,0,244,3,247,194,4,198,445
09/28/2000,RYY,GA,ASO,ES,Federal Contract Tower,0,2,40,0,42,0,0,199,7,206,0,2,239,7,248,216,6,222,470
09/29/2000,RYY,GA,ASO,ES,Federal Contract Tower,0,1,42,0,43,0,0,199,10,209,0,1,241,10,252,174,15,189,441
09/30/2000,RYY,GA,ASO,ES,Federal Contract Tower,0,0,23,0,23,0,0,181,2,183,0,0,204,2,206,157,0,157,363
10/01/2000,RYY,GA,ASO,ES,Federal Contract Tower,0,0,16,0,16,0,0,227,0,227,0,0,243,0,243,155,0,155,398
10/02/2000,RYY,GA,ASO,ES,Federal Contract Tower,0,3,39,0,42,0,2,165,4,171,0,5,204,4,213,180,2,182,395
10/03/2000,RYY,GA,ASO,ES,Federal Contract Tower,0,2,37,0,39,0,0,162,3,165,0,2,199,3,204,274,21,295,499
10/04/2000,RYY,GA,ASO,ES,Federal Contract Tower,0,1,34,0,35,0,0,219,7,226,0,1,253,7,261,192,0,192,453
10/05/2000,RYY,GA,ASO,ES,Federal Contract Tower,0,2,30,0,32,0,0,178,3,181,0,2,208,3,213,178,4,182,395
10/06/2000,RYY,GA,ASO,ES,Federal Contract Tower,0,3,37,0,40,0,3,26,2,31,0,6,63,2,71,16,6,22,93
10/07/2000,RYY,GA,ASO,ES,Federal Contract Tower,0,2,17,0,19,0,0,162,0,162,0,2,179,0,181,126,0,126,307
10/08/2000,RYY,GA,ASO,ES,Federal Contract Tower,0,2,24,0,26,0,0,83,0,83,0,2,107,0,109,76,0,76,185
10/09/2000,RYY,GA,ASO,ES,Federal Contract Tower,0,3,46,0,49,0,1,90,1,92,0,4,136,1,141,143,0,143,284
10/10/2000,RYY,GA,ASO,ES,Federal Contract Tower,0,1,36,0,37,0,0,163,0,163,0,1,199,0,200,148,0,148,348
10/11/2000,RYY,GA,ASO,ES,Federal Contract Tower,0,3,39,0,42,0,1,254,7,262,0,4,293,7,304,288,2,290,594
10/12/2000,RYY,GA,ASO,ES,Federal Contract Tower,0,2,41,0,43,0,0,224,2,226,0,2,265,2,269,255,2,257,526
10/13/2000,RYY,GA,ASO,ES,Federal Contract Tower,0,1,30,1,32,0,0,200,3,203,0,1,230,4,235,242,2,244,479
10/14/2000,RYY,GA,ASO,ES,Federal Contract Tower,0,1,24,1,26,0,1,235,2,238,0,2,259,3,264,252,0,252,516
10/15/2000,RYY,GA,ASO,ES,Federal Contract Tower,0,2,41,0,43,0,2,213,0,215,0,4,254,0,258,182,0,182,440
10/16/2000,RYY,GA,ASO,ES,Federal Contract Tower,0,1,39,0,40,0,0,145,7,152,0,1,184,7,192,189,8,197,389
10/17/2000,RYY,GA,ASO,ES,Federal Contract Tower,0,1,35,0,36,0,0,179,0,179,0,1,214,0,215,169,22,191,406
10/18/2000,RYY,GA,ASO,ES,Federal Contract Tower,0,2,37,0,39,0,4,130,0,134,0,6,167,0,173,176,0,176,349
10/19/2000,RYY,GA,ASO,ES,Federal Contract Tower,0,2,35,0,37,0,0,105,1,106,0,2,140,1,143,165,0,165,308
10/20/2000,RYY,GA,ASO,ES,Federal Contract Tower,0,2,43,0,45,0,3,40,1,44,0,5,83,1,89,160,0,160,249
10/21/2000,RYY,GA,ASO,ES,Federal Contract Tower,0,0,44,0,44,0,0,117,12,129,0,0,161,12,173,218,9,227,400
10/22/2000,RYY,GA,ASO,ES,Federal Contract Tower,0,2,39,0,41,0,0,184,0,184,0,2,223,0,225,230,0,230,455
10/23/2000,RYY,GA,ASO,ES,Federal Contract Tower,0,1,35,0,36,0,0,120,3,123,0,1,155,3,159,253,10,263,422
10/24/2000,RYY,GA,ASO,ES,Federal Contract Tower,0,2,43,0,45,0,0,130,1,131,0,2,173,1,176,214,2,216,392
10/25/2000,RYY,GA,ASO,ES,Federal Contract Tower,0,2,38,0,40,0,0,76,0,76,0,2,114,0,116,240,0,240,356
10/26/2000,RYY,GA,ASO,ES,Federal Contract Tower,0,1,41,0,42,0,0,72,1,73,0,1,113,1,115,195,0,195,310
10/27/2000,RYY,GA,ASO,ES,Federal Contract Tower,0,2,40,0,42,0,4,115,3,122,0,6,155,3,164,95,0,95,259
10/28/2000,RYY,GA,ASO,ES,Federal Contract Tower,0,1,19,0,20,0,0,187,3,190,0,1,206,3,210,207,0,207,417
10/29/2000,RYY,GA,ASO,ES,Federal Contract Tower,0,1,17,0,18,0,1,179,0,180,0,2,196,0,198,182,0,182,380
10/30/2000,RYY,GA,ASO,ES,Federal Contract Tower,0,0,31,0,31,0,0,142,5,147,0,0,173,5,178,222,2,224,402
10/31/2000,RYY,GA,ASO,ES,Federal Contract Tower,0,0,39,0,39,0,0,181,1,182,0,0,220,1,221,152,0,152,373
11/01/2000,RYY,GA,ASO,ES,Federal Contract Tower,0,1,33,0,34,0,0,157,1,158,0,1,190,1,192,287,0,287,479
11/02/2000,RYY,GA,ASO,ES,Federal Contract Tower,0,5,46,0,51,0,0,161,0,161,0,5,207,0,212,235,0,235,447
11/03/2000,RYY,GA,ASO,ES,Federal Contract Tower,0,6,60,0,66,0,4,141,4,149,0,10,201,4,215,284,0,284,499
11/04/2000,RYY,GA,ASO,ES,Federal Contract Tower,0,4,37,0,41,0,2,44,2,48,0,6,81,2,89,86,0,86,175
11/05/2000,RYY,GA,ASO,ES,Federal Contract Tower,0,4,51,0,55,0,0,34,2,36,0,4,85,2,91,126,0,126,217
11/06/2000,RYY,GA,ASO,ES,Federal Contract Tower,0,2,28,0,30,0,0,25,0,25,0,2,53,0,55,14,0,14,69
11/07/2000,RYY,GA,ASO,ES,Federal Contract Tower,0,1,19,0,20,0,0,1,0,1,0,1,20,0,21,0,0,0,21
11/08/2000,RYY,GA,ASO,ES,Federal Contract Tower,0,2,24,0,26,0,0,18,0,18,0,2,42,0,44,14,0,14,58
11/09/2000,RYY,GA,ASO,ES,Federal Contract Tower,0,0,21,0,21,0,0,21,0,21,0,0,42,0,42,25,0,25,67
11/10/2000,RYY,GA,ASO,ES,Federal Contract Tower,0,0,44,1,45,0,0,135,0,135,0,0,179,1,180,187,5,192,372
11/11/2000,RYY,GA,ASO,ES,Federal Contract Tower,0,0,22,1,23,0,0,255,2,257,0,0,277,3,280,240,0,240,520
11/12/2000,RYY,GA,ASO,ES,Federal Contract Tower,0,0,17,0,17,0,0,215,0,215,0,0,232,0,232,251,0,251,483
11/13/2000,RYY,GA,ASO,ES,Federal Contract Tower,0,3,31,1,35,0,2,106,0,108,0,5,137,1,143,206,0,206,349
11/14/2000,RYY,GA,ASO,ES,Federal Contract Tower,0,0,37,1,38,0,0,130,3,133,0,0,167,4,171,104,2,106,277
11/15/2000,RYY,GA,ASO,ES,Federal Contract Tower,0,1,28,1,30,0,0,183,2,185,0,1,211,3,215,136,2,138,353
11/16/2000,RYY,GA,ASO,ES,Federal Contract Tower,0,3,46,0,49,0,0,34,0,34,0,3,80,0,83,62,0,62,145
11/17/2000,RYY,GA,ASO,ES,Federal Contract Tower,0,3,42,0,45,0,3,72,0,75,0,6,114,0,120,82,0,82,202
11/18/2000,RYY,GA,ASO,ES,Federal Contract Tower,0,2,35,0,37,0,0,94,0,94,0,2,129,0,131,194,0,194,325
11/19/2000,RYY,GA,ASO,ES,Federal Contract Tower,0,1,16,0,17,0,2,0,0,2,0,3,16,0,19,0,0,0,19
11/20/2000,RYY,GA,ASO,ES,Federal Contract Tower,0,2,27,0,29,0,1,101,3,105,0,3,128,3,134,114,1,115,249
11/21/2000,RYY,GA,ASO,ES,Federal Contract Tower,0,3,37,0,40,0,1,104,2,107,0,4,141,2,147,164,0,164,311
11/22/2000,RYY,GA,ASO,ES,Federal Contract Tower,0,4,44,0,48,0,3,180,0,183,0,7,224,0,231,84,0,84,315
11/23/2000,RYY,GA,ASO,ES,Federal Contract Tower,0,0,12,0,12,0,0,98,0,98,0,0,110,0,110,150,0,150,260
11/24/2000,RYY,GA,ASO,ES,Federal Contract Tower,0,2,23,0,25,0,0,77,0,77,0,2,100,0,102,182,0,182,284
11/25/2000,RYY,GA,ASO,ES,Federal Contract Tower,0,2,22,0,24,0,0,0,0,0,0,2,22,0,24,0,0,0,24
11/26/2000,RYY,GA,ASO,ES,Federal Contract Tower,0,5,63,0,68,0,7,97,0,104,0,12,160,0,172,200,0,200,372
11/27/2000,RYY,GA,ASO,ES,Federal Contract Tower,0,2,30,0,32,0,1,167,2,170,0,3,197,2,202,117,0,117,319
11/28/2000,RYY,GA,ASO,ES,Federal Contract Tower,0,0,32,0,32,0,0,173,0,173,0,0,205,0,205,195,0,195,400
11/29/2000,RYY,GA,ASO,ES,Federal Contract Tower,0,3,37,0,40,0,1,64,1,66,0,4,101,1,106,75,0,75,181
11/30/2000,RYY,GA,ASO,ES,Federal Contract Tower,0,2,28,0,30,0,3,196,5,204,0,5,224,5,234,154,2,156,390
12/01/2000,RYY,GA,ASO,ES,Federal Contract Tower,0,6,47,0,53,0,0,199,3,202,0,6,246,3,255,270,2,272,527
12/02/2000,RYY,GA,ASO,ES,Federal Contract Tower,0,2,24,0,26,0,0,157,0,157,0,2,181,0,183,234,0,234,417
12/03/2000,RYY,GA,ASO,ES,Federal Contract Tower,0,0,11,0,11,0,0,7,0,7,0,0,18,0,18,15,0,15,33
12/04/2000,RYY,GA,ASO,ES,Federal Contract Tower,0,1,44,0,45,0,0,136,0,136,0,1,180,0,181,105,0,105,286
12/05/2000,RYY,GA,ASO,ES,Federal Contract Tower,0,3,23,0,26,0,2,141,0,143,0,5,164,0,169,94,6,100,269
12/06/2000,RYY,GA,ASO,ES,Federal Contract Tower,0,4,45,0,49,0,0,118,1,119,0,4,163,1,168,139,0,139,307
12/07/2000,RYY,GA,ASO,ES,Federal Contract Tower,0,4,40,0,44,0,0,176,5,181,0,4,216,5,225,170,2,172,397
12/08/2000,RYY,GA,ASO,ES,Federal Contract Tower,0,4,28,0,32,0,3,185,1,189,0,7,213,1,221,231,0,231,452
12/09/2000,RYY,GA,ASO,ES,Federal Contract Tower,0,2,17,0,19,0,0,124,0,124,0,2,141,0,143,233,0,233,376
12/10/2000,RYY,GA,ASO,ES,Federal Contract Tower,0,3,28,0,31,0,1,8,0,9,0,4,36,0,40,0,0,0,40
12/11/2000,RYY,GA,ASO,ES,Federal Contract Tower,0,2,37,0,39,0,0,13,2,15,0,2,50,2,54,44,0,44,98
12/12/2000,RYY,GA,ASO,ES,Federal Contract Tower,0,4,32,0,36,0,0,123,2,125,0,4,155,2,161,70,0,70,231
12/13/2000,RYY,GA,ASO,ES,Federal Contract Tower,0,3,27,0,30,0,0,25,1,26,0,3,52,1,56,22,0,22,78
12/14/2000,RYY,GA,ASO,ES,Federal Contract Tower,0,4,37,0,41,0,2,2,0,4,0,6,39,0,45,0,0,0,45
12/15/2000,RYY,GA,ASO,ES,Federal Contract Tower,0,3,28,0,31,0,0,1,0,1,0,3,29,0,32,0,0,0,32
12/16/2000,RYY,GA,ASO,ES,Federal Contract Tower,0,0,2,0,2,0,0,0,0,0,0,0,2,0,2,0,0,0,2
12/17/2000,RYY,GA,ASO,ES,Federal Contract Tower,0,0,10,0,10,0,0,25,0,25,0,0,35,0,35,13,0,13,48
12/18/2000,RYY,GA,ASO,ES,Federal Contract Tower,0,0,25,0,25,0,0,188,2,190,0,0,213,2,215,220,0,220,435
12/19/2000,RYY,GA,ASO,ES,Federal Contract Tower,0,0,5,0,5,0,4,11,0,15,0,4,16,0,20,0,0,0,20
12/20/2000,RYY,GA,ASO,ES,Federal Contract Tower,0,3,38,0,41,0,1,134,6,141,0,4,172,6,182,123,2,125,307
12/21/2000,RYY,GA,ASO,ES,Federal Contract Tower,0,1,16,0,17,0,2,0,2,4,0,3,16,2,21,39,2,41,62
12/22/2000,RYY,GA,ASO,ES,Federal Contract Tower,0,1,23,0,24,0,0,89,4,93,0,1,112,4,117,40,4,44,161
12/23/2000,RYY,GA,ASO,ES,Federal Contract Tower,0,2,24,0,26,0,1,223,5,229,0,3,247,5,255,188,0,188,443
12/24/2000,RYY,GA,ASO,ES,Federal Contract Tower,0,0,11,0,11,0,0,99,1,100,0,0,110,1,111,64,0,64,175
12/25/2000,RYY,GA,ASO,ES,Federal Contract Tower,0,0,9,0,9,0,3,56,0,59,0,3,65,0,68,55,2,57,125
12/26/2000,RYY,GA,ASO,ES,Federal Contract Tower,0,4,46,0,50,0,1,118,0,119,0,5,164,0,169,187,0,187,356
12/27/2000,RYY,GA,ASO,ES,Federal Contract Tower,0,2,22,0,24,0,2,3,0,5,0,4,25,0,29,0,0,0,29
12/28/2000,RYY,GA,ASO,ES,Federal Contract Tower,0,2,23,0,25,0,0,27,2,29,0,2,50,2,54,146,0,146,200
12/29/2000,RYY,GA,ASO,ES,Federal Contract Tower,0,2,25,0,27,0,0,162,0,162,0,2,187,0,189,270,1,271,460
12/30/2000,RYY,GA,ASO,ES,Federal Contract Tower,0,1,17,0,18,0,0,38,0,38,0,1,55,0,56,65,0,65,121
12/31/2000,RYY,GA,ASO,ES,Federal Contract Tower,0,2,19,0,21,0,2,109,0,111,0,4,128,0,132,240,0,240,372
01/01/2001,RYY,GA,ASO,ES,Federal Contract Tower,0,1,12,0,13,0,0,15,0,15,0,1,27,0,28,8,0,8,36
01/02/2001,RYY,GA,ASO,ES,Federal Contract Tower,0,1,12,0,13,0,2,132,3,137,0,3,144,3,150,147,0,147,297
01/03/2001,RYY,GA,ASO,ES,Federal Contract Tower,0,3,30,0,33,0,1,175,1,177,0,4,205,1,210,155,27,182,392
01/04/2001,RYY,GA,ASO,ES,Federal Contract Tower,0,0,32,0,32,0,0,211,2,213,0,0,243,2,245,140,5,145,390
01/05/2001,RYY,GA,ASO,ES,Federal Contract Tower,0,1,30,0,31,0,0,173,4,177,0,1,203,4,208,196,0,196,404
01/06/2001,RYY,GA,ASO,ES,Federal Contract Tower,0,0,24,0,24,0,0,313,3,316,0,0,337,3,340,168,0,168,508
01/07/2001,RYY,GA,ASO,ES,Federal Contract Tower,0,1,17,0,18,0,0,158,2,160,0,1,175,2,178,310,0,310,488
01/08/2001,RYY,GA,ASO,ES,Federal Contract Tower,0,0,26,0,26,0,0,20,1,21,0,0,46,1,47,87,0,87,134
01/09/2001,RYY,GA,ASO,ES,Federal Contract Tower,0,2,32,0,34,0,0,89,0,89,0,2,121,0,123,95,2,97,220
01/10/2001,RYY,GA,ASO,ES,Federal Contract Tower,0,2,20,0,22,0,0,199,5,204,0,2,219,5,226,146,1,147,373
01/11/2001,RYY,GA,ASO,ES,Federal Contract Tower,0,3,28,0,31,0,1,69,2,72,0,4,97,2,103,176,4,180,283
01/12/2001,RYY,GA,ASO,ES,Federal Contract Tower,0,0,32,0,32,0,0,11,0,11,0,0,43,0,43,48,0,48,91
01/13/2001,RYY,GA,ASO,ES,Federal Contract Tower,0,2,19,0,21,0,0,182,1,183,0,2,201,1,204,224,0,224,428
01/14/2001,RYY,GA,ASO,ES,Federal Contract Tower,0,0,25,0,25,0,0,74,2,76,0,0,99,2,101,250,0,250,351
01/15/2001,RYY,GA,ASO,ES,Federal Contract Tower,0,0,31,1,32,0,0,152,4,156,0,0,183,5,188,206,6,212,400
01/16/2001,RYY,GA,ASO,ES,Federal Contract Tower,0,2,39,1,42,0,2,94,3,99,0,4,133,4,141,184,0,184,325
01/17/2001,RYY,GA,ASO,ES,Federal Contract Tower,0,1,24,0,25,0,0,0,0,0,0,1,24,0,25,2,0,2,27
01/18/2001,RYY,GA,ASO,ES,Federal Contract Tower,0,2,25,0,27,0,5,0,0,5,0,7,25,0,32,0,0,0,32
01/19/2001,RYY,GA,ASO,ES,Federal Contract Tower,0,2,33,0,35,0,1,5,0,6,0,3,38,0,41,0,0,0,41
01/20/2001,RYY,GA,ASO,ES,Federal Contract Tower,0,0,10,0,10,0,1,8,3,12,0,1,18,3,22,0,0,0,22
01/21/2001,RYY,GA,ASO,ES,Federal Contract Tower,0,0,19,0,19,0,0,213,5,218,0,0,232,5,237,207,0,207,444
01/22/2001,RYY,GA,ASO,ES,Federal Contract Tower,0,0,28,0,28,0,0,156,2,158,0,0,184,2,186,199,4,203,389
01/23/2001,RYY,GA,ASO,ES,Federal Contract Tower,0,2,38,0,40,0,0,170,13,183,0,2,208,13,223,253,18,271,494
01/24/2001,RYY,GA,ASO,ES,Federal Contract Tower,0,2,35,0,37,0,0,151,5,156,0,2,186,5,193,192,0,192,385
01/25/2001,RYY,GA,ASO,ES,Federal Contract Tower,0,3,40,0,43,0,0,115,3,118,0,3,155,3,161,70,0,70,231
01/26/2001,RYY,GA,ASO,ES,Federal Contract Tower,0,1,26,0,27,0,3,164,5,172,0,4,190,5,199,184,5,189,388
01/27/2001,RYY,GA,ASO,ES,Federal Contract Tower,0,2,34,0,36,0,1,202,0,203,0,3,236,0,239,111,0,111,350
01/28/2001,RYY,GA,ASO,ES,Federal Contract Tower,0,1,21,0,22,0,1,247,2,250,0,2,268,2,272,196,0,196,468
01/29/2001,RYY,GA,ASO,ES,Federal Contract Tower,0,2,27,0,29,0,2,97,2,101,0,4,124,2,130,46,0,46,176
01/30/2001,RYY,GA,ASO,ES,Federal Contract Tower,0,2,34,0,36,0,1,110,2,113,0,3,144,2,149,101,0,101,250
01/31/2001,RYY,GA,ASO,ES,Federal Contract Tower,0,2,37,0,39,0,3,183,1,187,0,5,220,1,226,250,0,250,476
02/01/2001,RYY,GA,ASO,ES,Federal Contract Tower,0,3,37,0,40,0,0,130,1,131,0,3,167,1,171,203,2,205,376
02/02/2001,RYY,GA,ASO,ES,Federal Contract Tower,0,1,42,0,43,0,0,127,2,129,0,1,169,2,172,145,1,146,318
02/03/2001,RYY,GA,ASO,ES,Federal Contract Tower,0,0,20,0,20,0,0,256,11,267,0,0,276,11,287,334,0,334,621
02/04/2001,RYY,GA,ASO,ES,Federal Contract Tower,0,0,16,0,16,0,0,206,3,209,0,0,222,3,225,241,13,254,479
02/05/2001,RYY,GA,ASO,ES,Federal Contract Tower,0,1,32,0,33,0,0,153,2,155,0,1,185,2,188,84,0,84,272
02/06/2001,RYY,GA,ASO,ES,Federal Contract Tower,0,2,34,0,36,0,0,163,3,166,0,2,197,3,202,158,6,164,366
02/07/2001,RYY,GA,ASO,ES,Federal Contract Tower,0,3,29,0,32,0,1,192,10,203,0,4,221,10,235,196,2,198,433
02/08/2001,RYY,GA,ASO,ES,Federal Contract Tower,0,4,50,0,54,0,4,191,0,195,0,8,241,0,249,225,0,225,474
02/09/2001,RYY,GA,ASO,ES,Federal Contract Tower,0,3,30,0,33,0,2,93,2,97,0,5,123,2,130,112,0,112,242
02/10/2001,RYY,GA,ASO,ES,Federal Contract Tower,0,0,17,0,17,0,0,128,1,129,0,0,145,1,146,79,0,79,225
02/11/2001,RYY,GA,ASO,ES,Federal Contract Tower,0,1,18,1,20,0,1,155,1,157,0,2,173,2,177,184,0,184,361
02/12/2001,RYY,GA,ASO,ES,Federal Contract Tower,0,2,24,0,26,0,5,0,0,5,0,7,24,0,31,2,0,2,33
02/13/2001,RYY,GA,ASO,ES,Federal Contract Tower,0,2,31,0,33,0,0,0,0,0,0,2,31,0,33,2,0,2,35
02/14/2001,RYY,GA,ASO,ES,Federal Contract Tower,0,2,29,0,31,0,3,0,0,3,0,5,29,0,34,32,0,32,66
02/15/2001,RYY,GA,ASO,ES,Federal Contract Tower,0,0,44,0,44,0,0,39,2,41,0,0,83,2,85,198,0,198,283
02/16/2001,RYY,GA,ASO,ES,Federal Contract Tower,0,3,52,0,55,0,1,13,2,16,0,4,65,2,71,76,0,76,147
02/17/2001,RYY,GA,ASO,ES,Federal Contract Tower,0,0,20,0,20,0,0,80,7,87,0,0,100,7,107,50,0,50,157
02/18/2001,RYY,GA,ASO,ES,Federal Contract Tower,0,1,31,0,32,0,0,236,2,238,0,1,267,2,270,144,0,144,414
02/19/2001,RYY,GA,ASO,ES,Federal Contract Tower,0,1,33,0,34,0,0,180,0,180,0,1,213,0,214,219,0,219,433
02/20/2001,RYY,GA,ASO,ES,Federal Contract Tower,0,2,81,0,83,0,0,60,0,60,0,2,141,0,143,87,0,87,230
02/21/2001,RYY,GA,ASO,ES,Federal Contract Tower,0,3,43,0,46,0,3,102,0,105,0,6,145,0,151,278,0,278,429
02/22/2001,RYY,GA,ASO,ES,Federal Contract Tower,0,1,27,0,28,0,0,0,0,0,0,1,27,0,28,0,0,0,28
02/23/2001,RYY,GA,ASO,ES,Federal Contract Tower,0,3,54,0,57,0,0,202,2,204,0,3,256,2,261,219,0,219,480
02/24/2001,RYY,GA,ASO,ES,Federal Contract Tower,0,1,45,0,46,0,0,21,2,23,0,1,66,2,69,189,0,189,258
02/25/2001,RYY,GA,ASO,ES,Federal Contract Tower,0,1,25,0,26,0,1,8,0,9,0,2,33,0,35,55,0,55,90
02/26/2001,RYY,GA,ASO,ES,Federal Contract Tower,0,2,33,0,35,0,1,206,2,209,0,3,239,2,244,236,2,238,482
02/27/2001,RYY,GA,ASO,ES,Federal Contract Tower,0,1,19,0,20,0,0,144,0,144,0,1,163,0,164,241,0,241,405
02/28/2001,RYY,GA,ASO,ES,Federal Contract Tower,0,2,35,0,37,0,1,105,0,106,0,3,140,0,143,235,0,235,378
03/01/2001,RYY,GA,ASO,ES,Federal Contract Tower,0,0,35,0,35,0,0,201,1,202,0,0,236,1,237,188,5,193,430
03/02/2001,RYY,GA,ASO,ES,Federal Contract Tower,0,1,36,0,37,0,0,24,0,24,0,1,60,0,61,2,0,2,63
03/03/2001,RYY,GA,ASO,ES,Federal Contract Tower,0,0,17,0,17,0,0,2,0,2,0,0,19,0,19,0,0,0,19
03/04/2001,RYY,GA,ASO,ES,Federal Contract Tower,0,1,39,0,40,0,0,25,0,25,0,1,64,0,65,18,0,18,83
03/05/2001,RYY,GA,ASO,ES,Federal Contract Tower,0,1,23,0,24,0,0,48,0,48,0,1,71,0,72,36,4,40,112
03/06/2001,RYY,GA,ASO,ES,Federal Contract Tower,0,0,11,0,11,0,0,33,4,37,0,0,44,4,48,6,8,14,62
03/07/2001,RYY,GA,ASO,ES,Federal Contract Tower,0,3,44,0,47,0,0,138,6,144,0,3,182,6,191,98,21,119,310
03/08/2001,RYY,GA,ASO,ES,Federal Contract Tower,0,3,42,0,45,0,0,201,4,205,0,3,243,4,250,307,0,307,557
03/09/2001,RYY,GA,ASO,ES,Federal Contract Tower,0,3,34,0,37,0,2,125,2,129,0,5,159,2,166,219,0,219,385
03/10/2001,RYY,GA,ASO,ES,Federal Contract Tower,0,1,23,0,24,0,0,285,3,288,0,1,308,3,312,209,0,209,521
03/11/2001,RYY,GA,ASO,ES,Federal Contract Tower,0,3,34,0,37,0,1,234,0,235,0,4,268,0,272,204,0,204,476
03/12/2001,RYY,GA,ASO,ES,Federal Contract Tower,0,0,28,0,28,0,0,2,0,2,0,0,30,0,30,0,0,0,30
03/13/2001,RYY,GA,ASO,ES,Federal Contract Tower,0,2,43,1,46,0,1,98,2,101,0,3,141,3,147,77,4,81,228
03/14/2001,RYY,GA,ASO,ES,Federal Contract Tower,0,3,54,1,58,0,6,185,5,196,0,9,239,6,254,341,8,349,603
03/15/2001,RYY,GA,ASO,ES,Federal Contract Tower,0,2,34,1,37,0,0,50,2,52,0,2,84,3,89,179,2,181,270
03/16/2001,RYY,GA,ASO,ES,Federal Contract Tower,0,2,34,1,37,0,2,196,8,206,0,4,230,9,243,221,20,241,484
03/17/2001,RYY,GA,ASO,ES,Federal Contract Tower,0,1,33,0,34,0,2,170,2,174,0,3,203,2,208,101,0,101,309
03/18/2001,RYY,GA,ASO,ES,Federal Contract Tower,0,1,27,0,28,0,4,196,0,200,0,5,223,0,228,192,0,192,420
03/19/2001,RYY,GA,ASO,ES,Federal Contract Tower,0,1,24,0,25,0,0,41,3,44,0,1,65,3,69,38,0,38,107
03/20/2001,RYY,GA,ASO,ES,Federal Contract Tower,0,0,18,0,18,0,1,0,1,2,0,1,18,1,20,18,0,18,38
03/21/2001,RYY,GA,ASO,ES,Federal Contract Tower,0,2,45,0,47,0,2,33,0,35,0,4,78,0,82,12,0,12,94
03/22/2001,RYY,GA,ASO,ES,Federal Contract Tower,0,0,39,0,39,0,0,171,5,176,0,0,210,5,215,142,0,142,357
03/23/2001,RYY,GA,ASO,ES,Federal Contract Tower,0,2,43,0,45,0,1,271,6,278,0,3,314,6,323,300,6,306,629
03/24/2001,RYY,GA,ASO,ES,Federal Contract Tower,0,2,40,0,42,0,1,214,0,215,0,3,254,0,257,224,1,225,482
03/25/2001,RYY,GA,ASO,ES,Federal Contract Tower,0,2,36,0,38,0,2,226,0,228,0,4,262,0,266,134,0,134,400
03/26/2001,RYY,GA,ASO,ES,Federal Contract Tower,0,2,38,0,40,0,0,135,3,138,0,2,173,3,178,77,2,79,257
03/27/2001,RYY,GA,ASO,ES,Federal Contract Tower,0,2,43,0,45,0,1,214,6,221,0,3,257,6,266,220,1,221,487
03/28/2001,RYY,GA,ASO,ES,Federal Contract Tower,0,1,38,0,39,0,0,137,0,137,0,1,175,0,176,277,2,279,455
03/29/2001,RYY,GA,ASO,ES,Federal Contract Tower,0,1,32,0,33,0,1,0,0,1,0,2,32,0,34,0,0,0,34
03/30/2001,RYY,GA,ASO,ES,Federal Contract Tower,0,0,49,0,49,0,0,24,1,25,0,0,73,1,74,51,0,51,125
03/31/2001,RYY,GA,ASO,ES,Federal Contract Tower,0,0,43,0,43,0,0,72,0,72,0,0,115,0,115,212,0,212,327
04/01/2001,RYY,GA,ASO,ES,Federal Contract Tower,0,1,25,1,27,0,1,39,1,41,0,2,64,2,68,44,0,44,112
04/02/2001,RYY,GA,ASO,ES,Federal Contract Tower,0,0,27,0,27,0,0,183,0,183,0,0,210,0,210,193,2,195,405
04/03/2001,RYY,GA,ASO,ES,Federal Contract Tower,0,2,21,1,24,0,2,7,1,10,0,4,28,2,34,0,5,5,39
04/04/2001,RYY,GA,ASO,ES,Federal Contract Tower,0,3,35,1,39,0,0,33,1,34,0,3,68,2,73,144,2,146,219
04/05/2001,RYY,GA,ASO,ES,Federal Contract Tower,0,3,67,2,72,0,0,9,0,9,0,3,76,2,81,0,0,0,81
04/06/2001,RYY,GA,ASO,ES,Federal Contract Tower,0,3,33,1,37,0,3,90,3,96,0,6,123,4,133,269,3,272,405
04/07/2001,RYY,GA,ASO,ES,Federal Contract Tower,0,3,32,1,36,0,0,199,1,200,0,3,231,2,236,177,0,177,413
04/08/2001,RYY,GA,ASO,ES,Federal Contract Tower,0,2,32,1,35,0,4,183,2,189,0,6,215,3,224,180,0,180,404
04/09/2001,RYY,GA,ASO,ES,Federal Contract Tower,0,2,48,2,52,0,0,121,1,122,0,2,169,3,174,251,0,251,425
04/10/2001,RYY,GA,ASO,ES,Federal Contract Tower,0,2,46,2,50,0,0,148,0,148,0,2,194,2,198,201,2,203,401
04/11/2001,RYY,GA,ASO,ES,Federal Contract Tower,0,2,39,1,42,0,0,126,3,129,0,2,165,4,171,162,0,162,333
04/12/2001,RYY,GA,ASO,ES,Federal Contract Tower,0,4,55,2,61,0,2,74,3,79,0,6,129,5,140,89,0,89,229
04/13/2001,RYY,GA,ASO,ES,Federal Contract Tower,0,0,43,0,43,0,0,62,0,62,0,0,105,0,105,208,0,208,313
04/14/2001,RYY,GA,ASO,ES,Federal Contract Tower,0,0,29,0,29,0,0,213,0,213,0,0,242,0,242,207,0,207,449
04/15/2001,RYY,GA,ASO,ES,Federal Contract Tower,0,1,19,0,20,0,1,23,0,24,0,2,42,0,44,16,0,16,60
04/16/2001,RYY,GA,ASO,ES,Federal Contract Tower,0,1,41,0,42,0,0,109,0,109,0,1,150,0,151,26,0,26,177
04/17/2001,RYY,GA,ASO,ES,Federal Contract Tower,0,2,40,0,42,0,0,42,0,42,0,2,82,0,84,14,2,16,100
04/18/2001,RYY,GA,ASO,ES,Federal Contract Tower,0,3,37,0,40,0,1,142,2,145,0,4,179,2,185,102,0,102,287
04/19/2001,RYY,GA,ASO,ES,Federal Contract Tower,0,3,48,1,52,0,3,189,5,197,0,6,237,6,249,232,0,232,481
04/20/2001,RYY,GA,ASO,ES,Federal Contract Tower,0,0,25,0,25,0,0,165,9,174,0,0,190,9,199,97,0,97,296
04/21/2001,RYY,GA,ASO,ES,Federal Contract Tower,0,0,18,0,18,0,0,215,1,216,0,0,233,1,234,173,0,173,407
04/22/2001,RYY,GA,ASO,ES,Federal Contract Tower,0,1,22,0,23,0,1,250,0,251,0,2,272,0,274,182,0,182,456
04/23/2001,RYY,GA,ASO,ES,Federal Contract Tower,0,2,47,1,50,0,0,131,13,144,0,2,178,14,194,111,4,115,309
04/24/2001,RYY,GA,ASO,ES,Federal Contract Tower,0,1,37,0,38,0,0,50,1,51,0,1,87,1,89,123,0,123,212
04/25/2001,RYY,GA,ASO,ES,Federal Contract Tower,0,3,51,0,54,0,2,142,0,144,0,5,193,0,198,150,0,150,348
04/26/2001,RYY,GA,ASO,ES,Federal Contract Tower,0,1,38,0,39,0,0,192,5,197,0,1,230,5,236,246,12,258,494
04/27/2001,RYY,GA,ASO,ES,Federal Contract Tower,0,3,48,1,52,0,1,185,7,193,0,4,233,8,245,232,0,232,477
04/28/2001,RYY,GA,ASO,ES,Federal Contract Tower,0,1,16,0,17,0,0,236,0,236,0,1,252,0,253,211,0,211,464
04/29/2001,RYY,GA,ASO,ES,Federal Contract Tower,0,3,42,0,45,0,2,150,3,155,0,5,192,3,200,101,0,101,301
04/30/2001,RYY,GA,ASO,ES,Federal Contract Tower,0,1,32,0,33,0,0,158,5,163,0,1,190,5,196,216,0,216,412
05/01/2001,RYY,GA,ASO,ES,Federal Contract Tower,0,3,30,0,33,0,0,167,5,172,0,3,197,5,205,271,15,286,491
05/02/2001,RYY,GA,ASO,ES,Federal Contract Tower,0,1,27,0,28,0,0,148,1,149,0,1,175,1,177,313,3,316,493
05/03/2001,RYY,GA,ASO,ES,Federal Contract Tower,0,4,33,0,37,0,2,154,1,157,0,6,187,1,194,291,0,291,485
05/04/2001,RYY,GA,ASO,ES,Federal Contract Tower,0,4,29,0,33,0,1,201,0,202,0,5,230,0,235,192,0,192,427
05/05/2001,RYY,GA,ASO,ES,Federal Contract Tower,0,2,18,0,20,0,0,258,1,259,0,2,276,1,279,138,0,138,417
05/06/2001,RYY,GA,ASO,ES,Federal Contract Tower,0,3,25,0,28,0,0,148,0,148,0,3,173,0,176,109,0,109,285
05/07/2001,RYY,GA,ASO,ES,Federal Contract Tower,0,2,29,0,31,0,0,66,0,66,0,2,95,0,97,145,0,145,242
05/08/2001,RYY,GA,ASO,ES,Federal Contract Tower,0,2,46,0,48,0,0,120,0,120,0,2,166,0,168,201,0,201,369
05/09/2001,RYY,GA,ASO,ES,Federal Contract Tower,0,2,29,0,31,0,0,112,1,113,0,2,141,1,144,174,0,174,318
05/10/2001,RYY,GA,ASO,ES,Federal Contract Tower,0,4,43,1,48,0,0,145,1,146,0,4,188,2,194,157,0,157,351
05/11/2001,RYY,GA,ASO,ES,Federal Contract Tower,0,3,36,0,39,0,3,100,0,103,0,6,136,0,142,194,0,194,336
05/12/2001,RYY,GA,ASO,ES,Federal Contract Tower,0,2,27,0,29,0,1,170,0,171,0,3,197,0,200,193,0,193,393
05/13/2001,RYY,GA,ASO,ES,Federal Contract Tower,0,3,30,0,33,0,2,169,0,171,0,5,199,0,204,134,0,134,338
05/14/2001,RYY,GA,ASO,ES,Federal Contract Tower,0,1,32,0,33,0,0,215,5,220,0,1,247,5,253,147,1,148,401
05/15/2001,RYY,GA,ASO,ES,Federal Contract Tower,0,0,32,0,32,0,0,207,5,212,0,0,239,5,244,188,0,188,432
05/16/2001,RYY,GA,ASO,ES,Federal Contract Tower,0,1,28,0,29,0,0,181,8,189,0,1,209,8,218,206,0,206,424
05/17/2001,RYY,GA,ASO,ES,Federal Contract Tower,0,2,24,0,26,0,3,190,2,195,0,5,214,2,221,202,21,223,444
05/18/2001,RYY,GA,ASO,ES,Federal Contract Tower,0,3,43,0,46,0,0,173,5,178,0,3,216,5,224,131,0,131,355
05/19/2001,RYY,GA,ASO,ES,Federal Contract Tower,0,2,22,0,24,0,3,96,1,100,0,5,118,1,124,138,0,138,262
05/20/2001,RYY,GA,ASO,ES,Federal Contract Tower,0,3,44,0,47,0,0,31,0,31,0,3,75,0,78,139,0,139,217
05/21/2001,RYY,GA,ASO,ES,Federal Contract Tower,0,2,49,0,51,0,0,32,0,32,0,2,81,0,83,41,0,41,124
05/22/2001,RYY,GA,ASO,ES,Federal Contract Tower,0,0,36,0,36,0,0,73,0,73,0,0,109,0,109,24,0,24,133
05/23/2001,RYY,GA,ASO,ES,Federal Contract Tower,0,4,51,0,55,0,0,272,7,279,0,4,323,7,334,248,8,256,590
05/24/2001,RYY,GA,ASO,ES,Federal Contract Tower,0,2,32,0,34,0,0,78,0,78,0,2,110,0,112,101,0,101,213
05/25/2001,RYY,GA,ASO,ES,Federal Contract Tower,0,4,37,0,41,0,0,142,5,147,0,4,179,5,188,121,20,141,329
05/26/2001,RYY,GA,ASO,ES,Federal Contract Tower,0,2,31,0,33,0,0,262,2,264,0,2,293,2,297,182,0,182,479
05/27/2001,RYY,GA,ASO,ES,Federal Contract Tower,0,0,14,0,14,0,0,159,0,159,0,0,173,0,173,187,0,187,360
05/28/2001,RYY,GA,ASO,ES,Federal Contract Tower,0,2,30,0,32,0,0,46,0,46,0,2,76,0,78,98,0,98,176
05/29/2001,RYY,GA,ASO,ES,Federal Contract Tower,0,1,46,0,47,0,0,137,0,137,0,1,183,0,184,153,0,153,337
05/30/2001,RYY,GA,ASO,ES,Federal Contract Tower,0,3,47,0,50,0,0,228,0,228,0,3,275,0,278,262,2,264,542
05/31/2001,RYY,GA,ASO,ES,Federal Contract Tower,0,2,28,0,30,0,0,102,5,107,0,2,130,5,137,228,14,242,379
06/01/2001,RYY,GA,ASO,ES,Federal Contract Tower,0,2,28,0,30,0,3,9,0,12,0,5,37,0,42,0,0,0,42
06/02/2001,RYY,GA,ASO,ES,Federal Contract Tower,0,3,30,0,33,0,5,223,5,233,0,8,253,5,266,226,0,226,492
06/03/2001,RYY,GA,ASO,ES,Federal Contract Tower,0,2,29,0,31,0,1,132,5,138,0,3,161,5,169,123,0,123,292
06/04/2001,RYY,GA,ASO,ES,Federal Contract Tower,0,2,37,0,39,0,0,61,0,61,0,2,98,0,100,100,0,100,200
06/05/2001,RYY,GA,ASO,ES,Federal Contract Tower,0,0,32,0,32,0,0,157,6,163,0,0,189,6,195,290,2,292,487
06/06/2001,RYY,GA,ASO,ES,Federal Contract Tower,0,0,32,0,32,0,0,90,1,91,0,0,122,1,123,108,2,110,233
06/07/2001,RYY,GA,ASO,ES,Federal Contract Tower,0,3,40,0,43,0,0,56,0,56,0,3,96,0,99,99,0,99,198
06/08/2001,RYY,GA,ASO,ES,Federal Contract Tower,0,0,37,0,37,0,0,45,2,47,0,0,82,2,84,118,0,118,202
06/09/2001,RYY,GA,ASO,ES,Federal Contract Tower,0,1,44,0,45,0,0,172,0,172,0,1,216,0,217,341,0,341,558
06/10/2001,RYY,GA,ASO,ES,Federal Contract Tower,0,0,16,1,17,0,0,245,0,245,0,0,261,1,262,342,0,342,604
06/11/2001,RYY,GA,ASO,ES,Federal Contract Tower,0,2,32,1,35,0,1,93,1,95,0,3,125,2,130,231,6,237,367
06/12/2001,RYY,GA,ASO,ES,Federal Contract Tower,0,2,37,1,40,0,1,25,3,29,0,3,62,4,69,62,2,64,133
06/13/2001,RYY,GA,ASO,ES,Federal Contract Tower,0,3,45,1,49,0,2,150,3,155,0,5,195,4,204,212,0,212,416
06/14/2001,RYY,GA,ASO,ES,Federal Contract Tower,0,3,53,1,57,0,0,156,13,169,0,3,209,14,226,308,0,308,534
06/15/2001,RYY,GA,ASO,ES,Federal Contract Tower,0,0,61,0,61,0,0,76,2,78,0,0,137,2,139,78,0,78,217
06/16/2001,RYY,GA,ASO,ES,Federal Contract Tower,0,0,31,0,31,0,0,189,0,189,0,0,220,0,220,87,0,87,307
06/17/2001,RYY,GA,ASO,ES,Federal Contract Tower,0,1,17,0,18,0,0,212,2,214,0,1,229,2,232,240,0,240,472
06/18/2001,RYY,GA,ASO,ES,Federal Contract Tower,0,1,38,0,39,0,0,202,4,206,0,1,240,4,245,195,3,198,443
06/19/2001,RYY,GA,ASO,ES,Federal Contract Tower,0,2,37,0,39,0,3,159,2,164,0,5,196,2,203,173,0,173,376
06/20/2001,RYY,GA,ASO,ES,Federal Contract Tower,0,2,55,0,57,0,0,225,7,232,0,2,280,7,289,227,9,236,525
06/21/2001,RYY,GA,ASO,ES,Federal Contract Tower,0,2,46,0,48,0,1,146,5,152,0,3,192,5,200,301,9,310,510
06/22/2001,RYY,GA,ASO,ES,Federal Contract Tower,0,2,42,0,44,0,4,73,0,77,0,6,115,0,121,134,13,147,268
06/23/2001,RYY,GA,ASO,ES,Federal Contract Tower,0,1,39,0,40,0,0,345,4,349,0,1,384,4,389,98,0,98,487
06/24/2001,RYY,GA,ASO,ES,Federal Contract Tower,0,0,43,0,43,0,0,291,0,291,0,0,334,0,334,174,0,174,508
06/25/2001,RYY,GA,ASO,ES,Federal Contract Tower,0,2,31,0,33,0,2,90,3,95,0,4,121,3,128,149,0,149,277
06/26/2001,RYY,GA,ASO,ES,Federal Contract Tower,0,2,40,0,42,0,5,40,0,45,0,7,80,0,87,64,0,64,151
06/27/2001,RYY,GA,ASO,ES,Federal Contract Tower,0,2,39,0,41,0,0,163,0,163,0,2,202,0,204,283,2,285,489
06/28/2001,RYY,GA,ASO,ES,Federal Contract Tower,0,3,49,0,52,0,3,159,8,170,0,6,208,8,222,251,0,251,473
06/29/2001,RYY,GA,ASO,ES,Federal Contract Tower,0,0,37,0,37,0,0,103,3,106,0,0,140,3,143,190,4,194,337
06/30/2001,RYY,GA,ASO,ES,Federal Contract Tower,0,1,39,0,40,0,0,156,0,156,0,1,195,0,196,317,0,317,513
07/01/2001,RYY,GA,ASO,ES,Federal Contract Tower,0,3,38,0,41,0,0,113,2,115,0,3,151,2,156,226,0,226,382
07/02/2001,RYY,GA,ASO,ES,Federal Contract Tower,0,3,32,0,35,0,1,125,5,131,0,4,157,5,166,151,0,151,317
07/03/2001,RYY,GA,ASO,ES,Federal Contract Tower,0,3,32,0,35,0,1,105,2,108,0,4,137,2,143,164,0,164,307
07/04/2001,RYY,GA,ASO,ES,Federal Contract Tower,0,2,35,0,37,0,0,97,1,98,0,2,132,1,135,221,0,221,356
07/05/2001,RYY,GA,ASO,ES,Federal Contract Tower,0,3,30,0,33,0,1,132,2,135,0,4,162,2,168,161,0,161,329
07/06/2001,RYY,GA,ASO,ES,Federal Contract Tower,0,2,55,0,57,0,0,185,5,190,0,2,240,5,247,229,8,237,484
07/07/2001,RYY,GA,ASO,ES,Federal Contract Tower,0,1,19,0,20,0,0,264,0,264,0,1,283,0,284,225,0,225,509
07/08/2001,RYY,GA,ASO,ES,Federal Contract Tower,0,2,23,0,25,0,0,170,0,170,0,2,193,0,195,207,0,207,402
07/09/2001,RYY,GA,ASO,ES,Federal Contract Tower,0,3,29,0,32,0,0,129,0,129,0,3,158,0,161,177,1,178,339
07/10/2001,RYY,GA,ASO,ES,Federal Contract Tower,0,2,54,0,56,0,0,121,2,123,0,2,175,2,179,204,0,204,383
07/11/2001,RYY,GA,ASO,ES,Federal Contract Tower,0,3,48,0,51,0,0,105,0,105,0,3,153,0,156,140,0,140,296
07/12/2001,RYY,GA,ASO,ES,Federal Contract Tower,0,2,51,0,53,0,0,171,4,175,0,2,222,4,228,275,10,285,513
07/13/2001,RYY,GA,ASO,ES,Federal Contract Tower,0,0,34,1,35,0,0,205,5,210,0,0,239,6,245,138,2,140,385
07/14/2001,RYY,GA,ASO,ES,Federal Contract Tower,0,2,33,1,36,0,3,160,5,168,0,5,193,6,204,210,8,218,422
07/15/2001,RYY,GA,ASO,ES,Federal Contract Tower,0,1,26,1,28,0,2,204,1,207,0,3,230,2,235,318,0,318,553
07/16/2001,RYY,GA,ASO,ES,Federal Contract Tower,0,2,39,0,41,0,0,141,0,141,0,2,180,0,182,184,0,184,366
07/17/2001,RYY,GA,ASO,ES,Federal Contract Tower,0,2,56,0,58,0,0,182,1,183,0,2,238,1,241,207,0,207,448
07/18/2001,RYY,GA,ASO,ES,Federal Contract Tower,0,4,58,0,62,0,1,167,2,170,0,5,225,2,232,274,1,275,507
07/19/2001,RYY,GA,ASO,ES,Federal Contract Tower,0,2,52,0,54,0,0,140,3,143,0,2,192,3,197,208,0,208,405
07/20/2001,RYY,GA,ASO,ES,Federal Contract Tower,0,3,42,0,45,0,0,57,0,57,0,3,99,0,102,113,0,113,215
07/21/2001,RYY,GA,ASO,ES,Federal Contract Tower,0,1,44,0,45,0,0,131,3,134,0,1,175,3,179,171,0,171,350
07/22/2001,RYY,GA,ASO,ES,Federal Contract Tower,0,3,43,0,46,0,1,187,4,192,0,4,230,4,238,242,0,242,480
07/23/2001,RYY,GA,ASO,ES,Federal Contract Tower,0,2,28,0,30,0,0,191,4,195,0,2,219,4,225,201,0,201,426
07/24/2001,RYY,GA,ASO,ES,Federal Contract Tower,0,2,47,0,49,0,0,124,9,133,0,2,171,9,182,323,17,340,522
07/25/2001,RYY,GA,ASO,ES,Federal Contract Tower,0,3,49,0,52,0,1,26,0,27,0,4,75,0,79,119,0,119,198
07/26/2001,RYY,GA,ASO,ES,Federal Contract Tower,0,3,50,0,53,0,0,146,4,150,0,3,196,4,203,193,0,193,396
07/27/2001,RYY,GA,ASO,ES,Federal Contract Tower,0,3,46,0,49,0,1,174,2,177,0,4,220,2,226,263,7,270,496
07/28/2001,RYY,GA,ASO,ES,Federal Contract Tower,0,2,38,0,40,0,1,71,1,73,0,3,109,1,113,76,0,76,189
07/29/2001,RYY,GA,ASO,ES,Federal Contract Tower,0,2,38,0,40,0,0,86,0,86,0,2,124,0,126,105,0,105,231
07/30/2001,RYY,GA,ASO,ES,Federal Contract Tower,0,3,48,0,51,0,2,110,0,112,0,5,158,0,163,262,14,276,439
07/31/2001,RYY,GA,ASO,ES,Federal Contract Tower,0,2,52,0,54,0,0,163,1,164,0,2,215,1,218,223,0,223,441
08/01/2001,RYY,GA,ASO,ES,Federal Contract Tower,0,3,46,0,49,0,0,196,3,199,0,3,242,3,248,251,0,251,499
08/02/2001,RYY,GA,ASO,ES,Federal Contract Tower,0,3,40,0,43,0,0,183,6,189,0,3,223,6,232,242,7,249,481
08/03/2001,RYY,GA,ASO,ES,Federal Contract Tower,0,1,35,0,36,0,0,201,7,208,0,1,236,7,244,291,0,291,535
08/04/2001,RYY,GA,ASO,ES,Federal Contract Tower,0,2,43,0,45,0,0,51,0,51,0,2,94,0,96,121,0,121,217
08/05/2001,RYY,GA,ASO,ES,Federal Contract Tower,0,3,37,0,40,0,0,81,0,81,0,3,118,0,121,88,0,88,209
08/06/2001,RYY,GA,ASO,ES,Federal Contract Tower,0,1,25,1,27,0,0,77,1,78,0,1,102,2,105,127,1,128,233
08/07/2001,RYY,GA,ASO,ES,Federal Contract Tower,0,1,52,0,53,0,0,73,0,73,0,1,125,0,126,132,0,132,258
08/08/2001,RYY,GA,ASO,ES,Federal Contract Tower,0,0,58,1,59,0,0,89,3,92,0,0,147,4,151,180,8,188,339
08/09/2001,RYY,GA,ASO,ES,Federal Contract Tower,0,4,62,0,66,0,0,95,0,95,0,4,157,0,161,109,0,109,270
08/10/2001,RYY,GA,ASO,ES,Federal Contract Tower,0,1,46,0,47,0,0,119,0,119,0,1,165,0,166,210,2,212,378
08/11/2001,RYY,GA,ASO,ES,Federal Contract Tower,0,3,43,1,47,0,0,61,2,63,0,3,104,3,110,211,0,211,321
08/12/2001,RYY,GA,ASO,ES,Federal Contract Tower,0,2,59,1,62,0,0,55,2,57,0,2,114,3,119,174,1,175,294
08/13/2001,RYY,GA,ASO,ES,Federal Contract Tower,0,3,45,1,49,0,0,16,3,19,0,3,61,4,68,72,13,85,153
08/14/2001,RYY,GA,ASO,ES,Federal Contract Tower,0,1,43,0,44,0,0,181,0,181,0,1,224,0,225,163,0,163,388
08/15/2001,RYY,GA,ASO,ES,Federal Contract Tower,0,4,55,1,60,0,2,196,1,199,0,6,251,2,259,180,0,180,439
08/16/2001,RYY,GA,ASO,ES,Federal Contract Tower,0,4,59,1,64,0,2,117,0,119,0,6,176,1,183,274,0,274,457
08/17/2001,RYY,GA,ASO,ES,Federal Contract Tower,0,3,37,1,41,0,2,120,3,125,0,5,157,4,166,257,2,259,425
08/18/2001,RYY,GA,ASO,ES,Federal Contract Tower,0,2,27,1,30,0,0,243,0,243,0,2,270,1,273,232,6,238,511
08/19/2001,RYY,GA,ASO,ES,Federal Contract Tower,0,2,35,1,38,0,3,173,3,179,0,5,208,4,217,193,0,193,410
08/20/2001,RYY,GA,ASO,ES,Federal Contract Tower,0,3,44,1,48,0,5,135,2,142,0,8,179,3,190,184,2,186,376
08/21/2001,RYY,GA,ASO,ES,Federal Contract Tower,0,1,35,0,36,0,0,226,5,231,0,1,261,5,267,267,0,267,534
08/22/2001,RYY,GA,ASO,ES,Federal Contract Tower,0,2,36,0,38,0,0,219,2,221,0,2,255,2,259,201,14,215,474
08/23/2001,RYY,GA,ASO,ES,Federal Contract Tower,0,2,36,0,38,0,1,198,7,206,0,3,234,7,244,220,2,222,466
08/24/2001,RYY,GA,ASO,ES,Federal Contract Tower,0,3,45,0,48,0,0,159,3,162,0,3,204,3,210,176,0,176,386
08/25/2001,RYY,GA,ASO,ES,Federal Contract Tower,0,2,31,0,33,0,0,228,8,236,0,2,259,8,269,164,4,168,437
08/26/2001,RYY,GA,ASO,ES,Federal Contract Tower,0,3,38,0,41,0,2,130,6,138,0,5,168,6,179,293,0,293,472
08/27/2001,RYY,GA,ASO,ES,Federal Contract Tower,0,2,36,0,38,0,0,112,5,117,0,2,148,5,155,154,2,156,311
08/28/2001,RYY,GA,ASO,ES,Federal Contract Tower,0,1,35,0,36,0,0,96,1,97,0,1,131,1,133,258,4,262,395
08/29/2001,RYY,GA,ASO,ES,Federal Contract Tower,0,2,34,0,36,0,5,163,8,176,0,7,197,8,212,154,6,160,372
08/30/2001,RYY,GA,ASO,ES,Federal Contract Tower,0,5,65,0,70,0,1,128,7,136,0,6,193,7,206,233,0,233,439
08/31/2001,RYY,GA,ASO,ES,Federal Contract Tower,0,4,60,0,64,0,4,81,0,85,0,8,141,0,149,213,0,213,362
09/01/2001,RYY,GA,ASO,ES,Federal Contract Tower,0,2,35,1,38,0,0,57,0,57,0,2,92,1,95,194,14,208,303
09/02/2001,RYY,GA,ASO,ES,Federal Contract Tower,0,2,25,0,27,0,0,18,0,18,0,2,43,0,45,55,0,55,100
09/03/2001,RYY,GA,ASO,ES,Federal Contract Tower,0,0,31,0,31,0,0,5,0,5,0,0,36,0,36,4,0,4,40
09/04/2001,RYY,GA,ASO,ES,Federal Contract Tower,0,4,33,0,37,0,0,31,0,31,0,4,64,0,68,68,0,68,136
09/05/2001,RYY,GA,ASO,ES,Federal Contract Tower,0,3,40,1,44,0,0,207,5,212,0,3,247,6,256,308,0,308,564
09/06/2001,RYY,GA,ASO,ES,Federal Contract Tower,0,3,25,1,29,0,0,163,3,166,0,3,188,4,195,201,0,201,396
09/07/2001,RYY,GA,ASO,ES,Federal Contract Tower,0,6,48,1,55,0,5,133,2,140,0,11,181,3,195,172,0,172,367
09/08/2001,RYY,GA,ASO,ES,Federal Contract Tower,0,4,33,1,38,0,0,92,5,97,0,4,125,6,135,278,0,278,413
09/09/2001,RYY,GA,ASO,ES,Federal Contract Tower,0,2,19,1,22,0,0,197,7,204,0,2,216,8,226,162,0,162,388
09/10/2001,RYY,GA,ASO,ES,Federal Contract Tower,0,5,39,1,45,0,0,68,0,68,0,5,107,1,113,174,0,174,287
09/11/2001,RYY,GA,ASO,ES,Federal Contract Tower,0,0,8,1,9,0,1,7,1,9,0,1,15,2,18,11,0,11,29
09/12/2001,RYY,GA,ASO,ES,Federal Contract Tower,0,0,3,0,3,0,1,0,0,1,0,1,3,0,4,0,0,0,4
09/13/2001,RYY,GA,ASO,ES,Federal Contract Tower,0,1,4,1,6,0,7,0,8,15,0,8,4,9,21,0,0,0,21
09/14/2001,RYY,GA,ASO,ES,Federal Contract Tower,0,2,18,0,20,0,6,1,0,7,0,8,19,0,27,0,0,0,27
09/15/2001,RYY,GA,ASO,ES,Federal Contract Tower,0,3,26,0,29,0,0,1,0,1,0,3,27,0,30,0,0,0,30
09/16/2001,RYY,GA,ASO,ES,Federal Contract Tower,0,3,20,0,23,0,0,0,2,2,0,3,20,2,25,0,0,0,25
09/17/2001,RYY,GA,ASO,ES,Federal Contract Tower,0,6,42,0,48,0,3,0,3,6,0,9,42,3,54,0,0,0,54
09/18/2001,RYY,GA,ASO,ES,Federal Contract Tower,0,5,45,0,50,0,0,1,0,1,0,5,46,0,51,0,0,0,51
09/19/2001,RYY,GA,ASO,ES,Federal Contract Tower,0,7,55,0,62,0,0,5,0,5,0,7,60,0,67,0,0,0,67
09/20/2001,RYY,GA,ASO,ES,Federal Contract Tower,0,8,75,1,84,0,0,8,1,9,0,8,83,2,93,0,0,0,93
09/21/2001,RYY,GA,ASO,ES,Federal Contract Tower,0,10,93,1,104,0,0,6,2,8,0,10,99,3,112,0,0,0,112
09/22/2001,RYY,GA,ASO,ES,Federal Contract Tower,0,2,47,0,49,0,0,57,0,57,0,2,104,0,106,82,0,82,188
09/23/2001,RYY,GA,ASO,ES,Federal Contract Tower,0,5,59,0,64,0,0,51,4,55,0,5,110,4,119,56,0,56,175
09/24/2001,RYY,GA,ASO,ES,Federal Contract Tower,0,5,28,0,33,0,8,0,0,8,0,13,28,0,41,16,0,16,57
09/25/2001,RYY,GA,ASO,ES,Federal Contract Tower,0,8,70,1,79,0,1,83,2,86,0,9,153,3,165,75,0,75,240
09/26/2001,RYY,GA,ASO,ES,Federal Contract Tower,0,8,61,0,69,0,0,116,7,123,0,8,177,7,192,184,2,186,378
09/27/2001,RYY,GA,ASO,ES,Federal Contract Tower,0,9,79,1,89,0,0,120,4,124,0,9,199,5,213,112,8,120,333
09/28/2001,RYY,GA,ASO,ES,Federal Contract Tower,0,3,58,0,61,0,0,107,7,114,0,3,165,7,175,120,0,120,295
09/29/2001,RYY,GA,ASO,ES,Federal Contract Tower,0,3,40,0,43,0,0,88,4,92,0,3,128,4,135,86,8,94,229
09/30/2001,RYY,GA,ASO,ES,Federal Contract Tower,0,6,52,0,58,0,0,69,0,69,0,6,121,0,127,100,0,100,227
10/01/2001,RYY,GA,ASO,ES,Federal Contract Tower,0,9,67,1,77,0,4,113,3,120,0,13,180,4,197,193,0,193,390
10/02/2001,RYY,GA,ASO,ES,Federal Contract Tower,0,10,69,1,80,0,0,127,7,134,0,10,196,8,214,159,0,159,373
10/03/2001,RYY,GA,ASO,ES,Federal Contract Tower,0,8,72,0,80,0,0,72,0,72,0,8,144,0,152,136,4,140,292
10/04/2001,RYY,GA,ASO,ES,Federal Contract Tower,0,11,70,1,82,0,0,115,1,116,0,11,185,2,198,127,7,134,332
10/05/2001,RYY,GA,ASO,ES,Federal Contract Tower,0,4,70,1,75,0,0,67,3,70,0,4,137,4,145,128,6,134,279
10/06/2001,RYY,GA,ASO,ES,Federal Contract Tower,0,7,45,0,52,0,0,37,0,37,0,7,82,0,89,30,0,30,119
10/07/2001,RYY,GA,ASO,ES,Federal Contract Tower,0,1,47,1,49,0,0,114,3,117,0,1,161,4,166,157,0,157,323
10/08/2001,RYY,GA,ASO,ES,Federal Contract Tower,0,7,60,1,68,0,0,84,3,87,0,7,144,4,155,188,8,196,351
10/09/2001,RYY,GA,ASO,ES,Federal Contract Tower,0,9,57,0,66,0,2,59,0,61,0,11,116,0,127,224,0,224,351
10/10/2001,RYY,GA,ASO,ES,Federal Contract Tower,0,8,51,1,60,0,1,78,1,80,0,9,129,2,140,150,0,150,290
10/11/2001,RYY,GA,ASO,ES,Federal Contract Tower,0,7,59,1,67,0,0,64,1,65,0,7,123,2,132,112,0,112,244
10/12/2001,RYY,GA,ASO,ES,Federal Contract Tower,0,5,43,1,49,0,0,23,4,27,0,5,66,5,76,87,0,87,163
10/13/2001,RYY,GA,ASO,ES,Federal Contract Tower,0,4,34,0,38,0,0,37,0,37,0,4,71,0,75,8,0,8,83
10/14/2001,RYY,GA,ASO,ES,Federal Contract Tower,0,2,37,0,39,0,0,37,0,37,0,2,74,0,76,22,0,22,98
10/15/2001,RYY,GA,ASO,ES,Federal Contract Tower,0,12,84,2,98,0,0,109,3,112,0,12,193,5,210,199,0,199,409
10/16/2001,RYY,GA,ASO,ES,Federal Contract Tower,0,7,49,0,56,0,5,53,0,58,0,12,102,0,114,24,0,24,138
10/17/2001,RYY,GA,ASO,ES,Federal Contract Tower,0,10,66,1,77,0,0,109,10,119,0,10,175,11,196,103,0,103,299
10/18/2001,RYY,GA,ASO,ES,Federal Contract Tower,0,10,66,1,77,0,0,91,1,92,0,10,157,2,169,226,0,226,395
10/19/2001,RYY,GA,ASO,ES,Federal Contract Tower,0,8,79,2,89,0,0,135,1,136,0,8,214,3,225,175,0,175,400
10/20/2001,RYY,GA,ASO,ES,Federal Contract Tower,0,7,50,0,57,0,1,117,3,121,0,8,167,3,178,166,0,166,344
10/21/2001,RYY,GA,ASO,ES,Federal Contract Tower,0,5,51,0,56,0,0,103,3,106,0,5,154,3,162,110,0,110,272
10/22/2001,RYY,GA,ASO,ES,Federal Contract Tower,0,9,59,0,68,0,1,106,4,111,0,10,165,4,179,200,0,200,379
10/23/2001,RYY,GA,ASO,ES,Federal Contract Tower,0,9,60,0,69,0,3,151,5,159,0,12,211,5,228,196,0,196,424
10/24/2001,RYY,GA,ASO,ES,Federal Contract Tower,0,8,56,0,64,0,1,80,6,87,0,9,136,6,151,179,2,181,332
10/25/2001,RYY,GA,ASO,ES,Federal Contract Tower,0,5,47,0,52,0,0,147,4,151,0,5,194,4,203,189,2,191,394
10/26/2001,RYY,GA,ASO,ES,Federal Contract Tower,0,5,35,0,40,0,2,96,3,101,0,7,131,3,141,94,6,100,241
10/27/2001,RYY,GA,ASO,ES,Federal Contract Tower,0,5,32,0,37,0,4,90,1,95,0,9,122,1,132,14,0,14,146
10/28/2001,RYY,GA,ASO,ES,Federal Contract Tower,0,1,32,0,33,0,0,210,4,214,0,1,242,4,247,197,0,197,444
10/29/2001,RYY,GA,ASO,ES,Federal Contract Tower,0,6,43,0,49,0,5,137,1,143,0,11,180,1,192,186,0,186,378
10/30/2001,RYY,GA,ASO,ES,Federal Contract Tower,0,6,44,0,50,0,4,161,5,170,0,10,205,5,220,164,0,164,384
10/31/2001,RYY,GA,ASO,ES,Federal Contract Tower,0,4,32,0,36,0,10,175,1,186,0,14,207,1,222,151,0,151,373
11/01/2001,RYY,GA,ASO,ES,Federal Contract Tower,0,8,44,1,53,0,0,163,6,169,0,8,207,7,222,279,9,288,510
11/02/2001,RYY,GA,ASO,ES,Federal Contract Tower,0,9,41,1,51,0,1,160,0,161,0,10,201,1,212,229,0,229,441
11/03/2001,RYY,GA,ASO,ES,Federal Contract Tower,0,3,25,1,29,0,0,298,3,301,0,3,323,4,330,222,0,222,552
11/04/2001,RYY,GA,ASO,ES,Federal Contract Tower,0,0,26,1,27,0,0,239,2,241,0,0,265,3,268,160,0,160,428
11/05/2001,RYY,GA,ASO,ES,Federal Contract Tower,0,5,26,1,32,0,5,110,4,119,0,10,136,5,151,171,8,179,330
11/06/2001,RYY,GA,ASO,ES,Federal Contract Tower,0,6,40,1,47,0,0,174,2,176,0,6,214,3,223,335,2,337,560
11/07/2001,RYY,GA,ASO,ES,Federal Contract Tower,0,9,46,1,56,0,3,196,5,204,0,12,242,6,260,232,0,232,492
11/08/2001,RYY,GA,ASO,ES,Federal Contract Tower,0,6,30,1,37,0,5,147,4,156,0,11,177,5,193,268,0,268,461
11/09/2001,RYY,GA,ASO,ES,Federal Contract Tower,0,10,65,1,76,0,0,161,7,168,0,10,226,8,244,293,7,300,544
11/10/2001,RYY,GA,ASO,ES,Federal Contract Tower,0,4,32,1,37,0,0,216,6,222,0,4,248,7,259,221,0,221,480
11/11/2001,RYY,GA,ASO,ES,Federal Contract Tower,0,2,26,0,28,0,0,176,0,176,0,2,202,0,204,120,0,120,324
11/12/2001,RYY,GA,ASO,ES,Federal Contract Tower,0,8,37,1,46,0,6,130,1,137,0,14,167,2,183,248,36,284,467
11/13/2001,RYY,GA,ASO,ES,Federal Contract Tower,0,11,54,1,66,0,6,147,3,156,0,17,201,4,222,233,0,233,455
11/14/2001,RYY,GA,ASO,ES,Federal Contract Tower,0,9,44,1,54,0,0,133,3,136,0,9,177,4,190,314,0,314,504
11/15/2001,RYY,GA,ASO,ES,Federal Contract Tower,0,10,49,1,60,0,1,183,1,185,0,11,232,2,245,308,7,315,560
11/16/2001,RYY,GA,ASO,ES,Federal Contract Tower,0,11,51,1,63,0,0,109,1,110,0,11,160,2,173,194,0,194,367
11/17/2001,RYY,GA,ASO,ES,Federal Contract Tower,0,4,33,0,37,0,0,270,4,274,0,4,303,4,311,248,0,248,559
11/18/2001,RYY,GA,ASO,ES,Federal Contract Tower,0,4,37,0,41,0,0,166,2,168,0,4,203,2,209,210,0,210,419
11/19/2001,RYY,GA,ASO,ES,Federal Contract Tower,0,6,38,0,44,0,0,106,11,117,0,6,144,11,161,219,0,219,380
11/20/2001,RYY,GA,ASO,ES,Federal Contract Tower,0,11,56,0,67,0,4,82,4,90,0,15,138,4,157,50,0,50,207
11/21/2001,RYY,GA,ASO,ES,Federal Contract Tower,0,10,49,0,59,0,9,197,7,213,0,19,246,7,272,176,4,180,452
11/22/2001,RYY,GA,ASO,ES,Federal Contract Tower,0,2,24,0,26,0,0,45,0,45,0,2,69,0,71,47,8,55,126
11/23/2001,RYY,GA,ASO,ES,Federal Contract Tower,0,1,32,0,33,0,0,9,0,9,0,1,41,0,42,0,0,0,42
11/24/2001,RYY,GA,ASO,ES,Federal Contract Tower,0,3,29,0,32,0,0,9,0,9,0,3,38,0,41,43,0,43,84
11/25/2001,RYY,GA,ASO,ES,Federal Contract Tower,0,9,43,0,52,0,1,140,0,141,0,10,183,0,193,249,0,249,442
11/26/2001,RYY,GA,ASO,ES,Federal Contract Tower,0,9,46,0,55,0,6,89,5,100,0,15,135,5,155,244,28,272,427
11/27/2001,RYY,GA,ASO,ES,Federal Contract Tower,0,11,52,0,63,0,5,83,0,88,0,16,135,0,151,207,0,207,358
11/28/2001,RYY,GA,ASO,ES,Federal Contract Tower,0,7,36,0,43,0,4,131,7,142,0,11,167,7,185,197,6,203,388
11/29/2001,RYY,GA,ASO,ES,Federal Contract Tower,0,8,38,0,46,0,7,54,2,63,0,15,92,2,109,35,0,35,144
11/30/2001,RYY,GA,ASO,ES,Federal Contract Tower,0,9,42,0,51,0,0,136,5,141,0,9,178,5,192,210,10,220,412
12/01/2001,RYY,GA,ASO,ES,Federal Contract Tower,0,3,21,1,25,0,2,218,2,222,0,5,239,3,247,157,0,157,404
12/02/2001,RYY,GA,ASO,ES,Federal Contract Tower,0,7,35,1,43,0,0,189,1,190,0,7,224,2,233,210,6,216,449
12/03/2001,RYY,GA,ASO,ES,Federal Contract Tower,0,8,37,1,46,0,5,144,0,149,0,13,181,1,195,191,1,192,387
12/04/2001,RYY,GA,ASO,ES,Federal Contract Tower,0,7,35,1,43,0,0,212,1,213,0,7,247,2,256,188,0,188,444
12/05/2001,RYY,GA,ASO,ES,Federal Contract Tower,0,7,31,1,39,0,0,175,7,182,0,7,206,8,221,242,7,249,470
12/06/2001,RYY,GA,ASO,ES,Federal Contract Tower,0,12,54,1,67,0,4,169,1,174,0,16,223,2,241,220,0,220,461
12/07/2001,RYY,GA,ASO,ES,Federal Contract Tower,0,10,44,1,55,0,10,150,2,162,0,20,194,3,217,135,6,141,358
12/08/2001,RYY,GA,ASO,ES,Federal Contract Tower,0,7,30,1,38,0,1,189,7,197,0,8,219,8,235,161,0,161,396
12/09/2001,RYY,GA,ASO,ES,Federal Contract Tower,0,6,44,0,50,0,0,164,0,164,0,6,208,0,214,166,0,166,380
12/10/2001,RYY,GA,ASO,ES,Federal Contract Tower,0,8,31,1,40,0,5,0,0,5,0,13,31,1,45,0,0,0,45
12/11/2001,RYY,GA,ASO,ES,Federal Contract Tower,0,10,67,1,78,0,0,35,0,35,0,10,102,1,113,20,0,20,133
12/12/2001,RYY,GA,ASO,ES,Federal Contract Tower,0,6,53,0,59,0,0,6,0,6,0,6,59,0,65,18,0,18,83
12/13/2001,RYY,GA,ASO,ES,Federal Contract Tower,0,8,35,0,43,0,5,7,0,12,0,13,42,0,55,8,0,8,63
12/14/2001,RYY,GA,ASO,ES,Federal Contract Tower,0,7,30,0,37,0,2,58,0,60,0,9,88,0,97,125,0,125,222
12/15/2001,RYY,GA,ASO,ES,Federal Contract Tower,0,4,24,1,29,0,0,260,7,267,0,4,284,8,296,280,4,284,580
12/16/2001,RYY,GA,ASO,ES,Federal Contract Tower,0,2,34,0,36,0,0,97,0,97,0,2,131,0,133,166,0,166,299
12/17/2001,RYY,GA,ASO,ES,Federal Contract Tower,0,6,29,0,35,0,5,0,0,5,0,11,29,0,40,0,0,0,40
12/18/2001,RYY,GA,ASO,ES,Federal Contract Tower,0,6,34,0,40,0,0,121,2,123,0,6,155,2,163,204,2,206,369
12/19/2001,RYY,GA,ASO,ES,Federal Contract Tower,0,6,59,0,65,0,0,174,5,179,0,6,233,5,244,206,3,209,453
12/20/2001,RYY,GA,ASO,ES,Federal Contract Tower,0,10,45,0,55,0,2,133,4,139,0,12,178,4,194,190,0,190,384
12/21/2001,RYY,GA,ASO,ES,Federal Contract Tower,0,11,51,0,62,0,4,202,3,209,0,15,253,3,271,194,0,194,465
12/22/2001,RYY,GA,ASO,ES,Federal Contract Tower,0,8,39,0,47,0,0,180,3,183,0,8,219,3,230,173,6,179,409
12/23/2001,RYY,GA,ASO,ES,Federal Contract Tower,0,1,22,0,23,0,0,5,0,5,0,1,27,0,28,0,0,0,28
12/24/2001,RYY,GA,ASO,ES,Federal Contract Tower,0,4,20,0,24,0,4,78,2,84,0,8,98,2,108,90,0,90,198
12/25/2001,RYY,GA,ASO,ES,Federal Contract Tower,0,2,14,0,16,0,1,41,0,42,0,3,55,0,58,46,0,46,104
12/26/2001,RYY,GA,ASO,ES,Federal Contract Tower,0,9,42,0,51,0,5,101,0,106,0,14,143,0,157,161,0,161,318
12/27/2001,RYY,GA,ASO,ES,Federal Contract Tower,0,8,40,0,48,0,4,174,3,181,0,12,214,3,229,133,0,133,362
12/28/2001,RYY,GA,ASO,ES,Federal Contract Tower,0,6,27,0,33,0,0,133,4,137,0,6,160,4,170,65,30,95,265
12/29/2001,RYY,GA,ASO,ES,Federal Contract Tower,0,6,28,0,34,0,0,103,0,103,0,6,131,0,137,122,0,122,259
12/30/2001,RYY,GA,ASO,ES,Federal Contract Tower,0,4,24,0,28,0,0,147,3,150,0,4,171,3,178,249,0,249,427
12/31/2001,RYY,GA,ASO,ES,Federal Contract Tower,0,7,32,0,39,0,9,121,3,133,0,16,153,3,172,181,0,181,353
01/01/2002,RYY,GA,ASO,ES,Federal Contract Tower,0,3,26,1,30,0,0,108,0,108,0,3,134,1,138,103,0,103,241
01/02/2002,RYY,GA,ASO,ES,Federal Contract Tower,0,5,17,0,22,0,8,2,0,10,0,13,19,0,32,11,0,11,43
01/03/2002,RYY,GA,ASO,ES,Federal Contract Tower,0,4,14,0,18,0,2,28,0,30,0,6,42,0,48,4,0,4,52
01/04/2002,RYY,GA,ASO,ES,Federal Contract Tower,0,4,21,2,27,0,5,154,2,161,0,9,175,4,188,132,0,132,320
01/05/2002,RYY,GA,ASO,ES,Federal Contract Tower,0,3,24,2,29,0,0,229,1,230,0,3,253,3,259,265,0,265,524
01/06/2002,RYY,GA,ASO,ES,Federal Contract Tower,0,0,3,0,3,0,2,0,0,2,0,2,3,0,5,0,0,0,5
01/07/2002,RYY,GA,ASO,ES,Federal Contract Tower,0,7,34,3,44,0,1,59,0,60,0,8,93,3,104,139,0,139,243
01/08/2002,RYY,GA,ASO,ES,Federal Contract Tower,0,5,39,1,45,0,0,135,0,135,0,5,174,1,180,262,0,262,442
01/09/2002,RYY,GA,ASO,ES,Federal Contract Tower,0,6,39,3,48,0,0,167,4,171,0,6,206,7,219,166,16,182,401
01/10/2002,RYY,GA,ASO,ES,Federal Contract Tower,0,10,44,3,57,0,4,199,0,203,0,14,243,3,260,245,0,245,505
01/11/2002,RYY,GA,ASO,ES,Federal Contract Tower,0,7,41,3,51,0,0,118,7,125,0,7,159,10,176,164,8,172,348
01/12/2002,RYY,GA,ASO,ES,Federal Contract Tower,0,2,17,2,21,0,0,149,7,156,0,2,166,9,177,186,0,186,363
01/13/2002,RYY,GA,ASO,ES,Federal Contract Tower,0,2,23,2,27,0,0,239,2,241,0,2,262,4,268,224,0,224,492
01/14/2002,RYY,GA,ASO,ES,Federal Contract Tower,0,7,31,2,40,0,2,77,4,83,0,9,108,6,123,163,0,163,286
01/15/2002,RYY,GA,ASO,ES,Federal Contract Tower,0,7,34,3,44,0,6,150,0,156,0,13,184,3,200,172,0,172,372
01/16/2002,RYY,GA,ASO,ES,Federal Contract Tower,0,7,36,3,46,0,0,250,5,255,0,7,286,8,301,278,1,279,580
01/17/2002,RYY,GA,ASO,ES,Federal Contract Tower,0,6,29,1,36,0,0,217,6,223,0,6,246,7,259,369,10,379,638
01/18/2002,RYY,GA,ASO,ES,Federal Contract Tower,0,10,47,0,57,0,3,34,0,37,0,13,81,0,94,70,0,70,164
01/19/2002,RYY,GA,ASO,ES,Federal Contract Tower,0,3,12,0,15,0,2,3,0,5,0,5,15,0,20,0,0,0,20
01/20/2002,RYY,GA,ASO,ES,Federal Contract Tower,0,0,32,0,32,0,0,199,0,199,0,0,231,0,231,175,0,175,406
01/21/2002,RYY,GA,ASO,ES,Federal Contract Tower,0,6,29,1,36,0,0,138,0,138,0,6,167,1,174,158,0,158,332
01/22/2002,RYY,GA,ASO,ES,Federal Contract Tower,0,8,38,2,48,0,3,124,2,129,0,11,162,4,177,234,3,237,414
01/23/2002,RYY,GA,ASO,ES,Federal Contract Tower,0,8,38,1,47,0,5,11,0,16,0,13,49,1,63,96,0,96,159
01/24/2002,RYY,GA,ASO,ES,Federal Contract Tower,0,4,37,0,41,0,0,17,0,17,0,4,54,0,58,0,0,0,58
01/25/2002,RYY,GA,ASO,ES,Federal Contract Tower,0,6,47,2,55,0,0,163,0,163,0,6,210,2,218,187,2,189,407
01/26/2002,RYY,GA,ASO,ES,Federal Contract Tower,0,6,27,1,34,0,5,226,0,231,0,11,253,1,265,218,0,218,483
01/27/2002,RYY,GA,ASO,ES,Federal Contract Tower,0,6,32,1,39,0,0,247,0,247,0,6,279,1,286,169,0,169,455
01/28/2002,RYY,GA,ASO,ES,Federal Contract Tower,0,8,45,2,55,0,0,146,1,147,0,8,191,3,202,254,0,254,456
01/29/2002,RYY,GA,ASO,ES,Federal Contract Tower,0,13,58,3,74,0,0,157,4,161,0,13,215,7,235,396,0,396,631
01/30/2002,RYY,GA,ASO,ES,Federal Contract Tower,0,11,52,3,66,0,3,132,0,135,0,14,184,3,201,166,5,171,372
01/31/2002,RYY,GA,ASO,ES,Federal Contract Tower,0,10,46,2,58,0,6,95,5,106,0,16,141,7,164,211,0,211,375
02/01/2002,RYY,GA,ASO,ES,Federal Contract Tower,0,10,45,0,55,0,0,111,0,111,0,10,156,0,166,161,0,161,327
02/02/2002,RYY,GA,ASO,ES,Federal Contract Tower,0,3,16,1,20,0,0,245,4,249,0,3,261,5,269,227,1,228,497
02/03/2002,RYY,GA,ASO,ES,Federal Contract Tower,0,4,35,0,39,0,0,82,0,82,0,4,117,0,121,114,0,114,235
02/04/2002,RYY,GA,ASO,ES,Federal Contract Tower,0,11,41,2,54,0,5,58,0,63,0,16,99,2,117,52,0,52,169
02/05/2002,RYY,GA,ASO,ES,Federal Contract Tower,0,9,38,2,49,0,0,126,1,127,0,9,164,3,176,300,0,300,476
02/06/2002,RYY,GA,ASO,ES,Federal Contract Tower,0,5,13,0,18,0,6,0,0,6,0,11,13,0,24,0,0,0,24
02/07/2002,RYY,GA,ASO,ES,Federal Contract Tower,0,8,46,0,54,0,0,18,0,18,0,8,64,0,72,14,0,14,86
02/08/2002,RYY,GA,ASO,ES,Federal Contract Tower,0,7,41,2,50,0,0,246,6,252,0,7,287,8,302,192,0,192,494
02/09/2002,RYY,GA,ASO,ES,Federal Contract Tower,0,4,24,1,29,0,0,248,3,251,0,4,272,4,280,188,0,188,468
02/10/2002,RYY,GA,ASO,ES,Federal Contract Tower,0,5,35,1,41,0,0,166,2,168,0,5,201,3,209,200,0,200,409
02/11/2002,RYY,GA,ASO,ES,Federal Contract Tower,0,10,35,1,46,0,2,91,2,95,0,12,126,3,141,81,4,85,226
02/12/2002,RYY,GA,ASO,ES,Federal Contract Tower,0,9,33,1,43,0,1,168,1,170,0,10,201,2,213,219,0,219,432
02/13/2002,RYY,GA,ASO,ES,Federal Contract Tower,0,9,33,1,43,0,0,165,12,177,0,9,198,13,220,165,21,186,406
02/14/2002,RYY,GA,ASO,ES,Federal Contract Tower,0,7,27,1,35,0,9,203,2,214,0,16,230,3,249,197,6,203,452
02/15/2002,RYY,GA,ASO,ES,Federal Contract Tower,0,12,59,2,73,0,0,226,7,233,0,12,285,9,306,218,0,218,524
02/16/2002,RYY,GA,ASO,ES,Federal Contract Tower,0,5,20,0,25,0,0,173,0,173,0,5,193,0,198,110,0,110,308
02/17/2002,RYY,GA,ASO,ES,Federal Contract Tower,0,8,31,0,39,0,0,115,4,119,0,8,146,4,158,20,0,20,178
02/18/2002,RYY,GA,ASO,ES,Federal Contract Tower,0,6,25,0,31,0,0,184,3,187,0,6,209,3,218,184,12,196,414
02/19/2002,RYY,GA,ASO,ES,Federal Contract Tower,0,13,49,0,62,0,0,153,0,153,0,13,202,0,215,153,0,153,368
02/20/2002,RYY,GA,ASO,ES,Federal Contract Tower,0,12,49,1,62,0,0,37,1,38,0,12,86,2,100,97,0,97,197
02/21/2002,RYY,GA,ASO,ES,Federal Contract Tower,0,11,44,1,56,0,0,176,8,184,0,11,220,9,240,200,6,206,446
02/22/2002,RYY,GA,ASO,ES,Federal Contract Tower,0,9,33,0,42,0,6,115,6,127,0,15,148,6,169,106,12,118,287
02/23/2002,RYY,GA,ASO,ES,Federal Contract Tower,0,10,36,0,46,0,0,237,2,239,0,10,273,2,285,232,0,232,517
02/24/2002,RYY,GA,ASO,ES,Federal Contract Tower,0,10,35,0,45,0,6,242,9,257,0,16,277,9,302,234,0,234,536
02/25/2002,RYY,GA,ASO,ES,Federal Contract Tower,0,10,38,0,48,0,0,143,0,143,0,10,181,0,191,140,19,159,350
02/26/2002,RYY,GA,ASO,ES,Federal Contract Tower,0,8,37,0,45,0,0,57,0,57,0,8,94,0,102,28,0,28,130
02/27/2002,RYY,GA,ASO,ES,Federal Contract Tower,0,8,31,0,39,0,0,31,0,31,0,8,62,0,70,34,0,34,104
02/28/2002,RYY,GA,ASO,ES,Federal Contract Tower,0,10,60,1,71,0,0,176,5,181,0,10,236,6,252,202,0,202,454
03/01/2002,RYY,GA,ASO,ES,Federal Contract Tower,0,7,30,0,37,0,3,148,3,154,0,10,178,3,191,235,10,245,436
03/02/2002,RYY,GA,ASO,ES,Federal Contract Tower,0,4,13,0,17,0,4,0,0,4,0,8,13,0,21,0,0,0,21
03/03/2002,RYY,GA,ASO,ES,Federal Contract Tower,0,5,23,0,28,0,0,16,0,16,0,5,39,0,44,18,0,18,62
03/04/2002,RYY,GA,ASO,ES,Federal Contract Tower,0,9,37,0,46,0,1,52,2,55,0,10,89,2,101,26,0,26,127
03/05/2002,RYY,GA,ASO,ES,Federal Contract Tower,0,6,27,0,33,0,5,151,0,156,0,11,178,0,189,240,0,240,429
03/06/2002,RYY,GA,ASO,ES,Federal Contract Tower,0,8,35,0,43,0,1,213,8,222,0,9,248,8,265,337,4,341,606
03/07/2002,RYY,GA,ASO,ES,Federal Contract Tower,0,8,38,1,47,0,0,235,2,237,0,8,273,3,284,180,0,180,464
03/08/2002,RYY,GA,ASO,ES,Federal Contract Tower,0,7,34,1,42,0,1,169,6,176,0,8,203,7,218,127,10,137,355
03/09/2002,RYY,GA,ASO,ES,Federal Contract Tower,0,9,42,0,51,0,0,30,0,30,0,9,72,0,81,103,0,103,184
03/10/2002,RYY,GA,ASO,ES,Federal Contract Tower,0,6,32,1,39,0,0,125,1,126,0,6,157,2,165,42,2,44,209
03/11/2002,RYY,GA,ASO,ES,Federal Contract Tower,0,5,27,1,33,0,6,141,0,147,0,11,168,1,180,217,3,220,400
03/12/2002,RYY,GA,ASO,ES,Federal Contract Tower,0,6,35,0,41,0,0,2,0,2,0,6,37,0,43,0,0,0,43
03/13/2002,RYY,GA,ASO,ES,Federal Contract Tower,0,19,92,1,112,0,0,26,1,27,0,19,118,2,139,42,0,42,181
03/14/2002,RYY,GA,ASO,ES,Federal Contract Tower,0,11,55,1,67,0,5,225,1,231,0,16,280,2,298,295,2,297,595
03/15/2002,RYY,GA,ASO,ES,Federal Contract Tower,0,8,80,1,89,0,0,155,8,163,0,8,235,9,252,331,8,339,591
03/16/2002,RYY,GA,ASO,ES,Federal Contract Tower,0,4,35,1,40,0,0,89,1,90,0,4,124,2,130,211,0,211,341
03/17/2002,RYY,GA,ASO,ES,Federal Contract Tower,0,4,32,0,36,0,0,108,0,108,0,4,140,0,144,207,0,207,351
03/18/2002,RYY,GA,ASO,ES,Federal Contract Tower,0,9,42,1,52,0,9,147,1,157,0,18,189,2,209,320,0,320,529
03/19/2002,RYY,GA,ASO,ES,Federal Contract Tower,0,11,53,1,65,0,0,84,1,85,0,11,137,2,150,313,0,313,463
03/20/2002,RYY,GA,ASO,ES,Federal Contract Tower,0,11,51,0,62,0,1,57,0,58,0,12,108,0,120,26,0,26,146
03/21/2002,RYY,GA,ASO,ES,Federal Contract Tower,0,12,59,0,71,0,1,105,9,115,0,13,164,9,186,85,25,110,296
03/22/2002,RYY,GA,ASO,ES,Federal Contract Tower,0,7,51,0,58,0,0,141,2,143,0,7,192,2,201,82,0,82,283
03/23/2002,RYY,GA,ASO,ES,Federal Contract Tower,0,6,32,0,38,0,0,369,2,371,0,6,401,2,409,212,0,212,621
03/24/2002,RYY,GA,ASO,ES,Federal Contract Tower,0,5,36,0,41,0,0,267,3,270,0,5,303,3,311,226,0,226,537
03/25/2002,RYY,GA,ASO,ES,Federal Contract Tower,0,7,36,0,43,0,2,149,5,156,0,9,185,5,199,268,0,268,467
03/26/2002,RYY,GA,ASO,ES,Federal Contract Tower,0,4,23,0,27,0,2,21,0,23,0,6,44,0,50,30,0,30,80
03/27/2002,RYY,GA,ASO,ES,Federal Contract Tower,0,9,46,0,55,0,4,116,1,121,0,13,162,1,176,130,13,143,319
03/28/2002,RYY,GA,ASO,ES,Federal Contract Tower,0,7,45,0,52,0,0,281,8,289,0,7,326,8,341,326,0,326,667
03/29/2002,RYY,GA,ASO,ES,Federal Contract Tower,0,11,56,0,67,0,2,227,6,235,0,13,283,6,302,285,10,295,597
03/30/2002,RYY,GA,ASO,ES,Federal Contract Tower,0,4,21,0,25,0,3,0,0,3,0,7,21,0,28,0,0,0,28
03/31/2002,RYY,GA,ASO,ES,Federal Contract Tower,0,5,26,0,31,0,2,7,0,9,0,7,33,0,40,48,0,48,88
04/01/2002,RYY,GA,ASO,ES,Federal Contract Tower,0,9,45,0,54,0,1,205,1,207,0,10,250,1,261,212,0,212,473
04/02/2002,RYY,GA,ASO,ES,Federal Contract Tower,0,7,47,0,54,0,0,207,2,209,0,7,254,2,263,259,6,265,528
04/03/2002,RYY,GA,ASO,ES,Federal Contract Tower,0,11,52,0,63,0,3,119,0,122,0,14,171,0,185,230,0,230,415
04/04/2002,RYY,GA,ASO,ES,Federal Contract Tower,0,8,47,0,55,0,0,176,2,178,0,8,223,2,233,275,2,277,510
04/05/2002,RYY,GA,ASO,ES,Federal Contract Tower,0,11,53,0,64,0,1,185,6,192,0,12,238,6,256,203,2,205,461
04/06/2002,RYY,GA,ASO,ES,Federal Contract Tower,0,8,40,0,48,0,0,242,3,245,0,8,282,3,293,155,6,161,454
04/07/2002,RYY,GA,ASO,ES,Federal Contract Tower,0,7,34,0,41,0,0,110,1,111,0,7,144,1,152,124,0,124,276
04/08/2002,RYY,GA,ASO,ES,Federal Contract Tower,0,8,45,1,54,0,9,80,1,90,0,17,125,2,144,66,1,67,211
04/09/2002,RYY,GA,ASO,ES,Federal Contract Tower,0,7,44,1,52,0,0,47,2,49,0,7,91,3,101,141,12,153,254
04/10/2002,RYY,GA,ASO,ES,Federal Contract Tower,0,8,47,1,56,0,0,115,0,115,0,8,162,1,171,282,0,282,453
04/11/2002,RYY,GA,ASO,ES,Federal Contract Tower,0,12,63,1,76,0,1,45,1,47,0,13,108,2,123,62,0,62,185
04/12/2002,RYY,GA,ASO,ES,Federal Contract Tower,0,10,55,1,66,0,4,3,1,8,0,14,58,2,74,0,0,0,74
04/13/2002,RYY,GA,ASO,ES,Federal Contract Tower,0,7,44,1,52,0,0,21,1,22,0,7,65,2,74,72,0,72,146
04/14/2002,RYY,GA,ASO,ES,Federal Contract Tower,0,4,50,0,54,0,0,62,0,62,0,4,112,0,116,132,0,132,248
04/15/2002,RYY,GA,ASO,ES,Federal Contract Tower,0,10,53,1,64,0,7,145,2,154,0,17,198,3,218,272,8,280,498
04/16/2002,RYY,GA,ASO,ES,Federal Contract Tower,0,9,60,1,70,0,0,181,4,185,0,9,241,5,255,279,0,279,534
04/17/2002,RYY,GA,ASO,ES,Federal Contract Tower,0,9,47,1,57,0,2,168,0,170,0,11,215,1,227,337,0,337,564
04/18/2002,RYY,GA,ASO,ES,Federal Contract Tower,0,9,48,1,58,0,0,226,1,227,0,9,274,2,285,282,0,282,567
04/19/2002,RYY,GA,ASO,ES,Federal Contract Tower,0,9,56,1,66,0,0,229,3,232,0,9,285,4,298,337,0,337,635
04/20/2002,RYY,GA,ASO,ES,Federal Contract Tower,0,3,30,0,33,0,0,212,0,212,0,3,242,0,245,209,0,209,454
04/21/2002,RYY,GA,ASO,ES,Federal Contract Tower,0,3,30,0,33,0,0,163,0,163,0,3,193,0,196,212,0,212,408
04/22/2002,RYY,GA,ASO,ES,Federal Contract Tower,0,7,36,0,43,0,7,65,0,72,0,14,101,0,115,125,0,125,240
04/23/2002,RYY,GA,ASO,ES,Federal Contract Tower,0,5,30,0,35,0,6,212,0,218,0,11,242,0,253,247,0,247,500
04/24/2002,RYY,GA,ASO,ES,Federal Contract Tower,0,8,43,0,51,0,0,171,1,172,0,8,214,1,223,219,0,219,442
04/25/2002,RYY,GA,ASO,ES,Federal Contract Tower,0,9,49,0,58,0,3,107,4,114,0,12,156,4,172,90,0,90,262
04/26/2002,RYY,GA,ASO,ES,Federal Contract Tower,0,10,64,0,74,0,0,175,4,179,0,10,239,4,253,347,0,347,600
04/27/2002,RYY,GA,ASO,ES,Federal Contract Tower,0,3,37,0,40,0,0,121,2,123,0,3,158,2,163,326,0,326,489
04/28/2002,RYY,GA,ASO,ES,Federal Contract Tower,0,4,36,0,40,0,0,91,2,93,0,4,127,2,133,158,0,158,291
04/29/2002,RYY,GA,ASO,ES,Federal Contract Tower,0,6,48,0,54,0,0,181,2,183,0,6,229,2,237,268,1,269,506
04/30/2002,RYY,GA,ASO,ES,Federal Contract Tower,0,6,36,0,42,0,5,16,0,21,0,11,52,0,63,68,0,68,131
05/01/2002,RYY,GA,ASO,ES,Federal Contract Tower,0,9,61,0,70,0,0,62,7,69,0,9,123,7,139,107,0,107,246
05/02/2002,RYY,GA,ASO,ES,Federal Contract Tower,0,13,57,0,70,0,3,87,2,92,0,16,144,2,162,82,1,83,245
05/03/2002,RYY,GA,ASO,ES,Federal Contract Tower,0,8,37,1,46,0,4,22,3,29,0,12,59,4,75,10,8,18,93
05/04/2002,RYY,GA,ASO,ES,Federal Contract Tower,0,4,28,0,32,0,0,45,0,45,0,4,73,0,77,0,0,0,77
05/05/2002,RYY,GA,ASO,ES,Federal Contract Tower,0,7,56,1,64,0,0,191,2,193,0,7,247,3,257,346,0,346,603
05/06/2002,RYY,GA,ASO,ES,Federal Contract Tower,0,9,41,1,51,0,3,132,0,135,0,12,173,1,186,299,0,299,485
05/07/2002,RYY,GA,ASO,ES,Federal Contract Tower,0,6,51,1,58,0,0,148,0,148,0,6,199,1,206,343,0,343,549
05/08/2002,RYY,GA,ASO,ES,Federal Contract Tower,0,13,59,1,73,0,1,234,11,246,0,14,293,12,319,303,11,314,633
05/09/2002,RYY,GA,ASO,ES,Federal Contract Tower,0,8,39,1,48,0,3,129,2,134,0,11,168,3,182,196,4,200,382
05/10/2002,RYY,GA,ASO,ES,Federal Contract Tower,0,11,58,1,70,0,0,147,3,150,0,11,205,4,220,340,0,340,560
05/11/2002,RYY,GA,ASO,ES,Federal Contract Tower,0,3,32,0,35,0,0,155,0,155,0,3,187,0,190,248,0,248,438
05/12/2002,RYY,GA,ASO,ES,Federal Contract Tower,0,3,42,0,45,0,0,85,0,85,0,3,127,0,130,133,0,133,263
05/13/2002,RYY,GA,ASO,ES,Federal Contract Tower,0,9,41,1,51,0,1,53,1,55,0,10,94,2,106,67,0,67,173
05/14/2002,RYY,GA,ASO,ES,Federal Contract Tower,0,9,39,0,48,0,5,205,0,210,0,14,244,0,258,84,0,84,342
05/15/2002,RYY,GA,ASO,ES,Federal Contract Tower,0,8,36,1,45,0,6,300,8,314,0,14,336,9,359,314,0,314,673
05/16/2002,RYY,GA,ASO,ES,Federal Contract Tower,0,9,39,1,49,0,0,317,3,320,0,9,356,4,369,197,0,197,566
05/17/2002,RYY,GA,ASO,ES,Federal Contract Tower,0,5,35,1,41,0,0,131,3,134,0,5,166,4,175,184,0,184,359
05/18/2002,RYY,GA,ASO,ES,Federal Contract Tower,0,4,30,0,34,0,0,30,1,31,0,4,60,1,65,25,0,25,90
05/19/2002,RYY,GA,ASO,ES,Federal Contract Tower,0,8,38,0,46,0,0,224,8,232,0,8,262,8,278,232,0,232,510
05/20/2002,RYY,GA,ASO,ES,Federal Contract Tower,0,7,31,0,38,0,2,167,5,174,0,9,198,5,212,256,0,256,468
05/21/2002,RYY,GA,ASO,ES,Federal Contract Tower,0,12,57,0,69,0,0,185,2,187,0,12,242,2,256,291,0,291,547
05/22/2002,RYY,GA,ASO,ES,Federal Contract Tower,0,12,55,0,67,0,2,190,5,197,0,14,245,5,264,309,0,309,573
05/23/2002,RYY,GA,ASO,ES,Federal Contract Tower,0,9,43,0,52,0,4,228,4,236,0,13,271,4,288,416,17,433,721
05/24/2002,RYY,GA,ASO,ES,Federal Contract Tower,0,11,52,0,63,0,0,268,6,274,0,11,320,6,337,405,22,427,764
05/25/2002,RYY,GA,ASO,ES,Federal Contract Tower,0,4,20,0,24,0,1,251,2,254,0,5,271,2,278,432,0,432,710
05/26/2002,RYY,GA,ASO,ES,Federal Contract Tower,0,2,12,0,14,0,0,118,0,118,0,2,130,0,132,193,0,193,325
05/27/2002,RYY,GA,ASO,ES,Federal Contract Tower,0,6,29,0,35,0,5,134,0,139,0,11,163,0,174,306,0,306,480
05/28/2002,RYY,GA,ASO,ES,Federal Contract Tower,0,9,43,0,52,0,3,149,7,159,0,12,192,7,211,234,3,237,448
05/29/2002,RYY,GA,ASO,ES,Federal Contract Tower,0,8,37,0,45,0,4,196,4,204,0,12,233,4,249,221,18,239,488
05/30/2002,RYY,GA,ASO,ES,Federal Contract Tower,0,11,53,0,64,0,3,117,0,120,0,14,170,0,184,308,0,308,492
05/31/2002,RYY,GA,ASO,ES,Federal Contract Tower,0,9,44,0,53,0,3,157,0,160,0,12,201,0,213,270,10,280,493
06/01/2002,RYY,GA,ASO,ES,Federal Contract Tower,0,6,32,0,38,0,2,253,0,255,0,8,285,0,293,198,0,198,491
06/02/2002,RYY,GA,ASO,ES,Federal Contract Tower,0,4,30,0,34,0,0,183,0,183,0,4,213,0,217,168,0,168,385
06/03/2002,RYY,GA,ASO,ES,Federal Contract Tower,0,8,39,1,48,0,4,181,2,187,0,12,220,3,235,228,0,228,463
06/04/2002,RYY,GA,ASO,ES,Federal Contract Tower,0,9,43,1,53,0,2,115,1,118,0,11,158,2,171,242,10,252,423
06/05/2002,RYY,GA,ASO,ES,Federal Contract Tower,0,10,54,2,66,0,1,165,0,166,0,11,219,2,232,264,12,276,508
06/06/2002,RYY,GA,ASO,ES,Federal Contract Tower,0,11,56,2,69,0,2,92,0,94,0,13,148,2,163,390,0,390,553
06/07/2002,RYY,GA,ASO,ES,Federal Contract Tower,0,9,57,2,68,0,0,150,3,153,0,9,207,5,221,360,1,361,582
06/08/2002,RYY,GA,ASO,ES,Federal Contract Tower,0,8,38,1,47,0,0,160,3,163,0,8,198,4,210,193,0,193,403
06/09/2002,RYY,GA,ASO,ES,Federal Contract Tower,0,7,36,0,43,0,0,230,0,230,0,7,266,0,273,200,0,200,473
06/10/2002,RYY,GA,ASO,ES,Federal Contract Tower,0,8,41,1,50,0,4,174,1,179,0,12,215,2,229,343,0,343,572
06/11/2002,RYY,GA,ASO,ES,Federal Contract Tower,0,10,45,1,56,0,2,194,2,198,0,12,239,3,254,197,0,197,451
06/12/2002,RYY,GA,ASO,ES,Federal Contract Tower,0,10,65,2,77,0,0,190,4,194,0,10,255,6,271,139,6,145,416
06/13/2002,RYY,GA,ASO,ES,Federal Contract Tower,0,9,44,1,54,0,2,183,0,185,0,11,227,1,239,390,0,390,629
06/14/2002,RYY,GA,ASO,ES,Federal Contract Tower,0,10,49,1,60,0,1,54,1,56,0,11,103,2,116,77,5,82,198
06/15/2002,RYY,GA,ASO,ES,Federal Contract Tower,0,2,20,1,23,0,0,251,2,253,0,2,271,3,276,126,0,126,402
06/16/2002,RYY,GA,ASO,ES,Federal Contract Tower,0,3,26,1,30,0,0,171,1,172,0,3,197,2,202,167,0,167,369
06/17/2002,RYY,GA,ASO,ES,Federal Contract Tower,0,8,40,1,49,0,3,178,0,181,0,11,218,1,230,303,26,329,559
06/18/2002,RYY,GA,ASO,ES,Federal Contract Tower,0,8,40,0,48,0,4,143,4,151,0,12,183,4,199,307,0,307,506
06/19/2002,RYY,GA,ASO,ES,Federal Contract Tower,0,9,56,1,66,0,0,92,6,98,0,9,148,7,164,236,22,258,422
06/20/2002,RYY,GA,ASO,ES,Federal Contract Tower,0,8,56,1,65,0,0,209,3,212,0,8,265,4,277,227,0,227,504
06/21/2002,RYY,GA,ASO,ES,Federal Contract Tower,0,9,46,0,55,0,2,146,3,151,0,11,192,3,206,170,2,172,378
06/22/2002,RYY,GA,ASO,ES,Federal Contract Tower,0,4,19,0,23,0,2,96,0,98,0,6,115,0,121,53,0,53,174
06/23/2002,RYY,GA,ASO,ES,Federal Contract Tower,0,6,43,0,49,0,0,41,0,41,0,6,84,0,90,40,0,40,130
06/24/2002,RYY,GA,ASO,ES,Federal Contract Tower,0,10,51,1,62,0,6,93,3,102,0,16,144,4,164,156,6,162,326
06/25/2002,RYY,GA,ASO,ES,Federal Contract Tower,0,8,37,0,45,0,3,49,1,53,0,11,86,1,98,190,0,190,288
06/26/2002,RYY,GA,ASO,ES,Federal Contract Tower,0,16,83,1,100,0,2,54,4,60,0,18,137,5,160,149,0,149,309
06/27/2002,RYY,GA,ASO,ES,Federal Contract Tower,0,10,51,0,61,0,2,134,0,136,0,12,185,0,197,193,0,193,390
06/28/2002,RYY,GA,ASO,ES,Federal Contract Tower,0,8,39,0,47,0,1,128,0,129,0,9,167,0,176,280,0,280,456
06/29/2002,RYY,GA,ASO,ES,Federal Contract Tower,0,4,51,1,56,0,0,178,2,180,0,4,229,3,236,269,0,269,505
06/30/2002,RYY,GA,ASO,ES,Federal Contract Tower,0,6,30,0,36,0,0,154,0,154,0,6,184,0,190,271,0,271,461
07/01/2002,RYY,GA,ASO,ES,Federal Contract Tower,0,7,40,1,48,0,4,137,0,141,0,11,177,1,189,180,0,180,369
07/02/2002,RYY,GA,ASO,ES,Federal Contract Tower,0,9,50,1,60,0,0,89,3,92,0,9,139,4,152,278,2,280,432
07/03/2002,RYY,GA,ASO,ES,Federal Contract Tower,0,10,54,1,65,0,4,166,3,173,0,14,220,4,238,198,0,198,436
07/04/2002,RYY,GA,ASO,ES,Federal Contract Tower,0,3,39,0,42,0,0,127,0,127,0,3,166,0,169,303,0,303,472
07/05/2002,RYY,GA,ASO,ES,Federal Contract Tower,0,8,43,1,52,0,3,114,2,119,0,11,157,3,171,191,0,191,362
07/06/2002,RYY,GA,ASO,ES,Federal Contract Tower,0,2,19,1,22,0,0,137,0,137,0,2,156,1,159,241,0,241,400
07/07/2002,RYY,GA,ASO,ES,Federal Contract Tower,0,8,52,1,61,0,0,161,2,163,0,8,213,3,224,172,0,172,396
07/08/2002,RYY,GA,ASO,ES,Federal Contract Tower,0,8,42,0,50,0,4,127,0,131,0,12,169,0,181,212,0,212,393
07/09/2002,RYY,GA,ASO,ES,Federal Contract Tower,0,11,54,1,66,0,2,159,1,162,0,13,213,2,228,209,0,209,437
07/10/2002,RYY,GA,ASO,ES,Federal Contract Tower,0,11,54,1,66,0,1,122,4,127,0,12,176,5,193,132,3,135,328
07/11/2002,RYY,GA,ASO,ES,Federal Contract Tower,0,8,41,1,50,0,5,62,0,67,0,13,103,1,117,180,0,180,297
07/12/2002,RYY,GA,ASO,ES,Federal Contract Tower,0,5,56,1,62,0,0,63,1,64,0,5,119,2,126,201,3,204,330
07/13/2002,RYY,GA,ASO,ES,Federal Contract Tower,0,4,52,0,56,0,0,26,0,26,0,4,78,0,82,14,0,14,96
07/14/2002,RYY,GA,ASO,ES,Federal Contract Tower,0,9,45,0,54,0,0,116,0,116,0,9,161,0,170,176,0,176,346
07/15/2002,RYY,GA,ASO,ES,Federal Contract Tower,0,9,57,1,67,0,0,117,5,122,0,9,174,6,189,224,0,224,413
07/16/2002,RYY,GA,ASO,ES,Federal Contract Tower,0,10,47,1,58,0,4,186,7,197,0,14,233,8,255,230,22,252,507
07/17/2002,RYY,GA,ASO,ES,Federal Contract Tower,0,11,52,1,64,0,2,232,7,241,0,13,284,8,305,205,8,213,518
07/18/2002,RYY,GA,ASO,ES,Federal Contract Tower,0,7,37,1,45,0,4,197,2,203,0,11,234,3,248,114,0,114,362
07/19/2002,RYY,GA,ASO,ES,Federal Contract Tower,0,9,44,1,54,0,2,172,1,175,0,11,216,2,229,142,12,154,383
07/20/2002,RYY,GA,ASO,ES,Federal Contract Tower,0,3,29,0,32,0,0,245,18,263,0,3,274,18,295,197,0,197,492
07/21/2002,RYY,GA,ASO,ES,Federal Contract Tower,0,6,31,0,37,0,0,139,1,140,0,6,170,1,177,91,0,91,268
07/22/2002,RYY,GA,ASO,ES,Federal Contract Tower,0,11,53,0,64,0,0,95,9,104,0,11,148,9,168,272,7,279,447
07/23/2002,RYY,GA,ASO,ES,Federal Contract Tower,0,9,48,0,57,0,9,92,2,103,0,18,140,2,160,243,0,243,403
07/24/2002,RYY,GA,ASO,ES,Federal Contract Tower,0,10,65,0,75,0,0,110,1,111,0,10,175,1,186,177,0,177,363
07/25/2002,RYY,GA,ASO,ES,Federal Contract Tower,0,14,72,0,86,0,3,48,4,55,0,17,120,4,141,114,4,118,259
07/26/2002,RYY,GA,ASO,ES,Federal Contract Tower,0,10,51,0,61,0,6,83,4,93,0,16,134,4,154,160,0,160,314
07/27/2002,RYY,GA,ASO,ES,Federal Contract Tower,0,2,39,0,41,0,0,205,0,205,0,2,244,0,246,184,0,184,430
07/28/2002,RYY,GA,ASO,ES,Federal Contract Tower,0,3,49,0,52,0,0,217,0,217,0,3,266,0,269,233,0,233,502
07/29/2002,RYY,GA,ASO,ES,Federal Contract Tower,0,8,43,0,51,0,4,122,4,130,0,12,165,4,181,241,8,249,430
07/30/2002,RYY,GA,ASO,ES,Federal Contract Tower,0,10,51,0,61,0,3,95,9,107,0,13,146,9,168,287,0,287,455
07/31/2002,RYY,GA,ASO,ES,Federal Contract Tower,0,13,64,0,77,0,1,170,10,181,0,14,234,10,258,217,8,225,483
08/01/2002,RYY,GA,ASO,ES,Federal Contract Tower,0,12,52,1,65,0,3,152,3,158,0,15,204,4,223,262,0,262,485
08/02/2002,RYY,GA,ASO,ES,Federal Contract Tower,0,8,35,0,43,0,0,164,0,164,0,8,199,0,207,165,9,174,381
08/03/2002,RYY,GA,ASO,ES,Federal Contract Tower,0,4,17,0,21,0,2,189,0,191,0,6,206,0,212,149,0,149,361
08/04/2002,RYY,GA,ASO,ES,Federal Contract Tower,0,8,34,0,42,0,4,182,0,186,0,12,216,0,228,158,0,158,386
08/05/2002,RYY,GA,ASO,ES,Federal Contract Tower,0,9,49,2,60,0,0,170,3,173,0,9,219,5,233,235,0,235,468
08/06/2002,RYY,GA,ASO,ES,Federal Contract Tower,0,9,53,1,63,0,0,109,0,109,0,9,162,1,172,63,0,63,235
08/07/2002,RYY,GA,ASO,ES,Federal Contract Tower,0,8,32,1,41,0,2,185,1,188,0,10,217,2,229,156,0,156,385
08/08/2002,RYY,GA,ASO,ES,Federal Contract Tower,0,8,43,1,52,0,0,249,3,252,0,8,292,4,304,218,6,224,528
08/09/2002,RYY,GA,ASO,ES,Federal Contract Tower,0,8,34,1,43,0,4,150,3,157,0,12,184,4,200,277,0,277,477
08/10/2002,RYY,GA,ASO,ES,Federal Contract Tower,0,3,15,1,19,0,2,224,0,226,0,5,239,1,245,148,0,148,393
08/11/2002,RYY,GA,ASO,ES,Federal Contract Tower,0,4,20,1,25,0,0,153,1,154,0,4,173,2,179,235,0,235,414
08/12/2002,RYY,GA,ASO,ES,Federal Contract Tower,0,9,41,0,50,0,6,155,0,161,0,15,196,0,211,171,0,171,382
08/13/2002,RYY,GA,ASO,ES,Federal Contract Tower,0,6,25,0,31,0,4,173,0,177,0,10,198,0,208,174,0,174,382
08/14/2002,RYY,GA,ASO,ES,Federal Contract Tower,0,11,46,0,57,0,1,54,0,55,0,12,100,0,112,109,0,109,221
08/15/2002,RYY,GA,ASO,ES,Federal Contract Tower,0,11,45,1,57,0,4,105,3,112,0,15,150,4,169,134,0,134,303
08/16/2002,RYY,GA,ASO,ES,Federal Contract Tower,0,10,49,2,61,0,0,73,0,73,0,10,122,2,134,133,0,133,267
08/17/2002,RYY,GA,ASO,ES,Federal Contract Tower,0,4,30,0,34,0,0,114,4,118,0,4,144,4,152,151,0,151,303
08/18/2002,RYY,GA,ASO,ES,Federal Contract Tower,0,5,29,0,34,0,0,123,0,123,0,5,152,0,157,128,0,128,285
08/19/2002,RYY,GA,ASO,ES,Federal Contract Tower,0,7,31,0,38,0,3,141,2,146,0,10,172,2,184,138,0,138,322
08/20/2002,RYY,GA,ASO,ES,Federal Contract Tower,0,10,44,0,54,0,2,102,2,106,0,12,146,2,160,66,0,66,226
08/21/2002,RYY,GA,ASO,ES,Federal Contract Tower,0,7,54,1,62,0,0,169,2,171,0,7,223,3,233,93,0,93,326
08/22/2002,RYY,GA,ASO,ES,Federal Contract Tower,0,10,55,1,66,0,0,208,9,217,0,10,263,10,283,223,0,223,506
08/23/2002,RYY,GA,ASO,ES,Federal Contract Tower,0,11,58,1,70,0,0,187,4,191,0,11,245,5,261,113,0,113,374
08/24/2002,RYY,GA,ASO,ES,Federal Contract Tower,0,5,36,0,41,0,0,200,4,204,0,5,236,4,245,177,0,177,422
08/25/2002,RYY,GA,ASO,ES,Federal Contract Tower,0,9,40,0,49,0,0,136,0,136,0,9,176,0,185,166,0,166,351
08/26/2002,RYY,GA,ASO,ES,Federal Contract Tower,0,11,54,1,66,0,0,103,1,104,0,11,157,2,170,112,2,114,284
08/27/2002,RYY,GA,ASO,ES,Federal Contract Tower,0,8,50,1,59,0,0,70,2,72,0,8,120,3,131,60,14,74,205
08/28/2002,RYY,GA,ASO,ES,Federal Contract Tower,0,10,51,1,62,0,0,77,6,83,0,10,128,7,145,195,4,199,344
08/29/2002,RYY,GA,ASO,ES,Federal Contract Tower,0,13,60,1,74,0,2,127,10,139,0,15,187,11,213,204,30,234,447
08/30/2002,RYY,GA,ASO,ES,Federal Contract Tower,0,11,52,1,64,0,5,57,5,67,0,16,109,6,131,140,24,164,295
08/31/2002,RYY,GA,ASO,ES,Federal Contract Tower,0,2,47,0,49,0,0,57,0,57,0,2,104,0,106,152,0,152,258
09/01/2002,RYY,GA,ASO,ES,Federal Contract Tower,0,5,26,0,31,0,0,97,0,97,0,5,123,0,128,218,0,218,346
09/02/2002,RYY,GA,ASO,ES,Federal Contract Tower,0,8,39,3,50,0,0,159,0,159,0,8,198,3,209,159,12,171,380
09/03/2002,RYY,GA,ASO,ES,Federal Contract Tower,0,14,32,1,47,0,0,140,0,140,0,14,172,1,187,165,0,165,352
09/04/2002,RYY,GA,ASO,ES,Federal Contract Tower,0,11,42,1,54,0,2,191,8,201,0,13,233,9,255,195,2,197,452
09/05/2002,RYY,GA,ASO,ES,Federal Contract Tower,0,13,40,0,53,0,2,180,7,189,0,15,220,7,242,177,9,186,428
09/06/2002,RYY,GA,ASO,ES,Federal Contract Tower,0,9,43,0,52,0,1,185,1,187,0,10,228,1,239,165,0,165,404
09/07/2002,RYY,GA,ASO,ES,Federal Contract Tower,0,2,25,0,27,0,0,197,2,199,0,2,222,2,226,195,0,195,421
09/08/2002,RYY,GA,ASO,ES,Federal Contract Tower,0,5,19,0,24,0,0,187,0,187,0,5,206,0,211,149,0,149,360
09/09/2002,RYY,GA,ASO,ES,Federal Contract Tower,0,14,37,1,52,0,1,155,0,156,0,15,192,1,208,222,0,222,430
09/10/2002,RYY,GA,ASO,ES,Federal Contract Tower,0,10,37,2,49,0,0,152,2,154,0,10,189,4,203,200,0,200,403
09/11/2002,RYY,GA,ASO,ES,Federal Contract Tower,0,14,45,0,59,0,0,171,2,173,0,14,216,2,232,146,2,148,380
09/12/2002,RYY,GA,ASO,ES,Federal Contract Tower,0,9,37,2,48,0,0,156,2,158,0,9,193,4,206,161,0,161,367
09/13/2002,RYY,GA,ASO,ES,Federal Contract Tower,0,9,50,1,60,0,0,73,0,73,0,9,123,1,133,82,0,82,215
09/14/2002,RYY,GA,ASO,ES,Federal Contract Tower,0,3,30,0,33,0,0,6,0,6,0,3,36,0,39,0,0,0,39
09/15/2002,RYY,GA,ASO,ES,Federal Contract Tower,0,3,44,0,47,0,0,3,0,3,0,3,47,0,50,0,0,0,50
09/16/2002,RYY,GA,ASO,ES,Federal Contract Tower,0,11,38,0,49,0,0,139,0,139,0,11,177,0,188,234,0,234,422
09/17/2002,RYY,GA,ASO,ES,Federal Contract Tower,0,9,50,1,60,0,0,69,0,69,0,9,119,1,129,286,9,295,424
09/18/2002,RYY,GA,ASO,ES,Federal Contract Tower,0,13,62,0,75,0,0,33,1,34,0,13,95,1,109,112,0,112,221
09/19/2002,RYY,GA,ASO,ES,Federal Contract Tower,0,14,61,1,76,0,0,38,0,38,0,14,99,1,114,171,9,180,294
09/20/2002,RYY,GA,ASO,ES,Federal Contract Tower,0,12,53,2,67,0,0,93,3,96,0,12,146,5,163,157,1,158,321
09/21/2002,RYY,GA,ASO,ES,Federal Contract Tower,0,3,63,0,66,0,0,14,1,15,0,3,77,1,81,51,0,51,132
09/22/2002,RYY,GA,ASO,ES,Federal Contract Tower,0,4,55,2,61,0,0,50,0,50,0,4,105,2,111,63,0,63,174
09/23/2002,RYY,GA,ASO,ES,Federal Contract Tower,0,14,38,3,55,0,0,82,2,84,0,14,120,5,139,159,0,159,298
09/24/2002,RYY,GA,ASO,ES,Federal Contract Tower,0,6,82,0,88,0,3,29,0,32,0,9,111,0,120,166,0,166,286
09/25/2002,RYY,GA,ASO,ES,Federal Contract Tower,0,11,33,0,44,0,0,9,0,9,0,11,42,0,53,0,0,0,53
09/26/2002,RYY,GA,ASO,ES,Federal Contract Tower,0,5,33,0,38,0,0,1,0,1,0,5,34,0,39,0,0,0,39
09/27/2002,RYY,GA,ASO,ES,Federal Contract Tower,0,8,53,2,63,0,0,21,9,30,0,8,74,11,93,40,0,40,133
09/28/2002,RYY,GA,ASO,ES,Federal Contract Tower,0,8,32,4,44,0,0,249,10,259,0,8,281,14,303,236,0,236,539
09/29/2002,RYY,GA,ASO,ES,Federal Contract Tower,0,8,57,3,68,0,0,112,0,112,0,8,169,3,180,354,0,354,534
09/30/2002,RYY,GA,ASO,ES,Federal Contract Tower,0,10,45,0,55,0,0,106,0,106,0,10,151,0,161,151,0,151,312
10/01/2002,RYY,GA,ASO,ES,Federal Contract Tower,0,13,42,0,55,0,0,193,1,194,0,13,235,1,249,171,2,173,422
10/02/2002,RYY,GA,ASO,ES,Federal Contract Tower,0,7,37,0,44,0,3,190,1,194,0,10,227,1,238,193,0,193,431
10/03/2002,RYY,GA,ASO,ES,Federal Contract Tower,0,18,50,0,68,0,0,178,1,179,0,18,228,1,247,191,0,191,438
10/04/2002,RYY,GA,ASO,ES,Federal Contract Tower,0,12,35,0,47,0,0,90,5,95,0,12,125,5,142,169,0,169,311
10/05/2002,RYY,GA,ASO,ES,Federal Contract Tower,0,8,47,1,56,0,0,152,0,152,0,8,199,1,208,229,0,229,437
10/06/2002,RYY,GA,ASO,ES,Federal Contract Tower,0,3,39,1,43,0,1,194,0,195,0,4,233,1,238,151,0,151,389
10/07/2002,RYY,GA,ASO,ES,Federal Contract Tower,0,11,51,3,65,0,0,67,3,70,0,11,118,6,135,176,0,176,311
10/08/2002,RYY,GA,ASO,ES,Federal Contract Tower,0,16,38,1,55,0,0,111,2,113,0,16,149,3,168,149,0,149,317
10/09/2002,RYY,GA,ASO,ES,Federal Contract Tower,0,11,55,1,67,0,0,12,0,12,0,11,67,1,79,38,0,38,117
10/10/2002,RYY,GA,ASO,ES,Federal Contract Tower,0,15,55,0,70,0,0,5,1,6,0,15,60,1,76,0,40,40,116
10/11/2002,RYY,GA,ASO,ES,Federal Contract Tower,0,10,55,0,65,0,0,40,0,40,0,10,95,0,105,88,0,88,193
10/12/2002,RYY,GA,ASO,ES,Federal Contract Tower,0,3,40,1,44,0,1,131,3,135,0,4,171,4,179,252,0,252,431
10/13/2002,RYY,GA,ASO,ES,Federal Contract Tower,0,7,39,0,46,0,2,135,0,137,0,9,174,0,183,118,0,118,301
10/14/2002,RYY,GA,ASO,ES,Federal Contract Tower,0,3,42,0,45,0,0,147,0,147,0,3,189,0,192,201,0,201,393
10/15/2002,RYY,GA,ASO,ES,Federal Contract Tower,0,11,43,0,54,0,0,0,0,0,0,11,43,0,54,0,0,0,54
10/16/2002,RYY,GA,ASO,ES,Federal Contract Tower,0,12,62,0,74,0,0,93,16,109,0,12,155,16,183,114,17,131,314
10/17/2002,RYY,GA,ASO,ES,Federal Contract Tower,0,9,53,0,62,0,0,229,2,231,0,9,282,2,293,159,0,159,452
10/18/2002,RYY,GA,ASO,ES,Federal Contract Tower,0,13,43,0,56,0,0,288,2,290,0,13,331,2,346,207,0,207,553
10/19/2002,RYY,GA,ASO,ES,Federal Contract Tower,0,5,21,0,26,0,0,281,2,283,0,5,302,2,309,239,0,239,548
10/20/2002,RYY,GA,ASO,ES,Federal Contract Tower,0,2,66,0,68,0,0,45,0,45,0,2,111,0,113,90,0,90,203
10/21/2002,RYY,GA,ASO,ES,Federal Contract Tower,0,11,74,0,85,0,0,59,0,59,0,11,133,0,144,268,1,269,413
10/22/2002,RYY,GA,ASO,ES,Federal Contract Tower,0,11,69,1,81,0,1,68,2,71,0,12,137,3,152,105,0,105,257
10/23/2002,RYY,GA,ASO,ES,Federal Contract Tower,0,16,80,0,96,0,0,14,0,14,0,16,94,0,110,74,0,74,184
10/24/2002,RYY,GA,ASO,ES,Federal Contract Tower,0,20,65,0,85,0,0,78,0,78,0,20,143,0,163,97,0,97,260
10/25/2002,RYY,GA,ASO,ES,Federal Contract Tower,0,16,66,0,82,0,0,3,2,5,0,16,69,2,87,0,0,0,87
10/26/2002,RYY,GA,ASO,ES,Federal Contract Tower,0,3,33,0,36,0,4,18,0,22,0,7,51,0,58,111,0,111,169
10/27/2002,RYY,GA,ASO,ES,Federal Contract Tower,0,15,49,0,64,0,0,10,2,12,0,15,59,2,76,18,0,18,94
10/28/2002,RYY,GA,ASO,ES,Federal Contract Tower,0,12,42,1,55,0,0,1,0,1,0,12,43,1,56,9,0,9,65
10/29/2002,RYY,GA,ASO,ES,Federal Contract Tower,0,11,47,0,58,0,2,56,0,58,0,13,103,0,116,89,0,89,205
10/30/2002,RYY,GA,ASO,ES,Federal Contract Tower,0,12,54,2,68,0,1,150,0,151,0,13,204,2,219,203,12,215,434
10/31/2002,RYY,GA,ASO,ES,Federal Contract Tower,0,15,54,0,69,0,0,150,3,153,0,15,204,3,222,219,5,224,446
11/01/2002,RYY,GA,ASO,ES,Federal Contract Tower,0,16,5,0,21,16,270,0,0,286,16,286,5,0,307,210,17,227,534
11/02/2002,RYY,GA,ASO,ES,Federal Contract Tower,0,5,2,0,7,5,283,0,0,288,5,288,2,0,295,162,7,169,464
11/03/2002,RYY,GA,ASO,ES,Federal Contract Tower,0,4,2,0,6,5,171,0,0,176,5,175,2,0,182,319,0,319,501
11/04/2002,RYY,GA,ASO,ES,Federal Contract Tower,0,13,0,0,13,13,58,0,0,71,13,71,0,0,84,76,0,76,160
11/05/2002,RYY,GA,ASO,ES,Federal Contract Tower,0,12,0,0,12,12,12,0,0,24,12,24,0,0,36,2,0,2,38
11/06/2002,RYY,GA,ASO,ES,Federal Contract Tower,0,11,1,0,12,11,119,0,0,130,11,130,1,0,142,66,2,68,210
11/07/2002,RYY,GA,ASO,ES,Federal Contract Tower,0,18,6,0,24,18,315,0,0,333,18,333,6,0,357,206,0,206,563
11/08/2002,RYY,GA,ASO,ES,Federal Contract Tower,0,9,6,0,15,12,288,0,0,300,12,297,6,0,315,290,0,290,605
11/09/2002,RYY,GA,ASO,ES,Federal Contract Tower,0,7,4,0,11,12,257,0,0,269,12,264,4,0,280,267,7,274,554
11/10/2002,RYY,GA,ASO,ES,Federal Contract Tower,0,3,0,0,3,5,71,0,0,76,5,74,0,0,79,14,0,14,93
11/11/2002,RYY,GA,ASO,ES,Federal Contract Tower,0,4,0,0,4,4,87,0,0,91,4,91,0,0,95,94,0,94,189
11/12/2002,RYY,GA,ASO,ES,Federal Contract Tower,0,7,0,0,7,7,115,0,0,122,7,122,0,0,129,46,0,46,175
11/13/2002,RYY,GA,ASO,ES,Federal Contract Tower,0,8,4,0,12,8,248,0,0,256,8,256,4,0,268,162,2,164,432
11/14/2002,RYY,GA,ASO,ES,Federal Contract Tower,0,16,1,0,17,17,271,0,0,288,17,287,1,0,305,230,0,230,535
11/15/2002,RYY,GA,ASO,ES,Federal Contract Tower,0,13,1,0,14,19,150,0,0,169,19,163,1,0,183,159,0,159,342
11/16/2002,RYY,GA,ASO,ES,Federal Contract Tower,0,5,0,0,5,5,31,0,0,36,5,36,0,0,41,0,0,0,41
11/17/2002,RYY,GA,ASO,ES,Federal Contract Tower,0,1,0,0,1,5,65,0,0,70,5,66,0,0,71,73,0,73,144
11/18/2002,RYY,GA,ASO,ES,Federal Contract Tower,0,10,4,0,14,10,238,0,0,248,10,248,4,0,262,318,0,318,580
11/19/2002,RYY,GA,ASO,ES,Federal Contract Tower,0,11,0,0,11,11,110,0,0,121,11,121,0,0,132,92,0,92,224
11/20/2002,RYY,GA,ASO,ES,Federal Contract Tower,0,6,0,0,6,6,60,0,0,66,6,66,0,0,72,48,0,48,120
11/21/2002,RYY,GA,ASO,ES,Federal Contract Tower,0,7,3,0,10,7,169,0,0,176,7,176,3,0,186,81,0,81,267
11/22/2002,RYY,GA,ASO,ES,Federal Contract Tower,0,10,0,0,10,10,86,0,0,96,10,96,0,0,106,48,0,48,154
11/23/2002,RYY,GA,ASO,ES,Federal Contract Tower,0,5,4,0,9,8,321,0,0,329,8,326,4,0,338,198,0,198,536
11/24/2002,RYY,GA,ASO,ES,Federal Contract Tower,0,4,0,0,4,5,367,0,0,372,5,371,0,0,376,210,0,210,586
11/25/2002,RYY,GA,ASO,ES,Federal Contract Tower,0,20,4,0,24,20,223,0,0,243,20,243,4,0,267,224,1,225,492
11/26/2002,RYY,GA,ASO,ES,Federal Contract Tower,0,22,5,0,27,22,234,0,0,256,22,256,5,0,283,323,0,323,606
11/27/2002,RYY,GA,ASO,ES,Federal Contract Tower,0,20,0,0,20,20,133,0,0,153,20,153,0,0,173,115,0,115,288
11/28/2002,RYY,GA,ASO,ES,Federal Contract Tower,0,4,2,0,6,7,84,0,0,91,7,88,2,0,97,51,0,51,148
11/29/2002,RYY,GA,ASO,ES,Federal Contract Tower,0,7,1,0,8,8,187,0,0,195,8,194,1,0,203,96,0,96,299
11/30/2002,RYY,GA,ASO,ES,Federal Contract Tower,0,5,5,0,10,5,136,0,0,141,5,141,5,0,151,16,10,26,177
12/01/2002,RYY,GA,ASO,ES,Federal Contract Tower,0,4,85,1,90,0,7,168,0,175,0,11,253,1,265,100,0,100,365
12/02/2002,RYY,GA,ASO,ES,Federal Contract Tower,0,13,44,2,59,0,0,131,3,134,0,13,175,5,193,194,1,195,388
12/03/2002,RYY,GA,ASO,ES,Federal Contract Tower,0,15,45,0,60,0,0,182,2,184,0,15,227,2,244,205,1,206,450
12/04/2002,RYY,GA,ASO,ES,Federal Contract Tower,0,9,30,1,40,0,0,8,0,8,0,9,38,1,48,4,0,4,52
12/05/2002,RYY,GA,ASO,ES,Federal Contract Tower,0,16,33,0,49,0,0,3,0,3,0,16,36,0,52,2,0,2,54
12/06/2002,RYY,GA,ASO,ES,Federal Contract Tower,0,9,66,1,76,0,0,137,5,142,0,9,203,6,218,128,0,128,346
12/07/2002,RYY,GA,ASO,ES,Federal Contract Tower,0,3,41,0,44,0,1,260,4,265,0,4,301,4,309,143,0,143,452
12/08/2002,RYY,GA,ASO,ES,Federal Contract Tower,0,1,37,0,38,0,0,213,3,216,0,1,250,3,254,237,3,240,494
12/09/2002,RYY,GA,ASO,ES,Federal Contract Tower,0,10,36,0,46,0,0,82,0,82,0,10,118,0,128,76,0,76,204
12/10/2002,RYY,GA,ASO,ES,Federal Contract Tower,0,12,53,0,65,0,1,20,0,21,0,13,73,0,86,19,0,19,105
12/11/2002,RYY,GA,ASO,ES,Federal Contract Tower,0,18,68,1,87,0,0,5,1,6,0,18,73,2,93,12,24,36,129
12/12/2002,RYY,GA,ASO,ES,Federal Contract Tower,0,11,61,2,74,0,0,38,0,38,0,11,99,2,112,160,6,166,278
12/13/2002,RYY,GA,ASO,ES,Federal Contract Tower,0,14,23,2,39,0,0,6,0,6,0,14,29,2,45,2,0,2,47
12/14/2002,RYY,GA,ASO,ES,Federal Contract Tower,0,8,31,0,39,0,2,30,0,32,0,10,61,0,71,136,0,136,207
12/15/2002,RYY,GA,ASO,ES,Federal Contract Tower,0,3,24,0,27,0,2,241,0,243,0,5,265,0,270,227,0,227,497
12/16/2002,RYY,GA,ASO,ES,Federal Contract Tower,0,7,41,4,52,0,0,170,0,170,0,7,211,4,222,216,0,216,438
12/17/2002,RYY,GA,ASO,ES,Federal Contract Tower,0,17,30,0,47,0,0,161,0,161,0,17,191,0,208,291,0,291,499
12/18/2002,RYY,GA,ASO,ES,Federal Contract Tower,0,17,53,0,70,0,2,54,1,57,0,19,107,1,127,115,0,115,242
12/19/2002,RYY,GA,ASO,ES,Federal Contract Tower,0,8,34,0,42,0,6,11,0,17,0,14,45,0,59,6,0,6,65
12/20/2002,RYY,GA,ASO,ES,Federal Contract Tower,0,13,44,0,57,0,6,114,2,122,0,19,158,2,179,109,2,111,290
12/21/2002,RYY,GA,ASO,ES,Federal Contract Tower,0,2,35,0,37,0,0,258,2,260,0,2,293,2,297,271,0,271,568
12/22/2002,RYY,GA,ASO,ES,Federal Contract Tower,0,6,37,0,43,0,0,132,0,132,0,6,169,0,175,258,0,258,433
12/23/2002,RYY,GA,ASO,ES,Federal Contract Tower,0,10,30,0,40,0,0,179,0,179,0,10,209,0,219,262,0,262,481
12/24/2002,RYY,GA,ASO,ES,Federal Contract Tower,0,5,4,0,9,0,0,0,0,0,0,5,4,0,9,0,0,0,9
12/25/2002,RYY,GA,ASO,ES,Federal Contract Tower,0,3,5,0,8,0,2,6,0,8,0,5,11,0,16,4,0,4,20
12/26/2002,RYY,GA,ASO,ES,Federal Contract Tower,0,10,28,0,38,0,0,159,0,159,0,10,187,0,197,211,0,211,408
12/27/2002,RYY,GA,ASO,ES,Federal Contract Tower,0,11,37,2,50,0,4,227,2,233,0,15,264,4,283,190,0,190,473
12/28/2002,RYY,GA,ASO,ES,Federal Contract Tower,0,14,28,0,42,0,0,238,1,239,0,14,266,1,281,204,0,204,485
12/29/2002,RYY,GA,ASO,ES,Federal Contract Tower,0,3,31,0,34,0,2,221,0,223,0,5,252,0,257,279,0,279,536
12/30/2002,RYY,GA,ASO,ES,Federal Contract Tower,0,6,30,2,38,0,0,138,0,138,0,6,168,2,176,231,0,231,407
12/31/2002,RYY,GA,ASO,ES,Federal Contract Tower,0,14,20,0,34,0,3,47,0,50,0,17,67,0,84,127,0,127,211
01/01/2003,RYY,GA,ASO,ES,Federal Contract Tower,0,3,33,0,36,0,0,6,0,6,0,3,39,0,42,71,0,71,113
01/02/2003,RYY,GA,ASO,ES,Federal Contract Tower,0,14,50,0,64,0,0,50,0,50,0,14,100,0,114,82,0,82,196
01/03/2003,RYY,GA,ASO,ES,Federal Contract Tower,0,8,23,0,31,0,0,28,0,28,0,8,51,0,59,35,0,35,94
01/04/2003,RYY,GA,ASO,ES,Federal Contract Tower,0,8,37,0,45,0,0,275,5,280,0,8,312,5,325,251,4,255,580
01/05/2003,RYY,GA,ASO,ES,Federal Contract Tower,0,3,32,0,35,0,0,230,0,230,0,3,262,0,265,217,0,217,482
01/06/2003,RYY,GA,ASO,ES,Federal Contract Tower,0,17,32,2,51,0,0,92,0,92,0,17,124,2,143,68,12,80,223
01/07/2003,RYY,GA,ASO,ES,Federal Contract Tower,0,13,36,0,49,0,0,156,0,156,0,13,192,0,205,208,2,210,415
01/08/2003,RYY,GA,ASO,ES,Federal Contract Tower,0,13,44,4,61,0,5,170,1,176,0,18,214,5,237,147,4,151,388
01/09/2003,RYY,GA,ASO,ES,Federal Contract Tower,0,14,45,2,61,0,0,210,1,211,0,14,255,3,272,237,0,237,509
01/10/2003,RYY,GA,ASO,ES,Federal Contract Tower,0,12,14,2,28,0,0,137,2,139,0,12,151,4,167,127,10,137,304
01/11/2003,RYY,GA,ASO,ES,Federal Contract Tower,0,4,17,1,22,0,0,202,5,207,0,4,219,6,229,127,0,127,356
01/12/2003,RYY,GA,ASO,ES,Federal Contract Tower,0,3,25,0,28,0,4,182,0,186,0,7,207,0,214,297,2,299,513
01/13/2003,RYY,GA,ASO,ES,Federal Contract Tower,0,13,30,2,45,0,0,134,0,134,0,13,164,2,179,144,0,144,323
01/14/2003,RYY,GA,ASO,ES,Federal Contract Tower,0,12,38,0,50,0,0,141,0,141,0,12,179,0,191,221,1,222,413
01/15/2003,RYY,GA,ASO,ES,Federal Contract Tower,0,14,39,1,54,0,5,185,0,190,0,19,224,1,244,199,0,199,443
01/16/2003,RYY,GA,ASO,ES,Federal Contract Tower,0,13,23,0,36,0,0,46,2,48,0,13,69,2,84,61,0,61,145
01/17/2003,RYY,GA,ASO,ES,Federal Contract Tower,0,14,30,0,44,0,0,46,1,47,0,14,76,1,91,31,0,31,122
01/18/2003,RYY,GA,ASO,ES,Federal Contract Tower,0,4,22,0,26,0,0,198,0,198,0,4,220,0,224,260,0,260,484
01/19/2003,RYY,GA,ASO,ES,Federal Contract Tower,0,6,12,0,18,0,0,182,0,182,0,6,194,0,200,202,0,202,402
01/20/2003,RYY,GA,ASO,ES,Federal Contract Tower,0,5,44,0,49,0,0,133,0,133,0,5,177,0,182,64,0,64,246
01/21/2003,RYY,GA,ASO,ES,Federal Contract Tower,0,14,47,0,61,0,3,40,0,43,0,17,87,0,104,115,0,115,219
01/22/2003,RYY,GA,ASO,ES,Federal Contract Tower,0,9,45,0,54,0,3,40,0,43,0,12,85,0,97,85,0,85,182
01/23/2003,RYY,GA,ASO,ES,Federal Contract Tower,0,13,23,0,36,0,0,28,0,28,0,13,51,0,64,10,0,10,74
01/24/2003,RYY,GA,ASO,ES,Federal Contract Tower,0,14,15,0,29,0,0,161,0,161,0,14,176,0,190,171,0,171,361
01/25/2003,RYY,GA,ASO,ES,Federal Contract Tower,0,8,12,0,20,0,0,235,0,235,0,8,247,0,255,246,0,246,501
01/26/2003,RYY,GA,ASO,ES,Federal Contract Tower,0,2,19,0,21,0,0,147,0,147,0,2,166,0,168,276,0,276,444
01/27/2003,RYY,GA,ASO,ES,Federal Contract Tower,0,7,33,1,41,0,0,117,0,117,0,7,150,1,158,255,0,255,413
01/28/2003,RYY,GA,ASO,ES,Federal Contract Tower,0,7,46,0,53,0,6,155,0,161,0,13,201,0,214,309,0,309,523
01/29/2003,RYY,GA,ASO,ES,Federal Contract Tower,0,11,33,0,44,0,1,26,0,27,0,12,59,0,71,37,0,37,108
01/30/2003,RYY,GA,ASO,ES,Federal Contract Tower,0,12,46,0,58,0,0,0,0,0,0,12,46,0,58,6,0,6,64
01/31/2003,RYY,GA,ASO,ES,Federal Contract Tower,0,6,45,0,51,0,0,99,0,99,0,6,144,0,150,173,0,173,323
02/01/2003,RYY,GA,ASO,ES,Federal Contract Tower,0,4,35,0,39,0,2,193,3,198,0,6,228,3,237,179,0,179,416
02/02/2003,RYY,GA,ASO,ES,Federal Contract Tower,0,5,32,1,38,0,0,265,1,266,0,5,297,2,304,239,0,239,543
02/03/2003,RYY,GA,ASO,ES,Federal Contract Tower,0,14,33,1,48,0,0,93,0,93,0,14,126,1,141,97,0,97,238
02/04/2003,RYY,GA,ASO,ES,Federal Contract Tower,0,8,14,0,22,0,2,67,0,69,0,10,81,0,91,62,0,62,153
02/05/2003,RYY,GA,ASO,ES,Federal Contract Tower,0,13,43,2,58,0,4,210,0,214,0,17,253,2,272,285,0,285,557
02/06/2003,RYY,GA,ASO,ES,Federal Contract Tower,0,14,30,0,44,0,0,11,0,11,0,14,41,0,55,44,0,44,99
02/07/2003,RYY,GA,ASO,ES,Federal Contract Tower,0,11,30,0,41,0,0,30,4,34,0,11,60,4,75,2,0,2,77
02/08/2003,RYY,GA,ASO,ES,Federal Contract Tower,0,1,25,0,26,0,3,282,2,287,0,4,307,2,313,258,0,258,571
02/09/2003,RYY,GA,ASO,ES,Federal Contract Tower,0,4,31,0,35,0,0,232,1,233,0,4,263,1,268,337,0,337,605
02/10/2003,RYY,GA,ASO,ES,Federal Contract Tower,0,16,39,1,56,0,0,24,0,24,0,16,63,1,80,10,2,12,92
02/11/2003,RYY,GA,ASO,ES,Federal Contract Tower,0,13,41,0,54,0,0,187,0,187,0,13,228,0,241,191,0,191,432
02/12/2003,RYY,GA,ASO,ES,Federal Contract Tower,0,13,54,0,67,0,1,159,0,160,0,14,213,0,227,90,0,90,317
02/13/2003,RYY,GA,ASO,ES,Federal Contract Tower,0,17,45,0,62,0,0,194,4,198,0,17,239,4,260,175,0,175,435
02/14/2003,RYY,GA,ASO,ES,Federal Contract Tower,0,7,36,0,43,0,0,106,0,106,0,7,142,0,149,146,0,146,295
02/15/2003,RYY,GA,ASO,ES,Federal Contract Tower,0,6,48,3,57,0,0,33,2,35,0,6,81,5,92,34,0,34,126
02/16/2003,RYY,GA,ASO,ES,Federal Contract Tower,0,10,21,0,31,0,0,1,0,1,0,10,22,0,32,0,0,0,32
02/17/2003,RYY,GA,ASO,ES,Federal Contract Tower,0,13,36,0,49,0,0,6,0,6,0,13,42,0,55,12,0,12,67
02/18/2003,RYY,GA,ASO,ES,Federal Contract Tower,0,12,47,0,59,0,2,76,6,84,0,14,123,6,143,206,2,208,351
02/19/2003,RYY,GA,ASO,ES,Federal Contract Tower,0,16,43,0,59,0,2,225,5,232,0,18,268,5,291,335,3,338,629
02/20/2003,RYY,GA,ASO,ES,Federal Contract Tower,0,15,43,0,58,0,0,137,1,138,0,15,180,1,196,157,6,163,359
02/21/2003,RYY,GA,ASO,ES,Federal Contract Tower,0,15,45,0,60,0,0,8,0,8,0,15,53,0,68,28,0,28,96
02/22/2003,RYY,GA,ASO,ES,Federal Contract Tower,0,8,8,0,16,0,2,19,0,21,0,10,27,0,37,2,0,2,39
02/23/2003,RYY,GA,ASO,ES,Federal Contract Tower,0,4,28,0,32,0,2,205,0,207,0,6,233,0,239,161,0,161,400
02/24/2003,RYY,GA,ASO,ES,Federal Contract Tower,0,10,50,0,60,0,0,158,0,158,0,10,208,0,218,234,0,234,452
02/25/2003,RYY,GA,ASO,ES,Federal Contract Tower,0,11,34,2,47,0,0,110,0,110,0,11,144,2,157,276,0,276,433
02/26/2003,RYY,GA,ASO,ES,Federal Contract Tower,0,12,34,0,46,0,0,3,0,3,0,12,37,0,49,69,0,69,118
02/27/2003,RYY,GA,ASO,ES,Federal Contract Tower,0,14,40,0,54,0,0,0,0,0,0,14,40,0,54,10,0,10,64
02/28/2003,RYY,GA,ASO,ES,Federal Contract Tower,0,10,83,0,93,0,2,104,0,106,0,12,187,0,199,184,0,184,383
03/01/2003,RYY,GA,ASO,ES,Federal Contract Tower,0,2,45,0,47,0,0,7,0,7,0,2,52,0,54,59,0,59,113
03/02/2003,RYY,GA,ASO,ES,Federal Contract Tower,0,5,57,0,62,0,2,43,2,47,0,7,100,2,109,38,0,38,147
03/03/2003,RYY,GA,ASO,ES,Federal Contract Tower,0,8,33,1,42,0,0,206,0,206,0,8,239,1,248,294,0,294,542
03/04/2003,RYY,GA,ASO,ES,Federal Contract Tower,0,13,36,4,53,0,0,139,0,139,0,13,175,4,192,184,0,184,376
03/05/2003,RYY,GA,ASO,ES,Federal Contract Tower,0,14,46,0,60,0,0,21,0,21,0,14,67,0,81,83,0,83,164
03/06/2003,RYY,GA,ASO,ES,Federal Contract Tower,0,18,48,0,66,0,0,72,6,78,0,18,120,6,144,169,0,169,313
03/07/2003,RYY,GA,ASO,ES,Federal Contract Tower,0,18,52,0,70,0,2,194,0,196,0,20,246,0,266,162,0,162,428
03/08/2003,RYY,GA,ASO,ES,Federal Contract Tower,0,5,30,2,37,0,0,185,1,186,0,5,215,3,223,110,0,110,333
03/09/2003,RYY,GA,ASO,ES,Federal Contract Tower,0,3,38,0,41,0,7,246,2,255,0,10,284,2,296,101,0,101,397
03/10/2003,RYY,GA,ASO,ES,Federal Contract Tower,0,16,52,3,71,0,0,167,0,167,0,16,219,3,238,157,6,163,401
03/11/2003,RYY,GA,ASO,ES,Federal Contract Tower,0,10,35,0,45,0,2,210,0,212,0,12,245,0,257,218,0,218,475
03/12/2003,RYY,GA,ASO,ES,Federal Contract Tower,0,11,38,0,49,0,5,214,2,221,0,16,252,2,270,202,0,202,472
03/13/2003,RYY,GA,ASO,ES,Federal Contract Tower,0,13,53,0,66,0,0,162,0,162,0,13,215,0,228,206,0,206,434
03/14/2003,RYY,GA,ASO,ES,Federal Contract Tower,0,20,47,0,67,0,0,74,0,74,0,20,121,0,141,75,4,79,220
03/15/2003,RYY,GA,ASO,ES,Federal Contract Tower,0,4,48,0,52,0,0,8,0,8,0,4,56,0,60,26,0,26,86
03/16/2003,RYY,GA,ASO,ES,Federal Contract Tower,0,7,41,0,48,0,0,134,2,136,0,7,175,2,184,200,0,200,384
03/17/2003,RYY,GA,ASO,ES,Federal Contract Tower,0,10,35,0,45,0,0,0,0,0,0,10,35,0,45,0,0,0,45
03/18/2003,RYY,GA,ASO,ES,Federal Contract Tower,0,9,43,0,52,0,0,2,0,2,0,9,45,0,54,6,0,6,60
03/19/2003,RYY,GA,ASO,ES,Federal Contract Tower,0,16,40,0,56,0,0,0,0,0,0,16,40,0,56,0,0,0,56
03/20/2003,RYY,GA,ASO,ES,Federal Contract Tower,0,9,46,0,55,0,0,0,0,0,0,9,46,0,55,23,0,23,78
03/21/2003,RYY,GA,ASO,ES,Federal Contract Tower,0,12,41,0,53,0,4,180,0,184,0,16,221,0,237,202,0,202,439
03/22/2003,RYY,GA,ASO,ES,Federal Contract Tower,0,7,51,1,59,0,2,306,6,314,0,9,357,7,373,218,0,218,591
03/23/2003,RYY,GA,ASO,ES,Federal Contract Tower,0,3,32,0,35,0,3,211,0,214,0,6,243,0,249,337,0,337,586
03/24/2003,RYY,GA,ASO,ES,Federal Contract Tower,0,10,33,0,43,0,0,223,0,223,0,10,256,0,266,223,0,223,489
03/25/2003,RYY,GA,ASO,ES,Federal Contract Tower,0,9,46,0,55,0,0,193,3,196,0,9,239,3,251,201,0,201,452
03/26/2003,RYY,GA,ASO,ES,Federal Contract Tower,0,11,48,0,59,0,5,98,0,103,0,16,146,0,162,181,0,181,343
03/27/2003,RYY,GA,ASO,ES,Federal Contract Tower,0,17,46,0,63,0,4,126,2,132,0,21,172,2,195,206,6,212,407
03/28/2003,RYY,GA,ASO,ES,Federal Contract Tower,0,15,76,3,94,0,0,131,3,134,0,15,207,6,228,205,5,210,438
03/29/2003,RYY,GA,ASO,ES,Federal Contract Tower,0,1,36,0,37,0,3,26,0,29,0,4,62,0,66,191,0,191,257
03/30/2003,RYY,GA,ASO,ES,Federal Contract Tower,0,15,31,0,46,0,0,65,0,65,0,15,96,0,111,15,0,15,126
03/31/2003,RYY,GA,ASO,ES,Federal Contract Tower,0,19,16,1,36,0,0,166,0,166,0,19,182,1,202,138,0,138,340
04/01/2003,RYY,GA,ASO,ES,Federal Contract Tower,0,9,34,0,43,0,2,151,0,153,0,11,185,0,196,127,0,127,323
04/02/2003,RYY,GA,ASO,ES,Federal Contract Tower,0,17,31,0,48,0,1,199,1,201,0,18,230,1,249,156,2,158,407
04/03/2003,RYY,GA,ASO,ES,Federal Contract Tower,0,20,37,0,57,0,0,221,2,223,0,20,258,2,280,174,0,174,454
04/04/2003,RYY,GA,ASO,ES,Federal Contract Tower,0,14,32,0,46,0,1,140,1,142,0,15,172,1,188,133,0,133,321
04/05/2003,RYY,GA,ASO,ES,Federal Contract Tower,0,11,39,0,50,0,0,78,0,78,0,11,117,0,128,89,0,89,217
04/06/2003,RYY,GA,ASO,ES,Federal Contract Tower,0,2,53,1,56,0,0,66,0,66,0,2,119,1,122,109,0,109,231
04/07/2003,RYY,GA,ASO,ES,Federal Contract Tower,0,11,9,1,21,0,0,21,0,21,0,11,30,1,42,55,0,55,97
04/08/2003,RYY,GA,ASO,ES,Federal Contract Tower,0,11,25,0,36,0,0,0,0,0,0,11,25,0,36,0,0,0,36
04/09/2003,RYY,GA,ASO,ES,Federal Contract Tower,0,19,69,0,88,0,0,0,0,0,0,19,69,0,88,4,0,4,92
04/10/2003,RYY,GA,ASO,ES,Federal Contract Tower,0,12,35,0,47,0,0,0,0,0,0,12,35,0,47,0,0,0,47
04/11/2003,RYY,GA,ASO,ES,Federal Contract Tower,0,14,62,1,77,0,1,161,0,162,0,15,223,1,239,245,0,245,484
04/12/2003,RYY,GA,ASO,ES,Federal Contract Tower,0,7,30,0,37,0,0,230,2,232,0,7,260,2,269,240,0,240,509
04/13/2003,RYY,GA,ASO,ES,Federal Contract Tower,0,6,44,0,50,0,2,247,5,254,0,8,291,5,304,244,9,253,557
04/14/2003,RYY,GA,ASO,ES,Federal Contract Tower,0,14,29,0,43,0,0,159,0,159,0,14,188,0,202,219,0,219,421
04/15/2003,RYY,GA,ASO,ES,Federal Contract Tower,0,14,29,0,43,0,0,162,8,170,0,14,191,8,213,236,0,236,449
04/16/2003,RYY,GA,ASO,ES,Federal Contract Tower,0,14,55,1,70,0,4,190,3,197,0,18,245,4,267,99,0,99,366
04/17/2003,RYY,GA,ASO,ES,Federal Contract Tower,0,18,63,0,81,0,2,47,0,49,0,20,110,0,130,92,0,92,222
04/18/2003,RYY,GA,ASO,ES,Federal Contract Tower,0,8,77,0,85,0,0,133,4,137,0,8,210,4,222,182,0,182,404
04/19/2003,RYY,GA,ASO,ES,Federal Contract Tower,0,2,50,0,52,0,0,83,1,84,0,2,133,1,136,216,0,216,352
04/20/2003,RYY,GA,ASO,ES,Federal Contract Tower,0,7,29,0,36,0,1,31,1,33,0,8,60,1,69,64,0,64,133
04/21/2003,RYY,GA,ASO,ES,Federal Contract Tower,0,17,52,1,70,0,0,16,0,16,0,17,68,1,86,89,2,91,177
04/22/2003,RYY,GA,ASO,ES,Federal Contract Tower,0,9,46,0,55,0,0,131,3,134,0,9,177,3,189,33,0,33,222
04/23/2003,RYY,GA,ASO,ES,Federal Contract Tower,0,16,35,0,51,0,1,266,4,271,0,17,301,4,322,279,0,279,601
04/24/2003,RYY,GA,ASO,ES,Federal Contract Tower,0,16,46,0,62,0,0,86,1,87,0,16,132,1,149,246,0,246,395
04/25/2003,RYY,GA,ASO,ES,Federal Contract Tower,0,22,34,0,56,0,0,20,0,20,0,22,54,0,76,20,0,20,96
04/26/2003,RYY,GA,ASO,ES,Federal Contract Tower,0,5,41,0,46,0,0,180,4,184,0,5,221,4,230,431,0,431,661
04/27/2003,RYY,GA,ASO,ES,Federal Contract Tower,0,9,27,0,36,0,0,290,0,290,0,9,317,0,326,230,0,230,556
04/28/2003,RYY,GA,ASO,ES,Federal Contract Tower,0,8,29,0,37,0,4,177,7,188,0,12,206,7,225,235,0,235,460
04/29/2003,RYY,GA,ASO,ES,Federal Contract Tower,0,13,43,1,57,0,1,200,3,204,0,14,243,4,261,224,0,224,485
04/30/2003,RYY,GA,ASO,ES,Federal Contract Tower,0,20,39,0,59,0,0,128,0,128,0,20,167,0,187,162,0,162,349
05/01/2003,RYY,GA,ASO,ES,Federal Contract Tower,0,18,55,0,73,0,0,177,4,181,0,18,232,4,254,333,5,338,592
05/02/2003,RYY,GA,ASO,ES,Federal Contract Tower,0,18,41,0,59,0,0,131,1,132,0,18,172,1,191,219,0,219,410
05/03/2003,RYY,GA,ASO,ES,Federal Contract Tower,0,6,60,1,67,0,0,126,0,126,0,6,186,1,193,112,0,112,305
05/04/2003,RYY,GA,ASO,ES,Federal Contract Tower,0,2,66,0,68,0,2,246,0,248,0,4,312,0,316,287,0,287,603
05/05/2003,RYY,GA,ASO,ES,Federal Contract Tower,0,8,21,0,29,0,0,0,0,0,0,8,21,0,29,0,0,0,29
05/06/2003,RYY,GA,ASO,ES,Federal Contract Tower,0,17,28,0,45,0,0,12,0,12,0,17,40,0,57,6,0,6,63
05/07/2003,RYY,GA,ASO,ES,Federal Contract Tower,0,9,38,0,47,0,0,16,2,18,0,9,54,2,65,26,2,28,93
05/08/2003,RYY,GA,ASO,ES,Federal Contract Tower,0,18,62,0,80,0,0,66,0,66,0,18,128,0,146,208,0,208,354
05/09/2003,RYY,GA,ASO,ES,Federal Contract Tower,0,8,68,0,76,0,0,161,2,163,0,8,229,2,239,235,0,235,474
05/10/2003,RYY,GA,ASO,ES,Federal Contract Tower,0,3,34,0,37,0,0,186,1,187,0,3,220,1,224,282,0,282,506
05/11/2003,RYY,GA,ASO,ES,Federal Contract Tower,0,6,31,0,37,0,0,34,0,34,0,6,65,0,71,90,0,90,161
05/12/2003,RYY,GA,ASO,ES,Federal Contract Tower,0,12,54,0,66,0,0,110,0,110,0,12,164,0,176,77,0,77,253
05/13/2003,RYY,GA,ASO,ES,Federal Contract Tower,0,10,44,1,55,0,2,215,0,217,0,12,259,1,272,224,0,224,496
05/14/2003,RYY,GA,ASO,ES,Federal Contract Tower,0,17,71,0,88,0,6,106,1,113,0,23,177,1,201,160,0,160,361
05/15/2003,RYY,GA,ASO,ES,Federal Contract Tower,0,15,44,0,59,0,0,15,1,16,0,15,59,1,75,80,0,80,155
05/16/2003,RYY,GA,ASO,ES,Federal Contract Tower,0,13,70,0,83,0,0,78,0,78,0,13,148,0,161,230,0,230,391
05/17/2003,RYY,GA,ASO,ES,Federal Contract Tower,0,3,21,0,24,0,0,63,0,63,0,3,84,0,87,57,0,57,144
05/18/2003,RYY,GA,ASO,ES,Federal Contract Tower,0,9,23,0,32,0,0,2,0,2,0,9,25,0,34,0,0,0,34
05/19/2003,RYY,GA,ASO,ES,Federal Contract Tower,0,8,36,0,44,0,0,0,0,0,0,8,36,0,44,0,0,0,44
05/20/2003,RYY,GA,ASO,ES,Federal Contract Tower,0,9,49,0,58,0,0,61,4,65,0,9,110,4,123,324,0,324,447
05/21/2003,RYY,GA,ASO,ES,Federal Contract Tower,0,8,49,0,57,0,0,20,0,20,0,8,69,0,77,50,0,50,127
05/22/2003,RYY,GA,ASO,ES,Federal Contract Tower,0,14,61,0,75,0,0,41,2,43,0,14,102,2,118,98,0,98,216
05/23/2003,RYY,GA,ASO,ES,Federal Contract Tower,0,16,61,0,77,0,0,181,2,183,0,16,242,2,260,309,2,311,571
05/24/2003,RYY,GA,ASO,ES,Federal Contract Tower,0,5,32,0,37,0,1,268,0,269,0,6,300,0,306,292,0,292,598
05/25/2003,RYY,GA,ASO,ES,Federal Contract Tower,0,0,44,0,44,0,0,184,0,184,0,0,228,0,228,232,0,232,460
05/26/2003,RYY,GA,ASO,ES,Federal Contract Tower,0,2,54,0,56,0,2,131,2,135,0,4,185,2,191,209,6,215,406
05/27/2003,RYY,GA,ASO,ES,Federal Contract Tower,0,13,50,0,63,0,1,174,0,175,0,14,224,0,238,86,0,86,324
05/28/2003,RYY,GA,ASO,ES,Federal Contract Tower,0,11,39,0,50,0,6,210,0,216,0,17,249,0,266,252,0,252,518
05/29/2003,RYY,GA,ASO,ES,Federal Contract Tower,0,15,45,0,60,0,0,154,4,158,0,15,199,4,218,137,0,137,355
05/30/2003,RYY,GA,ASO,ES,Federal Contract Tower,0,12,41,0,53,0,0,310,2,312,0,12,351,2,365,337,0,337,702
05/31/2003,RYY,GA,ASO,ES,Federal Contract Tower,0,4,21,2,27,0,0,114,2,116,0,4,135,4,143,92,0,92,235
06/01/2003,RYY,GA,ASO,ES,Federal Contract Tower,0,4,39,0,43,0,1,205,0,206,0,5,244,0,249,187,0,187,436
06/02/2003,RYY,GA,ASO,ES,Federal Contract Tower,0,9,49,0,58,0,9,209,0,218,0,18,258,0,276,280,0,280,556
06/03/2003,RYY,GA,ASO,ES,Federal Contract Tower,0,8,38,0,46,0,5,43,1,49,0,13,81,1,95,49,0,49,144
06/04/2003,RYY,GA,ASO,ES,Federal Contract Tower,0,16,36,0,52,0,0,137,0,137,0,16,173,0,189,284,0,284,473
06/05/2003,RYY,GA,ASO,ES,Federal Contract Tower,0,16,57,0,73,0,0,234,2,236,0,16,291,2,309,265,0,265,574
06/06/2003,RYY,GA,ASO,ES,Federal Contract Tower,0,17,37,0,54,0,0,79,5,84,0,17,116,5,138,161,0,161,299
06/07/2003,RYY,GA,ASO,ES,Federal Contract Tower,0,4,34,0,38,0,0,3,0,3,0,4,37,0,41,38,0,38,79
06/08/2003,RYY,GA,ASO,ES,Federal Contract Tower,0,9,40,0,49,0,1,107,1,109,0,10,147,1,158,169,0,169,327
06/09/2003,RYY,GA,ASO,ES,Federal Contract Tower,0,10,38,1,49,0,0,171,0,171,0,10,209,1,220,208,0,208,428
06/10/2003,RYY,GA,ASO,ES,Federal Contract Tower,0,14,39,0,53,0,0,192,10,202,0,14,231,10,255,272,0,272,527
06/11/2003,RYY,GA,ASO,ES,Federal Contract Tower,0,10,47,0,57,0,1,113,0,114,0,11,160,0,171,214,0,214,385
06/12/2003,RYY,GA,ASO,ES,Federal Contract Tower,0,10,60,2,72,0,0,45,2,47,0,10,105,4,119,57,0,57,176
06/13/2003,RYY,GA,ASO,ES,Federal Contract Tower,0,12,55,0,67,0,2,30,0,32,0,14,85,0,99,39,0,39,138
06/14/2003,RYY,GA,ASO,ES,Federal Contract Tower,0,1,35,0,36,0,0,98,0,98,0,1,133,0,134,370,0,370,504
06/15/2003,RYY,GA,ASO,ES,Federal Contract Tower,0,4,51,3,58,0,0,121,0,121,0,4,172,3,179,269,0,269,448
06/16/2003,RYY,GA,ASO,ES,Federal Contract Tower,0,14,29,3,46,0,0,123,0,123,0,14,152,3,169,216,0,216,385
06/17/2003,RYY,GA,ASO,ES,Federal Contract Tower,0,13,50,0,63,0,0,83,1,84,0,13,133,1,147,113,0,113,260
06/18/2003,RYY,GA,ASO,ES,Federal Contract Tower,0,17,37,0,54,0,0,21,1,22,0,17,58,1,76,56,0,56,132
06/19/2003,RYY,GA,ASO,ES,Federal Contract Tower,0,9,70,0,79,0,2,68,0,70,0,11,138,0,149,158,0,158,307
06/20/2003,RYY,GA,ASO,ES,Federal Contract Tower,0,13,69,0,82,0,1,186,0,187,0,14,255,0,269,107,0,107,376
06/21/2003,RYY,GA,ASO,ES,Federal Contract Tower,0,6,33,0,39,0,0,310,2,312,0,6,343,2,351,339,0,339,690
06/22/2003,RYY,GA,ASO,ES,Federal Contract Tower,0,2,43,0,45,0,3,279,0,282,0,5,322,0,327,267,0,267,594
06/23/2003,RYY,GA,ASO,ES,Federal Contract Tower,0,8,39,0,47,0,0,214,0,214,0,8,253,0,261,252,0,252,513
06/24/2003,RYY,GA,ASO,ES,Federal Contract Tower,0,13,50,3,66,0,0,204,0,204,0,13,254,3,270,374,0,374,644
06/25/2003,RYY,GA,ASO,ES,Federal Contract Tower,0,16,31,0,47,0,0,212,0,212,0,16,243,0,259,384,0,384,643
06/26/2003,RYY,GA,ASO,ES,Federal Contract Tower,0,10,44,0,54,0,4,157,0,161,0,14,201,0,215,225,0,225,440
06/27/2003,RYY,GA,ASO,ES,Federal Contract Tower,0,12,59,0,71,0,1,134,1,136,0,13,193,1,207,330,10,340,547
06/28/2003,RYY,GA,ASO,ES,Federal Contract Tower,0,2,66,0,68,0,7,152,1,160,0,9,218,1,228,351,0,351,579
06/29/2003,RYY,GA,ASO,ES,Federal Contract Tower,0,13,43,0,56,0,1,67,2,70,0,14,110,2,126,123,0,123,249
06/30/2003,RYY,GA,ASO,ES,Federal Contract Tower,0,9,33,0,42,0,0,78,0,78,0,9,111,0,120,179,0,179,299
07/01/2003,RYY,GA,ASO,ES,Federal Contract Tower,0,12,12,0,24,0,0,0,0,0,0,12,12,0,24,0,0,0,24
07/02/2003,RYY,GA,ASO,ES,Federal Contract Tower,0,14,68,0,82,0,0,99,0,99,0,14,167,0,181,196,0,196,377
07/03/2003,RYY,GA,ASO,ES,Federal Contract Tower,0,7,67,0,74,0,3,230,1,234,0,10,297,1,308,295,6,301,609
07/04/2003,RYY,GA,ASO,ES,Federal Contract Tower,0,0,20,0,20,0,3,122,1,126,0,3,142,1,146,255,1,256,402
07/05/2003,RYY,GA,ASO,ES,Federal Contract Tower,0,3,28,0,31,0,0,91,0,91,0,3,119,0,122,227,0,227,349
07/06/2003,RYY,GA,ASO,ES,Federal Contract Tower,0,4,51,0,55,0,4,146,0,150,0,8,197,0,205,407,0,407,612
07/07/2003,RYY,GA,ASO,ES,Federal Contract Tower,0,7,32,2,41,0,0,113,3,116,0,7,145,5,157,272,0,272,429
07/08/2003,RYY,GA,ASO,ES,Federal Contract Tower,0,11,46,3,60,0,0,179,5,184,0,11,225,8,244,246,5,251,495
07/09/2003,RYY,GA,ASO,ES,Federal Contract Tower,0,14,50,0,64,0,2,167,5,174,0,16,217,5,238,404,18,422,660
07/10/2003,RYY,GA,ASO,ES,Federal Contract Tower,0,13,54,0,67,0,0,56,0,56,0,13,110,0,123,97,0,97,220
07/11/2003,RYY,GA,ASO,ES,Federal Contract Tower,0,10,48,1,59,0,7,181,3,191,0,17,229,4,250,323,18,341,591
07/12/2003,RYY,GA,ASO,ES,Federal Contract Tower,0,2,37,2,41,0,0,261,3,264,0,2,298,5,305,236,0,236,541
07/13/2003,RYY,GA,ASO,ES,Federal Contract Tower,0,6,49,0,55,0,0,136,0,136,0,6,185,0,191,225,0,225,416
07/14/2003,RYY,GA,ASO,ES,Federal Contract Tower,0,8,55,0,63,0,2,76,1,79,0,10,131,1,142,201,0,201,343
07/15/2003,RYY,GA,ASO,ES,Federal Contract Tower,0,8,66,0,74,0,1,113,0,114,0,9,179,0,188,83,48,131,319
07/16/2003,RYY,GA,ASO,ES,Federal Contract Tower,0,15,42,0,57,0,4,111,0,115,0,19,153,0,172,187,34,221,393
07/17/2003,RYY,GA,ASO,ES,Federal Contract Tower,0,8,74,0,82,0,3,168,6,177,0,11,242,6,259,172,0,172,431
07/18/2003,RYY,GA,ASO,ES,Federal Contract Tower,0,12,54,0,66,0,3,202,6,211,0,15,256,6,277,217,34,251,528
07/19/2003,RYY,GA,ASO,ES,Federal Contract Tower,0,7,22,2,31,0,0,213,2,215,0,7,235,4,246,228,0,228,474
07/20/2003,RYY,GA,ASO,ES,Federal Contract Tower,0,1,45,0,46,0,0,181,0,181,0,1,226,0,227,214,0,214,441
07/21/2003,RYY,GA,ASO,ES,Federal Contract Tower,0,10,28,0,38,0,4,130,0,134,0,14,158,0,172,147,0,147,319
07/22/2003,RYY,GA,ASO,ES,Federal Contract Tower,0,12,32,0,44,0,4,48,0,52,0,16,80,0,96,63,0,63,159
07/23/2003,RYY,GA,ASO,ES,Federal Contract Tower,0,12,48,3,63,0,0,64,3,67,0,12,112,6,130,128,0,128,258
07/24/2003,RYY,GA,ASO,ES,Federal Contract Tower,0,14,47,0,61,0,7,260,3,270,0,21,307,3,331,208,1,209,540
07/25/2003,RYY,GA,ASO,ES,Federal Contract Tower,0,9,37,0,46,0,0,194,2,196,0,9,231,2,242,272,2,274,516
07/26/2003,RYY,GA,ASO,ES,Federal Contract Tower,0,8,38,1,47,0,0,233,0,233,0,8,271,1,280,405,0,405,685
07/27/2003,RYY,GA,ASO,ES,Federal Contract Tower,0,5,42,0,47,0,0,226,0,226,0,5,268,0,273,236,0,236,509
07/28/2003,RYY,GA,ASO,ES,Federal Contract Tower,0,7,47,0,54,0,1,130,0,131,0,8,177,0,185,358,52,410,595
07/29/2003,RYY,GA,ASO,ES,Federal Contract Tower,0,12,49,0,61,0,0,137,2,139,0,12,186,2,200,151,0,151,351
07/30/2003,RYY,GA,ASO,ES,Federal Contract Tower,0,13,65,0,78,0,0,68,0,68,0,13,133,0,146,82,0,82,228
07/31/2003,RYY,GA,ASO,ES,Federal Contract Tower,0,13,57,0,70,0,1,75,7,83,0,14,132,7,153,165,12,177,330
08/01/2003,RYY,GA,ASO,ES,Federal Contract Tower,0,12,65,0,77,0,0,87,2,89,0,12,152,2,166,255,0,255,421
08/02/2003,RYY,GA,ASO,ES,Federal Contract Tower,0,0,40,0,40,0,0,118,0,118,0,0,158,0,158,282,0,282,440
08/03/2003,RYY,GA,ASO,ES,Federal Contract Tower,0,2,45,0,47,0,0,71,4,75,0,2,116,4,122,146,4,150,272
08/04/2003,RYY,GA,ASO,ES,Federal Contract Tower,0,13,62,0,75,0,1,82,0,83,0,14,144,0,158,178,0,178,336
08/05/2003,RYY,GA,ASO,ES,Federal Contract Tower,0,16,47,0,63,0,0,136,10,146,0,16,183,10,209,205,12,217,426
08/06/2003,RYY,GA,ASO,ES,Federal Contract Tower,0,10,61,0,71,0,5,32,6,43,0,15,93,6,114,79,3,82,196
08/07/2003,RYY,GA,ASO,ES,Federal Contract Tower,0,12,50,0,62,0,4,97,2,103,0,16,147,2,165,184,0,184,349
08/08/2003,RYY,GA,ASO,ES,Federal Contract Tower,0,7,52,0,59,0,4,178,6,188,0,11,230,6,247,318,8,326,573
08/09/2003,RYY,GA,ASO,ES,Federal Contract Tower,0,0,41,1,42,0,0,262,0,262,0,0,303,1,304,268,0,268,572
08/10/2003,RYY,GA,ASO,ES,Federal Contract Tower,0,6,51,0,57,0,0,130,0,130,0,6,181,0,187,109,0,109,296
08/11/2003,RYY,GA,ASO,ES,Federal Contract Tower,0,7,40,0,47,0,1,74,2,77,0,8,114,2,124,260,18,278,402
08/12/2003,RYY,GA,ASO,ES,Federal Contract Tower,0,6,51,0,57,0,3,98,4,105,0,9,149,4,162,163,6,169,331
08/13/2003,RYY,GA,ASO,ES,Federal Contract Tower,0,12,66,0,78,0,0,36,2,38,0,12,102,2,116,58,0,58,174
08/14/2003,RYY,GA,ASO,ES,Federal Contract Tower,0,13,50,2,65,0,0,181,5,186,0,13,231,7,251,252,8,260,511
08/15/2003,RYY,GA,ASO,ES,Federal Contract Tower,0,8,40,0,48,0,0,163,13,176,0,8,203,13,224,236,3,239,463
08/16/2003,RYY,GA,ASO,ES,Federal Contract Tower,0,3,45,0,48,0,0,136,10,146,0,3,181,10,194,331,0,331,525
08/17/2003,RYY,GA,ASO,ES,Federal Contract Tower,0,8,44,2,54,0,0,127,0,127,0,8,171,2,181,176,4,180,361
08/18/2003,RYY,GA,ASO,ES,Federal Contract Tower,0,15,45,0,60,0,0,106,0,106,0,15,151,0,166,227,0,227,393
08/19/2003,RYY,GA,ASO,ES,Federal Contract Tower,0,9,61,0,70,0,5,97,2,104,0,14,158,2,174,235,17,252,426
08/20/2003,RYY,GA,ASO,ES,Federal Contract Tower,0,8,72,0,80,0,6,73,0,79,0,14,145,0,159,232,0,232,391
08/21/2003,RYY,GA,ASO,ES,Federal Contract Tower,0,18,39,0,57,0,0,92,0,92,0,18,131,0,149,218,0,218,367
08/22/2003,RYY,GA,ASO,ES,Federal Contract Tower,0,10,62,0,72,0,0,149,0,149,0,10,211,0,221,334,0,334,555
08/23/2003,RYY,GA,ASO,ES,Federal Contract Tower,0,4,30,0,34,0,0,195,0,195,0,4,225,0,229,214,0,214,443
08/24/2003,RYY,GA,ASO,ES,Federal Contract Tower,0,8,49,0,57,0,1,153,2,156,0,9,202,2,213,222,0,222,435
08/25/2003,RYY,GA,ASO,ES,Federal Contract Tower,0,6,55,0,61,0,5,58,0,63,0,11,113,0,124,131,18,149,273
08/26/2003,RYY,GA,ASO,ES,Federal Contract Tower,0,6,44,0,50,0,0,146,12,158,0,6,190,12,208,366,2,368,576
08/27/2003,RYY,GA,ASO,ES,Federal Contract Tower,0,11,63,0,74,0,4,103,2,109,0,15,166,2,183,223,0,223,406
08/28/2003,RYY,GA,ASO,ES,Federal Contract Tower,0,19,58,1,78,0,0,121,3,124,0,19,179,4,202,120,0,120,322
08/29/2003,RYY,GA,ASO,ES,Federal Contract Tower,0,12,55,0,67,0,1,131,1,133,0,13,186,1,200,126,0,126,326
08/30/2003,RYY,GA,ASO,ES,Federal Contract Tower,0,6,60,0,66,0,2,94,2,98,0,8,154,2,164,119,0,119,283
08/31/2003,RYY,GA,ASO,ES,Federal Contract Tower,0,2,32,0,34,0,0,98,0,98,0,2,130,0,132,200,0,200,332
09/01/2003,RYY,GA,ASO,ES,Federal Contract Tower,0,4,60,0,64,0,2,156,5,163,0,6,216,5,227,197,34,231,458
09/02/2003,RYY,GA,ASO,ES,Federal Contract Tower,0,6,45,0,51,0,6,99,0,105,0,12,144,0,156,203,16,219,375
09/03/2003,RYY,GA,ASO,ES,Federal Contract Tower,0,15,43,0,58,0,0,133,1,134,0,15,176,1,192,200,0,200,392
09/04/2003,RYY,GA,ASO,ES,Federal Contract Tower,0,10,60,0,70,0,0,70,0,70,0,10,130,0,140,287,0,287,427
09/05/2003,RYY,GA,ASO,ES,Federal Contract Tower,0,9,48,0,57,0,1,147,1,149,0,10,195,1,206,209,0,209,415
09/06/2003,RYY,GA,ASO,ES,Federal Contract Tower,0,0,34,0,34,0,2,167,1,170,0,2,201,1,204,196,0,196,400
09/07/2003,RYY,GA,ASO,ES,Federal Contract Tower,0,5,41,0,46,0,1,124,1,126,0,6,165,1,172,212,0,212,384
09/08/2003,RYY,GA,ASO,ES,Federal Contract Tower,0,12,45,1,58,0,0,149,4,153,0,12,194,5,211,202,0,202,413
09/09/2003,RYY,GA,ASO,ES,Federal Contract Tower,0,11,34,0,45,0,0,158,2,160,0,11,192,2,205,241,0,241,446
09/10/2003,RYY,GA,ASO,ES,Federal Contract Tower,0,12,50,0,62,0,0,154,11,165,0,12,204,11,227,182,0,182,409
09/11/2003,RYY,GA,ASO,ES,Federal Contract Tower,0,12,45,0,57,0,0,212,2,214,0,12,257,2,271,223,4,227,498
09/12/2003,RYY,GA,ASO,ES,Federal Contract Tower,0,2,40,0,42,0,4,169,6,179,0,6,209,6,221,179,0,179,400
09/13/2003,RYY,GA,ASO,ES,Federal Contract Tower,0,2,27,0,29,0,0,252,0,252,0,2,279,0,281,249,0,249,530
09/14/2003,RYY,GA,ASO,ES,Federal Contract Tower,0,6,31,0,37,0,1,132,0,133,0,7,163,0,170,215,0,215,385
09/15/2003,RYY,GA,ASO,ES,Federal Contract Tower,0,9,41,4,54,0,0,113,0,113,0,9,154,4,167,88,0,88,255
09/16/2003,RYY,GA,ASO,ES,Federal Contract Tower,0,17,31,0,48,0,4,169,0,173,0,21,200,0,221,193,0,193,414
09/17/2003,RYY,GA,ASO,ES,Federal Contract Tower,0,10,50,0,60,0,0,214,2,216,0,10,264,2,276,179,0,179,455
09/18/2003,RYY,GA,ASO,ES,Federal Contract Tower,0,7,34,0,41,0,1,49,0,50,0,8,83,0,91,215,0,215,306
09/19/2003,RYY,GA,ASO,ES,Federal Contract Tower,0,7,50,0,57,0,0,149,2,151,0,7,199,2,208,288,0,288,496
09/20/2003,RYY,GA,ASO,ES,Federal Contract Tower,0,5,33,0,38,0,0,226,1,227,0,5,259,1,265,156,0,156,421
09/21/2003,RYY,GA,ASO,ES,Federal Contract Tower,0,7,44,0,51,0,1,151,0,152,0,8,195,0,203,185,0,185,388
09/22/2003,RYY,GA,ASO,ES,Federal Contract Tower,0,12,38,2,52,0,0,7,0,7,0,12,45,2,59,3,0,3,62
09/23/2003,RYY,GA,ASO,ES,Federal Contract Tower,0,12,61,0,73,0,0,204,4,208,0,12,265,4,281,218,0,218,499
09/24/2003,RYY,GA,ASO,ES,Federal Contract Tower,0,21,67,0,88,0,0,202,5,207,0,21,269,5,295,201,0,201,496
09/25/2003,RYY,GA,ASO,ES,Federal Contract Tower,0,14,50,0,64,0,2,157,0,159,0,16,207,0,223,230,0,230,453
09/26/2003,RYY,GA,ASO,ES,Federal Contract Tower,0,9,52,0,61,0,6,166,2,174,0,15,218,2,235,285,0,285,520
09/27/2003,RYY,GA,ASO,ES,Federal Contract Tower,0,0,18,0,18,0,0,142,0,142,0,0,160,0,160,149,0,149,309
09/28/2003,RYY,GA,ASO,ES,Federal Contract Tower,0,12,46,0,58,0,1,181,0,182,0,13,227,0,240,52,0,52,292
09/29/2003,RYY,GA,ASO,ES,Federal Contract Tower,0,8,50,0,58,0,0,155,3,158,0,8,205,3,216,130,23,153,369
09/30/2003,RYY,GA,ASO,ES,Federal Contract Tower,0,15,29,0,44,0,3,218,2,223,0,18,247,2,267,188,0,188,455
10/01/2003,RYY,GA,ASO,ES,Federal Contract Tower,0,12,57,0,69,0,0,185,1,186,0,12,242,1,255,154,0,154,409
10/02/2003,RYY,GA,ASO,ES,Federal Contract Tower,0,12,52,0,64,0,3,169,0,172,0,15,221,0,236,95,0,95,331
10/03/2003,RYY,GA,ASO,ES,Federal Contract Tower,0,11,55,0,66,0,0,190,2,192,0,11,245,2,258,211,0,211,469
10/04/2003,RYY,GA,ASO,ES,Federal Contract Tower,0,5,28,0,33,0,0,198,4,202,0,5,226,4,235,289,8,297,532
10/05/2003,RYY,GA,ASO,ES,Federal Contract Tower,0,12,52,0,64,0,4,192,3,199,0,16,244,3,263,175,0,175,438
10/06/2003,RYY,GA,ASO,ES,Federal Contract Tower,0,10,54,0,64,0,0,93,6,99,0,10,147,6,163,221,32,253,416
10/07/2003,RYY,GA,ASO,ES,Federal Contract Tower,0,12,54,0,66,0,1,45,0,46,0,13,99,0,112,117,0,117,229
10/08/2003,RYY,GA,ASO,ES,Federal Contract Tower,0,16,71,0,87,0,3,72,7,82,0,19,143,7,169,134,40,174,343
10/09/2003,RYY,GA,ASO,ES,Federal Contract Tower,0,13,62,0,75,0,13,89,8,110,0,26,151,8,185,318,0,318,503
10/10/2003,RYY,GA,ASO,ES,Federal Contract Tower,0,13,68,0,81,0,0,27,0,27,0,13,95,0,108,134,0,134,242
10/11/2003,RYY,GA,ASO,ES,Federal Contract Tower,0,5,47,0,52,0,0,26,0,26,0,5,73,0,78,118,0,118,196
10/12/2003,RYY,GA,ASO,ES,Federal Contract Tower,0,7,42,1,50,0,0,199,3,202,0,7,241,4,252,256,0,256,508
10/13/2003,RYY,GA,ASO,ES,Federal Contract Tower,0,6,35,1,42,0,0,147,0,147,0,6,182,1,189,175,0,175,364
10/14/2003,RYY,GA,ASO,ES,Federal Contract Tower,0,9,54,1,64,0,0,15,0,15,0,9,69,1,79,4,0,4,83
10/15/2003,RYY,GA,ASO,ES,Federal Contract Tower,0,11,54,0,65,0,23,145,2,170,0,34,199,2,235,129,2,131,366
10/16/2003,RYY,GA,ASO,ES,Federal Contract Tower,0,9,44,0,53,0,2,252,3,257,0,11,296,3,310,299,0,299,609
10/17/2003,RYY,GA,ASO,ES,Federal Contract Tower,0,12,59,0,71,0,0,105,0,105,0,12,164,0,176,186,6,192,368
10/18/2003,RYY,GA,ASO,ES,Federal Contract Tower,0,7,35,0,42,0,0,190,4,194,0,7,225,4,236,161,0,161,397
10/19/2003,RYY,GA,ASO,ES,Federal Contract Tower,0,9,46,0,55,0,2,252,2,256,0,11,298,2,311,205,0,205,516
10/20/2003,RYY,GA,ASO,ES,Federal Contract Tower,0,8,45,0,53,0,0,165,4,169,0,8,210,4,222,80,0,80,302
10/21/2003,RYY,GA,ASO,ES,Federal Contract Tower,0,9,54,0,63,0,0,164,4,168,0,9,218,4,231,132,0,132,363
10/22/2003,RYY,GA,ASO,ES,Federal Contract Tower,0,14,70,0,84,0,3,149,0,152,0,17,219,0,236,139,0,139,375
10/23/2003,RYY,GA,ASO,ES,Federal Contract Tower,0,11,54,0,65,0,7,199,2,208,0,18,253,2,273,164,0,164,437
10/24/2003,RYY,GA,ASO,ES,Federal Contract Tower,0,10,52,0,62,0,5,233,3,241,0,15,285,3,303,277,0,277,580
10/25/2003,RYY,GA,ASO,ES,Federal Contract Tower,0,5,27,0,32,0,2,197,0,199,0,7,224,0,231,314,0,314,545
10/26/2003,RYY,GA,ASO,ES,Federal Contract Tower,0,7,37,0,44,0,2,2,0,4,0,9,39,0,48,0,0,0,48
10/27/2003,RYY,GA,ASO,ES,Federal Contract Tower,0,11,58,0,69,0,1,45,0,46,0,12,103,0,115,79,0,79,194
10/28/2003,RYY,GA,ASO,ES,Federal Contract Tower,0,10,48,0,58,0,2,121,1,124,0,12,169,1,182,97,2,99,281
10/29/2003,RYY,GA,ASO,ES,Federal Contract Tower,0,7,40,0,47,0,0,210,1,211,0,7,250,1,258,276,0,276,534
10/30/2003,RYY,GA,ASO,ES,Federal Contract Tower,0,7,37,0,44,0,1,208,3,212,0,8,245,3,256,171,5,176,432
10/31/2003,RYY,GA,ASO,ES,Federal Contract Tower,0,9,46,0,55,0,4,186,6,196,0,13,232,6,251,227,0,227,478
11/01/2003,RYY,GA,ASO,ES,Federal Contract Tower,0,6,28,0,34,0,4,268,7,279,0,10,296,7,313,208,0,208,521
11/02/2003,RYY,GA,ASO,ES,Federal Contract Tower,0,4,27,0,31,0,0,263,5,268,0,4,290,5,299,198,0,198,497
11/03/2003,RYY,GA,ASO,ES,Federal Contract Tower,0,10,46,0,56,0,3,150,0,153,0,13,196,0,209,114,0,114,323
11/04/2003,RYY,GA,ASO,ES,Federal Contract Tower,0,10,66,0,76,0,0,48,0,48,0,10,114,0,124,144,0,144,268
11/05/2003,RYY,GA,ASO,ES,Federal Contract Tower,0,10,51,0,61,0,1,13,0,14,0,11,64,0,75,1,0,1,76
11/06/2003,RYY,GA,ASO,ES,Federal Contract Tower,0,12,80,0,92,0,0,26,0,26,0,12,106,0,118,26,0,26,144
11/07/2003,RYY,GA,ASO,ES,Federal Contract Tower,0,11,62,0,73,0,0,137,0,137,0,11,199,0,210,175,0,175,385
11/08/2003,RYY,GA,ASO,ES,Federal Contract Tower,0,6,43,0,49,0,0,47,0,47,0,6,90,0,96,85,0,85,181
11/09/2003,RYY,GA,ASO,ES,Federal Contract Tower,0,4,37,0,41,0,0,176,0,176,0,4,213,0,217,117,0,117,334
11/10/2003,RYY,GA,ASO,ES,Federal Contract Tower,0,9,44,0,53,0,0,146,0,146,0,9,190,0,199,99,0,99,298
11/11/2003,RYY,GA,ASO,ES,Federal Contract Tower,0,7,35,0,42,0,3,214,2,219,0,10,249,2,261,224,3,227,488
11/12/2003,RYY,GA,ASO,ES,Federal Contract Tower,0,11,58,0,69,0,0,141,1,142,0,11,199,1,211,118,0,118,329
11/13/2003,RYY,GA,ASO,ES,Federal Contract Tower,0,10,51,0,61,0,12,36,1,49,0,22,87,1,110,12,0,12,122
11/14/2003,RYY,GA,ASO,ES,Federal Contract Tower,0,8,38,0,46,0,2,209,2,213,0,10,247,2,259,121,0,121,380
11/15/2003,RYY,GA,ASO,ES,Federal Contract Tower,0,5,28,1,34,0,5,269,10,284,0,10,297,11,318,222,2,224,542
11/16/2003,RYY,GA,ASO,ES,Federal Contract Tower,0,7,53,1,61,0,0,65,0,65,0,7,118,1,126,202,0,202,328
11/17/2003,RYY,GA,ASO,ES,Federal Contract Tower,0,11,59,0,70,0,2,61,1,64,0,13,120,1,134,155,10,165,299
11/18/2003,RYY,GA,ASO,ES,Federal Contract Tower,0,6,32,0,38,0,1,12,0,13,0,7,44,0,51,2,0,2,53
11/19/2003,RYY,GA,ASO,ES,Federal Contract Tower,0,8,45,0,53,0,6,41,0,47,0,14,86,0,100,20,0,20,120
11/20/2003,RYY,GA,ASO,ES,Federal Contract Tower,0,11,58,0,69,0,6,209,2,217,0,17,267,2,286,114,0,114,400
11/21/2003,RYY,GA,ASO,ES,Federal Contract Tower,0,10,59,0,69,0,0,224,3,227,0,10,283,3,296,232,0,232,528
11/22/2003,RYY,GA,ASO,ES,Federal Contract Tower,0,2,33,0,35,0,0,300,0,300,0,2,333,0,335,200,0,200,535
11/23/2003,RYY,GA,ASO,ES,Federal Contract Tower,0,5,45,0,50,0,0,245,3,248,0,5,290,3,298,194,4,198,496
11/24/2003,RYY,GA,ASO,ES,Federal Contract Tower,0,9,51,0,60,0,9,27,2,38,0,18,78,2,98,32,17,49,147
11/25/2003,RYY,GA,ASO,ES,Federal Contract Tower,0,11,61,0,72,0,5,202,0,207,0,16,263,0,279,189,0,189,468
11/26/2003,RYY,GA,ASO,ES,Federal Contract Tower,0,15,81,0,96,0,0,233,2,235,0,15,314,2,331,169,0,169,500
11/27/2003,RYY,GA,ASO,ES,Federal Contract Tower,0,1,11,0,12,0,0,1,0,1,0,1,12,0,13,0,0,0,13
11/28/2003,RYY,GA,ASO,ES,Federal Contract Tower,0,4,25,0,29,0,1,19,0,20,0,5,44,0,49,2,0,2,51
11/29/2003,RYY,GA,ASO,ES,Federal Contract Tower,0,6,35,0,41,0,3,189,2,194,0,9,224,2,235,132,0,132,367
11/30/2003,RYY,GA,ASO,ES,Federal Contract Tower,0,12,67,0,79,0,5,303,0,308,0,17,370,0,387,126,0,126,513
12/01/2003,RYY,GA,ASO,ES,Federal Contract Tower,0,11,44,0,55,0,10,98,0,108,0,21,142,0,163,50,0,50,213
12/02/2003,RYY,GA,ASO,ES,Federal Contract Tower,0,9,33,0,42,0,7,164,7,178,0,16,197,7,220,152,0,152,372
12/03/2003,RYY,GA,ASO,ES,Federal Contract Tower,0,9,39,0,48,0,0,120,3,123,0,9,159,3,171,108,1,109,280
12/04/2003,RYY,GA,ASO,ES,Federal Contract Tower,0,8,30,0,38,0,0,3,0,3,0,8,33,0,41,0,0,0,41
12/05/2003,RYY,GA,ASO,ES,Federal Contract Tower,0,8,28,0,36,0,1,11,6,18,0,9,39,6,54,0,2,2,56
12/06/2003,RYY,GA,ASO,ES,Federal Contract Tower,0,6,21,0,27,0,2,34,2,38,0,8,55,2,65,80,0,80,145
12/07/2003,RYY,GA,ASO,ES,Federal Contract Tower,0,4,16,0,20,0,5,227,2,234,0,9,243,2,254,344,0,344,598
12/08/2003,RYY,GA,ASO,ES,Federal Contract Tower,0,9,36,0,45,0,3,137,3,143,0,12,173,3,188,230,0,230,418
12/09/2003,RYY,GA,ASO,ES,Federal Contract Tower,0,9,50,1,60,0,0,126,1,127,0,9,176,2,187,181,0,181,368
12/10/2003,RYY,GA,ASO,ES,Federal Contract Tower,0,7,31,0,38,0,5,7,0,12,0,12,38,0,50,4,0,4,54
12/11/2003,RYY,GA,ASO,ES,Federal Contract Tower,0,13,59,0,72,0,0,95,0,95,0,13,154,0,167,56,0,56,223
12/12/2003,RYY,GA,ASO,ES,Federal Contract Tower,0,8,45,1,54,0,0,209,0,209,0,8,254,1,263,166,0,166,429
12/13/2003,RYY,GA,ASO,ES,Federal Contract Tower,0,4,24,1,29,0,0,57,1,58,0,4,81,2,87,144,0,144,231
12/14/2003,RYY,GA,ASO,ES,Federal Contract Tower,0,5,26,1,32,0,0,7,0,7,0,5,33,1,39,0,0,0,39
12/15/2003,RYY,GA,ASO,ES,Federal Contract Tower,0,8,35,1,44,0,9,185,0,194,0,17,220,1,238,143,0,143,381
12/16/2003,RYY,GA,ASO,ES,Federal Contract Tower,0,13,54,0,67,0,1,112,2,115,0,14,166,2,182,164,0,164,346
12/17/2003,RYY,GA,ASO,ES,Federal Contract Tower,0,11,50,0,61,0,1,72,1,74,0,12,122,1,135,32,10,42,177
12/18/2003,RYY,GA,ASO,ES,Federal Contract Tower,0,13,56,0,69,0,4,150,4,158,0,17,206,4,227,94,2,96,323
12/19/2003,RYY,GA,ASO,ES,Federal Contract Tower,0,9,53,0,62,0,0,109,4,113,0,9,162,4,175,62,0,62,237
12/20/2003,RYY,GA,ASO,ES,Federal Contract Tower,0,5,23,0,28,0,3,237,0,240,0,8,260,0,268,162,0,162,430
12/21/2003,RYY,GA,ASO,ES,Federal Contract Tower,0,3,31,0,34,0,0,197,0,197,0,3,228,0,231,183,0,183,414
12/22/2003,RYY,GA,ASO,ES,Federal Contract Tower,0,10,44,0,54,0,4,168,4,176,0,14,212,4,230,196,0,196,426
12/23/2003,RYY,GA,ASO,ES,Federal Contract Tower,0,11,47,0,58,0,2,95,2,99,0,13,142,2,157,44,0,44,201
12/24/2003,RYY,GA,ASO,ES,Federal Contract Tower,0,5,26,0,31,0,0,69,0,69,0,5,95,0,100,48,0,48,148
12/25/2003,RYY,GA,ASO,ES,Federal Contract Tower,0,1,12,0,13,0,0,59,0,59,0,1,71,0,72,8,0,8,80
12/26/2003,RYY,GA,ASO,ES,Federal Contract Tower,0,10,43,0,53,0,2,187,0,189,0,12,230,0,242,91,0,91,333
12/27/2003,RYY,GA,ASO,ES,Federal Contract Tower,0,9,41,0,50,0,0,235,2,237,0,9,276,2,287,185,0,185,472
12/28/2003,RYY,GA,ASO,ES,Federal Contract Tower,0,5,24,0,29,0,0,173,2,175,0,5,197,2,204,166,0,166,370
12/29/2003,RYY,GA,ASO,ES,Federal Contract Tower,0,8,38,0,46,0,5,88,0,93,0,13,126,0,139,76,0,76,215
12/30/2003,RYY,GA,ASO,ES,Federal Contract Tower,0,7,43,0,50,0,0,186,1,187,0,7,229,1,237,74,0,74,311
12/31/2003,RYY,GA,ASO,ES,Federal Contract Tower,0,9,39,0,48,0,2,198,3,203,0,11,237,3,251,114,16,130,381
01/01/2004,RYY,GA,ASO,ES,Federal Contract Tower,0,4,18,0,22,0,0,150,3,153,0,4,168,3,175,57,0,57,232
01/02/2004,RYY,GA,ASO,ES,Federal Contract Tower,0,10,45,0,55,0,5,143,3,151,0,15,188,3,206,217,0,217,423
01/03/2004,RYY,GA,ASO,ES,Federal Contract Tower,0,4,53,0,57,0,0,105,2,107,0,4,158,2,164,174,0,174,338
01/04/2004,RYY,GA,ASO,ES,Federal Contract Tower,0,7,31,0,38,0,1,141,3,145,0,8,172,3,183,111,0,111,294
01/05/2004,RYY,GA,ASO,ES,Federal Contract Tower,0,6,25,0,31,0,5,12,0,17,0,11,37,0,48,2,0,2,50
01/06/2004,RYY,GA,ASO,ES,Federal Contract Tower,0,9,40,0,49,0,3,128,1,132,0,12,168,1,181,95,0,95,276
01/07/2004,RYY,GA,ASO,ES,Federal Contract Tower,0,8,36,0,44,0,0,142,0,142,0,8,178,0,186,101,0,101,287
01/08/2004,RYY,GA,ASO,ES,Federal Contract Tower,0,7,32,0,39,0,3,91,0,94,0,10,123,0,133,178,0,178,311
01/09/2004,RYY,GA,ASO,ES,Federal Contract Tower,0,6,32,1,39,0,0,4,1,5,0,6,36,2,44,10,0,10,54
01/10/2004,RYY,GA,ASO,ES,Federal Contract Tower,0,0,10,0,10,0,0,77,0,77,0,0,87,0,87,240,0,240,327
01/11/2004,RYY,GA,ASO,ES,Federal Contract Tower,0,3,16,0,19,0,2,259,0,261,0,5,275,0,280,322,0,322,602
01/12/2004,RYY,GA,ASO,ES,Federal Contract Tower,0,7,36,1,44,0,6,161,0,167,0,13,197,1,211,117,0,117,328
01/13/2004,RYY,GA,ASO,ES,Federal Contract Tower,0,7,43,1,51,0,0,165,3,168,0,7,208,4,219,194,0,194,413
01/14/2004,RYY,GA,ASO,ES,Federal Contract Tower,0,10,47,1,58,0,1,122,0,123,0,11,169,1,181,244,0,244,425
01/15/2004,RYY,GA,ASO,ES,Federal Contract Tower,0,11,52,1,64,0,1,68,2,71,0,12,120,3,135,48,0,48,183
01/16/2004,RYY,GA,ASO,ES,Federal Contract Tower,0,10,48,1,59,0,1,218,1,220,0,11,266,2,279,242,0,242,521
01/17/2004,RYY,GA,ASO,ES,Federal Contract Tower,0,2,35,0,37,0,0,91,0,91,0,2,126,0,128,369,0,369,497
01/18/2004,RYY,GA,ASO,ES,Federal Contract Tower,0,4,19,0,23,0,1,22,0,23,0,5,41,0,46,4,0,4,50
01/19/2004,RYY,GA,ASO,ES,Federal Contract Tower,0,7,32,0,39,0,2,139,2,143,0,9,171,2,182,98,0,98,280
01/20/2004,RYY,GA,ASO,ES,Federal Contract Tower,0,9,44,0,53,0,1,194,3,198,0,10,238,3,251,119,0,119,370
01/21/2004,RYY,GA,ASO,ES,Federal Contract Tower,0,8,41,0,49,0,5,170,4,179,0,13,211,4,228,130,0,130,358
01/22/2004,RYY,GA,ASO,ES,Federal Contract Tower,0,10,47,0,57,0,1,155,0,156,0,11,202,0,213,74,0,74,287
01/23/2004,RYY,GA,ASO,ES,Federal Contract Tower,0,7,36,0,43,0,5,195,1,201,0,12,231,1,244,107,0,107,351
01/24/2004,RYY,GA,ASO,ES,Federal Contract Tower,0,4,37,0,41,0,0,275,2,277,0,4,312,2,318,218,0,218,536
01/25/2004,RYY,GA,ASO,ES,Federal Contract Tower,0,2,12,0,14,0,2,11,0,13,0,4,23,0,27,0,0,0,27
01/26/2004,RYY,GA,ASO,ES,Federal Contract Tower,0,2,7,0,9,0,4,0,0,4,0,6,7,0,13,0,0,0,13
01/27/2004,RYY,GA,ASO,ES,Federal Contract Tower,0,8,39,0,47,0,3,17,0,20,0,11,56,0,67,10,0,10,77
01/28/2004,RYY,GA,ASO,ES,Federal Contract Tower,0,10,46,0,56,0,2,106,5,113,0,12,152,5,169,105,0,105,274
01/29/2004,RYY,GA,ASO,ES,Federal Contract Tower,0,9,46,0,55,0,0,193,1,194,0,9,239,1,249,226,0,226,475
01/30/2004,RYY,GA,ASO,ES,Federal Contract Tower,0,8,39,0,47,0,4,140,4,148,0,12,179,4,195,152,4,156,351
01/31/2004,RYY,GA,ASO,ES,Federal Contract Tower,0,2,16,0,18,0,0,320,0,320,0,2,336,0,338,313,0,313,651
02/01/2004,RYY,GA,ASO,ES,Federal Contract Tower,0,5,18,0,23,0,1,135,0,136,0,6,153,0,159,139,0,139,298
02/02/2004,RYY,GA,ASO,ES,Federal Contract Tower,0,5,15,0,20,0,6,0,0,6,0,11,15,0,26,0,0,0,26
02/03/2004,RYY,GA,ASO,ES,Federal Contract Tower,0,14,56,0,70,0,5,83,3,91,0,19,139,3,161,63,2,65,226
02/04/2004,RYY,GA,ASO,ES,Federal Contract Tower,0,12,47,0,59,0,0,201,2,203,0,12,248,2,262,171,0,171,433
02/05/2004,RYY,GA,ASO,ES,Federal Contract Tower,0,9,38,0,47,0,0,10,0,10,0,9,48,0,57,0,0,0,57
02/06/2004,RYY,GA,ASO,ES,Federal Contract Tower,0,10,41,0,51,0,6,13,0,19,0,16,54,0,70,22,0,22,92
02/07/2004,RYY,GA,ASO,ES,Federal Contract Tower,0,0,30,0,30,0,0,84,0,84,0,0,114,0,114,136,0,136,250
02/08/2004,RYY,GA,ASO,ES,Federal Contract Tower,0,4,18,1,23,0,0,269,7,276,0,4,287,8,299,318,0,318,617
02/09/2004,RYY,GA,ASO,ES,Federal Contract Tower,0,7,33,0,40,0,8,118,0,126,0,15,151,0,166,102,0,102,268
02/10/2004,RYY,GA,ASO,ES,Federal Contract Tower,0,10,47,0,57,0,4,3,0,7,0,14,50,0,64,12,0,12,76
02/11/2004,RYY,GA,ASO,ES,Federal Contract Tower,0,11,48,0,59,0,2,111,0,113,0,13,159,0,172,151,0,151,323
02/12/2004,RYY,GA,ASO,ES,Federal Contract Tower,0,14,69,0,83,0,0,18,0,18,0,14,87,0,101,0,0,0,101
02/13/2004,RYY,GA,ASO,ES,Federal Contract Tower,0,11,59,1,71,0,0,178,4,182,0,11,237,5,253,126,0,126,379
02/14/2004,RYY,GA,ASO,ES,Federal Contract Tower,0,2,38,0,40,0,0,17,0,17,0,2,55,0,57,8,0,8,65
02/15/2004,RYY,GA,ASO,ES,Federal Contract Tower,0,5,21,0,26,0,1,0,0,1,0,6,21,0,27,0,0,0,27
02/16/2004,RYY,GA,ASO,ES,Federal Contract Tower,0,10,68,0,78,0,0,62,0,62,0,10,130,0,140,206,0,206,346
02/17/2004,RYY,GA,ASO,ES,Federal Contract Tower,0,12,53,0,65,0,0,93,2,95,0,12,146,2,160,133,0,133,293
02/18/2004,RYY,GA,ASO,ES,Federal Contract Tower,0,10,46,0,56,0,5,199,4,208,0,15,245,4,264,179,0,179,443
02/19/2004,RYY,GA,ASO,ES,Federal Contract Tower,0,10,44,0,54,0,1,251,2,254,0,11,295,2,308,226,0,226,534
02/20/2004,RYY,GA,ASO,ES,Federal Contract Tower,0,10,47,0,57,0,2,123,0,125,0,12,170,0,182,129,0,129,311
02/21/2004,RYY,GA,ASO,ES,Federal Contract Tower,0,1,29,0,30,0,0,238,10,248,0,1,267,10,278,250,0,250,528
02/22/2004,RYY,GA,ASO,ES,Federal Contract Tower,0,5,26,0,31,0,6,326,0,332,0,11,352,0,363,349,0,349,712
02/23/2004,RYY,GA,ASO,ES,Federal Contract Tower,0,9,40,0,49,0,3,98,1,102,0,12,138,1,151,167,0,167,318
02/24/2004,RYY,GA,ASO,ES,Federal Contract Tower,0,10,48,0,58,0,2,22,0,24,0,12,70,0,82,71,0,71,153
02/25/2004,RYY,GA,ASO,ES,Federal Contract Tower,0,10,45,0,55,0,5,20,0,25,0,15,65,0,80,15,0,15,95
02/26/2004,RYY,GA,ASO,ES,Federal Contract Tower,0,5,17,0,22,0,10,0,0,10,0,15,17,0,32,0,1,1,33
02/27/2004,RYY,GA,ASO,ES,Federal Contract Tower,0,16,73,0,89,0,4,31,4,39,0,20,104,4,128,139,2,141,269
02/28/2004,RYY,GA,ASO,ES,Federal Contract Tower,0,3,30,0,33,0,0,319,2,321,0,3,349,2,354,232,0,232,586
02/29/2004,RYY,GA,ASO,ES,Federal Contract Tower,0,4,20,0,24,0,4,272,2,278,0,8,292,2,302,223,0,223,525
03/01/2004,RYY,GA,ASO,ES,Federal Contract Tower,0,9,34,0,43,0,0,62,0,62,0,9,96,0,105,22,0,22,127
03/02/2004,RYY,GA,ASO,ES,Federal Contract Tower,0,9,49,0,58,0,0,48,0,48,0,9,97,0,106,74,0,74,180
03/03/2004,RYY,GA,ASO,ES,Federal Contract Tower,0,14,49,0,63,0,1,167,1,169,0,15,216,1,232,268,0,268,500
03/04/2004,RYY,GA,ASO,ES,Federal Contract Tower,0,7,30,0,37,0,0,199,10,209,0,7,229,10,246,112,0,112,358
03/05/2004,RYY,GA,ASO,ES,Federal Contract Tower,0,8,27,0,35,0,1,97,4,102,0,9,124,4,137,15,0,15,152
03/06/2004,RYY,GA,ASO,ES,Federal Contract Tower,0,3,31,0,34,0,0,123,3,126,0,3,154,3,160,170,0,170,330
03/07/2004,RYY,GA,ASO,ES,Federal Contract Tower,0,5,16,0,21,0,2,226,0,228,0,7,242,0,249,225,6,231,480
03/08/2004,RYY,GA,ASO,ES,Federal Contract Tower,0,8,30,0,38,0,0,89,0,89,0,8,119,0,127,26,0,26,153
03/09/2004,RYY,GA,ASO,ES,Federal Contract Tower,0,12,49,0,61,0,7,74,0,81,0,19,123,0,142,54,0,54,196
03/10/2004,RYY,GA,ASO,ES,Federal Contract Tower,0,15,60,1,76,0,3,239,2,244,0,18,299,3,320,177,9,186,506
03/11/2004,RYY,GA,ASO,ES,Federal Contract Tower,0,11,45,1,57,0,2,212,2,216,0,13,257,3,273,175,0,175,448
03/12/2004,RYY,GA,ASO,ES,Federal Contract Tower,0,12,49,0,61,0,0,220,0,220,0,12,269,0,281,191,0,191,472
03/13/2004,RYY,GA,ASO,ES,Federal Contract Tower,0,7,41,1,49,0,0,351,1,352,0,7,392,2,401,296,0,296,697
03/14/2004,RYY,GA,ASO,ES,Federal Contract Tower,0,1,18,0,19,0,0,207,0,207,0,1,225,0,226,337,0,337,563
03/15/2004,RYY,GA,ASO,ES,Federal Contract Tower,0,14,56,1,71,0,9,82,1,92,0,23,138,2,163,89,0,89,252
03/16/2004,RYY,GA,ASO,ES,Federal Contract Tower,0,15,58,0,73,0,5,77,0,82,0,20,135,0,155,84,0,84,239
03/17/2004,RYY,GA,ASO,ES,Federal Contract Tower,0,12,49,0,61,0,5,154,3,162,0,17,203,3,223,241,9,250,473
03/18/2004,RYY,GA,ASO,ES,Federal Contract Tower,0,13,57,0,70,0,0,115,2,117,0,13,172,2,187,180,0,180,367
03/19/2004,RYY,GA,ASO,ES,Federal Contract Tower,0,12,48,0,60,0,6,252,4,262,0,18,300,4,322,122,0,122,444
03/20/2004,RYY,GA,ASO,ES,Federal Contract Tower,0,9,42,0,51,0,0,256,3,259,0,9,298,3,310,293,0,293,603
03/21/2004,RYY,GA,ASO,ES,Federal Contract Tower,0,5,19,0,24,0,9,72,2,83,0,14,91,2,107,24,0,24,131
03/22/2004,RYY,GA,ASO,ES,Federal Contract Tower,0,17,65,0,82,0,0,120,2,122,0,17,185,2,204,24,0,24,228
03/23/2004,RYY,GA,ASO,ES,Federal Contract Tower,0,14,57,0,71,0,14,202,1,217,0,28,259,1,288,195,1,196,484
03/24/2004,RYY,GA,ASO,ES,Federal Contract Tower,0,14,57,0,71,0,9,204,4,217,0,23,261,4,288,180,13,193,481
03/25/2004,RYY,GA,ASO,ES,Federal Contract Tower,0,12,53,0,65,0,0,164,2,166,0,12,217,2,231,125,0,125,356
03/26/2004,RYY,GA,ASO,ES,Federal Contract Tower,0,12,47,0,59,0,1,232,1,234,0,13,279,1,293,184,0,184,477
03/27/2004,RYY,GA,ASO,ES,Federal Contract Tower,0,5,30,0,35,0,0,317,4,321,0,5,347,4,356,269,0,269,625
03/28/2004,RYY,GA,ASO,ES,Federal Contract Tower,0,6,27,0,33,0,1,235,2,238,0,7,262,2,271,342,0,342,613
03/29/2004,RYY,GA,ASO,ES,Federal Contract Tower,0,13,66,0,79,0,0,99,0,99,0,13,165,0,178,207,0,207,385
03/30/2004,RYY,GA,ASO,ES,Federal Contract Tower,0,13,53,0,66,0,7,74,2,83,0,20,127,2,149,193,0,193,342
03/31/2004,RYY,GA,ASO,ES,Federal Contract Tower,0,17,67,0,84,0,2,33,3,38,0,19,100,3,122,29,5,34,156
04/01/2004,RYY,GA,ASO,ES,Federal Contract Tower,0,14,55,0,69,0,0,98,3,101,0,14,153,3,170,53,0,53,223
04/02/2004,RYY,GA,ASO,ES,Federal Contract Tower,0,15,63,0,78,0,0,122,4,126,0,15,185,4,204,109,0,109,313
04/03/2004,RYY,GA,ASO,ES,Federal Contract Tower,0,6,22,0,28,0,0,210,2,212,0,6,232,2,240,211,0,211,451
04/04/2004,RYY,GA,ASO,ES,Federal Contract Tower,0,6,38,0,44,0,0,39,0,39,0,6,77,0,83,2,0,2,85
04/05/2004,RYY,GA,ASO,ES,Federal Contract Tower,0,7,27,0,34,0,2,129,0,131,0,9,156,0,165,124,0,124,289
04/06/2004,RYY,GA,ASO,ES,Federal Contract Tower,0,10,39,0,49,0,8,216,3,227,0,18,255,3,276,215,0,215,491
04/07/2004,RYY,GA,ASO,ES,Federal Contract Tower,0,11,62,0,73,0,0,156,2,158,0,11,218,2,231,284,0,284,515
04/08/2004,RYY,GA,ASO,ES,Federal Contract Tower,0,14,57,0,71,0,0,79,4,83,0,14,136,4,154,166,10,176,330
04/09/2004,RYY,GA,ASO,ES,Federal Contract Tower,0,10,40,0,50,0,0,240,5,245,0,10,280,5,295,160,0,160,455
04/10/2004,RYY,GA,ASO,ES,Federal Contract Tower,0,3,33,0,36,0,0,257,0,257,0,3,290,0,293,313,0,313,606
04/11/2004,RYY,GA,ASO,ES,Federal Contract Tower,0,6,33,0,39,0,0,28,0,28,0,6,61,0,67,30,0,30,97
04/12/2004,RYY,GA,ASO,ES,Federal Contract Tower,0,11,47,0,58,0,9,31,0,40,0,20,78,0,98,51,0,51,149
04/13/2004,RYY,GA,ASO,ES,Federal Contract Tower,0,10,42,0,52,0,3,37,0,40,0,13,79,0,92,24,0,24,116
04/14/2004,RYY,GA,ASO,ES,Federal Contract Tower,0,11,50,0,61,0,6,47,0,53,0,17,97,0,114,20,0,20,134
04/15/2004,RYY,GA,ASO,ES,Federal Contract Tower,0,12,60,0,72,0,0,245,0,245,0,12,305,0,317,161,1,162,479
04/16/2004,RYY,GA,ASO,ES,Federal Contract Tower,0,16,69,0,85,0,6,263,8,277,0,22,332,8,362,209,2,211,573
04/17/2004,RYY,GA,ASO,ES,Federal Contract Tower,0,8,35,0,43,0,0,244,9,253,0,8,279,9,296,229,0,229,525
04/18/2004,RYY,GA,ASO,ES,Federal Contract Tower,0,4,22,0,26,0,7,261,0,268,0,11,283,0,294,278,0,278,572
04/19/2004,RYY,GA,ASO,ES,Federal Contract Tower,0,10,45,0,55,0,3,128,3,134,0,13,173,3,189,75,0,75,264
04/20/2004,RYY,GA,ASO,ES,Federal Contract Tower,0,4,19,0,23,0,13,158,11,182,0,17,177,11,205,71,0,71,276
04/21/2004,RYY,GA,ASO,ES,Federal Contract Tower,0,10,52,0,62,0,0,140,3,143,0,10,192,3,205,91,16,107,312
04/22/2004,RYY,GA,ASO,ES,Federal Contract Tower,0,14,60,0,74,0,7,165,3,175,0,21,225,3,249,127,0,127,376
04/23/2004,RYY,GA,ASO,ES,Federal Contract Tower,0,13,55,0,68,0,3,213,4,220,0,16,268,4,288,179,6,185,473
04/24/2004,RYY,GA,ASO,ES,Federal Contract Tower,0,5,27,0,32,0,0,227,1,228,0,5,254,1,260,149,0,149,409
04/25/2004,RYY,GA,ASO,ES,Federal Contract Tower,0,6,30,0,36,0,7,172,5,184,0,13,202,5,220,264,0,264,484
04/26/2004,RYY,GA,ASO,ES,Federal Contract Tower,0,11,47,0,58,0,7,8,1,16,0,18,55,1,74,10,0,10,84
04/27/2004,RYY,GA,ASO,ES,Federal Contract Tower,0,8,34,0,42,0,6,105,2,113,0,14,139,2,155,149,0,149,304
04/28/2004,RYY,GA,ASO,ES,Federal Contract Tower,0,12,51,0,63,0,2,220,6,228,0,14,271,6,291,244,0,244,535
04/29/2004,RYY,GA,ASO,ES,Federal Contract Tower,0,17,73,0,90,0,3,146,8,157,0,20,219,8,247,157,14,171,418
04/30/2004,RYY,GA,ASO,ES,Federal Contract Tower,0,11,49,0,60,0,6,50,2,58,0,17,99,2,118,154,0,154,272
05/01/2004,RYY,GA,ASO,ES,Federal Contract Tower,0,5,65,0,70,0,0,50,0,50,0,5,115,0,120,87,0,87,207
05/02/2004,RYY,GA,ASO,ES,Federal Contract Tower,0,5,21,0,26,0,4,31,0,35,0,9,52,0,61,4,0,4,65
05/03/2004,RYY,GA,ASO,ES,Federal Contract Tower,0,7,33,0,40,0,8,82,11,101,0,15,115,11,141,85,6,91,232
05/04/2004,RYY,GA,ASO,ES,Federal Contract Tower,0,9,43,0,52,0,4,235,5,244,0,13,278,5,296,191,2,193,489
05/05/2004,RYY,GA,ASO,ES,Federal Contract Tower,0,11,59,0,70,0,0,193,7,200,0,11,252,7,270,147,0,147,417
05/06/2004,RYY,GA,ASO,ES,Federal Contract Tower,0,10,49,1,60,0,11,195,0,206,0,21,244,1,266,177,15,192,458
05/07/2004,RYY,GA,ASO,ES,Federal Contract Tower,0,11,53,1,65,0,2,255,0,257,0,13,308,1,322,147,0,147,469
05/08/2004,RYY,GA,ASO,ES,Federal Contract Tower,0,6,31,0,37,0,2,225,0,227,0,8,256,0,264,230,0,230,494
05/09/2004,RYY,GA,ASO,ES,Federal Contract Tower,0,4,22,0,26,0,8,136,0,144,0,12,158,0,170,99,0,99,269
05/10/2004,RYY,GA,ASO,ES,Federal Contract Tower,0,9,45,1,55,0,4,151,3,158,0,13,196,4,213,173,14,187,400
05/11/2004,RYY,GA,ASO,ES,Federal Contract Tower,0,6,29,1,36,0,8,105,2,115,0,14,134,3,151,240,0,240,391
05/12/2004,RYY,GA,ASO,ES,Federal Contract Tower,0,11,53,0,64,0,3,36,0,39,0,14,89,0,103,172,0,172,275
05/13/2004,RYY,GA,ASO,ES,Federal Contract Tower,0,11,57,0,68,0,0,39,0,39,0,11,96,0,107,91,0,91,198
05/14/2004,RYY,GA,ASO,ES,Federal Contract Tower,0,9,46,1,56,0,4,83,0,87,0,13,129,1,143,152,0,152,295
05/15/2004,RYY,GA,ASO,ES,Federal Contract Tower,0,5,33,1,39,0,0,167,4,171,0,5,200,5,210,266,0,266,476
05/16/2004,RYY,GA,ASO,ES,Federal Contract Tower,0,5,23,1,29,0,1,109,1,111,0,6,132,2,140,210,0,210,350
05/17/2004,RYY,GA,ASO,ES,Federal Contract Tower,0,5,31,0,36,0,0,80,0,80,0,5,111,0,116,84,0,84,200
05/18/2004,RYY,GA,ASO,ES,Federal Contract Tower,0,8,42,1,51,0,0,47,1,48,0,8,89,2,99,156,0,156,255
05/19/2004,RYY,GA,ASO,ES,Federal Contract Tower,0,11,55,0,66,0,6,116,6,128,0,17,171,6,194,271,0,271,465
05/20/2004,RYY,GA,ASO,ES,Federal Contract Tower,0,10,53,0,63,0,4,200,4,208,0,14,253,4,271,244,0,244,515
05/21/2004,RYY,GA,ASO,ES,Federal Contract Tower,0,12,63,0,75,0,3,196,4,203,0,15,259,4,278,220,0,220,498
05/22/2004,RYY,GA,ASO,ES,Federal Contract Tower,0,5,24,0,29,0,2,178,0,180,0,7,202,0,209,257,0,257,466
05/23/2004,RYY,GA,ASO,ES,Federal Contract Tower,0,3,20,0,23,0,6,185,0,191,0,9,205,0,214,181,0,181,395
05/24/2004,RYY,GA,ASO,ES,Federal Contract Tower,0,10,57,0,67,0,0,176,1,177,0,10,233,1,244,204,0,204,448
05/25/2004,RYY,GA,ASO,ES,Federal Contract Tower,0,12,59,0,71,0,2,183,2,187,0,14,242,2,258,266,0,266,524
05/26/2004,RYY,GA,ASO,ES,Federal Contract Tower,0,10,50,0,60,0,3,189,8,200,0,13,239,8,260,155,0,155,415
05/27/2004,RYY,GA,ASO,ES,Federal Contract Tower,0,10,51,0,61,0,5,153,1,159,0,15,204,1,220,234,0,234,454
05/28/2004,RYY,GA,ASO,ES,Federal Contract Tower,0,10,52,0,62,0,1,118,0,119,0,11,170,0,181,170,0,170,351
05/29/2004,RYY,GA,ASO,ES,Federal Contract Tower,0,4,37,0,41,0,0,97,0,97,0,4,134,0,138,348,0,348,486
05/30/2004,RYY,GA,ASO,ES,Federal Contract Tower,0,3,19,0,22,0,1,78,0,79,0,4,97,0,101,112,0,112,213
05/31/2004,RYY,GA,ASO,ES,Federal Contract Tower,0,6,32,0,38,0,3,46,0,49,0,9,78,0,87,42,0,42,129
06/01/2004,RYY,GA,ASO,ES,Federal Contract Tower,0,11,58,0,69,0,11,143,1,155,0,22,201,1,224,136,0,136,360
06/02/2004,RYY,GA,ASO,ES,Federal Contract Tower,0,14,70,0,84,0,0,89,2,91,0,14,159,2,175,116,0,116,291
06/03/2004,RYY,GA,ASO,ES,Federal Contract Tower,0,9,47,0,56,0,7,142,1,150,0,16,189,1,206,286,0,286,492
06/04/2004,RYY,GA,ASO,ES,Federal Contract Tower,0,9,46,0,55,0,5,167,0,172,0,14,213,0,227,218,0,218,445
06/05/2004,RYY,GA,ASO,ES,Federal Contract Tower,0,3,21,0,24,0,0,274,0,274,0,3,295,0,298,189,0,189,487
06/06/2004,RYY,GA,ASO,ES,Federal Contract Tower,0,8,39,0,47,0,2,156,0,158,0,10,195,0,205,191,0,191,396
06/07/2004,RYY,GA,ASO,ES,Federal Contract Tower,0,9,47,0,56,0,1,35,0,36,0,10,82,0,92,20,0,20,112
06/08/2004,RYY,GA,ASO,ES,Federal Contract Tower,0,15,78,0,93,0,1,75,3,79,0,16,153,3,172,146,10,156,328
06/09/2004,RYY,GA,ASO,ES,Federal Contract Tower,0,11,53,0,64,0,0,96,0,96,0,11,149,0,160,288,2,290,450
06/10/2004,RYY,GA,ASO,ES,Federal Contract Tower,0,15,75,0,90,0,0,114,2,116,0,15,189,2,206,152,0,152,358
06/11/2004,RYY,GA,ASO,ES,Federal Contract Tower,0,10,52,0,62,0,4,155,4,163,0,14,207,4,225,295,0,295,520
06/12/2004,RYY,GA,ASO,ES,Federal Contract Tower,0,3,29,0,32,0,0,249,15,264,0,3,278,15,296,199,0,199,495
06/13/2004,RYY,GA,ASO,ES,Federal Contract Tower,0,5,26,0,31,0,5,71,0,76,0,10,97,0,107,75,0,75,182
06/14/2004,RYY,GA,ASO,ES,Federal Contract Tower,0,7,39,1,47,0,4,62,0,66,0,11,101,1,113,213,0,213,326
06/15/2004,RYY,GA,ASO,ES,Federal Contract Tower,0,8,47,1,56,0,5,46,1,52,0,13,93,2,108,176,2,178,286
06/16/2004,RYY,GA,ASO,ES,Federal Contract Tower,0,8,47,0,55,0,6,82,0,88,0,14,129,0,143,196,8,204,347
06/17/2004,RYY,GA,ASO,ES,Federal Contract Tower,0,8,42,0,50,0,9,147,0,156,0,17,189,0,206,190,18,208,414
06/18/2004,RYY,GA,ASO,ES,Federal Contract Tower,0,9,48,1,58,0,4,133,3,140,0,13,181,4,198,237,4,241,439
06/19/2004,RYY,GA,ASO,ES,Federal Contract Tower,0,4,23,0,27,0,8,147,0,155,0,12,170,0,182,177,0,177,359
06/20/2004,RYY,GA,ASO,ES,Federal Contract Tower,0,3,16,0,19,0,7,187,0,194,0,10,203,0,213,209,0,209,422
06/21/2004,RYY,GA,ASO,ES,Federal Contract Tower,0,9,53,0,62,0,6,59,0,65,0,15,112,0,127,158,0,158,285
06/22/2004,RYY,GA,ASO,ES,Federal Contract Tower,0,7,39,0,46,0,3,128,0,131,0,10,167,0,177,239,0,239,416
06/23/2004,RYY,GA,ASO,ES,Federal Contract Tower,0,12,69,0,81,0,1,23,2,26,0,13,92,2,107,61,0,61,168
06/24/2004,RYY,GA,ASO,ES,Federal Contract Tower,0,11,69,0,80,0,0,76,0,76,0,11,145,0,156,119,2,121,277
06/25/2004,RYY,GA,ASO,ES,Federal Contract Tower,0,9,49,0,58,0,6,46,0,52,0,15,95,0,110,68,0,68,178
06/26/2004,RYY,GA,ASO,ES,Federal Contract Tower,0,5,35,0,40,0,0,55,1,56,0,5,90,1,96,346,0,346,442
06/27/2004,RYY,GA,ASO,ES,Federal Contract Tower,0,3,18,0,21,0,4,59,0,63,0,7,77,0,84,132,0,132,216
06/28/2004,RYY,GA,ASO,ES,Federal Contract Tower,0,8,46,0,54,0,2,30,1,33,0,10,76,1,87,122,0,122,209
06/29/2004,RYY,GA,ASO,ES,Federal Contract Tower,0,10,58,0,68,0,6,129,8,143,0,16,187,8,211,282,1,283,494
06/30/2004,RYY,GA,ASO,ES,Federal Contract Tower,0,14,75,0,89,0,2,28,1,31,0,16,103,1,120,99,1,100,220
07/01/2004,RYY,GA,ASO,ES,Federal Contract Tower,0,12,71,1,84,0,5,63,1,69,0,17,134,2,153,220,0,220,373
07/02/2004,RYY,GA,ASO,ES,Federal Contract Tower,0,12,65,0,77,0,2,94,0,96,0,14,159,0,173,171,6,177,350
07/03/2004,RYY,GA,ASO,ES,Federal Contract Tower,0,3,21,0,24,0,1,112,0,113,0,4,133,0,137,141,0,141,278
07/04/2004,RYY,GA,ASO,ES,Federal Contract Tower,0,1,12,1,14,0,0,81,0,81,0,1,93,1,95,97,0,97,192
07/05/2004,RYY,GA,ASO,ES,Federal Contract Tower,0,8,47,1,56,0,0,156,1,157,0,8,203,2,213,158,0,158,371
07/06/2004,RYY,GA,ASO,ES,Federal Contract Tower,0,9,47,1,57,0,1,92,1,94,0,10,139,2,151,199,2,201,352
07/07/2004,RYY,GA,ASO,ES,Federal Contract Tower,0,10,54,1,65,0,2,146,3,151,0,12,200,4,216,238,0,238,454
07/08/2004,RYY,GA,ASO,ES,Federal Contract Tower,0,10,54,1,65,0,5,168,3,176,0,15,222,4,241,126,0,126,367
07/09/2004,RYY,GA,ASO,ES,Federal Contract Tower,0,4,23,0,27,0,7,255,0,262,0,11,278,0,289,316,0,316,605
07/10/2004,RYY,GA,ASO,ES,Federal Contract Tower,0,3,19,0,22,0,1,255,0,256,0,4,274,0,278,229,0,229,507
07/11/2004,RYY,GA,ASO,ES,Federal Contract Tower,0,4,22,0,26,0,5,197,0,202,0,9,219,0,228,193,18,211,439
07/12/2004,RYY,GA,ASO,ES,Federal Contract Tower,0,7,37,1,45,0,6,142,2,150,0,13,179,3,195,207,0,207,402
07/13/2004,RYY,GA,ASO,ES,Federal Contract Tower,0,10,58,1,69,0,11,126,1,138,0,21,184,2,207,126,3,129,336
07/14/2004,RYY,GA,ASO,ES,Federal Contract Tower,0,11,59,1,71,0,4,144,1,149,0,15,203,2,220,161,0,161,381
07/15/2004,RYY,GA,ASO,ES,Federal Contract Tower,0,9,50,1,60,0,4,237,2,243,0,13,287,3,303,156,0,156,459
07/16/2004,RYY,GA,ASO,ES,Federal Contract Tower,0,11,58,1,70,0,1,213,6,220,0,12,271,7,290,214,2,216,506
07/17/2004,RYY,GA,ASO,ES,Federal Contract Tower,0,6,46,0,52,0,0,78,5,83,0,6,124,5,135,165,2,167,302
07/18/2004,RYY,GA,ASO,ES,Federal Contract Tower,0,5,29,0,34,0,0,184,0,184,0,5,213,0,218,119,0,119,337
07/19/2004,RYY,GA,ASO,ES,Federal Contract Tower,0,11,64,0,75,0,3,170,2,175,0,14,234,2,250,133,10,143,393
07/20/2004,RYY,GA,ASO,ES,Federal Contract Tower,0,10,62,0,72,0,0,167,2,169,0,10,229,2,241,237,0,237,478
07/21/2004,RYY,GA,ASO,ES,Federal Contract Tower,0,9,54,0,63,0,5,139,11,155,0,14,193,11,218,168,8,176,394
07/22/2004,RYY,GA,ASO,ES,Federal Contract Tower,0,11,62,0,73,0,2,121,2,125,0,13,183,2,198,181,0,181,379
07/23/2004,RYY,GA,ASO,ES,Federal Contract Tower,0,8,47,0,55,0,2,187,8,197,0,10,234,8,252,139,5,144,396
07/24/2004,RYY,GA,ASO,ES,Federal Contract Tower,0,6,34,0,40,0,0,220,1,221,0,6,254,1,261,228,0,228,489
07/25/2004,RYY,GA,ASO,ES,Federal Contract Tower,0,6,34,0,40,0,7,86,1,94,0,13,120,1,134,107,0,107,241
07/26/2004,RYY,GA,ASO,ES,Federal Contract Tower,0,9,49,0,58,0,0,56,0,56,0,9,105,0,114,66,0,66,180
07/27/2004,RYY,GA,ASO,ES,Federal Contract Tower,0,14,78,0,92,0,4,27,2,33,0,18,105,2,125,8,4,12,137
07/28/2004,RYY,GA,ASO,ES,Federal Contract Tower,0,11,64,0,75,0,2,173,4,179,0,13,237,4,254,171,14,185,439
07/29/2004,RYY,GA,ASO,ES,Federal Contract Tower,0,8,62,0,70,0,0,66,0,66,0,8,128,0,136,143,27,170,306
07/30/2004,RYY,GA,ASO,ES,Federal Contract Tower,0,11,62,0,73,0,10,80,0,90,0,21,142,0,163,84,24,108,271
07/31/2004,RYY,GA,ASO,ES,Federal Contract Tower,0,3,27,0,30,0,0,155,4,159,0,3,182,4,189,265,0,265,454
08/01/2004,RYY,GA,ASO,ES,Federal Contract Tower,0,5,21,0,26,0,2,157,4,163,0,7,178,4,189,179,0,179,368
08/02/2004,RYY,GA,ASO,ES,Federal Contract Tower,0,12,54,0,66,0,3,111,5,119,0,15,165,5,185,201,5,206,391
08/03/2004,RYY,GA,ASO,ES,Federal Contract Tower,0,7,52,0,59,0,0,209,1,210,0,7,261,1,269,92,0,92,361
08/04/2004,RYY,GA,ASO,ES,Federal Contract Tower,0,16,73,0,89,0,3,189,3,195,0,19,262,3,284,109,0,109,393
08/05/2004,RYY,GA,ASO,ES,Federal Contract Tower,0,11,52,0,63,0,10,94,0,104,0,21,146,0,167,126,12,138,305
08/06/2004,RYY,GA,ASO,ES,Federal Contract Tower,0,10,52,1,63,0,11,221,2,234,0,21,273,3,297,249,2,251,548
08/07/2004,RYY,GA,ASO,ES,Federal Contract Tower,0,5,25,0,30,0,1,253,0,254,0,6,278,0,284,192,0,192,476
08/08/2004,RYY,GA,ASO,ES,Federal Contract Tower,0,4,23,1,28,0,1,250,1,252,0,5,273,2,280,202,0,202,482
08/09/2004,RYY,GA,ASO,ES,Federal Contract Tower,0,9,45,0,54,0,5,136,0,141,0,14,181,0,195,137,0,137,332
08/10/2004,RYY,GA,ASO,ES,Federal Contract Tower,0,13,62,0,75,0,7,120,0,127,0,20,182,0,202,239,0,239,441
08/11/2004,RYY,GA,ASO,ES,Federal Contract Tower,0,11,56,1,68,0,9,110,1,120,0,20,166,2,188,155,0,155,343
08/12/2004,RYY,GA,ASO,ES,Federal Contract Tower,0,11,52,1,64,0,8,17,3,28,0,19,69,4,92,61,0,61,153
08/13/2004,RYY,GA,ASO,ES,Federal Contract Tower,0,8,55,0,63,0,0,196,0,196,0,8,251,0,259,105,0,105,364
08/14/2004,RYY,GA,ASO,ES,Federal Contract Tower,0,3,31,1,35,0,0,280,1,281,0,3,311,2,316,174,0,174,490
08/15/2004,RYY,GA,ASO,ES,Federal Contract Tower,0,5,28,1,34,0,2,165,1,168,0,7,193,2,202,144,0,144,346
08/16/2004,RYY,GA,ASO,ES,Federal Contract Tower,0,8,40,1,49,0,2,127,0,129,0,10,167,1,178,108,0,108,286
08/17/2004,RYY,GA,ASO,ES,Federal Contract Tower,0,11,56,0,67,0,5,120,0,125,0,16,176,0,192,124,0,124,316
08/18/2004,RYY,GA,ASO,ES,Federal Contract Tower,0,12,59,0,71,0,3,115,0,118,0,15,174,0,189,152,0,152,341
08/19/2004,RYY,GA,ASO,ES,Federal Contract Tower,0,14,67,0,81,0,3,149,0,152,0,17,216,0,233,103,0,103,336
08/20/2004,RYY,GA,ASO,ES,Federal Contract Tower,0,11,74,0,85,0,0,112,0,112,0,11,186,0,197,148,0,148,345
08/21/2004,RYY,GA,ASO,ES,Federal Contract Tower,0,5,44,0,49,0,0,76,0,76,0,5,120,0,125,124,0,124,249
08/22/2004,RYY,GA,ASO,ES,Federal Contract Tower,0,4,23,0,27,0,7,139,3,149,0,11,162,3,176,155,0,155,331
08/23/2004,RYY,GA,ASO,ES,Federal Contract Tower,0,13,62,0,75,0,1,76,1,78,0,14,138,1,153,116,0,116,269
08/24/2004,RYY,GA,ASO,ES,Federal Contract Tower,0,10,52,0,62,0,1,73,2,76,0,11,125,2,138,101,0,101,239
08/25/2004,RYY,GA,ASO,ES,Federal Contract Tower,0,9,45,0,54,0,3,13,2,18,0,12,58,2,72,70,2,72,144
08/26/2004,RYY,GA,ASO,ES,Federal Contract Tower,0,10,50,0,60,0,9,164,0,173,0,19,214,0,233,102,0,102,335
08/27/2004,RYY,GA,ASO,ES,Federal Contract Tower,0,13,63,0,76,0,3,171,3,177,0,16,234,3,253,90,0,90,343
08/28/2004,RYY,GA,ASO,ES,Federal Contract Tower,0,5,34,0,39,0,0,207,0,207,0,5,241,0,246,202,0,202,448
08/29/2004,RYY,GA,ASO,ES,Federal Contract Tower,0,4,24,0,28,0,1,109,0,110,0,5,133,0,138,154,0,154,292
08/30/2004,RYY,GA,ASO,ES,Federal Contract Tower,0,7,41,0,48,0,0,62,6,68,0,7,103,6,116,68,10,78,194
08/31/2004,RYY,GA,ASO,ES,Federal Contract Tower,0,10,52,0,62,0,4,101,2,107,0,14,153,2,169,106,0,106,275
09/01/2004,RYY,GA,ASO,ES,Federal Contract Tower,0,10,52,0,62,0,0,44,1,45,0,10,96,1,107,119,0,119,226
09/02/2004,RYY,GA,ASO,ES,Federal Contract Tower,0,17,64,0,81,0,1,39,0,40,0,18,103,0,121,21,0,21,142
09/03/2004,RYY,GA,ASO,ES,Federal Contract Tower,0,12,51,0,63,0,0,150,1,151,0,12,201,1,214,123,0,123,337
09/04/2004,RYY,GA,ASO,ES,Federal Contract Tower,0,5,21,0,26,0,0,310,3,313,0,5,331,3,339,129,0,129,468
09/05/2004,RYY,GA,ASO,ES,Federal Contract Tower,0,4,11,0,15,0,0,85,2,87,0,4,96,2,102,108,0,108,210
09/06/2004,RYY,GA,ASO,ES,Federal Contract Tower,0,6,21,0,27,0,3,2,0,5,0,9,23,0,32,0,0,0,32
09/07/2004,RYY,GA,ASO,ES,Federal Contract Tower,0,4,11,0,15,0,8,0,0,8,0,12,11,0,23,0,0,0,23
09/08/2004,RYY,GA,ASO,ES,Federal Contract Tower,0,12,58,0,70,0,0,28,0,28,0,12,86,0,98,7,0,7,105
09/09/2004,RYY,GA,ASO,ES,Federal Contract Tower,0,16,67,1,84,0,4,310,3,317,0,20,377,4,401,89,0,89,490
09/10/2004,RYY,GA,ASO,ES,Federal Contract Tower,0,14,79,1,94,0,0,213,5,218,0,14,292,6,312,101,13,114,426
09/11/2004,RYY,GA,ASO,ES,Federal Contract Tower,0,6,33,1,40,0,0,245,0,245,0,6,278,1,285,179,0,179,464
09/12/2004,RYY,GA,ASO,ES,Federal Contract Tower,0,6,25,0,31,0,9,178,0,187,0,15,203,0,218,187,0,187,405
09/13/2004,RYY,GA,ASO,ES,Federal Contract Tower,0,9,51,0,60,0,0,106,0,106,0,9,157,0,166,86,0,86,252
09/14/2004,RYY,GA,ASO,ES,Federal Contract Tower,0,18,72,1,91,0,2,111,1,114,0,20,183,2,205,115,0,115,320
09/15/2004,RYY,GA,ASO,ES,Federal Contract Tower,0,10,52,0,62,0,0,36,0,36,0,10,88,0,98,23,0,23,121
09/16/2004,RYY,GA,ASO,ES,Federal Contract Tower,0,2,8,0,10,0,3,0,0,3,0,5,8,0,13,0,0,0,13
09/17/2004,RYY,GA,ASO,ES,Federal Contract Tower,0,3,14,0,17,0,6,12,0,18,0,9,26,0,35,8,0,8,43
09/18/2004,RYY,GA,ASO,ES,Federal Contract Tower,0,6,24,0,30,0,6,187,6,199,0,12,211,6,229,57,0,57,286
09/19/2004,RYY,GA,ASO,ES,Federal Contract Tower,0,7,32,0,39,0,0,171,0,171,0,7,203,0,210,106,0,106,316
09/20/2004,RYY,GA,ASO,ES,Federal Contract Tower,0,11,44,0,55,0,6,96,3,105,0,17,140,3,160,53,0,53,213
09/21/2004,RYY,GA,ASO,ES,Federal Contract Tower,0,7,32,0,39,0,6,144,7,157,0,13,176,7,196,186,10,196,392
09/22/2004,RYY,GA,ASO,ES,Federal Contract Tower,0,11,48,0,59,0,11,173,10,194,0,22,221,10,253,175,14,189,442
09/23/2004,RYY,GA,ASO,ES,Federal Contract Tower,0,12,52,0,64,0,6,178,0,184,0,18,230,0,248,102,0,102,350
09/24/2004,RYY,GA,ASO,ES,Federal Contract Tower,0,13,56,0,69,0,1,155,6,162,0,14,211,6,231,133,2,135,366
09/25/2004,RYY,GA,ASO,ES,Federal Contract Tower,0,4,27,0,31,0,0,200,1,201,0,4,227,1,232,162,0,162,394
09/26/2004,RYY,GA,ASO,ES,Federal Contract Tower,0,3,16,0,19,0,9,124,0,133,0,12,140,0,152,85,0,85,237
09/27/2004,RYY,GA,ASO,ES,Federal Contract Tower,0,5,12,0,17,0,10,0,0,10,0,15,12,0,27,0,0,0,27
09/28/2004,RYY,GA,ASO,ES,Federal Contract Tower,0,15,63,0,78,0,3,58,2,63,0,18,121,2,141,53,0,53,194
09/29/2004,RYY,GA,ASO,ES,Federal Contract Tower,0,13,54,0,67,0,3,115,2,120,0,16,169,2,187,156,0,156,343
09/30/2004,RYY,GA,ASO,ES,Federal Contract Tower,0,10,41,0,51,0,3,143,2,148,0,13,184,2,199,241,0,241,440
10/01/2004,RYY,GA,ASO,ES,Federal Contract Tower,0,12,42,2,56,0,0,208,0,208,0,12,250,2,264,208,0,208,472
10/02/2004,RYY,GA,ASO,ES,Federal Contract Tower,0,4,40,3,47,0,0,127,5,132,0,4,167,8,179,172,0,172,351
10/03/2004,RYY,GA,ASO,ES,Federal Contract Tower,0,4,23,0,27,0,15,193,0,208,0,19,216,0,235,82,0,82,317
10/04/2004,RYY,GA,ASO,ES,Federal Contract Tower,0,9,39,0,48,0,0,173,2,175,0,9,212,2,223,109,0,109,332
10/05/2004,RYY,GA,ASO,ES,Federal Contract Tower,0,12,52,0,64,0,8,142,2,152,0,20,194,2,216,126,0,126,342
10/06/2004,RYY,GA,ASO,ES,Federal Contract Tower,0,13,50,0,63,0,3,127,0,130,0,16,177,0,193,198,0,198,391
10/07/2004,RYY,GA,ASO,ES,Federal Contract Tower,0,10,77,0,87,0,0,56,2,58,0,10,133,2,145,153,0,153,298
10/08/2004,RYY,GA,ASO,ES,Federal Contract Tower,0,9,56,1,66,0,0,146,0,146,0,9,202,1,212,153,0,153,365
10/09/2004,RYY,GA,ASO,ES,Federal Contract Tower,0,2,32,0,34,0,2,62,0,64,0,4,94,0,98,238,12,250,348
10/10/2004,RYY,GA,ASO,ES,Federal Contract Tower,0,6,45,1,52,0,0,100,0,100,0,6,145,1,152,166,0,166,318
10/11/2004,RYY,GA,ASO,ES,Federal Contract Tower,0,4,52,0,56,0,2,77,0,79,0,6,129,0,135,73,0,73,208
10/12/2004,RYY,GA,ASO,ES,Federal Contract Tower,0,14,52,0,66,0,0,30,0,30,0,14,82,0,96,44,0,44,140
10/13/2004,RYY,GA,ASO,ES,Federal Contract Tower,0,16,77,2,95,0,3,55,0,58,0,19,132,2,153,175,0,175,328
10/14/2004,RYY,GA,ASO,ES,Federal Contract Tower,0,15,57,0,72,0,3,83,0,86,0,18,140,0,158,125,0,125,283
10/15/2004,RYY,GA,ASO,ES,Federal Contract Tower,0,8,46,0,54,0,2,96,0,98,0,10,142,0,152,46,0,46,198
10/16/2004,RYY,GA,ASO,ES,Federal Contract Tower,0,7,13,1,21,0,0,152,2,154,0,7,165,3,175,130,6,136,311
10/17/2004,RYY,GA,ASO,ES,Federal Contract Tower,0,4,16,0,20,0,7,187,0,194,0,11,203,0,214,111,0,111,325
10/18/2004,RYY,GA,ASO,ES,Federal Contract Tower,0,16,45,0,61,0,5,75,0,80,0,21,120,0,141,63,0,63,204
10/19/2004,RYY,GA,ASO,ES,Federal Contract Tower,0,16,29,0,45,0,3,33,0,36,0,19,62,0,81,334,0,334,415
10/20/2004,RYY,GA,ASO,ES,Federal Contract Tower,0,10,63,0,73,0,3,27,0,30,0,13,90,0,103,55,0,55,158
10/21/2004,RYY,GA,ASO,ES,Federal Contract Tower,0,19,53,0,72,0,1,36,1,38,0,20,89,1,110,40,0,40,150
10/22/2004,RYY,GA,ASO,ES,Federal Contract Tower,0,11,65,0,76,0,3,45,0,48,0,14,110,0,124,164,0,164,288
10/23/2004,RYY,GA,ASO,ES,Federal Contract Tower,0,1,24,1,26,0,2,124,1,127,0,3,148,2,153,248,0,248,401
10/24/2004,RYY,GA,ASO,ES,Federal Contract Tower,0,5,26,0,31,0,6,70,0,76,0,11,96,0,107,56,0,56,163
10/25/2004,RYY,GA,ASO,ES,Federal Contract Tower,0,15,52,0,67,0,1,142,3,146,0,16,194,3,213,67,0,67,280
10/26/2004,RYY,GA,ASO,ES,Federal Contract Tower,0,22,37,0,59,0,2,175,0,177,0,24,212,0,236,122,0,122,358
10/27/2004,RYY,GA,ASO,ES,Federal Contract Tower,0,15,73,0,88,0,3,125,5,133,0,18,198,5,221,134,0,134,355
10/28/2004,RYY,GA,ASO,ES,Federal Contract Tower,0,15,63,0,78,0,0,29,3,32,0,15,92,3,110,67,4,71,181
10/29/2004,RYY,GA,ASO,ES,Federal Contract Tower,0,18,62,0,80,0,1,19,0,20,0,19,81,0,100,86,8,94,194
10/30/2004,RYY,GA,ASO,ES,Federal Contract Tower,0,4,40,0,44,0,0,148,0,148,0,4,188,0,192,123,0,123,315
10/31/2004,RYY,GA,ASO,ES,Federal Contract Tower,0,12,38,0,50,0,1,192,0,193,0,13,230,0,243,250,0,250,493
11/01/2004,RYY,GA,ASO,ES,Federal Contract Tower,0,15,44,0,59,0,3,119,2,124,0,18,163,2,183,48,0,48,231
11/02/2004,RYY,GA,ASO,ES,Federal Contract Tower,0,15,44,0,59,0,7,18,0,25,0,22,62,0,84,85,0,85,169
11/03/2004,RYY,GA,ASO,ES,Federal Contract Tower,0,11,40,0,51,0,2,26,0,28,0,13,66,0,79,53,0,53,132
11/04/2004,RYY,GA,ASO,ES,Federal Contract Tower,0,17,48,0,65,0,4,80,1,85,0,21,128,1,150,71,0,71,221
11/05/2004,RYY,GA,ASO,ES,Federal Contract Tower,0,7,73,0,80,0,7,167,2,176,0,14,240,2,256,78,0,78,334
11/06/2004,RYY,GA,ASO,ES,Federal Contract Tower,0,2,25,2,29,0,6,238,2,246,0,8,263,4,275,248,0,248,523
11/07/2004,RYY,GA,ASO,ES,Federal Contract Tower,0,7,33,0,40,0,0,275,0,275,0,7,308,0,315,303,0,303,618
11/08/2004,RYY,GA,ASO,ES,Federal Contract Tower,0,20,51,0,71,0,3,131,0,134,0,23,182,0,205,133,0,133,338
11/09/2004,RYY,GA,ASO,ES,Federal Contract Tower,0,12,50,0,62,0,5,161,3,169,0,17,211,3,231,142,0,142,373
11/10/2004,RYY,GA,ASO,ES,Federal Contract Tower,0,11,53,2,66,0,0,107,1,108,0,11,160,3,174,153,0,153,327
11/11/2004,RYY,GA,ASO,ES,Federal Contract Tower,0,2,32,0,34,0,0,8,0,8,0,2,40,0,42,20,0,20,62
11/12/2004,RYY,GA,ASO,ES,Federal Contract Tower,0,6,54,3,63,0,2,0,0,2,0,8,54,3,65,6,0,6,71
11/13/2004,RYY,GA,ASO,ES,Federal Contract Tower,0,8,45,6,59,0,3,44,0,47,0,11,89,6,106,131,0,131,237
11/14/2004,RYY,GA,ASO,ES,Federal Contract Tower,0,9,39,2,50,0,0,135,0,135,0,9,174,2,185,244,0,244,429
11/15/2004,RYY,GA,ASO,ES,Federal Contract Tower,0,10,41,3,54,0,8,179,0,187,0,18,220,3,241,132,0,132,373
11/16/2004,RYY,GA,ASO,ES,Federal Contract Tower,0,15,25,0,40,0,5,154,2,161,0,20,179,2,201,174,0,174,375
11/17/2004,RYY,GA,ASO,ES,Federal Contract Tower,0,10,48,2,60,0,0,133,0,133,0,10,181,2,193,120,0,120,313
11/18/2004,RYY,GA,ASO,ES,Federal Contract Tower,0,12,37,0,49,0,1,133,0,134,0,13,170,0,183,160,0,160,343
11/19/2004,RYY,GA,ASO,ES,Federal Contract Tower,0,9,73,0,82,0,2,67,3,72,0,11,140,3,154,166,0,166,320
11/20/2004,RYY,GA,ASO,ES,Federal Contract Tower,0,5,27,0,32,0,0,81,0,81,0,5,108,0,113,147,0,147,260
11/21/2004,RYY,GA,ASO,ES,Federal Contract Tower,0,6,35,0,41,0,0,16,0,16,0,6,51,0,57,56,0,56,113
11/22/2004,RYY,GA,ASO,ES,Federal Contract Tower,0,16,18,0,34,0,0,3,0,3,0,16,21,0,37,0,0,0,37
11/23/2004,RYY,GA,ASO,ES,Federal Contract Tower,0,16,25,0,41,0,1,3,0,4,0,17,28,0,45,3,0,3,48
11/24/2004,RYY,GA,ASO,ES,Federal Contract Tower,0,19,25,0,44,0,0,6,0,6,0,19,31,0,50,0,0,0,50
11/25/2004,RYY,GA,ASO,ES,Federal Contract Tower,0,5,22,2,29,0,0,32,0,32,0,5,54,2,61,8,0,8,69
11/26/2004,RYY,GA,ASO,ES,Federal Contract Tower,0,7,32,4,43,0,0,292,0,292,0,7,324,4,335,145,0,145,480
11/27/2004,RYY,GA,ASO,ES,Federal Contract Tower,0,10,29,1,40,0,0,65,1,66,0,10,94,2,106,77,0,77,183
11/28/2004,RYY,GA,ASO,ES,Federal Contract Tower,0,11,50,0,61,0,1,183,0,184,0,12,233,0,245,101,0,101,346
11/29/2004,RYY,GA,ASO,ES,Federal Contract Tower,0,8,35,0,43,0,2,115,1,118,0,10,150,1,161,117,0,117,278
11/30/2004,RYY,GA,ASO,ES,Federal Contract Tower,0,8,55,0,63,0,5,10,0,15,0,13,65,0,78,0,0,0,78
12/01/2004,RYY,GA,ASO,ES,Federal Contract Tower,0,12,38,0,50,0,4,93,2,99,0,16,131,2,149,48,0,48,197
12/02/2004,RYY,GA,ASO,ES,Federal Contract Tower,0,17,38,0,55,0,1,141,2,144,0,18,179,2,199,179,12,191,390
12/03/2004,RYY,GA,ASO,ES,Federal Contract Tower,0,15,47,0,62,0,4,180,0,184,0,19,227,0,246,183,0,183,429
12/04/2004,RYY,GA,ASO,ES,Federal Contract Tower,0,4,34,0,38,0,2,217,3,222,0,6,251,3,260,207,0,207,467
12/05/2004,RYY,GA,ASO,ES,Federal Contract Tower,0,8,44,0,52,0,0,129,0,129,0,8,173,0,181,112,14,126,307
12/06/2004,RYY,GA,ASO,ES,Federal Contract Tower,0,8,17,0,25,0,0,0,0,0,0,8,17,0,25,0,0,0,25
12/07/2004,RYY,GA,ASO,ES,Federal Contract Tower,0,16,31,0,47,0,1,29,0,30,0,17,60,0,77,42,0,42,119
12/08/2004,RYY,GA,ASO,ES,Federal Contract Tower,0,9,42,1,52,0,2,170,1,173,0,11,212,2,225,150,1,151,376
12/09/2004,RYY,GA,ASO,ES,Federal Contract Tower,0,14,23,0,37,0,6,12,0,18,0,20,35,0,55,0,0,0,55
12/10/2004,RYY,GA,ASO,ES,Federal Contract Tower,0,14,41,0,55,0,9,60,0,69,0,23,101,0,124,81,0,81,205
12/11/2004,RYY,GA,ASO,ES,Federal Contract Tower,0,5,11,2,18,0,2,44,0,46,0,7,55,2,64,223,0,223,287
12/12/2004,RYY,GA,ASO,ES,Federal Contract Tower,0,3,29,0,32,0,0,170,1,171,0,3,199,1,203,228,0,228,431
12/13/2004,RYY,GA,ASO,ES,Federal Contract Tower,0,19,35,0,54,0,5,77,0,82,0,24,112,0,136,9,0,9,145
12/14/2004,RYY,GA,ASO,ES,Federal Contract Tower,0,21,41,0,62,0,4,71,0,75,0,25,112,0,137,22,0,22,159
12/15/2004,RYY,GA,ASO,ES,Federal Contract Tower,0,17,36,1,54,0,4,158,5,167,0,21,194,6,221,133,0,133,354
12/16/2004,RYY,GA,ASO,ES,Federal Contract Tower,0,16,36,1,53,0,5,174,11,190,0,21,210,12,243,111,0,111,354
12/17/2004,RYY,GA,ASO,ES,Federal Contract Tower,0,15,44,0,59,0,2,173,1,176,0,17,217,1,235,101,0,101,336
12/18/2004,RYY,GA,ASO,ES,Federal Contract Tower,0,4,31,0,35,0,1,204,6,211,0,5,235,6,246,196,0,196,442
12/19/2004,RYY,GA,ASO,ES,Federal Contract Tower,0,9,13,0,22,0,0,22,0,22,0,9,35,0,44,73,0,73,117
12/20/2004,RYY,GA,ASO,ES,Federal Contract Tower,0,17,50,1,68,0,1,105,3,109,0,18,155,4,177,82,0,82,259
12/21/2004,RYY,GA,ASO,ES,Federal Contract Tower,0,14,36,3,53,0,3,140,2,145,0,17,176,5,198,62,0,62,260
12/22/2004,RYY,GA,ASO,ES,Federal Contract Tower,0,10,43,0,53,0,3,21,0,24,0,13,64,0,77,127,0,127,204
12/23/2004,RYY,GA,ASO,ES,Federal Contract Tower,0,14,30,0,44,0,4,12,0,16,0,18,42,0,60,6,0,6,66
12/24/2004,RYY,GA,ASO,ES,Federal Contract Tower,0,8,12,0,20,0,2,71,2,75,0,10,83,2,95,18,0,18,113
12/25/2004,RYY,GA,ASO,ES,Federal Contract Tower,0,5,8,1,14,0,0,28,0,28,0,5,36,1,42,4,0,4,46
12/26/2004,RYY,GA,ASO,ES,Federal Contract Tower,0,10,31,0,41,0,0,114,1,115,0,10,145,1,156,89,0,89,245
12/27/2004,RYY,GA,ASO,ES,Federal Contract Tower,0,15,36,0,51,0,2,160,2,164,0,17,196,2,215,121,0,121,336
12/28/2004,RYY,GA,ASO,ES,Federal Contract Tower,0,17,28,0,45,0,0,167,2,169,0,17,195,2,214,99,0,99,313
12/29/2004,RYY,GA,ASO,ES,Federal Contract Tower,0,14,39,0,53,0,2,175,0,177,0,16,214,0,230,171,0,171,401
12/30/2004,RYY,GA,ASO,ES,Federal Contract Tower,0,15,31,1,47,0,0,174,0,174,0,15,205,1,221,197,0,197,418
12/31/2004,RYY,GA,ASO,ES,Federal Contract Tower,0,13,25,1,39,0,0,141,0,141,0,13,166,1,180,130,1,131,311
01/01/2005,RYY,GA,ASO,ES,Federal Contract Tower,0,2,26,0,28,0,3,137,0,140,0,5,163,0,168,182,1,183,351
01/02/2005,RYY,GA,ASO,ES,Federal Contract Tower,0,12,44,0,56,0,0,116,0,116,0,12,160,0,172,175,0,175,347
01/03/2005,RYY,GA,ASO,ES,Federal Contract Tower,0,16,40,1,57,0,3,110,0,113,0,19,150,1,170,117,0,117,287
01/04/2005,RYY,GA,ASO,ES,Federal Contract Tower,0,14,49,0,63,0,2,133,0,135,0,16,182,0,198,125,0,125,323
01/05/2005,RYY,GA,ASO,ES,Federal Contract Tower,0,12,48,0,60,0,2,118,2,122,0,14,166,2,182,79,0,79,261
01/06/2005,RYY,GA,ASO,ES,Federal Contract Tower,0,16,50,0,66,0,0,19,1,20,0,16,69,1,86,42,0,42,128
01/07/2005,RYY,GA,ASO,ES,Federal Contract Tower,0,15,51,6,72,0,0,107,6,113,0,15,158,12,185,187,6,193,378
01/08/2005,RYY,GA,ASO,ES,Federal Contract Tower,0,6,42,5,53,0,0,27,0,27,0,6,69,5,80,60,0,60,140
01/09/2005,RYY,GA,ASO,ES,Federal Contract Tower,0,6,39,0,45,0,0,221,1,222,0,6,260,1,267,157,0,157,424
01/10/2005,RYY,GA,ASO,ES,Federal Contract Tower,0,16,39,0,55,0,5,104,0,109,0,21,143,0,164,122,0,122,286
01/11/2005,RYY,GA,ASO,ES,Federal Contract Tower,0,19,44,0,63,0,2,102,0,104,0,21,146,0,167,115,0,115,282
01/12/2005,RYY,GA,ASO,ES,Federal Contract Tower,0,18,55,2,75,0,1,80,1,82,0,19,135,3,157,59,0,59,216
01/13/2005,RYY,GA,ASO,ES,Federal Contract Tower,0,18,21,0,39,0,4,19,6,29,0,22,40,6,68,28,0,28,96
01/14/2005,RYY,GA,ASO,ES,Federal Contract Tower,0,9,49,0,58,0,1,62,1,64,0,10,111,1,122,69,0,69,191
01/15/2005,RYY,GA,ASO,ES,Federal Contract Tower,0,9,21,2,32,0,3,216,0,219,0,12,237,2,251,119,0,119,370
01/16/2005,RYY,GA,ASO,ES,Federal Contract Tower,0,17,29,1,47,0,0,140,1,141,0,17,169,2,188,95,0,95,283
01/17/2005,RYY,GA,ASO,ES,Federal Contract Tower,0,10,33,0,43,0,4,101,0,105,0,14,134,0,148,13,0,13,161
01/18/2005,RYY,GA,ASO,ES,Federal Contract Tower,0,15,26,0,41,0,4,116,0,120,0,19,142,0,161,66,0,66,227
01/19/2005,RYY,GA,ASO,ES,Federal Contract Tower,0,19,39,0,58,0,0,132,0,132,0,19,171,0,190,157,0,157,347
01/20/2005,RYY,GA,ASO,ES,Federal Contract Tower,0,12,41,6,59,0,0,132,0,132,0,12,173,6,191,114,0,114,305
01/21/2005,RYY,GA,ASO,ES,Federal Contract Tower,0,15,46,0,61,0,0,198,0,198,0,15,244,0,259,100,0,100,359
01/22/2005,RYY,GA,ASO,ES,Federal Contract Tower,0,4,14,0,18,0,0,3,0,3,0,4,17,0,21,0,0,0,21
01/23/2005,RYY,GA,ASO,ES,Federal Contract Tower,0,4,14,0,18,0,3,12,0,15,0,7,26,0,33,0,16,16,49
01/24/2005,RYY,GA,ASO,ES,Federal Contract Tower,0,18,27,6,51,0,0,121,2,123,0,18,148,8,174,109,6,115,289
01/25/2005,RYY,GA,ASO,ES,Federal Contract Tower,0,23,34,0,57,0,0,153,0,153,0,23,187,0,210,130,0,130,340
01/26/2005,RYY,GA,ASO,ES,Federal Contract Tower,0,13,54,0,67,0,6,115,1,122,0,19,169,1,189,69,0,69,258
01/27/2005,RYY,GA,ASO,ES,Federal Contract Tower,0,13,33,0,46,0,3,145,3,151,0,16,178,3,197,125,2,127,324
01/28/2005,RYY,GA,ASO,ES,Federal Contract Tower,0,11,24,0,35,0,0,31,0,31,0,11,55,0,66,16,0,16,82
01/29/2005,RYY,GA,ASO,ES,Federal Contract Tower,0,1,0,0,1,0,0,0,0,0,0,1,0,0,1,0,0,0,1
01/30/2005,RYY,GA,ASO,ES,Federal Contract Tower,0,12,12,0,24,0,0,6,0,6,0,12,18,0,30,7,0,7,37
01/31/2005,RYY,GA,ASO,ES,Federal Contract Tower,0,14,29,1,44,0,0,51,0,51,0,14,80,1,95,137,0,137,232
02/01/2005,RYY,GA,ASO,ES,Federal Contract Tower,0,10,31,0,41,0,0,74,0,74,0,10,105,0,115,183,0,183,298
02/02/2005,RYY,GA,ASO,ES,Federal Contract Tower,0,13,29,0,42,0,2,8,0,10,0,15,37,0,52,0,0,0,52
02/03/2005,RYY,GA,ASO,ES,Federal Contract Tower,0,9,34,0,43,0,1,2,0,3,0,10,36,0,46,14,0,14,60
02/04/2005,RYY,GA,ASO,ES,Federal Contract Tower,0,19,44,0,63,0,0,207,9,216,0,19,251,9,279,123,0,123,402
02/05/2005,RYY,GA,ASO,ES,Federal Contract Tower,0,3,35,0,38,0,10,411,2,423,0,13,446,2,461,179,0,179,640
02/06/2005,RYY,GA,ASO,ES,Federal Contract Tower,0,11,29,0,40,0,0,174,2,176,0,11,203,2,216,144,0,144,360
02/07/2005,RYY,GA,ASO,ES,Federal Contract Tower,0,21,30,2,53,0,0,86,0,86,0,21,116,2,139,124,0,124,263
02/08/2005,RYY,GA,ASO,ES,Federal Contract Tower,0,17,38,0,55,0,0,13,0,13,0,17,51,0,68,0,0,0,68
02/09/2005,RYY,GA,ASO,ES,Federal Contract Tower,0,14,29,0,43,0,4,2,0,6,0,18,31,0,49,0,0,0,49
02/10/2005,RYY,GA,ASO,ES,Federal Contract Tower,0,20,34,0,54,0,1,54,2,57,0,21,88,2,111,18,0,18,129
02/11/2005,RYY,GA,ASO,ES,Federal Contract Tower,0,12,44,0,56,0,6,155,1,162,0,18,199,1,218,61,0,61,279
02/12/2005,RYY,GA,ASO,ES,Federal Contract Tower,0,6,47,2,55,0,4,264,0,268,0,10,311,2,323,174,0,174,497
02/13/2005,RYY,GA,ASO,ES,Federal Contract Tower,0,14,34,0,48,0,0,68,1,69,0,14,102,1,117,137,0,137,254
02/14/2005,RYY,GA,ASO,ES,Federal Contract Tower,0,13,14,0,27,0,0,8,0,8,0,13,22,0,35,0,0,0,35
02/15/2005,RYY,GA,ASO,ES,Federal Contract Tower,0,12,29,3,44,0,3,43,2,48,0,15,72,5,92,70,0,70,162
02/16/2005,RYY,GA,ASO,ES,Federal Contract Tower,0,11,41,0,52,0,0,44,0,44,0,11,85,0,96,158,0,158,254
02/17/2005,RYY,GA,ASO,ES,Federal Contract Tower,0,20,41,0,61,0,2,124,0,126,0,22,165,0,187,42,0,42,229
02/18/2005,RYY,GA,ASO,ES,Federal Contract Tower,0,21,31,4,56,0,0,195,4,199,0,21,226,8,255,151,0,151,406
02/19/2005,RYY,GA,ASO,ES,Federal Contract Tower,0,4,24,0,28,0,2,253,3,258,0,6,277,3,286,266,0,266,552
02/20/2005,RYY,GA,ASO,ES,Federal Contract Tower,0,5,33,0,38,0,0,38,0,38,0,5,71,0,76,120,0,120,196
02/21/2005,RYY,GA,ASO,ES,Federal Contract Tower,0,8,24,0,32,0,0,12,0,12,0,8,36,0,44,30,0,30,74
02/22/2005,RYY,GA,ASO,ES,Federal Contract Tower,0,9,53,0,62,0,4,140,1,145,0,13,193,1,207,128,0,128,335
02/23/2005,RYY,GA,ASO,ES,Federal Contract Tower,0,17,40,0,57,0,3,145,5,153,0,20,185,5,210,176,0,176,386
02/24/2005,RYY,GA,ASO,ES,Federal Contract Tower,0,16,29,2,47,0,1,40,0,41,0,17,69,2,88,65,12,77,165
02/25/2005,RYY,GA,ASO,ES,Federal Contract Tower,0,18,49,0,67,0,1,171,8,180,0,19,220,8,247,196,0,196,443
02/26/2005,RYY,GA,ASO,ES,Federal Contract Tower,0,9,19,4,32,0,0,300,0,300,0,9,319,4,332,213,2,215,547
02/27/2005,RYY,GA,ASO,ES,Federal Contract Tower,0,14,16,1,31,0,2,7,0,9,0,16,23,1,40,38,0,38,78
02/28/2005,RYY,GA,ASO,ES,Federal Contract Tower,0,15,23,0,38,0,0,21,0,21,0,15,44,0,59,0,0,0,59
03/01/2005,RYY,GA,ASO,ES,Federal Contract Tower,0,13,36,0,49,0,4,26,0,30,0,17,62,0,79,0,0,0,79
03/02/2005,RYY,GA,ASO,ES,Federal Contract Tower,0,7,48,0,55,0,1,135,0,136,0,8,183,0,191,78,0,78,269
03/03/2005,RYY,GA,ASO,ES,Federal Contract Tower,0,12,52,0,64,0,3,131,0,134,0,15,183,0,198,208,0,208,406
03/04/2005,RYY,GA,ASO,ES,Federal Contract Tower,0,11,45,0,56,0,0,175,0,175,0,11,220,0,231,251,0,251,482
03/05/2005,RYY,GA,ASO,ES,Federal Contract Tower,0,3,31,2,36,0,0,108,0,108,0,3,139,2,144,69,0,69,213
03/06/2005,RYY,GA,ASO,ES,Federal Contract Tower,0,10,37,0,47,0,0,208,0,208,0,10,245,0,255,171,0,171,426
03/07/2005,RYY,GA,ASO,ES,Federal Contract Tower,0,10,39,0,49,0,2,64,2,68,0,12,103,2,117,56,0,56,173
03/08/2005,RYY,GA,ASO,ES,Federal Contract Tower,0,10,32,0,42,0,1,31,0,32,0,11,63,0,74,18,0,18,92
03/09/2005,RYY,GA,ASO,ES,Federal Contract Tower,0,21,39,0,60,0,1,97,0,98,0,22,136,0,158,127,4,131,289
03/10/2005,RYY,GA,ASO,ES,Federal Contract Tower,0,19,45,1,65,0,3,132,6,141,0,22,177,7,206,98,0,98,304
03/11/2005,RYY,GA,ASO,ES,Federal Contract Tower,0,13,42,0,55,0,3,50,0,53,0,16,92,0,108,8,0,8,116
03/12/2005,RYY,GA,ASO,ES,Federal Contract Tower,0,4,18,3,25,0,0,60,12,72,0,4,78,15,97,37,0,37,134
03/13/2005,RYY,GA,ASO,ES,Federal Contract Tower,0,9,50,0,59,0,4,212,4,220,0,13,262,4,279,121,0,121,400
03/14/2005,RYY,GA,ASO,ES,Federal Contract Tower,0,16,53,0,69,0,5,67,4,76,0,21,120,4,145,122,0,122,267
03/15/2005,RYY,GA,ASO,ES,Federal Contract Tower,0,17,47,0,64,0,1,102,1,104,0,18,149,1,168,85,17,102,270
03/16/2005,RYY,GA,ASO,ES,Federal Contract Tower,0,16,36,0,52,0,3,2,0,5,0,19,38,0,57,0,0,0,57
03/17/2005,RYY,GA,ASO,ES,Federal Contract Tower,0,16,46,0,62,0,0,13,0,13,0,16,59,0,75,87,0,87,162
03/18/2005,RYY,GA,ASO,ES,Federal Contract Tower,0,11,46,2,59,0,2,193,0,195,0,13,239,2,254,186,22,208,462
03/19/2005,RYY,GA,ASO,ES,Federal Contract Tower,0,4,36,1,41,0,4,198,2,204,0,8,234,3,245,191,0,191,436
03/20/2005,RYY,GA,ASO,ES,Federal Contract Tower,0,7,58,0,65,0,3,245,0,248,0,10,303,0,313,192,0,192,505
03/21/2005,RYY,GA,ASO,ES,Federal Contract Tower,0,12,40,0,52,0,2,89,0,91,0,14,129,0,143,100,0,100,243
03/22/2005,RYY,GA,ASO,ES,Federal Contract Tower,0,13,30,0,43,0,0,5,0,5,0,13,35,0,48,16,0,16,64
03/23/2005,RYY,GA,ASO,ES,Federal Contract Tower,0,12,77,0,89,0,6,70,2,78,0,18,147,2,167,76,0,76,243
03/24/2005,RYY,GA,ASO,ES,Federal Contract Tower,0,13,67,0,80,0,2,207,3,212,0,15,274,3,292,194,0,194,486
03/25/2005,RYY,GA,ASO,ES,Federal Contract Tower,0,15,50,0,65,0,6,289,5,300,0,21,339,5,365,163,0,163,528
03/26/2005,RYY,GA,ASO,ES,Federal Contract Tower,0,2,20,0,22,0,2,299,2,303,0,4,319,2,325,194,0,194,519
03/27/2005,RYY,GA,ASO,ES,Federal Contract Tower,0,5,8,0,13,0,0,0,0,0,0,5,8,0,13,0,0,0,13
03/28/2005,RYY,GA,ASO,ES,Federal Contract Tower,0,12,46,1,59,0,2,6,0,8,0,14,52,1,67,0,0,0,67
03/29/2005,RYY,GA,ASO,ES,Federal Contract Tower,0,12,53,1,66,0,0,180,2,182,0,12,233,3,248,104,16,120,368
03/30/2005,RYY,GA,ASO,ES,Federal Contract Tower,0,21,47,0,68,0,0,213,6,219,0,21,260,6,287,123,0,123,410
03/31/2005,RYY,GA,ASO,ES,Federal Contract Tower,0,14,47,0,61,0,0,21,0,21,0,14,68,0,82,68,0,68,150
04/01/2005,RYY,GA,ASO,ES,Federal Contract Tower,0,15,31,0,46,0,2,7,0,9,0,17,38,0,55,18,0,18,73
04/02/2005,RYY,GA,ASO,ES,Federal Contract Tower,0,3,22,0,25,0,1,25,0,26,0,4,47,0,51,25,0,25,76
04/03/2005,RYY,GA,ASO,ES,Federal Contract Tower,0,9,38,0,47,0,1,152,1,154,0,10,190,1,201,92,0,92,293
04/04/2005,RYY,GA,ASO,ES,Federal Contract Tower,0,14,36,0,50,0,4,187,11,202,0,18,223,11,252,160,0,160,412
04/05/2005,RYY,GA,ASO,ES,Federal Contract Tower,0,13,35,0,48,0,3,172,2,177,0,16,207,2,225,46,0,46,271
04/06/2005,RYY,GA,ASO,ES,Federal Contract Tower,0,16,49,0,65,0,2,85,2,89,0,18,134,2,154,132,0,132,286
04/07/2005,RYY,GA,ASO,ES,Federal Contract Tower,0,16,47,0,63,0,0,25,0,25,0,16,72,0,88,36,0,36,124
04/08/2005,RYY,GA,ASO,ES,Federal Contract Tower,0,17,79,0,96,0,2,65,1,68,0,19,144,1,164,153,0,153,317
04/09/2005,RYY,GA,ASO,ES,Federal Contract Tower,0,9,41,4,54,0,0,176,3,179,0,9,217,7,233,251,0,251,484
04/10/2005,RYY,GA,ASO,ES,Federal Contract Tower,0,15,48,0,63,0,2,262,3,267,0,17,310,3,330,280,16,296,626
04/11/2005,RYY,GA,ASO,ES,Federal Contract Tower,0,4,42,0,46,0,7,166,5,178,0,11,208,5,224,129,16,145,369
04/12/2005,RYY,GA,ASO,ES,Federal Contract Tower,0,11,29,0,40,0,4,47,0,51,0,15,76,0,91,6,0,6,97
04/13/2005,RYY,GA,ASO,ES,Federal Contract Tower,0,0,0,0,0,0,17,130,0,147,0,17,130,0,147,92,11,103,250
04/14/2005,RYY,GA,ASO,ES,Federal Contract Tower,0,17,68,0,85,0,0,70,0,70,0,17,138,0,155,149,22,171,326
04/15/2005,RYY,GA,ASO,ES,Federal Contract Tower,0,15,52,0,67,0,1,213,7,221,0,16,265,7,288,112,8,120,408
04/16/2005,RYY,GA,ASO,ES,Federal Contract Tower,0,5,23,0,28,0,0,264,4,268,0,5,287,4,296,262,0,262,558
04/17/2005,RYY,GA,ASO,ES,Federal Contract Tower,0,9,49,0,58,0,0,223,0,223,0,9,272,0,281,194,0,194,475
04/18/2005,RYY,GA,ASO,ES,Federal Contract Tower,0,18,42,0,60,0,2,102,4,108,0,20,144,4,168,130,0,130,298
04/19/2005,RYY,GA,ASO,ES,Federal Contract Tower,0,22,54,2,78,0,4,149,0,153,0,26,203,2,231,94,0,94,325
04/20/2005,RYY,GA,ASO,ES,Federal Contract Tower,0,14,41,0,55,0,7,174,9,190,0,21,215,9,245,162,0,162,407
04/21/2005,RYY,GA,ASO,ES,Federal Contract Tower,0,15,52,0,67,0,3,188,0,191,0,18,240,0,258,131,0,131,389
04/22/2005,RYY,GA,ASO,ES,Federal Contract Tower,0,16,37,0,53,0,2,54,1,57,0,18,91,1,110,122,0,122,232
04/23/2005,RYY,GA,ASO,ES,Federal Contract Tower,0,3,18,0,21,0,8,51,1,60,0,11,69,1,81,46,0,46,127
04/24/2005,RYY,GA,ASO,ES,Federal Contract Tower,0,10,24,0,34,0,0,76,4,80,0,10,100,4,114,37,0,37,151
04/25/2005,RYY,GA,ASO,ES,Federal Contract Tower,0,11,54,0,65,0,1,162,5,168,0,12,216,5,233,107,0,107,340
04/26/2005,RYY,GA,ASO,ES,Federal Contract Tower,0,16,32,0,48,0,3,11,0,14,0,19,43,0,62,4,0,4,66
04/27/2005,RYY,GA,ASO,ES,Federal Contract Tower,0,16,48,0,64,0,1,151,5,157,0,17,199,5,221,133,3,136,357
04/28/2005,RYY,GA,ASO,ES,Federal Contract Tower,0,17,54,0,71,0,4,195,3,202,0,21,249,3,273,227,0,227,500
04/29/2005,RYY,GA,ASO,ES,Federal Contract Tower,0,19,62,0,81,0,5,141,1,147,0,24,203,1,228,134,0,134,362
04/30/2005,RYY,GA,ASO,ES,Federal Contract Tower,0,8,20,0,28,0,1,0,0,1,0,9,20,0,29,16,0,16,45
05/01/2005,RYY,GA,ASO,ES,Federal Contract Tower,0,14,56,0,70,0,0,248,2,250,0,14,304,2,320,187,0,187,507
05/02/2005,RYY,GA,ASO,ES,Federal Contract Tower,0,18,39,2,59,0,0,119,2,121,0,18,158,4,180,36,0,36,216
05/03/2005,RYY,GA,ASO,ES,Federal Contract Tower,0,7,49,0,56,0,3,128,0,131,0,10,177,0,187,147,0,147,334
05/04/2005,RYY,GA,ASO,ES,Federal Contract Tower,0,12,41,0,53,0,0,152,1,153,0,12,193,1,206,185,0,185,391
05/05/2005,RYY,GA,ASO,ES,Federal Contract Tower,0,17,64,0,81,0,1,38,0,39,0,18,102,0,120,32,0,32,152
05/06/2005,RYY,GA,ASO,ES,Federal Contract Tower,0,18,59,0,77,0,5,166,6,177,0,23,225,6,254,179,3,182,436
05/07/2005,RYY,GA,ASO,ES,Federal Contract Tower,0,7,23,0,30,0,1,285,0,286,0,8,308,0,316,148,0,148,464
05/08/2005,RYY,GA,ASO,ES,Federal Contract Tower,0,11,37,0,48,0,0,187,0,187,0,11,224,0,235,127,0,127,362
05/09/2005,RYY,GA,ASO,ES,Federal Contract Tower,0,11,49,0,60,0,2,134,2,138,0,13,183,2,198,91,0,91,289
05/10/2005,RYY,GA,ASO,ES,Federal Contract Tower,0,16,40,0,56,0,5,76,0,81,0,21,116,0,137,147,0,147,284
05/11/2005,RYY,GA,ASO,ES,Federal Contract Tower,0,20,44,0,64,0,2,134,4,140,0,22,178,4,204,206,0,206,410
05/12/2005,RYY,GA,ASO,ES,Federal Contract Tower,0,15,67,0,82,0,6,162,3,171,0,21,229,3,253,118,0,118,371
05/13/2005,RYY,GA,ASO,ES,Federal Contract Tower,0,13,56,0,69,0,1,169,0,170,0,14,225,0,239,148,0,148,387
05/14/2005,RYY,GA,ASO,ES,Federal Contract Tower,0,2,17,0,19,0,1,146,3,150,0,3,163,3,169,212,0,212,381
05/15/2005,RYY,GA,ASO,ES,Federal Contract Tower,0,10,36,0,46,0,0,51,0,51,0,10,87,0,97,117,0,117,214
05/16/2005,RYY,GA,ASO,ES,Federal Contract Tower,0,19,52,0,71,0,2,166,1,169,0,21,218,1,240,97,0,97,337
05/17/2005,RYY,GA,ASO,ES,Federal Contract Tower,0,14,42,1,57,0,1,158,3,162,0,15,200,4,219,118,0,118,337
05/18/2005,RYY,GA,ASO,ES,Federal Contract Tower,0,11,67,0,78,0,3,147,7,157,0,14,214,7,235,149,0,149,384
05/19/2005,RYY,GA,ASO,ES,Federal Contract Tower,0,11,46,0,57,0,7,92,2,101,0,18,138,2,158,121,0,121,279
05/20/2005,RYY,GA,ASO,ES,Federal Contract Tower,0,15,49,0,64,0,4,45,1,50,0,19,94,1,114,47,0,47,161
05/21/2005,RYY,GA,ASO,ES,Federal Contract Tower,0,2,70,0,72,0,2,80,2,84,0,4,150,2,156,212,0,212,368
05/22/2005,RYY,GA,ASO,ES,Federal Contract Tower,0,15,59,0,74,0,4,159,3,166,0,19,218,3,240,212,0,212,452
05/23/2005,RYY,GA,ASO,ES,Federal Contract Tower,0,15,56,0,71,0,5,73,0,78,0,20,129,0,149,40,0,40,189
05/24/2005,RYY,GA,ASO,ES,Federal Contract Tower,0,11,41,0,52,0,4,115,2,121,0,15,156,2,173,29,0,29,202
05/25/2005,RYY,GA,ASO,ES,Federal Contract Tower,0,14,71,1,86,0,2,148,0,150,0,16,219,1,236,118,0,118,354
05/26/2005,RYY,GA,ASO,ES,Federal Contract Tower,0,22,48,0,70,0,3,173,0,176,0,25,221,0,246,113,0,113,359
05/27/2005,RYY,GA,ASO,ES,Federal Contract Tower,0,13,56,0,69,0,3,173,5,181,0,16,229,5,250,85,0,85,335
05/28/2005,RYY,GA,ASO,ES,Federal Contract Tower,0,2,35,0,37,0,0,157,1,158,0,2,192,1,195,178,12,190,385
05/29/2005,RYY,GA,ASO,ES,Federal Contract Tower,0,6,35,0,41,0,0,61,0,61,0,6,96,0,102,115,0,115,217
05/30/2005,RYY,GA,ASO,ES,Federal Contract Tower,0,8,56,0,64,0,0,11,0,11,0,8,67,0,75,0,0,0,75
05/31/2005,RYY,GA,ASO,ES,Federal Contract Tower,0,18,56,0,74,0,2,41,0,43,0,20,97,0,117,92,0,92,209
06/01/2005,RYY,GA,ASO,ES,Federal Contract Tower,0,18,39,0,57,0,2,7,0,9,0,20,46,0,66,0,0,0,66
06/02/2005,RYY,GA,ASO,ES,Federal Contract Tower,0,12,67,0,79,0,5,8,0,13,0,17,75,0,92,42,0,42,134
06/03/2005,RYY,GA,ASO,ES,Federal Contract Tower,0,14,60,0,74,0,7,8,0,15,0,21,68,0,89,34,0,34,123
06/04/2005,RYY,GA,ASO,ES,Federal Contract Tower,0,9,47,0,56,0,0,151,2,153,0,9,198,2,209,298,0,298,507
06/05/2005,RYY,GA,ASO,ES,Federal Contract Tower,0,10,60,0,70,0,0,109,0,109,0,10,169,0,179,375,0,375,554
06/06/2005,RYY,GA,ASO,ES,Federal Contract Tower,0,11,44,2,57,0,2,68,0,70,0,13,112,2,127,29,0,29,156
06/07/2005,RYY,GA,ASO,ES,Federal Contract Tower,0,11,50,1,62,0,2,69,1,72,0,13,119,2,134,123,0,123,257
06/08/2005,RYY,GA,ASO,ES,Federal Contract Tower,0,15,61,0,76,0,5,79,0,84,0,20,140,0,160,196,0,196,356
06/09/2005,RYY,GA,ASO,ES,Federal Contract Tower,0,23,61,0,84,0,3,88,0,91,0,26,149,0,175,206,0,206,381
06/10/2005,RYY,GA,ASO,ES,Federal Contract Tower,0,7,57,0,64,0,0,77,1,78,0,7,134,1,142,205,0,205,347
06/11/2005,RYY,GA,ASO,ES,Federal Contract Tower,0,9,26,0,35,0,1,22,0,23,0,10,48,0,58,49,0,49,107
06/12/2005,RYY,GA,ASO,ES,Federal Contract Tower,0,13,32,0,45,0,0,19,0,19,0,13,51,0,64,29,0,29,93
06/13/2005,RYY,GA,ASO,ES,Federal Contract Tower,0,12,44,0,56,0,2,148,4,154,0,14,192,4,210,132,2,134,344
06/14/2005,RYY,GA,ASO,ES,Federal Contract Tower,0,10,48,0,58,0,1,146,0,147,0,11,194,0,205,154,0,154,359
06/15/2005,RYY,GA,ASO,ES,Federal Contract Tower,0,20,70,0,90,0,5,170,0,175,0,25,240,0,265,147,0,147,412
06/16/2005,RYY,GA,ASO,ES,Federal Contract Tower,0,18,57,0,75,0,2,198,2,202,0,20,255,2,277,168,8,176,453
06/17/2005,RYY,GA,ASO,ES,Federal Contract Tower,0,11,54,0,65,0,5,202,2,209,0,16,256,2,274,261,0,261,535
06/18/2005,RYY,GA,ASO,ES,Federal Contract Tower,0,12,33,0,45,0,4,237,1,242,0,16,270,1,287,168,0,168,455
06/19/2005,RYY,GA,ASO,ES,Federal Contract Tower,0,9,41,0,50,0,1,143,0,144,0,10,184,0,194,130,0,130,324
06/20/2005,RYY,GA,ASO,ES,Federal Contract Tower,0,9,36,0,45,0,3,117,1,121,0,12,153,1,166,177,0,177,343
06/21/2005,RYY,GA,ASO,ES,Federal Contract Tower,0,9,45,0,54,0,2,102,5,109,0,11,147,5,163,162,0,162,325
06/22/2005,RYY,GA,ASO,ES,Federal Contract Tower,0,7,57,0,64,0,2,151,1,154,0,9,208,1,218,227,0,227,445
06/23/2005,RYY,GA,ASO,ES,Federal Contract Tower,0,10,53,0,63,0,4,114,1,119,0,14,167,1,182,258,0,258,440
06/24/2005,RYY,GA,ASO,ES,Federal Contract Tower,0,15,65,2,82,0,3,155,5,163,0,18,220,7,245,166,0,166,411
06/25/2005,RYY,GA,ASO,ES,Federal Contract Tower,0,7,39,0,46,0,3,128,0,131,0,10,167,0,177,177,0,177,354
06/26/2005,RYY,GA,ASO,ES,Federal Contract Tower,0,11,52,0,63,0,1,24,0,25,0,12,76,0,88,12,0,12,100
06/27/2005,RYY,GA,ASO,ES,Federal Contract Tower,0,8,43,0,51,0,6,53,2,61,0,14,96,2,112,65,0,65,177
06/28/2005,RYY,GA,ASO,ES,Federal Contract Tower,0,9,48,0,57,0,4,47,1,52,0,13,95,1,109,194,0,194,303
06/29/2005,RYY,GA,ASO,ES,Federal Contract Tower,0,10,80,0,90,0,1,75,0,76,0,11,155,0,166,256,0,256,422
06/30/2005,RYY,GA,ASO,ES,Federal Contract Tower,0,13,49,0,62,0,4,194,8,206,0,17,243,8,268,202,4,206,474
07/01/2005,RYY,GA,ASO,ES,Federal Contract Tower,0,6,52,0,58,0,0,133,0,133,0,6,185,0,191,119,7,126,317
07/02/2005,RYY,GA,ASO,ES,Federal Contract Tower,0,11,39,0,50,0,0,197,0,197,0,11,236,0,247,209,0,209,456
07/03/2005,RYY,GA,ASO,ES,Federal Contract Tower,0,4,20,0,24,0,2,18,0,20,0,6,38,0,44,9,0,9,53
07/04/2005,RYY,GA,ASO,ES,Federal Contract Tower,0,7,35,0,42,0,0,30,0,30,0,7,65,0,72,32,0,32,104
07/05/2005,RYY,GA,ASO,ES,Federal Contract Tower,0,7,57,0,64,0,6,32,0,38,0,13,89,0,102,86,1,87,189
07/06/2005,RYY,GA,ASO,ES,Federal Contract Tower,0,14,35,0,49,0,1,40,0,41,0,15,75,0,90,86,0,86,176
07/07/2005,RYY,GA,ASO,ES,Federal Contract Tower,0,15,50,0,65,0,5,23,0,28,0,20,73,0,93,28,0,28,121
07/08/2005,RYY,GA,ASO,ES,Federal Contract Tower,0,10,43,0,53,0,0,276,8,284,0,10,319,8,337,135,1,136,473
07/09/2005,RYY,GA,ASO,ES,Federal Contract Tower,0,9,33,0,42,0,7,225,1,233,0,16,258,1,275,242,0,242,517
07/10/2005,RYY,GA,ASO,ES,Federal Contract Tower,0,8,24,0,32,0,0,5,0,5,0,8,29,0,37,2,0,2,39
07/11/2005,RYY,GA,ASO,ES,Federal Contract Tower,0,13,28,0,41,0,5,30,0,35,0,18,58,0,76,0,0,0,76
07/12/2005,RYY,GA,ASO,ES,Federal Contract Tower,0,8,65,0,73,0,2,43,1,46,0,10,108,1,119,70,0,70,189
07/13/2005,RYY,GA,ASO,ES,Federal Contract Tower,0,11,50,0,61,0,0,43,1,44,0,11,93,1,105,134,0,134,239
07/14/2005,RYY,GA,ASO,ES,Federal Contract Tower,0,4,66,1,71,0,1,80,3,84,0,5,146,4,155,158,2,160,315
07/15/2005,RYY,GA,ASO,ES,Federal Contract Tower,0,10,78,0,88,0,0,34,0,34,0,10,112,0,122,90,0,90,212
07/16/2005,RYY,GA,ASO,ES,Federal Contract Tower,0,6,43,0,49,0,0,36,0,36,0,6,79,0,85,120,0,120,205
07/17/2005,RYY,GA,ASO,ES,Federal Contract Tower,0,5,40,0,45,0,0,127,2,129,0,5,167,2,174,257,0,257,431
07/18/2005,RYY,GA,ASO,ES,Federal Contract Tower,0,4,49,1,54,0,3,98,0,101,0,7,147,1,155,129,0,129,284
07/19/2005,RYY,GA,ASO,ES,Federal Contract Tower,0,15,39,5,59,0,0,89,5,94,0,15,128,10,153,227,7,234,387
07/20/2005,RYY,GA,ASO,ES,Federal Contract Tower,0,15,52,0,67,0,0,84,0,84,0,15,136,0,151,121,0,121,272
07/21/2005,RYY,GA,ASO,ES,Federal Contract Tower,0,9,37,0,46,0,2,100,8,110,0,11,137,8,156,155,0,155,311
07/22/2005,RYY,GA,ASO,ES,Federal Contract Tower,0,7,66,0,73,0,4,77,1,82,0,11,143,1,155,160,0,160,315
07/23/2005,RYY,GA,ASO,ES,Federal Contract Tower,0,3,36,0,39,0,5,266,0,271,0,8,302,0,310,176,0,176,486
07/24/2005,RYY,GA,ASO,ES,Federal Contract Tower,0,4,39,0,43,0,1,126,2,129,0,5,165,2,172,213,0,213,385
07/25/2005,RYY,GA,ASO,ES,Federal Contract Tower,0,18,29,0,47,0,10,137,4,151,0,28,166,4,198,129,0,129,327
07/26/2005,RYY,GA,ASO,ES,Federal Contract Tower,0,8,61,1,70,0,1,114,5,120,0,9,175,6,190,159,0,159,349
07/27/2005,RYY,GA,ASO,ES,Federal Contract Tower,0,17,62,3,82,0,1,80,2,83,0,18,142,5,165,254,10,264,429
07/28/2005,RYY,GA,ASO,ES,Federal Contract Tower,0,11,57,0,68,0,5,85,0,90,0,16,142,0,158,153,16,169,327
07/29/2005,RYY,GA,ASO,ES,Federal Contract Tower,0,11,74,0,85,0,2,7,2,11,0,13,81,2,96,18,4,22,118
07/30/2005,RYY,GA,ASO,ES,Federal Contract Tower,0,7,37,0,44,0,2,7,0,9,0,9,44,0,53,42,0,42,95
07/31/2005,RYY,GA,ASO,ES,Federal Contract Tower,0,16,53,0,69,0,6,67,0,73,0,22,120,0,142,232,0,232,374
08/01/2005,RYY,GA,ASO,ES,Federal Contract Tower,0,13,57,0,70,0,2,57,2,61,0,15,114,2,131,101,0,101,232
08/02/2005,RYY,GA,ASO,ES,Federal Contract Tower,0,6,35,0,41,0,1,129,0,130,0,7,164,0,171,216,0,216,387
08/03/2005,RYY,GA,ASO,ES,Federal Contract Tower,0,10,58,0,68,0,5,163,0,168,0,15,221,0,236,210,0,210,446
08/04/2005,RYY,GA,ASO,ES,Federal Contract Tower,0,7,61,0,68,0,0,144,2,146,0,7,205,2,214,250,8,258,472
08/05/2005,RYY,GA,ASO,ES,Federal Contract Tower,0,5,57,1,63,0,6,113,1,120,0,11,170,2,183,109,0,109,292
08/06/2005,RYY,GA,ASO,ES,Federal Contract Tower,0,4,36,1,41,0,0,121,1,122,0,4,157,2,163,258,0,258,421
08/07/2005,RYY,GA,ASO,ES,Federal Contract Tower,0,7,41,0,48,0,0,8,0,8,0,7,49,0,56,8,0,8,64
08/08/2005,RYY,GA,ASO,ES,Federal Contract Tower,0,7,45,2,54,0,0,43,0,43,0,7,88,2,97,124,0,124,221
08/09/2005,RYY,GA,ASO,ES,Federal Contract Tower,0,7,54,8,69,0,5,56,3,64,0,12,110,11,133,139,0,139,272
08/10/2005,RYY,GA,ASO,ES,Federal Contract Tower,0,17,43,0,60,0,0,78,8,86,0,17,121,8,146,95,0,95,241
08/11/2005,RYY,GA,ASO,ES,Federal Contract Tower,0,13,79,2,94,0,5,104,4,113,0,18,183,6,207,150,0,150,357
08/12/2005,RYY,GA,ASO,ES,Federal Contract Tower,0,12,67,1,80,0,2,83,1,86,0,14,150,2,166,192,0,192,358
08/13/2005,RYY,GA,ASO,ES,Federal Contract Tower,0,2,68,0,70,0,5,107,0,112,0,7,175,0,182,187,13,200,382
08/14/2005,RYY,GA,ASO,ES,Federal Contract Tower,0,10,37,1,48,0,5,176,1,182,0,15,213,2,230,200,0,200,430
08/15/2005,RYY,GA,ASO,ES,Federal Contract Tower,0,7,46,0,53,0,1,114,3,118,0,8,160,3,171,112,0,112,283
08/16/2005,RYY,GA,ASO,ES,Federal Contract Tower,0,7,51,0,58,0,6,101,3,110,0,13,152,3,168,158,9,167,335
08/17/2005,RYY,GA,ASO,ES,Federal Contract Tower,0,7,49,0,56,0,2,111,2,115,0,9,160,2,171,117,0,117,288
08/18/2005,RYY,GA,ASO,ES,Federal Contract Tower,0,11,54,0,65,0,6,82,0,88,0,17,136,0,153,174,0,174,327
08/19/2005,RYY,GA,ASO,ES,Federal Contract Tower,0,7,63,0,70,0,4,138,2,144,0,11,201,2,214,196,0,196,410
08/20/2005,RYY,GA,ASO,ES,Federal Contract Tower,0,8,33,0,41,0,2,211,3,216,0,10,244,3,257,214,0,214,471
08/21/2005,RYY,GA,ASO,ES,Federal Contract Tower,0,13,56,0,69,0,0,94,3,97,0,13,150,3,166,173,0,173,339
08/22/2005,RYY,GA,ASO,ES,Federal Contract Tower,0,8,51,0,59,0,1,93,0,94,0,9,144,0,153,78,0,78,231
08/23/2005,RYY,GA,ASO,ES,Federal Contract Tower,0,11,55,0,66,0,3,53,5,61,0,14,108,5,127,101,0,101,228
08/24/2005,RYY,GA,ASO,ES,Federal Contract Tower,0,12,68,2,82,0,0,12,5,17,0,12,80,7,99,88,0,88,187
08/25/2005,RYY,GA,ASO,ES,Federal Contract Tower,0,11,80,0,91,0,9,69,4,82,0,20,149,4,173,149,0,149,322
08/26/2005,RYY,GA,ASO,ES,Federal Contract Tower,0,10,52,0,62,0,2,159,3,164,0,12,211,3,226,196,10,206,432
08/27/2005,RYY,GA,ASO,ES,Federal Contract Tower,0,4,40,0,44,0,1,232,2,235,0,5,272,2,279,183,0,183,462
08/28/2005,RYY,GA,ASO,ES,Federal Contract Tower,0,14,41,0,55,0,0,98,0,98,0,14,139,0,153,226,0,226,379
08/29/2005,RYY,GA,ASO,ES,Federal Contract Tower,0,8,25,0,33,0,3,30,0,33,0,11,55,0,66,16,0,16,82
08/30/2005,RYY,GA,ASO,ES,Federal Contract Tower,0,15,26,0,41,0,2,22,0,24,0,17,48,0,65,22,0,22,87
08/31/2005,RYY,GA,ASO,ES,Federal Contract Tower,0,13,63,0,76,0,1,173,3,177,0,14,236,3,253,97,0,97,350
09/01/2005,RYY,GA,ASO,ES,Federal Contract Tower,0,17,78,0,95,0,4,166,1,171,0,21,244,1,266,115,0,115,381
09/02/2005,RYY,GA,ASO,ES,Federal Contract Tower,0,11,63,4,78,0,0,154,0,154,0,11,217,4,232,104,0,104,336
09/03/2005,RYY,GA,ASO,ES,Federal Contract Tower,0,8,38,0,46,0,7,162,1,170,0,15,200,1,216,164,1,165,381
09/04/2005,RYY,GA,ASO,ES,Federal Contract Tower,0,17,26,0,43,0,10,135,0,145,0,27,161,0,188,79,0,79,267
09/05/2005,RYY,GA,ASO,ES,Federal Contract Tower,0,15,56,2,73,0,0,158,0,158,0,15,214,2,231,71,0,71,302
09/06/2005,RYY,GA,ASO,ES,Federal Contract Tower,0,17,41,0,58,0,5,102,3,110,0,22,143,3,168,53,0,53,221
09/07/2005,RYY,GA,ASO,ES,Federal Contract Tower,0,16,54,0,70,0,5,146,5,156,0,21,200,5,226,100,0,100,326
09/08/2005,RYY,GA,ASO,ES,Federal Contract Tower,0,18,57,0,75,0,1,151,2,154,0,19,208,2,229,140,0,140,369
09/09/2005,RYY,GA,ASO,ES,Federal Contract Tower,0,14,45,0,59,0,11,175,2,188,0,25,220,2,247,134,0,134,381
09/10/2005,RYY,GA,ASO,ES,Federal Contract Tower,0,18,22,0,40,0,0,267,6,273,0,18,289,6,313,201,0,201,514
09/11/2005,RYY,GA,ASO,ES,Federal Contract Tower,0,17,31,0,48,0,0,151,0,151,0,17,182,0,199,194,0,194,393
09/12/2005,RYY,GA,ASO,ES,Federal Contract Tower,0,11,27,0,38,0,2,103,0,105,0,13,130,0,143,48,0,48,191
09/13/2005,RYY,GA,ASO,ES,Federal Contract Tower,0,7,53,0,60,0,3,84,0,87,0,10,137,0,147,239,0,239,386
09/14/2005,RYY,GA,ASO,ES,Federal Contract Tower,0,11,52,1,64,0,3,140,1,144,0,14,192,2,208,143,0,143,351
09/15/2005,RYY,GA,ASO,ES,Federal Contract Tower,0,16,53,0,69,0,0,125,2,127,0,16,178,2,196,170,0,170,366
09/16/2005,RYY,GA,ASO,ES,Federal Contract Tower,0,12,52,0,64,0,8,110,0,118,0,20,162,0,182,235,0,235,417
09/17/2005,RYY,GA,ASO,ES,Federal Contract Tower,0,10,35,0,45,0,0,164,0,164,0,10,199,0,209,162,0,162,371
09/18/2005,RYY,GA,ASO,ES,Federal Contract Tower,0,11,42,0,53,0,3,170,0,173,0,14,212,0,226,138,0,138,364
09/19/2005,RYY,GA,ASO,ES,Federal Contract Tower,0,15,39,0,54,0,8,105,2,115,0,23,144,2,169,123,0,123,292
09/20/2005,RYY,GA,ASO,ES,Federal Contract Tower,0,12,47,1,60,0,4,120,3,127,0,16,167,4,187,223,0,223,410
09/21/2005,RYY,GA,ASO,ES,Federal Contract Tower,0,12,47,0,59,0,0,107,0,107,0,12,154,0,166,141,0,141,307
09/22/2005,RYY,GA,ASO,ES,Federal Contract Tower,0,16,52,0,68,0,11,67,0,78,0,27,119,0,146,63,22,85,231
09/23/2005,RYY,GA,ASO,ES,Federal Contract Tower,0,16,53,0,69,0,4,142,0,146,0,20,195,0,215,118,0,118,333
09/24/2005,RYY,GA,ASO,ES,Federal Contract Tower,0,2,41,0,43,0,1,110,0,111,0,3,151,0,154,88,0,88,242
09/25/2005,RYY,GA,ASO,ES,Federal Contract Tower,0,11,35,0,46,0,3,36,0,39,0,14,71,0,85,16,0,16,101
09/26/2005,RYY,GA,ASO,ES,Federal Contract Tower,0,17,35,0,52,0,3,5,0,8,0,20,40,0,60,0,0,0,60
09/27/2005,RYY,GA,ASO,ES,Federal Contract Tower,0,7,42,0,49,0,7,81,4,92,0,14,123,4,141,96,0,96,237
09/28/2005,RYY,GA,ASO,ES,Federal Contract Tower,0,11,59,0,70,0,1,94,0,95,0,12,153,0,165,198,0,198,363
09/29/2005,RYY,GA,ASO,ES,Federal Contract Tower,0,15,50,0,65,0,3,81,2,86,0,18,131,2,151,83,0,83,234
09/30/2005,RYY,GA,ASO,ES,Federal Contract Tower,0,14,52,2,68,0,9,169,3,181,0,23,221,5,249,210,0,210,459
10/01/2005,RYY,GA,ASO,ES,Federal Contract Tower,0,6,51,0,57,0,0,90,1,91,0,6,141,1,148,177,0,177,325
10/02/2005,RYY,GA,ASO,ES,Federal Contract Tower,0,15,53,0,68,0,1,106,1,108,0,16,159,1,176,153,0,153,329
10/03/2005,RYY,GA,ASO,ES,Federal Contract Tower,0,8,56,0,64,0,8,110,4,122,0,16,166,4,186,92,0,92,278
10/04/2005,RYY,GA,ASO,ES,Federal Contract Tower,0,13,40,0,53,0,3,110,0,113,0,16,150,0,166,129,0,129,295
10/05/2005,RYY,GA,ASO,ES,Federal Contract Tower,0,6,69,0,75,0,0,73,0,73,0,6,142,0,148,161,0,161,309
10/06/2005,RYY,GA,ASO,ES,Federal Contract Tower,0,12,37,0,49,0,1,2,0,3,0,13,39,0,52,0,0,0,52
10/07/2005,RYY,GA,ASO,ES,Federal Contract Tower,0,8,70,0,78,0,0,0,0,0,0,8,70,0,78,0,0,0,78
10/08/2005,RYY,GA,ASO,ES,Federal Contract Tower,0,6,46,0,52,0,3,81,1,85,0,9,127,1,137,73,0,73,210
10/09/2005,RYY,GA,ASO,ES,Federal Contract Tower,0,9,59,0,68,0,0,0,0,0,0,9,59,0,68,0,0,0,68
10/10/2005,RYY,GA,ASO,ES,Federal Contract Tower,0,14,42,0,56,0,0,5,0,5,0,14,47,0,61,16,0,16,77
10/11/2005,RYY,GA,ASO,ES,Federal Contract Tower,0,8,47,0,55,0,3,104,0,107,0,11,151,0,162,194,0,194,356
10/12/2005,RYY,GA,ASO,ES,Federal Contract Tower,0,18,72,0,90,0,4,93,0,97,0,22,165,0,187,160,0,160,347
10/13/2005,RYY,GA,ASO,ES,Federal Contract Tower,0,4,74,3,81,0,3,94,0,97,0,7,168,3,178,110,0,110,288
10/14/2005,RYY,GA,ASO,ES,Federal Contract Tower,0,13,67,0,80,0,3,142,0,145,0,16,209,0,225,65,0,65,290
10/15/2005,RYY,GA,ASO,ES,Federal Contract Tower,0,6,37,0,43,0,5,219,4,228,0,11,256,4,271,114,0,114,385
10/16/2005,RYY,GA,ASO,ES,Federal Contract Tower,0,9,52,0,61,0,0,197,0,197,0,9,249,0,258,71,0,71,329
10/17/2005,RYY,GA,ASO,ES,Federal Contract Tower,0,12,41,1,54,0,0,116,0,116,0,12,157,1,170,117,0,117,287
10/18/2005,RYY,GA,ASO,ES,Federal Contract Tower,0,14,59,0,73,0,5,185,2,192,0,19,244,2,265,121,0,121,386
10/19/2005,RYY,GA,ASO,ES,Federal Contract Tower,0,11,63,0,74,0,3,155,0,158,0,14,218,0,232,132,0,132,364
10/20/2005,RYY,GA,ASO,ES,Federal Contract Tower,0,12,72,0,84,0,5,148,2,155,0,17,220,2,239,86,0,86,325
10/21/2005,RYY,GA,ASO,ES,Federal Contract Tower,0,15,66,0,81,0,7,157,0,164,0,22,223,0,245,102,6,108,353
10/22/2005,RYY,GA,ASO,ES,Federal Contract Tower,0,3,64,0,67,0,7,68,0,75,0,10,132,0,142,134,0,134,276
10/23/2005,RYY,GA,ASO,ES,Federal Contract Tower,0,4,53,0,57,0,0,194,0,194,0,4,247,0,251,216,0,216,467
10/24/2005,RYY,GA,ASO,ES,Federal Contract Tower,0,7,37,0,44,0,3,33,0,36,0,10,70,0,80,7,0,7,87
10/25/2005,RYY,GA,ASO,ES,Federal Contract Tower,0,13,49,0,62,0,5,71,1,77,0,18,120,1,139,83,0,83,222
10/26/2005,RYY,GA,ASO,ES,Federal Contract Tower,0,18,51,0,69,0,7,148,4,159,0,25,199,4,228,75,0,75,303
10/27/2005,RYY,GA,ASO,ES,Federal Contract Tower,0,18,47,0,65,0,6,186,0,192,0,24,233,0,257,136,0,136,393
10/28/2005,RYY,GA,ASO,ES,Federal Contract Tower,0,7,52,0,59,0,6,153,1,160,0,13,205,1,219,129,0,129,348
10/29/2005,RYY,GA,ASO,ES,Federal Contract Tower,0,2,37,0,39,0,2,220,4,226,0,4,257,4,265,136,0,136,401
10/30/2005,RYY,GA,ASO,ES,Federal Contract Tower,0,5,46,0,51,0,0,196,0,196,0,5,242,0,247,152,15,167,414
10/31/2005,RYY,GA,ASO,ES,Federal Contract Tower,0,5,31,2,38,0,8,93,3,104,0,13,124,5,142,82,0,82,224
11/01/2005,RYY,GA,ASO,ES,Federal Contract Tower,0,16,56,0,72,0,1,111,1,113,0,17,167,1,185,150,0,150,335
11/02/2005,RYY,GA,ASO,ES,Federal Contract Tower,0,11,67,0,78,0,1,158,0,159,0,12,225,0,237,147,0,147,384
11/03/2005,RYY,GA,ASO,ES,Federal Contract Tower,0,24,53,0,77,0,3,160,4,167,0,27,213,4,244,141,0,141,385
11/04/2005,RYY,GA,ASO,ES,Federal Contract Tower,0,14,56,0,70,0,1,191,5,197,0,15,247,5,267,150,0,150,417
11/05/2005,RYY,GA,ASO,ES,Federal Contract Tower,0,4,41,0,45,0,2,207,1,210,0,6,248,1,255,179,0,179,434
11/06/2005,RYY,GA,ASO,ES,Federal Contract Tower,0,8,63,0,71,0,3,91,0,94,0,11,154,0,165,112,0,112,277
11/07/2005,RYY,GA,ASO,ES,Federal Contract Tower,0,16,49,0,65,0,2,124,1,127,0,18,173,1,192,70,0,70,262
11/08/2005,RYY,GA,ASO,ES,Federal Contract Tower,0,8,44,0,52,0,4,104,2,110,0,12,148,2,162,79,0,79,241
11/09/2005,RYY,GA,ASO,ES,Federal Contract Tower,0,6,54,0,60,0,10,135,4,149,0,16,189,4,209,124,1,125,334
11/10/2005,RYY,GA,ASO,ES,Federal Contract Tower,0,20,51,0,71,0,6,86,0,92,0,26,137,0,163,26,0,26,189
11/11/2005,RYY,GA,ASO,ES,Federal Contract Tower,0,11,43,0,54,0,7,177,2,186,0,18,220,2,240,65,0,65,305
11/12/2005,RYY,GA,ASO,ES,Federal Contract Tower,0,3,43,0,46,0,4,235,0,239,0,7,278,0,285,177,0,177,462
11/13/2005,RYY,GA,ASO,ES,Federal Contract Tower,0,8,56,1,65,0,0,44,1,45,0,8,100,2,110,90,0,90,200
11/14/2005,RYY,GA,ASO,ES,Federal Contract Tower,0,8,53,0,61,0,1,98,2,101,0,9,151,2,162,48,0,48,210
11/15/2005,RYY,GA,ASO,ES,Federal Contract Tower,0,10,47,0,57,0,6,42,0,48,0,16,89,0,105,55,0,55,160
11/16/2005,RYY,GA,ASO,ES,Federal Contract Tower,0,13,44,2,59,0,2,49,0,51,0,15,93,2,110,48,0,48,158
11/17/2005,RYY,GA,ASO,ES,Federal Contract Tower,0,13,68,9,90,0,4,135,0,139,0,17,203,9,229,23,0,23,252
11/18/2005,RYY,GA,ASO,ES,Federal Contract Tower,0,12,65,2,79,0,4,172,1,177,0,16,237,3,256,145,0,145,401
11/19/2005,RYY,GA,ASO,ES,Federal Contract Tower,0,3,42,0,45,0,3,209,4,216,0,6,251,4,261,227,0,227,488
11/20/2005,RYY,GA,ASO,ES,Federal Contract Tower,0,7,59,2,68,0,3,56,0,59,0,10,115,2,127,114,0,114,241
11/21/2005,RYY,GA,ASO,ES,Federal Contract Tower,0,6,39,3,48,0,0,0,0,0,0,6,39,3,48,0,0,0,48
11/22/2005,RYY,GA,ASO,ES,Federal Contract Tower,0,7,69,3,79,0,5,56,0,61,0,12,125,3,140,6,0,6,146
11/23/2005,RYY,GA,ASO,ES,Federal Contract Tower,0,22,74,1,97,0,0,173,0,173,0,22,247,1,270,90,14,104,374
11/24/2005,RYY,GA,ASO,ES,Federal Contract Tower,0,2,18,0,20,0,2,35,0,37,0,4,53,0,57,16,0,16,73
11/25/2005,RYY,GA,ASO,ES,Federal Contract Tower,0,2,30,0,32,0,4,164,0,168,0,6,194,0,200,99,0,99,299
11/26/2005,RYY,GA,ASO,ES,Federal Contract Tower,0,7,56,0,63,0,5,113,1,119,0,12,169,1,182,85,0,85,267
11/27/2005,RYY,GA,ASO,ES,Federal Contract Tower,0,14,91,0,105,0,0,8,0,8,0,14,99,0,113,72,0,72,185
11/28/2005,RYY,GA,ASO,ES,Federal Contract Tower,0,11,36,1,48,0,0,2,0,2,0,11,38,1,50,0,0,0,50
11/29/2005,RYY,GA,ASO,ES,Federal Contract Tower,0,13,38,0,51,0,1,62,2,65,0,14,100,2,116,58,2,60,176
11/30/2005,RYY,GA,ASO,ES,Federal Contract Tower,0,4,60,0,64,0,0,105,6,111,0,4,165,6,175,121,4,125,300
12/01/2005,RYY,GA,ASO,ES,Federal Contract Tower,0,13,46,1,60,0,0,131,5,136,0,13,177,6,196,108,0,108,304
12/02/2005,RYY,GA,ASO,ES,Federal Contract Tower,0,12,46,0,58,0,4,165,3,172,0,16,211,3,230,128,0,128,358
12/03/2005,RYY,GA,ASO,ES,Federal Contract Tower,0,1,29,0,30,0,3,52,2,57,0,4,81,2,87,140,0,140,227
12/04/2005,RYY,GA,ASO,ES,Federal Contract Tower,0,10,40,0,50,0,0,17,0,17,0,10,57,0,67,142,0,142,209
12/05/2005,RYY,GA,ASO,ES,Federal Contract Tower,0,14,41,0,55,0,2,7,0,9,0,16,48,0,64,0,0,0,64
12/06/2005,RYY,GA,ASO,ES,Federal Contract Tower,0,8,52,0,60,0,4,103,2,109,0,12,155,2,169,129,0,129,298
12/07/2005,RYY,GA,ASO,ES,Federal Contract Tower,0,13,46,0,59,0,1,128,0,129,0,14,174,0,188,185,0,185,373
12/08/2005,RYY,GA,ASO,ES,Federal Contract Tower,0,9,49,0,58,0,0,8,0,8,0,9,57,0,66,8,0,8,74
12/09/2005,RYY,GA,ASO,ES,Federal Contract Tower,0,6,43,0,49,0,6,86,0,92,0,12,129,0,141,72,0,72,213
12/10/2005,RYY,GA,ASO,ES,Federal Contract Tower,0,4,31,0,35,0,0,232,2,234,0,4,263,2,269,116,0,116,385
12/11/2005,RYY,GA,ASO,ES,Federal Contract Tower,0,11,29,0,40,0,3,144,2,149,0,14,173,2,189,72,0,72,261
12/12/2005,RYY,GA,ASO,ES,Federal Contract Tower,0,9,44,2,55,0,9,112,3,124,0,18,156,5,179,31,0,31,210
12/13/2005,RYY,GA,ASO,ES,Federal Contract Tower,0,4,51,0,55,0,1,122,4,127,0,5,173,4,182,77,0,77,259
12/14/2005,RYY,GA,ASO,ES,Federal Contract Tower,0,5,49,0,54,0,3,43,0,46,0,8,92,0,100,30,0,30,130
12/15/2005,RYY,GA,ASO,ES,Federal Contract Tower,0,9,32,4,45,0,0,0,0,0,0,9,32,4,45,2,0,2,47
12/16/2005,RYY,GA,ASO,ES,Federal Contract Tower,0,9,68,0,77,0,5,148,2,155,0,14,216,2,232,118,0,118,350
12/17/2005,RYY,GA,ASO,ES,Federal Contract Tower,0,4,25,0,29,0,0,117,4,121,0,4,142,4,150,183,0,183,333
12/18/2005,RYY,GA,ASO,ES,Federal Contract Tower,0,3,32,0,35,0,0,134,0,134,0,3,166,0,169,82,0,82,251
12/19/2005,RYY,GA,ASO,ES,Federal Contract Tower,0,8,40,0,48,0,5,119,6,130,0,13,159,6,178,79,0,79,257
12/20/2005,RYY,GA,ASO,ES,Federal Contract Tower,0,8,43,0,51,0,3,137,1,141,0,11,180,1,192,88,0,88,280
12/21/2005,RYY,GA,ASO,ES,Federal Contract Tower,0,7,57,1,65,0,11,147,2,160,0,18,204,3,225,95,0,95,320
12/22/2005,RYY,GA,ASO,ES,Federal Contract Tower,0,11,42,0,53,0,2,168,2,172,0,13,210,2,225,85,0,85,310
12/23/2005,RYY,GA,ASO,ES,Federal Contract Tower,0,10,53,0,63,0,5,194,5,204,0,15,247,5,267,79,0,79,346
12/24/2005,RYY,GA,ASO,ES,Federal Contract Tower,0,13,21,0,34,0,0,40,0,40,0,13,61,0,74,28,0,28,102
12/25/2005,RYY,GA,ASO,ES,Federal Contract Tower,0,8,15,0,23,0,0,0,0,0,0,8,15,0,23,0,0,0,23
12/26/2005,RYY,GA,ASO,ES,Federal Contract Tower,0,9,48,1,58,0,7,37,1,45,0,16,85,2,103,48,4,52,155
12/27/2005,RYY,GA,ASO,ES,Federal Contract Tower,0,12,52,0,64,0,2,174,1,177,0,14,226,1,241,89,0,89,330
12/28/2005,RYY,GA,ASO,ES,Federal Contract Tower,0,7,36,0,43,0,3,4,0,7,0,10,40,0,50,6,0,6,56
12/29/2005,RYY,GA,ASO,ES,Federal Contract Tower,0,11,67,0,78,0,5,77,0,82,0,16,144,0,160,93,0,93,253
12/30/2005,RYY,GA,ASO,ES,Federal Contract Tower,0,4,67,1,72,0,5,162,0,167,0,9,229,1,239,43,0,43,282
12/31/2005,RYY,GA,ASO,ES,Federal Contract Tower,0,5,16,0,21,0,3,141,0,144,0,8,157,0,165,138,0,138,303
01/01/2006,RYY,GA,ASO,ES,Federal Contract Tower,0,10,45,0,55,0,6,54,0,60,0,16,99,0,115,32,0,32,147
01/02/2006,RYY,GA,ASO,ES,Federal Contract Tower,0,7,25,2,34,0,0,3,0,3,0,7,28,2,37,0,0,0,37
01/03/2006,RYY,GA,ASO,ES,Federal Contract Tower,0,12,68,1,81,0,5,60,1,66,0,17,128,2,147,68,0,68,215
01/04/2006,RYY,GA,ASO,ES,Federal Contract Tower,0,8,41,0,49,0,1,125,1,127,0,9,166,1,176,91,0,91,267
01/05/2006,RYY,GA,ASO,ES,Federal Contract Tower,0,8,57,0,65,0,0,68,0,68,0,8,125,0,133,6,0,6,139
01/06/2006,RYY,GA,ASO,ES,Federal Contract Tower,0,3,59,0,62,0,4,51,3,58,0,7,110,3,120,42,2,44,164
01/07/2006,RYY,GA,ASO,ES,Federal Contract Tower,0,13,29,0,42,0,0,206,2,208,0,13,235,2,250,180,0,180,430
01/08/2006,RYY,GA,ASO,ES,Federal Contract Tower,0,9,44,0,53,0,0,167,2,169,0,9,211,2,222,106,0,106,328
01/09/2006,RYY,GA,ASO,ES,Federal Contract Tower,0,9,34,0,43,0,1,75,0,76,0,10,109,0,119,84,0,84,203
01/10/2006,RYY,GA,ASO,ES,Federal Contract Tower,0,6,53,0,59,0,5,64,4,73,0,11,117,4,132,54,0,54,186
01/11/2006,RYY,GA,ASO,ES,Federal Contract Tower,0,12,59,0,71,0,0,47,2,49,0,12,106,2,120,40,0,40,160
01/12/2006,RYY,GA,ASO,ES,Federal Contract Tower,0,10,57,1,68,0,5,128,1,134,0,15,185,2,202,60,0,60,262
01/13/2006,RYY,GA,ASO,ES,Federal Contract Tower,0,13,33,0,46,0,2,33,0,35,0,15,66,0,81,15,0,15,96
01/14/2006,RYY,GA,ASO,ES,Federal Contract Tower,0,2,17,0,19,0,1,18,3,22,0,3,35,3,41,0,0,0,41
01/15/2006,RYY,GA,ASO,ES,Federal Contract Tower,0,9,40,0,49,0,0,193,2,195,0,9,233,2,244,124,0,124,368
01/16/2006,RYY,GA,ASO,ES,Federal Contract Tower,0,11,66,0,77,0,5,74,0,79,0,16,140,0,156,79,0,79,235
01/17/2006,RYY,GA,ASO,ES,Federal Contract Tower,0,12,37,0,49,0,3,5,0,8,0,15,42,0,57,4,0,4,61
01/18/2006,RYY,GA,ASO,ES,Federal Contract Tower,0,15,62,0,77,0,2,125,0,127,0,17,187,0,204,93,0,93,297
01/19/2006,RYY,GA,ASO,ES,Federal Contract Tower,0,14,58,0,72,0,5,151,5,161,0,19,209,5,233,126,0,126,359
01/20/2006,RYY,GA,ASO,ES,Federal Contract Tower,0,11,47,0,58,0,0,122,0,122,0,11,169,0,180,110,0,110,290
01/21/2006,RYY,GA,ASO,ES,Federal Contract Tower,0,4,46,0,50,0,0,3,0,3,0,4,49,0,53,0,0,0,53
01/22/2006,RYY,GA,ASO,ES,Federal Contract Tower,0,5,32,0,37,0,0,0,0,0,0,5,32,0,37,0,0,0,37
01/23/2006,RYY,GA,ASO,ES,Federal Contract Tower,0,15,37,0,52,0,0,0,0,0,0,15,37,0,52,0,0,0,52
01/24/2006,RYY,GA,ASO,ES,Federal Contract Tower,0,11,52,0,63,0,6,99,0,105,0,17,151,0,168,102,0,102,270
01/25/2006,RYY,GA,ASO,ES,Federal Contract Tower,0,10,43,0,53,0,5,71,0,76,0,15,114,0,129,4,0,4,133
01/26/2006,RYY,GA,ASO,ES,Federal Contract Tower,0,7,64,5,76,0,7,123,7,137,0,14,187,12,213,62,0,62,275
01/27/2006,RYY,GA,ASO,ES,Federal Contract Tower,0,7,63,0,70,0,6,199,3,208,0,13,262,3,278,109,0,109,387
01/28/2006,RYY,GA,ASO,ES,Federal Contract Tower,0,6,39,0,45,0,3,244,2,249,0,9,283,2,294,185,0,185,479
01/29/2006,RYY,GA,ASO,ES,Federal Contract Tower,0,8,48,0,56,0,4,71,0,75,0,12,119,0,131,88,0,88,219
01/30/2006,RYY,GA,ASO,ES,Federal Contract Tower,0,7,44,0,51,0,3,38,0,41,0,10,82,0,92,82,0,82,174
01/31/2006,RYY,GA,ASO,ES,Federal Contract Tower,0,16,51,0,67,0,6,122,0,128,0,22,173,0,195,129,0,129,324
02/01/2006,RYY,GA,ASO,ES,Federal Contract Tower,0,19,43,4,66,0,5,205,0,210,0,24,248,4,276,160,0,160,436
02/02/2006,RYY,GA,ASO,ES,Federal Contract Tower,0,17,60,0,77,0,0,29,0,29,0,17,89,0,106,64,0,64,170
02/03/2006,RYY,GA,ASO,ES,Federal Contract Tower,0,13,51,0,64,0,3,147,0,150,0,16,198,0,214,102,0,102,316
02/04/2006,RYY,GA,ASO,ES,Federal Contract Tower,0,4,25,0,29,0,3,24,0,27,0,7,49,0,56,69,0,69,125
02/05/2006,RYY,GA,ASO,ES,Federal Contract Tower,0,5,40,0,45,0,0,143,0,143,0,5,183,0,188,72,0,72,260
02/06/2006,RYY,GA,ASO,ES,Federal Contract Tower,0,13,39,0,52,0,0,8,0,8,0,13,47,0,60,0,0,0,60
02/07/2006,RYY,GA,ASO,ES,Federal Contract Tower,0,8,72,2,82,0,0,49,0,49,0,8,121,2,131,61,0,61,192
02/08/2006,RYY,GA,ASO,ES,Federal Contract Tower,0,13,73,0,86,0,2,152,5,159,0,15,225,5,245,87,0,87,332
02/09/2006,RYY,GA,ASO,ES,Federal Contract Tower,0,16,65,2,83,0,0,121,0,121,0,16,186,2,204,69,0,69,273
02/10/2006,RYY,GA,ASO,ES,Federal Contract Tower,0,17,45,6,68,0,0,127,0,127,0,17,172,6,195,78,0,78,273
02/11/2006,RYY,GA,ASO,ES,Federal Contract Tower,0,7,18,0,25,0,0,3,0,3,0,7,21,0,28,0,0,0,28
02/12/2006,RYY,GA,ASO,ES,Federal Contract Tower,0,8,38,0,46,0,3,26,0,29,0,11,64,0,75,112,18,130,205
02/13/2006,RYY,GA,ASO,ES,Federal Contract Tower,0,12,42,0,54,0,3,76,0,79,0,15,118,0,133,100,0,100,233
02/14/2006,RYY,GA,ASO,ES,Federal Contract Tower,0,11,29,0,40,0,5,128,1,134,0,16,157,1,174,98,0,98,272
02/15/2006,RYY,GA,ASO,ES,Federal Contract Tower,0,9,56,0,65,0,2,135,0,137,0,11,191,0,202,98,0,98,300
02/16/2006,RYY,GA,ASO,ES,Federal Contract Tower,0,10,64,0,74,0,3,144,2,149,0,13,208,2,223,102,0,102,325
02/17/2006,RYY,GA,ASO,ES,Federal Contract Tower,0,14,72,0,86,0,3,97,0,100,0,17,169,0,186,115,0,115,301
02/18/2006,RYY,GA,ASO,ES,Federal Contract Tower,0,7,37,0,44,0,1,8,0,9,0,8,45,0,53,6,0,6,59
02/19/2006,RYY,GA,ASO,ES,Federal Contract Tower,0,9,26,0,35,0,0,2,0,2,0,9,28,0,37,6,0,6,43
02/20/2006,RYY,GA,ASO,ES,Federal Contract Tower,0,13,0,0,13,14,39,0,0,53,14,52,0,0,66,0,0,0,66
02/21/2006,RYY,GA,ASO,ES,Federal Contract Tower,0,11,45,0,56,0,2,49,0,51,0,13,94,0,107,77,0,77,184
02/22/2006,RYY,GA,ASO,ES,Federal Contract Tower,0,21,48,0,69,0,0,0,0,0,0,21,48,0,69,0,0,0,69
02/23/2006,RYY,GA,ASO,ES,Federal Contract Tower,0,17,75,0,92,0,6,93,0,99,0,23,168,0,191,63,0,63,254
02/24/2006,RYY,GA,ASO,ES,Federal Contract Tower,0,5,78,0,83,0,3,193,6,202,0,8,271,6,285,198,0,198,483
02/25/2006,RYY,GA,ASO,ES,Federal Contract Tower,0,3,18,1,22,0,0,3,0,3,0,3,21,1,25,0,0,0,25
02/26/2006,RYY,GA,ASO,ES,Federal Contract Tower,0,16,49,0,65,0,1,131,4,136,0,17,180,4,201,14,14,28,229
02/27/2006,RYY,GA,ASO,ES,Federal Contract Tower,0,9,39,1,49,0,2,171,1,174,0,11,210,2,223,133,0,133,356
02/28/2006,RYY,GA,ASO,ES,Federal Contract Tower,0,6,44,0,50,0,4,121,1,126,0,10,165,1,176,122,0,122,298
03/01/2006,RYY,GA,ASO,ES,Federal Contract Tower,0,16,61,0,77,0,4,129,2,135,0,20,190,2,212,135,0,135,347
03/02/2006,RYY,GA,ASO,ES,Federal Contract Tower,0,17,91,0,108,0,4,59,0,63,0,21,150,0,171,46,0,46,217
03/03/2006,RYY,GA,ASO,ES,Federal Contract Tower,0,8,64,0,72,0,8,108,3,119,0,16,172,3,191,37,0,37,228
03/04/2006,RYY,GA,ASO,ES,Federal Contract Tower,0,8,48,0,56,0,8,235,2,245,0,16,283,2,301,123,0,123,424
03/05/2006,RYY,GA,ASO,ES,Federal Contract Tower,0,6,49,0,55,0,1,242,3,246,0,7,291,3,301,121,2,123,424
03/06/2006,RYY,GA,ASO,ES,Federal Contract Tower,0,16,58,0,74,0,1,79,0,80,0,17,137,0,154,70,0,70,224
03/07/2006,RYY,GA,ASO,ES,Federal Contract Tower,0,12,48,0,60,0,1,121,0,122,0,13,169,0,182,119,0,119,301
03/08/2006,RYY,GA,ASO,ES,Federal Contract Tower,0,9,45,0,54,0,3,159,1,163,0,12,204,1,217,104,0,104,321
03/09/2006,RYY,GA,ASO,ES,Federal Contract Tower,0,10,80,0,90,0,5,47,0,52,0,15,127,0,142,85,0,85,227
03/10/2006,RYY,GA,ASO,ES,Federal Contract Tower,0,7,58,0,65,0,4,147,2,153,0,11,205,2,218,61,0,61,279
03/11/2006,RYY,GA,ASO,ES,Federal Contract Tower,0,6,56,0,62,0,7,132,1,140,0,13,188,1,202,128,0,128,330
03/12/2006,RYY,GA,ASO,ES,Federal Contract Tower,0,6,64,1,71,0,2,104,1,107,0,8,168,2,178,122,0,122,300
03/13/2006,RYY,GA,ASO,ES,Federal Contract Tower,0,12,71,1,84,0,0,35,0,35,0,12,106,1,119,0,87,87,206
03/14/2006,RYY,GA,ASO,ES,Federal Contract Tower,0,8,30,1,39,0,0,55,0,55,0,8,85,1,94,6,0,6,100
03/15/2006,RYY,GA,ASO,ES,Federal Contract Tower,0,17,55,0,72,0,5,154,4,163,0,22,209,4,235,86,0,86,321
03/16/2006,RYY,GA,ASO,ES,Federal Contract Tower,0,9,47,0,56,0,4,132,3,139,0,13,179,3,195,79,0,79,274
03/17/2006,RYY,GA,ASO,ES,Federal Contract Tower,0,9,57,0,66,0,2,121,0,123,0,11,178,0,189,55,0,55,244
03/18/2006,RYY,GA,ASO,ES,Federal Contract Tower,0,8,39,0,47,0,6,246,2,254,0,14,285,2,301,122,0,122,423
03/19/2006,RYY,GA,ASO,ES,Federal Contract Tower,0,7,36,0,43,0,4,71,0,75,0,11,107,0,118,73,0,73,191
03/20/2006,RYY,GA,ASO,ES,Federal Contract Tower,0,6,27,0,33,0,1,22,0,23,0,7,49,0,56,34,0,34,90
03/21/2006,RYY,GA,ASO,ES,Federal Contract Tower,0,15,55,0,70,0,0,30,0,30,0,15,85,0,100,64,0,64,164
03/22/2006,RYY,GA,ASO,ES,Federal Contract Tower,0,18,47,0,65,0,6,129,1,136,0,24,176,1,201,135,0,135,336
03/23/2006,RYY,GA,ASO,ES,Federal Contract Tower,0,13,72,0,85,0,2,56,2,60,0,15,128,2,145,134,0,134,279
03/24/2006,RYY,GA,ASO,ES,Federal Contract Tower,0,12,48,0,60,0,2,94,0,96,0,14,142,0,156,24,0,24,180
03/25/2006,RYY,GA,ASO,ES,Federal Contract Tower,0,4,44,0,48,0,1,112,1,114,0,5,156,1,162,91,0,91,253
03/26/2006,RYY,GA,ASO,ES,Federal Contract Tower,0,10,53,0,63,0,4,178,2,184,0,14,231,2,247,71,0,71,318
03/27/2006,RYY,GA,ASO,ES,Federal Contract Tower,0,15,42,0,57,0,6,164,3,173,0,21,206,3,230,112,2,114,344
03/28/2006,RYY,GA,ASO,ES,Federal Contract Tower,0,9,68,0,77,0,3,22,0,25,0,12,90,0,102,117,0,117,219
03/29/2006,RYY,GA,ASO,ES,Federal Contract Tower,0,16,76,0,92,0,4,156,1,161,0,20,232,1,253,156,0,156,409
03/30/2006,RYY,GA,ASO,ES,Federal Contract Tower,0,15,55,0,70,0,7,172,4,183,0,22,227,4,253,160,6,166,419
03/31/2006,RYY,GA,ASO,ES,Federal Contract Tower,0,11,66,0,77,0,3,149,0,152,0,14,215,0,229,39,0,39,268
04/01/2006,RYY,GA,ASO,ES,Federal Contract Tower,0,9,61,0,70,0,0,87,0,87,0,9,148,0,157,131,0,131,288
04/02/2006,RYY,GA,ASO,ES,Federal Contract Tower,0,10,61,0,71,0,6,108,0,114,0,16,169,0,185,221,0,221,406
04/03/2006,RYY,GA,ASO,ES,Federal Contract Tower,0,16,37,0,53,0,2,44,0,46,0,18,81,0,99,34,0,34,133
04/04/2006,RYY,GA,ASO,ES,Federal Contract Tower,0,9,62,0,71,0,0,140,2,142,0,9,202,2,213,170,2,172,385
04/05/2006,RYY,GA,ASO,ES,Federal Contract Tower,0,11,62,0,73,0,0,114,0,114,0,11,176,0,187,79,0,79,266
04/06/2006,RYY,GA,ASO,ES,Federal Contract Tower,0,12,46,0,58,0,6,141,1,148,0,18,187,1,206,113,0,113,319
04/07/2006,RYY,GA,ASO,ES,Federal Contract Tower,0,15,65,0,80,0,7,99,0,106,0,22,164,0,186,95,0,95,281
04/08/2006,RYY,GA,ASO,ES,Federal Contract Tower,0,7,25,0,32,0,3,34,0,37,0,10,59,0,69,30,0,30,99
04/09/2006,RYY,GA,ASO,ES,Federal Contract Tower,0,13,47,1,61,0,0,182,0,182,0,13,229,1,243,148,0,148,391
04/10/2006,RYY,GA,ASO,ES,Federal Contract Tower,0,14,46,0,60,0,10,153,0,163,0,24,199,0,223,76,0,76,299
04/11/2006,RYY,GA,ASO,ES,Federal Contract Tower,0,13,37,0,50,0,5,108,9,122,0,18,145,9,172,67,8,75,247
04/12/2006,RYY,GA,ASO,ES,Federal Contract Tower,0,15,66,0,81,0,12,156,4,172,0,27,222,4,253,92,0,92,345
04/13/2006,RYY,GA,ASO,ES,Federal Contract Tower,0,9,86,0,95,0,5,100,2,107,0,14,186,2,202,105,0,105,307
04/14/2006,RYY,GA,ASO,ES,Federal Contract Tower,0,13,49,0,62,0,3,197,0,200,0,16,246,0,262,183,0,183,445
04/15/2006,RYY,GA,ASO,ES,Federal Contract Tower,0,3,15,0,18,0,5,200,0,205,0,8,215,0,223,159,0,159,382
04/16/2006,RYY,GA,ASO,ES,Federal Contract Tower,0,10,31,0,41,0,0,91,0,91,0,10,122,0,132,70,0,70,202
04/17/2006,RYY,GA,ASO,ES,Federal Contract Tower,0,22,66,0,88,0,3,104,1,108,0,25,170,1,196,75,1,76,272
04/18/2006,RYY,GA,ASO,ES,Federal Contract Tower,0,9,59,0,68,0,3,130,0,133,0,12,189,0,201,148,0,148,349
04/19/2006,RYY,GA,ASO,ES,Federal Contract Tower,0,14,46,0,60,0,1,40,3,44,0,15,86,3,104,48,0,48,152
04/20/2006,RYY,GA,ASO,ES,Federal Contract Tower,0,18,52,0,70,0,9,87,0,96,0,27,139,0,166,158,0,158,324
04/21/2006,RYY,GA,ASO,ES,Federal Contract Tower,0,4,58,0,62,0,2,60,0,62,0,6,118,0,124,143,0,143,267
04/22/2006,RYY,GA,ASO,ES,Federal Contract Tower,0,12,35,0,47,0,6,78,0,84,0,18,113,0,131,61,0,61,192
04/23/2006,RYY,GA,ASO,ES,Federal Contract Tower,0,7,28,0,35,0,3,201,3,207,0,10,229,3,242,62,0,62,304
04/24/2006,RYY,GA,ASO,ES,Federal Contract Tower,0,15,46,0,61,0,4,126,1,131,0,19,172,1,192,76,0,76,268
04/25/2006,RYY,GA,ASO,ES,Federal Contract Tower,0,12,43,0,55,0,2,117,2,121,0,14,160,2,176,90,0,90,266
04/26/2006,RYY,GA,ASO,ES,Federal Contract Tower,0,13,48,0,61,0,3,17,0,20,0,16,65,0,81,12,0,12,93
04/27/2006,RYY,GA,ASO,ES,Federal Contract Tower,0,14,79,1,94,0,1,148,2,151,0,15,227,3,245,81,2,83,328
04/28/2006,RYY,GA,ASO,ES,Federal Contract Tower,0,15,58,1,74,0,5,221,0,226,0,20,279,1,300,127,0,127,427
04/29/2006,RYY,GA,ASO,ES,Federal Contract Tower,0,6,35,1,42,0,1,80,1,82,0,7,115,2,124,96,0,96,220
04/30/2006,RYY,GA,ASO,ES,Federal Contract Tower,0,10,37,0,47,0,0,37,0,37,0,10,74,0,84,50,0,50,134
05/01/2006,RYY,GA,ASO,ES,Federal Contract Tower,0,10,48,0,58,0,6,134,5,145,0,16,182,5,203,38,4,42,245
05/02/2006,RYY,GA,ASO,ES,Federal Contract Tower,0,18,61,3,82,0,2,83,1,86,0,20,144,4,168,116,0,116,284
05/03/2006,RYY,GA,ASO,ES,Federal Contract Tower,0,19,50,2,71,0,0,110,0,110,0,19,160,2,181,107,0,107,288
05/04/2006,RYY,GA,ASO,ES,Federal Contract Tower,0,23,68,0,91,0,5,85,3,93,0,28,153,3,184,150,0,150,334
05/05/2006,RYY,GA,ASO,ES,Federal Contract Tower,0,14,47,2,63,0,10,59,1,70,0,24,106,3,133,123,0,123,256
05/06/2006,RYY,GA,ASO,ES,Federal Contract Tower,0,6,39,1,46,0,6,265,1,272,0,12,304,2,318,139,0,139,457
05/07/2006,RYY,GA,ASO,ES,Federal Contract Tower,0,14,50,0,64,0,1,2,0,3,0,15,52,0,67,8,0,8,75
05/08/2006,RYY,GA,ASO,ES,Federal Contract Tower,0,20,80,0,100,0,5,86,2,93,0,25,166,2,193,55,0,55,248
05/09/2006,RYY,GA,ASO,ES,Federal Contract Tower,0,16,73,0,89,0,2,59,3,64,0,18,132,3,153,204,0,204,357
05/10/2006,RYY,GA,ASO,ES,Federal Contract Tower,0,12,44,0,56,0,3,15,0,18,0,15,59,0,74,22,0,22,96
05/11/2006,RYY,GA,ASO,ES,Federal Contract Tower,0,10,51,1,62,0,1,58,0,59,0,11,109,1,121,14,0,14,135
05/12/2006,RYY,GA,ASO,ES,Federal Contract Tower,0,16,90,0,106,0,1,198,6,205,0,17,288,6,311,108,0,108,419
05/13/2006,RYY,GA,ASO,ES,Federal Contract Tower,0,1,41,0,42,0,1,190,4,195,0,2,231,4,237,113,0,113,350
05/14/2006,RYY,GA,ASO,ES,Federal Contract Tower,0,10,91,0,101,0,0,110,0,110,0,10,201,0,211,32,0,32,243
05/15/2006,RYY,GA,ASO,ES,Federal Contract Tower,0,16,50,0,66,0,7,118,0,125,0,23,168,0,191,47,0,47,238
05/16/2006,RYY,GA,ASO,ES,Federal Contract Tower,0,14,80,1,95,0,0,84,2,86,0,14,164,3,181,90,0,90,271
05/17/2006,RYY,GA,ASO,ES,Federal Contract Tower,0,23,57,0,80,0,3,123,1,127,0,26,180,1,207,98,0,98,305
05/18/2006,RYY,GA,ASO,ES,Federal Contract Tower,0,14,41,1,56,0,4,82,1,87,0,18,123,2,143,75,0,75,218
05/19/2006,RYY,GA,ASO,ES,Federal Contract Tower,0,11,52,0,63,0,5,193,2,200,0,16,245,2,263,89,0,89,352
05/20/2006,RYY,GA,ASO,ES,Federal Contract Tower,0,6,29,0,35,0,6,144,1,151,0,12,173,1,186,97,0,97,283
05/21/2006,RYY,GA,ASO,ES,Federal Contract Tower,0,9,42,0,51,0,0,111,3,114,0,9,153,3,165,144,0,144,309
05/22/2006,RYY,GA,ASO,ES,Federal Contract Tower,0,6,44,0,50,0,2,109,0,111,0,8,153,0,161,109,0,109,270
05/23/2006,RYY,GA,ASO,ES,Federal Contract Tower,0,5,52,0,57,0,4,140,1,145,0,9,192,1,202,161,0,161,363
05/24/2006,RYY,GA,ASO,ES,Federal Contract Tower,0,9,50,1,60,0,1,120,3,124,0,10,170,4,184,178,0,178,362
05/25/2006,RYY,GA,ASO,ES,Federal Contract Tower,0,16,66,0,82,0,1,99,0,100,0,17,165,0,182,167,0,167,349
05/26/2006,RYY,GA,ASO,ES,Federal Contract Tower,0,10,83,0,93,0,6,133,0,139,0,16,216,0,232,198,0,198,430
05/27/2006,RYY,GA,ASO,ES,Federal Contract Tower,0,2,50,1,53,0,3,122,0,125,0,5,172,1,178,164,0,164,342
05/28/2006,RYY,GA,ASO,ES,Federal Contract Tower,0,3,26,0,29,0,5,101,2,108,0,8,127,2,137,75,0,75,212
05/29/2006,RYY,GA,ASO,ES,Federal Contract Tower,0,13,46,0,59,0,7,138,2,147,0,20,184,2,206,60,0,60,266
05/30/2006,RYY,GA,ASO,ES,Federal Contract Tower,0,10,39,0,49,0,2,132,1,135,0,12,171,1,184,113,0,113,297
05/31/2006,RYY,GA,ASO,ES,Federal Contract Tower,0,11,43,0,54,0,1,133,3,137,0,12,176,3,191,152,2,154,345
06/01/2006,RYY,GA,ASO,ES,Federal Contract Tower,0,14,63,0,77,0,3,123,0,126,0,17,186,0,203,111,0,111,314
06/02/2006,RYY,GA,ASO,ES,Federal Contract Tower,0,22,50,0,72,0,7,102,0,109,0,29,152,0,181,170,0,170,351
06/03/2006,RYY,GA,ASO,ES,Federal Contract Tower,0,11,50,0,61,0,4,151,0,155,0,15,201,0,216,86,0,86,302
06/04/2006,RYY,GA,ASO,ES,Federal Contract Tower,0,10,47,0,57,0,0,109,5,114,0,10,156,5,171,73,0,73,244
06/05/2006,RYY,GA,ASO,ES,Federal Contract Tower,0,16,39,0,55,0,1,111,0,112,0,17,150,0,167,67,0,67,234
06/06/2006,RYY,GA,ASO,ES,Federal Contract Tower,0,21,54,1,76,0,5,154,3,162,0,26,208,4,238,101,0,101,339
06/07/2006,RYY,GA,ASO,ES,Federal Contract Tower,0,11,62,0,73,0,1,148,2,151,0,12,210,2,224,176,0,176,400
06/08/2006,RYY,GA,ASO,ES,Federal Contract Tower,0,15,53,0,68,0,2,141,2,145,0,17,194,2,213,90,0,90,303
06/09/2006,RYY,GA,ASO,ES,Federal Contract Tower,0,12,35,0,47,0,9,140,0,149,0,21,175,0,196,87,0,87,283
06/10/2006,RYY,GA,ASO,ES,Federal Contract Tower,0,3,31,0,34,0,0,195,0,195,0,3,226,0,229,146,0,146,375
06/11/2006,RYY,GA,ASO,ES,Federal Contract Tower,0,6,47,2,55,0,4,113,0,117,0,10,160,2,172,135,0,135,307
06/12/2006,RYY,GA,ASO,ES,Federal Contract Tower,0,11,62,0,73,0,3,70,0,73,0,14,132,0,146,62,0,62,208
06/13/2006,RYY,GA,ASO,ES,Federal Contract Tower,0,12,68,0,80,0,3,38,0,41,0,15,106,0,121,43,0,43,164
06/14/2006,RYY,GA,ASO,ES,Federal Contract Tower,0,13,44,0,57,0,2,151,2,155,0,15,195,2,212,103,0,103,315
06/15/2006,RYY,GA,ASO,ES,Federal Contract Tower,0,14,56,0,70,0,2,180,9,191,0,16,236,9,261,161,0,161,422
06/16/2006,RYY,GA,ASO,ES,Federal Contract Tower,0,12,49,0,61,0,6,140,1,147,0,18,189,1,208,96,0,96,304
06/17/2006,RYY,GA,ASO,ES,Federal Contract Tower,0,3,35,0,38,0,4,181,0,185,0,7,216,0,223,58,20,78,301
06/18/2006,RYY,GA,ASO,ES,Federal Contract Tower,0,12,46,0,58,0,4,136,0,140,0,16,182,0,198,67,0,67,265
06/19/2006,RYY,GA,ASO,ES,Federal Contract Tower,0,16,49,1,66,0,0,96,0,96,0,16,145,1,162,57,0,57,219
06/20/2006,RYY,GA,ASO,ES,Federal Contract Tower,0,15,43,1,59,0,4,133,1,138,0,19,176,2,197,83,0,83,280
06/21/2006,RYY,GA,ASO,ES,Federal Contract Tower,0,14,40,0,54,0,5,148,0,153,0,19,188,0,207,118,0,118,325
06/22/2006,RYY,GA,ASO,ES,Federal Contract Tower,0,12,52,0,64,0,9,102,2,113,0,21,154,2,177,126,0,126,303
06/23/2006,RYY,GA,ASO,ES,Federal Contract Tower,0,7,42,0,49,0,2,88,0,90,0,9,130,0,139,134,0,134,273
06/24/2006,RYY,GA,ASO,ES,Federal Contract Tower,0,3,36,0,39,0,1,140,6,147,0,4,176,6,186,186,0,186,372
06/25/2006,RYY,GA,ASO,ES,Federal Contract Tower,0,12,48,0,60,0,0,21,0,21,0,12,69,0,81,43,0,43,124
06/26/2006,RYY,GA,ASO,ES,Federal Contract Tower,0,8,49,0,57,0,0,26,0,26,0,8,75,0,83,20,0,20,103
06/27/2006,RYY,GA,ASO,ES,Federal Contract Tower,0,12,72,0,84,0,0,76,2,78,0,12,148,2,162,46,0,46,208
06/28/2006,RYY,GA,ASO,ES,Federal Contract Tower,0,20,64,0,84,0,4,139,1,144,0,24,203,1,228,144,0,144,372
06/29/2006,RYY,GA,ASO,ES,Federal Contract Tower,0,9,61,0,70,0,2,184,4,190,0,11,245,4,260,141,0,141,401
06/30/2006,RYY,GA,ASO,ES,Federal Contract Tower,0,13,58,0,71,0,5,144,4,153,0,18,202,4,224,67,0,67,291
07/01/2006,RYY,GA,ASO,ES,Federal Contract Tower,0,8,40,0,48,0,8,197,0,205,0,16,237,0,253,137,0,137,390
07/02/2006,RYY,GA,ASO,ES,Federal Contract Tower,0,2,25,0,27,0,3,133,0,136,0,5,158,0,163,92,0,92,255
07/03/2006,RYY,GA,ASO,ES,Federal Contract Tower,0,5,22,0,27,0,9,95,0,104,0,14,117,0,131,121,0,121,252
07/04/2006,RYY,GA,ASO,ES,Federal Contract Tower,0,2,21,0,23,0,1,67,0,68,0,3,88,0,91,121,0,121,212
07/05/2006,RYY,GA,ASO,ES,Federal Contract Tower,0,17,63,0,80,0,11,72,2,85,0,28,135,2,165,147,0,147,312
07/06/2006,RYY,GA,ASO,ES,Federal Contract Tower,0,10,81,0,91,0,8,55,1,64,0,18,136,1,155,43,0,43,198
07/07/2006,RYY,GA,ASO,ES,Federal Contract Tower,0,12,65,0,77,0,3,110,2,115,0,15,175,2,192,85,0,85,277
07/08/2006,RYY,GA,ASO,ES,Federal Contract Tower,0,10,29,0,39,0,0,186,0,186,0,10,215,0,225,113,0,113,338
07/09/2006,RYY,GA,ASO,ES,Federal Contract Tower,0,9,40,0,49,0,3,105,0,108,0,12,145,0,157,183,0,183,340
07/10/2006,RYY,GA,ASO,ES,Federal Contract Tower,0,9,60,0,69,0,5,68,4,77,0,14,128,4,146,71,0,71,217
07/11/2006,RYY,GA,ASO,ES,Federal Contract Tower,0,15,53,0,68,0,1,85,1,87,0,16,138,1,155,123,0,123,278
07/12/2006,RYY,GA,ASO,ES,Federal Contract Tower,0,22,64,0,86,0,2,97,3,102,0,24,161,3,188,138,0,138,326
07/13/2006,RYY,GA,ASO,ES,Federal Contract Tower,0,22,52,0,74,0,5,186,6,197,0,27,238,6,271,84,0,84,355
07/14/2006,RYY,GA,ASO,ES,Federal Contract Tower,0,7,45,0,52,0,6,103,4,113,0,13,148,4,165,67,0,67,232
07/15/2006,RYY,GA,ASO,ES,Federal Contract Tower,0,8,37,0,45,0,1,130,0,131,0,9,167,0,176,99,8,107,283
07/16/2006,RYY,GA,ASO,ES,Federal Contract Tower,0,11,74,0,85,0,5,101,0,106,0,16,175,0,191,149,0,149,340
07/17/2006,RYY,GA,ASO,ES,Federal Contract Tower,0,13,42,0,55,0,2,122,1,125,0,15,164,1,180,47,0,47,227
07/18/2006,RYY,GA,ASO,ES,Federal Contract Tower,0,12,42,2,56,0,0,127,0,127,0,12,169,2,183,85,0,85,268
07/19/2006,RYY,GA,ASO,ES,Federal Contract Tower,0,14,40,0,54,0,7,115,3,125,0,21,155,3,179,63,0,63,242
07/20/2006,RYY,GA,ASO,ES,Federal Contract Tower,0,9,58,0,67,0,3,105,0,108,0,12,163,0,175,130,0,130,305
07/21/2006,RYY,GA,ASO,ES,Federal Contract Tower,0,17,60,0,77,0,3,88,2,93,0,20,148,2,170,167,0,167,337
07/22/2006,RYY,GA,ASO,ES,Federal Contract Tower,0,8,50,0,58,0,0,72,3,75,0,8,122,3,133,95,0,95,228
07/23/2006,RYY,GA,ASO,ES,Federal Contract Tower,0,10,47,0,57,0,1,60,0,61,0,11,107,0,118,64,0,64,182
07/24/2006,RYY,GA,ASO,ES,Federal Contract Tower,0,14,53,0,67,0,8,68,0,76,0,22,121,0,143,31,0,31,174
07/25/2006,RYY,GA,ASO,ES,Federal Contract Tower,0,18,70,0,88,0,2,54,0,56,0,20,124,0,144,46,0,46,190
07/26/2006,RYY,GA,ASO,ES,Federal Contract Tower,0,17,64,0,81,0,4,160,2,166,0,21,224,2,247,105,0,105,352
07/27/2006,RYY,GA,ASO,ES,Federal Contract Tower,0,12,55,0,67,0,6,143,4,153,0,18,198,4,220,186,0,186,406
07/28/2006,RYY,GA,ASO,ES,Federal Contract Tower,0,11,51,0,62,0,2,108,6,116,0,13,159,6,178,149,0,149,327
07/29/2006,RYY,GA,ASO,ES,Federal Contract Tower,0,0,17,0,17,0,0,129,0,129,0,0,146,0,146,160,0,160,306
07/30/2006,RYY,GA,ASO,ES,Federal Contract Tower,0,2,37,0,39,0,2,103,0,105,0,4,140,0,144,91,0,91,235
07/31/2006,RYY,GA,ASO,ES,Federal Contract Tower,0,6,49,0,55,0,1,120,0,121,0,7,169,0,176,22,0,22,198
08/01/2006,RYY,GA,ASO,ES,Federal Contract Tower,0,12,39,0,51,0,0,103,0,103,0,12,142,0,154,79,0,79,233
08/02/2006,RYY,GA,ASO,ES,Federal Contract Tower,0,12,46,0,58,0,7,118,0,125,0,19,164,0,183,161,0,161,344
08/03/2006,RYY,GA,ASO,ES,Federal Contract Tower,0,11,56,0,67,0,2,90,7,99,0,13,146,7,166,88,2,90,256
08/04/2006,RYY,GA,ASO,ES,Federal Contract Tower,0,8,39,0,47,0,1,103,2,106,0,9,142,2,153,40,8,48,201
08/05/2006,RYY,GA,ASO,ES,Federal Contract Tower,0,2,20,0,22,0,0,145,8,153,0,2,165,8,175,129,0,129,304
08/06/2006,RYY,GA,ASO,ES,Federal Contract Tower,0,7,36,0,43,0,0,95,0,95,0,7,131,0,138,153,0,153,291
08/07/2006,RYY,GA,ASO,ES,Federal Contract Tower,0,13,40,0,53,0,4,88,2,94,0,17,128,2,147,73,11,84,231
08/08/2006,RYY,GA,ASO,ES,Federal Contract Tower,0,12,41,1,54,0,0,95,1,96,0,12,136,2,150,53,2,55,205
08/09/2006,RYY,GA,ASO,ES,Federal Contract Tower,0,8,68,0,76,0,1,130,5,136,0,9,198,5,212,164,4,168,380
08/10/2006,RYY,GA,ASO,ES,Federal Contract Tower,0,15,55,0,70,0,2,110,0,112,0,17,165,0,182,104,0,104,286
08/11/2006,RYY,GA,ASO,ES,Federal Contract Tower,0,13,62,0,75,0,5,82,1,88,0,18,144,1,163,121,0,121,284
08/12/2006,RYY,GA,ASO,ES,Federal Contract Tower,0,3,40,0,43,0,0,18,0,18,0,3,58,0,61,33,0,33,94
08/13/2006,RYY,GA,ASO,ES,Federal Contract Tower,0,12,67,0,79,0,2,100,1,103,0,14,167,1,182,49,0,49,231
08/14/2006,RYY,GA,ASO,ES,Federal Contract Tower,0,7,39,0,46,0,2,85,0,87,0,9,124,0,133,118,0,118,251
08/15/2006,RYY,GA,ASO,ES,Federal Contract Tower,0,18,68,0,86,0,4,69,0,73,0,22,137,0,159,28,0,28,187
08/16/2006,RYY,GA,ASO,ES,Federal Contract Tower,0,6,74,0,80,0,0,55,0,55,0,6,129,0,135,50,0,50,185
08/17/2006,RYY,GA,ASO,ES,Federal Contract Tower,0,18,69,0,87,0,0,104,1,105,0,18,173,1,192,140,0,140,332
08/18/2006,RYY,GA,ASO,ES,Federal Contract Tower,0,16,55,0,71,0,3,178,0,181,0,19,233,0,252,125,0,125,377
08/19/2006,RYY,GA,ASO,ES,Federal Contract Tower,0,4,29,0,33,0,4,161,0,165,0,8,190,0,198,225,0,225,423
08/20/2006,RYY,GA,ASO,ES,Federal Contract Tower,0,12,54,0,66,0,0,77,1,78,0,12,131,1,144,135,1,136,280
08/21/2006,RYY,GA,ASO,ES,Federal Contract Tower,0,10,53,0,63,0,1,78,0,79,0,11,131,0,142,26,0,26,168
08/22/2006,RYY,GA,ASO,ES,Federal Contract Tower,0,8,67,1,76,0,0,41,1,42,0,8,108,2,118,134,0,134,252
08/23/2006,RYY,GA,ASO,ES,Federal Contract Tower,0,12,80,0,92,0,2,61,1,64,0,14,141,1,156,39,0,39,195
08/24/2006,RYY,GA,ASO,ES,Federal Contract Tower,0,8,70,0,78,0,1,37,0,38,0,9,107,0,116,112,0,112,228
08/25/2006,RYY,GA,ASO,ES,Federal Contract Tower,0,11,77,0,88,0,6,74,0,80,0,17,151,0,168,119,0,119,287
08/26/2006,RYY,GA,ASO,ES,Federal Contract Tower,0,15,42,4,61,0,0,159,0,159,0,15,201,4,220,124,0,124,344
08/27/2006,RYY,GA,ASO,ES,Federal Contract Tower,0,14,45,0,59,0,2,143,4,149,0,16,188,4,208,130,0,130,338
08/28/2006,RYY,GA,ASO,ES,Federal Contract Tower,0,8,56,0,64,0,3,74,0,77,0,11,130,0,141,66,0,66,207
08/29/2006,RYY,GA,ASO,ES,Federal Contract Tower,0,15,43,0,58,0,4,77,5,86,0,19,120,5,144,106,0,106,250
08/30/2006,RYY,GA,ASO,ES,Federal Contract Tower,0,14,58,0,72,0,3,73,3,79,0,17,131,3,151,36,0,36,187
08/31/2006,RYY,GA,ASO,ES,Federal Contract Tower,0,21,65,0,86,0,6,43,0,49,0,27,108,0,135,52,0,52,187
09/01/2006,RYY,GA,ASO,ES,Federal Contract Tower,0,14,61,0,75,0,5,87,0,92,0,19,148,0,167,170,0,170,337
09/02/2006,RYY,GA,ASO,ES,Federal Contract Tower,0,9,49,1,59,0,0,79,0,79,0,9,128,1,138,110,0,110,248
09/03/2006,RYY,GA,ASO,ES,Federal Contract Tower,0,4,38,1,43,0,2,70,1,73,0,6,108,2,116,128,0,128,244
09/04/2006,RYY,GA,ASO,ES,Federal Contract Tower,0,11,47,0,58,0,1,103,1,105,0,12,150,1,163,66,0,66,229
09/05/2006,RYY,GA,ASO,ES,Federal Contract Tower,0,18,64,0,82,0,2,68,0,70,0,20,132,0,152,113,0,113,265
09/06/2006,RYY,GA,ASO,ES,Federal Contract Tower,0,16,61,2,79,0,3,182,4,189,0,19,243,6,268,121,0,121,389
09/07/2006,RYY,GA,ASO,ES,Federal Contract Tower,0,15,61,0,76,0,1,61,1,63,0,16,122,1,139,50,0,50,189
09/08/2006,RYY,GA,ASO,ES,Federal Contract Tower,0,10,49,1,60,0,0,119,7,126,0,10,168,8,186,91,0,91,277
09/09/2006,RYY,GA,ASO,ES,Federal Contract Tower,0,6,31,0,37,0,0,162,2,164,0,6,193,2,201,216,0,216,417
09/10/2006,RYY,GA,ASO,ES,Federal Contract Tower,0,8,29,0,37,0,1,129,0,130,0,9,158,0,167,182,0,182,349
09/11/2006,RYY,GA,ASO,ES,Federal Contract Tower,0,10,41,0,51,0,7,79,0,86,0,17,120,0,137,83,0,83,220
09/12/2006,RYY,GA,ASO,ES,Federal Contract Tower,0,7,64,0,71,0,1,16,3,20,0,8,80,3,91,26,0,26,117
09/13/2006,RYY,GA,ASO,ES,Federal Contract Tower,0,6,44,0,50,0,2,15,2,19,0,8,59,2,69,0,0,0,69
09/14/2006,RYY,GA,ASO,ES,Federal Contract Tower,0,8,79,0,87,0,3,139,1,143,0,11,218,1,230,90,0,90,320
09/15/2006,RYY,GA,ASO,ES,Federal Contract Tower,0,18,46,2,66,0,0,174,0,174,0,18,220,2,240,112,0,112,352
09/16/2006,RYY,GA,ASO,ES,Federal Contract Tower,0,4,36,0,40,0,2,201,0,203,0,6,237,0,243,193,0,193,436
09/17/2006,RYY,GA,ASO,ES,Federal Contract Tower,0,10,30,0,40,0,0,157,0,157,0,10,187,0,197,109,0,109,306
09/18/2006,RYY,GA,ASO,ES,Federal Contract Tower,0,11,48,0,59,0,0,27,0,27,0,11,75,0,86,60,0,60,146
09/19/2006,RYY,GA,ASO,ES,Federal Contract Tower,0,10,47,0,57,0,2,43,0,45,0,12,90,0,102,3,0,3,105
09/20/2006,RYY,GA,ASO,ES,Federal Contract Tower,0,12,50,0,62,0,3,156,4,163,0,15,206,4,225,99,0,99,324
09/21/2006,RYY,GA,ASO,ES,Federal Contract Tower,0,10,55,0,65,0,1,131,3,135,0,11,186,3,200,90,0,90,290
09/22/2006,RYY,GA,ASO,ES,Federal Contract Tower,0,10,37,0,47,0,7,95,0,102,0,17,132,0,149,42,0,42,191
09/23/2006,RYY,GA,ASO,ES,Federal Contract Tower,0,0,26,0,26,0,1,63,0,64,0,1,89,0,90,75,0,75,165
09/24/2006,RYY,GA,ASO,ES,Federal Contract Tower,0,2,31,0,33,0,0,8,0,8,0,2,39,0,41,68,0,68,109
09/25/2006,RYY,GA,ASO,ES,Federal Contract Tower,0,12,52,0,64,0,5,148,3,156,0,17,200,3,220,53,4,57,277
09/26/2006,RYY,GA,ASO,ES,Federal Contract Tower,0,20,51,0,71,0,7,175,0,182,0,27,226,0,253,122,0,122,375
09/27/2006,RYY,GA,ASO,ES,Federal Contract Tower,0,12,65,0,77,0,4,126,2,132,0,16,191,2,209,90,0,90,299
09/28/2006,RYY,GA,ASO,ES,Federal Contract Tower,0,16,61,0,77,0,1,80,0,81,0,17,141,0,158,33,0,33,191
09/29/2006,RYY,GA,ASO,ES,Federal Contract Tower,0,12,61,0,73,0,3,149,2,154,0,15,210,2,227,109,0,109,336
09/30/2006,RYY,GA,ASO,ES,Federal Contract Tower,0,4,29,0,33,0,2,172,2,176,0,6,201,2,209,106,0,106,315
10/01/2006,RYY,GA,ASO,ES,Federal Contract Tower,0,14,27,1,42,0,0,159,0,159,0,14,186,1,201,135,0,135,336
10/02/2006,RYY,GA,ASO,ES,Federal Contract Tower,0,8,48,0,56,0,3,108,0,111,0,11,156,0,167,121,0,121,288
10/03/2006,RYY,GA,ASO,ES,Federal Contract Tower,0,12,53,2,67,0,11,98,0,109,0,23,151,2,176,104,0,104,280
10/04/2006,RYY,GA,ASO,ES,Federal Contract Tower,0,16,51,0,67,0,1,149,3,153,0,17,200,3,220,60,5,65,285
10/05/2006,RYY,GA,ASO,ES,Federal Contract Tower,0,19,69,0,88,0,3,85,3,91,0,22,154,3,179,49,0,49,228
10/06/2006,RYY,GA,ASO,ES,Federal Contract Tower,0,6,92,0,98,0,1,82,1,84,0,7,174,1,182,71,0,71,253
10/07/2006,RYY,GA,ASO,ES,Federal Contract Tower,0,3,32,0,35,0,8,208,2,218,0,11,240,2,253,165,0,165,418
10/08/2006,RYY,GA,ASO,ES,Federal Contract Tower,0,4,48,0,52,0,7,102,0,109,0,11,150,0,161,47,0,47,208
10/09/2006,RYY,GA,ASO,ES,Federal Contract Tower,0,10,46,0,56,0,2,95,2,99,0,12,141,2,155,72,0,72,227
10/10/2006,RYY,GA,ASO,ES,Federal Contract Tower,0,12,45,0,57,0,7,150,0,157,0,19,195,0,214,112,0,112,326
10/11/2006,RYY,GA,ASO,ES,Federal Contract Tower,0,16,63,0,79,0,3,103,2,108,0,19,166,2,187,66,0,66,253
10/12/2006,RYY,GA,ASO,ES,Federal Contract Tower,0,14,58,0,72,0,1,111,4,116,0,15,169,4,188,87,0,87,275
10/13/2006,RYY,GA,ASO,ES,Federal Contract Tower,0,12,60,0,72,0,0,137,0,137,0,12,197,0,209,54,0,54,263
10/14/2006,RYY,GA,ASO,ES,Federal Contract Tower,0,7,34,0,41,0,0,165,4,169,0,7,199,4,210,91,0,91,301
10/15/2006,RYY,GA,ASO,ES,Federal Contract Tower,0,6,44,0,50,0,0,176,0,176,0,6,220,0,226,114,0,114,340
10/16/2006,RYY,GA,ASO,ES,Federal Contract Tower,0,13,45,3,61,0,1,59,1,61,0,14,104,4,122,16,0,16,138
10/17/2006,RYY,GA,ASO,ES,Federal Contract Tower,0,16,42,0,58,0,0,1,0,1,0,16,43,0,59,0,0,0,59
10/18/2006,RYY,GA,ASO,ES,Federal Contract Tower,0,13,63,0,76,0,6,72,0,78,0,19,135,0,154,66,0,66,220
10/19/2006,RYY,GA,ASO,ES,Federal Contract Tower,0,11,69,0,80,0,0,55,0,55,0,11,124,0,135,111,0,111,246
10/20/2006,RYY,GA,ASO,ES,Federal Contract Tower,0,12,57,0,69,0,7,94,0,101,0,19,151,0,170,55,0,55,225
10/21/2006,RYY,GA,ASO,ES,Federal Contract Tower,0,5,48,1,54,0,8,205,0,213,0,13,253,1,267,204,0,204,471
10/22/2006,RYY,GA,ASO,ES,Federal Contract Tower,0,8,53,1,62,0,2,54,0,56,0,10,107,1,118,44,0,44,162
10/23/2006,RYY,GA,ASO,ES,Federal Contract Tower,0,12,54,0,66,0,0,82,0,82,0,12,136,0,148,8,0,8,156
10/24/2006,RYY,GA,ASO,ES,Federal Contract Tower,0,11,38,0,49,0,1,126,3,130,0,12,164,3,179,72,0,72,251
10/25/2006,RYY,GA,ASO,ES,Federal Contract Tower,0,13,45,2,60,0,0,129,2,131,0,13,174,4,191,153,0,153,344
10/26/2006,RYY,GA,ASO,ES,Federal Contract Tower,0,14,68,0,82,0,0,73,0,73,0,14,141,0,155,78,0,78,233
10/27/2006,RYY,GA,ASO,ES,Federal Contract Tower,0,8,26,0,34,0,0,4,0,4,0,8,30,0,38,0,0,0,38
10/28/2006,RYY,GA,ASO,ES,Federal Contract Tower,0,4,23,0,27,0,0,96,0,96,0,4,119,0,123,54,0,54,177
10/29/2006,RYY,GA,ASO,ES,Federal Contract Tower,0,10,36,0,46,0,3,189,1,193,0,13,225,1,239,107,0,107,346
10/30/2006,RYY,GA,ASO,ES,Federal Contract Tower,0,14,72,0,86,0,3,131,3,137,0,17,203,3,223,64,0,64,287
10/31/2006,RYY,GA,ASO,ES,Federal Contract Tower,0,12,41,0,53,0,2,98,0,100,0,14,139,0,153,95,0,95,248
11/01/2006,RYY,GA,ASO,ES,Federal Contract Tower,0,14,73,0,87,0,10,116,3,129,0,24,189,3,216,70,0,70,286
11/02/2006,RYY,GA,ASO,ES,Federal Contract Tower,0,12,51,0,63,0,10,62,0,72,0,22,113,0,135,43,0,43,178
11/03/2006,RYY,GA,ASO,ES,Federal Contract Tower,0,11,64,0,75,0,7,160,1,168,0,18,224,1,243,146,0,146,389
11/04/2006,RYY,GA,ASO,ES,Federal Contract Tower,0,1,29,0,30,0,2,200,1,203,0,3,229,1,233,185,0,185,418
11/05/2006,RYY,GA,ASO,ES,Federal Contract Tower,0,5,49,0,54,0,2,147,0,149,0,7,196,0,203,145,0,145,348
11/06/2006,RYY,GA,ASO,ES,Federal Contract Tower,0,2,63,0,65,0,5,57,1,63,0,7,120,1,128,84,0,84,212
11/07/2006,RYY,GA,ASO,ES,Federal Contract Tower,0,13,32,0,45,0,0,2,0,2,0,13,34,0,47,0,0,0,47
11/08/2006,RYY,GA,ASO,ES,Federal Contract Tower,0,9,84,0,93,0,0,38,2,40,0,9,122,2,133,20,0,20,153
11/09/2006,RYY,GA,ASO,ES,Federal Contract Tower,0,20,64,2,86,0,4,186,0,190,0,24,250,2,276,89,0,89,365
11/10/2006,RYY,GA,ASO,ES,Federal Contract Tower,0,11,51,6,68,0,4,155,0,159,0,15,206,6,227,181,0,181,408
11/11/2006,RYY,GA,ASO,ES,Federal Contract Tower,0,10,44,4,58,0,1,8,1,10,0,11,52,5,68,4,0,4,72
11/12/2006,RYY,GA,ASO,ES,Federal Contract Tower,0,6,53,6,65,0,0,103,0,103,0,6,156,6,168,46,0,46,214
11/13/2006,RYY,GA,ASO,ES,Federal Contract Tower,0,6,54,1,61,0,1,107,1,109,0,7,161,2,170,81,0,81,251
11/14/2006,RYY,GA,ASO,ES,Federal Contract Tower,0,17,53,2,72,0,5,136,0,141,0,22,189,2,213,65,0,65,278
11/15/2006,RYY,GA,ASO,ES,Federal Contract Tower,0,8,24,0,32,0,0,1,0,1,0,8,25,0,33,0,0,0,33
11/16/2006,RYY,GA,ASO,ES,Federal Contract Tower,0,13,60,1,74,0,1,30,0,31,0,14,90,1,105,41,0,41,146
11/17/2006,RYY,GA,ASO,ES,Federal Contract Tower,0,16,79,2,97,0,4,149,1,154,0,20,228,3,251,86,0,86,337
11/18/2006,RYY,GA,ASO,ES,Federal Contract Tower,0,8,38,0,46,0,1,198,2,201,0,9,236,2,247,197,0,197,444
11/19/2006,RYY,GA,ASO,ES,Federal Contract Tower,0,8,41,0,49,0,0,62,0,62,0,8,103,0,111,36,0,36,147
11/20/2006,RYY,GA,ASO,ES,Federal Contract Tower,0,7,54,0,61,0,1,70,3,74,0,8,124,3,135,45,0,45,180
11/21/2006,RYY,GA,ASO,ES,Federal Contract Tower,0,17,76,2,95,0,3,109,0,112,0,20,185,2,207,75,0,75,282
11/22/2006,RYY,GA,ASO,ES,Federal Contract Tower,0,24,85,0,109,0,1,103,0,104,0,25,188,0,213,48,0,48,261
11/23/2006,RYY,GA,ASO,ES,Federal Contract Tower,0,2,27,0,29,0,4,66,0,70,0,6,93,0,99,6,0,6,105
11/24/2006,RYY,GA,ASO,ES,Federal Contract Tower,0,4,60,0,64,0,1,166,0,167,0,5,226,0,231,107,0,107,338
11/25/2006,RYY,GA,ASO,ES,Federal Contract Tower,0,9,30,0,39,0,1,221,1,223,0,10,251,1,262,135,0,135,397
11/26/2006,RYY,GA,ASO,ES,Federal Contract Tower,0,17,70,0,87,0,4,157,0,161,0,21,227,0,248,123,0,123,371
11/27/2006,RYY,GA,ASO,ES,Federal Contract Tower,0,13,36,0,49,0,5,111,0,116,0,18,147,0,165,95,0,95,260
11/28/2006,RYY,GA,ASO,ES,Federal Contract Tower,0,15,71,0,86,0,2,71,0,73,0,17,142,0,159,72,0,72,231
11/29/2006,RYY,GA,ASO,ES,Federal Contract Tower,0,13,91,0,104,0,10,27,0,37,0,23,118,0,141,35,0,35,176
11/30/2006,RYY,GA,ASO,ES,Federal Contract Tower,0,10,46,0,56,0,3,20,0,23,0,13,66,0,79,10,0,10,89
12/01/2006,RYY,GA,ASO,ES,Federal Contract Tower,0,13,40,0,53,0,1,56,1,58,0,14,96,1,111,63,0,63,174
12/02/2006,RYY,GA,ASO,ES,Federal Contract Tower,0,6,33,0,39,0,3,220,0,223,0,9,253,0,262,152,0,152,414
12/03/2006,RYY,GA,ASO,ES,Federal Contract Tower,0,8,47,0,55,0,6,165,0,171,0,14,212,0,226,124,0,124,350
12/04/2006,RYY,GA,ASO,ES,Federal Contract Tower,0,19,46,0,65,0,0,99,0,99,0,19,145,0,164,38,0,38,202
12/05/2006,RYY,GA,ASO,ES,Federal Contract Tower,0,8,62,0,70,0,2,120,5,127,0,10,182,5,197,94,0,94,291
12/06/2006,RYY,GA,ASO,ES,Federal Contract Tower,0,10,48,0,58,0,4,127,2,133,0,14,175,2,191,127,0,127,318
12/07/2006,RYY,GA,ASO,ES,Federal Contract Tower,0,14,49,0,63,0,0,56,0,56,0,14,105,0,119,11,0,11,130
12/08/2006,RYY,GA,ASO,ES,Federal Contract Tower,0,12,56,0,68,0,3,119,2,124,0,15,175,2,192,115,0,115,307
12/09/2006,RYY,GA,ASO,ES,Federal Contract Tower,0,10,19,0,29,0,1,134,0,135,0,11,153,0,164,159,0,159,323
12/10/2006,RYY,GA,ASO,ES,Federal Contract Tower,0,8,22,0,30,0,0,120,3,123,0,8,142,3,153,97,0,97,250
12/11/2006,RYY,GA,ASO,ES,Federal Contract Tower,0,10,32,0,42,0,5,79,0,84,0,15,111,0,126,115,0,115,241
12/12/2006,RYY,GA,ASO,ES,Federal Contract Tower,0,16,57,0,73,0,4,83,1,88,0,20,140,1,161,61,0,61,222
12/13/2006,RYY,GA,ASO,ES,Federal Contract Tower,0,7,74,0,81,0,1,55,1,57,0,8,129,1,138,53,0,53,191
12/14/2006,RYY,GA,ASO,ES,Federal Contract Tower,0,20,75,0,95,0,1,65,2,68,0,21,140,2,163,58,0,58,221
12/15/2006,RYY,GA,ASO,ES,Federal Contract Tower,0,17,57,0,74,0,4,109,2,115,0,21,166,2,189,58,0,58,247
12/16/2006,RYY,GA,ASO,ES,Federal Contract Tower,0,9,24,0,33,0,3,205,1,209,0,12,229,1,242,118,2,120,362
12/17/2006,RYY,GA,ASO,ES,Federal Contract Tower,0,5,27,0,32,0,2,148,0,150,0,7,175,0,182,94,0,94,276
12/18/2006,RYY,GA,ASO,ES,Federal Contract Tower,0,6,53,0,59,0,6,103,0,109,0,12,156,0,168,83,0,83,251
12/19/2006,RYY,GA,ASO,ES,Federal Contract Tower,0,18,55,0,73,0,6,116,4,126,0,24,171,4,199,93,0,93,292
12/20/2006,RYY,GA,ASO,ES,Federal Contract Tower,0,24,60,0,84,0,5,92,0,97,0,29,152,0,181,38,0,38,219
12/21/2006,RYY,GA,ASO,ES,Federal Contract Tower,0,13,80,0,93,0,3,24,0,27,0,16,104,0,120,9,0,9,129
12/22/2006,RYY,GA,ASO,ES,Federal Contract Tower,0,17,41,0,58,0,0,6,0,6,0,17,47,0,64,18,0,18,82
12/23/2006,RYY,GA,ASO,ES,Federal Contract Tower,0,12,59,1,72,0,5,135,0,140,0,17,194,1,212,60,0,60,272
12/24/2006,RYY,GA,ASO,ES,Federal Contract Tower,0,5,21,0,26,0,1,53,2,56,0,6,74,2,82,10,0,10,92
12/25/2006,RYY,GA,ASO,ES,Federal Contract Tower,0,12,7,0,19,0,0,0,0,0,0,12,7,0,19,0,0,0,19
12/26/2006,RYY,GA,ASO,ES,Federal Contract Tower,0,10,33,0,43,0,4,13,0,17,0,14,46,0,60,0,0,0,60
12/27/2006,RYY,GA,ASO,ES,Federal Contract Tower,0,12,58,0,70,0,5,163,4,172,0,17,221,4,242,53,0,53,295
12/28/2006,RYY,GA,ASO,ES,Federal Contract Tower,0,5,41,0,46,0,1,161,1,163,0,6,202,1,209,50,0,50,259
12/29/2006,RYY,GA,ASO,ES,Federal Contract Tower,0,6,60,0,66,0,3,140,0,143,0,9,200,0,209,87,0,87,296
12/30/2006,RYY,GA,ASO,ES,Federal Contract Tower,0,7,27,0,34,0,4,6,0,10,0,11,33,0,44,46,0,46,90
12/31/2006,RYY,GA,ASO,ES,Federal Contract Tower,0,1,9,0,10,0,0,0,0,0,0,1,9,0,10,0,0,0,10
01/01/2007,RYY,GA,ASO,ES,Federal Contract Tower,0,12,41,0,53,0,5,33,0,38,0,17,74,0,91,32,0,32,123
01/02/2007,RYY,GA,ASO,ES,Federal Contract Tower,0,17,40,0,57,0,3,139,0,142,0,20,179,0,199,90,0,90,289
01/03/2007,RYY,GA,ASO,ES,Federal Contract Tower,0,12,59,0,71,0,2,110,1,113,0,14,169,1,184,133,0,133,317
01/04/2007,RYY,GA,ASO,ES,Federal Contract Tower,0,17,45,0,62,0,1,55,0,56,0,18,100,0,118,97,0,97,215
01/05/2007,RYY,GA,ASO,ES,Federal Contract Tower,0,10,22,0,32,0,1,5,0,6,0,11,27,0,38,8,0,8,46
01/06/2007,RYY,GA,ASO,ES,Federal Contract Tower,0,9,38,0,47,0,3,211,0,214,0,12,249,0,261,121,0,121,382
01/07/2007,RYY,GA,ASO,ES,Federal Contract Tower,0,9,15,0,24,0,1,1,0,2,0,10,16,0,26,0,0,0,26
01/08/2007,RYY,GA,ASO,ES,Federal Contract Tower,0,12,30,0,42,0,0,82,0,82,0,12,112,0,124,39,0,39,163
01/09/2007,RYY,GA,ASO,ES,Federal Contract Tower,0,15,26,0,41,0,5,72,0,77,0,20,98,0,118,31,0,31,149
01/10/2007,RYY,GA,ASO,ES,Federal Contract Tower,0,19,62,0,81,0,2,165,2,169,0,21,227,2,250,89,0,89,339
01/11/2007,RYY,GA,ASO,ES,Federal Contract Tower,0,16,44,0,60,0,5,119,0,124,0,21,163,0,184,116,0,116,300
01/12/2007,RYY,GA,ASO,ES,Federal Contract Tower,0,12,55,0,67,0,0,123,0,123,0,12,178,0,190,113,0,113,303
01/13/2007,RYY,GA,ASO,ES,Federal Contract Tower,0,6,41,0,47,0,0,123,1,124,0,6,164,1,171,66,0,66,237
01/14/2007,RYY,GA,ASO,ES,Federal Contract Tower,0,8,35,0,43,0,3,119,1,123,0,11,154,1,166,110,0,110,276
01/15/2007,RYY,GA,ASO,ES,Federal Contract Tower,0,13,30,0,43,0,1,21,0,22,0,14,51,0,65,20,0,20,85
01/16/2007,RYY,GA,ASO,ES,Federal Contract Tower,0,9,34,0,43,0,4,12,0,16,0,13,46,0,59,16,0,16,75
01/17/2007,RYY,GA,ASO,ES,Federal Contract Tower,0,20,54,0,74,0,2,116,1,119,0,22,170,1,193,44,0,44,237
01/18/2007,RYY,GA,ASO,ES,Federal Contract Tower,0,15,23,0,38,0,1,0,0,1,0,16,23,0,39,0,0,0,39
01/19/2007,RYY,GA,ASO,ES,Federal Contract Tower,0,21,43,0,64,0,0,72,2,74,0,21,115,2,138,67,0,67,205
01/20/2007,RYY,GA,ASO,ES,Federal Contract Tower,0,5,39,0,44,0,5,183,0,188,0,10,222,0,232,147,0,147,379
01/21/2007,RYY,GA,ASO,ES,Federal Contract Tower,0,17,15,0,32,0,6,3,0,9,0,23,18,0,41,0,0,0,41
01/22/2007,RYY,GA,ASO,ES,Federal Contract Tower,0,9,45,0,54,0,2,22,0,24,0,11,67,0,78,0,0,0,78
01/23/2007,RYY,GA,ASO,ES,Federal Contract Tower,0,19,43,0,62,0,5,95,1,101,0,24,138,1,163,39,0,39,202
01/24/2007,RYY,GA,ASO,ES,Federal Contract Tower,0,18,42,0,60,0,2,77,1,80,0,20,119,1,140,95,0,95,235
01/25/2007,RYY,GA,ASO,ES,Federal Contract Tower,0,14,31,0,45,0,5,72,2,79,0,19,103,2,124,10,0,10,134
01/26/2007,RYY,GA,ASO,ES,Federal Contract Tower,0,7,33,0,40,0,1,159,5,165,0,8,192,5,205,113,0,113,318
01/27/2007,RYY,GA,ASO,ES,Federal Contract Tower,0,6,25,0,31,0,1,187,5,193,0,7,212,5,224,206,0,206,430
01/28/2007,RYY,GA,ASO,ES,Federal Contract Tower,0,5,29,0,34,0,0,21,0,21,0,5,50,0,55,0,0,0,55
01/29/2007,RYY,GA,ASO,ES,Federal Contract Tower,0,13,27,1,41,0,0,96,0,96,0,13,123,1,137,29,0,29,166
01/30/2007,RYY,GA,ASO,ES,Federal Contract Tower,0,11,52,1,64,0,3,83,0,86,0,14,135,1,150,22,0,22,172
01/31/2007,RYY,GA,ASO,ES,Federal Contract Tower,0,21,53,0,74,0,0,141,0,141,0,21,194,0,215,87,0,87,302
02/01/2007,RYY,GA,ASO,ES,Federal Contract Tower,0,6,14,0,20,0,0,2,0,2,0,6,16,0,22,0,0,0,22
02/02/2007,RYY,GA,ASO,ES,Federal Contract Tower,0,16,42,0,58,0,1,14,0,15,0,17,56,0,73,6,0,6,79
02/03/2007,RYY,GA,ASO,ES,Federal Contract Tower,0,2,26,0,28,0,3,127,4,134,0,5,153,4,162,81,0,81,243
02/04/2007,RYY,GA,ASO,ES,Federal Contract Tower,0,1,20,0,21,0,0,69,3,72,0,1,89,3,93,14,0,14,107
02/05/2007,RYY,GA,ASO,ES,Federal Contract Tower,0,11,40,0,51,0,0,93,0,93,0,11,133,0,144,62,0,62,206
02/06/2007,RYY,GA,ASO,ES,Federal Contract Tower,0,11,51,0,62,0,0,108,0,108,0,11,159,0,170,75,0,75,245
02/07/2007,RYY,GA,ASO,ES,Federal Contract Tower,0,17,63,0,80,0,0,122,0,122,0,17,185,0,202,88,1,89,291
02/08/2007,RYY,GA,ASO,ES,Federal Contract Tower,0,14,28,0,42,0,0,117,4,121,0,14,145,4,163,96,2,98,261
02/09/2007,RYY,GA,ASO,ES,Federal Contract Tower,0,10,50,0,60,0,3,68,0,71,0,13,118,0,131,30,0,30,161
02/10/2007,RYY,GA,ASO,ES,Federal Contract Tower,0,2,28,0,30,0,0,160,3,163,0,2,188,3,193,70,0,70,263
02/11/2007,RYY,GA,ASO,ES,Federal Contract Tower,0,11,28,0,39,0,3,203,0,206,0,14,231,0,245,101,0,101,346
02/12/2007,RYY,GA,ASO,ES,Federal Contract Tower,0,13,45,0,58,0,2,130,1,133,0,15,175,1,191,26,0,26,217
02/13/2007,RYY,GA,ASO,ES,Federal Contract Tower,0,10,34,0,44,0,0,20,0,20,0,10,54,0,64,6,0,6,70
02/14/2007,RYY,GA,ASO,ES,Federal Contract Tower,0,24,20,0,44,0,0,43,0,43,0,24,63,0,87,10,0,10,97
02/15/2007,RYY,GA,ASO,ES,Federal Contract Tower,0,10,37,0,47,0,8,137,7,152,0,18,174,7,199,54,6,60,259
02/16/2007,RYY,GA,ASO,ES,Federal Contract Tower,0,14,47,0,61,0,2,140,4,146,0,16,187,4,207,92,0,92,299
02/17/2007,RYY,GA,ASO,ES,Federal Contract Tower,0,5,33,0,38,0,3,112,12,127,0,8,145,12,165,99,0,99,264
02/18/2007,RYY,GA,ASO,ES,Federal Contract Tower,0,6,29,0,35,0,1,67,0,68,0,7,96,0,103,14,0,14,117
02/19/2007,RYY,GA,ASO,ES,Federal Contract Tower,0,16,38,0,54,0,0,150,2,152,0,16,188,2,206,83,0,83,289
02/20/2007,RYY,GA,ASO,ES,Federal Contract Tower,0,19,70,0,89,0,2,48,1,51,0,21,118,1,140,36,0,36,176
02/21/2007,RYY,GA,ASO,ES,Federal Contract Tower,0,14,59,0,73,0,2,35,0,37,0,16,94,0,110,54,0,54,164
02/22/2007,RYY,GA,ASO,ES,Federal Contract Tower,0,23,54,0,77,0,5,124,0,129,0,28,178,0,206,60,0,60,266
02/23/2007,RYY,GA,ASO,ES,Federal Contract Tower,0,11,70,0,81,0,2,152,0,154,0,13,222,0,235,107,0,107,342
02/24/2007,RYY,GA,ASO,ES,Federal Contract Tower,0,6,28,0,34,0,3,122,1,126,0,9,150,1,160,226,0,226,386
02/25/2007,RYY,GA,ASO,ES,Federal Contract Tower,0,7,23,1,31,0,0,59,2,61,0,7,82,3,92,10,0,10,102
02/26/2007,RYY,GA,ASO,ES,Federal Contract Tower,0,6,46,0,52,0,4,133,5,142,0,10,179,5,194,153,0,153,347
02/27/2007,RYY,GA,ASO,ES,Federal Contract Tower,0,20,39,0,59,0,3,147,4,154,0,23,186,4,213,116,0,116,329
02/28/2007,RYY,GA,ASO,ES,Federal Contract Tower,0,27,50,0,77,0,5,176,0,181,0,32,226,0,258,298,0,298,556
03/01/2007,RYY,GA,ASO,ES,Federal Contract Tower,0,9,13,0,22,0,0,1,0,1,0,9,14,0,23,0,0,0,23
03/02/2007,RYY,GA,ASO,ES,Federal Contract Tower,0,16,47,0,63,0,2,123,2,127,0,18,170,2,190,97,0,97,287
03/03/2007,RYY,GA,ASO,ES,Federal Contract Tower,0,6,17,0,23,0,2,123,0,125,0,8,140,0,148,120,0,120,268
03/04/2007,RYY,GA,ASO,ES,Federal Contract Tower,0,13,23,0,36,0,2,87,0,89,0,15,110,0,125,48,0,48,173
03/05/2007,RYY,GA,ASO,ES,Federal Contract Tower,0,18,31,0,49,0,3,124,0,127,0,21,155,0,176,148,0,148,324
03/06/2007,RYY,GA,ASO,ES,Federal Contract Tower,0,8,45,2,55,0,8,162,0,170,0,16,207,2,225,91,2,93,318
03/07/2007,RYY,GA,ASO,ES,Federal Contract Tower,0,15,46,0,61,0,6,163,0,169,0,21,209,0,230,182,0,182,412
03/08/2007,RYY,GA,ASO,ES,Federal Contract Tower,0,16,69,0,85,0,3,174,5,182,0,19,243,5,267,96,3,99,366
03/09/2007,RYY,GA,ASO,ES,Federal Contract Tower,0,16,62,0,78,0,1,132,1,134,0,17,194,1,212,147,0,147,359
03/10/2007,RYY,GA,ASO,ES,Federal Contract Tower,0,9,39,0,48,0,8,140,0,148,0,17,179,0,196,197,6,203,399
03/11/2007,RYY,GA,ASO,ES,Federal Contract Tower,0,6,44,0,50,0,2,207,0,209,0,8,251,0,259,266,0,266,525
03/12/2007,RYY,GA,ASO,ES,Federal Contract Tower,0,10,37,0,47,0,0,107,1,108,0,10,144,1,155,117,0,117,272
03/13/2007,RYY,GA,ASO,ES,Federal Contract Tower,0,9,49,0,58,0,8,152,1,161,0,17,201,1,219,203,0,203,422
03/14/2007,RYY,GA,ASO,ES,Federal Contract Tower,0,12,55,1,68,0,6,128,1,135,0,18,183,2,203,136,0,136,339
03/15/2007,RYY,GA,ASO,ES,Federal Contract Tower,0,17,41,0,58,0,1,61,2,64,0,18,102,2,122,230,0,230,352
03/16/2007,RYY,GA,ASO,ES,Federal Contract Tower,0,13,59,0,72,0,2,25,0,27,0,15,84,0,99,8,0,8,107
03/17/2007,RYY,GA,ASO,ES,Federal Contract Tower,0,5,35,0,40,0,8,122,2,132,0,13,157,2,172,19,0,19,191
03/18/2007,RYY,GA,ASO,ES,Federal Contract Tower,0,8,46,0,54,0,6,197,3,206,0,14,243,3,260,157,0,157,417
03/19/2007,RYY,GA,ASO,ES,Federal Contract Tower,0,16,37,0,53,0,7,123,0,130,0,23,160,0,183,27,0,27,210
03/20/2007,RYY,GA,ASO,ES,Federal Contract Tower,0,11,46,0,57,0,2,127,1,130,0,13,173,1,187,71,0,71,258
03/21/2007,RYY,GA,ASO,ES,Federal Contract Tower,0,17,68,0,85,0,3,154,2,159,0,20,222,2,244,122,0,122,366
03/22/2007,RYY,GA,ASO,ES,Federal Contract Tower,0,20,71,0,91,0,0,148,0,148,0,20,219,0,239,136,0,136,375
03/23/2007,RYY,GA,ASO,ES,Federal Contract Tower,0,15,51,0,66,0,3,195,0,198,0,18,246,0,264,159,0,159,423
03/24/2007,RYY,GA,ASO,ES,Federal Contract Tower,0,6,29,0,35,0,3,220,4,227,0,9,249,4,262,256,0,256,518
03/25/2007,RYY,GA,ASO,ES,Federal Contract Tower,0,7,37,2,46,0,1,200,5,206,0,8,237,7,252,117,12,129,381
03/26/2007,RYY,GA,ASO,ES,Federal Contract Tower,0,17,41,0,58,0,7,75,0,82,0,24,116,0,140,125,0,125,265
03/27/2007,RYY,GA,ASO,ES,Federal Contract Tower,0,12,57,0,69,0,5,105,4,114,0,17,162,4,183,131,0,131,314
03/28/2007,RYY,GA,ASO,ES,Federal Contract Tower,0,19,42,0,61,0,5,135,0,140,0,24,177,0,201,130,0,130,331
03/29/2007,RYY,GA,ASO,ES,Federal Contract Tower,0,12,44,0,56,0,0,132,3,135,0,12,176,3,191,169,1,170,361
03/30/2007,RYY,GA,ASO,ES,Federal Contract Tower,0,16,65,0,81,0,2,96,2,100,0,18,161,2,181,162,0,162,343
03/31/2007,RYY,GA,ASO,ES,Federal Contract Tower,0,12,63,0,75,0,7,118,0,125,0,19,181,0,200,126,0,126,326
04/01/2007,RYY,GA,ASO,ES,Federal Contract Tower,0,13,31,0,44,0,2,14,1,17,0,15,45,1,61,10,0,10,71
04/02/2007,RYY,GA,ASO,ES,Federal Contract Tower,0,17,52,0,69,0,6,61,0,67,0,23,113,0,136,24,0,24,160
04/03/2007,RYY,GA,ASO,ES,Federal Contract Tower,0,11,50,0,61,0,1,72,0,73,0,12,122,0,134,39,0,39,173
04/04/2007,RYY,GA,ASO,ES,Federal Contract Tower,0,10,56,0,66,0,0,70,0,70,0,10,126,0,136,33,0,33,169
04/05/2007,RYY,GA,ASO,ES,Federal Contract Tower,0,9,50,0,59,0,8,156,0,164,0,17,206,0,223,15,0,15,238
04/06/2007,RYY,GA,ASO,ES,Federal Contract Tower,0,11,39,0,50,0,3,128,2,133,0,14,167,2,183,65,0,65,248
04/07/2007,RYY,GA,ASO,ES,Federal Contract Tower,0,2,27,0,29,0,1,126,1,128,0,3,153,1,157,92,0,92,249
04/08/2007,RYY,GA,ASO,ES,Federal Contract Tower,0,6,43,0,49,0,1,127,1,129,0,7,170,1,178,12,0,12,190
04/09/2007,RYY,GA,ASO,ES,Federal Contract Tower,0,23,45,0,68,0,2,97,0,99,0,25,142,0,167,36,0,36,203
04/10/2007,RYY,GA,ASO,ES,Federal Contract Tower,0,13,50,0,63,0,3,127,0,130,0,16,177,0,193,116,0,116,309
04/11/2007,RYY,GA,ASO,ES,Federal Contract Tower,0,11,40,0,51,0,1,6,0,7,0,12,46,0,58,0,0,0,58
04/12/2007,RYY,GA,ASO,ES,Federal Contract Tower,0,18,31,0,49,0,5,135,0,140,0,23,166,0,189,63,0,63,252
04/13/2007,RYY,GA,ASO,ES,Federal Contract Tower,0,3,50,0,53,0,9,228,0,237,0,12,278,0,290,102,0,102,392
04/14/2007,RYY,GA,ASO,ES,Federal Contract Tower,0,10,22,0,32,0,1,90,0,91,0,11,112,0,123,117,0,117,240
04/15/2007,RYY,GA,ASO,ES,Federal Contract Tower,0,3,25,0,28,0,2,4,0,6,0,5,29,0,34,2,0,2,36
04/16/2007,RYY,GA,ASO,ES,Federal Contract Tower,0,13,35,0,48,0,6,59,0,65,0,19,94,0,113,20,0,20,133
04/17/2007,RYY,GA,ASO,ES,Federal Contract Tower,0,12,55,0,67,0,6,158,3,167,0,18,213,3,234,60,0,60,294
04/18/2007,RYY,GA,ASO,ES,Federal Contract Tower,0,16,52,0,68,0,3,106,0,109,0,19,158,0,177,124,0,124,301
04/19/2007,RYY,GA,ASO,ES,Federal Contract Tower,0,9,54,0,63,0,3,125,0,128,0,12,179,0,191,86,0,86,277
04/20/2007,RYY,GA,ASO,ES,Federal Contract Tower,0,11,64,0,75,0,0,188,1,189,0,11,252,1,264,147,0,147,411
04/21/2007,RYY,GA,ASO,ES,Federal Contract Tower,0,5,26,0,31,0,0,186,1,187,0,5,212,1,218,281,0,281,499
04/22/2007,RYY,GA,ASO,ES,Federal Contract Tower,0,11,41,0,52,0,3,222,5,230,0,14,263,5,282,168,0,168,450
04/23/2007,RYY,GA,ASO,ES,Federal Contract Tower,0,12,31,0,43,0,1,143,1,145,0,13,174,1,188,55,0,55,243
04/24/2007,RYY,GA,ASO,ES,Federal Contract Tower,0,13,57,0,70,0,7,119,0,126,0,20,176,0,196,50,0,50,246
04/25/2007,RYY,GA,ASO,ES,Federal Contract Tower,0,14,66,0,80,0,7,126,3,136,0,21,192,3,216,117,0,117,333
04/26/2007,RYY,GA,ASO,ES,Federal Contract Tower,0,14,30,0,44,0,5,22,0,27,0,19,52,0,71,19,0,19,90
04/27/2007,RYY,GA,ASO,ES,Federal Contract Tower,0,12,67,0,79,0,6,205,4,215,0,18,272,4,294,148,0,148,442
04/28/2007,RYY,GA,ASO,ES,Federal Contract Tower,0,10,40,0,50,0,4,177,0,181,0,14,217,0,231,47,0,47,278
04/29/2007,RYY,GA,ASO,ES,Federal Contract Tower,0,5,44,0,49,0,7,169,0,176,0,12,213,0,225,100,0,100,325
04/30/2007,RYY,GA,ASO,ES,Federal Contract Tower,0,12,33,0,45,0,5,170,0,175,0,17,203,0,220,113,0,113,333
05/01/2007,RYY,GA,ASO,ES,Federal Contract Tower,0,18,42,1,61,0,8,172,6,186,0,26,214,7,247,107,0,107,354
05/02/2007,RYY,GA,ASO,ES,Federal Contract Tower,0,19,45,0,64,0,3,168,1,172,0,22,213,1,236,170,0,170,406
05/03/2007,RYY,GA,ASO,ES,Federal Contract Tower,0,18,51,0,69,0,1,137,5,143,0,19,188,5,212,182,0,182,394
05/04/2007,RYY,GA,ASO,ES,Federal Contract Tower,0,15,91,1,107,0,0,35,4,39,0,15,126,5,146,116,0,116,262
05/05/2007,RYY,GA,ASO,ES,Federal Contract Tower,0,7,98,1,106,0,2,16,0,18,0,9,114,1,124,25,0,25,149
05/06/2007,RYY,GA,ASO,ES,Federal Contract Tower,0,8,93,0,101,0,2,112,0,114,0,10,205,0,215,70,0,70,285
05/07/2007,RYY,GA,ASO,ES,Federal Contract Tower,0,16,52,0,68,0,3,131,3,137,0,19,183,3,205,94,0,94,299
05/08/2007,RYY,GA,ASO,ES,Federal Contract Tower,0,21,59,0,80,0,3,150,1,154,0,24,209,1,234,214,0,214,448
05/09/2007,RYY,GA,ASO,ES,Federal Contract Tower,0,14,66,0,80,0,5,176,3,184,0,19,242,3,264,288,0,288,552
05/10/2007,RYY,GA,ASO,ES,Federal Contract Tower,0,14,47,0,61,0,3,166,0,169,0,17,213,0,230,251,0,251,481
05/11/2007,RYY,GA,ASO,ES,Federal Contract Tower,0,12,41,0,53,0,4,134,1,139,0,16,175,1,192,145,0,145,337
05/12/2007,RYY,GA,ASO,ES,Federal Contract Tower,0,6,21,1,28,0,0,168,2,170,0,6,189,3,198,171,0,171,369
05/13/2007,RYY,GA,ASO,ES,Federal Contract Tower,0,10,34,0,44,0,1,114,0,115,0,11,148,0,159,125,0,125,284
05/14/2007,RYY,GA,ASO,ES,Federal Contract Tower,0,12,36,1,49,0,2,128,0,130,0,14,164,1,179,155,0,155,334
05/15/2007,RYY,GA,ASO,ES,Federal Contract Tower,0,17,69,0,86,0,1,149,2,152,0,18,218,2,238,211,0,211,449
05/16/2007,RYY,GA,ASO,ES,Federal Contract Tower,0,8,60,0,68,0,3,104,0,107,0,11,164,0,175,135,0,135,310
05/17/2007,RYY,GA,ASO,ES,Federal Contract Tower,0,11,50,0,61,0,3,117,2,122,0,14,167,2,183,99,2,101,284
05/18/2007,RYY,GA,ASO,ES,Federal Contract Tower,0,16,59,1,76,0,2,182,0,184,0,18,241,1,260,120,0,120,380
05/19/2007,RYY,GA,ASO,ES,Federal Contract Tower,0,4,26,0,30,0,0,212,0,212,0,4,238,0,242,203,0,203,445
05/20/2007,RYY,GA,ASO,ES,Federal Contract Tower,0,8,42,0,50,0,0,164,0,164,0,8,206,0,214,170,0,170,384
05/21/2007,RYY,GA,ASO,ES,Federal Contract Tower,0,11,26,0,37,0,1,180,0,181,0,12,206,0,218,271,0,271,489
05/22/2007,RYY,GA,ASO,ES,Federal Contract Tower,0,10,81,0,91,0,1,72,0,73,0,11,153,0,164,78,0,78,242
05/23/2007,RYY,GA,ASO,ES,Federal Contract Tower,0,10,58,0,68,0,1,135,4,140,0,11,193,4,208,161,0,161,369
05/24/2007,RYY,GA,ASO,ES,Federal Contract Tower,0,14,50,0,64,0,3,134,0,137,0,17,184,0,201,185,0,185,386
05/25/2007,RYY,GA,ASO,ES,Federal Contract Tower,0,16,91,0,107,0,8,145,0,153,0,24,236,0,260,248,0,248,508
05/26/2007,RYY,GA,ASO,ES,Federal Contract Tower,0,4,48,0,52,0,2,114,0,116,0,6,162,0,168,239,0,239,407
05/27/2007,RYY,GA,ASO,ES,Federal Contract Tower,0,8,43,0,51,0,1,11,0,12,0,9,54,0,63,4,0,4,67
05/28/2007,RYY,GA,ASO,ES,Federal Contract Tower,0,14,42,0,56,0,2,154,2,158,0,16,196,2,214,145,0,145,359
05/29/2007,RYY,GA,ASO,ES,Federal Contract Tower,0,17,63,0,80,0,0,137,3,140,0,17,200,3,220,210,0,210,430
05/30/2007,RYY,GA,ASO,ES,Federal Contract Tower,0,16,47,0,63,0,4,133,1,138,0,20,180,1,201,236,0,236,437
05/31/2007,RYY,GA,ASO,ES,Federal Contract Tower,0,11,58,0,69,0,8,103,1,112,0,19,161,1,181,255,0,255,436
06/01/2007,RYY,GA,ASO,ES,Federal Contract Tower,0,14,62,0,76,0,3,159,0,162,0,17,221,0,238,344,0,344,582
06/02/2007,RYY,GA,ASO,ES,Federal Contract Tower,0,3,27,0,30,0,1,124,0,125,0,4,151,0,155,282,0,282,437
06/03/2007,RYY,GA,ASO,ES,Federal Contract Tower,0,8,42,0,50,0,1,87,2,90,0,9,129,2,140,142,0,142,282
06/04/2007,RYY,GA,ASO,ES,Federal Contract Tower,0,10,43,0,53,0,5,121,0,126,0,15,164,0,179,106,0,106,285
06/05/2007,RYY,GA,ASO,ES,Federal Contract Tower,0,16,45,2,63,0,3,121,0,124,0,19,166,2,187,166,0,166,353
06/06/2007,RYY,GA,ASO,ES,Federal Contract Tower,0,22,67,0,89,0,1,146,2,149,0,23,213,2,238,133,0,133,371
06/07/2007,RYY,GA,ASO,ES,Federal Contract Tower,0,20,56,0,76,0,3,152,0,155,0,23,208,0,231,119,0,119,350
06/08/2007,RYY,GA,ASO,ES,Federal Contract Tower,0,15,56,0,71,0,2,65,0,67,0,17,121,0,138,180,0,180,318
06/09/2007,RYY,GA,ASO,ES,Federal Contract Tower,0,5,36,0,41,0,0,191,0,191,0,5,227,0,232,199,0,199,431
06/10/2007,RYY,GA,ASO,ES,Federal Contract Tower,0,9,41,0,50,0,3,146,0,149,0,12,187,0,199,202,0,202,401
06/11/2007,RYY,GA,ASO,ES,Federal Contract Tower,0,11,53,0,64,0,0,50,0,50,0,11,103,0,114,197,0,197,311
06/12/2007,RYY,GA,ASO,ES,Federal Contract Tower,0,14,49,0,63,0,7,89,0,96,0,21,138,0,159,247,0,247,406
06/13/2007,RYY,GA,ASO,ES,Federal Contract Tower,0,14,66,0,80,0,2,151,4,157,0,16,217,4,237,236,0,236,473
06/14/2007,RYY,GA,ASO,ES,Federal Contract Tower,0,19,61,0,80,0,3,110,4,117,0,22,171,4,197,200,2,202,399
06/15/2007,RYY,GA,ASO,ES,Federal Contract Tower,0,16,46,0,62,0,1,119,0,120,0,17,165,0,182,314,0,314,496
06/16/2007,RYY,GA,ASO,ES,Federal Contract Tower,0,5,36,0,41,0,2,165,0,167,0,7,201,0,208,208,0,208,416
06/17/2007,RYY,GA,ASO,ES,Federal Contract Tower,0,13,40,0,53,0,1,132,0,133,0,14,172,0,186,191,0,191,377
06/18/2007,RYY,GA,ASO,ES,Federal Contract Tower,0,8,44,0,52,0,1,131,0,132,0,9,175,0,184,128,0,128,312
06/19/2007,RYY,GA,ASO,ES,Federal Contract Tower,0,21,42,0,63,0,0,66,0,66,0,21,108,0,129,146,0,146,275
06/20/2007,RYY,GA,ASO,ES,Federal Contract Tower,0,19,57,0,76,0,3,118,0,121,0,22,175,0,197,168,0,168,365
06/21/2007,RYY,GA,ASO,ES,Federal Contract Tower,0,15,51,0,66,0,6,144,5,155,0,21,195,5,221,219,0,219,440
06/22/2007,RYY,GA,ASO,ES,Federal Contract Tower,0,11,54,0,65,0,8,132,0,140,0,19,186,0,205,154,0,154,359
06/23/2007,RYY,GA,ASO,ES,Federal Contract Tower,0,4,37,0,41,0,1,218,2,221,0,5,255,2,262,157,0,157,419
06/24/2007,RYY,GA,ASO,ES,Federal Contract Tower,0,13,49,0,62,0,2,150,0,152,0,15,199,0,214,172,0,172,386
06/25/2007,RYY,GA,ASO,ES,Federal Contract Tower,0,10,39,0,49,0,6,108,0,114,0,16,147,0,163,196,0,196,359
06/26/2007,RYY,GA,ASO,ES,Federal Contract Tower,0,12,55,2,69,0,8,113,0,121,0,20,168,2,190,291,0,291,481
06/27/2007,RYY,GA,ASO,ES,Federal Contract Tower,0,18,49,1,68,0,2,111,1,114,0,20,160,2,182,335,0,335,517
06/28/2007,RYY,GA,ASO,ES,Federal Contract Tower,0,17,52,0,69,0,3,101,1,105,0,20,153,1,174,243,0,243,417
06/29/2007,RYY,GA,ASO,ES,Federal Contract Tower,0,21,63,0,84,0,4,123,0,127,0,25,186,0,211,226,0,226,437
06/30/2007,RYY,GA,ASO,ES,Federal Contract Tower,0,4,38,0,42,0,1,131,0,132,0,5,169,0,174,207,0,207,381
07/01/2007,RYY,GA,ASO,ES,Federal Contract Tower,0,12,49,0,61,0,5,98,0,103,0,17,147,0,164,169,0,169,333
07/02/2007,RYY,GA,ASO,ES,Federal Contract Tower,0,13,44,0,57,0,3,63,0,66,0,16,107,0,123,215,0,215,338
07/03/2007,RYY,GA,ASO,ES,Federal Contract Tower,0,8,55,2,65,0,3,82,0,85,0,11,137,2,150,249,0,249,399
07/04/2007,RYY,GA,ASO,ES,Federal Contract Tower,0,5,14,0,19,0,0,103,1,104,0,5,117,1,123,250,0,250,373
07/05/2007,RYY,GA,ASO,ES,Federal Contract Tower,0,7,42,0,49,0,4,157,3,164,0,11,199,3,213,299,0,299,512
07/06/2007,RYY,GA,ASO,ES,Federal Contract Tower,0,5,39,0,44,0,3,89,0,92,0,8,128,0,136,180,0,180,316
07/07/2007,RYY,GA,ASO,ES,Federal Contract Tower,0,2,34,0,36,0,0,64,0,64,0,2,98,0,100,337,0,337,437
07/08/2007,RYY,GA,ASO,ES,Federal Contract Tower,0,16,50,0,66,0,3,26,0,29,0,19,76,0,95,16,0,16,111
07/09/2007,RYY,GA,ASO,ES,Federal Contract Tower,0,11,32,0,43,0,1,95,0,96,0,12,127,0,139,300,0,300,439
07/10/2007,RYY,GA,ASO,ES,Federal Contract Tower,0,21,61,2,84,0,3,72,2,77,0,24,133,4,161,119,0,119,280
07/11/2007,RYY,GA,ASO,ES,Federal Contract Tower,0,18,62,0,80,0,2,46,0,48,0,20,108,0,128,131,0,131,259
07/12/2007,RYY,GA,ASO,ES,Federal Contract Tower,0,17,77,0,94,0,1,179,4,184,0,18,256,4,278,171,0,171,449
07/13/2007,RYY,GA,ASO,ES,Federal Contract Tower,0,10,44,0,54,0,3,166,0,169,0,13,210,0,223,402,0,402,625
07/14/2007,RYY,GA,ASO,ES,Federal Contract Tower,0,9,32,0,41,0,4,134,2,140,0,13,166,2,181,310,0,310,491
07/15/2007,RYY,GA,ASO,ES,Federal Contract Tower,0,14,77,0,91,0,0,28,9,37,0,14,105,9,128,116,0,116,244
07/16/2007,RYY,GA,ASO,ES,Federal Contract Tower,0,21,38,0,59,0,0,140,0,140,0,21,178,0,199,200,0,200,399
07/17/2007,RYY,GA,ASO,ES,Federal Contract Tower,0,8,52,0,60,0,2,93,3,98,0,10,145,3,158,379,0,379,537
07/18/2007,RYY,GA,ASO,ES,Federal Contract Tower,0,13,68,0,81,0,4,97,2,103,0,17,165,2,184,116,0,116,300
07/19/2007,RYY,GA,ASO,ES,Federal Contract Tower,0,13,65,0,78,0,10,76,3,89,0,23,141,3,167,164,0,164,331
07/20/2007,RYY,GA,ASO,ES,Federal Contract Tower,0,14,56,0,70,0,2,65,0,67,0,16,121,0,137,198,0,198,335
07/21/2007,RYY,GA,ASO,ES,Federal Contract Tower,0,5,30,0,35,0,2,186,0,188,0,7,216,0,223,288,0,288,511
07/22/2007,RYY,GA,ASO,ES,Federal Contract Tower,0,7,45,1,53,0,2,75,4,81,0,9,120,5,134,237,0,237,371
07/23/2007,RYY,GA,ASO,ES,Federal Contract Tower,0,13,31,0,44,0,5,129,0,134,0,18,160,0,178,217,0,217,395
07/24/2007,RYY,GA,ASO,ES,Federal Contract Tower,0,15,39,0,54,0,8,139,0,147,0,23,178,0,201,170,0,170,371
07/25/2007,RYY,GA,ASO,ES,Federal Contract Tower,0,11,53,0,64,0,7,92,1,100,0,18,145,1,164,110,1,111,275
07/26/2007,RYY,GA,ASO,ES,Federal Contract Tower,0,10,68,0,78,0,4,134,0,138,0,14,202,0,216,145,0,145,361
07/27/2007,RYY,GA,ASO,ES,Federal Contract Tower,0,15,55,0,70,0,6,131,0,137,0,21,186,0,207,247,0,247,454
07/28/2007,RYY,GA,ASO,ES,Federal Contract Tower,0,8,40,0,48,0,0,64,1,65,0,8,104,1,113,195,0,195,308
07/29/2007,RYY,GA,ASO,ES,Federal Contract Tower,0,9,85,0,94,0,10,45,2,57,0,19,130,2,151,253,0,253,404
07/30/2007,RYY,GA,ASO,ES,Federal Contract Tower,0,11,51,0,62,0,5,65,0,70,0,16,116,0,132,196,0,196,328
07/31/2007,RYY,GA,ASO,ES,Federal Contract Tower,0,16,58,1,75,0,3,114,0,117,0,19,172,1,192,365,0,365,557
08/01/2007,RYY,GA,ASO,ES,Federal Contract Tower,0,16,44,0,60,0,5,145,0,150,0,21,189,0,210,256,0,256,466
08/02/2007,RYY,GA,ASO,ES,Federal Contract Tower,0,11,37,0,48,0,3,147,0,150,0,14,184,0,198,314,0,314,512
08/03/2007,RYY,GA,ASO,ES,Federal Contract Tower,0,9,57,0,66,0,0,103,1,104,0,9,160,1,170,274,0,274,444
08/04/2007,RYY,GA,ASO,ES,Federal Contract Tower,0,3,44,0,47,0,5,211,0,216,0,8,255,0,263,261,0,261,524
08/05/2007,RYY,GA,ASO,ES,Federal Contract Tower,0,10,56,0,66,0,4,120,0,124,0,14,176,0,190,319,0,319,509
08/06/2007,RYY,GA,ASO,ES,Federal Contract Tower,0,13,33,0,46,0,1,106,1,108,0,14,139,1,154,148,0,148,302
08/07/2007,RYY,GA,ASO,ES,Federal Contract Tower,0,8,46,0,54,0,0,121,2,123,0,8,167,2,177,271,0,271,448
08/08/2007,RYY,GA,ASO,ES,Federal Contract Tower,0,16,53,0,69,0,2,151,2,155,0,18,204,2,224,238,0,238,462
08/09/2007,RYY,GA,ASO,ES,Federal Contract Tower,0,12,51,0,63,0,8,163,2,173,0,20,214,2,236,196,13,209,445
08/10/2007,RYY,GA,ASO,ES,Federal Contract Tower,0,12,60,0,72,0,2,130,4,136,0,14,190,4,208,164,0,164,372
08/11/2007,RYY,GA,ASO,ES,Federal Contract Tower,0,3,30,1,34,0,2,199,2,203,0,5,229,3,237,225,0,225,462
08/12/2007,RYY,GA,ASO,ES,Federal Contract Tower,0,9,41,0,50,0,0,79,1,80,0,9,120,1,130,270,0,270,400
08/13/2007,RYY,GA,ASO,ES,Federal Contract Tower,0,11,34,1,46,0,6,82,3,91,0,17,116,4,137,221,0,221,358
08/14/2007,RYY,GA,ASO,ES,Federal Contract Tower,0,7,46,0,53,0,4,128,0,132,0,11,174,0,185,159,0,159,344
08/15/2007,RYY,GA,ASO,ES,Federal Contract Tower,0,12,37,3,52,0,2,130,3,135,0,14,167,6,187,228,0,228,415
08/16/2007,RYY,GA,ASO,ES,Federal Contract Tower,0,19,42,0,61,0,3,167,2,172,0,22,209,2,233,176,0,176,409
08/17/2007,RYY,GA,ASO,ES,Federal Contract Tower,0,1,36,0,37,0,3,122,1,126,0,4,158,1,163,109,0,109,272
08/18/2007,RYY,GA,ASO,ES,Federal Contract Tower,0,8,42,0,50,0,3,161,0,164,0,11,203,0,214,183,0,183,397
08/19/2007,RYY,GA,ASO,ES,Federal Contract Tower,0,17,41,0,58,0,2,135,0,137,0,19,176,0,195,240,0,240,435
08/20/2007,RYY,GA,ASO,ES,Federal Contract Tower,0,16,35,0,51,0,3,112,1,116,0,19,147,1,167,130,0,130,297
08/21/2007,RYY,GA,ASO,ES,Federal Contract Tower,0,15,48,0,63,0,0,87,0,87,0,15,135,0,150,123,0,123,273
08/22/2007,RYY,GA,ASO,ES,Federal Contract Tower,0,10,61,0,71,0,3,146,0,149,0,13,207,0,220,126,0,126,346
08/23/2007,RYY,GA,ASO,ES,Federal Contract Tower,0,19,43,0,62,0,6,104,2,112,0,25,147,2,174,140,0,140,314
08/24/2007,RYY,GA,ASO,ES,Federal Contract Tower,0,7,48,0,55,0,1,121,1,123,0,8,169,1,178,155,0,155,333
08/25/2007,RYY,GA,ASO,ES,Federal Contract Tower,0,7,38,0,45,0,2,174,6,182,0,9,212,6,227,197,2,199,426
08/26/2007,RYY,GA,ASO,ES,Federal Contract Tower,0,6,31,0,37,0,0,124,1,125,0,6,155,1,162,159,0,159,321
08/27/2007,RYY,GA,ASO,ES,Federal Contract Tower,0,15,32,0,47,0,4,77,0,81,0,19,109,0,128,197,0,197,325
08/28/2007,RYY,GA,ASO,ES,Federal Contract Tower,0,15,45,0,60,0,0,74,0,74,0,15,119,0,134,219,0,219,353
08/29/2007,RYY,GA,ASO,ES,Federal Contract Tower,0,11,52,0,63,0,1,72,0,73,0,12,124,0,136,172,0,172,308
08/30/2007,RYY,GA,ASO,ES,Federal Contract Tower,0,12,56,0,68,0,2,66,0,68,0,14,122,0,136,94,6,100,236
08/31/2007,RYY,GA,ASO,ES,Federal Contract Tower,0,9,72,4,85,0,6,106,8,120,0,15,178,12,205,211,0,211,416
09/01/2007,RYY,GA,ASO,ES,Federal Contract Tower,0,6,41,0,47,0,0,108,0,108,0,6,149,0,155,211,0,211,366
09/02/2007,RYY,GA,ASO,ES,Federal Contract Tower,0,2,30,0,32,0,2,62,0,64,0,4,92,0,96,164,0,164,260
09/03/2007,RYY,GA,ASO,ES,Federal Contract Tower,0,8,47,0,55,0,1,208,1,210,0,9,255,1,265,180,0,180,445
09/04/2007,RYY,GA,ASO,ES,Federal Contract Tower,0,12,40,1,53,0,2,136,2,140,0,14,176,3,193,299,0,299,492
09/05/2007,RYY,GA,ASO,ES,Federal Contract Tower,0,7,47,1,55,0,4,153,1,158,0,11,200,2,213,228,0,228,441
09/06/2007,RYY,GA,ASO,ES,Federal Contract Tower,0,15,45,2,62,0,5,156,3,164,0,20,201,5,226,129,0,129,355
09/07/2007,RYY,GA,ASO,ES,Federal Contract Tower,0,8,57,1,66,0,7,123,3,133,0,15,180,4,199,162,0,162,361
09/08/2007,RYY,GA,ASO,ES,Federal Contract Tower,0,7,37,0,44,0,0,170,7,177,0,7,207,7,221,207,0,207,428
09/09/2007,RYY,GA,ASO,ES,Federal Contract Tower,0,7,43,0,50,0,0,138,1,139,0,7,181,1,189,167,0,167,356
09/10/2007,RYY,GA,ASO,ES,Federal Contract Tower,0,14,48,2,64,0,7,129,2,138,0,21,177,4,202,219,0,219,421
09/11/2007,RYY,GA,ASO,ES,Federal Contract Tower,0,13,46,0,59,0,4,101,2,107,0,17,147,2,166,77,0,77,243
09/12/2007,RYY,GA,ASO,ES,Federal Contract Tower,0,22,62,0,84,0,5,93,1,99,0,27,155,1,183,186,0,186,369
09/13/2007,RYY,GA,ASO,ES,Federal Contract Tower,0,17,65,0,82,0,6,75,0,81,0,23,140,0,163,126,0,126,289
09/14/2007,RYY,GA,ASO,ES,Federal Contract Tower,0,6,51,1,58,0,3,24,0,27,0,9,75,1,85,52,0,52,137
09/15/2007,RYY,GA,ASO,ES,Federal Contract Tower,0,4,36,0,40,0,1,120,0,121,0,5,156,0,161,44,0,44,205
09/16/2007,RYY,GA,ASO,ES,Federal Contract Tower,0,19,41,0,60,0,3,114,5,122,0,22,155,5,182,297,0,297,479
09/17/2007,RYY,GA,ASO,ES,Federal Contract Tower,0,16,43,0,59,0,1,105,2,108,0,17,148,2,167,220,0,220,387
09/18/2007,RYY,GA,ASO,ES,Federal Contract Tower,0,12,49,2,63,0,4,163,2,169,0,16,212,4,232,258,0,258,490
09/19/2007,RYY,GA,ASO,ES,Federal Contract Tower,0,15,45,0,60,0,2,136,1,139,0,17,181,1,199,185,2,187,386
09/20/2007,RYY,GA,ASO,ES,Federal Contract Tower,0,8,58,0,66,0,5,141,0,146,0,13,199,0,212,121,0,121,333
09/21/2007,RYY,GA,ASO,ES,Federal Contract Tower,0,4,62,0,66,0,2,17,0,19,0,6,79,0,85,58,0,58,143
09/22/2007,RYY,GA,ASO,ES,Federal Contract Tower,0,3,47,0,50,0,1,101,2,104,0,4,148,2,154,136,5,141,295
09/23/2007,RYY,GA,ASO,ES,Federal Contract Tower,0,12,67,1,80,0,1,68,4,73,0,13,135,5,153,174,2,176,329
09/24/2007,RYY,GA,ASO,ES,Federal Contract Tower,0,14,67,0,81,0,3,139,0,142,0,17,206,0,223,197,0,197,420
09/25/2007,RYY,GA,ASO,ES,Federal Contract Tower,0,15,85,0,100,0,4,151,0,155,0,19,236,0,255,150,0,150,405
09/26/2007,RYY,GA,ASO,ES,Federal Contract Tower,0,10,91,0,101,0,0,110,0,110,0,10,201,0,211,146,0,146,357
09/27/2007,RYY,GA,ASO,ES,Federal Contract Tower,0,14,107,0,121,0,4,115,1,120,0,18,222,1,241,129,0,129,370
09/28/2007,RYY,GA,ASO,ES,Federal Contract Tower,0,6,61,0,67,0,6,135,1,142,0,12,196,1,209,54,0,54,263
09/29/2007,RYY,GA,ASO,ES,Federal Contract Tower,0,3,27,0,30,0,1,157,0,158,0,4,184,0,188,163,0,163,351
09/30/2007,RYY,GA,ASO,ES,Federal Contract Tower,0,16,40,0,56,0,2,144,7,153,0,18,184,7,209,72,0,72,281
10/01/2007,RYY,GA,ASO,ES,Federal Contract Tower,0,8,48,0,56,0,4,117,0,121,0,12,165,0,177,188,0,188,365
10/02/2007,RYY,GA,ASO,ES,Federal Contract Tower,0,11,39,0,50,0,4,137,0,141,0,15,176,0,191,184,0,184,375
10/03/2007,RYY,GA,ASO,ES,Federal Contract Tower,0,17,61,0,78,0,2,44,2,48,0,19,105,2,126,178,0,178,304
10/04/2007,RYY,GA,ASO,ES,Federal Contract Tower,0,15,63,0,78,0,0,53,0,53,0,15,116,0,131,185,0,185,316
10/05/2007,RYY,GA,ASO,ES,Federal Contract Tower,0,20,57,0,77,0,1,53,0,54,0,21,110,0,131,36,0,36,167
10/06/2007,RYY,GA,ASO,ES,Federal Contract Tower,0,10,54,0,64,0,4,85,2,91,0,14,139,2,155,193,3,196,351
10/07/2007,RYY,GA,ASO,ES,Federal Contract Tower,0,11,47,0,58,0,1,150,0,151,0,12,197,0,209,270,0,270,479
10/08/2007,RYY,GA,ASO,ES,Federal Contract Tower,0,14,52,0,66,0,0,121,0,121,0,14,173,0,187,178,0,178,365
10/09/2007,RYY,GA,ASO,ES,Federal Contract Tower,0,20,40,0,60,0,2,66,0,68,0,22,106,0,128,172,0,172,300
10/10/2007,RYY,GA,ASO,ES,Federal Contract Tower,0,22,50,0,72,0,1,131,2,134,0,23,181,2,206,230,0,230,436
10/11/2007,RYY,GA,ASO,ES,Federal Contract Tower,0,21,62,0,83,0,5,162,0,167,0,26,224,0,250,182,0,182,432
10/12/2007,RYY,GA,ASO,ES,Federal Contract Tower,0,16,49,0,65,0,0,174,0,174,0,16,223,0,239,280,0,280,519
10/13/2007,RYY,GA,ASO,ES,Federal Contract Tower,0,9,19,0,28,0,3,194,3,200,0,12,213,3,228,350,0,350,578
10/14/2007,RYY,GA,ASO,ES,Federal Contract Tower,0,11,35,0,46,0,3,173,7,183,0,14,208,7,229,218,6,224,453
10/15/2007,RYY,GA,ASO,ES,Federal Contract Tower,0,16,26,0,42,0,4,135,3,142,0,20,161,3,184,146,0,146,330
10/16/2007,RYY,GA,ASO,ES,Federal Contract Tower,0,13,41,0,54,0,1,69,0,70,0,14,110,0,124,254,0,254,378
10/17/2007,RYY,GA,ASO,ES,Federal Contract Tower,0,17,51,0,68,0,2,77,1,80,0,19,128,1,148,251,0,251,399
10/18/2007,RYY,GA,ASO,ES,Federal Contract Tower,0,26,39,0,65,0,3,52,0,55,0,29,91,0,120,167,0,167,287
10/19/2007,RYY,GA,ASO,ES,Federal Contract Tower,0,15,53,0,68,0,1,91,0,92,0,16,144,0,160,33,0,33,193
10/20/2007,RYY,GA,ASO,ES,Federal Contract Tower,0,8,38,1,47,0,2,231,1,234,0,10,269,2,281,156,0,156,437
10/21/2007,RYY,GA,ASO,ES,Federal Contract Tower,0,10,47,0,57,0,1,158,2,161,0,11,205,2,218,171,0,171,389
10/22/2007,RYY,GA,ASO,ES,Federal Contract Tower,0,16,41,0,57,0,2,0,0,2,0,18,41,0,59,0,0,0,59
10/23/2007,RYY,GA,ASO,ES,Federal Contract Tower,0,14,29,0,43,0,4,6,0,10,0,18,35,0,53,0,0,0,53
10/24/2007,RYY,GA,ASO,ES,Federal Contract Tower,0,18,76,0,94,0,0,0,0,0,0,18,76,0,94,0,0,0,94
10/25/2007,RYY,GA,ASO,ES,Federal Contract Tower,0,23,75,0,98,0,1,101,1,103,0,24,176,1,201,209,0,209,410
10/26/2007,RYY,GA,ASO,ES,Federal Contract Tower,0,17,45,1,63,0,1,84,2,87,0,18,129,3,150,77,2,79,229
10/27/2007,RYY,GA,ASO,ES,Federal Contract Tower,0,9,35,1,45,0,0,167,0,167,0,9,202,1,212,113,2,115,327
10/28/2007,RYY,GA,ASO,ES,Federal Contract Tower,0,13,58,0,71,0,0,222,1,223,0,13,280,1,294,208,0,208,502
10/29/2007,RYY,GA,ASO,ES,Federal Contract Tower,0,11,38,0,49,0,2,118,2,122,0,13,156,2,171,155,0,155,326
10/30/2007,RYY,GA,ASO,ES,Federal Contract Tower,0,12,37,0,49,0,3,197,2,202,0,15,234,2,251,328,0,328,579
10/31/2007,RYY,GA,ASO,ES,Federal Contract Tower,0,14,36,0,50,0,0,137,2,139,0,14,173,2,189,225,0,225,414
11/01/2007,RYY,GA,ASO,ES,Federal Contract Tower,0,14,80,1,95,0,1,173,3,177,0,15,253,4,272,171,0,171,443
11/02/2007,RYY,GA,ASO,ES,Federal Contract Tower,0,14,46,0,60,0,4,211,2,217,0,18,257,2,277,263,0,263,540
11/03/2007,RYY,GA,ASO,ES,Federal Contract Tower,0,0,32,0,32,0,1,189,1,191,0,1,221,1,223,244,0,244,467
11/04/2007,RYY,GA,ASO,ES,Federal Contract Tower,0,6,48,0,54,0,0,129,0,129,0,6,177,0,183,199,0,199,382
11/05/2007,RYY,GA,ASO,ES,Federal Contract Tower,0,14,44,0,58,0,1,128,2,131,0,15,172,2,189,208,0,208,397
11/06/2007,RYY,GA,ASO,ES,Federal Contract Tower,0,13,46,0,59,0,4,67,0,71,0,17,113,0,130,37,0,37,167
11/07/2007,RYY,GA,ASO,ES,Federal Contract Tower,0,8,51,0,59,0,7,150,2,159,0,15,201,2,218,194,0,194,412
11/08/2007,RYY,GA,ASO,ES,Federal Contract Tower,0,17,52,0,69,0,9,179,2,190,0,26,231,2,259,298,0,298,557
11/09/2007,RYY,GA,ASO,ES,Federal Contract Tower,0,3,44,1,48,0,6,175,3,184,0,9,219,4,232,238,0,238,470
11/10/2007,RYY,GA,ASO,ES,Federal Contract Tower,0,6,30,0,36,0,2,188,2,192,0,8,218,2,228,226,0,226,454
11/11/2007,RYY,GA,ASO,ES,Federal Contract Tower,0,10,45,0,55,0,3,182,4,189,0,13,227,4,244,203,4,207,451
11/12/2007,RYY,GA,ASO,ES,Federal Contract Tower,0,16,39,0,55,0,4,161,1,166,0,20,200,1,221,203,0,203,424
11/13/2007,RYY,GA,ASO,ES,Federal Contract Tower,0,20,41,0,61,0,1,136,0,137,0,21,177,0,198,210,0,210,408
11/14/2007,RYY,GA,ASO,ES,Federal Contract Tower,0,22,64,0,86,0,2,156,1,159,0,24,220,1,245,236,0,236,481
11/15/2007,RYY,GA,ASO,ES,Federal Contract Tower,0,12,40,0,52,0,2,37,0,39,0,14,77,0,91,10,0,10,101
11/16/2007,RYY,GA,ASO,ES,Federal Contract Tower,0,11,68,0,79,0,0,158,0,158,0,11,226,0,237,234,0,234,471
11/17/2007,RYY,GA,ASO,ES,Federal Contract Tower,0,4,29,0,33,0,4,213,1,218,0,8,242,1,251,328,0,328,579
11/18/2007,RYY,GA,ASO,ES,Federal Contract Tower,0,8,44,0,52,0,0,129,3,132,0,8,173,3,184,243,0,243,427
11/19/2007,RYY,GA,ASO,ES,Federal Contract Tower,0,11,63,0,74,0,3,83,2,88,0,14,146,2,162,234,0,234,396
11/20/2007,RYY,GA,ASO,ES,Federal Contract Tower,0,26,67,0,93,0,2,198,3,203,0,28,265,3,296,267,0,267,563
11/21/2007,RYY,GA,ASO,ES,Federal Contract Tower,0,12,71,0,83,0,0,153,4,157,0,12,224,4,240,156,0,156,396
11/22/2007,RYY,GA,ASO,ES,Federal Contract Tower,0,1,7,0,8,0,4,3,0,7,0,5,10,0,15,0,0,0,15
11/23/2007,RYY,GA,ASO,ES,Federal Contract Tower,0,4,35,0,39,0,2,119,0,121,0,6,154,0,160,83,0,83,243
11/24/2007,RYY,GA,ASO,ES,Federal Contract Tower,0,1,50,0,51,0,3,105,0,108,0,4,155,0,159,139,0,139,298
11/25/2007,RYY,GA,ASO,ES,Federal Contract Tower,0,18,65,0,83,0,0,13,0,13,0,18,78,0,96,160,0,160,256
11/26/2007,RYY,GA,ASO,ES,Federal Contract Tower,0,12,36,0,48,0,0,1,0,1,0,12,37,0,49,14,0,14,63
11/27/2007,RYY,GA,ASO,ES,Federal Contract Tower,0,19,62,2,83,0,1,117,1,119,0,20,179,3,202,166,2,168,370
11/28/2007,RYY,GA,ASO,ES,Federal Contract Tower,0,18,55,0,73,0,4,171,0,175,0,22,226,0,248,191,0,191,439
11/29/2007,RYY,GA,ASO,ES,Federal Contract Tower,0,21,55,0,76,0,2,177,0,179,0,23,232,0,255,200,0,200,455
11/30/2007,RYY,GA,ASO,ES,Federal Contract Tower,0,13,58,0,71,0,1,173,1,175,0,14,231,1,246,165,0,165,411
12/01/2007,RYY,GA,ASO,ES,Federal Contract Tower,0,8,32,0,40,0,1,241,1,243,0,9,273,1,283,250,0,250,533
12/02/2007,RYY,GA,ASO,ES,Federal Contract Tower,0,9,42,0,51,0,0,81,0,81,0,9,123,0,132,167,0,167,299
12/03/2007,RYY,GA,ASO,ES,Federal Contract Tower,0,14,29,0,43,0,2,40,3,45,0,16,69,3,88,9,0,9,97
12/04/2007,RYY,GA,ASO,ES,Federal Contract Tower,0,15,44,0,59,0,5,138,0,143,0,20,182,0,202,234,0,234,436
12/05/2007,RYY,GA,ASO,ES,Federal Contract Tower,0,17,39,0,56,0,7,145,0,152,0,24,184,0,208,150,0,150,358
12/06/2007,RYY,GA,ASO,ES,Federal Contract Tower,0,13,63,0,76,0,2,190,1,193,0,15,253,1,269,255,0,255,524
12/07/2007,RYY,GA,ASO,ES,Federal Contract Tower,0,20,56,0,76,0,1,101,0,102,0,21,157,0,178,330,0,330,508
12/08/2007,RYY,GA,ASO,ES,Federal Contract Tower,0,5,47,1,53,0,7,85,1,93,0,12,132,2,146,298,0,298,444
12/09/2007,RYY,GA,ASO,ES,Federal Contract Tower,0,16,36,0,52,0,5,148,10,163,0,21,184,10,215,275,0,275,490
12/10/2007,RYY,GA,ASO,ES,Federal Contract Tower,0,12,40,0,52,0,1,121,0,122,0,13,161,0,174,237,0,237,411
12/11/2007,RYY,GA,ASO,ES,Federal Contract Tower,0,14,26,0,40,0,3,150,1,154,0,17,176,1,194,278,0,278,472
12/12/2007,RYY,GA,ASO,ES,Federal Contract Tower,0,12,60,1,73,0,1,128,3,132,0,13,188,4,205,314,0,314,519
12/13/2007,RYY,GA,ASO,ES,Federal Contract Tower,0,22,61,0,83,0,0,55,0,55,0,22,116,0,138,128,0,128,266
12/14/2007,RYY,GA,ASO,ES,Federal Contract Tower,0,14,46,0,60,0,2,188,1,191,0,16,234,1,251,157,0,157,408
12/15/2007,RYY,GA,ASO,ES,Federal Contract Tower,0,8,33,0,41,0,0,32,0,32,0,8,65,0,73,172,0,172,245
12/16/2007,RYY,GA,ASO,ES,Federal Contract Tower,0,6,32,0,38,0,0,5,0,5,0,6,37,0,43,0,0,0,43
12/17/2007,RYY,GA,ASO,ES,Federal Contract Tower,0,16,42,0,58,0,4,120,0,124,0,20,162,0,182,171,0,171,353
12/18/2007,RYY,GA,ASO,ES,Federal Contract Tower,0,25,42,0,67,0,3,178,1,182,0,28,220,1,249,156,0,156,405
12/19/2007,RYY,GA,ASO,ES,Federal Contract Tower,0,16,74,0,90,0,1,90,0,91,0,17,164,0,181,237,0,237,418
12/20/2007,RYY,GA,ASO,ES,Federal Contract Tower,0,16,47,0,63,0,0,14,0,14,0,16,61,0,77,51,0,51,128
12/21/2007,RYY,GA,ASO,ES,Federal Contract Tower,0,14,62,0,76,0,0,2,0,2,0,14,64,0,78,34,0,34,112
12/22/2007,RYY,GA,ASO,ES,Federal Contract Tower,0,4,37,0,41,0,2,9,0,11,0,6,46,0,52,113,0,113,165
12/23/2007,RYY,GA,ASO,ES,Federal Contract Tower,0,11,34,0,45,0,2,30,0,32,0,13,64,0,77,28,0,28,105
12/24/2007,RYY,GA,ASO,ES,Federal Contract Tower,0,5,20,0,25,0,1,128,0,129,0,6,148,0,154,110,0,110,264
12/25/2007,RYY,GA,ASO,ES,Federal Contract Tower,0,5,9,0,14,0,0,2,0,2,0,5,11,0,16,0,0,0,16
12/26/2007,RYY,GA,ASO,ES,Federal Contract Tower,0,20,48,0,68,0,3,100,0,103,0,23,148,0,171,121,0,121,292
12/27/2007,RYY,GA,ASO,ES,Federal Contract Tower,0,16,72,0,88,0,0,64,0,64,0,16,136,0,152,148,0,148,300
12/28/2007,RYY,GA,ASO,ES,Federal Contract Tower,0,3,26,0,29,0,0,4,0,4,0,3,30,0,33,2,0,2,35
12/29/2007,RYY,GA,ASO,ES,Federal Contract Tower,0,10,37,1,48,0,1,160,7,168,0,11,197,8,216,225,0,225,441
12/30/2007,RYY,GA,ASO,ES,Federal Contract Tower,0,15,19,0,34,0,0,4,0,4,0,15,23,0,38,0,0,0,38
12/31/2007,RYY,GA,ASO,ES,Federal Contract Tower,0,9,34,0,43,0,0,125,1,126,0,9,159,1,169,78,0,78,247
01/01/2008,RYY,GA,ASO,ES,Federal Contract Tower,0,6,23,0,29,0,2,18,0,20,0,8,41,0,49,2,0,2,51
01/02/2008,RYY,GA,ASO,ES,Federal Contract Tower,0,8,26,1,35,0,0,35,0,35,0,8,61,1,70,17,0,17,87
01/03/2008,RYY,GA,ASO,ES,Federal Contract Tower,0,10,26,0,36,0,3,172,0,175,0,13,198,0,211,232,0,232,443
01/04/2008,RYY,GA,ASO,ES,Federal Contract Tower,0,4,42,0,46,0,3,130,0,133,0,7,172,0,179,235,0,235,414
01/05/2008,RYY,GA,ASO,ES,Federal Contract Tower,0,9,22,0,31,0,2,197,0,199,0,11,219,0,230,221,0,221,451
01/06/2008,RYY,GA,ASO,ES,Federal Contract Tower,0,9,31,0,40,0,3,178,3,184,0,12,209,3,224,180,0,180,404
01/07/2008,RYY,GA,ASO,ES,Federal Contract Tower,0,10,27,0,37,0,0,139,0,139,0,10,166,0,176,199,0,199,375
01/08/2008,RYY,GA,ASO,ES,Federal Contract Tower,0,12,32,2,46,0,3,26,0,29,0,15,58,2,75,25,0,25,100
01/09/2008,RYY,GA,ASO,ES,Federal Contract Tower,0,12,56,0,68,0,0,130,1,131,0,12,186,1,199,260,0,260,459
01/10/2008,RYY,GA,ASO,ES,Federal Contract Tower,0,7,29,0,36,0,1,12,0,13,0,8,41,0,49,52,0,52,101
01/11/2008,RYY,GA,ASO,ES,Federal Contract Tower,0,5,47,0,52,0,1,183,6,190,0,6,230,6,242,160,0,160,402
01/12/2008,RYY,GA,ASO,ES,Federal Contract Tower,0,5,21,0,26,0,2,270,0,272,0,7,291,0,298,314,0,314,612
01/13/2008,RYY,GA,ASO,ES,Federal Contract Tower,0,8,31,0,39,0,2,133,0,135,0,10,164,0,174,294,0,294,468
01/14/2008,RYY,GA,ASO,ES,Federal Contract Tower,0,14,34,0,48,0,2,97,0,99,0,16,131,0,147,107,0,107,254
01/15/2008,RYY,GA,ASO,ES,Federal Contract Tower,0,16,45,3,64,0,5,116,2,123,0,21,161,5,187,93,0,93,280
01/16/2008,RYY,GA,ASO,ES,Federal Contract Tower,0,10,54,1,65,0,0,28,1,29,0,10,82,2,94,178,0,178,272
01/17/2008,RYY,GA,ASO,ES,Federal Contract Tower,0,13,24,0,37,0,0,1,0,1,0,13,25,0,38,0,0,0,38
01/18/2008,RYY,GA,ASO,ES,Federal Contract Tower,0,9,41,1,51,0,5,125,1,131,0,14,166,2,182,254,0,254,436
01/19/2008,RYY,GA,ASO,ES,Federal Contract Tower,0,7,7,0,14,0,0,0,0,0,0,7,7,0,14,2,0,2,16
01/20/2008,RYY,GA,ASO,ES,Federal Contract Tower,0,8,21,0,29,0,0,62,0,62,0,8,83,0,91,195,0,195,286
01/21/2008,RYY,GA,ASO,ES,Federal Contract Tower,0,13,40,0,53,0,0,122,0,122,0,13,162,0,175,194,0,194,369
01/22/2008,RYY,GA,ASO,ES,Federal Contract Tower,0,20,32,0,52,0,2,3,0,5,0,22,35,0,57,67,0,67,124
01/23/2008,RYY,GA,ASO,ES,Federal Contract Tower,0,13,57,2,72,0,1,46,1,48,0,14,103,3,120,151,0,151,271
01/24/2008,RYY,GA,ASO,ES,Federal Contract Tower,0,10,53,0,63,0,0,59,0,59,0,10,112,0,122,116,0,116,238
01/25/2008,RYY,GA,ASO,ES,Federal Contract Tower,0,7,51,0,58,0,4,182,3,189,0,11,233,3,247,129,0,129,376
01/26/2008,RYY,GA,ASO,ES,Federal Contract Tower,0,1,33,0,34,0,4,86,0,90,0,5,119,0,124,410,0,410,534
01/27/2008,RYY,GA,ASO,ES,Federal Contract Tower,0,3,44,1,48,0,3,129,1,133,0,6,173,2,181,103,0,103,284
01/28/2008,RYY,GA,ASO,ES,Federal Contract Tower,0,6,42,0,48,0,1,159,2,162,0,7,201,2,210,303,0,303,513
01/29/2008,RYY,GA,ASO,ES,Federal Contract Tower,0,14,26,0,40,0,3,71,0,74,0,17,97,0,114,128,0,128,242
01/30/2008,RYY,GA,ASO,ES,Federal Contract Tower,0,15,40,0,55,0,5,125,1,131,0,20,165,1,186,110,0,110,296
01/31/2008,RYY,GA,ASO,ES,Federal Contract Tower,0,13,37,0,50,0,0,45,0,45,0,13,82,0,95,78,0,78,173
02/01/2008,RYY,GA,ASO,ES,Federal Contract Tower,0,7,40,0,47,0,5,49,0,54,0,12,89,0,101,68,0,68,169
02/02/2008,RYY,GA,ASO,ES,Federal Contract Tower,0,5,32,0,37,0,1,216,0,217,0,6,248,0,254,233,0,233,487
02/03/2008,RYY,GA,ASO,ES,Federal Contract Tower,0,4,27,0,31,0,3,156,0,159,0,7,183,0,190,174,0,174,364
02/04/2008,RYY,GA,ASO,ES,Federal Contract Tower,0,12,32,0,44,0,1,25,0,26,0,13,57,0,70,98,0,98,168
02/05/2008,RYY,GA,ASO,ES,Federal Contract Tower,0,12,50,1,63,0,0,26,0,26,0,12,76,1,89,21,0,21,110
02/06/2008,RYY,GA,ASO,ES,Federal Contract Tower,0,12,16,0,28,0,0,25,0,25,0,12,41,0,53,34,0,34,87
02/07/2008,RYY,GA,ASO,ES,Federal Contract Tower,0,14,40,0,54,0,0,176,1,177,0,14,216,1,231,66,0,66,297
02/08/2008,RYY,GA,ASO,ES,Federal Contract Tower,0,13,50,0,63,0,3,159,2,164,0,16,209,2,227,96,0,96,323
02/09/2008,RYY,GA,ASO,ES,Federal Contract Tower,0,5,24,0,29,0,2,159,3,164,0,7,183,3,193,60,0,60,253
02/10/2008,RYY,GA,ASO,ES,Federal Contract Tower,0,8,33,0,41,0,1,68,1,70,0,9,101,1,111,46,0,46,157
02/11/2008,RYY,GA,ASO,ES,Federal Contract Tower,0,10,32,0,42,0,2,152,0,154,0,12,184,0,196,80,0,80,276
02/12/2008,RYY,GA,ASO,ES,Federal Contract Tower,0,11,31,0,42,0,0,74,3,77,0,11,105,3,119,16,0,16,135
02/13/2008,RYY,GA,ASO,ES,Federal Contract Tower,0,10,42,0,52,0,2,10,0,12,0,12,52,0,64,0,0,0,64
02/14/2008,RYY,GA,ASO,ES,Federal Contract Tower,0,13,0,0,13,0,0,179,2,181,0,13,179,2,194,92,0,92,286
02/15/2008,RYY,GA,ASO,ES,Federal Contract Tower,0,7,37,0,44,0,1,143,1,145,0,8,180,1,189,32,0,32,221
02/16/2008,RYY,GA,ASO,ES,Federal Contract Tower,0,5,43,1,49,0,0,192,2,194,0,5,235,3,243,108,0,108,351
02/17/2008,RYY,GA,ASO,ES,Federal Contract Tower,0,7,23,0,30,0,1,4,0,5,0,8,27,0,35,27,0,27,62
02/18/2008,RYY,GA,ASO,ES,Federal Contract Tower,0,9,37,0,46,0,4,46,0,50,0,13,83,0,96,38,0,38,134
02/19/2008,RYY,GA,ASO,ES,Federal Contract Tower,0,19,41,0,60,0,1,75,2,78,0,20,116,2,138,36,0,36,174
02/20/2008,RYY,GA,ASO,ES,Federal Contract Tower,0,16,27,0,43,0,3,95,1,99,0,19,122,1,142,70,0,70,212
02/21/2008,RYY,GA,ASO,ES,Federal Contract Tower,0,11,28,0,39,0,1,27,6,34,0,12,55,6,73,40,0,40,113
02/22/2008,RYY,GA,ASO,ES,Federal Contract Tower,0,10,30,0,40,0,1,1,0,2,0,11,31,0,42,0,0,0,42
02/23/2008,RYY,GA,ASO,ES,Federal Contract Tower,0,6,45,0,51,0,0,18,0,18,0,6,63,0,69,128,0,128,197
02/24/2008,RYY,GA,ASO,ES,Federal Contract Tower,0,10,37,0,47,0,0,129,2,131,0,10,166,2,178,97,0,97,275
02/25/2008,RYY,GA,ASO,ES,Federal Contract Tower,0,7,42,0,49,0,3,145,3,151,0,10,187,3,200,45,8,53,253
02/26/2008,RYY,GA,ASO,ES,Federal Contract Tower,0,17,31,0,48,0,1,10,0,11,0,18,41,0,59,0,0,0,59
02/27/2008,RYY,GA,ASO,ES,Federal Contract Tower,0,12,36,0,48,0,3,33,0,36,0,15,69,0,84,0,20,20,104
02/28/2008,RYY,GA,ASO,ES,Federal Contract Tower,0,17,47,0,64,0,1,132,1,134,0,18,179,1,198,74,0,74,272
02/29/2008,RYY,GA,ASO,ES,Federal Contract Tower,0,8,48,0,56,0,5,92,2,99,0,13,140,2,155,57,0,57,212
03/01/2008,RYY,GA,ASO,ES,Federal Contract Tower,0,5,43,1,49,0,1,172,1,174,0,6,215,2,223,116,0,116,339
03/02/2008,RYY,GA,ASO,ES,Federal Contract Tower,0,11,42,0,53,0,0,178,2,180,0,11,220,2,233,137,0,137,370
03/03/2008,RYY,GA,ASO,ES,Federal Contract Tower,0,9,34,0,43,0,3,81,0,84,0,12,115,0,127,90,0,90,217
03/04/2008,RYY,GA,ASO,ES,Federal Contract Tower,0,10,9,0,19,0,2,3,0,5,0,12,12,0,24,0,0,0,24
03/05/2008,RYY,GA,ASO,ES,Federal Contract Tower,0,14,45,0,59,0,0,106,1,107,0,14,151,1,166,148,0,148,314
03/06/2008,RYY,GA,ASO,ES,Federal Contract Tower,0,16,44,0,60,0,6,194,8,208,0,22,238,8,268,141,8,149,417
03/07/2008,RYY,GA,ASO,ES,Federal Contract Tower,0,11,28,0,39,0,0,7,0,7,0,11,35,0,46,84,0,84,130
03/08/2008,RYY,GA,ASO,ES,Federal Contract Tower,0,8,9,0,17,0,1,18,0,19,0,9,27,0,36,6,0,6,42
03/09/2008,RYY,GA,ASO,ES,Federal Contract Tower,0,13,37,0,50,0,2,196,6,204,0,15,233,6,254,141,0,141,395
03/10/2008,RYY,GA,ASO,ES,Federal Contract Tower,0,15,31,0,46,0,1,148,0,149,0,16,179,0,195,50,0,50,245
03/11/2008,RYY,GA,ASO,ES,Federal Contract Tower,0,6,38,0,44,0,0,104,0,104,0,6,142,0,148,91,0,91,239
03/12/2008,RYY,GA,ASO,ES,Federal Contract Tower,0,8,41,1,50,0,0,124,1,125,0,8,165,2,175,79,4,83,258
03/13/2008,RYY,GA,ASO,ES,Federal Contract Tower,0,13,47,0,60,0,1,123,4,128,0,14,170,4,188,190,0,190,378
03/14/2008,RYY,GA,ASO,ES,Federal Contract Tower,0,6,46,0,52,0,2,22,0,24,0,8,68,0,76,84,0,84,160
03/15/2008,RYY,GA,ASO,ES,Federal Contract Tower,0,7,26,0,33,0,1,20,0,21,0,8,46,0,54,24,0,24,78
03/16/2008,RYY,GA,ASO,ES,Federal Contract Tower,0,11,47,0,58,0,2,145,1,148,0,13,192,1,206,97,0,97,303
03/17/2008,RYY,GA,ASO,ES,Federal Contract Tower,0,8,25,0,33,0,8,76,0,84,0,16,101,0,117,54,0,54,171
03/18/2008,RYY,GA,ASO,ES,Federal Contract Tower,0,15,51,0,66,0,4,49,0,53,0,19,100,0,119,62,0,62,181
03/19/2008,RYY,GA,ASO,ES,Federal Contract Tower,0,12,27,0,39,0,0,5,0,5,0,12,32,0,44,0,0,0,44
03/20/2008,RYY,GA,ASO,ES,Federal Contract Tower,0,20,58,0,78,0,5,116,1,122,0,25,174,1,200,75,0,75,275
03/21/2008,RYY,GA,ASO,ES,Federal Contract Tower,0,3,76,1,80,0,2,229,0,231,0,5,305,1,311,154,0,154,465
03/22/2008,RYY,GA,ASO,ES,Federal Contract Tower,0,2,28,0,30,0,3,182,2,187,0,5,210,2,217,174,0,174,391
03/23/2008,RYY,GA,ASO,ES,Federal Contract Tower,0,8,43,0,51,0,3,52,2,57,0,11,95,2,108,42,0,42,150
03/24/2008,RYY,GA,ASO,ES,Federal Contract Tower,0,13,44,0,57,0,4,76,0,80,0,17,120,0,137,32,0,32,169
03/25/2008,RYY,GA,ASO,ES,Federal Contract Tower,0,13,51,0,64,0,0,115,4,119,0,13,166,4,183,130,0,130,313
03/26/2008,RYY,GA,ASO,ES,Federal Contract Tower,0,10,71,0,81,0,2,162,3,167,0,12,233,3,248,107,0,107,355
03/27/2008,RYY,GA,ASO,ES,Federal Contract Tower,0,11,68,0,79,0,4,135,0,139,0,15,203,0,218,113,0,113,331
03/28/2008,RYY,GA,ASO,ES,Federal Contract Tower,0,14,52,0,66,0,2,76,1,79,0,16,128,1,145,104,0,104,249
03/29/2008,RYY,GA,ASO,ES,Federal Contract Tower,0,6,16,0,22,0,0,28,0,28,0,6,44,0,50,170,0,170,220
03/30/2008,RYY,GA,ASO,ES,Federal Contract Tower,0,10,39,0,49,0,0,3,0,3,0,10,42,0,52,6,0,6,58
03/31/2008,RYY,GA,ASO,ES,Federal Contract Tower,0,14,41,0,55,0,4,14,0,18,0,18,55,0,73,0,0,0,73
04/01/2008,RYY,GA,ASO,ES,Federal Contract Tower,0,7,50,0,57,0,0,30,0,30,0,7,80,0,87,45,0,45,132
04/02/2008,RYY,GA,ASO,ES,Federal Contract Tower,0,10,44,0,54,0,2,137,1,140,0,12,181,1,194,157,14,171,365
04/03/2008,RYY,GA,ASO,ES,Federal Contract Tower,0,19,45,2,66,0,0,3,0,3,0,19,48,2,69,13,0,13,82
04/04/2008,RYY,GA,ASO,ES,Federal Contract Tower,0,6,43,0,49,0,0,0,0,0,0,6,43,0,49,2,0,2,51
04/05/2008,RYY,GA,ASO,ES,Federal Contract Tower,0,9,24,0,33,0,0,1,0,1,0,9,25,0,34,0,0,0,34
04/06/2008,RYY,GA,ASO,ES,Federal Contract Tower,0,2,55,1,58,0,2,46,0,48,0,4,101,1,106,68,0,68,174
04/07/2008,RYY,GA,ASO,ES,Federal Contract Tower,0,12,47,0,59,0,2,23,0,25,0,14,70,0,84,30,30,60,144
04/08/2008,RYY,GA,ASO,ES,Federal Contract Tower,0,9,45,0,54,0,1,91,0,92,0,10,136,0,146,115,0,115,261
04/09/2008,RYY,GA,ASO,ES,Federal Contract Tower,0,11,54,0,65,0,1,115,4,120,0,12,169,4,185,65,2,67,252
04/10/2008,RYY,GA,ASO,ES,Federal Contract Tower,0,14,74,0,88,0,3,118,0,121,0,17,192,0,209,52,0,52,261
04/11/2008,RYY,GA,ASO,ES,Federal Contract Tower,0,13,48,0,61,0,0,50,0,50,0,13,98,0,111,16,0,16,127
04/12/2008,RYY,GA,ASO,ES,Federal Contract Tower,0,11,22,0,33,0,2,68,2,72,0,13,90,2,105,70,0,70,175
04/13/2008,RYY,GA,ASO,ES,Federal Contract Tower,0,9,39,0,48,0,0,45,1,46,0,9,84,1,94,42,0,42,136
04/14/2008,RYY,GA,ASO,ES,Federal Contract Tower,0,16,42,0,58,0,6,36,0,42,0,22,78,0,100,22,0,22,122
04/15/2008,RYY,GA,ASO,ES,Federal Contract Tower,0,9,34,3,46,0,5,109,4,118,0,14,143,7,164,0,125,125,289
04/16/2008,RYY,GA,ASO,ES,Federal Contract Tower,0,10,39,2,51,0,1,172,3,176,0,11,211,5,227,130,0,130,357
04/17/2008,RYY,GA,ASO,ES,Federal Contract Tower,0,13,49,0,62,0,2,133,2,137,0,15,182,2,199,133,0,133,332
04/18/2008,RYY,GA,ASO,ES,Federal Contract Tower,0,19,37,0,56,0,0,158,0,158,0,19,195,0,214,91,2,93,307
04/19/2008,RYY,GA,ASO,ES,Federal Contract Tower,0,6,22,1,29,0,3,98,4,105,0,9,120,5,134,120,0,120,254
04/20/2008,RYY,GA,ASO,ES,Federal Contract Tower,0,12,45,0,57,0,4,138,8,150,0,16,183,8,207,79,0,79,286
04/21/2008,RYY,GA,ASO,ES,Federal Contract Tower,0,5,51,0,56,0,3,126,0,129,0,8,177,0,185,43,0,43,228
04/22/2008,RYY,GA,ASO,ES,Federal Contract Tower,0,13,28,0,41,0,3,127,1,131,0,16,155,1,172,82,0,82,254
04/23/2008,RYY,GA,ASO,ES,Federal Contract Tower,0,23,47,1,71,0,0,135,3,138,0,23,182,4,209,67,1,68,277
04/24/2008,RYY,GA,ASO,ES,Federal Contract Tower,0,15,57,2,74,0,3,128,1,132,0,18,185,3,206,111,0,111,317
04/25/2008,RYY,GA,ASO,ES,Federal Contract Tower,0,9,45,0,54,0,0,120,0,120,0,9,165,0,174,155,0,155,329
04/26/2008,RYY,GA,ASO,ES,Federal Contract Tower,0,4,28,0,32,0,3,111,8,122,0,7,139,8,154,159,0,159,313
04/27/2008,RYY,GA,ASO,ES,Federal Contract Tower,0,12,39,0,51,0,2,15,0,17,0,14,54,0,68,4,0,4,72
04/28/2008,RYY,GA,ASO,ES,Federal Contract Tower,0,12,57,0,69,0,6,27,0,33,0,18,84,0,102,30,0,30,132
04/29/2008,RYY,GA,ASO,ES,Federal Contract Tower,0,10,35,2,47,0,2,108,0,110,0,12,143,2,157,98,0,98,255
04/30/2008,RYY,GA,ASO,ES,Federal Contract Tower,0,15,44,0,59,0,1,168,2,171,0,16,212,2,230,131,0,131,361
05/01/2008,RYY,GA,ASO,ES,Federal Contract Tower,0,7,52,0,59,0,3,153,3,159,0,10,205,3,218,59,0,59,277
05/02/2008,RYY,GA,ASO,ES,Federal Contract Tower,0,5,46,0,51,0,0,118,1,119,0,5,164,1,170,51,0,51,221
05/03/2008,RYY,GA,ASO,ES,Federal Contract Tower,0,8,45,0,53,0,1,31,3,35,0,9,76,3,88,26,0,26,114
05/04/2008,RYY,GA,ASO,ES,Federal Contract Tower,0,9,87,0,96,0,2,175,3,180,0,11,262,3,276,84,0,84,360
05/05/2008,RYY,GA,ASO,ES,Federal Contract Tower,0,9,43,0,52,0,3,136,0,139,0,12,179,0,191,64,0,64,255
05/06/2008,RYY,GA,ASO,ES,Federal Contract Tower,0,5,53,0,58,0,3,143,2,148,0,8,196,2,206,179,0,179,385
05/07/2008,RYY,GA,ASO,ES,Federal Contract Tower,0,11,39,0,50,0,0,124,2,126,0,11,163,2,176,144,0,144,320
05/08/2008,RYY,GA,ASO,ES,Federal Contract Tower,0,17,54,0,71,0,3,74,2,79,0,20,128,2,150,56,0,56,206
05/09/2008,RYY,GA,ASO,ES,Federal Contract Tower,0,11,49,1,61,0,4,96,0,100,0,15,145,1,161,44,0,44,205
05/10/2008,RYY,GA,ASO,ES,Federal Contract Tower,0,2,37,0,39,0,0,156,0,156,0,2,193,0,195,112,0,112,307
05/11/2008,RYY,GA,ASO,ES,Federal Contract Tower,0,6,29,0,35,0,3,13,0,16,0,9,42,0,51,0,0,0,51
05/12/2008,RYY,GA,ASO,ES,Federal Contract Tower,0,11,41,0,52,0,1,56,0,57,0,12,97,0,109,41,0,41,150
05/13/2008,RYY,GA,ASO,ES,Federal Contract Tower,0,15,54,1,70,0,3,183,2,188,0,18,237,3,258,172,0,172,430
05/14/2008,RYY,GA,ASO,ES,Federal Contract Tower,0,18,44,0,62,0,1,139,4,144,0,19,183,4,206,50,0,50,256
05/15/2008,RYY,GA,ASO,ES,Federal Contract Tower,0,8,26,0,34,0,0,10,2,12,0,8,36,2,46,50,0,50,96
05/16/2008,RYY,GA,ASO,ES,Federal Contract Tower,0,6,46,0,52,0,1,70,0,71,0,7,116,0,123,50,0,50,173
05/17/2008,RYY,GA,ASO,ES,Federal Contract Tower,0,8,28,1,37,0,2,186,1,189,0,10,214,2,226,127,0,127,353
05/18/2008,RYY,GA,ASO,ES,Federal Contract Tower,0,7,30,0,37,0,0,62,2,64,0,7,92,2,101,74,0,74,175
05/19/2008,RYY,GA,ASO,ES,Federal Contract Tower,0,11,34,0,45,0,3,142,0,145,0,14,176,0,190,88,0,88,278
05/20/2008,RYY,GA,ASO,ES,Federal Contract Tower,0,10,33,0,43,0,4,77,0,81,0,14,110,0,124,116,0,116,240
05/21/2008,RYY,GA,ASO,ES,Federal Contract Tower,0,12,46,1,59,0,2,173,1,176,0,14,219,2,235,116,0,116,351
05/22/2008,RYY,GA,ASO,ES,Federal Contract Tower,0,15,60,0,75,0,1,155,1,157,0,16,215,1,232,102,0,102,334
05/23/2008,RYY,GA,ASO,ES,Federal Contract Tower,0,7,61,1,69,0,0,87,0,87,0,7,148,1,156,96,0,96,252
05/24/2008,RYY,GA,ASO,ES,Federal Contract Tower,0,3,34,1,38,0,0,136,2,138,0,3,170,3,176,132,0,132,308
05/25/2008,RYY,GA,ASO,ES,Federal Contract Tower,0,1,32,0,33,0,4,96,2,102,0,5,128,2,135,98,0,98,233
05/26/2008,RYY,GA,ASO,ES,Federal Contract Tower,0,15,40,0,55,0,0,128,0,128,0,15,168,0,183,99,0,99,282
05/27/2008,RYY,GA,ASO,ES,Federal Contract Tower,0,0,9,0,9,0,15,120,1,136,0,15,129,1,145,116,0,116,261
05/28/2008,RYY,GA,ASO,ES,Federal Contract Tower,0,12,37,0,49,0,1,98,0,99,0,13,135,0,148,119,0,119,267
05/29/2008,RYY,GA,ASO,ES,Federal Contract Tower,0,16,59,0,75,0,1,27,2,30,0,17,86,2,105,43,0,43,148
05/30/2008,RYY,GA,ASO,ES,Federal Contract Tower,0,16,73,0,89,0,1,90,3,94,0,17,163,3,183,153,0,153,336
05/31/2008,RYY,GA,ASO,ES,Federal Contract Tower,0,5,52,0,57,0,0,183,0,183,0,5,235,0,240,101,0,101,341
06/01/2008,RYY,GA,ASO,ES,Federal Contract Tower,0,8,28,0,36,0,1,59,1,61,0,9,87,1,97,157,0,157,254
06/02/2008,RYY,GA,ASO,ES,Federal Contract Tower,0,12,26,3,41,0,1,128,0,129,0,13,154,3,170,104,0,104,274
06/03/2008,RYY,GA,ASO,ES,Federal Contract Tower,0,14,35,0,49,0,1,113,0,114,0,15,148,0,163,86,0,86,249
06/04/2008,RYY,GA,ASO,ES,Federal Contract Tower,0,15,36,0,51,0,2,139,0,141,0,17,175,0,192,59,0,59,251
06/05/2008,RYY,GA,ASO,ES,Federal Contract Tower,0,16,53,1,70,0,0,155,3,158,0,16,208,4,228,46,2,48,276
06/06/2008,RYY,GA,ASO,ES,Federal Contract Tower,0,6,49,0,55,0,2,135,2,139,0,8,184,2,194,77,0,77,271
06/07/2008,RYY,GA,ASO,ES,Federal Contract Tower,0,3,32,0,35,0,2,170,0,172,0,5,202,0,207,155,0,155,362
06/08/2008,RYY,GA,ASO,ES,Federal Contract Tower,0,13,33,0,46,0,0,104,2,106,0,13,137,2,152,83,0,83,235
06/09/2008,RYY,GA,ASO,ES,Federal Contract Tower,0,10,24,0,34,0,2,101,0,103,0,12,125,0,137,97,0,97,234
06/10/2008,RYY,GA,ASO,ES,Federal Contract Tower,0,14,27,0,41,0,3,112,2,117,0,17,139,2,158,32,0,32,190
06/11/2008,RYY,GA,ASO,ES,Federal Contract Tower,0,14,28,0,42,0,4,102,0,106,0,18,130,0,148,34,0,34,182
06/12/2008,RYY,GA,ASO,ES,Federal Contract Tower,0,16,50,2,68,0,3,105,2,110,0,19,155,4,178,50,0,50,228
06/13/2008,RYY,GA,ASO,ES,Federal Contract Tower,0,7,36,0,43,0,0,112,0,112,0,7,148,0,155,103,0,103,258
06/14/2008,RYY,GA,ASO,ES,Federal Contract Tower,0,6,30,0,36,0,0,84,8,92,0,6,114,8,128,121,0,121,249
06/15/2008,RYY,GA,ASO,ES,Federal Contract Tower,0,6,28,0,34,0,0,143,0,143,0,6,171,0,177,34,0,34,211
06/16/2008,RYY,GA,ASO,ES,Federal Contract Tower,0,10,38,0,48,0,0,143,1,144,0,10,181,1,192,118,0,118,310
06/17/2008,RYY,GA,ASO,ES,Federal Contract Tower,0,9,28,1,38,0,0,122,4,126,0,9,150,5,164,106,0,106,270
06/18/2008,RYY,GA,ASO,ES,Federal Contract Tower,0,11,49,1,61,0,2,154,3,159,0,13,203,4,220,104,0,104,324
06/19/2008,RYY,GA,ASO,ES,Federal Contract Tower,0,16,42,2,60,0,0,132,3,135,0,16,174,5,195,107,2,109,304
06/20/2008,RYY,GA,ASO,ES,Federal Contract Tower,0,6,29,2,37,0,2,140,1,143,0,8,169,3,180,121,0,121,301
06/21/2008,RYY,GA,ASO,ES,Federal Contract Tower,0,3,21,0,24,0,0,88,0,88,0,3,109,0,112,102,0,102,214
06/22/2008,RYY,GA,ASO,ES,Federal Contract Tower,0,9,24,0,33,0,2,98,0,100,0,11,122,0,133,106,0,106,239
06/23/2008,RYY,GA,ASO,ES,Federal Contract Tower,0,14,35,0,49,0,0,121,2,123,0,14,156,2,172,96,0,96,268
06/24/2008,RYY,GA,ASO,ES,Federal Contract Tower,0,11,28,1,40,0,0,151,2,153,0,11,179,3,193,149,0,149,342
06/25/2008,RYY,GA,ASO,ES,Federal Contract Tower,0,16,55,1,72,0,0,141,1,142,0,16,196,2,214,96,0,96,310
06/26/2008,RYY,GA,ASO,ES,Federal Contract Tower,0,13,56,2,71,0,2,109,0,111,0,15,165,2,182,76,2,78,260
06/27/2008,RYY,GA,ASO,ES,Federal Contract Tower,0,11,41,1,53,0,2,124,1,127,0,13,165,2,180,56,0,56,236
06/28/2008,RYY,GA,ASO,ES,Federal Contract Tower,0,4,21,0,25,0,5,120,0,125,0,9,141,0,150,73,0,73,223
06/29/2008,RYY,GA,ASO,ES,Federal Contract Tower,0,10,41,0,51,0,4,22,0,26,0,14,63,0,77,54,0,54,131
06/30/2008,RYY,GA,ASO,ES,Federal Contract Tower,0,13,51,0,64,0,0,55,1,56,0,13,106,1,120,30,0,30,150
07/01/2008,RYY,GA,ASO,ES,Federal Contract Tower,0,18,48,0,66,0,1,143,5,149,0,19,191,5,215,135,0,135,350
07/02/2008,RYY,GA,ASO,ES,Federal Contract Tower,0,9,35,1,45,0,0,120,0,120,0,9,155,1,165,64,0,64,229
07/03/2008,RYY,GA,ASO,ES,Federal Contract Tower,0,9,50,0,59,0,2,135,1,138,0,11,185,1,197,152,0,152,349
07/04/2008,RYY,GA,ASO,ES,Federal Contract Tower,0,4,36,0,40,0,9,64,0,73,0,13,100,0,113,56,0,56,169
07/05/2008,RYY,GA,ASO,ES,Federal Contract Tower,0,5,21,0,26,0,5,84,0,89,0,10,105,0,115,48,0,48,163
07/06/2008,RYY,GA,ASO,ES,Federal Contract Tower,0,9,57,0,66,0,2,87,2,91,0,11,144,2,157,26,0,26,183
07/07/2008,RYY,GA,ASO,ES,Federal Contract Tower,0,17,49,2,68,0,0,75,0,75,0,17,124,2,143,54,0,54,197
07/08/2008,RYY,GA,ASO,ES,Federal Contract Tower,0,16,64,0,80,0,2,86,1,89,0,18,150,1,169,84,0,84,253
07/09/2008,RYY,GA,ASO,ES,Federal Contract Tower,0,4,51,2,57,0,0,74,0,74,0,4,125,2,131,129,0,129,260
07/10/2008,RYY,GA,ASO,ES,Federal Contract Tower,0,13,52,0,65,0,1,72,0,73,0,14,124,0,138,130,0,130,268
07/11/2008,RYY,GA,ASO,ES,Federal Contract Tower,0,3,65,5,73,0,0,68,0,68,0,3,133,5,141,39,0,39,180
07/12/2008,RYY,GA,ASO,ES,Federal Contract Tower,0,9,35,2,46,0,3,126,2,131,0,12,161,4,177,64,10,74,251
07/13/2008,RYY,GA,ASO,ES,Federal Contract Tower,0,9,41,0,50,0,2,15,0,17,0,11,56,0,67,0,0,0,67
07/14/2008,RYY,GA,ASO,ES,Federal Contract Tower,0,11,38,0,49,0,0,107,0,107,0,11,145,0,156,45,0,45,201
07/15/2008,RYY,GA,ASO,ES,Federal Contract Tower,0,9,36,0,45,0,2,94,3,99,0,11,130,3,144,91,0,91,235
07/16/2008,RYY,GA,ASO,ES,Federal Contract Tower,0,14,43,1,58,0,0,156,6,162,0,14,199,7,220,99,0,99,319
07/17/2008,RYY,GA,ASO,ES,Federal Contract Tower,0,8,36,3,47,0,3,203,0,206,0,11,239,3,253,151,0,151,404
07/18/2008,RYY,GA,ASO,ES,Federal Contract Tower,0,14,51,1,66,0,0,218,1,219,0,14,269,2,285,68,0,68,353
07/19/2008,RYY,GA,ASO,ES,Federal Contract Tower,0,2,33,0,35,0,2,172,8,182,0,4,205,8,217,93,0,93,310
07/20/2008,RYY,GA,ASO,ES,Federal Contract Tower,0,8,33,1,42,0,1,150,6,157,0,9,183,7,199,72,0,72,271
07/21/2008,RYY,GA,ASO,ES,Federal Contract Tower,0,15,40,0,55,0,6,144,1,151,0,21,184,1,206,113,0,113,319
07/22/2008,RYY,GA,ASO,ES,Federal Contract Tower,0,6,29,0,35,0,1,83,0,84,0,7,112,0,119,71,0,71,190
07/23/2008,RYY,GA,ASO,ES,Federal Contract Tower,0,20,60,0,80,0,0,50,0,50,0,20,110,0,130,73,0,73,203
07/24/2008,RYY,GA,ASO,ES,Federal Contract Tower,0,8,43,0,51,0,6,197,0,203,0,14,240,0,254,120,0,120,374
07/25/2008,RYY,GA,ASO,ES,Federal Contract Tower,0,6,44,0,50,0,2,219,0,221,0,8,263,0,271,114,0,114,385
07/26/2008,RYY,GA,ASO,ES,Federal Contract Tower,0,3,28,0,31,0,103,0,0,103,0,106,28,0,134,138,0,138,272
07/27/2008,RYY,GA,ASO,ES,Federal Contract Tower,0,3,47,0,50,0,1,73,0,74,0,4,120,0,124,43,0,43,167
07/28/2008,RYY,GA,ASO,ES,Federal Contract Tower,0,15,24,0,39,0,0,92,2,94,0,15,116,2,133,90,0,90,223
07/29/2008,RYY,GA,ASO,ES,Federal Contract Tower,0,8,35,0,43,0,4,124,1,129,0,12,159,1,172,67,0,67,239
07/30/2008,RYY,GA,ASO,ES,Federal Contract Tower,0,7,51,0,58,0,2,62,2,66,0,9,113,2,124,32,0,32,156
07/31/2008,RYY,GA,ASO,ES,Federal Contract Tower,0,11,40,0,51,0,1,47,10,58,0,12,87,10,109,58,39,97,206
08/01/2008,RYY,GA,ASO,ES,Federal Contract Tower,0,6,73,0,79,0,3,74,1,78,0,9,147,1,157,49,0,49,206
08/02/2008,RYY,GA,ASO,ES,Federal Contract Tower,0,10,24,0,34,0,2,132,1,135,0,12,156,1,169,29,0,29,198
08/03/2008,RYY,GA,ASO,ES,Federal Contract Tower,0,9,54,0,63,0,0,105,8,113,0,9,159,8,176,77,0,77,253
08/04/2008,RYY,GA,ASO,ES,Federal Contract Tower,0,10,27,0,37,0,3,128,2,133,0,13,155,2,170,40,0,40,210
08/05/2008,RYY,GA,ASO,ES,Federal Contract Tower,0,12,20,0,32,0,0,106,3,109,0,12,126,3,141,115,0,115,256
08/06/2008,RYY,GA,ASO,ES,Federal Contract Tower,0,10,47,0,57,0,8,124,0,132,0,18,171,0,189,91,0,91,280
08/07/2008,RYY,GA,ASO,ES,Federal Contract Tower,0,8,39,0,47,0,0,0,0,0,0,8,39,0,47,96,0,96,143
08/08/2008,RYY,GA,ASO,ES,Federal Contract Tower,0,8,30,1,39,0,0,127,0,127,0,8,157,1,166,57,0,57,223
08/09/2008,RYY,GA,ASO,ES,Federal Contract Tower,0,4,24,0,28,0,1,147,0,148,0,5,171,0,176,55,0,55,231
08/10/2008,RYY,GA,ASO,ES,Federal Contract Tower,0,12,29,0,41,0,4,114,0,118,0,16,143,0,159,32,0,32,191
08/11/2008,RYY,GA,ASO,ES,Federal Contract Tower,0,7,31,4,42,0,1,120,0,121,0,8,151,4,163,36,0,36,199
08/12/2008,RYY,GA,ASO,ES,Federal Contract Tower,0,12,39,2,53,0,0,104,2,106,0,12,143,4,159,65,0,65,224
08/13/2008,RYY,GA,ASO,ES,Federal Contract Tower,0,10,43,2,55,0,1,52,0,53,0,11,95,2,108,11,0,11,119
08/14/2008,RYY,GA,ASO,ES,Federal Contract Tower,0,6,54,3,63,0,1,112,0,113,0,7,166,3,176,107,0,107,283
08/15/2008,RYY,GA,ASO,ES,Federal Contract Tower,0,4,42,4,50,0,1,144,4,149,0,5,186,8,199,57,10,67,266
08/16/2008,RYY,GA,ASO,ES,Federal Contract Tower,0,0,22,2,24,0,4,115,1,120,0,4,137,3,144,143,0,143,287
08/17/2008,RYY,GA,ASO,ES,Federal Contract Tower,0,7,30,2,39,0,2,114,1,117,0,9,144,3,156,32,0,32,188
08/18/2008,RYY,GA,ASO,ES,Federal Contract Tower,0,7,27,9,43,0,1,88,0,89,0,8,115,9,132,72,0,72,204
08/19/2008,RYY,GA,ASO,ES,Federal Contract Tower,0,5,44,3,52,0,2,121,6,129,0,7,165,9,181,126,4,130,311
08/20/2008,RYY,GA,ASO,ES,Federal Contract Tower,0,11,20,4,35,0,1,107,4,112,0,12,127,8,147,61,0,61,208
08/21/2008,RYY,GA,ASO,ES,Federal Contract Tower,0,9,28,5,42,0,3,53,2,58,0,12,81,7,100,56,7,63,163
08/22/2008,RYY,GA,ASO,ES,Federal Contract Tower,0,7,26,4,37,0,6,54,0,60,0,13,80,4,97,11,0,11,108
08/23/2008,RYY,GA,ASO,ES,Federal Contract Tower,0,3,18,3,24,0,7,8,0,15,0,10,26,3,39,10,0,10,49
08/24/2008,RYY,GA,ASO,ES,Federal Contract Tower,0,11,10,0,21,0,1,11,0,12,0,12,21,0,33,5,0,5,38
08/25/2008,RYY,GA,ASO,ES,Federal Contract Tower,0,4,38,0,42,0,1,6,0,7,0,5,44,0,49,30,0,30,79
08/26/2008,RYY,GA,ASO,ES,Federal Contract Tower,0,2,20,8,30,0,0,17,1,18,0,2,37,9,48,12,2,14,62
08/27/2008,RYY,GA,ASO,ES,Federal Contract Tower,0,6,50,5,61,0,2,31,4,37,0,8,81,9,98,54,0,54,152
08/28/2008,RYY,GA,ASO,ES,Federal Contract Tower,0,6,62,12,80,0,5,143,5,153,0,11,205,17,233,76,0,76,309
08/29/2008,RYY,GA,ASO,ES,Federal Contract Tower,0,3,50,5,58,0,2,199,8,209,0,5,249,13,267,63,2,65,332
08/30/2008,RYY,GA,ASO,ES,Federal Contract Tower,0,6,23,1,30,0,1,155,7,163,0,7,178,8,193,43,0,43,236
08/31/2008,RYY,GA,ASO,ES,Federal Contract Tower,0,8,35,1,44,0,0,114,0,114,0,8,149,1,158,59,0,59,217
09/01/2008,RYY,GA,ASO,ES,Federal Contract Tower,0,7,31,0,38,0,2,34,0,36,0,9,65,0,74,52,0,52,126
09/02/2008,RYY,GA,ASO,ES,Federal Contract Tower,0,1,30,10,41,0,0,98,0,98,0,1,128,10,139,6,0,6,145
09/03/2008,RYY,GA,ASO,ES,Federal Contract Tower,0,11,50,4,65,0,7,125,3,135,0,18,175,7,200,58,20,78,278
09/04/2008,RYY,GA,ASO,ES,Federal Contract Tower,0,5,47,5,57,0,4,117,0,121,0,9,164,5,178,51,0,51,229
09/05/2008,RYY,GA,ASO,ES,Federal Contract Tower,0,5,42,4,51,0,1,161,2,164,0,6,203,6,215,56,2,58,273
09/06/2008,RYY,GA,ASO,ES,Federal Contract Tower,0,4,25,0,29,0,2,177,4,183,0,6,202,4,212,103,0,103,315
09/07/2008,RYY,GA,ASO,ES,Federal Contract Tower,0,2,44,2,48,0,0,135,0,135,0,2,179,2,183,78,0,78,261
09/08/2008,RYY,GA,ASO,ES,Federal Contract Tower,0,3,39,2,44,0,0,96,7,103,0,3,135,9,147,106,0,106,253
09/09/2008,RYY,GA,ASO,ES,Federal Contract Tower,0,8,46,6,60,0,0,21,0,21,0,8,67,6,81,28,0,28,109
09/10/2008,RYY,GA,ASO,ES,Federal Contract Tower,0,2,52,3,57,2,67,1,0,70,2,69,53,3,127,98,6,104,231
09/11/2008,RYY,GA,ASO,ES,Federal Contract Tower,0,9,53,10,72,0,0,36,0,36,0,9,89,10,108,36,0,36,144
09/12/2008,RYY,GA,ASO,ES,Federal Contract Tower,0,8,36,5,49,0,0,38,0,38,0,8,74,5,87,88,0,88,175
09/13/2008,RYY,GA,ASO,ES,Federal Contract Tower,0,4,57,4,65,0,0,86,0,86,0,4,143,4,151,121,0,121,272
09/14/2008,RYY,GA,ASO,ES,Federal Contract Tower,0,2,37,8,47,0,1,73,0,74,0,3,110,8,121,59,0,59,180
09/15/2008,RYY,GA,ASO,ES,Federal Contract Tower,0,2,35,7,44,0,3,53,0,56,0,5,88,7,100,59,0,59,159
09/16/2008,RYY,GA,ASO,ES,Federal Contract Tower,0,13,39,4,56,0,2,79,2,83,0,15,118,6,139,163,34,197,336
09/17/2008,RYY,GA,ASO,ES,Federal Contract Tower,0,7,59,8,74,0,2,14,0,16,0,9,73,8,90,73,0,73,163
09/18/2008,RYY,GA,ASO,ES,Federal Contract Tower,0,5,62,8,75,0,0,148,0,148,0,5,210,8,223,95,0,95,318
09/19/2008,RYY,GA,ASO,ES,Federal Contract Tower,0,6,47,4,57,0,0,112,0,112,0,6,159,4,169,87,0,87,256
09/20/2008,RYY,GA,ASO,ES,Federal Contract Tower,0,1,24,0,25,0,2,123,3,128,0,3,147,3,153,47,0,47,200
09/21/2008,RYY,GA,ASO,ES,Federal Contract Tower,0,7,46,0,53,0,4,130,3,137,0,11,176,3,190,126,0,126,316
09/22/2008,RYY,GA,ASO,ES,Federal Contract Tower,0,0,20,7,27,0,0,0,0,0,0,0,20,7,27,69,0,69,96
09/23/2008,RYY,GA,ASO,ES,Federal Contract Tower,0,7,23,0,30,0,2,85,0,87,0,9,108,0,117,115,0,115,232
09/24/2008,RYY,GA,ASO,ES,Federal Contract Tower,0,11,45,2,58,0,2,122,2,126,0,13,167,4,184,98,0,98,282
09/25/2008,RYY,GA,ASO,ES,Federal Contract Tower,0,7,38,0,45,0,5,82,1,88,0,12,120,1,133,69,0,69,202
09/26/2008,RYY,GA,ASO,ES,Federal Contract Tower,0,6,52,0,58,0,2,114,0,116,0,8,166,0,174,49,0,49,223
09/27/2008,RYY,GA,ASO,ES,Federal Contract Tower,0,0,32,2,34,0,2,113,3,118,0,2,145,5,152,135,0,135,287
09/28/2008,RYY,GA,ASO,ES,Federal Contract Tower,0,3,34,0,37,0,4,132,0,136,0,7,166,0,173,69,0,69,242
09/29/2008,RYY,GA,ASO,ES,Federal Contract Tower,0,3,39,0,42,0,0,100,0,100,0,3,139,0,142,96,0,96,238
09/30/2008,RYY,GA,ASO,ES,Federal Contract Tower,0,4,44,0,48,0,4,115,1,120,0,8,159,1,168,73,0,73,241
10/01/2008,RYY,GA,ASO,ES,Federal Contract Tower,0,5,36,0,41,0,0,90,4,94,0,5,126,4,135,45,0,45,180
10/02/2008,RYY,GA,ASO,ES,Federal Contract Tower,0,8,34,0,42,0,2,133,3,138,0,10,167,3,180,51,0,51,231
10/03/2008,RYY,GA,ASO,ES,Federal Contract Tower,0,4,39,0,43,0,0,144,0,144,0,4,183,0,187,0,92,92,279
10/04/2008,RYY,GA,ASO,ES,Federal Contract Tower,0,5,23,0,28,0,3,144,1,148,0,8,167,1,176,38,0,38,214
10/05/2008,RYY,GA,ASO,ES,Federal Contract Tower,0,1,37,1,39,0,4,147,2,153,0,5,184,3,192,66,0,66,258
10/06/2008,RYY,GA,ASO,ES,Federal Contract Tower,0,6,32,0,38,0,4,112,0,116,0,10,144,0,154,53,0,53,207
10/07/2008,RYY,GA,ASO,ES,Federal Contract Tower,0,4,31,0,35,0,6,88,0,94,0,10,119,0,129,50,0,50,179
10/08/2008,RYY,GA,ASO,ES,Federal Contract Tower,0,5,35,0,40,0,0,1,0,1,0,5,36,0,41,0,0,0,41
10/09/2008,RYY,GA,ASO,ES,Federal Contract Tower,0,10,38,0,48,0,1,30,3,34,0,11,68,3,82,6,0,6,88
10/10/2008,RYY,GA,ASO,ES,Federal Contract Tower,0,5,49,0,54,0,2,36,0,38,0,7,85,0,92,64,0,64,156
10/11/2008,RYY,GA,ASO,ES,Federal Contract Tower,0,1,38,2,41,0,2,60,5,67,0,3,98,7,108,61,0,61,169
10/12/2008,RYY,GA,ASO,ES,Federal Contract Tower,0,5,49,0,54,0,7,35,0,42,0,12,84,0,96,12,0,12,108
10/13/2008,RYY,GA,ASO,ES,Federal Contract Tower,0,4,48,0,52,0,1,60,0,61,0,5,108,0,113,33,0,33,146
10/14/2008,RYY,GA,ASO,ES,Federal Contract Tower,0,5,25,0,30,0,3,128,0,131,0,8,153,0,161,60,0,60,221
10/15/2008,RYY,GA,ASO,ES,Federal Contract Tower,0,10,33,0,43,0,0,125,0,125,0,10,158,0,168,58,0,58,226
10/16/2008,RYY,GA,ASO,ES,Federal Contract Tower,0,6,53,1,60,0,1,166,1,168,0,7,219,2,228,68,0,68,296
10/17/2008,RYY,GA,ASO,ES,Federal Contract Tower,0,5,51,0,56,0,0,4,0,4,0,5,55,0,60,7,0,7,67
10/18/2008,RYY,GA,ASO,ES,Federal Contract Tower,0,3,34,0,37,0,3,115,2,120,0,6,149,2,157,0,0,0,157
10/19/2008,RYY,GA,ASO,ES,Federal Contract Tower,0,3,37,0,40,0,2,117,4,123,0,5,154,4,163,101,0,101,264
10/20/2008,RYY,GA,ASO,ES,Federal Contract Tower,0,12,18,0,30,0,1,101,0,102,0,13,119,0,132,0,0,0,132
10/21/2008,RYY,GA,ASO,ES,Federal Contract Tower,0,7,20,0,27,0,4,106,2,112,0,11,126,2,139,59,0,59,198
10/22/2008,RYY,GA,ASO,ES,Federal Contract Tower,0,9,40,0,49,0,4,140,0,144,0,13,180,0,193,73,0,73,266
10/23/2008,RYY,GA,ASO,ES,Federal Contract Tower,0,8,45,0,53,0,2,82,3,87,0,10,127,3,140,18,0,18,158
10/24/2008,RYY,GA,ASO,ES,Federal Contract Tower,0,3,32,0,35,0,0,0,0,0,0,3,32,0,35,0,0,0,35
10/25/2008,RYY,GA,ASO,ES,Federal Contract Tower,0,2,28,0,30,0,0,85,3,88,0,2,113,3,118,12,0,12,130
10/26/2008,RYY,GA,ASO,ES,Federal Contract Tower,0,7,48,0,55,0,2,167,3,172,0,9,215,3,227,29,0,29,256
10/27/2008,RYY,GA,ASO,ES,Federal Contract Tower,0,4,22,0,26,0,2,39,2,43,0,6,61,2,69,2,0,2,71
10/28/2008,RYY,GA,ASO,ES,Federal Contract Tower,0,6,34,0,40,0,5,80,0,85,0,11,114,0,125,80,0,80,205
10/29/2008,RYY,GA,ASO,ES,Federal Contract Tower,0,2,33,0,35,0,6,112,2,120,0,8,145,2,155,41,0,41,196
10/30/2008,RYY,GA,ASO,ES,Federal Contract Tower,0,9,31,0,40,0,0,146,10,156,0,9,177,10,196,46,0,46,242
10/31/2008,RYY,GA,ASO,ES,Federal Contract Tower,0,10,37,0,47,0,3,121,0,124,0,13,158,0,171,85,0,85,256
11/01/2008,RYY,GA,ASO,ES,Federal Contract Tower,0,2,38,0,40,0,3,157,0,160,0,5,195,0,200,28,0,28,228
11/02/2008,RYY,GA,ASO,ES,Federal Contract Tower,0,2,23,0,25,0,2,154,2,158,0,4,177,2,183,56,0,56,239
11/03/2008,RYY,GA,ASO,ES,Federal Contract Tower,0,3,35,0,38,0,5,86,2,93,0,8,121,2,131,28,0,28,159
11/04/2008,RYY,GA,ASO,ES,Federal Contract Tower,0,3,20,0,23,0,2,105,0,107,0,5,125,0,130,50,0,50,180
11/05/2008,RYY,GA,ASO,ES,Federal Contract Tower,0,8,31,0,39,0,2,92,0,94,0,10,123,0,133,13,0,13,146
11/06/2008,RYY,GA,ASO,ES,Federal Contract Tower,0,7,42,0,49,0,3,135,2,140,0,10,177,2,189,56,0,56,245
11/07/2008,RYY,GA,ASO,ES,Federal Contract Tower,0,10,49,1,60,0,2,67,3,72,0,12,116,4,132,77,0,77,209
11/08/2008,RYY,GA,ASO,ES,Federal Contract Tower,0,0,29,0,29,0,0,140,4,144,0,0,169,4,173,59,0,59,232
11/09/2008,RYY,GA,ASO,ES,Federal Contract Tower,0,4,37,0,41,0,0,143,0,143,0,4,180,0,184,97,0,97,281
11/10/2008,RYY,GA,ASO,ES,Federal Contract Tower,0,0,10,0,10,0,3,67,0,70,0,3,77,0,80,0,0,0,80
11/11/2008,RYY,GA,ASO,ES,Federal Contract Tower,0,0,12,0,12,0,0,70,0,70,0,0,82,0,82,0,0,0,82
11/12/2008,RYY,GA,ASO,ES,Federal Contract Tower,0,0,4,0,4,0,3,50,0,53,0,3,54,0,57,0,0,0,57
11/13/2008,RYY,GA,ASO,ES,Federal Contract Tower,0,0,0,0,0,0,0,0,0,0,0,0,0,0,0,0,0,0,0
11/14/2008,RYY,GA,ASO,ES,Federal Contract Tower,0,0,0,0,0,0,0,0,0,0,0,0,0,0,0,0,0,0,0
11/15/2008,RYY,GA,ASO,ES,Federal Contract Tower,0,0,7,0,7,0,3,18,0,21,0,3,25,0,28,0,0,0,28
11/16/2008,RYY,GA,ASO,ES,Federal Contract Tower,0,0,9,0,9,0,2,57,0,59,0,2,66,0,68,2,0,2,70
11/17/2008,RYY,GA,ASO,ES,Federal Contract Tower,0,0,6,0,6,0,3,63,0,66,0,3,69,0,72,0,0,0,72
11/18/2008,RYY,GA,ASO,ES,Federal Contract Tower,0,0,2,0,2,0,0,35,0,35,0,0,37,0,37,0,0,0,37
11/19/2008,RYY,GA,ASO,ES,Federal Contract Tower,0,1,17,0,18,0,0,100,0,100,0,1,117,0,118,0,0,0,118
11/20/2008,RYY,GA,ASO,ES,Federal Contract Tower,0,0,16,0,16,0,0,0,0,0,0,0,16,0,16,8,0,8,24
11/21/2008,RYY,GA,ASO,ES,Federal Contract Tower,0,2,8,0,10,0,0,21,0,21,0,2,29,0,31,4,0,4,35
11/22/2008,RYY,GA,ASO,ES,Federal Contract Tower,0,0,9,0,9,0,2,140,0,142,0,2,149,0,151,2,0,2,153
11/23/2008,RYY,GA,ASO,ES,Federal Contract Tower,0,0,8,0,8,0,0,99,2,101,0,0,107,2,109,2,0,2,111
11/24/2008,RYY,GA,ASO,ES,Federal Contract Tower,0,0,0,0,0,0,0,4,0,4,0,0,4,0,4,0,0,0,4
11/25/2008,RYY,GA,ASO,ES,Federal Contract Tower,0,0,0,0,0,0,0,15,0,15,0,0,15,0,15,0,0,0,15
11/26/2008,RYY,GA,ASO,ES,Federal Contract Tower,0,0,0,0,0,0,6,1,0,7,0,6,1,0,7,0,0,0,7
11/27/2008,RYY,GA,ASO,ES,Federal Contract Tower,0,0,8,0,8,0,0,33,0,33,0,0,41,0,41,0,0,0,41
11/28/2008,RYY,GA,ASO,ES,Federal Contract Tower,0,0,9,0,9,0,2,44,0,46,0,2,53,0,55,0,0,0,55
11/29/2008,RYY,GA,ASO,ES,Federal Contract Tower,0,0,0,0,0,0,0,0,0,0,0,0,0,0,0,0,0,0,0
11/30/2008,RYY,GA,ASO,ES,Federal Contract Tower,0,0,1,0,1,0,0,0,0,0,0,0,1,0,1,0,0,0,1
12/01/2008,RYY,GA,ASO,ES,Federal Contract Tower,0,0,4,0,4,0,4,18,0,22,0,4,22,0,26,14,0,14,40
12/02/2008,RYY,GA,ASO,ES,Federal Contract Tower,0,0,7,2,9,0,2,64,0,66,0,2,71,2,75,4,0,4,79
12/03/2008,RYY,GA,ASO,ES,Federal Contract Tower,0,6,18,0,24,0,2,138,1,141,0,8,156,1,165,45,0,45,210
12/04/2008,RYY,GA,ASO,ES,Federal Contract Tower,0,3,20,0,23,0,3,24,0,27,0,6,44,0,50,54,0,54,104
12/05/2008,RYY,GA,ASO,ES,Federal Contract Tower,0,2,23,0,25,0,3,121,0,124,0,5,144,0,149,51,0,51,200
12/06/2008,RYY,GA,ASO,ES,Federal Contract Tower,0,2,23,0,25,0,0,164,5,169,0,2,187,5,194,105,0,105,299
12/07/2008,RYY,GA,ASO,ES,Federal Contract Tower,0,5,21,0,26,0,2,127,1,130,0,7,148,1,156,18,3,21,177
12/08/2008,RYY,GA,ASO,ES,Federal Contract Tower,0,1,26,0,27,0,0,105,0,105,0,1,131,0,132,32,0,32,164
12/09/2008,RYY,GA,ASO,ES,Federal Contract Tower,0,3,24,0,27,0,3,24,0,27,0,6,48,0,54,61,0,61,115
12/10/2008,RYY,GA,ASO,ES,Federal Contract Tower,0,0,8,0,8,0,0,0,0,0,0,0,8,0,8,0,0,0,8
12/11/2008,RYY,GA,ASO,ES,Federal Contract Tower,0,1,12,0,13,0,4,11,0,15,0,5,23,0,28,20,0,20,48
12/12/2008,RYY,GA,ASO,ES,Federal Contract Tower,0,6,18,0,24,0,6,92,0,98,0,12,110,0,122,56,2,58,180
12/13/2008,RYY,GA,ASO,ES,Federal Contract Tower,0,3,12,0,15,0,0,185,1,186,0,3,197,1,201,87,0,87,288
12/14/2008,RYY,GA,ASO,ES,Federal Contract Tower,0,5,23,0,28,0,4,57,2,63,0,9,80,2,91,47,0,47,138
12/15/2008,RYY,GA,ASO,ES,Federal Contract Tower,0,6,15,0,21,0,0,7,0,7,0,6,22,0,28,0,0,0,28
12/16/2008,RYY,GA,ASO,ES,Federal Contract Tower,0,4,16,0,20,0,0,6,0,6,0,4,22,0,26,21,0,21,47
12/17/2008,RYY,GA,ASO,ES,Federal Contract Tower,0,5,31,0,36,0,2,22,2,26,0,7,53,2,62,66,6,72,134
12/18/2008,RYY,GA,ASO,ES,Federal Contract Tower,0,2,31,0,33,0,0,15,0,15,0,2,46,0,48,18,0,18,66
12/19/2008,RYY,GA,ASO,ES,Federal Contract Tower,0,2,39,0,41,0,5,25,0,30,0,7,64,0,71,58,0,58,129
12/20/2008,RYY,GA,ASO,ES,Federal Contract Tower,0,2,14,0,16,0,2,4,0,6,0,4,18,0,22,0,0,0,22
12/21/2008,RYY,GA,ASO,ES,Federal Contract Tower,0,2,21,0,23,0,6,17,0,23,0,8,38,0,46,0,0,0,46
12/22/2008,RYY,GA,ASO,ES,Federal Contract Tower,0,5,28,0,33,0,1,165,0,166,0,6,193,0,199,94,0,94,293
12/23/2008,RYY,GA,ASO,ES,Federal Contract Tower,0,7,29,0,36,0,9,121,2,132,0,16,150,2,168,84,0,84,252
12/24/2008,RYY,GA,ASO,ES,Federal Contract Tower,0,1,9,0,10,0,2,19,0,21,0,3,28,0,31,3,0,3,34
12/25/2008,RYY,GA,ASO,ES,Federal Contract Tower,0,1,11,0,12,0,2,46,0,48,0,3,57,0,60,20,0,20,80
12/26/2008,RYY,GA,ASO,ES,Federal Contract Tower,0,4,36,0,40,0,0,2,0,2,0,4,38,0,42,0,0,0,42
12/27/2008,RYY,GA,ASO,ES,Federal Contract Tower,0,3,23,0,26,0,0,8,0,8,0,3,31,0,34,8,0,8,42
12/28/2008,RYY,GA,ASO,ES,Federal Contract Tower,0,2,26,0,28,0,4,7,0,11,0,6,33,0,39,24,0,24,63
12/29/2008,RYY,GA,ASO,ES,Federal Contract Tower,0,6,19,0,25,0,2,130,1,133,0,8,149,1,158,22,0,22,180
12/30/2008,RYY,GA,ASO,ES,Federal Contract Tower,0,8,34,0,42,0,0,233,1,234,0,8,267,1,276,108,0,108,384
12/31/2008,RYY,GA,ASO,ES,Federal Contract Tower,0,2,24,0,26,0,0,30,0,30,0,2,54,0,56,12,0,12,68
01/01/2009,RYY,GA,ASO,ES,Federal Contract Tower,0,5,19,0,24,0,4,99,0,103,0,9,118,0,127,71,0,71,198
01/02/2009,RYY,GA,ASO,ES,Federal Contract Tower,0,3,21,0,24,0,0,0,0,0,0,3,21,0,24,0,0,0,24
01/03/2009,RYY,GA,ASO,ES,Federal Contract Tower,0,0,22,0,22,0,0,0,0,0,0,0,22,0,22,0,0,0,22
01/04/2009,RYY,GA,ASO,ES,Federal Contract Tower,0,3,48,0,51,0,0,2,0,2,0,3,50,0,53,36,0,36,89
01/05/2009,RYY,GA,ASO,ES,Federal Contract Tower,0,0,27,0,27,0,0,2,0,2,0,0,29,0,29,8,0,8,37
01/06/2009,RYY,GA,ASO,ES,Federal Contract Tower,0,2,17,0,19,0,2,2,0,4,0,4,19,0,23,22,0,22,45
01/07/2009,RYY,GA,ASO,ES,Federal Contract Tower,0,3,31,0,34,0,1,23,0,24,0,4,54,0,58,4,0,4,62
01/08/2009,RYY,GA,ASO,ES,Federal Contract Tower,0,8,38,0,46,0,0,89,2,91,0,8,127,2,137,99,0,99,236
01/09/2009,RYY,GA,ASO,ES,Federal Contract Tower,0,10,34,0,44,0,2,254,7,263,0,12,288,7,307,176,0,176,483
01/10/2009,RYY,GA,ASO,ES,Federal Contract Tower,0,4,18,1,23,0,0,41,1,42,0,4,59,2,65,105,0,105,170
01/11/2009,RYY,GA,ASO,ES,Federal Contract Tower,0,4,22,0,26,0,3,14,0,17,0,7,36,0,43,22,0,22,65
01/12/2009,RYY,GA,ASO,ES,Federal Contract Tower,0,2,27,0,29,0,7,112,3,122,0,9,139,3,151,59,0,59,210
01/13/2009,RYY,GA,ASO,ES,Federal Contract Tower,0,4,29,0,33,0,0,77,0,77,0,4,106,0,110,86,0,86,196
01/14/2009,RYY,GA,ASO,ES,Federal Contract Tower,0,7,30,0,37,0,1,146,2,149,0,8,176,2,186,73,0,73,259
01/15/2009,RYY,GA,ASO,ES,Federal Contract Tower,0,3,28,0,31,0,0,61,2,63,0,3,89,2,94,24,0,24,118
01/16/2009,RYY,GA,ASO,ES,Federal Contract Tower,0,4,26,0,30,0,0,75,0,75,0,4,101,0,105,137,8,145,250
01/17/2009,RYY,GA,ASO,ES,Federal Contract Tower,0,2,22,0,24,0,1,162,0,163,0,3,184,0,187,102,0,102,289
01/18/2009,RYY,GA,ASO,ES,Federal Contract Tower,0,3,11,0,14,0,0,37,2,39,0,3,48,2,53,13,0,13,66
01/19/2009,RYY,GA,ASO,ES,Federal Contract Tower,0,6,23,0,29,0,0,78,0,78,0,6,101,0,107,28,0,28,135
01/20/2009,RYY,GA,ASO,ES,Federal Contract Tower,0,6,19,0,25,0,1,28,0,29,0,7,47,0,54,0,0,0,54
01/21/2009,RYY,GA,ASO,ES,Federal Contract Tower,0,3,37,0,40,0,2,93,2,97,0,5,130,2,137,63,0,63,200
01/22/2009,RYY,GA,ASO,ES,Federal Contract Tower,0,7,37,0,44,0,1,162,0,163,0,8,199,0,207,83,0,83,290
01/23/2009,RYY,GA,ASO,ES,Federal Contract Tower,0,3,47,0,50,0,3,105,2,110,0,6,152,2,160,64,0,64,224
01/24/2009,RYY,GA,ASO,ES,Federal Contract Tower,0,4,23,0,27,0,1,85,0,86,0,5,108,0,113,42,0,42,155
01/25/2009,RYY,GA,ASO,ES,Federal Contract Tower,0,4,38,0,42,0,1,117,0,118,0,5,155,0,160,93,0,93,253
01/26/2009,RYY,GA,ASO,ES,Federal Contract Tower,0,2,33,0,35,0,0,23,0,23,0,2,56,0,58,24,0,24,82
01/27/2009,RYY,GA,ASO,ES,Federal Contract Tower,0,6,30,0,36,0,0,7,0,7,0,6,37,0,43,13,0,13,56
01/28/2009,RYY,GA,ASO,ES,Federal Contract Tower,0,5,15,2,22,0,0,4,0,4,0,5,19,2,26,0,0,0,26
01/29/2009,RYY,GA,ASO,ES,Federal Contract Tower,0,7,49,4,60,0,2,129,0,131,0,9,178,4,191,25,0,25,216
01/30/2009,RYY,GA,ASO,ES,Federal Contract Tower,0,4,34,0,38,0,7,56,0,63,0,11,90,0,101,6,0,6,107
01/31/2009,RYY,GA,ASO,ES,Federal Contract Tower,0,4,25,0,29,0,3,259,1,263,0,7,284,1,292,87,0,87,379
02/01/2009,RYY,GA,ASO,ES,Federal Contract Tower,0,0,34,0,34,0,3,160,1,164,0,3,194,1,198,99,0,99,297
02/02/2009,RYY,GA,ASO,ES,Federal Contract Tower,0,2,21,0,23,0,2,15,0,17,0,4,36,0,40,38,0,38,78
02/03/2009,RYY,GA,ASO,ES,Federal Contract Tower,0,3,20,0,23,0,1,69,2,72,0,4,89,2,95,37,0,37,132
02/04/2009,RYY,GA,ASO,ES,Federal Contract Tower,0,6,30,0,36,0,1,45,0,46,0,7,75,0,82,2,0,2,84
02/05/2009,RYY,GA,ASO,ES,Federal Contract Tower,0,6,37,0,43,0,2,123,0,125,0,8,160,0,168,30,0,30,198
02/06/2009,RYY,GA,ASO,ES,Federal Contract Tower,0,2,41,0,43,0,3,150,3,156,0,5,191,3,199,154,0,154,353
02/07/2009,RYY,GA,ASO,ES,Federal Contract Tower,0,1,22,0,23,0,0,234,5,239,0,1,256,5,262,130,0,130,392
02/08/2009,RYY,GA,ASO,ES,Federal Contract Tower,0,1,24,0,25,0,4,146,0,150,0,5,170,0,175,24,0,24,199
02/09/2009,RYY,GA,ASO,ES,Federal Contract Tower,0,5,31,0,36,0,2,88,0,90,0,7,119,0,126,38,0,38,164
02/10/2009,RYY,GA,ASO,ES,Federal Contract Tower,0,2,26,0,28,0,1,87,0,88,0,3,113,0,116,33,0,33,149
02/11/2009,RYY,GA,ASO,ES,Federal Contract Tower,0,5,29,1,35,0,3,16,4,23,0,8,45,5,58,14,0,14,72
02/12/2009,RYY,GA,ASO,ES,Federal Contract Tower,0,8,39,1,48,0,3,118,8,129,0,11,157,9,177,49,0,49,226
02/13/2009,RYY,GA,ASO,ES,Federal Contract Tower,0,9,33,0,42,0,2,108,1,111,0,11,141,1,153,75,0,75,228
02/14/2009,RYY,GA,ASO,ES,Federal Contract Tower,0,1,27,0,28,0,1,18,0,19,0,2,45,0,47,0,0,0,47
02/15/2009,RYY,GA,ASO,ES,Federal Contract Tower,0,3,31,0,34,0,1,107,3,111,0,4,138,3,145,67,0,67,212
02/16/2009,RYY,GA,ASO,ES,Federal Contract Tower,0,5,34,0,39,0,1,107,0,108,0,6,141,0,147,27,0,27,174
02/17/2009,RYY,GA,ASO,ES,Federal Contract Tower,0,2,38,1,41,0,0,126,2,128,0,2,164,3,169,138,0,138,307
02/18/2009,RYY,GA,ASO,ES,Federal Contract Tower,0,4,11,0,15,0,0,2,0,2,0,4,13,0,17,0,0,0,17
02/19/2009,RYY,GA,ASO,ES,Federal Contract Tower,0,3,44,0,47,0,2,45,1,48,0,5,89,1,95,6,0,6,101
02/20/2009,RYY,GA,ASO,ES,Federal Contract Tower,0,3,26,0,29,0,2,161,1,164,0,5,187,1,193,60,0,60,253
02/21/2009,RYY,GA,ASO,ES,Federal Contract Tower,0,1,20,0,21,0,1,176,6,183,0,2,196,6,204,62,0,62,266
02/22/2009,RYY,GA,ASO,ES,Federal Contract Tower,0,3,21,0,24,0,1,39,1,41,0,4,60,1,65,40,0,40,105
02/23/2009,RYY,GA,ASO,ES,Federal Contract Tower,0,12,36,0,48,0,3,82,2,87,0,15,118,2,135,40,0,40,175
02/24/2009,RYY,GA,ASO,ES,Federal Contract Tower,0,2,21,0,23,0,4,94,0,98,0,6,115,0,121,67,0,67,188
02/25/2009,RYY,GA,ASO,ES,Federal Contract Tower,0,10,45,2,57,0,2,99,3,104,0,12,144,5,161,103,4,107,268
02/26/2009,RYY,GA,ASO,ES,Federal Contract Tower,0,4,46,0,50,0,6,70,0,76,0,10,116,0,126,88,0,88,214
02/27/2009,RYY,GA,ASO,ES,Federal Contract Tower,0,1,17,0,18,0,0,6,3,9,0,1,23,3,27,16,2,18,45
02/28/2009,RYY,GA,ASO,ES,Federal Contract Tower,0,1,13,0,14,0,0,1,0,1,0,1,14,0,15,0,15,15,30
03/01/2009,RYY,GA,ASO,ES,Federal Contract Tower,0,2,6,0,8,0,0,0,0,0,0,2,6,0,8,0,0,0,8
03/02/2009,RYY,GA,ASO,ES,Federal Contract Tower,0,8,31,2,41,0,2,35,3,40,0,10,66,5,81,0,0,0,81
03/03/2009,RYY,GA,ASO,ES,Federal Contract Tower,0,5,45,2,52,0,5,151,4,160,0,10,196,6,212,74,0,74,286
03/04/2009,RYY,GA,ASO,ES,Federal Contract Tower,0,3,31,2,36,0,2,161,2,165,0,5,192,4,201,122,0,122,323
03/05/2009,RYY,GA,ASO,ES,Federal Contract Tower,0,4,33,0,37,0,3,110,0,113,0,7,143,0,150,170,0,170,320
03/06/2009,RYY,GA,ASO,ES,Federal Contract Tower,0,2,46,0,48,0,5,129,6,140,0,7,175,6,188,103,4,107,295
03/07/2009,RYY,GA,ASO,ES,Federal Contract Tower,0,0,22,0,22,0,2,129,1,132,0,2,151,1,154,89,0,89,243
03/08/2009,RYY,GA,ASO,ES,Federal Contract Tower,0,1,29,0,30,0,0,120,7,127,0,1,149,7,157,99,11,110,267
03/09/2009,RYY,GA,ASO,ES,Federal Contract Tower,0,2,38,0,40,0,6,95,0,101,0,8,133,0,141,92,0,92,233
03/10/2009,RYY,GA,ASO,ES,Federal Contract Tower,0,2,44,0,46,0,7,139,3,149,0,9,183,3,195,77,0,77,272
03/11/2009,RYY,GA,ASO,ES,Federal Contract Tower,0,1,22,0,23,0,0,71,0,71,0,1,93,0,94,27,0,27,121
03/12/2009,RYY,GA,ASO,ES,Federal Contract Tower,0,4,53,0,57,0,1,119,0,120,0,5,172,0,177,102,0,102,279
03/13/2009,RYY,GA,ASO,ES,Federal Contract Tower,0,7,30,0,37,0,2,23,0,25,0,9,53,0,62,0,0,0,62
03/14/2009,RYY,GA,ASO,ES,Federal Contract Tower,0,0,4,0,4,0,0,0,0,0,0,0,4,0,4,0,0,0,4
03/15/2009,RYY,GA,ASO,ES,Federal Contract Tower,0,4,30,0,34,0,0,0,0,0,0,4,30,0,34,0,0,0,34
03/16/2009,RYY,GA,ASO,ES,Federal Contract Tower,0,5,7,0,12,0,0,0,0,0,0,5,7,0,12,0,0,0,12
03/17/2009,RYY,GA,ASO,ES,Federal Contract Tower,0,6,29,0,35,0,4,125,0,129,0,10,154,0,164,133,0,133,297
03/18/2009,RYY,GA,ASO,ES,Federal Contract Tower,0,1,42,2,45,0,0,85,0,85,0,1,127,2,130,50,0,50,180
03/19/2009,RYY,GA,ASO,ES,Federal Contract Tower,0,2,29,2,33,0,16,124,5,145,0,18,153,7,178,58,2,60,238
03/20/2009,RYY,GA,ASO,ES,Federal Contract Tower,0,3,32,0,35,0,2,125,4,131,0,5,157,4,166,64,0,64,230
03/21/2009,RYY,GA,ASO,ES,Federal Contract Tower,0,4,25,0,29,0,5,199,5,209,0,9,224,5,238,112,0,112,350
03/22/2009,RYY,GA,ASO,ES,Federal Contract Tower,0,2,14,0,16,0,1,166,2,169,0,3,180,2,185,151,0,151,336
03/23/2009,RYY,GA,ASO,ES,Federal Contract Tower,0,7,23,0,30,0,4,115,2,121,0,11,138,2,151,44,0,44,195
03/24/2009,RYY,GA,ASO,ES,Federal Contract Tower,0,5,50,1,56,0,4,62,1,67,0,9,112,2,123,34,0,34,157
03/25/2009,RYY,GA,ASO,ES,Federal Contract Tower,0,7,40,0,47,0,3,10,0,13,0,10,50,0,60,6,0,6,66
03/26/2009,RYY,GA,ASO,ES,Federal Contract Tower,0,5,34,0,39,0,0,1,0,1,0,5,35,0,40,0,0,0,40
03/27/2009,RYY,GA,ASO,ES,Federal Contract Tower,0,9,28,0,37,0,0,0,0,0,0,9,28,0,37,0,0,0,37
03/28/2009,RYY,GA,ASO,ES,Federal Contract Tower,0,7,6,0,13,0,0,0,0,0,0,7,6,0,13,0,0,0,13
03/29/2009,RYY,GA,ASO,ES,Federal Contract Tower,0,2,27,0,29,0,3,26,2,31,0,5,53,2,60,18,0,18,78
03/30/2009,RYY,GA,ASO,ES,Federal Contract Tower,0,2,30,0,32,0,5,140,1,146,0,7,170,1,178,74,0,74,252
03/31/2009,RYY,GA,ASO,ES,Federal Contract Tower,0,3,24,0,27,0,2,46,0,48,0,5,70,0,75,135,0,135,210
04/01/2009,RYY,GA,ASO,ES,Federal Contract Tower,0,7,56,0,63,0,0,24,2,26,0,7,80,2,89,80,0,80,169
04/02/2009,RYY,GA,ASO,ES,Federal Contract Tower,0,4,20,0,24,0,0,4,0,4,0,4,24,0,28,0,0,0,28
04/03/2009,RYY,GA,ASO,ES,Federal Contract Tower,0,3,32,0,35,0,3,33,0,36,0,6,65,0,71,26,0,26,97
04/04/2009,RYY,GA,ASO,ES,Federal Contract Tower,0,3,29,2,34,0,3,262,0,265,0,6,291,2,299,130,0,130,429
04/05/2009,RYY,GA,ASO,ES,Federal Contract Tower,0,0,28,0,28,0,0,38,0,38,0,0,66,0,66,21,0,21,87
04/06/2009,RYY,GA,ASO,ES,Federal Contract Tower,0,2,14,0,16,0,3,4,0,7,0,5,18,0,23,0,0,0,23
04/07/2009,RYY,GA,ASO,ES,Federal Contract Tower,0,3,26,0,29,0,3,22,0,25,0,6,48,0,54,8,0,8,62
04/08/2009,RYY,GA,ASO,ES,Federal Contract Tower,0,4,54,0,58,0,4,105,0,109,0,8,159,0,167,36,0,36,203
04/09/2009,RYY,GA,ASO,ES,Federal Contract Tower,0,4,48,0,52,0,4,127,6,137,0,8,175,6,189,111,0,111,300
04/10/2009,RYY,GA,ASO,ES,Federal Contract Tower,0,4,14,1,19,0,4,6,0,10,0,8,20,1,29,12,0,12,41
04/11/2009,RYY,GA,ASO,ES,Federal Contract Tower,0,5,37,0,42,0,4,78,1,83,0,9,115,1,125,136,2,138,263
04/12/2009,RYY,GA,ASO,ES,Federal Contract Tower,0,7,35,0,42,0,9,61,0,70,0,16,96,0,112,12,0,12,124
04/13/2009,RYY,GA,ASO,ES,Federal Contract Tower,0,4,19,0,23,0,1,3,2,6,0,5,22,2,29,0,0,0,29
04/14/2009,RYY,GA,ASO,ES,Federal Contract Tower,0,2,33,1,36,0,3,53,0,56,0,5,86,1,92,14,0,14,106
04/15/2009,RYY,GA,ASO,ES,Federal Contract Tower,0,9,47,0,56,0,1,78,2,81,0,10,125,2,137,26,0,26,163
04/16/2009,RYY,GA,ASO,ES,Federal Contract Tower,0,3,27,0,30,0,4,163,3,170,0,7,190,3,200,132,0,132,332
04/17/2009,RYY,GA,ASO,ES,Federal Contract Tower,0,2,42,2,46,0,0,161,2,163,0,2,203,4,209,129,0,129,338
04/18/2009,RYY,GA,ASO,ES,Federal Contract Tower,0,5,28,0,33,0,7,168,3,178,0,12,196,3,211,83,2,85,296
04/19/2009,RYY,GA,ASO,ES,Federal Contract Tower,0,3,29,0,32,0,4,33,1,38,0,7,62,1,70,33,0,33,103
04/20/2009,RYY,GA,ASO,ES,Federal Contract Tower,0,2,34,0,36,0,4,50,1,55,0,6,84,1,91,11,0,11,102
04/21/2009,RYY,GA,ASO,ES,Federal Contract Tower,0,4,23,0,27,0,2,29,0,31,0,6,52,0,58,0,0,0,58
04/22/2009,RYY,GA,ASO,ES,Federal Contract Tower,0,6,40,0,46,0,0,113,1,114,0,6,153,1,160,90,0,90,250
04/23/2009,RYY,GA,ASO,ES,Federal Contract Tower,0,2,47,0,49,0,2,114,3,119,0,4,161,3,168,104,0,104,272
04/24/2009,RYY,GA,ASO,ES,Federal Contract Tower,0,2,33,1,36,0,4,159,2,165,0,6,192,3,201,91,0,91,292
04/25/2009,RYY,GA,ASO,ES,Federal Contract Tower,0,3,28,2,33,0,4,150,2,156,0,7,178,4,189,28,0,28,217
04/26/2009,RYY,GA,ASO,ES,Federal Contract Tower,0,3,32,0,35,0,3,134,3,140,0,6,166,3,175,38,0,38,213
04/27/2009,RYY,GA,ASO,ES,Federal Contract Tower,0,3,31,0,34,0,2,65,2,69,0,5,96,2,103,42,0,42,145
04/28/2009,RYY,GA,ASO,ES,Federal Contract Tower,0,5,36,1,42,0,2,104,3,109,0,7,140,4,151,89,0,89,240
04/29/2009,RYY,GA,ASO,ES,Federal Contract Tower,0,4,39,1,44,0,1,116,5,122,0,5,155,6,166,43,0,43,209
04/30/2009,RYY,GA,ASO,ES,Federal Contract Tower,0,6,49,0,55,0,9,89,0,98,0,15,138,0,153,77,0,77,230
05/01/2009,RYY,GA,ASO,ES,Federal Contract Tower,0,4,49,0,53,0,0,68,1,69,0,4,117,1,122,40,0,40,162
05/02/2009,RYY,GA,ASO,ES,Federal Contract Tower,0,0,33,0,33,0,0,45,0,45,0,0,78,0,78,90,0,90,168
05/03/2009,RYY,GA,ASO,ES,Federal Contract Tower,0,8,56,0,64,0,0,45,0,45,0,8,101,0,109,6,0,6,115
05/04/2009,RYY,GA,ASO,ES,Federal Contract Tower,0,3,24,0,27,0,1,7,0,8,0,4,31,0,35,37,0,37,72
05/05/2009,RYY,GA,ASO,ES,Federal Contract Tower,0,3,37,0,40,0,4,56,0,60,0,7,93,0,100,41,0,41,141
05/06/2009,RYY,GA,ASO,ES,Federal Contract Tower,0,8,30,0,38,0,3,4,0,7,0,11,34,0,45,0,0,0,45
05/07/2009,RYY,GA,ASO,ES,Federal Contract Tower,0,9,50,0,59,0,2,60,0,62,0,11,110,0,121,104,0,104,225
05/08/2009,RYY,GA,ASO,ES,Federal Contract Tower,0,4,34,0,38,0,4,26,0,30,0,8,60,0,68,99,0,99,167
05/09/2009,RYY,GA,ASO,ES,Federal Contract Tower,0,2,34,1,37,0,6,77,4,87,0,8,111,5,124,103,0,103,227
05/10/2009,RYY,GA,ASO,ES,Federal Contract Tower,0,0,27,0,27,0,1,54,3,58,0,1,81,3,85,47,0,47,132
05/11/2009,RYY,GA,ASO,ES,Federal Contract Tower,0,10,41,1,52,0,2,92,1,95,0,12,133,2,147,60,0,60,207
05/12/2009,RYY,GA,ASO,ES,Federal Contract Tower,0,9,30,4,43,0,4,102,2,108,0,13,132,6,151,56,0,56,207
05/13/2009,RYY,GA,ASO,ES,Federal Contract Tower,0,8,48,2,58,0,4,90,1,95,0,12,138,3,153,71,0,71,224
05/14/2009,RYY,GA,ASO,ES,Federal Contract Tower,0,10,46,0,56,0,3,58,2,63,0,13,104,2,119,121,0,121,240
05/15/2009,RYY,GA,ASO,ES,Federal Contract Tower,0,3,34,1,38,0,0,140,4,144,0,3,174,5,182,135,0,135,317
05/16/2009,RYY,GA,ASO,ES,Federal Contract Tower,0,5,30,0,35,0,1,14,0,15,0,6,44,0,50,102,0,102,152
05/17/2009,RYY,GA,ASO,ES,Federal Contract Tower,0,6,25,0,31,0,0,0,0,0,0,6,25,0,31,0,0,0,31
05/18/2009,RYY,GA,ASO,ES,Federal Contract Tower,0,4,29,1,34,0,0,87,0,87,0,4,116,1,121,67,0,67,188
05/19/2009,RYY,GA,ASO,ES,Federal Contract Tower,0,5,35,2,42,0,0,112,0,112,0,5,147,2,154,28,0,28,182
05/20/2009,RYY,GA,ASO,ES,Federal Contract Tower,0,9,31,0,40,0,1,81,1,83,0,10,112,1,123,56,0,56,179
05/21/2009,RYY,GA,ASO,ES,Federal Contract Tower,0,8,44,1,53,0,2,35,6,43,0,10,79,7,96,2,0,2,98
05/22/2009,RYY,GA,ASO,ES,Federal Contract Tower,0,7,49,0,56,0,4,35,0,39,0,11,84,0,95,45,0,45,140
05/23/2009,RYY,GA,ASO,ES,Federal Contract Tower,0,5,24,0,29,0,0,19,0,19,0,5,43,0,48,22,0,22,70
05/24/2009,RYY,GA,ASO,ES,Federal Contract Tower,0,0,22,0,22,0,3,3,0,6,0,3,25,0,28,2,0,2,30
05/25/2009,RYY,GA,ASO,ES,Federal Contract Tower,0,4,47,0,51,0,2,25,2,29,0,6,72,2,80,50,7,57,137
05/26/2009,RYY,GA,ASO,ES,Federal Contract Tower,0,3,41,0,44,0,2,5,0,7,0,5,46,0,51,4,0,4,55
05/27/2009,RYY,GA,ASO,ES,Federal Contract Tower,0,4,32,0,36,0,5,50,0,55,0,9,82,0,91,71,0,71,162
05/28/2009,RYY,GA,ASO,ES,Federal Contract Tower,0,8,29,2,39,0,0,81,0,81,0,8,110,2,120,31,0,31,151
05/29/2009,RYY,GA,ASO,ES,Federal Contract Tower,0,1,46,0,47,0,1,139,3,143,0,2,185,3,190,160,0,160,350
05/30/2009,RYY,GA,ASO,ES,Federal Contract Tower,0,0,22,14,36,0,3,194,9,206,0,3,216,23,242,108,0,108,350
05/31/2009,RYY,GA,ASO,ES,Federal Contract Tower,0,3,36,0,39,0,1,150,0,151,0,4,186,0,190,78,0,78,268
06/01/2009,RYY,GA,ASO,ES,Federal Contract Tower,0,4,29,0,33,0,1,107,2,110,0,5,136,2,143,79,0,79,222
06/02/2009,RYY,GA,ASO,ES,Federal Contract Tower,0,5,31,0,36,0,0,147,2,149,0,5,178,2,185,114,0,114,299
06/03/2009,RYY,GA,ASO,ES,Federal Contract Tower,0,3,34,1,38,0,4,98,4,106,0,7,132,5,144,88,0,88,232
06/04/2009,RYY,GA,ASO,ES,Federal Contract Tower,0,3,25,0,28,0,0,6,0,6,0,3,31,0,34,2,0,2,36
06/05/2009,RYY,GA,ASO,ES,Federal Contract Tower,0,1,26,2,29,0,5,35,1,41,0,6,61,3,70,92,0,92,162
06/06/2009,RYY,GA,ASO,ES,Federal Contract Tower,0,0,37,0,37,0,4,91,1,96,0,4,128,1,133,136,2,138,271
06/07/2009,RYY,GA,ASO,ES,Federal Contract Tower,0,5,30,0,35,0,7,131,2,140,0,12,161,2,175,131,0,131,306
06/08/2009,RYY,GA,ASO,ES,Federal Contract Tower,0,5,32,0,37,0,0,122,0,122,0,5,154,0,159,69,0,69,228
06/09/2009,RYY,GA,ASO,ES,Federal Contract Tower,0,2,29,1,32,0,2,114,2,118,0,4,143,3,150,97,0,97,247
06/10/2009,RYY,GA,ASO,ES,Federal Contract Tower,0,9,34,1,44,0,1,75,7,83,0,10,109,8,127,89,0,89,216
06/11/2009,RYY,GA,ASO,ES,Federal Contract Tower,0,10,34,0,44,0,7,64,2,73,0,17,98,2,117,89,0,89,206
06/12/2009,RYY,GA,ASO,ES,Federal Contract Tower,0,7,42,0,49,0,1,110,0,111,0,8,152,0,160,53,0,53,213
06/13/2009,RYY,GA,ASO,ES,Federal Contract Tower,0,3,31,0,34,0,1,6,148,155,0,4,37,148,189,87,10,97,286
06/14/2009,RYY,GA,ASO,ES,Federal Contract Tower,0,0,28,0,28,0,1,59,0,60,0,1,87,0,88,86,0,86,174
06/15/2009,RYY,GA,ASO,ES,Federal Contract Tower,0,2,39,0,41,0,1,48,0,49,0,3,87,0,90,49,0,49,139
06/16/2009,RYY,GA,ASO,ES,Federal Contract Tower,0,3,26,0,29,0,1,100,0,101,0,4,126,0,130,65,65,130,260
06/17/2009,RYY,GA,ASO,ES,Federal Contract Tower,0,3,44,0,47,0,2,84,2,88,0,5,128,2,135,106,0,106,241
06/18/2009,RYY,GA,ASO,ES,Federal Contract Tower,0,4,52,0,56,0,2,97,5,104,0,6,149,5,160,79,0,79,239
06/19/2009,RYY,GA,ASO,ES,Federal Contract Tower,0,3,31,4,38,0,4,97,2,103,0,7,128,6,141,77,0,77,218
06/20/2009,RYY,GA,ASO,ES,Federal Contract Tower,0,3,32,0,35,0,4,112,5,121,0,7,144,5,156,67,19,86,242
06/21/2009,RYY,GA,ASO,ES,Federal Contract Tower,0,2,27,0,29,0,2,151,0,153,0,4,178,0,182,51,0,51,233
06/22/2009,RYY,GA,ASO,ES,Federal Contract Tower,0,2,27,0,29,0,0,80,0,80,0,2,107,0,109,14,0,14,123
06/23/2009,RYY,GA,ASO,ES,Federal Contract Tower,0,6,36,0,42,0,4,92,2,98,0,10,128,2,140,83,0,83,223
06/24/2009,RYY,GA,ASO,ES,Federal Contract Tower,0,10,29,0,39,0,2,116,2,120,0,12,145,2,159,77,0,77,236
06/25/2009,RYY,GA,ASO,ES,Federal Contract Tower,0,9,45,0,54,0,4,121,5,130,0,13,166,5,184,64,7,71,255
06/26/2009,RYY,GA,ASO,ES,Federal Contract Tower,0,5,42,0,47,0,3,102,2,107,0,8,144,2,154,111,0,111,265
06/27/2009,RYY,GA,ASO,ES,Federal Contract Tower,0,2,21,1,24,0,0,129,2,131,0,2,150,3,155,92,0,92,247
06/28/2009,RYY,GA,ASO,ES,Federal Contract Tower,0,5,31,0,36,0,1,73,0,74,0,6,104,0,110,43,0,43,153
06/29/2009,RYY,GA,ASO,ES,Federal Contract Tower,0,10,25,0,35,0,2,67,0,69,0,12,92,0,104,45,0,45,149
06/30/2009,RYY,GA,ASO,ES,Federal Contract Tower,0,5,32,0,37,0,5,109,0,114,0,10,141,0,151,60,0,60,211
07/01/2009,RYY,GA,ASO,ES,Federal Contract Tower,0,0,34,0,34,0,2,74,1,77,0,2,108,1,111,75,0,75,186
07/02/2009,RYY,GA,ASO,ES,Federal Contract Tower,0,4,48,0,52,0,6,125,5,136,0,10,173,5,188,82,0,82,270
07/03/2009,RYY,GA,ASO,ES,Federal Contract Tower,0,9,45,0,54,0,2,161,0,163,0,11,206,0,217,26,0,26,243
07/04/2009,RYY,GA,ASO,ES,Federal Contract Tower,0,2,15,0,17,0,4,99,1,104,0,6,114,1,121,80,0,80,201
07/05/2009,RYY,GA,ASO,ES,Federal Contract Tower,0,1,28,0,29,0,1,11,2,14,0,2,39,2,43,2,0,2,45
07/06/2009,RYY,GA,ASO,ES,Federal Contract Tower,0,4,27,0,31,0,3,23,0,26,0,7,50,0,57,31,2,33,90
07/07/2009,RYY,GA,ASO,ES,Federal Contract Tower,0,4,30,2,36,0,1,42,0,43,0,5,72,2,79,6,0,6,85
07/08/2009,RYY,GA,ASO,ES,Federal Contract Tower,0,10,37,4,51,0,4,105,4,113,0,14,142,8,164,89,0,89,253
07/09/2009,RYY,GA,ASO,ES,Federal Contract Tower,0,6,37,2,45,0,0,111,2,113,0,6,148,4,158,73,0,73,231
07/10/2009,RYY,GA,ASO,ES,Federal Contract Tower,0,5,43,1,49,0,1,72,3,76,0,6,115,4,125,65,0,65,190
07/11/2009,RYY,GA,ASO,ES,Federal Contract Tower,0,5,17,0,22,0,20,143,9,172,0,25,160,9,194,153,0,153,347
07/12/2009,RYY,GA,ASO,ES,Federal Contract Tower,0,1,17,0,18,0,1,111,2,114,0,2,128,2,132,71,10,81,213
07/13/2009,RYY,GA,ASO,ES,Federal Contract Tower,0,1,44,2,47,0,0,36,5,41,0,1,80,7,88,81,0,81,169
07/14/2009,RYY,GA,ASO,ES,Federal Contract Tower,0,2,43,1,46,0,1,125,5,131,0,3,168,6,177,110,0,110,287
07/15/2009,RYY,GA,ASO,ES,Federal Contract Tower,0,5,25,0,30,0,6,105,0,111,0,11,130,0,141,105,0,105,246
07/16/2009,RYY,GA,ASO,ES,Federal Contract Tower,0,6,36,1,43,0,0,67,3,70,0,6,103,4,113,64,6,70,183
07/17/2009,RYY,GA,ASO,ES,Federal Contract Tower,0,13,36,0,49,0,4,44,0,48,0,17,80,0,97,20,0,20,117
07/18/2009,RYY,GA,ASO,ES,Federal Contract Tower,0,2,18,1,21,0,4,169,2,175,0,6,187,3,196,71,0,71,267
07/19/2009,RYY,GA,ASO,ES,Federal Contract Tower,0,2,18,0,20,0,1,151,2,154,0,3,169,2,174,32,0,32,206
07/20/2009,RYY,GA,ASO,ES,Federal Contract Tower,0,4,36,0,40,0,5,92,2,99,0,9,128,2,139,102,1,103,242
07/21/2009,RYY,GA,ASO,ES,Federal Contract Tower,0,3,34,4,41,0,0,135,0,135,0,3,169,4,176,81,0,81,257
07/22/2009,RYY,GA,ASO,ES,Federal Contract Tower,0,4,27,5,36,0,0,75,0,75,0,4,102,5,111,67,0,67,178
07/23/2009,RYY,GA,ASO,ES,Federal Contract Tower,0,8,41,3,52,0,0,0,0,0,0,8,41,3,52,151,0,151,203
07/24/2009,RYY,GA,ASO,ES,Federal Contract Tower,0,6,43,0,49,0,2,132,0,134,0,8,175,0,183,73,0,73,256
07/25/2009,RYY,GA,ASO,ES,Federal Contract Tower,0,3,25,0,28,0,1,147,2,150,0,4,172,2,178,91,0,91,269
07/26/2009,RYY,GA,ASO,ES,Federal Contract Tower,0,1,44,0,45,0,0,115,5,120,0,1,159,5,165,30,0,30,195
07/27/2009,RYY,GA,ASO,ES,Federal Contract Tower,0,9,27,0,36,0,2,76,0,78,0,11,103,0,114,126,0,126,240
07/28/2009,RYY,GA,ASO,ES,Federal Contract Tower,0,6,21,0,27,0,7,24,0,31,0,13,45,0,58,44,0,44,102
07/29/2009,RYY,GA,ASO,ES,Federal Contract Tower,0,5,34,1,40,0,1,21,3,25,0,6,55,4,65,47,0,47,112
07/30/2009,RYY,GA,ASO,ES,Federal Contract Tower,0,6,37,0,43,0,1,59,2,62,0,7,96,2,105,87,0,87,192
07/31/2009,RYY,GA,ASO,ES,Federal Contract Tower,0,14,11,1,26,0,2,23,0,25,0,16,34,1,51,25,0,25,76
08/01/2009,RYY,GA,ASO,ES,Federal Contract Tower,0,3,33,0,36,0,2,93,1,96,0,5,126,1,132,81,0,81,213
08/02/2009,RYY,GA,ASO,ES,Federal Contract Tower,0,6,33,0,39,0,4,16,1,21,0,10,49,1,60,16,0,16,76
08/03/2009,RYY,GA,ASO,ES,Federal Contract Tower,0,6,29,2,37,0,2,108,0,110,0,8,137,2,147,59,0,59,206
08/04/2009,RYY,GA,ASO,ES,Federal Contract Tower,0,0,23,6,29,0,0,0,0,0,0,0,23,6,29,96,0,96,125
08/05/2009,RYY,GA,ASO,ES,Federal Contract Tower,0,6,34,0,40,0,0,94,2,96,0,6,128,2,136,109,0,109,245
08/06/2009,RYY,GA,ASO,ES,Federal Contract Tower,0,3,43,1,47,0,6,121,0,127,0,9,164,1,174,93,0,93,267
08/07/2009,RYY,GA,ASO,ES,Federal Contract Tower,0,3,60,0,63,0,9,114,3,126,0,12,174,3,189,88,0,88,277
08/08/2009,RYY,GA,ASO,ES,Federal Contract Tower,0,0,12,0,12,0,1,113,2,116,0,1,125,2,128,56,0,56,184
08/09/2009,RYY,GA,ASO,ES,Federal Contract Tower,0,1,32,0,33,0,1,102,4,107,0,2,134,4,140,47,0,47,187
08/10/2009,RYY,GA,ASO,ES,Federal Contract Tower,0,7,30,0,37,0,6,86,0,92,0,13,116,0,129,8,0,8,137
08/11/2009,RYY,GA,ASO,ES,Federal Contract Tower,0,4,23,1,28,0,0,0,2,2,0,4,23,3,30,42,0,42,72
08/12/2009,RYY,GA,ASO,ES,Federal Contract Tower,0,3,33,2,38,0,2,44,1,47,0,5,77,3,85,51,0,51,136
08/13/2009,RYY,GA,ASO,ES,Federal Contract Tower,0,5,35,1,41,0,5,102,3,110,0,10,137,4,151,26,0,26,177
08/14/2009,RYY,GA,ASO,ES,Federal Contract Tower,0,5,25,0,30,0,11,97,4,112,0,16,122,4,142,64,0,64,206
08/15/2009,RYY,GA,ASO,ES,Federal Contract Tower,0,3,22,0,25,0,4,124,7,135,0,7,146,7,160,91,0,91,251
08/16/2009,RYY,GA,ASO,ES,Federal Contract Tower,0,4,28,0,32,0,2,33,1,36,0,6,61,1,68,60,0,60,128
08/17/2009,RYY,GA,ASO,ES,Federal Contract Tower,0,5,25,0,30,0,0,21,0,21,0,5,46,0,51,14,0,14,65
08/18/2009,RYY,GA,ASO,ES,Federal Contract Tower,0,2,38,0,40,0,1,47,2,50,0,3,85,2,90,92,0,92,182
08/19/2009,RYY,GA,ASO,ES,Federal Contract Tower,0,8,38,0,46,0,1,94,0,95,0,9,132,0,141,94,1,95,236
08/20/2009,RYY,GA,ASO,ES,Federal Contract Tower,0,7,43,1,51,0,4,56,4,64,0,11,99,5,115,42,0,42,157
08/21/2009,RYY,GA,ASO,ES,Federal Contract Tower,0,7,32,0,39,0,4,42,5,51,0,11,74,5,90,20,0,20,110
08/22/2009,RYY,GA,ASO,ES,Federal Contract Tower,0,0,20,2,22,0,2,92,2,96,0,2,112,4,118,103,0,103,221
08/23/2009,RYY,GA,ASO,ES,Federal Contract Tower,0,5,39,3,47,0,3,131,1,135,0,8,170,4,182,75,0,75,257
08/24/2009,RYY,GA,ASO,ES,Federal Contract Tower,0,6,34,0,40,0,2,121,0,123,0,8,155,0,163,32,0,32,195
08/25/2009,RYY,GA,ASO,ES,Federal Contract Tower,0,7,31,3,41,0,2,128,0,130,0,9,159,3,171,59,0,59,230
08/26/2009,RYY,GA,ASO,ES,Federal Contract Tower,0,4,38,0,42,0,1,95,0,96,0,5,133,0,138,35,0,35,173
08/27/2009,RYY,GA,ASO,ES,Federal Contract Tower,0,7,25,0,32,0,1,40,0,41,0,8,65,0,73,76,0,76,149
08/28/2009,RYY,GA,ASO,ES,Federal Contract Tower,0,3,27,0,30,0,4,34,0,38,0,7,61,0,68,50,0,50,118
08/29/2009,RYY,GA,ASO,ES,Federal Contract Tower,0,1,30,0,31,0,2,124,5,131,0,3,154,5,162,53,4,57,219
08/30/2009,RYY,GA,ASO,ES,Federal Contract Tower,0,1,19,0,20,0,0,10,0,10,0,1,29,0,30,8,0,8,38
08/31/2009,RYY,GA,ASO,ES,Federal Contract Tower,0,4,43,0,47,0,1,36,0,37,0,5,79,0,84,35,0,35,119
09/01/2009,RYY,GA,ASO,ES,Federal Contract Tower,0,1,49,1,51,0,0,13,0,13,0,1,62,1,64,15,0,15,79
09/02/2009,RYY,GA,ASO,ES,Federal Contract Tower,0,3,34,1,38,0,0,72,0,72,0,3,106,1,110,48,0,48,158
09/03/2009,RYY,GA,ASO,ES,Federal Contract Tower,0,2,40,5,47,0,2,107,7,116,0,4,147,12,163,115,10,125,288
09/04/2009,RYY,GA,ASO,ES,Federal Contract Tower,0,2,56,0,58,0,3,164,1,168,0,5,220,1,226,83,0,83,309
09/05/2009,RYY,GA,ASO,ES,Federal Contract Tower,0,1,23,2,26,0,6,142,0,148,0,7,165,2,174,118,0,118,292
09/06/2009,RYY,GA,ASO,ES,Federal Contract Tower,0,2,15,0,17,0,2,103,2,107,0,4,118,2,124,99,0,99,223
09/07/2009,RYY,GA,ASO,ES,Federal Contract Tower,0,3,48,0,51,0,3,94,5,102,0,6,142,5,153,90,2,92,245
09/08/2009,RYY,GA,ASO,ES,Federal Contract Tower,0,2,34,8,44,0,0,74,3,77,0,2,108,11,121,80,0,80,201
09/09/2009,RYY,GA,ASO,ES,Federal Contract Tower,0,6,29,5,40,0,0,57,5,62,0,6,86,10,102,108,2,110,212
09/10/2009,RYY,GA,ASO,ES,Federal Contract Tower,0,4,42,6,52,0,4,70,1,75,0,8,112,7,127,46,0,46,173
09/11/2009,RYY,GA,ASO,ES,Federal Contract Tower,0,14,44,1,59,0,0,8,6,14,0,14,52,7,73,26,0,26,99
09/12/2009,RYY,GA,ASO,ES,Federal Contract Tower,0,2,23,0,25,0,0,145,31,176,0,2,168,31,201,44,0,44,245
09/13/2009,RYY,GA,ASO,ES,Federal Contract Tower,0,6,21,0,27,0,0,125,11,136,0,6,146,11,163,72,72,144,307
09/14/2009,RYY,GA,ASO,ES,Federal Contract Tower,0,4,26,0,30,0,6,65,13,84,0,10,91,13,114,31,0,31,145
09/15/2009,RYY,GA,ASO,ES,Federal Contract Tower,0,1,37,0,38,0,0,6,0,6,0,1,43,0,44,0,0,0,44
09/16/2009,RYY,GA,ASO,ES,Federal Contract Tower,0,5,43,1,49,0,2,5,0,7,0,7,48,1,56,10,0,10,66
09/17/2009,RYY,GA,ASO,ES,Federal Contract Tower,0,4,51,1,56,0,0,14,0,14,0,4,65,1,70,6,0,6,76
09/18/2009,RYY,GA,ASO,ES,Federal Contract Tower,0,6,32,2,40,0,0,9,0,9,0,6,41,2,49,26,0,26,75
09/19/2009,RYY,GA,ASO,ES,Federal Contract Tower,0,0,18,0,18,0,0,0,0,0,0,0,18,0,18,0,0,0,18
09/20/2009,RYY,GA,ASO,ES,Federal Contract Tower,0,1,18,0,19,0,0,0,0,0,0,1,18,0,19,0,0,0,19
09/21/2009,RYY,GA,ASO,ES,Federal Contract Tower,0,5,16,0,21,0,0,9,0,9,0,5,25,0,30,0,0,0,30
09/22/2009,RYY,GA,ASO,ES,Federal Contract Tower,0,5,33,0,38,0,4,56,5,65,0,9,89,5,103,36,0,36,139
09/23/2009,RYY,GA,ASO,ES,Federal Contract Tower,0,5,27,0,32,0,4,79,6,89,0,9,106,6,121,87,0,87,208
09/24/2009,RYY,GA,ASO,ES,Federal Contract Tower,0,5,40,0,45,0,6,88,1,95,0,11,128,1,140,45,0,45,185
09/25/2009,RYY,GA,ASO,ES,Federal Contract Tower,0,6,33,1,40,0,2,67,4,73,0,8,100,5,113,69,0,69,182
09/26/2009,RYY,GA,ASO,ES,Federal Contract Tower,0,0,8,3,11,0,0,0,0,0,0,0,8,3,11,0,0,0,11
09/27/2009,RYY,GA,ASO,ES,Federal Contract Tower,0,2,35,0,37,0,1,103,2,106,0,3,138,2,143,69,0,69,212
09/28/2009,RYY,GA,ASO,ES,Federal Contract Tower,0,2,32,0,34,0,2,52,0,54,0,4,84,0,88,26,0,26,114
09/29/2009,RYY,GA,ASO,ES,Federal Contract Tower,0,6,26,2,34,0,0,112,6,118,0,6,138,8,152,39,0,39,191
09/30/2009,RYY,GA,ASO,ES,Federal Contract Tower,0,3,29,2,34,0,0,0,1,1,0,3,29,3,35,96,0,96,131
10/01/2009,RYY,GA,ASO,ES,Federal Contract Tower,0,8,32,0,40,0,0,133,0,133,0,8,165,0,173,161,0,161,334
10/02/2009,RYY,GA,ASO,ES,Federal Contract Tower,0,8,21,0,29,0,3,106,0,109,0,11,127,0,138,107,0,107,245
10/03/2009,RYY,GA,ASO,ES,Federal Contract Tower,0,3,13,0,16,0,1,155,0,156,0,4,168,0,172,106,0,106,278
10/04/2009,RYY,GA,ASO,ES,Federal Contract Tower,0,5,27,0,32,0,1,68,2,71,0,6,95,2,103,36,0,36,139
10/05/2009,RYY,GA,ASO,ES,Federal Contract Tower,0,2,35,0,37,0,0,6,0,6,0,2,41,0,43,0,0,0,43
10/06/2009,RYY,GA,ASO,ES,Federal Contract Tower,0,4,27,0,31,0,0,0,0,0,0,4,27,0,31,0,0,0,31
10/07/2009,RYY,GA,ASO,ES,Federal Contract Tower,0,4,36,0,40,0,0,64,5,69,0,4,100,5,109,27,2,29,138
10/08/2009,RYY,GA,ASO,ES,Federal Contract Tower,0,5,38,0,43,0,5,146,0,151,0,10,184,0,194,198,0,198,392
10/09/2009,RYY,GA,ASO,ES,Federal Contract Tower,0,5,49,0,54,0,2,81,1,84,0,7,130,1,138,43,0,43,181
10/10/2009,RYY,GA,ASO,ES,Federal Contract Tower,0,4,16,0,20,0,2,25,1,28,0,6,41,1,48,72,0,72,120
10/11/2009,RYY,GA,ASO,ES,Federal Contract Tower,0,3,48,0,51,0,1,79,3,83,0,4,127,3,134,96,0,96,230
10/12/2009,RYY,GA,ASO,ES,Federal Contract Tower,0,3,21,0,24,0,0,0,0,0,0,3,21,0,24,2,0,2,26
10/13/2009,RYY,GA,ASO,ES,Federal Contract Tower,0,0,38,0,38,0,0,84,0,84,0,0,122,0,122,121,0,121,243
10/14/2009,RYY,GA,ASO,ES,Federal Contract Tower,0,1,16,0,17,0,0,0,0,0,0,1,16,0,17,0,0,0,17
10/15/2009,RYY,GA,ASO,ES,Federal Contract Tower,0,1,26,0,27,0,0,0,0,0,0,1,26,0,27,0,0,0,27
10/16/2009,RYY,GA,ASO,ES,Federal Contract Tower,0,0,36,2,38,0,0,30,0,30,0,0,66,2,68,138,0,138,206
10/17/2009,RYY,GA,ASO,ES,Federal Contract Tower,0,1,17,0,18,0,2,51,2,55,0,3,68,2,73,47,0,47,120
10/18/2009,RYY,GA,ASO,ES,Federal Contract Tower,0,2,23,0,25,0,1,72,0,73,0,3,95,0,98,11,0,11,109
10/19/2009,RYY,GA,ASO,ES,Federal Contract Tower,0,5,30,0,35,0,1,190,0,191,0,6,220,0,226,144,0,144,370
10/20/2009,RYY,GA,ASO,ES,Federal Contract Tower,0,4,31,0,35,0,2,155,3,160,0,6,186,3,195,136,0,136,331
10/21/2009,RYY,GA,ASO,ES,Federal Contract Tower,0,2,42,0,44,0,2,131,7,140,0,4,173,7,184,77,2,79,263
10/22/2009,RYY,GA,ASO,ES,Federal Contract Tower,0,3,47,1,51,0,3,121,1,125,0,6,168,2,176,138,0,138,314
10/23/2009,RYY,GA,ASO,ES,Federal Contract Tower,0,2,41,1,44,0,0,10,0,10,0,2,51,1,54,18,0,18,72
10/24/2009,RYY,GA,ASO,ES,Federal Contract Tower,0,2,32,2,36,0,2,55,3,60,0,4,87,5,96,154,0,154,250
10/25/2009,RYY,GA,ASO,ES,Federal Contract Tower,0,4,38,0,42,0,0,171,4,175,0,4,209,4,217,72,0,72,289
10/26/2009,RYY,GA,ASO,ES,Federal Contract Tower,0,6,17,0,23,0,1,47,0,48,0,7,64,0,71,26,0,26,97
10/27/2009,RYY,GA,ASO,ES,Federal Contract Tower,0,5,21,0,26,0,0,0,0,0,0,5,21,0,26,0,0,0,26
10/28/2009,RYY,GA,ASO,ES,Federal Contract Tower,0,0,44,0,44,0,2,80,0,82,0,2,124,0,126,61,0,61,187
10/29/2009,RYY,GA,ASO,ES,Federal Contract Tower,0,4,30,1,35,0,5,105,4,114,0,9,135,5,149,134,0,134,283
10/30/2009,RYY,GA,ASO,ES,Federal Contract Tower,0,11,31,4,46,0,0,0,0,0,0,11,31,4,46,0,0,0,46
10/31/2009,RYY,GA,ASO,ES,Federal Contract Tower,0,0,12,0,12,0,0,0,0,0,0,0,12,0,12,0,0,0,12
11/01/2009,RYY,GA,ASO,ES,Federal Contract Tower,0,6,38,0,44,0,0,111,3,114,0,6,149,3,158,34,0,34,192
11/02/2009,RYY,GA,ASO,ES,Federal Contract Tower,0,5,25,0,30,0,1,76,0,77,0,6,101,0,107,96,0,96,203
11/03/2009,RYY,GA,ASO,ES,Federal Contract Tower,0,3,35,0,38,0,2,90,0,92,0,5,125,0,130,53,0,53,183
11/04/2009,RYY,GA,ASO,ES,Federal Contract Tower,0,3,63,0,66,0,8,135,5,148,0,11,198,5,214,70,0,70,284
11/05/2009,RYY,GA,ASO,ES,Federal Contract Tower,0,4,27,0,31,0,3,123,0,126,0,7,150,0,157,30,0,30,187
11/06/2009,RYY,GA,ASO,ES,Federal Contract Tower,0,3,33,2,38,0,4,152,1,157,0,7,185,3,195,71,0,71,266
11/07/2009,RYY,GA,ASO,ES,Federal Contract Tower,0,0,26,1,27,0,1,162,7,170,0,1,188,8,197,42,0,42,239
11/08/2009,RYY,GA,ASO,ES,Federal Contract Tower,0,2,35,0,37,0,4,125,3,132,0,6,160,3,169,67,0,67,236
11/09/2009,RYY,GA,ASO,ES,Federal Contract Tower,0,1,40,0,41,0,3,64,0,67,0,4,104,0,108,19,0,19,127
11/10/2009,RYY,GA,ASO,ES,Federal Contract Tower,0,3,7,0,10,0,0,0,0,0,0,3,7,0,10,0,0,0,10
11/11/2009,RYY,GA,ASO,ES,Federal Contract Tower,0,5,31,0,36,0,2,13,1,16,0,7,44,1,52,6,0,6,58
11/12/2009,RYY,GA,ASO,ES,Federal Contract Tower,0,7,41,0,48,0,1,138,1,140,0,8,179,1,188,114,0,114,302
11/13/2009,RYY,GA,ASO,ES,Federal Contract Tower,0,3,30,0,33,0,4,153,1,158,0,7,183,1,191,69,0,69,260
11/14/2009,RYY,GA,ASO,ES,Federal Contract Tower,0,6,16,0,22,0,2,180,1,183,0,8,196,1,205,119,0,119,324
11/15/2009,RYY,GA,ASO,ES,Federal Contract Tower,0,5,33,0,38,0,3,191,0,194,0,8,224,0,232,60,0,60,292
11/16/2009,RYY,GA,ASO,ES,Federal Contract Tower,0,4,34,0,38,0,4,126,0,130,0,8,160,0,168,87,0,87,255
11/17/2009,RYY,GA,ASO,ES,Federal Contract Tower,0,10,42,0,52,0,0,9,0,9,0,10,51,0,61,28,0,28,89
11/18/2009,RYY,GA,ASO,ES,Federal Contract Tower,0,3,49,0,52,0,0,32,0,32,0,3,81,0,84,7,0,7,91
11/19/2009,RYY,GA,ASO,ES,Federal Contract Tower,0,2,47,1,50,0,3,137,3,143,0,5,184,4,193,55,2,57,250
11/20/2009,RYY,GA,ASO,ES,Federal Contract Tower,0,11,40,0,51,0,7,170,0,177,0,18,210,0,228,92,0,92,320
11/21/2009,RYY,GA,ASO,ES,Federal Contract Tower,0,2,27,0,29,0,9,114,2,125,0,11,141,2,154,21,0,21,175
11/22/2009,RYY,GA,ASO,ES,Federal Contract Tower,0,1,22,0,23,0,0,0,0,0,0,1,22,0,23,0,0,0,23
11/23/2009,RYY,GA,ASO,ES,Federal Contract Tower,0,3,19,0,22,0,0,5,0,5,0,3,24,0,27,0,0,0,27
11/24/2009,RYY,GA,ASO,ES,Federal Contract Tower,0,12,52,0,64,0,0,33,0,33,0,12,85,0,97,22,0,22,119
11/25/2009,RYY,GA,ASO,ES,Federal Contract Tower,0,2,49,0,51,0,4,112,0,116,0,6,161,0,167,162,0,162,329
11/26/2009,RYY,GA,ASO,ES,Federal Contract Tower,0,2,14,0,16,0,2,19,0,21,0,4,33,0,37,0,0,0,37
11/27/2009,RYY,GA,ASO,ES,Federal Contract Tower,0,1,26,0,27,0,0,73,0,73,0,1,99,0,100,0,0,0,100
11/28/2009,RYY,GA,ASO,ES,Federal Contract Tower,0,5,41,2,48,0,5,119,0,124,0,10,160,2,172,73,0,73,245
11/29/2009,RYY,GA,ASO,ES,Federal Contract Tower,0,7,41,0,48,0,2,116,0,118,0,9,157,0,166,132,0,132,298
11/30/2009,RYY,GA,ASO,ES,Federal Contract Tower,0,3,38,0,41,0,0,2,0,2,0,3,40,0,43,0,0,0,43
12/01/2009,RYY,GA,ASO,ES,Federal Contract Tower,0,2,42,0,44,0,4,88,3,95,0,6,130,3,139,43,0,43,182
12/02/2009,RYY,GA,ASO,ES,Federal Contract Tower,0,4,28,0,32,0,2,1,0,3,0,6,29,0,35,0,0,0,35
12/03/2009,RYY,GA,ASO,ES,Federal Contract Tower,0,5,58,0,63,0,4,41,2,47,0,9,99,2,110,6,0,6,116
12/04/2009,RYY,GA,ASO,ES,Federal Contract Tower,0,0,45,1,46,0,1,87,4,92,0,1,132,5,138,34,0,34,172
12/05/2009,RYY,GA,ASO,ES,Federal Contract Tower,0,9,9,0,18,0,0,22,7,29,0,9,31,7,47,0,0,0,47
12/06/2009,RYY,GA,ASO,ES,Federal Contract Tower,0,6,44,0,50,0,3,94,1,98,0,9,138,1,148,58,0,58,206
12/07/2009,RYY,GA,ASO,ES,Federal Contract Tower,0,4,43,0,47,0,4,37,0,41,0,8,80,0,88,70,0,70,158
12/08/2009,RYY,GA,ASO,ES,Federal Contract Tower,0,8,21,0,29,0,3,0,0,3,0,11,21,0,32,0,0,0,32
12/09/2009,RYY,GA,ASO,ES,Federal Contract Tower,0,2,33,0,35,0,6,26,0,32,0,8,59,0,67,9,0,9,76
12/10/2009,RYY,GA,ASO,ES,Federal Contract Tower,0,2,40,1,43,0,4,91,1,96,0,6,131,2,139,36,0,36,175
12/11/2009,RYY,GA,ASO,ES,Federal Contract Tower,0,3,35,0,38,0,3,144,2,149,0,6,179,2,187,131,0,131,318
12/12/2009,RYY,GA,ASO,ES,Federal Contract Tower,0,8,15,0,23,0,1,30,0,31,0,9,45,0,54,0,50,50,104
12/13/2009,RYY,GA,ASO,ES,Federal Contract Tower,0,2,6,0,8,0,0,0,0,0,0,2,6,0,8,0,0,0,8
12/14/2009,RYY,GA,ASO,ES,Federal Contract Tower,0,1,16,0,17,0,0,0,0,0,0,1,16,0,17,0,0,0,17
12/15/2009,RYY,GA,ASO,ES,Federal Contract Tower,0,9,40,0,49,0,4,16,0,20,0,13,56,0,69,0,0,0,69
12/16/2009,RYY,GA,ASO,ES,Federal Contract Tower,0,6,48,0,54,0,5,163,3,171,0,11,211,3,225,83,0,83,308
12/17/2009,RYY,GA,ASO,ES,Federal Contract Tower,0,8,40,2,50,0,0,98,2,100,0,8,138,4,150,54,16,70,220
12/18/2009,RYY,GA,ASO,ES,Federal Contract Tower,0,5,26,0,31,0,0,0,0,0,0,5,26,0,31,0,0,0,31
12/19/2009,RYY,GA,ASO,ES,Federal Contract Tower,0,4,24,0,28,0,0,16,4,20,0,4,40,4,48,10,0,10,58
12/20/2009,RYY,GA,ASO,ES,Federal Contract Tower,0,3,28,0,31,0,1,54,2,57,0,4,82,2,88,27,0,27,115
12/21/2009,RYY,GA,ASO,ES,Federal Contract Tower,0,6,37,1,44,0,3,80,5,88,0,9,117,6,132,104,0,104,236
12/22/2009,RYY,GA,ASO,ES,Federal Contract Tower,0,5,44,0,49,0,2,173,4,179,0,7,217,4,228,102,7,109,337
12/23/2009,RYY,GA,ASO,ES,Federal Contract Tower,0,5,38,0,43,0,0,125,0,125,0,5,163,0,168,86,2,88,256
12/24/2009,RYY,GA,ASO,ES,Federal Contract Tower,0,1,12,0,13,0,0,11,0,11,0,1,23,0,24,43,0,43,67
12/25/2009,RYY,GA,ASO,ES,Federal Contract Tower,0,2,7,0,9,0,3,2,0,5,0,5,9,0,14,0,0,0,14
12/26/2009,RYY,GA,ASO,ES,Federal Contract Tower,0,12,32,0,44,0,1,101,3,105,0,13,133,3,149,62,0,62,211
12/27/2009,RYY,GA,ASO,ES,Federal Contract Tower,0,4,30,2,36,0,3,81,4,88,0,7,111,6,124,58,0,58,182
12/28/2009,RYY,GA,ASO,ES,Federal Contract Tower,0,4,26,0,30,0,2,62,0,64,0,6,88,0,94,41,0,41,135
12/29/2009,RYY,GA,ASO,ES,Federal Contract Tower,0,7,21,0,28,0,3,129,4,136,0,10,150,4,164,72,0,72,236
12/30/2009,RYY,GA,ASO,ES,Federal Contract Tower,0,1,22,0,23,0,2,62,1,65,0,3,84,1,88,75,0,75,163
12/31/2009,RYY,GA,ASO,ES,Federal Contract Tower,0,1,9,0,10,0,0,0,0,0,0,1,9,0,10,0,0,0,10
01/01/2010,RYY,GA,ASO,ES,Federal Contract Tower,0,0,13,0,13,0,2,23,0,25,0,2,36,0,38,0,0,0,38
01/02/2010,RYY,GA,ASO,ES,Federal Contract Tower,0,3,20,0,23,0,1,40,0,41,0,4,60,0,64,10,0,10,74
01/03/2010,RYY,GA,ASO,ES,Federal Contract Tower,0,4,44,0,48,0,6,79,0,85,0,10,123,0,133,26,0,26,159
01/04/2010,RYY,GA,ASO,ES,Federal Contract Tower,0,5,21,0,26,0,4,43,0,47,0,9,64,0,73,9,0,9,82
01/05/2010,RYY,GA,ASO,ES,Federal Contract Tower,0,3,30,0,33,0,1,63,0,64,0,4,93,0,97,22,0,22,119
01/06/2010,RYY,GA,ASO,ES,Federal Contract Tower,0,4,30,0,34,0,1,67,1,69,0,5,97,1,103,82,0,82,185
01/07/2010,RYY,GA,ASO,ES,Federal Contract Tower,0,4,20,0,24,0,0,20,0,20,0,4,40,0,44,52,0,52,96
01/08/2010,RYY,GA,ASO,ES,Federal Contract Tower,0,2,25,0,27,0,5,13,0,18,0,7,38,0,45,7,0,7,52
01/09/2010,RYY,GA,ASO,ES,Federal Contract Tower,0,3,10,6,19,0,1,60,8,69,0,4,70,14,88,62,0,62,150
01/10/2010,RYY,GA,ASO,ES,Federal Contract Tower,0,4,10,0,14,0,0,63,4,67,0,4,73,4,81,28,2,30,111
01/11/2010,RYY,GA,ASO,ES,Federal Contract Tower,0,5,28,2,35,0,0,50,1,51,0,5,78,3,86,76,0,76,162
01/12/2010,RYY,GA,ASO,ES,Federal Contract Tower,0,1,25,2,28,0,6,55,0,61,0,7,80,2,89,90,0,90,179
01/13/2010,RYY,GA,ASO,ES,Federal Contract Tower,0,2,30,2,34,0,3,95,0,98,0,5,125,2,132,54,0,54,186
01/14/2010,RYY,GA,ASO,ES,Federal Contract Tower,0,6,41,1,48,0,5,94,4,103,0,11,135,5,151,103,7,110,261
01/15/2010,RYY,GA,ASO,ES,Federal Contract Tower,0,1,35,0,36,0,2,160,0,162,0,3,195,0,198,64,0,64,262
01/16/2010,RYY,GA,ASO,ES,Federal Contract Tower,0,0,20,0,20,0,2,13,0,15,0,2,33,0,35,21,0,21,56
01/17/2010,RYY,GA,ASO,ES,Federal Contract Tower,0,0,21,0,21,0,1,5,0,6,0,1,26,0,27,0,0,0,27
01/18/2010,RYY,GA,ASO,ES,Federal Contract Tower,0,5,31,0,36,0,0,90,1,91,0,5,121,1,127,55,2,57,184
01/19/2010,RYY,GA,ASO,ES,Federal Contract Tower,0,3,21,0,24,0,2,104,1,107,0,5,125,1,131,109,0,109,240
01/20/2010,RYY,GA,ASO,ES,Federal Contract Tower,0,0,40,1,41,0,2,54,1,57,0,2,94,2,98,86,0,86,184
01/21/2010,RYY,GA,ASO,ES,Federal Contract Tower,0,3,26,0,29,0,0,0,0,0,0,3,26,0,29,0,0,0,29
01/22/2010,RYY,GA,ASO,ES,Federal Contract Tower,0,4,42,0,46,0,0,28,0,28,0,4,70,0,74,8,0,8,82
01/23/2010,RYY,GA,ASO,ES,Federal Contract Tower,0,1,13,0,14,0,0,1,0,1,0,1,14,0,15,0,0,0,15
01/24/2010,RYY,GA,ASO,ES,Federal Contract Tower,0,3,8,0,11,0,0,2,0,2,0,3,10,0,13,0,0,0,13
01/25/2010,RYY,GA,ASO,ES,Federal Contract Tower,0,0,39,0,39,0,1,34,0,35,0,1,73,0,74,8,0,8,82
01/26/2010,RYY,GA,ASO,ES,Federal Contract Tower,0,2,32,0,34,0,0,49,0,49,0,2,81,0,83,6,0,6,89
01/27/2010,RYY,GA,ASO,ES,Federal Contract Tower,0,4,46,3,53,0,0,109,1,110,0,4,155,4,163,156,0,156,319
01/28/2010,RYY,GA,ASO,ES,Federal Contract Tower,0,1,31,0,32,0,3,105,8,116,0,4,136,8,148,94,0,94,242
01/29/2010,RYY,GA,ASO,ES,Federal Contract Tower,0,1,28,0,29,0,0,27,1,28,0,1,55,1,57,67,0,67,124
01/30/2010,RYY,GA,ASO,ES,Federal Contract Tower,0,1,4,0,5,0,0,0,0,0,0,1,4,0,5,0,0,0,5
01/31/2010,RYY,GA,ASO,ES,Federal Contract Tower,0,4,25,0,29,0,1,147,0,148,0,5,172,0,177,145,0,145,322
02/01/2010,RYY,GA,ASO,ES,Federal Contract Tower,0,1,33,4,38,0,0,73,1,74,0,1,106,5,112,27,0,27,139
02/02/2010,RYY,GA,ASO,ES,Federal Contract Tower,0,5,45,0,50,0,0,3,0,3,0,5,48,0,53,14,0,14,67
02/03/2010,RYY,GA,ASO,ES,Federal Contract Tower,0,1,42,3,46,0,13,102,3,118,0,14,144,6,164,71,4,75,239
02/04/2010,RYY,GA,ASO,ES,Federal Contract Tower,0,4,46,1,51,0,2,10,4,16,0,6,56,5,67,0,0,0,67
02/05/2010,RYY,GA,ASO,ES,Federal Contract Tower,0,4,18,0,22,0,0,0,0,0,0,4,18,0,22,0,0,0,22
02/06/2010,RYY,GA,ASO,ES,Federal Contract Tower,0,5,10,0,15,0,0,27,3,30,0,5,37,3,45,12,6,18,63
02/07/2010,RYY,GA,ASO,ES,Federal Contract Tower,0,6,41,0,47,0,2,106,1,109,0,8,147,1,156,100,0,100,256
02/08/2010,RYY,GA,ASO,ES,Federal Contract Tower,0,7,32,0,39,0,3,86,1,90,0,10,118,1,129,126,0,126,255
02/09/2010,RYY,GA,ASO,ES,Federal Contract Tower,0,4,28,0,32,0,3,0,0,3,0,7,28,0,35,0,0,0,35
02/10/2010,RYY,GA,ASO,ES,Federal Contract Tower,0,3,22,0,25,0,0,16,0,16,0,3,38,0,41,0,0,0,41
02/11/2010,RYY,GA,ASO,ES,Federal Contract Tower,0,11,36,0,47,0,4,110,2,116,0,15,146,2,163,95,0,95,258
02/12/2010,RYY,GA,ASO,ES,Federal Contract Tower,0,5,22,0,27,0,0,6,0,6,0,5,28,0,33,70,0,70,103
02/13/2010,RYY,GA,ASO,ES,Federal Contract Tower,0,2,25,0,27,0,5,93,0,98,0,7,118,0,125,32,0,32,157
02/14/2010,RYY,GA,ASO,ES,Federal Contract Tower,0,1,27,0,28,0,1,136,2,139,0,2,163,2,167,99,0,99,266
02/15/2010,RYY,GA,ASO,ES,Federal Contract Tower,0,5,25,0,30,0,1,42,0,43,0,6,67,0,73,34,0,34,107
02/16/2010,RYY,GA,ASO,ES,Federal Contract Tower,0,2,30,0,32,0,2,50,0,52,0,4,80,0,84,10,0,10,94
02/17/2010,RYY,GA,ASO,ES,Federal Contract Tower,0,3,26,0,29,0,2,70,1,73,0,5,96,1,102,28,0,28,130
02/18/2010,RYY,GA,ASO,ES,Federal Contract Tower,0,1,33,2,36,0,1,131,0,132,0,2,164,2,168,60,0,60,228
02/19/2010,RYY,GA,ASO,ES,Federal Contract Tower,0,3,22,0,25,0,2,141,10,153,0,5,163,10,178,70,12,82,260
02/20/2010,RYY,GA,ASO,ES,Federal Contract Tower,0,0,29,0,29,0,0,208,6,214,0,0,237,6,243,101,0,101,344
02/21/2010,RYY,GA,ASO,ES,Federal Contract Tower,0,3,23,0,26,0,5,141,7,153,0,8,164,7,179,89,0,89,268
02/22/2010,RYY,GA,ASO,ES,Federal Contract Tower,0,0,23,0,23,0,6,2,0,8,0,6,25,0,31,0,0,0,31
02/23/2010,RYY,GA,ASO,ES,Federal Contract Tower,0,4,35,0,39,0,7,44,0,51,0,11,79,0,90,4,0,4,94
02/24/2010,RYY,GA,ASO,ES,Federal Contract Tower,0,2,19,0,21,0,1,39,0,40,0,3,58,0,61,42,0,42,103
02/25/2010,RYY,GA,ASO,ES,Federal Contract Tower,0,2,34,0,36,0,2,57,0,59,0,4,91,0,95,0,0,0,95
02/26/2010,RYY,GA,ASO,ES,Federal Contract Tower,0,5,27,0,32,0,1,114,3,118,0,6,141,3,150,64,0,64,214
02/27/2010,RYY,GA,ASO,ES,Federal Contract Tower,0,4,18,0,22,0,3,142,0,145,0,7,160,0,167,65,0,65,232
02/28/2010,RYY,GA,ASO,ES,Federal Contract Tower,0,2,40,0,42,0,4,75,5,84,0,6,115,5,126,17,0,17,143
03/01/2010,RYY,GA,ASO,ES,Federal Contract Tower,0,12,17,0,29,0,2,57,1,60,0,14,74,1,89,62,0,62,151
03/02/2010,RYY,GA,ASO,ES,Federal Contract Tower,0,3,8,0,11,0,0,0,0,0,0,3,8,0,11,0,0,0,11
03/03/2010,RYY,GA,ASO,ES,Federal Contract Tower,0,6,28,1,35,0,2,22,5,29,0,8,50,6,64,0,14,14,78
03/04/2010,RYY,GA,ASO,ES,Federal Contract Tower,0,5,38,0,43,0,3,93,0,96,0,8,131,0,139,24,0,24,163
03/05/2010,RYY,GA,ASO,ES,Federal Contract Tower,0,3,36,0,39,0,4,123,0,127,0,7,159,0,166,72,0,72,238
03/06/2010,RYY,GA,ASO,ES,Federal Contract Tower,0,0,26,0,26,0,1,149,3,153,0,1,175,3,179,168,0,168,347
03/07/2010,RYY,GA,ASO,ES,Federal Contract Tower,0,3,45,0,48,0,2,143,4,149,0,5,188,4,197,123,0,123,320
03/08/2010,RYY,GA,ASO,ES,Federal Contract Tower,0,5,27,0,32,0,2,120,0,122,0,7,147,0,154,69,0,69,223
03/09/2010,RYY,GA,ASO,ES,Federal Contract Tower,0,3,39,0,42,0,5,92,0,97,0,8,131,0,139,89,0,89,228
03/10/2010,RYY,GA,ASO,ES,Federal Contract Tower,0,3,13,0,16,0,0,0,0,0,0,3,13,0,16,0,0,0,16
03/11/2010,RYY,GA,ASO,ES,Federal Contract Tower,0,8,25,0,33,0,0,0,0,0,0,8,25,0,33,0,0,0,33
03/12/2010,RYY,GA,ASO,ES,Federal Contract Tower,0,7,18,0,25,0,0,1,1,2,0,7,19,1,27,0,0,0,27
03/13/2010,RYY,GA,ASO,ES,Federal Contract Tower,0,8,31,0,39,0,4,55,5,64,0,12,86,5,103,81,14,95,198
03/14/2010,RYY,GA,ASO,ES,Federal Contract Tower,0,3,32,0,35,0,3,34,0,37,0,6,66,0,72,127,20,147,219
03/15/2010,RYY,GA,ASO,ES,Federal Contract Tower,0,4,36,0,40,0,2,61,0,63,0,6,97,0,103,8,0,8,111
03/16/2010,RYY,GA,ASO,ES,Federal Contract Tower,0,3,34,0,37,0,1,113,4,118,0,4,147,4,155,117,0,117,272
03/17/2010,RYY,GA,ASO,ES,Federal Contract Tower,0,2,36,0,38,0,3,28,10,41,0,5,64,10,79,80,0,80,159
03/18/2010,RYY,GA,ASO,ES,Federal Contract Tower,0,1,32,0,33,0,0,89,2,91,0,1,121,2,124,122,0,122,246
03/19/2010,RYY,GA,ASO,ES,Federal Contract Tower,0,3,47,1,51,0,1,240,8,249,0,4,287,9,300,104,0,104,404
03/20/2010,RYY,GA,ASO,ES,Federal Contract Tower,0,1,24,8,33,0,1,190,0,191,0,2,214,8,224,127,0,127,351
03/21/2010,RYY,GA,ASO,ES,Federal Contract Tower,0,6,32,0,38,0,0,4,0,4,0,6,36,0,42,4,0,4,46
03/22/2010,RYY,GA,ASO,ES,Federal Contract Tower,0,10,27,0,37,0,1,11,1,13,0,11,38,1,50,4,0,4,54
03/23/2010,RYY,GA,ASO,ES,Federal Contract Tower,0,2,28,0,30,0,2,62,1,65,0,4,90,1,95,82,0,82,177
03/24/2010,RYY,GA,ASO,ES,Federal Contract Tower,0,6,46,0,52,0,4,146,2,152,0,10,192,2,204,137,0,137,341
03/25/2010,RYY,GA,ASO,ES,Federal Contract Tower,0,3,37,2,42,0,6,58,3,67,0,9,95,5,109,39,0,39,148
03/26/2010,RYY,GA,ASO,ES,Federal Contract Tower,0,0,43,4,47,0,2,28,1,31,0,2,71,5,78,2,0,2,80
03/27/2010,RYY,GA,ASO,ES,Federal Contract Tower,0,2,30,4,36,0,3,124,18,145,0,5,154,22,181,60,0,60,241
03/28/2010,RYY,GA,ASO,ES,Federal Contract Tower,0,4,26,3,33,0,0,7,0,7,0,4,33,3,40,39,0,39,79
03/29/2010,RYY,GA,ASO,ES,Federal Contract Tower,0,3,37,3,43,0,4,20,0,24,0,7,57,3,67,16,0,16,83
03/30/2010,RYY,GA,ASO,ES,Federal Contract Tower,0,2,30,0,32,0,4,113,0,117,0,6,143,0,149,68,0,68,217
03/31/2010,RYY,GA,ASO,ES,Federal Contract Tower,0,8,30,0,38,0,7,145,2,154,0,15,175,2,192,121,0,121,313
04/01/2010,RYY,GA,ASO,ES,Federal Contract Tower,0,5,38,0,43,0,6,140,1,147,0,11,178,1,190,51,2,53,243
04/02/2010,RYY,GA,ASO,ES,Federal Contract Tower,0,1,41,2,44,0,3,142,5,150,0,4,183,7,194,66,2,68,262
04/03/2010,RYY,GA,ASO,ES,Federal Contract Tower,0,6,19,0,25,0,5,111,13,129,0,11,130,13,154,46,0,46,200
04/04/2010,RYY,GA,ASO,ES,Federal Contract Tower,0,3,21,0,24,0,5,94,3,102,0,8,115,3,126,34,0,34,160
04/05/2010,RYY,GA,ASO,ES,Federal Contract Tower,0,3,38,0,41,0,4,115,7,126,0,7,153,7,167,97,0,97,264
04/06/2010,RYY,GA,ASO,ES,Federal Contract Tower,0,0,22,0,22,0,0,105,3,108,0,0,127,3,130,70,0,70,200
04/07/2010,RYY,GA,ASO,ES,Federal Contract Tower,0,4,36,0,40,0,2,117,3,122,0,6,153,3,162,58,0,58,220
04/08/2010,RYY,GA,ASO,ES,Federal Contract Tower,0,10,33,0,43,0,0,9,0,9,0,10,42,0,52,14,0,14,66
04/09/2010,RYY,GA,ASO,ES,Federal Contract Tower,0,8,41,0,49,0,0,140,1,141,0,8,181,1,190,25,0,25,215
04/10/2010,RYY,GA,ASO,ES,Federal Contract Tower,0,6,25,0,31,0,0,140,0,140,0,6,165,0,171,136,0,136,307
04/11/2010,RYY,GA,ASO,ES,Federal Contract Tower,0,8,44,0,52,0,3,165,3,171,0,11,209,3,223,167,0,167,390
04/12/2010,RYY,GA,ASO,ES,Federal Contract Tower,0,2,19,0,21,0,5,85,2,92,0,7,104,2,113,82,0,82,195
04/13/2010,RYY,GA,ASO,ES,Federal Contract Tower,0,6,18,0,24,0,8,81,6,95,0,14,99,6,119,48,0,48,167
04/14/2010,RYY,GA,ASO,ES,Federal Contract Tower,0,2,37,0,39,0,3,98,4,105,0,5,135,4,144,81,0,81,225
04/15/2010,RYY,GA,ASO,ES,Federal Contract Tower,0,6,54,0,60,0,6,94,0,100,0,12,148,0,160,40,0,40,200
04/16/2010,RYY,GA,ASO,ES,Federal Contract Tower,0,4,39,0,43,0,2,171,4,177,0,6,210,4,220,64,4,68,288
04/17/2010,RYY,GA,ASO,ES,Federal Contract Tower,0,0,17,0,17,0,8,134,8,150,0,8,151,8,167,92,0,92,259
04/18/2010,RYY,GA,ASO,ES,Federal Contract Tower,0,1,37,0,38,0,10,114,6,130,0,11,151,6,168,67,0,67,235
04/19/2010,RYY,GA,ASO,ES,Federal Contract Tower,0,2,35,0,37,0,2,84,2,88,0,4,119,2,125,36,0,36,161
04/20/2010,RYY,GA,ASO,ES,Federal Contract Tower,0,5,46,2,53,0,4,10,0,14,0,9,56,2,67,63,0,63,130
04/21/2010,RYY,GA,ASO,ES,Federal Contract Tower,0,4,37,1,42,0,2,94,2,98,0,6,131,3,140,42,0,42,182
04/22/2010,RYY,GA,ASO,ES,Federal Contract Tower,0,6,44,0,50,0,2,129,0,131,0,8,173,0,181,42,0,42,223
04/23/2010,RYY,GA,ASO,ES,Federal Contract Tower,0,7,42,0,49,0,2,136,2,140,0,9,178,2,189,125,2,127,316
04/24/2010,RYY,GA,ASO,ES,Federal Contract Tower,0,2,9,0,11,0,0,1,1,2,0,2,10,1,13,0,0,0,13
04/25/2010,RYY,GA,ASO,ES,Federal Contract Tower,0,7,34,0,41,0,2,45,2,49,0,9,79,2,90,21,0,21,111
04/26/2010,RYY,GA,ASO,ES,Federal Contract Tower,0,4,25,1,30,0,3,34,4,41,0,7,59,5,71,18,0,18,89
04/27/2010,RYY,GA,ASO,ES,Federal Contract Tower,0,6,24,0,30,0,0,16,0,16,0,6,40,0,46,52,0,52,98
04/28/2010,RYY,GA,ASO,ES,Federal Contract Tower,0,4,36,2,42,0,2,150,2,154,0,6,186,4,196,117,0,117,313
04/29/2010,RYY,GA,ASO,ES,Federal Contract Tower,0,3,32,6,41,0,2,142,3,147,0,5,174,9,188,124,0,124,312
04/30/2010,RYY,GA,ASO,ES,Federal Contract Tower,0,1,19,1,21,0,2,154,1,157,0,3,173,2,178,133,0,133,311
05/01/2010,RYY,GA,ASO,ES,Federal Contract Tower,0,1,32,0,33,0,3,27,0,30,0,4,59,0,63,24,0,24,87
05/02/2010,RYY,GA,ASO,ES,Federal Contract Tower,0,1,17,0,18,0,2,14,0,16,0,3,31,0,34,0,0,0,34
05/03/2010,RYY,GA,ASO,ES,Federal Contract Tower,0,5,17,0,22,0,0,20,0,20,0,5,37,0,42,42,0,42,84
05/04/2010,RYY,GA,ASO,ES,Federal Contract Tower,0,2,23,0,25,0,6,83,0,89,0,8,106,0,114,94,0,94,208
05/05/2010,RYY,GA,ASO,ES,Federal Contract Tower,0,2,34,1,37,0,4,152,2,158,0,6,186,3,195,56,0,56,251
05/06/2010,RYY,GA,ASO,ES,Federal Contract Tower,0,2,38,4,44,0,1,134,0,135,0,3,172,4,179,40,0,40,219
05/07/2010,RYY,GA,ASO,ES,Federal Contract Tower,0,5,56,3,64,0,4,182,0,186,0,9,238,3,250,137,0,137,387
05/08/2010,RYY,GA,ASO,ES,Federal Contract Tower,0,1,12,0,13,0,7,112,0,119,0,8,124,0,132,72,0,72,204
05/09/2010,RYY,GA,ASO,ES,Federal Contract Tower,0,6,44,0,50,0,0,175,0,175,0,6,219,0,225,39,0,39,264
05/10/2010,RYY,GA,ASO,ES,Federal Contract Tower,0,3,30,0,33,0,4,73,0,77,0,7,103,0,110,121,0,121,231
05/11/2010,RYY,GA,ASO,ES,Federal Contract Tower,0,4,48,1,53,0,1,66,3,70,0,5,114,4,123,33,0,33,156
05/12/2010,RYY,GA,ASO,ES,Federal Contract Tower,0,2,32,1,35,0,0,88,0,88,0,2,120,1,123,28,4,32,155
05/13/2010,RYY,GA,ASO,ES,Federal Contract Tower,0,0,48,0,48,0,2,114,4,120,0,2,162,4,168,39,2,41,209
05/14/2010,RYY,GA,ASO,ES,Federal Contract Tower,0,0,34,2,36,0,9,95,0,104,0,9,129,2,140,113,0,113,253
05/15/2010,RYY,GA,ASO,ES,Federal Contract Tower,0,0,23,0,23,0,1,78,14,93,0,1,101,14,116,106,0,106,222
05/16/2010,RYY,GA,ASO,ES,Federal Contract Tower,0,0,25,0,25,0,2,57,1,60,0,2,82,1,85,32,0,32,117
05/17/2010,RYY,GA,ASO,ES,Federal Contract Tower,0,3,32,2,37,0,0,48,3,51,0,3,80,5,88,10,0,10,98
05/18/2010,RYY,GA,ASO,ES,Federal Contract Tower,0,3,35,0,38,0,7,120,0,127,0,10,155,0,165,69,0,69,234
05/19/2010,RYY,GA,ASO,ES,Federal Contract Tower,0,4,39,0,43,0,3,102,0,105,0,7,141,0,148,58,0,58,206
05/20/2010,RYY,GA,ASO,ES,Federal Contract Tower,0,7,36,0,43,0,5,122,2,129,0,12,158,2,172,39,0,39,211
05/21/2010,RYY,GA,ASO,ES,Federal Contract Tower,0,5,34,0,39,0,3,13,0,16,0,8,47,0,55,30,0,30,85
05/22/2010,RYY,GA,ASO,ES,Federal Contract Tower,0,7,26,0,33,0,2,58,0,60,0,9,84,0,93,56,0,56,149
05/23/2010,RYY,GA,ASO,ES,Federal Contract Tower,0,4,34,1,39,0,4,154,0,158,0,8,188,1,197,45,8,53,250
05/24/2010,RYY,GA,ASO,ES,Federal Contract Tower,0,3,40,0,43,0,4,61,0,65,0,7,101,0,108,34,0,34,142
05/25/2010,RYY,GA,ASO,ES,Federal Contract Tower,0,3,42,3,48,0,1,67,0,68,0,4,109,3,116,33,0,33,149
05/26/2010,RYY,GA,ASO,ES,Federal Contract Tower,0,4,42,0,46,0,113,0,0,113,0,117,42,0,159,22,0,22,181
05/27/2010,RYY,GA,ASO,ES,Federal Contract Tower,0,3,48,1,52,0,5,156,3,164,0,8,204,4,216,93,0,93,309
05/28/2010,RYY,GA,ASO,ES,Federal Contract Tower,0,7,45,0,52,0,0,103,0,103,0,7,148,0,155,55,0,55,210
05/29/2010,RYY,GA,ASO,ES,Federal Contract Tower,0,1,35,0,36,0,0,40,0,40,0,1,75,0,76,26,0,26,102
05/30/2010,RYY,GA,ASO,ES,Federal Contract Tower,0,2,19,0,21,0,0,20,0,20,0,2,39,0,41,4,0,4,45
05/31/2010,RYY,GA,ASO,ES,Federal Contract Tower,0,2,36,1,39,0,0,5,0,5,0,2,41,1,44,0,0,0,44
06/01/2010,RYY,GA,ASO,ES,Federal Contract Tower,0,0,43,0,43,0,2,28,0,30,0,2,71,0,73,18,0,18,91
06/02/2010,RYY,GA,ASO,ES,Federal Contract Tower,0,1,31,0,32,0,0,34,0,34,0,1,65,0,66,18,0,18,84
06/03/2010,RYY,GA,ASO,ES,Federal Contract Tower,0,4,31,0,35,0,0,56,0,56,0,4,87,0,91,45,0,45,136
06/04/2010,RYY,GA,ASO,ES,Federal Contract Tower,0,4,31,0,35,0,5,42,1,48,0,9,73,1,83,139,0,139,222
06/05/2010,RYY,GA,ASO,ES,Federal Contract Tower,0,2,16,0,18,0,0,94,0,94,0,2,110,0,112,66,0,66,178
06/06/2010,RYY,GA,ASO,ES,Federal Contract Tower,0,3,40,0,43,0,4,49,2,55,0,7,89,2,98,45,0,45,143
06/07/2010,RYY,GA,ASO,ES,Federal Contract Tower,0,1,30,1,32,0,3,135,1,139,0,4,165,2,171,97,0,97,268
06/08/2010,RYY,GA,ASO,ES,Federal Contract Tower,0,0,18,2,20,0,1,113,0,114,0,1,131,2,134,103,23,126,260
06/09/2010,RYY,GA,ASO,ES,Federal Contract Tower,0,7,26,0,33,0,4,75,1,80,0,11,101,1,113,36,0,36,149
06/10/2010,RYY,GA,ASO,ES,Federal Contract Tower,0,7,43,0,50,0,2,101,0,103,0,9,144,0,153,111,0,111,264
06/11/2010,RYY,GA,ASO,ES,Federal Contract Tower,0,1,33,0,34,0,1,109,0,110,0,2,142,0,144,77,0,77,221
06/12/2010,RYY,GA,ASO,ES,Federal Contract Tower,0,4,25,0,29,0,2,108,0,110,0,6,133,0,139,125,0,125,264
06/13/2010,RYY,GA,ASO,ES,Federal Contract Tower,0,4,24,0,28,0,1,122,1,124,0,5,146,1,152,49,0,49,201
06/14/2010,RYY,GA,ASO,ES,Federal Contract Tower,0,0,35,1,36,0,1,84,1,86,0,1,119,2,122,58,0,58,180
06/15/2010,RYY,GA,ASO,ES,Federal Contract Tower,0,5,22,1,28,0,1,60,0,61,0,6,82,1,89,36,2,38,127
06/16/2010,RYY,GA,ASO,ES,Federal Contract Tower,0,9,30,1,40,0,8,96,0,104,0,17,126,1,144,62,0,62,206
06/17/2010,RYY,GA,ASO,ES,Federal Contract Tower,0,4,40,3,47,0,5,118,0,123,0,9,158,3,170,34,0,34,204
06/18/2010,RYY,GA,ASO,ES,Federal Contract Tower,0,8,27,0,35,0,1,114,3,118,0,9,141,3,153,66,0,66,219
06/19/2010,RYY,GA,ASO,ES,Federal Contract Tower,0,2,30,0,32,0,2,113,7,122,0,4,143,7,154,47,0,47,201
06/20/2010,RYY,GA,ASO,ES,Federal Contract Tower,0,2,38,0,40,0,0,82,0,82,0,2,120,0,122,10,0,10,132
06/21/2010,RYY,GA,ASO,ES,Federal Contract Tower,0,2,33,0,35,0,1,108,0,109,0,3,141,0,144,30,0,30,174
06/22/2010,RYY,GA,ASO,ES,Federal Contract Tower,0,3,33,0,36,0,0,63,1,64,0,3,96,1,100,119,0,119,219
06/23/2010,RYY,GA,ASO,ES,Federal Contract Tower,0,0,32,2,34,0,0,105,0,105,0,0,137,2,139,97,0,97,236
06/24/2010,RYY,GA,ASO,ES,Federal Contract Tower,0,5,47,0,52,0,0,110,3,113,0,5,157,3,165,59,0,59,224
06/25/2010,RYY,GA,ASO,ES,Federal Contract Tower,0,1,31,0,32,0,4,106,2,112,0,5,137,2,144,83,0,83,227
06/26/2010,RYY,GA,ASO,ES,Federal Contract Tower,0,0,36,0,36,0,8,177,1,186,0,8,213,1,222,91,0,91,313
06/27/2010,RYY,GA,ASO,ES,Federal Contract Tower,0,5,29,0,34,0,2,116,2,120,0,7,145,2,154,48,0,48,202
06/28/2010,RYY,GA,ASO,ES,Federal Contract Tower,0,1,26,0,27,0,2,65,1,68,0,3,91,1,95,11,0,11,106
06/29/2010,RYY,GA,ASO,ES,Federal Contract Tower,0,2,29,0,31,0,5,81,0,86,0,7,110,0,117,88,0,88,205
06/30/2010,RYY,GA,ASO,ES,Federal Contract Tower,0,3,45,4,52,0,0,89,2,91,0,3,134,6,143,94,0,94,237
07/01/2010,RYY,GA,ASO,ES,Federal Contract Tower,0,8,43,0,51,0,3,89,0,92,0,11,132,0,143,116,0,116,259
07/02/2010,RYY,GA,ASO,ES,Federal Contract Tower,0,8,50,2,60,0,0,33,4,37,0,8,83,6,97,38,0,38,135
07/03/2010,RYY,GA,ASO,ES,Federal Contract Tower,0,2,15,0,17,0,4,133,6,143,0,6,148,6,160,76,0,76,236
07/04/2010,RYY,GA,ASO,ES,Federal Contract Tower,0,0,13,0,13,0,3,90,0,93,0,3,103,0,106,13,0,13,119
07/05/2010,RYY,GA,ASO,ES,Federal Contract Tower,0,2,28,3,33,0,3,97,4,104,0,5,125,7,137,94,0,94,231
07/06/2010,RYY,GA,ASO,ES,Federal Contract Tower,0,4,34,0,38,0,6,118,1,125,0,10,152,1,163,34,0,34,197
07/07/2010,RYY,GA,ASO,ES,Federal Contract Tower,0,0,28,0,28,0,0,133,2,135,0,0,161,2,163,61,0,61,224
07/08/2010,RYY,GA,ASO,ES,Federal Contract Tower,0,1,25,0,26,0,2,152,0,154,0,3,177,0,180,110,0,110,290
07/09/2010,RYY,GA,ASO,ES,Federal Contract Tower,0,2,41,0,43,0,2,107,0,109,0,4,148,0,152,69,0,69,221
07/10/2010,RYY,GA,ASO,ES,Federal Contract Tower,0,8,33,0,41,0,0,87,3,90,0,8,120,3,131,41,0,41,172
07/11/2010,RYY,GA,ASO,ES,Federal Contract Tower,0,1,38,0,39,0,0,101,2,103,0,1,139,2,142,63,0,63,205
07/12/2010,RYY,GA,ASO,ES,Federal Contract Tower,0,7,39,0,46,0,0,40,0,40,0,7,79,0,86,18,0,18,104
07/13/2010,RYY,GA,ASO,ES,Federal Contract Tower,0,3,36,2,41,0,1,45,0,46,0,4,81,2,87,14,0,14,101
07/14/2010,RYY,GA,ASO,ES,Federal Contract Tower,0,0,49,1,50,0,2,91,1,94,0,2,140,2,144,87,0,87,231
07/15/2010,RYY,GA,ASO,ES,Federal Contract Tower,0,0,46,0,46,0,6,131,4,141,0,6,177,4,187,46,0,46,233
07/16/2010,RYY,GA,ASO,ES,Federal Contract Tower,0,3,46,0,49,0,0,86,0,86,0,3,132,0,135,76,0,76,211
07/17/2010,RYY,GA,ASO,ES,Federal Contract Tower,0,3,36,1,40,0,1,40,1,42,0,4,76,2,82,50,0,50,132
07/18/2010,RYY,GA,ASO,ES,Federal Contract Tower,0,4,36,1,41,0,0,38,0,38,0,4,74,1,79,77,0,77,156
07/19/2010,RYY,GA,ASO,ES,Federal Contract Tower,0,4,35,0,39,0,0,50,0,50,0,4,85,0,89,51,0,51,140
07/20/2010,RYY,GA,ASO,ES,Federal Contract Tower,0,2,19,1,22,0,0,116,2,118,0,2,135,3,140,38,0,38,178
07/21/2010,RYY,GA,ASO,ES,Federal Contract Tower,0,4,22,0,26,0,2,88,0,90,0,6,110,0,116,99,0,99,215
07/22/2010,RYY,GA,ASO,ES,Federal Contract Tower,0,6,41,1,48,0,3,135,2,140,0,9,176,3,188,75,0,75,263
07/23/2010,RYY,GA,ASO,ES,Federal Contract Tower,0,5,25,0,30,0,0,165,0,165,0,5,190,0,195,94,0,94,289
07/24/2010,RYY,GA,ASO,ES,Federal Contract Tower,0,0,12,1,13,0,0,105,7,112,0,0,117,8,125,66,10,76,201
07/25/2010,RYY,GA,ASO,ES,Federal Contract Tower,0,1,20,0,21,0,2,61,0,63,0,3,81,0,84,83,0,83,167
07/26/2010,RYY,GA,ASO,ES,Federal Contract Tower,0,4,25,0,29,0,2,49,0,51,0,6,74,0,80,27,0,27,107
07/27/2010,RYY,GA,ASO,ES,Federal Contract Tower,0,2,30,0,32,0,1,72,6,79,0,3,102,6,111,70,0,70,181
07/28/2010,RYY,GA,ASO,ES,Federal Contract Tower,0,3,29,1,33,0,4,101,4,109,0,7,130,5,142,94,0,94,236
07/29/2010,RYY,GA,ASO,ES,Federal Contract Tower,0,2,33,1,36,0,3,136,3,142,0,5,169,4,178,145,0,145,323
07/30/2010,RYY,GA,ASO,ES,Federal Contract Tower,0,5,21,0,26,0,4,129,2,135,0,9,150,2,161,79,0,79,240
07/31/2010,RYY,GA,ASO,ES,Federal Contract Tower,0,3,17,0,20,0,4,98,2,104,0,7,115,2,124,104,0,104,228
08/01/2010,RYY,GA,ASO,ES,Federal Contract Tower,0,3,41,2,46,0,4,87,6,97,0,7,128,8,143,40,0,40,183
08/02/2010,RYY,GA,ASO,ES,Federal Contract Tower,0,5,19,0,24,0,3,16,0,19,0,8,35,0,43,6,0,6,49
08/03/2010,RYY,GA,ASO,ES,Federal Contract Tower,0,4,30,1,35,0,4,68,3,75,0,8,98,4,110,56,0,56,166
08/04/2010,RYY,GA,ASO,ES,Federal Contract Tower,0,3,41,1,45,0,1,95,3,99,0,4,136,4,144,84,0,84,228
08/05/2010,RYY,GA,ASO,ES,Federal Contract Tower,0,6,33,0,39,0,2,95,9,106,0,8,128,9,145,80,0,80,225
08/06/2010,RYY,GA,ASO,ES,Federal Contract Tower,0,8,38,0,46,0,1,97,5,103,0,9,135,5,149,93,0,93,242
08/07/2010,RYY,GA,ASO,ES,Federal Contract Tower,0,0,44,0,44,0,1,101,0,102,0,1,145,0,146,81,0,81,227
08/08/2010,RYY,GA,ASO,ES,Federal Contract Tower,0,3,31,3,37,0,2,136,2,140,0,5,167,5,177,136,0,136,313
08/09/2010,RYY,GA,ASO,ES,Federal Contract Tower,0,2,20,0,22,0,0,79,0,79,0,2,99,0,101,78,0,78,179
08/10/2010,RYY,GA,ASO,ES,Federal Contract Tower,0,5,24,0,29,0,2,123,4,129,0,7,147,4,158,58,2,60,218
08/11/2010,RYY,GA,ASO,ES,Federal Contract Tower,0,2,28,1,31,0,5,118,1,124,0,7,146,2,155,153,0,153,308
08/12/2010,RYY,GA,ASO,ES,Federal Contract Tower,0,2,34,0,36,0,0,106,4,110,0,2,140,4,146,86,0,86,232
08/13/2010,RYY,GA,ASO,ES,Federal Contract Tower,0,6,38,0,44,0,1,78,3,82,0,7,116,3,126,115,0,115,241
08/14/2010,RYY,GA,ASO,ES,Federal Contract Tower,0,5,31,0,36,0,3,8,0,11,0,8,39,0,47,0,0,0,47
08/15/2010,RYY,GA,ASO,ES,Federal Contract Tower,0,7,27,0,34,0,2,54,2,58,0,9,81,2,92,30,0,30,122
08/16/2010,RYY,GA,ASO,ES,Federal Contract Tower,0,1,43,0,44,0,7,59,0,66,0,8,102,0,110,145,0,145,255
08/17/2010,RYY,GA,ASO,ES,Federal Contract Tower,0,1,26,0,27,0,5,34,3,42,0,6,60,3,69,109,0,109,178
08/18/2010,RYY,GA,ASO,ES,Federal Contract Tower,0,1,35,1,37,0,0,102,0,102,0,1,137,1,139,128,0,128,267
08/19/2010,RYY,GA,ASO,ES,Federal Contract Tower,0,3,37,2,42,0,2,51,0,53,0,5,88,2,95,74,0,74,169
08/20/2010,RYY,GA,ASO,ES,Federal Contract Tower,0,3,42,0,45,0,0,40,0,40,0,3,82,0,85,86,0,86,171
08/21/2010,RYY,GA,ASO,ES,Federal Contract Tower,0,1,33,1,35,0,4,74,2,80,0,5,107,3,115,28,0,28,143
08/22/2010,RYY,GA,ASO,ES,Federal Contract Tower,0,5,23,1,29,0,0,85,0,85,0,5,108,1,114,44,0,44,158
08/23/2010,RYY,GA,ASO,ES,Federal Contract Tower,0,2,20,0,22,0,2,99,0,101,0,4,119,0,123,57,0,57,180
08/24/2010,RYY,GA,ASO,ES,Federal Contract Tower,0,1,27,0,28,0,6,104,0,110,0,7,131,0,138,144,0,144,282
08/25/2010,RYY,GA,ASO,ES,Federal Contract Tower,0,5,36,1,42,0,2,42,7,51,0,7,78,8,93,51,0,51,144
08/26/2010,RYY,GA,ASO,ES,Federal Contract Tower,0,7,44,2,53,0,4,80,0,84,0,11,124,2,137,123,0,123,260
08/27/2010,RYY,GA,ASO,ES,Federal Contract Tower,0,4,31,2,37,0,0,103,0,103,0,4,134,2,140,79,0,79,219
08/28/2010,RYY,GA,ASO,ES,Federal Contract Tower,0,2,28,3,33,0,1,71,0,72,0,3,99,3,105,53,0,53,158
08/29/2010,RYY,GA,ASO,ES,Federal Contract Tower,0,3,25,0,28,0,5,53,0,58,0,8,78,0,86,126,12,138,224
08/30/2010,RYY,GA,ASO,ES,Federal Contract Tower,0,5,29,0,34,0,3,90,0,93,0,8,119,0,127,81,0,81,208
08/31/2010,RYY,GA,ASO,ES,Federal Contract Tower,0,2,31,1,34,0,2,100,7,109,0,4,131,8,143,7,0,7,150
09/01/2010,RYY,GA,ASO,ES,Federal Contract Tower,0,4,33,0,37,0,2,79,2,83,0,6,112,2,120,80,1,81,201
09/02/2010,RYY,GA,ASO,ES,Federal Contract Tower,0,1,24,0,25,0,1,111,4,116,0,2,135,4,141,84,0,84,225
09/03/2010,RYY,GA,ASO,ES,Federal Contract Tower,0,5,43,0,48,0,2,107,5,114,0,7,150,5,162,58,0,58,220
09/04/2010,RYY,GA,ASO,ES,Federal Contract Tower,0,0,10,0,10,0,4,95,4,103,0,4,105,4,113,36,0,36,149
09/05/2010,RYY,GA,ASO,ES,Federal Contract Tower,0,0,12,0,12,0,3,126,0,129,0,3,138,0,141,73,0,73,214
09/06/2010,RYY,GA,ASO,ES,Federal Contract Tower,0,3,45,0,48,0,4,134,0,138,0,7,179,0,186,30,0,30,216
09/07/2010,RYY,GA,ASO,ES,Federal Contract Tower,0,3,28,0,31,0,2,73,5,80,0,5,101,5,111,52,0,52,163
09/08/2010,RYY,GA,ASO,ES,Federal Contract Tower,0,2,29,0,31,0,2,99,2,103,0,4,128,2,134,98,0,98,232
09/09/2010,RYY,GA,ASO,ES,Federal Contract Tower,0,5,40,0,45,0,4,101,1,106,0,9,141,1,151,85,0,85,236
09/10/2010,RYY,GA,ASO,ES,Federal Contract Tower,0,6,28,2,36,0,4,140,4,148,0,10,168,6,184,88,2,90,274
09/11/2010,RYY,GA,ASO,ES,Federal Contract Tower,0,3,10,4,17,0,2,96,2,100,0,5,106,6,117,54,1,55,172
09/12/2010,RYY,GA,ASO,ES,Federal Contract Tower,0,3,34,0,37,0,1,60,1,62,0,4,94,1,99,73,0,73,172
09/13/2010,RYY,GA,ASO,ES,Federal Contract Tower,0,5,20,1,26,0,7,90,0,97,0,12,110,1,123,10,0,10,133
09/14/2010,RYY,GA,ASO,ES,Federal Contract Tower,0,1,30,1,32,0,5,111,4,120,0,6,141,5,152,28,0,28,180
09/15/2010,RYY,GA,ASO,ES,Federal Contract Tower,0,0,38,2,40,0,5,102,1,108,0,5,140,3,148,14,0,14,162
09/16/2010,RYY,GA,ASO,ES,Federal Contract Tower,0,1,28,0,29,0,1,117,0,118,0,2,145,0,147,56,0,56,203
09/17/2010,RYY,GA,ASO,ES,Federal Contract Tower,0,4,32,0,36,0,3,119,0,122,0,7,151,0,158,54,0,54,212
09/18/2010,RYY,GA,ASO,ES,Federal Contract Tower,0,1,16,1,18,0,1,135,0,136,0,2,151,1,154,98,0,98,252
09/19/2010,RYY,GA,ASO,ES,Federal Contract Tower,0,1,30,0,31,0,2,154,0,156,0,3,184,0,187,48,0,48,235
09/20/2010,RYY,GA,ASO,ES,Federal Contract Tower,0,2,15,0,17,0,1,82,1,84,0,3,97,1,101,45,0,45,146
09/21/2010,RYY,GA,ASO,ES,Federal Contract Tower,0,7,29,0,36,0,2,83,0,85,0,9,112,0,121,174,0,174,295
09/22/2010,RYY,GA,ASO,ES,Federal Contract Tower,0,1,33,0,34,0,4,97,4,105,0,5,130,4,139,76,0,76,215
09/23/2010,RYY,GA,ASO,ES,Federal Contract Tower,0,2,30,0,32,0,4,126,0,130,0,6,156,0,162,92,0,92,254
09/24/2010,RYY,GA,ASO,ES,Federal Contract Tower,0,6,42,2,50,0,1,111,0,112,0,7,153,2,162,69,0,69,231
09/25/2010,RYY,GA,ASO,ES,Federal Contract Tower,0,1,31,0,32,0,4,138,0,142,0,5,169,0,174,154,0,154,328
09/26/2010,RYY,GA,ASO,ES,Federal Contract Tower,0,1,26,0,27,0,0,4,0,4,0,1,30,0,31,2,0,2,33
09/27/2010,RYY,GA,ASO,ES,Federal Contract Tower,0,4,31,0,35,0,3,15,0,18,0,7,46,0,53,12,0,12,65
09/28/2010,RYY,GA,ASO,ES,Federal Contract Tower,0,2,31,0,33,0,0,59,3,62,0,2,90,3,95,0,10,10,105
09/29/2010,RYY,GA,ASO,ES,Federal Contract Tower,0,5,21,0,26,0,1,115,1,117,0,6,136,1,143,119,1,120,263
09/30/2010,RYY,GA,ASO,ES,Federal Contract Tower,0,0,40,0,40,0,1,41,2,44,0,1,81,2,84,18,0,18,102
10/01/2010,RYY,GA,ASO,ES,Federal Contract Tower,0,9,34,4,47,0,3,143,3,149,0,12,177,7,196,58,2,60,256
10/02/2010,RYY,GA,ASO,ES,Federal Contract Tower,0,0,17,0,17,0,3,130,6,139,0,3,147,6,156,149,0,149,305
10/03/2010,RYY,GA,ASO,ES,Federal Contract Tower,0,2,32,0,34,0,2,81,2,85,0,4,113,2,119,44,0,44,163
10/04/2010,RYY,GA,ASO,ES,Federal Contract Tower,0,3,32,0,35,0,1,47,1,49,0,4,79,1,84,36,0,36,120
10/05/2010,RYY,GA,ASO,ES,Federal Contract Tower,0,2,36,0,38,0,2,123,1,126,0,4,159,1,164,76,0,76,240
10/06/2010,RYY,GA,ASO,ES,Federal Contract Tower,0,6,37,3,46,0,2,65,0,67,0,8,102,3,113,42,0,42,155
10/07/2010,RYY,GA,ASO,ES,Federal Contract Tower,0,3,30,0,33,0,2,102,1,105,0,5,132,1,138,39,0,39,177
10/08/2010,RYY,GA,ASO,ES,Federal Contract Tower,0,2,52,0,54,0,6,129,3,138,0,8,181,3,192,51,0,51,243
10/09/2010,RYY,GA,ASO,ES,Federal Contract Tower,0,1,19,0,20,0,11,148,0,159,0,12,167,0,179,64,0,64,243
10/10/2010,RYY,GA,ASO,ES,Federal Contract Tower,0,2,33,0,35,0,5,122,2,129,0,7,155,2,164,120,0,120,284
10/11/2010,RYY,GA,ASO,ES,Federal Contract Tower,0,3,23,0,26,0,5,69,1,75,0,8,92,1,101,80,0,80,181
10/12/2010,RYY,GA,ASO,ES,Federal Contract Tower,0,7,38,0,45,0,2,129,2,133,0,9,167,2,178,122,0,122,300
10/13/2010,RYY,GA,ASO,ES,Federal Contract Tower,0,2,28,0,30,0,1,132,0,133,0,3,160,0,163,70,0,70,233
10/14/2010,RYY,GA,ASO,ES,Federal Contract Tower,0,5,44,1,50,0,0,91,12,103,0,5,135,13,153,43,2,45,198
10/15/2010,RYY,GA,ASO,ES,Federal Contract Tower,0,3,27,4,34,0,2,91,1,94,0,5,118,5,128,10,0,10,138
10/16/2010,RYY,GA,ASO,ES,Federal Contract Tower,0,0,20,0,20,0,2,99,0,101,0,2,119,0,121,46,0,46,167
10/17/2010,RYY,GA,ASO,ES,Federal Contract Tower,0,6,45,0,51,0,5,124,1,130,0,11,169,1,181,54,0,54,235
10/18/2010,RYY,GA,ASO,ES,Federal Contract Tower,0,3,48,0,51,0,3,148,0,151,0,6,196,0,202,66,0,66,268
10/19/2010,RYY,GA,ASO,ES,Federal Contract Tower,0,5,62,0,67,0,1,104,0,105,0,6,166,0,172,46,0,46,218
10/20/2010,RYY,GA,ASO,ES,Federal Contract Tower,0,16,54,0,70,0,1,121,1,123,0,17,175,1,193,89,0,89,282
10/21/2010,RYY,GA,ASO,ES,Federal Contract Tower,0,3,78,0,81,0,2,123,0,125,0,5,201,0,206,45,0,45,251
10/22/2010,RYY,GA,ASO,ES,Federal Contract Tower,0,1,45,0,46,0,4,138,0,142,0,5,183,0,188,159,0,159,347
10/23/2010,RYY,GA,ASO,ES,Federal Contract Tower,0,1,22,0,23,0,1,126,4,131,0,2,148,4,154,113,0,113,267
10/24/2010,RYY,GA,ASO,ES,Federal Contract Tower,0,8,34,1,43,0,0,99,2,101,0,8,133,3,144,38,0,38,182
10/25/2010,RYY,GA,ASO,ES,Federal Contract Tower,0,3,29,0,32,0,0,37,0,37,0,3,66,0,69,32,0,32,101
10/26/2010,RYY,GA,ASO,ES,Federal Contract Tower,0,1,28,0,29,0,1,19,3,23,0,2,47,3,52,16,2,18,70
10/27/2010,RYY,GA,ASO,ES,Federal Contract Tower,0,4,36,0,40,0,0,7,0,7,0,4,43,0,47,0,0,0,47
10/28/2010,RYY,GA,ASO,ES,Federal Contract Tower,0,8,52,0,60,0,2,107,2,111,0,10,159,2,171,65,0,65,236
10/29/2010,RYY,GA,ASO,ES,Federal Contract Tower,0,9,35,0,44,0,3,194,1,198,0,12,229,1,242,99,0,99,341
10/30/2010,RYY,GA,ASO,ES,Federal Contract Tower,0,3,29,0,32,0,1,119,2,122,0,4,148,2,154,77,0,77,231
10/31/2010,RYY,GA,ASO,ES,Federal Contract Tower,0,0,27,0,27,0,0,108,0,108,0,0,135,0,135,64,0,64,199
11/01/2010,RYY,GA,ASO,ES,Federal Contract Tower,0,1,13,0,14,0,3,79,2,84,0,4,92,2,98,61,0,61,159
11/02/2010,RYY,GA,ASO,ES,Federal Contract Tower,0,0,24,0,24,0,3,28,2,33,0,3,52,2,57,25,1,26,83
11/03/2010,RYY,GA,ASO,ES,Federal Contract Tower,0,3,46,0,49,0,0,11,0,11,0,3,57,0,60,16,0,16,76
11/04/2010,RYY,GA,ASO,ES,Federal Contract Tower,0,4,37,2,43,0,4,46,3,53,0,8,83,5,96,21,0,21,117
11/05/2010,RYY,GA,ASO,ES,Federal Contract Tower,0,0,29,0,29,0,2,49,0,51,0,2,78,0,80,38,0,38,118
11/06/2010,RYY,GA,ASO,ES,Federal Contract Tower,0,2,30,0,32,0,2,120,0,122,0,4,150,0,154,34,0,34,188
11/07/2010,RYY,GA,ASO,ES,Federal Contract Tower,0,1,35,0,36,0,0,136,0,136,0,1,171,0,172,41,0,41,213
11/08/2010,RYY,GA,ASO,ES,Federal Contract Tower,0,3,25,0,28,0,1,113,0,114,0,4,138,0,142,65,0,65,207
11/09/2010,RYY,GA,ASO,ES,Federal Contract Tower,0,1,27,0,28,0,2,82,0,84,0,3,109,0,112,46,0,46,158
11/10/2010,RYY,GA,ASO,ES,Federal Contract Tower,0,2,37,1,40,0,4,120,6,130,0,6,157,7,170,136,0,136,306
11/11/2010,RYY,GA,ASO,ES,Federal Contract Tower,0,10,21,0,31,0,3,129,3,135,0,13,150,3,166,93,0,93,259
11/12/2010,RYY,GA,ASO,ES,Federal Contract Tower,0,7,31,2,40,0,6,155,0,161,0,13,186,2,201,116,0,116,317
11/13/2010,RYY,GA,ASO,ES,Federal Contract Tower,0,4,14,0,18,0,0,166,0,166,0,4,180,0,184,91,0,91,275
11/14/2010,RYY,GA,ASO,ES,Federal Contract Tower,0,2,40,0,42,0,0,102,0,102,0,2,142,0,144,87,0,87,231
11/15/2010,RYY,GA,ASO,ES,Federal Contract Tower,0,5,34,2,41,0,0,0,0,0,0,5,34,2,41,0,0,0,41
11/16/2010,RYY,GA,ASO,ES,Federal Contract Tower,0,0,30,0,30,0,2,17,0,19,0,2,47,0,49,0,0,0,49
11/17/2010,RYY,GA,ASO,ES,Federal Contract Tower,0,7,36,0,43,0,2,83,1,86,0,9,119,1,129,51,0,51,180
11/18/2010,RYY,GA,ASO,ES,Federal Contract Tower,0,1,55,1,57,0,2,102,4,108,0,3,157,5,165,49,0,49,214
11/19/2010,RYY,GA,ASO,ES,Federal Contract Tower,0,4,26,0,30,0,3,171,0,174,0,7,197,0,204,135,0,135,339
11/20/2010,RYY,GA,ASO,ES,Federal Contract Tower,0,0,21,0,21,0,4,117,1,122,0,4,138,1,143,87,0,87,230
11/21/2010,RYY,GA,ASO,ES,Federal Contract Tower,0,0,33,0,33,0,0,112,1,113,0,0,145,1,146,81,0,81,227
11/22/2010,RYY,GA,ASO,ES,Federal Contract Tower,0,4,35,0,39,0,2,90,0,92,0,6,125,0,131,53,0,53,184
11/23/2010,RYY,GA,ASO,ES,Federal Contract Tower,0,3,52,0,55,0,0,10,0,10,0,3,62,0,65,12,0,12,77
11/24/2010,RYY,GA,ASO,ES,Federal Contract Tower,0,3,66,1,70,0,0,7,0,7,0,3,73,1,77,9,0,9,86
11/25/2010,RYY,GA,ASO,ES,Federal Contract Tower,0,0,13,0,13,0,5,5,0,10,0,5,18,0,23,0,0,0,23
11/26/2010,RYY,GA,ASO,ES,Federal Contract Tower,0,2,26,0,28,0,0,5,0,5,0,2,31,0,33,2,0,2,35
11/27/2010,RYY,GA,ASO,ES,Federal Contract Tower,0,4,28,0,32,0,3,87,0,90,0,7,115,0,122,44,0,44,166
11/28/2010,RYY,GA,ASO,ES,Federal Contract Tower,0,8,47,0,55,0,0,84,4,88,0,8,131,4,143,48,0,48,191
11/29/2010,RYY,GA,ASO,ES,Federal Contract Tower,0,2,26,0,28,0,1,7,0,8,0,3,33,0,36,0,0,0,36
11/30/2010,RYY,GA,ASO,ES,Federal Contract Tower,0,1,12,0,13,0,0,1,0,1,0,1,13,0,14,0,0,0,14
12/01/2010,RYY,GA,ASO,ES,Federal Contract Tower,0,5,34,0,39,0,0,36,0,36,0,5,70,0,75,16,0,16,91
12/02/2010,RYY,GA,ASO,ES,Federal Contract Tower,0,4,22,1,27,0,4,120,2,126,0,8,142,3,153,116,0,116,269
12/03/2010,RYY,GA,ASO,ES,Federal Contract Tower,0,5,37,0,42,0,2,120,0,122,0,7,157,0,164,6,0,6,170
12/04/2010,RYY,GA,ASO,ES,Federal Contract Tower,0,9,24,0,33,0,6,65,0,71,0,15,89,0,104,34,0,34,138
12/05/2010,RYY,GA,ASO,ES,Federal Contract Tower,0,3,27,1,31,0,0,19,5,24,0,3,46,6,55,15,0,15,70
12/06/2010,RYY,GA,ASO,ES,Federal Contract Tower,0,9,30,1,40,0,0,49,0,49,0,9,79,1,89,14,0,14,103
12/07/2010,RYY,GA,ASO,ES,Federal Contract Tower,0,4,26,0,30,0,1,110,1,112,0,5,136,1,142,24,0,24,166
12/08/2010,RYY,GA,ASO,ES,Federal Contract Tower,0,3,36,0,39,0,2,104,2,108,0,5,140,2,147,12,2,14,161
12/09/2010,RYY,GA,ASO,ES,Federal Contract Tower,0,5,37,0,42,0,1,98,1,100,0,6,135,1,142,12,0,12,154
12/10/2010,RYY,GA,ASO,ES,Federal Contract Tower,0,3,17,0,20,0,1,125,2,128,0,4,142,2,148,50,0,50,198
12/11/2010,RYY,GA,ASO,ES,Federal Contract Tower,0,0,18,0,18,0,3,81,0,84,0,3,99,0,102,42,0,42,144
12/12/2010,RYY,GA,ASO,ES,Federal Contract Tower,0,2,20,0,22,0,0,0,0,0,0,2,20,0,22,0,0,0,22
12/13/2010,RYY,GA,ASO,ES,Federal Contract Tower,0,6,36,0,42,0,0,14,0,14,0,6,50,0,56,0,0,0,56
12/14/2010,RYY,GA,ASO,ES,Federal Contract Tower,0,6,33,0,39,0,0,74,0,74,0,6,107,0,113,0,0,0,113
12/15/2010,RYY,GA,ASO,ES,Federal Contract Tower,0,4,33,0,37,0,2,48,1,51,0,6,81,1,88,3,0,3,91
12/16/2010,RYY,GA,ASO,ES,Federal Contract Tower,0,6,27,0,33,0,0,0,0,0,0,6,27,0,33,0,0,0,33
12/17/2010,RYY,GA,ASO,ES,Federal Contract Tower,0,2,32,0,34,0,3,82,0,85,0,5,114,0,119,72,0,72,191
12/18/2010,RYY,GA,ASO,ES,Federal Contract Tower,0,0,18,0,18,0,0,5,0,5,0,0,23,0,23,2,0,2,25
12/19/2010,RYY,GA,ASO,ES,Federal Contract Tower,0,1,20,0,21,0,2,117,12,131,0,3,137,12,152,33,0,33,185
12/20/2010,RYY,GA,ASO,ES,Federal Contract Tower,0,4,28,0,32,0,0,107,1,108,0,4,135,1,140,80,0,80,220
12/21/2010,RYY,GA,ASO,ES,Federal Contract Tower,0,2,32,0,34,0,0,13,2,15,0,2,45,2,49,0,0,0,49
12/22/2010,RYY,GA,ASO,ES,Federal Contract Tower,0,0,35,0,35,0,2,25,0,27,0,2,60,0,62,8,0,8,70
12/23/2010,RYY,GA,ASO,ES,Federal Contract Tower,0,2,37,0,39,0,0,102,3,105,0,2,139,3,144,18,0,18,162
12/24/2010,RYY,GA,ASO,ES,Federal Contract Tower,0,0,20,0,20,0,2,46,0,48,0,2,66,0,68,16,0,16,84
12/25/2010,RYY,GA,ASO,ES,Federal Contract Tower,0,0,0,0,0,0,2,0,0,2,0,2,0,0,2,0,0,0,2
12/26/2010,RYY,GA,ASO,ES,Federal Contract Tower,0,5,14,0,19,0,0,1,0,1,0,5,15,0,20,0,0,0,20
12/27/2010,RYY,GA,ASO,ES,Federal Contract Tower,0,4,18,0,22,0,0,22,0,22,0,4,40,0,44,4,0,4,48
12/28/2010,RYY,GA,ASO,ES,Federal Contract Tower,0,7,22,0,29,0,0,88,2,90,0,7,110,2,119,34,0,34,153
12/29/2010,RYY,GA,ASO,ES,Federal Contract Tower,0,1,38,0,39,0,0,127,0,127,0,1,165,0,166,88,0,88,254
12/30/2010,RYY,GA,ASO,ES,Federal Contract Tower,0,2,18,0,20,0,0,76,2,78,0,2,94,2,98,56,0,56,154
12/31/2010,RYY,GA,ASO,ES,Federal Contract Tower,0,1,23,0,24,0,2,101,1,104,0,3,124,1,128,94,4,98,226
01/01/2011,RYY,GA,ASO,ES,Federal Contract Tower,0,2,4,0,6,0,0,0,0,0,0,2,4,0,6,0,0,0,6
01/02/2011,RYY,GA,ASO,ES,Federal Contract Tower,0,9,21,0,30,0,0,28,0,28,0,9,49,0,58,2,0,2,60
01/03/2011,RYY,GA,ASO,ES,Federal Contract Tower,0,3,19,0,22,0,0,86,0,86,0,3,105,0,108,61,0,61,169
01/04/2011,RYY,GA,ASO,ES,Federal Contract Tower,0,2,28,0,30,0,3,89,0,92,0,5,117,0,122,42,0,42,164
01/05/2011,RYY,GA,ASO,ES,Federal Contract Tower,0,5,38,0,43,0,0,50,0,50,0,5,88,0,93,58,0,58,151
01/06/2011,RYY,GA,ASO,ES,Federal Contract Tower,0,3,33,0,36,0,0,72,0,72,0,3,105,0,108,108,0,108,216
01/07/2011,RYY,GA,ASO,ES,Federal Contract Tower,0,3,21,0,24,0,2,41,1,44,0,5,62,1,68,29,0,29,97
01/08/2011,RYY,GA,ASO,ES,Federal Contract Tower,0,0,18,0,18,0,1,29,0,30,0,1,47,0,48,16,0,16,64
01/09/2011,RYY,GA,ASO,ES,Federal Contract Tower,0,6,12,0,18,0,1,58,0,59,0,7,70,0,77,58,0,58,135
01/10/2011,RYY,GA,ASO,ES,Federal Contract Tower,0,0,0,0,0,0,0,0,0,0,0,0,0,0,0,0,0,0,0
01/11/2011,RYY,GA,ASO,ES,Federal Contract Tower,0,0,0,0,0,0,0,4,0,4,0,0,4,0,4,0,0,0,4
01/12/2011,RYY,GA,ASO,ES,Federal Contract Tower,0,4,10,0,14,0,4,8,0,12,0,8,18,0,26,22,0,22,48
01/13/2011,RYY,GA,ASO,ES,Federal Contract Tower,0,5,22,0,27,0,4,22,0,26,0,9,44,0,53,4,0,4,57
01/14/2011,RYY,GA,ASO,ES,Federal Contract Tower,0,2,40,0,42,0,8,66,0,74,0,10,106,0,116,44,0,44,160
01/15/2011,RYY,GA,ASO,ES,Federal Contract Tower,0,1,11,0,12,0,1,87,3,91,0,2,98,3,103,122,0,122,225
01/16/2011,RYY,GA,ASO,ES,Federal Contract Tower,0,0,26,1,27,0,2,128,2,132,0,2,154,3,159,56,0,56,215
01/17/2011,RYY,GA,ASO,ES,Federal Contract Tower,0,2,14,0,16,0,3,53,0,56,0,5,67,0,72,20,0,20,92
01/18/2011,RYY,GA,ASO,ES,Federal Contract Tower,0,1,25,0,26,0,0,0,0,0,0,1,25,0,26,0,0,0,26
01/19/2011,RYY,GA,ASO,ES,Federal Contract Tower,0,4,49,0,53,0,0,30,0,30,0,4,79,0,83,42,0,42,125
01/20/2011,RYY,GA,ASO,ES,Federal Contract Tower,0,1,34,0,35,0,2,31,0,33,0,3,65,0,68,78,0,78,146
01/21/2011,RYY,GA,ASO,ES,Federal Contract Tower,0,3,34,0,37,0,2,67,2,71,0,5,101,2,108,54,0,54,162
01/22/2011,RYY,GA,ASO,ES,Federal Contract Tower,0,2,22,1,25,0,1,167,2,170,0,3,189,3,195,94,0,94,289
01/23/2011,RYY,GA,ASO,ES,Federal Contract Tower,0,2,19,0,21,0,0,95,0,95,0,2,114,0,116,67,0,67,183
01/24/2011,RYY,GA,ASO,ES,Federal Contract Tower,0,4,32,0,36,0,3,54,0,57,0,7,86,0,93,64,0,64,157
01/25/2011,RYY,GA,ASO,ES,Federal Contract Tower,0,2,22,0,24,0,0,3,0,3,0,2,25,0,27,0,0,0,27
01/26/2011,RYY,GA,ASO,ES,Federal Contract Tower,0,5,20,0,25,0,6,3,0,9,0,11,23,0,34,0,0,0,34
01/27/2011,RYY,GA,ASO,ES,Federal Contract Tower,0,4,31,0,35,0,0,139,0,139,0,4,170,0,174,133,0,133,307
01/28/2011,RYY,GA,ASO,ES,Federal Contract Tower,0,4,24,1,29,0,3,140,0,143,0,7,164,1,172,22,0,22,194
01/29/2011,RYY,GA,ASO,ES,Federal Contract Tower,0,0,29,0,29,0,1,178,0,179,0,1,207,0,208,54,0,54,262
01/30/2011,RYY,GA,ASO,ES,Federal Contract Tower,0,5,34,0,39,0,1,131,0,132,0,6,165,0,171,101,0,101,272
01/31/2011,RYY,GA,ASO,ES,Federal Contract Tower,0,9,32,0,41,0,0,0,0,0,0,9,32,0,41,0,0,0,41
02/01/2011,RYY,GA,ASO,ES,Federal Contract Tower,0,0,13,0,13,0,0,0,0,0,0,0,13,0,13,0,0,0,13
02/02/2011,RYY,GA,ASO,ES,Federal Contract Tower,0,3,23,0,26,0,3,36,0,39,0,6,59,0,65,10,0,10,75
02/03/2011,RYY,GA,ASO,ES,Federal Contract Tower,0,2,26,0,28,0,4,36,0,40,0,6,62,0,68,58,0,58,126
02/04/2011,RYY,GA,ASO,ES,Federal Contract Tower,0,14,14,0,28,0,0,0,0,0,0,14,14,0,28,0,0,0,28
02/05/2011,RYY,GA,ASO,ES,Federal Contract Tower,0,0,18,0,18,0,2,54,0,56,0,2,72,0,74,42,0,42,116
02/06/2011,RYY,GA,ASO,ES,Federal Contract Tower,0,2,24,0,26,0,0,122,0,122,0,2,146,0,148,87,0,87,235
02/07/2011,RYY,GA,ASO,ES,Federal Contract Tower,0,0,10,0,10,0,0,30,4,34,0,0,40,4,44,48,0,48,92
02/08/2011,RYY,GA,ASO,ES,Federal Contract Tower,0,8,33,0,41,0,2,77,2,81,0,10,110,2,122,12,0,12,134
02/09/2011,RYY,GA,ASO,ES,Federal Contract Tower,0,2,19,0,21,0,0,123,0,123,0,2,142,0,144,46,0,46,190
02/10/2011,RYY,GA,ASO,ES,Federal Contract Tower,0,5,20,0,25,0,4,50,1,55,0,9,70,1,80,32,0,32,112
02/11/2011,RYY,GA,ASO,ES,Federal Contract Tower,0,14,46,0,60,0,0,139,0,139,0,14,185,0,199,131,0,131,330
02/12/2011,RYY,GA,ASO,ES,Federal Contract Tower,0,0,22,0,22,0,2,173,0,175,0,2,195,0,197,126,0,126,323
02/13/2011,RYY,GA,ASO,ES,Federal Contract Tower,0,2,26,0,28,0,2,99,0,101,0,4,125,0,129,91,0,91,220
02/14/2011,RYY,GA,ASO,ES,Federal Contract Tower,0,6,21,0,27,0,0,78,2,80,0,6,99,2,107,50,0,50,157
02/15/2011,RYY,GA,ASO,ES,Federal Contract Tower,0,0,37,0,37,0,2,116,0,118,0,2,153,0,155,58,0,58,213
02/16/2011,RYY,GA,ASO,ES,Federal Contract Tower,0,4,35,0,39,0,3,110,0,113,0,7,145,0,152,62,0,62,214
02/17/2011,RYY,GA,ASO,ES,Federal Contract Tower,0,5,31,0,36,0,1,107,2,110,0,6,138,2,146,90,0,90,236
02/18/2011,RYY,GA,ASO,ES,Federal Contract Tower,0,10,46,4,60,0,0,62,0,62,0,10,108,4,122,115,22,137,259
02/19/2011,RYY,GA,ASO,ES,Federal Contract Tower,0,2,22,0,24,0,0,121,4,125,0,2,143,4,149,54,0,54,203
02/20/2011,RYY,GA,ASO,ES,Federal Contract Tower,0,7,39,0,46,0,0,107,0,107,0,7,146,0,153,83,0,83,236
02/21/2011,RYY,GA,ASO,ES,Federal Contract Tower,0,9,26,2,37,0,0,62,1,63,0,9,88,3,100,29,0,29,129
02/22/2011,RYY,GA,ASO,ES,Federal Contract Tower,0,8,30,1,39,0,4,74,1,79,0,12,104,2,118,35,0,35,153
02/23/2011,RYY,GA,ASO,ES,Federal Contract Tower,0,2,40,2,44,0,0,113,0,113,0,2,153,2,157,77,0,77,234
02/24/2011,RYY,GA,ASO,ES,Federal Contract Tower,0,5,31,0,36,0,0,62,0,62,0,5,93,0,98,82,0,82,180
02/25/2011,RYY,GA,ASO,ES,Federal Contract Tower,0,4,15,0,19,0,1,22,0,23,0,5,37,0,42,37,0,37,79
02/26/2011,RYY,GA,ASO,ES,Federal Contract Tower,0,1,27,0,28,0,3,162,2,167,0,4,189,2,195,147,2,149,344
02/27/2011,RYY,GA,ASO,ES,Federal Contract Tower,0,0,43,0,43,0,2,89,2,93,0,2,132,2,136,125,0,125,261
02/28/2011,RYY,GA,ASO,ES,Federal Contract Tower,0,0,13,0,13,0,0,8,0,8,0,0,21,0,21,0,0,0,21
03/01/2011,RYY,GA,ASO,ES,Federal Contract Tower,0,5,34,1,40,0,2,108,1,111,0,7,142,2,151,94,0,94,245
03/02/2011,RYY,GA,ASO,ES,Federal Contract Tower,0,1,26,2,29,0,3,97,1,101,0,4,123,3,130,79,0,79,209
03/03/2011,RYY,GA,ASO,ES,Federal Contract Tower,0,9,35,0,44,0,0,66,0,66,0,9,101,0,110,14,0,14,124
03/04/2011,RYY,GA,ASO,ES,Federal Contract Tower,0,8,36,0,44,0,1,16,0,17,0,9,52,0,61,34,0,34,95
03/05/2011,RYY,GA,ASO,ES,Federal Contract Tower,0,0,17,0,17,0,0,0,0,0,0,0,17,0,17,0,0,0,17
03/06/2011,RYY,GA,ASO,ES,Federal Contract Tower,0,2,12,0,14,0,0,1,0,1,0,2,13,0,15,0,0,0,15
03/07/2011,RYY,GA,ASO,ES,Federal Contract Tower,0,4,11,0,15,0,2,109,0,111,0,6,120,0,126,80,0,80,206
03/08/2011,RYY,GA,ASO,ES,Federal Contract Tower,0,0,33,2,35,0,1,73,2,76,0,1,106,4,111,26,0,26,137
03/09/2011,RYY,GA,ASO,ES,Federal Contract Tower,0,1,19,0,20,0,1,0,0,1,0,2,19,0,21,0,0,0,21
03/10/2011,RYY,GA,ASO,ES,Federal Contract Tower,0,2,22,0,24,0,0,22,0,22,0,2,44,0,46,16,0,16,62
03/11/2011,RYY,GA,ASO,ES,Federal Contract Tower,0,4,40,2,46,0,4,94,2,100,0,8,134,4,146,83,0,83,229
03/12/2011,RYY,GA,ASO,ES,Federal Contract Tower,0,2,29,0,31,0,1,174,0,175,0,3,203,0,206,75,0,75,281
03/13/2011,RYY,GA,ASO,ES,Federal Contract Tower,0,2,34,0,36,0,2,169,2,173,0,4,203,2,209,95,0,95,304
03/14/2011,RYY,GA,ASO,ES,Federal Contract Tower,0,2,24,3,29,0,2,88,1,91,0,4,112,4,120,56,0,56,176
03/15/2011,RYY,GA,ASO,ES,Federal Contract Tower,0,3,17,0,20,0,0,0,0,0,0,3,17,0,20,0,0,0,20
03/16/2011,RYY,GA,ASO,ES,Federal Contract Tower,0,4,25,0,29,0,0,119,4,123,0,4,144,4,152,66,0,66,218
03/17/2011,RYY,GA,ASO,ES,Federal Contract Tower,0,3,25,0,28,0,0,170,0,170,0,3,195,0,198,145,0,145,343
03/18/2011,RYY,GA,ASO,ES,Federal Contract Tower,0,2,33,0,35,0,1,154,1,156,0,3,187,1,191,160,0,160,351
03/19/2011,RYY,GA,ASO,ES,Federal Contract Tower,0,5,35,1,41,0,1,156,4,161,0,6,191,5,202,94,0,94,296
03/20/2011,RYY,GA,ASO,ES,Federal Contract Tower,0,2,39,1,42,0,4,37,0,41,0,6,76,1,83,39,0,39,122
03/21/2011,RYY,GA,ASO,ES,Federal Contract Tower,0,2,28,0,30,0,4,61,0,65,0,6,89,0,95,32,0,32,127
03/22/2011,RYY,GA,ASO,ES,Federal Contract Tower,0,5,20,0,25,0,0,72,2,74,0,5,92,2,99,60,0,60,159
03/23/2011,RYY,GA,ASO,ES,Federal Contract Tower,0,6,26,1,33,0,4,48,0,52,0,10,74,1,85,34,0,34,119
03/24/2011,RYY,GA,ASO,ES,Federal Contract Tower,0,5,44,0,49,0,0,63,0,63,0,5,107,0,112,16,0,16,128
03/25/2011,RYY,GA,ASO,ES,Federal Contract Tower,0,3,39,1,43,0,2,254,0,256,0,5,293,1,299,131,0,131,430
03/26/2011,RYY,GA,ASO,ES,Federal Contract Tower,0,8,10,0,18,0,0,8,0,8,0,8,18,0,26,36,0,36,62
03/27/2011,RYY,GA,ASO,ES,Federal Contract Tower,0,8,42,0,50,0,3,4,0,7,0,11,46,0,57,0,0,0,57
03/28/2011,RYY,GA,ASO,ES,Federal Contract Tower,0,3,35,0,38,0,0,4,0,4,0,3,39,0,42,34,0,34,76
03/29/2011,RYY,GA,ASO,ES,Federal Contract Tower,0,3,42,0,45,0,2,11,3,16,0,5,53,3,61,0,0,0,61
03/30/2011,RYY,GA,ASO,ES,Federal Contract Tower,0,0,26,0,26,0,0,0,0,0,0,0,26,0,26,0,0,0,26
03/31/2011,RYY,GA,ASO,ES,Federal Contract Tower,0,10,38,0,48,0,0,16,0,16,0,10,54,0,64,62,0,62,126
04/01/2011,RYY,GA,ASO,ES,Federal Contract Tower,0,7,36,1,44,0,1,87,3,91,0,8,123,4,135,47,0,47,182
04/02/2011,RYY,GA,ASO,ES,Federal Contract Tower,0,3,18,1,22,0,0,50,5,55,0,3,68,6,77,37,0,37,114
04/03/2011,RYY,GA,ASO,ES,Federal Contract Tower,0,5,27,0,32,0,0,146,3,149,0,5,173,3,181,78,0,78,259
04/04/2011,RYY,GA,ASO,ES,Federal Contract Tower,0,4,22,0,26,0,0,52,0,52,0,4,74,0,78,8,0,8,86
04/05/2011,RYY,GA,ASO,ES,Federal Contract Tower,0,4,20,0,24,0,7,27,0,34,0,11,47,0,58,14,0,14,72
04/06/2011,RYY,GA,ASO,ES,Federal Contract Tower,0,6,25,0,31,0,2,98,0,100,0,8,123,0,131,56,0,56,187
04/07/2011,RYY,GA,ASO,ES,Federal Contract Tower,0,10,38,0,48,0,0,101,0,101,0,10,139,0,149,108,0,108,257
04/08/2011,RYY,GA,ASO,ES,Federal Contract Tower,0,13,28,2,43,0,3,34,0,37,0,16,62,2,80,28,0,28,108
04/09/2011,RYY,GA,ASO,ES,Federal Contract Tower,0,15,25,0,40,0,3,68,0,71,0,18,93,0,111,46,0,46,157
04/10/2011,RYY,GA,ASO,ES,Federal Contract Tower,0,8,41,0,49,0,1,105,0,106,0,9,146,0,155,64,0,64,219
04/11/2011,RYY,GA,ASO,ES,Federal Contract Tower,0,4,24,0,28,0,2,36,3,41,0,6,60,3,69,30,0,30,99
04/12/2011,RYY,GA,ASO,ES,Federal Contract Tower,0,6,23,0,29,0,0,27,0,27,0,6,50,0,56,28,0,28,84
04/13/2011,RYY,GA,ASO,ES,Federal Contract Tower,0,4,39,0,43,0,2,119,3,124,0,6,158,3,167,49,9,58,225
04/14/2011,RYY,GA,ASO,ES,Federal Contract Tower,0,8,23,0,31,0,3,120,3,126,0,11,143,3,157,91,12,103,260
04/15/2011,RYY,GA,ASO,ES,Federal Contract Tower,0,1,38,1,40,0,3,38,0,41,0,4,76,1,81,12,0,12,93
04/16/2011,RYY,GA,ASO,ES,Federal Contract Tower,0,4,16,0,20,0,1,35,0,36,0,5,51,0,56,18,0,18,74
04/17/2011,RYY,GA,ASO,ES,Federal Contract Tower,0,2,27,0,29,0,4,146,1,151,0,6,173,1,180,62,0,62,242
04/18/2011,RYY,GA,ASO,ES,Federal Contract Tower,0,4,14,2,20,0,0,76,0,76,0,4,90,2,96,35,0,35,131
04/19/2011,RYY,GA,ASO,ES,Federal Contract Tower,0,4,32,0,36,0,0,121,0,121,0,4,153,0,157,40,0,40,197
04/20/2011,RYY,GA,ASO,ES,Federal Contract Tower,0,11,29,0,40,0,4,27,0,31,0,15,56,0,71,37,0,37,108
04/21/2011,RYY,GA,ASO,ES,Federal Contract Tower,0,12,45,0,57,0,2,83,0,85,0,14,128,0,142,81,0,81,223
04/22/2011,RYY,GA,ASO,ES,Federal Contract Tower,0,4,54,0,58,0,1,29,0,30,0,5,83,0,88,0,0,0,88
04/23/2011,RYY,GA,ASO,ES,Federal Contract Tower,0,2,21,0,23,0,5,58,0,63,0,7,79,0,86,41,0,41,127
04/24/2011,RYY,GA,ASO,ES,Federal Contract Tower,0,4,23,0,27,0,1,87,0,88,0,5,110,0,115,84,0,84,199
04/25/2011,RYY,GA,ASO,ES,Federal Contract Tower,0,3,35,0,38,0,3,83,2,88,0,6,118,2,126,36,0,36,162
04/26/2011,RYY,GA,ASO,ES,Federal Contract Tower,0,2,24,0,26,0,0,43,0,43,0,2,67,0,69,38,0,38,107
04/27/2011,RYY,GA,ASO,ES,Federal Contract Tower,0,5,23,0,28,0,0,11,2,13,0,5,34,2,41,6,0,6,47
04/28/2011,RYY,GA,ASO,ES,Federal Contract Tower,0,11,35,0,46,0,1,84,2,87,0,12,119,2,133,46,0,46,179
04/29/2011,RYY,GA,ASO,ES,Federal Contract Tower,0,12,34,0,46,0,0,148,4,152,0,12,182,4,198,70,0,70,268
04/30/2011,RYY,GA,ASO,ES,Federal Contract Tower,0,2,17,0,19,0,1,143,2,146,0,3,160,2,165,54,0,54,219
05/01/2011,RYY,GA,ASO,ES,Federal Contract Tower,0,4,45,0,49,0,2,83,3,88,0,6,128,3,137,38,0,38,175
05/02/2011,RYY,GA,ASO,ES,Federal Contract Tower,0,1,36,0,37,0,3,78,0,81,0,4,114,0,118,43,0,43,161
05/03/2011,RYY,GA,ASO,ES,Federal Contract Tower,0,3,27,1,31,0,0,22,0,22,0,3,49,1,53,0,0,0,53
05/04/2011,RYY,GA,ASO,ES,Federal Contract Tower,0,8,34,0,42,0,0,72,1,73,0,8,106,1,115,16,0,16,131
05/05/2011,RYY,GA,ASO,ES,Federal Contract Tower,0,10,36,1,47,0,1,126,1,128,0,11,162,2,175,87,10,97,272
05/06/2011,RYY,GA,ASO,ES,Federal Contract Tower,0,8,18,0,26,0,2,101,0,103,0,10,119,0,129,96,0,96,225
05/07/2011,RYY,GA,ASO,ES,Federal Contract Tower,0,7,13,1,21,0,4,117,0,121,0,11,130,1,142,68,0,68,210
05/08/2011,RYY,GA,ASO,ES,Federal Contract Tower,0,7,30,0,37,0,2,73,0,75,0,9,103,0,112,68,0,68,180
05/09/2011,RYY,GA,ASO,ES,Federal Contract Tower,0,5,33,0,38,0,1,100,0,101,0,6,133,0,139,60,0,60,199
05/10/2011,RYY,GA,ASO,ES,Federal Contract Tower,0,4,33,0,37,0,1,72,0,73,0,5,105,0,110,27,0,27,137
05/11/2011,RYY,GA,ASO,ES,Federal Contract Tower,0,7,36,0,43,0,0,94,0,94,0,7,130,0,137,67,0,67,204
05/12/2011,RYY,GA,ASO,ES,Federal Contract Tower,0,4,35,0,39,0,3,93,1,97,0,7,128,1,136,93,0,93,229
05/13/2011,RYY,GA,ASO,ES,Federal Contract Tower,0,3,57,0,60,0,8,80,0,88,0,11,137,0,148,44,0,44,192
05/14/2011,RYY,GA,ASO,ES,Federal Contract Tower,0,0,31,0,31,0,1,86,0,87,0,1,117,0,118,16,0,16,134
05/15/2011,RYY,GA,ASO,ES,Federal Contract Tower,0,7,92,0,99,0,0,59,2,61,0,7,151,2,160,72,0,72,232
05/16/2011,RYY,GA,ASO,ES,Federal Contract Tower,0,2,38,0,40,0,0,13,0,13,0,2,51,0,53,10,0,10,63
05/17/2011,RYY,GA,ASO,ES,Federal Contract Tower,0,1,24,3,28,0,0,34,2,36,0,1,58,5,64,28,0,28,92
05/18/2011,RYY,GA,ASO,ES,Federal Contract Tower,0,3,25,0,28,0,3,77,0,80,0,6,102,0,108,86,0,86,194
05/19/2011,RYY,GA,ASO,ES,Federal Contract Tower,0,8,37,0,45,0,3,89,0,92,0,11,126,0,137,87,6,93,230
05/20/2011,RYY,GA,ASO,ES,Federal Contract Tower,0,3,38,2,43,0,6,140,1,147,0,9,178,3,190,88,0,88,278
05/21/2011,RYY,GA,ASO,ES,Federal Contract Tower,0,3,16,1,20,0,2,142,0,144,0,5,158,1,164,70,0,70,234
05/22/2011,RYY,GA,ASO,ES,Federal Contract Tower,0,3,28,0,31,0,1,110,2,113,0,4,138,2,144,21,2,23,167
05/23/2011,RYY,GA,ASO,ES,Federal Contract Tower,0,3,18,2,23,0,4,97,0,101,0,7,115,2,124,33,0,33,157
05/24/2011,RYY,GA,ASO,ES,Federal Contract Tower,0,1,18,0,19,0,3,65,2,70,0,4,83,2,89,30,0,30,119
05/25/2011,RYY,GA,ASO,ES,Federal Contract Tower,0,3,32,1,36,0,2,107,1,110,0,5,139,2,146,8,2,10,156
05/26/2011,RYY,GA,ASO,ES,Federal Contract Tower,0,6,18,1,25,0,2,45,1,48,0,8,63,2,73,38,0,38,111
05/27/2011,RYY,GA,ASO,ES,Federal Contract Tower,0,9,40,0,49,0,1,51,1,53,0,10,91,1,102,22,0,22,124
05/28/2011,RYY,GA,ASO,ES,Federal Contract Tower,0,0,22,0,22,0,3,91,0,94,0,3,113,0,116,59,0,59,175
05/29/2011,RYY,GA,ASO,ES,Federal Contract Tower,0,0,18,0,18,0,1,79,0,80,0,1,97,0,98,54,0,54,152
05/30/2011,RYY,GA,ASO,ES,Federal Contract Tower,0,5,27,0,32,0,1,75,0,76,0,6,102,0,108,38,0,38,146
05/31/2011,RYY,GA,ASO,ES,Federal Contract Tower,0,4,30,0,34,0,3,84,1,88,0,7,114,1,122,52,0,52,174
06/01/2011,RYY,GA,ASO,ES,Federal Contract Tower,0,9,27,2,38,0,5,113,5,123,0,14,140,7,161,98,0,98,259
06/02/2011,RYY,GA,ASO,ES,Federal Contract Tower,0,5,21,0,26,0,4,109,0,113,0,9,130,0,139,62,0,62,201
06/03/2011,RYY,GA,ASO,ES,Federal Contract Tower,0,5,22,0,27,0,5,106,3,114,0,10,128,3,141,82,0,82,223
06/04/2011,RYY,GA,ASO,ES,Federal Contract Tower,0,2,26,0,28,0,3,133,0,136,0,5,159,0,164,85,0,85,249
06/05/2011,RYY,GA,ASO,ES,Federal Contract Tower,0,4,22,0,26,0,1,78,0,79,0,5,100,0,105,49,0,49,154
06/06/2011,RYY,GA,ASO,ES,Federal Contract Tower,0,6,15,0,21,0,3,68,0,71,0,9,83,0,92,36,0,36,128
06/07/2011,RYY,GA,ASO,ES,Federal Contract Tower,0,3,32,0,35,0,4,81,2,87,0,7,113,2,122,62,0,62,184
06/08/2011,RYY,GA,ASO,ES,Federal Contract Tower,0,4,19,0,23,0,0,93,0,93,0,4,112,0,116,52,0,52,168
06/09/2011,RYY,GA,ASO,ES,Federal Contract Tower,0,3,35,0,38,0,0,87,3,90,0,3,122,3,128,79,0,79,207
06/10/2011,RYY,GA,ASO,ES,Federal Contract Tower,0,2,29,0,31,0,0,102,0,102,0,2,131,0,133,97,0,97,230
06/11/2011,RYY,GA,ASO,ES,Federal Contract Tower,0,4,26,0,30,0,0,87,2,89,0,4,113,2,119,50,0,50,169
06/12/2011,RYY,GA,ASO,ES,Federal Contract Tower,0,4,36,0,40,0,1,74,6,81,0,5,110,6,121,47,0,47,168
06/13/2011,RYY,GA,ASO,ES,Federal Contract Tower,0,4,31,0,35,0,4,73,0,77,0,8,104,0,112,26,0,26,138
06/14/2011,RYY,GA,ASO,ES,Federal Contract Tower,0,6,20,0,26,0,3,74,0,77,0,9,94,0,103,80,0,80,183
06/15/2011,RYY,GA,ASO,ES,Federal Contract Tower,0,8,46,0,54,0,1,89,0,90,0,9,135,0,144,48,3,51,195
06/16/2011,RYY,GA,ASO,ES,Federal Contract Tower,0,6,38,0,44,0,3,98,0,101,0,9,136,0,145,36,0,36,181
06/17/2011,RYY,GA,ASO,ES,Federal Contract Tower,0,5,42,0,47,0,2,82,0,84,0,7,124,0,131,38,0,38,169
06/18/2011,RYY,GA,ASO,ES,Federal Contract Tower,0,3,33,0,36,0,2,44,3,49,0,5,77,3,85,98,0,98,183
06/19/2011,RYY,GA,ASO,ES,Federal Contract Tower,0,4,28,0,32,0,2,69,0,71,0,6,97,0,103,18,0,18,121
06/20/2011,RYY,GA,ASO,ES,Federal Contract Tower,0,6,27,0,33,0,3,74,0,77,0,9,101,0,110,90,0,90,200
06/21/2011,RYY,GA,ASO,ES,Federal Contract Tower,0,2,17,0,19,0,2,84,1,87,0,4,101,1,106,69,0,69,175
06/22/2011,RYY,GA,ASO,ES,Federal Contract Tower,0,2,31,0,33,0,0,47,0,47,0,2,78,0,80,43,0,43,123
06/23/2011,RYY,GA,ASO,ES,Federal Contract Tower,0,3,30,0,33,0,2,27,0,29,0,5,57,0,62,25,0,25,87
06/24/2011,RYY,GA,ASO,ES,Federal Contract Tower,0,4,45,1,50,0,0,65,1,66,0,4,110,2,116,97,0,97,213
06/25/2011,RYY,GA,ASO,ES,Federal Contract Tower,0,2,31,0,33,0,0,107,0,107,0,2,138,0,140,146,0,146,286
06/26/2011,RYY,GA,ASO,ES,Federal Contract Tower,0,8,28,0,36,0,0,72,0,72,0,8,100,0,108,127,0,127,235
06/27/2011,RYY,GA,ASO,ES,Federal Contract Tower,0,7,24,0,31,0,1,46,2,49,0,8,70,2,80,163,0,163,243
06/28/2011,RYY,GA,ASO,ES,Federal Contract Tower,0,6,34,0,40,0,2,49,1,52,0,8,83,1,92,104,0,104,196
06/29/2011,RYY,GA,ASO,ES,Federal Contract Tower,0,6,36,2,44,0,0,111,2,113,0,6,147,4,157,104,0,104,261
06/30/2011,RYY,GA,ASO,ES,Federal Contract Tower,0,0,35,0,35,0,0,104,4,108,0,0,139,4,143,142,0,142,285
07/01/2011,RYY,GA,ASO,ES,Federal Contract Tower,0,5,42,0,47,0,3,141,2,146,0,8,183,2,193,128,0,128,321
07/02/2011,RYY,GA,ASO,ES,Federal Contract Tower,0,5,20,0,25,0,2,121,0,123,0,7,141,0,148,90,0,90,238
07/03/2011,RYY,GA,ASO,ES,Federal Contract Tower,0,2,15,0,17,0,5,72,0,77,0,7,87,0,94,41,0,41,135
07/04/2011,RYY,GA,ASO,ES,Federal Contract Tower,0,2,14,0,16,0,0,43,2,45,0,2,57,2,61,57,0,57,118
07/05/2011,RYY,GA,ASO,ES,Federal Contract Tower,0,0,29,0,29,0,1,56,0,57,0,1,85,0,86,38,0,38,124
07/06/2011,RYY,GA,ASO,ES,Federal Contract Tower,0,7,25,0,32,0,0,53,0,53,0,7,78,0,85,50,0,50,135
07/07/2011,RYY,GA,ASO,ES,Federal Contract Tower,0,5,43,0,48,0,0,82,0,82,0,5,125,0,130,112,0,112,242
07/08/2011,RYY,GA,ASO,ES,Federal Contract Tower,0,2,30,2,34,0,1,72,0,73,0,3,102,2,107,29,0,29,136
07/09/2011,RYY,GA,ASO,ES,Federal Contract Tower,0,1,12,0,13,0,2,105,2,109,0,3,117,2,122,62,0,62,184
07/10/2011,RYY,GA,ASO,ES,Federal Contract Tower,0,9,37,0,46,0,0,54,6,60,0,9,91,6,106,20,0,20,126
07/11/2011,RYY,GA,ASO,ES,Federal Contract Tower,0,3,17,0,20,0,0,59,7,66,0,3,76,7,86,35,0,35,121
07/12/2011,RYY,GA,ASO,ES,Federal Contract Tower,0,5,39,1,45,0,0,71,1,72,0,5,110,2,117,44,0,44,161
07/13/2011,RYY,GA,ASO,ES,Federal Contract Tower,0,7,33,0,40,0,0,95,2,97,0,7,128,2,137,92,0,92,229
07/14/2011,RYY,GA,ASO,ES,Federal Contract Tower,0,5,42,0,47,0,0,69,2,71,0,5,111,2,118,29,0,29,147
07/15/2011,RYY,GA,ASO,ES,Federal Contract Tower,0,3,30,0,33,0,2,3,1,6,0,5,33,1,39,10,2,12,51
07/16/2011,RYY,GA,ASO,ES,Federal Contract Tower,0,1,33,1,35,0,5,26,1,32,0,6,59,2,67,38,2,40,107
07/17/2011,RYY,GA,ASO,ES,Federal Contract Tower,0,5,26,0,31,0,3,113,3,119,0,8,139,3,150,52,0,52,202
07/18/2011,RYY,GA,ASO,ES,Federal Contract Tower,0,5,38,2,45,0,0,70,3,73,0,5,108,5,118,113,0,113,231
07/19/2011,RYY,GA,ASO,ES,Federal Contract Tower,0,4,32,0,36,0,4,83,0,87,0,8,115,0,123,40,0,40,163
07/20/2011,RYY,GA,ASO,ES,Federal Contract Tower,0,5,27,0,32,0,4,72,2,78,0,9,99,2,110,49,0,49,159
07/21/2011,RYY,GA,ASO,ES,Federal Contract Tower,0,7,30,0,37,0,2,33,0,35,0,9,63,0,72,94,0,94,166
07/22/2011,RYY,GA,ASO,ES,Federal Contract Tower,0,5,25,0,30,0,1,70,2,73,0,6,95,2,103,209,0,209,312
07/23/2011,RYY,GA,ASO,ES,Federal Contract Tower,0,2,16,0,18,0,1,111,2,114,0,3,127,2,132,86,0,86,218
07/24/2011,RYY,GA,ASO,ES,Federal Contract Tower,0,4,29,0,33,0,1,80,2,83,0,5,109,2,116,81,0,81,197
07/25/2011,RYY,GA,ASO,ES,Federal Contract Tower,0,7,29,0,36,0,5,43,1,49,0,12,72,1,85,54,0,54,139
07/26/2011,RYY,GA,ASO,ES,Federal Contract Tower,0,5,41,0,46,0,7,71,2,80,0,12,112,2,126,118,0,118,244
07/27/2011,RYY,GA,ASO,ES,Federal Contract Tower,0,0,23,2,25,0,0,83,2,85,0,0,106,4,110,130,0,130,240
07/28/2011,RYY,GA,ASO,ES,Federal Contract Tower,0,1,38,0,39,0,8,68,1,77,0,9,106,1,116,128,0,128,244
07/29/2011,RYY,GA,ASO,ES,Federal Contract Tower,0,4,51,1,56,0,5,79,3,87,0,9,130,4,143,86,2,88,231
07/30/2011,RYY,GA,ASO,ES,Federal Contract Tower,0,2,21,0,23,0,0,117,0,117,0,2,138,0,140,52,0,52,192
07/31/2011,RYY,GA,ASO,ES,Federal Contract Tower,0,3,37,0,40,0,3,70,9,82,0,6,107,9,122,69,4,73,195
08/01/2011,RYY,GA,ASO,ES,Federal Contract Tower,0,7,27,1,35,0,3,53,1,57,0,10,80,2,92,106,0,106,198
08/02/2011,RYY,GA,ASO,ES,Federal Contract Tower,0,9,28,1,38,0,5,106,0,111,0,14,134,1,149,92,0,92,241
08/03/2011,RYY,GA,ASO,ES,Federal Contract Tower,0,5,42,9,56,0,3,62,0,65,0,8,104,9,121,86,0,86,207
08/04/2011,RYY,GA,ASO,ES,Federal Contract Tower,0,1,30,1,32,0,8,50,0,58,0,9,80,1,90,110,0,110,200
08/05/2011,RYY,GA,ASO,ES,Federal Contract Tower,0,5,35,0,40,0,0,109,2,111,0,5,144,2,151,183,0,183,334
08/06/2011,RYY,GA,ASO,ES,Federal Contract Tower,0,0,25,0,25,0,0,0,0,0,0,0,25,0,25,76,0,76,101
08/07/2011,RYY,GA,ASO,ES,Federal Contract Tower,0,8,22,2,32,0,2,62,0,64,0,10,84,2,96,64,0,64,160
08/08/2011,RYY,GA,ASO,ES,Federal Contract Tower,0,2,21,0,23,0,0,46,1,47,0,2,67,1,70,36,0,36,106
08/09/2011,RYY,GA,ASO,ES,Federal Contract Tower,0,2,22,0,24,0,2,77,0,79,0,4,99,0,103,105,0,105,208
08/10/2011,RYY,GA,ASO,ES,Federal Contract Tower,0,3,35,0,38,0,0,91,0,91,0,3,126,0,129,111,0,111,240
08/11/2011,RYY,GA,ASO,ES,Federal Contract Tower,0,4,45,0,49,0,1,133,0,134,0,5,178,0,183,92,0,92,275
08/12/2011,RYY,GA,ASO,ES,Federal Contract Tower,0,3,23,4,30,0,1,108,3,112,0,4,131,7,142,161,0,161,303
08/13/2011,RYY,GA,ASO,ES,Federal Contract Tower,0,0,17,0,17,0,0,130,1,131,0,0,147,1,148,99,2,101,249
08/14/2011,RYY,GA,ASO,ES,Federal Contract Tower,0,5,25,0,30,0,0,64,2,66,0,5,89,2,96,28,0,28,124
08/15/2011,RYY,GA,ASO,ES,Federal Contract Tower,0,8,27,2,37,0,0,73,0,73,0,8,100,2,110,50,0,50,160
08/16/2011,RYY,GA,ASO,ES,Federal Contract Tower,0,12,38,0,50,0,1,88,1,90,0,13,126,1,140,124,0,124,264
08/17/2011,RYY,GA,ASO,ES,Federal Contract Tower,0,2,27,0,29,0,2,131,0,133,0,4,158,0,162,88,0,88,250
08/18/2011,RYY,GA,ASO,ES,Federal Contract Tower,0,2,31,0,33,0,5,110,2,117,0,7,141,2,150,78,0,78,228
08/19/2011,RYY,GA,ASO,ES,Federal Contract Tower,0,2,27,0,29,0,2,94,1,97,0,4,121,1,126,111,0,111,237
08/20/2011,RYY,GA,ASO,ES,Federal Contract Tower,0,0,8,0,8,0,2,134,0,136,0,2,142,0,144,155,0,155,299
08/21/2011,RYY,GA,ASO,ES,Federal Contract Tower,0,1,24,0,25,0,0,87,1,88,0,1,111,1,113,43,0,43,156
08/22/2011,RYY,GA,ASO,ES,Federal Contract Tower,0,3,29,2,34,0,4,66,1,71,0,7,95,3,105,32,0,32,137
08/23/2011,RYY,GA,ASO,ES,Federal Contract Tower,0,0,26,1,27,0,3,70,1,74,0,3,96,2,101,67,0,67,168
08/24/2011,RYY,GA,ASO,ES,Federal Contract Tower,0,3,18,2,23,0,1,61,0,62,0,4,79,2,85,36,0,36,121
08/25/2011,RYY,GA,ASO,ES,Federal Contract Tower,0,4,33,4,41,0,2,83,1,86,0,6,116,5,127,68,0,68,195
08/26/2011,RYY,GA,ASO,ES,Federal Contract Tower,0,2,27,0,29,0,2,103,3,108,0,4,130,3,137,49,0,49,186
08/27/2011,RYY,GA,ASO,ES,Federal Contract Tower,0,7,15,0,22,0,2,127,1,130,0,9,142,1,152,148,0,148,300
08/28/2011,RYY,GA,ASO,ES,Federal Contract Tower,0,2,24,1,27,0,0,87,0,87,0,2,111,1,114,78,0,78,192
08/29/2011,RYY,GA,ASO,ES,Federal Contract Tower,0,1,32,0,33,0,5,75,0,80,0,6,107,0,113,24,0,24,137
08/30/2011,RYY,GA,ASO,ES,Federal Contract Tower,0,3,33,4,40,0,1,59,1,61,0,4,92,5,101,10,0,10,111
08/31/2011,RYY,GA,ASO,ES,Federal Contract Tower,0,1,26,2,29,0,0,66,1,67,0,1,92,3,96,48,0,48,144
09/01/2011,RYY,GA,ASO,ES,Federal Contract Tower,0,3,33,2,38,0,0,75,0,75,0,3,108,2,113,121,0,121,234
09/02/2011,RYY,GA,ASO,ES,Federal Contract Tower,0,7,36,0,43,0,0,128,0,128,0,7,164,0,171,120,0,120,291
09/03/2011,RYY,GA,ASO,ES,Federal Contract Tower,0,1,20,0,21,0,2,98,3,103,0,3,118,3,124,96,0,96,220
09/04/2011,RYY,GA,ASO,ES,Federal Contract Tower,0,3,21,0,24,0,1,33,0,34,0,4,54,0,58,89,0,89,147
09/05/2011,RYY,GA,ASO,ES,Federal Contract Tower,0,3,17,0,20,0,0,0,0,0,0,3,17,0,20,0,0,0,20
09/06/2011,RYY,GA,ASO,ES,Federal Contract Tower,0,4,28,0,32,0,2,2,0,4,0,6,30,0,36,0,0,0,36
09/07/2011,RYY,GA,ASO,ES,Federal Contract Tower,0,10,39,1,50,0,1,11,2,14,0,11,50,3,64,0,0,0,64
09/08/2011,RYY,GA,ASO,ES,Federal Contract Tower,0,3,43,0,46,0,6,77,0,83,0,9,120,0,129,38,0,38,167
09/09/2011,RYY,GA,ASO,ES,Federal Contract Tower,0,3,34,0,37,0,3,98,2,103,0,6,132,2,140,16,0,16,156
09/10/2011,RYY,GA,ASO,ES,Federal Contract Tower,0,2,27,0,29,0,4,138,0,142,0,6,165,0,171,123,0,123,294
09/11/2011,RYY,GA,ASO,ES,Federal Contract Tower,0,4,31,0,35,0,5,140,1,146,0,9,171,1,181,144,0,144,325
09/12/2011,RYY,GA,ASO,ES,Federal Contract Tower,0,2,14,0,16,0,4,65,0,69,0,6,79,0,85,22,0,22,107
09/13/2011,RYY,GA,ASO,ES,Federal Contract Tower,0,3,28,0,31,0,3,92,0,95,0,6,120,0,126,46,0,46,172
09/14/2011,RYY,GA,ASO,ES,Federal Contract Tower,0,7,33,0,40,0,2,87,0,89,0,9,120,0,129,91,0,91,220
09/15/2011,RYY,GA,ASO,ES,Federal Contract Tower,0,0,33,2,35,0,6,63,1,70,0,6,96,3,105,62,0,62,167
09/16/2011,RYY,GA,ASO,ES,Federal Contract Tower,0,0,33,0,33,0,1,63,0,64,0,1,96,0,97,100,0,100,197
09/17/2011,RYY,GA,ASO,ES,Federal Contract Tower,0,2,23,0,25,0,0,92,0,92,0,2,115,0,117,100,0,100,217
09/18/2011,RYY,GA,ASO,ES,Federal Contract Tower,0,4,31,1,36,0,0,70,2,72,0,4,101,3,108,44,0,44,152
09/19/2011,RYY,GA,ASO,ES,Federal Contract Tower,0,3,35,0,38,0,2,49,0,51,0,5,84,0,89,60,0,60,149
09/20/2011,RYY,GA,ASO,ES,Federal Contract Tower,0,6,45,0,51,0,0,13,0,13,0,6,58,0,64,50,0,50,114
09/21/2011,RYY,GA,ASO,ES,Federal Contract Tower,0,5,29,0,34,0,1,33,0,34,0,6,62,0,68,4,0,4,72
09/22/2011,RYY,GA,ASO,ES,Federal Contract Tower,0,4,39,0,43,0,1,31,1,33,0,5,70,1,76,6,0,6,82
09/23/2011,RYY,GA,ASO,ES,Federal Contract Tower,0,5,51,0,56,0,3,44,1,48,0,8,95,1,104,42,0,42,146
09/24/2011,RYY,GA,ASO,ES,Federal Contract Tower,0,5,26,0,31,0,4,93,0,97,0,9,119,0,128,58,0,58,186
09/25/2011,RYY,GA,ASO,ES,Federal Contract Tower,0,9,35,0,44,0,5,126,2,133,0,14,161,2,177,65,0,65,242
09/26/2011,RYY,GA,ASO,ES,Federal Contract Tower,0,0,30,2,32,0,2,38,0,40,0,2,68,2,72,58,0,58,130
09/27/2011,RYY,GA,ASO,ES,Federal Contract Tower,0,3,29,1,33,0,0,60,3,63,0,3,89,4,96,38,2,40,136
09/28/2011,RYY,GA,ASO,ES,Federal Contract Tower,0,3,48,0,51,0,0,79,5,84,0,3,127,5,135,92,0,92,227
09/29/2011,RYY,GA,ASO,ES,Federal Contract Tower,0,7,54,0,61,0,1,105,0,106,0,8,159,0,167,86,0,86,253
09/30/2011,RYY,GA,ASO,ES,Federal Contract Tower,0,2,41,1,44,0,2,67,0,69,0,4,108,1,113,62,0,62,175
10/01/2011,RYY,GA,ASO,ES,Federal Contract Tower,0,2,17,0,19,0,2,58,3,63,0,4,75,3,82,14,0,14,96
10/02/2011,RYY,GA,ASO,ES,Federal Contract Tower,0,2,37,0,39,0,1,82,0,83,0,3,119,0,122,29,0,29,151
10/03/2011,RYY,GA,ASO,ES,Federal Contract Tower,0,0,33,0,33,0,0,95,0,95,0,0,128,0,128,22,0,22,150
10/04/2011,RYY,GA,ASO,ES,Federal Contract Tower,0,3,34,0,37,0,3,98,1,102,0,6,132,1,139,68,0,68,207
10/05/2011,RYY,GA,ASO,ES,Federal Contract Tower,0,3,22,0,25,0,0,91,4,95,0,3,113,4,120,58,0,58,178
10/06/2011,RYY,GA,ASO,ES,Federal Contract Tower,0,6,55,0,61,0,5,127,0,132,0,11,182,0,193,33,0,33,226
10/07/2011,RYY,GA,ASO,ES,Federal Contract Tower,0,3,41,3,47,0,2,118,3,123,0,5,159,6,170,92,0,92,262
10/08/2011,RYY,GA,ASO,ES,Federal Contract Tower,0,0,19,0,19,0,3,91,0,94,0,3,110,0,113,36,0,36,149
10/09/2011,RYY,GA,ASO,ES,Federal Contract Tower,0,5,42,0,47,0,8,81,0,89,0,13,123,0,136,23,0,23,159
10/10/2011,RYY,GA,ASO,ES,Federal Contract Tower,0,3,25,0,28,0,0,2,0,2,0,3,27,0,30,0,0,0,30
10/11/2011,RYY,GA,ASO,ES,Federal Contract Tower,0,4,30,0,34,0,0,2,0,2,0,4,32,0,36,14,0,14,50
10/12/2011,RYY,GA,ASO,ES,Federal Contract Tower,0,5,35,0,40,0,0,20,2,22,0,5,55,2,62,78,0,78,140
10/13/2011,RYY,GA,ASO,ES,Federal Contract Tower,0,8,19,0,27,0,1,18,0,19,0,9,37,0,46,8,0,8,54
10/14/2011,RYY,GA,ASO,ES,Federal Contract Tower,0,1,51,0,52,0,4,130,3,137,0,5,181,3,189,52,0,52,241
10/15/2011,RYY,GA,ASO,ES,Federal Contract Tower,0,6,18,0,24,0,4,134,0,138,0,10,152,0,162,105,0,105,267
10/16/2011,RYY,GA,ASO,ES,Federal Contract Tower,0,6,39,0,45,0,1,181,0,182,0,7,220,0,227,177,0,177,404
10/17/2011,RYY,GA,ASO,ES,Federal Contract Tower,0,6,26,1,33,0,4,101,1,106,0,10,127,2,139,94,0,94,233
10/18/2011,RYY,GA,ASO,ES,Federal Contract Tower,0,3,29,0,32,0,0,47,4,51,0,3,76,4,83,51,10,61,144
10/19/2011,RYY,GA,ASO,ES,Federal Contract Tower,0,12,33,0,45,0,3,9,0,12,0,15,42,0,57,0,0,0,57
10/20/2011,RYY,GA,ASO,ES,Federal Contract Tower,0,8,25,0,33,0,4,54,1,59,0,12,79,1,92,30,0,30,122
10/21/2011,RYY,GA,ASO,ES,Federal Contract Tower,0,4,35,4,43,0,6,101,2,109,0,10,136,6,152,68,4,72,224
10/22/2011,RYY,GA,ASO,ES,Federal Contract Tower,0,3,14,0,17,0,2,99,1,102,0,5,113,1,119,65,0,65,184
10/23/2011,RYY,GA,ASO,ES,Federal Contract Tower,0,6,28,0,34,0,1,111,0,112,0,7,139,0,146,154,0,154,300
10/24/2011,RYY,GA,ASO,ES,Federal Contract Tower,0,7,29,0,36,0,7,109,0,116,0,14,138,0,152,92,0,92,244
10/25/2011,RYY,GA,ASO,ES,Federal Contract Tower,0,4,23,0,27,0,3,100,2,105,0,7,123,2,132,100,0,100,232
10/26/2011,RYY,GA,ASO,ES,Federal Contract Tower,0,2,37,0,39,0,4,121,4,129,0,6,158,4,168,100,0,100,268
10/27/2011,RYY,GA,ASO,ES,Federal Contract Tower,0,4,28,0,32,0,3,113,0,116,0,7,141,0,148,83,0,83,231
10/28/2011,RYY,GA,ASO,ES,Federal Contract Tower,0,6,28,0,34,0,0,25,0,25,0,6,53,0,59,24,0,24,83
10/29/2011,RYY,GA,ASO,ES,Federal Contract Tower,0,7,30,0,37,0,2,53,0,55,0,9,83,0,92,28,0,28,120
10/30/2011,RYY,GA,ASO,ES,Federal Contract Tower,0,2,27,0,29,0,2,104,0,106,0,4,131,0,135,66,0,66,201
10/31/2011,RYY,GA,ASO,ES,Federal Contract Tower,0,4,11,0,15,0,1,73,2,76,0,5,84,2,91,54,0,54,145
11/01/2011,RYY,GA,ASO,ES,Federal Contract Tower,0,1,26,2,29,0,8,102,0,110,0,9,128,2,139,93,0,93,232
11/02/2011,RYY,GA,ASO,ES,Federal Contract Tower,0,2,32,0,34,0,4,117,2,123,0,6,149,2,157,80,8,88,245
11/03/2011,RYY,GA,ASO,ES,Federal Contract Tower,0,12,42,0,54,0,0,53,0,53,0,12,95,0,107,31,0,31,138
11/04/2011,RYY,GA,ASO,ES,Federal Contract Tower,0,3,37,0,40,0,0,68,1,69,0,3,105,1,109,54,0,54,163
11/05/2011,RYY,GA,ASO,ES,Federal Contract Tower,0,2,26,0,28,0,3,116,0,119,0,5,142,0,147,50,0,50,197
11/06/2011,RYY,GA,ASO,ES,Federal Contract Tower,0,1,32,0,33,0,1,92,0,93,0,2,124,0,126,139,0,139,265
11/07/2011,RYY,GA,ASO,ES,Federal Contract Tower,0,6,19,0,25,0,2,68,2,72,0,8,87,2,97,24,0,24,121
11/08/2011,RYY,GA,ASO,ES,Federal Contract Tower,0,3,41,0,44,0,0,81,0,81,0,3,122,0,125,98,0,98,223
11/09/2011,RYY,GA,ASO,ES,Federal Contract Tower,0,1,32,0,33,0,3,57,0,60,0,4,89,0,93,20,0,20,113
11/10/2011,RYY,GA,ASO,ES,Federal Contract Tower,0,3,33,0,36,0,4,43,1,48,0,7,76,1,84,16,0,16,100
11/11/2011,RYY,GA,ASO,ES,Federal Contract Tower,0,3,38,0,41,0,2,104,3,109,0,5,142,3,150,102,13,115,265
11/12/2011,RYY,GA,ASO,ES,Federal Contract Tower,0,9,29,0,38,0,3,135,1,139,0,12,164,1,177,130,0,130,307
11/13/2011,RYY,GA,ASO,ES,Federal Contract Tower,0,1,47,0,48,0,1,97,0,98,0,2,144,0,146,27,0,27,173
11/14/2011,RYY,GA,ASO,ES,Federal Contract Tower,0,11,23,0,34,0,0,43,2,45,0,11,66,2,79,77,0,77,156
11/15/2011,RYY,GA,ASO,ES,Federal Contract Tower,0,3,27,3,33,0,0,3,0,3,0,3,30,3,36,2,0,2,38
11/16/2011,RYY,GA,ASO,ES,Federal Contract Tower,0,1,25,0,26,0,0,1,0,1,0,1,26,0,27,0,0,0,27
11/17/2011,RYY,GA,ASO,ES,Federal Contract Tower,0,7,55,0,62,0,4,55,0,59,0,11,110,0,121,6,0,6,127
11/18/2011,RYY,GA,ASO,ES,Federal Contract Tower,0,6,32,2,40,0,3,96,2,101,0,9,128,4,141,36,0,36,177
11/19/2011,RYY,GA,ASO,ES,Federal Contract Tower,0,2,34,0,36,0,2,61,0,63,0,4,95,0,99,76,0,76,175
11/20/2011,RYY,GA,ASO,ES,Federal Contract Tower,0,1,29,0,30,0,0,1,0,1,0,1,30,0,31,6,0,6,37
11/21/2011,RYY,GA,ASO,ES,Federal Contract Tower,0,1,34,0,35,0,5,40,0,45,0,6,74,0,80,106,0,106,186
11/22/2011,RYY,GA,ASO,ES,Federal Contract Tower,0,6,37,0,43,0,4,74,0,78,0,10,111,0,121,50,0,50,171
11/23/2011,RYY,GA,ASO,ES,Federal Contract Tower,0,5,37,0,42,0,2,19,1,22,0,7,56,1,64,4,0,4,68
11/24/2011,RYY,GA,ASO,ES,Federal Contract Tower,0,2,10,0,12,0,4,42,0,46,0,6,52,0,58,18,0,18,76
11/25/2011,RYY,GA,ASO,ES,Federal Contract Tower,0,5,20,0,25,0,2,134,0,136,0,7,154,0,161,92,0,92,253
11/26/2011,RYY,GA,ASO,ES,Federal Contract Tower,0,2,38,0,40,0,2,87,0,89,0,4,125,0,129,41,0,41,170
11/27/2011,RYY,GA,ASO,ES,Federal Contract Tower,0,6,28,2,36,0,1,13,0,14,0,7,41,2,50,2,0,2,52
11/28/2011,RYY,GA,ASO,ES,Federal Contract Tower,0,5,32,0,37,0,3,0,0,3,0,8,32,0,40,0,0,0,40
11/29/2011,RYY,GA,ASO,ES,Federal Contract Tower,0,2,23,0,25,0,0,3,0,3,0,2,26,0,28,0,0,0,28
11/30/2011,RYY,GA,ASO,ES,Federal Contract Tower,0,2,26,0,28,0,3,45,3,51,0,5,71,3,79,42,0,42,121
12/01/2011,RYY,GA,ASO,ES,Federal Contract Tower,0,7,52,1,60,0,0,94,3,97,0,7,146,4,157,100,0,100,257
12/02/2011,RYY,GA,ASO,ES,Federal Contract Tower,0,7,24,0,31,0,0,138,2,140,0,7,162,2,171,83,0,83,254
12/03/2011,RYY,GA,ASO,ES,Federal Contract Tower,0,12,22,0,34,0,2,117,7,126,0,14,139,7,160,76,0,76,236
12/04/2011,RYY,GA,ASO,ES,Federal Contract Tower,0,7,36,2,45,0,0,66,2,68,0,7,102,4,113,53,0,53,166
12/05/2011,RYY,GA,ASO,ES,Federal Contract Tower,0,3,18,0,21,0,6,15,0,21,0,9,33,0,42,0,0,0,42
12/06/2011,RYY,GA,ASO,ES,Federal Contract Tower,0,4,17,0,21,0,0,0,0,0,0,4,17,0,21,0,0,0,21
12/07/2011,RYY,GA,ASO,ES,Federal Contract Tower,0,6,24,0,30,0,0,4,0,4,0,6,28,0,34,0,0,0,34
12/08/2011,RYY,GA,ASO,ES,Federal Contract Tower,0,8,47,0,55,0,3,98,3,104,0,11,145,3,159,80,0,80,239
12/09/2011,RYY,GA,ASO,ES,Federal Contract Tower,0,4,29,0,33,0,1,88,1,90,0,5,117,1,123,102,0,102,225
12/10/2011,RYY,GA,ASO,ES,Federal Contract Tower,0,2,26,0,28,0,0,103,2,105,0,2,129,2,133,44,0,44,177
12/11/2011,RYY,GA,ASO,ES,Federal Contract Tower,0,2,26,0,28,0,0,110,2,112,0,2,136,2,140,34,2,36,176
12/12/2011,RYY,GA,ASO,ES,Federal Contract Tower,0,4,35,0,39,0,2,29,0,31,0,6,64,0,70,46,0,46,116
12/13/2011,RYY,GA,ASO,ES,Federal Contract Tower,0,4,40,0,44,0,3,84,1,88,0,7,124,1,132,137,0,137,269
12/14/2011,RYY,GA,ASO,ES,Federal Contract Tower,0,12,36,0,48,0,4,111,0,115,0,16,147,0,163,100,0,100,263
12/15/2011,RYY,GA,ASO,ES,Federal Contract Tower,0,9,30,0,39,0,2,62,2,66,0,11,92,2,105,82,0,82,187
12/16/2011,RYY,GA,ASO,ES,Federal Contract Tower,0,2,39,2,43,0,2,35,0,37,0,4,74,2,80,70,0,70,150
12/17/2011,RYY,GA,ASO,ES,Federal Contract Tower,0,2,21,0,23,0,0,68,2,70,0,2,89,2,93,82,0,82,175
12/18/2011,RYY,GA,ASO,ES,Federal Contract Tower,0,1,19,0,20,0,4,125,3,132,0,5,144,3,152,80,0,80,232
12/19/2011,RYY,GA,ASO,ES,Federal Contract Tower,0,2,35,0,37,0,0,106,2,108,0,2,141,2,145,99,0,99,244
12/20/2011,RYY,GA,ASO,ES,Federal Contract Tower,0,6,48,0,54,0,0,9,0,9,0,6,57,0,63,0,0,0,63
12/21/2011,RYY,GA,ASO,ES,Federal Contract Tower,0,0,20,2,22,0,0,2,0,2,0,0,22,2,24,4,0,4,28
12/22/2011,RYY,GA,ASO,ES,Federal Contract Tower,0,0,26,0,26,0,0,0,0,0,0,0,26,0,26,0,0,0,26
12/23/2011,RYY,GA,ASO,ES,Federal Contract Tower,0,3,41,0,44,0,1,46,0,47,0,4,87,0,91,22,0,22,113
12/24/2011,RYY,GA,ASO,ES,Federal Contract Tower,0,4,20,0,24,0,0,49,0,49,0,4,69,0,73,54,0,54,127
12/25/2011,RYY,GA,ASO,ES,Federal Contract Tower,0,3,1,0,4,0,0,1,0,1,0,3,2,0,5,0,0,0,5
12/26/2011,RYY,GA,ASO,ES,Federal Contract Tower,0,7,34,0,41,0,3,83,1,87,0,10,117,1,128,44,0,44,172
12/27/2011,RYY,GA,ASO,ES,Federal Contract Tower,0,15,23,0,38,0,1,10,2,13,0,16,33,2,51,0,0,0,51
12/28/2011,RYY,GA,ASO,ES,Federal Contract Tower,0,7,27,0,34,0,0,93,4,97,0,7,120,4,131,84,0,84,215
12/29/2011,RYY,GA,ASO,ES,Federal Contract Tower,0,3,28,0,31,0,4,141,3,148,0,7,169,3,179,160,0,160,339
12/30/2011,RYY,GA,ASO,ES,Federal Contract Tower,0,1,26,0,27,0,1,18,3,22,0,2,44,3,49,16,0,16,65
12/31/2011,RYY,GA,ASO,ES,Federal Contract Tower,0,2,21,0,23,0,2,104,2,108,0,4,125,2,131,70,0,70,201
01/01/2012,RYY,GA,ASO,ES,Federal Contract Tower,0,5,16,1,22,0,0,6,1,7,0,5,22,2,29,0,0,0,29
01/02/2012,RYY,GA,ASO,ES,Federal Contract Tower,0,6,22,0,28,0,0,23,0,23,0,6,45,0,51,10,0,10,61
01/03/2012,RYY,GA,ASO,ES,Federal Contract Tower,0,4,22,0,26,0,5,24,2,31,0,9,46,2,57,6,0,6,63
01/04/2012,RYY,GA,ASO,ES,Federal Contract Tower,0,3,24,1,28,0,2,63,3,68,0,5,87,4,96,59,4,63,159
01/05/2012,RYY,GA,ASO,ES,Federal Contract Tower,0,3,20,0,23,0,8,104,1,113,0,11,124,1,136,203,21,224,360
01/06/2012,RYY,GA,ASO,ES,Federal Contract Tower,0,1,36,0,37,0,6,124,9,139,0,7,160,9,176,89,0,89,265
01/07/2012,RYY,GA,ASO,ES,Federal Contract Tower,0,0,35,0,35,0,2,56,1,59,0,2,91,1,94,90,0,90,184
01/08/2012,RYY,GA,ASO,ES,Federal Contract Tower,0,3,21,0,24,0,0,0,0,0,0,3,21,0,24,0,0,0,24
01/09/2012,RYY,GA,ASO,ES,Federal Contract Tower,0,2,29,0,31,0,2,13,0,15,0,4,42,0,46,2,18,20,66
01/10/2012,RYY,GA,ASO,ES,Federal Contract Tower,0,4,34,0,38,0,2,4,0,6,0,6,38,0,44,0,0,0,44
01/11/2012,RYY,GA,ASO,ES,Federal Contract Tower,0,1,28,0,29,0,2,5,0,7,0,3,33,0,36,0,0,0,36
01/12/2012,RYY,GA,ASO,ES,Federal Contract Tower,0,7,28,0,35,0,0,11,1,12,0,7,39,1,47,32,10,42,89
01/13/2012,RYY,GA,ASO,ES,Federal Contract Tower,0,2,30,0,32,0,0,33,0,33,0,2,63,0,65,0,0,0,65
01/14/2012,RYY,GA,ASO,ES,Federal Contract Tower,0,0,23,0,23,0,2,107,3,112,0,2,130,3,135,49,0,49,184
01/15/2012,RYY,GA,ASO,ES,Federal Contract Tower,0,7,9,0,16,0,5,146,4,155,0,12,155,4,171,86,0,86,257
01/16/2012,RYY,GA,ASO,ES,Federal Contract Tower,0,7,27,0,34,0,0,64,11,75,0,7,91,11,109,90,0,90,199
01/17/2012,RYY,GA,ASO,ES,Federal Contract Tower,0,6,18,0,24,0,0,0,0,0,0,6,18,0,24,0,0,0,24
01/18/2012,RYY,GA,ASO,ES,Federal Contract Tower,0,3,35,0,38,0,2,81,0,83,0,5,116,0,121,38,0,38,159
01/19/2012,RYY,GA,ASO,ES,Federal Contract Tower,0,5,36,0,41,0,3,112,2,117,0,8,148,2,158,78,0,78,236
01/20/2012,RYY,GA,ASO,ES,Federal Contract Tower,0,9,39,2,50,0,1,4,0,5,0,10,43,2,55,12,0,12,67
01/21/2012,RYY,GA,ASO,ES,Federal Contract Tower,0,1,10,4,15,0,1,1,2,4,0,2,11,6,19,16,0,16,35
01/22/2012,RYY,GA,ASO,ES,Federal Contract Tower,0,5,18,1,24,0,0,0,0,0,0,5,18,1,24,0,0,0,24
01/23/2012,RYY,GA,ASO,ES,Federal Contract Tower,0,4,21,0,25,0,0,0,0,0,0,4,21,0,25,0,0,0,25
01/24/2012,RYY,GA,ASO,ES,Federal Contract Tower,0,1,32,0,33,0,3,136,4,143,0,4,168,4,176,144,0,144,320
01/25/2012,RYY,GA,ASO,ES,Federal Contract Tower,0,3,37,0,40,0,3,97,0,100,0,6,134,0,140,128,0,128,268
01/26/2012,RYY,GA,ASO,ES,Federal Contract Tower,0,5,23,0,28,0,2,5,0,7,0,7,28,0,35,10,0,10,45
01/27/2012,RYY,GA,ASO,ES,Federal Contract Tower,0,5,28,1,34,0,0,48,0,48,0,5,76,1,82,48,0,48,130
01/28/2012,RYY,GA,ASO,ES,Federal Contract Tower,0,0,12,0,12,0,1,110,1,112,0,1,122,1,124,78,0,78,202
01/29/2012,RYY,GA,ASO,ES,Federal Contract Tower,0,3,27,0,30,0,4,99,1,104,0,7,126,1,134,84,0,84,218
01/30/2012,RYY,GA,ASO,ES,Federal Contract Tower,0,4,24,0,28,0,4,82,4,90,0,8,106,4,118,44,0,44,162
01/31/2012,RYY,GA,ASO,ES,Federal Contract Tower,0,1,27,0,28,0,2,90,5,97,0,3,117,5,125,88,0,88,213
02/01/2012,RYY,GA,ASO,ES,Federal Contract Tower,0,2,24,2,28,0,0,20,3,23,0,2,44,5,51,4,2,6,57
02/02/2012,RYY,GA,ASO,ES,Federal Contract Tower,0,5,48,0,53,0,6,61,1,68,0,11,109,1,121,98,0,98,219
02/03/2012,RYY,GA,ASO,ES,Federal Contract Tower,0,1,27,0,28,0,5,59,0,64,0,6,86,0,92,114,0,114,206
02/04/2012,RYY,GA,ASO,ES,Federal Contract Tower,0,3,26,0,29,0,0,50,0,50,0,3,76,0,79,108,0,108,187
02/05/2012,RYY,GA,ASO,ES,Federal Contract Tower,0,0,28,0,28,0,28,3,0,31,0,28,31,0,59,64,0,64,123
02/06/2012,RYY,GA,ASO,ES,Federal Contract Tower,0,2,26,0,28,0,2,31,0,33,0,4,57,0,61,56,0,56,117
02/07/2012,RYY,GA,ASO,ES,Federal Contract Tower,0,9,14,0,23,0,3,88,5,96,0,12,102,5,119,50,0,50,169
02/08/2012,RYY,GA,ASO,ES,Federal Contract Tower,0,7,35,2,44,0,4,69,0,73,0,11,104,2,117,26,0,26,143
02/09/2012,RYY,GA,ASO,ES,Federal Contract Tower,0,7,30,0,37,0,5,100,0,105,0,12,130,0,142,172,0,172,314
02/10/2012,RYY,GA,ASO,ES,Federal Contract Tower,0,5,26,1,32,0,2,105,0,107,0,7,131,1,139,72,0,72,211
02/11/2012,RYY,GA,ASO,ES,Federal Contract Tower,0,6,15,1,22,0,2,11,4,17,0,8,26,5,39,0,2,2,41
02/12/2012,RYY,GA,ASO,ES,Federal Contract Tower,0,6,23,0,29,0,3,69,0,72,0,9,92,0,101,36,0,36,137
02/13/2012,RYY,GA,ASO,ES,Federal Contract Tower,0,7,26,0,33,0,0,78,0,78,0,7,104,0,111,100,0,100,211
02/14/2012,RYY,GA,ASO,ES,Federal Contract Tower,0,1,25,0,26,0,0,1,0,1,0,1,26,0,27,2,0,2,29
02/15/2012,RYY,GA,ASO,ES,Federal Contract Tower,0,3,40,1,44,0,6,104,0,110,0,9,144,1,154,94,0,94,248
02/16/2012,RYY,GA,ASO,ES,Federal Contract Tower,0,12,44,0,56,0,0,0,0,0,0,12,44,0,56,0,0,0,56
02/17/2012,RYY,GA,ASO,ES,Federal Contract Tower,0,5,28,0,33,0,0,150,1,151,0,5,178,1,184,78,0,78,262
02/18/2012,RYY,GA,ASO,ES,Federal Contract Tower,0,1,13,0,14,0,1,33,1,35,0,2,46,1,49,48,0,48,97
02/19/2012,RYY,GA,ASO,ES,Federal Contract Tower,0,2,24,0,26,0,2,0,0,2,0,4,24,0,28,0,0,0,28
02/20/2012,RYY,GA,ASO,ES,Federal Contract Tower,0,11,43,0,54,0,1,132,2,135,0,12,175,2,189,132,0,132,321
02/21/2012,RYY,GA,ASO,ES,Federal Contract Tower,0,4,38,0,42,0,1,46,0,47,0,5,84,0,89,16,0,16,105
02/22/2012,RYY,GA,ASO,ES,Federal Contract Tower,0,3,22,0,25,0,0,20,0,20,0,3,42,0,45,34,0,34,79
02/23/2012,RYY,GA,ASO,ES,Federal Contract Tower,0,4,31,1,36,0,2,31,0,33,0,6,62,1,69,10,0,10,79
02/24/2012,RYY,GA,ASO,ES,Federal Contract Tower,0,4,31,1,36,0,1,56,0,57,0,5,87,1,93,51,0,51,144
02/25/2012,RYY,GA,ASO,ES,Federal Contract Tower,0,8,24,0,32,0,2,76,4,82,0,10,100,4,114,87,24,111,225
02/26/2012,RYY,GA,ASO,ES,Federal Contract Tower,0,2,29,0,31,0,4,124,1,129,0,6,153,1,160,114,47,161,321
02/27/2012,RYY,GA,ASO,ES,Federal Contract Tower,0,4,44,0,48,0,1,33,0,34,0,5,77,0,82,34,0,34,116
02/28/2012,RYY,GA,ASO,ES,Federal Contract Tower,0,6,44,0,50,0,2,50,2,54,0,8,94,2,104,164,0,164,268
02/29/2012,RYY,GA,ASO,ES,Federal Contract Tower,0,5,30,1,36,0,3,7,0,10,0,8,37,1,46,8,0,8,54
03/01/2012,RYY,GA,ASO,ES,Federal Contract Tower,0,8,36,0,44,0,2,107,2,111,0,10,143,2,155,147,0,147,302
03/02/2012,RYY,GA,ASO,ES,Federal Contract Tower,0,3,33,0,36,0,0,15,0,15,0,3,48,0,51,79,0,79,130
03/03/2012,RYY,GA,ASO,ES,Federal Contract Tower,0,1,16,0,17,0,0,43,5,48,0,1,59,5,65,36,0,36,101
03/04/2012,RYY,GA,ASO,ES,Federal Contract Tower,0,5,13,0,18,0,5,34,4,43,0,10,47,4,61,4,0,4,65
03/05/2012,RYY,GA,ASO,ES,Federal Contract Tower,0,6,36,0,42,0,1,48,0,49,0,7,84,0,91,22,0,22,113
03/06/2012,RYY,GA,ASO,ES,Federal Contract Tower,0,2,24,0,26,0,3,79,0,82,0,5,103,0,108,74,0,74,182
03/07/2012,RYY,GA,ASO,ES,Federal Contract Tower,0,2,24,0,26,0,2,59,2,63,0,4,83,2,89,50,0,50,139
03/08/2012,RYY,GA,ASO,ES,Federal Contract Tower,0,7,39,0,46,0,3,65,1,69,0,10,104,1,115,90,4,94,209
03/09/2012,RYY,GA,ASO,ES,Federal Contract Tower,0,1,35,0,36,0,3,36,0,39,0,4,71,0,75,2,0,2,77
03/10/2012,RYY,GA,ASO,ES,Federal Contract Tower,0,3,22,1,26,0,7,145,0,152,0,10,167,1,178,152,0,152,330
03/11/2012,RYY,GA,ASO,ES,Federal Contract Tower,0,4,25,0,29,0,0,81,1,82,0,4,106,1,111,75,0,75,186
03/12/2012,RYY,GA,ASO,ES,Federal Contract Tower,0,0,25,0,25,0,2,15,0,17,0,2,40,0,42,31,0,31,73
03/13/2012,RYY,GA,ASO,ES,Federal Contract Tower,0,3,37,0,40,0,1,51,1,53,0,4,88,1,93,50,0,50,143
03/14/2012,RYY,GA,ASO,ES,Federal Contract Tower,0,2,37,0,39,0,1,101,0,102,0,3,138,0,141,91,0,91,232
03/15/2012,RYY,GA,ASO,ES,Federal Contract Tower,0,5,41,0,46,0,2,104,2,108,0,7,145,2,154,172,0,172,326
03/16/2012,RYY,GA,ASO,ES,Federal Contract Tower,0,4,45,0,49,0,4,63,2,69,0,8,108,2,118,64,0,64,182
03/17/2012,RYY,GA,ASO,ES,Federal Contract Tower,0,7,26,0,33,0,5,121,1,127,0,12,147,1,160,226,0,226,386
03/18/2012,RYY,GA,ASO,ES,Federal Contract Tower,0,1,33,0,34,0,1,91,0,92,0,2,124,0,126,132,0,132,258
03/19/2012,RYY,GA,ASO,ES,Federal Contract Tower,0,5,25,0,30,0,3,87,1,91,0,8,112,1,121,46,0,46,167
03/20/2012,RYY,GA,ASO,ES,Federal Contract Tower,0,1,41,2,44,0,2,79,0,81,0,3,120,2,125,32,0,32,157
03/21/2012,RYY,GA,ASO,ES,Federal Contract Tower,0,2,39,1,42,0,3,73,1,77,0,5,112,2,119,37,20,57,176
03/22/2012,RYY,GA,ASO,ES,Federal Contract Tower,0,3,48,0,51,0,6,26,0,32,0,9,74,0,83,56,0,56,139
03/23/2012,RYY,GA,ASO,ES,Federal Contract Tower,0,5,32,0,37,0,0,10,2,12,0,5,42,2,49,20,0,20,69
03/24/2012,RYY,GA,ASO,ES,Federal Contract Tower,0,5,27,1,33,0,1,81,0,82,0,6,108,1,115,68,0,68,183
03/25/2012,RYY,GA,ASO,ES,Federal Contract Tower,0,3,34,0,37,0,3,62,0,65,0,6,96,0,102,39,0,39,141
03/26/2012,RYY,GA,ASO,ES,Federal Contract Tower,0,1,37,0,38,0,2,103,3,108,0,3,140,3,146,78,0,78,224
03/27/2012,RYY,GA,ASO,ES,Federal Contract Tower,0,4,25,0,29,0,3,77,6,86,0,7,102,6,115,65,22,87,202
03/28/2012,RYY,GA,ASO,ES,Federal Contract Tower,0,3,33,0,36,0,1,86,1,88,0,4,119,1,124,119,0,119,243
03/29/2012,RYY,GA,ASO,ES,Federal Contract Tower,0,9,60,0,69,0,2,109,1,112,0,11,169,1,181,122,0,122,303
03/30/2012,RYY,GA,ASO,ES,Federal Contract Tower,0,2,36,0,38,0,0,82,1,83,0,2,118,1,121,42,0,42,163
03/31/2012,RYY,GA,ASO,ES,Federal Contract Tower,0,6,30,0,36,0,1,44,0,45,0,7,74,0,81,100,0,100,181
04/01/2012,RYY,GA,ASO,ES,Federal Contract Tower,0,4,26,0,30,0,3,68,2,73,0,7,94,2,103,55,4,59,162
04/02/2012,RYY,GA,ASO,ES,Federal Contract Tower,0,2,19,0,21,0,0,78,2,80,0,2,97,2,101,48,0,48,149
04/03/2012,RYY,GA,ASO,ES,Federal Contract Tower,0,1,34,0,35,0,0,82,2,84,0,1,116,2,119,29,25,54,173
04/04/2012,RYY,GA,ASO,ES,Federal Contract Tower,0,10,36,0,46,0,7,69,0,76,0,17,105,0,122,76,36,112,234
04/05/2012,RYY,GA,ASO,ES,Federal Contract Tower,0,5,20,1,26,0,3,43,0,46,0,8,63,1,72,44,30,74,146
04/06/2012,RYY,GA,ASO,ES,Federal Contract Tower,0,2,46,1,49,0,5,28,1,34,0,7,74,2,83,28,0,28,111
04/07/2012,RYY,GA,ASO,ES,Federal Contract Tower,0,5,26,0,31,0,1,142,0,143,0,6,168,0,174,236,0,236,410
04/08/2012,RYY,GA,ASO,ES,Federal Contract Tower,0,4,21,0,25,0,0,71,1,72,0,4,92,1,97,26,24,50,147
04/09/2012,RYY,GA,ASO,ES,Federal Contract Tower,0,5,21,2,28,0,7,87,2,96,0,12,108,4,124,78,0,78,202
04/10/2012,RYY,GA,ASO,ES,Federal Contract Tower,0,0,29,1,30,0,4,58,2,64,0,4,87,3,94,32,0,32,126
04/11/2012,RYY,GA,ASO,ES,Federal Contract Tower,0,3,40,0,43,0,3,70,1,74,0,6,110,1,117,28,0,28,145
04/12/2012,RYY,GA,ASO,ES,Federal Contract Tower,0,3,28,0,31,0,2,130,3,135,0,5,158,3,166,84,0,84,250
04/13/2012,RYY,GA,ASO,ES,Federal Contract Tower,0,1,32,0,33,0,4,118,3,125,0,5,150,3,158,79,0,79,237
04/14/2012,RYY,GA,ASO,ES,Federal Contract Tower,0,0,20,2,22,0,5,115,5,125,0,5,135,7,147,38,0,38,185
04/15/2012,RYY,GA,ASO,ES,Federal Contract Tower,0,4,25,0,29,0,1,54,3,58,0,5,79,3,87,32,4,36,123
04/16/2012,RYY,GA,ASO,ES,Federal Contract Tower,0,4,28,0,32,0,2,25,0,27,0,6,53,0,59,40,0,40,99
04/17/2012,RYY,GA,ASO,ES,Federal Contract Tower,0,1,26,0,27,0,0,21,0,21,0,1,47,0,48,12,0,12,60
04/18/2012,RYY,GA,ASO,ES,Federal Contract Tower,0,9,33,0,42,0,0,0,0,0,0,9,33,0,42,0,0,0,42
04/19/2012,RYY,GA,ASO,ES,Federal Contract Tower,0,3,56,0,59,0,4,31,3,38,0,7,87,3,97,149,30,179,276
04/20/2012,RYY,GA,ASO,ES,Federal Contract Tower,0,4,50,0,54,0,2,12,0,14,0,6,62,0,68,22,0,22,90
04/21/2012,RYY,GA,ASO,ES,Federal Contract Tower,0,2,16,0,18,0,5,35,0,40,0,7,51,0,58,80,0,80,138
04/22/2012,RYY,GA,ASO,ES,Federal Contract Tower,0,2,25,2,29,0,5,17,0,22,0,7,42,2,51,12,0,12,63
04/23/2012,RYY,GA,ASO,ES,Federal Contract Tower,0,4,25,0,29,0,3,24,6,33,0,7,49,6,62,2,0,2,64
04/24/2012,RYY,GA,ASO,ES,Federal Contract Tower,0,7,29,0,36,0,3,64,0,67,0,10,93,0,103,34,0,34,137
04/25/2012,RYY,GA,ASO,ES,Federal Contract Tower,0,3,33,0,36,0,4,93,4,101,0,7,126,4,137,16,0,16,153
04/26/2012,RYY,GA,ASO,ES,Federal Contract Tower,0,6,48,0,54,0,0,80,3,83,0,6,128,3,137,89,0,89,226
04/27/2012,RYY,GA,ASO,ES,Federal Contract Tower,0,7,40,0,47,0,1,97,0,98,0,8,137,0,145,102,0,102,247
04/28/2012,RYY,GA,ASO,ES,Federal Contract Tower,0,2,25,0,27,0,3,149,0,152,0,5,174,0,179,121,0,121,300
04/29/2012,RYY,GA,ASO,ES,Federal Contract Tower,0,6,32,0,38,0,9,131,4,144,0,15,163,4,182,120,0,120,302
04/30/2012,RYY,GA,ASO,ES,Federal Contract Tower,0,9,29,1,39,0,3,86,4,93,0,12,115,5,132,84,0,84,216
05/01/2012,RYY,GA,ASO,ES,Federal Contract Tower,0,2,27,1,30,0,3,99,0,102,0,5,126,1,132,128,0,128,260
05/02/2012,RYY,GA,ASO,ES,Federal Contract Tower,0,6,27,0,33,0,2,110,0,112,0,8,137,0,145,96,0,96,241
05/03/2012,RYY,GA,ASO,ES,Federal Contract Tower,0,7,29,0,36,0,2,50,0,52,0,9,79,0,88,0,0,0,88
05/04/2012,RYY,GA,ASO,ES,Federal Contract Tower,0,4,28,1,33,0,2,82,1,85,0,6,110,2,118,36,0,36,154
05/05/2012,RYY,GA,ASO,ES,Federal Contract Tower,0,0,26,0,26,0,4,120,1,125,0,4,146,1,151,138,0,138,289
05/06/2012,RYY,GA,ASO,ES,Federal Contract Tower,0,7,36,0,43,0,4,90,2,96,0,11,126,2,139,91,1,92,231
05/07/2012,RYY,GA,ASO,ES,Federal Contract Tower,0,5,20,0,25,0,3,29,0,32,0,8,49,0,57,54,0,54,111
05/08/2012,RYY,GA,ASO,ES,Federal Contract Tower,0,5,39,0,44,0,3,19,0,22,0,8,58,0,66,36,0,36,102
05/09/2012,RYY,GA,ASO,ES,Federal Contract Tower,0,5,47,0,52,0,3,24,0,27,0,8,71,0,79,32,0,32,111
05/10/2012,RYY,GA,ASO,ES,Federal Contract Tower,0,5,34,0,39,0,4,104,6,114,0,9,138,6,153,78,0,78,231
05/11/2012,RYY,GA,ASO,ES,Federal Contract Tower,0,5,36,0,41,0,5,124,4,133,0,10,160,4,174,65,0,65,239
05/12/2012,RYY,GA,ASO,ES,Federal Contract Tower,0,7,26,0,33,0,5,55,4,64,0,12,81,4,97,30,0,30,127
05/13/2012,RYY,GA,ASO,ES,Federal Contract Tower,0,9,29,0,38,0,0,0,0,0,0,9,29,0,38,0,0,0,38
05/14/2012,RYY,GA,ASO,ES,Federal Contract Tower,0,4,33,0,37,0,0,36,0,36,0,4,69,0,73,58,0,58,131
05/15/2012,RYY,GA,ASO,ES,Federal Contract Tower,0,18,42,0,60,0,3,21,2,26,0,21,63,2,86,69,0,69,155
05/16/2012,RYY,GA,ASO,ES,Federal Contract Tower,0,4,56,2,62,0,1,120,4,125,0,5,176,6,187,85,0,85,272
05/17/2012,RYY,GA,ASO,ES,Federal Contract Tower,0,1,35,2,38,0,2,109,1,112,0,3,144,3,150,111,3,114,264
05/18/2012,RYY,GA,ASO,ES,Federal Contract Tower,0,2,22,0,24,0,5,80,2,87,0,7,102,2,111,122,0,122,233
05/19/2012,RYY,GA,ASO,ES,Federal Contract Tower,0,2,26,0,28,0,2,124,4,130,0,4,150,4,158,110,0,110,268
05/20/2012,RYY,GA,ASO,ES,Federal Contract Tower,0,6,36,0,42,0,2,146,0,148,0,8,182,0,190,70,0,70,260
05/21/2012,RYY,GA,ASO,ES,Federal Contract Tower,0,5,24,0,29,0,2,44,5,51,0,7,68,5,80,79,6,85,165
05/22/2012,RYY,GA,ASO,ES,Federal Contract Tower,0,5,40,1,46,0,0,65,1,66,0,5,105,2,112,81,0,81,193
05/23/2012,RYY,GA,ASO,ES,Federal Contract Tower,0,3,38,0,41,0,7,88,8,103,0,10,126,8,144,91,0,91,235
05/24/2012,RYY,GA,ASO,ES,Federal Contract Tower,0,3,43,0,46,0,4,128,2,134,0,7,171,2,180,74,0,74,254
05/25/2012,RYY,GA,ASO,ES,Federal Contract Tower,0,4,58,2,64,0,4,162,1,167,0,8,220,3,231,74,0,74,305
05/26/2012,RYY,GA,ASO,ES,Federal Contract Tower,0,4,23,2,29,0,0,130,0,130,0,4,153,2,159,94,0,94,253
05/27/2012,RYY,GA,ASO,ES,Federal Contract Tower,0,2,24,0,26,0,0,88,0,88,0,2,112,0,114,58,0,58,172
05/28/2012,RYY,GA,ASO,ES,Federal Contract Tower,0,0,23,1,24,0,3,71,0,74,0,3,94,1,98,14,0,14,112
05/29/2012,RYY,GA,ASO,ES,Federal Contract Tower,0,6,38,1,45,0,0,33,0,33,0,6,71,1,78,60,0,60,138
05/30/2012,RYY,GA,ASO,ES,Federal Contract Tower,0,5,26,4,35,0,0,78,2,80,0,5,104,6,115,38,0,38,153
05/31/2012,RYY,GA,ASO,ES,Federal Contract Tower,0,4,32,4,40,0,2,70,0,72,0,6,102,4,112,28,0,28,140
06/01/2012,RYY,GA,ASO,ES,Federal Contract Tower,0,7,35,0,42,0,2,31,0,33,0,9,66,0,75,48,0,48,123
06/02/2012,RYY,GA,ASO,ES,Federal Contract Tower,0,5,28,0,33,0,2,95,0,97,0,7,123,0,130,107,0,107,237
06/03/2012,RYY,GA,ASO,ES,Federal Contract Tower,0,5,32,0,37,0,0,143,0,143,0,5,175,0,180,72,0,72,252
06/04/2012,RYY,GA,ASO,ES,Federal Contract Tower,0,7,18,0,25,0,3,26,0,29,0,10,44,0,54,9,0,9,63
06/05/2012,RYY,GA,ASO,ES,Federal Contract Tower,0,3,29,0,32,0,0,25,1,26,0,3,54,1,58,34,0,34,92
06/06/2012,RYY,GA,ASO,ES,Federal Contract Tower,0,3,37,0,40,0,2,81,4,87,0,5,118,4,127,52,0,52,179
06/07/2012,RYY,GA,ASO,ES,Federal Contract Tower,0,6,39,4,49,0,2,96,0,98,0,8,135,4,147,28,0,28,175
06/08/2012,RYY,GA,ASO,ES,Federal Contract Tower,0,1,32,0,33,0,2,103,0,105,0,3,135,0,138,92,0,92,230
06/09/2012,RYY,GA,ASO,ES,Federal Contract Tower,0,1,34,0,35,0,3,127,0,130,0,4,161,0,165,107,0,107,272
06/10/2012,RYY,GA,ASO,ES,Federal Contract Tower,0,5,27,0,32,0,0,0,0,0,0,5,27,0,32,0,0,0,32
06/11/2012,RYY,GA,ASO,ES,Federal Contract Tower,0,1,18,0,19,0,2,7,0,9,0,3,25,0,28,14,0,14,42
06/12/2012,RYY,GA,ASO,ES,Federal Contract Tower,0,6,15,3,24,0,5,75,2,82,0,11,90,5,106,90,0,90,196
06/13/2012,RYY,GA,ASO,ES,Federal Contract Tower,0,1,26,2,29,0,3,95,2,100,0,4,121,4,129,150,0,150,279
06/14/2012,RYY,GA,ASO,ES,Federal Contract Tower,0,9,47,0,56,0,5,112,3,120,0,14,159,3,176,40,0,40,216
06/15/2012,RYY,GA,ASO,ES,Federal Contract Tower,0,4,35,2,41,0,3,128,0,131,0,7,163,2,172,150,0,150,322
06/16/2012,RYY,GA,ASO,ES,Federal Contract Tower,0,3,32,0,35,0,6,145,0,151,0,9,177,0,186,107,0,107,293
06/17/2012,RYY,GA,ASO,ES,Federal Contract Tower,0,5,32,0,37,0,1,132,0,133,0,6,164,0,170,45,0,45,215
06/18/2012,RYY,GA,ASO,ES,Federal Contract Tower,0,2,22,0,24,0,8,67,4,79,0,10,89,4,103,57,0,57,160
06/19/2012,RYY,GA,ASO,ES,Federal Contract Tower,0,3,25,1,29,0,7,77,2,86,0,10,102,3,115,104,0,104,219
06/20/2012,RYY,GA,ASO,ES,Federal Contract Tower,0,2,34,1,37,0,0,112,1,113,0,2,146,2,150,109,0,109,259
06/21/2012,RYY,GA,ASO,ES,Federal Contract Tower,0,1,33,4,38,0,4,85,0,89,0,5,118,4,127,102,0,102,229
06/22/2012,RYY,GA,ASO,ES,Federal Contract Tower,0,4,33,1,38,0,4,101,1,106,0,8,134,2,144,86,0,86,230
06/23/2012,RYY,GA,ASO,ES,Federal Contract Tower,0,3,25,0,28,0,0,97,1,98,0,3,122,1,126,62,0,62,188
06/24/2012,RYY,GA,ASO,ES,Federal Contract Tower,0,4,20,2,26,0,0,92,0,92,0,4,112,2,118,163,0,163,281
06/25/2012,RYY,GA,ASO,ES,Federal Contract Tower,0,1,21,1,23,0,7,50,3,60,0,8,71,4,83,4,0,4,87
06/26/2012,RYY,GA,ASO,ES,Federal Contract Tower,0,5,45,0,50,0,3,46,2,51,0,8,91,2,101,50,0,50,151
06/27/2012,RYY,GA,ASO,ES,Federal Contract Tower,0,6,28,0,34,0,0,98,0,98,0,6,126,0,132,104,0,104,236
06/28/2012,RYY,GA,ASO,ES,Federal Contract Tower,0,8,35,5,48,0,5,89,8,102,0,13,124,13,150,73,0,73,223
06/29/2012,RYY,GA,ASO,ES,Federal Contract Tower,0,5,22,1,28,0,6,92,3,101,0,11,114,4,129,32,0,32,161
06/30/2012,RYY,GA,ASO,ES,Federal Contract Tower,0,4,24,0,28,0,7,115,4,126,0,11,139,4,154,99,0,99,253
07/01/2012,RYY,GA,ASO,ES,Federal Contract Tower,0,3,18,0,21,0,7,79,4,90,0,10,97,4,111,94,8,102,213
07/02/2012,RYY,GA,ASO,ES,Federal Contract Tower,0,3,14,4,21,0,4,58,0,62,0,7,72,4,83,4,0,4,87
07/03/2012,RYY,GA,ASO,ES,Federal Contract Tower,0,0,17,5,22,0,1,71,0,72,0,1,88,5,94,94,0,94,188
07/04/2012,RYY,GA,ASO,ES,Federal Contract Tower,0,4,14,0,18,0,2,52,3,57,0,6,66,3,75,34,0,34,109
07/05/2012,RYY,GA,ASO,ES,Federal Contract Tower,0,2,28,4,34,0,3,60,0,63,0,5,88,4,97,113,0,113,210
07/06/2012,RYY,GA,ASO,ES,Federal Contract Tower,0,4,26,1,31,0,2,86,0,88,0,6,112,1,119,104,0,104,223
07/07/2012,RYY,GA,ASO,ES,Federal Contract Tower,0,3,22,0,25,0,6,95,2,103,0,9,117,2,128,64,0,64,192
07/08/2012,RYY,GA,ASO,ES,Federal Contract Tower,0,5,33,0,38,0,2,75,2,79,0,7,108,2,117,53,0,53,170
07/09/2012,RYY,GA,ASO,ES,Federal Contract Tower,0,3,34,4,41,0,9,48,0,57,0,12,82,4,98,27,0,27,125
07/10/2012,RYY,GA,ASO,ES,Federal Contract Tower,0,5,28,5,38,0,5,60,2,67,0,10,88,7,105,61,0,61,166
07/11/2012,RYY,GA,ASO,ES,Federal Contract Tower,0,7,28,6,41,0,4,23,0,27,0,11,51,6,68,68,0,68,136
07/12/2012,RYY,GA,ASO,ES,Federal Contract Tower,0,2,39,4,45,0,0,8,0,8,0,2,47,4,53,32,0,32,85
07/13/2012,RYY,GA,ASO,ES,Federal Contract Tower,0,2,20,2,24,0,2,34,0,36,0,4,54,2,60,86,0,86,146
07/14/2012,RYY,GA,ASO,ES,Federal Contract Tower,0,0,33,2,35,0,4,24,2,30,0,4,57,4,65,67,12,79,144
07/15/2012,RYY,GA,ASO,ES,Federal Contract Tower,0,2,22,3,27,0,0,54,0,54,0,2,76,3,81,215,1,216,297
07/16/2012,RYY,GA,ASO,ES,Federal Contract Tower,0,4,24,4,32,0,0,135,0,135,0,4,159,4,167,96,0,96,263
07/17/2012,RYY,GA,ASO,ES,Federal Contract Tower,0,6,27,8,41,0,2,85,2,89,0,8,112,10,130,100,0,100,230
07/18/2012,RYY,GA,ASO,ES,Federal Contract Tower,0,2,33,6,41,0,1,64,1,66,0,3,97,7,107,96,0,96,203
07/19/2012,RYY,GA,ASO,ES,Federal Contract Tower,0,6,38,3,47,0,2,69,2,73,0,8,107,5,120,98,0,98,218
07/20/2012,RYY,GA,ASO,ES,Federal Contract Tower,0,1,36,2,39,0,2,36,1,39,0,3,72,3,78,32,0,32,110
07/21/2012,RYY,GA,ASO,ES,Federal Contract Tower,0,2,29,5,36,0,3,24,1,28,0,5,53,6,64,7,0,7,71
07/22/2012,RYY,GA,ASO,ES,Federal Contract Tower,0,13,27,1,41,0,4,103,0,107,0,17,130,1,148,193,0,193,341
07/23/2012,RYY,GA,ASO,ES,Federal Contract Tower,0,5,28,6,39,0,0,61,2,63,0,5,89,8,102,22,0,22,124
07/24/2012,RYY,GA,ASO,ES,Federal Contract Tower,0,3,30,5,38,0,3,69,0,72,0,6,99,5,110,62,0,62,172
07/25/2012,RYY,GA,ASO,ES,Federal Contract Tower,0,3,25,4,32,0,2,72,0,74,0,5,97,4,106,82,0,82,188
07/26/2012,RYY,GA,ASO,ES,Federal Contract Tower,0,8,30,12,50,0,2,76,0,78,0,10,106,12,128,24,0,24,152
07/27/2012,RYY,GA,ASO,ES,Federal Contract Tower,0,3,30,7,40,0,0,57,1,58,0,3,87,8,98,30,0,30,128
07/28/2012,RYY,GA,ASO,ES,Federal Contract Tower,0,2,16,0,18,0,8,89,1,98,0,10,105,1,116,46,0,46,162
07/29/2012,RYY,GA,ASO,ES,Federal Contract Tower,0,5,34,1,40,0,1,120,0,121,0,6,154,1,161,61,0,61,222
07/30/2012,RYY,GA,ASO,ES,Federal Contract Tower,0,2,22,3,27,0,0,78,0,78,0,2,100,3,105,46,0,46,151
07/31/2012,RYY,GA,ASO,ES,Federal Contract Tower,0,4,30,0,34,0,2,16,0,18,0,6,46,0,52,0,0,0,52
08/01/2012,RYY,GA,ASO,ES,Federal Contract Tower,0,0,37,1,38,0,2,25,1,28,0,2,62,2,66,16,0,16,82
08/02/2012,RYY,GA,ASO,ES,Federal Contract Tower,0,2,31,0,33,0,0,71,0,71,0,2,102,0,104,97,0,97,201
08/03/2012,RYY,GA,ASO,ES,Federal Contract Tower,0,6,22,2,30,0,3,84,0,87,0,9,106,2,117,116,0,116,233
08/04/2012,RYY,GA,ASO,ES,Federal Contract Tower,0,6,25,0,31,0,3,12,0,15,0,9,37,0,46,10,0,10,56
08/05/2012,RYY,GA,ASO,ES,Federal Contract Tower,0,3,27,0,30,0,0,76,4,80,0,3,103,4,110,72,0,72,182
08/06/2012,RYY,GA,ASO,ES,Federal Contract Tower,0,10,38,1,49,0,4,29,0,33,0,14,67,1,82,10,0,10,92
08/07/2012,RYY,GA,ASO,ES,Federal Contract Tower,0,4,37,1,42,0,2,21,0,23,0,6,58,1,65,8,0,8,73
08/08/2012,RYY,GA,ASO,ES,Federal Contract Tower,0,3,29,3,35,0,1,58,1,60,0,4,87,4,95,71,0,71,166
08/09/2012,RYY,GA,ASO,ES,Federal Contract Tower,0,7,33,1,41,0,5,39,0,44,0,12,72,1,85,53,0,53,138
08/10/2012,RYY,GA,ASO,ES,Federal Contract Tower,0,2,36,2,40,0,4,56,0,60,0,6,92,2,100,34,0,34,134
08/11/2012,RYY,GA,ASO,ES,Federal Contract Tower,0,2,23,1,26,0,4,71,3,78,0,6,94,4,104,84,2,86,190
08/12/2012,RYY,GA,ASO,ES,Federal Contract Tower,0,2,27,2,31,0,0,140,1,141,0,2,167,3,172,128,0,128,300
08/13/2012,RYY,GA,ASO,ES,Federal Contract Tower,0,0,24,1,25,0,6,80,2,88,0,6,104,3,113,12,0,12,125
08/14/2012,RYY,GA,ASO,ES,Federal Contract Tower,0,1,32,1,34,0,4,21,1,26,0,5,53,2,60,38,0,38,98
08/15/2012,RYY,GA,ASO,ES,Federal Contract Tower,0,6,38,2,46,0,0,86,0,86,0,6,124,2,132,116,0,116,248
08/16/2012,RYY,GA,ASO,ES,Federal Contract Tower,0,1,35,0,36,0,0,0,0,0,0,1,35,0,36,42,0,42,78
08/17/2012,RYY,GA,ASO,ES,Federal Contract Tower,0,1,31,0,32,0,2,109,3,114,0,3,140,3,146,48,0,48,194
08/18/2012,RYY,GA,ASO,ES,Federal Contract Tower,0,1,12,0,13,0,5,83,1,89,0,6,95,1,102,93,0,93,195
08/19/2012,RYY,GA,ASO,ES,Federal Contract Tower,0,1,41,0,42,0,1,26,0,27,0,2,67,0,69,35,0,35,104
08/20/2012,RYY,GA,ASO,ES,Federal Contract Tower,0,4,26,1,31,0,4,74,5,83,0,8,100,6,114,12,0,12,126
08/21/2012,RYY,GA,ASO,ES,Federal Contract Tower,0,5,33,0,38,0,2,83,11,96,0,7,116,11,134,56,4,60,194
08/22/2012,RYY,GA,ASO,ES,Federal Contract Tower,0,6,23,0,29,0,0,103,1,104,0,6,126,1,133,77,0,77,210
08/23/2012,RYY,GA,ASO,ES,Federal Contract Tower,0,1,31,0,32,0,0,0,0,0,0,1,31,0,32,66,0,66,98
08/24/2012,RYY,GA,ASO,ES,Federal Contract Tower,0,1,33,0,34,0,0,152,3,155,0,1,185,3,189,84,0,84,273
08/25/2012,RYY,GA,ASO,ES,Federal Contract Tower,0,3,18,1,22,0,0,211,8,219,0,3,229,9,241,303,0,303,544
08/26/2012,RYY,GA,ASO,ES,Federal Contract Tower,0,5,24,0,29,0,0,130,0,130,0,5,154,0,159,76,0,76,235
08/27/2012,RYY,GA,ASO,ES,Federal Contract Tower,0,4,15,0,19,0,1,70,9,80,0,5,85,9,99,36,0,36,135
08/28/2012,RYY,GA,ASO,ES,Federal Contract Tower,0,2,21,2,25,0,2,0,0,2,0,4,21,2,27,0,0,0,27
08/29/2012,RYY,GA,ASO,ES,Federal Contract Tower,0,3,16,0,19,0,0,43,1,44,0,3,59,1,63,81,0,81,144
08/30/2012,RYY,GA,ASO,ES,Federal Contract Tower,0,1,32,0,33,0,0,32,2,34,0,1,64,2,67,32,8,40,107
08/31/2012,RYY,GA,ASO,ES,Federal Contract Tower,0,3,31,2,36,0,2,85,2,89,0,5,116,4,125,72,0,72,197
09/01/2012,RYY,GA,ASO,ES,Federal Contract Tower,0,2,28,1,31,0,5,91,0,96,0,7,119,1,127,111,0,111,238
09/02/2012,RYY,GA,ASO,ES,Federal Contract Tower,0,1,18,0,19,0,3,60,2,65,0,4,78,2,84,67,0,67,151
09/03/2012,RYY,GA,ASO,ES,Federal Contract Tower,0,2,30,2,34,0,8,33,0,41,0,10,63,2,75,0,0,0,75
09/04/2012,RYY,GA,ASO,ES,Federal Contract Tower,0,5,36,0,41,0,0,0,0,0,0,5,36,0,41,0,0,0,41
09/05/2012,RYY,GA,ASO,ES,Federal Contract Tower,0,0,29,1,30,0,2,45,0,47,0,2,74,1,77,34,0,34,111
09/06/2012,RYY,GA,ASO,ES,Federal Contract Tower,0,0,50,2,52,0,0,35,0,35,0,0,85,2,87,28,0,28,115
09/07/2012,RYY,GA,ASO,ES,Federal Contract Tower,0,3,22,0,25,0,2,105,8,115,0,5,127,8,140,106,2,108,248
09/08/2012,RYY,GA,ASO,ES,Federal Contract Tower,0,3,23,1,27,0,1,36,10,47,0,4,59,11,74,38,2,40,114
09/09/2012,RYY,GA,ASO,ES,Federal Contract Tower,0,6,36,0,42,0,3,165,11,179,0,9,201,11,221,89,0,89,310
09/10/2012,RYY,GA,ASO,ES,Federal Contract Tower,0,2,26,2,30,0,3,35,2,40,0,5,61,4,70,16,0,16,86
09/11/2012,RYY,GA,ASO,ES,Federal Contract Tower,0,1,33,2,36,0,3,83,3,89,0,4,116,5,125,95,8,103,228
09/12/2012,RYY,GA,ASO,ES,Federal Contract Tower,0,2,30,2,34,0,0,87,5,92,0,2,117,7,126,70,0,70,196
09/13/2012,RYY,GA,ASO,ES,Federal Contract Tower,0,4,20,3,27,0,4,95,3,102,0,8,115,6,129,100,0,100,229
09/14/2012,RYY,GA,ASO,ES,Federal Contract Tower,0,8,39,0,47,0,4,81,2,87,0,12,120,2,134,124,0,124,258
09/15/2012,RYY,GA,ASO,ES,Federal Contract Tower,0,6,14,0,20,0,2,94,6,102,0,8,108,6,122,50,6,56,178
09/16/2012,RYY,GA,ASO,ES,Federal Contract Tower,0,1,18,0,19,0,4,87,7,98,0,5,105,7,117,43,12,55,172
09/17/2012,RYY,GA,ASO,ES,Federal Contract Tower,0,1,37,2,40,0,2,8,0,10,0,3,45,2,50,0,0,0,50
09/18/2012,RYY,GA,ASO,ES,Federal Contract Tower,0,6,22,0,28,0,4,6,0,10,0,10,28,0,38,1,0,1,39
09/19/2012,RYY,GA,ASO,ES,Federal Contract Tower,0,3,45,0,48,0,3,100,3,106,0,6,145,3,154,82,0,82,236
09/20/2012,RYY,GA,ASO,ES,Federal Contract Tower,0,4,64,5,73,0,1,42,1,44,0,5,106,6,117,82,0,82,199
09/21/2012,RYY,GA,ASO,ES,Federal Contract Tower,0,5,39,0,44,0,3,69,4,76,0,8,108,4,120,62,20,82,202
09/22/2012,RYY,GA,ASO,ES,Federal Contract Tower,0,3,14,0,17,0,1,100,4,105,0,4,114,4,122,51,0,51,173
09/23/2012,RYY,GA,ASO,ES,Federal Contract Tower,0,3,25,0,28,0,4,91,0,95,0,7,116,0,123,80,0,80,203
09/24/2012,RYY,GA,ASO,ES,Federal Contract Tower,0,2,22,2,26,0,0,0,0,0,0,2,22,2,26,50,0,50,76
09/25/2012,RYY,GA,ASO,ES,Federal Contract Tower,0,4,28,0,32,0,5,80,4,89,0,9,108,4,121,30,6,36,157
09/26/2012,RYY,GA,ASO,ES,Federal Contract Tower,0,7,30,3,40,0,4,76,4,84,0,11,106,7,124,60,10,70,194
09/27/2012,RYY,GA,ASO,ES,Federal Contract Tower,0,6,42,0,48,0,3,121,6,130,0,9,163,6,178,88,0,88,266
09/28/2012,RYY,GA,ASO,ES,Federal Contract Tower,0,7,43,1,51,0,6,100,9,115,0,13,143,10,166,41,43,84,250
09/29/2012,RYY,GA,ASO,ES,Federal Contract Tower,0,2,32,0,34,0,10,105,4,119,0,12,137,4,153,100,16,116,269
09/30/2012,RYY,GA,ASO,ES,Federal Contract Tower,0,2,39,0,41,0,0,16,0,16,0,2,55,0,57,26,0,26,83
10/01/2012,RYY,GA,ASO,ES,Federal Contract Tower,0,1,22,2,25,0,0,0,0,0,0,1,22,2,25,0,0,0,25
10/02/2012,RYY,GA,ASO,ES,Federal Contract Tower,0,1,35,0,36,0,6,26,0,32,0,7,61,0,68,2,0,2,70
10/03/2012,RYY,GA,ASO,ES,Federal Contract Tower,0,2,38,2,42,0,3,59,0,62,0,5,97,2,104,46,0,46,150
10/04/2012,RYY,GA,ASO,ES,Federal Contract Tower,0,3,32,1,36,0,1,113,3,117,0,4,145,4,153,48,0,48,201
10/05/2012,RYY,GA,ASO,ES,Federal Contract Tower,0,5,43,2,50,0,1,133,1,135,0,6,176,3,185,74,0,74,259
10/06/2012,RYY,GA,ASO,ES,Federal Contract Tower,0,0,23,0,23,0,5,166,6,177,0,5,189,6,200,110,0,110,310
10/07/2012,RYY,GA,ASO,ES,Federal Contract Tower,0,4,31,1,36,0,1,49,5,55,0,5,80,6,91,6,0,6,97
10/08/2012,RYY,GA,ASO,ES,Federal Contract Tower,0,2,35,3,40,0,1,14,0,15,0,3,49,3,55,14,0,14,69
10/09/2012,RYY,GA,ASO,ES,Federal Contract Tower,0,2,45,0,47,0,0,57,0,57,0,2,102,0,104,96,0,96,200
10/10/2012,RYY,GA,ASO,ES,Federal Contract Tower,0,4,42,2,48,0,4,61,0,65,0,8,103,2,113,62,0,62,175
10/11/2012,RYY,GA,ASO,ES,Federal Contract Tower,0,3,33,1,37,0,2,74,1,77,0,5,107,2,114,70,0,70,184
10/12/2012,RYY,GA,ASO,ES,Federal Contract Tower,0,2,38,0,40,0,2,63,1,66,0,4,101,1,106,28,0,28,134
10/13/2012,RYY,GA,ASO,ES,Federal Contract Tower,0,1,16,0,17,0,5,127,1,133,0,6,143,1,150,46,0,46,196
10/14/2012,RYY,GA,ASO,ES,Federal Contract Tower,0,4,44,3,51,0,1,59,0,60,0,5,103,3,111,68,0,68,179
10/15/2012,RYY,GA,ASO,ES,Federal Contract Tower,0,3,29,2,34,0,2,18,0,20,0,5,47,2,54,22,0,22,76
10/16/2012,RYY,GA,ASO,ES,Federal Contract Tower,0,1,28,0,29,0,8,63,1,72,0,9,91,1,101,77,0,77,178
10/17/2012,RYY,GA,ASO,ES,Federal Contract Tower,0,2,29,0,31,0,5,101,2,108,0,7,130,2,139,66,0,66,205
10/18/2012,RYY,GA,ASO,ES,Federal Contract Tower,0,7,43,0,50,0,4,41,0,45,0,11,84,0,95,50,0,50,145
10/19/2012,RYY,GA,ASO,ES,Federal Contract Tower,0,3,21,2,26,0,3,85,1,89,0,6,106,3,115,8,0,8,123
10/20/2012,RYY,GA,ASO,ES,Federal Contract Tower,0,4,11,0,15,0,3,97,0,100,0,7,108,0,115,61,0,61,176
10/21/2012,RYY,GA,ASO,ES,Federal Contract Tower,0,2,28,0,30,0,0,138,0,138,0,2,166,0,168,108,0,108,276
10/22/2012,RYY,GA,ASO,ES,Federal Contract Tower,0,7,19,2,28,0,2,70,0,72,0,9,89,2,100,41,0,41,141
10/23/2012,RYY,GA,ASO,ES,Federal Contract Tower,0,2,39,0,41,0,1,81,0,82,0,3,120,0,123,20,0,20,143
10/24/2012,RYY,GA,ASO,ES,Federal Contract Tower,0,7,55,3,65,0,6,115,2,123,0,13,170,5,188,102,0,102,290
10/25/2012,RYY,GA,ASO,ES,Federal Contract Tower,0,2,38,0,40,0,2,109,0,111,0,4,147,0,151,88,0,88,239
10/26/2012,RYY,GA,ASO,ES,Federal Contract Tower,0,2,47,3,52,0,5,127,0,132,0,7,174,3,184,98,0,98,282
10/27/2012,RYY,GA,ASO,ES,Federal Contract Tower,0,2,32,0,34,0,2,29,0,31,0,4,61,0,65,32,0,32,97
10/28/2012,RYY,GA,ASO,ES,Federal Contract Tower,0,4,47,0,51,0,2,4,0,6,0,6,51,0,57,0,0,0,57
10/29/2012,RYY,GA,ASO,ES,Federal Contract Tower,0,1,17,0,18,0,4,13,0,17,0,5,30,0,35,8,0,8,43
10/30/2012,RYY,GA,ASO,ES,Federal Contract Tower,0,1,13,2,16,0,4,8,3,15,0,5,21,5,31,2,2,4,35
10/31/2012,RYY,GA,ASO,ES,Federal Contract Tower,0,4,35,0,39,0,6,59,1,66,0,10,94,1,105,2,0,2,107
11/01/2012,RYY,GA,ASO,ES,Federal Contract Tower,0,0,33,0,33,0,0,0,0,0,0,0,33,0,33,4,0,4,37
11/02/2012,RYY,GA,ASO,ES,Federal Contract Tower,0,4,34,0,38,0,2,104,3,109,0,6,138,3,147,70,0,70,217
11/03/2012,RYY,GA,ASO,ES,Federal Contract Tower,0,4,21,0,25,0,4,135,1,140,0,8,156,1,165,202,0,202,367
11/04/2012,RYY,GA,ASO,ES,Federal Contract Tower,0,10,30,0,40,0,0,42,0,42,0,10,72,0,82,84,0,84,166
11/05/2012,RYY,GA,ASO,ES,Federal Contract Tower,0,4,26,1,31,0,3,44,0,47,0,7,70,1,78,47,0,47,125
11/06/2012,RYY,GA,ASO,ES,Federal Contract Tower,0,4,19,2,25,0,2,3,0,5,0,6,22,2,30,15,0,15,45
11/07/2012,RYY,GA,ASO,ES,Federal Contract Tower,0,3,30,2,35,0,3,20,0,23,0,6,50,2,58,70,0,70,128
11/08/2012,RYY,GA,ASO,ES,Federal Contract Tower,0,2,37,0,39,0,2,95,0,97,0,4,132,0,136,60,0,60,196
11/09/2012,RYY,GA,ASO,ES,Federal Contract Tower,0,3,28,1,32,0,2,105,0,107,0,5,133,1,139,53,0,53,192
11/10/2012,RYY,GA,ASO,ES,Federal Contract Tower,0,0,13,0,13,0,4,109,2,115,0,4,122,2,128,98,0,98,226
11/11/2012,RYY,GA,ASO,ES,Federal Contract Tower,0,3,35,0,38,0,4,55,1,60,0,7,90,1,98,65,0,65,163
11/12/2012,RYY,GA,ASO,ES,Federal Contract Tower,0,4,24,0,28,0,4,5,0,9,0,8,29,0,37,10,0,10,47
11/13/2012,RYY,GA,ASO,ES,Federal Contract Tower,0,0,23,0,23,0,6,79,0,85,0,6,102,0,108,64,0,64,172
11/14/2012,RYY,GA,ASO,ES,Federal Contract Tower,0,1,30,0,31,0,1,41,0,42,0,2,71,0,73,35,0,35,108
11/15/2012,RYY,GA,ASO,ES,Federal Contract Tower,0,1,44,0,45,0,1,55,0,56,0,2,99,0,101,114,0,114,215
11/16/2012,RYY,GA,ASO,ES,Federal Contract Tower,0,0,19,0,19,0,0,111,0,111,0,0,130,0,130,74,0,74,204
11/17/2012,RYY,GA,ASO,ES,Federal Contract Tower,0,2,16,0,18,0,1,81,0,82,0,3,97,0,100,52,0,52,152
11/18/2012,RYY,GA,ASO,ES,Federal Contract Tower,0,5,33,0,38,0,3,159,0,162,0,8,192,0,200,29,0,29,229
11/19/2012,RYY,GA,ASO,ES,Federal Contract Tower,0,6,37,1,44,0,3,71,0,74,0,9,108,1,118,96,0,96,214
11/20/2012,RYY,GA,ASO,ES,Federal Contract Tower,0,10,37,0,47,0,0,0,0,0,0,10,37,0,47,154,0,154,201
11/21/2012,RYY,GA,ASO,ES,Federal Contract Tower,0,5,44,0,49,0,0,110,0,110,0,5,154,0,159,99,0,99,258
11/22/2012,RYY,GA,ASO,ES,Federal Contract Tower,0,2,16,0,18,0,2,31,0,33,0,4,47,0,51,14,0,14,65
11/23/2012,RYY,GA,ASO,ES,Federal Contract Tower,0,5,35,0,40,0,6,76,0,82,0,11,111,0,122,38,0,38,160
11/24/2012,RYY,GA,ASO,ES,Federal Contract Tower,0,5,29,0,34,0,3,63,2,68,0,8,92,2,102,70,0,70,172
11/25/2012,RYY,GA,ASO,ES,Federal Contract Tower,0,11,46,0,57,0,2,151,0,153,0,13,197,0,210,109,0,109,319
11/26/2012,RYY,GA,ASO,ES,Federal Contract Tower,0,4,16,0,20,0,2,78,0,80,0,6,94,0,100,158,0,158,258
11/27/2012,RYY,GA,ASO,ES,Federal Contract Tower,0,13,32,0,45,0,0,0,0,0,0,13,32,0,45,2,0,2,47
11/28/2012,RYY,GA,ASO,ES,Federal Contract Tower,0,5,39,0,44,0,11,71,1,83,0,16,110,1,127,54,0,54,181
11/29/2012,RYY,GA,ASO,ES,Federal Contract Tower,0,5,37,0,42,0,0,93,0,93,0,5,130,0,135,64,0,64,199
11/30/2012,RYY,GA,ASO,ES,Federal Contract Tower,0,0,41,0,41,0,2,149,0,151,0,2,190,0,192,107,0,107,299
12/01/2012,RYY,GA,ASO,ES,Federal Contract Tower,0,1,30,0,31,0,10,119,2,131,0,11,149,2,162,90,0,90,252
12/02/2012,RYY,GA,ASO,ES,Federal Contract Tower,0,2,26,0,28,0,5,109,0,114,0,7,135,0,142,120,0,120,262
12/03/2012,RYY,GA,ASO,ES,Federal Contract Tower,0,3,32,0,35,0,4,84,0,88,0,7,116,0,123,28,0,28,151
12/04/2012,RYY,GA,ASO,ES,Federal Contract Tower,0,0,36,2,38,0,5,69,0,74,0,5,105,2,112,60,2,62,174
12/05/2012,RYY,GA,ASO,ES,Federal Contract Tower,0,3,45,0,48,0,1,14,0,15,0,4,59,0,63,14,0,14,77
12/06/2012,RYY,GA,ASO,ES,Federal Contract Tower,0,6,39,0,45,0,2,32,0,34,0,8,71,0,79,38,0,38,117
12/07/2012,RYY,GA,ASO,ES,Federal Contract Tower,0,5,29,0,34,0,4,46,0,50,0,9,75,0,84,62,0,62,146
12/08/2012,RYY,GA,ASO,ES,Federal Contract Tower,0,2,17,1,20,0,4,24,7,35,0,6,41,8,55,48,32,80,135
12/09/2012,RYY,GA,ASO,ES,Federal Contract Tower,0,3,26,0,29,0,0,0,0,0,0,3,26,0,29,42,0,42,71
12/10/2012,RYY,GA,ASO,ES,Federal Contract Tower,0,6,20,0,26,0,0,1,0,1,0,6,21,0,27,0,0,0,27
12/11/2012,RYY,GA,ASO,ES,Federal Contract Tower,0,1,25,2,28,0,0,0,0,0,0,1,25,2,28,32,0,32,60
12/12/2012,RYY,GA,ASO,ES,Federal Contract Tower,0,5,37,0,42,0,8,62,0,70,0,13,99,0,112,98,0,98,210
12/13/2012,RYY,GA,ASO,ES,Federal Contract Tower,0,13,42,2,57,0,3,136,6,145,0,16,178,8,202,140,0,140,342
12/14/2012,RYY,GA,ASO,ES,Federal Contract Tower,0,5,38,0,43,0,1,161,0,162,0,6,199,0,205,84,0,84,289
12/15/2012,RYY,GA,ASO,ES,Federal Contract Tower,0,2,20,0,22,0,2,92,2,96,0,4,112,2,118,62,0,62,180
12/16/2012,RYY,GA,ASO,ES,Federal Contract Tower,0,0,24,0,24,0,0,6,0,6,0,0,30,0,30,72,0,72,102
12/17/2012,RYY,GA,ASO,ES,Federal Contract Tower,0,1,48,0,49,0,0,1,0,1,0,1,49,0,50,0,0,0,50
12/18/2012,RYY,GA,ASO,ES,Federal Contract Tower,0,6,29,0,35,0,6,77,2,85,0,12,106,2,120,44,0,44,164
12/19/2012,RYY,GA,ASO,ES,Federal Contract Tower,0,1,41,2,44,0,11,163,4,178,0,12,204,6,222,108,0,108,330
12/20/2012,RYY,GA,ASO,ES,Federal Contract Tower,0,3,29,0,32,0,0,3,0,3,0,3,32,0,35,12,0,12,47
12/21/2012,RYY,GA,ASO,ES,Federal Contract Tower,0,2,37,0,39,0,10,28,0,38,0,12,65,0,77,11,0,11,88
12/22/2012,RYY,GA,ASO,ES,Federal Contract Tower,0,4,28,0,32,0,0,68,1,69,0,4,96,1,101,32,0,32,133
12/23/2012,RYY,GA,ASO,ES,Federal Contract Tower,0,2,19,0,21,0,0,60,0,60,0,2,79,0,81,72,0,72,153
12/24/2012,RYY,GA,ASO,ES,Federal Contract Tower,0,1,9,0,10,0,1,0,0,1,0,2,9,0,11,0,0,0,11
12/25/2012,RYY,GA,ASO,ES,Federal Contract Tower,0,2,1,0,3,0,0,0,0,0,0,2,1,0,3,0,0,0,3
12/26/2012,RYY,GA,ASO,ES,Federal Contract Tower,0,4,18,0,22,0,1,4,0,5,0,5,22,0,27,20,0,20,47
12/27/2012,RYY,GA,ASO,ES,Federal Contract Tower,0,7,45,0,52,0,4,82,0,86,0,11,127,0,138,74,0,74,212
12/28/2012,RYY,GA,ASO,ES,Federal Contract Tower,0,3,32,0,35,0,3,81,1,85,0,6,113,1,120,52,0,52,172
12/29/2012,RYY,GA,ASO,ES,Federal Contract Tower,0,0,8,2,10,0,2,1,0,3,0,2,9,2,13,0,0,0,13
12/30/2012,RYY,GA,ASO,ES,Federal Contract Tower,0,0,18,0,18,0,0,101,0,101,0,0,119,0,119,42,0,42,161
12/31/2012,RYY,GA,ASO,ES,Federal Contract Tower,0,1,20,0,21,0,10,61,0,71,0,11,81,0,92,15,0,15,107
01/01/2013,RYY,GA,ASO,ES,Federal Contract Tower,0,0,12,0,12,0,0,0,0,0,0,0,12,0,12,0,0,0,12
01/02/2013,RYY,GA,ASO,ES,Federal Contract Tower,0,4,33,0,37,0,5,1,0,6,0,9,34,0,43,24,0,24,67
01/03/2013,RYY,GA,ASO,ES,Federal Contract Tower,0,3,16,0,19,0,8,31,0,39,0,11,47,0,58,18,0,18,76
01/04/2013,RYY,GA,ASO,ES,Federal Contract Tower,0,2,29,0,31,0,2,75,4,81,0,4,104,4,112,44,0,44,156
01/05/2013,RYY,GA,ASO,ES,Federal Contract Tower,0,0,20,0,20,0,0,121,1,122,0,0,141,1,142,134,0,134,276
01/06/2013,RYY,GA,ASO,ES,Federal Contract Tower,0,0,31,6,37,0,0,19,0,19,0,0,50,6,56,48,0,48,104
01/07/2013,RYY,GA,ASO,ES,Federal Contract Tower,0,2,26,0,28,0,6,70,0,76,0,8,96,0,104,46,0,46,150
01/08/2013,RYY,GA,ASO,ES,Federal Contract Tower,0,1,31,0,32,0,2,27,0,29,0,3,58,0,61,24,0,24,85
01/09/2013,RYY,GA,ASO,ES,Federal Contract Tower,0,5,26,3,34,0,4,22,0,26,0,9,48,3,60,28,0,28,88
01/10/2013,RYY,GA,ASO,ES,Federal Contract Tower,0,5,47,1,53,0,3,14,0,17,0,8,61,1,70,30,0,30,100
01/11/2013,RYY,GA,ASO,ES,Federal Contract Tower,0,7,27,0,34,0,0,0,0,0,0,7,27,0,34,0,0,0,34
01/12/2013,RYY,GA,ASO,ES,Federal Contract Tower,0,1,30,0,31,0,2,79,0,81,0,3,109,0,112,64,0,64,176
01/13/2013,RYY,GA,ASO,ES,Federal Contract Tower,0,4,22,0,26,0,2,24,0,26,0,6,46,0,52,38,0,38,90
01/14/2013,RYY,GA,ASO,ES,Federal Contract Tower,0,5,22,1,28,0,0,0,0,0,0,5,22,1,28,0,0,0,28
01/15/2013,RYY,GA,ASO,ES,Federal Contract Tower,0,5,23,0,28,0,0,0,0,0,0,5,23,0,28,0,0,0,28
01/16/2013,RYY,GA,ASO,ES,Federal Contract Tower,0,9,27,0,36,0,0,0,0,0,0,9,27,0,36,0,0,0,36
01/17/2013,RYY,GA,ASO,ES,Federal Contract Tower,0,10,15,0,25,0,0,0,0,0,0,10,15,0,25,0,0,0,25
01/18/2013,RYY,GA,ASO,ES,Federal Contract Tower,0,8,39,1,48,0,4,121,0,125,0,12,160,1,173,84,0,84,257
01/19/2013,RYY,GA,ASO,ES,Federal Contract Tower,0,4,17,2,23,0,2,152,1,155,0,6,169,3,178,90,1,91,269
01/20/2013,RYY,GA,ASO,ES,Federal Contract Tower,0,4,25,0,29,0,5,124,0,129,0,9,149,0,158,144,0,144,302
01/21/2013,RYY,GA,ASO,ES,Federal Contract Tower,0,4,36,0,40,0,0,75,4,79,0,4,111,4,119,64,0,64,183
01/22/2013,RYY,GA,ASO,ES,Federal Contract Tower,0,5,35,0,40,0,3,67,1,71,0,8,102,1,111,62,0,62,173
01/23/2013,RYY,GA,ASO,ES,Federal Contract Tower,0,4,27,0,31,0,2,72,0,74,0,6,99,0,105,66,0,66,171
01/24/2013,RYY,GA,ASO,ES,Federal Contract Tower,0,0,26,4,30,0,4,62,0,66,0,4,88,4,96,22,0,22,118
01/25/2013,RYY,GA,ASO,ES,Federal Contract Tower,0,3,11,0,14,0,1,9,0,10,0,4,20,0,24,14,0,14,38
01/26/2013,RYY,GA,ASO,ES,Federal Contract Tower,0,1,24,0,25,0,6,92,0,98,0,7,116,0,123,70,0,70,193
01/27/2013,RYY,GA,ASO,ES,Federal Contract Tower,0,1,20,0,21,0,1,79,0,80,0,2,99,0,101,102,0,102,203
01/28/2013,RYY,GA,ASO,ES,Federal Contract Tower,0,5,37,0,42,0,5,13,0,18,0,10,50,0,60,44,0,44,104
01/29/2013,RYY,GA,ASO,ES,Federal Contract Tower,0,1,34,0,35,0,1,53,0,54,0,2,87,0,89,6,0,6,95
01/30/2013,RYY,GA,ASO,ES,Federal Contract Tower,0,1,7,0,8,0,0,0,0,0,0,1,7,0,8,0,0,0,8
01/31/2013,RYY,GA,ASO,ES,Federal Contract Tower,0,6,32,0,38,0,15,48,0,63,0,21,80,0,101,8,0,8,109
02/01/2013,RYY,GA,ASO,ES,Federal Contract Tower,0,3,29,1,33,0,5,54,0,59,0,8,83,1,92,22,0,22,114
02/02/2013,RYY,GA,ASO,ES,Federal Contract Tower,0,3,26,0,29,0,0,73,0,73,0,3,99,0,102,125,0,125,227
02/03/2013,RYY,GA,ASO,ES,Federal Contract Tower,0,1,24,0,25,0,0,54,0,54,0,1,78,0,79,8,0,8,87
02/04/2013,RYY,GA,ASO,ES,Federal Contract Tower,0,4,39,0,43,0,3,80,0,83,0,7,119,0,126,54,0,54,180
02/05/2013,RYY,GA,ASO,ES,Federal Contract Tower,0,5,20,0,25,0,1,54,0,55,0,6,74,0,80,64,0,64,144
02/06/2013,RYY,GA,ASO,ES,Federal Contract Tower,0,6,31,1,38,0,10,89,1,100,0,16,120,2,138,74,0,74,212
02/07/2013,RYY,GA,ASO,ES,Federal Contract Tower,0,0,29,4,33,0,2,0,1,3,0,2,29,5,36,0,0,0,36
02/08/2013,RYY,GA,ASO,ES,Federal Contract Tower,0,2,34,0,36,0,1,18,0,19,0,3,52,0,55,12,0,12,67
02/09/2013,RYY,GA,ASO,ES,Federal Contract Tower,0,2,16,0,18,0,0,141,2,143,0,2,157,2,161,134,0,134,295
02/10/2013,RYY,GA,ASO,ES,Federal Contract Tower,0,6,11,0,17,0,2,24,2,28,0,8,35,2,45,34,0,34,79
02/11/2013,RYY,GA,ASO,ES,Federal Contract Tower,0,3,16,0,19,0,0,2,0,2,0,3,18,0,21,0,0,0,21
02/12/2013,RYY,GA,ASO,ES,Federal Contract Tower,0,5,22,0,27,0,2,28,0,30,0,7,50,0,57,12,0,12,69
02/13/2013,RYY,GA,ASO,ES,Federal Contract Tower,0,3,30,3,36,0,1,7,1,9,0,4,37,4,45,0,0,0,45
02/14/2013,RYY,GA,ASO,ES,Federal Contract Tower,0,6,54,1,61,0,2,50,1,53,0,8,104,2,114,100,0,100,214
02/15/2013,RYY,GA,ASO,ES,Federal Contract Tower,0,1,40,0,41,0,4,142,2,148,0,5,182,2,189,209,0,209,398
02/16/2013,RYY,GA,ASO,ES,Federal Contract Tower,0,6,18,0,24,0,2,20,1,23,0,8,38,1,47,14,0,14,61
02/17/2013,RYY,GA,ASO,ES,Federal Contract Tower,0,0,31,0,31,0,0,91,0,91,0,0,122,0,122,120,0,120,242
02/18/2013,RYY,GA,ASO,ES,Federal Contract Tower,0,0,48,5,53,0,0,100,5,105,0,0,148,10,158,36,0,36,194
02/19/2013,RYY,GA,ASO,ES,Federal Contract Tower,0,5,30,1,36,0,3,19,1,23,0,8,49,2,59,0,0,0,59
02/20/2013,RYY,GA,ASO,ES,Federal Contract Tower,0,6,32,5,43,0,0,79,1,80,0,6,111,6,123,22,2,24,147
02/21/2013,RYY,GA,ASO,ES,Federal Contract Tower,0,2,39,4,45,0,0,120,5,125,0,2,159,9,170,46,0,46,216
02/22/2013,RYY,GA,ASO,ES,Federal Contract Tower,0,5,31,0,36,0,0,0,0,0,0,5,31,0,36,0,0,0,36
02/23/2013,RYY,GA,ASO,ES,Federal Contract Tower,0,4,21,0,25,0,0,0,0,0,0,4,21,0,25,0,0,0,25
02/24/2013,RYY,GA,ASO,ES,Federal Contract Tower,0,6,39,0,45,0,4,188,2,194,0,10,227,2,239,190,0,190,429
02/25/2013,RYY,GA,ASO,ES,Federal Contract Tower,0,4,12,0,16,0,1,23,0,24,0,5,35,0,40,12,0,12,52
02/26/2013,RYY,GA,ASO,ES,Federal Contract Tower,0,4,16,1,21,0,1,3,1,5,0,5,19,2,26,2,0,2,28
02/27/2013,RYY,GA,ASO,ES,Federal Contract Tower,0,3,25,4,32,0,3,98,1,102,0,6,123,5,134,74,0,74,208
02/28/2013,RYY,GA,ASO,ES,Federal Contract Tower,0,1,34,0,35,0,3,64,2,69,0,4,98,2,104,32,0,32,136
03/01/2013,RYY,GA,ASO,ES,Federal Contract Tower,0,1,37,0,38,0,2,70,2,74,0,3,107,2,112,138,0,138,250
03/02/2013,RYY,GA,ASO,ES,Federal Contract Tower,0,5,7,0,12,0,11,24,9,44,0,16,31,9,56,54,0,54,110
03/03/2013,RYY,GA,ASO,ES,Federal Contract Tower,0,3,26,0,29,0,1,71,1,73,0,4,97,1,102,67,0,67,169
03/04/2013,RYY,GA,ASO,ES,Federal Contract Tower,0,0,21,2,23,0,2,101,2,105,0,2,122,4,128,48,0,48,176
03/05/2013,RYY,GA,ASO,ES,Federal Contract Tower,0,2,25,0,27,0,0,19,0,19,0,2,44,0,46,0,0,0,46
03/06/2013,RYY,GA,ASO,ES,Federal Contract Tower,0,0,19,0,19,0,2,13,0,15,0,2,32,0,34,0,2,2,36
03/07/2013,RYY,GA,ASO,ES,Federal Contract Tower,0,5,38,1,44,0,5,97,0,102,0,10,135,1,146,77,0,77,223
03/08/2013,RYY,GA,ASO,ES,Federal Contract Tower,0,2,32,5,39,0,0,125,1,126,0,2,157,6,165,148,0,148,313
03/09/2013,RYY,GA,ASO,ES,Federal Contract Tower,0,3,21,0,24,0,5,117,2,124,0,8,138,2,148,189,0,189,337
03/10/2013,RYY,GA,ASO,ES,Federal Contract Tower,0,3,31,2,36,0,0,96,2,98,0,3,127,4,134,60,0,60,194
03/11/2013,RYY,GA,ASO,ES,Federal Contract Tower,0,4,26,0,30,0,0,8,0,8,0,4,34,0,38,0,0,0,38
03/12/2013,RYY,GA,ASO,ES,Federal Contract Tower,0,10,21,1,32,0,3,42,0,45,0,13,63,1,77,8,0,8,85
03/13/2013,RYY,GA,ASO,ES,Federal Contract Tower,0,0,35,0,35,0,4,70,0,74,0,4,105,0,109,68,0,68,177
03/14/2013,RYY,GA,ASO,ES,Federal Contract Tower,0,2,37,1,40,0,1,88,0,89,0,3,125,1,129,107,0,107,236
03/15/2013,RYY,GA,ASO,ES,Federal Contract Tower,0,2,37,5,44,0,13,120,4,137,0,15,157,9,181,154,0,154,335
03/16/2013,RYY,GA,ASO,ES,Federal Contract Tower,0,0,14,4,18,0,0,86,0,86,0,0,100,4,104,79,0,79,183
03/17/2013,RYY,GA,ASO,ES,Federal Contract Tower,0,0,28,1,29,0,0,102,1,103,0,0,130,2,132,94,0,94,226
03/18/2013,RYY,GA,ASO,ES,Federal Contract Tower,0,3,31,1,35,0,0,7,0,7,0,3,38,1,42,0,0,0,42
03/19/2013,RYY,GA,ASO,ES,Federal Contract Tower,0,0,29,4,33,0,4,76,0,80,0,4,105,4,113,60,16,76,189
03/20/2013,RYY,GA,ASO,ES,Federal Contract Tower,0,7,11,1,19,0,5,77,2,84,0,12,88,3,103,124,0,124,227
03/21/2013,RYY,GA,ASO,ES,Federal Contract Tower,0,6,36,0,42,0,3,72,1,76,0,9,108,1,118,38,0,38,156
03/22/2013,RYY,GA,ASO,ES,Federal Contract Tower,0,2,28,0,30,0,0,55,0,55,0,2,83,0,85,98,0,98,183
03/23/2013,RYY,GA,ASO,ES,Federal Contract Tower,0,2,23,0,25,0,0,3,0,3,0,2,26,0,28,22,0,22,50
03/24/2013,RYY,GA,ASO,ES,Federal Contract Tower,0,6,20,0,26,0,0,0,0,0,0,6,20,0,26,0,0,0,26
03/25/2013,RYY,GA,ASO,ES,Federal Contract Tower,0,3,25,0,28,0,0,10,1,11,0,3,35,1,39,14,0,14,53
03/26/2013,RYY,GA,ASO,ES,Federal Contract Tower,0,9,18,0,27,0,2,26,0,28,0,11,44,0,55,10,0,10,65
03/27/2013,RYY,GA,ASO,ES,Federal Contract Tower,0,1,36,0,37,0,4,104,1,109,0,5,140,1,146,80,0,80,226
03/28/2013,RYY,GA,ASO,ES,Federal Contract Tower,0,5,49,0,54,0,11,113,0,124,0,16,162,0,178,148,0,148,326
03/29/2013,RYY,GA,ASO,ES,Federal Contract Tower,0,6,28,0,34,0,2,133,0,135,0,8,161,0,169,170,0,170,339
03/30/2013,RYY,GA,ASO,ES,Federal Contract Tower,0,2,21,0,23,0,2,83,0,85,0,4,104,0,108,167,0,167,275
03/31/2013,RYY,GA,ASO,ES,Federal Contract Tower,0,4,22,0,26,0,4,7,0,11,0,8,29,0,37,35,0,35,72
04/01/2013,RYY,GA,ASO,ES,Federal Contract Tower,0,7,38,0,45,0,2,48,2,52,0,9,86,2,97,54,0,54,151
04/02/2013,RYY,GA,ASO,ES,Federal Contract Tower,0,3,18,5,26,0,0,87,2,89,0,3,105,7,115,111,6,117,232
04/03/2013,RYY,GA,ASO,ES,Federal Contract Tower,0,2,34,0,36,0,4,74,3,81,0,6,108,3,117,99,0,99,216
04/04/2013,RYY,GA,ASO,ES,Federal Contract Tower,0,2,32,0,34,0,0,0,0,0,0,2,32,0,34,0,0,0,34
04/05/2013,RYY,GA,ASO,ES,Federal Contract Tower,0,8,37,0,45,0,3,54,2,59,0,11,91,2,104,86,0,86,190
04/06/2013,RYY,GA,ASO,ES,Federal Contract Tower,0,6,34,0,40,0,0,151,0,151,0,6,185,0,191,186,0,186,377
04/07/2013,RYY,GA,ASO,ES,Federal Contract Tower,0,4,31,1,36,0,1,51,1,53,0,5,82,2,89,57,0,57,146
04/08/2013,RYY,GA,ASO,ES,Federal Contract Tower,0,6,34,0,40,0,6,74,5,85,0,12,108,5,125,58,0,58,183
04/09/2013,RYY,GA,ASO,ES,Federal Contract Tower,0,3,32,0,35,0,4,73,2,79,0,7,105,2,114,142,0,142,256
04/10/2013,RYY,GA,ASO,ES,Federal Contract Tower,0,4,34,0,38,0,2,86,3,91,0,6,120,3,129,113,0,113,242
04/11/2013,RYY,GA,ASO,ES,Federal Contract Tower,0,0,19,0,19,0,5,25,0,30,0,5,44,0,49,0,0,0,49
04/12/2013,RYY,GA,ASO,ES,Federal Contract Tower,0,2,50,0,52,0,3,58,0,61,0,5,108,0,113,0,0,0,113
04/13/2013,RYY,GA,ASO,ES,Federal Contract Tower,0,2,33,0,35,0,0,118,0,118,0,2,151,0,153,90,0,90,243
04/14/2013,RYY,GA,ASO,ES,Federal Contract Tower,0,5,27,2,34,0,2,59,3,64,0,7,86,5,98,97,0,97,195
04/15/2013,RYY,GA,ASO,ES,Federal Contract Tower,0,5,37,0,42,0,7,62,4,73,0,12,99,4,115,54,0,54,169
04/16/2013,RYY,GA,ASO,ES,Federal Contract Tower,0,12,39,0,51,0,0,32,0,32,0,12,71,0,83,46,0,46,129
04/17/2013,RYY,GA,ASO,ES,Federal Contract Tower,0,3,36,0,39,0,1,66,1,68,0,4,102,1,107,108,0,108,215
04/18/2013,RYY,GA,ASO,ES,Federal Contract Tower,0,4,40,1,45,0,1,72,0,73,0,5,112,1,118,12,0,12,130
04/19/2013,RYY,GA,ASO,ES,Federal Contract Tower,0,7,14,0,21,0,0,2,0,2,0,7,16,0,23,8,0,8,31
04/20/2013,RYY,GA,ASO,ES,Federal Contract Tower,0,2,14,0,16,0,2,89,5,96,0,4,103,5,112,69,0,69,181
04/21/2013,RYY,GA,ASO,ES,Federal Contract Tower,0,1,34,0,35,0,0,115,0,115,0,1,149,0,150,133,0,133,283
04/22/2013,RYY,GA,ASO,ES,Federal Contract Tower,0,5,26,1,32,0,4,51,4,59,0,9,77,5,91,14,0,14,105
04/23/2013,RYY,GA,ASO,ES,Federal Contract Tower,0,3,38,0,41,0,4,73,0,77,0,7,111,0,118,113,2,115,233
04/24/2013,RYY,GA,ASO,ES,Federal Contract Tower,0,12,35,2,49,0,1,29,2,32,0,13,64,4,81,18,0,18,99
04/25/2013,RYY,GA,ASO,ES,Federal Contract Tower,0,6,30,2,38,0,0,0,0,0,0,6,30,2,38,161,2,163,201
04/26/2013,RYY,GA,ASO,ES,Federal Contract Tower,0,5,29,2,36,0,4,166,1,171,0,9,195,3,207,113,0,113,320
04/27/2013,RYY,GA,ASO,ES,Federal Contract Tower,0,0,20,0,20,0,4,41,0,45,0,4,61,0,65,67,0,67,132
04/28/2013,RYY,GA,ASO,ES,Federal Contract Tower,0,6,20,0,26,0,0,0,0,0,0,6,20,0,26,0,0,0,26
04/29/2013,RYY,GA,ASO,ES,Federal Contract Tower,0,5,33,4,42,0,0,43,0,43,0,5,76,4,85,98,0,98,183
04/30/2013,RYY,GA,ASO,ES,Federal Contract Tower,0,1,27,0,28,0,0,61,0,61,0,1,88,0,89,66,0,66,155
05/01/2013,RYY,GA,ASO,ES,Federal Contract Tower,0,5,49,0,54,0,3,47,0,50,0,8,96,0,104,57,0,57,161
05/02/2013,RYY,GA,ASO,ES,Federal Contract Tower,0,5,44,1,50,0,0,17,2,19,0,5,61,3,69,8,0,8,77
05/03/2013,RYY,GA,ASO,ES,Federal Contract Tower,0,4,51,4,59,0,2,14,1,17,0,6,65,5,76,12,0,12,88
05/04/2013,RYY,GA,ASO,ES,Federal Contract Tower,0,7,28,0,35,0,0,0,0,0,0,7,28,0,35,0,0,0,35
05/05/2013,RYY,GA,ASO,ES,Federal Contract Tower,0,7,65,0,72,0,0,32,0,32,0,7,97,0,104,42,0,42,146
05/06/2013,RYY,GA,ASO,ES,Federal Contract Tower,0,2,41,2,45,0,1,4,0,5,0,3,45,2,50,49,0,49,99
05/07/2013,RYY,GA,ASO,ES,Federal Contract Tower,0,6,41,2,49,0,5,82,0,87,0,11,123,2,136,94,0,94,230
05/08/2013,RYY,GA,ASO,ES,Federal Contract Tower,0,7,28,1,36,0,0,74,2,76,0,7,102,3,112,70,0,70,182
05/09/2013,RYY,GA,ASO,ES,Federal Contract Tower,0,8,39,2,49,0,1,109,0,110,0,9,148,2,159,99,0,99,258
05/10/2013,RYY,GA,ASO,ES,Federal Contract Tower,0,2,23,0,25,0,5,69,0,74,0,7,92,0,99,88,0,88,187
05/11/2013,RYY,GA,ASO,ES,Federal Contract Tower,0,0,23,0,23,0,3,54,0,57,0,3,77,0,80,50,0,50,130
05/12/2013,RYY,GA,ASO,ES,Federal Contract Tower,0,1,25,0,26,0,0,79,0,79,0,1,104,0,105,74,0,74,179
05/13/2013,RYY,GA,ASO,ES,Federal Contract Tower,0,2,33,2,37,0,1,83,0,84,0,3,116,2,121,10,0,10,131
05/14/2013,RYY,GA,ASO,ES,Federal Contract Tower,0,3,21,1,25,0,1,136,3,140,0,4,157,4,165,134,0,134,299
05/15/2013,RYY,GA,ASO,ES,Federal Contract Tower,0,2,39,0,41,0,2,89,3,94,0,4,128,3,135,108,0,108,243
05/16/2013,RYY,GA,ASO,ES,Federal Contract Tower,0,15,34,3,52,0,1,95,4,100,0,16,129,7,152,78,4,82,234
05/17/2013,RYY,GA,ASO,ES,Federal Contract Tower,0,7,31,0,38,0,4,107,3,114,0,11,138,3,152,94,0,94,246
05/18/2013,RYY,GA,ASO,ES,Federal Contract Tower,0,0,29,0,29,0,1,39,0,40,0,1,68,0,69,70,0,70,139
05/19/2013,RYY,GA,ASO,ES,Federal Contract Tower,0,0,23,4,27,0,0,0,0,0,0,0,23,4,27,0,0,0,27
05/20/2013,RYY,GA,ASO,ES,Federal Contract Tower,0,4,35,4,43,0,3,55,0,58,0,7,90,4,101,115,0,115,216
05/21/2013,RYY,GA,ASO,ES,Federal Contract Tower,0,7,29,1,37,0,3,70,0,73,0,10,99,1,110,100,0,100,210
05/22/2013,RYY,GA,ASO,ES,Federal Contract Tower,0,4,31,0,35,0,8,64,1,73,0,12,95,1,108,36,0,36,144
05/23/2013,RYY,GA,ASO,ES,Federal Contract Tower,0,8,29,0,37,0,7,62,2,71,0,15,91,2,108,50,0,50,158
05/24/2013,RYY,GA,ASO,ES,Federal Contract Tower,0,10,47,0,57,0,1,79,0,80,0,11,126,0,137,46,0,46,183
05/25/2013,RYY,GA,ASO,ES,Federal Contract Tower,0,3,17,0,20,0,0,152,0,152,0,3,169,0,172,164,2,166,338
05/26/2013,RYY,GA,ASO,ES,Federal Contract Tower,0,1,9,2,12,0,0,85,0,85,0,1,94,2,97,64,0,64,161
05/27/2013,RYY,GA,ASO,ES,Federal Contract Tower,0,1,27,0,28,0,0,102,0,102,0,1,129,0,130,97,0,97,227
05/28/2013,RYY,GA,ASO,ES,Federal Contract Tower,0,7,36,0,43,0,1,89,5,95,0,8,125,5,138,18,0,18,156
05/29/2013,RYY,GA,ASO,ES,Federal Contract Tower,0,1,36,0,37,0,7,67,1,75,0,8,103,1,112,116,0,116,228
05/30/2013,RYY,GA,ASO,ES,Federal Contract Tower,0,6,31,0,37,0,6,78,2,86,0,12,109,2,123,79,0,79,202
05/31/2013,RYY,GA,ASO,ES,Federal Contract Tower,0,5,16,0,21,0,3,86,3,92,0,8,102,3,113,80,0,80,193
06/01/2013,RYY,GA,ASO,ES,Federal Contract Tower,0,1,28,0,29,0,2,154,2,158,0,3,182,2,187,142,0,142,329
06/02/2013,RYY,GA,ASO,ES,Federal Contract Tower,0,3,26,0,29,0,1,31,2,34,0,4,57,2,63,60,0,60,123
06/03/2013,RYY,GA,ASO,ES,Federal Contract Tower,0,1,19,0,20,0,7,28,1,36,0,8,47,1,56,76,0,76,132
06/04/2013,RYY,GA,ASO,ES,Federal Contract Tower,0,2,28,0,30,0,0,107,0,107,0,2,135,0,137,192,0,192,329
06/05/2013,RYY,GA,ASO,ES,Federal Contract Tower,0,4,28,0,32,0,2,33,1,36,0,6,61,1,68,44,0,44,112
06/06/2013,RYY,GA,ASO,ES,Federal Contract Tower,0,1,26,0,27,0,1,23,1,25,0,2,49,1,52,103,0,103,155
06/07/2013,RYY,GA,ASO,ES,Federal Contract Tower,0,2,30,0,32,0,1,20,1,22,0,3,50,1,54,70,0,70,124
06/08/2013,RYY,GA,ASO,ES,Federal Contract Tower,0,0,20,0,20,0,4,90,1,95,0,4,110,1,115,174,0,174,289
06/09/2013,RYY,GA,ASO,ES,Federal Contract Tower,0,11,36,0,47,0,2,42,0,44,0,13,78,0,91,50,0,50,141
06/10/2013,RYY,GA,ASO,ES,Federal Contract Tower,0,2,42,2,46,0,3,28,0,31,0,5,70,2,77,28,0,28,105
06/11/2013,RYY,GA,ASO,ES,Federal Contract Tower,0,1,31,2,34,0,3,88,3,94,0,4,119,5,128,110,0,110,238
06/12/2013,RYY,GA,ASO,ES,Federal Contract Tower,0,5,33,1,39,0,4,103,5,112,0,9,136,6,151,234,0,234,385
06/13/2013,RYY,GA,ASO,ES,Federal Contract Tower,0,3,26,1,30,0,3,59,0,62,0,6,85,1,92,70,0,70,162
06/14/2013,RYY,GA,ASO,ES,Federal Contract Tower,0,3,41,0,44,0,0,133,0,133,0,3,174,0,177,64,0,64,241
06/15/2013,RYY,GA,ASO,ES,Federal Contract Tower,0,3,23,0,26,0,4,160,4,168,0,7,183,4,194,130,0,130,324
06/16/2013,RYY,GA,ASO,ES,Federal Contract Tower,0,5,35,0,40,0,3,95,0,98,0,8,130,0,138,99,0,99,237
06/17/2013,RYY,GA,ASO,ES,Federal Contract Tower,0,3,23,1,27,0,1,37,0,38,0,4,60,1,65,59,0,59,124
06/18/2013,RYY,GA,ASO,ES,Federal Contract Tower,0,1,31,0,32,0,0,35,0,35,0,1,66,0,67,34,1,35,102
06/19/2013,RYY,GA,ASO,ES,Federal Contract Tower,0,0,37,2,39,0,0,43,1,44,0,0,80,3,83,54,0,54,137
06/20/2013,RYY,GA,ASO,ES,Federal Contract Tower,0,5,40,0,45,0,2,94,4,100,0,7,134,4,145,88,0,88,233
06/21/2013,RYY,GA,ASO,ES,Federal Contract Tower,0,2,33,0,35,0,1,116,0,117,0,3,149,0,152,80,0,80,232
06/22/2013,RYY,GA,ASO,ES,Federal Contract Tower,0,3,27,0,30,0,3,81,3,87,0,6,108,3,117,84,0,84,201
06/23/2013,RYY,GA,ASO,ES,Federal Contract Tower,0,1,31,0,32,0,0,56,0,56,0,1,87,0,88,51,0,51,139
06/24/2013,RYY,GA,ASO,ES,Federal Contract Tower,0,3,24,0,27,0,6,22,0,28,0,9,46,0,55,46,0,46,101
06/25/2013,RYY,GA,ASO,ES,Federal Contract Tower,0,7,35,1,43,0,1,80,0,81,0,8,115,1,124,41,0,41,165
06/26/2013,RYY,GA,ASO,ES,Federal Contract Tower,0,6,32,1,39,0,1,83,2,86,0,7,115,3,125,184,4,188,313
06/27/2013,RYY,GA,ASO,ES,Federal Contract Tower,0,2,35,3,40,0,0,54,1,55,0,2,89,4,95,44,4,48,143
06/28/2013,RYY,GA,ASO,ES,Federal Contract Tower,0,1,26,2,29,0,2,85,0,87,0,3,111,2,116,76,0,76,192
06/29/2013,RYY,GA,ASO,ES,Federal Contract Tower,0,2,41,1,44,0,0,112,0,112,0,2,153,1,156,140,0,140,296
06/30/2013,RYY,GA,ASO,ES,Federal Contract Tower,0,1,26,1,28,0,0,113,1,114,0,1,139,2,142,137,0,137,279
07/01/2013,RYY,GA,ASO,ES,Federal Contract Tower,0,5,30,2,37,0,0,43,0,43,0,5,73,2,80,114,0,114,194
07/02/2013,RYY,GA,ASO,ES,Federal Contract Tower,0,0,12,4,16,0,1,46,1,48,0,1,58,5,64,148,0,148,212
07/03/2013,RYY,GA,ASO,ES,Federal Contract Tower,0,4,20,0,24,0,0,0,0,0,0,4,20,0,24,0,0,0,24
07/04/2013,RYY,GA,ASO,ES,Federal Contract Tower,0,0,13,0,13,0,0,0,0,0,0,0,13,0,13,0,0,0,13
07/05/2013,RYY,GA,ASO,ES,Federal Contract Tower,0,2,16,0,18,0,1,6,0,7,0,3,22,0,25,23,0,23,48
07/06/2013,RYY,GA,ASO,ES,Federal Contract Tower,0,3,25,0,28,0,0,4,0,4,0,3,29,0,32,0,0,0,32
07/07/2013,RYY,GA,ASO,ES,Federal Contract Tower,0,8,36,0,44,0,0,28,0,28,0,8,64,0,72,54,0,54,126
07/08/2013,RYY,GA,ASO,ES,Federal Contract Tower,0,2,24,0,26,0,6,38,0,44,0,8,62,0,70,104,0,104,174
07/09/2013,RYY,GA,ASO,ES,Federal Contract Tower,0,13,33,0,46,0,1,70,0,71,0,14,103,0,117,152,0,152,269
07/10/2013,RYY,GA,ASO,ES,Federal Contract Tower,0,4,32,1,37,0,2,57,1,60,0,6,89,2,97,76,0,76,173
07/11/2013,RYY,GA,ASO,ES,Federal Contract Tower,0,7,37,2,46,0,1,19,0,20,0,8,56,2,66,76,0,76,142
07/12/2013,RYY,GA,ASO,ES,Federal Contract Tower,0,5,34,1,40,0,8,93,1,102,0,13,127,2,142,66,14,80,222
07/13/2013,RYY,GA,ASO,ES,Federal Contract Tower,0,2,27,0,29,0,2,97,6,105,0,4,124,6,134,94,0,94,228
07/14/2013,RYY,GA,ASO,ES,Federal Contract Tower,0,7,31,0,38,0,3,43,0,46,0,10,74,0,84,34,0,34,118
07/15/2013,RYY,GA,ASO,ES,Federal Contract Tower,0,3,31,0,34,0,0,49,0,49,0,3,80,0,83,60,0,60,143
07/16/2013,RYY,GA,ASO,ES,Federal Contract Tower,0,6,34,5,45,0,1,89,5,95,0,7,123,10,140,63,0,63,203
07/17/2013,RYY,GA,ASO,ES,Federal Contract Tower,0,12,26,1,39,0,0,105,2,107,0,12,131,3,146,57,0,57,203
07/18/2013,RYY,GA,ASO,ES,Federal Contract Tower,0,8,40,0,48,0,3,85,0,88,0,11,125,0,136,48,0,48,184
07/19/2013,RYY,GA,ASO,ES,Federal Contract Tower,0,4,19,1,24,0,2,76,0,78,0,6,95,1,102,104,0,104,206
07/20/2013,RYY,GA,ASO,ES,Federal Contract Tower,0,2,24,0,26,0,6,103,2,111,0,8,127,2,137,98,0,98,235
07/21/2013,RYY,GA,ASO,ES,Federal Contract Tower,0,2,42,1,45,0,0,50,0,50,0,2,92,1,95,76,0,76,171
07/22/2013,RYY,GA,ASO,ES,Federal Contract Tower,0,0,33,0,33,0,0,39,0,39,0,0,72,0,72,92,0,92,164
07/23/2013,RYY,GA,ASO,ES,Federal Contract Tower,0,0,26,2,28,0,0,25,6,31,0,0,51,8,59,75,0,75,134
07/24/2013,RYY,GA,ASO,ES,Federal Contract Tower,0,4,32,1,37,0,0,49,0,49,0,4,81,1,86,124,0,124,210
07/25/2013,RYY,GA,ASO,ES,Federal Contract Tower,0,0,23,2,25,0,3,138,2,143,0,3,161,4,168,170,0,170,338
07/26/2013,RYY,GA,ASO,ES,Federal Contract Tower,0,7,40,2,49,0,2,88,0,90,0,9,128,2,139,107,0,107,246
07/27/2013,RYY,GA,ASO,ES,Federal Contract Tower,0,2,32,2,36,0,2,96,5,103,0,4,128,7,139,75,0,75,214
07/28/2013,RYY,GA,ASO,ES,Federal Contract Tower,0,4,34,1,39,0,2,106,0,108,0,6,140,1,147,156,0,156,303
07/29/2013,RYY,GA,ASO,ES,Federal Contract Tower,0,2,34,0,36,0,4,107,2,113,0,6,141,2,149,96,0,96,245
07/30/2013,RYY,GA,ASO,ES,Federal Contract Tower,0,3,37,0,40,0,7,126,9,142,0,10,163,9,182,157,0,157,339
07/31/2013,RYY,GA,ASO,ES,Federal Contract Tower,0,5,30,2,37,0,4,12,0,16,0,9,42,2,53,16,0,16,69
08/01/2013,RYY,GA,ASO,ES,Federal Contract Tower,0,0,23,7,30,0,2,58,10,70,0,2,81,17,100,84,0,84,184
08/02/2013,RYY,GA,ASO,ES,Federal Contract Tower,4,4,26,1,35,0,4,64,0,68,4,8,90,1,103,89,2,91,194
08/03/2013,RYY,GA,ASO,ES,Federal Contract Tower,0,1,24,0,25,0,0,126,31,157,0,1,150,31,182,82,0,82,264
08/04/2013,RYY,GA,ASO,ES,Federal Contract Tower,0,8,26,0,34,0,3,67,1,71,0,11,93,1,105,120,0,120,225
08/05/2013,RYY,GA,ASO,ES,Federal Contract Tower,0,0,17,0,17,0,1,98,4,103,0,1,115,4,120,85,0,85,205
08/06/2013,RYY,GA,ASO,ES,Federal Contract Tower,0,6,33,0,39,0,5,110,1,116,0,11,143,1,155,138,0,138,293
08/07/2013,RYY,GA,ASO,ES,Federal Contract Tower,0,3,20,4,27,0,0,14,0,14,0,3,34,4,41,18,0,18,59
08/08/2013,RYY,GA,ASO,ES,Federal Contract Tower,0,5,35,4,44,0,0,24,0,24,0,5,59,4,68,30,0,30,98
08/09/2013,RYY,GA,ASO,ES,Federal Contract Tower,0,3,28,1,32,0,8,75,0,83,0,11,103,1,115,66,0,66,181
08/10/2013,RYY,GA,ASO,ES,Federal Contract Tower,0,1,19,0,20,0,1,93,2,96,0,2,112,2,116,141,2,143,259
08/11/2013,RYY,GA,ASO,ES,Federal Contract Tower,0,2,28,0,30,0,0,92,1,93,0,2,120,1,123,155,0,155,278
08/12/2013,RYY,GA,ASO,ES,Federal Contract Tower,0,0,26,0,26,0,0,54,1,55,0,0,80,1,81,99,0,99,180
08/13/2013,RYY,GA,ASO,ES,Federal Contract Tower,0,4,39,0,43,0,3,29,1,33,0,7,68,1,76,123,0,123,199
08/14/2013,RYY,GA,ASO,ES,Federal Contract Tower,0,1,31,0,32,0,1,73,1,75,0,2,104,1,107,134,0,134,241
08/15/2013,RYY,GA,ASO,ES,Federal Contract Tower,0,4,43,0,47,0,12,35,0,47,0,16,78,0,94,30,0,30,124
08/16/2013,RYY,GA,ASO,ES,Federal Contract Tower,4,0,28,0,32,0,3,13,0,16,4,3,41,0,48,60,0,60,108
08/17/2013,RYY,GA,ASO,ES,Federal Contract Tower,0,2,7,0,9,0,0,4,0,4,0,2,11,0,13,60,0,60,73
08/18/2013,RYY,GA,ASO,ES,Federal Contract Tower,0,0,34,0,34,0,1,0,0,1,0,1,34,0,35,0,0,0,35
08/19/2013,RYY,GA,ASO,ES,Federal Contract Tower,0,2,23,1,26,0,2,24,0,26,0,4,47,1,52,38,0,38,90
08/20/2013,RYY,GA,ASO,ES,Federal Contract Tower,0,5,35,3,43,0,2,19,0,21,0,7,54,3,64,12,4,16,80
08/21/2013,RYY,GA,ASO,ES,Federal Contract Tower,0,3,29,1,33,0,1,65,1,67,0,4,94,2,100,82,0,82,182
08/22/2013,RYY,GA,ASO,ES,Federal Contract Tower,0,3,28,0,31,0,5,40,0,45,0,8,68,0,76,86,0,86,162
08/23/2013,RYY,GA,ASO,ES,Federal Contract Tower,30,1,0,0,31,0,3,113,0,116,30,4,113,0,147,202,0,202,349
08/24/2013,RYY,GA,ASO,ES,Federal Contract Tower,0,3,29,0,32,0,1,147,0,148,0,4,176,0,180,173,0,173,353
08/25/2013,RYY,GA,ASO,ES,Federal Contract Tower,0,4,28,0,32,0,1,143,0,144,0,5,171,0,176,87,0,87,263
08/26/2013,RYY,GA,ASO,ES,Federal Contract Tower,0,4,22,0,26,0,2,91,4,97,0,6,113,4,123,62,0,62,185
08/27/2013,RYY,GA,ASO,ES,Federal Contract Tower,0,4,27,0,31,0,10,86,2,98,0,14,113,2,129,64,0,64,193
08/28/2013,RYY,GA,ASO,ES,Federal Contract Tower,0,6,24,0,30,0,3,82,0,85,0,9,106,0,115,99,0,99,214
08/29/2013,RYY,GA,ASO,ES,Federal Contract Tower,0,3,30,0,33,0,2,84,0,86,0,5,114,0,119,82,0,82,201
08/30/2013,RYY,GA,ASO,ES,Federal Contract Tower,0,7,46,2,55,0,2,47,0,49,0,9,93,2,104,88,0,88,192
08/31/2013,RYY,GA,ASO,ES,Federal Contract Tower,0,2,18,0,20,0,5,64,0,69,0,7,82,0,89,90,0,90,179
09/01/2013,RYY,GA,ASO,ES,Federal Contract Tower,0,1,26,0,27,0,0,39,0,39,0,1,65,0,66,84,0,84,150
09/02/2013,RYY,GA,ASO,ES,Federal Contract Tower,0,5,26,0,31,0,0,28,1,29,0,5,54,1,60,36,0,36,96
09/03/2013,RYY,GA,ASO,ES,Federal Contract Tower,0,0,24,0,24,0,6,48,5,59,0,6,72,5,83,46,0,46,129
09/04/2013,RYY,GA,ASO,ES,Federal Contract Tower,0,2,32,1,35,0,0,91,0,91,0,2,123,1,126,76,0,76,202
09/05/2013,RYY,GA,ASO,ES,Federal Contract Tower,0,2,35,0,37,0,9,75,0,84,0,11,110,0,121,68,0,68,189
09/06/2013,RYY,GA,ASO,ES,Federal Contract Tower,0,7,30,2,39,0,5,85,4,94,0,12,115,6,133,90,2,92,225
09/07/2013,RYY,GA,ASO,ES,Federal Contract Tower,0,4,14,0,18,0,1,136,0,137,0,5,150,0,155,126,0,126,281
09/08/2013,RYY,GA,ASO,ES,Federal Contract Tower,0,2,27,0,29,0,4,152,1,157,0,6,179,1,186,94,0,94,280
09/09/2013,RYY,GA,ASO,ES,Federal Contract Tower,0,5,26,4,35,0,7,71,2,80,0,12,97,6,115,83,0,83,198
09/10/2013,RYY,GA,ASO,ES,Federal Contract Tower,0,1,20,0,21,0,4,80,5,89,0,5,100,5,110,62,0,62,172
09/11/2013,RYY,GA,ASO,ES,Federal Contract Tower,0,1,27,1,29,0,3,103,8,114,0,4,130,9,143,116,0,116,259
09/12/2013,RYY,GA,ASO,ES,Federal Contract Tower,0,0,32,2,34,0,2,102,0,104,0,2,134,2,138,49,0,49,187
09/13/2013,RYY,GA,ASO,ES,Federal Contract Tower,0,0,23,0,23,0,3,82,0,85,0,3,105,0,108,34,0,34,142
09/14/2013,RYY,GA,ASO,ES,Federal Contract Tower,0,3,26,0,29,0,1,146,4,151,0,4,172,4,180,98,0,98,278
09/15/2013,RYY,GA,ASO,ES,Federal Contract Tower,0,0,37,0,37,0,1,67,0,68,0,1,104,0,105,90,0,90,195
09/16/2013,RYY,GA,ASO,ES,Federal Contract Tower,0,2,17,3,22,0,5,83,5,93,0,7,100,8,115,128,0,128,243
09/17/2013,RYY,GA,ASO,ES,Federal Contract Tower,0,3,22,2,27,0,1,49,8,58,0,4,71,10,85,28,0,28,113
09/18/2013,RYY,GA,ASO,ES,Federal Contract Tower,0,2,35,0,37,0,0,94,2,96,0,2,129,2,133,74,0,74,207
09/19/2013,RYY,GA,ASO,ES,Federal Contract Tower,0,3,28,0,31,0,1,134,0,135,0,4,162,0,166,75,0,75,241
09/20/2013,RYY,GA,ASO,ES,Federal Contract Tower,0,6,42,0,48,0,4,119,0,123,0,10,161,0,171,92,0,92,263
09/21/2013,RYY,GA,ASO,ES,Federal Contract Tower,0,3,11,0,14,0,0,4,0,4,0,3,15,0,18,2,0,2,20
09/22/2013,RYY,GA,ASO,ES,Federal Contract Tower,0,2,25,0,27,0,0,109,0,109,0,2,134,0,136,139,0,139,275
09/23/2013,RYY,GA,ASO,ES,Federal Contract Tower,0,1,16,0,17,0,4,62,2,68,0,5,78,2,85,58,0,58,143
09/24/2013,RYY,GA,ASO,ES,Federal Contract Tower,0,1,27,0,28,0,2,5,0,7,0,3,32,0,35,0,0,0,35
09/25/2013,RYY,GA,ASO,ES,Federal Contract Tower,0,7,23,0,30,0,0,0,0,0,0,7,23,0,30,0,0,0,30
09/26/2013,RYY,GA,ASO,ES,Federal Contract Tower,0,2,31,0,33,0,0,89,4,93,0,2,120,4,126,112,0,112,238
09/27/2013,RYY,GA,ASO,ES,Federal Contract Tower,0,8,32,0,40,0,2,127,0,129,0,10,159,0,169,140,0,140,309
09/28/2013,RYY,GA,ASO,ES,Federal Contract Tower,0,1,19,0,20,0,1,123,0,124,0,2,142,0,144,148,0,148,292
09/29/2013,RYY,GA,ASO,ES,Federal Contract Tower,0,8,33,0,41,0,2,87,4,93,0,10,120,4,134,50,2,52,186
09/30/2013,RYY,GA,ASO,ES,Federal Contract Tower,0,1,34,0,35,0,2,100,0,102,0,3,134,0,137,20,0,20,157
10/01/2013,RYY,GA,ASO,ES,Federal Contract Tower,0,3,31,0,34,0,3,67,0,70,0,6,98,0,104,20,0,20,124
10/02/2013,RYY,GA,ASO,ES,Federal Contract Tower,0,4,37,0,41,0,2,74,0,76,0,6,111,0,117,78,0,78,195
10/03/2013,RYY,GA,ASO,ES,Federal Contract Tower,0,3,32,0,35,0,3,114,1,118,0,6,146,1,153,120,0,120,273
10/04/2013,RYY,GA,ASO,ES,Federal Contract Tower,0,4,29,0,33,0,2,133,0,135,0,6,162,0,168,66,0,66,234
10/05/2013,RYY,GA,ASO,ES,Federal Contract Tower,0,6,21,0,27,0,4,108,0,112,0,10,129,0,139,122,0,122,261
10/06/2013,RYY,GA,ASO,ES,Federal Contract Tower,0,3,22,0,25,0,1,42,1,44,0,4,64,1,69,76,0,76,145
10/07/2013,RYY,GA,ASO,ES,Federal Contract Tower,0,1,19,0,20,0,2,36,0,38,0,3,55,0,58,12,0,12,70
10/08/2013,RYY,GA,ASO,ES,Federal Contract Tower,0,6,25,0,31,0,2,106,0,108,0,8,131,0,139,168,0,168,307
10/09/2013,RYY,GA,ASO,ES,Federal Contract Tower,0,3,47,0,50,0,1,84,0,85,0,4,131,0,135,90,0,90,225
10/10/2013,RYY,GA,ASO,ES,Federal Contract Tower,0,2,39,0,41,0,1,85,0,86,0,3,124,0,127,70,0,70,197
10/11/2013,RYY,GA,ASO,ES,Federal Contract Tower,0,4,28,0,32,0,3,103,1,107,0,7,131,1,139,82,1,83,222
10/12/2013,RYY,GA,ASO,ES,Federal Contract Tower,0,0,21,0,21,0,5,110,2,117,0,5,131,2,138,86,0,86,224
10/13/2013,RYY,GA,ASO,ES,Federal Contract Tower,0,1,31,0,32,0,2,98,2,102,0,3,129,2,134,105,0,105,239
10/14/2013,RYY,GA,ASO,ES,Federal Contract Tower,0,9,36,0,45,0,1,50,0,51,0,10,86,0,96,18,0,18,114
10/15/2013,RYY,GA,ASO,ES,Federal Contract Tower,0,2,29,0,31,0,0,36,11,47,0,2,65,11,78,144,0,144,222
10/16/2013,RYY,GA,ASO,ES,Federal Contract Tower,0,5,27,0,32,0,5,108,0,113,0,10,135,0,145,141,0,141,286
10/17/2013,RYY,GA,ASO,ES,Federal Contract Tower,0,9,38,0,47,0,6,1,0,7,0,15,39,0,54,0,0,0,54
10/18/2013,RYY,GA,ASO,ES,Federal Contract Tower,0,5,27,0,32,0,2,113,1,116,0,7,140,1,148,118,4,122,270
10/19/2013,RYY,GA,ASO,ES,Federal Contract Tower,0,5,17,6,28,0,2,59,1,62,0,7,76,7,90,112,0,112,202
10/20/2013,RYY,GA,ASO,ES,Federal Contract Tower,0,1,35,0,36,0,2,98,0,100,0,3,133,0,136,32,0,32,168
10/21/2013,RYY,GA,ASO,ES,Federal Contract Tower,0,3,29,2,34,0,0,89,0,89,0,3,118,2,123,64,0,64,187
10/22/2013,RYY,GA,ASO,ES,Federal Contract Tower,0,6,32,3,41,0,4,84,10,98,0,10,116,13,139,92,0,92,231
10/23/2013,RYY,GA,ASO,ES,Federal Contract Tower,0,1,24,0,25,0,2,58,2,62,0,3,82,2,87,32,2,34,121
10/24/2013,RYY,GA,ASO,ES,Federal Contract Tower,0,3,35,0,38,0,2,102,6,110,0,5,137,6,148,151,0,151,299
10/25/2013,RYY,GA,ASO,ES,Federal Contract Tower,0,7,26,0,33,0,3,81,2,86,0,10,107,2,119,62,0,62,181
10/26/2013,RYY,GA,ASO,ES,Federal Contract Tower,0,0,21,0,21,0,0,139,0,139,0,0,160,0,160,30,0,30,190
10/27/2013,RYY,GA,ASO,ES,Federal Contract Tower,0,2,38,2,42,0,1,99,0,100,0,3,137,2,142,50,0,50,192
10/28/2013,RYY,GA,ASO,ES,Federal Contract Tower,0,6,35,2,43,0,8,58,2,68,0,14,93,4,111,86,0,86,197
10/29/2013,RYY,GA,ASO,ES,Federal Contract Tower,0,4,30,2,36,0,1,75,8,84,0,5,105,10,120,74,0,74,194
10/30/2013,RYY,GA,ASO,ES,Federal Contract Tower,0,1,40,4,45,0,3,116,4,123,0,4,156,8,168,102,0,102,270
10/31/2013,RYY,GA,ASO,ES,Federal Contract Tower,0,3,42,0,45,0,3,56,4,63,0,6,98,4,108,36,0,36,144
11/01/2013,RYY,GA,ASO,ES,Federal Contract Tower,0,2,17,0,19,0,6,53,1,60,0,8,70,1,79,92,0,92,171
11/02/2013,RYY,GA,ASO,ES,Federal Contract Tower,0,3,22,0,25,0,5,111,4,120,0,8,133,4,145,70,0,70,215
11/03/2013,RYY,GA,ASO,ES,Federal Contract Tower,0,7,41,0,48,0,0,153,0,153,0,7,194,0,201,127,0,127,328
11/04/2013,RYY,GA,ASO,ES,Federal Contract Tower,0,2,27,1,30,0,3,84,1,88,0,5,111,2,118,34,0,34,152
11/05/2013,RYY,GA,ASO,ES,Federal Contract Tower,0,4,30,0,34,0,1,96,1,98,0,5,126,1,132,40,0,40,172
11/06/2013,RYY,GA,ASO,ES,Federal Contract Tower,0,2,35,4,41,0,3,40,2,45,0,5,75,6,86,72,0,72,158
11/07/2013,RYY,GA,ASO,ES,Federal Contract Tower,0,4,33,0,37,0,2,30,6,38,0,6,63,6,75,6,0,6,81
11/08/2013,RYY,GA,ASO,ES,Federal Contract Tower,0,5,30,0,35,0,1,117,2,120,0,6,147,2,155,53,0,53,208
11/09/2013,RYY,GA,ASO,ES,Federal Contract Tower,0,2,14,0,16,0,0,91,0,91,0,2,105,0,107,88,0,88,195
11/10/2013,RYY,GA,ASO,ES,Federal Contract Tower,0,3,22,0,25,0,2,139,0,141,0,5,161,0,166,78,0,78,244
11/11/2013,RYY,GA,ASO,ES,Federal Contract Tower,0,7,32,0,39,0,4,103,0,107,0,11,135,0,146,46,0,46,192
11/12/2013,RYY,GA,ASO,ES,Federal Contract Tower,0,1,21,4,26,0,2,12,0,14,0,3,33,4,40,0,0,0,40
11/13/2013,RYY,GA,ASO,ES,Federal Contract Tower,0,4,33,3,40,0,1,71,3,75,0,5,104,6,115,128,0,128,243
11/14/2013,RYY,GA,ASO,ES,Federal Contract Tower,0,3,34,1,38,0,5,95,10,110,0,8,129,11,148,94,10,104,252
11/15/2013,RYY,GA,ASO,ES,Federal Contract Tower,0,5,37,0,42,0,0,17,0,17,0,5,54,0,59,62,0,62,121
11/16/2013,RYY,GA,ASO,ES,Federal Contract Tower,0,0,18,0,18,0,1,8,0,9,0,1,26,0,27,20,0,20,47
11/17/2013,RYY,GA,ASO,ES,Federal Contract Tower,0,2,32,0,34,0,0,0,0,0,0,2,32,0,34,0,0,0,34
11/18/2013,RYY,GA,ASO,ES,Federal Contract Tower,0,2,32,0,34,0,2,58,0,60,0,4,90,0,94,28,0,28,122
11/19/2013,RYY,GA,ASO,ES,Federal Contract Tower,0,2,31,0,33,0,0,96,0,96,0,2,127,0,129,40,0,40,169
11/20/2013,RYY,GA,ASO,ES,Federal Contract Tower,0,2,37,0,39,0,2,63,0,65,0,4,100,0,104,42,0,42,146
11/21/2013,RYY,GA,ASO,ES,Federal Contract Tower,0,5,42,1,48,0,0,46,0,46,0,5,88,1,94,102,0,102,196
11/22/2013,RYY,GA,ASO,ES,Federal Contract Tower,0,4,45,2,51,0,2,14,0,16,0,6,59,2,67,38,0,38,105
11/23/2013,RYY,GA,ASO,ES,Federal Contract Tower,0,1,28,0,29,0,0,24,0,24,0,1,52,0,53,30,0,30,83
11/24/2013,RYY,GA,ASO,ES,Federal Contract Tower,0,2,28,2,32,0,3,92,8,103,0,5,120,10,135,100,0,100,235
11/25/2013,RYY,GA,ASO,ES,Federal Contract Tower,0,11,40,0,51,0,9,74,0,83,0,20,114,0,134,118,5,123,257
11/26/2013,RYY,GA,ASO,ES,Federal Contract Tower,0,1,6,0,7,0,0,0,0,0,0,1,6,0,7,0,0,0,7
11/27/2013,RYY,GA,ASO,ES,Federal Contract Tower,0,7,21,0,28,0,2,5,0,7,0,9,26,0,35,0,0,0,35
11/28/2013,RYY,GA,ASO,ES,Federal Contract Tower,0,3,9,0,12,0,1,24,0,25,0,4,33,0,37,4,0,4,41
11/29/2013,RYY,GA,ASO,ES,Federal Contract Tower,0,5,22,0,27,0,0,88,0,88,0,5,110,0,115,32,0,32,147
11/30/2013,RYY,GA,ASO,ES,Federal Contract Tower,0,4,23,0,27,0,2,94,1,97,0,6,117,1,124,59,0,59,183
12/01/2013,RYY,GA,ASO,ES,Federal Contract Tower,0,15,41,0,56,0,3,81,0,84,0,18,122,0,140,163,0,163,303
12/02/2013,RYY,GA,ASO,ES,Federal Contract Tower,0,2,29,0,31,0,0,1,0,1,0,2,30,0,32,0,0,0,32
12/03/2013,RYY,GA,ASO,ES,Federal Contract Tower,0,1,40,0,41,0,0,0,0,0,0,1,40,0,41,0,0,0,41
12/04/2013,RYY,GA,ASO,ES,Federal Contract Tower,0,4,42,2,48,0,2,15,0,17,0,6,57,2,65,88,0,88,153
12/05/2013,RYY,GA,ASO,ES,Federal Contract Tower,0,4,36,0,40,0,0,1,0,1,0,4,37,0,41,0,0,0,41
12/06/2013,RYY,GA,ASO,ES,Federal Contract Tower,0,8,27,2,37,0,9,20,0,29,0,17,47,2,66,13,0,13,79
12/07/2013,RYY,GA,ASO,ES,Federal Contract Tower,0,1,35,0,36,0,0,4,0,4,0,1,39,0,40,24,0,24,64
12/08/2013,RYY,GA,ASO,ES,Federal Contract Tower,0,3,18,0,21,0,0,0,0,0,0,3,18,0,21,0,0,0,21
12/09/2013,RYY,GA,ASO,ES,Federal Contract Tower,0,7,20,0,27,0,0,0,0,0,0,7,20,0,27,0,0,0,27
12/10/2013,RYY,GA,ASO,ES,Federal Contract Tower,0,2,27,0,29,0,0,22,0,22,0,2,49,0,51,0,0,0,51
12/11/2013,RYY,GA,ASO,ES,Federal Contract Tower,0,3,27,3,33,0,7,134,0,141,0,10,161,3,174,136,0,136,310
12/12/2013,RYY,GA,ASO,ES,Federal Contract Tower,0,9,31,0,40,0,4,107,5,116,0,13,138,5,156,134,2,136,292
12/13/2013,RYY,GA,ASO,ES,Federal Contract Tower,0,7,34,0,41,0,0,113,2,115,0,7,147,2,156,122,0,122,278
12/14/2013,RYY,GA,ASO,ES,Federal Contract Tower,0,3,4,0,7,0,0,0,0,0,0,3,4,0,7,0,0,0,7
12/15/2013,RYY,GA,ASO,ES,Federal Contract Tower,0,7,32,0,39,0,1,24,0,25,0,8,56,0,64,8,0,8,72
12/16/2013,RYY,GA,ASO,ES,Federal Contract Tower,0,2,30,0,32,0,0,52,0,52,0,2,82,0,84,62,0,62,146
12/17/2013,RYY,GA,ASO,ES,Federal Contract Tower,0,5,34,0,39,0,3,93,3,99,0,8,127,3,138,64,0,64,202
12/18/2013,RYY,GA,ASO,ES,Federal Contract Tower,0,8,37,2,47,0,7,93,0,100,0,15,130,2,147,170,0,170,317
12/19/2013,RYY,GA,ASO,ES,Federal Contract Tower,0,7,36,0,43,0,1,111,0,112,0,8,147,0,155,154,0,154,309
12/20/2013,RYY,GA,ASO,ES,Federal Contract Tower,0,1,23,0,24,0,4,68,0,72,0,5,91,0,96,142,0,142,238
12/21/2013,RYY,GA,ASO,ES,Federal Contract Tower,0,0,31,0,31,0,1,2,0,3,0,1,33,0,34,0,0,0,34
12/22/2013,RYY,GA,ASO,ES,Federal Contract Tower,0,0,6,0,6,0,0,0,0,0,0,0,6,0,6,0,0,0,6
12/23/2013,RYY,GA,ASO,ES,Federal Contract Tower,0,2,28,1,31,0,0,31,0,31,0,2,59,1,62,54,0,54,116
12/24/2013,RYY,GA,ASO,ES,Federal Contract Tower,0,1,13,0,14,0,2,27,0,29,0,3,40,0,43,2,7,9,52
12/25/2013,RYY,GA,ASO,ES,Federal Contract Tower,0,2,5,0,7,0,4,8,0,12,0,6,13,0,19,1,0,1,20
12/26/2013,RYY,GA,ASO,ES,Federal Contract Tower,0,3,34,0,37,0,1,71,0,72,0,4,105,0,109,149,0,149,258
12/27/2013,RYY,GA,ASO,ES,Federal Contract Tower,0,8,32,0,40,0,0,108,2,110,0,8,140,2,150,205,0,205,355
12/28/2013,RYY,GA,ASO,ES,Federal Contract Tower,0,4,13,0,17,0,0,46,0,46,0,4,59,0,63,124,0,124,187
12/29/2013,RYY,GA,ASO,ES,Federal Contract Tower,0,4,36,0,40,0,0,3,0,3,0,4,39,0,43,8,0,8,51
12/30/2013,RYY,GA,ASO,ES,Federal Contract Tower,0,14,38,0,52,0,4,26,0,30,0,18,64,0,82,22,0,22,104
12/31/2013,RYY,GA,ASO,ES,Federal Contract Tower,0,0,24,0,24,0,1,76,0,77,0,1,100,0,101,56,0,56,157
01/01/2014,RYY,GA,ASO,ES,Federal Contract Tower,0,8,20,0,28,0,0,62,0,62,0,8,82,0,90,20,0,20,110
01/02/2014,RYY,GA,ASO,ES,Federal Contract Tower,0,3,11,0,14,0,0,0,0,0,0,3,11,0,14,0,0,0,14
01/03/2014,RYY,GA,ASO,ES,Federal Contract Tower,0,3,24,0,27,0,4,65,2,71,0,7,89,2,98,62,0,62,160
01/04/2014,RYY,GA,ASO,ES,Federal Contract Tower,0,2,35,0,37,0,2,62,0,64,0,4,97,0,101,176,0,176,277
01/05/2014,RYY,GA,ASO,ES,Federal Contract Tower,0,2,14,0,16,0,0,2,0,2,0,2,16,0,18,10,0,10,28
01/06/2014,RYY,GA,ASO,ES,Federal Contract Tower,0,3,12,0,15,0,2,5,0,7,0,5,17,0,22,2,2,4,26
01/07/2014,RYY,GA,ASO,ES,Federal Contract Tower,0,1,21,0,22,0,1,51,0,52,0,2,72,0,74,55,0,55,129
01/08/2014,RYY,GA,ASO,ES,Federal Contract Tower,0,6,20,2,28,0,6,60,2,68,0,12,80,4,96,46,0,46,142
01/09/2014,RYY,GA,ASO,ES,Federal Contract Tower,0,10,42,1,53,0,0,44,0,44,0,10,86,1,97,78,0,78,175
01/10/2014,RYY,GA,ASO,ES,Federal Contract Tower,0,0,11,2,13,0,0,0,0,0,0,0,11,2,13,0,0,0,13
01/11/2014,RYY,GA,ASO,ES,Federal Contract Tower,0,1,5,0,6,0,0,22,0,22,0,1,27,0,28,22,0,22,50
01/12/2014,RYY,GA,ASO,ES,Federal Contract Tower,0,3,30,1,34,0,3,155,5,163,0,6,185,6,197,158,0,158,355
01/13/2014,RYY,GA,ASO,ES,Federal Contract Tower,0,3,13,0,16,0,0,36,1,37,0,3,49,1,53,34,0,34,87
01/14/2014,RYY,GA,ASO,ES,Federal Contract Tower,0,5,31,0,36,0,4,77,5,86,0,9,108,5,122,162,0,162,284
01/15/2014,RYY,GA,ASO,ES,Federal Contract Tower,0,1,19,1,21,0,12,36,0,48,0,13,55,1,69,0,0,0,69
01/16/2014,RYY,GA,ASO,ES,Federal Contract Tower,0,7,28,0,35,0,5,113,0,118,0,12,141,0,153,67,0,67,220
01/17/2014,RYY,GA,ASO,ES,Federal Contract Tower,0,1,32,0,33,0,2,31,1,34,0,3,63,1,67,20,0,20,87
01/18/2014,RYY,GA,ASO,ES,Federal Contract Tower,0,0,14,0,14,0,2,106,3,111,0,2,120,3,125,107,0,107,232
01/19/2014,RYY,GA,ASO,ES,Federal Contract Tower,0,4,17,0,21,0,2,94,0,96,0,6,111,0,117,80,0,80,197
01/20/2014,RYY,GA,ASO,ES,Federal Contract Tower,0,3,38,0,41,0,1,118,4,123,0,4,156,4,164,70,0,70,234
01/21/2014,RYY,GA,ASO,ES,Federal Contract Tower,0,0,12,0,12,0,4,26,0,30,0,4,38,0,42,6,0,6,48
01/22/2014,RYY,GA,ASO,ES,Federal Contract Tower,0,5,33,2,40,0,2,41,2,45,0,7,74,4,85,32,0,32,117
01/23/2014,RYY,GA,ASO,ES,Federal Contract Tower,0,2,19,2,23,0,0,59,1,60,0,2,78,3,83,20,0,20,103
01/24/2014,RYY,GA,ASO,ES,Federal Contract Tower,0,7,32,0,39,0,3,61,0,64,0,10,93,0,103,74,0,74,177
01/25/2014,RYY,GA,ASO,ES,Federal Contract Tower,0,2,11,0,13,0,1,77,1,79,0,3,88,1,92,68,0,68,160
01/26/2014,RYY,GA,ASO,ES,Federal Contract Tower,0,8,23,0,31,0,6,109,2,117,0,14,132,2,148,139,0,139,287
01/27/2014,RYY,GA,ASO,ES,Federal Contract Tower,0,4,26,0,30,0,6,56,0,62,0,10,82,0,92,37,0,37,129
01/28/2014,RYY,GA,ASO,ES,Federal Contract Tower,0,0,7,0,7,0,1,2,0,3,0,1,9,0,10,0,0,0,10
01/29/2014,RYY,GA,ASO,ES,Federal Contract Tower,0,0,1,0,1,0,8,21,0,29,0,8,22,0,30,0,0,0,30
01/30/2014,RYY,GA,ASO,ES,Federal Contract Tower,0,2,25,3,30,0,5,39,1,45,0,7,64,4,75,8,0,8,83
01/31/2014,RYY,GA,ASO,ES,Federal Contract Tower,0,2,27,2,31,0,0,0,0,0,0,2,27,2,31,133,0,133,164
02/01/2014,RYY,GA,ASO,ES,Federal Contract Tower,0,2,19,0,21,0,2,33,0,35,0,4,52,0,56,140,0,140,196
02/02/2014,RYY,GA,ASO,ES,Federal Contract Tower,0,2,22,0,24,0,2,34,1,37,0,4,56,1,61,100,0,100,161
02/03/2014,RYY,GA,ASO,ES,Federal Contract Tower,0,2,20,0,22,0,1,24,1,26,0,3,44,1,48,42,0,42,90
02/04/2014,RYY,GA,ASO,ES,Federal Contract Tower,0,2,15,0,17,0,0,2,0,2,0,2,17,0,19,4,0,4,23
02/05/2014,RYY,GA,ASO,ES,Federal Contract Tower,0,0,19,0,19,0,4,9,0,13,0,4,28,0,32,0,0,0,32
02/06/2014,RYY,GA,ASO,ES,Federal Contract Tower,0,2,19,0,21,0,2,81,2,85,0,4,100,2,106,134,0,134,240
02/07/2014,RYY,GA,ASO,ES,Federal Contract Tower,0,6,20,0,26,0,2,77,3,82,0,8,97,3,108,112,0,112,220
02/08/2014,RYY,GA,ASO,ES,Federal Contract Tower,0,2,14,0,16,0,3,121,1,125,0,5,135,1,141,184,0,184,325
02/09/2014,RYY,GA,ASO,ES,Federal Contract Tower,0,2,28,0,30,0,1,112,2,115,0,3,140,2,145,158,0,158,303
02/10/2014,RYY,GA,ASO,ES,Federal Contract Tower,0,6,17,0,23,0,2,11,2,15,0,8,28,2,38,50,0,50,88
02/11/2014,RYY,GA,ASO,ES,Federal Contract Tower,0,7,16,0,23,0,0,0,0,0,0,7,16,0,23,0,0,0,23
02/12/2014,RYY,GA,ASO,ES,Federal Contract Tower,0,0,0,0,0,0,0,0,0,0,0,0,0,0,0,0,0,0,0
02/13/2014,RYY,GA,ASO,ES,Federal Contract Tower,0,0,7,0,7,0,0,18,0,18,0,0,25,0,25,0,0,0,25
02/14/2014,RYY,GA,ASO,ES,Federal Contract Tower,0,4,35,0,39,0,3,72,1,76,0,7,107,1,115,70,0,70,185
02/15/2014,RYY,GA,ASO,ES,Federal Contract Tower,0,1,12,0,13,0,1,40,7,48,0,2,52,7,61,40,0,40,101
02/16/2014,RYY,GA,ASO,ES,Federal Contract Tower,0,0,22,0,22,0,1,22,0,23,0,1,44,0,45,221,0,221,266
02/17/2014,RYY,GA,ASO,ES,Federal Contract Tower,0,3,33,0,36,0,0,121,0,121,0,3,154,0,157,108,0,108,265
02/18/2014,RYY,GA,ASO,ES,Federal Contract Tower,0,3,29,0,32,0,2,94,4,100,0,5,123,4,132,53,0,53,185
02/19/2014,RYY,GA,ASO,ES,Federal Contract Tower,0,2,25,0,27,0,0,44,0,44,0,2,69,0,71,40,0,40,111
02/20/2014,RYY,GA,ASO,ES,Federal Contract Tower,0,4,34,0,38,0,4,33,4,41,0,8,67,4,79,46,0,46,125
02/21/2014,RYY,GA,ASO,ES,Federal Contract Tower,0,2,16,0,18,0,0,47,1,48,0,2,63,1,66,70,0,70,136
02/22/2014,RYY,GA,ASO,ES,Federal Contract Tower,0,0,15,0,15,0,0,110,0,110,0,0,125,0,125,208,0,208,333
02/23/2014,RYY,GA,ASO,ES,Federal Contract Tower,0,0,36,0,36,0,0,106,0,106,0,0,142,0,142,204,0,204,346
02/24/2014,RYY,GA,ASO,ES,Federal Contract Tower,0,4,27,1,32,0,1,94,1,96,0,5,121,2,128,59,0,59,187
02/25/2014,RYY,GA,ASO,ES,Federal Contract Tower,0,6,21,0,27,0,7,42,0,49,0,13,63,0,76,50,0,50,126
02/26/2014,RYY,GA,ASO,ES,Federal Contract Tower,0,5,24,1,30,0,1,18,0,19,0,6,42,1,49,12,0,12,61
02/27/2014,RYY,GA,ASO,ES,Federal Contract Tower,0,6,27,0,33,0,0,68,0,68,0,6,95,0,101,66,0,66,167
02/28/2014,RYY,GA,ASO,ES,Federal Contract Tower,0,10,28,0,38,0,10,90,0,100,0,20,118,0,138,116,0,116,254
03/01/2014,RYY,GA,ASO,ES,Federal Contract Tower,0,0,17,0,17,0,4,81,2,87,0,4,98,2,104,169,2,171,275
03/02/2014,RYY,GA,ASO,ES,Federal Contract Tower,0,5,26,0,31,0,2,115,0,117,0,7,141,0,148,101,0,101,249
03/03/2014,RYY,GA,ASO,ES,Federal Contract Tower,0,3,11,0,14,0,2,0,0,2,0,5,11,0,16,0,0,0,16
03/04/2014,RYY,GA,ASO,ES,Federal Contract Tower,0,4,25,0,29,0,0,59,0,59,0,4,84,0,88,105,0,105,193
03/05/2014,RYY,GA,ASO,ES,Federal Contract Tower,0,3,28,1,32,0,19,103,2,124,0,22,131,3,156,115,0,115,271
03/06/2014,RYY,GA,ASO,ES,Federal Contract Tower,0,5,29,0,34,0,0,8,0,8,0,5,37,0,42,0,0,0,42
03/07/2014,RYY,GA,ASO,ES,Federal Contract Tower,0,3,31,0,34,0,5,39,0,44,0,8,70,0,78,74,0,74,152
03/08/2014,RYY,GA,ASO,ES,Federal Contract Tower,0,2,36,0,38,0,2,171,0,173,0,4,207,0,211,104,0,104,315
03/09/2014,RYY,GA,ASO,ES,Federal Contract Tower,0,4,22,0,26,0,0,102,2,104,0,4,124,2,130,110,0,110,240
03/10/2014,RYY,GA,ASO,ES,Federal Contract Tower,0,4,17,0,21,0,0,88,0,88,0,4,105,0,109,20,0,20,129
03/11/2014,RYY,GA,ASO,ES,Federal Contract Tower,0,7,22,2,31,0,4,95,2,101,0,11,117,4,132,74,0,74,206
03/12/2014,RYY,GA,ASO,ES,Federal Contract Tower,0,0,36,0,36,0,0,0,0,0,0,0,36,0,36,0,0,0,36
03/13/2014,RYY,GA,ASO,ES,Federal Contract Tower,0,5,31,0,36,0,6,63,2,71,0,11,94,2,107,14,0,14,121
03/14/2014,RYY,GA,ASO,ES,Federal Contract Tower,0,3,34,0,37,0,3,99,0,102,0,6,133,0,139,77,0,77,216
03/15/2014,RYY,GA,ASO,ES,Federal Contract Tower,0,3,25,0,28,0,0,111,0,111,0,3,136,0,139,166,0,166,305
03/16/2014,RYY,GA,ASO,ES,Federal Contract Tower,0,3,17,0,20,0,0,0,0,0,0,3,17,0,20,0,0,0,20
03/17/2014,RYY,GA,ASO,ES,Federal Contract Tower,0,7,29,0,36,0,0,0,0,0,0,7,29,0,36,0,0,0,36
03/18/2014,RYY,GA,ASO,ES,Federal Contract Tower,0,1,39,1,41,0,0,15,0,15,0,1,54,1,56,10,0,10,66
03/19/2014,RYY,GA,ASO,ES,Federal Contract Tower,0,8,45,0,53,0,0,24,1,25,0,8,69,1,78,66,0,66,144
03/20/2014,RYY,GA,ASO,ES,Federal Contract Tower,0,1,26,1,28,0,3,117,5,125,0,4,143,6,153,40,0,40,193
03/21/2014,RYY,GA,ASO,ES,Federal Contract Tower,0,4,36,0,40,0,4,172,0,176,0,8,208,0,216,96,0,96,312
03/22/2014,RYY,GA,ASO,ES,Federal Contract Tower,0,1,20,0,21,0,7,133,0,140,0,8,153,0,161,116,0,116,277
03/23/2014,RYY,GA,ASO,ES,Federal Contract Tower,0,2,27,0,29,0,2,13,0,15,0,4,40,0,44,2,0,2,46
03/24/2014,RYY,GA,ASO,ES,Federal Contract Tower,0,2,23,0,25,0,3,79,0,82,0,5,102,0,107,68,0,68,175
03/25/2014,RYY,GA,ASO,ES,Federal Contract Tower,0,5,19,0,24,0,1,34,2,37,0,6,53,2,61,8,0,8,69
03/26/2014,RYY,GA,ASO,ES,Federal Contract Tower,0,4,28,0,32,0,4,126,0,130,0,8,154,0,162,86,0,86,248
03/27/2014,RYY,GA,ASO,ES,Federal Contract Tower,0,3,27,0,30,0,2,101,1,104,0,5,128,1,134,96,0,96,230
03/28/2014,RYY,GA,ASO,ES,Federal Contract Tower,0,8,17,0,25,0,2,0,0,2,0,10,17,0,27,0,0,0,27
03/29/2014,RYY,GA,ASO,ES,Federal Contract Tower,0,2,16,0,18,0,5,10,0,15,0,7,26,0,33,0,0,0,33
03/30/2014,RYY,GA,ASO,ES,Federal Contract Tower,0,4,24,0,28,0,1,48,0,49,0,5,72,0,77,24,0,24,101
03/31/2014,RYY,GA,ASO,ES,Federal Contract Tower,0,5,28,0,33,0,5,138,0,143,0,10,166,0,176,194,0,194,370
04/01/2014,RYY,GA,ASO,ES,Federal Contract Tower,0,0,16,2,18,0,0,111,0,111,0,0,127,2,129,202,2,204,333
04/02/2014,RYY,GA,ASO,ES,Federal Contract Tower,0,6,28,2,36,0,5,102,0,107,0,11,130,2,143,143,0,143,286
04/03/2014,RYY,GA,ASO,ES,Federal Contract Tower,0,7,38,1,46,0,5,60,1,66,0,12,98,2,112,16,0,16,128
04/04/2014,RYY,GA,ASO,ES,Federal Contract Tower,0,3,28,0,31,0,0,10,1,11,0,3,38,1,42,10,0,10,52
04/05/2014,RYY,GA,ASO,ES,Federal Contract Tower,0,4,16,2,22,0,0,132,20,152,0,4,148,22,174,133,0,133,307
04/06/2014,RYY,GA,ASO,ES,Federal Contract Tower,0,5,22,0,27,0,5,28,0,33,0,10,50,0,60,82,0,82,142
04/07/2014,RYY,GA,ASO,ES,Federal Contract Tower,0,0,15,0,15,0,0,0,0,0,0,0,15,0,15,0,0,0,15
04/08/2014,RYY,GA,ASO,ES,Federal Contract Tower,0,2,23,0,25,0,3,40,0,43,0,5,63,0,68,38,0,38,106
04/09/2014,RYY,GA,ASO,ES,Federal Contract Tower,0,6,23,0,29,0,0,55,0,55,0,6,78,0,84,34,0,34,118
04/10/2014,RYY,GA,ASO,ES,Federal Contract Tower,0,5,27,3,35,0,2,107,0,109,0,7,134,3,144,88,4,92,236
04/11/2014,RYY,GA,ASO,ES,Federal Contract Tower,0,5,33,0,38,0,2,124,0,126,0,7,157,0,164,42,0,42,206
04/12/2014,RYY,GA,ASO,ES,Federal Contract Tower,0,4,25,0,29,0,1,196,0,197,0,5,221,0,226,116,0,116,342
04/13/2014,RYY,GA,ASO,ES,Federal Contract Tower,0,4,36,0,40,0,0,0,0,0,0,4,36,0,40,150,0,150,190
04/14/2014,RYY,GA,ASO,ES,Federal Contract Tower,0,3,26,0,29,0,5,9,0,14,0,8,35,0,43,0,0,0,43
04/15/2014,RYY,GA,ASO,ES,Federal Contract Tower,0,5,20,0,25,0,2,4,4,10,0,7,24,4,35,4,0,4,39
04/16/2014,RYY,GA,ASO,ES,Federal Contract Tower,0,0,34,0,34,0,1,92,2,95,0,1,126,2,129,46,0,46,175
04/17/2014,RYY,GA,ASO,ES,Federal Contract Tower,0,13,28,0,41,0,14,96,1,111,0,27,124,1,152,42,0,42,194
04/18/2014,RYY,GA,ASO,ES,Federal Contract Tower,0,3,30,0,33,0,0,5,0,5,0,3,35,0,38,0,0,0,38
04/19/2014,RYY,GA,ASO,ES,Federal Contract Tower,0,0,20,0,20,0,3,29,0,32,0,3,49,0,52,42,0,42,94
04/20/2014,RYY,GA,ASO,ES,Federal Contract Tower,0,3,23,0,26,0,4,100,0,104,0,7,123,0,130,104,0,104,234
04/21/2014,RYY,GA,ASO,ES,Federal Contract Tower,0,3,29,0,32,0,0,102,0,102,0,3,131,0,134,92,0,92,226
04/22/2014,RYY,GA,ASO,ES,Federal Contract Tower,0,2,32,0,34,0,2,22,0,24,0,4,54,0,58,36,0,36,94
04/23/2014,RYY,GA,ASO,ES,Federal Contract Tower,0,0,32,1,33,0,1,171,2,174,0,1,203,3,207,95,0,95,302
04/24/2014,RYY,GA,ASO,ES,Federal Contract Tower,0,4,44,0,48,0,5,150,6,161,0,9,194,6,209,144,2,146,355
04/25/2014,RYY,GA,ASO,ES,Federal Contract Tower,0,2,23,0,25,0,4,55,2,61,0,6,78,2,86,4,0,4,90
04/26/2014,RYY,GA,ASO,ES,Federal Contract Tower,0,1,15,0,16,0,3,128,0,131,0,4,143,0,147,54,0,54,201
04/27/2014,RYY,GA,ASO,ES,Federal Contract Tower,0,4,22,1,27,0,2,109,0,111,0,6,131,1,138,82,0,82,220
04/28/2014,RYY,GA,ASO,ES,Federal Contract Tower,0,2,30,1,33,0,2,18,0,20,0,4,48,1,53,72,0,72,125
04/29/2014,RYY,GA,ASO,ES,Federal Contract Tower,0,4,20,0,24,0,0,10,0,10,0,4,30,0,34,0,0,0,34
04/30/2014,RYY,GA,ASO,ES,Federal Contract Tower,0,2,16,0,18,0,5,16,2,23,0,7,32,2,41,8,0,8,49
05/01/2014,RYY,GA,ASO,ES,Federal Contract Tower,0,9,40,1,50,0,1,108,4,113,0,10,148,5,163,52,0,52,215
05/02/2014,RYY,GA,ASO,ES,Federal Contract Tower,0,4,37,0,41,0,8,173,0,181,0,12,210,0,222,182,0,182,404
05/03/2014,RYY,GA,ASO,ES,Federal Contract Tower,0,0,26,0,26,0,6,217,2,225,0,6,243,2,251,60,0,60,311
05/04/2014,RYY,GA,ASO,ES,Federal Contract Tower,0,6,40,0,46,0,7,190,0,197,0,13,230,0,243,56,0,56,299
05/05/2014,RYY,GA,ASO,ES,Federal Contract Tower,0,2,30,0,32,0,4,106,0,110,0,6,136,0,142,61,0,61,203
05/06/2014,RYY,GA,ASO,ES,Federal Contract Tower,0,4,37,0,41,0,2,156,0,158,0,6,193,0,199,182,0,182,381
05/07/2014,RYY,GA,ASO,ES,Federal Contract Tower,0,1,20,0,21,0,4,88,0,92,0,5,108,0,113,127,0,127,240
05/08/2014,RYY,GA,ASO,ES,Federal Contract Tower,0,5,21,0,26,0,0,122,2,124,0,5,143,2,150,42,0,42,192
05/09/2014,RYY,GA,ASO,ES,Federal Contract Tower,0,6,50,2,58,0,4,57,2,63,0,10,107,4,121,126,0,126,247
05/10/2014,RYY,GA,ASO,ES,Federal Contract Tower,0,1,20,0,21,0,0,3,0,3,0,1,23,0,24,2,0,2,26
05/11/2014,RYY,GA,ASO,ES,Federal Contract Tower,0,6,27,0,33,0,4,67,0,71,0,10,94,0,104,58,0,58,162
05/12/2014,RYY,GA,ASO,ES,Federal Contract Tower,0,3,25,0,28,0,3,91,0,94,0,6,116,0,122,108,0,108,230
05/13/2014,RYY,GA,ASO,ES,Federal Contract Tower,0,8,23,1,32,0,4,127,4,135,0,12,150,5,167,81,0,81,248
05/14/2014,RYY,GA,ASO,ES,Federal Contract Tower,0,3,31,0,34,0,5,92,0,97,0,8,123,0,131,52,0,52,183
05/15/2014,RYY,GA,ASO,ES,Federal Contract Tower,0,7,37,0,44,0,1,17,0,18,0,8,54,0,62,0,0,0,62
05/16/2014,RYY,GA,ASO,ES,Federal Contract Tower,0,3,33,0,36,0,5,112,11,128,0,8,145,11,164,100,0,100,264
05/17/2014,RYY,GA,ASO,ES,Federal Contract Tower,0,7,19,0,26,0,4,86,1,91,0,11,105,1,117,210,0,210,327
05/18/2014,RYY,GA,ASO,ES,Federal Contract Tower,0,3,36,0,39,0,0,9,0,9,0,3,45,0,48,0,0,0,48
05/19/2014,RYY,GA,ASO,ES,Federal Contract Tower,0,11,45,0,56,0,5,109,0,114,0,16,154,0,170,131,0,131,301
05/20/2014,RYY,GA,ASO,ES,Federal Contract Tower,0,4,23,2,29,0,3,95,0,98,0,7,118,2,127,50,0,50,177
05/21/2014,RYY,GA,ASO,ES,Federal Contract Tower,0,6,41,4,51,0,5,104,0,109,0,11,145,4,160,110,0,110,270
05/22/2014,RYY,GA,ASO,ES,Federal Contract Tower,0,11,41,0,52,0,7,78,2,87,0,18,119,2,139,96,0,96,235
05/23/2014,RYY,GA,ASO,ES,Federal Contract Tower,0,0,37,2,39,0,3,127,3,133,0,3,164,5,172,176,0,176,348
05/24/2014,RYY,GA,ASO,ES,Federal Contract Tower,0,4,14,0,18,0,1,108,0,109,0,5,122,0,127,92,0,92,219
05/25/2014,RYY,GA,ASO,ES,Federal Contract Tower,0,3,15,0,18,0,1,52,2,55,0,4,67,2,73,67,0,67,140
05/26/2014,RYY,GA,ASO,ES,Federal Contract Tower,0,1,21,0,22,0,1,60,1,62,0,2,81,1,84,80,0,80,164
05/27/2014,RYY,GA,ASO,ES,Federal Contract Tower,0,4,32,0,36,0,5,75,1,81,0,9,107,1,117,68,0,68,185
05/28/2014,RYY,GA,ASO,ES,Federal Contract Tower,0,6,41,0,47,0,2,87,10,99,0,8,128,10,146,114,0,114,260
05/29/2014,RYY,GA,ASO,ES,Federal Contract Tower,0,7,29,0,36,0,3,71,0,74,0,10,100,0,110,26,0,26,136
05/30/2014,RYY,GA,ASO,ES,Federal Contract Tower,0,5,36,0,41,0,1,35,0,36,0,6,71,0,77,50,0,50,127
05/31/2014,RYY,GA,ASO,ES,Federal Contract Tower,0,0,23,0,23,0,0,82,0,82,0,0,105,0,105,52,0,52,157
06/01/2014,RYY,GA,ASO,ES,Federal Contract Tower,0,3,29,0,32,0,2,40,0,42,0,5,69,0,74,52,0,52,126
06/02/2014,RYY,GA,ASO,ES,Federal Contract Tower,0,5,29,2,36,0,2,93,0,95,0,7,122,2,131,52,0,52,183
06/03/2014,RYY,GA,ASO,ES,Federal Contract Tower,0,2,29,2,33,0,3,82,6,91,0,5,111,8,124,128,0,128,252
06/04/2014,RYY,GA,ASO,ES,Federal Contract Tower,0,11,38,0,49,0,7,113,16,136,0,18,151,16,185,144,10,154,339
06/05/2014,RYY,GA,ASO,ES,Federal Contract Tower,0,7,41,0,48,0,6,75,2,83,0,13,116,2,131,66,4,70,201
06/06/2014,RYY,GA,ASO,ES,Federal Contract Tower,0,4,34,0,38,0,1,65,0,66,0,5,99,0,104,84,0,84,188
06/07/2014,RYY,GA,ASO,ES,Federal Contract Tower,0,1,28,0,29,0,7,99,2,108,0,8,127,2,137,56,0,56,193
06/08/2014,RYY,GA,ASO,ES,Federal Contract Tower,0,2,27,0,29,0,4,97,0,101,0,6,124,0,130,126,0,126,256
06/09/2014,RYY,GA,ASO,ES,Federal Contract Tower,0,8,25,1,34,0,0,89,0,89,0,8,114,1,123,80,0,80,203
06/10/2014,RYY,GA,ASO,ES,Federal Contract Tower,0,2,29,0,31,0,3,53,0,56,0,5,82,0,87,69,0,69,156
06/11/2014,RYY,GA,ASO,ES,Federal Contract Tower,0,9,27,0,36,0,0,26,0,26,0,9,53,0,62,42,0,42,104
06/12/2014,RYY,GA,ASO,ES,Federal Contract Tower,0,4,40,0,44,0,5,67,0,72,0,9,107,0,116,102,0,102,218
06/13/2014,RYY,GA,ASO,ES,Federal Contract Tower,0,4,38,0,42,0,0,75,0,75,0,4,113,0,117,68,0,68,185
06/14/2014,RYY,GA,ASO,ES,Federal Contract Tower,0,5,40,0,45,0,0,159,0,159,0,5,199,0,204,190,0,190,394
06/15/2014,RYY,GA,ASO,ES,Federal Contract Tower,0,5,31,0,36,0,3,137,1,141,0,8,168,1,177,183,0,183,360
06/16/2014,RYY,GA,ASO,ES,Federal Contract Tower,0,2,29,0,31,0,7,107,2,116,0,9,136,2,147,86,0,86,233
06/17/2014,RYY,GA,ASO,ES,Federal Contract Tower,0,7,29,0,36,0,2,112,1,115,0,9,141,1,151,185,0,185,336
06/18/2014,RYY,GA,ASO,ES,Federal Contract Tower,0,1,25,0,26,0,4,99,4,107,0,5,124,4,133,192,0,192,325
06/19/2014,RYY,GA,ASO,ES,Federal Contract Tower,0,4,45,1,50,0,3,123,0,126,0,7,168,1,176,186,0,186,362
06/20/2014,RYY,GA,ASO,ES,Federal Contract Tower,0,2,34,0,36,0,4,168,3,175,0,6,202,3,211,88,0,88,299
06/21/2014,RYY,GA,ASO,ES,Federal Contract Tower,0,2,25,0,27,0,3,116,0,119,0,5,141,0,146,54,0,54,200
06/22/2014,RYY,GA,ASO,ES,Federal Contract Tower,0,4,32,1,37,0,5,136,0,141,0,9,168,1,178,119,0,119,297
06/23/2014,RYY,GA,ASO,ES,Federal Contract Tower,0,2,23,0,25,0,0,69,1,70,0,2,92,1,95,101,0,101,196
06/24/2014,RYY,GA,ASO,ES,Federal Contract Tower,0,4,29,1,34,0,0,10,0,10,0,4,39,1,44,65,0,65,109
06/25/2014,RYY,GA,ASO,ES,Federal Contract Tower,0,6,46,0,52,0,4,94,2,100,0,10,140,2,152,237,0,237,389
06/26/2014,RYY,GA,ASO,ES,Federal Contract Tower,0,3,36,1,40,0,0,62,5,67,0,3,98,6,107,144,0,144,251
06/27/2014,RYY,GA,ASO,ES,Federal Contract Tower,0,7,56,0,63,0,2,77,2,81,0,9,133,2,144,140,0,140,284
06/28/2014,RYY,GA,ASO,ES,Federal Contract Tower,0,0,23,0,23,0,2,116,1,119,0,2,139,1,142,122,0,122,264
06/29/2014,RYY,GA,ASO,ES,Federal Contract Tower,0,5,27,0,32,0,0,95,3,98,0,5,122,3,130,175,0,175,305
06/30/2014,RYY,GA,ASO,ES,Federal Contract Tower,0,6,38,0,44,0,6,75,2,83,0,12,113,2,127,139,0,139,266
07/01/2014,RYY,GA,ASO,ES,Federal Contract Tower,0,5,39,0,44,0,1,144,1,146,0,6,183,1,190,174,0,174,364
07/02/2014,RYY,GA,ASO,ES,Federal Contract Tower,0,5,34,0,39,0,3,115,3,121,0,8,149,3,160,128,2,130,290
07/03/2014,RYY,GA,ASO,ES,Federal Contract Tower,0,6,41,0,47,0,4,83,0,87,0,10,124,0,134,16,0,16,150
07/04/2014,RYY,GA,ASO,ES,Federal Contract Tower,0,6,5,0,11,0,1,58,0,59,0,7,63,0,70,52,0,52,122
07/05/2014,RYY,GA,ASO,ES,Federal Contract Tower,0,10,17,0,27,0,3,106,0,109,0,13,123,0,136,68,0,68,204
07/06/2014,RYY,GA,ASO,ES,Federal Contract Tower,0,14,44,0,58,0,0,86,0,86,0,14,130,0,144,100,0,100,244
07/07/2014,RYY,GA,ASO,ES,Federal Contract Tower,0,2,29,0,31,0,2,93,0,95,0,4,122,0,126,74,0,74,200
07/08/2014,RYY,GA,ASO,ES,Federal Contract Tower,0,4,31,0,35,0,3,83,1,87,0,7,114,1,122,92,0,92,214
07/09/2014,RYY,GA,ASO,ES,Federal Contract Tower,0,4,26,0,30,0,1,105,2,108,0,5,131,2,138,142,0,142,280
07/10/2014,RYY,GA,ASO,ES,Federal Contract Tower,0,0,36,0,36,0,0,3,0,3,0,0,39,0,39,190,4,194,233
07/11/2014,RYY,GA,ASO,ES,Federal Contract Tower,0,2,17,0,19,0,1,71,3,75,0,3,88,3,94,86,0,86,180
07/12/2014,RYY,GA,ASO,ES,Federal Contract Tower,0,3,27,0,30,0,2,85,0,87,0,5,112,0,117,78,0,78,195
07/13/2014,RYY,GA,ASO,ES,Federal Contract Tower,0,4,25,0,29,0,0,97,0,97,0,4,122,0,126,103,0,103,229
07/14/2014,RYY,GA,ASO,ES,Federal Contract Tower,0,5,22,2,29,0,2,74,0,76,0,7,96,2,105,66,0,66,171
07/15/2014,RYY,GA,ASO,ES,Federal Contract Tower,0,5,30,0,35,0,1,59,0,60,0,6,89,0,95,64,2,66,161
07/16/2014,RYY,GA,ASO,ES,Federal Contract Tower,0,4,26,1,31,0,4,137,8,149,0,8,163,9,180,134,0,134,314
07/17/2014,RYY,GA,ASO,ES,Federal Contract Tower,0,11,40,0,51,0,2,141,2,145,0,13,181,2,196,136,0,136,332
07/18/2014,RYY,GA,ASO,ES,Federal Contract Tower,0,6,38,0,44,0,0,74,0,74,0,6,112,0,118,126,0,126,244
07/19/2014,RYY,GA,ASO,ES,Federal Contract Tower,0,6,22,0,28,0,0,0,0,0,0,6,22,0,28,0,0,0,28
07/20/2014,RYY,GA,ASO,ES,Federal Contract Tower,0,5,38,0,43,0,0,2,0,2,0,5,40,0,45,0,0,0,45
07/21/2014,RYY,GA,ASO,ES,Federal Contract Tower,0,3,34,0,37,0,0,31,2,33,0,3,65,2,70,40,0,40,110
07/22/2014,RYY,GA,ASO,ES,Federal Contract Tower,0,2,31,1,34,0,2,51,0,53,0,4,82,1,87,74,0,74,161
07/23/2014,RYY,GA,ASO,ES,Federal Contract Tower,0,4,27,2,33,0,1,85,0,86,0,5,112,2,119,189,0,189,308
07/24/2014,RYY,GA,ASO,ES,Federal Contract Tower,0,5,42,2,49,0,4,67,8,79,0,9,109,10,128,70,0,70,198
07/25/2014,RYY,GA,ASO,ES,Federal Contract Tower,0,7,26,0,33,0,4,166,0,170,0,11,192,0,203,128,0,128,331
07/26/2014,RYY,GA,ASO,ES,Federal Contract Tower,0,3,22,2,27,0,0,116,8,124,0,3,138,10,151,120,0,120,271
07/27/2014,RYY,GA,ASO,ES,Federal Contract Tower,0,3,32,0,35,0,2,88,0,90,0,5,120,0,125,39,6,45,170
07/28/2014,RYY,GA,ASO,ES,Federal Contract Tower,0,11,41,0,52,0,8,70,0,78,0,19,111,0,130,47,0,47,177
07/29/2014,RYY,GA,ASO,ES,Federal Contract Tower,0,8,39,0,47,0,7,144,2,153,0,15,183,2,200,71,0,71,271
07/30/2014,RYY,GA,ASO,ES,Federal Contract Tower,0,7,29,2,38,0,4,110,1,115,0,11,139,3,153,78,0,78,231
07/31/2014,RYY,GA,ASO,ES,Federal Contract Tower,0,4,37,0,41,0,3,62,5,70,0,7,99,5,111,95,0,95,206
08/01/2014,RYY,GA,ASO,ES,Federal Contract Tower,0,3,23,0,26,0,0,42,0,42,0,3,65,0,68,35,0,35,103
08/02/2014,RYY,GA,ASO,ES,Federal Contract Tower,0,1,23,0,24,0,2,77,0,79,0,3,100,0,103,156,0,156,259
08/03/2014,RYY,GA,ASO,ES,Federal Contract Tower,0,6,26,2,34,0,6,65,1,72,0,12,91,3,106,88,0,88,194
08/04/2014,RYY,GA,ASO,ES,Federal Contract Tower,0,6,32,0,38,0,2,76,0,78,0,8,108,0,116,144,0,144,260
08/05/2014,RYY,GA,ASO,ES,Federal Contract Tower,0,8,24,2,34,0,0,126,4,130,0,8,150,6,164,138,2,140,304
08/06/2014,RYY,GA,ASO,ES,Federal Contract Tower,0,4,31,0,35,0,0,108,2,110,0,4,139,2,145,142,0,142,287
08/07/2014,RYY,GA,ASO,ES,Federal Contract Tower,0,5,33,0,38,0,0,101,7,108,0,5,134,7,146,172,0,172,318
08/08/2014,RYY,GA,ASO,ES,Federal Contract Tower,0,6,18,1,25,0,2,56,0,58,0,8,74,1,83,10,0,10,93
08/09/2014,RYY,GA,ASO,ES,Federal Contract Tower,0,15,22,4,41,0,0,36,0,36,0,15,58,4,77,98,0,98,175
08/10/2014,RYY,GA,ASO,ES,Federal Contract Tower,0,6,34,0,40,0,0,25,0,25,0,6,59,0,65,64,0,64,129
08/11/2014,RYY,GA,ASO,ES,Federal Contract Tower,0,4,25,3,32,0,2,21,0,23,0,6,46,3,55,44,0,44,99
08/12/2014,RYY,GA,ASO,ES,Federal Contract Tower,0,6,30,2,38,0,3,46,4,53,0,9,76,6,91,70,0,70,161
08/13/2014,RYY,GA,ASO,ES,Federal Contract Tower,0,2,26,0,28,0,4,97,0,101,0,6,123,0,129,42,0,42,171
08/14/2014,RYY,GA,ASO,ES,Federal Contract Tower,0,3,24,0,27,0,4,139,0,143,0,7,163,0,170,119,0,119,289
08/15/2014,RYY,GA,ASO,ES,Federal Contract Tower,0,2,50,0,52,0,5,103,1,109,0,7,153,1,161,74,0,74,235
08/16/2014,RYY,GA,ASO,ES,Federal Contract Tower,0,2,22,0,24,0,2,142,0,144,0,4,164,0,168,58,0,58,226
08/17/2014,RYY,GA,ASO,ES,Federal Contract Tower,0,3,41,0,44,0,4,85,0,89,0,7,126,0,133,66,0,66,199
08/18/2014,RYY,GA,ASO,ES,Federal Contract Tower,0,3,45,0,48,0,0,44,0,44,0,3,89,0,92,34,0,34,126
08/19/2014,RYY,GA,ASO,ES,Federal Contract Tower,0,4,37,10,51,0,0,26,0,26,0,4,63,10,77,84,0,84,161
08/20/2014,RYY,GA,ASO,ES,Federal Contract Tower,0,2,36,0,38,0,3,58,0,61,0,5,94,0,99,130,0,130,229
08/21/2014,RYY,GA,ASO,ES,Federal Contract Tower,0,6,28,2,36,0,0,84,0,84,0,6,112,2,120,220,0,220,340
08/22/2014,RYY,GA,ASO,ES,Federal Contract Tower,0,7,21,0,28,0,2,87,2,91,0,9,108,2,119,103,0,103,222
08/23/2014,RYY,GA,ASO,ES,Federal Contract Tower,0,1,15,0,16,0,2,183,2,187,0,3,198,2,203,254,0,254,457
08/24/2014,RYY,GA,ASO,ES,Federal Contract Tower,0,1,30,0,31,0,3,40,3,46,0,4,70,3,77,144,0,144,221
08/25/2014,RYY,GA,ASO,ES,Federal Contract Tower,0,4,23,0,27,0,2,74,0,76,0,6,97,0,103,92,0,92,195
08/26/2014,RYY,GA,ASO,ES,Federal Contract Tower,0,6,32,0,38,0,3,74,2,79,0,9,106,2,117,113,0,113,230
08/27/2014,RYY,GA,ASO,ES,Federal Contract Tower,0,7,25,0,32,0,3,140,7,150,0,10,165,7,182,118,0,118,300
08/28/2014,RYY,GA,ASO,ES,Federal Contract Tower,0,2,45,0,47,0,2,125,5,132,0,4,170,5,179,93,0,93,272
08/29/2014,RYY,GA,ASO,ES,Federal Contract Tower,0,8,24,0,32,0,4,144,1,149,0,12,168,1,181,135,0,135,316
08/30/2014,RYY,GA,ASO,ES,Federal Contract Tower,0,2,20,0,22,0,2,91,4,97,0,4,111,4,119,108,0,108,227
08/31/2014,RYY,GA,ASO,ES,Federal Contract Tower,0,2,18,1,21,0,4,71,12,87,0,6,89,13,108,66,0,66,174
09/01/2014,RYY,GA,ASO,ES,Federal Contract Tower,0,0,17,0,17,0,3,60,0,63,0,3,77,0,80,43,0,43,123
09/02/2014,RYY,GA,ASO,ES,Federal Contract Tower,0,1,26,0,27,0,1,45,0,46,0,2,71,0,73,63,0,63,136
09/03/2014,RYY,GA,ASO,ES,Federal Contract Tower,0,2,27,0,29,0,4,52,0,56,0,6,79,0,85,102,0,102,187
09/04/2014,RYY,GA,ASO,ES,Federal Contract Tower,0,14,23,3,40,0,4,38,0,42,0,18,61,3,82,75,0,75,157
09/05/2014,RYY,GA,ASO,ES,Federal Contract Tower,0,10,36,0,46,0,4,44,2,50,0,14,80,2,96,116,0,116,212
09/06/2014,RYY,GA,ASO,ES,Federal Contract Tower,0,2,16,0,18,0,1,116,1,118,0,3,132,1,136,202,0,202,338
09/07/2014,RYY,GA,ASO,ES,Federal Contract Tower,0,6,21,0,27,0,4,78,0,82,0,10,99,0,109,100,12,112,221
09/08/2014,RYY,GA,ASO,ES,Federal Contract Tower,0,2,36,0,38,0,0,27,0,27,0,2,63,0,65,26,0,26,91
09/09/2014,RYY,GA,ASO,ES,Federal Contract Tower,0,5,26,2,33,0,2,44,2,48,0,7,70,4,81,106,6,112,193
09/10/2014,RYY,GA,ASO,ES,Federal Contract Tower,0,9,27,0,36,0,0,101,0,101,0,9,128,0,137,160,0,160,297
09/11/2014,RYY,GA,ASO,ES,Federal Contract Tower,0,7,38,0,45,0,4,73,3,80,0,11,111,3,125,116,0,116,241
09/12/2014,RYY,GA,ASO,ES,Federal Contract Tower,0,10,30,0,40,0,0,36,0,36,0,10,66,0,76,86,0,86,162
09/13/2014,RYY,GA,ASO,ES,Federal Contract Tower,0,7,30,0,37,0,2,51,3,56,0,9,81,3,93,48,0,48,141
09/14/2014,RYY,GA,ASO,ES,Federal Contract Tower,0,3,33,2,38,0,0,2,0,2,0,3,35,2,40,2,0,2,42
09/15/2014,RYY,GA,ASO,ES,Federal Contract Tower,0,5,49,0,54,0,0,15,0,15,0,5,64,0,69,50,0,50,119
09/16/2014,RYY,GA,ASO,ES,Federal Contract Tower,0,8,38,0,46,0,1,8,1,10,0,9,46,1,56,17,0,17,73
09/17/2014,RYY,GA,ASO,ES,Federal Contract Tower,0,2,30,0,32,0,5,138,0,143,0,7,168,0,175,155,0,155,330
09/18/2014,RYY,GA,ASO,ES,Federal Contract Tower,0,3,39,2,44,0,3,109,5,117,0,6,148,7,161,108,0,108,269
09/19/2014,RYY,GA,ASO,ES,Federal Contract Tower,0,11,34,0,45,0,6,161,3,170,0,17,195,3,215,214,0,214,429
09/20/2014,RYY,GA,ASO,ES,Federal Contract Tower,0,9,21,0,30,0,1,114,0,115,0,10,135,0,145,72,0,72,217
09/21/2014,RYY,GA,ASO,ES,Federal Contract Tower,0,9,39,1,49,0,1,133,0,134,0,10,172,1,183,164,0,164,347
09/22/2014,RYY,GA,ASO,ES,Federal Contract Tower,0,5,30,0,35,0,2,79,0,81,0,7,109,0,116,50,0,50,166
09/23/2014,RYY,GA,ASO,ES,Federal Contract Tower,0,13,29,2,44,0,9,92,4,105,0,22,121,6,149,94,0,94,243
09/24/2014,RYY,GA,ASO,ES,Federal Contract Tower,0,9,25,0,34,0,0,0,0,0,0,9,25,0,34,106,0,106,140
09/25/2014,RYY,GA,ASO,ES,Federal Contract Tower,0,5,39,0,44,0,1,47,2,50,0,6,86,2,94,150,0,150,244
09/26/2014,RYY,GA,ASO,ES,Federal Contract Tower,0,7,31,0,38,0,4,57,0,61,0,11,88,0,99,116,0,116,215
09/27/2014,RYY,GA,ASO,ES,Federal Contract Tower,0,2,18,0,20,0,4,39,0,43,0,6,57,0,63,127,0,127,190
09/28/2014,RYY,GA,ASO,ES,Federal Contract Tower,0,4,25,0,29,0,7,68,0,75,0,11,93,0,104,138,0,138,242
09/29/2014,RYY,GA,ASO,ES,Federal Contract Tower,0,7,33,0,40,0,0,2,0,2,0,7,35,0,42,0,0,0,42
09/30/2014,RYY,GA,ASO,ES,Federal Contract Tower,0,9,34,1,44,0,4,106,7,117,0,13,140,8,161,135,0,135,296
10/01/2014,RYY,GA,ASO,ES,Federal Contract Tower,0,10,23,0,33,0,3,95,0,98,0,13,118,0,131,149,0,149,280
10/02/2014,RYY,GA,ASO,ES,Federal Contract Tower,0,16,33,1,50,0,1,116,4,121,0,17,149,5,171,68,0,68,239
10/03/2014,RYY,GA,ASO,ES,Federal Contract Tower,0,6,22,0,28,0,4,15,0,19,0,10,37,0,47,6,0,6,53
10/04/2014,RYY,GA,ASO,ES,Federal Contract Tower,0,4,24,0,28,0,4,57,0,61,0,8,81,0,89,8,0,8,97
10/05/2014,RYY,GA,ASO,ES,Federal Contract Tower,0,7,25,0,32,0,2,97,2,101,0,9,122,2,133,69,0,69,202
10/06/2014,RYY,GA,ASO,ES,Federal Contract Tower,0,3,9,0,12,0,2,62,4,68,0,5,71,4,80,36,0,36,116
10/07/2014,RYY,GA,ASO,ES,Federal Contract Tower,0,4,34,3,41,0,6,67,0,73,0,10,101,3,114,89,0,89,203
10/08/2014,RYY,GA,ASO,ES,Federal Contract Tower,0,3,38,0,41,0,3,84,2,89,0,6,122,2,130,108,0,108,238
10/09/2014,RYY,GA,ASO,ES,Federal Contract Tower,0,9,36,0,45,0,2,116,0,118,0,11,152,0,163,142,0,142,305
10/10/2014,RYY,GA,ASO,ES,Federal Contract Tower,0,8,33,1,42,0,2,126,0,128,0,10,159,1,170,89,0,89,259
10/11/2014,RYY,GA,ASO,ES,Federal Contract Tower,0,3,23,0,26,0,8,49,0,57,0,11,72,0,83,48,0,48,131
10/12/2014,RYY,GA,ASO,ES,Federal Contract Tower,0,6,46,0,52,0,0,33,0,33,0,6,79,0,85,18,0,18,103
10/13/2014,RYY,GA,ASO,ES,Federal Contract Tower,0,6,33,0,39,0,2,16,1,19,0,8,49,1,58,8,0,8,66
10/14/2014,RYY,GA,ASO,ES,Federal Contract Tower,0,3,14,0,17,0,0,6,0,6,0,3,20,0,23,0,0,0,23
10/15/2014,RYY,GA,ASO,ES,Federal Contract Tower,0,4,38,1,43,0,3,87,4,94,0,7,125,5,137,72,0,72,209
10/16/2014,RYY,GA,ASO,ES,Federal Contract Tower,0,2,39,0,41,0,5,77,6,88,0,7,116,6,129,56,10,66,195
10/17/2014,RYY,GA,ASO,ES,Federal Contract Tower,0,4,37,0,41,0,5,95,4,104,0,9,132,4,145,92,0,92,237
10/18/2014,RYY,GA,ASO,ES,Federal Contract Tower,0,2,20,0,22,0,1,123,2,126,0,3,143,2,148,52,0,52,200
10/19/2014,RYY,GA,ASO,ES,Federal Contract Tower,0,6,28,0,34,0,4,208,0,212,0,10,236,0,246,146,0,146,392
10/20/2014,RYY,GA,ASO,ES,Federal Contract Tower,0,6,26,0,32,0,0,119,0,119,0,6,145,0,151,131,0,131,282
10/21/2014,RYY,GA,ASO,ES,Federal Contract Tower,0,5,31,0,36,0,7,72,0,79,0,12,103,0,115,140,0,140,255
10/22/2014,RYY,GA,ASO,ES,Federal Contract Tower,0,3,28,0,31,0,3,94,1,98,0,6,122,1,129,171,0,171,300
10/23/2014,RYY,GA,ASO,ES,Federal Contract Tower,0,6,40,0,46,0,5,91,9,105,0,11,131,9,151,180,0,180,331
10/24/2014,RYY,GA,ASO,ES,Federal Contract Tower,0,8,29,0,37,0,9,130,8,147,0,17,159,8,184,114,0,114,298
10/25/2014,RYY,GA,ASO,ES,Federal Contract Tower,0,2,24,0,26,0,3,144,14,161,0,5,168,14,187,132,0,132,319
10/26/2014,RYY,GA,ASO,ES,Federal Contract Tower,0,7,31,0,38,0,0,138,0,138,0,7,169,0,176,70,0,70,246
10/27/2014,RYY,GA,ASO,ES,Federal Contract Tower,0,0,27,0,27,0,0,81,0,81,0,0,108,0,108,86,0,86,194
10/28/2014,RYY,GA,ASO,ES,Federal Contract Tower,0,10,45,0,55,0,13,79,7,99,0,23,124,7,154,238,0,238,392
10/29/2014,RYY,GA,ASO,ES,Federal Contract Tower,0,2,52,0,54,0,0,18,0,18,0,2,70,0,72,46,0,46,118
10/30/2014,RYY,GA,ASO,ES,Federal Contract Tower,0,8,51,0,59,0,4,140,3,147,0,12,191,3,206,214,6,220,426
10/31/2014,RYY,GA,ASO,ES,Federal Contract Tower,0,6,48,0,54,0,3,99,2,104,0,9,147,2,158,95,0,95,253
11/01/2014,RYY,GA,ASO,ES,Federal Contract Tower,0,4,12,0,16,0,4,1,0,5,0,8,13,0,21,0,0,0,21
11/02/2014,RYY,GA,ASO,ES,Federal Contract Tower,0,6,31,0,37,0,21,61,1,83,0,27,92,1,120,89,0,89,209
11/03/2014,RYY,GA,ASO,ES,Federal Contract Tower,0,5,20,0,25,0,5,87,4,96,0,10,107,4,121,190,0,190,311
11/04/2014,RYY,GA,ASO,ES,Federal Contract Tower,0,3,25,0,28,0,0,102,3,105,0,3,127,3,133,157,0,157,290
11/05/2014,RYY,GA,ASO,ES,Federal Contract Tower,0,7,29,0,36,0,0,72,0,72,0,7,101,0,108,227,0,227,335
11/06/2014,RYY,GA,ASO,ES,Federal Contract Tower,0,11,44,0,55,0,4,20,6,30,0,15,64,6,85,16,0,16,101
11/07/2014,RYY,GA,ASO,ES,Federal Contract Tower,0,0,34,0,34,0,0,109,2,111,0,0,143,2,145,68,4,72,217
11/08/2014,RYY,GA,ASO,ES,Federal Contract Tower,0,2,20,2,24,0,3,145,9,157,0,5,165,11,181,105,0,105,286
11/09/2014,RYY,GA,ASO,ES,Federal Contract Tower,0,8,28,0,36,0,5,90,0,95,0,13,118,0,131,96,0,96,227
11/10/2014,RYY,GA,ASO,ES,Federal Contract Tower,0,8,25,1,34,0,5,97,1,103,0,13,122,2,137,164,0,164,301
11/11/2014,RYY,GA,ASO,ES,Federal Contract Tower,0,4,28,1,33,0,0,97,0,97,0,4,125,1,130,164,0,164,294
11/12/2014,RYY,GA,ASO,ES,Federal Contract Tower,0,11,47,0,58,0,2,35,0,37,0,13,82,0,95,172,4,176,271
11/13/2014,RYY,GA,ASO,ES,Federal Contract Tower,0,7,50,0,57,0,3,26,0,29,0,10,76,0,86,38,2,40,126
11/14/2014,RYY,GA,ASO,ES,Federal Contract Tower,0,7,26,0,33,0,5,77,2,84,0,12,103,2,117,56,0,56,173
11/15/2014,RYY,GA,ASO,ES,Federal Contract Tower,0,1,25,0,26,0,7,127,3,137,0,8,152,3,163,135,0,135,298
11/16/2014,RYY,GA,ASO,ES,Federal Contract Tower,0,7,16,0,23,0,5,25,0,30,0,12,41,0,53,50,0,50,103
11/17/2014,RYY,GA,ASO,ES,Federal Contract Tower,0,3,19,0,22,0,2,2,0,4,0,5,21,0,26,0,0,0,26
11/18/2014,RYY,GA,ASO,ES,Federal Contract Tower,0,8,31,0,39,0,4,38,2,44,0,12,69,2,83,21,0,21,104
11/19/2014,RYY,GA,ASO,ES,Federal Contract Tower,0,13,19,0,32,0,0,89,4,93,0,13,108,4,125,234,0,234,359
11/20/2014,RYY,GA,ASO,ES,Federal Contract Tower,0,12,24,0,36,0,0,85,0,85,0,12,109,0,121,108,0,108,229
11/21/2014,RYY,GA,ASO,ES,Federal Contract Tower,0,13,29,0,42,0,4,108,0,112,0,17,137,0,154,244,0,244,398
11/22/2014,RYY,GA,ASO,ES,Federal Contract Tower,0,2,19,0,21,0,2,85,0,87,0,4,104,0,108,136,0,136,244
11/23/2014,RYY,GA,ASO,ES,Federal Contract Tower,0,3,15,0,18,0,0,0,0,0,0,3,15,0,18,0,0,0,18
11/24/2014,RYY,GA,ASO,ES,Federal Contract Tower,0,6,24,0,30,0,2,40,0,42,0,8,64,0,72,116,0,116,188
11/25/2014,RYY,GA,ASO,ES,Federal Contract Tower,0,14,31,0,45,0,7,59,2,68,0,21,90,2,113,86,0,86,199
11/26/2014,RYY,GA,ASO,ES,Federal Contract Tower,0,18,32,0,50,0,3,91,0,94,0,21,123,0,144,135,0,135,279
11/27/2014,RYY,GA,ASO,ES,Federal Contract Tower,0,4,12,0,16,0,2,13,0,15,0,6,25,0,31,8,0,8,39
11/28/2014,RYY,GA,ASO,ES,Federal Contract Tower,0,8,29,0,37,0,1,121,0,122,0,9,150,0,159,136,0,136,295
11/29/2014,RYY,GA,ASO,ES,Federal Contract Tower,0,6,21,0,27,0,0,93,1,94,0,6,114,1,121,136,0,136,257
11/30/2014,RYY,GA,ASO,ES,Federal Contract Tower,0,16,54,0,70,0,0,72,0,72,0,16,126,0,142,79,0,79,221
12/01/2014,RYY,GA,ASO,ES,Federal Contract Tower,0,3,25,0,28,0,0,66,0,66,0,3,91,0,94,97,0,97,191
12/02/2014,RYY,GA,ASO,ES,Federal Contract Tower,0,2,27,0,29,0,2,121,0,123,0,4,148,0,152,146,0,146,298
12/03/2014,RYY,GA,ASO,ES,Federal Contract Tower,0,8,34,0,42,0,2,68,2,72,0,10,102,2,114,101,0,101,215
12/04/2014,RYY,GA,ASO,ES,Federal Contract Tower,0,8,57,0,65,0,0,89,3,92,0,8,146,3,157,140,0,140,297
12/05/2014,RYY,GA,ASO,ES,Federal Contract Tower,0,4,30,0,34,0,2,0,0,2,0,6,30,0,36,0,0,0,36
12/06/2014,RYY,GA,ASO,ES,Federal Contract Tower,0,1,22,0,23,0,1,1,0,2,0,2,23,0,25,0,0,0,25
12/07/2014,RYY,GA,ASO,ES,Federal Contract Tower,0,4,26,0,30,0,1,127,3,131,0,5,153,3,161,120,0,120,281
12/08/2014,RYY,GA,ASO,ES,Federal Contract Tower,0,3,25,0,28,0,4,29,0,33,0,7,54,0,61,24,0,24,85
12/09/2014,RYY,GA,ASO,ES,Federal Contract Tower,0,10,35,2,47,0,6,66,0,72,0,16,101,2,119,52,0,52,171
12/10/2014,RYY,GA,ASO,ES,Federal Contract Tower,0,3,24,1,28,0,5,40,0,45,0,8,64,1,73,2,0,2,75
12/11/2014,RYY,GA,ASO,ES,Federal Contract Tower,0,5,24,0,29,0,0,86,0,86,0,5,110,0,115,64,0,64,179
12/12/2014,RYY,GA,ASO,ES,Federal Contract Tower,0,10,34,0,44,0,8,107,2,117,0,18,141,2,161,138,0,138,299
12/13/2014,RYY,GA,ASO,ES,Federal Contract Tower,0,8,20,0,28,0,7,96,8,111,0,15,116,8,139,88,0,88,227
12/14/2014,RYY,GA,ASO,ES,Federal Contract Tower,0,1,20,0,21,0,3,97,0,100,0,4,117,0,121,164,0,164,285
12/15/2014,RYY,GA,ASO,ES,Federal Contract Tower,0,7,25,0,32,0,4,55,0,59,0,11,80,0,91,52,0,52,143
12/16/2014,RYY,GA,ASO,ES,Federal Contract Tower,0,9,22,1,32,0,3,39,2,44,0,12,61,3,76,63,0,63,139
12/17/2014,RYY,GA,ASO,ES,Federal Contract Tower,0,2,41,5,48,0,4,52,1,57,0,6,93,6,105,76,0,76,181
12/18/2014,RYY,GA,ASO,ES,Federal Contract Tower,0,8,34,2,44,0,2,74,8,84,0,10,108,10,128,196,0,196,324
12/19/2014,RYY,GA,ASO,ES,Federal Contract Tower,0,2,18,0,20,0,3,92,0,95,0,5,110,0,115,136,0,136,251
12/20/2014,RYY,GA,ASO,ES,Federal Contract Tower,0,4,26,0,30,0,0,0,0,0,0,4,26,0,30,0,0,0,30
12/21/2014,RYY,GA,ASO,ES,Federal Contract Tower,0,5,31,0,36,0,0,4,0,4,0,5,35,0,40,2,0,2,42
12/22/2014,RYY,GA,ASO,ES,Federal Contract Tower,0,2,10,0,12,0,0,0,0,0,0,2,10,0,12,0,0,0,12
12/23/2014,RYY,GA,ASO,ES,Federal Contract Tower,0,4,11,0,15,0,0,0,0,0,0,4,11,0,15,0,0,0,15
12/24/2014,RYY,GA,ASO,ES,Federal Contract Tower,0,0,12,0,12,0,0,0,0,0,0,0,12,0,12,0,0,0,12
12/25/2014,RYY,GA,ASO,ES,Federal Contract Tower,0,3,4,0,7,0,0,8,0,8,0,3,12,0,15,2,0,2,17
12/26/2014,RYY,GA,ASO,ES,Federal Contract Tower,0,5,27,0,32,0,2,126,0,128,0,7,153,0,160,140,0,140,300
12/27/2014,RYY,GA,ASO,ES,Federal Contract Tower,0,5,23,0,28,0,0,57,0,57,0,5,80,0,85,72,0,72,157
12/28/2014,RYY,GA,ASO,ES,Federal Contract Tower,0,5,21,0,26,0,0,0,0,0,0,5,21,0,26,0,0,0,26
12/29/2014,RYY,GA,ASO,ES,Federal Contract Tower,0,10,30,0,40,0,2,11,0,13,0,12,41,0,53,18,0,18,71
12/30/2014,RYY,GA,ASO,ES,Federal Contract Tower,0,10,23,0,33,0,1,43,0,44,0,11,66,0,77,124,0,124,201
12/31/2014,RYY,GA,ASO,ES,Federal Contract Tower,0,4,15,0,19,0,0,36,0,36,0,4,51,0,55,74,0,74,129
01/01/2015,RYY,GA,ASO,ES,Federal Contract Tower,0,5,19,0,24,0,0,89,0,89,0,5,108,0,113,71,0,71,184
01/02/2015,RYY,GA,ASO,ES,Federal Contract Tower,0,10,27,0,37,0,0,0,0,0,0,10,27,0,37,18,0,18,55
01/03/2015,RYY,GA,ASO,ES,Federal Contract Tower,0,0,19,0,19,0,0,0,0,0,0,0,19,0,19,0,0,0,19
01/04/2015,RYY,GA,ASO,ES,Federal Contract Tower,0,7,23,0,30,0,0,14,0,14,0,7,37,0,44,24,0,24,68
01/05/2015,RYY,GA,ASO,ES,Federal Contract Tower,0,7,35,0,42,0,1,61,0,62,0,8,96,0,104,18,0,18,122
01/06/2015,RYY,GA,ASO,ES,Federal Contract Tower,0,4,11,1,16,0,10,72,7,89,0,14,83,8,105,34,2,36,141
01/07/2015,RYY,GA,ASO,ES,Federal Contract Tower,0,8,16,0,24,0,4,30,0,34,0,12,46,0,58,8,0,8,66
01/08/2015,RYY,GA,ASO,ES,Federal Contract Tower,0,3,17,0,20,0,1,56,0,57,0,4,73,0,77,52,0,52,129
01/09/2015,RYY,GA,ASO,ES,Federal Contract Tower,0,8,19,0,27,0,8,54,0,62,0,16,73,0,89,67,0,67,156
01/10/2015,RYY,GA,ASO,ES,Federal Contract Tower,0,3,11,0,14,0,2,125,7,134,0,5,136,7,148,174,2,176,324
01/11/2015,RYY,GA,ASO,ES,Federal Contract Tower,0,16,13,0,29,0,3,12,1,16,0,19,25,1,45,134,0,134,179
01/12/2015,RYY,GA,ASO,ES,Federal Contract Tower,0,2,8,0,10,0,0,0,0,0,0,2,8,0,10,0,0,0,10
01/13/2015,RYY,GA,ASO,ES,Federal Contract Tower,0,2,15,0,17,0,0,0,0,0,0,2,15,0,17,0,0,0,17
01/14/2015,RYY,GA,ASO,ES,Federal Contract Tower,0,11,52,2,65,0,0,6,0,6,0,11,58,2,71,14,0,14,85
01/15/2015,RYY,GA,ASO,ES,Federal Contract Tower,0,13,22,0,35,0,0,0,0,0,0,13,22,0,35,0,0,0,35
01/16/2015,RYY,GA,ASO,ES,Federal Contract Tower,0,14,37,0,51,0,4,201,0,205,0,18,238,0,256,99,0,99,355
01/17/2015,RYY,GA,ASO,ES,Federal Contract Tower,0,6,10,1,17,0,1,200,18,219,0,7,210,19,236,192,0,192,428
01/18/2015,RYY,GA,ASO,ES,Federal Contract Tower,0,6,13,0,19,0,17,77,0,94,0,23,90,0,113,78,0,78,191
01/19/2015,RYY,GA,ASO,ES,Federal Contract Tower,0,7,24,0,31,0,0,114,0,114,0,7,138,0,145,192,0,192,337
01/20/2015,RYY,GA,ASO,ES,Federal Contract Tower,0,4,40,0,44,0,1,102,0,103,0,5,142,0,147,131,0,131,278
01/21/2015,RYY,GA,ASO,ES,Federal Contract Tower,0,4,30,0,34,0,2,109,0,111,0,6,139,0,145,102,0,102,247
01/22/2015,RYY,GA,ASO,ES,Federal Contract Tower,0,4,35,2,41,0,62,1,0,63,0,66,36,2,104,79,0,79,183
01/23/2015,RYY,GA,ASO,ES,Federal Contract Tower,0,1,15,0,16,0,0,0,0,0,0,1,15,0,16,0,0,0,16
01/24/2015,RYY,GA,ASO,ES,Federal Contract Tower,0,3,14,0,17,0,3,40,0,43,0,6,54,0,60,0,0,0,60
01/25/2015,RYY,GA,ASO,ES,Federal Contract Tower,0,5,22,0,27,0,2,143,5,150,0,7,165,5,177,118,0,118,295
01/26/2015,RYY,GA,ASO,ES,Federal Contract Tower,0,1,16,0,17,0,2,22,0,24,0,3,38,0,41,44,0,44,85
01/27/2015,RYY,GA,ASO,ES,Federal Contract Tower,0,6,21,0,27,0,5,63,2,70,0,11,84,2,97,60,0,60,157
01/28/2015,RYY,GA,ASO,ES,Federal Contract Tower,0,5,29,0,34,0,6,196,21,223,0,11,225,21,257,188,2,190,447
01/29/2015,RYY,GA,ASO,ES,Federal Contract Tower,0,7,42,0,49,0,4,77,3,84,0,11,119,3,133,112,4,116,249
01/30/2015,RYY,GA,ASO,ES,Federal Contract Tower,0,7,16,0,23,0,6,52,0,58,0,13,68,0,81,0,2,2,83
01/31/2015,RYY,GA,ASO,ES,Federal Contract Tower,0,5,21,0,26,0,5,199,1,205,0,10,220,1,231,180,0,180,411
02/01/2015,RYY,GA,ASO,ES,Federal Contract Tower,0,6,14,0,20,0,4,23,0,27,0,10,37,0,47,32,0,32,79
02/02/2015,RYY,GA,ASO,ES,Federal Contract Tower,0,3,21,0,24,0,5,30,0,35,0,8,51,0,59,0,0,0,59
02/03/2015,RYY,GA,ASO,ES,Federal Contract Tower,0,6,26,1,33,0,3,96,3,102,0,9,122,4,135,109,0,109,244
02/04/2015,RYY,GA,ASO,ES,Federal Contract Tower,0,5,18,0,23,0,1,99,6,106,0,6,117,6,129,170,0,170,299
02/05/2015,RYY,GA,ASO,ES,Federal Contract Tower,0,8,29,0,37,0,8,51,2,61,0,16,80,2,98,32,0,32,130
02/06/2015,RYY,GA,ASO,ES,Federal Contract Tower,0,2,18,0,20,0,4,136,2,142,0,6,154,2,162,173,6,179,341
02/07/2015,RYY,GA,ASO,ES,Federal Contract Tower,0,6,14,0,20,0,3,178,6,187,0,9,192,6,207,54,2,56,263
02/08/2015,RYY,GA,ASO,ES,Federal Contract Tower,0,3,23,3,29,0,1,95,4,100,0,4,118,7,129,78,0,78,207
02/09/2015,RYY,GA,ASO,ES,Federal Contract Tower,0,6,27,0,33,0,0,4,0,4,0,6,31,0,37,0,0,0,37
02/10/2015,RYY,GA,ASO,ES,Federal Contract Tower,0,7,22,0,29,0,1,46,7,54,0,8,68,7,83,38,0,38,121
02/11/2015,RYY,GA,ASO,ES,Federal Contract Tower,0,6,38,2,46,0,5,127,6,138,0,11,165,8,184,62,0,62,246
02/12/2015,RYY,GA,ASO,ES,Federal Contract Tower,2,11,26,0,39,0,2,11,1,14,2,13,37,1,53,0,0,0,53
02/13/2015,RYY,GA,ASO,ES,Federal Contract Tower,0,6,24,0,30,0,0,77,1,78,0,6,101,1,108,63,0,63,171
02/14/2015,RYY,GA,ASO,ES,Federal Contract Tower,0,4,9,0,13,0,2,78,0,80,0,6,87,0,93,50,0,50,143
02/15/2015,RYY,GA,ASO,ES,Federal Contract Tower,0,5,13,0,18,0,0,53,0,53,0,5,66,0,71,72,0,72,143
02/16/2015,RYY,GA,ASO,ES,Federal Contract Tower,0,1,13,0,14,0,1,7,0,8,0,2,20,0,22,0,0,0,22
02/17/2015,RYY,GA,ASO,ES,Federal Contract Tower,0,10,11,0,21,0,0,59,2,61,0,10,70,2,82,5,0,5,87
02/18/2015,RYY,GA,ASO,ES,Federal Contract Tower,0,2,20,0,22,0,6,37,0,43,0,8,57,0,65,26,0,26,91
02/19/2015,RYY,GA,ASO,ES,Federal Contract Tower,0,3,20,0,23,0,7,43,2,52,0,10,63,2,75,4,0,4,79
02/20/2015,RYY,GA,ASO,ES,Federal Contract Tower,0,2,20,0,22,0,0,60,0,60,0,2,80,0,82,70,0,70,152
02/21/2015,RYY,GA,ASO,ES,Federal Contract Tower,0,0,10,0,10,0,1,31,1,33,0,1,41,1,43,66,0,66,109
02/22/2015,RYY,GA,ASO,ES,Federal Contract Tower,0,7,7,0,14,0,0,0,0,0,0,7,7,0,14,0,0,0,14
02/23/2015,RYY,GA,ASO,ES,Federal Contract Tower,0,2,25,0,27,0,2,28,0,30,0,4,53,0,57,24,0,24,81
02/24/2015,RYY,GA,ASO,ES,Federal Contract Tower,0,9,12,0,21,0,0,0,0,0,0,9,12,0,21,0,0,0,21
02/25/2015,RYY,GA,ASO,ES,Federal Contract Tower,0,6,13,0,19,0,2,20,0,22,0,8,33,0,41,8,0,8,49
02/26/2015,RYY,GA,ASO,ES,Federal Contract Tower,0,5,30,0,35,0,1,16,0,17,0,6,46,0,52,72,0,72,124
02/27/2015,RYY,GA,ASO,ES,Federal Contract Tower,0,11,32,0,43,0,2,119,1,122,0,13,151,1,165,86,0,86,251
02/28/2015,RYY,GA,ASO,ES,Federal Contract Tower,0,1,16,0,17,0,0,87,8,95,0,1,103,8,112,102,0,102,214
03/01/2015,RYY,GA,ASO,ES,Federal Contract Tower,0,12,15,0,27,0,0,5,0,5,0,12,20,0,32,20,0,20,52
03/02/2015,RYY,GA,ASO,ES,Federal Contract Tower,0,2,25,0,27,0,4,23,0,27,0,6,48,0,54,32,0,32,86
03/03/2015,RYY,GA,ASO,ES,Federal Contract Tower,0,7,17,0,24,0,0,0,0,0,0,7,17,0,24,0,0,0,24
03/04/2015,RYY,GA,ASO,ES,Federal Contract Tower,0,8,30,0,38,0,0,25,0,25,0,8,55,0,63,32,0,32,95
03/05/2015,RYY,GA,ASO,ES,Federal Contract Tower,0,3,34,0,37,0,0,0,0,0,0,3,34,0,37,0,0,0,37
03/06/2015,RYY,GA,ASO,ES,Federal Contract Tower,0,5,35,0,40,0,0,95,0,95,0,5,130,0,135,96,0,96,231
03/07/2015,RYY,GA,ASO,ES,Federal Contract Tower,0,8,25,0,33,0,0,176,3,179,0,8,201,3,212,219,0,219,431
03/08/2015,RYY,GA,ASO,ES,Federal Contract Tower,0,3,25,0,28,0,0,165,0,165,0,3,190,0,193,106,0,106,299
03/09/2015,RYY,GA,ASO,ES,Federal Contract Tower,0,3,32,0,35,0,0,71,0,71,0,3,103,0,106,146,0,146,252
03/10/2015,RYY,GA,ASO,ES,Federal Contract Tower,0,10,51,1,62,0,0,0,0,0,0,10,51,1,62,42,0,42,104
03/11/2015,RYY,GA,ASO,ES,Federal Contract Tower,0,7,31,1,39,0,2,3,0,5,0,9,34,1,44,34,0,34,78
03/12/2015,RYY,GA,ASO,ES,Federal Contract Tower,0,6,26,0,32,0,4,9,0,13,0,10,35,0,45,8,0,8,53
03/13/2015,RYY,GA,ASO,ES,Federal Contract Tower,0,4,22,0,26,0,0,0,0,0,0,4,22,0,26,0,0,0,26
03/14/2015,RYY,GA,ASO,ES,Federal Contract Tower,0,0,0,0,0,0,0,0,0,0,0,0,0,0,0,10,0,10,10
03/15/2015,RYY,GA,ASO,ES,Federal Contract Tower,0,7,23,0,30,0,5,205,1,211,0,12,228,1,241,147,4,151,392
03/16/2015,RYY,GA,ASO,ES,Federal Contract Tower,0,3,26,0,29,0,5,120,0,125,0,8,146,0,154,144,0,144,298
03/17/2015,RYY,GA,ASO,ES,Federal Contract Tower,0,7,29,0,36,0,3,73,4,80,0,10,102,4,116,68,2,70,186
03/18/2015,RYY,GA,ASO,ES,Federal Contract Tower,0,8,27,0,35,0,0,97,0,97,0,8,124,0,132,160,0,160,292
03/19/2015,RYY,GA,ASO,ES,Federal Contract Tower,0,4,26,0,30,0,0,0,0,0,0,4,26,0,30,0,0,0,30
03/20/2015,RYY,GA,ASO,ES,Federal Contract Tower,0,11,32,1,44,0,2,17,0,19,0,13,49,1,63,34,0,34,97
03/21/2015,RYY,GA,ASO,ES,Federal Contract Tower,0,8,22,0,30,0,2,123,0,125,0,10,145,0,155,79,0,79,234
03/22/2015,RYY,GA,ASO,ES,Federal Contract Tower,0,9,18,0,27,0,0,0,0,0,0,9,18,0,27,0,0,0,27
03/23/2015,RYY,GA,ASO,ES,Federal Contract Tower,0,5,36,0,41,0,6,55,0,61,0,11,91,0,102,16,0,16,118
03/24/2015,RYY,GA,ASO,ES,Federal Contract Tower,0,4,36,0,40,0,0,106,1,107,0,4,142,1,147,174,0,174,321
03/25/2015,RYY,GA,ASO,ES,Federal Contract Tower,0,10,35,0,45,0,8,47,0,55,0,18,82,0,100,107,0,107,207
03/26/2015,RYY,GA,ASO,ES,Federal Contract Tower,0,5,32,0,37,0,1,28,2,31,0,6,60,2,68,8,0,8,76
03/27/2015,RYY,GA,ASO,ES,Federal Contract Tower,0,3,26,0,29,0,2,22,0,24,0,5,48,0,53,8,0,8,61
03/28/2015,RYY,GA,ASO,ES,Federal Contract Tower,0,7,12,0,19,0,2,98,0,100,0,9,110,0,119,91,0,91,210
03/29/2015,RYY,GA,ASO,ES,Federal Contract Tower,0,14,18,0,32,0,9,164,3,176,0,23,182,3,208,145,0,145,353
03/30/2015,RYY,GA,ASO,ES,Federal Contract Tower,0,2,15,1,18,0,3,46,1,50,0,5,61,2,68,54,2,56,124
03/31/2015,RYY,GA,ASO,ES,Federal Contract Tower,0,8,11,6,25,0,3,62,0,65,0,11,73,6,90,173,0,173,263
04/01/2015,RYY,GA,ASO,ES,Federal Contract Tower,0,12,33,0,45,0,8,99,0,107,0,20,132,0,152,183,0,183,335
04/02/2015,RYY,GA,ASO,ES,Federal Contract Tower,0,11,30,0,41,0,2,6,0,8,0,13,36,0,49,36,0,36,85
04/03/2015,RYY,GA,ASO,ES,Federal Contract Tower,0,12,33,0,45,0,2,98,0,100,0,14,131,0,145,52,0,52,197
04/04/2015,RYY,GA,ASO,ES,Federal Contract Tower,0,1,18,0,19,0,4,76,0,80,0,5,94,0,99,16,0,16,115
04/05/2015,RYY,GA,ASO,ES,Federal Contract Tower,0,10,29,0,39,0,2,50,0,52,0,12,79,0,91,46,0,46,137
04/06/2015,RYY,GA,ASO,ES,Federal Contract Tower,0,16,29,0,45,0,3,12,0,15,0,19,41,0,60,123,0,123,183
04/07/2015,RYY,GA,ASO,ES,Federal Contract Tower,0,7,28,0,35,0,5,32,0,37,0,12,60,0,72,205,0,205,277
04/08/2015,RYY,GA,ASO,ES,Federal Contract Tower,0,10,25,0,35,0,2,97,2,101,0,12,122,2,136,211,0,211,347
04/09/2015,RYY,GA,ASO,ES,Federal Contract Tower,0,10,28,0,38,0,4,83,0,87,0,14,111,0,125,96,0,96,221
04/10/2015,RYY,GA,ASO,ES,Federal Contract Tower,0,4,24,0,28,0,0,3,0,3,0,4,27,0,31,0,0,0,31
04/11/2015,RYY,GA,ASO,ES,Federal Contract Tower,0,9,28,0,37,0,0,138,0,138,0,9,166,0,175,168,0,168,343
04/12/2015,RYY,GA,ASO,ES,Federal Contract Tower,0,9,28,3,40,0,5,29,0,34,0,14,57,3,74,154,0,154,228
04/13/2015,RYY,GA,ASO,ES,Federal Contract Tower,0,5,47,0,52,0,0,2,0,2,0,5,49,0,54,0,0,0,54
04/14/2015,RYY,GA,ASO,ES,Federal Contract Tower,0,6,29,0,35,0,10,39,2,51,0,16,68,2,86,108,0,108,194
04/15/2015,RYY,GA,ASO,ES,Federal Contract Tower,0,9,34,2,45,0,2,16,0,18,0,11,50,2,63,4,0,4,67
04/16/2015,RYY,GA,ASO,ES,Federal Contract Tower,0,14,31,0,45,0,0,0,0,0,0,14,31,0,45,0,0,0,45
04/17/2015,RYY,GA,ASO,ES,Federal Contract Tower,0,5,30,0,35,0,0,0,0,0,0,5,30,0,35,0,0,0,35
04/18/2015,RYY,GA,ASO,ES,Federal Contract Tower,0,5,33,0,38,0,2,15,0,17,0,7,48,0,55,68,0,68,123
04/19/2015,RYY,GA,ASO,ES,Federal Contract Tower,0,9,19,0,28,0,0,6,0,6,0,9,25,0,34,0,0,0,34
04/20/2015,RYY,GA,ASO,ES,Federal Contract Tower,0,6,29,0,35,0,8,22,0,30,0,14,51,0,65,32,0,32,97
04/21/2015,RYY,GA,ASO,ES,Federal Contract Tower,0,5,25,2,32,0,4,184,1,189,0,9,209,3,221,176,0,176,397
04/22/2015,RYY,GA,ASO,ES,Federal Contract Tower,0,4,40,0,44,0,18,105,7,130,0,22,145,7,174,103,18,121,295
04/23/2015,RYY,GA,ASO,ES,Federal Contract Tower,0,12,30,0,42,0,0,118,0,118,0,12,148,0,160,86,0,86,246
04/24/2015,RYY,GA,ASO,ES,Federal Contract Tower,0,6,25,0,31,0,4,114,0,118,0,10,139,0,149,98,0,98,247
04/25/2015,RYY,GA,ASO,ES,Federal Contract Tower,0,2,15,0,17,0,0,10,0,10,0,2,25,0,27,24,0,24,51
04/26/2015,RYY,GA,ASO,ES,Federal Contract Tower,0,6,31,1,38,0,3,46,0,49,0,9,77,1,87,38,0,38,125
04/27/2015,RYY,GA,ASO,ES,Federal Contract Tower,0,3,19,0,22,0,5,94,1,100,0,8,113,1,122,54,0,54,176
04/28/2015,RYY,GA,ASO,ES,Federal Contract Tower,0,6,23,0,29,0,4,76,0,80,0,10,99,0,109,140,0,140,249
04/29/2015,RYY,GA,ASO,ES,Federal Contract Tower,0,5,29,0,34,0,2,7,0,9,0,7,36,0,43,6,0,6,49
04/30/2015,RYY,GA,ASO,ES,Federal Contract Tower,2,13,54,0,69,0,6,104,0,110,2,19,158,0,179,128,0,128,307
05/01/2015,RYY,GA,ASO,ES,Federal Contract Tower,0,7,32,0,39,0,4,91,4,99,0,11,123,4,138,70,0,70,208
05/02/2015,RYY,GA,ASO,ES,Federal Contract Tower,0,0,21,1,22,0,7,226,9,242,0,7,247,10,264,194,0,194,458
05/03/2015,RYY,GA,ASO,ES,Federal Contract Tower,0,4,31,0,35,0,0,227,2,229,0,4,258,2,264,120,6,126,390
05/04/2015,RYY,GA,ASO,ES,Federal Contract Tower,0,9,30,0,39,0,3,70,4,77,0,12,100,4,116,114,0,114,230
05/05/2015,RYY,GA,ASO,ES,Federal Contract Tower,0,10,20,0,30,0,1,80,3,84,0,11,100,3,114,84,0,84,198
05/06/2015,RYY,GA,ASO,ES,Federal Contract Tower,0,6,17,0,23,0,2,87,0,89,0,8,104,0,112,108,0,108,220
05/07/2015,RYY,GA,ASO,ES,Federal Contract Tower,0,12,33,0,45,0,2,106,2,110,0,14,139,2,155,91,0,91,246
05/08/2015,RYY,GA,ASO,ES,Federal Contract Tower,0,5,39,0,44,0,1,86,0,87,0,6,125,0,131,84,0,84,215
05/09/2015,RYY,GA,ASO,ES,Federal Contract Tower,0,0,22,0,22,0,2,99,0,101,0,2,121,0,123,102,0,102,225
05/10/2015,RYY,GA,ASO,ES,Federal Contract Tower,0,7,15,0,22,0,6,56,0,62,0,13,71,0,84,85,0,85,169
05/11/2015,RYY,GA,ASO,ES,Federal Contract Tower,0,3,38,0,41,0,7,83,0,90,0,10,121,0,131,140,0,140,271
05/12/2015,RYY,GA,ASO,ES,Federal Contract Tower,0,7,26,0,33,0,1,86,0,87,0,8,112,0,120,250,0,250,370
05/13/2015,RYY,GA,ASO,ES,Federal Contract Tower,0,0,25,0,25,0,3,67,0,70,0,3,92,0,95,140,0,140,235
05/14/2015,RYY,GA,ASO,ES,Federal Contract Tower,0,11,45,0,56,0,3,81,4,88,0,14,126,4,144,53,0,53,197
05/15/2015,RYY,GA,ASO,ES,Federal Contract Tower,0,9,18,0,27,0,1,55,0,56,0,10,73,0,83,64,0,64,147
05/16/2015,RYY,GA,ASO,ES,Federal Contract Tower,0,0,19,0,19,0,0,124,0,124,0,0,143,0,143,84,0,84,227
05/17/2015,RYY,GA,ASO,ES,Federal Contract Tower,0,6,24,0,30,0,0,19,1,20,0,6,43,1,50,96,0,96,146
05/18/2015,RYY,GA,ASO,ES,Federal Contract Tower,0,10,25,0,35,0,2,25,2,29,0,12,50,2,64,28,0,28,92
05/19/2015,RYY,GA,ASO,ES,Federal Contract Tower,0,3,36,0,39,0,3,59,2,64,0,6,95,2,103,184,0,184,287
05/20/2015,RYY,GA,ASO,ES,Federal Contract Tower,0,3,34,0,37,0,3,90,6,99,0,6,124,6,136,160,0,160,296
05/21/2015,RYY,GA,ASO,ES,Federal Contract Tower,0,5,42,1,48,0,11,69,1,81,0,16,111,2,129,84,0,84,213
05/22/2015,RYY,GA,ASO,ES,Federal Contract Tower,0,11,40,0,51,0,3,90,0,93,0,14,130,0,144,191,0,191,335
05/23/2015,RYY,GA,ASO,ES,Federal Contract Tower,0,0,19,0,19,0,2,84,0,86,0,2,103,0,105,146,0,146,251
05/24/2015,RYY,GA,ASO,ES,Federal Contract Tower,0,2,19,0,21,0,2,33,0,35,0,4,52,0,56,64,0,64,120
05/25/2015,RYY,GA,ASO,ES,Federal Contract Tower,0,6,25,0,31,0,0,17,0,17,0,6,42,0,48,118,0,118,166
05/26/2015,RYY,GA,ASO,ES,Federal Contract Tower,0,6,36,0,42,0,0,3,0,3,0,6,39,0,45,10,0,10,55
05/27/2015,RYY,GA,ASO,ES,Federal Contract Tower,0,4,36,0,40,0,1,25,3,29,0,5,61,3,69,46,0,46,115
05/28/2015,RYY,GA,ASO,ES,Federal Contract Tower,0,6,31,0,37,0,4,56,0,60,0,10,87,0,97,109,0,109,206
05/29/2015,RYY,GA,ASO,ES,Federal Contract Tower,0,7,27,0,34,0,0,78,1,79,0,7,105,1,113,113,0,113,226
05/30/2015,RYY,GA,ASO,ES,Federal Contract Tower,0,3,18,0,21,0,0,122,4,126,0,3,140,4,147,176,0,176,323
05/31/2015,RYY,GA,ASO,ES,Federal Contract Tower,0,3,17,1,21,0,1,43,0,44,0,4,60,1,65,86,3,89,154
06/01/2015,RYY,GA,ASO,ES,Federal Contract Tower,0,6,19,0,25,0,5,24,3,32,0,11,43,3,57,54,0,54,111
06/02/2015,RYY,GA,ASO,ES,Federal Contract Tower,0,10,31,0,41,0,1,49,0,50,0,11,80,0,91,161,0,161,252
06/03/2015,RYY,GA,ASO,ES,Federal Contract Tower,0,3,29,0,32,0,2,58,0,60,0,5,87,0,92,98,0,98,190
06/04/2015,RYY,GA,ASO,ES,Federal Contract Tower,0,10,33,0,43,0,3,52,3,58,0,13,85,3,101,110,10,120,221
06/05/2015,RYY,GA,ASO,ES,Federal Contract Tower,0,6,27,0,33,0,0,139,0,139,0,6,166,0,172,70,0,70,242
06/06/2015,RYY,GA,ASO,ES,Federal Contract Tower,0,9,16,0,25,0,0,102,0,102,0,9,118,0,127,40,0,40,167
06/07/2015,RYY,GA,ASO,ES,Federal Contract Tower,0,6,20,0,26,0,4,103,0,107,0,10,123,0,133,138,0,138,271
06/08/2015,RYY,GA,ASO,ES,Federal Contract Tower,0,5,24,0,29,0,2,69,0,71,0,7,93,0,100,45,0,45,145
06/09/2015,RYY,GA,ASO,ES,Federal Contract Tower,0,8,24,0,32,0,2,43,0,45,0,10,67,0,77,123,0,123,200
06/10/2015,RYY,GA,ASO,ES,Federal Contract Tower,0,9,22,0,31,0,3,111,0,114,0,12,133,0,145,90,0,90,235
06/11/2015,RYY,GA,ASO,ES,Federal Contract Tower,0,12,39,1,52,0,3,22,0,25,0,15,61,1,77,8,0,8,85
06/12/2015,RYY,GA,ASO,ES,Federal Contract Tower,0,18,34,0,52,0,0,49,0,49,0,18,83,0,101,78,0,78,179
06/13/2015,RYY,GA,ASO,ES,Federal Contract Tower,0,5,17,0,22,0,4,108,0,112,0,9,125,0,134,148,0,148,282
06/14/2015,RYY,GA,ASO,ES,Federal Contract Tower,0,12,22,0,34,0,0,104,0,104,0,12,126,0,138,152,0,152,290
06/15/2015,RYY,GA,ASO,ES,Federal Contract Tower,0,3,15,0,18,0,1,59,0,60,0,4,74,0,78,78,0,78,156
06/16/2015,RYY,GA,ASO,ES,Federal Contract Tower,0,2,22,0,24,0,2,93,0,95,0,4,115,0,119,103,0,103,222
06/17/2015,RYY,GA,ASO,ES,Federal Contract Tower,0,3,28,0,31,0,4,104,2,110,0,7,132,2,141,160,0,160,301
06/18/2015,RYY,GA,ASO,ES,Federal Contract Tower,0,3,23,1,27,0,3,66,2,71,0,6,89,3,98,128,0,128,226
06/19/2015,RYY,GA,ASO,ES,Federal Contract Tower,0,10,21,0,31,0,3,80,0,83,0,13,101,0,114,103,0,103,217
06/20/2015,RYY,GA,ASO,ES,Federal Contract Tower,0,3,17,0,20,0,8,52,5,65,0,11,69,5,85,52,0,52,137
06/21/2015,RYY,GA,ASO,ES,Federal Contract Tower,0,0,23,0,23,0,0,64,2,66,0,0,87,2,89,112,0,112,201
06/22/2015,RYY,GA,ASO,ES,Federal Contract Tower,0,9,33,0,42,0,1,113,0,114,0,10,146,0,156,121,0,121,277
06/23/2015,RYY,GA,ASO,ES,Federal Contract Tower,0,7,39,0,46,0,0,86,3,89,0,7,125,3,135,190,0,190,325
06/24/2015,RYY,GA,ASO,ES,Federal Contract Tower,0,15,24,0,39,0,2,70,0,72,0,17,94,0,111,64,0,64,175
06/25/2015,RYY,GA,ASO,ES,Federal Contract Tower,0,4,32,0,36,0,3,112,1,116,0,7,144,1,152,122,0,122,274
06/26/2015,RYY,GA,ASO,ES,Federal Contract Tower,0,3,21,0,24,0,2,73,1,76,0,5,94,1,100,82,0,82,182
06/27/2015,RYY,GA,ASO,ES,Federal Contract Tower,0,4,18,0,22,0,3,18,0,21,0,7,36,0,43,64,0,64,107
06/28/2015,RYY,GA,ASO,ES,Federal Contract Tower,0,1,16,2,19,0,0,79,1,80,0,1,95,3,99,60,0,60,159
06/29/2015,RYY,GA,ASO,ES,Federal Contract Tower,0,3,22,0,25,0,4,94,0,98,0,7,116,0,123,116,0,116,239
06/30/2015,RYY,GA,ASO,ES,Federal Contract Tower,0,5,29,0,34,0,1,34,3,38,0,6,63,3,72,68,0,68,140
07/01/2015,RYY,GA,ASO,ES,Federal Contract Tower,0,8,27,1,36,0,0,26,2,28,0,8,53,3,64,54,0,54,118
07/02/2015,RYY,GA,ASO,ES,Federal Contract Tower,0,6,23,0,29,0,12,55,5,72,0,18,78,5,101,139,0,139,240
07/03/2015,RYY,GA,ASO,ES,Federal Contract Tower,0,5,20,0,25,0,1,4,0,5,0,6,24,0,30,12,0,12,42
07/04/2015,RYY,GA,ASO,ES,Federal Contract Tower,0,1,8,0,9,0,3,11,0,14,0,4,19,0,23,37,0,37,60
07/05/2015,RYY,GA,ASO,ES,Federal Contract Tower,0,5,16,0,21,0,2,22,0,24,0,7,38,0,45,32,0,32,77
07/06/2015,RYY,GA,ASO,ES,Federal Contract Tower,0,10,34,0,44,0,0,61,0,61,0,10,95,0,105,70,0,70,175
07/07/2015,RYY,GA,ASO,ES,Federal Contract Tower,0,4,24,0,28,0,3,74,4,81,0,7,98,4,109,141,0,141,250
07/08/2015,RYY,GA,ASO,ES,Federal Contract Tower,0,11,22,0,33,0,8,112,0,120,0,19,134,0,153,182,2,184,337
07/09/2015,RYY,GA,ASO,ES,Federal Contract Tower,0,9,33,1,43,0,2,114,2,118,0,11,147,3,161,161,0,161,322
07/10/2015,RYY,GA,ASO,ES,Federal Contract Tower,0,9,33,1,43,0,2,114,2,118,0,11,147,3,161,161,0,161,322
07/11/2015,RYY,GA,ASO,ES,Federal Contract Tower,0,5,34,2,41,0,0,86,0,86,0,5,120,2,127,212,0,212,339
07/12/2015,RYY,GA,ASO,ES,Federal Contract Tower,0,10,22,0,32,0,0,66,0,66,0,10,88,0,98,109,0,109,207
07/13/2015,RYY,GA,ASO,ES,Federal Contract Tower,0,8,13,0,21,0,6,76,1,83,0,14,89,1,104,74,0,74,178
07/14/2015,RYY,GA,ASO,ES,Federal Contract Tower,0,1,21,0,22,0,1,43,6,50,0,2,64,6,72,99,0,99,171
07/15/2015,RYY,GA,ASO,ES,Federal Contract Tower,0,6,26,2,34,0,1,73,0,74,0,7,99,2,108,200,0,200,308
07/16/2015,RYY,GA,ASO,ES,Federal Contract Tower,0,3,18,0,21,0,76,8,0,84,0,79,26,0,105,120,0,120,225
07/17/2015,RYY,GA,ASO,ES,Federal Contract Tower,0,3,18,0,21,0,8,76,0,84,0,11,94,0,105,120,0,120,225
07/18/2015,RYY,GA,ASO,ES,Federal Contract Tower,0,4,14,0,18,0,0,113,4,117,0,4,127,4,135,127,0,127,262
07/19/2015,RYY,GA,ASO,ES,Federal Contract Tower,0,9,13,0,22,0,3,71,0,74,0,12,84,0,96,145,0,145,241
07/20/2015,RYY,GA,ASO,ES,Federal Contract Tower,0,3,31,0,34,0,4,52,0,56,0,7,83,0,90,64,0,64,154
07/21/2015,RYY,GA,ASO,ES,Federal Contract Tower,0,6,32,0,38,0,4,64,0,68,0,10,96,0,106,84,0,84,190
07/22/2015,RYY,GA,ASO,ES,Federal Contract Tower,0,3,30,1,34,0,1,61,0,62,0,4,91,1,96,84,0,84,180
07/23/2015,RYY,GA,ASO,ES,Federal Contract Tower,0,13,20,0,33,0,5,60,0,65,0,18,80,0,98,134,0,134,232
07/24/2015,RYY,GA,ASO,ES,Federal Contract Tower,0,9,44,0,53,0,0,78,2,80,0,9,122,2,133,66,0,66,199
07/25/2015,RYY,GA,ASO,ES,Federal Contract Tower,0,4,26,0,30,0,2,89,0,91,0,6,115,0,121,94,0,94,215
07/26/2015,RYY,GA,ASO,ES,Federal Contract Tower,0,1,28,0,29,0,0,93,0,93,0,1,121,0,122,86,0,86,208
07/27/2015,RYY,GA,ASO,ES,Federal Contract Tower,0,3,26,0,29,0,1,85,2,88,0,4,111,2,117,98,0,98,215
07/28/2015,RYY,GA,ASO,ES,Federal Contract Tower,0,7,38,2,47,0,4,91,2,97,0,11,129,4,144,172,0,172,316
07/29/2015,RYY,GA,ASO,ES,Federal Contract Tower,0,5,36,5,46,0,6,110,2,118,0,11,146,7,164,99,0,99,263
07/30/2015,RYY,GA,ASO,ES,Federal Contract Tower,0,12,26,4,42,0,3,87,2,92,0,15,113,6,134,26,0,26,160
07/31/2015,RYY,GA,ASO,ES,Federal Contract Tower,0,5,33,0,38,0,1,75,1,77,0,6,108,1,115,82,0,82,197
08/01/2015,RYY,GA,ASO,ES,Federal Contract Tower,0,9,17,0,26,0,4,98,0,102,0,13,115,0,128,64,0,64,192
08/02/2015,RYY,GA,ASO,ES,Federal Contract Tower,0,6,21,0,27,0,2,71,1,74,0,8,92,1,101,98,6,104,205
08/03/2015,RYY,GA,ASO,ES,Federal Contract Tower,0,8,14,1,23,0,2,84,0,86,0,10,98,1,109,106,0,106,215
08/04/2015,RYY,GA,ASO,ES,Federal Contract Tower,0,8,19,0,27,0,6,92,0,98,0,14,111,0,125,158,0,158,283
08/05/2015,RYY,GA,ASO,ES,Federal Contract Tower,0,3,19,0,22,0,3,65,0,68,0,6,84,0,90,161,0,161,251
08/06/2015,RYY,GA,ASO,ES,Federal Contract Tower,0,11,21,1,33,0,0,0,0,0,0,11,21,1,33,24,0,24,57
08/07/2015,RYY,GA,ASO,ES,Federal Contract Tower,0,7,24,0,31,0,4,55,0,59,0,11,79,0,90,84,0,84,174
08/08/2015,RYY,GA,ASO,ES,Federal Contract Tower,0,11,17,2,30,0,2,153,2,157,0,13,170,4,187,211,0,211,398
08/09/2015,RYY,GA,ASO,ES,Federal Contract Tower,0,8,23,0,31,0,8,79,0,87,0,16,102,0,118,119,0,119,237
08/10/2015,RYY,GA,ASO,ES,Federal Contract Tower,0,14,20,0,34,0,7,59,0,66,0,21,79,0,100,64,0,64,164
08/11/2015,RYY,GA,ASO,ES,Federal Contract Tower,0,14,21,0,35,0,3,59,1,63,0,17,80,1,98,124,0,124,222
08/12/2015,RYY,GA,ASO,ES,Federal Contract Tower,0,4,24,0,28,0,3,87,0,90,0,7,111,0,118,87,0,87,205
08/13/2015,RYY,GA,ASO,ES,Federal Contract Tower,0,7,29,2,38,0,6,86,0,92,0,13,115,2,130,104,0,104,234
08/14/2015,RYY,GA,ASO,ES,Federal Contract Tower,0,7,31,0,38,0,2,62,1,65,0,9,93,1,103,170,0,170,273
08/15/2015,RYY,GA,ASO,ES,Federal Contract Tower,0,1,22,0,23,0,8,134,0,142,0,9,156,0,165,220,0,220,385
08/16/2015,RYY,GA,ASO,ES,Federal Contract Tower,0,5,23,0,28,0,3,81,0,84,0,8,104,0,112,122,0,122,234
08/17/2015,RYY,GA,ASO,ES,Federal Contract Tower,0,2,30,0,32,0,2,25,0,27,0,4,55,0,59,48,0,48,107
08/18/2015,RYY,GA,ASO,ES,Federal Contract Tower,0,8,19,0,27,0,3,11,0,14,0,11,30,0,41,36,0,36,77
08/19/2015,RYY,GA,ASO,ES,Federal Contract Tower,0,2,23,3,28,0,1,28,1,30,0,3,51,4,58,91,0,91,149
08/20/2015,RYY,GA,ASO,ES,Federal Contract Tower,0,11,35,1,47,0,4,51,4,59,0,15,86,5,106,80,0,80,186
08/21/2015,RYY,GA,ASO,ES,Federal Contract Tower,0,6,29,0,35,0,2,83,0,85,0,8,112,0,120,120,0,120,240
08/22/2015,RYY,GA,ASO,ES,Federal Contract Tower,0,2,9,0,11,0,6,117,2,125,0,8,126,2,136,234,0,234,370
08/23/2015,RYY,GA,ASO,ES,Federal Contract Tower,0,6,24,0,30,0,0,41,2,43,0,6,65,2,73,24,0,24,97
08/24/2015,RYY,GA,ASO,ES,Federal Contract Tower,0,10,29,2,41,0,1,71,1,73,0,11,100,3,114,114,0,114,228
08/27/2015,RYY,GA,ASO,ES,Federal Contract Tower,0,7,40,6,53,0,10,99,8,117,0,17,139,14,170,66,0,66,236
08/28/2015,RYY,GA,ASO,ES,Federal Contract Tower,0,13,33,16,62,0,5,47,1,53,0,18,80,17,115,82,0,82,197
08/29/2015,RYY,GA,ASO,ES,Federal Contract Tower,0,1,21,0,22,0,0,33,0,33,0,1,54,0,55,76,0,76,131
08/30/2015,RYY,GA,ASO,ES,Federal Contract Tower,0,7,30,2,39,0,0,25,0,25,0,7,55,2,64,18,0,18,82
08/31/2015,RYY,GA,ASO,ES,Federal Contract Tower,0,10,21,8,39,0,2,72,0,74,0,12,93,8,113,114,0,114,227
09/01/2015,RYY,GA,ASO,ES,Federal Contract Tower,0,7,19,7,33,0,5,144,2,151,0,12,163,9,184,182,0,182,366
09/02/2015,RYY,GA,ASO,ES,Federal Contract Tower,0,5,26,2,33,0,8,94,0,102,0,13,120,2,135,64,0,64,199
09/03/2015,RYY,GA,ASO,ES,Federal Contract Tower,0,17,29,0,46,0,0,52,3,55,0,17,81,3,101,122,0,122,223
09/04/2015,RYY,GA,ASO,ES,Federal Contract Tower,0,11,30,0,41,0,2,112,0,114,0,13,142,0,155,158,0,158,313
09/05/2015,RYY,GA,ASO,ES,Federal Contract Tower,0,0,8,0,8,0,0,64,2,66,0,0,72,2,74,4,0,4,78
09/06/2015,RYY,GA,ASO,ES,Federal Contract Tower,0,1,24,2,27,0,3,36,0,39,0,4,60,2,66,96,0,96,162
09/07/2015,RYY,GA,ASO,ES,Federal Contract Tower,0,8,35,0,43,0,2,67,0,69,0,10,102,0,112,122,0,122,234
09/08/2015,RYY,GA,ASO,ES,Federal Contract Tower,0,6,32,3,41,0,3,44,7,54,0,9,76,10,95,114,0,114,209
09/09/2015,RYY,GA,ASO,ES,Federal Contract Tower,0,4,26,8,38,0,6,12,1,19,0,10,38,9,57,16,0,16,73
09/10/2015,RYY,GA,ASO,ES,Federal Contract Tower,0,7,43,0,50,0,8,29,3,40,0,15,72,3,90,84,0,84,174
09/11/2015,RYY,GA,ASO,ES,Federal Contract Tower,0,6,33,0,39,0,7,60,0,67,0,13,93,0,106,158,0,158,264
09/12/2015,RYY,GA,ASO,ES,Federal Contract Tower,0,0,16,0,16,0,2,56,0,58,0,2,72,0,74,54,2,56,130
09/13/2015,RYY,GA,ASO,ES,Federal Contract Tower,0,6,16,0,22,0,4,94,0,98,0,10,110,0,120,76,0,76,196
09/14/2015,RYY,GA,ASO,ES,Federal Contract Tower,0,3,22,2,27,0,1,65,2,68,0,4,87,4,95,161,8,169,264
09/15/2015,RYY,GA,ASO,ES,Federal Contract Tower,0,8,28,2,38,0,1,118,3,122,0,9,146,5,160,190,2,192,352
09/16/2015,RYY,GA,ASO,ES,Federal Contract Tower,0,11,26,2,39,0,8,99,12,119,0,19,125,14,158,136,0,136,294
09/17/2015,RYY,GA,ASO,ES,Federal Contract Tower,0,12,31,0,43,0,0,105,7,112,0,12,136,7,155,162,0,162,317
09/18/2015,RYY,GA,ASO,ES,Federal Contract Tower,0,3,31,0,34,0,3,105,6,114,0,6,136,6,148,140,0,140,288
09/19/2015,RYY,GA,ASO,ES,Federal Contract Tower,0,6,17,0,23,0,5,128,4,137,0,11,145,4,160,122,0,122,282
09/20/2015,RYY,GA,ASO,ES,Federal Contract Tower,0,11,23,0,34,0,5,93,0,98,0,16,116,0,132,40,0,40,172
09/21/2015,RYY,GA,ASO,ES,Federal Contract Tower,0,12,28,0,40,0,7,37,0,44,0,19,65,0,84,58,0,58,142
09/22/2015,RYY,GA,ASO,ES,Federal Contract Tower,0,9,28,0,37,0,5,22,1,28,0,14,50,1,65,52,0,52,117
09/23/2015,RYY,GA,ASO,ES,Federal Contract Tower,0,12,28,3,43,0,3,85,0,88,0,15,113,3,131,74,0,74,205
09/24/2015,RYY,GA,ASO,ES,Federal Contract Tower,0,9,29,4,42,0,2,47,2,51,0,11,76,6,93,68,6,74,167
09/25/2015,RYY,GA,ASO,ES,Federal Contract Tower,0,11,21,0,32,0,0,0,0,0,0,11,21,0,32,0,0,0,32
09/26/2015,RYY,GA,ASO,ES,Federal Contract Tower,0,12,20,0,32,0,0,0,0,0,0,12,20,0,32,0,0,0,32
09/27/2015,RYY,GA,ASO,ES,Federal Contract Tower,0,7,45,2,54,0,2,11,0,13,0,9,56,2,67,16,0,16,83
09/28/2015,RYY,GA,ASO,ES,Federal Contract Tower,0,8,23,0,31,0,0,0,0,0,0,8,23,0,31,0,0,0,31
09/29/2015,RYY,GA,ASO,ES,Federal Contract Tower,0,8,23,1,32,0,2,7,0,9,0,10,30,1,41,50,0,50,91
09/30/2015,RYY,GA,ASO,ES,Federal Contract Tower,0,7,35,3,45,0,3,85,3,91,0,10,120,6,136,88,0,88,224
10/01/2015,RYY,GA,ASO,ES,Federal Contract Tower,0,13,53,0,66,0,3,1,0,4,0,16,54,0,70,32,0,32,102
10/02/2015,RYY,GA,ASO,ES,Federal Contract Tower,0,14,26,0,40,0,1,3,0,4,0,15,29,0,44,12,0,12,56
10/03/2015,RYY,GA,ASO,ES,Federal Contract Tower,0,2,23,2,27,0,0,0,0,0,0,2,23,2,27,0,0,0,27
10/04/2015,RYY,GA,ASO,ES,Federal Contract Tower,0,7,20,2,29,0,0,2,0,2,0,7,22,2,31,0,4,4,35
10/05/2015,RYY,GA,ASO,ES,Federal Contract Tower,0,10,27,1,38,2,0,28,1,31,2,10,55,2,69,36,0,36,105
10/06/2015,RYY,GA,ASO,ES,Federal Contract Tower,0,5,26,0,31,4,14,87,6,111,4,19,113,6,142,194,18,212,354
10/07/2015,RYY,GA,ASO,ES,Federal Contract Tower,0,12,25,2,39,0,3,118,0,121,0,15,143,2,160,156,0,156,316
10/08/2015,RYY,GA,ASO,ES,Federal Contract Tower,0,5,25,3,33,0,8,128,2,138,0,13,153,5,171,193,4,197,368
10/09/2015,RYY,GA,ASO,ES,Federal Contract Tower,0,10,36,1,47,0,5,96,2,103,0,15,132,3,150,123,2,125,275
10/10/2015,RYY,GA,ASO,ES,Federal Contract Tower,0,0,21,0,21,0,0,6,0,6,0,0,27,0,27,49,0,49,76
10/11/2015,RYY,GA,ASO,ES,Federal Contract Tower,0,9,28,0,37,0,4,111,0,115,0,13,139,0,152,166,0,166,318
10/12/2015,RYY,GA,ASO,ES,Federal Contract Tower,0,3,32,0,35,0,0,59,0,59,0,3,91,0,94,106,0,106,200
10/13/2015,RYY,GA,ASO,ES,Federal Contract Tower,0,4,20,0,24,0,1,43,5,49,0,5,63,5,73,93,0,93,166
10/14/2015,RYY,GA,ASO,ES,Federal Contract Tower,0,8,19,3,30,0,5,80,8,93,0,13,99,11,123,154,0,154,277
10/15/2015,RYY,GA,ASO,ES,Federal Contract Tower,0,10,23,0,33,0,0,136,6,142,0,10,159,6,175,178,0,178,353
10/16/2015,RYY,GA,ASO,ES,Federal Contract Tower,1,10,27,0,38,0,3,66,4,73,1,13,93,4,111,109,0,109,220
10/17/2015,RYY,GA,ASO,ES,Federal Contract Tower,0,2,22,0,24,0,5,110,0,115,0,7,132,0,139,88,0,88,227
10/18/2015,RYY,GA,ASO,ES,Federal Contract Tower,0,9,24,0,33,0,2,103,0,105,0,11,127,0,138,108,0,108,246
10/19/2015,RYY,GA,ASO,ES,Federal Contract Tower,0,5,27,0,32,0,4,69,1,74,0,9,96,1,106,80,12,92,198
10/20/2015,RYY,GA,ASO,ES,Federal Contract Tower,0,5,29,0,34,0,7,83,1,91,0,12,112,1,125,80,0,80,205
10/21/2015,RYY,GA,ASO,ES,Federal Contract Tower,0,7,23,2,32,0,6,76,5,87,0,13,99,7,119,128,6,134,253
10/22/2015,RYY,GA,ASO,ES,Federal Contract Tower,0,8,31,0,39,0,2,111,2,115,0,10,142,2,154,98,6,104,258
10/23/2015,RYY,GA,ASO,ES,Federal Contract Tower,0,3,29,0,32,0,10,108,0,118,0,13,137,0,150,177,0,177,327
10/24/2015,RYY,GA,ASO,ES,Federal Contract Tower,0,4,20,0,24,0,4,75,0,79,0,8,95,0,103,97,0,97,200
10/25/2015,RYY,GA,ASO,ES,Federal Contract Tower,0,8,24,0,32,0,8,26,0,34,0,16,50,0,66,62,0,62,128
10/26/2015,RYY,GA,ASO,ES,Federal Contract Tower,0,4,17,0,21,0,0,0,0,0,0,4,17,0,21,0,0,0,21
10/27/2015,RYY,GA,ASO,ES,Federal Contract Tower,0,0,20,4,24,0,0,0,0,0,0,0,20,4,24,0,0,0,24
10/28/2015,RYY,GA,ASO,ES,Federal Contract Tower,0,6,20,0,26,0,6,9,0,15,0,12,29,0,41,0,0,0,41
10/29/2015,RYY,GA,ASO,ES,Federal Contract Tower,0,7,34,1,42,0,6,41,2,49,0,13,75,3,91,91,14,105,196
10/30/2015,RYY,GA,ASO,ES,Federal Contract Tower,0,3,16,0,19,0,8,158,1,167,0,11,174,1,186,83,0,83,269
10/31/2015,RYY,GA,ASO,ES,Federal Contract Tower,0,3,11,0,14,0,0,76,0,76,0,3,87,0,90,132,0,132,222
11/01/2015,RYY,GA,ASO,ES,Federal Contract Tower,0,8,19,0,27,0,0,0,0,0,0,8,19,0,27,0,0,0,27
11/02/2015,RYY,GA,ASO,ES,Federal Contract Tower,0,2,20,0,22,0,0,0,0,0,0,2,20,0,22,0,0,0,22
11/03/2015,RYY,GA,ASO,ES,Federal Contract Tower,1,11,23,2,37,0,0,1,0,1,1,11,24,2,38,0,0,0,38
11/04/2015,RYY,GA,ASO,ES,Federal Contract Tower,0,10,38,1,49,0,0,0,0,0,0,10,38,1,49,0,0,0,49
11/05/2015,RYY,GA,ASO,ES,Federal Contract Tower,0,15,50,1,66,0,0,0,0,0,0,15,50,1,66,0,0,0,66
11/06/2015,RYY,GA,ASO,ES,Federal Contract Tower,0,8,30,0,38,0,0,13,0,13,0,8,43,0,51,51,0,51,102
11/07/2015,RYY,GA,ASO,ES,Federal Contract Tower,0,6,19,0,25,0,0,0,0,0,0,6,19,0,25,0,0,0,25
11/08/2015,RYY,GA,ASO,ES,Federal Contract Tower,0,12,29,0,41,0,0,7,0,7,0,12,36,0,48,0,0,0,48
11/09/2015,RYY,GA,ASO,ES,Federal Contract Tower,0,4,31,0,35,0,0,0,0,0,0,4,31,0,35,0,0,0,35
11/10/2015,RYY,GA,ASO,ES,Federal Contract Tower,0,8,36,0,44,0,3,78,0,81,0,11,114,0,125,0,0,0,125
11/11/2015,RYY,GA,ASO,ES,Federal Contract Tower,0,6,34,0,40,0,4,152,1,157,0,10,186,1,197,170,0,170,367
11/12/2015,RYY,GA,ASO,ES,Federal Contract Tower,0,19,35,5,59,0,81,2,0,83,0,100,37,5,142,100,0,100,242
11/13/2015,RYY,GA,ASO,ES,Federal Contract Tower,0,10,36,0,46,0,5,100,2,107,0,15,136,2,153,71,0,71,224
11/14/2015,RYY,GA,ASO,ES,Federal Contract Tower,0,5,18,0,23,0,2,117,1,120,0,7,135,1,143,32,0,32,175
11/15/2015,RYY,GA,ASO,ES,Federal Contract Tower,0,6,30,0,36,0,3,101,3,107,0,9,131,3,143,120,0,120,263
11/16/2015,RYY,GA,ASO,ES,Federal Contract Tower,0,10,22,0,32,0,7,78,0,85,0,17,100,0,117,118,0,118,235
11/17/2015,RYY,GA,ASO,ES,Federal Contract Tower,0,12,20,0,32,0,8,36,0,44,0,20,56,0,76,12,0,12,88
11/18/2015,RYY,GA,ASO,ES,Federal Contract Tower,0,3,8,0,11,0,0,0,0,0,0,3,8,0,11,0,0,0,11
11/19/2015,RYY,GA,ASO,ES,Federal Contract Tower,0,7,32,3,42,0,2,90,6,98,0,9,122,9,140,140,0,140,280
11/20/2015,RYY,GA,ASO,ES,Federal Contract Tower,0,8,17,0,25,0,6,121,0,127,0,14,138,0,152,74,0,74,226
11/21/2015,RYY,GA,ASO,ES,Federal Contract Tower,0,10,18,0,28,0,5,83,0,88,0,15,101,0,116,82,0,82,198
11/22/2015,RYY,GA,ASO,ES,Federal Contract Tower,0,12,18,0,30,0,1,56,0,57,0,13,74,0,87,36,0,36,123
11/23/2015,RYY,GA,ASO,ES,Federal Contract Tower,0,5,17,0,22,0,1,85,6,92,0,6,102,6,114,64,2,66,180
11/24/2015,RYY,GA,ASO,ES,Federal Contract Tower,0,10,27,0,37,0,5,112,6,123,0,15,139,6,160,94,0,94,254
11/25/2015,RYY,GA,ASO,ES,Federal Contract Tower,0,8,33,0,41,0,2,65,0,67,0,10,98,0,108,79,0,79,187
11/26/2015,RYY,GA,ASO,ES,Federal Contract Tower,0,1,5,0,6,0,0,14,0,14,0,1,19,0,20,2,0,2,22
11/27/2015,RYY,GA,ASO,ES,Federal Contract Tower,0,3,21,0,24,0,4,52,1,57,0,7,73,1,81,65,0,65,146
11/28/2015,RYY,GA,ASO,ES,Federal Contract Tower,0,15,9,0,24,0,5,64,2,71,0,20,73,2,95,44,2,46,141
11/29/2015,RYY,GA,ASO,ES,Federal Contract Tower,0,8,35,0,43,0,2,54,0,56,0,10,89,0,99,108,0,108,207
11/30/2015,RYY,GA,ASO,ES,Federal Contract Tower,0,7,25,0,32,0,1,32,0,33,0,8,57,0,65,84,0,84,149
12/01/2015,RYY,GA,ASO,ES,Federal Contract Tower,0,5,28,0,33,0,0,4,0,4,0,5,32,0,37,18,0,18,55
12/02/2015,RYY,GA,ASO,ES,Federal Contract Tower,0,5,21,2,28,0,1,14,0,15,0,6,35,2,43,14,0,14,57
12/03/2015,RYY,GA,ASO,ES,Federal Contract Tower,0,4,16,0,20,0,2,50,0,52,0,6,66,0,72,90,0,90,162
12/04/2015,RYY,GA,ASO,ES,Federal Contract Tower,0,3,13,0,16,0,4,67,2,73,0,7,80,2,89,65,0,65,154
12/05/2015,RYY,GA,ASO,ES,Federal Contract Tower,0,2,20,0,22,0,4,90,4,98,0,6,110,4,120,58,0,58,178
12/06/2015,RYY,GA,ASO,ES,Federal Contract Tower,0,9,17,0,26,0,3,100,5,108,0,12,117,5,134,82,0,82,216
12/07/2015,RYY,GA,ASO,ES,Federal Contract Tower,0,5,19,0,24,0,4,39,1,44,0,9,58,1,68,50,0,50,118
12/08/2015,RYY,GA,ASO,ES,Federal Contract Tower,0,3,38,1,42,0,3,77,0,80,0,6,115,1,122,86,2,88,210
12/09/2015,RYY,GA,ASO,ES,Federal Contract Tower,0,4,31,0,35,0,3,65,1,69,0,7,96,1,104,80,0,80,184
12/10/2015,RYY,GA,ASO,ES,Federal Contract Tower,0,6,40,4,50,0,5,65,2,72,0,11,105,6,122,64,0,64,186
12/11/2015,RYY,GA,ASO,ES,Federal Contract Tower,0,6,23,0,29,0,0,19,0,19,0,6,42,0,48,52,0,52,100
12/12/2015,RYY,GA,ASO,ES,Federal Contract Tower,4,21,0,0,25,0,2,86,4,92,4,23,86,4,117,82,0,82,199
12/13/2015,RYY,GA,ASO,ES,Federal Contract Tower,0,10,24,0,34,0,0,47,0,47,0,10,71,0,81,46,0,46,127
12/14/2015,RYY,GA,ASO,ES,Federal Contract Tower,0,9,31,0,40,0,1,29,14,44,0,10,60,14,84,26,4,30,114
12/15/2015,RYY,GA,ASO,ES,Federal Contract Tower,0,9,21,1,31,0,15,93,3,111,0,24,114,4,142,81,0,81,223
12/16/2015,RYY,GA,ASO,ES,Federal Contract Tower,0,15,31,7,53,0,8,79,1,88,0,23,110,8,141,70,14,84,225
12/17/2015,RYY,GA,ASO,ES,Federal Contract Tower,0,9,19,0,28,0,1,4,0,5,0,10,23,0,33,8,0,8,41
12/18/2015,RYY,GA,ASO,ES,Federal Contract Tower,0,5,21,0,26,0,8,64,2,74,0,13,85,2,100,20,0,20,120
12/19/2015,RYY,GA,ASO,ES,Federal Contract Tower,0,2,11,0,13,0,6,123,2,131,0,8,134,2,144,96,0,96,240
12/20/2015,RYY,GA,ASO,ES,Federal Contract Tower,0,7,9,0,16,0,0,80,0,80,0,7,89,0,96,148,0,148,244
12/21/2015,RYY,GA,ASO,ES,Federal Contract Tower,0,9,16,0,25,0,3,8,0,11,0,12,24,0,36,78,0,78,114
12/22/2015,RYY,GA,ASO,ES,Federal Contract Tower,0,4,32,0,36,0,0,0,0,0,0,4,32,0,36,0,0,0,36
12/23/2015,RYY,GA,ASO,ES,Federal Contract Tower,0,2,22,0,24,0,0,0,0,0,0,2,22,0,24,0,0,0,24
12/24/2015,RYY,GA,ASO,ES,Federal Contract Tower,0,1,11,0,12,0,0,0,0,0,0,1,11,0,12,0,0,0,12
12/25/2015,RYY,GA,ASO,ES,Federal Contract Tower,0,3,7,0,10,0,0,1,0,1,0,3,8,0,11,4,0,4,15
12/26/2015,RYY,GA,ASO,ES,Federal Contract Tower,0,7,37,0,44,0,1,61,0,62,0,8,98,0,106,85,0,85,191
12/27/2015,RYY,GA,ASO,ES,Federal Contract Tower,0,8,32,0,40,0,3,20,0,23,0,11,52,0,63,0,0,0,63
12/28/2015,RYY,GA,ASO,ES,Federal Contract Tower,0,9,16,0,25,0,0,1,0,1,0,9,17,0,26,0,0,0,26
12/29/2015,RYY,GA,ASO,ES,Federal Contract Tower,0,8,32,3,43,0,9,81,1,91,0,17,113,4,134,144,0,144,278
12/30/2015,RYY,GA,ASO,ES,Federal Contract Tower,0,0,12,5,17,0,0,0,0,0,0,0,12,5,17,0,0,0,17
12/31/2015,RYY,GA,ASO,ES,Federal Contract Tower,0,2,22,0,24,0,2,51,0,53,0,4,73,0,77,102,0,102,179
01/01/2016,RYY,GA,ASO,ES,Federal Contract Tower,0,3,11,0,14,0,0,29,0,29,0,3,40,0,43,53,0,53,96
01/02/2016,RYY,GA,ASO,ES,Federal Contract Tower,0,5,21,0,26,0,1,91,2,94,0,6,112,2,120,102,0,102,222
01/03/2016,RYY,GA,ASO,ES,Federal Contract Tower,0,11,26,0,37,0,0,95,0,95,0,11,121,0,132,90,0,90,222
01/04/2016,RYY,GA,ASO,ES,Federal Contract Tower,0,7,18,0,25,0,6,44,2,52,0,13,62,2,77,62,0,62,139
01/05/2016,RYY,GA,ASO,ES,Federal Contract Tower,0,5,23,1,29,0,0,97,0,97,0,5,120,1,126,84,0,84,210
01/06/2016,RYY,GA,ASO,ES,Federal Contract Tower,0,6,29,2,37,0,6,92,2,100,0,12,121,4,137,84,0,84,221
01/07/2016,RYY,GA,ASO,ES,Federal Contract Tower,0,6,23,1,30,0,4,78,1,83,0,10,101,2,113,118,0,118,231
01/08/2016,RYY,GA,ASO,ES,Federal Contract Tower,0,6,15,0,21,0,0,0,0,0,0,6,15,0,21,0,0,0,21
01/09/2016,RYY,GA,ASO,ES,Federal Contract Tower,0,4,8,0,12,0,2,0,0,2,0,6,8,0,14,0,0,0,14
01/10/2016,RYY,GA,ASO,ES,Federal Contract Tower,0,5,18,0,23,0,0,4,0,4,0,5,22,0,27,0,0,0,27
01/11/2016,RYY,GA,ASO,ES,Federal Contract Tower,0,4,12,0,16,0,1,50,6,57,0,5,62,6,73,80,0,80,153
01/12/2016,RYY,GA,ASO,ES,Federal Contract Tower,0,15,19,0,34,0,5,57,0,62,0,20,76,0,96,57,5,62,158
01/13/2016,RYY,GA,ASO,ES,Federal Contract Tower,0,1,21,2,24,0,2,59,0,61,0,3,80,2,85,100,0,100,185
01/14/2016,RYY,GA,ASO,ES,Federal Contract Tower,0,9,29,0,38,0,6,99,0,105,0,15,128,0,143,141,0,141,284
01/15/2016,RYY,GA,ASO,ES,Federal Contract Tower,0,6,34,2,42,0,0,0,0,0,0,6,34,2,42,0,0,0,42
01/16/2016,RYY,GA,ASO,ES,Federal Contract Tower,0,0,23,0,23,0,6,98,2,106,0,6,121,2,129,155,0,155,284
01/17/2016,RYY,GA,ASO,ES,Federal Contract Tower,0,6,14,3,23,0,1,24,0,25,0,7,38,3,48,44,0,44,92
01/18/2016,RYY,GA,ASO,ES,Federal Contract Tower,0,8,22,1,31,0,2,59,0,61,0,10,81,1,92,76,0,76,168
01/19/2016,RYY,GA,ASO,ES,Federal Contract Tower,0,1,34,0,35,0,6,60,0,66,0,7,94,0,101,38,0,38,139
01/20/2016,RYY,GA,ASO,ES,Federal Contract Tower,0,3,20,0,23,0,0,12,0,12,0,3,32,0,35,24,0,24,59
01/21/2016,RYY,GA,ASO,ES,Federal Contract Tower,0,5,13,2,20,0,0,0,0,0,0,5,13,2,20,0,0,0,20
01/22/2016,RYY,GA,ASO,ES,Federal Contract Tower,0,3,7,0,10,0,0,0,0,0,0,3,7,0,10,0,0,0,10
01/23/2016,RYY,GA,ASO,ES,Federal Contract Tower,0,2,2,0,4,0,0,1,0,1,0,2,3,0,5,0,0,0,5
01/24/2016,RYY,GA,ASO,ES,Federal Contract Tower,0,7,9,0,16,0,6,114,4,124,0,13,123,4,140,118,0,118,258
01/25/2016,RYY,GA,ASO,ES,Federal Contract Tower,0,2,18,0,20,0,2,81,0,83,0,4,99,0,103,66,0,66,169
01/26/2016,RYY,GA,ASO,ES,Federal Contract Tower,0,4,17,0,21,0,1,24,0,25,0,5,41,0,46,48,0,48,94
01/27/2016,RYY,GA,ASO,ES,Federal Contract Tower,0,11,28,2,41,0,1,20,0,21,0,12,48,2,62,30,0,30,92
01/28/2016,RYY,GA,ASO,ES,Federal Contract Tower,0,6,23,0,29,0,7,43,4,54,0,13,66,4,83,62,4,66,149
01/29/2016,RYY,GA,ASO,ES,Federal Contract Tower,0,4,19,0,23,0,8,65,3,76,0,12,84,3,99,68,0,68,167
01/30/2016,RYY,GA,ASO,ES,Federal Contract Tower,0,3,25,0,28,0,4,155,2,161,0,7,180,2,189,104,0,104,293
01/31/2016,RYY,GA,ASO,ES,Federal Contract Tower,0,5,22,0,27,0,4,58,3,65,0,9,80,3,92,132,0,132,224
02/02/2016,RYY,GA,ASO,ES,Federal Contract Tower,0,10,19,2,31,0,2,18,0,20,0,12,37,2,51,8,0,8,59
02/03/2016,RYY,GA,ASO,ES,Federal Contract Tower,0,5,25,1,31,0,2,10,3,15,0,7,35,4,46,38,0,38,84
02/04/2016,RYY,GA,ASO,ES,Federal Contract Tower,0,6,24,0,30,0,4,52,2,58,0,10,76,2,88,38,0,38,126
02/05/2016,RYY,GA,ASO,ES,Federal Contract Tower,0,6,19,2,27,0,7,106,0,113,0,13,125,2,140,110,0,110,250
02/06/2016,RYY,GA,ASO,ES,Federal Contract Tower,0,3,9,0,12,0,4,128,0,132,0,7,137,0,144,72,0,72,216
02/07/2016,RYY,GA,ASO,ES,Federal Contract Tower,0,4,8,0,12,0,3,105,0,108,0,7,113,0,120,62,0,62,182
02/08/2016,RYY,GA,ASO,ES,Federal Contract Tower,0,8,24,0,32,0,3,21,0,24,0,11,45,0,56,6,0,6,62
02/09/2016,RYY,GA,ASO,ES,Federal Contract Tower,0,4,13,0,17,0,0,5,0,5,0,4,18,0,22,0,0,0,22
02/10/2016,RYY,GA,ASO,ES,Federal Contract Tower,0,6,22,0,28,0,0,32,0,32,0,6,54,0,60,5,0,5,65
02/11/2016,RYY,GA,ASO,ES,Federal Contract Tower,0,12,27,0,39,0,3,111,0,114,0,15,138,0,153,112,0,112,265
02/12/2016,RYY,GA,ASO,ES,Federal Contract Tower,0,4,17,3,24,0,3,56,0,59,0,7,73,3,83,97,0,97,180
02/13/2016,RYY,GA,ASO,ES,Federal Contract Tower,0,3,3,0,6,0,3,73,3,79,0,6,76,3,85,22,0,22,107
02/14/2016,RYY,GA,ASO,ES,Federal Contract Tower,0,4,8,0,12,0,5,63,0,68,0,9,71,0,80,86,0,86,166
02/15/2016,RYY,GA,ASO,ES,Federal Contract Tower,0,10,12,0,22,0,1,8,0,9,0,11,20,0,31,0,0,0,31
02/16/2016,RYY,GA,ASO,ES,Federal Contract Tower,0,10,17,0,27,0,1,51,2,54,0,11,68,2,81,48,0,48,129
02/17/2016,RYY,GA,ASO,ES,Federal Contract Tower,0,9,20,0,29,0,0,83,0,83,0,9,103,0,112,68,0,68,180
02/18/2016,RYY,GA,ASO,ES,Federal Contract Tower,0,6,23,2,31,0,5,108,0,113,0,11,131,2,144,126,0,126,270
02/19/2016,RYY,GA,ASO,ES,Federal Contract Tower,0,10,30,0,40,0,3,94,5,102,0,13,124,5,142,105,0,105,247
02/20/2016,RYY,GA,ASO,ES,Federal Contract Tower,0,9,26,0,35,0,0,38,0,38,0,9,64,0,73,102,0,102,175
02/21/2016,RYY,GA,ASO,ES,Federal Contract Tower,0,6,38,0,44,0,0,5,0,5,0,6,43,0,49,2,0,2,51
02/22/2016,RYY,GA,ASO,ES,Federal Contract Tower,0,5,27,2,34,0,0,1,0,1,0,5,28,2,35,0,0,0,35
02/23/2016,RYY,GA,ASO,ES,Federal Contract Tower,0,4,27,0,31,0,0,0,0,0,0,4,27,0,31,0,0,0,31
02/24/2016,RYY,GA,ASO,ES,Federal Contract Tower,0,7,24,0,31,0,1,2,2,5,0,8,26,2,36,0,2,2,38
02/25/2016,RYY,GA,ASO,ES,Federal Contract Tower,0,0,0,0,0,0,12,27,2,41,0,12,27,2,41,14,0,14,55
02/26/2016,RYY,GA,ASO,ES,Federal Contract Tower,0,4,20,1,25,0,8,59,4,71,0,12,79,5,96,15,0,15,111
02/27/2016,RYY,GA,ASO,ES,Federal Contract Tower,0,9,22,0,31,0,4,153,10,167,0,13,175,10,198,142,0,142,340
02/28/2016,RYY,GA,ASO,ES,Federal Contract Tower,0,2,16,0,18,0,3,163,0,166,0,5,179,0,184,188,0,188,372
02/29/2016,RYY,GA,ASO,ES,Federal Contract Tower,0,20,20,0,40,0,11,83,0,94,0,31,103,0,134,56,0,56,190
03/01/2016,RYY,GA,ASO,ES,Federal Contract Tower,0,8,16,0,24,0,3,45,1,49,0,11,61,1,73,25,0,25,98
03/02/2016,RYY,GA,ASO,ES,Federal Contract Tower,0,8,31,0,39,0,8,30,5,43,0,16,61,5,82,32,0,32,114
03/03/2016,RYY,GA,ASO,ES,Federal Contract Tower,0,12,31,0,43,0,4,25,0,29,0,16,56,0,72,24,0,24,96
03/04/2016,RYY,GA,ASO,ES,Federal Contract Tower,0,11,27,1,39,0,2,43,0,45,0,13,70,1,84,42,0,42,126
03/05/2016,RYY,GA,ASO,ES,Federal Contract Tower,0,5,18,2,25,0,4,117,2,123,0,9,135,4,148,106,0,106,254
03/06/2016,RYY,GA,ASO,ES,Federal Contract Tower,0,3,18,0,21,0,3,121,0,124,0,6,139,0,145,85,0,85,230
03/07/2016,RYY,GA,ASO,ES,Federal Contract Tower,0,5,15,0,20,0,11,85,2,98,0,16,100,2,118,88,0,88,206
03/08/2016,RYY,GA,ASO,ES,Federal Contract Tower,0,2,24,0,26,0,0,80,1,81,0,2,104,1,107,26,0,26,133
03/09/2016,RYY,GA,ASO,ES,Federal Contract Tower,0,7,28,0,35,0,5,63,2,70,0,12,91,2,105,30,0,30,135
03/10/2016,RYY,GA,ASO,ES,Federal Contract Tower,0,8,26,0,34,0,1,48,2,51,0,9,74,2,85,44,0,44,129
03/11/2016,RYY,GA,ASO,ES,Federal Contract Tower,0,9,34,0,43,0,7,77,2,86,0,16,111,2,129,114,0,114,243
03/12/2016,RYY,GA,ASO,ES,Federal Contract Tower,0,3,19,0,22,0,0,72,0,72,0,3,91,0,94,59,0,59,153
03/13/2016,RYY,GA,ASO,ES,Federal Contract Tower,0,8,21,0,29,0,6,34,13,53,0,14,55,13,82,20,0,20,102
03/14/2016,RYY,GA,ASO,ES,Federal Contract Tower,0,8,31,0,39,0,3,26,0,29,0,11,57,0,68,32,0,32,100
03/15/2016,RYY,GA,ASO,ES,Federal Contract Tower,0,8,26,0,34,0,4,96,2,102,0,12,122,2,136,52,0,52,188
03/16/2016,RYY,GA,ASO,ES,Federal Contract Tower,0,11,19,4,34,0,2,58,3,63,0,13,77,7,97,64,0,64,161
03/17/2016,RYY,GA,ASO,ES,Federal Contract Tower,0,11,22,0,33,0,3,84,0,87,0,14,106,0,120,80,0,80,200
03/18/2016,RYY,GA,ASO,ES,Federal Contract Tower,0,3,14,0,17,0,0,102,0,102,0,3,116,0,119,121,0,121,240
03/19/2016,RYY,GA,ASO,ES,Federal Contract Tower,0,5,20,0,25,0,0,12,0,12,0,5,32,0,37,105,0,105,142
03/20/2016,RYY,GA,ASO,ES,Federal Contract Tower,0,6,17,0,23,0,4,36,0,40,0,10,53,0,63,18,0,18,81
03/21/2016,RYY,GA,ASO,ES,Federal Contract Tower,0,6,19,0,25,0,4,50,0,54,0,10,69,0,79,0,0,0,79
03/23/2016,RYY,GA,ASO,ES,Federal Contract Tower,0,3,41,0,44,0,8,95,4,107,0,11,136,4,151,58,0,58,209
03/24/2016,RYY,GA,ASO,ES,Federal Contract Tower,0,7,17,1,25,0,6,34,0,40,0,13,51,1,65,6,0,6,71
03/25/2016,RYY,GA,ASO,ES,Federal Contract Tower,0,12,41,0,53,0,3,60,3,66,0,15,101,3,119,158,0,158,277
03/26/2016,RYY,GA,ASO,ES,Federal Contract Tower,0,6,16,0,22,0,0,9,0,9,0,6,25,0,31,48,0,48,79
03/27/2016,RYY,GA,ASO,ES,Federal Contract Tower,0,7,16,0,23,0,0,0,0,0,0,7,16,0,23,0,0,0,23
03/28/2016,RYY,GA,ASO,ES,Federal Contract Tower,0,8,37,0,45,0,6,57,0,63,0,14,94,0,108,84,0,84,192
03/29/2016,RYY,GA,ASO,ES,Federal Contract Tower,0,18,40,2,60,0,1,115,1,117,0,19,155,3,177,141,0,141,318
03/30/2016,RYY,GA,ASO,ES,Federal Contract Tower,0,12,28,1,41,0,5,109,18,132,0,17,137,19,173,56,0,56,229
03/31/2016,RYY,GA,ASO,ES,Federal Contract Tower,0,10,26,2,38,0,2,20,0,22,0,12,46,2,60,20,0,20,80
04/01/2016,RYY,GA,ASO,ES,Federal Contract Tower,0,0,27,3,30,0,2,5,0,7,0,2,32,3,37,0,0,0,37
04/02/2016,RYY,GA,ASO,ES,Federal Contract Tower,0,8,15,0,23,0,4,61,0,65,0,12,76,0,88,0,0,0,88
04/03/2016,RYY,GA,ASO,ES,Federal Contract Tower,0,5,31,0,36,0,0,88,0,88,0,5,119,0,124,74,0,74,198
04/04/2016,RYY,GA,ASO,ES,Federal Contract Tower,0,6,21,0,27,0,1,88,5,94,0,7,109,5,121,84,0,84,205
04/05/2016,RYY,GA,ASO,ES,Federal Contract Tower,0,8,28,0,36,0,5,67,8,80,0,13,95,8,116,46,2,48,164
04/06/2016,RYY,GA,ASO,ES,Federal Contract Tower,0,7,7,6,20,0,3,33,2,38,0,10,40,8,58,26,0,26,84
04/07/2016,RYY,GA,ASO,ES,Federal Contract Tower,0,14,16,0,30,0,11,59,4,74,0,25,75,4,104,42,0,42,146
04/08/2016,RYY,GA,ASO,ES,Federal Contract Tower,0,8,24,0,32,0,0,38,0,38,0,8,62,0,70,67,0,67,137
04/09/2016,RYY,GA,ASO,ES,Federal Contract Tower,0,4,20,0,24,0,2,23,0,25,0,6,43,0,49,6,0,6,55
04/10/2016,RYY,GA,ASO,ES,Federal Contract Tower,0,11,25,0,36,0,4,102,0,106,0,15,127,0,142,138,0,138,280
04/11/2016,RYY,GA,ASO,ES,Federal Contract Tower,0,5,29,0,34,0,12,48,0,60,0,17,77,0,94,30,0,30,124
04/14/2016,RYY,GA,ASO,ES,Federal Contract Tower,0,7,26,0,33,0,2,43,4,49,0,9,69,4,82,24,0,24,106
04/15/2016,RYY,GA,ASO,ES,Federal Contract Tower,0,9,25,0,34,0,6,36,0,42,0,15,61,0,76,12,0,12,88
04/16/2016,RYY,GA,ASO,ES,Federal Contract Tower,0,0,21,0,21,0,5,52,0,57,0,5,73,0,78,30,0,30,108
04/17/2016,RYY,GA,ASO,ES,Federal Contract Tower,0,7,25,3,35,0,0,116,0,116,0,7,141,3,151,98,6,104,255
04/18/2016,RYY,GA,ASO,ES,Federal Contract Tower,0,10,28,0,38,0,0,110,0,110,0,10,138,0,148,148,0,148,296
04/19/2016,RYY,GA,ASO,ES,Federal Contract Tower,0,6,32,1,39,0,7,98,0,105,0,13,130,1,144,90,0,90,234
04/20/2016,RYY,GA,ASO,ES,Federal Contract Tower,0,4,19,4,27,0,13,73,7,93,0,17,92,11,120,112,0,112,232
04/21/2016,RYY,GA,ASO,ES,Federal Contract Tower,0,4,44,2,50,0,5,60,2,67,0,9,104,4,117,68,0,68,185
04/22/2016,RYY,GA,ASO,ES,Federal Contract Tower,0,3,16,0,19,0,1,16,0,17,0,4,32,0,36,4,0,4,40
04/23/2016,RYY,GA,ASO,ES,Federal Contract Tower,0,3,6,2,11,0,1,97,16,114,0,4,103,18,125,56,0,56,181
04/24/2016,RYY,GA,ASO,ES,Federal Contract Tower,0,8,22,2,32,0,7,116,4,127,0,15,138,6,159,152,0,152,311
04/25/2016,RYY,GA,ASO,ES,Federal Contract Tower,0,9,26,0,35,0,1,54,0,55,0,10,80,0,90,62,0,62,152
04/26/2016,RYY,GA,ASO,ES,Federal Contract Tower,0,6,20,0,26,0,6,82,2,90,0,12,102,2,116,66,0,66,182
04/27/2016,RYY,GA,ASO,ES,Federal Contract Tower,0,6,22,0,28,0,1,68,0,69,0,7,90,0,97,92,0,92,189
04/28/2016,RYY,GA,ASO,ES,Federal Contract Tower,0,5,27,0,32,0,2,41,0,43,0,7,68,0,75,24,0,24,99
04/29/2016,RYY,GA,ASO,ES,Federal Contract Tower,0,6,19,0,25,0,3,76,0,79,0,9,95,0,104,134,0,134,238
04/30/2016,RYY,GA,ASO,ES,Federal Contract Tower,0,2,11,0,13,0,2,35,3,40,0,4,46,3,53,57,0,57,110
05/01/2016,RYY,GA,ASO,ES,Federal Contract Tower,0,9,18,0,27,0,0,17,0,17,0,9,35,0,44,28,0,28,72
05/02/2016,RYY,GA,ASO,ES,Federal Contract Tower,0,2,21,0,23,0,3,48,0,51,0,5,69,0,74,52,0,52,126
05/03/2016,RYY,GA,ASO,ES,Federal Contract Tower,0,2,22,0,24,0,3,55,1,59,0,5,77,1,83,102,0,102,185
05/04/2016,RYY,GA,ASO,ES,Federal Contract Tower,0,5,21,0,26,0,3,54,0,57,0,8,75,0,83,46,0,46,129
05/05/2016,RYY,GA,ASO,ES,Federal Contract Tower,0,12,30,0,42,0,4,38,0,42,0,16,68,0,84,20,0,20,104
05/06/2016,RYY,GA,ASO,ES,Federal Contract Tower,0,7,13,0,20,0,3,59,0,62,0,10,72,0,82,56,0,56,138
05/07/2016,RYY,GA,ASO,ES,Federal Contract Tower,0,9,17,0,26,0,0,71,5,76,0,9,88,5,102,47,0,47,149
05/08/2016,RYY,GA,ASO,ES,Federal Contract Tower,0,12,23,0,35,0,8,79,0,87,0,20,102,0,122,98,0,98,220
05/09/2016,RYY,GA,ASO,ES,Federal Contract Tower,0,5,29,0,34,0,2,84,0,86,0,7,113,0,120,97,0,97,217
05/10/2016,RYY,GA,ASO,ES,Federal Contract Tower,0,4,18,1,23,0,9,92,0,101,0,13,110,1,124,50,0,50,174
05/11/2016,RYY,GA,ASO,ES,Federal Contract Tower,0,10,16,4,30,0,5,75,0,80,0,15,91,4,110,116,0,116,226
05/12/2016,RYY,GA,ASO,ES,Federal Contract Tower,0,8,38,0,46,0,7,56,2,65,0,15,94,2,111,40,0,40,151
05/13/2016,RYY,GA,ASO,ES,Federal Contract Tower,0,8,68,0,76,0,2,75,1,78,0,10,143,1,154,73,0,73,227
05/14/2016,RYY,GA,ASO,ES,Federal Contract Tower,0,7,21,0,28,0,4,69,6,79,0,11,90,6,107,21,2,23,130
05/15/2016,RYY,GA,ASO,ES,Federal Contract Tower,0,9,45,1,55,0,2,134,0,136,0,11,179,1,191,152,0,152,343
05/16/2016,RYY,GA,ASO,ES,Federal Contract Tower,0,8,26,4,38,0,0,69,0,69,0,8,95,4,107,90,0,90,197
05/17/2016,RYY,GA,ASO,ES,Federal Contract Tower,0,10,23,3,36,0,5,16,1,22,0,15,39,4,58,10,0,10,68
05/18/2016,RYY,GA,ASO,ES,Federal Contract Tower,0,13,32,4,49,0,2,38,0,40,0,15,70,4,89,58,0,58,147
05/19/2016,RYY,GA,ASO,ES,Federal Contract Tower,0,11,31,0,42,0,4,45,2,51,0,15,76,2,93,70,0,70,163
05/20/2016,RYY,GA,ASO,ES,Federal Contract Tower,0,8,19,0,27,0,0,0,0,0,0,8,19,0,27,0,0,0,27
05/21/2016,RYY,GA,ASO,ES,Federal Contract Tower,0,1,17,0,18,0,0,16,0,16,0,1,33,0,34,14,0,14,48
05/22/2016,RYY,GA,ASO,ES,Federal Contract Tower,0,7,13,0,20,0,2,76,3,81,0,9,89,3,101,52,0,52,153
05/23/2016,RYY,GA,ASO,ES,Federal Contract Tower,0,9,21,0,30,0,8,77,0,85,0,17,98,0,115,69,0,69,184
05/24/2016,RYY,GA,ASO,ES,Federal Contract Tower,0,6,21,0,27,0,5,95,1,101,0,11,116,1,128,128,0,128,256
05/25/2016,RYY,GA,ASO,ES,Federal Contract Tower,0,8,22,1,31,0,3,80,2,85,0,11,102,3,116,131,0,131,247
05/26/2016,RYY,GA,ASO,ES,Federal Contract Tower,0,12,30,0,42,0,6,95,0,101,0,18,125,0,143,92,0,92,235
05/27/2016,RYY,GA,ASO,ES,Federal Contract Tower,0,17,50,0,67,0,3,82,1,86,0,20,132,1,153,87,0,87,240
05/28/2016,RYY,GA,ASO,ES,Federal Contract Tower,0,4,11,0,15,0,3,70,0,73,0,7,81,0,88,105,0,105,193
05/29/2016,RYY,GA,ASO,ES,Federal Contract Tower,0,6,10,0,16,0,4,88,2,94,0,10,98,2,110,68,0,68,178
05/30/2016,RYY,GA,ASO,ES,Federal Contract Tower,0,6,21,0,27,0,6,58,2,66,0,12,79,2,93,54,0,54,147
05/31/2016,RYY,GA,ASO,ES,Federal Contract Tower,0,8,24,0,32,0,0,60,0,60,0,8,84,0,92,27,2,29,121
06/01/2016,RYY,GA,ASO,ES,Federal Contract Tower,0,7,24,2,33,0,0,82,0,82,0,7,106,2,115,28,0,28,143
06/02/2016,RYY,GA,ASO,ES,Federal Contract Tower,0,10,37,0,47,0,1,60,0,61,0,11,97,0,108,76,0,76,184
06/03/2016,RYY,GA,ASO,ES,Federal Contract Tower,0,17,25,0,42,0,7,68,0,75,0,24,93,0,117,64,0,64,181
06/04/2016,RYY,GA,ASO,ES,Federal Contract Tower,0,2,14,0,16,0,4,67,0,71,0,6,81,0,87,126,0,126,213
06/05/2016,RYY,GA,ASO,ES,Federal Contract Tower,0,9,12,0,21,0,2,9,0,11,0,11,21,0,32,12,0,12,44
06/06/2016,RYY,GA,ASO,ES,Federal Contract Tower,0,2,19,1,22,0,39,0,1,40,0,41,19,2,62,42,0,42,104
06/07/2016,RYY,GA,ASO,ES,Federal Contract Tower,0,4,18,1,23,0,13,76,8,97,0,17,94,9,120,46,0,46,166
06/08/2016,RYY,GA,ASO,ES,Federal Contract Tower,0,8,28,0,36,0,1,98,1,100,0,9,126,1,136,80,0,80,216
06/09/2016,RYY,GA,ASO,ES,Federal Contract Tower,0,12,21,3,36,0,3,103,0,106,0,15,124,3,142,125,0,125,267
06/10/2016,RYY,GA,ASO,ES,Federal Contract Tower,0,12,23,0,35,0,1,95,2,98,0,13,118,2,133,27,0,27,160
06/11/2016,RYY,GA,ASO,ES,Federal Contract Tower,0,5,17,1,23,0,3,108,7,118,0,8,125,8,141,97,0,97,238
06/12/2016,RYY,GA,ASO,ES,Federal Contract Tower,0,11,27,0,38,0,2,80,0,82,0,13,107,0,120,89,0,89,209
06/13/2016,RYY,GA,ASO,ES,Federal Contract Tower,0,2,20,0,22,0,5,77,0,82,0,7,97,0,104,43,0,43,147
06/14/2016,RYY,GA,ASO,ES,Federal Contract Tower,0,10,25,0,35,0,0,59,0,59,0,10,84,0,94,36,0,36,130
06/15/2016,RYY,GA,ASO,ES,Federal Contract Tower,0,4,26,0,30,0,11,44,0,55,0,15,70,0,85,86,0,86,171
06/16/2016,RYY,GA,ASO,ES,Federal Contract Tower,0,4,40,0,44,0,5,71,0,76,0,9,111,0,120,76,0,76,196
06/17/2016,RYY,GA,ASO,ES,Federal Contract Tower,0,8,26,0,34,0,6,60,0,66,0,14,86,0,100,54,0,54,154
06/18/2016,RYY,GA,ASO,ES,Federal Contract Tower,0,2,12,0,14,0,1,54,2,57,0,3,66,2,71,85,0,85,156
06/19/2016,RYY,GA,ASO,ES,Federal Contract Tower,0,5,17,0,22,0,2,82,4,88,0,7,99,4,110,122,0,122,232
06/20/2016,RYY,GA,ASO,ES,Federal Contract Tower,0,4,9,0,13,0,4,81,0,85,0,8,90,0,98,130,0,130,228
06/21/2016,RYY,GA,ASO,ES,Federal Contract Tower,0,3,20,0,23,0,5,92,0,97,0,8,112,0,120,78,0,78,198
06/22/2016,RYY,GA,ASO,ES,Federal Contract Tower,0,4,28,0,32,0,0,58,0,58,0,4,86,0,90,72,0,72,162
06/23/2016,RYY,GA,ASO,ES,Federal Contract Tower,0,6,24,2,32,0,6,80,27,113,0,12,104,29,145,70,8,78,223
06/24/2016,RYY,GA,ASO,ES,Federal Contract Tower,0,11,37,0,48,0,4,88,1,93,0,15,125,1,141,116,0,116,257
06/25/2016,RYY,GA,ASO,ES,Federal Contract Tower,0,0,23,0,23,0,2,114,0,116,0,2,137,0,139,99,0,99,238
06/26/2016,RYY,GA,ASO,ES,Federal Contract Tower,0,15,25,0,40,0,6,51,0,57,0,21,76,0,97,138,0,138,235
06/27/2016,RYY,GA,ASO,ES,Federal Contract Tower,0,7,21,0,28,0,4,81,0,85,0,11,102,0,113,126,0,126,239
06/28/2016,RYY,GA,ASO,ES,Federal Contract Tower,0,12,24,0,36,0,2,75,0,77,0,14,99,0,113,81,0,81,194
06/29/2016,RYY,GA,ASO,ES,Federal Contract Tower,0,5,32,0,37,0,1,85,0,86,0,6,117,0,123,38,0,38,161
06/30/2016,RYY,GA,ASO,ES,Federal Contract Tower,0,12,25,0,37,0,1,91,1,93,0,13,116,1,130,84,0,84,214
07/01/2016,RYY,GA,ASO,ES,Federal Contract Tower,0,9,26,0,35,0,6,85,0,91,0,15,111,0,126,62,0,62,188
07/02/2016,RYY,GA,ASO,ES,Federal Contract Tower,0,7,21,0,28,0,3,60,0,63,0,10,81,0,91,84,0,84,175
07/03/2016,RYY,GA,ASO,ES,Federal Contract Tower,0,4,6,0,10,0,0,49,0,49,0,4,55,0,59,36,0,36,95
07/04/2016,RYY,GA,ASO,ES,Federal Contract Tower,0,1,9,0,10,0,3,60,0,63,0,4,69,0,73,35,0,35,108
07/05/2016,RYY,GA,ASO,ES,Federal Contract Tower,0,5,25,0,30,0,0,21,0,21,0,5,46,0,51,14,0,14,65
07/06/2016,RYY,GA,ASO,ES,Federal Contract Tower,0,2,13,0,15,0,0,47,0,47,0,2,60,0,62,54,0,54,116
07/07/2016,RYY,GA,ASO,ES,Federal Contract Tower,0,4,24,0,28,0,1,82,0,83,0,5,106,0,111,118,0,118,229
07/08/2016,RYY,GA,ASO,ES,Federal Contract Tower,0,7,28,0,35,0,2,81,0,83,0,9,109,0,118,97,0,97,215
07/09/2016,RYY,GA,ASO,ES,Federal Contract Tower,0,4,14,0,18,0,0,80,0,80,0,4,94,0,98,84,0,84,182
07/10/2016,RYY,GA,ASO,ES,Federal Contract Tower,0,22,18,2,42,0,17,84,0,101,0,39,102,2,143,62,0,62,205
07/11/2016,RYY,GA,ASO,ES,Federal Contract Tower,0,10,26,0,36,0,0,93,1,94,0,10,119,1,130,188,0,188,318
07/12/2016,RYY,GA,ASO,ES,Federal Contract Tower,0,8,27,0,35,0,1,97,0,98,0,9,124,0,133,174,0,174,307
07/13/2016,RYY,GA,ASO,ES,Federal Contract Tower,0,2,30,0,32,0,6,77,6,89,0,8,107,6,121,114,0,114,235
07/14/2016,RYY,GA,ASO,ES,Federal Contract Tower,0,9,44,0,53,0,0,106,0,106,0,9,150,0,159,76,0,76,235
07/15/2016,RYY,GA,ASO,ES,Federal Contract Tower,0,4,33,0,37,0,5,79,0,84,0,9,112,0,121,71,0,71,192
07/16/2016,RYY,GA,ASO,ES,Federal Contract Tower,0,8,15,0,23,0,2,104,1,107,0,10,119,1,130,172,0,172,302
07/17/2016,RYY,GA,ASO,ES,Federal Contract Tower,0,11,21,0,32,0,4,62,0,66,0,15,83,0,98,94,0,94,192
07/18/2016,RYY,GA,ASO,ES,Federal Contract Tower,0,7,48,0,55,0,2,66,0,68,0,9,114,0,123,100,0,100,223
07/19/2016,RYY,GA,ASO,ES,Federal Contract Tower,0,8,33,0,41,0,1,71,1,73,0,9,104,1,114,110,0,110,224
07/20/2016,RYY,GA,ASO,ES,Federal Contract Tower,0,3,31,0,34,0,4,93,0,97,0,7,124,0,131,120,0,120,251
07/21/2016,RYY,GA,ASO,ES,Federal Contract Tower,0,9,21,0,30,0,13,67,0,80,0,22,88,0,110,88,0,88,198
07/22/2016,RYY,GA,ASO,ES,Federal Contract Tower,0,7,26,0,33,0,5,66,0,71,0,12,92,0,104,140,0,140,244
07/23/2016,RYY,GA,ASO,ES,Federal Contract Tower,0,5,10,0,15,0,9,62,0,71,0,14,72,0,86,168,0,168,254
07/24/2016,RYY,GA,ASO,ES,Federal Contract Tower,0,5,17,0,22,0,5,79,0,84,0,10,96,0,106,94,0,94,200
07/25/2016,RYY,GA,ASO,ES,Federal Contract Tower,0,12,18,0,30,0,2,72,0,74,0,14,90,0,104,118,0,118,222
07/26/2016,RYY,GA,ASO,ES,Federal Contract Tower,0,3,32,2,37,0,2,98,3,103,0,5,130,5,140,124,0,124,264
07/27/2016,RYY,GA,ASO,ES,Federal Contract Tower,0,5,36,0,41,0,0,73,0,73,0,5,109,0,114,194,0,194,308
07/28/2016,RYY,GA,ASO,ES,Federal Contract Tower,0,9,44,1,54,0,0,56,0,56,0,9,100,1,110,118,0,118,228
07/29/2016,RYY,GA,ASO,ES,Federal Contract Tower,0,8,20,0,28,0,0,52,0,52,0,8,72,0,80,82,0,82,162
07/30/2016,RYY,GA,ASO,ES,Federal Contract Tower,0,10,13,0,23,0,2,57,0,59,0,12,70,0,82,92,2,94,176
07/31/2016,RYY,GA,ASO,ES,Federal Contract Tower,0,3,11,0,14,0,0,86,0,86,0,3,97,0,100,122,0,122,222
08/01/2016,RYY,GA,ASO,ES,Federal Contract Tower,0,14,33,2,49,0,3,47,2,52,0,17,80,4,101,90,0,90,191
08/02/2016,RYY,GA,ASO,ES,Federal Contract Tower,0,2,25,1,28,0,7,55,0,62,0,9,80,1,90,78,0,78,168
08/03/2016,RYY,GA,ASO,ES,Federal Contract Tower,0,3,16,0,19,0,1,61,0,62,0,4,77,0,81,74,0,74,155
08/04/2016,RYY,GA,ASO,ES,Federal Contract Tower,0,10,31,0,41,0,0,109,0,109,0,10,140,0,150,158,0,158,308
08/05/2016,RYY,GA,ASO,ES,Federal Contract Tower,0,13,29,0,42,0,1,52,0,53,0,14,81,0,95,36,0,36,131
08/06/2016,RYY,GA,ASO,ES,Federal Contract Tower,0,2,7,0,9,0,0,99,0,99,0,2,106,0,108,172,0,172,280
08/07/2016,RYY,GA,ASO,ES,Federal Contract Tower,0,7,16,0,23,0,0,93,0,93,0,7,109,0,116,134,0,134,250
08/08/2016,RYY,GA,ASO,ES,Federal Contract Tower,0,3,33,0,36,0,0,53,0,53,0,3,86,0,89,98,0,98,187
08/09/2016,RYY,GA,ASO,ES,Federal Contract Tower,0,13,15,0,28,0,6,24,0,30,0,19,39,0,58,52,0,52,110
08/10/2016,RYY,GA,ASO,ES,Federal Contract Tower,0,6,33,2,41,0,0,56,0,56,0,6,89,2,97,146,0,146,243
08/11/2016,RYY,GA,ASO,ES,Federal Contract Tower,0,6,36,0,42,0,2,46,4,52,0,8,82,4,94,78,0,78,172
08/12/2016,RYY,GA,ASO,ES,Federal Contract Tower,0,8,30,0,38,0,4,78,0,82,0,12,108,0,120,120,0,120,240
08/13/2016,RYY,GA,ASO,ES,Federal Contract Tower,0,2,23,0,25,0,0,89,0,89,0,2,112,0,114,161,0,161,275
08/14/2016,RYY,GA,ASO,ES,Federal Contract Tower,0,5,25,0,30,0,0,89,0,89,0,5,114,0,119,82,0,82,201
08/15/2016,RYY,GA,ASO,ES,Federal Contract Tower,0,5,26,0,31,0,6,87,0,93,0,11,113,0,124,139,0,139,263
08/16/2016,RYY,GA,ASO,ES,Federal Contract Tower,0,8,21,4,33,0,5,62,4,71,0,13,83,8,104,114,0,114,218
08/17/2016,RYY,GA,ASO,ES,Federal Contract Tower,0,2,25,3,30,0,0,74,0,74,0,2,99,3,104,90,0,90,194
08/18/2016,RYY,GA,ASO,ES,Federal Contract Tower,0,9,34,0,43,0,0,85,1,86,0,9,119,1,129,58,0,58,187
08/19/2016,RYY,GA,ASO,ES,Federal Contract Tower,0,1,20,0,21,0,4,62,0,66,0,5,82,0,87,142,0,142,229
08/20/2016,RYY,GA,ASO,ES,Federal Contract Tower,0,3,11,0,14,0,7,85,0,92,0,10,96,0,106,116,0,116,222
08/21/2016,RYY,GA,ASO,ES,Federal Contract Tower,0,2,22,0,24,0,0,0,0,0,0,2,22,0,24,40,0,40,64
08/22/2016,RYY,GA,ASO,ES,Federal Contract Tower,0,8,21,0,29,0,10,94,0,104,0,18,115,0,133,162,0,162,295
08/23/2016,RYY,GA,ASO,ES,Federal Contract Tower,0,10,20,3,33,0,2,80,2,84,0,12,100,5,117,158,0,158,275
08/24/2016,RYY,GA,ASO,ES,Federal Contract Tower,0,10,27,0,37,0,0,29,0,29,0,10,56,0,66,64,0,64,130
08/25/2016,RYY,GA,ASO,ES,Federal Contract Tower,0,9,30,0,39,0,2,111,1,114,0,11,141,1,153,158,0,158,311
08/26/2016,RYY,GA,ASO,ES,Federal Contract Tower,0,7,19,1,27,0,5,87,0,92,0,12,106,1,119,152,0,152,271
08/27/2016,RYY,GA,ASO,ES,Federal Contract Tower,0,0,30,0,30,0,1,108,0,109,0,1,138,0,139,216,0,216,355
08/28/2016,RYY,GA,ASO,ES,Federal Contract Tower,0,14,18,0,32,0,0,94,0,94,0,14,112,0,126,120,0,120,246
08/29/2016,RYY,GA,ASO,ES,Federal Contract Tower,0,10,22,1,33,0,3,83,2,88,0,13,105,3,121,178,0,178,299
08/30/2016,RYY,GA,ASO,ES,Federal Contract Tower,0,10,28,0,38,0,7,87,0,94,0,17,115,0,132,96,0,96,228
08/31/2016,RYY,GA,ASO,ES,Federal Contract Tower,0,5,20,0,25,0,3,75,0,78,0,8,95,0,103,146,0,146,249
09/01/2016,RYY,GA,ASO,ES,Federal Contract Tower,0,9,27,0,36,0,3,71,3,77,0,12,98,3,113,94,2,96,209
09/02/2016,RYY,GA,ASO,ES,Federal Contract Tower,0,16,20,0,36,1,2,27,3,33,1,18,47,3,69,92,0,92,161
09/03/2016,RYY,GA,ASO,ES,Federal Contract Tower,0,3,20,0,23,0,1,91,1,93,0,4,111,1,116,112,0,112,228
09/04/2016,RYY,GA,ASO,ES,Federal Contract Tower,0,8,6,0,14,0,5,102,0,107,0,13,108,0,121,112,0,112,233
09/05/2016,RYY,GA,ASO,ES,Federal Contract Tower,0,17,24,0,41,0,0,84,0,84,0,17,108,0,125,94,0,94,219
09/06/2016,RYY,GA,ASO,ES,Federal Contract Tower,0,3,22,0,25,0,1,72,0,73,0,4,94,0,98,80,0,80,178
09/07/2016,RYY,GA,ASO,ES,Federal Contract Tower,0,9,17,1,27,0,1,107,0,108,0,10,124,1,135,86,0,86,221
09/08/2016,RYY,GA,ASO,ES,Federal Contract Tower,0,8,30,0,38,0,1,84,1,86,0,9,114,1,124,136,0,136,260
09/09/2016,RYY,GA,ASO,ES,Federal Contract Tower,1,9,27,0,37,1,3,105,0,109,2,12,132,0,146,66,0,66,212
09/10/2016,RYY,GA,ASO,ES,Federal Contract Tower,0,7,18,0,25,0,0,70,1,71,0,7,88,1,96,96,0,96,192
09/11/2016,RYY,GA,ASO,ES,Federal Contract Tower,0,6,15,1,22,0,0,85,0,85,0,6,100,1,107,76,0,76,183
09/12/2016,RYY,GA,ASO,ES,Federal Contract Tower,0,9,19,1,29,0,8,58,2,68,0,17,77,3,97,42,14,56,153
09/13/2016,RYY,GA,ASO,ES,Federal Contract Tower,0,1,32,0,33,0,2,61,1,64,0,3,93,1,97,50,0,50,147
09/14/2016,RYY,GA,ASO,ES,Federal Contract Tower,0,9,31,3,43,0,3,48,2,53,0,12,79,5,96,84,0,84,180
09/15/2016,RYY,GA,ASO,ES,Federal Contract Tower,0,7,22,0,29,0,0,68,0,68,0,7,90,0,97,46,0,46,143
09/16/2016,RYY,GA,ASO,ES,Federal Contract Tower,0,10,32,0,42,0,3,85,2,90,0,13,117,2,132,90,0,90,222
09/17/2016,RYY,GA,ASO,ES,Federal Contract Tower,0,4,19,0,23,0,1,68,0,69,0,5,87,0,92,86,0,86,178
09/18/2016,RYY,GA,ASO,ES,Federal Contract Tower,0,13,36,0,49,0,0,15,0,15,0,13,51,0,64,22,0,22,86
09/19/2016,RYY,GA,ASO,ES,Federal Contract Tower,0,3,20,0,23,0,7,45,0,52,0,10,65,0,75,152,0,152,227
09/20/2016,RYY,GA,ASO,ES,Federal Contract Tower,0,9,26,2,37,0,1,85,0,86,0,10,111,2,123,88,0,88,211
09/21/2016,RYY,GA,ASO,ES,Federal Contract Tower,0,4,15,3,22,0,0,85,1,86,0,4,100,4,108,116,0,116,224
09/22/2016,RYY,GA,ASO,ES,Federal Contract Tower,0,4,27,4,35,0,5,68,2,75,0,9,95,6,110,106,0,106,216
09/23/2016,RYY,GA,ASO,ES,Federal Contract Tower,0,10,26,6,42,0,9,89,2,100,0,19,115,8,142,160,4,164,306
09/24/2016,RYY,GA,ASO,ES,Federal Contract Tower,0,4,28,0,32,0,8,124,0,132,0,12,152,0,164,182,0,182,346
09/25/2016,RYY,GA,ASO,ES,Federal Contract Tower,0,14,30,0,44,0,4,80,0,84,0,18,110,0,128,32,0,32,160
09/26/2016,RYY,GA,ASO,ES,Federal Contract Tower,0,7,17,3,27,0,4,68,0,72,0,11,85,3,99,78,0,78,177
09/27/2016,RYY,GA,ASO,ES,Federal Contract Tower,0,1,32,5,38,0,5,78,0,83,0,6,110,5,121,126,0,126,247
09/28/2016,RYY,GA,ASO,ES,Federal Contract Tower,0,5,30,0,35,0,2,99,0,101,0,7,129,0,136,98,0,98,234
09/29/2016,RYY,GA,ASO,ES,Federal Contract Tower,0,12,30,0,42,0,5,82,1,88,0,17,112,1,130,134,0,134,264
09/30/2016,RYY,GA,ASO,ES,Federal Contract Tower,0,10,47,0,57,0,9,76,0,85,0,19,123,0,142,76,0,76,218
10/01/2016,RYY,GA,ASO,ES,Federal Contract Tower,0,4,45,0,49,0,1,80,0,81,0,5,125,0,130,30,0,30,160
10/02/2016,RYY,GA,ASO,ES,Federal Contract Tower,0,7,32,0,39,0,2,79,0,81,0,9,111,0,120,76,0,76,196
10/03/2016,RYY,GA,ASO,ES,Federal Contract Tower,0,6,22,0,28,0,4,59,0,63,0,10,81,0,91,94,0,94,185
10/04/2016,RYY,GA,ASO,ES,Federal Contract Tower,0,3,20,0,23,0,5,61,2,68,0,8,81,2,91,96,0,96,187
10/05/2016,RYY,GA,ASO,ES,Federal Contract Tower,0,13,28,0,41,0,3,80,1,84,0,16,108,1,125,142,0,142,267
10/06/2016,RYY,GA,ASO,ES,Federal Contract Tower,0,9,25,1,35,0,1,86,0,87,0,10,111,1,122,140,0,140,262
10/07/2016,RYY,GA,ASO,ES,Federal Contract Tower,0,5,32,3,40,0,2,26,0,28,0,7,58,3,68,28,0,28,96
10/08/2016,RYY,GA,ASO,ES,Federal Contract Tower,0,4,7,0,11,0,2,35,0,37,0,6,42,0,48,28,0,28,76
10/09/2016,RYY,GA,ASO,ES,Federal Contract Tower,0,4,21,0,25,0,4,65,0,69,0,8,86,0,94,92,0,92,186
10/10/2016,RYY,GA,ASO,ES,Federal Contract Tower,0,4,22,0,26,0,1,70,1,72,0,5,92,1,98,84,0,84,182
10/11/2016,RYY,GA,ASO,ES,Federal Contract Tower,0,3,17,0,20,0,10,72,2,84,0,13,89,2,104,98,0,98,202
10/12/2016,RYY,GA,ASO,ES,Federal Contract Tower,0,6,22,1,29,0,2,91,3,96,0,8,113,4,125,55,1,56,181
10/13/2016,RYY,GA,ASO,ES,Federal Contract Tower,0,8,31,0,39,0,5,86,0,91,0,13,117,0,130,104,0,104,234
10/14/2016,RYY,GA,ASO,ES,Federal Contract Tower,0,10,36,0,46,0,7,86,0,93,0,17,122,0,139,190,0,190,329
10/15/2016,RYY,GA,ASO,ES,Federal Contract Tower,0,0,22,0,22,0,3,43,0,46,0,3,65,0,68,30,0,30,98
10/16/2016,RYY,GA,ASO,ES,Federal Contract Tower,0,0,0,0,0,0,0,82,0,82,0,0,82,0,82,88,0,88,170
10/17/2016,RYY,GA,ASO,ES,Federal Contract Tower,0,9,19,0,28,0,5,75,1,81,0,14,94,1,109,52,0,52,161
10/18/2016,RYY,GA,ASO,ES,Federal Contract Tower,0,4,17,0,21,0,5,66,0,71,0,9,83,0,92,118,0,118,210
10/19/2016,RYY,GA,ASO,ES,Federal Contract Tower,0,4,26,0,30,0,2,58,0,60,0,6,84,0,90,58,1,59,149
10/20/2016,RYY,GA,ASO,ES,Federal Contract Tower,0,9,28,1,38,0,0,99,2,101,0,9,127,3,139,102,0,102,241
10/21/2016,RYY,GA,ASO,ES,Federal Contract Tower,0,5,42,0,47,0,3,29,0,32,0,8,71,0,79,10,0,10,89
10/22/2016,RYY,GA,ASO,ES,Federal Contract Tower,0,8,19,0,27,0,1,59,0,60,0,9,78,0,87,36,0,36,123
10/23/2016,RYY,GA,ASO,ES,Federal Contract Tower,0,5,23,0,28,0,3,118,0,121,0,8,141,0,149,134,0,134,283
10/24/2016,RYY,GA,ASO,ES,Federal Contract Tower,0,11,22,0,33,0,4,60,0,64,0,15,82,0,97,78,0,78,175
10/25/2016,RYY,GA,ASO,ES,Federal Contract Tower,0,9,36,0,45,0,5,81,1,87,0,14,117,1,132,119,0,119,251
10/26/2016,RYY,GA,ASO,ES,Federal Contract Tower,0,5,18,2,25,0,3,76,2,81,0,8,94,4,106,84,0,84,190
10/27/2016,RYY,GA,ASO,ES,Federal Contract Tower,0,12,33,2,47,0,5,72,0,77,0,17,105,2,124,84,0,84,208
10/28/2016,RYY,GA,ASO,ES,Federal Contract Tower,0,14,29,0,43,0,10,118,2,130,0,24,147,2,173,77,0,77,250
10/29/2016,RYY,GA,ASO,ES,Federal Contract Tower,0,13,21,0,34,0,1,99,0,100,0,14,120,0,134,130,0,130,264
10/30/2016,RYY,GA,ASO,ES,Federal Contract Tower,0,4,43,0,47,0,3,100,0,103,0,7,143,0,150,60,0,60,210
10/31/2016,RYY,GA,ASO,ES,Federal Contract Tower,0,6,14,0,20,0,11,64,1,76,0,17,78,1,96,70,0,70,166
11/01/2016,RYY,GA,ASO,ES,Federal Contract Tower,0,3,26,0,29,0,0,0,0,0,0,3,26,0,29,144,0,144,173
11/02/2016,RYY,GA,ASO,ES,Federal Contract Tower,0,13,35,1,49,0,0,53,0,53,0,13,88,1,102,80,0,80,182
11/03/2016,RYY,GA,ASO,ES,Federal Contract Tower,0,11,51,0,62,0,4,89,2,95,0,15,140,2,157,102,0,102,259
11/04/2016,RYY,GA,ASO,ES,Federal Contract Tower,0,8,36,0,44,0,3,95,0,98,0,11,131,0,142,122,0,122,264
11/05/2016,RYY,GA,ASO,ES,Federal Contract Tower,0,8,22,0,30,0,0,98,0,98,0,8,120,0,128,42,0,42,170
11/06/2016,RYY,GA,ASO,ES,Federal Contract Tower,0,7,33,0,40,0,2,100,0,102,0,9,133,0,142,32,0,32,174
11/07/2016,RYY,GA,ASO,ES,Federal Contract Tower,0,6,10,0,16,0,7,63,0,70,0,13,73,0,86,70,0,70,156
11/08/2016,RYY,GA,ASO,ES,Federal Contract Tower,0,3,26,0,29,0,4,91,0,95,0,7,117,0,124,124,0,124,248
11/09/2016,RYY,GA,ASO,ES,Federal Contract Tower,0,16,17,0,33,0,3,58,2,63,0,19,75,2,96,32,0,32,128
11/10/2016,RYY,GA,ASO,ES,Federal Contract Tower,0,14,28,0,42,0,0,79,0,79,0,14,107,0,121,76,0,76,197
11/11/2016,RYY,GA,ASO,ES,Federal Contract Tower,0,9,27,0,36,0,0,76,0,76,0,9,103,0,112,64,0,64,176
11/12/2016,RYY,GA,ASO,ES,Federal Contract Tower,0,1,12,0,13,0,0,50,0,50,0,1,62,0,63,22,0,22,85
11/13/2016,RYY,GA,ASO,ES,Federal Contract Tower,0,9,26,0,35,0,0,77,0,77,0,9,103,0,112,64,0,64,176
11/14/2016,RYY,GA,ASO,ES,Federal Contract Tower,0,2,40,0,42,0,1,54,0,55,0,3,94,0,97,64,0,64,161
11/15/2016,RYY,GA,ASO,ES,Federal Contract Tower,0,3,33,0,36,0,3,75,2,80,0,6,108,2,116,100,0,100,216
11/16/2016,RYY,GA,ASO,ES,Federal Contract Tower,0,4,27,2,33,0,0,81,0,81,0,4,108,2,114,66,0,66,180
11/17/2016,RYY,GA,ASO,ES,Federal Contract Tower,0,7,27,2,36,0,0,87,0,87,0,7,114,2,123,46,0,46,169
11/18/2016,RYY,GA,ASO,ES,Federal Contract Tower,0,6,42,0,48,0,4,82,0,86,0,10,124,0,134,122,0,122,256
11/19/2016,RYY,GA,ASO,ES,Federal Contract Tower,0,6,20,0,26,0,0,8,0,8,0,6,28,0,34,2,0,2,36
11/20/2016,RYY,GA,ASO,ES,Federal Contract Tower,0,6,15,0,21,0,3,40,0,43,0,9,55,0,64,8,0,8,72
11/21/2016,RYY,GA,ASO,ES,Federal Contract Tower,0,6,26,0,32,0,3,90,2,95,0,9,116,2,127,155,2,157,284
11/22/2016,RYY,GA,ASO,ES,Federal Contract Tower,0,11,25,0,36,0,5,82,0,87,0,16,107,0,123,78,0,78,201
11/23/2016,RYY,GA,ASO,ES,Federal Contract Tower,0,7,32,0,39,0,0,69,0,69,0,7,101,0,108,86,0,86,194
11/24/2016,RYY,GA,ASO,ES,Federal Contract Tower,0,0,9,0,9,0,0,16,0,16,0,0,25,0,25,4,0,4,29
11/25/2016,RYY,GA,ASO,ES,Federal Contract Tower,0,5,22,0,27,0,4,81,0,85,0,9,103,0,112,84,0,84,196
11/26/2016,RYY,GA,ASO,ES,Federal Contract Tower,0,3,21,1,25,0,2,71,2,75,0,5,92,3,100,38,2,40,140
11/27/2016,RYY,GA,ASO,ES,Federal Contract Tower,0,17,29,0,46,0,0,108,0,108,0,17,137,0,154,118,0,118,272
11/28/2016,RYY,GA,ASO,ES,Federal Contract Tower,0,3,21,0,24,0,8,21,0,29,0,11,42,0,53,0,0,0,53
11/29/2016,RYY,GA,ASO,ES,Federal Contract Tower,0,5,38,0,43,0,0,0,0,0,0,5,38,0,43,0,0,0,43
11/30/2016,RYY,GA,ASO,ES,Federal Contract Tower,0,7,24,2,33,0,4,1,0,5,0,11,25,2,38,0,0,0,38
12/01/2016,RYY,GA,ASO,ES,Federal Contract Tower,0,5,34,4,43,0,2,112,0,114,0,7,146,4,157,98,0,98,255
12/02/2016,RYY,GA,ASO,ES,Federal Contract Tower,0,2,24,0,26,0,6,79,3,88,0,8,103,3,114,50,0,50,164
12/03/2016,RYY,GA,ASO,ES,Federal Contract Tower,0,7,19,0,26,0,0,100,0,100,0,7,119,0,126,124,0,124,250
12/04/2016,RYY,GA,ASO,ES,Federal Contract Tower,0,5,18,0,23,0,0,0,0,0,0,5,18,0,23,0,0,0,23
12/05/2016,RYY,GA,ASO,ES,Federal Contract Tower,0,4,18,0,22,0,0,0,0,0,0,4,18,0,22,0,0,0,22
12/06/2016,RYY,GA,ASO,ES,Federal Contract Tower,0,8,24,1,33,0,0,0,0,0,0,8,24,1,33,0,0,0,33
12/07/2016,RYY,GA,ASO,ES,Federal Contract Tower,0,6,27,0,33,0,6,94,0,100,0,12,121,0,133,182,0,182,315
12/08/2016,RYY,GA,ASO,ES,Federal Contract Tower,0,20,27,0,47,0,1,42,0,43,0,21,69,0,90,26,0,26,116
12/09/2016,RYY,GA,ASO,ES,Federal Contract Tower,0,1,21,0,22,0,2,80,0,82,0,3,101,0,104,98,0,98,202
12/10/2016,RYY,GA,ASO,ES,Federal Contract Tower,0,3,23,0,26,0,4,108,0,112,0,7,131,0,138,74,0,74,212
12/11/2016,RYY,GA,ASO,ES,Federal Contract Tower,0,7,12,0,19,0,0,0,0,0,0,7,12,0,19,70,0,70,89
12/12/2016,RYY,GA,ASO,ES,Federal Contract Tower,0,10,29,0,39,0,0,8,0,8,0,10,37,0,47,6,0,6,53
12/13/2016,RYY,GA,ASO,ES,Federal Contract Tower,0,6,41,0,47,0,0,2,0,2,0,6,43,0,49,0,0,0,49
12/14/2016,RYY,GA,ASO,ES,Federal Contract Tower,0,7,37,3,47,0,2,66,2,70,0,9,103,5,117,110,0,110,227
12/15/2016,RYY,GA,ASO,ES,Federal Contract Tower,0,13,29,1,43,0,8,55,2,65,0,21,84,3,108,22,0,22,130
12/16/2016,RYY,GA,ASO,ES,Federal Contract Tower,0,6,20,0,26,0,4,65,0,69,0,10,85,0,95,128,0,128,223
12/17/2016,RYY,GA,ASO,ES,Federal Contract Tower,0,5,9,0,14,0,0,0,0,0,0,5,9,0,14,12,0,12,26
12/18/2016,RYY,GA,ASO,ES,Federal Contract Tower,0,7,17,0,24,0,0,0,0,0,0,7,17,0,24,0,0,0,24
12/19/2016,RYY,GA,ASO,ES,Federal Contract Tower,0,13,28,0,41,0,2,20,0,22,0,15,48,0,63,26,0,26,89
12/20/2016,RYY,GA,ASO,ES,Federal Contract Tower,0,8,41,0,49,0,3,61,0,64,0,11,102,0,113,144,0,144,257
12/21/2016,RYY,GA,ASO,ES,Federal Contract Tower,0,15,39,1,55,0,2,146,0,148,0,17,185,1,203,112,0,112,315
12/22/2016,RYY,GA,ASO,ES,Federal Contract Tower,0,7,15,0,22,0,4,67,1,72,0,11,82,1,94,26,0,26,120
12/23/2016,RYY,GA,ASO,ES,Federal Contract Tower,0,6,29,0,35,0,5,107,0,112,0,11,136,0,147,56,0,56,203
12/24/2016,RYY,GA,ASO,ES,Federal Contract Tower,0,1,6,0,7,0,6,16,0,22,0,7,22,0,29,36,0,36,65
12/25/2016,RYY,GA,ASO,ES,Federal Contract Tower,0,1,11,0,12,0,2,14,0,16,0,3,25,0,28,12,0,12,40
12/26/2016,RYY,GA,ASO,ES,Federal Contract Tower,0,7,26,0,33,0,0,4,0,4,0,7,30,0,37,4,0,4,41
12/27/2016,RYY,GA,ASO,ES,Federal Contract Tower,0,16,39,0,55,0,0,3,0,3,0,16,42,0,58,22,0,22,80
12/28/2016,RYY,GA,ASO,ES,Federal Contract Tower,0,2,15,0,17,0,3,102,2,107,0,5,117,2,124,124,0,124,248
12/29/2016,RYY,GA,ASO,ES,Federal Contract Tower,0,3,6,0,9,0,6,15,0,21,0,9,21,0,30,8,0,8,38
12/30/2016,RYY,GA,ASO,ES,Federal Contract Tower,0,3,22,0,25,0,4,72,2,78,0,7,94,2,103,82,0,82,185
12/31/2016,RYY,GA,ASO,ES,Federal Contract Tower,0,2,8,0,10,0,2,41,0,43,0,4,49,0,53,64,0,64,117
01/01/2017,RYY,GA,ASO,ES,Federal Contract Tower,0,2,11,0,13,0,0,0,0,0,0,2,11,0,13,0,0,0,13
01/02/2017,RYY,GA,ASO,ES,Federal Contract Tower,0,13,16,0,29,0,0,0,0,0,0,13,16,0,29,0,0,0,29
01/03/2017,RYY,GA,ASO,ES,Federal Contract Tower,0,5,38,0,43,0,3,25,0,28,0,8,63,0,71,78,0,78,149
01/04/2017,RYY,GA,ASO,ES,Federal Contract Tower,0,1,21,0,22,0,4,26,0,30,0,5,47,0,52,20,0,20,72
01/05/2017,RYY,GA,ASO,ES,Federal Contract Tower,0,8,19,2,29,0,1,120,0,121,0,9,139,2,150,228,0,228,378
01/06/2017,RYY,GA,ASO,ES,Federal Contract Tower,0,5,15,0,20,0,5,15,0,20,0,10,30,0,40,42,0,42,82
01/07/2017,RYY,GA,ASO,ES,Federal Contract Tower,0,0,1,0,1,0,0,0,0,0,0,0,1,0,1,1,0,1,2
01/08/2017,RYY,GA,ASO,ES,Federal Contract Tower,0,6,15,0,21,0,2,10,0,12,0,8,25,0,33,10,0,10,43
01/09/2017,RYY,GA,ASO,ES,Federal Contract Tower,0,4,20,0,24,0,2,43,0,45,0,6,63,0,69,22,0,22,91
01/10/2017,RYY,GA,ASO,ES,Federal Contract Tower,0,10,17,0,27,0,2,86,0,88,0,12,103,0,115,82,0,82,197
01/11/2017,RYY,GA,ASO,ES,Federal Contract Tower,0,3,35,0,38,0,4,62,0,66,0,7,97,0,104,72,0,72,176
01/12/2017,RYY,GA,ASO,ES,Federal Contract Tower,0,11,23,2,36,0,6,91,4,101,0,17,114,6,137,102,0,102,239
01/13/2017,RYY,GA,ASO,ES,Federal Contract Tower,0,6,31,0,37,0,3,136,0,139,0,9,167,0,176,190,0,190,366
01/14/2017,RYY,GA,ASO,ES,Federal Contract Tower,0,0,15,0,15,0,5,110,0,115,0,5,125,0,130,112,0,112,242
01/15/2017,RYY,GA,ASO,ES,Federal Contract Tower,0,8,22,0,30,0,4,96,0,100,0,12,118,0,130,82,0,82,212
01/16/2017,RYY,GA,ASO,ES,Federal Contract Tower,0,5,27,2,34,0,8,81,0,89,0,13,108,2,123,112,0,112,235
01/17/2017,RYY,GA,ASO,ES,Federal Contract Tower,0,4,37,2,43,0,16,62,1,79,0,20,99,3,122,46,2,48,170
01/18/2017,RYY,GA,ASO,ES,Federal Contract Tower,0,5,30,0,35,0,1,52,0,53,0,6,82,0,88,74,0,74,162
01/19/2017,RYY,GA,ASO,ES,Federal Contract Tower,0,6,28,3,37,0,3,58,2,63,0,9,86,5,100,66,0,66,166
01/20/2017,RYY,GA,ASO,ES,Federal Contract Tower,0,3,35,0,38,0,4,35,1,40,0,7,70,1,78,80,2,82,160
01/21/2017,RYY,GA,ASO,ES,Federal Contract Tower,0,7,11,0,18,0,0,11,0,11,0,7,22,0,29,20,0,20,49
01/22/2017,RYY,GA,ASO,ES,Federal Contract Tower,0,5,10,0,15,0,0,0,0,0,0,5,10,0,15,0,0,0,15
01/23/2017,RYY,GA,ASO,ES,Federal Contract Tower,0,9,23,0,32,0,3,11,0,14,0,12,34,0,46,0,0,0,46
01/24/2017,RYY,GA,ASO,ES,Federal Contract Tower,0,5,42,2,49,0,3,63,0,66,0,8,105,2,115,40,0,40,155
01/25/2017,RYY,GA,ASO,ES,Federal Contract Tower,0,8,26,1,35,0,4,58,0,62,0,12,84,1,97,32,0,32,129
01/26/2017,RYY,GA,ASO,ES,Federal Contract Tower,0,6,38,0,44,0,6,35,1,42,0,12,73,1,86,14,0,14,100
01/27/2017,RYY,GA,ASO,ES,Federal Contract Tower,0,10,30,0,40,0,5,60,2,67,0,15,90,2,107,58,0,58,165
01/28/2017,RYY,GA,ASO,ES,Federal Contract Tower,0,7,16,0,23,0,0,99,0,99,0,7,115,0,122,90,0,90,212
01/29/2017,RYY,GA,ASO,ES,Federal Contract Tower,0,1,17,0,18,0,7,71,0,78,0,8,88,0,96,56,0,56,152
01/30/2017,RYY,GA,ASO,ES,Federal Contract Tower,0,4,12,0,16,0,6,42,0,48,0,10,54,0,64,50,0,50,114
01/31/2017,RYY,GA,ASO,ES,Federal Contract Tower,0,4,27,1,32,0,3,83,1,87,0,7,110,2,119,84,0,84,203
02/01/2017,RYY,GA,ASO,ES,Federal Contract Tower,0,10,19,0,29,0,0,70,0,70,0,10,89,0,99,62,0,62,161
02/02/2017,RYY,GA,ASO,ES,Federal Contract Tower,0,4,35,1,40,0,4,65,2,71,0,8,100,3,111,156,0,156,267
02/03/2017,RYY,GA,ASO,ES,Federal Contract Tower,0,7,21,0,28,0,2,64,0,66,0,9,85,0,94,136,0,136,230
02/04/2017,RYY,GA,ASO,ES,Federal Contract Tower,0,9,24,0,33,0,3,146,0,149,0,12,170,0,182,114,0,114,296
02/05/2017,RYY,GA,ASO,ES,Federal Contract Tower,0,3,23,0,26,0,2,31,0,33,0,5,54,0,59,64,0,64,123
02/06/2017,RYY,GA,ASO,ES,Federal Contract Tower,0,12,36,0,48,0,0,13,0,13,0,12,49,0,61,22,0,22,83
02/07/2017,RYY,GA,ASO,ES,Federal Contract Tower,0,7,21,0,28,0,1,13,0,14,0,8,34,0,42,0,0,0,42
02/08/2017,RYY,GA,ASO,ES,Federal Contract Tower,0,4,20,0,24,0,0,0,0,0,0,4,20,0,24,0,0,0,24
02/09/2017,RYY,GA,ASO,ES,Federal Contract Tower,0,7,25,1,33,0,5,32,2,39,0,12,57,3,72,0,0,0,72
02/10/2017,RYY,GA,ASO,ES,Federal Contract Tower,0,6,31,1,38,0,5,125,0,130,0,11,156,1,168,46,0,46,214
02/11/2017,RYY,GA,ASO,ES,Federal Contract Tower,0,5,17,0,22,0,0,44,0,44,0,5,61,0,66,190,0,190,256
02/12/2017,RYY,GA,ASO,ES,Federal Contract Tower,0,4,21,0,25,0,2,15,0,17,0,6,36,0,42,22,0,22,64
02/13/2017,RYY,GA,ASO,ES,Federal Contract Tower,0,5,14,0,19,0,7,93,3,103,0,12,107,3,122,66,0,66,188
02/14/2017,RYY,GA,ASO,ES,Federal Contract Tower,0,6,24,0,30,0,7,81,1,89,0,13,105,1,119,164,0,164,283
02/15/2017,RYY,GA,ASO,ES,Federal Contract Tower,0,8,29,0,37,0,8,33,0,41,0,16,62,0,78,22,0,22,100
02/16/2017,RYY,GA,ASO,ES,Federal Contract Tower,0,13,46,4,63,0,4,84,2,90,0,17,130,6,153,68,0,68,221
02/17/2017,RYY,GA,ASO,ES,Federal Contract Tower,0,10,30,0,40,0,5,101,0,106,0,15,131,0,146,114,0,114,260
02/18/2017,RYY,GA,ASO,ES,Federal Contract Tower,0,3,15,0,18,0,2,31,0,33,0,5,46,0,51,60,0,60,111
02/19/2017,RYY,GA,ASO,ES,Federal Contract Tower,0,6,24,0,30,0,0,86,0,86,0,6,110,0,116,118,0,118,234
02/20/2017,RYY,GA,ASO,ES,Federal Contract Tower,0,14,38,0,52,0,6,123,0,129,0,20,161,0,181,132,0,132,313
02/21/2017,RYY,GA,ASO,ES,Federal Contract Tower,0,6,30,0,36,0,4,43,0,47,0,10,73,0,83,16,0,16,99
02/22/2017,RYY,GA,ASO,ES,Federal Contract Tower,0,8,48,2,58,0,2,6,0,8,0,10,54,2,66,0,0,0,66
02/23/2017,RYY,GA,ASO,ES,Federal Contract Tower,0,6,40,2,48,0,4,75,9,88,0,10,115,11,136,138,0,138,274
02/24/2017,RYY,GA,ASO,ES,Federal Contract Tower,0,3,32,0,35,0,3,128,0,131,0,6,160,0,166,116,0,116,282
02/25/2017,RYY,GA,ASO,ES,Federal Contract Tower,0,6,13,0,19,0,2,48,0,50,0,8,61,0,69,48,0,48,117
02/26/2017,RYY,GA,ASO,ES,Federal Contract Tower,0,7,32,0,39,0,4,112,2,118,0,11,144,2,157,48,0,48,205
02/27/2017,RYY,GA,ASO,ES,Federal Contract Tower,0,5,30,0,35,0,1,34,0,35,0,6,64,0,70,50,0,50,120
02/28/2017,RYY,GA,ASO,ES,Federal Contract Tower,0,3,31,0,34,0,4,43,0,47,0,7,74,0,81,64,0,64,145
03/01/2017,RYY,GA,ASO,ES,Federal Contract Tower,0,3,18,0,21,0,5,16,10,31,0,8,34,10,52,14,0,14,66
03/02/2017,RYY,GA,ASO,ES,Federal Contract Tower,0,9,36,0,45,0,3,43,0,46,0,12,79,0,91,60,0,60,151
03/03/2017,RYY,GA,ASO,ES,Federal Contract Tower,0,8,35,1,44,0,3,77,0,80,0,11,112,1,124,82,0,82,206
03/04/2017,RYY,GA,ASO,ES,Federal Contract Tower,0,4,14,1,19,0,2,114,0,116,0,6,128,1,135,182,0,182,317
03/05/2017,RYY,GA,ASO,ES,Federal Contract Tower,0,5,7,2,14,0,2,91,0,93,0,7,98,2,107,78,0,78,185
03/06/2017,RYY,GA,ASO,ES,Federal Contract Tower,0,3,15,2,20,0,6,62,1,69,0,9,77,3,89,0,0,0,89
03/07/2017,RYY,GA,ASO,ES,Federal Contract Tower,0,6,18,0,24,0,6,19,0,25,0,12,37,0,49,18,0,18,67
03/08/2017,RYY,GA,ASO,ES,Federal Contract Tower,0,5,24,2,31,0,0,70,1,71,0,5,94,3,102,48,0,48,150
03/09/2017,RYY,GA,ASO,ES,Federal Contract Tower,0,6,19,0,25,0,4,129,2,135,0,10,148,2,160,124,0,124,284
03/10/2017,RYY,GA,ASO,ES,Federal Contract Tower,0,9,29,0,38,0,0,50,0,50,0,9,79,0,88,26,0,26,114
03/11/2017,RYY,GA,ASO,ES,Federal Contract Tower,0,6,13,0,19,0,2,115,0,117,0,8,128,0,136,124,0,124,260
03/12/2017,RYY,GA,ASO,ES,Federal Contract Tower,0,7,30,0,37,0,0,22,0,22,0,7,52,0,59,50,0,50,109
03/13/2017,RYY,GA,ASO,ES,Federal Contract Tower,0,8,21,0,29,0,2,4,0,6,0,10,25,0,35,20,0,20,55
03/14/2017,RYY,GA,ASO,ES,Federal Contract Tower,0,2,16,0,18,0,1,6,2,9,0,3,22,2,27,0,0,0,27
03/15/2017,RYY,GA,ASO,ES,Federal Contract Tower,0,6,26,1,33,0,6,46,1,53,0,12,72,2,86,28,2,30,116
03/16/2017,RYY,GA,ASO,ES,Federal Contract Tower,0,5,34,2,41,0,0,78,0,78,0,5,112,2,119,128,0,128,247
03/17/2017,RYY,GA,ASO,ES,Federal Contract Tower,0,3,30,0,33,0,9,100,0,109,0,12,130,0,142,122,0,122,264
03/18/2017,RYY,GA,ASO,ES,Federal Contract Tower,0,4,15,0,19,0,1,10,0,11,0,5,25,0,30,20,0,20,50
03/19/2017,RYY,GA,ASO,ES,Federal Contract Tower,0,9,29,0,38,0,3,121,0,124,0,12,150,0,162,82,0,82,244
03/20/2017,RYY,GA,ASO,ES,Federal Contract Tower,0,7,28,1,36,0,5,102,1,108,0,12,130,2,144,124,0,124,268
03/21/2017,RYY,GA,ASO,ES,Federal Contract Tower,0,0,22,0,22,0,2,70,0,72,0,2,92,0,94,112,0,112,206
03/22/2017,RYY,GA,ASO,ES,Federal Contract Tower,0,8,44,0,52,0,3,66,2,71,0,11,110,2,123,92,0,92,215
03/23/2017,RYY,GA,ASO,ES,Federal Contract Tower,0,8,33,4,45,0,7,47,0,54,0,15,80,4,99,36,0,36,135
03/24/2017,RYY,GA,ASO,ES,Federal Contract Tower,0,2,30,0,32,0,7,62,0,69,0,9,92,0,101,48,0,48,149
03/25/2017,RYY,GA,ASO,ES,Federal Contract Tower,0,2,25,0,27,0,4,96,2,102,0,6,121,2,129,76,0,76,205
03/26/2017,RYY,GA,ASO,ES,Federal Contract Tower,0,5,25,0,30,0,4,46,0,50,0,9,71,0,80,62,0,62,142
03/27/2017,RYY,GA,ASO,ES,Federal Contract Tower,0,2,32,1,35,0,3,32,0,35,0,5,64,1,70,146,0,146,216
03/28/2017,RYY,GA,ASO,ES,Federal Contract Tower,0,3,30,0,33,0,0,39,1,40,0,3,69,1,73,93,0,93,166
03/29/2017,RYY,GA,ASO,ES,Federal Contract Tower,0,2,35,2,39,0,2,98,4,104,0,4,133,6,143,100,0,100,243
03/30/2017,RYY,GA,ASO,ES,Federal Contract Tower,0,8,19,1,28,0,7,79,3,89,0,15,98,4,117,110,0,110,227
03/31/2017,RYY,GA,ASO,ES,Federal Contract Tower,0,13,33,0,46,0,7,73,0,80,0,20,106,0,126,68,0,68,194
04/01/2017,RYY,GA,ASO,ES,Federal Contract Tower,0,5,24,0,29,0,3,125,0,128,0,8,149,0,157,24,0,24,181
04/02/2017,RYY,GA,ASO,ES,Federal Contract Tower,0,6,27,0,33,0,2,86,4,92,0,8,113,4,125,52,0,52,177
04/03/2017,RYY,GA,ASO,ES,Federal Contract Tower,0,3,11,0,14,0,3,1,0,4,0,6,12,0,18,0,0,0,18
04/04/2017,RYY,GA,ASO,ES,Federal Contract Tower,0,7,25,0,32,0,10,81,6,97,0,17,106,6,129,94,0,94,223
04/05/2017,RYY,GA,ASO,ES,Federal Contract Tower,0,7,13,2,22,0,0,0,0,0,0,7,13,2,22,0,0,0,22
04/06/2017,RYY,GA,ASO,ES,Federal Contract Tower,0,8,42,0,50,0,1,9,0,10,0,9,51,0,60,8,0,8,68
04/07/2017,RYY,GA,ASO,ES,Federal Contract Tower,0,12,36,0,48,0,7,34,0,41,0,19,70,0,89,2,0,2,91
04/08/2017,RYY,GA,ASO,ES,Federal Contract Tower,0,9,30,0,39,0,1,102,0,103,0,10,132,0,142,96,0,96,238
04/09/2017,RYY,GA,ASO,ES,Federal Contract Tower,0,12,24,0,36,0,8,119,0,127,0,20,143,0,163,60,0,60,223
04/10/2017,RYY,GA,ASO,ES,Federal Contract Tower,0,9,26,0,35,0,11,99,2,112,0,20,125,2,147,64,0,64,211
04/11/2017,RYY,GA,ASO,ES,Federal Contract Tower,0,7,30,1,38,0,4,88,1,93,0,11,118,2,131,80,0,80,211
04/12/2017,RYY,GA,ASO,ES,Federal Contract Tower,0,7,43,0,50,0,7,106,0,113,0,14,149,0,163,128,0,128,291
04/13/2017,RYY,GA,ASO,ES,Federal Contract Tower,0,8,27,0,35,0,4,104,0,108,0,12,131,0,143,152,0,152,295
04/14/2017,RYY,GA,ASO,ES,Federal Contract Tower,0,9,32,0,41,0,4,105,0,109,0,13,137,0,150,90,0,90,240
04/15/2017,RYY,GA,ASO,ES,Federal Contract Tower,0,5,18,0,23,0,0,117,0,117,0,5,135,0,140,101,0,101,241
04/16/2017,RYY,GA,ASO,ES,Federal Contract Tower,0,9,12,0,21,0,0,74,0,74,0,9,86,0,95,44,0,44,139
04/17/2017,RYY,GA,ASO,ES,Federal Contract Tower,0,13,28,0,41,0,8,91,0,99,0,21,119,0,140,164,0,164,304
04/18/2017,RYY,GA,ASO,ES,Federal Contract Tower,0,13,30,0,43,0,5,45,0,50,0,18,75,0,93,68,0,68,161
04/19/2017,RYY,GA,ASO,ES,Federal Contract Tower,0,11,39,2,52,0,3,51,2,56,0,14,90,4,108,166,0,166,274
04/20/2017,RYY,GA,ASO,ES,Federal Contract Tower,0,8,49,2,59,0,6,102,5,113,0,14,151,7,172,159,0,159,331
04/21/2017,RYY,GA,ASO,ES,Federal Contract Tower,0,2,24,0,26,0,3,84,0,87,0,5,108,0,113,48,0,48,161
04/22/2017,RYY,GA,ASO,ES,Federal Contract Tower,0,4,9,0,13,0,0,91,0,91,0,4,100,0,104,78,0,78,182
04/23/2017,RYY,GA,ASO,ES,Federal Contract Tower,0,7,22,0,29,0,0,2,0,2,0,7,24,0,31,0,0,0,31
04/24/2017,RYY,GA,ASO,ES,Federal Contract Tower,0,6,29,0,35,0,4,1,0,5,0,10,30,0,40,26,0,26,66
04/25/2017,RYY,GA,ASO,ES,Federal Contract Tower,0,10,31,0,41,0,3,76,0,79,0,13,107,0,120,66,0,66,186
04/26/2017,RYY,GA,ASO,ES,Federal Contract Tower,0,8,39,0,47,0,2,102,1,105,0,10,141,1,152,164,0,164,316
04/27/2017,RYY,GA,ASO,ES,Federal Contract Tower,0,9,30,0,39,0,3,22,0,25,0,12,52,0,64,8,0,8,72
04/28/2017,RYY,GA,ASO,ES,Federal Contract Tower,0,9,71,0,80,0,1,20,0,21,0,10,91,0,101,8,0,8,109
04/29/2017,RYY,GA,ASO,ES,Federal Contract Tower,0,9,17,0,26,0,2,124,0,126,0,11,141,0,152,92,0,92,244
04/30/2017,RYY,GA,ASO,ES,Federal Contract Tower,0,10,35,0,45,0,3,44,0,47,0,13,79,0,92,0,0,0,92
05/01/2017,RYY,GA,ASO,ES,Federal Contract Tower,0,3,13,0,16,0,3,26,0,29,0,6,39,0,45,58,0,58,103
05/02/2017,RYY,GA,ASO,ES,Federal Contract Tower,0,2,20,0,22,0,6,61,0,67,0,8,81,0,89,152,0,152,241
05/03/2017,RYY,GA,ASO,ES,Federal Contract Tower,0,3,26,1,30,0,1,92,2,95,0,4,118,3,125,34,0,34,159
05/04/2017,RYY,GA,ASO,ES,Federal Contract Tower,0,6,24,2,32,0,0,0,0,0,0,6,24,2,32,0,0,0,32
05/05/2017,RYY,GA,ASO,ES,Federal Contract Tower,0,6,26,0,32,0,0,0,0,0,0,6,26,0,32,0,0,0,32
05/06/2017,RYY,GA,ASO,ES,Federal Contract Tower,0,4,21,0,25,0,6,16,0,22,0,10,37,0,47,4,0,4,51
05/07/2017,RYY,GA,ASO,ES,Federal Contract Tower,0,7,23,0,30,0,0,97,0,97,0,7,120,0,127,94,0,94,221
05/08/2017,RYY,GA,ASO,ES,Federal Contract Tower,0,14,21,0,35,0,11,96,0,107,0,25,117,0,142,90,0,90,232
05/09/2017,RYY,GA,ASO,ES,Federal Contract Tower,0,0,23,3,26,0,0,0,0,0,0,0,23,3,26,8,0,8,34
05/10/2017,RYY,GA,ASO,ES,Federal Contract Tower,0,4,31,2,37,0,1,89,0,90,0,5,120,2,127,8,0,8,135
05/11/2017,RYY,GA,ASO,ES,Federal Contract Tower,0,5,24,0,29,0,4,93,0,97,0,9,117,0,126,50,0,50,176
05/12/2017,RYY,GA,ASO,ES,Federal Contract Tower,0,5,24,0,29,0,3,30,0,33,0,8,54,0,62,0,0,0,62
05/13/2017,RYY,GA,ASO,ES,Federal Contract Tower,0,2,40,0,42,0,0,34,0,34,0,2,74,0,76,22,0,22,98
05/14/2017,RYY,GA,ASO,ES,Federal Contract Tower,0,3,15,0,18,0,2,70,4,76,0,5,85,4,94,18,0,18,112
05/15/2017,RYY,GA,ASO,ES,Federal Contract Tower,0,4,34,0,38,0,6,85,2,93,0,10,119,2,131,78,0,78,209
05/16/2017,RYY,GA,ASO,ES,Federal Contract Tower,0,1,25,0,26,0,2,88,0,90,0,3,113,0,116,40,0,40,156
05/17/2017,RYY,GA,ASO,ES,Federal Contract Tower,0,10,36,1,47,0,5,77,3,85,0,15,113,4,132,16,0,16,148
05/18/2017,RYY,GA,ASO,ES,Federal Contract Tower,0,5,38,0,43,0,3,80,1,84,0,8,118,1,127,68,0,68,195
05/19/2017,RYY,GA,ASO,ES,Federal Contract Tower,0,6,23,0,29,0,2,79,0,81,0,8,102,0,110,94,0,94,204
05/20/2017,RYY,GA,ASO,ES,Federal Contract Tower,0,5,12,0,17,0,2,91,0,93,0,7,103,0,110,85,0,85,195
05/21/2017,RYY,GA,ASO,ES,Federal Contract Tower,0,4,24,0,28,0,2,12,0,14,0,6,36,0,42,20,0,20,62
05/22/2017,RYY,GA,ASO,ES,Federal Contract Tower,0,13,22,0,35,0,0,24,0,24,0,13,46,0,59,42,0,42,101
05/23/2017,RYY,GA,ASO,ES,Federal Contract Tower,0,3,40,0,43,0,2,2,0,4,0,5,42,0,47,6,0,6,53
05/24/2017,RYY,GA,ASO,ES,Federal Contract Tower,0,3,19,0,22,0,4,26,0,30,0,7,45,0,52,50,0,50,102
05/25/2017,RYY,GA,ASO,ES,Federal Contract Tower,0,17,51,3,71,0,3,41,1,45,0,20,92,4,116,38,6,44,160
05/26/2017,RYY,GA,ASO,ES,Federal Contract Tower,0,12,33,2,47,0,3,139,0,142,0,15,172,2,189,160,0,160,349
05/27/2017,RYY,GA,ASO,ES,Federal Contract Tower,0,3,17,0,20,0,2,93,0,95,0,5,110,0,115,8,0,8,123
05/28/2017,RYY,GA,ASO,ES,Federal Contract Tower,0,7,3,0,10,0,6,57,0,63,0,13,60,0,73,104,0,104,177
05/29/2017,RYY,GA,ASO,ES,Federal Contract Tower,0,8,32,0,40,0,1,37,0,38,0,9,69,0,78,68,0,68,146
05/30/2017,RYY,GA,ASO,ES,Federal Contract Tower,0,17,34,0,51,0,4,7,0,11,0,21,41,0,62,26,0,26,88
05/31/2017,RYY,GA,ASO,ES,Federal Contract Tower,0,10,44,0,54,0,1,72,2,75,0,11,116,2,129,72,0,72,201
06/01/2017,RYY,GA,ASO,ES,Federal Contract Tower,0,3,27,3,33,0,6,78,0,84,0,9,105,3,117,80,0,80,197
06/02/2017,RYY,GA,ASO,ES,Federal Contract Tower,0,5,35,0,40,0,2,89,0,91,0,7,124,0,131,100,0,100,231
06/03/2017,RYY,GA,ASO,ES,Federal Contract Tower,0,5,13,0,18,0,0,94,0,94,0,5,107,0,112,60,0,60,172
06/04/2017,RYY,GA,ASO,ES,Federal Contract Tower,0,7,17,0,24,0,3,12,0,15,0,10,29,0,39,22,0,22,61
06/05/2017,RYY,GA,ASO,ES,Federal Contract Tower,0,7,18,0,25,0,7,7,0,14,0,14,25,0,39,2,0,2,41
06/06/2017,RYY,GA,ASO,ES,Federal Contract Tower,0,2,23,0,25,0,3,9,1,13,0,5,32,1,38,30,0,30,68
06/07/2017,RYY,GA,ASO,ES,Federal Contract Tower,0,6,24,0,30,0,8,73,1,82,0,14,97,1,112,82,0,82,194
06/08/2017,RYY,GA,ASO,ES,Federal Contract Tower,0,14,42,3,59,0,0,85,1,86,0,14,127,4,145,104,0,104,249
06/09/2017,RYY,GA,ASO,ES,Federal Contract Tower,0,5,28,0,33,0,10,110,0,120,0,15,138,0,153,54,0,54,207
06/10/2017,RYY,GA,ASO,ES,Federal Contract Tower,0,12,30,0,42,0,0,101,0,101,0,12,131,0,143,90,0,90,233
06/11/2017,RYY,GA,ASO,ES,Federal Contract Tower,0,12,28,0,40,0,7,44,0,51,0,19,72,0,91,83,0,83,174
06/12/2017,RYY,GA,ASO,ES,Federal Contract Tower,0,8,22,0,30,0,8,16,0,24,0,16,38,0,54,16,0,16,70
06/13/2017,RYY,GA,ASO,ES,Federal Contract Tower,0,4,36,0,40,0,11,65,1,77,0,15,101,1,117,26,0,26,143
06/14/2017,RYY,GA,ASO,ES,Federal Contract Tower,0,7,29,0,36,0,4,71,3,78,0,11,100,3,114,24,0,24,138
06/15/2017,RYY,GA,ASO,ES,Federal Contract Tower,0,8,28,0,36,0,3,72,0,75,0,11,100,0,111,144,0,144,255
06/16/2017,RYY,GA,ASO,ES,Federal Contract Tower,0,3,33,0,36,0,7,63,1,71,0,10,96,1,107,102,0,102,209
06/17/2017,RYY,GA,ASO,ES,Federal Contract Tower,0,6,25,0,31,0,0,104,0,104,0,6,129,0,135,120,0,120,255
06/18/2017,RYY,GA,ASO,ES,Federal Contract Tower,0,9,23,0,32,0,6,48,0,54,0,15,71,0,86,76,0,76,162
06/19/2017,RYY,GA,ASO,ES,Federal Contract Tower,0,6,20,0,26,0,4,43,0,47,0,10,63,0,73,46,0,46,119
06/20/2017,RYY,GA,ASO,ES,Federal Contract Tower,0,13,50,0,63,0,2,29,0,31,0,15,79,0,94,52,0,52,146
06/21/2017,RYY,GA,ASO,ES,Federal Contract Tower,0,4,35,1,40,0,0,10,1,11,0,4,45,2,51,0,0,0,51
06/22/2017,RYY,GA,ASO,ES,Federal Contract Tower,0,12,31,0,43,0,0,2,0,2,0,12,33,0,45,0,0,0,45
06/23/2017,RYY,GA,ASO,ES,Federal Contract Tower,0,13,19,0,32,0,3,48,0,51,0,16,67,0,83,62,0,62,145
06/24/2017,RYY,GA,ASO,ES,Federal Contract Tower,0,3,15,0,18,0,0,9,0,9,0,3,24,0,27,22,0,22,49
06/25/2017,RYY,GA,ASO,ES,Federal Contract Tower,0,6,36,0,42,0,6,108,0,114,0,12,144,0,156,136,0,136,292
06/26/2017,RYY,GA,ASO,ES,Federal Contract Tower,0,3,29,0,32,0,3,92,0,95,0,6,121,0,127,100,0,100,227
06/27/2017,RYY,GA,ASO,ES,Federal Contract Tower,0,6,19,0,25,0,8,74,0,82,0,14,93,0,107,60,0,60,167
06/28/2017,RYY,GA,ASO,ES,Federal Contract Tower,0,4,27,0,31,0,1,103,4,108,0,5,130,4,139,122,0,122,261
06/29/2017,RYY,GA,ASO,ES,Federal Contract Tower,0,8,31,0,39,0,0,25,0,25,0,8,56,0,64,30,0,30,94
06/30/2017,RYY,GA,ASO,ES,Federal Contract Tower,0,10,16,0,26,0,2,0,0,2,0,12,16,0,28,0,0,0,28
07/01/2017,RYY,GA,ASO,ES,Federal Contract Tower,0,10,41,0,51,0,0,15,0,15,0,10,56,0,66,0,0,0,66
07/02/2017,RYY,GA,ASO,ES,Federal Contract Tower,0,0,15,0,15,0,1,62,0,63,0,1,77,0,78,52,0,52,130
07/03/2017,RYY,GA,ASO,ES,Federal Contract Tower,0,1,15,0,16,0,0,20,0,20,0,1,35,0,36,68,0,68,104
07/04/2017,RYY,GA,ASO,ES,Federal Contract Tower,0,8,12,0,20,0,0,32,0,32,0,8,44,0,52,46,0,46,98
07/05/2017,RYY,GA,ASO,ES,Federal Contract Tower,0,9,31,1,41,0,0,80,1,81,0,9,111,2,122,38,4,42,164
07/06/2017,RYY,GA,ASO,ES,Federal Contract Tower,0,3,26,0,29,0,6,48,1,55,0,9,74,1,84,80,0,80,164
07/07/2017,RYY,GA,ASO,ES,Federal Contract Tower,0,5,25,0,30,0,4,43,0,47,0,9,68,0,77,58,0,58,135
07/08/2017,RYY,GA,ASO,ES,Federal Contract Tower,0,4,13,0,17,0,2,81,0,83,0,6,94,0,100,90,0,90,190
07/09/2017,RYY,GA,ASO,ES,Federal Contract Tower,0,13,23,0,36,0,11,105,0,116,0,24,128,0,152,102,4,106,258
07/10/2017,RYY,GA,ASO,ES,Federal Contract Tower,0,5,18,0,23,0,8,100,0,108,0,13,118,0,131,134,0,134,265
07/11/2017,RYY,GA,ASO,ES,Federal Contract Tower,0,10,30,0,40,0,2,76,5,83,0,12,106,5,123,88,0,88,211
07/12/2017,RYY,GA,ASO,ES,Federal Contract Tower,0,8,30,2,40,0,8,78,4,90,0,16,108,6,130,126,0,126,256
07/13/2017,RYY,GA,ASO,ES,Federal Contract Tower,0,7,32,0,39,0,5,97,0,102,0,12,129,0,141,124,0,124,265
07/14/2017,RYY,GA,ASO,ES,Federal Contract Tower,0,3,32,0,35,0,3,104,0,107,0,6,136,0,142,124,0,124,266
07/15/2017,RYY,GA,ASO,ES,Federal Contract Tower,0,6,20,0,26,0,1,62,0,63,0,7,82,0,89,132,0,132,221
07/16/2017,RYY,GA,ASO,ES,Federal Contract Tower,0,13,35,0,48,0,6,49,0,55,0,19,84,0,103,144,0,144,247
07/17/2017,RYY,GA,ASO,ES,Federal Contract Tower,0,4,26,0,30,0,0,53,2,55,0,4,79,2,85,136,0,136,221
07/18/2017,RYY,GA,ASO,ES,Federal Contract Tower,0,9,21,2,32,0,3,106,2,111,0,12,127,4,143,104,0,104,247
07/19/2017,RYY,GA,ASO,ES,Federal Contract Tower,0,9,34,2,45,0,8,121,0,129,0,17,155,2,174,100,0,100,274
07/20/2017,RYY,GA,ASO,ES,Federal Contract Tower,0,5,32,3,40,0,12,99,1,112,0,17,131,4,152,90,0,90,242
07/21/2017,RYY,GA,ASO,ES,Federal Contract Tower,0,4,33,0,37,0,7,94,0,101,0,11,127,0,138,70,0,70,208
07/22/2017,RYY,GA,ASO,ES,Federal Contract Tower,0,2,19,0,21,0,6,94,0,100,0,8,113,0,121,74,0,74,195
07/23/2017,RYY,GA,ASO,ES,Federal Contract Tower,0,7,6,0,13,0,2,76,0,78,0,9,82,0,91,202,0,202,293
07/24/2017,RYY,GA,ASO,ES,Federal Contract Tower,0,6,19,0,25,0,4,40,0,44,0,10,59,0,69,50,0,50,119
07/25/2017,RYY,GA,ASO,ES,Federal Contract Tower,0,2,28,0,30,0,4,71,0,75,0,6,99,0,105,116,0,116,221
07/26/2017,RYY,GA,ASO,ES,Federal Contract Tower,0,3,30,2,35,0,0,107,2,109,0,3,137,4,144,128,0,128,272
07/27/2017,RYY,GA,ASO,ES,Federal Contract Tower,0,9,26,0,35,0,3,60,1,64,0,12,86,1,99,82,0,82,181
07/28/2017,RYY,GA,ASO,ES,Federal Contract Tower,0,12,14,0,26,0,4,40,0,44,0,16,54,0,70,88,0,88,158
07/29/2017,RYY,GA,ASO,ES,Federal Contract Tower,0,5,13,0,18,0,2,98,0,100,0,7,111,0,118,117,0,117,235
07/30/2017,RYY,GA,ASO,ES,Federal Contract Tower,0,5,13,0,18,0,2,114,0,116,0,7,127,0,134,98,0,98,232
07/31/2017,RYY,GA,ASO,ES,Federal Contract Tower,0,6,24,0,30,0,3,99,2,104,0,9,123,2,134,76,0,76,210
08/01/2017,RYY,GA,ASO,ES,Federal Contract Tower,0,7,30,0,37,0,3,74,1,78,0,10,104,1,115,128,0,128,243
08/02/2017,RYY,GA,ASO,ES,Federal Contract Tower,0,4,29,0,33,0,0,89,1,90,0,4,118,1,123,134,0,134,257
08/03/2017,RYY,GA,ASO,ES,Federal Contract Tower,0,6,35,1,42,0,1,78,1,80,0,7,113,2,122,116,0,116,238
08/04/2017,RYY,GA,ASO,ES,Federal Contract Tower,0,3,31,0,34,0,1,44,0,45,0,4,75,0,79,144,0,144,223
08/05/2017,RYY,GA,ASO,ES,Federal Contract Tower,0,2,25,0,27,0,4,106,0,110,0,6,131,0,137,82,0,82,219
08/06/2017,RYY,GA,ASO,ES,Federal Contract Tower,0,7,26,0,33,0,4,57,0,61,0,11,83,0,94,84,0,84,178
08/07/2017,RYY,GA,ASO,ES,Federal Contract Tower,0,2,25,2,29,0,3,9,0,12,0,5,34,2,41,32,0,32,73
08/08/2017,RYY,GA,ASO,ES,Federal Contract Tower,0,7,33,0,40,0,2,19,0,21,0,9,52,0,61,30,0,30,91
08/09/2017,RYY,GA,ASO,ES,Federal Contract Tower,0,1,21,0,22,0,1,5,6,12,0,2,26,6,34,0,4,4,38
08/10/2017,RYY,GA,ASO,ES,Federal Contract Tower,0,1,24,1,26,0,6,7,0,13,0,7,31,1,39,18,0,18,57
08/11/2017,RYY,GA,ASO,ES,Federal Contract Tower,0,5,17,1,23,0,1,31,0,32,0,6,48,1,55,90,0,90,145
08/12/2017,RYY,GA,ASO,ES,Federal Contract Tower,0,2,26,0,28,0,1,52,0,53,0,3,78,0,81,58,0,58,139
08/13/2017,RYY,GA,ASO,ES,Federal Contract Tower,0,5,15,0,20,0,4,87,0,91,0,9,102,0,111,172,0,172,283
08/14/2017,RYY,GA,ASO,ES,Federal Contract Tower,0,6,21,0,27,0,2,61,0,63,0,8,82,0,90,152,0,152,242
08/15/2017,RYY,GA,ASO,ES,Federal Contract Tower,0,4,23,1,28,0,2,39,1,42,0,6,62,2,70,60,0,60,130
08/16/2017,RYY,GA,ASO,ES,Federal Contract Tower,0,5,27,0,32,0,0,88,5,93,0,5,115,5,125,140,0,140,265
08/17/2017,RYY,GA,ASO,ES,Federal Contract Tower,0,6,28,2,36,0,4,104,0,108,0,10,132,2,144,110,0,110,254
08/18/2017,RYY,GA,ASO,ES,Federal Contract Tower,0,7,16,0,23,0,1,97,0,98,0,8,113,0,121,56,0,56,177
08/19/2017,RYY,GA,ASO,ES,Federal Contract Tower,0,4,15,0,19,0,1,124,0,125,0,5,139,0,144,108,0,108,252
08/20/2017,RYY,GA,ASO,ES,Federal Contract Tower,0,2,24,0,26,0,4,105,0,109,0,6,129,0,135,56,20,76,211
08/21/2017,RYY,GA,ASO,ES,Federal Contract Tower,0,6,23,0,29,0,10,132,1,143,0,16,155,1,172,76,0,76,248
08/22/2017,RYY,GA,ASO,ES,Federal Contract Tower,0,6,33,0,39,0,8,93,0,101,0,14,126,0,140,90,0,90,230
08/23/2017,RYY,GA,ASO,ES,Federal Contract Tower,0,8,33,2,43,0,1,79,1,81,0,9,112,3,124,132,2,134,258
08/24/2017,RYY,GA,ASO,ES,Federal Contract Tower,0,9,26,1,36,0,2,87,2,91,0,11,113,3,127,58,2,60,187
08/25/2017,RYY,GA,ASO,ES,Federal Contract Tower,0,11,29,0,40,0,2,106,0,108,0,13,135,0,148,136,0,136,284
08/26/2017,RYY,GA,ASO,ES,Federal Contract Tower,0,5,14,0,19,0,0,73,0,73,0,5,87,0,92,244,0,244,336
08/28/2017,RYY,GA,ASO,ES,Federal Contract Tower,0,3,23,2,28,0,2,38,0,40,0,5,61,2,68,26,0,26,94
08/29/2017,RYY,GA,ASO,ES,Federal Contract Tower,0,0,28,0,28,0,1,87,0,88,0,1,115,0,116,18,1,19,135
08/30/2017,RYY,GA,ASO,ES,Federal Contract Tower,0,5,22,1,28,0,0,10,0,10,0,5,32,1,38,54,0,54,92
08/31/2017,RYY,GA,ASO,ES,Federal Contract Tower,0,5,29,0,34,0,1,6,0,7,0,6,35,0,41,0,0,0,41
09/01/2017,RYY,GA,ASO,ES,Federal Contract Tower,0,8,26,0,34,0,4,22,2,28,0,12,48,2,62,6,0,6,68
09/02/2017,RYY,GA,ASO,ES,Federal Contract Tower,0,5,9,0,14,0,4,96,0,100,0,9,105,0,114,90,0,90,204
09/03/2017,RYY,GA,ASO,ES,Federal Contract Tower,0,0,12,0,12,0,8,83,0,91,0,8,95,0,103,178,0,178,281
09/04/2017,RYY,GA,ASO,ES,Federal Contract Tower,0,7,19,0,26,0,0,93,2,95,0,7,112,2,121,140,0,140,261
09/05/2017,RYY,GA,ASO,ES,Federal Contract Tower,0,6,32,0,38,0,1,61,0,62,0,7,93,0,100,52,0,52,152
09/06/2017,RYY,GA,ASO,ES,Federal Contract Tower,0,8,30,0,38,0,4,42,3,49,0,12,72,3,87,2,0,2,89
09/07/2017,RYY,GA,ASO,ES,Federal Contract Tower,0,14,38,0,52,0,4,152,0,156,0,18,190,0,208,116,0,116,324
09/08/2017,RYY,GA,ASO,ES,Federal Contract Tower,0,11,42,0,53,0,3,161,0,164,0,14,203,0,217,86,0,86,303
09/09/2017,RYY,GA,ASO,ES,Federal Contract Tower,0,3,17,0,20,0,2,67,0,69,0,5,84,0,89,28,0,28,117
09/10/2017,RYY,GA,ASO,ES,Federal Contract Tower,0,6,19,1,26,0,0,20,0,20,0,6,39,1,46,12,0,12,58
09/11/2017,RYY,GA,ASO,ES,Federal Contract Tower,0,0,4,0,4,0,0,0,0,0,0,0,4,0,4,0,0,0,4
09/12/2017,RYY,GA,ASO,ES,Federal Contract Tower,0,5,15,0,20,0,0,0,0,0,0,5,15,0,20,0,0,0,20
09/13/2017,RYY,GA,ASO,ES,Federal Contract Tower,0,20,29,0,49,0,3,79,1,83,0,23,108,1,132,28,0,28,160
09/14/2017,RYY,GA,ASO,ES,Federal Contract Tower,0,10,25,0,35,0,4,95,0,99,0,14,120,0,134,170,0,170,304
09/15/2017,RYY,GA,ASO,ES,Federal Contract Tower,0,8,30,0,38,0,2,91,0,93,0,10,121,0,131,64,0,64,195
09/16/2017,RYY,GA,ASO,ES,Federal Contract Tower,0,4,20,0,24,0,0,124,2,126,0,4,144,2,150,46,0,46,196
09/17/2017,RYY,GA,ASO,ES,Federal Contract Tower,0,6,20,1,27,0,0,131,0,131,0,6,151,1,158,54,0,54,212
09/18/2017,RYY,GA,ASO,ES,Federal Contract Tower,0,2,20,0,22,0,1,82,0,83,0,3,102,0,105,80,0,80,185
09/19/2017,RYY,GA,ASO,ES,Federal Contract Tower,0,10,37,0,47,0,3,82,2,87,0,13,119,2,134,112,0,112,246
09/20/2017,RYY,GA,ASO,ES,Federal Contract Tower,0,6,32,0,38,0,2,90,2,94,0,8,122,2,132,120,0,120,252
09/21/2017,RYY,GA,ASO,ES,Federal Contract Tower,0,8,24,3,35,0,2,109,0,111,0,10,133,3,146,108,0,108,254
09/22/2017,RYY,GA,ASO,ES,Federal Contract Tower,0,5,25,0,30,0,6,84,4,94,0,11,109,4,124,142,0,142,266
09/23/2017,RYY,GA,ASO,ES,Federal Contract Tower,0,3,14,0,17,0,1,98,0,99,0,4,112,0,116,121,0,121,237
09/24/2017,RYY,GA,ASO,ES,Federal Contract Tower,0,8,19,2,29,0,2,92,0,94,0,10,111,2,123,150,0,150,273
09/25/2017,RYY,GA,ASO,ES,Federal Contract Tower,0,4,32,0,36,0,2,66,0,68,0,6,98,0,104,74,0,74,178
09/26/2017,RYY,GA,ASO,ES,Federal Contract Tower,0,3,31,3,37,0,3,77,5,85,0,6,108,8,122,118,0,118,240
09/27/2017,RYY,GA,ASO,ES,Federal Contract Tower,0,4,22,1,27,0,4,68,1,73,0,8,90,2,100,20,0,20,120
09/28/2017,RYY,GA,ASO,ES,Federal Contract Tower,0,5,34,3,42,0,3,102,0,105,0,8,136,3,147,100,0,100,247
09/29/2017,RYY,GA,ASO,ES,Federal Contract Tower,0,4,24,0,28,0,3,99,0,102,0,7,123,0,130,76,0,76,206
09/30/2017,RYY,GA,ASO,ES,Federal Contract Tower,0,2,15,0,17,0,0,84,0,84,0,2,99,0,101,32,0,32,133
10/01/2017,RYY,GA,ASO,ES,Federal Contract Tower,0,2,24,1,27,0,0,49,0,49,0,2,73,1,76,18,0,18,94
10/02/2017,RYY,GA,ASO,ES,Federal Contract Tower,0,5,22,3,30,0,6,76,1,83,0,11,98,4,113,126,0,126,239
10/03/2017,RYY,GA,ASO,ES,Federal Contract Tower,0,1,19,0,20,0,6,70,0,76,0,7,89,0,96,56,0,56,152
10/04/2017,RYY,GA,ASO,ES,Federal Contract Tower,0,4,24,4,32,0,13,81,0,94,0,17,105,4,126,112,0,112,238
10/05/2017,RYY,GA,ASO,ES,Federal Contract Tower,0,5,18,2,25,0,0,78,0,78,0,5,96,2,103,48,0,48,151
10/06/2017,RYY,GA,ASO,ES,Federal Contract Tower,0,9,30,0,39,0,2,103,0,105,0,11,133,0,144,100,0,100,244
10/07/2017,RYY,GA,ASO,ES,Federal Contract Tower,0,3,20,0,23,0,1,22,0,23,0,4,42,0,46,60,0,60,106
10/08/2017,RYY,GA,ASO,ES,Federal Contract Tower,0,4,3,0,7,0,0,0,0,0,0,4,3,0,7,0,0,0,7
10/09/2017,RYY,GA,ASO,ES,Federal Contract Tower,0,10,21,0,31,0,3,1,0,4,0,13,22,0,35,14,0,14,49
10/10/2017,RYY,GA,ASO,ES,Federal Contract Tower,0,9,35,0,44,0,0,38,0,38,0,9,73,0,82,50,0,50,132
10/11/2017,RYY,GA,ASO,ES,Federal Contract Tower,0,4,32,3,39,0,2,70,1,73,0,6,102,4,112,56,0,56,168
10/12/2017,RYY,GA,ASO,ES,Federal Contract Tower,0,17,56,2,75,1,4,86,0,91,1,21,142,2,166,42,0,42,208
10/13/2017,RYY,GA,ASO,ES,Federal Contract Tower,0,10,35,0,45,0,3,50,0,53,0,13,85,0,98,66,0,66,164
10/14/2017,RYY,GA,ASO,ES,Federal Contract Tower,0,3,32,0,35,0,1,66,2,69,0,4,98,2,104,100,0,100,204
10/15/2017,RYY,GA,ASO,ES,Federal Contract Tower,0,7,34,0,41,0,0,48,0,48,0,7,82,0,89,88,0,88,177
10/16/2017,RYY,GA,ASO,ES,Federal Contract Tower,0,10,24,0,34,0,15,43,0,58,0,25,67,0,92,10,0,10,102
10/17/2017,RYY,GA,ASO,ES,Federal Contract Tower,0,6,23,2,31,0,0,88,1,89,0,6,111,3,120,44,0,44,164
10/18/2017,RYY,GA,ASO,ES,Federal Contract Tower,0,10,22,5,37,0,1,106,6,113,0,11,128,11,150,90,0,90,240
10/19/2017,RYY,GA,ASO,ES,Federal Contract Tower,0,5,34,4,43,0,2,134,2,138,0,7,168,6,181,60,0,60,241
10/20/2017,RYY,GA,ASO,ES,Federal Contract Tower,0,13,36,1,50,0,5,131,1,137,0,18,167,2,187,120,0,120,307
10/21/2017,RYY,GA,ASO,ES,Federal Contract Tower,0,3,22,0,25,0,0,102,0,102,0,3,124,0,127,186,0,186,313
10/22/2017,RYY,GA,ASO,ES,Federal Contract Tower,0,7,36,0,43,0,11,77,0,88,0,18,113,0,131,64,0,64,195
10/23/2017,RYY,GA,ASO,ES,Federal Contract Tower,0,6,23,1,30,0,8,18,0,26,0,14,41,1,56,62,0,62,118
10/24/2017,RYY,GA,ASO,ES,Federal Contract Tower,0,4,24,0,28,0,4,78,0,82,0,8,102,0,110,88,0,88,198
10/25/2017,RYY,GA,ASO,ES,Federal Contract Tower,0,6,37,2,45,0,6,82,0,88,0,12,119,2,133,8,0,8,141
10/26/2017,RYY,GA,ASO,ES,Federal Contract Tower,0,11,36,0,47,0,7,124,4,135,0,18,160,4,182,90,0,90,272
10/27/2017,RYY,GA,ASO,ES,Federal Contract Tower,0,9,29,0,38,0,5,122,0,127,0,14,151,0,165,140,0,140,305
10/28/2017,RYY,GA,ASO,ES,Federal Contract Tower,0,8,22,0,30,0,0,0,0,0,0,8,22,0,30,0,0,0,30
10/29/2017,RYY,GA,ASO,ES,Federal Contract Tower,0,3,21,0,24,0,3,12,0,15,0,6,33,0,39,0,0,0,39
10/30/2017,RYY,GA,ASO,ES,Federal Contract Tower,0,1,34,0,35,0,7,66,0,73,0,8,100,0,108,78,0,78,186
10/31/2017,RYY,GA,ASO,ES,Federal Contract Tower,0,0,21,0,21,0,5,98,1,104,0,5,119,1,125,126,0,126,251
11/01/2017,RYY,GA,ASO,ES,Federal Contract Tower,0,11,36,0,47,0,5,64,5,74,0,16,100,5,121,70,0,70,191
11/02/2017,RYY,GA,ASO,ES,Federal Contract Tower,0,3,33,0,36,0,5,102,0,107,0,8,135,0,143,100,0,100,243
11/03/2017,RYY,GA,ASO,ES,Federal Contract Tower,0,3,17,0,20,0,4,78,8,90,0,7,95,8,110,102,0,102,212
11/04/2017,RYY,GA,ASO,ES,Federal Contract Tower,0,0,20,0,20,0,4,62,0,66,0,4,82,0,86,58,0,58,144
11/05/2017,RYY,GA,ASO,ES,Federal Contract Tower,0,10,35,0,45,0,0,69,0,69,0,10,104,0,114,122,0,122,236
11/06/2017,RYY,GA,ASO,ES,Federal Contract Tower,0,3,23,4,30,0,2,39,0,41,0,5,62,4,71,172,0,172,243
11/07/2017,RYY,GA,ASO,ES,Federal Contract Tower,0,5,18,0,23,0,0,41,1,42,0,5,59,1,65,102,0,102,167
11/08/2017,RYY,GA,ASO,ES,Federal Contract Tower,0,11,43,1,55,0,0,7,0,7,0,11,50,1,62,0,0,0,62
11/09/2017,RYY,GA,ASO,ES,Federal Contract Tower,0,1,43,2,46,0,0,7,1,8,0,1,50,3,54,8,0,8,62
11/10/2017,RYY,GA,ASO,ES,Federal Contract Tower,0,9,21,1,31,0,6,131,0,137,0,15,152,1,168,74,0,74,242
11/11/2017,RYY,GA,ASO,ES,Federal Contract Tower,0,4,24,0,28,0,2,96,0,98,0,6,120,0,126,14,0,14,140
11/12/2017,RYY,GA,ASO,ES,Federal Contract Tower,0,6,38,0,44,0,0,5,0,5,0,6,43,0,49,8,0,8,57
11/13/2017,RYY,GA,ASO,ES,Federal Contract Tower,0,10,27,2,39,0,2,62,0,64,0,12,89,2,103,80,0,80,183
11/14/2017,RYY,GA,ASO,ES,Federal Contract Tower,0,14,26,0,40,0,1,76,0,77,0,15,102,0,117,134,0,134,251
11/15/2017,RYY,GA,ASO,ES,Federal Contract Tower,0,0,24,0,24,0,0,87,0,87,0,0,111,0,111,98,0,98,209
11/16/2017,RYY,GA,ASO,ES,Federal Contract Tower,0,9,25,2,36,0,0,91,0,91,0,9,116,2,127,82,0,82,209
11/17/2017,RYY,GA,ASO,ES,Federal Contract Tower,0,13,42,0,55,0,1,124,0,125,0,14,166,0,180,20,0,20,200
11/18/2017,RYY,GA,ASO,ES,Federal Contract Tower,0,4,15,0,19,0,2,53,0,55,0,6,68,0,74,46,0,46,120
11/19/2017,RYY,GA,ASO,ES,Federal Contract Tower,0,12,38,0,50,0,3,46,0,49,0,15,84,0,99,4,0,4,103
11/20/2017,RYY,GA,ASO,ES,Federal Contract Tower,0,6,29,2,37,0,2,95,6,103,0,8,124,8,140,114,0,114,254
11/21/2017,RYY,GA,ASO,ES,Federal Contract Tower,0,3,39,3,45,0,2,103,0,105,0,5,142,3,150,208,0,208,358
11/22/2017,RYY,GA,ASO,ES,Federal Contract Tower,0,15,22,1,38,0,2,122,0,124,0,17,144,1,162,106,0,106,268
11/23/2017,RYY,GA,ASO,ES,Federal Contract Tower,0,0,14,0,14,0,4,28,0,32,0,4,42,0,46,50,0,50,96
11/24/2017,RYY,GA,ASO,ES,Federal Contract Tower,0,4,6,1,11,0,3,81,0,84,0,7,87,1,95,28,0,28,123
11/25/2017,RYY,GA,ASO,ES,Federal Contract Tower,0,4,20,0,24,0,1,118,1,120,0,5,138,1,144,136,0,136,280
11/26/2017,RYY,GA,ASO,ES,Federal Contract Tower,0,16,42,0,58,0,0,114,0,114,0,16,156,0,172,86,0,86,258
11/27/2017,RYY,GA,ASO,ES,Federal Contract Tower,0,5,42,3,50,0,2,96,3,101,0,7,138,6,151,96,10,106,257
11/28/2017,RYY,GA,ASO,ES,Federal Contract Tower,0,4,23,0,27,0,0,88,1,89,0,4,111,1,116,136,0,136,252
11/29/2017,RYY,GA,ASO,ES,Federal Contract Tower,0,8,34,4,46,0,0,35,0,35,0,8,69,4,81,40,0,40,121
11/30/2017,RYY,GA,ASO,ES,Federal Contract Tower,0,13,36,1,50,0,0,28,0,28,0,13,64,1,78,20,0,20,98
12/01/2017,RYY,GA,ASO,ES,Federal Contract Tower,0,11,32,0,43,0,5,32,3,40,0,16,64,3,83,46,0,46,129
12/02/2017,RYY,GA,ASO,ES,Federal Contract Tower,0,1,10,0,11,0,0,65,0,65,0,1,75,0,76,114,0,114,190
12/03/2017,RYY,GA,ASO,ES,Federal Contract Tower,0,8,22,4,34,0,0,97,0,97,0,8,119,4,131,148,0,148,279
12/04/2017,RYY,GA,ASO,ES,Federal Contract Tower,0,3,29,0,32,0,1,59,0,60,0,4,88,0,92,70,0,70,162
12/05/2017,RYY,GA,ASO,ES,Federal Contract Tower,0,15,25,0,40,0,0,5,0,5,0,15,30,0,45,40,0,40,85
12/06/2017,RYY,GA,ASO,ES,Federal Contract Tower,0,15,34,0,49,0,2,41,0,43,0,17,75,0,92,52,0,52,144
12/07/2017,RYY,GA,ASO,ES,Federal Contract Tower,0,6,24,3,33,0,2,53,1,56,0,8,77,4,89,26,0,26,115
12/08/2017,RYY,GA,ASO,ES,Federal Contract Tower,0,0,8,1,9,0,0,0,0,0,0,0,8,1,9,0,0,0,9
12/09/2017,RYY,GA,ASO,ES,Federal Contract Tower,0,0,9,0,9,0,0,2,0,2,0,0,11,0,11,0,0,0,11
12/10/2017,RYY,GA,ASO,ES,Federal Contract Tower,0,0,17,3,20,0,0,77,0,77,0,0,94,3,97,128,0,128,225
12/11/2017,RYY,GA,ASO,ES,Federal Contract Tower,0,12,25,0,37,0,3,50,2,55,0,15,75,2,92,57,0,57,149
12/12/2017,RYY,GA,ASO,ES,Federal Contract Tower,0,16,27,2,45,0,2,58,2,62,0,18,85,4,107,24,0,24,131
12/13/2017,RYY,GA,ASO,ES,Federal Contract Tower,0,11,36,0,47,0,2,99,3,104,0,13,135,3,151,122,0,122,273
12/14/2017,RYY,GA,ASO,ES,Federal Contract Tower,0,11,37,0,48,0,2,106,0,108,0,13,143,0,156,106,0,106,262
12/15/2017,RYY,GA,ASO,ES,Federal Contract Tower,0,3,23,0,26,0,3,48,0,51,0,6,71,0,77,64,0,64,141
12/16/2017,RYY,GA,ASO,ES,Federal Contract Tower,0,5,16,0,21,0,0,97,0,97,0,5,113,0,118,126,0,126,244
12/17/2017,RYY,GA,ASO,ES,Federal Contract Tower,0,9,27,0,36,0,0,26,0,26,0,9,53,0,62,86,0,86,148
12/18/2017,RYY,GA,ASO,ES,Federal Contract Tower,0,7,21,0,28,0,26,0,0,26,0,33,21,0,54,84,0,84,138
12/19/2017,RYY,GA,ASO,ES,Federal Contract Tower,0,9,22,0,31,0,0,0,0,0,0,9,22,0,31,0,0,0,31
12/20/2017,RYY,GA,ASO,ES,Federal Contract Tower,0,7,21,0,28,0,0,0,0,0,0,7,21,0,28,0,0,0,28
12/21/2017,RYY,GA,ASO,ES,Federal Contract Tower,0,6,29,0,35,0,0,0,0,0,0,6,29,0,35,0,0,0,35
12/22/2017,RYY,GA,ASO,ES,Federal Contract Tower,0,7,25,0,32,0,0,0,0,0,0,7,25,0,32,0,0,0,32
12/23/2017,RYY,GA,ASO,ES,Federal Contract Tower,0,2,17,0,19,0,0,0,0,0,0,2,17,0,19,0,0,0,19
12/24/2017,RYY,GA,ASO,ES,Federal Contract Tower,0,3,14,0,17,0,0,9,0,9,0,3,23,0,26,0,0,0,26
12/25/2017,RYY,GA,ASO,ES,Federal Contract Tower,0,2,3,0,5,0,0,14,0,14,0,2,17,0,19,0,0,0,19
12/26/2017,RYY,GA,ASO,ES,Federal Contract Tower,0,10,30,0,40,0,4,92,0,96,0,14,122,0,136,78,0,78,214
12/27/2017,RYY,GA,ASO,ES,Federal Contract Tower,0,16,30,1,47,0,0,58,0,58,0,16,88,1,105,42,0,42,147
12/28/2017,RYY,GA,ASO,ES,Federal Contract Tower,0,5,15,0,20,0,0,80,1,81,0,5,95,1,101,36,0,36,137
12/29/2017,RYY,GA,ASO,ES,Federal Contract Tower,0,3,20,0,23,0,2,91,0,93,0,5,111,0,116,90,0,90,206
12/30/2017,RYY,GA,ASO,ES,Federal Contract Tower,0,7,16,0,23,0,14,121,0,135,0,21,137,0,158,104,0,104,262
12/31/2017,RYY,GA,ASO,ES,Federal Contract Tower,0,3,13,0,16,0,4,22,0,26,0,7,35,0,42,48,0,48,90
01/01/2018,RYY,GA,ASO,ES,Federal Contract Tower,0,1,21,0,22,0,7,10,0,17,0,8,31,0,39,0,0,0,39
01/02/2018,RYY,GA,ASO,ES,Federal Contract Tower,0,15,42,0,57,0,5,69,0,74,0,20,111,0,131,90,0,90,221
01/03/2018,RYY,GA,ASO,ES,Federal Contract Tower,0,4,18,0,22,0,4,51,0,55,0,8,69,0,77,38,0,38,115
01/04/2018,RYY,GA,ASO,ES,Federal Contract Tower,0,1,16,0,17,0,3,16,0,19,0,4,32,0,36,2,0,2,38
01/05/2018,RYY,GA,ASO,ES,Federal Contract Tower,0,6,29,0,35,0,5,70,0,75,0,11,99,0,110,42,0,42,152
01/06/2018,RYY,GA,ASO,ES,Federal Contract Tower,0,5,18,0,23,0,0,94,1,95,0,5,112,1,118,88,0,88,206
01/07/2018,RYY,GA,ASO,ES,Federal Contract Tower,0,6,22,0,28,0,0,63,0,63,0,6,85,0,91,102,0,102,193
01/08/2018,RYY,GA,ASO,ES,Federal Contract Tower,0,5,11,0,16,0,1,3,0,4,0,6,14,0,20,50,0,50,70
01/09/2018,RYY,GA,ASO,ES,Federal Contract Tower,0,4,27,1,32,0,1,8,0,9,0,5,35,1,41,0,0,0,41
01/10/2018,RYY,GA,ASO,ES,Federal Contract Tower,0,6,30,0,36,0,0,55,0,55,0,6,85,0,91,80,0,80,171
01/11/2018,RYY,GA,ASO,ES,Federal Contract Tower,0,6,24,3,33,0,0,0,0,0,0,6,24,3,33,0,0,0,33
01/12/2018,RYY,GA,ASO,ES,Federal Contract Tower,0,6,23,0,29,0,1,0,0,1,0,7,23,0,30,0,0,0,30
01/13/2018,RYY,GA,ASO,ES,Federal Contract Tower,0,4,15,0,19,0,7,36,0,43,0,11,51,0,62,10,0,10,72
01/14/2018,RYY,GA,ASO,ES,Federal Contract Tower,0,3,14,0,17,0,3,81,2,86,0,6,95,2,103,100,0,100,203
01/15/2018,RYY,GA,ASO,ES,Federal Contract Tower,0,0,20,0,20,0,1,94,5,100,0,1,114,5,120,102,0,102,222
01/16/2018,RYY,GA,ASO,ES,Federal Contract Tower,0,4,21,0,25,0,2,56,0,58,0,6,77,0,83,88,0,88,171
01/17/2018,RYY,GA,ASO,ES,Federal Contract Tower,0,12,17,0,29,0,4,6,6,16,0,16,23,6,45,4,0,4,49
01/18/2018,RYY,GA,ASO,ES,Federal Contract Tower,0,7,29,2,38,0,1,64,5,70,0,8,93,7,108,68,0,68,176
01/19/2018,RYY,GA,ASO,ES,Federal Contract Tower,0,9,30,1,40,0,1,124,1,126,0,10,154,2,166,46,0,46,212
01/20/2018,RYY,GA,ASO,ES,Federal Contract Tower,0,0,15,1,16,0,1,151,1,153,0,1,166,2,169,104,0,104,273
01/21/2018,RYY,GA,ASO,ES,Federal Contract Tower,0,1,21,0,22,0,1,109,0,110,0,2,130,0,132,82,0,82,214
01/22/2018,RYY,GA,ASO,ES,Federal Contract Tower,0,8,17,0,25,0,2,5,0,7,0,10,22,0,32,0,0,0,32
01/23/2018,RYY,GA,ASO,ES,Federal Contract Tower,0,4,26,0,30,0,2,87,0,89,0,6,113,0,119,72,0,72,191
01/24/2018,RYY,GA,ASO,ES,Federal Contract Tower,0,8,29,3,40,0,7,82,2,91,0,15,111,5,131,44,4,48,179
01/25/2018,RYY,GA,ASO,ES,Federal Contract Tower,0,12,28,3,43,0,0,111,0,111,0,12,139,3,154,94,0,94,248
01/26/2018,RYY,GA,ASO,ES,Federal Contract Tower,0,9,30,2,41,0,6,99,0,105,0,15,129,2,146,46,0,46,192
01/27/2018,RYY,GA,ASO,ES,Federal Contract Tower,0,1,12,0,13,0,0,29,0,29,0,1,41,0,42,46,0,46,88
01/28/2018,RYY,GA,ASO,ES,Federal Contract Tower,0,8,20,0,28,0,0,0,0,0,0,8,20,0,28,0,0,0,28
01/29/2018,RYY,GA,ASO,ES,Federal Contract Tower,0,11,22,0,33,0,3,33,0,36,0,14,55,0,69,8,0,8,77
01/30/2018,RYY,GA,ASO,ES,Federal Contract Tower,0,6,29,0,35,0,0,100,5,105,0,6,129,5,140,34,12,46,186
01/31/2018,RYY,GA,ASO,ES,Federal Contract Tower,0,7,29,0,36,0,10,116,0,126,0,17,145,0,162,212,0,212,374
02/01/2018,RYY,GA,ASO,ES,Federal Contract Tower,0,7,25,2,34,0,6,28,0,34,0,13,53,2,68,14,0,14,82
02/02/2018,RYY,GA,ASO,ES,Federal Contract Tower,0,4,29,0,33,0,3,66,0,69,0,7,95,0,102,16,0,16,118
02/03/2018,RYY,GA,ASO,ES,Federal Contract Tower,0,6,13,0,19,0,4,77,1,82,0,10,90,1,101,80,0,80,181
02/04/2018,RYY,GA,ASO,ES,Federal Contract Tower,0,5,17,0,22,0,0,1,0,1,0,5,18,0,23,0,0,0,23
02/05/2018,RYY,GA,ASO,ES,Federal Contract Tower,0,5,18,0,23,0,6,61,0,67,0,11,79,0,90,78,0,78,168
02/06/2018,RYY,GA,ASO,ES,Federal Contract Tower,0,8,28,0,36,0,11,85,0,96,0,19,113,0,132,168,0,168,300
02/07/2018,RYY,GA,ASO,ES,Federal Contract Tower,0,11,19,2,32,0,0,0,0,0,0,11,19,2,32,0,0,0,32
02/08/2018,RYY,GA,ASO,ES,Federal Contract Tower,0,8,32,4,44,0,3,97,2,102,0,11,129,6,146,114,0,114,260
02/09/2018,RYY,GA,ASO,ES,Federal Contract Tower,0,7,34,4,45,0,2,79,2,83,0,9,113,6,128,68,0,68,196
02/10/2018,RYY,GA,ASO,ES,Federal Contract Tower,0,2,14,0,16,0,0,0,0,0,0,2,14,0,16,0,0,0,16
02/11/2018,RYY,GA,ASO,ES,Federal Contract Tower,0,8,32,0,40,0,0,0,0,0,0,8,32,0,40,0,0,0,40
02/12/2018,RYY,GA,ASO,ES,Federal Contract Tower,0,6,26,6,38,0,2,32,0,34,0,8,58,6,72,72,0,72,144
02/13/2018,RYY,GA,ASO,ES,Federal Contract Tower,0,3,43,0,46,0,6,11,0,17,0,9,54,0,63,2,0,2,65
02/14/2018,RYY,GA,ASO,ES,Federal Contract Tower,0,4,31,0,35,0,0,13,0,13,0,4,44,0,48,6,2,8,56
02/15/2018,RYY,GA,ASO,ES,Federal Contract Tower,0,11,34,4,49,0,1,9,1,11,0,12,43,5,60,90,0,90,150
02/16/2018,RYY,GA,ASO,ES,Federal Contract Tower,0,8,24,0,32,0,3,17,0,20,0,11,41,0,52,0,0,0,52
02/17/2018,RYY,GA,ASO,ES,Federal Contract Tower,0,9,15,3,27,0,1,17,2,20,0,10,32,5,47,10,0,10,57
02/18/2018,RYY,GA,ASO,ES,Federal Contract Tower,0,6,25,0,31,0,0,91,0,91,0,6,116,0,122,76,0,76,198
02/19/2018,RYY,GA,ASO,ES,Federal Contract Tower,0,5,25,0,30,0,0,0,0,0,0,5,25,0,30,0,0,0,30
02/20/2018,RYY,GA,ASO,ES,Federal Contract Tower,0,8,34,1,43,0,3,19,2,24,0,11,53,3,67,8,0,8,75
02/21/2018,RYY,GA,ASO,ES,Federal Contract Tower,0,13,30,2,45,0,0,23,1,24,0,13,53,3,69,52,0,52,121
02/22/2018,RYY,GA,ASO,ES,Federal Contract Tower,0,8,58,5,71,0,4,108,2,114,0,12,166,7,185,118,0,118,303
02/23/2018,RYY,GA,ASO,ES,Federal Contract Tower,0,4,37,3,44,0,3,110,0,113,0,7,147,3,157,154,0,154,311
02/24/2018,RYY,GA,ASO,ES,Federal Contract Tower,0,5,20,0,25,0,6,154,2,162,0,11,174,2,187,84,0,84,271
02/25/2018,RYY,GA,ASO,ES,Federal Contract Tower,0,8,26,0,34,0,2,6,0,8,0,10,32,0,42,6,0,6,48
02/26/2018,RYY,GA,ASO,ES,Federal Contract Tower,0,3,20,2,25,0,0,44,0,44,0,3,64,2,69,182,0,182,251
02/27/2018,RYY,GA,ASO,ES,Federal Contract Tower,0,7,30,0,37,0,5,164,0,169,0,12,194,0,206,150,0,150,356
02/28/2018,RYY,GA,ASO,ES,Federal Contract Tower,0,6,25,4,35,0,0,0,0,0,0,6,25,4,35,0,0,0,35
03/01/2018,RYY,GA,ASO,ES,Federal Contract Tower,0,9,17,0,26,0,0,10,0,10,0,9,27,0,36,0,0,0,36
03/02/2018,RYY,GA,ASO,ES,Federal Contract Tower,0,6,20,0,26,0,3,31,1,35,0,9,51,1,61,12,0,12,73
03/03/2018,RYY,GA,ASO,ES,Federal Contract Tower,0,3,16,2,21,0,3,150,0,153,0,6,166,2,174,86,0,86,260
03/04/2018,RYY,GA,ASO,ES,Federal Contract Tower,0,9,18,0,27,0,3,106,0,109,0,12,124,0,136,118,4,122,258
03/05/2018,RYY,GA,ASO,ES,Federal Contract Tower,0,2,13,0,15,0,17,43,2,62,0,19,56,2,77,148,18,166,243
03/06/2018,RYY,GA,ASO,ES,Federal Contract Tower,0,3,21,2,26,0,0,8,4,12,0,3,29,6,38,36,0,36,74
03/07/2018,RYY,GA,ASO,ES,Federal Contract Tower,0,1,26,6,33,0,5,35,4,44,0,6,61,10,77,2,6,8,85
03/08/2018,RYY,GA,ASO,ES,Federal Contract Tower,0,10,21,3,34,0,6,64,2,72,0,16,85,5,106,32,0,32,138
03/09/2018,RYY,GA,ASO,ES,Federal Contract Tower,0,4,29,0,33,0,7,181,2,190,0,11,210,2,223,136,4,140,363
03/10/2018,RYY,GA,ASO,ES,Federal Contract Tower,0,4,13,0,17,0,3,56,0,59,0,7,69,0,76,80,0,80,156
03/11/2018,RYY,GA,ASO,ES,Federal Contract Tower,0,7,16,0,23,0,0,7,0,7,0,7,23,0,30,10,0,10,40
03/12/2018,RYY,GA,ASO,ES,Federal Contract Tower,0,4,28,1,33,0,5,12,0,17,0,9,40,1,50,8,0,8,58
03/13/2018,RYY,GA,ASO,ES,Federal Contract Tower,0,6,22,3,31,0,9,81,3,93,0,15,103,6,124,86,0,86,210
03/14/2018,RYY,GA,ASO,ES,Federal Contract Tower,0,6,15,3,24,0,7,73,0,80,0,13,88,3,104,18,0,18,122
03/15/2018,RYY,GA,ASO,ES,Federal Contract Tower,0,12,38,0,50,0,4,99,0,103,0,16,137,0,153,56,0,56,209
03/16/2018,RYY,GA,ASO,ES,Federal Contract Tower,0,4,20,0,24,0,3,146,2,151,0,7,166,2,175,150,0,150,325
03/17/2018,RYY,GA,ASO,ES,Federal Contract Tower,0,4,14,0,18,0,0,45,2,47,0,4,59,2,65,92,0,92,157
03/18/2018,RYY,GA,ASO,ES,Federal Contract Tower,0,4,28,0,32,0,0,113,0,113,0,4,141,0,145,148,0,148,293
03/19/2018,RYY,GA,ASO,ES,Federal Contract Tower,0,3,19,0,22,0,0,5,0,5,0,3,24,0,27,20,0,20,47
03/20/2018,RYY,GA,ASO,ES,Federal Contract Tower,0,2,30,0,32,0,0,8,0,8,0,2,38,0,40,20,0,20,60
03/21/2018,RYY,GA,ASO,ES,Federal Contract Tower,0,5,28,1,34,0,3,13,1,17,0,8,41,2,51,4,0,4,55
03/22/2018,RYY,GA,ASO,ES,Federal Contract Tower,0,8,27,7,42,0,2,91,3,96,0,10,118,10,138,72,0,72,210
03/23/2018,RYY,GA,ASO,ES,Federal Contract Tower,0,8,25,0,33,0,5,123,0,128,0,13,148,0,161,76,0,76,237
03/24/2018,RYY,GA,ASO,ES,Federal Contract Tower,0,10,12,0,22,0,0,67,0,67,0,10,79,0,89,120,0,120,209
03/25/2018,RYY,GA,ASO,ES,Federal Contract Tower,0,3,27,1,31,0,0,4,0,4,0,3,31,1,35,0,0,0,35
03/26/2018,RYY,GA,ASO,ES,Federal Contract Tower,0,6,20,1,27,0,2,24,1,27,0,8,44,2,54,30,0,30,84
03/27/2018,RYY,GA,ASO,ES,Federal Contract Tower,0,3,36,0,39,0,7,34,2,43,0,10,70,2,82,150,0,150,232
03/28/2018,RYY,GA,ASO,ES,Federal Contract Tower,0,7,31,3,41,0,7,96,2,105,0,14,127,5,146,52,0,52,198
03/29/2018,RYY,GA,ASO,ES,Federal Contract Tower,0,17,29,0,46,0,1,39,0,40,0,18,68,0,86,32,0,32,118
03/30/2018,RYY,GA,ASO,ES,Federal Contract Tower,0,7,35,0,42,0,5,87,0,92,0,12,122,0,134,116,0,116,250
03/31/2018,RYY,GA,ASO,ES,Federal Contract Tower,0,7,18,0,25,0,1,170,0,171,0,8,188,0,196,116,0,116,312
04/01/2018,RYY,GA,ASO,ES,Federal Contract Tower,0,6,19,0,25,0,0,72,0,72,0,6,91,0,97,116,0,116,213
04/02/2018,RYY,GA,ASO,ES,Federal Contract Tower,0,4,34,4,42,0,2,103,0,105,0,6,137,4,147,135,0,135,282
04/03/2018,RYY,GA,ASO,ES,Federal Contract Tower,0,4,28,2,34,0,0,52,1,53,0,4,80,3,87,94,0,94,181
04/04/2018,RYY,GA,ASO,ES,Federal Contract Tower,0,5,15,1,21,0,2,14,0,16,0,7,29,1,37,0,0,0,37
04/05/2018,RYY,GA,ASO,ES,Federal Contract Tower,0,15,32,4,51,0,2,153,3,158,0,17,185,7,209,166,0,166,375
04/06/2018,RYY,GA,ASO,ES,Federal Contract Tower,0,4,24,2,30,0,6,75,0,81,0,10,99,2,111,74,0,74,185
04/07/2018,RYY,GA,ASO,ES,Federal Contract Tower,0,10,18,0,28,0,1,0,0,1,0,11,18,0,29,0,0,0,29
04/08/2018,RYY,GA,ASO,ES,Federal Contract Tower,0,5,38,0,43,0,0,64,0,64,0,5,102,0,107,126,0,126,233
04/09/2018,RYY,GA,ASO,ES,Federal Contract Tower,0,5,22,2,29,0,3,30,0,33,0,8,52,2,62,24,0,24,86
04/10/2018,RYY,GA,ASO,ES,Federal Contract Tower,0,3,24,0,27,0,4,76,5,85,0,7,100,5,112,152,0,152,264
04/11/2018,RYY,GA,ASO,ES,Federal Contract Tower,0,7,30,0,37,0,5,103,1,109,0,12,133,1,146,76,0,76,222
04/12/2018,RYY,GA,ASO,ES,Federal Contract Tower,0,3,33,3,39,0,1,96,3,100,0,4,129,6,139,98,2,100,239
04/13/2018,RYY,GA,ASO,ES,Federal Contract Tower,0,13,20,0,33,0,2,74,0,76,0,15,94,0,109,74,0,74,183
04/14/2018,RYY,GA,ASO,ES,Federal Contract Tower,0,3,11,0,14,0,7,44,0,51,0,10,55,0,65,40,0,40,105
04/15/2018,RYY,GA,ASO,ES,Federal Contract Tower,0,7,14,0,21,0,2,2,0,4,0,9,16,0,25,8,0,8,33
04/16/2018,RYY,GA,ASO,ES,Federal Contract Tower,0,6,18,0,24,0,12,20,4,36,0,18,38,4,60,46,0,46,106
04/17/2018,RYY,GA,ASO,ES,Federal Contract Tower,0,9,24,1,34,0,0,70,3,73,0,9,94,4,107,72,0,72,179
04/18/2018,RYY,GA,ASO,ES,Federal Contract Tower,0,11,43,2,56,0,4,75,5,84,0,15,118,7,140,44,0,44,184
04/19/2018,RYY,GA,ASO,ES,Federal Contract Tower,0,8,37,0,45,0,4,29,16,49,0,12,66,16,94,14,6,20,114
04/20/2018,RYY,GA,ASO,ES,Federal Contract Tower,0,10,23,2,35,0,2,136,4,142,0,12,159,6,177,184,0,184,361
04/21/2018,RYY,GA,ASO,ES,Federal Contract Tower,0,2,13,0,15,0,10,121,0,131,0,12,134,0,146,114,0,114,260
04/22/2018,RYY,GA,ASO,ES,Federal Contract Tower,0,5,25,0,30,0,0,5,0,5,0,5,30,0,35,0,0,0,35
04/23/2018,RYY,GA,ASO,ES,Federal Contract Tower,0,6,31,2,39,0,0,0,0,0,0,6,31,2,39,0,0,0,39
04/24/2018,RYY,GA,ASO,ES,Federal Contract Tower,0,7,47,1,55,0,0,5,0,5,0,7,52,1,60,8,0,8,68
04/25/2018,RYY,GA,ASO,ES,Federal Contract Tower,0,2,34,3,39,0,3,69,1,73,0,5,103,4,112,60,0,60,172
04/26/2018,RYY,GA,ASO,ES,Federal Contract Tower,0,12,44,0,56,0,2,4,0,6,0,14,48,0,62,0,0,0,62
04/27/2018,RYY,GA,ASO,ES,Federal Contract Tower,0,13,46,4,63,0,6,123,1,130,0,19,169,5,193,126,4,130,323
04/28/2018,RYY,GA,ASO,ES,Federal Contract Tower,0,5,20,0,25,0,14,120,0,134,0,19,140,0,159,80,0,80,239
04/29/2018,RYY,GA,ASO,ES,Federal Contract Tower,0,8,36,0,44,0,4,100,2,106,0,12,136,2,150,36,0,36,186
04/30/2018,RYY,GA,ASO,ES,Federal Contract Tower,0,13,27,0,40,0,4,85,0,89,0,17,112,0,129,82,0,82,211
05/01/2018,RYY,GA,ASO,ES,Federal Contract Tower,0,3,24,2,29,0,6,125,1,132,0,9,149,3,161,148,0,148,309
05/02/2018,RYY,GA,ASO,ES,Federal Contract Tower,0,6,29,0,35,0,0,82,0,82,0,6,111,0,117,90,0,90,207
05/03/2018,RYY,GA,ASO,ES,Federal Contract Tower,0,11,29,0,40,0,5,95,0,100,0,16,124,0,140,120,0,120,260
05/04/2018,RYY,GA,ASO,ES,Federal Contract Tower,0,8,35,2,45,0,2,118,2,122,0,10,153,4,167,194,0,194,361
05/05/2018,RYY,GA,ASO,ES,Federal Contract Tower,0,3,23,0,26,0,3,110,0,113,0,6,133,0,139,116,0,116,255
05/06/2018,RYY,GA,ASO,ES,Federal Contract Tower,0,7,26,3,36,0,4,53,14,71,0,11,79,17,107,12,18,30,137
05/07/2018,RYY,GA,ASO,ES,Federal Contract Tower,0,16,26,0,42,0,8,75,0,83,0,24,101,0,125,70,0,70,195
05/08/2018,RYY,GA,ASO,ES,Federal Contract Tower,0,2,26,0,28,0,1,68,1,70,0,3,94,1,98,70,0,70,168
05/09/2018,RYY,GA,ASO,ES,Federal Contract Tower,0,3,16,7,26,0,5,92,8,105,0,8,108,15,131,74,0,74,205
05/10/2018,RYY,GA,ASO,ES,Federal Contract Tower,0,5,33,2,40,0,2,121,0,123,0,7,154,2,163,48,0,48,211
05/11/2018,RYY,GA,ASO,ES,Federal Contract Tower,0,8,18,1,27,0,5,135,3,143,0,13,153,4,170,96,4,100,270
05/12/2018,RYY,GA,ASO,ES,Federal Contract Tower,0,5,20,0,25,0,3,127,4,134,0,8,147,4,159,101,0,101,260
05/13/2018,RYY,GA,ASO,ES,Federal Contract Tower,0,3,17,0,20,0,2,74,0,76,0,5,91,0,96,70,0,70,166
05/14/2018,RYY,GA,ASO,ES,Federal Contract Tower,0,16,27,0,43,0,6,81,0,87,0,22,108,0,130,132,0,132,262
05/15/2018,RYY,GA,ASO,ES,Federal Contract Tower,0,8,20,0,28,0,6,66,0,72,0,14,86,0,100,184,0,184,284
05/16/2018,RYY,GA,ASO,ES,Federal Contract Tower,0,8,44,0,52,0,0,9,0,9,0,8,53,0,61,14,0,14,75
05/17/2018,RYY,GA,ASO,ES,Federal Contract Tower,0,11,21,0,32,0,1,14,0,15,0,12,35,0,47,46,0,46,93
05/18/2018,RYY,GA,ASO,ES,Federal Contract Tower,0,5,22,1,28,0,3,42,1,46,0,8,64,2,74,48,0,48,122
05/19/2018,RYY,GA,ASO,ES,Federal Contract Tower,0,1,21,0,22,0,1,28,0,29,0,2,49,0,51,50,0,50,101
05/20/2018,RYY,GA,ASO,ES,Federal Contract Tower,0,5,25,0,30,0,0,51,0,51,0,5,76,0,81,54,0,54,135
05/21/2018,RYY,GA,ASO,ES,Federal Contract Tower,0,6,27,0,33,0,4,49,1,54,0,10,76,1,87,80,0,80,167
05/22/2018,RYY,GA,ASO,ES,Federal Contract Tower,0,6,39,0,45,0,4,27,0,31,0,10,66,0,76,56,0,56,132
05/23/2018,RYY,GA,ASO,ES,Federal Contract Tower,0,7,43,0,50,0,0,23,0,23,0,7,66,0,73,48,0,48,121
05/24/2018,RYY,GA,ASO,ES,Federal Contract Tower,0,10,41,0,51,0,4,62,0,66,0,14,103,0,117,140,0,140,257
05/25/2018,RYY,GA,ASO,ES,Federal Contract Tower,0,4,41,0,45,0,1,49,0,50,0,5,90,0,95,133,0,133,228
05/26/2018,RYY,GA,ASO,ES,Federal Contract Tower,0,2,11,1,14,0,3,64,0,67,0,5,75,1,81,140,0,140,221
05/27/2018,RYY,GA,ASO,ES,Federal Contract Tower,0,12,15,0,27,0,0,55,0,55,0,12,70,0,82,70,0,70,152
05/28/2018,RYY,GA,ASO,ES,Federal Contract Tower,0,7,14,0,21,0,0,2,0,2,0,7,16,0,23,20,0,20,43
05/29/2018,RYY,GA,ASO,ES,Federal Contract Tower,0,6,22,1,29,0,0,5,0,5,0,6,27,1,34,24,0,24,58
05/30/2018,RYY,GA,ASO,ES,Federal Contract Tower,0,5,27,0,32,0,5,30,2,37,0,10,57,2,69,54,0,54,123
05/31/2018,RYY,GA,ASO,ES,Federal Contract Tower,0,8,37,4,49,0,2,65,2,69,0,10,102,6,118,102,0,102,220
06/01/2018,RYY,GA,ASO,ES,Federal Contract Tower,0,0,38,0,38,0,6,30,2,38,0,6,68,2,76,98,0,98,174
06/02/2018,RYY,GA,ASO,ES,Federal Contract Tower,0,2,21,0,23,0,0,52,0,52,0,2,73,0,75,224,0,224,299
06/03/2018,RYY,GA,ASO,ES,Federal Contract Tower,0,1,22,0,23,0,2,75,0,77,0,3,97,0,100,72,0,72,172
06/04/2018,RYY,GA,ASO,ES,Federal Contract Tower,0,6,19,0,25,0,2,75,1,78,0,8,94,1,103,62,0,62,165
06/05/2018,RYY,GA,ASO,ES,Federal Contract Tower,0,6,23,4,33,0,4,132,9,145,0,10,155,13,178,214,10,224,402
06/06/2018,RYY,GA,ASO,ES,Federal Contract Tower,0,12,47,2,61,1,3,116,0,120,1,15,163,2,181,116,0,116,297
06/07/2018,RYY,GA,ASO,ES,Federal Contract Tower,0,6,41,6,53,0,3,135,5,143,0,9,176,11,196,200,0,200,396
06/08/2018,RYY,GA,ASO,ES,Federal Contract Tower,0,2,31,0,33,0,2,111,0,113,0,4,142,0,146,146,0,146,292
06/09/2018,RYY,GA,ASO,ES,Federal Contract Tower,0,5,19,0,24,0,0,131,0,131,0,5,150,0,155,134,0,134,289
06/10/2018,RYY,GA,ASO,ES,Federal Contract Tower,0,7,27,0,34,0,0,95,4,99,0,7,122,4,133,32,4,36,169
06/11/2018,RYY,GA,ASO,ES,Federal Contract Tower,0,17,25,0,42,0,4,62,0,66,0,21,87,0,108,126,0,126,234
06/12/2018,RYY,GA,ASO,ES,Federal Contract Tower,0,6,21,0,27,0,4,31,2,37,0,10,52,2,64,58,0,58,122
06/13/2018,RYY,GA,ASO,ES,Federal Contract Tower,0,15,44,0,59,0,1,36,0,37,0,16,80,0,96,148,0,148,244
06/14/2018,RYY,GA,ASO,ES,Federal Contract Tower,0,12,32,2,46,0,4,69,1,74,0,16,101,3,120,176,0,176,296
06/15/2018,RYY,GA,ASO,ES,Federal Contract Tower,0,11,35,0,46,0,5,118,1,124,0,16,153,1,170,118,0,118,288
06/16/2018,RYY,GA,ASO,ES,Federal Contract Tower,0,6,19,0,25,0,1,83,0,84,0,7,102,0,109,18,0,18,127
06/17/2018,RYY,GA,ASO,ES,Federal Contract Tower,0,9,35,0,44,0,0,36,0,36,0,9,71,0,80,66,0,66,146
06/18/2018,RYY,GA,ASO,ES,Federal Contract Tower,0,3,22,0,25,0,4,68,0,72,0,7,90,0,97,156,0,156,253
06/19/2018,RYY,GA,ASO,ES,Federal Contract Tower,0,1,33,8,42,0,2,100,6,108,0,3,133,14,150,132,24,156,306
06/20/2018,RYY,GA,ASO,ES,Federal Contract Tower,0,5,16,0,21,0,1,117,3,121,0,6,133,3,142,146,2,148,290
06/21/2018,RYY,GA,ASO,ES,Federal Contract Tower,0,11,26,2,39,0,6,44,5,55,0,17,70,7,94,122,2,124,218
06/22/2018,RYY,GA,ASO,ES,Federal Contract Tower,0,9,42,0,51,0,7,118,0,125,0,16,160,0,176,98,0,98,274
06/23/2018,RYY,GA,ASO,ES,Federal Contract Tower,0,3,18,0,21,0,0,35,0,35,0,3,53,0,56,120,0,120,176
06/24/2018,RYY,GA,ASO,ES,Federal Contract Tower,0,7,28,6,41,0,0,86,0,86,0,7,114,6,127,126,2,128,255
06/25/2018,RYY,GA,ASO,ES,Federal Contract Tower,0,6,31,0,37,0,0,80,0,80,0,6,111,0,117,58,0,58,175
06/26/2018,RYY,GA,ASO,ES,Federal Contract Tower,0,9,25,0,34,0,5,105,1,111,0,14,130,1,145,174,10,184,329
06/27/2018,RYY,GA,ASO,ES,Federal Contract Tower,0,5,29,0,34,0,3,96,0,99,0,8,125,0,133,130,0,130,263
06/28/2018,RYY,GA,ASO,ES,Federal Contract Tower,0,6,37,0,43,0,1,36,0,37,0,7,73,0,80,46,16,62,142
06/29/2018,RYY,GA,ASO,ES,Federal Contract Tower,0,5,36,2,43,0,2,98,1,101,0,7,134,3,144,182,0,182,326
06/30/2018,RYY,GA,ASO,ES,Federal Contract Tower,0,2,31,0,33,0,4,121,0,125,0,6,152,0,158,136,0,136,294
07/01/2018,RYY,GA,ASO,ES,Federal Contract Tower,0,8,24,0,32,0,0,43,0,43,0,8,67,0,75,62,0,62,137
07/02/2018,RYY,GA,ASO,ES,Federal Contract Tower,0,5,11,7,23,0,6,47,0,53,0,11,58,7,76,118,0,118,194
07/03/2018,RYY,GA,ASO,ES,Federal Contract Tower,0,2,20,0,22,0,0,115,0,115,0,2,135,0,137,208,0,208,345
07/04/2018,RYY,GA,ASO,ES,Federal Contract Tower,0,1,13,0,14,0,3,48,2,53,0,4,61,2,67,44,0,44,111
07/05/2018,RYY,GA,ASO,ES,Federal Contract Tower,0,10,21,0,31,0,5,76,3,84,0,15,97,3,115,90,0,90,205
07/06/2018,RYY,GA,ASO,ES,Federal Contract Tower,0,2,25,0,27,0,4,69,0,73,0,6,94,0,100,86,0,86,186
07/07/2018,RYY,GA,ASO,ES,Federal Contract Tower,0,6,30,0,36,0,0,44,0,44,0,6,74,0,80,116,0,116,196
07/08/2018,RYY,GA,ASO,ES,Federal Contract Tower,0,12,25,0,37,0,2,79,2,83,0,14,104,2,120,70,4,74,194
07/09/2018,RYY,GA,ASO,ES,Federal Contract Tower,0,8,22,0,30,0,3,88,0,91,0,11,110,0,121,114,0,114,235
07/10/2018,RYY,GA,ASO,ES,Federal Contract Tower,0,3,27,2,32,0,0,81,1,82,0,3,108,3,114,80,2,82,196
07/11/2018,RYY,GA,ASO,ES,Federal Contract Tower,0,2,42,3,47,0,3,96,4,103,0,5,138,7,150,188,12,200,350
07/12/2018,RYY,GA,ASO,ES,Federal Contract Tower,0,10,34,1,45,0,2,103,7,112,0,12,137,8,157,170,0,170,327
07/13/2018,RYY,GA,ASO,ES,Federal Contract Tower,0,11,26,0,37,0,3,51,1,55,0,14,77,1,92,184,0,184,276
07/14/2018,RYY,GA,ASO,ES,Federal Contract Tower,0,6,37,0,43,0,1,24,0,25,0,7,61,0,68,74,0,74,142
07/15/2018,RYY,GA,ASO,ES,Federal Contract Tower,0,6,41,2,49,0,0,74,0,74,0,6,115,2,123,154,0,154,277
07/16/2018,RYY,GA,ASO,ES,Federal Contract Tower,0,5,25,0,30,0,2,39,2,43,0,7,64,2,73,110,0,110,183
07/17/2018,RYY,GA,ASO,ES,Federal Contract Tower,0,9,33,0,42,0,5,62,0,67,0,14,95,0,109,108,0,108,217
07/18/2018,RYY,GA,ASO,ES,Federal Contract Tower,0,7,36,0,43,0,0,91,2,93,0,7,127,2,136,110,0,110,246
07/19/2018,RYY,GA,ASO,ES,Federal Contract Tower,0,15,26,2,43,0,3,83,0,86,0,18,109,2,129,132,0,132,261
07/20/2018,RYY,GA,ASO,ES,Federal Contract Tower,0,5,39,4,48,0,12,67,0,79,0,17,106,4,127,54,0,54,181
07/21/2018,RYY,GA,ASO,ES,Federal Contract Tower,0,4,11,0,15,0,0,86,0,86,0,4,97,0,101,128,0,128,229
07/22/2018,RYY,GA,ASO,ES,Federal Contract Tower,0,12,32,5,49,0,4,85,2,91,0,16,117,7,140,52,0,52,192
07/23/2018,RYY,GA,ASO,ES,Federal Contract Tower,0,6,34,0,40,0,0,28,12,40,0,6,62,12,80,50,0,50,130
07/24/2018,RYY,GA,ASO,ES,Federal Contract Tower,0,10,34,0,44,0,4,34,0,38,0,14,68,0,82,102,0,102,184
07/25/2018,RYY,GA,ASO,ES,Federal Contract Tower,0,7,33,0,40,0,1,87,2,90,0,8,120,2,130,128,4,132,262
07/26/2018,RYY,GA,ASO,ES,Federal Contract Tower,0,6,37,0,43,0,1,132,2,135,0,7,169,2,178,104,0,104,282
07/27/2018,RYY,GA,ASO,ES,Federal Contract Tower,0,12,33,1,46,0,2,97,3,102,0,14,130,4,148,68,0,68,216
07/28/2018,RYY,GA,ASO,ES,Federal Contract Tower,0,4,25,2,31,0,2,145,1,148,0,6,170,3,179,112,0,112,291
07/29/2018,RYY,GA,ASO,ES,Federal Contract Tower,0,12,34,0,46,0,2,85,2,89,0,14,119,2,135,90,0,90,225
07/30/2018,RYY,GA,ASO,ES,Federal Contract Tower,0,5,21,3,29,0,1,48,1,50,0,6,69,4,79,124,0,124,203
07/31/2018,RYY,GA,ASO,ES,Federal Contract Tower,0,6,11,0,17,0,0,7,0,7,0,6,18,0,24,16,0,16,40
08/01/2018,RYY,GA,ASO,ES,Federal Contract Tower,0,3,24,0,27,0,0,0,0,0,0,3,24,0,27,0,0,0,27
08/02/2018,RYY,GA,ASO,ES,Federal Contract Tower,0,4,23,2,29,0,5,1,0,6,0,9,24,2,35,22,0,22,57
08/03/2018,RYY,GA,ASO,ES,Federal Contract Tower,0,13,33,0,46,0,1,57,2,60,0,14,90,2,106,46,0,46,152
08/04/2018,RYY,GA,ASO,ES,Federal Contract Tower,0,3,15,0,18,0,0,104,0,104,0,3,119,0,122,120,0,120,242
08/05/2018,RYY,GA,ASO,ES,Federal Contract Tower,0,10,27,0,37,0,0,91,0,91,0,10,118,0,128,92,0,92,220
08/06/2018,RYY,GA,ASO,ES,Federal Contract Tower,0,5,20,0,25,0,1,95,0,96,0,6,115,0,121,138,0,138,259
08/07/2018,RYY,GA,ASO,ES,Federal Contract Tower,0,6,31,0,37,0,2,98,2,102,0,8,129,2,139,158,0,158,297
08/08/2018,RYY,GA,ASO,ES,Federal Contract Tower,0,6,28,0,34,0,3,92,1,96,0,9,120,1,130,76,0,76,206
08/09/2018,RYY,GA,ASO,ES,Federal Contract Tower,0,11,37,2,50,0,4,63,5,72,0,15,100,7,122,76,0,76,198
08/10/2018,RYY,GA,ASO,ES,Federal Contract Tower,0,5,45,1,51,0,0,57,0,57,0,5,102,1,108,94,0,94,202
08/11/2018,RYY,GA,ASO,ES,Federal Contract Tower,0,3,42,0,45,0,2,63,0,65,0,5,105,0,110,128,0,128,238
08/12/2018,RYY,GA,ASO,ES,Federal Contract Tower,0,6,23,0,29,0,5,98,0,103,0,11,121,0,132,72,0,72,204
08/13/2018,RYY,GA,ASO,ES,Federal Contract Tower,0,5,16,0,21,0,1,103,0,104,0,6,119,0,125,94,0,94,219
08/14/2018,RYY,GA,ASO,ES,Federal Contract Tower,0,8,30,1,39,0,3,103,1,107,0,11,133,2,146,154,0,154,300
08/15/2018,RYY,GA,ASO,ES,Federal Contract Tower,0,8,33,4,45,0,2,109,2,113,0,10,142,6,158,178,0,178,336
08/16/2018,RYY,GA,ASO,ES,Federal Contract Tower,0,7,36,1,44,1,11,85,1,98,1,18,121,2,142,130,0,130,272
08/17/2018,RYY,GA,ASO,ES,Federal Contract Tower,0,8,32,3,43,0,3,52,2,57,0,11,84,5,100,148,2,150,250
08/18/2018,RYY,GA,ASO,ES,Federal Contract Tower,0,2,21,0,23,0,0,9,0,9,0,2,30,0,32,44,0,44,76
08/19/2018,RYY,GA,ASO,ES,Federal Contract Tower,0,10,34,13,57,0,2,31,0,33,0,12,65,13,90,40,0,40,130
08/20/2018,RYY,GA,ASO,ES,Federal Contract Tower,0,5,20,0,25,0,14,0,0,14,0,19,20,0,39,44,0,44,83
08/21/2018,RYY,GA,ASO,ES,Federal Contract Tower,0,12,32,0,44,0,0,13,0,13,0,12,45,0,57,30,0,30,87
08/22/2018,RYY,GA,ASO,ES,Federal Contract Tower,0,8,32,8,48,0,1,113,2,116,0,9,145,10,164,94,0,94,258
08/23/2018,RYY,GA,ASO,ES,Federal Contract Tower,0,7,31,6,44,0,7,117,12,136,0,14,148,18,180,162,0,162,342
08/24/2018,RYY,GA,ASO,ES,Federal Contract Tower,0,4,36,13,53,0,5,155,3,163,0,9,191,16,216,108,0,108,324
08/25/2018,RYY,GA,ASO,ES,Federal Contract Tower,0,7,17,3,27,0,2,132,1,135,0,9,149,4,162,209,0,209,371
08/26/2018,RYY,GA,ASO,ES,Federal Contract Tower,0,8,29,14,51,0,1,152,0,153,0,9,181,14,204,104,0,104,308
08/27/2018,RYY,GA,ASO,ES,Federal Contract Tower,0,12,32,0,44,0,2,97,0,99,0,14,129,0,143,166,0,166,309
08/28/2018,RYY,GA,ASO,ES,Federal Contract Tower,0,6,20,0,26,0,6,77,0,83,0,12,97,0,109,180,0,180,289
08/29/2018,RYY,GA,ASO,ES,Federal Contract Tower,0,17,21,5,43,0,6,85,0,91,0,23,106,5,134,156,2,158,292
08/30/2018,RYY,GA,ASO,ES,Federal Contract Tower,0,12,26,6,44,0,1,126,0,127,0,13,152,6,171,180,0,180,351
08/31/2018,RYY,GA,ASO,ES,Federal Contract Tower,0,12,47,0,59,0,5,95,0,100,0,17,142,0,159,68,0,68,227
09/01/2018,RYY,GA,ASO,ES,Federal Contract Tower,0,7,15,0,22,0,2,76,0,78,0,9,91,0,100,106,0,106,206
09/02/2018,RYY,GA,ASO,ES,Federal Contract Tower,0,5,29,0,34,0,1,36,0,37,0,6,65,0,71,26,0,26,97
09/03/2018,RYY,GA,ASO,ES,Federal Contract Tower,0,15,27,2,44,0,2,48,0,50,0,17,75,2,94,70,0,70,164
09/04/2018,RYY,GA,ASO,ES,Federal Contract Tower,0,6,38,1,45,0,3,80,0,83,0,9,118,1,128,118,0,118,246
09/05/2018,RYY,GA,ASO,ES,Federal Contract Tower,0,14,32,2,48,0,3,71,4,78,0,17,103,6,126,140,0,140,266
09/06/2018,RYY,GA,ASO,ES,Federal Contract Tower,0,11,34,0,45,0,2,66,3,71,0,13,100,3,116,96,0,96,212
09/07/2018,RYY,GA,ASO,ES,Federal Contract Tower,0,16,28,10,54,1,0,113,0,114,1,16,141,10,168,128,0,128,296
09/08/2018,RYY,GA,ASO,ES,Federal Contract Tower,0,3,13,0,16,0,5,109,0,114,0,8,122,0,130,122,0,122,252
09/09/2018,RYY,GA,ASO,ES,Federal Contract Tower,0,8,20,0,28,0,0,50,0,50,0,8,70,0,78,64,0,64,142
09/10/2018,RYY,GA,ASO,ES,Federal Contract Tower,0,7,25,0,32,0,1,31,0,32,0,8,56,0,64,18,0,18,82
09/11/2018,RYY,GA,ASO,ES,Federal Contract Tower,0,7,42,0,49,0,0,31,0,31,0,7,73,0,80,30,0,30,110
09/12/2018,RYY,GA,ASO,ES,Federal Contract Tower,1,8,39,2,50,0,3,58,0,61,1,11,97,2,111,126,6,132,243
09/13/2018,RYY,GA,ASO,ES,Federal Contract Tower,0,10,33,7,50,0,8,68,1,77,0,18,101,8,127,152,24,176,303
09/14/2018,RYY,GA,ASO,ES,Federal Contract Tower,0,14,30,2,46,0,3,101,6,110,0,17,131,8,156,130,0,130,286
09/15/2018,RYY,GA,ASO,ES,Federal Contract Tower,0,3,18,4,25,0,1,97,1,99,0,4,115,5,124,70,0,70,194
09/16/2018,RYY,GA,ASO,ES,Federal Contract Tower,0,5,17,8,30,0,0,29,0,29,0,5,46,8,59,64,0,64,123
09/17/2018,RYY,GA,ASO,ES,Federal Contract Tower,0,12,15,3,30,0,9,75,0,84,0,21,90,3,114,108,14,122,236
09/18/2018,RYY,GA,ASO,ES,Federal Contract Tower,0,8,26,2,36,0,1,113,2,116,0,9,139,4,152,174,12,186,338
09/19/2018,RYY,GA,ASO,ES,Federal Contract Tower,0,7,35,0,42,0,5,137,3,145,0,12,172,3,187,178,0,178,365
09/20/2018,RYY,GA,ASO,ES,Federal Contract Tower,0,9,28,3,40,0,5,105,0,110,0,14,133,3,150,142,0,142,292
09/21/2018,RYY,GA,ASO,ES,Federal Contract Tower,0,17,54,0,71,0,8,99,0,107,0,25,153,0,178,140,6,146,324
09/22/2018,RYY,GA,ASO,ES,Federal Contract Tower,0,7,18,0,25,0,1,122,0,123,0,8,140,0,148,84,0,84,232
09/23/2018,RYY,GA,ASO,ES,Federal Contract Tower,0,13,41,0,54,0,2,95,1,98,0,15,136,1,152,100,0,100,252
09/24/2018,RYY,GA,ASO,ES,Federal Contract Tower,0,12,31,3,46,0,3,19,0,22,0,15,50,3,68,52,0,52,120
09/25/2018,RYY,GA,ASO,ES,Federal Contract Tower,0,6,23,0,29,0,1,14,2,17,0,7,37,2,46,24,0,24,70
09/26/2018,RYY,GA,ASO,ES,Federal Contract Tower,0,15,27,0,42,0,1,36,7,44,0,16,63,7,86,110,4,114,200
09/27/2018,RYY,GA,ASO,ES,Federal Contract Tower,0,13,31,2,46,0,2,10,0,12,0,15,41,2,58,4,0,4,62
09/28/2018,RYY,GA,ASO,ES,Federal Contract Tower,0,8,28,1,37,0,4,37,1,42,0,12,65,2,79,71,0,71,150
09/29/2018,RYY,GA,ASO,ES,Federal Contract Tower,0,7,34,0,41,0,0,102,0,102,0,7,136,0,143,130,0,130,273
09/30/2018,RYY,GA,ASO,ES,Federal Contract Tower,0,13,60,0,73,0,0,43,0,43,0,13,103,0,116,30,0,30,146
10/01/2018,RYY,GA,ASO,ES,Federal Contract Tower,0,14,35,0,49,0,5,76,0,81,0,19,111,0,130,142,0,142,272
10/02/2018,RYY,GA,ASO,ES,Federal Contract Tower,0,8,21,0,29,0,4,106,0,110,0,12,127,0,139,242,0,242,381
10/03/2018,RYY,GA,ASO,ES,Federal Contract Tower,0,15,17,4,36,0,1,128,2,131,0,16,145,6,167,200,0,200,367
10/04/2018,RYY,GA,ASO,ES,Federal Contract Tower,0,9,32,6,47,0,0,122,4,126,0,9,154,10,173,180,4,184,357
10/05/2018,RYY,GA,ASO,ES,Federal Contract Tower,0,11,48,0,59,0,9,128,0,137,0,20,176,0,196,106,0,106,302
10/06/2018,RYY,GA,ASO,ES,Federal Contract Tower,0,4,17,0,21,0,2,135,0,137,0,6,152,0,158,150,0,150,308
10/07/2018,RYY,GA,ASO,ES,Federal Contract Tower,0,17,31,7,55,0,2,101,1,104,0,19,132,8,159,102,0,102,261
10/08/2018,RYY,GA,ASO,ES,Federal Contract Tower,0,8,34,0,42,0,3,28,0,31,0,11,62,0,73,32,0,32,105
10/09/2018,RYY,GA,ASO,ES,Federal Contract Tower,0,5,50,3,58,0,1,3,0,4,0,6,53,3,62,6,2,8,70
10/10/2018,RYY,GA,ASO,ES,Federal Contract Tower,0,8,10,0,18,0,8,6,0,14,0,16,16,0,32,0,0,0,32
10/11/2018,RYY,GA,ASO,ES,Federal Contract Tower,0,6,33,0,39,0,6,10,0,16,0,12,43,0,55,14,0,14,69
10/12/2018,RYY,GA,ASO,ES,Federal Contract Tower,0,25,34,7,66,0,6,147,1,154,0,31,181,8,220,92,14,106,326
10/13/2018,RYY,GA,ASO,ES,Federal Contract Tower,0,10,30,2,42,0,7,144,4,155,0,17,174,6,197,216,0,216,413
10/14/2018,RYY,GA,ASO,ES,Federal Contract Tower,0,13,39,7,59,0,0,129,0,129,0,13,168,7,188,234,0,234,422
10/15/2018,RYY,GA,ASO,ES,Federal Contract Tower,0,21,43,1,65,0,4,60,0,64,0,25,103,1,129,42,0,42,171
10/16/2018,RYY,GA,ASO,ES,Federal Contract Tower,0,17,34,0,51,0,0,43,1,44,0,17,77,1,95,96,0,96,191
10/17/2018,RYY,GA,ASO,ES,Federal Contract Tower,0,16,43,2,61,0,5,102,0,107,0,21,145,2,168,108,0,108,276
10/18/2018,RYY,GA,ASO,ES,Federal Contract Tower,0,27,49,11,87,0,2,133,1,136,0,29,182,12,223,84,0,84,307
10/19/2018,RYY,GA,ASO,ES,Federal Contract Tower,0,11,42,1,54,0,1,101,0,102,0,12,143,1,156,196,0,196,352
10/20/2018,RYY,GA,ASO,ES,Federal Contract Tower,0,6,20,0,26,0,5,18,0,23,0,11,38,0,49,10,0,10,59
10/21/2018,RYY,GA,ASO,ES,Federal Contract Tower,0,14,37,1,52,0,0,135,2,137,0,14,172,3,189,146,0,146,335
10/22/2018,RYY,GA,ASO,ES,Federal Contract Tower,0,9,34,0,43,0,4,104,0,108,0,13,138,0,151,116,0,116,267
10/23/2018,RYY,GA,ASO,ES,Federal Contract Tower,0,13,29,7,49,0,5,116,7,128,0,18,145,14,177,204,0,204,381
10/24/2018,RYY,GA,ASO,ES,Federal Contract Tower,0,15,46,3,64,0,5,124,0,129,0,20,170,3,193,214,8,222,415
10/25/2018,RYY,GA,ASO,ES,Federal Contract Tower,0,14,39,2,55,0,4,49,0,53,0,18,88,2,108,128,18,146,254
10/26/2018,RYY,GA,ASO,ES,Federal Contract Tower,0,14,24,0,38,0,0,0,0,0,0,14,24,0,38,0,0,0,38
10/27/2018,RYY,GA,ASO,ES,Federal Contract Tower,0,9,24,0,33,0,0,21,0,21,0,9,45,0,54,32,0,32,86
10/28/2018,RYY,GA,ASO,ES,Federal Contract Tower,0,15,36,2,53,0,0,123,0,123,0,15,159,2,176,92,0,92,268
10/29/2018,RYY,GA,ASO,ES,Federal Contract Tower,0,7,18,2,27,0,0,72,0,72,0,7,90,2,99,98,0,98,197
10/30/2018,RYY,GA,ASO,ES,Federal Contract Tower,0,12,45,4,61,0,6,114,0,120,0,18,159,4,181,190,0,190,371
10/31/2018,RYY,GA,ASO,ES,Federal Contract Tower,0,14,30,2,46,0,2,106,0,108,0,16,136,2,154,140,0,140,294
11/01/2018,RYY,GA,ASO,ES,Federal Contract Tower,0,19,36,4,59,0,3,6,0,9,0,22,42,4,68,2,0,2,70
11/02/2018,RYY,GA,ASO,ES,Federal Contract Tower,0,24,45,1,70,0,1,9,0,10,0,25,54,1,80,24,0,24,104
11/03/2018,RYY,GA,ASO,ES,Federal Contract Tower,0,13,45,4,62,0,2,145,0,147,0,15,190,4,209,142,0,142,351
11/04/2018,RYY,GA,ASO,ES,Federal Contract Tower,0,29,32,4,65,0,0,100,0,100,0,29,132,4,165,24,0,24,189
11/05/2018,RYY,GA,ASO,ES,Federal Contract Tower,0,11,21,2,34,0,0,0,0,0,0,11,21,2,34,0,0,0,34
11/06/2018,RYY,GA,ASO,ES,Federal Contract Tower,0,20,38,3,61,0,2,59,2,63,0,22,97,5,124,120,0,120,244
11/07/2018,RYY,GA,ASO,ES,Federal Contract Tower,0,14,35,1,50,0,15,54,0,69,0,29,89,1,119,92,0,92,211
11/08/2018,RYY,GA,ASO,ES,Federal Contract Tower,0,22,52,2,76,1,7,20,0,28,1,29,72,2,104,92,0,92,196
11/09/2018,RYY,GA,ASO,ES,Federal Contract Tower,0,26,34,0,60,0,0,0,0,0,0,26,34,0,60,0,0,0,60
11/10/2018,RYY,GA,ASO,ES,Federal Contract Tower,0,11,42,0,53,0,3,111,0,114,0,14,153,0,167,122,0,122,289
11/11/2018,RYY,GA,ASO,ES,Federal Contract Tower,0,22,35,0,57,0,0,146,0,146,0,22,181,0,203,148,0,148,351
11/12/2018,RYY,GA,ASO,ES,Federal Contract Tower,0,12,22,1,35,0,0,0,0,0,0,12,22,1,35,0,0,0,35
11/13/2018,RYY,GA,ASO,ES,Federal Contract Tower,0,16,36,4,56,0,0,0,0,0,0,16,36,4,56,0,0,0,56
11/14/2018,RYY,GA,ASO,ES,Federal Contract Tower,0,19,35,2,56,0,0,5,0,5,0,19,40,2,61,0,0,0,61
11/15/2018,RYY,GA,ASO,ES,Federal Contract Tower,0,24,36,6,66,0,1,12,0,13,0,25,48,6,79,8,0,8,87
11/16/2018,RYY,GA,ASO,ES,Federal Contract Tower,0,24,40,3,67,0,3,95,0,98,0,27,135,3,165,146,0,146,311
11/17/2018,RYY,GA,ASO,ES,Federal Contract Tower,0,15,35,4,54,0,0,123,0,123,0,15,158,4,177,116,0,116,293
11/18/2018,RYY,GA,ASO,ES,Federal Contract Tower,0,22,26,5,53,0,2,104,4,110,0,24,130,9,163,70,4,74,237
11/19/2018,RYY,GA,ASO,ES,Federal Contract Tower,0,17,32,4,53,0,5,88,0,93,0,22,120,4,146,58,0,58,204
11/20/2018,RYY,GA,ASO,ES,Federal Contract Tower,0,29,35,2,66,0,5,96,0,101,0,34,131,2,167,72,30,102,269
11/21/2018,RYY,GA,ASO,ES,Federal Contract Tower,0,24,53,1,78,0,3,138,1,142,0,27,191,2,220,52,0,52,272
11/22/2018,RYY,GA,ASO,ES,Federal Contract Tower,0,4,7,0,11,0,0,25,0,25,0,4,32,0,36,18,0,18,54
11/23/2018,RYY,GA,ASO,ES,Federal Contract Tower,0,24,21,0,45,0,4,15,0,19,0,28,36,0,64,28,0,28,92
11/24/2018,RYY,GA,ASO,ES,Federal Contract Tower,0,14,31,0,45,0,0,0,0,0,0,14,31,0,45,0,0,0,45
11/25/2018,RYY,GA,ASO,ES,Federal Contract Tower,0,25,37,0,62,0,0,57,0,57,0,25,94,0,119,82,0,82,201
11/26/2018,RYY,GA,ASO,ES,Federal Contract Tower,0,18,31,0,49,0,0,45,0,45,0,18,76,0,94,48,0,48,142
11/27/2018,RYY,GA,ASO,ES,Federal Contract Tower,0,17,22,7,46,0,0,60,0,60,0,17,82,7,106,62,0,62,168
11/28/2018,RYY,GA,ASO,ES,Federal Contract Tower,0,19,36,3,58,0,7,98,2,107,0,26,134,5,165,116,8,124,289
11/29/2018,RYY,GA,ASO,ES,Federal Contract Tower,0,19,30,1,50,0,0,108,0,108,0,19,138,1,158,236,0,236,394
11/30/2018,RYY,GA,ASO,ES,Federal Contract Tower,0,16,34,0,50,0,4,81,0,85,0,20,115,0,135,50,0,50,185
12/01/2018,RYY,GA,ASO,ES,Federal Contract Tower,0,3,12,0,15,0,0,0,0,0,0,3,12,0,15,0,0,0,15
12/02/2018,RYY,GA,ASO,ES,Federal Contract Tower,0,15,23,0,38,0,2,85,4,91,0,17,108,4,129,48,0,48,177
12/03/2018,RYY,GA,ASO,ES,Federal Contract Tower,0,17,26,0,43,0,2,97,2,101,0,19,123,2,144,42,0,42,186
12/04/2018,RYY,GA,ASO,ES,Federal Contract Tower,0,20,18,2,40,0,4,86,2,92,0,24,104,4,132,114,0,114,246
12/05/2018,RYY,GA,ASO,ES,Federal Contract Tower,0,11,35,2,48,0,2,96,0,98,0,13,131,2,146,128,0,128,274
12/06/2018,RYY,GA,ASO,ES,Federal Contract Tower,0,24,43,4,71,0,1,160,2,163,0,25,203,6,234,178,4,182,416
12/07/2018,RYY,GA,ASO,ES,Federal Contract Tower,0,8,34,5,47,0,7,53,0,60,0,15,87,5,107,178,0,178,285
12/08/2018,RYY,GA,ASO,ES,Federal Contract Tower,0,7,8,0,15,0,0,0,0,0,0,7,8,0,15,0,0,0,15
12/09/2018,RYY,GA,ASO,ES,Federal Contract Tower,0,9,13,0,22,0,0,0,0,0,0,9,13,0,22,0,0,0,22
12/10/2018,RYY,GA,ASO,ES,Federal Contract Tower,0,5,19,0,24,0,0,0,0,0,0,5,19,0,24,0,0,0,24
12/11/2018,RYY,GA,ASO,ES,Federal Contract Tower,0,7,31,2,40,0,2,111,2,115,0,9,142,4,155,92,0,92,247
12/12/2018,RYY,GA,ASO,ES,Federal Contract Tower,0,21,31,5,57,0,3,109,1,113,0,24,140,6,170,170,0,170,340
12/13/2018,RYY,GA,ASO,ES,Federal Contract Tower,0,10,42,0,52,0,2,89,2,93,0,12,131,2,145,110,0,110,255
12/14/2018,RYY,GA,ASO,ES,Federal Contract Tower,0,3,28,0,31,0,0,0,0,0,0,3,28,0,31,0,0,0,31
12/15/2018,RYY,GA,ASO,ES,Federal Contract Tower,0,6,26,0,32,0,5,34,0,39,0,11,60,0,71,96,0,96,167
12/16/2018,RYY,GA,ASO,ES,Federal Contract Tower,0,8,40,0,48,0,0,8,0,8,0,8,48,0,56,0,0,0,56
12/17/2018,RYY,GA,ASO,ES,Federal Contract Tower,0,7,24,3,34,0,5,81,2,88,0,12,105,5,122,142,0,142,264
12/18/2018,RYY,GA,ASO,ES,Federal Contract Tower,0,9,17,14,40,0,8,135,7,150,0,17,152,21,190,122,0,122,312
12/19/2018,RYY,GA,ASO,ES,Federal Contract Tower,0,14,29,0,43,0,2,133,0,135,0,16,162,0,178,164,0,164,342
12/20/2018,RYY,GA,ASO,ES,Federal Contract Tower,0,5,25,0,30,0,0,0,0,0,0,5,25,0,30,0,0,0,30
12/21/2018,RYY,GA,ASO,ES,Federal Contract Tower,0,4,24,2,30,0,0,0,0,0,0,4,24,2,30,0,0,0,30
12/22/2018,RYY,GA,ASO,ES,Federal Contract Tower,0,2,32,0,34,0,2,165,0,167,0,4,197,0,201,180,0,180,381
12/23/2018,RYY,GA,ASO,ES,Federal Contract Tower,0,2,11,0,13,0,2,19,0,21,0,4,30,0,34,44,0,44,78
12/24/2018,RYY,GA,ASO,ES,Federal Contract Tower,0,5,22,0,27,0,5,79,2,86,0,10,101,2,113,92,0,92,205
12/25/2018,RYY,GA,ASO,ES,Federal Contract Tower,0,6,9,0,15,0,0,12,0,12,0,6,21,0,27,12,0,12,39
12/26/2018,RYY,GA,ASO,ES,Federal Contract Tower,0,12,46,0,58,0,4,111,2,117,0,16,157,2,175,144,0,144,319
12/27/2018,RYY,GA,ASO,ES,Federal Contract Tower,0,7,23,0,30,0,0,0,0,0,0,7,23,0,30,0,0,0,30
12/28/2018,RYY,GA,ASO,ES,Federal Contract Tower,0,7,24,2,33,0,0,2,0,2,0,7,26,2,35,20,0,20,55
12/29/2018,RYY,GA,ASO,ES,Federal Contract Tower,0,6,43,0,49,0,2,59,0,61,0,8,102,0,110,62,0,62,172
12/30/2018,RYY,GA,ASO,ES,Federal Contract Tower,0,8,24,0,32,0,0,0,0,0,0,8,24,0,32,0,0,0,32
12/31/2018,RYY,GA,ASO,ES,Federal Contract Tower,0,10,11,3,24,0,0,0,0,0,0,10,11,3,24,0,0,0,24
01/01/2019,RYY,GA,ASO,ES,Federal Contract Tower,0,2,19,0,21,0,2,15,2,19,0,4,34,2,40,22,0,22,62
01/02/2019,RYY,GA,ASO,ES,Federal Contract Tower,0,8,27,0,35,0,11,18,0,29,0,19,45,0,64,68,0,68,132
01/03/2019,RYY,GA,ASO,ES,Federal Contract Tower,0,5,19,2,26,0,0,0,0,0,0,5,19,2,26,0,0,0,26
01/04/2019,RYY,GA,ASO,ES,Federal Contract Tower,0,8,19,4,31,0,0,2,0,2,0,8,21,4,33,0,0,0,33
01/05/2019,RYY,GA,ASO,ES,Federal Contract Tower,0,6,24,4,34,0,0,130,0,130,0,6,154,4,164,192,0,192,356
01/06/2019,RYY,GA,ASO,ES,Federal Contract Tower,0,8,23,9,40,0,0,211,0,211,0,8,234,9,251,204,0,204,455
01/07/2019,RYY,GA,ASO,ES,Federal Contract Tower,0,7,24,0,31,0,3,86,0,89,0,10,110,0,120,74,0,74,194
01/08/2019,RYY,GA,ASO,ES,Federal Contract Tower,0,5,36,0,41,0,3,40,0,43,0,8,76,0,84,74,0,74,158
01/09/2019,RYY,GA,ASO,ES,Federal Contract Tower,0,7,25,3,35,0,0,30,4,34,0,7,55,7,69,36,0,36,105
01/10/2019,RYY,GA,ASO,ES,Federal Contract Tower,0,14,39,10,63,0,5,96,2,103,0,19,135,12,166,70,0,70,236
01/11/2019,RYY,GA,ASO,ES,Federal Contract Tower,0,10,24,0,34,0,1,127,0,128,0,11,151,0,162,174,0,174,336
01/12/2019,RYY,GA,ASO,ES,Federal Contract Tower,0,10,17,0,27,0,3,5,0,8,0,13,22,0,35,8,0,8,43
01/13/2019,RYY,GA,ASO,ES,Federal Contract Tower,0,7,24,3,34,0,0,0,0,0,0,7,24,3,34,0,0,0,34
01/14/2019,RYY,GA,ASO,ES,Federal Contract Tower,0,15,27,0,42,0,4,54,1,59,0,19,81,1,101,96,0,96,197
01/15/2019,RYY,GA,ASO,ES,Federal Contract Tower,0,9,28,4,41,0,0,75,1,76,0,9,103,5,117,166,0,166,283
01/16/2019,RYY,GA,ASO,ES,Federal Contract Tower,0,24,41,5,70,0,4,104,2,110,0,28,145,7,180,54,0,54,234
01/17/2019,RYY,GA,ASO,ES,Federal Contract Tower,0,14,32,0,46,0,0,37,0,37,0,14,69,0,83,96,0,96,179
01/18/2019,RYY,GA,ASO,ES,Federal Contract Tower,0,9,51,0,60,0,0,21,0,21,0,9,72,0,81,20,0,20,101
01/19/2019,RYY,GA,ASO,ES,Federal Contract Tower,0,1,5,0,6,0,0,0,0,0,0,1,5,0,6,0,0,0,6
01/20/2019,RYY,GA,ASO,ES,Federal Contract Tower,0,14,15,1,30,0,2,9,0,11,0,16,24,1,41,0,0,0,41
01/21/2019,RYY,GA,ASO,ES,Federal Contract Tower,0,12,28,1,41,0,2,118,0,120,0,14,146,1,161,130,0,130,291
01/22/2019,RYY,GA,ASO,ES,Federal Contract Tower,0,7,35,5,47,0,4,62,0,66,0,11,97,5,113,72,0,72,185
01/23/2019,RYY,GA,ASO,ES,Federal Contract Tower,0,12,26,0,38,0,0,0,0,0,0,12,26,0,38,0,0,0,38
01/24/2019,RYY,GA,ASO,ES,Federal Contract Tower,0,12,22,2,36,0,2,13,2,17,0,14,35,4,53,0,0,0,53
01/25/2019,RYY,GA,ASO,ES,Federal Contract Tower,0,10,28,6,44,0,4,103,0,107,0,14,131,6,151,156,0,156,307
01/26/2019,RYY,GA,ASO,ES,Federal Contract Tower,0,7,22,6,35,0,6,162,0,168,0,13,184,6,203,192,0,192,395
01/27/2019,RYY,GA,ASO,ES,Federal Contract Tower,0,6,24,9,39,0,0,119,4,123,0,6,143,13,162,144,0,144,306
01/28/2019,RYY,GA,ASO,ES,Federal Contract Tower,0,4,26,0,30,0,2,90,0,92,0,6,116,0,122,72,0,72,194
01/29/2019,RYY,GA,ASO,ES,Federal Contract Tower,0,8,22,4,34,0,0,6,2,8,0,8,28,6,42,0,0,0,42
01/30/2019,RYY,GA,ASO,ES,Federal Contract Tower,0,13,15,5,33,0,2,48,1,51,0,15,63,6,84,6,0,6,90
01/31/2019,RYY,GA,ASO,ES,Federal Contract Tower,0,23,36,0,59,0,7,33,2,42,0,30,69,2,101,8,0,8,109
02/01/2019,RYY,GA,ASO,ES,Federal Contract Tower,0,65,45,0,110,0,2,25,0,27,0,67,70,0,137,0,0,0,137
02/02/2019,RYY,GA,ASO,ES,Federal Contract Tower,0,56,39,0,95,0,3,37,0,40,0,59,76,0,135,12,0,12,147
02/03/2019,RYY,GA,ASO,ES,Federal Contract Tower,0,105,45,0,150,0,8,13,0,21,0,113,58,0,171,14,0,14,185
02/04/2019,RYY,GA,ASO,ES,Federal Contract Tower,0,134,54,2,190,0,7,23,0,30,0,141,77,2,220,4,12,16,236
02/05/2019,RYY,GA,ASO,ES,Federal Contract Tower,0,16,33,0,49,0,4,41,0,45,0,20,74,0,94,80,0,80,174
02/06/2019,RYY,GA,ASO,ES,Federal Contract Tower,0,7,35,4,46,0,1,7,0,8,0,8,42,4,54,0,0,0,54
02/07/2019,RYY,GA,ASO,ES,Federal Contract Tower,0,16,29,3,48,0,5,117,0,122,0,21,146,3,170,148,0,148,318
02/08/2019,RYY,GA,ASO,ES,Federal Contract Tower,0,12,24,2,38,0,2,35,0,37,0,14,59,2,75,2,0,2,77
02/09/2019,RYY,GA,ASO,ES,Federal Contract Tower,0,6,16,2,24,0,2,140,0,142,0,8,156,2,166,126,0,126,292
02/10/2019,RYY,GA,ASO,ES,Federal Contract Tower,0,3,29,0,32,0,0,12,0,12,0,3,41,0,44,62,0,62,106
02/11/2019,RYY,GA,ASO,ES,Federal Contract Tower,0,17,18,0,35,0,0,0,0,0,0,17,18,0,35,0,0,0,35
02/12/2019,RYY,GA,ASO,ES,Federal Contract Tower,0,5,14,0,19,0,0,0,0,0,0,5,14,0,19,0,0,0,19
02/13/2019,RYY,GA,ASO,ES,Federal Contract Tower,0,11,31,2,44,0,1,97,0,98,0,12,128,2,142,60,0,60,202
02/14/2019,RYY,GA,ASO,ES,Federal Contract Tower,0,18,33,1,52,0,2,149,2,153,0,20,182,3,205,112,0,112,317
02/15/2019,RYY,GA,ASO,ES,Federal Contract Tower,0,11,34,0,45,0,0,3,0,3,0,11,37,0,48,110,0,110,158
02/16/2019,RYY,GA,ASO,ES,Federal Contract Tower,0,12,40,0,52,0,0,10,0,10,0,12,50,0,62,26,0,26,88
02/17/2019,RYY,GA,ASO,ES,Federal Contract Tower,0,8,18,0,26,0,0,0,0,0,0,8,18,0,26,0,0,0,26
02/18/2019,RYY,GA,ASO,ES,Federal Contract Tower,0,12,28,0,40,0,3,65,0,68,0,15,93,0,108,86,0,86,194
02/19/2019,RYY,GA,ASO,ES,Federal Contract Tower,0,7,32,0,39,0,0,7,0,7,0,7,39,0,46,2,0,2,48
02/20/2019,RYY,GA,ASO,ES,Federal Contract Tower,0,8,21,0,29,0,0,0,0,0,0,8,21,0,29,0,0,0,29
02/21/2019,RYY,GA,ASO,ES,Federal Contract Tower,0,16,41,0,57,0,0,0,0,0,0,16,41,0,57,0,0,0,57
02/22/2019,RYY,GA,ASO,ES,Federal Contract Tower,0,5,25,0,30,0,0,0,0,0,0,5,25,0,30,0,0,0,30
02/23/2019,RYY,GA,ASO,ES,Federal Contract Tower,0,13,4,0,17,0,0,0,0,0,0,13,4,0,17,0,0,0,17
02/24/2019,RYY,GA,ASO,ES,Federal Contract Tower,0,19,23,0,42,0,0,69,0,69,0,19,92,0,111,38,0,38,149
02/25/2019,RYY,GA,ASO,ES,Federal Contract Tower,0,6,32,0,38,0,1,186,1,188,0,7,218,1,226,203,0,203,429
02/26/2019,RYY,GA,ASO,ES,Federal Contract Tower,0,9,30,1,40,0,4,126,2,132,0,13,156,3,172,262,14,276,448
02/27/2019,RYY,GA,ASO,ES,Federal Contract Tower,0,11,38,2,51,0,7,83,0,90,0,18,121,2,141,190,0,190,331
02/28/2019,RYY,GA,ASO,ES,Federal Contract Tower,0,13,37,0,50,0,3,3,0,6,0,16,40,0,56,10,0,10,66
03/01/2019,RYY,GA,ASO,ES,Federal Contract Tower,0,27,29,2,58,0,1,9,0,10,0,28,38,2,68,78,0,78,146
03/02/2019,RYY,GA,ASO,ES,Federal Contract Tower,0,8,31,0,39,0,1,125,0,126,0,9,156,0,165,170,0,170,335
03/03/2019,RYY,GA,ASO,ES,Federal Contract Tower,0,5,7,0,12,0,0,3,0,3,0,5,10,0,15,52,0,52,67
03/04/2019,RYY,GA,ASO,ES,Federal Contract Tower,0,6,31,0,37,0,2,36,0,38,0,8,67,0,75,30,0,30,105
03/05/2019,RYY,GA,ASO,ES,Federal Contract Tower,0,14,22,0,36,0,5,61,0,66,0,19,83,0,102,30,0,30,132
03/06/2019,RYY,GA,ASO,ES,Federal Contract Tower,0,10,21,0,31,0,5,112,2,119,0,15,133,2,150,116,0,116,266
03/07/2019,RYY,GA,ASO,ES,Federal Contract Tower,0,6,40,6,52,0,4,182,4,190,0,10,222,10,242,232,0,232,474
03/08/2019,RYY,GA,ASO,ES,Federal Contract Tower,0,4,25,0,29,0,6,24,2,32,0,10,49,2,61,108,0,108,169
03/09/2019,RYY,GA,ASO,ES,Federal Contract Tower,0,11,17,2,30,0,0,10,0,10,0,11,27,2,40,14,0,14,54
03/10/2019,RYY,GA,ASO,ES,Federal Contract Tower,0,2,12,0,14,0,0,38,0,38,0,2,50,0,52,92,0,92,144
03/11/2019,RYY,GA,ASO,ES,Federal Contract Tower,0,2,25,0,27,0,4,68,1,73,0,6,93,1,100,126,0,126,226
03/12/2019,RYY,GA,ASO,ES,Federal Contract Tower,0,4,32,8,44,0,3,116,7,126,0,7,148,15,170,181,8,189,359
03/13/2019,RYY,GA,ASO,ES,Federal Contract Tower,0,14,26,2,42,0,2,89,10,101,0,16,115,12,143,108,8,116,259
03/14/2019,RYY,GA,ASO,ES,Federal Contract Tower,0,15,24,0,39,0,8,14,2,24,0,23,38,2,63,16,0,16,79
03/15/2019,RYY,GA,ASO,ES,Federal Contract Tower,0,5,31,3,39,0,4,29,0,33,0,9,60,3,72,40,4,44,116
03/16/2019,RYY,GA,ASO,ES,Federal Contract Tower,0,4,16,0,20,0,1,110,0,111,0,5,126,0,131,90,0,90,221
03/17/2019,RYY,GA,ASO,ES,Federal Contract Tower,0,6,25,13,44,0,6,124,0,130,0,12,149,13,174,152,0,152,326
03/18/2019,RYY,GA,ASO,ES,Federal Contract Tower,0,9,26,0,35,0,5,80,1,86,0,14,106,1,121,82,8,90,211
03/19/2019,RYY,GA,ASO,ES,Federal Contract Tower,0,6,34,16,56,0,0,79,1,80,0,6,113,17,136,122,20,142,278
03/20/2019,RYY,GA,ASO,ES,Federal Contract Tower,0,15,26,9,50,0,0,115,1,116,0,15,141,10,166,178,0,178,344
03/21/2019,RYY,GA,ASO,ES,Federal Contract Tower,0,4,28,10,42,0,13,48,6,67,0,17,76,16,109,70,2,72,181
03/22/2019,RYY,GA,ASO,ES,Federal Contract Tower,0,7,38,2,47,0,4,60,2,66,0,11,98,4,113,78,0,78,191
03/23/2019,RYY,GA,ASO,ES,Federal Contract Tower,0,2,40,0,42,0,0,209,0,209,0,2,249,0,251,136,0,136,387
03/24/2019,RYY,GA,ASO,ES,Federal Contract Tower,0,5,25,2,32,0,6,129,4,139,0,11,154,6,171,100,0,100,271
03/25/2019,RYY,GA,ASO,ES,Federal Contract Tower,0,6,19,0,25,0,0,34,1,35,0,6,53,1,60,50,0,50,110
03/26/2019,RYY,GA,ASO,ES,Federal Contract Tower,0,5,25,12,42,0,0,28,6,34,0,5,53,18,76,72,6,78,154
03/27/2019,RYY,GA,ASO,ES,Federal Contract Tower,0,4,30,8,42,0,2,96,0,98,0,6,126,8,140,180,0,180,320
03/28/2019,RYY,GA,ASO,ES,Federal Contract Tower,0,9,30,6,45,0,3,164,0,167,0,12,194,6,212,226,0,226,438
03/29/2019,RYY,GA,ASO,ES,Federal Contract Tower,0,10,50,0,60,0,0,105,2,107,0,10,155,2,167,142,10,152,319
03/30/2019,RYY,GA,ASO,ES,Federal Contract Tower,0,5,23,5,33,0,7,124,0,131,0,12,147,5,164,20,0,20,184
03/31/2019,RYY,GA,ASO,ES,Federal Contract Tower,0,7,13,15,35,0,0,15,9,24,0,7,28,24,59,24,0,24,83
04/01/2019,RYY,GA,ASO,ES,Federal Contract Tower,0,12,39,0,51,0,2,78,2,82,0,14,117,2,133,134,0,134,267
04/02/2019,RYY,GA,ASO,ES,Federal Contract Tower,0,16,24,4,44,0,6,112,2,120,0,22,136,6,164,148,2,150,314
04/03/2019,RYY,GA,ASO,ES,Federal Contract Tower,0,17,43,4,64,0,5,109,2,116,0,22,152,6,180,176,0,176,356
04/04/2019,RYY,GA,ASO,ES,Federal Contract Tower,0,17,24,2,43,0,5,59,4,68,0,22,83,6,111,90,12,102,213
04/05/2019,RYY,GA,ASO,ES,Federal Contract Tower,0,7,28,4,39,0,0,17,0,17,0,7,45,4,56,8,0,8,64
04/06/2019,RYY,GA,ASO,ES,Federal Contract Tower,0,8,24,0,32,0,1,35,0,36,0,9,59,0,68,96,0,96,164
04/07/2019,RYY,GA,ASO,ES,Federal Contract Tower,0,10,33,12,55,0,2,36,0,38,0,12,69,12,93,78,0,78,171
04/08/2019,RYY,GA,ASO,ES,Federal Contract Tower,0,5,24,0,29,0,0,13,0,13,0,5,37,0,42,50,0,50,92
04/09/2019,RYY,GA,ASO,ES,Federal Contract Tower,0,8,23,0,31,0,1,26,0,27,0,9,49,0,58,56,0,56,114
04/10/2019,RYY,GA,ASO,ES,Federal Contract Tower,0,7,33,8,48,0,2,136,2,140,0,9,169,10,188,300,0,300,488
04/11/2019,RYY,GA,ASO,ES,Federal Contract Tower,0,9,32,2,43,0,11,85,0,96,0,20,117,2,139,36,0,36,175
04/12/2019,RYY,GA,ASO,ES,Federal Contract Tower,0,9,39,2,50,0,5,38,0,43,0,14,77,2,93,94,0,94,187
04/13/2019,RYY,GA,ASO,ES,Federal Contract Tower,0,12,29,0,41,0,4,81,0,85,0,16,110,0,126,142,0,142,268
04/14/2019,RYY,GA,ASO,ES,Federal Contract Tower,0,9,13,0,22,0,1,0,0,1,0,10,13,0,23,4,0,4,27
04/15/2019,RYY,GA,ASO,ES,Federal Contract Tower,0,17,29,2,48,0,5,53,0,58,0,22,82,2,106,20,0,20,126
04/16/2019,RYY,GA,ASO,ES,Federal Contract Tower,0,16,42,2,60,0,4,108,2,114,0,20,150,4,174,216,0,216,390
04/17/2019,RYY,GA,ASO,ES,Federal Contract Tower,0,8,46,2,56,0,4,132,4,140,0,12,178,6,196,248,0,248,444
04/18/2019,RYY,GA,ASO,ES,Federal Contract Tower,0,11,38,0,49,0,5,46,1,52,0,16,84,1,101,30,0,30,131
04/19/2019,RYY,GA,ASO,ES,Federal Contract Tower,0,6,10,0,16,0,2,5,0,7,0,8,15,0,23,0,0,0,23
04/20/2019,RYY,GA,ASO,ES,Federal Contract Tower,0,3,32,5,40,0,0,4,0,4,0,3,36,5,44,6,0,6,50
04/21/2019,RYY,GA,ASO,ES,Federal Contract Tower,0,7,15,0,22,0,2,71,0,73,0,9,86,0,95,38,2,40,135
04/22/2019,RYY,GA,ASO,ES,Federal Contract Tower,0,6,33,0,39,0,4,91,0,95,0,10,124,0,134,144,0,144,278
04/23/2019,RYY,GA,ASO,ES,Federal Contract Tower,0,9,22,2,33,0,7,108,2,117,0,16,130,4,150,92,0,92,242
04/24/2019,RYY,GA,ASO,ES,Federal Contract Tower,0,24,45,0,69,0,1,84,0,85,0,25,129,0,154,134,0,134,288
04/25/2019,RYY,GA,ASO,ES,Federal Contract Tower,0,16,27,0,43,0,3,57,0,60,0,19,84,0,103,138,0,138,241
04/26/2019,RYY,GA,ASO,ES,Federal Contract Tower,0,16,56,0,72,0,1,32,0,33,0,17,88,0,105,36,0,36,141
04/27/2019,RYY,GA,ASO,ES,Federal Contract Tower,0,9,34,3,46,0,0,180,0,180,0,9,214,3,226,166,0,166,392
04/28/2019,RYY,GA,ASO,ES,Federal Contract Tower,0,23,50,15,88,0,8,116,2,126,0,31,166,17,214,122,0,122,336
04/29/2019,RYY,GA,ASO,ES,Federal Contract Tower,0,20,25,1,46,0,2,113,0,115,0,22,138,1,161,174,0,174,335
04/30/2019,RYY,GA,ASO,ES,Federal Contract Tower,0,10,42,4,56,0,0,96,2,98,0,10,138,6,154,124,4,128,282
05/01/2019,RYY,GA,ASO,ES,Federal Contract Tower,0,9,40,0,49,0,4,89,5,98,0,13,129,5,147,210,0,210,357
05/02/2019,RYY,GA,ASO,ES,Federal Contract Tower,0,18,43,0,61,0,6,99,5,110,0,24,142,5,171,146,8,154,325
05/03/2019,RYY,GA,ASO,ES,Federal Contract Tower,0,13,40,4,57,0,2,51,3,56,0,15,91,7,113,62,0,62,175
05/04/2019,RYY,GA,ASO,ES,Federal Contract Tower,0,11,21,0,32,0,0,32,0,32,0,11,53,0,64,88,0,88,152
05/05/2019,RYY,GA,ASO,ES,Federal Contract Tower,0,22,32,9,63,0,6,33,7,46,0,28,65,16,109,20,6,26,135
05/06/2019,RYY,GA,ASO,ES,Federal Contract Tower,0,5,29,0,34,0,0,92,2,94,0,5,121,2,128,140,6,146,274
05/07/2019,RYY,GA,ASO,ES,Federal Contract Tower,0,7,32,2,41,0,2,115,7,124,0,9,147,9,165,150,10,160,325
05/08/2019,RYY,GA,ASO,ES,Federal Contract Tower,0,15,40,0,55,0,3,110,2,115,0,18,150,2,170,138,0,138,308
05/09/2019,RYY,GA,ASO,ES,Federal Contract Tower,0,9,43,0,52,0,2,56,0,58,0,11,99,0,110,36,0,36,146
05/10/2019,RYY,GA,ASO,ES,Federal Contract Tower,0,9,45,1,55,0,4,65,0,69,0,13,110,1,124,86,0,86,210
05/11/2019,RYY,GA,ASO,ES,Federal Contract Tower,0,3,20,1,24,0,0,10,0,10,0,3,30,1,34,24,0,24,58
05/12/2019,RYY,GA,ASO,ES,Federal Contract Tower,0,12,19,2,33,0,0,4,0,4,0,12,23,2,37,18,0,18,55
05/13/2019,RYY,GA,ASO,ES,Federal Contract Tower,0,11,25,0,36,0,7,96,1,104,0,18,121,1,140,96,0,96,236
05/14/2019,RYY,GA,ASO,ES,Federal Contract Tower,0,12,46,12,70,0,6,144,0,150,0,18,190,12,220,170,4,174,394
05/15/2019,RYY,GA,ASO,ES,Federal Contract Tower,0,12,34,2,48,0,1,123,3,127,0,13,157,5,175,170,8,178,353
05/16/2019,RYY,GA,ASO,ES,Federal Contract Tower,0,13,36,0,49,0,0,116,2,118,0,13,152,2,167,226,0,226,393
05/17/2019,RYY,GA,ASO,ES,Federal Contract Tower,0,5,40,0,45,0,4,127,1,132,0,9,167,1,177,166,0,166,343
05/18/2019,RYY,GA,ASO,ES,Federal Contract Tower,0,4,19,6,29,0,2,149,0,151,0,6,168,6,180,182,0,182,362
05/19/2019,RYY,GA,ASO,ES,Federal Contract Tower,0,12,33,2,47,0,3,121,4,128,0,15,154,6,175,106,0,106,281
05/20/2019,RYY,GA,ASO,ES,Federal Contract Tower,0,14,22,0,36,0,7,78,0,85,0,21,100,0,121,158,0,158,279
05/21/2019,RYY,GA,ASO,ES,Federal Contract Tower,0,15,41,8,64,0,3,131,0,134,0,18,172,8,198,256,0,256,454
05/22/2019,RYY,GA,ASO,ES,Federal Contract Tower,0,14,36,0,50,0,10,105,8,123,0,24,141,8,173,176,8,184,357
05/23/2019,RYY,GA,ASO,ES,Federal Contract Tower,0,13,48,17,78,0,5,114,4,123,0,18,162,21,201,222,0,222,423
05/24/2019,RYY,GA,ASO,ES,Federal Contract Tower,0,13,53,0,66,0,7,122,0,129,0,20,175,0,195,166,0,166,361
05/25/2019,RYY,GA,ASO,ES,Federal Contract Tower,0,2,29,2,33,0,2,119,0,121,0,4,148,2,154,112,0,112,266
05/26/2019,RYY,GA,ASO,ES,Federal Contract Tower,0,4,22,0,26,0,5,78,0,83,0,9,100,0,109,78,0,78,187
05/27/2019,RYY,GA,ASO,ES,Federal Contract Tower,0,3,31,0,34,0,2,76,0,78,0,5,107,0,112,168,0,168,280
05/28/2019,RYY,GA,ASO,ES,Federal Contract Tower,0,11,43,2,56,0,1,100,2,103,0,12,143,4,159,128,2,130,289
05/29/2019,RYY,GA,ASO,ES,Federal Contract Tower,0,6,32,4,42,0,3,112,5,120,0,9,144,9,162,198,6,204,366
05/30/2019,RYY,GA,ASO,ES,Federal Contract Tower,0,13,41,2,56,0,2,114,4,120,0,15,155,6,176,66,0,66,242
05/31/2019,RYY,GA,ASO,ES,Federal Contract Tower,0,13,26,15,54,0,4,95,3,102,0,17,121,18,156,148,0,148,304
06/01/2019,RYY,GA,ASO,ES,Federal Contract Tower,0,3,27,0,30,0,84,0,0,84,0,87,27,0,114,42,0,42,156
06/02/2019,RYY,GA,ASO,ES,Federal Contract Tower,0,8,28,9,45,0,2,75,10,87,0,10,103,19,132,102,20,122,254
06/03/2019,RYY,GA,ASO,ES,Federal Contract Tower,0,13,19,5,37,0,6,73,0,79,0,19,92,5,116,26,2,28,144
06/04/2019,RYY,GA,ASO,ES,Federal Contract Tower,0,13,17,1,31,0,0,86,1,87,0,13,103,2,118,96,4,100,218
06/05/2019,RYY,GA,ASO,ES,Federal Contract Tower,0,11,28,1,40,0,1,28,1,30,0,12,56,2,70,46,0,46,116
06/06/2019,RYY,GA,ASO,ES,Federal Contract Tower,0,12,39,0,51,0,3,16,0,19,0,15,55,0,70,58,0,58,128
06/07/2019,RYY,GA,ASO,ES,Federal Contract Tower,0,9,14,0,23,0,0,4,0,4,0,9,18,0,27,6,0,6,33
06/08/2019,RYY,GA,ASO,ES,Federal Contract Tower,0,4,8,0,12,0,0,2,0,2,0,4,10,0,14,0,0,0,14
06/09/2019,RYY,GA,ASO,ES,Federal Contract Tower,0,6,31,0,37,0,0,5,0,5,0,6,36,0,42,28,0,28,70
06/10/2019,RYY,GA,ASO,ES,Federal Contract Tower,0,7,23,0,30,0,3,10,0,13,0,10,33,0,43,92,0,92,135
06/11/2019,RYY,GA,ASO,ES,Federal Contract Tower,0,7,27,8,42,0,7,105,4,116,0,14,132,12,158,202,0,202,360
06/12/2019,RYY,GA,ASO,ES,Federal Contract Tower,0,2,33,2,37,0,3,25,4,32,0,5,58,6,69,134,0,134,203
06/13/2019,RYY,GA,ASO,ES,Federal Contract Tower,0,10,56,9,75,0,4,93,1,98,0,14,149,10,173,92,0,92,265
06/14/2019,RYY,GA,ASO,ES,Federal Contract Tower,0,10,25,5,40,0,3,141,4,148,0,13,166,9,188,168,0,168,356
06/15/2019,RYY,GA,ASO,ES,Federal Contract Tower,0,6,22,1,29,0,5,113,1,119,0,11,135,2,148,114,0,114,262
06/16/2019,RYY,GA,ASO,ES,Federal Contract Tower,0,6,33,11,50,0,4,74,16,94,0,10,107,27,144,146,0,146,290
06/17/2019,RYY,GA,ASO,ES,Federal Contract Tower,0,3,21,10,34,0,1,69,0,70,0,4,90,10,104,120,0,120,224
06/18/2019,RYY,GA,ASO,ES,Federal Contract Tower,0,13,29,0,42,0,4,20,0,24,0,17,49,0,66,16,0,16,82
06/19/2019,RYY,GA,ASO,ES,Federal Contract Tower,0,8,37,0,45,0,1,35,1,37,0,9,72,1,82,64,0,64,146
06/20/2019,RYY,GA,ASO,ES,Federal Contract Tower,0,12,30,0,42,0,0,40,0,40,0,12,70,0,82,82,0,82,164
06/21/2019,RYY,GA,ASO,ES,Federal Contract Tower,0,9,38,2,49,0,8,139,2,149,0,17,177,4,198,86,0,86,284
06/22/2019,RYY,GA,ASO,ES,Federal Contract Tower,0,7,23,0,30,0,2,74,0,76,0,9,97,0,106,100,0,100,206
06/23/2019,RYY,GA,ASO,ES,Federal Contract Tower,0,9,31,0,40,0,4,79,2,85,0,13,110,2,125,120,2,122,247
06/24/2019,RYY,GA,ASO,ES,Federal Contract Tower,0,10,21,5,36,0,2,38,0,40,0,12,59,5,76,78,0,78,154
06/25/2019,RYY,GA,ASO,ES,Federal Contract Tower,0,13,43,3,59,0,3,143,1,147,0,16,186,4,206,344,0,344,550
06/26/2019,RYY,GA,ASO,ES,Federal Contract Tower,0,10,24,0,34,0,2,102,1,105,0,12,126,1,139,236,0,236,375
06/27/2019,RYY,GA,ASO,ES,Federal Contract Tower,0,16,35,0,51,0,5,107,0,112,0,21,142,0,163,164,0,164,327
06/28/2019,RYY,GA,ASO,ES,Federal Contract Tower,0,16,36,0,52,0,3,103,1,107,0,19,139,1,159,80,0,80,239
06/29/2019,RYY,GA,ASO,ES,Federal Contract Tower,0,4,20,0,24,0,2,90,0,92,0,6,110,0,116,158,0,158,274
06/30/2019,RYY,GA,ASO,ES,Federal Contract Tower,0,11,23,2,36,0,5,71,2,78,0,16,94,4,114,6,0,6,120
07/01/2019,RYY,GA,ASO,ES,Federal Contract Tower,0,9,29,0,38,0,0,84,2,86,0,9,113,2,124,118,0,118,242
07/02/2019,RYY,GA,ASO,ES,Federal Contract Tower,0,10,33,3,46,0,6,110,1,117,0,16,143,4,163,144,0,144,307
07/03/2019,RYY,GA,ASO,ES,Federal Contract Tower,0,9,30,0,39,0,7,95,0,102,0,16,125,0,141,136,0,136,277
07/04/2019,RYY,GA,ASO,ES,Federal Contract Tower,0,5,3,0,8,0,0,34,0,34,0,5,37,0,42,22,0,22,64
07/05/2019,RYY,GA,ASO,ES,Federal Contract Tower,0,2,19,0,21,0,2,56,0,58,0,4,75,0,79,36,0,36,115
07/06/2019,RYY,GA,ASO,ES,Federal Contract Tower,0,2,16,3,21,0,3,54,0,57,0,5,70,3,78,168,0,168,246
07/07/2019,RYY,GA,ASO,ES,Federal Contract Tower,0,15,37,0,52,0,2,61,0,63,0,17,98,0,115,102,0,102,217
07/08/2019,RYY,GA,ASO,ES,Federal Contract Tower,0,12,30,0,42,0,2,82,0,84,0,14,112,0,126,192,0,192,318
07/09/2019,RYY,GA,ASO,ES,Federal Contract Tower,0,8,27,1,36,0,1,98,0,99,0,9,125,1,135,170,0,170,305
07/10/2019,RYY,GA,ASO,ES,Federal Contract Tower,0,17,29,0,46,0,2,69,4,75,0,19,98,4,121,256,2,258,379
07/11/2019,RYY,GA,ASO,ES,Federal Contract Tower,0,17,40,0,57,0,7,47,0,54,0,24,87,0,111,120,0,120,231
07/12/2019,RYY,GA,ASO,ES,Federal Contract Tower,0,22,29,2,53,0,5,79,0,84,0,27,108,2,137,134,0,134,271
07/13/2019,RYY,GA,ASO,ES,Federal Contract Tower,0,8,30,0,38,0,4,72,0,76,0,12,102,0,114,66,6,72,186
07/14/2019,RYY,GA,ASO,ES,Federal Contract Tower,0,12,44,0,56,0,3,77,0,80,0,15,121,0,136,122,0,122,258
07/15/2019,RYY,GA,ASO,ES,Federal Contract Tower,0,12,24,0,36,0,4,110,0,114,0,16,134,0,150,122,0,122,272
07/16/2019,RYY,GA,ASO,ES,Federal Contract Tower,0,11,32,0,43,0,3,118,0,121,0,14,150,0,164,204,0,204,368
07/17/2019,RYY,GA,ASO,ES,Federal Contract Tower,0,15,38,0,53,0,0,94,0,94,0,15,132,0,147,166,0,166,313
07/18/2019,RYY,GA,ASO,ES,Federal Contract Tower,0,9,33,0,42,0,3,76,0,79,0,12,109,0,121,160,0,160,281
07/19/2019,RYY,GA,ASO,ES,Federal Contract Tower,0,2,31,0,33,0,2,75,0,77,0,4,106,0,110,78,2,80,190
07/20/2019,RYY,GA,ASO,ES,Federal Contract Tower,0,1,40,0,41,0,0,18,0,18,0,1,58,0,59,44,0,44,103
07/21/2019,RYY,GA,ASO,ES,Federal Contract Tower,0,11,56,1,68,0,0,72,0,72,0,11,128,1,140,122,0,122,262
07/22/2019,RYY,GA,ASO,ES,Federal Contract Tower,0,9,22,0,31,0,5,103,0,108,0,14,125,0,139,234,0,234,373
07/23/2019,RYY,GA,ASO,ES,Federal Contract Tower,0,10,39,1,50,0,2,16,3,21,0,12,55,4,71,20,0,20,91
07/24/2019,RYY,GA,ASO,ES,Federal Contract Tower,0,14,32,0,46,0,1,138,0,139,0,15,170,0,185,134,0,134,319
07/25/2019,RYY,GA,ASO,ES,Federal Contract Tower,0,9,22,0,31,0,6,117,0,123,0,15,139,0,154,236,0,236,390
07/26/2019,RYY,GA,ASO,ES,Federal Contract Tower,0,4,23,8,35,0,2,141,9,152,0,6,164,17,187,148,4,152,339
07/27/2019,RYY,GA,ASO,ES,Federal Contract Tower,0,3,18,4,25,0,2,136,0,138,0,5,154,4,163,76,0,76,239
07/28/2019,RYY,GA,ASO,ES,Federal Contract Tower,0,6,23,16,45,0,0,122,14,136,0,6,145,30,181,94,0,94,275
07/29/2019,RYY,GA,ASO,ES,Federal Contract Tower,0,9,24,0,33,0,13,98,0,111,0,22,122,0,144,160,0,160,304
07/30/2019,RYY,GA,ASO,ES,Federal Contract Tower,0,11,27,4,42,0,3,91,3,97,0,14,118,7,139,106,0,106,245
07/31/2019,RYY,GA,ASO,ES,Federal Contract Tower,0,10,30,4,44,0,4,68,5,77,0,14,98,9,121,112,2,114,235
08/01/2019,RYY,GA,ASO,ES,Federal Contract Tower,0,4,33,0,37,0,4,78,2,84,0,8,111,2,121,114,0,114,235
08/02/2019,RYY,GA,ASO,ES,Federal Contract Tower,0,5,31,1,37,0,8,48,2,58,0,13,79,3,95,78,0,78,173
08/03/2019,RYY,GA,ASO,ES,Federal Contract Tower,0,10,25,0,35,0,2,53,14,69,0,12,78,14,104,66,0,66,170
08/04/2019,RYY,GA,ASO,ES,Federal Contract Tower,0,13,25,4,42,0,0,51,0,51,0,13,76,4,93,54,0,54,147
08/05/2019,RYY,GA,ASO,ES,Federal Contract Tower,0,7,28,0,35,0,0,85,1,86,0,7,113,1,121,178,0,178,299
08/06/2019,RYY,GA,ASO,ES,Federal Contract Tower,0,7,29,3,39,0,5,115,0,120,0,12,144,3,159,244,0,244,403
08/07/2019,RYY,GA,ASO,ES,Federal Contract Tower,0,11,34,0,45,0,8,118,2,128,0,19,152,2,173,240,0,240,413
08/08/2019,RYY,GA,ASO,ES,Federal Contract Tower,0,11,44,2,57,0,13,96,3,112,0,24,140,5,169,132,0,132,301
08/09/2019,RYY,GA,ASO,ES,Federal Contract Tower,0,13,30,2,45,0,5,141,1,147,0,18,171,3,192,172,0,172,364
08/10/2019,RYY,GA,ASO,ES,Federal Contract Tower,0,4,23,6,33,0,0,98,0,98,0,4,121,6,131,112,0,112,243
08/11/2019,RYY,GA,ASO,ES,Federal Contract Tower,0,6,35,5,46,0,4,124,7,135,0,10,159,12,181,178,0,178,359
08/12/2019,RYY,GA,ASO,ES,Federal Contract Tower,0,10,18,0,28,0,1,104,0,105,0,11,122,0,133,202,0,202,335
08/13/2019,RYY,GA,ASO,ES,Federal Contract Tower,0,5,23,1,29,0,5,97,0,102,0,10,120,1,131,218,0,218,349
08/14/2019,RYY,GA,ASO,ES,Federal Contract Tower,0,4,29,0,33,0,5,105,0,110,0,9,134,0,143,182,0,182,325
08/15/2019,RYY,GA,ASO,ES,Federal Contract Tower,0,12,30,9,51,0,0,106,3,109,0,12,136,12,160,112,0,112,272
08/16/2019,RYY,GA,ASO,ES,Federal Contract Tower,0,18,23,0,41,0,5,152,1,158,0,23,175,1,199,114,0,114,313
08/17/2019,RYY,GA,ASO,ES,Federal Contract Tower,0,10,24,5,39,0,2,136,2,140,0,12,160,7,179,156,0,156,335
08/18/2019,RYY,GA,ASO,ES,Federal Contract Tower,0,7,24,6,37,0,0,86,0,86,0,7,110,6,123,140,0,140,263
08/19/2019,RYY,GA,ASO,ES,Federal Contract Tower,0,5,29,2,36,0,2,63,0,65,0,7,92,2,101,202,0,202,303
08/20/2019,RYY,GA,ASO,ES,Federal Contract Tower,0,10,27,0,37,0,1,87,0,88,0,11,114,0,125,162,0,162,287
08/21/2019,RYY,GA,ASO,ES,Federal Contract Tower,0,9,44,0,53,0,6,103,0,109,0,15,147,0,162,222,0,222,384
08/22/2019,RYY,GA,ASO,ES,Federal Contract Tower,0,10,34,4,48,0,2,100,3,105,0,12,134,7,153,122,6,128,281
08/23/2019,RYY,GA,ASO,ES,Federal Contract Tower,0,13,25,1,39,0,4,64,3,71,0,17,89,4,110,142,0,142,252
08/24/2019,RYY,GA,ASO,ES,Federal Contract Tower,0,5,15,2,22,0,0,77,0,77,0,5,92,2,99,166,0,166,265
08/25/2019,RYY,GA,ASO,ES,Federal Contract Tower,0,4,31,3,38,0,0,21,1,22,0,4,52,4,60,40,0,40,100
08/26/2019,RYY,GA,ASO,ES,Federal Contract Tower,0,5,24,0,29,0,4,17,0,21,0,9,41,0,50,30,0,30,80
08/27/2019,RYY,GA,ASO,ES,Federal Contract Tower,0,5,39,0,44,0,0,4,2,6,0,5,43,2,50,44,0,44,94
08/28/2019,RYY,GA,ASO,ES,Federal Contract Tower,0,8,48,4,60,0,0,66,0,66,0,8,114,4,126,144,0,144,270
08/29/2019,RYY,GA,ASO,ES,Federal Contract Tower,0,7,38,3,48,0,8,134,2,144,0,15,172,5,192,222,0,222,414
08/30/2019,RYY,GA,ASO,ES,Federal Contract Tower,0,12,38,11,61,0,9,159,0,168,0,21,197,11,229,68,0,68,297
08/31/2019,RYY,GA,ASO,ES,Federal Contract Tower,0,11,19,0,30,0,1,89,0,90,0,12,108,0,120,126,0,126,246
09/01/2019,RYY,GA,ASO,ES,Federal Contract Tower,0,0,10,0,10,0,2,57,0,59,0,2,67,0,69,22,0,22,91
09/02/2019,RYY,GA,ASO,ES,Federal Contract Tower,0,8,28,0,36,0,6,119,0,125,0,14,147,0,161,34,0,34,195
09/03/2019,RYY,GA,ASO,ES,Federal Contract Tower,0,7,12,1,20,0,6,61,3,70,0,13,73,4,90,62,0,62,152
09/04/2019,RYY,GA,ASO,ES,Federal Contract Tower,0,4,31,1,36,0,5,87,1,93,0,9,118,2,129,68,0,68,197
09/05/2019,RYY,GA,ASO,ES,Federal Contract Tower,0,19,38,2,59,0,30,90,3,123,0,49,128,5,182,98,2,100,282
09/06/2019,RYY,GA,ASO,ES,Federal Contract Tower,0,12,44,1,57,0,4,123,7,134,0,16,167,8,191,114,0,114,305
09/07/2019,RYY,GA,ASO,ES,Federal Contract Tower,0,4,20,1,25,0,1,117,3,121,0,5,137,4,146,138,0,138,284
09/08/2019,RYY,GA,ASO,ES,Federal Contract Tower,0,3,44,11,58,0,4,109,7,120,0,7,153,18,178,152,0,152,330
09/09/2019,RYY,GA,ASO,ES,Federal Contract Tower,0,6,21,0,27,0,2,97,0,99,0,8,118,0,126,82,0,82,208
09/10/2019,RYY,GA,ASO,ES,Federal Contract Tower,0,9,23,3,35,0,3,78,0,81,0,12,101,3,116,94,0,94,210
09/11/2019,RYY,GA,ASO,ES,Federal Contract Tower,0,4,41,8,53,0,4,96,1,101,0,8,137,9,154,196,12,208,362
09/12/2019,RYY,GA,ASO,ES,Federal Contract Tower,0,15,37,2,54,0,3,112,3,118,0,18,149,5,172,100,0,100,272
09/13/2019,RYY,GA,ASO,ES,Federal Contract Tower,0,8,36,10,54,0,6,98,3,107,0,14,134,13,161,136,0,136,297
09/14/2019,RYY,GA,ASO,ES,Federal Contract Tower,0,7,22,1,30,0,2,23,0,25,0,9,45,1,55,42,0,42,97
09/15/2019,RYY,GA,ASO,ES,Federal Contract Tower,0,8,21,43,72,0,11,99,19,129,0,19,120,62,201,116,38,154,355
09/16/2019,RYY,GA,ASO,ES,Federal Contract Tower,0,11,34,0,45,0,3,103,0,106,0,14,137,0,151,78,0,78,229
09/17/2019,RYY,GA,ASO,ES,Federal Contract Tower,0,6,37,2,45,0,3,102,1,106,0,9,139,3,151,88,4,92,243
09/18/2019,RYY,GA,ASO,ES,Federal Contract Tower,0,5,38,6,49,0,5,109,0,114,0,10,147,6,163,118,0,118,281
09/19/2019,RYY,GA,ASO,ES,Federal Contract Tower,0,10,35,2,47,0,3,108,0,111,0,13,143,2,158,136,0,136,294
09/20/2019,RYY,GA,ASO,ES,Federal Contract Tower,0,17,39,0,56,0,6,131,2,139,0,23,170,2,195,64,6,70,265
09/21/2019,RYY,GA,ASO,ES,Federal Contract Tower,0,3,26,7,36,0,1,132,0,133,0,4,158,7,169,106,0,106,275
09/22/2019,RYY,GA,ASO,ES,Federal Contract Tower,0,15,31,29,75,0,4,109,5,118,0,19,140,34,193,38,0,38,231
09/23/2019,RYY,GA,ASO,ES,Federal Contract Tower,0,5,20,2,27,0,4,70,0,74,0,9,90,2,101,150,0,150,251
09/24/2019,RYY,GA,ASO,ES,Federal Contract Tower,0,12,30,0,42,0,3,83,0,86,0,15,113,0,128,92,4,96,224
09/25/2019,RYY,GA,ASO,ES,Federal Contract Tower,0,21,26,4,51,0,4,99,2,105,0,25,125,6,156,144,0,144,300
09/26/2019,RYY,GA,ASO,ES,Federal Contract Tower,0,18,54,2,74,0,1,96,8,105,0,19,150,10,179,102,0,102,281
09/27/2019,RYY,GA,ASO,ES,Federal Contract Tower,0,14,28,10,52,0,3,115,7,125,0,17,143,17,177,168,0,168,345
09/28/2019,RYY,GA,ASO,ES,Federal Contract Tower,0,2,32,2,36,0,4,85,0,89,0,6,117,2,125,72,0,72,197
09/29/2019,RYY,GA,ASO,ES,Federal Contract Tower,0,8,31,5,44,0,2,115,8,125,0,10,146,13,169,154,0,154,323
09/30/2019,RYY,GA,ASO,ES,Federal Contract Tower,0,11,30,6,47,0,88,0,0,88,0,99,30,6,135,143,6,149,284
10/01/2019,RYY,GA,ASO,ES,Federal Contract Tower,0,13,27,1,41,0,1,106,2,109,0,14,133,3,150,144,0,144,294
10/02/2019,RYY,GA,ASO,ES,Federal Contract Tower,0,5,27,2,34,0,7,94,3,104,0,12,121,5,138,180,0,180,318
10/03/2019,RYY,GA,ASO,ES,Federal Contract Tower,0,13,38,10,61,0,5,121,5,131,0,18,159,15,192,166,0,166,358
10/04/2019,RYY,GA,ASO,ES,Federal Contract Tower,0,15,27,12,54,0,3,115,6,124,0,18,142,18,178,70,2,72,250
10/05/2019,RYY,GA,ASO,ES,Federal Contract Tower,0,4,15,0,19,0,1,40,0,41,0,5,55,0,60,14,0,14,74
10/06/2019,RYY,GA,ASO,ES,Federal Contract Tower,0,19,38,24,81,0,6,37,6,49,0,25,75,30,130,30,0,30,160
10/07/2019,RYY,GA,ASO,ES,Federal Contract Tower,0,18,33,0,51,0,6,47,0,53,0,24,80,0,104,48,0,48,152
10/08/2019,RYY,GA,ASO,ES,Federal Contract Tower,0,12,27,1,40,0,2,37,0,39,0,14,64,1,79,42,0,42,121
10/09/2019,RYY,GA,ASO,ES,Federal Contract Tower,0,17,39,15,71,0,4,47,1,52,0,21,86,16,123,88,0,88,211
10/10/2019,RYY,GA,ASO,ES,Federal Contract Tower,0,15,39,2,56,0,8,110,0,118,0,23,149,2,174,116,0,116,290
10/11/2019,RYY,GA,ASO,ES,Federal Contract Tower,0,10,26,7,43,0,2,126,0,128,0,12,152,7,171,118,0,118,289
10/12/2019,RYY,GA,ASO,ES,Federal Contract Tower,0,7,30,0,37,0,2,136,0,138,0,9,166,0,175,114,0,114,289
10/13/2019,RYY,GA,ASO,ES,Federal Contract Tower,0,10,25,0,35,0,0,2,0,2,0,10,27,0,37,0,0,0,37
10/14/2019,RYY,GA,ASO,ES,Federal Contract Tower,0,12,34,0,46,0,7,107,0,114,0,19,141,0,160,118,0,118,278
10/15/2019,RYY,GA,ASO,ES,Federal Contract Tower,0,13,41,0,54,0,0,35,0,35,0,13,76,0,89,102,0,102,191
10/16/2019,RYY,GA,ASO,ES,Federal Contract Tower,0,11,50,11,72,0,1,22,0,23,0,12,72,11,95,26,0,26,121
10/17/2019,RYY,GA,ASO,ES,Federal Contract Tower,0,9,25,4,38,0,5,119,5,129,0,14,144,9,167,96,4,100,267
10/18/2019,RYY,GA,ASO,ES,Federal Contract Tower,0,9,31,15,55,0,1,138,2,141,0,10,169,17,196,224,0,224,420
10/19/2019,RYY,GA,ASO,ES,Federal Contract Tower,0,9,9,1,19,0,0,0,0,0,0,9,9,1,19,0,0,0,19
10/20/2019,RYY,GA,ASO,ES,Federal Contract Tower,0,8,48,18,74,0,4,53,0,57,0,12,101,18,131,144,0,144,275
10/21/2019,RYY,GA,ASO,ES,Federal Contract Tower,0,17,28,0,45,0,1,37,0,38,0,18,65,0,83,80,0,80,163
10/22/2019,RYY,GA,ASO,ES,Federal Contract Tower,0,12,21,0,33,0,1,58,2,61,0,13,79,2,94,66,8,74,168
10/23/2019,RYY,GA,ASO,ES,Federal Contract Tower,0,17,38,2,57,0,8,157,3,168,0,25,195,5,225,186,0,186,411
10/24/2019,RYY,GA,ASO,ES,Federal Contract Tower,0,12,33,2,47,0,9,113,3,125,0,21,146,5,172,120,6,126,298
10/25/2019,RYY,GA,ASO,ES,Federal Contract Tower,0,19,24,0,43,0,1,9,0,10,0,20,33,0,53,20,0,20,73
10/26/2019,RYY,GA,ASO,ES,Federal Contract Tower,0,6,20,0,26,0,0,0,0,0,0,6,20,0,26,0,0,0,26
10/27/2019,RYY,GA,ASO,ES,Federal Contract Tower,0,11,32,4,47,0,2,89,0,91,0,13,121,4,138,154,0,154,292
10/28/2019,RYY,GA,ASO,ES,Federal Contract Tower,0,3,36,0,39,0,0,66,0,66,0,3,102,0,105,68,0,68,173
10/29/2019,RYY,GA,ASO,ES,Federal Contract Tower,0,13,27,3,43,0,3,74,0,77,0,16,101,3,120,70,0,70,190
10/30/2019,RYY,GA,ASO,ES,Federal Contract Tower,0,3,18,0,21,0,0,0,0,0,0,3,18,0,21,0,0,0,21
10/31/2019,RYY,GA,ASO,ES,Federal Contract Tower,0,13,18,0,31,0,3,3,0,6,0,16,21,0,37,0,0,0,37
11/01/2019,RYY,GA,ASO,ES,Federal Contract Tower,0,16,33,6,55,0,2,128,2,132,0,18,161,8,187,156,6,162,349
11/02/2019,RYY,GA,ASO,ES,Federal Contract Tower,0,7,15,0,22,0,0,96,6,102,0,7,111,6,124,66,0,66,190
11/03/2019,RYY,GA,ASO,ES,Federal Contract Tower,0,7,28,17,52,0,4,150,13,167,0,11,178,30,219,156,12,168,387
11/04/2019,RYY,GA,ASO,ES,Federal Contract Tower,0,10,34,0,44,0,3,85,0,88,0,13,119,0,132,206,0,206,338
11/05/2019,RYY,GA,ASO,ES,Federal Contract Tower,0,15,29,1,45,0,0,71,2,73,0,15,100,3,118,118,0,118,236
11/06/2019,RYY,GA,ASO,ES,Federal Contract Tower,0,13,39,6,58,0,3,123,0,126,0,16,162,6,184,146,0,146,330
11/07/2019,RYY,GA,ASO,ES,Federal Contract Tower,0,13,44,0,57,0,2,21,0,23,0,15,65,0,80,34,0,34,114
11/08/2019,RYY,GA,ASO,ES,Federal Contract Tower,0,21,39,2,62,0,2,27,0,29,0,23,66,2,91,18,0,18,109
11/09/2019,RYY,GA,ASO,ES,Federal Contract Tower,0,14,26,5,45,0,0,165,2,167,0,14,191,7,212,122,0,122,334
11/10/2019,RYY,GA,ASO,ES,Federal Contract Tower,0,16,31,8,55,0,3,131,9,143,0,19,162,17,198,162,0,162,360
11/11/2019,RYY,GA,ASO,ES,Federal Contract Tower,0,13,41,0,54,0,5,107,0,112,0,18,148,0,166,70,0,70,236
11/12/2019,RYY,GA,ASO,ES,Federal Contract Tower,0,16,31,1,48,0,0,3,0,3,0,16,34,1,51,0,0,0,51
11/13/2019,RYY,GA,ASO,ES,Federal Contract Tower,0,10,27,6,43,0,7,122,1,130,0,17,149,7,173,162,6,168,341
11/14/2019,RYY,GA,ASO,ES,Federal Contract Tower,0,10,34,4,48,0,5,16,0,21,0,15,50,4,69,166,0,166,235
11/15/2019,RYY,GA,ASO,ES,Federal Contract Tower,0,13,36,0,49,0,0,2,0,2,0,13,38,0,51,0,0,0,51
11/16/2019,RYY,GA,ASO,ES,Federal Contract Tower,0,4,23,0,27,0,0,109,0,109,0,4,132,0,136,146,0,146,282
11/17/2019,RYY,GA,ASO,ES,Federal Contract Tower,0,2,33,19,54,0,0,93,8,101,0,2,126,27,155,182,4,186,341
11/18/2019,RYY,GA,ASO,ES,Federal Contract Tower,0,17,20,0,37,0,3,124,0,127,0,20,144,0,164,252,0,252,416
11/19/2019,RYY,GA,ASO,ES,Federal Contract Tower,0,13,29,7,49,0,3,106,0,109,0,16,135,7,158,190,0,190,348
11/20/2019,RYY,GA,ASO,ES,Federal Contract Tower,0,6,29,3,38,0,6,141,3,150,0,12,170,6,188,268,0,268,456
11/21/2019,RYY,GA,ASO,ES,Federal Contract Tower,0,8,35,4,47,0,3,112,4,119,0,11,147,8,166,160,0,160,326
11/22/2019,RYY,GA,ASO,ES,Federal Contract Tower,0,18,54,0,72,0,1,50,0,51,0,19,104,0,123,146,0,146,269
11/23/2019,RYY,GA,ASO,ES,Federal Contract Tower,0,9,14,0,23,0,0,0,0,0,0,9,14,0,23,0,0,0,23
11/24/2019,RYY,GA,ASO,ES,Federal Contract Tower,0,13,26,4,43,0,2,98,1,101,0,15,124,5,144,102,0,102,246
11/25/2019,RYY,GA,ASO,ES,Federal Contract Tower,0,16,36,0,52,0,8,132,7,147,0,24,168,7,199,56,2,58,257
11/26/2019,RYY,GA,ASO,ES,Federal Contract Tower,0,10,42,0,52,0,5,102,0,107,0,15,144,0,159,146,0,146,305
11/27/2019,RYY,GA,ASO,ES,Federal Contract Tower,0,14,41,0,55,0,4,32,0,36,0,18,73,0,91,66,0,66,157
11/28/2019,RYY,GA,ASO,ES,Federal Contract Tower,0,0,10,0,10,0,6,13,0,19,0,6,23,0,29,0,0,0,29
11/29/2019,RYY,GA,ASO,ES,Federal Contract Tower,0,2,34,0,36,0,0,94,1,95,0,2,128,1,131,126,0,126,257
11/30/2019,RYY,GA,ASO,ES,Federal Contract Tower,0,5,26,0,31,0,2,77,0,79,0,7,103,0,110,106,0,106,216
12/01/2019,RYY,GA,ASO,ES,Federal Contract Tower,0,15,39,0,54,0,2,29,0,31,0,17,68,0,85,26,0,26,111
12/02/2019,RYY,GA,ASO,ES,Federal Contract Tower,0,8,32,0,40,0,0,20,0,20,0,8,52,0,60,22,0,22,82
12/03/2019,RYY,GA,ASO,ES,Federal Contract Tower,0,9,26,3,38,0,2,54,4,60,0,11,80,7,98,80,0,80,178
12/04/2019,RYY,GA,ASO,ES,Federal Contract Tower,0,7,22,0,29,0,7,98,1,106,0,14,120,1,135,160,0,160,295
12/05/2019,RYY,GA,ASO,ES,Federal Contract Tower,0,15,34,4,53,0,7,138,0,145,0,22,172,4,198,218,0,218,416
12/06/2019,RYY,GA,ASO,ES,Federal Contract Tower,0,22,39,1,62,0,4,65,0,69,0,26,104,1,131,110,0,110,241
12/07/2019,RYY,GA,ASO,ES,Federal Contract Tower,0,13,19,0,32,0,3,161,0,164,0,16,180,0,196,208,0,208,404
12/08/2019,RYY,GA,ASO,ES,Federal Contract Tower,0,12,20,12,44,0,0,59,4,63,0,12,79,16,107,82,12,94,201
12/09/2019,RYY,GA,ASO,ES,Federal Contract Tower,0,11,29,0,40,0,0,2,0,2,0,11,31,0,42,8,0,8,50
12/10/2019,RYY,GA,ASO,ES,Federal Contract Tower,0,13,30,0,43,0,0,0,0,0,0,13,30,0,43,0,0,0,43
12/11/2019,RYY,GA,ASO,ES,Federal Contract Tower,0,7,29,1,37,0,4,121,1,126,0,11,150,2,163,204,0,204,367
12/12/2019,RYY,GA,ASO,ES,Federal Contract Tower,0,9,45,2,56,0,7,89,0,96,0,16,134,2,152,62,0,62,214
12/13/2019,RYY,GA,ASO,ES,Federal Contract Tower,0,13,23,2,38,0,0,0,0,0,0,13,23,2,38,0,0,0,38
12/14/2019,RYY,GA,ASO,ES,Federal Contract Tower,0,4,13,0,17,0,0,39,0,39,0,4,52,0,56,118,0,118,174
12/15/2019,RYY,GA,ASO,ES,Federal Contract Tower,0,5,49,2,56,0,4,110,0,114,0,9,159,2,170,196,0,196,366
12/16/2019,RYY,GA,ASO,ES,Federal Contract Tower,0,14,17,2,33,0,4,67,1,72,0,18,84,3,105,166,6,172,277
12/17/2019,RYY,GA,ASO,ES,Federal Contract Tower,0,9,35,7,51,0,2,1,0,3,0,11,36,7,54,0,0,0,54
12/18/2019,RYY,GA,ASO,ES,Federal Contract Tower,0,11,45,4,60,0,3,90,0,93,0,14,135,4,153,72,0,72,225
12/19/2019,RYY,GA,ASO,ES,Federal Contract Tower,0,10,29,2,41,0,9,121,2,132,0,19,150,4,173,240,0,240,413
12/20/2019,RYY,GA,ASO,ES,Federal Contract Tower,0,15,30,9,54,0,6,118,0,124,0,21,148,9,178,222,0,222,400
12/21/2019,RYY,GA,ASO,ES,Federal Contract Tower,0,13,27,0,40,0,3,49,0,52,0,16,76,0,92,76,0,76,168
12/22/2019,RYY,GA,ASO,ES,Federal Contract Tower,0,7,15,0,22,0,0,0,0,0,0,7,15,0,22,0,0,0,22
12/23/2019,RYY,GA,ASO,ES,Federal Contract Tower,0,15,20,0,35,0,0,0,0,0,0,15,20,0,35,0,0,0,35
12/24/2019,RYY,GA,ASO,ES,Federal Contract Tower,0,0,18,0,18,0,1,54,0,55,0,1,72,0,73,96,0,96,169
12/25/2019,RYY,GA,ASO,ES,Federal Contract Tower,0,6,6,0,12,0,0,50,0,50,0,6,56,0,62,16,0,16,78
12/26/2019,RYY,GA,ASO,ES,Federal Contract Tower,0,7,33,0,40,0,4,83,1,88,0,11,116,1,128,68,0,68,196
12/27/2019,RYY,GA,ASO,ES,Federal Contract Tower,0,11,31,0,42,0,2,75,0,77,0,13,106,0,119,122,0,122,241
12/28/2019,RYY,GA,ASO,ES,Federal Contract Tower,0,4,19,5,28,0,1,17,0,18,0,5,36,5,46,80,0,80,126
12/29/2019,RYY,GA,ASO,ES,Federal Contract Tower,0,7,12,0,19,0,2,0,0,2,0,9,12,0,21,0,0,0,21
12/30/2019,RYY,GA,ASO,ES,Federal Contract Tower,0,10,31,0,41,0,2,99,0,101,0,12,130,0,142,98,0,98,240
12/31/2019,RYY,GA,ASO,ES,Federal Contract Tower,0,3,8,0,11,0,3,87,0,90,0,6,95,0,101,58,0,58,159
01/01/2020,RYY,GA,ASO,ES,Federal Contract Tower,0,7,13,0,20,0,3,95,0,98,0,10,108,0,118,128,0,128,246
01/02/2020,RYY,GA,ASO,ES,Federal Contract Tower,0,6,19,0,25,0,0,4,0,4,0,6,23,0,29,20,0,20,49
01/03/2020,RYY,GA,ASO,ES,Federal Contract Tower,0,7,14,0,21,0,0,0,0,0,0,7,14,0,21,0,0,0,21
01/04/2020,RYY,GA,ASO,ES,Federal Contract Tower,0,5,24,0,29,0,0,15,0,15,0,5,39,0,44,4,0,4,48
01/05/2020,RYY,GA,ASO,ES,Federal Contract Tower,0,4,28,6,38,0,4,135,0,139,0,8,163,6,177,74,0,74,251
01/06/2020,RYY,GA,ASO,ES,Federal Contract Tower,0,6,19,0,25,0,3,119,0,122,0,9,138,0,147,140,0,140,287
01/07/2020,RYY,GA,ASO,ES,Federal Contract Tower,0,8,22,3,33,0,2,27,0,29,0,10,49,3,62,44,0,44,106
01/08/2020,RYY,GA,ASO,ES,Federal Contract Tower,0,8,22,7,37,0,4,134,4,142,0,12,156,11,179,124,0,124,303
01/09/2020,RYY,GA,ASO,ES,Federal Contract Tower,0,12,27,3,42,0,8,70,1,79,0,20,97,4,121,96,0,96,217
01/10/2020,RYY,GA,ASO,ES,Federal Contract Tower,0,8,28,0,36,0,9,24,1,34,0,17,52,1,70,88,0,88,158
01/11/2020,RYY,GA,ASO,ES,Federal Contract Tower,0,5,5,0,10,0,2,0,0,2,0,7,5,0,12,0,0,0,12
01/12/2020,RYY,GA,ASO,ES,Federal Contract Tower,0,12,28,5,45,0,10,117,0,127,0,22,145,5,172,92,0,92,264
01/13/2020,RYY,GA,ASO,ES,Federal Contract Tower,0,3,18,0,21,0,0,20,0,20,0,3,38,0,41,0,0,0,41
01/14/2020,RYY,GA,ASO,ES,Federal Contract Tower,0,7,19,0,26,0,0,0,0,0,0,7,19,0,26,0,0,0,26
01/15/2020,RYY,GA,ASO,ES,Federal Contract Tower,0,5,34,2,41,0,3,35,0,38,0,8,69,2,79,84,0,84,163
01/16/2020,RYY,GA,ASO,ES,Federal Contract Tower,0,3,33,3,39,0,5,86,2,93,0,8,119,5,132,42,0,42,174
01/17/2020,RYY,GA,ASO,ES,Federal Contract Tower,0,7,27,0,34,0,7,117,3,127,0,14,144,3,161,44,0,44,205
01/18/2020,RYY,GA,ASO,ES,Federal Contract Tower,0,3,13,0,16,0,0,0,0,0,0,3,13,0,16,24,0,24,40
01/19/2020,RYY,GA,ASO,ES,Federal Contract Tower,0,4,17,55,76,0,7,48,28,83,0,11,65,83,159,26,4,30,189
01/20/2020,RYY,GA,ASO,ES,Federal Contract Tower,0,6,37,0,43,0,7,105,0,112,0,13,142,0,155,128,0,128,283
01/21/2020,RYY,GA,ASO,ES,Federal Contract Tower,0,9,38,4,51,0,2,77,0,79,0,11,115,4,130,130,0,130,260
01/22/2020,RYY,GA,ASO,ES,Federal Contract Tower,0,5,27,2,34,0,2,94,2,98,0,7,121,4,132,134,0,134,266
01/23/2020,RYY,GA,ASO,ES,Federal Contract Tower,0,12,52,8,72,0,0,13,2,15,0,12,65,10,87,64,16,80,167
01/24/2020,RYY,GA,ASO,ES,Federal Contract Tower,0,13,44,0,57,0,0,7,2,9,0,13,51,2,66,4,2,6,72
01/25/2020,RYY,GA,ASO,ES,Federal Contract Tower,0,4,19,3,26,0,0,82,0,82,0,4,101,3,108,170,0,170,278
01/26/2020,RYY,GA,ASO,ES,Federal Contract Tower,0,9,15,4,28,0,6,123,6,135,0,15,138,10,163,172,0,172,335
01/27/2020,RYY,GA,ASO,ES,Federal Contract Tower,0,9,37,6,52,0,3,12,2,17,0,12,49,8,69,94,0,94,163
01/28/2020,RYY,GA,ASO,ES,Federal Contract Tower,0,19,31,2,52,0,8,168,0,176,0,27,199,2,228,132,0,132,360
01/29/2020,RYY,GA,ASO,ES,Federal Contract Tower,0,6,47,0,53,0,2,76,0,78,0,8,123,0,131,98,0,98,229
01/30/2020,RYY,GA,ASO,ES,Federal Contract Tower,0,9,32,3,44,0,5,139,1,145,0,14,171,4,189,232,0,232,421
01/31/2020,RYY,GA,ASO,ES,Federal Contract Tower,0,7,20,0,27,0,1,9,0,10,0,8,29,0,37,36,0,36,73
02/01/2020,RYY,GA,ASO,ES,Federal Contract Tower,0,0,41,0,41,0,0,3,0,3,0,0,44,0,44,6,0,6,50
02/02/2020,RYY,GA,ASO,ES,Federal Contract Tower,0,8,18,7,33,0,2,111,0,113,0,10,129,7,146,78,0,78,224
02/03/2020,RYY,GA,ASO,ES,Federal Contract Tower,0,6,22,0,28,0,4,92,1,97,0,10,114,1,125,104,0,104,229
02/04/2020,RYY,GA,ASO,ES,Federal Contract Tower,0,2,24,0,26,0,0,25,2,27,0,2,49,2,53,68,0,68,121
02/05/2020,RYY,GA,ASO,ES,Federal Contract Tower,0,8,22,0,30,0,0,0,0,0,0,8,22,0,30,0,0,0,30
02/06/2020,RYY,GA,ASO,ES,Federal Contract Tower,0,2,10,2,14,0,0,0,0,0,0,2,10,2,14,0,0,0,14
02/07/2020,RYY,GA,ASO,ES,Federal Contract Tower,0,5,39,0,44,0,1,26,2,29,0,6,65,2,73,52,0,52,125
02/08/2020,RYY,GA,ASO,ES,Federal Contract Tower,0,4,11,0,15,0,0,0,0,0,0,4,11,0,15,0,0,0,15
02/09/2020,RYY,GA,ASO,ES,Federal Contract Tower,0,10,40,1,51,0,0,69,0,69,0,10,109,1,120,174,0,174,294
02/10/2020,RYY,GA,ASO,ES,Federal Contract Tower,0,4,27,0,31,0,0,7,0,7,0,4,34,0,38,14,0,14,52
02/11/2020,RYY,GA,ASO,ES,Federal Contract Tower,0,5,28,1,34,0,0,5,1,6,0,5,33,2,40,12,0,12,52
02/12/2020,RYY,GA,ASO,ES,Federal Contract Tower,0,3,39,0,42,0,0,21,0,21,0,3,60,0,63,58,0,58,121
02/13/2020,RYY,GA,ASO,ES,Federal Contract Tower,0,13,40,1,54,0,0,8,1,9,0,13,48,2,63,10,0,10,73
02/14/2020,RYY,GA,ASO,ES,Federal Contract Tower,0,8,33,0,41,0,0,145,0,145,0,8,178,0,186,164,0,164,350
02/15/2020,RYY,GA,ASO,ES,Federal Contract Tower,0,5,25,0,30,0,0,168,0,168,0,5,193,0,198,150,0,150,348
02/16/2020,RYY,GA,ASO,ES,Federal Contract Tower,0,3,33,0,36,0,0,31,0,31,0,3,64,0,67,160,0,160,227
02/17/2020,RYY,GA,ASO,ES,Federal Contract Tower,0,16,24,0,40,0,0,13,0,13,0,16,37,0,53,42,0,42,95
02/18/2020,RYY,GA,ASO,ES,Federal Contract Tower,0,10,36,0,46,0,0,0,0,0,0,10,36,0,46,0,0,0,46
02/19/2020,RYY,GA,ASO,ES,Federal Contract Tower,0,24,39,2,65,0,3,9,0,12,0,27,48,2,77,48,0,48,125
02/20/2020,RYY,GA,ASO,ES,Federal Contract Tower,0,10,26,0,36,0,0,0,0,0,0,10,26,0,36,0,0,0,36
02/21/2020,RYY,GA,ASO,ES,Federal Contract Tower,0,12,52,10,74,0,4,137,1,142,0,16,189,11,216,166,0,166,382
02/22/2020,RYY,GA,ASO,ES,Federal Contract Tower,0,1,32,0,33,0,2,161,2,165,0,3,193,2,198,190,0,190,388
02/23/2020,RYY,GA,ASO,ES,Federal Contract Tower,0,6,27,8,41,0,2,135,5,142,0,8,162,13,183,104,6,110,293
02/24/2020,RYY,GA,ASO,ES,Federal Contract Tower,0,4,30,0,34,0,0,0,0,0,0,4,30,0,34,0,0,0,34
02/25/2020,RYY,GA,ASO,ES,Federal Contract Tower,0,9,26,3,38,0,0,33,4,37,0,9,59,7,75,28,4,32,107
02/26/2020,RYY,GA,ASO,ES,Federal Contract Tower,0,13,37,0,50,0,2,36,7,45,0,15,73,7,95,54,0,54,149
02/27/2020,RYY,GA,ASO,ES,Federal Contract Tower,0,10,45,4,59,0,3,74,2,79,0,13,119,6,138,60,10,70,208
02/28/2020,RYY,GA,ASO,ES,Federal Contract Tower,0,6,29,2,37,0,1,57,2,60,0,7,86,4,97,106,0,106,203
02/29/2020,RYY,GA,ASO,ES,Federal Contract Tower,0,6,17,0,23,0,1,57,0,58,0,7,74,0,81,48,0,48,129
03/01/2020,RYY,GA,ASO,ES,Federal Contract Tower,0,6,24,11,41,0,5,143,4,152,0,11,167,15,193,172,8,180,373
03/02/2020,RYY,GA,ASO,ES,Federal Contract Tower,0,6,16,0,22,0,0,0,0,0,0,6,16,0,22,0,0,0,22
03/03/2020,RYY,GA,ASO,ES,Federal Contract Tower,0,6,22,2,30,0,1,11,0,12,0,7,33,2,42,66,0,66,108
03/04/2020,RYY,GA,ASO,ES,Federal Contract Tower,0,12,20,0,32,0,0,6,0,6,0,12,26,0,38,8,0,8,46
03/05/2020,RYY,GA,ASO,ES,Federal Contract Tower,0,8,24,0,32,0,0,1,0,1,0,8,25,0,33,0,0,0,33
03/06/2020,RYY,GA,ASO,ES,Federal Contract Tower,0,7,28,2,37,0,5,16,0,21,0,12,44,2,58,2,0,2,60
03/07/2020,RYY,GA,ASO,ES,Federal Contract Tower,0,5,27,0,32,0,3,154,3,160,0,8,181,3,192,158,0,158,350
03/08/2020,RYY,GA,ASO,ES,Federal Contract Tower,0,7,37,17,61,0,4,170,12,186,0,11,207,29,247,116,8,124,371
03/09/2020,RYY,GA,ASO,ES,Federal Contract Tower,0,5,36,0,41,0,0,108,0,108,0,5,144,0,149,64,0,64,213
03/10/2020,RYY,GA,ASO,ES,Federal Contract Tower,0,3,40,3,46,0,0,15,2,17,0,3,55,5,63,28,18,46,109
03/11/2020,RYY,GA,ASO,ES,Federal Contract Tower,0,3,49,1,53,0,4,41,0,45,0,7,90,1,98,132,0,132,230
03/12/2020,RYY,GA,ASO,ES,Federal Contract Tower,0,23,43,5,71,0,0,34,2,36,0,23,77,7,107,60,0,60,167
03/13/2020,RYY,GA,ASO,ES,Federal Contract Tower,0,19,46,4,69,0,0,30,0,30,0,19,76,4,99,122,0,122,221
03/14/2020,RYY,GA,ASO,ES,Federal Contract Tower,0,10,24,0,34,0,1,83,0,84,0,11,107,0,118,192,0,192,310
03/15/2020,RYY,GA,ASO,ES,Federal Contract Tower,0,9,50,10,69,0,0,5,0,5,0,9,55,10,74,0,0,0,74
03/16/2020,RYY,GA,ASO,ES,Federal Contract Tower,0,4,38,0,42,0,0,0,0,0,0,4,38,0,42,0,0,0,42
03/17/2020,RYY,GA,ASO,ES,Federal Contract Tower,0,5,19,0,24,0,3,16,0,19,0,8,35,0,43,10,0,10,53
03/18/2020,RYY,GA,ASO,ES,Federal Contract Tower,0,9,33,8,50,0,2,31,5,38,0,11,64,13,88,68,38,106,194
03/19/2020,RYY,GA,ASO,ES,Federal Contract Tower,0,5,29,1,35,0,0,59,2,61,0,5,88,3,96,92,0,92,188
03/20/2020,RYY,GA,ASO,ES,Federal Contract Tower,0,9,30,0,39,0,3,47,0,50,0,12,77,0,89,130,0,130,219
03/21/2020,RYY,GA,ASO,ES,Federal Contract Tower,0,6,20,0,26,0,1,34,0,35,0,7,54,0,61,76,0,76,137
03/22/2020,RYY,GA,ASO,ES,Federal Contract Tower,0,5,17,0,22,0,1,13,0,14,0,6,30,0,36,40,0,40,76
03/23/2020,RYY,GA,ASO,ES,Federal Contract Tower,0,2,12,0,14,0,0,0,0,0,0,2,12,0,14,0,0,0,14
03/24/2020,RYY,GA,ASO,ES,Federal Contract Tower,0,2,12,0,14,0,0,0,0,0,0,2,12,0,14,0,0,0,14
03/25/2020,RYY,GA,ASO,ES,Federal Contract Tower,0,2,35,0,37,0,2,99,0,101,0,4,134,0,138,60,0,60,198
03/26/2020,RYY,GA,ASO,ES,Federal Contract Tower,0,2,14,0,16,0,1,100,1,102,0,3,114,1,118,148,0,148,266
03/27/2020,RYY,GA,ASO,ES,Federal Contract Tower,0,2,19,0,21,0,0,135,0,135,0,2,154,0,156,124,0,124,280
03/28/2020,RYY,GA,ASO,ES,Federal Contract Tower,0,0,6,0,6,0,1,61,0,62,0,1,67,0,68,138,0,138,206
03/29/2020,RYY,GA,ASO,ES,Federal Contract Tower,0,3,3,0,6,0,3,23,0,26,0,6,26,0,32,64,0,64,96
03/30/2020,RYY,GA,ASO,ES,Federal Contract Tower,0,1,14,0,15,0,2,69,0,71,0,3,83,0,86,126,0,126,212
03/31/2020,RYY,GA,ASO,ES,Federal Contract Tower,0,0,5,0,5,0,1,4,0,5,0,1,9,0,10,14,0,14,24
04/01/2020,RYY,GA,ASO,ES,Federal Contract Tower,0,5,10,0,15,0,1,42,0,43,0,6,52,0,58,26,0,26,84
04/02/2020,RYY,GA,ASO,ES,Federal Contract Tower,0,5,12,0,17,0,1,97,0,98,0,6,109,0,115,106,0,106,221
04/03/2020,RYY,GA,ASO,ES,Federal Contract Tower,0,0,19,0,19,0,5,91,0,96,0,5,110,0,115,148,0,148,263
04/04/2020,RYY,GA,ASO,ES,Federal Contract Tower,0,1,4,0,5,0,6,69,0,75,0,7,73,0,80,116,0,116,196
04/05/2020,RYY,GA,ASO,ES,Federal Contract Tower,0,2,9,0,11,0,4,51,0,55,0,6,60,0,66,34,0,34,100
04/06/2020,RYY,GA,ASO,ES,Federal Contract Tower,0,3,5,0,8,0,0,0,0,0,0,3,5,0,8,90,6,96,104
04/07/2020,RYY,GA,ASO,ES,Federal Contract Tower,0,2,21,2,25,0,0,65,0,65,0,2,86,2,90,122,0,122,212
04/08/2020,RYY,GA,ASO,ES,Federal Contract Tower,0,4,21,0,25,0,5,13,2,20,0,9,34,2,45,58,0,58,103
04/09/2020,RYY,GA,ASO,ES,Federal Contract Tower,0,3,4,0,7,0,14,21,0,35,0,17,25,0,42,42,0,42,84
04/10/2020,RYY,GA,ASO,ES,Federal Contract Tower,0,2,13,2,17,0,0,21,1,22,0,2,34,3,39,4,4,8,47
04/11/2020,RYY,GA,ASO,ES,Federal Contract Tower,0,3,12,0,15,0,1,86,0,87,0,4,98,0,102,74,0,74,176
04/12/2020,RYY,GA,ASO,ES,Federal Contract Tower,0,0,1,0,1,0,0,1,0,1,0,0,2,0,2,8,0,8,10
04/13/2020,RYY,GA,ASO,ES,Federal Contract Tower,0,2,9,0,11,0,3,25,2,30,0,5,34,2,41,16,10,26,67
04/14/2020,RYY,GA,ASO,ES,Federal Contract Tower,0,2,6,0,8,0,5,97,1,103,0,7,103,1,111,164,0,164,275
04/15/2020,RYY,GA,ASO,ES,Federal Contract Tower,0,1,13,0,14,0,3,53,6,62,0,4,66,6,76,88,0,88,164
04/16/2020,RYY,GA,ASO,ES,Federal Contract Tower,0,2,18,0,20,0,0,130,0,130,0,2,148,0,150,126,0,126,276
04/17/2020,RYY,GA,ASO,ES,Federal Contract Tower,0,6,12,2,20,0,4,83,0,87,0,10,95,2,107,118,0,118,225
04/18/2020,RYY,GA,ASO,ES,Federal Contract Tower,0,3,10,0,13,0,0,33,0,33,0,3,43,0,46,94,0,94,140
04/19/2020,RYY,GA,ASO,ES,Federal Contract Tower,0,2,7,0,9,0,0,1,0,1,0,2,8,0,10,0,0,0,10
04/20/2020,RYY,GA,ASO,ES,Federal Contract Tower,0,2,21,0,23,0,0,47,0,47,0,2,68,0,70,2,2,4,74
04/21/2020,RYY,GA,ASO,ES,Federal Contract Tower,0,0,24,0,24,0,0,69,0,69,0,0,93,0,93,96,0,96,189
04/22/2020,RYY,GA,ASO,ES,Federal Contract Tower,0,4,30,0,34,0,0,143,0,143,0,4,173,0,177,220,0,220,397
04/23/2020,RYY,GA,ASO,ES,Federal Contract Tower,0,4,2,0,6,0,2,0,0,2,0,6,2,0,8,0,0,0,8
04/24/2020,RYY,GA,ASO,ES,Federal Contract Tower,0,2,14,0,16,0,1,55,2,58,0,3,69,2,74,118,0,118,192
04/25/2020,RYY,GA,ASO,ES,Federal Contract Tower,0,2,16,0,18,0,1,62,0,63,0,3,78,0,81,66,0,66,147
04/26/2020,RYY,GA,ASO,ES,Federal Contract Tower,0,3,17,0,20,0,0,29,0,29,0,3,46,0,49,66,0,66,115
04/27/2020,RYY,GA,ASO,ES,Federal Contract Tower,0,2,13,0,15,0,8,92,1,101,0,10,105,1,116,120,0,120,236
04/28/2020,RYY,GA,ASO,ES,Federal Contract Tower,0,3,16,0,19,0,0,127,0,127,0,3,143,0,146,258,0,258,404
04/29/2020,RYY,GA,ASO,ES,Federal Contract Tower,0,3,8,0,11,0,2,15,0,17,0,5,23,0,28,10,0,10,38
04/30/2020,RYY,GA,ASO,ES,Federal Contract Tower,0,3,37,0,40,0,0,33,2,35,0,3,70,2,75,78,4,82,157
05/01/2020,RYY,GA,ASO,ES,Federal Contract Tower,0,0,26,0,26,0,1,89,0,90,0,1,115,0,116,84,0,84,200
05/02/2020,RYY,GA,ASO,ES,Federal Contract Tower,0,5,11,0,16,0,0,123,0,123,0,5,134,0,139,260,0,260,399
05/03/2020,RYY,GA,ASO,ES,Federal Contract Tower,0,1,23,0,24,0,5,100,0,105,0,6,123,0,129,78,0,78,207
05/04/2020,RYY,GA,ASO,ES,Federal Contract Tower,0,5,23,10,38,0,8,150,2,160,0,13,173,12,198,216,0,216,414
05/05/2020,RYY,GA,ASO,ES,Federal Contract Tower,0,2,19,0,21,0,2,47,0,49,0,4,66,0,70,136,0,136,206
05/06/2020,RYY,GA,ASO,ES,Federal Contract Tower,0,5,17,0,22,0,8,24,0,32,0,13,41,0,54,32,0,32,86
05/07/2020,RYY,GA,ASO,ES,Federal Contract Tower,0,3,34,0,37,0,4,117,2,123,0,7,151,2,160,118,4,122,282
05/08/2020,RYY,GA,ASO,ES,Federal Contract Tower,0,8,16,0,24,0,3,27,0,30,0,11,43,0,54,82,0,82,136
05/09/2020,RYY,GA,ASO,ES,Federal Contract Tower,0,5,11,0,16,0,0,112,0,112,0,5,123,0,128,132,10,142,270
05/10/2020,RYY,GA,ASO,ES,Federal Contract Tower,0,5,18,0,23,0,2,102,4,108,0,7,120,4,131,166,0,166,297
05/11/2020,RYY,GA,ASO,ES,Federal Contract Tower,0,13,26,0,39,0,2,82,1,85,0,15,108,1,124,104,2,106,230
05/12/2020,RYY,GA,ASO,ES,Federal Contract Tower,0,6,18,0,24,0,2,137,4,143,0,8,155,4,167,314,0,314,481
05/13/2020,RYY,GA,ASO,ES,Federal Contract Tower,0,11,25,0,36,0,7,114,0,121,0,18,139,0,157,246,0,246,403
05/14/2020,RYY,GA,ASO,ES,Federal Contract Tower,0,5,41,0,46,0,0,60,0,60,0,5,101,0,106,144,0,144,250
05/15/2020,RYY,GA,ASO,ES,Federal Contract Tower,0,11,30,2,43,0,3,116,6,125,0,14,146,8,168,176,0,176,344
05/16/2020,RYY,GA,ASO,ES,Federal Contract Tower,0,5,23,3,31,0,1,131,3,135,0,6,154,6,166,188,8,196,362
05/17/2020,RYY,GA,ASO,ES,Federal Contract Tower,0,5,17,0,22,0,0,109,4,113,0,5,126,4,135,108,0,108,243
05/18/2020,RYY,GA,ASO,ES,Federal Contract Tower,0,4,16,0,20,0,2,14,0,16,0,6,30,0,36,10,0,10,46
05/19/2020,RYY,GA,ASO,ES,Federal Contract Tower,0,5,33,3,41,0,2,58,1,61,0,7,91,4,102,104,0,104,206
05/20/2020,RYY,GA,ASO,ES,Federal Contract Tower,0,13,35,0,48,0,4,15,0,19,0,17,50,0,67,42,0,42,109
05/21/2020,RYY,GA,ASO,ES,Federal Contract Tower,0,16,65,0,81,0,5,98,0,103,0,21,163,0,184,190,0,190,374
05/22/2020,RYY,GA,ASO,ES,Federal Contract Tower,0,8,41,0,49,0,1,56,0,57,0,9,97,0,106,194,0,194,300
05/23/2020,RYY,GA,ASO,ES,Federal Contract Tower,0,6,24,0,30,0,1,55,0,56,0,7,79,0,86,226,0,226,312
05/24/2020,RYY,GA,ASO,ES,Federal Contract Tower,0,12,21,0,33,0,0,83,0,83,0,12,104,0,116,140,0,140,256
05/25/2020,RYY,GA,ASO,ES,Federal Contract Tower,0,6,29,0,35,0,0,49,0,49,0,6,78,0,84,140,0,140,224
05/26/2020,RYY,GA,ASO,ES,Federal Contract Tower,0,11,32,0,43,0,1,15,2,18,0,12,47,2,61,68,6,74,135
05/27/2020,RYY,GA,ASO,ES,Federal Contract Tower,0,10,31,0,41,0,0,1,0,1,0,10,32,0,42,0,0,0,42
05/28/2020,RYY,GA,ASO,ES,Federal Contract Tower,0,6,41,1,48,0,1,48,1,50,0,7,89,2,98,120,0,120,218
05/29/2020,RYY,GA,ASO,ES,Federal Contract Tower,0,6,37,0,43,0,2,102,0,104,0,8,139,0,147,214,0,214,361
05/30/2020,RYY,GA,ASO,ES,Federal Contract Tower,0,1,11,2,14,0,0,166,0,166,0,1,177,2,180,240,0,240,420
05/31/2020,RYY,GA,ASO,ES,Federal Contract Tower,0,5,23,10,38,0,8,150,2,160,0,13,173,12,198,216,0,216,414
06/01/2020,RYY,GA,ASO,ES,Federal Contract Tower,0,11,18,0,29,0,19,122,5,146,0,30,140,5,175,160,8,168,343
06/02/2020,RYY,GA,ASO,ES,Federal Contract Tower,0,8,17,0,25,0,6,130,0,136,0,14,147,0,161,204,0,204,365
06/03/2020,RYY,GA,ASO,ES,Federal Contract Tower,0,13,45,2,60,0,5,147,0,152,0,18,192,2,212,254,0,254,466
06/04/2020,RYY,GA,ASO,ES,Federal Contract Tower,0,17,21,0,38,0,4,107,1,112,0,21,128,1,150,194,0,194,344
06/05/2020,RYY,GA,ASO,ES,Federal Contract Tower,0,9,21,0,30,0,9,50,0,59,0,18,71,0,89,172,0,172,261
06/06/2020,RYY,GA,ASO,ES,Federal Contract Tower,0,8,21,0,29,0,13,109,0,122,0,21,130,0,151,272,0,272,423
06/07/2020,RYY,GA,ASO,ES,Federal Contract Tower,0,9,31,0,40,0,0,107,0,107,0,9,138,0,147,226,0,226,373
06/08/2020,RYY,GA,ASO,ES,Federal Contract Tower,0,7,30,0,37,0,0,47,0,47,0,7,77,0,84,116,0,116,200
06/09/2020,RYY,GA,ASO,ES,Federal Contract Tower,0,13,27,3,43,0,0,24,0,24,0,13,51,3,67,80,0,80,147
06/10/2020,RYY,GA,ASO,ES,Federal Contract Tower,0,10,38,0,48,0,1,14,4,19,0,11,52,4,67,32,0,32,99
06/11/2020,RYY,GA,ASO,ES,Federal Contract Tower,0,13,43,0,56,0,2,158,2,162,0,15,201,2,218,236,0,236,454
06/12/2020,RYY,GA,ASO,ES,Federal Contract Tower,0,11,30,8,49,0,2,124,5,131,0,13,154,13,180,196,0,196,376
06/13/2020,RYY,GA,ASO,ES,Federal Contract Tower,0,9,21,0,30,0,0,114,0,114,0,9,135,0,144,164,0,164,308
06/14/2020,RYY,GA,ASO,ES,Federal Contract Tower,0,7,32,2,41,0,5,98,0,103,0,12,130,2,144,74,0,74,218
06/15/2020,RYY,GA,ASO,ES,Federal Contract Tower,0,5,38,0,43,0,6,94,0,100,0,11,132,0,143,216,0,216,359
06/16/2020,RYY,GA,ASO,ES,Federal Contract Tower,0,9,27,0,36,0,1,121,1,123,0,10,148,1,159,260,0,260,419
06/17/2020,RYY,GA,ASO,ES,Federal Contract Tower,0,9,51,0,60,0,2,101,1,104,0,11,152,1,164,302,0,302,466
06/18/2020,RYY,GA,ASO,ES,Federal Contract Tower,0,5,33,0,38,0,2,135,2,139,0,7,168,2,177,248,6,254,431
06/19/2020,RYY,GA,ASO,ES,Federal Contract Tower,0,13,37,6,56,0,1,145,1,147,0,14,182,7,203,120,0,120,323
06/20/2020,RYY,GA,ASO,ES,Federal Contract Tower,0,5,24,6,35,0,0,114,2,116,0,5,138,8,151,150,0,150,301
06/21/2020,RYY,GA,ASO,ES,Federal Contract Tower,0,9,21,7,37,0,2,82,2,86,0,11,103,9,123,98,0,98,221
06/22/2020,RYY,GA,ASO,ES,Federal Contract Tower,0,8,31,0,39,0,4,69,0,73,0,12,100,0,112,146,0,146,258
06/23/2020,RYY,GA,ASO,ES,Federal Contract Tower,0,11,27,0,38,0,1,23,0,24,0,12,50,0,62,66,0,66,128
06/24/2020,RYY,GA,ASO,ES,Federal Contract Tower,0,7,49,0,56,0,5,42,0,47,0,12,91,0,103,84,0,84,187
06/25/2020,RYY,GA,ASO,ES,Federal Contract Tower,0,11,51,0,62,0,3,46,2,51,0,14,97,2,113,144,0,144,257
06/26/2020,RYY,GA,ASO,ES,Federal Contract Tower,0,10,59,0,69,0,9,85,0,94,0,19,144,0,163,194,0,194,357
06/27/2020,RYY,GA,ASO,ES,Federal Contract Tower,0,5,30,3,38,0,2,64,0,66,0,7,94,3,104,220,0,220,324
06/28/2020,RYY,GA,ASO,ES,Federal Contract Tower,0,14,46,8,68,0,7,73,0,80,0,21,119,8,148,156,0,156,304
06/29/2020,RYY,GA,ASO,ES,Federal Contract Tower,0,7,44,0,51,0,5,107,0,112,0,12,151,0,163,254,0,254,417
06/30/2020,RYY,GA,ASO,ES,Federal Contract Tower,0,6,38,0,44,0,8,89,0,97,0,14,127,0,141,180,0,180,321
07/01/2020,RYY,GA,ASO,ES,Federal Contract Tower,0,19,27,0,46,0,9,75,0,84,0,28,102,0,130,184,0,184,314
07/02/2020,RYY,GA,ASO,ES,Federal Contract Tower,0,8,39,0,47,0,8,102,0,110,0,16,141,0,157,186,0,186,343
07/03/2020,RYY,GA,ASO,ES,Federal Contract Tower,0,6,29,0,35,0,3,136,0,139,0,9,165,0,174,218,0,218,392
07/04/2020,RYY,GA,ASO,ES,Federal Contract Tower,0,1,14,0,15,0,0,30,0,30,0,1,44,0,45,42,0,42,87
07/05/2020,RYY,GA,ASO,ES,Federal Contract Tower,0,16,26,0,42,0,1,68,0,69,0,17,94,0,111,94,0,94,205
07/06/2020,RYY,GA,ASO,ES,Federal Contract Tower,0,13,38,0,51,0,0,30,0,30,0,13,68,0,81,90,0,90,171
07/07/2020,RYY,GA,ASO,ES,Federal Contract Tower,0,9,25,0,34,0,0,30,0,30,0,9,55,0,64,172,0,172,236
07/08/2020,RYY,GA,ASO,ES,Federal Contract Tower,0,6,55,0,61,0,2,45,4,51,0,8,100,4,112,174,2,176,288
07/09/2020,RYY,GA,ASO,ES,Federal Contract Tower,0,12,48,0,60,0,3,111,0,114,0,15,159,0,174,152,0,152,326
07/10/2020,RYY,GA,ASO,ES,Federal Contract Tower,0,5,49,3,57,0,3,144,3,150,0,8,193,6,207,214,0,214,421
07/11/2020,RYY,GA,ASO,ES,Federal Contract Tower,0,2,15,0,17,0,1,99,2,102,0,3,114,2,119,130,0,130,249
07/12/2020,RYY,GA,ASO,ES,Federal Contract Tower,0,3,34,0,37,0,2,107,0,109,0,5,141,0,146,170,0,170,316
07/13/2020,RYY,GA,ASO,ES,Federal Contract Tower,0,12,25,1,38,0,8,97,0,105,0,20,122,1,143,296,0,296,439
07/14/2020,RYY,GA,ASO,ES,Federal Contract Tower,0,11,25,0,36,0,2,163,0,165,0,13,188,0,201,330,0,330,531
07/15/2020,RYY,GA,ASO,ES,Federal Contract Tower,0,9,32,0,41,0,7,102,3,112,0,16,134,3,153,196,0,196,349
07/16/2020,RYY,GA,ASO,ES,Federal Contract Tower,0,15,40,2,57,0,0,155,5,160,0,15,195,7,217,200,0,200,417
07/17/2020,RYY,GA,ASO,ES,Federal Contract Tower,0,13,38,4,55,0,2,145,0,147,0,15,183,4,202,194,0,194,396
07/18/2020,RYY,GA,ASO,ES,Federal Contract Tower,0,1,27,0,28,0,2,106,0,108,0,3,133,0,136,124,0,124,260
07/19/2020,RYY,GA,ASO,ES,Federal Contract Tower,0,11,28,3,42,0,4,110,2,116,0,15,138,5,158,126,0,126,284
07/20/2020,RYY,GA,ASO,ES,Federal Contract Tower,0,2,27,0,29,0,10,120,0,130,0,12,147,0,159,288,0,288,447
07/21/2020,RYY,GA,ASO,ES,Federal Contract Tower,0,7,26,1,34,0,6,79,0,85,0,13,105,1,119,206,0,206,325
07/22/2020,RYY,GA,ASO,ES,Federal Contract Tower,0,15,40,0,55,0,1,109,0,110,0,16,149,0,165,228,0,228,393
07/23/2020,RYY,GA,ASO,ES,Federal Contract Tower,0,7,31,0,38,0,1,152,0,153,0,8,183,0,191,162,0,162,353
07/24/2020,RYY,GA,ASO,ES,Federal Contract Tower,0,8,27,4,39,0,1,105,5,111,0,9,132,9,150,250,2,252,402
07/25/2020,RYY,GA,ASO,ES,Federal Contract Tower,0,7,22,0,29,0,1,97,0,98,0,8,119,0,127,210,0,210,337
07/26/2020,RYY,GA,ASO,ES,Federal Contract Tower,0,12,19,5,36,0,2,112,4,118,0,14,131,9,154,184,0,184,338
07/27/2020,RYY,GA,ASO,ES,Federal Contract Tower,0,8,32,0,40,0,8,116,1,125,0,16,148,1,165,192,0,192,357
07/28/2020,RYY,GA,ASO,ES,Federal Contract Tower,0,7,24,0,31,0,1,105,0,106,0,8,129,0,137,216,0,216,353
07/29/2020,RYY,GA,ASO,ES,Federal Contract Tower,0,9,45,0,54,0,0,49,2,51,0,9,94,2,105,152,0,152,257
07/30/2020,RYY,GA,ASO,ES,Federal Contract Tower,0,7,53,1,61,0,1,41,2,44,0,8,94,3,105,38,0,38,143
07/31/2020,RYY,GA,ASO,ES,Federal Contract Tower,0,4,33,0,37,0,4,91,0,95,0,8,124,0,132,224,0,224,356
08/01/2020,RYY,GA,ASO,ES,Federal Contract Tower,0,7,30,4,41,0,0,115,0,115,0,7,145,4,156,112,0,112,268
08/02/2020,RYY,GA,ASO,ES,Federal Contract Tower,0,1,25,8,34,0,2,118,0,120,0,3,143,8,154,196,0,196,350
08/03/2020,RYY,GA,ASO,ES,Federal Contract Tower,0,8,14,0,22,0,3,55,0,58,0,11,69,0,80,68,0,68,148
08/04/2020,RYY,GA,ASO,ES,Federal Contract Tower,0,5,25,0,30,0,2,149,1,152,0,7,174,1,182,170,2,172,354
08/05/2020,RYY,GA,ASO,ES,Federal Contract Tower,0,1,35,4,40,0,3,121,0,124,0,4,156,4,164,250,0,250,414
08/06/2020,RYY,GA,ASO,ES,Federal Contract Tower,0,13,27,0,40,0,3,118,0,121,0,16,145,0,161,156,0,156,317
08/07/2020,RYY,GA,ASO,ES,Federal Contract Tower,0,10,30,0,40,0,0,126,2,128,0,10,156,2,168,222,4,226,394
08/08/2020,RYY,GA,ASO,ES,Federal Contract Tower,0,12,26,0,38,0,1,133,0,134,0,13,159,0,172,140,0,140,312
08/09/2020,RYY,GA,ASO,ES,Federal Contract Tower,0,1,27,5,33,0,8,145,4,157,0,9,172,9,190,254,0,254,444
08/10/2020,RYY,GA,ASO,ES,Federal Contract Tower,0,6,28,0,34,0,0,119,0,119,0,6,147,0,153,162,0,162,315
08/11/2020,RYY,GA,ASO,ES,Federal Contract Tower,0,9,32,0,41,0,4,109,6,119,0,13,141,6,160,198,0,198,358
08/12/2020,RYY,GA,ASO,ES,Federal Contract Tower,0,7,42,0,49,0,7,106,0,113,0,14,148,0,162,142,0,142,304
08/13/2020,RYY,GA,ASO,ES,Federal Contract Tower,0,9,32,2,43,0,6,128,1,135,0,15,160,3,178,252,0,252,430
08/14/2020,RYY,GA,ASO,ES,Federal Contract Tower,0,2,46,0,48,0,0,43,4,47,0,2,89,4,95,96,10,106,201
08/15/2020,RYY,GA,ASO,ES,Federal Contract Tower,0,2,15,0,17,0,7,16,0,23,0,9,31,0,40,22,0,22,62
08/16/2020,RYY,GA,ASO,ES,Federal Contract Tower,0,8,27,6,41,0,7,173,6,186,0,15,200,12,227,110,0,110,337
08/17/2020,RYY,GA,ASO,ES,Federal Contract Tower,0,7,35,0,42,0,2,140,0,142,0,9,175,0,184,224,0,224,408
08/18/2020,RYY,GA,ASO,ES,Federal Contract Tower,0,7,26,0,33,0,3,135,0,138,0,10,161,0,171,314,0,314,485
08/19/2020,RYY,GA,ASO,ES,Federal Contract Tower,0,8,40,0,48,0,7,94,4,105,0,15,134,4,153,166,6,172,325
08/20/2020,RYY,GA,ASO,ES,Federal Contract Tower,0,10,37,0,47,0,0,55,0,55,0,10,92,0,102,174,0,174,276
08/21/2020,RYY,GA,ASO,ES,Federal Contract Tower,0,12,56,0,68,0,1,14,2,17,0,13,70,2,85,62,0,62,147
08/22/2020,RYY,GA,ASO,ES,Federal Contract Tower,0,8,29,2,39,0,2,74,0,76,0,10,103,2,115,112,0,112,227
08/23/2020,RYY,GA,ASO,ES,Federal Contract Tower,0,5,45,0,50,0,0,56,0,56,0,5,101,0,106,106,0,106,212
08/24/2020,RYY,GA,ASO,ES,Federal Contract Tower,0,4,30,2,36,0,7,15,0,22,0,11,45,2,58,30,0,30,88
08/25/2020,RYY,GA,ASO,ES,Federal Contract Tower,0,6,40,0,46,0,0,0,0,0,0,6,40,0,46,8,0,8,54
08/26/2020,RYY,GA,ASO,ES,Federal Contract Tower,0,10,43,4,57,0,2,46,0,48,0,12,89,4,105,186,0,186,291
08/27/2020,RYY,GA,ASO,ES,Federal Contract Tower,0,12,59,1,72,0,0,172,2,174,0,12,231,3,246,292,0,292,538
08/28/2020,RYY,GA,ASO,ES,Federal Contract Tower,0,7,36,2,45,0,2,25,0,27,0,9,61,2,72,42,0,42,114
08/29/2020,RYY,GA,ASO,ES,Federal Contract Tower,6,29,0,0,35,0,0,51,0,51,6,29,51,0,86,72,0,72,158
08/30/2020,RYY,GA,ASO,ES,Federal Contract Tower,0,6,27,9,42,0,0,101,14,115,0,6,128,23,157,160,0,160,317
08/31/2020,RYY,GA,ASO,ES,Federal Contract Tower,0,6,31,0,37,0,4,32,0,36,0,10,63,0,73,126,0,126,199
09/01/2020,RYY,GA,ASO,ES,Federal Contract Tower,0,9,24,0,33,0,7,110,2,119,0,16,134,2,152,348,4,352,504
09/02/2020,RYY,GA,ASO,ES,Federal Contract Tower,0,12,53,4,69,0,15,189,6,210,0,27,242,10,279,234,0,234,513
09/03/2020,RYY,GA,ASO,ES,Federal Contract Tower,0,20,46,5,71,0,8,232,4,244,0,28,278,9,315,274,0,274,589
09/04/2020,RYY,GA,ASO,ES,Federal Contract Tower,0,3,34,0,37,0,4,201,0,205,0,7,235,0,242,258,0,258,500
09/05/2020,RYY,GA,ASO,ES,Federal Contract Tower,0,10,26,0,36,0,5,123,0,128,0,15,149,0,164,88,0,88,252
09/06/2020,RYY,GA,ASO,ES,Federal Contract Tower,0,1,13,0,14,0,0,0,0,0,0,1,13,0,14,118,0,118,132
09/07/2020,RYY,GA,ASO,ES,Federal Contract Tower,0,3,28,0,31,0,3,145,0,148,0,6,173,0,179,152,0,152,331
09/08/2020,RYY,GA,ASO,ES,Federal Contract Tower,0,13,35,0,48,0,5,140,5,150,0,18,175,5,198,298,0,298,496
09/09/2020,RYY,GA,ASO,ES,Federal Contract Tower,0,6,28,6,40,0,7,117,3,127,0,13,145,9,167,200,0,200,367
09/10/2020,RYY,GA,ASO,ES,Federal Contract Tower,1,17,32,4,54,0,2,76,3,81,1,19,108,7,135,260,0,260,395
09/11/2020,RYY,GA,ASO,ES,Federal Contract Tower,0,18,52,0,70,0,4,124,1,129,0,22,176,1,199,232,0,232,431
09/12/2020,RYY,GA,ASO,ES,Federal Contract Tower,0,4,18,1,23,0,1,22,1,24,0,5,40,2,47,66,0,66,113
09/13/2020,RYY,GA,ASO,ES,Federal Contract Tower,0,13,44,2,59,0,5,63,2,70,0,18,107,4,129,154,0,154,283
09/14/2020,RYY,GA,ASO,ES,Federal Contract Tower,0,20,35,0,55,0,7,94,4,105,0,27,129,4,160,190,0,190,350
09/15/2020,RYY,GA,ASO,ES,Federal Contract Tower,0,20,52,0,72,0,3,30,1,34,0,23,82,1,106,28,6,34,140
09/16/2020,RYY,GA,ASO,ES,Federal Contract Tower,0,11,41,0,52,0,2,13,1,16,0,13,54,1,68,10,0,10,78
09/17/2020,RYY,GA,ASO,ES,Federal Contract Tower,0,15,23,0,38,0,0,2,0,2,0,15,25,0,40,14,0,14,54
09/18/2020,RYY,GA,ASO,ES,Federal Contract Tower,0,13,52,3,68,0,0,136,0,136,0,13,188,3,204,166,0,166,370
09/19/2020,RYY,GA,ASO,ES,Federal Contract Tower,0,6,22,0,28,0,5,110,0,115,0,11,132,0,143,112,0,112,255
09/20/2020,RYY,GA,ASO,ES,Federal Contract Tower,0,12,37,0,49,0,4,138,12,154,0,16,175,12,203,96,0,96,299
09/21/2020,RYY,GA,ASO,ES,Federal Contract Tower,0,1,32,4,37,0,6,80,0,86,0,7,112,4,123,110,0,110,233
09/22/2020,RYY,GA,ASO,ES,Federal Contract Tower,0,10,35,0,45,0,6,174,0,180,0,16,209,0,225,232,0,232,457
09/23/2020,RYY,GA,ASO,ES,Federal Contract Tower,0,6,50,2,58,0,5,192,2,199,0,11,242,4,257,338,6,344,601
09/24/2020,RYY,GA,ASO,ES,Federal Contract Tower,0,11,48,1,60,0,0,24,0,24,0,11,72,1,84,36,0,36,120
09/25/2020,RYY,GA,ASO,ES,Federal Contract Tower,0,14,37,3,54,0,5,7,6,18,0,19,44,9,72,0,6,6,78
09/26/2020,RYY,GA,ASO,ES,Federal Contract Tower,0,14,44,14,72,0,0,77,1,78,0,14,121,15,150,166,0,166,316
09/27/2020,RYY,GA,ASO,ES,Federal Contract Tower,0,11,29,9,49,0,4,81,4,89,0,15,110,13,138,202,0,202,340
09/28/2020,RYY,GA,ASO,ES,Federal Contract Tower,0,8,44,0,52,0,2,68,0,70,0,10,112,0,122,204,0,204,326
09/29/2020,RYY,GA,ASO,ES,Federal Contract Tower,0,17,47,1,65,0,3,8,2,13,0,20,55,3,78,40,0,40,118
09/30/2020,RYY,GA,ASO,ES,Federal Contract Tower,0,16,41,5,62,0,93,205,7,305,0,109,246,12,367,300,0,300,667
10/01/2020,RYY,GA,ASO,ES,Federal Contract Tower,0,16,36,2,54,0,69,162,3,234,0,85,198,5,288,178,6,184,472
10/02/2020,RYY,GA,ASO,ES,Federal Contract Tower,0,16,29,12,57,0,48,189,4,241,0,64,218,16,298,204,0,204,502
10/03/2020,RYY,GA,ASO,ES,Federal Contract Tower,0,19,20,0,39,0,34,153,0,187,0,53,173,0,226,170,0,170,396
10/04/2020,RYY,GA,ASO,ES,Federal Contract Tower,0,16,25,12,53,0,52,135,5,192,0,68,160,17,245,198,0,198,443
10/05/2020,RYY,GA,ASO,ES,Federal Contract Tower,0,18,39,0,57,0,44,95,1,140,0,62,134,1,197,228,0,228,425
10/06/2020,RYY,GA,ASO,ES,Federal Contract Tower,0,15,39,0,54,0,70,121,0,191,0,85,160,0,245,304,0,304,549
10/07/2020,RYY,GA,ASO,ES,Federal Contract Tower,0,13,46,3,62,0,47,110,0,157,0,60,156,3,219,192,0,192,411
10/08/2020,RYY,GA,ASO,ES,Federal Contract Tower,0,16,37,0,53,0,59,133,7,199,0,75,170,7,252,268,0,268,520
10/09/2020,RYY,GA,ASO,ES,Federal Contract Tower,0,16,46,0,62,0,20,78,0,98,0,36,124,0,160,120,0,120,280
10/10/2020,RYY,GA,ASO,ES,Federal Contract Tower,0,15,9,2,26,0,0,0,0,0,0,15,9,2,26,0,0,0,26
10/11/2020,RYY,GA,ASO,ES,Federal Contract Tower,0,11,20,2,33,0,2,1,0,3,0,13,21,2,36,0,0,0,36
10/12/2020,RYY,GA,ASO,ES,Federal Contract Tower,0,19,40,0,59,0,18,29,0,47,0,37,69,0,106,40,0,40,146
10/13/2020,RYY,GA,ASO,ES,Federal Contract Tower,0,21,55,1,77,0,51,75,0,126,0,72,130,1,203,126,0,126,329
10/14/2020,RYY,GA,ASO,ES,Federal Contract Tower,0,16,39,5,60,0,57,140,2,199,0,73,179,7,259,122,0,122,381
10/15/2020,RYY,GA,ASO,ES,Federal Contract Tower,0,14,72,1,87,0,21,50,3,74,0,35,122,4,161,74,0,74,235
10/16/2020,RYY,GA,ASO,ES,Federal Contract Tower,0,22,43,8,73,0,10,87,10,107,0,32,130,18,180,44,10,54,234
10/17/2020,RYY,GA,ASO,ES,Federal Contract Tower,0,17,26,3,46,28,131,5,0,164,28,148,31,3,210,138,0,138,348
10/18/2020,RYY,GA,ASO,ES,Federal Contract Tower,0,9,39,5,53,0,28,109,0,137,0,37,148,5,190,126,0,126,316
10/19/2020,RYY,GA,ASO,ES,Federal Contract Tower,0,9,41,0,50,0,27,91,0,118,0,36,132,0,168,148,0,148,316
10/20/2020,RYY,GA,ASO,ES,Federal Contract Tower,0,21,33,1,55,0,63,105,2,170,0,84,138,3,225,202,0,202,427
10/21/2020,RYY,GA,ASO,ES,Federal Contract Tower,0,18,38,6,62,0,42,85,5,132,0,60,123,11,194,212,8,220,414
10/22/2020,RYY,GA,ASO,ES,Federal Contract Tower,0,35,52,7,94,0,41,79,5,125,0,76,131,12,219,134,12,146,365
10/23/2020,RYY,GA,ASO,ES,Federal Contract Tower,0,21,38,9,68,0,16,82,1,99,0,37,120,10,167,94,2,96,263
10/24/2020,RYY,GA,ASO,ES,Federal Contract Tower,0,0,31,0,31,0,0,4,0,4,0,0,35,0,35,34,0,34,69
10/25/2020,RYY,GA,ASO,ES,Federal Contract Tower,0,11,32,0,43,0,5,31,2,38,0,16,63,2,81,92,6,98,179
10/26/2020,RYY,GA,ASO,ES,Federal Contract Tower,0,7,41,0,48,0,1,6,0,7,0,8,47,0,55,0,0,0,55
10/27/2020,RYY,GA,ASO,ES,Federal Contract Tower,0,12,44,0,56,0,3,12,0,15,0,15,56,0,71,42,0,42,113
10/28/2020,RYY,GA,ASO,ES,Federal Contract Tower,0,17,28,0,45,0,0,0,0,0,0,17,28,0,45,0,0,0,45
10/29/2020,RYY,GA,ASO,ES,Federal Contract Tower,0,17,18,0,35,0,10,22,0,32,0,27,40,0,67,36,0,36,103
10/30/2020,RYY,GA,ASO,ES,Federal Contract Tower,0,21,28,0,49,0,8,55,4,67,0,29,83,4,116,68,0,68,184
10/31/2020,RYY,GA,ASO,ES,Federal Contract Tower,0,8,23,1,32,0,28,106,0,134,0,36,129,1,166,96,0,96,262
11/01/2020,RYY,GA,ASO,ES,Federal Contract Tower,0,15,33,0,48,0,3,28,0,31,0,18,61,0,79,50,0,50,129
11/02/2020,RYY,GA,ASO,ES,Federal Contract Tower,0,4,27,0,31,0,39,121,0,160,0,43,148,0,191,230,0,230,421
11/03/2020,RYY,GA,ASO,ES,Federal Contract Tower,0,11,18,0,29,0,49,127,12,188,0,60,145,12,217,210,0,210,427
11/04/2020,RYY,GA,ASO,ES,Federal Contract Tower,0,11,28,5,44,0,45,83,9,137,0,56,111,14,181,204,10,214,395
11/05/2020,RYY,GA,ASO,ES,Federal Contract Tower,0,17,40,14,71,0,66,150,9,225,0,83,190,23,296,222,10,232,528
11/06/2020,RYY,GA,ASO,ES,Federal Contract Tower,0,4,39,0,43,0,41,125,0,166,0,45,164,0,209,226,0,226,435
11/07/2020,RYY,GA,ASO,ES,Federal Contract Tower,0,6,38,6,50,0,13,47,1,61,0,19,85,7,111,78,2,80,191
11/08/2020,RYY,GA,ASO,ES,Federal Contract Tower,0,11,41,24,76,0,3,26,2,31,0,14,67,26,107,20,0,20,127
11/09/2020,RYY,GA,ASO,ES,Federal Contract Tower,0,12,23,0,35,0,10,41,2,53,0,22,64,2,88,52,0,52,140
11/10/2020,RYY,GA,ASO,ES,Federal Contract Tower,0,14,26,0,40,0,0,0,0,0,0,14,26,0,40,0,0,0,40
11/11/2020,RYY,GA,ASO,ES,Federal Contract Tower,0,19,32,0,51,0,0,1,0,1,0,19,33,0,52,8,0,8,60
11/12/2020,RYY,GA,ASO,ES,Federal Contract Tower,0,15,39,10,64,0,28,43,0,71,0,43,82,10,135,150,0,150,285
11/13/2020,RYY,GA,ASO,ES,Federal Contract Tower,0,11,50,7,68,0,45,133,3,181,0,56,183,10,249,160,10,170,419
11/14/2020,RYY,GA,ASO,ES,Federal Contract Tower,0,4,15,4,23,0,45,122,0,167,0,49,137,4,190,150,0,150,340
11/15/2020,RYY,GA,ASO,ES,Federal Contract Tower,0,14,28,0,42,0,13,29,0,42,0,27,57,0,84,28,0,28,112
11/16/2020,RYY,GA,ASO,ES,Federal Contract Tower,0,10,26,0,36,0,40,82,0,122,0,50,108,0,158,126,0,126,284
11/17/2020,RYY,GA,ASO,ES,Federal Contract Tower,0,7,24,0,31,0,32,73,0,105,0,39,97,0,136,68,0,68,204
11/18/2020,RYY,GA,ASO,ES,Federal Contract Tower,0,9,23,1,33,0,60,119,4,183,0,69,142,5,216,164,0,164,380
11/19/2020,RYY,GA,ASO,ES,Federal Contract Tower,0,15,40,2,57,0,58,125,0,183,0,73,165,2,240,180,0,180,420
11/20/2020,RYY,GA,ASO,ES,Federal Contract Tower,0,15,41,4,60,0,46,115,5,166,0,61,156,9,226,208,6,214,440
11/21/2020,RYY,GA,ASO,ES,Federal Contract Tower,0,15,29,6,50,0,26,128,3,157,0,41,157,9,207,118,2,120,327
11/22/2020,RYY,GA,ASO,ES,Federal Contract Tower,0,15,41,12,68,0,33,84,0,117,0,48,125,12,185,142,0,142,327
11/23/2020,RYY,GA,ASO,ES,Federal Contract Tower,0,21,35,0,56,0,57,67,1,125,0,78,102,1,181,122,0,122,303
11/24/2020,RYY,GA,ASO,ES,Federal Contract Tower,0,17,33,0,50,0,57,120,0,177,0,74,153,0,227,178,0,178,405
11/25/2020,RYY,GA,ASO,ES,Federal Contract Tower,0,10,35,0,45,0,6,31,0,37,0,16,66,0,82,60,0,60,142
11/26/2020,RYY,GA,ASO,ES,Federal Contract Tower,0,4,20,0,24,0,9,11,0,20,0,13,31,0,44,12,0,12,56
11/27/2020,RYY,GA,ASO,ES,Federal Contract Tower,0,5,33,0,38,0,29,102,0,131,0,34,135,0,169,190,0,190,359
11/28/2020,RYY,GA,ASO,ES,Federal Contract Tower,0,9,28,0,37,0,17,85,0,102,0,26,113,0,139,110,0,110,249
11/29/2020,RYY,GA,ASO,ES,Federal Contract Tower,0,14,30,0,44,0,0,0,0,0,0,14,30,0,44,0,0,0,44
11/30/2020,RYY,GA,ASO,ES,Federal Contract Tower,0,6,18,1,25,0,0,1,0,1,0,6,19,1,26,0,0,0,26
12/01/2020,RYY,GA,ASO,ES,Federal Contract Tower,0,18,26,0,44,0,30,67,1,98,0,48,93,1,142,160,0,160,302
12/02/2020,RYY,GA,ASO,ES,Federal Contract Tower,0,8,39,5,52,0,43,85,3,131,0,51,124,8,183,174,0,174,357
12/03/2020,RYY,GA,ASO,ES,Federal Contract Tower,0,12,45,2,59,0,40,79,3,122,0,52,124,5,181,160,2,162,343
12/04/2020,RYY,GA,ASO,ES,Federal Contract Tower,15,35,2,0,52,0,0,0,0,0,15,35,2,0,52,0,0,0,52
12/05/2020,RYY,GA,ASO,ES,Federal Contract Tower,0,8,12,1,21,0,30,82,1,113,0,38,94,2,134,102,0,102,236
12/06/2020,RYY,GA,ASO,ES,Federal Contract Tower,0,13,32,15,60,0,0,0,0,0,0,13,32,15,60,184,0,184,244
12/07/2020,RYY,GA,ASO,ES,Federal Contract Tower,0,6,31,0,37,0,2,21,0,23,0,8,52,0,60,40,0,40,100
12/08/2020,RYY,GA,ASO,ES,Federal Contract Tower,0,5,29,0,34,0,31,101,0,132,0,36,130,0,166,130,0,130,296
12/09/2020,RYY,GA,ASO,ES,Federal Contract Tower,0,11,56,5,72,0,34,103,4,141,0,45,159,9,213,204,0,204,417
12/10/2020,RYY,GA,ASO,ES,Federal Contract Tower,0,11,29,4,44,0,25,140,3,168,0,36,169,7,212,224,2,226,438
12/11/2020,RYY,GA,ASO,ES,Federal Contract Tower,0,10,38,2,50,0,65,109,1,175,0,75,147,3,225,230,0,230,455
12/12/2020,RYY,GA,ASO,ES,Federal Contract Tower,0,4,23,5,32,0,7,35,0,42,0,11,58,5,74,38,0,38,112
12/13/2020,RYY,GA,ASO,ES,Federal Contract Tower,0,10,32,9,51,0,23,77,6,106,0,33,109,15,157,90,8,98,255
12/14/2020,RYY,GA,ASO,ES,Federal Contract Tower,0,6,23,1,30,0,16,19,1,36,0,22,42,2,66,6,4,10,76
12/15/2020,RYY,GA,ASO,ES,Federal Contract Tower,0,16,41,2,59,0,32,90,0,122,0,48,131,2,181,146,0,146,327
12/16/2020,RYY,GA,ASO,ES,Federal Contract Tower,0,8,30,0,38,0,0,0,0,0,0,8,30,0,38,0,0,0,38
12/17/2020,RYY,GA,ASO,ES,Federal Contract Tower,0,8,34,12,54,0,4,23,1,28,0,12,57,13,82,128,20,148,230
12/18/2020,RYY,GA,ASO,ES,Federal Contract Tower,0,16,48,4,68,0,56,125,0,181,0,72,173,4,249,154,0,154,403
12/19/2020,RYY,GA,ASO,ES,Federal Contract Tower,0,12,22,5,39,0,21,106,0,127,0,33,128,5,166,106,0,106,272
12/20/2020,RYY,GA,ASO,ES,Federal Contract Tower,0,12,21,0,33,0,0,24,0,24,0,12,45,0,57,72,0,72,129
12/21/2020,RYY,GA,ASO,ES,Federal Contract Tower,0,15,34,0,49,0,27,80,0,107,0,42,114,0,156,172,0,172,328
12/22/2020,RYY,GA,ASO,ES,Federal Contract Tower,0,10,31,0,41,0,34,121,0,155,0,44,152,0,196,191,0,191,387
12/23/2020,RYY,GA,ASO,ES,Federal Contract Tower,0,19,29,0,48,0,29,96,0,125,0,48,125,0,173,96,0,96,269
12/24/2020,RYY,GA,ASO,ES,Federal Contract Tower,0,5,6,0,11,0,0,0,0,0,0,5,6,0,11,0,0,0,11
12/25/2020,RYY,GA,ASO,ES,Federal Contract Tower,0,9,5,0,14,0,4,3,0,7,0,13,8,0,21,0,0,0,21
12/26/2020,RYY,GA,ASO,ES,Federal Contract Tower,0,16,26,0,42,0,17,56,3,76,0,33,82,3,118,14,0,14,132
12/27/2020,RYY,GA,ASO,ES,Federal Contract Tower,0,9,25,0,34,0,15,113,0,128,0,24,138,0,162,88,0,88,250
12/28/2020,RYY,GA,ASO,ES,Federal Contract Tower,0,10,30,0,40,0,22,29,3,54,0,32,59,3,94,58,0,58,152
12/29/2020,RYY,GA,ASO,ES,Federal Contract Tower,0,16,21,0,37,0,28,80,0,108,0,44,101,0,145,118,0,118,263
12/30/2020,RYY,GA,ASO,ES,Federal Contract Tower,0,23,40,0,63,0,7,4,0,11,0,30,44,0,74,12,0,12,86
12/31/2020,RYY,GA,ASO,ES,Federal Contract Tower,0,3,12,0,15,0,0,0,0,0,0,3,12,0,15,0,0,0,15
01/01/2021,RYY,GA,ASO,ES,Federal Contract Tower,0,4,6,0,10,0,0,0,0,0,0,4,6,0,10,0,0,0,10
01/02/2021,RYY,GA,ASO,ES,Federal Contract Tower,0,14,24,0,38,0,30,116,0,146,0,44,140,0,184,112,0,112,296
01/03/2021,RYY,GA,ASO,ES,Federal Contract Tower,0,21,37,0,58,0,13,57,0,70,0,34,94,0,128,78,0,78,206
01/04/2021,RYY,GA,ASO,ES,Federal Contract Tower,0,10,14,0,24,0,38,87,0,125,0,48,101,0,149,169,0,169,318
01/05/2021,RYY,GA,ASO,ES,Federal Contract Tower,0,4,20,2,26,0,36,68,0,104,0,40,88,2,130,94,0,94,224
01/06/2021,RYY,GA,ASO,ES,Federal Contract Tower,0,12,21,5,38,0,49,102,7,158,0,61,123,12,196,186,8,194,390
01/07/2021,RYY,GA,ASO,ES,Federal Contract Tower,0,6,38,3,47,0,14,42,0,56,0,20,80,3,103,94,0,94,197
01/08/2021,RYY,GA,ASO,ES,Federal Contract Tower,0,8,18,2,28,0,0,1,0,1,0,8,19,2,29,12,0,12,41
01/09/2021,RYY,GA,ASO,ES,Federal Contract Tower,0,8,20,4,32,0,3,23,1,27,0,11,43,5,59,80,0,80,139
01/10/2021,RYY,GA,ASO,ES,Federal Contract Tower,0,17,32,9,58,0,53,125,8,186,0,70,157,17,244,102,0,102,346
01/11/2021,RYY,GA,ASO,ES,Federal Contract Tower,0,11,13,0,24,0,1,2,0,3,0,12,15,0,27,0,0,0,27
01/12/2021,RYY,GA,ASO,ES,Federal Contract Tower,0,12,35,2,49,0,2,0,0,2,0,14,35,2,51,0,0,0,51
01/13/2021,RYY,GA,ASO,ES,Federal Contract Tower,0,16,22,2,40,0,58,98,2,158,0,74,120,4,198,188,2,190,388
01/14/2021,RYY,GA,ASO,ES,Federal Contract Tower,0,24,31,0,55,0,47,76,4,127,0,71,107,4,182,122,0,122,304
01/15/2021,RYY,GA,ASO,ES,Federal Contract Tower,0,26,43,1,70,0,28,78,4,110,0,54,121,5,180,62,4,66,246
01/16/2021,RYY,GA,ASO,ES,Federal Contract Tower,0,11,10,0,21,0,5,36,2,43,0,16,46,2,64,44,0,44,108
01/17/2021,RYY,GA,ASO,ES,Federal Contract Tower,0,11,19,0,30,0,44,87,0,131,0,55,106,0,161,144,0,144,305
01/18/2021,RYY,GA,ASO,ES,Federal Contract Tower,0,14,33,0,47,0,38,96,0,134,0,52,129,0,181,112,0,112,293
01/19/2021,RYY,GA,ASO,ES,Federal Contract Tower,0,10,25,0,35,0,46,89,0,135,0,56,114,0,170,168,0,168,338
01/20/2021,RYY,GA,ASO,ES,Federal Contract Tower,0,11,30,3,44,0,18,78,3,99,0,29,108,6,143,112,0,112,255
01/21/2021,RYY,GA,ASO,ES,Federal Contract Tower,0,19,32,4,55,0,0,0,0,0,0,19,32,4,55,0,0,0,55
01/22/2021,RYY,GA,ASO,ES,Federal Contract Tower,0,6,28,2,36,0,27,69,0,96,0,33,97,2,132,130,0,130,262
01/23/2021,RYY,GA,ASO,ES,Federal Contract Tower,0,7,23,0,30,0,56,162,6,224,0,63,185,6,254,244,0,244,498
01/24/2021,RYY,GA,ASO,ES,Federal Contract Tower,0,6,23,10,39,0,19,77,8,104,0,25,100,18,143,104,0,104,247
01/25/2021,RYY,GA,ASO,ES,Federal Contract Tower,0,5,25,0,30,0,0,1,0,1,0,5,26,0,31,0,0,0,31
01/26/2021,RYY,GA,ASO,ES,Federal Contract Tower,0,7,35,0,42,0,45,61,2,108,0,52,96,2,150,162,0,162,312
01/27/2021,RYY,GA,ASO,ES,Federal Contract Tower,0,4,36,3,43,0,5,8,0,13,0,9,44,3,56,38,0,38,94
01/28/2021,RYY,GA,ASO,ES,Federal Contract Tower,0,7,49,7,63,0,5,52,3,60,0,12,101,10,123,24,4,28,151
01/29/2021,RYY,GA,ASO,ES,Federal Contract Tower,0,6,25,2,33,0,79,123,0,202,0,85,148,2,235,206,0,206,441
01/30/2021,RYY,GA,ASO,ES,Federal Contract Tower,0,10,8,1,19,0,19,68,3,90,0,29,76,4,109,78,0,78,187
01/31/2021,RYY,GA,ASO,ES,Federal Contract Tower,0,9,13,0,22,0,0,0,0,0,0,9,13,0,22,0,0,0,22
02/01/2021,RYY,GA,ASO,ES,Federal Contract Tower,0,4,14,1,19,0,4,2,0,6,0,8,16,1,25,8,0,8,33
02/02/2021,RYY,GA,ASO,ES,Federal Contract Tower,0,3,11,1,15,0,5,10,1,16,0,8,21,2,31,0,0,0,31
02/03/2021,RYY,GA,ASO,ES,Federal Contract Tower,0,10,28,3,41,0,74,145,1,220,0,84,173,4,261,96,4,100,361
02/04/2021,RYY,GA,ASO,ES,Federal Contract Tower,0,4,29,1,34,0,43,65,4,112,0,47,94,5,146,96,0,96,242
02/05/2021,RYY,GA,ASO,ES,Federal Contract Tower,0,9,31,2,42,0,34,77,0,111,0,43,108,2,153,50,0,50,203
02/06/2021,RYY,GA,ASO,ES,Federal Contract Tower,0,5,12,0,17,0,15,57,0,72,0,20,69,0,89,64,0,64,153
02/07/2021,RYY,GA,ASO,ES,Federal Contract Tower,0,11,20,4,35,0,1,62,4,67,0,12,82,8,102,46,0,46,148
02/08/2021,RYY,GA,ASO,ES,Federal Contract Tower,0,19,53,0,72,0,25,98,0,123,0,44,151,0,195,150,2,152,347
02/09/2021,RYY,GA,ASO,ES,Federal Contract Tower,0,13,46,0,59,0,28,31,1,60,0,41,77,1,119,60,10,70,189
02/10/2021,RYY,GA,ASO,ES,Federal Contract Tower,0,18,30,0,48,0,57,75,0,132,0,75,105,0,180,124,0,124,304
02/11/2021,RYY,GA,ASO,ES,Federal Contract Tower,0,15,28,0,43,0,0,0,0,0,0,15,28,0,43,0,0,0,43
02/12/2021,RYY,GA,ASO,ES,Federal Contract Tower,0,22,27,0,49,0,0,0,0,0,0,22,27,0,49,0,0,0,49
02/13/2021,RYY,GA,ASO,ES,Federal Contract Tower,0,20,18,0,38,0,0,0,0,0,0,20,18,0,38,0,0,0,38
02/14/2021,RYY,GA,ASO,ES,Federal Contract Tower,0,14,21,0,35,0,0,1,0,1,0,14,22,0,36,0,0,0,36
02/15/2021,RYY,GA,ASO,ES,Federal Contract Tower,0,12,19,0,31,0,0,0,0,0,0,12,19,0,31,0,0,0,31
02/16/2021,RYY,GA,ASO,ES,Federal Contract Tower,0,15,21,0,36,0,1,21,0,22,0,16,42,0,58,0,0,0,58
02/17/2021,RYY,GA,ASO,ES,Federal Contract Tower,0,19,31,10,60,0,61,91,6,158,0,80,122,16,218,116,2,118,336
02/18/2021,RYY,GA,ASO,ES,Federal Contract Tower,0,4,14,4,22,0,0,0,0,0,0,4,14,4,22,0,0,0,22
02/19/2021,RYY,GA,ASO,ES,Federal Contract Tower,0,19,38,3,60,0,15,32,1,48,0,34,70,4,108,48,0,48,156
02/20/2021,RYY,GA,ASO,ES,Federal Contract Tower,0,5,19,1,25,0,65,172,10,247,0,70,191,11,272,148,0,148,420
02/21/2021,RYY,GA,ASO,ES,Federal Contract Tower,0,19,30,19,68,0,38,115,17,170,0,57,145,36,238,92,12,104,342
02/22/2021,RYY,GA,ASO,ES,Federal Contract Tower,0,9,14,2,25,0,10,16,2,28,0,19,30,4,53,22,0,22,75
02/23/2021,RYY,GA,ASO,ES,Federal Contract Tower,0,14,36,0,50,0,43,124,4,171,0,57,160,4,221,124,0,124,345
02/24/2021,RYY,GA,ASO,ES,Federal Contract Tower,0,18,47,1,66,0,59,143,2,204,0,77,190,3,270,198,0,198,468
02/25/2021,RYY,GA,ASO,ES,Federal Contract Tower,0,18,39,5,62,0,49,136,4,189,0,67,175,9,251,164,2,166,417
02/26/2021,RYY,GA,ASO,ES,Federal Contract Tower,0,12,44,0,56,0,0,0,0,0,0,12,44,0,56,0,0,0,56
02/27/2021,RYY,GA,ASO,ES,Federal Contract Tower,0,13,23,2,38,0,3,16,0,19,0,16,39,2,57,34,0,34,91
02/28/2021,RYY,GA,ASO,ES,Federal Contract Tower,0,6,30,11,47,0,7,43,0,50,0,13,73,11,97,38,0,38,135
03/01/2021,RYY,GA,ASO,ES,Federal Contract Tower,0,12,38,0,50,0,4,5,0,9,0,16,43,0,59,46,0,46,105
03/02/2021,RYY,GA,ASO,ES,Federal Contract Tower,0,12,30,2,44,0,14,37,0,51,0,26,67,2,95,88,0,88,183
03/03/2021,RYY,GA,ASO,ES,Federal Contract Tower,0,12,41,7,60,0,50,101,1,152,0,62,142,8,212,210,0,210,422
03/04/2021,RYY,GA,ASO,ES,Federal Contract Tower,0,12,49,3,64,0,48,91,3,142,0,60,140,6,206,98,2,100,306
03/05/2021,RYY,GA,ASO,ES,Federal Contract Tower,0,16,35,10,61,0,46,98,3,147,0,62,133,13,208,84,0,84,292
03/06/2021,RYY,GA,ASO,ES,Federal Contract Tower,4,28,11,0,43,0,12,80,4,96,4,40,91,4,139,188,0,188,327
03/07/2021,RYY,GA,ASO,ES,Federal Contract Tower,0,13,19,12,44,0,28,108,16,152,0,41,127,28,196,90,4,94,290
03/08/2021,RYY,GA,ASO,ES,Federal Contract Tower,0,10,26,0,36,0,49,108,0,157,0,59,134,0,193,156,0,156,349
03/09/2021,RYY,GA,ASO,ES,Federal Contract Tower,0,10,38,0,48,0,60,121,0,181,0,70,159,0,229,168,0,168,397
03/10/2021,RYY,GA,ASO,ES,Federal Contract Tower,0,6,37,7,50,0,71,112,1,184,0,77,149,8,234,58,0,58,292
03/11/2021,RYY,GA,ASO,ES,Federal Contract Tower,0,12,49,13,74,0,51,116,7,174,0,63,165,20,248,148,10,158,406
03/12/2021,RYY,GA,ASO,ES,Federal Contract Tower,0,14,35,10,59,0,60,126,3,189,0,74,161,13,248,172,0,172,420
03/13/2021,RYY,GA,ASO,ES,Federal Contract Tower,0,10,31,4,45,0,24,93,0,117,0,34,124,4,162,146,0,146,308
03/14/2021,RYY,GA,ASO,ES,Federal Contract Tower,0,19,45,35,99,0,50,108,23,181,0,69,153,58,280,158,6,164,444
03/15/2021,RYY,GA,ASO,ES,Federal Contract Tower,0,15,23,0,38,0,11,28,2,41,0,26,51,2,79,22,4,26,105
03/16/2021,RYY,GA,ASO,ES,Federal Contract Tower,0,14,18,0,32,0,0,0,0,0,0,14,18,0,32,0,0,0,32
03/17/2021,RYY,GA,ASO,ES,Federal Contract Tower,0,8,9,0,17,0,0,0,0,0,0,8,9,0,17,0,0,0,17
03/18/2021,RYY,GA,ASO,ES,Federal Contract Tower,0,21,33,4,58,0,2,2,4,8,0,23,35,8,66,0,0,0,66
03/19/2021,RYY,GA,ASO,ES,Federal Contract Tower,0,16,34,0,50,0,3,11,0,14,0,19,45,0,64,4,0,4,68
03/20/2021,RYY,GA,ASO,ES,Federal Contract Tower,0,13,27,5,45,0,40,72,2,114,0,53,99,7,159,114,4,118,277
03/21/2021,RYY,GA,ASO,ES,Federal Contract Tower,0,9,33,5,47,0,25,83,4,112,0,34,116,9,159,340,4,344,503
03/22/2021,RYY,GA,ASO,ES,Federal Contract Tower,0,11,38,1,50,0,58,97,0,155,0,69,135,1,205,164,0,164,369
03/23/2021,RYY,GA,ASO,ES,Federal Contract Tower,0,9,35,0,44,0,34,84,2,120,0,43,119,2,164,190,0,190,354
03/24/2021,RYY,GA,ASO,ES,Federal Contract Tower,0,17,37,0,54,0,29,79,4,112,0,46,116,4,166,248,0,248,414
03/25/2021,RYY,GA,ASO,ES,Federal Contract Tower,0,15,18,0,33,0,4,12,2,18,0,19,30,2,51,12,2,14,65
03/26/2021,RYY,GA,ASO,ES,Federal Contract Tower,0,20,31,2,53,0,50,105,0,155,0,70,136,2,208,200,0,200,408
03/27/2021,RYY,GA,ASO,ES,Federal Contract Tower,0,8,21,2,31,0,2,29,0,31,0,10,50,2,62,42,4,46,108
03/28/2021,RYY,GA,ASO,ES,Federal Contract Tower,0,9,22,2,33,0,2,8,0,10,0,11,30,2,43,0,0,0,43
03/29/2021,RYY,GA,ASO,ES,Federal Contract Tower,0,7,16,1,24,0,64,103,2,169,0,71,119,3,193,284,0,284,477
03/30/2021,RYY,GA,ASO,ES,Federal Contract Tower,0,12,41,2,55,0,39,37,2,78,0,51,78,4,133,88,0,88,221
03/31/2021,RYY,GA,ASO,ES,Federal Contract Tower,0,8,15,0,23,0,0,1,0,1,0,8,16,0,24,0,0,0,24
04/01/2021,RYY,GA,ASO,ES,Federal Contract Tower,0,11,48,0,59,0,10,15,6,31,0,21,63,6,90,4,0,4,94
04/02/2021,RYY,GA,ASO,ES,Federal Contract Tower,0,5,44,0,49,0,61,169,0,230,0,66,213,0,279,188,0,188,467
04/03/2021,RYY,GA,ASO,ES,Federal Contract Tower,0,10,33,2,45,0,36,140,14,190,0,46,173,16,235,80,0,80,315
04/04/2021,RYY,GA,ASO,ES,Federal Contract Tower,0,7,23,0,30,0,14,73,0,87,0,21,96,0,117,60,0,60,177
04/05/2021,RYY,GA,ASO,ES,Federal Contract Tower,0,10,46,0,56,0,58,118,0,176,0,68,164,0,232,234,0,234,466
04/06/2021,RYY,GA,ASO,ES,Federal Contract Tower,0,16,22,0,38,0,51,84,2,137,0,67,106,2,175,130,0,130,305
04/07/2021,RYY,GA,ASO,ES,Federal Contract Tower,0,19,36,4,59,0,66,118,0,184,0,85,154,4,243,236,0,236,479
04/08/2021,RYY,GA,ASO,ES,Federal Contract Tower,0,7,33,2,42,0,14,19,0,33,0,21,52,2,75,78,0,78,153
04/09/2021,RYY,GA,ASO,ES,Federal Contract Tower,0,20,23,0,43,0,23,26,0,49,0,43,49,0,92,56,0,56,148
04/10/2021,RYY,GA,ASO,ES,Federal Contract Tower,0,12,20,0,32,0,0,11,0,11,0,12,31,0,43,34,0,34,77
04/11/2021,RYY,GA,ASO,ES,Federal Contract Tower,0,14,33,25,72,0,35,109,0,144,0,49,142,25,216,196,0,196,412
04/12/2021,RYY,GA,ASO,ES,Federal Contract Tower,0,18,24,0,42,0,54,95,0,149,0,72,119,0,191,170,0,170,361
04/13/2021,RYY,GA,ASO,ES,Federal Contract Tower,0,13,23,0,36,0,43,91,0,134,0,56,114,0,170,160,0,160,330
04/14/2021,RYY,GA,ASO,ES,Federal Contract Tower,0,9,26,2,37,0,39,60,7,106,0,48,86,9,143,166,8,174,317
04/15/2021,RYY,GA,ASO,ES,Federal Contract Tower,0,16,47,11,74,0,24,66,2,92,0,40,113,13,166,46,0,46,212
04/16/2021,RYY,GA,ASO,ES,Federal Contract Tower,0,11,48,8,67,2,49,111,4,166,2,60,159,12,233,246,0,246,479
04/17/2021,RYY,GA,ASO,ES,Federal Contract Tower,0,18,13,0,31,0,9,82,0,91,0,27,95,0,122,220,0,220,342
04/18/2021,RYY,GA,ASO,ES,Federal Contract Tower,0,17,22,32,71,0,28,116,30,174,0,45,138,62,245,110,0,110,355
04/19/2021,RYY,GA,ASO,ES,Federal Contract Tower,0,13,34,0,47,0,38,79,1,118,0,51,113,1,165,178,0,178,343
04/20/2021,RYY,GA,ASO,ES,Federal Contract Tower,0,14,15,0,29,0,28,94,0,122,0,42,109,0,151,134,0,134,285
04/21/2021,RYY,GA,ASO,ES,Federal Contract Tower,0,25,29,4,58,0,10,33,1,44,0,35,62,5,102,44,0,44,146
04/22/2021,RYY,GA,ASO,ES,Federal Contract Tower,0,17,44,3,64,0,53,119,9,181,0,70,163,12,245,164,0,164,409
04/23/2021,RYY,GA,ASO,ES,Federal Contract Tower,0,16,34,1,51,0,40,89,2,131,0,56,123,3,182,178,0,178,360
04/24/2021,RYY,GA,ASO,ES,Federal Contract Tower,0,9,15,0,24,0,0,0,0,0,0,9,15,0,24,0,0,0,24
04/25/2021,RYY,GA,ASO,ES,Federal Contract Tower,0,9,29,0,38,0,8,59,8,75,0,17,88,8,113,34,12,46,159
04/26/2021,RYY,GA,ASO,ES,Federal Contract Tower,0,6,29,0,35,0,46,94,7,147,0,52,123,7,182,128,6,134,316
04/27/2021,RYY,GA,ASO,ES,Federal Contract Tower,0,12,26,0,38,0,46,71,1,118,0,58,97,1,156,97,0,97,253
04/28/2021,RYY,GA,ASO,ES,Federal Contract Tower,0,12,41,4,57,0,59,106,2,167,0,71,147,6,224,202,0,202,426
04/29/2021,RYY,GA,ASO,ES,Federal Contract Tower,0,25,43,4,72,0,16,50,0,66,0,41,93,4,138,46,0,46,184
04/30/2021,RYY,GA,ASO,ES,Federal Contract Tower,0,10,30,7,47,0,21,56,3,80,0,31,86,10,127,36,0,36,163
05/01/2021,RYY,GA,ASO,ES,Federal Contract Tower,0,8,22,0,30,0,22,118,0,140,0,30,140,0,170,86,0,86,256
05/02/2021,RYY,GA,ASO,ES,Federal Contract Tower,0,23,47,6,76,0,17,94,2,113,0,40,141,8,189,126,0,126,315
05/03/2021,RYY,GA,ASO,ES,Federal Contract Tower,0,14,18,0,32,0,0,0,0,0,0,14,18,0,32,0,0,0,32
05/04/2021,RYY,GA,ASO,ES,Federal Contract Tower,0,11,24,0,35,0,0,0,0,0,0,11,24,0,35,0,0,0,35
05/05/2021,RYY,GA,ASO,ES,Federal Contract Tower,0,11,40,0,51,0,13,25,0,38,0,24,65,0,89,58,0,58,147
05/06/2021,RYY,GA,ASO,ES,Federal Contract Tower,0,20,51,2,73,0,39,126,7,172,0,59,177,9,245,118,0,118,363
05/07/2021,RYY,GA,ASO,ES,Federal Contract Tower,0,13,38,0,51,0,10,60,2,72,0,23,98,2,123,16,0,16,139
05/08/2021,RYY,GA,ASO,ES,Federal Contract Tower,0,12,29,4,45,0,27,101,1,129,0,39,130,5,174,132,0,132,306
05/09/2021,RYY,GA,ASO,ES,Federal Contract Tower,0,11,36,1,48,0,7,59,1,67,0,18,95,2,115,50,0,50,165
05/10/2021,RYY,GA,ASO,ES,Federal Contract Tower,0,12,42,0,54,0,3,8,0,11,0,15,50,0,65,36,0,36,101
05/11/2021,RYY,GA,ASO,ES,Federal Contract Tower,0,11,27,4,42,0,42,53,0,95,0,53,80,4,137,126,0,126,263
05/12/2021,RYY,GA,ASO,ES,Federal Contract Tower,0,13,34,0,47,0,0,1,0,1,0,13,35,0,48,0,0,0,48
05/13/2021,RYY,GA,ASO,ES,Federal Contract Tower,0,20,34,2,56,0,53,104,0,157,0,73,138,2,213,182,0,182,395
05/14/2021,RYY,GA,ASO,ES,Federal Contract Tower,0,15,32,4,51,0,41,113,10,164,0,56,145,14,215,162,2,164,379
05/15/2021,RYY,GA,ASO,ES,Federal Contract Tower,0,14,33,4,51,0,30,99,21,150,0,44,132,25,201,176,0,176,377
05/16/2021,RYY,GA,ASO,ES,Federal Contract Tower,0,15,40,14,69,0,45,111,26,182,0,60,151,40,251,200,0,200,451
05/17/2021,RYY,GA,ASO,ES,Federal Contract Tower,0,5,23,0,28,0,33,66,0,99,0,38,89,0,127,66,0,66,193
05/18/2021,RYY,GA,ASO,ES,Federal Contract Tower,0,14,34,0,48,0,30,63,1,94,0,44,97,1,142,118,0,118,260
05/19/2021,RYY,GA,ASO,ES,Federal Contract Tower,0,11,43,2,56,0,20,81,0,101,0,31,124,2,157,140,0,140,297
05/20/2021,RYY,GA,ASO,ES,Federal Contract Tower,0,13,35,26,74,0,41,80,10,131,0,54,115,36,205,82,10,92,297
05/21/2021,RYY,GA,ASO,ES,Federal Contract Tower,0,16,43,0,59,0,36,119,3,158,0,52,162,3,217,142,2,144,361
05/22/2021,RYY,GA,ASO,ES,Federal Contract Tower,0,6,32,2,40,0,40,101,12,153,0,46,133,14,193,174,0,174,367
05/23/2021,RYY,GA,ASO,ES,Federal Contract Tower,0,20,28,3,51,0,22,106,10,138,0,42,134,13,189,112,4,116,305
05/24/2021,RYY,GA,ASO,ES,Federal Contract Tower,0,18,27,0,45,0,51,78,0,129,0,69,105,0,174,144,0,144,318
05/25/2021,RYY,GA,ASO,ES,Federal Contract Tower,0,7,33,0,40,0,50,112,0,162,0,57,145,0,202,230,0,230,432
05/26/2021,RYY,GA,ASO,ES,Federal Contract Tower,0,26,37,12,75,0,40,133,4,177,0,66,170,16,252,208,0,208,460
05/27/2021,RYY,GA,ASO,ES,Federal Contract Tower,0,16,22,13,51,0,49,140,7,196,0,65,162,20,247,264,6,270,517
05/28/2021,RYY,GA,ASO,ES,Federal Contract Tower,0,19,38,4,61,0,21,63,0,84,0,40,101,4,145,92,0,92,237
05/29/2021,RYY,GA,ASO,ES,Federal Contract Tower,0,5,31,0,36,0,2,39,0,41,0,7,70,0,77,104,0,104,181
05/30/2021,RYY,GA,ASO,ES,Federal Contract Tower,0,6,17,0,23,0,9,63,0,72,0,15,80,0,95,104,0,104,199
05/31/2021,RYY,GA,ASO,ES,Federal Contract Tower,0,14,31,0,45,0,10,93,0,103,0,24,124,0,148,104,0,104,252
06/01/2021,RYY,GA,ASO,ES,Federal Contract Tower,0,15,36,0,51,0,57,100,0,157,0,72,136,0,208,206,0,206,414
06/02/2021,RYY,GA,ASO,ES,Federal Contract Tower,0,11,55,8,74,0,47,85,5,137,0,58,140,13,211,246,4,250,461
06/03/2021,RYY,GA,ASO,ES,Federal Contract Tower,0,14,49,3,66,0,36,47,1,84,0,50,96,4,150,186,0,186,336
06/04/2021,RYY,GA,ASO,ES,Federal Contract Tower,0,12,31,24,67,0,26,27,1,54,0,38,58,25,121,108,0,108,229
06/05/2021,RYY,GA,ASO,ES,Federal Contract Tower,0,15,22,2,39,0,14,107,0,121,0,29,129,2,160,190,0,190,350
06/06/2021,RYY,GA,ASO,ES,Federal Contract Tower,0,13,46,4,63,0,0,0,0,0,0,13,46,4,63,32,0,32,95
06/07/2021,RYY,GA,ASO,ES,Federal Contract Tower,0,19,28,0,47,0,2,13,0,15,0,21,41,0,62,50,0,50,112
06/08/2021,RYY,GA,ASO,ES,Federal Contract Tower,0,9,45,2,56,0,11,29,0,40,0,20,74,2,96,92,0,92,188
06/09/2021,RYY,GA,ASO,ES,Federal Contract Tower,0,18,58,0,76,0,3,19,0,22,0,21,77,0,98,18,0,18,116
06/10/2021,RYY,GA,ASO,ES,Federal Contract Tower,0,14,62,0,76,0,10,30,2,42,0,24,92,2,118,100,0,100,218
06/11/2021,RYY,GA,ASO,ES,Federal Contract Tower,0,16,55,0,71,0,5,14,0,19,0,21,69,0,90,80,0,80,170
06/12/2021,RYY,GA,ASO,ES,Federal Contract Tower,0,12,20,6,38,0,7,65,0,72,0,19,85,6,110,116,0,116,226
06/13/2021,RYY,GA,ASO,ES,Federal Contract Tower,0,13,48,7,68,0,35,114,5,154,0,48,162,12,222,178,0,178,400
06/14/2021,RYY,GA,ASO,ES,Federal Contract Tower,0,19,42,0,61,0,51,126,0,177,0,70,168,0,238,242,0,242,480
06/15/2021,RYY,GA,ASO,ES,Federal Contract Tower,0,13,38,0,51,0,26,94,2,122,0,39,132,2,173,136,0,136,309
06/16/2021,RYY,GA,ASO,ES,Federal Contract Tower,0,8,38,3,49,0,62,132,6,200,0,70,170,9,249,252,2,254,503
06/17/2021,RYY,GA,ASO,ES,Federal Contract Tower,0,18,61,5,84,0,44,155,8,207,0,62,216,13,291,264,6,270,561
06/18/2021,RYY,GA,ASO,ES,Federal Contract Tower,0,21,52,4,77,0,65,105,5,175,0,86,157,9,252,288,4,292,544
06/19/2021,RYY,GA,ASO,ES,Federal Contract Tower,0,12,29,0,41,0,7,34,0,41,0,19,63,0,82,134,0,134,216
06/20/2021,RYY,GA,ASO,ES,Federal Contract Tower,0,14,39,4,57,0,1,14,0,15,0,15,53,4,72,12,0,12,84
06/21/2021,RYY,GA,ASO,ES,Federal Contract Tower,0,2,32,0,34,0,8,9,0,17,0,10,41,0,51,58,0,58,109
06/22/2021,RYY,GA,ASO,ES,Federal Contract Tower,0,14,28,0,42,0,12,21,2,35,0,26,49,2,77,82,0,82,159
06/23/2021,RYY,GA,ASO,ES,Federal Contract Tower,0,16,36,5,57,0,53,117,5,175,0,69,153,10,232,216,0,216,448
06/24/2021,RYY,GA,ASO,ES,Federal Contract Tower,0,28,71,10,109,0,40,73,4,117,0,68,144,14,226,162,0,162,388
06/25/2021,RYY,GA,ASO,ES,Federal Contract Tower,0,28,52,12,92,0,60,124,4,188,0,88,176,16,280,212,0,212,492
06/26/2021,RYY,GA,ASO,ES,Federal Contract Tower,0,22,48,0,70,0,26,116,0,142,0,48,164,0,212,108,0,108,320
06/27/2021,RYY,GA,ASO,ES,Federal Contract Tower,0,25,59,0,84,0,15,43,0,58,0,40,102,0,142,80,0,80,222
06/28/2021,RYY,GA,ASO,ES,Federal Contract Tower,0,16,39,4,59,0,44,107,0,151,0,60,146,4,210,242,0,242,452
06/29/2021,RYY,GA,ASO,ES,Federal Contract Tower,0,13,31,0,44,0,10,18,0,28,0,23,49,0,72,46,0,46,118
06/30/2021,RYY,GA,ASO,ES,Federal Contract Tower,0,14,46,2,62,0,48,84,2,134,0,62,130,4,196,182,0,182,378
07/01/2021,RYY,GA,ASO,ES,Federal Contract Tower,0,14,53,1,68,0,19,53,0,72,0,33,106,1,140,106,0,106,246
07/02/2021,RYY,GA,ASO,ES,Federal Contract Tower,0,20,19,0,39,0,6,28,0,34,0,26,47,0,73,0,0,0,73
07/03/2021,RYY,GA,ASO,ES,Federal Contract Tower,0,14,23,0,37,0,28,103,0,131,0,42,126,0,168,152,0,152,320
07/04/2021,RYY,GA,ASO,ES,Federal Contract Tower,0,7,13,0,20,0,7,76,0,83,0,14,89,0,103,52,0,52,155
07/05/2021,RYY,GA,ASO,ES,Federal Contract Tower,0,15,32,0,47,0,57,90,0,147,0,72,122,0,194,214,0,214,408
07/06/2021,RYY,GA,ASO,ES,Federal Contract Tower,0,11,30,0,41,0,43,95,2,140,0,54,125,2,181,204,0,204,385
07/07/2021,RYY,GA,ASO,ES,Federal Contract Tower,0,11,47,0,58,0,7,34,0,41,0,18,81,0,99,68,0,68,167
07/08/2021,RYY,GA,ASO,ES,Federal Contract Tower,0,15,53,2,70,0,18,52,2,72,0,33,105,4,142,128,0,128,270
07/09/2021,RYY,GA,ASO,ES,Federal Contract Tower,0,31,47,1,79,0,1,28,0,29,0,32,75,1,108,48,0,48,156
07/10/2021,RYY,GA,ASO,ES,Federal Contract Tower,0,15,51,6,72,0,5,44,2,51,0,20,95,8,123,60,0,60,183
07/11/2021,RYY,GA,ASO,ES,Federal Contract Tower,0,12,53,0,65,0,0,8,0,8,0,12,61,0,73,32,0,32,105
07/12/2021,RYY,GA,ASO,ES,Federal Contract Tower,0,10,26,2,38,0,23,57,0,80,0,33,83,2,118,84,0,84,202
07/13/2021,RYY,GA,ASO,ES,Federal Contract Tower,0,10,63,0,73,0,20,24,3,47,0,30,87,3,120,80,2,82,202
07/14/2021,RYY,GA,ASO,ES,Federal Contract Tower,0,10,58,4,72,0,39,67,2,108,0,49,125,6,180,158,0,158,338
07/15/2021,RYY,GA,ASO,ES,Federal Contract Tower,0,12,46,0,58,0,78,120,3,201,0,90,166,3,259,214,0,214,473
07/16/2021,RYY,GA,ASO,ES,Federal Contract Tower,0,23,43,0,66,0,60,103,0,163,0,83,146,0,229,168,0,168,397
07/17/2021,RYY,GA,ASO,ES,Federal Contract Tower,0,13,18,0,31,0,26,80,0,106,0,39,98,0,137,104,0,104,241
07/18/2021,RYY,GA,ASO,ES,Federal Contract Tower,0,15,39,12,66,0,15,29,0,44,0,30,68,12,110,76,4,80,190
07/19/2021,RYY,GA,ASO,ES,Federal Contract Tower,0,14,32,0,46,0,0,7,0,7,0,14,39,0,53,20,0,20,73
07/20/2021,RYY,GA,ASO,ES,Federal Contract Tower,0,17,10,0,27,0,0,2,0,2,0,17,12,0,29,0,0,0,29
07/21/2021,RYY,GA,ASO,ES,Federal Contract Tower,0,18,46,0,64,0,27,49,1,77,0,45,95,1,141,126,0,126,267
07/22/2021,RYY,GA,ASO,ES,Federal Contract Tower,0,24,61,0,85,0,86,98,0,184,0,110,159,0,269,178,0,178,447
07/23/2021,RYY,GA,ASO,ES,Federal Contract Tower,0,16,40,2,58,0,53,91,0,144,0,69,131,2,202,208,0,208,410
07/24/2021,RYY,GA,ASO,ES,Federal Contract Tower,0,14,43,2,59,0,38,96,0,134,0,52,139,2,193,184,0,184,377
07/25/2021,RYY,GA,ASO,ES,Federal Contract Tower,0,14,38,12,64,0,24,82,1,107,0,38,120,13,171,102,0,102,273
07/26/2021,RYY,GA,ASO,ES,Federal Contract Tower,0,7,41,2,50,0,43,60,1,104,0,50,101,3,154,141,0,141,295
07/27/2021,RYY,GA,ASO,ES,Federal Contract Tower,0,21,42,0,63,0,54,72,1,127,0,75,114,1,190,164,0,164,354
07/28/2021,RYY,GA,ASO,ES,Federal Contract Tower,0,14,43,1,58,0,61,83,1,145,0,75,126,2,203,154,0,154,357
07/29/2021,RYY,GA,ASO,ES,Federal Contract Tower,0,18,48,8,74,0,58,101,5,164,0,76,149,13,238,264,0,264,502
07/30/2021,RYY,GA,ASO,ES,Federal Contract Tower,0,12,30,0,42,0,38,74,0,112,0,50,104,0,154,226,0,226,380
07/31/2021,RYY,GA,ASO,ES,Federal Contract Tower,0,25,29,4,58,0,40,90,1,131,0,65,119,5,189,152,0,152,341
08/01/2021,RYY,GA,ASO,ES,Federal Contract Tower,0,16,35,10,61,0,14,53,14,81,0,30,88,24,142,120,0,120,262
08/02/2021,RYY,GA,ASO,ES,Federal Contract Tower,0,11,26,0,37,0,0,0,0,0,0,11,26,0,37,224,0,224,261
08/03/2021,RYY,GA,ASO,ES,Federal Contract Tower,0,22,30,0,52,0,27,51,0,78,0,49,81,0,130,190,0,190,320
08/04/2021,RYY,GA,ASO,ES,Federal Contract Tower,0,16,32,2,50,0,44,70,1,115,0,60,102,3,165,238,0,238,403
08/05/2021,RYY,GA,ASO,ES,Federal Contract Tower,0,19,39,6,64,0,87,123,1,211,0,106,162,7,275,262,0,262,537
08/06/2021,RYY,GA,ASO,ES,Federal Contract Tower,0,22,39,2,63,0,40,81,2,123,0,62,120,4,186,140,0,140,326
08/07/2021,RYY,GA,ASO,ES,Federal Contract Tower,0,7,20,0,27,0,21,81,3,105,0,28,101,3,132,176,4,180,312
08/08/2021,RYY,GA,ASO,ES,Federal Contract Tower,0,16,35,40,91,0,38,60,8,106,0,54,95,48,197,194,0,194,391
08/09/2021,RYY,GA,ASO,ES,Federal Contract Tower,0,13,32,0,45,0,39,73,0,112,0,52,105,0,157,220,0,220,377
08/10/2021,RYY,GA,ASO,ES,Federal Contract Tower,0,6,34,0,40,0,0,0,0,0,0,6,34,0,40,110,0,110,150
08/11/2021,RYY,GA,ASO,ES,Federal Contract Tower,0,11,52,0,63,0,34,53,0,87,0,45,105,0,150,130,0,130,280
08/12/2021,RYY,GA,ASO,ES,Federal Contract Tower,0,12,48,0,60,0,62,79,2,143,0,74,127,2,203,204,0,204,407
08/13/2021,RYY,GA,ASO,ES,Federal Contract Tower,0,5,37,4,46,0,34,104,2,140,0,39,141,6,186,108,0,108,294
08/14/2021,RYY,GA,ASO,ES,Federal Contract Tower,0,6,27,10,43,0,44,100,2,146,0,50,127,12,189,166,0,166,355
08/15/2021,RYY,GA,ASO,ES,Federal Contract Tower,0,13,26,4,43,0,9,15,0,24,0,22,41,4,67,88,0,88,155
08/16/2021,RYY,GA,ASO,ES,Federal Contract Tower,0,15,48,0,63,0,14,25,0,39,0,29,73,0,102,142,0,142,244
08/17/2021,RYY,GA,ASO,ES,Federal Contract Tower,0,7,20,0,27,0,1,2,0,3,0,8,22,0,30,0,0,0,30
08/18/2021,RYY,GA,ASO,ES,Federal Contract Tower,0,18,20,6,44,0,62,112,7,181,0,80,132,13,225,266,0,266,491
08/19/2021,RYY,GA,ASO,ES,Federal Contract Tower,0,16,43,2,61,0,36,65,2,103,0,52,108,4,164,116,0,116,280
08/20/2021,RYY,GA,ASO,ES,Federal Contract Tower,0,10,36,7,53,1,15,41,0,57,1,25,77,7,110,92,0,92,202
08/21/2021,RYY,GA,ASO,ES,Federal Contract Tower,0,10,18,0,28,0,3,12,0,15,0,13,30,0,43,44,0,44,87
08/22/2021,RYY,GA,ASO,ES,Federal Contract Tower,0,26,35,2,63,0,2,29,2,33,0,28,64,4,96,72,0,72,168
08/23/2021,RYY,GA,ASO,ES,Federal Contract Tower,0,9,25,0,34,0,56,64,0,120,0,65,89,0,154,222,0,222,376
08/24/2021,RYY,GA,ASO,ES,Federal Contract Tower,0,8,43,0,51,0,47,96,2,145,0,55,139,2,196,140,0,140,336
08/25/2021,RYY,GA,ASO,ES,Federal Contract Tower,0,3,34,5,42,0,56,67,5,128,0,59,101,10,170,146,2,148,318
08/26/2021,RYY,GA,ASO,ES,Federal Contract Tower,0,12,46,2,60,0,45,70,2,117,0,57,116,4,177,166,0,166,343
08/27/2021,RYY,GA,ASO,ES,Federal Contract Tower,0,18,46,0,64,0,31,127,3,161,0,49,173,3,225,122,0,122,347
08/28/2021,RYY,GA,ASO,ES,Federal Contract Tower,0,13,43,1,57,0,20,68,1,89,0,33,111,2,146,116,0,116,262
08/29/2021,RYY,GA,ASO,ES,Federal Contract Tower,0,9,35,0,44,0,29,48,0,77,0,38,83,0,121,128,0,128,249
08/30/2021,RYY,GA,ASO,ES,Federal Contract Tower,0,6,28,0,34,0,39,56,0,95,0,45,84,0,129,114,0,114,243
08/31/2021,RYY,GA,ASO,ES,Federal Contract Tower,0,6,12,0,18,0,0,1,0,1,0,6,13,0,19,0,0,0,19
09/01/2021,RYY,GA,ASO,ES,Federal Contract Tower,0,19,36,1,56,0,19,29,11,59,0,38,65,12,115,64,2,66,181
09/02/2021,RYY,GA,ASO,ES,Federal Contract Tower,0,12,46,3,61,0,67,107,1,175,0,79,153,4,236,148,0,148,384
09/03/2021,RYY,GA,ASO,ES,Federal Contract Tower,0,18,46,0,64,0,48,116,0,164,0,66,162,0,228,126,0,126,354
09/04/2021,RYY,GA,ASO,ES,Federal Contract Tower,0,12,14,0,26,0,35,102,0,137,0,47,116,0,163,68,0,68,231
09/05/2021,RYY,GA,ASO,ES,Federal Contract Tower,0,3,5,0,8,0,27,64,0,91,0,30,69,0,99,104,0,104,203
09/06/2021,RYY,GA,ASO,ES,Federal Contract Tower,0,2,9,0,11,0,2,9,0,11,0,4,18,0,22,6,0,6,28
09/07/2021,RYY,GA,ASO,ES,Federal Contract Tower,0,12,55,0,67,0,4,13,2,19,0,16,68,2,86,64,0,64,150
09/08/2021,RYY,GA,ASO,ES,Federal Contract Tower,0,18,33,1,52,0,10,22,3,35,0,28,55,4,87,28,0,28,115
09/09/2021,RYY,GA,ASO,ES,Federal Contract Tower,0,11,39,6,56,0,51,81,10,142,0,62,120,16,198,116,2,118,316
09/10/2021,RYY,GA,ASO,ES,Federal Contract Tower,0,10,35,3,48,0,57,110,2,169,0,67,145,5,217,192,0,192,409
09/11/2021,RYY,GA,ASO,ES,Federal Contract Tower,0,4,18,9,31,0,35,117,9,161,0,39,135,18,192,60,0,60,252
09/12/2021,RYY,GA,ASO,ES,Federal Contract Tower,0,7,30,6,43,0,35,85,3,123,0,42,115,9,166,114,0,114,280
09/13/2021,RYY,GA,ASO,ES,Federal Contract Tower,0,7,19,6,32,0,51,98,2,151,0,58,117,8,183,105,10,115,298
09/14/2021,RYY,GA,ASO,ES,Federal Contract Tower,0,13,36,0,49,0,52,99,3,154,0,65,135,3,203,230,0,230,433
09/15/2021,RYY,GA,ASO,ES,Federal Contract Tower,0,18,42,0,60,0,14,28,0,42,0,32,70,0,102,88,0,88,190
09/16/2021,RYY,GA,ASO,ES,Federal Contract Tower,0,21,51,1,73,0,1,2,0,3,0,22,53,1,76,0,0,0,76
09/17/2021,RYY,GA,ASO,ES,Federal Contract Tower,0,10,38,1,49,0,8,22,3,33,0,18,60,4,82,32,0,32,114
09/18/2021,RYY,GA,ASO,ES,Federal Contract Tower,0,10,19,0,29,0,7,36,0,43,0,17,55,0,72,106,0,106,178
09/19/2021,RYY,GA,ASO,ES,Federal Contract Tower,0,18,35,4,57,0,3,8,0,11,0,21,43,4,68,28,20,48,116
09/20/2021,RYY,GA,ASO,ES,Federal Contract Tower,0,14,28,0,42,0,0,0,0,0,0,14,28,0,42,0,0,0,42
09/21/2021,RYY,GA,ASO,ES,Federal Contract Tower,0,9,35,0,44,0,4,13,0,17,0,13,48,0,61,30,0,30,91
09/22/2021,RYY,GA,ASO,ES,Federal Contract Tower,0,22,36,0,58,0,17,12,0,29,0,39,48,0,87,22,0,22,109
09/23/2021,RYY,GA,ASO,ES,Federal Contract Tower,0,19,33,11,63,0,84,86,21,191,0,103,119,32,254,122,0,122,376
09/24/2021,RYY,GA,ASO,ES,Federal Contract Tower,0,25,34,0,59,0,53,134,0,187,0,78,168,0,246,160,0,160,406
09/25/2021,RYY,GA,ASO,ES,Federal Contract Tower,0,12,20,0,32,0,42,117,0,159,0,54,137,0,191,142,0,142,333
09/26/2021,RYY,GA,ASO,ES,Federal Contract Tower,0,16,40,0,56,0,50,105,0,155,0,66,145,0,211,188,0,188,399
09/27/2021,RYY,GA,ASO,ES,Federal Contract Tower,0,13,36,0,49,0,58,87,1,146,0,71,123,1,195,126,0,126,321
09/28/2021,RYY,GA,ASO,ES,Federal Contract Tower,0,14,31,0,45,0,66,123,0,189,0,80,154,0,234,258,0,258,492
09/29/2021,RYY,GA,ASO,ES,Federal Contract Tower,0,16,44,0,60,0,44,108,0,152,0,60,152,0,212,264,0,264,476
09/30/2021,RYY,GA,ASO,ES,Federal Contract Tower,1,23,44,9,77,0,66,131,2,199,1,89,175,11,276,228,6,234,510
10/01/2021,RYY,GA,ASO,ES,Federal Contract Tower,0,9,40,2,51,0,42,85,6,133,0,51,125,8,184,184,0,184,368
10/02/2021,RYY,GA,ASO,ES,Federal Contract Tower,0,13,31,0,44,0,13,37,0,50,0,26,68,0,94,124,0,124,218
10/03/2021,RYY,GA,ASO,ES,Federal Contract Tower,0,18,33,2,53,0,4,31,0,35,0,22,64,2,88,108,0,108,196
10/04/2021,RYY,GA,ASO,ES,Federal Contract Tower,0,11,37,0,48,0,0,17,0,17,0,11,54,0,65,12,0,12,77
10/05/2021,RYY,GA,ASO,ES,Federal Contract Tower,0,19,39,0,58,0,0,1,0,1,0,19,40,0,59,0,0,0,59
10/06/2021,RYY,GA,ASO,ES,Federal Contract Tower,0,15,27,0,42,0,2,2,0,4,0,17,29,0,46,2,0,2,48
10/07/2021,RYY,GA,ASO,ES,Federal Contract Tower,0,18,59,0,77,0,1,5,0,6,0,19,64,0,83,56,0,56,139
10/08/2021,RYY,GA,ASO,ES,Federal Contract Tower,0,24,44,0,68,0,34,107,0,141,0,58,151,0,209,150,0,150,359
10/09/2021,RYY,GA,ASO,ES,Federal Contract Tower,0,13,25,1,39,0,48,97,1,146,0,61,122,2,185,126,0,126,311
10/10/2021,RYY,GA,ASO,ES,Federal Contract Tower,0,18,38,2,58,0,38,133,0,171,0,56,171,2,229,104,0,104,333
10/11/2021,RYY,GA,ASO,ES,Federal Contract Tower,0,19,59,0,78,0,48,81,0,129,0,67,140,0,207,178,0,178,385
10/12/2021,RYY,GA,ASO,ES,Federal Contract Tower,0,23,35,1,59,0,14,16,0,30,0,37,51,1,89,74,0,74,163
10/13/2021,RYY,GA,ASO,ES,Federal Contract Tower,0,23,64,1,88,0,47,100,1,148,0,70,164,2,236,96,0,96,332
10/14/2021,RYY,GA,ASO,ES,Federal Contract Tower,0,16,55,0,71,0,44,113,14,171,0,60,168,14,242,150,0,150,392
10/15/2021,RYY,GA,ASO,ES,Federal Contract Tower,0,17,40,10,67,0,51,103,1,155,0,68,143,11,222,98,0,98,320
10/16/2021,RYY,GA,ASO,ES,Federal Contract Tower,0,15,37,0,52,0,12,16,0,28,0,27,53,0,80,4,0,4,84
10/17/2021,RYY,GA,ASO,ES,Federal Contract Tower,0,17,53,5,75,0,45,108,9,162,0,62,161,14,237,62,0,62,299
10/18/2021,RYY,GA,ASO,ES,Federal Contract Tower,0,11,42,0,53,0,52,104,2,158,0,63,146,2,211,136,0,136,347
10/19/2021,RYY,GA,ASO,ES,Federal Contract Tower,0,14,43,1,58,0,49,108,2,159,0,63,151,3,217,200,0,200,417
10/20/2021,RYY,GA,ASO,ES,Federal Contract Tower,0,15,57,3,75,0,50,146,1,197,0,65,203,4,272,194,0,194,466
10/21/2021,RYY,GA,ASO,ES,Federal Contract Tower,0,19,45,2,66,0,29,42,1,72,0,48,87,3,138,272,0,272,410
10/22/2021,RYY,GA,ASO,ES,Federal Contract Tower,0,25,49,4,78,0,44,93,2,139,0,69,142,6,217,206,6,212,429
10/23/2021,RYY,GA,ASO,ES,Federal Contract Tower,0,17,33,7,57,0,37,110,0,147,0,54,143,7,204,160,0,160,364
10/24/2021,RYY,GA,ASO,ES,Federal Contract Tower,0,21,46,21,88,0,29,91,2,122,0,50,137,23,210,136,0,136,346
10/25/2021,RYY,GA,ASO,ES,Federal Contract Tower,0,13,45,2,60,0,17,69,0,86,0,30,114,2,146,188,0,188,334
10/26/2021,RYY,GA,ASO,ES,Federal Contract Tower,0,10,28,0,38,0,30,49,3,82,0,40,77,3,120,118,6,124,244
10/27/2021,RYY,GA,ASO,ES,Federal Contract Tower,0,9,28,2,39,0,60,110,0,170,0,69,138,2,209,142,0,142,351
10/28/2021,RYY,GA,ASO,ES,Federal Contract Tower,0,14,37,0,51,0,0,0,0,0,0,14,37,0,51,0,0,0,51
10/29/2021,RYY,GA,ASO,ES,Federal Contract Tower,0,25,82,0,107,0,0,4,0,4,0,25,86,0,111,0,0,0,111
10/30/2021,RYY,GA,ASO,ES,Federal Contract Tower,0,17,45,0,62,0,1,1,0,2,0,18,46,0,64,0,0,0,64
10/31/2021,RYY,GA,ASO,ES,Federal Contract Tower,0,24,55,13,92,0,20,40,0,60,0,44,95,13,152,40,16,56,208
11/01/2021,RYY,GA,ASO,ES,Federal Contract Tower,0,14,46,2,62,0,63,109,0,172,0,77,155,2,234,233,0,233,467
11/02/2021,RYY,GA,ASO,ES,Federal Contract Tower,0,4,35,2,41,0,58,116,2,176,0,62,151,4,217,122,0,122,339
11/03/2021,RYY,GA,ASO,ES,Federal Contract Tower,0,15,29,1,45,0,42,74,0,116,0,57,103,1,161,154,2,156,317
11/04/2021,RYY,GA,ASO,ES,Federal Contract Tower,0,14,52,2,68,0,0,5,0,5,0,14,57,2,73,0,0,0,73
11/05/2021,RYY,GA,ASO,ES,Federal Contract Tower,0,18,51,9,78,0,30,67,0,97,0,48,118,9,175,78,2,80,255
11/06/2021,RYY,GA,ASO,ES,Federal Contract Tower,0,10,28,1,39,0,30,93,1,124,0,40,121,2,163,136,0,136,299
11/07/2021,RYY,GA,ASO,ES,Federal Contract Tower,0,19,35,8,62,0,27,111,0,138,0,46,146,8,200,180,0,180,380
11/08/2021,RYY,GA,ASO,ES,Federal Contract Tower,0,20,35,2,57,0,61,87,0,148,0,81,122,2,205,299,0,299,504
11/09/2021,RYY,GA,ASO,ES,Federal Contract Tower,0,12,32,0,44,0,67,108,1,176,0,79,140,1,220,304,0,304,524
11/10/2021,RYY,GA,ASO,ES,Federal Contract Tower,0,20,32,5,57,0,49,131,9,189,0,69,163,14,246,276,0,276,522
11/11/2021,RYY,GA,ASO,ES,Federal Contract Tower,0,20,45,0,65,0,19,14,0,33,0,39,59,0,98,100,0,100,198
11/12/2021,RYY,GA,ASO,ES,Federal Contract Tower,0,23,47,1,71,0,39,104,0,143,0,62,151,1,214,197,0,197,411
11/13/2021,RYY,GA,ASO,ES,Federal Contract Tower,0,9,17,0,26,0,21,79,0,100,0,30,96,0,126,78,0,78,204
11/14/2021,RYY,GA,ASO,ES,Federal Contract Tower,0,16,26,6,48,0,36,90,2,128,0,52,116,8,176,206,0,206,382
11/15/2021,RYY,GA,ASO,ES,Federal Contract Tower,0,18,36,0,54,0,37,63,0,100,0,55,99,0,154,130,0,130,284
11/16/2021,RYY,GA,ASO,ES,Federal Contract Tower,0,14,40,0,54,0,35,134,0,169,0,49,174,0,223,310,0,310,533
11/17/2021,RYY,GA,ASO,ES,Federal Contract Tower,0,20,47,3,70,0,44,129,0,173,0,64,176,3,243,224,0,224,467
11/18/2021,RYY,GA,ASO,ES,Federal Contract Tower,0,20,45,3,68,0,36,57,4,97,0,56,102,7,165,152,0,152,317
11/19/2021,RYY,GA,ASO,ES,Federal Contract Tower,0,37,46,4,87,0,56,133,2,191,0,93,179,6,278,139,0,139,417
11/20/2021,RYY,GA,ASO,ES,Federal Contract Tower,0,12,25,4,41,0,12,82,0,94,0,24,107,4,135,74,0,74,209
11/21/2021,RYY,GA,ASO,ES,Federal Contract Tower,0,19,28,13,60,0,5,47,2,54,0,24,75,15,114,96,8,104,218
11/22/2021,RYY,GA,ASO,ES,Federal Contract Tower,0,17,44,0,61,0,18,26,0,44,0,35,70,0,105,20,0,20,125
11/23/2021,RYY,GA,ASO,ES,Federal Contract Tower,0,21,39,0,60,0,40,141,1,182,0,61,180,1,242,200,0,200,442
11/24/2021,RYY,GA,ASO,ES,Federal Contract Tower,0,26,35,0,61,0,64,113,0,177,0,90,148,0,238,148,0,148,386
11/25/2021,RYY,GA,ASO,ES,Federal Contract Tower,0,1,7,0,8,0,4,32,0,36,0,5,39,0,44,6,0,6,50
11/26/2021,RYY,GA,ASO,ES,Federal Contract Tower,0,10,15,0,25,0,5,42,0,47,0,15,57,0,72,18,0,18,90
11/27/2021,RYY,GA,ASO,ES,Federal Contract Tower,0,19,27,0,46,0,14,117,0,131,0,33,144,0,177,160,0,160,337
11/28/2021,RYY,GA,ASO,ES,Federal Contract Tower,0,35,51,0,86,0,35,96,0,131,0,70,147,0,217,108,0,108,325
11/29/2021,RYY,GA,ASO,ES,Federal Contract Tower,0,11,42,0,53,0,37,68,0,105,0,48,110,0,158,80,0,80,238
11/30/2021,RYY,GA,ASO,ES,Federal Contract Tower,0,9,31,1,41,0,47,77,2,126,0,56,108,3,167,200,16,216,383
12/01/2021,RYY,GA,ASO,ES,Federal Contract Tower,0,21,23,8,52,0,49,97,0,146,0,70,120,8,198,268,0,268,466
12/02/2021,RYY,GA,ASO,ES,Federal Contract Tower,0,10,43,6,59,0,52,74,3,129,0,62,117,9,188,158,2,160,348
12/03/2021,RYY,GA,ASO,ES,Federal Contract Tower,0,17,35,2,54,0,50,97,0,147,0,67,132,2,201,142,0,142,343
12/04/2021,RYY,GA,ASO,ES,Federal Contract Tower,0,17,16,0,33,0,33,136,0,169,0,50,152,0,202,204,0,204,406
12/05/2021,RYY,GA,ASO,ES,Federal Contract Tower,0,11,38,4,53,0,10,38,0,48,0,21,76,4,101,130,0,130,231
12/07/2021,RYY,GA,ASO,ES,Federal Contract Tower,0,19,28,0,47,0,0,0,0,0,0,19,28,0,47,186,0,186,233
12/08/2021,RYY,GA,ASO,ES,Federal Contract Tower,0,20,33,2,55,0,0,0,0,0,0,20,33,2,55,82,0,82,137
12/09/2021,RYY,GA,ASO,ES,Federal Contract Tower,0,18,57,2,77,0,76,85,0,161,0,94,142,2,238,74,0,74,312
12/10/2021,RYY,GA,ASO,ES,Federal Contract Tower,0,11,34,0,45,0,0,0,0,0,0,11,34,0,45,0,0,0,45
12/11/2021,RYY,GA,ASO,ES,Federal Contract Tower,0,4,17,0,21,0,0,0,0,0,0,4,17,0,21,0,0,0,21
12/12/2021,RYY,GA,ASO,ES,Federal Contract Tower,0,11,41,35,87,0,50,151,10,211,0,61,192,45,298,154,0,154,452
12/13/2021,RYY,GA,ASO,ES,Federal Contract Tower,0,13,26,0,39,0,45,122,0,167,0,58,148,0,206,183,0,183,389
12/14/2021,RYY,GA,ASO,ES,Federal Contract Tower,0,17,52,0,69,0,84,108,0,192,0,101,160,0,261,280,0,280,541
12/15/2021,RYY,GA,ASO,ES,Federal Contract Tower,0,25,54,2,81,0,40,55,1,96,0,65,109,3,177,134,0,134,311
12/16/2021,RYY,GA,ASO,ES,Federal Contract Tower,0,18,50,6,74,0,20,31,0,51,0,38,81,6,125,134,0,134,259
12/17/2021,RYY,GA,ASO,ES,Federal Contract Tower,0,23,48,0,71,0,4,19,0,23,0,27,67,0,94,40,0,40,134
12/18/2021,RYY,GA,ASO,ES,Federal Contract Tower,0,14,34,0,48,0,0,0,0,0,0,14,34,0,48,0,0,0,48
12/19/2021,RYY,GA,ASO,ES,Federal Contract Tower,0,12,45,0,57,0,4,8,0,12,0,16,53,0,69,0,0,0,69
12/20/2021,RYY,GA,ASO,ES,Federal Contract Tower,0,18,38,0,56,0,54,77,3,134,0,72,115,3,190,100,0,100,290
12/21/2021,RYY,GA,ASO,ES,Federal Contract Tower,0,13,38,0,51,0,5,16,0,21,0,18,54,0,72,32,0,32,104
12/22/2021,RYY,GA,ASO,ES,Federal Contract Tower,0,22,31,3,56,0,38,53,1,92,0,60,84,4,148,38,0,38,186
12/23/2021,RYY,GA,ASO,ES,Federal Contract Tower,0,16,36,0,52,0,44,118,2,164,0,60,154,2,216,82,0,82,298
12/24/2021,RYY,GA,ASO,ES,Federal Contract Tower,0,7,21,1,29,0,11,28,0,39,0,18,49,1,68,22,0,22,90
12/25/2021,RYY,GA,ASO,ES,Federal Contract Tower,0,2,17,0,19,0,0,1,0,1,0,2,18,0,20,0,0,0,20
12/26/2021,RYY,GA,ASO,ES,Federal Contract Tower,0,18,25,0,43,0,11,63,0,74,0,29,88,0,117,66,0,66,183
12/27/2021,RYY,GA,ASO,ES,Federal Contract Tower,0,13,39,0,52,0,3,10,0,13,0,16,49,0,65,14,0,14,79
12/28/2021,RYY,GA,ASO,ES,Federal Contract Tower,0,15,33,2,50,0,7,16,0,23,0,22,49,2,73,34,0,34,107
12/29/2021,RYY,GA,ASO,ES,Federal Contract Tower,0,14,30,0,44,0,4,11,0,15,0,18,41,0,59,12,0,12,71
12/30/2021,RYY,GA,ASO,ES,Federal Contract Tower,0,2,29,0,31,0,0,0,0,0,0,2,29,0,31,0,0,0,31
12/31/2021,RYY,GA,ASO,ES,Federal Contract Tower,0,8,29,0,37,0,0,0,0,0,0,8,29,0,37,0,0,0,37
01/01/2022,RYY,GA,ASO,ES,Federal Contract Tower,0,8,16,0,24,0,1,5,0,6,0,9,21,0,30,14,0,14,44
01/02/2022,RYY,GA,ASO,ES,Federal Contract Tower,0,14,31,0,45,0,0,2,0,2,0,14,33,0,47,0,0,0,47
01/03/2022,RYY,GA,ASO,ES,Federal Contract Tower,0,11,45,0,56,0,14,29,0,43,0,25,74,0,99,4,0,4,103
01/04/2022,RYY,GA,ASO,ES,Federal Contract Tower,0,17,32,0,49,0,54,96,1,151,0,71,128,1,200,90,0,90,290
01/05/2022,RYY,GA,ASO,ES,Federal Contract Tower,0,13,49,1,63,0,37,67,11,115,0,50,116,12,178,172,0,172,350
01/06/2022,RYY,GA,ASO,ES,Federal Contract Tower,0,14,23,0,37,0,11,23,0,34,0,25,46,0,71,42,0,42,113
01/07/2022,RYY,GA,ASO,ES,Federal Contract Tower,0,14,34,1,49,0,24,103,7,134,0,38,137,8,183,48,0,48,231
01/08/2022,RYY,GA,ASO,ES,Federal Contract Tower,0,9,23,3,35,0,43,119,0,162,0,52,142,3,197,108,0,108,305
01/09/2022,RYY,GA,ASO,ES,Federal Contract Tower,0,13,26,2,41,0,0,0,0,0,0,13,26,2,41,0,0,0,41
01/10/2022,RYY,GA,ASO,ES,Federal Contract Tower,0,26,46,0,72,0,48,63,10,121,0,74,109,10,193,12,0,12,205
01/11/2022,RYY,GA,ASO,ES,Federal Contract Tower,0,61,89,0,150,0,33,32,0,65,0,94,121,0,215,118,0,118,333
01/12/2022,RYY,GA,ASO,ES,Federal Contract Tower,0,18,31,4,53,0,60,98,0,158,0,78,129,4,211,126,0,126,337
01/13/2022,RYY,GA,ASO,ES,Federal Contract Tower,0,13,42,3,58,0,37,139,1,177,0,50,181,4,235,128,0,128,363
01/14/2022,RYY,GA,ASO,ES,Federal Contract Tower,0,13,37,0,50,0,32,116,0,148,0,45,153,0,198,106,0,106,304
01/15/2022,RYY,GA,ASO,ES,Federal Contract Tower,0,5,15,0,20,0,22,52,0,74,0,27,67,0,94,54,0,54,148
01/16/2022,RYY,GA,ASO,ES,Federal Contract Tower,0,2,4,0,6,0,0,0,0,0,0,2,4,0,6,0,0,0,6
01/17/2022,RYY,GA,ASO,ES,Federal Contract Tower,0,12,24,0,36,0,4,0,0,4,0,16,24,0,40,2,0,2,42
01/18/2022,RYY,GA,ASO,ES,Federal Contract Tower,0,19,24,0,43,0,54,89,4,147,0,73,113,4,190,209,0,209,399
01/19/2022,RYY,GA,ASO,ES,Federal Contract Tower,0,14,35,4,53,0,51,99,0,150,0,65,134,4,203,90,0,90,293
01/20/2022,RYY,GA,ASO,ES,Federal Contract Tower,0,13,35,0,48,0,0,0,0,0,0,13,35,0,48,0,0,0,48
01/21/2022,RYY,GA,ASO,ES,Federal Contract Tower,0,11,34,0,45,0,0,0,0,0,0,11,34,0,45,0,0,0,45
01/22/2022,RYY,GA,ASO,ES,Federal Contract Tower,0,9,25,10,44,0,9,118,1,128,0,18,143,11,172,134,2,136,308
01/23/2022,RYY,GA,ASO,ES,Federal Contract Tower,0,13,25,23,61,0,51,106,0,157,0,64,131,23,218,88,0,88,306
01/24/2022,RYY,GA,ASO,ES,Federal Contract Tower,0,23,26,0,49,0,50,133,0,183,0,73,159,0,232,202,0,202,434
01/25/2022,RYY,GA,ASO,ES,Federal Contract Tower,0,26,34,0,60,0,40,95,10,145,0,66,129,10,205,172,0,172,377
01/26/2022,RYY,GA,ASO,ES,Federal Contract Tower,0,15,39,3,57,0,59,75,1,135,0,74,114,4,192,40,0,40,232
01/27/2022,RYY,GA,ASO,ES,Federal Contract Tower,0,20,41,5,66,0,47,119,1,167,0,67,160,6,233,80,0,80,313
01/28/2022,RYY,GA,ASO,ES,Federal Contract Tower,0,12,32,0,44,0,12,62,0,74,0,24,94,0,118,60,0,60,178
01/29/2022,RYY,GA,ASO,ES,Federal Contract Tower,0,10,16,0,26,0,6,60,0,66,0,16,76,0,92,10,0,10,102
01/30/2022,RYY,GA,ASO,ES,Federal Contract Tower,0,13,42,0,55,0,13,108,0,121,0,26,150,0,176,34,0,34,210
01/31/2022,RYY,GA,ASO,ES,Federal Contract Tower,0,7,22,0,29,0,42,120,0,162,0,49,142,0,191,118,0,118,309
02/01/2022,RYY,GA,ASO,ES,Federal Contract Tower,0,7,36,0,43,0,58,98,0,156,0,65,134,0,199,101,0,101,300
02/02/2022,RYY,GA,ASO,ES,Federal Contract Tower,0,20,19,4,43,0,1,13,2,16,0,21,32,6,59,14,0,14,73
02/03/2022,RYY,GA,ASO,ES,Federal Contract Tower,0,13,40,0,53,0,0,0,0,0,0,13,40,0,53,0,0,0,53
02/04/2022,RYY,GA,ASO,ES,Federal Contract Tower,0,8,18,0,26,0,0,0,0,0,0,8,18,0,26,0,0,0,26
02/05/2022,RYY,GA,ASO,ES,Federal Contract Tower,0,7,23,0,30,0,11,126,0,137,0,18,149,0,167,140,0,140,307
02/06/2022,RYY,GA,ASO,ES,Federal Contract Tower,0,12,28,0,40,0,8,137,0,145,0,20,165,0,185,92,0,92,277
02/07/2022,RYY,GA,ASO,ES,Federal Contract Tower,0,11,22,0,33,0,15,108,0,123,0,26,130,0,156,64,0,64,220
02/08/2022,RYY,GA,ASO,ES,Federal Contract Tower,0,8,32,0,40,0,7,149,0,156,0,15,181,0,196,208,0,208,404
02/09/2022,RYY,GA,ASO,ES,Federal Contract Tower,0,19,46,2,67,0,20,120,1,141,0,39,166,3,208,114,0,114,322
02/10/2022,RYY,GA,ASO,ES,Federal Contract Tower,0,14,38,6,58,0,7,142,1,150,0,21,180,7,208,172,0,172,380
02/11/2022,RYY,GA,ASO,ES,Federal Contract Tower,0,10,19,2,31,0,6,139,0,145,0,16,158,2,176,144,0,144,320
02/12/2022,RYY,GA,ASO,ES,Federal Contract Tower,0,8,20,1,29,0,7,161,0,168,0,15,181,1,197,174,0,174,371
02/13/2022,RYY,GA,ASO,ES,Federal Contract Tower,0,8,34,0,42,0,3,50,0,53,0,11,84,0,95,38,0,38,133
02/14/2022,RYY,GA,ASO,ES,Federal Contract Tower,0,7,26,0,33,0,15,94,0,109,0,22,120,0,142,66,0,66,208
02/15/2022,RYY,GA,ASO,ES,Federal Contract Tower,0,15,43,4,62,0,10,143,0,153,0,25,186,4,215,114,0,114,329
02/16/2022,RYY,GA,ASO,ES,Federal Contract Tower,0,15,34,2,51,0,8,66,1,75,0,23,100,3,126,90,0,90,216
02/17/2022,RYY,GA,ASO,ES,Federal Contract Tower,0,19,32,0,51,0,0,2,0,2,0,19,34,0,53,0,0,0,53
02/18/2022,RYY,GA,ASO,ES,Federal Contract Tower,0,17,61,8,86,0,7,31,3,41,0,24,92,11,127,46,0,46,173
02/19/2022,RYY,GA,ASO,ES,Federal Contract Tower,0,9,28,0,37,0,5,142,4,151,0,14,170,4,188,170,2,172,360
02/20/2022,RYY,GA,ASO,ES,Federal Contract Tower,0,7,35,6,48,0,4,137,7,148,0,11,172,13,196,96,0,96,292
02/21/2022,RYY,GA,ASO,ES,Federal Contract Tower,0,18,43,0,61,0,1,41,0,42,0,19,84,0,103,90,0,90,193
02/22/2022,RYY,GA,ASO,ES,Federal Contract Tower,0,18,47,0,65,0,6,17,0,23,0,24,64,0,88,56,0,56,144
02/23/2022,RYY,GA,ASO,ES,Federal Contract Tower,0,18,42,5,65,0,4,68,4,76,0,22,110,9,141,154,12,166,307
02/24/2022,RYY,GA,ASO,ES,Federal Contract Tower,0,19,58,2,79,0,6,76,3,85,0,25,134,5,164,122,0,122,286
02/25/2022,RYY,GA,ASO,ES,Federal Contract Tower,0,19,46,12,77,0,3,40,4,47,0,22,86,16,124,96,4,100,224
02/26/2022,RYY,GA,ASO,ES,Federal Contract Tower,0,7,22,8,37,0,10,137,0,147,0,17,159,8,184,246,0,246,430
02/27/2022,RYY,GA,ASO,ES,Federal Contract Tower,0,17,39,0,56,0,0,0,0,0,0,17,39,0,56,0,0,0,56
02/28/2022,RYY,GA,ASO,ES,Federal Contract Tower,0,17,38,2,57,0,0,131,0,131,0,17,169,2,188,124,0,124,312
03/01/2022,RYY,GA,ASO,ES,Federal Contract Tower,0,15,24,0,39,0,9,124,1,134,0,24,148,1,173,126,0,126,299
03/02/2022,RYY,GA,ASO,ES,Federal Contract Tower,0,13,46,4,63,0,9,168,0,177,0,22,214,4,240,178,0,178,418
03/03/2022,RYY,GA,ASO,ES,Federal Contract Tower,0,21,34,4,59,0,15,161,0,176,0,36,195,4,235,116,0,116,351
03/04/2022,RYY,GA,ASO,ES,Federal Contract Tower,0,19,48,0,67,0,11,147,3,161,0,30,195,3,228,52,0,52,280
03/05/2022,RYY,GA,ASO,ES,Federal Contract Tower,0,6,32,3,41,0,6,131,0,137,0,12,163,3,178,80,0,80,258
03/06/2022,RYY,GA,ASO,ES,Federal Contract Tower,0,20,28,10,58,0,9,117,2,128,0,29,145,12,186,74,28,102,288
03/07/2022,RYY,GA,ASO,ES,Federal Contract Tower,0,9,39,0,48,0,0,8,0,8,0,9,47,0,56,12,0,12,68
03/08/2022,RYY,GA,ASO,ES,Federal Contract Tower,0,18,38,1,57,0,4,58,0,62,0,22,96,1,119,130,0,130,249
03/09/2022,RYY,GA,ASO,ES,Federal Contract Tower,0,11,39,0,50,0,2,12,0,14,0,13,51,0,64,18,0,18,82
03/10/2022,RYY,GA,ASO,ES,Federal Contract Tower,0,11,35,0,46,0,1,114,0,115,0,12,149,0,161,136,0,136,297
03/11/2022,RYY,GA,ASO,ES,Federal Contract Tower,0,8,36,0,44,0,0,2,0,2,0,8,38,0,46,22,0,22,68
03/12/2022,RYY,GA,ASO,ES,Federal Contract Tower,0,14,22,0,36,0,2,4,4,10,0,16,26,4,46,0,0,0,46
03/13/2022,RYY,GA,ASO,ES,Federal Contract Tower,0,12,35,2,49,0,9,144,0,153,0,21,179,2,202,112,4,116,318
03/14/2022,RYY,GA,ASO,ES,Federal Contract Tower,0,16,28,0,44,0,8,116,2,126,0,24,144,2,170,190,0,190,360
03/15/2022,RYY,GA,ASO,ES,Federal Contract Tower,0,15,36,1,52,0,9,78,7,94,0,24,114,8,146,114,0,114,260
03/16/2022,RYY,GA,ASO,ES,Federal Contract Tower,0,11,33,1,45,0,0,0,0,0,0,11,33,1,45,0,0,0,45
03/17/2022,RYY,GA,ASO,ES,Federal Contract Tower,0,12,47,2,61,0,2,135,0,137,0,14,182,2,198,128,0,128,326
03/18/2022,RYY,GA,ASO,ES,Federal Contract Tower,0,18,33,0,51,0,0,30,0,30,0,18,63,0,81,40,0,40,121
03/19/2022,RYY,GA,ASO,ES,Federal Contract Tower,0,10,26,0,36,0,6,118,0,124,0,16,144,0,160,173,0,173,333
03/20/2022,RYY,GA,ASO,ES,Federal Contract Tower,0,16,52,14,82,0,6,142,6,154,0,22,194,20,236,140,6,146,382
03/21/2022,RYY,GA,ASO,ES,Federal Contract Tower,0,14,29,4,47,0,9,139,3,151,0,23,168,7,198,137,0,137,335
03/22/2022,RYY,GA,ASO,ES,Federal Contract Tower,0,14,29,0,43,0,9,74,1,84,0,23,103,1,127,20,0,20,147
03/23/2022,RYY,GA,ASO,ES,Federal Contract Tower,0,10,25,0,35,0,1,14,2,17,0,11,39,2,52,2,0,2,54
03/24/2022,RYY,GA,ASO,ES,Federal Contract Tower,0,5,40,0,45,0,3,153,1,157,0,8,193,1,202,102,0,102,304
03/25/2022,RYY,GA,ASO,ES,Federal Contract Tower,0,10,43,5,58,0,5,109,2,116,0,15,152,7,174,90,0,90,264
03/26/2022,RYY,GA,ASO,ES,Federal Contract Tower,0,15,18,11,44,0,1,45,0,46,0,16,63,11,90,64,0,64,154
03/27/2022,RYY,GA,ASO,ES,Federal Contract Tower,0,12,40,3,55,0,4,96,0,100,0,16,136,3,155,86,0,86,241
03/28/2022,RYY,GA,ASO,ES,Federal Contract Tower,0,7,29,2,38,0,3,140,0,143,0,10,169,2,181,156,0,156,337
03/29/2022,RYY,GA,ASO,ES,Federal Contract Tower,0,9,46,0,55,0,5,132,1,138,0,14,178,1,193,122,0,122,315
03/30/2022,RYY,GA,ASO,ES,Federal Contract Tower,0,9,24,0,33,0,3,33,0,36,0,12,57,0,69,68,0,68,137
03/31/2022,RYY,GA,ASO,ES,Federal Contract Tower,0,17,26,4,47,0,3,41,3,47,0,20,67,7,94,102,6,108,202
04/01/2022,RYY,GA,ASO,ES,Federal Contract Tower,0,13,39,2,54,0,6,144,0,150,0,19,183,2,204,122,0,122,326
04/02/2022,RYY,GA,ASO,ES,Federal Contract Tower,0,10,30,1,41,0,3,127,1,131,0,13,157,2,172,162,0,162,334
04/03/2022,RYY,GA,ASO,ES,Federal Contract Tower,0,12,34,18,64,0,9,74,4,87,0,21,108,22,151,70,6,76,227
04/04/2022,RYY,GA,ASO,ES,Federal Contract Tower,0,13,20,0,33,0,5,107,2,114,0,18,127,2,147,172,0,172,319
04/05/2022,RYY,GA,ASO,ES,Federal Contract Tower,0,9,29,0,38,0,0,5,0,5,0,9,34,0,43,30,0,30,73
04/06/2022,RYY,GA,ASO,ES,Federal Contract Tower,0,11,23,0,34,0,0,0,0,0,0,11,23,0,34,0,0,0,34
04/07/2022,RYY,GA,ASO,ES,Federal Contract Tower,0,16,36,2,54,0,7,95,2,104,0,23,131,4,158,48,10,58,216
04/08/2022,RYY,GA,ASO,ES,Federal Contract Tower,0,16,33,3,52,0,6,71,4,81,0,22,104,7,133,0,0,0,133
04/09/2022,RYY,GA,ASO,ES,Federal Contract Tower,0,18,29,0,47,0,6,56,0,62,0,24,85,0,109,81,0,81,190
04/10/2022,RYY,GA,ASO,ES,Federal Contract Tower,0,16,44,14,74,0,0,0,0,0,0,16,44,14,74,118,0,118,192
04/11/2022,RYY,GA,ASO,ES,Federal Contract Tower,0,10,35,0,45,0,5,127,0,132,0,15,162,0,177,262,4,266,443
04/12/2022,RYY,GA,ASO,ES,Federal Contract Tower,0,14,27,2,43,0,4,106,0,110,0,18,133,2,153,146,0,146,299
04/13/2022,RYY,GA,ASO,ES,Federal Contract Tower,0,16,22,2,40,0,0,67,0,67,0,16,89,2,107,32,0,32,139
04/14/2022,RYY,GA,ASO,ES,Federal Contract Tower,0,18,54,2,74,0,2,62,0,64,0,20,116,2,138,92,0,92,230
04/15/2022,RYY,GA,ASO,ES,Federal Contract Tower,0,8,45,0,53,0,1,173,0,174,0,9,218,0,227,84,0,84,311
04/16/2022,RYY,GA,ASO,ES,Federal Contract Tower,0,5,26,0,31,0,2,5,0,7,0,7,31,0,38,44,0,44,82
04/17/2022,RYY,GA,ASO,ES,Federal Contract Tower,0,0,19,2,21,0,3,10,2,15,0,3,29,4,36,14,0,14,50
04/18/2022,RYY,GA,ASO,ES,Federal Contract Tower,0,21,50,2,73,0,2,12,0,14,0,23,62,2,87,80,6,86,173
04/19/2022,RYY,GA,ASO,ES,Federal Contract Tower,0,14,39,3,56,0,2,114,0,116,0,16,153,3,172,88,0,88,260
04/20/2022,RYY,GA,ASO,ES,Federal Contract Tower,0,10,38,5,53,0,2,130,0,132,0,12,168,5,185,50,0,50,235
04/21/2022,RYY,GA,ASO,ES,Federal Contract Tower,0,12,40,4,56,0,9,122,6,137,0,21,162,10,193,232,0,232,425
04/22/2022,RYY,GA,ASO,ES,Federal Contract Tower,0,7,44,10,61,0,3,120,0,123,0,10,164,10,184,121,2,123,307
04/23/2022,RYY,GA,ASO,ES,Federal Contract Tower,0,5,30,0,35,0,1,145,0,146,0,6,175,0,181,78,0,78,259
04/24/2022,RYY,GA,ASO,ES,Federal Contract Tower,0,15,50,26,91,0,10,109,12,131,0,25,159,38,222,106,0,106,328
04/25/2022,RYY,GA,ASO,ES,Federal Contract Tower,0,11,29,0,40,0,4,102,1,107,0,15,131,1,147,70,0,70,217
04/26/2022,RYY,GA,ASO,ES,Federal Contract Tower,0,9,32,1,42,0,0,16,0,16,0,9,48,1,58,66,0,66,124
04/27/2022,RYY,GA,ASO,ES,Federal Contract Tower,0,9,40,6,55,0,4,177,8,189,0,13,217,14,244,232,4,236,480
04/28/2022,RYY,GA,ASO,ES,Federal Contract Tower,0,25,43,2,70,0,7,154,2,163,0,32,197,4,233,118,0,118,351
04/29/2022,RYY,GA,ASO,ES,Federal Contract Tower,0,10,38,1,49,0,5,142,5,152,0,15,180,6,201,76,0,76,277
04/30/2022,RYY,GA,ASO,ES,Federal Contract Tower,0,15,35,0,50,0,4,123,0,127,0,19,158,0,177,50,0,50,227
05/01/2022,RYY,GA,ASO,ES,Federal Contract Tower,0,19,38,2,59,0,3,22,4,29,0,22,60,6,88,58,0,58,146
05/02/2022,RYY,GA,ASO,ES,Federal Contract Tower,0,14,40,0,54,0,5,117,0,122,0,19,157,0,176,100,0,100,276
05/03/2022,RYY,GA,ASO,ES,Federal Contract Tower,0,20,38,0,58,0,6,76,0,82,0,26,114,0,140,114,0,114,254
05/04/2022,RYY,GA,ASO,ES,Federal Contract Tower,0,5,36,0,41,0,14,88,6,108,0,19,124,6,149,188,10,198,347
05/05/2022,RYY,GA,ASO,ES,Federal Contract Tower,1,20,51,1,73,0,11,169,3,183,1,31,220,4,256,122,2,124,380
05/06/2022,RYY,GA,ASO,ES,Federal Contract Tower,0,10,28,3,41,0,1,6,1,8,0,11,34,4,49,2,0,2,51
05/07/2022,RYY,GA,ASO,ES,Federal Contract Tower,0,11,42,0,53,0,6,17,0,23,0,17,59,0,76,29,0,29,105
05/08/2022,RYY,GA,ASO,ES,Federal Contract Tower,0,10,44,7,61,0,8,23,6,37,0,18,67,13,98,86,0,86,184
05/09/2022,RYY,GA,ASO,ES,Federal Contract Tower,0,13,37,0,50,0,11,139,2,152,0,24,176,2,202,166,0,166,368
05/10/2022,RYY,GA,ASO,ES,Federal Contract Tower,0,12,37,0,49,0,5,168,1,174,0,17,205,1,223,152,0,152,375
05/11/2022,RYY,GA,ASO,ES,Federal Contract Tower,0,12,46,3,61,0,8,158,1,167,0,20,204,4,228,92,0,92,320
05/12/2022,RYY,GA,ASO,ES,Federal Contract Tower,0,24,37,1,62,0,0,133,2,135,0,24,170,3,197,198,0,198,395
05/13/2022,RYY,GA,ASO,ES,Federal Contract Tower,0,18,50,0,68,0,0,48,0,48,0,18,98,0,116,214,0,214,330
05/14/2022,RYY,GA,ASO,ES,Federal Contract Tower,0,11,27,2,40,0,0,54,0,54,0,11,81,2,94,34,0,34,128
05/15/2022,RYY,GA,ASO,ES,Federal Contract Tower,0,10,56,5,71,0,0,95,6,101,0,10,151,11,172,114,0,114,286
05/16/2022,RYY,GA,ASO,ES,Federal Contract Tower,0,19,36,2,57,0,5,139,1,145,0,24,175,3,202,174,2,176,378
05/17/2022,RYY,GA,ASO,ES,Federal Contract Tower,0,7,43,0,50,0,7,164,0,171,0,14,207,0,221,144,0,144,365
05/18/2022,RYY,GA,ASO,ES,Federal Contract Tower,0,13,52,13,78,0,5,145,0,150,0,18,197,13,228,160,2,162,390
05/19/2022,RYY,GA,ASO,ES,Federal Contract Tower,0,20,45,11,76,0,5,120,3,128,0,25,165,14,204,144,10,154,358
05/20/2022,RYY,GA,ASO,ES,Federal Contract Tower,0,15,35,2,52,0,7,126,7,140,0,22,161,9,192,58,0,58,250
05/21/2022,RYY,GA,ASO,ES,Federal Contract Tower,0,8,29,0,37,0,7,39,0,46,0,15,68,0,83,64,0,64,147
05/22/2022,RYY,GA,ASO,ES,Federal Contract Tower,0,13,50,4,67,0,7,53,6,66,0,20,103,10,133,38,0,38,171
05/23/2022,RYY,GA,ASO,ES,Federal Contract Tower,0,8,31,0,39,0,0,0,0,0,0,8,31,0,39,0,0,0,39
05/24/2022,RYY,GA,ASO,ES,Federal Contract Tower,0,8,67,0,75,0,5,36,0,41,0,13,103,0,116,118,0,118,234
05/25/2022,RYY,GA,ASO,ES,Federal Contract Tower,0,16,35,0,51,0,2,13,0,15,0,18,48,0,66,0,0,0,66
05/26/2022,RYY,GA,ASO,ES,Federal Contract Tower,0,12,44,0,56,0,0,0,0,0,0,12,44,0,56,10,0,10,66
05/27/2022,RYY,GA,ASO,ES,Federal Contract Tower,0,20,54,4,78,0,0,78,0,78,0,20,132,4,156,95,0,95,251
05/28/2022,RYY,GA,ASO,ES,Federal Contract Tower,0,13,32,0,45,0,1,147,0,148,0,14,179,0,193,100,0,100,293
05/29/2022,RYY,GA,ASO,ES,Federal Contract Tower,0,8,31,0,39,0,2,106,0,108,0,10,137,0,147,100,0,100,247
05/30/2022,RYY,GA,ASO,ES,Federal Contract Tower,0,3,34,0,37,0,1,94,0,95,0,4,128,0,132,118,0,118,250
05/31/2022,RYY,GA,ASO,ES,Federal Contract Tower,0,8,43,3,54,0,9,97,2,108,0,17,140,5,162,193,20,213,375
06/01/2022,RYY,GA,ASO,ES,Federal Contract Tower,0,19,44,8,71,0,2,173,1,176,0,21,217,9,247,220,0,220,467
06/02/2022,RYY,GA,ASO,ES,Federal Contract Tower,0,16,27,0,43,0,4,101,2,107,0,20,128,2,150,140,0,140,290
06/03/2022,RYY,GA,ASO,ES,Federal Contract Tower,0,9,45,3,57,0,5,86,1,92,0,14,131,4,149,69,0,69,218
06/04/2022,RYY,GA,ASO,ES,Federal Contract Tower,0,14,28,0,42,0,7,134,0,141,0,21,162,0,183,112,0,112,295
06/05/2022,RYY,GA,ASO,ES,Federal Contract Tower,0,21,64,15,100,0,8,173,8,189,0,29,237,23,289,198,0,198,487
06/06/2022,RYY,GA,ASO,ES,Federal Contract Tower,0,11,26,0,37,0,7,94,0,101,0,18,120,0,138,96,0,96,234
06/07/2022,RYY,GA,ASO,ES,Federal Contract Tower,0,14,36,1,51,0,1,11,0,12,0,15,47,1,63,61,0,61,124
06/08/2022,RYY,GA,ASO,ES,Federal Contract Tower,0,9,42,0,51,0,10,58,0,68,0,19,100,0,119,128,0,128,247
06/09/2022,RYY,GA,ASO,ES,Federal Contract Tower,0,11,61,4,76,0,3,62,2,67,0,14,123,6,143,72,0,72,215
06/10/2022,RYY,GA,ASO,ES,Federal Contract Tower,0,10,27,1,38,0,8,195,1,204,0,18,222,2,242,102,0,102,344
06/11/2022,RYY,GA,ASO,ES,Federal Contract Tower,0,7,23,0,30,0,7,132,2,141,0,14,155,2,171,124,0,124,295
06/12/2022,RYY,GA,ASO,ES,Federal Contract Tower,0,19,44,20,83,0,10,136,12,158,0,29,180,32,241,206,0,206,447
06/13/2022,RYY,GA,ASO,ES,Federal Contract Tower,0,11,39,0,50,0,7,135,0,142,0,18,174,0,192,248,0,248,440
06/14/2022,RYY,GA,ASO,ES,Federal Contract Tower,0,12,34,2,48,0,4,127,0,131,0,16,161,2,179,118,0,118,297
06/15/2022,RYY,GA,ASO,ES,Federal Contract Tower,0,13,47,0,60,0,3,121,0,124,0,16,168,0,184,140,0,140,324
06/16/2022,RYY,GA,ASO,ES,Federal Contract Tower,0,19,54,8,81,0,15,139,4,158,0,34,193,12,239,82,0,82,321
06/17/2022,RYY,GA,ASO,ES,Federal Contract Tower,0,20,49,0,69,0,0,134,0,134,0,20,183,0,203,84,0,84,287
06/18/2022,RYY,GA,ASO,ES,Federal Contract Tower,0,12,34,0,46,0,26,149,0,175,0,38,183,0,221,54,0,54,275
06/19/2022,RYY,GA,ASO,ES,Federal Contract Tower,0,15,37,1,53,0,10,87,3,100,0,25,124,4,153,50,0,50,203
06/20/2022,RYY,GA,ASO,ES,Federal Contract Tower,0,10,29,0,39,0,6,154,0,160,0,16,183,0,199,229,0,229,428
06/21/2022,RYY,GA,ASO,ES,Federal Contract Tower,0,18,31,0,49,0,5,171,0,176,0,23,202,0,225,160,0,160,385
06/22/2022,RYY,GA,ASO,ES,Federal Contract Tower,0,17,33,0,50,0,5,143,7,155,0,22,176,7,205,144,2,146,351
06/23/2022,RYY,GA,ASO,ES,Federal Contract Tower,0,22,39,8,69,0,6,145,4,155,0,28,184,12,224,74,0,74,298
06/24/2022,RYY,GA,ASO,ES,Federal Contract Tower,0,8,36,2,46,0,11,108,2,121,0,19,144,4,167,162,0,162,329
06/25/2022,RYY,GA,ASO,ES,Federal Contract Tower,0,3,34,0,37,0,2,55,0,57,0,5,89,0,94,94,0,94,188
06/26/2022,RYY,GA,ASO,ES,Federal Contract Tower,0,10,52,27,89,0,7,127,11,145,0,17,179,38,234,106,12,118,352
06/27/2022,RYY,GA,ASO,ES,Federal Contract Tower,0,11,44,0,55,0,6,76,3,85,0,17,120,3,140,170,2,172,312
06/28/2022,RYY,GA,ASO,ES,Federal Contract Tower,0,15,41,0,56,0,0,54,0,54,0,15,95,0,110,66,0,66,176
06/29/2022,RYY,GA,ASO,ES,Federal Contract Tower,0,19,46,0,65,0,2,29,0,31,0,21,75,0,96,56,0,56,152
06/30/2022,RYY,GA,ASO,ES,Federal Contract Tower,0,17,37,0,54,0,6,67,4,77,0,23,104,4,131,108,0,108,239
07/01/2022,RYY,GA,ASO,ES,Federal Contract Tower,0,17,41,0,58,0,7,57,0,64,0,24,98,0,122,92,0,92,214
07/02/2022,RYY,GA,ASO,ES,Federal Contract Tower,0,8,29,0,37,0,4,90,0,94,0,12,119,0,131,136,10,146,277
07/03/2022,RYY,GA,ASO,ES,Federal Contract Tower,0,2,17,10,29,0,1,57,0,58,0,3,74,10,87,124,0,124,211
07/04/2022,RYY,GA,ASO,ES,Federal Contract Tower,0,3,10,1,14,0,5,24,2,31,0,8,34,3,45,74,0,74,119
07/05/2022,RYY,GA,ASO,ES,Federal Contract Tower,0,19,52,2,73,0,2,75,0,77,0,21,127,2,150,109,0,109,259
07/06/2022,RYY,GA,ASO,ES,Federal Contract Tower,0,22,53,2,77,0,19,127,0,146,0,41,180,2,223,190,0,190,413
07/07/2022,RYY,GA,ASO,ES,Federal Contract Tower,0,25,58,2,85,0,7,124,0,131,0,32,182,2,216,98,0,98,314
07/08/2022,RYY,GA,ASO,ES,Federal Contract Tower,0,18,36,1,55,0,2,105,5,112,0,20,141,6,167,138,0,138,305
07/09/2022,RYY,GA,ASO,ES,Federal Contract Tower,0,10,20,0,30,0,4,24,1,29,0,14,44,1,59,18,0,18,77
07/10/2022,RYY,GA,ASO,ES,Federal Contract Tower,0,7,47,6,60,0,4,11,4,19,0,11,58,10,79,36,0,36,115
07/11/2022,RYY,GA,ASO,ES,Federal Contract Tower,0,12,62,1,75,0,2,59,0,61,0,14,121,1,136,72,0,72,208
07/12/2022,RYY,GA,ASO,ES,Federal Contract Tower,0,15,46,3,64,0,6,128,0,134,0,21,174,3,198,224,0,224,422
07/13/2022,RYY,GA,ASO,ES,Federal Contract Tower,0,8,38,2,48,0,2,46,0,48,0,10,84,2,96,124,0,124,220
07/14/2022,RYY,GA,ASO,ES,Federal Contract Tower,0,8,51,2,61,0,6,153,0,159,0,14,204,2,220,84,0,84,304
07/15/2022,RYY,GA,ASO,ES,Federal Contract Tower,0,12,37,0,49,0,3,151,0,154,0,15,188,0,203,154,2,156,359
07/16/2022,RYY,GA,ASO,ES,Federal Contract Tower,0,3,25,0,28,0,8,90,0,98,0,11,115,0,126,56,0,56,182
07/17/2022,RYY,GA,ASO,ES,Federal Contract Tower,0,8,44,18,70,0,5,106,4,115,0,13,150,22,185,100,0,100,285
07/18/2022,RYY,GA,ASO,ES,Federal Contract Tower,0,10,27,2,39,0,7,87,0,94,0,17,114,2,133,124,0,124,257
07/19/2022,RYY,GA,ASO,ES,Federal Contract Tower,0,10,22,0,32,0,1,30,0,31,0,11,52,0,63,46,0,46,109
07/20/2022,RYY,GA,ASO,ES,Federal Contract Tower,0,25,44,0,69,0,3,78,6,87,0,28,122,6,156,76,0,76,232
07/21/2022,RYY,GA,ASO,ES,Federal Contract Tower,0,22,43,0,65,0,2,52,0,54,0,24,95,0,119,120,0,120,239
07/22/2022,RYY,GA,ASO,ES,Federal Contract Tower,0,17,37,1,55,0,3,121,2,126,0,20,158,3,181,150,2,152,333
07/23/2022,RYY,GA,ASO,ES,Federal Contract Tower,0,12,46,0,58,0,9,180,0,189,0,21,226,0,247,182,8,190,437
07/24/2022,RYY,GA,ASO,ES,Federal Contract Tower,0,11,40,23,74,0,9,128,10,147,0,20,168,33,221,178,0,178,399
07/25/2022,RYY,GA,ASO,ES,Federal Contract Tower,0,9,35,0,44,0,8,86,0,94,0,17,121,0,138,207,0,207,345
07/26/2022,RYY,GA,ASO,ES,Federal Contract Tower,0,13,31,1,45,0,6,76,0,82,0,19,107,1,127,211,0,211,338
07/27/2022,RYY,GA,ASO,ES,Federal Contract Tower,0,11,32,7,50,0,7,147,4,158,0,18,179,11,208,192,6,198,406
07/28/2022,RYY,GA,ASO,ES,Federal Contract Tower,0,10,51,3,64,0,5,152,4,161,0,15,203,7,225,160,0,160,385
07/29/2022,RYY,GA,ASO,ES,Federal Contract Tower,0,7,40,8,55,0,9,102,10,121,0,16,142,18,176,134,0,134,310
07/30/2022,RYY,GA,ASO,ES,Federal Contract Tower,0,8,31,1,40,0,0,43,1,44,0,8,74,2,84,42,0,42,126
07/31/2022,RYY,GA,ASO,ES,Federal Contract Tower,0,12,40,6,58,0,5,56,6,67,0,17,96,12,125,80,0,80,205
08/01/2022,RYY,GA,ASO,ES,Federal Contract Tower,0,6,26,1,33,0,5,85,0,90,0,11,111,1,123,196,0,196,319
08/02/2022,RYY,GA,ASO,ES,Federal Contract Tower,0,6,60,1,67,0,4,124,0,128,0,10,184,1,195,188,0,188,383
08/03/2022,RYY,GA,ASO,ES,Federal Contract Tower,0,6,30,3,39,0,10,122,0,132,0,16,152,3,171,207,0,207,378
08/04/2022,RYY,GA,ASO,ES,Federal Contract Tower,0,18,39,0,57,0,6,93,0,99,0,24,132,0,156,188,0,188,344
08/05/2022,RYY,GA,ASO,ES,Federal Contract Tower,0,11,36,0,47,0,0,111,0,111,0,11,147,0,158,134,0,134,292
08/06/2022,RYY,GA,ASO,ES,Federal Contract Tower,0,4,33,0,37,0,8,32,0,40,0,12,65,0,77,126,0,126,203
08/07/2022,RYY,GA,ASO,ES,Federal Contract Tower,0,15,32,5,52,0,5,79,24,108,0,20,111,29,160,190,12,202,362
08/08/2022,RYY,GA,ASO,ES,Federal Contract Tower,0,12,38,1,51,0,6,73,5,84,0,18,111,6,135,64,0,64,199
08/09/2022,RYY,GA,ASO,ES,Federal Contract Tower,0,9,36,0,45,0,0,68,0,68,0,9,104,0,113,76,0,76,189
08/10/2022,RYY,GA,ASO,ES,Federal Contract Tower,0,9,44,0,53,0,0,42,0,42,0,9,86,0,95,114,0,114,209
08/11/2022,RYY,GA,ASO,ES,Federal Contract Tower,0,12,50,3,65,0,15,49,0,64,0,27,99,3,129,100,0,100,229
08/12/2022,RYY,GA,ASO,ES,Federal Contract Tower,0,13,63,1,77,0,4,79,3,86,0,17,142,4,163,92,0,92,255
08/13/2022,RYY,GA,ASO,ES,Federal Contract Tower,0,5,40,2,47,0,3,134,2,139,0,8,174,4,186,230,0,230,416
08/14/2022,RYY,GA,ASO,ES,Federal Contract Tower,0,9,42,11,62,0,5,132,13,150,0,14,174,24,212,188,0,188,400
08/15/2022,RYY,GA,ASO,ES,Federal Contract Tower,0,12,41,0,53,0,6,111,3,120,0,18,152,3,173,208,0,208,381
08/16/2022,RYY,GA,ASO,ES,Federal Contract Tower,0,4,34,2,40,0,1,121,2,124,0,5,155,4,164,241,0,241,405
08/17/2022,RYY,GA,ASO,ES,Federal Contract Tower,0,6,55,1,62,0,3,41,10,54,0,9,96,11,116,122,0,122,238
08/18/2022,RYY,GA,ASO,ES,Federal Contract Tower,0,8,52,2,62,0,7,102,0,109,0,15,154,2,171,178,0,178,349
08/19/2022,RYY,GA,ASO,ES,Federal Contract Tower,0,15,40,0,55,0,2,9,0,11,0,17,49,0,66,22,0,22,88
08/20/2022,RYY,GA,ASO,ES,Federal Contract Tower,0,8,23,2,33,0,10,25,0,35,0,18,48,2,68,103,0,103,171
08/21/2022,RYY,GA,ASO,ES,Federal Contract Tower,0,11,31,3,45,0,8,17,1,26,0,19,48,4,71,58,0,58,129
08/22/2022,RYY,GA,ASO,ES,Federal Contract Tower,0,9,46,2,57,0,3,38,1,42,0,12,84,3,99,76,2,78,177
08/23/2022,RYY,GA,ASO,ES,Federal Contract Tower,0,13,54,4,71,0,5,111,0,116,0,18,165,4,187,96,0,96,283
08/24/2022,RYY,GA,ASO,ES,Federal Contract Tower,0,17,39,0,56,0,10,91,2,103,0,27,130,2,159,100,0,100,259
08/25/2022,RYY,GA,ASO,ES,Federal Contract Tower,0,8,47,6,61,0,0,45,2,47,0,8,92,8,108,60,0,60,168
08/26/2022,RYY,GA,ASO,ES,Federal Contract Tower,0,8,49,6,63,0,10,70,0,80,0,18,119,6,143,136,0,136,279
08/27/2022,RYY,GA,ASO,ES,Federal Contract Tower,0,10,37,6,53,0,3,110,2,115,0,13,147,8,168,85,0,85,253
08/28/2022,RYY,GA,ASO,ES,Federal Contract Tower,0,15,36,16,67,0,7,94,8,109,0,22,130,24,176,128,0,128,304
08/29/2022,RYY,GA,ASO,ES,Federal Contract Tower,0,10,17,0,27,0,4,111,0,115,0,14,128,0,142,76,0,76,218
08/30/2022,RYY,GA,ASO,ES,Federal Contract Tower,0,16,33,4,53,0,0,74,0,74,0,16,107,4,127,74,0,74,201
08/31/2022,RYY,GA,ASO,ES,Federal Contract Tower,0,17,45,4,66,0,3,173,8,184,0,20,218,12,250,114,4,118,368
09/01/2022,RYY,GA,ASO,ES,Federal Contract Tower,0,11,38,0,49,0,0,141,0,141,0,11,179,0,190,102,0,102,292
09/02/2022,RYY,GA,ASO,ES,Federal Contract Tower,0,23,47,0,70,0,7,101,0,108,0,30,148,0,178,67,0,67,245
09/03/2022,RYY,GA,ASO,ES,Federal Contract Tower,0,5,26,0,31,0,5,48,0,53,0,10,74,0,84,42,0,42,126
09/04/2022,RYY,GA,ASO,ES,Federal Contract Tower,0,4,24,0,28,0,0,7,0,7,0,4,31,0,35,88,0,88,123
09/05/2022,RYY,GA,ASO,ES,Federal Contract Tower,0,12,28,0,40,0,0,13,0,13,0,12,41,0,53,23,0,23,76
09/06/2022,RYY,GA,ASO,ES,Federal Contract Tower,0,10,59,0,69,0,3,70,0,73,0,13,129,0,142,216,0,216,358
09/07/2022,RYY,GA,ASO,ES,Federal Contract Tower,0,12,40,14,66,0,6,166,2,174,0,18,206,16,240,124,2,126,366
09/08/2022,RYY,GA,ASO,ES,Federal Contract Tower,0,13,30,0,43,0,4,167,4,175,0,17,197,4,218,144,0,144,362
09/09/2022,RYY,GA,ASO,ES,Federal Contract Tower,0,12,37,2,51,0,3,25,1,29,0,15,62,3,80,12,0,12,92
09/10/2022,RYY,GA,ASO,ES,Federal Contract Tower,0,9,22,1,32,0,0,0,0,0,0,9,22,1,32,0,0,0,32
09/11/2022,RYY,GA,ASO,ES,Federal Contract Tower,0,7,27,13,47,0,0,43,4,47,0,7,70,17,94,68,0,68,162
09/12/2022,RYY,GA,ASO,ES,Federal Contract Tower,0,7,34,0,41,0,11,87,0,98,0,18,121,0,139,158,0,158,297
09/13/2022,RYY,GA,ASO,ES,Federal Contract Tower,0,9,42,2,53,0,6,147,0,153,0,15,189,2,206,56,0,56,262
09/14/2022,RYY,GA,ASO,ES,Federal Contract Tower,0,8,45,10,63,0,18,177,4,199,0,26,222,14,262,184,0,184,446
09/15/2022,RYY,GA,ASO,ES,Federal Contract Tower,0,8,49,3,60,0,3,157,2,162,0,11,206,5,222,80,0,80,302
09/16/2022,RYY,GA,ASO,ES,Federal Contract Tower,0,15,42,9,66,0,6,137,1,144,0,21,179,10,210,158,0,158,368
09/17/2022,RYY,GA,ASO,ES,Federal Contract Tower,0,3,28,6,37,0,4,127,2,133,0,7,155,8,170,86,0,86,256
09/18/2022,RYY,GA,ASO,ES,Federal Contract Tower,0,18,45,9,72,0,7,164,8,179,0,25,209,17,251,128,0,128,379
09/19/2022,RYY,GA,ASO,ES,Federal Contract Tower,0,16,52,0,68,0,8,116,0,124,0,24,168,0,192,76,0,76,268
09/20/2022,RYY,GA,ASO,ES,Federal Contract Tower,0,5,28,0,33,0,7,105,0,112,0,12,133,0,145,152,0,152,297
09/21/2022,RYY,GA,ASO,ES,Federal Contract Tower,0,10,41,1,52,0,5,161,3,169,0,15,202,4,221,154,0,154,375
09/22/2022,RYY,GA,ASO,ES,Federal Contract Tower,0,6,42,2,50,0,4,110,0,114,0,10,152,2,164,80,0,80,244
09/23/2022,RYY,GA,ASO,ES,Federal Contract Tower,0,19,48,2,69,0,9,165,0,174,0,28,213,2,243,152,0,152,395
09/24/2022,RYY,GA,ASO,ES,Federal Contract Tower,0,8,27,2,37,0,0,136,0,136,0,8,163,2,173,108,0,108,281
09/25/2022,RYY,GA,ASO,ES,Federal Contract Tower,0,16,45,0,61,0,2,89,3,94,0,18,134,3,155,178,0,178,333
09/26/2022,RYY,GA,ASO,ES,Federal Contract Tower,0,11,34,1,46,0,10,112,2,124,0,21,146,3,170,128,0,128,298
09/27/2022,RYY,GA,ASO,ES,Federal Contract Tower,0,10,48,2,60,0,12,91,1,104,0,22,139,3,164,77,2,79,243
09/28/2022,RYY,GA,ASO,ES,Federal Contract Tower,0,6,38,0,44,0,4,128,0,132,0,10,166,0,176,164,0,164,340
09/29/2022,RYY,GA,ASO,ES,Federal Contract Tower,0,7,15,0,22,0,2,72,0,74,0,9,87,0,96,62,0,62,158
09/30/2022,RYY,GA,ASO,ES,Federal Contract Tower,0,10,35,0,45,0,3,36,0,39,0,13,71,0,84,62,0,62,146
10/01/2022,RYY,GA,ASO,ES,Federal Contract Tower,0,9,21,3,33,0,0,24,0,24,0,9,45,3,57,4,0,4,61
10/02/2022,RYY,GA,ASO,ES,Federal Contract Tower,0,9,30,1,40,0,0,48,2,50,0,9,78,3,90,2,0,2,92
10/03/2022,RYY,GA,ASO,ES,Federal Contract Tower,0,10,37,0,47,0,11,132,0,143,0,21,169,0,190,208,0,208,398
10/04/2022,RYY,GA,ASO,ES,Federal Contract Tower,0,9,23,1,33,0,10,136,2,148,0,19,159,3,181,236,0,236,417
10/05/2022,RYY,GA,ASO,ES,Federal Contract Tower,0,11,43,3,57,0,10,188,3,201,0,21,231,6,258,198,0,198,456
10/06/2022,RYY,GA,ASO,ES,Federal Contract Tower,0,17,50,2,69,0,8,207,8,223,0,25,257,10,292,178,0,178,470
10/07/2022,RYY,GA,ASO,ES,Federal Contract Tower,0,11,43,3,57,0,7,138,0,145,0,18,181,3,202,104,0,104,306
10/08/2022,RYY,GA,ASO,ES,Federal Contract Tower,0,3,20,15,38,0,2,126,0,128,0,5,146,15,166,76,0,76,242
10/09/2022,RYY,GA,ASO,ES,Federal Contract Tower,0,10,40,0,50,0,8,101,6,115,0,18,141,6,165,172,0,172,337
10/10/2022,RYY,GA,ASO,ES,Federal Contract Tower,0,9,34,2,45,0,10,110,0,120,0,19,144,2,165,44,0,44,209
10/11/2022,RYY,GA,ASO,ES,Federal Contract Tower,0,17,66,3,86,0,1,90,0,91,0,18,156,3,177,64,10,74,251
10/12/2022,RYY,GA,ASO,ES,Federal Contract Tower,0,9,41,2,52,0,0,0,0,0,0,9,41,2,52,6,0,6,58
10/13/2022,RYY,GA,ASO,ES,Federal Contract Tower,0,18,48,2,68,0,3,35,0,38,0,21,83,2,106,62,0,62,168
10/14/2022,RYY,GA,ASO,ES,Federal Contract Tower,0,12,45,5,62,0,6,152,2,160,0,18,197,7,222,170,0,170,392
10/15/2022,RYY,GA,ASO,ES,Federal Contract Tower,0,5,28,0,33,0,6,137,0,143,0,11,165,0,176,118,0,118,294
10/16/2022,RYY,GA,ASO,ES,Federal Contract Tower,0,14,40,22,76,0,18,132,8,158,0,32,172,30,234,92,0,92,326
10/17/2022,RYY,GA,ASO,ES,Federal Contract Tower,0,16,58,0,74,0,8,88,2,98,0,24,146,2,172,82,0,82,254
10/18/2022,RYY,GA,ASO,ES,Federal Contract Tower,0,10,23,1,34,0,3,55,0,58,0,13,78,1,92,16,0,16,108
10/19/2022,RYY,GA,ASO,ES,Federal Contract Tower,0,15,37,0,52,0,9,146,2,157,0,24,183,2,209,170,0,170,379
10/20/2022,RYY,GA,ASO,ES,Federal Contract Tower,0,13,43,0,56,0,6,172,0,178,0,19,215,0,234,184,0,184,418
10/21/2022,RYY,GA,ASO,ES,Federal Contract Tower,0,14,39,0,53,0,12,125,3,140,0,26,164,3,193,80,2,82,275
10/22/2022,RYY,GA,ASO,ES,Federal Contract Tower,0,0,0,0,0,0,1,0,0,1,0,1,0,0,1,0,0,0,1
10/23/2022,RYY,GA,ASO,ES,Federal Contract Tower,0,0,0,0,0,0,1,0,0,1,0,1,0,0,1,0,0,0,1
10/24/2022,RYY,GA,ASO,ES,Federal Contract Tower,0,15,40,0,55,0,11,118,4,133,0,26,158,4,188,174,0,174,362
10/25/2022,RYY,GA,ASO,ES,Federal Contract Tower,0,8,34,0,42,0,3,87,1,91,0,11,121,1,133,98,0,98,231
10/26/2022,RYY,GA,ASO,ES,Federal Contract Tower,0,14,54,6,74,0,7,66,4,77,0,21,120,10,151,14,2,16,167
10/27/2022,RYY,GA,ASO,ES,Federal Contract Tower,0,7,37,2,46,0,3,175,0,178,0,10,212,2,224,210,0,210,434
10/28/2022,RYY,GA,ASO,ES,Federal Contract Tower,0,3,35,0,38,0,5,124,0,129,0,8,159,0,167,164,0,164,331
10/29/2022,RYY,GA,ASO,ES,Federal Contract Tower,0,11,31,2,44,0,4,33,0,37,0,15,64,2,81,162,0,162,243
10/30/2022,RYY,GA,ASO,ES,Federal Contract Tower,0,12,31,0,43,0,0,0,0,0,0,12,31,0,43,0,0,0,43
10/31/2022,RYY,GA,ASO,ES,Federal Contract Tower,0,11,33,0,44,0,2,22,0,24,0,13,55,0,68,50,0,50,118
11/01/2022,RYY,GA,ASO,ES,Federal Contract Tower,0,13,36,4,53,0,4,97,1,102,0,17,133,5,155,150,0,150,305
11/02/2022,RYY,GA,ASO,ES,Federal Contract Tower,0,6,47,3,56,0,9,158,2,169,0,15,205,5,225,154,4,158,383
11/03/2022,RYY,GA,ASO,ES,Federal Contract Tower,0,13,41,0,54,0,6,136,0,142,0,19,177,0,196,190,0,190,386
11/04/2022,RYY,GA,ASO,ES,Federal Contract Tower,0,17,49,5,71,0,3,186,2,191,0,20,235,7,262,206,2,208,470
11/05/2022,RYY,GA,ASO,ES,Federal Contract Tower,0,9,36,0,45,0,1,20,2,23,0,10,56,2,68,44,0,44,112
11/06/2022,RYY,GA,ASO,ES,Federal Contract Tower,0,11,43,25,79,0,10,97,14,121,0,21,140,39,200,217,0,217,417
11/07/2022,RYY,GA,ASO,ES,Federal Contract Tower,0,7,65,0,72,0,5,74,0,79,0,12,139,0,151,130,0,130,281
11/08/2022,RYY,GA,ASO,ES,Federal Contract Tower,0,14,23,1,38,0,17,162,0,179,0,31,185,1,217,27,0,27,244
11/09/2022,RYY,GA,ASO,ES,Federal Contract Tower,0,4,28,0,32,0,8,61,2,71,0,12,89,2,103,52,0,52,155
11/10/2022,RYY,GA,ASO,ES,Federal Contract Tower,0,6,41,1,48,0,0,4,0,4,0,6,45,1,52,16,0,16,68
11/11/2022,RYY,GA,ASO,ES,Federal Contract Tower,0,15,26,0,41,0,0,0,0,0,0,15,26,0,41,0,0,0,41
11/12/2022,RYY,GA,ASO,ES,Federal Contract Tower,0,15,32,4,51,0,4,17,0,21,0,19,49,4,72,76,0,76,148
11/13/2022,RYY,GA,ASO,ES,Federal Contract Tower,0,14,29,0,43,0,9,80,0,89,0,23,109,0,132,24,0,24,156
11/14/2022,RYY,GA,ASO,ES,Federal Contract Tower,0,11,37,0,48,0,13,114,1,128,0,24,151,1,176,152,0,152,328
11/15/2022,RYY,GA,ASO,ES,Federal Contract Tower,0,2,22,1,25,0,0,0,0,0,0,2,22,1,25,0,0,0,25
11/16/2022,RYY,GA,ASO,ES,Federal Contract Tower,0,9,40,0,49,0,7,75,2,84,0,16,115,2,133,136,0,136,269
11/17/2022,RYY,GA,ASO,ES,Federal Contract Tower,0,9,39,11,59,0,4,171,7,182,0,13,210,18,241,172,0,172,413
11/18/2022,RYY,GA,ASO,ES,Federal Contract Tower,0,18,48,0,66,0,13,205,0,218,0,31,253,0,284,136,2,138,422
11/19/2022,RYY,GA,ASO,ES,Federal Contract Tower,0,7,32,5,44,0,2,156,3,161,0,9,188,8,205,118,0,118,323
11/20/2022,RYY,GA,ASO,ES,Federal Contract Tower,0,6,32,29,67,0,8,114,11,133,0,14,146,40,200,76,0,76,276
11/21/2022,RYY,GA,ASO,ES,Federal Contract Tower,0,9,49,1,59,0,13,169,0,182,0,22,218,1,241,210,0,210,451
11/22/2022,RYY,GA,ASO,ES,Federal Contract Tower,0,11,39,1,51,0,8,208,7,223,0,19,247,8,274,158,0,158,432
11/23/2022,RYY,GA,ASO,ES,Federal Contract Tower,0,20,46,0,66,0,10,182,0,192,0,30,228,0,258,140,0,140,398
11/24/2022,RYY,GA,ASO,ES,Federal Contract Tower,0,7,7,0,14,0,2,9,0,11,0,9,16,0,25,14,0,14,39
11/25/2022,RYY,GA,ASO,ES,Federal Contract Tower,0,9,20,0,29,0,2,19,0,21,0,11,39,0,50,8,0,8,58
11/26/2022,RYY,GA,ASO,ES,Federal Contract Tower,0,10,34,0,44,0,4,87,2,93,0,14,121,2,137,46,0,46,183
11/27/2022,RYY,GA,ASO,ES,Federal Contract Tower,0,15,42,4,61,0,17,31,0,48,0,32,73,4,109,0,0,0,109
11/28/2022,RYY,GA,ASO,ES,Federal Contract Tower,0,18,45,1,64,0,16,124,5,145,0,34,169,6,209,188,0,188,397
11/29/2022,RYY,GA,ASO,ES,Federal Contract Tower,0,10,27,2,39,0,7,96,0,103,0,17,123,2,142,104,0,104,246
11/30/2022,RYY,GA,ASO,ES,Federal Contract Tower,0,6,29,0,35,0,3,28,0,31,0,9,57,0,66,12,0,12,78
12/01/2022,RYY,GA,ASO,ES,Federal Contract Tower,0,11,44,1,56,0,8,173,5,186,0,19,217,6,242,156,0,156,398
12/02/2022,RYY,GA,ASO,ES,Federal Contract Tower,0,8,38,6,52,0,5,168,3,176,0,13,206,9,228,190,0,190,418
12/03/2022,RYY,GA,ASO,ES,Federal Contract Tower,0,12,33,3,48,0,0,1,0,1,0,12,34,3,49,10,0,10,59
12/04/2022,RYY,GA,ASO,ES,Federal Contract Tower,0,15,26,14,55,0,7,144,4,155,0,22,170,18,210,138,0,138,348
12/05/2022,RYY,GA,ASO,ES,Federal Contract Tower,0,17,40,0,57,0,0,0,0,0,0,17,40,0,57,18,0,18,75
12/06/2022,RYY,GA,ASO,ES,Federal Contract Tower,0,7,33,0,40,0,0,0,0,0,0,7,33,0,40,0,0,0,40
12/07/2022,RYY,GA,ASO,ES,Federal Contract Tower,0,16,46,0,62,0,0,2,0,2,0,16,48,0,64,32,0,32,96
12/08/2022,RYY,GA,ASO,ES,Federal Contract Tower,0,14,66,0,80,0,0,97,0,97,0,14,163,0,177,194,0,194,371
12/09/2022,RYY,GA,ASO,ES,Federal Contract Tower,0,2,34,0,36,0,0,0,0,0,0,2,34,0,36,0,0,0,36
12/10/2022,RYY,GA,ASO,ES,Federal Contract Tower,0,3,39,2,44,0,0,1,0,1,0,3,40,2,45,4,0,4,49
12/11/2022,RYY,GA,ASO,ES,Federal Contract Tower,0,8,17,0,25,0,0,0,0,0,0,8,17,0,25,0,0,0,25
12/12/2022,RYY,GA,ASO,ES,Federal Contract Tower,0,11,40,0,51,0,0,59,0,59,0,11,99,0,110,201,0,201,311
12/13/2022,RYY,GA,ASO,ES,Federal Contract Tower,0,7,49,0,56,0,0,83,0,83,0,7,132,0,139,158,0,158,297
12/14/2022,RYY,GA,ASO,ES,Federal Contract Tower,0,6,19,0,25,0,0,0,0,0,0,6,19,0,25,0,0,0,25
12/15/2022,RYY,GA,ASO,ES,Federal Contract Tower,0,12,55,0,67,0,8,126,0,134,0,20,181,0,201,86,0,86,287
12/16/2022,RYY,GA,ASO,ES,Federal Contract Tower,0,17,32,5,54,0,9,181,1,191,0,26,213,6,245,206,0,206,451
12/17/2022,RYY,GA,ASO,ES,Federal Contract Tower,0,7,32,3,42,0,6,173,2,181,0,13,205,5,223,194,0,194,417
12/18/2022,RYY,GA,ASO,ES,Federal Contract Tower,0,14,24,5,43,0,7,109,6,122,0,21,133,11,165,74,0,74,239
12/19/2022,RYY,GA,ASO,ES,Federal Contract Tower,0,11,29,0,40,0,8,165,3,176,0,19,194,3,216,258,0,258,474
12/20/2022,RYY,GA,ASO,ES,Federal Contract Tower,0,12,31,0,43,0,0,4,0,4,0,12,35,0,47,56,0,56,103
12/21/2022,RYY,GA,ASO,ES,Federal Contract Tower,0,13,45,0,58,0,7,132,2,141,0,20,177,2,199,283,0,283,482
12/22/2022,RYY,GA,ASO,ES,Federal Contract Tower,0,12,17,0,29,0,0,0,0,0,0,12,17,0,29,0,0,0,29
12/23/2022,RYY,GA,ASO,ES,Federal Contract Tower,0,7,15,0,22,0,0,4,0,4,0,7,19,0,26,0,0,0,26
12/24/2022,RYY,GA,ASO,ES,Federal Contract Tower,0,8,11,0,19,0,0,0,0,0,0,8,11,0,19,0,0,0,19
12/25/2022,RYY,GA,ASO,ES,Federal Contract Tower,0,10,2,0,12,0,7,10,0,17,0,17,12,0,29,6,0,6,35
12/26/2022,RYY,GA,ASO,ES,Federal Contract Tower,0,16,24,0,40,0,3,71,0,74,0,19,95,0,114,106,0,106,220
12/27/2022,RYY,GA,ASO,ES,Federal Contract Tower,0,15,26,0,41,0,5,141,0,146,0,20,167,0,187,138,0,138,325
12/28/2022,RYY,GA,ASO,ES,Federal Contract Tower,0,11,33,0,44,0,3,164,0,167,0,14,197,0,211,92,0,92,303
12/29/2022,RYY,GA,ASO,ES,Federal Contract Tower,0,10,33,0,43,0,2,166,2,170,0,12,199,2,213,162,6,168,381
12/30/2022,RYY,GA,ASO,ES,Federal Contract Tower,0,11,46,0,57,0,2,34,0,36,0,13,80,0,93,72,0,72,165
12/31/2022,RYY,GA,ASO,ES,Federal Contract Tower,0,6,8,0,14,0,0,4,0,4,0,6,12,0,18,0,0,0,18
01/01/2023,RYY,GA,ASO,ES,Federal Contract Tower,0,7,13,0,20,0,6,41,0,47,0,13,54,0,67,56,0,56,123
01/02/2023,RYY,GA,ASO,ES,Federal Contract Tower,0,15,57,0,72,0,0,8,0,8,0,15,65,0,80,47,0,47,127
01/03/2023,RYY,GA,ASO,ES,Federal Contract Tower,0,4,18,0,22,0,0,3,0,3,0,4,21,0,25,0,0,0,25
01/04/2023,RYY,GA,ASO,ES,Federal Contract Tower,0,10,24,2,36,0,8,42,0,50,0,18,66,2,86,86,2,88,174
01/05/2023,RYY,GA,ASO,ES,Federal Contract Tower,1,13,34,13,61,0,5,158,4,167,1,18,192,17,228,188,2,190,418
01/06/2023,RYY,GA,ASO,ES,Federal Contract Tower,0,9,41,8,58,0,4,199,1,204,0,13,240,9,262,204,0,204,466
01/07/2023,RYY,GA,ASO,ES,Federal Contract Tower,0,6,27,0,33,0,3,196,2,201,0,9,223,2,234,170,0,170,404
01/08/2023,RYY,GA,ASO,ES,Federal Contract Tower,0,8,26,0,34,0,6,19,0,25,0,14,45,0,59,92,0,92,151
01/09/2023,RYY,GA,ASO,ES,Federal Contract Tower,0,4,40,0,44,0,9,82,0,91,0,13,122,0,135,86,0,86,221
01/10/2023,RYY,GA,ASO,ES,Federal Contract Tower,0,11,33,0,44,0,11,141,0,152,0,22,174,0,196,262,0,262,458
01/11/2023,RYY,GA,ASO,ES,Federal Contract Tower,0,9,54,6,69,0,7,61,1,69,0,16,115,7,138,170,0,170,308
01/12/2023,RYY,GA,ASO,ES,Federal Contract Tower,0,10,18,0,28,0,4,5,0,9,0,14,23,0,37,6,0,6,43
01/13/2023,RYY,GA,ASO,ES,Federal Contract Tower,0,17,44,2,63,0,0,11,0,11,0,17,55,2,74,56,0,56,130
01/14/2023,RYY,GA,ASO,ES,Federal Contract Tower,0,4,26,2,32,0,0,53,1,54,0,4,79,3,86,20,0,20,106
01/15/2023,RYY,GA,ASO,ES,Federal Contract Tower,0,10,36,0,46,0,3,102,0,105,0,13,138,0,151,80,0,80,231
01/16/2023,RYY,GA,ASO,ES,Federal Contract Tower,0,5,37,0,42,0,0,170,0,170,0,5,207,0,212,180,2,182,394
01/17/2023,RYY,GA,ASO,ES,Federal Contract Tower,0,4,20,0,24,0,0,0,0,0,0,4,20,0,24,0,0,0,24
01/18/2023,RYY,GA,ASO,ES,Federal Contract Tower,0,17,31,2,50,0,0,0,0,0,0,17,31,2,50,0,0,0,50
01/19/2023,RYY,GA,ASO,ES,Federal Contract Tower,0,14,26,2,42,0,2,35,12,49,0,16,61,14,91,36,0,36,127
01/20/2023,RYY,GA,ASO,ES,Federal Contract Tower,0,8,32,2,42,0,8,172,3,183,0,16,204,5,225,204,0,204,429
01/21/2023,RYY,GA,ASO,ES,Federal Contract Tower,0,6,16,0,22,0,2,187,3,192,0,8,203,3,214,166,0,166,380
01/22/2023,RYY,GA,ASO,ES,Federal Contract Tower,0,4,19,0,23,0,0,0,0,0,0,4,19,0,23,0,0,0,23
01/23/2023,RYY,GA,ASO,ES,Federal Contract Tower,0,6,40,0,46,0,11,51,1,63,0,17,91,1,109,88,0,88,197
01/24/2023,RYY,GA,ASO,ES,Federal Contract Tower,0,5,40,0,45,0,2,146,8,156,0,7,186,8,201,169,0,169,370
01/25/2023,RYY,GA,ASO,ES,Federal Contract Tower,0,4,24,4,32,0,4,22,2,28,0,8,46,6,60,44,8,52,112
01/26/2023,RYY,GA,ASO,ES,Federal Contract Tower,0,17,44,2,63,0,2,57,4,63,0,19,101,6,126,80,2,82,208
01/27/2023,RYY,GA,ASO,ES,Federal Contract Tower,0,12,37,1,50,0,6,192,4,202,0,18,229,5,252,140,0,140,392
01/28/2023,RYY,GA,ASO,ES,Federal Contract Tower,0,4,23,1,28,0,2,199,0,201,0,6,222,1,229,208,0,208,437
01/29/2023,RYY,GA,ASO,ES,Federal Contract Tower,0,7,25,0,32,0,0,21,0,21,0,7,46,0,53,34,0,34,87
01/30/2023,RYY,GA,ASO,ES,Federal Contract Tower,0,17,28,0,45,0,0,0,0,0,0,17,28,0,45,0,0,0,45
01/31/2023,RYY,GA,ASO,ES,Federal Contract Tower,0,8,20,0,28,0,0,0,0,0,0,8,20,0,28,0,0,0,28
02/01/2023,RYY,GA,ASO,ES,Federal Contract Tower,0,10,34,4,48,0,2,19,2,23,0,12,53,6,71,42,0,42,113
02/02/2023,RYY,GA,ASO,ES,Federal Contract Tower,0,10,36,2,48,0,0,0,0,0,0,10,36,2,48,0,0,0,48
02/03/2023,RYY,GA,ASO,ES,Federal Contract Tower,0,16,37,0,53,0,3,142,3,148,0,19,179,3,201,78,0,78,279
02/04/2023,RYY,GA,ASO,ES,Federal Contract Tower,0,8,25,0,33,0,1,197,2,200,0,9,222,2,233,114,2,116,349
02/05/2023,RYY,GA,ASO,ES,Federal Contract Tower,0,8,22,6,36,0,5,126,16,147,0,13,148,22,183,194,0,194,377
02/06/2023,RYY,GA,ASO,ES,Federal Contract Tower,0,6,31,0,37,0,5,196,2,203,0,11,227,2,240,254,0,254,494
02/07/2023,RYY,GA,ASO,ES,Federal Contract Tower,0,13,38,0,51,0,8,194,0,202,0,21,232,0,253,124,0,124,377
02/08/2023,RYY,GA,ASO,ES,Federal Contract Tower,0,11,49,3,63,0,4,161,2,167,0,15,210,5,230,230,0,230,460
02/09/2023,RYY,GA,ASO,ES,Federal Contract Tower,0,15,35,0,50,0,2,7,0,9,0,17,42,0,59,24,0,24,83
02/10/2023,RYY,GA,ASO,ES,Federal Contract Tower,0,12,36,1,49,0,5,156,0,161,0,17,192,1,210,144,0,144,354
02/11/2023,RYY,GA,ASO,ES,Federal Contract Tower,0,3,15,0,18,0,2,6,0,8,0,5,21,0,26,22,0,22,48
02/12/2023,RYY,GA,ASO,ES,Federal Contract Tower,0,6,17,2,25,0,0,2,0,2,0,6,19,2,27,0,0,0,27
02/13/2023,RYY,GA,ASO,ES,Federal Contract Tower,0,8,19,0,27,0,8,157,0,165,0,16,176,0,192,148,0,148,340
02/14/2023,RYY,GA,ASO,ES,Federal Contract Tower,0,11,20,5,36,0,2,119,0,121,0,13,139,5,157,108,0,108,265
02/15/2023,RYY,GA,ASO,ES,Federal Contract Tower,0,12,32,0,44,0,0,9,0,9,0,12,41,0,53,52,0,52,105
02/16/2023,RYY,GA,ASO,ES,Federal Contract Tower,0,16,58,2,76,0,0,28,0,28,0,16,86,2,104,84,0,84,188
02/17/2023,RYY,GA,ASO,ES,Federal Contract Tower,0,13,38,0,51,0,6,4,0,10,0,19,42,0,61,0,0,0,61
02/18/2023,RYY,GA,ASO,ES,Federal Contract Tower,0,3,25,0,28,0,9,222,3,234,0,12,247,3,262,178,0,178,440
02/19/2023,RYY,GA,ASO,ES,Federal Contract Tower,0,8,53,3,64,0,6,153,4,163,0,14,206,7,227,178,0,178,405
02/20/2023,RYY,GA,ASO,ES,Federal Contract Tower,0,7,28,1,36,0,1,107,1,109,0,8,135,2,145,112,0,112,257
02/21/2023,RYY,GA,ASO,ES,Federal Contract Tower,0,9,54,2,65,0,4,30,0,34,0,13,84,2,99,165,0,165,264
02/22/2023,RYY,GA,ASO,ES,Federal Contract Tower,0,14,38,0,52,0,8,85,0,93,0,22,123,0,145,80,0,80,225
02/23/2023,RYY,GA,ASO,ES,Federal Contract Tower,0,20,69,1,90,0,1,73,1,75,0,21,142,2,165,184,0,184,349
02/24/2023,RYY,GA,ASO,ES,Federal Contract Tower,0,10,47,1,58,0,3,118,2,123,0,13,165,3,181,126,0,126,307
02/25/2023,RYY,GA,ASO,ES,Federal Contract Tower,0,3,30,0,33,0,0,0,0,0,0,3,30,0,33,0,0,0,33
02/26/2023,RYY,GA,ASO,ES,Federal Contract Tower,0,16,47,5,68,0,4,30,2,36,0,20,77,7,104,132,0,132,236
02/27/2023,RYY,GA,ASO,ES,Federal Contract Tower,0,6,49,1,56,0,5,9,0,14,0,11,58,1,70,0,0,0,70
02/28/2023,RYY,GA,ASO,ES,Federal Contract Tower,0,7,29,0,36,0,6,226,4,236,0,13,255,4,272,266,0,266,538
03/01/2023,RYY,GA,ASO,ES,Federal Contract Tower,0,9,39,0,48,0,4,63,0,67,0,13,102,0,115,200,0,200,315
03/02/2023,RYY,GA,ASO,ES,Federal Contract Tower,0,7,25,4,36,0,0,5,0,5,0,7,30,4,41,26,0,26,67
03/03/2023,RYY,GA,ASO,ES,Federal Contract Tower,0,14,16,0,30,0,1,1,0,2,0,15,17,0,32,0,0,0,32
03/04/2023,RYY,GA,ASO,ES,Federal Contract Tower,0,5,37,0,42,0,7,240,0,247,0,12,277,0,289,178,0,178,467
03/05/2023,RYY,GA,ASO,ES,Federal Contract Tower,0,5,24,5,34,0,20,140,6,166,0,25,164,11,200,108,8,116,316
03/06/2023,RYY,GA,ASO,ES,Federal Contract Tower,0,10,31,0,41,0,16,155,2,173,0,26,186,2,214,214,0,214,428
03/07/2023,RYY,GA,ASO,ES,Federal Contract Tower,0,7,47,1,55,0,7,141,0,148,0,14,188,1,203,206,0,206,409
03/08/2023,RYY,GA,ASO,ES,Federal Contract Tower,0,12,46,2,60,0,4,192,6,202,0,16,238,8,262,170,0,170,432
03/09/2023,RYY,GA,ASO,ES,Federal Contract Tower,0,9,49,0,58,0,9,50,0,59,0,18,99,0,117,200,0,200,317
03/10/2023,RYY,GA,ASO,ES,Federal Contract Tower,0,4,30,3,37,0,3,35,0,38,0,7,65,3,75,78,0,78,153
03/11/2023,RYY,GA,ASO,ES,Federal Contract Tower,0,6,28,0,34,0,18,174,0,192,0,24,202,0,226,184,0,184,410
03/12/2023,RYY,GA,ASO,ES,Federal Contract Tower,0,8,19,2,29,0,0,0,0,0,0,8,19,2,29,0,0,0,29
03/13/2023,RYY,GA,ASO,ES,Federal Contract Tower,0,15,33,2,50,0,4,61,0,65,0,19,94,2,115,24,0,24,139
03/14/2023,RYY,GA,ASO,ES,Federal Contract Tower,0,8,25,2,35,0,14,133,2,149,0,22,158,4,184,78,0,78,262
03/15/2023,RYY,GA,ASO,ES,Federal Contract Tower,0,13,41,2,56,0,22,194,2,218,0,35,235,4,274,256,0,256,530
03/16/2023,RYY,GA,ASO,ES,Federal Contract Tower,0,15,48,2,65,0,34,217,0,251,0,49,265,2,316,196,0,196,512
03/17/2023,RYY,GA,ASO,ES,Federal Contract Tower,0,13,26,0,39,0,1,0,0,1,0,14,26,0,40,0,0,0,40
03/18/2023,RYY,GA,ASO,ES,Federal Contract Tower,0,4,29,7,40,0,9,44,1,54,0,13,73,8,94,68,0,68,162
03/19/2023,RYY,GA,ASO,ES,Federal Contract Tower,0,8,40,0,48,0,6,75,5,86,0,14,115,5,134,64,0,64,198
03/20/2023,RYY,GA,ASO,ES,Federal Contract Tower,0,7,21,0,28,0,31,136,0,167,0,38,157,0,195,315,0,315,510
03/21/2023,RYY,GA,ASO,ES,Federal Contract Tower,0,6,26,1,33,0,132,37,1,170,0,138,63,2,203,174,0,174,377
03/22/2023,RYY,GA,ASO,ES,Federal Contract Tower,0,18,46,6,70,0,14,88,0,102,0,32,134,6,172,276,0,276,448
03/23/2023,RYY,GA,ASO,ES,Federal Contract Tower,0,10,37,6,53,0,21,167,0,188,0,31,204,6,241,160,0,160,401
03/24/2023,RYY,GA,ASO,ES,Federal Contract Tower,0,11,41,0,52,0,8,88,2,98,0,19,129,2,150,214,0,214,364
03/25/2023,RYY,GA,ASO,ES,Federal Contract Tower,0,6,22,0,28,0,3,60,0,63,0,9,82,0,91,60,0,60,151
03/26/2023,RYY,GA,ASO,ES,Federal Contract Tower,0,9,37,0,46,0,4,8,0,12,0,13,45,0,58,158,0,158,216
03/27/2023,RYY,GA,ASO,ES,Federal Contract Tower,0,8,54,0,62,0,5,99,0,104,0,13,153,0,166,148,0,148,314
03/28/2023,RYY,GA,ASO,ES,Federal Contract Tower,0,17,36,2,55,0,14,110,0,124,0,31,146,2,179,152,0,152,331
03/29/2023,RYY,GA,ASO,ES,Federal Contract Tower,0,7,44,4,55,0,29,183,0,212,0,36,227,4,267,275,0,275,542
03/30/2023,RYY,GA,ASO,ES,Federal Contract Tower,0,13,43,3,59,0,29,196,1,226,0,42,239,4,285,184,0,184,469
03/31/2023,RYY,GA,ASO,ES,Federal Contract Tower,0,10,41,0,51,0,14,101,2,117,0,24,142,2,168,64,0,64,232
04/01/2023,RYY,GA,ASO,ES,Federal Contract Tower,0,4,20,2,26,0,6,10,1,17,0,10,30,3,43,10,0,10,53
04/02/2023,RYY,GA,ASO,ES,Federal Contract Tower,0,17,25,4,46,0,25,121,3,149,0,42,146,7,195,200,0,200,395
04/03/2023,RYY,GA,ASO,ES,Federal Contract Tower,0,10,37,4,51,0,3,22,1,26,0,13,59,5,77,92,0,92,169
04/04/2023,RYY,GA,ASO,ES,Federal Contract Tower,0,13,34,1,48,0,5,54,2,61,0,18,88,3,109,130,0,130,239
04/05/2023,RYY,GA,ASO,ES,Federal Contract Tower,0,12,47,1,60,0,9,72,1,82,0,21,119,2,142,94,2,96,238
04/06/2023,RYY,GA,ASO,ES,Federal Contract Tower,0,12,44,2,58,0,7,159,3,169,0,19,203,5,227,144,0,144,371
04/07/2023,RYY,GA,ASO,ES,Federal Contract Tower,0,8,31,0,39,0,6,17,0,23,0,14,48,0,62,78,0,78,140
04/08/2023,RYY,GA,ASO,ES,Federal Contract Tower,0,10,15,0,25,0,0,2,1,3,0,10,17,1,28,0,0,0,28
04/09/2023,RYY,GA,ASO,ES,Federal Contract Tower,0,11,28,5,44,0,7,36,1,44,0,18,64,6,88,30,0,30,118
04/10/2023,RYY,GA,ASO,ES,Federal Contract Tower,0,18,37,0,55,0,0,0,0,0,0,18,37,0,55,172,0,172,227
04/11/2023,RYY,GA,ASO,ES,Federal Contract Tower,0,6,30,0,36,0,45,153,2,200,0,51,183,2,236,254,0,254,490
04/12/2023,RYY,GA,ASO,ES,Federal Contract Tower,0,10,31,0,41,0,41,174,0,215,0,51,205,0,256,228,0,228,484
04/13/2023,RYY,GA,ASO,ES,Federal Contract Tower,0,7,40,0,47,0,0,22,0,22,0,7,62,0,69,94,0,94,163
04/14/2023,RYY,GA,ASO,ES,Federal Contract Tower,0,9,40,7,56,0,0,19,4,23,0,9,59,11,79,84,2,86,165
04/15/2023,RYY,GA,ASO,ES,Federal Contract Tower,0,6,18,3,27,0,27,158,1,186,0,33,176,4,213,16,0,16,229
04/16/2023,RYY,GA,ASO,ES,Federal Contract Tower,0,8,21,26,55,0,4,6,10,20,0,12,27,36,75,66,0,66,141
04/17/2023,RYY,GA,ASO,ES,Federal Contract Tower,0,5,29,0,34,0,15,64,2,81,0,20,93,2,115,70,0,70,185
04/18/2023,RYY,GA,ASO,ES,Federal Contract Tower,0,16,38,1,55,0,34,166,0,200,0,50,204,1,255,262,0,262,517
04/19/2023,RYY,GA,ASO,ES,Federal Contract Tower,0,16,36,2,54,0,32,166,8,206,0,48,202,10,260,236,0,236,496
04/20/2023,RYY,GA,ASO,ES,Federal Contract Tower,0,7,38,1,46,0,23,184,3,210,0,30,222,4,256,110,0,110,366
04/21/2023,RYY,GA,ASO,ES,Federal Contract Tower,0,27,42,4,73,0,19,185,0,204,0,46,227,4,277,94,0,94,371
04/22/2023,RYY,GA,ASO,ES,Federal Contract Tower,0,10,36,2,48,0,6,52,0,58,0,16,88,2,106,10,0,10,116
04/23/2023,RYY,GA,ASO,ES,Federal Contract Tower,0,23,31,11,65,0,23,164,4,191,0,46,195,15,256,164,0,164,420
04/24/2023,RYY,GA,ASO,ES,Federal Contract Tower,0,13,33,2,48,0,40,134,0,174,0,53,167,2,222,200,0,200,422
04/25/2023,RYY,GA,ASO,ES,Federal Contract Tower,0,14,40,0,54,0,27,128,0,155,0,41,168,0,209,228,0,228,437
04/26/2023,RYY,GA,ASO,ES,Federal Contract Tower,0,18,44,2,64,0,1,2,0,3,0,19,46,2,67,4,0,4,71
04/27/2023,RYY,GA,ASO,ES,Federal Contract Tower,0,16,24,0,40,0,0,0,0,0,0,16,24,0,40,0,0,0,40
04/28/2023,RYY,GA,ASO,ES,Federal Contract Tower,0,5,39,0,44,0,15,59,0,74,0,20,98,0,118,122,0,122,240
04/29/2023,RYY,GA,ASO,ES,Federal Contract Tower,0,10,23,1,34,0,25,147,1,173,0,35,170,2,207,214,0,214,421
04/30/2023,RYY,GA,ASO,ES,Federal Contract Tower,0,18,19,4,41,0,3,9,0,12,0,21,28,4,53,4,0,4,57
05/01/2023,RYY,GA,ASO,ES,Federal Contract Tower,0,10,42,0,52,0,6,56,0,62,0,16,98,0,114,122,0,122,236
05/02/2023,RYY,GA,ASO,ES,Federal Contract Tower,0,6,21,2,29,0,12,66,0,78,0,18,87,2,107,134,0,134,241
05/03/2023,RYY,GA,ASO,ES,Federal Contract Tower,0,2,24,0,26,0,6,89,0,95,0,8,113,0,121,116,0,116,237
05/04/2023,RYY,GA,ASO,ES,Federal Contract Tower,0,24,55,2,81,0,23,195,1,219,0,47,250,3,300,242,0,242,542
05/05/2023,RYY,GA,ASO,ES,Federal Contract Tower,0,13,44,0,57,0,31,128,0,159,0,44,172,0,216,156,0,156,372
05/06/2023,RYY,GA,ASO,ES,Federal Contract Tower,0,6,29,0,35,0,8,66,0,74,0,14,95,0,109,240,0,240,349
05/07/2023,RYY,GA,ASO,ES,Federal Contract Tower,0,23,36,4,63,0,21,65,4,90,0,44,101,8,153,202,0,202,355
05/08/2023,RYY,GA,ASO,ES,Federal Contract Tower,0,14,39,1,54,0,23,86,0,109,0,37,125,1,163,276,0,276,439
05/09/2023,RYY,GA,ASO,ES,Federal Contract Tower,0,38,8,3,49,0,23,72,0,95,0,61,80,3,144,186,0,186,330
05/10/2023,RYY,GA,ASO,ES,Federal Contract Tower,0,16,51,7,74,0,21,163,1,185,0,37,214,8,259,350,3,353,612
05/11/2023,RYY,GA,ASO,ES,Federal Contract Tower,0,14,53,3,70,0,32,111,0,143,0,46,164,3,213,298,0,298,511
05/12/2023,RYY,GA,ASO,ES,Federal Contract Tower,0,10,47,0,57,0,5,22,0,27,0,15,69,0,84,132,0,132,216
05/13/2023,RYY,GA,ASO,ES,Federal Contract Tower,0,13,26,1,40,0,12,96,0,108,0,25,122,1,148,166,0,166,314
05/14/2023,RYY,GA,ASO,ES,Federal Contract Tower,0,10,22,7,39,0,22,85,2,109,0,32,107,9,148,208,0,208,356
05/15/2023,RYY,GA,ASO,ES,Federal Contract Tower,0,9,37,0,46,0,12,97,0,109,0,21,134,0,155,144,0,144,299
05/16/2023,RYY,GA,ASO,ES,Federal Contract Tower,0,11,48,2,61,0,3,40,0,43,0,14,88,2,104,124,0,124,228
05/17/2023,RYY,GA,ASO,ES,Federal Contract Tower,0,5,53,4,62,0,14,42,0,56,0,19,95,4,118,156,2,158,276
05/18/2023,RYY,GA,ASO,ES,Federal Contract Tower,0,7,49,2,58,0,4,1,0,5,0,11,50,2,63,2,0,2,65
05/19/2023,RYY,GA,ASO,ES,Federal Contract Tower,0,17,60,3,80,0,20,100,0,120,0,37,160,3,200,288,0,288,488
05/20/2023,RYY,GA,ASO,ES,Federal Contract Tower,0,7,38,4,49,0,1,17,0,18,0,8,55,4,67,92,0,92,159
05/21/2023,RYY,GA,ASO,ES,Federal Contract Tower,0,23,44,18,85,0,14,67,7,88,0,37,111,25,173,64,0,64,237
05/22/2023,RYY,GA,ASO,ES,Federal Contract Tower,0,17,30,5,52,0,19,94,1,114,0,36,124,6,166,166,0,166,332
05/23/2023,RYY,GA,ASO,ES,Federal Contract Tower,0,14,27,0,41,0,17,64,0,81,0,31,91,0,122,110,0,110,232
05/24/2023,RYY,GA,ASO,ES,Federal Contract Tower,0,12,37,0,49,0,19,175,4,198,0,31,212,4,247,232,0,232,479
05/25/2023,RYY,GA,ASO,ES,Federal Contract Tower,0,21,28,0,49,0,13,163,0,176,0,34,191,0,225,206,0,206,431
05/26/2023,RYY,GA,ASO,ES,Federal Contract Tower,0,18,40,5,63,0,17,128,1,146,0,35,168,6,209,150,10,160,369
05/27/2023,RYY,GA,ASO,ES,Federal Contract Tower,0,8,20,0,28,0,16,69,0,85,0,24,89,0,113,130,0,130,243
05/28/2023,RYY,GA,ASO,ES,Federal Contract Tower,0,9,19,1,29,0,15,75,5,95,0,24,94,6,124,118,0,118,242
05/29/2023,RYY,GA,ASO,ES,Federal Contract Tower,0,17,40,0,57,0,9,79,0,88,0,26,119,0,145,156,0,156,301
05/30/2023,RYY,GA,ASO,ES,Federal Contract Tower,0,18,41,0,59,0,13,135,4,152,0,31,176,4,211,166,0,166,377
05/31/2023,RYY,GA,ASO,ES,Federal Contract Tower,0,15,49,1,65,0,16,42,0,58,0,31,91,1,123,268,0,268,391
06/01/2023,RYY,GA,ASO,ES,Federal Contract Tower,0,14,38,4,56,0,21,187,3,211,0,35,225,7,267,182,2,184,451
06/02/2023,RYY,GA,ASO,ES,Federal Contract Tower,0,17,42,22,81,0,27,165,5,197,0,44,207,27,278,192,8,200,478
06/03/2023,RYY,GA,ASO,ES,Federal Contract Tower,0,4,19,0,23,0,18,138,0,156,0,22,157,0,179,136,0,136,315
06/04/2023,RYY,GA,ASO,ES,Federal Contract Tower,0,11,36,11,58,0,23,38,3,64,0,34,74,14,122,70,0,70,192
06/05/2023,RYY,GA,ASO,ES,Federal Contract Tower,0,9,39,0,48,0,7,71,0,78,0,16,110,0,126,386,0,386,512
06/06/2023,RYY,GA,ASO,ES,Federal Contract Tower,0,14,35,0,49,0,11,126,4,141,0,25,161,4,190,130,0,130,320
06/07/2023,RYY,GA,ASO,ES,Federal Contract Tower,0,14,34,6,54,0,29,148,3,180,0,43,182,9,234,256,0,256,490
06/08/2023,RYY,GA,ASO,ES,Federal Contract Tower,0,11,24,5,40,0,26,129,6,161,0,37,153,11,201,128,0,128,329
06/09/2023,RYY,GA,ASO,ES,Federal Contract Tower,0,19,54,4,77,0,14,151,4,169,0,33,205,8,246,174,0,174,420
06/10/2023,RYY,GA,ASO,ES,Federal Contract Tower,0,5,31,0,36,0,12,111,0,123,0,17,142,0,159,134,0,134,293
06/11/2023,RYY,GA,ASO,ES,Federal Contract Tower,0,17,37,5,59,0,14,23,3,40,0,31,60,8,99,46,0,46,145
06/12/2023,RYY,GA,ASO,ES,Federal Contract Tower,0,10,45,5,60,0,9,32,2,43,0,19,77,7,103,48,0,48,151
06/13/2023,RYY,GA,ASO,ES,Federal Contract Tower,0,11,31,0,42,0,18,151,0,169,0,29,182,0,211,299,0,299,510
06/14/2023,RYY,GA,ASO,ES,Federal Contract Tower,0,9,37,0,46,0,0,6,0,6,0,9,43,0,52,6,0,6,58
06/15/2023,RYY,GA,ASO,ES,Federal Contract Tower,0,17,32,0,49,0,7,69,0,76,0,24,101,0,125,100,0,100,225
06/16/2023,RYY,GA,ASO,ES,Federal Contract Tower,0,12,38,0,50,0,17,94,0,111,0,29,132,0,161,170,0,170,331
06/17/2023,RYY,GA,ASO,ES,Federal Contract Tower,0,3,17,5,25,0,31,129,1,161,0,34,146,6,186,126,0,126,312
06/18/2023,RYY,GA,ASO,ES,Federal Contract Tower,0,13,29,2,44,0,22,70,8,100,0,35,99,10,144,124,0,124,268
06/19/2023,RYY,GA,ASO,ES,Federal Contract Tower,0,10,41,1,52,0,9,21,0,30,0,19,62,1,82,82,0,82,164
06/20/2023,RYY,GA,ASO,ES,Federal Contract Tower,0,13,41,0,54,0,14,67,1,82,0,27,108,1,136,136,0,136,272
06/21/2023,RYY,GA,ASO,ES,Federal Contract Tower,0,15,39,0,54,0,0,0,0,0,0,15,39,0,54,0,0,0,54
06/22/2023,RYY,GA,ASO,ES,Federal Contract Tower,0,14,28,0,42,0,2,1,0,3,0,16,29,0,45,48,0,48,93
06/23/2023,RYY,GA,ASO,ES,Federal Contract Tower,0,28,47,4,79,0,27,102,6,135,0,55,149,10,214,254,0,254,468
06/24/2023,RYY,GA,ASO,ES,Federal Contract Tower,0,5,25,0,30,0,14,117,0,131,0,19,142,0,161,72,0,72,233
06/25/2023,RYY,GA,ASO,ES,Federal Contract Tower,0,15,23,11,49,0,25,65,6,96,0,40,88,17,145,198,0,198,343
06/26/2023,RYY,GA,ASO,ES,Federal Contract Tower,0,15,44,0,59,0,19,111,0,130,0,34,155,0,189,154,0,154,343
06/27/2023,RYY,GA,ASO,ES,Federal Contract Tower,0,14,32,0,46,0,22,163,0,185,0,36,195,0,231,210,0,210,441
06/28/2023,RYY,GA,ASO,ES,Federal Contract Tower,0,18,34,3,55,0,0,0,0,0,0,18,34,3,55,272,0,272,327
06/29/2023,RYY,GA,ASO,ES,Federal Contract Tower,0,13,43,2,58,0,23,140,2,165,0,36,183,4,223,284,0,284,507
06/30/2023,RYY,GA,ASO,ES,Federal Contract Tower,0,24,28,0,52,0,16,99,0,115,0,40,127,0,167,220,0,220,387
07/01/2023,RYY,GA,ASO,ES,Federal Contract Tower,0,8,25,0,33,0,21,90,1,112,0,29,115,1,145,110,0,110,255
07/02/2023,RYY,GA,ASO,ES,Federal Contract Tower,0,2,22,5,29,0,14,38,1,53,0,16,60,6,82,24,0,24,106
07/03/2023,RYY,GA,ASO,ES,Federal Contract Tower,0,5,14,0,19,0,16,127,0,143,0,21,141,0,162,224,0,224,386
07/04/2023,RYY,GA,ASO,ES,Federal Contract Tower,0,3,2,0,5,0,5,33,0,38,0,8,35,0,43,114,0,114,157
07/05/2023,RYY,GA,ASO,ES,Federal Contract Tower,0,17,36,3,56,0,16,66,0,82,0,33,102,3,138,120,0,120,258
07/06/2023,RYY,GA,ASO,ES,Federal Contract Tower,0,18,49,2,69,0,21,133,0,154,0,39,182,2,223,196,0,196,419
07/07/2023,RYY,GA,ASO,ES,Federal Contract Tower,0,21,37,0,58,0,17,109,0,126,0,38,146,0,184,142,0,142,326
07/08/2023,RYY,GA,ASO,ES,Federal Contract Tower,0,15,25,3,43,0,20,124,3,147,0,35,149,6,190,128,0,128,318
07/09/2023,RYY,GA,ASO,ES,Federal Contract Tower,0,12,18,7,37,0,12,44,8,64,0,24,62,15,101,62,0,62,163
07/10/2023,RYY,GA,ASO,ES,Federal Contract Tower,0,14,48,2,64,0,32,65,0,97,0,46,113,2,161,114,0,114,275
07/11/2023,RYY,GA,ASO,ES,Federal Contract Tower,0,18,59,0,77,0,39,200,0,239,0,57,259,0,316,246,0,246,562
07/12/2023,RYY,GA,ASO,ES,Federal Contract Tower,0,9,26,4,39,0,19,176,3,198,0,28,202,7,237,164,0,164,401
07/13/2023,RYY,GA,ASO,ES,Federal Contract Tower,0,5,32,0,37,0,4,138,2,144,0,9,170,2,181,156,0,156,337
07/14/2023,RYY,GA,ASO,ES,Federal Contract Tower,0,18,55,2,75,0,8,73,0,81,0,26,128,2,156,194,0,194,350
07/15/2023,RYY,GA,ASO,ES,Federal Contract Tower,0,16,34,2,52,0,18,85,3,106,0,34,119,5,158,194,0,194,352
07/16/2023,RYY,GA,ASO,ES,Federal Contract Tower,0,20,35,18,73,0,8,97,4,109,0,28,132,22,182,136,0,136,318
07/17/2023,RYY,GA,ASO,ES,Federal Contract Tower,0,14,34,6,54,0,9,95,0,104,0,23,129,6,158,308,2,310,468
07/18/2023,RYY,GA,ASO,ES,Federal Contract Tower,0,14,33,0,47,0,4,87,0,91,0,18,120,0,138,252,0,252,390
07/19/2023,RYY,GA,ASO,ES,Federal Contract Tower,0,6,33,10,49,0,17,160,2,179,0,23,193,12,228,200,0,200,428
07/20/2023,RYY,GA,ASO,ES,Federal Contract Tower,0,8,36,3,47,0,14,95,1,110,0,22,131,4,157,98,0,98,255
07/21/2023,RYY,GA,ASO,ES,Federal Contract Tower,0,10,30,0,40,0,3,54,0,57,0,13,84,0,97,98,0,98,195
07/22/2023,RYY,GA,ASO,ES,Federal Contract Tower,0,13,28,4,45,0,14,28,0,42,0,27,56,4,87,68,0,68,155
07/23/2023,RYY,GA,ASO,ES,Federal Contract Tower,0,13,21,12,46,0,20,145,2,167,0,33,166,14,213,162,0,162,375
07/24/2023,RYY,GA,ASO,ES,Federal Contract Tower,0,12,30,0,42,0,27,139,0,166,0,39,169,0,208,188,0,188,396
07/25/2023,RYY,GA,ASO,ES,Federal Contract Tower,0,15,29,2,46,0,26,124,1,151,0,41,153,3,197,158,0,158,355
07/26/2023,RYY,GA,ASO,ES,Federal Contract Tower,0,22,26,4,52,0,27,147,4,178,0,49,173,8,230,294,0,294,524
07/27/2023,RYY,GA,ASO,ES,Federal Contract Tower,0,17,38,3,58,0,6,176,1,183,0,23,214,4,241,170,4,174,415
07/28/2023,RYY,GA,ASO,ES,Federal Contract Tower,0,14,26,4,44,0,2,114,2,118,0,16,140,6,162,112,2,114,276
07/29/2023,RYY,GA,ASO,ES,Federal Contract Tower,0,7,23,2,32,0,9,89,1,99,0,16,112,3,131,160,0,160,291
07/30/2023,RYY,GA,ASO,ES,Federal Contract Tower,0,19,11,14,44,0,0,0,0,0,0,19,11,14,44,224,0,224,268
07/31/2023,RYY,GA,ASO,ES,Federal Contract Tower,0,15,30,0,45,0,14,133,0,147,0,29,163,0,192,176,0,176,368
08/01/2023,RYY,GA,ASO,ES,Federal Contract Tower,0,9,22,1,32,0,16,137,1,154,0,25,159,2,186,234,0,234,420
08/02/2023,RYY,GA,ASO,ES,Federal Contract Tower,0,19,44,2,65,0,13,116,2,131,0,32,160,4,196,302,0,302,498
08/03/2023,RYY,GA,ASO,ES,Federal Contract Tower,0,13,44,0,57,0,14,52,0,66,0,27,96,0,123,155,0,155,278
08/04/2023,RYY,GA,ASO,ES,Federal Contract Tower,0,12,30,0,42,0,1,12,2,15,0,13,42,2,57,76,0,76,133
08/05/2023,RYY,GA,ASO,ES,Federal Contract Tower,0,9,28,0,37,0,20,100,2,122,0,29,128,2,159,236,0,236,395
08/06/2023,RYY,GA,ASO,ES,Federal Contract Tower,0,17,33,2,52,0,6,28,9,43,0,23,61,11,95,100,0,100,195
08/07/2023,RYY,GA,ASO,ES,Federal Contract Tower,0,13,44,0,57,0,13,61,20,94,0,26,105,20,151,148,0,148,299
08/08/2023,RYY,GA,ASO,ES,Federal Contract Tower,0,29,47,0,76,0,16,90,0,106,0,45,137,0,182,272,0,272,454
08/09/2023,RYY,GA,ASO,ES,Federal Contract Tower,0,22,42,2,66,0,14,148,2,164,0,36,190,4,230,168,0,168,398
08/10/2023,RYY,GA,ASO,ES,Federal Contract Tower,0,17,37,0,54,0,12,124,2,138,0,29,161,2,192,160,0,160,352
08/11/2023,RYY,GA,ASO,ES,Federal Contract Tower,0,16,28,0,44,0,14,30,0,44,0,30,58,0,88,120,0,120,208
08/12/2023,RYY,GA,ASO,ES,Federal Contract Tower,0,8,39,3,50,0,11,91,2,104,0,19,130,5,154,218,0,218,372
08/13/2023,RYY,GA,ASO,ES,Federal Contract Tower,0,29,35,14,78,0,18,110,6,134,0,47,145,20,212,198,0,198,410
08/14/2023,RYY,GA,ASO,ES,Federal Contract Tower,0,14,30,2,46,0,14,172,1,187,0,28,202,3,233,306,0,306,539
08/15/2023,RYY,GA,ASO,ES,Federal Contract Tower,0,7,42,0,49,0,3,112,2,117,0,10,154,2,166,242,0,242,408
08/16/2023,RYY,GA,ASO,ES,Federal Contract Tower,0,24,42,1,67,0,26,185,3,214,0,50,227,4,281,234,0,234,515
08/17/2023,RYY,GA,ASO,ES,Federal Contract Tower,0,21,42,7,70,0,19,217,10,246,0,40,259,17,316,220,2,222,538
08/18/2023,RYY,GA,ASO,ES,Federal Contract Tower,0,13,37,2,52,0,32,163,1,196,0,45,200,3,248,168,0,168,416
08/19/2023,RYY,GA,ASO,ES,Federal Contract Tower,0,0,21,0,21,0,27,120,0,147,0,27,141,0,168,118,0,118,286
08/20/2023,RYY,GA,ASO,ES,Federal Contract Tower,0,9,43,15,67,0,19,99,8,126,0,28,142,23,193,196,0,196,389
08/21/2023,RYY,GA,ASO,ES,Federal Contract Tower,0,7,38,0,45,0,35,127,0,162,0,42,165,0,207,209,0,209,416
08/22/2023,RYY,GA,ASO,ES,Federal Contract Tower,0,13,32,1,46,0,14,136,0,150,0,27,168,1,196,276,0,276,472
08/23/2023,RYY,GA,ASO,ES,Federal Contract Tower,0,9,32,1,42,0,27,150,1,178,0,36,182,2,220,260,0,260,480
08/24/2023,RYY,GA,ASO,ES,Federal Contract Tower,0,8,40,3,51,0,19,186,2,207,0,27,226,5,258,362,0,362,620
08/25/2023,RYY,GA,ASO,ES,Federal Contract Tower,0,10,36,0,46,0,28,161,4,193,0,38,197,4,239,294,0,294,533
08/26/2023,RYY,GA,ASO,ES,Federal Contract Tower,0,9,17,3,29,0,17,122,2,141,0,26,139,5,170,158,0,158,328
08/27/2023,RYY,GA,ASO,ES,Federal Contract Tower,0,4,25,10,39,0,12,68,5,85,0,16,93,15,124,174,0,174,298
08/28/2023,RYY,GA,ASO,ES,Federal Contract Tower,0,7,15,3,25,0,2,37,0,39,0,9,52,3,64,96,0,96,160
08/29/2023,RYY,GA,ASO,ES,Federal Contract Tower,0,14,46,0,60,0,10,14,0,24,0,24,60,0,84,18,0,18,102
08/30/2023,RYY,GA,ASO,ES,Federal Contract Tower,0,6,23,0,29,0,1,2,0,3,0,7,25,0,32,2,0,2,34
08/31/2023,RYY,GA,ASO,ES,Federal Contract Tower,0,11,54,2,67,0,14,177,3,194,0,25,231,5,261,276,0,276,537
